gap_id	start	end	length	sequence
NZ_CP130612.1_gap1	2068	5747	3679	AGGAGAGCCGCCCGATCCTCAACGGCGTGCTGTGGGAGCTGCGCACCGACGCGATGCGCATGGTCGCGACGAACGGACATCGCCTGGCCAAGATGGAGGTGCCGGTGAAGGCCGGGCAGAAGGCGGATCTCATCATCCCGCCGAAGGCCCTCGAGCAGATCCGCCGCCTGTTTCCCGCGGAGGAGGAACTTGAGGTCGCACAGGGCGAGAACCACCTCGGCTTCCGCTCTCCCTTCACGTCGGTCTACACGCGGCTCATCGAAGGTCCGTATCCGGGATACGAGCAGGTCATCCCGAAGGACAACGACAAGTACGCCATCGTCGATCGCGCGGCGCTCGTGAGCGCCCTGCGCCGCATGAGCGTGGTCGCCTCGGACCAGACACACCGCATTCGGCTGTCGTTCAACGCCGGCATGCTCAAGTTCTCCGTGAGCACGCCGGACCTGGGAGAAGCGCAGGACGAGCTGCCGATCCGCTACGAGGGCGATCCGCTCGACATCGGGTTCAACGCGGCGTACCTCCTCGAGATCCTGCGCTACCTGCCGACGGACGAAGTGCGCATGACGTTCCGCGCACCGGAGCGTGCGAGCACGATCGAGCCCGAGGGCTGGACCGATGCGGCCAAGTACCTCTGTCTCCTGATGCCGTTGCGCCTGGTCGACTGAGTTCGCAGTCCCGCGCCGTGCGGACTACGGCATACGGATGATGAGGGCGCCGTGCTGCACGAGATCCTGCGTGCGCCGGCGCCCTTGCAGTTGGAGCCGGAGTTCCGACGACCCGCTGCCGGAGAGAATCGCCGCACCGTCCAACGACACCTCGAGCGCTGCGGTCGCGCGGCCCGTGCCTGTCACGACGATCGAATCGCCGAACTGCTGGCCCCGACCCGCGAGGGACGACGTCGTCTCACGACGCACGCGCAGTACGAGGATGCCATCGCGTACCACCGCGTCCTCGACCGTGAACACGCGGAGGCTCTGCACCTGGAGCACGATGCCGTCACGGCAGAGCGGATAGGAGGCCGAGTCGCGCCAGGTGCTGCCGCGCGCGAGCGACGACGGGGGTGAGAGCCAGGTCTCGCGCAACGCCTGCACGACTGCTGCGCGCGCATCGCAGGCACCGTCGGCCGGCGTGATGAACGCCGGTTGCGCGTCGGCGCTCCGCACTTCCGCGGCGAACGTCACCGGCATGGAGAGTCCCGCGAGCGGCTGCCACGCGGAGTCGCTGCCGACGATCGTGCTGAACGCGCGGACCATGCCGACGGCGCGACGCGGGGTCGCGTTCGGCACGAGCGACCATTCGAGTACGGCCTGACTCGCCAGGGTGTCCTCGCGCTGCGCGGAGTCCACGCGCGAGCGCAACACGGCGCTCAGGGTGACCACCTGGGTCCGCGGACGCCCGATGTTGCGGAGCGACCACGGGCCCGCGAGCGAGTCCGGTGCGGCAGCGGGCGTCGTTCGTGCGGCTGGCGCGCGCCCACGCCCCGGGCTTGCGGGTCCGCACGCAACGATCACGAGGGCAAGGACAGGCAGGAGCCGGCGGTGCATGGCCGAAGCATACATCGCGACGCACGACGGGGGCGAGCGCTGGTGCGCCCGCCCCCGCCGCGGCACTCGAAGGTTCCGTCTGTAAGCCGGGTTCTGTCGATGCGTTGCCGCACCGGACGATCATTCCTCTCGGCGCCCGCTCGCGCGTGCGCTCTAGCGGCCAACCCGCGGCGTCTTGTTCGCAGAGGACTGCTGCTCGCCGCCTATTTGACCTTGCTCCCGCTGGGGTTTGCCGTGCCGCCGACGTTACCGCCGACGCGGTGGGCTCTTACCCCACCCTTTCACCCTTACCTCCGGTTTCCCGAAGGCGGTTTGCTTTCTGTTGCACTGTCCGTCACGCAGTGCGCTCGCGCGCGTGCGTGCCCAGGCGTTACCTGGCAGCGTGTCCAAGGAGCCCGGACTTTCCTCGGCGCAGCCGAAGCCACGACGCGATCGTCCGACGGAACCTCTCCCGCAATCTAGCGCGGAAACGATGACAGCGCCGCGGCGCCTGTCGCGCAGGCGGTGACGAGACGATGACCTCGCGCGCGCATCGTCGCGGCGCAGGTCCGCCGATCCACTTCATGTCCCGTCCCCGCCGGAGGATCCATGAGCGCCCCGCTGCCTACGCTGAAGGCCCCTGTCGTCACGGTCCTTGATCCCGACGAACGTGCGCGCGTCGATGCCGCCGGCGAAGGGCTCTATCGCGCGATTCACCGTGAGACCGTCGCCGACGCGCTCGAGGACCTCAAGCGCGGCCGCGTCGGCGCGGTGCTGCTTGGCGTCGTGCGCTGTGGCCGGCAGCTGGATCGGCGCGTCGCGACCGTGGTGCGCGAGTTCCCGAGCGTGCCGACGGTGGCGCTGCTGGGCGCTGAGCCGCCAAGCGCCGAGACGTTGCTGCGCATCGGCAACGCCGGCATCACGCGCCTCGTCGACGTGCGCATTCCGGCGGGCTGGAGCCAGCTCCGGCGGATCCTCGCGGCCGAGGCCATGCGCGCGACGGACCGGCAGGCCCTCGCCTGCATCCGCGAGGAACTGGCGCCGGTGCCCGACGAGACGTGGCAGTTCTTCGAGGCGCTCTTCGCCGCGAGCGAGCGCAACGACACCGTGCAGACGCTGGCGCTGCGGCTGCAGGTGCTGCCGAGCACGCTCATGAGCCGCTTCTTCCGCGCCAAGCTGCCGGCCCCCAAGCGCTATCTCGCCTATGCGCGCCTGCTCCGTGCCGCGCGCCTGTTCGAGGACCAGGGCCACTCCGTCTCCGATGTGGCGAACGCCCTCGACTTCTCGTCGCCGCAGAGCTTCGGGCGCCACGTGCAGACGTTTCTCGGGCGCTCGGCAGGGGAGTTCCGGCGGGAGTTCACGTCGGCCGTGATGCTCGACCGCTTCGTCACGGAACTCGTGCGCCCGCACCGCGACGCGTTGCGGAAGCTGCGTCCCCTCGCGCTCCGGCCCGGCATGCGCGCGCTTCCGCCGACGGTTGCGGATCGCCGTCCCGCCGTGCATCGCCGCGCCAGCTAGGCGGCGGGCGGCACCTACATCCGCGCGACGATCTCCGCGGCGGTGACGAGCGCGGCGACCTCGAGGCCGGCCTGCTCGAGCGCCTCGCGTCCGCCCTCCCCGCGATCGACGACGGCCAGCACGCCCAGCACCTCGCCGCCGGCTGCCCGCACGCTCTCGACGGCGCGGAGGGCCGAGCCGCCGGTGGTGATGACGTCCTCGACGACCACCACGCGGTCGCCAGCTTCGAACGCGCCCTCGATCACCTTGCCGGTGCCATGCGATTTCGCTTCCTTCCGCACGGTGAACGCGCGGATGGGCATGTCGGCGAGCTGGCTGGCGTACGCGATGGCGTAGCTCACGGGATCGGCGCCCAGCGTCAGGCCGCCGATCGCCTGCGGCGCCCAGCCGCGCTCGCCGATGGCGTGCAAGCCCAGCGGGCCGATCGTCGCAAGCCCTTCGGGATGCATCGTTGTCGGGCGGCAGTCGATGTAGAGGTCCGACTGGCGACCCGAGGCCAACGTGAATGAGCCGCGGCGCGCGCTGCGCGTGGCGAGCAGGTCGAGGAGACGGGAGCGAGGATCCATGCGCGGAGGCTACCTGCGGAGGGCGGTCCGGTCAATGTGCCGATGCTGAGCTGGGTGTTGGGGGCCGGTGCA
NZ_CP130612.1_gap2	23741	28021	4280	CGGCTGCTCGACGTACGTGATGAAGCAGGGCAGCTGCTCCGGATGGCGCGTGCGGCCGCTCGCGCGACGCGGCGTGTCCCAGAAGGCCGACCAGGAGAAGTCGAAGCGCTCGATCTCGCTGTCCTGCCGTTCGAGCCGCCCGAGGTCCACGCTGCGGCCGTCAATGCGCGGTGGCGTTCCCGTCTTGAAGCGACCGGTCTCGAGACCCAGCTCCCCGAACTGTTCGGCGAGCGTCACCGTCGCCGCCTCGCCGGCGCGGCCACCGCTCACGCTCGTGCCGGTGCCGATGTGAATGCGTCCGCGCAGGAACGTGCCGGTGGTGATCACGACGGCACGCGCACGGATCTCCCGTCCATCGGTCGTCAACACGCCCGTGAGACGACCGTTGCTGCCGAACAACAGGCGCTCCGCCGTGCCCTGGACCGTCGTCAGCAGCGGCTGACGCTCGAGCAGGCTGCGCACCGCCCGACGATACAGTCCACGATCGGCCTGCGCGCGCGGCGCCCACACCGCCGGCCCCTTGCCGCGGTTCAGCATGCGGAACTGCAGCGTTGCGAGATCCGTCGCGCGGCCCATCACGCCACCCAGCGCGTCGATCTCGCGGATGACCGTGCCCTTGGCGATGCCCCCCATGGCGGGATTGCACGAAAGCTGGCCGATGGTCTCGAGCGACGTCGTCAGCAGCGCGGTGCGCGCACCACGCCGTGCGGCGGCCACGGCGGCTTCGGTACCGGCGTGGCCGCCGCCAATCACGCAAACGTCTACGTCGTGCGCAGGTCGGGCCATTCCCCTAATCTACAGGAGCCGCCAGACCCATCACCACGCACCGCCGATGCCGATTCCCCTCTCCGCCAACGCGTCCACCCTCCTCTTCCAGAAGGCCGCCTTCGAGCGCGCCGGCCTGACGCGCGCCACCATCGATGCGTGGCTGACGCTGACGCCCGAGGAGTTTCGCGTGGAGGGCGAACTCATCGCCGTCGGGCCGGTGTTCGATGCCGAAGCGCTCCAGGCCCTCGTCTCCGCATTGGAAGACAAGGGTCTGGTGTACTACGACGACTTCTTTGAGATGAGCGGCAGCTGGCCCGATTGGGTCAGCTTGCACGCCATGGCCGCGCGGCGCTGACCATCAGTTGAGATGGCGCCGGAACCAGCGCAGCGTCTCCGGCCACGCTCGACGCGCCGCCTCGAGATTGGCCGGCCGCTGGTCTTGCGCCCGCAGGAAGCCGTGGCCGGCGCCGGCGTAGATGTGCTGCTCGAAGGTCCCGCCGATTGCCTTGATCGTTGAGTCCGCGCGGCCGATCGTCGCATTCACGCGCTGATCGTCTTCGCCGTAGAGGCCGAGCACCGGGATGCGGACCTTTGCGATGTCCTCGGCGGACGGCGACGAGCCGTAGTACACCACCGCGGCCTTGAGGCCCGGCGCGTTGAAGACGGCGTGATTGAACGACGCCGAACCGCCCCAGCAGTAGCCCACCACGCCGTACACCTTCTTCGCGGCCGGCAGGTTCATGCCATACTGCCCGACGGCCGCGACCATCGCGTTCATCTTGTCGGGCGTGACGCGCTGGATCATCGCGCGCGCGTCAGCGGCGGCCATGGAGTCCGTGGTGGCGCCTCCGCGCTCGATCGACAGCAGGTCCGGCGCGATGGCGATGAAACCATCGGCGGCGAGCTGATCCGCCACGCCGCGCACCCAGCTCGAAAGTCCGAAGATCTCGTGGATGACCACGACGACCGGCGCGTTGTCACGGCGCTCGGGATACACGACCCATGCCGCAATCGAGTCGCGCGAGCCGGGAGCGGCAGGAATCATCGCCCACTCGGCGTGCCGAGGGCTGTTCTGCAGGCGTGCGGCGACGTCGGCCGCACCGGCGGGAATCGCGGTGCCCTGCGATTCGGCAGATACCGACTCCACGGAACAGGCGCCCACCGTGAGCGCGAGGGGCAGCAGGGCTAAGGCTACGAAGCGCATCGTGTACTCCAGGGAAGATCGCGAAACGGAATGCGGGAGATGGCCGCAGCCACCTCCCGCATGAACGTACAGTGTGCCCGGACCGTTCGCCTACGCGGGACGCGGCGCCAGTTCGGGGAAGGCCACCGCGCCCAGGCGCTCCGCCAACAGCTGCCGCGCCCGCGCGACGATCTCGTCCGTGGACGGCGAGTCGGCATACGCCTGCAGCAGGCGCTCGCGCAGCTCGGCGGCCGAGGGCAGCTGCGGCAAGTGCGGCAGGTGCGCCTGCAGCTCGTGCCACGCGTCCTCGCTGCGCGCCTGGCCCGCGGCGAGCCGCGCCCGAAGCTCGATGACCTTCGGGTGCGCATCGAACTGCTCGCGCGCGTGCTGCAGGGCATGGGCCGCGTCGGCACGCGTCGTCGCGAACTGCTCCGCGAGCTGGCGCGCCACGCGCTCCAGCACGGCCGTGCCCACCCGGCGCTCGTTCCGCACGACTTCACGCGGCGGTTCGCCGAGCTCCCACACGAGGCCGACCCACGACATGGCCTTGAGGGCGTAGTACGTCGGATCGACCTCGTACCAGCGGAACCCCTGGCGCGTCGAGCGCTGGTACGCGTGATGGTTGTTGTGCCAACCCTCGCCCAGCGTGATGACGGCCAGCCACCAATTGTTGCGCGAGGTGTCGCCGGTGACGTAGCGCTGCGAGCCATGCACGTGCGCCAACGAGTTGATGAAGAAGGTGCCGTGGTAGAGCAGTACCGTGCTGCCGAAGAAGCCGATCAACAAGCCCGACCAGCCGTCGAGCAGGAAGCAGCCGACGGCGAGCAGGATCGCCGGCAGCAACTGGTGCCGGTCGAGGAAGCGGAGCTCCGGATACTTCGCCAGGTCCGGAACCTCGTCGAGGCGCGTGGAGCCATGCTTCTGGTCGAAGATCCAGAGCACGTGCGAGTACAGGAAGCCGCGGTGTAGCGGCGAATGCACGTCGTCTTCCTGGTCCGAATGCCGGTGATGGTGCCGGTGCAGGGCCGCCCACCAGAGTACCGACTTCTGCGCCGAGCTCATGGCGAGCATCGTCAGCAGGAACTGCCCGACGCGCGACGTCTTGAACGACCGGTGCGAGAAGTAGCGGTGATAGCCGGCCGTGACCCCGAACATGCGGACCACATACAGCAGAAGGGCCAAGACGATCGAGGTGGTCGTCACGCCGGTCCAGAACGCCGCGATCGGCGCCAGATGGACCACGATGAAGGCCACCGTGTTGGGATAGATGATGTCGTCGTGGAATTCGGCGGTCTGACTCAAGTCGTGCTCAGGCAGGGGTATGCGTGAAAGCTAATCGTCACGCAAAACGGGCCATCCAATCGGCCACGTGCGCTTCCATATAGTAGTGCGGGGCGATCGGCGATCCGGCGATCCAGCCGACATGTCCGCCGGTCGGCGTGAAATCGACGTGCAGCGCCCGGTTCGTCCGCGCGTGCTGGCGGACTTCGTCAAGGACAGCTGACGGCAGGAATGGATCGTCGACGGCCGAAAAGAGAAGGGCCGGCGTGACGATGCGCGGCAGGAAGCCGAGCGAGCTGGAGCGCTGGTAATAGTCGTCCGCCCCGAGGAATCCGTGGACGGGTGCGGTAAAGACGTCGTCAAACTCCCAGAAACTCCGCGCGCGCAGGAGCCGGGCCCGATCCACGGGCAGCGTCGGATGCACGTCGAGGGCGGCGAGCGCCTTGCGGCGCAGGCTCTGCACGAAGTGCCGCACATACACCCTGGAAAAGCCGCGTTCGAGGTGGCGGGCGCCCTCGGCGAGGTCAAACGGCGTCGAGACGGCCGCGGCCGCGCGGAGCGTCGGCGGCGCGGTGTGTTCGCCGAGCCACTTGAGCAGCACGTTCGCGCCGAGGGACACGCCGACGGAGAGGAGGGGGGACTCGGGGTGCCGGTTCGCGAGGGCGTGAAGGAAGAACTGCGCATCCGAGGTTTCGCCGGAGTGATACATGCGCGGCGCGCGCGGGATGCGGCCGTCGCAGCTCCGCCAGATGAGCATCGCGGCCCCCCAGCCTCGCCGCCGCGCTTGGTGCAGGAGGCCTTGGGCATAGGTGGAGCGGATGGTGCCCTCGAGGCCGTGGAAGATCGTGAGGATCGGCGCGGCGGCTGTCGGCGGATCGATGAGGGCCACGGAGACCTCGTCGCCGTCAGGCACGGCCCAGCGTTCGATGCGGTCGTGCGCGGGCGGCACGCGGCGCACCAGTTTGCCGAATACCGTGGGCAGATGGGGACCCGGCAGCCACCAGGCCGGACGAAACGTTTGGTCGGACACAGCGTACCCGGTAGATTT
NZ_CP130612.1_gap3	29617	34064	4447	TCGCCTGGAGCTCGCCGGGCTGCTGCGGCCTGATTCACGCGCCACCAACACGCGGGCCCTCCTCGAGTTTCTCACCGGCGGCGTGCGATTCGCGTATCCCGCCCAGCGCGGACCGCTGCGCGAGGGGGTGCCCACCGCCTACTCGGCCGCGCCCCTGAACGCGACGGTCGACGCCATCGATGTGGTTGTCTGGCCGGCCCCCGGCCATCCGCAAGCCGTTCGCGGCTTCAGCGTGACGCCGTTATTTCGGCGTGCGCCCCTGCTCATCGACCGCTCGCCCGACACGTATCGGGCGCTGACGATCGTCGATGCCCTGCGCCTTGGTGATCCCCGAGTGCGTCCGCACGCGCGGGCGGCGCTCGAAGCGCTGTTCGGGAGCTAGGTCTCGCCGGCGCCGACGTCGGCAGCGTGGTGCGCGAACGAAGTGCTGCGATCTCCTCGTGGCGAAAGCACGTGTCCAGGTGATCGTTCACCAGTCCCATGGCCTGGAAGAACGCGTAGGCGGTAGTGGGCCCAACGAAGCGCCAGCCGCGACGGCGGAGCTCCTTGGCCATTGCGGTCGATTCATGAGTCACGCTCGGGACGTCCTCGCGCCGCCGCCGCACAGCCTGGCGCTCCGGAGCGAACCCCCACACGAAGCGCGCGAGCGACCCCTCCCGCTCGACAAGTTCAGCGTACGTCCGGGCGTTGTTGATGACGGCCTCGATCTTACCGCGGTGCCGCACGATGCCGGCATCGCCCAGGAGCCTGGTCACATCACGAGTGCCGAACCGCGCCACCACCATCGGGTCAAAGTCAGCAAACGCGGCTCGAAACGCCGCGCGTTTCCGGAGGATCGTGATCCAACTGAGGCCAGATTGAAAACCCTCAAGGGAGAGTTTTTCAAAGAGACGCCGATCGTCGCTGACAGGAACCGCCCACTCGGTGTCGTGATAGCGCACGTACTCAGCGTCATCACCACACCACCAACAGCGCACTAACGAGCCCTTAGGCATACGCAGAATACATAATCAGGCGTAGCCACGCAGCGCGAAGAACTTCGACACTTCTTCCGCGTCCTCGACCACCTCCAACCAGCCCGGGCGCAGCGCCAAACGGACTACCAGCGACCCCGACTCCGACACCACGGCGATCGCATCCGTGAAATCACACTTCGCCACAGCATCATCCGGCAACTCGATGCCAGGAATGCCGCTGAACTGGATCGTATGGTCGGGCCCCAGGTCCGGTCGCCGCTCAAGCCAGGTGACACCACGGAACACCACGACGTCATTGCCGTTCGAGGTGAACGCCGAGTCGCGCGCGGGAAGCGCTTCGGAATCCGGCAGGAAATCCGCAACGACGCACGAGACCTCGAAGCCCGTTTCGATCTCCGCGCGATCCACGTGTGCGCGCACCGTCCCGCCGCTGCGCAACCGCACGCGGAACTCGCCCTCCGCCAATTCCCACGCGGCCCAGCCATGCCGCAGGCGGCGGAACGCTTCGAGGGAATCGGTGTCCGCAATGAACGAATAGCTTCGGAGCGCTTCAGCCATACGACAAATGTAGAGACGAACCCCGTCCGCTCAGAACACCAGCAGCAACACGCCGACGACGACGCAGATGGCAACCGCATCCAATGCCAACCCTGCTCGCGCCATCTGGCGTACGCTCAGTACGCCGCTGCCGAACACAATGGCATTCGGCGGAGTCGCCATCGGCAACGCGTAGCCCACGGACGCCGCCAGCCCGATGGTCAGCATAAAGAGGAGCGGCGGCTGCCCAAGCGCGGCCGCGAGCGAAACGGCAATCGGCATTCCCATCGACGCCGTCGCGGCATTGGACGCCAGCTCCGACACGATCACGGTGACGACGGCGATGCCAGTTAGCACCAACGGCAGTGGCAGACCCTCGAGTCCGCCCATCCACTGACCGATGCGAGTCGCCAAGCCGCTGGACTCCATGGCTGCGGCGAGCGAGAGCCCGCCGCCGAACAACAGCAGCACATCCCAGGGCAAGGCACGCGCCTCTCGCCATGTCAGCAACGGTCGCGGCGCACTCCGGGCGCTTGACTGACCGGTCAGCAAGAACAGCGAGATGCCGCCAATGATCGCCACGCCGGCGTCCGTCAGCCCAGGCACGAGATCCGTGAGCCCGAACACCGTCACCGGGCTGATCACCTTCGGTTCGCGGAAAAACCAGGCCAGCGCCATCCCGAGGAACACCCAAAGCACCCGCCGCTCGCCGCTCGAGATCGGACCGAGCGCGGCCTGTTGCTCCCGGAGCGCGCGCACGCCTTCGGCATCCAGCACCACTCGCTCCCGGTGGAACACGTGCACCAGCAGCACCCAGCAGACGGGCAGCAGGATCGCCGCGATGGGCAATCCAAACTTAAGGAACGCGAAGAAATCGAGATTCACGCCGATGAGCTCACGTGCCGCGCCGGCGAGAATCAGGTTCGGCGGAGTACCGATCAATGTCGCCATGCCCCCGATGCTCGCCGCAAACGCGACGCCGAGGAGGAGGGCGACCTGCTGGCTGCGTGCCGCGGCATCGTCGCCGAACCGCGCGCCGATCGCCAGCGCGATCGGGTACATCATCGCGGCTGTCGCAGTGTTCGAGATCCACATCGAGATGAAGGCGGTGGCCAGCATGATGCCGAGCACCAACCGCCGCGAGTCGGTACCCACCCGGAGAATCACGCCAAACGCCATGCGCTCGTGTGCACGCCAATGCTGCAGCGCCTCCGCCAGCAGGAAACCGCCGAGATACAGGAACACGACCTCATTCGCGAACGGCGCGGTCGCCTCGCGCGCCGAGGTCGCACCCAGCGCGGGAAACAAGGCGATCGGGAGCAGTGCCGTGACCGCCAACGGGAGGCACTCGCTGATCCACCAGATGGCCATCCAGGTACCGACCCCGAGCACGGTGGCCTGCGCGGCGTCCAACCCACCGGGTGCCAGGAGTCGCAGTGCGACAAAGGCCAACGGGCCGGCAACCAGCGGCAATCGACGCGGCAGCGTCGCGGGAGTAGACGAAGTGGGGTCCACGGCGGCAAGTTGACCCGCTCGTGGGGTAAAGACAAGCACAGCCGCCCTTCAGTCCCGACTCGGTGTTCCTCGCTCTCGCGCTCGCCCTCACCCTGCAAGACACGCTGGCTGCAGCGCGCAGCGACACGGCGACCTATCGCACCGAAGCCCTGCGCGCCCTCGTGGCCGAAGCCGCCGAGGTGAACCGACGCGTGCCGGCGGCGCTCGGCGGATATCGCGCCCAGCTCGAATCCGAGATCTCGATCGGCAACCGACGCTCCGAGCGCATGGAGATGTCCGTCCAGCTCGAGCAGATCGCGAGCACGCTGGAGTGGGACCGCACCGGGCGCTACCGCCAGACGGTCATCGGTTACCGCTCGCAGCAACTCGGCACGAGCATCGCCACGCTCGGCTTGTTTCGCTCGGGCTGGGCGGTGCCATCCCTGTACGGCAACCGACTCGCGCTGCTCTTCGGGCGTGACACCGTCGACGCCATGCGGCGCCGACGTCCGACGGACCCGCAGTACGCGGTGCATCCCCTCGCCGACGACCGGGAGTACTACTATCGATTCTCGGGCGGCGACACCGTCTTCACGATGCAGGTGGATGGGCGCGAGATTCCGATCGTGCGCGTCGACGTGCACCTGCGCGACGACGTGCCAGCCCGCAGCGTCGTCTTCGTCGGCGAACTCGACCTCGATGCGACGCGCAAGCAACTCGTGCGGATGCGCGGCTACTTCGCGGTCGTCGGCGGGCCCAAGCCGCGCTTCGACATCCTCCGCGAAGCGCGCCTGCAGGGCATCGCCTTCATCGAGGCGGTGAACGCCGAAGTCGACGGGCAGTTCTGGTTGCCAGGCTACCAGCGCTTCGAGGCGCACGCCACCTCGAACACCGTCGGCGAGAGCCGCGCCATCTTCCGGATCATCACGCGCTATCGTGACCGTGAACTCTATCCGCCGCCACCTGACGTCGCGGTCGGCACGCCCGGGGATACGCTGCGCGTACAGCCGTTTCGGCTCGCGGTCGAGTCCATGGACTCGCTCTCGCGGTATCGTGGCTGGACCAGCGAACTCGGCGCCGCCAACGTCGATGTCTCTGCCGAGGACTTCAACGACGTGGCGCCGGACCAGTGGAACCCACGCGGACGGCCGCGATTCTCCCTCGAGACGGAACGGTTCCTGGACGTCATCCGCACGGACCGCGTGCAGGGTGTGTTCCTCGGCATCGGCGGCGTCTATCGCTTCCGCGACGCTGCGCCTGGCTGGGCGTTGCGCAGCGCTGCCGGATACTCCTTTAATGAAGGGACCGTTCGCGGGCGGGCCATCGTCGAGCACCGGCGCGGTCGCAATCTCTCACAGCTGCGGGCCTCGCGTTCGCTGGACCTCACGAACGACTTCCGGAACCCCTACGACTCGGGCACGACCACCGGCGCGCTCTTC
NZ_CP130612.1_gap4	35098	36432	1334	CTCACGTTCGAGGATTCGTCGCGCGTATTGCTGTACGCGGTCGCCGACGATTCCACGGGCCGTCTGGACCGCGTGGAGTACATCCGGCGCATCCCGACACGCGGTCAGCGCGGCCTCATCTGGGACGGCGAGCGGGACCGCACGACCTCGACCTGGTGGAGCGAAACGCGCTGGGGCCTGTCACGGCGCGTCGAGCGCGGCGACATCCCGCGGGGCGGCCCGCTGCCTCGCGCGCTGCGCGCGCTGGGCCGCCAACTCATGATGTCGCCGTGTGCGGAGCCGGCCGACAGCGCCGAGACCGGGTCGCCGACTACGGCGCCGTGAACTCGCCGATGAAGCCGATCTCGGGCTCCAGCGACTGACCGAAGCGTTCGCGCACCGCAGCCTGCGCGTGCGCGATCACGGCCCGCACGTCGGCCGCCGTCGCACGACCGACGTTCACGACGATGTTGGCGTGCATGAACGAGATCTGGGCATCGCCGATCCGGAAGCCCTTGAGGCCGCACTGATCGATCAGGCGCCCTGCGCCCACGCCTTCGATCTTCTTAAAGATCGATCCGGCGCTCGGATGTACCTCGAGCCACGGATGCCTCGCGCCGCGCCACGCCAGGTTCTCCTGCAGGATGCGCTGCAGGGTATCCTGCTCCCCCGGCGTAAGCTGGAAATCCACGCGCAGCGCGATCTCGCCGCTTCCGTGCAGGCGGCTGGTGTCGTAGCCGAACGCCATCTCGTCGGCGGAGACGACGGTGCGTGCACCGGAGGGTAGCAGCAGCTCCACGTTCGCCACGACCTCGGCGATGAACATCGTGCGCTCGCGCTCGGGTGCGGGTGAGAGGAAGTGCAGGTTCTGCCACACCGCCCCGCCCACCGTACTCGGGATCCCCACGTAGTGCTCGAGGCCCGACCACCCGGCGGCCACAGTCTGCCGAATCAGCTCCGCGACCGTCGCGCCGCTCTCGGCTTGGACGCGCCCGTCGCTGCCGAAGCGGATGGCGTTCGCACGGTTGCGGACGACCAATCCCCGGAAGCCGGCATCGCCGACCAGGATGTTCGCTCCCAGGCCCAGCACGAACACGGGAACGCCAGCCTCGCGTGCCGCCACGATGGCGCTGGCGAGTTCGTCGGCCGTCATGGCATCGTACAGCACGTCCGCGGGACCACCGATGCGGAACGTGGTGTACGGAGCAAGAGGTTCGCGGAGTCGGAGTCGCTCGGCGCCAAGAGCGGGTGCGAGCATGGCCGCGAGCGTTTCCGGCGTCTGGGCCGGCGTAACTGACGAGGACGAATGCATACGATGCGGGAAATCAACCTGCGGCCGCTGCGGCTCGCAATCG
NZ_CP130612.1_gap5	38306	40511	2205	GACATTCCTACGGGCTCTCCCCGCGCGGCACGGCGGAATCGGTGGGCCGCATCAGCCGCGAGCAGCTGCAGCGCTTTCACCGCGAACAGCTCCAGCAGTCACGCATGCTGCTCGTCGTCGTGGGCAACGTGCCCCGCGAGAAGCTGCGGCAGATGGTCGCATCGTCGCTCGGGACGCTGCCGCGCGGCGAGTACCGGTGGACGACGCCGGCGGCCGGACAGCAGCGACCGGGATCCAGCGTGCATATCGAACCGCGCCGATTGCCAACCAACTACATCCTTGGGTGGTGGGAGGGCCCGCCGGCCGGTCATCCGGACGTGCCGGCGCTGCGCGTCGCCTCGGCCATCCTCTCGGGCCGTCTCTTCGCCGAAGTGCGGTCGCGCCGCAACCTCACGTATGCCGTCGAGGCGCGCTATCGGGATGAAGCCCTCACGTCGGGCGGCCTCTACGTGACGACCACGCGTCCGGACACGACGCTCGGCATCATGCGCGTCGAGATCCGCAACCTGCAGACCTTCGCGATCCCGACGGAGAACCTGCGGCCGCTCATCCAGCAGTTCCTCACCGAGTACTTCCTCGACAACGAGTCGTCGGGTGAGCAGGCAGACTTCCTCGCGCGCGCCGAGCTGTATCGCGGCGACTTCCGGGCGGCCGAGCGGTTCGTCGCGGACCTACGCGCCGTCACCGGCGAGGACGTGCAGCGCGTCGCCCGCACCTACATGCGCAGCATGCGGTTCGCGTACATCGGCAACCCGACGCAGGTGAATCGCTTCCGCCTCATGGGATTCTGAGGCGGAAGCGGCAGGCACGCGCGGCGCGCGCTCTACAGGCGTTCAGCGCGCGCGCTGCGTGAAGACATCGCGGACACCGTCGAGCGAACCGCCGACCGCACGGAGCGCCACGAGGGCGTGATAGATCAGGTCCGCGGCCTCTTCCGTGGCCCGCGCGACGTCGTTGTCCGCACAGGCGGTCACCAACTCACTGGCTTCTTCGCCGATCTTCTTCAGGCGGAGATTGCGATCTGCCAGCAGCTTCTGCGTGTAGCCCTTGCCGGCAGCCGCGGGTTCCGCGGCGCGCGCCGCGATCGTGGCGTCGAGCGCCGCGAGCGCGTCGCCGCGCGCCGTCTCGCCGAAACAGGTGCGCGTGCCGGTGTGGCACGCGGGTCCGGTGGGCTCGACGCGCGCAAGCACCGCATCGCCGTCGCAGTCGGCGACCAACTCACGCACGTGCAGCACGTTGCCGCTCGTCGCGCCCTTGTGCCACGGTCCGCGCGTCCGGCTGAAGAGATGCAGTTCGCCGCTCGCGAGTGTGCGTTCCAGCGCCTCGCGGTCGGCCCACGCGACCATGAGCACGGCGCCGGAGCGCAGGTCCTGGGCAATCACGTTCACCAAGCCGTTGCCCTTCGTGAAGTCGAGGCGATCCAGGTCAATCATCGAAATAGTCCCGCACGGTGGCCGCGAGGGCCTTGTTGGTGGCAATGGCGGAACCCGCAAAGGCGCTCGGCGTGCCATCGAGGGCGGTGAACACGCCGCCAGCTTCTTCAATGATTGGCTGGAAGCACGCGGCGTCCCAGGGATTCACGATGGGATCGACCATCGCCTCGGCGCGGCCGGTGGCCACCAGCAGGTACCCGTAACAGTCACCCCATGTGCGGGCGATGGCCGCCTCACCGATGAGCGTCCGCCACCCATCGAGCAGGGCGGTGCTGCGGAACGTACGCTCGTCCGTGATGAGTACGGTCGCGCCGGCGAGCGTCGCGCAATCGCTGACCCCGGTCCGCTGACCGTTCCACCAGCAGCCTTCTCCCGGCGCGGCCGCGATGGTCTCGTCCACGGCCGGAAAGCACGCCGCACCGGCCAACACGCGGTCGCCCTCCACCACCGCGACCAGCGATCCCCAGAGCGGCACGCCGCGCACGAAGCTCTTGGTGCCATCGATCGGATCGATGATCCAGCGGCGGCCCGACGTTCCCTCGTGCTCGCCAAGCTCCTCGCCGAGGACGCCATCGTCCGGAAAGCGCTCGGCAATCCACGCGCGTGCGGCGGCTTCCGCTTCGCGGTCGGCAACCGTGACTGGCGATCCGTCGGCCTTCGTCTCGACCGTGAGCACGGACCGATAGTGTCCGAGCGCGACGGCACCGATGTGGCGCGCGAGCGCCTCGGCGGCCTGCAGCAAGTCGCGGCTCATGCGGCCACCTCGCGCACC
NZ_CP130612.1_gap6	162071	167037	4966	GCTGTGAGGGGAGGTCTAAAGTTCCGTTCGATTGCGACCGGCGAATTCCATTCATGTGGCGTGGCATCCAATGCCAGCATGACGCAGAACACCCTGGCGACCCGCGATCTGTTGTATTGCTGGGGTGACAGCGAGTATGGGCAGGCCGGCACCGGTGTCTTTGAACCGAACAACACTCCGATACTGACGCCAAGACGCGTCTCGCACCAACCATAGCGCCCGAATCTGAGCGACACAGGAGCCCGGCCCGCCTCGCGAGCCGGGCTCCTGTGCTTTCCCCACCTGAATCCTATCGCGCCCGTCAGTCCCCCGTGCCAACTTGTGGCATGCCCCGCCACACCCTCTCCAAGTCCGACTTCAAGACCGCCCGCGGCTGCGGCACCAAGCTCTACTACCGCGAACTGAAGTACCCGGACACCATGCAGCAGAACGAGTACCTCCAGCTGCTGGCCGAGGGCGGCTACATGGTGGAGCTGCTGGCCAAGCAGATGTTCCCGACCGGCCTCACGCTGGAGTACGGCAAGAAGCCGCTCGAAGCAGCCGCGCAGGAGACGGCCGCGCAGCTGGAGCGCGGCGCGCGTGAAGAGGTCGTGCTCTTCGAAGCCACGCTGTTCGACGGCGTGCGTCAGGCCCGCGTAGACATCCTCAAGCGCACGCCGCGCGGCTTCGATCTCTACGAGGTGAAGTCCTCGTCCATCGACTTTGAGAAGCAGGCCAAGGCGCTGGAGAAGACCGGCTCGCTGTTCAAGTCGCAGCGTACGCCCTTCGGCATCCACAGCGATTGGCGCGAGTACCTCGAAGACGTCACCTACCAGGTGGCGCTGCTGCGCGACCTCTACCCAGACGTGCCGATCCGCGCGCACCTGATGCTCATGGACAAGCGCGCGCCCGTGCCGCACGACGGCATGCCGCAGTGGTTCCGCATTGTGAAGGCCGATGACGGTCGGCTCGCCACGGCGGAGTTCATCGGTGACGCGGCGCTGGCCCGCGAATCGCGCCTCGTCATTGCGGTGGACTGCACTTCAGAAGTCGAGGAGCTCGAGCCGGGGGTGCGCGAGGCCGCGCAGGACCTGGCCGCGAGCCTCGCACCGGAGCTCACGCGCATCGAGCCGGTGCTCACGCGCGCCTGCCGAAACTGCGAGTTCCGCACGGATCCCGCCGAGGGACCGAGTGGCTTTCACGAATGCTGGGGCGAGCGCGGCACGGCGCATCCGCACGTGCTGCAGCTCTTCCGCGGCGGCGATCTCATCGACGAGATGATCGCGCAGGGCATCGACCGTGTGACGGACATCCCGGACGCACACGTGGCGGCGCTTAAAGGCGTGTACGGCGAGCGCCAGCGCGTGCAGATCGAGCAGACGCGGCTCGGCAAAGAGTGGTTCGACCCCGCACTCGGCCACGAGATCGCGCAGGCGCGGTACCCGCTGCACTTCATCGACTTCGAGGCCGCGCGCATCGCAATCCCGCATCACAAGGGCATGACGCCGTACGGCTTGCTCGCCTTCCAGTGGAGCTGCCACACGCAGCGTGCGCCGGGCGCGGAGCTGGAGCACCGCCATTTCCTGAATACCGATCCGATCTGGCCCAACGAACTCTTCGCGCGCGAGCTGCGCGACGCGGTGGGCCACGACGGCACGCTGCTGGTGTGGTCGGCCTTCGAGAAGAGCATTCTCTCGGCGGTGGCCGAGGAGATGTCATCGCTGGGTTCTGGCGATGCAGAGCTCGCGAACTGGCTGCGTGAGGCGGCGCTGCCGCTGGGCGACGGCGTGGGGCGGCAGCTCGACATGCTCAAGCTCTGCCGCAAGCGCTACTACCATCCGGGCATGCAGGGCAGCAACTCGATCAAGTACGTACTCGATGCCCTCTGGAAGCATTCGTCCGAGGCGCGCTCGCGCTTCGCCGCGCTGGCGGGGCGCGAGGGCGATCCGGAGCTCGGGCCCTACGCGACGCTGCCGCCGGAGATCATCGATGGATCGGAAGCCGAGGTGAAGGAAGGCACGGGCGCGGTGCGTGCGTACTTCCGCATGGCTTACGGCCTGGAGCGCGAGGACCCGACCATCAAATCGCAGTGGTCGAACCTGCTGCTCGAGTACTGCAAGCTCGACACGCTGGCGATGGTGCTCATCTGGGAGCACTGGCAGCGCATCACGGGCAGCGCCGCCACCGGGCGCTAGATGTTGTTGGTGAGGAGGTTGTTCACAGGAGCGTAGCGGATGCAAGCTGGGGTTGCTGAGACGCTCAACCGGCACCCCGCCAGAGGCTCCTGTGAACATCCACAAGAATGCACGTCTGACCGTCGCGGGGCGACTCGCCGTCGCGACCGCCGTTCTGGGCGGGCAGGATCCCGCCGCCGTCGCCCGGGGCGCGGCCTGTTCCGTCCGCACCGTCTGGAAGTGGGTCGCCCGCTTCCGCACCGGCGGCGCGGCGGCGCTCGCGGACCGCTCGTCGCGCCCGCATCGCCTCACCCAGCTCCCGCGGCCGCAGCGCCGCGCGATCCTTCGGGGCCGCACCCGGCGGCGCTGGAGCTCGACGCGCATCGCCCAGGAGACGGGCATCCCGCTCTCAACGGTGATCCACTTCCTGCGCCGCCACGGCCTGCAGCGGCTCCCTCGGCTCGAGCCGCCGCGCGCGGTGCGCCGCTACGAGATGCGGGCACCGGGCGAGCTGCTGCACGTCGACACGAAGAAGCTCGGGCGCATCGGCCGCGTGGGGCACCGCATCCACGGCGACCGCCGGACCCGCGTGCGCGGGATCGGCTGGGAGGCGGTGCACGTCGCGGTGGACGCCTACTCGCGCGTGGCCTACGCCGAGGTCCTGCCCGATGAGCGCGCGGCGACCACGGCGGCCTTCCTCGCACGGGCGATCGCGTGGTACGCGGCGCTCGGCGTGCGGGTGCGCGCCGTGCTCACCGACAACGGGAGCTGCTATCGCAGCCACGCGGTGCGCACGCTCCTCCGCTGCGACGGCATCACGCACAAGCGCACCATGCCCTACACGCCGCGCACGAACGGCAAGGTCGAGCGGCTGATCCAGACGCTCCTGCGGGAATGGGCGTACGCGCGCCCCTACCCCTCCTCGCGGGTGCGCACGGAGTGGCTCGCGCGCTACCTGCGGACGTACAATGAGGCGCGCGGACACTCAGCCCTCAACTACCTCCCCCCCATGCTGCATCTCGCTGCGGCCCTGTGAACAACGTCCTCACTAACAACAGCTAGAGCACACCCTTCACCGGCAGCGCGGTGCCGCAGGCCTTGCAGAACACGGCATCGAGGTCGTGCCCGTCGCGTCCGCAGCGCGGGCAGGTGACCGCCCGCGGCACACGCCCCGCGCGCTGCAGCTCCATGGTGACGATGCCCGTGGGCACGGCGATGATGCCGTAGCCGAGGATCATGAGCGCGCTCGCGAGCAGGCGGCCGAACGGCGTGCCCGGCGAAATGTCGCCGTAGCCGACGGTGGTCATCGTGACGATCGCCCAGTACATCGCGGTGGGGATGCTCGTGAAGCCGTGCTCGGGGCCTTCAATGAGGTACATCAGCGAACCGACCACGCTCACCGCGGTGACGATCGTGAACATGAAGACGACGATCTTGTAGCGCGCCGCCACCAGCGCCTGCGTGAGCATGCTGGCTTCGGCCACATACTGCGTGAGCTTGAGGATGCGGAAGATGCGCAGCACGCGGATGATGCGGATCACGCCGAGGAAGCGGCTCTCGGGCAACACGAGCGCGATCCAGGTGGGCAGCACGGCGAGGAGGTCGATCACGCCGTAGAAGCTCTTCGCGTAGCGCAGGCGGTCGGCGGCGCACCAGAGGCGCGTCACGTACTCGGCGGTGAAGAGCAGCGTGAACAGCCACTCGAACACATAGAGCACGCGGTGGGCGAGCGGCGGCAGCCCGGGCATGCTGTCGAGCAGCATCGTGATGACGCTGCCGAGGATGGCGACGATGAGTGCGACGTCGAAGGCGCGGCCGGCGCGGGTGTCGTGATCGAAGATCACGCGGCGCCAGAAGGTGCGGGGGTCCATCGCGCGCGTTTCGCTCATGGGACGATGACCTGGAAGCCCATGCCGTGGGCGGCGGTGGCGAGGCGGCGGTCGTAGGTGGCGAGGGGCATCCCGTGACCGGTTCGGTGCAGATGCTCGAGTGTCGCCAGGTGAATCGCGTCGAGGGTGCGGACGCCGGCAGGCGGCCGTGTGTAGAGCAGGCTGAGAGACGCGGCACTCATCTCGATAAACTGCATGTGCGCCAGTACCGCGTCGACGTCCTCGACAGACCCGCGAGGCGCTCGCCCAGCGACTCGTACGCGGACCTCGAGGTCAGCGAGCCGACTTGCGAATCGTGGGCCGAGCCAGAATCGGTCATCCGGTCTTCGGGCTTCCGCGAACACCGTGGCGAGCACCACGGAAGAGTCCACGTACATCTAGAAGCGATCCTCGCGGCTCTCGTCGAGGTCACGAAGAATTTCTTCAAGGGGCACGAGTGGATAGTCGCGCTTCAATTCGAGCGGCGTCCCTGGTGGAACCTTCGAGGGCGTGATATGCCCCAACCGCACCTGCTCGGCGAACCAGGGATCGTCCATCAGGGGATGATCGACATGCTTCGGTGCGCGGAGTTCAGCGACCACCTGTCCTCGATCCGTGATGGCGATAACCTCGCCTGCCTTCGCGAGGCGGATGTACTCGCTCAGCTTGTTCTTCAGCTCCTTGATGCCGACAGTCTTCATGCTTTCAAGGTAGCTACTAGTAGCTACCTTGGCAAACCCGTCGCCCTCACCCTCGGCGCGATCAATCATGCGCCACACTACACCCAGCGGCGGCACCAGCCGCAATCATTACATTCTGCCGATGCGCCCAATCGCCCTCCTCGCCGCGCTCCTCCTGCCCGCCGCCCTCACCGCGCAGGCCTCCGTGGAGCCCGCCAGCCCGCCGCGGTTGCTGCCGATGCCGCGCGAGATTGTCCGCTTCGAC
NZ_CP130612.1_gap7	205361	207203	1842	GCGTTCCCAGGCGAGCAGTCCGAGGAGGTCGGTGTCGAGCGCGTCGGCGAGTTCCTGGCTGTCGGGATTGCGGTGCAGCGACTGCGCGAGGGAATCGCGGGTGCGTTCGAGTCGGCGGGCGCGGGTTCGCGCGCCGCGCGTGAGCGGATCGACGCGACGGAGTTCGTCGAGCATGGCGCCGCGGATGCGCGTGGCGGCGTAGGTGGAGAACGCGAGTCCGCGGGAGGCGTCGAAGGCTTCGGCGGCGGCGAGGAGTCCCCCGAGGCCGGCGCTGACGAGCTCGTCGAGATCGGCGTCGTCGGCGAGCGTCGTGTGCAGCCGGCGGGCGAGATAGTGCACCAGCCCGATGTGGCGCTGCACGAGTTCGTCGCGGTGGAAAGACATCCTGAGACTCCGAGGCGTGATGGTCCGCCGATAGGGAGTTCAGGAATCGTGCCGCAGCGAAATTCTGCTAAACTACTTCAAATCAACGACTTACACTCAGCGGGCAACGCAAAATCGCCCGGCGAATCTCGCCGAGCGGCAGTTTTCGCCGAGTTGTAATGGTTAGGCGTCCGGGGCGTTCAGGCGCGTGCGGAGCGTGCGGATCGAGATGCCGAGCAGCTCCGCGGCTTTCGTGCGATTGCCGTTGGTGCGCGCGAGTGCGACCTCGATCAAGCGCTGCTCGGCGCTGGCGATGTCGAGCGAGTCGAGCACGATGGCGCCGTCGGGAAGCGTCGCGGGGTTTGCCGCGGCACTGGTCGCGGGGACGGCGACGGGCGTGGCGCGGCGGTCGGTCCCCGCGAAGGCCGGGAAGGTCAGCACCGGATCGCGCGAGAGCACGACGGCGCGTTCCACCAGGTGCTGCAGCTCGCGGACGTTGCCGGGCCAGGCTTGGGCGCGCAGCCACTCCATGGCGTCGGGGGCGATGCCTTGGATGTCCTTCTTGTACTCCTGCGCCGCGCGCATCGCGAAGCGCATGGCGAGCAACGGGATGTCGCTGCGACGTTCGCGAAGCGGCGGGATGTGGATCGGGATGACGCTGAGGCGGAAATAGAGATCCTGGCGGAACCTCCCCTCAGCCGCGTCCTCGGCGAGCGCGCGGTTGGACGTCGCGATGATGCGCACGTCGACCTTGATCGGCGTCTCGCCGCCGACGCGTTCGAACTCGCCTTCCTGCAGCACGCGCAGGAGCTTGGCCTGGAGATCGAGCCGCATCTCGCTGATCTCGTCGAGCAGCAGCGTGCCGCGGTTGGCGCGCTCGAAGGCGCCTTCGACGCGCTTGATGGCGCCGGTGAAGGCGCCCTTCTCGTGGCCGAACAGCGCGCTCTCGATGAGGCCTTCGGGAATGGCCGCGCAGTTGATCTTGATGAACGGCTGGCTGCGCCGTTCGCTCTGCTCGTGGATGGCGCGCGCGAAGAGTTCCTTGCCGGTGCCGCTCTCGCCGAGCAGGAGCACGGAGGCGCGGGTCGGGGCGGCCATGGCGACTTCGTTGAGCGCCTTCTGGATCGCCGGCGAGTCGCCGAGGATCTGCTGGTTCTGCCGCAGCTGCATGACTTCGTCGCGCAGCGCGGCGTTCTCGCGCTTGAGGCTCTCGAACTTGAGCGCCTGCTCGAGGGCGATCTCGAGATGCGGTCCATCGACGGGCTTGGTGATATAGTCCACCGCGCCGGCCTTGATGGCACTCACCGCGTGCTCGATGCTCGCATAGCCGGTGAGGATGATGAGCGGGATGTCGTAGCCTTCGGTCTTCAGGAGCTCGAGCAGGTCGAGGCCCGTGAGGCCCGGCATCTGGTGGTCGGAGACGATGAGGTCCACGCGTTCGCGCGCGAGGACCTTCAGGGCCTCGTGGACGGACGAGGC
NZ_CP130612.1_gap8	253572	258436	4864	AGCCCGAAGGCGCCCGCCTGGGCGGCGTTCGACCGACGGTCGTGCAGCAGCGCCTCGAGGCGCACGTGGACCCGCGTGGCGTCCGCCGCCACCGCCACCGCGCTGACCTCATCGGCGCGCGCGAGCGGAAAGCCACGTCCGTCGAGCCGCGTGAGCGTGCGGATCGTCCCCGCGAAGCCGCCGCGCGCTCCCCACACCACGCGGTCGGGAAAGCGGCGCACTTCGCGCAGGTTCTCGCCCTCGTCCATCATGCGGTGCAACTTGGTCAGCACGTCGCGCGGCGTACCGTGGACGGTGCGCGTGGCCACGAAGGTGGCGGGGCCGGTGAGCGATGCCACCAACCCGCGCTCCTCGGGCAGCACTACGCGCATGCGTTCCTCGACCAAGGCCTGCCGCAGCGCCGTCGCGCTCAACCCCACCTCGGCGCCGAGCGCGACGAGTTCGTCCTCGGTCAGCGTCTCCGGCACTTCCGTGCTCGCCGCCTGCAGTTCCGCGGCGCGCTGCAGCACGCGTTCGAGCGCGGCGCGATGCAGGACCGGCGGGGTGGGATCCGCCATGTCAGATGCCCTGGAACGAGAGGGCGATCTGGCGTTTCATCTCCTCGATCATGACCTCGGGCATCGGGAACGCCTCGGCGAGCGCCGCGAGCGCGCCGCCTTCGGGCGCGGTCTTGCCCGCCTGCGCGAGGTAGTAGCGCGCATAGCGCTCCCCCGCGCCGGGTGACGCCTGCTCGGCCAGCAGCGCGCCGCCGCGCACGAGCCCGTACGCCCCCAGGACGTTGCCCAGCCCCTGCCGTTGCTGTGCCGGCGTGAGGTGGTCGGCCACCGCAACGCGCGCGATCTCGCCGGCGGCTTCGTGCACGAACACGTAGAGCAGAACCTCGGCGGAGTCGGGCGTCGCCGGGAATGCGACGGCGTACTGGCTGCTGCGCTGGCCGGCCGGCAGGGCGCGACCTTCGCCACCGAGCGTCATGGCGAGGATCAGGTCACCGCTGGTCTGCCGCGTGTAGTTCAGGTAGCGCTGCAGCCCGGGGCGCCAGGTGGACTGCCACATCGAGTCCGCGACGGCGAGCGCGCGCTCGCGTGCGCGGAACTGCTCGAGCCAGTACGCCTTGTAGAACTGGTCGTACTCGGATTGGATGGCGTCCGTGAGCTTGCGCAGCCATGCGCGGTCGTCGGGGCGCGGGAAGGTCTGCGCGAGGAACGCGACGATGGCCTGCACTTCGCGGTTGTTGGCGCGGCGCGGGTCGCCCTCGGCGCGCAGGAAGTACTCGATCGCCTGGCTCATCTCCTGCCAGGTGCCGAAGTACAGCGGCAGGAACTGCGCGTCGAGCAGATGCTTGGCGCCGGCCGGATCGGCGGCGAGTGCCGCGCGCTGCTCGTCGAACTTCGTGTACACGCCGCGCGAGTTCTTCACGATGGTGATGCGCTCGGCGTAGCCCCGGTCGAAGAACGGCACCTTGGCGGTGTCCGTCTGCAGTAGCGCGAAGGCGTGCAGCCAGAGGTCCACATGCTCGCGCGTCTTCACGGGCCACTGCGGTCCGCCGGCGGGACGCAGCGGTTCGGCTTGGCGTCCGCGCTGGGCGTCGGCGGTGCCGGCCGTGAGGGCCAGCGCCGCGAGTGGCAGGATCAGGGCGCGGAGCGCCCGCAGGTTACGCAGAACTTCCATTCGGCTTCCATCTCGGCGCTGCATCCGGGGCAGCGCCGGATGCGCAGGTTGAGCCCGCAGTGCGGGCAGTACTTGAGCGTGCGGTCCGTCGGCAGCGACTGCGAGCAATACGGACAGTCGAGCGTATCGGGTTCTGCCGGCCGTTCGACGAGCGGCACCTGTACCACGGGCGTCGGTGCTGCAGGCGACGCGGTCGTCGGCGCGGCCGGCGACACGACGGGTGATACCCCGCGCGGGGCGGTCGGGATCGCGGCGGGCACCGACGGACGAACGGCGGGCCCCGCCGGAGCGACGACGGCGGGCGCTGTGGCAGGCGATGTGGCAGGCGCTGCGGCCGGCGTTGGCGCGGGCGCGACGATGTCCGTCGCCGCGGGCGTCGGCGGCCGCAGGTCGATCGACGTATCCCCGGCGAGCACGCGCTGCGCCTCGGCGCTGGCGATCCGCACCTTCGCGGTGCGGTAGGTGGTGAGCACGCCGAGGTCGGGGTTGATGGCCGAGAGCTCGTTGCGCAGGTCGTCCTGCAGCAGGTCGTCGGAGAAGATGTACCCGCGCTCGCCGGCGAGCAGCTGCATCATGCAATGCAGGTAGTCGTCGTTGGTATCGAGCAGGCCGTCGCGGCGTGCGGCGCGGTAGGGCACGAGCGTGTCGAGCACTTCGCCGATGTCGATCGGGCGCGCGAGCGCGCCGGCCTGTTGGGCGGCGAGCACCAGGCGGCGGAACAGTGCGTCGAGCGCGTCGGTAGTCATGTCAGGGGACCCGCGGCAAAGATGCCGAGGCCTTGAACGTCGCGCTATCGGGAAACGCCGCGATCTCCGTGACGCGTCCGCCCTTGGCGCGATACGCCGCGAGCCAGGCGTCGAAGCCGCTCTCGATGGCGCCGCCCGACCGCGATTGGTCCGCGGCGGCGCGTGTCGCCAGGTGGTTGGCGTACTCGTTCTGCGGATGGCCATCGTGGCCGCGCACCCACTGCCAGCTCACGCGGTGCGAGGCGGCGCTGCGGATCGCGTCGTGCCACAGCGGGAGATTCTCGATCGGGCCGGTCTTGCGCTTCCATCCGGCGCGCGCCCACCCGAACACCCAGCCCGTCATGCCATCGACGATGTAGCGCGAGTCGGTGGTGAACTGCACGCGGAACTGCTGGCCCTTGGCGCCCAAGGCATCGAAGGTCTCGATGACGGAGCGCAGGGCCATGCGATTGTTCGTCGTGGCGGGATCGCTGACCCAGAGGTCGCGGCGCGTGATGCGACCGTCGGCATGGCGGAACTCGATCAGCACGCCCGCGCCGCCGGGATTCGCGCCTTCCTTGCCGTTGCCGAGGCAGGACTCGTCGGCGTAGACGGCGACGAGCGGGAGCTCGCCCGCGTTCACGTCACGACCTCGAGCGCGTCGGTTTCGTCGAGGTACAAGGTGAGCGAGGCGCCGGTGCTCGGATGCCGCGCGATGATCGCCTCGCGGCCCTTGATCAGCGTGAGGCGCTCGGGAATCACGAGGAACTCGGTGCCGCGCCGCATCACCATGACGCGCTGCTGCTTGGTGACGGCGCGCTCCAGCGCGTCGTACTGCTTGACGCTCAGCTGCCCCATGCGACGCCCTTGGGTCCGCACCAATCGACGACGAACTGCGTGAGCACGTCGGTGGCGACGGCGATCTCGTCGACCGGGCAATACTCCTCGGCGGCGTGCGCGAGGCCGATGTCGCCGGGACCGAAGCAGATGGCGGGAATGCCGGCGGCGGTGAAGAGCGCGGCGTCGGTCCAGCAGCTGAGGCCTTCGATGGGCGCCGCTGCGCCGCGCGTGGTGGCGGCGGCCTTGAGACCTTGCACGAGCGCGTGATCGACGGGCACGTCGTTCGGCTGCTGGATGAGGCCCGGCGTCACGCTGGCGCGGAAGTTGGGCGTACGCGCGGCGACGCGGGCGATCGCCGCTTCGATCTCGTGCACGAAGTGTGCGCCGTCTTCACCGGGCAGCGTGCGGCGTTCGAGCCCGACCGTGCACCAGGCGGGGTAGGCGCTCAGCGAACCGTCGCTGTGGATGGGGCCCGCGTGGAAGGAGGCGCGCCCGAGCAATGGATGCGTGATGCCGGGCAGCACATCGCGTTGGTATCCGTCGAGTTCGGCGAGCAGCAACGCCGCGTGGGTGACGGCATCGATGCCGATGTCGTAGCGCGAGCCATGCGCGGCGCGGCCTTCGACGCGCACGTCGGCCCAGGAGAAGCCGCGATGCGCCGGGCAGATCGCGAGGCGCGTCGGTTCGGTGACGATCGCCGCGTGGGCGCGCAGGCCCATCGCGAGCAGGTGGCGCGTGCCGATGCTCTCCCACTCTTCGTCGGCGACGGCGGCGATGATGACTTCCCCGCCGAGTCCGGTGGAGGCGGCGCGGTGCGCGGCGGCGCACATCGCGGCGACGCCGGCTTTCATGTCGCAGGAGCCGCGGCCGTAGAGCCGGCCGTCGCGGACATCGGCACCGAAGGGATCGTGCGTCATGCCGGCGACGCCGACGGTGTCGAGATGGCCGTTCAGGATGAGCGAACGGCCGCCATGCCCGCCGCCGATGCGCGCGAGGACGTTGGGGCGGCCGGGCGCGGCGTCGACGAGATCGACCGTGAAGCCCCACGCGGTGAGCGTGTCGGCGAGGAGCTGGGCCGCGGCGCCTTCGCCCGGTGCGTCCGGGGCGAAGGCGGGATTGCGGGAGTCACACGCGACGAGCGCGCGCGTGAGCGCGAGGGCATCGCCGGGCGGAGCGAGCTCACGCCGCACGGGAGCCCCCGGGGATCACTTCTTGGCGGCGGGCTTCTTGGCGGCCGGGGCCTTCTTGGCCGCCGGAGCCTTCTTCGCCGCAGGAGCTGCCTTCTTCGCCGGGGCGGGCTTGGCGGCCGCCGCCTTCGCGGCAGGCGTCTTACCAGCGGTCGCGATGCCCTTCGGCGCCGGCAGCTTGCCCTTGTTCTTCTTGAGCCACACCGCTTCGGCTTCGGCGAGGAGCTTGTCCGCCTCGTCCTGTGTCATCTGGCTGCGCCGCACCATAAACTGGATGAGGTCGCGCGCGGACTCGAGCGAGAAGGGGACCATGCCGGACGCGGCGCCGATGATGTCCTTCATGGCGGCGGCCATCTTGCTGCCGGCTTCGAGGGAGATCTCGTGGGCCTTGGCCGCCATTTCCGCGACAGTGTCACGGACGTCTTGGCCGCGGTGGCCGGGGCT
NZ_CP130612.1_gap9	261584	262959	1375	GCATCGCCGCGACGGTGGCGCGCGTGGGCGCGCAGGGGCCGACGCTGGTCGTGCTGGAGGCGACGGGCGCCTACCACGTGCCGCTGACGGCGGCGCTCGCGGCGGCGGGCGTGCCGGTCGCGGTGGTGAATCCGCGGCAGGTGCGGCGCTTCGCCGAGAGCGTCGGGCAGCTGGCGAAGACGGACCGGCTCGACGCGGCGCTGCTCGCGCGCTTCGCGGCGACGGTGCGCCCGGCCGCGCGGCCGCTGCCCGACGCGGCGACGCAGGAGCTCGCGGCGCTCGTCGACCGGCGGCGGCAGCTCGTCGAGATGCTGACGATGGAGCACAACCGGCTCGCGGTGGCGCGCCGCAGCGTGCAGCCGAGCGTCCGGCAGACGATCCGCGCGCTGGAGCGGGCGCTCCGGGCCCTCGAGGACGAGACGGACCGCTGGATCCAGGGCTCGCCGCTCTGGCGCGCGCAGGAGGAGCTCCTCACGAGCGTGCCGGGCATCGGGCCGCAGACGGCGCGGCTGCTGATCGCGCGCCTCACGGAGCTCGGCGCGCTGTCCGCGAAGGAGATCGCCGCCCTCGTCGGGCTGGCGCCCTACGCGCAGGAGTCGGGCCGCTGGCGCGGCGTGCGGCGCATCCGCGGCGGCCGCGCCGACGTCCGCACGGGGCTCTACATGGCGACCCTCGCGGCGATCCGCTGCAACGCCGTCGTACGCGCGATGTATCGGCGCCTCGTCGCCGCCGGCAAGCCGAAGAAGCTCGCCCTGACCGCGTGCATGCGCCGCCTCCTCGTCATCCTCAACGCGATGGTCAAACATCAAACGCGGTGGCAGGCGTCACCGACGCCCACCACCGCTTGACTTCCAACACAGCCACTTCGTGGTGATTGCAGTTACCATAGCCCCCCACGAAGCCAGCGCCGCACCGAAATCCCGCGAGGATGGTAGATTCCCCAGCCTACCAAGGAGCCAGCCATGAGCGCCCACCGGCGGATTCGCCCCACGGCCGAGGAGTTCGCGCCGTACTATGCCAACTACATCGCGCAGGTCCCCGACGGCGACGTCGTCGAGGCGTTGATCGGCGGCGCCGAGATCGCCTCGGCCCTCCTCGGCGACCTCGAGGACGACGTCGCCTCCCGCGCCTATGCGCCCGGCAAGTGGACGCTCAAGGAAGTCGTGCTGCATTGCACCGACGCCGAGCGCATCTTCTCGTATCGCGCCCTGCGCATCGCCCGCGGCGACACCACGCCGCTGCCCGGGTTCGACGAGAACGCCTACGCCCCGATGAGCGGCGCCAACCTGCGCACGATCGACAGCATCCTCGATGAGTTCGAGTCGGTGCGCGATGCGACGGTCACGCTGTACCAAGGGCTGCCGTCGGAGGCCTG
NZ_CP130612.1_gap10	267803	270920	3117	GACGGCGCGGCGCGGAGGTCGCCAGTGCTGGGCGCGGCGACGGGAGCCGCAGGGGCAGCGGGTGCGGCCGGCGCGCTGGGAGCGCCCGGTGCCGGCGCTGCGGGAGCGCTGGGGGCAGGAGCCGCCGCGGCTGGCGCGGCACCCGCGCTGGCACCTTCTTCCAAGTGGCCGAGCGTCTCAGCCAGCTGCACTACGTCGCCTTCATTCTTCAGGCGCTTGCGCAGCACACCGGCATTGAGGGCGGGCACTTCGACGGTGATCTTATCCGTCTCAAGTTCGACGAGCGTGTCGCCGACCGCGATGGCTTCGCCTTCCTGCTTGAGCCAGCGGGAGACGGTCGCCTCGGTGATCGATTCACCGAGGGGGGGGACCTTGATCTCGATCATGCGGGAAATATAGCAACGGAGATAGGGTGCGAGCACTGACAATCGACGCCCATGGCGGGACGGAGCAGGTCCGCTATCGCGAGGACGTGGCGACGCCCACGCCCGAGCCGGGCGAGGTGCTCGTCCGGATGCGAGCGGTGGCGCTCAATCGGCTCGACCTCTGGACCGTCGGGGGGCTGCCGGGCGTCACGATCACGCCGCCCTGGGTGTTGGGCGCCGATGGCGTCGGTGTCATTCAAGGCATCGCCGGCGAGGCGCCCGGACTCCGGCTCGGCGACCGTGTGGTCATCAACCCCGGCATCTCCTGCCGCCGCTGCGAATGGTGCCTGAAGGGCGAGCATCCGCTGTGCGTGACGTTCGGGCTCTTGGGCGAGCATCATCCGGGCAGCTTCGCCGAGTACGTGGTGGTGCCGGCCTCGAATGTGATGAAGGTGGCGCATAACGTCCCCGACGACATCGCCGCCGCGTTCACACTGGCGACGCTCACGGCTTGGCGCATGTGCGTGAGCCGGGCGCAGGTGCAGGCCGGCGAGGACGTGCTGATCTGGGGCATCGGTGGCGGCGTGGCGCAGGCGGCGCTGCGCATCTGCAAGCAGCGCGGTGCGCGGGTGTGGGTCACGTCGTCGGATCCGGCCAAGCTCGAGCAGGCGCGCGCGATGGGCGCCGACGAGTGCCTGAATCACGCCACCGAGGATGTCGGGCGTGTCATCCGCGAGCGGACGAACAAGCGCGGCGTGGACGTCGTCATCGATAGCGTCGGCGAGAAGACGTGGAATGCGTCGCTGCAGGCGTTGACGCGCGGCGGCCGCCTCGTCACCTGTGGCGGGACGTCGGGCCCGAAGCTCGAGATGGATGTGCGCCGGCTGTTCTGGTACCAGTGGTCGCTGATGGGCTCGACGATGGGCAACGATGCGGAGTTCGCGGCGGTCACCGCGGAACTCAACGCGGGCCGCCTGTGGCCGACGGTGGATGCGGTGTATCCGCTGGCCGAGGGGCGCGCGGCGTTCGAGCGGATGGCGCGCGGGGAGCAGTTCGGAAAACTGGTGCTGCGGGTGAGCGATGGCTGAGAAGGCGCAGTTCACCGCGGACGAGGAGCGCAGCGTGCGCGAGGCCTACGCGCGCGACGGCCACGCGGATTGCCCGCGCTGCGCGGTGCGCATGCACGAGCGGGCCATCGGCGGCGGGAGCTTCGGGCTCGGCTACGCGCGGCAGCGGGAGTGGCTGCTCTGCCCGCAGTGCAAGCGCAGCGTGCTCTTCGACCTCAAGCGCGGGACGCGCAACTAGGCCCCCTGCACTAGATTTTCCGCCAATGCGATCCCTCTTGCGATCCCTTGGCGCGCTGGCGTTCGCCGCCACGTCGCTGACCGCCCAACACGATCCGCCCCGCCGTCTCGATCTCGGCACGCCCGTGCAGGAAGCCGAGCGGCCGCGTGACGACGGCGAGACCTCCCGCGACATGCGCAATGTGTACGTGCGCAACCAGCTCGCGCTCGGACTGGTCTCGTACGGCCCCGCCTTCGCGGTGATGCTGGGGAGCGAACCGGCAACGCGCATCGCGGGATACATGCTGATGTCGGGCGCGACGTTCTTTGTGGCCAATGAGATCACGCAACAGGTGAACGTCACGCCCGCCCGACAGGTGCTGAGCACGCGGATGGGCGCGCGCGGCAGCGCGAGCTTCTTCCTGCTTGGCCACTCGTGGCGCATGAGCGAGAGCGAGATTGGCGCCGTGTCGCTGATTGGCGGCCTCGGTGGCTCTGCGATTGGCCTGTGGGTGGGCGGGGGTCTCACGGAGGGCGAGGCGGTTGCGTCGGTGGTCGCGCACGACCTTGTGGCCCTGAGCACCTACGCGGTCACCTGGATGGCCGACCCGCGGGAGAACGACGGTGAAGGACTGCGTCGCAGCCAGCGTCTGGCGGTACCGATGCTGCTCGGCTGGGGCGGGTACGCACTGGGCCGGAAGTGGGCGGGCACGGCGTCGTACGAAGTCACGGCGGGCGACGCTACGCTGCTTTGGCTGGGCGCGGCAATCGGCGGCTCTGCCGCGGCGACGACGCTCATCGAGGGCGATCCCGAGCCGCAGACGGTGGCAGGAACGCTGCTCGCTGGCGGTCTGCTCGGCGTGTGGGGCGCGAACCGCTACTTCGTGCGCAACTTCGACCACACGCGTGGCGAAGGCGTGTTGGTGGCGACGGGCGCGGGCGCCGGTGCGCTGATGGGCATCGGTCTCGGCGTCCTCATCGCCGGCGATGCCGAGCGCGGTTCGGCGGCGACGCTCGGCATGGGTACGGTTGGTGCGATGGCGGGCGCGTGGCTGACCGAGCGCTACGCGCAGCCGGCGCGCGACGAAGGGCGGCGCCTCGAGGTCGGTAGCCGCGTCCAGTTCAATCCGTCGGCGATCGCTGCGGCCGCGGCGCGCACGCCGGGGCAGCATTCCATTCTCCGCATCACGTTCTGATCCCGGACTCAATCATGGCGTTCCTCGATCGCCTGCAAGACAGCCTGCTGCGGCTCTGGGAGTATGTGCCGGCGCTCTTCGGCGCGGCGGTGGTGATGGTGGCCGGCTTCCTCGTGGCGCGCTTCGCGCAGCGGACGATCCATCGCCTGCTGCGCCGCGTGCACCTCAACGAGGCGCTGCAGAAGGGCGGCGTCGCGCCGCCGCTGGATCCCTACGGCGTGCCGCTCACGCCGTCGCGCGTGATCGGCAATGTGGTGTTCTGGTTCCTGATCT
NZ_CP130612.1_gap11	273215	277800	4585	GCGGCGGCGTGGGCACCAAGGGCACCGAGCTGCGCACGGATGACTTCGTGGAGCACCTGTTCGTGGCGCAGACGCACGACTACCTGCTCGTGTTCACGCACGACGGGCGCTGCTTCTGGCTCAAGGTCCACGAGATCCCGGAAGGCGCGCGCGCCGCGAAGGGCAAGCCGATCGTGAACCTCATCAACGTGTCGCCCGATACGACGGTGAAGGCGATCGTGCCGGTGAAGGAGTTCACCGAGAACGAGTTCCTGATGTTCTGCACGAAGGACGGCACGGTGAAGAAGACCGCGCTCTCCGAGTACAGCAACGTCCGGTCGACGGGCATCAAGGGCATCAAGCTCGAGGACGGCGACGAGCTCATCGACGTGCAGATCACGTCGGGCACGAACGACGTGGTGCTGGTGACGCGCCATGGCCTGAGCATCCGCTTCCACGAGCAGGAAGCGCGGCCGATGGGCCGCGACACCACCGGCGTGCGCGGCATCGCGCTCGGCGAAGGTGACCGCGTGGTCGGCATGGTGGTCGTGAAGCGCGACGCCTCGCTGCTGGTGGTGACCTCGCTGGCCATGGGCAAGCTCACCAACGTCGACGAGTACCGCGTGCAGGGCCGCGGCGGCAAGGGCATCCTGACGGTGAAGCGCACCGAGAAGACGGGCGACGTCGTCGGCCTACTCGAGGTGCTGCCGGAGGACGGGCTGATGCTGATCACGCGCGGCGGACAGTCGCTGCGCTGCGCGGTGAACCAGATCCGCGAGACGGGCCGCGTGGCGCAGGGTGTGAAGCTCAAGGACCTCGAGCTCGGCGACGTGGTCGCGGCGATCGCGCGCGTGGTCTCCGACGACAAGGACGACGGCGCCGAGGGCGGGGAAGACGCCGGGCCGGGCGAGCAGATCGAGCTCTCGGCGGGCGAGTAACCGCGGTTCACCACGAAGGCACGAAGGGAGCCGCAACAGTCTTTCGGCCCCGCAACCCTGAAGAAGCGATGCTTCTTGGAGTTGCGGGGCCTTTCGTTTGTCGCGACTCCCTTCGTGCCTTCGTGGTGAGTGCATTCGGCAGTCGGCACAAAGCGAGGCAGGCGCGCGTAGTATTCGTCATGCGCAATGCCCTGATCATCGCCCTGCTCGCGGCCGCGCCGCTGAGCGCCCAGCAACCCCGAGCCGCGCGGCCGCTGCCGGCGCCGAACGCCCAGTTGGAGGAGCCGTGGAGCGGCCCCCTGCAGCTGGTGGAGCTCAAGAACGGCGACATCGTCGTGCACGACTCGCGTGAGAAGCGCCTGGTCGTGACGAGCTTCAGCAGCCAGGAGCAGCGTGAGGCGGCGCGCGACGGGTCAGGGCCGTTGGAGTACCGCAGCGTGATGGCGATGTGGCGTACGGTCGGCGACTCGGTGCAGATCCTCGACCTCATGCAGCAACGCATCCTCGTGCTCGATCCCACGGGCCGCGCACGACGCACGCAGCCGATGGCCGGCGCGGGCGATCCCATGGCGCTGATGCGCACGCCGTTCACGCGCACCGTGGATGCGCAGGGGCGCTGGTACGGCGAAGGGCGCGACATGAGCTTCGAGGGCGGTCGGCTCTCGTTCGGGGACTCGGTGGTGGTGGTGCGCACCGATCCACGCACGGCCAAGGCCGACTCTCTGATCAAGTTCTTCAACATCGTGCGTGCGCCGCAGATCTCGGCGCAGGTCATGCGCATGCAGGTGCCGGGCTACCCCAAGTACGACATCTGGGGCGTGTTTCCCGACGGCCGCGTGATGCTGTTGCGCGCGAATGGCTATGTGCCGGAGATCGTGCTGCCGGACGGCCAGCGGCGTCGCGCGGCGGCGCTGCCGTACCCGCGGCTGCCCGTGACCGAGGCCGACAAGAAGGCCATGATGGACTCGGTGCAGAAGGCGCTCGACGAAGGCCTGCGGCAGTCGGCGGGCATGGTGCCGGCGGGTACGCAGATGCCGCGCTTCGAGCTGGTGCCGCCCGAGCCGTGGCAGACGGAGAAGCCGCCGTTCACGGGCGATCGCATCCTCATCGACCCGCGCGGGCGCGCCTGGGTGCCGGTCGTGGATCGCACGCCGGGGCAGCGCTATGACCTGCTGAATGCGGACGGCGCGATCGTCGATGCGATCAAGTTGCCGCCGCGGGTGCAGCTGCTCGGCTTCGGGGCGAGCGGGATGTACACGGCGCTGCGGGATGAGGATGATCTGCTGGTGATTCGGCGGCATCCGTTGCCGTGACCCCGCCCAACGTTCTCGGCGTGCCTCCCGTACCTAGGCTGAAGGGAGGGACGCCAGGAGCGTGGGGCTCCTGGAAACCCTACCGGCGGCCGGCGGTGACAGATTTCGTGTCCCGCCGGTCGTCGTGTGTTAGGGGCGGGCTGACCCCGATTCCGAGAGATCTTCCGTGAAGCCGATTCGCATGATGCCGTTGGCGATGCTCGCCTTGGCCGCGCCGCTGTCCGCCCAGCAGGCGCCGCGCACGTTGCCGGCCCCGCAGGCCGAGTACGAGGAGCCCTTCAGCCAGATCGGTGGCGTGCGCGAGCTGCGCGATGGCCGCGTGATCGTGGCGGACCCGCGCGACAAGATCGTGAGCGTCGTCGACTTCCGGTCGGGCACCGCCGCGAAGATCGGCCGCGAAGGCAGCGGGCCGCAGGAGTTCGGCCTGCCGATGCGTCTGTATGCGGCGCCGGGTGACACGACGCTGTTGTTCGATCCGCTGAACTCCCGCTACTTGATCATCGGTCCGGACGCGAAGCCGATCAGCACCTTCCGGCTCGAGGATGAGACGCCGCGCCGCCCGCAGACGCCGCCGCCCGGGCAGGGCCAGGGGCGTCCGCAGGGCGGCCCGCAGATTTCGCTTGGTGGGCCTGGCTTCAGCCCCCGCGCCTCCGACGCACGCGGCCGGCTCTATGGCGAGGGCAGCCCGATCTCGCCGGGGCCCAACGGTCCGGTGGTTGCCGATTCCGTGCCGCTGATTCGCCTTGACCGCAGCACGCGCCGCATGGACACGCTCACGTACATCGTGCTGCCGAAGTCCAACTCGCAGGTCAGTGGGAGCCAGGGCAACGTGCGCGTGATGATCGGCGGGGCGAATCCGCTGGCGCCGCGTGACGAGTGGGCGGTGTTCCCCGACGGGCGCGTGGCCGTGGCGCGCGCGGGGACGTATCACATCGAGTTCATCGCGCCGGACGGCAGCAAGCGCTCGGGGCCGCGCATCGCGTACACGCCGGTACGCATGAACGCGGCGGAGATCCGCTACGAGGAAGGCCTGCGCAACGCGGCGCGTGCCACCCAGATGTCGATCATGGTGACGAACAACAATGGACAGCGTTCGACGACCGCGCAGATGGGCCCGGGTGCCAACGCGCCGCCGCTCGAGCCGCTGACGGATTGGCCGGAGGTGAAGCCGCCGTTCCGCGCGGGCCAGGCCAGTGTGTGGGCGCGGCCGAACGGCGAGCTCTGGGTACGCCGCACCGAGAATGCGCAGGCACGCGGGACGCTCTACGACGTGATCAACGCACAGGGCACCGTGGCCTTCCAGGTGCGGCTTGAGGACGGCGTGACGCTCGCGGGCTTCGGCACCAACACCATCTATACGACGCGGAAGGACGAGGACGATCTCGTGTACCTGCGTCGCCACACCGCGACGGAGATCCCGCTGCGCGGCAACTGAGGCGCACGCGGGCACGGACGGCGGGGGTGGGCCATCGGGCTCACCCCCGCTTTCATTAGGGTTCGGTGAAGCGTGTTGACGGGTGTTCTCCCGAGGGCCAAATAAGGGCGATGCAACGGACTCTGGCTGCGGCGCTCGGCGCCGCCATCCTCGCGGGCGCGGCCTGCGGCGGCGAGGCGCCGCAGCAGGCGAATGTCGTCCGCACGGACTCGGCAGGCGTGCGCATCGTCATGAGCACGGGGCCGGATACGGCCTTGGCGTGGCGCTTCGATACGATCGGCGTGCTCACGGATTCGCTTGGCGAGCCGTGGCTCTTTACCGGCGTCACTCCGCAGCAGGTGATCACCGATCGTGCGGGCCGGACGTATGTGCTCGAGCGCGAACCGGCGATCCGTCGCTTCGGCCGCGATGGTCGCTACGAACGGAGCATCGGCCGGAAGGGCGGCGCGCCCGGGGAGATGGGACTGCCGTTCCATCTCGTGCAACAGGGCGATTCCATCGCCGTGCTCGACGTGGGCCGCAGCGCGCTGGTGCGCTGGGGGCCGGATCTCGACCCGATCGCCGACATTCCGCTCCGTGACGGGCTCGCGGGCACGATGCGCATAGCCTTCCGCACCGGTGGGCTCTGGCAGCAGGTCAGCAGCTGGGATTCGACCGGCAACACGATGACGTTGCGCGGCGACACCACAGGCAGCGCGGTGCTGGCCACCGTCTTCGAGCCGGCAAATCGAAACGCGCGCATGCTCTCGGGCTGCGGCGGTCGCGTGCAGCTGACGCAGCCGAACTTCTTTGCGCGCAGCATCCAGTGGGACGCCGACGGTCCGCGCGCGCTGGTGTATGCAGGTCCACACTACGAACTCGCGCTCTACGAAGGCAACCGGCTCCTCGCCTCGGTGCGTCGCGACCTGCCGACGCGGGCG
NZ_CP130612.1_gap12	279236	281457	2221	AGCAGACGGAGATCCTGCCCGACACCACCAGTGGCATCATCCCGGTGAATCCGGGCGACCGCGTCATCATCGAAGGGCACCTCACGCTGACGCACGACGCGCCGGTGCGCGCCGTCGCGGCGCGCGAGCGCAACTAAGCGGGCGTCCCGATGTCGCTCTCCGCATTCGCCGTCCGTCGTCCGGTGACGACGGTGGCCGCGACCTTGGCCATCGTCCTCCTCGGCAGCGTCTCGCTGACGCGCCTGCCAGTCACGCTGCTGCCCGACGTCACGCTGCCGGTGCTCACGGTGCGCACCACGTACACGGGCGCAGCGGCCGAGGAAGTCTCGCGCTTCGTGGCCGAGCCGATCGAAGCGGCGGTGGCTGCCACACCGGGCTTGGTGGAGCTGCGCTCAGTGAGTCGCAACGGCGAGGCCGTGACGACGATGCGCTTTCAGTGGGGCACGGACATGCCCACGACGATCCTCACGGTGCGCGAGCGGCTCGACCAGGCCCGGTCGCGGTTGCCGGAGGGCGCCGCGCGGCCGACGCTGCTCACCAGCGATCCGGGTGAACGTCCCATCGCGGTGATCGGCCTGACGGGCCTCAACGACCTGCGCCTGCTCGGCCGCACGGCCAATGACGTGCACGCGCGGCGCCTCGAGCAGATCGGCGGCGTGGCCAGCGTGGCTGTGGTCGGCGCGCCGGAGGACGAGATCCGCATCGAGGTCGACCCGGAGAAGATGCGCGCGCTGGGCATCTCGACGAACGACGTCGCGACGGCGGTGCAGAGCGCAAACGCCAACGGCGCGGGCGGCACGATCCGCCGCGGGCAGTTCCGGTTCTCGGTGCGCGCCCTCACGGAGTTCCGCCAGCTCGCCGAGATCGCCGAGACGCCGGTGGGGCCGGCGAGCGCGAACCTGCGCCTGCGCGACATCGCGACGGTGACGAGCACGCTGGCCGAGCCACGCACGCTGACGCGGCTGGATGGCGGTGCGGCGGTGGGCCTCGTGGTCTACAAGGACGCTGGTTCGAATACGGTGAAGGTCACCGACGACATGCGCGGCGTGATCGAGCAGCTGCAGACGGAGTTCCCCGACATCCGCATGCACGTCGTGGCCGCGCAGGCCGATTTCGTGGTCGACGCGCTCTCGAACCTCGGCCAGGAGATCGTCATCGGCGGCGTGCTCTCGCTGCTCATGATCCTCGTGTTCCTGCGGCACTGGAAGTCGAGCATCGCAATCGCCGTCGTGCTGCCGCTCTCGGTGATGATGGCGTTGGTGTTCCTGCAGCTCTTCGACGTGACGGTGAACGTGCTGTCGCTGGGCGGACTCGCGCTGGGCGTGGGCCTGCTGGTGGACAACGCGATCGTCGTGGCGGACGCGACGAGCCGGAAGATGGCGGAGACGGACCTGCCGCTTGACGAAGCGGCCATCGCCGCGACGGACGAGGTGTCGGGTCCGCTGTTCGCCGGTACGTTGACGACGCTGCTGGTCTTCGGGCCGATCATCTTCGTGAAGGGCTTGGCGGCGGCGCTGTTCCGCGACCTCTCGTTGGCGGTGGTGCTCTCGGTCGGCGGGTCGCTGATCCTCGCGCTCACGCTCATGCCCGTGATGATCGTCGGGCGCCGGCGATTCGCGGCACGCGCGCGCGTGCGGGCCGATCGCGTGCCGGGGCCGATGGAGGCGAAACTGATGGCCTTCGGCGAGCGCTGTGCGGACGTCTATGAACACGGCATGGAGTGGTCGCTGCGGAATCCGCTGGCGATGCTCGGCCTTGGCCTCGCGATCGTCGGTGTGATGGTCGTCTCGTTCTGGAAGCTGCCCAAGGAGATCCTGCCGCAGGTCGACGAAGGCATCGTCGTCGCGGCGCTGCAGCTGCCGGAGGGCACGGCCATCGACGAGACGACGCGCCAAGCGGCGCGCATCGAGGCGGCCGCGAAGCGGCTGGGATCGAGCGGCGTGTACTCGCGCGTTGGCATCGCGACGGACGAAGAGGTGCTCTCGGGCGCCGAGCCCGGCACGTCGGCGACGGCGCAGCTGTTGGTGCCGATCCCCGACGGCGCCGACGCCGCGCAGTTCGCGCAGCAACTGCGTGACGCCGTGCCGGACCTCGCGCAGGGCGGCCTGCTCGCGTTGGACCTCGCGGGCCAGAGCGAATTCGGGTCGCTGATTGGCCGTGAGGGGCGCTTGGTGCGCGTGGAAGTGAGCGCACGCACCTTGGCCGAGTCCCAAGCGTGGGC
NZ_CP130612.1_gap13	360460	364256	3796	GAGCATCCTGCATTTCTGGTCGCTGGTGTTCCTGTACATCTGGGCCGGGCCGCACCACCTCCACTACACGGCGCTGCCGGAGTGGGCGAGCACGCTGGGCATGCTCTTCTCGGTGATGCTGTGGATGCCGAGCTGGGGCGGCATGGTGAACGGCCTGCTGACGCTGCGCGGCGCCTGGCACAAGGTCACGGAAGAGCCGGTGCTCAAGTTCTTCGTCGTCGCGATCACGGCGTACGGCATGAGCACCTTCGAGGGCCCGATGCTCTCGGTGAAGAGCGTGAATGCGCTCGCGCACTACACGGACTGGATCATCGCGCACGTGCACACGGGGGCGCTAGGCTGGAACGGCCTGCTCACCTTCGGCATGGTGTACTGGCTGGCCCCGCGGCTGTTCCAGGCGCCGCTGCATTCCAAGAAGCTCGCGGAAGTGCACTTCTGGATCGCCACCTTCGGCATCCTGCTGTATGTGGCCAGCATCTACTCGGCTGGCATCACGCAGGGGCTGATGTGGCGCGCGTTCGACGAGACGGGTCGCCTGGCGTATCCCGACTTCGTCGAGACGGTGATGCAGCTGATGCCGATGTACTGGGTGCGCGTGGCGGGCGGCACGCTGTACATCATCGGCTCGCTGATCTTCCTGTACAACATCGCGATGACGTGGAAGGCGCGTCCGGCGGCGTACGAGGTGCCGCAGGTGTCGGCGCCGCCGCTGGCGAAGGCGTACGAGGAGCACCGCGTGCCCGAGACGGGCGGCGTCATCGGCAAGTTCGCGAACCTCAACTGGCACCGTCGCTGGGAAGGCCTGCCGCTGCTGTTCACGGTGATGACCGTGCTCGCGGTGGTGGTGGCCTCGCTGGCGGAGATCATCCCCACGTTCCTGATCAAGAGCAACGTGCCGACGATCGCCAGCGTGAAGCCGTACACGCCGCTGGAACTCGCCGGCCGCGACCTCTACATCAAGGAAGGCTGCTTCAACTGCCACTCGCAGATGGTGCGGCCGCTGCGCTACGAGACGGAGCGCTTCGGCGAGTACTCGAAGCCGGGTGAGTTCGTGTACGACCATCCGTTCCTGTGGGGTTCGCGTCGCATCGGACCCGACTTGGCGCGCGTGGGCGGCAAGTATCCGGACCTCTGGCACGTGCGGCATTTCGCCGAGCCGAAGAGCATCGTGCAGAACTCCATCATGCCGGTGTACAAGCATCTGCAGGAGCGCCCGCTGGACTTCGCGGGCATCCAGCGTCGGGTCGACGCGATGGTGATGCTCGGCGTGCCGTACGGCGAGGCCGTGCAACGCGCGCCCGAGATGGCGCGTGAACAGGCGGTGCAGATGGCGGCGGCGATCGAGTCGCAGGGCGGTCCGAGCGGGCTGGCCGACAAGGAAGTGATCGCGCTGGTCGCGTACCTGCAGCGCCTGGGGCGCGACATCAAGACGCCGGTGGTCTCGGACGGAGGGACGCAGCCGTGAAACTGGTCGACGTGATGAGCGCCTCCGGCCTCTCCGGCTACGCCATCGTGGCGCTGCTGCTGTTCTTCGCGGCGTTCCTGATGGTGCTGGCGATGATCCTTGCCCCCGGCTCCACGGCGCGCATGGCGCGCGCCGCGCAGCTGCCCCTCGACGACGACACGCGGTCCCCCCAGGGGACCGGGAGCACCAATGGCTGAGCAAAGCGACGACAAGCTCCTGGGCCACGAGTACGACGGCATCCAAGAGTACGACAACCCGATGCCGCGCTGGTGGGTCTGGGTGTTCTGGGCGACGATCGTGTTCGTGCCGCTCTATTACATCCTGCCCGCGCCGTTCGGCGAGGGTGAGGGCACGGTGGCGCAGTACGAGGCCGATGTCGCGCGGCACCAGGCCGCGCAGCCGACGCAAGTCGCTGCGACGGTCACCGATGAGGAGTTGCACGAGCTCTCGGAAGACGACGAGGCGCTGGCCGACGGAAAGGCGGTCTATGCGGCCAACTGCGCCGCCTGCCATCGCGCCGACGGCGGCGGCTTGATCGGCCCGAACCTCACCGACGACGCGTGGATCCACGGCGGCGTGCCGGTGCAGGTGCGCCACACGATTGCGGTGGGCGTGCTCGAGAAGGGGATGCCGCCCTGGGAGCGCATCCTCAAGCCCGAGCAGCTGAATCACGTGACCGCGTACGTGCTCTCGCTCAAGGGCACGAACCCGCCGAACCCGAAGGCGCCGGAGGGCGCCCCCGCCGCGCCCGCGAGCGGGACGTGACCGCGCCCCCGGTCGCCAAGGGACGCGTCCTCGCGACGCTCAACGAGGACGGCTCGCGCCGCTGGATCCGCCCCCGCCCGTCGCCGGGCAAGTGGCTGATCCGGCGGCGGGTGGTGGCCTACGCGCTGATGGCCTTCTACCTCGCGTTCCCGCACCTGCGCTGGAACGGCAAGCCGTGGATGCTGCTCGACCTGCCCAAGCGGGAGTTCACGTTCTTCGGCAGCACCTTCCTGCCCACGGACACGCTGCTGCTGATGCTGCTGTTCGTGAGCGTGCTGGTGTTCATCTTCCTGCTCACGGCGCTGTTCGGCCGCGTGTGGTGCGGCTGGGCCTGCCCCCAGACGGTCTGGATGGAGTTCCTCTTCCGGCCGATCGAGCGGCTGGTCGAAGGCGGCTACACGCAATCGCGCGCGCTCGACCGGGACAAGAAGCACTTCACGCCGCGGCGCCTGCTCAAGTACGCGATCTACGGCGTCCTGGCCGTCGTGCTCGGCAATACCTTCCTCGCGTACTTCGTCGGCACGGAGTCGCTGTTCCGCTGGATGGCGCAGTCGCCGTTCGAGCATCCGACGCCGTTCCTCGTGATGGCGACGGTGTCGCTCGGCGTGTTCCTCGACTTCACCTGGTTCCGCGAGCAGACCTGCATCGTGGCCTGCCCCTACGGCCGCTGGCAGTCGGCCCTGCTCGACAAGCAGTCGGTGATCGTCGCGTATGACGTGACGCGCGGGGAGCCGCGCGGCCACGGCACGGGCGCACGTCCGGGACTCGGCGACTGCGTGGCCTGCAACGCCTGCGTGAACACCTGCCCGACGGGCATCGACATCCGCGACGGCCTGCAGATGGAGTGCATCCACTGCACGCAGTGCGCGGACGCCTGCGACGCCATCATGGACAAGGTCGGCAAGCCGCGCGGCCTCATCCGCTACACCTCGCAGGATGCGTTGGCGGGCAAGCCGCCGAAGTTCCTGCGCGTGCGCACGGTGCTGTATCCGTTGGTCTTCACGCTGTTCTTCGGTGCCTTCCTCATCGCGCTGGCGACGCGGTCGACGGCCGACGTCACGTTGCTCGGGCCGATCGGCGCGCCGTTCACGCGCGAGGCCGACGGGTCGGTGGTGAACCAGGTGCGCATCAAGATCGCCAACCGCACGGGGCGCGAGCAGTCGTACGACATCGCGTACCTCGACGAACCGGGCGCCAACTTCATCGCGCCGGAGAACCCGTTGCGCGTCGCGGCGGGCGCGACGGTGACGACGTCGGTGTTCATCGTGCAGCCGGCCGCGCGTTTCGCCGCGGGCGAGCGGCGCGTCCGCCTACGCATCGACGACAACGCGAAGTTCGAGCGCGAGTTCACGTGGCGCCTGCCCGGGCCCGTGGGCGACGCATCCACCCCGGAGGTTCCGTGAAGCGCGGTTGGCAGTGGCCAGTGCTCATCACGCTCGCGTTGGCGTTCACGGTGGGCGTGAACGTGGTGATGCTGCTGGCCGCGGGGTCGGATCCCAACGGCACGGTGGTGGAGCCCGATTACTACCGCAAGGCCGTGGAGTGGGACCGCACGATGGAGCGCCG
NZ_CP130612.1_gap14	372705	376411	3706	CGCACGGCGCCGGCGATCTCGGCGCGCACGACGCCGCTCAGGCGACGCACCGCCGAGAGCAGGCGCTCGGCTTCGGCGCGGCCATGCGGCAGCAGGATCTGCGCGCCGCTCTCCTTCAGCCAGGCGATGCCACGCAGCACCTGCTCCGCGGTGCGCTCGCCGAAGCGTGGCAGCTTGGCCAGGCGGCCATCGCGCGCGGCGTCCTCGAGTTCCTGCAGGGTGTCGATGCCGAGCCCTTCGTGGATGCGGCGGATGCGCGAGGGACCGAGGCCCGGCACGCGCATCATCTCGAAGAGGCCTTCCGGCGTGCTCTCGCGCAGGCGGTCGAGCAATTCGGAGTCGCCGTCGTCGCGGAGCTGCTCGAGGACCTCGATCACTTCCGGCGCAAAGCGGCGCTTGTCGCGCTTGAGGAGCTCCTTGAGCGGCTTGGCTTCGTCGGCCGCGAGCGAGCGGGCGGCGTCGGCGAAGGGGGCGGGCACGGCCGGATCCTCGCCCTGCAGCTCGAGCAGCGCGACGATTTCGTGCAGCAGGTGCGACGCGGCCTTCGAATCCATCCCGGCGCTCACTCTTCCTTGCCCGCGTGCTCCGACAGCGTGTCGATGAGCTGGTGCAACTGTCGTTCGGTGAGGTCGATCTCCTCCGCCGCGGCCTCGACATCGAGCAAGCCGGCGCGCATGGAGACCGCCACCTGATTGAGATAGCGGATCTTCGCGAGGATCTCGTCGGTGTGCTTGCGCAGCCCGAGGAAGCGGCGCTTTTCGGCCAGCGCGCGGCGGTGGCGCTTGATGAGCTCCTGCGGCGACATGCGCTTGGCGAGCGCGATCACTTCCTCGCGGGAGCGGCCGGGCAACGCGCCGCGGTCGGGCAGACCGAGATCATCCCAGGCCTCGTCGGCGAACCAGAGACGGCCCACGTACTCGATGCCGTCGTAGGTGATGCGCACCGAGACGTTGTAGCGGCGCCCGTCCATCTCGACGGTCGCCACATACGGTTGGATGATCTCGTCGTGCGTCGCCATCAGGGGCCGAGTGAGGATGCCGTGCGTGCGAGGAAGTCCTCGACGGCGGCGAAGAGCCGTGCCGGTTGTTCAACATACGGCACGTGCCCGCAGTCATCCAGCCACAGGCTCTCGGCGCCGAGCGCGGCGGCGCAGGCCTGCGCGGAGGCGAGGGGGATGGGGTCCTGCCGCCCGTGCACCACCAGTGCGGGGATGCGGAGCGTCCGGAGCGCGTCCCGCAGGTCGAAGTCGCCCAACGATTCCCAGATGCTCTGCTGCACGCGGCCCGTCACACGGAAGGGCGTGAGGTCGTGCACGCGTGACGGATCGGCGAAGTAGCCGGCGACGGAGAGTTCGAAGCTGCGCTGCTTGTAGGCTTCGGGGTCGGACTCACGCAGGCCGCTGGCCTGGAGCTCGGCGCGCATTGCCGTGACGGCGGGGCCGGTCTGGCGTGCGCTGAAGGTCGCCTCGAACTCGGCGCGCCAGCTGCGGTTCAGGGGCGCGGGGCTGATGAGCACGAGCCGATCCGGCGCCGGGGCCACGCGGCCGGCCGCGGCTTCGATGGCGTACAGCATCGCGAGCATCGCGCCCCACGAGTACCCGACCAGCGTGACCGGTCCGTCGTGCAGCTCGGCCAGCACCGCCGCGAGGTCCTCCACCTGCGTGTGCCAGGTGATCGGCGTGCGGTCGTCGGTCTTGGAACGGCCTCCGCCGCGCTGGTCGTACAGGAGCACGTCGTGATGGCGCGCCAGCTCGAGCATCTGCGGCAGCAGGTAGTCGAGGTGCGCGCCCGGACCTCCATGCAGGAGCACGAGCGTGCCCTTTGGCTGCGGGGCGTCGTAGCGGCACCAGTACAGCGGCAGCGCGGTGGTCGTCGTGACGCCCTCGGCGGAGGGCGGAGGAATCGGAGGCATGCCCTAAAGAAAGCTCGCGGCGACGCGGGCGGTATTCACGTGCACCCGGACGGTGTCGCGGATGTCGGCGCCGTAGCCGCCGGCGATGGCGATCGCCACGGGCACGCCGACGCTGCGGGCGGCCTCGAGGACCAGCGCGTCGCGGCGCATCAAGCCGTCGAAGCTGAGTTTGAGGCGGCCGAGCGTGTCGCCCTCGTGGGGATCGGCGCCCGCCAAGTACAGCACGAGGTCCGGGCGCGCGGCGGCGAGCACCTGCGGCAGCGCCTCGGCCAGCTTCTCGAGGTACTCGGTATCGCCCGTGCCGTCCTCGAGTTCGACGTCGAGCGTGCCCGCGACCTTGCGGAACGGATAGTTGCGCCGGCCGTGCATCGAGAAGGTGAAGGTGTCGTCGTCACCGACGAAGATCGCGTGCGTGCCGTTGCCTTGGTGCACGTCGAGGTCGATCACTGCGGCGCGGCGAATGCGGGCCTGGGCGCGCAGGGCGCACACGGCGATGGCGACGTCGTTGAGCACGCAGAATCCCTCGCCGTGCGACGCGAAGGCGTGGTGCGTGCCGCCCGCGAGATTCATCGCGATGCCGGCGTCCAAGGCATGCAGTGCCGCCTCGAGCGTACCGCCCGACGCGCGGAAGGAGCGCTCGACCAGCCCTTCGCTCCACGGGAAGCCCAGTGCGCGCTGCTCGGCGGCGGGCATCGTGCCGCGCAGGAGCCGCGTGATGTACTCGGCATCGTGCACGCGATGCACGTCCTCGAGCGGCGCGCGTGCCGGATCATGCAGCGCGGCCGGCGCGACGACGCCCTCGGCGAGGACGGCGTCGCGCAGCAGCGCGTACTTGGCGATCGGAAAGCGATGCCCCTCGGGGAGCGCAATCACATAGTGCGCGCTCGACCAGCAGTGCAGCGGCACGGCGCGATGCCCGCGGGGCGCTTAGCGCACCGCGCCCTCGCCGCGGAACACGACGCCGCCCTTCATCACGAAGCTCGGGCGCTCGAGCAGCGTCACGTCGCGCAGCGGGTCGCCGGGCACGGCGACGATGTCGGCGAGCAGGCCGGCGCGCAGCGTGCCGACGCGGTCCTCCCAGCCGAGCACCTTGGCGGCGCTCGCGGTCCCGGCGACGATCGATTCCATCGGCGTGAGGCCGCCCCACTGCACCATGAGCGTGAACTCATGGCCGTTCTGCCCGTGCTGACCGACGCCTGCGTCGGTCCCGAGGGCGATCGGCGTGCCGGCGGCCTTGGCGATCTTGATGGCGTTGCGCATCGCGGCGGCGGCTGCGCGGGCTTTCTCCGCGATGAACGGCGGCAGCCCTCCCGCGGCGGCGGCGCGCTCGACGGCCTCGCCGGCCATCAAGGTCGGCACCAGGTACGTGCCGCGCTCGGCCATCAGCCGTGCGCCTTCTTCGTCCAGGAACGACCCGTGCTCGATGCTCGCCACGCCCGCGCGCACCGCCCGCTTGATGCCTTCGGTGCCGTGCGCGTGCGCGGCGACCTTGCGGCCCAGGGTGCGCGCCTCGGTGACCATCGCCTCGAGTTCCTCGACGCTGTACTGCGACGCACCGATGCCCTGTGAGCCGCCCGAGAGCACGCCGGCGGTGGCGCAGGTCTTGATGACGTCGGCGCCGTACTTCACTTGGTACCGCACGGCGCGACGCACTTCATCCACGCCGTCCGCGATGCCCGTCTCCGGCGTCCCGTCGAACAGGCCGGGCCGGTAGTTGTTCTCGTCGCAGTGGCCGCCGGTGATGCCGAGGGAGTGGCCGGCCACCTGCAGGCGCGGGCCGGGCACGTAGCCGGCG
NZ_CP130612.1_gap15	381463	385850	4387	ATGGTCGGCCGTCGGGCGTTCCTTGAGCGCGGCCTCGTAGGAATCCAGCACCAGGCGGTTGCCGCGGTCACCGATGGCGTGCGTGTTCACCTGGAACCCGGCGACGAGCGCGCGGCTGGCGACGTCCTTGATGTGCGCCGCCGGCGAGACGAGCAGCCCGCTCGTCGCCGCATCGCTGTAAGGCTCGAGCAACGCGGCGCCCCGCGAGCCCAGCGCGCCGTCCTGGTAGAGCTTGATGCTGCGCACCCACAGCATGCCGTTGTGGCCGCCCACCAGCGGACCACGGCGGAACCACGCGTCGATCGTCGGCTGGTGATCGGAGATCATCGCGTAGAGCCGGATGTTGAGATTGCCTTCGCGGCCCAGCTCTTCGTAGAGCTCCAGCGTGAGGCCCGACGCCCCCGCATCATGCACGCCGGTGAGTCCCCAGCGGTGCATCTCGGCGATCGCGTCGGTGATCATCTCCTTCACCTGCGCGCGTGATGGCGCCGGGACGGCGCGCGCCACCAGGTTCTCGGCGTTATCGATCAGCACGCCCGTGGGATTGCCCTGCGCGTCCTTGATGATCTCGCCGCCGGCCGGGCTTTGCGTCGCGCGCGTGAGGTTGGCGGCGCGCATCGCCGCGGCGTTCGCGAGCACGGCATGGCCGTCGACGCGCGTGAGCAGCACCGGATGGTCGGGGACGGCGCGCGAGAGCGCATCGTGCGTGGGCCAATTCGTGTTGCCCCAATCGTTCTGGTCCCAGCCACGCCCGAGGATCCACTGGCCTTTCGGCGTGTCCTTGGCGCGTTCGACCACGCGGGCGATCACCTCGTCGTAGGACTTCGTCTCGACGAGATCCACGGCCTGGAGCTTGTCGCCAAGCCCGACCACGTGCGCATGCGCGTCCGTCATGCCGGGGATGACGGTGCGCCCGGCGAGGTCGATGCTGCGGGTGTTCGGGCCCGCGAGCGCGCGGGCGCCGGCCACGTCGCCGGTGAACACGACGCGTCCGCCACGGATGGCCATCGCCTGCACGATCGGCCGCGCGGCATCGGCGGTGTAGATGCGGCCGTTGAAGACCACGACATCGGCGGCCGACTGTGCGGCGGCGGCGAGCGGAGCGGCGGCGAAGGCAAGCGTCGCGACGAAAATGCGCAAGCGTGACATGAAGAAACGGTCTCGAGTGAGGTCGATCACAAGGGGGAGTTGCCGCGCATCACGGGTGGAACGCACGCGTGACCACGGCGGTATGGTACGCAGTCTCCTTCACGGCATCCCCCAACCATTGTCGGAGCTGAAAATGTACCACAGGAACGCAGTACTGCTCAGTCTTGTCCTTACCATGACGATCCCGATCGCGGCGCACGCGCAGCGGCGGTCACAGGATAGCACGCGGAGCGCCGAGTCCACAGCAGAAGCCGAGGCGCGGCTGGCACGAAAGGCGGCAGGGCTCACGGTCGGCCCGTGGGAACTGCGTGGCATCGAGCCGCCGAGCGGCGTCGATGTATCCACGATGCCGATGTTCTACGGCTTCGTGCGCCGCGGGCTCGATGTGCGGCTCGCGCTCGAGAACGGCATCGGCGTGTGGCGGCGCGAGCAGTCCACGCCGGCGACCGGCGGCCTCGGCGGCACGCCGGGTGAGACGGTGCAGAGCTGGGTCGTCGCCCAGACCACGGCGGTCCGGTTCTACCCGGCGACGGACGCGGGCGCGCGCTTCGAGCCCTGGGTGCTCGGTGGTGCGGGCCTCACGCTCGGCATCGACGATCGCGAGACCACCGGCGGCGGCATCCTTGGCGGCAGCACTGGTGGCTCGGGTGTCGGCATCATCCCCGGCTTCTCGCTGCAGGGCGGCGTCGGCACGGAGTGGTGGTTCAGCCGCTCGCTCGCGCTCAATGTGGGTGCGCGGTATCAGTGGACGCGCTTCTTCGAGGACTTCGGTGGCGCGCGCACGTACCAAGGCCCGGCGTACGAAGCGGGGCTGACGTACAAGTTCCGCTATCGGTAGCTTGGGCGGCGTGAGCCGCCCTCGGATCATCGTCATCGGGTTGGGCGCCGTCGGCAGTGCGGCGGCGCTGCATCTGGTTCGCGCGGGCGCCACGGTCATCGGGTTTGACCGCTGGCGCCCGCCGCATCCGCATGGTTCCACCCACGGTGAATCACGCATCACGCGGGCGACGGCGTGGGAAGGCGCGCGCTACGTGCCGCTCGTGGCGCGGGCGCAGCGGCTCTGGGCCGACTTCGCTGGCGAAACGGGCCGTCGGTACTTCACCCCGAGCGGCGGTCTGTTCGTCGGCCGGCCCGATGACTACCACCTCGCGGGTTCGCTGACGTCAGCGCGAGAGCGGCACCTGCCCCATGAGTGGCTGACATCGCGCGAGATTGCGCGGCGCTGGCCGTGGCTTGAGGTATCCGCAGAGGCGGAAGGATTCTGGGACCCCGGCGCCGGCGTCCTCGCGCCGGAGCGCATCGTCGAGGATCAGCTCGCCATGGCGGAATCGCGCGGCGCGACGCTGCACTACGACACCGTGGTGCACGGCATCGCGCCCACAGGCAGCGGTGTGCGCGCGGAGACGTCGCGCGGCGCGCACGAGGCGGATGCCATCGTGCTCTGTGCCGGCGGCTGGACCAACGGGCTTGAGGGCTGGACCGGACCCGCGCTCCAGGTCGAGCGCGTCACGCAGCATTGGTTCACCGAGGCTGCCTCGCGGGCCGATGCGCCGGTGCTGCTGCTCGGCGACGGCCACGGTCACGCGACCGCCGTGTTTCCCGCGCAGCACGGATTCATCAAGGTCGCAGGCCACGGTTCGGGACGCATCGGTCCGCTCGACGCCCTCAATCGCCAAGTGCACACGGACGACATCGCTGGCGCCGAGAGCATCCTGCGCACGTACTTGCCACGGCACGCCGGCGCGGTCGCCCGCAGCGTGACTTGCTTCTACACGTGCACGACCAGCGGACACTTCATCATCGACCGCATGCCGAATGCGCCGCAGATGGTGTTCGCCAGCGCCTGCAACGGATTCGGCTTCAAGTTCTCCGTGGCGGTCGGCGAGGCCCTGGCGGCGCTTGCCCTCGGCAAGACGCCGCCCGTGGACGTCCGCTCGTGGGGTATCGGCTAGCGCTGACGGCTGCCGAGCCAGGCGCGGCGAAACGCCAATTGCTCGGCCGTCGGCTTGCGACCGGCATCCTCGTACGGCACGACCTCCAGGCGCGGATTTCCGCGCAGGCGCATCGTCCCCGACATCTCGCCCGCGCGTGACTGCCACGTGACGCGCAGCTGCGTGCCCGGCTGCTTTCCGGAAAGGACGCGCGCCACATCTTCGGTCGTGGCGATCGCGGTGCTATCCAGCGTGAGGATGCGGTCGCCGGCCGCGAGGCCGACCTCGTACATCGGGGAGCCGTAGGTCGTCGGTCCGGCGACCACGACTTCGCCTTCGAAGGCCGAGAGCCGCGTGTCGCCGATCCAGGCTTCCTGCGACGCGGCCGGTCGGAGCAGGAATCCGGCACGCGCGAGCAGCGACGCGTATGGCGGGAGCTCGCTGCCGTAGATGTAGTCGCGGAAGAAGTCGCGTGCGAAGACGGAGTCGCGCGCGACCTCGGCCACGGCCATCTGCACGTCGGCGACCGTGTAGCCCCGCGCCGGCGCATAGCCCGCTGTCTGCGCCCCGAAGCGTCGCCACATCAGCTGCATCACTTCGTCGAGCGTATGCCCGCGGGCGCGCAGCGTGAGGTCCAGCGCCAGCCCGATGCCTTCGCCGTACGTGTAGTACGAGATGAACATGTTGGCGCGGTTGTTCGGGTCGATGCTCGTTGCCGCGTCCACGAAGGGCGCCTGCTGGCTCATCCCCACGGGGCCGAAGTAGCGGCGGCCGGGGTGCGTGGTGAGGGTGTTGATGGCGCCGGAGATCTGCCGCGCATACTGCGCGGTGTTCGTGATGCCGGCGCGATGGATGACCAGCGGTCCGTAGTAGTTCGTGAAGCCCTCGGCGAACCAGAGCTCGCTGCTCATGTTCGCGTCGGAGAAATCGAAGGGCTCCAGCGAGGCGGGCCGGATGCGCTCGACGTTCCACGCATGGAAGAACTCGTGCGAGACGGTGCCGAGCAGCTGCGCGCTGGACTGCGCGAGCGAGCCGGAGGATGTGAGCGACGTCGAGTTGCGGTGCTCCATGCCGTCGCCGGCGCAGTTGGGTCGGTAGCAGGCGACGAACGTGTACGTGCCGAAGTCGAAGCGCGGGAACTCACCGAACACGGCGGCCATCTCGTTCACGACGCGCTTCGTGAGGTCGGTGAAGCGCGTGGCCTCATCCTGCGTGCCGAGGTGGTTGAGGGCGAGTCGCACCGTCTGGCGCGACTCGGCCGGGCCCACCTGCCACTCCCGGATGTCGAGCGCGCCGAGGTGCGTCGG
NZ_CP130612.1_gap16	389653	393046	3393	CGAACCGGATCCGAACGCAAACTCGCGCGCGCGGCGCATCCGTACCGGGATCCTGCAGGGCATTCCGCGGCCCTGAGCCGTCGGCTCAGGGCGTGCCGCTGCGCATCCGTTGCACGCGCTGGGTGCTGGCGCTGTCCCACGGTGTCCGGGGCTCTTGCATCACACGCTCGACGTCCTCGAGTTCACGCGGAACCAGCGCACTCGGGCGCTCGACGCCGCGCGCCGTGACGAGGTAGTCGTCCTCGATGCGCACGCCGATGCCCTTGTAGCGTTCGAAGGCCTGTGCCGTCCGGCGCAGGTAGGCCTCGTTGTCCGGCGTGCGCGGCAGGATCTGCGGCAGGTTCTCACGCACGTAGATGCCGGGCTCGATCGTGAACGCGCTGCCGACACCGATTGCCGACTGCTCGTACTGATCCGGGTCGTGGACGTCGAGGCCGATGCCGTGGCCGAGCCCGTGCATGTAGAACAGGGCGAGCTGCGGGCAGCGGCGCGGACGCTGCGCGCTGCCGCAGTCGTAGGTCGCGTTCGGGGAGTCCATGAGACCGAGCCGCGTGAGGCCCTGCGCGAGGGTGTTCGCTGCGGCGGTCGTGAGCGACTGCCAACGTGCGCCGGGTTCGATCAACCGTTCCGCGGCCTTCTGTGCGGCCAGCACCACGTCGTAGATGTCGCGCTGGGCGGGCGAGAAGCGTCCGCTCACGGGAATCGTCCGGGTGATGTCGGCGGAATAGCCGTCGAACTGCGTCGCCATGTCCATGACGACCACGTCGCCGGCCTGCGTCACCCGCGTGTTCACGTTGTAGTGCAGCGTCGTCGCGTTGGGACCGGAGCCGACAATCGAGCCGTAGCCCGGCACGTCACCGGACTCCCGGCGCCACACCGCCTCGGCTGCCGCCTGCAACTCCCATTCGCCGACGCCAGGCTGCGCCAGCGCGAAGGCGGCGAGATGCCCACGAGCGCTGATCTCGGCGGCGATGCGCAGGCGCTCGAGCTCGGCCTCGGATTTCCTGCCGCGCAGCCGCGCCACGGCGCCCGTGCCGTCTTCGATGCGCGCCGTCGGAAACGATGCCTTGAGCGCATTCACGTACTGTTCATGCGCCGAGAGCGTGGTTGGACCGCCGAAGAAGTCGCCGACCACGTAGAGCCGGATGTCGCCGCGCAGCACCGAGTCCACGGCATTGCGCAGCTCCGCGACGTCGCGCCCTTGCATGCCGGTGGCCGGCCCGACGCCATCCACGCCAAGCCGGGCGCCGGTCCAGACTTCCTGCGCGGGGTCGCGCGGACTCACGAAGAGCGTCGCGCGGATGCTGCCGTTGACGCGGGCGAGCAGCAGCGCCGCGTCGGGTTCACGGAAGCCCGTCAGATAATAGAAGGGCCGCGACTGCGACCACGGCAGGTAGTCCTGCGCCGCCTCTGGCGCCGCGAGCACCAAGACCGCGCCGTCGTCGAGACGCGCAACCAGCGCCTCGCGGCGCGCGGCGAACTCCGCCTGCGCAATCTGGGCGTCCAGCGGAGCCGCAAGCGGCGTCGCCGGAAGCGCTGCGGCGAGGAGCAGCGCGGAGAAGGCAAATCCAATGAGGCGCATCGTGTCGTGCGAAGTGTGTCGGGGAAATCTAGGCGTCCCCAACGTACCCCGCGCCGGCCGCGTAGGTTTAGGCTAGCCCTTCACTCCCACCTGGAGTCGTTCGCGATGTCTTGGCGTTCCTTGGCTTTCGCCCTTCCGTTCACGGCGGTCGCCGCCCTTCCGTTGGCCGCGCAGCAGCCGCGGCTGACCTCGCCGGAGCAGTTCTTCGGCCACCAGATCGGCGCCGACTACGTGCTCCCCAACTACAGCAAGTTCCACGAGTACTGGATCCGCCTCGCCAACGAGTCGGACCGCATGGAGCTCGACACCATCGGGCTCACGGCCGAGGGTCGCCCGCAGATCATGGCGATCGTCTCCAGCCCCGAGAACCTCCGCAACAAGGAGCGCTACCGGCAGATCGCTGAGCGACTCGCGCGCGCCGAGGGCGTGACGGCGGAGCAGGCCCGGCAGCTGGCCCGCGAGGGCAAGGGCATCGTCTGGATCGACGGCGGCCTGCACGCCACCGAGGTGCTGGGTGCGCAGCAGCTGATCGAGACCAACTGGCAGCTGGTGAGCGGGCAGGACGACGAGACGAAGCGCTTCCTCGATGACCTGATCATCGTGATGGTGCACGCCAATCCCGACGGCATGGAGCTGGTGAGCGACTGGTACATGCGCAATCCGGATCCGCGCCGTCGGACGTACAACAACATCCCGCGCCTGTACCAGAAGTACATCGGGCACGACAACAACCGCGACTTCTACCTCGCGGCGCAGCCGGAGTCCGAGAACCTGAACCGCGTGCTGTACACCGAGTGGTATCCGCAGGTGATGTACAACCATCACCAGACGGGTCCGGCCGGCACGGTGATGTTCGCGCCACCGTTCCGCGATCCGATGAACTTCAACATCCACCCGTTGATCAAGACGGGCCTCGATGTGGTCGGCGGCGCGATGCACAACCGCTTCGTGCTCGAGGAGAAGGGCGGTGTCGTGATGCGTTCCGGCGCCGGCTATTCCACGTGGTGGAACGGCGGCCTGCGTACGACGGTGTATTTCCACAACATGATCGGCTTGCTCACCGAGACGATCGGGACGCCGTCGGGCATGGAGATCCCGTTCATCGCCAGCCGGCAGATCGCCAGCGCCGACCTGCCGCTGCCCGTGCAGCCGGGTCCGTGGAAGTTCCGCTCGTCGGTCGAGTACTCGGTGACCGCCAACAAGGCCGTGCTGGACGTCGTCTCGCGCAACCGCGAGCACTTCCTGTTCAACATCTGGAAGATGGGCAACGACCGCATCGAGCAGGGCAACCGTGACAGCTGGACCATCTGGCCGAAGCGCAACGCGGCCGTGGCCGCGCGCATCGACGCGGAGAACCGCCAGCGCCGTTCGCAGCAGCAGGCCGACAACCCGATGGCCTTCCTCGGCGGCTTCGGCAATGCCGCGCAGCAGCGCACCGGCGAAGCGGCGCAGCAGATGATGGCCGCGATGAAGTCGCCGGAGAACCGCGATCCGCGTGCGTACATCATCCCGGCCAACCAGCGCGACTTCCCGACGGCCGTGCGCTTCATCGTGGCGCTGCAGAAGGCCGGCATCGACGTGCATCGCGCGACGGCGGCCTTCTCGCACGGCGGCAAGCAGTACCCGGCCGGCTCGTACGTGGTAAAGGTCGGCCAGGCCTTCGGTGCCCACGTGCTCGACATGTTCGAGGCGCAGGATCACCCGAACGACTTCCGCGTGCCCGGTGGCCCGCCGACGCCGCCCTACGACAACGCCGGCTGGACGCTGGCGATGCAGATGGGCGTGGTCTACGACCGCGTGCTCGACAACCT
NZ_CP130612.1_gap17	589641	590986	1345	CAACTTCAGTGGTGAAGCGAAGCCTTCATCCCGAAGACGTCCGCGAACGCCTGGACCGTCGCCTCGCGCACATCCTCGCCCAGCGTGGGTGAGGGTGCGAGGCAAAGCCCCGCCTCGCTGCGCTCGAGCAGTTCGCGTTCCACAGATGTCATGTCCACGCCAGGCAGGCCGCAGGGCACCATGAGGTCGAAGTAGCTCAGATCCGTGGTGACGTTGAGGGCGAAGCCGTGCCAAGTCACCCACTGCCGTGCGTGCACCCCGATGCTGGCGAGTTTGCGGGCCGCGCGAATCTCCGCACCCGAGGCATCACGCAGCGGCTGCGTCCAGATGCCGGTCTTCTTCTCCACGCGCTCGGCGACGATGCCGAACTTCGCGACCGCACGGATCAGCACCTCCTCGACCTGCCGCAGGTACCAGTGCAGGTCCTGCTTGTGCTCGGTGAGGTTCACGATCGGATAGCCGACGAGCTGACCCGGCCCGTGGAAGGTGACGTCGCCGCCACGCTCCACCTCAAACAGCTCCACGCCACGCGCCGCCAGGAGCTCCGGCGTGAACAGCAGGTTCTCCTGCTTGGTGGATCGTCCCAGCGTGATCACCGGCGGATGCTCCACGAGCAGCAGCACGTCCTGCGGGATCTCCTTCGAGATCCGCTTGGCCGCCACCTCCCGCTGGAACGACAAGGCCTCCGCATAGCTGCGGAGGCCGAGGTCGTAAACGAGAAACTCCTTCACGGTGCGAGACTACGCGCTTACGCGTGCAGCATCTTCCCCATCGAGTCGAGCACCGCCTCGGCGATCGCCTCGCTGAGCGTCGGATGCGCGTGGATGGCGAGGTCGATCTCCTCCACGGTGAACTCGTTCTCGCGGGCCACGGCGAACTCGTGGATCATCTCGGTCGCGTGCGCGCCGATGATATGCGCGCCGAGGATCTCGCCGTGCTTCTCGTCGCGGATGACCTTCACGAAGCCCTCGGTCTCGCCGCTGGTGCGCGCGCGGCCGTTGGCCGAGAAGGGGAACTTGCCGACCTTGTACTTGAGGCCCTTCTCCTTCACCTGCGCCTCGGTCATGCCGATGCTGGCGACTTCCGGGTGGCAGTAGGTGGCGTTGGGGATGTTGCCGTAGTTCACCGGGTGATGCTTGTGGCCGGCGATGATGTCGGCCACGACATGGCCCTCGCGCGAGCCCTTGTGGGCGAGCATCGGCGGGCCGGCGACGTCGCCGATCGCGTACACGCCCTTGGCAGTCGTCTCGAACTTGTCGTTGATCTTGATGAAGCCGCGTTCGGTGGTCTGCACGCCGGCTTCCTTGAGGCCGATGTTCTCGATGTTCGGCGCGCGGCCCGCGGC
NZ_CP130612.1_gap18	592753	596728	3975	CGTCACGCGACCGGTGGCCGTCGGTGCAGCCGCGACCGGCGCGGCGGCCGGAGCCGCCGCAGGCGTCGATGCCGCGGGAGCGGATGGAGCCGCAGGTGCAGCCGCGGGAGCCGCTGCCGCAGGAGCGGCCGCGCCCCCGGCGAGCAGCGCCGAGATGTCTTCGTCTGCGCCGGCGATGATGCCGACCAGCGAGCTCACCGGCGCCGTGGTGCCTTCGGGGATGAGCTGCTTGCGGAGGATGCCGTCGCCGCGGGCGACGAGCTCCATCACCGCCTTGTCGGTCTCGACTTCGGCGAGCACGTCACCTTGCTTGACGGCGGCGCCCTCGGCCTTGACCCACTTCACCAAGCGCCCCTCTTCCATCGTGGGGGAGAGGGCCTCCATGAAGACCTTAGTCGACATACATCACCTTCTTGACGGCGGCGATGGTCTTGGCGAGGTCGGGCTTGGCGGACTTCTCCAGCCCCTTGGCGTATGGCATGGGCACGTCTTCCTGGTGGACGCGCACGACGGGCGCGTCGAGGTCATCGAAGCATTCGCGCTGGACGTAGTCCACGACCTGGGCGCCGATGCCTGCCAGCTCCCAGCCTTCCTCTAGGACGACGGCGCGGTTGGTCTTGCGTACCGACGTGGCAATCGCCTCGACGTCCATCGGACGCACCGTGCGGAGGTCGACGACGTCGACCTTGATGCCTTCCTTGGCGAGCTCGTCGGCGGCCTTCATCGCGACCAGCACCATCTTGCCGTTCGTGATGATGGAGCAGTCCGACCCTTCTCGCTTGAGGTCGGCCTTGCCGATCGGCACGATGTACTCGTGCTCCGGCACTTCGCCCTTGGTGTTGTACAGCATCTCGCCCTCGAGCACGATGACCGGATTGTCGTCGCGGATGGCGGCCTTGAGCAGGCCCTTCGCGTCGTACGGCGTGCCCGGCGTCACGACCTTGATGCCGGGGATGTGCGCGAGCCAGCTCTCGAAGGCCTGCGAGTGCTGGGCCGAGAGCTGCAGCGCGGCGCCGTTGGGGCCGCGGAACACCATCGGCATCGGATACTGGCCGCCGGACATGTAGAGCATCTTGGCGGCGGAGTTGACGACCTGGTCGAGCGCGAGGATCGCGAAGTTCCAGGTCATGAACTCGATGATCGGCCGCAGGCCGACCATCGCGGCGCCGACGCCGACGCCGGCGAAGCCGAGCTCGGTGATCGGCGTGTCGACGACGCGCATCTCGCCGAACTCATCGAGGAGACCCTTGGAGACCTTGTAGGCGCCGTTGTACTGCGCGACTTCCTCACCCATGAGGAAGACGCGGTCGTCGCGGGACATCTCTTCGCGCAGGGCCTGGTTGAGGGCCTCGCGATACGTGATGACGGCCATCGCTCAGCTCTCCGTGGTGACGAGGACGTCTTCGTAGAGCGACTCGAGCGGCGGCTCCGGCGAGGCGTCGGCGAAATCCCACGAGTCCTGGCAGACGGCCTTGATCTCCTGCTCCATCGCGGCGAAGTCGTCGTCGCTGATGATGCCTTCGTCGAGCATCTTGGCCTTGAGCAGGTTGATCGGGTCGCGCTTGAGGTACTCGTCGAGTTCAGCCTTGGTGCGATACGTGCCGCTCACGGCGTCGGACATCGAGTGGCCCATGTAGCGATAGGTGCGCACCTCGAGGAGGACGGGCTTCTGTTCCTTGCGTGCATACGTGAGGGCGCGGGCCGTCGCGTCGCGGACGGCCATGACGTCCTGGCCATCCACGTGCTCGGCGTACATGCCGTCGTAGGCGTCGGCACGGCGGGAGAGATCCTTGATGGCGGCAGCGCGCTCGACGGCGGTGCCCATGCCGTACTTGTTGTTCTCGATGACGAAGATGCAGGGCAGCTTCCACAGCGCGGCCATGTTCAGCGCCTCGTGGAAGGCCCCGGTGTTCACCACGGACTCGCCCATGAAGCAGACGATGACCTGGTCGCCGCCGCGGTACTTGATGGCGAAGCCGACGCCGGCGGCGATCGGCACATGGCCGCCGACGATGCCGTGGCCGCCGAGGAAGTTCACGTTGCGGTCGAAGAGGTGCATGCTGCCGCCCTTGCCGCGCGAGCAGCCGTCGATGCGGCCGAAGAGCTCGGCCATCACCGAGCGCGGCGTCATGCCGCGGGCCAGCGCCTGGCCGTGGTCGCGGTAGGTGGTGATGACGTAGTCGTCGGGGCGGAGCATCGAGATGATGCCGGTCGAGACGGCTTCCTGGCCGATGTAGAGGTGGCAGAAGCCGCCGATCTTTCCGAGCGCGTAGGCCTCGCCGACCTTCTCCTCGAAGCGGCGCTGGAGGAGCATGCTGTGCAGCAGTTCCTTGAGGGTGGCGCCGTCGGCGCCGAGGGACTGCTCTGATTTCTTCTTGGGGGGCATCAGAACGGCAGATGTGAGATATGAGATGTGAGAAGTGAGAGAACGGCAACGACAGCCGCCATCACACGGAGCTCTGCGCTTGCCTCTGCTTCTTGACCTGCTCTTGCTGCCGCACGGGTGACGTCACCTGTGCGCTCTGTTGCTTCTTAGACGCCCGCGGCCTGGACCTGCTCCCAGGCGTGGTAGCTCGAGCGGACGAGAGGGCCGGACTCGACGTGCTTGAAGCCCATCTTCTTGCCTTCCTCGCGGAACATCGTGAACTCCTCGGGCGTGACGTAGCGGTCGAGGGCGATGTGGTCGTCGGAGGGCTTGAGGTACTGGCCGAGGGTGAGGATGTCGACGTCCACCGTGCGCAGCTCGCGCATGGTCTGGAGCACTTCCTCGTTGGTCTCGCCCATCCCGAGGATGATGCCGGTCTTGGTCGGGATGTCCGGCGCGATGCGCTTGCTCATGCGGAAGATCTCGAGCACGCGCTCGTAGCGGCCGCCGGGGCGCGCCTTCTTGTACAGGCGCGGCACGGTCTCGGTGTTGTGGTTGTAGATCTCGGGGCGCGCCTCGAGGACCAGGCGGATGGAATCCTCGTTGCCCTGGAAGTCGGGGACGAGCACTTCCACCGAGCAGCCGGGCACGGCCTCATGCACCTGGCGTATGGTCTCGGCGAAGGCCCAGGCACCGAAGTCGGGCAGGTCGTCGCGGTCCACCGAGGTGATGACGAGGTGCTGCAGGCTCATGGCCTTGGCGGCCTCGGCGACACGGCTGGGTTCGGCGGGGTCGAACTTAGGCGGGCGGCCGTGGGCAACGGCGCAGTAGGCGCAGTTCCGGGTGCAGACGTCGCCGAGGATCATGAACGTGGCGGTGCCGTGCTCCCAGCACTCGCCGACGTTGGGGCAGTGGGCTTCCTCGCAGACCGTATGGAGGTCGAGGTCGCGCATGAGCTGCTTGAGGCGCAGGTAGTTGGCCCCGCCGGGGGCTTTGACCTTGAGCCAAGACGGCTTGCGAGCGGGGAGGGGCTCGGCGCGGTGGCGGCCCATGATCTGATAGAGGTGCTCGGCCATGACTCGAATGTTATGGCTGGGGTTGGTGGATTGCTATGCTGGGTAACTGTCTAATAGTTCTTTTGAAGGTTATAGCGGGAGAGGGGAGATGGGGGTAGGGGCGGGGGGTGGGAGAGGGGAATGGGGGGAGGTGGGGGGGATGGGGGAGAGGTTTAAGTTGCTCTGAAACCGCTTTGGTCGTGGGGGCGTAAGCTCATTCGACCCCAACTTCGGGAATCGCCATGCTCCGTACCATCTTCGTCATCGGTCTGCTTGCCTTCGTCGGCCTCTTTGTGCTGAAGCTTGTCTTCGGCATCCTCGGCGGGCTGTTCGGCATCTTCTTCGCGCTGCTCGGGATGGCGATTCCGGTGCTCATCATCGGCGGGCTCATCTACGTGCTCATGCTCGTGTTCGCGCCGGATACGGCGCGGGAGATGCGCGAGAAGTTTGGCAGCAACTGAACGGATCAGCGCCGAACTGCAGCGATGAGTTGGGAGTTGTGAGTTGAGAGGGTGACAGAAAAGGGGGGCCTATCCGGAATTCTGTGTGTGAGGC
NZ_CP130612.1_gap19	608819	611760	2941	GCGGTGGCGACGACGACCGTGCCGCCGAGTGGGCCGCGGACGGAGGCATCGCCACAGGCGGCGAGGGCGAGCAGGAAGGCAGGGACGAGACGGCGCACGGAGTGTGGGTCAGGGGGAGTGCGACGTCCGAAAGGTTACCGGACTATCGACGAAACGTCCACCGCGGGTCACGGTAGGTCGCGACGTGGCGGGCGATCGCGGGGGCGAGCTCGCCGACCGCAAGCGTGGAGACCGGGCCGACGGCGTGCTCGAGTGCGGCGATGAGCGCATCGCGGACTTCATCGAAGTCGACATCGCGCCGAAGGGCCTGCGTGAGCGTCGCGGCCGGCGGAGGCGCCGTCGTGCCGCGGAGCGCGGCTACGAGGCCCTGATCATCAGCGAGGAGGATCGATCCGTGCTGCAGGAACGCGTGCTCATCACGACGTTGCGCGGAGCCGACGAGCTTGCGGCCATCGACGACCAGCTCACCGACGTTGGGTTCGGCGAAGCACGCCGCGCCGTCGGGCGCGAGCGGGCGGCCGCGGCGTTCGGCCGGTGCGGCGGGCACGCCGAGTCGCGTCAGCGCGTCGAGCAGGATGGCATTGATCGCATCGTAGCTCTCGCGCAGCGAGGCGTCGCGCGCGGGGGCGGTCACGCTGTAGGTGACCTCGCGATGGTGCAGCAACGCGCGGCCGCCGGTGGGGCGGCGGACGACGGCGATGCCGCGTGTCGCGGCGGCGTCGGGCTCGAGCCGGGCCTTCTCGTGCATGCCGAGCGACAGCGTGGGATGCGCCCAGGCGTAGATGCGGAAGACGGCTTCGTCCGTGTGCGCCGCGCGGTCGAGCAGCGCGTGGTCGATCGCCATGTTCCGGTCGCCGTCGTCCGCCGGGGTGACGAGCAGGCGCCAGCGCGTCGGCAGGGGCACGGTCAGCGGACGATCATGTAATAGATGACGTAGAACCAGCCGAAGATGCCGTGGAGGATGGCCCAGAGGACGGACTGGTTGACGGACCAGGAGATGGCGATGGCCAATGCGGATCCAAAACTGATGCCGGATTTGGCGACCTCTATTCGGGTGCTGGACATTGGGAGAGGGGAGAGGGGGGGGGTACGGGCGGGGGTGGGACGAGGGGAGAGGGGATGGGGGAGATGGGGGGGAGACGGGAGGGGATTTGCTCGGCGCGCTCTCGTGTGCCGCTTCCTTGTATCGGTCCAATCTACGCATCGGGGCTGGGGGGCGACTAAATTTCCGGTTGCGCTCCGACCTCCAGCCGGTGGTGCTTGTTCCGAAGTCTTCCTTTCCGGTGACCCAGGGCCCACGGCCCTCTGAGGAGTCCCCCCAAGTGTCCGCTTCTGCGTCTGCGCATCCTGCGCCCGACACGTTCGTTCGCCGCCACCTCGGTCCGTCCGAGGCTGAGCAGGCCGAGATGCTCAAGGAACTCGGCTACGCCTCGCTCGATGCATTCATCGACGCGACCGTTCCCGACAACATCCGGCTGCGGCGCCCGCTGGCGCTGCCGGCGGCGCAGTCCGAGCAGGAGGCGCTGGCGGCCTTCCGCGCCGAGATGAATGCGAACGACGTGCGGCGCTCGTTCATCGGCATGGGTTACTACGACACGCACGTGCCGGCGGTGATCCAGCGCAACATCCTCGAGAACCCGGGCTGGTACACGGCGTACACGCCGTATCAGGCGGAGATCGCGCAGGGCCGCCTCGAGGCGCTGCTCAACTACCAGACGGTGGTCAGCGACCTCACGGGCCTGCCGATCGCGAATGCGTCGCTGCTCGACGAAGGCACGGCGGCCGCCGAGGCGGTGACGATGGTGCACGGCATCGTCGGCAAGGACGGGCGCGACACCTTCTTGATTGCGAAGGACTGCCACCCGCAGACGATCGAAGTCGTGACGGCGCGCGCCGAGGCGCGTGGCGTGGATGTGAAGGTGGTGGACGTCGCGAAGATGAAGCCGAACAAGAAGACGGCGGGCGTGCTGCTGCAGTACCCGAACACCACGGGCCAGGTGGAAGACTACCGCGCGCTCTGCGAGGCGGTGCACGCGGCGGGCGGTCTGGTGATCGTCGCGACGGATCTGCTGGCGCTGACGCTGTTGCAGCCGCCGGGCGAGTGGGGCGCGGACGTGGCGGTGGGCAACTCGCAGCGCTTCGGTGTGCCGTACGGCTTCGGCGGCCCGCACGCGGCGTTCTTCGCCACCAAGGATGACTACAAGCGCCAGATCCCGGGCCGCATCATCGGCGTGTCGCGCGATGCGACGGGCCGCGCGGCGCTGCGCATGGCGCTGCAGACGCGCGAGCAGCACATCCGCCGCGAGAAGGCGACGTCGAACGTGTGCACGGCGCAGGTGCTGCTCTCGGTGATGGCCGGCATGTACGCGGTGTGGCACGGGCCCGATGGCCTGAAGCGCATCGCGAACCGTGTGCACTACTTCGCCGAGCTGTTCGCGGCGGGCGTGCGCAAGCTCGGCATGGAGCCGGTGGCGGGCATCTTCTTCGACACGGTCACGGTGCCGGTGGGCGGCAATCTCCGGAAGATCGTGAAGGCGGCCGGCAAGCTGGGCATCAACCTGCGCGTCGTGGACAAGAAGCACCTCGGCGTCTCGATGGGCGAGAACACCAAGGTCGCCGATATCAGCGACCTGCTCACGGCGTTCAACCTCGGCCAGCCGCACGGGCTCGACCTCGACACGCTGGGCAAGTCGGTGGACGCGCGGTACGACGAGCGCGTGCGTCGCACCAGCGACTTCCTCACGCATCCGACGTTCTCCAAGTACCACTCGGAGACCGAGATGCTGCGCTACATGCGCAAGCTCGAGTCGCGCGACCTGTCGCTGACGCACTCGATGATCCCGCTGGGCAGCTGCACGATGAAGCTGAACGCCAGCGCCGAGATGTATCCGGTGACCTGGCGCGAGGTGGGCGGCATCCATCCGTTCGCGCCGGCGGAGCA
NZ_CP130612.1_gap20	613203	616719	3516	TCCATGAGACCCTTGAGGTCGGCGGCGTTGACCTTGAGCTTGATCATCCAGCCGTCGCCGTAGGGATCGGTGTTCACGAGCGCCGGTTCGCCGTCGAGCTTGGCGTTGACCTCGACGATCTCCCCGGCGAGCGGCGAGTAGAGCTCGCTCACGGCCTTCACGGCTTCGATCGTGCCGAAGACCTCGTGCGCGGCGACCTTGCGGCCGGGCTTGGGGAGGTCGAGGAAGACGATGTCGCCGAGTTCGCCTTGGGCGTAGTCGGTGATGCCGACGATGACGACCGAGGCGTCGGCGGTCTTCTTCACGTACTCATGGTCCTTGGTATAGCTCAGATCCGCGGGGATCGACGACACGCGTGGCTCCGGAGGGGGGTGCGAGGGGTGATGTACCGATGGCGAAGGCTACGCCGCTTGGAGGCGGGAATCAAGCAGTGGCGGCGGCGCGGAGGGCCGTCCAGACGGCGTCCACTTGCGCGTCGAGTGCCTCGCGCGTGCCGTCGTTCTCGATGATGTAGTGGGCCTTCGGGCGCTTCGCGTCGGCGGGCATCTGCGCGGCGATCATCGCGTCGGCGTCGCTCGCGCTCAAGCCACGGTCGCGCATGAGGCGCTCGCGGCGGACGTCCACGGGGGCGTCGACGAGTATGATGCGGTCCATCTCGCCGTCGAGGCCGGTTTCGAAGAGCAGGGGGATGTCGCAGATGACGAGGGGCGCGCCGCTGTCGCGGAGGCGCGCGACGGCCGCGGCGCGCAGGCGTGCGACCTCCGGATGGACGATGGCGTCGAGCGCCTTGCGGGCGGTCTCGTCGCGGAAGACGACCTGGCGCAGGGCCGCGCGGTCGAGCGAGCCGTCGGGCCTGAGCACGTGCGGGCCGAAGCGCGTGGCGATGGCGGCGAGCGCGGCGGAGCCGGGCGCGACGGCCTCGCGGGCGAGGAGGTCGGCGTCGACGATGGGCGCGCCGTGGGCGGCGAGGCGCGCAGCCACGGCGGACTTGCCTGCGGCGATGTTGCCGGTGAGGCCGACGGTGAGCATCGCAGAATCGTAGCGTCGAGACGTAGATTGTGCATCGTGCAGCTGCCGCGTCGCCCCGGGTTCACGGTCGCCGAGATTCTCGTCGTCATCATCCTCATCGGGCTGGTGGCGGGGTGGACCGTCTCGCGCTTCACGAACATGAACTACCGGATGGACGCGAACATCCGCATGCTGCAGAACACCATCATCGCCGCCCAGCAGACCGCCATTAACCGCAACATGCCGGTGCAGCTGATGTTTGACGCCTCGAGCGACAGCGCGATGCGCGTCCGCATCCTGCTGGATGCGGATGACGACGGCCAGGTCTCGGAGAATGAGACGGTGTCCTACCGGCCGCTCGACGGGGCGCGGTTCCTTGCGCCGGACAGCACGATCGACGGCGCGTCGGCCGCCTATGCAACGGGTCCCGGGTTGGTCACCGGTCGTCCGGCCCTCATGCAGGCGCTTCGGATTGCGCCGAACGGCACCTTGGGCGGCGATGTCGTGATCTACATCGGCACGGTCAGCAGCCGCTCGTACGATTTCCGGGCGCTGGCCGTCACCGGAGCGACGGCACGCACGGCGTTTTGGAGCCACGCGAACGGCGCCTGGCGCCGACGATCCTACTGAGCCTCAGCTCTGGGTAGTGCCAAGTTCAAGCACGAAGCGGCTGGCCGCCCATGCTGCGCCACCCTTCGCGCGGATTTCCTGCGGGGTCGCGCCGAGGTAGCGCTGGCAGGTGTTGCGGAAGGCGGATCCCGAGGGGAAGTCGAGCATCCGGGCGACGCCGTCGGCCGTACGCTGGCCGTCCTCGAGCATCTGGGCCGCGACAATGAGGCGGCCCCATGTAATCAGTTTCTGCGGTGGCGGGCACTTCGCGTCGGCCAGCGCCGTCAGGAGGGTGCGTTTGGATGTGCCGCAGATCTCGGCGAGGCGCTGGCCGGTGAGGCGGAGGTGGGCGCGCGTCACGGCGACCATCACGGCGTCGCGGACGGTGGCACTGAATCCGCTCACGCGGGGCCGCAGCAGTTGCGCCACACCGCGCGCCTCGGCGCGCTCGAGGACGGCCCGGAACGCGGCGGGCGTATCGTCCTGCCCGGCGATGAGCAGACCGTCGAGGCCCGCGCGGCCGGCGTCGAACAAGTCGCGCGAGCGCTCGGGCGTCACGGTGACGTACGCGACGAGCGAGATGCGCTCGGCGCGCAGCTTCAGCCGGCGGATGACATCGAACTGCGCCTTGCCTTCCGCGAAGAGGTCAAGGATGGCGAGAGTGACGGACTCATCCTTGCAGGCCTCCTCGAGGGCGTCCCACGACGTGCAGTGGATGACCCGATGCTCACCGTGGACGGCGGCGTTCAGGCGCTGGAGCGCCTGGGGATCGGTAATCATCGCGGCGAGGGTGGCCATGGGATGGGATATGAGCGCGTGGGACCCAGAATGCAATATCATATTGTGACAGCGGCAGCGGCGGCCGGACCGCCGTGGTGGCCGATTTGCCGTCCCCCCGAGCGCGTTCTCCATAGTTTTCGCCTGATGCCCACTTCCCGATTGGCGATCCGCCGCGGCATGACGATCATCGAGGTGCTGTTTGCCATCGTGATCCTCTCGGGTGTGATGCTGTCGCTGTCGAACTTCGGCAACGGATTCGCGCGGGCGAGCCGGAACGCGGCGTATCTCACGATCGCGAGCGACCTCGCGACCGGTCGCCTCGAAGCGGCGCGGGCGCACGTGACGTACTCGACACTCGTGAGCACGTTCCACAACACGACCGAGACCAGCGCGACGGCCACGGCGAACCCCTCGATGGCCGGGTACACCGGGTACACGCGCACCACGCTGGCCGTCGCGACGGTCACCGACAGCACCGAGTACGTGACGGTGACGGTTACGGTGACCTCCCCCGACCTCTCGACGCCGGTGTCCAAGACCGTCGTGATCGGCGCCCGCTGATGGGTAGGAACCGGCGCGGGTTCACGATCATCGAGATGGTGGTCGCGATGGCATTGACGATGTTGGTCTTTGCCATCACGCTGCCCTTCGTCCGCACGCAGACGCGGGCCCTCGGCGACAATGCCGGTCGGCTCGACGCCTACCAGATCGCGCGCTACGCGCAGCGAATGATCGACAAGGACCTGCGCGTGGCGGTTGCCGATGCGTCGCAGCCGCTGATCGTCTATGCGGGGCCGATGGGCATTGCGTTCAACGCCAATCTCGTCGCGCGCGATACGCTTGATCCGGGTGCGCTGGAGTTGGATACGTCCGCCGACACGACGCTGACCGAGGCGTGGCGCGTCGGGCAGGCCGGCACGATTCCGCTCACTGCGCGCACGTATCCGACCACGACCTACACGGATGGTGCGGGGACGCCGAGCCGCAACGAGACGGTGATGTACTTCTTGCGGGCGGATACGGTGACGGACCGGAATGACGTGTACGTGCTGTACCGGCGCGTGAACGGCCGCGATTCCACGCAGGTCGTGCGCGGCATCCATGTGCCGGCCGATTCCG
NZ_CP130612.1_gap21	685190	689499	4309	CGGGTTGGAAGATGAAGACCACCGTGCCCGGCAGCTGCGCCTTCATGCCGGCGAGCACTTCGGCCGTGCCCATGAGGATCGCGACGTGGTTGTCGTGCCCGCAGGCGTGCATCACGCCGACCTCCTGGCCGTTGTACGTCGCGCGCACGCGCGAGCGGAACGGGAGGTCCACCTGCTCGGTGACGGGCAGGCCATCCATGTCAGCACGCAGGGCAACCGTCCGGCCCGGGCGACCGCCGCGCAGCACGCCCACGACGCCGTGACCACCGACGCCGGTGCGGACCTCCATGCCGAGGGCGCGCAGGTGCTCGGCCACCAGGCGCGCCGTGCGGACCTCGAAGCCGCTGAGCTCCGGATGCTCATGGATGTCGCGGCGCCAAGCCACGACCTTCGGCATCACGCCGGCAAGGCGACGGTCCAGCTCGGCGGTGAGCGGGGAGGGGGCCTGTGCGCCGAGCGGTACGGCGAGCAGGAGCGCGGTGGCCAGCAAGGGGTATCGACGCATCCGGAGTTGCCTCTGAGAGGGATTCTGCCCGTAAAGATGCGGCACGGTCAGCGTCACAAGAAGTGGCGGGATTGCGTAGGTTTCCCCGACGGATCCCCGCACCCTTCGGCCCATGGCACACGCATCGTCTCACGCGCAGCTCGACGCACTTGCCGCCGCGTACGCGGAGGTGGGCCGTCGCTTCACGGCGCTCGATGCCCGCGTCCGCGACTCCCAGTGGACCACGCGTCCCGCGCCGAACGAATGGTCGGTGGCCGAATGCGTGGCCCACCTGAACCTCACGAGCGCGGCCATGCTGCCGCGGCTCAAGGCGGCCTATGACGACGCGCAACAGCTTCCGCCGATGGGAACCCGCGAGTTGACGGGCGCCGTCTTCGGACGCCTGCTCGCCCGCATGCTGGGTCCGGTGCCCATGGTGCTCGGCATCCGGCTCGGCCGCACGAGGACCGCGGCCGCGTTCGTGCCCGGCAGCGACCTGCCGCGCGCGCAGGTGGTCGCAGAGTTCCGGCGCTGGCAGTCCGAAGAGCTCGCGATGGTGTGGCGGGCCGAGGGCCTGCCGCTTGATCAGGTGATCGTCGAGTCGCCGTTCGTCGCCGGTGCACGCTACGACGCGTACTCGGCGCTCTGGATCCTGGTCCGGCATGCGCTGCGGCACGTGGTGCAGGCTGAGCGCGCGTTGGCGCGCGTGGAGGCCCGATGAGCGTCCCCGCGCGGCTCCAGGCGGCGCTGGGTGACTGGGAGGGTCGCAATCAGCTGTGGTTCGAGCCCGGCTCAGACGCGATCGAGTGTGCCACGACGGCCGAGGTGCGCGCGGAGGCGTCTGGCCGCATGCTCGCGGTGCGCTACCAGTGGTCGCACGACGGAAAGCCCTGCGAGGGTATCCTCCTCCTCGGGGATGACCTCAAGGCGGGACGGTGCGACGCCGCGTGGGCGGACTCCTTTCACAACGGACATCGCCTCATGCCGCTCACCGGTCCCGCCGCGGGGGAGGGCGTGCCGGACCTGCGAGGCAGCTATCCGGCGCCGCCGGGACCGGACTGGGGATGGCGCATCACGCTTGAGCAGCCGGGCGCTGACGCGCTGCTCCTGCGCATGTACAACATCACGCCGGACGGGACAGAGGCGTTGGCAGTCGAAGCGTCCTACTCTCGTCGTCGTTGATCGCGGCCGCCACATCCAGCGCCGTGCGCGAGGCGGCCTCGAGCAAGGGGATGCCGGGGCCGAGGTAGCTGCCGCAGAACCACAGGCGCCTTCCGTGCTGGGCCTGGAGCAGGCGCACGCTGCGTGCGCCCTCGAGCGAGGCGGCATTCACGAGCGGCCGCTCGAAGCGCGCGTGCGCGCGCACCGTCTCGGCCCGTGGCGCGACGATGGGATTCCAGGTCTGGAATACCGGTGCCGAGTCCGCGAGGCCCGGCTGCACGCGGTTCATCCAGATGGTGGCCATCGGCTTGTCGTGCGCATCGCTGGTGATGAGGTTCACCGGAGCCCAATGCGCGCGATCGCGCGGAGCGAGGCGCTCGTCCGTGTGGACCACCACTTCGCTGGACTCATACGCGAAGCGCTCGAGCGACTCCTTCTCGCGACGATAGGCACCGTCGAGCATCGCCGCGGCTTGATTGGCCTGCGTGGCGACGACCACGTGGTCGAAGACCTTTTCGCCGCCTTCCCACGTGACGCGCACGCCGTCGGGTGCCGGCGCGATGCGCTGCACCTTGATGCCGCACTCGACGGCGTGCACGGGCTCGGTGAGGCGTCTGACGACTTCGCGGGTTCCGAGGACCACGCGGCGGACGCCGCCGAAGGTCAGGCCGCGCGTGAGGTAGTCGAGAATCACCCGCGCGGGGTATGCGCGCACCGCGGCGTTCGAACAGGTGCAGACGGCGGCGAAGGTCGGGATCAGGAAGCCTTCGGCGAAATCGCGGTCGAAGCGATGCCGGTCGAGCCAGCTGCCGAGCGGCTCTTCGCTGTCCTGCAGGCCGGCGAGCGCCGGCCGCGCGACGCGATAGAAGCGCAGCAGTTCCCTGTTGATGCGTAGGGCCCGGCCGCCGAACGGCGAGGCCGGAAGGGGAATCGAACGGCCGGCGACCAGCCAGTTGGCGTATCGATAGTAGGCTGCGCCGCCCAGCGTGCTGAACGAGCCCGCGTAGTTCGTGCGCTCGAGCTGAACGCCGAGCTGGTGGTATTGGGCGATCAGCGTCGGATAGTAGCCCTCATAGAGCACGCGCAGCGGCACGTCCACGCGGTAGGTCCCGCCGCCGTGCTCGAGGTCGAGGGAATGGGCGTCCATGCCCGCCACCTCGTGCCGCTCCATGAGCGTGACGCGATGGTGGGTGCTCAGCCGCCAAGCGGCCGAGAGGCCGGCGATGCCGCCGCCGATGACTGCGATGTCGAGGCCCATCCGCACGCGTCGCTCCAATCCGGGACCCGGGAAAGATGTGTCGGCGTGACACCTCGCGGCCAGCGGCGCCGTACTGCAGGTTATGACCATGCAAGTCCAAGCCCCCACTCCCCCGACGCCGCCCGGCGAGGCCACGCAGCTCACGGTGTTGCCGCCACGGCCCGGCGTGCCGCAGACCGTCGTCGAGGTGCGGGCACTGCGTGCCCAGCGCACCGAGCTGTCGAATCAGCTGAACTCGGCCCTTGGGCGCCGCGACGACATCGTCGATCAGCTGCGCGAGGCCTCGGCGTCCGAGCGCCCGGGGCTGGAAGCGCGGCTCAAGGTGCTCGACGACCGCATCATCGAGCTGGAGCAGGAGATCGCCCGGACGGGCGAACTGATTGCCCAGACGCCCGGCAACCTGCTCTCGAACAGCACGAGCCAGCCGTCCGCGCCGAACATCCAGTGGCGGTCGGTCGACACGACGGCGATCGCCATGGTCTTCACGATGTTCGTGCTCGCGCCGATCGCGTTCACCGTCGCGCGCATGCTGTGGAAGCGCGCGAACAATCCGCCGGTGCCGCGCCTCGATGCCGAGACGCAGGAGCGCATGCGACGGCTGGAGTCGGCGGTGGATACCGTGGCGATCGAGGTCGAGCGGATTTCCGAGGGGCAGCGCTTCATGACGAAGCTGTTGGCGGATCGCGAGAAGGAGCGGCTGCCGCGCTGACGGCCGCTCAGCTCGAGTAGTACGCCGCGTTCTCCTCGATGTAGCCCTTGGTCAGGTCGCAGCCGTAGGCGACCGCGCGCGCGTCACCCACACCCAGCGCGATCTCGAGATCCACGACCTCGCGCTTGAGCGCCTGGCGCACGGTGTCGTCGTCGAAGCTGAGGCGCTCGCCGCCCTTCACGACCTGGAAGCCGTTGATCCAGGCATCCGTGCTCGCGGGCTTGATGGTGCACTCGAAGCACTTGCCCACGGCCATGAGGAGGCGGCCGACGTTCGGGTCGGCGCCGTGCACCATCGTCTTCACGAGCGGCGAATTGAGCACGCTCTTGGCCACGCGCCGCGCCTCGTGGTCGTTCAGCGCGCCACGCACCGTCACGCGCAGCAGGTGCTCGGCGCCTTCGCCGTCGCGTCCCAGCGTCTCGGTCATCTTGATGCAGCCGGCGACCAGCGCCTCGCGAAAGGTGGTCTCGTCCACCGGGCCGGCGAGGCCGTTCGCGAGGATCGCGCAGGTGTCGCTGGTGGACGTGTCCGTGTCCACGCTCAGCATGTTGAACGAACGCTGCACCGCGGACCGCAGCAGCCGGTCCAGCGTGGGGGCGTCGAGCGCGGCGTCGGTGAAGATGTAGGCGAGCATGGTCGCCATGTTGGGCTCGATCATCCCCGAGCCCTTCGCCACCCACGTGATGGTGGCGTCGCC
NZ_CP130612.1_gap22	715679	718705	3026	AGATTCGGCTGTCGGCGAGCCTCAGCCACCCGCATATCGTGCCCGTGTTCGACTCTGGGATCGCGGCGGGCCGCCTGCACTTCGTGATGCCGCTGATCGAGGGAGAGACCCTGCGGGCGCGACTCCAACGCGAGACGCGCCTCGAGGTGAGCACGGCTGTGCAGATTGCCCGCGAGGTCGCTGACGCGCTCGAGTATGCCCACGGCCGGGGCATCGTCCATCGGGACATCAAGCCGGAGAATGTGCTGCTCTCCCACGGTCACTCGCTTGTGGCCGACTTCGGCATCGCATTGCCATCCGATGGCGCGGCGCAGGGGCTGACGGGCACCGGTCTCTTCGTGGGCACGCCGGACTACATCAGCCCGGAGCAGCTGACGGATGGCAGCGACGTCGGCCCCGCGGCCGACGTGTACGCCCTCGGCTGCATGCTGTTCGAGATGCTCACTGGGACTCCGCCGTTCCGTGCCGCAACCGCGCAGGCCACGCTTGCGCGCCGCCTCACGGGCACCGTACCGAGTCTGTGCGCAATCCGCAGCGATATCCCGGAGTCGCTCGACCACGCGGTTGGTCGCGCCTTGGCGCTGGACCCTCGCGATCGGCACAGCTCTGCCGCGGCGTTCAGCGCCGCGATGCTCGATGCCCTCAGTGGCGCGAGGGTCGCTGTGCCGACGCTCCTTTCGCTCGTGGTGCGGCCGTTCAGCGCGGTGGGCGATGCCGCCGAGACGACGGAGTTCGCCGATGGGCTCGGCGAGGAAGTGATCGGCACGCTGTCGAAGCTTTCGGGGTTGCGCGTGATGTCGCGCTCGGTCTCTGCGCGCCTGCGTGGCAGCGCGCAGACGACGGCCGAGATTGGCCGCGAGTACGGCGTCCGCTACATCGTGTCCGGCAGCGTGCGCCGCTCGGGCCAACGCGTGCGCGTCACGACCGATATCGTCGATGCCCTGCTGGACGTCGCCGTGTGGAGCGAGCGGTTCGACGGCGCGCTGGACGATCCGTTCGATTTGCAGGAGCAAGTCGCTCGCGGCATCGTCGAGGCCCTGCACGTGGCGTTGTCGCCGCGCGAGGACGCCAAGCTGGCAGCGCGTCCAATCCGCGATCCACGCGTGCTGGACATCGCTCGGCGAGCCAATCTCGACATCATGCAGTTCTCGTTCGAGGGCCTGCAGCGGGCGCAGGCGCTACTACAATCCGGAATCGCGCTGCTGGGGGAACAGGTCCCCCTCTTGGTCGCGATGGCCAACGCCGAATTCCAGATTGTGAATGGCGGATTCGAACCCGACCCGGCGCGCTGCCGCGCGCATCGGGCGGAGGCGTCGCGGCTCCTCACGAGGGCGCTGGAGATAGATCCCGAGAATGCGGATGCGCTCGCGACGCTCGCATGGATCTCGGCGAGCGATGCCGATTCCGCGGGTGCCGTGCGGCTCGCACGTCGCGCGCTCGCGGCGGAGCCGAATCACGCCTTTTCGCTCTCTCTGTTCGGCTTCTTGTGTGCGTGGTTTGAGCTGCTCGACGAGGCACGCGACGCGCTCGACCGCTTGGAGGCGATCGATCCGTGGGACATGTGGGGTGCGTACGGCCGCGCCCTCGAGACGTTCGCCGCAGGCGACCTCCGTGCGTCGGCCTCCCACTGCGAGCGACTCGTCAAGATTGCCCCGACGCCGATGGCCTCCGTGGTCGCGGGGCTCACCTACGCGTGGATGGACAATCGCGAGGCCGCGATCCGCATCTGGGACAGCCTCGGCGACTCGACCTCCGAGGATCTGGGCTGGCAACTGCTGCGTGCGGCGCGCGATGCCGTGCGAGGCGACGGCCGACGCGCGCTCGCGATGGTCGGGAGTTGGCGGGACAACCCGACCGTGAGCGAGGATTCGCAGTGGACGCTGTTCTTGGCCGAAATCCTCGCGATCGCCGGTGAGCAGGATGCGGCACTGGATATGCTGCGCCACGCCATCGACGTGGGGCTCGTCAGTTGGCGGTACACCGCCGAACTCAGCGCGGTGTGGAATCCACAGCGTGAGGCGCCGGCGTTTCAAGCCGAAATGCTTCGGCTACGTGAACGACGCGAGACGTTCCTCAAGGCGATCGAGAACTGACCGCAGGCTGTCGCGAAGAGCGAGAGGCCCGGGCACCAATCGGTGTCCGGGCCTCTCCCTTGCGCGGAGCGATACATGGTGCCGCCTGCGCCCCTACATCGCGATATTCCCCTGCTGCTGCTTGATCTTCTCCATGTACTTCCGGAAGAAGTGCTTCTGGATGTCGTTCATGTCGATCTCGCGGCCCTGGATATAGGCCTGCTCGATGTTCGTCGTCATGTCCAGCGGCGTGCCCGTGGTGATGAGCAGCGTCGCCTGCTTGCCGACCTCCAGCGAGCCGACCTTGTCCGACACGCCGAGCATCTCGGCGGCGTTGATCGTCACCGCCTTGAGCGCCTCCTCTTCCGGCAGGCCAAAGGCGACGGCCACGCCGGCGTCCCAGGGTAGGCGGTTGCTATAGAGGCCGCCCGACTCGCCGGCGATGGCGAACTTCACGCCCGCGCGGAAGAGCTGCGCCGGCGTGCTGTACGCGCCGTCGTAGCCTTCGTAGTCGCGGTTCGGCGCGGCCATCGTCGCCGTGAGGATCACCGGCACGTTCTCTGCCTTGAGGCGGTCCGCGACGTGGATTGCATCGCGCCCGCCGCGGATGATGAGCCGGACGTTCTCTTCCTTGGCCCAGGTGATGGCGTCGTTGATCTGCGCCACGCCCTCGGCCGCGACGACGACGGGAATCTCACGGTTGAGCACGGGAATCATCGCCGCATAGCGCGTGTCCGTGCGCATCTGCTGGTTCGCCGCCCTGGCATCGCGGTACGCCCGCGCCTCGGCGAAGAAGTCGCGCAGCTCCTGCACCTGCTCGGCGTAGGTCTTCGGCGCCGGACGCGGACCCGCGCCCGGGAAGCCACCCGGCGGGCCACCGCCGCCGAAGCGACGCGGACGCGCGTTGGGGTCGGGCCAATTCACGTTGAGTGCCGCGGCGCCCTTCATCGACAT
NZ_CP130612.1_gap23	719915	724112	4197	GCCGGCCTTCGTACGATCGGCGTTCCAGCGGTCCCACTCGGCCTTGTAGTCGCGCGCGGCGAGGAAGTGGTCGCGGATGATCTCCTGCACGCCCATGCGCGTGTTCGGATAGCGATTCGGATTACGCTTCGGATTCTCGCCGAGCGCGAACTTCACCGTGCGCGGCGCGTTCTCGAGACGCAGCTGGTCGGGCAGGGAACCCCAGCGGTTCTTCACGAACACGTTCTCGCCACCGATCGGGTTGGCCGAACCGTGCTTGACCATCTGCATCGTCAGGCCGCCGGCCAGCTGTCGGTACATCCAGATGTTGTTGATCGTGAGCACGTCGCCCATCTGCACTTCCGGCACGATGGCGAAGCCGCTCTCGTTCACGGCGCTGACGCCGGTGTGCGTGTGCGGGTCGATGAGGCCCGGCGTGACGTGCTTGCCCGTGCCGTCGATGACGACGGCGCCAGCCGGCGCGGCCAGGCGCTGCCCCACCTGCACGACCTTGCCGGCGCGCACGAGGAGATCCGCGTTCTCGAGGCGACCCTGCGGGCCGGAGGTCCACACCGTCGCGTTGCGCACGAGCACGGCAGCCGGCTGCTCCGGCGGCGCAGCGCGGCCGAACTCCATCGACGGGCGCACCCACGGTAAGTCGATTGCCGGCACGCGCGACGCCACGGCGCCGCGGGCCGGACCTTCAAAGGTCTCGGTGCGCGTGCCGCGGTAGGCGGGGTCGGCGCCGTTCGGCAGCGACATCCAGCCGAAGAACTCCTCACCGCGCACGGAGCCGGTGAGCAGGATGGTGCCCTGGTAGCCGAGCGCCTCGCCGTTGAACGTCGCCTCGAGACGGCCCGTCTCCGTGATGATGCGCGCGGTCGCGAGGTTGATGGGGCGGCGGTTGCCGACTTCGATGGTGCCGCGCACGCGGTTCAGCGGCCCCTCGATGCGCAGCGTGGCCGCGAAGCCCGCGGCGTCTTCGGTGGTGATGCTCCAGGTACCGCGCGGATCGATCTGCGGCGGGCGCGTCACGCCGTAGCGCGTGCCCTGCACCCACACGTCCACGATGCTCGACTCTTCGGTGAACAGGTCGCCGTCGGCGATCACGAGGTTCGCGACCTTGCCCGCGGCGATGGTGCCGTGCGTGCGCTCGATGCCCAGCCAGCCGGCCGGCGTCGTCGTGAGGGCGGCCAGCGCCTTATCGGGCGCGAGACCGCGCGCGACGGCGACGCGCAGGTTCGGCAGGAACTGATTCAGCGACGAGAGACCGTCGGTGGTGATGGCGAACGGCACGTTGGCGCTGGCGAGCTGCGCCGCATTGGTCGGCGCGAGGTACCAGTGCCGGAGCTGACCGAGCGACACATTGAGCGCGGCCTCGGGGCTGCCGAGTTCCGGCGCGTCCGGGAAGTTGAGCGGGATGATCAGCGGATTCGTGCGGCCGCGGAGCACGTCGACGATGCGATACTCGTCGCCGCTGCCGCGGTACCACGGCGTCAGCTTGAACTCCGCCGCGATGGCCGCGGCGCGGAGGTACTCCTCCTCGCTGGCGGTCTGGAAGAGCACCGGCTGGCGTCCCTGCACGGCGTCCTTCAGCGAGTTCAGCGCTTCGCTGGTCTCGGGCGGGAGGATCGCGCGGCCGCTGCGCTCATACGCGGCCCACGCGCGGATGTACCACTCGGCATCCATGAACGTCTGCTTCATGAGGGCCGACACGCCCATCGCCGAGTTCGGATAGCCGCCGCCGAGCTGGAAGGAGCGGTTGAATCCGAGCGTCTGCACGAGGTCGCCGCGCAGCAGGCGTTCGCGGCTTCCGACCTCGCCGAGGTTCACCACCGAGGCCTTGCCGCGGAAGATGCCCTGCTTGGGCACCGCGAGCGCCGTGCCGAAGCCCAGCGAACGGAGGCTGCGACGGCGCGTGCTGTCGTCGCGGAAGGTCGAGGCGGTGCTGTACCAGGCGCGCACCTGCGGATTCCAGTGCGTGGGGCCGATGTCGCCGCCCTCCGGCACTTCGCCGACACCGAGATCGGCGTGGGCGTCGATGAATCCGGGGTAGACCGTCTGACCCTTGAGATCCCACACGCGGGCGCCGGCCGGCGCCGCCTGGTTGGCCGCCACCGAGACGATGAGCCCGTTGCGGATGACGATGGTCGCGTTCTGCACGACCTGACCCGGCGCGGTGACGACGCGGGCGCCGACCAAGGCGTGGAAGCCGGACCCGTTGTCGCGCAGCGCGGTGATGGGTTCCGTGCGGGAGGTCTGCTGGGCCTGGAGTGCCGTAGCCGCCAGCAGGCTGAGGCCCAGGAGGGAGCGAATCACTTTCACATCGAACTCCGGTGATGACCGCCGCCGCGGCGGAACGGTCAGGGAAAGGGAACAGGTCCGACCACATCGCAAACGCCGAGTCCCGTCCACCGGTCGCAGTGGGCGAGCGTACCTCCAGACTACGCGCGAGGGGCGCATGGGTGTTGAAGCCCGAGGCGCGCCCCTATCATATACGCCCATGCCGAGCGACTCCGCGAGTACCCGTCGGGACTTTCTTCGTTGGACGGCGTCCGCGGGTGCGGGCGCCCTGCTGGGATCGCTGCGTCCGCCCGCGGGCTGGGCCGCCGCGCATGGGATGTCACCGATGTCCGCGCCGGCCGCCGTGGAGCCATGGGGAACCCTGACCCCGGTTGGCCGGGACGTGTGGGCCATGCTCTCGACGCCGCTCGCGGACCGCACGACGCTCTGCAACGGCGGCCTGATCGCCGGGCGTGATGGCGTGCTGATGGTGGAGGCCTTCGGGGGTGACGCCGGCGCGCGCTGGATGCGCGAACGCGCCCGGGCGCTGACCCGTCGCGAACCCACGCAGGTGGTGCTCACCCACTACCACGCGGACCACACGGGCGGGCTCACCGGTGCCCGCGAGGCTGGGGCTGATCTGCACTGCACGGCGCAGACACGCGACGACGTCCTCGAGCGTAACCAGAACGCCCCCGTGCATCTCCTCGGCGATGCGCTGGTCATCCCCGCGGAGGGCGAGCAGGTGCTGGACCTCGGCGGGCGCCGCGTGCGCCTGCTCTCACTGGGCGGCCACACCGCGTCGGACGTGGCGGTCGTCGTCGAGGACGACGGCGTCGTGTTCGGCGGTGATCTCGTGTGGTATGGCATGTTCCCGAACTTCGTGGACGCGCGGCCGTCGCGGCTGACGGCGGCGGTGCGCCGTCTCCGCGGGCTGGATGCGCGCGTCTACGTGTCTGGACATGGCGGGACCACCGATGCGGCGGGGATGGACGCATACATTGAACTGCTCACCCTCGTCGAGCGCGCCGCGCGCGATGCGCAGGCGCGTGGGATCAGTGCAGAGGCGGCAGGCGCCGCGTTCCGCATGCCTGCGGCGATGTCCGACTGGACGCTCTTCAACCCACGCTATTTCGAGCGCGCCATCGGCGCGTGGATGCGGGAGATTGCCGGCTCATGATGCCTTGGTTCATGCCGCGCGCGGACGCGCGCCACTTCGTCGCGGGACTCACGCTGCTCTTGTCAGCGGCGATCGGTCTCGACGCCCAGCAGAGCTATCCCACCGCCTGGGACCCCGCGCTGCTGAATCGCCCGGACATCCGCGCGGCGCTCGCGCACCTCGAGCAGGGCATGCCGAAGCAGGTCGAGGAGTGGATCCACATCGCGCAGATGCCCGGCCAGCCGGGCTTCGAACAAGAGCGCGGCGCGTACGTGAAGGCCGAGATGGAGAAGGCCGGCCTGCGCGTCAGCGTGGACTCGATGGGCAACGTCACCGGTGTGCGCGCCGGCACGGGCGGCGGCCCGACGATCGTCTTCGCCGCGCACATGGACATCGTGTTCCCCAAGGAGACCGACACGCGCGTGCGCCGCGACGGCGACACGCTGCGCGCGCCCGGCGTGTTCGACAACAGCGCGTCCGTCGCGAACATGCTGGCGACGATCCGCGCGCTGAACGCCGCGCGCATCCGCACCAAGGGTGACCTCGTGTTCGTCGGCACCGTGCAGGAGGAAGTCGGGCTGCGCGGGATGGCCCATTGGCTCGCCAACAACCCGCGCCCTGACCTGCTCATCGCGATGGACGGCGGGCTCGGGCCCATCAGCTATGGCGCGCTCGGCATCTATTGGACGCGCTATCGCTACAAGGCCGCGGGGGCGCACACATTACGCTCGCGCGGCGAGCCGACGCCCGTGCGCGCCTTGGCGGACGCCATCCAG
NZ_CP130612.1_gap24	727465	728023	558	GCCTCCGGTGACGGCGTGATGGGCTCCGCAGGCCGCGCACGATTGCGCATCGCCGCTCGCGCGGGCATCTTCGCCCGGTCCCAAGCCCACGACCGCATGTCGGATCAGAACGACTCCTCGACGCTCTCCCCCGCCGAGCTGCAGCGGCGGGATTTTCTCCGCCTCGCCGGGCTCGGCGCGGGCGCGCTCATCTCGGGCGTCGGTGTGTCGGAGCTCGGCGCGCAACGGCCCGCCACGCCCTCAAGTGGCGGCGCGATCCGCCGCAGCACGCGCGTCGTTGTCATAGGTGCGGGCGTGTGGGGCACGAGCACCGCTCTCGAGCTCGCACGCCGCGGCGCGTCGGTCACGCTCGTCGACCAATACGGCCCCGGCAACTCACGCTCCACCAGCGGCGACGAAACGCGCGGGATCCGCTCGTCCTATGGCGACCGCGCCGGCGCCACGGGCGAACTCTGGACGCGCTGGGCCCGTGAGGCCATCACGCGCTGGAAGGCCTTCGACGCCGAGCATGGGCCACGCTTCGGCACGCGTTTCTTCTACGAAACCGGCGACATCATC
NZ_CP130612.1_gap25	809429	814181	4752	TGAAGGTGAAGAAGGCCGCGTCGAAGAAGGCGCCGAAGGCCGAGAAGGCCGAGAAGGCGACGGCCAAGAAGTCGGCGGCGAAGAAGGCCGCCCCGAAGGCCGCTGCCAAGAAGGCGCCGGCGAAGAAGGCTGCTGCGAAGCCTGCCGCGAAGAAGGCGGCGGCCAAGGCCGAGAAGGCCGCGAAGGCGGCCCCCAAGAAGAAGGGGAAGTAACCGATGGCAACTCTGCATCGCACCATCGTGCGCCCGATCGTCACCGAGAAGTCGTCGGCGGCGTACCAGGAGCGCGGCGAATACACGTTTGAGGTCCATCCGACGGCCAACAAGACGGCCATCAAGCAGGCGATTGAACGCCTGTTCGGTGTCACCGTGACGGGCGTCTGGACCTCGCAGCAGCGCGGGAAGCCGCGGCGCGTCGGCACGTCGGCCGGCCTGCGTCCCCGCTGGAAGAAGGCGATCGTGACGCTGAAGTCGGGCGACTCGATCGAGATCTTCGAGGGCTAAGACCAATGGGAATCCGTCAGTTCAAGCCCGTGAGCGCCGCGACGCGCTTCCGTTCGGTCTCGGATAACGCCGAGATCACGCGGAGCACGCCGGAGAAGTCGCTGACCGAACCGCTCAAGAAGAGCGGCGGCCGCGACAACCACGGCCACATCTCGATGCGCCGCCTCGGCGGCGGTCACAAGCGCAAGTACCGCATCATCGATTTCAAGCGCAACAAGCACGGCATGATCGCGACCGTGCAGCATATCGAATACGACCCGAACCGCTCGGCGCGCATCGCGCTGGTCGAGTACGCGGACGGCGAGAAGCGCTACATCCTGCACCCGAAGGGTCTGGCCGTGGGCGACACGATCGTCAGCGGCAAGGGCTCCGACGTGCGCACGGGCAACGCGCTGCCGCTGCGGGAGGTCCCGCTGGGCACCGCGGTGCACAACGTGGAGCTCAAGCCGGGCAAGGGCGGCCAGATGGCCCGCTCGGCCGGCACCAGCCTGCAGGTCGTGGCGAAGGAAGGCGAGTACGTGACCCTGCGCATGGCCTCGACGGAAATGCGCATGATCCACGGCGACTGCCTCGGCACGATCGGCGAGGTCGGCAACGCCGAGCATGAGTTGATCTCGTGGGGCAAGGCCGGCAAGACCCGGTGGCTGGGTCGCCGTCCGAAGGTCCGCGGTGAAGTGATGAACCCGGTCGATCACCCGCACGGTGGCCGCACGCGCGGCGGCCGGAACGTGGTGAGCCCCTGGGGCAAGAAGGAGGGCGTCAAGACGCGCAACAAGAAGAAGGCGTCGCAGCGTCTGATCGTCCGTGGCCGGAAGCGCGGCAAGGCCACCCAGAGCTAACAGGGATACGACATCATGGCACGCTCAATCAAGAAGGGACCGTTCATCCAGGATGCGCTGCTCAAGCGCGTCGTCGCGATGAACGCGAAGAACGAGAAGAAGGTCGTGAAGACCTGGTCGCGCGCGAGCACGGTGATCCCGGAGTTCGTGGGACACACGATCGCGGTGCACAACGGGAACAAGTTCATCCCGGTGTATGTGACGGAGAACATGGTCGGGCACAAGCTCGGCGAGTTCGCCCCGACGCGGTTGTTCCGTGGTCACACGGGCAACAACAAGACGGACAAGAAGGCGGCGCCGGCAGCAGCGGCGGCCCCGGCCAAGGGAGGCAAGTAAGCCATGACCGAAGCACGGGCCATCCAGCGGTCGACGCGGCAGTCGCCCTACAAGATGCGTCTGGTCATCGACCAGATCCGCGGCTTGGCGGTGAACGACGCGCTCGCGCTGCTCAAGTTCAGCAAGAAGCACGCGTCGCATGAGATCGCGAAGGTGCTGAACAGCGCCGTCGCGAACGCCGAGCAGGCGGCGCGCAACGCGAACACGTCGCTCGACGTGGACGCGCTGTACGTGAAGCATGCGATCGTGAACGAAGGCGTGAAGCTCAAGCGGTGGACGCCGGCGGCCATGGGCCGGGCGACGCCGATGCACAAGCGAACCAGCCACGTGGAGATCATCGTGGCCGAGAAGGAAGGTCGATAATGGGACAGAAGACGCATCCGATCGGCTTCCGCCTCGGCGTGAGCACGACGCATCGCTCGAAGTGGTTTGCCAAGAAGGATTTCCCGGCGCTGCTGAAGGAAGACGCGCTGCTGCGTAAGTACCTGAAGGCCCGCCTGGGCGGCGCGGCCATCAGCGACATCACCATCGAGCGGAAGCCGGGGAAGGTCGTCGTGACCATCCACACGGGCCGCCCGGGCGTGGTGATCGGCAAGAAGGGCCAGGCGGTGGAGGAGCTCAAGACGGAGCTCCAGCAGCTGACCGGCAAGGAAGTCGGTGTGAACGTCGAGGAGATCAAGCGCCCGGAGATCGAGGCGCAGCTCGTCGCCGACAACATCGCCGCGCAGCTGGCGCAGCGCATCTCGTTCCGTCGCGCGATGAAGCGCGCGGTGCAGAGCGCGATGCGCATGGGCGCGGAAGGCATCAAGGTGAAGTGCTCGGGTCGCCTCGGTGGCGCCGAGATCGCGCGCGTGGAAGGCTATCACGAGGGTCGTGTGCCCCTTCATACGCTGCGCGCTGACATCAACTATGCGACGTCGACCGCGAAGACGACCTTCGGCACCATCGGTGTGAAGGTGTGGATCTTCAAGGGTGAGGTCGTCGAGGGGCGTCGTGGCGGGTCCACGTACTCCTCCGACGCGTAAGGAGACTGACCGATGCTAGCACCGAAGCGGGTCAAGTTCCGCAAGATGTTCAAGGGTCGCACGACGGGTCTCGCCCGTCGCGGCGCGACGGTCGCGTTTGGCACGTTCGGCCTGCAGGCGCAGGAGCCGGCGTGGATCACCGCCCGTCAGATCGAGGCGGCTCGTGTGGCGCTGACGCGTCACATCAAGCGTGGTGGTAAGGTTTGGATCCGCATCTTCCCGGACAAGCCGGTGACGAAGAAGCCTGCCGAGACCCGCATGGGTAAGGGCAAGGGCTCGCCGGAACTCTGGGTGGCCGTGGTGAAGCCGGGCCGCGTGTTGTTCGAGATCGAAGGTGTGACGAAGGAGATCGCTCAGCAGGCGCTCGGGCTCGCCGCCGCCAAGCTGGGCGTGAAGACGAAGTTTGTGGCGCGTGAGGAGGCGCAGGGCAATGAAGGCTGACCAGATCCGGGAGCTGAGCGCGGATGAAATCCACGCCCGCCTGGCCGAGCTGGAAGAGGAGCGTTTTCGGCTCCGCTTCCGGGGCGCCACGGAGCCGCTGAGCAATCCGCTCCGGCTGCGCACGATCCGCCGCGACATCGCGCGGCTTCAGACGGTCCTCCGCGAGAAGGCGGAGCGTACGGAGGCTGCGCGCTAACGCGCGCAGGAATATGAAGAATGGCTGAAACGGAAAAGACCGCCGCCCCGACCCGCACGTCCCGCAAGGTGCGCACGGGCCTCGTGGTGAGCGATAAGATGGACAAGACCATCGTGGTCGCGATTGAACGTCGCGTGCCGCACCCGGTGTACGGGAAGATGGTGACGAAGACCAAGCGCCTGAAGGCGCACGACGAGGCGAACTCGGCGAAGGTCGGCGACACCGTCCGGATCGTCGAGACGCGCCCGCTGTCGAAGGACAAGCGGTTCCGCCTCCTCGAGATCGTCGAACGCGCGCGATAAGGGGAACTGACCAATGATCCAACAGGAATCGGTCGTGAAGGTCGCGGACAATTCGGGTGCCAAGAAGGCGCTCGTGATCCGCGTCCTCGGCGGCACGCGCAAGCGCTACGCCGGCCTTGGCGACAAGGTCGTGGTGGCGGTGAAGGACGCGCTGCCGAACGGCACCGTCAAGAAGTCCGACGTGGCGAAGGCCGTCGTCGTGCGCACGGTGAAGGAAGTGCGCCGCAAGGACGGCAGCTACATCAAGTTCGATGAGAACGCCGTGGTCATCATCGATGACAAGGGCGAACCGCGCGCCACGCGCATCTTCGGGCCGGTGGCCCGTGAGCTCCGCGAGAAGCGCTATATGAAGATCGTATCGCTGGCCCCTGAGGTGCTGTAACCATGCGGATTCTCAAGCAGCGCAAGACCGCGGGACAGAAGAGCGTCCTGCGTCATGCCCGCAACGCCGAGCGCGTCACGACGTCGATCACCAAGGGTGACACGGTGCGCGTGCTGCGCGGCGACGACAAGGGCAAGGAAGGCAAGGTCATCCGCGTGCACCTCAAGAAGGGCCGCGTGACGATCGAAGGCATCAACATCGTGAAGCGGCACCGGCGCGCGCGCACGGCCGAGGAGCAGTCGGGCATCATCGAGATGCCGGCCCCGGTGGCGCTGAGCAACGTGATGCTGCTGGACCCGAAGTCGGGGGAGCCCACGCGCATCCGCGCGCGGATCGACGCCGACGGTACGAAGGAGCGCATCAGCGCCAAGAGCGGGCAGGCTATCCCGCGCGGCCGCTGAGCGAGGACTGACCAATGGCGACGACCAAGACGCAGGAAAAGAAGAAGGGTGGCGCGGGCGAGAAGCGCGCGTCGATGCTCCCGAAGGAGCACAAGGGCGCGGGCCTTCCGGTCCCGGCCCCGCGCCTGCACGGCTACTACGTGAAGACGGTGCGCGGCAAGCTGATGCAGCAGTTCGGGTTGAAGAACCCGCACCAGGTGCCGAACCTCACGAAGATCGTGCTGAACGTGGGCATGGGCGAGGCGATCAAGCAGCCGAAGATCCTCGACGCGATCGTGGACGAGGTGGCGACGATCACCGGCCAGAAGCCGCTGCGCACGAAGGCGA
NZ_CP130612.1_gap26	848826	849485	659	GCACGGGCAGCGCGAGCTGGCGCACGAGCAGGCGGAGCGGGTGGCGGGGAAGAGGCTGTCCTTTGCGCCGGTCATTGCCGGCATCGAACGCATGCTGGGCTGAGCCATGGCGACGGTGTACCTGAACGGCAAGTTCGTCCCGAAGGGCGAAGCGATGATTTCGGTGGAGGATCGCGGGTTCGTCTTCGGCGATGGCATCTACGAGGTGGTGCGTGCCATCGGCGGCCGACTCTTCGAGTGGCCGGCGCACGCCGAGCGCCTCGCCTATGGGCTGCGCGAGTTGCGCATCGATGCGACGGGCACGGACGCGCTTGGCGACGTCTGCCTGCAGTTGCTGCGCGACAATGCGCTCACCGAGGGCGAGGCCACGCTGTACCTCCAGGTGAGCCGCGGCGCCGCGCCGCGCACGCACTACTTCCCGCCCGCGGGCACCGCGAACACGGTCTATGCCTCGGCGTCGCGCTTCGTACCGAACATGGAGATGCGCAACAAAGGCGTGAAGGCGATCACGTATCCCGACCAGCGCTGGGCCCGCTGCGACATCAAGACCGTGAACCTGCTCGGGCCCGTGCTGGCGCGACAGGCCGCGGTGGAGCAGGGCGCGTACGAGGCGATCCTGCACCGCGATGGCATGGTCACGGAAGGTGCCGCGACCACCT
NZ_CP130612.1_gap27	854630	856998	2368	TGCCCCGCTGCCGTCGCTCGATGCGCGGATTGCCGACGCGCCGCTGGAGACCGTCCTCGGCGGCGCCGCCCGGGCGGCGCTGCGTCCGCCGGCGATCGCGGCGGTGGTTGGCGTTGCATTGCTCTGGTTCATGCCCAGCGGCGCGGTGGCGCGCATCGCGAGCCCACGCCCCGGCGACGCGCTCGCGCGCCCGGGTGCGGCGGCGCGCGCCGTCAGCAATCCGCTGGCGACGATCGTGGCCGACGTGTCGCCGCCGCCGTACAGTGGCCTCGCGTCGACGAGCGTCGACGATCCCGCCGCGCTCACGGCGCTGGTCGGGAGCCGCATCCGCGTTCGCGGGTTCGGAGGCGACGTGCGCGCCAGCCTTGGCGAAGCTCCCGCGCTTGCGGCGGCGCCCGATGGCAGCGGCTGGGCGGTCCTAGTGACCATGCCGGAGCGTCCCACCGCCATGCGACTCCGTGCGGGCGCCGAGGAGCGCGTGCTCTTGCTCGACCCGCTGGCGGACTCGGTGCCGGTGCTGCGGCTGGACACTCCGCAGCGCGACAGCGTGATGCGGCGCGCCACGGGCGGCTTGCCGATCGCCGCCACGCTGCACGACGATCTTGGACTCGCCGCGGCGAGCTTCGAGGTCATCATCAGCAGCGGGGACGGCGAGCTGTACGAGTTCCGCTCCCTCACGTTGTCGGCACGCCGCTTCGCGGATGCCACGCGCGACGACCGTATCGCGGGCGCGTTGAATCTCGACTCGCTCGCCCTCAAGCCCGGCGACATCCTGCACCTGCGCGCCGTCGCGACCGACCGCAACGACGTCACGGGCCCGGGCCGAGGCGTGTCGGAGACACGCACGATCCGTCTCGCCCGCGCCGATGAGTACGACAGCGTCGCCGTGGATCCCGCGCCGCCGTCCGAGCCCGAGAAGGACGCCCTCTCGCAGCGGATGATCCTGCAACAGACCCGCGAGTTGGTCGCGCGCGTGCCGCGGCTCTCGCGCAGCGCCGTCGTGCGCGAGTCCCGCATCATCGCTGTGGACCAGACCAAGCTGCGGCAGCGGGTCGGTCGCGTCGTGTTCGAGCGCCTTGGCGAGAACGAAGGCGAACACGCGCACTTTCCCGGCGACGGCCATGCACACGGTGAGGAGCGTCCGCTCGATCCAAACGATATCCTGGCCGCGGCGGAGCGCGCCGCGAACGCGGACCCGACGCGCAGTCTCGACAATCACGGGGAAGAGACGCCGATCGTGGCGCTGAATCGCCCGTTGCTCGAGGCCTACAACCACATGTGGCGTGCGGCGTCCGAGCTCGAGCTCGGCGAACCGGCGGCCGCGATTCCGTGGATGGAACGCGCCATCGCCGCGCTCCAGGCGGCACGCGCGGCCGAACGCATCTACCTGCGCGGCCGTCCCTCGCCCGTGGTGGTGGATCTCGCGCGCGTGCGCCTTGCCGGGAAGGACGAGGGCGCCCCGACCGGCCGCAGTGCGCGCCCGGTTGCCGATCCGACGCGCGCCGAGCGGCTGGCGCGCTTTGACCGCGTGCTCGGACTCGTCACCGCCGCGCCAGCTGCCACCGCGGACTCGCTCCTGATGCTGCGCGTCAGCCTGCCGGAGTCCGCGCGCCGTGAGGCCGCGGCCTTGGATGCCGCGGCGAACGCGTTGCGGCGCGGTGGTGACGTGACGGCGGCGTTGAGTGCTGCCCGTCGTGCCTTGGTCGCGACGCCTCCGCGTCGCGGGGCGCTCGGCGCGTGGGGGCAGTGATGGCCGAGTTCAACTGGGCCACCGCGCAATACGACTCCGGCGACTGGGACTCGGCGCCGATGGTCGCGCCGAATCTCATCGACTCGATCGCGCGCTACACGACGATCGATGTCGCGCCGACTGGCGTGGTCGTCCCGCTCGGCTCGCGCGACCTGTTCAAGTATCCGCTGGTGTTCCTCACCGGCCACCTGCCCGTGCGCTTCAGCGACGTCGAGCGCGACACGCTGCGCGAGTATTGCCGACGTGGTGGATTGCTCTTCGTGGACGACCATAACCACGACATCGACGGCGAGTTCCACCGCACCGCTTGGGAGGAGATCGCGCGCGCCGTCGGCCCGCTGCGCGACCTGCCGAACGACCACGAGCTGTATCGTGCGTTCTTCGAGTTCCGCGACGGGCCGCCGACGACCAGCCACGAGCTCAACGGCTGGGGCGACAACCTCGTGCACAAGCACCTGCAGGCCGTGCTGCTCGACGGGCGCATCGCCGTGCTCTACAGCAGCAAGGACTACGCGTCGGAGTGGAACTACCATCCCGACAACAAGCGCTTCATGTCGCAGGACAACACGCGCTTCGGCGTGAACGTGGTGGTGTATGCGCTCACCCGCTGAGTCGCTG
NZ_CP130612.1_gap28	976133	977052	919	GGCATCGGCGACAGCGCGATGCGCGCGGCGGGACCTGGCACCATGCGCACCTCGAAGCGCTCGACGACGGGTTGCTCGCCTTGGCGGATCGCCACGACGGCGGCCGGCATCACGCCCGTCGCCCCTGCTGTGACCAAGCCAGCCGGCGACAGTGATCCTTCGAAGTACGCGCCCGTCTGCGAGAAGCGGAACGTCACGCCGTCCACGACGTTACCCGCCTCGTCCCGCGCCTCGGCGCTCAGTTGCAGCGTCTCACCGGCGTTCACGACCCGGCGCACGGGCGTCACGATCACGCGTGCGACGCGCGGCTTGGCAGCGGGTGCCGCAGCTGGCGTGGGTGCCGGCGATTGTTGCGCGGCGAGCGAGACGGGGAGGAGCAGCGTGGCGAGCAACAGTGCGCGCATCGGCATTCCAGGTTGTGGGAACGGGCCGTCGGAGCAGGGAACGGGATATGGCTGTGGGAATATACCGAGCGTCGGCGTAGAGGTTTCCCTCGCAGGCGATGCGGTAGCTGCCGGACGCCGGAACTGCTTGCAACACAGCAGGATACGTCAGGTGCAGTACAGGAAATCTCCCCGCATGGAGCACACCATGTTCAAGGTCAACGAAGGCACTCTCGACCGCATCTTCCGCGCCGTCGTCGGCGTCGGGCTCATCTCCTTGGTGTTCGTGGGTCCGCAAACGCCCTGGGGCTGGCTCGGTCTCGTGCCGCTGAGCACGTCATTGATGGGCTGGTGCCCGCTGTACTCGCTGCTCGGCATCAATACCTGCGGCGTGAAGACGGCAAAGCAGTAAGCGGCTAAGTTGTGGGCATGCGCCCACACGTCCTGCTGCTCTCCGCCCTCGTCGCGCTGCCGACGCTCGCCTGCGCCCAAGCCGGCGCCCGCGTCGCGCAGCCCTCGTCGTCCACCGATCCGCA
NZ_CP130612.1_gap29	988909	991638	2729	GGGTACAAGACGGGCAACGTGACCGAGGACATGGACCTCGTCGTGCGCCTGCACCGTTATCTCCGCGAGAACGGCATCGCGGCGACGCTGCCCTTCATTCCCGACCCCGTGGCGTGGACCGAGGTCCCGACCTCGACGCAGGTGCTCTCGCGCCAGCGGGAGCGTTGGCATCGCGGACTCATCGGCACGTTGTGGACGCACCGGGCCATGCTGTTCAATCCGCGCTATGGCAGCATCGGGATGCTGGCGGTGCCGTTCTACCTCTTCGGCGAGATGCTGGCGCCGGTGGTCGAACTTGTCGGCTGGCTCGCGCTCTTCCTCGGGCTCGCCCTCGGGGCGGTGGACGCCGGCTTCGCCGCGCTGTTCTTCGCGGTGGCCATCGGGTACGGCACCTTCCTGTCGCTGTGGGCCGTCGTGCTGGAGGAGACCAGCTTCAAGCGCTACCGGCGCCGCGTCGATTTCTGGAAGCTCATCGGCTTCGCGCTCATCGAGGGCCTGGGGTACCGGCAGATGACCGTGTTCTATCGCCTGCAGTCGTTCTGGAAGCACCTGCGCGGCGTGGAGAGCTGGGGCACGATGACGCGGCAGGGGTTCGGGACCAAGCCGCCGGCCCTCAAGCCCTGAGGCGCGCGCTCAGCCGCCCTGCAGCTCGCGCCGGATGCGCTCGAGCAGCGACTGTTCGGAGTCGCGCGTCTTCACGAAGGCATCGCCGATGCGGATGCCGGCATCCTTCAGCGTCGCCTGCGTGAACTCCGTCGCGGAGTAGAGCAGGATCGGGATGGCCTTGAAGCGCGGATCGACGCGGAGGCGGCGGGCGAACGCGATGCCGTCCATGCCGGGCAGTCCGTGGTCGACGATGATGAGGCGGTACGGATGGCGGCCGAGCATGCGCGTCGCCGTCAGCGCGTCGGGCACGGCGACGGCGTGCGCGTACGGCTCGACCAGCGCACACATGACGGTGCGCATCGATTCGTCGTCCTCGACGATCAGCACGCGCGGCCGCTCGTCCTCGCTGGTCGCCGCGGCCGGCGCCAGCGGAAGCACGACGTAGAACACGCTGCCGCTGCCCTCCGCCGGCGCCTCGAAGCCAATGCGCCCGCCATGCAGTTCCGTGATGCCCTTGGCGATGCTCAGGCCGAGGCCCGTGCCGCCTGACCGCCGCGACTCGGCGCCGCCGGCCTGTTGGAAGCGACCGAAGATGCGGGACGCGAACTCCTTGGGGATGCCGGGGCCGTGGTCACGGACGCAGACGCGCACACTCTCGCCCTCGACCTGTGCGCTCACCTCCACGGCCTCGTCCCTCGGCGTGAACTTCACGGCGTTCGAGACGAGGTTCGTGAAGACCTGGATGAGGCGGTCGCTGTCGCCGATCAGCTCGAGGTCCGGGATCTGCTCGAGGCGGAGGTGCACGCCGGCATCGCGGCTGAAGCCGTCAAGGCCGTTCAGCGTCGTTTCAAGGAGGGGGCGCAGCGCGACGCGGTCGTGACGGATCTGCACATGCCCCGCATCCATCTTCTCGATGTCGAGGATGTCGTTGATCAGCCGGATGAGGCGGTCGGTGTTGGTGAGCGCGATGCGCAGCAGCTCGCGGCCCTTGGGGCTGAGCTCGCCGCCGGCGCCGCCGAGGAGCAGGCCGAGCGCGCCGCGCATCGACGTCAGCGGCGTGCGCAGCTCGTGGCTCACCGTCGAGACGAAGTCCGCCTTGAGCCGCTCCAACTCCTTGAGCTTCTCGATGTCGTCCTGGAGCTGACGCTCGCGCGTCGCGATGCTCTGGGCGAGGCGATCGAACGTAAGGCCGAGGCGCGCCATCTCGAGGTTCGGCGCCTTGTGGTAGTTCGGCAGCCGTGCCGCATCGTACCGGCCGGCGTCGAGGGCTTCCGCCGCGCGCACCACCTGCGTGAGCGAGCGCGAGAGCAGGCGCATGATCAGCGTCAGCGCCAGCATGAAGATGGCCACCGCGGCCGCGCGAATGAGGAAACCCTCCCACTCGTAGCGGGCCGCCTCCGTCTCGATTTCGGCCTCCAGCTGCGTCAATCGCTCGCGGACCTCACGCAGCACCCGGGCGTGGTCGGTGCGCATCGAGTCGATGAAATCGATGCCCCGGTCCACGCGGCGACTCCCCGCAGTGCCCGGCGCGAAGGCTGCGTAGCCGTCGCGCCGGCGCACCGCGAAGTTCACGCGGGCCACCTCGTCGTCGTAGAGTGCCACCGAGACGCGCAGGCGCTGCAGGCGGCGGGTGATGGTGAGGTCCGCGTCGAGCTGCTCGGCGATGATGGTGGCGTCGCTGTCGAAGGCCCGACGCGCCGCCTCGTACCGCATCGCCTCGGACTCGTCCGCGTTGATGATGAATCCGCGGTGCGAGGCCGCCATCGTGCTCAGCGACGCCAGCATGCGGACGGCCGCGACCTCGGCGAGGTGGAGGCGATCCATGCGTTCGGCCCGCGCCCGCGCCTCGGCCTGCGACACATCCGCCGCGAGCCGCGCCGTGAGGAACCACGCAAACGCCACCAGCACGCCGATCGCGGCCAGCTGGGAGGTGAGGGGGAGGCGGCGCCACCACCAAGCAGCCTGCAGCTTCGCGGCGCCCGTGGGGGGCTCCGGCGTCTCGTCGGGAATGGGCGCCTCGGTCATAGCTCGCGCGAAAGCTGCGCACGCGGCCCCGCGCGCGCCACCGCAATGGTAAATTGCCGTTCTCCCGTCACCCTGGCTCCCGACCGATGTCTGCCTCC
NZ_CP130612.1_gap30	996079	999627	3548	CGGCTGGCGCCCTCGCACGCGGGGGACGGCCCACCATGACGCTGCGCGTGTCGCAGGTCGATGCCTGGCACCTGGGCGGGCTGTTCATGTTCTTCGAGCTCGCGACCATCTACGCCGCCGGGCTCTACGGTATCGATCCCCTCGACCAGCCCGGTGTCGAGCTCGGGAAGCAGCTCACGTACTATCAGTTCGGGCATCCGCAGTGGCAGGGGATGCGCGAGATCTGGGAGTCGTTGCCGGCATCGGATCCGCACTGGGTGCTGTAAGGCGGCGGACGCGACCTAGCCGCGTTGCCTGAACCCCGGAATCGGGCCAGATTTGAGGGCTGGGTTGCCATTCCTGCCCGCGTCGCGCGCGATCGACTGCCGCGCCTCCACATCCTGACTCCGATTCCGATGTCCCAGGTACCCGCCACCGTCGCCCAGACCCTCGGCGCCGCCGCGTCTATCGCCAACGGCAAGCTGACCCTCAAGGACGAGGCCGCCCTCGCCGGCCCGATGATGGATGCCCTCGTGCGCCTCGCCGTGTTCGGCCAGGCGGAGGAACAGGACTGGGCCCGCTGGGCCATCTGGGAGTGCGGCCGCGCCGTCGGCACCTTCTCGGCGTCGATCCACGATTTCTACATGGCCCGCGGCCGCGGGGACGTCCCGCCGGTGACGGTGCCGGCCATCAACGTGCGCGGCGCCTCGTACGACACGGCGCGAGCCATCTTCCGCACCGCCCGGAAGCTCAAGGGTGGCGCGTTCATCCTCGAGATCGCCCGTTCGGAGATTGCCTACACCGAGCAGCGGCCGTCGGAGTACGTCGCGGTGATGCTCGCCGCGGCGCTGCGCGAGGGCCATCGCGGGCCGGTGTTCATCCAGGGCGACCACTTCCAGGTGAACGCCAAGAAGTACAAGGTCGACGCCACGGCCGAGGTCGGCGCGGTCAAACAGCTCGCGCTCGAAGCCATCACGGCCGGGTTCTACAACATCGACATCGACACGTCGACGCTCGTGGACCTCGCGCACCCCACGCTGGACGCGCAGCAGCGCCTCAACTTCGAGACGGCCGTCGAGCTCACGCGCTACGTGCGCTCGCTGGAGCCGAAGGGCGTGACCATCTCGCTCGGCGGCGAGATCGGCGAAGTGGGCACCGAGAACTCGACGGTGCCGGAGCTCGAGGCGTTCATGGATGGCTACAACCGCACGCTCGAGGCGCAGGCCAAGGGCATGGTGGGCCTGAGCAAGATCTCGGTGCAGTCGGGCACGTCGCACGGCGGCGTGGTGCTGGCCGACGGCTCGATCGCCGACGTCGCGCTGGACTTCAAGACGCTCGAGGATCTCTCGCGCGTGTCGCGCAAGAAGTACGGACTCTCGGGCGCGGTGCAGCATGGCGCCTCGACGCTGCCGGATAGCGCGTTCTATCACTTCCCGCGGACCGAAACGGCTGAGATCCACCTCGCCACCGGCTTCCAGAACATGCTGTACGATCACCTGCCGCCGGCGCTGCGTGAGGAGATCTACGCGTGGCTGCGCACCAACGCCGCCGAGGAGCGCAAGGCGGGCGACACGGACGAGCAGTTCTTCTACAAGACCCGCAAGAAGGCCCTCGGGCCGTTCAAGCGGCAGCTGTGGGACCTGCCGGCCGACGTGAAGGCGAAGCTTGCATTAGCGTACGATGAAAAGTTCACCTTCCTGTTCGAGAACCTCGCCGTGGGCGGAACAGCGGAGGGGGTGCGACGGTACGTGAATGGACCGGCCATCGAGCGGCCTGCCCCCGGGGCAGGCCCCGCCGTGGAAGCGGCGCCGGACGATCCGGACGCGGGCGAATAGTCCGCGCCCGCGGCAGTTCCCCCACTGAGGTGATTCCCATGCGCAAGATTCTCCTGCTGTCCGCCGTGGCGTTGTTGGCCACGGGCTGTGTCTCCAAGAAGGAATACGACCGCCAGCTGGCCCAGGCGGCCGCGTTGTCGGCTGAGAAGGACTCGCTGCTCTCCGAGGTCGTTGCGACGTCCTCGTTCATCTCCGAGGTGAACGGCGAGATCGATAAGGTGCGCAGCGGGCAGCCGGTGCAGTCGCGTGAAGGCGAGATGGAAACCCTCTCGCCGACCGAGGCGCGCGCGCAGCTCGTCGGCCGCGTGCAGGAGCTGACCAACCGCGTGCGCCAGGCGGAGGAGCGCATGGCGCAGAGCCGGCGCCGCATCGCGGCGCTGACCGCCGGCAACGAGGACCTGACGCGTCGCTTCGATTCGACCGTCGCGGCGTTCCAGACGCTGGTCGACCAGCAGAAGCAGGAGATCGCCGGCCTCGTCGAGCAGGTGACGGCGTTGACCGCGCAGAACGCCCAGCTCCGCGAGCAGAACACGCAGCTCGCGGCCGAAGGCGCCTCGCTGCGCTCCGATCGCGACGCCCTCGTGGTCGAGCAGAACACGGTGTACTGGGTGGCCGGCACGCAGGCGGACTTGTTGTCGCGCGGCATCATCGAGCGCCGGGGCGGCATGCTCGGCATCGGCCGCACGACGGTCATCTCGCGCACGCTCGACGCCGAGGACTTCACCTCCGCCGACCGGCGGGAGTTGCGGGAGCTGACGCTTCCCGATCCTGCCAAGACCTATCGCATCGTGTCCCCGAATGACCTCGCGGGCTTGGAAGCGGCGCCCGCCGATGGCAAGTTCAAGGGGACGATTCGCATTGCCGACCCGACCGCCTTCTGGCGCACGTCGCGCTTCTTGGTGCTGGTCGAGAGCTGAGTCAAACCCCCGTCCGGGGAGGAACGATGGCCGAACGTGATGAACCCGCAGTGGTAATCGAACGGCGTGGCGGCGGTGCCGGCAGCGGCATCGCCCTCTTCCTCCTCGGGGCGGCGGTCGGCGCCGGCTTGGCGCTCCTCTGGGCGCCCCAGTCCGGCGACGAGACCCGCGCGCAGATCCGGCGCGGGGCGCGGCGCCTGAAGCGCAAGGCGCGTGACCTCGCCGACTCGGGCCGCGACCTCGTCGATGACTTGCAGCGGCAGGGCAAGTCGGCGGCGCGTGATGCCCGCTCGGCGCTCGAGGAACGGCTCGCCCGCCACCGCGAGGCGGTCGACGGAGAGGACGACGGCGTCTGATCGGGCTCGCCGTTGGCGTCGTCCGCCGGGTCTGGCGTGACGTCCTGCACGACAACGTGAGTTTCCTCGCCGGCGGGGTGGCCTTCAACATCCTCCTCGCCGGCGTGCCGTTCCTGCTCATGCTGGCGGCCGGACTCGGCTACCTGCTTGGCGAATCGCCGGACGGCGCGGCGCACATCGTCGAGGGGGTGCTGCTGCGCGTGCTCCCGGCGCAGGCCGGCGTCAGCGGGTCGATGCTCGATCCCGTCCTCGCCGACGTGACGCGCACGCGCGCCGTGTTCGGCATCTCCGGCGCCGTCGGTTTCCTGTGGTTCTCGACGCGCCTCTTCGGCTCGCTGCGCAACGTCATCACGACGGTCTTCGAGCACGGGCGCGACCGCCCGGTGCTGCGCGGCATCGCGTGGGATCTGGCGCTCTCCGTGCTGACGCTCGCGCTGCTCTGCACCTGGATCGCGCTCACG
NZ_CP130612.1_gap31	1018934	1021822	2888	GAGCTGCTGCCCACGCTCGACGGCGGCAAGCGCGTCGCGGCCGAGGTGATGGTCGGCACGCGCGCCATCCGCAACCTGCTGCGCGGTGGCTCCGAGACGCAGTTGCGCTCGGCGCTCATGTCCGGAAGCGCCGCCGGCATGGTGACGATGCAGGCCTCGCTCGATGCGTTGGTCAACGAGGGCGCGATCGCGGAGTCGATCCGCGACGACGTGCTGAAGAACTATGCGGCCATCAACTGAACGGCGGCTCGTCGACGATCCCGGCCACCGCGCGATGCTGGCCGAGGCGCTGGGACCAGATTATGAGCTGGGGCCGATGGTGGGGCAGGGAGGCTTCGGCTGCGTGTACGAAGCGAAGGACCTCCGGCTCGGGCGGCGGCTGGCGGTGAAGGTGATCCGCCCCGACCTCGCGGGCGCGTCGGCCTTCGTGAAGCGCTTCCGGCAGGAAGGCGTGGCAATGGCGCGTCTGCGGCATCCGTCCATCGTGCCCATCTACGACATCAAGGAAGCGGGCGCGCTGATCTTCTACACGATGCCGTACATCGACGGACCGACGCTGGCGGCCAAGCTCGAGCGGCGCGGCGCACTGCCGCCGAAGGTCGCACAACGCGTGCTCATGGAGCTCTGCGATGCCGTTGCCGCCACGCATCGCGCCGGCATCCTGCACCGCGACATCAAGCCATCGAACGTGATCCTCGAGGGCGCACTGGAGAAGGTGTTGCTCATGGACTTCGGTGTCGCGCAGGTGACCGGGGCCGGCTACGACACCGAGAGCGGTCAGGTCCTCGGCACACCGACGTACATGTCGCCCGAACACGCGGGCGGCGGACACGTCGTCGACCAGCGATCGGACATCTATTCGCTCGGCGTCGTGGGCTACCACTTGCTGACGGGCCGGCCGCCCTTCAGCGGCGACACCCCGATGGCGATCGTCGTGCAGCACATGTCGAACGATCCCGTTCCCATCCGGCGCATCAATCCCTCGGTGCCCTTCGAGATTGCCGATGCCGTCGAACGTGCGCTGCGGAAGTCACCCGACGACCGGCATCAATCGGTGATGGAAATGTGGGAGCAGCTGAGCCGTGCGACGTTCTTTCGCGAGGTGGACGAGCCGCTGCCGCCGGAGCCGCCGCGTGCGGTGGGGCGCCTCAGCGTGCTCGCGACGTTCGTCAGCCTGATGCTGCTCGGCATCGCTTGGGCTTCCGCCCAGCGCTTGGCGATGGACGCGAGCGCGTTGGCCCCGTGGCAGTGGCTCGTCGCGGCGACCGGCTGCGCCCTGCTCGCCGTCGTGCTGTCGCCCGTAGTGCGTGCATCACTGCGCGACTACCGACCGCGCTGGGCGTTCTGGAAGCGCTAACACCACCGCCCACCACAGCACGACTCCGCTGCCCCCGACGGCTGCCGCGATGCCAAGTCCGCGGCTGTCGAGCAACGGCCATTCGACGCCCGCACCTCGAGCGATCAGCGCTCCGGACATCGTGGCCGCCGCGGCGTGATGCAGCCACCACGCCGCTGATGGAACCGCGGCGAGCAGCTGCCGCTGCGCCAAGGCGCTGAGGAACGGACCGAGAATCAAGAAGTGAATTGCGCCCATTGCGACGTCGTGCGTGAGCGGCACGATGCCCGTCGCGACCACGACGAGACCGCCCGCCGCCGCGTACCAGGGCAGTGCAAAGACCGGGCGGTCGACGCGACGCGCGACGGCGAGCCAGTAGAGCGAGTGCAGCGCGAGCCCCACACGCGCGACGGCGGTCGGCCAGAGTCCGAGGGCCAGCGCCGAGAGCGTACCGGTGAGGAGGCTGCCCCACGCCAGCCGCTGCCGGAGGCCGAACGCCGTGACGGCGCCCGGTGCGACCACCAGAAAGAGCAACGCCGTGAGAAAGCTCTGCACGGCAGCCGCTGCGAACGCAGGATCGCTGCGCAGCGTCCGCGCGATCAACGGAATGCAGGCCAGCGCCAGCAGCGTCCCCGGCAGTACGGCGACCATGGGATCGTCGTGCTGCCGCGCCGCACGCGCGATGCGCCACGCGGCGACGATCCACAGCCCGCCGACGATCGTCGATCCTACGATTCCGAGCAGCCCGTAGCCACGCTGGATGAACCCAAGCGTCGCGATGACGGTCGCGATCGCATACAGCACGCGTTCCCAGCCACGGAGCGGAGCCGTCTTACTCGACGATTCCCATGCGAGCCACGCCAGCGGCACCAACACGGCGTAGTAGCCGAGGTGCGAGTGCGCATGGCGGAGGTTCGGAAATGTGAGCGCCGCAGGGAGGGCGAAACCGACGCCGGCGAGGAACCACCGCAGCCAGAATCCCAGCGCGATCGTGCCGAGCAGCGCCGCCAGCACGATCGCGCGCCGCCGGTCGCGCGGGCGGCCGTCCGCCATTCAGCGACCGTCGGGGTTGGCGCCCGAGCTCCGGATGCGCGGCCACATCCCGAGGAAGAACACCGCGAGCCCGAGGACTTGCAGCGCCGCCGCGCCAACGATCGCGGCGCGCCAGGCGCTGCCCGTCGTGTCACCGAGCCACGATTCCAGCACGACGCGCGTCGCCGTGCCGCCCGCGATGCCCCACCACGCGATCTCCGCGAGCACAGGCTTGTAGCGGGCATCGCCACTGCGCGCGCGCGGGAACATCCACAGCGCCACGCCGGCAATCATCATCAACACGAAGCCCACCAGCAGCGCGTGCGTGTGGGCGCTGCGCAGGCGCCAGGCCGTCGGGATCCCGAACTCGCGGCCGAGCAGCATCCAGAATCCCAGCGCCAGCCCCACGAGGAGGAAGGCGATCGCCGTCTTCAGGTAACGGCGAACCAGCGGGTTCACGCGACTCCGCTCAAGCCTCGCGCCTTCGCAATCAGCGCCGGGAACAGCTCGGCCACCCGCT
NZ_CP130612.1_gap32	1182144	1183848	1704	GCATCACGAGGACTTCACGGGGCAGCAGCACAAGCTCTACCTCGGCTTCCGCGATGCGCCGTGGTTCCAGCAGGCCCGGGACCGCGACCTGCAGATGGCGCGTAAGCACAACCTGCCGGACGTGCCGACGCTCAAGAAGACCGTCGCCGACCGCCTGCGCGGCTTCGTGGACCGCGGCGGCTTCCTCTTCGCCATGTGCGGCGCGACGGAGACCATCGAGCTGGCGATCGCCGCGCTGAACGTGGACATCGCGGGGGGCAGCACCGACGGCACGCCGATGGACGCCGACGCCGACAGCAAGATGGCCTGGGACCGCACCTTCGCGACGGAGAACGCGCGGCTGGAGTTCGGCGCGGGCGTGAATGCGATGAGTGACATCGACGGGCACCAGGTGAACGTGCCGTCGCGGCGGCAGCCGCTGGGGACGTTCACGCTCTTCGGCTTCTCGGCCAAGTTCGATCCCGTGGCGACGATGCTGGTGCAGAACCACCGCAACGTGCTGCGCGACTACTACGGCGTTACGACCTCGTTCACGCGGCGCACGCTCAAGTCCAGCGTTACGGTGCTCGCGCACGAGGAGGGCGCACCATGGGTGAAGTACATCCACGGCGGCTACGGGCGCGGCTCGTTCACGTATCTGGGCGGGCATGATCCCGAGGATCCGCAGCACGCGATCGGGGCGCCGCCCACGGACCTCGCGCTGCATCCCAATTCGCCGGGCTATCGGCTGATCCTCAACAACGTGTTGTTCCCGGCTGCGCGGAAGCGGCCACTCAAGACGTGAGCGGCGAGCCCGGGCGTCTCGCGCCCGGTGCTGCCGCGGCGATTCGTTCTGCCATCCGGCTCGCGGGCGGGCGCGAAGTCTGCTTCGTCTGCACGATCAACGACGCGGGCGTCGTGCAGACGGCGCGCGTGGCGGCCCGCGGTGACGTCTCCAGCGTGCTCGCGCTGCCGGGCTTCGCGAATCGCGGCGAGCTGCTGGTGCACAACCACCCCAGCGGCCTGCTGGAGCCCAGCGACGCGGATCTCGTGGTCGCGGCCAAGATGCACGACGACGGCATCGGCTTCGCGATCGTCGACAATGACGCCGCGCGGCTCTACGTGGTGGTCGAGGTGCCGCGCCCCAAGGAGCCCGCGCATCTCGAACCCGGCGACGTGGCGGGCGCGCTCGGGCCCGAGGGACCGATCGCCGCTAAGCTCGGGCGCTACGAAGACCGCCCCAGCCAGCGCGAGATGGCGCGGTTGATCGCACAGCTCTTCCAGCGCGGCGGCGTGGGGCTCATCGAGGCGGGCACGGGCGTCGGCAAGTCGCTGGGGTATCTCGTGCCGGCGCTGCGCTGGGCCGCTGCGAGCGGCGAGCGCACGGTCGTGAGCACCAACACCATCACGCTGCAGGAGCAGCTCTTCGGCAAGGACCTGCCGTTCCTGAAGGGCGCGCTGAAGGATCAGCAGGTGCGCTTCGCGCTGCTCAAGGGTTGGAAGAACTACCTCTGCCTGCTGCGGCTAGAGCAGGCGCGCGGGCAGGCGCAGGTGCTGTTCGAGGACGACGCCTCCGCCGAGCTCGGCATGCTCGAGGACTGGGCACAGAAGACACAGGACGGCTCGCTGGCCGACCTTCCCGTGGAACCGCGCCACGAGGTGTGGGACGAAGTCGCGGCTGAGGGCGATCTGTGCACGCGGCTCAAGTGCCCGCATTTCGAACAA
NZ_CP130612.1_gap33	1200732	1202100	1368	ATCCTTCACTGACGAGGATTCTCAACTGCAGGCCGTTGCTCCTGCGACCATTCCCAAGACGGCAACTGCGGCCGCCCCCGCGGGTCCCGCCGCAACCGCTCCGGCGGCCGCGCCTCTGGCGACGGGACCCGCGTAGCACACGCCGGTGAGCGCGACGCGCCACCAGCATCGGCGCCCGCGCGCGAGCTGCGTGTCCTGCACGTCGACGAGCGCGCGCGCCGTGCCGAGGACCACCGGCGCGTAGGTCACCGTGAGATCGAGCCCGCGGATCCGCGCCGCCGCCGTCTGCCGCTCGATCGCCGCGAGCCGGAGCTGCTCCTCCGCGCGCCGCGCGAGCTCCTCGAGCGCGACTGCCATCGCCAGGCTGTCCCGCCGCACCGCCGCCCGTGCCTCCGCGATCGCGCGGCGCAGCTTCCGCGGCCGCACGCCGCATCGAGTCGAGCCGGGCATCCTTCTCCGCGAGCTCAACGCGCAGCGAGTCGTTCAGGACCTGCAGCCGGGCCCGGTCGTCCGGATCCGTCGCGCGCACGATCCAGCGCGCGCCGGCGATAACCGAAACGATAACAAGCGCGGAGGCCGCGACCTGGAGCAGCGGGCCGACCCACGTCCGCCAGCTCATGCGGCCACCTGCGTTCCCGGCGCGATGTCCGCGCCGTACCGTGCCCAGACGGCCGCGAGGTCTCCGCGCGCGTAGTCCGTGCGGTCCGCCACCCGCGGCGCGATCGAACAGCGCGCCCACTGGTAGTGCGGCACGTCCGGCAGCGTCGGCCAGTCGCCACCCCAGGCGAGGCCGTGGGGCGTGACGATCGCCGCGACATCCTGCCACCACTGCTCGGGCGCCCCCCAATGTAGCTTTGGGTGGATGAAGTCCACGGCGAGGCCGTAGCCGTGCCAGCTGCGCAAGGCGCTCGAGGCCTTCGTGACGATGCGTTCGGGCGGGCGCACCTCGCGGCCCTGCGCGTACAACCATTCCTGGCGCGCGCGCGAGCGGGAGGTCTCGAAGCGCAAAACCAGCAACCCGGACTCGCGGCACGCGGCTTCCGCGGCCACGATCGCGGCTGCCATGGCCGGCGCGAGCCGCGTCAGCGAGCGGTCGGCTGGAATCGGCCGCCAGACGCGCGGCGCCGCGACCGCGGCACGTGCGGCAGCTGGCGCGGTCATCCGTCGTCGCTCCGGTCCACGAGCGTCTCGCGGTCCGCCGGCGTGTCCGGGATCGCCGGCGCGCGGATCCCCTTCACCGCGGTGCCGATGTGCGGGGCGAGCAGCTTCGCGGATCCACGACCTCCGCCATTGCGCGGGGCAGTGGGCCAGCGATGCGGGCGAGAGCGACCGGGCGATCGGCCAGCTGCTGCGGCACAGCGACCCGCG
NZ_CP130612.1_gap34	1222274	1225837	3563	TAGCGCCGGTGCCGTGGTCTTCTGCGGGGGCGGCAACAACGGTGGGGACGGGTGGGTGGTCGCCGGGGAACTCGCGCGCGCGGGCTGTCCGGTGAGCGTGGTCGAGGTGGCGGCGCCGTCGACGGACGACGCGACGCGCGCCAAGGCCGAGGCGCTCCCGGCCCTGGCGGGGCATGCCGAGCCGCGGCACCCGGCGGTGGTCGTCGACGCGTTGCTCGGCACGGGTGCGACCGGCGCGCTCCGCGACGCACTGCTGCCGCACGTCGACGCGATCGCGGCGACGCGCGCGGCGGGTGCGACCGTGGTCGCGCTGGATCTGCCGAGTGGTATCGACGCGACGACCGGTGCGGGTGGACGCTGCGTGCGCGCCGACATCACGCTGGCCTTCGGCACCCTCAAGCGCGGCCATCTGCTCCGGCGCGACGAGTGCGGCGCGATTGTCTGCCTCGACATCGGCCTCGGACCGCACGCCGCCCTTGATGATGGGGCGCCGACGCTCGTGGATGCCGCGTACGTGCGCGACGCAGTGCCGCCCATTCCCGCCGATGCGCACAAGGGTGTGCGACGCCGACTCGGCATCGTCGGCGGCGGCGAGGGCATGGCGGGCGCGCCGATGCTCGCCGCCCGCGGTGCGATGCGCTCGGGCGTCGGCATGGTGCAGCTCTTGGTGGCGCCCAGCAACGTGCCCGTCGTGCAGGCCGCGCTCCCCGAGACGATGGCGGGGCGCTGGCCGGTCACCGCCGAGGACCAGGATCGCGTCCTGCACTGGACGCATTGCCTGCTGCTCGGCCCTGGACTCGGCCGGACGGCGATGACGCGCGCGCTGGTCGAACGCCTGCTCGTGGAGTGGAAGGGCCCTGTGGTGCTCGACGCGGATGCACTCAACGTGTTCGAGGGCGAGCCGCGCATGCTCGGGAGCTTGCTGGGGGCGCGGCCGGCGATCGTCACGCCGCACCCGGTCGAGGCGGCGCGCCTGTTGCGGCGCGACGGTGCGAGCGTGAGCGCGGAGCGGTTCGCCGTCGGCGCCGAACTCGCGAAGCAGCTCGGGGCGACGGTCATCCTCAAGGGTGTGCCGACGGTGATCAGCGCGCCCGATGGTCGCGTTGCGGTGAGCGCGAGCGGCAGCCCGGCGCTGGGTACCGCGGGCAGTGGCGATGTGCTCGCGGGCATCGTCGCAACGTTGCTGGCGCAAACGGGCGATCCGTTCGCCTCCGCGTGCTCCGCCGCGTGGGTGCATGGGCGTGCCGGCGAGATTGCCGTGTCGGAAGGCTCGGTGCGCGGCACCTCGCTGGAGGACATCGTCGAGGCGCTGCGGCGTGCGTGGCGGCTGGACGAGCCCGCGCATCACGCGGCCGTGCTCACGACCTTGCCGGCCGTCGGCTCGGTGCGATGAACGACCATCTCGCGATGGGTCCGGGCCGCGAGTTCGATGCGGTGCGCGCGCTGCTCGCGCAGTGGGGCCCCGCGGCGCGCGGGGTCGGCGACGATGCCGCCGTGCTCGATGTGCCCGTCGGCGAGAAGCTGGTCGTCAGCACGGACTCGACGGTGGAGGAGGTGCATTTTCGCCGTGCCTGGCTCAGTGCCGAGGAGATCGGTTGGCGCGCGACGCAGGCCGCGCTGAGCGATCTCGCGGCGATGGGGGCGGCGCCGCTCGGCGTGCTGCTCGCGTTGACGGTGCCGCGGGATTGGCGTGCGGCGCTCCCCGAACTGGCGGCAGGCATCGGCGCGGCGACGGGCGCCGCGGGCGCGCCCATCGTCGGCGGCGACGTGACGGACGGCGACCGACTCGCGCTGGCCATCACGGTGCTCGGGCATGCGCGACGCCCGCTCTCACGGGCGGGAGCGCGACCGGGCGATGTGCTGTATGTGACCGGTGTGCTCGGTGGCCCGGGGGCTGCGCTCGACGCGTGGATGGCGGGCCGTGAGCCGGGAGATGTCGCGCGCGCGCGATTCGCGCGACCGGAGGCGCGTATCGCGGCCGGTCAGTGGCTCGCTGCGCACGGTGCGACCGCCGCACTGGATCTCTCGGACGGGCTGGCCGGCGATGTGGCGCACCTCGCCGCGGCGAGCGGCGTGGCCTGTGTGCTGGAGCTCGATGCCGTCCCGTGTCTCGCCGGCGTACGCGTGGACGCGGCGCTGCAGAGTGGGGAGGAGTATGAGTTGCTGGTCGCAGCGCCCGCCATGGACGCCGCGGCCTTCGCGGCCGCGCATGCAGGGCTGCGGCTGACGGCCGTCGGTCGTGTCGAGGCGCTCTCGCCCGTCGGCGCGGCGGGCGCGGTCCGCGCCGAACGCGGCGGCGCGCCGGTCGCGCTGCCGCGCGCCCACGACCACTTCGCGCGATGAGCGCGCCGGGTTCTCCCGCATGATCCGCGCCTTCGTCGTCCTCATCGGGACCGTGCTGGCCACGCTGGTCTTCGGTGGTTGGGTGCTGCTGTCGGCCCTGTTCCGGGTGCGTGATCGCGTGGGCTCGCCTTACGACCTGGCGCCGCGGCTGTGGGCGCGCTGCATCCTCTGGATGAGCGGCGTGCAGCTGGTGCAGCACGGCACGGAGCACAAGACGGGCGAGCGGCACATCTTCGTCGTCAACCACGTCGCCAACTACGACGTGCTCGCCGTCGCCGCCACGCTGCGCTGGATCAAGTTCGTGGCGAAGGTGGAGCTGTTCAAGATTCCGCTCTTCGGCAAGGCGATGCTCGCGGCCGGCATGATCCCCATCGAGCGCGCGAACCGGAAGGCGGCGTTCGGCTCCTACTCGCTGGCCACGAAGCGCATCCAGGCCGGTGCCTCCGTGGCCGTGTATCCCGAGGGCACGCGCGGCAACGCGTATCCGCTGCGGCCGTTCAAGAAGGGGCCGTTCGTGCTGGCGATCCAGTCGCAGGCCCCGATCGTCCCCGTGGTCGTGTACGGGCAGCTCGCGGTGAACCCGAAGGGGAAGTTCCACGTGCGGCCGGGGACCATCCATGTGCACTTCCTGCCGCCGATCGACACCACCGGCATGACCTACGACGACCGCGATCGCCTCGCGGACCAGACCCATGCCGCGATGGCGGCGTGTCTGCGGCAGGAGTACCAGGTTCACTAGATTACCCGTGGCCGCATGGCGGACCACGGTCCCGCCGCCGTAGCCCCGACCTCACGTCTCCACACTCCCGACATATGTCTACGATCATCGCCGTCCAGGCCCGCGAAATCCTCGACTCGCGCGGCAATCCCACCGTCGAAGCCGAGGTCGTCCTCGAGGACGGTACCTACGGCCGTGCGGCGGCGCCGAGTGGCGCGTCGACGGGCGAGCACGAGGCCAACGAGCTCCGGGACGGCGACGCCAAGCGCTACCTGGGCAAGGGCGTGCGCAAGGCCGTGCAGAACGTCGGCAAGTTCATCGAGCCCGAACTGATCGGCATGGACGTCGTCGACCAGATGGGCATCGACCGCGCGATGCTCGCGCTCGACGGCACGAAGAACAAGGCGAAGCTCGGGGCCAACGCGATGCTCGCGGTCTCGATGGCGGCGGCGCGTGCGGCGGCGGCGAGCGTGGACCTGCCGTTGCATCGCTACCTCGGCGG
NZ_CP130612.1_gap35	1227494	1231349	3855	CGCTTACCTTTCCGGGGTTGTCCTCCGTACGCCCCGTACTCCTGTCCGTGACCGACCCGAGCAACCACGCCACTGCCCGCCGCTTCTGGCGAGACCCCGTCGGCGTCCTCCTGGGACGCCTCGGCCTCGCCGTCGCCGTGTACACCGCGATCCGCCTCACGTTCTTCCTCGACCACCGCGGCGTCTTCGCGCAGGCGTCGGCGGGGGATGTCGCCGGGGCCTTCCTGCACGGCCTGCGCTTCGATCTCTCGGCGATTGCGTACACGAACATCCCGTTCATCCTGCTGTCGCTGGCGCCCGCCGCGTGGCTCGCGCGGCGCTGGTACCAGTGGATGCTGCGCGGCTTGTTCGTGGTGGCGAACGGTGCGGCGACGATCGTCATGGTGGGCGACGTGGGCTACTATCCGTTCACCGGCACGCGCGTCACGATGGATGTCTTCGCACTGACCGGGGAAGCGACGGCGCAGGCGGACCAGTTGTTCGTGAACTTCGCAGGACTCACGCTGATCGGCGTGGGATTGCTCGCGGCCCTGCTGGTGTTCTATCCGCGCCCGGCGGTTGAGGCACCGGCACCCGTGCCGCGCTGGCGACGCATCGCCACGTCGTTCGCGGTGATCTTCGCTACGGTGGTTGCCGCGCGCGGTGGATTCCAGAAGAAGCCGCTGAACCCGATTCATGCCTTCGAAGGCGGCAGCCACGAGATCGGCGTGCTCACGCTCAACTCGGCGTTCACGCTGCTGCAATCTCCCCGCGACCGCGCGCTCGAGCCCGTGGCGTACTTCGAGAGCGCCGCAGCGGTGGACTCGCTGCTCCCGCTGGCCTACGGCCTGACCGACGCCGCTGCAGCGCCGCGGAAGCAGAACATCGTGCTGCTGATCCTCGAGAGCTACGCCACGGAGTTCTGGGGCGGCAGCGACCGCGAGCATCCGGAGCTGACGCCGTTCCTCGACTCCCTCAAGCAGCACGGGACGTTCTACACCGAGAGCTTCGCCAACGGGCGGCGCTCGATGGACGCGTTGCCAAGCATCTTGTTGGGGATGCCGCTGTACCGCGGGCAGAGCATCGCGGTGAGTCGCTACCAGAGCAATCAGTGGGTCGGGCTCGGCCATTTCCTCGGGGAGGCGGGCTACCACACGGCCTTCTTCCACGGGGCGGTGAAGGGCACGATGTACTTCGACGCGATCGCCGCGCTGTCGGGCATCGAGGATTTCTATCCGCTCGAGCGTTTCCCCGAGGAGGTGCAGCAGGAGGCCTTCGACGGCCACTGGGGGCTCTTCGACGAGGAAGCGCTGCAGTTCGCGGTCCGGCACGTGGGCACGTTCCGTGAGCCCTGGTTCGCGACGATGTTCACGATCAGCACGCACCACCCGTACCGCCTGCCGCCCAAGTACGCGGACTCGCTGCCGAAGGGGTCGCGGGAGATCCACGCCAGCGTGGCGTACACCGACTTGGCGGTGCGCCGCTTCTTCGAGGTGGCGCGCACGCAGCCGTGGTTCGAGAACACGCTGTTCGTGATCACGGGCGACCACACGCCGCCGTCACGCTCGGCGCGCTACGACACGCCGCTCGGCCGCTACATGGTGCCCACGCTGCTGTACCATCCGGGCGGCACGCTGCCGCCGCTGGACACGGCGCGCGTGGTGCAGCACGTCGATCTCTTCCCGACCATCCTCGACTACGCCGGCGTGCATCCGGAGCGCGTGCCGCGCTTCGGCCACTCGCTGTTCGCGGCGCAGGAGGGCGAGGCGGTGCTGACGACGGACGAGGTGTACTGGCTCGTGAGGCGCGACGGCGTGCTCGAGCGGCGGCCGGATGGAAGTGAGCGGATGCTGGCCTACCGGCGCGAGCGCACGGGCGAGGAGGGCGCCGGCGTTGCGAGCGATCGCCAGGCCGAGGCGTCGCGGCGGCTGCTGGCGTACGTGCAGCACTACACGATGTCGTTGATCAACAACTCGTTCTACCGCGACGGCGTGCGTCGCACCGCGACCGATGACTGACGGCGGCGCATCGATGCGCCGCTGGTTCTGGGGCCTGACGCTCGCCGTGCTGGTCACGCGGGTCGCGGCGATCCTCGTGCTGCGCACGTACCTCGGGGATGCGGGCACATACGAGCACGATGAGATCGCGCGCGGGCTCGTCGAGGGCCGCGGGTTCACGTTCCGGTTCTTCGCGGACGTTCCGCACCCCTCCGGCCACCAGGCGCCGGCGCTGCCGTTCCTGCTGGCGCTCGGATACTGGACGTTCGGCGCGGGGGCACCCGCGGGCATCGCGATGGCGCAGGTGGTGCTGGCGCTCCTCGTCACCGCGGGCGCGATGGCGCTGGGCCGGATCGCGTGGCAGTGGTGGGGGCTGCGCGGCATGCAGCTGGCGATGGGTGCCTTCCTGCTGTACCCGGCGTTCGCGTACATGCCGACGCGCGTGCAGACGGTGAACTGGACCGTCGCATTCCTGTTGCTGTTGCTGGCTGGATTCGTGGCGATGTCGGAGCGGCGTGGCGGTGCGGGGGTGGCGCTGGGCACCGGTGTCGCCGCCGGACTTGGCGCGCTCGGCGAGCCGACGCTGGCGGCACCGTTCGGGCTGTGCTGGCTCGCGCTGGTGTGGATGCGCCGCGATCGCCTGCCCCTGGCGGTGATGGTTGCCGTGGGCTTCTGGGTGGTGGTCCTGCCGTGGTCGCTGCGGAACCAGCGCGTGCTCGGGCAGTTCGGACCGAAGAGTTCGTTCGCGTATGTCGCGTGGCAGGGCAATCACATCGGCGCCTCCGGTACGGACAAGCGACCGGTGGCGGATTCGACGGCGCGAGCGCTTGCGTGGCGCATCGGGGGCCCCGACCTGGAGGCGCAGCTCGCCGCCGCGCGCGCGCAAGCGGTGACGGTGGATGCCGACATGACCGCGGCGGACAGCGCGGCCGTGCGCGCACTCCCCGATGAGCGGGCGCGGATGCAGTGGTTCAGCCAGCGCCTGCGCGCAGACCTCGCGGCGGATCCGATGGCGTACCTCCGGGTCTCGGCGACGCGGGCGCGGATGCTGCTGTGGTTTGACGAGACGAATCCGCGGGCCTTCGTGGCCGCGTACCGCGTGCCCTACGTGCTGCTGCTCGCCATTGCCCTGGGCGGGCTGTTGCGGTGGCGCCGGTCATGGCGTCCGGGGTATGTGATGTGGTGGGCCGCCGTCGCCGGACTCTCGGCGGTGTACGTGCTCGTGATCATGTCGGCGCGCTTCCGCCTGCCGCTCGAAGCCCTGTTCGTCCTTCCGGCCGCCGGGTTCCTCCTCCAGCTTACAGCATGGCGATCCTCCGCAACCCGCTCCACGACGAACAAGCCAACCTAGCCACCATCTCGCTGGTGGTGCTGGCGGCCGTCGCGATCGTGGCGGCGCTCGCCTTCACGCGGCCGGTGCTGGTGCCGTTGGTCGTGGCGCTGATCGTCTACTATCTCGTCTCGCCGGTCGCCGACTTCCTCGAACTCAAGCTGCGCTTCACGCGCTGGCTCTCGACGCTGGTGGTGATGCTGCTCGTCGGGGCGGTGCTCTCGCTGCTCGGGCTGCTGTTCCTGACCTCGGCGCGCGGATTGCTGGGCTCGGCGGACGTGTACCAGGTGAAGCTGCTCGATGTGGTGACGACGGTGACCGAGTGGCTCGATGCGCGTGGCCTCACGCTGAGCCGCGACGCGATCGTGACGGCGGTCAGCGAGCTGCCGACGCAACGGGCGATGCAGGCGGGGGCCGGGCTGGCCGTGAGCCTGGTGCAGAACGGCACATTGGTGCTGCTCTTCGTGATCTTCCTGCTGCTCGGGCGCACGCGGCAGCTCATCAAGCATCCGGTGTTCCGGCAGATCGACCGCGACATCCGTCGGTATC
NZ_CP130612.1_gap36	1232516	1233094	578	CGATGCACTCGGTGCGCGTGCAGCGCGGCGTGGGGTCGAGTGCGTTCGGCACCGCGGCCTTCGCCGGCTCGCTGGATTTCGAGTCGCTGCCGCTGCTGGCCACGCCGAAGTTCCGGGAGCTGCAGGTGACCGGCGGTTCGTGGGGGACGCGTCGCACGAGCCTCGAGGCCGCGTCGGGGCCGGTCGGTGCGGCAGGGCGCCTGGCGGCGTACGCGCGGCTCTCCGCGCAGGAGACCGACGGATTCCGCGAGCACTCCGGCAACCGCGCCGCGTCGGGCTTCGTCTCGCTCGGCTGGTTCGGCGATCGCGATGCGCTCAAGTTCACGGGCTTCGCCGGCCGCTCGCGCATGCAGCTCGCGTACTACGCGCCCAGCGAAGCCGAGCTGGCGGTGAATCCGCGCGCGAACCCGATGGGCGAGGACGAACGCGACAACTTCCGTCAGGAGATGCTGAGCCTGCAGTACACGCGGGTGCTGCGTCCGGGGCTCACGCTCACCACCACGGGCTACCGCAACAGCGCCGGCGGCTGGTACGACGTGAATGTCGGCGATCCGACGCTCTGGCGCTTCAATCTCGAT
NZ_CP130612.1_gap37	1381758	1386606	4848	ACGCTGCTCGCCAAGGCGGTGGCCGGCGAAGCGGGACGTCCGTTCTTCTCGATGTCGGGCTCTGACTTCGTGGAGATGTTCGTGGGCGTCGGCGCGAGCCGCGTGCGCGACCTCTTCGAGCAGGGCAAGGCGAACGCGCCCTGCATCATCTTCATCGACGAGATCGACGCGGTCGGTCGCCATCGCGGCGCCGGCTTGGGCGGCGGGCATGACGAGCGCGAGCAGACGCTGAACCAGCTCCTCGTGGAGATGGACGGCTTCGAGTCGAACGATGGCGTGATCCTCATTGCCGCGACGAATCGTCCGGACGTGCTCGACCCGGCGCTGCTGCGCCCGGGCCGCTTCGACCGACAGATCGTCGTGGATGCGCCGGACCTCAAGGGCCGCATCGGCATCCTCAAGGTGCACGTGCGCAACAAGCCGCTCGCGGCGGACGTGGAGATCGAGCGTCTCGCGCGCGGCACGCCGGGCATGGCGGGCGCCGACCTCGCGAATCTCGTGAACGAGGCTGCGCTGCTGGCCGCGCGTCGCAATCACGACAAGATCTACATGGTGGACTTCGAGGACGCGAAGGACCGCGTCATGCTCGGCGCCGAGCGGAAGTCGTTGGTGATGCGCGAGGAAGAGCGCCGCCTGACGGCCTTCCACGAGGCAGGGCATGCGGTCTGCGCGATCCGCGTGAAGGGCAACGACCCGCTGCACAAGGTGACGATCGTGCCGCGTGGCCGCGCGCTGGGGCTGGCGTTCACGCTGCCGGAAGACGACCGCGTGTCGGTGACGCGCGAGCAGCTGGAGGCGCGCCTCGTGATGTCCTACGGCGGTCGCGTGGCGGAAGAGCTCGTGTTCGGGCGCGATCGCGTGACGACGGGTGCGGCGAGCGACATCCAGCAGGCGACGGGCATCGCCCGGCGCTACGTCTCGCAGTGGGGCCTCTCGGATGCCATCGGTCCGATCCTCGTGGGCGACAACGAGCAGGAAGTCTTCCTCGGCCGCGAGCTCACGAGCCGTCGCCAGGTGTCGGAGCGCACGGCGCAGCAGGTGGATGACGAAGTGTCGCGCGTGATCAACGAGGCGTACAACCGAGCCGTGGACACGCTGACGCAGCACCGTCCGCTGCTCGATGCGATCGCCACCGCGCTGCTTGAGCGCGAAACGCTGACGCGCGAGGACATCGCGATTCTCGAGAAGGGCGAGGCGTTGCCGCCGCGGCAGGAGCCGCCGAGCACGCCGGCGGTGCCCGCTCCGACGATTGTGCCGGCTCCGGAAGCTCGGCGCGTTCCGCCGGTGATCGGTGGGCCGGAGCCTTCGCCGGCGTGAGTAACGGCAGGAGCGAAGAGCGAGGGGAAAGAGCGAGGGGTGAGGGACCGAAGTAGAGGGAACGAAGGGGCGAGTGGAAATCCCACTCGCCCCTCTCCCTTTGTGCCCATCCTCTTCGTTCCCTCATCCCTCGATTCTTTCCCTCGCTCTTCGCTCCTCGCTACTACCACGCCGCCCTAAGCACCAGTATTTTCAATAGGTTATGGAGTTTTTGGGACTCAAGCAGCGGGTGGCGCAGGTTCGCGGCGAAATCGCGGATGCGGTGGCGCGTGGCGGGCATGGGCAAGCGGTGCGCCTGATTGCGGTGACGAAGACGCACGGGCCCGAGGCGGTCTTGGCCGCTGCGGCAGCTGGCATCACTGACGTCGGGGAGAACAAGGTGCAGGAGGCGCTGTCCAAGCAGGAGGCGCTGACGGCGGCGGGGACGATGCCCCACGGCCTGACCTGGCACCTGATCGGGCATCTGCAGACGAACAAGGTGAAGGCGTTGCCGTCGTTCGGGCTGTTCCACGCAATGGACCGCGCGAAGCTGGCCGATGAGGCCGCAGCGATGGCGGCCAAGCGAGGCATCACGCTGGATGTGTTGCTGCAGGTGAACATCGTGGGTGAGGAGACGAAGGGCGGGCATGCGTTGTCGGAGGTGCCGGCCGAGGCGGAACGGTTGCACGGGATGCCCTCGCTGCGGGTGCGGGGCGTGATGACGATGGCGCCGTTCGATGCGCCGGAGGCGGTGTTGCGGCAGGTGTTCCGTGGGGCGCGCGAGGCGCGTGAACTGCTGCGCGCGGCGGGGCACGATGCGCACGAGTTGTCGATGGGCATGAGCGGGGACTATCTGATCGCCGTCGAGGAAGGGGCCACGATGGTCCGCCTCGGCACGGTCCTGTTCGGGGCGAGGGGCGGATGAGCGAGCAACTCGAAGGCGGCGACGACATCTTCCACCTCACGCCGGTGGATGTGCGCCGATACGACTTCGGTTCGGCGATGCGCGGCTACGACCGCCAGCGCGTGGACCAGTTCCGCGAACAGCTCGCCGAGGAACTCGAGCGCCTGACGCGTGCGAACGGTGAGCTCGAGGCGAAGGTCCGCAACTTCCACGAGCAGCTCAAGCACTATCGCGAGCGCGACAAGGCGATCAACGAGGCCTTGGTGTCGGCGCAGCAGCTGCGCGAAGAGGTGAAGGAGCAGGCGGCGCGCGAGGCCGACTTGATGCGTCGCGAGGCGGAGTCGGCCGCGCAGCAGATCAAGGACGACGCGCAGCGGCAGGTTGCGCAGCTGCAGGGCGAGATCGAGCAGCTCGATCGCGTGCGGCGTGCGTACCTGGCGCAACTGCGGGCGATTGCCGAGCGGCACATCGCCGAGGCGGACGCGTTGCTGCAGCATCCCCAGGGCTGACGATGACGTGGATGTCGCCGGCCGACGTGACGCGCGCGGTGGACTCGATCCGCCAGCGCAGCGCCGTCGTGCCCGACATCGCAATCATCCTCGGCACGGGCCTCGGTGGGCTCGCGCAGGCCATCGAGGTCGAGACGGCGATCGCGTACGAGGCGATTGCGGGATTCCCGACGTCGACGGTGGAGTCGCACAGCGGTCGCCTGCTGTTCGGCACGCTCGGCGGCAAGCGCGTGGTGGCGATGCAGGGCCGCTTCCATCGCTACGAGGGCTATTCGCTGCAGCAGGTGACATTGCCGGTGCGGGTGATGCACGCGTTGGGCGCCCGCACGCTGGTGGTGAGCAATGCCTGCGGCGGCATCCGCGCCGACTGGGCGCCGGGCGACCTGATGGCGATCGCCGATCACATCAACCTGCTCGGTGACAATCCGTTGGTGGGGCCGCACCACGCGGAGTGGGGCGCGCGCTTTCCCGATATGTCGGCCCCGTACGACGCCGAGCTGCGTGCGCTGGCGGCGGACGTCGCCGCGGGGCAGGGCACGACGCTGCGCAGCGGCGTCTACGCGGCGGTGATGGGACCGAACCTGGAGACGCGCGCTGAGTACGTGATGCTGCGCACGATGGGCGCGGACGTGGTGGGGATGAGCACGGTGCCGGAAGTGATCGTGGCGCGGCAGCAGGGCATGCGCGTGCTGGGCATCTCGATCATCACGGACGCCTGTGTGCCGGAGACCTTGGAAGAAGCCTCACTGGAGAAGATCCTCGCGGTGGCGGCGGTGGCCGAGCCCAAGCTGACCGCGCTGGTGCGCGGCGTGGTGGAGCGGCTGTGACGAATACTGGGACTGCCATGCGATTTCGCACGATTGCGCCGGAGCTGACCGCCGACGCGCTGGAACAGGAAGTGCAGCAGCGCTGGACGCGCGACGGCGTGTTCGCCGCGGCGCAGGCGCAGCGCGCCGATGCGCCGGCCTGGGTGTTCTACGAGGGCCCGCCGACGGCGAACGGCAAGCCGGGCATCCACCACGTGTTCGCCCGCACGGTAAAGGACCTGTTCTGCCGGCATCGCGCGATGCTCGGGCATCACGTGCCGCGCAAGGCGGGGTGGGATACGCACGGGCTGCCGGTGGAGATCGAGGTCGAGAAGCAGCTCGGCATCAGCGGCAAGCAGGATATCGAGCGGATCGGCGTGGCGGAGTTCAACCGTCGCTGCCGGGAGTCGGTGTGGACGTACAAGGGGGACTGGGAGGAGGTCTCGTCGCGCATGGGGTATTGGTTGGATTACGACCATCCCTATGTCACGTATGAGAACGAGTACGTGGAGAGCGTGTGGTGGGCGTTGAAGACGTTGCACACGCGGGGGCTGCTGTATCAGGGGCATAAGATCCTGCCGTACTGTGCGCGGTGTGGGACGGCGTTGTCGTCGCATGAGTTGGCGCAGGGGTACGAGGATGTTGAGGATCCTTCCGTTTATGTGGCGTTGGACCTGCAGTTGGGAGTTGGGAGTGGGGAGTTGGGAGGCACTGCCACTGGGCTGACGTCTCTTCCAGCTGCCGTTCGGCGTCGCATTGTCGTGTGGACCACGACGCCGTGGACACTCGTTTCGAATGTCGCGTTGGCGGTGCATCCGGAGCTGCACTACGTGGAGCTGCGGAAGAAGAATGTGTCCGATTGGACGATCATTCTCGCCGAGGCGCGCGCGGGGGCGGTGCTCGGGGCGGATTACCGCGAGCGCTGGGACGAAATCGGCTTGTTCAAGGGCGCGTCCCTGGTGGGGCTGTCGTACCAGCGGCCGCTCGACTGGGTGGAGTATCCGGACGAGGGGAAGACGCAGGTCATCGTGGGCGAGGAGTTCGTCTCGGCCGACGATGGCTCGGGCGTGGTGCACATGGCGCCGGCGTTCGGTGCGGATGACTATGCGGCGGGGCAGCGGCATGGGCTCGCGTTCGTGAATCCGGTGAATGCCCGCGGCGAGTTCCCGGCGGAGATGCCGGTGGTGGGCGGGAAGTTCGTGAAGACGGCGGACCCGCTGATCATCGAGGAGCTCGAGAAGCGCGACCAGCTCTGGAAGGCGCAGAAGTTCGTGCACGCGTATCCGCACTGCTGGCGCTGCGGCACGCCGCTGCTGTACTACGCGCGCAGCAG
NZ_CP130612.1_gap38	1390018	1392178	2160	GGCGGGAAGGAGCGCGCGGGGCTGGTGCATCGCCTCGACAAGGAGACGAGCGGCCTGCTTGTGGTGGCGAAGAGCGATCGCGCGCACAAGTCGCTGTCGGGGCAGATCGCCGCCCGCACGGTGAAGCGGCGCTACGCGTGCTTGGCCTGGGGCCATCTCGACACGGAGCGCGTGCGCGTGGACAAGCCGCTGGCGCGCGATCCGAACGACCGCACGCGCATGACGGTGCGGCCGGAAGGGCGCACGGCGCGCACGGACTTCGTGCGCCTGGCGCGATTCGACAGCGTGGACCTGCTGCGCGCCGAGCTGCATACGGGCCGCACGCACCAGATCCGCGTGCACCTGGCGAGCATTGGCCATCCGGTGGCGGGCGACGACACCTACGGCGGGGGCGGGGGACGCAAGTTGCTCGACCTGCCGCCCAAGCGGCACTTCCTGCATGCCGCGTGGCTGGCGTTCACGCATCCGGTGACGGGAGCGCCGATGGACCTGCGCGCGCCGCTGCCGGAGGACCTGCGGAAGTCGCTGGCCCGGGCGGCCGGCGATCCGGGGTTGTTTGCCCGGCCTGACGCACTGGAGTACTTTGGCTTCTATAGTGAATCTCAGTGACCTGACGTCGGCGGAGCCCGGTCCGGGGGCGGAGGACGACCCCCGGGATGCGGACCGTTTTCTGGTCGCTGAAGCCGCCGGGCAGCGGGTGGCGCTGCCCCTGCTGCAGAGTCGCGAAATCTTGACCGTGAAAGCCGTGACCAGACTGCCCGGTGCGCCGTCTTGGATAGCCGGGCTGGTGAACGTGCGCGGCACGGTGCTGACGGTGGTGGACACCGGCCAGCGGCTGGGCGGTGCGGCGTCCACGGGTCCGGTGGTGATGGTGGAAGTCGCCGAGCGGAAGTTCGGGCTGCGCGTGGACCGGGTGGACGGCGTGGTGCGTGCCGACGCGGGTCTCGAGGCGGTGGACGAGGCGCGGTCGGCGGGTGGCGCAGTGTGCGGGCTCGTGACGGCAGGTGACGGGCCGGCGATGGTGCTCGACTTGGAGGCCCTGCAACGCGCGGCGATCGCCGACGCGTGAGCGCAGGGCCGGCACGACTCAAGCGGAACGGGGAGGAGGACGCGTGGCTCCGACGGTGCTGATCTGCGACGATGCGATCTTCATGCGCACGATGGTGGGTGACATCCTGACGCAGGCGGGCTTCGAGATCGTCGGCGAGGCCGAGACGGGCACGCAGGCGGTGGAGCGCTACAAGGCGCTGCGGCCCGACCTCGTGACGATGGACATCGTGATGCCCGACATGGGCGGCATCGACGCGGTGCGCGAGATCACGAAGTTCGATCCCAACGCGAAGGTGCTGATGTGCAGCGCGATGGGGCAGCAGTCGCTGGTCGTCGAGGCGATCCAGGCGGGCGCGAAGGACTTCGTGGTGAAGCCCTTCCAGCCGAGCCGCGTGCTGGAGGCGGTGCAGCGGGTCCTGGGCTAACCGCCCGGCCGCGCGTCGCGCCAGGCCCGAGCCGCCGATGGATCCGTCACGCTACGCGGACCTCTTCCGCACCGAGAGTCGCGAACAGCTCTCGGCGCTGAACCGCGCGTTGCTGGCCATCGAGCAGGGGGATGACCCCGCCGAGCCGGTGGCGGCGATCTTCCGCGGCGTGCACACGATCAAGGGCATGAGCGCGACCATGGGATACTCGGCGGTTGCCGAGTTTTCGCACGAGTTGGAGTCGCTGCTGGCCAAGGTGCGCGACGGCGAGCAGTCGGTGAGCGCGGAGCTGATGGACGCGCTGTTCGCGGCGGCCGATGCCTTGGAAGACGGCATCGAGCATGCGCGTGAGGGCACCGCGCTGACGCCAGCCATGCAGTCGGCACTCGAGCGCTTGCACGACATCGCGGGAGGCCGCTCGACGGCGGAGTTCCGCGTGATGCGCGCGAGCGGCGTGGTGAAGCTGCCGGCCGAGGCGCTGGATCCGCTCGATGGCGAGGGTACGCTGGTGCACGTGGTGCAGGAGCCGACGGCGGTGCTGCCGGGCGTGCGTGCCTTCATGGCCGTGCAGCGGCTGCGGGCGCTGGGCGAGGTGCTGGCCTGCGTGCCGTCGGCGGATGCGTTGCAGGCGGCGACGACGCCGCAGGCGTTCAGCGTGCGGATGCAGACGGCCGCCGGCGCGGCC
NZ_CP130612.1_gap39	1399457	1402259	2802	ATGTCACGTTGAGCCTCGTCAACTACGCCACGCGCGAGATCACCTGCAAGATCGTCTACTACGGCCCGGGTCGGTCCGGGAAGACGACGAACCTGCATTACATCCACGGACAGGTGCCGACGGACCGGAAGGGCCAGATGGTGTCGCTGGCCACGCAGACGGACCGCACGCTGTTCTTCGATTTCCTGCCGATCGACCTCGGGACGATCTCCGGGTTCACGACGCGCTTCCAGCTCTACACGGTGCCGGGCCAGGTGTACTACCAGACGACGCGCAAGCTCGTCCTGCAGGGCGCCGACGGCGTGGTGTTCGTCGCCGACTCGCAGGCGCGCCAGCTGCAGGAGAACATCGAGAGCTTCCAGGACCTGCACGAGAACCTCGCGGAGCAGGGCGTGGACGCGCGCACGATGCCGATGGTGATCCAGTACAACAAGATCGACCTGCCCGACGAGCTGCGCACGCCGGTGCCGGAACTCGAAGAGCAGATCAACTTCCGCAACATCCCGTCCTTCACGGCCGATGCGCTGCACGGCCCGGGCGTGTTCGAGACGCTGCGCGGCATCTCGGAGCAGGTGCTGCGCAAGCTGAGCGCGGGGCGGAGCGGCTAGCATGCGGCTCGATCCCCGGTTCACCTTCGATCGCCTGGTCGTCGGCGCGGCGAATCGCCTCGCGGCGGCGGCGGCGCGCGCCGTCGCCGAGGCGCCGGGGACGACGTACAACCCGCTGTTCATCTACGGTGGCTCGGGGCTCGGCAAGACGCACCTCCTGACCGCGACGGCCCATCTGCTGCAGCAGCTGCAGCCGCGGGCCGAGGTGCTGGCGTTGACGCTCGACGAGTTCAGCGAGCAGTACCACGCCGCGGTCAGCGCGGGCGAGACGTCGGCCTTCGGGCATCGGTTGGCGCACGTGGACCTGCTGCTGCTGGACGACCTGCAGTTCGTGACGGGCCGCCGCGAGATGCAAGCCGAGCTCCTGCGCCTGTTCACCGTGATGCAGGACGGCAACCGGCAGATCGTCTGCGCCTGCGACCGTCCGCCGTCGGAGATCGCCGATGTGGACGAGCGGTTGATCTCGCGTCTGGCCGGCGGGCTGGTGGTGGACGTCGGCTTGCCGGAGTTCGAGGCGCGCGTGGCGATCCTGCGCGCGGCGATCGCCGAGCGTGAGCTCGCGGTGCCGGATGCGGCGATCACGCGGCTCGCGGAGCGCGGCATCAGCAGCGTGCGCGAGTTGCAGGGACTGCTCAACCAGTGGATCGCGCAGGAGGCGATGGGCGGGAAACGCATGCCGACGCCCATGCCCGGCAACGTAGATGCGCTGCGGCCGAGCGGCGAGTTCCTCTCGTTCCTGTCGGACGTGGCCGCGGTGGTGCAGGAGCAGGTGGAGACCTGGCAGGTGCGCCTGCGCGAGACGATCGCGTACTGGAAGGGCGAGGGCTATCGCACCGCGGTGCTCGAGCGCGCCCTCACGCTGCCCACGGAACCGGACGTGCAGGGCTTGATCGCGGTGTATGTGCAGGCGGTGGACCACCTGCGCTCGCTGGAGCGCGAGGCGACGGCGGTGGACGGAGCGCTCGGCGGGCACGAGTTGTTCCGCGATCCGGAACGCCTCGCCGAAGCCGAGGAGTTCGTCGAGAAGGCGCTCGCCGGCGAGATGCCGCCGGGGGGCCCGAACCCCGCGTTCACGCGCGAGGGCTTCGACGTGGGGGCGGCGAACCAGCTGGCGGTGCACGCGGCCGATGCGGTCATCGCCACGCCGGGCACGCGCTACAACCCGCTGCTGATCACGGGGCCGAGCGGCGTGGGCAAGACGCACCTGGTGCATGCGATCGGCAACGCAATTGCCGCGCGCAGCGAGGGCAGGGTCGCCGTGGCCTGCGTGCATGCGCAGGCGTTGGTGGACGAACTCATCGCCGCCATCCAGCAGGGCACGGTGGAGCGCTGGCGTTCGCGCTACCGCGCCGCCGGGGCGCTGGTGATCGACGACATCCAATTCCTCGCCGGCAAGGAGCGCACGCAGGACGAGTTCTTCTTCGTCTTCAACGCGCTCATCGAGGAGGGCAAGCAGATCATCCTCTCGAGCGACCGGGCGCCGGGCGAGATCCCCGACCTCGCGGCGCGGCTGCGTTCGCGCTTCGAAGGCGGGTTGATCGCCGAGATCCAGCCGCCGGACCGTCCGCTGCGCGAGAAGCTGGCGGCGCGCTTCCTCGCCGGCTTGGGCCGCGCCGCCCCGCCGGACCTGCTGGACGTGATCTGCGACCCGACGGTGCGCAGCGTGCGCGAGTTGATCGGCGTGGTGAACCGGTTGGCGGCCGCGGCGGATGCCTTGGGCCAGCCGCTCGACGCCGTGCTGGCGCGGCAGGAGCTCGGGCTCGGTGCGGCGGCGAGTGCGACGATCGCGCCGCCAGCCGCCGCGGCCAGTGCCGGCGACCGCACCTTCCTCGACCGCGAGCGCGTGGTCTGGGAATGGGCGGACTTGAGTGGTCGCGTCATCGAGGAGCTGCGCTAAATGGCCATCAAGGGCTCCCTCAAGGAAGCGTCGCTGCCGGACGTGCTGCAGCTGCTGGCGATGGGCAAGAAGACGGGCTGCCTCTCGGTGACGCATCGCTCGAACTTCGGGTCGATCTACTTCGACAAGGGCAAGATCAGCTACGCGAGCATCGTGAACCGTCGCGACCGCCTGGGGGACATCCTCGTGAAGGGCGGCGTGCTCTCGCAGGAGCATCTCGACGAGGCGATCGGGTTGCAGGCGAAGGCGCGCGGCCAGCGCCTCGGCGACCTGCTGGTCAGCCATGGGATGATCACG
NZ_CP130612.1_gap40	1408280	1412024	3744	TACGCGCTGGCCCACCGGGCTGTCGCGGAACTGGCGGCCTTGGATCCCGCCCGGGGGCTGGGGCTGCTGTTCGGACACTGGGAACGCGCGGGCACGTTCGAGCGCGCGCTGCGGCGGGCGCACGGCATGAGTTCCGCCGATTTCGAGCAGTATTGGAAGCGTCGCGTTCGGCGACAGTTCGGCGTGCTCGCGCTCGCGGCGGACCTCACCGTCCTGACCCTCGTCCTGACGGTCTTGCTGGGGCCCATGTGGTGGCAGCGGCGCCAGAAACTGCGGCGGCGGCTCGAACAGATGCGCGAGGACGACCGGCGCCGGGACGAAGCGGAGCGGGCCAGCGCCCTCGCGGCCCTCTTGGGGGAGTCCGAGGGGGAAAATGACGGCCGGATTAAGGGTTAATGAACAAGTCCGATGCTTGGTTGACACTCATTCTAGGCGCCCCTAGACTCCCCCCCCTATGTCGGAACGTGTGAAGGTTGCCGGCGGACCATGGTCCAAGCCGGTCTTGTGGTGGGGATTGTCTGCTGCCAGCCTGGCGGTGGGCTACGCCGACCTTTGGCGAGGCGGCGAGACCGTGGCACCGATTCTATTGGTGCTCGGGTACTGCGTCTTGATTCCCATTGCCATCCTGAAGTGACGCGCGCTGGCGCGTCGGGAACCGAAGCGCCGGGCGAATAGCTCAGTTGGTTAGAGCACCTGCCTTACACGCAGGGTGTCGGGGGTTCGAGTCCCTCTTCGCCCACTTTTTTTGTGCAGCAGTAGATGGTCGGGAACCCACGGAACCGTGGGCCGACCCGTGGGATAGGAAATCCAACGCCTTGTGAGGATTCGACTGTGACGGTTCGGCTCCATCTCCGTCCCCTTGCCGCTGCGGCGGCGCTTCTTGCGGTTGCGACCGCCTCGGCTGACGCCCAGGCGAATCGCCGCCCGCCGCGGCCAGACACGCCCTTCCTGACCGTGCAGGTCTTCCGCTCGGCCGACAAGCTGGCCGGGCCCCAGGCCTCGGACGCGCTGCGCGACGAGCTCATCCGGACCTACCCGGGCCCGGTGCTGTGGGTGATCGAGAAGGAGCGCCTGATCGAGCTCCTGGAGCAGTCGGGCTACCCGTCCAACGAGCAGCTCGCCCGTTCTGATGAGAACGCGCTCGCCAAGTTCCAGCGCGCCGACGAGTACATCCGCGGCGCCGTGACGCAGGAGGCCGACGGCCAGTGGCGGGTGGATGCGGAGCTCGTGCTCACCCGTGACCTGACCCTCGTGCAGCCGCTCGAGCCGGCCCGCGGCAACCGTCCGGACCGCGCGGCCCGCGCGCTCCTGCGGTCGCTGAACGCGGCGCGCGACCAGCTGCCGTTCGAGAAGCGCTGCCGCGACCACGCGATGAACCAGCGCTATCCGCAGGCGCTGGCCGAGGTGGACAAGGCCATCGCCGACTACCCGCGCGCGACGCTGGTCCGCTACTGCAAGATGGGCGTGCTGGTGCAGCAGAACGCCTCGAACGCGGACAAGATCGCCATCGCCGAGGAGATCCTCGCGATCGATCCGAACTCGCGGAACGCGCTGGCCGTCGCGGCCGACGCCTACCAGGCCGAGAGCAACACCGAGAAGGCGAACGAGTACCTCGTGCGTCTCCTGGCCGCCGAGCCGAACAACGCCTCGCTGGCCCAGCGCGTGGTGGACGCCCTCGCGGCCAGCGGCCAGTACGACGTGGCCAAGCGCATCGTGGAGCAGGCCGTGCAGAACAACCCGGGCGACCTCGGGCTGCTGCGCCTGCGCTTCCTGATCCTCGCGGCCTCGGGCGATTTCAAGCCGGCTATCGCGTCGGGTGAAGAGCTCGTGCAGCTCGACACGGCCGCGGGCGACATCCAGTTCTGGACGCGCCTCTCGGCGCTGTACATCTCGGACTCGAACACGGCGGGTGCGCTGAGCGCGGCGACGCGCGGCACCACCAAGTTCCCGCGCGACGCCCAGCTCTGGCAGATCCGCGCCCAGGCGGAGCGCAACACGGGTGACGTGCCGGCCTCGATCAACTCGGCCAAGCGCGCCCTCGAGATCAACCCCTTCCAGCCGAACGGCTGGCTGCAGGTGGCGCAGGCGTACATGGGCCTGCAGCAGAACGACAGTGCGCTGGTGGCGTTGCACCAGTCGACGGTGGCCGGTGACGGCGCGGACCCGATCGCCACGCTCATCTCGAGCATCGGCAACAGCCTGCGTGTGCGGGGCGACTCGCTGAAGGCGTCGGACGTGCCGATGAGCATCGACCTCCTGCGGCAGGCCCAAGCCCTCATGAACCGCGCGGACAGCGTGGCGATGTTGGCCGACGAAGTCGGACCGGCGGATGCCCGTCGCCCGCGTGCACCGGCCGCGCCCGAGACCAAGGCGCGCGTGAAGTTCCTGGTCGGCGTCACGAACGTGCAGCTGGGCTTCGTGCTGGCGCAGAACGCCGGTCCGGAGCGCAGCTGCGACATGGCCAAGGAAGCCGACGCGGCCTTCGTCAACGCGATGATTGCGCTCCCACAGGGTGCCGCGTTCAACCAGCAGACGGCGGTCCAGCTGCTCCAGTCGATCCCGGAGATGCAGGCCTACGTCACGCAGATTACCCCGCAGCTCTGCAAGCCGTAGTCCGGCCTCGCCGGTGCACGAAGCCCGCCGTCGCGATGCGACGGCGGGCTTCGTCGTTCCGGGCGTTGTCGTCACACCGGCCCTTCGGCGCCACGCTGCGCGGTGACATCTTTCACGCGTGACGACTTCCCGCACGCCGCCCCTCGGCGCCCACGACAGCGACTGGCACGCGCCCGTGCTGGTGGCCGAGGTCTGCGCCGCGCTGGCGGAGTGTCCGCACGTGCTCGACGGCACCTTGGGTGGCGGTGGGCACAGCGAAGCCCTGCTGCAGCGCGGGCATCGCGTGACGGGGCTCGATCGCGATGCCTCGGCGCTGGCGATCGCGCGGGCTCGGCTCGCGGCGTTCGAGCGGCAGGGGACGTTCATGCCGGTGCAGGGCAATCACGATGCCATCGACGACGTGGCGGCGCTGGCGGGCGAACGCTTCGATGGCATCCTGCTCGATCTCGGCGTGAGCTCGCGCCAGCTCGACGACGACGCGCGCGGCTTCTCGTTCCGCGAGGGCGTGACGCTCGACATGCGCATGGATGCCGATGCGCCGATGACCGCGGCCGACTGGCTCAACGAGAGCGACGAGGCCGAACTCGCGCAGGTGTTCAAGGAGGCGGGCGACGAGCCGAAGGCGCGACGTCTCGCCAAGGAGATCGTGCATCGGCGCGCACGGCGGCCGTTCGCGACGAGCGATGACTTGGTGGGCGCCATCCGCGCGGTGCTCGGCCCGCGCTCCGGGCCGGCGGACTTCGCGCGGCTTTTCCAAGCCGTCCGCATCGCGGTCAACGACGAACTCGGCGGCTTGTCGCGCGGCCTCGTGACGCTGCGCGAGCGCCTGCGTCCGGGCGGTGTGATGGCGGTGATTGCGTATCACTCGGGTGAGGATCGGGTCGTCAAGCATCTGTTCCGCGACTGGAGCACGGCCTGCACTTGCCCGCCGCGGCAGCCGATCTGCACCTGTGGCGGCGTGGCACTGGGGGACCAAGTGACGCGGAAGCCGATCCTGGCGGGCGACGCTGAGGTGGCGGCGAATCCGCGGGCGCGCAGCGCGCACCTGCGCGTGTGGCGGCGCGCGGCGGCGGCTCCCCCCGCACACGGAGGTCGCTGAGCATGCGCGGACGGACCGTGATTGCGCTGGCC
NZ_CP130612.1_gap41	1506640	1511046	4406	GCCGCTGCTGGCGCTCGGCCTGCTGGGTTGGCTCGGCGGCTGGGCGTGGCTCGCCGGGCTCGCGCGACGGCAGCGGCGTTCGCGCTGGCCGGCCTTGGTGCTCCTGCCGTCGGCCCTTTGCATCTTCGCAGCCGCGTACATCGATCGCAGCTTGGCGGGTGCCGATGCGGTCGTCATCGCCGAGCGTTCGCCGTTGCGCTCGCTGCCAGCCCTTGGCGCCGACCCCGGCGCCGTGCCGATGACCGGGGAGATCGCCCGCGTCGTCGAGCGCCGCGGCGTGTGGCTGCGCCTCGAACTCGACGGCGGCCGCAGTGGCTGGTTCCCCGCAGAGCGCACGCGCAGCTTGGCGCGCGATTGATTCCCGCTCCGCGCTCCCGGAGATTGCAGGGATGACGGCTTCGCGCATCGCCATCCTGCCGCCGGACGTCGCCGACCGCATCGCGGCCGGTGAAGTCGTCGAGCGTCCGGCGTCCGTCGTGAAGGAGCTTGTCGAGAACGCGCTCGATGCCGGCGCCCGCAGCCTCGACCTCGAGATCCGCGAGGGTGGCCGCGCGCTCATCCGCGTCAGTGATGACGGCAGCGGCATGACGCGTGACGAAGTCCAGCTGGCCATCGCCCGTCACGCGACGAGCAAGATCCGCGACGCCGAGGATCTCGTGGGCGTGCGCAGCTTCGGGTTCCGCGGCGAGGCGCTGCCGGCCATCGGTTCGGTGGCGATGCTGAGCATCGAGACCGCCACGGAGGACGGGGCAGGGACGCGCATCGAGGTGCGCGGCGGTGCGCTCGACGGCGTGCGTCCCGCCGCGCGGCGTCGCGGGACCACGGTCAGCGTCGAACAGTTGTTCTTCAATACTCCCGCGCGGCAGAAGTTCTTGCGCGGTGCGCGCTCCGAGTGGCGTGCCATCCTCGAGCTCCTGCACGTCGTCGCGCTCGTGCGCCGCGACATCCGCCTCCGCGTCACGCACGACGACAAGGAACAGCTGGCACTCGCGCCGGCGGCCTCGCTCGCCGAACGCGTGCACGCCGTGTGGGGCGCGGACGCCGCCGATCGCCTGTTGCCCGTTAACGACATTCAAGGCAGCATCCGCGTGAGCGGCCTCGCCGAACGTCCCAGCGACGTGGGACTCGGCACCCGCCGCACGCTCGTGACGGTGAACGGCCGCGCCGTGCGCGATGCCGGGGTGATCCGCGCCGCCGAGGCGGCGTATCGCTCGACGATTCCTTCCGGCGTGCGCCCGTCGCTGCTCCTCGAACTCGACATCCCCGGCGCGGACGTGGATGTGAACGTGCATCCGGCCAAGGCCGAGGTGCGCTTCCGCGATCGTTGGACCGTGGAGCGTGCCGTCGAACGCGCGGTGCGCCGCGCCCTCGGCACGGAGGACGCGATCGCCGCCGTCGGGATCGTGCGCGGCGTGCCCGAGGCGCCGGTGCTGGGTCGGCCGCTCGGCGTCGAATCCCTGCGCCAGCCGATGCCGGCCGCGTCGGCGCCGCTCTTCGAATACGCAAGCGACACGGCCGCCGCGCCCGTCGACGTGGACGCGGCGGTCGACGCCGACGACGACATTATCGTCCCGCCATTGTTCCAGTTCCACCGGACGTACATCGCCTTCGAGCGACCGGAGGCGCTGGTGCTCATCGACCAGCATGCGGCGCACGAGCGCGTGCTCTACGAGCGTTTCCTGCATGCCTTCGAAGGCGGGGCGATGCCGAGCCAGCGCCTGCTGTTCCCGCTCACCTTGCATCTCTCGCCGGCCGAGGCGGAGGTGTTCGAGGCGGAACGGGAGGCCCTTGGCAAGCTGGGCTTCGAGGGCGAGCTCTTCGGTGGCAGCTCCGTGCTCGTACAGGCCGTGCCGGCGCCGCATCCCCGCTTCGACGCGGAACGCTGCCTGCGCGACACGCTCGCCACGCTCACCGGTGACCGCGACGCCAGCGCGCATGCACGGCACACGCGGCTCATTGCCACGGTGGCCTGCAAGGCGGCCGTGAAGTCGGGCGACTTGCTCGCCCCGGACGAGATGCGCGCGCTCTACCTCGCGCTCGCGCGCACGACGCTGCCCGCGCACGACGTGCATGGGCGGGCGACGATCCTGCAGCTTGGCTGGGGCGAGATCGACCGGCGCTTCGGCCGTGCCTGAGTCGCCGCCGCTGCGGATCATCGCCGGGCCGACCGGGGCGGGGAAGTCGGCGTTCGCGATGACCCTGGCGCTCAGGCACGGCGCGCGCATCATCAGCGCCGACTCGCGGCAGATCTATCGGGGGTTCGACATCGGCACGGCGAAGCCATCCCGTGACGACCAGCGCCGTGTGCCGCACGCGGGTCTCGATGTCGCGGATCCGACCGAGCGCTGGAACGCCGCGCGCTGGGCCCTCGAGGCGGCCATCTGGCTGGCGGAGGATGCCGAGCGGCAACGTCCATCGATCATCGTCGGCGGCACCGGACTGTGGCTGCAGGCCCTGGTGCGGCCGCTCGCCGACGAACCACCGATGGATCCGGTGCGGCGCGCCGCGACGCAGGAGTTCCTCAAGGGCATGCCCACCGACGCGCTGCGCAGCATGGTGGACCGTCTCGATCCGCCGCGCGCGCACTTGGGCCGCGCGCAGCTGCTGCGGGCTGCCGAGGTGGCGATGGTGACCGGCGAGCGCTTAAGCGACTGGCACGCCAAGGGCAGTACGCGTCCGGCACGCGCCGCACGCTGGCTGGTGGTCGATCCGGGACCATCGCTGGCCGAACGGCTTGATCGGCGCCGCGAGCAGATGCTCGCCGAGGGCTGGGTGGAGGAAGTGCGGCGCCTCATGGACCGCGTGCCGCCGGAGGCTCCCGCTTGGAACGCCTGCGGCTACCGGGAGATTCGTGAACACGTCGAGGGCGCGCGGTCCCAGGCCGACGCGCTCGAGGCCGTCCGCATCAGCACGCGGCAGTACGCCAAACGCCAGCGCACTTGGTTCCGTAATCAACTCGATGACGTCGGGCCCGTGACACGGCTCGATCCCACGGCACCCGACGCGCTGGCCGTGGCCGAACGCTGGTTCTCCGAGGAGTCGCCGTGAAGGTTGGCATCACCTGTTATCCCACGTACGGCGGCTCCGGCGCCGTCGCCACGGAACTCGGCATCGCGCTCGCCGCGCGCGGGCACGAGGTGCACTTCATCACGTACGAGCACCCGTTCCGCCTGCCGCACTTCCTGCCGCGCGTGCACTTCCACGAAGTGAACATCGGCAACTACCCGCTGTTCGAGTATCCGCCGTACGACCTCGCACTCGCCGTGCGCATGCACGACGTCGTGCTCTCCCAGGGGCTCGACCTGCTGCACGTGCACTACGCCATCCCGCACGCGACCAGCGCGTGGATCGCCAAGGAGATGCTGGCCACCCAGGGCCGCAAGCTGCCCGTGGTGACCACGCTGCACGGCACCGACATCACCATCGTCGGCCAGGACCACTCGTACCAGGCCATCACGCGCTTCAGCATCGAGCGCTCGGACCGCATCACCAGCGTCTCGCAATGGCTCAAGGACGAGACCATCAAGGCCTTCGGCTGCGAGAACTGCCGCGTGGACGTGATTCCGAACTTCGTCGACCCGGTGGAGTTCGATCGCGCGAAGCACGGCGACGCGCTGCGGCAGGAGCTCGGGCGCGGGAATCCGGTGCTGATGCACATCTCCAACTTCCGCCCCGTGAAGCGCGTGCGCGACGTGGTCCGCGTCTTCGCCAAGGTCCGCGCGCAGCGCGCCGCGACGCTGGTGATGGTCGGGGACGGCCCCGATCGCGGCGCCGCCGAGGACGAGGCCCGCACGCAGGGCGTCTACGAGGACGTGCGCTTCCTCGGCCGCATCGACGACGTCGCGCCGCTGCTCGCCGCCGCGGACCTCTACATCTTCCCCTCGCAGACGGAATCTTTCGGCTTGAGCGCGCTCGAGGCCCTGGCGTCCGGTGTCCCCGTCGTCGCCTCGGCCGTCGGCGGCGTGCCGGAAGTCGTGAAGGACGGCGTCACCGGTGCGCTGCGCCCGCTCGGGGACGTGGACGGGATGGCCGCCGCGGCCGTGGCACTGCTCGAGCCCGCCCGTTGGGCCGCCGCGAGCGCGGCCGCCGTGGCGGACGCGCGGAGTCGCTTCAGCACGGGCCAGATCGTGGCGCGCTACGAGCAGCTGTACGCGGAAGCGCTCGCGGCGGTCCGTTAGGGCGACGCGGGACGCACGGGCCCCGCGCGCCCCGCTAGTTTTCGACGATGCACGAACCGACCATCTGGCAAGCACTCGTCCTCGGCACGCTGCAGGGCCTCACGGAGTTCCTGCCCGTGTCGAGCTCGGCGCACCTCTCGCTCACGCCATGGGTGATGGGCTGGCCGCCCGCCGGACTCGGCTTCGACGTGTCGCTGCATGTGGGGACGCTCATCGCGCTCGTGTGGT
NZ_CP130612.1_gap42	1601741	1604715	2974	TCTGGAAGTTCTCCAGTCCCGGGATGCCCTGCACACGGCGCGTGATGGCCAGCGCGATCTCATTGAGCGTGTTCACCTCGTCGCCGAGGACGGCGACGGACACGGCTTCTCCCGACGACGAGGTCCGCAGGCCGCGGATGCGCGGCGGCCGAACGCCGATGCGGGCACCGGCGAAGCCGCGGGCGTTGATCGAATCCTGCAGCGTGCGCACCCACTGGTCGGCGGACATCGGACGCTTCGACACGGGCGTCAGCAGGATGTCGAGCGAGCCGCGGCCCGCGTTGGCCGACGAGGAGCCGCCGAAGAGGAAGCCGCCGGCCGTGGCGAAGACCGCCTCGACGTGCGGCATCTTCGCGACGATGCCTTCCACCTCGCGGGTGATGCGGTCCGTCTGCGCGGGCGTCGCGCCCGGCGCGAGGCGCACGAAGGCACCGACCGAGCCGTCGTCGACCTGCGGGAGGAACTCCGTCGGGATGGACCGGGCGCGGTAGAAGAGGCCGCCCGCCACCAGCAGCACGGTTCCGAGGACGATCGCCTTGTGGCCCACGACCCAGGTGGCGGCGGTCTCGTACTTCTCGCCCATGCGGGTGAACCAGCGGTCGAAGGCGAGCAGCGCCCGGTTCTTCTCGAGCCCGCTCTTGAACTTCACCTTGCCCAGCTGCGCGGCGAGCATCGGCACCAGCGTGAGCGCGAGGGGCAGGGAGGCGATGATGGCGAACGAGATCGTGAGGATGAGCTCGCGGAAGATCAGCGCGGCGAGGCCGACGATCAGCAGGAACGGCGCCACGGACGCGATGTTGGTCGTCGTGGAGGCGATGACCGCGCTTGTGACTTCGGCCGCGCCGACGTGCGCGCCTTCCTCGGGGTCGAGCCCTTCCTGCTCGCGTCGCCTGTAGATGTTCTCGAGCATCACGATCGCGTTGTCGAGCAGCAGGCCCGTACCCAGCGCGAGGCCGCCCAGCGACATGATGTTCAGCGTGAGGCCGCCGGCACCCATCATCACGAACGTGGCCATGATGGCCAGCGGGATCGACACCGCGATGATGAACGTCTTGCGGATGGACCGCAGGAAGATCAGCACGACGATCGCCGCGAGGAACGCCCCCGTGAGCGCGGAGTTCGTGACCGAGTTGAGCGCGTCGCGGATGAAGCCGGACTGGTCGAAGGTGACCTGGTACTTGATGTCGCGCGGGATGAACAGCGAGGACTCGAGGCGCGCCATCTGCGCGCGGACGGCGTCGACCACGGCGACCGTGTTGGCCTCCGGTTGCTTCTGGATGCCGATGCGCACCGCCGGCTGCCCATTGAGACGCGCCCAGAACCGCTGGTCCTGCGCGGTGTCGCGCACGATGGCGACTTCGCTGAGCGGCACGCGGGTGCCGCCGGCACCGGTGAGGAGCACGCTGCGGATCTGATCCACGGACGTGAAGCGGCCGGTGGTGCGGCTGACGATCTCGCGGTCTGGTGCGATGACGCGGCCGCCGGCGATGTTCTGGTTCTCGCCGGCGAGCGAGCTCAGCACGTCGTTGACCGCGAGGCCGTGGGCGCGCAAGCGCTCGGGATCGAGCTCCACCTGGATCTCGCGCACCAAGCCGCCCGAGAGGTCTACGCTGGCCACGCCCTCGACGCCCAGCAGCTGCGGGCGCAGGCGCTGGTCGATCCACTGGCGCAGCGACACCAGGTCGCGTTCGCTGGACGAGAACGCGACCTGGAAGATCTGCATCTGCGACGGATCGGACTTGCTCACCGTCGGCGCCGAGGCCTCCTCCGGGAGGCGCGAGCGCACGCGCTCGACCGCTGTCGCGGCGTTCTGCAGCGCGATGTCGACGTTGGTGCCGTAGGAGAAGTTCAGCTCGACGCTGACGCTGCCTTCATTGACGTTCGTCTGCAGGCGCTCAAGGCCCTCGACCGTCGCGAGCGCCGACTCCAGCGGCTTGGCGACGGTCTCTTCCATGACCACGGGCTCGACGCCCGGATTGTTCACGTTCACGCGCACCTGCGGATACACGATGCGCGGGAGCAGGTCCACGGGCAGCCGGCCGATGTACACCGAGCCGAGCACGAGCAGCGTGCTCGTGAGCATCAAGGTGCCGATGGGATGCGAGATGGCCCAGCTGGCGATCCCGCGACGCTGCTTGCTCATGGACGGGCTCCCGGCTGCGGGGCAGGAATTGGTACGCCGGCGCGCGGCGCCTCGGGGGCGAGCGGCTCGACGATGCGCACTTGGGCGCCATCGCGGAGCAGGGCATTGCCGGTGGTGATGATGGTGTCGCCGACGGCGAGCCCCTCGAGGACTTCCATCTTGCCGTCGAGGTCCATGCCGACGCGCACGCGGCGGCGCTCGGCGCGCCCCTCGCGAATCACGTACACGCTCTGGCTGCCGGCCGCGCCCACCACGGCGCGGGTGGGAATCACCAAGGCGTTGTCGCGCTCGTCGAGCTTGAGCGTGACGCGCACGCTGTAGCCCGGACGGAGGCCGGCCTGCTGGGCACCCGAGATCGCCACTTCGACGGGCACCAGGCGGCTGACGGAATCGACCGCCGGAAAGATGCGACGGATGCGGCCCGGCACGTCGCGGCCGAGCGCGTCGACGCGCACCGAGACGTTGGCGCCTTCACGCAGCAGCGGCACCTCGAGTTCAGACACCGGCAGCTGCGTGACGAGAGTATTGAGATCGGCGACGGTGAACAGCCGTGCGGAGCCGCCGACGATGTCGCCGGCCTGGGCAAAGCGCTGCGTGACGACGCCGTCGATCGGCGAGCGAATCGTCGTGAAGCTCAGCCGCGTCTCGAGCTGCGACACCGTCGCCTCGGCCGCGGCGAGCGAGGCCTGGTCGCGCTCGTACTCGGCGGCCGTCACGACCTGCGACTGGCGCAGCTGTTCGGAGCGCTGGGCGGTGGTGCGGGCCACCGTGAGATTCGCGCGCGCCGCCCGGAGTTGCGCCTCGAGCTCGCGGGCGTCGAGTTCAGCGAGC
NZ_CP130612.1_gap43	1618280	1619612	1332	CCCGCGCGCCGGACGCGCGGAGGAATCCGCCGGGGCAAGTTGCGCCGGCTCGAGATAAAGGCCCGAGGCCTGATCGCTGACGCGCACCTGTGCCATCTCTCCCTTGTCGAACTGGACCGTGATCTGCCGCCCGCGGTTGTAGCTCAGGCCCGGGATGCCGCGTTCGCCGCCGGGCGGCGGCAGTTGGTACAGCGCCCGAGCCCCTCCTGTCGCGATGACTTCCCGGAGCGCGGTACGCGTGCCTGTGCTGTCGGTGACTTGCTCGAACTGCGCGAGAAGCGTGTCGCCCAGGATCCAATCCCGCTCGTTGCTGACGATCCGCGTGCTGTCGGGCGACGAGAGCGCCACGGCGGACCCGAGCGCATGCAGGCGCCGCAGTTCCTGGCCCGGCATCTCCACGTCGAGCGAGTCGGCCTCGATGACCTGTGCGCCGGCATCGGCGCGCGCCCGCGTGCCCCACGCGAAGATGCGCGCGATCTCCTGCTCGGCGAACCGGATGTCGATGGTGTCGCTGCGCAGCGTCAGCGAGTCGCTGGTGGCCACGGCCTCGTGCCGCGCCACCACGCGCTCCAGCTTCCGCTGCTTCGACCACGCGTCGATGATCGTGCCGACCAACGTGAACGCCCGCGCGCCGCGGCCTTCGATGCGCGGTTCGCGGAGGAACTGCGCGTGCTCCTCGCCATTGTCGACGAACGCCGAGTCCGACGTGGCGCGCATATCGTGGCGTTCGAGCACCACGCGCCCGCTGGCGTACAGCAGCGAGTCGTTCCGCGAACGGATCACGTTGGCCGTCATGTCGGTGGAATCCGCGTCGCTGCCCGGCTCGGCGCCGGTTTCCGTCGGACTCATGCGCACGAACGGCCGCCCGGTGGCGACCCAGCTGTTCTCGGTGCGCAGTCCCGGGCTCGCGCGGAAGTACTCCATGAACGGGCCCGTGAACCGCGTGCCGGACGCCGTCCGTCCCTTCACGTTGCCTTCGGCGACCAGTCGTTCCTCGCGCGTGTAGTACACCATGCGGTCCGACGACATCGTCACGCGCTCTTCGCTGTACCGCACGTTGTGGTACAGGATCAGCACGCCCTGCGCCGCGAAGTGCTCGGCGCTGTCGGCGAGCAGGCGGTTGCCCTGCCCTTCGCAGGTGGCGTCGACCGAGCCGCCCACGAAGGTGTTGCGCAGCCCGGAGCTGTCGATGACTTCCGAGCGCATGCGCATGGTGCGCGGTCCGCTCGACGGACCGGTAATCAGCAGGACGCAGGGACGCTCGGCGCGCTGCGCCTCGGCCGACGGCATCGCCGCCAGCAGGCCCAGCAGCGCCAGCGCCAGCGCGCGCAT
NZ_CP130612.1_gap44	1624375	1625691	1316	CTTCTCGACGAGCTCCAACGGATGCGGTGGCAGCGACACCCACTTCATCAGGGCCTCGCGCCGCGCCGCGTAGATGCCCATGTGCTGAAACACGAGCGCATCCCGGGTCGCGGCGTCAGCGGCATCGCGCAGGAACGGAATCGGCGCCCGCGAGAAGTACATCGCGCGGCCCGAGTCATCGCGCACGACCTTCACGCAGTTCGGGTCGTCCATGATCGCTGCCGTGCGCTTGCCCGCGGCCGTGCCGAGATCGAATCCGTGATCCCGGACCATGGCGATGGCCCCGGCCATCGCATCGCCGCGCATGAAGGGCTCGTCGCCCTGCACGTTCACGATGATGTCATGCCGCAGGAAATCCGGGTGCCGGGCGACTTCTGCGACGCGGTCGGTGCCGCTGGGATGCGCCGCAGAGGTGATCAGCGCCTCGCCACCGGCCTGCGCGACGACCTCCGCGACCTCCTCGGTCTCCGTCGCGACGACGACGCGGTCCGCGAGCCCGAGGGACTGGACGCGCTCCAGGACGCGCACCACGAGCGGGGCGCCGCCAAGAAGTCGCAGGGGTTTGCGGGGGAGCCGAGTGGCCCCGAGTCGAGCGGGGATAACGGCCAGGGTGCTCATATCAGCACCGTCCGGCAGGCGGTCGCCGATGCAAAATCCACGCCAGCGAAATCTATGGGCTGGCGTGGGGGCGACAAGAGGGCATCACAAATCGTTCCGGCAGCAGCATTTCCACGGCCGGCGAAAGCGCCGGGGAGCCCGTCCTACCGGAAGATGCGCGGCAGGAACGACAGACCCTTCAGAGTGATGCTCGGGACGACCACCACGTTTCCGGTCCGGATGCCGCTGACCGGGCGGTCGTACCACACGGCAATCTCCGGGGCGATCGACACGTCGGCATCCCCGAACCGCCAGCCGAAGGCGGCGCCTGCCGAGGGGTCATCGCGAAGCGCGCCCCGCGAAATCGGCACGGTGTGCATGACCTTCACTGCGCCGTACGGGATACCCGTCGGGCGACGGCCGCCAGAGAAATGCAGCGCTCCCTCGAATAGCGCGTGGCTGGCGAAGTTCACGATGCCGACGCCAATTGAGGTCGCGAACGCAGCCGAGTCCACGTGGTTCGCCCCGCTGTGCCGGCGCTTCAGGTTGCCGACCAGCCCGCTGGCGCTCGTAATCCGCAGGCCGATGTCCGCCCCGTCGTCGATGCCGAAGCGGATCTCCTGGTCGGAGAGCAGCAGGTTGGCTTGCGGGCTCACCGTGTTCGAGTCGGCGAATCGGCCGCCGACGCCGATCGCGAACCCGGCGGTGGTGGTCTTCGA
NZ_CP130612.1_gap45	1631687	1633017	1330	GGCGGGACAGCTCGTCGGAGATGGGCGGGGCGCCGGCGCGGCTCACGCCCGCAATCTACGGCGACGCCAGACCAGCCAGCCAACGATGCCAAGGACGAGCGCGAGCCCCAGCGCCCCCAGCCCCGCCCCCTGCGCAAACCGCGTCATCCCTGCCTTGACGCTCTCCCAGTCGCGCCCGACGCGCATCGCGATCCACACGATGACGCTGTACCACATGAAGGACGACAGCCACATGATGCCCAGCGTCTCCCACAGCGGGACGCGCATCGCCCCCGCGGCAAGCGGCACCATCGCGCGCACGCCGGGAATGAATCGGCTTAGGAACAGCGCGACCCACCCGTACTGCCGGTACGCGCGCTCGATCCGGTGCTCCGCGCGCTCGGCCTTGAGTTCGCTCTTGGCCATGCCGATGCGCCCCAACTGGTGCGTGATCCACTCCGCGCCGAATCGCCGGCCGACCCACCACACCACCGAGGACCCGCCGACGCTGCCGGTCGTGATCACCAGCGCGGTCGGAAGCATCAGCCCGCCGTTCCGCGCCGAGATGAACGCCAGGAACGCGGCCGCGACGTCGCCCGGAATGGGGGGCAGCATGCCCTCGCAGAACGCCAGCAGCCCCATGAGGGCGTACAGGGACCCCGCGCCGAGACCTTCGATCCAGGTGAGGAACGTCTCGAGGAAGCCCAGTTCAGTCGGCACGCACCAACGTGGCCACCGCGATCGTCGCGATGCCCTCCCCCCGGCCGATCCAACCCATGCTCTCGTTGGTCTTGCCCTTCACCATCACGTCTGCGGGGGACAGATCGATGGCGTTGGCCAGCTTCTCACGAATCGCCGCACGGTGCGGCCCGATCTTGGGGAACTCCGCGATCACGGTGATGTCGGCCTGCGCGCAGCGCCAGCCGGCCTTCCGCACGCGTGCGAGCGCGAGCTGCAGCATCTCGATGCTGTCGCGCCCGGCGTTCTCGGCCTGGGTATCGGGGAACATCTCGCCGATGTCGCCAAGGCCCGCGCCGCCGAGGATCGCGTCCGTCAGCGCATGGCACACCGCGTCCGCATCGGAATGACCCGTGCAGCGCACGGTGGCCGGAATCAGCACGCCGCCGAGGATGACGCCATGCCCCTCGACGAAGCGATGCGAGTCGTAGCCGATACCGACGCGGACGGGCGTGACCGCTGCGCTCACGCGCCCACCAGTTCCGGTTCGAGCAGCGAGTAGTCCTGCTTGCGCTTCTTCGGCGTGAAGCCGGCCTCGCGGATGAGCAGCTCCATCTCCTCGATGCTCGTCCGATGCGTGGTGTTCGCCGCCGAGACGACGTTCTCCTCGAGC
NZ_CP130612.1_gap46	1641661	1642901	1240	TCTCGTCGTCCGCGTCGGCGAAGATCAGGTGGGCTTCGTTCTGCACCACCGACTCCACCGGCGTCAGGCAGCGACGGCATTCGCCAGCCGCGGTTCCGTGGAACCCGCCGGAGAAATAGAACCGTCCCGCTCCCGCCCCGCTGAGACGGCCGGTGACCCGGACCGCACCCAACGGACGGACGTCGCCCTCCATCCACACCGGATCGTCGGCGGCGAGGTCACCTTCGACCTGCACGGCCCCCTGCGAAATGGTGCGGATGGGGAACGAAAGCATAGCCAAGTAAACTAATCGCCCGCCGACGGCTAGGTCAAGCGGGTAACTTGGCGTGGGAAAAGGACTTGAACGGACAACGGGAGCCTCGGGACTCGCTGCGCCCCTGAGGCTCCCGTCTCGCCCCGCCGGACCTTAGATGGTGTCCGCTTCGGCAAAGAAGAAGCGGCTCTCCCGCACCGCATTCTCGTCGGAGTCCGAGGCGTGGATCGCGTTCTTGCCCTTGGACTCTGCATAGAGCTTGCGCACGGTGCCCGCCGCGGCCTCCGCCGGGTCCGTGGCGCCGATGGCGTCACGCAGCGCGTGCACAGCGTTGTCCTTCACGAGGACGAACGGCATGCAGGGGGCCGAGCTCATGAAGTCGACGAGCTCGCCGAAGAACGGGCGGCCGCGGTGCACCGCGTAGAACTCCTCGGCCTGCTTCTTGGACATATGCACCACGCGGGCAGCCTTGAGCGTGAAGCCCTGGGACTCGAGGTGGGCGATGATCTTGCCGGCCTTGCCCGTGTTGAAGGCGTCCGGCTTGATGATGGAGAACGTGTAGTTGAGGGCCATTGATGGCTCAGATGTGCAAGAGGTTAGGAACTGCCACTGATTTGCCACGGAGGCACAGCGGCACGGAGGATTGCGCGACGCGACCGAGGATTACGTCGCAGCCCTCTGTGTCTCTGTGCCTCTGTGGCAAGGTTGTTCACCCTACTTCAGACGCGCCTTGATCAGCTCGACGAAGTCGATCGGACGCGCGGCGACGCCCATGCCGGCGGCCTTGAAGGCCTCGATCTTCTCGGCGGCCGTGCCGGCCGAGCCCGAGATGATCGCGCCCGCGTGACCCATGCGGCGGCCCGGCGGGGCCGTCTGGCCGGCGATGAAGCCCACCACCGGCTTCTTCATGTGCTTCTTCACGAACTCCGCCGCTTCCTGCTCGTCGGTGCCGCCGATCTCGCCCATCATCGCGATGGCCTTGGTCTT
NZ_CP130612.1_gap47	1652099	1655214	3115	GGCGCCGGTGACCGGCTCCAACCAGTGATGCAGCACGCCGTCGGCGCCGAGGAACCCGAGGATCGGCGGGATGTTGAACCAGCCGCCCGCCAGAGACAGGACGCCGAGCACCACCAGCGGCCCGGTCATGATCCACGGCGCTTCCTTCAGGTGCGGCCGCTCGGCGTCGCCCGTGCGGTTCGGTCCATGGAAGGTGTACAGCATCATGCGCGTCATGTAGATCGCCGTCATCAGCGCGGCCGCGAGGCCCAGCGCGTAGACCACGTACAGCACCACGCTGCCCGGCACGCCCAGCAGCGCGCCCTCGGCCAGCGTCGAGCCATGCGTGCGCGCGAACACGCTCGCGAGGATCTCGTCCTTGGAGAAGAAGCCCGAGAAGAACGGGATGCCGGCGATCGCCAGCGTCGCGATCCACATCAGGTAGAACGTCACGGGCATGTGCGCCTTGAGGCCGCCCATGTTGCGCATGTCCTGCGCGTCCTCGTGCTTGTGCGTCGCGTGGTACGCCTGGTGCATGGCGTAGATCACGGAGCCCGAGCCAAGGAACAGCAGCGCCTTGAAGAAGGCGTGCGTCATCAGGTGGAACACGCCTGCCGTGTACGCGCCCACGCCAACGCCGACGAACATGTAGCCGAGCTGCGAGACGGTGGAGTACGCGAGCACCTTCTTGATGTCCCACTGCTTGAGGCCGATCGTCGCGGCGAACACGGCCGTGAGCGCACCGACCAGGGCCACCGTGAGCTGCGCCGTGGGCGCCAGCGCGAAGAGCAGGCCCGAGCGGGCGATCAGGTACACACCCGCCGTCACCATCGTGGCGGCGTGGATGAGCGCCGAGACCGGCGTCGGGCCCGCCATGGCGTCCGGCAGCCACACGTACAGCGGGATCTGCGCCGACTTGCCCGTGGCGCCGAGGAACAGGAACAGCGCGATCGCCGTCGGCACCAGCGCCCCGACCTCGACGTCGCCCAGCGCGCCCTCGAGGCCCGTGAAGCTCAGGGTGCCGAAGTTCGCGAACATCAGGAACATCGCGACCAGCATGCCGAAGTCGCCGATGCGGTTCACGATGAAGGCCTTCTTGCCGGCGTCGGCGTTGGCCTTCTCCGAGAACCAGAAGCCGATGAGCAGGTACGAGCAGAGTCCCACGCCTTCCCAGCCCACGAACATCAGCGGGTAGCTCGAGCCGAGCACCAGCAGGAGCATGAAGAAGACGAACAGGTTGAGGTACGCGAAGTAGCGCGGATACCCCGGGTCGTCCTGCATGTAGCCGACGGAGAACAGGTGGATCAGCGAGCCGATGCCCGTGATGATCAGCACCATGACCATCGAAAGCTGGTCGAGCTGGAAGGCCACGTCGATGCTGAGATCGCCGGTGGGCATCCACTGGAACAGCGTGAGGATGTAGGGATCCTCGATGTGCGCGGCGCGCATGGCGCCGAAGATCGCGACGGCGAGGCCGAAGCTCAGCAGTAGGACGCCGGGGCCGATCAGCGAGACCAGCTTGGCCGCAGGATGGCGCGCCGCGTGATGGTCGTCGTGCCCGTGGTCATCGTGGCCATGCGCCGCATGGCCGTGGTCGCCGTGCGCATGTTCAGAGGCGGCCGTCGGGTCCGCGGGACCCGCGTGCGCGGCGTGCTTCAACGAGAGGAACCCGTTGAGCGCGAAGCCGAGCAGCGGCAGCACCGGCAGCAGCCACGCGAAGCGCGCGACCGTGTCGGCCAGCGGATGGCCCATCTCGGGGGGAGGAGTCTGGATCATCAGCCTTTCAGCAGGTTGATGTCATCGAGGTTCACCGACTGGCGGTGACGGAAGATCGAGATCACGATCGCGAGCCCGACGGCCGCTTCGGCGGCGGCCACCGTGATGACGAAGAGCACGAAGACCTCGCCGGACGCGCCGTACACCTTGCTCAGCGCCACCAGCGAGAGATTCACGGAGTTGAGCATCAGCTCGATGCACATGAAGAGGATGATCGCGTTGCGGCGCGTGAGCACGCCGATCACGCCGATGGCGAAGAGCGCCGCGGAGAGCGCGAGGGATTCAGCCAGCATGGGTCAGCTCCTCTTGCGGCCGAGGGTGACCGCGCCGACGATCGCCACGAGCAGCAGGATCGAGGCCAGCTCGAAGGCCAGCAGTTGGTCCCTGAGCAGCACCTCGGCGATCGGGGCGATGATGCCGCCCGGCTCGTTGCGCATCGCCTCGCCGCTCGCCACCGGCAGCGTGAGCTGCGCGCTCCACTTGGCCCGCGCCAGCACCATCACCTCGGCCAGCAGCGCCGCGCCGACGAAGCCCGCCGTCACGCGCGGCAGGTTGCCGCGGATGTCGCTCACGTCCTCGGGCTTGCCGAGGTTGAGCAGCATGACGACGAACAGGAACACGACCATGATGGCGCCGGCGTACACCAAGATCTGGATGGCGCCGATGAACTGCGCATCCAGCATCACATAGAGCGCCGCCAGGCAGAACATCACGTTCACCAACCACAGCGCGGCCGCCACCGGGCTCTTGCGCGTCACGAACAGGATCGCCGAGACCAGCGCGATCACCGCGAAGAGATAGAAGTGGAACGAGAAGAAGAGCGGGAAGAACTCGTTGTTCATCCGTCACTCCCCCCGCGGGTCGGCGGGGTCCCACAGCTCGCTCACCGGGTGCGTCTGGGCCGTGAGGCGCTCGAGGTCGTACACGAACTTGTCGCGCGAGTACTCGGCGTTCTCGTAGTGGCGGCCCATGTGGATCGCCTCTTCCGGGCAGACTTCCTGGCAGTAGCCGCAGAAGATGCAGCGGAACTCATCGATCTCGAACACCAGCGGGTAGCGGTTCCCCGCCTCGTCCTCGCCGGGCACGAGCTTGATGCAGTTGGCCGGGCACACCGTCGGGCAGAGGCCGCAGGCCACGCACTTCGCCTTGCCGTCCTCGGTGGTGAGCATGCGGTGCGTGCCGCGCCAGCGCGGGGAAATGTCCCAGCGCTCGTCGGGATACTGCACCGTGACCTTATGCGGGTTCACGAGATGCTTGAGTGTGAGCCCAAGGCCCGACAGCGTGGCGCGCACGTAGCTCACCTCGCCGACCGGCCGCTCCATGACCTTCACGTTGATCGCCATATCAGCGGATCTCCTCG
NZ_CP130612.1_gap48	1658117	1661303	3186	CCGACAGCACGCAGATCGTCTTGCCCGTCATGTTCTCGGCCAAGTCGAAAATGGTATCGAGGTCCTCGAACGTGCCCTGACCGGCGACGATACGCTCGAGGATCTTGGTCATCCACGCGGTGCCTTCGCGGCACTGCGTGCACTGGGCGCAGCTCTCATGCGCATAGAAGCGCGAGAGGCGTGCGAGCTGGCGCGGCATGGACTGCGCGTCGTCGAAGATGATCACGCCGCCGGAGCCGAGCATGGTGCCGACTTCGAGGAAGCCCTCGTAGTCCATCTTCACGGATTCGGCTTCGTCGATCGTGATCACCGGCACGGACGAACCGCCCGGGATCAGCGCCTTGAACTTGCGGCCCGGCAGCGGTCCGCCGCAGAGGTCGTACAGGAACTCCTTGAAGGAGAAGCCCATCACGACTTCGTAGTTGCCCGGCTTGGCCACGTTGCCGCAGACCGAGAAGAGCTTGCTGCCCGTGCTCTTCGGCGACGACAGGCACATCGCCTTGTACCACTCGGCGCCGTTGTTGAGGATGTGCGGTACGGCGGTCAGCGTCTCGACGTTGTTGATCGTCGTCGGCTGGCCGAACAGCCCGCTCACCGCCGGGAACGGCGGCTTGATGCGCGGATTGCCACGCTTGCCCTCGAGCGAGTTCATCAGGGCGGTTTCTTCGCCGCAGATGTACGCGCCGGCGCCGCGATGCACCCACACATCGATCTTCTTGCCGCTGCCCATCGCGTTGTTGCCGATGATGCCGGCGGCGCGCGCTTCCTTCAGCGCCTCCTCGAGGCGCGCGATGGGCTCCGTGAACTCACCGCGCACGTAGATGTAGGCCGTCTCCGCGCCGATGGCATACGCGCCGATGGCGCAGCCCTCGATGAGCGCATGCGGCGTCCAGCGCATGATCTCGCGGTCCTTGAACGTGCCCGGCTCGGATTCGTCGGCGTTGCAGGCGAGGTAGTGCGGCTTGCCGTCGTTCAGCTTCATGAACGACCACTTGAGGCCGGTCGGGAAGCCGGCGCCACCACGACCGCGCAGGCCGGACTCCTTCACGACGTTCTGGATCGCCACCGGATCCATCGTGAGGGCCTGCTGCAGCGCCTTGTAGCCGCCGAGTGACTTCCAGGTCTCGAGCTTGCGCGCCTCAGGATTGCCGAAGTGCTTGGAGAGCACCGGCGTCTCGCGCGGATGCGACTTATGCGGGTATCCCATTACTGCAGACCTGAGATGTAAGACGTGAGATTGAAGGTCACTGCAGGCCTCGCAGAATCTCGGGCACCTTCTCGGGCGTCACGTTCTCGACGTAGTCCTCGTTGATCTGCACCGGCGTGGCGAAACCGCAGGCGCCGAGGCACTCGACCTCGATCACCGTGTACTTGCCGTCAGGGCTCGTGAGGCCGAGCTCCTTGCAGCCCGTGTGCTCGAGGAAGGCCTCCACGACCTTGTCGGCACCGGCGCAGAGGCAGGGCGACGTCGTGCAGACCTGGATGAAGTGCTGCCCCACCGGATGCTGGTGGTACATGGTGTAGAAGGTCACGACGCCCTTCACGTAGGCGGCCGTGACGCCGAGCTGCTCGCCGATCTCGCGCATCGCGTCTTCGGAGATCCACCCGCGGTCCTGCTGGATCATCCAGAGACCCGGCAGCAAGCAGGCGCGCTTGTCGGGATAGCGGGTCTTCAGGTCGTCGAGCTCCTGCTTGCGCGCGGAGCCCGGCGTGAAGACCGGCTGGTACGGCTCGTGGTCGTGGCTCTGACCGTGGGGGGCGGCGCTAGGCGCCGAAGGTCCGTGGCTCACCGGTCGATCTCTCCCATCACGATGTCGATGGAGGCGTTGATCGCGATGACGTCGGAGAGCAGGTGGCCCTCCACCATCTTCGGGATCGCCGACAGGTTCACGAAGCTGGGCGGGCGGATGCGCCAGCGCGCCGGCTTGGCCGTGCCGTCGGACACGAAGTAGTAGCCCTTCTCACCCTTGGGGCTCTCGATCGGCACGTACACCTCGCCGATCGGCGGCCGCGGGCCTTCCATCACCAGCTTGAAGTGATGGATCATCGATTCCATCTCGCTCGTCGCCTTGGACTTCGGCGGCAGGATGATGCGCGGGTCATCCACGTTCACCGGCCCGTCGGGCAAGCGCTTCAGCGCCTGGTCGAGGATGCGCACCGACTGGCGCAGCTCTTCCTGCCGCACGAGGAAGCGGTCATACACGTCGCCGTTCGTGCCGACCGGGACGTCGAAGTCGTAGGTCTCGTAATCGAGATACGGGAAATCCTTGCGCACATCGTACGCCACGCCGCTCGCGCGCAGCATCGGACCCGTGAGGCCGTAGTTGAGCGCCTCCTGCGGCGTCATCACGCCCAAGCCCACCGTACGACCGACCCAGATCGCGTTCTTGTTGAGCATGCGCTCAACCTGATCCAGCGTCTTCGGGAAGGTGTCGATGAAGTGCCGCAGCTGGTCGGTCCAGCCTTCCGGCACGTCGGCGATCATGCCGCCCACGCGCGCCCCGCTCGTCGTCAGGCGGGCACCCGTCCAGCGCTCGAGCAGGTTGTACACGTTCTCGCGCTCCTGGAAGCTCCACAGGAAGGGCGTGAACGCGCCGATGTCGATGCAGGTCGTGCCCAGCCACACCAGGTGCGAGATGATGCGCGAGAGCTCCATGCCAATCACGCGGAGCACCTTGCAGCGCTCGGTGATCTCGATCCCGAACAGCCGCTCGGCGCCCAACGCATAGGCAATGTTGTTGCCCAGCGAGTTGAGATAGTCCTCGCGGTCCGTCCACGGGATGATCTGGTTGTACTGGCGGTACTCGCCGATCTTCTCGAAGCCGCAGTGCAGGTAGCCCACGTGCGGGATGCAGCGCACGACGGTCTCACCGTCGAGCTCGAGCACGAGGCGCAACACGCCGTGCGTGGCCGGGTGCTGCGGGCCGATGTTGATCAGCATGTGCTCGCCTTCGAACTCCGGCTCGGCGGGCGCATGCGGGCTCATCAAGCCCTCGGCGCCGAGCGGGATGCGCTGCGGCTTGCCGTCGGGCCCGAGGCCGGTGGTCGAGAGCGCGACCTCGATGGTGCGCTTGTCAGTCATCGTTGGCATTCGCGCTCACTCTCCCGTCTGCGCGCCGCCACCGAGGCGACGACGCATGTCGAGGGGCAGGTCTTCGAAGGCATCGGCGATCGAGAGCTCTTCCT
NZ_CP130612.1_gap49	1665394	1667253	1859	AGAGCTCCCAGATGCGCGAGGGCGTCGTCTCCTACGGCGTTTCCGCCTACGGCTACGACATGCGCGTCGCGCCGGAGTATCGGATCTTCACGAACGTGCTGAACAGCATCGTCGATCCGAAGCACTTCGACCCCAAGAGCTTCGTCGAATACGAGGGCGATGTGTGCATCGTGCCGCCCAACTCCTTCGCCCTCGCGCGCTCGATCGAGTACTTCCGCATCCCGCGCAACGTCATGACCATCACGGTCGGCAAGTCGACGTATGCCCGCTGCGGCATCATCACGAACGTGACGCCCTTCGAGCCGGAGTGGGAAGGCTACGTCACGCTCGAGATCTCCAACACGACGCCGCTGCCCGCCAAGATCTACTCGAACGAAGGGATCGCGCAGGTGCTGTTCTTCGAGGGCGATGAAGGGCCGCTCGTGAGCTACAAGGACAAGAAGGGCAAGTATCAGGGACAGGTCGGCGTCACGCTGCCGAAGATCTAGTCCGCGACGAGGGCCGTGATGCCCGGCCACGCCGCGGCATTGTAGTGCGCGATCGTCCGCAGATAGTGCTTGCCATCCTCGCCGAAGCGCTGGAGCACCGCCGCGGCGCCGCGCCGCACCCCATCCTCGTCCGCAAAGGGCGCCGTGAGCGATTCGTCGATCACGGCGCCTTCCGCCTTCACGCCGGCCGCCTGCAGGAACGTCTCCTGGATCTGCGGCTCGACGCTGACGTAGAGCGCATGCAGCAGATCGAGCTCGTCCTCGGCCGTCTGCGCGTTCATCCGTACGACTTCCGCCGCGAGCTTGGCCGGCGCCCAGGACTGCAGCGTCACCGCGCGGAACCCGCCGCCGCGCGCCACCATGCGCTGGATGAACAGGGCGCGTGTGTCGCGATTGGCCGCGATGAGTTTGGTCAGGAGGGCGACGCGGCGCTCGGCAGGCAGCTCGCGGAACAGGGACAGGCGCTTGGGCGTGGCTTTGGAGGGAATCACGGGGTGCTGTGGTAGGAGGCCCCGCAAGATAGCGCTTCGCCCTTCACGCACGTAGCATCATGCATCGACCACCCAGAACCCCGTTAGCTACCATGCGACTTCCGCTCGTGACCCGCTCGGCATTCGCCCTTGGCCTGCTGGCTCTCGTCGCCGGCCCCACCCTCGCGCAGCAGCGCGCTGAGGCGCCCGCCCGTAACGCGGCCCAGGAGACGGCGGCCAACCCCCAGCTCAGCCTGCCCTACGGCGCCGCCAGCGCCGCGCCGGTCTCGCGCTGGACGCCTCCTGCGTCGGTCGGCCGCCAGCTCACGCTGGCCGACCTCCTCGGCTGGAAGAACATCCGCAACCCCCAGCTCTCGCATGACGGACGCTGGTTCGCCTACGAACTGGCGCCGAACGAAGGCGACGCCGAGGTGGTCATCCGCGGCACGGCCGCCGGCGCAGCGGAGACCCGGATTCCCGTCGGCTCCGCGCCGGCACCCGGAGCCGGCGGTGCCGGTCCCGCAGGCACCTCGCTTACGGTCAGCGGCAACAGCCGTTGGGCTGCGTTCTATGTGCGTCCGAGTGCCGAGTCTGCCCGCTCGCGAGGGCGCAGCGGTGGTGCTGGCGGTGCGGGTGGTGCGGGTGGTGCGAGTGGAGCAAACGGGCAGGCCGCCCAGCCGAAGCTGATGGTCGTGACGATGTCCGACGGCACGCGGCGCGAGTTCGAGAACGTGCGCAGCTTCCGTTTCGCCGGCGATACCTCGAGCTGGCTCGCAATCCATTTCGCCGCGCCCTCGGGCGGTAACGCCGGCGCTGCGGCGGGCGGCAGCGCCTCGCCGAGCGGTACGGTGCTGCATCTCATCAATCTTGCAGCGCCGTCAGCGCCGCCCATTCCGATCGC
NZ_CP130612.1_gap50	1676744	1677337	593	GTCGTGAGCTTCATCGGCCCGTGCGCAGCGCCGTTGATCATCATGCCGCAGCTGCCGCAGATGCCTTCGCGGCAGTCGTGGTCGAACGCGATGGGCTCCTCGCCCTTCTCGATCAGACGCTCGTTGACGACGTCGAGCATCTCGAGGAAGCTCATGTCCGGGCTGATGTTCGGCGCCGGATACGTCACCATCTGGCCCTGCGCGTTCGGGCCCTTCTGGCGCCAGACGTGCAGCGTGAGGTTGAGAGTGGCCGTGCTGGACCCGCTCACTTGTAGCTCCGCGTGCTCAGGTGGACGTTCTCGAACTCGAGCGGCTCCTTGTTCAGGATCGGGGCCTTCCCCTCCCCCGCATACTCCCAAGCCGCCACATACGCGAACTCCGCGTCGTTGCGCTTCGCTTCGCCGTCTTCCGTCTGGTGCTCCGTGCGGAAGTGCCCGCCGCAGCTCTCTTCACGATGCAGCGCGTCGATGCACATGAGCTCGGCGAACTCAAGGAAGTCCGCTACGCGGCCGGCCTTCTCCAGCGACTGGTTGATCTCCTCGTTCGCACCGAGCACGCGCACGTTCTGCCAGAACTCCTCGCGCAGCTTCGGG
NZ_CP130612.1_gap51	1680193	1683088	2895	GGAAGCCGGTGGCTTCCTTGGCCACCCAGCACATCACGTCGAGCGGATTGGAGACGACGATGACGATCGCGTTCGGCGAGGTCTTCTTGATGGCCTCACCCACCGACTTCACGATGCCGGCGTTGGTGTTGAGCAGGTCGTCGCGGCTCATCCCCGGCTTGCGGGCGATGCCGGCGGTGATGACGACGATGTCGGAGTCCACGGTCTCGTCGTAGCCGTTCGTGCCGATGACGCGCGAGTCGAACCCTTCGATCGGCGCCGACTGCCACTGGTCGAGGCCCTTGCCCTGCGGGATGCCCTCAGCCACGTCCACCATCACCACGGTGCGGGCGAGTTCCTTCTCGGCGATACGCTGGGCCGCGGTGGCGCCGACATTGCCGGCTCCGACGACCGTAATCTTGTTGACCATTGAATCGAGTCTCAGCGGGGGGTCTGGGTGCTGCGAAGTGAGTGAGAATTTAGCGGGTGCACTGGGCTAGGTGAACTGCCGTTCAGCCGCCCACCTGCGACAGCGCCTTGAGCCCGCCGACCTTGAGCTGCAGCAGGTTGTGCTCCTTGGGCTTCTCGGCCAGCGCCTGAACAAACAGCGGCTCCAGTCCTAGACCGGCACGCAGCGGCTCGCGCAGGTTCACCTCGTGGTCGCCATAGAGACAGGTGCGCAGGCGCCCGTCGGCCGTGAGGCGCACGCGGTTGCAGTCGCCGCAGTAGGTGTGCGTCATCGGCGTGATGACGCCCACCGTGCCCGCCGCCCCCTGCAGCCTGTAGTACTTGGCCGGCCCGTTGCCCTTGGCGGGGCCGCTCGCGGCCTCCAGCGGCGCGATGGTCGCCACGCGCCGCAGCAGCTCGTCGCTCGGGACGATGTGCGCGTCCGTGAGATGCGCCATCTCGCCCACGGGCATCAACTCGATGAAACGCACGTGGATCGGCAGCGCCTGCGTGAGCCGCGCGAAGTCCTCGACCTCATCATCGTTCACGCCGCGCATCACGACCACGTTCACCTTGACGGGCTCCAGGCCAGCGTCGAGCGCGGCCTCGAACGCCTTCACGGGCTCGAACTTCAAGTCCCGCCGCGCGATCGCGACGATGCGATCCGGTCGCAGCGAATCGGCACTGATGTTGACGCGATCGAGCCCGGCCTCACGAAGCTCGCGGGCCATGGCCGGCAGCTTGGCCCCGTTCGTGGAAAGCGCGATGTCCTCGATGCCGGGCACCGCCTTCAGCATTGCGATCAAGCGGGCGATGTCCGGCCGGATCGTAGGCTCGCCACCCGTGATGCGCAGGCGTCGTAGCCCCAATGGCGCCAGCTGCCGCACCACGGCGGTGATCTCCTCGTAGCTGAGGATCTCCTCCTTCGGCAGCCATTGCAGGCCTTCGGCGGGCATGCAGTACACGCAGCGGAAGTTGCAACGGTCCGTCACCGAGATGCGCAGATACTCGATGCTGCGCCCGAACTGGTCTCTCATACCGCCACCGCCCCGCCTTGGTTGTCCACCCACGCGCGGTCGCCGTCCACGTAGTGCTCGCGCTTCCAGATGGGCACCCGCGCCTTGAACTCCTCGATGATGTAGCGCTGCGCGTCCATGGCCGCGGCGCGCCGTTCGTGGCTCACCGCGATGGCAATGCTTGCCTCGCCCAGCGTCAGTGTGCCCAGCCGATGTTCGACGACGACATGCGGCGTGCCGAAGCGCGCCACGGCCTCCTCGGCGATGCGCTGCATCTCCGCCTCGGCCATCGGCGCGTACGCCGAGTAGTCGATGCCCGTCACGGCTCGCCCTTGGTTGCTGCGGCGCACCGTGCCCACGAAGAGCGTGCTTGCGCCCGAACTCACGGCCGCGACTTCCGCCAAGAGGGCGGTCGGGTCCAGCGGGCGGTCCACGAGGGCGGTGCGCACGTCAGCCCCCGGCCACAGGCGGAATGATCGCGATCTCGTCGCCGGCGGCGAGCACGGCGTCCGGCTTGGCATAACGCTGATTCAGCGCCACGGACGGACGCGGCAACGGCGTGATGGACTTGGACTTGGCCTGCGTCTCGAGCGTCTCGAGCAGGTCGGCCACACGAGCGCCCGCGGGCAACTCGACCTCGACTTCAGGGCCGAGGGTGTCGCTCCAGGACGCGAAGAGCTGGACGCGGTGCTTCACGGAGGGGGTCACCCCTCCTCGGGCACCATCTCCAGGTCGGCGACCAGGGCCCGCAACTCCTTGCTGGGCTTGAACACCGGCACCGGACGGGCCGAGACCTCAACCGGGGCGCCGGTGCGCGGATTGCGAGCCATGCGGGTCTTCCGATTGCGGATCTTGAAGGTGCCGAACCCACGCACCTCGATGTTCTTCTGCTCCTTCAAGGCGTCCTTGATGGCGTCGAGGAAGGCGTCCACCACGCGGGCGCAGTCCTTCTTCGAAATCATCGGCCCGGAGGTCTGGGACATCGCCTCCGTGACACGCTCCACAAGGTCCGCTTTGGTCATCGACATATCGAGGAGGGGTTGACGGCCCGATAGCCGTAAGTGCCCAAAGGTTAGGACGTTAGCTGTTGTGTGTCAAGCGGTTGCGCGCGTTCCGGCGGGGCCTATTGGGCCCCGCCAAGGGCTGCAATGAACTCGTCAAAATGCGGGACCGCATCGTGCGGACCGGGGGCGGCTTCGGGGTGGTACTGCACCCCAAACACGGCCCGATTACGATGCCGCAGGCCTTCCACGGTCCCGTCGTTCAGGTTCAGATGGGTGACCGCCAACTCGGGGGCGCCCGGGATGCCCTCGGCGCTGCCCTGCACCGCAAACCCATGGTTCTGGGACGTGATCAGCACGTCGCCCGTCGCGAGGTCCTTCACGGGGTGATTCCCGCCGCGGTGGCCATACGGCAGCTTGGTCGTGCGCCCGCCAAAGGTGATGCCCAACAG
NZ_CP130612.1_gap52	1684921	1688871	3950	GCACACATGCAGCGACACCGCGGGCGGGAAGAACAGCACGCGCCGGTCCTGCTGCTTGGCGTACTGCGCCGTGAACGTGCGCATGAACGCCTCCGCGTCGGCGGGGGCTTGGTTCATCTTCCAGTTCGCGGCGAATACGAGCGACTTCATGTCAATTGGATTTGCGTGGACTGCATTGCCACAGGGGCACGGAGGCACAGAGCCGTGCGTGCCTCGCGGAGAGTTCCTGCCACTTCAACACAACGGAACAACGGCCCTGAAGGCTTCACGCACAGAGGCCGTCGACGCGTCGCGCACGGCTCCGTGCCTCTGTGCCTCCGTGGCGAAGTCGATCCTACTTTGCGTCCAACGCCGCAACGCCCGGCAGCACCTTGCCTTCGAGGAACTCGAGCGAGGCCCCACCGCCGGTCGAGACGTGCGACATCGCCGTCGCGAGCCCGGCCGCTTCGACGGCCGCGGCAGAGTCGCCACCGCCGACGATTGTCGTCGCGCCCTTCTTCGTAGCCTCGACCATCGCCTGCGCGATCGCATTCGTGCCCTTGTCGAACGGCGCCGTCTCGAACACGCCCATGGGCCCGTTCCAGATGATGGTCTTCGCCGATGCAATGGCGCGGGCATAGCTGGCCGCCGAGTCGGGGCCGATATCGAGCATCGCCTCGTCGGTCGGGATCTCGTCGCGCTTCACGGCATGCGCCTTCGCGCCCTCGGCGATCGCCGGCGCCACCGTCGCGTCGTGCGGAATCGTCAGGCGAAACGCCGCGCGCTCCATGAGGTCCTTCGCCATGTCCACGCGGTCCGGCTCGACCAACGACTTGCCCGTCTCGAAGCCCATGGCCTTGTAGAACGTGCAGGCCATGGCGCCGCCGATGAGGATGCCGTCCACCTTGGGCAGCAACGCCTCGATGACGTCGATCTTGCCCGAGATCTTGCTGCCGCCGAGGATCGCGATGAACGGACGCTTCGGCTTCTCGAGCGCCCCGCCGAGGTAGTCGAGCTCCTTCTGCATGAGCAGGCCCGCGACGGCTGGCTTGAGCAACTTCGCCACGCCCTCAGTGCTCGCGTGCGCGCGATGTGCCGCGCCGAAGGCGTCGTTCACGTAGAGGTCACCCAGCTTGGCGAACGCGGCGCTCAGCGCCGCGTCGTTCTTCTCCTCGCCGGCCTCGAAGCGCGTGTTCTCCAGCAGGCAGACCTCGCCATCCATGAGCGCCTTCGTCGCCGCCTCGGCCTCGGCGCCCACCACGTGCGGCACGAAGGTCACCGGCTTGCCCAGCAACTCCGCGAGCCGCGGCGCGACCGGCGCGAGCGAGTACTTCGCCTCCGGCTTGCCCTTGGGGCGGCCCAGATGCGAGCACAGCACCACGCGGGCGCCGGCCTTGAGCAGCGTTTGGATGGTCGGCACGGCCGCACGGATGCGCGTGTCGTCCGCGACCTTGCCGTCGTCGCTGAGCGGGACGTTGAAGTCCACGCGCACGAGGGCCCTGCGGCCGGCGAGCTCCGCGGCCCCAAGGTCCTTGATCGTCTTGGTGTGCATGGGACGCGCCTTAGAGCGACTTGCCGACCATCTCGAGCAGATCGACGCAGCGCGACGAATAGCCCCACTCGTTGTCGTACCAGCCGGAGACCTTCACCAGCGTCCCGTCGATGACGTTCGTGCACTTGGCATCGAGCACCACGGAGTGCGGGTTGCCGATGTAGTCCACGCTGACGAGCTCTTCCTCGGAGTAGCCGACAATCCCCTTGAGCGCGCCCTCGGCGGCCGCCTTGAACGCCGCGTTCACCTCGGCGATCGTCGTGCCCTTCTCGACCTCCACCGTGAGCTCCGTGATGGACACGTCCGGCGTCGGGACGCGGATCGACGTGCCGTCGATCTTGCCCTTCACTTCCGGGATCACCAGCGAGGTCGCCTTCGCGGCGCCCGTCGAGGTCGGGATCATCGAGAGCGCCGCGGCACGCGCACGGCGCAGGTCCTTGTGCGGCAGGTCGAGGATGTTCTGGTCGTTGGTGTAGCTGTGGATCGTCACCATCGACGCGTGCTTCATGCCGAAGGTATCGCGCACCACCTTCACCATCGGCGCGACGCAGTTCGTGGTGCAGCTGGCGTTCGAGATGATCGTGTGCTTGGCGGCATCGTACTTGTCGCCGTTCACGCCGAGCACGAGCGTGATGTCCTCGCCGGTGGCGGGCGCGGAGATGATCACTTTCTTCGCGCCGCCGGCGATGTGCTTCTTGGCGTCGTCGGCCTTCGTGAAGCGCCCCGTGCTCTCGAGCACCACGTCGACCTTGAGGTCCTTCCACGGCAGCAGCGCCGGATCCTTCTCCTTCAGGACCTTGATCTTGTCGCCGTTGATCGTGATGGACTCGTCGTCGTGCGACACGGTGCCCTCGAAGCGGCCGTGCACCGAGTCGTACGTGAAGAGGTGCGCCAGCGTCTTCGTGTCCGTGAGGTCGTTGATGGCGACGATATCGAGGTTGGCACCGCGCTCCTTGGCGGCGCGGACGACCTGGCGGCCGATGCGGCCGAATCCGTTGATGCCAACGCGAAGCTTTGCAGACATGGCCCGGTTCCTGTGGGCAGACTGTGAAGGATCAAGGGCGGTCCGCAGCGGTGCGGGCCCGGCCAAACGTCAGGTAACTCAGGGTGCGGGCCCCCGCCTCGAACAGCGCCTCGGCGCAGGCATTGAGCGTCGCCCCGGTGGTCAACACGTCATCGACGAGGATCAGGTGCCGGCCAGTGACCTGGGCCGCCGCGAAATCCGCGCACGAGAACGCGCCGTGAACGTTCGCCAAGCGCTCCCCGCGAGTCAACGAGGTTTGCGACGGCGTCGCTCGCCGGCGCTGCAGCACGTCGGTCCAGACGGGCAGCCCCCAGCGGCGTCCCACGGCCTCGGCGAGCCGCTGCGCCTGGTTGTAGCCTCGCGCGCGCTGCTTGGCCGCCGCCAGCGGCACTGGAAGCAGCGCCGCGCGCTCCCGCAACACGTCAGGCGGCCACGGCAGGCGTGCAATCCGCGCGCCCATCTCCTCGGCGACGGTGGGCCAGCCGTCATACTTGAGCGCGGCCAGCAGGCCGGAGCTGACGGGATGCGGAACCCAGCAGAGCGACCGGGCGCAGCGCACGAACGGCGGCAGGAGGGCGCAGCCATTGCAGGCGCCACGCGGCGCACGGGGATGGCCGCAACGCAGGCATTGCGGCTGTGGCAGCAGCGGGAGCCGCGCCCAACAGGCGCCGCACACCACACCGCGTTCGTGCTCGGCTAAGGCGGCCTCACACCTCGCACAGTGCCGTGGGAGCAGCAGCTGCAGGGCTGCTGTGGCCATCGCTCGCAACATGCTGGGAGGATGTGCCTTCCAGCCTGCCGACGTATCAGCGGCGTATTGCGTCCAGCATCACTTGCCGCGGCGCGGGTAGGCCGAACCACCGCTCGAAGGCGAGGGCGCCCTGCTCCACCAACATGCGCAGTCCATCATCCGCCGCGAGTCCGCGTGCGCGGCAGGCCGATACCCACCGTGTGGGCACTGCGCGCCCGTAGACGAGATCGAGCACGGCCGTGTGCGGATGCAACGCCTCGGGCGGAAACGGGAACGCGTCGTCCGGGTGTAGGCCGAGCGGCGTCGCATTCACCACGACGTCCACCGCGTCCAACACCTCGCGATTCAACAGCTCCGCGTCGGTGACGGCCTGCGCCCGCGCGCCGAGCGGCGCGATGAACGACCGCGCCTGCTCCGGCCGACGGGCGTGCACGCGCAGTGCAGCGCCCTCCCAACCCCGAACGGCCTCGCGCACGGCCAGCGCGGCACCACCGGCACCAAGCAGGAGCACGCGCAGGCCCGTGAGGTCGCGCTCGAGCAGCGACGAGAGTGCCGCCTCGAATCCGCCCACATCGGTGTTGTCCCCGTGGAGCCGGCCGTCGGCGTCGGACCAAAAGGTATTAACGGCGGCCACGCGTTCGGCG
NZ_CP130612.1_gap53	1691194	1694311	3117	AGCGCTGCGGCCACTGCGAGATCGCCGGCGGGCTCCTGCACGCGCACGCCGCCGACCACGTTCAGGAAGACGTCGAGCTGCGCGAACGAGAGTCCCGCGCGCTTGTCGAGCACGGCGAGCAATAGGGCGAGCCGACGCGCGTCGTAGCCCGTACTCACCCGCTGCGGCGTGCCGAAGCCCGCCTTTGCCGCGAGGCCCTGCACCTCCAGCAGCATCGGCCGCGAGCCCTCCATGAGGCAGGTCACCGCCGAGCCACTGGCCGGCGATTCGCTGCGCTCACCGAGGAAGAGCGCGCTGGGATTCTCGACCGCCTCGAGCCCCTGCACCGTCATGCGGAACACGCCAATCTCGTCCACCGAGCCGAAGCGGTTCTTCGTGGCGCGCAGCACGCGGTGATCCGCCGAGCCCTCGCCCTCGAAGTAGAGCACCGTGTCCACGATGTGCTCGAGCGTCTTCGGCCCGGCGATGCCGCCGCCCTTCGTCACGTGCCCGACGACGAACACTGCGGTCCCGCTCTCCTTCGCGAAACGCATCAGCCGCGCCGCGCACTCGCGCACCTGCCCCACGTTGCCGGGCGCGCCTTCCAGATCGCCCGTGAACACCGTCTGGATCGAGTCGACCACCATCACCTTGGGCTGCGCCTGCGCGGCGGTGGCGAGAATTGTCTCGAGGTTTGTCTCGCCGAGCAGCGCGACGCTGCCGGCGGTCGAACCCAGCCGATCGGCGCGCAGCTTCACCTGCAGCGGCGATTCCTCGCCGCTCACGTAGAGGCAGCTATGTCCCTCGCCCTCGAGCCGCGCCGCAACCTGCAGCAGGATCGTGCTCTTGCCGATGCCCGGCTCGCCGCCGACGAGGACCATCGAGCCTGGCACGACGCCGCCACCGAGCACGAAGTCAAACTCGGCGATTCCCGTGGTCCACCGGTGCTCCTCCGCGCCCAGCACGTCGCGCAGGCGCGGGGTCTCGAGCACCTGACCGCCCTCGCCGAAGGCGTTCGCACCCCCGAGGCGCCGCTGGGCGCCGGCGGCCTTGCTCGCGCTCACCTTGGGCGCCACGAGCTCCTCGACGAGCGTGTTCCACTCGCCGCAGGTGTCGCACTTGCCCTGCCAACGCAATGACTCGGCGCCGCACTCCGTGCAGCGATAGACGGACTTGGCCTTCATCGCCATGGCCGGCTCCGGCGTCGCGGACGCGCGAGACCTCGCATCACCCCTCGTGCTGGCGGCTGGTCCAGTTCTCGAAGCGCGTGTGCGACTTCCGGTAATGCAAGCGGATGTGGCCCGTCGGCCCGTTACGCTGCTTGCCGACGATCACTTCCGCGTAGCCGTCGAGCGGGATGTCCGTCGTGCCCGACACCATGCGCGGATTGCCTTGGTCGTCGTAGGGCCGCTCGTTCATCTCGGGGCGGTAGATGAACAGCACCACGTCGGCGTCTTGCTCGATGGCGCCGGAGTCGCGCAGGTCGGAAAGCTGCGGCCGGCGATTCTCGCCGCCGCGCTGCTCCGAGGCACGCGAGAGCTGCGAGAGCGCCAGGACCGGCACCTCGAGTTCCTTGGCCAGCGCCTTGAGGGAGCGGGAGATCGCCGAGACTTCCTGCTGACGGCTCTCCGAATTCGGCGGACCGCTGAGCAGCTGCAGGTAGTCGACGATGATCAGCTTGATGTCGGCCTGGCTCTTGAGGCGGCGTGCGCGCGAGCGCACCTCCAGCACCGAGAGGCCCGGCGTGTCGTCGATCCAGATCGGCGCCTGGCCCAGCAAGGCCGCGGCCTTGGCGAGGTTCGACGCGTCCTGCGCGGTCAACTGACCGCTGCGCAAGCGTTGGGCATCCACGTATCCCTCCGAGGCGAGCATACGCAAGAGGAGGGATTGAGTACTCATTTCCAGCGAGAAGATCGCCGTCGGAACATTGCCTTCGATGGCCGCGTATTGCGCGACGTTGAGCACGAAGGCCGTCTTGCCCATCGACGGACGCGCCGCGACGATCACGAGGTCCGAGGGCTGGAAGCCCAGCGTCATCTTGTCCAGGTCGACGAAGCCGGACGGTACGCCGGTGATGCTGCCGCCAGCGGTGCGCAGCACCTCGATGCGCTCCATCGCGCTCCAGAGCAGGCTCTTGATGCGGATGAAGCCTTCGCTGCCGCGCTGGTCGTTCAGCTCGAGAATCTTGTGCTCGGCCAGGTCGAGCAGCTCGGCAATCTCCGCCGGCGACTCGTGGCCCTCGCGCACCAGCGAGGTGGCCGTCTCGATCAGCCGCCGCCGCAGCGCCTTGTCGCGGACGATGCGACAGTGATGCTCAACGTTCGCCGCGGTCGGGATCTCATCGAGCAACCCGCCGATGTACTCCTTGCCGCCCGCCGCCTGCAGGTCGCCGCGCTGCTCGAGCTCGTTCGAGAGCGTGAGCGGATCGACCACCGCGCCGCCGTTGTGGATCGCCTGCATCGACCGGAAGAGCCGGCGATGCCCCTCACGGTAGAACATGTCTTCCGTGACGAGCTCCAACGCGGTGACGATCGCGTCGCCGGAGAGCAGCATGGCGGCAAGCACGGCACGCTCCGCGTCCTCCGACCAAGGAGGGCGGCGGTCCGCGAACGCATCAGGCGGGCCCTTACGGGCGATCGAAAATTCGACGGGCGAGCTGGACATCTTCCCAGGCGGGGCGCTTCCAGTTGGGGTTCCGCAGCAGCGCGGCGGGATGATACGTGGCCACGAGCGGGATCCCGTGATACCGGTGCACGACGCCCCTCAACTTACCGATTGGCGCGTCGGTGGCTAGCAGGGTTTGCGCGGCGAAGGTGCCCACGCAGAGGATGACCTTGGGCTCCAGCAGCTCAAGCTGCCGCAGCAAGAACGGACGACAGGCGTGGATCTCGTCGCTGCTCGGGTTGCGATTCCCGGGCGGCCGATGCTTGAGGACGTTGCAGATGAAAACGTCCTCGCGCTTGAAGCCAATCGCCTCGAGGATCTTCGTCAGCAACTCGCCACTCTTGCCGACGAACGGCCGGCCGAGTTCATCTTCAGTCTGCCCGGGCGCTTCGCCGACCACCACGAACCGCGCCTGCGGGTTGCCTTCGCCCGGCACGTGATTGAGCGCGGTACTCGAGAGCGCGCAGAGCGAGC
NZ_CP130612.1_gap54	1814099	1816103	2004	CGCTCAATACGATGCATCATAGTCTTTTTGGTGTCCGCGTGCCCGGGATGGGCGATGACACACGAAGCGCGCGATCCGCGTCAGTGCGGTCGCGCGCTCGTGTGAGTGATGCGCTTAGTAGCGCAGGCCGAGATCGGCGATGATCTTGCGGTACGCCGCAATGTCAGAGCGCTGCAGATACTTGAGCAGGCGCTTGCGCTGTCCGACCATCTTCAGGAGACCACGGCGACCGTGGTGGTCCTTGTGGTGGGTGCGGAAGTGCTCGGTGAGGTAGTTGATACGCTCAGTGAGAACCGCAACCTGCACCTGAGTCGAGCCCGTGTCGGTCTCGTGCTGGCGGTTCTTCTCAATCACCGCCGTCTTGACAAACGCCATCAGAAATCCTTGCCTGCGCTGCGCAGTGCTGTGAGTGCCTAATCTGTGGTAGCACAGAAACTTAGGCCGGCTGTCCGGGCATGTAAAGGGGCGCGGTCCTCCGGCCTCTGGTCCCGCTGCCGAAACTTCGCGGCGACCGGTTGCGTCATATCGATAAACGATATACCGTTTATCGATAACCAACCTCGCCACCATGAAGCTCTTCGCCCCCGCCCCCTCCAACGCCGTCCGCCTCGCCTGGCGGGCCCTCGGCCTCCTGACCCTCGGCAACGGGGTCTATGCCCTCTTCGTCCTGGGCATGGGGCTCGCGCTCCTCATCGCCCCGGACGCCACGATGACGGCCATCGGCGTCCGCGAGGACGTCGACCGCAGCCGCATCCTCCCCGCCATGCGCGTACTGGTGCTCATCGGGCTCGCCGGGGCCTACCTCGTGCATCGGCTGCTCAAGACCCTGCGGGCCATCGTTAGCACGATCGGTGACGGCGACGCCTTCGTGGCCGCAAACGCCGACCGGCTCGAGACGCTCGGCCGCCAGCTCATCGGGCTCGAGCTGCTGCACCTCGCCGTGGGCCTCGTGACCTCGCTCGGCTCCACCGCCCAGCAACCCCTCGACGTGGACTGGAACTTCTCGGTCACGCCCTGGCTCACGATCCTGCTGGTCTTCGTGCTCGCGCAGGTGTTCCGCGAGGGGGCGCGCTTGCGCCGCGAACTCGACGGCGTGGTCTGACCCATGGCCATCATCGTCCGGCTGGACGAACTCCTCGCTGACCGCGGCATGACGCTCACCGAACTCTCGCAGCGCGTCGGCATCACGCTCGCCAACCTCTCGGTGCTCAAGTCGGGCCGCGCGCGCGCCGTCCGCTTCTCCACGCTCGCCGCCGTCTGCGACGCCCTCCAGTGCCAACCCGGCGACCTGCTCGCCTACGACGCCACCGTCCCTGACCGCGAGGATGACGATGCCTGACCTCCGCACGCCCCTGCTCCGCTTCCTGCGCCCCGACCACGCGCGCTGGGACGGCGTGCGCCCCATCCAGGTGGCGACGCTCCGCCTCTTCTACTTCCTCATGGCCGCGTTCGTCGCGACGGACGCGTGGCGCGGCATCCTGACCCACACGGGCCCGTGGGATCCCGTGCGCGCCGTGGCCGTCTGCGTGTGGGCGGCGTATCCCACGCTGGGCATCCTCGGGCTGTGGCATCCGCTGCGCATGCTGCCGTTGATGCTCTTCATGGTCAGCTACAAGACGCTTTGGCTCGCCGCGGTCGCCTTCCCACTCTGGCGCGAGGGTGAGCTCTGGGGCACGCCGACCGGCGACATGGCGCAGGCCTTCCTCGCCTTGCCGGTGGTGCTGCTCGCGATCCCCTGGGGCTACGTGTGGCGCGAGTTCGTGCGGCCGCCGCGCCGCAGCCCCACCTCGGCGGCGCTCCCGTGAACTGGCTGCACGCCCTCGGGCGCAACACGCACATCGCCATGGGCACGCTGGGCCTCCTCTCCGGCGCGCTGGCCATGATGCTCCGCAAGGGCTCGCGCACGCACGCCCGCGTCGGCCACGTGTTCTTCGTCTCGATGACGCTCATGGCGAGCACGGGCACCATCCTCTCGATGGTGCCGGAGCTCGACCGAGTGAACAT
NZ_CP130612.1_gap55	1819372	1823802	4430	GCGCGTACACGAAGGCGAGCATGCCGCCGGTGTACCACACGCCGAAGAGCGTCGTGGCCACGGATTCGATCGGCTTCCCGGCGCTCCCGCGCGTCCACAGGGCGATCGAAAGCAACAGCGGAATGAGCATGGCGATCCATGCGATGCCGGGCACGGCGTACCCGAGCCGCAGGGCGTGCAACGCGAGCGGAATCAGCGCCGCGAGGACAATCGTCCACTTGCCCATCGGCCGCGCCCCCGCCGCTTCCGCGAGGCGCGCATACTCCCAGGCGCCCAAGGCACTCGCGATCGAGAGCAGGACGGCCAACGGCGCGTCCCCGATGTAGACGGCGCCAGCGACCACCGGAATGGCGGCGACGGCAAATGCGATGCGTTTCGCGAGCTCGCTCACGCGGGCCTCAGACGGCGACCTTTCCGAACCGGCGGTCGCGCTGTTGGAAGTCGACGATGGCCTCGTACAGGTTGGCACGCGACCAATCCGGCCACAGCACGGGCGAGATGAACAGCTCCGCGTAGGCCACCTGCCAGAGCAGGAAGTTGCTGATGCGCCGCTCGCCCGACGTCCTGATCAGCAGGTCGGGGTCCGGGCAGCCCTGCGTGTACAGGCGTGCGCTGAGCGCCGCCTCGTCCACGTCCTCGGGCGCCAAGCGCCCTGCCGCCACGTCCTCGGCGATCAACCGCGCCGCGCGCGTCAGCTCGGCGCGCGACCCGTATGAGATGAACAGGTTCAGCGTGAGCTTGGTGTTGCCCGCCGTCTGCGCCACGACGCGGTCCACCGCCGCCTTGGCGGCCGAGGCCAGCCGCGAGAGGTCACCGAGCATCTGCACCTTCACGCCCTGGCGGTGCAGCTCGTCGGCTTCCTTCTGAATGTATTCCTCGAGCAGCGACATCAGGGCGTTCACTTCGCCCTCGGGGCGCTGCCAGTTCTCCTGGCTGAACGCAAAGAGCGAGAGCGCCTCGAGGCCGACTTCGAGCGCGCCCTCGACGACCTCGCGCACCGCCTTCATGCCGTTGCGGTGGCCGATCGGCCGCGGCAGCATGCGCTCCCGCGCCCAGCGGCCGTTGCCATCCATGATGATGGCCACATGCCGCGGCACCACGCCGTTGAGGCGGATCTTCGCGAGCAGCTCGGGAGCGGTCATAGACCGGAAATCGGAGCCCGAGGGCTCAGACCTCCATAATCTCGGCTTCCTTCGCCTTGAGCGCCGCTTCGATCTTCGCGATCTCGTCGTCGTGGAGCTTCTGCAGGTCCTTCTCGGCGTGCTTCACGTCGTCTTCCGAGACGCCCGTGAGCTTCTTGAGGGCATCGCGGGCCGCCGTGCGCGCGTGTCGCACCGCGATGCGGCCGTCCTCGGCGTACTGGTGCAGCAGCTTCGCGAGCTCCTTGCGGCGCTGTTCATTCATCGCCGGCAGCGGCACGCGGATGATATGGCCCTGCACCGACGGATCCAGCCCGAGATTGCTCTCGCGGATCGCCTTCTCGACGGCCTTCACCTGGCCCTTGTCGAAGGGCGTCACGAGTAGCAGGCGGGGCTCCGGCGCCGAGACGTTCGCCACCTGGTTCATGGCCATCCACTGGCCGTACATCTCGACCTTCACGGTGTCGAGCATCGACGGGTTCGCCTTGCCCGAGCGCACGGACGAGAACTCGCGCTTGGCGGCCTCGACGCCCTTGTCCATCGCGACTTTGCAGTCCTTCAGGATGTTCTGGATCATGAGACGAGGGTCCCCACGGGCTCGCCCCGCAATGCAGCGGCGACGATACCCTTGGTGTGGATGTTGAGGACGATGAGCGGGAGCGCGTTCTCCTTGCAGAGCGTGATGGCCGTGTGGTCCATCACCTTCAGCTCCTTGCTCACGACGTCCGAGAATGAAATCGCATCGAACTTCTGCGCCGACGAGTCCTTCTTGGGGTCGGCGTTGTACACGCCGTCCACGCTGGTCGCCTTGATGATCACGTCCGCCTTCATCTGGATGCCGCGCAGCACGGCCGCGGTGTCCGTCGAGAAGTACGGGTTGCCCGTACCCGCCGCGAAGATCACCGCGCGGCCCTTCTCGAGGTGGCGGATGGCGCGGCGCCGGATGTAGGGCTCGGCGATCTCTTCCATGCGGATCGCCGTCATCACGCGCGTATCAAGGCCCTCGCGCTCCAGGACATCCTGGAAGGCGAGGGCGTTGATCACGGTGCCGAGCATGCCCATGTAGTCCGCGGACACACGGTCCATGCCCATCTTGGAGATCTGCGACCCGCGGACGATGTTGCCGCCGCCGATCACCATGCCGATCTGCGCGCCCATCTCGCTGATGGCCTTCACCTGCCGGGCGAACTCCCGAATGGTATCGAAGTCGAAACCGAAGCCCTTGTCTCCGGCGAGGGCTTCGCCGGAGAGCTTGAGCAGGACTCTGGGGTACTTGAGCGCCATGCGGGAGTGTGGGTCGGGGTGGCTTAGCTCTCGCCCATCTTGAAGCGCACGAAGCGCTTCACGGCGAGCGGTTGGCCGGCCGCCTTCGCCGTCGCCGCCACGAGGTCGCCGACCGTCTGCTTGTCGTCGCGGACCCAGGGCTGGCCGAGCAGCGTGACTTCGCCCAGCAGCTTCTGGATGCGGCCCTCGACCATCTTCTGCGCGATGGCTTCCGGCTTGCCGCTCTCGACGGCCTGCGCCACGAAGATCTCGCGCTCCTTGGCGAGGAACTCCTGGCTGACGCCATCCTTGTCGACCGCGATCGCCACGACGGGCACGCCCGCCGCCACGTGCTCGGCGACATGCTTGCCGAGCTCGTTGGCCTGCTCACCCTTGCCGCCCGCGATCTCGACGAGCACACCGGCCTTGCCGTTGAAATGCAGGTACGAGCCGGCGACGCCGCTGGTCGCGAAGCGCGCGATGCGACGCAGCTCGACCTTCTCACCCGTCTTGGCCGAGGCCGCCTTCACGATGTCGCCCACCGTCTGCGCCTTGTCGAAAGCCCACGGCGTGGAGAGGTACGCACCCTCGGCGCCGACGGCGACGAGGCCGTCCACCGCGGCGTCCTGGCCGAGGTGCTCGGCGAGCTTCTTGGAGAGCGCGACGAACTCGTCGTTGCGACCCACGAAGTCCGTCTCGCAGTTGAGCTCGATCATCGCGGCGACGGTGGCGTCGGCGTTGGTCCAGATCACAATCTGGCCCTCGGACGCGGCACGGTCGGCGCGCTTGTCGGCCTTGGCGATGCCCTTCTTGCGGAGGATGTCGACGGCGAGGTTCATGTCGCCGTTGGCCTCCTCGAGGGCCTTCTTGCAATCCATCATGCCGGCGCCCGTGCGGGCACGGAGCTCGGCAACATCCTTGGCACTGATCTGCGTGGCAGACATCGGAATTCTCAGGTAGGGATACTCAGGTGTGACGTCGCCGCCGGGAGCGAGCTGCTACTCGACCGGCGGCGACCGAAAGATACGTCTGGACGCGGGGTCGGACCAATCCGAGCCGCGGAACGGCCGCTTACTCCGCGGCGGGTTCCCCGGCCTCGCCACCCTCGGCGCCGCCCTTCAGGCGCGCGGCGATGGCTTCCGGCTTGGCGCGACGACGGCGCGGACGGCCGCCCTTGTCCTCGCCACCGCGGCCACCGCGATCGCCGCCGCGGCCACCGCGGTCACGGCCTTCGCGCTCGGTGCCGCGCTCCGACGAGTACGTCGTGGCTTCGCCCGACTCCTCGACCTCGTTGCGCACCGGGGCTTCGCGACGGGCCTCGGCGATCGCATCGCCCAGGGCCTTCGTGATCAGCTCGACCGAGCGGATCGCGTCGTCGTTGCCCGGGATCGGCGCCGTGATGAGGTCCGGATCGGCGTTCGTGTCGCAGATGGCGACGATCGGGATGCCCAGCTTGTTCGCTTCCTCGACGGCGATGCGCTCCTTCTTGGCATCGATGACGAAGAGCAGGCCCGGCAGGCGACCGAGGGTCTTGATGCCGGAGAGATTCTTCGCCAGCTTGTCGCGCTGGCGGGTCATCATCAGCTGTTCCTTCTTCGTGTAGTTCTCGAAGGCGCCGCCCTCGACCGAACCCGCCTCGAGCTCCTTGAGCTTGCGGAGCTGCTTCTTGACGGTGGCGAAGTTCGTGAGCAGGCCGCCGAGCCAGCGCTCGGTGACGTGCATCGAGCCCGAGCGCTCGGCTTCCGCCGAGACGATCGCCGCGAGCTGCTGCTTGGTGCAGACGAAGAGGACCTGCTCACCGCGCATCACGACCGAACGGGCCAGTTCCTTGGCCTTCTCGATCTGGGAGACCGTCTTCTGGAGGTCGATGATGTGGATCCCATTGCGCTCCGCGAAGATGAAGCGGCGCATCTTGGGGTTCCAACGGCGGGTCTGGTGGCCGAAGTGGACGCCGGCCTGGAGGAGATCGTTGATGCTCGGGCTAGACATTGTGCTGTACTCGGTGGTTTTGGAGACGTTGCCTTGCGT
NZ_CP130612.1_gap56	1869394	1870756	1362	AGAGACGAGAGACGTCCCGCCACAGCGCCCGCTTCGACTCCAGCGTCACCAACGGCTCCACATCGTATCCCATGATCCACGGCAACGGCACATGCGCCGCCGTCGGGCACACGTCTCCCAGGAACACCGCCGTCTCCCCCGCACTCTCCAGCACGATGCTCTGGTGCCAGGGCGTATGCCCCGGCGTATGCCGCATCCGGATGCCCGGGACCAGCTCCACGTCATGCTGCACGAGCTCCAACTGGCCTGACGCCGCGAGCGCGTCCCAGTTCCGCGGGAAGTAACTCGCCGCCGTCCGCTCGTTCGTGTGCGTCGCGTAGTGCATCTCGCCGGCGTGCACCAAGTAGCGCGCATTCGGGAAGCTCGGGACGATCGCGCCCGACGCATCCCGCGCCGTGTTGCCGCCCGCGTGGTCGAAGTGCAGGTGCGTGTTGATTACGACCTGCACGTCCTCGGGCGCGTACCCCGCAGCGGCCAACGCGGCCTCGAGCATCGTCCGATGCCCCGGCACCGTATTCTCGATGCCATAGATGCCGAGGAACTTCTGGTCTTCCTTGTTGCCGAGCCCCGTGTCGATGAGCACGGGACCGGCCGTCGGATGTTCGACCAAGAGACACCGCATACCCAGCGGGATGCGATTACGCGCGTCGGCCGGAATGCGCTTCTCCCAGAGCGGCTTGGGCACCACACCGAACATCGCGCCGCCGTCGAGCTGCTGGCCGCCGGCCTGCAACGCGTGAATGGTCCAGTCGCCCAGGCGGCGCTGTTCGTATAGGGGAGTCGGGGCGGTCATATCGGACAATCTACTATCGCCCCGCTGGCGATCGGCGGTGTACCTTGCCCCCGATGCCGCACGACACGGCCCTCATCGTCACGCTCGCCATCGGCTTCGGCGCCGCCTTCGTGCTTGGGCTCGCGGCCAAGCGCATCGGCCTCCCGCCGCTTGTGGGCTACCTCATCGCTGGCATCTTGGCGGGTCCGTATTCTCCCGGGCCGAAACCCGACCCCACGCTCGCGCCGCAACTCGCGGAGGTCGGGGTCATCCTGCTGATGTTCGGTGTGGGCATCCACTTCTCGGTGGATCAACTCATCGCCGTGCGCCGCAGCGCCGTGCCTGGCGCCCTGCTCCGCATGGGGCTCATCGGATTGCTCGGATTCCCGCTCGCGTGATGGTGGGGGTGGTCGCCACTCGCGGGCCTCGTGTTCGGGACCACGCTGTCGGTGGCCTCGACGGTCGTGCTGCTGCGCACGCTCGAAGAGCGCAACGCCGTCGACACCACCGAAGGACGCCTCGCCATCGGCTGGCTGATTGTCGAAGACATCGCGATGGTCCTCGTGCTGGTCTTGTTGCCGGCCGTCGCC
NZ_CP130612.1_gap57	1873732	1874931	1199	GCGCGGTGAACATGGCGACCGAACTCGAGATTCTCGCCTACTCGCTCACGCACGGCGTCTGACGCCGCGCGGCACGCGCCGCACGGTTAGCGACGCGCCCGCAGCACGCGCAGGAACTCCAGCACACCGAGGGTCTCCGGCCGCGCCGCTGGGTCCACCCCCGCCGCGCTGAGCAGCGCATCCGCCGCGGCGGCATCGAGGTCGAACAGCGTCCGCACCACGCGCCGCATCTGCTTCCGCCGCAGCCCGAACGCACCCTGCACCAGCAGGCGGAACGGCTCCTCTTCCTCTGGCGCCAGCAACGCCTCGGCGCGCGGCACGATGCGCAGCACGGCGCTCTCCACCTTCGGCGGCGGATTGAAGCTCTTCGCCCCCACCAGGAACAACCGCTCGGCCTGCGCCAGCGCCTGCACGTTCACGCTGAGCGCGCCGTAGTCGTCGCTGTCCGGCGCGGCGACCACACGATCCGCGACTTCCTTCTGCACGAGATACACGGCGCGCGTCGGACGCGGGCGTTGCATCGCGTGGAACAGGATCGGCGTGGTGATGTTGTACGGCACGTTGCCGGCCAACAGATAGGGACCGCCGGCCAGTGCCCCGAGGTCCTGCTCGAGCACATCGCCCTCGATGAGCGTGAAGCGCGGCTCATCCTTCCAGCGCTCACGCAGGATGGGCGCCAGCTCACGATCCAGCTCGATGGCAATCACCCGCCCTGCGCGCTGCAGCAAGTGTTCCGTGAGCGCGCCGCGGCCGGGACCGATCTCGATGACCGTGTCCTCGCGCGTGCACGCCAGCGCGTCGGCGATGCGGCCGAGTAGCCGCGGATCGGTCAGGAAGTGCTGGCCGAGTCGCTTCTTGGGGCGCGGGAGGGCGCTCACGAATGCCGCAACACGACGACGGCCTGGTCGTCGTGCGGCTTTGCGCGGCCCATGTGCCCTTCCACCAGCGCGAACACGCCGTCGACCACGCGCGACGGCACTTCCTTGCGCCGCGCCCGCAACACGTCGAGCACCGCGCGCTCGCCCAGCGCCTCGCCGCGCGCGTTGCGCGCGTCGGTGATGCCGTCCGTGAATAGCGCGAGCACATCATGCTCGGGATCCCAGGCGCGCTCGGCGACGTGCAGGTCTTCCGGCCCCAGCCCGAGCGGCGGATCTGTCGCCTCGAGCCGCTGCGGCACGCCGTCGGCGCCCACCGTGAAC
NZ_CP130612.1_gap58	1896453	1901114	4661	GTCCTTGCCCGAGCGCCCCGTCTTGTTCGATCCCATCCCGTGCTCGCCGCGCTCGGCTTCCCAGTGATCCCGGTAGGTGAAGTCGAGCAGCGTGCTCAGGTTCGCGTCGCCGCGCACGATGATGTCCCCGCCCTTGCCGCCGTCGCCGCCGTCGGGGCCGCCCATGGGGGCGAACTTTTCGCGGCGGAAGGACGTGCAGCCGGAGCCGCCGGTGCCGGCGGTCACGCGGACGGAAACGAGATCGATGAACATGCGCGGAAGCTAATCGAGCGCGCCCCTCTCCCGTATCGTCTTCCCGCTTCCGGTGCGCTTGTCATGCTGGGAGAGGGGAGACGGCGGTACGGGCGGAGGGGGGCCGAGGTGATACGGGAGAGGAGAGACGGTGGGGAGACGGGCGACGTACGTGAGACGTCTACCCCCCATCTCCCCCATTCCCCTCTCTCCATCCCCGCCCGTACCGCCCTCTCCCCTGCCCCTATTTCCCCAGCACTCGAGCAAACAAGAGGCGCGCCCTCAGCAAATGGGCCGCCGGGACCACACCCTCCAGCGCGCCCAGCACCCCAGCAATCTCCTCAGAAGCTGACCCCGCATTCAGCGATCCGTACAGATGCGAGTGCAACTGCCGATCCTGCCCCATCGCCACACACGCCGCCACAATGCACAACTCCCGCAGCCGCAGCTCCATCCCCTGCCGCGACAGGATCTTCCCGTATCCCTCGACAATCATCCACTCGTCGAGCGACGGATGCAGATGCGTGATGTTCTCCCGCAGCTTCTGGTAGAACTTCCCGTAGACGATCTCGCAGGTCTGCTCCCCCTGCGTCCGCCATCTCCAGAGGCTCGGCTCCGGGATATCCTCACGGGCAGGCGCCGGCGAGCCGCTCACTTTGCGCCACTCGCGCATCGCGTTGAGCGAACGCGGGAATCCCGCCATCAGATAGCTCTGGAGGATGCACTCCTCCACCCACGGCGTCGGGACGTCGGCGTCGATGGCCTCTTGGCATGCCGTGCGGATTTCGGGCTCGGAGCCGGCGGCGATCACCGCCGAGAGCCGCACGAGGGCGGCGAGGTCCGCTGGGAGCGCGGGCACCGGCGTCGACCGTTGCGGACTCATGCGCGCAACGCGCTCCGTACCTGCCCCACGGACTCGCCGCGGGTGTTCTTGATCGGCCGCTCTACGAACTCGGCGAGGCGCGACGGCAGCGACTGCGGCAGCACGCTGAGTTGCTGAAGGGCCCGCAGCACGGCCACATGTTGGGCGCGCTGTGCGCCGTCCTCGACCTTCACCGCCAGGCCGATGCCCAACGAAGGCACCGTGACCGTGTGCACGCCCTCGGCGCCGACCTTGGCGATCACGGCGCCCTTGGTCTCCTCGAGCAGCACCGTATCGAAGCGCTCCGTGCCACCGATCAGGTGCGGATGTTTTCTGATGGCAGCGGCAGTGCGCGCCGGCAGCTCTTCGCCCGCATGCACCGCGCGGCCCCAGCGGGCGTAGGCCAAGGCCATGCGGTCCAGCGGCAGGGCCATCACGGCCACGCCGCAGCCATCCACGCCGAGCGGCATGTCGTCGAGCGGCACGCCGGTCCAGGCGGAGACCTCGCCGAGGCAGGCGCGCTGGACGGGGTGATCGGCAGCCTCGTAGCCCACAGTGGCCCAGCCGGCCGTCTTGGCGCGGGCGAGCATGGCGGCGTGCTTGCCGGAACAGTTGTTGTGCAGGCGCGTGGGGATGGCGCCGCTCTCGCGCAGGACTCGGGCGCCGCGCGTGGTCAACGGCTCGTGAGGGCCGCAGGCGAGGTCGCCTTCCTCAAGACCGATGGAGGCCAGCATGCGCTCGGCGATCGCCACATGCTCAGGTTCGCCGCCGTGCGAGGCGCAGGCGAGGGCGAGTTCCTCGTGGCCCCAGCCAAGCTGCTCGAAGCCACCGCTGGCGAGCAGCGGGAGCACCTGGAAGGGCTTGGCGCAGCTGCGCCACATCGTGACCAGGGCCGCGTCGCGGGCGGCGGCGATGAGCACATCGTCCGCGCCGATGACCGCGGCGTGCACGCGGTGCAGCGACTCAACGGTGTCGCCGCGGGTGATCTCGACGTCGAGGTTCAGGGCGAGCATGGTCCGTGCAAGCTAATCGGCGCGCTCGGCGAGCAATGCGGCCACGGCCGCGGCGACCCGCGCGGGGGGTACGTCAACAAGGCAGCGGTTCAACGCGCACGGCGCGTAGTCTCGCCCATCGTAGCAGGGGGCGCAGGGCAGTCCCGCGGCAGCGGAGACGACCGTGACCCGAGCCTGCGGCGCCACGAACGACGCCGGCGGTGTGGGGCCAAACAGCGCGACGGCGGGGGTATCGGTGAGTTGCGCGAGATGCAGCGTGCCCGAGTCGTGCGTGACGATGGCGTCGGCGGCAGCAATGCGATGCAGCAGTTGCTCGACGGAGTCCTGCCCGATCGCATTCTCGGCGCTCGGCACGGCATTAAGCACAGGCGCGGCGTCCTCGGCATCGCTGGGCGCGCCGATCACGCTGAGCCGGTAGCCCTCGGCGTGGAGCTGCGTCGCCAACGCCACCCAATGGGCGAGCGGCCAGCGGCGCAGCGGGTTGTCGCGCAGCACGTTGCGCGCGCCACCGGGGGCGAGTAGGACGTGGCGCGCGCGTGGACGCGCCGGAGGCGCACCGGTCGGCCAAAATAAGGGCGCAAACTGCGCGACCGCGTCTTCGTCCACGAATCGGGCATAGGCGTCGCCATGCCATTGCCCCTTGGGCGCGCCGTCGCGCACCACGCGAACGTCACGGATGCGCGCCCCGCGCAGCAACGCGGCGTACCGCGGGTCTGCGTGCGCCACCAACGCGAGGTCCCACGGCCCGCGACCGATCGCCCGCACGGCACGCAGTGCGGCGATCCAGCGCCGCACGCCGCGCCCCGCGAGCAGCGCATCGGCATCGATGCCGAGGACTTCGTCCACGCCGCGAAAGCGACGCACAAGGGGCACGAGGCCGTGCGCGGTCACCCAGGTGATGTGCGCCTCCGGATGGCGGGCACGGATGGCGCCCAGCATGGTCGAGGCCATGACGGTGTCGCCCATGGCCGCGAGTTTCACGATGAGCGCGCGCATGGGCTCAGGCACGGCGCGCGCGCACCACCGCGAGCAGCGCCTCACGCGTGTTGCGCGTGGGGTCCGCGAGGACGACTTCGAGGAGCTGCTTGAGTACGTCCCCCATGGCCTTGCCGGGGGCGACGCCTTCGCGCTGCAGGTCTTCGCCGTCGATCGCGAGATCGCCGATGCTCAGTGGATCGCGGAAGGCCACCCGCAGGGCACGGCGATACAGCGCGCGGCCGGCATTGGCCTGCACCGCCGTGGCCCCCTCGGCTTTGGCACGGGCCCAGAGGACACGCGCGAGGCTGGGCACCATCAGGCGGCCCACCTTCGCGACCGCGCGCCGGAGGTCCGCGTCACGCAACTCGGTGACTTCGGACCACCGGTGGTCCCCCGCCGCCTCGGCGAGACTGACGGCCGCACGCGCCTCGACATTGCTGAACTTGAGGTCCTTGAGGGTCTTCTCGAGCGTGCGCGGCGGCCTCACCCCGGGCTCCACGAACAGCGCCGCGAGGCGCAGCACGCGCCGCTCGTGGCGCCCCAGCGGGAGATGGTCAATCGCCAGGAAGCGCGCGCGAGGGGCGTCGGCGAGCGCGGGCACCAGCGCCGCGAAGATACCCGCCTCGCGATACCGCTCCAGCGTGACACTGGGGCGAGCGACCTGCTCCATCACCTTCTCCAACTCCTGCTTCACGCGCTCCATCGAGAGGCGGCCCAGGTGTGGCGCGCTGTCCTTGATCGCCTGCCAGGTGGCGGGATCCACCGCGAAGTCGAAGCGGCCCGCGAAGCGCAACGCGCGCAACGCACGCAGGCGATCCTCCTGCATGCGCTGCTGCGCGTCACCCACGCAGCGCACGATGCGGCGCTCGAGGTCCGCGCGACCGTCGAAGGGATCGCGCAGCGCCAGCGTCTCCGCGTGCACCGCGATGGCATTGATGGTGAAGTCACGGCGCGCGAGGTCTTCGTCGAGCGAGGCGCCGAACTTCACGACGGCGTGGCGGCCGTCAGTCTCGACATCGTGGCGAAACGTCGTGACCTCGTGCAGGACGCCGTCGCGGTCGAGCACGCCGACGGTGCCGAACTGGATGCCGACGGGGATGGTGCGCTTGAACAACTGCTGCACCTGTTCCGGACGGGCGCTGGTGGCGATATCCCAGTCGAGCGTCGCAATGCCGAGAAGGGCGTCACGCACCGCACCGCCGACGCACCAGGCTTCGTGGCCGGCGGCTTCGAGGGTGCGCGTGATGGCGCGGACGGCGGCGGGGGGCTGGAGCATCAATTACAAAGGTAGACGGCGCACGAGGGGTGGGCGATTGTCAGTCCTTGCTCGCCCCTCGAGTGCGGGCGCTGACGGCAAGCCCGACCAGCAGGATTGTGCCGCCGAGGAGCGTGCTCGGCGTGGGCAACTCGCGGATACCGGGAAGCAGGGCCGCAATCAGCGCGGCGCCGACGGGCTCGGCGAGCAGCGCGACGCTCACCACGTAGGCCGGGACGTAGCGCAGGGCCCAGTTGAATCCCGTGTGGCCCGCGAGCATAGGGCCGAGGGCGATCAGGGCGAAGATACCGAGCTCGCGTGG
NZ_CP130612.1_gap59	1952607	1956004	3397	GACAGGAAGCGCAGGGACCCCGCGGGCGAGCATCATGCATGATGTCGGCGAGGCGCGAGAGGTCACTCATCCTTTTCGCGCATGCCGGCGCATGGAATAGTGGGAGACGTCGCAGGGGGACAGGGGCGGAGATAGGGAGATGCAAATGGGGGAGATGAGGGGCAGACGTCTCACGAACGTCTCACGTGCTCCCCCCATCTCCCCCATTCCCGTCTTCCACCCTCCGCCCCTGCCCCCGTCCCGCGTCTGCCAGCGACGGCTAGGCGGCCCGATCCCCGGCAATGCGATCCAGATCTTCGAGCCCCACCAAGACATCACGCGGCTTCGACCCATCCGGCGGCCCCAGCACCCCCGCCAGATGCAACTGATCGATGATCCGCGCCGCACGGCCGTAGCCGATCTTGAGCCGGCGCTGCAGTAGCGAGGTGCTCCCACCCTGGTGCTGAATGCACACCTCCGCCGCCTCGCGGAACAGCTTGTCGCGGTCGCCCACATCCTCGGCGGCTTCTTCGCCGCCGCCGGCCTCGAGGGCCTCCATCGCCTTCACCTTGGCGAGGATGTCGTCCTCAGGCGTGGAGTCGGAGACCATGAGCCCCTGGGCCTCGAGCGCAGCCTTACGGGCTTCCTTCCGCTCGCGATACCAGCTCACCAAGCGCTCGGTGTCGTCGTTGCTCAGGAACGCGCCCTGCAAGCGGCTGGGCTCGCTCTTCCCCGGCGGGATGAACAGCATGTCGCCGTTGCCGAGCAGCGACTCGGCGCCCATCCCGTCGAGGATGGTGCGGGAGTCGATCTGCGAAGCCACGCGGAAGGCGATGCGGCTGGGGAAGTTCGCCTTGATGAGACCGGTGATGACGTTCACCGACGGCCGCTGCGTGGCGAGGATCAGGTGGATGCCGATCGCGCGGGCCTTCTGCGCGAGCATGGCCAGCGGCGTCTCGACTTCCGCCGCGACGGTCATCATGAGGTCGGCGAGTTCGTCGATGACGACGACGATGTACGGGAGGATGCCGCCCGTGTACGTGCGGTCCTCGAAGCCGACGTTCGGGTCCTTCGGCTTCTTCAGCTCGTGGCCGTCGCGGACCTTCTGATTGAAATCTTGGATGTTGCGCGCGCCGTTCTCGGCCAGCAGCGCGTAGCGCTCCTGCATCTCGAGCACGGCCCACTTGAGCACCGACGCGGCGTCACGGTTATCGGTGACGACCTTGTGGCGCAGGTGCGGCAGCACGTTGTAGACGGAGAGCTCGACCATCTTGGGGTCGACCATCAAGAAACGCAGGGTCTTCGGCGTGTGCCGGTAGATCAGCGAGGTGATGATGGTATTCACGCAGACCGACTTTCCCGAACCCGTCGCACCGGCGATCAGCAGGTGCGGCATCTTCGCCAGGTCGGCGATGACGGGACGGCCCTCGAGGTCGCGGCCCAAGCCGATGGGCAGCGCCATCGGCTTGCCCTGATAGTCCTTCGACTCGAGCATCTCGCGGAAGGCGACCATCTCCGGCGTGGGATTCGGTACTTCCACGCCGACCGCGCCCTTCCCCGGAATCGGCGCAACGATGCGAATGCTCGGCGCACGCATCGCGAGCGCGAGGTCGTTGGCGAGATTGGCGAACTGGCGCACCTTCACGCCCGGCGCCGGCTCGATCTCATACTGCGTGACGGTCGGGCCAGACGTACGGCCAGTGAGCGTACCCGAGACCTTGAAGGTCCCGAGTGACTCGATGAGCTTGGCGCCCATGGCGTCGAGCGCCGCCTTGTTGGCGGCCTCGTTGCGCGGCGGAGGCGGCGTGAGCAGCTCGATGCTCGGCAGCTCATCCGGATCCGGCACGTTCGTCTTGCCGCGCGCCGCCGGCGCAGCCACCGCGTCCGCGTCGGATTCATCGTCCCGCGACGCCTTCTTCTTGCCGCCCTTCGCCTTGCTGCCCTTCAGCGCGAGCTGCGGATCGTCCTCGGATTCCTCGACCAGCGTATCGATGGGCGTCTCCACGCGCGGCGGCTCCGGTTCGCGCGCCACTGGCTTCGGATCCAGCCCCATCAGCGACAGATCGACAGAGGGCATGGCCGCCGCATCCGGCTCAAGCACTTCAGCCTGCGTGAGCTGGTCCTTCGTGTCCTTCGTGACTTCGTGGTGAACGCCGTTCTTCGAACGCCCGATGTTCAAGAGCGCGCGCACCGGATTCCAGCCGATGGTGACGGCAGCAAGCGCCGAGAACCCGATCGCGACGACGATCCAGGCTCCGGCGAAGCCAATCACCTGCGTGAGGTAGTAGGCCGCGAAAGAGCCCCAGAGGCCGGTGAGGATATCGGCCGTGCCCGGCGGCACGGCGTCGAGACGCGCGAGGCCAGCCGCCACGGGGATCAGTGCCGCGAGGCCAATCGTGAAGAAGAGAAAGCGTTGATCTTCGCTCTCTTCGAGCCGCCCGAGCAGGCGCAGGCCGTGCACGGCGGGAATCAGCGGAACGATGACCGCGGCCAGCGCGCCGACGAGGCCGAGCACGGACCAGCGGATGCAGCCGCCCACGGGGCCGAAGGCGCCACCGGCGACCGAGCAGGATTCGGAGTACGCGGGTGTGCGACCGAAGATCAGCGCGCCGGCAATGAACAGGGAGCCCAGGAGCAGGACGATGCCCGCGACTTCGGACTTGAGGCGCGAGCCCTTGGTCGGCTCGCCTGCGCCCGCGCCCGCGCCGGCATCGGATCCGGTGGGTACGTCGGCGCCACTACGCGTCGACGGCGAGGCGTCGGCGGTCGCGTCCGCGGCGTCCTTCCGCACGCGCGTGCGGCGCGCCTTGGGGGCGAGCGGGGAGTCCGCGGGGGGCAGTTCGTCGAGGGCCGGCTTGCGGGGCATCGTCTCTCTGGGTCGGATACCTCAAGACGATTGGGGGTTCGGCTTCGTTACGGGCGCCCTAGCGGCAGCGCAGCGGGCGCATCCCGAGGCGGTGGTTGCTGCCCGCGACGACGGTGAAGGTCGTGTCCCAGCGCGCGCCGGCGACCGTGCCGACGACGAAGCGCGTCTCTCCCGCCAGAACTTCCAGCGCGACGGTCGTCCCGGGCGGGATTCGCCGCGGCGGGGCGTTCGCGACGACCACGGCGGCGCCGCGGCAGTTGCTCCCGACGTAAATCTTGCCGTACACCATCGAGCCGGGAATCGTCTGCGGCTCCCGCGGCGCGCGGACCGCCGTGTCGCGCGGCGCGTTCGCGCCGGCGCCCCGCTGATTCGCCGTCGCCGGTGATGCGCCCTCGCGAGCGGTCGGGACATTCGCCGACGCAGCGCCACTCGCGGCCGCGCCTTGGGCCTTCGTAGCGAGGCGCGGGTCCGACGCCGCCTTGCGCATGCTGTCGGCGCGGGTGATCGAGTCACGCGCGGCCTGCGCGGCGGATTGTTCGAGACTGTCGCGCG
NZ_CP130612.1_gap60	1960041	1963180	3139	CGAGAGCACGCGGTTGATGGTCTGTGCGGCATCCATCGTGTGCAGCGTGGAGAAGACCATGTGGCCCGTGTCTGCGGCCTTGAGCGCGATCTCCAGCGTCTCGAGGTCGCGGATTTCGCCGATCATGATGATGTCGGGGTCCTGGCGCAGCACGCGACGCAGCGCCTGCGAGAACGACACAGTGTCCGTGCCGACTTCGCGCTGGTTGATGTGGCAGTTGATGTCGCGGTGCAGGAACTCGATCGGGTCTTCGATCGTGATGATGTTCGCGTGCTTGTGCTCGTTGACGTAGTGGATCATCGACGCCAACGCCGTGGACTTGCCGGATCCCGTGATGCCGGTGACGAGCACGAGGCCGCGATTCTTCATCGCGATGTCCTTGAGCACCGGCGGCAGGTTCAGCTCTTCCATCGTCATCGCCTGGAACGCGATGGCGCGGAAGGCGTAGGCGAGCGAGCCGCGCTGCTGGTACACGTTCACGCGGAAACGCCCGATGCCCGGCACGCCGATGGCGAAGTCGGCGTCCTTGGTCTCGTCGAATTCCTTGCGCTGCTTCGGCGGGATGATCTGCTCACCGACGGAGCGGAGGTCTTCCGGCTTCAGCGGCGGCAGCTCCATCGGCACCAGCTCGCCGTTGAGGCGCATCGTCGGCGGCCGGCCGATCTTGAGGTGCAAGTCCGAGCCGCCCTGCTGGACCATGGTCTGCAGGACGAGCTTGAAGTTGTAAGGCGCGGCGGCTGGGGCTGCAGCCGGCGCCGCAGCCGGGCTAGGCGGCTGCGGATTAGCCATTGGGATCGACGCGGAAGAGGACCTGGCCGTATTCGACCGGCTGCGCATCCGTCGCGAGGATCTCGACGACCTTGCCCGCGACTTCGGACTCGATCTCGTTCATGATCTTCATCGCTTCGATGATGCAGAGCACCTGGCCCTTCTTCACCGTCTGGCCGACCGAGACATACGGCTTGGCGCCGGGTTCCGGCGCACCGTAGAACGTGCCGACCATCGGCGACTTCACGTCCTGACCCTTGCTGGCCGGGGCCGCCGCAGCAGCCGGAGCCGCCGCCGGTGCGGCCGCCGCCACAGGAGCGGCAGGCGCGGGCGCGGGCGCCGGGGCCGCCGCCGGCGCGGCGTACTGCACCGTGCCGCGCGCGACCGGCGTCTTCTGCAGGCGGATGCGCATGCCCTTATCCGACGAGATCTCCATCGAATCCACCGTGGATTCATCGAGCATCTCGAGAAGCTTCTTGACGTAGCGGAGGTCAATCATTGAACGGCAGATGTGAGATGGAAGATGTGAGATGTAAGGGACGACAACGGCACCTTCGTGCGCGCCGCCGCTTACAGCTGATTCTCAACTCTTGGGCGCTATCCGACTTGCAACAGCGTGCGCTCGAACGTCGTGAGTCGCTCCGGACCGTCGGTCGTGAGCACCACGTCGTCCTCGATGCGGACGCCACCCCAGCCTTCGAGATAGATCCCCGGTTCGATCGTGACGACCGCGCCAGGGGCCAACGGGGCCTCGGCCGTCTTCGCCAACCGGGGAGCTTCGTGGATCTCCAGACCGATCCCGTGCCCCGTCGAGTGACCAAAGGCGGCGCCGAAGCCGCGGCGCTCAATGTAGTCTCTCGCGAGGGCGTCGGCATCCCTTCCGCGCATTCCCGCCCGAACAGCGGCCGAAGCGCTCCCGTTTGCCTCCCGAACCACATCGTGGATCTCCTGCTGCCGCGCGTCCGGCGCGCGCCCCACGATGAACGTGCGCGTGATGTCGCTCACGTAGCCGCCGCTGGTCGCGCCGAAGTCGAAGAGCAGGAGGTCGCCCTTCTCGATGACCTGGGCCGACGCGCGGGCATGCGGGAGCGCGGAGCGCGGGCCCGCCGCGACGATCGTCTCGAAGGCCGTCCGCTCGCTGCCGGCGAGCCGCATCTCGTACTCGAGTAGGCCGGCGACCGCGAGCTCGGTCATGCCGGCGCGCAGCTGCGGCAAGGTGCGCGCGAGCGCGTGTTCGGCGATCTGCACCGCGGCGCGGATGTGCGCGAGCTCGCTGGCGTCCTTCGACTCGCGCAGCACCTCCACGAGGTTGAGCGCGGGCCGCCACTTCCAGCCCGCGCCTTCCCCGCCCTCTGCCACGAAGCGCGCCGCATCCTGATGCGTCACGTGCGCGCTCTCGAAGGCGAGCACCTCGATCCGCGGCAGCAGCTTCAGCTCCTTCCACAGCCGCGTCCACAGCGACATCTGCTCGATGGCGACCCGCACCTCGGCGGCCACCTCGTGCTTCACCTGCGTCGCGTAGCGGAAATCCGTGAGCAGCAGCGCGTCATCGGCCGTGACCAGCACCAGCCCGTTCGAACCCGTGAAGCCGGTGAGGTAGCGCACGTTCGGCAGGGCGCTGACGAGCAGCGCATCGAGCTGACTCTGGGCCAGCGATGCGCGCAACCGCGCGAGACGCTCGGCGTAGGGGACGGACATCAGTCGTCCGACGCCAAGATTCGGCGGAGTTCCACGAGGAGCACCGGATTCTTGTGCTGCAGGACGTCCCACACGATATCGAGATCCACACCGAAGTAGTCGTGGATGAGACGGTCGCGCATCCCAGCCATGGCGCGCCACTCCACTGACGGATGCTCCTCACGGAGACTCATCGGCACCTTCTTCGTCGCCTCGCCGATCACCGCCAAGCTGCGAACCACCGCGCGCTGGAGTGTCGGGTCCTCGTCGAGCGTCGCGCGCGTCAGGCGTGGCTGAAGACTCGAGAGATACTCAACCTCGGCCAGGATGTGCCGCAGGAACTCACGCGGCTCGTACGACATCCACGGCGTCCGCAAGTACGTGCGGTCGGAGGTAGGGGGATAATGACTCCAGCGTCACGAGCTCCACCGGATGGCCGAGCACACGCTCCAACAGCTCCGCGAGCGCCATCAAGTGATCAAGGGACTTCTCTCCCGGCGCGAACTCGACGAGCAGGTCCACGTCACTGTCGGGCGTTGCCGCGTCCCTCCGAACCGAACCGAACAGCGCTAGACGCTGGACCCCGAACCCGCGAATGGCGGCCTCGACATCGGCGATTCGCGACTGCACGTCGCGGCGGGTCAGAGTACGGGTGGGCATGATTGAAATCTACCTCCGCACAGCCCCGTCGCGC
NZ_CP130612.1_gap61	2089448	2090751	1303	GACCGATGGGGATCGCCGGTGCCGGACTCGCCTCGACCATCGCCGTTGCGGTCGGCGTCATCGCCGCGGCGGCGTACTTCGTCCGCACGGGCTTCTTTGCCGCGACGGCAGAGGAGGCCCCGTATCGGCCGGACCCGGCGGTGTGGCGCAAGCTGCTGCGCATCGGCGTCCCCGCGGGCGGCGAGTTCGGGCTGATGTTCGTCTCGATGGCGATCATCTACGGCATCATCGGCGGCTTCGGGGCGGCGGCGCAGGCGGGCTTCGGCGTGGGCTCGCGCATCATGCAGTCGCTGTTCCTGCCGGTGATGGCGATCGCGATCTCGGCCGCGCCCATCGCGGGGCAGAACGTGGCGGCGGGCCGGCCGGACCGCGCACGCGAGACGTTCTGGGCGGCCGCGCGGCTGTGCAGCGCGCTCATGGCCCTCATGACATTGTTCGCCCACTGGCGGCCCGCGGTGCTCGTGCAGCCCTTCGCCAGCGACCCGGTCGTCGTCGAGGTCGCGGTGGACTTCCTGCGCACGATTTCGTGGAACTTCGTGGCGAGCGGGCTCGTGTTCACCTGCTCGTCGATGTTCCAAGCGATGGGCAACACGATTCCCAGCGTCGTCTCGAGCGCCGTGCGGCTGACCGTGTTCGCGATCCCCGCTTTCTGGGTCTCCCGGCTGCCGGGCTTCCAGCTGCACTGGGTGTGGCGCGTCTCGGTCGTCGCCACGACGGTGCACGCGCTCTTCGCCCTCTGGCTGCTGCGCCGCGAGGCGGCGCGCCGACTCAGCGCCCTCGCGGCCGGCCCCGCCCCACAGCCGTCGGCGGCGTAACGCCCGCGCCGCGCTGCCGACAGGCATCAGAGCAGTACTTCACCTGCTCCCAGTCCCGCTCCCATTTCTTCCGCCAGGTGAACGGACGGCCGCAGTTCAGGCAGTCCTTCTGCGGGAGGTCGGACTTCTTCCGCATGCGGGCCATGGCGGGTCAGCCCGGCGTCGCGGCGGCGGACGGCGGGTCCCAATCATCGCCGTAGAGCTTGGGGCCACAGCTGTTGCAGATCGAGTGCGAGAACTGCGCCATCGACCGCGATGCCATGTACTCCTCGACGCTGCGCCAATAGCCGGCGTCGTCGCGGACGTTCTTGCAGTTGGCGCAGATCGGGATGAAGCCCGAGAGGGTGCGCACTTCACGCCTCGCGCGCAGCAGCGCCAGCACGAACAGCAGCGTGATGACGAGCAGGAGCACGGCGAGGCCCGTCAGCACGCGCTGTAGGCGCAAGGCCGCGGCCTGCACCTGCTGTTGCTCGCGGAGGTCCCGCGCG
NZ_CP130612.1_gap62	2095386	2098085	2699	GCGCCGCTACCTCGACGGCGAGGCGGACGGGCCGCGCTACGTGCAGTGGTTCCTGCTGGCCGTCGCCGGCGCCTCGCTCGTCACGGTGTCCCGCGACCTCATCGTCACCGGTCTCGCTTGGACGCTGACCTCGCTGGCCCTGCACCAGCTGCTCACCGTCGGACCGGCGCGCGCCGCCGCGGAGATCGCCGCGCACAAGAAGTTCCTGCTGAGCCGCGTCGCCGACCTCGCGGTCGCGACGGCCGTCATCCTCATCGCGACCGCCTTCGGCACCACCGACATCCCGCGCCTCCTCGAGGCCGCAGGCACGGGAGAGATACCCGGCACGGCCACCGCCGGCACGCTGCTCCTCGCCGGCGCGATCATCCTGCGTTCGGCGCAGCTGCCCTTTCACGGCTGGCTCATCCAGGTCATGGAAGCCCCCACACCGGTGAGCGCGCTGCTGCACGCCGGTGTCATCAACCTCGGCGCCTACGTGGCCATCAGTCTCGCGCCACTCTTCGTCGCCGTGCCCGCGGCGCTCACGCTGCTGGCGCTTGCGGGCCTCGCCTCGGCGACGCTCGCGGCGCTCGTCATGCGTACGCGCGGCAGCGTGAAGGGGGCGCTCGCGTGGTCCACCTGCGCCCAGATGGGCTTCGTGCTCGTCGAAGTCGGCCTCGGGGCCTTCGACCTCGCGCTGCTGCACATCGTCGCGCACGGTGCCTACAAGGCCAACGCCTTCCTCGCCTCCGGCAGCGGCGTTCATGTCGCCGCCCAGCAGCTGCGCGCGGGCGATGCCCTGCGGAGCCGCGCCCCGCTCGCGCCCGAGGAGGGGCTGGGGCGCTGGCTCGCGGCCATCGCGGTCGTCGCCGCCGCGTTGGCTGCGGCCCGCATGACGCAAACATGGACCCCCACCACGCCGTCGCTGTTGCTGAGCGCCACGGTGGTCGCGCTCGCGCTGATCCCCGCCCTCGCCACCCTGCGGCTCGCCGATGGATCTGCGTCCCTCCGCAGCGGCCTCGGCATCATCCTCGGCCTCCCCGCCCTCTACGCCATCTGGCATGCCGTGCTCGCCCCGATCGCGCCGAGCGCCGCGACGCTGCCTGTCCCGGCCTGGGTTGCCGCGCTCGTCATCGCGGGCTTTGCCGCCGCGCTGGCCGTGCAGGTCACCGTCGCCCAGGCGCCGCAGGGACGCCTCGCCCGCGCGCTGTATCCACACGCGCTCGCCGGATTCCATCTCGACGCCGTGTTCACGCGGCTCACGTTCCGTCTCTGGCCGCCGACCATCACCGCGCCCGCCGTCCGTCAGCGGCGTGAGCGTTCACCCCTTCGCATCGAGCGTGCCGCGTGACCGCCACTCCGACCCTTTTCCCCGTCGATCCGACGACGCGTGCCCAAGTGCGCGCGCACATCGACGCCGCCTGCGCCCGGATCGCGCCGGCGTGGCCGCTGGACCGCTTGATCGCCGTCAATCCGTACTGGGGATGGACCGACCGGCCCATCGCCGATGCGGCGGCGACGATCGGCGCGACGGCCTCGGCACCGATGCTCATGCCACGCTCCTGGTACCGCGCGCAGCGCGCGGCGGGGCTCATTCCGGATGAGGCGATCGAGACCGCCATCAAGCGTCGTGGACTCGCGCTGCGCAAGGACGACGTGCTCGCCGCGCTCTACGCGGACGCGCCAGAGCTTCCGCACCATCCGCTCGTGAGCGAGCTGCGCGACGCGCAGCGCGATCCCGCGCGCGAGGTGCTCTGGCGCGACTACCTGCTGCAGCAGGTCGGCCAGACCTGCGAGGCCTACTTCGACGCCGCGCAGGCGCCGTGGGCTGCCGTCGCCCCGGATGGCCTCTACGCCTTCTGGCGCGAGCTCATGCTCACGGACCGCACGCCGCAGTTGCTCCTGGGCGCGCCGGACATCCGCGATGCCGCCGGCGAACTTCCCGACACTGCCGAGGCGCTGATCGCCGAGGCGCTGGACACCCTCGCGCTCCCGCGTGCGGCGCGCACGACCTACCTCACGGCCGTGCTGCTCTCGGTGATCGGGTGGGCGAGTGCGGCGGCGCACCGGCGCTTCGAGGCCCGGCTGCGCCATGCGGACGACGAGACCATCGTCGAACTGCTCGCCGTGCGCCTCGGCTGGGAGCTGCTCTTGTACCGCACCGCGACCGCCAGCGACCTGCCTTCGCGCTGGACGCAGGATCGGCGCCGCTGGCAGGACCTCGCCGAGGCCGTACCCCGCGCGCAGGAGCCGGAGTGGATCCTGCAGCGGGCCTTCGAGGTCCGGTACCAAGAGAAGCTGGCGAATGCCCTCGCGTGGCACCCGACGTTGCGCCACGCCGACTCCGGCGCAGCCGCGCCGGCCACGGTGAGCGCGCAGGCGGTGTTCTGCATCGACGTGCGCAGCGAAGTCTTCCGCCGCCACCTCGAGGACTGCGACGGCGGCATCCACACGCTCGGCTTCGCCGGCTTCTTCGGCGTGCCGCTCGAGTACCAGCCGCTGCTGGGCGCCTCGCGCCCGCAACTCCCCGGCCTGCTCGCGCCCGGGGTCGTCGCGGAAGATCGGGGCGAGGGCGTCGACACGCTGCGCGGCGCGATCGTCGCGCAGGGCAGTGCGCGTGCCCAGTGGAAGGGTGTGGCGGGTGGCGTGCCGTCGACCTTCGCGTTCGTCGAGTCCACCGGACTCGCCGCCGCATTCCGCATGCTGCGCGCGAGCTTCGA
NZ_CP130612.1_gap63	2100226	2105215	4989	TCGGGCGCGGCGCGATGAGCGGCGTCAACCAACGATGACGCTCGACCGGCAAGAGCTCTGCGAGTGCGATGTCCATGGGCGCGAGGCGACGCGCGCGCCGCTCAGCTCGTCGGCGGCGAGAAGCCCTGCCCGCCTTCGATCCAGCTGAACATGTAGTTCTTGTCCTCGTACGGCGTGATGGCCTTCGCCACCTTGAGCGGCCGGAACGAGTCCATCATGACGGCCAGTTCGTTGGTGTGCGTCTGGCCGATGCTCGCTTCGTAGCGGCCCGGGTGCGGGCCGTGCGGGATTCCGTCGGGATGATGCGTGATGCTGCCGTACTCGATGCCCTTGCGCGACATGAACTCGCTCGAGGCATAGAACAGCACCTCGTCGGAATCCACGTTGGAGTGGTTGTACGGCGCGGGAATCGCCTGCGGATGGAAGTCGTACGGGCGCGGGCAGAACGAGCAGATGACGAATCCGTCGCCCTGGAAGGTCTGGTGCACCGGCGGCGGCTGGTGGACCTTGCCGACGATGGGTTCGAAGTCGTGGATGTTGAACGCCCAGGGATAGAACTGCCCGTCCCAGCCGACCACATCGAGCGGATGGTGATCGAGCACGATCTCGTTAAGCCCGTTGTACTGCTTGATGACGATCGGGAAATCGCCCTTCTGGTCGTAGGTCTTGAGTTCGCGCGGCACGCGAATGTCGCGCTCGGAGTACGGCGCGCCTTCCACGAGCTGGCCCACGTTGTTGAGATAACGCTTCGGCGGCCGCACATGCCCGCGCGATTCCATCACCAGCAGCTTGGCCGGCTTCGTGAACTTGTAGCGATGCAGGATGTGGCGATGGATGACGAGATAGTCGCCGGGGATGATCGGCAGGTCGCCGTACTGCGTCTCCAGCGTGCCTTCGCCTTCCGCGACGTAGACCACTTCGTCGCCCTGCGCATTCCTATAGAGGTGCTCGTCCTGCTTGTCGGGCGCCACGTACAGCATGGCGATGTCGTCGTTGAACAGCAACGGCACGCGGTTGAGCGTGGGGCTGCCGCCGCGGGCGATCTGCGCCGTCTTGAAGTGGCGGTGCTTGAGCGTCTTGTCGGGATCCGCCTCGTAGGGCGTTTCCAACAGGCGGCGCACGGCCTTCACCGTCGTCGGCGGGTGGATGTGGTACAGCAGGGCCGCCGGCCCCGTGAAGCCCTCGATGCCGACGAGCTGCTCGTTGTAGATGCCGCCCTCCGGCTTGGGAAACGCGATGTGCCGCTTGCGCGGGATCTTCCCCAGCGTGTGGTAGAACGGCATTACAGGTTGCCTCGCTTGGCCTGCTCGCGCTCGATGCTCTCGAACAGCGCCTTGAAGTTGCCGGCCCCGAAGCTCTTCGCGCCCTTACGCTGGATGATCTCGAAGAACAGCGTCGGGCGATCCTGCACCGGCTTCGTGAAGATCTGCAGCAAGTAGCCTTCGTCGTCGCGGTCCACGAGGATGCCCAGCTCGGCCAGCGGCGCGATGTCCTCGTCGATCTTGCCGACGCGGTCGAGCACCGTCTCGTAGTAGGTGCGCGGGATCGTGAGGAACTCCACGCCGCGGCTCTTCAGCGCCCGCACCGTCCTGATGATGTCGTCCGTGGCGACCGCGATGTGCTGCACGCCGGGACCGCGGTAGAAGTCGAGGTATTCCTCGATCTGCGACTTCTTCTTGCCCTGCGCCGGCTCGTTAATCGGGAACTTGATGCGCCCGTTGCCGTTGCTCATGACCTTCGACATCAGCGCCGAGTACTCGGTGCTGATGGTCTTGTCGTCGAAGGACAGCAGGTTGTAGAAGCCGAGCACGTCGGAGTAGAACTGCACCCAGTGGTTCATCTTGCCGAGCTCGACGTTGCCGACGCAGTGGTCGACGTACTTCAGGCCCACCGGCTCCGGCTGGAAGGGCGAATCGGCCGCGATGAAGCCCGGCATAAACAGGCCCTTGTAATTGCGGCGCTCGACGATCGAGTGGATGGTGTCGCCGTAGGTGCGGATGCCGGCGACGACGATCTCGCCGTGCTCGTCCTTGAGCACCGTCGGCTCCTGCACGCTCACCGCCCCGCGTTCGATGGCCTTCGCGTAGGCATCGCGGCAGTCATCCACCCAGAACGCCATGTCGCGCACGCCGTCGCCGTGCTTGGCGATGTGCGCGGCGATCTCGCCCTCGGGGCCCATCGGCGTCGTGAGGATGAGGCGGATCTTGCCCTGCTCGAGCAGGTATGAAGCGCGGTCGCGCACGCCCGTCTCGGGGCCGCGGTAGGCAACGAGCTTGAAGCCGAACGCCGCGCGGTAGAAGAGCTGCGACTGCTTCGCGTTCCCGACCCAGAACTCGATGTAGTCGGTTCCGTTGATGGGGAAAGTATCGTGGGCGGTTTCCGCGACGGGCTTGGTGGCGGTAGTCATAGGAACGGCAGTGGTGAGTTGGGAGTTGGGAGTTGGAAGCGAACGGCGACCGCATCACCGCGCGCGCTAGGCGGCGCGGTGCTCACCTCTCAGTTATGCGCCGCGGGCGCCGGTGCGGGCGCTGGTCCACCAGCGGCCCCACACACTCGCGTTTTGCCACGTCTGGATGGGCATATCAACTCCGGTTCGGAGGACCCCTTCAATATACAAGAACTGCAGTTGTCAGAGCCTGAGCTCAGGCAAATCCCGGTACAACCCCAACGCCGCCGGGTTCGCCAGCGCCTCCGTGTTCTTCACCGGTCGCCCATGCACCACTTCGCGCACGGCGATCTCCGAGATCTTGTTCGAGATCGTCCGCGGGATATCCGCGACTTGGAGAATCACCTTGGGTACATGATGCGGGCTGGTCCGCGCCCGGATCGCCTTCTTGATGCGGTCGCGGAGCGCGTCATCGAGCGTCAGGCCCTCGCGCAGGCGCACGAAGAGGACTATGCGCACGTCCTTGTCGCCATCCGTCGTGATCTCCTGCCCGATGACCACGCTCTCCACGACCTCGGGCAATTGCTCGACCTCGCGGTAGATCTCCGCCGTGCCGATGCGCACGCCCCCTGGGTTCAATGTCGCATCGCTGCGGCCGTGGATGATCAGCCCGCCCTGCGGCGTGATCTCCGCCCAGTCGCCGTGGCGCCAGATGCCCGGGAAGTGCGCGAAGTACGCCGCATGGTACTTCTCACCGTCGGGGTCATTCCAGAAGCCCACCGGCATGCTGGGAAACGGCTTCGTGCACACCAGCTCTCCGGCCACGCCGCGCAGCGGCTGGCCCGCGTCGTCCCAAACGTCCACCGCCATGCCGAGCCCGAAGCACTGCAGCTGCCCGCGGTACACCGGGAGCAGCGGGTTCCCCAGCGCGAAGCAGGAGATGATGTCCGTGCCGCCGGAAATGCTCGCCAGGTGCACGTCGGCCTTCACGTCGCGGTACACGAAGTCGTACGAATGCTCCGCCAGCGGCGAGCCGGTGCTGAGGATCATGCGCAACGCCGACAGGTCGTGGGTGCGCGCGGGTGCATGGCCCTGCTTCTGCGAGAGCGCGAGGTACTTCGCGCTGGTCCCGAAGTGCGTGACGCGCTCCTCGGCCACCAAGTCCCAGCACGCATCGTCGTTCGCGGCCGGCATCGGCGCGCCGTCGTAGAGGACGATCGTCACCTGGCTGGCGAGCGCGCTGAGGAGCCAATTCCACATCATCCACCCGCAGGTGGTGAAGTAGAACATGCGGTCATCGGGCCGCAGGTCGCAGTGCAGGCGATGCTCCTTCACGTGCTGCAGCAGCGTGCCGCCCTGCCCGTGCACCATGCACTTCGGCAGGCCCGTCGTGCCCGAGCTGTACATCACGAAGAGCGGGTGATCGAAGGGCAGCACCGCGAACCGGGGCGTCTCGGGCGCGTCTCCCGGACCGAACGACGCGAAGCGCGAGATGTCCAGCGAGCCCGCCCCGCCTGCCGCGCAGCCCGCCAGCGTCGCGTCGTCGATCGCGTCGCCAAGGAAGGGCACGAGCACGAGATGGCGCAGACTGGGGATCGCCGCGACGATCTGCCGCACGCGCTCCAGGCAGTCGATCGACTTGCCGGCATACGTGTAGCCGTCCGCCGCGAACAGCACCGTCGGCTCGATCTGCCCGAAGCGGTCGAGGACACCCTGCGCCCCGAAGTCCGGCGAGCACGAGGACCACACCGCGCCGATGGCATTCGCCGCGAGCGCAGCGATCACGGCCTCGGGAATGTTCGGCAGGAATCCCACAACGCGGTCGCCGCGCTCGACGCCCGCCGCGCGCAACCCTTCGGCCACGCGCGACACCTCGCGGTTGAGCTGCCGCCACGAGAGCTCGCGGCGCCGCCCGCGCTCGTCGCGGGCGATGATCGCCGGCGCGTCGTCCTGCCGCCGGAGCAGATGCGCGGCATAGGAGAGCTCCGCGCTGCGCAGGCCGCCCTCACGCTTGCCCCGCACGCCGGCCCAATCCCAGAGCGAGGACCAGAACGTCTCGGCCTGCTCGACGCTCCAGCGGTGCCAGTCCGCGTACGGCGCGCCCGGCGCGGGCGTGCCCGCGTGCTGCGCGGCGGCGTACGCGAAGAACTGCGCCATCTGCGAGGCCTGCGCGGCCTCCGGGCGGGGACGCCAGAGGGGTTCGCTGTCAAGGGCGGTCATCGCTGGGGGAATGTAGCCGCGCGGGCGGTTTCCCTCTATGCTTTGCAGGATGACCGCCCGCCGAATCCTCCACGCCGACGCCGACGCCTTCTTCGTGGCGGTGGCCCGGATGGCGGATCCAGAGGGCGCAGGGCGGGCGCCGCTGCTCATCGTCGGGGGCCGCCCCGGCGGGCGTGGCGTGGTCTGCTCGGCCTCGTACGAGACGCGCGCCTACGGCGTCCGCAGTGCGATGCCCATCGCCCAGGCGCTGCGCCTCTGCCCCGATGCGATGTGCGTGCCGGTGCCGCGCGCGGCCTGCAGCGCCACGTCGAAGGCCATTGCTGCGGTGCTCGGGCGCTTCACGCCGGTCGTCGAAGGCGCGAGCATCGACGAGTGGTACCTGG
NZ_CP130612.1_gap64	2108061	2111234	3173	CAGTTCACGCAGGAGGTCCGTCACGTCGCCGCGATCGTCGGCTCGTCGGACGGCCAGGAGAAGTACGGTTCGCAGCCGGGCGCGCGCTTCACGCCGATTCCGCGCGAGCGCCAGCGGGCCGCAGTGCAGTTCATCCAGCAGCAGGTGTTCGCAACGCCGACGTGGATGCTCGATCCGGCCATCCTGCGTCGCCTCGAGCCGGAAGGTTCCGTGGCGCGCATTAACGCCATGCAGCGCGGCATCCTCGGCTTCATGATGGACGACAACCGCATGGCGCGGCTCGTTGAGTACGAGGCCCTGCCGGGCACCGTGCGCCCGTATCCGCTTTCGGAGTTCCTCGCCGACATGCGGACCGGCATCTGGAGCGAGCTAGGCGCCGGCTCGGTGCGCGTGGATGCGTACCGCCGCGGCCTGCAGCGCATCTACCTCGAGGCGGTGGCGGCGAAGCTCAACGCCAATCCGTCGACGGCACAGCGTGTCTCCGCGTCGGGAGCGGGCGGAACGCCGGTCTCGCGGGCAGCTGCCCGTCCGAGCACCGACGCGAAGTCGCTGCTCCGCATGGAACTGCGCAGCCTCGACGCCGCGCTCGCTGCCGCGCTGCCGAAGGCTGGCGATGCGGCGACCCGCGCGCATATCCAGGACGCGCGGTGGCAGATTGACCAGCTGTTGAATCCGTAAGCGTTGGGAGAAGGGAGCAAAAGGAACGGCCCCGGCGATGCTCGCCGGGGCCGTTCCTTTTGCTGCCAACAACTGCAGTTGGAGGTTGGGAGTTGGCAGTTGGGAGAGCAGTTCTCTTTCAACTGCCAACTCCCAACCCGCAACTGCCGTTCAATCACCGCACTCGAACGAACTCCAGCGGCACCCCCGCCGGCCCGAACTTGAGCACACGATGCGGCGCCGCCTGCTCGATCCAGTACGTCCCCGGCGCCTCCCCTCCCGCATAGCTCACGCGGAACGCCGCCACCGCCCCGATCGGCAGGTTCACCACTTCCACGCCCTCGACGCGGAACGAGCGCCGTTCCACCACCCCGCGGCCCGACGCGAAGACGGAGAGCTCAATCGTCGCCCCCTCCGCCCACGTGAAGAACGGCAGCAGCGCCGCCACGACGTTGTCGTCCACCGTCCCCTGCGGCACAGCGACGTCCTTGTAGTTCACCGGCTGCATGCCCGCCTGGCCCGGCGTCACCCCCTCGCCGCTGGCCTTGCCGTCCGCGTACTGCACCACGATCCGCAGGTCGTTGCCCTGCACCTTCCCGGACTGCTCGGTGCGCAGCATCGTGATCGCGTTGCTGAACTCCACCGTCGTCTGCTGCTGCAGGATCGGCCCGAGCACGCTGCGCTCGCGGAAGGTCCAGCCCGTCGCGCTCTGTTCGAGCGCCGTGGTCTGGTAGCCGAAGTTCTGGCCCTGCACCATCACGGCGAACGAGTCGCTCGACGGGCGCAGCTGCGCCGGGTCGAGTGCCAGCGGAATCGGCTTCACTTCCATCGTCTCGGCGGCGATCGGCTCGCCCTCCACATCCACCAGCGTCACGGGCGCAATGGCGGAAAGCCGATCGCGCAGCGCGAGCCCGTCGCCGACGATGACGATCAACGCGGCGTCAGCGCGCATGCCGGCGCGCGACGCCGACTGGACCTGCTGCGGCGTCAGCGCCGCGAGGCGCTGGCGGTACGTCTGCACATAATCGTTGGGCAAGCCGAGGAGGCGCGCGCGTGCCACCTGCCCCGCCACCTGCTGCGCCGTCTCGATCTGCAGCGGGAACCGGCCCGTGAGCGTCTGCTGCTGGCGCTCGAACTCCGCGGTGGGCACCGGTTCGCTCCCCATGCGCCGCACCTGCCGCAGCAACTCCACCAGCGCCGAATCGGTCACGTCCGTTCGCACTTCCGCCGTCGCGGTGAACGAGCCGACGCCGCGCACCTCGGTCACGTCCGAGTACGCGCCATAGGTCCAACCCTTCTCCTCGCGGAGGATCGTGAACAGGCGCGAATCGCTGGCCCCGCCCAGGATCTGGTTGGCGAGGTCCATCGCGTGGCCTCGCAGATCCGTCGGCAGCCACGTGGTGTTGCCCACGACGATGTTCGACTGCACCGACCCCGGCCGATGCACGAGAATGATCTCGCTGCGCATGCGCTGCGGGGCCGGACGGGCCGGCGGCGGCGTGGCGCCGCGTCCCGTCCACGCCGTGAAATGCCGCGCCACCAACCGGTGCGCCTCGACACTGTCGATCGCACCCGCCAGCACCAACAGGCCCTGCGCCGGACGCGCCCGCGTCGTGTGGAAGAGCACCAAGTCGTCGCGCGTGATGGCGCGGACGCTCGCCTCGTCGGCGCGGCGCGCGTACGGATGGTCCCCGTACAGCGCCTTCGCGAAGATCCGTCCGGCAATCGCTTCCGGCTGCGACTTGGCCAGCGCCAGCGCCGACAGCGTCTGCGTGCGCAGCAGCTCGACTTCCTCCGCCGGGAAGTTCGGGCGCAGCAACGCATCGGCCATGAGCTCGAAGGCGAGCTCGCGGTCGTCGAGGAGCACGGACGCAGAGATGCTGAGCACGTCCGGCCCTGCGCTCGCCGAGAGACTCCCACCCACGCGCTCGATGGACTCGGCAATCTGATCCGCACTGCGATTGCCGGCGCCCTTCGTCAGCAACCCGGCGACCATGTCGGCCACACCGCTCTTGCCCGGCGGGTCATACAGCGTGCCGCCGAGCACGGAGAGCTGCATGGAGAGCACCGGCTGCTTGGCGCTCGGCACGAGCACCACGCGCAGGCCGTTCTCCAGCTCGAATTCGACGAACGGCGGGAACTGCGCCTCCGTGAGCGGCAGCGGCGCCGGGGGTTGCTGGCGCGGCGACTGCTGCGGCGCGGGACGCGTGGGCTGCGGGCTGGGCCGCGTCGGCTGCTGCGCGACGGCAATGGTCGGCACCGCGGCAGCGAGAAGTGTCATGAGGACGGCGCGCATCTCAGCGATCCTCCGGAGCGATGACCAGCGTGAGGGAGCGCTCGGGACGCAGGTAAGTCCGCGCCACGCGGCGCATGTCGGCAAGCGTGACGGCGGCGTAGCGCGCCGCCTCGGTGTTCAGGGCGTCGGGGCTGCCGAGATACATGTCCGCGAACTGCAGCGCCTCGGCCACGTCTGCCGCGCGCTGACGCCCGAAGATCGTGCGGGCGCGCCATGCGTT
NZ_CP130612.1_gap65	2116047	2119544	3497	CATCGGTGAGATCACGCAGCACCGATGCAGCCCCCGCTCCCGCGCTCGACGCGCCGGACGCGGAGGCCGGCGGCGCTTGGCGGGTCGACGACGACCGCTTCGCCGACGGCCCCTCCGCCGGATACGGCGTGAAGCAATACGGGCAAACGCGCTTATTCTTGCTTTCCTTGTTGCAGACGGAGCAGAGCATCGCCCTAAAGCAACGCGGGGTAGGCCGCGCAGGCAATAGAGCGGACGCGATCCCCGGGACCGTGCGGGCCCTTAGGCGGCCGCGTAGTCCTGGCTCGCCGCGCCGATGCCCCCGCCGTCCACCACGTTCGCGTAGCCCGCGGCCTTGAGGATGCTGGCCGCCTGCGCGGAGCGCATGCCGCTGGCGCAGTAAACGAGGATACGGCTCTTCGGCGTGAGCCCGAGGCCGTCGAGCCCCTCGGGCAGGCGGTCCACGGGCACGTTGGTCGCACCCTCGAGGTGGCCCATCCAGAACTCGAGCTTCGAACGGACATCGATCACGGCATCAACGGGGCGATTGCGGAAGGTCGGCATGGTCGGTCAGGAGTATTAGTTATTACTTAACGATATAGTAGAATATACCGCGACCCCGCGCCCCGCAAGTCCCGTGGTCAGGGCCGCTCAGCGCCCTAGGCGGCTGCCCGCCACCGCGAGCAGCAGCCATCCGGCGAGGAATGCCACCCCGCCCAGCGGCGTGATGGCGCCCAGGGCCCGGATGCCGGTGAACGTCATCGCATAGAGCGAGCCCGAGAACAGCAGCGTGCCCGCGACGAAGCACCACCCCGCCCAGGCGGCGGGGCCCGCGACGCGTCCCCCCTGCCCCACCAGCCACGCCACCGCCAGGAGCGCGAGCGCATGGTACATCTGGTAGCGCGCGCCCGTCTCGAACACCTCGAGCAGCCGCGGCTCCACCCGCGCGCGCAGCGCATGCGCCCCGAACGCGCCCGCCGCCACGGCGATGCCCGCCGAGAGGGCCCCGAGGATCGTGAAGAGACGCATCAGGTCACGAGGTGGTAGAGGCCCAGCGTCGCGAGCATGAGGCCGAGCAGCGCCGTCATGAGGTTGACGCCGACATACAGCCGGTCGAGTGCCGCGTACTTCCGTTGGTTCACCATCGACAGCGTGTAGAGCTGGTCGGCGAGCTCCGTCGTCAGGTTGTCCATGCGCAGGCGCTCCCAGAGCGCCCGGTACTCGTCGCGCTCGCGGGCCATCACGTCGGCATGGAACAGCATCCGCATCGACACGCCGGGCTGCACGTCCCGCGGCATCTCGTGCGCCGGCGGCGGATGCACCCCCCGCGGCCGCAGGGCCGAGACCGCCTGCGCCACGAAGTACAGCGTGACCACCACGTACACGGCGATCATCGCCGCGAGCGCGAGGCTCCACAGGCCGGTGGTCGGCAGCAGCGACGTCCCGCCCCGCGCGACGAGCAGCACGGCCACCGCATTGAGCACGCTCATGATGACCAGCGCGAACCGCGCCTTGCGGTCCCCCATCTCGATGAGGTCCTGGGCCTGCTTCACGGCATTCACGAGCGCTCGGTAGCGATCGCCGGGCTCGAGGAGGCCGCGCGATTCCTCGAGTTTGCGAAGCGCCTTCTCCAGCTTTTCCCCCTTCGGGGCCGATGCGATCTCGTCACTCACGGCAGAGAAGATACAGGCTGTGCCCCACAGCGGAATCCCTGCGACGCGTCGGCAGAACCCCCGCTAGCCACGGCCGCCGGGGCGACGCACTTTACCATCGCTCGCACCCGTAGGGACCGTGGCCGTCAATCTTCCGCCGCTGCTTGAGCCCGAGCTCCGCCATCTGGTGGACACGCTCCCCGTGGGCGTGCTCGTGCAGGATGCCACGCCCACGATTCGCTACGTCAACCAGCGGGCCCTCGACCTGCTCGGCATGACGGCCGACCAACTGCTGGGCCGCAGCATCCTCGATCCGCACTGGAGCGTCGTGCGGCTCGACGGCTCCACGTTCCCGCAGGACGAGTTTCCCGCCATGCAGGCGCTGCGCACGGGGCGGGCCGTGGACGATGTCGTGATGGGCGTGCGGAACAACTCACAGACCGCGCGCATCTGGATCCTCGTCCGCGCGCAGCCGAGCTTCGATGCGCAGGGGGCGGTCACACGGGTGATCGTCACCTTCACCGACATCACGGCGCTGCGCGCCGCCGAGGAGGCGCGCGCCACGGCCGTCGTGGAGGCCGAGCGGTTTCGCTCCGCGCTCGATGAAGTCCCGGCCTTCGTGTACATCAAGGATCGTGCGTCGCGCTACCAGTACGCCAACGCCCCCACGCTGCGCCTCTTCGGCGTCAGCGCCGAGGAGCTCGCCGGCAGCGGCGACGAGCGCTTCTTCCCGCCGGACGTCGTCGCGCGGCTGCGCGCCGTGGACCTGCGCGCCTTGGCCGGCGAACGCACGCATGAGACGATCAGCGTCCGTACGCCGACCGGCGAGCGCATCTATCTCGAAGTGAAGTCACCGCTGGCCCCAGACCCGGTGACCGGGGAGGTCCCCGGCCTGCTGGGCATTTCCATCGACATCACCGAGCGGCGGCACCTCGAGGATGTGTTCCGGCAGTCGCAGCGCCTCGAGGCGATCGGGCGCCTCGCCGGCGGCGTCGCGCACGACTTCAACAACATGCTCGGCGTCATCCTCGGACACACCGAGCTCGCGCTGGCCGCCGTGCCAGCCGGCAGCGCCCCGCATGAGCATCTCGAGGAGATCCACGCCGCGGCCCGTCGTTCGGCCGACCTCACCAAGCAGCTCCTCGCTTTCTCGCGCAAGCAGCCGTCGACGCCCATCCCCCTGCATATCGCCACGCACGCGCGGGAGACAATCCGGCTGCTGCGCCGCTTGGTCGGCGAGGACATCGCGCTCGGCATCGATGCCGGCGGGGACGATTGGATGGCCCATCTCGACCCCAGTCAGCTCGACCAGGTGCTCGCGAATCTCTGCGTGAACGCGGCTGATGCGATTCGCGGCGCGCGCACGACAGCCGCTGATGCGGGGCGGGCCCGCGCCATCCAGATCGAGACGGCGCACGCGGTCGTCGCGCCGACCGAGGCGCACCAGCAGGGCGTGCTGCCGGGCGAGTACGTGCGGCTCACGGTGCGCGATACCGGCCCGGGCATCCCACCGGATGTCCGCGAACGGATGTTCGAACCCTTCTTCACGACCAAGCCGGCCGGAGAGGGCACCGGACTCGGCCTGGCAACCGTGTTTGGCATCGTCGCGCAGGCCAACGGATTCATCACCGTCGACTCGACCATGGGCGAGGGATCGGCGTTTCATCTCCACCTGCCGCGCGTGCGCGAGGGCACGTCCCCGACCGCCGCGCCGCCCGCCACGCACGCCGCGAGCGGTGGCAGCGAAACGATCTTCGTGGTGGAGGACGAGCCGGCCGTCCTGCAGTTGGCCGTGCGCGCGCTCGGCGCGCTCGGGTATCGAGTCTTCAGCGCCGCCGACGGCGCGTCGGCCTTGCGCCTCGCGGA
NZ_CP130612.1_gap66	2122850	2124838	1988	CGTGCCCTTCTTCAGCTCCGTGTGGATCAGCGTCTGGTTCGCGCGCGTCCGGTCCACGCCCGCTTGCGCCGCCGCGATGCCAAAGCCCGGTGCGATGATCGCCTGCACATCCATCAGGCCCTTCGACGGGAAGCGCAGCAGGTTGGCCTGCGCGACGCAGGTCGCCGAGGAGATGACCATGCGACCCGTGCTCCGGTCGAGGGCGATGACGGACCAGGTCGCGTGGGCGATCGCCGGCGAAGCACTGGCGAGCGCGAGCGATGCGGCGAGGATGCGGCTGAGGCGGGGAAATGGCACGGACGGACCTCGAAGCGAAGGGGCACAAAAGAATGATGCCCCGCGACCGAGATCGCGAGGCATCATGTGCAGTATCGGGACGGCGGGATTCGAACCCGCGACCCCCTGAACCCCATTCAGGTGCGCTACCGGGCTGCGCTACGTCCCGTCCGCCGCATGTGCGGACAGAACGGGAATACTAGTCGGGTGGTGGCCCAAATGCCAACCCCAGCAAACCCCTGCGCCACAAGCAGTTAGGACTCTCTGGCAGCTCGCGCGGACACCCTCATGGCGATTCGAACGGCGAGGCGAGGCCGATCGTCCCAAGCTCAGCTACTTCGCGAAGCTTCTGCAGATTGCCGATGGTTCGCACACTACTCGCACAATGCCGCCGCGCGCGCGTACGGTCGGAAAAGCTGAAAGACGAGGCACAGCCCACTGGCCAAGGTGAACATCGCTTTGCGGCCTTAGTCTCTTCGCAGAACCGCGGCCTAGGCTTACTGGCGCGCCGGTGTGCACCTCACATCTTCTAGTCTAGCGCCCACCCCTTCCTAGAGAGGTCGCTTACGTGGCGGACAAGCAGCCGAAGAAGAGTGCAAAGAAGAAGCCGTCGAAGACGGAGAAAGACGATACGCGGGGACCAGATGCCAGCGGCGATCCGGCGGCAGTGCCCAGACCACGCCTCTCAAGGCTCACCGTTCAAAACTTTCGCGCGATTGGAGCTCAGCCGGTCTCGATCGAACTCGACAACATCGTCGTCTTGGTCGGACCCAACAATACCGGCAAGAGCTCTATCCTCAAGGCCTACCAGCTCGTGATGAACGATGGTTCAGGAGAGGTGTCGCTCTCCGCCGATGACTTCCCCAACGGAATCCCGGACCCGAACAACCCACCGACGATCGAGCTCACGACCATCGTCTATGGAGACTTGCCTGGCAAGGAATGGATTCACACGACTGCCGACGGCGAAATGGTGGTCCGCGAGCGCTGGCAGTGGAAGCAGGTGGGTAAGCCAGAGCGGGTTGGCTTTAACGTGCACAGAGGCCGATGGGCGGAACCCTCTGATGATGAGAAGGGGCCTTGGGGAGTTGCCAGCGTCGCGAATTCCCGACGACCCGAACCTCATCACATTGATGCGTTCGCTTCGCCCGACAAGCAGGCGACGGCGATTTCGAAGCTTCTCAGCGAGGTGCTCACACAGAGAATGGCGGAGCACAAGTCGAAAGGCAGCGACCCCGAGTCAGCCTTTGGGAAACTTCTCAAGTCGGTCTCTGAGCTCCAGGAAACCGTTTTAGCTGAAGTTCAGAGCGAAGTTGTCAAGCTCGAAGACTCCCTCAGCGAATCGCTGAACGAGCTGTTCCCCAAACATCGTGTCAAGTTTGACACGAACACCGGGAAGGACCTTAGCGAGTATGTCTCGCTATTCAAATCAGCGCCCAGTATTCGAATGGGGCCCACCGGTGGATTTCAGTCCCCGCTGGAACAACAAGGTAGTGGAGCGCGCCGCACGCTGCTCTGGACTGCAATCAAGCTGGTCGCTGAAGCCAATCGGGCAAAAAAAGGGCGCAATCAGCGACCATTCGTGCTCTTGTTGGATGAACCCGAGATCTGTCTGCATCCCGGGGCGGTCAGGGAGGCGAGCCGACTGCTCTATGAACTTCCAGAGAAGGCATCGAACTGGCAGGTAATGCTCACGACGCATTCACCATGCT
NZ_CP130612.1_gap67	2173311	2176264	2953	CGTCCCCGGATGGCTCCCCGCCGCCGTGGGCTTCGCGATGGGCGCGCTGTTCATCTTCGCGCTCGACAAGGTGCTGCCGCACCTGCACATCAACTTCGATGTCTCCAGGACCGAGGGCGTGAAGACGCCCTGGCATCGCACGACGCTGCTCGTGCTGGCGATCACGCTGCACAACATCCCCGAAGGCCTCGCGGTGGGCGTGCTGTTCGGCGGCGTGGCCGCGGGCATCCCGGAAGCGACGATCGGCGGCGCCGTCGCGCTGGCGATCGGCATCGGCCTGCAGAACTTCCCCGAGGGCATCGCCGTGTCGATGCCACTCCGCCGCGCCGGCCTCTCGAAGTGGAAGAGCTTCGGCCTCGGCCAGGCGAGCGCGATGGTGGAGCCGGTCGCCGGCGTCATCGGCGCCGCCGCCGTGCTGTTCATGCAGCCCATCCTGCCGTACGCCCTCGCCTTCGCCGCCGGCGCGATGATCTACGTGGTGGTCGAGGAAGTGATTCCCGAGACGCAGCAGGCGGCGAACACCGACATCGCGACGCTGGGGTTCATCGGCGGCTTCATCGTGATGATGGTGCTCGACGTGGCGCTGGGCTAAGCCTTCCCGCCGCTCTCGAGGAACGTCACGAAGTCCTCGGGCAGGCCGGCGGCACGGATGCCGGCGACGGTCGTCGCGATGTCGTACGCCACGCGTTCGAAGGTCACGCGCGCCTCGCCCTCGCCGAGCTCGAGCAGGACGTATCCCGCGCGCCAGTCGCCGTCCTTGGGGCGGCCGACGCTCCCCGTATTGATGAAGTGCATGCCGTCCACGATGCGGTGCCAGGGCTTGTGCGTGTGGCCGAAGGCGATGGCGTCGCCCGCCTTCAAGCCGACGAGCGCGGCCATCTTGCGGCAGAAGTCGTCGTCGCGGTCGGCGGTCCAGTACACGGTATTCAGCGTGGGCGTGCCGTGCACGAGCACGAGGCGCGGCCCGGCGCCGTGCCCCCCGAGCGGCCGGAGATCGAGCGAGAACGGCAGCGCCGCGAGTGCGCGCTTGGTCTCCTCGCGGGTCGTGCGCAGCGTGTACTCGTAGGAGACGTGCGCGAGCTCCTCCTGGCGCGGCGTATCGGCGCGGCAGCCGCAATGCTTGTAGCCCGTCGCCACGGTGGAGTCGTAGTTGCCGGCGACCCCGGCGATTCTCCGCTCCGCCAAGCGCTGCATGACCTCGTTGGGAAACGTCGAGTAGCCGACGAGATCGCCGGCGTGCACGATCGCGTCCACGTCGCCCCGGGCATCGATGGCGGCGAGCACGGCGTCGAGCGCCGGGAGATTCGCGTGGATATCGGAGATCAGCGCGTAGCGCACGGCGTCATCCCTGCGGTGCGAAGTTGAAGAAGCGGCGACCCGCCCACAGCGAGACGTACACGAGCGCGACCAGCGCCGGCACCTCGATGAGCGGTCCGACGACGGCGGCCAGGGCCTCGCCGGAGCCGATGCCGAAGGTCGCCACGGCGACGGCGATCGCCAGCTCGAAGTTGTTGCCGGCCGCCGTGAACGACAGCGACGCCGTGGCCGGATAGTCGAACCCGAGCTTCGCGGAGATCGTGAAGGCCAGGCCGAACATCACGAGGAAGTAGACGAGCAAGGGCAGCGCGATGCGCAGCACGTCCATCGGCAGTTCGAGGATGCGGTCGCCCTGCATCGCGAACATCAGCACGATCGTGTACAGCAGGCCGATCAGCGCCGTCGGCCCGATGCGCGGGATGAAGCGCTCGTCGTACCATTGGCCGCCGCGGCGCGCCACGAGGATGCGGCGCGTGAGGTAGCCGGCGAGCAGCGGAATCCCGAGGAAGATGCCCACGCTCTTGGCGATCTCGAGCATGGAGATGTCCACCACCGCCGTCTCGCCGCCGAACCACTCCGGCGCGACGCCGAGGAAGAACCAGCCCAGCACGCTGTACGTGACGATCTGGAACACGGAGTTCAGCGCGACGAGCACCGCCGCGAGCTCACCGGAGCCGCAGGCCAGTTGATTCCAGATGAGCACCATCGCGATGCATCGCGCCAGCCCGATGAGGATCAAGCCGTTGCGGTACTCCGGCAGGTCCGGCAGGAAGATCCAGGCCAACGCGAACATCACAATCGGCCCGAGGACCCAATTGAACACCAGCGAGGTGCCGAGGAGCCTGGTGTCGCGTGCGTGCGCGCCGATGCTCTCATAGCGCACCTTGGCGAGCACGGGGTACATCATCCACAACAGGCCGATCGCGATGGGCACGGACACACCGGCGACCTGCACCCGGTCAAGCGCCGCCCCGAGGCCCGGGAATGCGCGGCCGAGCCCAATGCCCAGCAGCATCGCCGCGACGATCCACGCGGGCAGGAGGCGATCCAGCGTCGAGAGGCGGCTCAGCACTCCCGCACCATCACCACCGCGCTGGCCGGGCAGGCACTCGTGAACTCCACCGAGGACTGCACCTCCGCCGGCACGGTCGCGCGGGTCGTCTGCCGGAAGCCGAACGACGGGAAGTACTGCTCAGCGGTCGTCGTGAGCAGGTAGAGGGCGCGGGCGCCGCGCGACTCGGCGTCGGCGATCACGCGCGTCACGAGCGCGCGCCCGAGACCCTTCCCCTTCCAGGCGTCCGACACCGCGACGGAGCGCAGGAGCGCGTACTGCCCGACGCCGCAGCGCTCCGTGCCCGCGACCCCGACGAGCGCGCCGTCATGCTCCGCGACCACGAAGCACGGCAAGGCCTCGCGCACGCCGTCGAGCGGCAGCTTGTTGGCGGTCAGCAAGGCTTCCACGCGCGGCAGGTCATCTGGGGAAGCGGGTCTGAGGATCGGTGCGGTCGTCGTCATGGTCGGTCTCGGCAATGTCGTGGCGGCAGTCATCTGAGCACTAGGCGGCTGGCTTCGTGGCGCGAACGAAGCCGCTGAGGAACTTCCCTTCCATTTCCCGCGCGAACCGGGTGGCGTCGAG
NZ_CP130612.1_gap68	2184144	2186097	1953	TGACGGTGCCCATGAACTCCTCGGGCACGTCGATGGCGAGCTCTTCGTACGGTTCCAGCCGCTCCCCGTTCTCGCCGAGGTGCGTGATGACGCGCGGCCGCGACACCTGGAACTCGTACCCCTCGCGACGCATGGTCTCCATGAGGATGGAGAGGTGCAGTTCGCCGCGGCCGGACACGGTCCACGTATCCGTCGAGTCCGTCTCTTCCACGCGCAGCGCCACATTGCGCTCGAGTTCCTTCTCGAGACGCTCCTTGATCTGGCGCGAGGTCACGAACTTGCCGTCCTGACCGGCGAACGGCGAGTTGTTCACGAGGAAGTCCACCGAGATGGTCGGCTCCTCGACGGCGATGCCCTCGAGGCGCTCCTGATGCTCGGGATCCGTGAGGGTCAGGCCGATCTCCACGTGCTCGAAGCCGGCCAGCGCGACGATCTCTCCCGCCGTCGCCGTCTCGACTTCCACGCGCTCGAGGCCTTCGTAGCCGAACAGCTTCGTGACACGGCCGAGGGCGCCCTTGGCGGCGTGGTCGACGGGCAAGAGCGCGACGGTGTCACCGACCTTCACGGTGCCGCGGTCGATGCGGCCGATCGCGAGGCGTCCGAGGTAGTTCGAGTGGTCGATCGTGGACACCAGCATCTGGAACGGCGCAGCCGCATCGCTCGGCGGCGGCGGCACGTGCTGGACGATGGTATCGAACAGCGGCTTGAGGTCCGTCGGCGGGACGTCCATCGACATCGTCGAGACGCCGTCGCGGCCGGAGGCGTAGACCACCGGCGCATCGAGCTGCGCCTCGTTGGCCTCGAGCTCGATCAGCAGGTCGAGCACTTCCTCGTGCACGCGCATCGGATCGGCGCCGGGGCGGTCGATCTTGTTGATGCAGATGATGACCGTGCGGCCGAGGGCCAGCGCCTTGCGCAGCACGAAGCGCGTCTGCGGCATCGGGCCGTCGAAGGCGTCGACGACCAGGAGCACGCCGTCGACCATGCGGAGGATGCGCTCGACCTCGCCGCCGAAGTCGGCGTGCCCGGGCGTGTCGACGATGTTGAGCTTGACGTCACCCCAGTGCACCGAGGTGTTCTTGGCGAGGATCGTGATGCCGCGCTCGCGCTCGAGCGGGTTGGAGTCCATCACGCGTTCGGCGACGACCTGATTGGCGCGGAAGGCCCCGGCTTGCCGGAGCATCTGGTCCACGAGGGTCGTCTTCCCGTGGTCCACGTGCGCGATGATGGCGATGTTGCGGATTTCCATAGCCTTTAAAGATAACAGAGGAGCGAAGAGCGAGGGGGAGGGGCGAAGGATGAGGGAAAGGGGTGAAGGGTGAGGGGGAGAGCCGCCTTCGCCCTGACCCTTCACCCCTTCCCCTCGCCCCTCAGGTCTTCGCCCTCGCTCTTCGCTCCTTCCCTTCGGCTACTTCTTCGCGCCCGGCTTGGCTGCCGGCCCGCCCATCGCCGGCTTGGCACCGCCCGGTTCGTCCGCTTCCACGAAGCTCACGTCGAAGCCCTTGGCCTTCAGCGAGTTCACGAAGGAGCCCTTGTCCACCGACTTCATGTAGGCCTCCTTCGGTTCGACCAGCTTCTTCTCGACCAGTTCCAGCAGCGTGTCGTTCATCGTGATCATGCCGAGGCGCTTGCTGGTCTGCATGATGGACGGAATCTGGAACGTCTTCCCCTCACGGATGAGGTTCGAGATCGCCGGGGTGACGAGCAGGATCTCGCGCGCGGCCACGCGGCCCCCGCCGATCTTCTTGCAGAGCACCTGCGAGATCACGCCCTTGAGCGACTCGGACAGCATGGTCCGGACCTGCTCCTGGCGGTCGGCCGGGAACTGGTCGATGAGGCGGTCGATCGTGCTGGCCGCCGTGGTCGTATGCAGCGTGCCGAACACCAAGTGGCCCGTCTCGGCCGTCTCGATCGCGATGCTCACCGTCTCCAGGTCGCGGAGCTCGCCGACGA
NZ_CP130612.1_gap69	2286648	2290225	3577	TCGAGGTCCGAGTAGCGCGTGATGCGGAAGGTCCAGGCGCCGAGGATCTCCATCCCGGGGAACAGCGTGTCGAGCCGCGCCGCGATCAACCGCTCCAGCGCCACGAAACTGTTGGGCCGGCCGGTCGGCACCCAGCGCGGCAGCGACTTCGGCACCTTCACGCGGGCGAAGCGGATGTCGCCCTTCTCCGGATCTCGCAACTCCACCGCCAGCGACAGCGACAGGTTGGAGATGTACGGGAACGGATGGCCGGGATCCACCGCCAGCGGCGTCAGCACCGGGAAGACGGTGTCCTCGTAGTACGTGCCGATCGCGGCGCGTTCGTCGTCCTCGAGCGTCCGGGGATCGAGCACCCGCACGCCGACGTCCGCGAGCGCGGGCAGCAGCGTCCCGTGCAAGAGCGAACGGGCCCGCGCGTCGAGCTCGCGGACCCGCAGGTCGATCAGGTCAAGCTGTTCCGCCGGCGTCAGCCCGTCGGACGGCGTCTGGAGCACGCCGGCCGACAGCTGCCGCCGGAGGCCCGCCACGCGCACCATGAAGAACTCGTCGAGGTTCGAGCCGTAGATGGACAGGAACTTCACGCGCTCCAGCAGCGGCGTGCGCTCGTCCTCGGCCTCGTGCAGCACCCGCGCGTTGAACTCGAGCCACGACAGCTCGCGGTTCAGGAACGCCGGGTTCTTCGAGGCCAGCGGGATCATCGGCTCAGCCGCGGAACGCGGCGACGAGCAGGTACGAAATCGCCGCGACCGCCGCCGAGGCGGGGATCGTGATGATCCAGGCCCAGATCATGCGGCTGGCCACGCCCCAGCGCACCGCCGAGAGGCGCTGCGTCGCGCCCACGCCGACGATGGCGCCCGAGATCGTGTGCGTCGTCGACACCGGGATGCCGAGGAACGTCGCAAGGAAGATTGCCGACGCGCCACCCGTCTCGGCGCAGAACCCGCCGATGGGCCGCAGCTTCGTGACGCGCGAGCCCAGCGTGTGCACGATGCGCCAACCGCCCATCAGCGTGCCCATCGCGATGGCGAAGTGCGCGCCGAGCTTGATCCAGAACGGGATCTCGTCGCCCGACGAGATGTAGAAGTGCCGGAGGAAGCCGGTCTCGTCGACGAAGTACATCTGCCCCGCGACGAGCAGCGACACGATGATGCCCATGGTCTTCTGGGCGTCGTTGGCGCCGTGCGACAGCGAGAACAGGGCCGAACTGGTGATCTGCATGCCGCGGAACAGCGGCTCCATCTTGGCCGGCCGCTGGTTGCGGAAGAGCCACATCGTGCCGACCATCAGCGCCCAGCCCGCCGCCATGCCGACCAGCGGCGAGACCACGATGAAGATGATGGTCTTGGTCCACCCCGACGCGATGATCGCCGGGAAGCCCGCCTTGGTGATCGCCGCGCCCGCGTAGCCACCGATGAGCGCGTGCGACGAGCTCGAGGGGATGCCGTACCACCAGGTGATGAGGTTCCAGGTGATCGCGCCGAGCAGGCCGGCGAGGATCACGTCCGGATTCACCACGGCGAGGTCGATCATGCCCTTGCCGATCGTCTTCGCGACCTTGGTGTCGAAGAGGAACAGCGCGAGGAAGTTGAACGTCGCGGCCCACACGACGGCCGTGAACGGGCTGAGCACCCGCGTCCCCACGATGGTGGCGATGGAATTCGCCGAGTCGTGGAAGCCGTTGATGTAGTCGAAGATGAACGCCACCAGGACGATGACGAGGATATACCAGACCACGGCGACGCTCAGGAGTTCTTGAGGGAGATGCTCTCCAGCACGTTCGCGACGTCCTCGCACTCATCCACGGCGTGCTCGAGGTTGTCGTAGATCTCCTTCCACTTGATCACCTCGAGCGGATCCGGCTTGCCGGCGAAGAGATCGGACACGGCCTTGCCGTACAGCGCGTCGGCCTTCTCCTCGAGGACCTTCACCTGGCGGGCCGCCTTGTGCACGGCCTGCGGGTTGCGGATCTCCTTCACGCCCTGCGCGAGCACGGCGCAGGTCTCGACCAGCACGTCCATCATCTCGATGGCCGGGGCGCGGCGCTCGTTGATGTGGAACATCGTGGCGCGACGGGCGGTGCCGTCCATGAGGTCCACGACGTTGTCGAGGCGGTTGGCCAGGAGGTGGATGTCCTCGCGGTCGAGCGGCGTCACGAACGAGCGATCGATGCGCTGCATGATCTCGTAGGTGAGGGCGTCGGCCGCGTGCTCTTCCGCCTTGACCTTGGCCACGAGCTCGTCGAGCCGCTCGGGATGCTGGAAGAGTTCGCGCAGGAAGGCGGCCGAGGAGTTCAGGCGCGCCGAGAGCTGATCGAAGAGGCCGAAAAAGCCTTCGTCCTTCGGCAGGAATCTCACGTGGGGGTCCGCCCTAGGCGGTCGGTGGAGAGTTCTGGGGCGACCGGATGCGTCGGTCGTTAGAGCCCGTCAAAGTTACCCGCCCCCCCGGGGGCACGGCAAACTATTTAGGGGCCTCCGTAACAGAACTGTTACGCGACCCTCAGTGACGGATGTCCAAAAGCCCGCGCTGCAACAACATAGCACGCCTGCGTGCGGTCAGTTCGTCGCGCTCAAACGCGCGCACCAGCAGCGCACCCGCCACGAAGCCACCCACATGGGCCCACACGGCCACGCCGCCACCGGTTTCGGGAAGCGCCGCGAGGTCCGGCAGACCGAGCAGCACCTGCAACCCGAACCACCACAGGAGCACCACCCACGCCGGCAGCGGGATGATCCGGAAGAAGATCACGAAGATGAACAGCATGCGGACGCGCACCCGCGGGAACAGCACCAAGTACGCGCCCATCGCCCCGGAAATGGCGCCTGATGCGCCGACGGTCGGCACCGGTGAGCCGGGCTGCATCCAGACATGCACCGCCGCCGCCGCGAGGCCGCAGAGCAGGTAGAACAGCAGGAACCGCCCCCGCCCCATCACGTCCTCGACGTTGTTCCCGAACACCCAGAGGAACAGCCCGTTGCCCAACAGGTGCGCCCAGCTGCCGTGCAGGAACATGGAGCTCAGCGGCGAGATCCAGTTCAGGGGCTCCGCATCGACGACGCAGAGCAGCGTGCGGGTCAGCGGCACGCTCGTCCCGAGCGGCGCAGCCCCCGTGAGCTCAGCCGGCACCATGCCGAGGTTGCAGACGCTCATCGCGAGGATCTCGACGTCGAAACCCGCGCCCTGCAGGATGACCCACGCGCTGGTAATCCCCGCCAGCAGCAGGATGGTCATCACGGGAATGCGGACCGTCGGATTGTCGTCGCTGAGAGGAATCATCCCCGCGGTCCTGTCACCAGAGGGCTGGTCACGGTATTCGGAGTGTCAAAATGGCACGAATCTTTGGCCCAGAGCTTGCCGTCAACTATCGACGTAACTACGTCCGCGGCCGAAAGCTGGCGGGCGTCCGACTCCGAAAAGATACCTTCCCGAGGAACGAATGGCAGACAAGGTGATTGGCATCGACCTGGGTACGACCAACTCGGTCGTCGCGGTGATGGAGGGGGGAGACCCCGTCGTCATCCCGAACGCCGAGGGCGGCCGGACGACCCCGTCGGTGGTGGGCTTCAGCAAGGACGGCGAG
NZ_CP130612.1_gap70	2489797	2491533	1736	CGGGCGCACATCGGTGCGATGGCGCTTCAGCGCGAACCAGGCCCAGGCAATGAGCGCGAGTGCGAGACCCACGAAGATCATCCCGAGCCCGCCCCAGCGGTCGGGGCGGGCTGGCATCGGCTTGATCCAATCCACGACCAGGCCGATGAGCATCGCCCACACGAAAATGAACGGCGGCTTGATCGGCAGATCCGGATGATCCGGCGGCAACTCGATCAGCGAGGGCGTCGCGGGCTCAGACATCAGACCAGCTGCTGCGCCACGACCTCGGCGATGTCGTACACCGGCACCTCGGCGCCCTGCGCCTTCACGCCGTCCGCCATCATCGTCATGCAGAAGGGGCAGGCCACGGCCACCGCATCGGCCTTCGTCGCCAGTGCCTCTTCCGCGCGCTCCACGTTGATGCGCTTGCCGACCTTCTCTTCCATCCACATGCGCCCGCCACCGGCGCCGCAGCAGAGGCCCTTGTCCTTGCTCCGCGGCATCTCGACGAGGTTCACGACCGGCAGCGCGCGCCTCAAGGTCTCGCGCGGGGCGTCGTACACGTCGTTGTAACGGCCGAGGTAGCAGGAATCGTGGTAGGTGAAGGTGCGCACGGGACCGTGCAGCTCCTCGCGGATCGGCACGCGGCCTTCGGCCATGAGATGCTCGATGTACGTGGAGTGATGGATCACCTCGTACTCGCCACCGAACTGCGGATACTCATTGCCGAGCTGGTGGAAGCAGTGCGGACAGGCCGTGACGACCGTCTTCACGCCGTACTTGCCCAGCGTTTCGACGTTGTCCTTGGCAAGCATCTGGTAGAGATACTCGTTGCCCATGCGGCGGGCCGGATCGCCGTTGCACTTCTCCTCTTGCCCGAGGATCGCAAACTTGACGCCCGACGCCTTGAGGATCTGCGCGAAGGCGACGGTGGTCTTCTTCGCGCGATCGTCGAAGCTGCCCATGCAGCCGACCCAGTACAGCACTTCCGGCGATTCCCCACGCTCGGCCATCTCGGCCATCGTCGGGATCTCCATGCCCTCCGCCCACTTGCCGCGATCGCCCGGATCGAAGGCCCAGGGGGAGCCGCTGGTCTCCAACGACTCGAAGGCCGGCATCATCTCCTCGGGGAAGCGCGACTCGGCGAGCACGAGGTTGCGGCGCAACTCGTTGATGACGCTGAGCTGGTCGATGGAAACCGGGCATTCGTAGACGCAGGCGCGGCAGGAGGTGCAGGCCCAGAGTTCTTCGTCGGTGATGTAGCCGCCGAGCAGCGGCTTCTCGAGCAGCGCGGCGGGGGCATCGGCGCGGAGCGTCGCGAAACCACCGTCGGCACCGGGCTCCATCCACGGCATCTTGGCTTCGAGCCGCTCGCGCACGTTGATCATGATCTTGCGCGGGCTGAGCAGCTTGCCCGTGGTGTTGGCGGGGCACACGCTCGTGCAGCGACCGCACTCCGTGCACGCGAAGCCATCGAGCAGCGACTTCCAGCTCAGGTGCTCGACGTCGGACGCCCCGAACTGCTCGGCATCGCGGCCCTCGAAGTCCAGGGCGCGCATCGTGCCGACGGTGCCTGGGCCGCTGGTGTTCGACAGGAACGTATTCGGCAGCGAGACGACGACGTGCAGGTGCTTGGAGTACGGCAGGTAGTTCAGGAAGCCGAGCACGAGCAGCGCGTGCGACCACCAGAACACCGAGTGGGCCAGCGACGGGCTCGGCGCGAAGTCTGCGCCGAACATCGTGATCATCAGCGC
NZ_CP130612.1_gap71	2511374	2516140	4766	CGGCGGACCGCGCAGCCGCATCACCGCGGGCGATGGCGGCCACAGCGTGACGTTCGCGCCCGACGGACAGCGCTATGTGTCCGTGTACTCCGAGGCCAACACGCCGCCCGAGCTCTACCTGGGTCGCGTCGGCCAAGCGGCGACGACACGCCTCACGACGTCGACCACCGAAGAGTTCCGCCGCCATGCGTGGATCAAGCCGGCCATCGTGATGATCCCCGGTGAGGATGGCACGCCCGTCCCGGCGCGCATCTACCGCCCGCAGGATGTCGGCGCGCAGCCGAACGGCGCCGGCGTCATCTTCGTGCACGGCGCGGGCTACCTGCACAACGTCCACAATTGGTGGAGCACGTACTCGCGCGAGTACATGTTCCACCACCTGCTCGCCGCGAAGGGTTACACGGTGCTCGACATCGACTACCGGGGCTCGGCGGGCTACGGTCGCGACTGGCGTACGGCGATCTACCGGCACATGGGCGGCTGGGACCTCAACGACCACGTGAGCGGCTCGATGTACCTCAGCGCCAACTTCGGCATCAACCCCGAGCGCATCGGCATCTACGGCGGCTCCTACGGCGGCTTCATCACGCTGATGGCTCTGTTCAACAAGGCCGAGTACTTCGGCGCCGGCGCCGCGCTGCGCTCCGTCACCGACTGGGCGCACTACAACCACGGCTACACCGGACGCATCCTGAACCTGCCGCAGGACGATACGCTCTCGTACCGTCGGTCGTCGCCGATCTTCTTCGCCGAGGGCCTGAACGATCCGCTGCTCATCGCCCACGGCATGATCGACACGAACGTGCAGTTCCAGGACGTCGTGCAACTCGCCCAGCGGCTTATCGAGCTCGGCAAGGAAGGCTGGGAGATGGCCGTGTATCCGGTCGAAGACCACGGATTCGTCCGGCCCAGCTCGTGGACGGACGAGTACCGCCGCATCCTCGAACTCTTCGACCGCACGATCGGCCCCAACGGGAGCAAGGCGCGGCCGTGATCGCACGCCTCGCGGCCATCCTGCGGCGCATCATCGGGGCGCCGGACTACGCGGCCTACGTCGCGCATGTCCGCGCGCACCATCCGGAGCGCGAACCGCTCGGCGAGCGCGAGTTCCTCGCCGAGCGGCTGAACGCCCGCTACGAGAAGCCCGGCGCGCGCTGCTGCTAGGCGCGTTGCCGGGGCACCACGACGGCGAAGAGCAGGCTCGAGAGCGCAGCGATGCCGGCGGCCATCACGAACGCCGACTCGGCACCGTACGCATCCCAGACGATGCCGAAGATGATGCTGGCCGGCAGCGCGGCGATGCCCACGGCTGCATTGAACCATCCGAATGCCGCACCGCGCCGCGCAGGGGGCGCGAGATCCGCCACCAGCGCCTTCTCCGTGCCTTCGCTCAAGCCGAAGTACAGACCGTACACCACGAACAGCGCCCAGGCGTGCCACTGCACCGAGGCGACCGCGAAGCCGAGGTACACGAACGCGTAGATGCCCCAGCCGCTCAGGATGAGCGGACGTCGGCCGAATCGGTCGGACAGGGCGCCGCCGACGAACGAGCTCGAGGACTTCACCACGTGCAGCGCCGCCCAGAGAATGGGGATCATCGCCTGCGGCACGCCGAGCTGCGAGGCACGAAGCAGCAAGAAAGCATCCGTGGAGAGGCTCAGCGTGAACAGGAAGATCACGGCCAGCATCTTCCAGAACGCGGCGCCCAGCGGTTCGTCGCTTTCGCGGTGCAAGGCCGGCACCGGCGGGCCATTCACGTCCGTCCCTTGTTTCACGCTCGCGGCCGCCACCACGCGCGGCGTCGTCAGGCTTCGCGGCGCCTCTCGCACGAAGAGCACGAGGAATAGCACCGACAGCAATCCGGGCACCGCCGTCCAGAAGAAGAGCGTGCGCAAGTCCGCCCACTGGTACGTTAGCGCCGCCCACGCGATCAACGGGCCGAACACCGCGCCGAGGTTGTCCGACCCGCGGTGCACCCCGTAGGCGTATCCGCGCTGCCCGACCGCCACCGAGTCCGCGATCAGCGCATCCCGCGGCGCCGTGCGGATGCCCTTGCCGAACCGATCGCTCATGCGAATCGCCAAGACTTGGCCCGCGCCTTGGGCGAAGCCGATGAGCGGACGGGAGAGTGCCGCGATCGTGTAGCCGATGACCACCAGCGGCTTCCGCCGCCGCGTCCGGTCACTCCACCATCCCGCCGGGAGCCGCAGCAACGACGACACGCTCTCGGCGAACCCTTCGATCACGCCAAGTCCTGCGGCGCTGACGCCCAGCGTCGTCGTGAGGAACACCGGCAGCAGCGGATACACTAACTCGCTGGCTACATCGGTGAGGAAGCTCACCGCAGCCAGGATCTTGACGTTGCGGGGGAGCTTCACGTCAGCCATCGGACGCCCGCCGACGGCTGCAGCCGCAACCATTCGCTCTTCGCCGCGCGCGCCGGATGGCTGCTCGCGTACAGCGCGCGCCAGCGGTCCCGCACCGCATCGGCGTCGGCGGCGTCGCAGATGGCCCACACTGCCCCGCCGAATCCTGCGCCGAAGGCGGACGCCGCATGCGCGCCGGCGCTGAGCGCGGCCCGCGCGAGGAACATGGTCTCGGAAATCTGATTGCGGAGCGCCAGCTCCGCCCCCTGCTGTGACTCCACGGCCCAGCGCCGCAACGCGCTCGCATCGCCGTTCCGCATGGCCGCGAGCGCTCCGGGCACGACGACGTCCACCTCGCGCTGGAACTGCGTGAGTCTCACCGAAAGCAGCGGCGCATCGCTCGAGGCCTGCACGAGGCGATCCAGCCGCGCCCGCGCATCGGGGGCTGACGACAGCGCGGCGGCCAGCGACCGGTCGTGGCGGCGCTCTACGGCATTCCAGCGTGTCAGGAGGCCATGCACGAGATCCGCCGCGCGGTTGTAGTCCGCCTGCGCCGCACCCGTCTTGGTCGCGCGCACCCCGCTGGTCGCGACGAGCAACGCCCAGTGCCTGGGGAACGCCGCGTCGCCCACGGCCCGCGCCGGCAGGTAGCCGTACACGCCGACGCGGCCGTCCGCGTTGCAGAGGATCGCCACGTGGTCCTGCGCGCCGCCTCGCGTGCCGACGCCGCGTTCACCGCTCCACGGACCGAACGCCCCGCCGGTCTCCACCGCACCGCAATACTCCGCCAGCGCCAGCGGCTCGCCGAGATACCGCGTCCAGTCCGGTCGCGAGGTGAGCTCGTTCGCCTCGGCCACGGCGAGCGTCAGCATCGTCACGAAGGCGGACGAGCTCGAAAGCCCCGCCGAGCGCGGTAGCGTGCTCTCGGAGACCACGCGCACGCCGTGCCGCAGCGGCCCGAAGTCCCGCGCCAGCCGTCGGGCGACGGCGGCGATGTACGTGCCGCCGTGCGCGCCGCCGGGGCGGGCGTCGCGGCGCAGCGGCACGCGCGCGCGACGGCCCGTACGCCGGTCCTCGAGGTCGATCACCGCCACGTCGATCCGCTCGACGTCGGCGGTGATGCCTTCCTCGATGGCACAGGTCATCGAGATCCCGCCGCCGTAGTCCACGTGCTTGCCGAAGAGCTCGATGCGGCCCGGCACGAAGAGCTGCCGATTCACGGCTTCGGCACGCGGCCGGCCAACCGCGCCTCAAGCGTCGCGATGTCCCGACGATGCGTGAGGTCGAACACCGCCTCGGCGCGGCGATGCACGGCGAAGCGCTCGCCGCGCCGCATCGCCTCGCGCACGGCGTCGGCCAGCTCCAGCTCACCGCGCGGCGACGGTGATATCGCCGTGCAGGCGTCGAAGATCGTGTCGCGGAAACGCCAGAGGTTCATCGAGACCCAGCGTGGCGTGGCCTTGAGCAGCGGGTGACCCTGCTCGGGCTTCTCGACGATGTCACGTAGCATGTCGTCGTCGCCGATGTCGAGGAGCGCGAATCGCGACACGCGCTCCGCCTCGATGCCGCTGTCACGCACGAGAGCGTCCGCGTCGTACGCGATCACTCCGGGGCCGCGCGCGTCCACCAACGCCTCGATCGCTGGCGCTGCATACAGGTTGTCCGCGTTGCACATGAGGAAGTGCCGACGGCCGCCGGTATCCGAGGGCGCACCAAGCGCGGCGCAGACGGCCTCACGCGCCGAGAGCAGGGCCTGTGCGGTGCCGCGCGGCTCCTCTTGCACCGCGAAGCGCACCCGGAGGCGCGCTGGCGGGTGTTCGACATCGTACCGCGTGCGCAGCGGGGAGTCTCCCGGCGGGACCACGAGCACGACATCGCGCACGCCGCCCTCTGCCAGCTCGTGCAGCACGAAGTCGAGGAGCGGGCGACCGGCCAATGGCACGAGCCCCTTGGTGCCAGCCGAGGCCGCGGCGGCCTGCCCGGCATCGAGCGCGGTGCCGTCATCGGCACGCAGGCGCGTGCCGAGCCCACGGGCCAGGATGACGGCGAGTGTGGCACGCATCAGGCGGTCGCTCGGAATCCCTGCACGATGCGCCACGCGCCTGCGCCGCTCACCACGAACACCACTGCCCAGACCATCGCCAACGCGGAGTTCGCCATCAGCCATGCACCCACGCCAAACAACGCCGCGTACACGAAGAGCACGCCGCACACCCAGCCCAAGAGCGCCTGCGCGAACGAGTCGGGCGAGGCGGTGAGTCCCGCGGCCGCGCGCACCTGCGTCCAGCCAGGACCCGCAGGGCGCACCAGCTGATAGAAGCGCTGCAGCACCGCCGCGTCCGTGCGCGGCCCGAGGAACGCGGCCAACAGCCAGATGACGGTCGTCGCGCCCACCGTCAC
NZ_CP130612.1_gap72	2518705	2520868	2163	CCGCGCAATCCCGTGCCGACGATCGCGAAGCGCACCGTATCGCGGCGCTCGAACGGTACGCCCTTCATCGTCGAGGCGCCGGCGGGCCGCGGGGGCGCCGCCTGCGGGGCGCGGATCGCGTCGATCGACTCGGCGATGCCCGGGAGCGGGGTGAGGGCGGAAGCAGCGGCCAGTCCTGCGCCTGCCGCCAGCGCCTGCTTGAGCAGGTCGCGGCGATCCATCGCGTCGGTCACGTGCGCTCCGGGGGCTTACTGTGGATTGCTGACCCCGTGAATCTGCGTCGCCCGGCGTCGCAACGGAACCCAACCGCACTCACCACGAAGCCACGAGCGGAGCCGCGACAGTCCGCCGCTAGCGCCGCACCTCGGCGTCGTCGCCCAGCGTCACAGCGCCGGCCACCCCCTCAAGCATGACGCGATCGCCGAGCATGGAGTCATGCAACGAGCAGCCGTCCAGCGTGCCCTTGTCACCGACAATGGTATCCCGCAGGGTGCAGCCCTTCACCGACGTCCCCGCCCCGATCACTACGTTCGGCCCCACGGTCGACCCCTCCACCACCGCGCCTGCCTCGATGCGCACCGGCTCGATGATCTTCGAGTCCGTCACGGTGCCCATCTGCGCCGCACGGCCCTTCTCGAGCATCGTGCGGTTGGTCTCCAGCAGCGTGTCGAGCTTGCCCGCGTCGTACCAGCCGGCGACGTCGATCACGCGGATCTTCGCGCCCTTGTCGATCATGTACTGGAACGCATCGGTGAGATAGTACTCGCCCTTGTTCGCCGGCTGCTTGAGCACGTGGGCGATGCCCTCGTAGAGCAGCTTCCAGTTCTTGACATAGTAGAGCCCGATGTTCGCCCGCTTGCTGATCGGCGTGCTCGGCTTCTCGACGATCTTCGTCATGTGGCCGTTGGCATCGGTGACCACTACGCCGAAGCGCTGGTAGTCCTCGACTTCCTTCGTCCAGATGATGCCGTCGTCGTCACTCGACTCCACCACCGAGAGGTCGGCGTCGAAGATCGTGTCGACGAAGATGATCAGCACCGGCTGGTCCACGTACGGCCGCGCGAGGTCGACGGCGCCCGCCGTGCCGTCCTGCACCTTCTGCTCGACGTACACGCCGGGAATGGCGTACGCCGATTTCGCGTGCGCCTCGACCTTCTCCTTGAGGTGCCCCGTGATGTAGACGACCTGCTCGACGCCCTTGAGCTTGGCGACGTCGTCCATCACGTAGTCCATGACGGGCTTGCCGGCCACCTTGAGCATCGGCTTCGGCACGGTGTGCGTGTGCGGCCTGAGGCGCGTGCCCTTGCCGGCCAACGGAATGATCACCTTCATGGCGTGCTGGTCCCCTCGCGTCCGTAGCGGTCAGTGAGCCGCACCACGTCGTCGAGGTGCGGCGTGGAAGCCTCGAGCACGTCACAGTCCGTGACGGCCTCCATCTGGTGGATCTGCCCCGGCGTGTTGCGGAAGCTCTCGCCGGCCTTCAGCGGAAACTCCTCCAGCCCGTTGCCGCGGTCGATCCGATAGATCATCTCGCCGCGCAGCAGGTGCAGGGTCTCGTCCTTCAGGTTGTGGTACTGCACGGACAGCGCATGCCCCGCCTTCACGTGCAGCAGCTTGCCGACGTATTGCTCGGTATGCGCCCAAATCACTTCGTGGCCCCAGGGCTTGGGCACGATGCGCACGTGGTGTGGTCCGGATCCGGGCTTCATCAGAGCATCTCCAGAGGCCGCGCCACCAAGCTCGTCGGCGTCGTCACGCACGCGTTCAGGCATTGGCCACAGCCAGTACAGGCCGCGCCGATCACCGGGCGACCACGGTCATCCATCTTCAGCGCGTCCTCCCCCACTGGGCAGACCCGCGCGCAGATCCCGCACTCCACGTCGCGATACGTGATGCACCGCGACACCTCGATCTCGACCTGCGCCATCTTCGCATCGCGCCAGCCCCAAGCCGGCACGTCCAGCGCCGGCGTCGGGCAGGCCGCCGCGCAGGGCATCGTCTCGCACATGATGCACGCCGTCACCGCCACGTCGAGCGTCGGCGTACCGGCCGCCAAGCCCGCCGACGGCGGCAGCTTCGTGATGGCATGCACCGGGCATACATCGGCGCAGGCCCCGCAGCGCGTACACGCCGCAAGGAACGCCGCCTCCGGCAACGCGCCCG
NZ_CP130612.1_gap73	2523261	2524119	858	GGTTCAGCGTGAGGATGAAGAAGAAGACCGTCAGCAGGTAGGGCACGAAGCCCTCGCCGTGATGGCCCACGTTCGGCAGGATGACCTCGTTGCGGATGTAGAGGATCATCGCCTCGAAGCCGTTCGCCGCGCCCTTCGGCGCGGTGCCCTGCGCCGCCGTCTTCGCGTGCGAGCGCGCGACCAGCGTCATCACGGTCACGAGCAGCGTGGCGCCGATCAGCAGGAAGTACACGTGCTTGGTCGGCGAGAGGTCGATCATCACGCCGCCGACGTGGAACTGCAGCGCCTCATACTTCGGGAGATGGATCTCCTTGAAGAAGGGCGGCAGGATCCACGGGATCTCCATGTGGTCGCCGTCGGTGATGTGCGGCGTGATGATGTCCACCTTCTCCGCGGCCTGCGGCTCCTCGGCGCGCAGCGGCGCAGCGAAGAGGACGAGAGCGGCCATCACCGTCAGTATGCGTGCGATCTTCATTGCTTCAGGAAGAGAGGCTCAACCAGCATCGTGACGAACAGAAATCCCACCAGACTCATCAATGCGGGACCGGCGGCGAGGCCCAAGGCCTTCGTGCCGACCACCGCGTAGAGCACCAGCACCAGCATCCGCAGCAGCGACCCCAACCCCCACCCGGCGATCGGGTTGGTCGCCACGAACGGCTTCGCGATCACGAACGAGAGCAGCTGCACCCCCAACGCAATCACCGCCGACGTCCAGACCGCCCGGGCGATCTCGGGCTCCGGCCGCAGCGCGGTGATGCCCCAGGCACCCCCGAGCGTCAGCAGCGCCGCGATGGCGAAGAAGGCCAGCGCCTTCTTCACTGCCCCGCCCCGCCCGTCCGCTTGGCCTCGGCGCGCTCC
NZ_CP130612.1_gap74	2705591	2707574	1983	GTACGGACAGCGTTCCACGCCCGCTCCGGAGCACCCGTGATGCGTCCACGCCCCTTGCCGAATCGCCTGGCGACGGCACTCGCACTCACCGCCATCGCCACGCTCGTGCTGGCGCCGAGCGAACTGCTCGCGCACGGCGTGACGGCCGGCGACAAAGGCTACTTGCAGCAGGTGACCGGCGTGCTGCTCGCGCCCTTCGCCTACCTCGGCGCCAAGCATATGGTCACCGGCTACGACCACCTGCTGTTCCTCGCCGGCGTGATCTTCTTCGTGTATCGCCTGCGCGACGTCGCGCTCTACGTGACCCTGTTCGCCATCGGCCACACCGTGACGCTGATGGGCGGCGTTCTGCTCGATGTGCGGGTCAACGCCTATCTCGTGGATGCGGTGATCGGCCTGTCGATCGTCTACAAGGCGCTCGACAACCTCGGCGCATACCGCGTGTGGTTCGGCTGGCAGCCGGACGCCCGCGCCGCGACGCTGCTGTTCGGACTCATCCACGGCCTCGGCCTCGCCACGAAGATGCTCGACTACGACGTGGGCCACGACGGCCTGCTCGCGAACCTCATCGCCTTCAACCTCGGCGTCGAGCTGGGCCAGCTGCTGGGCCTCTCCGCCATCCTCATCGCGATGGGCTACTGGCGCCGCAGCGCCAGCTTCGCACGGCACAGCTTCGCCGCGAACGCCACGATGATGTCGCTCGGATTCCTGCTCGCGGGCTACCAGCTCGCCGGTTTCTTCCTCTCTCCCGCCTCGTGACCACGATGAACACCTCGATGCAGCCTTCGCAGCAGGACCTTCCCAGCCCGCAGCGCTTGCGGCGGGCGACGCTCACCGCCCTCGGCGTGGCGGCGTTGCTGCTCGTCACCGTCGTGATGCCGGCGGAGTACGGCGTGGACGTGACCGGCGTCGGCCGCGTGCTCGGCCTCACCGAGATGGGCGAGATCAAGCAGCAGCTCGCACGGGAGGCCGCCGCGGCGGAGGCCGCCGAGCGTGCGGCCGCCGCCAGCGGGAGCGAGGCCGCGCCGAGCGACGCGACGCCCGCGGCTGAAGCAACGCCAGCCGCGCCGACCGCCACGGCGGCGTCCCGCACGGATACGGTGCTCGTCGCCCTCGCGCCGAATGCCGGGAAGGAAGTGAAGCTCGTGATGCCGAAGGGTATGTCCGCGACCTATGCCTGGACCAGCACCGGCGGCGCCGTGAACTACGATATGCACGGCGACTCGACCGGCGTGCCGAACAGCTACATCCCGTACGGCAAGGGCACGCGCGTCGAGGCCGACAGCGGCGTGCTCACGGCCGCGATGGACGGCGGCCACGGCTGGTTCTGGAGGAACCGCTCCGGGCGCGACGTGGTGGTGCGATTGATCGTCTCGGGCAATTACTCCGAACTGAAGCGATTCTTCTAGCCGACGACACCTCAGGGAGGCTGACAATGCGAAGCATCCGACATACCGCCGTGGCGACCCTCGCGCTCCTGTCGACGGCCACCATCACCCCCGCCGCCGCACGAGGCCAAGGTCCGGCGCCCGTGGACCGCGCAGGCATCGAACGGGCACTGGGCCGCCCGAGCGCGGTGCTGCCCGGCGGTGTCGTGCGCATCGGGATGCCGCGCAGCGACCTCCGCGTCCGTGTCGGCGGCACGCCGATCCGCGCAAACTTCGCGCTCGGCTCGTGGGTCGCGTTCCTACCGACCCCCCACGGGACGATGGCGATGGGCGACCTCGTCGTGCTCGAATCGGAGCTCGCCGACGTCCTGCTCGAGCTGCAGCGGGCCGGCATCGAGCAGTCCGCGATTCACCACCATCTCGCCGGTGAGTCGCCGAGTGTGCTGTACGTCCATCTCCACGCGCACGGCGATGCGCTCAAGATCGCCGAGGGCGTGCGCGCCGCCGTGGCGAAGACCGGCACGCCGGCGCCGGGGCGGGAACCGGCGACCGTACCGCTGCCGGCCACGCTCGACAGCGCCGCACTCGCCGCCGC
NZ_CP130612.1_gap75	2725264	2729906	4642	AGCTCGCGTTCAATTTCTGCGTCCGAAATCCCCATCACGGCAAGCTCAAGGGCCTGCCCGACTGGGTGCACCGCTCGATGGAGAAGCACAAGGACGATCCGCGCGAGGCCATCTACTCCCTGGAGCAGCTGGAACGGGCCGAAACGCACGACGAGCTGTGGAACGCCGCCCAGCGCGAGATCGTAAGCACGGGCTACATGCACAACGTGACGCGCATGCTTTGGGGCAAGTCGGTGCTGCTCTGGACGGCGCGCTACAAGCATGCGCTCGAGCATCTGATCCTGCTCAACAACAAGTACGGCCTCGACGGACGCGACCCCTCGAGCTACGGCGGCATCCAGTGGTGCTTCGGCAAGTTCGACCGGCCGTGGTTCGACAAGCCCGTCTTCGGCGTGATCCGACCGATGTCCCTGGCCCGGGCGCGGGAGAAGTTCGACGCCGAGGCGTATATCCGGATGTTTCCGCGGTAACTGCATTCACCACGAAGGCACGAAGACACGAAGGCCTCAAATGCGCGTCTCGGCGTGGGTCAGTCGCGGCCGCATGCTGTGGCAGTGCTCACGACACGCGCGCCGGCCGATTTCCTTCTTGACTTCGTGCCTTCGTGGTGAAAAGCAGTTGTCACTAGCTTTCCGAATGCACGAAAACCTCCTGCCGAGCGCCGAGGAGATCCGCGCCGCGTACGCGCGGATCGCGCCGCATGTGCTGCGGACGCCGCTGGTGCACGACGCCGAGCTCTCGGCACGCGTCGGCGGCACGGTGCTGCTCAAGCTCGAATGCCTGCAGCACGGCGGCTCGTTCAAGCTGCGCGGTGCGCTCAATGCGGTGATGAGCCTCGAGCCCTCCGCGCGGGCCAATGGCATCGTCGCATCATCCGCCGGCAACCACGGCATCGGCGTCGCCATGGCCGCCCAGCGACTCGGCGTGCGGGCCACCGTGTTCGTGCCAAGTACCGCACCAGCAGTAAAGCGCGACAAGATCGCGGCGCTCGGCGCGATCGTCGACGCCTCGCAGCCGAGCTACGATGCCGCCGAGGATGCGGCGAAGGCGTTTGCGGCTCGCACCGGCGCGACCTTCGTGAGCCCCTGCACCGGCCGCAACCTGCTCGCCGGCGCCGGCACCGTCGCGCTGGAGATCTTTGACGAGCGGCCGGAGACCGTCACGCTCGTCGTGTGCGTGGGCGGCGGCGGACTGGTGGGTGGCATGGGTGGCTTCGTGCGCGACGCCGCGCCGCAGGTGCGCGTGCTGGCGGCGCAGTCCATCAAGACCAACGCGATGGCACTGGCGCTCGCCGCCGGCCATGCGGTCGACATTCCCGACGAACCGACGCTCTGCGATGGACTCGCCGGACGCGTGGACGCCGAGATGTACGCGCAGGGCAAGGCGGCCATCGACGAGATCGCCACTGTCGAGGAGTCGGACGTGGCCGCGGCCATGCGATTCCTGCATCGGCAACACGGCCTCGTGGTCGAAGGGTCGGGTGCGGTCGGCGTCGCGGCGCTGCTCCGCGGCGCGCTGAAGCCCTCGGCATTCCCTGTCGCGGTGACCGTCAGCGGCGCGAACATCGAACGTGGGCGCTTCGAAGCGCTGCTCGCGGGCTAACGTGCACGTGAGACGGTGGTCCCGTCTGCTGGCGCTGGCCGCAGCCGCGGCGTGCTCGAACGATACGCCGACCGCGGCGACGCCTGGTCCCGCGTGGCATTTTCCATCCAGCGATGCCAGTTGGGCCACCGTGCGCCCGGTCGAGGCGGGCTTCGACTCCACCGCGTTGGCCGCCGCGCTCGACTGGGCGGGAGAGCAGAACAGCAGTGCGGTCGTCGTGGCCTGGCGCGGTCGCATCGTCGCCGAGCGCTACTGGAACGGCTGGACCAGCCAGACCCGCGGCCCCTACTTCTCGGCCGGAAAGACCATCACGGCCGCGCTGACGCTGGACCTCGTCAGCGACGGCGCGCTGGCTTTGTCAGACGCGGTGTCGACGCACCTCGGCGCCGGCTGGTCGCGCGCCGGGACCGCGGAGGACAGCATCACGGTCCGACACCTCCTCGCGATGGCCTCGGGCACCGACGACTCCTTGCGGCGCATCGTCGCGCCGTCGGCCAACCGGTTCTACTACAACAATCCGGCGTACTATCAGATGTTCGGCGTCGCAGCGGCAGCGGGGAGCGCGACGTTCCCGCAGCTGGTGCAGCAGCGCATCCTCACGCCGATCGGCATGTCGCGCACGCTGTTGATCGCCAACGAGGACACGGGTGAGCCGGGGTTCGTCTTCGTGGGCTCGGCGCGCGACTTCGCACGCTTCGGCATCCTGACGCTCAATCACGGACGCTGGAACGGCGCGCAGCTCGTGGCCGACAGCGCCTTGCTCGCGCGCGCACGGCAGCCATCCGGTACGGACAACCTCTCGTACGGCTGGCTCTGGTGGCTGAACGGCGGCGCGTCACACCGGACGCCGGGCTCGTATCTCCTGCCCACGAATGCCGGCCCGATGTTCCCAGCCGCGCCCGTGGATCTCGCCGCCGCGCTCGGGCTGGATGACAAGAAACTCTACGTCGTCCCCTCGCTCGACCTCGTCGTCGTGCGGCTGGGAGACCGAGCGCCCATCTCCGGCGCCGTGAGCCCGGCGGCCGTATCCAGCTTCGACAACGCGTTCTGGACGCGCCTGATGCTGGCGCGGCCTGGTACCGGCGCAGGGCTGCGCTAGGCTCTGCACGGGGCGTTGTCACCGTCAGGCCTTAGATTTGCCGGGATGCACCTGACGTTCCTCGGCACCTCCGCCTCCCGCCCCACGGTCGAACGCGGCCTCTCGTCCATCGCGCTCGCACGCGACGGCGAGACGCTCATGTTCGACTGCGGCGAAGGCACGCAGCGGCAGATGATGCGCTACGGCGTCGGGTTCACGCTCGAGGACATCTTCTTCACGCACTTCCACACCGATCACTTTCTCGGGGCGCTGGGATTGCTGAAGACGCTGGCGCTGCAGCTGCGCGAGCAGCCCCTGCGCATCTGGGGGCCGAAGGGCGCACAGGCGCTGTTCAAGCGCGCCGAAGGCTTGGGCAACGAGAAGCTCACGTTTCCGCTGACCGTGACCGATCTCGAGCACGGCGCGGTAGTGCGCCGCAAGGACTACGAGATCCGCGCCTTCGACGTGGAGCACCGCAAGGGCGCGGCGCTGGGCTTCGCGCTCGTCGAAGACATCCGCCGCGGGCGCTTCGACCCCGACCATGCCCGCGCGTTGGGCATCCCCGAAGGTCCGCTCTGGGGCCGCATCCACAAGGGCGAGACCATCACGCTCGACGACGGCCGCCGCATCGCGCCCAGCGAGCTCGTGGGGCCGGAGCGCCCGGGGCGCCGCGTCGTCATCACCGGCGACACGCGGCCCTGCGCGGCGACCATCGAGCACGCGGTGGGCGCGGACCTCTTGGTGCACGAGGCCACCTTCGGCGACGAAGAGGCCGCGCGGGCCATGGAAACGATGCACTCGACGGCGCGCGAGGCGGCGACGGTCGCCAAAATGGCCGGCGTGAAGCGCCTGGCGCTCACGCACTTCTCGGCGCGCTATTCGCGCGACCCGAGCGACCTGGGCCGCGAGGCGCGCGAGGTGTTCACGGGTGAGGTCATCCTCGCCAAGGACGGCATGGAACTCGAGGTTCCGTTTCCGGATCAAGCGCCCTGATGTGACGCGAGCGCCGGGTCGCGCCGTCATATAACGGTATTGCGCCCTCGTGTACCCGACGACAGCATACCATGGTCCGTCCCCACGACCGGAGATTCCCGTGACGCGCTCGACTCGGATGCTCGCCGCTCTCGCGGCGCTGATGACCGCTGGCACATCGCTGGACGCCCAAGCGTCCGGGACAGTGGACCTCGCCGGTCTCTTCCGGTACTCGCAGCTCGACGAACGCGCTGCGGCGGAACCGGGAGTCGGGTTCGGCGGACGGCTCGGCATCTTCATGTTCCCGAACGTGGCGCTCGAAGTCACCCACGCGCTCACGACCACTGCGGACACGCCGGAGGCGCGGCAGTCGCCGCTGCACCTGCATCTCGCGCGGCACTTCCGCTTCAATGACGGCGTCGCCTTCATCCTCGGTGCCGGCTGGGTGCGCGATCGCACCAACGGCATCCAGCCCAACGGCTCGCTCGAGGCCGACGGCGTGTCCGCGATCGCCGGCCTGCAGATGAACTTCACGCGGCGCCTCGCGCTGCGCGTGGACGCCGTGTACGACCACTTGCCGGTCGCGCGCTACGATGCCGCCGGCCCCGAGGCCGCAAATCTCCACCTGCAGGCCGGCCTCTCGCTGCGCTTCCCGCCGCCGGACCGGGACCGCGACGGCGTGCTCGATCGTGTCGACCTCTGTGCAGACACCCCGGTTGGCGCGACGGTCAACGCACAGGGCTGCCAGCCCGACGCCGATGGCGACCGCGTGCCCGATGTCGCGGATCGCTGCGCCAACACGCCGGCCGGCACGCCGGTCGACGCCAGCGGCTGCCCGCTCGACAGCGACGGCGACGGCGTCCTCGACACCGCCGACCGCTGCGCGAACTCGCCGGCGGGACAGCCGGTCGATGCGAGCGGCTGCCCGCGCGATTCGGACGGCGACACCGTCATCGACATCGCCGACCGCTGCCCGAACACGCCCGCCGG
NZ_CP130612.1_gap76	2795347	2798477	3130	AACCTGATCTATCCGGGCGTCACGTACGGCTGATGCGGGGCGCGTGACAGCGCGCGTGTTTCGGAGGTACGTTATGCTGCGATGCGCCCCCTCCGACTGCTCGTGGCCGTCTCGGCCCTGACCCTCTCCGCCTGCGCCGACCTCCTTGGCGTCAAGGACATCGTCGAGTTCACGGTCATGGAAGCGCGCGTCGCCTGTACCGGCATCTTCGACCAACCCGAGACCTGCCTCCTGGTGCGCATGCGCGGCGAGGAGAGCGAGCGGTTGTTCTACGATGAGATCGAAGGCTTCGAGTTCAAGCCCGGTGTGCGCCAGTTGATCCGCGTGGAGCGCATCCGCATCCAGAACCCGCCGCAGGACGGCTCGAGCTACCGCTACCGGCTGATCGAGGTTATTGCGCGGATGGTGGCGTCGCCGGTTCCGTAACCGGCGCCCAGCGGCGCCACAGGAACCAACTGACGAGCCACCCGAGTCCGGCGGCGAAGACCACATCGCTGACGAAATGCGCCCGCGCCACGATGCGCGTGATCCCGCAGCCCACCGCCAGCACGATGCCCACCCACTTCGCCCGCGGAAACAGGCGCGCCAGCATGAACGCGCCGCCGAACGCGACCGCCGCATGCGAGCTCGGGAACGCGAGGCCGGCGCCACTCCAGGTCCGCTCGTCCCAGGGCCGGAATCCATAGCCGCCGTCGTTCAACGCCGGACGCTCTCGGCGCACCACGATCTTCAGCAGCTCCGCCAACGCGCCGGCGAGCATCGGACTCCAGAACAGCAACCAGCCGCGGCGCCTGGCGACGACGCGCGCCACGGCACTGCCGTCGTGCTGGAATCCCACGGCGAGCGCGAGGGCCAGCCAAGTCCCGGCGAATCCGATGATGCGCAAGAGCCGACCGAGATCCTTGTCGTAGACCTTCGGCGCATTGAACAACTCGAACACCGTGCGGTCCACGAGCATCGCCACGGCCGTCGCGGCAATCGTGACGGCCAGCGCACGCCACGCAGCGCCCTTCATCGCCAGATCCCCTCGAACGTCGCAAGGATGCGCTCCGTCATCCCCCACACCGTGAAGTCCCCGAGCTGATACGCCTCGACCTTCATCTGCAGGTCGCGCACCCGCACGCTGGTGCGCACGCGCGTCTCGGGGTGGAACAGCTCGCCCAAGCGCACCCAGCGCAGCTCCGCCACTTCGTGATTCGGCACGATGCGCACGTCGGCATGCAGCGCGCACACGAACGGCCGCACGATGATCGGCGGCAGCACCGGCGTGCGCGGACGCAGCTCGTCGAGCTGGCCGAGCACCTGCCCGTGCACGCGCAGGTCGATGCCGACCTCCTCGAAGGTCTCGCGCAGCGCCGTATGCTCGAGCGACGGATCCGTCGCATCCCAGCGGCCGCCCGGCAGTCCGATCTGCCCGCTCCACGGGTCGCCTTCACGCGCCGCGCGACGCATCAAGAGCAACTCGAGTTCGTCCGCGGCCGGACGCAACACGAGCGCGACGGCCGCTTCCTTGAACGGCTCGTCGCGCTCGGCGAGCGCGGCCGGGCGCGCCGCGAGGGCACGCTGCAGCCGCGCGAACTGCGGCGCGAGCTCCGCGCCCATCATCTCAGCCTTCGACAGGTCCGCCGGCGGCGACCCAGGCACCCCAGCCACCCGCCATCGAGGCGACGTTGCTGTAGCCCATCTGCTGCAGGGTGTCGGCGGCGAGCGCGGAGCGGTTGCCGCCCGCGCAGTATATCACGAGGTTCGCGTCCCGCGGGATCAGCGGCTCGATCTTGCTCTCCATCGTGCCGCGCGGGATGACGATCGCGCCGGGAATCCGGCCGAGGTTCGTCTCGTTGGGCTCGCGCACGTCGAGGAGCACCGGGGCGCCGGGCTGGCCCAGCGTCTTGGCGACGTCGGCAGCCGTGACTTCACGGATGCGGGACTTCGCCTCGTTGATGAGGTCGGTAGCGGTCTTGTAGGCCATGCGGGGAATCTACCGAATCGCCGGGGACGCGGTCAGGCGTATCTTTCCCGCATGTCGCTCACGCTCCAGGTGCTGCTCGCCCTGCTCGCCGGCCTCGGACTCGGCCTGGGACTCTCCGGCTCCGACTCGGCCTCCGCCGCGACGGTGCTGTCCACGCTTGGGCCCATCGGTACGCTGTTCATCAACGCGATCCGCATGACGGTCATCCCGCTGGTGACGGCGACGCTGATCGTCGGCGTGGGGTCGGCCCCGAGCCCGCAGGCGGTGGGCCGGCTCGGCGCGCGGTCGCTGGTGACCTTCGTGGTCGTGCTCGCCGCCGCGAGTGCGGTGGGCGTGGTGTTCGGCTCGTGGCTGCTCGGGGCCTTCTCCTTCGACGCCGCGACGGTCGAGGCGATGCGCGCCACCGCCTCGAGCGACGTCGCGGGCGGTGCCAGCGTGCCGACGCTTGGCGAGTGGATCGTCGGCTTGGTGCCGGTGAATCCCATCAAGGCCGCAGCCGACGGCGCAATGCTGCCGTTGATCCTGTTCAGCGTCTGCTTCGCCGCCGCGCTGACCCGTGTGCGCGAGGAGCGCCGCGCGGCGGTGCTGCGGGTGTTCGAAGGAATCCAGGACGCGTCGCTGGTCCTCGTGCGCGCGATCCTCGCGCTGGCGCCGATCGGCGTGTTCGCGTTGGCCGTGCCGTTGGCCGCCAAGCTCGGGCTCGCGGCCGCCGGTGCGCTCGTGGTCTACATCAGCGTGGTGAGCAGCATCTGCCTCGGCTTCATGGCCTTCGTGCTTTACCCGGCGGCCGTGCTGCTCGGCAAGGTGCCGCTGCGGCGCTTCGCCGAGGCGGCACTCCCGGCACAGGGCATCGCCTTCAGCTCGCGCTCGTCGCTGGCCGCGCTGCCGGCGATGCTCGACAGCGTGCGTGACACGTTGAAGCTGCCGCCGACCATCGGCAGCTTCTTCATTCCCCTGGCGGCATCGATGTTCCGCGCCGGCGCCGGCATCGGCCAGACCGTCGGCGTGCTGTTCATCGCCAAGCTGTACGGCGTGGATCTCGGGACGGCGCAGCTCGCGACGATCGCCGTCACCAGCGTCATCACGTCGTTCTCCGTGCCCGGCGTGCCGGGTGGCAGCATCCTCGTGATGATTCCCGTGCTCATGTCGGCGGGGATTCCC
NZ_CP130612.1_gap77	2953294	2954865	1571	TCCTGCACGGCCCCAGCGGCAGCGGCAAGACGACGCTGCTCGGATTGATCGCGGGCGTGCTGAGCGCGACGTCCGGCCGCGTCCAGGTCCTGGGCAGCGACTTGGGCGCCATGGGATCCGCCGAACGCGATCGTTTTCGCGCCGCACACGTCGGCTACGTGTTCCAGATGTTCAACCTCATCCCGTATCTCTCGGTGCGGGAGAACATCATGTTGCCCGCGCGACTGTCGAAGCTTCGCCGTGCACGGCTCGGCGACGCCGAACCGAACGCCGAGGCCACCCGCCTCGCCGCAGGGCTCGAGATCGACACGCTCCTCGACGCCCGCATCGGGGAGCTGTCCGTCGGCCAGCAGCAACGCGTCGCCGTGGCGCGTGCGCTGATCGGGGCGCCCGAGCTCATCGTCTGCGACGAGCCGACGTCAGCGCTCGACGCCGACCGCCGGGACCGCTTCCTTGAACTTCTGTTTGCCTCGGTTGCCGCTGTTGGCAGCACGCTGGTGTTCGTCAGCCATGACCTCGCGCTCGCGGAACGCTTTGGCCGCACGGTCGCCCTCGGGCAACTGAATCGCGCGAGCCAGGTGGCGGCGGCCTGATGTATCTCGTCTCGCTCGCGTGGCGCTCCCTCCGCGCCCGCCTCACGATCTCGCTGCTCACCGTCGCGAGCATCGCGCTGTCCGTCGCGCTGCTTATCGGCATCGAGCACCTGCGCGTCGGCGTGCGCGAATCGTTCGCCGGCACGATCAAGGGGACCGATCTCATCGTCGGCGCGCGCGGCGGCACCACGCAGGTGCTGCTGAGCACCGTCTTCGGCATGGCCACGCCCTCCGGCAGCGTCAGTTGGGAGACCTACGAACGCTGGAAGGCGCATCCCGCGGTCGCGTGGACGATCCCCTACTCCCTCGGCGACTCGCATCGCGGCTTCCGCGTCATCGGTACCACCGAGGAGTTCTTCACGCGGTATCGCTTCCGCGACCAGTCGGTCACCTTCGCCAGCGGACGGGCGCCGTCCACGGACCGCGAGGTCGCCATCGGCCATGAGGTCGCGCAGCGCCTCGGCTACGCCCTGGGAGCGGAGATCGTGCTGGCGCACGGCATCGCCGAGGTCAGCTTCGCCGAGCACGAGGTGCATCCGTTCACGGTGGTCGGGATCATCGCACGCACGTCGACGCCGATCGACCGCGCGCTGTACGTGACGCTCGACGGCCTCACCGAGATGCACGCCGCGGAGCAGGAGCGCGGCGGCGGCCTGATGCTGGGGCCGCCGCAGGAGCACGCGCACGGCGAGGCGCCGATCACTGCCTTCCTGCTCGGCACGAAGAACCGGTTCGAGACGCTGCAGTTGCAGCGTGAGATGAACGAAGATCGCACGGAGCCGCTGACGGCCATCATTCCCGGCGTCGCGCTGGCGCAGCTCTGGGACGTGGTGGGCAACGCGGAGCAGGCGTTGCGGCTGGTGAGCCTGTTCACGCTGCTCGTGGGCCTGCTGGGCATGTGCGTGGCGCTGTACGCGTCGCTCGAGAGCCGGCGGCGCGAGATGGCCGTGCTTCGCGCGATCGGTGCGGGGCCGCGCA
NZ_CP130612.1_gap78	2956094	2958153	2059	GTCGCAGAGATCCGCGGCAGCGAGAAGCCCGAGGAGTACGTGCTGCTGTCGGCCCACTTCGACTCGCACTCGTCGGCCTCCGGCGCCACGGACAACGGCACGGGCACCGTGACGATGCTCGAAGCGCTGCGCATCCTGCGCCAGGTGTATCCGAATCCCAAGCGGACGATCCTCGTCGGCCACTGGAATGGCGAAGAGCAGGGCCTCAACGGCTCGCGCGCGTTCAGCGAGGATCATCCGGAGGTCGTGAACGGCCTGCAGGCGCTGTGGAACCAGGACAACGGCACCGGCCGCGTCGTGAACCTGAGCGCCGGTCCCTTCCCGGGCGCCGCGGGCCGCATCGAGCAGTACCTCGGCCAGCTCCCGAGCGAGATCACCCAGTGGATTCGCTTCCAGCCCACGGGCGGCCAGGCGACGGGCGGTACGGACCACGCCAGCTTCGTGTGCCACAAGGCGCCGGCGTTCAACCTCGGCGCGTTGCCGTGGGACTATTCGTTCACGACGTGGCATACCGACCGCGACACGTACGACAAGATCGTGGAGTACGATCTCAAGAACAACGCGACGCTTGTCGCGATGTTGGCGTACCTCGCGAGCGAGGATCCGCAGCGCATGCCGCGGGATGTGATGGATCCGCTGCCGGGTGGGCCGAACGGGCAGCCGCGTGCGTGGCAGGCGTGCAATCCGGCGCGGCGGTCGTCGGAGGGTGCGACGCGGTAAGGGACGCTCACGCAGTGGGACGGCCTCTCCGGCACACGCCGGGGAGGCCGTTTTCTTTCATATTATGTACACGGTGAGGGGGCCGATTGTACCCTAGGTGTAATGACCTAGCACGTTGTTGACAGGTAGAGGGCGAGTCGCTGGGCCGGGGTGCGATCGCCGAGCGCGCTGTGGCGGCGCTCGGTGTTGTAGAAGGAGAGATAGTGCGGGAGCGCGCGGGTCCGCCAGCCGGAGCGGCCGTACGGGCGTTCATAGGCCCACTCCGCGAGCAGCGTGCGGATGAAGCGCTCCGCCTTGCCGTTCGTCTGCGGCCGATACGGGCGCGTGAAGCGCTGGCCGACGCCGAGCGTGAGCGCCTGCTCCGCGAAGGGGAGCGCGCGGTAGCAGCTGCCGTTGTCGGTGAGGATGCGCTCGACGACGATGCCGAGCGCCGCGTACCAGGCGACCGCGCGCGCGAGGAAGGCCGCCGCGGTCGGTGCCGTCTCGTCAGGCAAGACCTCGACGTACGCGATGCGCGTGTGGTCGTCGATGGCGACGTGCACGAACTCCCAGCCGCGTCCGCGCGTGCGGCGGGTGCGGTCCCCGTGGATGCGGTGCCCGACGACGCCGATGCGCCCGAGCTTCTTGACGTCGAGGTGCACGAGCTCGCCGGGCCGCGCCCGTTCGTAGCGCACGAGGCGCCGCGGGGGCTCGACACGCGGCAGGCGCCCGAGCCCCAGGCGGCGCAGCTCGCGGCCGACGCTCGAGAGTGGCAGGCCCGTGTGCTGCGCGATGCGGCGGCTCGACCACCGCTGCCGCCGCCGCTTGAGGATCTGCCGGCGGTAGCGGCGCTTCAGGCGCGTCGGCGAGTGATGCGGCCGCGACGAGCGCGTCTCGACCTCCGCGCGGCGGCGCAGCCACTTGTAGATGGTCTGCCGCGACACACCGAAGGCGCGGGCGACCTGGGCGACGGGCGTACCGGCCCACACGCGGCGGCAGGCCTCCCGTCGCGCGTACGGGGTGAGTCGTGCATTCTTGTGGGTGTTCACAGGGCCTCTGGCGTTGCCGGTTGCGTGTCTCGACAACCCCAGCTTGGTGAGGCTACGCCCTGTGAACAACCTCCTGAGCAATAAGACCTAGGCCACTATCTATTCGCCGTACTTGCCTACACTGTCTCCATATGACTAATGACACGATCGTCTACCGGGTTGATGCAGACGATCGCATTGTCTCTGTCAGTTCCGCGTGGGACCCGTTCGCCATCGCGAACAACGGGCGCGAGGTCACGGCCTCATCGGTCTTGGGAAAGAATCTCTTCGAGTTCATCGGGGACAGGACCACGCGGCACATCTACCGGCAG
NZ_CP130612.1_gap79	3051577	3055608	4031	GATCGGCGCGCCCGTGAACGTCACGCGACTGCCCGACACCGCGCCGCGCACCGACACGCTGGCCGCGCGGTAGACGTCGGCGAGTTCCGGCACCGACAGGTCCACCGAATCGCCCAGCAGCACGTAGCGGAAGCCGATCGCCTTGGCCATCGACTCGTAGGACCAGATGTAGTCGAGCTCGCCGGCCTCGAGCAGCCCGACGAGGTCCGCCTCCTTCGGGCGCACGTTGCGCGCCACGGCCCGCGCCTCGAGCCGGGCGGCGAGCCCCGGCACGCCGCGGCTGCGCTCGACGAGCTGCCAGACCATCAGCGTGCGGTAGCCGTTGGGGTCGAGCTCGGGGTCCGAGCGCCCGACCTCCACGTCGGGGCGCGTCAGGATATCGGACCACGTCGAAGTCTGCATCTCCTGCGCGTAGCGGGAACGCTCGGTGTACGCGACCACCATGCGGTTGCGGGCGAAGAGCGTGTAGCTCGCGACGTGCGTGGGCACGAGGTACTGCGGGAACACGTCGGCGTCGGCGAGGGCGATCACATCGGGAATCTTGCCGAGTTCGGTGAGCTTGCGCGCGCTCTCGAGCGAGCCGGCGATTTCCTGCGCGACGGCCACGCCCTCACGCCGCGCGAAGGTGTCGAGCACGGCGCGCATCGGCCGCGCCAGTGACCCGGCGTTGAACACGGTGAGCGTGCGTTCCGGCGTGCGCGACCCGCCGCAGCCGACGAGGGCGAGCACCACGAGCAGCAGGACTGGCATGCCGAAAGTTAGCGCCCACCCGTATCTTGATGCGTCCCTCTCCCCGGACCTTCATGTCCCAACTCGCCCTCGACATCCGCGGCGTCAACAAGCGCTACGCCGAGCACGTCGCCGTCCGCGACCTCTCGCTCGCCGTGCCCACGGGCACCGTGTACGGCCTCCTCGGTCCCAACGGCGCCGGCAAGACGACGACCATCCGCATGATCCTCAACGTGATCGCCCCGGACTCGGGCAGCATCACGCTGCTCGGCCGCTCGAACCGCGACACATCCATCCAGGATCGGCTCGGCTACCTCCCCGAGGAACGCGGCCTCTACAAGAAGATGAACGTGCGCGACGTGCTGCGTTTCCTCGCCGAGCTGAAGGGCGTGGCCCGCAAGGACGCCGACCGCCGCATCGACGAGTGGCTCGAGCGCCTCACGCTGCGCACGGCCGAGAAGGACTGGAGCAAGAGCAAGGTCGACGAACTCTCGCGCGGCATGCAGCAGAAGGTGCAGTTCATCGGCACGCTGCTGCACGACCCCGAGCTGGTCATCCTCGACGAGCCCTTCTCGGGCCTCGACCCGATCAATGCGCAGGCGCTGAAGGACACCGTGGTCGAGCTGCGGCGCCGCGGCAAGACGGTGATCTTCTCGACGCACCTGATGGACAACGCCGAGCGTCTCTGCGACGCCGTGTGCATCATCGCGCGGGGCGAGAAGGTGCTCGACGGCAGCGTGGCGGCGGTGAAGGCCGAGAATGCCGGCCGCACCGTGGCCTTGGCCCTCGACGGCGGCGCGACGCCGGCCGTGATGCAGGTGCTCGGCGACCGCGAGCTGGTGGACCGCGTGGACGACCACTCGCGCTATTTCGAGGTGGAACTGCGCCAGGGCGCCGACGCGCAGGCGCTGCTGCAGCGGCTGGTCGCCGCCGGCGCGACGATCAATCGCTTCGAGAAGGTGCAGCCGTCGTTGCACCAGATCTTCCTGCAACGCGTCGGCGCCACGGGCGTCGAGGAGGGGATGAGCGGACATGGCTAAGCTCTGGACGGTCATCAAGCGCGAGTATCTGGAGCGCGTGCGCACGGTGTGGTTCCTCATCGTGACGCTGTTCGGCCCGGTGTTCTTCGCGGCGATCATGATCCTTCCCGGCTACCTGTCGGTGAAGGGGATGCGCGAGGCCCGCGTCACGGGCCTGACCATCGTGGACGCCAGCGGTGCGGGGCTGGGGCAGCGCGTCGCCGAGCGCTTGGCCACGCCGGCGCTGACCAGCGGCAGCGACGCCGCCGCGATGGCGCGGGTGGACACGGTGGCGCAGGGCGACCTGCCCGCCATCGAGGCGACCTTGCTCGAAGCCGTGCGCACGAAGCAGATCAGCGGCGTGCTGGTGCTCGACACCGGGACCGTGGCGAGCGGGCGCGCCCGCTACTTCGGGCGTGACGCCGGGTCGGTGGGCCAGATCGATGCGATCGAAGGCGCCGCCCGCACGGCCATCCTCGCGACGCGGCTTGAGGGGGCTGGCCTCGATGCGCAGTCTGCCAGCGCGCTGGCCCGCGTGCGGGTGAGCATCGCGACGCAGAAGGTCACGGACAAGGGACTCGAGGGCTCAGGCCTCGCGGCGACGATCTTCGGCTTCGGCGTGACCTTCCTGCTCTACATGAGCATCCTGCTCTATGGCCAGAACGTCCTGCGCGGCGTGCTGGAGGAGAAGACCACGCGCGTGGCCGAGGTGGTGGTCTCCAGCGTGAGCCCCGACAAGCTGCTCGCCGGCAAGATCATCGGCGTCGGCGCCGTGGGTCTCACGCAGATGCTCGTGTGGACCACCAGCGGCATCCTGTTCTGGACCCAGCGCGCGCGCATCTTCGAGGCCATGGGACTCCCGGCCTTGCCCAGCCTGGTGTTCCCGACGATCGACCCGCTGGTGCTGGCCGCGCTGCTGCTGTTCTTCGTGCTCGGCTACGCGTTCTACGCGACGCTCTTCGCCGCCGTCGGCGCGATGGTCGGCTCGCTGGAAGAGGCGCAGCAGGCGGCGCAGCCGGTGATGATGCTGCTGGTGTTCAGCATCATCTTCGTCCAGCCGGTGGCGACCAGTCCCGACGGCCAGCTGGCGCACACGATGAGCTGGCTGCCGTTCTCGTCGCCGATCATCATGCCCATGCGCATGACCGCTTCGCCGGTTCCGGCCTGGGAGATCGTCGGCTCGCTTGCGGTCCTCGCGCTGGCCTGCGCCTTCGTGACCTGGCTCTCGGCCCGGATCTACCGCGTGGGCCTGCTCATGTACGGCAAGCGTCCGAGCATCAAGGAGCTCATGCGCTGGATCAAGCAGGCGTAACTGCGACGGCCTTCACCACGAAGGCACGAAGGGCCTCGCGACAATCGTTCGGGCCCGCGACCCCAAGAAGCATTGCTTCTTTGGCGTTGCGGGCCCGAGAGTCTACTGCGGCTCCCTTCGTGCCTTCGTGGTGAAAGGCCGTGAGGCTTACACCGCCGCCGGCGCGCAGTGCTTGTCGAACGCCGCCGTCAGGTCCTGCGCGATCTCTTCCGCCGCGCGCCCTTCGATCTGCCAGCGCTCGATCATGTGCACTAGCTTGCCGTCCTTGAGCAATGCAATGGACGGCGAGCTCGGCGCGTAGCCCGTGAAGTACGCGCGGGCCTGACGGGTGGCGTCCACGTCGTTGCCGGCGAACACGGTGAACTTGTGGTTCGGCGTCACGCTGTGCTTGAGGGCCATGGCCACGGCGGGACGCATGTTGCGCGCCGCACAGCCGCACATCGAGTTCACGACCATCAACTGCGTGCCCTTGGTGCCCTTGAGGGCGTCGTCGACCGCCTGGGCGGACTTCAGCTCCGCCACGCCGAGCTGTGCGATCTCCGCGCGCATGGGACCGATGAACCGTTCGTCGTACATCATGTGCGTCTCTCCGTATGGGTCTGGTGAGGCCTATTCGCGGCTCAGGGCCAGCAACGCCGCCTGAGGCACCACGAGATAGCGCTCGTTCTCGAACGTGATTTCTACGGCCGCCTTGCGAAAGAACAGGGCATAGTCCCCGACCTGCGCCTGCATCGGGATGTGCCGCGTTTCCTTCTGGCCGGTGATGCGCCAGGGCTCGTCGAGGTGGTCGGTCACCTCCGGGAGCGGCGTGCCCGGACCCGTGGCGACGATCCGCCCGCCCTGCACCGCCTGGCTGTCCACGGCCGTGGCCGGAAGGTACAGCCCTACCTTCGAGCGCTCCTCGCCCTCTTCGATCTTGATGAGGACGCGGTCGCCGACGACGATCAGCTCCTTCTTGCCTTTGCGCATAC
NZ_CP130612.1_gap80	3056894	3057973	1079	CTGCAGCACCGCCTTCTCGCGCAGCGTCCCGAAGGGCCGCTGCTGCGCCGCGACTTGAGGTGCAAGCGTCAGCAACGACACGGCGCACAGCGCGAAGCCGCCGATGACGCCACGCAATCCTCCGTGCCTCTGTGCCTCTGTGGCAAAGCCGTTCATGTATGCGTCACCTCACGCTTCTTGAGCAGAAGCCATCGAACCACCGTGGACACCAACGCGAGCACCAGCGCGAACAGCGAGATACCCGCGAACCGGAAGAACAACGTCCGCAACGACGTCACCTGCCAGTCCTCGAGCGTCGCCTGCATCGAACCCACCACCTCGAGCCCCAGATAGGTCAGCACCAGCGACACCAGGATCTCCGTCCCCGCCTCGACCAGCGCGAAGACCGGCGTCCGCCACCACCACGCCTTCACGGGATAGTTCCCCAGATGCAGCGTCGCCATGAGGAACAGGATCATCGCGCCGCCGATGAACGTGCCGCCGATCCACAGCCAGGAGTCGCTCCAGCCGAACGTCAACACCAGCGCGCGGTACATGCGCAGGCTGGCGCCCGTAAGGATCGCCATGGCCACCAGCGAGAGGCCCAGCCGTCGCCAGAGCCCCGGCTTCTCCAGGGCTTCGATGTCCTCGAGGCTCAGGACGGCGGTCGGGCGCAGCAGCGGCATCGGCGTGCTCTAGTTCAGCGGGTGGCGATGCACTCGATCTCCACGCGCGCGCCGAGCGCGAGGCCCGAGGCCCCGAACGCCGAGCGCGCCGGCAACCGCCCCTCGGGGAAGAACTCGCGGTACACGACGTTCATGCGGTCCCACTCGGCCATGTCGGCCATCATCACCGTGCACTTCACGACCTTGTCCATCGACGAGCCCACGGCCTCGACCGTACGCTTGATGTTCTCCAGCGTCTGCCGCGTCTCGGCTTCGATGCCGCCCGCGATGAGCCCGCCATTGGCGGACGCGTCGGTGCCGATCTGCCCGGAGAGGAACAGCAGGTCGCCGACGCGCACGGCCGGCGAGAACGGCCGCGTCGGCTTGCCGAAGGGCGTGAGGTACTCGACGTCAGCGCCCTGCGGCAGCGTCCCG
NZ_CP130612.1_gap81	3090101	3093271	3170	ATGTCGGCGCGCGCGCCGATCGTGCTCTTGCCGTAGTTGTGCCAGTCGAAGGCCGCGGCCATGGTGCGCTGCAGCGTGACGTTCACGGGGCTGTTCTCGCCCGACTCGAACTCGTTGCGCACCACCGTGAACTCGCTTTCGAGGTCCTTCTTCGCGATGTACGAGTTCACCATGCGGTCGGCCTCGAGGTCGAGCGCCCACTCGAGGTTGGCGTCCGACGCAGGCATCGTCTCGAAGTAGTTGGTGCGATCGTACCAGGTGGTGCCGTTGGGAAACGCGCCACGCTCGGTGAGTTCCTGCGGGATGTTCGGATGCTTCGGCGTGCCCTTGAACACGAGGTGCTCGAGCAGGTGCGCCATGCCCGTCTCACCGTAGCCTTCGTGCCGGGACCCCACGAGGTACGTGATGTTCACCGTGACCGTCGGCTTCGACTGGTCGGGGAAGAGCAGGACCTTGAGTCCGTTGGCGAGCGCGTACTCGGTGATGCCTTCGACGCTGGCGCCACGGGTGATGCCGGCGGGCAGGGCGGCGGGGCGCGCGGCGGCGGCCGGCTGCTGCGCGAGCGCGATGCACGGGACACTGGCAAGCGCGAGCGCCGTCGCGAACAAGCCGACGGCAAGACGGTAGTTCAGAGATGCATGCTGCACAGAATTCCTCACAGGTGATGATCCAAGGATTCAAGACCGTAGGACGCCCACTATGGTAGCGTCGGGGACGGCAATCCGCAGCAGCGGCGGGGCATACGTGCTAGGGCAGGTGACTAGCCGTATTGCACTCGAAGTCGAACGAGTCCTAGCGTAGCGCAGCCCCCTCTCCACCCGGAGCCTCCGTGCGCATCGCCGTCCCGGTCATCGCTGTCCTGCTTGCCCTCACGGCAGCCCGCGCCCCGCTCGCAGCGCAAGAGCCGGGTCGCACGGTCGCCTACCTCGAGTTGCTCGGCAGCGGCGGCCCCTGGTCCATGAACCTCGAGCGCGCTATCGGCTCGTGGCGCATGCGCGGAGGATTCGCGAGCTGGAGCACGAGCGACTTCTGGAGCGACGTGTCGACGAGCTACACCACGGTGCCCGTCACCCTGAGCCGCGTGCTCGGCGACGGCAATCATCGGCTAGAGATCGGCGGCGGGGTCACGCTCGGGGGACGGTCCGGGGGTTCTTCATCGTCTGGCATCTTCGCCTCCGAGGAGAGCTCACGCTTCGTGACCCTGACGGGAATCTTCGGGTACCGGTACCAGAAGCCGGGTCGGGGTTTTGTGTTCCGCGCGGGGCTGATTCCGCTCTATGGCCTCGGGAGTCCTGAGATCGCGTACCCGGACAAGGGACTTCTGCCCTCGATTGGCCTCAGCTTCGGCGCCGCGTTCTAGGGCCCGGAAGAAACCGAGGCTGCCCGCCCGGTGTTCGTGAAGGATGCGTCTTCTGCTCGCGCTCCTCGCACTTCCCCTCGCCACGGCCCTCGCCCAGCCCAGCGGCACGATCACCGGCACCGTCGTGGCCACGGGCACTGAGCAGCCCATCGCGGGCGCGCAGCTCGTCGTCGAGGGCGCCGATCGCCGCGCCGTCGCCGACGACCAAGGCCGCTTCGTCATCCTCGGCGTCGCGCCGGGCGTGTGGCGCCTGCAGGTGCGCGCCATCGGCTATCGTCCGGTGATCATCCCGGACGTCGTCGTCGGCAGCGGCAAGCCGACCACATTGGCCATTCGGTTGCTGCCCGCGCCCATCGACGTCGCCGCCGTGGAGGTGCGCGCCGCGTACTTCACCCCGGCCGTCGAAGGCACGACCTCCACGCAGACGCTGACCGCCGAGGCGATCCGCCGCGCACCGGGTGTGCAGGAAGACGTCGTGCGCGCCGTGGCATTGCTGCCGGGCGTGGGCGTCACGCAACCGGGCCGCAACGATCTCGTCGTGCGCGGCGGCGCGCCGTTCGAGAACCTGTTCCTTGTGGACGGCATCGAAGTGCCGAACATCAATCACTTCGGCACGCAGGGCTCGACGGGCGGTCCGCTCTCGCTCATCAACGTCGATGCCGTCGAGCAGGCGTCGTTCTCCGCGGGCGGCTTCGCAGCCAAGTACGGTGACCGCACGGCGTCCGTCACGAGCATCACGCTGCGCGAGGGCAATCGGCGGCAGTTCGGCGGCGAGTTCAACATCTCCGCCACCGGTGGATTCGCGATCGCCGAAGGCCCACTGGGCGAGCGCGGATCCTTCTATGTCAGTGCGCGGCGCAGCTACCTCGACCTGCTCTTCAAGGCGGCGGGCTTCGGCTTCGTCCCGGCGTACAGCGACCTGCAGGTCAAGGCGGTGCAGGATCTCGGCACGCGCGACAAGCTGTCGTTCCTGTTCATCGGCGCGGACGGCACGGTCACGTTCTTCAACGACGACGAGGACCAGCGCTACGACAACTCACGCGTCGCGGCCCCGACGCAGCAGCAGTACTTCTCTGGGCTCACGTGGCGGCGCCTCGTGCCGCGCGGGATCCTCGACCTCACGCTCGGCCGCACATGGACGTCGTTCCAGACGATCCAGAATGATTCGTTGAACCCGCCGAACACGATCTTCCGCGCCTTCAGCACGGAAGGCGAACAGTCGCTGCGCGCCGATCTCACGCTGCAGACGTCGACGCGGACGGAACTCAACGTGGGCGCCGTCGCGCGCTACGCCAGCGACCTCTCGTACGACCTGCTGCTGCCAGGCCCGCTGCGCACCGACGCGACGGGCGCGCCGCAGCCGCTCAGCGTCGACACTTCATTCACCGCGGATCGACAGGCGCTGTACGGGTCGATCGCCTACCAGGCCACGCCGAAGCTGCGCGCCACGCTCGGCCTGCGCGGCGATCGCTACGGCTTCCTCGAGGGCACGCTGCGCGCCAGCCCGCGCCTCGGCCTGCGTTACGCGCTCAACGATCGCACCGCGCTTACGGCGAGCGCCGGACGCTACTGGCAGACGCCGAGCTTCATCTGGCTCGTGGGCGATCCGTCGAACGCGCAGCTCGATCCGTTCCGCGCGGACCAAGCGGTGGCGGGCATCGAGCACTTGCTGCGCGACGACGTGAAGCTGCAGTTCGAGGTGTATGCCAAGGGCTATGCGCAGTATCCGCGGCGGCTGTTCCGTCCCCAGGCGGTGCTCTCACCGAGCGGCTTCGATGACGTGACGAGCGACATCCCATTCGGCCTCGAA
NZ_CP130612.1_gap82	3094857	3095534	677	GCTCACGTGGCTGGAGGCGCTGGATGGCGGCGACCCGACGCGCGAAGCGGCGAAGCGGGATCGCCTGCTCGCCCTCGATGCGCCGTTCGCCGGCGAGGCGCGCACGTTGCTCGAGACGGAGTGGCGCGCGCGGGGCGTGACCTGGGCGCGTGCGGACCTGGCGATCGCGCGCGAAGGCCAGTCGCGGCAGCGCAAGGCACGCGTGTGGGTGTTCGATCCCAGCGGCCGGACCGCGCCGCGCATGCTGTGGGAGCGCTCGAGCGAGGACCGCTACGGCGACCCCGGCAACTTCCTGACGACGCGCAACGCGCTGGGCCAGAACGTGCTGCGCTTCACCCCGGACGGACGATCGGTGTTCCTCGTCGGCGCCGGTGCGTCGGATGAAGGCGATCGTCCGTTCATCGATCGCTACGAACTGGCGACGGGCCGCTCGGAGCGACTGTTCCGCTCGACGGCGCCGTACTATGAGAGTGTCGTGGACGTGCTCGACCCGCGCGGCACGGAGCTGTTGACGAGCCGCGAGTCGCAGACGGAGCCGGCCAACTTCTGGATCCGCAACCTCGTGCGGCGCATCGCGCCGATCCAGGTGACGAAGTTCGAGGATCCGGCGCCCGCGTTCGCTAACGTGCGCCGCGAAGTTGTGCGCTACACGCGCCGAGACGGTGTGCAGCTGCAGG
NZ_CP130612.1_gap83	3259861	3260361	500	CCACGCGGTGCGTGGCACCGGCGTGCAAAAGGGAAGCGAGTACCCGAACCTCGAGCAGCGCGGTTCGGACTCGCTTCCCTTCGCGGCGGACCAAGGTGAGGTCAGCCGTGCGCGTCAGCCGATCCGGCGACGCCACGTGCTGGCTCGCCTCAGACGCCTGCGTACTTCGACGGGAGCTTCACCGTCAGCCGCTTGCGCCCCTTCTTGCGGCGCCGGCTGAGCACTTCACGCCCCCACTTGGTCTCCATGCGCGCGCGGAAGCCATGCGTCTTGATTCGACGCTTGTTGCGCGGGCGATACGTCGGCTTTCCCATCGTTGCTCCAGGTAACTGAAATCACTTCGCGGACAGACCGCTAAACGTAGTCCGCTCTGGGGTTTACGTCAACGGGCGCGCTGTGTGTGTGCGCTTGTTCGGACACACGAGCGTTGACTTATCCACAGGCGCGGGGTAGGTTCGCCACCCCACCCGGATTTCCACATTTCGCACCCCCCGAACAGC
