gap_id	start	end	length	sequence
NZ_CP138936.1_gap1	1459	5224	3765	AAGAACTTTAGTTATTGGGCCAGTCGAGCGATAAGGCATGAACTCAAGCATTATCAAAGCATCGCGATAGGTTCTACCACGAATTTGATCTAATACACGACGAACCTTAGAAGCAGAACCTCGTATAAAACGACCATGTGCTTGAGCAAGTGGTAAGTCTGACATGATTAACGGCCTCCTTTTTTATCTTTCATATGGCCTCTATAGGTTCTAGTAGGAGCAAACTCTCCTAACTTATGGCCAACCATCTGCTCAGTAATAAAAACAGGCACATGAGTCTTACCGTTATGAACGGCAATAGTATGACCAATCATCATTGGAAGAATTGTGGAAGCCCTGGACCAGGTCTTAATGACGGATTTGTCATCATCACTATTTTGTTTTTCAACCTTTTTAATAAGGCTGTCGGCAATAAAAGGGCCTTTTTTGAGTGAACGTCCCATGGAGAGTTAAGAGAAATACATGACTATGAAGAACATCAAGAATCACGTCCTCCTCGACTCCTTTTGGAGACTCGACGACGTTTCCTAAGAACAAACCTATTACTAGGCTTATTACGTTTTCGGGTCTTCAACCCGAGGGCTGGTTTTCCCCAAGGAGTTACAGGGCCAGCACGGCCAACTGGTGCACGACCCTCACCTCCACCGTGGGGATGATCACAAGGATTCATAACGCTTCCTCTAACTTGAGGCCGCCTTCCTAACCAACGTCTTCTACCCGCTTTGCCTAAACTTGTATTTCGAATTTCTGAATTCCCCACTTCTCCGAGTGTGGCATAGCATTCTCCTCTAACTAATCTAACTTCTGTGGAAGGAAGCTTTAAAGCTACATACTCTCCTTCCTTAGCCATAAGCTGAGCACTTGATCCAGCACAACGAACCATTTGTCCGCCTCTCCCTGGATACAATTCCACGCAGTGAACACTAGATCCTAACGGAATAGAAGATAACGGTAGTGCATTACCTATCTCAATTGGAACATCTTTCCCCGATAGCACTTCTTGCCCAATGCTTATTCCAGCTGGAGCTAAGATATACCTCTTTTCGCCATCTTTGTAAAAAAGCAATGCTAAACGAGCATTGCGATGTGGATCATAGTGAATCGCAGCAACCTTCGCTGGTACACCATGCTTATTGCGACGAAAATCAACCAATCTATATTGCCTTTTATGTCCACCTCCTCTATGGCGACATGTAATAACCCCTCTATTATTGCGTCCTTTTAAGCGGTGCTTTGCAATAACTAGAGAACGTTCGGGTTTGCGACCAGTTACCTCATTAAAGTCTGTGACGACCCTTGTACGGGTACCAGGTGTATAAGGACGGAAAGTACGGATTGCCATTTTTAACTTTCAGAATCTGGGAATAATTGAATGGAATTACCTTCAGCCAATCTCACAATGGCCTTCTTAACCTGAGCTCTTTTACCAGAAAAGCGCCCAACTCTCCTGCTACGCCGAGGAGGATTCATAGTACTAATACCAATTACTTTTACATCAAACAGTTTCTCTACAGCTGCCTTGATATCAGGCTTTGCCGCGCGATGATCAACTTCGAAAGTATATTGATTGATATCAAGGCCTTTCGTAGCTTTTTCTGTAATCAACGGACGTCGAATTACATCAGCAAGTCGCTCTTTAAACATCTCAGTCATCTCCATATACCTCTTTAATTTTGCCTAAAGCATCTTCACCAATAATCAAGGAGTTGGCATTAAGCAAGTCAAAAACATTGAGGTGCTCTGCGGCAATTAATTTTACCTTCTCTAAATTCCTTACAGATCGACGAATAATATCGGAAGGTTGAGAAAGAATTATAAGCACTTTGGAGTTCGATGAAATATCCAAACGTGCAAGAAAATCTTGAATTTCCTTAGTCTTTGGAACTTTAAGCTTGGAACCAAAGTCTTTGACAGCAATGACATCATTGAATCTAGCCATTAGAGCAGTCCTTAACGCTAAGCGTCTTTCCTTGCGATTCATGGAGAGATTATATTGTCTTGGCTTAGGACCAAAAATAATTCCTCCTCCAGGGCGAAGAGGAGTTCTAATAGAACCCTGCCTAGCCCTACCAGTACCTTTTTGCTTGTAAGGTTTACGACCTCCACCTCGCACTTCAGCTCTAGTCAAAGTACTTGCAGTGCCTTGGCGGGAATGAGCCTGCTGGCGTAGAACAGCTCTATGCATTAAATCAACAGCACTAGAATCTTTAGCAACCTTTAAATTTAAGCTCGCTTTACCAGCTTCCTTACCCTGCCAATCAAGAACAGCACAATTAGCCATTACTTATTCCCTCCTTTTGATGAATTCAATCCAACACACTTAGCGGGACGAATGTTAAGCAAGGATCCTGGTTTACCAGGAAGAGAACCCTTGATCACTAAAAGATTTTTATCGCTATCTACCTTCATAATCATGAGTCCTCTGGTAGTAATCTTCTTGCCACCATAACGACCTGCCATCCTTTTACCTGGATAAATTCTTCCAGGCGTAGTGCCAGCACCTGTAGAACCAGGTTCCCGGTGATTTTTTGAACCATGGCTCATTGGTCCGCGACTAAAACCATGTCTTTTTTGATACCCAGAAAAACCTCTACCCATACTGGTACCACTAACATCTACTTTCTGTCCTTCCTCAAAATCACCAACTGTAATTTGAGCTCCTAACTGAAATTCTCCAACATCTTTTACGCGATATTCACTCATGTAGCGCAACAAGTCATCTCCAGACTTTGCAAGATGACCTTGAAAAGGCTTATTGATTAATTTCTCACGCACAGCACCAAAGGCAATCTGAACAGCAGAATAACCATCAGTTGCTGAACTTTTAAGTTGAGTAATTCGACAAGGACCTGCCTCTACCAAAGTAACTGGTATAGACCTACCCTTCTCATCAAAGAACTGGGACATGCCCAATTTCTTCCCTAAAATGCCTATAGACATAAGAACAATAAAGCCAGCTTGTGAAGCACTTAATTAAAAGCAACTTATATTGAGTTATTAGCTGATTAAAAACCCTGAATTAACAAAAAAGTCAAACCTAAATTAATAGGTATTTAAAATCTTGTTCAGCTAGGGCTAGCAAAAAATCAGCTGGCTGAGACTGGATCGAATTAATAAAGTTCGATTAGTTTCTCGACAGATTCAGCAAAAAGCCATCTGTACTAACCAATAGATCCAACGCAAACGCTGGAACAGCCTTGTCTTCTGGAGGCCCGGCTAGCATACGGGCACAGATAAACACTGCGTTTTAATAGAATACACTAAAGCCCCCTTCAAAGTTCACCATTTAGCTGCCAGAATCTAAATAAATAAAATTGATTTCATTCAAAAGAATGCCTCTTTTGCTATCTGGTAGAAAATTTCGTCATGATCTTGAGGCTTCTGGATGTCTTGCGATCAATGTTCCTTTGGAAGGTGGAGCAGAAACACGTTTATTAAGACGCCTTAAAGCAGCTGGCTATAAGACTCAAATCACTTCTGTACGAGGACTAGGAGATCCAGAAGCTTTTCTTCTCAAGCTTCATGGAATACGACCACCTCATTTAGGACACCAAAATGTAGGCCGCAATGGAGCATTAGGCGAAGTACAACAAGTTATTCCGCAAGTAAATGAATTGCTTGCGGGAGAGAAATCTGTAGTTCTTTGGCTATTAGAAGGACAAGTCTTATCTCGTTCAGAAATACTTTCTCTATGTGATTTATGCGATAAAGAGCCCAGATTAAAAATTGTTATAGAAATGGGGGGTGCAAGAGCTCTTCGATGGC
NZ_CP138936.1_gap2	27286	31464	4178	TCTGGTAAGTCTGAATATTTAAGCTAGGCGCAATACCTGCCAACCTAGAAGCAATAAGAGGCCAAAAAACCTTTGCTACATCTTCATTGCTGGTTAACTGGCCTAAATCTGCCAAAGAATCTCGTATTTCCTTTGCTTGTTCTGGAGCTTCTAGATTCAATCTTTGATCCAAAATATTTAATACATCAGTCAAAGTTTCAGGATCACTTCTCATAATTAAATTTCTTTTACCTGGTTCACCTTGCAAAGCAAGAGCTATCTGCACTTCAGGAGTAAGTATTATTAGCAAAGGATCTTGTCCATCATTTTTACGTAAAGGCAACCGCCTAAAATGCTTAGAGCCAGAAACATTACCCTGATGAATCGACCTGGTAGATGCAGGCAATAAGCCTGCGTAAGGAGAACTAAGCATCGACAGTTCCTCAGGAGCCCATACCCATCCTTGCAATCGCGCCAATAATTTTGACTCATAGAGAGCTGGTAAAGGTGAAGCAAGCCAGAGTCCTTTCTCAAGGTTCATAGGCAACAAAATTTGTTCTTGGAGAATATCCAATGCAGCCCACCACAGTCTTCGAACAATTTGCTCATCAACGCTTCCAGTAGGTGCACCAAGAGCCATACGCTGCTGAATAGAACTAATTGAAGCTGTATTTACCACTAATTTCGATGAAATAATTTTGCTCTACGAGATACAGATAGACACAGTCCTAACCCAATAAAACTAGCGATCAATGCTGTTCTTCCATAACTCATAAATGGTAATGGAATACCAGTTATAGGTCCAAGACCAATGGTCATAAAAATATTTACTGCCACTTGAAATAAAATCATAGTAGCGATTCCAATAACAATTAAAGACTCAAAATTTGTATAAGCATTTCTAGCAATAGTCAATAGCCGAAAAATGAATAGCAAAAATGCAATTGATACAAACATTGTTCCAAAAAAGCCTATTTCTTCTCCTAATGCACTAAAAATAAAATCTGTATGTTGTTCCGGAATAAAGCGTAATTTAGTCAATTGACCTTGTAATAAACCGGTTCCAAAAAGGCCTCCTGACCCTATCCCTATAGTACTTTGAATTAAATGATAACCTCCGCCAAGAGGATCTTTCCCTGGATCAAGAAATAATATGAGTCGATCTCGTTGATAATCCTTTAAGGCATTAATCCAAAGCCAAGGTGTAGAAATAGCTATTCCACTTAAAGTGCTCATTGTTAAAAATGCACTCAAATATTTTTTAGGCAATGAACGATATGCCAAGAATCCCATGAAAGGAATCCATAAAAAAAGTCCCCAATGAAATATTCCAACTAAAACAGCTGTAAGAATTCCTGATAAAAATAATAACAACCACTCCAACGGCATACCTGACCAATAAAGCATAATCAACAAGACTGCTCCAAAAACAAGTGACGTGCCTAAATCAGGTTGAATAAAAACCAAAAACCAAGGTATTAAAATGACTACAAAAGGCCTCCATAATTGTATTGGAGAATTAAACTTTTGATTTTCAAGTATAGAAGCAAGAATAATTATCAAAGAGATTTTTGCAATTTCAGAGGGCTGAATATTTAATCCTCCAATACTGAGCCAGCGTTGTGCCCCTAAAGCAGAAACACCTAAAAGTTTTACAGCTAAAAGACTAGAAATAGTAATTAAGTATAAAGGAAATAAAAAATTACGTATTCTTTCTAAATGCAATCGAGAAATAATTAATGCAAGAAAACCCCCAAATACTGCAGTAATTAAATGCTGGTACCAACTGCCATAAAATACTTGTCTTTGAGTACTTGCAATTAATACACTAGATAAAACAACTAAACTTAAAGGAACAAACCAAAGAATTAATTCAGCATCATTTAACTGTTTTCTTCTGAAATCTAATTTTGTTGATCGATTACTCTGTCGAGCAAAAGAATTAACAATAGAAGGCATTTAATTTGAATTTGTCTCAATAATTTCTAAAACTGAAAGAGCTAGTCTTTCAAAAGCCTTTGCAGTTTTTGAATCTGGGTATTGAAAAACTATGGGTTTATCTTCCTCATTCCCATTAGAAGTATTCATTTCTAAAGGCAATTTTGCTAGTAGAGGTACAGAGTTTTCTTCCGATAAGACTTGTCCACCACCTGTGCCAAATATTGCATATTCTCTCTCCGGCTGATCAGGGGGGATGAAACTAGACATATTTTCTATTACTCCAAGTATTGGAACATTCATTTGCTTGAACATAGCCAAGCCTCTGCGTGAATCTTGCAATGAGACTTTTTGAGGAGTAGTGACTATTAAAACGCCACTCATCGGAACAGCCTGAGCAAGCGAAAGCTGCGCATCTCCTGTGCCAGGGGGAAGATCAACTACCAAAAAGTCTTTTTCGCCCCAACTAGCTTGATAGAGAAATTGTCTAATAATCCCATTCAGCATTGGTCCACGCCAAATCACTGGTTGATTGTCGTCAATTAGCAATCCCATAGAAACCATGGAAATTCCAAAGCTCTCAATTGGAATAATTTTCTGTTCAGCTCCACTACCTTGAACTTCTGGAGTTTTATCTGATACTCCAAGCATAATTGGCGTATTTGGACCATATATATCTGCATCAAGTAAACCCACGCTATATCCTTTTTGAGAAAGTCCACAAGCAAGATTTACTGCAACGGTACTTTTACCTACTCCTCCTTTCCCACTGCTAACTGCAATTACATTCTTAACTCCAGGAATTTTCTGAAGAGAGGAGACTTGACCATGCCCAGCATTACCAATTTCTGATTGACCATTGGCATTGCTTAATTCAATCTGCAATTCAGAGATTTCTCTATAACTCTCAACAATTCTTTTTGCCTCAGCAGCTATTCGATCCCTTTGGCTTTGTGCATAGCTGGGTAAATTCAATCGAACAATTGCCTTGGGGTGGTTAATTCTTAGTTGATCTAACCAACCAAGATCGACTACGGATCGATTACTCCCAGAGTCTTTTATAGAAGAAAGTGCTTTCAGTAGCTCTTCTTCGGAAAGCATTGTTTAAATACATCTATTACTAATCCTAATGAAGAGAATCAAATGACTTAGCCTCCTAGAGAAAAACAAAATAAAATTGTTCTCTCATGAGCCTTAGCCAACCATCAACACAATCAAGAGTTAAGGTAAAAAGTTTTCTCACAGGTCTTCAAGATGACATATGCAAAGGACTTGAAAATATAGATGGTGAGGGTACTTTTCAAGAAGAATCATGGGAACGACCTGAAGGCGGTGGTGGGCGATCTAGAGTCATGAGAGAAGGGAGGATTTTTGAACAGGGTGGAGTAAATTTTTCAGAAGTACACGGTGAAGAATTACCTCCCTCAATCCTGAACCAACGACCAGAAGCAAAAGGTCATAAGTGGTTCGCGACTGGGACTTCAATGGTCCTACATCCTAGAAATCCTTATATACCAACTGTTCATCTAAATTATCGTTACTTTGAAGCAGGCCCAGTTTGGTGGTTTGGGGGAGGGGCAGATCTTACTCCTTACTATCCCTATTTAAAAGATACTCGTCATTTTCACAAAATTCATCAAGAAGCATGCGACTCTATCAATCCTAAACTTCACAAAGTTTTTAAACCATGGTGTGATGAATATTTCTTCTTAAAGCACCGGAATGAAAGTAGAGGCGTAGGAGGAATATTTTTTGATTATCAAGATGGGTCTGGGAAATTATATAAAGGACAAAATCCTAATGGACTTTCTTCAATTGCTTCTAAAGAGCTTGGAGAATACAAACTATCTTGGGAAGATCTTTTCTCGCTCGCAAAGGCATGTGGCAATGCATTCCTACCCTCTTACATTCCAATTATTGAAAAACGTCATAATCAAACGTTTAGTGATAGAGAGAGGAACTTCCAGTTATACCGACGTGGAAGATACGTTGAATTTAATTTGGTTTGGGATAGAGGGACTATTTTTGGACTGCAAACTAATGGAAGAACAGAATCTATCCTCATGTCTTTACCACCACTGGCACGATGGGAATATGGATTTAAAGCTCCTCCAGAATCAAGAGAATCTCTACTCACTGACGTCTTTACAAAACCACAAGAATGGTTTACAGATGAGAGTCTGGAAGAAAAATGTCGTCCTCATCACGCAGTGGATTAAAAGGACCAGTTTTCATCACACCATCCAAGATCCCTTGAACAA
NZ_CP138936.1_gap3	36858	37501	643	GTCTACGCGTTGAACGCTGTTGATTTTCCAGTGGCATTGATTAATTTAAGTCAAGATCTAACTTCGCAGCTTCCGAAATAATCTTCGGTTTGCATTAATAATTAGTGTTTTAGTATCTATCATCATCAACTTTTGGTCAAGAGGCATTATTTACTTCATTCCTTAAAAAGCAATAATTTAATTCAAAGAAACAATAAATACCTTTGATCTAAGTTGGCAATCCAACAATTCTGGACTGCATTTGTTTAGGTTGCTCTTCAACTTGACCAATGTTCCAAGCAACGAAGCCATTAGCAGAACACATATCTATTAAATCCTTAGATTGGTCTGGAGATACAACTAAGCAAAACCCAATACCAAAATTAAATGTATTCCACAAATCACTCTCTGGAATATCTCCTTCATTGCGCAACCATTTGTAGATAGAAGGTTCTTCCCAATTGTTTCTATCAATCGAAGCTGCCAAGCCATCAGGAAGGCATCTTGGCAAGTTCTCAGGCAATCCTCCGCCAGTGATATGTGCCATTCCCTTTACTGGCAAATTTGCTTGAAGTAATGCTTGCACTAAATGGACATACAACTGTGTGGGCTTAAGTAAATAATCGATTAAAGGAACTTTCCTTGATCCAAAGCAACTTTTTTC
NZ_CP138936.1_gap4	120881	121688	807	ATATAAAGAGGTTCTAGAAATAGATCCAAATAATAAAACAGCAATTAAACAACTAGGTAAATTGAATAAAAGGAAAAAAAGTAGTTCGGAAAATATTATTTATAAAAAAGGTTTTTAATTCTATTTAGATTCAATGAACAATAATTCATCTTCCTTATCTATAGGAAACAAATTATTTAAAAGTAGGCTTTTAATTGGTACCGGAAAGTATCAAACTCTCAATCAAATGCAAGAAAGCATTATTAACTCAGAATGTGAAATTGTTACCGTTGCTGTCAGAAGAGTTCAATCGTCAGAATCTTCACATAAAGGCTTAATGGAAGCAATTGATTGGAAAAAATTGTGGATGCTTCCTAATACTGCAGGTTGCACTAATTCGGAAGAAGCAATACGTATTGCAAAAATGGGTCGAGAACTTGCCAAGTTGTCCGGTCAAGAAGACAACAATTTTGTCAAGCTAGAAGTCATTCCAGATAATAGATATCTTCTTCCAGACCCATTTGGCACCCTAGAAGCTGCTGAAGCACTTATTAAAGAAGGATTTGTTGTAATGCCATATATCAATGCTGATCCTCTATTAGCAAAAAGACTTGAAAATATTGGTTGTTCATGCGTAATGCCGTTAGGTTCTGCTATTGGATCAGCCCAAGGAATTCGCAATGAAAGCAATATTCGAATAATTATTGAAAATTCAAATGTTCCTGTAATTGTAGATGCTGGTATTGGAGTACCTAGTCATGCCGCTGAGGCAATGGAAATGGGTGCAGACGCAGTTCTAATCAATAGCGCAATTGCTTTAGCAAAGGA
NZ_CP138936.1_gap5	170007	170622	615	TTTGAAGATATGAGACTTAGTTTAAGTTCTGTTCGAGCAACAACAGTTAATTTAAAAATGACTCAGTTACTTTCTCGACGTAATAGTAAGTCAATCACAATTGCCATTGAAAGTGGAAGTGAGAAGCTCAGACAAGTAATTAACAAAAAACTTGCCGAAGAAGAAATTTTTGCTGCAGCAAGATATGCAAAAGAAGGAGGGCTAAAAAGTATGAAACTCTACGGAATGGTTGGATTACCAACAGAAAATGAAGATGATATTCAAGCAAGCGTAGATTTACTACTAAAAATCAAACAAAGAAACTCGGGTCTTCGCCTAACATTTGGAGTAAGTACATTTGTGCCTAAAGCTCATACACCCTTTCAGTGGTTTGGTCTTCGTAAAGAAAGTAAAAAAAGACTAAAAAAACTTGCTAAACAATTAAAGCCTAATGGCATAGATTTTCGACCTGAAAGCTACGGATGGAGCGTAATTCAAACACTTATATCAAGAAGTGATAGACGATTGGCTAATGTAATTGCTTTAGTTCGAGGGTCAAACAATAGCCTAGGGGGATGGAAAAAAGCATATAAAACAATCCAAGACACAAGCTTACCAAATATATCTAATCAACAA
NZ_CP138936.1_gap6	308835	312504	3669	GTCAAATTGGATTCGGTTAATTGCTAGAAACTTTTGTTGAAGTTTGAGAATGAAAAGTTGAATAAAGATACAGTCCCACATTTTTCTGTTGGTGAGCTTAATCAAGCTATAGGGAATCTTCTTTCAAGAGGATTTGCTCCTACTTTTTTACTTCATGCCACCGTATCAAAAGCCCAATTAAAGAATGGTCATCTATGGTTAACACTAACTGATGGGAAGGCAAGTATTTCTGCTGTCATATGGTCTTCCTCTTTGAAGAATATTAGTTTTCGCCCTGTTGAAGAAGATGGAGTTGAACTTTTAGGAAAATTAAATTTTTGGCAGAATCGAGCAACGTTAGTTGTTCAAGTAATCCAAATAAGGCCAACGCTTTCGACCGTTTTAAGACAATTTGAAGTAGTTCGCTCTTTATTAGTTAATGAAGGTTTGATAGCTGATGAAAGACGCAGACCATTACCAAGGTTCCCCAGTGCAATTGCTATTTTTACTAGTGTGCCAAGCTCTGCCTATGCTGATATGTTGCGGACCGCAAAGGAACGATGGCCGTTAACGAAGTTATTAGTAGTTGCTATTCCTGTTCAAGGTGAAGTATCTGTAAAGATAAGAGAAGCTTTGTCCAAATTAGCTGATTCTTATTTACATCTAGGGGTGCAAGCTCTGGTCTTGGCAAGGGGAGGCGGTAGTCGGGAGGATTTAATGGTTTTTGATAACGAGGAGCTTTGTAGACAATTAGCAGAATTTCCCATTCCAGTAATTACTGGACTTGGTCATGAAGACGATTTGACTGTGGCAGATCTTGTTGCAGATCATAGATCTGCAACTCCAACAGCAGCAATTGTAGATTTATTACCAAGCAGAGAAATGGCAAAAAATAATTGTATTCAGCTTCGTGCAAGGTTCAAAGATTATGTCACTTGGACTATTCAAAATAAAAGTAGGGAAATTTTAGACAGAAAAAATACATTGGTTAATTTTTCCCCTTTTTTACAACTGAGAAAACAGAAGCAACTACTCTCTCAAATGACCAAACTTTTGATTGCACTTTCTCCTACAAGCTTATTAAAAAGAGGGTTTTGTATAGTTCGCAATAATCTTGACACCGCTGTTAAGTCTGTTAAAGATTTAAAAGTTGGTGACCAAGTAACCATTGAATTAAGTGATGGTTATACACATTCAAAAGTTCAGACTATTTTTCCTAATAAAAAGATATAATAGTTAAATCAAATAAGTTTTGGAGAAGCTAAATTGATTAAGAAAGATCAAGACTCAAATAACAATAAATTATTCAATCAAGATAAAGTAAAAGATTTATCCTCTGTAATTAATAAGTTATCTTATGAGGATTCTCTAAAGCAATTAGATGATATTTTAAACAAGCTTCAAAATGAAAGCCTTCTTGTAGAAGATCTACAGGAAAACTATCTTAAAGCAAAATTATATTTGAAGCATTGTGAACAATTATTAGATAAGGTCGAACAAGAAATTCATGAAATAATACCTAGTGAAATAGATGAAATTGCTAATAATTAGTCATTCCGTTTCTTCTGCTTTAATATCAATCGTTGCTGAGCTAGCAGGAATGTTATTATTTATTTCTTCTGGTACGATGTTATTATTTGAACCACATATTGGACAGAGTATTGAATCTGTAATATAAGATGAGCCGCAGTTAGTACAAGTTTTTATATTCGATTTCAAGCTTCTCCAGCTCAACCAAGCTACTCCACTAATTAAGAAAATTATAAAAAATATTAGAAATAATAATCCGCCTGCTATATCTACAAAAAATCTACCTGCAGAAGTAGGCAATATAAAAATAAATATAATACCGAGCCAAATTATTGTTGATGTTCTATTCATATTTTAAATGGAGATATGAATTGTCTTTGTTTTTCTATGACGATTGACTTGATTACTAACTAATCCAATACTCCAACATTGCCCAAAATAAATAATTAATCCAACTAACCAAATCCAAAGAGTTAATACTAAAACACCACTTATAATCCCATATGCTTGAAAACGTGAGCCTAAAGAAAGGATAGTTCTACTTACTGCAGAATTTAGTAAAGTTAATAGCGTACCAATCATTATTGACCCAGGGATTAGTGGTCGAATAGGTACTCTCCTTCTTGGTACTAATGCTTGTAGTAATAGGGCCATAATTGTAAAACCCATAAAAGGAATAATTACTTGGCCAACTTCTATTAAGGGAATTTTTGATAAAGTATTTGTTAATTGAGGACTATTATCTTTTAGGTCTGTCCATACTGCCCCTGGAATCATTCTTAAATAAGAACTTATTTCATCTATAACCATTAATACACCTACTAGAAGCACAACTAAAAATGCTTCTATTCTATTTCTAATGAGTCTAAAAGCTTGCATTCGCAAAGGAATGGGACTTGTCTTAGAAGGCAGGGCATCTTCCCATAGTCTATCGGCTCCTCTTTGAAGCGTTAAATATGCATTTCCTGCAGTGATAATCAAGAACATTGCACCTAAAATTCCAGCACCAAATCCTTGATTTACAAGTTTTATTAAAGTTGTTTCTACCAATCCAACTACTGAAGGTGGAAGTACTTGCGATGCTAAACCAATAATTTGTTGATCAAGACCTTGTTGATTACCTAAAAACCATGACGCGACTGAAAGAGAAATTAATAATATTGGAAAGAAAGATTGTAGTGTGTAGTAAGCAAAGGCGGCACTAAGGTCAACACAGTCACATCGGTTCCATCTTTGAGATGCATACCATAAACTTCTTAAAAACCAGTTAAAATGGCGACGCCAGTGAATTACCACTCTCTATTGATATCAGATATTTTAATTTTAGTGTAAATATAGTAAATTGTTAGTGCTAGCTTCTTATTTTATATTTCTAAATAGATTATTTTTTCTACATTATCTATGTGCTAAGCCTTAGATGAGTAATGATCACTATTTATTGCATTAATATATTACCCCAAGGAATAAGTCTTTCTAAATCCTGTTCGCAATCAGCTGCTATTAAAGGGAAGTTAACTGCACTTAAGTCTTCTCCTACTTGAACTGAAGTTGGAGGATTGTCTAACCATTTTATAGAACATCCAAGTTCCTGTAAAATTAACCATGATGCTGCTAAATCCCATATTTTTGGTGTTGCTTCAAGGGCTCCAAAAGTTTGTCCAATTGCAACGCTTAGCATATTGAGGCTAGATACACCTAATAAGCGTATTTTTCCAGGAAATCTTTTCTTTGGTTGTTTTTGCAATACACTAATTGATCTACTGCATACAGATACACAATCACTTTTTGATAAATTAGTATCTCTAGGGTTTATTTGCTTGTTATTCACCCATACACCTTGCCCTTTAATTGCGACAACTCTTTTTTGAAGTGCTGGTATATCAAGAATTGCTGTTTCTGGATTTCCATCTACAAAACGTGCTATTGAAATTGCCCAAAATGGTATTCCTGCTGCAAAGTTTGTTGTTCCATCAAGAGGGTCTACTATCCAATATGCTTTAGAAGATGGAACTAATTTAGAGCCTTCTTCACTTAAAACACCTTCTTGTTTGTTGGTTATCGTATTAACTCCATCAACAATAAAATTGTCACTCCATCTATCACAGCTAGTTATTAAAGTTCCATCATCCTTTAATTCAGAATTTATTTTACCAAAGTCCC
NZ_CP138936.1_gap7	315408	320077	4669	ATATTTGTAATCAATCAGGTCTCGAGGCTTTACTCCATTAATTGTTAGCAATTGATCTCCAGCCTCAAACCCTAGATCCTCTCCGATTGACCCTGGATCTACAATTTTGATTAATGCTGGGTCTGGCTTGTAGCCCTTAGTTACCTCGGTTAAAGAAGGTATTGCAGAATTTGGAGAAGGTTCCTTCCACACAGATTAGAGAATTGTTCTTTTAGTTTGCTATCAAATTGTATTATTTTTCCATTTCGAATAGAAAAATTTTTAAGGCCTCCACAAATGGAGAAGCTTGTAGTTTTTTAATCTTATAAGTAATTTGATACATGCGAAAAAGTAAAATCTTTAGATATTTAATTTAATTGCTTTTTAATTTCTTGTGCTGACAGGCTTACTTTGTAAACCTCTGCTTACTATCAACAATTTGAATTGATTTAATCCTGAGCTACTTCTTTTCCACTAAAGACTCCTCTGATTTATCTGAGGGATATTTATCTAGGCCCAGAACCTTGAGATTCTGGGCTAGTGCCCTTGTGGTGTTGCCTGTGTTTCTTCAGGCACCTTGGGTCCACTTTTATCCTTTGTCAGCACTTTTATTTACCTTTGTATTATTAGGATTAGGAATTTCATTAGTTGTATTTTCTGATGATCAATGGGGTCGACTGGGGTCTCTTCTTGTAGGAGTAAGTGGAAGTTGGCTTGGCGGCTGTTTGTTTTGGGGATGGTTGAGAATGCACCCTGTTTTACATCTTCCAGTAGAGGCAGTTGCTTTGCCAGTGGCATTTGTTGGACTTTCCACTAGATGGCGTATCGGTTCTGCTTTTTATTTGGCTTGTTTACTTGGAACAGCTTTTACTGATTTCATGATGGTTTTAACAGGTGTAATGAAAAAATGGCCAGATATAGTTGCTGCGCCTATAGATCAAGCAGCTCAGGCTCTTAACAAAACTTCCTTGAATCTTTTTAACCTTCCAACTTTATTACTACTTTTCATTGCAGCTATTTTGATAGTTTTTTTATCAGATCAAATGAATCAAAGAGGTATTGTTAATTCTCCTGCAGGGGCGGCTTGGTTAGTAGCAGGAACAGCTTTGACAACAACACTTTGGGTTGATGGGCTTTTTCTTATCACTACGATTATTCAACCAAAATTAAGTGGATTGATATAGATCGTAAAAAGATTAACTATGAACTCTGCGCGTATTACTTCTAATTCTTGGGATGTGATTGTTGTAGGTGCTGGTGCTGCAGGGTTGATGACATGCATTGAATTGCCACCTCACTTGAAAATCTTGCTTCTTAATCGTAATACGAGCAAAAGATCTGCAAGTCGATGGGCTCAAGGAGGTATTGCTGCAGTTACTCGAGAAGAAGATAGTTTACAAAGTCATGCAGATGATACCTTCAGAGCAGGATGTGGTTTGTGTGATACTGATGCAGTGAAAATGCTTGTGGAACATGCTCCTCAATGCGTTGAGCGGCTTCAGAAGTTAGGAATGGAGTTTGATAGAGACTCTAAAGGATTAGCTACAACACTAGAAGCTGCTCATAGTCATAGGCGTGTATTACATGTTCAGGATCGCACAGGGAGAGCTTTAGTTGATGTACTGCGAGAACAAGTTGAGAAAAGATCTAATATTGTTCATTGTCGAGGCGTAAGAGTTACGCAGCTTTTGGTTGAGCATAATTGCTGCGATGGAGTACAAGTTTTAGATGGTCCTTTGCTTTATTGGATTCAATCCAAGGCTGTTGTTTTAGCTTCTGGAGGGGGCGGACATTTGTTTGCAAATACAACAAATCCTGCTCAAGCCTGCGGAGAAGGTTTGGCTTTGGCTTGGAAAGCAGGTGCAGCTATAGAGGATCTTGAGTTTTTTCAGTTTCATCCAACTGCACTTAAGCTTCAAGGGGCTACGTCTTTCTTAATTTCAGAAGCTGTTAGAGGTGAGGGAGCTGTATTAGTTGATCGTGATGGCAATAGTCCTGTCGCTCATTTGTTGAGAAAGGATCTTGCTCCTAGAGATCAGGTTAGTAGAGCTCTTGTAAAGACAATGCAATCGCAAGGTGTAAGTCATATAGGGCTTGATTTAATGAATATTCCTCCAGAAAAAATTTTTGCGCGCTTCCCTTCCATTATTCAAAGATGTCGAGAAATGGGTATTGACCCCCTGAATAATTTGATACCAGTTGCTCCAGCAGCACATTATTGGATGGGTGGCGTTGCTACTGATATGCAAGCAGCAACATCAGTTTCAGGACTTTATGCCGTCGGAGAAGTTGCATGTACTGGAGTACATGGTGCAAACCGACTGGCCAGCAACTCCTTATTGGAATGTTTGGTATTTGCAAGTCAAATGTCTGTTATTAATGTAACGGAATCCTCTCGTAAAAATATCATTTCAAATCAAACTTTTCTGACTAAACTTTCAAATAATTTAGATTGTGAGCAAAGTGAGAATGACTTGCAATCTTCTATAGAAGACTTAAGAAAATTATTTTGGAAAGAAGTAGGTGTTAATCGTTCTAAGAAAGGAATGCAAGATGCTTTGAACAATATACGATTAGATTTAGATTCTCTAAATAAGAACGCTTTGTTAGAGTTAGTTAGTAATCAATCAATTGATATATGTAATTCGTTTGATGAAGGTACTCGAAGGAAATTGAATCTTCTTTTGGATTTAAATCATCGTAAATTGACGTGCTTATTAACTTTAAATGCCTGCTTATTTCGGACGGAAAGTAGAGGAGGACATTATCGATTAGATTCACCCGCAACATTACCTTATTGGAGATGTCACTCTAGGCAGAAAAAAGGTCAAACAATCTCAACAAGACCAGTTAGAGAGTAATTTATCAAGAATTATTAGAAATCTCTAGATCCTTTATATTCACTAAGCTCAGCTAATTGATCAAGACTTTTAACTCCAGACTCTATTTTACCTTTTATTTCCCATGACGGGAACCCTGTTATACCTTTACTTTCGCAAAGCTCAGGCTTGCTATTATTTCCATCGATAGCACATTCAATTGATATTAGATTAGATGCTGCTTCTTTACCAAACATTTCCTTTTGATCATGACAGTGAGGACACCAATATGCACTATAAAGAATAATATTTTTCTCTTTTAAGTGATTTGCTAATTCAATTGCTGCTAAAGAACTCTTATTTTCTATAATTGGTCCTAAATTACTATCAATTATTAAAGTTTCTTTTTTATTTGGATCTACTGAAGATGACCAAATAAGTCCTCCTAATAAGACAACAATGGTTATTAATAGTCCTCTAAAAAGCAAGTCTCTCTTTTCCTCCCAGCCTCCACCAATTATCGTTAATATTAAAATTAAGCTTGATATGACAGCAGACAAAATACAGAAAAAACAAAAAGCTTGAATTTTCATGACCATTATTCCCATTAACACAAAACTAAAAATAGTCATGCAAGTAGAGATAATAAATAATCCCCACCAAGTATTCCTAGAAAGGTCTATCTTTTTTCCTGACTCCAAAGGCGAAAAAGGAATTATTGCTAGAAAAAGTATTGCTAAATAACTAAGAAATCCTACAAAAGATAAAGGAATCTCGAAGCCATTGATCGCAAAAATTGTTCCCCAAGCGCTTTTTAAGACTTTGTCACACCCTTCGAGACCACCTGGGCATGAAAGTGAATTGATCCAACCCCATCTTTCCAAGGTGATTGAGCCTGTATCTATCACTCCTATTGTTCCAAGGATTGCGATAAAAATTCTTGCCAACTTGGAACCTTGATCTTGTCTTCGACGACTTTTAAGGCGATTTGTCCCCATTAGTGATTTGATGAAATGCTGAGTTTTGACAATTTTACTGATAGTAGTCTTTTTTTTTAATTTAAAATGGCCATAAAATTATAAAGAACATTGATTTTATTTTCTCTTTCAATAATGATTGAAAGAGACTGCATTAGCCAATTATAGAGAAAACTACTCTTAATTTAGAAAATAATCCAACCGTTGCGTTTGTGCATTTGGGTTGTGAAAAGAATTTGGTGGATACTGAACATATGATGGGCTTACTAGATCAAGGGGGATATTCAATAAGCACTAACCCTTCTGAAGCATCTCTTGTAGTAGTTAATACTTGTAGCTTTATTCAAGATGCAAGAGAAGAATCTGTTCGTGTATTAGTAGGTCTGGCTGAGCAGGATAAAGAAATTATTATTGCAGGGTGTCTTGCTCAACATTTTCAAGAAGAGTTGCTTCAGTCCATACCAGAAGCAAAGGCAATTATCGGTACGGGCGATTATCAAAATATTTTGAATGTTCTTCAAAGAATTGAACAAGGGGAAATAGTTAACCAAGTTTCAAACAATCCAACTTTTGTTGGTGATGAAAAATTACCTCGATTTAGAACCACTGGTAAAGCAGTTGCCTATTTAAAGATCGCAGAAGGCTGTGACTATAGCTGTGCTTTCTGCATTATTCCTAAACTCAGAGGAATGCAACGAAGTCGATCTATTGAATCAATTGTTGCAGAGGCTAATCAACTAGCTAAACAGGGTGTTAAAGAGCTGATTTTAATAAGTCAAATAACCACGAATTACGGATTAGATTTATATGGACGCCCTTGTCTTGCAGATCTTCTAAGGGAACTTGGCGACGTTGAAATTCCTTGGATTCGTGTTCATTATGCATATCCTACTG
NZ_CP138936.1_gap8	469954	473276	3322	ATCTTTGACGCCAAGTTTTTGAATTACATGAAGGATAAGATCTTTTGCGAATACACCTTTTTGAAGATATCCATCAAACCAGATGCGTTTCACTTTCAATTTCTTCATTGCCAAGGTTTGACTGGCAAGAACATCTCGAACTTGGCTGGTTCCTATTCCAAATGCAATAGAACCAAAAGCTCCATGTGTTGAGGTGTGAGAGTCGCCACAAGCGATAGTCATGCCTGGTTGCGTCAAACCTGTTTCTGGAGCTATTACATGAACTATTCCTTGATTGCCTGAACCAATTTTAAAAAACTTTATTGAGTGTTTTAAGCAGTTTAATTCAAGAGTCCTCAGCATTTGCTCAGCCAGAGAATCGGGAAAAGGTCTATTTTGACTAGTTGTAGGGACAATATGATCGACTGTTGCAATTGTTCTTTCAGGACAATGCACTGATAATCCCTTTTCATTTAACGCAGAAAAAGCTTGGGGACTTGTGACTTCATGAATTAGATGCAAGCCTACAAAAAGCTGTGTTGAGCCTCCAGGGATTTCAGCTACCCTGTGAAGGTCCCAAATCTTGTCATAGAGTGTTTCTGAGCTCAAGAATTTGCCTTGTGTGCCTAGAGATTAGCTTCGTCTGAGAAGAAATAATCGTAGTTGATCCAATGCTCTTACAACACTCAATTTTTGAATTTCTTCTCTTGCTCGATAAGAACCAAAGTTTTCTTGAATGGATTCGTTTACATTTGGACCTGCAATAAAAATCTCAACTCGCCCTATAGGTTTATTTAATGTGCTTCCACTTGGCCCAGCAATACCGCTTATCGCAATAGACCAATCAGTGTTGAAAATTTTGAGAATCCCTAATGCCATTTCTTTGGCAACAGGTTGTGAGACGGCTCCATGTTTTTTTATTAGTTCTATCGGAACTCCTAAAACGTTTTCTTTAATAGAGTTGTTATAAGCAACTATTCCACCAAGGAATACTTCTGATGCACCTGGAGTACCTGTAAATGCAGCAGCTAAATTTCCTCCAGTACAAGATTCAGCAAGAGAAATTGTTTCTCCTCGCTTGCTTAATAAACCAATAACAATTTCAGACAATGTTTCATCGTTTTTAGCAAAACATTTTAAACCAAATCTCTTAAGTAATTCGACCTCTATAGGCTCTATTAAGCGCTTTGCTTCGGAAGTCGTTTTAGCTTGCGCAGTTAGTCTTAACTTAACTTCCCCTAAAGATGCGTAAGGGGCGATAGTTGGATTTTTATTGTCAAGTAGATCTACAATATTCTCCGCAAGAAAAGATTCAGAAATACCAGCAAATTTAAGTGTCTTACTAGTAAGAGATTTTCTTTCAGGAAAGTTCACATTCAGCCAAGGCTTTGCAGTTTCTATCCACATTTGTTTCATTTCAGCAGGTACTCCTGGCAATGAAATTATTGTAAAATCAACTATGGGAGTCCAAATTATTCCAGGTGCAGTACCTGATTTATTTGGAATTATTTCTGCTCCTTCTGGTAATAATGCTTGTTTAAAATTATTTTCAGACACATGCGAGTGTGAGTTTAATTTTCTTTTTATATCTTTCAAAATATCATTATTTTTAGTTAGCTTGACATTAAAAGCTGATGCAATTGTTTCTATAGTTAAATCATCAGGTGTGGGTCCTAAACCTCCTGTTGTTATCAATACTCTACTTCTTCTTGATGCTTCTAAAATAATTCTCAAAAGGCGTTGTGAATTATCGCCTACAACACTTTGTAGATAATGTGGTAAGCCAATAAAAGCCAATTGCTCGGCTAACCACTTTGCATTGCTATTTAATATGTTGCCAAGTAATAGTTCACTACCAATGCAAAGAATTTCAACACTTTGGTTTTTATTAATGTAAGAAGACAACTTTTTTTATTGATTTGAATTGTAAAGGGGGAAACGATTACATAGATCTATTACTTTTGCTTTGCATTGTTCTTTGATTGATAAATCCTCTGGATTTAAAAGACAATCTGCTATTACATCAGCCACTTCTATAAACGCTTTTTCAGTAAACCCTCTTGTGGTCAAAGCAGCAGTTCCTAGTCTTAATCCACTAGTGACAAAAGGTGATTCAGGGTCAAAAGGGACAGTATTTTTATTAGCTGTAATGTTGACTTCACTAATTAGAGAATCTGCTTTTTTCCCTGTCATCTCAATACTTCTTAGATCCAGTAGAACAATATGATTGTCAGTTCCTTCACTTACGATTGATATCCCTCTTTCTTGAATCCTTTTTGCTAAGGCTTTAGCATTTGAAATTACTTGAAAAGTATAAGTTTTAAATTCTGGTTTCAGTGCTTCTCCAAAGGCAACTGCTTTTGCAGCAATAACATGTTCCAAAGGCCCTCCTTGATTTCCTGGGAAAACAGCTTTATCAAATCTTTTCCCAAATTCTTTGTCTCTGCATAGGATTAGTCCCCCTCTAGGACCTCTAAGAGTTTTGTGGGTAGTCGTTGTAACTACATCACAATATGGAACAGGGTTGGGGTGGGCTCCACATGCAACGAGTCCAGCAATATGAGCTATGTCTGCCAGTAAATATGCATCTATTTCATCAGCTATGCTTCGAAAGGCTTTAAAATCAATGGTCCTAGGATAAGCAGAAAATCCACAGATGATTAATTTTGGTCGATTTTTTAGGGCAACTTGCCTTATCTGTTCAAAGTTCAAAACCTTTGTAGTTTGATCTACACCGTAATGAATAGCGTTAAACCATTTGCCGCTTACGTTTACAGGAGAACCATGAGTTAAATGACCACCATGTGAGAGGTCCATCCCCATTATTGTGTCTCCAGGGTTTAATAGAGCAAGAAACACTGCAAAATTTGCTTGAGCACCACTATGAGGTTGAACATTGGCCCACTCTGCATTGAAAAGTGTTTGTGCTCGAGTGATTGCTAATTGTTCAATGGCATCAATATGCTCGCAGCCCCCGTAATAACGCTTATTAGGAAGACCTTCTGCATATTTGTTAGTTAAGACAGATCCTTGAGCTTCCATTACTGCCTCAGAAGCAAAGTTCTCACTAGCAATTAGCTCTAAATGTGTTTGTTGCCGTAAGAGCTCTTGATTAATTAAAAAAGAAATATCTGGATCTGTATTTCGGAGATCTGAATTAATCGTATGCAATTTAATATTCTCCTATGTGTAGTGTCACTGTTGGGATAGTAAATAAAAGATGGCCATGATTAAGAAAAATGCGTCTTAATTTCCTTTTTGTGTGTTGATCTTATTAAAAAGTTGAAAAACGCGCCTGGAGAGATTCGAACTCCCGACCCTCTGATCCGTAGTCAGATGCTCT
NZ_CP138936.1_gap9	625496	626984	1488	AATTCATTTACAGAACTCTCGTCTGCCACATTTGCTTGCAATGCATATGCTTTCCCTCCAGTGCTTTTGATTAAGGAGACTACTTCTTCTGCTTTGGTTGCTGAATTTGCATAGTTCACTACAACTTCTGCGCCTGCCTGAGCAAGGTTCAAGGCAATAGCTTTCCCTATTCCTCTGCTTGCCCCTGTGACAATTGCAGTTTGGCCAATAAGAAGTGATGAAGAAGTCATACGATTTTTGTTTCCTTGATCCAATAGATCAACGTAGTTTGTACTAAGCCTAATAAATTAGATCAGTGTTGATTAAGTTGAAAGGAGTTAAGACCTTTCTTAAAAGGAGAAAGTTTTGCATTTATTAATTGCTGCTGCCGGTAGTGGTAAACGCATGGGAGCTAATTGCAACAAGTTATTGCTAAAAGTTGCTGGTAGATCAGTTTTAGCATGGACCTTGGATGCGGTTAAGAGATCGAATTCTATAAGTTGGATAGGAATTGTTGGCCAGCCTTCTGATAAAGAAGCAATAGTTTCTATTTTTGATGAATGTGCTCTTCAAGCTAAATGGATTAACGGAGGTGATTCGCGCCAAGAGTCTGTGCAATTAGGTTTAGAGGGTTTGCCTCTTGATGCAAAACATGTTCTTATTCATGATGGTGCGAGATGTTTGGTAGAACCAGAATTGTTTGACAAGTGTAGTGAGATGCTCAGGCAAGGGGTTTCTGTGATTGCAGCAACTCCTGTAATTGACACGATAAAAAAAGTTTCTTTGGATGGCTTTATCAACAAAACCTTCAATAGAGCTGAATTGTGGGCAGCTCAAACACCTCAGGGCTTCAATGTTGAACAATTAAGACAAGGACACAAAAAGGCGCTTGTTAACAATTGGACTGTTACTGATGATGCATCACTTTTCGAAAAACTAGGTTGGCCTGTGAAGATTTTGGAATCTTCTCCATCTAACATTAAAGTTACTACTCCATTTGATTTGCTTATTGCTGACGCATTGCTTTCTAGCAGGGGTGCAGACTAAGACGACCTGAGTAACCATCAAGGGTTGCTTCCCATCCAAGAGGCAGAGCAGCATTTCCGCAACAATGACCAATCGGCAAGTTTGCTATCACAGGAATATTTAGATCAATAGAGCGTTCTTTAAGAATTTCGTTCAGAGTAAATGCTTGTGAAGCATTGTCTGTGTCTTGATCTACGCAATCAATGAAGCTTCCAAAAGCTAGTCCAGCAAGATTCTGGAGAATCCCATTTAGACGCCATTGAGTTAACATTCTGTCAATACGGTATGGTGCCTCTCCAATGTCTTCAAGTACCAAAATTACACCTCTTAAATCTGGAATATGTCTACTTCCAAGTAGATGAGAGGCTACGGTTAGATTAGTTGCAACTATTGGACCTTTGGCAATGCCTCCAACCCATGGCTCACCATAGAGGTCAGGTGCAGACTTGTTAAATAAAATAGATTTCAGCCTTTCTTTGCTCC
NZ_CP138936.1_gap10	655295	659742	4447	TCTTTCATCCCCTGCATATTGAAATATTCTGACGGAAAGAGTATCAAAGTCAAACGGTCTTAGGATAAACGTTAGAGGTAGTTCTTTAATTGTATCGACAAAAACTAAGAGAGAACCTACTACTAAAGGACCTTTAAGTAGAGGTAAATGTATGGTTTTTAAAACCCCTGTCCAATTTGCACCAAGGCTCATTGCTGCTTCATCAATATTAGGATTAATTCTTTCGAAAGCTGAATCTATACCACCTTTAGCTACAGCAAGAAATCTATCTGAATACCCCCAAAGAAGAAGTATTAAAGCAGGTAGGTTCCATACAGAGCCTGAGAATGAAAGAAGTGCAAGAGCTATCACTGCTCCTGGTATTGCATATCCAAGACCTGAAAGAAAAGAAATACTTTTCATCCACTTACTCTTATTCCATCGTGAACAAATGCTGAGAAAGATTGCGCCTAAAACTGTTAAGCCAGAAGCTATCAGCCCGAGCATTAAACTTCGAAATGTTAATTGAACAAGTTCTATATCAAACCCTTGTAAGAGTTGATCTGAATTGATAATTGCCCAATAAAAAGGTACCCCTAGAGTAAATAAAGGAGGCATGACAGAAAGTGCCTGAGCAATAGTGGCTCTAAAGCCTTTTAATACCCATGCAGGAGATTCTGCTCCAGTAATTCCTTCGGTCCACCTACGACTTCTTTTTCTTAGCCATTTTTCGTAAGCTACAAGGACAAGAACAACAAGTAATGCAATAAAAGCAAGTGCTATGGCTCCTGAGGGATTTCCTTTAATGATCCAGTTTTCAACAATTCCTGCAGAGAGACTTGGGATGTTGAGTAATTGAACAGCTCCAAGCTCATTTATTACTTCCATTCCCATAAGTGCTATTCCTGCACCTATCGCAGGTGTGGCCATGGGGAGAGCAATTCGACGAAAGCTATTCCATGGACCTATACCTAGGCTGCGACATGCTTCAAGTTGACGTTGCCCACATTTTGCAAAACTTTCTGCGCTTAAAAGAAAAACATAAGGATATGTAGTTAAAGACATAATTAAAATCCCCCAAAACATTCCATGAATCCTTATTCCATGAATGCTTCCAATATCTATTAATATTGCTGATAGAAGATATGCAGGTGTGGCTAATGGTAAAAGTTGAGCAAGCCTTAAGTATTTGCGTCCTTTGAATCGACAATTTGCTAAAAGCCATCCATTAACTGTTCCCAATGTTCCTCCAAACAATGAACTAAAAAGAACCAAAAAGAAAGTACCTTCTATTTGCTTCAATCCATCTGGGCCAAGTCCTATATCTCCTCCTCCTAAGCTGGTCAATCCTTCCCTGATTAAATTGATAATAGGCAACAAAAAAATAACACATAGAAGGATTGAAAAGATTTCTAGGAATATTCTTCTTTGTTGGGGAAATGTTTTAGACAATATTACTTTCTCCAAAACCTTGTCCTGAATCTTTGGAGACGCAGGCATTTAGTTGATGGTTTATTTTTTCATGATCGAGATCTTTACCAATGAGAACTAATTTGTTTGTTTTTTCACCATTCCATTCAGAATCATCAATTGAGAACCTTTTACCTGCAAGATGAAATATATAACGCTTATCACTCTCTGTAAACCAAAGTATTCCTTTTGCTCGAAAAACGGATGATGGTAATTGATTGTCTAGAAAATTTTGAAATTTTCTAAGAGAAAATGGCGCTTTTTCTTTAAATGAAAGTGATGTATAGCCTTCAATATTGCTTTGCTCTGAGGTTGTGTGATTATGCTCTTGATGAAGATCATCATGTTTACATAGTCCATGTTCATGGTCACATTTACTGTGATCTTCCATTGGCTCATTATGTAGTTTGTCTGACTCAAAAAGGCCTACACTTAGCAAGAGAGCAAGAGGAGCTTCTGCTTGTTTCGTTTTTAAGATTCTAGGATCATTTTTTATAGTAAAAAGTTCTTTTTCTATGTAAGATAATTTTTCTTCATTTACAAGATCACATTTATTTATAAGTAAGATGTCTCCATGGATTAGTTGGGATCTTGCAATTTCACTTCCTAATAGGCCATCATTGAAGTTTTCTGCATCTATAAGTGTAATAATTGAATCAAGACGAGTGGCTTCTCTTAATTCATTCCCAAGAAATGTCATAGCAACTGGCAGAGGATCTGCAAGCCCAGTTGTCTCAACAATAATGTAATCTATTGATTTATCTTGTGTAATTATTTTTTCAACTGCATTAACTAATTCTCCATTTATAGAGCAACAAATACAGCCATTGCTTAATTCAATCATTTCTTCACCAGTGCGTATAATAAGATCATTATCTATCCCTATTTCGCCAAACTCATTTACTAATACGGCTGTTTTTAGACCTTCCTGATTTTGTAAAATGTGGTTAAGTAGAGTTGTTTTGCCGGACCCTAGAAAACCCGTTAGAATTGTAACAGGTACAGTTGATGCTTCTTTGGAAATTTGAGTAACTTCTGAATCAATAGTCATTGTCTTAGATTTGTTTTTGGGTTAGTAGAATCAATCTTACTCATATTTAATGGCATCAATTGCTTTTGCAAGTTTATAATCAAGCATGGTTATACCTCCCATATCATGGGTACTTAAGCGTATGATTACTTCAGAATAAATATTAGTCCATTCTGGATGATGAGATAGAGACTCAGAAATAATTGCGATTTTAGTCATGAAGCCAAATGCTTCAATGAAATTTGTAAATTTGAATCTCTTGACTAGTTTACCTTCAGCTTCTTCCCAAGTAGGTAATGATTTTCTTAACTCTTGGATCTCCTGAGATGATAAAAGTTTGTTTTCCATGTAATTTGGTTGTAGGTTTCGTTACTGTTTTATTAAATAGTTAATTTGATCAAATAATTAATTGATTGAACTATAATTATTTAATGCAATTTTATTAATTTTGGAAGAGTGAGTATTAATTGAAGTTGTGTTTAAAGTTACATGAGAATCTGGTGGCTTGGGTTTAAGTGTCTCACATATTGAATGCAGGTTTATATTCCTAATATTGTCTGAATATCTATGCTCCCAGAGGTATACTGCTTGCCATACTCCAAGATCTAGCTTTGATTCGTTAATGCTAAGAGTTAGAGAGCTTGATGTAAGAGTTGTTCGAATATGAGCTGGCATATCATCAACTCCTTCTTCCGAATGAAGATACTTTTCTATTTTCCCATTATCAAGAATAGATTTGAATCCTATTTCCGGAACAATTGCTTTCATATAAGCTGAAAGATCTTCCAATACTCTTGGATCAGCATTCTCATTAATTATCAAGCTGCAACTAGTGTGCTTTGAAGTAATAATCAAAATTCCTTTTCTAATTTTCTTTTTTTTAATCCAGCTATTAATATCATTAGTAATGTCTGTAAACCCTTCACCATGGGTTTTAAGCGAAAGCTCTGATAGAAATTGTTCCACTTATACAATTTAAGAACTTATGGAACTAGAGATAGTACTCAATGACTCTAGTTCTTTAACGATAGCTATCAATTGTTTTAATTAATGAAATGCAGTGATTTCCTTAAACTACAAATTCAAAACAATCTTTACAGTTGCTTCAACGCAAGTTTCGTAAGCTTGTAAAACCTTTTATCTTTTGGGTTGAAAATGCATTAAGTAGAATTCAATCATCTTGAAGTGGATAGTCTTTGCTTTCAAGTTTGTTAAAAGTGATGATTCCAAATTAATTAGTTAATGGTAATCACTAATAAACTCTCATAGATACACCTTTTATTTTAAGATGACATTACCCTTACTAAAAATCAATAATCATCGAAATCATTGACTAATAACGCGTTAAACAAGCTGGGGAGATATCTTCGAGAGACTCAATTGCTTGGTTCTATTCACAGCACCCTTTATTGGGACCAAAACACAACTATGCCAGCTGGAGCGGCCTCATGGAGGGGAGAGCAATTAGGTTTGTTAGCCAAGGTTTTGCATGCTCGGCAAAGTAGTGATGAATTTGACGATTTAATTAAAGAAGCTAAAGAGGAATTGCAAATACAATCTGTGATTGATCAAAAAGATGCTCTCCAGAAAGGAAGGAATATAGAACTGTTAGAGATAGAGCTTAGTCGTCAGAAAAAGCTTGATTCTAAATTAGTTGTTGAAATAGCCACTGCCCAAACAGATGGATACGCTCTTTGGCAGGAAGCTAAAACTAAAAATGATTACAAAAGATTCGCGCCCGCGCTTAAAAAATTAATTACCTTGAGGCAGAAACAAGCTAAACAGCTTGATGAACCTCGAAGTTGTTGGGAAACTCTTGCTCAACCTTATGAGCCTGATTTAACAATTAAACGATTGAATGAATTGTTTGACCCACTTAGGACACGTTTGCCGGAATTAGTAAATAAAGCAAAGACTGCTTCTTCTAAAAATACAATTAATTGGGACTTAACTGAGAGATCCCAGCTT
NZ_CP138936.1_gap11	859455	863482	4027	ACTCTTGCTGGATTAGTAGAACTTAAACAAGCATTTGGATCCTTTGAATTAGTTGACGTATTTCCTTTGCTTTTGGGAATTACCTCTTCAGCAATTAGTTCTTGGATTGCAATTGATTGCCTGATGAAATTCCTTCAAACACAGAGCATGATGATTTTTATCACTTATAGATTTTTGTTTGGAACTTTATTGTTATTTTGGTATTATCTTGCGTTTTAAAAATGAAAGTATTAAATTATTTCTTATTAAGTATCAAGTTTGGTGAATTAGATCTTTCAAATTCAACAGTATATATTCTTATAGCTATCACTTTATTTATTTTTTTAGCAGTTGGGATAAGTTCTTTTCAGTTAATTCAATCTGCTTTTACTTCTGAAGATGATTAGGGAAAGATATCTTTTTATAATATTAGCCTAGTCAAATTTAAAAAGAGGGTTTAAATATTTCCTTCTCTAATTAATTATTTGATTAGTTGAAAATACTTTAATAAAAAAAAACTCTCACCCATCGGGTGAGAGTTTAAAAATGAAACGACTTAGCTTATTAAACCAGGATTGATTTAGAAGCTGAAGTTAGTTTCTACGAGGTAACCAGTTGCGTCTTGTGTTGTCCAAGAACCATTTTTAACAACATGTCTGTCTTCCCAAAACACACCTGCTTGAAGAGACAAACCATCTGATACTGGGTAGTTGTAATAGATTTCAAAGCTATCACCTGTAACACCCATTTGATCATGGTTGGTATAAGCAGCACTTGCTGTTCCTGGACCTACTTCATGATCCACTCCAATTAAGAGATGGGAGGAAGATTTAGTGCCACTAGCTGCAGGATCTTTAGTGTCATATGCGACGCTGATGGTTGGGAAACCATCTGGTCTCATATAAATACCACCACCGAAACTGGTATCAGTGTCATCGTCTGTATAGATTAAGCCGCCGCCGTAGTAATCGGAGTCATATCCGAGTGAAGCGGTGTAGATATCTGCACCGCCATCGGTCCAAATACCTTTAGATGCATCAGCAGCGTCTGAAGATACTGATGACAAAGAAGCATTAAACCCACTGTCATTGGAATATGCAATTGCTGCACCTGCACCAGTGGTTGCTACAGCTCCCCATGGCATAGAGGATAATCTGAATGATTCAGAAGCAATAGAAGTGGTTGCAGAGATTACATCATCCTGATCAAATAATGGACCTGCAGTGACGTCGAATTCTCCAACTTGAAAATTGTAGAAAAGAGAGGTAACAGTAAGAGTTGAATCTGTTACTGCATCCTGCAGTACAAGGTCATCTTGGTTACCTTGTTCGATCCCTGCATAAAGACCATCAGTACCATTGAAACTAGTATTGAGGTCAATGCCGTATCTATATTCAAAAGCAGTTTTGCCTTTGTAAGGATCATCGAACAAACTCATTCCATCAATAGCACCTGTTGTAAATACAGCGCTACCAGAAAGTTTTGTAGAAGATGAGAATTGACCAGCACTAAGTTCTTTAACTTTGTACTCAAGTCCATCAACACGTCCTTTAAGAATGGCCATTTCAGTGCCAAACTCATTAGCAAGACGAGCAGCATCAGGAGTTACTTCTGCAGAAGCAATGCCGCCATCTAGGCAAGCATTAACAAGTGCAGCAGCCTCATAACGAGTTAGAGCCTGACCACTTTTAAGGTTTTGAGTGTAGGCATTGTCTACACAGCCATAGCTCTCACTTAAGTTTTGTAGAGCTGTATAAGCCCAATCTCCTGGAACAACATCGGAGAATTGAGTCGTAGTTACTTCAGCATTGAGATCTGCATAGCTAGCAACATCTTTGATGTTAACTTCAGCTGCATTTGCAGCTAAAGGTGCTAACAGACCTAACGCAGCAGGAGCTACCAGCAGTTGCCGGAAAAGCTTCATCTGGATTCCTCACACATTTAGGACAATTCAATTATCGATTACTTAAGAGAATAAAGCAGTAGTCCCGTATACAGTTTAAGTAATGTCTGTTACGAAGTGATTGTGTAATATGATACATAATTCGAGGCAAGAAATCATAGCTTTTGCTCGCAAGGGTTGATATAACTGCTATTTATAGCCGAGAGAGTTTTTTGTCTCATTGAGCTTTAATTTAAACAGGCTTTGAAAATTTCCATCTTAAAAATCTTTAAAATTTCTAAGGTTTTGCTTTGAACAAAAATGCTTGATTTCAAAGTGAGTTGTAATTCTGGTGTTTTAGCTATTTATACCTAGGGCAAATGCTTTTCTTTTGGCTAATACTTGAATATATAAAAAAGTTATATCCTAATGACACTTTCAAAGCGAACAAAGTACATAGGCTTTGAAGTAAAGCAAGTAAAAAGTGACTTGTTGATACCCTTTTTTTTGATAAGTCTTTTATCAAGCACGATGATCTCAATTTTGCTGGGCTATTTTATTTACTCTATGAATCCATTTGTTCAAGAATTTTATTTAAAGTTGGTATCACTCTCTTTCCCTTAACAGGAATCCCTTAGCTCTCGCCATTTATTAAGACCAGCTTTTATATCACTCAAGTCTTCTGTTGAATTGCTGATCTCAAATGCTTTTATAAGTGATTGAGTGGCTTCTATTCCATAATTAGCTGCTTTCCTTTGGTTTATGCAGCCTTGAAGCTCGTCTCCATTCTTAAGCTCCATCTCTGCAGTTTCCAAGTAATCACTTGCGAGACTTATTTTTTGATTCCATTCATTCATATAATTATCAAACTTATTAAGTGGTTTAGCATTGGCAAATTGTGGTGTAAAAAATATTACCAATGATAAAATAGCTATAAAAAAATAATTCATTTTCTTGCTCTGCATTGAAAAAATATATTCATTAACTCTACAACGATTTTATATTTTAAATAAAATTATATGTATTATGTCATGAATAAAGTATTTTATAATTTCATTATTAGGTTGTTTAATTATTAATCGGAGCGGCGGGATTTGAACCCACGACCCCCACTACCCCAAAGTGGTGCGCTACCAAGCTGCGCTACGCCCCGACAGATGAACTATAACAACATATAGTTCATCTGTTGCCATTATTGCTTAATCTATATATTTAATTTTAGGCAATAGGCTTGAATCCTTATTTATTAAAAATAACTAGAATTTATATAATAGCCTAATCGCTTTACTTCTTATTTTTGTATTACCGGTGGCCTTTGATATCTTTTGTTATTCATAAGAAAATTATTAGATTGCAATTAAGAGTTTATGTTTCTAAATCAATATAATTTTGATTAGGCGTATCTTTCCATTGAATAGATGGTGAGAGTTGGTTGTCTGATGGAATGAAGGTAAATATTAATGTAAATACAAGTAATAATGTACATAATATGATCAAAATTACTGTTCTATCTTCAAGATTCTTTTGCATTTTAGTTAATTATAGGACTGTTACTGCTTCTTAATACGCAATGATTTTGCTCCCAATTAAAATTATCCCAAACCCTAGAGTTGAGTTTATAGTTTGACCCTTTAAAATCTTTTAGAGAAACATTAGTTGGCATAGCTGAGCAGTATGGTCGGCTTCCAGGTTTAGCTAAATATTGTTGATGATAATCTTCTGCATAATAGAAGTCTATATTCGTTTCTATTTGGGTTGTTATTGAGCCAAACCCTTTTTCCTGCAATAATACTTGATACTTTTCTAAACTATTTATTGCTAGGGTTTTATGATCTTGTTTAGTTAAATATATTGCAGATCTATATTGCGAGCCACTATCATTGCCTTGACGATTACCTTGAGTAGGATCGTGGCATTCCCAAAACATTTTCAATAAATCACTTAAATCAATCTCCAATTTATTCCAAATCACCCTTACTACTTCCGCATGATTTGTTCTCCCAGAACATACTTCTCTATATGTAGGGTTTTTTTTAGCACCCCCTGCATATCCAACTGCAGTTGTTATAACGCCAGGTAACTTCCAGAATCCTTTTTCAGCTCCCCAGAAGCAGCCGCAACCAAAAAATATTTCCTCTTCATCTTTGTTTGCAGGTTTATTTATTA
NZ_CP138936.1_gap12	867026	869237	2211	ATATTCTTCGTTCCTTGTTTCAAGGGAGAGGGACACAATCACAAAGGGAGGTTGTTGCACTTAACTCGTCCTTAGTATTTTGGGCCTCTGGGAAAGAACTTGATTTAAAAAAAGGAGTTACCATAGCTTTAGAAGCCATGGAATTGTCTAAACCATTGGATAAATTTAATGAGCTAAAATGTTGTTTAGAATGAAAATTTTGCAATACCTAAAAATCTTATTTAATTAATCTTTATGAGCATTTTCTCTGGTAATGACAATGCAATTTTGGTTTTATCTGATGGTACTTTTATTGAAGGGAAAGCATTTGGTTTTAGAGGAACTGTGTCAGGCGAAATTGTTTTTAATACTGGTATTACCGGTTATCAGGAGGTATTGACAGATCCTAGTTATTTTGGACAATTAATAACGTTTACTTTTCCTGAATTAGGAAATACTGGTGTAAACCCTGAAGATCAAGAATCTGATTCGCCATCTGCAAAAGGTGTTATCGCTAGACAAGTCTCTTGCTATGCAAGTAATTGGCGTTCAACTAAAACTTTTGAGCAGTGGTTGAAAGATGAAAAGGTTGTTGGGATTTGTGATGTAGATACAAGAGCGCTAGTTAGACACTTGCGAAGCTCTGGCACTATGAATGCAATTATATCTTCAGAAAATAATGCTTCTCCATCATCCTTATTAAATACAATTAGGCAGGCTCCGCAAATGAAGGGGCTTAATTTAACTGGTGAAGTTACAACTAAAAAGCCATATAAGTGGAATTCACTTGCCTCAGTTGATTTTGATGAGAGAGTTGTTAATCAGGCAATGTCTCCTTTTAATGTAGTAGCTATAGATTTTGGGATAAAAAGATCAATTCTAAATCGATTGGTAGCGCACGGTTGTGAAGTTAATGTTTTGCCTGCAAATACAAGCTTTTCCGAAGTTATGTCTTTTAACCCTGAAGGGGTGTTCTTCTCTAATGGACCTGGAGATCCTTCTTCTGTTAAGGAAGGAATGTCTTTAGCTAAGCGTTTAATAGAAGAGGTAGATGTACCTATGTTTGGAATTTGTTTAGGCCATCAAATTCTAGGATTGGCCCTTGGAGGAAAGACTTTTAAACTTGCATATGGTCATAGAGGTTTAAATCATCCATGCGGTAAAACAGGGCGAATAGAAATAACAAGTCAGAATCATGGCTTTGCTTTGGATGCCTTGTCTTTAGATAAAGATGTTGTTGAGATAACACATTTGAACCTGAATGATGGAACTGTTGCAGGCATCGCAATGTGTAACAGGCCAATCTTTGGCATCCAATATCACCCAGAAGCCAGTCCAGGCCCTCATGATGCGGATCACCATTTTTCCCGTTTTGTTGATCTAATGTCAGAACGTCGTTGAAGCGTGGTTGAGTTGCTTTTTGATCACTAATATTCTTTTGAGAAGTATTAGGGGGTTTGGTCCCATAACCGAATTACAACGATTGACCGTTTCTTTACGGGGTGGATTTGAAAGAAAAAAAGGCTGTTTAGTTTTTTATTTCACTGGACAGCTAGATGCTTACTCAGAGAAACAGTTTACAGATTTTGTAAATGATGTCCTTAGCTCCAACAAATTGCCGATTGTGCTTGATCTAACAAAAATAGATTTTATTGATTCTTCTGGCTTAGGAGCAATGGTGCATTCCGCCAAAAAATGCAAAAAGGATAAGAGATCTTTTGTTGTCGTGGGCAATCCAAGAGTTATTCAAACTATCAAGCTTGTTCGTTTAGAGGATTTTCTTCATGTAGCAGCTGATTTGAACGCAGCTCTCACTCAATTAGCAGCTTGACTGATTGGATTCGTCTCTTGAAACCATCTGGGAGCCCAGATGCTTTGGGCACTTTGCAATTAGCTTGGTTGGGAGATGCTATTTGGGAAATGCATCAGAGACTTCGTCTTTGTGAAAAGCCAGCTAAAAGTAAAGACCTTCATTTTTCTGTTGTTTCACTAGTAAGAGCTGAGGCTCAGGCTGCAGCCTTAGAAAATCTTGATTATTATTTGACAGATTTAGAGAGAAAATTCGTCAGAAAAGGACGTAATCGTGTTGGCCGTGGTTCTCGTAAGGTAAATATTGCTATTTATGGTAAGGCTACTGGCTTCGAAACACTTATTGGATGGTTGTTTTTGAAAGACCCCAATCGCCTTGCTCAGCTACTAGATCGATTAGATCAAATCGAATCTGATAAAAAA
NZ_CP138936.1_gap13	873261	878103	4842	TGCTCATTATCTTACAGAAAATGATGTAGAAGCCCATGATGCATTGCTTTGTGTTCTTACTGGTAAGCTTGTAAAAGATGAGAAAAGATTGCGTTATACAGGAACGGAGTATTTAAAATCTGAGAGTCAAATGAAGAACCTATTTGTTGACCATCTAGATGAAGAAGTTGTTACTAAAGCGATCAAAAATACACTTATGGTAGCAAGCAAAGTTGAAGAGTATTCTATACTTGGTAATTATAAGATGCCTAAATTTCCAGTTCCCGAAGGTAATACGCCTATTGAATACTTAGAATCAGTAAGTGTAAATGGTCTGCTGGAAAAACTAAAACTAGATTCTATTGATCTTATTGATAATGAATATTCAGAAAGATTATCTACTGAAATTAAAATAATTGAAGAAATGGGTTTCCCTACATATTTTCTTGTCGTATGGGATTATATAAAGTTCGCAAGGGAACAATCAATTCCTGTAGGTCCAGGCAGAGGATCTGCGGCAGGATCTTTAGTTGCTTATTCATTAGGAATTACAAATATTGACCCAGTAAAGAATGGACTTTTGTTTGAAAGATTTTTAAACCCCGAGAGAAAGTCTATGCCTGATATTGATACCGATTTCTGCATTGAACGCAGAAATGAAGTTATTGATTATGTTACTAGAATGTATGGAGAAGATAAAGTTGCTCAAATAATTACATTCAATAGGATGACCTCAAAGGCTGTTCTTAAAGATGTTGCAAGAGTTTTAGACATTCCATATAGGGAGGCTGATCAACTAGCAAAATTAATTCCAGTAGTCAGGGGAAAACCGGCCAAATTAGATGCAATGATTTCTAAGAACTCACCAAGTAGTGAATTTAGAGATAAATATGAGAAAGATCCTTTAGTTAAAAAATGGATAGATATGGCTATTCGTATTGAAGGAACTAATAAGACTTTTGGTGTGCATGCGGCAGGTGTCGTTATTGCATCAGACCCATTGGATGAATTAGTCCCTTTGCAGAAAAATAATGATGGCCAAGTTATTACTCAATATTTTATGGAGGATATTGAATCTTTGGGCTTATTGAAAATGGATTTCTTAGGACTTAAGAATCTTACAATGCTCGAACGTACAGTGAATCTTGTCGAGAAATCTATAGGTGAACGAGTTGATTTAGATGAATTAAGTCTTGAGGATAAGAAAACATATGAGCTTTTATCTAGAGGAGATTTAGAAGGCATTTTTCAACTGGAATCTAGTGGAATGAGACAAATAGTAAGAGATTTGCAGCCTTCATCATTAGAAGATATTTCATCAATATTAGCTTTATATAGACCGGGTCCACTTGATGCAGGGTTGATTCCAAAATTTATCAATAGGAAGCATGGTCGCGAGGCAATTGATTTCCCTCATGCTTCTTTGGCTCCAATACTTGGTGAGACATACGGGATAATGATTTATCAAGAACAAATTATGAAGATAGCTCAAGATCTTGCTGGATATTCCTTGGGACAAGCAGATTTATTAAGACGTGCAATGGGTAAAAAAAAGGTTTCTGAGATGCAAAAGCACAGAGGATTTTTTATTGATGGAGCGAAGAAGAAAGGCGTAGATTCAAAGATCGCTAGTGAACTATTTGATCAAATGGTTCTTTTTGCTGAGTATTGCTTTAACAAGAGTCATTCAACTGCTTATGGAGCTGTCACTTATCAAACTGCATATTTAAAGGCTCATTACCCTGTTGCATATATGGCGGCATTGTTAACTGTCAATTCCAGTTCAACTGACAAGATTCAACGATATATTTCTAATTGCAATTCCATGGGTATTGAAGTTATGCCTCCAGATATCAATTCCTCTGGAATTGATTTTACTCCTCTTGAAAATAGAATTCTTTTTGGATTATCAGCAGTAAGAAATCTTGGAGATGGTGTTATTAGGCAGTTAATAAAAGCTCGAGTTAATGATGGCCTCTTTTTATCTTTAGCAGATCTTTGTGACAGAATCCCTTCTAATATTTTAAATAGAAGAAGTTTAGAATCGCTAATTCATTGTGGAGCACTTGATGCTTTTCATCCAGAGTCTAATCGTGCGCAATTGGTAAAAGACCTTGATTTGATTATTGATTGGGCTGGTGCGCGTGCCAGAGATCGAGCTAGCGGTCAGGGAAACCTTTTTGACTTATCCTCTGAGAAAGAAGAAAAAAGTGATATTTCATCAGCTCCTCAAGGCCCTATTGTTAAAGATTACCATCCCACTGAAAAACTTAAACTAGAGAAAGAGTTGTTAGGATTTTATTTATCCGACCATCCTTTAAAGCAGCTTTCAGAGCCGGCAAAGCTTATTGCTCCTATAAGTTTAATAAATTTAGATGATCAAAGAGATAAATCTAAAGTGAGTGTTATCGCGATGATAAAAGAGATGCGTATTGTTAATACTCGCAAGGGAGATAAAATGTCCATTTTACAAATTGAGGATTTAACTGGTTCATGCGAGGCAGTAGTTTTCCCAAAAAGTTTTTATAGGTTGTCTGATCATTTGCTAACAGAAACACGCCTTCTTTTTTGGGCTTCTGTTGACCGTAGAGATGAGAAAGTTCAATTAATAGTAGATGATTGCCGCTCAATTGATGACATGAGATTTGTCTTGATTGATCTATTGCCAGAGCAAATTAATAAGATTGAATACCAACACCGCCTTAGAGAATGTCTCTTCAAGCATAGACCTGGTAAAGACGAACTTGGAGTCAAAGTTCCTGTTGTTGCTTCTATCAAAGGTATTAATAGTATTAGATATGTTCGCCTAGGACATCAATTTTGTGTAAAAGATGCTAATGCTTTGGTTGAATCTTTAAAGGAGATTTCGTTCAATGCAAGTTGCAGCAAAAGTTTAGTTAAGTAATTAACTTATTCTTCTTTCGAAGTTATAGGTCTGAAGGCACTGCGCATTTTTTCTATATTAGGCCTTATATTTTCCAACCCTAAAATACTGCCTGGTATGTCTTCCCAGCTTGCTGAAAGTATTCCGTAACTTAATCCTAAAAGACCAATTAAAAAACATATTGCAGAACTTAATAGGGTGATAGAAGGAGGAACATCTGTTATCCCTTTTATGATGAGTAAATAACTCACTATAAAAACACCCATTCCTGATAGCGTTGGTATACCAGTAGTAATAGCAATCCTTCTTGCCATGCGGTTTGCTACTGGTTTTGGTATAAAAGATTCTCTCTTTCTTTTATCCTTTCTATTTTTTAATTTATATTTTTTTGAGGAGTCTTTCATATGAATAAGTTTATATTTTCAAATAGTTTGATTATTAGCCTCTAATGCCAAGTTTAGTAACTAGTGAACTGTATCTACTTTCGCTTTGCTTTTTAACGTAATTAAGCAATCGCTTCCTTTGACCAATCATTTTAAGAAGACCTTGTCTGGAAGAGAAATCATGATTATTACTTTGAAGATGTTTGCTTAGTTGGTTTATCCTTTCGCTTAACATCGCTACTTGTACTTCAACCGAGCCTGTGTCGGTTCCATGTGTTTGGTGCTTGTTGATGATTTTTTGTTTTGCTTCAGTATTTAGCGTCATGTTTGTTAAGGGGAATGCCTGGGGAGAAAGCTTAGATGATTTCTTAATCTAACTTGTCGAGTTGCTTCTTAACCACTTTCTGTATTTATTCTAATGAGAGTTTCTTTGAGGAGAGTTTCAAAATCAAGACCTTTGCTAACTTCAAAACTCTCTTGAGCTTTAGATCTAATTGATTTGGAACTTGTTTCAAACTCTAGAAAAGCTTTTTCAATTTCAGAATTCTTGTAGTCAAGATTAAGTAAAGTGCTTCTCACTTCATCTGCAACGTTCGTTTCATACTCTAGTTCTAAGTGATTGTTGGTTTTTTTTAGACTTGAGCCAATTAAATCAGAAAGCTTGTTTTGGAGTTCGATTACTAATCTTTCAGCAGTCTTTTTCCCTACGCCTGGACAACTAGTTAGTTGAGCAATCTTTTTTTTAGTTATTGCAGAAATAAGTTGTTCTGCTGGATTCTTTTCAAGTAGTGAAATTGCAAGTTGAGGACCTACGCCACTAACACTTATTAATTTGCGAAATAAGTCTCGTTCTAATTTGTTCAGAAAGCCTATTAATTGAGATCCATCTTCTCTATGTACTTCGTGAACCCAAAGTATTAATTCTTTTGACGTATTTAATAGCTGAAGGCTTCTACTCAAGAGTTGTACTTCATAGCCAACACCAGAGCATGAAATTAATACTCCTTTTCGAGTTCCGTTTTCCCAGATTTCTATTTTTAGACCATTTAACCAGCTAATCATGAGGGTATTTTATGCAGAGATCTACTTAACCTCCATCGATTGAACAACCAATCATTGCTCCAGCTGCGCCACCAGCAGGCACGGCCCACCATCTGTCTTTACCCCTTGTCCCTGACATTGTTATACCAGCACCAAGCAATCCTCCAATAAGTGAACCTTCCTTGCAATCATTAGTATCTTCTTCTTTAAGGACTGATCCTGTACGCTTAGCTGAACGTTTTGTCTTACAAGGTACTTCTGTTGTTTCAGTCCAGTGATTTACATAGCCTGGAGATTCTTGTGTGCCAGGAAAGTATTCTTCTCTATATTCGGTCTTTGTGCATGTTCTAGATCTTGAGTATCCAGCTTGATAATCATCAGCATTTGCAGTTGAAGAGAAGCTTAGTGCAAAGATTAATGTGAGCAAGAATTTCATGATGACAATCTTTTTACTAATTTTATTAGAAATTTGGTAAATCGCTAAGAGAAATTAATGTCGCGAGTAAAACGCATGTTGCTCCTACAAGTATATAAAACGTTAATGGTTCAGAAAAA
NZ_CP138936.1_gap14	881987	884593	2606	ATAACTCTAGTATTATTACTAGGTAAACTTAGACGCTGTGTCGCTGATTGGCTATAAAAAGGTGACGTATATAAACTAGTACGAGTAAATACTGTAACTGCAGTAGCATGTTGATGCTGTTTGCGTAATTTTTCACTTGCACGTACTGCATGATTTGCTATTGCTTGTCGCAGCTCTTCTATGTTACTTACAGGACGGCTAAAGCTTCTGCTGACGCATGTTTCTTTTTTGGGAATAGATTTTATTAAGAGGTTGAGACATTTTTCCCCTCTTAATTCATGTTGTAAACGTATGCCTGTAACACCGAATTTTTGCCTTAGTTCATTACTGGGAGTGTCTCGTAATTGTCGAGCATTATTAATTCCGTGCATTCGACACCAGTAGGCTAATTTTCTTCCAATGCCCCAAACGTTTTCTATTGCAACTTGCTTAAGCCAATGGTCTTGATCATCGGAGGCTTCGAAATCAAAGATCCCTGCATGGCTTGCTGTTGTTTTTGCTAAGTGGTTAGCAAGCTTTGATTGGCTTTTGGTAGTTCCAATTCCAATAGCAATTGGTAAGCTTAGACTTTGATATATTGTTGTGCGTAGTCGATATGCCCAGGGATTGAGATCGTAGTCATGAGGACGGTTGATTTTTACGAATGCTTCGTCAATAGAATAAATTTCCAGCTCTTCACAGTTTGCTTCTATGAGACTCATTAAGCGCCGACTCATGTCAGCATAAAGTGCGTAGTTTGAACTTCGTATTTTTACTCCAAGATCTTTTAGCTTGCGACGTACCTTGAAATAGGGTTGTCCCATAGCGATCCCAAGGGCCTTGGCTTCTGCGTTACGAGCTATAACGCAACCATCGTTATTAGAAAGCACTATTAAAGGATGATTCCTTATGGAAGGATCCATGCTCTCTTCGCATGAAGCATAAAAATTATTACTATCAATTAGAGCTATAGACATAATTAGGTCTTTTATTTTCTACGGGGTAGCGTATGAATTGAATATATTGCGACCCCCCAGATTTGTACGGCTCCATATCGACGTAGATCGATTATTGGGTAGTTGTGATTCGCTGCTTCTAAATAAGGAATGTTTTTACGGTAAGTTAATTTTTTTAAAGTGAAGGCCCCATCAAGTATGGCGACAACGATATTGCCTGGTTTTGCGTCTAGGCTACGGTCAACAATTAGTAAGTCTCCGTCTAGTATTCCTGCATTGCTCATAGAGTCCCCTTTTACACGTAGAAAAAAAGTGCTTGCCGGGCGATGTATTAACTCTTCATTTAGGTCAATGTTATCTTCCACATAGTTATCAGCAGGAGAGGGGAAACCTGCTGTTACGGATTCACTCGGCAAAGGCAGCAGTAGATTTGAAGGATTGGGATGAGCACCATGTAAACGCAAAACAAAAAGATGGCAGATAGTACAAATGTACCATAACCATTGCGGCTATTAAGGTCGTTCTAGGGTGGATTTACTCTCTATGGTAAGGGCTCCCTTTAGCGATAGAGATTGCTCTATATAATTGTTCTGCCAGAATAAGCCTAGCCATTTCATGTGGAAAAGTTAGAGCTGAGAGACTAATGCATAAATCAGCACTAGTTTTTACTTCTTGAGATAGCCCATTGGTACCTCCAATAGCGAAAACAATGCGACTTGAACCCAAGTTTTGCAGCCAATGAGAAAAATCCATAGAAGTAAATTTCTCACCTTCTTCACAAAGAGCTATTAGTAACTCATCTTTTTTTATTGAGGAAATAATAGCTCTTGATTCTTTTTTTATATCACCATCACGTATTTCAGTGATTGATAATCCTGGAAGCCTTTTTCTATATACCTCTAGACCATTTTGTATCCATGATTTACGGACTTTCCCTATAGCAAGTATTCTAAATCTAGATGGATTAAGCACTGGTTTCTTGCTTTGAGCTATTAAAGAAAATCAATCTTCTTCTTCGAGCAATAATCGCTTGAAAGAAATATACATATCATTATTTTCATTATCGTATTTTGCTTCGGACTTAGTTTTATTCTTTGATGAGGACTGAGAAGAAGACTCTAGGAGAGTGTGTTTTTTGTTATGAGATTGTTTCTCTAAGTCAAAGTATTCAGCTTCTTTAAGGCGATCAATTAAATGAGAGGGGATTTTTCCGTCTGGGCTGGCTTTAATTAATTCTTCAAAAAGTTTTTTGGGATTTGATTCAGTTTCAATAGGATGAAGGTTTGAGCTTGGTGCTTGATTAGGTTTGGAAGGAGTGGGTAGTGATTTAGGAAGCTTTCGACCTAACTCTCGTAGACGTTCCAGGCTGTGGGAATCAAAGCTCATTGTTAAAAAGAAATATACTTTTAAAGAAGATTTTGATTAATACATACTCTATTTGAAAATGTTGATTGTATGAGATGCTTTTTTGCGATTTGATAGATGTATTGAGTTATTAGAGAATTACAAAAGGAGAAAATATAATATGCCATTTTCAGGACACGTTCCACGTAAGCGTTTTGGGCAACATTGGCTTCGTGATGATTCCATTCTAGAAAAAATTTTGCTAGCAGCAGATCTTCAAGAAGAGGATCGTATTTTAGAAATTGGGCCTGGACGAGGAGCTCTTAC
NZ_CP138936.1_gap15	903851	905255	1404	TATGACCGTCTTTAATAATAACTATTAACTAAAGCTTGCATTATTTTAGTTTGATATGACTATGAAGACAAATAACTTATTTTAATTTTAACTTACCCACTTTTTTATATGAATTATACAAATTACCTTAAGCTCTTGGATCCACTTCAGCAGCAACTCTCTGGTGTATATTCAACTGCCACACTTATAATTTCAATATTATTATTGCTATGGGCTGTGAATTTTATTTTGGGCTTGATTAGTAAAATATTTGTCTTAGGGAAATCAGTTGGAACTTTCTATAGAAGTTTTATTCATAGGTACATAAGAATATTAATATATAGTTTTTTAGGACTCTTTACAAATAAGAGTTTAAGAGAGAAAGCTTAAATAAACTTGTAAGATATATGACCCTTCTAGGTTTCTAGATTGCAATTAATAGGGATTTCAAAAGGAATACAGCTATTAGGCAACTCTAATATTGTTGAAACAATAGAAGCTATATCTTCTGGTTGAGTCATTGCCTCTTTGCTAATAGTTACTATTGAATTTGACATTTCTGTATTAACCCAGCTAGGACATATAGCGCTTACTCTTATACCTTTCTCCCATCCTTCATTTCTAATAGTTTGACAGAGCCCCATTAGGGCAAACTTAGTAGCGGTATATCCAGCAAGCTGACCTTTTGACCTTTTCCCACTCATTGAGACGAGAACTATTATCCGTGAAGTTTTGCTTTTGCAAAGATATGGCCATGCAGCTCTTGTAAGCAGCCATGGACCCATAACATTTACTTGCCATAAATCTTTTATATCCGCCTCTTCTCCTTTTTCAAAGATTAGATTGGTCTTTTTAAATATTCCAGCGCAATGTATCAATGTATCTATTTCTCCAAAATAATTAATTGCTTCATCTACCCATAAATTTGCATCTAGATTATTTATTGCATCATATTTACTTATCAAAATATTTTTCTTAAATTTGTTTAATTCTCCTTCAACTTTAGATCCTTTAATAGAATTAACATCCCTTAACCCTAAACCCACTCGATGTCCATTATCAATTGCTAGCTCTGCAATTCGCTTACCTATACCTCTTGAACCTCCTGTTATTAGAATCGTTCTCAATTTTTTAGATGCTAGGTTTTACAAAATCCCATAATAACTTTAATTCTCTACCTTTCATTTCCATTAACCCCCACTTTACGTTTAATGGAGCTTTTTTGAACATAGTCCACATTGCGGCTACTAATTGATTTAAGGTTAATGTATTTGTTAAAAAGCCGTACCACTGATTGTTAGATAAACTAAAGAAACTTTTAAAGAAATATCTTAATTGAGATTCTGGAAATCTCATTAATTTTTCTAATCCAAATTGATAAAGAGCTTGTTTCCTCCTTAGTTCTTTTGGCCAAAGTGTCTCCCA
NZ_CP138936.1_gap16	1050256	1053703	3447	AATCGTTCTTGCCCTATCTTCAGCTGAAATACCTGTTGATACTCCATATTCAGGCCCTGCATCTATGCTTACAGTGAATGCTGTTTGATTGGAATCTGTATTTCTATCAACCATAAGTGGAAGATCAAGTTGGTCTAATCTTTCCCCATCCATAGCAAGACAAATCAATCCTCTTGCTTCAGTGGCCATAAAATTTATTTGTTGTGGAGTGGCAAACTGTGCAGCGCAAATTAAATCTCCTTCGTTCTCCCTGCTTTCATCATCAACAACTACAACACACTCTCCATTGCGAATAGCAGCTAAAGCATCTGCTATCTGATCAAAGGCTATATTTAGGGAATTTGTTGCTGTCAATTCTTACCTCTTTTCAGCTTTGAACCGTTATTGTTGTTATTGAACTAAAGTTTAAGTTCATAGTTTTCTTAGAATCTATTCTAATTGTGCATGGACTCAATAAATAATAAGTCAATACGCGTAGCTGTCATAGGTGCCTCTGGATATGGGGGTATACAATCCATAAGATTACTTAAGGAACACCCAGATTTTGAAATCTCTTTTTTAGGCGGTTATAAGACAGCTGGCTTGAAATGGAATGATTTATGCCCCTTTTTGCCTTTAGAAAACGATCCAACTATTAATGCTGTTGACCTTTCTGAAATAACTGATAAGTCAGACATTGTTTTACTTAGTCTTCCAAATGGTATTTCATCACAACTAACACCTAAATTAATTAAGGAAAAAGTAAGAGTTGTCGATTTATCAGCAGATTATAGATATAGGTCTTTAGAGGAATGGAAATCTATTTATTCAGTTGAATCATCTAAACATTCCAGAAAGGACGAACTTCTATGTTCACAAGCTGTATATGGAATACCAGAATGGAATTCTATAGAAATATCTAAGGCTAAAATCGTAGCCTGTCCTGGCTGTTTCCCTACAGCAAGTCTTTTACCACTTATGCCTTTTTTAAAGCAAGGAATAATTGAAACAGACGGAATTATAATTGATAGTAAAAGTGGAACTTCAGGTGGAGGTCGTGTACCAAAAGAACACTTATTACTTGCAGAATCTTCAGAGTCTGTAGAACCATATTCTGTTGTAGGTCATCGCCATACATCAGAAATTGAGCAGGAACTTAGCAATTTATCTGGATCAAATATTCAAATACAATTCACACCTCACTTAGTGCCAATGGTTAGAGGATTACTTAGTACTGTTTACGCTAGATTAAGAGATCCCTGCTTGACAGCAGAGGATTGCAAAACTGTCTTAGAAACTGTCTATCGCTCTTGTCCTTCTGTAGAGATCCAACCTGTAGGTGTATATCCAAAAACAAAATGGGTACGATTTACAAATAAGGCTCTAATTAGCGTACAAGTAGATCAACGTAACGGCCGTGTAATTTTGATGTCAGCAATAGATAATTTAATCAAAGGTCAAGCAGGGCAGGCTATTCAAAGTCTAAACTTAATGTCAGGTTTACCAACATGTAAAGGGTTACCTTTAATTGGTTATTATCCATAATATATAATTTAACGTAACCTTTGACCTGCTATAGCTATACCTAGACTAATAATCTTATGCTCTTGTGATTGTATCCTTTTAAGTAGTAGTTCCTCTGTGTCTCCTGTATTAACTTGTACTGCAGATTGTATTAATATTTCTCCTGAATCCACTTCTTCTTCAACTATGTGAACTGTACAACCAGTAATTTTAACCTTATTATTTAGAGCATTTTTAACAGCTTCTTTTCCTTTAAAACTAGGCAGCAAAGAAGGATGAATGTTAATTATCTTGTTCTTAAATGAGTCGATTAATATATGTGTAACTATTCTCATCCAGCCAGCCATTATGACTAATTCAACATTATAAGCGTGTAAAAGATTAACTAAATGCTGATCTAAACTCTCCCTATTTATAAAGTCATTGGAGGTTACTACTTTAACTGGTATTAAATGTTTATTAGCTATTTCTATAGCTCCGCAATTTGGATTACTAACTATTAGACATTTAATCTCTGCGTCTAGTCTTTTTGATAAAATATCTTCTATTATTGCTTTTAAGTTACTACCTTTACCAGAGGCTAATACTGCAAGTTTTAGTTTTGGTGTAAATCTTGGTAAGCTTATAATATTAGGACTAGTGATAGATTTGATATTAATAGAATTCATGATATAAAGTGATATTCAAATTTTAAATAAGTTTTATAAAACTTCTGATTGTGATCATTATATCTAGAATAATCATTCATAACCATTTGATTTTGTTTTTTGGATAAATGATTTATTTTTCTACTAGACCATTCATAATAGAAAGAAAATTTGTTGACCACTTAATACCAGCCAGAAATGAACTTCCCAGATTTCAACAATAATAATAAAGACGATCAATGGGAAAGATTCAGTCAGCTACTTTTTTATGACGAAGAAATTGGTTTTTGGCTTGATATAAGCAGAATGAAGTTCTCATCAGAGGATATAGGCAGTTTGCAAGATAACTTCAAAGAAGCTTGCAAATCAATGAAAGCTCTAGAAAAAGGATCGATAGCCAATATTGATGAATCAAGGCAGGTTGGTCATTATTGGCTAAGAAATGCGAGTCTTGCTCCCAGTAAGCAAACTTCTAATTCAATTAGGAATGAAATTAACGATATCAAAACATTTGGCGAAAATATTTTAAATGGGAAGATCACTACTGCTCAGGGGAAGCCCTTCACAGATGTCCTCTGGATTGGTATAGGAGGAAGTGGATTAGGACCACTCCTTATCGTTAATTCTCTTCAAGATAATAATAAGGGACTGAACTTTTCATTCCTCGACAATGTTGATCCAAATGGAATTAATAAGACCTTAAATTCATTTAGAGACAAACTATCTACTACTTTATTTGTTGTCGTTAGTAAATCTGGAGGTACTCCAGAACCTCAAATTGCAATGGACCAAACACGTTTCTTTTTAGATAAGAATGGTCTCGATTGGAGCTCAAGAGCAGTAGCTATAACCATGGAAGGTAGTTCCTTAGATCAAATAGCAGAAAACGAAAAATGGTTAAAAAGATTTGATTTACCTGATTGGGTAGGTGGAAGAACAAGTATTACAGCCTCTGTAGGACTTCTACCACTTGTTCTTATTGGAGAAGATATAGACAGTTTTCTTGATGGAGCCTCGCAAATGGATCAAATAACACGACGAATAGATATTTATAAGAATCCATCTGCATTACTTGCTGCATCATGGTATTTTTCTGGAGCTGGTAAAGGAAAGAGAGATATGGTTGTACTTCCTTATCAGGATAGGCTTCAGGTTTTCAGTAAATATCTTCAACAACTTGTAATGGAATCATTAGGAAAAGAAGAAGATCGTAATGCAAATAAGGTTAACCAAGGTTTAGCTGTATATGGAAATAAAGGATCTACAGATCAACATGCTTATGTACAACAACTAAGGG
NZ_CP138936.1_gap17	1058147	1061044	2897	AATGGATGGGATGTTTTATATTGGCCTGTCGATAAATACGGAGTAATAGATATAACTATGATAGATGAATTATTAGCACCCCCAACTAAGATAGTTTCAATTATATGGGGCCAAAATGAGATAGGAACAGTTCAACCAATTACCCAAATAGCTACAGCATGTAAAAAAAAGAACTTATTTTTTCATACTGACGCTACACAAGTTATTTCGCAGGGTTGTTTTAATTTTAACACTCTTGGCATATCTTCATTCTCAGCTTCAGCACATAAATTTAGAGGTCCTAAAGGTGTAGGTCTTCTTATAATTGATAAGGAATATCTCTTTATGTTAAAGAATTTATATGATTTAGGCAATCATATTCCTCTCTTCAACAAGGGTACTTTATCTCCTGCCTTAACCTATGGAATGTCACTAGCCTTAAATGCAATTACTCAGAATTTAATAATTGATCGTAATAAAGTTATATTTGAAAATACAAATACTTCTAATATAACTAAATCTTTATTAGACCAGCTGAAAAATTATGACACTTTAATACTCACAGGTCACCCTCTTATCCGTCTTCCCAATCATCTTTCTTTTGTTGTTAAGGGTAAAAATGGCATACCTTTATCAGGAAGGCAACTAGTAAGAGAACTTTCTAAAAAAGGCATTTGTGTTAGTACGGGTAGTGCCTGCTCATCCAAACATAAAAAGAGCAGCCATGTACTTAAAGCTTTAAATTTACCTGACAACCTATTAAAATCTAGTTTAAGAATAAGCTTAGGTAATTGGTTAAAGGATATAGATCCTCAATCACTTGGTAATATAATTATCTCAACTATAAAAGAAGTCTCACAACACTAAAATAATGGATAATAACAATCATCAAGAGATACTTCCAGAAAATCTTTCTATTTGCGAGGAAGTTATGCAGAATTCACTTTTGAAATATTTACTTAACCCATCTAATAATCGTATATCAATAGACTTAAAATTTGAAGGTTTAAAACTAGATCCAATTGTATTTAGATTAGCAGATAAGTTAAATAATAATAACTTAGAAAATTTAGTTGTTTATTCTGACTTTGGTGGAGCATCCTTAGCAAAACGAGACTATCCGAGTTATACAAGTAAAATTTATGCTACAAAGGAACTATTAAATACAACATCTAAACTAGATAACTCAATAATTATTGCTGTGAGTCCACAACCTTTTGACTATGACGAATTTGAACGCTTTTCTACGTCAACAAATTCAACTATAGTTATGATTAATGGCCGTCTTGAAGAAACTTCTATAGGTGTTGGTCTTGTTGGCAGAGAGAGAAGAATTAAGTTTATTAGATCATGGGAAAAAGTATTTTGGATTGAACCTTTAGTACGAGGAGCATTATATAGGGAATTTCCCTACGATTGGTCATTATTTTCATATTCTAATGATGGTTATAGGTTCTGTAAGAAGTTTCCTCAACGTCCCGAAAAAGATACTATCAATTTAGAGTTAAATTGATTTAAATTATAATGATAAAAAAAAATACAATCCTTCTTGCTCTACTTTTTGTTTTCTCAATAATATTATTTAATAGATATAATGGTTTTATTTTAAGCTTTAAATCATTACTAAAGAGTCAATTTAATCTAGATAATAATAAGTTTACTAAGAAAATACACCAGAAAAATATTTGTTATAATCTTCAAAATCAATTTACTTCAATCTTAGGTGATGAATTGCCTTACTGGAGTATTACCGTATTAAATAGTGATTCAACTGTCATAGCAGAATTAAATGGAAATATATTAAGGATACCAGCATCTAATCAAAAGATATTTAGTTCAGCTTACGCATTAACTAAAAAAGGACCTTATTTCCGACTTTCTACAGATGTATATAAAAATAGTAATGGCTATTATGAAATACTAGGAGCTGGAGATCCAGATATAGACTTAAATAATATTTCAAAAATCTCATCAGTAATAGCAAAAAGACCTTTTTATACCAAAAGTAATACAAAAATAATCTTATATGAGGAAAATAAATCATTATGGTGGCCTAAAACATGGTCTTATCAAGACCGTCTTGAAAGTTATGGAGCACCAATTTCACGATTAGCTATAACTAGTAATGCTAATGAATACTCTGTTACTGAACCGCTTGTAAATTTCTCTAATTACTTATCACTATCTTTATATAAATATAAAATCAAACCTATTATCGAATTTCAACAGCTTGATAAATTTAATAGGAATCATAAGAGACGTTTAATTTATAATATTAAATCAGCCCCTCTTTATATGTTACTTAACCTATCTAATTCAGAGAGTCATAATTTTATAAGTGAAGTGTTAATGCGGTCTACAGCAAATACATGGGTTCCAAAAGACTCATCTTTTAAATTACATAATTGGCTAACCTCTATTGGAGTAAACGAGAAGCATATTGATATTAAGGATGGAAGTGGACTATCTCGCTCCAATCAAACCACAACTAGGGCGCTATCATCAGTGCTATATTATATGAAGAACCATAAATATAGTGATTACTTTGTTTCTTCAATGTCATTATTAGGAATTAGAGGTACCCTTAGAGATCATTATATTATGCCTAGGCCCTTAGGTTACTTTTTAGGGAAATCAGGTACCTTAGAAGGTGTTCGCTCACTATCAGGATATTTATATACAGATAATAAAGTTCGTATTGTAAGTATAATTCAAAATAATGCTAATTATGATGAGACGATTTTTTCAGAATTACTCAGAATGATTTATAATCATGATGAATGCATATAATTATATATCCCCTTGTTTATATATTTTATATAGATCTTTAGCAACAATAGCAGGAACCATATGATCAATATTACCTCCGAACATTGCTACTTCTTTAACTACTGAACTGCTAAGAAAACTATGTCGAG
NZ_CP138936.1_gap18	1063185	1064375	1190	GGTATGATATTAGCCATATCCAGGGATCAGATGCTGTTGGCTCTCAAGTTGTATTTGTGGAAGGCATGCCAGCTAAGCATCATTATAGGAAGTTTATAATTAAGGATGAGACTATTAAATTAGGTCACAGCGATGATTACTTATCAATTTATGAGTTAATTACCAGGAGGTTCTCTAGATGGTCAAAATATAAAGAAAAGGGAGTAAATCTATCAGATATAAGAAATTATAAATCCAGTATATTAGATCCTTCGACATTAGCAGACTTCCCAGATCTAGTTATGATTGATGGCGGTAAGGGACAATTAAATATTGCATTAAAGGCTCTTGAGAAACTTAATTTATCAGAGGATATAAAATTATGTTCACTAGCTAAAAAGAATGAGGATATTTTCATACCCGGTAATAACAAGCCTCTTAAATGTAATAACGATGATAATGGATTATTGTTACTAAGAAGATTGAGGGATGAAGCTCATAGATTTGCGGTAACTTTTCACAGGAAACGGCGAACATTAGGAATGAGAAGGACAGAACTAACAGAAATACCGGGAATCGGACCTAAAAGAATTAAGGCTTTGCTATTACACTTTAATTCAGTTCAAGCTATAAAAATGGCTAGAAAAGAAGAAATAGCTTCAGCGCCTGGCGTTGGAAGAGAATTAGCAGAACATATATGGAATTACTTCAATAAGTAGTTTGATGATTTTTAATTTTATTAAATCATAAATATTTTCCCTCTAAGAAAGTATAAATAGTGACAATAAAGACTAATATGAGTATCTTATATTCATATATTTACTTGGGATGAGCTTACCAGCAGAGTCTTACTTATGGTTAAAGACACTTCATATTATTGGAGTAGTTGTATGGTTTGCAGGACTTTTTTATCTTGTTCGACTTTTTATCTATCATGTCGAGGCAGATGAGCTTGAGAGTGATATTAAATTTGCCTTTGTTAATCAATATTCATTAATGGAAAGACGCCTCGCAAATATTATTACTACACCAGGAATGATACTAGCAGTATCAATGGCTATAGGTTTACTTATCTATAACCCAAGCTGGCTTGAGCAAACTTGGATGCAGGTTAAACTATTCTTTGTTTTTTTGCTACTCATTTATCATATATTTTGTTACCGATTAATGTCCTCTCTGGCCAAGGGAGAGTGCAAATGGTCAGGTCAACA
NZ_CP138936.1_gap19	1071390	1074057	2667	TGTTGTTATTGGAACAATAGATGAAAACGGTATGGCACGAACCTCAGATTTGAAGATAAAAATAGCAGAAAGATCCTTCAACGATGCAACAAAATATGGAATAGCAGAGTTTGATATTTTTTACGATCCTTTAGTATTGCCTATATCAACTGGTTTGGAAGAAGATAGAAATAATGCGAGTGAAACAATTAAGGCAATCTCAATTTTAAGAAAGAGATTTCCACATGTACATATAACTCTTGGCATTTCTAATGTTAGTTTTGGACTTAACCCAGCTGCTAGAATTACTTTAAACTCTGTATTTTTGGAGGAATGTATAGTAGCTGGATTAGACTCTGCAATTATTTCACCAGCTAAGATTTTACCCACGCAAAAAATTAAACCAGAACATCGAAAAGTATGTATCGATTTGATATATGATAAGAGATTATATAAAGATGACATATGTATTTATGATCCACTAACAGAACTTACATCTTTGTTTTCTGATGTTACATCTCAAAGTCTAAAGCAAAGAACTGATGAGCTTAAATCATTACCATTAGAAGAGAGACTTAAAAAGCACATAATAGATGGTGAAAAGAATGACCTCAGAGAACATTTATTAGTTGCTCTTGATGATTACAAGGCTTTGGATATAATTAATAACTTTTTGTTAGATGGCATGAAGGTAGTTGGAGAATTATTTGGTTCAGGGAAAATGCAACTTCCTTTTGTTCTTCAATCTGCAGAAACTATGAAATATGCTGTTTCCGTTCTCGAGCCTTACATGGAGACAAATGAGTCTGTTCAATCAAAGGGTAAATTTATAATTGCTACTGTAAAAGGAGATGTACATGATATTGGAAAGAACTTAGTTGATATCATATTAACTAATAATGGCTATGATGTTATCAATTTAGGTATCAAACAAGACATATCTGAAATTATAAATGCACAAAAGAAATTCCAAGCAGACTGCATAGCTATGAGTGGGCTACTGGTCAAATCTACAGCATTTATGAAGGACAATTTACAAGAGCTTAATAACAACTTAATATCCATACCTGTAATTCTTGGAGGAGCCGCGCTAACACCTAAATTTGTCAATCAAGATTGCAATAATGTTTACAAAGGTCAAGTTATTTATGGCAAGGATGCTTTTACAGACTTAACTTTTATGGACGCTTATATGAAGGCTAAAAGTAACGCTAAATGGGACAATTATAAGGGCTTTTTAGATCATAATCCAACAGGAATACAATTATTTGAAAAATCCAATTGTTCAATATCAGAAGCTGCTGAAAAGTCGTCACCTACAAAAACTAACTCCATTAAGTTATCTACATCTAAATCGCCTGTTATCAAAGAGGAAATATCTATATCACCACCATTTATAGGCTCTAAAATTGTACATGATGATAATATTAATTTAGATAATCTTATGTTTTACCTAGATAAAAGAGCTTTGTTTGCCGGACAATGGCAATTCAAGAAAACTAAAGATCAAACTAAGGAAAGCTACCAGGAATTTATTGATACAGAGGCTACTTCTATTCTTAACCATTGGATAAATAGAATAAAAGAAGATAATTTGATTTCACCAGCTTTTGTATACGGTTACTTTCCTTGTGGATCAAATGGAAATAATTTAGAGATATTTGATTTTGATGGTAAGAAAAGAATAGGATGTTTTACCTTTCCCAGACAAAAAGCAAATAACAAGTATTGCATTTCTGATTTCTACAACCCCTTGAAGGAGAATTCTCCAGTTGATTATATACCTATGCAAGCTGTGACTATGGGCAATGTTAGCTCTGAATTCGCGCAAGTATTATTTGCTGAGGACAGGTATTCAGATTATTTATATTTCCATGGATTGACAGTTCAATTGGCTGAAGCGTTAGCCGAATACTCTCATGCCAATATCAGACAAGAATGTGGATTCGTTATTAATGAACCAGACAATATAAGAGATATTCTTGCTCAGAGATATCAAGGTTGCAGGTATTCATTTGGTTATCCAGCATGTCCAAATGTAAGCGACTCTAAGAAACAATTAGATTGGCTGCAGGCTAGTAGAATTGGAATTTCTATGGATGAGTCAGATCAACTAATTCCTGAACAAAGTACAACAGCTATTATTTCATTACATTCTCAAGCAAAGTATTTTAGTGCCTGACACAGCTAAAACTATTGGCTGCAAAGGATCTCAAGCATTTGGATAATATCATTTTGAAAGGAACTCATTTCTTCAGCATCGCTAAGATCTATCCCTTCGCCTGCTGCATTCTGGATCAATTCATGAAAATGAAATTCACCTTCGCCATTTGCTAGAAATTCAATTGCAGAGCTTTCGCCACTTTCTCGGAAAGCGTCGCATAAGGCGATGAAGGATGCGTCTTCAGAGAACTCCCAATCCATTGAGGAGGTATTACTGATTGATTTTTAAACCTTCACCCCCCTATCACGTCAACCTTTTTTTAGAAGAATCAGTCAGGAATTTGCATTTCAACATAAAGTAAAAGCGTATGATTTAATGATAAGTGTTGCAGTGGAATAGATTTGGGCGAATAGGTCTCCCAAGATGAAATCAATTTTTTTTGTTTGTTAAATAATGTCTATTGGATCTATAACTCTGTAAGAGTCAAACTAAAGGTGGGAACTATTAGATTATTTAAAACATCT
NZ_CP138936.1_gap20	1075460	1080319	4859	TATAAAACATATCCATCTAGTACTCTTTCAATATGTAAAAAGAAAATAATGGAGTTGAACAAAGGGATTTAGCGAATTAGCCTTAAATAAGTCGGTTCGTTTCAGTGCCATCATCTGACAAAGAAGGATCAAAACGAATATCAGTTGATTTACCAGTTGAGTTAATAGAACGTTTTGATGAATTAAAAACTCAATGGGGACTACGAAGGCGTGGAGCTGTATTAGAGAGACTTTTAGACACATTATTTAATGATAATGATGATATTAATAATCACACTACTAATGAATTATTTACCAAGGGTGTATATCAGCAGGAATTAATTGAGTCTAATAATAGCGCAGAGCAAACAACTGAGTATATAGAGGACAATTCCATAGTTTTAATTAATGCAGATATAATAGAGAAAAAAGATTTGGGTAATAATCCAAGTATCAATTATACTAATGATGAACAAAAATTGCAGGAAAAACCATCCCCTAAATTATCAAATATCAATTTACCTGGATTTGTAAGTAGCAGAGCTCAAAAACTAAAAAAGAGTCTAGGAAGGTCTAAAAACATAGATAATAATTATGATTCAATTATACATACAATTAAAGAAACTGAAGTCGAATTATGTATTAAAGAGTCTCTTTCCCACTGGATTTCATTATATGGTAACAAACCAAGAGAGGAGGTAATTGAGGCAGCGATGATATGGTTTGCCAGAGAAATCTGGCCGTATTTAGATAATACTCAGAATCTACCTTTTACTTGGCATGCAGCCAGTGAAATGATTACTAAAATGTGCCCATTTTGGAAAAAAGAAAATCCATCTTTTGAAATAATAATTGTTATGGCAGGCGTACTAGAAGATCCATTTGCTACTCACACTTTAGTAAATAGGATCCCAACACTGATTAGACGGTTTGTTAATAGTTTTAAGCGAAGAACTAATGTAACCTCTTTCCAAACTTTAGAGTCAACGATGACTATAACTGGGGCTCTAAAATTGTTAGGTTTGCCAACAACAGCAGGAAAATCAGTTTCACTTTCTACAGTCAGAGATGCTTATAAAACAAAGGCACTACAAAATCATCCTGATTCTGGAGGTTCAACAGAAATTATGCGCAAGATCAATGAAGCTTATCAACTATTAAAAGATTTATATAAGAAAAAACCAACTTAGTGTCTAATCAATCTAGATTGAGACTTATTACAAGTCTTACTATTAGTCTCATAGGGGATCAATGAGCATTATTCCAATAGGATTTATTATTCCGAGAATTTGGTTACTCGATTTTGGTTTTTATGAGAAAAGTATTGAAAAGTGAGTCTCAGATCTCATTGGTCTACTTAGAGTCCAATTGCAGGACTAACAATGAGTCTAATATAAGACAAGCAATTTAGATTTTTTCTTTAATTTTAAATGTTTTTGCCTATAAGAAGCTCATGCCATTAAAAAGTGGAGAGTTTTAATCGTAAATTAACTATTTCGCGTTCGACCTCTGTCCATACAGATGTTAGCATTGAAAAAACCAATCATAGACTTGCTTTAGAGATATGCGTAACTGTCATTACTGCAGTTACGCAAACACCACCAGTTCTCTTTTGTATTTTTCCTTCCTCCACTTACCTATTAGGTCTTCGACTTTTTATGTCACATGTATTAGATGGGACTCATAGGAAGACTCATAAATAGACTCAGCTAAGACAACTGGTACTTTCACAATCCTTTAGTTATGAGCCTGCCTACTGATCCGTCAAATGTTATACAGCCTGGCGAAACCTGCCATGTAACCTGTGCTGATATTGATACTTCAGGGAGAGGAATTTGTCGTCACAACAATTTTGTTCTTGTAGTTGCTGGTTTGTTACCAGGAGAGGAAGCTCTAGTTAAATGTGAATACATGAAGAAAAACTTTTGCTTAGCCTCTCTTATCAAGATTATAAAGAAATCACCATTAAGAGTTAATCCTAAATGTTCCTTTTATTCAGACTGTGGAGGATGTTCAATGCAAGAAATAGAACCCCACTATCAATTTGCAATCAAAAAGAAGTTGCTAATAAATGCTTTAAGTAGGATTGGCAAATTAAACGATTTTCCTGAACCAATTTCTATTACGCCTAGCCAATTCTTTCACTACAGGAATAAATCGACCTTTCCTGTCTACAATGAAAGCTACGGAAATACAATCATTGGCTATTACCAGCGAAATAGTCACAAGATTGTAGATATAGATAATTGCCCTGTCTTAGATCATAAAATAAATAAGGCCCTATCAGATATAAGACTAATTCTAAAGGATAATCACATTAATGCGGATCATGACATCAGACGAAAAGGTGGATTACGACATATTTCTATTAGATCTGGTATTAATACAAATGAAGTTTTAATCACTTTTGTTTCAAATTTTTCTATAAAAAAATTGCTATTTCCAATAACAAATAAATTGAATGGAAGTGAATCAAATGTAGTAGGGATTTTAAATAATATTCAACCAAAACCTAATAACAAAATATTTGGAGCAACTACAGAAATCTTAACTGGAAGAGATTATATTTACGATAAATTTTGTCATATGGATATTCTAATAGGAAGCACATCATTCTTCCAGGTAAATTTAGTAGAAGCTGAAAAGGCTATTAATTGTATTCGTAATATAATTTCTAATACTAATAAAATAGTTCGTATTATAGATGCTTATTCAGGTATAGGAACTATGTCAATTCCATTAGCTAGTGATGGCTACAGGGTAATCGGGATTGAAATTAATAATGAGGCACATGAAATAGCTATAAGAAATGCTGAAATTAATAATATAAAAACCATAACTTTTGAAAACCAAGATGTAACTAAATATTTGCCTAAAATCCTTTTACCTAATGACTTCTTGATTCTTGATCCTCCCAGAAAAGGGCTTGATCCTTCTCTTATAGATGTTATTACAAAACTGATGCCTATTCATATATGTTATTTAAGCTGTAATCCAGCTACGTTAGCAAGAGACTTATCACTTATATTGCGTGAACATAAATATTCTATTATATCAATAACTGCATTTGATTTTTTCCCTCAAACAACACATTTAGAAACATTAGTATATTTAAAAAGATTAACTTCTTAATTCAGCTGAAAATTCTACCTTTAACTTTTCTCTAATTTTATCATGAATAGGGGAAACTTCCTCTTCCTTTAGGGTATCTTTGTTCTTTCTATATCTTATTCTAAAAGCCTGACTTACTTTACCCTTTGGAATGTTATCTCCTTCATAACGATCGATCAAATAAGCATCTTCGACGAGAGGACGGCCCGTTTTTATTATTAAGTTAGAAATATCTAATGATTGTATATTATTATCTACTAATAGTGCTATATCTCTTTCCATTGAAGGTACAGTTGGGAATTGTTTAAAACTTATATTTAACTTATTTTTACGGGTAGAAGACTGTAGAATTAAATTGAAATTTAACTCAAAAATATAAATAGGGTAATCAATATTTAAATCAGATAATTTAGAAGGGTGTAATTCTCCAAAAAAACCTAATTCTTTACCTTCAAGTTTTAACATGGAGGACTTACCAGGATGCAATAATTGGTTTTCATCTAACTTTTCATCTGTGATATTTATATTTAAACTATTTAGTGCTGAGTGTAAAATACCTCTACTTTGAAAATAGTCTAACGATGAATTCTTAGTCTCAGTTTGCCATTGACCAATTGATTTATTACCAACTAAAGCTCCACATAATAAGCTTGTTTCATTGATTCTTCCTGAATCAATATTATAAATCTTTCCTATTTCATAAATCCAACATCCTTTTTGCTCATAAGCCATATTTCTCTGACAGATATTCAAATGTTCTTGCCATAGGTTTGTTCGTAAATGGCTAGTTTCACTTAACAGAGGATTAGATATTGCTACTTGATTTTTACTATATTGGTCTTTTGCTACAAGCGACAAAGTAACTACTTCTTGAAAACCAACAGAAGTTAATGATTCTCTAACCTTTCTCTCAATTTTCTGTTTAGGTGTCAAACCTCCTGGTCTTAATGGATTTGGTAAATTAGAGTCAAATCTGTCATAACCAATTAAACGAGAAATCTCTTCAATTAAATCAATCTCTCTCTTCAAATCTAATTTTCGATTAGCAGGTACCTCTACAAGCCAACCCTTAACATCTTTTTGTAACTTACAACCTAAAGATATGAGAGATTGCTCTATCTCATGATCATCAATATTTCTTAGTGTATTTATTTGTGATTCACCTGATTTATCAATATTGTTTGAATTGTCACCTGCGTTAATATTTGTTTTATGTTCTACTACTTTCCCTAAGGTTTTGTTTATTTTTTCTCTTCTAAGTAATAATAGTTGTTCTTCTATTACTAATTCTCTGTTTATCCATTTTTCTAGAATCTGACAATCAAATGTTTTAGTAAGAAGATTGAGGCATCGTTCAACTGAGCTTATTGTTATTTCGGGTGAGATCCCCTTTTCAAACCTAGTACTAGATTCAGTACGTTTACCTATCTCCCTAGAAGAAATTCTTACAGAGCTAGGAGAGAAAAGTGCAGCTTCTAACCATATCTTTCTAGTTTCCTTATTCACACAAGAATTCTTACCTCCTATTATTCCGGCTATAGCGATAATGATATTGGAGCAAGTTATAACATCTACTTTAGAAGAAAGTGAATAATCAATCCCATCTATTCCTATTAAATTTTCACCTGTCTTTGCTTTTCTAATACCAAAATCATTTATTGTAACCTCTTTTCCAGTTAACTCACAAAGCAGATCAGCGTCAAATGCATGAAGGGGTTGACCTTGTTCTAGCATTGTATAATTAGTTAAATCTACAATTGCATTTATAG
NZ_CP138936.1_gap21	1081322	1082288	966	GCTAGAACTTAAAAAGTTCTGTCCACAGCTAAACAAAATGACAATCCATAAAGAGATCAAATAGGTCATTATCATTAAACAATTCATCTAAATTAGAAATGCCAAATTCACTTTTTAAAAAAAAGCTTTCACCAATAAAGCCAGGTGATCCTATTGATTATAAAGATGTAGAAACTCTCAAGAAATTCATTACAGAAAGGGGGAAAATTCTACCTAGAAGACTCACCGGATTAACTGCAAAACAACAAAGGGACCTAACTACTGCAGTTAAACGAGCTCGTATAATTGCTCTTTTGCCCTTTGTAAATCCTGAAGGATAAACAAAATTAATCACTAATTAAATAGTTTATTGCTTTATAATTTCAATAAATAATGGTACATAAAAGAGCATTTACTAGAAAATGCTTAATAGAAAGTAAATCAATCTTAGGCCGTGACATTATAAGTAACAAGGATCATCATAAATATAAGGATATTACTAACCTAAAAACCTATACCATAGACGACCCCAATACTATAGAAATAGACGATGCTATCTCATTAGAAAAAAGAGGAGATAAATGTTTTCTATGGATACATATTGCTAATCCAGCAGAAACTATCAGTTTAAATAGCGCATTGGCTCAAGAAGCTATGATTAGGTCAAGTACTATTTATCTAGCAGAATCGATAAGTTATATGTTTCCTAAGGAACTTATTCGGGAAAAAATAAGTTTAGTTCAAGGGAAAGAATCGCTTGCTATTAGTCTAAAATTAGAGTTAAGTGATAAAGGTGATATTAATAGTTTCTCAATAGAAAGAACAAAGATTAAACCAGATTATAAGCTTAGTTATGAAGAGGCTAACGAAATTCTAGATTATCAACCTAAGGAAGAAACTGAATTGATTATATTTTATAATCTTATAAACCAGCATTACAATAATAGAATTAAACAAGGAGCAATAATTATAGAAGAGTCTGAAGGC
NZ_CP138936.1_gap22	1095578	1099287	3709	GTACGAAATTTGTTTTTGTATTATAAATCTCAGATGGATCAATTAAGATGAAATGTATTTTTTGTAATTTCTCTGTCATCTACAGATAAAATTTAATTTATTGATTAGCCATGGCTAGACCTTTAAAATGGAGTTGTATAGAGCAGTGTGGGGCATGTTGCAAGCTCTCCCCTGAAAGTAGAACCGAAGCGATGGAGGTACTAAATAATGAAGAGCAAGAATTGTACTTATCACTTGTTGGTATAGATGGATGGTGTAAGTTCTACGACAAGGCACGGAGAAAATGTACTGTTTACAAAACTAGGCCTAGCTTTTGCGATGTAAAAAATTTATGTACAACTTTCAAAATCTCAGAGTCAAACACCGAGTCTTTTGCAATTAAGTGCTGTAAAGAACAAATAAAACATATCCATGGAGCAAGAAGCAGAGAGATGAAAAGGTTTATTTCTAATATTAAACAAGTAAAATAATATTATTATGACTGCAAAGGATTTACTAAATATTACCAAGGAAAACTCAGAAAACGGTTTTTACCAAACGTTAGTAACCACATTTACAGCAGTATTTCTAGCTGAACTTGGAGACAAGACACAAATAGCTACATTCATGTTATCAGCTGAGACTGGACGACCATTTATTGTATTTATAGCAGCGGCTACAGCTCTAATATTATCAAGTCTTATGGGAGTTGCAATAGGATCTGTATTGTCTAAAAGGATCAATCCAAGAACCCTAAACACAGTTGCCGGATTTCTAATGATTACAATAAGCTTATTTATGCTATTTGAAATAATAGAAGGCAATAATATTCTTACTAATATACTAAAATGATATCTGCAATCTTTATCTCTACCTTCTTGACTATATTCCTAGCGGAATTAGGAGATAAAACTCAAATAGCGACTTTGGCAATTAGTGGGACTAGCAAAAGACCATTAGCTGTATTTATTGGCTCATCAAGCGCACTAGTTTTAGCAAGTTTTCTTGGAGTGGCTTTAGGAGGTTCAATATCGAACGTCATTCCTACTTATATATTGCAAATAACTGCTTCTATAGGGTTTTTCATAATAGGCCTAAGCCTTCTCATATCAACCAAAGAAACTACTTAAGAGGACAACTCCAAGGTTGAGGCTTGACTAAAACGAAATAGGTGAGAAATTAAAAAATCTAGTGTCTTAGAATATAATTTTAAGCAACTGTACTTAATAAATTCAATTAAGAGTACAGGATTTCCTAATTATGTTTACGGTAGCCAAAATACTAGAACTGCTACCCCAAGAAGGGAGTCTAGAAATTAAGACTCTTGAAAAGATGCTGAAATTATCTCGCAAGATAGAACGCACAAGACTTGAAATTGCCATAAAAGCTCTAGCAAAACTAGGAATAATAGAGCAAAAGAATGACCATCATATTCAAAAAGGAAACATTGAAAATACAATTCCTGCGACAATCAGATGCAGCAGTAAAGGATATTGCTTTGCAGTTAGAGAAGATGGAGAAGAAGATATTTATATAAGAGAGAAATTCCTAAATCATGCATGGCATGGCGATAAAGTATTAGTACGAATAAGCAGAGAAGGTATACGCAGAAGATCACCAGAAGGTGAAGTATTATGCATATTAGAGAGAACCAAAACAAATATCTTAGGAACAATCAATGAAAATAACAATGAAATTATAGGAAAGCCATTAGATGAAAGGATTTTATCTTCTATAAATTTACCATTAGAAAATAGTAGATTTATTGATAAAGATGAAAAAATAAATATTGTAGATATAAAAATTAACAGATATCCTATTGGTCAATTACCAGCAACTGGAGAAATAGTTAGGAAATTAAGTTTAAATAACGGCCCAGAAGGAGACTTGGAGATTATTAAAACAAAATACAACTTATTAGATAGTTCTGTAGCACCTAATGTAGCGTTAAAGAAACCTTTGCAGAAGAACAGAAATAACCTAGAAAGTCAACCTTGCATACTTTTTAAGAGCTGGTCTTCTAAGAATTGCCCATTACTTCCAGCACTATATTCCGAGCCAAGTAATGGAGGCATGACATTGTGGATTCATATACCTACTATTGGTGAAAGATTAAATTACGGTAGCAAGTTAGACGAATGGATCAGAAATAGATCGAATTCAATTTGTTTTGGTGAAGAATGGCAATGTTTTTTAGGCGATAAGCTTAATAAAGAAGCTGGATTCGAAATTGGCAAATCAAACTCTGCAATAACATTAGAACTATTTATAGATAAAAATGGAAAATGTCAATCCTGGGAATTTTATTTAAGTACTATAAAGCCAGTAGCTAAGGTCTCACAAAAGAATTTAGATGATATTCTCAAGAGAAAGAAAAGATCACGTATTGTACCTGCTAGTTTAAAGTTATTAAAAGATTATATAAATAATATTGAGGACCTATTATATATCTCCAAAATAATAAATGAGAATTTGATCAAGGCAGGATTAATTCAATTAGATTTACCTGTTCCTGTAATAGAAAATTTAGAAGATTTAGATAAAACTGTTCCAGGGGGAGAATTTAATGGATGGTCTGACACTTATAAAGACAAAGATCCACAATCTATTATCTCAGTCTTTACAAAGTATGCAAATATCATATTAAAAGATCATTTTATTTCTTATAACATTAGTTTTATAGCACTTAAATTTAAACAACCAGATAATATACAATTAAATGACGTAATCAAATCTGCATTAGTATTAGATACGAAAATAAATGTTAATGAAGAAGGCATTATTAGTTTTAAAGATCTTATTCTCAGCCTTAAGGAATCTCCTAATAAAAGGTTAATAGAGAAAATAATTAGCAATACTATTTTAGATAAATATTATTCAATACCAACTAGTAATTCAGATGATTTAGGTTTATCTAAAGAAGATTCAACTAATTTAATCAGTGCAGATATTGAGGCACCATGGTCATCTCCTGGAATGAATTATGCTGATGTGATTAACCAATTCATTCTTTTAAAGCTTCTTAATGAAGGTAAATCATATAAAAGTAAAAGAAAAGGTAGCGACCAATCTCTTGGTTCAATTAATATTAACCAAGACAATAACTGGGAAATCTTTGATATAAATGCTAAGGAATACTTAGCTAAGGTTTGTAGCAAAACAAACCTTAGGACATTAAATACCAAGAAAAAACAAACTAAGTCATTTAGGAATGGATTGATTTCAATGATTCAATTAAGATCAGTAGAAAAGAGTATAGGTAAAATAATACAAGGAACTATAACTGGCGTTCAGAGCTATGGTTTTTTTGTAGAGATAGATCCTTCAATGTCAGAAGGACTTGTTCATGTAAGTACATTAGAAGATGACTGGTATGAATACAGGTCAAGGCAAAATCTATTAATAGGAAGGAAGAATAAGAAAACCTTCCAGATTGGAGATAAGGTTAATGTAAGTATTGAAAAAGTTGATTTACTTCGCAACCAAATAGATTTGAATGTAAAAATTGAAGATGGCAATTCAGAAATAGAATCCTCTCAAACTGTTACTACCAATCATACAAAGTAAATAAAAGCATATGTCTTCAATAGTATTAGCAATTACAGGAGCCTCTGCTCAAATTCTAGCCGAGAGGTCTATAGATCTTCTGCTTAGGTGCAATCAGAAATTAGATGTAATTATTAGTAAGGGAGCATATGAGGTATGGAAGTCAGAGATGAATGTCAATATT
NZ_CP138936.1_gap23	1155059	1157660	2601	TAGACAAATTAACGAAATTACCGATTTCTTTCTGCCTATGGAGGCACTAAGTTATAAATTAGCAATTATTTCAATTGACAAGAGTTACCCGGGTCAAGCAAGAAGAGCTGCTATGGCATTCTGGAGTGCATTGCCTCAGTTTACTTATACAAAGTTTGTTGTTGTAGTTGATTCAACAATAAATGTTAGAGACCCTCGTCAAGTTGTATGGGCAATATCCAGCTTAGTCGACCCTCAAAGAGATCTATTGGTAATGGAGAATACACCTTTCGATAGCCTTGATTTTGCAAGTGAAAACATAGGTCTTGGAGGGAGACTAGCTATAGATGCAACAACGAAGGTTGGACCTGAAAAAAATCATGAATGGGGAAATCCTTTGATTCATTCAAGTAATCTTTCTAAAAAGATAGATGAGCGATGGAATGAACTTGGACTTTCTGACTTAAAGCCAAACCATGCTGACCCATCATTATTTGGATATGTGATAGATGAAATAATAAAATTCAATCAAATCACAAAATCATAAATGGAGATAAATAAATTATCTTTATAAAGCATTGACTAATAAAATATTAATTAACCAACGAGATAGTGCACTTGAGCTTAATAGAGAACCCATCATCATTAAGAGACATAACACCTGGAGGAAGTCTTATTGGGAACGTAAAGGTACCTGGAGATAAATCAATATCTCATAGATCTCTCTTATTTAGTGCAGTGGCAGAAGGAGAGACAACGATAGAAGGCCTTTTACCAGCAGAAGATCCAATTAGCACAGCTAATTGCTTGAAAGCAATGGGAGTCAAGATAAGTCCAATTAGTAAAGGTGAAATTGTCAAAGTACAAGGTGTTGGATTAGATGGATTAAATGAGCCAGACGATGTACTTGATTGTGGGAACTCTGGCACGACAATGAGATTATTACTTGGTTTAATAGTTGGCAGGGAAGGGAGACACTTCGTTTTAACTGGTGACAATTCTTTAAAAAGTAGACCAATGAAACGAGTGGGTCATCCACTAAAGATGATGGGAGCACATGTCAATGGTCGTGCTAAAGGAGACTTTGCACCAATTTCTATTGTGGGCAAACAACTTCATGGAGCAGTTATAGGGACGCCTGTGGCAAGTGCTCAAATTAAATCTGCAATTCTACTTGCTGCTTTGACGGCAGAAGGTTCAACTACAGTTATTGAACCTGCAAATTCAAGAGATCACACAGAAAGAATGCTGAAAGCATTCGGAGCTAATCTTGAAATAAGTGGTGAGATGGGTCGCCATATAACATTGAAACCCGGAGTAAAATTAAAAGGCACTCAAATTGTTGTGCCAGGAGATATCAGTTCCGCTGCTTTCTGGTTAATTGCAGGGTCAATAATACCTAAATCAGATATTACAATTGAGAACATTGGACTTAATCCAACTAGGACCGGAATACTTGAAGTGTTAGATAATATGGGTGCAAATATCCAGTTGTTAAACAAAAGAGAAGTTGCAGGCGAACCGGTTGGAGACATCAGAGTCACTTATTCTGAGCAACTTAAATCTTTTACTCTCGACAATGAAATCATGCCAAGACTAATTGATGAGGTGCCAATACTTATAGTTGCTGCATGTTTCTGCGATGGTATAAGCCAAATTACAGGTGCTAGTGAATTACGTATTAAAGAGACAGATCGTCTTCAAGTAATGACAAGGCAACTAAAAAAGATGGGGGCAAAAATTGAAGAAAAAGCAGATGGCTTGACAATTAATGGTAGCCAAAGCCTACATGGAGCCAACCTAGACAGTGAATCAGACCATCGGATTGCGATGAGTCTTGGAATAGCCTCTCTTTTAGCAGATAGTAATTCATCAATATTTCGAAGCGATGCTGCTTCAGTCTCATACCCAGAATTCTGGAGTGATCTTGAAAGACTTAGAAATTGAGTCAACAAACTTCTATGAAAAGTTGAATCACCTAGATATAATTAAAACGAAAGACGGAAGCATAAGTCTAAAAAGTTCCGAATTTAAAGAACCTTTTCATTGCTCATTGGGTGCCAAGAAAGAAGCTCTTGAAAAATTTATCTATCCATCTGACTTAAAAAACTATGAGAGAAGTAAAAATCTTTTTACTTTAGATGTTTGTTTTGGCATGGGGTATAACACAGCTTGTCTAATGGAAGAGTTACATAACCATAAAATATCACTAAATTGGTGGGGGCTAGAAAAAGATAAAAGTCCACTTACTATTGCTCTGAATAAAGATATATATACCTCTGGCTGGTCAAATGAAACTTTAAGCAATTTAAAAGCTATCCAATGCTTAAATCACTGGAAAACTAAATCAGGGGAAGGTCAGATGTTATGGGGAGATGCCCGACAGCAAATCCATTTAATTCCTCATGAAATAAAATTCGATCTAATATTCCTGGATCCATTTTCCCCTCAAAAATGTCCAGAGCTATGGACTGAAGAGTTTTTGAAAACCCTTTCAAGGAAGCTTTCTAAAAAAGGGCGGATAATCACTTATTGCACTGCAGCTGCTATAAGAGCAACTTTAAGAAGAACTGGATTGGAAATAAGATCAATTTTGCCCACTAACTTACATCTCAGAGATTG
NZ_CP138936.1_gap24	1203708	1207113	3405	ATTGCCTCTAGTCGTTTAACCGCATTAAATCTTGACCGTCTATTAACAAATCCAGCTCTACAAAACCAATTTAAGCTTGATCAAGATGAAGTCGATAGAATCACATATTGCCTATATGAGACAGGCTTTAGGTGGGGCATCGACGAAAAAGATCGCAATGGTAATAGTACTCATAGCTTAGAGTGGTGCTTAGAACGCTGGTTACTTGGAATTGTGCTTCCAAATGAACCAAATTTCGTAGAAGGAGATATAGCTCCATTTTCTTCAACTTTTACTGTTAACGAGATCACAAAATGGTGGAATTTACTATCTTTATTATGCAAGCATCTAAAAGCGCTGAGGAATTCAAGGAAATCTAATCAATGGGTTTTTCAATTAAAGTCAATAGTTACAGATCTTTTAGAGAATGAAAGCAATAGAACATGGGAAGGTGAATTGTTCAATATAACGATCGAAAACTGGTCACAAGATTCAAATGATTGCATCTTAAATATACAACCACTTGTAATAAAGGAAATACTTACAGAATTATTTTCTCTTGAGAACGGTCGGTTCGGTCATAGAAGTGGAAAAATAACCATTAGTGCTCTAGAGCCTATGAGAGCAATACCCCATCGAGTAATTGTTCTCATGGGACTAGATGAATTAGTTTTTCCTCGTAGCGAGGAACGTCCAAGTTTTAATCTGCTAGAACAAAAACGCCTACTTGGTGATCCCAATAATTGTGATAAAGATCGCTATGTGCTTCTAGAAGCAATAATGTCCTGTCGACAACATCTTTTGATCACTTGGAATAGTAGAGATGAAAAAACAGGAGAGAAGCTTGAGGCGCCAGCACCAATTAATCAATGCATAGATTATCTTAAGAATGAATTAAGTGAGAGTGATCAATTAGGTTTAGTCCAATCACCTCCACCTAATCCGCTAAGTAATGAAAATTTCATTGCTACTGAATATCAACAACCAATTAGTTGTGATAGGCGTAATCTAGAAGCAAGAATATTTCTTGATAACTTTACTAAGCCAAAACAAACTGCTTTAGGAATTCCATTTAGATGGGAAATAAATTATAAATTCAAAGAAAGTATTTTAACGAATGATATAGTTAAAAGTTGGTTGAGAGCACCTCAAATTACGTGGCTTGAGCATTTGCAGCTTAGGTCCAGAGAAAAGAAAATCTCAATCGAAACTATAGATACATTTAATCTAAATGAGCTCCAAAGGTACCAATTACTAAATGAAGAATTATTCACACAAAACAACCTTGAAAGTGATAACAACGTTTTGCCTATCTTATTAGGTGCAGATGATTGGCAAAAAAAGCTTAGAGGGCAAGGTATACTTCCTCCAAAATCAGCAGCAGAATTAGAGTGCGAGATACTTGAAGCACGAATAGCAAGTCTCTCATCACTAATAAGGGACTTGGGGGAATTAGAGGAAAAGAATCTCCAAATAAACAATGAAAATATAACCTATCTGATAATTCAAGAGGATATTTTAGTCGTAGAAATCGGTAAGTTAAAGTCAGCTACAATTATGAGTGCATGGCTACAACATCTCCAGGTTTGCCTATATGACGATAAACCAAGAAAGACATTAATAATTTCCAGAAGCACTACTAAATCTTCACAACATCAATATAAGCTCTCAGCAGAATTCACTCCTATTTTAAAAAAAGATGCAATGGAAATGCTTCAAACTATTTATATGCTTGTTGAGCAAGGCTTAACCGAATGTTGGCCAGTGCCTCCTCAAAGTGGGTGGGAACTATTTAAGGCTAGGTATATGAAAAAAACTAATTCTAATAATTACTTTAAAAAAAAATGGAAAGGTAGCTTCAATCAACATGGTGAGAACCACAATTCGGAAATGATATTATGTTTTGGATATGATTGTGACGCTGAGCTATTTCTAGGTAACAAAATATTTGAAAATTGCTTAAATATTCTCTACCAACCAATACTTAACAACTTCACTGCAAGATGATCTACAGAAAAATGTCATATAAATTTTTAAAATCTTTTGGTATAACAAAGGATGGAATACTGCATAATAAGAAAGGTGAGTGGTATTTATATGCACAAATAGTAGTGATTATGACACAACTACTTACTCCACCAAGGCACCAGCTAGAATATTTGCCCATCTCAATCAAAATAATTGCTTTATTAATATTGATCCTAGGTGCTTATCGAGCAATCCTAAGTATAAGATATCTTGGGCCAAATTTTTCTCCACTTCCTGAGCCAAGAGAGTCTACAGTTTTTGTAACTGAAGGCCCCTACAAATATTGTAGACATCCAATATATCAAAGCATAATACTAATGTCTATTGGCTTGACTTTGTTTAGAGCAAGTCTAACTCACCTAATATTATTTATAATATTAGGTATTATTTTAGTTAGCAAAGCTAAACTAGAAGAGAAAAAGTTAAAATTAATTTGTTCCCAATACTCAAAATATTTATTAAAAACACCAGCTATTTTTAAAGGGATTAGTTTCTTTGATTGGCGTCACTAATACCAGATTCTTCATATGTATTATCAACTGAAGAAAGAATAAAATGACCACTATTCCATTCCAACCAAATCAGTACCCCCTTGAACCAGGCATGAGGCTTTTAGAAGCCAGTGCAGGTACTGGTAAAACATATTCATTGGCTCATTTAGTTCTTCGCCTTCTGACAGAAAAAGGATGTCCTATAAATAAAATTTTAGTCATAAGCTTCACAAAGGCTACTGCATCGGAGATAAAAGCAAGAATAAGTTCTCGACTCGTATTAGCCCTAAAAGGATTAGAAAGTTATACGCCTAAATCTCTGGCAAGTTGCACTGATCAGGTAATGAATGAATGGTTAGAGTCAAAAGTAATAGATGAATCTACTAGGCTTCAATGGGCCAGTCTTTTAATTAAAGCATTAGAAAATATTGATTCTGCGGATATCACAACTATTCATGGTTTCTGTAGTAGAAACCTTAAAAGGGAAGCTATCGATGTTGGTAATAATATAGAAACTGAAGCACTTTCAGAAGAAGATAATAAAGAGCTAATCTTGGAAATAATTCATGAATATTGGAGAGAAGAGGTTCTTTCATTAGCTCCTTCGCAGGTGAAAGGACTACAAAATGCAGGAATATCAATAGATTGTTTAGTCAATAGTCTAATAAAAATCGACAATAACCCTAGTATCGAACTAAAAAAGATCCATCAGGAAATTAAACACAACGAATCCTTGTCTCGTCAATTTAATGGCTGGATTCAAAATTGTTGGGATGATTTTGTCCTTGAATGGGGAGAAGGCGGAATGCAATTAGAAGAAGATTTTAGACTTCAATCACTTTCCTGGAAAAAAATGGGGATTGAAAATATCAGGCCTTTCTCTATCAAACCTAGAAGAAAGAGAGCT
NZ_CP138936.1_gap25	1239643	1243838	4195	TGAAAGAGTATTCAATTACTTATTAGCAATTATCTAAATCGACGCGCAGTCCCTTAAGGTATATATAACATTCAATAAGTTCAAAGCTGTGAATAAAGCTACAGCTAATGAACGAAAAAAACTCCGCCTTCTTCTTGTTGCAAGTAGGAAACATCTCTCAAGAGGAGATTTAAGGTCGCTAATCAGATTTTTAGAATCTGAAGATTGTGGATTCGAGATAAAACTTCAATTTTCTGACCCTAAGGAACAACCTGAATTACTTGAGCTTCATAGACTTGTTGCAATACCGGCTTTAATCAAACTTGATCCTCAGCCTAAGCAGATTTTTGCTGGGACAAGCATATTAGAACAACTTAAAAATTGGCTCCCAAGATGGGAACAGGAAGACATTCTAATTAGTAGTGGATTAGGAATAAATCTTAGGCAAAAGGAAAGTGAGAATGGAAGAACAAGGAACGAATTACTTTTAGAAGATGAAAATCTTGTCCTACGACAAGAGAATGAAACCTTATCTAATCAAATTGAATCTCAAGAGAGATTACTTCGAATGGTTGCTCATGAGTTAAGGACACCACTTTCTGCCGCTAAGTTAGCTCTACAAAGTCAAGCGCTGGGTCAAATTGATTTAATTAAATTACAGGAAGTAGTGAAGAGAAGGTTGGAAGAAATTGAGTCTCTATCGAAAGATCTTCTTGAAGTGGGAACAACAAGATGGGAGGCATTATTTAATCCTCAAGAGGCAAACCTTGCCAATATTGCAGCTGAAGTAATTCTTGAACTTGAGAAATTTTGGCTCTCTAGAGGAATTGGAATAAATACTGACATACCTGCAGACCTTCCTAATGTTTTTGCTGATCAAAGTAGAATGAAACAGGTGTTATTAAATTTAATAGAAAATGCTTTGAAGTTTTCAAATGATGGAGACACAGTAGAAATAACAATGCTTCATAGGACAAATCAATGGGTACAGATAAGTGTTTCTGATAAAGGTCCTGGGATACCAGAAGAAGAACAACAACGTATTTTCCTAGATCGAGTACGTTTACCACAAACATCTAATGAAACATCAGGTTTTGGTATTGGATTATCCGTATGTCGTCGAATTGTAGAAGTCCATGGGGGCAAAATATGGGTTGTCTCTCAACCTGGAGAGGGATCTTGTTTTTATTTCACTGTTCCCGTTTGGGATAAAAGAAACAAGTCCCTTGAGCCCTTGACCTTGACGCAGGGCTAGGCTTGAACTTAGCTTTCAAATGTGATTGATAGCACATTTGTGTATGATCACCGCCATGGCCCCATCGTCTAGAGGCCTAGGACACCTCCCTTTCACGGAGGCGACAGGGGTTCGAATCCCCTTGGGGCTATTAATTCGAACTAATCTCATAGGCAGCTTTCTCAACTGCTAAAAGATTGGTAGTCAAATTTTTTTTTAAATGTTTCTCAATTAGAGCAACTGGCATGCCAAAACAACCTTGGACAATGAGTTCGTAAGTAAGAGCGCTGCCATTATTAAAGGGTGAAGGAGCTATCTGCCAAGAACCTTCAAATCTTCGAAAGTCTCCTTTAATCAAAGAAAATCTAAGTACTCCATTTTCCTTTTCTTCTATTAATTTAATGCATACTTCTGCAGAAAAATTAAGCCCAAGAAATTCTTGTGAACCTACTTGCTTTAAATGAACTTGATTATCTGTCTTTAATAGAACTTCACTTGAAAGCAGATTTGGAATGAAATCACTAAGCCTGTTGTAATCGGTCAAAACCTTCCAAAGTGAATCAAAGTCCAAAGAAGTTGTTAATTGAGCAGCAAGCCTTCTTGTTCCACCTGGCAGGACTTCCATTGTCTGCTCAATTGTTCTATTTTCTTTTTCCAAATCGAAATAAGTCATATTTGCTTTCAAAGCTTTGTCATTAAAAGAAATTCAATAACTTTTCGAGATACCAATTTAAACCAAGAAAATAAAAACCAATGAACAATACACAAAAAATCTCTTTCTTGTGCCCTTTAAGAGAATGTTCAGACTTGTGGCAATCTCATAACGTGAACTTTGAAAAAGGCTATGTCGAATAATAAAGTTGAGATATTGGTATTCTTATAGTGGTTTCGTCTTTTTAATGGCTTATTCGGAAGCAACAGTCCTGGCCGGTGGCCTTATACATGTTCCAATTTTAATTGGATTAGTGGGGTTTTTCCAAAAATTTCATGGAGGCATTACTAAAAAAACTAGTAAATCCACTTTGACAGAGAAGAAATCCTCTCAACCCTCTAAGCCCCCTGAAAAGCCTTCTTCCTCGCCAAAGGCAATTAAAAAGCCTGCTCACCCCAATGTTCCTGTAAACACTTACAAACCTAAATCACCCTTTGAAGGGAAAGTAACTGAAAATTATAGTCTTTTAAAAGACGGGGCTATCGGAAGAGTTAATCATATTACTTTCGATCTTTCTGGTGGTAATCCAAAACTTGAATATGTAGAAGGACAAAGTATTGGGATCATTCCTGCGGGTGAAGATGCCAAAGGGAAACCTCACAAAATTCGACTCTATTCAATAGCAAGTACAAAATATGGTGATGACTTTAAACAAAATTCAGTTTCTTTATGCGTTAGACAACTTCAATATGAAAAGGAGGGTCAAACAATTGATGGTGTTTGCTCAACATATCTCTGTGATATAAAACCTGGAGACAAAGTCAAAATAACTGGACCTGTTGGCAAGGAAATGCTCCTCCCAGATGATGAAGATGCGAACATAATAATGCTTGCAACTGGAACTGGAATAGCTCCTATGAGAGCCTATTTGCGCAAAATGTTTGAAAAAACAGAAAGGGAAAAGAATAATTGGTACTTCAAAGGTAAAGCATGGTTGTTCATGGGGGCTCCTAAAACAGCAAACCTTTTATATGACGATGATTTTGAGAATTATAAAGCCCAATATCCAGAGAATCTTCGCTATACAAAAGCAATTAGCCGTGAGCAAAAAAACACCAAAGGAGGCAGAATGTATATCCAAGACAGGGTTCTTGAATATGCAGATGAAATCTTTTCCCTAATAGAAAATCCAAAAACACATATATATTTGTGCGGTCTAAAAGGAATGGAGCCTGGAATAGACGAGGCCATGACAACTGCTGCTTCAGCAAAAGGGTTGAATTGGTCTGAATTAAGGCCTCAGCTCAAAAAAGCAGGTAGATGGCACGTAGAAACATATTAATTGGAATGATTACAGCAAAGTCCTAGCAAATGCATTGCTATCGCGATTAAAGATGACCTTATCATTTATCAAATTCAACCTGATTTTGTTTTTTATTTTTGGTGATCTGAGAACAAACGATAGCGTGATTGAAATTAGCAATTTGAATTTAATTAATTAGAGATTTTTCCCATCTTTTGATGGAAGTTAAATAATGATACCGACTACAAACCCATTGAGAGTTGGTCTTAGACAAGAGAGGGTAATTTCACCTCAGTGTTTAATTATTTTTGGGGCCAGTGGAGATTTAACTCATAGGAAACTTGTCCCTGCCCTTTTCAAGCTATTCAAACAAAGACGCTTGCCCAGTGAATTTGCATTACTAGGTTGCGCTAGAAGACCTTGGAGTGACATTGAGTTCCGAAAAAAAATGTCAGTTTCTCTTAAAGATGAAATCAAATTAAATCCAAATGAATGGGAAGAATTCATAACTCGTCTTTTCTATGAACCAGTCAATCTTGAACGACCAGAAGATCTTGTAAAACTAGGTACAAGGCTCGAAGAAATAGACCGGATAAAAGCTACCCATGCAAATAGAACCTTTTATTTATCTGTTGCACCAAAATTCTATGCAAGTGGTTGCAAAGCTTTAGCAGATGCAGGCCTTCTCAAAGACCCACGAAGAAGCAGAGTGGTTATCGAGAAACCTTTCGGGAGGGATTACAGAAGCGCTCAAAGTTTAAATCGTATTGTTCAGAATTGTGCTCTTGAAAGTCAAATCTTTCGCATCGATCATTATCTAGGGAAAGAGACTGTTCAGAACATTCTGGTTCTAAGATTTGCAAACACAATTTTTGAACCAATTTGGAACAGAAATTATATATCTAATGTTCAAATAACTTCAGCTGAAACAGTAGGAGTCGAAGATCGAGCAGGCTATTACGAAAGTTCAGGAGCATTAAGGGATATGGTGCAGAATCATTTAACGCAAATGCTTGCAATTACTGCA
NZ_CP138936.1_gap26	1438264	1442885	4621	GAATAGAAGATGGTTTCTATCTGCAACATGCTGATCGACCTGGACTTATGACAAAGCGAGAAGTTCGTACTCAAGTATTAGCAGATCTTGAGCTTCCAGAAACTGGTGTTATTTGGGACATAGGTGCAGGAGTAGGAACTATTGGATTGGAAGCTTTAAGGTTAAGGCCAAACTTAAAATTATTGATGATTGAAAAGCGTATTGGGGGTAAAGAGTTAATCAATGAAAATGCTAAGCGCTTATCTGTTAAGCCAGAAATAGTAATTGAAGGAGAAGCTCTTAATTTTCTAGAAAAAGAATCAATTCCTATTCATATTTCAAAACCAAATAGAGTGATTTTAGGAGGAGGGAATAGTCGTAAAGATACTCTTCTAAAAATAATTCTTAGCTTCATTCAACCTCTAGGGATAATAGTTATCCCTTTAGCAACATTGGAGCATCTTGAAAAAACAATTCTAGTTTTAAAAGAAGCTGGCTGTGATGTGAAAATCAGTCAACATCAAAACTTTAGAGGTGTTCCCTTAATGCAAGGGACTCGTCTTCTTCCAATGAATCCAGTGTTTATTATTAAAGGAAAATTAAAATAAGAATATGATTTTTTAGTTCAATATTTTTCAGGTTTTGCAACATGAGGCAATCCCCATCCCAACTTTTTGCGAAGCACTTGGAAAAACTCATGATCAGTCAAGCGAATAAATCTTACTGGATGATTACTCTTTCGAATTAGAACCCTGTCTTCTGGCCAGACATAACAACCTGCTGTGCCATCCACTACCATCATCAATCTTTCAGGTGTCGCAGGGAAAACCGTAACGGGTTCTAAATCACTAAAGACAAGTGCTCTAGAGGCCAAAGAATGAGGAGCAATAGGAGTCAGCTGCAGCACTGGGCAATCAGGTGTAATAACAGGGCCACCTGCGCTAAGAGAATAAGCAGTGGAACCTGTAGGGGTTGAAAGGATGACTCCATCAGCTGAAATGTCAACAGGAGCATGTCTACCTATAGATATTTCAAAATGGCACATACTCGTCAAAGGTTCTCTATGCAATGCCATTTCATTAAGACAAAGAGCTTCCCATCGCCTTTGTTCTCCTCTCATTACACTAACAACAAGGCTAGTTCTCTCTTCAATTTCCCATTGACTTGCAAGTACTTGTTCTAAAGCTTTATCTATATCAGGGAGATATGCCTCGGAAAGGAACCCTAAATGGCCAGTATTAATTGTAAGTATTGGCACTCCAACTGGCGCTGTCTGTCGAGCTGCAGACAATACGGTGCCATCACCTCCCAAAACAATTGCTAATTTCATTGAAGGATCAAAACCTTCGGGGACACAAGCGTTGTAACCAAGGGTTCTCATATGTTGATCTGGATTGGCAAACCCAACCATCCCTCCAGAACTGCTTACTCGTACTACTTCATATCCAGATTTCTCCAGCTTAGACTCAATGCTGAGAGCAGCCTTTAAAGCGAGCTCCTTACCATCATTCAAAATCAGTCCTAGCCTAGGCACTGACAAAAACAAGCAAATAACTTATTCACTCTAACTAATTAAAACTGTTCTAAGAATCTCAGATCACTTGTATAAAGCCTTCTAATATCATCAATACCATGTCGAACCATACAAAAACGTTCAACTCCAAGTCCTGCCGCAAATCCAGACCACCTCTCAGGATCAATTCCTAACCCCTCTAAAACAGAAGGATCAACCATCCCACACCCCATAACCTCAAGCCATTTACCTCTCCATTGAACATCAACCTCTGCTGAAGGTTCAGTAAAAGGAAAATAACTTGCTCTAAACCGCACAGGCAAATCCCCAAAGAAAGCTTTTAGAAAAGCCATAACAGTTCCGCGAAGATGGCTAAAATCCAAACCCTCATCAATTGCTAAAACTTCTACTTGATGAAAAACAGGGGAATGAGTTGCATCTACAGCATCTCGTCTATAAACCCTTCCAGGGGCAACAATCCTAACTGGAGGGGCACTATTCTCTAAACATCTAATCTGGACAGGTGATGTATGAGTTCTTAAAAGTAAGTTATTACTCAAGTAAAAAGTATCTTGCATATCTCTAGCAGGATGATCTTCTGGAATGTTTAAGGCAGCAAAATTGTAAAAATCATTCTCTATTTCAGGACCCTCATGAACTTCATAACCAAGACCACAAAAGAGATCTACGATATGTTCTGTTGTTGTCAGCAAAGGGTGTCTGTGGCCGAAAGGGGTCCCAATTGGAGGAGCAGTTACATCAATCCTTTCACTTGCGATTAATTCATCTAGTTCCTTTTTCTTTAAAGTATTTAATCTATCTGTAATAAGTAGTTGAAGTTGATTTTTCAATAAATTTGCCCTTTGTCCTATTAATGGTCTTTCCGATCCTTTTAAAGTTGCCATAGAGCCAAGAATTTTTGATAAACGCCCTTTTTTCCCAAGCAACTGAATACGCAAATTTTCTAGAGATTCCTTATCGTTTGAAAGAGTAATATCATTTGCAGCCTCCTTCTCTAACCCTTCTAGGGAATCAGTTAGTTGTTTAAGAGATTCGTTTTGACTCACAAGAAAAAGGAATTGAATACAAACTTTAGACAGACATGGGGCCTAATTTTCCTAAAGAGCACACTTCATCCATGAAACCTTTGAAAATTTTAATTAGTAATGATGATGGTGTGTTTGCGGAAGGAATAAGAACTCTGGCAATTGCAGCTGCAAGTCGAGGGCATGAAGTAACTGTGGTATGCCCTGATCAAGAGCGCTCTGCAACAGGGCATGGGCTCACATTACAAGCTCCTATTAGAGCAGAAAGAGCAGATGAGCTTTTTAATGAAGGAATTCAGGCATGGGGATGTAGCGGAACACCTGCGGACTGCGTAAAACTTGCATTGAATGAACTTCTTAAAGAAAAGCCAGATCTTATTTTATCAGGAATCAATCATGGTCCAAATTTGGGCACAGATATTTTCTGTTCTGGAACTGTCGCAGCTGCTCTTGAAGGAACTCTTGAAGGTATTCCATCTCTAGCTGTAAGCATAGCCAGTTTTCAATGGCGCAAATTCAAACTAGCTGGAGAATTAGCATTAAATATTGCTGAAAATGCAATAAACCAGAAATGGCCTAAAAAACTACTTCTCAATTTAAATATTCCTCCTTGCGATTCAGAGCAAATGGGTAAACCAGGATGGACTAGGTTATCTATTCGCCAATATCAAGAGCAATTTAGCAAACGTAAAGATCCTAGGGGCAATGCTTATTATTGGCTGGCGGGAGAAGCTGTCAAAGACCTTGAATCTGCTGGAGATGGTCCTAAAGAATGGCCTAGTGACGTATCCCAAATAGAAACGAACTCACCTTCTCTTACTCCTATACAACCAGATTTATTTTGGCGAGGTAATGTTAATGATTTACCTAAATTAAATTAATAAGATCATTTCACACGATAGATCCGCTGAAGCAGCCAAAGAGAAAAGATCAACCCAATCAAGTGTGCAAAGAGTACTTGAGTATTGCTTAGTACCGAAAGCATTTCCAAAGAAGTAATTGGATAATTCTCCATTGATCTAACCCCAGCTCCGATAGAAATACCAGGAGCCTGCATAGAGGCTTGAACAAAAAGCGCTCCTGCTAAAGATTGATATCCAACAGAGGAAAAAACCAATCCCAACAGATCAACAATTAAACCCCTTTTTAACAATCTGCTTGTCTCAGCTCTGCTAGGTCTGGCTGGGGTATTAATTGATCTACCAGCAAGTACTATCAACCAACCCTGCCAAAGGCTGTATAACAATAAGAAGAAAGCCAAAGTGGTAAGGGATAATCCTGGCCCAAGGCCCAATGCTCTCTCTGAATTTCTTGCCAAGCTGCTTCCTATATTGTTAAAAAGCAACACACCAATCACAACAACTCCAAGCACTGTTTGGAACCAAAAGCGTATCCATCCAATACGACGCATGCCTAATGCAAGCAAAGGAAAATCGGGCTGCTCAGCCATCAAAATCAATACGGCATTAAGTCAAACTTGCCACCAAAACGAGAAAATTGCACGCTCATCTTGATATCACTCTGTTCTCCACTTCAAGCTCGTCTCCCTACGGCATTAGCTCTTGGGAGCTTTGATGGCCTTCATGCTGGCCATAGAAGCGTTATAAAAACAATCACTAGCAATACAACTGCTGTTCCTACAGTTGTAAGCTTTTGGCCCCATCCACGAGAAGTCCTTTATGGAGAATCAAAGCTTCGACTTTATCTTCCCTCAGAAAAGGCTTTGTTACTTGAACACTTAGGAGTAAAGCAATTAGTTCTGGTTCCATTTGACCTTTCTTTAGCATCCTTAAGTGCAGATGAATTCTTTCATGAAATCCTCATCAAAAACCTTCAAGCAAAACAAATTTCAGTAGGAGCTAATTTCAGGTTTGGAAAAAACAGAGAAGGTGATTCTGACAAATTGATAGAACTTGGGGAAAAAGCAAATATCAAAGTCAGAGTTCTAGAGATAATTGAAGATAACCAAGGCCGTATGAGTAGCAGCAGAATTAGAGAAGCCTTAAAAGATGGTGATATAAAATTAACAAATTCTCTTTTAGGAAGAGCTTATAGCTTTGGTGGGAAAGTTGTGCCAGGGAAA
NZ_CP138936.1_gap27	1456624	1459167	2543	TCAATGCTTGACGCAATATGGAATCAAGCTCTTCCACTTCTATATCCATTTCTTCAGCAATCTCAAGACGATTTGGCATTGCCCCTAATTTATGCGCCAAATCTAGGCTTACTTTTCTAATTGTTGCAAGCCTTTCGCTCAAATGAACGGGTAACCGAATTGTACGGGACTGACATGCAATCGCTCTAGTCATACTTTGCCTTATCCACCAGAAAGCATATGTAGAAAATTTATACCCTCTAGTTGGATCAAACTTTTCAACAGCACGTTCTAATCCAAGTGAACCTTCTTGAACAAGATCTAAAAGTTCCAAGCCTTTACCTTGATATTTTTTGGCAACACTCACAACAAGACGCAAGTTAGCTTTCATCATGCGTTCTTTAGCCCTTCTTCCTATTCGTATAGATCGTCTTTCATGGGATGTAAATTTCTTTGTTTTCTCATTAACCATTCCATCTTCGGTCAAATTCATCATTACTTGAACTTGATTCCCTAATTCAATTTCCTCTGCTGGAGTTAATAAAGGAACTCTTCCAATAGTTGCTAAATACCAACTAATTGGATCTGTGCTGCGTCGTTTCTGCGATTCAGCAGGCTTGGGTGCTGATGAAACCATTTTTTCTTTCCCAAACTTTTATAGTTGACTTTCCTACGGATTTCGTAAAAGAGGCCAATGCTTCCAAAACCCTTCAGATTCTTGCGTTGGAACGTAAACATTTCGCCCAAAAAACGTCATTTATCACCTCTTTATGTATCAAATTGAACCTTTTTCATTTGGATGGCCTTGAAGAGTTTTCCCAATTTTTTAGAAACAAATGCTGCATTAGTGCCTTCTTCACATTCACTAGCGGCATAAGAATGTATCAGAGCAGCAACTGCTAATAGACCATGATCAAAACTTCCTTCAGAAATCATCCCCAAAGCTCCAATACCTCCAACAAAACCTGCTAATACATCACCCAAGCCAGCACGAGCAACAAAAGAGGATGTATTAGTCAATTGCCAAATCGGGCCATTAGGGACTGCAATAACAGTGTTAGCACCTTTAAGCAAAACTCCTACGCCACTTATACGCGCTGCTAAAGACGCCGCATTAATGGGAGAAGAAATGTCAATTTCAGGGAAAAGCCGGCAAAATTCATTCGGATTTGGAGTGATCCAAGTAGGCCCTTTACGCTTGCGAAACCATTCCCAACCCTGTTGTGAGCAAGAAATCCTATTTAAAGCGTCAGCATCTAATACCAAAAGGCCTAAAAACTCTTCAAGAATTAATGCTGAATCCTCCCATTTTTCTATAGACAAACCTATACCAGGGCCAACTACCAAAGATTCAATTCGATCAAACTTAATCTTTTTAAGACATTTAATTAATTCAATTTCTTCATTGCTTTCTTCTTCAAAAACAACTTCAGGAACTTTTATCCAAGCATACTTCGAAATGCTTTTTGGTAAAAAGGCCTGCACACTTCCAGTACCACTTGCAATAGCACCCTGCAATGTCAACAAAGCAGCTCCTCGATACTTCTTGCTACCAGCAATAACTGCCAGTCTTCCACGTTCATACTTGCTTGCATTGCATTCTATTTGAGGAGCTTTCAATGAAATAATGTCATTTGACGAAATTTTCAGAGGAACATCTTTAGGCAGCAAATTTAAAACCCCGGATGGGATTCCAATATCAATTCTTTTGAGACTTCCCACATAAGGCAAAGCCATATCTTGAAGCAAGCCAACTTTAATTAAGCCAACAGTCAAAGTAGAAATAGCTCTGGCTGCACAAGTATCAAAAGTTTTACCTGTATCTGAACAAATTCCAGCTGGCACATCCAAGCTTATTAATTTGCCAGGGGTAAATTTCTCTCTTTTTTTAAACAGATTTCCTATTTCTTTAGGTAAAGGCTTAGTTTGTCCTAAGCCAAAAAAAGCCTCAATCCAAAAGCAATTTCCAGTAACATCTGGTTCGCTTTGCAACTGCGTAATACCAATAGATATGCAATAAGACAAATGGCTCTTAGTTAATGACCTCTTTATTGGGAATGGGCACCATAAAGAGACATCAACACCATCCAAGAAAAGTTCTCTTGCTACTACAAGACCATCACCACCGTTATGCCCAGGACCAACTAAAACAACAACACCACTTTCTAAAAGATTAAAATTGCTTATCAGAAAATCTTTCATTGATAATCCAACCTTCTCCATTAATGCTTCTTCGGTCATCCCATACGAAAAAAGCTTTTGCTCTATCTCTTTCATCTGTGAAGATGAGACAATTAAATGGTCAGCATCAGATTTAGGCCAGCTCAAAACTATTCCGCGTCTTAACCCACTATGGAGAAATTAATGCGGTAATGACAATTACTCCTAAAAACAAAAGAACTTCTTCTATACCCAAGAGTCAAACGGCAACAATTGGAGGGGAAGAGGTTTTAAAAAAACTAAAGGGCGTAGAAGGAGATCATTCTATTGCTGTAGGGCTTTCAGGTGGAGTCGATAGCTCGTTAACTGCTGCTCTACTTGTAGAGGCAGGCTGGAACGTTGAA
NZ_CP138936.1_gap28	1604776	1607390	2614	AATTCAGATGGAAAAGGGCAGGCTCAATACTTATCTCAAAGAGATTGCTAGAGATCTCCTTAGCTTATTTTCGCGCAATAGCTGAAAAAGATATTGACTACTGGCTAATGAGCAGTTAGAAGCTTTTGATAGCAATAGATCTTAGCGATCCCTGTAAATCTGTTTTAGCAAAATTGTAGCAAACCCTTTCTGCAGACTTAGTCAATAAAGTAGAACAAATCATCCAAAGAAGAATTCAATCTCCTTTTGTTTTAACCCTTCCCAACCAGCTTCCACAAGCCGCTTATGCAGTGTGTCTTGATCGAAGTGTTTTGCTCCTGATCGAACAATTCGATTTCGCATTGATTTTTTAACTCCACTCCTTTTTCTGGCCCCTTCTTTATCCATAACTTCTCGGTAAAGATTGAGCATCTCTAAAGGAATTTTACTGCCATCGAGATCTAGGCCAACTTCAATAGCTTTATCAATTGCATCAGGTCCAGAAAAATCCATTCTCTAAAGAAATCTATGATTAGATACTAAAGATACATCAGCAGCTGAGCCCAAGGCTGTATCCAATGGGGCCATCAGAGCATCAAATCCTTTAGTAGTATAAGTTTCTTCTTGAATATCAGCTTGGCCGAAGTCTGCACGAACAAGGTCAAAACTCGGGCTGTCAAGAAATGCATTTCAATTCTCCACACAAGTCCATACAACGTCAAAATGTCTAACTGGCTTAATAACTTCGTTGAATATTTTTCTCCATCAGCTTCGCATTTAGTTAATGAATCAAAAGGGGCGGAGCTTATATGAGTAGATCTGAGTGCTTCGCCTTTTATAGGGGTTTAACCAGTGAAAGTTCCTCAATAGAGATAATAAGTTTCAGCGCTAGCAGCTGTTGGTATCGCTATAGCTGCGATTAAGGATAGTAAGAATCGTTTCCTATTTCCTTTCGAGCAATTTTTGAAATCCTCTTCATTTCAAGGAAGAATAGAGAACCAAACTCGGGTAATTTTTAGATTTCATCGCCTCAAAAAAGCCTCATACCAGCAAAAATAGACACTTGAATCCCTTGCTATGAATGATATCTTCTACTGGCTAATAAAAGTAGACCTTTGAGTAAATCTCGGCAAATCGTCGAGTTCACTCAAACATTCCCTCACTTATTTCTCTTTACTTTTAGTCAGTCATTGCTTCTTCCTTCTGACGAAGATGAAATAAGCAACGACTCCTATTAGAAGAACAAAATCAAGTGCGATATGCCAAGGCGGATATAGCTGATGAAATAATTCGAGCATTAGGAGGATCGGAACAAATTAAGCAGGATCGAAACAATCAAACTGATAGCAATACAACTAATAACTGGAAAATAAAAGGTTGAATTCTCACCTTTCAAAGCTATGTCACCAGGCAATTGACCTATACCTACCTCCTTTAAGTAAGGATAGAGAACACCTATGGCTGCAATTCCAAGTCCGAGTGTAATAAGTAGTTTTTGCATTTCTTTTTCCTTCTCTTTATTTTTTCGAATCAATCACAAAGCATATAATTGTTCTAAAAGCTTCTCACCTTCGTCACAGATAGTTTGCTGTGATGGAAAGTACTCATTAGCACAACTGCATTTGCCCTTCGGTTGATTATTGATCCAATTGATCAATCCCGTTCTGATCGGGCAAGGGCATATTTTGCCTTTAGTTAATGAGTTCATTTCATCGCAAGTTAAGTCATCTCCACCCTTGATAAACAGAGCCTCTTTCAACCTAAGGGTAATGATGTCATTCCACTGATCGAAACATTCGATGTGACCAATTAAATCATTCCATGCATCAATACTTGAATTATATTGCTGCCTTTTGGTCTCTTCTAGAAAGACACCTTTGATAAATGCATTACAATTTTCTGCTTCGCTAATTGTAAATGGAGTGATTTTTTGACCCGAAGAGACCTGAGAACAACACTTTTCAAGAGAACTTATTTTTTGTTCAACTGCAAAAAGCCTAGCCTCTAGAGTTCGTTCAGAAATAGTGTTATTTAATTGATTAGTTATAGCATCAGAAACAAGCTCTGTTAAGGTTCTGCGTTGCTTACTCGCTTCAGATTTCAGCTTTAACAATAAGTCAGGATTAATATTAATGTTTAACTGAGTTCTAAGCATGACTTTAAAATTAATCTCTGCAAAATGAACCTATTGCATCAATATAGAAAAACTAATCGGATTTAGGAACAAAATTTAGCTTTTTTGAGATCTTGCCAACGTCTAGATAGGTCTAGACACGTCTAGAGGCTCTAGCTAGTATCTAAATGTCCTAAAAACAGCTAAGCAACATGTCTGAGGATTTAACTAATAATTCTGTAGGCCCTCAAATAACTATGGAGTTAAATAACGAGGTCATGGCTAAGCTGAACTATATAGCAAAAGAGAGGAAGATGACTATCAATGAACTGATTAATCGCCTTCTAGCAGAATCAATTTAGGAGCAAGAGCTACTTGCTAAAGAAAACATAACCATAAGTGATCCCATGACTTGTAAGCTATCTCTATAAATCTATTCTAGAAAAATTCCAGCAATCTCTTCATCTAAGATTCCATTGAACAAAAGAACAAATAACCGAAGAAATCACAGCTGAATATGCC
NZ_CP138936.1_gap29	1679388	1681272	1884	CCACAACCAACTACGCAAAAGGTAATTAACACACAGGAATACCCATCCTGCCAATGTCGCCTGCTGCTCATCTTTTGTTGCTAGCAAGCGCTGAATAAATTCCCCCCCACCATCACTCCTTCTGAAACTCCACCACTGAAGAGATAAAAATGCAATAAAAGTAGCAGCACTTATACCAGCTTTACCAATCCATTGAAATCCATCTTGAGTCCATGTCCATGGGAAAATCGACAACAGTTCCGGTCTGTCTAATGCTTCTAATCCAGCAATCATTTGAGACATTCCACCTGAAGCATTGATGACCGTAAAAGCAAGAACAAAAGCACCTACCAGTGCCAATAGCAACTGAACAAAATCGTTTACAACAACTGCCCATAATCCACCTACTGCTGTATATACAAGCATGAAGAAAGCGACAATCAAAAGAAGCAAGAATGTATCAGTCACAGATCCAATTACACGATGTCCATCGACCATTCCAAGAGCTTCTGCAACCTTTCTCATTGCTAGAAAAGCATATCCAATACCAATACAATTAATAGGGACAGAAAGCAAAAAAGCCTTAATTCCTCTTAACCAAGCAGCAGCAGACCCCCCATAACGCAATTCAGTAAAAGCAGCATCAGTCAAAACACCGCTACGTCTCCACATAGGTGCAAAAACAACTGTCATAGCAACATGAGCCAATCCAAAACTCCACCACTCCCAATTTCCAGCAAGCCCTCTAGTCCCAACTAAACCAGCAACATATAGAGGTGTATCGATTGAAAAAGTTGTTGCAGCCATTGAAGCTCCAGCAAGCCATCCTGTTAATTTGCGGCCAGCAATAAAGTAATCATCTTCACTATTATTTCTACGAGATAGAACAAGACCTAAGAAAAGTGAAAGCATCAAATAAAAGCTCAAAACCATCCAGTCTATTAATGCCATGAAGTGTTTGATTTTTGTTGATAGTTCTATTTAAACGTTTTCTGACGATTTTACATATTCATACTTCTAAGTTGTCCACATGCAGCATTCTTATCTAAACCTCGACTTGCACGCAAGCTAACTACGATTCCTCTTTTTTGTAATGTCTTAATAAATATATTGACACGTTGATTGCTAGGACGTTGAAAAGACTCACCATCTATGGGGTTATAGGCAATTAAATTGACATGGCTCTGAAATCCTCCAACAAGATCAGCTAACTCTTCCGCATGTTCAATATGATCATTCAAATGACCTAAGAGAATATATTCAAAGCTGACTCTCCGACCTGTTAGATCTAAATAGTGACGACAGTCTTCTAATAAAAGTTTTATAGGATAATTTTGTGCTGAAGGAATCAATGACTCACGTAATTTTTGATTTGGGGCATGCAAACTTAATGCAAGTGTAAATTGAACACTCCCTAGGAATTGAAGCGCAAGCTCTGCAAGTTGAGGCAAAGTATTCTTTACCCCCACAGTGCTAACAGTTATTCGACGTTGTCCAATACCTAAATCTTTATTTAAACAACAAATAGATGATAGTACTTCTTCAATATTCAAAAGTGGCTCACCCATTCCCATGAACACAACATTGGAAGGGCTTCTATTAAAGGCTTTTTTTACCGCAAAAACTTGCGCTACAATTTCATTGACTTTCAATGATCGCTTAAGGCCATCTTTACCAGTTGCACAGAATTGACATCCCATTGGGCAGCCAATCTGGCTAGAGACACAAATCGTCAATCGATTCCCTGAAGGAATCCCCACTGTCTCAATAATCTCACCATCGCCTGTAGATAATAATAATTTAATAGTTCTATCACCAGCTATAAATCTATTTACTTCTACAAGTCCTCCAACCGATATACCTTTTTGAATTAAAGAATTTCGCCAAGCCTTGGGCAAAACAGTT
NZ_CP138936.1_gap30	1751606	1752106	500	ACTTCAGCAACAGACCATCGTTTAGTAGCACTTAATGGGCGAGTTTCAGTAATACGAACTCTGTCACCCACCTTGCAATTATTCTCTTCATCGTGAGCTTTGTATCGAGTGGTTCTACTAACCGTCTTTTGATAGATGGAGTGTGGAAAACGGTTTACAACCGCAACAACAACTGTTTTATCCATCTTGTCACTAACAACGGTTCCTAATCTTTCCTTGAGTGCCATGATTTTAAAAAGATTTTGTTTTAGGTATTGGAGCGACTACGCTCGCCCTGAGCAGTTAGAAGCTGTGCCAATTGAACACGCGCTTTCTTAAATCGATGCGTTTCATTTAGCTGCCTAGTTGCACGCTGGAAACGTAGATCAAACAGTTCGCGACGAGTGACATCGATTTTTTCTTTGATCTCAATGTCAGTCAATTTGCTGACATCTAATTTTTCTGATTCAGCCATGATTTAAGACTCCAAGGGGGTAACTGATGATGCACTAGACGCTTCA
