gap_id	start	end	length	sequence
NZ_CP138971.1_gap1	3322	6492	3170	CCTCGATACAGCAAAGGGCTACGCAAAGACACTCCGAAGCCCCCCTAGCTGATGGAGAGAGTAACGAGCGTGGCCAGAATTGTCTGGGTAGCATCTTCTCACTTCCAGCCAAGTGCGTGCACATCATGCATGGAAGATGCAAGCTCATTGAAAAGAGTTAGGCCTCACGAAGTGACTGTCTGCTTCCCTTTACTCGGCACTCCTTTCGACTGCAAAGAGGAAAGCGAGGCGCACGACGGCTTTCCTTTAATAACCGAGATGAATCAGCCGTTCATTGAAGAATTTGGTATCAATGCAGACGAGCCACCTCAAGACGCCATCAAAACAAGCACCCTGCCAGGGATTGGGGTGGTTCAACGCTTTGAATCCATGAAGAGGAACTGTCAAGCCGTGGATCGCATTCAATCGCATTCAATGGCTAAGCCAAAAGCCGCCTCTCTGGCGCTCTTCTGCAAGGAAGCACGGTTGCTCGCAATGAGCCTGGGATGCCTCACCTTCAGCCGAGCAACGACTTGAAGTCAATTTATTCGCTCTTAGTAAAAATTACTTAGGCACTTCACCCAGCTCAATAGAGCGCTTGACCCGATCAAATATTCGGCATAGCGTTCGTCAAGCCCAGGAGGAATGCCGGTGAGAGATACATTCAAGAATGAACACAATGCCACATCCATCACTGAAAGATGGCAAACAGTGGACGGCTACTTTGAGTGCATTACTGAGTGCGATCTCGAAGATAAAACATGTGTAACAAAGTGCATGATGACCCACCTTCGGCAAGAATCTGATTAAAGGTGTCGTGCTGGTAGCTAAGCATTAGCGTTCTCACTGTCACCAAAGATTTGCCCACGGGGATTGCACTCGACAATCCGGACAGTGCCTTTTGTTGCTGCATTCGGAGAATGCAGCTCTGCGCCAGCGGATCGCACCAATCAACAACTGCAATCAGTGGATTCAGCAGCCAATGTGCGGCGAACCACTGCTTGATTCGCTAAAAATTACTGAACTATTAAGAGCTTGCAGCGCTGGCCTCTTCTATTCCGTCAGCGTAAAAGTGCTTGGCGATTTCCATCTGCTTAGTCAGAACCCTCCAAGAGTCAGGACGATCTGAAGAGCTCCTAAGCCGACCAGAAAGGATCCGCCAAGCAAGATGAAATCTTTACGGGAATTAGCCATTGGGAGAAGGGCTGTGCCCAGAAGCAACGCTCCCAAGAATCTAAAGAGAATCGGTAAAGCCAATATTTAGATGGGTTACAGCTTTGCATTCTTTCACGCGCCCGTAACCCAAGTTCATGAAAAACCTGTTGCAATTGGGCCTTGAGCACTCTGGCTTCACATCTCTTAACCAGAAGAGCGGCTCTGGAACAGCTCTTCGCTTCACAGCGCTGTTCTTGGCTGGTGGGTGAGGGACGATCGGCTACGGGCAAGACTGATCGCCAGGGATAGTCCGTCATTTATTTACTGGCACGGCCTCTTCAAGATGCTCCTGATGCAGCAGTTCCAGGCCACCCTTCACCGTCTTTCGGGGCGTGGCGATCAACAAGAGGGCGATCCTTGCTTGGCATCAGCACAGGATGGCGAAACAGCCTTGGCTACTGGGGGCGCTGAAAAATCCCCATTTGGGGGATGTGGGATATGAGGAGTGAGGTCTGCCCTCAAATCGCCTCTCTGCCAGGCCTCGCCTACATCGCTCCCAAGTTCATGCCTAGAAGGCCAAGAAGGTCTCCTGGAATTGCTACGGGGATCTTGAACCTGGAGGGAAGGGAGAATTGCTCTCTATGAGCAGCAATACAGGCCTAGTAGCGAATTTCCTCTTCATTGCTAGAACTGTTGGTAACACTGGTTTCTATGACCATGAGTGAGTACTGGGCAAACCGCATGACCGTTCCCATTGACCGTGCCAAAGAGTTTGCAGAGCTATCCGCTTGCTATCAAGAAGCTCTCAAAGACCGAGGTGCACTGGATTGCACATACAAGCTCTGGTCTGAAATGACTGCTGCAGAGAAAGCCAAAGTAGCCAAAGGGCTGCCAAGCACAGCAAATAACTGGTATGTGAATTGAAACATGTTGGGATATTCATTGTGGTCGCACTTTTGCGCGTAGATATGGCCTAGGCCTTACAGCTCTGAGGTCTACATTCCTGAATTGAAGCAACGGATTGAGGTTTCACCAAGGAGCCTCATATTTGCCATAAAAATTGAAGAGGTCAAAACCGGTAAGACCTTATGAAAAACATTCTAAGTGCTGCTTTAGCCAGCGCTCTCATGATCCCTCTCATGGCATGCTACGGCTCCCCTCCCGACAAACTCATCTGCAAGTTTGAGCGAGCCGAGAAGGAATGGCGATATTCGTGGGACGAGACAAAATCAACATCCAAAACATTGCCTGCTTGGGATCTGATCATTGAGGCGCTCGACAGCAAAGTCAAGCTGACATACAAGATATTTGGAATGGATACGAATAGTACTGAGGAGTTCAACGCGACTATTGACAATGCCTACATCAAGTTCTTCAGCGAATACAAGGGCAAGTACGGCACAAAAGAACCATATATTCAGGAAACAGAGACAATAAAGGCTGTCATCGACAGGGAAGCCAACAGCTTCACCTGGGACAAACGCTGGGACAGCGACGACAACTCATATAAATACTGGAAAGCAAGCGGTACCTGCAAGCCTCTCCAGTAAAACCAGTTCGAAAGTTCAGGCAATAAAAATCCTCACCAGTGGCAGGACCAAGCACTAATTAGTGCCAGGCATTGGATAACATTTAGGTGTGATCATGCAGTGATCAAAGAAATAAAAAGCCCGCCTTGAGACGAAGGCATTGATTTCGCTGGGCTAAATCCAACCCCGAGGCTTGGAGGCGATTACTCGTTGGGGCCTCTCCTAACCTCTGAGTCGTAAATGGATCCCTCGGTGGTTCATTTTGCTCTCCTGGAAAAAGCGAGGGTCTCGTTGGTTGATGGTGGTCTCACTACTCAGGAGCAGACTCTTCCGGTGTCTGGAAGGCAGGCCACTTGGTCACTGAGCATGGCTTCGATGATCGTGTGCAGGTAGGCAGCTCTCCGCAGATTTTCCATTCCCATAGAGTCCGGGCTTTGCGCATGCATGGCTTCGACAATGGTTTCGAGGGCGGCAAGGTTTTGAAAGCGGTCCATGGTGTTAAGGAGT
NZ_CP138971.1_gap2	50544	53346	2802	GTCTGATCGAGATCCAGCTTGCCCATCTCGGCACGGATCTGAGTCAGCACCAAATTCACCATCGCCGCCTGGAGGTTGTCAACGGCGTAATACGCCTGTGAATGCTCCAGCAGCTGCCAATAAACCACCGCATCCACTTCGATGGAGACGTTGTCACGGGTGATGCACTGCTGAGGAGGAATGTCGAGCACCCGTTCCTTGAGAGACTCGTGGCTCACGACCTTTTCCACCACTGGGAGCACAAGGGACAACCCTGGCTGAAGCTCGCGATCAAACTTTCCCAAGCGCTCAACCAGACGAGACCGTCCTCCGCTGGTCACCTTGACGCTGCCAGTGCCAAGCACCGCGAGAAGGATCAAAGCGGGCAGGCTAAAAAACGCTTCCAAAACAGCTGAGCAGTTGTTCGGACCTTAAAGACAGCGCTCCTAACGCACAAGCACGTCCACAACCGGCAGGATTGGCTTCAAAGTGTGGTGCGTTGCCGCAACAACCCCAATGACCACCTTCTGGGTGCCGCTGATCTGGCTTCTGGTCGCTGGTGTGCTGCTTGCCCTGGAACTGGCGCAACCCACCTTCGACGGCCTGATGTTCGCTGCCATAGGGGCCCTGATCGTGTCGGTGATCACCGCCCTTGGGCCGTTGCCAGTGCTGCTTCAGGTCAGTCTGTTCATCGCCATCACGGTGATAGGCACCCTCTGGCTGATGCGGTGGTCAGCCCAGCGCAATCCAGCGCCGGAGAGGCAACGGCAACGCGACGATCTCGCAGAAGTTCTGGGCACGATTGCGCCAGGCGGAGAGGGGAGGGTGCGCTGGCATGGTCAAAGCTGGGCCGCTGCGTCACTGGATCTCGACCGTTCAATCCCCGAGGGCGAACGCGTACTGGTTGTGGGGCGTGATGGAACCCAGCTTCAAGTGATGGCGCAGACCACAGTCAGTCGAAAAACAGCAGACTGACCACCTTGCCCATGTCTTCGGCACTGCGACAGCTGTTCAGCAATGTCTCACTGTCGTGGAAAGCAAGACAGATCAGCTGATCACAGCGCGTGATGATGTCTTGATTGCACAGGCTGCTTGCCAGTGGCAGAGGCAAATCGTCCTGTTCAGGCTTTTCAATCAGATGCAGTACCCGATCAAGGCTGTCCCGAATCTCCGGGACCTGCCGGTCGAGGCTCTGTGGCAGCAGAACAGTGAGTTGAGCCGGATCCACCTCGAGAACACCTCGGATCACGGCGGCATTGACACCCTGCGCTCCTGAAGTGATCAGCGAATGGCCTTCCTGAGCCAAAGAACGGGCGATCAACTCGACGAGATGAATCGCCACGACCGGGACGTGCCGACTACCAAGAATTGCGATCCGTCGTTTGCCTTTGTCCTGGAGAAGAGCCAGTTCCTGGGCAAGTGTGTCAACCCTGTCAAGGGAAGGAAGATCAAGGGAACGGCTCAAAGACATCCGGCCATTGTTAAGTTGAAATTAGCAGCAATGTCCTTGGCCAGGAAGCAGCAATCGCACCGGATCTAACTAATGCGAAAGCGAGAGATCCAGCGATCAACTGGTCCATCCCAAAGCATCGAACAATCGATCGAGCTGGCAGTGCTCTTCCACTAGACGGAACGCATAGGTGGCTTTCACCGCTTCATGAAGGCGCACATGGCCAAAGGCCTGTTCAATCACTTCAACCGTGGCAAGGGTGTCGTGTTCCACCTTCAATAAAGGCACCTCAAGTTCATCCGCCCGACTGATCAACTGAGGCAAAGGCTCACCAGCACCTGTGAGAATCAAACACTGGGTGGAAGCCTCCAGGGCTGCCAGCTGAATATCAGTGCGATCGGCACCAGTGACCACGGCCATGTTGCGGCGGCGACGGAAAAACTCCATTGCCGAATTCACGTTCATGGCGCCGATGCTCAGGGTTTCCACCAGCAGTTCAAGCCGCTCTTCACAGCACAGCACCCGGGCATCCAAGCGACGCACCAGCTCCCCCACCGTGACACTGCGGAGCAAAGGAGAACGCGGCATCACACCGAACACAGCCAGACCGAGCGATTCGAGCTCAGGCACCACATGGCGCTGCAGCGACTCGACATCATCGGGAGTGACGGCATTAAGAACGATGCCTGCCAAACGTTCTCCCAGTTGATCTCTGGCCGCCAATAGGGCATCAACGCTGCGGCTGTCTTGCCAGAGGTGGACAAGCACGACCGAGGCATCGAGGCCACGGGCCAGCTGACCGAGGCTGAGACCGTAAAGCAGGCCCTCGTGAAGACTGCCAGCCGCTTCCAGCAACGTGACCGTCTCATCGTCGCTCTGCAGTTGCTGCTGCAGACGGACAAAGCCCTCGCCGGCCTGAAGGTGTCCATCCGCCAGCCGTTGATCGGCGGTGGCGGGGGCCAGAAGGTGGAGAGAGGGAATCAGCTGATCATCCTTGAGGCCCAGGGTGGTGCCGATGAAGCGAACGTCGTCATCGATCAAAGGGTCTGGCAGCGGGCCGACCTCCGGTGACCAGTCCAGGCTTGTGGCCAGGGGCTTACCAAAGCGAACCTGCCGCCCGGAGGATGCCAACTGGCGGGCCAGGCCAAGCACAAGAGCAGACTTCCCGCTGAAGGGTTCACATGATCCGATCAGCAAGGTGGATCCCATCAACGGCTCCGCAGGCCTTTCAGAGGATCAATGTAACGGGCCTTCCCCGAGCGATCCGGTTGGGGTCTGCTCCAGCAGAAGCCATTGCCAAAAGCGGTCAGGCAGATCAGCCACACTGGCCTCAGCTTCGGCATGCATCAACCACTCCACCAGTTGGTGGCCTG
NZ_CP138971.1_gap3	130350	133154	2804	CAGCAGATGCTTGAAGCCGTCAGGGTTGTTTGCTCTCAGCGCCAGCAGGAGTTCGGTGAGCAACGTCACCGTGGTCAAGGTTTGAAGGTGCATCGGTTTGATGCAACTGCTCAAAGCATTCCCCGCTGCAATAGAAAAACCCGCAATTGGCGGGGCCGATGAATTTCATCGATGCCTTGGCAATTCAAGCGTCGGCCATCTCCACGGCCAACTCGTCGAGCTTGAAAGACAGATGTAGCTGGTGCATCCCGATCACCTGCAGGCCAAGTGCAACGCCGAAAGCCAGGTTTTGCTGAATGTGGGTCCGATCCTCAGGCGTCAGCTCATGCTGCTGCAGGCAGTTGATGTGAGTTACGATCTCGTCGTTCACCGCATTGGCGGCCTCAAGCAGAACGTCGAGAGTCAGCAGCATCCGAGCCAGGCAACCGACCCTCATTTTCGCCCTGAGGATCGGAAGCTGCAGAGATCAAATCAGGCCGCTTTTAAGGCCATGACTCACGCCGCACATCTCCAACCAGACGCGCCCCAGGCAGCTGCTCTCACTGGATTTAGATCTGCTTGATCAGGGTTGTTCACGTTGGCTCTAATCCTGGCTCTAACCGATCAACTGCCACCCAGCAAAACCCAGTCACTGCGATGGGTCTAGACACCAGGACATACTGCCTTCTAAGCAGTCGGTCGATGGTTCGAATCCATCAGGGGGCGTTAGTGACAGCAAGGGTTCTTGGTGATACTAAGGGCCCTGCTAGTCACGGTTATGACACAAACGGGTGGGGGCGACAAAAGCGTTCTTTCTGTCGCCAATGGGCTTGTGAAACTGACGCGATTGAACACGATCAGGTGAATAGCATCCGAGAAGCAGACACACTTTTTTCTGTGGGGGCGGTCATTCAGGTCCAGGTCAAGCAAGCAAATTTGCAATGAATTTCACCACCATCACCGAATGAATGAGTCGATGGCCAAGCATTGCTTCAATAGCCATCGCATTCACTTGCAGAGAGCTGAACCAGCAAGCGTGATCACCACGAAGCCGCACGTCGTAACAGCCCAATACAAACCCCGCTCTGACGAGCGGGGATAATGAAAATGGCCTTATGCGCTCTTAAAAGGAGAAGTTAAGGCTCAGGCCTGGCTGTCGGTAACGAATCAAACGCACTGGAGCCACCCAGCCGCGACGGGGTATGGGATGGACACCCACAGATCTCATATCCCCCCTGAAGACACACCGGTTTCGCCGAGCTGAGAAGCGGTATCGATAGCCGCAAGCTCTGTCAGCAGCCCATTGCCGCTGAGGGCTTCTCAAAACATCACTTCTGCGAACACACCGTTGCTGGCTCTGAGAAAAGCGACCGCGGGGCCCACATCCATCCAAGGCGTGGGCTGGAGCCGTCAGCGCAAAAGCGGACGCTGTTCCCAGCAGAGCAATCGAGGAAGCGGCAAGGATCTGTTTGTAAGTCATGGTGAGAACGTCGAGTGATGGCTGCGGTGGGACTCTTTCCCGCCGATAAACACACCATCTCCGGGTTCACCGTCTGTCTCGATGACCTGTCTCAACGGTGACTGTGATCTTGGTCACAGGAGAATTCACCACCTTGGCGGGCGATCACAAGCCCCGCTCGTGGCGGGGCTTGTGATCAAGTTGCGAGTGAGGCGATTGACTGCGCAGGGATCATTGCCATGGGTAGCGACCACCGGCAATCCATTCGCCGATTCGGATGGCGGGAGATCCAGATCGGGCGACTTCATAACCAAATCGGACGACATCATTGCCACCTGCGACGAGTTCCAGTTGGTCGTCAGTCAGCTCTTGATCGAGTAGCTCAGTGTTTTGGTAGTCAGTGTTGAAAGCAGTCATGGTTTTGAAAGTGAGTTGAGTGAGTGATGTGTGGGGTGTTGCCCCCTCGACTCCTTCAAGATCACAGCCCTTCTGGTGAACCCCAGTGCCTGGTTGTGGTGGTTGTATAGGCAGCTTCTGGTGAAAGCCTGGTGATGGGCTCAGATACCAGTAAGAGACTGAAGTGCAGATACCACAGCCAACAAAAAACCCCGCTCGTGGCGGGGCTTTTTGTTGCTTGCAAGCTTGTCTTCAACCAACCAGATACTCGGCGCATCGCATGATTGAGGTCAGCTTTGGCGACATATCTTTGATGGATCAAGCAGGTCCGAGAATCAGCGGCGGACCATAGCGCTGCTCAGTCCTCAGAGCAGGCTGATAACAGCCTGCAGGATCGGAACAACCAGAATTCCGGGGCCACCGCCGCCTGCGACAGCCTCCAGTTGGTCGTCAGTCAGCTCTTGATCGAGCAGTTCGGTGTTGTTGTAGTCAGTGCTGAAATCAGTCATGGTTTTAAAAGTGAGTTGAGTGAGTGATGTGTGGGGGTGTTGCCCCCTCGACTCCTTCAAGATCACAGCCCTTCTGGTGAACCACGCTGCACTGCTCTGGTCATACTCCTGAAAGGTTCTGGTGAAGCTCTGGTGAAAGGCTCAGATCCCAGCAAGGGACTGAAGTGCAAACACCACAGCCAATAAAAAACCCCGCTCTTGGCGGGGCTTAGTGGTTGACCTGCAAATCAATTCACAGCTTATTGTTTTGCCTAATAACTTCAACAACAATCGGAAGAACTGCCGGAATCATCCAAAAGGCACCGCCTGCGACAGCCTCCAGTTGGTCGTCAGTCAGCTCTTGATCGAGCAGTTCAGTGTTGGTGTGGTCAGTGTTGAAAGCAGTCATGGTTTTGAAAGTGAGTTGAGTGAGTGATGTGTGGGGTTGTTGCCCCCTCGACTCCTTCAAGATCACAGCTCTA
NZ_CP138971.1_gap4	134554	138895	4341	AGTCAATGAGTGCTCAGATCGTCCTCTGCATCGAACGCACCAAAGCCGATGCCTCATCATCAACGCAGTTCGGTGATCGATTGTTGTTGCGTCAAAGGCATCACCTTGATCTCGCCTCCTGAGAGTGGTAGATCGGCGAAACGCATTTGGCGTAGATCGGGATTCTCAAATGTTTTGATCGAGTAGGTGCCGTTCTTCTGATCAGCGACCACGGTCCATTCGGTGATCTCATAGCTGGGTTTGGAGCTCCCACCACCAAACGCTCCACCAGGAGGAAGGACGATGCTTCCAAGCGGCAAATCAAACTGGCCAAGCAGATGAAACGCCGTGCCCACTTGCTGGGCTGAGCTCAAATCGGTCGGCGCATTGTGACTGAAGATCAGTGCTCGAATGAAACGCGATGTCGACAAAAAATCACCAGGCAAGCCCTGCAAGCCAACACCTGAACTTGCAGGCGGCAACGTCAGGCCATTGATGCGCATCACAGCAGGAGGATTGGCACTGAGGTTGGCGTAGTTACCAGCAGCAGCCAGGTGATACGGCAAGGGAGGGTTGTTGGTGTAAACCCCCGTTGGGTTATCGAGCATATTGAGTTCACCGTTGATGTATTCCACCGACAGGCTCTGGCCTGAGCTGTCGTGCAGAGTCATGTGAATCGGCACCGGGCCGCCGAAGGCTTTGAGAACCGATCCGTTCACCAGGATGTTGGGAAGCGCCTGCTTCACCTCGGCGATCGACTCGAAGTTGCTCAACACATACGTGAGTAACTGCCAACTAGCGATGGATCGATCCTGTTGGCCATCAGGAACTTCTTGAAACTGGGCATAACCGGCGAAATACAGCAGTCCGCCAGCCAGACCGCGTTCGTTCATGCCATCAACGACGATGTCATCAACGCCAACAGCATTCAGGCCGACCACGGCATAGCGACTGGTCCAAGCCAAACCGGTGCCTGCCTCCCCCGATGGCCCCGCTCCTACTAACGATGTGCCGCGTTGAATCAGCAACGCCTCACTGTTGAGCGGTTGCCCCCACTCCATGGTGCGGCCATACACCCTGCCGCCGTCATTACCTTGCAGCATGAAACTGGTGCAGGCACTGGCAGGGCTGATGGCACACACCAACAGACCCATGCCGAGTAGACATGCGAGGTGACGTGTTTTGCGAGCGAGCATGGCGCAATAGCTGAACCTCGGTTTCAAGTCTTTGCAAGACCGATCGATGGGCTCATCAGTTCACGGAATGTTTTCAACCGACACTGCCCAGGCACGCAACAACGGCACATCGCTCGCATGCCGCCAAGAACGGACGGAGCTCCATCGAACCCGCTGCATCCGTTCGAAATCACCAACAAGTCCGCTTCGGGACCAGAGCGAGCAGCGGCAGCTGATCTGCGTGTTCCACGCTGTGTGCACGCAATGCCCCGCTCATGGCGGGGCTGGTGAATGTGCTCCCAAGAGATGGATCACGACACTGAACGCCCACAACAACGCTGAAGCAGGCGCAGCAGATGATGCGCTGAAAGCAGGTGATTCATGAACTAGATGATCCGAGCAACAGGTGGAATCCGCCTGAGCTGATGACTGATTCCGAACGAGATCGTGATTCCAAGAGCTGACGCAGCTAGTGCAATCAGCCAATGATTGAGTCCGATAAAACCAATGGCCTCTAGCACCACAACAAGCACCAGTGGATGGATAATATAGGCCCCGAAGCTGTCGACTCCAGCGGTAGCCAACCACTGCCCGCAGCGATTTTCATTGCGCTGGAACCACAGCAACAGATAGGCGATCACGCCCCAACCGATGAAGGGGAACAGGAAAGCCTCCAAAAGTGAGAGCTTGCCAAAATCGGATGACACAGTGCCGTTGAAGGTCAGCACTAGCAAGATTGCAAGAACGCCAAGAGCCAATGCGCAGGAGAAGCGGAACCAGCGCACAACCAAATGGGTGTTAAGTCGTTCCAGCCAGCGATGAAATGATGCCTTGCACCCCAGAAAAAACAAAAAGGCATAGGTGAAAATATGCATGCCTTGGAAACCAAGGCCATCGAACTGTGAACGTCTCAAAGCAGCCCAGAGGTCGGACCGTGTCGCCATCAGGACCTCAAGGATCGCGAGGACGACGGCACTGATGAGCCAAGAGCGCAGCTGGGGTGTGGGAACAGAGGTGTCGACAAAGAATCGATCTCCTCGCAGCGCAACCCAGGCGCAATAGAGCAAATCGAACACGAACAGAACGACCAGAAACCACAGCACCCCTACACGGTTAAAAGGCATGTCATTCCACGGCAATTCAGCTAAAGGACTGGCCGGGGAGAGCCTTCCTAAGAGCAGCGAGGCGTTGTTGATCAACAGCACACCAACCAAGAAGGGAATACCAATTCGGAAGAGGCGATCTTTCAGGTAATGCGCAATACCTTTTTTATGTAACGAACGCGGAACGAAGTAGCCCGAGAGCAGAAACAACATATACATGAAGAATGTTTGGCAGAAAAATATGCACCAACCGACTGCAACTTCAAATAGCGGATCAGCAGATCCTCCGCTGGGAATGTGCACTCCGCTCCAGCTGAACGAACCTGCCAGTAAAACATGGACGAAAATGACTAGCGCGATCATTAACGCCTTGATCTGATCAAAATAGAGCAGACGCTGGTTGGCGCTGGTTTGCTGGGAAGTCATAGAACCAGCATCACCAAGGGCCCGAAAGCCTTGCAACCCAAAATTTGTGATTCTCCTCATTCTCATTTGGAGAGATGCGTTAGATGCGCGTAGATGCATGGCTTAGCCGTGAGTTGTGAGCCTCTCGCTCCGTCAACACACCATCTCCCAGCCACCCCTGCTTACACATCCCCCAAATGGGGGATCTTTTCAGACTGTACGCATTGCCTGCGTAAGGGGTGAAAGCCCTGTGAGCAAGATCACAGCCACAGTTGAGCTCGATCAATGAGGTGGTTGTTGATCACGGCGATGGTGTGTGAGTCGGAGGGAGACGCCTCCGCGTCTAACTCACACAACACACAAAACCATGGCTCAATCCACTGCACTCATCAACGAGATCACAGATCAAGAACTCGACCTCGCCACACTCTCCACCATCAGCGGAGGCGGCAAAAAAGCCGAAAAAAAGATCGGAAAATGGATCGAAAAAACCTTTGGCAACGGCGACGGAGAGCACACGTTTGGCGACTATGCCGATGAAGCCGTCAAAATCTTTAAGTTCATTGCAAAGAACACTGGCGTTCACCAAGAGCCTGGCACTGAAGATCCTGGCCCAGGTGTTTTGCACTAAAGCAATCGTGCCAGGCAAAGCCCCGCCACGAGCGGGGCTCATTGGCGTGAGTTGTTGCGTTGAGCGATCGATAGAGAGACCTGCACCATCTCCGCCGACTTTGTGAGGGTCTGGTAAAGCCCTGATCAGAAACTGGAACAGTTCGGGGAATAAGCAGGTGAGAGCATCAGCAGATGGATGTTGGAGCCATCAACAACAAACTTGGCCACAGTTTCGCTATGTCTATTGGCGTTAATGCACGTGAAGACGACTGTGCCGCAAACCACCCTTGCACTGACGGAATCACACTCAGTAGAGACAAGACAGCGAGGGAACCATGAGGCAGCACGTGAACAGCAGCCAACAGAGCCGCTTCCCATGCCCTTCTCGACATTGTGACCAAGCTCAAAATCAACGCTGAGTCAAGTCATCGAGTCGTCAACTGATTGAGGGCATCGTGAGCATGTTGGGGGGAAAACCCTTCAGCCCTCATTTCAACATTTCAAACCAATGATCAACAACGAACTGAGCCTTCATCAACTCTCCACTGCCTGTGGAGGCAAAAAAACAAATCTTGCAGGCTTCATCAGCGAGCCTGATGTTGGAGCAAGCCGCTTTCCGAGCAAGGGAATCAAACGTGCAGCAACAGCCAAGAAAACAGCACTATTGAAGGATTCTCGCCCAAGCAACTGCTCTTCCAGGCTAATTGCAACCAACGTATTCCCGATGAGTGAATGGTAGAAGGATTGAGCATGAAACCTCGCAATAGGCTGGGTTTCATGCTCTTCCTAGCACAACGAGAAAACGTAAAACAACGCAGAGCCAGGGCCTTCGAATCACCAGCCAATGAGAGGGATTGCATGCACAACAAAGGAGAAAGCCCTTCAATACTTATTTCAACACTTGAAACCAATGACAAACAACAATATGAATCCTATTTAGCCTCTTCGATGATGCGTCATCGGCACACAACTCCCCTGTGACTCCGCAATCGTCAGCCAGGGCACACGGCCCACTTGATGGCTCTGAACAAGACTGCTCGTAAATGAAAAGCGATCAGTGTCGAGAG
NZ_CP138971.1_gap5	140919	141463	544	ATCACAGCCGCCGGCACGGCCAAAGGTGTTGTAGGGATTGGCTTGTGCTGCAGGGCCTGCAACGGTCATCAAGGTGGCACCAGCGGCGAGGGAGGCAGCAGCGGCGGCGATGGTTTTGATCATGGTCATTGCTCTGATGGGGGTGATGCGTGAGGTGGGATCGCTCCCTCCGATGCATTCACCATCTCCGGAATCACCAGCTGACCTGCTGATCTGACTCAAGCAGTGCTGTGAGCTTGCTCACAACAGCGCAAACACCAGTCAGTGGCTGGGCTCACAGCGCTTCAGGCTGATGGTGCTTTGAGCGGGCACGGATCGATTTCTGTGCGTGGCATCAAAGGCGTGGCCAGCGTGCCAGCCCCGCCACGACCCTTGCCCAGAGCGCGAATCAGGGATCGCGGCGCTGGCTAGGCCCCAGTACAGACAAGTGGACGAGCGAGCTTCTGAGCACAACAGACGCTGAATTCAACACGAAGCCTGGAGGAATTGGAAAAATTGCCAAAGAAAGCACGGATACTGGTCGAACTATCTAGGATCAATAAGT
NZ_CP138971.1_gap6	163332	167336	4004	CCGCAAGATCCAAGAGCAAAGGGTCTTGGCATCCGGCAACTGTGCCTGGAAATGTTCAATCAGTCACCCCATCATTCGGGGATAAAGTGTTCGAACCGGTGGTGAGTCTGAGACGAGATCAGAGCGAAGAGCAGGCAGCCACCCTGGCAAGCGAGAGTCGCTTTAGCCTCGGCGCAGCCATCGTCACAGCGAACATTCGCAAGGCTCGCAACCTTGCAGAACAGAGAATTAAACTGGATCAATGGCAATCAATACTTTCGTGAGAAGGAATCCACCTATTCCCTTCGGTGGCTGCGAAGAGAGTGGCTTCGGACGTGAACTAGGAAAACTAGGCATTCACGAATTCACGAATCACAAAAGCATTGTGTTTCCAACTTAAGCCTCGTTACCCAACCAAACGCCGGAACGTTTTCTTGCCGAGCTGCAACACCTTTCCTTCCAGCTCAGCGGCAGAAGCGAACTCTTGATTGGGGTCAGTGAGCTTCTCGCCCTCCAGGCGCGCGGCACCGCCTTTGATCTGGCGTCGGGCCTCGCTGCTACTGGCACAAATGCCCACAGCACTCAGCAAATAAAATGCTTTAGCGGGGAAATTCACCTCCGCCAACGACGCCTCAGGGACATCAGCACCGGCATCGCCGCCGCCACCCACCAGAGTGGCTGCATCCGCCTGAGCCTTCAGGGCAACCGCTTGGCCATAGCGACTGGCAGTCACGGCCAGAGCCATCACCTTTTGCTTCTCGCGCGGATTCTCCGGCAACGTCTCCAGATCCAGGTCCGTCAACAAGGTCACGTAGTCGTTGATGGCGGCATCGCCAACCTTCTCAAGCTTGGAATACATCGAGAGCGGGTCTTCTTCAAGACCGACCGTGTTGGCGAGGCTCTTGCTCATCTTCTGCACCCCATCAAGGCCGACGAGAATCGGAAGCAACATTCCGAACTGAGTGCGCTGATCGAAATGGCGCTGCAGATCACGCCCCATCGCCACATTGAATTTCTGATCGGTTCCTCCCAGCTCCACATCGGCATCAACCGCCACTGAGTCGTAACCCTGCAACAACGGATAGAGGAACTCATGCAGCGCAATCGGTGACCCGCTGCCATAGCGCTTCGAGAAGTCGTCTTTCGCCAACATCTGACCCACGGTGGCCGTACCCAGAAGAGCAATCACCTGAGGGAGGTCCAGCTCCTCCAGCCATTCACTGTTCCGACGGACTTCCAACCGTCCAGGGGTTTCAAAATCCAAGAGTGCACTGTCCTTGGGCTGCCCCTGACCAAGCTGCTTGAGATAGGTGGTGGCGTTCGCTTCCACCTGCTCCTTGGTGAGCTGAACTCGAGTGGTGCTTTTGCCGGTGGGATCTCCGATCCGCGCCGTGAAATCGCCGATGATCAGAACTGCCGTATGACCAGCATCCTGGAAGGCCCTCAACTTGCGGAACAGGATGCTGTGGCCGAGATGAATGTCGCTACCTGTGGGATCGATGCCCAACTTGATGCGCAACGGCCGATTGTGCTGCTCAGCATCCGCCAACCTGGCGGCTAAAGCCTGATCGGCATCAGCAGGGTCGCCTGTAGGGAACAGATCCGCCATGCCGCGGACCAGCCAGCTCGGCAGGGAATGCGGCGAAGACGACATAGGGGCCGGATCAGCGACGTGCAGTGCGGATCGTACGGGGGCCGCCGTCAGTCTTGGTTCAGGAAGGCGTTTGATCCAGCTGGCTCTTCATGCGCTCCAGCGTCTGATTCATCTGCTCAAACATCTGTTCAGGCGTGATCCCGAACTGGCCCAGCTGAGTGCGTAATTGCTCAACGGTGAGCTTGGCCTGGAAATCTTCCGACAGTTCGAAGCGCTTCATGAACACGCGGTAACGACTCATGAGCTCCTCCATGGTGTGGATGAACTTCTTTTTGCCCTCACGATCGAACTTGCCGTAGTCGGACCCGAGCTGCATCAGCTGCTGATAGTCGCTGAACAAGCGCTTGGCTTCCTCCTGGACGATTTCAGACTCAAAGAAAGCCATCGGTGCTCATGCGGCTTGAACAAATTCTGACCAATTCGACCGATCCTTAACAGTGCGGATCCACGCCCTCCCATCGCAGCCAAGATGCAGGGGGCCGTTCAATTGCTTGCGGTGCCGTGGACTTCACCAGCCAAATCCCACTGCTGCAGGAACGTCGTCGTCAAGGCCATGGTCTGCTGCGCAGAAGCCGCACCCTGATCGGCAGTCGAGATCGCGTCTTGCTGGCGTCTCTAGTGGGATGGATGGAGGGGGTGTCTCCCTTGGTGGGAGCAGCCACCACTGAAACTGAACTGCTGCTTCACGTCCGCCAGCACCATCCAGACCTTCTCATCTGCACCGACGGCCTGGAACAGGGTTCAGGTGTCAGCCTTCTGCGTCAAGCGCGTCATGAGCACCCCGCGATCAAGACCCTGCTGCTGGTGCAACGACCTCTCGTCCGCACAATCCTTGATGCCATTGACAGCGGCTGCGACGGTATCTGCGCCGCCGAACTCACCGGCAACGGTTCAGTGCACGCAGCACTCAACGCCATGGAAAGCGACAACCAATACATCGACCGTGTGGCAGCAGGCGTCCTCAGTCATGGCCGACTACGACGGAGCGCCAGCGGAGCCCCCCCAGGCTCCGCCACAGAACAGGCCATCGCAACCGGGCTGGCCGCCCTCAGCCTGCGTGAGGAAGACGTGCTCCATGGCCTCTGCAAGGGAATGACCAATCAAGACATTGCTGACGCGCTCACGGTCTCAATCGACACCGTGAAAAGCCATGTGAGCAGCGTGCTGCGCAAGTTGGATGTGAACGATCGCACCCAGGCCGTCGTGATGGCATTCCAGACAGGCCTGGTTGATCTACCCAGCAGTCCTCCTGCCTGGACCAACTGAGAGAGTGGCGCCTACGCGGGGGTTCGGCAATCAATGGTGGCTTTCGCAAGGGTGATGCAGAGCAGGCTCCCAGTGATGCTCGCTTCCCTGATCGTGATCAGCAGCGGCCCCAGCACAGCCCAGGGCGATCCCGATCCCAGCACGGTGCTGGTCACCGTGGCCCAAGCCAATGCCATCTGCCTAATCGAAACCGAGACCCTCCCCGCCGAGCAAGCCATGGCGATCGCCAAAGCCTTTCTCACCCAGCAAGGGATCACAGCCACCCGCAGCAATGCAGTGCAGCGCAACCAAGACTTCAACACCTTGATGCTGACTTATATCCAGCAGCGCGGCGGCTGCGAGCAGCTGGTCCAAGAGCTCAAACAGTGACGCCTGCCGGCTGCAGTCGTTAATGTCAGCCCACCCACATGAGCGTGATGGCCCGCGGTCACTGGTTGGATCCACTGGCCCGGAAAGTCCTCCAGGCAGTCGGAGAGTTACCACCCGACCCTCCGAATCAGGGGGCGAGCCCCAGCCCGGCACCGGTGACGCCATCGGTTCCGAGCTGGGTGATTGATGTGAATCGAGCCACCGCGGAGCATTGGCGGCAGCTACCTGGATGCAGTGAGGAGATGATCGATCTCTTGCTACGGCTCCAGCGGGGCGGCGTTCAGTTCAGCCAAGCCGACGATCTCTTTCAGTTGCTCGACCTGCCCGCCCATAAGGCTGAAGAGTGGCGACCCCATCTGATTTTTCACTGGTATGGCGATGCACCACCCCTCCCAGAGACCACCAACCTCGATCTGAATGCTGCCTCCGCCCAGGAACTCGAACAAAGCCTCGATTGGCCTGAACAACGCCTCACCCTGTTACTGAAGGAACGCATTCGCCGGCCTTTTCACAACCTGGCCGATCTACAAGAGCGGCTTTGCCTTCCCCCAGAAACCGTTGAACAACTGCTAGGCAAAGTGCGGTTTGGCGACCGCCGCCCGGGTCCAAGCTTGCCTCCACGGCACTAAGCATGTCCGCACGCCAAGGTGATCTCTTTAGCGGAAGCGACGCCGCTGATCCGACGAATGATGGACCCGGCCGCAAGGCGCAGCTCCCAGATCAACTGATCATCAGT
NZ_CP138971.1_gap7	228288	230406	2118	TGTGCAGGGGGCGGTCTGTCATCCCAGCGTGGCGAAGGCTTTGGGTGTGCAGCCTCGCCATCCGATGGCCTGCCTTCGCTGAGACGGGGCGCACAGCTGTGCCAACAGCTCATGACCTAGGCAGATAGATCAATCGATAACCCCTAATTCAGAAAAGAGCCGCATATGTTCAATGTCAGGGAGCGGCCAAAGGCACAGCACACACAGAATGAACCCTTCATTCCAGCCAAACGCTTCAGCCAAATCCCTCTTTCGAAGACAACACCTTCATCAGCATCTTGAAGCAGCGAAGCCCCAAAGCTGACGACACAATGAGCTGATTCCAGAGCATCAACGACATCGACAGTGGACCATCAAAAGTGGGAGCATCGAGAGCCTCTGCCTCATCAACAACAATCACTTGATGCTTATAACTCAGCACTCTAGAGGCCACAATCTGCCGCGAAAACAAAGGCCCACACGCAGAAAAGATGTTAAATAGAATCCAAAACTTGCTCAGTAGCTGCCAAAACAATCAGGCATGAACAAGCTCTAACGAAAGAGGTCTTAGATAGAGCCAGTCGCCCTCAATTCGATCACCACAGCGCTTGAACAGTGATGCTTCTTTCAAGATTCTGTGCTGCCCAGATTCTTTAAAATCCGCTTCAAAGCGAACACAACCGGTCAGATCGCCGCTTCCTCCTCCCTCCACCGCTTGGATGCGAAGTTCCAGCCATCGTGTCTGGCGGCAATGCGCGCGAAGGTCTCGCCGCTGTCGCGCCGGCGAATTCTCGCGATCGAGATGGGTCTTGATCAAGTAATCCACCTCCCCTTTCGCAAAGGCGCTGTAACGGGAGCGCATCAACTGCTCAGCCGTGTCCGCCATCACCAAACCCTGGTGCAAGGGTGCGCAACAAACGGCATAGCGCTGACCACTGCCACAGGGGCATGGAACAGCGCTGTCTTCCGCAACTGTGAATCCTCGTCCCACCTAGAGCAGCTCCTGCAACCCAGAGAGGGGACGCTGAAGAGAGGCTGGGCTGACCCCTTCCCGCAGCGCCAGCACCAGTCCTGCCGCCTCTGCATAGGACGCTGCAGGTAGCAACTGGGCGTAGGACTGGAGGCCGAGAGCTTGTGCCGTCACCGTCAACAACGACGGATTGGCGACCGTGATCAAAGGGATGTTTTGCTCTAGGCAAGCGAGCACCGGTTCTCCCCCAAGCGCATCTGCAGGCACCACCACGGCACCCAGATGCTCAACGCTCAGATCCGAACCGTGGGCAGAGGCCTCCGCAGAGAGCAGAGTTGGGGCCCGGCTCAGCCCCACCAAGACGCAGGCCAAAAAGGTATAACCCAGCTCTTCAGCAGCTGCTCTTGGATCAAGCTCAGGCTCGACAGAAAGTGGTGACAAGGCAGGAGCATGGGCACAGGGAATCTGCAGGTGACGCACCAGAAGATGACTGATCACGGCCTCCGCACCGGCAAGAGCATCCACACCACTGCCGTGCCGATAGGCCGCCAGCGCCTCACTGTGAGGGTCCTCAGGGAAACGTGTCACAACGGCAATAGCAGTGGCACCAGCCGCCTTGAGCTGATCGCCGGCACGCAGCAAGGCATCGGGACGTTCCAACGTGCCCGAGCTGATACCGCTCTCCCCAAGCTCCAGATGCACCCCCAGGGACACATCACTCGTCACCACAGGTCCAATCTCCAGACCAAGGCTGGCGCGACAAGCATCGGCCACTTGCAGGTGCCGATGCCGCAACTCAGGTTCAATGGCCGCATCCAGCAGCAAGCCAATCCGATGCCCCCGAACTGACCGCAAGCGCCAGTCCCCGACCATGAATCGGTCGACCGCATAGCCCTCCACGTAGTGGATGCGGGGATCACTCCAGTACAGCGCCGCGCCGTTCATCACGTTGGGATGGGTGATCAGGCAACCACTAGCAGCGGCCAACAGCCGTGCACTAGGCAGCGCATCACCGGCGAAACCACCGATCTGACAGCCGATACCAGTGGGAACCAGCAGCAGCGTGGGGAAGGGTGCGGCGCATCGGTCAGGCCCGCTCATTGGATCAAGACAGCCTCGACTTGCAGGGTCAGCACAGCAATGGCATCAGTCGTAGAAGCAGTCGTGCC
NZ_CP138971.1_gap8	237117	240119	3002	GCTTTCAGGGATGTACCTGGGTGCTGCTCGACGGCTTGTAGCAGCGCGAGAGACGGCTCGTCGAGGCTGATCGGCTCGAGATCTGTGCCGAGCAGACTCGCCGAAGGCCAGCCCCAGAGACAGGGCTGAAGCTCTCCATAGGCATCAAGCAATGCCTGGTCATCCCCCCAGGTCTCGACCTGCACAGGCTGGGCGCTGACAAAGAATTCGAAATGACTGATGTCTGGATCGAGTTGCTCGATCAAGGCCCATTGCTGGGGCAATGGGAGGGAAGAAGCCCTCTGAAGCAGTTCGCCCTCAAGCAAACGAGCTGGATCCCAGACAGCAGGATTTGAAAATCCTGCGAAGTGAAGCCCGGAGGCTTCGATGAAACCCATCAGTCGCTCGAGGTCGTAGCTGGTCTCCTGAGGGTGGAGATACATGTCAGCGAAATTCGCGTCAGCAGCACAATCCACTGACCAGCGTTGTTCGTGGTGGCGCCGCAGTCGATTGTTCTGAGGAAGCGTCTCGAACAATTCACGTCCCAGACGCAAGCCCTCAGCTCCTGTACCCACCTCCAGGAGGTTCAGAGCTCTCTGGGTTCGATGAATTTCCCAACGTCCAGCATCCGCATAAAGGAAAAGATGCAAAAGCCCGTGGGGCGCAAGCAACTGAGCCAAGGACGTCAGTCCGGCCTCAGGGGCATCGAGATGATGCAGGACACCCACGGAATTGATGTAATCAAAAGGTCCTTCGCCCTGAAGATCCAGCAGGCTCCGTTGTTCCTGCCTTAATGAAGTGACCTGATCTGCCCCACCGGAACGACGGAGGCGTTCACGGGCAACCTCGAGAGCACCTGCACTGATATCAACAGCCAGCACATCAGCACCTGGATTGAGATGGCAGAGGTAATCAGTGCTGACTCCTGTGCCGCAACCGGCATCGAGAATCTTCCAGGGCCTTCCCCCAGCCGGCTCAGGCTGAAGTTCACCATGCACGGCTGCATGCACGCTGCGTAGGCACCAGCGCCAGTTGTATCCAGGCGGAGGACCATCCTGCACAGGATCACCCGGATAGGGGAAACGGTCATAGAAGGCGCTGACGACAGGGGTGGCGGCGTCGGTTGAGTGCTCAGGCATCGGCTTGGGTGCTGGGCGGTGAAGTGCAGGGTCGACGGGCCGAGCATTTCACGGGCGATGGCCACCAAAGCGACCAGCACCGACCCCCTGCAAACATTTGTTCATGCAGGCCGGGAAGGCCATGAAGCGAGCCGTAATCTGGCTCGATCTGGCTTGCTTTCGTTCATGACCGTGACCGCCAGCAGCGGCAGCCCAAGGGTGACGCCCCAGCTCTTCGACACACTGCCGCTGTCCAGCGTGCGTCAGGCCGAACAGCAGGACCGCTTTCCTGATGGTGGCGAGCTCAACAACCTGATTACCTTTTTCCGGAGTGGTCAGGATCGGATTGAGGCATCAAGGGTTCTAGCTGACAACGCCGAAGCCATCGTGGCGAGGGCCGCCAATAAGATCTTTGCCGGAGGGACGCCTCTCTCCTTTCTGGAAGCACCGCTCAGCAGAGGGGAAGTACAGCGTCGAGACGGCACGGTGCTTGCCTCCGACCAAGCAGCGTTCCAAGCGTCAATCGAGACGTTTACAGGAGCCAGTGCGGCAACAGGCGGCGGTAATGCCTTCACCCGCCTTTTGCGGGGAAATAGCGAAGATGCCGACGTTCGAGTCGTTCTCCCGACCGGTTTCGCTCCGATCAGCGTGGCCAAATATGGCCCCGAACGCATGCGCAAATCGGTGCGTGACCTCGGCTGGTTCCTCCGTTATGTGGGCTATGCCCTAGTGGCAGGAGACCCAAGCATTCTTTCGGTCAATACCCGCGGACTTCGCGACGTTCTTGAGAAGGGATGTTCGCTTGCTGCCACCAATGTGGCACTCCAGGAGATGCGTGCTGCAGCCGCCAGCTTGCTGCGCGATCGCCCAGAAGCACGTGAGATGGCCGTTCAGTGTTTCAACGTGCTGCTCCAAGAGCTCGCCATCGCAACGCCCTCCAGCCGACAGAAACTAGGCAGTTCAGAGCGTCAAGGCCTTCAACTGCCAGCGATCTATGCCCTCGCTTCACAGGGAAAATCCCCGCGTTACAGCATCAAGCTGGGGATGAGTGGGGCTGAACGTCAGGAGATCGTACGTGCCGCTTACCGCCAGGTTTTTGAACGCGATATCGCCAAGGGTTATTCCCAGGCACCTTGTGCCCAAGAAGCCTCTCAGTTAGTCCAGGGCAAAATCTCAATGCGCGAATTCATTCGCGCCCTTGGTCGATGCAAGGAATACCGCCAGCAATTCCACGACAGGTTTGTGAACAGCCGAGTTGTTGAACTCGCTTATCGTCACTTCCTCGGCCGAGGGGTTAGCTCCCTCGAGGAATTCAAAACCTCATTTGCCATCCTCAGCGACCAAGGCCTCCATGGTCTGATTGATGTGCTTGTGAACTCCAGTGAGTACGCACAGACCTTCGGAGAAGAGACAGTTCCATTCCTGCGTGACCTTGGTGAAGAGGCCCAAGAAAGTGCTGGGTGGGGTTCGAACCGAAAGCTTTTCCGCTTCAGCGCACCTTTCGAGGGAGCACCCCAATACGTCACCCTTTACGCCTCTTATCGACAGCCTTTCGCTGATCAACACGTCTACGGAGGTGGGAATGATCCGATTGGCAATCAGTACGGTGCGATTTTCCCGAGTGGCACTGCTTCCGTAGCCACACGCCCAGCGCCCTATGGCTACGACAGCCGACGGCTGCTGGTCAGCAACGGGCTGGCCTCTCCAGGCCAGATGGACAGCGCTCAGTTCCGAAGCAGCCGTCCCCGCAAAGTCGGTCCCCGTGTGGTCCGACTTCAGCAGATCGCCACCGGCGGAGCAGCGCGTCCTCGGCGGGGTGGTTTGCCCAGCGTTCGAAATACGGAAGCCAGTACGCAAGCGGTGATCAACGCTGTCTATGTGCAGGTTCTCGGCAATGCCGGCTAT
NZ_CP138971.1_gap9	241274	246183	4909	AGACCCATTGCTCCGGTGACACCACCGATCTTCGAGGGAGATGGTGAAGGCAAAACAACCACCCTCTTCAATGCGGTCAAGACCCAGGCCATTCAAGCGACTGCAGCACCTCTGCCTCCATTAGCCAGAGCACTTGAGAGCAAAGACACCACAGGATTCCAACGCAAGGCAGGGATCCCATCACCCATCCTTCTCACTCCTCCGTTTAGCGAGGATGAATTAAGCATTGCCATTGATGCGACCTATCGCCAACTCATCAACCGCATCCCCTTAGATAACGAGCGATTGACGAGCGCTGAATCCCTGCTTCGCAATCAAGATCTGGACATCTCAGGATTTGTTGAAGCAGTCGCCATGAGCGATCTCTTCCAACAACGCCTCTCGAGCATGGCGCCCCTTCGCGCGGCATCTGCCGCCGCCCTAGCCCTGCTAGGACGAGCAGCCACCCCAGCGGAAGTCGCCGAGTTCTTGAAGATTCGCGCTGGGGCTGGACAGCTAGAAGCGGTGCGCTCGCTTCTGATGGCTGCAGAGTCCCTCTCAACAAATGAAGTCCCTCGCGTCCAAGGGATGGAAACAAGTCCAGGCCAATCGCAATCAACAGTGATTCGCACAGCATCACTGTATCGAGGCAATTCAGCTCTCAATCCTCCAAAAGATTCGGCGATCTAGATTAATAACAGCCCCCAAAACAAAGACCTCTAAAAACATTGGCCCGCAATACGCGGGCTTGTTTTCTTTGGTTGCTAACACAATGTGACAAAAAGAGGCGGACCTTTCAATAGCAGAAAATAACAAACGCGAAACAGCAGAATCGCTGCGCTGCAACCGTTTTGGGCCCGCACCGCCCATGAAGAACTGTTAACGAGTTCTAATAAGTGCAGGCCGCTGACCGCACAATGATTGGGCGGTCAGCCAAAATGATCGCGTAAACCTTTCACCGGATCTCGGCCTCCTACGGGCGGTCGCTTGTTTCGAGGCAGAACTGCATGAGCATCGTCTCCAACTCGATCATCAACGCGGACGCCGAAGCCCGCTATCTGAGCCCTGGCGAACTCGACCAGATCAAGGCTTTCGTTAACGGCGGCGAACGACGCCTGCGTGTTGCTCAGGTTCTCTGTGAGAGCCGAGAGCGCATCGTCAAGCAGGCTGGTGGTCAGCTTTTCCAGAAGCGTCCAGATGTCATCTCCCCTGGCGGCAATGCTTACGGTCAGGAAATGACCGCGACCTGCCTGCGGGACATGGATTACTACCTCCGCTTGGTGACATACGGCATCGTCGCCGGTGACATCACCCCAATCGAAGAGATTGGCGTGATTGGCGCGAAGGAGCTCTATCGGTCCCTAGGCACCCCCCTCGAAGCCCTCGCAGACTCCGTGCGTGAAATGAAGACCGTCGCCATGGGCCTGCTGACCGGCTCAGATGCAGAGGAAGCCGGTTTCTACTTCGACTACGTGGTGGGCGCCCTCGCCTGATCCCCTGTCCCTCCTACTGACAACGCTCTTCCTACGGATCCATGCAAGACGCCATCACCAACGTCATCAATAAGTCCGACGTCCAGGGCCTGTACCTGGACACGGCTTCGATGACCAGCCTTGAGTCCTATTTCTCCAGTGGTGAGCTGCGCGTTCGTGCCGCAGCCACCATCAGCTCTAACGCCTCCGGCATCATCCGTGATGCCGTCGCCAAGGCACTGCTGTACTCGGACATCACCCGTCCAGGCGGCAACATGTACACCACCCGCCGCTACGCAGCCTGCATCCGCGATCTGGATTACTACCTGCGCTACTCCACCTACGCCATGCTGGCCGGTGACACCTCCATCCTTGATGAGCGTGTTCTCAACGGTCTTAAGGAGACTTACAACTCCCTGGGTGTTCCCATTGGCGCAACCGTTCAGGCCATCCAGGCAATGAAGGAAGTGGTTGCCACCCTCGTCGGCGCAGATGCTGGCAAGGAGATGGGCGTTTACCTGGATTACATCTGCTCTGGTCTCGGCAACTGAGAACCATGCGGTTGTTCAAAGTTACGGCCTGCATTCCCAGCCCTGAGAAAGTGCGCACGCAACGCGAGTTGCAAAACACTTTCTTCACCAAGTGGGTGCCCTACGACAGTTGGTTCGCTGAACAACAGCGAATCCAGAAGCAAGGTGGACGAATCATCAAAGTTGAGCTCTGCACAGGTGGCCGTCAGGTCAACGTGGGCAACTAAGAGTCACCACCAAACCAATTCGTTTCCAAGCCCGGTCAATGACCGGGCTTTTTTTTGCTTCCATGCCTTGGCAAACACGGTTTAAAACGGCTGAATGGACTGAATCAGATCCTGAGTCTTTGTCCCGCAAAAGCTTGAACTCCCGACGGAGGGCTTCCTCGCGACAGGCTCGGATCAGCGCCGCAGCAGATGCGGTGCCAAAGGCCAGCAGCATCTGGTCCCGCATGCTGCCCCTTGACTGGTCTCTCTGGCCTGCCGAAGCGCGCCTGCTACTGACTCTCACGCTGATCTGGAGCGTTGCAGGACTTCTCATCCTGGGTTCTGCCAGTTGGTGGGTTGCCAGTCGTGAGATGGGAGAAGGGGCCTATTACCTCAAAAGACAAGTGATCTGGATGGTCGCAAGCTGGGGCCTCCTCAGTCTTGCTGTGAGCACCGACCTACGACGTTGGATGAAAGTGGCCGGCCCAGCTGTGTGGATCGGCTGTCTACTGGTGGCCGCCACGCTTCTTTTTGGGGACCCAGTCAATGGCGCTAGCCGCTGGCTACCGATCGGTCCGATGCAGATTCAGCCATCCGAGCTGGTGAAACCCTTCGTGGTACTGCAGGCAGCCAACTTATTTGCGCACTGGAAACGCAGTGCTGTGGATCAGAAGTTGCTCTGGCTAGGCAGCTTCGGGGCTCTGATACTGCTGATTCTCAAACAACCGAATCTGAGTACAGCGGCTCTGACGGGACTCCTGCTCTGGCTCATGGCTTTTTCTGCCGGCCTTCGTCTTCGCAGCCTGTTTGGAACAGCACTGGTCGGCGCTGCACTCGGGGTCAGCAGCATCATGATCAACGAATACCAGCGGCTGAGGGTGGTCTCCTTCCTCAACCCGTGGCAAGACCCCCAGGGCGATGGTTACCAACTGGTCCAGAGCCTTCTGGCGATCGGTTCCGGAGGCATTGTCGGCCAAGGCTTCGGACTGTCCACCCAGAAACTGCAGTACCTGCCCATTCAGAGCACCGATTTCATCTTCGCTGTCTATGCCGAAGAATTCGGATTCATCGGATCAGTCATGCTGCTGCTGTTCTTGATGCTGGTGGCATTTCTTGGGCTGCGCGTTGCCCTGCGTTGCCGCAGCAATCAGACGAGGCTCACCGCCATTGGCTGCACCACCCTCTTGATCGGCCAATCCTTGATGAATCTTGCCGTTGCTTCTGGTGCCATGCCGACAACGGGGCTGCCATTACCGATGGTGAGTTACGGAGGCAACTCTCTGCTCTCCAGCCTTCTGGTGGCAGGCCTTCTGATCCGCTGTTCGCTTGAATCCACCAGTCTCGTGGGAGGACGCCGACCGAGGCGAGCCAACGAGCGCTCCAATCAGCACCTGGCGCCAAGTCGATAGGGTGATCCATCAAGCGCACTCCGGATGCTCCGGCAGCGACCATTCACGTTTCCCTCCTGGCGATTGCTTCCCTGGATCTGTCGGATCTGGCGCGCAGCAGTGAGCAGCTGCTCACCCAGGCGCTCAATCAGCCCGGTCTCCTCACCATCGGGCTTGTCTTTGCGGGCGGTGCTCTCACCAGCCTGGGGCCTTGTTCGCTCTCCTTGCTTCCGGTGACCCTTGCCTATCTTGCTGGCTTCAAGGGCCAGCAGCCAGGCTGGCAACGCAGCCTGCTGTTTTGCTCGGGCATCGTGGGTGCCTTGGTCGTGCTGGGCAGCCTCAGCGGACTTGTGGGCCGCATCTATGGCCAGGTACCGGATGTGGTGCCAAGCCTCGTCGGCCTGCTGGCGGTGGTGATGGGACTCAATTTGCTTGGCCTGGTTCGGCTCCCCCTTCCTTCAGGCCCGGATCCAATCCGCTGGACTGAGCGAGTGCCAGCCCCCCTGGCACCGATCGCAGCCGGACTCGCCTTCGGCTTAGCAGCGTCGCCCTGTACAACGCCTGTGCTGGCGGTGTTGCTGGGCTGGATTGCCACAAGCGGCAGACCACTCGTGGGCGTGCTGCTCCTCACAAGCTTCGGGGTCGGCCAAGTGCTGCCCTTGCTGGTCGCCGGCAGTGCTGCCGCCAGTGTGCCCAAGCTGCTGGCATTGAGACCGATCGGCCGATGGGTTCCACCCATCAGTGGTGTGGTGTTGATCTGCACTGGCATGCTCACCCTTCTGGCCCGCTGGAGCTGATCGATGACACTGCTCCGACGCCTCGCAGCCCTGCTCTCCGACCTGCGGCTGGCCATCCTTCTCCTTTTGCTCATTGCCAGCGCTAGCGCCATCGGCACCATCCTTCCCCAGGGGGAAGACCCTGCTCTCTATCTGGAGCGATTCAATGCCGACCCTTGGCTGGGAGTGATCAACGGCGAGCGCATGCTGCAATTGCAGCTGGATCATGTCTATTCGAGTGGTTGGTTCCTAGGCCTCCTTGGCTGGCTCGGTGTGGCGCTCATGCTCTGCAGCTGGCGGCGTCAATGGCCTGCACTGCAATCCGCCCTGCGCTGGATCGACTACCGCGAACCCCGACAACTCAGCAAAATGGCGCTCGCCGAAACGGTGAGCAGCCCTGATCCGAAGAAGGGGATCACCAATCTGGCGACCAGCTTGCGAGCGCAGGGATGGCAGGTTCAGGAACAGCAAGGTCGGCTGGCAGCCCGGCGTGGGGTGGTGGGCCGCGTAGGGCCTCTCCTGGTGCATACCGGGATGGTCCTGCTGATGCTCGGGGCG
NZ_CP138971.1_gap10	247547	251950	4403	TTCGAAGCGGACCCGGCCAAAGCCGGGACAAGGTTCATCCCTTCGAGTTGCCCACCATGACCACTCAACTGCGCACCTATCGCGGGATCCAGTACGACCCCAGCAAGCACGAACAGGCCAGCAGAGCCAAGGTTGATCACACCTACCGTGGCCTGCACTACGAAGCTCCTCTGCGACACGACGCGGCAGCGCCCGATCCACGCGTAGAGCTCCATTACCGAGGCAGCGTGTATCACCATCGCCGCCAAGAGGCCCAGAGCAGCTTGGACTCCTGAATCAGTAGCAGCCAGCACAATCCTCTCTCCGAGGCTGAGTCCTAATGGGCGAAACCTCAGAGAGACCTTTTCAATTCATCCTGCAATATCTTCCGGTGCAGGCTCTACCGAAAGCAGGCCTTTTCTGACACACTTTTAACACTCGAAATTATCGATCGCCGTCCATGAAAAAAGTCGAGGCCATCATTCGCCCCTTCAAGCTTGAGGACGTCAAACTCGCCCTGGTCAACGCCGGCATCGTTGGCATGACCGTGAGCGAAGTACGCGGCTTCGGACGCCAGAAAGGCCAGGTGGAGCGCTACCGCGGATCTGAATTCACCGTTGAATTCCTACAGAAACTGAAGATCGAGGTTGTGATCGATGACAGCAATGTTGAGGCTGTCGTGAACGCCATTGCTGAGGCCGCCAAAACAGGAGAGATCGGCGACGGCAAGATCTTCATTTCCCCAGTCGACAGCGTGTTGAGAATCCGCACTGGTGAGCGCGACGGCACCGCTCTCTGACGACACGTCCACCCGCTCGGATGACTTCATTCAGCCTTCGCCAGGGTGGTAGTCACCACTCTGGCGATGTCTGTGTCATCGACCTCGGTCACAGCTTGACCCTTGCGTGAACCAGACAACCAGACCAGATCCGGGCGCCCGGCGCGCAACCAGAGCAGATATTCGTGATTGCCGGCCGGTCCGGTAATGGGCGAGCCAACGAGTCCGTAAGCCTGCCAAGCGAGACCAGATGCAGCCTGAATCACTCCACGCAAAGCATCGCGATGGGCCCCAGGATCTCTGACGACTCCTCCCTTCCCCACCCGTTCACGACCCACTTCAAACTGGGGTTTCACCAGCAGCACGGCTTCGGCTTCCGAAGGGGCAAGCAAGGCCTGAATCGCTGGCATCACCAGACCTAGCGAAATGAAAGAGACATCCGCTACCGCAAAGTCGGGGCGGGGATCATCAGGTCCATACATCTCTTCGGGGGTGAGCCTGCGCAGATTGGTGCGTTCTCGCAGCACCACCCTGGGGTCGGTGCGCAGGCTCCAGGCCGTCTGGCCATAGCCCACATCAATTCCATAGACCCGACGCGCACCGTGCTGCAAAAGGCAATCGGTGAATCCACCGGTAGAGATCCCACCATCCAGACAAACGCGACCCTCAACTGTCAGAGGAAACACCTCGAGCCCCTTCAGCAATTTCTCTCCTCCACGGGAGACAAAACGTGGGGGTTGCTCCACAGTCACCGTGAGATCCATGGCCACCTGCTGGCCAGGCTTATCCAGCAGCAGCCCGCTTCCATCACGAACCTTGCCTGCACGAATCAACAACTGAGCCTGCTGCCTGGTTGGCACCAGGCCCAGCGTCAGCAAATGCTGGTCCAAACGGGTCTTATGTGCCATTTCGTCATAAAAGCAGAGGGGAAAACCGAACAAATCCGGGGGGTAAGTCCAAAGCCTGGATGACCTCCGGGAAGATCAACCCAATCCGCCCATCGGGACGTGTCAGCTAGTCAGCCTCCCCGCAGCCATCGCCACGGCCGAAACCGGGCTGAACGCGTTCTCAGCGCCGTCTCCCCAGCTCCAAAGCACGACGTGTTCGAACTGCTGCACCCCGGTAGTTTCGTGACCCTCGATAACCATCCCTCAGACCTTCCTCCCTTTCAGGTCATCCACTGCCGTGGCGGTCGTTGCCTAGTGCGGCAGCAGGCCTGGGGCCAGCATGTGCAGTGGGAAGTGGAGCACCAGCGGCTGCATTCAGCCTGAAGGCAGGGCCATACATTGGTGACGTCGTTGCCACGCGCTGGCCTTGATCGAGAGATACACCCTGCCCGAAATGGGCAACCTCTGGACTGATAAAGCCAAATACCAGAGCTGGCTCGACGTTGAAGTGGCCGCTTGTGAAGCGAACTGCAGCCTCGGGCGCGTGCCTGAGGACGCGATGGAGGAGATCAGGACCAAGGCCGCCTTCGAGCCGGAGCGGATCCTCGAGATCGAGGCGGAGGTTCGTCACGATGTGATTGCCTTCCTCACGAATGTGAACGAGCACGTGGGTGATGCAGGACGCTTCATTCATGTCGGCATGACCAGCAGCGACGTGCTGGATACCGGCGTTGCCTTGCAGCTCAAGGCATCGGTTGGCTTGCTGCGAAAGGAACTCGCCGATCTGGATCAGGCGATCGCCAAGCTGGCGATCGCCCACAAGGCCACCGTGATGATCGGTCGCTCCCACGCCATTCATGGCGAACCGATCACCTTTGGTTTCAAACTGGCTGGCTGGCTAGCGGAGACCCGCCGCAACGCAGAGCGGCTTGAGCGACTTGAGCGTGATGTGGCCGTCGGCCAGATCAGCGGTGCCATGGGCACCTACGCCAATACCGACCCTGAAGTGGAGCGCCTGACTTGCGAGCGGCTGGACCTCACCCCAGACACCGCCAGCACTCAGGTGATCTCACGCGATCGCCATGCCGATTACGTGCAGACACTCGCACTGGTGGGAGCGTCTCTCGACCGATTCGCCACCGAGATCCGCAACCTGCAACGCACTGACGTGCTTGAGGTGGAGGAGAGCTTCGCCAAGGGACAGAAAGGCAGTTCAGCCATGCCTCACAAGCGCAATCCGATTCGCAGCGAGCGGATCAGCGGTCTGGCGCGCGTACTGCGCAGCTACGTGGTGGCAGCACTGGAAAACGTGGCGCTCTGGCATGAACGCGACATCAGCCACAGTTCCACCGAGCGGATGATGCTGCCCGACTGCTCTGTCACCCTTCACTTCATGCTGAGAGAGATGACCGCCGTCGTCTCCCAACTTGGGGTCTATCCCGACAACATGCGCCGCAATATGAACGTCTACGGCGGCGTGGTGTTTAGCCAGCGAGTCCTACTTGGATTAGTCGATGCCGGCATGAGCCGTGAGGATGCCTACCGGGTCGTGCAACGCAACGCCCATACGGCCTGGAACACCGACGGTGGTGATTTCCGCGGCAATTTAGAAGCCGACCCCGATGTGACCAACAAGCTCAATCCCGAACAACTGGCGGCCTGCTTCAGCACCGATCTACACCAGGCCAACCTAGGGGTGATCTGGTCACGCCTGGGGCTCTGATCACCCGCTCAGCCGATGTTCTGGACCCCCTATGCCGACTGGATTTACGTGGTCGTGAGCCTGTCAGGCTTAGCGGCTGTGACCTGGCTGGTGCTGCGACCTAGACCAGACAGCTGAAGACAGCTGACCAACACCAGAGTCGGTCGTCCAAGCCCTGCTGGCAGGATGAAGACGTGTGCAAGTGCGTCGCAGCGGGGCGAGACGAACTGATGGTGGCAGCGACACGGGTCGAAACCGACAGCATGGGGCCTGTTGAGGTGCCTGCTGAAGCCCTATGGGGCGCTCAAACCCAACGGTCTCTGCAGAACTTCGACATTGCAGCCGACAGGATGCCAACTGAGCTGATCCATGCCCTGGCAAGGATCAAGCAGGTGGCAGCCATCGTCAACACCAAACTTGGTGTCCTGGACGAAGCGAAACGCGATTTGATTGTTGACGCTGCTGCCGCCATTGCAGAAGGCCAACACGACGATCAATTTCCTCTTCGGGTCTGGCAGACCGGCAGCGGGACCCAGACCAACATGAACCTCAACGAGGTGATCAGCAATCTGGCAGCACGCAGCTCAGGAGAAGAGCTCGGCAGCCATCAACCAGTCCATCCCAATGACCACGTCAACAAGTCGCAATCGACCAACGACGCCTTCCCAGCAGCGATTCACGTCGCCGCAGCTGATGGGATCTGCCACCGTCTATTACCTGAACTACAACGGCTGAGCCAAACCTTTGCGGCCAAAGCTGAGGCCTGGGGAAGCATCGTGAAAATCGGCCGCACGCACCTCCAGGACGCGGTACCTCTCACCTTGGGGCAAGAGGCCTCCGCATGGCGAGATCAGATCAACACTGCGTCTGTGCGCATCAACGCCAGCCTGAAGGAAGTGCTGTTGCTGCCGCTCGGGGGCACCGCCGTAGGCACAGGCCTCAATGCCCCCGATGGCTATGCGGACCAAGCCGCCGCGGAATTAGCCCGCCTGATGGGGTTGCCTTTCAGCTCCGCACCGAACAAATTCGCCGTGATGGCGAGCCATGACGGCCTGGT
NZ_CP138971.1_gap11	263147	264151	1004	ACCGGGGCGGGACCGTAGACCATACGTTTTGAGCAGAGGCAAACCGCAGAGCACTGCCAGCGCAATCCCAAACCAACCGGTCAGAGATTGATGCAGCAAGAAAGCCCCTGAGCCAATCAGGGCACCGAAAAGCACACCACTACTGAGCAGGAATCGTCGAATCAGTTCGTCAAGAGGATCGACGACATCCACATCAAATCGCTGGCGCCATCGTCTCCAACCCGGCCCGGGAGGCTGCACCTTGCGGACAAAACGCTCGATCACATCGGGCGATTCAGGCGGCGTCATCAGCATCACCAGAACCCAAACCACCGCCGTAATGCCTGTGGTGACCATCAGGCGCTCGCCGTAATCGTCAATCTTCAGCGGAGGGATCCAAACCAAGCGATCCAGCAGCGGATCTAATTTTCCGGACGTACTCAGGCCCACAACGAAGCCACAAATCATGGCCGCCAACTCAGCGGCTGCATTGATGCGCCACCAGAACCAACGCAGGATAAGGACTGCGCCTGAACCCGTTCCGATCACAATGACCAAGCGAAAAATGTCGCCAACGCTCTGAGCCAACATGGCCACAACAACCCCGCAGACGAGCAACAACACACTGATGATCTGCCCCACCAGCAGCAATTCCCTCTGGCTGGCCTTGGGATGCACAAAGCGCTGATAGAGGTCATGGGTGAGATAGCTGGCACCCCAGTTCACCGAGGTACTCACGGTGCTCATGAAGGCCGCCACTAGCGACACAACCACCAGGCCCAGAACCACCGGAGGTAGATAACGCACAGCCAAGATCGGATAACTGAGCTCCCAGTCACCACCAGGTGGGAGCAGCACCAGGGCAGCAAGAGCCACCACCACCCACAACCAGCTACGCAACAAATAATTGACGACGAGAAACACCCAGCCGGCCAACTGGGCCTGACGCTCATCTCGGGTCGCCAGCATGCGCTGAATAAATTCACCGCCACCATCACTGCGACGAAAGCTCCACCACTGCACCG
NZ_CP138971.1_gap12	285419	289797	4378	ACAGACCGGCGGCTTCGCCGGTGAGCAGCAGGCCATGGTGCTCTCTGCAAGCCTGGCTCGTCCCTCCAAGCCGAAGACACCGCAGCGCTCAACGCCGAAACCGGTGGCTGCCGTCCGCAAGCGCCGCAAGGAGACAGCCCGTCAGCGTCAGCGGCGACGGGCCATGGAGCTTCGCGCTGCACGCGAGGCCAAGCAAGTCAGGCCCGAGATGATCGTTGTGCCGGAGGACAACCTCACGGTGCAGGAGCTTGCCGACATGCTCAGTGTGGAGAGCTCCGAAATCATCAAATCCCTGTTCTTCAAGGGCATCATCGCCACGGTGACCCAAAGCTTGGATATGCCGACCATCGAGGCGGTGGCCGACGAATTCGGGGTGCCGGTACTCCAGGACGATGTGGAGGAAGCCGCCAAGAAGACCGTCGAGATGATCGAGGAGAAAGACCTCGAGCATCTGATCCGCCGTCCGCCCGTGGTCACGGTGATGGGCCACGTCGACCATGGCAAGACGAGCCTGCTGGATGCGATTCGAAAAGCGCGCGTTGCTGCTGGCGAGGCAGGCGGCATCACCCAGCACATCGGCGCCTACCAAGTGGAGGTTGAACACAACAAGCAACCCCGCAAGATCACCTTCCTCGACACTCCTGGGCACGAAGCCTTTACTGCCATGCGTGCCCGTGGCACCAAGGTGACCGACGTGGCTGTTCTGGTGGTCGCTGCCGATGATGGCGTCAGGCCTCAGACACTGGAGGCCATCAGCCATGCCCGTGCTGCCGAAGTGCCGATCGTGGTTGCCATCAACAAGTGCGACAAGGAAGGTGCCTCCCCAGACCGGGTCAAACAGGAACTGTCAGATCAGAACCTGTTGGCAGAAGAATGGGGCGGCGATGTCGTGATGGTGCCCGTCAGTGCCATCAAGGGCGAAAACATCGACAAATTGCTGGAAATGATCCTGCTGGTCACCGAAGTGGAAGACCTACAGGCCAATCCCGATCGCATGGCCCGCGGCACCGTGATCGAAGCGCATCTCGACAAAGCGAAGGGTCCTGTGGCCACGCTGCTGGTTCAGAACGGCACCCTCAAAACAGGCGACGTTCTGGCCGCTGGCCCTGTGCTTGGCAAAGTCCGCGCCATGGTCGACGATGCCGGCAAGCGCATGAAGGAGGCCGGACCTTCCTTCGCCGTTGAGGCGCTTGGCTTCAGTGAAGTGCCAACAGCAGGCGATGAATTCGAGGTGTATACCGACGAAAAATCCGCCCGTGCAGTCGTGGGAGACAGGGCATCCGATGCCCGTGCCACCCGACTGGCTCAACAGATGGCCTCAAGGCGTGTATCGCTCACAGCCATGTCTGGCCAGGCAAGCGATGGCGAGCTTAAGGAGCTCAACCTCATTCTCAAGGCCGACGTCCAAGGCAGTGTGGAAGCGATTCTCGGATCGCTGGAACAGCTACCGAAGGACGAAGTCCAAGTTCGGGTTCTGCTCTCGGCACCTGGTGAAATCACGGAAACAGACGTCGATCTTGCAGCTGCCTCCGGTGCCGTGATCGTGGGTTTCAACACCTCAATGGCCTCCGGTGCGAAACGCGCCGCAGATGCCACGGGCGTTGATGTGCGCGATTACGACGTGATCTACAAACTGCTCGAGGATATTCAGCTGGCGATGGAAGGCCTCCTGGAACCAGAGTTGGTCGAAGAGGCCTTGGGAGAAGCGGAAGTGCGTGCGGTCTTCACCATCGGCAAGAGCGCCGTGGCCGGTTGCTACATCACCACTGGCAAGCTGCAACGCAACTGCAAGGTGCGTGTCCGTCGTGGCAAAGAAGTGGTGTTCGAAGGCGACCTCGACTCCCTCCGTCGCAACAAGGACGACGTCAAGGAAGTCGCCACCGGATTCGAGTGCGGCATTGGCTGCGATCGTTTTGCTAATTGGGAGGAAGGCGACCGGATTGAAGGCTTCAAGATGGTCACCCAACGCCGCAAGCTGAGCACCTGACCGTCACCCCCTGCCCCGATCCATCGTGAGTTCTCGTCGCGAGCCCCTGTTGTGGCTTCAGTGTCTGGCCCTTGGAGCCATCCCACTGGAGCTGCTGGTGCTTCGACTTGTGCTCGCCGGCTCAGACCTGGGCCCATTCCCTGCCCTGGAAAGACTCTTGACCTGGGGCATCGGGGCTCTCGCACCAGCCTTTCTGCTCTGGCGTCGATCACCAGACTGGGGATCACTGCTCCTTCTGCGACTTCCCCTAGCCGATCGCACCAAGCGCCAGCGCCAGCTCAGCGCGGCCCAAACCACTCTCCCTTTGAAACTGCTTGGGAGTGCAGGTGTCGTGCCCTTGCTGCTGTTGTTGTGGTGGATCGATGCCTCGGCCCTGCTAGTGGCGGACTTGTCGCCGCTGCAGCACGGCAGCCGCCTGGGGAGCCTGCTGATTGCGGCGCCCCTCCTGGCTCTTCTCCTATGGCAATGGCATCAGCTGATTCAGGCCAGTTGGCTACTGACCAGAGACAACGATGCCCTGGACCGCTTGACCCCACTGAGCGAAGCCGAGTTGCAACAGACAACTCTGTCGTTAGGCCTGAGTCTGCTCCGGCTGCCAGACCTGGACTGGGGTCCTGAGGTCGTTGCTGATTCGCAGCCGACAGCACCGACAACACCACCTGCAGCCAGTTCAGACGAACGGTCAGCGGTCGAATCCACCCCAACAACAACCACCATCGATTCAAGCGATGTCGATGCAAGCGACGCCGATGCAAGCGACGCCGATGCAAGCGACGCAGATGCAAGCGATGTCGATGCAACCGCCGCCGATGCCAGTGGCGGCACAACAGACGATCACCAAACGCCTGAGATCCCATCAACGGGGCAACAAGAGAGCGACGACAACGTGGAAGAGACGGCAGGGCAGGACCAGGCCCTGAAAGACAGCGAGGCTGAAGACCAGCACCAGCCTGAGGATGTCAGCGAAAAACTGGACACCCCCACCACGATCAGCGAAGACCTCTCTGCAACACGTTCCACTCCTGCGCCAGACAGCAATGACACTCCTGCAGCAGGAGCAGTGGCTTCCGATCCTGGATTAGCCGTCCTTGGAGCGATCGAACCAGAGCAGCCCTCCGAAGGTCATGACGGCCCCGATCTGGATAGCGAGGTCGGAGAGCACGACACTGTCGCCAGCGCTGACGCGAAAACTCATCACGAACAGGCCGAGGCCACCGGAGGCGAAGAGAGCGATCCAGAGCAACCGGCGCAACCCTCTCCAGGGAGTGCGTGACTCTTTAAGAAGCCTCTCCCTCAGTGCAGGATCCAACTGACCATTGGGGTTCTGACCGTTCAATCCCTTGAGGCTGCAGTCCAGAATGTTAAGTTCCAATCGACGCCGATGTAGCTCAGCTGGTAGAGCAACGCTTTCGTAAAGCGTGGGTCGCCTGTTCAAGTCAGGTCATCGGCTTTGCTTCCGCATCGGCCCCCAAGAACGACTCCATTTGAGGAGTCCAGGCTCTGATGCAATCCTGACCGCCAGGGCCTCAGGATCCCCGATCAGCGAAGCCGTTCAAACTTGCATCCCTTCCCTCAGCCCTCAAGTGAGCAACCTCTGGGTGAGCGGGAAGTAGAGCCTCGATGATCAGGAACGAACCTGCCGCAGCCAGAGATCCGGCTAAAGCAGCAGTGCAAACACACACTGCACCGTGCATCAGGTCTTTCATGGTTGAAGGGCTGCTGCATTCAGCCTCTGCCTGAAACGGGAAAAGAGTGGTGAGACGGGTCTCAACAATCAGTGCGCAGTGTCACAACTGAATCAAACTGAAGATCCATGGTGAACGGCTGCAGATGAGCGGCATGGAGCCGACCAAGCTGGAGAGGCTGCACCGCAGCTACAGCCGCGATGCGGAGCTGGATGAAGCCTTCATCGTTCTCACCATCGGCGCCAGCCTGATTGCCACCCTCGGCTTATTGGCAAACAGTTCAGCTGTGGTGATCGGGGCGATGGTGGTCGCACCATGGATCCACCCATTACGCGCCAGTGCCTTTGCAGTTCTGCTCGGTCGCGTTCGACTTTTGGGCCGATCGCTGAGCACCCTGGCCATCGGGGTTGCGCTGACAACCGTTTTATCTGCATTGCTGGGTGCACTGGTCGCACTGCCCCAGTTCGGCAGCGAGGTCACAGCGCGCACCATGCCCAACCTGCTGGACCTTGGCATTGCTCTTGTTGCAGGTGGACTCGCGAGCTACGCCAAAATGCGAAGCGACGCAGTGAGCTCCCTGGCAGGGACGGCGATCGCCGTGGCTCTGGTACCACCGGTGTGCGTGATGGGCCTGCTGCTGTCACAACAGGATTGGTCCTTAGCCGCAGGCGCAGGCCTCCTCTTTTCCACCAACCTTCTGGGGATC
NZ_CP138971.1_gap13	296065	300986	4921	CAGCCGTCACCGACAACGGTGGGCTCACTGTTTACCGGCCTGCACCCTGCATGTTCCAAACCAATACTGGAGGTGGCGACTGCCTCATCCAAAACAACGCCGACGGTTACACCTTCCAATTCCTGGGCGGACAGCCCGGCTGGCCTGAAGACAACAGCCAGCCCACCACGGAAACAGAGATCAAGATTGCCCCTGATGGCTACACGGTTGACAGCGTCATTTACAACGGCGCGCCTCGTTAATCGTCAGCCAACAGCATCTGGAGCGCCTCAGGAACGGCCCCTTCCAGGGGCCAGACCTCACGCTCCGTGATGCTGAGTGCGATCCCTTTCTCCCCATAGGCCGCCTCGTTGATGAACACCGGGACCCTGCCATCCGGGCCCTCGTAAGGGATCACGCTGCCATCAGCCTTCAGGAACAGTGGATCGCCGCTCAACAGCGGTTGCCAGTCCTGCCCCTGACGCGCAGGATGCACGCAAGCATCAGGCCGCCCCTCGGGATCACGGGGAAGATCAAGGCTGCCGAGATGGCGATGCACGATCAGGGCCGAAGGGCACACCAACTGCTGCCGCCGCGCATCTGCGATCACAGCCAGACAGGCTTCCAGCGTGAGGCGCGTCTGTTCGACGATGCTTGCCTGAAGCAGCATCTGCGGCACCGGGCCGATCTCAATCACGACACCACAGGGCCAGCGCTCCACCAAGAACCCTTGCTGGGCCTGATCGGCCTCGTGCAGATAAACGGGCAGTCCAAGACGCTGCTGAACCGCAGCTGCAAGGGCCAAATCGGCCGGCCTGCGGCCGTAGACCACCAGCGAACTGCCCATGGCCGCCGTGGTGCTGTGCAGATCAAGGGCGACAACACAGCCCTCCGGCCCCTCCGGTCCAAAGCGACTGACCAATTCATGGGCTCGAACGATCTCTCGATCGAGCCGCGATGACTCGCAGCTGGCCATGGCTTGATGGTCCGCCCGTGCCAGAAGCTCAAACCTGAAGCTGCGATTGAGATCCCGATCGAGATAACGGCGACCCTGCGCACGCGCCTCAGGGTTACCGATCACGGGCACTGGGGTAACGGCAGCGCAAGCAATCAGAGCAGGATTGCGCTGCCATTGATCCAGCAACCATGGGGCGTTGATCTCGTTGCCATGGGTGCCGGCCACCACCAAAACGCGAGGGAGTGCCATTCACCAGATGCCAACACCTCCAGACTGACACTGTTGAACACCGCGACCCATGGCAGTTCCCCCTTTGGTTATTGCCACTGCCCGTGATGGCTGGCGCTGGCAATGGCGTCAATTAATGCAGGGGCTGGGGCCAGCTGATGCGGAAGGCCGCTACGTCCGCCCTCCCAGCGATCGACTCGAAGTCACGGTTCCCTCATCAGAGGAGCTGCTGGGTCGATCCATGCAGCAACAGCCGCGATTGGTGATCGGCCGCAGCTGCCCCTGGGCCCATCGCACCTGGCTAATGCACCGCTTGCGGCAACTGGAGGGAACGCTCACGCTGCTCACGGCCAAGGCGGATCACCGCGCCGGACGCTGGAGTCTTGCTCCCTCCTGGTTGGGCTGCGATTCGCTGCTGGCCCTCTACCGACACTGCGGCACACCGCCGCATCACCGTGCCACCGTTCCAGCCCTTGTCGATCCTGGCAACGACGCCGACATCACCCCCCGTCTGCTGGGCAATGACAGTGCCGCTCTCAGCGAAGCCCTCAACCATTGGCCTGGCGGAGACGGAGCAATGAATCTGGCGCCTACCGATCTGCTGCCAGCGATCGAACGCTGGCAGTCCCTTCTGCAGCCCGCTGTCAATGACGGCGTCTACCGCTGCGGCTTCGCACGCACCCAGCAGGCTTACAACGAAGCCAGCGCCGAGCTGTTCGCAGCCCTGGAACAAGTTGAAGCAGCTCTTCAGAGCCAGGGGCCATGGCTATGCGGTGAGCCGCTCACCATCGCCGATGTGCGCCTATTCCCCACCCTGATCCGTTGGGAACTGGTGTATGCACCGCTATTTGGCTGCAGTGCCAGACCGTTGTGGATGTTCCCTGCCCTGTGGCGCTGGCGCCAACGCTTTTACGCCCTACCAGGAGTGGCCAACACCTGCGATGGCGAGGCCTGGCGGGCTGATTACTTCGGAGCGTTGTTTCCCCTCAATCCAGGTGGCCTTGTACCAGCCGGGCCGGATCTGAGCGCATTGATCAACGCACCAGAGCCTCTGAGCTGAGCAGAAGCATCGGCTTCACCAGATTTTCACCCGATCAGATCCGAGACCACACCAGCAAGCGAACGCAAGCCTCACCAGGAGCGCAGAGACCTTGTGGATGTCACAGAGGCCACGCCTCACCACAACATCCCAGGTACACACCAATGACGACAGCAACCACAACGCGCACGCTGATCAAAGTCACCAACAACAAGGACGACGGCGACGGATCCCTGCGAGAAGCAATTCGCCAAGGCAATGAAGCAGTCAAAGCAGGAAAAGCCGTCGAAATTGCCTTTACCTCGAGCTTTCACATCAAAGTCAAAACTGGCTACAGCCTTGAGAAAGGAGATTGGACATTCAACCAAAAGTTAACCAAAAATATCATCATCAATGGTGAAAATGCATCAGGGCCACTTTTCCAGATCGGCAGCCAAAGCAATATCAATTCCGCAAAAAATCCAAGTGATATTGAGGAGCTAAAGGTTGACATCACCCGCATGCATCTCGTGAACAGCCACGTCAAAGGTGGAGACGGAAAGAGTGGAGGAGGGGGAGGCCTCGGAGCAGGCTCTGCCTTGCTGCACTTCAACGGCCATGTGAACTGGCGCGAAAGCAGCTTTCAAGGCAACACGGTAGAAGGCGGAAAAGGAGCCAAAGGAGCAAGGGGTGGACAATCCTTTTATATCCATAACAGCAACAAAATCCAACAGGCCACATCTGGTGAGAAAGGGGAACAGGGCGGAGGCTTCAACTCATCATCAAAAACAAGTCAATCAAACAGCAACCGTCCCTGGATACGCAATGGGAAAGCAGGTAGCAAAGGCTTCATGAACCCCTCTTACAAAAATCATCCGAGCGTGATTATTGGGGGCAATGGCGGCAATGGCCACAACGGCAAACTCTTTGGGGAAGCTGGCGGTGGCGGTGGCGGCGGTGGTGGTGGCCACAAAAAATCAGTATATGCGTGGGGGAATGAAACAGAGCCTGGCTATGACGGTGACGGCAAGCGATGGGGGAATGGCGGTCGAGGAGGAAATGGGGGCAATGGCAATTTTGGGGCCGGCGGGGGGGTCGGAGGTAGCGCCGGCGCCAACGCGGGAAACAATCATTTCTGGATACAGCACTGGCCCTCCTGGACCGAGTATGGACGCAGCCCCAGCTGGACATACAAAAACAAGCAGGGCGCCAATGGTCGAAGCGGCGAATGGGCATCAGCACCAACGAAAGCCAGTGATCCCACCCGAACGGATGGTGGAAAACCTGGGCGCGGAGGAGACGGGGGAGCCCTTGGAGTCATTAGCTCTTTTGCCACCAACAATCAAAAGTCTTCACTCACTTTCGACGACGTCGACTTTCGAAAAAATACCGCTAAGGGAGGAGCACAAACTGGTCGCTTCTCTAATATCTACTCCCGACACATCAACATCCAATACAACAAAACCACCAACTCAAGCGGCGACACCTTCCGCGGTAGAGAGATCGGCGACGGGAACTTTGAGCGCAATATAAATAGCGCCACGACCGATAAGTCAAGAAGCTATGCCAATTCCGGTCGATTCCTTGAGATAGAGCCAACAAACAACACTGCCCCGCAAGATATCTGGTCAGCTTCATACGAAAACAAATCCTCCATTGTTCAGACATTTGGGAAGACCCATAAACTCGGCAATAAAAGCGGGCACGTCATTGTCCTCCACGCGGACCACAATGATGAAAGCGTCCAAAAAGTCGAGATCGAAGGGGCCGAGGCCCTTCTCAAGTCCGTACGAGAAATAAACAATCTTGCCAATAGAACAAAAAGCGAAGCAGACATTCGAGAAAGCCACAAGGGGATTCTTGGAAGCCTTACAACAACAAAGGCTTACAAGCCAGCATCCAAGGCAGTCGGAGACACCATCGAGAAAAAAATAGACAAATATGCATCAAAATTTCACCTTAGAACATTCAAGAAATACACAAAATATGCCCTCGGATTAGGAGCACTAATTGGCGAAACAATTTTCAACCAAATGGCGGAAGATGCACGCATCGAAAAAGAGCTCCAAGAGAAGCGCTTTATCGACAAGCGCAGAGGGGAAATCAACAAATTGATACCCGGAGACCTTACGGTCACCCCGTTCGACCTAGGGAGCAACCGCACGTATGACACGTTCAAAGACTTCAAAGTTGGCCGGGACCAAATCAACTTTACTGCAAGAATTACACCCACAATTACTTACCGCACAGACCCAGTGCAAGGAGGAATTATTGAAATCAACTCATCACGAACGGACGGGGCAAATGACAACAGTGCTCGACTTATTGGGCAAATTCGTCTCACCGCAAGCCAAACCGCAGAAGCCAAAAAACTCGGAAACACAAAAGATTACTTTGAGCAATTTCTTCACTTAAGAGAAACAAACGGAACAGCACACTATGTCTTCGCGAAAGACTCGCAATGGCAATATGTCTCTCGCACAACGGATCGCAGACCCGGCGGCATCGGAAACGACAGGATCCTCATCAAGCGCAAAGATGATGTATTGAAGTCGACCGTGCTAAAAGCCAACGGATTCGAAGGCCACGACCGCATAATGGGCGACGACGGCAACAGCGAGTTAAAAGGAGAATCAGGCAACGACTTCTTTGATCCTGGCATTGGCTCTGACACCGTAGATGGAGGATCAGGCACTGACACCGTGAGCTATAAGTCCTTAAAATCAGCCGTCTCGATT
NZ_CP138971.1_gap14	307999	311112	3113	CCAGATCACACTGCAGCCAGGGCCACCATCTCCCTTCTCTGCATCGATGACTCGCTCCACATAGGGCACGGTGTCGAGCCATTGGCGCAAACCGCGCTTGAGTTTGCCAGTGCCAATGCCATGGATCACCCAAAGCGGTCCATTGGCACCGCGGAGCAACTCCTCAACAGCCGCTTCAGCTTCATGCACCCGCATCCCTCTCACATCCAAGGTGTTGCGTGAGGTGCGCACCTCTGCACCCCGCGTTCCTATCCCTCTGGCTTTGACCTGCACAGTGGCGGGTGGCGGTGTGGGTTGACGGCCATCCAAGCTCTCCACCGCCGCCAGCTCCACAGTGCTGCGCATCACACCGCAACGCACAGTCAACTGCAGACCATCATCAGAAATCGCCAGCACCTCAGCTGCTTTGCCGAGAGCCAACAAACGAATGCGATCCCCCACCTTTGGGCTCCAGTCTGGGTGTTGCCTGCGTTGGGGCGCAGGCCGATGATCCGATTCGAGCCGTCGTAAGCGCTGGCCTGCCTGACGCGCCGTTTCACCATCAGCGTTCTGATCGCGAAGCCGCCGGATCAGTCGACGCACCTCCTTCTGACCATCGCGAATCGAGGTTTCAAGGCGCTGGCGCCCTTGCTCCTGCTGTTGCGACGACTGCTGGCGCTGACGCTCCCAGCGGCCGAGCAGCTCTTCATGCAGCAGCTCCGTACGAGCCAAGAGCACCGCGGCATCCTCAGCCGCTGCTTGCTGACGCTGACGCTGCTCCTCCAGACCACGGATGACAACATTCACATCGCCGTCGGCTTGGGGGCTGAGCAAACTGCGCGCCTGATCGATGACCTGGTGATCCAGCCCGAGACGGGAGGCAATGGCCAGAGCGTTGCTGCGACCAGGAATCCCCCAGAGCAATTGATAGGTCGGGGACAGGGTTTCGGCATCGAAGGCAACGGAGGCGTTCTCGAACCGGTCGTCGCTGTACTTGAGGGCCTTGAGCTCACCGAAGTGCGTAGTGGCAATTGTGAGCCTGGCCCGATCGGCAAGCGCTCTCAGCAATGCCGTCGCCAGGGCTGTCCCTTCACTGGGATCCGTTCCGGCCCCAACCTCATCGAGCAACACCAGGGCAGGTGCCGGGCCGTTGTCCAGTGCCTCCAGAATGCAGCCAATCCGCTTCACATGACCACTGAAGGTGGACAGGCTCTGCTGCAGCGATTGCTCATCGCCGATATCGGCCAGCACCTGAGCACACCAGGGCAATGATGGAGTGCCGCTGCACGGCAGCCAAAGCCCAGCACGCGCCATCAGAGCGGCCAAGCCGACACTTTTCAGCGTCACGGTCTTACCACCAGTGTTAGGCCCCGTAATCGCCACCACCCGCAGCTCAGGCGAGACCGTGATGCTGATCGGAACAACCGGTGCTCCCTGATCGCGCTTCTCCAACCACACCAGCAGTGGATGGCGGAGCTGATCGAAGACGAAGGGAGTCTGGGGGTCGGCCTCCAGGCGCGGAGGGACCCCTCCGATCCACTGGCCGTAGAGAGCCCTGGCCAAGCTGAGATCCAAAACCAGCAACACCTCTCCGAGCCGGATCAGCGGCTCATGCTGAGCCGCAACCGCGGCACTCAGCTCCGCAAGCAAGCGCTGCTCCTCCTCCCGAATGCGGCCCTCCTGGTCGGCCAAACGGTTGCCGAGCTCGATCACCGCCTGAGGCTCCACAAACACGGTGTTCCCAGAAGCAGAGCTGTCATGCACCATGCCCTTGCAGTGAGAGATGGCACCGGCCTTCACCGCCAGAACAGGTCGACCATGACGCTCCGACACCACCGTGTCCTGAAGCTGGGCCGACCAACGCCGGAGCGTCTCCTGCAGCCGATCACGTCGCTGTTGTCTCAGAAGCTGCCATTGCTGACGCAGCCCAGCCAACACAGGGCTGGCCCGATCAGCCACACGGCCGCCCTCCTCCAAAGCGAATTTGAGCCGTTGTTCCAGCTCAGGCATGGTGGCCACAGCACTGAACAATGCCGTGCAGAGCGGGCGCAGCTCGGGATCATCAACCTGACGCCGAAGCCGGCGAGCCGCGGCCAGGGTGTCGGCGACCGCCAATAGCTCCTCACCATGGGCGGTGCCACCCTTGCTACAGCGCAGCAGCACAGCCTCCAGATCGTGCACCCCCTGAAAACTGAGCCCGCCTTCGGTGACTCCATTCAGTCCGGCGAGCTCAATCGAGCGGGCCAGCCACTGGCGACTGATCTCGATGTGCTCCGGCAGGGCGGTGACTTGCGCAGCCTTACGTCCAGCCAGGGTGCTAGTGAACGAGGCCAGATGGGAACACAACCTGGGCCACTCCAGCAGCTCCAGCGTTTGCTGCAGCACAGGACTGTGATGCGACGAGGCAACGTGGTGAAGGGGCGGCATTAGGGCTGAGGAACCGCCGCCTCCAGCTGATTGGAGGGAATCCCTCCGGGAGGCTCATAAAGCATTTCCAGCCAGTTTCCCTCTGGATCGCGCAAATAAAAGGAGGCAGTGCCATCGCGGTGATCATGCACAGCGCCCACCTTCACGCCATGCTCTCGCAGCTGCTGGTGAACCCGATCCACATCGGCTCGATCGTGGAAATGGAAGGCGAAATGGGGGCCAGCAGCCTTGTAGTTCGGTCCCAGCAAGGCCAAACCATCGCGGCCATCCCCGGCTTCGAGGTAGCACCAATCGTTGGCCTTCCACACCATTCGCATGCCGAGACCTGTGTAGAAGCCGACGGCACGGTCCATGTCTTCAACGCGAATGGCGACATGACCAAGACGATGGACGGGAACCATGTTGGAGAGACCGACTAGAAGCGGAGACATACAACGTTGTTTGAACCTACTGGCGAGGCTCAAGGGCTGCGGGAGCAGGAACGGGATCGTGAGCGAAGGAGATCCCCCAGGATGTGCGGCACACACATCCGATCGAGAAACAGATCAGGCCGCTACCAATCAAGTTGAGAGCAGAAGCCCGATCGCGACGATCACCCTCCAGCAACAGGTGGGCCGCGATCACGAAGGCAATCGCCGAGGCCACAAAGGGCAGAGGGCTCCAAAAGCGGAGGGGGCGAGCGGCGGCCATGGAGGCAGGGTGGTGCC
NZ_CP138971.1_gap15	323532	326631	3099	ATAAAAAAATAAAGCTATAGCACGTAGATCTTTTGATGCCCTTTGAAAAATACGGCAAGTGATCAAGCACGGTCACTTAATTCATAAAAATCATGTTTGCTCTAAATAGGAAGAAAAGGCTGCATCGATATTGACATCTGAACCAAACCGAGAGAAGTAGACAAGCAAATCACTGAAGCGAAGAAAGGGATCAAGAACAGATCGATCTTCACCTAGAAACTTCAAGCCGACCCATGACAATCCAGGTGGCATGATTCACGAATGCTTAGGAAGCCCATTGATGCGTGCCTCTATGCGTAACCACACCAGACTGTCCAGACAAGAGAGATCTTAGTTCACTAAAGTCAACCCAATGGATGCAATCGACAGGGCATGTATCGATGGCTTCTTGAATAAGCATCAACGAATCTCCATCTTGGCGAAGGGCTCTACATCGCCCAGAATGAGAAAGCATCATGAATGTATTTGATGCAACATTGATGCAATATCCACATCCAATACATGACCGTTCATCAACCCAGACAGCCTTGACATTAAGTTGGCCACCTAGAATTGGCTCATCGCCTGTACGCAATCGAGCAAATTCAACTATCCTAGCTTTAAATGCAGATCCAACAATCGTGTTATTTTGATCAACTTCCTGCATTATTTTTCAAAGCTTGATAGATGACGTTGATTAAAAAAGACTACTGTCATTGATGGGTAGCTTTTCAGTCATTCATCGCACCGTAAAAGTGGCATTAAAGATTGACAGCACAATGATGAGGGCACTAATCGATCCAATGGAGAGAAGAAGAGTCCAGATAGTCAAGGCTCGCCCTTCGGGCTTGTCATAGATGAGACTTGCGACAGACGCTCTTCTTAGGCTGTAGGCATTAAATTGATCAATCGACATCATCATTTTGCTAGAAATGAGTTTATCTCTCCAATACTCAGAATATCTTGGCAATTTTTGATAGATGGGGAGCTCACCAATCGCTTGGCCAGGAATCAGACGGTTAATCTGCAAGGGCATACTGTCGTAACCAAATCGATCCATATATTCACTACCATCTAAAATTAGATCGATAAACTTAGCAAATCCTTGCCCAGCAATCACGATAGACCAAGACAACACTTCCTCTGAGTTGTAAACAGGTCTGCCAAGCACTCTACCTATCACTTGCTCAACAATTCTTTCATTGCTATTGCAAAGAATATAGCCTCTATAGAATCGCTCTGAAAGAAGAAGACCCCTGATAAAATCCCTGACCGTAATGCTGCCAGATCGAAGTTGTGACTCCAGAAAAACATCTCGATCAGCAGTCATAGCATGAAAGAATATCTGTCGGTAACATTGCTCTATAAGCTGATCACAAGACTCTGTTAACTCATCTCGCTTTTGAGATGAGATTTTATTGGCATCAAAAGAATCCACACGGGATCGTTGAGATGAGTATGGATATTGCAAACGAGTGTCGCTAAAAATTGATGGCATAGCTAAGGACAAGCTCGTATCCGCACAAGACAATTATCCAGAGGACTGAGGCAAATTGATTATAATTTTTACTGCCAATATCGCCAATATGACGTAGGCCTTCGCTTTTTATGATTAAAAACTATGTTACAAAGGTCACACCGTCTGCTGATGAAGGTAGGAGGAAAGATGTTAGCTGAACAATTGATTGATTCAGTTGGGCTCATTCGAGCAGCATCCAAACGACAATGAGGCATGAATAAAACCAGGACACCAGGCATGAAGCACAGCCACTTCGGCTAACGCTAGTGATCCATCAATCGCTGGAGACGCCATTGATGGCGGATCTCTGGCCGTCGTACCCACACCAATCCATCCCTTGGTGGTCGTGAAGCAGCACACTCCCATCCGTCAACGACATGTTGTTACCGGGATGCTGAGATCATTTTGGCCATCGGCTTGTCAACACACTTGTGTTGAAGCCGGTTGATGCCAAGGCCTATGACTTGATGCCTCGCCCCCTCCAGGAAGGACGTTGGTGATGCATTCCATTGCACTGTGGAGACAACCTCTCAAAACAAAAGAGCTAGACCAAGCCATCAAGAATGGACTGAATGGATAGATCATTGGGGATTTGACCAAGGGGAAAGTCTTGATTGCTGCGACAAAAGGATGCTTTGAAGACAGACTTTTCAATCAAATACGACAACAAAAAAAGCAATGGGAACGTAGAACGAAGAAAAACAAGCCAAACCATGAGCACATACATCTTAATCGCCTTATTTTGTGTTTGGATTCCATGTGGACTGCTGAGTACAGCAATCGCAGATTCAAAAAATCATCCAAGCTGGCTATGGCTGCTCGCAGGGTCCGTGTTTGGACCAATTGGCTTAGCAGGAGCAGTCTCTTTAAAAGACAAAGATCGCATCTCTCGTAATGATGCCGCTCAATCAACTCAACGATAATTGACAACTGTTGAAACAATCAGAACACAGCTTTAGGTGATCATCTGGCCCTAAGCAGCCCATAGGAATCGTCTAGACCATGGATCGATCGCTTGAAAGGATGAGTTGTGCCTTTTGAATCTGATCTTGAAATCTAATGAGATTGAATGCATGAAACCTCTCAACCCTATGACAAGGAAACAGCCTCACACCCCTATACCAAAAGGGATGGCTTTTGCAGAGCTTTTAAATGGTCGATTAGCAATGGTCGGCTTTATCAGTGCTATTGCCGCCGAACTACTCAAAGGCCACCCCCTTCTAACGAGTCTTGGCTGAGCCATGTCTGAACACCTTGGCTTCAACCTCTGCAAGCTGGTCTTGAGCGGCGACTCTTAGCCTCCGAGGCAGTTGTAAGCAGGCATCACAGAGGCAATCATGGTGATGACAACCCAGTGATCTCCATGATCAAAGCCGTGGCGCTGATGGCAGCCCTCTCCGCCAGCTTTGCTGCACTCCATACAGCTCCGAGCGATGCCAGTGCGTTGAATGCCAAATGTCTCCTGGTGATGGATGGTGTGACTCGATTAGACGATCGATGCTCATTCACATCCCATGGAGAAACAGACTCATTCAGTGATGAAAGGCTGTTAGTCGTGTGCCCTGATGGTCGACCTGTCCAAACATCGGACTGTTTTGGAT
NZ_CP138971.1_gap16	497612	499261	1649	CTCGACCGTGAAACCGGCACCTGCCGCGGTTTTGGGTTTGCCAACATCAACGACGAGAAAGTCGCTGATGCCGTCATTGAGCAGCTCAACGGCAAGGACTTTGGCGGCAACGCCCTGCGGGTCGAGCGCTCAGAGCGTCGCGACAACAATGCCGGTGGTGGCCGCCGAGGTCCTGGGGCCTCCCATGCACCTGGTACCGCCCGCAAAGCTGTGAACAAAGTGGTTCATAGCGATGCCAAGGCAGAAGAAGCTCCTGACCCCCGCTGGGCTGGTGAACTCTCCAAGCTCAAGGATCTCCTGGGCAACCAGAAGACAGCTGTCTGAACAAACGGTCTGATTGACCCCTCAGTAGCCTGAGTTCAATCTCAGGCTTTTTTTGATGGCTGGTGGCCGAGCCTGAGAGCTGCCGACTCAGCGCGTCTGAGCAATCACAAACGAACGGGGCAATTCGAGCATTTTGCCTAGACGACCCACATAGGCCCGGTTCTGGAAGACGTCATAGTCCAGCTGCTCAATCACGTCGAGGATGCCGCGGTACAAACGCAATGACGTCCATACCGGCCAGCGTGCATCAGCTGACAGCCAGCGGATACCAGCCTCTGAGCGAGCAAACCAAGCGCGAGCCCGTTCCAATTGAAAGGCCATCAGTTCCCGCCAGGCATCGTTGAGACGTCCAGCGAGCAGATCCTCCTCGCTATAGCCAAAACGGGTGAGATCTTCCTGAGGCAAATAGATCCGGCCGCGGCCACGATCCTCGCCAACATCGCGAAGGATATTGGTGAGCTGGTTGGCGATACCAAGGGCGACTGCTGCATCCGACGTGTTCGGCACGTCGCTCCAGGGTGCCGTGGTGTAAGCCGCATCCAGCCCCATGACCCCCTGGGTCATCAGACCCACAGTGCCAGCGACCCGATAGCAATAGAGGCGAAGATCGTCAAAGGTTGCGTAGCGCGTCCAAGTGAGATCCATACGCTGCCCTTCGATCATGTCGAGATAGGGCTGGATCGACTGGGGGAATCGCTCAAGGGTGTCCACCATCACCGCATCCAGGTCACTCGTGACCTGCCCGGAGAAGATCCCACGGGTGTTCTCTTCCCAGCGATCGAGTCGATCCGCCAGCTCGGACACAGGCCTGGCCTGGGCCTCGGCACTGTCCATCAGTTCATCCGTGCGACGACACCAGACATAGATCGCCCAAATCGCTCTTCGTTTCTCGTAAGGGAGGAGAAGCGTTCCGAGGTAGAACGTTTTCGCCCAAGTCGCGGTCTCTTGCCGACAACTCTCGTAGGCAGCGTCGAGATCCGGTGCGGCGAGGGGCATGACTCAGGCCGACACCGGCGAGCTGACAGGGGTCGATGATGCCAGCTGGTCACGCTTGCGGTCTACCGCAGCGGCACAGAGTTTGCCGCTGAGCACAGCACCTTCCATCGAAGCCAGGTAGCGCTGCATGGTGTAGTCGCCGGCCAAGAAGAAATTCTTGATCGGCGTGGTTTGATCCGGACGCAGCTGCTGACAGCCCGGCGTGGTCTTGTAAACCGAGAGGGGCGTTTTGACAACCTTGTATTTCCGCAGGATGGCGGGGTTGTCACCACTGAAATGCATCGGGAACAGCTTCTTGAGCTCGCCCATGGTGACCTCGATGATCTCCT
NZ_CP138971.1_gap17	614593	618432	3839	ATGAATGCCATCCCACAGCCATCCTGAAAAGAACCTGGCACTGAACCGCCCAAGGCAGCCATCACTCCAAGCCATGCCGCCCTTCAGCGTCTTCGAGCGCAGCAGTCCGAAACTTCTGAACTGGCTGAAGTCCACAGGAGTGACTGGGACGATCCAAGGCTCCACGCGACTGATTCAGGAAAGAGAGCAGCAGCTAAGGCTCTTGATGCTCCTGGATAGAGAGCCCGTACCAGCTCTCTATCCCATCCTGAGCGGAAGCGCGGACATCCTGGTCACCCTCTCTGAGGTCACCCAAGTCGTCGGGAGCACCCGCCGTGGAGAGTTGTTGAGGGGGGAATGAGTTTGTTACTGGAGGAGCAACATGGGGCCTCAGCAGGCGTGCATTGCCCCGATGGCATGGCTCTGTTGACGATCAATGGCACACTCCTTTTGGCCGAACTGGAGAGCGACCTCTCCCTCGCCTGCCGTTTTGATCGAGGCTTGGCCTGCCTGCTCTCCCAACACAGTCGGGATCAACTCCAACGCTATCGAGGCGTAACCCACAGCCAACAAGCTGAGCTGAGCGAGATCGATCGTCTCGATCTCGCTCAGCTCACAGGCATCAGTCGAGCCGCTCGCCACGTCGACTGGCTCTGCAATCACTTTCAGACCAAGGAGGCCACAGAGCCATGAACTGGAATGCAGGCAGACAGGAGCCATGGCCTGCCTTGCCCTTTCGGATCATGGAAGGGGAGATGCTGCTCGTCTCCTCTGGCGAGCGCGACTTCGCACTGCTGCGTCTGGAAGCTGAACGCATCTATCCAGGCCTGCCAGAGCCGATATCAAGCGAAATCAAACTGAAACTACAGGCCATCCAAACAAGCCGGGTGGAGTTGCTGGCCGATGGCGACGACACAGAGGGTCGTCAGTGGTTAGGACAACGCCTGAGCGAAGAGCTTGGTGAAGAACAAGGTGAGGACGTCTCGCTCCCCCCAAGCAAGCAGGAGTTAATCGAGAAACTGATCGCGCGGCATGGCGTCTCTGACCAGCGTCATCAGACCTTGCTGCAGAGCTATCAACCTCTGAGCCATGGAAGCGAACAGGAGCTGTTCGTGGAAATGGAGATCAGCGGCGCAGACAATCTTGAATCCCCCGACGCTGCAATGCAACAGGGGAAGCACCTGAGCGATCCGGTCTTCAGTGCACTCTCCCTGGTCTGCAGGGATCAAGGCACGCTGCTACCGCTTCCCTCTCACCTGGCCGATCCGAACCTGAGACGTCGGCTGCAACAACTGCTCAATCGCACAGATCTGTTCGCTCGGGAGGTGGTGATCAATGCGAGCGATCTGAATCACGACTGTGGAGACCTGATCGGTTTTGTCGACGAACAAGACGACCAATCCGAAACACCCGGCAGCATCGTGGTGCTCAAATCCACTGCCAAGGGGTATCGCGCCTGGCTGCCTGGACAGATGTCCAGGCCATTACCGCTACATCAGTGCAGCCCATGGCTCGAGAATCTTTCTCCCCGCATGCTGTCGGTCAGCCCAGCCTTCGGCTCAAATGATCTGAGCACTCTTGGATTGCTGCGGTTTGCCTATGGCAAGCCACGCCACACCACAGCGTTCGTGATCGGCGGACTCCTGCTTGGAGTGATCATCGGCTTCCTTCTGGCAATCGGCAGAGACGTTGGAGCCGCCCGTTGGATTTTCGGCATGGGGATTGCCGGACTGCTCACCGGCACCACTCTGGGATTCCTCAGTGGGGGGTTCCGCTTGGGAGTTGGCGTGATGCTGCTCTCCACCCTGCTTTCCCTTCTCACCCCAACGTTCAACACGGTGATCACCAACCAGGCTCTTCCCGATCGAGACCTGGGCCTGCTGCTCCAGATCAGCCTGATCCTGGTGGCAGCAGGCATTGCCCGCGTCTGCTTCGAATGGGTGCAAACCAGGGCCGTTCAACTCAGCCAGCAAAGGGGTGCCGCCCGCTCGCAACTGGCCGGCATGCACCGCCTGCTGCGCCTGCCAACCGACTTTTTCCGAACGCGAAATGTTGGTGACTTACAGCTGCGCTTTGGTGCTCTCGACGAACTACGCGCTGAGATCCAACAACTTCTGGAGGGAGGGCTACTGCGGCTGGTGCTCACCAGCATCTACATCCTGTTCATGCTGCGCATCAGCGTGAAGCTGACAGCCTTAGCGCTGGTGGTAGCCGCGTTGATCCTCCTTCCCACTGCGCTGATTGGTCTGCAGTCGAGGCCTTTGCAACGACAACAGGAAGAAGCGGAAGGTCAGGCACAAAGCCGAAATCTGGAACTGCTCGGTGCTGTAGCCAAGCTGCGCCTGGCCGGCGCTGAACAGGCTGCGGCCCGATGGTGGGGTCAGGAATTCCAGAAGATCGTCAATCTTGAAAATGCACTTGATGCCAAGGAAGCCAGTGCCTCCCTGCTGAAGGCGGTCATGCCCAACCTCGGCACCTTGCTCGTATACATCGTTGTCACGCGATTAATCGCTGAGGCAGCCAATGCTCCGACCCTGAATGCGCCGAACGTGGGACAACTCCTCGGCTTCTTCTCGGCATTTGGCACCTTCATCGGTGCGGCCGCCGGCTTCGCCGGACTGTTGATTGGCGCCTTCGACATGCCTGTGATCTACGAACGGGCCCGACCGATCCTCCAAACCGAACCAGAAACTGCCGAATTGCTTGAGGAAGCAGGTGTTCTGCAAGGCCACGTACAGCTTGATCGCGTGAGCTATCGCTATGCACCAGAGCTACCGCTCGTGCTGGATGGCGTGAGTCTCGAGGTCAAAGCGGGGGAGCAACTCGCCATTGTTGGCCCCTCGGGGTCAGGTAAATCCACTTTGGTTCGTCTGCTACTGGGCTTCGCAGCCCCGGAAGACGGTGAAATCCGTTTCGATGGCCAACCGCTCAACGGTCTAAGGATCGACAGCGTGCGGCGACAGATCGGAACGGTGCTCCAAACGAACACCCTGTTCAACGGCACCCTGATGGAAGCGATCGCAGGCGGCAGCGTGATCGATGAAAAGGAGGCATGGCACGCGGCCGAGCTAGCAGGCCTGGCCGATGAAATCAGGGCCATGCCAATGGGCATGCAAACCATGGTTCCGGAAGGAGGCGGCACTCTTTCGGGCGGCCAGCGACAACGGGTCGCAATCGCGCGGGCCCTCGTACGTCAGCCCAGAATCCTGATTTTTGATGAAGCCACCAGCGCCCTCGACAACCGCACTCAGGCGATCGTCACGCGCAGCCTTGCATCACTCTCAATCTCCCGGATTGTGATCGCCCATCGCCTTAGCACGATCCGACAGGCTGATCAGATCGTTGTCCTCGCGCAGGGCCAGGTGCAGGAGCAGGGCAGCTGCGACACCCTGATGCAAGCCAAGGGGCTGTTTTCCCGGATGATGGAACGTCAGATCACATGAGCCTCTTCCGCAAAAAAGCACTGGATGCACTGTCCAGTCCTGAACAACTCGATCAACCGCTGCGACTGCTTCGTCCAGGTCAGTGGTTGCTTCTCCTTTCCCTGGGTGGATTCTGTCTCGCGATCGCAATCTGGTCCATTTTCGGCCGACTGCCCGTGCGGATCAGCGGCAAGGGAGTGCTGATCCGCACCAACAGTCTCACGGTGGTTCAGAGCGAATTAGCTGGCCGAATTCTTGAACTGAATCAGGCGATCGGAGATTGTGTGCAGCGCGGCCAATTGATGGCAAGGGTTGACCCCGTCAACCAGGAGGTCACCAAACAGGAAGCCGAACGGCAACTGGAACAACTCATCAATCAAGACCAACACGAAGACCAATTGGGAGCGATCCGAATCCGACAACAAGAGTCAGATATCG
NZ_CP138971.1_gap18	659121	662303	3182	CCACAAAGACGATGTCCCCCAACTGATCCACAGCGAAAGCACTCAGCCCGATACGCACCAGATCGCCATCGGCATGGGCGTATTCGTGGCTATCGGCGTAGCGAAACTGCTCAGGAAAATCAAAGGCCATGGGGCCGGGAGCGGGCAAAAACCTCACCCAGTGTGGAACAGATCGACGAGTCCTGCCGTATGCAGGGCCGTGAGCGCCCGCACCAGGGCCAGTTCCACATGGGTGCGATGGGTACCACCTTGCACGTAAAGGTTGAAAGGATCGCGCAGCGGAGCATCAGCGGAGAACTCACTGGTACTGCCATCGATGAACGTGCCACCGGCCATCACCAAATCACTGGCGTAGCCAGGCATCGCCGCCGGCACAGGATCGAGATACGAACCGATCGGCGAACAGGCTTGAAAGGCCCTGCACACCACCTTCAGGGCCTCGGGATCACCCAGCTGCACGGCCTGGATGAGATCGCTGCGGGCAGCACCGGCCTGGGGTTGCACCGCATAGCCAAGCTCAGAAAAGGTCTCGGCCACCAGATCGGCACCGATGAGCGCCTCCGCCACCATCTGCGGAGCAAGAAACAGTCCCTGCAGGATTAAACGATGTAGATCAAAGCCCGTGCCACCCTCACTGCCGATCCCGGGAGCGGTCAGACGGCAACAAGCCTGCTCAACCAGATCGGCCCGGCCGGCTACATAGCCACCGCCTGGGGCGATGGTGCCGCCCAGATTCTTAATCAGCGAACCGGCCACCAGATCCGCCCCCACAGCTGGGGGCTCCTGATCTTCAACCAGCTCGCCATAACAGTTGTCGACGAAACAAACGCAATCAGGCTGACGGCGATGAATCCGTTCGCACAGGCGGCCGATCGTCTCCACCGACAGCGAAGGGCGCCAGCTGTAGCCGCAGCTGCGTTGGATCAGGATCAAGCGCCGGGGGATCTCAAGCGCTCGATCCAGAGCCTGTTCATCCACCTCTCCAGCGGCCTCTGGTGCAGAGGTGAGCTCAAGCTGGTCATAAGCCACCCCAAATTCCGCCAGTGACCCCTGGCCGGACCCACGCAGGCCGATCACCTCTTCCAGCGTGTCGTAAGGCCGACCGGTAATTGCCAGCATCCGGTCACCGGGGCGAAGCACACCGAACAGAGCAGCGGCGATGGCATGGGTGCCGCTCACAAACTGCAGTCGCACAGCCGCGGTCTCTGCACCGAGCACCCGAGCGAACACCCGATCCAGCACCTGCCTGCCCTGATCACCATGGCCATAGCCCGTGAGCGAAGCGAAATGCTGGGTGCCGACGCGTTCGGCAGCAAAGGCCGCAAGCACCCGCTCCAAGCGGGGCAGCACCGCGGCTGTGCGCTGTGCCGACTGGGCCACCAAGCGCTCCCTCGCCGCTGCCACCAGAGCCCTGGCCCGTTGCTGCACCGCCTGGGGATCGAGCTGCTGAGAAACCATGAACAGCGCCTGGGATCCGTGCTGGTCGTTACATCATGCAGCGCTCTCCTACATTCATTTCTCCTACCGACCGCCTTGGAGCTCCGGGTTACCGCAGCAACAGACGGATTCGGTTCGTGGAGATCTCCTTGGTCACAACCTCTCCGGCGTCTACCCCCTCCGAACGCGAGCTGCGCATTCGCGCGGCACTGATGGCCCCCCGAGAACCGCTGCCGCGCAAGCAGCGCAAGCTCAAGAGCGGCACCACCTCCTTCATGCTGGTAATGCACGTGCTGGCCACAGTGGCGCTGTTGCCACGGTTCTGGAGCTGGCAAGCCCTGGTGGCCTTTGCAGTTCTGTACTGGACCACGGTGTTAGGGGTGACCTTGGGGCTGCACCGTCTGGTGGCGCATCGCAGCTTCGAGGTGCCGCATTGGCTTGAACGCGTGCTTGTGCTGATGGGCACCTTGGCCTGCCAGAGCGGACCGATCGACTGGGTGGCCTTGCACCGCCATCACCATAAATTTTCCGATCAGCCCAACGACCATCACGACGCCGGTCGGGGGCTTTGGTGGAGCCACAGCGAGTGGATGCTGCATGAGATTCCTGCCCTGGAACACAAGGAACGCTTTGCTGGCGATCTGCTCAGCGATCCCTTTTACTTCTGGCTCGATCGCTGGTTCCTTCTGCCCCAGATACCGCTGGGTTTGGCCCTTTATTGGTACGGAGAAGCAGCCCAGGTGCATGGCGGTGGCCTTGGCCTGGTGCTGTGGGCGATTCCCTTGCGCCTCGTGGTCGTATACCACGTCACCTGGTTGGTGAATTCGGCCACCCACGCCTTCGGTTACCGCAATTTCGACTGCCCCGATCTGTCACGCAACTGCTGGTGGGTGGCGATTCTCTCCTTCGGTGAGGGATGGCATAACAACCATCACGCCCACCCGGCGAGTGCGCGCCATGGCCTGCGCTGGTTCGAATTTGACATCACCTGGATGCACATTCGCCTATTGCGCCGCCTCGGCCTCACCCGCCGAGTACGCCAGGCCCGCTACGCCCCCTGAGGGAGAACTCGAAGACGTCTCCTTAGCGCAACTTCAATCCTTCGAAACAGCAGCCTGACTTTCTGGTTCAAGCTGCTTGGCGCGCGAACGCAGCTGGGCCAGAAACCCCTCCGCGCCGTGACGGCCAGATCCGCCAAGCTCCTGATAAGTGGCATAGAGATCCAGTAATTCGCCATCGAGCTCATCGGAGCTGTAATCCCGCATACCAGCCATTACTGCCGCAAAGCGTTCCCGTCGCTGGCTCTTACTCACCGGGTAAGCGGCCATCACTTGATCGCGGCAGAAACGCCAGCTTCGAGCAGCGCAGAGCTGGTCAGCCAGAGCTGCGCTGAGAGCCGAGGCCTCCTCGGCGTCAATCCGCCAATCAAAGCCAGGCGGCAATGGCGCCAGCCCTACAAAAATCTCGAACAAAGCACCGGCACCGAGAGGCTGACCAGTGCCGTTCACCAAGGGAGCATGACCATCAGCCAGCACTTGCAACAACTCGGGATGCACCTCCTGAAGGTGCTCACGAATCGGATCGAGCCCTTCCAAGAGCACGGCATTGGCCTGACCAAGAGCCAAAAACACCTCGGGGCCTGGCGCTGCCAACTTGCCGTTGCGCAGATTTGAGATCTGGGAGTTGTGCACCCGGCCCAGATCAAGAGCCTCAGCCAACGCTGGCAGCACCTTGTGGGACCAGCC
NZ_CP138971.1_gap19	728340	730093	1753	AGGATGGCGAACTGACCGTCCTTGGTGATCTGACCGATCCGCACGGTCTGGGAGAGGTGATGGTTCGGCATCACCTTCACAGGACCTTGAGGAGCATCAAACTCGATGCCAATCAGAGCTTCACGCACCTTGTCGTCTTCAAAGCTGTTGGCCTTTTCGACGGCGGCTTTCCACAGGTAGACCATGTTGTAAGCCGATTCCTGAGGGTCAGCGACCATCCGATCAGCGCCATAGGTGGCCTTGAAGTCGGCAGCGAACTTCTTGGAAGCAGGGGTGTCGATCGACATCATGTAGTTCCAAGCACCGTAGTGGCCCTCAAGGAACTCGGAACCGATGGTGCTGATTTCTTCTTCAGCGATCGAATAGCTCATCACGTAGTAGCCATTGGCAGGCGTGATGCCGGCGTCCTGGATCTGCTTGAAGAAGGCAACGTTCTGGTCACCATTCAGGGTGTTGATAATCACACCACCATCAGGCAATGCCTTCTTGATCTTGGCGATGATTGGCGCCACCTCGGTGTTACCCAGGGGCAGGTAATCCTCACCAACAACCTTGCCGCCAAGCTGCTCAACCTGAGCCTTGGTAATGGTGTTGGAGGTACGGGGGAAGACATAGTCAGAGCCCACCAGGAAGAAGTCCTTACCGGCAGCGGGTGACTTCTCATACATGAACTTGGTCGCCGGCTCCGACTGCTGGTTCGGGGTGGCACCGGTGTAGAAGATGTTGTTGGAACACTCCTGGCCTTCGTACTGAATCGGGTAGAAGAGGAAGGCGTTCTTCGATTCGTAAACCGGAAGCATCTCTTTGCGGCTGGCGGAGGTCCAGCCACCAAAGACGACGGGCACCTTGTCCTGGTCGATCAGCTTTTTCGACTTCTCAGCAAAGGTGGGCCAAGTGGATGCACCGTCTTCAACGATGGTTTCAATCGTGTAGCTCTTGCCATCGACCTCAACACCACCAGCGGCATTGATCTCTGCAATGGCCATTTTCTCGGTGTCCACCAGCGTCTTCTCCGAGATGGCCATCGTGCCGGTCAGAGAATGGAGGATGCCGACAGTGACGGTGCAATTGCCGTCGTCATCACAGGTGGCATTGGTGGCCTCATCACTACCACCACCACAGGCAGTAACAGCCAGGCCCAATGACGCCGAAGCCAGACCGGCAAACAGACGCTTGGAGAGAGAAGAGCTCATGAAATCCTCAACACAGGATGCGCGCCTCGCGGCGACAGCGCTTGAGTAGGACCCCTGAGCAATCGTTTTTGTATCAATAGGAACCAAATCGTATAACGTTTTTTTAATCTCTCCTTAACTTGGTAACTTTGGTAACTGCTGTTGCAGAAAGGCCACCACACATTCCAGGCCTTCGAGGCTGTGCAGATTGGTGAAGCACCAAGGCCTTTCCCCCCGCATGCGCAAGGTGTCGCGTTCCATCACCGCGAGGTCTGCTCCCACCAGCGGTGCCAGATCAATTTTGTTGATCACCAGAAGATCGGAACGGGTGATGCCAGGACCTCCCTTGCGCGGGATCTTGTCGCCAGCCGCGACATCAATGACATAGATGCACAGGTCCACCAGCTCTGGACTGAAACTTGCGGCCAAGTTGTCGCCGCCGCTCTCCACCATCACCAGATCCAGATCGGGAAACTGCGCCTCCAGCTCTGCCACTGCCGCCCGGTTGATCGAGCAGTCCTCCCGAATCGCCGTATGGGGGCAGCCACCGGTTTCCACCCCGCGGATTCGTTCTGGGTCGA
NZ_CP138971.1_gap20	734923	737269	2346	GGGGGATGTCGATCACAACGCTGCGACCAGACCGTGGCGATCCATTCCCGAACCCCGCCAACTGTGCAAACACCGTGGCGCTCGTGCTCGGCGGACCCATGGGGGTGAACGAGCAACATCAGCCTGGGATGGCATGGCTGCAGAGGGAGCTGGACTGGCTCAAGACCTGGCATGCCAGCAAACGTCCCGTGCTCGGCATCTGCCTGGGAGCCCAGCTGCTGGCGACCGCAGCCGGCGGCAGCGTCGAGCCACTGCAGGTTGGCCAACCGCCAACCCCTCTCAAAGAAGTGGGATTGGGTGCCATTCACTGGTGGACCACTGCCGACCAAGAGCCAATGCTGCAGGGTCTGGATGCCAGTGAGATCGTGCTGCACTGGCATGGAGATCGCATCCGGCTACCGCGCGAGGCCACCTTGCTCGGCTCATCACTGCACTGTCTCGAACAGGTGTTCCGCATCGACCGTCATGCAATCGGGCTGCAGTGTCACCTGGAGCTGAGCGGCAAGACCATCCACCGTTGGCTCAACGAAGACAAGGATTATGTGGTGAGCGCCCGAGGCGAACAGGGGCTGGACGAACTACAACGCCAATGGAGCCAGTTCGGCCCAAGACTCGAACATCAGGGACGACGCCTGTTCAGCAACGTGCTTGATCAATGGGCAGCCATGAATCTCGACTGAGCAGTCGAGAAGGTAATGAGAATGACAAAACCGATGGTGCTTCTGTGTAATCAACGACATTGAGCCCCGGATGCGTAACAACAGCCACCTGTCGGGACCTAGCTGTTGGCGTTCAATTCCAATGAGCGCGAGCAGCGGTGATGTTCACGGAATACAGACCAACGTCTGGATATGACGAATACTTCTGCCGGCGTGATGAGGCTCCTCGCTCATCTCTCGAGCCTCTGCTGTCCTCTCTGGGGCAGATGGGCATTGCCGAACTCAACCGAAACCATGCCGCCGCCAGTCATCTACTTCGGCGCTTAGGGGCCACCTTTCGCCTCAATGAAAGTGGCATCCATAGCGGCGAACGGATCCTGCCCTTCGATCCGCTTCCACGCCTAATTGGCAGCAGCGAGTGGCAACGTCTCGAACAGGGGCTGATCCAGCGTCTTGAGGCAATCGACTGCTTTCTCGCCGACGTCTATGGCTCCCAACAGATTCTGAAGGACGGAGTAATTCCCCGTTCCGATGTGGAGAGCTCCGCCGGCTGGCGGCCAGACATCCAAGGCATCACCCTGCCCCTGAATCGCTGGTGCCATGTCTCCGGTTTAGACCTGATCCGCGATGGTGAAGGCACCTGGCGAGTCCTGGAGGACAACCTGCGCTGTCCGTCCGGGGTGGCCTACTTCTTGGAAAACAGGCGCGTGATGAAGCGCTTGTTCCCAAGCCTGTTTGAGGGAAGAACGGTGCAACCGATCGACGACTATCCCTCTCACCTGCTGCGCACCCTTCAAGACATCGCTCCCTGGAATGATGCACCTCAAGTGGTGCTGCTCACTCCTGGCGTTTACAACAGCGCCTACTTCGAGCACAGCTACCTTGCCCAGCAAATGGGCATTCCCCTCGTTGAGGGGCGCGATTTGGTCTGCGAAGACAGTCGGGTCTGGATGCGAAGCACCAATGGGCTTCGGGCGGTTGACGTCATCTACCGCCGCATTGACGATGATTTCCTAGACCCGACTGTGTTCCGCAGCGACTCAATCCTGGGGATCCCGGGGCTGATTGAGGTGTTGCGTCAAGGGAAGGTGGCCATCGCCAATGCACCAGGCACAGGCGTAGCCGACGACAAACTGATCTACGCCCATGTACCGGCGATGATCCATTACTACCTCGGCGAAGAGCCGATCATCGAGAACGTTCCCACCTACCTGTGCTCTCGCGAGTCAGACCGCCAATACGTTCTCGACCACCTCGAACACCTGGTGGTGAAATCCGTGGCCGAAGCCGGAGGCTATGGAATGCTGATCGGCGCTCAAGCCAGTCGCTCGGAACTCGCCTGCTTCGACGCCAAGATCCGCGCCAATCCGCGCAACTTCATCGCCCAACCGACACTGCAACTCTCCACCGTGCCCTCCCTAAGCGACGGCGAGCTTTATCCATGCCACGTTGATCTTCGCCCTTACGTCCTGCGCGGCAAGCGCAACTGGGTCAGCCCCGGAGGATTAACGCGCGTGGCGCTCAAGCGGGGCTCCTTGGTGGTGAATTCTTCCCAGGGCGGCGGCTGCAAGGACACCTGGATCGTGGATGAGCATCACGTCAGTGCCGGTCACCATCAGGAGGCTGTGCCGTGTTGAGCCGCGTCGCCGATTCCCTCTACTGGATCCATCGCTATCTAGAGAGAGCA
NZ_CP138971.1_gap21	743570	746773	3203	GATGCCATTGCCATGTATGGCTCTGGTCAGTTCCACACCGAGGATTACTACCTCGCCCAGAAACTACTGAAGGGAGCCCTAGGCACCAACAACTTTGATGCCAACTCACGCCTCTGCATGAGTTCGGCTGTAGCCGGCTACACCCGCAGCCTCGGCTCCGATGGCCCCCCCTGTTGCTACGAGGACATCGACCATTGCAGTGTGGCCGTGCTGATCGGCACCAACACGGCCGAATGCCACCCGGTGCTGTTCCAACGACTGCTCAAACGCAAAAAACGCAACCCCAACAGCCTCACGATCGTGGTGATCGATCCACGCCAGACCAACACCGCCAAAGCTGCCGACATCCACCTTGCCGTGGCACCAGGCACCGACCTGGCCCTGCTCCATGGCATGGCCCATCTCGTGCTGCGGGAGAACGGTCAAGACGTCAGCTTCATCGACCAGCACACCGAAAACTACAAACCATTCTTCGATGTGGTGACCCGCTGGACGCCACGCAAGGTGGCGCGCTTCTGCGGCATTCCCGAGAAACGTCTACGCGACGTCGCCGAATTGTTCCACAGGCGTCAGCGGGTGCTGAGCCTGTGGTCGATGGGCGTGAACCAACGGCGTGAGGGCACTGCTGTGGTACAGGGGCTGATCAACCTGCATCTGCTCAGTGGCCAGATCGGCAAGGAAGGGGCCGGGCCGTTCTCACTCACCGGCCAGCCCAATGCAATGGGTGGGCGTGAAGCCGGCGGGCTGGCCCATCTCCTTCCCGGCTACCGACTGGTGACCAATGCCGAACACCGCAGCCAAGTCGAACAAGCCTGGAACGTTCCAGCAGGGCGAATCTCTCCGATGCCTGGACTCGCCGCCTGGCAGCAGGTGGAAGCCATGGAACGAGGCGAGCTTGAGCTCTGGTGGGTGGCTGCTACCAACCCTCTGGTGAGCATGCCAGACCTGGAACGGGTCAAGGCAGCGATGCAGCGTTGTCCACTGGTTGTGGTCAGCGAGGCCTACGCAGACTCGGAAACATCCCACTACGCCCATCTGCTACTGCCTGCCTCGCAATGGAGCGAGAAGGCCGGCGCCATGACCAACTCCGAACGGCGCGTCACCTACTGTCCGGCCTATCGGCCCCGCCATGGCGACAGCCGGCCCGACTGGGAAGTGTTCGCAGACATCGGACGACGCCTGGGCTTTGTGGATCAGTTCAGCTACCACTCCTCCGCAGAGGTGTATGCAGAATTCACCAGGCTGACCACTGGACGACTCTGTGACATGTCAGGTCTGAGCCATGACCTGCTGGCTCAAGAGGGTCCGCAGCAGTGGCCCTTCCCCCAAGGCAGTGCTCCGACGCAGACCGCGAAACGCCTCTACACCGACCATCACTTCGCCACAGCAACGGGCCGAGCCCGTTTCAGCAACGACAAACCGCTGGGTCTGGCCGAACCCCCATGCAACACCTTTCCACTGGTGCTCACAGTGGGGCGCTACCTCGGGCAATGGCACACGATGACGCGCACCGGCAAGGTGAAACGTCTGCAAACCATGCACCCCGAACCGGTCCTGGAAATCCACCCAGACGATGCCCGCGCTTATCAAGTGGAAGACAAGCAACTCGCAGCGATCAGTTCCCGTCGCGGCCACATCACCGCGAAGGTACAGGTCAGCCCCCGGATCCGTCGCGGCACTGTGTTTTTACCCATGCACTGGGGATTTACTCAGGACAAAGCCTGCGAAGCCAATGTGCTGATGCATGATCAAGCCTGCCCTGTGTCGAAGCAACCGGAGCTGAAGGCCTGCGCTGTTGTCGTGGCGCCAGCAGTGTCCGTCGTCAAACCGGTGGAGCAAGAGATGGGACGACTGAAGGCACTTCGCAACCTGCTCACGCCAGCACTTCACTGAAAGCCGCTTCAAGGTTGTGGTGATCGTGCCCAGGCCGCACCAGCTTGCAGAGAGCGAACCGTTCCAGCTCACTCATCCCTGACCACTGGGCTGGCGTCAACCCAACCCCCCGGGTAGCGGCAGCAGTCAAGACTTCAGCTGGGCATCGATCGGCCTGCTGCCACGCTGCATCCACGATGGGGAGAAGATCCTTCGCTATCCCCTCGGCCATGCCACTAGTGCAGGACCGCAGATGCTCGCGCAACCGCTCTAAAGCGTCAGACGCATCAGGCCAGTCCACCAACTCCTGACGCTGTACCTGGCTGAGAGCAAGCCAGTGATTGAGTTTGAGCTTGAGGCCGATCAGATCCAACTTGCGGCGCACACAGAGGGGAATGCAGCGCCAGTTGCCAATGAAATCCTGCTCAAAAGCAAAACAATGACTGGCCGAATTGTGATGACTGCCCATCAACCAGGAGGGTGAATGGTGTCAATGATGACAACAAAGGAACGCAGAACCAGCGATGTTCACGCTGTTACAAGATTAACGTCGTGCGCTTCGCCCTCTCCCTTGGAATGTTGCTTGGCATCTCCCACGGATGGGTGATGTCTGAAAACTTGGCTCAAAACAAACCGAGCTTCCTGAATACTGGACAAAGCGTTAATTCTGATACTGATTTCTCTCCATTCAGTAGCGGTTCGCACCATTTTTTCTCATACTGAAATTCTGTTGAAGAGTTTCAGGCGTGACACACACCATTTCGTCCGTCTCAGGCCGCAGTCCCATCACTGTGGCGGCCGGTTTCCTGGGTGCCTTCATCGTCGGTTCCCTTGCCGTGCAGTTGGTTCACAGCCAATCCACCGCGGTTCAAACCGGAGCGGCAGCTGTTGAGCCTGTCGTCGCCAGCCCCGCCACGCTGTGGGCTGCATTGGGAGAACGGGATGCAGTGAGTGAGAGCAGCCGTGTTCCCACCGCCGCCGCCAACGTCCAACCCACCAACGCCACGGCCGCCAACATTGAAGCGGTCAAGGTTGAGGCTGTTGTGGGCTCTGAAGCCACCCTGTGGGCCCCACTCGGAGCGCGCTGATCGAGCACTGATGCCAAGCCAACCACGCCCTCTGCACCGGAACGGGGTTTAGCGTCCCAAGCGTCAGGACGCAGAACCGTGGGACTGAATCGACGTTCCTTCCTGCTCGGCAGTGGACTCACAGCCGCCGGACTCGTTGGTTCATGGCTGGGGGAAGCCGACCCTGCTGAAGCTGCTCCCCTCAAGGTCAATACTGCAATTCAGGCAGATGAAACGCCCCGTTCCTGCCAGCCCCAAGACCCT
NZ_CP138971.1_gap22	749553	751882	2329	CATCGAACGGGAACGAGCCTGAAACAGATTGATTTCGTGGCCGAACCGGGATGCTCCAGCATCCAAGCGTCGGCTGGACTGACCGCCAGCACCAGCGAACTGCCAGCAACCACCGCCAGCGTTGTAAGACTCACGGCTGATGGCGTAGGTGGCCTTGCCATCCGGCGCGAAGAACAAGCCTGATCCATCCCAAACGCCCGTGTCCTCATCGCTGAAGCTGATGGCATATCGCGTTGGCGTGATCACCCGTGTCGGTGTCGCGAAGTTCAGATCTCCTTCCGAATCACGCACGTGCCAGCAACCCCGGCCCTGCCAGCAACCCTCGAAATTGAGCCGGTTGAGAGTCCACTGATTCGTCATGGTCGGCTCCTCCCTGACCAATCAAGATTCCTAGTGTCGGGTCTAGAGCCATCCATTCCATGGGACTGACCATCGTCGGTTGCGGGTTTGTCGGGCTCGCACTGGCCCGTCAACTGCAACCCCGCCGTTCGCACCTGCCACTGACCCTGACGACCACACGCGAGGAGCGACGCCACGAGCTCGCGGCGCTGAGTGATGGCGTGATGGTCTGTGACGCCACGAACCCAACCCAACTGCTGAGAGCTCTGAACAAGAGCCGCCGCGCTGTGTTCTGTCTTGGTCCTAAAGGGGATCGTCAGGTCAATGAGGACGGCTACCGGCAGACCTTCATCGCAAGCTTCACGTGTTTGCAGTCACTGTTGCCACAGTTACCTGATCTCCAACAAATCCTCTATACGAGCAGTTGCTCGATCTACGGCAACGCTGATGGCGGCTGGGTTGATGAAGCAGCTCCACCCGATCCCAGGAATGGTCATGCGCAGGTACTGGTGGAGAGCGAACAACTGATTGGAGCCATGGCTGATGGAAGACGAAACGTTTGCATCCTTCGGCTCGGCGCCCTGTATGGTCCGGGGCGAGATCTAGACACCCGACTCAAGGGCCTGGCAGGCCGCGAACAGTCCAGCGATGGACAGCAGTTCACCAACTGGATTCATGTGGAGGATGCCGCAGGCGCCTTGATCGCTGCCATGGACGGAGAATGGAATGGTGTCGTCAATGTGGTGAACGACGCACCGATCTGCCTCAAGGATCTTGTCGATCACAGTCTGCGCAGACAGGGACTGGATCCGGTGCAATGGGGCAGAAGCGCAAACCAACGGCTCTGCAGTCGACGCATCAACAATGAACGGCTCAAAGCACTCGGATACCAACTCCAACACCCAACCCTGCACTCTCAGAGTGGGGTGTTCCCGCTCAGCCAGGCGCCCTGATCACCGCACCACTCCCGTTTCCAAAACGGGGCGTCATGTTTGAGGGCCTCAATCAGCTCGTTGCAGCAACGCTGGGCAGGGCCGCGGCGATCCGCCTGCACCACAACTAAAACGATCACTTCACCCGGGGAAAGGCGACCAACCCGATGGAGCACGAGCACCGCACCAGCGCCATGGAGCTGACGCAGCCTCTCCGCATCCTCATCAATGCGGCGCTCGCACATGCCCGGGTAATGCGTGAGTTCAAGGGCATCAAGATGTTCTCCCTGCGCACTCTCCGGACGCACCCGGCCGATGAATACAGCGCTAGCAGCAAACCCATCACAGCAGGACTCCAACCGCTGCCATGGAGAGAATGGCTCTGGGTGAATCTCCACCTGAACAGCCTTGGGCCTCTCAGACTGCTGAGCCTTCGCGTCCCCCATCTCAGCCACCGGTGAAGGGAGGCAGAAAGGCGAGTTCGTCACCAGCATGGAGCTGCTGATCCGGATCAACCAGTTCCTGATTCACCGCCACGCGCACTGCGGCAGGTAACGCTCCCAACTCCAGAGCCATCCAAAGCTGCAACGCCGTTTGCGGACCATCACCAGCGAGAGGCATGCGCTTCTCCTCCCATCCCGCCTGGTCCCGCAATGCCGCAAATAGAAGCACACGCACCGATCCCAAATCGTCATGCGGCATCACAGCCTGCAGGCGAGCTTCCATCGTTTTAGCGTCGACTACAGCTTTGCTTGCCAACTCTGACTCTCAGAATCGCCCTTCTCACAGTTTCCGATCGCCGCACCATCGCCGATGACGACAGTGGGCATTGCCTGGAGCAGAGGCTGGGAGCCGCAGGCCATCTCCTGGCGGAACGTGCGATCTGTCCAGATGACCGTTATCGGGTCAGAGCTGTGGTGAGCGGCTGGATTGCCGCACCAAACGTGGATGTGGTGATCACGAGTGGCGGCACAGGACTGACCGGCCGTGATGGCACTCCGGAGGCCATCACCCCCCTGCTGGACAAAAGCATCGATGGCTTCGGTGAGCTGTTCCGC
NZ_CP138971.1_gap23	754985	757360	2375	CCGCCTCTACCTCGACCAAGTCGGGCTGGATCAGTTCCGCACCTTGGTTGAGGAGCACTTCGGTCCACTCACCCCAGACCCAGGCTCGGTGTTCGATCAGACCCCACGCTCTCACTACGGGATCCATCCCCAAAAGCAAGAAGGCCTGAACTTTGCTGGCCTGCACGTACCCGTCGGACGACTTAGAGCCGATGACTTGCAAGACCTGGCAAGCGCCAGCCTCCAATACGGCAATGGCGAGGTGCGCCTCACCGAGGACCAGAACGTGATCCTCGTGGGAGTCCCGAACGCGCAAATCAAACCATTGGAAGCTGATCCACTGCTGAAGCGTTTCCCGCTTCAGCCACAGGCAGTAGCAGCAGGCACCGTTTCCTGTACAGGAAACAGTTACTGCGGCTTTGCTCTCACCAACACCAAGGATCAAGCTCTTGCATTATCCAAGACACTTGACGCAGAGATCAACCTTACGGAAGAAATCAAGATCCACTGGACGGGCTGTCCTAATAACTGCGGACAAGCAGATATGGGAGCAATCGGCCTCACCGGAACCAAAACAAAAAATAGTGAAGGTGTGATGGGTGAAGGCTACAAAATTACGATTGGTGGCTCTCAAGGCAGTGACCCGACAATGGGATCAGTGCTGCACAAAGCCATTCCAGCAGATGAAATTCAAACTGTGTTGAAACAGCTACTCATCGAACAATTTGGAGCAACACCCAAACCTGCCCCCAGCACCAATTCTGAGCCCAAGGGAGGCACTGATTTCTTCTCCCGATTTATGAATCGCATTAGTAACTAAGCCAAAAACGAAACTCAAAATCGAACAAGCCGTGGCGCTGACTTTTTGAAGCCATGGTCACTCGATTCTCCAACAACCCTCTCTAGAAGTACCCATGTCCGAATCCCGCGATCTCTTCTCCCGCCTCGTCAACTGGTTCACCAGCAGCGGCGCTGACAAAGCTCCGATTTCCCGTCCTTCTAATCAACTGGATGGCTTCTCGAAGCTAATGAACAAAATCAGTGGCTGATTAAAGGGCCCATACATTCACTGACCTACCACTCCAAACACCTGAAATCAGCACCTACACCATGAGTGTCACTGCGTCCCAGATGGACTACGTCCTACCTAATGAACTTGTCGACGGCATGATTGGCGCCGGCGGCAAAAAAGCCACTGTCAGCATTAAGAACCTGCTGCTGCGTGGCTTCTATTCCGGAGCGATTCTCGGCCTGGCCGTGATCCTTGCACTGACCGTCGGGATCAAGAGTGGGCAACCCTGGCTCGGGTCATTACTGTTCCCCTTCGGGTTCGCAAGCATCGTGCTGTTTGGCATGGAGCTAGTCACCGGTAACTTCGCCCTCTTACCGATGGCCACCTGGGCAGGTCGCAGCAGCTGGCGCGCCACCTTCCGCAACTGGGCCTGGGTCTGGTTAGGGAACTGGATTGGAACTGCTGTTGTTGCCTTACTCATGGCCATCAGCCTCACAAGCGGCGGCACCGTTGACCCAGCCTCGGCTGCTGATGGTGGTGGCATGTGGCAACAGGTTGCCGCCAAGATCATTGCCCTCAACAAGACAAACGTTGTCACCAAATACGAGAACCTTCAGACTCTCGGCTTCTTCCTCGCCATTCTTCGCGGGGTGATCGCCAATTGGTTGGTGTGCCTAGGGGTCACCATGGCACTGGTGAGCAAGAGTGTTCCTGGAAAAATCCTGGCGTGCTGGCTTCCCATCACTGCTTTCCAATCGATGGGCATGGAGCACATCGTTGTGAATCAATTCCTGCACACTGCGGGACCCATCCTTGGCTCTGGCGTGAACATGGGTCAGGTCTTCATCTGGAACTTTATTCCCGTCACCATCGGCAACATCATTGGTGGCATGGTGTTCATCGGCATGCTCTTCTACAGCACCCACCGCACCAAGGTGGAGAACGTGCTTCCCAACGAGCATGATGACAAGCTGGAGCGTGAACTGGCCGCCGAGTTGGGCGCCCGCTGATCACGACTCTGTGAATGAGGTTGCCAATGAAGCCGTTCTTTGGGAGCGGCTTTCCAAAGCATCACGACGGGCTCCTTTGGATCCCGCATGGCTGGGGGAGGTTTACTCCCCCAGCCTTTCTGATGAACTGCGCCATGCCATAGCTGAAAAAATCGGCATGCTGGCCGAACGGGGCTGGCCGCTCATCCTGAAACTGATGGACCAATACGGCCCTAAAGACGAATTGATCCTGGCCGCAGGTCTTAGCCATCAGCCTGAAAGCCGTACCTGGCTGATGAAGCACCTCCGCAGCATCGATCCAGAAACAGAACCCGATCGAGCCCTACTGGTGCTGCAGTCACTGGCCTGCTGGGGTGGCGAACTTCCCTTATCCC
NZ_CP138971.1_gap24	802035	806795	4760	GGCGCCGTGACACTGCCTGCCCGTTTGCTAGGCGAGATCGTTTCACGGCTTTCTGTTGATTCACCAATCACCCTGGCCACAGATGAAGCTTCCGAGCAGGTCGAGCTCACCAGCTTGAGCGGCAGTTACCAAATGCGCGCCATGCCGGCTGATGAATTTCCTGATCTGCCGCTGGTTGAAAACGGCACCGCTCTGCGTGTGGATGCAGTCTCGCTGGTTCAGGCTCTGCGAGGAACCTTGTTTGCGAGTAGCGCTGACGAAGCAAAACAGCTCCTCACAGGCGTTCACCTTCGCTTCGAAGGGCGTCATCTCGAAGCGGCATCTACCGATGGCCACCGTCTTGCCGTTTTGACGGTGAACGATGCGTTGCAGGACGATCCAACCGCCGCTGGATCAGCGGAGGGGATCACGTCTGACGATGGTTCTCTTGCTGTCACCCTGCCAGCTCGTTCCTTGCGTGAGGTGGAGCGTCTGATTGCTGGCTGGAAAAGTGATGATCCAGTCACGCTCTTTTATGACCGCGGCCAGGTGGTTGTGCTCGCTGCTGACCAGATGGTCACGAGCCGCACCTTGGAAGGCACCTATCCGAATTATCGGCAGCTCATCCCCGATGGGTTCACCCGCACGATTGATTTGGAACGCCGTCCATTCATGGCGGCCTTGGAACGGGTGGCCGTGCTTGCTGATCAGCACAACAACGTGGTGAGGATCAGCACGGATCCCACTGCGGGTCTGGTGCAGATCAGTGCTGATGCACAGGATGTGGGTAGTGGATCGGAATCACTACCGGCCACGCTCACTGGAGAGGCTGTGCAGATTGCCTTCAATGTGCGCTATGTCCTCGATGGCCTCAAAGCCATGGAGGGAGATCGGATCTCGCTTCAGTGCAATGCCCCAACCACACCGGCGATCCTCACACCCGCCGATAATGAAGCAGGGTTCACCTATCTGGTGATGCCCGTTCAGATCCGCAATTGACACCCTCGAACGTCCGTCACCGTGGAGCTTCCGGATCAGGTCCTGTTGAGTGATCTGCTGCACCACAGGGTGCGTTGTGATCAGGGCATCGACCATGGAGCTGGTGTGATGGCTTGGATGCATCCGCCAGTGCATCGGTTGCTTGGTTGGGTGAGCCGTCCTTCCGCCCTTCGCAACAGTCGTGATGTCTGGCGTCTGGATCAATGGCGTGGCATCTCCGACCAGGAAGTGTTTGTGAAAGGGCTTCCCTCAGTCAGTGATCAGCTCACTTTGGAGCGGCTTCCGACTCTGATTGATGCTGATCTGGTGGATCGGCATGGTGAGCGTCTGGGCCAGATTGCCGACCTCACGTTCGTGCCTGCCACCGGCAAGATCCTCCACTACCTCGTGTCTCGAAGCGATCCGCGTCTTCCTGGTAGCAGTCGCTGGCGGCTGACGACTGATCGGATTCTCGATCAGCAGCCGGGTTTGGTCACCACCGGTCTCTCAGCTCTCGATGACTTACCGCTGGCACGCTCAAGCGTCCGTCAAGACCTACTGCGTCGATCAAAGCATTGGCGTGAGCAGATTCAGCAGATCGGAGATCGGGCTGGTGAGCGCTTGGAAGGCTGGCTGGAAGAGCCCCCTTGGGATGGCACCGCAGGTTGGGTGGAGCGTGATCAGGACAACGCCGACCATTGGGATGACTCCGGTGATTGGGAGGGTTCCTATGCCACGACACCTGAGTCCGTGCGAGATCAGACATCTGAATTTGCTTCGCCTCTCGAGCCTCTCAATGAGGATCTTGATGATCCTCTCAATGGTTGGGATGAGTCTGATTGGAGAGAGGATCCCCCTCGCTCCAGGCGACCTCGCCGCGGTCGTCCCCATTCGTCCGCTCCCGATCCGCAGGAGGAGTCGGATTCTGATCCCTGGGTCTGAGACCACAGTCGGCAACACTGGTAGAAGCTGAAATCCACCCTGTGGTCCAGTCCCTTGAATCGGCAATGCCGTTTGATGTGGCCGCCGCTCTCCGCCAGGAGGGACTTACCGAGGACGATTACCTGGAGATTCAGCGTCGTCTTGGTCGAGATCCCAACCGTGCGGAGCTGGGGATGTTTGGCGTGATGTGGTCGGAGCACTGCTGTTATCGCAATTCCCGGCCTCTGCTCAGTGGTTTCCCTACGGAAGGACCGCGCATCTTGGTGGGGCCTGGAGAGAACGCAGGAGTGGTGGATCTCGGCGATGGCCATCGCCTTGCCTTCAAGATCGAAAGCCACAACCATCCCTCTGCTGTGGAGCCCTTCCAAGGCGCAGCCACTGGTGTGGGTGGCATTCTCCGAGACATCTTCACCATGGGTGCTCGCCCGATCGCCCTGCTCAATGCCCTTCGCTTCGGGCCCTTGGAGGAAACCAGCACCCGCGGTCTCGTTGAGGGTGTGGTTGCCGGCATCGCCCATTACGGCAACTGCGTTGGCGTGCCCACCGTGGGAGGAGAGGTGGCGTTCGATGCCTCTTACAGCGGCAATCCCCTGGTGAATGCCATGGCTTTGGGCTTGATGGAGACCGACGACATCGTCAAGTCCGGCGCCTCCGGTGTCGGTAATCCCGTCGTCTATGTCGGCAGCACCACCGGTCGTGATGGCATGGGTGGAGCCAGTTTCGCCAGTGCTGAACTAAGTGCTGCTTCTTTGGATGACCGCCCTGCTGTTCAGGTGGGTGATCCTTTTCTCGAGAAAGGTTTGATTGAAGCCTGTCTGGAGGCGTTCCAGACTGGAGATGTGGTGGCTGCCCAGGACATGGGGGCGGCCGGGTTGACCTGCAGCTGTTCAGAGATGGCTGCGAAGGGGGATGTGGGCGTGGAGCTCGACCTCGACAAGGTTCCTGCCCGTGAAGAGGGCATGACTGCTTATGAGTACCTCCTGTCCGAATCTCAGGAGCGCATGTTGTTTGTGGTGCGCGCCGGTCGGGAGGAGCCGCTGATGGAACGTTTCCGGCGCTGGGGCCTTCAGGCTGCTGTGGTCGGTCGTGTGTTGGAGGAACCGGTTGTGCGGGTGTTGCAGCATGGCGAGGTTGCTGCTGAGGTGCCCTCTCGGGCTCTGGCGGAGGACACCCCGATCAACCATCACGAACTGCTGGCTGAACCCCCGGCTGATCTCCAGCAGCACTGGACCTGGTGTGATGCCGATCTACCCCCGGCGCCTGTTGGCCATGACTGGGGTACTGACCTGCTCAAGCTGCTGGATGATCCCACGATCGCCAGTAAGCGTTGGGTCTATCGCCAGTACGACCAGCAGGTTTTGGCCAACACCGTGGTTCCATCCGGTGGGGCTGATGCCGCTGTGGTGCGGCTTCGACCACAGCAAGGTGAGGCCTCCCTGCAGACCACGGTCCGTGGCGTGGCTGCAACGGTCGATTGTCCCAACCGCTGGGTGGCTCTTGATCCAGAACGCGGCGCCATCGCAGCGGTGGCTGAGTCTGCTCGCAATCTCAGTTGTGTCGGTGCTGAGCCCCTCGCGGTCACCGACAACCTCAACTTCCCCTCCCCAGAGACCGATCGTGGTTATTGGCAGCTCGCCCTGGCTTGTCGAGGATTGTCAGAAGCGTGTCGTGCGCTCAACACTCCGGTGACTGGAGGGAACGTTTCTCTCTACAACGAAACCCGCGGCGACGACGGCACCCTCACACCCATTCATCCCACTCCTGTGGTGGGCATGGTGGGCTTGGTGGACGACATCAATCGGGTGTGCGGTATGGCTTGGCGTCAGCCCGGTGATCCGATTGTGATGCTTGGGGTCTCGGGTGAGCATCCTGAGGATGATCGGGTCGGGTTTGGCGGTAGCGCTTACCAAGGTGTCATTCACGGCTTGCTTACCGGTCGTCCCCCACGGATCGATCTCGGCTTGGAGGTCAGCGTCCAGGCCCTTGTGCGTGAAGCCATTGCGCAAGGGTTGCTCGCTTCCGCTCATGACTGCAGTGATGGAGGTCTGGCGGTAACCCTGGCGGAAGCGTCGTTAGCTTCTGGGCAAGGCGTTGAGATCAAGTTGGGAGCTTCTCCGGCGTCGTTGCAGCGACGTTTGTTCGCAGAAGGTGGAGCCCGCATTGTGGTGTCGGTGAAATCGGAGCGATGGGAGGACTGGCAAGCTTTGCTGTCCTCTGTCGATGTTCCGCTGCAGCGACTGGGATCCGTGGCTGATCATGATCAGCTCTCCATCACCTGTGAGGGGCAGTCTGTGTTGACTCTGTCGGTGGATGCGTTGGCATCCACGTATGAGCAGGCGTTGCCCCGTCGCCTTGAGGTCTCGTGAGCGGCCGCTGGGGCGTGGTGCAAAATCATGACGGAAGTCTGAAGTTGAGGCGCCCTGTGCATCAGCCCATCGCAGAGCGACCCGATCGGATGGAGGAGGCGTGCGGGGTTTATGCGGTGTTGGCCGATGGGCAACCTGTTGCCAATCTCACTTACTTCGGTCTGTATTCACTGCAGCATCGCGGTCAGGAATCGGCCGGTATCGCCGTTTTCAACCACGGCAAGGTGCGCTTGCACAAAGACATGGGCTTGGTCAGCCAGGTGTTCGATCAGGACGTGCTGGCGCGAATGCCCGGCAACCTCGCCATCGGCCATAACCGCTATTCCACAACGGGCAGCAGCAAGGCTTGCAATGCGCAGCCTGTGGTGTTGATGACCCGTCTGGGGCCTTTTGCCTTTGCTCACAACGGCAATCTTGTCAATGCCGCTGAGCTCCGGGACAAGCTCGATGATGGTCAGACCGAATTCACCTCCACCACTGATTCGGAATTAATTG
NZ_CP138971.1_gap25	813827	818686	4859	TTTTTTACTTGCTTTCATGCAGTCCCGTTCTCTAGCCCGTGAGCTGGCACTGCTGGTGCTTGGTCAGCTCTCTGATCGTGATCATCAGGATGCTGCGGATCTGCAGCTGGATTCCGTTCTCCAGAAAGCTCTTGAGACTTTGCAGCAGCATTGGCGAGAGTCGCTGGATGCCTCGGCTCAGGATCTTGAAAAGGCTCAGCAGTCTCTGCTCGATAGCGAGCTTCAAGATGGTGGCGATCACAGTTCATCCGTGGTTCGGGATCACCTCAAGGCTTCACTGACTACCGCTGAGCAGGTGTTGAACAGTCTCTCCGGAAGCCTGGAGCTGCCCCGTCTGCTTGCCTTGGCTGATCAGGAGACCGTGCGCCACGGAGCGATGCGTCGGGTGAGTCTGGTGTTGGAACAGCGGAGTGGCATCGATGCTCGTCTAGATGGGGTGATGGAGGGCTGGCGTTTGAGTCGTTTGCCCCGCATCGACCGTGACATCCTGCGCCTAGCCGTGGTTGATCTCACCAGTTTGAAGACACCTTCCGCTGTCGCCTGCAATGAGGCGGTCGAACTGGCTAACCGCTACAGCGATGATCAAGGTCGTCGCATGATTAATGGCGTTCTGCGGCGTCTGCAGAATGCGGCTCAGGCTTCATCTGCAGGCTCCTGATTTCGTTTCGCTTCGGCAGTTTCGATGGTTTTCGACTGGTTCCAGCGTCGCTCCGCTCAACCCGAGCCGACTCCAGCGGAGAGTGACTCGGCATCACCGATCGACAGTGATGGCGAGACACCAGAGTCTTCCGCAGCAGACGAGCTGGCCAACGCACAATCGCCTGAGCCTGAGCCTGAGCCTGAGCCTGAGCCTGAGCCTGAGCCTGAGCCTGAGCCTGAGCCCAGCATCCCTGCATCACAGCCGTCAGTTGCGGCAGTTGCGGCAGTGGATGAGGCAGCTCCAACCGCTGCCGAAGCTTCGGCGACCGCTGATGTGGACGACGATCCCCTTGAGTGGGCTCGTCAGGCCTATGCCCGTCTGAAGGCGCAGCAGGCGGCTGAAGCTGAACAAATTCAGACGCCCGTTGCGCCAGAGCAGCCCTTACCAGAGCAGCCCTCAGTTGAAGAGGTCTCTGAGGTGGCCTCACCTGAATCACCGGTGAGCACCGCTTCGTCTGCCACTCCGCTTTCGACCCCGATTGCCACTTCGGAGTCCAGTACGACTCCCGCACCAAGGCTGTCTCTTCTCGAGCAGGCCGCCGCTGAGCGGCAGCAACGCCAGCAGGAGCTTGAGGCCCGTGCCACGTCCGCACCGGTGTCGATGCCTGCACCGGCCGCTCCCTCGGTTGAGCCTGCTCTGGCAGATGGTTCTGATCAACCTCAGCTTGGCGAGTTCGATGACAGCTTCACTTGGTCTGCCGAGGTGTTGGCGGCCCAGGGTCGTCAGGCCGATCAGGTCTCGCTGGAAGAAATCGACTGGCTCGTTCGCCTTCGTCGTGGCCTTGAAAAAACCCGACAGGGCTTTGTTACTGGTCTTCTCGACAGCCTTGGAGATGATCCCCTCACCCCTGAGGTGGTGGATGACCTTGAGGCCCTTCTGCTCCGTGCAGATGCTGGTGTTGTGGCGACCGATCAGGTGATGGAAGCGCTCAGAAAACGCCTCAATGAAGAGGTGGTGGATCCCAGCGAAGGAATCCGTTTCTTGAAGGAGCAGCTGCGAAACTTGCTGGATGAGCCGATTCAGGCCAGTGGTTTTGAGCTACTTGCCCCTGAGCGCGGGCGTCTGAATATCTGGTTGATGGTGGGTGTCAATGGAGTCGGTAAGACCACGACCCTCGGCAAGCTTGCCAACCTGGCGGTGCGAAGCGGTTACAGCGCCATGATCGCCGCTGCGGATACGTTCCGAGCTGCTGCAGTGCAGCAGGTGGAGGTGTGGGGTCAACGCAGTGATGTGCCCGTGGTGTCCAATCCCACAGCCAACGCTGATCCTGCTGCTGTCGTGTTCGATGCGATTGGAGCGGCCCGCTCCAAAGAGGCAGATCTGCTCTTGGTCGACACGGCTGGTCGTCTGCAGACAAAGCACAATTTGATGGAGGAGCTTCAGAAGATTCGGCGCATCGTTGATCGTCTAGCTCCGGAATCGAAGGTGGAATCTCTCCTGGTCCTTGATGCCAGTCAGGGTCAGAACGGGCTGAAACAGGCGCTGGCCTTCGCCAAGGCTGCCGATCTCACGGGGGTGGTGATCACCAAACTCGATGGAACCTCCCGCGGTGGAGTTGCTCTGGCTGTTTCGTCTGAGGCGGGTCTTCCGATCAGGTTCATCGGAGCCGGAGAGGGAATCCGTGACCTCCGACCGTTCAACAGCTTTGAGTTTGTGGAGGCTTTGTTGGCCGGCCGCTGATCGCCGTAGCTAGCGTTCGCGCACTGCCATGGACGGCCGTGAGCAGCAAGTCAACCCGTCGCCATTCCACGCCGCATCAACGCACCGTGGCTCAGCCCTTAACGGCGACTGCTTCGCTGCGAGAACTGTTCGACAGCTTTTCTAGGGAGCAGCGATCCAGCCAGGAGCTTCTGGCCTCCCTTGGATTTGCCCTGCGTAGCTTCACCAACCTGCATCGCTTCCTGGAGTTGGTGCCTGTGGTGGCCTCCCGTCTGGTGGGTGTTGACGGTTCCCTGCTGGTCCCTTTCACCGCTGATGGCAGGATCTGGCGCGAGCAATTGCAGATGTTGCCAGATCAGCGGTCGCCAGAGCTGTTGCGACAAATCGCCGCCTTTGATCCGGGCACAGCGGTGGGCTTCGGTTCGGATGAACGCCAGGTGCTTGCTCTCGACCATCTAGTCCAGCGCCATCTCGGCCGGGCCGGTCTGTTTGCCACATCTCTGGTGGCTCGCGGCCGTCAGCGGGGTCGTCTGTATGTGTTCAGCAGTACCGGTCCTCTGGTTTGGAGTGACGTGCACCGGCGCCATGTGCAACTGGTGGCTGATCTCACTGGTGTTGCTGTCGAACACGATTTGATGCTCCAGGAAGCACGCCGTCATGAGCGTGTGGATCGCCAGCTCAGCATTGGTGCCGAAATTCAGGCGCAATTGCTTCCCGATCATTGTCCGGTGATCGAAGGGGTGGAGCTTGCCGCTCGTTGTCGTCCCGCCTTTCAGGTGGGTGGTGACTACTACGACTTCATTCCCACGCGTCCGGAGCTGATGGGTCGGCGCCGTGAGCGTGGACGCTGGGCTCTGTTGATGGGTGATGTGATGGGGAAGGGGGTCCCCGCTGGTCTACTGATGACCATGCTGCGCGGGATGTTGCGGGCCGAAGTTCTCAGCGGCCTGCCTCCTGATCGGATCCTCCACGATCTCAACCAGCTGGCCCAGGAGGATCTGGCTCAGTCGCACCGTTTTGTCACGCTGTTCTATTCCGATTTCGATCCCCGTACCCGACGCTTGCGCTTTGCCAATGCTGCCCACAATCCGCCCTTGATTTGGAGGGCGCAGCAGCGCAGTATCAGTCGGTTGGATGCCCCGGGTCTGCTGATTGGTTTGCAGGCGGAGGCGGAATACGGTTGCGGTGAGGTGGTGCTTGAACCTGGTGATGTGCTGCTCTATTACACCGATGGGGTGACCGAGGCACCTGGGATCACTGGTGATCGCTTTGATGAGGAGCGCCTGATGCGCAGCCTTGAGGCGGCTTGTCGATCTGGCACCGGGTCTCAAGGCATCCTCGATCAGCTCTTCACCCGTCTGGATCGCTTCGTTGGAGTGGATCGCCAACTGGAAGATGATGCCTCGATGGTGGTGTTGAAGGTCCCGGAGGAGGTGATGTTGCCTTCTGTTCCCCGGGCTGCGCTCTGATTGTTCGGCACCGTTGGGATCCCTCGGCCTGACAAGCTGACTGCACGCTGAGCTCGGATGACGGTATGGCTGGGGGAGTGACGGGTGGAGGCTCCGGCACCTGGAGTGACCGCTTTGATCAGGGCCTCCACCCTGCGATCGAAAGGTTCAATGCTTCGATCGGGTTCGACATCACTCTTCTTCAAGAGGATCTCGACGGTTCCATCGCCCATGCCCGCATGTTGGCGGAATGTGGTGTGATCAGTGCCGAGGAAGCCAGCCAGCTCTGCGCAGGGCTGGAGACGATACGCGATGAGGCCGCGGCCGGATCTTTCCGTCCCGGCCTGGCTGATGAGGATGTTCACTTTGCCGTTGAGCGGCGTTTGATCACCCTGCTCGGACCGGTCGGAAAGAAGCTTCACACCGGTCGCAGTCGTAACGACCAAGTGGGCACCGACCTGCGCCTTTGGCTGCGCCGTCGTCTTGATGAACTGAACGATCGCGTGCTCCGTTTTCAGCGGGCGCTGCTGCAACAGGCCTTAGACCAGCGCACCACCCTGATCCCGGGCTATACGCACCTGCAGCGGGCACAGCCCGTTTGTCTGGCGCATCATCTTCTTGCTTATGTGGAGATGCTGGAGCGTGATCGCCAGCGCCTGGCTGATGTGCGCGGCAGGGTCAATGTCTCACCACTTGGGGCTGCTGCCTTGGCAGGAACCCCGGTGCCGATCAACCGCCGCAGCACAGCCGAGGCCCTTGGTTTCGAGGCGATCTATGCCAACAGTCTTGATGCTGTCAGTGACCGAGATTTCGCTGTTGAATTCGCATCGGCTGCGGCGCTGGTGATGGTGCACCTCAGTCGTCTTGCGGAAGAGGTGATTTTCTGGGCGAGCGAGGAGTGTGGCTTTGTGCGACTCAGCGATCGCTGTGCCACCGGCAGCAGCCTGATGCCCCAGAAGAAGAATCCTGATGTACCTGAATTGGTGCGGGGTAAGTGCGGGCGCGTTTTCGGCCACTTGCAAGGTTTGCTGACGATGATTAAGGGTCTTCCC
NZ_CP138971.1_gap26	990567	992989	2422	GATTTCGATGATCTGTTGCTGTTGCCGGTGCAGCTGTTGCAGCAGAACGAGCAAGTGCGCGCTTATTGGCACCGTCGCTTTGCCCATGTGTTGGTGGATGAGTATCAGGACACCAACCGCACTCAGTACGACCTGATCAAGCTGCTGGTCACCGATGGCAAGGATCCCCAGGTCTACGACAACTGGGCGGGACGCTCAGTGTTTGTGGTGGGTGATGCCGACCAGAGCATTTACAGCTTCCGAGCTGCAGATTTCACGATCCTGATGGGTTTCCAGGACGACTTTGGTGACAAGGCGCCTGATGACGCCACGCGCACGATGGTGAAGCTGGAGGAGAACTATCGCTCCACCGCCACGATTCTGGAGGCGGCCAACACGCTCATAGCTCATAACAGTGAGCGGATCGACAAGGTCTTGCGGCCTACCCGTGGCGAGGGCGAGCTGATCACGCTCACTCGCTGTGATGATGAGATCGCCGAAGCCGAAGCGGTCGTGCACCGGCTCAGAATGATGGAGGCAGCCAACCCCGACTTGCGCTGGGGCGACATGGCCGTGCTCTATCGCACCAATGCCCAGTCTCGGGCGATCGAGGAATCGCTGGTGCGTTGGCGCATCCCCTATGTGGTGGTGGGAGGCCTGCGCTTTTACGACCGGCGCGAAATTAAGGATGTTCTCGGCTACATGCGTTTGCTGATTAACCCGGCCGACACCGTCAGCCTGCTGAGGGTGATCAACGTGCCCAAGCGAGGCATTGGCAAGACCACGATCCAACGCTGCACTGATGCTGCCAATCAGCTGGGCATTCCCCTGTGGGATGTGGTGAGTGATCCGGAAGCAGCACGTTCGCTTGGTGGTCGCTCTGCTCGAGGGCTGCTTCAGTTCTGTGAGCTGATCAACGATCTCAAGCAGCACATCCACGACACGATGCCGTCGGAGCTGATCCAACAGGTGCTGGAGAAGAGCGGTTATGTGAGTGAGTTGATTGCGGAGGGCACCGATGAGGCTGAAGAACGCCGCCGCAACTTGCAGGAACTGGTGAATGCCGCTCTCCAATACCAGGAAGAAAACGACGAGGGTGATCTCGAGGGCTTTCTCGCTTCTGCTGCCTTAGCCAGTGATGCTGATAGCAAGGACACCGAGGCCGATCGCGTCACCTTGATGACCTTGCACAGCAGCAAGGGCCTGGAGTTTCCGGTGGTGTGCCTGGTGGGGTTGGAGCAGGGATTATTCCCTAGCTATCGGTCTCTGGATGATCCGGCGTCGTTGGAGGAAGAACGTCGCCTCTGTTATGTGGGCATCACCCGCGCCAAGGAGCGCCTGTTTCTGTCGCATGCGAGTGAGCGTCGGCTCTGGGGTGGGATGCGCGAACCAGCTGTGCCGAGTGTCTTTCTCTCTGAGTTGCCAGAAGCGCTGGTGCAGGGAGACCTCCCCCGGTCCGGTGGTGCGGCGATCCGGCGGGAGCAGCGGTTGGAGCGGCTGACCCGCGTTGATCGGTCCAAACCGGGTAGTGCGCCTGCCAATGCAGTTCGTCGCCGACAGGCCGGTCCTGCCCCTGGTAAGAGCTGGGCTGTGGGCGATCAGGTGAGCCATGTCAGTTTTGGCATCGGCGAGATCACCCACACCTTTGGCAGCGGCGAGAAGGTGTCGATCGCGGTGAAGTTCCCAGGGATGGGGCCCAAAATTCTTGATCCGCGTTTGGCTCCGATTGAACCGATTTAGGGAGAAGCCAATGGCACGGCGCGGGGTGATGGGGCGGATGATCGGGCGCCTACTTGGCCGTCGCCCAGCACCTGAAGAGCTTTGTTTCAAAGACCCCTGGGTCGGGGTCGACGGCGGCAACGGTTTCGGTGGTCAGAAACTGTTGCGCTCCCAGCAACCCTTGGGTGTTGTCGCGGCTTCTTGCACCGATCTGTTGCGGGATGTGCAGCTGATTACCCGCTACTGCTGCATCGAGCAGCCTTATTGGGCCGCTTTTCTTCGTCATTACGCATCACTTGGCGTGCGCCTCATGCATGTGTGTGTTCAGAGCGAAGCAGATGAGCACGTGCTGCGACACATGCCAACCCCGGATGGGTTGATCTGTGAGGTGCATCGGTTTCCCGCCAGCTTGACTCCCGCGGCTGCATTGAAAACCCTGGATCTGCAGTTGTTGGCCTCTCGGGCACCGTTCACCTTGCTGGTGGATGCCGATGAATATCTGCAACCTTTGCGCACCGATGTGTCGATCGAGCAGTTGTTTGCCCTGTTCCCAGATGTGGCCCAGCTGTTTTTGCCTTGGTTGATGCACCCGTTGGTTGATGCTGCCGATGCTCAGCGGCTGGGGTTTTGGGGACATATCGGCAAGCCCCTGGTGCGTTCAAACCGGATGGCCTCGATTGCTTTCGATCACGGATTTGCCGTGGATGATCCTCAGGCCAGCCAT
NZ_CP138971.1_gap27	1018321	1021970	3649	CTAGATGGATACGATGCCATAATTCATTTAGCTAACATTGCAAATGACCCAGCAGTTGAATTAAATCCAACGCTCAGTTGGGAAGTCAATGTCCTAGCTAGTCAGCAGCTAGCAGATCGTGCAGTAAGAGCTGGAGTCAAACATTTTATGTATGCTAGTTCTGGCAGTGTATATGGAATTAAGGACGAACCTAACGTTACTGAAGAACTTGAACTTGTTCCTATATCCGTTTATAATAAAACAAAAATGGTTGCTGAAAGGGTCTTTCTCTCCTATTCAGATGTTATGAATGTTCATTGTATTCGCCCAGCAACTGTATGTGGCATATCTCCGCGTATGCGTCTTGATGTTAGTGTCAACATGCTTACTTATCAGGCACTAGCCAATAAGAAAATAACGGTATTTGGTGGTGCTCAAACGCGCCCAAATATTCATATAAAAGATATTGTAGATGTATATAGACACTTTTTGTTAAATCCCCACCTTCCATCAGGCTGTTATAATGCTGGTTTCGAAAATATTTCTATTCTCGAGATTTCCAACCTAATAACCAATTCAATACCTGCTGAAGTTGAGGTCACACCCTCAAATGACCCTAGGTCGTATCGGCAGGACTCATCAAAGTTACTTAACACTGGTTTTCAGCCGCGATATTCAATTAAGGATGCAATTGAAGAGATTAAAATAGCTTTTGAATCTGGAGAGCTAAGGGATCGTGACGAATATTATACCATTAAGCAAATGAAGAATCTCAAATTGGATCATTAAAAAATGAAAGCCAATTACACACAATCACTTGCTCTATTTGAGAAAATGGTTCTCATTAGAGAGGTTGAGCGTTCCATTGCTGATAATTATGCAAATGGAAAAATGCGCTGCCCCACACACCTTTCTATAGGTCAAGAAGCAGTCTCAGCTGCATTCTCCCAGCTATCCAATATAAATGACTATGCTGTAAGTACACATAGGGGCCATGCGCATTTTCTCGCTAAAGGAGGCAATCTCAACTCCATGATCGCTGAGATTTATGGCAAGTCAACTGGTTGTTCAATTGGCAAGGGTGGATCAATGCATCTTATAGACCTTAATGTCAACTTTATGGGTACTTCGGCTATAGTGGGAAATAGTATTCCTCTCGGCGTTGGTCTTGCTTATGCGTTAATGTTACAAAAATCTGAGCACTTAAGCTATATATTTTTAGGGGATGGAGCAACTGAAGAGGGTGTATTCTATGAATCATTAAACTTCGCCGTACTAAAAAATCTCCCAGTTGTTTTTGTATGTGAAAACAACTTTTATTCTGTATATTCACCTCTTACTGTCCGGCAGCCGCCGAGCAGATCCATTTCTGCTTTAGCCAACGAAATCGGTGCCAATATCGTTGTTGGCAATGGCAATAATGTACGCGAATCCTTTGATAAACTTCAGTTAGCTATATCTTCTGCCAAAAATGATGCTAAACCAGTCTTTCTGGAGTTTTTTACTTACCGTCACCGAGAGCACTGTGGGCCCAATTTTGATGATCATCTTGAATATCGACCTAAGGATGAGATCCAACATTGGACTGAGAATGATCCCATAGAAGAACACCGTAAATTTATGATTAATCAGTTTGCCACCGAGCCGATTATCTTTGACAATGTATATACTTCTATACGAAGTAAAATTAACGACGCTTTTGATTTCGCAGAGTCTTCTCCGCCTCCTTCTCCCGATACAGCATATAAGCATATATATGCTTCTAATAGTTAAGTTGGCTCTATGAAAGATCTTTCATTCTCTCAGCAAATTAATAGGGCTATTGATGACTCAATGGCATCTGATCAAAATGTCTTGTGTTTCGGTTTAGGTGTTACTGATCCAAAGGCTGTTTTTGGTACCACTTATGGTCTTGAACAGAAATATGGTCCAGTTAGAGTTTTTGATATGCCAACCTCTGAGAATGCCATGACAGGTGTAGCAATAGGCATGTCATTAGCCGGCTATAAACCTGTTATGACACATCAGAGATTAGATTTTTTTCTATTGGCAATGGATCAACTTGTTAATTCAGCAGCTAAATATCACTATATGTTTGGAGGTCAAGTCTCAGTTCCAATTACCATTCGACTAATCCTCGGGCGAGGTTGGGGACAAGGTCCAACACATTCTCAAAATCTTCAATCATGGTTCGCTCACATACCAGGACTTAAAGTAGTAGCACCTACTACACCCTTAGATGCCTATTATCTCCTAAAAGAATCTATTCAGGACCCAAATCCTGTTGTGTTTCTTGAACATCGATGGCTCCACAATAATACTGATGAGCTTGTCCTCAATAAAGCTCCATTATCCATTGGTAACTCAACTTATATCTCTTCCGGTTCTACAGTCACTGTTGTATCAAGCTCTTATTTGACTATACAAGCATATAAAGCTTGTAAGTATTTAGAGAATTTTTCAATATTTTCTGATCACATTGATCTACTTACCATTAAGCCACTAGATATCGAAAGTATTTTCCAATCTGTTCATAAAACCGGCAGGCTTCTTGTTTTAGATCCTGGGTTTGAAACCTGTTCCGTAGGTTCTGATATTATTGCTAAGGTTACTTCCAAATGTTGGAGTTCTCTCAAAGCACCTCCTCAATTATTGGCCATGCCTGATGTACCAGAACCTACTAGTTATTTTTTAACTCGCGGCTTCTATCACTCTTCTGCAGAGATAGCAAAGGCTATAGCTAATCTATGCTCACATAGTGATCCAAACATCACTCAATCCATTGATCTTGAGGAATCGCTAAAAGAACCAGTTCCTCACGACATACCTGGTAGTTGGTTTTCGGGCCCTTTTTAGTATGTCACTTCCGACCGTAGTTGTAATTGGTCCTGGCAAAATTGGACGTGATCTACTAATTAAACTACTTAGATCACCTAAAGTTAATTTAATTGGTCTTATAGGGCGAAATTACGGGACTAGCAGTGAAAAATTCTCCACACAATATAATGTTCCATATTATGGAGCTGGCTTATCCGAGTATTTAGATCATGTTCATGATACTTCTATCTTTATAGATGCAACGACTGCAGAATTTCATTCAAATCATTTAAAATTGCTTCAGCCTTTTAATCCATTTATTGTTGATTTAACCCCTAGTGGTATCGGAAGTATATATTCACCTCTTGCCTCACCTAATATTCCACCCAAAGGCACTAGCATTAGTTTGGTCAGTTGTGGAGGTCAAACAGCTCTCCCTCTTCTTTACGAACTTTCCTCATGCTTCACTCATGTTGAATATATTGAGGTTGTCTCTTCTATGGCTTCCCTGGCTGTGGGTCCCGGTACACGTCTAAATATTGATGAATATATCCACACAACACAAAGCGCCATCAAATCTCTATTACCATGCCCTGAGGTAAAGGTTATTTTGAACATCAACCCTGCCAATCCACCTGTTACAATGAAGACAACCCTAAGTATGGTAGGAGAAATGAAGTATGAGCTTGATAAGATTAAATCAGTGGCATATCAAACCCAGAATCTAGTACAAGCCTATTGTCCCGGTTATTCCATCAAGGTCCCTCCAGTATTTATGAATGATGGGCGTTTGGTTACAATGCTACAGGTCTCTGGTGCTGGTGATTACTTACCTACTTACGCTGGTAATCTT
NZ_CP138971.1_gap28	1056187	1058030	1843	ATGCTGCCGGCATACCCTCCACCGCCGCCAATGGATTGGGCGACTAAGGCAGGAGAGATCTTTCCTTTCGTGGTGATGGAGGCTTGGTTCGTAACCTCGACATTTCCGGCATCATCGGTGTCTCCAAACACGTCGGCAACAACAGAACCTTTTTTGTTCCATTTTTGGCTGCCAGTGCCCATGTGTCCTTTCCATGAGTTGGGTGGTGTTTCTGTGAATCTGTTTTCTCCGATGAAGCCGCCACCACCACCAATCGACTGAGCTGCGATGCCCGGCGAGCTATTGCCTTCTGTGTAAATAGACTTGCCAGTATTAATCAGTTTGACGAGCCCGCTGGATGCTGAGAGTTTATTTCCACGTCCTGTGAGGCCCAGTTGAACATTGCCGTAATACTGGTCGGCACGACCTCCTCCTCCAGCAATTGATTGAAGTAAGAGGGCCGGTGCATCGATGCCTTTGGTGCTAATCGATCCAGAGTTGGTTACATCGACCGATCCTGAATCACTGAAACCAGAGCCTTTGTTAAGACCCATTTGTACCGTGCCGGCTTTATTGCCCAGAAGGCCTCCTCCGCCTCCAATGGATTGAACGGTAATAGCACCAGCACTCAATCCGGTAGTGGTGATGTTGGCCCTGTTGATGACGTCAATGTTTCCGCCTTTGACGGTTCCATAGGGTGAGAGGGAGCCGAGTTGGACAGTTGTATCTTCTGCTGTGCTCCCTGCCAGCCAACCGCCACCACCACCGATGGATTGGATCAGCATGGCTCGGGCATAATCTCCTTCGGTTGTGATAAAGCTGCCGGTGTTGCTTACCGTGATATCTCCTCCTGAGCCATTGCCGGTTGCACTCGATCCCAATTGAAGATTGGATGCGAGCTCCTTTTGGTCAAGCCGGCGCACGTTGCCGCCACCAGCACCAATCGACTGCACGACCATCGCAGAGGACGAGATGCCTTTGGACGAGAGATTGCCCGAATTGTTGAGGGTGATCGCTCCGCTATGTGCACGAAGAGAGCCGTTATCACCCATCTGCAGAGTTTGTGTATTGTCAGCCTTCGCGAGTTCATTGTTTAGGGTGGTGTAGCCACCGCCACCACCGATGGACTGCGCCATGATCAGAGGCGATGTAATCCCTGTGGTAACGATGTTCCCACTATTTTTGATATTGATATTGCCTGCTTTGGAGTCAACTATATTGTCGCCCCCCAGCTGAATTGTCTCATTGCTGGTGAGGCTGACGACACCACCGCCACCACCAATACTCTGAACAACAAGGGCAGCTGATGCACCGCCTGTTGTGCTGAGCAGGCTGGTATTGGTGACGTTGACATTGCCAGCGTTGATGTTCTTCAGACTCGTGCCTCCGAATGTCACCCCATCTTTGGAGGAGCCAATGAATCCACCACCGCCGCCAATGGATTGAGCCAGGATTGCTGTTGAACCAATCCCTGAAGTTTGAATCGACTGTCCTGTTGAAGAGAGAGTGATGCTGCCCGATGTACCTAACGTATCGCTAAGGCCATTGACTGCTCCAAGGGTCGCTTTTCCGCCAGAGGACCCAGCAATGTACCCGCCTCCGGCTCCAATCGACTGAATAATGATGCCACTCGAATAGTTGCCATCGGTCTGAACAAGATTGGTGTTGGTGACCTTGATGTCACCTGATGCGGCAGCGGCGAGATGGTTTTTCGTGCCAAGAGCAAGATCTCCAGCGGCGGAGCTAATCACACCGCCACCGCCTCCGATTGTTTGGGCCGTTAGGGCTGCGGAGAATTCACCGGTGGTCCAGAGGATTGCCTTATTTTCAACAGTGACGTTGCCGGAGTTGGCGTTGCCGCTGT
NZ_CP138971.1_gap29	1059293	1062273	2980	GGGAGAAGTTGGCTGATGTTGCAATTTGAGCGCCAGTGTTATTGACATTGACGTTTCCGGCTTTGGCATTGATCGCTCCAGTGCTGCCAAAAGAGACTGCGTATTCTTCGTAATCACCGGTTTGTGACACATAGCCACCACCGCCAGCAATGGACTGGGCAATCAGACCCGCTGAGCCCACTGAGCTTGTGCTGAGGATTCCCTTATTGGTGACCTCCACATTGCCTGTTGTGATTGTTGGCAAGCTTCCCGGCTCTGTGGCTGTGGAAATACCGCCCAAGCGGATGGAGTCTCCCTTGCTTGTGGCGGACGCACCGCCACCACCGCCGACGGCCTGGGCAATGATGGCTGCTGAATTGATCCCTGAAATGTTATCAGTTCCAGCTGAAGTGATGATTGTGGCGTTATTCGTCAGCGTCACATCGCCTGCGTTGCTTGTGCTATTGCCTGAGATTGTTCCACCCAGATTCAGAACGCTACCTTTTGTGGATCCGGTAAATCCACCACCACCAGCAATGGCTTGAGCCAGAATGCCGGTGGAGTTTTCTCCGATGGTCTGAATGGATTTGTAGTTGATAGTTGCCCGGATGGAGCCTGCGTTTGCGCTTCCAATCTGAGTCCCCCCCAGTGTGGCATTGCCACCCACATTGCCGATCCAACCACCACCACCACCGATGGATTGAAGAACAATCGCCGGTGCATCGATGCCTTTGGTCACCACCAGTTCTCCAGAACCTGAGAAGGTCACTGAACCTGCGTTGGCAGTACTGGTGGCTGTGCTCGTCATGCCGAGAACGGCATTTCCTTTGACTTCCGCACCAAATCCACCACCACCTGCGACCGACTGAACCACCAGTGCAGCTGAGTTTTGCCCTTCAGTGATGGCGTTGCCAGTGAGTTTGGCGTTGACGGAACCAGCGCTGAGGTTGCCTCTCACCTTGGAGGCGCCAAGGGTGACATTGCCGAGGGCATTGCCGGTGACTCCACCGCCGCCGCCGACGGACTGAATCACAGCAGCGGTGGAGAAGTTTGCTGCTGTACCGATCGTGCTGGTGCTTGTCAGCGTGACATTGCCGCCTTTGAGGCTGGTGCCAGCTTCACTACCGAGCTGGGCATTGGGTGTGCTGCGCAGCAATGACCAACCACCGCCACCACCGATGGATTGGGCGACGAGGGCGGGACTGTAGGCACCCACGGTGACAAGAGATCGACCGGTGTTTGTGAGCTTGACGTCACCTGCGTTGGCGGAGGTGAGGTTGCTCCCCGCGAGAGTGACGCTGTAGCGGGCAAGGGCATTGGTTTCAGCGATGTATCCGCCGCCGCCGGCGATGGATTGAACCATCAGGGCTGGGGAGCCATTGCCTGCGGTTTGGAGGATGCCCCTGTTGGTGACGGTGACGTTTTCAGCATTGGCGATGTTGCCAGCGCTGGCACCGAGTCTGCTGAGGGTGCCAAGGGACTTGGCGGCTGCACCACCACCACCACCGATGGATTGGGCGAGGAGTGCAGCTGCGTTAATACCGGTGGTGGTGATGTCACCGGTGTTTGTGACGTTGACAGTGCCACCGGAGGCGTTGCCCACGAGGGAGCCGCCGAGGATGACGGCATCACCGACGGAGAGACCAGCCACACCACCGCCACCACCAATGGATTGGGCAAGCAGACCGATGGAATTGTTACCGGTGGTCTGGATGAGGCTGGAGCTGGTGACGTTCACAGCACCAGCGTTGGCGCTGCCGGTGCCGCTGGCACCCATCGTCACGTTGCCTGTGACTTCAGCGCTGGCACCACCACCACCACCGATGGATTGGGCAAGGAGAGCGGGTGAGCTGAGCCCTTTGCTGATCAGCAGTTTTGCGCTGTTGCGCACGGTGACAGCACCACCATTGGCGGATGCGCCGATGAGGTTGACCGCACCGAGGTTGAGAGTGGTGCCGATGTCGCCAGCACGGCCGCCACCGCCGCCGATGGATTGAACGTTGATCAGAGGGCTGAAGTTGCCGCTGGTTTGAACAGAGCCGGAGTTGGTTAGGGAGACCTTGCCTGCGTTTTGCCTACCGGAGCTGCTGCTGCTGCCGAACTGAGCGGAACCGTCAACTTGCCCTGTGTAGGCACCACCACCACCGATGGACTGGAGGCTGATGCCTGGTGAGGTGTTGCCGGTGGTGGTGATCACAGAGCGGCTCGTCACTGTAATGTCACCGCCATCCATGGGCGCAGCACTGGTTTGAGCGCCGAGGATCAGATTCCCTTCGACGGGTCCGACCCAACCACCACCACCACCGATGGATTGAGCCGAAAGTGCCTGGCTGTAATCGCCTTTGGTTGAGAGGACTTTTCCTAAGTTATTGATCCTGATGTCCCCGCCAGAGAGGTCGGCAGAGGCTGCGGCATCAATGCTGCCGATGGTGACCGAGCCACCAGAGGTCTGGGCGATGCGACCACCCCCACCACCGATGGACTGGGCGAAGATCGCGGGGGAATAGCGGGCGAGGGTGATGAGGCTGCCTTCGTTGCGTAAGCCCATGGCCTGGGCGGATTGGAGCCCAGCGGCATTGCTTGAACCGATTTGGACGGTGCCCTTAGCGCTGTCCGCGGAACCACCACCACCACCGATGGCCTGATAGAGGATCGCGGGGGAGAACTCCGAGTTGGATTGGAGGGTGCCGGTGTTGAAGAGTTCGGTTTTCCCAGAGCGACCGGTGGCGCCATTGCTGCCGAGGGTGGCGTTGCCAAAGCCAGATTGGACATCACCACCACCACCAGCGACGCTGTGGAGATAGACGGGGATCGACGAGCTGCCAAAGGTGAGGATGTTGCCGCTGTTGCGCAGGGTGACTTTGCCTGAGCCACCACCTGAACCGCCAGAGCCGCCGAGGCTGAGGGTGCCTTGATTGATGTTGGCGGTGGCGCGTCCGCCTCCGCCACCGATGGATTTCGCGACGACGCCATAGGAGCCGGTGCCATAGGTGGTGATATT
NZ_CP138971.1_gap30	1180053	1184291	4238	GCTGTTGGGACCAGTCCCCGTTCACCAGTTGCTCGACCCTGAGGCTTGGATCTGAGTTAACGACGCTCAAGCACGGCCACACAGCGACCACACAGCTCGGGGTGATCTGGGTGTTGCCCGATGTCGTTTTCGTAGTGCCAGCAGCGTTCACACTTCTGACCACGGGAACGGGCGACTTCGATCACGGCCAGCTCACTCTCCTCGCTCGCCAAAAGCTCGGCCCAGGGATCACCTCCCAGCTGTAGTTGGGAGACCAACAACCAATCGTGTAGCCCATCCACCTCCGGTTGCCCGTGCTCCTGCATCCAGTTCACCGCGTCTTGCAGTGCTGGGCTGCGCACATCGATCCGCACGGTGGCTTCGAGGGACGCGCCTAGTTCTCTCCTGGCGCGGCAGTCTTCGAGAACGCGGTTGACGGCGCTTCGTAGGTCTCGCAGCTGCTGCATCGGGGCCTGGAGGCTGTCGTCTCGCCAACTGTCTGGCACCGTGGGCCAACCGCGGCGGAACACGGAGTCTTCCTCTACCGGGTAGGGCAGGTTCTGCCAGATGTCTTCCGCCATGTGGCAGAGCACGGGGGCAATCGCCCCGGAGAGTCGTTCGATGATGAGAGCCATCACCGTTTGACAACTGCGGCGGCGTTTGTCGTTGGGGGCACTGACGTAAAGCCGGTCTTTGGCGATGTCGAGGTAGAAGTTGGAGAGGTCGCTGACGCAGTAGTTCTGCAGCAACTGGAAAAAGCGGAAGAATTCGAAATTCTCAAAGGCCTCTGAAATGCTGTCGAGCACGGTGGCGGTGCGCTGCAACATCCAGCGATCGAGCAACGGCAGTTCGTGAATCGGGATGGCATCCCGTGTCGGGTCGAAGTCGTGGAGGTTGCCGAGGAGGTAGCGGGCAGTGTTGCGCACTTTGCGGTAGACGTCGGCGAGCTGGCGCAGGATGCCGGCGCCGATCGGCACATCCGCTGAGTAGTCCACGGAGCTCACCCAAAGACGCAGCACATCGGCGCCATAGGGCGGCTCTTGTTTTTGGTTTTTGCCACCCTCGATGATCACCATCGGATCAACGACATTGCCGAGGGATTTGCTCATCTTGCGGCCCTTCTCGTCGAGAGCGAAGCCATGGGTGAGCACAGTGCGATAGGGGGCATGGCCGTTGACCGCCACCGATGTGAGCAGGGAGCTCTGGAACCAGCCCCGGTGTTGGTCGGATCCTTCCAGGTAAAGGTCGGCGGGATAGCTCAGGCCCTCGCGCTGGCTGGCCACGGCGGCCCAACTGGAGCCGGAGTCGAACCACACGTCCATGGTGTCGGTGCCTTTGCGCCACTGGTCAGCTTCCGTCTGATGGCTGGGTGGCAGAAGCTCGGCTTCGTCTTTCTCCCACCACACGTCGGCCCCGTGCTCGGCAATGAGAGCCTGAATGTGGCTGATGGAGTCGGCGTTCAACAGCACGTCGCCGCTGCTGCGGTGATAGAAGACTGGGATCGGTACACCCCACGTGCGTTGTCGGGAGATGCACCAGTCGCCCCGTTCAGCAACCATGGACTCGATCCTGTTGCGGCCGGAGCCCGGGAGCCACCTCACCTGATCGATCGCCTCAAGGGCATCGGCGCGGAACCCCTCCACGGAGGCAAACCACTGCTCGGTGGCACGGAAAATGGTGGGTTTCTTGGTGCGCCAGTCGTAGGGGTAGCGGTGGGCATAGCTCTCGTGTTTGAGCAGTGCGCCCGATTCTTCCAGTGCTTCGAGGATGGCCGGGTTGGCATCTTTCAGGACGTTCAGGCCCGCGAAAGGACCGGCCTCGGCGGTGAGGGTGCCTGCTTCATCCACCGGACACAGCACGGGCAGCCCGTGCTTCCGGCCAGTGTTGAAGTCATCCACACCGTGGCCAGGGGCGGTGTGTACCAGCCCGGTTCCGGACTCCGTGGTGATGTATTCCCCTCCGACAACGATCGGACTTTCCCTCTCGAGCAGGGGGTGGCGGTAGCTGAGGCCTGCAAGATCGGCTCCCTTGACCACGGCTTTCTGGGTTAGCGAGGTCTCGAACTTGGAGGCCAAGCTCTCGCACAGCTCGGAGGCCACAATCAGCAAACGGCCATCTGCATCGGCCGCGAAGGCGTAATCCAGGCGCTCATTGATCGACACCGCCAGGTTGGCGGGAAGAGTCCAGGGGGTGGTGGTCCAGATCGCCACCTTCAACGTCTGCCCGAGCTCGGGACCCTCGATCGGTAGCTCTAGGCCTTGCTCCTTGAGAGAGGCACGTAGTGCATCTGGCACGGAGACAGCTGGGAAGGCCACATACACGCTTGGGCTGGTATGACCATCGGGGTATTCCAGTTCGGCTTCGGCAAGGGCGGTGCGGGAGCTTGGACTCCAGTGCACCGGTTTCAGGCCTCGATAGATGTGGCCCTTGAGGGCCATGCTCCCGAAGACCTCGATTTGGGCGGCTTCATACTCCTTCTGGAGGGTGAGATAGGGGTGACTCCAGTCGGCCCAGATCCCCCAGCGCTTGAAGCCCGCCATTTGGCTGTCCACCTGCTTGCGGGCATAGACCGCAGCTTTCTTGCGAAGCTTCACCGGTGTCAGCGCTTTGCGTTGCTCTTGGTCCATGGCCTGGAGAACCTTGAGTTCGATCGGCAGGCCGTGGCAGTCCCAGCCGGGCACGAAGCGCACGCGCTGACCCTTCATCACCCGATGTTTGTTGATGATGTCTTTGAGCACCTTGTTGAGGGCATGCCCCATGTGCAGGGCCCCGTTGGCGTAGGGGGGACCGTCGTGAAGCGTGAAGACCGGGCCTGGGTTCTCTTCGCCAAGGCGCTGGTCGATTCCTTGCTCGGTCCAGAAGCTCTGCAGCTGCGGTTCGCGCTGGATTGCGTTGGCACGCATCCCGAACCCTGTCTGGAGAAGGTTGAGGGTTTCCTTGTATGAGGGGCGCGCATCAGCGGCCGGGCGGCTCTCCTGGGACACAATGGCGCTGCAGCAACCGGGATTATCAGTCCTCGCCGGTGCTCATCGGGGTTTCGGCTTCCGGATCGTCGCCGGATGGCTCGGACAGGACCGTGCTCGAAGCCGTTGTGATGTCTGCATCGCTGGGTGGTTCCAGTGATGTTGCTGGTTTCGGTTCCGGCCGAACCCAACGTTTGCCTTTTCCCTTCACACGAGGGCTGCCGAAGCCTTTGCCTCTTTTCTCTGAGGGTGCGCTGTGCGTTGGCAAGGCCGATTCGGGGGATGTCTGCTTGGCAGCAACTGGATCGGCTGTCACGGTGATCGTCTCAGCGTTGACTGCTGCTTCGGCTGCTTCGGATGGTGCGTTTATCTCTGCGGCTTCTAGGGGTTCAGGAGCACTGAGGGAGGCCACTGTGGTGTCGTGGTGGACCTCAGGCGCTGTGCTTTCGGCCTGGTCAGTACTGGATGGCTCAGGGGTGGTGTCCTCTGTTTCAGGACGGACCCAGCGTTTCCCCGTGCGGCTTGTTCCTTCAGGCTTTGCGGAGGTCGGTGGGGAGGGCTTGAGGGCGGTGAGTGCTGCTCCGGCGCTGTTGCCAAGGCTCACCATGGCCGCAAGCAGCTGCTGCACGCTTGTGATCCAGCGTTCGCGAGAACTGAGACGCTGTTTCTCCTCGCTGCTGAGCTGGTGCCAGCGAGCCTGGGCCACTTCACTGCCCAGTCGGCCGATGAGCAGAGTGCCGCAGACCACAGCAAGCATCGGCGACCCCCGCAGCAGATCGCTGCTGGTCACCAGCACCAGCCCCAGCAGCAGAACCACTGCCCCCCAGAGACCATCGCGCGGTCGGCTCAGTTCAGTTGCCAGCAGGGGCAGCAACAGCACTGCCATGCCCACCAGCAGGCAGAGATCTCCGGTGAGGTTGGCCAGCATCAGCAAGTGGGTGCGGGTTGGCTCCATTCTGGTTGGATGCCTAGAGTTCGGCCGCTGCCCACCTGGCGGAATTGGTAGACGCGCTGGTTTTAGGTACCAGTGGCTTCGGTCGTGGGGGTTCAAGTCCCCCGGTGGGCATTGCACTTTTCTTAGGGTCAAGTGCTTGTGACATGTTGAGAAGGCTGCGTCAACCGATGACCAACGCAACCGCTGCTGCCTTCACTGCACCGCCTGCGGGCCAGGGGTTGCGCTCAGTGCCAAAGGAATTCCTTGACCCCCCTGCGGCGTGGAACCCCACCGTGGGGCTGTTCCTCTGTGGCTATGCCCTCGCCGCGGTCACCATTTGGGGGTGGTTTATCGGGACCTGG
NZ_CP138971.1_gap31	1193452	1195836	2384	CTATTGAAGAGAAGCCGTTGCCTGAATATCTCAGCATTTTGCAGAGCAGCGATTGCGGAGAAGCTGGAGCGACTGGAGGCAGTCCAGTGAAGACCATTACTGTTCGCCTGCCTGATGTGGAGGCTGCGATGCTTATTGAATTAAAGAGGAAAAACAAAAGCCTCAGAGATTTTCAGAGATGGGTCGCTGATAAAATCAAGGCTGAATATAGGGCGGATTCCATCAATATGTGATATTATACAATTGTTTGCTCCGCTGCAATGGTAGAAGTTGAAACCATCGGCAATGCAACTTTGATCGTGTCTGAAGGGGGGGAGCCCCTCTTGGCTACCGATGTATGGCTTGATGAGGATCCAGCATATTTTGGTTCATGGGTCCTCTCGCATAAAGTTCCCGAGGAACAAAGATTCAAGCTTGCAAAGTGTAAGTTTATATTCATATCACATTTTCATCCCGATCATCTAAACCTTGCTTCTTTGCGGCATTTTAAAGGTGCGACAATACTTCTCGCCCAGCATTATGGATCGCGGGTTGAGCGAGAACTCCGTTCTGCTGGCTTTACTGTATTAAACCTTCCTTCTGCTAAGTGGATTTCTCTAGGTGCGAGAACCAGAGTAATGCTGTTTAGCAACGAGCTCCAGGACTCTGCGTTGATGGTAGAAGTTAATGATGGAAAGTCTAAATCTTTGCTGGTTAATCTTAATGACTCGGGGGCAATAGGTTTCGTTACTTCGGTTTCTCGTCTGGCTGCTTCATATGAAAACTCGATTTATCTTGCTCTTCATGGTTATGGAGATGCAGACATGATTAATTTGTTTGATGAAAATGGGTGCCAAATCCCTCCAGTCGCTGCAAATAAATTTCCAGTAGGCAGGGACTTTAGCGCCTATATGAAGAAATTTAAGTGCAATATTGCAGTGCCATTTAGTTCCTTCCATCAGTATCAACGCCGTGACTCCTGGTGGGCTAATGAATACATAACTCCCACTTCTGCGTACTCAGAGGGTTTTTCTGGAGATGGGGGAAAGCGTATTTATCCTCCTTTTCAGCGGATTCTATTTGAGGGTGGTGAGATTAAATTCTATTCTATAAACCCACCTGAAAAGGTTTTAGATGCCCCTGTTGACGAGGCGGCATTCGGTGATAGCTGGTCGGACAAGCTCACTGACCGAGATATTGGTTTGTGTAAGCAGTATTTCAATTCGATCTCATCCCTATCTAGAAGCTTTAGGTCTATAAGCTTGCTTGTCGGTGACAGTAAGGCTAGCGTCTTGTCAGATGGTAGAGGGTCTGTCGATCTTCAATTTGAGGTGCCAAGGAAATCTTTAATGAGGGCTGTTAAAAGAGAAATATTTGACGATCTCTTGATAGGTAACTTTATGAAAACTACTATTGCTGGAGCCAATAACTTATACTTCCCCGACTTCACTTTGTCGGTCGCAAAATATTCCGATAATGGCGGCGTCAAGTTGTCGGATCAGCTCAAGGACTATTTTGCTTTTTATAGGGGCAATAGATCTATGGCTGATCGTCTGGAGATGCGAGTTGGTCGCGCGAGAGGTTTTATTTCTGCGTCTATTTCTGGCGAAGTCAGAAATGCGCTGAAGAAGTTGATCCGTAAGTAAGGATTGCTTTCGATTCCTCAAGCCACTCCCATAGTCACCAATCCATCGCAAAGAATTACACAGCTCTGCCCCACGCCTTCTCCTGCCGTCCAGCGGAGGTCGTTGCCCCTGAGCTGATTGGTTGCAGGTTGGTCAAACGCAAGCCCTCTGGTGCGTTGTTCAGGGGCGTGATTGTGGGAACGGAGGCGTATTTCCAGGATGTACCTTGCCATTAAAGGGGTTAGGCATTTCCTAAGCGCTGCTTGTTGCCAATCCTTTTTGGGTCATAAAGAAAAAGTCAAAGAAACTTGACTGAGTTATGACCGAATTGGAAAAGTCTGAAAAGGATGCCAAAAGAGCAGGTGTCAATTTAGTTGTAATGGGTGTTCTTCACCTCTTCTTCGCATTTTTTGCCTCCCTTGGGTACGCGATTTATCTTGATTATTGGAAGCCATTTTTGGTGGCTACGCTGACCGCGATTGTATCTATTGTCGCTGCCGCTATTGTTGGAGGGATTCTTGGGGCTGTTATTGGTGCAGCTGGTGGCTCTGACGATGCCGCAGGGCTGATTGGGCTTGTGGTGGGTGTTCTGTTCGGTTACATCGCCCCTTTGGCTTCTTTCCTGATTTTTAGAATAAAAGTTCTAGCTCTTCGTGATCGCATAGGGAGTGTGTGAGTAGAGGTGGGTTGAGTCTGAGATTATGGGGTAGGTGACTACTTGGCTTGCATCAGCCACCCAGCCTATTACCAAGGATTTCCCAGCCCTACACAAATCCTTCT
NZ_CP138971.1_gap32	1281494	1285412	3918	GTTCATTCACCGAGGCCTCTAGGGACTTGGCGTTCTGGGCTGCTTCACCGAGGCCCCGGTTGACGGTGACTTTCACCACCTTGGGGACTTCGTGGACATTGGAGAGACTGAGGTCTTTCAGCAATTTGGGCTGAATGGTCTCCCTGTAGCGCTGTTTGAGTGACATAGCTGGGGAATGGACTTCTGGACTTGGTCAGAAGAGAGGGTCGAGGATCAATCGATCACTTCGCCGGTTTTCTTGAGGCGACGTTTCTTGGTGCCGTCCTTTTCAGTGACGAGCTCAACGCGGCTGGCGACCTTCTTTGAGGTCGAATAGAGCATCACGTTGGAGGCATGCAGTGATGCTTCCTCGGTGACGATCCGACCAGATTCACCTTCCTGGGTGGGCTTGACGTGTCGAGTGCGCAGGTTGATGCCCTGCACGATCACACGGTTCTCATTGGGCAGGGTGCGAAGCACTTCACCGGTCTTGCCCTTGTCCTTACCAGTGATCACCTGAACGGTGTCACCTTTGCGCAGACGCATCTTGATGCGCTGAGTGGTGTTGGATTTCGGAGTTGCAGTTGCCATCTCAGATCACCTCCGGAGCGAGGGAGACGATTTTGGTGAAGTTGCGGTCGCGCAGTTCACGGGCCACAGGACCGAAGACGCGGGTGCCCTTGGGATTCTTGTCGTCGTTGATGATCACCGCTGCGTTGTCGTCGAAGCGGATTGAGTTGCCGGTATCGCGACGCAGAGTTGCTCGCGTGCGCACCACAACGGCCTTCACGACATCGGACTTTTTCACGCCCATGTTGGGCATGGCGTCCTTGACGGCGGCCACGATGACATCGCCCACATGGGCGTAGCGCCGATTGCTGCCCAGCACACGGATGCACTGGATGCGCTTGGCGCCGCTGTTGTCAGCGACGGTGAGGAAAGATTCTTGCTGAATCATTTGGCGGCCTCGTCAGCTTTAGGGCTGTGGCTGAGCACTTCGGCGATTGCCCAGCGCTTGTGGCGGCTCATCGGCCGGGTTTCGGTGATGCGAACGCGGTCGCCGACCCGGCAGTTGTTGTCTTCATCGTGAGCCTTGTAACGGGTGGTACGGCTCACCGTCTTTTGATAGATGGGGTGGGGGAAGCGGTTCTCCACCGCGACAACCACCGTTTTGTCCATCTTGTCGCTGACGACGGTGCCGACCCTTTCCTTGAGTGCCATGGTTGGTTCTCCTTAGGGGATCAGGAAGCAGTGGAGCTTTGACGCTCCGATTGCACCGTCAGCAGTTGGGCCAGCTTGATGCGGCTTTCCTTGAAGCGGTGCGTGTTGGCGAGTTGCCGTGTGGCCTGCTGGAAGCGCAGGTCGAACAGCTCGCGGCGGAGACCGTCGATCTGTTCATTGATCTCTGCGTCAGAGAGCTGACGCATTTCGGAAGCATTGGGGCGTGCCATGGTCAGGCCTCCACAGTTGCGGTGGACGCAGCCTTGGCATCGCTGCCTTGTGCGGCTGTCTCCTGGTCTTCCAGGGTGATGAACTTGGTCTTCACAGGAAGCTTGTACTGCGCAAGGCGCATGGCCTCCCGTGCGATTTGGGGAGTGATTTCCTCACCGCCCATTTCGAACAGAACCCGTCCAGGCTTGATCACCGCCACCCAGAATTCTGGGTTGCCCTTACCGGAACCCATACGGGTTTCAGCAGGACGCATGGTGACCGGTTTGTCTGGGAAGATTCGGATCCAGATTTTGCCGCCCCGCTTGACATAGCGGGTCATGGCACGACGGCTGGCCTCGATCTGACGCGAGGTGATCCAGCCGCACTCCTGGGCTTGCAGTGCGAATTGACCGAAGGCAATGGTGTTGCCACGGGTAGCGACGCCGCGCATGCGGCCGCGCTGCTGCTTGCGGAATTTGACGCGTTTTGGACTCAGCATGGTTCAGGCCTCCTGTTCAACCCTCGTTGGAGCGGTCTTCGAACTGTTGGGGCCTGCGACCGGCCCGGCGCCGTGGGGTGGCCCCCACTGGCAGTTGTTGCGGGGCTTCATCACCCAGCACTTCGCCTTTGAACACCCAGACCTTGATGCCCAACACCCCGTAGGTGGTGCTGGCCACCTTGGTGGCGTAATCGATGTCTGCGCGAAGGGTATGCAAGGGAACACGACCTTCACGGGTCCACTCGGTGCGGGCGATTTCAGCACCGTTGAGACGGCCGCTTACCTGGATCTTCAGGCCGAGCACGCCAGCGCGCTGGGCCCGTTGGACGGCCATGCGGATCGTGCGGCGGAAGGCCACTCGCTTTTCCAATTGCTGAGCGATGTACTCAGCAAGCAGAAATGCATCGGCATCGACCCGCTCGACTTCAACGACATTGATCCTGACCTGACGGCTCGAATCTCCGACGGTTTTCTGGATGCCGCTGCGCAGCTCCTCAATGCCGCTGCCCTGGCGACCAACCAGCACGCCGGGACGTGCTGTTTTGAGTTCAACCTCAAGTTGATCAGCTTTGCGGGCGATCAGCACATCGCTGATGCCGGCGGAGCCGTATTTCTTGTGGATGAATTTGCGGATCCGGTCATCTTCTTGAAGAAGAGACGGATAGTTCTTGCTGGAGGCATACCAGCGGGACCGGTGCTCCTGGGTGATCCCCAGGCGTAAGCCGGTTGGATGGATTTTGTGTCCCATCAGTCGGTGTACTCGGGGGTCAGGAGTCGGTCTGGGCTGCCACAGCAATGCTGATGTGGCAGGTCTGTTTTTTGATCGCGAAGGCGCGACCTTGGGCGCGGGGCCGATACCGCTTCATGGAAGGACCCATGTCCGCTGTGGCGTTCGTGATCACCAGGGAGGACGGATCCATCCCCAGGTTGTGCTCAGCATTGGCGACAGCAGACCGGAGCACTTTCGTGATCGGGCCGGTGGAGCGGTAGGGCATGAACTCGAGCATGATCAAGGCATCGCGATAGGTGCGACCTCTGATCTGATCGAGGACCCGCCGCACCTTGGACACTGAGCCGCGGATGAAGCGACCGTGGGCCTGGGCGATGGGGGCTGTCGGGGATGACGTGGTCATGGTCTCAGCGGCCTCCTTTCTTGTCTTTGATGTGGCCCTTGAAGGTGCGGGTGGGGGCGAATTCGCCCAGTTTGTGACCCACCATTTGCTCGGTCACAAAGACCGGCACGTGGCTTTTGCCGTTGTGAACGGCAATGGTGTGGCCGATCATCATCGGCAGGATGGTGGAGGCCCTTGACCAGGTCTTGATGACGGATTTGTCATCAGCGGCGTTTTGCTTTTCAACCTTGCGAAGCAGGCTGTCTGCAATAAACGGGCCTTTTTTGAGTGAACGTCCCATGGCGGATTAAGCGAACGGCAGAACGGTGAGTTGCATCAGGAATCGCGTCCGCCACGGCTCCGCTTGGAGGTCTTGCGACGCTTGCGGAGGACGAACTTGTTGCTGGGCTTGTTCCGCTTACGGGTCTTCAGACCGAGGGCGGGTTTGCCCCAAGGGGTGACAGGACCTGATCGGCCGATCGGTGCGCGACCCTCACCACCACCGTGAGGGTGATCACAAGGGTTCATCACACTGCCTCGGACCTGAGGGCGACGTCCAAGCCAGCGGCGACGGCCGGCTTTACCCAGGCTGGTGTTGCGGATCTCGGAGTTGCCGACTTCACCGAGGGTGGCGTAGCACTCGCGGCGGATGAGACGCACCTCAGTGGAGGGAAGCTTGAGAGCGACATAGTCACCCTCCTTCGCCATCACCTGGGCACTCGCACCAGCGGTACGCACCATCTGGCCACCCCGGCCGGCATAAAGCTCAACGCAATGAACGCTCGAGCCCAATGGGATCGAAGACAGAGGCAAAGCATTGCCGGTCTCAATCGGAGACTCTGGGCCGGAGACCACGGTCTGGCCAACGGTGATACCAGCAGGCGCAAGGATGTAGCG
NZ_CP138971.1_gap33	1291471	1292804	1333	GCACTCGGCTATGGCGGAGGATCGTTCCACCTGGCTCAATCGTCATCGGCCCTTTGCCGGAGTCCCCCAACGGTTGCGATCCCTCGCTTCTGAGGGTATCGACTGGGCTGTTCTCACTACCAAGGGGCGGGCCTTTACCGCCGAATTGTTGGACGCATTTGATCTCCAGCCTGCGCTGCTGTTCGGCCATGAAGCCGGTTCAAAACCTGATGTATTGCTGCGATTGATCGCTGAGCAATCGCTGTGTGGTTTTGTCGAGGATCGCCTGGCCACGCTCGAGACGGTGCTGGCGACTCCGGGGCTGAGGTCTCTTCCCTGTTTCCTTGCCGAGTGGGGCTATTTGCGTCCGTCTGATCGTCAGGCCCTGCCCCAAGGCGTTCAGCTGTTGGGACTGACGCAGTTCGCTGCCCCCTTGGCGGACTGGACTTGATTCGTTAACGTACATCTGTACTACATGGGACGATCGACTGCGTCTTGGGCACTGGATGGTCTGTTCAGTGCCTAGTGGTTCAGTTGCAGCGCTTTTTGCGCCGTCCTGGTCTGCGGCCTGTAACGCCCTTCCACCCCTTAGTTTTTTCTGCCATGCCAGTTGACGTGAAAGCCGCCCAGTCCTCCGGATCCGATGCTCGCCCCGGTGAGCGCGATAAAGCCCTGAACCTTGTGCTTGGTCAGATCGAGCGCAATTTTGGCAAGGGATCGATCATGCGCCTTGGGGATGCCTCCCGAATGCGGGTTGAAACCATCTCGACTGGTGCCCTCACTCTCGATCTCGCTCTGGGTGGCGGTTATCCCAAAGGGCGTGTGGTGGAGGTTTACGGCCCGGAGAGTTCTGGTAAGACCACGCTGACGTTGCATGCGATCGCTGAAGTGCAGCGTCGGGGTGGTGTGGCTGCCTTTGTGGATGCTGAGCACGCCCTCGATCCGGTGTATGCCGCGTCGCTAGGCGTCGACATCGAGAATCTTCTCGTCTCCCAGCCCGACACCGGTGAGATGGCGTTGGAGATCGTGGATCAGCTGGTGCGTTCGGCCGCGGTGGATATCGTCGTGGTCGACTCTGTGGCAGCTCTGACTCCCCGCGCTGAGATCGAAGGGGAAATGGGTGATTTGGCTGTGGGGAGTCAGGCTCGTTTAATGAGCCAGGCGATGCGCAAGATCACTGGCAACATTGGCAAGTCTGGTTGCACGGTGATTTTCCTCAATCAGTTGCGCCTGAAGATTGGGGTCACCTATGGCAATCCGGAGACCACGACTGGTGGTAACGCTCTCAAGTTCTATGCGTCAGTGCGGCTTGATATTCGTCGCATTCAGACCCTGAAGCGCGGTACCGAGGAAT
NZ_CP138971.1_gap34	1294090	1295004	914	GGGTTGAAGGGCCGTCAGCACCTGTTCCCCCCAGCTCCGTCCCCTCACCCGACCATCAAGGATGGCCAGGCGGCCACCGTTGCGGCGCAGAGGAGCCACGGCTGGTGCCAGTTGCAGGAGGGCTTCTGGCAGTAGAAGTTCGCGGAACCAGTCGCGTCCCTGGCGTTTCAGTGCTTCCACGCGCGCAGCGGTGAGTGGTGACTCCAAACTGGCCAGCGGGAGGAGGGCCAGAATCAGCTGCTCAGGAAGCGGCAGTTGATCCTGGTGTTGTAACCACCAGTCCCAGCGGCAGCAGATCACGCCGTTGCTTTCAGGGCTCGTGGCCTCGTGGATCACCCGACTGCCAAATTCACCCGCCAGTTCGCTGGTCAGCCGCTGGCGCATGCCGTCATCGTTGAGCAGCACCACGGTCAGTCCGGATCGACCGAGGATTAATCGACGCGCCTGATCCAGCAAGTGCTCTGAGAACACTTCGGTATTGGGCAGCGGCTGGCGACGTGGGGCAAACAGAGGCAATGGTTCCAACAGTGAGGGTTCGCGCAGATGCACGACCACATCCAGATTGAGTCCGGCGGCCGTTAATTCTTGCTGGAGTGGGTCTGCCTGGCCGCTTCCACTGAGCAGCAGCGCTGGTTGGTGCTCAATGAGCTCACGGAGCTCTTGCAAAGGTTCGAGCACCTCCAGATGCCAGCGCCACTGCAGCAGACGATGGTCCAAAGAGGCCCAACTCACCCACTGGTCTTCTCGGGCGCGGATGAGTTCCGTCCAGGGGTCGGGTAAGGGGCCCAGCAGGCCTACCAGATCCCGCAGGGCCAACAGTGCGCTGCCATCGAGGCGCACCTGAGCATCGTTGCGGGTGGCCTGCGCGAACACGCGGCGACTGATGCGTTCGTGCAGCTCAAGTAGCGCGGCAT
NZ_CP138971.1_gap35	1296820	1301728	4908	TTGCGCTTGCGTTTCTGGTGTTCTGGCTCCGATAGCTCCGCCCACTGGCGTGGATCGGTGAACACGCTGGCGATCAGGGTGGCTTGTCCGCTCGGGGCTCGCCCATCTCCGTCGCGGCTGACAGAGACGAACAGGGAACCAGGATCCTCTCCATCGCGCTGGAGATGGAGAGGACAATCGTGCGGCAGCAGGCTGCGATCCAGGGCTCCGTAAAGCACCAGTGCTCCGCTTGGGGCCTGCAGGCTCTGCAGTCGGTTTCCGTAGTGCGCGGGCAGTGCCGATCTTTGGCTGTCGCCTTGGGTGACCAGCGCGGGGAGGCACTGGGGAGGCAAGCTGCAGATCAGCTCTTGGCAGCGCCAGTGGTGACGGGTGCCATTGCGCTCTTGTCCGTGAACAATCCAGTGATTGGTCTTGGTTCGTTCCAGTCGGGTCACACGCCGCTTCAGGCTGACCTCTCCTCCGTCGCGGCGAATGGCGCTCGCGAGCAGTTCACTCAGCACCTGCATCGAGCCGTGGAGATGCCAGAGCCCCAGCGGTGCCTGAACCATTTGCAGCACGGTGGCGCCATAGAGAGCGGCCGTTCGCTCGCTGGGCTCCTGGGAGTACAGCCGCAGCTGTAAATCTAGAAAACGTCGCAGCCGCGGCTGGTCTGCGCAGCCGCAGAGACGAAGCAGGTCTGCGACGCTCATCAGACTGAATGGGCTGCTAGCCAAGGTGCCGAGTCCGATCGCCTTGAGGGTGCGTTGAAGATCCCAGCCGTTGCGCACTGGCAGCACGGGGTCATGCCCGGCAAAGGCCCAGTTCTGTTGATGCAGCCAGGAGCAGAGAGCCCAGAACCGCTCGGAGCCTGGGAATTGATGGGCACGTTCTTGATGCCAACGGTCTGGGTCATGCCAGAGGTGGATCGGCGCACTGCCATCGGCCAGATCCACAACACAGCCGGGATCGAGCTGCTCGGCAGCCGGTGGGACAAGCCCGAGGTGTCTAAAGATGCGGGCATGGCTTCCGCCCGGTTCCAAGCCTGCGACCTGGGTGGCGCCAACATCAAACGTATACGGTCCTCGCCGGAATGTGCCGGCGCATCCCCCGAGCTGGTGATGGGCCTCCAGCAGGGTCACGTTGATGTTTTCGTGGGCGAGTAATGCGGCGGCAGTCAGTCCGGCGATGCCACCGCCAATCACGATGACGTCCTGTTCAGGCTCCATCGGGCCATGCTGGCAGTGCAGGGCCTGGTGCCGTGGATGCGGGCAGAACTGGAACAGATTCTCCGTCAGAAGTCCTCTCTCATGGGCGGAGCACGCCTCGAGGATTGCCGTTCCCTCGGTGGTGGTTGCAGCCAGTCCGCCTGGCAGCTTCAGTTCTCGGACGGCAAGGTGCTCTTTGCCAAGCAGGGCACAGAGGCAATGTTGGAGGCGGAAAGGCTGGGCCTTCAGGCCTTGAATGCCGCTGCAGATCCTCGCGATTTGATGGTGCCGAAGCCCTTGGCCCTGCTTCGTGCCGAAGCCAGTCAGGCACTGTTGGTGTTGCCTTGGCTGGACCAGACGGGTGGCGATCAGGAGGCCCTTGGTCGGGGGCTGGCCAAGCTGCATCGGCATTCGATGCAGCGGGGTCCTGGCCGTTATGGCTGGTCCAGTGATGGCTATATCGGCTTGGGTCCGCAACCAGGAGGCTGGCGTGACAGCTGGGGGGAGGCATTCGTGCAGCTGCGATTGTGCCCGCAGCTCCGGCTCGCTCAAGCCTGGGGCTTGGAGCTCCCTTCCAAGCCATGGCTGGAGGTGCTCACGCAGGTGCTGGAAGAGCACAGCCCAGCCCCATCGCTTGTCCATGGAGACCTCTGGGGTGGAAATGCCGCCGTCTTGGCTGATGGCCGCGGTGCCTTGATTGATCCAGCCAGCTGGTGGGCTGATCGTGAGGTGGATCTGGCGATGACCCATCTCTTCGGTGGATTCAGCCAGGGCTTTTATTCGGCTTATGAGCAGGAATGGCCCCTGGCATTCGGGGCCTCAGACCGGATCGAGGTCTACAACCTGTATCACCTGCTCAATCACGCCAATCTTTTTGGCGGTGGTTATCGGCAGCAGTGCCGCCAATCCATCCGCCTGTTGAAACAGCGATTCGATTGAATCAGCCGAGGTATTCCTGGCGAAGCGTTTGAACACGATTCACCAAAGCGGAACGCTTGTCGCTGGTTGTGAGGTTATTCCAGCTCCATTGGCCGACGACAACGACACCCAGGAGCTCGAGAAGACCTGGCACCACTGGCAGCAAGTTGATCGTGTCTAGGATTCCTTTGATCAGAATTTGAGCAACAATCACAGCTGCCAAGATGCCGACCACCTTGCCAATTCGGCCGACTTGACTCCAATCCACTTGGTCGAGGGTTTCATTCACCTTGCCCAGCACTTCGCTGTAGCGCTCGGTGAAGTTGATCGTTTCAGTGGTGGGGTTGGAGTCGCTGTCAGGCATGGTTTCGGTTGACGTGGGGTCCTTGACCGCAGTGGTGTCCTCACTCATGAGCCCGGTGCAGCTGCAAAATGTTCGTTGAGCGTATCGGTCATTCTGTCGAAACGCCATGGCTGCTGGCATTCGATTCCGATGTCCTGATCATTCTTCGCCGCACGCTCGTCTCCGCTTTCCCTCGCGAGGGATGTGCCCTGCTGCTAGGAGACCGCAGCGATCAGGGTTGGAACGTCAGAGCGGTGTGGCCCTGCTGCAACGTCTGGCGTTCAGGTCTGGAGGGATTGCCCGAGCTGGCGGATCAGTGGCATGGCGCCCCTGAAGACCCGTCAACGCAGGCTGCACCCAGTCTCCACAACCGTTTCGCAATCGATCCGCGGGAGCAGCTTCATGCCCAGCGCTGGGGGCGCCATTGCGGATGTCAGGTGCTTGGCAGCGCACACTCCCACCCTGGCGGTGAGGCCATCCCGTCGCTCACTGATCGCCGCTGGCTTTATGAGCCTTCGTTGATGGTGATCATGGCCAAAGATCACTCCTTTCGCGCCTGGTGGCTCGAGCCCGAGGCTGGCGCTGTGGCACACACTGACTAAGGCTGTCGTTCTCGTTGTTCATCTGTGTCAGGCGATTCTGCGGATCACACCGCTGACATCAGTGCGGAAGAGAGGGCCCGTTATGCCCGTCATCTCAGCCTGCCTGAGCTTGGGATTGAAGGCCAGAGGCACCTGAAGGCTGCATCGGTGCTGTGTGTCGGCAGCGGTGGCCTTGGATCACCGTTGCTGCTCTACCTGGCGGCTGCAGGGGTTGGGCGTATCGGCATCGTTGATTTCGATGTGGTGGATCACTCCAACCTTCAGCGTCAGGTGATCCACGGCACGTCCACCGTGGGCGAGGACAAGGTTGTCTCCGCGCGTGCCCGGATCAACGATCTCAACCCTTTTTCCAGGGTGGAGACCTACAACACGAGGCTCACGTCGACCAATGCCCTTGAGCTGTTTCGCCCTTACGACCTGATTTGTGATGGCACCGATAACTTCCCGAGTCGATATCTGATCAATGACGCCTGTGTGTTGTTAGGCAAGCCATGCATCTATGGCTCTGTGCAGGGATTTGAAGGTCAGGTGAGTGTGTTCAACCTCACCGCTTCCAGTCCGGATTACCGCGATTTGGTGCCCGAACCCCCGCCGCCGGGTCTTGTGCCCTCATGTGCGCAAGGGGGTGTCCTCGGGGTGATGCCGGGATTGATCGGTTTACTGCAGGCCACCGAGGCGATCAAGGTGATCACCGGCATCGGTCAACCTCTGGACGGGAGGCTTCTCGTGGTGGATGGGTTGGCCATGCGGTTCCGTGAATTCCGTTTGAAGCCCATTCCTGAGAGGCCGGTGATCGATCGGCTGATTGACTACGAAGCGTTCTGCGGCGCCAGTGGCGTCGGATCGGTTCTGGAGGACATGGAAGGCATGGATAGCGTGAGCGTTCAGGAGCTCAAGCAACGACTTGATGCAGGCGAGGCTTTGGTGTTGGTGGATGTGCGTAATCCGCCGGAGGCGGAGGTGGCCGTGATCCCCGGTGCGGAACTGATCCCTCTGGCAACGATCGAAAGCGGCGAAGCCGTGGAACGAATTCGTGCTCTTTCCGCCGATAAGCCGCTCTTCGTGCACTGCAAAATGGGTGGGCGCTCTGCCAAGGCGGTCCAGGCTTTGGCTGGCCATGGCATCGGAGCCATCAACGTTGAAGGCGGGATCGATGCCTGGTCGCAGCAGATTGATCCTGGCGTTCCTCGTTATTGAAGCTTGCTGTCAGATCTGGGATGGATCGTGATGCTCATGCTCAGTAGTCGACTCCTCGCTTGAGGTCGACTCCCTGTTCGGCGTAGTGCTTATGGCACACCATCTCGGAGTGCACGCTGGCCAGATCGAAGTAGGCCGGGGAATTCTTGCATCGTCCCGTGATGATCACCTCGGTTTCTGCTGGTTTGCGTAGCAGGGTCTGCATGATTGGCTCGACTGGGAGGAGTTCGAGATCAACACTGGGGTTGAGTTCATCGAGGATCACGGTTTTGTAGAGCCCACTGGAGATGGCTGCTCGGGCAATTTCCCAGGCTCGTTCTGCTTCCACGTAGTCGATCGGTTCTTGTTGACCGCGCCAGACAATCGCGTCCCGTCCGGAGCGGAGATGGTCTACCAGGTGGGGGTAGCTCTCCCGAAGCGCGGCGATGGCTGCGTCTTCGGTGTAACCACTGCCTCCCTTGAGCCATTGCAGGATCAGAACCCGGTGGCTCTTGTCTTGACTGATGCCACGACCGATGGCCTGGAGTGCTTTGCCGAGGGCGCTGGTGGATTTGCCCTTGCCTTCTCCGGTGTAAATCTCGATCGCCCCCTGGGCATCGAATTGCTCGTTGCTTGCATCAGGGTCAGGGCGGCGATGGGCGCGCATCTCTGAATGCAGATCCGC
NZ_CP138971.1_gap36	1427973	1431496	3523	GCGAACATCGCTAACAGGGCCAGTAGCCACAGCACCGGACTCAGGCCGACGCTGCTCACCAGCGTTCCTGCCAGCACTAGGGGCAGGCTCAGGGCAATGTTGATCAGGTTGTTCTGAAGGCCAAACACGCGGCCGCGCTGGGTCTCTGGGGTCTCCTCCTGGATGGTGGTTTGAGCCGGAATGGCGACCAGGGCTGCTCCGACTCCGAGGACTCCGCAGAGGGTGAGAGTGCTGCTCAAAGAGCCCTTGAACTGGCTGAGCAGCACCAATGAGAACGTGATGGTTCCGAGGCCAGCTGCAGTGAGGCGGCGGCGGTTGAAGTGGTGGCCAAGCTGGGCGATCACCACGGCGCCAACGGCCATGCCCAGGCCGCTCATGGCCAGCAGGGTGCCGAAACCGGAGGGGCCGAGGCTCTGAATCAGCCCTGCCAGCTGGAGCGCCAGCACATAGAGGGCGGCCAGCAGGCTGTAAAGAAGCACGAGGTGCACCATGGCGTTGCGCACGGTGGGGATGCGTTTGAGCACCTGTAGGCCCTCCCCAATCTCATGCCAAACGGAACGACCATCGCTGCGGATCGCCTGCTCCCGGTGCCGGATGGCCAGCAGACTGAGGGCAGCCATGCCGTAGCAGAAGGGCAACAGGATGAATTCACCGCCATGGATGCCAATCGTGCTGAACACATGGTTGAGGCCGCGCAGGATCGGCTCACCGAGGGCGAAGCCCACAATCGTGGCGCCCATGCTGGTGGTCTGATACAGGGAGTTGGCCGCTAGAAGATGCTCGCTGGGTACGAGCAGAGTGATAGCGGCCTGTTCTGCCGGGGCGAAGAACTGGGTGAGGATCGACTCCACGAAGGTCATCAACACCAATCCCCAGTAGCCCCAAGGCAGCCCCAGGATCACCGGACCAGGGATCAGAAAAAGAGGTGTGAACAGCACCATCAGGGCGCGCAGACCGTTGGAGGCCACCATCACCCGCCGTTTTGGCCAGCGGTCCACCCAAACCCCTGCCACGCTGCCGAGCACCATCGCAGGGAGCGTGTTGGCCACGAAGATGCCGGTGGCCAAGAGCGTGATCACCTGCGTGCGCGTACTGATGTCGAATCCGACCTCCGACGCCACATCGGCCAGGACACCGTTCTGCTGGGATGTCAGCAGTAGGTGCTGATCGATCAGAAAGACCATCAGCACGATGTAGAACTTGTCAGCCAGCTGCGAGAAGATCTGGCCGATCCAGAGCTTGCGGAAGTCGTTCAGGCGCAGGACTGCTTGAAGTCCGCGCCCTCCTTCGGGGTTGCCGCCAGTGGGGAGGGCTGGCTCCGGGCTGTTGATGGAGGGACCGCTCAAAATGCCAGAGAAGACCGGCTCATGATCGCCCAGCGCCGTCACGGCCGGAGACAATCACTGACTCCCGCAGCATGGCAAGGGATCGCACCGGCCTGGGCAGATGGCAGCGGATCCAGCACTCCACAACGGCCAGGAGGCGCAACCACACGTCTTCAGGGCCCATCAGGCCGCCATCACGGCGGCGTGGCAGTTCTGCACGGGGCAGGCGCTGGAGCAGGGCCAGCTCCGAGGGATTGAGCTGCACGGCCGCACCAGGTTGGCGACCGATGGCCAGGCCCTCATCGACGATCAGGCTGCAGCGCCAGTCCCATTGACCGATGGGTGGGATCAGGGCGTCACCGCTGCGGCAGCAGTTCTGCAGCGGTAGGCCGTAGCCACCAAGGGCGAGAAGATGAACACAGGCTTGAACGCTGCTGGCAAGGGCTGTGCAGTCGCTCTGCTGATCACGGCTGATCGTTTCCAGTCGCTCCAGGTGGATCACCACGGTGTCAAGGAGGCCTGCTAAGGGGTCGTCGTCTTGCACCAGGGCCATGCAAAGTTCGGCCAGGGCTTGAGCCCCTGCCAAGGTTTCCAGCCGTTGCCCGACGGCGCCGAAGTTGTGCTGCACCCTGAGCTGACGCACCCGAGGCAAACCGCGACGGCCCACCACCTGCACCTCCATCTGGGTGAGGGGCACGGCGGCGGCCAGGCTGCTGCGTGGTCTGCGGGCACCGGGCACTGCCAGACGGATGACCCCCGCTTCTGCGCTGAGCAGGGTCAGCAGCCGGTCATGCTCCCCCAGGGGGCCCACCTTTAACGCCAGCCCTACTAGCCGGCGATCAGCCATCGATGCGTCCGTTGCCGCTGGCGATGGGGGTACGCAGAGCCTGCATCAACTGCGGTCCGCTGCTTGTGCCCAGAGCAGTGGCGCCCGCTTCGATCAGTTGCTGACACTGCTCCAGGGTGTGCACGCCGCCGGCCGCCTTGATGCCACATCGTCCGCGGGTGAGACTTCGCAGCTGCTGGACATGGCTGGCTGTGGTGGCGGCTCCGAAGCCATTACTCGTCTGTACGGCTTCAGCGCCTGCATCAATGGCGGCCTCAACCGCCAGCTTCAGCTGCGCGTCTTCCAGCCTCGCCATGTCGAGGATCACGGTGACCGGTAACCCAACGTTGATCAGGATGGCGAGCTCCTCAGCAAAGGCATTGGGGCGGTCTTCAGCCAGTGCTGTCAGGTCAGGCACAACGTCGAGTGCTTCAGCGCCGTGCTCAGCGGCCCACTCCGCTTGCGCTTGTTTCAGGGTTGTGGGGATGGCACCGAAGGGGAAGGCGATCACTGCGATCAGGCCCGTGGGCCCCGGAGCGCCGAGACGCTCCCTCACGGCCGTTAGCTGGCTGAGGTTGGTGCATAACTTTCCAAGCCCGAGCTGGCGGGCTGCATCGCAGCCCTCGTTCAGACGATCACGGCTGAGGAGGGGATCCAGCAGGGCCTGATGGATCAAGGGGGCGAGATCCGGCAGCTCCTGCTGCCGGGGCAACCGGTTCATGGGCTTGGGTGGGAAGCGTCAGTCTCGCGCCTGGATGACGCCATAGCCCCCATGATTGCGGCGATAAATCACCTGCAACTCCTTGGTCTCTGCGTCGCGAAACAGATAGAAGTCGTGGTCGATCAGATCGAGCTGATGGCGCGCTTCCTCAACGCGCATCAGGGGCATCGGGAAATACTTGCGACGCACACCAGGATCAGGGAGGTGGGCCTCTTTCCCATCGAGCAGTGAGCCATCCACAGATGATTCGTCGATCACCGCTTCGGTGGTCGGGGTGGTGCTGGCTCGATGGCCATGGCTGTGGTGGTGGTCACTGTGGCGTTCCTTGTAACGACGCAGCTGACGGCTCAGTTTGTTGGCCACCAGGTCGATGCTGGCGTAAAGGTTTTCGCTGCGTTCCTGGGCACGAATCACCGTGCCGTTGGCAAACACCGTCACCTCAGCTGTCTGTTGGGGAACGCGGGGGTTGCGGGCGACTGACAGGTGCACATCCGCTTCCATCACCATGTCGTTGTAGTGCTGAACGGCCCGCTCAAGCTTCGATTCGGTGTAGTCGCGCAGAGCCGAGGTCACTTCCAGGTTGCGACCATGGATCAGAAGCTTCATGGCATCTCTCCGGTGCCGGTTGATATCTGCACGCTAGAGACGTCA
NZ_CP138971.1_gap37	1447601	1452140	4539	CACCCACAGAGGCCCATCGGATCTGGATTGGGGTGGGCTGTTTCGAGATCAGGGCCGCCAGCCAGTGGCAGCTGCCGATGGTGAACACACAGAGTGCGACGAGGATCCAGAGCATGGCTGGTGTGATGCGTAGGACTCAGTCTGATGGGACTGTCCGGTCTGTTCGATCCGCTTCAGGCGTTGATGATTGCGTGGTTTTGGTGATGCACTGATCGAGGGCCTGAACCAGGTTTGTCAGCTCGCTGGCCTGGGTACAGACGTGGGTGCAGGCCCGTAGACAGGAGGGATCGGCCAGATCGCGGATCCAGATCCCCTCATTCCCAAGGCGTTTCACGAGTTCGGCCGGTGTGCTCGTCGCTGACTCACCGTTCAGGCTGAAGCTCACCAGTCCTGCTGGTGGGGGCCCCTCGAGCAACGGGGTCACTGTGGGCATGGCCATGAGCTCTTGCCAAAGCTGCCCGCTCAGCGCCTGGATCCGCTCCAGGCGTTGCTGAGCGCTTCCCTCTCGTTCCAGGACTTCAAGTGATGTCCGCAGTCCTGCCAGCAGAGGGACGCAGCTGGTGGCCACTTCAAAGCGGCGGCTGTCGTGGTGGAAGGGGTCCGGATCACCCAGAACGGCTCTGCTTTCATCTTGCAAGCTGCGCCAACCGATCAGAGTGGGGCTGGCTTCGCCTAGCACCCGTTCGGACAGGGCGACGCCGCCCAGCCCTTCCGGGCCGCAGGCCCATTTATGGCCTGTAAAGGCATAGATGTCGGCCGCCTTAGCAGCAGCCTTGACGGGAATCTGCCCCATCGACTGGGCGGCATCCACTAAGAGGTACGGAGGCCGTGATTGGTTTTGCAGTTGTGCTGCCACCGCTTCGATCGGCATCAGCTGGCCTGTGTTCCAGAGCAGATGGGAGAGCACCACGAGGCGGGTGTTCGGGTGCATGCTCTGTTCCAGAGCCTTCAGCACAGCCGTTTCGGTTTCGGACTGGTGATCTCGGCCCCCACGGATCTGTTTTGCCGGCAAGGTGTCGATCTGCAGCTGTTGGCGCCGGGCCAGCTCATGGCAGGCCGCCACCACGCCCGGATGTTCGCAGTCGCTGATGAGCAGACGATCGCCTGGATCGAAGGGCAGCCCCCAAAGCGGAAGAACACAACCAGTGGTGACGTTTTCACTGAGGGCAAGACGATGGGGTGCAACCCCGCAAAGCTGAGCCAGCAATGCGCGGGTGCTATTCACCTCGCGGCTAATAAAAGGCCACACCTCTGTGGTGAAAGGGCCAAGCTGCTGGATCCGCTGCCAGCTGAGGCTGATGGCCTCTAACGCGGGTGTGGGAAGCGGCCCTTGTCCGCCGTAGTTGAAGTAGGTCTTATTGGAGAGTGCTGGGCAGAGATCTCTCAGCATTGCTTGAGGATTGTTGGTCAAGATCTTGGCCTAGGTGGTTTGCCGACACCTCCCCCCAGAGATGTCTAAGGCCGCTTCAGGAGACATCAGCACCTGTCCCTGTCTTCATAGCGATGCCAGGCATTGGCAGCTTGTTAGCGGCTCTATCGATGTGATTGAACAAACACCACAAAACCCCGCTTGTGGCGGGGCTTTGTGGTGTTGTGCCGGGGGATGGATCAGTCCTCACCTCCACTGACTGCCCTGCTTTTCCAATCCTTGGTGTTGTATTGCTTTCAGCCCGCAGGCATCAGGCTCCCCGGCGGTCTGATCAGTAGCCGTAGCGGGGCTGCTGCACGTAACCGGAGTGCTGCTGGTAGCTGCTCTGCTGCTGATAGCCATAAGCAGGCTGGTGATACACAGGAGCCTGAGGCGCAGGGGCGTAGTTCACCGTCTGGTAGCCGTAGCCAGGCTGTTGCCGCATCTGCAGTTGCATCTTGAGCAGCTCGATCTCTTGCTGCTGCCTGAGCAGAGCCAGTTCAGAGGACGAGACAGAAGCAGCTTGTTGACGCTGCTGGCTGCCGTTGATGATTTGGCCCAGCAGGCCACCACCAAGACCAATCAGTTGGGTTTGGGTGTCGTGCTGGCGATTGCGGCGTGCTTCCCGTGAGGCCCAGTCGCGGTGATCGCCGCAGTCACGGCCAGCGATGAATCCACCACCATTAGGGCCACGACCACCAAGGGCGACTGAATCACAGCCGCCAGCACGGCCAAAGGTGTTGTAGGGATTGGCTTGTGCTGCAGGGCCTGCAACGCTCATCAAGGTGGCACCAGCGGCGAGGGAGGCAGCAGCGGCGGCGATGGTTTTGATCATGGTCATTGCTCTGATGGGGGTGATGCGTGAGGTGGGATCGCTCCCTCCGATGCATTCACCATCTCCGGAATCACCAGCTGACCTGCTGATCTGACTCAAGCAGTGCTGTGAGCTTGCTCACAACAGCGCAAACACCAGTCAGTGGCTGGGCTGAGAGCGCTTGATGCGCTGCCTCAGGCTCAGATCAGTTCTTGAACTTCCGGCGACAGTTGACCCTGCAACAACCCTGTCAACGCAGCTGGGTGCCCTGAGGTGGCTCATCACCTTCTTCTTGATTGAGCTGTTGCAGGCGCTCGAAAAGCTCTGCATCTCCAACAATGACGCGCCGGCTGCCGTCCTCGGCCATGTAGGTGAGCCGTCCGTCTTGATCCAGCCTCAAAGCGGTCATTGGCGTGACTGGTTGCTGTTCAGCCATCACTCAGCTCTTGGCAAAAGACGTCAGCACGAACGTCAGGTCATCGACCCACTCAAGCGCGCATCCATGGTGATGTGCTGCATGCAGCAACCGCTATTTACAAGCAGTACTGGCTGCGCACAAGACGCCGTTCCGCTGCCTCGGTGGCACGTTGAGCAAGAGAACGGTTGCTCACGACCAACAACCAGGGCTAGACCCAGTCCAACCGCTTCTGGTGCTATGCCTTTCGGAAACCAAAGAGCAGAACAAGCCAAGCCGCAGATAGCCCCGAAGCAACCGAAGCTTTTGAACCGTCCCGTCTATCCAGGCCCATCCCATCACGCCCATAAAGGATGACGAGGCCGAACCACTCGGTCGTACAAGCCGTACGTATTAATACTTACGCGACCTGTTAGAACAAAGTCACGTCATGAGACGGAGCCCTGGGTCGAACACCAGGGCTTTTTCTTGAGTTGTCGAAGACGCTCGCGGTCTGCCAATGCAACCCATCTGCGTGGGCAAGAGGCGCTATGGACTCCGCCTGACCCATTGCAAAGGGGAAAGGGGCCACCACAAGGGGATGGAACTGGGTGGCCCCTCGCGTCATGGCTCTGTTCGTTCCGTCCATGCTGAATCCATCGATCTTTCTGGATGGACGCTGAAGTCTTCGTCGAGTCTTCATTCCCCAGCGGTGTAGGCATGGCCCAACCGGGAGGGGACTGCAAAGGGCTCATCCCCTCGTTTTGCCAAGCGATTGTTTGATTTGGGTTGTTGTGGCTGTTGATGCTCTGATCAACCTGGATTGTGTCTGATCAACATCGAGGTTCGCGATCACAGACGCTGAAAAAATCATTGCAATGGAGTTTGGCTTTGCCTTTGCCTTTGACGTTGCATTGACTGGGCCTGAGCCTAATGAGGCTCTGCTATGAGCATGTGTTACGCCAAGTGGTCTCTGCCTTTCTCCTTGATCAAGATGGGTTTTTGCTTGAGTGATGAAGCTTGAGGGTTGGGCGATTACTGCTTGGATTGCTGGTCTGATCCTTCTGGCCTTATTAATTCTGTTTGGCTTGTCTGGCTGGAGCCCGACAACCATCACGAGCGGGATTGATGCCACGGGCCGTTGCTCTTTGCTGCTCTTTTCTGTTGCCTTCACCGCGTCTAGTCTTCACCGCCTTTGGAGGGTACCTCTTACAACTTGGACATTGCTGAATAGGCGTTGGATTGGTTTGGGTTTTGCTTCGTCTCATTTCATTCACCTCGCCTTGATTCTCTCGATGTCCTTGGCCTTCCCTGAACCTTTCTTGAGTCGGCAGTCCATGGGGCAGTGGGTATTTGGAGGAATTGGTTATGGTTTTGTTTTTCTAATGGCAGTGACCTCAAGTGATCGGGCCCAGCATTGGATGGGAATGAAAAGTTGGAAAAGGCTTCATTTAACTGGTAGTTATTGGCTTTGGACGGTTTTTCTGTTCACGTATATCAAGCATGTGAAGCAAGGTCCGGATTGGCTTTATCTGCCATTGCTTGTCTTTACAATCGCGCTGCTCCCAATCCGTCTGGCAAAGCAGCTCCCCCCTAGGCCATCCCTAGGCACGGCCGCCTAAGAGCATGGCGGTCTTTGACCGTTGCAGCTCAAGGGTGTCAGTGTTGAATTTGATGCCCTGATCGTCTCTTGCGGGCCTGGCCTGGATAGCGGCATCCTTTGTGAAACGAATGGATGCATTGCATGTCTGTCACCAGCGTGATCAAAGTCAAAATCAACGTACCTTTCTCGCAGTGGGCGAAAGATTTTGACAGCGAGCTGGCGGCCGAGCGTCATTTTGAATTCGGAATCAAGCCTTTGTTTCGTGGTGTCAGTACAACAGATCCCTCGGAAATCATGATCATCCACCAGCACCCAGAGGG
NZ_CP138971.1_gap38	1471860	1472946	1086	CTGAGATTGCGTGTGTTGAATGTGAGGATCTACCAACGCTCAAAGGTGTCGAGGCTTGTACCCCGAATGGCGCGGGTGACCATGCGCCCATAACCGGGGTACTGGAATCGGCTGTTCCATCCCCAAGCTTCATTGGCCTGCTGAACGATGGATTGGTTAGCACCATTGCTATTGAGAGTGAAGCTTGAGGGCAACCCCTGTTGATTCACCACGCAGATACTGCTGGCCCAGGCCACTCCATTGAGGGTCGCGCCATTGGGACGAACTGTCCCTGTTGGCAGATACAGCAATGCATGGGGAAGCGTTTCACCGGTGAAGCTCACGGACCGCACGCTGCTATTGCATGCGTCGGTTGGAGTGGCTCCGGAAGTGGCCATAATCACAAGCTGTTCAGCTCTGCCATTGCAGCCTGCGTTGGGACCATCCACGCTGCATAGTGTTGCCGTGCCTGATAACTGAATTGCCCTGGAGATGCGGCCGTCACTGGGGTACGCCTCAGGTTGTTCAATGTGGAGGACTACCGAACGGCTGCTGGAGGTTTGGATCTGCAACTTGGTCTGGTTGAGCTTGATGTGATCGAGATAGACATGGCAATCAAATTTGTCGGAGCCGGCGCAGAGCACATCAGGCTTGAGAATGATGGTTGAGCCACTTTGATGAATGCTGATGCCTTCTTCGGCGAGGGTTCGAAAGTCTGATGATGCTGTTTTATCGGCATCCCTCACGCAGATTGTTTCACCGCAGGGAAGCGCCGGGTAGAGGATGAGATTGCCTTCGGCATCCACGTCATTGCCGGCGATGTTATCTCTGTCACCAGGAGCAGCTGGGCTGTCATCAAAGCTCCACATGCGGATGGTATTGCCGCTGCTTGCCCTAGTGGTGTCTTTGACGGGCTCTTTCTCAAAGAGAGTGATCGGAGGCATACCACCGACTCCCCGCTTTGTTTCGTCGATATTACGAGGCCAAATCTGATTGCGGAGGTTTTTTCCAGCAAGTGAGTGATTGTCTGATCCCACATCATTCAGCAGTGCAGAGCTGCTGCACCGATTAGCGTATTGCAGGGCTGAGTACTGGTCTGGATTCGTG
NZ_CP138971.1_gap39	1629054	1633274	4220	GCCCCTCGTTGCAGTTTTGGGCTCTCGCTACGATCCCTCCATCAGTCACCAATGATCTCTCAGTGCTTCCAGAGGATTTCGACTACACAGCCTCCATCTCATTTCTAGATGTCCGAGAATCTCTGCCCTCGATCGACCCGGAAAATCTTTCGCCGCAGAATGTGTTGGACATCCTGCTGCATCTTTTCAAGCAGAAACCTGGATTTGTAGACCGTGGCCATGAAACTAACAACAAGGAAACGGCATGGGTGAATGCATTCCTGTTCCGGCTCAACCCTGGCATCGATGCTGATGGTATGGAGGCCTTTGTTGTGGAGGTGATTGGCTCCAGTGTCGACAAGATGGCCAACCTGCATTGATGCTCCTCCTTCAATGACGCAGGGTCCTGGACTGATTCAGTGTTTTCGGTGACGAGGGCTGGAGGGCGCATCCCTCCGATGGGCACACCATCTCTTCATTCGCCGCTATTGCAGACGTGCTCAAGGTCTGCTGTGACCCTTTTTACCGCTGCTTCGGCCCAAGCTGGGCTCCCAATGTCCAGCTCGTTCTGGGGCGCTTCATCGCCAGTCTTGGCCATACCCCTAGCTCTGGCAACGGGCAGAAGAGCGTCGGCTGCATAGGGTGATGCAATGGACAGCACCGCTACGGACAGCCATCAGGAGATCCAGAGCCCTTACCCGCTCATTACAGAGATCCCAGGTGCGACGGATTGGTTTCAGCGCTTCACCGGAAACTTCATCACCCTTGAAGGAACGGTGGTTTCGCGGCAAGCCTTTGATAAAGATGGGCAGACCATGCATAGGCTTCAGATTGGAGGGCCTCGTGTGACGCAAGCCTTTCAACTGGAAGGGGGGCTGCCTCTGCCTAAAAAGGTTGCTTCATTTCCACGCAGTCTCTATTTCGCGACAACAAGTCGCCCTCCGCTGGGTGCAACCACACGCCTTGAAATCTTCCCACATATGGGACGGAATGGGGTTTTCAAGATTGCTCATGACTCAGCGACTATCAGTCGAAATACAGCGACCAGGATCTGCTTCCAATTGATGATGGCTGAGATTGAATCTTCTGGCTGGGATCTTGGCGAATCTAAGACCGCTGTTAATAAACATTGGAAACTGGTGAAGCATGTTCTGCGGCTACCGTTCCTGTACAAGGGACAGTTCAAAATGACGCGTCTTCCAGATAAGCAGGCTTATGACGGAGTCAAGAAAAAGAACCATGCCCTGCATATGCAGATCAAAAAAGGTCTGCGCTCCTACTCTGAGGACGAATTCAAAGAGAGATTATTTCACTGGTATGACCAGTTGGCTGTCAATGACAAGTTTGCTGATGACTTGGCTGCTGATCCCAATTATTTACAGGCGATCAGAGAACATGGGCCTCATAAGGTCACTGAATTGCCTCGGAAGTCATACCAGCTCGATCCGAAGTCTTGACCCGCTATGCCATTGCTAAAACATCACCTTGTCGGTGATGACTGCGCTCGATCTCTGAAAATGATGCTGCGGCAAAAAAATGTTGCAGCAATCCTGTTTTGCTCAGGCATCAGTTGATCCAGGGCTCGATCTCGCGCAGGGGAGTCGCCAATATCGTCGTCACGATGGGGTTAGCCGGCTTGTCTTGAATATTTTCAAGGGGTTTGTTGCTGAGCTCCATCCATGCGTGTACGCGGATGTTTATACCTTTGGATAGGGAAATTTAGATGGGTAACGGTCGTTTGAGTTGGGTGTTCTCGTCGCGATAGACCATCCCATGCCCAATCAGATCAACATGGCTTTTGTGAGTCGAATCTGCTGCACGTCCAAGGGATCCACGATCGATGCTCTAGGTCTCGGCAAATATCGAGTGTGCGACAAGAGTCATAGCTGCAGCTTTCAGACGGGGCTGTGGGCTGCGTATGAGGCGTTGAGGGAGCTGGATCAAGGTCGGATTCAGTAGCTGATCGAGCTGCATCGCTACATCTCGACTCGTTGCTCACTCGCCTTTGAGCTTCCTGAACTGCTCATTGATGTGAGCGCGTGCTTCTTCCTCGCTCAGGTTGAGGTTTTCGGCTGCCCTGCGGATCATTTCCTCTAGAGCCTGCTTTTTCTTGTCTCTTGTCACAGCGTCTACCTGGGTCGAGGCCTTTACGACTGGTCTAACGAGCCGCAATGGCTGATCGCGAATTCCGGCTCAGGCTGCTCGTCTGCTGGGCTGCCCTTGGCTTGATCTGCTCGGCTGGATGGGCGGACAACTGAGCAGGGTGAGCCGATGAGCGCATTTGATCCGCGCCGGGCCGCAACGATCTGTTACAAAGGTTCAAGTTTCTTTGTTTCTGATGAGCGATTCGAATTTCGGCTTTTCTGCCTTTGCTGAGCAGTGGAACGGGCGTCTCGCCATGATGGGATTCATCATTGGTCTCGGTACCGAGCTTCTGACGGGGCAAGGAATTCTCTCCCAGGTTGGTCTTGGATGAAACGCCTTGCTGAGCCTGATGTCTGGGCGCCGGCTAGCAGGGCGGAACATGCTCAGCTTTTTTGCTTTGCCATGTTCATTGCCGCTCTTGGTGTAGGTGGCAACATCGCCATTCACCATCTATGGATGTCGTTGCTTGATGCGGCCGAGTTCCTCTAGGCAGGGATTCGGCTTTTTTTTCAGAACCGAAGCTGGTCATCGACTCAATCCGACCGGCCGAGATCGTCCAGCGCAACGGTCAAGTTGAATCCTCAGTTTTGAGACTGAACGTCCGAAACGGGATCACAGGCCCAGTGGCCTTCGCTCAGGCTGGAAGGGGTTTCCACTTGAGGATTGATTCACCAGGACTTCACCAGTTGTGTGACCTTGTTTTCACCACATCGGTGGAGAGGGTGAAGCCATCGGAGGGATGACCTCCTTTTCATCCAATCCATCAGAGCCATGACTATCAAATCAATCGCAGCCATGACAGCCGTCGGTCTGATCCTTGGCACCGGGTCGACGGCCTTGCTGTCCCCTCCAGCTGAAGCAGCTTCCAAGGCTGAATACAGGCAACAGCTGCGCCGTCAGCAGCGCCAAATCCGGCAGCTGGAACGTCATAACAGGTCTTTGCGTCGCCATGGTGATGTCCCTCGCTACCGCTATGAACGACGCTATGCCTCTCCCGGTGCTGGCTTCCGTCTCTTTGTTGAAGGAGGCGGACCTGGTCTTTACCTGAACTTTTGAGGTTCAATTAACAGACACTCGTGAACACGCTGTTCATCACGGCCAGCGTGTTCACGAGTTCTTTGCTGCGGTGCGTTGATCAGGCTGCTCGCTTGTCGTCTCCGAACCAGATGCCGCGACGGCTATCTGGCAATCGAATGACTGAACGCTCATACCTCGAACGGCAGCTTTGATTACGCAGATGCTCTTCGGCGTCCTGAAATAGGCGCTCAAGCTTCTGATCCAACATTCGGTTTAACCCTGTGGGCGGTTCCATTCAGGAGCCGCCGACGGATCTGTCAAGTCCCAACGCTGCTGCCCCTTTGGTCAGTCTCCGCTTTTTGATTCCCTTGTGTTCACCACATAGGCTTGATTTGGCTCAAGCCCAGCTGCGCAGTTCCATCCCCAACGTCATGGCATCTGCATGGCGCAGGCTTGCCTGTGGTCGATCAAGACGCGCACGTGAGCTCCCAGCTCAGAAGTGATTCATGCCTGCTGAGAGGTGCATGGCTTGCGCTTCATCCCAGTCTCTCCATCGCGCCAGTCTGCACTTGGATGTCTGCGCTCAGTGCTTTGCGATAGGTGATTCAATCATTCTGCAATCCACCGGTGAGCATGTGTTGGAGTAAAGGCTGGTTCGATACACGCCCACCCCAGCCAATGATGTCATTGGTCAATTGCCAAGGGGGAGTCGGCCAGGATTGTGTGTTGTGAGGGCAGATCCTCCCGGCTATAAATGGATTGGTTGTTCCAGATTGGTAAATCAATATGTCACAGGAGTGAATTCTTATAAGGTCAGGTTTGTGCGAGCTGTTGCGAATCAGATTCAGTACCGGGGATGGTCTGGAGCTTGCCTGGTGAAATATCTTGATTGACCAATGGGCTTGTGCCCTGGCTGATATCGGTGCCTGTGCTCTGGTTTGTCTGGCTTGGGAGCGATGAGATCCGACTCGTGCATCCTGTAGAGGCTTGGCCAGGGCTTTGCTTGGTTTGTAGGCTTCAAAACTGATGGGACCGATTAAAAACCTAAGCCTGTAAACAGTTCTTGATGAACAACGTAG
NZ_CP138971.1_gap40	1640004	1641117	1113	GATGGGGCAGGTCAGGCGGGTTGGCTTTGGGCGATTGTGCTCATTTTTTTATCCCTGCAGGATGGATGGGCGTTGCAGCCGTTCGTGGCTGATTGGCGGCAGGTCTTGTTTCGGTGGCTGGCCATCGAGCAGCACGGCGGTGCCGCTCATGGAGATCATCATCCCGCCATCTCCGCACACCTCGTAGTCGAGGTCCACGCCGATGACGGCATTGGCGTTCATGCTCATGGCGTGTTTGACCATCGCGTCTGTGGCGGCCAGACGTGCTTTTGCCAGGGCCTCCTCATAGGCCTTGGAACGCCCACCCACGATGTCTGGCATGCTTGCGCGCATGTCGCGGAACAGATTGGCGCCAATGATCGCCTCTCCGGTGACCAGACCGCGGTCGTGAATCACTCTCTGGCCTTCCACCGTTGGAGTGGTGGTGATCAGCATCAGGGGGCAGCGGCGGCGAAGCAAGCCACCTCACGGCTAGCGCTCTTAAGCCGGACTGACAGCGACGTCCGGTTCGAGTCGAATTGAGCCGGTTTCGATCAAGCGCAGCAGGCTCTGGCGCAGTTTTTGTTCCTGCTGATCCAGGTCTTGACTGAGCAACAGAGACTTGTACTCCTTGTTGGAAATTCGATTGTGCAGCCTGGCAGCAAGGTAGAGATCCACCATTCGTCCTGCTGGGTCTGGTGAGAGGAATTCAACCCTATGCGCTGCTGTTTCCAGCCGTGGGTTTCTTTTGATCTTGGCGATGGTGTTTGTGCTTTTGAGGCCAAGTTTTGAGCTGTTCGGTGGGCAGCAGGCCTGGGTCATCGGGGGTGGCTCGTAGGATGCGCGGCGCTGTCCAACGCCCCCCATGGCCAATCTCGACCAGGCTCCGAGCCGCAGCATGCCGAATCTTTTGCATGTGTTGCCGGCATTCGCTGATGAGGCGGAGCTGCGCCTGAACACGATCGTGGAGCTCAACTCCAACACGATCAATAAATACGAGCTGATCACCGAAACCGGTCACCTCAAGCTGGACCGCGTTGGCTATTCCTCCCTGGCTTACCCCTTCGCCTACGGATGCATTCCTCGCACCTGGGATGAGGACGGTGATCCTCTCGACATCGAGATCGTGGGCGT
NZ_CP138971.1_gap41	1663335	1667219	3884	ATCCTCGCAATCTCAATCCACCTTTTAATCCACGCAAGCTCAATTCCGAGTACCGCAGCGATCAGAAGGATCCCCTCCTTTTCCATCCCAACGAGGTGGCGCGTTTCGCCAAGGATGTGCTTCGGATTAAGGAAGTGACCGTTGAGGTGCTTAATTCGCCATCCACGGCCACACAGCAGTGCCTTTCGGCGATTCTCGAGGAGCTGCGCATGATCCGCTCCCACTTGGATTCACTGCCCACGGCCCCTGCTGATCCTGCTGATCTTGCAGCCCGTCGGGACCGCCAGGAACGACCGGCTGCCTGATCAGGCTGTCTTCAGCCGAAATCGATGGCATGATTGTGAGGCCACACGCTGCTAAGGCTGTGCGTGGTGCTTGCTCCACCCTCTTCCTTCGGAACGGTCGAGTGGGTTGTCCCCCATCACCCTTGCATGGACCCTGAGCCTGCCAACGGTTCTCAATCAGAGCCCTCACCGCCTGAACCTCCTGGCCTAGAAGGCATTGATCTCTCAGGACCATCTCTTCTCCTGATCGGCTTCACTTTGGCCTTGGCCACCATTGGTTTTCCGGTGGCCGCAGTGCTCACAGATCGTCCATCTGTCTCCGTTCACGACCCCATTGCGCAGGATCGGGATGGATCTTCGCTCCCTTCTTCCCTCGCCGTCACCCGGTCTCGTCAACCTGGTGGTTGAGATACCAGCGGGAAGTCGCAACAAATACGAATACTTCGAAGAGGCTGGGGTCATGGCCCTCGACCGAGTGCTTCATTCCTCGGTCAGATACCCCTTTGATTACGGCTTCATCCCCAACACGCTTGCTGAGGATGGATCTCCCTTAGACGCGATGGTGATCATGGAGGAACCCACCTTTGCCGGTTGTCTGATTGTGGCGCGGCCGATCGGGGTTCTTGATATGCATGACACTGGTCATTACGACGGCAAGATTCTGTGCGTCCCTGTGGCCGATCCCCGTCAGAAAGGGATCGAGAGCATTCGCCAGATCGCTGAACATCAGCTTGAGGACGTGGCTGAATTCTTTCGTGTCTACAAGAACCTTGAAGGGCGCGTGACGTCGATCGGTGGCTGGAGGGATGTCGATGCCGTTCTTCCCCTGCTCCAGGACTGCATCACGGCGGCCCAGGCTTGAGCCTTACCTCGGTGACGTTCCGGGCAAATTCGTTGCAGATTCGTTGGATGGTGCCCGCAAGCTTGTAGGTTGGTGCGCGCCCAGCATGTGAACGACCCGTGCCCACCATCCGTTTTGAGCAGGAAGGCCAGCAGGTCGGTTGCATCGAGGGGGCCAATCTGCGCAAAGCAGCGCTTTCTGCAGGCATCAATCCCTATAAGGGCCTGAACAATCTCAACAACTGCGGTGGCGTTGGCCAGTGCGGAACTTGCGTAGTCGAGGTTGTTGAAGGTTCCCAAAACCTCTCCCCACGCAGCGATGTCGAAGAGGTGTATCTGGCTGATCGCCCTTCCAATTACCGCCTGAGCTGCCGCACAAGCGTCAATGGTGACGTCACCGTGCGGACCCGCCCTTCCGATGGTGTGGGTAAAGGCTCGAACAGCCTCATCGGTGCTGTGAAGAACTTGTTCGGAAAGTGATCCTTGGCTGAACCACTCCTTGTTTGGAGTTATTCCCGCTGTTCGACCTGTCGCAAGGCGCTGGCATGGCTTGAGCAGCAGGGAATCGTCCATCAGGTTGTTGATATCACCGAGTCTCCCCCTGATCGATCAATGCTTGCCGCGGCAGCTGATCATTTCGGCCGACGCGCTCCGTTGTTCAATACCAGTGGTCAGAGTTATCGCGCTCTCGGTTCTGCTGTTGTCAAGGCGATGTCCGATCCAGAAGCTCTGGATGCTCTCGCAGCCGATGGCAAATTGATCAAGCGTCCCTTCGTTGCCCTGCCAGATGGCCGATTTCTGGTCGGCTTCAAGCAGGACCAGTGGATCGAGGCGTTTGGTCGCTGAAGCTGAGGCCATCAAGTTCAGTGATCAGTTCGGTCACACCGCCTTGATCCCTCAGTTGACGAATGCTTGATCGTTTGAGCTCCTCGAGGAAGGTGGTGACCAGTTCCTGGCTGCGGTCCAGAACCGGTCCTTGCTCCAGGGTTCGTGCCAGTTCCTCCCAGAACCGATCGAGCACATCAATGGAGAGATCCTCCAGTTCGATGTCTCGTTTTCCGAGTCTGTCACCGGCAGATCGTGACAGACCCAGAAGCCCATCCACCATCCCAGCGGCTAGCTGGCGGCTGAATTCGTTTTCTGCTTTCTGGACCGGAGCCAGATCCCTGAGCGCTGTTGGCAGCATCACATCGTTGAGACTGCGCTGCAGTGCATGGCTGAATAGAGCCACCAGTTGGGGACGCATGCCAGGGCTCACCTGGGTGAGCAGAAGGGGAATCCACAGCCGCAGCAGTTCCGCGAGTTCACGCTCACCGTTGTCATCGACGGACTGATGGCTGCGCAGATTCCGGATGCGCTTGGGAAGCTGGGGTGAGCGAATCAGTTGCTGCATCGCATCGAGAATGCGCACCGTGAGCACCTCGAACAGTTCCAGTGCCAGCACGGCCACAACGCCGCGACTCACAACCGTTCGCAGAGGTTCGAGCTGAATCAGCTGCGCATTCGAAAGCCGTTCTGTCACGGGAATCACCCGCAGTAGCCTCCAGAACGGCAGTAACAGCGGTAGATCGATCCAGCGACGCAGGAGGGCATCTCTCCAACGAATCGCTGGATACCGACGTTTCAGGCGAATGGCCCTGAGCAGGATGTCGATCAGAAAAAGGATCTGAAAGGGTGTATCGATCCGCCAGGCATGGTCGATCGGCTGGCCGCTGTCGTTGATGCCACGCCAGTAGTTGGTGGCTGCTAACGGCAAGATTCGCTGATTCCAGAATGCTCGCTCTTGTTCCCAGTCGTGGGCACTCAGGTAGGTGTCGCCGAGGAGATGGGCGGCAGCTTGCTTGGGGGAGTCCAGGCCTGCCCGGGCTCTGAGCCGATTTTTCAGTTTCTCCAGCGTGCCGGCATTGCCGGACCCCACGAACGGGTTTTCGTCGATCAGCTGGCTGTTGCGCACCACCATCTCGAGTCGATGCTGGCGAGCCGCTGTGCTGTTGATTCCCTGGACTTTGGCGAGCCTCTCGAGTGCGCGGAAATGGGAGATGTAGGCGGTCGTATCGCGGTGGGGTGCAATCCCCTTCACCGGGTCATAGATCGGGGTGATGTCCGGCAACCAGGGCACGGGAATGCCCAGGCTCACTGAAGGAAGGGGGTAGAGGGTGCGCTGCAACCAGAAGTTCCGCAGCGGCACGTAGGTGACGTCGAACAGAACCCATGCCAGGTTGGCTGCCGCGATCAGTGCCAGGCCCTGGTCCCAGCGTTTCCAGAACCGGCCCTTCGAGGTGGCCTGCAATGCTTGCCAGCGGGGGCGGACCATGAGCTGTTTCTCTGAATCCCAGGCTAGAAGCTGAAGCCCATCGCGCCTATCCTGAGCAATCATTACTTTTGAGCCGCATTGGCCGACGCGCAGAGAGACGATCACTCCGACGAGCAGACGCCGGCAGAAAAGGGGCAGCAAGGTCACGTCGCCACAACGAAGCACCGCCTCAGGTCAAAGCACCGTGGTCATCCCTTCTGGGATTTTTGGGCACCTGTTCTTTTCACCATTGCCCTCTACTTCGGTCTGAGGATGTTTGTTGGCGAGTCTCGATATATTCCCTCCGGCTCAATGTTGCCTGGTCTCAAAATCAACGACATGTTGATTATTGAGAAGATGGCGTACCGCTTCCGCCTGCCTCGTCGCGGGGAGATCGTTGTGTTTGATGCGCCCTACGCGTTCGATCCTGTGCTGAAGGCTGACAGCCCCGCCCCTTCGCTGTGGCG
NZ_CP138971.1_gap42	1684519	1688587	4068	GAGCCTGCTCGGTTGCTCTGCTGTTGGTGGCTCTGCTCGCTTGGCCACTGCATGCCTGGGGGGCCGAGGTGCTTCAGGTCCGATCGTCGTCCTTGCTGCAGATCGGCGATCGCAACCGCAATTACACCGTTCAGCTGGCTTGCCTGGAGGTGGACCCCGCCGATGAGCAGGCAGCCACTGAATGGTTGAAAAAGGCTCTCCCTCGACGCCGAAGGGTCAATTTTCGGCCTGAAGGAGTGCTTGAAGGCACACTGTTGGCACGCGTTACTCCCCTTGGAGAGGAGCAAGACCTCAGTCTGGAACTGGCGGAAGCCGGCCTTGCCCGCTTTACTTGCTCCGCTTCCTGACCGTGTCTCGTAATCGTGTTGCTTCCGGAGTGGTGATGGTGCCTTGCATCGTGCTGGGAGTTGCTTTCCTGTGCACAGCGATCTGGAATGACGCGGCAGAAGCGAATCGACCTCTCGCTGTCGGCCTGGGCCTTCTGTTGCCTGCTGTGGGACTTCTGGCCTATCTGATCCCAGACTCGGATCCTGTCACAAAAACGGACGGCCACGACAGCTCTCCCTAGCTTGGTACGGCCTGGATTTTCCCCATGGCCCTTCCCTCCGAGGCGGACACCAACGACAACACCCAGCGGCCATCGTGGTTCACAAGGTTGTCCTGCTTGCGTTGGCGTACAGCATTGTTTGTGGTGGCCAGCGTTGTGGGTTGCCAGGCCATGGCTGCCAGCCGACAGATCAGCGCTCCTGTGGTTCTGCTGATCCCAGAGGGACTTGAAAGCGCACGGCAATCCTTTCTGCAGGGGCTGGTGCTCGGTGAGCAGGCGGTGCGTGCGTGTGGGGCGGAGCCTGTTGCGATGGTGATCCAGTCCCTTGGCTGGGATGACGATCCGACCGCTCTCTTCCCTCGAGATGCTGACAATCAACCGGTTCTGCCTCCCCTGGTCGTGGCGCCCTATGCGGCTGATCTGCGTAGCTTCAGCCGGCTGGCGCAGGATGGTGATGCGCGCGTCTTGCTGGGTCATCAGCGCGGCCCCTCGCTTGACAGCCTCAGCGGTCTTGATGAGCAGGGTCGACTGTTGCCCTTGCTGCCGTCTCGGCGGGACGACCTGAGAGCCCTTGCCCAGGCTGCCATCGATCGTGGCTGGACCCGAGTGATGGTGGTGAGTGATCCCACTGCTTTGGAGGGGGACTTCGCTCAACCCTTCGTGGAGCTGTTTGAGGGCCTAGGCGGCACGGTGCTGTCTTATACCCAGGACGATGTGCAGTCGATGACACCGGGTGATCGGGAACCCTGGGCTCTGCTCACCAAGGATCTCGATTGGCTTGGTCCTGATGCCTTGGTGTTGGCAGCTCCTCCTGATGGTGATCTTGCCGTCGCACTCCGAGAGCGTCAGATCGGATCACTCAGTGGTCGCGATCCCGGTTGGATTTGGTTGCTGAGCAGTCCCCAAGCCTCTGCTGTCTCTGCTCAGCCTTGGCCTCAGATCGTGCTGAGCCAGCCCGCCCATGGCCCTAACTGGAAGGGCTTCACCAAAGCCTTTTCACAGCGCTGGGGGTATGCCCCCGATTTGATTGCCGCCGCCGGATTTGAAACGTCCCGGGTGCTGGCTCTCTCCAGTGTTGGCCCTTCTCCCCTCGCCAGTGATGGCACCCGGGACCCCCTGGCCTGGGTAGCCCCCTCTGCTCAGCCGGTCTCGCTCTGCAGGGCGATCGCTCTGCGGCGCGAGGGAGAGTCAGCCCGCTTGGAGGGTGTGGCTAGTGATTTCGCTCTTCGTCCGGGACGCGCCCCGACAGGGGGCGCCGAAACCCGTCTGATCCCGGCTCAGTAAGGTTTTTAGGATGACTGAGGCAGTGGACGCCGGTGTTGCGCTTGACCGAGGTGCGTCTGCCTCTGGACCATGGGCCTCAGGATCTTGAGGCGGCGCTTTTGCGGCGCCTGCGCATTCCGCCAGATCGGTTGCTGAACCATCGTTTGATCAAGCGCAGCATCGATGCGCGTCGCCAGGAACGCATCCAATTGATCTACAGCTTGGATGTGGAGGTGCGTGGAGAGGCGGCGCTGCTCAAGAAGCATCGCGGCGATCAGCGACTGCGGATCGCACCCGACATGCGTTACGAGCTTGTGGTTCAGGCTCCGGCTGGTTTCGGGCTCGATGGCCAAAGTCGTCCTGTTGTGATCGGAGCCGGGCCATGCGGCTATTTCGCGGCTCTTCTGCTGGCACAGATGGGATTCCGGCCGCTGCTGTTGGAGCGCGGCCAGCCGGTGAAACAGCGCACTGCTGATACCTTCGGTTTCTGGCGTGGCCAGCGGCCTCTGCAGCCCGAATCGAACGTGCAGTTCGGGGAAGGGGGGGCAGGCACCTTTTCAGACGGCAAGCTTTACAGCCAGGTGAGTGATCCTGAGCACTACGGCCGCAAGGTTCTGGAGGAGTTGGTTGCAAGCGGCGCCAACCCGGAGATCCTCACGGTGCATCGTCCCCATATCGGCACGTTCAAACTCGCCACCGTGGTGCGAGGTCTGCGGTCCCGGATCGAGCAGCTTGGAGGGGAGGTGCGCTTTGGGGCGAAAGTTCAGGAGCTGATTCTTGAACCTCTGATTGAGCCCCAAGATCAGCCGGGATGGGATGATTCCGCCGGCCCAAGGCAACGTTTAGTCGGTCTGCTCCTGGCAGATGGCAGTCGGTTGGCCTGTCAGCAGGCCGTGCTTGCTCCCGGCCATTCCGCCCGTGACACATTCTCGATGCTCGAGAAGCAGGGGGTGGCCATGCGTGCAAAGCCCTTCGCGGTGGGCTTCCGGATCGAGCATCCGCAGACGCTCATCGATCAGGCCCGTTGGGGATGCAAGGCCGGCCATCCTCGCTTGGGTGCGGCGGAGTACAAGCTTGTGCACCATGCCACGAATGGCCGATGTGTTTACAGCTTCTGCATGTGTCCGGGTGGGATGGTGGTAGGGGCGACCAGTGAGCCAGGGCGGGTGGTGACCAACGGCATGAGTCAGCACTCTCGTAACGAGCGCAATGCCAACAGTGGGCTTGTGATGCCTGTGCTTGAGGAGGATCTGGCGCCTCATCAACGCTTCCCAGGGGATCCGCTGGCCGGAGTTGCCTTCCAGCAGGCGCTTGAAGAGAGGGCCTTCTCCCTCGGGGGTGGTGATTACAGCGCTCCCGCACAACGTTTAGAGGATTTTCTGGCCAACCGCCCCAGCACTGCACTCGGCAGGATCACACCCTCTTATCAGCCTGGGGTGAAGCCTTCGGACCTGCGCCAGGCCTTGCCTGCAGACATGATCGCGGCGTTGCAGGAGGCTTTGCCGGTCTTTGGTCGTCGTCTCAAAGACTATGACCATCCTGATGCCCTGATCACCGGAGTGGAGACACGCACGTCATCGCCGGTGCGTCTTCCTCGCAATGACGGCTGCGAATCGGTCAATACAGCCGGCCTCACTCCTGCAGGCGAGGGTGCCGGCTATGCCGGTGGGATTCTCTCTGCTGCGATCGACGGCATCAGGGCTGCTGAAGCGGTGGCCCTGCGTCTGATCTCCCAGCGTTGATCAAAACAACGGGCCGGAACAGAACAGATCAGATCAGATCAGATCAGATCAGATCAGATCAGATCGCTGCCTGGGAGACGATGCCACTCCATTGCACGGCCTTCACCTGATCCCTGCGCCAGGAGTGAAACAAGGGTGCTTCTGTGACGGTGCAAAGAGGGCACAGGCTGATGTGTTCTGCCCTGATACCGGCAGCCTGCAGCTGGGCTGAGGCCGCGGCTCGGATGTCGAGACGACAGCGGTCTTGTTCAGGATCGTTGAGCACGATCCGTTCGCGTAGGCCAGGGTCAATTTGATCGCATGGCCCGTTGCCCTCCAAAGAGGCCATCACCTGCTCGGCAACCGGTTGCTCAACTTGATAACACTGTCCGCTGACCGCCGGACCCAGCGCCACGAGGAGTTGTCCCCGTCCGCCGCCGCGCTGCTCTAGCCGCTGGATCGCTTCCCTGAGGATGCCGCTGGCAACACCCCGCCAGCCGGCATGGCAGGCGGCCACATGACCGCTTTCTGGGTCGG
NZ_CP138971.1_gap43	1690506	1691918	1412	CAGCACCTCCACCTGGAGCCCTTTGGGAAAGCGTTCCTTCAGGTTGGTGATCACGCCCAGGCCGCATTCACTTTTGGGCATAAAACCCGGAGCTTTGCCGCCGATGTCGACATAGACACCATCGCTCTCCAGGCCAATCACGGTGCCGGCGACCACATCACCTGTTGTGCCGATGGGTTCGTTCTGATCGAGGGCAGCCAGGAATGCTTCTTCGTCGAAGTCGAAGTCGTCCACGCTGTGGCTGCGGGCCTGCGCACGGCTGTCTTCCGCGGAAGCGTTCGAGGCAGCAGATTTGCGCTGGTTCCCGGCGCGGGAGCTGCTGTCAGAGGGGCCGAGCAGGTCGGCCATCGAAAGACCCTCCAATTCGGAGGTGTCAAACAAAGCGTCATCCCCAACGGTGGGAGCGTTTGGACGCGACGGAGGCTGAGCTTTGGTTCCGCCTGCAGCACCAGCGTCCTGCGCTGCTTGCTCCAGCGCACGAGCCTTTTGTACGGCGGCTTCTGCCGCTGCTCTGGCTTCATCGGCTTCCCGGCGCAGCCGGTCTTGCTCATCACGTCGGGTGATTTGCATCACCTGAGGGGGCTTGCGCGGCCCCTCAGGGGAAGGCTTTGGGGCCCTGGGTTGTTTGGGCTGCGGGCTGCCTGATCCGGCCATGGGCCCCTGGTACTCGTCGATCGACCAGTCTGACAGGCAGGGTGGGAGTCTGCTGCCAACCTGATGTCCGATGTCTAGTCCGCAGCGCTGGCTTGAGCGTCTCACCTGGCCGGAGGTCGCTGAGCAGCTTCAGCAAGAGGGGGCCACCGTTGTTTGGCCCTTTGGTGCTCTTGAACAGCATGGTCCCCATCTGCCTCTGTCAACAGATGCTCTCTTTGCGGATCGGATGCTGGATCAGATCCTGGCGGGGTTACCTCCTGACGCCCCAATCTGGCGGCTGCCTGTGCAGGCCATCGGCTTCTCCCCAGAGCATGTCGGCTTCCCCGGAACGCTCTCTCTCCCGTCTGATCTGCTGATCCGTTTGGTCGAGACAGTGGGGCTTCAGCTTGCTGATTTGGGAGTCCGCCGTCTTGTTCTTTTTAATGCCCATGGCGGCCAGATCGGATTGCTTCAGGCCGCGGCGAGGGAGCTAAGGGCGCAGACCCCCACCATGGCAGTCCTTCCTTGTTTCCTCTGGAGTGGGGTGCCTGGATTGAAGGAGCTGCTGCCGCTTTCGGAGGGGGATAGCGGTCTCCATGCCGGCCTGGCTGAAACGAGTTTGATGCTCGCATTGGAGCCGTCTCTGGTGCGTGATCAGCGCCCAGTGGATGGTGAGCATCGCCACCCTTCAGCTGCTGCGACTCCTCCGGATGGGTGGAGCCTGGAGGGGGCGGCTCCCTTCGCCTGGTTGACCGCCGATCTCAGTCGAACGGGAGTTG
NZ_CP138971.1_gap44	1701734	1702542	808	CAAACGTTGATGCCCATCTCTCACCTCTGCGACGGCTTGGCTGCTAGCGGACGCTTCACGTGGAAGGCATGCGGCTGTTAGGCATGGCGATCCAGTAGTGCCCAGAACCCTGGGTCGAGTTCGTAACCCAGGGTGGCGGCCATCTGGGCGAGGTTGCCTCGCTGCGACTGGGGCTGCTCACGGCCGAGATGGTCCAGCAGCATCAGCCGCTGGGTCACCCAAAGCTCAAGGGCCTGTGGGTCGAATCGGATGCCTTCCGTGGGGCTGAAGTCATGGGGCACGAGCATGGCCACATGCTGCGCTAGGGAGCCTCCCGATCGATCCAGGAGCAAGGGCAGCCAAGGCAGCTGGGCATCAGCACGCAAGGCCCAGAGGCGCGGTTCCGGGCATTCACTGAGCTCTCTTGGATCATCCGTAGACCGAGGCCACTGATAACGCAGTTCGAGCACTGCACCCTCGCTCAGCTGTTCGTTCAGAGAACGCGTCATTTGACTGCGTAAAGGGCTGAGGTCGAGCTCCCGGATCGCTTGTGCATCGATGTTGATGACGGGATCGGGGCGACTGGCATTCATTGGTGGTGTGACAGGCCTTTGCGAATGATGGCGTCTTGCTGCTCCGGGAAGGAACAATGGAAGCGTTTCAAAGGGATTCCATGGCCACCTCTATTACCCAGTCAGAAGTGCTCATCGCTCTCGTGGTGGCTGCCCACGCTGGTGTGCTGGCGATGCGTCTCTGCGTCAGTCTCTATCGCGCCTGATCGTTTCAGGGGGGGCTGCTCCCCCTTGGCAAGGCCTTCTCACCGCGTTAC
NZ_CP138971.1_gap45	1708682	1709533	851	GAGCGGAGCCCCGGTGTCGATCGCCAGAGCTGTGAGTTCAAGGCGCTGACGCAGTTGACGAAGACAATCGTCATGGCTCCGATTGGGGGCCTCTAACCAGGGCAGATCGATCTGCCCATCGTTGGTCAGCCGTTGCATCAGGCCATAACTCACCAGGCCCAGAGCCTGTTCTGCATTGAGCTCGTTGGTGAGATCGCTTGGCTGAACTGGGATTTGCTTGGCGGAAGCCATAGACGTAAAGCTGATGCGTGGACGGTATCGGCTCCATCACACAACGCAAGTTTTGAACTCTCCTTTGTTGATCTCCTTCCGGTAAGATCCGCGCCATGAATCGTTTCGCCGGCTTCGATGCCAGGGAGCGGCGACGTGGCGGAAGCGCTCTCGTCACCGGAACGGAGGTCCATCCCTCTGCCGGCGGAGCTAGCTGTGTGGTCACCACCGACAGCGAATCACCCAGGCTGTCCCGTCAAAACAGCCATGTGCAGTCGATTGAACTGCGCACTTATGTCTTCATCGACTCGCTTCAGCCTCAGTTGGCGGCCTATATGGGCTCCGTAAGCCAAGGCTTTCTGCCCATTCCGGGTGACGCCTGCTTGTGGATGGAGGTCTCCCCCGGTATGGCCGTTCACCGTGTCACCGACATTGCGCTCAAGGCCAGCAATGTCCGTCTCGGTCAAATGGTGGTGGAGAGAGCCTTCGGTTCGATGGCTCTGTATCACCGTGATCAGAGCACGGTTTTACATTCCGGTGATGTTGTTCTCGAAGCGATCGGTAGCTCTGTCGAACAGCGCAATCCTGTCGATGTGAGCTGGACTGAAGTGATCCGAGCGATCACTCCGGACCATGCGGTG
NZ_CP138971.1_gap46	1717711	1718376	665	ACTGGGTTTTCACGGCCAGCGGATCGGCGGCCAGGCACGCCTGTCCCGATAACACGGTCCTCACCGATCTCACAATCGGCGGAATCATTGATCACTGGAGTCCGGATGGATAGCTGAAGTCCTTTCCCTCTTTCATCCCATTCCCCTCTTCTTGTCATGGCCACCCCCACCCCTCGTCGTCGCTCTAGTGCTGCGACATCCGCATCCACTAGCAAGACAACGCCGACCTCAGCAGCAGCGTCTGCTCGCGCTGCCACTTCGGCTTCCAGTTCTGCCGCCAAGACAACTGTTGATGTGACCCCCGTGCCCGCTTCCCCCACCAGCTCCAGCAGCAGTGCCACGACGACCCGTCGTGCCAGTAGTGCTGCAACCACTCGCCGCAGCGCCAGCCGCTCCACGCCTGCTCGTGGTTCCTCAAGTCCTAGCCGCAGTTCTGGTGGCTCGAATAAAGGTGGCGGCACCCCTGCGCTTCGCCCATCCAGCTCCACACCGAGCCCTTCGGTCCAGGGCATTGCACTGGGCATGATCGAAACCCGTGGTGTGGTGCCTGCGATCGAGGCCGCCGATGCCATGACGAAGGCGGCGGAAGTGCAATTGATCTGCCGCGAATTTGTCGGCGGTGGTTATGTCACCGTGATGGTGCGTGGCGAAACCGGCGCCGTGAA
NZ_CP138971.1_gap47	1724376	1726271	1895	CGGTTGAGGGTTTCCAGGTGACCCCAGCAGACCGTTTTCTTGATGTCTTCGATGCTTCGCCCCTCTTTCAGCAGGCGTCTGAGGGCCTTGCAGTAGAGGGGATATCCCGCTTCGAGTTCACCAATGGTGAGTTTGGCCTGGGCCATGGAGTCTCGCAGCGCATTACTCAACCTATGCAATCGCTGGTCGACCCCGATGTTTTTCTGGGTTTAGCCCAGATAAGCGACACAGTCGATTTCCACTTTCGCCCCCTTGGGAAGGGCCGCAACCTGCACGCAGGCTCGCGCTGGACTCACGCCCGTGCCAAACACCTCGGCATAGAGAGCATTGACGCGTTGGAAATCGTTCAGATCGGCCAAGAACACCGTGGTGCGGACGACCCGTGAGGCATCGGTCCCAGCTGCTTCGAGAACGGCGGTGAGATTTTTGAGCACCTGGCGTGTCTCAGCCTCCACATCGCCATCACCCACCATGGAGCCGTTGGCGGGATCGAGGGGGATCTGACCCGAGCAGTACAGCCAGTCGCCCGCCTTCACGGCTTGGTTGTAGGGGCCGACGGGGGCGGGAGCTGCAGCGGTGGTGATCGCCTGAGTCGGGGAGGGCGACATGGTTGGGACGCACAATGGGGATTGCATCATCGCCCTCGGTGTTCATGCTGGGGGCCCATTCGCTTTGACGGTGTCCAGAGACAGTTCGAAGGGAGGACGTTCCCTGGTGGAGCCCAAGGCTGAGGCCGCACCGGTGGAGGTGCGAGGGCTTTGGCATCGCTATCGATCTGCCCATAACGACTGGACGCTGCAGGGTATCGATCTGGAACTGGAGCCTGGTGAGCTCGTGGGATTGCTGGGACCTTCCGGTTGCGGCAAAACCACCTTGCTGCGGCTGATTGCCGGTTTTGAGGTGCCCTCGCTTGGAGAGGTGCGCATGCATGGCCAGCCCGTGGCTACGGCTCAGCGCTGGATTCCGCCGGAGCGTCGTGGTGTGGGAATGGTGTTTCAGGATTACGCCCTCTTCCCCCACCTCACTGCCTGGGACAACACCTGCTTTGGGCTGCGGCGCGGACAGGACACCAGCCGCGCGGCCTGGTTGCTTGAGTTGCTGGGCTTAGAGCGGCTCACCCGTCGCTACCCCCATGAACTTTCGGGTGGTCAACGCCAGCGACTGGCTCTGGCCAGGGCTCTGGCCCCAGCCCCCGCGGTGGTGTTGTTGGATGAACCTTTCTCCAACCTCGATGTGGAGGTTCGGCTCCGTTTGCGCAGCGAATTGCCTGCTGTCCTCAGTCGCTGTGGCACCTCTGGAGTGCTGGTCACCCATGATCCCGGCGAAGCCCTAGCGATCTGTGATCGGGTGGCCGTGATGCAGGACGGGATCCTGCATCAATGCGCGACGCCGCGCACCCTGGTGGAATCGCCAGCCTCTTCCTTTGTGGGTCGCTTCGTCCTCCAGGGAAATCTTCTCCCTGTGGAGCGGCAGGCCTCAGGCCGCTGGCACTGTCTGCTGGGACCGTTGCAGGCTGTTCAGTCCGGGGCGCCTGAGCAGGTTCGCTGCGCAGAGCCTGACTCGACATTGGAGGGGCATTCGACGGGACCTGGACGTGAAGATCCTGTGTTGCTAGTTGATCCAGCCGCGATTGATCTCCGCCTCGATCCAGATGGTGATGCCTGCGTGATGGGTCGGGAGTTCCTCGGCCGGGAATGGCTGTATCGCGTTGAAGCCGGCGGTCAGCAGCTCAGGCTCCTGCTTCCTCTTCAGCATGACTATCGCCGAGGCACACGCTGCCGACTTTCGCTGCGGCCGGATGAAACCGTTCTGCTTTATCCCGAGCGAACAGCTCTGGTGGGAGCCCCTTAACCGCGCCAGTGATCCTTGTGGCTGCGCAGCGTTGCGAGTTCGTC
NZ_CP138971.1_gap48	1790218	1793874	3656	ATCGAGCAAGGCAATCCGGCTGCCCTCGTTGGGGTCGCTTTTGCTCATTTTGCTGCGACCATCCGTCAGGCTCATCACCCTGGCCCCTTCCTTGAGGATCAAGGGCTTGGGCACCTTCAGCACTGGAGCATCGTCGCTGCCGAAGCGGGCGTTGATGCGCTGTTGGGCGATGTCGCGGGCCAGTTCGAGATGCTGTTTCTGGTCTTCTCCCACCGGCACCAGATCGGCGTCATAGAGAAGAATGTCGGCGGCCATCAAAACCGGATAGTCCAGAAGACCAACGGACACGTTGTCCCCTTGTTTCACCGCCTTTTCCTTGAACTGAATCATCCGCTCGACCCAGTTGAGCGGCGTGACGCAATTCAGCAGCCAACACAGTTCGGCATGGGCCTGAACGTGGCTCTGAACGAACACCGTGCTGCACTTCGGGTCAATGCCGCAGGCCAGATACAGAGCCGCTGTGCTGAGGGTGTCCTCGGCCAGGCGGTGGGGATCATGCGGAACGGTGATCGCATGGAGATCGACGACACAAAAAAAGGTGTCGTGATCATGCTGAAGCTCCACCCAGTTGCGGATGGCGCCCAGCCAATTGCCCAGATGGAGTGCACCGGTGGGCTGGACGCCGGAAAGAACCCGCGACTGGACCATTGATTACTCCTGGTTGGCTTGTGCTTCTTCGGTAGGGGCGTCGCTGTCTACAGAGCTGTCAACAGGGCTGGCAACACTGGCTTCGATCGTGGCTTCGCTCTCGGGTGCCTCGCTGGCTGGCGCAGCAACCTCAGGTTCTGGGGCGTCCACGCTTTCCTCCACAGGCGCCTGCTGTGGTTTGGCCGGCCGGGCAAACGGATCAGGCCGATCACCGCCTCTGCCACCGCCGCCTCTGCCAGTGTCGCCGCGATGGCCACCATCTCCTCGGCTACCACCCCTGCCACCTTCACTACGACGTCCGCCGCCTCGGGGGGCACGGGAACGCTCCTGTTCGATCAGGGCATCCAACTGGCCATCTTCGAGCATCTGGCCGAGGCTCCGCACCGCAAAGCCCAGCACCGAAACAGTGGAACGCAGGTTGAAGGCTTCTTGAAGAGCACGCACGGAGCGCATCTCGTTATCACTCAGGCGGATGCGGAAGCCGCCACCTTCGCGATTCCCGGCCCCGCGACGGCGACCACCATCGCGTCCGCCATCACGGCCACCTTCACCCTGTCCCCCATTTTGTTGGGAATCTCCGTAGGAATCAGTCATGGCCCGTGGCCTGCAGTCAGGCGCAAGTGTGACGCATCACAGGGGGGGAGTCGGTACTTGATAGCGCCGCCCTGACGACCGGCCCAATCAGCCGTGGGTGCCTCGAAAGGTGATCTGTTGCTCGGCGTAGTCCTTCGGTTCCAAGTGGATGGTGCATCGAACTGGGCCGAAGCGCGTTTCTAGTTGCTCCTCAACGCGCTCGGTGATGCCGTGGGCAGTGGGCAGATCGTCGGTGTCAACGACCATATGCATATCGATAAAGACTCGCTGTCCCAAGACGCCACGGCTGGCAATGTCGTGGCAGTTGAGCACTCCAGGAACAGCCATGGCCTGTTCATGGATGGCTTCAGGTGCGATCGCAATGTGATCAACGAGCCATGGAAGGTTGGTCCGCACCACCTGCGAGCACACCCTGATCAGAAGTAGGGCGAGTGGAGCCGCTAGAGCCACATCGAGCCAGTTCAGTCGGAACCACCAGGCACCTGTCAGTCCCACGAGCACGATCACAGTGGTCCATATGTCACTGGTGGTGTGCTTTGCATCGGCGAGTAGCAGCGGACTCTTCAGTCGCTTGCCCTCCCGACGTTCGTAGAGGGCTAGAGCGAGATTGAAGCCCAGAACAAGGCACAGCAGCAGGAGTTCCTGGCCGCTCAGGCGGAGGGGCGGCACGCCTTCCATGAACCGTTCGCCGGCCTTCAGCAGGATCTCGATCGCCGTGAACAGGATGAAGCCTGCAATGGCGAGGGCCCCAACGCCTTCGTATTTGTCGTGGCCGTAGGGATGATCACGATCCGGTCTTGGATCAGAAAGGCCGTTGGTGATCAGGCCCATCAGGCTTGAGAGGGCGTCTGTGGCGCTGTGCATCGCATCAGCCACCACTGCCAGCGAGCCACTCAGCACACCAATGGTGAGCTTCAGGCCGGTCATGCTCAGGTTGATGAACAGTGCTGTCACCAGCACTCTTTTCACATCCTTGCGTCGATCGGTTCCGGCGGGGTGGCTCGCCATTGAGAGCTGCACTCACTGCATCAACTTATGGAGTCCCACGCCGTGCGTCTGCTGCCGGGGGGCGGATTGCTCTCTGCCTCGCTTCTGCAACGCCCACTGGTCGGCTTGCCGAGGGTGAGCTAGGAAGACGACACTTCTGGCCCGTTCCGCATGCTTCCGGTGCCGTCAATCGGCTCCCTCCTCGCCCAGCCGAGGCTCCTGCGTGGCATCGCTGTGGCAGGAGGGGGATTTCTGGTGGCGCAGTGGGCTCTGGCAGACGTGTTCCACGTGCCTGGGGGTGGCTTCGGGTTGCTGGCAGTGGGTGGCGGCATCTGGTGGCTGAGCCGGCCTGCAAAGGCACCTGCCTTTCAGTCCCCAGCTTCAGTGCAGGGATGGTTGAAGCGCTGTGATGCAGTGCTTGACCAATTCGATGCTCTTGAAGAGCTTGCCGGCACGGCTGCAAGCCGTGACCAACGTCAGCGCGCGCTTGACCAGGTCGTGGAGCGTTCCGGCCCTCTGACAGTTGCAGTGGTGGGATCGGAAGGGGTGGCTTTGCCAGAGAGCCAGGCACTCCAGCAAGCGCTGAGTGGGCGCCATGCCCTCAACCTTTGTGTCGGACATCCTCTCCCCAGCGTCAGTGATAGCTGGGCTTGGCCTCTCACGATTCAGCAACAAGATGCGTTGCTGTTCATCCTTCCTCTACCGCTTCGTGCGGCAGATCTCTTGCGTCTGCAGGAGGTGCCGTTGCGCCAGCCGGCCTGGCTGGCTGTGAATCGTGCGGAGCTTGAGGGGGATTGGGACGCTGCTCACCAGGCTTTGCTGGCCCAGTTGCCAGACCGTTGGCATCAACGCTTGCTGGTTTGGGATGGGTCGCCCGATCAGCTCAGGTCCCTTCTGCTGCCGATTCGACAGCTGCTTCAGCAACCCAACCTTGGTCTCGATCTGACCCGTCAACGGTTGCTGGAGGCCCTGCATCGCGATTGGCAGGCGGAGCTGGAAAGCCTGCGGCGTCAACGCTTCCGTGGGTTGCTTCAACGCAGCCAGTGGCTCGTGGCAGGAGCTGTTGTCGCCTCACCTTTACCCAGCACTGATTTGCTTGCTGTGGCCGTGGGAAATGGCTTGATGCTGAGTGAAATGGGTTCGATCTGGGGTTGCCGTTGGACGCCCGATGTTCTGCAGGTGGCGGCCAAGCATCTTGCGGCTGCGGCCCTTGCACAGGGGGTGGTGGAGTGGAGTGGTCAGGCTTTGCTGGGTCTGGCCAAGTTGGAGGGTGGCAGTTGGATGGCGGCTGGAATGATGCAGGGCCTCAGTGCTGCCTATCTCACCAGGGTTGTGGGTGTCTCCATGGCTGATTGGATGGCCCTCAATGCCGGTGTGGCAAAGCCAGATCTGGAGCTGTTGAAGCAACAAGCTCCCTTACTTGTGGC
NZ_CP138971.1_gap49	1796530	1800835	4305	GGTCTTTTCGCTCGCACCCAATGAATCGCTTCGGATCAAGCAAAGCGTCTCCATCTCGTCGGTAATCAATCGATAGGAGAATTGATTTTGTTGCGACAGGTATTTGGCTAACGAGACGGCTTCATTGATTTCCAGGTCAAAGGCGAGGTTGGTCCAGCCACTGGGAGTTAGCTTTTGAAGTCGGATCATGATTCTGTGCAGTCGATAGGCATAGGTTTGAGGTATCGCGGCGCAATGCATGAAAGGCATTGATTCATTTCGGGATCATGCTGATATCGCACCCTTTTGACCTGTTGATGGGAATAGATGTGAGAAATGGGTATCAGTTGCAACAACTTGGTGTTGACGCGACTGATTTCAGTCTTGTTCGGGGTGTTGCTTGAATTGAATCAGTACGCCCAGAAAACCATTCATCGGCAAGCATGACTGTTCTTGCGATGAGATCTGCCTGCAATCATCGTTTGGATGATCGCAGGCATGCATGATTGGAGAGGGCCTTGGTTGCGTCGCTTCAGGTCGTTAGCTTCAGCGATGGCTCGATCTCATTGCTGGGAATGGTCGCCCGCTGGGTTGGCAGGCAGGCGCTCGGCGATGGCCATCCTTTTGGGCCTCTGACGACGAACTCAATACAGTTGTTCTTCGGCGTTAGCGCTCACTTTGCAGTCGCTGGTGGGATAGGCGACACAGAGCAGCGCAAATCCTGCTTCGATCTGGTCGTCGTCGAGGAAGCTCTGATCACTTTGATCGACAGAACCAGTCATCACTTTGCCGGCACAAGTCGAGCAGGCTCCTGCACGGCATGAATATGGGAGGTCCAGTCCTTTCTCTTCTGCTGCATCGAGGATGTATTGGTCATCGGGACAGTCGAAGACTGTTTCTTGGCCTTCGCTGAGAATGGTCACCTTGTAGTTGGCCATGTCGATATGGAGAAGTCCCTTGGTTCTAACCTCGTCAAAATTGCGTGGAAGGGATCGATGATCATTTCGACACGTGAACGAAGCGATGTGATTTAAGGCACACTCTTTGTGGGGCTCGAGCAATGGCTAAATCCTGTCCTTAATGCTCAAGCCCTGTGATCTGTGTCTGGGGTTCTGTGCGTCAGCAGTGAGAACAGAGGGAACTCTTCCGGGGAAAGCTCCTAGATCTGGCGTCGCGAGGGCCTGGTTACCACGGTGAACGCATCCGAGTGAGGTCCGACGCCCTTGCAGGAGAACAACAGCAGCGCACCGCAGTCGCAGCACTGCAGGCCAACGCATGGGTTCGAGGATTTCATATCGAAAGGTTGCCGCTTGTGCTGTTGCCACCTGCTTCAGGCAGGCTGTCAGCGTTCATCAGACTGTGAGTAATGCCTCTGCTGTTTGCCTCTCAGACGTCTCCTGGCGGCCCAACTGTGATCCTGCCCGCCCTGCTGATTGCCGGCATTCTGGTGGCCTTGTCGCAGGCCTTCGTGCCGAAAGATGATCAGTAAGGTCCGAAGCGTGTAACGCATTCGGCGCCACACCATGCTCCCAGGCGTGCTGCCTCAGCTGGCGTCCACCCAGCTGCCAGTCCGGCTGTTACGCCTGCGGCAAAACTATCTCCACATCCATACGAGTCAACAGGCTCATGGGTGGGGGTGCATGCTGCATAACGACCGCCTGGCTTGAGATCACCCCCTTGCTCTCCTTCGGTCCTGATCGTGAGCTGAGGAGCAGGCTGTAAAGCATCCTCTGGCACTTGTTCGCTCGGATCGAGTGCGCTGCCGATCAGGGCATCAATTCCAACGCCTGCCTCTTGCAGCACGCCTATCGAGAGGCGGGGCGTTGCGGTGAGCAGGGAACATCGTCGTGCGCGCTGCAGGCCGGCAGCATCGGTGGCTGAGACAAACACGCCATCACAGCTGGAGAGAAGCTCCCAGGGCAAGTCATCGCTTGCAAGCGGGCTATGGCGCTCACCAATCACGGTGATTGCTCGATCACCCCCCCTCTCCACAAGGCTGATGCCGCGTCGGCTTGGTGCATCTCGCCAGGCGACGAGCGGGTCGACGCCCAGCTCACGCAGACGTTCGATGCTGCGTTCGCCGATTGCATCCCGGCCGAGAGCTGTAAAAAAGGACACCCGTCGCCCCGTGAGCCGCGCCAGCTGGACCGCGACGACTGCTCCGGCTCCCGCAGGTTCCTCCAGAGATTGATGGGCACGGCCCACGCGTCCCGGCCGGGGCAAGGCGTCGACCTGCAGAAAGGTCACCCACTCCTGATGGCCGACGACGGCCAGCTTGAGGGGCGGCAGGTTCAGCCCATGGTCAGCGTGATTCGCCGCCATCAGGGAATCGGCAGCATCGATTTGGCTGCATTCCGCAGCTGCACATTGATCTTTCCGTTCACTTGGTTGACATCGATGCCACCACTCACGTCCACTTGAACGGGTTGATCCTGGCTCGTTCCCACGAGAACGGGACCTGCGTCTTCACCCTGCACGCTGACCGGATCTCTGACCGCATCCACCGTGACGTTGCCGGCAATGTCGACATCGCCTTTGACGTCGACCTGCCCTTGCACCGGCAAGGTGTCGGCGGCTTGGATTTGGAGAGCCTCCGCCCCTTGAATGCTCACGGGTTGGCGCAGGGAATCGATCTTGAGATCACCGACCAAGCGCACCGGGAAGGGTTGGTCTTGTGACAGAGCAATGGGGATGGGTTCCCGCAAAATTTGAATGGCCGCCACGGCGAGAGCCCAAGCGCTCAGCACCAAGGCCAGAGGCCATCGGCAAGCCATGGCCAACGTGAACCAAGAAGCGGTCGGCGCAGTTGAAGTCCCTTTGACCTCGGACATGCTTGGTCTCCGCGGCAAACAACGGTGATGGACCGGTTGTACAGGCTTGTCGCCCTCTCCACCGCATTTATGCGCTGATCGTTGCAGCTCTGCCGAGATTGCAAATCAGCGCTTAGAGCTCGTATTCCTCTTCGAAGTTGGCCAGCAATCCGTTGTAAAGCGCCAAGGTGCCCTCGCTTTCCTCGGTAAAGCCCTCGAGTTTGTAGAGCTCTTCCAGGTGTTTGGCAGCGAGGTGGACCTGGGCAAATGCTTCGGCGTATTCGTTTTGGATGTCTTCTTCGGTGATGTCGCGGATCATCGCTGAGATGAACTCCACCTTCTTTTGTGCAGCGGCAATCTCCGCTTCCATCTCTTTATTGAGCTTGCGCCTCTTTCGGGCCATCCCTGGGTTGTCGCGAAGGGTCAGGCTACGCCCGACCCGCCCGACAACAGGGTGCTAGAGGACTGTTCAGAAGCAGAAGGGAAGCATCTTTGTGCTGCAGGCTGCATAGCCATCCACCAGAGGTCCAAGGCCGATCTGATGGAGTATTCCCTGGCCGGTAAGCCCTTCCACGATCACTCCGATCACGAAGCCGAGCATGGCGGCACGGCCGTTAAAGAGCTCGACCTTGCGCAGCTGGTCGGCATGAATGGATCGGGCTGCACTGTCTTGGAACCATTTCTCTGTGGCTTGCTGGTTGGCCATGTTGAGATGTCGAATTATTTACAAATGTAACAGACCTTTGCGGGATCGGCCCCTTCTCCTAGGCCTTTTTGTAAGTGACTGGTCTTCTTCTGTTTGGGTAAAGCTCTCGGCAGAGCGGGCAGGTGGTGCCGTTGCAGCCACGCGCTGTGCAGTGTTCTCGTCCGTAGAAAATGATCTGCAGATGCAGTCGATTCCAGGCGTCTTCTGGAAACAGCCTCTTCAGGTCTTGCTCGGTGCGCTGAACGCTGTCGCCTGAGCTGAGCCCCCAGCGTTGGGCCAGACGATGAATGTGCGTGTCAACGGGGAAGGCGGGAACCCCGAAGGCCTGGGCCATCACCACGCTGGCCGTTTTGTGGCCAACCCCGGGGAGTGCCTCGAGTTGCTCAAAGCTTGCGGGCACTTCGCTGTTGTGGGCGACCACAAGGATCTGGGCCAGCTTTTTGACGTTTCGTGCTTTTGTTTTGGCTAGGCCCAGCTGACGGATGTGGTGGCGGATCGTGTCTTCCTCGAGGCCGGCCATGGCCTGCGGGGTGGGTCCCGCAGCGAATAGCGCGGGTGTGACTTCGTTCACTTTTTTGTCAGTGCACTGGGCGCTGAGCAGAACGGCGATCAGCAGCGTGAAAGGGTCGCTGTGGTCAAGGGGGATCGGTGGTTCTGGGTAGGCCTCGTTCAGCCGTTGGAGGACGTGGTTGGCCCGCTCTCGTTGTCTCAAGGGTTGCGCGCCACGACAGGGGCGGACCCTAGGGCCACAGGCCGCTTGCGAGGCTTTGTGTAGCAATCGCTACCGTTTTTAACTTCCATTAAGGCTTG
NZ_CP138971.1_gap50	1896652	1898615	1963	TGCTTGTTCTTGCCGACATTCCCTTACCGCTTGTTGTTTCGCCCACATCTCACAGGCTTCTTGGGCGTGTCTCCAGTTTGAATATTTTGTCTTGTCCATCTCTTCTGAACTGCAGCTTGTCAGCACCAGGAGGGCCACTGCCAGGGATGGATTGAGCCTGTTCAAGGTGCATTGCCCCCCTTGGTCACAAGTTAGTCAAGCTCTTGTTTGATCGGGCGCGTCTCTCGCGAGAGAGTGCAGCAGCCACAGATCGGAGCGGGGCGCTTAGGGGTGTCGACATGCAGCGAGCCTCACGTTGCGCTGATCCAGGCAGCTCAGGCAGCAGAAATAATAATTGTGCGCGTCCAGCGCCTGGATCGCGGGTTGCCCTTCGCGTCGCTGAAGCCAGTCAAGGCTGGGAGGCTTTGCTCAAACCCTTTGTGGGCTAAAGCCGCGGAGCTCTCTTCTGTGTTTGCATTGAGAATTATTCTCAATGTTGTGCTGTTGCTTTGATTTAGTTGACTTCTGCAGACAGCGGCTGCATTAATAGAAATGTTGGGGATTTAATTTCATGCTGACTGGTGCAGACCTTCTGGCGAAGGTGAAAGATCTGGGCGATGTCTCCAAGAGTGACTTGGCAACGGCTTGTGGTTACGTCTCTGAGAAAAAGGGGGGTGGTCAGCGAGTCAACTTCACTGCGTTCTACGAAGCGCTGCTCAACGCCAAAGGCATTGATCTTGGTGGTGGCACTGCTGGTGTGGGCAAAGGTGGCCGCAAGCTCTCTTACAAAGCAACCGTTCAAGGCAATGGCAACCTGCTGATCGGCAAGGCCTACACGGCCATGCTCGACCTGCAAGTTGGCGACGAGTTTGAAATCAAGCTGGGCCGTAAGCAGATTCGTCTCGTTCCTGTCGGCGGTGCTGACGAAGACGAAGAGTGATGCGTCGCGTTGCTTAAGCAGTGAGCGGGGGGCTGATCAAGCTCCCCGCTTTTTTATTGCCTTCTCCTATCAAGATGGGTCGTGGTTGCCTTGAGGTTGGGCGAAACACCAACCGGCTAGAGGGCACACTCACACCGGTTGCCAGCAAAGGTTCTGTTGAAGTTGGCGACTTCCAGGTTCAAGCCCCTTCCGAAGGCTTTGTCTTGGCAGGTGGACTGATATTGAAACCATTGCTGAAATCACTGCTGTAGCCACTGCAGAGACTTGCTGAGGGTCTCGCTGCCCTGGCGAACCCAGAGATTCCCCTTGATTGCAAGCTTTCCTGGGGCATTCAGCGATGTCAATCAACTGATTTGAGGGTGTCGTAAGGCTGTGGTGTTGCTTGCAACGGCACCATTGCGAACCAGCCTTCGCCTGGGATGGGTCATGAACCCTTTCAAGTTCAAGGCGCACTGTCGACTGCTCACTCTTGACTTCTCACTGTTCTTCTGATCGATCAGCCGATCACAGGGGGGCTGATCGATTGCCTCAAACGCCTGTAGGTGACAACACAACGGCACTGGCGATCAATCCGAGGTAGGTGCCAAACAGATACCCAAGCAGCCCAATCGCCACCGCTGGTAAAGCCAGCTCCGATCGCTTCAGGGATGTGGCTAGAGCCAAAGCTGTGCTGGGTCCCCCAATCGCCGCTTGGGAGGCCACCAAGGTCTCCCCGAGGGGCCAACGCCGCCATCGGCGCAGCAGCAATAAAGCCACTGCTTGCAAGGTCACGATCCAGGCGGCATAGACCAAGACAGGCAGCCCCTCTCCAAGTAGCCCTGCCACGGGGGAACTCAATCCGACCACGGTGAAGAACGGTTGGATGAGTAGTAATCCCTGCTCGTAGCATCCGCGGCGGCTGCTCCCTCCTGGCAACTGCGCCGCGAGAAGCGCCAGGGTGGTGAGCACCAGAATTGAGGGCACTGCTGCGAGCACCACACTCACAGCTTGGGCCGCCAGCAAGACAGCCAGCCCCCACAGCAGGGCCAGGCCAACTGCGCCGGC
NZ_CP138971.1_gap51	1938053	1941650	3597	CTCACCAGCATCAGTCACCTACGTGGCATGCGGGGCCGCGGCATCTTTTCCAGGGCTTGCATTGATAAGCACCTGTTGCAGCAATACAGCGAAGGTTTGATCATCGCCACTGCCTGTCTTGGCGGCGAAATCCCTCAGGCAATTCTGCGCGGTCGTCCGGAAGTGGCCCGGGATGTGGCTCGTTGGTATCAGAGCGTGTTCGGCGACGATTTTTATCTGGAGATTCAGGACCACGGCTCTCAGGAAGACCGGATCGTCAATGTGGAGATCGCTCGGATTGCCAAGGAACTGGGAATCGGTCTGATCGCCACCAACGACGCCCACTACCTCACAAGTCATGACGTGGAGGCGCACGATGCCCTGTTGTGCGTGCTTACCGGCAAGCTGATCTCCGACGAGAAACGGCTGCGATACACCGGCACGGAGTTCATTCGCAGCGAAGAGGAGATGGGTCGGTTGTTCGCCGATCATCTCGAACCCGAGATCGTTCAAGAAGCGATTGCCACCACATCCCTCGTGGCCGACAAGGTTGAGGACTATGACATCCTTGGCCGCTATCAAATGCCCCGTTTCCCGATACCTGAGGGGCATAGTCCGGTGAGCTACCTCAAAGAGGTGACCGATCAGGGGCTTCGGGATCGTCTGGGTCTTGCTGCCGATGCATCGATCGATGCCGACTACGGCGAACGCCTGACCTACGAGCTCGGAATCATGGAGCAGATGGGCTTCCCCACCTACTTCCTCGTTGTTTGGGACTACATCCGCTTTGCGAGAGAACAGGGGATTCCTGTGGGGCCAGGGCGTGGCTCGGCAGCGGGCTCCTTAGTGGCCTATGCCCTCGGAATCACCAATATCGATCCAGTCAGCAACGGTTTGCTCTTTGAGCGTTTTCTCAATCCAGAGCGCAAGTCGATGCCTGATATCGACACCGACTTCTGCATCGAGCGCCGCGGTGAGGTGATCGATTACGTCACCCGTCGCTACGGCGAAGACAAGGTGGCCCAGATCATCACCTTCAACCGCATGACCTCAAAGGCGGTGCTCAAGGATGTGGCACGCGTTTTGGATATTCCCTATGGCGATGCCGATCGTCTGGCCAAGCTGATCCCTGTGGCCCGCGGCAAGCCAGCCAAGTTGGCGGCGATGATCGGCGATGAATCGCCCAATCCCGATTTCCGCGAGAAGTATCAGAAGGATCCGGTGGTCAAACGATGGGTTGACATGGCGATGCGGATCGAGGGCACCAACAAGACCTTCGGTGTGCATGCCGCAGGTGTGGTGATCGCAGCCGATCCCCTCGACGAATTGGTGCCGTTACAGCGCAACAACGACGGTCAGGTGATCACTCAATACTTCATGGAAGACGTTGAGTCGATGGGCCTGCTCAAGATGGACTTCCTGGGGTTGAAGAACCTCACGATGATCGACAAGACCCTGGAACTGGTGGAGTCGAATTTTGGTGAGCGCATCGATCCCGACAAGCTTCCTCCCCAGGATCCAGACACGTTTGCTCTTCTCGCCCGTGGCGACCTGGAGGGCATCTTCCAGCTTGAATCCAGCGGCATGCGCCAGATCGTGCGCGATCTAAGGCCTTCGTCCCTGGAGGACATCTCCTCGATTCTTGCCCTCTATCGACCGGGGCCCCTGGATGCCGGCTTAATCCCCAAGTTCATCAACCGGAAGCACGGGCGTGAGGCGATTGATTTTGCTCATCAGGCCTTGGAGCCGATTCTCCAGGAGACCTACGGGATCATGGTGTATCAGGAGCAGATCATGAAGATCGCTCAGGATCTGGCGGGCTATTCCCTTGGTGAAGCCGACCTGCTCCGCCGTGCGATGGGCAAGAAAAAGGTGTCCGAGATGCAGAAGCATCGCGGCATCTTTGTGAAGGGTGCCAGTGAACGTGGGGTTGCCGAGAAGGTTGCCGACGAACTCTTCGATCAGATGGTTCTGTTTGCTGAGTATTGCTTCAACAAGAGCCATTCCACCGCCTATGGCGCGGTCACTTATCAAACCGCTTTCCTCAAGGCCCACTACCCGGTGGCGTACATGGCGGCTTTGCTCACGGTGAATGCCGGAGCGAGTGACAAGGTGCAGCGCTACATCTCCAATTGCAATGCCATGGGGATTGAAGTGATGCCTCCCGATGTGAATGCTTCAGGCATCGACTTCACCCCAACGGGGCAGCGCATCCTGTTTGGACTCTCCGCTGTTCGGAATCTTGGCGATGGCGCCATCCGTCATCTGATTGCGAGCCGGGAGGCCGACGGTCCGTTCCAATCGCTGCCTGATCTGTGTGATCGCCTGCCCTCCTCGGTACTCAATCGTCGCAGCCTCGAATCGCTGATTCACTGCGGAGCTCTTGATGCTCTTGAGCTCAATGCCAACCGTGCGCAATTGATGGCGGATCTTGATCTGCTTCTCGATTGGGCCTCCTCCAGGGCAAAGGATCGGCAGAGCGGCCAGGGCAATCTGTTTGATCTAATGGCTGCCGCCACCTCGACTGAAGGCGAGACGGCCAATGATCTGAGCATGGCTCCGAAGGCCTCCCCTGTGCCTGATTACCACCCCACTGAGAAGCTCAGACTTGAGAAGGAACTGGTTGGTTTTTATCTTTCCGATCACCCCCTCAAGCAACTCACCGCCCCGGCCAAGCTGCTAGCACCGATCGGTTTAGGCAGCCTTGAGGAGCAAGCCGACAAGGCCAAGGTGAGTGCGATCGCCATGGTGAGTGAATATCGCCAGGTGACGACGCGAAAGGGAGACCGTATGGCGGTTCTAACCCTGGAAGATCTCACCGGCAGCTGCGAAGCCGTTGTGTTTCCCAAGAGCTACGCCCGTCTTTCAGATCATCTGATGGCGGAAGCACGCTTGCTGGTGTGGGCAGTCGTTGATCGCAGGGATGAACGCGTGCAACTGATCGTCGATGACTGTCGGGCGATCGATGATCTGCATCTTCTCTTGGTTGAGCTCCAACCCGATCAGGCCAGTGATGTGGCTGTGCAGCACAAACTCCGGGAATGCCTGCATGCCCACCGTCCGGAACAGGACGAACTTGGTGTGCGTGTTCCCGTGGTTGCCGCAGTGCGCAACGGGGCCGACGTGCGTTATGTGCGCTTGGGATCCCAGTTCTGTGTCAAAAATGCCCAGCTGGCGGCCAGTCACCTCAAGGAGCAGGCTTTTGAAGCCAGCACCAAAGCCCTGTTTAGTGGGGCCCCATCTGCCCCATCACCCTGACCTGGCAATCCTTCACGAGTTGGACGATCAGGTCTTGCTGTTCTGTGCCTTCATTGACGACCGCAGTCGTTGCATGTTGGGCTTGATGTGCTCAATGCCCAGCAGACTTCCAGGCTGCGGTTCCCAGCTTGCAGACAGCACTCCATAACTCAAACCCAGGAGGCCCAACAGGAAGCAGGCGCCTGAGCTGATCAGGGTGACGCCTGGTGGAATATCGAGGATCTGACGACTCACCAGCAGATAGCTGATCACAAACACCGCCATGCCCATCACGGAGGGCACACCCGTAGCAATGGCGACACGACGCGCCATCCGATTCGCCACCGCTTTGGGGATGGGTTCGGACGACGCTTTTGCCGA
NZ_CP138971.1_gap52	1950597	1955130	4533	CAGGCACGCTTGGCCTTGCAGTTCTCGCTGCAATCGACAACCCACCACGCCTGCTTTCGACCGGAGTACGCCGGTGGGCATATCGCGCAATTCCCTTGCATTGGTGATGCCGCGGCTTCGGCACCAATGGGCCAGCTTCCGGCCGATCCCCCAGACGTCTTCGATCGGGATCGCCTCCAGCCAGGGATCGGGATCGGCGCAGTGCCCCAGATCAAACACGCCGGCATGGGAGGACATGCCTTTGGCGAGATGGTTGGCGAGCTTGGCCTGGCCTTTGCTGCTTCCCAGGCCGATGGCAATCGGTAGCCCCAGGTTGCGTTTGATCTGGGCGCGCAGCAGCCGGGCCCATGCGTTCAGATCGCCGTTGGCGGGCCTGGTGAGATGGGCGAAGGCTTCATCGATCGAATAGATCTCGAGCTCTTCCACCTGGACCTCCAGCAAGCTCATGAGACGCTGGCTCATGTCGGCGTAGAGGGCGTAATTAGAGCTGCGCACCACCACATTCAGGCGTTGCAGCTCCCGTTGGGCTTGAAAGAAGGGTGTTCCCATCGCGATACCCAGGGCCCGTGCTTCAGCACTGCGGGCCACGATGCAGCCATCGTTGTTGGAGAGCACCACCACCGGCTTCCCCTGTAGAGCTGGATCGAGGCTCTGCTCGCAGGAGGCATAGAAGTTGTTGGCGTCGATCAATGCGATGGCCTGGGGCATCAGAGTGGGTGGATCACGTGTATGGCTACGCCCCAGATCTGCACATCGATGCAGCGCTGAAGCTCCAGGTTTGGATAGTCCGGATGGGCGGCCTCCAGGTGCAGACCATGCCCATCACGCATCAGGCGCTTGAGCGTGAAGGCGCCATCCAGCACGGCTACAACCACTCGGCCCGGCCTGGGCTCGAGGCTGCGGTCGATCACCAGCAGGTCGCCGTCATGGATGCCGGCACCGATCATCGAGTCGCCGCTGACGCGTAAGAAGAACGTGCTGCTGGGGTGGTGAATCAGCTGCTCATTCAGGTCAATCCCGACGTCCACATAGTCGTCGGCTGGGGAGGGGAACCCTGCTGCTACCCGTGCTTCGGCGAGGGGGAGTGCAAGCAGACGGCGCCGGGACCGGAGCGGCAGCGGCGTGTTCGGGAGCTCCAACGCGCGAACCATGCATCTGCCTTTAATGGTACAGGTGTTCTATAGAGGAGTGGTGTGGTTGTGGCCCGGTGGCGGAGGATGCTTGCTCAACAAGGCTTTTCGCGATGGCTGACGCCCCTTATCTCGTTGCTCTGGCGTTGATGGAGCAGAACGGGCGCCGTGCCCTGCCGCTGGGAGGACGATCTCTGCCGGCCGATGCCGCTTCTGATTTGACCGGTGACAATCCCCATGCGATCGCCCGTGAGCTGGCTCTCGAGTTGCTGCTGCGGGTTTGGCAGCGCAGCGATGAGGGTTCTCTGCAGCGGGCGGCGGGCCCCGCCAGTTTTCTGTTGGTGGAGTTGCCGATGGAGCGTCTCCCGGAGGATCTGCCGGCGCTCAAAGCGGCTTGGCTCAACACAGGTGACACCGAGGCCTTTCAGGAGGGACTGCAGGCGATCGTTGGGAGGGCCTGGACGGTTGCAATCGAGAAGTTTCAGCCACTCACCTTCACGCCTTGGCCGCGATGAGCTCGGCAAGAGCGTCAGCGATCAATGCCTGGTTGCTGCAGTCGAAGTGAACGCCGTCGAGCTGGGATGGGCTCGCGACGGTCTGCACGTTGAAATAGATCACTCCCATCTCCGCCGCTAGTTGGCGATAGAGCTCGGCCAGGGCAATCGACTTCTCGTCGGCGCCTTCAAATCCCCAAGCCAAGGACTGGGGAGTGATCTGGATAGCAGGAGGCGTCATCAGAATGATCGCCGGAGATTGCTTTGGCATGGCTCTGGGGCCACAGTCATGGGCTCTGCGGATGTCGTGAATGAGAATCTGCGCCCCTGTGGTGATCTGTTCAGCCGCAAGGTTGAGATAGGCCTTGCAGTCATTGCATCCGAGGGCCAGAACCACCGTATCGAGAGGTTTGTGGCTGTGGAGAGATGTCATCAACGTGCTCCGGCCGCTGCAGCTGTAATCCGCTCCATAGCGCGCTGCTCCGATGGGATCGTCCAACAGCCAGGTGCGGGAATTCAGCCCTTCTTCAATGACATGCCATTGCATGGCAGGTCGACGCTCGTGGAGATTCTCTGCCAGTTGCTGTGGCCAGCGCAGACCATCGGCAATTCGACCACTGCCATTGGGATTGAATCCCCAGGTGTTGGAATCACCGAAACAGAGGATGCGTCGGTGGTCAGGCAACGGCGGCTCAGCGTCCGTCACGTTCGGCGATGGCTGCATCCAGGGAGATGCCCCGTGTTTCTGCAGTCGTGACAAGGCGGTAGGCCGTGAGGCGATCGTTCACGACATGGCAGTGATCGCCGGCGTCGCAGATGCGGAAGCGACCGCCTTGGATGAAGTCAGCGGTGAATCCGGAGGAGGTTCTGAGCATGCGCATGATTGGCTGTCTCCGGTTGGAGTCATCCTCGGACTGACTGGGCCTGCGCGCTTGAGGAGGAATACCTAAAGCAGGCGACGAATTAAGCGATTGCTCTCATTCATCCCTGCGTCACCTTGTTTAGACCGGACGTACCCCTGGAGGTGGAAGTGATGCATTCGTCAGCCATGTCAACGACACCCAGCAGTGGAGAGTCTTCTCCGGCGTGTCGTTGGCCTCCCAGGCCTCGGGTCATTCAGTCGCTCCTGAGCCTGGCCTGGAGACATCCTCGCTCTGAACGCCCCGCCTGGTTGCGGGCTGAGGTAGGCGAGCCTTTAGGTGCTGATGCTCAGCCATTTGGCGAATAATCAAGCATCGTCATGCTTCAGCCGGTCAAGACCTGCTCGGCTCTGGTGGGTTGTGAAACCCCTTCTTCGCTTGACTTCAGCTGCCACTGAAGGGTGGTGGTGCAGGGGTCAGCTGAGATTGACGAGAGCTGGATCCTGGAGGAGGACGGCGCGAGGGGAGTGATTGGCTCGGCCGTGTTGAGGGTGAAGGCAGAGGTGAGAGCCAGCAAGGCTCCGATCAGACCAGATTCAAACGACATCATTGATTCAGGCTGGTGGAGGCTCTGACCTCCGGATGTCATCAACGTCGCTGTTCTGGTCAACCGATTCGATAATTCAGCTCACAAACTGCTGTGATGCTGGTCACAACCCAGACCCATGGCTGTGGAAGCAAGGCGGAGATTGGCCCGTTCAAGCTGACGTTTTTTACTGTCTACAAGGTGGTGACTGGAGACCACACAGCATGATTCAAAACCATCTTGCTGGAGGCACACCCTCAGACAGCCATCCTCCAGCGTGGTGACATGCATGACGATTCCTGCTGAATGATGGGGTCATCGTGCGAGCTCTGCAGCGATGCGACCAGGGGCATTTTTGCCTAAAGCTGTCTGGCTTTGCAATCGAGATGTCAGCAACCAAGGCGATGACAAGTGCTGAGACTGGTTGAATGATGAAGGCTATTTTGGTCAGGAATTAAGAGTCAATCCCTAAACTCACCGCTAAGCTTGCGAGGGAATTAACTCTGTCATGGCTGATCACAACTCAAAGCACTTCCAGCTCATCAAGTTGGAAGACTCATGGATGCTGAAGACATCTCATGTGATCAAAGATCAAGATGGTGATTGGCTGCTAAGCAGAACAGAGCTTCAAGAATTGATGGCTTTACTGGAATCGGCCAGTGATGATATTTAGAGATGCCTCATGGCGCAGTGTTTGATCACTGCGCTGCTTGAAAGCCATCCAGAGACTCGAGAATGAATGGATTCAGTCGGGATTGAGTATTCCATTCTGGCCTAATGACAGAGGCTTTAGCCTCGAATCGCTTAAAGGATCAGGAGGCAAGCGAATTGAGGGTCAAGAGGGAGGTATTCAAGTCTTGAACGTTGCAATAAACTCACTCGCCTCCTCTCATCAGAGTGCACACCAGCAGAAGCAGCTTCGGATCGATAGGTCACGTTCAAGGCAGGGAGCTTGGTTGATGGCTGATCCCCTATGCCGTGGTTAAAAGCAGTAGCAGGTTGATACTCAAGATCAAACTAGGGATTGATCCGGCTCGATCATGGACTCTCAGCTAGGCCTGAATCAAGAGGATTGCGGCAAGACGCCAACGGATTTGGATCGACTCATTTGCTACAGGTATGGCGTGGGTATGAGGCCGGCCAGGAGGTCAAGGTATACAGGCAAAGCGAGTCTTAGGATTAAGGTTGCCGAACAGCTGTGAAATTAAACTCAGATGAGCCTCAGTCAATTTGAAGTGGCCGTTGGTGGTATTAGCTCTATCCCAGTCCTATCAGCAATTATATTTGGCCTCTACAAAGGCATGGGTGAGAAAAATCTAGTCAGTACGCAGACAAAGAAGAAAACCACTGTGAAAACCTCTGCGAAAAGCACAAAGGGAGATCAAAAGCCGACAGACAAGCCAGATAAGGTATCAACTCAAAAAGCAGAGAACACTGCTCAGGCTGAAAAGTCAAAAGTCAAG
NZ_CP138971.1_gap53	2021739	2024558	2819	TTGAAAGTAGTCGCCATTGGAGAGGGTGAAATTCCAAATCTCGACCTTGCCAAGCTTGTGATGATGCTTTGTGGTTGTCGGGCGTCCTTCTTCAGCCATGGTATCGATAAACACTTTGGTCTCGTCGATCGAAAGGCAAGTCAGAGTTGTCATTTGTATCCCCGTCCATACATTCAATGTTCATCCAGGTGGCCTCAAGTGCATGAGCAACGGTCCTGGGCTTGGTGAGAAGGTTCTGAGTCTTCTCACGACTCATGTTAATGATTACTTTGTTGTGAAGTGGATGGCAGCACTCAGTCCAGCATCCAGACCATCTGTTGTCTTGTAGCTACTGCCCAGCTAGAACGATAAAGAATTCTTGTTTCGCTGTGCCTCGAACACCTGCCTTTCTCTCAGCTTTTCAATCCTTCATCAGCAAGGGAAATGTTGTTGATCTTGCGATAGCAGTGATTATGGCCGGCGCGTTTGGCAAGGTTGTTAATTCTGTCGTCACACTGTTGATGACGAATATCTTGGAGCCGGCGTTGAAAGAGGCCAATGTTGCCTCACTCTCGCAATTGCCGGCAGGGGAGGTTCTTGTCGCTCTGATTAATTTTATTGTGATTGCTTTTGTTTGCTTTGTGATTGTCAAGACCGTAGAGGCGACCAAACGAAAGCGTGAGGCTGTCGAGGCCTCTAAGCCAGACCCGCAGGCCCAATTGGCATCTGCGATGACCCGTCTGACTGAGGTTATAGAGGCTCAGTCTTCATCGCTTAACAGTTAAAACGAATCTAGTCACGTGACTTTCTGCATTCAGGTGTGAGTTTGCGATTTCAGCTTGGCAACGTAGCTGTTCGTGCGTCCGTGCCGGTTGCTGATTCAACAAGTTCATTTTCGATCAGCATATTGAAAGTGAGCAGTTGTTCATCACTCAGTGCTTGACGGCTATTTGCACCAAGTTTGTTTTGAAGGAATGTGCGTGCCTGCTCTCCACTCCATTCCAGCTTTTCCAACATTTGATCCCCTTGTGTGATCAGATCGCCTCTGCGTAGCGGGACCGGTGCCACGTCGACAGGTGTTCCTGGTTCTAAGGCGTTCAGCCGTTTCAAATAGGCAATCAGATCGCTGTAGCGCGTCAGTTTGTGGCGGCTGCTGTGTCCGAAGGCGCGTTCCAAATAACTTCGTTCCTGTTCACGGTCCCAGCCGATGCGCTGGATTTCGAGATCCACGGCGGCTAATTCGTCACTCCAGTCGTCTGGATCAGTAGGCGCTTCACTCGGCGCAGCTTCGGCCTGGACGACAGCCATGGTCGGTGTGTCTGTCGCCGTCAAGTGGGCTTGATCGATTGAATCCCCTGCCATCGTCGTCCGTCTCAGGCTGCTCGGTTTCGGTGACGAGGGTCTTAATGGTGGTGTCTGTTCCTTCCTCCCTTCAGGTCGAGGCGCGGGTCGCGTGGGTTGATCTGATCGTTGGATTGGTGGTGTGCTGGTGTCTGAACCAGCAATGACCTCGGATTGCAGTTCCGCTTGGAATCGACTTCGCAGTCTCTCCAGGGCTCGATCCTCTGCTGCCTCTGCGCTGGCTCCTTCCCCCAAAGCGCTGCCTAGGGCCTTCTGTTGTTCGAAGGCAGTCACAAGCACCACGCAGCGTTCGTGATCGATGTGGCAGAGCTGGGCCTGGGTGTTCATTCCGCATCCATGAGCTTCCTATTTCTAGGCTGACCAGCATGGATTCAGCAGCTCTCCCCTCCCTGATCCCGTTGCTTGATGGTGTCGACCGTTGGGGAGAGCTGTTGCCCTTGCTTCCGGTGTTGGTTTCGCTGGAACTGATCCTGTCCGCCGACAATGCCATTGCTTTGGCGGCCATCGCCCGCTCCCAGAAGGATCCAGAGCGTGAACGTCAGGCCCTCAACTTGGGTATCGCCATGGCGTTTGTATTACGCATTGGTCTGATCCTGATGGCGCAATGGGTGCTGGCCTTTCGTCCGATCCAGCTGTTGGCCTCTGCCTATCTGCTTTGGCTCGTCTATCAGCACCTTCATGAGAAATGGCTGGGAGGTGGAATTGAACTGCAAGATCAAGGCGCTGATGATTCTGCGGATGGATCCTTCCTGCGCACGGTGATGGCTCTTGCCTTCACCGATCTTGCATTCTCAATCGACAGTGTTGCCGCCGCAGTCGCGATCAGCGATCAGCTCATCCTTGTGGTGACTGGTGCACTCATTGGGGTCATCGCTCTTCGCTTCACATCAGGGCTGTTTGTTCGCTGGCTAGCGATTTTTCCGCGACTTGAAACAGCAGGATTTCTCGCCGTTGCTTTTGTCGGCATCAAGCTTTTGGTCACTCTGATCTGGTTAGGCCTTCGAGTGCCTGAGTGGTTCACCCTTGCAACAGTGATTGTGTTGCTCATCTGGGGGTTTTCTGAAAAGTCTTTCCCCACTGCAGAGGAGACTTAATCATGCTTGTTGAGTTACGGCAGTCAGGCAGCGAGAGATTGATTGATCGGCTTGACCTTGTTGATTCTCCCCATCCTGGACGGTGGTTTGAGCACAATGCTCATAGCTATCTAATCTTGCAGCGTCGACATCGCTACGCCTTGCGTTTGGGCCGCTATCAGCTCGTTTCCGTGGTGTTGCTTGTGAAGCAACAACGGCAACCTGTTGATGCACAGCGTTATCGCCATGGTTGGGTCATCGGAGATCCCAGCTGTCGTTTCAATGCTCTTAGTCCGCTTTTGCGTTGTGCTGTGCTGCCCGATGGCCCTTGTCAGGCTTGCTCGCATCATCAACCACGCAACTGATGACACCACTTCCCTCAATGACCTGGCATTGGTGCCGACT
NZ_CP138971.1_gap54	2026836	2030411	3575	CGAAAGTTCGATGGCATTGAAGGTCAAAGTACCAGTCAAGGTCAATTGTCACTGGTGTTCCCTCCTCCGGGAAAGATCAATCTTGATATGCTTTTGCTGTATGAGAGTGGATCAATGAAAATGGTTGCTAAGGGTGTCTGTCAAGATGCAAATGCTTCAGTATTTGAGAATGCTTTGAGTCAATGAGGCTTCTAATTTTCCTTGGCTCTTAGCTTCTTGTTAGTCCTCACCACCGAAGGCTATGCAAAACCCACAAGGGAAAAGCAGTGGCGGGTGTGTTATCGCTATCAACCTGCCGACACAAAATTTTCCGAGTCCTTGCCGTCCTGATCAACACAGAGCAGGTCAAGGTCTGCCTCCTGGCAGAGGAAGAAGGCCTCTAGGAAGCGTAGACGAGTAACTTGATTGGGTTGATGAGCTCATGCCAAAGCTGCAGCCAAGTAACTGCTGTTGTCTGAGCAGATCACGAACTATCAAAGTAAAGGTGACGAATTGATGGAAGAATCAGAAGCCACATTCACGCAGCGAGTCATCGCGTTTGTTGTGTGCTTCACCTTCCTGGCAACTGTCTTATCCATTGGCTTTATACGCTCACATTCATCAAGCCCGCCAGATACGGGTGAGGCAACTGTCAACCGAATTCGCGATAGGTTCAGAAATCTCCGCTAGCTCATGGCAAGCAAGACATACAGTGAAGCCTCAGCTCGTACAGAATCGCCCATAAGTCTCATTAAAAGCCTTCAACGCTGTTGTGAGCACCGCTTCGATCCCGAATGATGGTCGGAATGAAGAACTGAGCCTTGATCAGCTCAACGAACTTGCCGGTGGGAATCCAAAGGGACCAGACACCAAGATCTATGGAGGTCCTGCAGGCACTCAACCCTCCAGCAAGCAAGGGCCAACCAACGTGCCTCTCCCAATGGCAATCTAACGGATACCGGTGGATTCCAATTAGAAGGAACCGTCATGTAGGTTTTGGCTGAAATCTCTAATGTGGAATCGATATACAGACCACTTCTCTTGTCTCCCGGTACCCATCCCGATTCAAAAATGAAGGTGGTCGGTATCTCTCCTGACTGTGCGCTAATTCTGCAAGAAGGCTCTGCATGGGCTTGAATCAGCAAGGTTTAACTATGACTATTTCCCTTAGGGTCCCTCGCAGGCGTTGCTGAGAGTCGTTGATGCTGCGAATAGGCGAGCTTCCATTCTTAAGCGGACTGCTAACGCTCTGATCTTGAGAGGATCCCTTTCGCAGAAGTCGATCTCATCAGTTGCTTTATCTACTGGGCGTCAGGCCTACTCTGACGAGGGTATTATTAAAACGAGAATCAGTCTTAACTGGATGGGTTTGCAGCTGGTAGCCAACTCCGGCGTGAGCTCTTGTACCTGCGCCTGGCTCGATTGTTTCCTGGCTCATCTGTTGTGAGCTAGCTGCGACCAGGGTGGGTATAGCCGTTGGTTTAGGCCTTGTTCAGTCTTCAGTCCCTTGGGTGGAAGCGACTGTCATACCAGCGGTTTCATTAGAGAGATGCATCCCTAGACCATATGCACTCTATGGATGCCACTAAGCCTTATTGGAAACTCCCATTGCTTCGGAGAAAACACTGCTAGAGCTTGATGAGCTGGATCGCATCGGATGAGTCAAGAGCAGCTGCAAGCCCTCATGGACAGGATGGATCAAGAGCCTTGCCTGCAAAAGGATTTCCTTGGATCGGGTCTTGATCCGATTCAGTGGTCAGTTGAGCAGGGATATGTGATCAACCGTGAGGATATTGAGCTGGAGGATTACCGCCGGAAACGCCTTGGCGGACAAAACCCCTTGCCCTGGCGACTGTTCTCGCAGTTCTGCTGGTGATTTTGGTCCTCCCCATTGGGAGAGCCCATTGCCCGGTCCTCCCTAGGTCTTGCTTCTAGGGTGATGAATCATCGCTTGCAGGTCATCACCGCTACTGCCGCCCCTTCGTCAGCGTCCTCATCAAATTTTGATGACCTGGGTCTCAGTGCACCCCTTTTGAAGGCACTGAGCGAGAAGGGTTACAGCACACCATCGCCGATTCAGGAGCAGGCCATTCCGGCTGTGCTCAGCGGCCGTGACTTGATGGCGGCGGCTCAGACAGGCACGGGCAAAACTGCTGGATTCACCCTGCCCATGTTGGAGAGGCTCAGCCACGGAGCCCGTTCTGGACGTTGCCAGATCCGTGCTTTGGTGCTCACCCCTACCCGAGAACTTGCCGCGCAGATTCTTGACAATGTGCGGGTTTACAGCCGCCACTTACGCCTTCGCAGTGATGTGGTGTTTGGTGGGGTCAAGGTCAATCCCCAGATTCAAAGGCTGCAACAGGGAGTGGATTTACTGGTCGCCACTCCTGGACGTTTGCTCGATTTGTATCAGCAAGGCGCCATACGCTTTGAGCGAGTTGAATTTCTTGTGCTTGATGAAGCCGATCGCATGCTTGATATGGGCTTCATTCATGACATTCGACGCATACTCTCAAAGTTACCGGAGCGACGTCAAAACCTATTGTTTTCAGCCACCTTCAATCCATCGATTCGCAAGTTGGCTACAGGGCTGCTCCATGATCCGTTGCAGATTCAAATCACTCCGCCGAATCAAACGGCCCGTACCGTTCAGCAGTTGGTTCATCCCTGTGATATGAAGCGCAAGCCTGAACTGCTCAGTCATCTGATTCGAACCAATAATTGGCAGCAAGTTCTAGTGTTCTCTCGTACAAAACATGGGGCCAATCGCGTTGCTGAGCGCCTGAGCAAGGAAGGGCTTTCAGCCGCTGCGATTCACGGCAATAAGAGTCAGGGGGCACGTACCCGAGCTCTTCAGGGCTTTAAGGATGGATCGGTGCGAGTGCTGGTGGCCACCGATATCGCAGCACGTGGGATCGATATCCAGCAGTTGCCGCACGTGGTCAATCTCGATCTACCCAACGTGGCGGAGGACTATGTCCATCGCATTGGTCGTACAGGGCGAGCCGGCGAATGTGGTCATGCGATTTCTCTCGTCGCGGCGGAGGAATCCCTTCTTCTCAAGGCGATTGAGCGCACAACTCGTGAATCGTTAGAGAAGGTCTTGATCCCTGGTTTTGAGCCCACCGTTCTGGAAGCCCCACCAATCGACCTCAGCGGAGGCCGTGGTCGTCGGCCCTCTCGGTCAGGAAGTGGATCAGGGACGCGCCATGATCGTGGCCGGGCCGATAAACCTCGTTCCAAATCATCCGCGCGCCCAAGACGTACCGGACGGACTTCGCAGCGCTGAGCTGAGCGACCCCTATGGGCTTCGATCCACGACGCAGGTCAGCTGATCCTCGTGCTCGACAAGTCACCAGCAATGTGGATGCTTTGTTGGCTGAGAATGAAGCGCTGAGAAGGCAGTTGCGTCAGCTTCAACACCGCCTAGAGCTTCTTGAACAGAGGTCTGACCCATCTCCACGCCATAACCAACAGTCAAAACAAGCACCCTCTGGGGGACGCGTTCATGTGACCACCGCGCAAGTGGATTCCTGGGGGCAGGCTCTCGCTCAGCAGCCTGGCTGGAGCACACTGCGCGCCCAGGGGCTTGAGAC
NZ_CP138971.1_gap55	2031704	2036483	4779	GCACATTCTTAGGAAGGATCTGCCCGAAAGCGACGACGACAGAGACATCGGCACCAAGGGATGCCAGTTGGTCGACACAGGCCGCATCCTGTTTGATCTTTTCCGGTGTGTACACGGGCAGATCGAGAGCCAAGGCTGCGTCTTTGACGGCCGAGGGCATCAGTTGTTTGCCGCGTCCGCGCCTGCGGTCGGGCTGGCTAACCACGCCAACGACAGTGTGGCCTGCCTTGATTAGGGCCTGCAGAGTGGGAACCGCGTAGGCAGGTGTGCCCCAGAAGAGGATCTTCACGACAGTCGATCTCTCAGTAACTCAGGCTTCGCCAGTGATCGCGAGACCATCCACCCAGACGTGAGGAGAAACTCCCTGATGGGTCACCTTGGCGTCAGGTTCAAGATGCACGATGCCGCTAAGGACCTGGCGGATATCACCAGCCACCGTTGCTGACTCGACCGATATTTTTTCACCATCACGCACCAGCCAGCCATCAAAGGGCAGCGAAAAGGAACCCTGACTTGCCTTCACTCCTGCATGAAGGGCATTGAGGCTCTCGATCAGAACAAAGGTGTCAAGGCTGCTCGAATGATGGAGATGGGTTGTGCCACTCGTTGTTCCCTCGCTCGTACTCACTTCAAACCAGTCAGGACCAACCGAGACCTTGGCGCCCAGTCCGGCATGGCCGGTTGGCTCCACGCCGAAATGACGCGCTGTTGCTTCCGAATGCAGGAAACTTTCCAACAGGCCGTTGTGGATCAGGCGCAGGCGTTGTGTCGGTGTCCCCTCCCCATCGAAGGGTGCTGCTCCCACATGGCCAGGATGCAGACCATTGTCGTGGAGAGACAAAAACGGCACAGCCAGGCGCGAGCCGATCGAATCAGCGTCACTGAGGCTGACCCCATCAAGAATGGCCCGGGCATTCATCAAGCTGCTGAACGCACCAAGAAGATCGAGGAAAGCTTCCGGAGTGAAACAGACCAGATAACGACCGGTATCGATCGGTTGGTAATTGAGATGACTCATCGTGCGTTGGGCTGCCTCATCAACGCAGCCCTGTACATCAAGCCCCTCACTTCCGAGTGCGACACGTATCGCGCCGCCACTGCGGGGCTTGCGGCCCATCTCTTCGGCTCTGGCGTAGAGATAAAGACTGGCTTGTGTGCGTTGCACCTGCCTCACAGCACCGTCGCTATTCAGGTAGATCCGCTCGCTGCTGCCTTCACTGAGGCCGTTGTAGGGCACGGTTTCAATCGCTTGATGCTGGCCAAGCAGATCCTTCTCAGCATGTTTAAGGGTGCTGAGCAGTTTCTGAATCCCCAAGGCAGGTTGCAAGGGCCGGTTCAGTTCCGGTGTCGGTGCCATGGCAAGCGGTGAGAACCCGGGAATATCGTTGGCATTCCCAAATTGACTGGCGTCTCTCGCCCCGATGAGTGCTCGCTCAAGGCCTGATGGCGAGAGATCGGTTGTACTTGTGATCCCCACCAAGCCTGCAGCGTTCCAAACACGCACGGTGATGGAACTGCGCTGGGAGGCTTTCAGCTGCTTGGCTTCACCGCGGTCCACCTGAACGGTGGCATTGCTACTGCGGCTTGCCCCTAGATCCCATTTGTGGATCCCTTCACGATGGGCCATCCCATCGAGCTGGTCCCGAAGGTCTGAAACGTTGAGCGCTTGAGGTGCAGTGCTATTGGTGCCTGACATGTTCAGCGGCCTCCCACGGTGATGGAATCGACCTTGATGTGAGGTTGCCCCACGGTGACAAAAATGCTGCCGCTGACAGAACCGCAGTATCCGGCTGCAAGATCTAGGTCATCAGCACACATCGAGATGCGGGGCATCACCTCCTTGGCTTCGCCGATCAAGGTGGCTCCTTTCACGGCCTGACCCAATTGACCGTTCTCAATCAGATAGGCCTCCTCAACTGAGAAGTTGAACTGGCCTGTCGCTCCAACACTTCCACCCCCCATCGATTTGCAATAAAGCCCTCGGTCAATTGAGCTGATCAGCTCTTCTGGTCGATGGGGACCGGCAGCGATGTAGGTGTTGCGCATGCGACTGGCTGCTGCGAAACCGTGGTTTTGTCGCCTGCCACTGCCTGTGCGCTGATGGCCTGTTCGCATCTCACCTGCCCGATCACTGAGGAATCGTTTCAGCACTCCGTTCTCAATCAAAACGGTTCTTTGCGACTCCATTCCTTCATCATCCATGGCAATTGAGCCAAACGCACCGGCACTGAGGCCTTCATCAATGGCCGTGACCGCAGGATTGGCAATGGTCTGGTCAACCATGCCGGCGAAGGGCGATGTCCCTCGTTCCAGTTGGGTGGTTTCCAACAAATGGCCACAGGCTTCGTGGAAGATCACACCACCGAATCGATTGGCCAACACCACGGGCATCTGGCCTCCATCCACATAGTCGGCGTAGAGCATGGTGGCTGCGCTCGCACAGACCTCTGCCGCCGAGGCGTCCACATCCCAAGTCTTGAGGTCGTCAGGCCTGTCTGTGGAGCCATAGCGCCGTCCGATACTGGCCCGGTGCTCACCATCGGCAGCGAGCACACTCAAACCACTGGATTGGTGCAAACGGATATCGCGAGCAAAAGTCCCATCACTTGCGGCGACAAGCACCTCCTGCCAGTCACGTGAATAGCTACCGCGTCTGACGTCGAGGTGTTGTCCATGCCGCTGCAACAGATCGGTTCCCTGAAGCAACAAGGCCGTGCTTGAGGAAAGGTCTGGGGCCTGAACGAGCCATCCCTGTTTCTCTAATCCAAAATCGCGCAAAGGCCGTAGGCCCTCGAAGCTGCCCAAACTTGCTGCAGCGTGGCGTTCCAGATTGAGCATGCCAAGCGCCTGATCGAGGGCCCTGAGAAGCCCGGCGTCGCTGAGATCGTTTGTGCTGACGAAGCCATCGCGTTGGTTGCTGAAAACACGAATTCCGGCCCCCATCGCAAATGCTGGACTGACGCTCGTGATCGTGTCCTGTTCAGCCAGGACACCGATGTGGTCCGTGCGTTCGAGAAAGACCTCCACGAGGTCTGCCCCGGCCCGACATCCTTCTCCGAGCAAGGCTTCGAGCCGCTGCTGCCAAGCCGTCTGGGCCGGATCTAGCCCATGGTCTTGGCGTTCCGTTGGATGGGATGCAACCAAACCGCCCGAATGCGTCAAGCTCTGATTATGGAGAACTGAACAGAACAATGCCCGGCTTGCGCCAGGCATTGACAGATGCACGTTGTGAGATCTGGCCGACGGTGAGTCGTTTGCGATTGACTAGCGCACGGCTGGCTGGTATTGGTCACTGCGCACAGGCGACATCAGGAAGAGGGATGCCATCTGCACTCCGTTGGCCAGCCAGTGGGGCAATTTGCGCACCAGCTTCAGGGGAGCAGGTGCGCTGCTGGCATCGGCTGCAGCCAGGGCAGCATTGTTGTTCACAAGGTTTTCAAGCCCATCCCAGAACTTGGGATTCTTGACATCGAGCACAACTGGGAAGACTCGTGCCGATGTCTCGTTGGTCTTGTCGATGACCATCCGGTCGTACTCGCGAGCGTCGAGACCCAGGGATTCATAAAACTCCTTACGAGCCACATCACGCACATACATGGTCGCGAAAACGGCCAGAAGAAAGAAGCGACAGAACAAACGAGCGCGAAAGCCGCGAACGGTGTCTGGCTGCGCTTTCATCAGGGCATCAAAGAAGTCGCCGTGACGGTTCTCGTCCTGACACCAGTTCTCGAAGAAGTTGAAGATTGGAAAGATCTTGCTGTCTGGGTTTTTCTCTAAGTGACGGAAGATGGCGATATAGCGCCAATAGCCAATCTTTTCTGAGAGATAAGTGGCGTAGAAGATGTATTTAGGCTTGAAAAATGTATACTTTTTGTTGGCAGTCAAAAAACCCAAGTCAAGCTGCAAGCCGAAGTCACTCATTGATTTATTGAGGAATCCAGCGTGGCGTGCCTCGTCTCGGGCCATATGGGCGAAACACTCAGCGAGGAGAGGATTACGCGTCTTGATCCGGCGACTCAGTTCTTTGTAAAGCAGAAAACCTGAGAATTCTGAGGTGCAGCTCTGCTCTAGAAATTCAACAAAAACTTCTCGTGTTTTGGGGTCGAGCTTCTCGGCGGCGCCGTCGAATTCACCATTACGGACAAAATGGTGGCGGTTGTAATCCTTTCGGAACTCTTCGCAAATGGCTTCTAGTTCCGCCTCGTTGGGGCGGAGGTCCATCGCCGCCATCTCATCGAAGTCGGTCGTATAGAAGCGGGGCGTCAGGATCGTGTCCTTGACCGGGTCCTTGATGGAAACGGCTGAATCCGCTGCTGCGGCTTCACTGACGGCGGTTGGGGGCACCATCGAATCTGAGCTTCAGTGGCAACCAATGTAGGCGGAGCACCGCTGATCAAGGTTGATCGTGTTAAGCCTCAGTTGCCACCCAACCATTTCTGGCCGTTGAGCCTTTGCAACAGACGGGATTGCAGCAGGGCCAGAGTCATTCGCTTCTCGTCGATCAGAAACGACTCGAGCAGGCTCGCATCCGTGCCCGGATCTGCAAGTGCAATGGTTTTGGAGGAGGTGATGGAAGCCTCTGAGAAACACAGCCAGAAACGGCGGCCAGGGGGCAGTTCGCCATGCACCATCCAGCATGTGCCACCGACAACAGGCCGTTCGCCTTGCCTGAGATCAAGGACGGCAGGGGTGATGTTGTGATCTTGCAATCCCTTCCGCAGGGCGGGAATCAGCTCTTCATGGATGAACGCCTCGAACGGCTTGTCTTCCGGCTTCGGC
NZ_CP138971.1_gap56	2040091	2040807	716	TTTTCGAGTTTTCCCGTTTCCAGAGATCCGGTTAGCGGGAGATGGTCGAGGAGATCGGCGACCGAGAACTTCATCGTTGGGTGTGAGCTGGCCGGCCTACAGGGCCGGGGGCGGTGATCACCTTGGACAGGCCCTTGAACCGGAGCTCAAGAACCACGCAGAGGATGTCCAGGTGTTGATGGATTTTAGGTGCAGACCGGAATCAGTCTTCTCCTGAGCTTTTCAACGCTTTTGAGGACGACAACATCGGCCAGAGCAAACGGATGCCGATCAAAAGGAAGCCAGCAGAGGCCAGAAGCTGGAGCAGGTCAGCGGGCACAACGCTGGCCATGGATCCTCCTGCGAGTGCCCCGATCAGGCTGGCCAGTACAAGAGCGCTCGACGAGCCAATGAACACAGCCAGTGGTCGGTTGGATGTGCCGCTGATCGCCACGGTTGCTAGCTGAGTCTTGTCACCCAGTTCGGCAAGAAACACAGTGACGAAAGTGGAGGCAAGCAGTGGGAAATCCATCTGATCTGAGCCTTCAAAGTGAAAATTGAGTGATGGATTGCAGGGCTTGAAATCCAAGCCAGAGACCCAATCCCACCATCAGCACTCCCGCCATCTGTTCCAAACGCTCTGGGGGGAGAATTGTGGAGAGCCAACGCCCTACCAGCACGCCAACCAAGCTGGAACAGATCAGGGCGAACGCTGCCCCAACAAACACCAACCATGG
NZ_CP138971.1_gap57	2041849	2044531	2682	GCACCCCTGGGGCAAGGGCGAGCATCGGACCGATCACCCTGACCAGCGTGATCCACAAACTTGTCAGGCCTGCAGACAGATTTCCCCCATTCGGATCAGCGTTGGGCATGCCCTCTCTGATCAATTGTCGGATGAGGGCCTCACCATCAGATGTGCTGGTGCCCCAGCTCGCAAGCGCCAGAATTGTGAGTGCACCGCCTAGACAGAGGCCGGTTCGAATTGGGAAGCGCTGAACAAAAGGGGCGATCCAACCACTGCTCCAGACCAGTCCTCTGTTGAACAATCCACCCACGACTCCACCGGCAAGACCGATGGGGATCGCCAACAGCAGTTGCTCAGATTCAGGCGTCATCACATTGATGACGCCGAGACCGAACAGAGGCACTCCACCAAAGTTGCTAAAACCGGCTGCGGCAACACTGACGACAAGGGCCGGCCAGATCGTTGTGATGGCGTAATCGGTGGTGAGCTCCTCGAGCATGAACACCGCGCCTAGCACTGGAGTATTGAATCCGCCTGCCAGGCCTGCTCCACCACCGATCGCCACCAGTTGTCGTTCATTCAGGCTGGGAAGCCACTCTCCGCAGCGTCGTTGCAGAGCTCTGGCCACAGCGGCTCCTACTTGGACAACTGGACCCTCCCTTCCGAGGGGAAGCATTGCCGTTGTGGCAATGGACCAGAGCACACCACGTTGAATCGTTCCCGGTGCCGCCATTGCACCCGCCATCAGCGCCGGATCCTCTAGCGCATTCATGGTGGAGGGGATGCCTGAGCCTGCGCCGGCTTTCCAGGGACCACGCTGAAGCAACAGCAGGATTGGCATCACCGCTAACGGCATCAAACAGACCAGCAGGCCTGGGGCTGACCATTCACCGGCTTCGGTTGGAAGCAAGTCGAACAGTTTGTCTTGTAAACGATCGACAATGTTCAGAGGCCAACAGGCCAATCCAATGGCGATACCGACCACCAACAGGCCGATGAAATGACGCACCAGGCTGCGCAGTGATGAGTATTTGAGGTCAAGTAGTTCTGGGAAGAGGTGATGGCGGTGCCTCGGATCCAAACTCATGGCTGCAGTCCGAGGCCGATCGCGGCCTCTTCGATCAGGGCTGCAACGTAGGGGTGCGAGGCCCTGTTGTCGTCGCACTGATGTAGGCCGTCATCGCGGTAATCAATCACGAGCTTCTGGCCGGAAGCATTGGCGAGGACGATCGTTCCAGGCTTCACTTGTTCGCACTGATACTCCTGGCCATGACGTTGCAGCACGATGGTTGGGTGATGGGCACGAATGGCCTGGATCTCCAGCTGCAGTCGTTCCTCTCCTTGCCATCGATTCAGAGAGAGCCTGAAGGCGAGGTCAATCCGTTCTGGAGTGGAGGCTCCTCCTTTCCATCGCCAGGCGATGCCGTCATGCAGTGTTTCTCCCTGCCTCAGGCGTAAGCGGAGATGACCTCCCCGCAGCTGACGCTGATCAATCACCTCACAATCACGTGCCCAGAACAATGGAGTTGGATTGCCGATTCCAAAAGGTTCGAGTTTCTGCAACGACGACCAAAGGCCTCTGTCGATCTGATCGAATCGCAGTAGAGCCTCTGGCTGCAAAACAACTCCCTGATGGCGCGACGTCATCCATTCAGCGGCGACGTCATTCAGCTGCTCATGCAGTGCCGCAACCCGCTCTGGCTTCACGGTGAAACCACCAGCGGCAGGGTGTCCTCCAAAACGCTCAAGGTGCTTGGCACAGGCGTGCAGGGCTTGGTCGACAGCAAAGCCTTCTGGTGCGCGGACTGAGGCCCGCATCAGTCCATTGCCTTCTGCTGCCAGCAACGCGGCTGGACGTTGGTAATGATCCATCAGTCTTGCCGCGACGATGCCAATCACCCCGTGGTGCCAATGCCCTTGAGCTAGGAGCAGAAATGGAGGCAGAGGTTGCGCGTCTGCCTCGACAAGGGCCGTCGCTTCCGCCTCGATCGCATCACACAGTTCGCGTCTCTGGCGATTCAATCCATCACATTGTCGTGCGAGTTGCACTGCTGTGTCGGCGTTGTCTTCAGTAAGCAGATCCACCACCAGTCGTGGCTCACCAAGTCGACCCACCGCATTGATCCGTGGCGCGATTTGAAAGCCAATATCGTCAGCTCTCAAAGGTCGTTCTTCGAGTCCACTGAGCTGCTGCAAGGCCTTTAATCCAGCGCACTTTGTTCTGTGAAGACTGCGAAGTCCTTCCTGCAACCAAACTCGATTCGCCCCGGTGAGGGGTGCCATGTCTGCGATCGTACCGATACAAAACAGGTCCCTTGCACTGGTGATCGCGTCAGGTTGATTCAGAGCCTCGGCGAGACAGCGTGCTAGCACGAAGGCCAGTCCCACCCCCGCCAATCCTCGATACGGAGAATGTTCAGGTGTGGTGGCAGGGTGCACCAAGGCCAGAACCTGCGGTGGTGGGTCCGGGATGGTGTGGTGATCGGTGATGATCACTTCCACTCCAAGAGCTCTGGCGGTACAGAGTGCTTCTGCTGCTGCCACACCGTTATCGACGGTCACAAGCAGATTGACTCCGTCAGCGTGGAGCTCCTCAACCATGCGTGAGTTGAGTCCATACCCATCGTCCATGCGACTGGGGATCGCGGCAATTGGCTGGGCCTGAAGGGCTTGAAGCGCTCGGATCAACAACGCTGTGCT
NZ_CP138971.1_gap58	2046387	2048844	2457	GATCTGGTTCTGATCCAGGAATGTTTGTCCAGATGGCGCCAAACCGGCGAGTTGCGCACCCCTCAATTTGATAAATCTCTTCGCGGTGGCCGAGGCGATCGTTGTGGTTGGCAGCACTCCAGTGCAGATGTTCTGTTATTGGAGGGTTGGTTCTTGGGGGCGTCACCGCAAGCGAATCGAAGCCTTGACCCTGAGCTGACGGCCCAAGAGCTGAGCTACCGCCAGCAGGCGTTGACCAAGCTGGAGGATTACCAATGGCTGTGGCAATCACTCGATCAGCTCTGGCATCTGCGGGCACCCGGTGTGTTTGCCAGCCGACTCTGGAAACAGCAACAGGAACAAAGCATGGAGTCCAGAACGGGTGTGCGTCTGTCGACTCAAGAGCTAGAAGGTTTTATTCGAATGATTGAAACGGCTCTTCCGCAAGAGTCTCTTCAGTCGATCAATCAAGCTGATGTTGTGGTCGAGCTCACGGATGAGCGCGTCATCCGTGAGCTGCGCTAACGCTCAGCTTTCGCTGTCGTCAACCTCGGAGACCGGATAGACAAATCCCTGGGCACGACCGCTCAGCACTGATTTTCCAAGTGACATGGCGCGTTGCGCCGCTGTGGCCGCCTTGGCCTTCCAGACAGCATGGCGCTGATTGCGCTTGCCCTTGGAGGTTTTCTTCTTGGGTACAGCCATTGCCGGCGAACTTCAGCCAAACGATGATCTTCCCCTGTCGAGAGTCCTCTCGTCAAATCGCTAGGCTTTTATCAACGCTGAAACGCTGTGAGTTCAGGCCCTTCGGACCGCCCCCAGAGCCCTGACACCCTGGCTCGTCCCAAGTCGGAATCCAAACCGATCTACAGCGAATTACTCCGCGAGATCCGATCGGGCGACGTCAAGGAATTGACGTTGATTCCACAGCGTCGTGAGGTCCTGGTGGAGTATTCGGACGGTCGCAAGGCAACCGTCTCGATCCTTGCCAACGATCAACAGGTTTTACGTACAGCTGAATCTGCCGGGGTTCCTCTCACGGTTAAGGACTTACGCCAGGAACAGGCTCTTGCGGGGGTCGTGGGCAACTTTGGCCTGATTCTGTTGATTGTTGTTGGTCTTTCCTTCCTGCTGCGACGTTCTGCACAGGTTGCTAATCGTGCGATGGGTTTCGGCCGAAGCCAGCCGAGGGTGAAACCACAGGACGATCTCAACGTTCGCTTTGAAGATGTCGCTGGCATCAGCGAAGCCAAGGATGAACTGCAAGAGGTGGTCACCTTCTTGAGAGAACCTGAGAGTTTCATTCGGCTTGGAGCCAAGATCCCACGTGGTGTTTTGCTTGTTGGCCCCCCTGGAACAGGAAAAACGCTTCTTGCCAAGGCGATTGCTGGCGAGGCCGGTGTTCCTTTTTTCTCAATGGCGGCCTCCGAATTTGTCGAGTTATTTGTGGGTGTCGGTGCCTCTCGTGTGCGAGATCTGTTTCGGCAGGCAAAGGAAAAGTCTCCCTGCATTGTTTTCATTGACGAGATTGATGCGGTTGGTCGTCAGCGCGGAGCGGGAATTGGTGGTGGAAACGATGAACGTGAGCAGACCCTGAATCAACTGCTCACCGAAATGGATGGCTTCGCTGATAACTCGGGTGTGATTTTGTTGGCGGCTACGAATCGCGTTGATGTGTTGGATACCGCCTTGATGCGGCCGGGTCGTTTTGATCGCCGTATCCATGTGGATTTGCCCGACCGTCGAGGTCGTGAGGCCATCCTTGCGGTCCATGCCCGCACGCGCCCACTCGATGACCGTGTGGATCTGGCTGAATGGGCGAAACGAACACCCGGTTTCTCAGGTGCTGATCTGGCGAATCTGCTCAATGAGGCGGCCATCCTCACGGCACGTCAAAACGCCAATGCCATCGGTGACGAGCAGGTTGAGTGCGCGCTCGAACGAATCACGATGGGGTTGACAGCAGCTCCTCTCCAAGACAACGCCAAAAAACGACTGATTGCCTATCACGAAATCGGCCATGCATTGGTGGCAGCGCTGACGCCTCAGGCTGGGACGGTCGACAAGGTCACGCTCTTGCCTCGAAGTGGAGGGGTTGGTGGTTTCACCAGGTTTTGGCCAGATGATGAGGTGATTGATTCCGGTCTGATCACCCGGGCAGCGCTGCGGGCCAGGTTGGTTGTGGCTTTAGGTGGTCGAGCCGCGGAAATCGTCGTCTTTGGCTCTGGAGAGGTGACCCAAGGTGCAAGCGGTGATTTGCAAATGGTGAGTCAGCTTGCAAGGGAAATGGTGACCCGCTTTGGTTTTTCGCAGTTGGGCCCGGTGGCTCTCGAGGCCGCTGGCAATGAGGTCTTTCTTGGCCGTGACCTGATGCATGCGCGCCCCACCTATGCCGAAAGCACAGGTCGCGAGATCGATGCTCAAATCCGCTCCCTTGCAAAGGACTCCCTGAATGAGGCCATTGCCCTGCTTGAGCCG
NZ_CP138971.1_gap59	2068092	2070560	2468	GACGGGCGTCTTCACCCTGGTCGTGCTGCCCAATTGGTCTTGGAAGGGCGAGCGCTTGGCAACTTCGGCCAACTCCATCCCCTGCTGTGTGAACAGTTCGACCTTCCAGATCACACGTTCTTATTTGATCTTGAACTGAGTCGCTTACTTGAAGCCGCGACCCGTACAAACCGGTGGTCTCCAGCCTTCAAGCCATTCAGCATAGTGCCGGCAATGGAGCGAGACCTGGCAGTGGTGGTGAAGCGTGATCAACACTGTGCCGATCTACTACAAGCAATCCGCAAGGCCGGTAAGCCATTGCTGGAAAGCGTCGAACTGATTGATCGTTTTGAGGGTGAACAGCTTGGTGAGAACGAATGCAGTCAAGCATTCCGTATTCGCTATAGAGGTAAAGACAGCACCCTCACTGATGACCAGTTGCAACCTGTGCACGAGAAAGTTCGCCAGGCTCTCGTAAAACAATTTAACGCTGAATTACGCAGCTGAGGGTTGTCTAACCGAAAAGCTTGGCGACATACTTAGCCAGCTTATTTTGCGAGTCTTAATAGTGCCAAGCACTCCAGATGCGTTGTCTGGGGGAAGAAATCAACGGGATGAAGTGCTTCCACCGCATAGGGCCCTTCAGGACCCGCGAGTTGCTTGAGATCGCGAGATAACGTGGCAGGATCGCAACTGAGATAGGCGAACCACGCTGGCGGAGACGAGAGAATCTGATCAACCACCTCGGAGTCAAGCCCTTTCCTGGGTGGATCCACCACCAGTGCCTTGTGGTGAGGCAAGGCTTCTGCCAACAACGATTTCACGTCACCAGCCTTGAAATCCACGTTCTCGAGATGGTTACGGGCTGCATTCAGTCGTGCCTGATCGACTGACTCACGATGAAGTTCAAGACCAAGCACGCTGTGACCCTGTGACGCAAGCGGTAGGGCGATGGTGCCAATGCCGCAGTACGCGTCGATCACACTCGTGATGCCGGCTCTCTTTTTCAGCCACTGACAAAGCCGATTCACGGCTGCCTCGGCCTGAAGGGTATTGACTTGAAAGAACGTTGTCGTTCCCAGCATCAATGAGATGCCGCAGAACGTTTCTTCGATCTGAGCCGATCCACACAGCAACTGGGTGTCTTCACCCAGCACACGGTTGCTTCGTTTCGGTTGGAGATTCAAGGTGACACCACGAACTTGTGGCCATCGACGACACCATGACTGGGCCATCTCCCTCAGGCCATTGAGAGCATTGGTGCTGCTCACGAGGGTGATCAGAATGTCATCGGTACGACTGCCAAGTCTTAGGCCGAGATGCCTTAGTGCAGGACCGTTTTGCAGGTCTGAATCAGCTGGCCAGCCTGAATCCTGCAAGTCTTGCTTAATTGGCTTGAGCAGTTCATCCAGACGCGGATCAAGCACAGGGCAGTGATTCAGATTGACGATTTTGTGAGAACCACGCCGGTAGTAACCCATGCGCAACCGACCTTCAACATCACGATGTAGCGGAAGAAGAGCCCTGTTGCGGTACCCCAGGCAGGAGGCATCGCTCGTGAGCAGAGCATCTGTTGCATGACTGATCGATCCCAGTCGTAACAACGCCTTTTCCAACTGGCGTTGCTTCCATGCTGCTTGGCTGGCGTCTTCAAGATGTTGCAAGGTGCATCCACCACAATCGCTCGCAAGGATGCATGGAGGTTTTCTTGCATCGCTTGCCGCCAGTAAGGATTCAGTGCGGCGACCAATCCAATGAGACCGTTTGCGTTGCTGAAGCTGAACACGGGCAACTTCACCGGGCAAGAGGGAAGGCACCACGATCACCCAGTTCTGCCATCGGGCAATGCCATTGCCGCGCAGGTCAAGATCTTCGCCGGTGATGGTGATCACCAGGCCTGGCAGAGGATTGGAGCTGATGTTGGCCATTGCAAAGGCGTTACACCCAAGCCGCCATCGGCGGTTTCAGGGCTTGGGAGCACTAAACTCACTTCAGCATGCCAGCTGTCATGAGCGTTGTTCGGGATCTGATTCTCCAGGCTGATGACGATCTCCGCTATCCAACAAGCGGTGAATTGCGCTCCATGGTCGATTTCCTCGACCAAGGTGCCGTCCGTCTCGCCGTTGTCCGTACCCTGACGGACAACGAAAAGAAGATCGTTGATGAGTCGGCTAAACAACTGTTCAGCCGAAAGCCTGAATATGTGGCACCAGGTGGCAATGCCTATGGTCAGAAGCAACGTGCCCAGTGCCTGCGTGATTACAGCTGGTACCTGCGCTTAGTGACGTATGGCGTTCTTGCTGGCAGCACTGAGATGATCCAGAACATCGGCTTGGTCGGTGCGCGTGAGATGTACAACAGCCTTGGCGTTCCGATGCCTGGCATGGTTGAAGCCATGAAAGCGATGCGGGCTGCTGCACTTGCACTTCTCTCTGATGATCAGCAGACACTCGCTTCCCCATACTTCGATTTCCTCATTTTGGGAATGC
NZ_CP138971.1_gap60	2125463	2129759	4296	CTTGTTTGGCACAACCGCACCACCAAATCCAAGCGAAACAGAAGAACCCATTGCCGTAGGGGATCAAGCCTTTACAACTTTGGCGGGCTATCGAGCCCGCCAAGCGAGCGATCATGTCAATCGCGTTCTTTACTGCACTGACGAAATTGCACAAGCAGGGGCTCTTAGCCTTTGGAAAGGCCAGGGAGCGGAAGTTCTCCTCGCCGAAACAGTGATCGACAGTCAATTCATTCCTTGGCTTGAATCGAAGCATAGTGAGCTCAAATTTCAGCGTGTTGATGCCGAGCTCGACGAGAGCCTGCGCGATGAACAACCTGAACTGACTGATCAAGATGGCGAAAGCCCAAGTGAAAGCCTGCGTGGCTTAATTAAAAAAGCGCTCAACAACGACAAGGTCACGATCCAGGTTCAAGCACTGAAAGGTGGTGCTGATTCTCCTGCGGCACTCATCCTTCTTCCTGAGCAGATGCGCCGTATGAATGACATCGGTGCTCTGATGGAGCAACGTCTCCCCGGATTACCAGACCATCATGTTCTGCTGGTGAATCGCCGTCATCCCATGGTGGAAGGTCTCTTGAAACTGAATGCGGGCAGCGTTCTCGTCAGCAATGAGACCAGTTCTCCAAGCCAGCAACTAGCGGCATCCCTAGCCCAGCATCTCTATGACATGGCCCGGTTGTCGGTCGGAGGGCTGGAGCCCAATGAGCTCGCAGGCTTTCAGTCCCGTAGCACCAAACTGATGTCAGAACTGATGGAGAGAGGGATGTGAGCGTCCCTCTTTGGTAGGATCAACTCTTGGCTTAGTGCCACTGCTCTACAGGAAGTTCATCATGTCACGGGTGTGTCAGCTCACCGGTACTCGGGCTAACAACGGCATGGCCGTGAGCCATTCACATATCCGTACGAAGAAACTGCAGCAAGCCAATCTGCAACAGAGGCGGCTGTGGTGGGCAGAAGGCAATCGCTGGGTGAAGCTTCGTGTGACCACACGAGCCCTCAAGACCATTCAAAAGAAAGGCCTGGGTGCCTATGCTCGTTCTCTTGGTGTGGATCTGAGCAAGCTCTGAGTTCCAAGCCACTGGCAGCAGCCATCTCTTCAGCCCCGAAACCAGCATGAACCGACGTCAATTCATCCGTCGGCTCGCTGCGTTCGGGGCTTTGCTGTTGGCCCCAAGGCCTACAAAAGCTTTAGGGGGGCCTTTACCGTCCATTGACCAGCGCGCTCCTGATTTTTCACTGCCAGGAACAGTGCGAGGCCAACAGGATCAAGACATCTGGAGCCTTGATCAGTTTCGGGGTCGATGGATCGTGCTTTATTTCTACCCACGCGATTTTACGTCGGGCTGCACGATTGAAGCCCACGGTTTTCAGCAATTGAACGATCAGTTTGAGCAGTCTGGAGCGTCAATTGTGGGCATCAGCGCTGATGGCGTCGACGACCATGCCTCCTTCTGCAGTTCGGAAGAGCTTGATTTCTTGCTGCTGTCCGACATGGACGGCCGGGTGAGCAAAGCCTATGGCTCATGGATGGCACCGTATTCGCTGCGCCACACGTTTTTAATCGACCCAACCGGGACGATTCGTCAGACTTGGACAGGGGTTCGGCCAACAGGGCATGCCAAAGACGTGCTTGAAACCCTCAAAACCTTGAAGGACAACGCATTGGCCTAAGAACACTGTGGTTCACACCATTGCGCCGTGGAGCATGTGGGAAAATAGCAGTCAACCAGATGCCTACCAAGGCACATGGCACTTAGAGGGCTTTCATGCTGAACGACGAAGGAAAGAGTTCTTTTATTCTTCTCTACCATCGAACCCCTTTTGATGAGGTCATTGATGACAAGGGAAATCGAAGTTGGGGAGACCAGAAAAGTCCAAACGGTATTATTCCAACACTAAGAAACCTATTTCGCAATCATCATGATGGCACCTGGATTGCATGGCGTCAGGTAGACGAGGTTAGTACCAGTGTTGACGAAAGGATCTCGATGGAGAATCCTTCTCCCTTTACTTTGAGGCGTATTCCTCTCGAGCAATACCAGATTTCTAGCTTCTATCACGTCACATCAAAGGAATCCTTCTGGCCCATTCTCCATACTTTCCCCACCCACTTCGAAGTTAACAATGCCGACTGGGGGATTTTCGAAGATGTCAACCGTCGTTTTGCAGAGGCGGCATGCAAAGAAGCCGCAGTGGGTGCGACTGTTTGGATCCATGACTACAATCTTTGGCTAGCTCCTGGTTACATCAGAGCCGAACGCCCCGATCTAAAGATTGCCTTTTTTCATCACACCCCATTCCCGGGGAACGATGTCTTTGCAATTCTTCCTTGGCGTCAACAGATCCTCGAAAGCCTTCTCTGCTGTGATTTGGTCGGGTTCCATATACCCCGTTACACAGAAAACTTTGCACGAGCGGCAAACTGTCTTCTTGGGGCTAAGAAGGGCCCAAAACGTGCTGTGAACCCTCGTTTTCTTAGTACTGGTACGGCGCTCACAGAGCCTTCAGAAACCCCTTGGCTTACTTACGAGGGGCGAACGATCCAGCTTGTTTCGTCACCAGTAGGAACGTCTCCGGATGTGATTCAAGCACTGGTTGACGATCAGGAGATCAAAAATCTTGGTGTTCATATTGAAGAAGACACTAGAAAGGGGAGGAAGCTGATCCTTTCCGCCAGCAGAGTCGACTACACCAAAGGTAATGAAGAACTACTCCTAGCCTTTGAGCGACTTCTCCAACGGCGGAAGGATCTTCATGGAAAAGTGGTGTTAATGCTTGCCTGTGTCTCTGCAGCCAGCGGCATGAAAATTTACGAAGACACACAGCGTTCAATTGAGGAAATGGCAGGACGAATTAATGGCCGTTTCAGCCTCATTGACTGGGTGCCGATTCGTTTTTCGACTCGACGCATTCCCTATGAAGAGATGGTGGCATGGTTTACTCAATCTGATATCTGCTGGATTACTCCTTTGCGAGATGGTTTGAATCTCGTGGCCAAGGAATATGCAGCAGCACGCAAGAATCAAGGAGGCGTATTGGTGTTGTCGGAATTCACAGGTGCCTCTGTGGTTCTTGACGGTGCTGTCTTGACTAATCCCTATTCGCACAGACGGATGGACGACGCGATTGAATTGGCCTTGGAGATGCCCGAAAATGAGCAAAAGCGACGGATGCGAACGATGACTGCCGCGGTAGAAGCTTTTACGGTTCAAGACTGGGCTGAAGAACAGATGGGAAGCCTCGAGTTATCGCCTCGATGACGCCACTGCAGAGGGTTGTTGCGCTGCGTCCACGTCTTCTGGCTGCACTGCTGGCGCTGCTCATCATCCCCATCGGCCTGGCATCGGCACCGTTTCGGCAGGTTGAACGCATCAACATCCTGATGCCGGCTCCGTTCGCCGATGCAACCAGGCCATTGGTGGAACAATTCAACCGCTTGCACAAAGGCAACATTCACCTTGACGTGATTCGCGGACCGTTTGAAACAGAAGCGATTTCTGATTTGGCCATCAGCAGTCTGCTTCTAGGTGATACACCCTTCGATGCGCTTTTGATGGATGTGACCTGGCTGCCGAAATATGCAGCTGCAGGATGGCTTCAATCTCTCGATCCCTGGTTCGACGCATCGGATGTGGAGACACTTGCCACTGGTGCTCGCGAGGGAAACACCTACCAGGGCACGCTCTACCGCTGGCCCTTCGTGGCAAGCATGGGCCTACTCTACTGGCGCACTGATCTAATGGATCGGCCACCCGAAACACCTGAGCAACTCGAAGCCATCAGCGTGAAGCTTCAAGCCGATCAAAAGGTTCCTTGGGGATACGTATGGCAAGGGCGTCAATATGAAGGCCTCAGCTGTGTTTTTCTTGAAATCATCGACGGCTTCGGTGGTTTTTGGATGGATCCAGAAAACGGCGCCTTCGGTCTCGACAAACGCAATGGAGTTGAAGCAGCGACCTGGCTTCGCCATCTCATCAGTTCTGGCATTAGTCCCCAAGCAGTCACCAATTACGCCGAGCCAGATGCACTGCAGAGTTTCAAGGTAGGGGATTCAGCCTTGATGCGGAATTGGCCCTATGCCTGGGCAGAGTTGCAGAAGCCCGACAGTGAGGTCAAAGGGAAGGTAGGCATCAGCACCATGGTGGCCAAGGAAGCATCCTCCTCAACAGCAACCCTGGGGAGTTGGGGTCTTGCTTTGTTGGAGAGCAGTGCCCATCAGGATGCAACGGCAGAGGCCATTCGCTTCCTCACCTCAGAAGAAGCCCAAAAGACACTCTTTCTCTCTCATGGCTACAC
NZ_CP138971.1_gap61	2173820	2178570	4750	CCAATGCCCTGAGGACATTTCAGGGGTTAAAAATTCCATTGCAGTCATCCTGAGGAGGACGGCGGAAGCAACCTCCATCAGGTGACCAGTAACCCAAAGCAGGAAGGCTGAGCCGTTGCCGACGAGCCTCTGCATCAACCGCCTCCACACCGATGGCAGTGATCAGCACAAGCCCTTCCTGATCAACAAGATCAAGGAAATCACTTTCTTCCATTTCATCGACAGGACGCCGTGAAGCCTGCGGCTGTGCCGGCTGGAGAGGGAGTCCAAGTGTCGTCCCCAGCGCCAGGAGAAACAGAGCAGCAGGACGGATCGCGTTGATCAAAGCGTTCCGCATCAACCACCCTGATCAGCGAGAGCTCTCACCACATCCCCTCGGGTAATAACGCCGACAGGTTGCTTGCTTTCATTCACAACATAAAGACGTTGGGTACTGCGCTCATGCAGCAGAGCAGCTGCCTTCGGCAAAGGCAGTGTTTCGGCACAGGAGTGCGTGTCATCAACCATCAGATCCTGCACCGCGTTACCGAGTACCTGGTGGACCTGTTTGTCCCAGTTCAGTGGATTGCGCAGATAAATCACGCTGTCCAGAAGCATGACGTAAGGACCGGCATCCACACCGCTCTCTCGCACCATCAGATTCTGCTCGGTCAATTCACCGATCAGTTCACGCTTGCCGTTGACCACTGCAAGCCCACTGATGTGATGCTGACTGAGCAATCTCACAGCTTCCTGAAGCTCGGTTTCAGGCGTGACGGTCAAGACCGGAGAGGTCATCACATCACGGACCGTCTGCTGAAGCACCATGGAATGCAACCAACTGCATGCATTCTGAGCTTGGAATCCCGATGGCGCACCTGGGCCGATCGCCTCACCGTATTCAGGGCTATAGCAGGTCTTCCTTTGCTGATCGCGCTGATCGCCCAGCAACAAGCCCTGGCCTGGAACCTCCTTCTACTGGCTGGTATCAGCGATGCCCTTGATGGCTGGATGGCGAGACGAGCAGGTGGGGGCAGCAGCTGGGGAGCTCGGCTTGATCCACTCGCCGACAAACTCCTCCTCGCCGCTCCTCTGATCTGGTTGGCGACGCATCAAACCCTGCCTCTGTGGGCGGTCTGGCTCTTACTTGCCAGAGAGATGTTGATCTCAGGTTGGCGCAGGGATGCCGACGATGGGGCGCCAGCGTCGCAATGGGGAAAAGCGAAGACCGTTTTGCAATTCATCAGCCTGCTCTTGTTGCTCTGGCCCGATGCTTGGGGGCCAGAGCCTCTGATCCTGACCTTGCAACAACTGGGGTGGTGGCTGTTCTGGCCTTCGCTGCTTTTAGCCCTTCACTCAGCGGTGGGGTACCTCAGGCCAAGCCGATCAAGGCCGCATCACCACTGACATCGGGGGACGCTGATGGTCGTTGGCTGTAGTCGAGATCGTAGTTGTGCTGGAACGCTGAGATGGCATCAAAGCGAGGCACCCAGGCAAGCTCTCGTTCGGCGCGGCTCACGTCGGTAAGGAAATGGTCAAGCCGTAACGGAAAGGCCTTTCGAGCCTTTGGATTCAGACCACTGGGATCGAAGTGACGGATGTCCACAGTGCTGGGATCCTTACCGCAGGCCAGAGCAGCCGCCTTCACGACACCAGAGAAGGTGATTCCTTTCCGAGAAGAGCAGTTGTAGATCCGATTCGCCGCTGCATCCACGGCCAGAGACTTCAGCATCGCGTCGGCGAGGTCGTCCACATGCCCCAACTGCGTGATCGTGGTTCCATCACCGGGCATCGGCACCGGTAGGTCATGACAAACACGATCGAAGAACCACCGTTCCACAGGGTTGTAGTTGCCCGGGCCCACGATGTAGGTCGGCCTGAAGCTGGTGAAGGGGATCCCCTCCCGCAGCAACCAAGCCTCGGTTTCCGCCTTACCAGCGTGACGACTGGCAGGATCCACCTCCGCCTGCTCGTCCAACGGCCAAACATCCGAACCGGCGTAAACACCCGCAGAGCTGACATAAAGAAGCCGGTGTGAAGGCGCGCCGGTAACGGCCACCACCGACTGGGTGTCACCCAGTGAACGACCTGAACTATCGATGATCACATCGAAGTGCTGACCTTTGAGCTGCAGCAGATCATCCGGATTGGTGCGATCGCCTTTGAGATGCACAACAGCATCAGGAGCGGCTTGACGCCCTCGGGTGAAGAGTGTGAGCTCATGCCCCTGAGCCAACAAGGATGCCACCAGAGGCTTCCCCACAAAACGGGTTCCACCCATCACAAGGATCTTCATCACATCAGCGCCACTCGCCGCTATTGAAGCGTGTGTCGTGACTCAGCACTGCAGGATGATCAACAGATCACTGACCAGAGGCATGGAGATCATCCCCGCCATCGACCTTCTCGATGGAGCCTGCGTGCGCCTGCATCAGGGGGACTACGACCAGGTCACCCAATTCAGCGATGACCCCGTCACCCAGGCCCTGAGCTGGCAGGAGCAAGGCGCAAGCCGTCTCCATCTTGTCGATCTTGATGGTGCCAAAAGTGGTGCTCCGGTCAATGACGCCATGGTGCGCAGGATCACTGAAGCGCTATCGATCCCTGTACAGCTGGGCGGTGGGGTGCGCTCTTTCGAGCGGGCAGAGTCCCTGCTGAATTACGGCCTTGATCGGGTCATCCTTGGCACCGCAGCGATCGAGGATCCAGGTCTGGTGAAAGATCTGGCAGACAAACACCCCGGACGAATCGTGGTGGGGATTGACGCCCGAGACGGCAAGGTCGCCACACGAGGATGGTTGAAGGAGAGTGATGTGGAAGCCACGTCCCTAGCCCGCGAGCTCAGCCGCACCGGTCTTGCTGCCATCATCAGCACCGATATCGCCACAGACGGAACTCTTGCCGGGCCGAATCTCGACGCCCTTCGCTGCATGGCTGAAGCCAGCTCAGTGCCTGTGATCGCCTCCGGAGGCGTGGGCTGCATGGCCGATCTCTTGGCACTGCTTGGTCTTGCCGCACATGGCGTCTCTGGCGTGATTGTCGGTCGCGCGCTCTACGACGGCCGAGTGACGCTGAAAGAGGCGATTCAGGCCATCGGAGAAGGCCGCCTTCAGGATCCAGACACTGGCATGAACGCTCTGGCCTGACGTGCATTGAGAGAACCGTCCTCTTAAGGTGAAGTCACTTCATCAACGACTGTGACGGGCAGATCTGGTGACAATTCGCCTTCTGAACCGTCACTGATCGGTCAAGGGGTGCATGACGCCTTCGAACGCTGTCGAACGCTTGGTATGCGCCTCAGTCGACAGCGCCGCATGGTGCTCGATCTGCTGTGGAGTGAAGCAAGCCATATGAGTGCACGGGACATTTTTGAGAAGTTGAATGCCCGGGGCCGAAGTATTGGCCACACCTCCGTTTATCAGAACCTCGAAGCGCTTCAATCCGCGGGTGTGATCGAGTGCCTCGATCGGGCCAATGGACGGCTTTACGGCTACCGGAGCGATCCCCACAGTCACCTCACCTGCCTCGACAGTGGGCGTATCGAAGACATCGATGTGAAACTCCCCGCAGATCTGCTGGAACGGATCGAGACCGTTACCGGCTATCGCATTGAGTCGTACACCCTTCAGCTCAACGGTCGGCGAAGCGGAAACTGATCTGCACTCGGCACTGGAGATCCCTCCATTTGCTCGTTACGTTTGAAGCAGTTGGACCTGCTGGTGACCCGGTGAACGCTGCGAAAGCCGAGATCCTGCTGCTGGCTCCTGGACTTCTGGGTGAGTCGCTAGCTCTCCAACTCACAGCCGACGATCCTGAATGCGCTGTCTGTCTACGGGCAGATCAGCTCAAAGCGCACCCCTGTCTGGTGATTTGGTCCGTCGAAGATGTGCAGTCGCTCAGCCTGCTTCAAGCGGAACTGATCAAGCTCCAGGAGTACTGGCAACCCTCACCGTTGCTGTTGTTGCTGCCGAAGTCTCTGCGCCTATCCACAAGCGATCTGCTCAATCTGGACTGTCCTGGACTGCTTCAGGCTCCAGACCTACCCACTCTGCGTGAGGGGATCTCCACTCTTTTAAATGGCGGCCGAATCATTCGCCTCTTCGACTCAACAGCAGCACAACCACAACAACAAGCTCCGATGGGGCTCGGCCAATGGCTGCTCAGCAGTGGGCTGCAACAGATCAGCAACGATCTTCAACTGATCGATGCTCTGTTGACCCCCCCACCGGAGAACCTGCTCCTCCGTTTTTTGCTGGAAGGTCGTCAACGGGAGCTGAGAAGCGCCCGCAACCTGTTGCTTTGGCTCTGGGGCCCCTTGCAAGTTGGGCTTGCAGACGCGCAACCCTTGGCACATCACGGTTTAACCACGGGTAGCGACACCCACTCCGAGCAGCCTGCGCCGCTTGGATCGGGCATGGCCATCACCGTGAGAGAACGCAATGCGATGGCGGTCTGGGCGTCGATCCAAGAGCGGGTCCAGACCGCATTAGTCACTGGTTTGGGGAATGGCACCGGCAGATTGCTAGCGATTGAGGGTCTCCATCCAGAACGCCGACGTGATCTGCTGCTTGCCCTTCTCAACCAACTCGACCAGGTCATCGAACGTCTGAGAACCCAGACCAGCTCGATCCAGCCCACGGACGTTGAAGAGCAATGGCTAAGTCTCCAACCCGAGTTGAGGCGCCAGGCGATCCAAGCGATGACCGGAAACTATGTGCGCCTTCCTCGTGGTGAAGCGTTGCAGAGCGTGGCGCAGCAGTTGATTGACGAT
NZ_CP138971.1_gap62	2179652	2183892	4240	ACGGCAACGGCAACATTCTCCTTGATGAGGAGGGGCAAGTGCCTCTGGGATCGATCAATGCAGCGATCAGCAAAGCAACAGGGATCGCTGCTCCGCAAGGGGTCAGCACCAGTCTGAGTTTCAACGAGGTCAACACGGAAGTGCAGACCCGCTGAAGCCTGATCGGAAAGCGCTTACGCTGCGCGGCTGATCCTTCCGGCCCTCGGTCGATTTACGCATGTCAGTCCTGCTCCTGATCCTTCTTCTCCTGGGTCTGAGCGTGATCTGGCTGGAGTCACGCCATCGACTGAGACCAGCCTCTCCACTTCAACTCGTTCCCCGTGACTGGTCGGTCTCACCACAGGGCAATGACTTGCTCGTGGAGGGATGGCTCGAGATCAATAACCCCCATGCACGCATGGAGGTCTTTGTTCCTGAGATTGACGTGAAGTCAACGCTCTTGGGGCAATGCGACCTTGGTTCGCTAAGCATTCAAACCAAAATCACCCCCCATCACCCAGACGAGGCATCACGCAACGACGGCTACTGGGCTGCATACATCGTGAAAGGGCGCAAAAGCACCCGTGTAAAGGTTGAGATCAGCATCCTGTCTGGGGGCGGGGTGAACGCCGCAGAGGATGTCGACACCCTTTGGGCCGAGGTGCATTGGGTGAACTATGGCCCCTTCGGGCGTTTGCAACGCCGACAGGGCGTGGTGGTGCCGATGAAACGACCCACCCCGCTCAAGCCCGAAAAGGCACTGTTCAATCGCGGCGATGACTGTGCCGTACTGCCGATACGGACCCATCTGCTGGGACCGCTCGATGACACCGTTGCCGTGATGCGCACCTACGCAGGCGGGCTGATTCAACCCGGTGATGTGCTCACGATCGGGGAAACACCCGTTGCCGTGATTCAGGGTCGCTATGCGCACCCAGCCAATCTTCAACCGAGCTGGTTATCACGACTTCTCTGCAGAACATTCCACCCGACCAGCAGCCTGGCCACTGCTTGTGGCCTGCAGACCTTGATCGACCAGGTCGGACCGACCCGCGTACTCCTCGCTTGGGTTCTCGGTTTTGGCCTCAAGTTGATTGGTAGTCCGGGTGGCTTTTATCGCCTAGCCGGCTCCCAGGCCCGACTCATCGATGACGTCACCGGCACAACACCGCCTTATGACCAGACGATCGTTCTCGGTCCATCTCGTCCGCAACAGTTGTGCCAGGAGGCGGCCGATGCCCTCGGCGTGGCCGTCGCCATTGTCGACGTCAATGATCTTGGCCGAGTGAAAGTGCTGGCATCGAGCCATGGCTGCGACGAAGCCCTGCTTCATCGCGCCCTACGTCCGAATCCTGCAGGCAATGCCAACGAACGCACCCCGCTGGTGCTGGTACGAGCCGGAGGATGACGCACTCACCCGGAAACGCGGGATACATTGTGAACACGCCCTGAGGATGCGAGGTGGTGGAGTCGTCCAGCAGCTCACTGAAAGTTGAGCCACTGAAAGCGACCCATCTGTCCTGGCTCCAGGCCACAGATCAGGCCGCTCTTCTGCCAAGACTTCAGACCTGTTTGTTTCGTGGCTGGATCAGCAGAGCCGAAAGCCTCCTACCTGGGGTTCTGATCAGCAGGCAACCGCTTGCCCTGGTTGCCAGTGAGCACGAGCAAATCCGCTCGCTTTTGGTGATCAGGCCCCACAACCGCGAAGGCAGCTGCTGGAGGCTTGAACTACAGCAGCTCACGTCTCCCACCGAGCACAGCCAGGGGCAAATCATCAGGGAACTGATCAAGCTGGCTCTTCTGGGAGCTCACACCCGTTCCCGCAGCTGGATCCTTCGCTGCAATGAGACTGACTCCATTCTGCTGGCGGTGCTGAGGGAGCTCGGCTTCCAGCCGATCCGAAGTTTCTGCCGCTGGCGTTCACCAGCAACCCCATCAGATCACGATCCAACAGCCTGGCCCGATGTCAGCCGCTGGGTCGCGATCGATCGGAGGAGCGCATCGCTGGTTTGGCCACTGGATCAAGCCTCCACGACCAGCCATCAACGCCAGATCGTGGATCGCCGCCCCGAGGATCTGCTGGATCAGCGGGGTCCGGGCACCGGCATTCTGCTTTCAGCCTCAGAAGAGACCAGCGGATCCAGTCGCGCAGTGGCCATCGCAGCTCTCGTGCGCCAGCAACGCTGCGACGAAGCTTTGGTGCTCGAACTGCTTCGCGAACCCGCCTGGGATGAACGTCTTGATCAGGGGCTGGCGTTCATGCTCGCGACCGTCGCCAAGGATCATCCACAGGCCACGCTCATCTGCAACAGCGAAGACACCACCGCGAAGGAACGAATCAACGCTCTCGGCTGGCAACAGCTCGATAATGGACTTCTTCTCGGTCGGAGTCTCTGGCGCCGACAGGCCTCTCCTCGCAGGTTGCAGGCCACGCGACCGCTCGAGTCAATGCTGGGTCGTCTACAGCCGCAGAGGCCCCCACTGCCCACGCCTTCGTCCGCCAGGGTTGAGTGAGGCCAGCACGCGATGGCATTGCCTGCTCCAGTTCCGCGGTCCGTTCTCTGCCTCGATGTTGGCCGTCGACGCATCGGCTTGGCGGGATGCGATCCACTCGGGATCAGCGTGCGTCCTCTGCAGGCCATCCGTCGTGGTCCTTTCGACCAAGACCTCAAGACCATCAGGCCCCTGTGCGCAGAGCGCCGTGTCGATGCATTAGTCGTGGGGCTACCGCTGGACCAGCGGGGCCATCCAACCGAGCAGGCAAAGCATTGCGAACGCTATGGCAGACGCCTGGCTGAGGCGCTCGCCCTGCCAATCGCTTGGGTGAATGAACACAGCAGCAGCTGGGCCGCCGCTGAGCAGCGCAATCTGCATGGAGATCGGAGTGGTCGACTGGATAGTGAGGCGGCAAGCCTCCTGCTGGAGCAGTGGTTACGTGAAGGCCCCGAACCAGAACCGGTCAAGGCTTCGGCCCCCCGGCATGGCATGGGGACCGACGATGCTGGATCCTGAAGAAACCGACCTCCAGTTCCATGACCGCCAGCGGCCCCGGCAATAGCGGAGAAGTGCCCACCGTCCTGGTGAAAGACAGCTCAGGCAGAGATCTTCTCTGTTTCCTGGAACAGCTGATCCCCCTTGACGGAAGCGACTACGCCCTGCTTACCCCTGTCGACACACCCGTTTGCCTCTTCCGCCTCAAAGACGGAAGCGACCCCGAACTAATCGATGCCATCAGCGATAGCGAACCCATTCTTTCAGTGGCGGATGTGGTGCTGCAGGAACATGACCTCACTTTGGTGCGTTCCGCCGTCACCCTCACCGTCAGTGGCGAACTAGACGAACCCGAACCCGAAGACCTGGAGGACGACGATGGCGAAGATGATGATGCCGAAACCTACGAATTGTTGGTGAGCTTCCTTGTTGAGGAGCAGGAGTATGGCCTCTATATCCCCCTGGATCCCTTCTTTGTCGTTGCTCGGATGGATGAGGCCGGAGCTGTGTTGGTAGAAGGTGCTGACTTCGATCGCATACAGCCTCGGATCGAGGCTGAACTGGAAGAACGTGAGCTGCCGGAGTGATGCGCCGTCTTTGGCTTCAGCCCGACTGGGATCCTGGCCTAACAGTGGTCCAACTACCGCTTGAGCACCTTCTCAATCGGGGGATTACCTCGTTGTTGCTCGATGTCGATCGGACGCTTTTGCCTGGGCATGACGTCCGTCTTCCGGATGCGGTCAAAGCCTGGGCCGCAGCAGCCCAGAAGCATCTGCACCTTCATCTCTTCAGCAATAACCCTTCCCGTCAGCGGATTGGGGCAGTCGCTGAGCAGTTGGGGGTGAGCTTCACTTCCGGTGCTGCCAAGCCTCGACGTGCTGCTCTACGCAGGGTGCTCAGGGATCTGCAAGTGCAACCAAACGAACTAGCGATTGTCGGAGATCGGCTATTCACAGACGTGCTTGCCGGGAATCGCTTGGGCTTGTACACCGTGCTGGTGAAGCCCCTCAAAGCGGATGGAACGCCCTGCCCCCATGACCGGGTGCAGCGAATCGAACGGGGGTTGGTCCGCCTGATGGGGGTCGGACGTCGATGACGCTGCGGGTGGTGAAAGTGGGCACGAGCCTGCTCCGCGGTCAGAACGGTCAGACCACCGCCTCTGTGATCCAGCACCTCACAGGTGCACTAGCCACCAGTCTGGCCAGAGGTGATCGCGTTCTGCTGGTCAGCAGCGGTGCCGTCGGACTTGGCTGTCGTCGCCTTGGCCTCG
NZ_CP138971.1_gap63	2224390	2227268	2878	CTTGTAAGCCCTGGATCAAAACGGCGAAGCTAAAGCACCGGTATTCACCTGATGACCACTTCCAATCAGTTCGCCAGCCAATTGCCTCCTGATCCAGCCGCTATGCAAAGCACCACTAAGCGGTCCGATATCTACGGAAGAGGACAGCAACTGCCGGTAACCGCAAGCATTGAAGCCAGAGTCACTCAAGAGGTGACCGGCATGTCGAAGCCGGCCCTTCTCGGGTACGTCACTGGTGTATTCATCTTCCTGTTTGGCTGCTTGGGAACGATGTTCAACGACAACCCAGATGCGATGGGTATCAAGAAGACAATTGCTAGTAGCTACCTCGTGGCCGCAGTGCTTGTTGTCCAGTTCGCCTCGATTGCAGACAACACCTGGCGATCAAGCCAGCGTCGCTGATCGACTCTTTAGCTATGAGTGCAGAAAAGACGCAATCGAAGCCTGGGAGACCATGCGGAAGGCAGGCTGGAAGCGTTGTCAGCCCAGGTGGTGACTAGGTTCTGAGCCATTCACCAGAACATCACCAGAACTTGCCTGCATCCCCACCACAACCATGCACTGGGGATCACCAGAAAGGCTGTGATCTTGAAGGAGTCGAGGGGGCAACACCCCCAAGCCCAAAATCACTCCTTTCAAACAATGACTGCTTTCAACGCTGACCACAACAACACTGAACTGCTCGATCAAGAGCTGACGATTGAACAGCTTGAGGGAGTTGCTGGGGGTGACTACTTTGCGCTTCTGGGAGCTGAGCGGGCTGCGATCCTGAGAGCCGCGGGCTATCCTGAAGAACTAATCAACAATAAAGTAGATAAATTACAAAAAATTGATCAAGAGTGGCTAAACAACCAGCCTATCTGTGTACAAAAACACTATCAGAGTCAGAGGTGAGACAAAGAGAGCTTCGGGCTGCGGAAAATGCTCCCAAATCAAATTAACGAACGCTCCCGCCAAACCAGCTTCAGCAAGCCTAAACACTCAAATCGCCCTGCCAATGCAGGGTCTTTTATTTCATCAATAACCCCAAAAAGCCACAAATCAGCCTTCAATGCCTGGCGCTAATGAATACCCAGCTCCGCCACGAGCACGGATGATTTATAGCCAGCCTACTGAGGGTTGAGATGTTGAGAGATGAAAGCGAGCAAGGCAGCGCCTACGGCTGTCAGTCGCTGCCTGATCTATCCATTGGTCATTGGCGCCCTAAGAGATCAGACCAATCGACAGCGCCGTACCCGCCTTCGATGAGCAGTGCTGATATTCAGACCTCACCTCCTTTGCAGGACTTGATGAGGATTCCTATCCAAAAGTCGTCTTCATTTTGAGTTAACAGCCTAACGAGATCAAGCGGGTTCTACCCAGCGTCCGTCGTCCTTGATCAATTGAATCAAGGCCGACACCCCTTCCTGCTCAGGCACCTTTCGGATTTCCTCTCGCCCCCTATAAAGAGAGATCACTCCGGGGGTCTTACCAACGTAACCGTAGTCAGCATCTGCCATTTCGCCGGGCCCATTCACAATGCAACCCATCACGGCGATGTCGAGACCAGTGAGGTGAGAGGTAGCGTCGCGTACCTGATTCAGCACCTCCTCAAGATTAAACAACGTGCGACCGCAACTCGGGCAGGCCACGTATTCGACCATCGTCTTGCGCAGACCCAGGGCCTGCAGGATCGAGAAGCAGACAGGAATCTCTTTCTCAGGAGCTTCAGTCAGCGACACCCTGATGGTGTCACCCAAACCTTCAGCCAGAAGTGTTGCGATACCAGCCGTGCTTTTCACACGTCCGTAGTCGCCATCTCCAGCCTCAGTGACGCCGAGGTGGAGCGGATAGTTGAAACCTTCGGCATCCAAGGTGTCCGCCATCAATCGGTAGGCGGCAAGCATCACCGGGGCACGTGAGGCCTTCATCGAGATCAAGATGTTGTGGAAATCAAGTTCGTCGCAAATGCGCACGAACTCCATCGCCGACTCCACCATTCCCTGGGGTGTGTCGCCATGGGTGAAAAGCATCCTCTCGGCGAGGGAGCCATGGTTCACACCGATGCGGAGCGCTTTGTTTTGAGACTTGAGAACTTCTACAAGCGGCCTGAAGTCATCTTTGATGCGCTGGCCAATCGCATCAAATTCCTCTTGAGAAAAATCCTGACGGGAAGGGTCCGGTTTGTCGAAGACAAACAGTCCTGGATTGATTCGTACTTTGTCGACATGCTTCGCCACCTCGAGCGCGATGCGAATTCCGTTGTGGTGAACGTCAGCCACCAAAGGAACAGTGCAGCCCTGGGAACGGAGCGCCGCCCGAATGTCCCCCATGGCCTTGGCATGGGCCATGGAAGGCGTTGTGACGCGCACAATCTCACAACCGGCATCAGCAAGACGACGGATTCCGGCCACCGCGGCTTCGATGTCAAGCGTGTCCTCGTTGATCATCGACTGCACCACCACTGGGTGTTCACTGCCGACGGGGACATCACCCACCATCACCGTGCGGGTCTCCCGCCGATGAATCTGAGTGTCGTAACGACGGGACTGCGCGTTGATGGCGGTCACGGTGGTGGCGGTCACGGTGGTGGCGGACAAGGGAACAGCGCGCCGGATGCCGGCTCACACTGGCATAACCGCAGCCGCACCTGACGCAAATCTTCGAGCGTCATGGCCACGGGCTTGCCAGGTTCTCGAGAAGGGTTGCGCAATAGATAGGCGGGATGAAAGACCGGCATCCATAGGCGTCCAGCCTGCTCAATCCAAACACCGCGCAGACTGCGCATGGCTTGTTTGCGCTTCAGCATTGCCGCCACAGCAGTCGCACCCACAAGGACCACAACAAGGGGATCGACATGCGCTAACTGCTCTTCAATCCAAGGGCGACAGGCGCGCAA
NZ_CP138971.1_gap64	2338277	2341812	3535	TGATCTCTTAGCAGGAGCAGTTGCTGCAAGTTCTCACAACCACGCAAGGCATCAATGAGCGTGTCTTCAGACACTGGAGCCTTGGGTGCAGAGGCAACAGTCATGGCAAACGCCTGATTCCAAAAAACGTTAAGCCAGCGAGGGGAGACACCTGAAGCACGATGCAGAGCAAAAAATGCCTTGGCAATCAAAAAAAACCCTGATCGGCAACCACAACTGAAAGTTGATTGGTCACGACAGAGGACAAATGATCAGGGGTCGAAGGCATCGGCAGTCGAAGCCAACCAAGGAGGAAAGAGACGCATTCAGCGACAGGGCAAGATCGATTACCTCAGTACGCGTGCTGACGCAATGAGTCATTTACCCCTGGCAGATGTTCGTAGCGCTACACACAATGGAATCAGGGAAATGCTCCTGAGCAAACATAACGGCTCTGAGGGGGGCCGTTTTTTATGGGTGTTCTGAGCCGAGATCAGCCGCCAACTGAAGCGAGATTGAGACCGTCACAGTCCGAGCCAACAAGGCAGGCAGGCAGGCAGGCAGGCACGACGACGCTCAACCCAACAGCGCAAGCGAGACGTGAACCATTGGCTCTGGATGGGAGATCCCCGTGAATGGCCCAATACACAATCTCAAAGAGAGATGCGAATCAAAGGCGAATCAACACGAATGAAGGGCCGAGCTGGGTGTCGATAACGACGATAACGAGGTGAAACGATGGGATTGCCAGGAGGGAAACTGGGCGCCAAACGAACAGAGCCAGGCCGATAACCAGGAGCAGCCGGCAGAAGGCGGGGGCCCAGATCACCACGAATCACACAACGTTGTAGGCGGTACGAAAAGCGATGGAAGCGTCCGCACCCATCAGCAGCCAAAGCAGGGGCACAGAAGGCAAAACATGCACTGATACCGAAAAAGGCAAGAACATTGAACCGACTAGTGGTCTTGAAAGACATGAAACAAAGAACGATGAGGCTGAAACCCCGAGGCGCCTAGTTTCTAGGCAAAGGCTTTCAGCGTCGATGACTTGGATCAATGACTGAAGTGATCCTGCTCACAACAAAGTTTCTGGTGTAGATCAGCACAGAACTGGGGAGACATCACGACGAATGCCGCGAGGTACGAATCGTTGCGCCCGGGGATCAGGTCTGTGAGGAATCGAAAGGCGATCAAGAAAGTCAACGAGTCACACAAAAGACTCAACAAGCAGGGGTGACTGATGACACAAACAACAAAAGCTTTGAATACATCCTGGGCAGCAGCGGAAGTGAAGAGAGAGAGGTCGCCACATCAAGCGCTGGCGTCGTTAGCACGAGTACACAGTCGAATGCGTAGGCCTACAAGAGAGAACAACGCTGAAACATCAAGGCAAACGTAAAAACAAGCAAAAGCACCATCAAACCGCTCGAGCAGACCGCAACGTGAGTGCCAAGCAACACAAACAAAGAGCTAGTAATAGACAAAGAGTTGGGTCAACCAAGTCGGGGGTATACGGAACCGATGGGCCCCAAGCAGGTTAGCGAAGAACCCACCACAGAGATAGAGCCAATCGAGGCGAGCCTATGACGAAAGCAATATGCAAAATGAAGCGATCACACGTAACGACTTCTGGACATAAACACAAAACCCTGGCGTCGGAAATCAAAGAGAACGACTGCCAGTAAAAAAGAAGGAAGAAACAGCAGGAGTGTGGCAAATGCACAACCGACAGGCCTGACACCAAGACCTACTTGGATCCTCAGACAGCCCACCACTGGCGTTGGATGTCAACGAGAGGCTGATCGGCAATGGCAAAGTAATCAACATCCAGCAAGGGATCGACAAGGCAGGCTTTCCCTCGTTGAATGGCACTGGCAACCCTTGCGATCCCATCACCAGAGGACAGGGCCAAGCCAAACTTGTCTGCACCATAAAAACTGTGGAGCAGACCTGTTTCAAGGATAGAGATGGCACCGATGAAGCCAAGGATTGCACCAGGTGAGTGGCTGGAGGAGGCCATAAATGATGTGACTTCTAACTCTCCAATCGGAGTGGTGTCATAGCCAGCAATCAAATGGATCCAATCATGGTGGGCAAGTGCTGGGTTACCTGCTCCAAGCTCACCGGGAAGCTTAAAACCTCTGGCTTGATAGAACTCCCAGAGACGTCGACCAAGACTGCCTGGGGGCAAAGTCTGCAACTGATTCCATTTAGAAAACTCATCAGGATCTGCCTCAACACACAAGCCATAGGCATGATCGCCATACTGTTGAACAAGGTGCTGAAAGGCAGGATCATCCTGATGATCGCCCTCTCCAATCCAATTTAATCGATAAAAATCAGAGGTCGCCTGGGCGATCGCATTACGGGCCAAGTCTCGTGACATCAAGAGACAATCACTTTGAACGTCAAGGGTTTCAGCCCAGGAGTCAATATCATCTGCCAATGCTGCGGGGATGGGATTGCAAAGCATCTCAAAAGCGATAAGAAGCTCGAGTAACTCCTGTCGCTCGCCAGGAGTGTTCAAACTTGTACTGACAAAAGCTGGAGCAAGACCAGGATAAGAGTTGAAGTCAATCTCGACTCCGAGAAGCTTCAGAAACAACGTATGGGCCAAGTCTGCTTGGGAAGGGGCATACCAAACACCGCCAGGACGATGCACCTGCACAAGTGCTGAAGCGAGAAGAGAAGCCTGCTCAGGCGAGTTATGAACTAAAAACATTAAAACCCCTACAACAAATCGAGCCAAGTCTATCGACAATGAAGTAGAAGGCCTAGCCCCAAGCATTCACACAAACTGGACGGCTCGAAAATGCTCGCCTGAGATGAAAGGGAACAATCGGGAATGGCGGCGATTAGGGATGCAGAGAAAAGGGAGTGCGATAACGGAGATCAACGCAACAGCGCAAGCAATACGGGATAAGGTAGAAGAGCGAAAAGAATAACGAGGTCTGACATGGAGACTCGCAAGGGTCGCCATCCAGCGCAGGCCAAGGGTGGCAACACTCAAGAGAGGGGAGAACCAAAATTGGAGGTTCTAGGCAAGCAGAGAACGACAAGCTCCACAAACACCAACGATGAGGCGGTGAGAAACGTTCTGAATGGAGGCTTAAACTAGATTCAATCCAGGCAGTCACTAAATGCCTGCACCTCGTTTGCGACTGAGCGATAGCGCTCCTGAAAATAATCTTCCCTTGCCTGATTAGCTCGATGCTCCGCTTCACGCGCTAAATGTTCAAGATGAGCATTTTGCTTCTTACGGGCTATTTGGCCAACTTTGTACATGGTGATGGAATTCTGTTCACAGAACCTAAATTCAAAGCCGATAGAGCGAGGAGCATCTTTACCGAACTTCGCGCATCGATGAAGTTGAGTAAAAACTGTGATCCACGATACAGATAAAAGCAACAAGGAACGCGCAATTGTGCTTGATGAAATCGACAATCAATACACGTTCAAAACGAAAGACAGGTCCCCAGGGACTCAGTAGGACGATTGAAGCCCCTTAGAGCAAAAGGGATAACCAACGCGAAGCAAGACAGAACAACGACGCACA
NZ_CP138971.1_gap65	2348595	2352409	3814	ATCTGGCTTCAAGACGTAATCACAGGCACCCGCAGCCAGAACACGCTGGCGAAAACTAGGGTCACCGTGGGCTGTCACGACAACAATCGGACCGGCATAGCGCTGGTCGCGCAAGACATCCAAACAAGCGAAGCCATCCATCACTGGCATCATCAGATCCAACAGGATTAGGTCCACGTGCTGGTTCGCGAGCAGCTCGATCAGCGCAGCACCGTTATCGCAAAGCAGGGGATCGACGCCCAAATCCTGGAGTTCCTCTTCAAGCAGAGAACGGAGGCGAGGGTCATCGTCAACGACGGCAACCGAAGCACATTCAGTCTGTGAACACGTCTCCACCACAGGAACGGCGGACTCACCGAAAGACACTCCCATCCTGGCGCAATCTGGAGCGTCAAGCAGAAGGATGAGGGGAATGGGTCGCCTGAGATTCGAACTCAGGACCAGCCGGTTAAAAGCCGGATGCTCTACCGCTGAGCTAGCGACCCTTCCGGAACCGTGGCGTGTTGCCCTGGAACTGGAGTGCCATTCAGACACCATGAGAAGGTATCACCCGGCGCCACCCTCGTCCAAGAGATCCGTTTCCCTGAGAGCCTAATCAGGCTTTGCGATTGCTCTTGCCACCCCTGAGATGACGCATTCCACCAGTAGTCCCTGGCCCGAGCCCCAGATCGATCCAAAGGCCTGGGTGGCGCCCACTGCAGTGGTGATCGGTGATGTACGCATGGATGCTGGCAGCAGTCTGTGGCCGATGGCCGTGGCCAGGGCCGATCTCGCCAGCATCAGCATCGGCAAAGGCAGCAACGTGCAGGACGGGGCAGTTCTGCACGGAGATCCTGGAGAACCCGTTGTGATTGGCGACCATGTCACCATTGGCCACCGTGCTGTGGTGCATGGTGCAACGTTGAAGGATGGCTGCCTGATTGGCATCGGAGCCGTGGTGCTCAACGGCGTCACCGTTGGAGAAGGTGCCCTCGTCGCCGCAGGGTCCGTCGTCACCAAAGATGTCTCGCCAGGCATGCTGGTGGCCGGAATCCCTGCCAAGGACAAGCGGGAACTGAGCGAGGAAACCATGCTGAAGCAAGTGGAGCATGCCCGCTCTTACTCCGATCTGGCCCTTCAGCACGCCGCAAGTCTGGGCAGCACCTGATCCCTCCCGAGGTCCAAGACACAGCGGCCGAAATGCTGCAAAACCAAACGAGCTGTCCACAGCAGCGCAAAGACGGCGAAGCAGTCATTAAGATCATTGGGCTTTTCTGATAGACCCATGGACCTCCGGCTCGTCCTCGTGGCATCCCCAATTCTTCTGGCACTGAGCTGGGCTGGTTTCAACGTCGGTCGTGCCGCTGTCGGGCAGCTTCAACTGATGCTCAAGCGCAGCCGCGCCTAAACCCCTAATCCGTAAGGTTGAGAGTCAGCGAGCGCCTCAACCCTCTTGAGCACAGGATCAACCGTCGTTGTGATCGGTGCTGGCCTCGCCGGTACCGAAGCGGCATGGCAAGTGGCAGCCGCAGGTGTTCCTGTTCGATTGATCGAAATGCGTCCGGTGAAGCGGTCTCCCGCTCACCACAGCAGTGAATTTGCCGAACTGGTCTGCAGCAACAGCTTTGGGGCGCTCAGCAGTGATCGAGCTGCCGGCCTTTTGCAAGAAGAGCTGCGACGACTTGGCTCCCTCGTGATCGGCACGGCAGATCAACACGCCGTACCCGCCGGCGGCGCTCTGGCCGTCGACAGAGGCCGCTACAGCGCAGCCCTCACTGCAGCGCTCGACCAACACCCGCTGGTGACGATTGAACGCCGCGAGCAACTGGTCCTGCCGGAACAGGGTCAGATCACCATTCTGGCCACTGGTCCTCTGACAAGCGAAACCCTCGCAGAAGACCTGAGGAGCTTCACTGGGCGGGACGACTGTCATTTCTTCGATGCCGCCAGTCCGATCGTGGATGGAGAGAGCATTGACATGACCAAGGCCTTCCGGGCCAGTCGCTACGACAAAGGCGACGCCGACTACATCAACTGCCCAATGACTCAGGAGCAGTACCTCGCCTTCCGCGAGGCGCTGCTGGGAGCAGAACAGGCGGAGCTCAAAGATTTCGAAAAAGACAGCGCCACATTCTTTGAGGGCTGCCTCCCGATCGAGGAACTAGCCCGTCGCGGTGAAGACACGATGCGCTACGGACCGCTCAAACCCATTGGCCTCTGGGACCCCCGCTGGGGAGATGTCAACGATCGGGATGTGCGCCGTGCCAAACGGGCCTATGCAGTGGTGCAACTCCGCCAGGAAGACAAGGACGGCCGACTCTGGAACCTGGTGGGCTTCCAGACCAACCTCAAATGGGGTGAACAGAAACGGGTTCTGCGCATGATTCCCGGGCTAGACCAGGCTGATTTTGTGCGGTTTGGAGTGATGCACCGCAATACCTTTCTCGAGGCACCGGAGCTACTCGAGCCGACCCTGCAGTTCCGCCGGCGCGATTCTCTCTTCGCCGCAGGACAGATCACAGGCACCGAGGGGTATGCAGCGGCCGTAGCCGGGGGCTGGCTGGCTGGCACCAATGCCGCTCGTCTGTGCCAGGGGAAGGCGCCCATCAACCTGCCTCCCACCTGCATGATCGGAGCCCTCACCCACTTCATCAGCGAAGCCCCATCCGGCAAATTCCAACCGATGCCTCCGAACTTTGGTCTGCTGCCAGCCCTGCCCGAACGCATCAGAGACAAGCGCCAACGCTACGGCGCCTACCGCGACCGTGCTCTTGCCGACCTAGCCCAGAGGATGGCAGAGACTGAGCAGCTGCAACCGGTTGCAGCTGCTGGTTGAGTCGTTGCTTCTAAGAGCTCTGCCTTTAGGGATGTTCCACGGCAGGCGAAGCCACCGAAGGTTGGGGAGCGTCCCAGCGCAAGTCCGGTGTGATCGCAGCTGCTGGGTCACGTGGAACAGGCAGCAGCTCTCGCAGTAGCTGGGCATAGGAGATGTTGACACCCACGGTTGCGTTCAAGCGTTGTTCCAGGCTGCGGATCAGGCGTTCCTGGGTGATGGATAGATCGACTTCGCTGGAGAGACCAGTTTGGTAGCGAAGCCGCGAATCGCGAAATGCCTCCAAAGCTGCAGCCAGTCCGCGGCGTGCAGACACCAATTTGGCCAGGCTCGCCTCATGCGTAAAAAAGGCGGCTTCAAGCCTCAGACGAATCGCATTACGACGAGCTGCATAGTCCTGACTGGCGGCATTGATTTGGCGCTGCAGGGCGCGAGCCTCACCGCTGGTGGTACCAGCGTCAAATAACAACCAACGCAAACTGAGCCCAAAGGACCAGTCGTAACCGCTGGTGTTGAGAGTGGGGATGACCGTCCCGCCACAACAACCGCCATTACTGCTGACCGCGAGGTTGAACTGATTCACGTTTTGGCCGTAGCTCCCACCGCCGGCAAACAGAGACAAGCGCGGCAGGAGTTCGGCTGCTGTGGCATCTTTTTGCCGCGCCAACGCCGTTCGGGTCGCCAGGATCGCCTCCAATTCCGGGTTACCTCGATAGGCCGCCAACAGGCTGGCTTCCAGATCAAGAGGCCACTTCGGCATCACAGCGATTGGGTCACTGGCAGCAGGCGTGATCTCGGCCGCAAGATTGAGGACCAAAGCCAAACGCCGCCGGGCAATCGCCCGATCAGCGAGAGCCTGAATCAGTGCTTCCTGATCACTGGCTTCGATGGCGCTCCGGCGCAGGACATCCAAGCGGGGAACCAAACCGGCCAGCTTCAGGTCCATCGAGTCCTGCAAAATCAGCAGGTCATTCCGCACCGCAGAATCCTGGATGCGGACGT
NZ_CP138971.1_gap66	2371241	2374432	3191	CGATCGTTCACGACGGCGATTGGCTGCGCTGGCGACGTTGGCATCAGGACCTGGACAGCTGCCTGCAACGTCTGCTGGAGCTGGGCGAGTGTCCAATGGTCGAGCCACCCCCACCTGAGCTGCTGGAGACGTGCCGCATCCAGGCGGAAGAGGCAGGGTTAGACGGCTGCCAATGCGACGCGGTCATCACGTTGCTGCAACGGCGGCTGGTCCTGCTCACTGGTGGCCCTGGTACTGGCAAGACCTCCACCGTGGTGCAGATGCTGGCGGCTGCCCTACGACGCAAACCTGACCTTCGCATTCAGCTGTCTGCTCCGACCGGCAAGGCAGCATCCCGCCTGCTCGAGGCCGTGACTTTGGGTGGCGAGGGGCTGGAGCCTGAGCAAGCCAAGCCCTTGACCCAGCTCACCAGCTGCACCTTGCACCGTCTGCTCGAAGCGCAGGGAGAGGGACGGTTCCGCCGCAATCAACAGACCCCTCTCGACCTCGACTTACTGGTGGTGGATGAATTCTCGATGGTGGATCTGCCCCTGATGGGAGCACTCCTGGATGCCATGCCCGCGCACGGCCAGTTGCTGTTGGTCGGTGATGCCAATCAGCTCCCCCCTGTTGGCCCCGGAGCTGTGCTGCAGGAGCTGATCCAGCCTCAACGTCTCCAGCGACTCGGTACCGCTGCGGTCGAACTGCGCACCACCTATCGCAATGACGGTGCGATCGCGGTTCTCGCTTCACAGCTACGTGAAGGGATGACGGGCCTGGACCAAACAGGCCTCAGCCGTCTCAAGCCAAACGACAATGTGACCTGGCTGGAGGCCCCCAGTCAGGCCCTGCCATCCGTGCTGGTGGAACTGCTGCTGAAGCAACAGGAGTGCCTCAAAGCACTGGCCAGGAGTCTGCGCTGGCAAAATGACGATCCCCATCCCGACGATGTAGCCGCCCTGCTTGGACAGCTGGAGGCTGAGATCGCCCTCAGTCCGGTGAGACAAGGCCCTTGGGGCGTTGAGGCCATCCACCGGACCTTGCTGGGGGAGCTCAGCCGCAGGCCTGTTCAACACTGGCCTGCAGGAACGCCGGTGCTCAATCGCCACAACAGACCGGAGCAAGGACTGGCCAATGGGGATATCGGTGTGATGGTGCAAAGGGATCAGCACTCGCTTGTGCTGCTGCCTGGAGGACGCCTGCTTCACCCGGCCCAGCTGTCTGGAGCGGAACCCGCCTTCGCCCTTACCGTGCACAAATCCCAAGGCAGCCAGTACGGCCGCGTGGCCCTGCTGCTCCCCCCAACCCGGTATCCAGACCCCCGTCTGGCCTACACCGGCCTGACCCGTGCCCGTTCAAAGGTGCTGCTAATCACACCTTTAATCAGCAAAAACCTGGCCGGATCAGAGCAACCTCGCCATGCTTGAAACCCCGCAGGGAGACGGTGAGCAGCGCAGATGAACGGGTGATCCGCCCCTGGGGGTGGTACGAAGAACTGCGGGAAGGTTCCGGCTACAAGCTCAAACGACTCTGGCTCAATGCAGGTCAGAGGCTGAGCCTGCAACGTCATCAGCATCGCAGCGAGAACTGGACAGTGGCGGAAGGGAGCGGCGCTCTGCTCTGCGATGGCCGCTGGAGCTCAGCGACCCCTGGCATGACACTGCACATCCCCTGTGGCGCCATTCACCGAGCGCAGGGCGGAGAAGAGGGACTGCTGCTGATTGAGGTGCAGCACGGTGCATTGCTTGAGGAAAGCGACATCGAACGATTGGAAGATGATTTCGGTCGAGTGTTAAGTTGATCAATCAACCTTGAAAGAAAGGGCAAGCAATCAGATCGGCCTCGGCCGTGTTGGACTTTGCCGGCCTGACTTGCAGGGATCAATCAGGCCACTGCCTTTTCAAAATGACTCAAAGTGCAGCGCACGGAGATTTCGCGTGCTCAGTGGATCTCAGCGCCACAGAGCTGGCAGCAGAGGGCGAAACGACCCCTGCGACTGAGGAAACCAGCGATACCAACGCGGTGTTCACCACGGTGATTGAAACAACCGAAGACACCCCAGATGAGCCCTCTGGATTTGCCCAGTTCGGCTTCAGCGATGCGCTTTTAAACACCCTCAACGAGAAGGGATATAAGGAGCCCTCCCCGATCCAGGCGGCCGCATTCCCCGAGCTCATGCTCGGCCGTGATCTCGTTGGCCAGGCACAAACCGGCACTGGCAAAACCGCGGCCTTCGCCCTACCCATCCTGGAACGCTTGCAGGAGGATGGCCCACGCCCACAGGCTCTGGTGCTAGCCCCCACTAGGGAACTGGCGATGCAGGTGGCGGACTCCTTCCGTGCCTACTCGGCCGGCCATCCCCATCTCAATGTCTTGGCCATCTACGGAGGATCTGATTTCCGGTCCCAGATCCACGCTCTCAAACGCGGCGTTGATGTGGTGGTGGGCACCCCAGGGCGTGTGATGGACCACATGCGTCAGGGCACGCTCGACACCAGCGGCCTGCGCAGCCTGGTTCTCGATGAAGCCGATGAAATGCTGCGCATGGGCTTCATCGACGATGTCGAATGGATTCTCGATCAGTTGCCGGAACAGCGGCAGGTGGTGCTGTTCTCAGCCACGATGCCCTCCGAGATCCGCAGGCTATCCAAGCGCTACCTAAGCGAACCGGCTGAGATCACGATTAAAACGCAGGAGAAGGAAGCACGTCGCATCCGCCATCGCTGCATCACCCTCCAGAACAGCCACAAACTTGAAGCCCTCAACCGGGTGCTGGAGGCCGTCACCGGCGAAGGGGTGATCATCTTCGCCCGCACCAAGGCGATCACCCTCAATGTGTCTGAATCCCTTGAGGCTGCTGGCCATGATGTGGCTGTGCTCAATGGCGATGTTCCCCAGAACCAGCGGGAGCGCACTGTGGAACGGCTGCGCAAGGGAACGGTCAACATCCTTGTCGCCACAGATGTGGCTGCACGAGGCCTGGATGTGGAGCGCATTGGTCTAGTGATCAACTACGACATGCCCTTCGACAGCGAGGCCTACGTGCATCGCATCGGTCGGACCGGTCGCGCAGGCCGCACCGGCGAGGCCATTCTGTTCGTGACGCCTCGCGAACGACGCTTTGTCAACAACCTCGAGCGTGCTGTCAACCAGGAGATCGAGCCAATGGCGATCCCCAGCAATGCGGAGATCAACCAAGCGCGTCTCGACAA
NZ_CP138971.1_gap67	2381412	2384169	2757	GCCTGCGCCTAGGGCTGAGCGTTCTGATCACCTGTGCGATCGCCCAGCACTTCGAACGCATCACCTACCTGTGGTATCCCCTGATGGCGGTGATCTTTGTGGTCGACGATCAGGATGAGAACACGTTCCGCGCTGCCCGCGGGCGGATACTCGGCACGATCACAGGTGGCTTGGTCACCTTCATCGTGCACACCATCCTGTCTGGCTGGATCGGCATCCTCGTCAGCCTGCTGATCAGCATCCCTCTACTGCGGCGCCTTGGCTGGAGCAGCGGTCTTTCGACCGCAGCCGTTATCACCATCATGTTCCTTGGAATACCCGGGTATTCGCTGCTCAACTGGGGGTATGTGTTCAACCGCAGCGTCGACACCCTGATCGGAATCGTGGTGGCCCTGATCATGGGACGGCTGCTCTGGCCGAAGAACAGACTGGCGCGCCTGGCGGAACTGAATGAACTGCAGAAGCAGATACTGCACCAGCGCCTCGCGCTCCACCAACAAGCCCTCGCAAAGGGCGGGTCAGTACCAGCGGTGAATGCCGAACCCGTGACGCGCAACCTGTTGGAAATGGAGCGCCTCGTCGCGGTAGAGACAAGCCTCGAACCCCATCGCCATTCCAGACTGGAACGTCAACGCTGGCGGCAACGCGTGTTGCTCTGGAGCACACTGCAGCCGCGTTGGTTGCTGGTGGAGCGTCTATTGGAACGGCTCTACCGCCACCATGACCATGCCATGCCTGAACTGAGTCAACAGCTTGATCACCACCAAGCCCAAGGCTGGAGCCGACTACACCTTGGCGGAACAGACCATTCTCAGACACCGCTACGAATCGCATTAGAGGAGGAGGTCACACGGCTGCGCTGGTTGCTGCGCAGCCAGGAACGGATTGAGGCTGCGGTGACGTGAGGAACGCAACCACGCAGAGCAGACGTCGCCCCAATCAAAGACCCTGGTTACTGCGCAGTGACCTGCGGCTGGCCGTCGTGACAGGCCTAGCAGCGGGGTTCGGTCTACTCAGTCCGATTCCCTACGGCTACTACCTGCCGATGACCACGGCGACGGTGTTATCAAGCAGCTACGGCAACGCCCTGAAGCTGGGAGTGCAACGCCTGCTTGGATCGTTGATGGGCGTCCTACTTCTGATCATTTTTTCCAAGAGCCTGGCCCTTCCCCTAGCTCTGGCGATCGGGATGGCCCTTGGCAGCACGCGGCTGCTGGGGGGGATGCTCGGCCTTGAGGTGGGGTACAAAGTGGCCGGCAACATCATCGTGATGGGTTGGTTGGTCCATAGCGCCACGGAAACAACCTGGGGCCCGTTGCGATTGGTATGGACAGCCCTCGGCATCGCGCTCTCTCTCTGGGCCAGCCGCTGGATCTGGCCAAGCCAAGCGATTCCCGATCTACACCGCCAGCAGGGGCGACTGATGCAGGCGATCGCAGAGGAATTGAGCGAGGAAGCGTCACGCCTGAATCAGGAGGGACCAGGCAGCAACCGCTCACCCCGCCGTGAGACGCAACGCAATCACCTCTTGCATCAGCTGGCTGCCATCCGTCTGAAGAGGCAAGACGCCCTGCTGGAGCTCGGGCTCAACCCAGAGCAACAGCCCCTCTATCTGCTCTGGGGCCAGATCGACTGGATGTGCTCCCAAACCGTGAGCGTGGTGTCCGGGATGGCGTGCCTACCCATACCAATCCACGGTCCTGAACCCCTAAGACAACTCCATCACCGGGAAGCTGAGGTCCTGCAGTTGATGGAACAGCTGCTCACGATGCTGGTTCGTGATCTCAGCACTCTGACGCAAACCGGCCACACCGCGTTCAAGGCTGCTTGCCTACACAAGACGGTGACGGCACTGCACCAAAAAGGGGAGCAACTGAACCAGCAACTCACCAGCACCTGCAAGGCACTGGACGGAGATCTGCCCAGCTCCAGACTGCGCCAACTGATCGTTCGGAGCACCTTGATCGAACAACTTGTCGTGATCAGCGAGGGGATCGCAACGATGACCAACGCATCATCGAATGCAAGCAGGAGAAAGCTTCAGCAGACAACGTCAACACCAAACCATTGAGGGGCAGGGCAACCACTGACCTCTGTGATCATCGCTGCCGCGAGGTCCACCAGCGTTCGATCCGATAGGCGAAGATCACCAGAAACACCACAAGCCAGAACCACAGCTCCGGAGGGTTGGCGTTCATCAGTACCACCAGCAAAACAACTTCGGAGATCAGCCAAGGGAGCTCCTGGCGCAACAGTGGTCTCAGAGTCATCAGGGAGAGGTACCGGGCTGACGTAGGAAGGGAAGATCCCAGAGTCGGTCAATGCGTAGGGTGCGATAGCCACCCGTGAGCGATCGCATTCCGGGCAAGATATAGGTAATCGCCGATCGCCATTCGACATAGGCGAAGGTATCGATGGTGAGACCATCTCGAATTGGGAAGACCCCACTCCCCTGGGACAGGGTCCAGCGGTAGCCATCATCGGAGCGAGGGTCGCGGGCTAGGTCGATCTCTGCCCGCATCACGGGACCATCCTTGACGAGCTCCTCAGCCAGCTGCGGATTGCCGATCGTCGTGGAGATATCGTCTGCCGTTGCCGGCAGACTGAGCACAGAGCGGACCGATCCTTCGATGCCACCAAAACGACCTCGCTGATTCCAGAGCGGTACGACCTCCACAGGCAACCCCCTAGGCAGACGCCGGGCATCAGCAGGTGCAAAGTAGGCCACGGCCATCAGGTCACTGGGTTCCCGTTGTT
NZ_CP138971.1_gap68	2388684	2391929	3245	CTTCACGCCACTCAACCAGCAACCCGGCATGGAGCAGTGCCCAGCGAGCCCGCATCGCATAGGGGCAGCGCCTAAAGCTATAAAGAACGGGCCAATTCATTGTGTGAGGCGCTGCTGGTCTGCGTTGGTGTTGGCATTTGCATTGGCATTGGCTTTGGCCTGATCAAACTGACGTTGCCGTTCAGCAAAGCGATGACGATCCGCATCCGTGAAGCGATCAATGCAATGGACGCACTGCACCCCTGGGATGTAGCTCTTCAGGTTCCTTTCCTCCGGCGTGAGCGGAAGTCCGCAGGCATGACAGAGGCGATGCACCCCTGGCTGGAGGCGATGGTTGAGGGCAACCCGCTGGTCAAAGACAAAGCACTCGCCGTGCCAACGACTACTCCCTTCGGGGATCTCTTCCAGGTACTTCAAGATGCCACCGCGCAGATGGTGAATTTCGCCAAAGCCCTGCTGTTGCAGATAGCTGCTTGCCTTCTCACAGCGGATGCCGCCGGTGCAGAACATGGCGATGCGCTTCGGCCCCTGTTGCTCGATCAAGGGGCGTAACTCACGCTCCGCCCAGTCCGGGAACTCCCGGAACGTGTCTGTACCTGGATCGACGGCACCAGTGAACGTACCGATCGACACTTCGTAGCGATTGCGGGTGTCGATCACCAACGTTTCGGGATCATCAATCAGGGCATTCCACTGCTCGGGCTCCACGTAGGTCCCCACGCTGTTAGCCGGACTGACTTCCGGGCGACCCATCGTGACGATCTCGCGCTTGCCTCGCGCCTTGAAGCGACGGAATGCTTGCTGAGAACACCAACTGCGCTTGACCTCGAGACGGGCGTAATGATCGTCACCCAGGCAAAGCTGTTGGTGCAGATGCTCCAACACGGCCTCGACACCCTGTTCAGGGCCACTGATGGTTCCATTCACACCTTCCAGCGCCACCAGGACAGACCCTCGGACCCCGCCGCTGGACGCAAGGTTGGGAAGACCAGCAAGCAGCTGCGATCGCATTGCTTCCGAGAGAGGCGTGAAGGCATAGAAGGCGGCGACGAGAAGCTCGGCTGAGATGCCTGAGTCACCACGACCTTGAACACTGCTGTTGGCTTGGGGTTCTGTACTGGTCATGCCGCCTGAGATGCGACCGGAGCAATGCCAAAGGCCACAGGAAGGGAACGCCTGAAATGCCGTGGCGGCAAACCATTCACGCCAGCAGTAGACACATGCGAGCCCTTTCGGCTGGGTTGCAGGCGTTGCCGGAACTGACCATCCATCCCCCCAGTCTGCGACTCCGCGGTGCTGCCCTGGACCGACTGATTGAGCACGACGGAACCCACGACCTCAGCAAGACACCTGACGTCGTTGAAACGTTGGGTCCGACTGCACCGGCATGGCGATCAGCGCGCCTCCATCCAAGCGATTTTGACCACTCTCCTTCTCCCTCGAATGGGTGATCCCTCCATCCGGCAGCGTTGAGACCGCCCAGGCCATGGAGTCCATGGCCACATCAAGGAGTCTCTGATGGCGCAAAAGTCAGGCCTGTCAATCGCACTACCAGACAGGCTCCGACTCAGACCAACCCATCGTCATCAGGTGCTTGTAGAGAATCAACGCATCTGAAGATCTCAGGCTTTGGCGTGTCTTCAGCAAAGCCGGATCACCATGGGGCATCTCCCTACCGTGATCCACGAGAACCATCGCGTCTTCGTTCCAGCTCTTCGGATCTCGATGGAAGCGGAGCGCATTGTCTTTCAACTGTGGGTGCCTGAGCCAACCTTCCATCAAGCTTGCAGGTGAGTGGTACATCTCCAGCAATGGCAACGACGGATCAGCGGTCGCGGTGTGGTTCTGATTTTGTGCAGATAGACGTGAACAAAGACATCAACGGCGAGGCGTTGATCGGCAGTGACCCACTTCCTTCAACACCATTCGATTCATGCGAAAAGTCCCGCCTCAGCCGGGGTTTTTAACGCCAATGAACGAATGGCATGGCGCGCATGACCAAAGCCGACACACTCAGGCGCGAAATGAAGCCTGGCTCATCCTTGCTAATTGAAGAGCCCGCTGCACGTATTGGGATTCCTGCTCATGGCTGTGCTGCTGCGAAAGCCGTCGATGAGCTGGAGACGATTCACCGTTGTGATCACACCTGGGCGGCAATGGAATCGCATCAGAAAACCTGCCCCTTTGGAGCAGGTTGCTGCCAGTGACAGGTGATGAAATCAGGCGAGGGGGTCGATGAAGAACTCCTTCTGTGCCCAGATTGGTTGCTCTTGAGGCTCCTGATTCCAGGCCGTGTGATTCATCGAACTTGTGGATGCGGGCATCGCCTGCATAGCCACGTCGACATGCGTTTCACTGGCTTCGGTTAGGGAGGTCATAGGCATGTGATCAGCCATGCGGAGCCTTCGCATCGGCACTGGGGAGGTGCTGGCGCCTTCGGAGAAACCAGCAGATGAGCTGCCAGTCAGCTCATCTGTGTCGTCATCGGAATCGCGGGCAGCCTCATCACCCCATGGAGTGTGGGGGGCGAACGTGATGGTGGCTGGAGGGCTGCACTTAAACGGCAATGGCAGCTTTTGAGCCTGGGTGGATGCCCTGCGCAGGCCTGTCTATCTTGAAAATTAGATGGATCGTGCGGTGAGATGGAGCAACAAACGATCAGCGAAGCACGCTGCCCAATGCGGAGCTGGAAGGTGTGGTTGGCCTTAAGTGGTGTGGTTGGCGCCAGCGTCCTGGTGAAGACGCTGCTCGCGGCCTAAGCAACCTGCTCAGAGGCAAAAGCCGGCGTTTGACGCTTGATGCACAAGCCGGCTTCATCGTCTGCGCAAGACATGCCGCCAGATTGCAGCGCAGTTCAGCACTGCCTTTGCCCCCCCAAAGAACGCACCCAAGGCATGCTCTGAGCGCTACAGAAGGAGCCAAGCGAATCGCGCAGGCCACACCTCCATCATCTTGCTCGTGAAGAAGGTGCCAGCAAGGCCTTGACCATGCTTCACGACCGACTTGAAAGTGAGCAGCACACAGGCGTGGACTCAACGAGATAACGCCGGTGATGCTTAAAGAACTTGGGCCACCAAACGACTGTCACAGCGCTAGGAAGCAAGCTAATACTTGAGCAACCGCATAGAAGCGCAGCACTGGTCGATGGGAGCTCCAACCAGCGAAGTCATCAAACTGCGGCAGCTGTCCTATCAAGAGCATGCTGAGGCGGTACTGCGACTCGCGAAGACCTATTTAAAAGATCA
NZ_CP138971.1_gap69	2562848	2566001	3153	ATCAGTCCCCGCATTCTGACTGACCACCTAGAAGGCGGTCAGCCTTTTTGCTCTTGCTTTTGAAGTTGCGTGCGATAACACTTCGCTCTGAAAATGACACCTGCCCTTGACTGAATGATAATTCCTTCATCTCAACTACATCATCCGCAGGTCTACAACCTGGACCAGAGACATCCCTACGACTCTTGAATCGAGAGTTCTTTGTCAGAGCTCTTTCAGACATAGCAATGAATTCTCTTCCCACTAGCTGGTTCTGATTCTCATTCCCTTTCAAAGCTGACTGAATTTATTCAGCCCTACTCTCTAGACGCCGAGCCTGGCGCCTTCCCCCGTGCGGGTACGCGGATACGCGCTGGCAACAACAATTGACCTAATGCTTCAGCACACCCGCAAGAACTAGGGCCTGCTCAGTCAGTTGACACTCTTTTGCCAAAAAAGACCTCAAGCAAGCGACTCGATCCTGTTCACGACGAAAATTACCCGAGAAAGTTCTTGGCGTGTGATTAAAATACAAGACAACTGACTTCGTGAAAGGAATGGTCAACACATCAACTTTTTCTATGTTTGTGTAGTCACACTTTTTCAGACGAAATGAGCCACAGTACTCAATACGATCTCCATAAAGCCTTAGAACTGGTTTGAGACTATTGCTTCCCATTGCCCATATCTTTGGCATAAAGCTCAAGCCATTGAATCCTGCAAGCAAATCGGAATCAAAAACGAGGCCGGCCTCATGCATGCCCATTGATCAAGTCTGAGCCAAGGATAGCTGTGTTTCAGTGACATCAGAGAAAAAAGCCGAGTCGCTTTGCGATCAATGGTGACAACTGACCTCTTATCAATCAATCACTGGCAGCGCCACGGGGGCTCGGTCAGCATGCACCTGTGACCAAGATCACAGAAGGCTTTGATCCCGGTCAATGAGTGGGTTGCGAATCACGGCGATGGTGTGTGAGTCAGGAGGACACAAGCCTCCACCGCCGCTTCGACCCATGCCTCACTACCGCGATTGGTTTTCATTCCAACCACAAACAGAATCCTTCGGCAGCGTTACGCCTGGCAAAGAGAAGGGTCGTGGTGCCACTCCAATTAGCGGTGAAGGAGCCTTTAAGCCGCAAGGAGTTGACGACAAAGGCAGCATCATCGTTGGCGACAATCATTTCAAGACTGAAGCTGGTGCTGATCCAATCGTTGACTACCGACAACCAGATATTCAGCACGCTCCAAAAGTGTTTCAGGGTGCTGGCCAGAATGGACCGAATGCTGACGTTCCTGGACCAACCGACAGATTTTTGGATGGTGAGGATTCCTCTCCTTTCAAGGTGAACAACAACATTGTGTTGCTACAAGAGCACAACCGTTTCTCAACTGGTGGTAGCGGCGACTCCATCACAGGCAGTGAGCGCGCAATCGAGATCTGGACGAACGGTGGTGCCAGCACATTGACACCCGTAGCCAATCAAAATGGAACCGCCACCTTTGCTCCAGGCAGCGCCGTTGAATCATTGAAGGCTGATCGTCGACTCGGAGACACCTCTGCTCCTAGTGGTTCGTCCTGCCTGACGGAATGCCTTACTCCCATTGCTGGCATGAACAGTCTTGGTGAATCACTGAACCCTGTCCTTGAAGTCGGAGGCACCGCCGATCCTGGGCAGGCGTCCCACCTAATGGGAAAACTCGGCTTTCCCACTAACAACGTCAGCATGGACGACCATTAAGCCTGTTGAGCCGCCAATCCATCATCAAAGCAGCAATCTTTGCTGAATCAATGATGGATTGATTGAGGCATGAACAAAACTATTGCCCTGGGCTCTAAGTGTTCGCTCAATGTTTCCCAGTGCAGCTAGGGCGGTGCAAGTGCAAGCGATCTGGCAAAAAAGGAACGATTCGATGCCCGCATGGCACCTGTGATCCATGAGTTGATGGCACGGAAGGGGCGGATTACGCTTTCGCTCTTCAAGCAAGCGCCGTGCACTGGAAAGACGAGGCCAAAGCATTCGCGATTGCCTACGCCATGCCCCTACAACTGGCAGCGGGGCTGATGGGTGTGGCAATCGCAATGGGGAGTGTGTCGTTCATCGCCTTTCAGTTCTTCCCTGAGCAGACCAAAGCGATCAAGACTCAGCTGTGTCTTGCCTCTGGTCGTTGTTCGCCTCCACCTGGCAGATCTCTCTAACCGGCAGTCACCGCCTCGCATTCCAACGGATGGGATGGTCGTCTCAGATCATGCCGAGTTCGATTGGATGCATCCCCAGTCATGCCTTTTGGCCAGCGGATCAAGACACGTCAACGATTACTCAGCTCCCCAGATTCGACGTAAAACGGCGATGTCGTAATTGGTGAAAAAACTGGGGGGACCACCTGGACGGGGTTTGTAAGCCATCACCGTGTGGCCTGCATGGGCTGCAGCGGTGGAATAGGGACGGTTATCGAACAAACAGTCGCCATCAATATCGGAAAAGGGATGTTCAAGACCGAGCGCATGGCCAAATTCATGCAAAAACAACCACACCGGATCTTCCGAACCGGTGGCAATACCGCGACAACCATTGAGGATCATGATGTATTGCGTGCCATCCACATTCTGCGAAACGGCACCTTCTTTACGGTCATTGGCATCGCAATAACCAACGATCACAAGATCAGCGTCGTCTGGCCGTGAGACTTCATGGAAATCGAGTGCGATCAGGCGATCCGTGGCCTTGATCAACTTGATCCCCAGTGCTTTTTCATCGCGATAGAAGGGATCAGCACGCAACGTCTGTGTTGGCGAACGCGCGGTAATCGTTCCCTGCGGATCGCCATACACAACCCGATAGGTCCGGGGAGTCATCTCGAAGTAGTAGGCGATCGAGGTGCGGCCAGCGAGAAACTCCTGATCAGCAGCATTCCAGGGGGCCACCAAAGCCTCGACAGTGGGCCGCATGGCGCAATGATCCGCCCAAGCGCTAGCAGCCGAAGCAATCACCGCACACCCGCCCCCTGCTGCTATAGCCCAACGACGTAGGCGAGCCATCACCCCTGACTTATCAAGATGGCCCTTACCCAATCACAGATTGGTCCTAGAAGCCACGGGCCGGAGCCTCTGAAGCATCACCAACAAGACTGTTGGGCAGGAGCCGATCGCAGATGACGATGCAGCAACAGATCAGG
NZ_CP138971.1_gap70	2567629	2571262	3633	GTGCAACGGGAGGGGAAACAGCTAACGCTCGACTGTCCTGCCCAGCCAACGAAACCCTGCGAAGCACCAGCTGGCCTGAGTCAGGCTCTGGGAGCCAAGCCACTGAATGTGCGACGGGGCACGGATTGGCTGGCGGTGTTCACCAGCGAGGCAGAGATCCGCGACTTATCGCCCGACCTGCCGCAATTAGCGGCACTCGACGGTCGAGGCGTGATCGTGACCGCCCCAGGCGACAACGTCGACATCGTCAGTCGCTTCTTTGCTCCAGGGATCGGCATTGATGAAGACCCGGTGACCGGGTCGACCCACTGCGCACTGGCCCCCTACTGGGCCGAGCGGCTGGGTAAACCGCTACTGGAGGCACGCCAATTGTCCGAACGAGGCGGCAGGCTCACCTGTCAGGTAGCGGGTGAACGCGTCTTGATCAGTGGCCAGGTGACTCCGTATTTACGCGGACACATCACAGTCGCCGAGCACTGAATAGACACACCAGAACGAAATAAGGCTGCATCGAGACGCCTGACGTCAGGCTTGAGAAAGTCAGGCCAGATTGAGAGCACGAATGCCCGCGTTCGGAGCGACTGCACCTGATCATCGGAGACTGGGGAAGTCGCAGAGAAACGCGTCAAAACCGATCGCTTGTGGCCAGCTGTTCTCGACAGCGGTTATCGACTGCAGGTATCGATGGCCATCAGATCCCATCCACGTCAGAACGGGACAGCCTGACCGTCCAAAGCGCCAAACAGGCAGCCGAAAAAGCGCCGACCGTGACGAGAAGAAGTTGCGTCGTCATCAATCAGGGCAAACGCAGAACTCGGAAAGCGGCCAACAGAACCGCTTTTACAAAACTAAACAATCCGAGCATCAACCGCGCTCTGACTCGTCGAGGTATTGCTCGATGATCGGAGAGGGGTCGCCCTTTTCGAGCGCATTGATCTCGCGTTCGATGTTCTCGATAAACAGCTGATTGCCATTACGCCTGGCCACCTCCAGCACCGTGCGCAAGCGACTGAGCTGCTCGTCACCATCGCTGGACATGGGCAGACAAAACACCAGGAGAAATCAGTCTGACGAGCCGATCCACTGCAGCAGACAAATCAGCTCAACATTCGGGTGGCCGCCTCCTCGAGGCAATGCGCCTTTATGCCGATTGCTTTTGTAGCCATCGACACCAAAACTACGTGCATCGAGACCGGAGGAGCTGATGACAGCCGACACTCCACCTGAGCAAGATCAAGAAGCAGACTGACTTTCTGGCCCCTGCTCCAACAGTCACCCATTCGTGAGGCTGGTCCTTTTGGACACTCCACTGCACCGCCCCAGGTGCCCCGGAGCTGCATCAGCCGCACACCTAGACACGATGGCCCCAGGGACGCCATAGCCAGACGCTTCACCCCTTCCTCTCTCTTCTGCAGTGACGGGGTTGAACCATGCACAAACGAGCGACGTAGGCCGTCTTCCCACCCGGGGAGGCGGCCTTCCTCTTGGCGATCAACAGCAAGACAGCCATCTGCCTCAAGACCGCCATCTGCCTCAAGACAGCAGCCAGCCCTGACCGACCCCAAAAGGGCTCAAATTCTAGGCAGACAAAACAACAATAAGATCCGAAAAGTGCACAGATCAAAAAAGGCAATGTAACAACCCAGGTTGCAATGAGATCAGAACCGTCAGTGAATCATTCAGCCCTCAAAGCTAGATAGACATTCCGGATTCTTCGCCTAGCGTTAAGAGACAATGGGAGACCAGCAATCCGTCTCCCAACTCGAACACACTCATACCAATGACTCTCCTTCGGAACATTGCTCTTCCGATGTCAATGGCCCTTGCCCTGGCTAATCCGACAACCTGCTTCGCTGAGCAACAAGAGCAGAAGTGGGACGATGCCCCCGTGATCTTGACGGCGTCTGAAGACGTTGCAAACGACCAGCAAGAGAGCGAGCAAGACGACGACACCCGTGTCTATGTGGACCTCTACGGCTTTCTGCCCTGGAATACCACAACCAATATCACCGTCGATGGCAACCAGGCGCCCACAGCATCCCAAGGCCTACGTGATGTGCTGACGCCAACAACAGGCGCCTTCACCGGTCGAGCTGGCATTGAATTCGGACGCTTTGGCTTTCAGCTTGGCGTCAACCATGGCTCCTCTTACACATCTGAAACTGCCTACAGCTGGAAGGAGAGCAATCCGATCCGAAATAGCGAAAAGTACTCCGACCAGTTCCCCAACCTCATCAAAAATCGCAGGGTCAAATCAGAAGGAAGTATCGGCGTTGACAACACCTTTAATCAAACCATTGTCGACCTTGCACTTCGCTACCGTGGCGGTGCAATCCCAAGCCCGCGAATGGATCCTGGCGACTTCGCCTTCATCGGGCTAGCAGGGGCAAGGATCGTTGATGCCAGCATGGATGTGGATGTGAACTTCTCGAATAAGGTCACCTTTGATGGCGTGCTTCTCGACAAACACCTGCGCAGAGAATTCAATCAATCAGCCAGCCAAACCATTGCCAATACATGGGTGAGTCCCCTCATCGGCATGAATGCGATCTACGCCTTCAACGACCGCTGGCAGGCCTTTGTTTATCTTGATGCAGCCGGCTTCGGCGTCAGCGGCCAACAAGACATGTCGGGAACCGCGCAAGCAGGGATTGCCTACACAATCGGCAACTCCACCCAGCTCTCCCTCGCCTACAAATACTGGGGTATTGATTACGCCGGCAATGGAACAGACAACTCCTATTCAGTCACGCAAAGTGGCTTAAACCTGGGCCTTCGCCTGTTCTTTGATTGAGCCAAATTTCACCATCAACATGACCAAACTGTCTCGGATCAACCTGTACAAACTCGGTGCCATTCTCGAGCTAGCCACTGGGGCAGCACTCCTGGTCTGTCCTGCCGTGGTCATGCAACTTCTGTTCGGATCACCCCTCGGTTCAGGAGGTGATCACGTCGCTCAGTTGTATGGACTCGCCCTGTTGGGGCTTGGTGTGGCGTGCTGGGGTGATTCCTGTGCTGATCAGAGCCAGAAAGGGCTGATGATGTACAACAGCGTGGCGGCCATTGTGCTCATCAGCTTTGCCGTCCGAGGCATCGCCGCTGGCCTGATGGTCTGGCCGGCAGGCCTCATGCATCTTGCTCTGGGCAGTTTGATGGTGTGGGATCGCTTCTCAAGCTGATCAAGCTGATCAAGCTGATTCAGACGCACAACGGAAGCCCATATGGCATGTGGCCGTGTCGACGGTCTGCCCCATCAGTGCAGCCGGTCGAAAACGATGGCAATAATTCTCAGCGCACAGGAACGATCCACCCTTGATGATCCGACGTTCCTGCTCACCATCAGCAACGGGAAACAGCGTGGAAGTCCATTCCCAGACATTGCCACAGACGTCGACCAAGCCGTAGCCATTGGCGGGGAAACTGCCCACCGGTGAGGTCCAGAACCATCCATCGGCCTGCTCGTTCCTCCAGGGGAACGGCCCTTGCCAAACGTTGGCAAGCCAACGGCCGCCGGGAGTCATCTCAGCTCCCCAGGCGTAATCCTGATCCACCAGTCCTCCCCGCGCTGCCACCTCCCATTCATCAGCGGTGGGGAGACGTTTCCCCATCCATTGCGCATAAGCGAGGGCATCG
NZ_CP138971.1_gap71	2605224	2605724	500	GGGGAGCGTGATCTGTGATGGAACCCACGCCCCATTCCACGCTTTGGCCTGCCCGCTGCATCCAAGTGCCACGCGCATTGGCAAACGCAAGTAAGCGCAAGACGCCAATGCAGCGACTTTGGTCTCGGTCACGAGAGCTTTGACGTGCAGAAAACCGAGGACCATTGCTTCATGGAAGGCTCTGGTGGGTTCTGCCAGGAAGCCCAGGCCTAGCTGCGCGGGTCAGTGGCTCTGCCAAGTTCAGGGCCTCTGCCAAGTTCAGCAGCTCTGCCCACAAGTGTTGCTATCAAGCTGTTGCCGCTGGGGCGACGTCAACGATCCAGATTGGCGTGTCTGTGCTTCGATGAGAGTTGAAGCAGGTTCGAAGCCCTGTCGTGGTCTTCGGTTTTGGTGAGCTGGCGAACGAGATTCCAGGTGTCTTGCGCAGACATCTCGCCGTTCTCTTCCCATTTGAGGCTTGAGAGCTGAGAAGAGTTCATCGTGGGACCGCCTGGTCATTT
