gap_id	start	end	length	sequence
NZ_CP120067.1_gap1	125098	129941	4843	TCAAGGTTATTTTGGCGTATTTATCGGAAATACCTTGGAGGTAAGTCATTTAATAAGAAGCCAACTTTAGTTGTTGGTGCTGGTCAAGCAGGTTCAATGCTGATTAGACAAATGTTGAAAAGTGACGAAATGAAACTTGAACCGGTATTAGCAGTCGATGATGACGAACATAAACGCAATATCACAATTACTGAGGGTGTAAAAGTCCAAGGTAAAATTGCGGATATTCCAGAACTAGTGAGGAAATATAAGATTAAAAAAATCATCATTGCAATTCCAACTATTGGTCAAGAGCGTTTGAAAGAAATTAATAATATTTGCCATATGGATGGCGTTGAGTTATTGAAAATGCCAAATATAGAAGACGTCATGTCTGGTGAGTTAGAAGTGAATCAACTGAAAAAAGTTGAAGTAGAAGATTTACTAGGCAGAGATCCTGTTGAATTAGATATGGATATGATATCAAATGAATTGACGAATAAAACTATTTTAGTTACGGGTGCAGGTGGTTCAATAGGATCAGAAATTTGTAGACAAGTTTGTAATTTCTATCCAGAACGTATTATTCTACTTGGCCATGGTGAAAACAGTATTTATTTAATCAATCGTGAATTGCGAAATCGCTTCGGAAAAAATGTTGATATCGTTCCTATTATAGCGGATGTGCAAAATAGAGCGCGTATGTTTGAAATTATGGAAACGTATAAACCATACGCAGTTTATCATGCAGCAGCACACAAGCACGTGCCGTTAATGGAAGACAACCCTGAAGAAGCAGTACATAATAATATTTTAGGTACGAAAAATACTGCTGAAGCTGCTAAAAATGCAGAGGTAAAGAAATTCGTTATGATTTCTACGGATAAAGCCGTTAATCCGCCTAATGTCATGGGCGCTTCAAAGCGAATTGCAGAAATGATTATTCAAAGTTTAAATGATGAAACGCATCGAACAAATTTTGTTGCAGTGAGATTTGGTAATGTACTTGGATCGAGAGGGTCTGTGATTCCACTTTTCAAAAGTCAAATTGAAGAAGGTGGGCCAGTTACTGTGACACATCCTGAAATGACACGTTACTTTATGACAATTCCTGAAGCTTCTAGACTAGTTTTGCAGGCAGGGGCATTAGCAGAAGGTGGCGAAGTATTTGTGCTAGATATGGGAGAACCAGTGAAAATTGTAGATTTGGCACGTAATTTAATTAAGCTAAGTGGTAAAAAAGAAGACGACATACGCATTACTTATACAGGGATTAGACCCGGCGAAAAAATGTTTGAAGAGCTTATGAATAAAGATGAAGTTCATCCTGAACAAGTATTTGAAAAAATTTATCGTGGCAAAGTACAACATATGAAATGTAATGAAGTTGAAGCCATTATTCAAGACATCGTCAATGACTTTAGTAAAGAAAAAATTATTAACTATGCCAATGGCAAAAAGGGAGATAATTATGTTCGATGACAAAATTTTATTAATTACTGGGGGCACAGGATCATTCGGTAATGCTGTTATGAAACGGTTTTTAGATTCTAATATTAAAGAAATTCGTATTTTTTCACGCGATGAGAAAAAACAAGATGACATTCGAAAAAAATATAATAATTCAAAATTAAAGTTCTACATTGGTGATGTGCGTGATAGTCAAAGTGTAGAAACAGCAATGCGAGATGTTGATTACGTATTCCATGCAGCAGCTTTAAAACAAGTGCCGTCATGTGAATTCTTTCCAGTTGAGGCAGTGAAGACAAATATTATTGGTACAGAAAATGTCTTACAAAGTGCTATTCATCAAAATGTTAAAAAAGTCATATGTTTATCTACAGATAAGGCAGCGTATCCTATTAATGCTATGGGTATTTCAAAAGCAATGATGGAAAAAGTATTCGTAGCCAAATCAAGAAATATTCGTAGTGAACAAACGCTTATTTGTGGTACAAGATACGGTAATGTGATGGCTTCAAGAGGATCAGTAATACCTTTGTTTATCGACAAAATCAAAGCAGGAGAACCTTTAACGATTACAGATCCTGATATGACAAGATTTTTAATGAGCTTAGAAGATGCGGTAGAACTAGTTGTTCATGCATTTAAGCATGCAGAGACAGGAGATATTATGGTTCAAAAAGCACCAAGCTCAACGGTAGGGGATCTTGCGACTGCATTATTAGAATTGTTTGAAGCTGATAATGCAATTGAAATCATTGGTACGCGACATGGAGAGAAAAAAGCAGAAACATTGTTGACGAGAGAAGAATACGCACAATGTGAAGATATGGGTGATTATTTTAGAGTGCCGGCAGACTCCAGAGATTTAAATTATAGTAATTATGTTGAAACCGGTAACGAAAAGATTACGCAATCTTATGAATATAACTCCGATAATACACATATTTTAACGGTGGAAGAGATAAAAGAAAAACTTTTAACACTAGAATATGTTAGAAACGAATTGAATGATTATAAAGCTTCAATGAGATAGGAGAGATTGACGTTGAATATTGTAATTACAGGAGCAAAAGGTTTTGTAGGAAAAAACTTGAAAGCAGATTTAACATCAACGACAGATCATCATATTTTCGAAGTACATCGACAAACTAAAGAGGAAGAATTAGAGTCAGCGTTGTTGAAAGCAGACTTTGTCGTGCATTTAGCAGGTGTTAATCGACCTGAACACGACAAAGAATTCAGCTTAGGAAACGTGAGTTATTTAGATCATGTACTTGATATATTAACTAGAAATAAGAAAAAGCCGGCGATATTATTATCGTCTTCAATACAAGCAACACAAGATAATCCTTATGGTGAGAGTAAGTTGCAAGGTGAACAGCTATTAAGACAATATGCCGAAGAGTATGGCAATACGGTTTATATTTATCGCTGGCCAAATTTATTCGGCAAGTGGTGTAAGCCGAATTATAACTCAGTGATAGCAACATTTTGTTACAAAATTGCACGTAACGAAGAGATTCAAGTTAATGATCGGAATGTTGAACTAACGCTAAACTACGTGGATGATATCGTCGCTGAAATAAAACGTGCTATTGAAGGAACTCCAACGATTGAAAATGGTGTACCTACAGTACCAAACGTATTTAAAGTGACATTGGGAGAAATTGTAGATTTATTATACAAGTTCAAACAGTCACGTCTCGATCGAACATTGCCGAAATTAGATAACTTGTTTGAAAAAGATTTGTATAGTACGTATTTAAGCTATCTACCTAGTACAGACTTTAGTTATCCCTTACTTATGAATGTGGATGATAGGGGTTCTTTTACAGAATTTATAAAAACACCGGATCGTGGTCAAGTTTCTGTAAATATTTCTAAACCAGGTATTACTAAAGGTAATCACTGGCACCATACTAAAAACGAAAAATTTCTAGTCGTATCAGGTAAAGGGGTAATTCGTTTTAGACATGTTAATGATGATGAAATCATTGAATATTACGTTTCTGGCGATAAATTAGAAGTTGTAGACATACCAGTAGGATACACACATAATATTGAAAATTTAGGCGACACAGATATGGTAACTATTATGTGGGTGAATGAAATGTTTGATCCAAATCAGCCAGATACGTATTTCTTGGAGGTATAGCGCATGGAAAAACTGAAATTAATGACAATAGTTGGTACAAGGCCTGAAACCATTCGTTTATCATCAACGATTAAAGCATGTGATCAATATTTTAATCAGATATTAGTACACACTGGTCAAAATTATGATTATACATTGAATCAAATTTTCTTTGATGATTTGGAATTAAGACAACCGGACCACTACTTAGAGGCAGTTGGAAGTAACCTTGGAGAAACGATGGGGAATATTATTGCGAAGACATATGACGTTTTATTACGCGAACAACCAGATGCACTTTTAATTCTTGGTGATACAAATAGTTGTTTAGCAGCAGTATCTGCTAAACGATTAAAGATTCCTGTTTTCCACATGGAAGCGGGTAATAGATGCTTTGATCAGAATGTACCTGAAGAAATCAATCGTAAAATTGTTGACCATGTCAGTGATGTGAATCTACCTTATACGGAACATAGCAGACGTTATTTATTAGATGAAGGCTTCAATAAAGCAAATATCTTTGTGACAGGATCACCGATGACAGAAGTGATAGAAGCGCATCGAGATAAAATTAATCACAGTGACGTTTTAAATAAACTAGGATTAGAACCGCAACAATACATTTTAGTATCTGCGCATAGAGAAGAGAATATCGATAATGAAAAGAATTTTAAATCATTAATGAATGCGATAAATGATATTGCCAAAAAGTATAAAATGCCTGTGATTTATTCAACGCATCCAAGAAGTTGGAAGAAAATTGAAGAAAGTAAATTTGAATTTGATCCATTAGTTAAACAGTTAAAGCCATTTGGTTTCTTTGATTATAATGCATTGCAAAAAGATGCATTTGTTGTGCTATCAGATAGTGGAACATTGTCAGAAGAGTCGTCTATTTTGAAGTTCCCTGGTGTCCTTATTCGAACTTCCACAGAAAGACCGGAAGTACTAGATAAAGGTACGGTTATTGTAGGTGGTATTACCTATAACAATCTAATCCAATCCGTTGAACTAGCAAGAGAGATGCAAAAAAATAACGAACCGATGATTGATGCTATTGATTATAAAGACACTAACGTTTCGACAAAGGTAGTTAAAATTATTCAAAGTTATAAAGATATTATCAATCGAAATACTTGGAGGAAATGACGATGAGGATAGCGATTCTTGGCGCTACTAACATTAAGCATATGTCATTATTATCACATTATTTAAACCACATTGATTTGAATATCAATGAGGTGGACATTATATACACTGACA
NZ_CP120067.1_gap2	254130	256172	2042	ACGTATAACAACGTAGATATTTACAGTGACTATGTCATTGTACGTCCTTTATATATGTCAATTTGTGCTGCCGATCAAAGATATTATACTGGTAGCCGTGATGAGAATGTCTTATCTCAGAAATTGCCAATGTCTTTAATTCATGAAGGTGTTGGTGAGGTCGTATTTGACAGTAAAGGTGTGTTTAATAAAGGTACAAAAGTAGTTATGGTACCGAATACGCCGACAGAAAAAGACGATGTCATTGCTGAAAACTATTTAAAATCGAGCTACTTCAGATCAAGTGGACATGATGGGTTTATGCAAGATTTTGTGTTGCTAAATCATGATAGAGCTGTACCACTACCTGATGATATTGATTTAAGTATTATTTCATATACAGAGCTTGTAACAGTAAGTTTGCATGCTATTCGTCGTTTTGAAAAGAAATCTATTTCAAATAAAAATACATTTGGTATTTGGGGTGATGGTAACTTAGGTTACATTACAGCCATTTTATTACGTAAATTATATCCAGAGTCTAAAATATATGTCTTTGGTAAAACAGATTATAAATTGAGTCACTTCTCATTTGTTGATGATGTCTTCTTTATTAATAAAATACCTGAAGGCTTAACATTTGATCATGCATTTGAGTGTGTGGGTGGTCGCGGTAGTCAATCAGCCATAAATCAAATGATCGATTACATTTCACCAGAAGGAAGCATTGCACTGTTAGGTGTAAGTGAGTTCCCAGTAGAAGTTAATACACGTCTAGTATTGGAAAAAGGACTAACGTTGATTGGTAGTAGTCGAAGTGGTTCAAAAGATTTCCAAGATGTTGTAGACTTATACATTCAATACCCAGATATTGTAGATAAATTAGCGTTGTTAAAAGGTCAAGAATTTGAAATTGCAACAATTAATGATCTTACAGAAGCTTTTGAAGCAGACCTGTCTACATCTTGGGGTAAAACAGTATTAAAATGGATTATGTAAATAGAAAAGGATGAATTAACGTTGGTTAAAAGTAAGATATATATAGATAAAATCTATTGGGAACGTGTTCAGTTATTCGTTGAAGGACATAGTGAAAACCTAGATTTAGAAGATAGTAATTTTGTATTAAGAAATTTAACTGAGACACGTACAATGAAGGCGAATGATGTCAAAATAGATGGGAATCAATTCGTTTGTCGTTTCAATGTAGCTATCTTAGATAATGGTTATTACTTGCCTGAAGATAAGTACTTATTAGTGAATGAGCAAGAACTTGATTATATTGCACAGTTAAACCCAGATGTGATTAATGATGCATATCAAAATCTAAAGCCAGAACAAGAAGAAGAATACAACGAATTAGAAACACAAAATGGTAAAATCAATTTCTTATTGCAGACTTACCTAAAAGAATTTAGAAAAGGCGGCATTTCGAAGAAAACGGTTTATACTGTTACACCTGAAATTTCTAGCGATGTTAATGAATTTGTCCTTGATGTTGTTGTAACGACTCCGGAAGTTAAAAGTATTTATATCGTTCGTAAATATAAAGAATTACGTAAGTATTTCCGCAAACAATCATTTAATACAAGACAATTTATTTTTAAAGCGATATTTAATACGACGAAATTTTTCCACTTGAAAAAAGGGAATACGGTGTTGTTCACATCAGACTCTAGACCAACGATGTCTGGAAACTTTGAATACATCTATAACGAAATGTTACGTCAAAATTTAGATAAAAAGTATGATATTCACACTGTTTTTAAAGCGAATATTACAGATAGACGTGGCATCATCGACAAGTTTAGATTGCCATATTTACTTGGGAAGGCAGACTACATCTTTGTTGATGACTTTCACCCATTGATTTATACAGTGCGTTTTAGACGTTCTCAAGAAGTTATTCAAGTATGGCATGCCGTTGGTGCCTTTAAAACAGTTGGCTTTAGTCGTACTGGTAAAAAGGGTGGACCATTTATTGATTCATTAAATCATCGTAGCTATACAAAAGCTTATGTATCATCTGAAACCGATATTCCATTCTACGCTGAAGCATTTGG
NZ_CP120067.1_gap3	276841	278181	1340	TTCAATACCAGCAATCATACGAAGTAATGTTGATTTTCCAGCACCATTATCACCAAGTAATACGGTTAAACGATTACTATCAAAGGACATAGTTAAATGATTGAAAATCTGTTTGTTACGGTAACGCTTTGAAAGGTTATTAATTTCTATCATCAGTTACGCTCCTTTACATGAAAATAATCAAGTATACGATACCCATAGCAAGTGCATATATAAATGTCATGAATAATCGATGACTTATTGTTTGAATATGGAATAAGATAAAGACGATACCTATCTCATAAATCAATATAAGTAACAGTGATTTTAAGTAAAATATTAAGCTGAGTGGTTGAGACAAATATAGACTAACTGCCAATAGTACCAACAATAACAAAATCGTATGTGTCATTACATAAGTACTATATAGTTTGAAACGGCTTAAATGATATTGTGATAATCGTTGCAATGCTGCTTGTTGGTTTAAACGATAATGAATTACTACTTGAACAGCGCTAACAAATAAAATCACCGCAAAGATTAAGCTAATTGAAATAGAGTGTTGTGCTTGTTTAGTAAGCGACACAAATTTGATTTTAGATTCAGGTGTATGTTTATGATAGGACTTGTTGATAGCATCGATGGATTGATGCTGTTTCATATCCTCAAAGTGTTCATAAATAATGTTAGGAATTTGCTGTTCATATAATGAACTACTAACAATTTCTACAGCAATACCACCTATAAAGTCATCTCTACCATATAACTGTATCGTTTCTTTTAAACGGTTCTCTTTTAATTTTTGAGAGAAACCTTTAGGAATTTGCATACTTAAAATAGCTTCCTTTTTAGTAACATCATCTTCAATATAGCTTTCATCTTCATCGACTTTTTTAATAGTTACATAGTCAGATTGTTTAATTTTATTGACGAATGATTTTGATGCAGTGGTTTGGTCTAAATCTTGAATGGTAATCGGTATTTTGAAGTTGTCATGTGCTACACGGTAACCGATACCAATAAGTACGAGTGCGATGACAATGGTTGTTACGAGCAAGATGTATTGTAACCATTGCTTGAACACAACAAGTTGTATATAAGGCTTCATTGACGATACCTCCAAACCAATACAGCTAAATTAATTATCAAAAGTGCGATGAAGCTAAGATAGAAACTAGGGTGTAGTTCTAAAATGTAGTTGTTTAAAATAATTTCTAACAATTGATTTGTTACAACTGCGAACGGTTGAATATTGAAAACGCCATTTGCTATATGTTGTAAAAAAATCGTAGGTATTGTTAAACCGGATAACACCAGGATGACAATAGCTAATATGACTTTACTAATACTATTCAACAAGC
NZ_CP120067.1_gap4	415085	418389	3304	TACTTGAAAATTACACATAAAGGTCATCATGTAGAAACTTTTGAAGAAGTTGAAAAGGAAGAAGTACCTAAAAAAGCATTAGACAAACTGAGTCGATAATAGCATGCTTATATTACATGGTTCAATTATAAAATGAGTACGAACGAAAGTAACACATGATGATTAATTTAAAAATATTTGTAATAATTATGAATAAAATTAAAAACAAGGGGTAATACAATCTATATAGCATATAAGCTTTTGTTATGAGTTTCAAAAATAGGAAGAGAGAGTGATATTATGAAATTAAAATCATTAGCAGTGTTATCAATGTCAGCGGTGGTGCTTACTGCATGTGGCAATGATACTCCAAAAGATGAAACAAAATCAACAGAGTCAAATACTAATCAAGACACTAATACAACAAAAGATGTTATTGCTTTAAAAGATGTTAAAACAAGCCCAGAAGATGCTGTGAAAAAAGCTGAAGAAACTTACAAAGGCCAAAAGTTGAAAGGAATTTCATTTGAAAATTCTAATGGTGAATGGGCTTATAAAGTGACGCAACAAAAATCTGGTGAAGAGTCAGAAGTACTTGTTGCTGATAAAAATAAAAAAGTGATTAATAAAAAGACTGAAAAAGAAGATACAGTGAATGAAAATGATAACTTTAAATATAGCGATGCTATAGATTACAAAAAAGCCATTAAAGAAGGACAAAAAGAATTTGATGGTGATATTAAAGAATGGTCACTTGAAAAAGATGATGGCAAACTTGTTTACAATATCGATTTGAAAAAAGGTAATAAAAAACAAGAAGTTACTGTTGATGCTAAGAACGGTAAAGTATTAAAGAGTGAGCAAGATCACTAAAATATGTCGTAATACTAATGATAATAACAGGTCTTAATTCATATTAATTATTAAAATACCCTCACAACGTAATGTAATATATCCAGTATAGATTTGAAAGGATATATGCCAAACGTGTTGTGAGGGTTTATTTGCATCTATTTATCCATGCGAATATCGACTTCTTCTAAATGTTTCTGATATTCTTTAACCTTACTTTCTAAAAACATTTCATATGGTGCATCAAAGAAGTCAGCTAAATGCATGGCATCTTTAAATTTAGGTTCATGGTGATGATTCTCCCATTCCCAAATTTGATGTGCTTCATATTTAGTACCATATTTCTCATTTAATTGCTGTGCTAATTCGTCAATTTCTAAATTATGTTTAGTTCGTAAGTTATATAAAATATGCATATTCATTGTTCATTAACCTCGCTTCTTGATTTAAAATTCAAAGATGCTCTAATAATATGTGTATATTCTAGTCCTATAACATAAAATAATCAAGCTATGAATTCGGCAGAAAAAATAATGTAAATGTATATGATATTGCCAGTACAGAGACTTTAAATAACGATAGCTACATTGAATAAAATTGATATTCAATTACTACTTTTAAAAATATTTGGATAAAAATAATTTGAATTTGTTTTAGAATTGTAAATAAGGGGTACTACTTAGAATAACGCAAAATAAATAGAAAAAGGAGACTGAAAATTATGTTTGGATTTATTGGAATGTTAATTGTCGGTGGCTTAATTGGATGGGCTGCTGGTGCTATTATGGGTAAAGATATCCCAGGTGGTATTTTAGGTAATATTATCGCAGGTATTATTGGATCATGGTTAGGTGGAACGTTATTAGGGCAATGGGGTCCTGAAATAGGAAGAATTTACATCTTACCAGCATTAATTGGTTCAATTATCTTAATTGCAATCGTAACGTTAATTTTAAGAGCTATGCGTAAATAATAAAAAATTCAATTGGAAATTGAATTAATATAAAGATGGCATTCAGTTGTCATCTTTTTTATTTGCGTGAAAATGGTCAATATGTATTATAATATTTGAAAATGTAGGTAAGATAGGATTAAAAAGTAATAAATTAACATGAGGAGAGGTTGGAAATAAAGGTTCTTCATCTTTTATGGTGGGAAGGTAAAACTTCCTGCTTTTTTTAATACACAAAAAGCGCAATTGCCTCTATAATTTAAAGTGACCAAACCCAAACTAAAGGAGACAAGTGCGCCTATGTGTAATGATACCTTAGAATTACTAAGAATAAAAGATGAAAATATAAAATATATAAACCAAGAAATTGACGTCATTATCAAAGGAAAAAAAGCAACAGTGGTTAATGCTGTACTAACGTATAAGCCTTCGGCCTGTTATTGTTGTGGAGTTAAAAATGAAGGACAAATTCATAAACATGGTAAGCGTGTTTCTCGTATTACTTTACTTAAAACTCAAGGGTATAACACATACCTCAACTTAGCTAAACAACGTTTTAAATGCTTAGAATGCAATGGCACTTTTACTGCTAAAACGTCAATTGTTGATGAGTCGTGTTTTATCTCAAGATGTGTTACTCAAAAAGTTATAGAAGAAGCTACTAAAGTTAAAACAGAGATTGATACTGCAGAAGATAACTGTATCTCTCCATCTACTGTAAGTCGTATTAGAACTAAAGCGGCTAATTCATTACGAATTAAACCCTTTAATTGTTTGCCAGAACACATCGCTATGGATGAATTTAAAAGCGTTAAAAATGTAACTGGATCAATGAGTTTCATTTTTATAGATAATGATACTCATGATGTTATAGATATTTTAGAAAATAGAACTACAAGATTCTTGCGTGCCTATTTCGAGCGATTCGATTTAAAAAATCGACAACAAGTTAAGACGGTTACTATTGACATGTATGAACCCTATGTCCGATTATTTCGCGACCTATTTCCTAATGCAGCTATTATTTTTGACAGATTCCATATCGTTCAACATTTAAATAGAGAACTTAATAAGTATCGTGTACAAGTTATGAATGAATACCGTAATAAAAAAGGACCTGATTATACAATTTTTAAGAATAACTGGAAAGTCCTATTGATGGATACTAGTAAAACCATATTTAGTAAATACAGATGGAATAAATCTTTTAAGGCTTATAAACGCTCATCTGACATTGTAGAATTCATGCTTTCAAAAGACGATATACTACGACACTCCTACGAACTTGTCCAAGGATTACGAAAAGACCTAAGGTTATGTAATTGGCCTAAATTTATTAATCGTTTAAATTCAGTTAGTAAAAAGTCTGTGAGTAAGGGTGTATGGAAAGCGGTTAAATATTATAGAAAACATCAAAGGATGTTAAGAAATACAATTTATTACCCAGCATTTAATAATGGTGCTATAGAAGGAATTAATAATAAGATAAAATTAATCAAGCGAATTTCTTTTGGTTACAGA
NZ_CP120067.1_gap5	420096	424048	3952	GTGTTACATGTCGCAATGATGGCTTTCAGTTATTTATCGATAACATCACTCTTGATACCTTTAGATTTTAAGAAATCTTTAATTTTATCTTGTTGCTTTTTATTAACATCACCGGCATATTTTGTTGGCACGTCGACAACATTGATTTTATTTTGCGGTTGATAGCTAAGCTTTTCAATATCTTCATCAACATTGGCGATTGTACTATTTAAAGCTTTGAAGTAATTCATCATTAATTCAACGGGTTTCTTATATTCTTTAGGAATATTGTTTTCAGTGACAAATTTCTTGAAATGCAAATCGTTTTTAACAGCTAAGTTAGATAAGTGGCTAAGTGTTTCTGCTTGTTTTTCAGTCACTTTTGTTTGACTGTCAATTTGTTTATCTAGTTTATGTTGCATAATATATTTGTTATCAAGTATATCGCTATTTACAGACAAATACTTTTCTATAGCTTGCTTCATCTCTGCATCACTAATATCACTATTTTTCTTATCTGAGTTAAAGATATCTTTTGTTTCTAATTTTTTAGCGCTTTTAGGTGCATGGATGCCAGTACTTGTATGATGATCTTCGTTATCAGATTGATCGGACGCGCAACCTGTAAGAATTAATGTCGATGCTAAAAATGTACTTAGTAGTAATCTCTTTTTCATAATGTAATATAACTCCTTAGTTTATCTTTAATTGAAAAAATATGTATTCATGTTTAATAGAGTAACATTGAATTAGTTTGGAATGTCACGATGACCTTGCAATGACCATAGACGTAAATGATTACGTGCATGAGTTACTTTTTCTATCAATAATGCGTCGTTTTGAACATTGTTAAGGATAGCATTATCTATAAATAACTGCATAATTGGTTGTATCAATTTAGAGGTAGGTATCGTACGTAAAAGCATAATGATTTCGTTCACATACTTTTCCTTCTCAATATCATTTTTCATATTGATTTGTTTGCGTAGATAACTTGTGAACGCTTTAATTTCTGAATCAGATTTCAAATAGTGGTGTCTATCATAATAGATTAATTCCTCAACAGAAGCTGGTACATAGTATCCTTCATCAGAAATATCAATGCCTGACGCCTCAGACTCTACAACATCAAACAACACAGGGTGAAACACGAAGTCATCTTCAATATAATATAGCTCAGTACCAGCTAAAGTATCTAAGCTATATTGCAACTCTTCTTTACTAAAAGTAGCGTCATAAAATCTTTGTGTGAGATATAGTAGATGATTAGTTGATAAAATACCATACAAGTTTACAGAACCAAGTATAATACGAAGAGGTAAAATATCTTTTTTATCTATTAATCCTTTCTTAATCTCAGAAATCAATTGAGTGATTGCATCACTTCTTAAGCTATCGGTTGTACCAAAATCTTCAAAGTCATCATCTTTAAGTAACATATCTAAGTCAACTTCGTCGTCCATAAATGATAACTCTAACGCGTTTTCAAACTCTGCTAAACTTTTCTCAATTGTTTGCTCATCAACAAACTGATTTACAGCTTTCTCAAAATCACCATTGCCGACTTGATTCACGAAATTTTCAATATGTTTACGCACATCATTTGGCAAAATAAGACAATCATATTCAAAGTCGTAATAATAATAAAAATGACTAGTTAAAAAGTTGTTAAAATTTATTAATTGTAGCTTTTCAAATTCAATTAGTTCATTGTTTAATCGGTAGTTAGCATCACTTTCAAGTATGCTAGAAAGAATGTCAAACTCAAATAGAGTAGTATTAGAAAACACTTGTTCAATGATGTGATTATTATTGAAAAATGCTGTCATAATTAATTCAACAAGATTTTGTTTGTTTTTATTTGAGAATCCTTTGATACCATACTGCCTGCATATTGTTTTTAGCTCGTCATTAGTTTTTAACAGTAAAGCATGTTCTAATGTGACATCGTTTAAGCGCGTATGTTGTCTTACACGTAACACTTCTTCATTTAAATTCATATGGTTTATTGTATCTAACGATTCGAATTCACCATATGCATTATCTAGTACCTCTGAATTGATATATCTTAAAAAGAAATTATTTACAAAGAACTCATCTTCGTTAAGTTGATAAACAAAACCTAGATGATTTGTTAGCTTTAAAATATTAACATCGCGTTTATTTATAATTGTGACAGGATTACCATTAGATATAAGTGTTTCTATAAATTTTTGTTCTGTCTTATCCATATCATGATAAATTTTATGTATATTTTCAGGGCGTAAAGCATGCATCGTGACTTCAAATCCTTCTTTTTGGGTCGGTAAATTAAAATATTCGCATGCGTTTTGTAATTTTCTTGGGTATATAAAATGAACATCAAGCATTTTTGCACACCTCGTTGTATATATTAAGTTTATCATAACATGATTTTATGTCGGGATAAAAAAATAACAGCATCTTAACAAATGTAAGATACTGTCAGTGAAATGAATGAAACTTTAGTTTCTGATAATATAGTCAAAGGCATTTAATGCTGCATTTGCACCAGCGCCCATTGAAATAATAATTTGTTTGTTCTTCTGATCTGTGACATCGCCAGCAGCAAATATTCCAGGTACGTTAGTATTATTGTTACGATCAATAACAATTTCACCACGTTCGTTTAATTCAACAGCATCTTTTAACCATGATGTGTTTGGAAGTAAACCAATTTGAACAAAGATACCATCTAAGTTAAGTAGATGTTCTTCGCCGGTGCTCATGCCTTCGTAACGTATACCTGTAACATGGTCTTCTCCGACAACTTCAGTAGTTTTGGCATTTGTTTTGATATCAACATTTGATAAAGAACGTAAACGATCTTGTAACACGTTGTCTGCTTTTAATTCGCTAGCGAATTCGAATAATGTAACATGATTAACGATACCAGCAAGGTCAATTGCTGCTTCAACCCCAGAGTTACCGCCACCGATAACTGCTACGTCTTTATTTTCAAATAGAGGTCCGTCACAGTGAGGGCAGAATGCAACACCTTTATTAATCAATTGCTCTTCACCTGGAATGTTTAGCTTACGCCAACCTGCACCAGTAGCAATAATGACTGTTTTACTTTCTAAGACAGCACCGTTTTCTAACGTAACTTTAATTGCTTCGTCAGTCTTTTCGATATCTGTAGCACGTATACCTGTCATTGCATCAATGTCATATTGATCAATGTGCGCTGCTAAGTTAGAAGAAAATTCAGAACCAGTTGTTTCTTTAACAGTAATGAAGTTCTCAATACCAGCAGTATCATTAACTTGGCCACCGATACGATCAGCAACTATACCAGTACGTAAACCTTTACGTGCTGTGTAAATCGCTGCACTACCACTAGCAGGACCACCACCAACGATTAAGACATCATAAGGTTCTTTATTTTCAAACTCAGATGCATCTGCCGTACTGCCTAGTTTCGAAAGAATATCTTGGATTGTCATACGACCATTGCCAAATTCTTCGCCGTTTAAAAAGACAGCAGGGACTGCCATGATGTTTTCAGATTCTTCACGGAACACTGCACCATCAATCATAGAATGCGTGATGTTAGGGTTGATCACACTCATTAAGTTAAGTGCTTGAACGACATCAGGACATTTTTGACACGTTAAACTAATGAATGTTTCAAAATGGAATGAACCTTCTAAGTTTTTAATTTGGTCAATAATTGACTGTTTTTCTTTAGGTGCACGACCACTAACCTGTAAAATTGCTAAAACAAGTGAGTTAAACTCGTGACCTAATGGAATTCCTGCAAATGTTACACCTGTTTCTTCGCCAGGACGGTTGACTGAGAAACTTGGTGTACGTTTTAAAGACTTTTCAGAAAGTGAAAGTCTAGGTGACATATCAGAAATTTCTGTTAATAATTCTTTGAGTTCCTTAGATTTTTCATCTGAACCAAGGCTGGCAACGAATTCAACGTTGCCCTCCATTAGTTCTAATAATT
NZ_CP120067.1_gap6	428035	429433	1398	GCCAAACATTTAAATTGAATGGGCTTATTAAGATGAATCTATTTAGGAATACACAGGAGCCATCCCATTTAAAAGTAACATACTATAAAAATTTATTCAAAATTCAATATTAATCATAATGAATAATTAAAAAACCTGAAACAAATTAGTTTGATATGCTCTCTTCAAAGTAGATATTGAATGGAGTATATCAGCTTGTTTCAGGTTTTATGAATTGAGTATTAAATTTGAAAATAAATTACAGTTCTATAGTTTTATAAAAAATCAGTTTTTAAATCATAGATATATATTACTGAGTCTTACAGGCTGGGACATAAATCAATGTTCTATGCTCTACGAAGTTATATTGGCAGTAGTTGACTGAACGAAAATGCGCTTGTAACAAGCTTTTTTCAATTCTAGTCAACCTTGCCGGCGGGGCCCCAACAAAGAGAAATTGGATTCCCGATTTCTACAGACAATGCAAGTTGGGGTGGGACGACGAAATAAATTTTGCGAAAATATCATTTCTGTCCCACTCCCTACAGGTTGAATAAACGTGCGAAGAAACCTTTTTTCTCTTCTTGAGGTTTAGGTTCTGCCATTTCAGACTGTGAAGCTGTGCTGTTATTTTCTACTTTCGCTTCCGATGAATCGTTCGAAGTAGCTTGTTTAGAAGCTTCTGCATGGGCTTCTGCTACTTGTTGTTCAGCATCATGTTGCGCTTCTGCATCTACTGTAGCTTCTTTATTTGAAGTCTCAGCTGCATTGCCATTTTTAGACTGCTCAACGCTGGCTTTTTCAATTGCTTCAGTTGCAGAAATTTGATCCTCTTTATCTACTTTAGTAGTAGTGCCATCGCCTGCATTGTCTGCTTTAGTATCCGTCTTAGCGTCTGTTGACGTATTCACTCCAGCAACCTTCGAATCTTTACTGTCAGCTTTATCTTCAGTAACAGCATTCTTTTCAACTTTATTTGTTGATTCAGCCAATACTTTAGCTTGAGATGCTTGTGCTTCTTGGATAGCCTCTTGTGATGTTTGGATAGCTTTTAAGGATTCGCTATTTGAATCGATTTTAGATGTAAGTTGATTTTGAAGTTCTTTTAATTCTTGTTGTTGCTGATGTACTTGATTCATCATTTGACCAAGTAGGTGACGTTCTTCGCGCATTTTCTGGATTTCTAGGCGTAAATCTTCTACTAATTGAGCGACATTTTGATTAGTAGGTAAGTTTTTGTCATCGTTTTTGACAATGACTTGCAGGAAGTCTTTTTCTTTTTCTAATTCATCAAACGCTAGATCATAACTATTTGTTTGTTTTACTTTGTCGGCAATGTCTTTGAAAAGCTCGATATCTTCTTCTTTGAAATCAGTTGCTTCACGACCACGATATTCAGTCTTGCTTAGTTGGTAACCA
NZ_CP120067.1_gap7	431598	435985	4387	GCAAAACCTAGCACTTTGACGGATGGTTATTATGAAACATCTATTCATTCATTTACTAAAAATAAAACAAGTACGGTCATTGTTTCAAAAGAATTTTTATCAGAAGAAGATACTGTACTCATCATCGATGACTTTTTAGCAAATGGTGATGCTTCATTAGGATTATACGATATCGCACAGCAAGCGAATGCTAAGACAGCTGGTATTGGTATTGTTGTTGAAAAGAGTTTCCAAAATGGGCATAAACGTTTAGAAGAAGCAGGTTTAACAGTTTCTTCTCTCTGCAAGGTTGCTTCACTAGAAGGAAACAAAGTGACATTGGTGGGAGAAGAATAATGAAAAATTTAATCCTAAGTGTTCAACATCTTTTAGCTATGTACGCAGGTGCTATCTTAGTTCCAATCATTGTTGGTACAAGTTTGAAGTTTACACCTGAACAAATCGCTTACTTAGTTACAGTAGATATATTTATGTGTGGAGTTGCCACATTTTTACAAGCCAATAAAGTAACAGGAACAGGATTACCAATCGTTCTTGGATGTACATTCACGGCTGTTGCGCCCATGATTTTAATTGGTCAAACGAAAGGAATAGATGTACTTTACGGTTCGCTATTTTTATCAGGGATATTAGTTATTATCATCGCGCCTTTCTTTTCACATCTTGTAAAATTCTTCCCACCAGTAGTAACGGGTAGTGTTGTTACTATCATTGGTATCAATTTAATGCCAGTAGCAATGAATTACTTAGCTGGAGGTCAAGGTGCAAAGGACTATGGAGATGTTAAGAACATTTTGTTAGGTTTAATGACATTAATCATTATTCTTCTTTTACAAAGATTCACAACTGGATTTATTAAGAGTATTGCCATATTAATTGGACTCGTTTTAGGAACGATAGGTGCTGGCTTACTTGGGATGGTCGATATTAATCAAGTCAATCATGCCGGTTGGTTAGGCATCCCAGTGCCGTTTAGATTCTCTGGATTTAGCTTTGATGTGACATCGACGTTAGTGTTCTTTATTGTAGCTATCGTTAGTTTAATTGAGTCGACAGGTGTCTATCATGCGTTAAGTGAAATTACCGGTAAGAAGTTAGAAAGAAAAGATTTTCGTAAAGGTTATACTGCGGAAGGTCTAGCGATAGTGTTAGGTTCTATATTCAATTCATTTCCGTATACAGCCTATTCGCAAAATGTAGGACTTGTTTCTTTATCCGGCGCTAAGAAAAATAATGTTATATACGGCATGGTCGTGTTATTACTTATATGTGGTTGTATACCTAAGCTTGGTGCATTAGCAAATATCATACCGCTACCTGTGTTAGGTGGTGCGATGATAGCTATGTTTGGCATGGTAATGGCATATGGTGTTAGTATATTAGGACATATCGATTTTAAAAATCAAAACAATTTATTAATTATCGCTGTATCAGTAGGATTAGGTACTGGTATAAGCGCTGTACCACAAGCATTTAAAGGTTTAGGTGAACAATTTGCATGGTTGACTCAAAACGGAATTGTTTTAGGCGCAATCTCTGCAATTATTCTTAATTTCTTTTTTAATGGAATAAAGTATAAACAAACGGAAGAAAATGTGAAATAATATAACTAATTAATTTGAAAAATGGAGGCTGTTTTTAATGTGGGAAAGTAAATTTGCAAAAGAATCATTAACGTTTGATGATGTGTTATTAATTCCAGCACAATCTGATATTTTACCGAAAGACGTTGATTTAAGCGTACAATTATCAGACAAAGTTAAATTGAATATTCCAGTTATTTCTGCTGGTATGGATACAGTAACTGAATCTAAAATGGCGATTGCTATGGCTCGTCAAGGTGGTTTAGGTGTTATTCATAAAAATATGGGCGTTGAAGAACAAGCGGACGAAGTTCAAAAAGTAAAACGCTCAGAAAATGGTGTCATTTCAAACCCATTTTTCTTAACGCCAGAAGAAAGCGTTTATGAAGCAGAAGCATTAATGGGTAAATACCGTATTTCAGGTGTACCAATTGTTGATAATAAAGAAGATCGCAACTTAGTAGGTATTTTAACAAACCGCGACTTACGCTTTATTGAAGACTTCTCAATTAAAATTGTAGATGTAATGACACAAGAAAATTTAATTACAGCTCCAGTGAATACAACACTTGAAGAAGCAGAAAAAATTCTCCAAAAACATAAGATTGAAAAGTTACCATTAGTTAAAGACGGACGTCTAGAAGGTCTTATTACTATTAAAGATATTGAAAAAGTGATCGAATTCCCTAATGCAGCAAAGGATGAACATGGTCGTCTACTTGTAGCCGCAGCAATCGGTATTTCAAAAGACACTGATATTCGTGCTCAAAAATTAGTCGAAGTAGGTGTGGATGTCTTAGTTATCGATACAGCACATGGTCACTCTAAAGGTGTTATCGATCAAGTGAAACATATTAAGAAGACTTACCCAGAAATCACATTAGTAGCAGGTAACGTAGCAACTGCAGAAGCAACAAAGGATTTATTTGAAGCGGGTGCAGATATTGTTAAAGTTGGTATTGGCCCAGGTTCAATTTGTACGACACGTGTTGTAGCAGGTGTTGGTGTACCACAAATTACAGCAATTTATGATTGTGCAACTGAAGCACGCAAACATGGTAAAGCTATCATTGCTGATGGTGGTATTAAATTCTCAGGAGATATCATTAAAGCATTAGCTGCTGGTGGACATGCGGTTATGTTAGGTAGCTTATTAGCAGGTACTGAAGAAAGCCCAGGCGCAACAGAAATTTTCCAAGGTAGACAATATAAAGTATACCGTGGTATGGGCTCTTTAGGTGCGATGGAAAAAGGTTCAAACGACCGTTACTTCCAAGAGGACAAAGCGCCTAAGAAATTTGTTCCTGAAGGTATCGAAGGACGTACGGCATATAAAGGTGCGTTACAAGATACAATTTACCAATTAATGGGCGGTGTGCGTGCTGGTATGGGTTATACTGGTTCACACGATTTAAGAGAATTACGCGAAGAAGCACAATTCACACGTATGGGCCCTGCTGGTTTAGCAGAAAGTCACCCACATAATATTCAAATTACGAAAGAATCACCGAACTACTCATTCTAATTAAGATAAAGGAGAACGACAAATATGGAAATGGCAAAAGAACAAGAGTTAATCCTTGTCTTAGACTTTGGTAGCCAATACAACCAATTAATTACACGCCGAATTCGTGAAATGGGCGTTTATAGTGAATTACACGATCATGAAATTTCAATTGAAGAAATTAAGAAAATGAATCCAAAAGGTATTATCTTATCAGGTGGTCCAAATTCAGTTTATGAAGAAGGTTCATTTACAATTGATCCGGAAATATATAATTTAGGAATTCCAGTACTTGGTATTTGTTACGGCATGCAATTAACTACTAAATTATTAGGTGGTAAAGTTGAACGTGCCAATGAACGTGAATACGGTAAAGCAATCATTAATACGAAGTCAGATGAGTTATTCGCTGGCTTACCAGCAGAACAAACTGTTTGGATGAGTCATTCTGATAAAGTTATTGAAATTCCAGAAGGCTTTGAAGTTATCGCTGATAGCCCAAGCACAGACTATGCAGCAATCGAAGATAAGAAACGTCGCATTTATGGTGTTCAATTCCATCCAGAAGTACGTCATACAGAATATGGTAATGATTTATTAAATAATTTTGTCCGTCGTGTTTGTGATTGTAGAGGTCAATGGACAATGGAAAACTTTATCGAAATCGAAATTGAAAAGATTCGTCAACGCGTAGGAGACCGTCGTGTATTATGTGCGATGAGTGGCGGCGTAGATTCATCTGTTGTAGCTGTACTATTGCATAAAGCAATAGGTGATCAACTAACATGTATCTTTGTAGACCATGGCTTACTTCGTAAAGGTGAAGGCGACATGGTTATGGAGCAATTCGGTGAAGGTTTCAACATGAATATTATTCGTGTTAATGCGAAAGATCGCTTTATGAATAAATTAAAAGGTGTTTCAGATCCTGAACAAAAACGTAAAATCATTGGTAATGAATTTGTATACGTATTTGATGATGAAGCATCAAAACTGAAAGGTGTAGACTTCCTTGCGCAAGGAACACTATATACAGACGTCATCGAATCAGGTACTAAAACAGCACAAACAATCAAATCACACCACAATGTTGGTGGATTACCAGAAGACATGGAATTCGAATTAATCGAACCAATCAATACATTGTTTAAAGATGAAGTACGTAAATTAGGTATTGAGTTAGGTATTCCAGAACATTTAGTATGGAGACAACCATTCCCAGGACCTGGTCTTGGTATTCGTGTACTTGGAGAAATTACTGAAGATAAACTAGAAATCGTTAGAGAATCAGACGCGATTT
NZ_CP120067.1_gap8	588046	589983	1937	ACGTTCTCAAGAATTAAATCAGTCTGTTCCCGAAATTGCAGAAAAATATATCGCTGCTTTTCATGAAGATGTTGGTGCGTTAAATGTTAGAAAAGCGACTTCAAATCCAAGGGTAATGGACCATATGGATGACATTATTCAATTTATTAAAGATTTGGTGGATCAAGGTTATGCATATGAAAGTGGTGGCGATGTTTACTTTAGAACACGTAAATTTGAAGGTTATGGTAAATTAAGTCATCAATCCATAGATGACTTAAAAGTGGGTGCTCGTATAGATGCAGGAGAGCATAAAGAAGATGCACTTGATTTTACATTGTGGAAAAAAGCGAAGCCTGGCGAGATTAGTTGGGATAGCCCATTTGGTGAAGGTAGACCAGGATGGCATATAGAATGTTCTGTAATGGCATTTCATGAGCTAGGACCTACAATTGATATACATGCGGGTGGTTCAGATTTACAATTTCCACATCATGAAAATGAAATAGCACAATCAGAAGCACACAATCATGCGCCATTTGCTAATTATTGGATGCATAATGGTTTCATTAATATTGATAATGAAAAAATGAGTAAATCACTAGGCAACTTTATTTTAGTTCACGATATTATTAAAGAAGTTGATCCAGATGTACTAAGATTCTTTATGATTAGCGTACATTATAGAAGCCCAATTAACTATAATCTAGAATTGGTAGAATCAGCACGTAGTGGACTAGAGCGTATTCGCAATAGTTATCAATTAATTGAAGAGCGCGCACAAATTGCTACTAATATTGAAAATCAACAGACATATATTGATCAAATTGATGCGATTTTAAATCGTTTTGAAACAGTTATGAATGATGATTTTAATACAGCTAATGCAATTACAGCTTGGTATGATTTAGCAAAACTTGCGAATAAATATGTACTAGAGAATACAACATCAACAGAAGTAATTGATAAATTTAAAGCAGTTTATCAAATTTTCAGCGATGTTTTAGGTGTACCGTTAAAATCTAAAAATGCAGATGAATTATTGGATGAAGATGTTGAAAAATTAATCGAAGAGCGTAATGAAGCAAGGAAAAACAAAGATTTTGCACGAGCAGATGAGATTCGAGACATGCTGAAATCACAAAACATTATATTAGAAGACACACCTCAAGGGGTTAGATTTAAACGTGGATAATCAACAAGATAATCACATTAAATTATTGAATCCATTGACCTTAGCATATATGGGAGACGCAGTCTTAGATCAATATGTACGTACCTATATCGTTTTAAAGCTTAAAAGTAAGCCTAATAAACTACATCAAATGTCTAAAAAATATGTATCTGCCAAAAGTCAGGCGCAAACGTTAGAATATTTAATGGAGCAAGAATGGTTTACAGACGAAGAAATGGATATTTTGAAGCGAGGGCGTAACGCGAAAAGTCATACTAAAGCTAAAAACACTGATGTTCAAACATATCGTAAAAGTTCAGCGATAGAAGCAGTGATAGGTTTTCTTTATTTAGAAAAAAGAGAAGAACGATTAGAGGCATTATTAAATAAAATAATAACAATAGTAAACGAAAGGTAGTGACGATGTGGAAGATACGGTTATTGTTGGTAGGCATGCTGTTAGAGAAGCGATTATTACTGGGCATCCGATAAATAAGATATTGATTCAAGAAGGTATTAAAAAGCAACAAATTAATGAAATTTTAAAAAATGCAAAAGATCAAAAAATCATTGTTCAAACTGTACCAAAATCTAAATTAGATTTTTTAGCAAATGCACCACATCAGGGTGTTGCAGCGCTTATTGCACCATATGAATATGCTGACTTCGATCAATTTTTAAAACAGCAAAAAGAAAAAGAAGGTTTATCGACAGTACTTATATTAGACGGCTTAGAAGACCCGCATAACTTGGGATCAATTTTAAGAACAGCCGATGCAACGGG
NZ_CP120067.1_gap9	591331	592323	992	TGTTGAAAACAATTATTTGAATAAATTAGCAATTAAAGAGTTGATTTGTCAGTTTAAGTATTTGAGTGCATTTGAAAAAGATGTCATGTATTTAATGTGTGAACAATATAAGCCGAGAGAAATTGCTCAACTGATGCATGTAAAAGAGAAAGTGATTTATAATGCCATACAACGATGTAAAAATAAAATAAAACGTTATTTCAAAATGATTTGAAAAGCGCCTTAGGACGTGAATTGAATTAGAACGTGTTACTTACTGATGGTTTGACATTTGTTATAAATTTTATGTATAGTATACTGGTATTATAATGAATAAAGGTGAATTATTGTGAGAAAAATACCTTTAAATTGTGAAGCTTGTGGCAATAGAAATTATAATGTTCCTAAGCAAGAAGGCTCGGCAACAAGATTAACCTTAAAGAAATATTGTCCAAAATGTAACGCGCACACAATTCATAAAGAATCGAAATAAATACATTCGAAATAATACTTTGATAATATGTTCAAAGGATTTGGAGGTTGAGCAGATGGCTAAAAAAGAAAGTTTCTTTAAAGGCGTTAAGTCTGAAATGGAAAAAACAAGTTGGCCGACGAAAGAAGAGCTATTTAAATATACTGTAATTGTAGTTTCTACTGTTATATTCTTCTTAGTCTTTTTCTATGCCTTAGATTTAGGAATTACAGCATTGAAAAATTTATTATTTGGTTAGAGGAGTGAAGACATGTCTGAAGAAGTTGGCGCAAAGCGTTGGTATGCAGTGCATACATATTCTGGATATGAAAATAAAGTTAAAAAGAATTTAGAAAAAAGAGTAGAATCTATGAATATGACTGAACAAATCTTTAGAGTAGTCATACCGGAAGAAGAAGAAACTCAAGTAAAAGATGGCAAAGCTAAAACGACTGTTAAAAAAACATTCCCTGGATATGTTTTAGTGGAATTAATCATGACAGATGAATCATGGTATGTGGTAAGAAATACACCAGGCGTT
NZ_CP120067.1_gap10	596865	600572	3707	TATTGTTACGTGCATTAGGTTTCTCAAGCGACCAAGAAATTGTTGACCTTTTAGGTGACAATGAATATTTACGTAATACTTTAGAGAAAGACGGCACTGAAAACACTGAACAAGCGTTATTAGAAATCTATGAACGTTTACGTCCAGGTGAACCACCAACTGTTGAAAATGCTAAAAGTCTATTGTATTCACGTTTCTTTGATCCAAAACGCTATGACTTAGCAAGCGTGGGTCGTTATAAAACAAACAAAAAATTACATTTAAAACATCGTTTATTTAATCAAAAATTAGCTGAGCCAATTGTAAATACTGAAACTGGTGAAATTGTAGTTGAAGAAGGTACAGTGCTTGATCGTCGTAAAATCGACGAAATCATGGATGTACTTGAATCAAATGCAAACAGCGAAGTGTTTGAATTGCATGGTAGCGTTATAGACGAGCCAGTAGAAATTCAATCAATTAAAGTATATGTTCCTAACGATGATGAAGGTCGTACGACAACTGTAATTGGTAATGCTTTCCCTGACTCAGAAGTTAAATGCATTACACCAGCAGATATCATTGCTTCAATGAGTTACTTCTTTAACTTATTAAGCGGTATTGGATATACAGATGATATTGACCATTTAGGTAACCGTCGTTTACGTTCTGTAGGTGAATTACTACAAAACCAATTCCGTATCGGTTTATCAAGAATGGAAAGAGTTGTACGTGAAAGAATGTCAATTCAAGATACTGAGTCTATCACACCTCAACAATTAATTAATATTCGACCTGTTATTGCATCTATTAAAGAATTCTTTGGTAGCTCTCAATTATCACAATTCATGGACCAAGCAAATCCATTAGCTGAGTTAACGCATAAACGTCGTCTATCAGCATTAGGACCTGGTGGTTTAACACGTGAACGTGCTCAAATGGAAGTACGTGACGTTCACTACTCTCACTATGGCCGTATGTGTCCAATTGAAACACCTGAGGGACCAAACATTGGATTGATTAACTCATTATCAAGTTATGCACGTGTAAATGAATTCGGCTTTATTGAAACACCATATCGTAAAGTTGATTTAGATACACATGCTATCACTGATCAAATTGACTATTTAACAGCTGACGAAGAAGATAGCTATGTTGTAGCACAAGCAAACTCTAAATTAGATGAAAATGGTCGTTTCATGGATGATGAAGTTGTATGTCGTTTCCGTGGTAACAACACAGTTATGGCTAAAGAAAAAATGGATTATATGGATGTATCGCCGAAGCAAGTTGTTTCAGCAGCGACAGCATGTATTCCATTCTTAGAAAATGATGACTCAAACCGTGCATTGATGGGTGCGAACATGCAACGTCAAGCAGTGCCTTTGATGAATCCAGAAGCACCATTTGTTGGTACAGGTATGGAACACGTTGCAGCACGTGATTCTGGTGCAGCTATTACAGCTAAGCACAGAGGTCGTGTTGAACATGTTGAATCTAATGAAATTCTTGTACGTCGTCTAGTTGAAGAGAACGGCGTTGAGCATGAAGGTGAATTAGATCGCTATCCATTAGCTAAATTTAAACGTTCAAACTCAGGTACATGTTACAACCAACGTCCAATCGTTGCAGTTGGAGATGTTGTTGAGTATAACGAGATTTTAGCAGATGGACCATCTATGGAATTAGGAGAAATGGCATTAGGTAGAAACGTAGTAGTTGGTTTCATGACTTGGGACGGTTACAACTATGAGGATGCCGTTATCATGAGTGAAAGACTTGTGAAAGATGACGTGTATACTTCTATTCATATTGAAGAGTATGAATCAGAAGCACGTGATACTAAGTTAGGACCTGAAGAAATCACAAGAGATATTCCTAATGTTTCTGAAAGTGCACTTAAGAACTTAGACGATCGTGGTATCGTTTATATTGGTGCAGAAGTAAAAGATGGAGATATTTTAGTTGGTAAAGTAACGCCTAAAGGTGTAACTGAGTTAACTGCCGAAGAAAGATTGTTACATGCAATCTTTGGTGAAAAAGCACGTGAAGTTAGAGATACTTCATTACGTGTACCTCACGGCGCTGGCGGTATCGTTCTTGATGTAAAAGTATTCAATCGCGAAGAAGGCGACGATACATTATCACCTGGTGTAAACCAATTAGTACGTGTATACATCGTTCAAAAACGTAAAATTCATGTTGGTGATAAGATGTGTGGTCGACATGGTAACAAAGGTGTCATTTCTAAGATCGTTCCTGAAGAAGATATGCCTTACTTACCAGACGGACGTCCGATCGATATCATGTTAAACCCTCTTGGTGTACCATCTCGTATGAACATCGGACAAGTATTAGAGCTACACTTAGGTATGGCTGCTAAAAATCTTGGTATTCACGTTGCATCACCTGTATTTGACGGTGCAAACGATGACGATGTATGGTCAACAATTGAAGAAGCTGGTATGGCTCGTGATGGTAAAACTGTACTTTATGATGGACGTACAGGTGAACCATTCGATAACCGTATTTCAGTAGGTGTAATGTACATGTTGAAACTTGCGCACATGGTTGATGATAAATTACATGCGCGTTCAACAGGACCATATTCACTTGTTACACAACAACCACTTGGCGGTAAAGCGCAATTCGGTGGACAACGTTTCGGTGAGATGGAGGTATGGGCACTTGAAGCATATGGTGCTGCATACACATTACAAGAAATCTTAACTTACAAATCCGATGATACAGTAGGACGTGTGAAAACATACGAGGCTATTGTTAAAGGTGAAAACATCTCTAGACCAAGTGTTCCAGAATCATTCCGAGTATTGATGAAAGAATTACAAAGTTTAGGTTTAGATGTAAAAGTTATGGATGAGCAAGATAATGAAATCGAAATGACAGACGTTGATGACGATGATGTTGTAGAACGCAAAGTAGATTTACAACAAAATGATGCTCCTGAAACACAAAAAGAAGTTACTGATTAATACGCAATTTACAAAACAGGCAAAAAGATACTAAGCTGAATTTTATTGATGATTCAGTTTAGTACTTTAAGCTATTTTAAATAAATGCAAATCAATCAAATAGCACAGCTAATCTAAATTGAAGGAGGTAGGCTCCTTGATTGATGTAAATAATTTCCATTATATGAAAATAGGATTGGCTTCACCTGAAAAAATTCGTTCTTGGTCTTTTGGTGAAGTTAAAAAACCTGAAACAATCAACTACCGTACATTAAAACCTGAAAAAGATGGTCTATTCTGTGAAAGAATTTTCGGACCTACAAAAGACTGGGAATGTAGTTGTGGTAAATACAAACGTGTTCGCTACAAAGGCATGGTCTGTGACAGATGTGGAGTTGAAGTAACTAAATCTAAAGTACGTCGTGAAAGAATGGGTCACATTGAACTTGCTGCTCCAGTTTCTCACATTTGGTATTTCAAAGGTATACCAAGCCGTATGGGATTATTACTTGACATGTCACCAAGAGCATTAGAAGAAGTTATTTACTTTGCTTCTTATGTTGTTGTAGATCCAGGTCCAACTGGTTTAGAAAAGAAAACTTTATTATCTGAAGCTGAATTCAGAGATTATTATGATAAATACCCAGGTCAATTCGTTGCAAAAATGGGTGCAGAAGGTATTAAAGATTTACTTGAAGAGATTGATCTTGACGAAGAACTTAAATTGTTACGCGATGAGTTGGAATCAGCTACTGG
NZ_CP120067.1_gap11	603106	607573	4467	ACGCGACTGAAAGCTACTTATTAAAAGAAGTACAAAAAGTTTACCGTATGCAAGGTGTAGAAATCGACGATAAACACGTTGAGGTTATGGTTCGACAAATGTTACGTAAAGTTAGAATTATCGAAGCAGGTGATACGAAGTTATTACCAGGTTCATTAGTTGATATTCATAACTTTACAGATGCAAATAGAGAAGCATTTAAACACCGTAAGCGTCCTGCAACAGCTAAACCAGTATTACTTGGTATTACTAAAGCATCACTTGAAACAGAAAGTTTCTTATCTGCAGCATCATTCCAAGAAACAACAAGAGTTCTTACAGATGCAGCAATTAAAGGTAAGCGTGATGACTTATTAGGTCTTAAAGAAAACGTAATTATTGGTAAGTTAATTCCAGCTGGTACTGGTATGAGACGTTATAGCGACGTAAAATACGAAAAAACAGCTAAACCAGTTGCAGAAGTTGAATCTCAAACTGAAGTAACGGAATAACAAGTATATAACAGAGGCTAAGGCTTTAGCCTCTTGTTATTTTTATGTAAATTATTTGATTTAATGTTGACGAATTCTCTTGTTCAATGTTAATATATTAAAGGTTGATGCAAGCAGAACTTTGGAGGATAAATTATTGTCTAAGGAAAAAGTTGCACGCTTTAACAAACAACATTTTGTAGTTGGTCTTAAAGAAACGCTTAAAGCGTTAAAGAAAGATCAAGTTACATCTTTGATTATTGCTGAAGACGTTGAAGTATATTTAATGACTCGCGTGTTAAGCCAAATCAATCAGAAAAATATACCTGTATCTTTTTTCAAAAGCAAACATGCTTTGGGTAAACATGTAGGTATTAACGTCAATGCGACAATAGTAGCATTGATTAAATGAGAATTAGTAAGTGTTTTACTTACTAAATTTTATTTAACCTAAAAATGAACCACCTGGATGTGTGGGATTAAAAAGTGAAGAGAGGAGGACATATCACATGCCAACTATTAACCAATTAGTACGTAAACCAAGACAAAGCAAAATCAAAAAATCAGATTCTCCAGCTTTAAATAAAGGTTTCAACAGTAAAAAGAAAAAATTTACTGACTTAAACTCACCACAAAAACGTGGTGTATGTACTCGTGTAGGTACAATGACACCTAAAAAACCTAACTCAGCGTTACGTAAATATGCACGTGTGCGTTTATCAAACAACATCGAAATTAACGCATACATCCCTGGTATCGGCCATAACTTACAAGAACACAGTGTTGTACTTGTACGTGGTGGACGTGTAAAAGACTTACCAGGTGTGCGTTACCATATTGTACGTGGAGCACTTGATACTTCAGGTGTTGACGGACGTAGACAAGGTCGTTCATTATACGGAACTAAGAAACCTAAAAACTAAGGATTTAGTTTTTAATTAAATCTTAAACTTAAAATATTTAATATAAGGAAGGGAGGATTTACATTATGCCTCGTAAAGGATCAGTACCTAAAAGAGACGTATTACCAGATCCAATTCATAACTCTAAGTTAGTAACTAAATTAATTAACAAAATTATGTTAGATGGTAAACGTGGAACAGCACAAAGAATTCTTTATTCAGCATTCGACCTAGTTGAACAACGCAGTGGTCGTGATGCATTAGAAGTATTCGAAGAAGCAATCAACAACATTATGCCAGTATTAGAAGTTAAAGCTCGTCGTGTAGGTGGTTCTAACTATCAAGTACCAGTAGAAGTTCGTCCAGAGCGTCGTACTACTTTAGGTTTACGTTGGTTAGTTAACTATGCACGTCTTCGTGGTGAAAAAACGATGGAAGATCGTTTAGCTAACGAAATTTTAGATGCAGCAAATAATACAGGTGGTGCCGTTAAGAAACGTGAGGACACTCACAAAATGGCTGAAGCAAACAAAGCATTTGCTCACTACCGTTGGTAAGATAAAAGCTTTTACCCTGAGTGTGTTCTATATTAATGAATTTTCATTAAGCGTTCATGCTTAGGGCATCGCCATATCTATCGTATTTATTCAGTAATATAAACTGGAAGGAGAAAAAATACATGGCTAGAGAATTTTCATTAGAAAAAACTCGTAATATCGGTATCATGGCTCACATTGATGCTGGTAAAACGACTACGACTGAACGTATTCTTTATTACACTGGCCGTATCCACAAAATTGGTGAAACACACGAAGGTGCTTCACAAATGGACTGGATGGAGCAAGAACAAGACCGTGGTATTACTATCACATCTGCTGCAACAACAGCAGCTTGGGAAGGTCACCGTGTAAACATTATCGATACACCTGGACACGTAGACTTCACTGTAGAAGTTGAACGTTCATTACGTGTACTTGACGGAGCAGTTACAGTACTTGATGCACAATCAGGTGTTGAACCTCAAACTGAAACAGTTTGGCGTCAGGCTACAACTTATGGTGTTCCACGTATCGTATTTGTAAACAAAATGGACAAATTAGGTGCTAACTTCGAATACTCTGTAAGTACATTACATGATCGTTTACAAGCTAACGCTGCTCCAATCCAATTACCAATTGGTGCGGAAGACGAATTCGAAGCAATCATTGACTTAGTTGAAATGAAATGTTTCAAATATACAAATGATTTAGGTACTGAAATTGAAGAAATTGAAATTCCTGAAGACCACTTAGATAGAGCTGAAGAAGCTCGTGCTAGCTTAATCGAAGCAGTTGCAGAAACTAGCGACGAATTAATGGAAAAATATCTTGGTGACGAAGAAATTTCAGTTTCTGAATTAAAAGAAGCTATCCGCCAAGCTACTACTAACGTAGAATTCTACCCAGTACTTTGTGGTACAGCTTTCAAAAACAAAGGTGTTCAATTAATGCTTGACGCTGTAATTGATTACTTACCTTCACCACTAGACGTTAAACCAATTATTGGTCACCGTGCTAGCAACCCTGAAGAAGAAGTAATCGCGAAAGCAGACGATTCAGCTGAATTCGCTGCATTAGCGTTCAAAGTTATGACTGACCCTTATGTTGGTAAATTGACATTCTTCCGTGTGTATTCAGGTACAATGACATCTGGTTCATACGTTAAGAACTCTACTAAAGGTAAACGTGAACGTGTAGGTCGTTTATTACAAATGCACGCTAACTCACGTCAAGAAATCGATACTGTATACTCTGGAGATATCGCTGCTGCGGTAGGTCTTAAAGATACAGGTACTGGTGATACTTTATGTGGTGAGAAAAATGACATTATCTTGGAATCAATGGAATTCCCAGAGCCAGTTATTCACTTATCAGTAGAGCCAAAATCTAAAGCTGACCAAGATAAAATGACTCAAGCTTTAGTTAAATTACAAGAAGAAGACCCAACATTCCATGCACACACTGACGAAGAAACTGGACAAGTTATCATCGGTGGTATGGGTGAGCTTCACTTAGACATCTTAGTAGACCGTATGAAGAAAGAATTCAACGTTGAATGTAACGTAGGTGCTCCAATGGTTTCATATCGTGAAACATTCAAATCATCTGCACAAGTTCAAGGTAAATTCTCTCGTCAATCTGGTGGTCGTGGTCAATACGGTGATGTTCACATCGAATTCACACCAAACGAAACAGGCGCAGGTTTCGAATTCGAAAACGCTATCGTTGGTGGTGTAGTTCCTCGTGAATACATTCCATCAGTAGAAGCTGGTCTTAAAGATGCTATGGAAAATGGTGTCTTAGCAGGTTATCCTTTAATTGATGTTAAAGCTAAATTATATGATGGTTCATACCATGATGTCGATTCATCTGAAATGGCCTTCAAAATTGCTGCATCATTAGCACTTAAAGAAGCTGCTAAAAAATGTGATCCTGTAATCTTAGAACCAATGATGAAAGTAACTATTGAAATGCCTGAAGAATACATGGGTGATATCATGGGTGACGTAACATCTCGTCGTGGACGTGTTGATGGTATGGAACCTCGTGGTAATGCACAAGTTGTTAATGCTTATGTACCACTTTCAGAAATGTTCGGTTATGCAACATCATTACGTTCAAACACTCAAGGTCGCGGTACTTACACTATGTACTTCGATCACTATGCTGAAGTTCCAAAATCAATCGCTGAAGATATTATCAAGAAAAATAAAGGTGAATAATATAACTTGTTTTGACTAGCTAGCCTAGGTTAAAATACAAGGTGAGCTTAAATGTAAGCTATCATCTTTATAGTTTGATTTTTTGGGGTGAATGCATTATAAAAGAATTGTAAAATTCTTTTTGCATCGCTATAAATAATTTCTCATGATGGTGAGAAACTATCATGAGAGATAAATTTAAATATTATTTTTAATTAGAATAGGAGAGATTTTATAATGGCAAAAGAAAAATTCGATCGTTCTAAAGAACATGCCAATATCGGTACTATCGGTCACGTTGACCATGGTAAAACAACATTAACAGCAGCAATCGCTACTGTATTAGCAAAAAATG
NZ_CP120067.1_gap12	748518	750184	1666	TGTATGAGAATGTTTTTTCGAAATATTTCTTTCAATGCGTAATCCAATAGGTATAACTATAAATGAAAATATAATAAATACCCAATTGCTTACCTGAATATATGGTCCAAAGGCAAGTAATGATTGTGGAATAAAGAATACATAGAAAAATCCTACAATTAGTAGAATGATTGCTAAATAGGTGAATATCCATATCCAATTTGAATTGTTAAAACATTGCAGTTGTATTGTTTTAAAACTAAACCATATAAATAAAAAGACAATAAAGAATCCGACGACTACTGAAAACGGGAACGAAACAAAATATAAATTACTTCCATTTTTTTCCATGAAAAATCCTAAAAATCCTTTGAGAAAACTAACAATCCCAATTAATAGAACGATGTGTTGATAGATATATTTAAAAATATTTTTAAATGTTTCATTAGGCATCGCTTTTAGTTCTTTTATTGCATGTGCTTTTGGGTCGTGATTGAAAAAATCTAAGGCTAATAAACCATGTTGTTCTGCGCTTAATAATTGTTTAAGTATACGGTTAATAATTAACTCTGTATCATGAGGATTGACGCGAAAGTCAGAGCGCATATAAGTCATATAATTCTCGAAGATTTCTCTATCAGTATTGCTTAATCTTAATGATTTAACATTATTTTCTTTTGTTAATTGCGCAGTACTTTTCATTGTTACTTAAGCGCTCCTTTAAAAATGTTTAATTCCAAATTAAAATGGAAATGATTTTATAGTATTAATAAGGTCAATCATATCATATTAAACGCATAAATATAACGATTAATATTGGAGAGGAAAATGAGGACACTTAATAAAGATGAACATAATTATATCAAGCAAATAGCTAATATACATGAGACATTATTGTCGCAAGTAGAATCCAACTATAAATGTACTAAACTGAGTATTGCTCTTAGGTACGAGATGATATGTTCAAGATTAGAACATACAAATGATAAAATTTATATATATGAAAATGAAGGTCAATTAATAGCGTTTATTTGGGGACATTTTAGTAATGAAAAAAGTATGGTTAACATTGAACTGCTATATGTTGAACCACAATTTCGCAAACTGGGAATAGCTACGCAACTGAAGATTGCGCTTGAAAAATGGGCAAAAACTATGAATGCAAAGCGAATAAGCAGTACAATTCATAAAAATAATTTGCCAATGATATCTTTGAATAAAGATTTAGGTTATCAAGTGAGTCATGTGAAAATGTATAAAGATATTGATTAGAATTAGGATTATGTTGCTAATTCATGTTAAAATTAAAAAAGATTTAATGAGGTTAAGGAGTTTTATATGAAGAAATTAATCATCAGTATTATGGCGGTCATGCTATTTTTAACAGGTTGTGGTAAAAGTCAAGAGAAAGCCACTCTGGAAAAGGATATCGATAATTTACAAAAAGAAAATAAAGAATTAAAAGACAAAAAAGAAAAGCTTCAACAAGAAAAAGAAAAATTAGCAGATAAGCAAAAAGACCTTGAAAAAGAAGTGAAAGATTTAAAACCTTCAAAAGAAGATAACAAGGATGATAAAAAAGACGAAGACAAAAATAAAGACAAAGATAAAGAGGCATCACAAGATAAGCAATCAAAAGATCAAACTAAGTCATCGGATAAAGATAATCACAAAAAGCCTACATCAA
NZ_CP120067.1_gap13	855553	856415	862	TAAAACAGTCCTAGTACGTGCTGATTTTAACGTACCTTTAAAAGACGGTGAAATTACTAATGACAACCGTATCGTTCAAGCTTTACCTACAATTCAATACATCATCGAACAAGGTGGTAAAATCGTACTATTTTCACATTTAGGTAAAGTGAAAGAAGAAAGTGATAAAGCAAAATTAACTTTACGTCCAGTTGCTGAAGACTTATCTAAGAAATTAGATAAAGAAGTTGTTTTCGTACCAGAAACACGCGGCGAAAAACTTGAAGCTGCTATTAAAGACCTTAAAGAAGGCGACGTATTATTAGTTGAAAATACACGTTATGAAGATTTAGACGGTAAAAAAGAATCTAAAAATGATCCAGAATTAGGTAAATACTGGGCATCTTTAGGTGATGTGTTTGTAAATGATGCTTTTGGTACTGCGCATCGTGAACATGCATCTAATGTTGGTATTTCTACACATTTAGAAACTGCAGCTGGATTCTTAATGGATAAAGAAATTAAGTTTATTGGTGGCGTAGTTAACGATCCACATAAACCAGTTGTTGCTATTTTAGGTGGAGCAAAAGTATCTGACAAAATTAATGTCATCAAAAACTTAGTTAACATAGCTGATAAAATTATCATCGGCGGAGGTATGGCTTATACTTTCTTAAAAGCGCAAGGTAAAGAAATTGGTATTTCATTATTAGAAGAAGATAAAATCGACTTCGCAAAAGATTTATTAGAAAAACATGGTGATAAAATTGTATTACCAGTAGACACTAAAGTTGCTAAAGAATTTTCTAATGATGCCAAAATCACTGTAGTACCATCTGATTCAATTCCAGCAGACCAAGAAGGTATGGATATTGGACCAAAC
NZ_CP120067.1_gap14	861481	864205	2724	AAAAGCAGTGGACTTTCAGGTGCCATCAGTGGTGGTGCTGAGCAGTTATTCGGTAAACAAAAACAACGTGGCGTCGATTTATTCTTAAATAGATTAACAATTATTTTATCAATATTATTTTTTGTACTTATGATTTGCATAAGTTATCTTGGTATGTAAGGTCCGGCGATGTAAATGTCGGGCTTTTTTATTTATAATTAAGAATGTAATAGTTTAACAATAAGCTATGTAAAATATATAGCCTAGTTAAGTATGCAAAGGGAGCGTTAGATTTATGCAGATAAAATTACCAAAACCTTTCTTTTTTGGAGAAGGCAAACGTGCCGTGTTATTATTACATGGATTTACAGGCAATTCGTCTGATGTACGTCAATTAGGTCGATTTTTACAAAAAAAGGGATATACTTCGTATGCACCACAATATGAAGGTCACGCGGCACCACCAGAGGAAATACTGAAATCTAGTCCTTTCGTTTGGTTTAAAGATGCGTTAGATGGTTATGATTATCTTGTTGAACAAGGTTATGATGAAATTGTTGTTGCTGGTCTATCATTAGGTGGGGATTTTGCTTTAAAATTAAGCTTAAATAGAGATGTAAAGGGTATTGTAACGATGTGTGCACCAATGGGTGGCAAAACTGAAGGTACCATTTACGAAGGCTTTTTAGAGTATGCACGTAACTTTAAAAAGTATGAAGGTAAAGATCAAGAGACTATTGATAATGAAATGGATCATTTTAAACCAACTGAAACTTTAAAAGAACTAAGTGAAGCATTAGATACGATTAAAGAGCAAGTTGATGAAGTGTTGGATCCTATTTTAGTGATTCAAGCAGAAAACGACAATATGATTGATCCACAATCCGCAAATTATATATATGACCATGTAGATTCTGATGACAAAAATATCAAGTGGTACAGTGAATCTGGACATGTTATTACGATTGATAAAGAGAAAGAACAAGTATTTGAAGATATTTATCAATTTTTAGAGTCATTAGACTGGTCAGAATAAAAAGAGATTTTAACATTAGAAAGGAGGGGCATAATGAATTTAAAGCAATCAATAGAAGAGATTATTAATCAACCTGAATATGAACCTATGTCAGTGTCAGATTTTCAAGATGCATTAGGTTTAAGCAGTGCCGACTCGTTTAGAGATTTAATTAAGGTGCTTGTGGAGTTAGAACAATCAGGATTAATCGAACGTACAAAAACAGACAGATACCAAAAAAAGCATAGTTCTAGAGGTCAATCAAAATTGATAAAAGGAACGTTAAGTCAAAATAAAAAAGGCTTTGCATTCTTAAGACCTGAAGATGAGGATATGGAAGATATATTTATTCCCCCGACGAAAATTAATCGTGCCTTGGATGGAGATACTGTTATTGTAGAAATCCATCAATCAAAAGGTGAGCATAAAGGTAAAATTGAAGGGGAAGTTAAGTCAATTGAGAAGCATTCAGTAACTCAAGTGGTTGGTACGTATAGTGAAGCTAGACATTTTGGTTTTGTTATTCCAGATGATAAACGAATTATGCAAGATATTTTCATTCCTAAAGGACAAAGTTTAGGTGCAATAGATGGGCATAAGGTACTTGTTCAAATTACTAAATATGCTGATGGTTCAGATAATCCTGAAGGGCATATTTCAGCAATATTAGGACATAAAAATGATCCTGGCGTAGATATTTTATCTATTATCTATCAACATGGCATAGAAATTGAATTTCCTGATGAAGTGTTACAAGAAGCTGAAGCAGTACCTGATCATATTGAAAATACTGAAATTAAAGGCCGTCATGATTTACGTGATGAATTAACAATCACAATTGATGGTGCGGATGCTAAAGACTTAGATGACGCAATTAGTGTTAAAAAGTTAGCGAACGGTAATACGCAGTTGACTGTAAGTATTGCTGATGTCAGTTATTATGTAACTGAAGATTCAGCTTTAGATAAAGAAGCTTATGATAGAGCGACAAGTGTATATCTTGTTGACCGTGTGATTCCGATGATTCCACACCGATTAAGCAATGGTATTTGTTCATTAAATCCTCACGTTGATCGTTTAACGTTAAGCTGTCGCATGGAAATTGACGCTAGTGGTCGCGTTGTTAAACATGAAATTTTTGATAGTGTTATACATTCTGATTATCGAATGACGTATGATGCGGTAAATCAGATTATTACTGAAAAGGATCCTAACATTCGCGAACAATATAAAGAAATTACGCCTATGTTAGATTTAGCACAAGATTTATCTAATCGTTTGATTCAAATGAGAAAACGACGTGGTGAAATCGATTTTGATATTAGTGAAGCAAAAGTATTAGTTAACGAAGACGGTATACCAACAGATGTTCAATTAAGACAACGTGGCGAGGGTGAACGTCTAATTGAATCATTTATGTTAATTGCAAATGAAACAGTTGCTGAACATTTTAGTAAGTTAGATGTACCTTTTATTTACCGAGTGCATGAGCAACCTAAATCAGATCGCTTAAGACAATTCTTTGATTTTATTACAAACTTTGGCATCATGATTAAGGGTACTGGCGAAGATATTCATCCAACAACACTTCAAAAGGTTCAAGAAGAAGTAGAAGGTCGACCTGAACAAATGGTCATTTCAACAATGATGTTGCGTTCAATGCAACAAGCGCATTATGATGATGTGAACTTGGGACATTTTGGCTTATCAGCTGAATATTATACGCATTT
NZ_CP120067.1_gap15	942374	943234	860	TAGTAAAACGTTAGAATTTTTCGGTGAACACGAATTAAAACAACAACAAGAAATTGTTAAATCAATTCACAAAACAATTCATGAAGGTACTGGTGCAGGTAGTGACTTCTTAGGCTGGGTTGATTTACCAGTTGATTACGACAAAGAAGAATTTTCAAGAATTGTTGAAGCATCAAAACGCATTAAAGAAAATTCTGATGTTTTAGTAGTCATCGGTATTGGTGGTTCTTACTTAGGTGCACGTGCAGCAATCGAAATGTTAACGTCATCATTTAGAAACAGCAATGAATACCCTGAAATTGTATTTGTTGGTAATCACTTATCATCAACATATACGAAAGAGTTAGTTGATTATTTAGCAGACAAAGATTTCTCTGTAAACGTTATTTCTAAATCTGGTACAACTACAGAACCAGCAGTTGCATTTAGATTGTTCAAACAATTAGTTGAAGAAAGATACGGTAAAGAAGAAGCACAAAAACGTATATTTGCAACAACGGATAAAGAAAAAGGTGCTTTAAAACAGTTGGCTACAAACGAAGGTTATGAAACGTTTATCGTACCTGATGATGTAGGTGGAAGATATTCTGTTTTAACAGCAGTAGGATTATTACCAATTGCAACAGCTGGAATTAACATCGAAGCTATGATGATTGGTGCTGCAAAAGCACGTGAAGAATTATCTTCAGATAAATTAGAAGACAACATTGCATACCAATATGCGACAATTCGAAACATTTTATATGCAAAAGGTTATACAACAGAAATGTTGATTAACTATGAACCATCTATGCAATACTTTAATGAATGGTGGAAACAATTATTTGGTGAATCAGAAGGTAAAGACTTCAAAGGTATCT
NZ_CP120067.1_gap16	957437	959402	1965	AAATTAACAATTGGTGTCGTTAAATTTAATTCATGATAATACATTTGACTTGCACGATAAGGTCTGCCAGTCGCAATCATAATTTGGTGTCCACGTTGTTGTAATTCATTTAATACTTGTTTAGTATATGATGAAATTTCTTTGTTATCGTTTAATAATGTTCCGTCTAAGTCTAGACATATTAAATGTGGTTGCATATCTCTCTCCTCATAAGTTGCTTAGTTCATATAGATACATCATAGCATTTTATTGGCGTTTTGTCGGATATTTGATATATTATGAATAATATGACATTAAAGAGGTGATATGGATGGAAGAGGCATTGAAAGATAGTATCTTAGGTGCATTAGAAATGGTAATTGACCCTGAATTAGGAATTGATATCGTTAATTTAGGTTTAGTATACAAAGTGAATGTTGATGATGAAGGCGTATGTACAGTTGATATGACTTTAACATCAATGGGATGTCCAATGGGACCTCAAATTATTGATCAAGTTAAAACAGTATTAGCAGAGATTCCTGAAATTCAGGATACTGAAGTGAATATCGTATGGAGTCCACCTTGGACAAAAGATATGATGTCACGTTACGCTAAGATTGCACTTGGTGTGAGCTAACATAAACGTGCATTGCCTGTAGAATTTCTTTTAGAAATTCTCTGTGTTGGGTCCCCGCAGTCAATATAACATTGTAGAGTATAATTCATTGTGAATAAGCTCCCTTCAAAGTAGACATTGAAAAATGAAAATTTTGAAGGGAGCCTTATTTATGTTCTAGGTTCTGATTTCATTTTGAAAATTTATATCTAACTTGTTTCAAAAAATATGAATTAAGACAGTGACTTGCACTTCCAAGAGTGCACAATTCATTTTCTAGTTGAATATTTTCTTGAAAATTTTTATAATAAATTGAATTTATATTACAGTTATATTACAATACATAATACTTCATAGTTTTTAAGTTGCCGAGTTGCATTACAAATTGGATTTCGAAGTAAGAATCATCATTGGTAATTTTTTTAATTTAACAGTATTTTAGTCAATATGATTTTGATGATGTCGTAATTCAATAATATACATATGCATTTCAATATTCTTTTAAACAGCATAACTAAATTTAATTAAGCATCTAAGAAGAACAGTTTTAAAAGGGAAGAATGCAAAAATGAACAAAACAAAGGGTTTTACAAAGTATAAGAAAATGAGATATATGCCAGGGCTCGATGGTTTGAGGGCAATCGCTGTTCTAGGAATTATTATTTACCACTTAAACAAGCAATGGTTGACAGGTGGCTTTTTAGGTGTGGATACATTTTTTGTGATCTCTGGTTATTTAATTACAAGCTTATTACTCAAAGAGTATGATGACACAGGTATCATTAAATTGAAAAGCTTTTGGATACGTCGTTTAAAACGTTTATTACCAGCAGTAATAGTTTTATTAATGGTTGTAGGGACAGCAACCTTATTATTAAAATCAGATAATATCATTAGGGTTAAACATGATATTATTGCTGCGATATTTTATGTATCAAACTGGTGGTATATAGCAAAAGATGTTAATTATTTTGAGCAATTTTCATTTATGCCATTAAAGCATTTATGGTCTTTAGCAATTGAAGAACAGTTTTACATATTTTTCCCAGTTATTTTGGTTACATTATTGTTAACAATTAAAAAGCGATACAAAATAGGATTTATTTTTTGGGGAGTATCAATAATTTCTTTAGGGTTAATGATGTTTATCTACAGTATTAATGGGGATCATTCACGAGTGTATTTTGGTACAGATACTAGATTACAGACATTGTTACTGGGTGTTATTTTAGCTTTTTTATGGCCACCGTTTAAATTGAAAAATGATCCACCTAAAGTTGTAAAATATTTTATTGATAGCATAGGTAGTTTATCATTTATAGTACTTATATTATTATTTTTCATTATTAATGATGAGACGAATTGGA
NZ_CP120067.1_gap17	970740	972920	2180	TCGTCCATTCCAAGAAGGTAGAGACGGTTTTGTTATGGGTGAAGGTGCTGGTATTTTAGTAATTGAATCTTTAGAATCAGCACAAGCTCGAGGTGCCAATATTTATGCTGAGATAGTTGGCTATGGTACTACAGGTGATGCTTATCATATTACAGCGCCAGCTCCAGAAGGTGAAGGTGGTTCTAGAGCAATGCAAGCAGCTATGGATGATGCTGGTATTGAACCTAAAGATGTACAATACTTAAATGCCCATGGTACAAGTACTCCTGTTGGTGACTTAAATGAAGTTAAAGCTATTAAAAATACATTTGGTGAAGCAGCTAAACACTTAAAAGTTAGCTCAACAAAATCAATGACTGGTCACTTACTTGGTGCAACAGGTGGAATTGAAGCAATCTTCTCAGCGCTTTCAATTAAAGACTCTAAAGTCGCCCCGACAATTCATGCGGTAACACCAGATCCAGAATGTGATTTGGATATTGTTCCAAATGAAGCGCAAGACCTTGATATTACTTATGCAATGAGTAATAGCTTAGGATTCGGTGGACATAACGCAGTATTAGTATTCAAGAAATTTGAAGCATAACTATAAAAATCTTCAGTAACGTTGTTTTAGTTACTGAAGATTTTTTCAGTTTCTTTATACTAAGATGAGCGACAGCACAATCGTCATAATAAAATATAAAATATTTATTAATAATAAGGGGATTATCCATGTAGAAACAAAGTAATGCTCTTTTTTTACCTCTTGTGGGTTGAAAAATGGATCATCAGAGATAGACTTCTTCTTTTTCGAAGATGACATTTGATACTTTAATCTTCTAAAACCATAACTTGTCGCATCAAAAATGCCTTCTTGTACAAGTAAAATCAAAAATATGCTAATAAAAATAATTAATGAAACATAAAACAATATATTTAAATATGTAATGATAGTATGGCTATTAAAAAGCCATATAATAAACGTTAATATTGGCGTTATTAGTGCCATTCCAAGCCATTTTTTCAACATTTGATCACTCCCACTTATAGAAAACTCTTACGCATAGTTTACATTAAAATCAGACATTGAGGAATGATTTTTTAATTTCTTCAGCTTTATTGAAATTCTAAAATCAATCATTCTTCATTAGTTTAAAGCAAAAAAATATTGATATATAGTAAATATTGTATATATAATATTAGTTAAGATTTCAGAAAATTTTGAAGGGAATGGAAATTTAGAAATCGGAATTTGTTAGAGGAGGGGATTAGATGGGGAAATATATTTTCAAACGATTTATTTATATGCTTATTTCTTTATTTATTATTATTACAATTACATTTTTCTTAATGAAATTAATGCCAGGTTCGCCATTTAACGATGCTAAATTAAATGCTGAACAAAAAGAAATTTTAAATGAAAAATATGGATTAAATGATCCTGTAGCTACGCAGTATTTACATTATTTAAAAAATGTTGTTACAGGCGATTTTGGTAATTCATTCCAGTATCATAATCAACCTGTGTGGGATTTGATTAAACCGAGACTACTACCTTCTTTTGAAATGGGTCTTACAGCAATGTTCATCGGTGTGATACTGGGACTTATTTTAGGTGTTGCAGCAGCTACTAAACAAAATTCTTGGGTTGACTATATAACTACAGTTATTTCAGTTATTGCAGTATCTGTACCATCTTTTGTACTTGCTGTACTTTTACAATATGTATTTGCAGTTAAATTAAGATGGTTCCCAGTAGCTGGATGGGAAGGTTTTTCGACCGCGGTATTACCGTCACTTGCATTATCTGCAGCTGTTTTAGCAACTGTCGCCAGATACATAAGAGCAGAGATGATAGAGGTATTAAGTTCAGACTATATTTTATTAGCGAGAGCTAAAGGTAATTCGACAATGCGTGTACTTTTTGGACATGCACTTAGAAATGCTTTAATTCCAATTATTACAATTATCGTTCCCATGTTAGCAAGTATTTTAACAGGCACTTTAACAATTGAAAATATTTTTGGGGTTCCTGGATTAGGGGATCAATTCGTACGTTCAATTACAACAAATGATTTCTCAGTAATCATGGCAATCACACTATTATTTAGCACACTGTTTATCGTTTCTATTTTTATTGTAGATATTTTGTACGGTGTGATAGATCCACGAATTCGTGTTCAAGGAGGTAAAAAATA
NZ_CP120067.1_gap18	975210	975850	640	GGTGAATCTGGTTGTGGTAAATCTACGACAGGTAAATCAATTATTAAGCTTAATGATATTACAAGTGGAGAAATTTTGTATGAGGGTACTGATATACAAAAGATTAAGAAACGTAAAGACTTACTTAAATTTAATAAAAAAATCCAAATGATTTTCCAAGATCCATATGCATCACTAAATCCTAGATTAAAAGTGATGGATATTGTTGCTGAAGGTATTGATATACATCATCTGGCAAGTGATAAACGTGACCGAAAAAAACGCGTCTATGATTTACTAGAAACGGTTGGGCTAAGTAAAGAGCATGCTAATCGTTATCCACATGAATTTTCAGGTGGACAAAGACAACGTATTGGAATTGCCCGTGCATTAGCGGTGGAACCAGAATTTATTATCGCGGATGAACCAATATCGGCATTGGATGTTTCAATTCAAGCTCAAGTAGTTAATTTGTTATTAAAATTACAACGTGAAAGAGGTATCACGTTCCTATTTATAGCTCATGATCTATCAATGGTGAAGTATATTTCAGATCGTATTGCAGTAATGCATTTTGGGAAAATAGTTGAAATTGGACCGTCTGAAGAAATTTATCAAAATCCATTACACGATTATACCAAGTCATTATTATCAGCTATTC
NZ_CP120067.1_gap19	981532	984549	3017	TGATTTATCTATGGTTAAGTATGTTTCAGATAGAATAGCAGTTATGCATAAAGGGAAAATAGTTGAAATTGCTAGTGCAGAAAGGCTTTATCAAAATCCATTACATAATTATACAAAATCACTAATATCTTCAATACCCCAACCAGATCCAATATATGAAAAAGAAAGAGTTAGAGAAATTTACAATGATAAATTTGATAATGATTCTGAGTGCAAATTACGAAAAATAGAAAATGATCATTATGTACTCACAAGTCTAAATGTTGCAGAAATGTAAAGACAACGGAAATTCTAATACTTTTAGAAAGAGGGAACACAATATTATGAATATTTCTAAAGTAAAATACTTATTATTAAGTTTTATTTTTGTATTGATATTGTCTGGTTGTAGCAAAGAAGGTATATACTCTGATAAAGGACAAGTTTTTAGGAAAGTAATACCACAAGATATGAGCACCTTAGATACAGCTTTAATAACAGATGCAGTTTCAGGTGATATATCAAATCAAGTATTCGAAGGGCTTTTTACACTTGATGAAAACGATAAAGCAAAATTAGCGTTAGCCAAAGAACTGCCTAAAAAAGTAATGGTGGTAAAACTTTAACTTTTAAATTAAGAAATGACGCTAAATGGTCTAACGGAGACCCAGTGACAGCAAATGATTTTGTATATGCATGGAGAAAATTAGTTGATCCAAAAACAGGTTCTGAATATGCTTACATAATGTCTGATATTGAAAATGCAGATAGTATAAACGCTGGTAAGTTACCAGTTGAAAAGTTAGGTATTAAAGCATTAAGTAAATATGAACTTGAAATAAAGTTGAAAAGACCTATACCATACATAAATGAATTGTTGGCTTTAAGTAATTTTTATCCACAAAATGAAAAAGTTGCGAAAAAGTTTGGAGAAAAGTATGGTTTGAAACCTCAAAATGCAGTTTATAATGGGCCGTTTAAGGTAGATACTTGGAGAGCAGAAGATAAGATACTTTTGTCTAAGAATAATTTCTATTGGGATAAAAAGAACGTAAAATTAGATAAAGTTAATTATAAAATATTGAAAGATAAACAAGCTGGTGCTTCATTATTTGAAACAGGATCTGTTGATGATACATTAATTTTAGCCGATCAAGTAAAAAAATATGAGAATTCAAAGGCTTTACAAAAACGCTTAACTTCAGGTAATTTTTTCATTAAATTCAATCAAAAAAAGGTTAAAGAATTTAAAAATAGAAATTTACGCATTGCAATTGCATTAGCAATTGATAAAAAAGGATATGTTGAAGCAGTTAAGAATGATGGTTCTACATTTAGTGACACATTCACAGCTAAAGGCGTGGCAAAACTTAGCAATGGTGATGATTATGCTTCAAGTGTAAATTCACCATTAAAGTATGATAAGAAAAAAGCGTTGGAATATTGGGAAAAAGCAAAGAAAGAGTTGAATATAAAAAAATTCACATTTTCAATGAATACTGAAGATACACCAGATTCAAAAATATCAGCAGAATATATAAAGGCCCAAATAGAAAAAAATTTACCTGGTGTAAAAATGAAAATTAGACAACTACCTTTCAAACAGAGATTGAGTGAAGAATTTAAAATGACATATGAATCTTCATTAACTGGATGGGCTGCTGATTATCCTGATCCAACAACCTATTTGTCAACAATGACAAAAGATAATCCTCAAAATAATACTGACTGGGGAAATAAAAAATATGATGATTATTTAGGAGAAATAAATGGAAAGTTATTAGGGGACGTTAGCGAAAGAGATAGTAAAATGAAAGAAGATGAAGAGTTATTGTTAAAAGAGGCACCTCTAGCTCCAATTTATCAAAAGGGAGAAGCTCATTTAACCAATCCCAAAGTAAAAGGACTTCAATATCATGTGGTTGGGCCTGATACAACATTAAAATATGTATATATAGAAAAATGATAAAGAAGTAGATATTAAAAATTAATATGAAATTAAAGAGGCACTAGTTAATTCTAGTACCTCTTTATTTTATCTCTTACGTCCTAAACCCATCGCTTTTTCCATTTTTTTGACAGTTTTAAATGAAACTTTGTGTGCTTTATCTCTACCTTGATCTAAAATATCATCAAGTTTATCTGAGTTATAGAAACTTTCGTATTTTTCTTGGAATTCTACTAAAAATGCTTTAACTATTTCAGCAAGGTCACCTTTAAATTTACCATAACCTTCCCCTTCATATTTTGCCTCAATATCTTTAATTGGCATGTCGGTTAATCCAGCGTATATTGAAATTAAATTTGTTATACCTGGCTTGTTGTCACGATCAAATTTAATAATACCATCTGAATCAGTTACTGCGCTTTTAATTTTTTTAGCTGCAACATTCGGCTCGTCCAATAATGAAATGAAGTTTTTAGCATTATCATCACTCTTACTCATTTTTCTTGTTGGGTCTTGTAAACTCATGACACGTCCACCAACTTTAGGCATACGAATTTCAGGTTTCACAAGCACATCATTATAGCGACTATTAAATCTATCTACAAGGTTACGAGTCAATTCGATATGCTGCTTTTGGTCATCTCCAACTGGAACGATATTAGTATTGTAAAGAACAATATCAGCTGCCATTAAAGGTGGATATGTTAATAGACCAGCTGGTATACCTTCAACTGCTTTCTGAGCTTTATCTTTGTATTGCGTCATACGCTCTAATTCTCCAACAGAAGCAATCGTAGTTAACATCCATCCTGCTTGTACGTGTGCAGGGACTTCAGATTGTATGAACAATGTTGCTTTGTCTGGATCTATACCAGAAGCTAAATAAATCGCTGCTAATTGTCTGGTCTGTTTACGTAATTTTAAACGATCTTGTGGCATTGTAATTGCATGTTGATCTACGATACAGAAATAACAATCATAGTCATTTTGCACATCAACAAATTGTTTTAGTGCGCCAATATAATTTCCAATAGTAGGAATTCCACTAGGTTGGATGCCTGAAAATAATGTCTCCATTTAAATGCCTACT
NZ_CP120067.1_gap20	1057373	1061930	4557	TTTGCTACCATTTTATTTGCAGTATAGTGATGAGGGCTATTTAACCTCAATATACCTAGTGGAAATTTTAATTGCACCATCTGAATCAGTGACATGATATTTAATTTGATATTTACCAGATTTAGATGTATCAATTTGGCCATCGACTTTAATTTTATCGGTTAAATCTCCATCTTCTTTATCAAATGCACTTATGCCGTTTAGAAGGTTATAATCTTGACCTTTCTTAATAACGATATCATTAGCGCCTTTAATTTGTGGTGTAGTATTCGTCGTTGCATCTGCATTTAAATTTGGTGTTACTAGTGTAGCAGAAACACCGAGGGCTGATAATGACTGTAATAGTTTATTCATAATGTAACCTCCGAATGATAAGTCATTTCTGAGTTAGCTTTACTATACCTTAATTTATATTATTTACACATCATACTATAGTCCTAATCTTACCCTATAAAGAATGAAATTTAAATATAAATTTATAAATAATGAGGAAATAATTATTATTTTGAAAATCTGCCACAATTGTAAAATTAATAATTTAGGGATAATTTGAAATCAAATATAACTTTATTCGACAGTTTGAACTTAAATTTTTGTGTTTCAAAACAATAAGAAAAGGGAGGCGAAAATGATAAAGAACCACTAATGATTAACTATGTAGTAGTACTTTATCATAGTCACAGCTTCTGTGATGGGGCCCCCACCCCAACTCGCATTGCCTGTAGAATTTCTTTTCGAAATTCTCTGTGTTGGGACCCCTCCCCAACTTGCACATTATTGTAAGCTGACTTTTCGTCAGCTTCTTTGTTGGGGCCCCTGACTAGAATTGAAAACTTGTTACAAGCTTATTTTCATTCAATTAACTACTGTCTATATAAAATTGTTGAGCCAAGAACAAAGTGAAATGCTCCCTTCAAAGCCTTCATTTATTCAATGTCTACTTTGAAGGGAGCATTTGATCGATTAATGTCCCAGATTTTTCTTGTTATTCATTTCAATTGCGAAATAATATTAAATGTGGGTTAAAAGACTTCATTAAAACTCAGTTATTAATTCTCAATACATAACTAATGTAAATTTACGAATCAATACCTCGACGCATTTTTTCTGCAAGCAAAGTATTATTTAATACCATAGTAATTGTTAATGGACCAACGCCACCAGGAACTGGTGTAATAGCTCCAGCAATTTCTTTAACCGCATCATAATCAACGTCACCTTTTAATTTGCCATTTTCATCTGGCGTATTGCCAACATCGATAATTACTGCTCCTTCTTTGACCACATCTTTTGTTACTAAACCAGGCTTACCAACTGCACTGACAATGACATCAGCATCTTTTAAATATGATGCCATATCTTTTGAACGAGAATGTAAGATTGTTACTGATGCATTTTTTTGAAGTAGTAACTTAGAAACTGGTTGTCCGACAATATGACTTCGTCCAATTACAACTGCATTTTTACCTTCTAAATCAATATCTGCATGTTTTAATATTTCCATGATGCCGAGCGGTGTGCAAGGTACAAAAGTTTGTTCATCGATATATAATTTCCCTATATTTATTGGATGAAATCCGTCCACATCTTTTTCAGGATTGATTGCTTCTAATATTTTCTGTTCGCTAACTTGTTTTGGTAATGGTACTTGTACCAAAATACCACTTACAGAATCATCATTATTTAGTCTATTTAGTTCGTTTAATACTTCTTCTTCAGTAGCTGTTTCTTCCAAATGTACGATTTCTGAAATCATACCAATTTTTTCAGCTGCTTTCTTTTTTGATCTAACATAACTTTGACTAGCGCCATCATTACCAACTAATATAACGGATAATTTAGGTGTAAAACCCTTTTCTTTTAGCGCTTCAACTTGATCTTGTAACCCCTGTCTGTAGTCTTTGGCAATTTGTTTACCATCTAAAATTTTAGCAACCATAAAAACTTCTCCTCCTATTGTCAATATCCTAACTTTGTTAGTTCATAAAACTAATTTACATAGCAAAAGACGTAAATTCAAACAAAAAATCAAAATAAAGTTCGATTTTTGATTGAAAAAGCAGAAATTGCTTGTTATGCTATATCTATAATATACAACTAAAGTAATTCACAATTCAAACTTTTGAAAGGGTGTACAAAGTGAAAGTAGCAGTCATTATGGGCAGTTCTTCCGATTGGAAAATTATGCAAGAGAGTTGTAACATGTTGGATTATTTTGAAATTCCGTACGAAAAACAAGTAGTATCCGCACATCGTACGCCAAAAATGATGGTTCAATTTGCTTCTGAAGCGAGAGAAAGAGGTATAAACATTATCATTGCAGGCGCTGGCGGTGCGGCACATTTACCAGGTATGGTTGCATCATTAACGACGCTACCAGTTATTGGTGTGCCGATTGAAACAAAAAGTTTAAAGGGTATAGATTCTTTATTATCAATTGTTCAAATGCCAGGAGGTATTCCGGTTGCAACGACTGCAATTGGTGCAGCAGGTGCTAAAAACGCAGGTATACTTGCAGCAAGAATGTTAAGTATTCAAAATCCTTCTTTAGTTGAAAAACTAAATCAGTATGAATCTTCGTTAATTCAAAAAGTGGAGGACATGCAAAATGAGCTTCAATAAATTAAAGTTTGGTGCGACTATTGGCATTATTGGTGGTGGTCAGCTTGGAAAGATGATGGCACAATCAGCTCAAAAAATGGGTTATAAAGTGGTTGTATTGGATCCTTCTGAAGATTGTCCATGTAGATACGTTGCACACGAATTTATACAAGCCAAGTATGACGATGAAAAGGCACTCAATCAATTAGGACAAAAATGTGATGTGATTACTTATGAATTTGAAAACATTTCAGCCCAACAATTAAAACTATTATGTGAAAAGTACAATATTCCGCAAGGTTACCAAGCTATACAGTTATTACAAGACCGCTTAACTGAAAAAGAAACATTAAAAAGTGCTGGTACCAAAGTTGTCCCGTTCATTTCAGTAAAAGAATCTACAGATATTGACAAAGCAATTGAAACATTAGGATATCCTTTTATTGTAAAAACTAGATTTGGTGGCTACGATGGCAAAGGTCAAGTTTTAATTAACAACGAAAAAGACTTACAAGAAGGTTTTAAATTAATTGAAACTAGTGAATGCGTAGCTGAAAAATATTTGAATATCAAGAAAGAAGTATCTCTTACTGTTACAAGAGGAAACAACAATCAAATCACTTTTTTCCCATTACAAGAAAATGAGCATAGAAATCAAATACTTTTCAAAACAATTGTTCCAGCGAGAATAGATAAAACAGCTGAGGCGAAAGAGCAAGTTAATAAAATTATCCAATCGATTCATTTCATTGGAACATTTACAGTTGAATTTTTTATAGATAGTAACAACCAATTGTATGTGAACGAGATAGCACCAAGGCCTCACAATTCCGGACATTATTCAATTGAAGCATGTGATTATTCACAATTTGATACTCATATTTTAGCAGTTACCGGACAATCATTACCAAATTCAATTGAATTATTAAAGCCAGCAGTCATGATGAACTTACTAGGTAAAGATTTAGATTTATTGGAAAATGAATTTAATGAACATCCAGAGTGGCACTTACATATTTATGGTAAGTCTGAGCGTAAAGATAGCAGAAAAATGGGGCATATGACTGTACTAACGAATGATGTAAACCAAACTGAACAAGATATGTACGCTAAATTTGAGGGGAGTAATTAAAGCATGACATTATTATATGAAGGAAAAGCGAAGCGCATTTTCTCAACAAATCAAGAAAATGAATTAAGAGTTGAATATAAAGATGAAGTTACTGCTGGAAACGGGGCTAAGAAAGACACAATGGCAGGTAAGGGGCGATTAAATAATCAAATTACTTCTATTATATTTAAATATTTACAAGAAAATGGAATAGAAAGTCACTTTATTAAACAATTATCTGAAACAGAACAATTAGTTAAGCCTGTGAAAATAATTCCATTAGAAGTAGTTGTTCGTAATATTGCTAGTGGATCTATTACAAAGCGTTTAGGTTTTGAAAATGGTGAAGTTTTTAGAGAACCACTTGTAGAATTTTTCTATAAAAATGATGCGTTAAATGATCCGTTGATAACGGATGACCATGTTAAATTGCTCAATATAGCATCAGATGAAGATATTGAAATACTAAAATCCAAAGCATTAAAGATTAATGATGTGTTGAAACAATTAATGGATGCTATGAATATAAAATTAGTAGATTTTAAAATCGAATTTGGAAAGACTGAGACTGGTCAAATTTTGTTAGCGGATGAAATATCTCCAGATACATGTCGAATTTGGGATAAAGCTACCAATGCAAACTTTGATAAAGATGTATATAGAAATAACACTGGATCACTGATTGAAACATATCAAATATTTTTAAACAAATTGGAGGATTTAAAATAATGAAAACAATTGAACTACATATCACATTACAACCACAAGTATTAGATACGCAAGGACAAACGCTTACTCGAGCTGTACATGACTTAGGTTATGCACAAGTGAATGATATTCGTGTA
NZ_CP120067.1_gap21	1065755	1066501	746	TGTAAATGCTGATATGGTCATCGGTGTACCCAATTCATCGCTATCAGCTGCGAGTGGTTATGCTGAAGAAATAGGTTTGCCATATGAAATGGGACTAGTTAAAAATCAATATGTTGCAAGAACATTTATTCAACCAACTCAAGAATTACGTGAGCAAGGTGTGAGAGTGAAGTTATCTGCGGTAAAAGATATAGTAGATGGGAAAAATATCATTCTTGTTGATGATTCCATTGTTCGCGGTACGACAATTCGACGCATTGTGAAAATGTTAAAAGATTCTGGTGCAAATAAAGTGCATGTGCGTATAGCATCACCGGAATTTATGTTCCCAAGTTTTTATGGAATCGATGTTTCAACTACGGCAGAATTAATTTCTGCAAGCAAATCACCTGAAGAAATTAAAGATTATATTGGCGCTGATTCATTAGCATATCTATCTGTAGATGGGTTAATTGAATCAATTGGTTTAGATTATGACGCGCCATATAGTGGCTTATGTGTAGAAAGTTTCACTGGAGATTATCCTGCAGGGTTATATGATTATGAAGCAAATTATAAAGCACATTTAAGTCATCGACAAAAGCAATATATTTCTAAAAACAAACACTTTTTTGATAGCGAGGGAAATTTAAATGTCTAAAGCATATGAACAATCTGGTGTAAATATTCATGCTGGTTATGAAGCTGTAGAAAGAATGTCTAGTCATGTTAAACGTACGATGCGTAAAGAAGTTATCGGTGGTTTA
NZ_CP120067.1_gap22	1164866	1166766	1900	CAAGCTTACATCGGCTATCAATTACAAGAAAGCTTACAAAATGAATTGCATTCTATTGGAATGGATAAACAAGTGGTAACACTAGTGACACAAGTTGAAGTTGATGAAAATGATCCGGCATTTAACAATCCTTCAAAACCAATTGGGTTATTTTACAACAAAGAAGAAGCTGAACAAATTCAAAAAGAAAAAGGATTTATATTTGTTGAAGATGCTGGAAGAGGATATAGACGCGTTGTTCCTTCACCACAACCCATCTCTATTATTGAATTAGAGAGTATTAAAACACTTATTAAAAATGATACACTCGTTATTGCTGCTGGTGGTGGAGGTATACCAGTAATTAGAGAGCAACATGATGGTTTTAAAGGTATTGATGCAGTTATAGACAAAGATAAAACAAGTGCGTTGTTGGGTGCTAATATTCAATGCGATCAATTGATTATTTTAACAGCAATTGATTATGTATATATTAATTTTAACACTGAAAACCAACAGCCTTTGAAAACAACAAATGTTGATGAATTAAAACGATATATAGACGAAAATCAATTTGCAAAAGGAAGTATGTTACCAAAAATTGAAGCAGCCATATCATTTATTGAAAACAATCCAAAAGGAAGTGTGCTTATAACATCATTAAATGAATTAGATGCTGCCTTAGAGGGTAAAGTAGGTACTGTGATTAAAAAGTAATTGAATTGAAACGCTTTTCAATTACTATATGTCAAATGCATGATTTTTATTATTTATGTGCACCCCCTGAAAATAATGCCTCTATTTTGATGCGGGGTGCACTTTCTTAATTTATATTTATAAAATCTTTAAGGTAGAAATGCTAGGTTAAATGTCGAAGGAGATGAAACCGTGGAAAATACAATTAATGAAAGTGAAAAGAAAAAACGATTTAAATTAAAAATGCCAGGTGCATTTATGATTTTATTCATTTTAACGGTTGTTGCAGTTATAGCAACATGGGTTATTCCTGCTGGTGCATATTCTAAACTTTCTTACGAACCTTCATCCCAAGAACTAAAGATAGTTAACCCTCATAACCAAGTGAAAAAGGTTCCGGGTACGCAACAGGAACTAGACAAAATGGGGGTTAAAATTAAGATTGAACAATTTAAATCAGGTGCAATTAATAAGCCGGTATCAATTCCGAATACTTATGAAAGATTAAAGCAACATCCAGCTGGACCAGAACAAATAACAAGTAGCATGGTTGAAGGTACGATAGAAGCGGTCGATATCATGGTATTCATTCTTGTACTAGGGGGACTTATTGGCGTAGTTCAAGCCAGTGGTTCTTTTGAATCGGGATTGTTAGCTTTAACGAAGAAAACAAAAGGGCATGAATTTATGCTAATTGTGTTTGTATCAATACTAATGATTATCGGCGGGACATTATGTGGTATTGAAGAAGAAGCTGTAGCATTTTATCCGATTTTAGTCCCTATATTTATAGCGTTAGGATACGATTCTATCGTTTCAGTTGGTGCCATATTCCTTGCCAGCTCTGTCGGTAGTACATTTTCAACTATTAACCCGTTCTCGGTTGTAATTGCCTCTAATGCCGCTGGTACAACTTTTACGGATGGCTTGTATTGGAGAATAGGTGCTTGTATTGTCGGTGCGATTTTTGTTATTAGTTATTTATATTGGTACTGTAAAAAAATTAAAAACGATCCTAAAGCGTCATATTCTTATGAAGACAAAGATGCTTTTGAACAGCAATGGTCTGTATTAAAAGATGACGATAGTGCCCATTTTACTTTGCGTAAGAAGATAATCCTTACATTATTTGTACTACCATTTCCAATTATGGTATGGGGAGTTATGACGCAAGGTTGGTGGTTCCCAGTTATGGCTTCAGCATTTTTAATATTTACAATTATAA
NZ_CP120067.1_gap23	1359985	1363868	3883	TAGTTCTTGAAATAATGTGATGAATTTAGTAAAATTCAGTAGGATAAAGAAAGCGGGTGAAACAATGGCAACTTGGTTAGCAATTATTTTTATAGTAGCTGCATTAATTTTAGGTTTAATTGGAGGTTTCCTTTTAGCTAGAAAATATATGATGGACTACTTGAAGAAAAACCCACCAATCAACGAAGAAATGCTTCGTATGATGATGATGCAAATGGGTCAAAAACCTTCTCAGAAGAAAATTAATCAAATGATGACGATGATGAATAAAAATATGGATCAAAATATGAAGAGTGCGAAAAAGTAAATTCGCAATTGATAGAGGCTATTTTCCAGATATGGAAATGGCCTCTTTTTATAATCAAATTAATAAAAACAAATATGTTTATTAAAATTAAAGTTAACAAAATGACGAATAGACTGAGAAATGCTATAATTCATTTTGTATGATTTACAGAGAGTTTATTTAACGAGAAGGTGTCTGCGTGCTCTATTTAATATTTTCAATCATTGTAGCTTTATTTATGGGAACTATAGTTATAGTTATTCGTATGAAAGCTCAAAATTATCCGGTAAATGAGAAAAAAATAGTTTTGCCACCGTTTTTTATGGCGACCGGTGCATTGATGTACGTCGTTCCATATTTTAGGCTAACAGGATCGGAAATGCTAGAAGCCTTTATAATTGGTTTGCTTTTTTCTACAGTTCTAATTTGGACTTCTCGATTTGAAGTCAAAGGTACAGAAATTTATATGAAACGATCTAAAGCATTTCCAGTTATTTTGATTTCATTACTTATCATTCGTACTGTGATGAAAATATTCATTAGTAATGAAATAGATCCTGGAGAATTAGGCGGCATGTTCTTTTTATTAGCATTCTGTATGATTGTTCCTTGGAGAGCAGCAATGCTATATAAATACAAAAAACTAAAGAAAACATTAATCAATTAATTACTTTTAAAACCACTTGTGATCGACTTCTAAATCAGTCGATGAGTGGTTTTAATTTTACTTGAAAAGGTGAAATGATTATATTAAAATAAAAGCGAACAAATGTTCTATATGGAGGCAGTAATGAAAATTATACATACAGCAGACTGGCACTTAGGGAAAATATTAAATGGCAAACAGCTTTTAGAAGATCAAGCGTATATTTTAGATATGTTCGTAGAAAAAATGAAAGAAGAAGAACCCGATATCATTGTGATAGCTGGAGATTTATATGACACAACATATCCAAGTAAAGATGCAATCATGTTATTAGAACAAGCGATTGGAAAGTTAAATTTAGAACTGCGTATACCAATAATTATGATTAGTGGAAATCACGATGGTAAAGAGAGGTTAAACTATGGGGCGAGTTGGTTTGAACATAATCAGTTATTTATAAGAACAGATTTTACATCGATTAATTCACCAATAGAGATAAATGGGGTTAATTTTTATACACTCCCTTATGCTACTGTGAGCGAAATGAAACACTACTTTGAAGATGACACCATTGAAACACATCAACAGGGAATTACGCGCTGTATTGAAACAATAGCACCGGAAATTGATGAAGATGCCGTCAATATTTTAATTAGTCATCTGACTGTTCAAGGTGGAAAGACATCTGATTCTGAAAGACCATTAACTATTGGAACGGTTGAATCAGTTCAGAAAGGTGTTTTTGATATATTTGATTATGTCATGCTAGGTCACTTGCATCATCCATTTAGTATAGAAGACGACAAAATTAAATATAGTGGCTCCTTATTGCAGTATTCATTTTCGGAAGCGGGTCAAGCTAAAGGGTATAGACGTGTAACAATTAATGATGGCATTATTAACGATGTATTTATTCCTCTTAAGCCACTTAGACAATTGGAAATTATCTCAGGCGAATATAATGATGTTATTAATGAAAAAGTTCATGTGAAAAATAAAGATAATTATTTACATTTTAAACTTAAAAATATGTCTCATATTACTGATCCAATGATGAGTTTAAAACAAATTTATCCTAATACTTTAGCGCTGACGAATGAAACTTTTAATTACAATGAAGAAAATAATGCTATAGAAATAAGTGGAAAAGATGACATGTCAATTATCGAAATGTTTTATAAACATATAACTGATAAAGAATTATCGGATATCCAATCTAAAAAGATAAAAAATATTTTAGAAAACGAATTGAGAAAGGAGGATTAATGAATGAAACCATTACATTTAAAGTTGAATAATTTCGGCCCCTTTTTAAAAGAAGAAATTGATTTTTCTAAAATTGATAATAATGAATTGTTTTTAATAAGTGGTAAGACTGGATCGGGTAAAACAATGATTTTTGATGCAATGACTTATGCCTTGTTTGGTAAAGCATCAACTGAACAAAGAGAAGAAAATGATTTGAGAAGTCATTTCGCTGATGGTAAACAGCCGATGTCAGTAACATTTGAATTTCAATTAAATCATCGAATTTATAAAGTGCATAGACAAGGCCCTTATATCAAAGAAGGTAATACAACAAAAACGAACGCTAAATTTGATGTATTTGAGATGGTGGATGGCAAGTATGAAATTAGAGAAAGTAAAGTAATTTCAGGTACCCAATTCATTATTGAATTATTAGGAGTAAATGCAGATCAATTCCGACAATTGTTTATTTTGCCTCAAGGTGAATTCAAACGCTTTTTAATATCAAACAGTCGTGAAAAGCAAGGGATATTAAGAACACTGTTTGACAGTGAAAAATTTGAAGCTATACGAGAAATATTAAAAGAAGAAGTAAAAAAAGAAAAAGCTCAAATCGAGAATAGATATCAACAAATTGACCTTTTATGGCAAGAAATTGAATCATTTGATGATGACAATATAAAAGGCTTATTAGAGGTTGCCACTCAACAGATAGACAAATTGATTGAAAATATACCACTTTTACAAGCTAGGTCGAAAGAAATACTAGCATCTGTAAATGAAAGTAAAGAAACTGCTATTAAAGAATTTGAAATAATAGAAAAGAAAACATTAGAAAATAATATATTAAAAGATAATATTAATCAACTCAACAAAAATAAAATTGATTTCGTTCAATTGAAAGAACAACAACCTGAAATAGAGGGAATTGAAGCTAAGTTAAAGTTGTTACAAGATATTACAAACCTATTGAATTATATTGAAAATAGAGAAAAAATTGAAACTAAAATTGCTAATAGCAAAAAAGATATTTCTAAAACCAATAATAAAATATTGAATCTTGATTGTGATAAGCGAAACATAGACAAAGAGAAAAAAATGTTAGAAGAAAACGGAGATTTAATTGAAAGTAAAATCTCTTTTATTGATAAAACTAGAGTATTATTTAACGATATTAATAAGTATCAACAAAGTTATCTCAATATTGAAAGCTTGAGAACTGAGGGTGAACAATTAGGTGATGAATTAAATAATCTAATTAAAGGTTTAGAAAAGGTCGAAGATTCAATAGGTAATAACGAAAGTGATTACGAGAAAATTATCGAACTAAATAATGCGATAACTAACATAAATAATGAAATTAATATAATTAAAGAAAATGAAAAAGCTAAAGCTGAATTAGATAAACTATTAGGTAGTAAGCAAGAGTTAGAGAATCAAATTAATGAAGAAACAACTATAATGAAGAATCTCGAAATAAAATTAGATCACTACGATAAATCAAAATTGGACTTAAATGATAAAGAAAGCTTTATAAGTGAAATTAAATCTGCTGTAAAGATTGGAGATCAATGTCCGATATGTGGTAATGAAATTCAGGATTTAGGGCATCATATTGATTTTGACAGTATTGCTAAACGTCAAAATGAAATTAAAGAAATTGAAGCAAATATCCACGCAATAAAATCGAATATTGCTGTGCA
NZ_CP120067.1_gap24	1409159	1410026	867	AATATGACTATATAAGTCATCGATATCTTCATCACGCTCAATTATTTCTCTTATTAATACGGTATCTTTCTTTTTAAATGCTTGATCTAAGTCCTTTAACATTAACATAGCTAATTTACCCATTGTCTTTAAACGGGTTAACACATAATCATCTGTAATCTTTGTACGCAATCGAATAGTGGCAATACTCGATGCATTATCTCCTATTCTTTCTAAATCGGAGGCGATTTTTAATGAAGAAATCATCATACGCAAATCACTCGCAATGGGCTGTTGCTTTGTAATTAACATGATAACTCGCTCATTAATATCATAATTTAATTGATTGATATGTTTATCGTTTTTAACTGTTTGTCGTGCAAAGCCTCTATCGTCAATACTTAATGATTTTATACCATTTTCAATACTCACATAGACATTTGCACCTAACCGACGTAATTCCTTTATTAAATCATCAAGTTGCTCCTGATATCGCTGTCTAATTATTGCCATTATATATCAACCAAACCTTCCTGAAATATAATCTTCTGTTTTCTTGTTTGATGGGTTAGAGAAAATTTTATCAGTATCATCATATTCATTGACATAACCATTTAAGAAAAATGCAGTTTTATCTGATACACGAGCTGCTTGTTGCATATTATGTGTAACCATAATAATTGTATACTTTTCTTTTAGTTCTTGAACCAACTCTTCTACTCTTAATGTTGAGATTGGATCTAATGCTGATGTCGGTTCATCCATTAAAATGACTTCAGGTTCAATTGCTAAACAACGCGCGATACAAACACGTTGTTGTTGCCCACCGGATAAACTATATGCATTTGTGTGCAACCTATCCTTTAATTCATCCCAAATTGCAGCGCC
NZ_CP120067.1_gap25	1417100	1418718	1618	ATCGCAAACCGTGTTATCGATTTAAATAAACAAGGTGGCGTTTCAAAAGAAATTCCATATGAAGAATATTTACAAGAAATCGGCGTTTTAAAATAAACATAATATGTAGAATTTCTTTTCGAAAATCTCTGTATTGAGGCCCGACCAACTTGCACATTATTGTAAGTTGGCTTACTGTCACCTTCTATATTGGGACTTATTCCGCAACTTGTATTGTTTGTAGAAATTAGGAATCCAATTTCTCTATGTGTTGCACCGACAAGGATTGAAAAAAGCTAGCTACAAAGTCATTTTCATTCAGTCAACTACTGTCAATATAACATTGCAGGGCCTAGGGCATTGATTCATGTCCGAGACTATATTCAATTTAATAGACATTAACTGGGCGTCTCGATGCTAATATTTATAGCATCGAGGTGTCCTTTTTATTTTATTTTTTAACACATCAGCATAGTGAACACCCCTTCTCTAAATTACAAATACAGTTATCAACGCATTAAAAGAGTACATTTATTTAATGTGCATATTGATTATGCTATAAGTATTTTGAATTTTATTTTTCAAAAAGTCTCATTATCACCACCTTTTAAAATATAAGCAACGCTATAACTTGAATTTTCAGGTTATTCCAAAAAATCTAAATTATCGGTTTACATTCATATTTGTCATATGTATAATGAACACATACCAATTTAATAATATTTTGATGAGGCGCATCAATCATGAGTAAAGTTTAGATTACTGTCTGCTAACAGCTAAATTTGAAAGGGTGCGATGCCGAAGCAATTATAATAGCAGTTATAATTTGTTGGACTTTTTGGTTAAGAGCTGAGAGTTTGTCATTATTTAAAAATAATGGAGTGCATCACTTGTATATAGATTAAGAGCAAGTTCGCATTCCGAACTTGTTCTTTTTTTATTATTGTGTGCCCTTCCTAACAATTAGGAGGATTATATGGTAACAAGAAGTGTGTTGAAATTTGGCGGATCATCCGTCAGTGATTTTACAAAAATAAAAAGGATCGCTGAAATGTTAAAGGAGCGAGTCAATCAAGATGAACAATTAATTGTCGTTGTAAGTGCTATGGGTAACACAACAGATCAATTAATGACGAATGTATCGACCTTGACTAAAGCACCAAAACAACAAGAACTGGCATTATTATTGACAACCGGAGAGCAACAAACTGTATCTTATTTATCAATGGTATTAAATGATATCGGTATGAATGCCAAAGCAATGACTGGCTATCAAGCGGGTATTAAAACCATTGGCCATCATTTAAAAAGTAAAATTGCTCAAATTAATCCTCAAACATTTGAACAAGCCTTTCAAGAAAACGATATTTTAGTAGTTGCTGGATTTCAAGGCATCAATGAACATCAGGAATTAACAACTTTAGGCAGAGGTGGTTCTGATACGACCGCTGTGGCACTTGCTGTTAGTAATCAAATACCTTGTGAAATTTATACCGACGTTGATGGTGTGTATGCCACTGACCCAAGACTTTTACCAAAGGCTAAACGACTAGACATCGTCTCATATGAAGAAATGATGGAAATGAGCGCTTTAGGTGCTGGTGTACTTGAAACAAGAAGTGTTGAATTAGCTAAAAAC
NZ_CP120067.1_gap26	1560031	1563490	3459	GATGTTAAATATGGTCTCAACACAGTATATAAAACATTAAAACTAATTAAATTAAGCTGATACGTTTCAATCATTTCTGAAAAACTATGGTCTGAAATAGATTTGAAATAACCTAAACCTGCACTATAAATGAATCCATCGAATGATGTATTGTCTTCAAATTGCAGTGCCTGTATCGACTTCATATCATTTAAGTCACAAGGAATAACATTTATAGTTTTTCCCAATTCCTGTTCAAAGATTCTAGTTGCTTTATCAACATCACGCACCAACAACGTTACATGCACTTTATTTTCAAGTAACTTTCGGACAATCGATAAACCTAAACCACTCGTACCACCAGTCACTATAAAATGTTGTCCTTTCATCAATTAACCTTCCTTTTCAATTATATAGAATGCAATTTATCAACTTTACATAATTGAGACAAGTTGATTATCTTTCCTAATATATATACAATAATAAGAAAATATAACATACAAATCAAAAACTAAAGGGATGTGACGTTAATGAAACTCGTATTTTATGGAGCTGGTAATATGGCACAAGCTATATTTACAGGAATTATTAACTCAAGCAACTTAGATGCCAATGATATATATTTAACAAATAAATCTAATGAACAAGCTTTAAAAGCATTCGCTGAAAAACTAGGTGTTAACTATAGTTATGATGATGCGACATTATTAAAAGATGCAGATTATGTTTTTTTAGGTACCAAACCGCATGACTTTGATGCTCTAGCAACACGCATCAAACCACATATCACAAAAGACAATTGCTTCATTTCAATTATGGCAGGTATTCCGATTGATTATATTAAACAACAATTAGAATGCCAAAATCCAGTTGCTAGAATTATGCCAAACACAAATGCGCAAGTCGGACACTCTGTTACTGGCATTAGTTTTTCAAACAACTTTGACCCTAAATCTAAAGATGAAATTAACGATTTAGTTAAAGCATTTGGTTCTGTAATTGAAGTATCAGAAGATCATTTACATCAAGTAACAGCTATCACCGGAAGCGGCCCAGCATTTTTATATCATGTATTCGAGCAATACGTTAAAGCTGGTACGAAACTTGGTCTAGAAAAAGAACAAGTTGAAGAATCTATACGCAACCTTATTATAGGTACAAGTAAGATGATTGAACGTTCAGATTTGAGCATGGCTCAATTAAGAAAAAATATTACCTCTAAAGGTGGTACGACACAAGCTGGCCTTGATACATTGTCACAATATGATTTAGTATCTATTTTCGAAGATTGTCTAAATGCTGCCGTCGACCGTAGTATTGAACTTTCTAATGTAGAAGACCAATAAAAACAAACCCGCCAACACATGTATGCATCATCGCATACATAGTTGGACGGGTTATTTTTATAAATTATTGCTATTTGGCAAGCATTGTTTATTACTTTGTCATTAGACTTTAAAACTATCAAAATCTTTTACAAAATTAAAATTAGGTGTATCTTCATTTTGTATCAATGTTTGATAAATTTCATTTATATCTTCTGTATTATAGCGATTGCTCAAATGTGTAATCAACGTACGTTTAACATTGGCTTCTTTTATCAATGCAAATACGTCTTCAATATGGCTATGATGATAATTGTTGGCTAAATGCTTTTCACCATCTATATAGGTCGCTTCATGTACCATCACATCAGCATCTCTAGAAATCACACGTTCATTAGAACATGGTTTTGTATCACCAAAAATTGCTACAACTGGACCCTGTTTGGACTCACCTCTAAAATCTTTTGATTGATAAACTTGACCATTATGTTCAAATGTATCATGAGATTTTACTTCTTGATATTTAGGACCTGGTTCAAGACCAATGTTTTTTAACGCTTCAACATTGATTGTACCTGTAGTTTCAGGTGCCATTACTCTATATCCATATGATGGAATACCATGATTAAGTAAATGAGCCTCTACAGTAAAACCATCATGATGATATGTCAGATGATCATCGATTTCAATATATGTAATTGGATAGTTTAAATGTGACTCTGATAAATTCATAGACATTTCCACATATGCTTTAATTCCTTTTGGTCCAACCAATGTAAGCGGCTTCTGTTCACCGCCCTGAAAAGAACGACTAGAAAGTAATCCTGGCAAACCAAAAATATGATCGCCATGCATATGAGTAATAAATATATGTGTCACTTTTCCTAATTTAATTGCATGATGTAAAATTTGGTGCTGTGTACCTTCACCAACGTCGAAAAGCCATATGGAATTGGAATATGGTTCTAAATTTAAGGCGATTGCTTGTGTATTTCTCTCTTTTGTAGGCAAACCTGCACTCGTTCCAAAAAATGTAACTTCCATATATGCCCCTCCTTTTCTTCAATTCATTTTATCATAAAATTTGTATCAATTTAGTTTTAATTTATACTTGAATCAAAATCTGTTAAAAATTCGTCTTTGCTAGTTAATTTTTCTAACTTTAACGTAGACAAAACTATATAAATTTTGATAATTACGTTATACTTATCATTAATAAGTATCACATTAAACATGATACATGAATCGATATTTCATTTAAGACACTGCATACTGTCGAGCATATTGAATGACCTGCTGAATGGATTATCTTATAATAATAAATCATATATCTAATTAAGAATTGAGGTTTTAATCTTGAGTACTAAAAACAAACACATCCCTTGTTTAATCACAATCTTTGGTGCAACTGGTGACTTAAGCCATCGTAAGTTGTTTCCATCAATATTCCATCTCTACCAACAAGACAATTTAGATGAACATATTGCCATCATCGGTATTGGACGTCGTGACATTACTAATGATGATTTCCGTAATCAAGTAAAATCATCAATTCAAAAGCACGTAAAAGATACAAACAAAATTGACGCGTTTATGGAACATGTCTTCTATCATAGACATGATGTTAGTAATGAAGAAAGCTATCAAGAATTACTAGATTTTAGTAATGAATTAGATAGCCAATTTGAATTAAAAGGTAATCGACTATTCTATTTAGCAATGGCACCACAATTCTTTGGCGTTATTTCTGATTATCTAAAATCTTCTGGTCTTACTGATACAAAAGGATTTAAACGCCTTGTTATCGAAAAACCATTCGGTAGTGATTTAAAATCAGCCGAAGCATTAAACAATCAAATTCGTAAATCATTTAAAGAAGAAGAAATTTATCGTATTGACCACTATTTAGGAAAAGACATGGTTCAAAATATCGAGGTATTACGTTTTGCGAATGCGATGTTTGAACCATTATGGAATAACAAATATATTTCAAACATCCAAGTTACATCTTCTGAAATACTAGGTGTTGAAGATCGTGGTGGTTATTATGAATCAAGTGGCGCGCTAAAAGATATGGTGCAAAACCACATGTTACAAATGGTTGCATTATTAGCTATGGAAGCACCTATTAGTTTAAATAGTGAAGATATCCGTG
NZ_CP120067.1_gap27	1648610	1651315	2705	TTAACTGGAACAACCATAATTGTATATAGACCTCGACGATTACCACCAAATACATCAGTAAGCATTTGGTCACCTATAACAACAGTTTGATCTGGTCTGATATTCATCTTAGTTATTGCTTTATCAAACGCTTTCCCCATTGGCTTTCTCGCTTTAAAAATAAAATCGATGTCTAAATGCTGACTAAAACTAGTAACACGAGACTCATTATTATTAGACACGATTGTAATAGTGATTCCTTTTTCATTAGCTTCCTTAAACCATGCTTTAACACGTTCTGTAGGTTCTTTAACATCCCAACCTACTAGCGTATTATCTAAATCTGTAATAATACCTTTAACGCCTTTGTCCACTAACTTGTCTAAATCAATTTGAAATATTGATTGAACATATGAATTCGGCATAAAAAACTTGCGAACTAAACCCATTTAACTCACCTTTACCTTTTTATAATTGAGACACTAATGCTTCAACAGTTTGACTTGATGATACAGCTGCTTTTTCTAAAAATGCTTCGAAGCTCATTTCCGCTTCTCCATTTGCTAAGTCTGAAACTGCACGAACTACAACAAATGGTACATTAAATTGATAACATGTTTGTGCAATTGCAGTTGCTTCCATTTCAACCGCCATCGCATTTGGAAATGCTTTTTTAATTTTTTGACGTTGTTCAACACTACCGATAAAGCTATCACCACTTACAATTAAGCCTACTTTAGCTGTTAATTGTTGTTGTTGTACAACTTGAGATACTTTTTCTATTAAAGGTTTACTTGATTGAAATGCTACCGGCATCTGTGGTATTTGTCCATATTCATAACCAAATGCTGTTGCATCCGCATCATGATATTTTACATCATCACTTATAAGAACGTCACCTACATTTAAACTTTCATCTAAAGCTCCAGCAGAACCTGTATTAATAATGACGTCCGGTTTAAACTTATTAATTAATAATGTCGTAGAAATTGCAGCATTAACTTTTCCAATGCCGCTTTGGGTAATCACTACTTCTCTATCTTTTAAAATGCCAGTATAAAATTTAACATGTGCAACTGAAATTTCGCTTAATTGTGTTAATTTATTTTTTAATATTGTTACTTCTTCTTCCATGGCACCAATTATACCAATCATCCTTTGATTCACCTCTTTTAAAAAATCCTAGCATTTGTTATTTTATCACATTTTAATCACTACAACGACAAGTATCATGATTTTCATTACTGTATAAAACTTTTGCTTTATTTTTATAAAAAGCTCTTTCAATAACTTGGTATCATAAATAATTATTTTTGAACTCATAACAGTAAATTCGATGCTTCTAATTTGTCTATTTTTCAAAAACTAATCATATCAATTACATCAACCAATCGTGTCAAGAAACTTTATTAAATAACAGGAAAATGATATGTTTAAAATAATAATGATGAAATAAGAGGATTTTACAATGGCTGAAAATAATCAAAATAGTCTCGTAACAAAGATAGCTACATACGGCAGTTTTATTGCAATTGCGTCGTTTGTCATTTTATTTATAAGTATATTTTTAAAGTTTTCATTTAATATCGAGTTTACAGCAACAATTATGAACATATGTCGCTACACTCTAATTCTAGGATTTATACTTATGTCCTTACCTGATGTTGTTGATAAAAACATCAAGAAAATTATATTCGATGCATTTATTATCATCGTCTTTATCTTCTTTTTACTATAGTAGTTTTATTTTGTAATTACACAGTTAATCATATTTGTTTCGTATCGAATTCCTGTGTGTATTAAAGATAATTCTAATAGAAAACAGCAGTAAGACTTTTCTAAGTGTTATCATCCTTACTGCTGTTTTTATTTGTAACAGTATAATGACAGGTACTTTATATTTCACTGTCAAAAATTATTAATGATTAACTTAATTAAATTATGATTTGAATAAATAGATATCTAAATGCAATTTGTCACTATTGATAGTTTTATTATCAGCATACATTTTTAATACCTCATAACCTTACTCACCATTTAAATTATAAAAATTATATTCTATATTTTGTTCATCATCATTATGATATTTAACATACCCTTTAACAATGTCGCCACCTTGTTCGTACAACTTATACTTCTCATTCAAATAATTTCTTAATTGAACATCTAATTCTTGAATGGTAACAATTTTCTTTTTCGTTTTTACTGCTGTTAATTCTATTTCTGCTTGATGTCCGTCAATCCATAAATTACAAGGTATATTCTTATAATCATCGTACTTATTATTGTCACTTAAAGTAACACCACCATAACTACATTGCGTTTTATTGGTTGCTCCCCCATGACATCCGTATCCATAATTTCCAGCAAATATATCGATATCCTTATTTATAAATTTCTTTGAAAGTGCCTCATTTTCAAATTCAACTTTAAAATCCTTTTTCCAATCATCATTTACGAACATGTCATGAAATAACAAATCATGCTTCAACAGTCTATCGTTTGTGTTTTTATTTTCAAGCTGAGTTGGATTGATGAATGACATCTTAGCATTACTTAGACGCTTTGAATCAAACTTACTTTTATGATGTAAGTCTGAATATTCGATTGCACTCGCTGAATTTGTAAAAATTCCTTCTAACAATAATATTAAAATAAATCCTGTTAAATATTTAACTTCAAACTCCCCCAAAACAATTATTAATTTACATTTGAGAGCGAGACAT
NZ_CP120067.1_gap28	1652946	1654565	1619	ATGTAAATACTGCTGTTTGCGTTAAAAATGCTGGCCCAATTGCAGAAGTTGCCATCAAAAATACAGAACCTAATAATAACCTTTTATGATTTTTTGTGAATTCAAAGTCACTTTCTTTTTTAAGCTTTAAATTTCTCCCCATTTTTTTAGCCCCCTATAAGGATTGAATATCAATGCCTTCTTTCATTAAAATTTCTCTAATTTTCGAAACAAATAATAATGCATGTTCTCCATCACCATGCACACAAATTGTATCTGCTTGTAACGTTACTTCCTTATTGTTTTTTGAAATAACTTTATTTTCCTTCACCATCTTTAAAACCTGCTTAAGTGCTTCGTCAGTATCAGTAATCACAGCATCACTTTCTTTTCTACTAACGAGCTGCCCATCATCTTCGTATCGTCTATCAGCAAACACTTCAGAAGCTGTAATTAATCCGACATTCTTTGCTTCTGAAATTAGATATGAATTTGCTAATCCTACTAACACTAGTGATGGATCAAAGTCATAAACAGCTTGTGCTATAACGTTTGCTATTTCTCTGTCTTTTGCACCCATCTGATACAATGCACCATGCGGTTTAACATGATTAATTTTAACTTGATGAATGCGACAAAACCCTTGTAATGCACCTAATTGATAAATCATCAAATTATAAATCTCGTCGTTAGAGATATCTATATTTCGTCTGCCAAAGCCTTTCAAATCAGGTAAACCAGGATGTGCACCTACTGCAACATTATGTGCTTTGGCAAGTTTTACCGTTTCATTCATTACATTTTCATCACCAGCGTGAAAACCACAAGCAACATTCGCACTTGTAATTAACGGAATAATTTGATGATCACCACCAAAGGAATAATTTCCAAATGCTTCGCCTAAATCACAATTCAAATCAACTCGCATTATAATTCCACCCCTTTAACAATTTGATGTTTTTCTAAAAATTTAATATCAACATCTTTTGCATCTCCATCACGATATAGTGGATAATTTAAAACTGCATATAAAAAATCGGCAGTTGTAGAAAATCCATCTATCACCATTTCATCTAAGGTGACTTTCAACTTATCAATTGCTGAAGCTCTATCATGAGATTTTACAATTACTTTAGCTACTAAAGAATCATAATATGGTGAAACTTGATAACCGTGATATAGTAAAGAATCGACTCGCACATTAAAGCCTTGAGGTAAATGTAACGCTGTCACTTTACCTGGTGTTGGTTGAAATTTCTTTTCAGGATTTTCGGCATTTATTCTCGCTTCTATCACATGACCATTAAATTGAATATCGCTTTGTGAAAAAGGTAAATGATTATGTTCCAATAAATACAGTTGTGCTGCAACCAAATCACGTTCTGCTCGCATCTCTGTAACAGTATGTTCAACTTGTATTCGAGCATTCATTTCAATAAAGTAATGTGCGGTATCAGTTACTAAAAATTCAATCGTACCTGCACTTCTATAATTTGCTGCACGTGCAACTTTAACAGCATCGTTACATATTTGTTGTCGTCTTTCTTCAGTTAATGCTGCACAAGGAGATTCTTCGATTAATTTTTGATTTTTACGTTGTACAGAACAATCACGTTCCCCTAAATGTACATAATTATCCT
NZ_CP120067.1_gap29	1724357	1726993	2636	GATACAGCACCACTTGCTTCATATCTATGCATCGTTCCTAGCTCAGCGATACGGATAGGTAATTCACGATATGAATGTGGTTTATTCGCATAAATCATCATATGATGTGGACAGTTCATTGGACGTAATACCATAGATTCAGTTTCATCTAACTGCATTGGTGGGAACATATCTTCTTGATAGTGATCCCAGTGACCAGATGTTTTGTATAAATCAACATTAGCAAGTACTGGTGTATAAACGTGGTCATACCCCATGCTCACCTCTTTATCAACAATGTAACGTTCAATTTCACGTCTAATTGTTGCACCGTTAGGTAACCATAATGGCAAACCAGCACCAACTAATTGGCTATTTGTGAATAATTCTAACTCTTTACCAATTTTACGATGATCACGTTCTTTACGCTCTTCTAACATTTGTAAATGTGCTTTTAATTCTTTTTTATCAAAGAAAGCAGTACCGTATATACGTTGTAACATTTTGTTGTTACTATCTCCACGCCAGTATGCACCTGCTGTAGATAATAGTTTAAACTCTTTAATTTTAGCTGTTGATGGAACGTGAACTCCACGACATAAATCAGTAAAATCACCTTGACTATATAATGTTACATTTTCATCTTCAGGAATCGCGTCGATTAATTCTAATTTGTATTCATCATTGCTGAATAACTCTTTCGCTTCATCTCGTGAAACCACTTTTCGTTCGATTTTCATATTTTCGTTAACGATTTGTTTCATTGTCTTTTCAATTTGTTCAAAGTCATCAGATGAGATGTTTTGGTCAATGTCGAAGTCATAGTAGAATCCACCTTCTATTACAGGACCTACACCAAATTTAACATTACCATATAACCTTTTAATCGCGTGTGCCATTAAATGTGCAGTAGAATGACGTAATACCTCTAACGCTTCTTCACTACCTGGTGTCACAATTTCAATTGATCCATCAGTTTCAAGCGGTTTTGTTAAATCTACAAGTTGCCCGTTAAATTTGCCGGCAACAGCTTTTTTACGTAATCCAGGACTAATTGATTGTGCTATATCTTCAGTAGTAGTACCTTTATCAAACGCCTTTTTATTACCATCTGGAAATTGAATATTAATTTGTTCCATGTTAAACCCTCCTATTTGCTTTATAAATACTTTTATCTGACCTCGTTAAAAAATTGAACAACAATCATCGTTTTAACATTAAACCTATTAACAATAAACAGGGAATTTATGACACCAACAAACATTTATGTCTGAAAAAACAAAAAATCCCGCCCCTATACAAGGGACGAGATCGTCGTGGTACCACCCTAGTTATTTAATACAATTTATGTATTAAATATCTCTGCTTAAGATAACGGTCTTGATCCGGGTATTCATTACAAATACCATAAATGAAGTAGTAATCATCTAATTTATTAACCATATTCTCATCAAACAATGGCTTTCTGTGTAATATTGATTAGATCATCTTGTCTTCAATCATTTAAACGATTTAGATTTGTATTCATTATACACCAATCATTTTAAAATTCAATTGTTTCTAAAATTTTCTCCTGATAAAAAATATGGTGTTGACAAAGATTTGACACGTTCAATAATACGTGCTGCTTTAGTCTTCTCTTCACCATCACGAGTCATCGCTAAATGATGTTCCAATTCACTATAGTCAAAATTAGAACTAAAGAATGTTGGTAATTCATGAACCATTCGATAATGTAGCAAAGGTCCAATTACCTCATCTCTCACCCATGGAGTCACTTCTTCAGCCCCAATATCATCAAGCATTAAAATGTTTGTTTCTCTTACGCGATGTAATTTCTTTTCAAAAGAACCATCTTTAAAGCCACCTTTTAATGTTCTAATAAATTCCGGTAAATAAATAATTGTCGAACGTACCTTCTTAGATTTGAGCTGATTCGCAATTGCACCTAGAATAAAAGATTTACCTGTCCCAAATGGACCATAAAGGTAAAGGCCTTTCACTTGTTCCCCATTAGTTATTGCTGTACAAATATCATCTGCTGCCATAGCTACATCAAGACGGTCTCGTTGATTCATATAAATATCTTTCAATTTGGCATTTAAAGTATCTCGTTGCATATGATGAGATGTAATTAGCTCAGCTTCAAAGCGTTCTTCGTCGTACTTGATTTTACATGGGCATTGTAAATAGCGTATTTTAATTCGGTTATTATCAACATATAACTCAGGCACATGCCCCTTTACGAAATTTGGACAATCAGCAAATTTATGACCGTCATAATGTTTTTGTTGATCTTTATACTCTTGTAACACATTTAAGTCTTCATCAATCATAGCATTCGTTAATTCAGCTCGATGCGCTTCCAAAAATTGCTTAACATCTGGGTCATTGATTACTTCTTTTTTTATCTTTTCTATTCTTTTTTCAAAGTCCTGCGACGTGCTAATTATACTTTTAAATTGCTTCATTATTGACTGTCCTCCTCCCATTTTTTAGATAATTTATCTAGAAATGCTTGTCGATCTTGCTCTAATTGTTGATCATCTACGCTATTATCTTTAGCCGAATCTTCTTCACTAGGTTTATCTCTATTTTCTAACCATTTAGGTGTTTTTTCTTTTGAAATACGATTACGCTGCCCAAAGTATGAACCA
NZ_CP120067.1_gap30	1798478	1800221	1743	TACTATTGACATGTATGAACCCTATGTCCGATTATTTCGCGACCTATTTCCTAATGCAGCTATTATTTTTGACAGATTCCATATCGTTCAACATTTAAATAGAGAACTTAATAAGTATCGTGTACAAGTTATGAATGAATACCGTAATAAAAAAGGACCTGATTATACAATTTTTAAGAATAACTGGAAAGTCCTATTGATGGATACTAGTAAAACCATATTTAGTAAATACAGATGGAATAAATCTTTTAAGGCTTATAAACGCTCATCTGACATTGTAGAATTCATGCTTTCAAAAGACGATATACTACGACACTCCTACGAACTTGTCCAAGGATTACGAAAAGACCTAAGGTTATGTAATTGGCCTAAATTTATTAATCGTTTAAATTCAGTTAGTAAAAAGTCTGTGAGTAAGGGTGTATGGAAAGCGGTTAAATATTATAGAAAACATCAAAGGATGTTAAGAAATACAATTTATTACCCAGCATTTAATAATGGTGCTATAGAAGGAATTAATAATAAGATAAAATTAATCAAGCGAATTTCTTTTGGTTACAGAAATTTCAACAACTTTAAAGCACGTATAATGATGATTTTCAGCTTGTACAAAGGAGAAAAAAAGAAGACAACCAAGCCCAATAATGGACTGGCCGCCTAATAATAAAAACTCTAAAAGTTGTATTTTAAAAATAGTTCTTTAAATTATATACCCACCACATTTGGTGGAGAACCTTTATTTTGAAATTCAATTTTTAAAATTATAATACATAGCTTACTGCTATGATTGATTATTAAACGATTTTAGTAATCTTAGTCATTGAATGTACGTTTCTCTATTTTACTATTAGCTTTTTCAACTTTAGCATTTGGCGTTTTTGATGCATTGGATGATTTAGCATTTGTTGTTTTTGAATTCTTATTACTAGTTTGATTATTCTTTTGAGTTGACTTACTTGAACTACTTTGTTTCTTTGCACCTTGTGATGATTTCTTATTATGTTGCTTTTTCTGACCTGAAGTTTTATTTGTAGATGCTTTTGATGCATTTCGTTTATTTGAAGGTGTTGTTTTTTTAGATTGTTTACCTGATTTCTTGTCAACAGCTGTATTATTAGTTGTTTTTTCATCAGCTTTACGTGTAATAACACCATTTTCAAATTTAGCTTCTTTTTGTTTAACAGTGTCTTTATTATCTATATTAACTGTCTCTGACTCTGATACATCATTCTTTTTAGTAACTAATTGAGGAATTTCTTTCAAGTCATTTTTAGCAACTGGTTTTTCTGCAAATAACGCTTCAGTTAATTGACTCTCTTTTGAACCTGGTGTTAATTTAGCTTGCTTCTGTTTTGCAGCGTTTGCTAATCTTTCAGCTTGTGACTCTTCTTTCGATACCTTTAATGCCACTGCTTTTGATTCTTCATTTGATACAGCTACACTTTTATCTGTTTCTGCTTGTGCTTCTTTTTTAGCTTCTTGAATCTCTTGTGCCTCTTGTGATGTATCACTTAAATTATTTGCACTTGCTTCTTCTTTTATTGCTGCTTGTTGTGCTTTTAATGCCGCTGCTTTTGATTCTTCATTTGATACAGCTGCACTTTTATCTGTTTCTGCTTGTGCTTCTTTTTTAGCTTCTTGAATCTCTTGTGCCTCTTGTGATGTATCACTCAAATTATTTGCACTTGCTTCTTCTTTTATTGCTGCTTGTTGTGCTTTTAATGCTGCTTGCTCATTTTTAGA
NZ_CP120067.1_gap31	1864293	1869289	4996	AGATGATTTAAAAGAAAAGCAACAATCAAGTAACCAGCATCAATCCACGCAACCTAAGACCTCACCATCAACTGAAACAAACACGCAACAATCATTTGCTAATTGTAAGCAACTTAGACAAGTATATCCGAATGGTGTCACTGCCGATCATCCAGCATATCGACCACATTTAGATAGAGATAAAGATAAACGTGCATGTGAACCTGATAAATATTAAACAACAAGCGAATTGAATTCAAATTGTATTTAGCTTTATGCACTAATCACATAGTAAATAATGAGGGAGATTTTTTAGGCATGAGCAATCAATTCAAAAGCGAAGAAGAGCGAAGACAATGGGAACAATTCCAAGCTTTCCAAAATCAACAAAACCAACAGAACCAGCAATACGGACAAAAGAAATCTAAAAAAGGATGGTTCTGGGGCTGTGGTGGTTGTCTAGTATTATTTATTTTAATTATCATCGGTATTTCAGCTTGTACAGCTGGTATTACAGGTAACCTTGGCGGAAATAGTTCTAAAGAAACGAACAAAACCCATAAAATCGGTGAAACTGTTAAAAATGGCGACCTTGAAGTCACTGTAAATTCAGTGGAAACTATGAAATCTGTAGGACCATCTCTTGCACCAACAAACGCTAAAGGTATATTTGTCGTTGCTGATGTGACGATTAAAAACAAAGGTAAAGAAGCATTAACAATTGATAGTTCAATGTTTAAACTGAAATCTGGTGATAAAACATTTGAAGCAGATAATACAGGCTCAATGTCTGCTAATCAAAATGACAACGGTAGTATAGAAAATTCATTTTTCTTACAGCGTATAAATCCTGATAGCACTGCTCAAGGTAAAATTGTTTTCGATGTGTCAGAAAACATAGCCAACGCAAAAGATAAAAAATTAGAAGTTATTTCTAGTTTATTTAGCGTCAAGAAGATTACATTTGATTTATCCGATGCTAAAAAAACATCAAAAGCTAAAAAAGACAAGCAAGATACAGAAGTAGCTGTTGCGAGTTCAAATAGCGATAATGTAAGTTATGAAGCTTCGGCTACTACACCTGCTACAACTTCTAGTGCAAATAATGATTCTGAAGAAAATGAACAGTCTAGTAAAGATGAAGATAAGCAGAATGCGTCTAAAAGTGATAAATCTAGTGTAGAAAAAAGTGAATCTAATGAAGAAACTGCTCCTGTAGAGCACATGCCCCAGAGCAAACCTACCACTAGTGAAGCACCACCTAGCCAAAATATTCATAATGAAGATAGCATGTACGACGCTTCAACAGAATAAAATTTCAGGGTAGCTCGGCTACCCTTCTTTTACGGAAAAATTAATTATACATAATCAAATCAAGGAGATAAAAAAATGAAATTCAAAGCTATCGTTGCAATCACATTATCATTGTCACTATTAACTGCCTGTGGTGCTAATCAACATAAAGAAAATAGTAGTAAATCAAATGACACTAATAAAAAGACGCAACAAACTGACAAAACTACACAGTCAAATAGAGAAAAGCAAATGACACCACAAGAAGCCGAAGATATCGTTCGAAACGATTACAAAGCAAGAGGTGCTAACGAAAATCAAACTTTAAATTATAAAACAAATCTTGAACGAAGTAATGAAAATGAATATTATGTTGAGCATCTAGTCCGCGATGCAGTTGGCACACCTTTAAAACGTTGCGCAATTGTTAATCGACACAATGGTAAGATTATTAATATTTTTGATGATATGTCAGAAAAAGATAAAGAAGAATTTGAAGCATTTAAAAAGAGAAGCCCTAAATACAACCCAGGTATGAGTGATCAAGCTGAAATGGATAATGAGTCAGAAGACATTCAACATCATGACAATGATAATAACAAAGCCATTCAAAATGACATACCAGATCAAAAAGTCGATGATAAAAGTGATAAAAATGCTGTTAATAAAGAAGAAAAACACGATAACGGTACAAATAATTCTGAAGAAACTAAAGTTAAATAAGGGTATACTTTGATTAATCGTAATTTTTAGGAGAACCGCTATGATAACATTTGAAAATATACAACAACTTGAAAAATATACCTTAATGACTATGCATGGTCTTTTTAATCAACTTAAACTCGGTATTATTTCAATCGACAATGCAGAGCATACCCTCTTTACACCTTATATGATGGAATCACTCTCTTCCCTAGGTGTGAAACCAGACATTATCGATTTAATTCACAAAGGGACAGAGTTAGAAGACTTTGCAGCATTTAATTTATCAATTGAAGATACAGTTACAGTCTGTTTACAAAGAACTGAAGAACTATTAAATCAATACAAAAATGTGGAATTCAATGACAAAATATTAATCAATTGGCGTATTATACAAGAGTAATAGACATATAAAAGTCGAATGTAACTACGTGAGTACTGATTTTATTCTTTGTAAATTACAAGCATTTCATATTATAAAGTTTGAAAAGAGGTATATTGAAGTGGAGAAAAACGAATATACAGCTAAATATAATGAATATAGTCAATTATTAGACGCTACTTACTCGCAAGCTGTAGCATACCTTTTAAATAAATATGGCGCTGTAACCGATGATTATTATAAGGAAAAATCATACACGCGATTTTTAAATGGAGAAATCAAAAGTATTTCTAAAGGAAAATACACTAAAGCTAGCGAAGGATTATATTGTCATCACATAAGCGAGGACAAATTCCAAAATCTATCTGATCTAAGATTCATTTCCAAATTTAAGTACTCATACGACGATCAAAAGAAAGAAAACTTAGTTTACTGCGATTTAATCGAGCATTTAATTTTACATGCAATTATTACAAAAGAATCTGATGGTCAATTTGGCGCGGCTGGATTATGTCAAATGATCAAACCAACAGTCATTGAATGGTACATTGGCGAATATGATCCAAAACCAGCTTGGATGCAACCCACTAAAGCACGTGCCTATTTGCCTGGAATATTAGTAGAGAAGTTACTCATTAAAATTGACGATATGTTAGAAGGAATAGAAATATATGATTTCCTTGAATCGCGATAAATGATTAATGTAGATTTATTTTTTGCTGTTCAGATTTTGTTATAGATGTTTAAAACGATAATTAAATATATTTTATAAAAAGAGACCACGCATACCAATCTATAAACGGTCAATGTTTATAATTGAGTTTGCATGGTCTTGAATTGTATTAGTTTTCTTTTGGTTTTAAAAAATCGACTAGATTTTCACAATATTTATCAAATATGTATTCCTAAATTATACAGCCTTAATCCAGCAGCTACTTTCGAAACTTCCAACTTAGTTGATATAAGGTTCAATAGTTTGTTTCGTTCTTTTTCAGATAAACCAGAATTTAGATTGATATTATTGACTTCATAAAAATTATAGACTAATGCCTCTATTTGCTTTTCAGGCATAAGTAAGTCGACTGAAAACTGATTTACGTCGCTTTCATAAATCATTTCATGTAAATTCTTTAGACTATTATCGTTGTTATCTTTAATTTTGTATAAATAACGGCCGAGTTCACGAGCTATTGCAAATCTTGTATTATTAATCGAGTGATTATTATTAATATAGATTGTTCTTCCACTTAAATAACCCGAAGTATTACCCTCCATTTTAATATATTTAACATTTAAATTAAGTTGAAATAATAGCTTGTCTATGTCATTAGCAAAGTGTTCAGAAGTAATAAAAAGTTGATCCATTTTGTCCTTAACTAATGACTGAATTAATTGAACTATTTTTGGTTCTAAAAAATCTTCATAATGAACTTTCTCAATAACTTTCAATTGATTCCCCTCCCTAACTAAAAAATCGAACCTACATCATTTAATAAATTTAAAACTATAGGTGTAAACATTATTAAAATAAAACCCCTCCACTACTAAATGTAACGGAGGGACATGATTTCAAAATAAAATGTCATTTTTTATAAATTTATTATAATATTTTTCATCATACTGTACAACCGAATCTAATCCAACGATCCCGAAAAGAGGAACAACGGTGGTTCTGCTTCATAATCACTTTTAACTAAGTGTTCATTTTTAATTATTTGATCGACGGTTTTCCAATTTTTTACTTCTTGCTCTTTTAAAAAAATGGCTATGAAAAATTCTATCCTCATAGATTTCTTCATAGCCAATGCTAATTTGTTTCATGTCATTTCTTCAAAATTCCTAAAAATATATAAACTAAAAGCATAAGTAACACAGCAAAAATTGCCGAATATATAATTATTGAAAAAGCATTGCTTTGCATTGGAACTAAATAATTTAAAGTACAAAATAATAATAATGCTAAAATACCAACTTTAAGTGAATATTTTAATCTATCCATAAAATCACCCTTACTGATATCCTCATTTTTCTCCTATCAGAACGTATTCCCCGGCTGCATTCTTTTTAGTTTTTAATTTTAAATATATTCCCTTACTAGTATCAATATTCGATGCAGCTATAGATCCAAGGAAACTACCAACACCTGCGCCAACTAAACCTCCTATTAGTGCAGAAATAACACTAATAGCCCCGCACCTAAAGCAGCTATTGTTTTTGTATATGCAGAAGAAAGATATAATGTTGCAGTATCTTTACCTGTTTCTACATATTGAGTTTTACCCGCTCTTAATTGGTCTTCAGCTTTATATTTTTTTATTTCTTCTTTTGTAAATATATCTTCCAGTTTATAACCTTTTTTCTCAAGTTCATCAAATAAATTTTGGTTACTCAAATATATTACCTTTGCTTGAGAATGGTCTAACTTATCTTCAGCATGAGCTACATCTGAATTATAAGATAATGAAATTGGACTAACAAATAATACACCAGCAGCTAATAATAAAGATAATTTTTTTGAATACTTATCCATCGTAAAAACCCCTCTTGTAAAGTTATTCCCTATCAACATCCCTAAACACAATATATCATAATAATAATTTATCACCAATAATTAAATACATTTCAATCAATATATTTTTC
NZ_CP120067.1_gap32	1990151	1992289	2138	CAAGATGTTATCTTAGTTGATCATAACGAATTCCAACAAAGTTCTGATACGATTGCCTCTGCTACAATTAAGCATGTAATTGATCATCACAGAATTGCAAATTTCGAAACTGCTGGTCCTTTATGTTATCGTGCTGAACCAGTTGGTTGTACAGCTACAATTTTATACAAAATGTTTAGAGAACGTGGCTTTGAAATTAAACCTGAAATTGCCGGTTTAATGTTATCAGCAATTATCTCAGATAGCTTACTTTTCAAATCACCAACATGTACACAACAAGATGTTAAAGCAGCTGAAGAATTAAAAGATATTGCTAAAGTTGATATTCAAAAGTACGGCTTAGATATGTTAAAAGCAGGTGCTTCAACAACTGATAAATCAGTTGAATTCTTATTAAACATGGATGCTAAATCATTTACTATGGGTGACTATGTGACTCGTATTGCACAAGTTAATGCTGTTGACCTTGACGAAGTGTTAAATCGTAAAGAAGATTTAGAAAAAGAAATGTTAGCTGTAAGTGCACAAGAAAAATATGACTTATTTGTACTTGTTGTTACTGACATCATTAATAGTGATTCTAAAATTTTAGTTGTAGGTGCTGAAAAAGATAAAGTCGGCGAAGCATTCAATGTTCAATTAGAAGATGACATGGCCTTCTTATCTGGTGTTGTTTCTCGAAAAAAACAAATCGTACCTCAAATCACTGAAGCATTAACAAAATAATACTATATTACTGTCTAATCATAGACATGTTGTATTTAACTAACAGTTCATTAAAGTAGAATTTATTTCACTTTCAATGAACTGTTTTTTATTTACGTTTGACTAATTTACAACCCCTTTTCAATAGTAGTTTTTATTCCCTTAGCTACCCTAACCCACAGATTAGTGATTTCTATACAATTCCCCTTTTGTCTTTACATTTTCTTAAAATATTTGCGATGTTGAGTATAAATTTTTGTTTTCTTCCTACCTTTTTCGTTATGATTAAAGTTATAAATATTATTATGTACACGATTCATCGCTCTATTTTCAACTTTCAACATATATAATTCGAAAGACCATTTAAAATTAACGGCCACAACATTCAAATCAATTAATCGCTTTTTCCAAAATAATCATATAAGGAGGTTCTTTTCATTATGAATATCATTGAGCAAAAATTTTATGACAGTAAAGCTTTTTTCAATACACAACAAACTAAAGATATTAGTTTTAGAAAAGAGCAGTTAAAGAAGTTAAGCAAAGCTATTAAATCATACGAGAGCGATATTTTAGAAGCACTATATACAGATTTAGGAAAAAATAAAGTCGAAGCTTATGCTACTGAAATTGGCATAACTTTGAAAAGTATCAAAATTGCCCGTAAGGAACTTAAAAACTGGACTAAAACAAAAAATGTAGACACACCTTTATATTTATTTCCAACAAAAAGCTATATCAAAAAAGAACCTTATGGAACAGTTTTGATCATTGCACCATTTAACTATCCTTTTCAACTAGTGTTCGAACCTTTAATCGGTGCTATTGCAGCAGGTAATACAGCAATTATTAAACCATCTGAGTTGACACCAAATGTTGCACGAGTGATTAAACGATTAATCAATGAAACATTTGATGCAAATTACATTGAAGTTATTGAGGGAGGAATTGAAGAAACGCAAACGTTAATTCACTTACCTTTTGACTATGTCTTCTTTACAGGAAGTGAAAATGTAGGCAAAATCGTTTATCAAGCTGCCAGCGAAAATTTAGTTCCTGTGACATTAGAAATGGGCGGTAAATCTCCAGTCATCGTTGATGAAACAGCGAATATTAAAGTTGCTAGTGAGCGCATTTGTTTTGGGAAATTCACTAATGCCGGCCAAACATGTGTTGCACCAGATTACATTTTAGTACACGAATCTGTAAAAGATGATTTAATCACAGCCCTATCAAAAACGTTGCGTGAATTTTATGGTCAAAATATACAACAAAGTCCAGATTATGGCCGCATTGTAAACCTTAAACATTATCATCGTCTGACTTCATTACTTAACAGTGAACAAATGAATATTGTATTTGGTGGTCATAGTGATGAGGATGAACGTTATATAGAACCAACATTGTTAGATCACGTTACAAGTGATTCAGCA
NZ_CP120067.1_gap33	2010462	2011871	1409	AGCTTCAATAGTTGCTATATGCTCTCCCGTTTTTAAATCTGTAAGAATCATTATTGCTTGAGTGGTTGGCAAATCATTTATATTATTTTCTGGTGTAATTGAAGCAATTTTTGTAATACCAATTTTGCTATTCAAGTCCACACATGGCATATAAATCATACTACCACCATTTTCTTTTGTAGAAATAACAATTCTGGATTCTTGTTTAATTTCATCCATATTTTTTAATAATGCTTCAATATCAGATATAGCATCAGACATTTTATACTCTAACATTATATCGTTATCACTAATTAATTTCATATTATACCTCCTTTTCAAGAGTGTATTATTAAATAATCATATAAATCAAAAAGTATGCTCAAATTGAAATAATGTAACATATTTCGTTGATAATCAAAAATCTGATTTCCATATTTTATATATAATGCACAAAAAAGCCATCCAGTGACATGCTTAGATGGCTTAAAATTATAATTATTATAAATTTTTTCAATTTATTATTACATGTAAAATAAGCGTAACATACACTTTATTAACAACACAAATCCAGACTATTAAAAAACAATTACTTTACATGGTTGGATAAACAAGGGATGTCATAAATAATTAGTTACTTTTAAACAACCATAAAAAATAGGCAAGTACCGAAGTACCTGCCTCTTCCCACAAATAATATAACACAGTCTCGATAAATTTAAAAGTACTTTATACCTTTTTAACAAGCCAAATTTTTATCCCCTTGAACGACAATCCTTACATCATAAAACAAACTATTAAAACACTTCTTTGACTATCAACCTCTCGTGCCATATCCACTCATTATGATTGTTCCAATAAATACGACACCAACCATCTATAATTTCAAACACATATATCAATGTCCCAGGCGCGTATACAGCCTGTCCAACATCGAATCTATAATTAGTACGATTATCACCGTGTCTAGTGGCTGATGTAGCACCTAAGCCGTCGATTTTCGCATTAAAATAAGCACCTTTTGACCATTTAAGATTATAAGGTGCTTTACTTCCAACTGTTATTTTACTTGCAGATTTACCGACTGCTTTTTGAGCAGGTGGGTTAATTTTATTTGTGATCTTATTCATTAACCCCTCACTTTTATACTTAGGTCTAATAAAGTGAGTACAACCGTAATAATTATCCCAACGTAACTTTGCAGGTGTATTTGCGTTACCGTCATAGTTTTGTTCCAAAATTAAAAATTGATTTGTATTACCACCATTAAACACTAAACCAATATGACCGTATTGTTTATATATTCCTTTTGTAAATACTGCTACATCACCTATTTGTGGAACAAACGATGGTGTGTTTTCATATACTGTTGCCATGTTTTTAAAATCATTATTGATCGCATCTTTTGCATTCCCCCACATTCTAATACC
NZ_CP120067.1_gap34	2096146	2097517	1371	TCTGCATTTAATTAAAACGTATGGTGTTGACTTTGGTACAGGCTATGCTTTGGAATTTACTGGCGAAACAATTAAAAACCTTTCAATGGACGGTCGAATGACTATTTGTAACATGGCTATCGAAGGTGGTGCCAAATACGGCATAATCCAACCTGATGATATAACATTTGAATATGTTAAAGGGAGACCATTTGCCGATAACTTCGCTAAATCAGTTGATAAGTGGCGTGAGCTATATTCTGATGACGACGCGATATTTGATCGTGTAATTGAACTTGATGTTTCAACATTAGAACCACAAGTGACATGGGGAACTAATCCTGAAATGGGTGTTAATTTCAGTGAACCATTCCCTGAAATCAATGATATCAACGATCAACGTGCGTATGATTATATGGGGTTAGAACCAGGTCAAAAAGCTGAAGACATCGACTTAGGGTATGTTTTTCTCGGTTCATGTACAAATGCTAGACTATCAGATTTGATTGAAGCTAGTCATATTGTTAAAGGAAATAAAGTTCATCCAAATATTACAGCTATTGTCGTACCAGGTTCTCGTACAGTAAAAAAAGAAGCAGAAAAATTAGGTCTAGATACTATCTTTAAAAATGCAGGATTTGAATGGCGTGAACCAGGATGTTCAATGTGTTTAGGCATGAATCCTGACCAAGTACCTGAGGGCGTACATTGTGCATCTACAAGTAATCGAAACTTTGAAGGACGACAAGGCAAAGGTGCAAGAACACATTTAGTATCCCCTGCTATGGCAGCAGCAGCAGCTATTCATGGTAAATTTGTGGACGTAAGAAAGGTGGTTGTTTAAATGGCAGCAATCAAACCTATTACAACATATAAAGGTAAAATAGTCCCTCTCTTCAACGACAATATCGATACAGACCAAATCATTCCTAAGGTACACTTAAAGCGTATTTCAAAAAGTGGCTTTGGTCCATTTGCTTTTGATGAATGGCGGTACTTACCTGATGGTTCAGATAATCCTGATTTCAATCCTAACAAACCACAATATAAAGGGGCTTCTATTTTAATTACTGGAGATAATTTTGGATGTGGTTTAAGTCGTGAACATGCTGCTTGGGCTCTTAAGGACTATGGTTTTCATATTATTATTGCAGGAAGTTTCAGTGACATATTTTATATGAATTGCACTAAAAATGCGATGTTGCCTATCGTTTTAGAAAAAAGTGCCCGTGAACATCTTGCACAATATGTTGAAATTGAGGTCGATTTACCAAATCAAACTGTGTCATCACCAGACAAGCGTTTCCATTTTGAAATTGATGAAACTTGGAAGAATAAACTTGTAAATGGCTTAGATGACATTGCAATCACCCTACAATATGAATCATTAAT
NZ_CP120067.1_gap35	2269285	2272880	3595	ACTTTCTCTATGCCAATCATTAACTTGGCAATTGTAGATTTTCCAGAACCGTTATGACCAACAATAGATGTCCACTGACCTTTAGGTATATTAAAAGAAACATCTTTCAATGTGAAGGATGCATCACTTTGATATTGAAATGAAACATTTTTAAATACAATAACTGAATTCTTATCCTCCACTTGTCTCTCTCCTTTACGATTCGTGTATCTATCATATTTTACAATATTTATAAATCGCTGTATATGACATTGACTGGGTTCTCTATATATTACTAGTATTTTCTGACTCATTTCTAGTCTTTAAAGTGTTGTTTAACAACTAATGATAAGGACTTTTATTCCTCTCTAACAATTATGTATAAACGTTAATAAAATAAATGATTTACTAATATAGGGGTGGTCGCGTTTGATTCAACGATAATACTTTCACTTCATTCAGTTCTAGTGAAATTGATCAAACTAGCTTCATCATATTTTTAGATTCGCACTCAAAAAAGTAAATATAAAGAAATCGGACTTAAAAACATTTCTGTTCATAAGTCCGATATCTTATTCAATAAAAAAGCGCGCACCCCATCATAAGTTTGTTGAGTTCACGCTTTAAATCTTTATTTAGTTGATGGGGTACTCTGAGCTAGACAATATTTGTATGTGGCAAACATTATCGTTGCACTCATTTGCTTTATATAAAAGTAGTTAGTGTATTTATATAAATTCTTATACTAATTCGATAATTACTGATTCAGCACCGTCACCGCGACGAGGGCCTTGTTTAAGGATACGAGTGTAACCACCTTGACGTTCTGTGTAACGCTCTGCGATTTCACCAAATAATTTTTGAAGTGCAGTTTGTGTAGTTTCATCTTCGTTTAAGATTTCAACATTACGTAAAGTTTTAGCTGCATTACGACGAGAAGCTAAATCTCCTTTTTTACCTAAAGTGATTAATTTCTCAACAACACTGCGAACTTCTTTTGCACGAGCTTCTGTAGTTTCAATACGTTCACTAATAATAAGTGATGTAGCTAAGTCACGTAACATAGCTTTACGTTGATCAGAAGTACGACCTAATTTTCTGTAACCCATGAGTTAACCTCCTTTATCAATCTTCTTTTCTTAATCCTAATCCTAAATCTTCTAATTTGTATTTAACTTCTTCTAAAGATTTACGACCTAAATTACGCACTTTCATCATGTCAGCTTCAGATTTGTCAGCTAACTCTTGAACAGAATTGATTCCTGCGCGTTTTAAGCAGTTATATGAACGTACAGATAAGTCTAATTCTTCAATAGACATTTCTAATACTTTTTCTTTTTGATCTTCTTCTTTTTCAATCATGATTTCAGCCTTTTGCGCTTCATCAGTAAGACCAACGAAGATATTCAAGTGTTCAGTCATTATTTTTGCTGCTAATGAAACTGATTCTTGTGGTGTGATTGAACCATTAGTCCAAACATCCAATGTTAATTTATCAAAATCACTGCTTTGACCTACACGTGTATTTTCAACAGTATAGTTCACACGTTCAACAGGTGAATACAATGAATCAACAGGGATTACACCAATTGGTAAATCACTAGTATTATTTTGTTCTGCTAATGCGTAACCTCTACCCTTGTTAGCAACTAGACGAATTTTTAAGTGACCACCTTTAGATACTGTTGCAATTTTAAGCTCTGGGTTTAAAATTTCAACATCACTATCATGTGTAATGTCGCTTGCTGTTACTTCGCCTTCATCACGTACATCAATTTCTAAAGTTTTATCTTCTTCAGAGTAAATTTTCAATGCTAATTGTTTAATGTTCATAATAATTGTAGAAACATCTTCAACTACATTGTCTACTGCTGAGAATTCATGTAAAACTCCCTCAATTTCAATATACTTAACGGCTGCACCTGGTAATGAAGATAGTAGGATACGACGTAAGGAGTTTCCTAGTGTAGTACCGTAGCCACGTTCTAGTGGTTCAACAACGAACTTACCGAATTTAGCATCTTCACTAATTTCAATTGTCTCAATTCTAGGTTTTTCGATTTCTATCATTTAAATATCCTCCTTATATACGTCGACTTAATTTAAAATGTTTGCTCAGTGACCTGTAACAATACCATCATAAATTATACACGACGACGTTTTGGTGGACGACAACCGTTATGAGGTACTGGAGTAACGTCTCTGATCGCAGTTACTTCTAAACCTGCAGATTGTAATGCACGAATAGCTGATTCACGACCTGGACCAGGTCCTTTAACTGTTACTTCAACTGTTTTTAAACCATGCTCCATAGCTGATTTAGATGCAGTTTCAGAAGCCATTTGTGCTGCAAATGGTGTTGATTTTTTAGATCCTTTGAATCCTAATGCACCAGCTGATGACCATGATAAAGCATTACCGAACTCATCAGTGATAGTTACAATAGTGTTGTTGAATGTTGAACGGATGTGTGCTACACCATTTTCAATATTCTTTTTCACTCTACGTTTACGAGATACTTGTTTACGTGCCATTTAAAATTTGCCTCCTTTACCTATTATTTTTTCTTGTTAGCTACCGTTTTAACTGGTCCTTTACGAGTACGCGCGTTGTTTTTCGTTTTTTGACCACGAACTGGTAAACCACGACGGTGACGGATACCACGGTATGATGAAATTTCCATTAAACGTTTGATATTTAAGTTAGTTTCACGACGTAAGTCACCTTCGACTTTATAACCGTCTACAACTTCACGGATGCGACCTAATTCGTCATCAGTTAAATCTTTCACACGAGTATCAGCTGATACGTTAGCTTCTTCAAGAATTTTTTGAGCAGTTGACGTACCGATACCGTATATATAAGTTAATGAGATAACTACGCGTTTTTCACGTGGAATATCTACTCCTGCAATACGTGCCATATTAATTTACACCTCTCTTTTATTAACCTTGTCTTTGTTTGTGTTTTGGATTTTCACAAATTACCATTACTTTACCTTTACGTTTAATGACTTTACATTTTTCGCAAATAGGTTTTACTGATGGTCTTACTTTCATTTTTATACCTCCCTATATTATGGAGTGACGATTATTTATAACGATAAGTAATTCTTCCGCGTGTTAAATCGTACGGAGACATCTCAACAGTTACTTTGTCGCCAGGTAGAATACGAATGTAATTCATTCTGATTTTACCACTTACGTGAGCTAAAATCTCATGACCATTTTCTAATTCTACTTTAAACATTGCGTTCGGTAAAGTATCTAATACAGTACCTTCTAATTCAATTACATCTTGTTTAGCCATTGATTAACTTCCCCCTTTTTGCAATAGTAAGGTAATCGTCAATAGACAACTTTATTGTTACGAATCTATCAGTGATTAATTTTATAAGTTAAACAAAAATTACGGGAATTAATTATCGTTAATTGCCACTCTCATCTATCTAATATGATTAAATCATGCCTCACTTAAAATAGACCGCTAAAAGTTGATCTATTACAAATGATCTAAAATATCAATGACATCTTTGGTAACGTCGCTAATATCTTTTGAACCATCAATATTTTTCAATACACCTTTTTGATCATAGAAATCTAAAATAGGCTTAGAT
NZ_CP120067.1_gap36	2283064	2287459	4395	CCATACGTCCTGGCATTTTTTGGCCTTTAAATACTCTAGAAGCATCTGAAGCCATACCTACAGAACCTGGTGCTCTGTGGAAATGAGAACCGTGTGACATAGGTCCACGAGATTGTCCGTGGCGTTTAATTGCACCTTGGAAACCTTTACCTTTTGATACGCCTGTTACGTCAATAACGTCGCCAGCTACAAAAGTATCTACTGAGACTTCTTGACCTACTTCGTAAGCATCCACGTCTACATTGCGGAATTCACGAATGAAGCGCTTAGGTGCTGCGTCAGCTTTTTTAGCGTGACCTTCAGCTGGTTTATTAGCATATTTATTAGATTTTGCATCTTTTTTGTATGCTTTTTTGTCTTCAAATCCAACTTGGATTGCGTTGTATCCATCAACTTCTACAGTTTTCTTTTGTAATACAACATTTTCTTTAGCTTCTACTACTGTTACAGGGATTAATTCACCGTTTTCTCCGAATACTTGTGTCATCCCAATTTTTCTTCCTAAGATTCCTTTGGTCATCGAAAGTCCACCTCCTAAAATTGTCTATTATAATTTGATTTCGATGTCTACACCAGATGGTAAGTTTAAGCCCATTAAAGCGTCAACTGTTTTTGGTGTTGGGTTTACAATATCGATTAAACGTTTGTGTGTACGTTGTTCGAATTGTTCACGTGAATCTTTATACTTATGCACGGCACGGATGATTGTATAAACTGATTTCTCAGTTGGTAACGGAATTGGTCCAGAAACATCTGCACCAGAACGTTTCGCTGTTTCTACAATCTTCTCTGCTGATTGATCAATCACGCGGTGATCATAAGCTTTTAATCTGATTCTGATTTTTTGTTTTGCCATAATTTTCCCTCCTTATTCGTCTACATTTAGTGATAGACTTCTCCACGAAAACTATCTTACACAGCGCCATGGCAAAGCGGCCGGGTGTGTCAGTAACCTTTCGCTTCATCGCTTTTCTTAAAGTCCAACGTTAGTTATATTACACGAAAAACATCGATAAATCAAGGCGTTTCACATAATTTTTCTATCTGTCTAACACATACTTTTATATTTTACTTTATATACTTAGTCAGTTCAACTATTTTCGAGATATTTTTTATTTCCTTCTTTATTGTAAATTCGTACCTTGAATCATTTTATTATTATCATTGAAAATTATTCTATATAATTAGTCATAAGAACGGTGGTGAATGAATATGAAAAATGGACCAAAATTATCTTTAGCACTTATAGGTATCTTTTTAATACTTTGTGAGTTTTTCTATGGCATTCCTTTTTTAGGTGCAACGTTTATTTTAAGTTTTGGATGGCAGCCTTTAATCTTTAATGCATTACTTTATCTAATTCTTACTATTATATTATTAGTGAATAAACAAAATGCGATTAGACCTATAGCGATTATTCCAATATTTGGTATAGTAGGTAGTTTTTTAGCTATCATCCCCTTCTTAGGAATTTTGATTCATTGGATTTTATTTTTCCTAATGATTCTATTTGTCCTAGTTGTATTATCAGCGCCAACCTATATACCTAATAAAAATGCTCGTGTCATTTACACACAATACAAAGATGGACATAGAGAATAATTCTTAAAACCTTTTTAATTAGGTATATAATATAGAAGAAACACGTCCAACAATTTTAAAAGAAGTATATTTATATCGGATATTTAAAGACATTCATAATATTGCTTTATGTTATTTCGCTTCTTATTTTATCCTTACTTCAAAGAAAAAACGACTACCAATCATTGGCAGTCGTTTTTTGTGTCTGGATTTAACCATGAACAAATATGAAGTACAGAATGAATAGTACCATTAATACATACATTATCGGATGTACTTCTTTATGTTTTTTAGAGATAAGCATTGTAATTGGATAGAAAATAAATCCACACGCAATACCAGTTGCAATTGAGTATGATAAAGGCATCATAATGATTGTAATGAATGCTGGCACTGCAACTTCAAAACTTTTCCAGTTTATCTCAGCAAAGTTTGCAGCCATTAATACACCTACCACCACTAAAGCTGGTGTCGTAACTGCACTTGTTACAACAGCGATTAACGGACTAAAGAACAGCGCTAATAGGAAACAACAACCTGTTACGATACTAGCAAATCCTGTTCTAGCACCTACAGCAACACCTGAAGTTGATTCGATATAAGAAGTTGTTGTAGTTGTTCCAAAAACTGATCCTACAATCGTAGCTAAAGAATCTGAGAACAATGCTCTACCAGCTCTTGGTAATTTATTATCTTTCATAATACCTGCTTGAGTAGCAACAGCTACTAATGTACCAGCTGTATCAAAGAAATCAATAAATAAGAACGTTAAAATAACAATTAAGAACTGTATCGTTAATAATTGACTTGGGTCTTTAAACGCTTCAAATGCAGCACCGAACGTTGGTTCAATACTTGGAATCTTACCTACAATACCAGATGGCATTTGAATCAATCCAGTGAACATACCAACGATTGCTGTGATGATCATACCGATAAAGATAGAACCCGGCAATTTAATTGCATATAAAATAACTGTAATAACGATACCGAATATCGCCAAAAGTACTGGTGGATCAGTTAAATGTCCCAATGTTACTAATGTAGATTCATTTTTAACTATAATACCCGAACTTTGTAAACCTACAAATGTAATGAATAATCCTATACCTGCTGAAACAGCCATCTTCATTTGATAAGGAATTGCATTAATAATAACTTCCCTAAACCCTGTGACGGTTAATATCGCAAAGAATATACCTGAGAATAAAACGCCTGTTAAACCAACTTGCCAAGGAATACCCATGGTTAACACAACAGTAAATGCAAAGAATGCATTTAATCCCATACCTGGTGCTAACGCAATTGGATATTTAGCTATTAGCCCCATGAATAGCGAGCCTACAAATGCTGCTAATGCAGTCGCTACAAAAATGGCACCTTGGTCCATTTTCATATCTTCTGATACGCCTTTAACACCTGCTAAACTTAAAACTTGCGGGTTAACTGCTAAAATATAGGCCATAGATAAGAAAGTTGTGATACCGCCTAAGATTTCTCTTTTAAAGTTTGTTCCATATTTATCGAACTGGAAATAGTTTTTCACGAATGGATGCTCCTTTTTTTAAAATACCTTAATAGTTTAATATCATTCTTAATAAAAAACAATACCAAAAGCGAACTTTTCGTTTTTCTGATTCAACTTTGTTCGATTTTATCTATAAATTCAAGTTCTTTAATGCATCTTTAAACGGATTATTGTCTAAACCTTCATTTTTATTCATATACTTTTTCATTTCTTTACGAGATACTTTACCAGAGGATTTAGACTTCATACGCTGATCCATATGTGCTTGCGTTTCAGAATGTCCACAAACACAACGATATACCGCTTCTTTCCCTTTACCAAACAACGTTAATTTCTTTTTACAGTTTGGACATCTTGCATTTGTTTTGCGCTGTACATTCTTTTTCGTCTTACAAGATGGATCTTGGCACACAAGCATCTGACCATTTTTAGTTTTAACTTTAATCATGAATTTACCACACGTTGGGCATTCTGTGGTTGTTAAATTATCGTGTTTATATTTACGATCACTATTTTTAATCCCATTTACAACATCTTTCGTAAAATCTTTCATTTCATTAATGAATGTTTTCGCCTGATATTTACCACGTTCAATTAAAAGTAATTTTTCTTCCCATTGTGCAGTTAAAAGTGGCGACGTTAATTCTTCTGGTGCTAATTCTAATATTTGTTTACCTTTTGACGTTACTTTAATTTTACCGTCTCTTGATTCAATGGCATTCATATTAAATAATTTATCGATAATGTCGGCCCTTGTTGCAACTGTGCCGATACCACCTGTTTGTTTTAAAGTTTGCGCATATTTTTTATCCTTCAATTGAATAAAGTTCTGAGGGTTCTCCATCGCTTTTAATAACGAACCTTCATTAAAATATTCTGGAGGTGTTGTTTCATGTTCTCTAATGTTTGTTTTTGAAATCTTCACTTCATCGCCTTCTGAAAAAGGCTGTTGCATCTCTGTAATAGATTCACCTTGTCTAATAGATTTAAAACCTAAAACAGTTGTTACATTCTCTTTCAAAACAAATGTGTGCCCTGCAACCTCTAAAGTTACAGTTATCGCGTCATACTCGTGCGGAGGCATTAAAGCTTCTAAAAAACGCTCGACAATCATATCGTATAACTTTAATTCTCTATTACTTAAGTCTGACATGACAGGTCTCACTTCTGTAGGAATAATTGCATGGTGATCAGATACTTTTTGATTATTAAATATCGACATTTTTGATGAAAATGTTTTAGACATTAATGGGCGTGCTTGGTCTTTATATGTTGTTGCCATCGTC
NZ_CP120067.1_gap37	2304753	2308231	3478	ACCTACAATTTGTAAAATCATAAAAGAAGTTCCTCTTCAGCAGCGTCAGATTCAGTCAATATAATATCTACTGTATGCCCCGCTTTAAAACCACGTGACCCTCCTGGTAACATGACCATACAGTTAGCATGTGCAATCGCTACAACCGCACCTGATTTATTGAATCCTGAAGGTACTACAGTAGCTCCAGCACTTGTTAACGTTGCTTTAGCACGTATAAATCGTGTGAATGGGTTTGCCTTGGTAAAATCTTCCATTAATGTTGCTTTAATTATTTGCGGGAAGACTTCTAGTGCGCCACACATATGTTTAACAGCTGGTTTCACAAATAGTTCAAATCCTGTAAAACAAGCTGATGGATTTCCAGATAATCCAAACAAATACTTTCCATCTGCAAATGCAACCGTTGTTACGCTACCAGGACGCATTGCTACTTTATTAAATAACACTTCCGCCTTTACAGCCTTATAAATCTCAGGTAAATAGTCAAAATCTCCAACAGAAACTCCTCCCGTTGTAATAACGATATCATGTTTTTCCATAGCTTCTTTAACGACTTGTATGCCACTATCTAAATCATCTTGTTGTGTTTTGTAAATACCAACTTCAAGACCTAATTTTTCTGCTAAGGCACGAATCATTGGGCCATTAGAGTTACGAATTTTTCCATCTTCTAATACATCATTAACATCTAATAATTCGCTTCCTGTTGCAATAACAGCGACACTCGGTTGCTTAATAACTTTAACCTCTGCATAGCCATATGTTGCAAGGACCGCTATAGCCCCTGGATTAATTACTTGTCCTTTTTTTAGAACAACATCGCCTGTCGTTGTTTCTTCACCTTTTAAAGATATATTTTCATTTTTTGAAAATGGTTTACGAATTGTAAATGTATCTTCTAGTTCAATCGTTTGTTCAAACATAACAACAGCATCTGCGCCATTAGGTATTTGTGCTCCAGTCATAATACGCACCGCTTCGTGATCCCTAACTAATTTATCAGAAACTGAACCTGCACCAATATGATCAATCACTTTAAACTCAATGCGATTCTGACCACTTGCCCCTTGTGAATCAACACTGCGAATTGCAAAACCATCATAAGGTGATTTATCAAACCTTGGTATATCATAAGTAGCTACAATATCTTCTGCTAAGATATGATTTAGACTTTTTTCAAGTGCTACCGTAATTGCCGGCATTGAACTCTGCTGATTAACGATACGTTGAATTGCTTCTTTAACTGGGATTGGGTTTCTTTTTTCTACTACCATTAAAAATCATCTCCAAAACTTTTATTTTTTCATGATATACTAGATGCACTAGGAGGGGTAAAATGACTGAGTTTACTCATATTAATCAACAAGGCCACGCCAAAATGGTCGATGTATCAGACAAACAAATTACAAAAAGAACTGCTGTCGCTCATTCAAGCATTACTGTAAATGAAACTATTTTTAAGCAGATTTCTAATAACACCAATACCAAAGGCAATGTATTGAACACTGCTCAAATCGCTGGTATTATGGCTGCCAAAAATACATCAACAATTATTCCGATGTGCCATCCATTACCATTGACTGGCATAGATGTTCACTTCAGCTGGGATGAAACAAATGCACCCCTTTATACTTTAAACATTCAAACAACTGTCTCTACAACTGGCAAAACCGGTGTTGAAATGGAAGCTTTAACCGCTGCATCAGCAACGGCTTTAACCATTTACGACATGACGAAAGCAGTTGATAAAGGTATGATTATTGGCGAAACCTACCTTGAAAGCAAGTCTGGCGGTAAATCTGGAGATTTTCAACGCCAATCAAATCAATAAATTATTTTGTAAGCTCATGAATCAGATGATTTAATTCTGGTTTAATGAGCTTTTCTAATGCTAATTTAACTGCGCCTGTTGATCCTGGAATCGAAAATATCAATTTATTATTAACTGTACCTGCTACAGCACGAGACAATAATGCACGCGTGCCAACATCTTCAACATAACTCAAATATCTAAACAATTCCCCAAAGCCTTCTATCTCTTTAGTTAAAAGTGGTTTTACTGCTTCAATCGTCACATCACGTTGTGCAATACCTGTTCCACCAGTCGTAATGATGACATCAATATCTTCTTCTAACCACTTCTTCACCTGCGTCGTGATGGCTACTTTTTCATCTTTCACAATTGTATAATGTGCGTCACTCACTTCAACGTCATCTGCTTGTAATAGTTGGCGCACGCATTGACCACCTTTATCTGTATCAAAGTCTCTAGTATCTGATACCGTTAGTACGGCTGCTTTAACTGTACGATTCAATTTAACGTTTTGATGTTCGCCCATAATATTACACTCCTTTTGTCTTATCTTTTTTTATCCAAACAATAAATTCATTAGATGTGTGGCATCTGATGTGCGTGTCATGCCATGTATTAAAAACCTTCCACCTTTAAAAGCAACAATGCGGTGTCCTTTAAATTCAAACATAACCATATACGAATTACTGCGATAATTTAGTTGATGTTGTTTTAAAAATTGAACAAGAATGTCGTGTGTAATTGATGCATTTTCATACTGTACAGTGTCTCTACCACACAATGTTGCATAACGTTGTTCATTCTTGTTTAAATAAGGATAACTTGGTACATCTCCACAAGTTGTACAGTCTGAACGTTGCATTTTACTGAAACCAAATGAATAATGACTACCTTCCCAAATATCGCCATAAGTTATTTTTGTGTCAATTGGTTGTTCCGTTAATACTTTCATCGCATCTCTTAATTGTAAACTTGTTGCCATCGTCACGGCAGGTTGAATGACCCCTACTGTATCACATGTTAAATTTAATGCTGGCAATTGTGGTACCAAACAGTTAAAGCAAGGTGTTTTACCAGGTATAAATGCAGCTTCTGTATATGTACTCTGTACAACACCACCATAAATCCAAGGTATACGATATTTATATGCAAAATCATTAATCAGTTGTCGTGTTTCAAAGTTATCGGTTGCATCAATAATAACGTCAACGTCCTGTCCATGTGTTTCCAAAAAATAATAATCCACATGGGCAATATAATCATCAATATCAACATCACTACGTAACGCTAGCAAATGCTTTTTAGCTGCAACCACTTTAGGCATCATTTTCAAAGCATCTTCTTCAGTAAACAATGTTTGTCTTTGTAAATTACTAAATTCAATATAATCTCTATCAACAATGATTAGTTTAGCAATGCCTGCTCTAACAAGTCCTTCGGCCACATGTGTACCTAATGCGCCCATACCAATAATCAACGCACATTTTTGATTTATTTTGCTTTGACCTATTTCACCTATTTGTTTAAATAAAATTTGCCTTGAATAACGTTCTTGACTCACATTAAGTTATCCTTTCTTTTTATCATTACTTTCATTATATGACGCGCGTCAATGTCTCTCAAAAAAACTGCCCCTAAAAAAGAGTTTAAAACATCATTAAA
NZ_CP120067.1_gap38	2437011	2438988	1977	ATTTGAAAGCATGATGCGGTTATAGTTTGGATAAGGTTCTTTACCTATTACCGTAATATCATATAAATCGTTGGCGCGCTCTAATATTTCTTCGATTGTTCGAATGCCCGCCATACCGTTACCAATCATTACTAGTTTTTGCTTTGCCATAAAATATGCCCCTTTACTCCATAATATTTATTTCAAAAAAAGGTATTAATTTTTCGTTAGTGCTTTTATATTTTCATTGGAATCATTAAGCTTTCTAATCTATCGTTAATGATTTGCTTTAAAATTGGGTCGAAGTTAATTGAAGGTGTGAAGTGTATATCTGTATTAATAACCATGTCATTCATTTGCTGCTTCACTTTGTTAACAAGTCTTCCGTCATATAAAAATAATGGTACGACAATCAATTTTTGATACCGTTTCGAGATGCTTTCTAAATCATGTGTAAAACTAATCTCTCCATATAGCGTTCTCGTATATGTCGGCTTGCTAATTTGCAAATTTTGAGCGCATATTTGTAACTCTTCGTGTGCCTTAGTAAACTTTCCATTAATATTGCCGTGTGCAACAACCATAACTCCAACTTGTTGTTCGTCACCTGCTAATGCGTCACAAATACGTTGTTCAATTAATCGTCTCATTAAAGGATGTGTGCCAAGTGGCTCGCTTACTTCTACCTTTATGTCTGGATACCGTCGTTTCATTTCATGAACGATATTCGGTATATCCTTGAGATAATGCATTGCACTAAAGATTAGCAATGGTACAATTTTAAAATGGTCAACCCCACTTTGAATCAACGTCGTCATTACCGTCTCTAAATCCTGATGCTCACTTTCTAAAAACGCAATATCATAGTGATGTATATCATCTTTTACTAATTCAGAAATAAATGCTTCTAACGCTTGATTCTGTCGTCCGTGCCTCATGCCATGTGCAACAATGATATTCCCATTCACATTTACCAACCCTTTCACACGTATTGTATACCAAATCATTTTGTTTTTGTGAAAAGAATCACATTATAATGTAAAATCAGGGAATTCCCTGATGCCTGTAGTCATGCATATTCCTTATACATTTTCCCTTTTTGTTAAATCAAAAAAAGCGACCGATATATGAATCCCTACTCAACATTTATTTGAGCAAGCATTAATATATCGGTCGCTTGTAGTGTATATTATTATCTTAAAATGGTGGTTGGCCTAATATTGTTTCGTCAAAGCGCTCGGGTATCAATACTTTGCGCATGATCACACCTAAATCGCCATCATCATTTTCATGTTCGCTGTATATTTCATAACCTCTTTTTTCATAAATTTTAAGTAACCACGGATGCAATCTTGCAGATGTACCTAAAGTAACTGCCGCTGACTTTAACGTATCTCGCAAAAATGCTTCTTCAACATAAGTAAGTAATTGGCTACCATAGCCTTTCCCTTCATACTCAGGATTTGTCGCAAACCACCAGACAAAAGGATAACCCGAAATACTTTTCACACTTCCCCAAGGATATCTAACCGTAATCGTAGATATAATTTCATCATCAATTGTCATGACAAATGTAGTATTTTTATCTATATTTTCTTTAACAGCATCTAAATTAGCATTAACCGAAGGCCAATCAATACCTAGTTCTCTTAGAGGCGTAAATGCTTCATGCATGAGTTGTTGCAATTTTTCTGCATCTTGTTCACTTGCGAGTCGAATCATCGTTTTTGTCATATTAATCCCCACTCTTTTTTAAATGATTTAACCATATTTTATTTTTAAAATAAATATCCATCAAAGTGTATCAATAAATTTATCACATGTCAGAAAGTATGCTTCATCTGAATACACCAATACTCTCATGAAACTTATTAAAAATTACTCTCTCAACGTAAAAAACCATTCAAATTCATGAATGGTTTGGAAGAATGATTCATTGTTACGCTATTTAATCACTACATCTTAATTATTGTTGCTCTAAACGATTACGCTTACCAT
NZ_CP120067.1_gap39	2441852	2443740	1888	TGTAACTTGCTTCATATCGTTATCAATTTTCTTAAGATCGTCGTTTAATTTTTTGTAGTTTTTCTCATAGTCATCTTTATGTTTTGGATCTTTTTTCACTAATTCATCTTTAATTTCTTTAGCGAAAGTTTGGTTAATTTTAGGATCTAACCATACGTGTGGATCATATCCACCATGATGATGATGTTCTTCTTTCTCATGATCATGTCCCTCATGTTCATGCTCTTCACCATGCTCGTGTTGATCAGTTAAAAGCTTTGCTTTATCTAATTTATCCTCTAAAGACAGTTTTTTATCTTTATCTTTGATAGTAGATGCAACTTTCTTAGCAACCGGATCTAAATTATCCCCTGTATACATAAACAAGTCTGACTTGCTTGCACTTAATATATCTTTTTGTGTTGGTTCATAGCTATGTAAATCTGTCCCTGCTGGATAGATTGATGATACCTTCACGTGTTTTCCACCAATTTGCTCTGCAAATGATTGCAATGGATAAACTGTCGTTTTAATTGTTACCTTGCCATCTTTATCTTTTCCATCATCATTCCCACATGCGGCTAATGATAAAGTTACGGCTGGTACAAGAAGTAACATACCTAATTTCTTTTTCATAGTCACCCTCCTAAATAGTAATCTTTACGTTTTAAAATTATATACTCATGCTACTTAAAATACAAGCACTGTTTTTATAAATAATATAAAGTCGAATCATACTTTAGGTATTTACCACTTTTCGTTTTATCTAATACATGACTATTGTACAAATATGATACAGAAAACTTTATAGTATTTACGAACGTCATAATATAAGAAAAAAAGACAATCTCTATCATATTGCTAATAGAAATTGCCTTTTCATATTGTCCTAAAATAACTTACCCTATTTTTATAGTGTGACTTTTAGATTTAATAATGGTATTTACATGATGCTATTTTTATATGATTGTCATCTACTGTATAAACCAATCTATGTTCGTGATTGATACGTCTACTATAATACCCAGTCAGATTCGATTTTAACTTTTCAGGCTTACCTATACCTTCCAATGCACCATTTCTGTCAATACTTTCAAGTAACTCATTAATCTTCTTCACCATTTTTTTATCGTTCTGCTGAAAATACTTATAATCTTCAAAGGCTTGAGGCGAAAACGTAATATTTAACCTAGCCATTATACATCTATATCTTTCGTTATAGTTTTCCCACGTTCTAGATCTGCAATTGATTGAGCTAAGTGTTCAGCATTATTTGGGTTCTGTTGGAGGTAAAGTGTTTCCATCATGGAGTTATAATCTGATTCTGACATGATTACTACGTTTTTATCATCAGTAGATGTTACAGTTACCATATCACTATCATCATTTACTTTTGTCATAAGTGCCTTTAAATTCTGTCGAGCGTATGAATAATTTTTAATAATCATATTTATCGCCTCCTTTTAACACACCTCAATTGTACAAATATCTGTACAATAAAACAAGCGACACAGAAAAAAACTACTAATCAAGATTTCGCACGGGGAAGAATCAATACCTATCCTGTACTGATTCCCTACTAAACAATGTTTACATGATAATTTCTACCTATTTAGACTTCATACATTAAAAAGACAATCTCTATCATATCGCTAATAGAAATTGCCTTTTCATATTGTCCTAATAAATTGATATCACTTACTTATCTCAACAATTAAGACTATTTTATTTTATCTTTTAATAACTTCTCATAACTTTCATAATCATATGGATCTTCAACTTTCTCGCCATTAATAAATGCAGTTGGTGTCGTTTTTATATGATTATCTTTCGCTATTTTTTTATCTTTCTCTGCAGCTTTCCAAGACTTGCTATCTTTTGTCTTGTAATCTTTTATAATTTTATTTTC
NZ_CP120067.1_gap40	2445024	2448594	3570	CAAATCAATCATTAGTGTCATTTTTCTTTAAATCACTAACTTCATATTTGAAGAAACAAAATTGTTTATATGTACTTGTAGACCCATATTTAATCGAAAACTTACGTAATGCAGATGGTGAAATTGTTAAGTCTTATGACAACCGAGCATTTGTTAGAACAATGGACACATTAGGCTATAAGCATCAAGGTTTTTCAGTGGGGTATGATTCGATGAGTCAAATCCGTTGGTTATCTGTATTAGATTTAAAGGATAAAACAGAAGACCAGTTATTAAAAGAAATGGATTATCAAACGAGACGTAATATTAAAAAAACATATGATATTGGTGTCAAAACTAAAACGTTAACGATTGATGAAACGCAAACTTTTTTCGACTTATTCCATATGGCCGAAGAAAAGCATGGTTTCAAATTCCGTGAGTTACCATACTTTGAAGAAATGCAAAAGTTATACGATGACCACGCCATGTTAAAGTTGGCGTATATTGATTTAAACGAGTATTTAAAAACGTTACAATTAAAGCAACAGCAATTAACGGCTGAACTCTCAGGTGTTGAAGAAGCATTGGAAGAAAGTCCTAATTCAAAGAAAAATAAAACGAAACGCACACAGCTAGAACAACAGCTAAATAGCAATAAGCGTAAAATCGACAATACAATAGAACAAATTGAACAAGATGGTGCAGTCTTAAACTTAGCTTCTGCTTTATTTATCTACAATGAGCATGAAGTTTATTACTTATCTAGTGGTTCAAACCCTAAATATAATGCTTATATGGGTGCCTACCATTTGCAGTGGGAAATGATTAAGTTTGCTAAAGCGCATCATATTGATCGCTATAATTTTTATGGTATTACCGGTGACTTTTCAGAGTCATCAGAAGACTGTGGCGTCCAACAATTCAAAAAAGGTTTTAACGCACATGTAGAAGAGTATATCGGTGACTTTATTAAGCCTATCAAACCATTACTATATAAGGTACAAACGTACTTAAATCATAAACGTCGTTAAAATATCGCTCCAAGATTTTGGCAACATAACAAAGAACCACGCATCATGTATATGGCATCATCACCATACTAAAACATGATACGTGGTTTTATTTGATTATTCTTCATTTATAACATTTAAGAAACGTCTTAATTCTTCTGTTTTCGGACGATTGAACATCTCTTCTGGAGCCCCTTGTTCTCCGATTATGCCTTCATGAATAAATACAATGTTATTAGATACTTCTTTAGCAAAACGCATTTCATGTGTCACAATGACCATTGTCATGCCTTCATTAGCCAAATCTTTAATAACCTTTAAAACATCATTCACAAGTTCAGGATCAAGTGCAGATGTTGGTTCATCAAACAACATCACTTTAGGGTTCATTGCTAGTGCTCTTGCAATAGCAACACGTTGTTGTTGACCACCTGATAATGCATGTGGACGTTGATCTTTGACATGTGTTAAACCAACTTTCTCAAGTAACTCAAGTGATTTCCCACGTGCCTCATCCTTTTTCAACTTTTTAACTGTGATAAGACCTTCCATTACATTTTCTAATGCCGTCTTATGCGGAAAAAGATTATAACTTTGAAATACCATACCAGACTGTTTACGAACTTCTATTTGTGATTTTTTATCTTTAGATGTATATGTTTTGCCGTTAACATAAACTGTACCTTCAGTTGGAATTTCTAATGCATTAATCATACGTAACAATGTTGTTTTGCCTGAACCAGATCGACCGATTAAGGTTACAACCTCACCTTGTTCAACAGATAAATCAATACCTTTGATGACTTCAACATCATTAAATGATTTATGGATATTGTTCAATTGAATCATGAGCGATACCCTCTTTCAATATAAGATTCATAGATACCTTGGATAATTGAAATAATAAAGCATACCACCCAGTACATTAGCGCAACTAACACATAAATTGTTAAATATTCATATGTTGTAGACGCAACTTCTTGAGCTTTTCTAAACATTTCAGCCACTAAAATAAATCCTAATAATGATGTATCTTTGATTAAACTTAAAAATGTATTACCTAGTGCAGGAATCGACACTCGAATTGCCTGCGGTAAAATGATACGTTGTATCGTTTGACCATACGTCATACCGATGGAATATGCAGCTTCTGTTTGTCCTTTCGGTATAGAAATAATACCGCCACGAATAATTTCCGAAGCATACGCACCTACATTTAATGATAAACCAATAATAGCAGCCACTACAGGTGCCAATGTCCATTGGTTGTCAGCGTCATTTGTTAATAATCTACCTAATTCTGGAATACCATAAAATATGATAAATAGTTGTACTATCATTGGTGTTCCTCGAATAATAGATACATAGACACGTGAAATACTTCTTAAAATTTTACTCGTTGAAATTCGCATTAATGCTGTAAATAATGCAATAATCAATCCTAAAACAAATGTAACTAATGTAATAGGAATTGAATATTTGACCAAACCTTCTAGCATAGGTCCGAAAGCTTGTTTTGCAGCATCTAGCGCATGTTGTTGTTCGCTATTTAGATTTAGAAACATCTTGACCAAACCATTTCTTACCTATTTTAGCTAATTCACCGTTTTCCTCGATTTTTTTCAAGCCATCATTGAATTTTTGAACTGTTTCATCATCTGCTTTTTTAGAAAATGCAAATGCAGATCTACTTTGTTCAGCATTACCTTTGATTGCTTTGATCTTAGCATTAGGTTTTTGTTTTTTATAATCCAAGTATGACAGACTATCATTAAATGTACCATCAACACGCTTAGACAATAATAAATCCATTGATTGGTTAAAGCCATCAACTTTTGTAATATCAGCACCTTTATCCTTAGCTAATTTACCATAATTAGATGTGAATGTTTGTGCTAACTTCTTACCTTTAACATCATCAAAATCTTTAATATCTTTTTCATTTTCACGAATAACTAAAACAGCACTTGAGAATGTGTAAGGCTTAGAAAATTTATATTTCTTTTCTCTATCAGGATTAATACCTACTTGGTTCGCGATTACATCAAAACGCCCTGCGTCTAAACCTGCAAACATAGAATCCCAAGAAGTTTCATTAAATTTAAGTTTTAAACCTTCTTCTTTAGCCACTGCTTTAATAACATCAATATCGTAACCAGTTAATTTACCATCTTTATCGTGGAAACTAAATGGTGCATAAGTCCCCTCAGTCCCAACATTAATTGTCTTGCTATCTTTACTAGCTTCCTTGTCTTTCGACGAATTGTTTCCGCATGCAGCCAATATGAAAACGAAAGCTATCATCACAAATAAAAGTCTTTTCATAGAATATATCTCCTTATTCTTATTATTCTAATCGGAATAAAAATATTTTAATCTGAAATGCCGGATAAGTCAATATGTTGAACTTTTGCTAAAAAGCTTTATATAGCTAGCAACTTATATTTATTGACGAGAATCAACTTCTTTTTTCTTACCTTGTAACATAAATGAACAAAAGAAACTAACAACTGTAATCAATAATGCAAATAAAAATCCAGCGTGATAACCATGCAACATCGTATCAACTTTAATTTGA
NZ_CP120067.1_gap41	2453948	2456620	2672	AAAGCTATAAAGAAAAATATGATACAGCAAAGTACTACACTGATAAATATTTTAAATATAAAGGTACAATAGATAAAACCGTACTATCAGTTTTTGGTAATGGATACAAATCATACATCCAACCATTAAAAGTTGAAGATCAAAAAAATTATGTATCTAAATCATATGCACAAGTAAGAAACTATGTAACTGAAACTTTAAACACAGGTAAAGTATTATATGCCTTTTATCAAAATCCAAAAGTAGTTAAAGCTGCTATAACTACAGCTGAAACTGCATCATCAATCAAAAATACATTAAGTAATTTATTATCATTCTGGAAATAATCAATCAAAAGTATCTTCTCTAGTTTTACATCATTTTTTAAATAATTTTCGTAATAAACCGTGATTAAAAAGAACCGTAGATTCTCAATCGAATCTACGGTTCTTTTTTCATTATCCATCAATTAAATGTTTCTTCGCTATTTGTCATCCCACTTTTTTATCTGCGACTTGTTAAATAATCCTTACATCGTTAACGAATAGTTCATCATTTAGTTGAATCAGCTCAACTTTATTAACTTCAAATTTTCACAAACTGTTGCGCAATCCATTCCTCTTCCACTACAAGCACCATAATTAAACAACAATCCAATAGAATAAGACTTGCAAAACATAGTTATGTAGCTATATAAACGCCTGCGACCAATAAATCTTTTAAACATAACATAATGCAAAAACATCATTTAACAATGATAAAAATGTCTCTTCAATACATGTTGATAGTAATTAACTTTTAACGAACAGTTAATTCGAAAACGCTTACAAATAGATTATTATATATATGAACTTAAAATTAAATAGAAAGAAAGTGATTTCTATGATTAAAAATAAAATATTAACAGCAACTTTAGCAGTTGGTTTAATAGCCCCTTTAGCCAATCCATTTATAGAAATTTCTAAAGCAGAAAATAAGATAGAAGATATCGGCCAAGGTGCAGAAATCATCAAAAGAACACAAGACATTACTAGCAAACGATTAGCTATAACTCAAAACATTCAATTTGATTTTGTAAAAGATAAAAAATATAACAAAGATGCCCTAGTTGTTAAGATGCAAGGCTTCATCAGCTCTAGAACAACATATTCAGACTTAAAAAAATATCCATATATTAAAAGAATGATATGGCCATTTCAATATAATATCAGTTTGAAAACGAAAGACTCTAATGTTGATTTAATCAATTATCTTCCTAAAAATAAAATTGATTCAGCAGATGTTAGTCAGAAATTAGGCTATAATATCGGCGGAAACTTCCAATCAGCGCCATCAATCGGAGGCAGTGGCTCATTCAACTACTCTAAAACAATTAGTTATAATCAAAAAAACTATGTTACTGAAGTAGAAAGTCAGAACTCTAAAGGTGTTAAATGGGGAGTGAAAGCAAATTCATTCGTTACACCGAATGGTCAAGTATCTGCATATGATCAATACTTATTTGCACAAGACCCAACTGGTCCAGCAGCAAGAGACTATTTCGTCCCAGATAATCAATTACCTCCTTTAATTCAAAGTGGCTTTAATCCATCATTTATTACAACATTGTCACACGAAAGAGGTAAAGGTGATAAAAGCGAGTTTGAAATCACTTACGGCAGAAACATGGATGCTACATATGCTTACGTGACAAGACATCGTTTAGCCGTTGATAGAAAACATGATGCTTTTAAAAACCGAAACGTTACAGTTAAATATGAAGTGAACTGGAAAACACATGAAGTAAAAATTAAAAGCATCACACCTAAGTAAACAGTTCAATCATTTAAAAAAATCCTGGGACACTTCATACTTGTCTCAGGATTTTTCAACATATTGAATCAGCCTCATAACATTAAATTAATTTATCGTACATTAAATTTAATAATAACAACTGATTTTTATAAGAACAAAGTATCGCACCAGAGTAGATACACAAATAATACAAATGAATCCATTTAAGTTGAAAGCTTAAATAAATATTCTCAAGTTAATAAATAATTAACTTTTAGATGGATTCATCAAAAATCGTAAAAAGAACAATTTGTATTTTACAAACATTAATTAAAAATAAAAGCAAGACATTCGTGCAATCGGTTACCTTAAATTGTTTACAACTGTCAACAATACCAAGGTTTTATTAACTATATTTCTCACAAAATTAACTTTTAGCATTCCAAAAAAAAAGGTTAAATTGAACGGAATTATGGCATTTTTAACTTAATTGTAAAAAAAGTTGATAATGGTCAATTGTTAATGAACAGTTAATTATAATAACGCCCAAAATATATTATTATTTAATTAAGTTAAATAAAATTATAGAAAGAAAGTGAAACTTATGCTTAAAAATAAAATATTAGCTACAACTTTATCTGTGAGCTTACTTGCCCCTCTTGCCAATCCGTTATTAGAAAATGCTAAAGCTGCTAACGATACTGAAGACATCGGTAAAGGAAGCGATATAGAAATTATCAAAAGGACAGAAGATAAAACAAGTAATAAATGGGGCGTGACTCAAAATATTCAATTTGATTTTGTGAAGGATAAAAAATATAACAAAGATGCTTTGATATTAAAGATGCAAGGATTCATTAGCTCTAGAACAACATATTACAACTATAAAAAAACTAATCATGTTAAAGCTATGCGATGGC
NZ_CP120067.1_gap42	2461238	2462954	1716	CCACTCATAACAATACAATATGTTCCAATATGATTATCATGTGCCACCTTTGCTCCATCGATAATTTGTTCCTCTGGAATTAAAGCATATCGCTGTTTTTGTTTAATATCTCGTGATTGTCCACAGTACCCACAATTCTCAGGACATATACCACTTTTAGCATTTAAAATCATGTTTAATTTTACTTTTTTACCAAAATAATGTTTTCTTAAAATGTACGCCTCATTTAATAAATCTAAGGTATCAATATTAGTATCCTCATAAATTTTCAATACAGTCTCTTTTGTTAATTGTTCCCCTTGTAATATGCGTTTAGCCAAATTCATATTAACACTTCCTATCTAAAATGTTATGTACTGCCTTTTTAAAAATACGTACCATCGTTTTCACTTCTTTATTTGACATACTTAACACTGGCACAAATGTAATGACATTTTCTAAATTTCTAATCATTAGCCCGTTTTCTTTACATTTACGTACAATACGTTCAACTTTTTCAATTTCTAACGGCGTTTTACTATCTTTATCTGTAACTAATTCAACTCCAAACATTAAGCCTCGTCCTCTTACATCACCAACATTTCGATGACGCTTCAGCGCATGCAACTGTTTCTCAAGTGTTGATGATGTCGTTTCAATATGTGACAATAACTTACGTTTTTCATAAAGTCTTATATTTTCTAATGCAACCGTACAAACGATTTGATTCCCGGTGTATGTATGACCATGGAAAAAGGTATTCACACCATGCGAATCACTTAAAAATGCATTGTATATTTTTTGAGATGTCAATGTAGCTGCAAGTGGTAAGTAGCCACCTGTAATCGCCTTACCTAAACACATAATATCCGGTTGAACATCTTCATGATTGCATGCAAACATCTTTCCAGTTCTCCCAAAACCAACTGCTACCTCATCACAAATTAATAAGACATCGTATTTTTTGCACAATTTCTCGACTTCTTTCAAAAAGCCTTTAGGATGAACAAACAAGCCTGTCGCACCTTGAATCAACGGTTCCAATATAAACCCTGCGATTTCATCATTTCTTTCAATTAGAATTTGCTCTATATTCGTTAAAATAGCTGTCATCATTTCATTTTCAGTATCGTAATTACTGCGATAGAAAGATGGGCTTTCTACTTGAATATTCTCAAATATTAAGTCTTTAAATATTTTATGAAAGGTCTTGATACCACCAACACTTACCGCACCAATCGTATCCCCATGATAACCGTGATTTAGCGTTATAAACTTGTTTTTCTTGGCATATTTTTCTCTATCAATATTTTTCCAATACTGATATGCCATCTTTATTGCGATTTCAACAGACGCACTGCCTGTATCAGAATAAAATACTTTTCTTAGATTACTTGGCGTGATTTCGATTAATTTTTCCGCAAGTTCTATTGACGGAATATTTGATGATCCTAGCAGCGTAGAATGGGCAATTTTATTGAGTTGCTTTTTAATTACCTTATTTAAGTATTTGTTATTATGACCATGCACATTGACCCACAACGATGCATAACCATCTAAATATTTATTGCCATTCGTATCGTAAAGGTAACTACCCTTTCCTTTTTCAATGATGATTGCTTCTTCTTTGCTATATACACCCATTTGTGTAAATGGATGCCAAACATATTCTGAGTCTTTTTGTTTAAGTTGTTGTGTATAATTCATTTTTAACTCCTATTAATTGTTTTAAAAATG
NZ_CP120067.1_gap43	2467302	2470295	2993	ATATGTGATAGCATCGTTGACGCTCCAAAACAACACACTTGTGAAATATAAGCGATTAAAGCAATAAAGATATAAACCATAATCGAATTAATCGTATATGCATTGTTAATCATCATTAAAATAATTTTAAAGACTGCCCAATATGGAACTAATCCAGAAAAGACACTGATGATAGACAACAAAATTGATAACATAATTTTCCATTTACTATCAGAAGCAAATCCGCTGAGTATCTTTATCCAATTTGTCTGATTGTTCATCGTATATGTAACTCCTTTCAATTAATAATCTAAATTAAGCCGCTTATATTATTTATTTCACTGGATGATATACATAATATAAATTTGTTATTTGTTAAAAATTAATACTTATTACAAGTACATCATATATTAGTTGATAACGATTATCAATGTCGCGTGGATTTGTGACACATTTCTTTTAAAAATTCACAAGGTTATGGGGCAGAAATGATAAAGAGCCACTAATGATTTATTATGTAGTGGTTCTGGGAGTGGGACAGAAATGATATTTTCACAAAATTTATTTCGTCGTCCCACCCCAACTTGCATTGTCTCTAGAAATTGGGAATCCAATTTCTCTTAGTTGGGGCCCCGCCAACTTGCATTGTCTGTAGAAACTGTGGATCCAATTTCTCTATGTTGGGTCCCTGAGTATAGCCTTGTAGAGTCTAGTACATTGATTTGTATCCCAATGTCCCTATAATTGATTATTCGCTTTATCTAATGATCCTATGACTCAACTATTAAATCATTTTTCGAAATACTTAATTCTAATATAATTAAATTCATTTATTGTAATATTGCAAAAATACATTGCACACCTTGTTCATCAATGCTATAATTAATTACATAATAAATTGAACATCTAAATACACCAAATCCCCTCACTACTGCCATAGTGAGGGGATTTATTTAGGTGTTGGTTATTTGTCACCTTTTTTATTGTTGCGCGTTCGTAACCAATGTGCAAAAAACGCAACAAGACAGCCGCTTAAAGCTGAAGTCATGATGTCAATTAATAAATTGAACATCCGTCATACACCTCCTCTCTGCGTTAAAGTAACGCCCGAGATGTTAGGCGACCATTATATTATATCATTTATTTATTATATTTCACGCAATATTAAAGTTCGAGTAAAGCGTTTTTTAGTGGTTTACGCTACTTTAATTACTATCTTTTAAAATCCATTTAGATAATACAAATGTGATGGGTATCGTAATCACTAAACCTGCAAATGGCGCAATTTCCGCTGGCAAATTTAGCCAGGATACAAAAACATATAATAAAACTGTTTGTAAGCTTACGTTGACAATCTGCGTAATTGGAAAACTAATGAATTTTCTCCAAGTAGGTTTTACTCTGTAAACAAAATAACAATTCAAATAATAAGAAATCACAAAAGCAACTATAAACCCGGTAATATGACTAATCATATATTCAATGTGAAATAATTTTAACAGCAATAAATAGACAACATAATAATTCAACGTATTAATACCGCCAACAATGATAAATTTTAAAATTTCAGCATGCGTTTGTGTTAGTTTCATATGTGTAACTCCTCAACATCAAAATATATGCATAACTACGTTCTCGAAATTGCGTGCCAATCCGCTTCACTTCAAATATGCTTATTTCAATCTTTATACCCTTTCACAGCAAATTTAGTCTCTTTCCTCTCATCCTTATACGCCATTATAATGTAACTGATTTATCGCGTGACTCATTAGCACTATAGAGATTACTTTAGTTCACTAGTAATTTTATATACAATAAGAGCGACAACAGTAATGAGAGGATGTCTACTATGCAATTACAAAAAATTGTCATCGCTCCTGACTCATTTAAGGAAAGTATGACCGCACAGCAAGTTGGCAATATTATAAAACAGGCATTTACTAATGTTTATGGGAATACCCTTCATTATGATATCATTCCGATGGCTGATGGTGGTGAAGGTACCACAGATGCTTTAATGCATGCAACAGGTGCCACTAAGTATACAGTCATCATTAATGACCCTTTAATGCGACCTATTGAAGCATGTTATGCACGCGCAGACGAACAACAAATTGCAATTATTGAAATGGCGGCAGCGTCAGGTTTGGATTTATTAAAAAAAGAGGAACGTAATCCTTTATACACATCATCATATGGTACCGGTGAACTAATTAAAGATGCATTAAATCATGGTGCTAAGACCATTATTTTAGGGATTGGTGGCAGTGCAACAAATGATGGTGGTACAGGTATGCTAAGTGCACTAGGCGTAAAGTTTACTGATGTAAACGGGGACTTATTACAAATGAATGGTGCTAATCTTGCTCACATTGCACAAATCGATATAACCAATCTAGATTCGCGATTAAAAGAGGTGACCTTTAAAGTGGCCTGTGATGTTTCAAATCCTTTATTGGGTGAAAATGGTGCTACCTATATTTATGGTCCTCAAAAAGGCGCTGATGCAAAGATGATACCAAAGTTGGATTTCGCAATGTCGCATTATCATGATAAGATAAAAATGTGCACAGGAAAGTCCGTTAATCAAATACCAGGTTCTGGTGCAGCTGGCGGTATGGGCGCAGCATTATTAGCGTTTTGTGAGACAACTTTAACAAAAGGTATTGATGTCGTCTTTGACATTACAGATTTTCATCAAAGAATTAAAGATGCAGACCTCGTTATTACTGGAGAAGGACGCATGGATTATCAGACCATCTTTGGTAAAACACCCGTAGGCGTTGCGTTAGCTGCAAAACAATATCATATTCCTGTCATCGCGATTTGTGGCAGTCTAGGCGAAAATTATCAACATGTTTACGATTTCGGTATTGATAGTGCCTATTCTATAATCTCTTCACCTAGCACTTTAGAAGATGTCCTACAAAATAGCGAACAAAATTTATTAAACACTGCAACTGACATTGCTCGTATTCTGAAATTACAATAATGTCAAAGTAAATCATCAGCTT
NZ_CP120067.1_gap44	2487215	2487914	699	CCGTAATAATTCATTTGTTGCAACAGCACTCGCAGCATAAGGTGGGAAAAATTGTTTATCATCTTTAAGTACTTTCAAATCATACGCGGCAATTCGACCATCTGTAGAATAACCTAATGCAACGTCTAACTTCTCTGTGTTTAATGCGTCGTAGACTAGACCTATTTGCATTGGTCTCACTGTACCAAAGTCAAAACCATACTCTTTTTTAACTCCTTCATAGCCATCGCCTTTACGATTCATCCATGAACTATCCATACCTAAACGTAAATCTTTACTATGCTTTGCTAAATCTGAAACTGTCTCTAAATGATATTTTTTAGCAGTTTCCTTCGTTACCATGAATGCATACGTATTCGCAAAACCATACGAATCAAAAAACGTTTGATCAAATTTCTTTTTAAATCCTTGTTGTGTGGCTATCATTGCTTTCTTAGGATCTTTAATTGGTGCTTCCTTCAAAGCTCCCGTTAAATCTGTGCCATTATATCTAACACCTGATATATTAGCATCCCCATTAATTAAGGCATTATGTTGAATCGTACTTGACCCTAAATTATTTACTAATGTTGGCTTTATCTTACCATGTGTATCATGCTCTATTAACAACCGTAACATATGTGAAATAATTTGCGATTCGCTTGTTGATAATGCTGTAATTTTGACATCATTTTTCGTGCTCTTACTACCTAGTCCGGG
NZ_CP120067.1_gap45	2489591	2490877	1286	AGGCATTAACCCAATTTGTTGAATAACATAACCAATATTTCTACGTAATTCGACAGGATTCATACTCCGAACATCTTTACCATCAATTTCAATTTGTCCTTCTGTCGCTTCAATCATACGGTTTATCATTCTTAAAGCAGTTGTTTTACCACTTCCACTGGTCCCAATAAATGCGATAAATTCCCCAGATTGAATATCTAAAGAGATGTCATCTACTGCCTTTTTATTACCAGAATAAATTTTCGTTAAATGCTTAATACTTAACATAATCATTTCTCCTTCCTCATAAAAAATATGACGAATGATACGCATAAAATAAAAAGACCATCATCGCAATTGTTAAACAAATAGAGTCATAAGTTAAACAAGTACACATCATGGTCTTGATTATGTAGAATTTTATATTTTTCATCTGTAATGTGAATACTTAACAGTAAACGGCGCTATGTATGTTGAATTTCTACCGATTACTTTGTTTGCACATTCGTATATTCGACATTTAAAACTAACATACTCTATATGATGTTATTAAACATTATTATTTTATCTTTGGCAACTAAATAGATAACTCATATTTTTTAAAAGCGAATTTATTGTCGCTCAATTGGTTGTTTTATAGCAAAAAAGTGTCAAAAATGTGAAATATTATTGCAAAAGTCGAATTTTTGTAATAATGCACACGCATCCATTGTTACAGGCGGACAAACGCCCATCCGCCACTCACAAAGTCATCCTTATATTTTAATATCTTCATCATTCATTGTAGACACCCTTGCCTTTTGCTAACAGTTCCTACTCCCAAGTCTGTAACGGAATTCCACCGTCAAAGTGTTGCCCGTGACATGCACACCTAAAAAACAACCAACAGCATGAGCCATTGGTTGTTTCGTGTCATCTTGTATGTTGTTGTATAACCGGTATGCTTTTACTCATTAATTACTTATCATGCATCCCTTTACCTTCTAGTATTTGGTTAATATACTTTTCAACACGCTTTTGTCTTGTTTCACTGCGTTTAGCTTGCCCAATATGATATATATATTGATGTTGTCTGCCTGGCGTTAATTTATAAAATGACGACTCTAGCTGTGGCATTTCTTCGAACTTAGCTTCTAACTCTTTAGGAATAACATATTCCTCTGTTTTCTTCATTTCAACTTTTTTACCAGCTTTTTCAGCTTTAATTGCTTCAGCTAGATAATATTTAATTTCTTCGCTACGTGCTTGAATCTCTGTTAAATTTTCAAATCGTAACTGACGAGCTGCTTGCACCTTTTCAGTCTGTT
NZ_CP120067.1_gap46	2643506	2646025	2519	GCGATGTCTTTTTCTACCATTTCTATTAAAACGGTCATAATTTGATGTATGTTATCCGTGGATAACTTAACTGCTCCATTTAACTTCTCATCATGAATGAAGTCTCTTATTTCCTCCAACTGCTGGTCCTCTAATTTTTCAAGCAAATCATATTTATCATAATAATGCGTATAAAATGTACTACGGTTCACATCAGCTAAATCTGCAATTTGTTGCACAGTAATCTCTTCTAATTGGTGTTGATGTAAAAGTTCAATAAATGCATTTCTCATTGCAACTTGTGATTTTCTAATACGTCGATCTATGATCATTTGTATCAAGACCTCCCCAATGATTATTAACAATTATAAACGTTATGTTCATTATCCTACAAATCTCCAACATTGATGATTGGCACACAATGTTTACCTGTTTAATATAGGTGATACAGACAAACAGAAAAAGGTGATAACAATGAACCAACATCTACTAGGAAATCCAAAATTAACTGTAACTCATGTCAATGAAGTGAAAGCCGGTATTAACCACATCGTTGTCGACAGTGTTCAATATGGAAATCAAGAAATGATTATGGAAAAAGATGTCACTGTGGAAATGCGCGATGGCGAAAAATTATATATTAATATTTTCAGACCAAATAAAGATGGCAAATTCCCTGTAGTTATGTCTGCAGATACTTACGGTAAAGATAATAAGCCTAAAATCACCAATATGGGTGCCCTTTGGCCAACATTAGGCGCCATTCCGACATCTAGTTTTACACCTGAAGAATCACCAGACCCAGGATTTTGGGTGCCAAATGATTATGTTGTAGTTAAAGTTGCATTACGCGGTAGTGACAAATCCAAAGGCGTCTTATCTCCATGGTCAAAAAGAGAAGCGGAAGATTATTACGAAGTGATTGAATGGGCAGCAAAACAGCCATGGAGTAATGGAAATATCGGAACAAATAGTGTTTCTTATCTTGCGGTGACTCAATGGTGGGTCGCATCATTAAATCCACCACATTTAAAAGCAATGATTCCTTGGGAAGGCTTAAATGATATGTATAGAGAAGTAGCCTTTCACGGGGGTATTCCTGATACTGGCTTTTATCGTTTCTGGATACAAGGTATTTTTGCGAGATGGACAGATAATCCAAATATCGAAGACATGATTCAAGCACAACAAGAACACCCTTTGTTCGATGATTTTTGGAAACAGCGTCAAGTGCCATTATCACAAATTAAAACACCTCTACTAACATGTGCTAGTTGGTCTACACAAGGTTTGCACAACCGTGGCTCTTTTGAAGGATTTAAACAAGCTGCATCTGAAGAAAAATGGCTATATGTGCATGGACGTAAAGAGTGGGAAAGTTACTACGCTAGAGAAAATCTCGAACGCCAAAAATCATTCTTTGATTTTTACCTTAAAGAAGAAAATAACGATTGGAAAGATACGCCTCATGTCATATATGAAGTTAGAGATCAATTTTATAAAGGCGAATTCAAATCAGCGTCAGCGTTCCCTTTACCTAACACAGAATATACACCATTGTTTTTGAATGCTGAAAATCACACATTGAATCATGCAAAGATTAGTAGCGCGCATGTCGCACAATATGACTCTGAAGATAAACGACAAGATGTAAGTTTTAAATATACGTTTGACAAAGATACTGAGTTAGTTGGAAACATGAACTTAAAACTATGGGTAAGCACTAAAGATTCAGACGATATGGATTTATTTGCAGGTATTAAAAAGTTAGATCGTCGTGGTAATGAAGTTAACTTCCCTGATTTTAATCATATTGAAAATGGTCAAGTAGCTACCGGTTGGTTACGCGTATCACATCGTGAATTAGATCAAGAAAAATCCACAATTGCGCAACCTTGGCATAAACATGAAACAGAATTAAAGTTGTCACAAGATGAGATTGTACCTGTTGAAATCGAATTGTTACCTTCAGGCACGCTATTTAAACAAGGCGAAACATTGGAAGTTGTTGTAAAAGGTAGTGAAATTGTAATTGGTAATAGTACCCCTGGCATGAAAACGCGTTATGAACATGAAGAAACCGTAAATAAAGGCATGCACATGATTTATACTGGTGGTAAATATGATTCACAATTAATCATTCCTATCGTTAATTGATATGCAGCAATTACGGTCGCTTTTGATTAAAAGTGACATAGTGATAGAACTGTATAACAAGAGCAGGCCACACGCTTGGAATCTTAAACCAAGGTGTGGCCCTTTTTATTATTGATGGCTATTTGATTTTATAAATCTTGTCACTAAACTTACTACAAGCAATATTAAACCACTAAATAAAACCATTATTGCTGTATTACTTTCGTTGTTTACTCCTGTTTTTGGCAAATCTTTCAATTGTTGCTTATGTCCTGACTTGCTCTTGCTATCCAAATGAATACTTTGTTGTTTAGCCATTTGTTTATTACTTTTTGTGTGAGTATCATTTGCTTTAACACTTGGATTTACAGCACCATTATTCGATGTTACATTTGCGTTTTTCA
NZ_CP120067.1_gap47	2673507	2678183	4676	ATAATGCAGGAATAGAAAGCAAAAATGTTACCGCACCGGCCCCATCTAATTGGGCTATTGTGCCAATTAAAGCTGTCATTGCACAGACAATGACGACATTGCCTCGTGTCATTAATATTAAGCGTTTGACAAGCGGCTTGAATAAACCACTATCGTTCATGATACCAAAGAAAATAATGGCAAAGATAAACATAATAACAACGTTGATGACTTGATCTAACCCTTTAGCAAAAAATCCAACCAAATCTGTCACACTATATCCTAAAATCATTGCCCCTAAGCAAGGTATGATTGTCATACCTACAACTGGATTTATCTTTTTGGCAATGAGTAAACCTACAATTGAAATAATAATAATGAGCCCCATTACTGTTAACAACATATTATCACTATTCATATTATTTTCTCCCTCCACTTTTAATACAATTTACATAATCCCCCTCTTTAACTTAAATATTATAATTAATATAATTTTTTATATTTAAGTTATCTCATTTTATCAAAAAAATCTTTTTTGCGTAACTATCAATAGTGAAGTTTGATTTTCCTACTTGATAACATGGCATGACTAATCCTTGTATATCCTGTCCTGTATTTCATTTTGATTTATCATTTTTATTATTGCTTTCTATTGCACAAAAAATCTGGCTAAAGGTCGCTATGATAGTAACGACTTCAACCAGATTTCAATTTATCCATCTATTTTATTAAGTTTGTTCTACGTATCTTTTTCTCTATTGTAATATTCATATTTAAAACGCATATCATTATCGCTTAAATCCTTCATTATTAGACTATTCACAAAGCCGCCCATGTCTTAATTTCAATGATTAAGCGTTAAAGTTAAAATAAGAAGACTTACCTTAGACGGTTAGACGGTCCGCTATTATTATCTTACATCCAACCACGCTAAAAATTGAGCTTGTTTGTCATGATTTAAATATTCTTGTGACACAATTTGTGACAGTAACTGTTGCTTTTCGTTATATGTTATATCAAGTACTTTTATTTTCTGTCGGCAAGTATATAAAAAGTCGATATACGAACTGTATGATGGTGGATATAACGCCTCAAGCTCTGCCATAATTGATTTTGTCAACTTAGGACTCGCACCATCAGTTGATACACTGATAGTTAGCTTGTCGCGGTGTAGTGCACTTGGAAATACAACATTGCCATTTGATGCATCTCCAACATTATTAAAAAGGGCATGCTCAGGTAAGGCTTGTTTTACCGCTTCATTGACACGTGGCTCATTGGTTGCTGCAATAACTAAATAAGCATTTACAATATCACTTGGTTCAAATTCTTTTTCTTTCCATATGACGACACCTTTATCTACCATTTTTTGAAGTTTTTCTGTGATTGTCGGACTGATGACCGTCATATGTTCAACGTATTGACTTAATGTTTGTGCCCGACGACTTGCAATGACGCCTCCACCAACTATGACGACATTTTTATTTGTTAAATCTATCATTAATGGCATATTCATGTTGAGCAACATCCTTTATATCTTTTTACATCATTACACCTTAAAATATTTAACACCAATCGCTAATAAACATCACGTTGATAGCGTTGTTGTTGTTTCATTTGTCGCAATAATAACTCTGCTTCTTCTTGAGAAATATGACGTTCTTTTACCAATACATCTTTAATGGCTTGATGGACATCTTTCGCCATACATTTTTCATCGCCACAAATATAGATTGCTGCGCCTTGCTCAATCCATTCATTGAAACGTTCACTTTCTTCCATTATACGATGCTGTACATATTCTTTGTGTTCTTGGTCTCTTGAAAATGCTAAATCTACGCGTGTTAAGTTTCCATTTTCAAGCCATTCTTCTATTTCTTCTTCATATAAAAAGTCAGAACTACGGTGTTGATCACCAAAGAACAACCATGTTTTTCCAGTCATACCAAGTTCTTCACGTTCTTGTAAATATGCTCTAAAAGGAGCAATTCCAGTACCTGGTCCAATCATAATAACCGGTATATCTTGCTTCATCGGAAATTTGAAGTTCGGATTTTTCTTCAAATAAATTGGTACTATATCGCCTGGTTTAATACGCTCAGCAAAATGAACCGAGCATACACCTTTTCTCTCACGTCCATGTGCTTGATAACGAACCGTACCAACGGTAATATGCACTTCATCTGGCGTTGCCATAAAACTACTAGAAATCGAATACTCTCTTGGTGGTAATTTTCTAAGGATTTGATACATATTCTCAGGTTGTAATTCTATAGTTGGAAAATCTGTTATTAAATCTATAAAGTCCCGATTTATAACATATTCACGCGCCCATGACTCATCTTGAATACGTTCAGATAATTCTTCATTGTCAAAATAGATATCTGCATTTTTCAATAATGGCAATGTTAATTTAGTAAATTCAAAATGTGATGTTAGAGCTTCAACAATAGGAACTGTATCACCATGATCATTAATTGGCACCGGAGATTGCGGATCCCAACCTAACATGGATATTAGTTTTTCAACCAATTCAGGGTCGTTTTGCGGTAATGCTACTATACAATCTCCTGGTTCATATGATTCACTAAAATCATCAAGTAAAAATTCTATATGTCGTGTTTCTTTATTTGAATCGGTACCATTTAAATTGATATTCGCTAATACTTCTGCTTGGTATGGATTTGATTTAGAATATTTCTTTTCTTTGGCAGACTTAATTGATTCACTTATCACCGATTCACTTTGAATACCTTCTGATGTGGTATCAATCATATTAATGATGTCTGCCATCCACTTTTCTGCGTCTTCTTCATAATCAATATCACAATCTACACGCTTACATATATGTTCAGCGCCTAGATTTTCTAGTAAAGCATCAACATCTTTACCAGCTTGACAGAAAAATTCATATATTTGATCACCTAAAGCTAGTACTGAATATCTCACATGATTTAAATTAGGTGCGTTATCGTCTTCTAAAAATTCAAAGAAATCCCATGCATTATCAGGCGGTTCTCCTTCACCATGAGTAGACGTAATAATAAATAAATCTTCTAACTGTGCGATGTTTGTCGTATCATATTCATCCATTGACATCAAAACAACTTGATGTCCGATATCACTTAAACGTTCTGAAAAAATTTCAGCTAAACGCATGGCATTACCTGATTCAGAACCATATAGCACTGTAACATGCCGCTGATTAGCTTCGATATGTGGCTCTTTATTTTGTAACATATACGTTGTTGAAGTTGCTTGTTCTTCTGATATTTGTGATTGTTGCCACACTTCTGTCTCTAATTGTTGTTGATTACTATCACTTGTCGTATCGTTACTATTAGCTAGTAAAAACCCACTAAGCCACTGTTGTTGGCTCTCTGTTAATGTTTGCAGCAGATTGTTAATCTGTGAGACTTGTTTTTCTGTAAATGGACTATTAGATGTATTTAATTTCAAATATTTTCACCTCAATAAACTTGAAATAGATGATTGACTCATTTTTTATCGATAGTTTAGTCAATTTTTTAATATGTATGGTATAAATTAAAACAAACTTGAGTTGTGTCTGATAGTTATACTTGCAAATATTTACAACTTTCATGTTGCTTGAATGACATTATCAGTAATTCAGACAAAAATATGATTATGTCGTATCAGTTATTAATGCATACAGTAATGCATCGTTGTTATTTTTTATTTATTTACTATTTATTATGTACCAAATCAGCCTTTCAGTAAAATAGGTCAAATTACTGATTTTCTAAATATAAAATGCCTCCTAATAACATACTATTAGTACATCATTAAGAGGCTCTTGTGTTATTTGCATACTAAGCGCTCAAATTTAAATTTAAGATGAAGATTCTTGCAATAATATTTCTATATTTGTCGATATATCCAATGGATCTTCCATTGGCAAGAATCGATTTACAACATTTCCTTGTCGATCGATTATAAATTTTGTGAAATTCCATTTTATTGGGGACCCAAAGATTCCTGGTTGTTCATTCTTTAAATGCGTAAATAACGGATGTTCATCGTTCCCGTTCACAGATATTTTAGCTAACACTGGAAATGTTACACCAAATTTCTCACGACTAATTTTCAAGATTTCTTCATTAGAACCTGGTTGTCGATTGTCAAAATTATTATTCGGAAAACTCAACACTACAAACCCACGATCCTTATATTTTTGAAACAAAGTCTCTAGTTTTTTCAATTGTTCGCTATATATACATTCTGTTGCAGTATTAACAACCAAAATCACTTTACCTCTAAATGCTTCTAATTTATAAGTTAAGCCTTTATAATCACTTACTTCGATATCATACACATTTCTATTATTCATAAGACACCCCTACACAGCCTTTTTTATATTGAATATGTTCTTTTTAGAATGTTCTGATAAAATAAGTGCGCGTTTACACCGCGAACATACATTATATAGCGTGATACATTTTTCGAGCACACGATAAATAATGTTCGAGTTTATGTTGTTGCTCAACCTATCCGATTTACCGTCTTTTTTCACCTGTCTTACTTTATTAAAATAATCACATTGTATAGCTGTATTAGTCCAGCTACAATATCTTTCGTTATAACCCCTCATTATAATCATCCTTATTTTCTATTTTTAAAAAGACAATTAGACCGCTCTTTAAACTATAGATTAATACTTAAGTTAAACTCATACA
NZ_CP120067.1_gap48	2699666	2703340	3674	TTTAGCTAATTTAATACCATTGAATTTCACATTATCATACTTAATCGCGTTAATAAAATTCTTATCCAGAATAAAATTAGCATTATTACCAATATAACCATTATAAGTATAATATGGGGTTATTGCTGCCTGTGCCTGTTTACTTGTTGGCGCCGAATTTTCAACAACTGTTACTCCAATCAGTGTGCCCAATGCTAATGTTGCTGCTACACAAACTTTACTGGTTTTATTCATAATTATCTCTCTTTTCCATACAAATATTTTATTCCTTACACTTTTATTATAACTTTTTCAGCCATAAAAATACTAATGATTATATTTATAAATACATAACAGTTTTGTTATACTAATTGAAGTACACAAAAAACAATGAAAATATTAATATCGCCTACTTTTCTAATATTTATTTTTTAAAATGATTATGGCAATATTGAAATAAATTATTTAGCTTCACGTATCAACTACTTTTCATTAACATGGAGGCGTTATATTTGAAAAAACTTCTTATTACCATCGTAATTATCGTATTAATCGGAGCACTTGGGTTCGCAATTTATGCTGCAATAAATCATTCTACATCATCAAGTAATAACCAAGAACAAGAAAATAAAGCTACGCATAAAAAGACAGAAACCGAAGAAAATGATCAACAAGATGATAGTGCAGACAAAGCAGATAAAAATCAAAATAATGGCAATAACGTTACTAATGACAATCAACCATCTTCACAGTCAAATGTTCCTAACAACCATTCAACAGCACCATCGAATACGCAACCAGCTCAGCCAAAAGACTCAAATTCAAATAAAAATAATACTCACGATGGTGGTAGTCAATCGTCAACAAACAACCAAAATAATCAACAACAGAACACACCACCTGCTAATAAATCAAATAATACCAATACGTCTTCTAAACAAACACCTCAAGCACAATCACCTAAAAATTAATCATTTACCTGATACGTCCACAAGTATCAGGTACATAAATTCAGAAGAACAGCAATATGATATTTTTCTATTTGAAATATCTTACTGCTGTTCTTTATTTGCATAATTCGCACTCTGTTAAATTCATATAAAAGTTCGCTTTAATGTCATTGACGTATGTATAAGCTCTCATGTTTAATAATATTAATACACCTTTAAAAACGCTTACACGGAAAATTTAGAAAGGAGGTACATGTTAAATGCTTGATAGACACTTAAAACTACTCCAGTTTTTTATTAAAAATCCATCAAAGCACATTAGTTCTAATGAAATTGCTGAACATGTCAATGTTTCAAACCGCACAGTTCGCAATGATATTCATGTTATCAATAGCAATTTTATGGATGATATCATCGTTAGTATTAAATCTAAAGGATATCAATTAAATACATCGCAGTATACCTTAGAAACGATAACTGAACGTTACACGCATATTCAATCATATAAAGAAAAACTATTATTATCTATGGCGTATCAACTGCTAATGCACAATAAATCGCAGACATTGCAACAACTAGAGCAAGATTATCTATTATCTAAAACTGTGCTCAACGACTATTTCGTTCGAATTCAACAATGGTGTCAAAAATTTAATATCGCTTTAACAATCAAGAAAAAACAAGGTATTGTGGTCGATGGAACAGATAATGATATCACTAATGCCATCATCCATTTAAATCAATTATCATCAGGGCATGTACATGTTGAAGACCTAATTTTAAATGAATTACCTGATTCACACCAAAGGATGATTTCGCATATTATACAAGAGACACTTCAACAACATAGTATTGAAACAACTGATATTCAAATACAACAGCTTTTAATTCATCTCATTTTAATCATTAAACGTAAGCAATCTTTAAGTGAGCTAGACACGTTAAACCACGATTCAAAATTGATATCTCAATCTTGCATTAAGCAAATCAACGAAAGATTAGGTTATGACTTGAACGAAAAAGTAATCAATATGTTTTCATTCTTTATTGCTTATCATTTTAATAAACTCGATATTGGCATAGAACGTATATTTATACAAAGTTATATTGATCGCTTAATCGAATTGATGCAGCAACGTATTCATATACCTTTCAATGAAGATTCGATTTTACAACAAAATTTATATAATCATTTTAGTAAAGCATATTTACGTATCACTCAAAACATTTATTTAAACAATCCTTTAGTTATAGAGATTAAAAAACTCTATCCCTTTGTGTTTAACACACTTTTTGAAGCGATTGATAAATTAGCAATTGATACTGATATAGAGATGAGCGAAGATGAAATTGCATTTTTAACAATTCATTTTCAAGCTGCCATCGAGCGTCGTACCAAAACACAATTAAATGTAGTCATTGCTTGTTATTATGGTCTAGGTGTGTCGAATTTTTTAGAAACTAAAATAAATAACTTATCCGAAGAGTTGTCAGTGATAAATACGATTAAACTAGAAAATATAACACACTATCACTTTGACAATGTAGATTTATTAATAACGACCCATGATATTCCAAAACAAACGCTAAACATACTTCCTAAGCACCTAACGACTATCAAGGTTGCACCATTATTTTCTGAAGATGACCGTCACAAAATCAGACTCGTTGTGAAGCAAAAGCAAAATCCAGTTCAAGCACATCATCATATGGACACTGTCAATTTCCTTGTCGTAAATACTGAACAAAAATCACGGCATACTGTGCAAATTTTTGAAGAAGCTCAAAAAATATTACAAGCACATCATGCGATTGTAGAAGGATATATCGAATCAGCTTTAGAGCGTGAGAAATCATCTTCTACATACATAGGTAATTTTATGGCGATTCCTCATGGAGATCCTGAAAAAGTTTTACAATCACATGTGCTTATTTTTCGCACAAAAGATGTTTTTCCTTGGCGACAACACGATGTCAAACTTGTCTTTTTCTTAGCGATTTCGCATAAAGACAAAGCTTTTACAAAACAAATGATGCAATTAATTGCTAACTTGGATGATGATTCAGTGAACCATTTATGTAGTTTAGATGATCATAGTTTAAAGCAACAGTTATTTGAATACTTACAAGAATAATTGCCACTAGTAACGGTAATTATTCTTTTTTTTAGTATCGAGAATACGCTTACAATATAGAAAAGGAGATGATTTTATGAAAATTGTAGCTATTACCTCATGCCCAAATGGCATTGCACATACATATATGGCTCAAGAAAAGCTTGAGCAGGTAGCAAAAGAAATGGGTGTGGATATTAAAGTAGAGACACAGGGCGGTGTTGGTGCTGAAAATGTTTTAACTACGCAAGACATCGAAGAAGCTGACGGTGTCATAATTGCAGCTGATAAACAAGTTGATCTGTCCCGATTTGTTGGTAAACGGTTGATTAATGAAAATGTTCGCGAAGGGATTCATAATCCGAGAGGTCTAATTCAACGTATCATTAATCAAGATGCGCCTATTTATCAATCTGAAACAAATTATCATTCGAAAGATCGCGGTAAGTCTAAAAGTGGTATTCAAATGGTGTATCAACATTTAATGAACGGTGTATCGTTTATGGTTCCTTTTATCGTAGTTGGTGGACTCCTTATCGCCATCGCGCTGACTCTAGGCGGTGAAACGACATCAAAAGGATTAGTCATCCCAGATGATTCATTTTGGAAATCCATTGAAAACATTGGTAGT
NZ_CP120067.1_gap49	2705995	2709895	3900	AATCAATTGCATACGTAAATGGTAAGTATGGCGAAATGTTTTGGAAAAATTGTGGCGTAGTTTGAATTGGGAATGTTCCTCCACCACCTGCAATTTGTAATACAAGCAATACGATTGCAATTGCTTTACCTGGGTTACCAAGTAATGATACGCACGTATATACGATTGAGTTGAAAATAATCGAACAGAAAATCGTTATAAGTACAAATAATACAGGTGACTCAACTCCTGCTTTTAGGATTAACAAATCTCCAACCGATACAATGAGTGCTTGCAACATACCAAGCATTATAAAGAATCCTGCCTTACCTAAGAACACTTGTCTTGTCGTTAAGACTGACTCTAGACTCTTATGTTTATTATCAACCGTTAATAAACTTACCATCAAGAGTGCACCTACCCATACTGACAGTGCAGTATAGAATGGTGTCATACCTGAACCATAATCCTTAACTGAGAAAACATCAACAGTCTTCTTATTAATAGGATTTGCAATAATACCCGCTTGCTTTTTCAAATCATTCTTAAGTGTGTCGATTAATTTGTCGACTGCATCATCTTTGTCTAATTTCTTGAAAATTTTATTCGCTTTTTTCAAATCTTTTTCAACATCAGGCAATTTATTTTGAGAAAAATCAGCTAAATCTGATAAAGCCTTTTTCGCTTGTGGCTGATTTTTATTTAGTAATCCTACCGCTTGATCATAACCATTTAATAACGTTGGTAAATTTTTATTCACACTTGCTGTCGCATTAGTTAATCGCTGTTCCAACTGTGGTAAGTCATTGCGCACAAAGTTAGCAGCTTTAGCTACATCACTTTTCACTTTCGGGAAGTTTGCTTGAGCATTTTTAACAGCACTAATGTATTGTTGTTCAATACTTGGTAATACTGTTTGTAAGCGATCAATACGTGTTTTACCATTTTTTAAAATAGCTTGTCCACTGTTAATGACTTGATCAATTGTATTTAATTTAGACTGAACATTGGATAATGCAGTTTGCCCTTTGTTCAATTCATCCATAATACGTTGTGATATTGATACTAAAGAGCTGTTAAGATCTTTTTTAACATAATCTCTAAATGATGATAATGATGAATCTAGTTTTGAAAGTTGATCTAGTAATTTAGTAGCTTCAGCAGTTCCTGAACTACCATTCTTTAATGCATTGCTTAATTGATTAACTAACCTTAATGATTCATTAATTCGATTATTAGCTGCTTTTACCTTATCAATTTCTTTTGATAAATCAACATTTTCATTCTTCTCAATCTCTTTTAATGTATCGATAAATTGTTGATTATATTGCGTTGTGTATTCTAAACCGAACTTAACATTATCTAAAGACTCTCTAAAATCAGAAGGCTTGTCCGATGCTAAAATGCCATACGAAATATTACGTAATGCCTGACTATCTTTTTGTGCGGCTTTCGCTTGGGTATCTAAATTATTTGATAATGATAATAAAGAGCCCGTTAATGCCGCTTCCATTGATTTAACATCTTTATCTGTAATGTTTTGTGTGTTCTCGTTAGCTGTGCTGACTTGTGTTGTTGTTATATCTGCAAAACTTTGACCATCTTTTTTCCCGCTTGTACTTTGTGGTGTAGTCGATACAGGCGCATTATTACTATTTGGTGCGGTATTTTGCGTAACATTATTATTTGGTGCAGTATCGCCACTTGGTGCACTTGGTGGCGTTGATGCTACACCATTACCAGCTGCAGGTGCACTATTTGATGTTTCGTTGTTCGCCGCGCTATTTTGAGGAATCTGTTGCTGGTTTCTTCGATTTAAATCTTGCGCGCGTCGAATTGCATCTTGATAATCACCGACTCTACTTCTAACTTGTGTGACGAAGCCTTTGGCATCATTTAACTGTCCATTAGCTTGATCAATACCTTGACTCGCAATGTTAAGTCCTTGATTAATTTTAGGGAACTGCGCTGGCACGTCATCAGCTACAAAATTTAACGCTTTTTCAATTTTCGGCATATAATTATTTAAAGCTAATATCAACTTAGCCTTTTCATTAAGTTGCGGAATAGCACCATTGACTTCGTTTAATTTTTTCTGAGCATCTAAAATATCACCTTTATAATTTCCTAGTTTTCTAAAATCATTGGCATATTTATCTAAATCCGCTTGGTGGTTATTCAAATATACAATTTTATTCGCAAAGTCATTAATCTTAGGTAAAGCTTTATCTGCTGAATATACCGCATTTTTTATCTTGTTAATTGTCGGCACATTTTCTTCAATAGTTAAACCTGCTTTGTTAGCTTCTTCTAATAATGCTCGAGTTACTGTTTTATTAAATTGTTCATTCGCTTTTTCAACGACAACTGACGAACCAGTATCTGTTAGCTTAGACGCAACAGCGTTAATCTTCTGATTCACCTTAAATTCTACATCTGCTTTTTGAGGCTGCTTACGTAGTGTCCCTGTAATTTCATGTGTAAACTTAGATGGGATGTAAATACCTGCAAAATATTTACCCATTTTTATCTCATGATCAGCTTTCTCTCTACTTACAAACTGCCAATCAAAACTTTTATTTTTCTTGAGTGTATTAACCATCGTATTACCGACATTAACTTTTTTCCCTCTGATTGTGTCGCCTTTATCTTCATTAACGACTGCGACCTTGATGTGTCCCGTGTTGCCATATGGATCCCACATTGCCCATAAGTTAAACCAAGCGTAGAACGATGGCAAAATAGCTAAGCCTGCTAAGATAATCCACACAGCTGGCGTCTTAGCTACTTTCTTCAGATCCATTTTAAATAATTTAAATGCGTTCTTCATTGTCACACTCCTATGTAGGAATTATTCATATTTTTTATATATTTTTTGTAAATTAATTTATTTTTGCGTTGTGAATTAGTATAATCAATTTACTGGAAGATATTTAGTCGATTGATACCTATCAACTATTTTCAGCATACGATAAATTATAACAAATCATAGTTTATTATCACACTTAATTATTATATTTTTCAAGGGAGAATACGAAATATGCCTAAAAATAAAATTTTAATTTATTTGCTATCAACTACGCTCGTATTACCTACTTTAGTTTCACCTACCGCTTATGCTGATACACCTCAAAAAGATACTACAGCTAAGACAACATCTCATGATTCAAAAAAATCTAATGACGATGAAACTTCTAAGGATACTACAAGTAAAGATATTGATAAAGCAGACAAAAATAATACAAGTAACCAAGACAATAACGACAAAAAATTTAAAACTATAGACGACAGCACTTCAGACTCTAACAATATCATTGATTTTATTTATAAGAATTTACCACAAACCAATATAAACCAATTGCTAACCAAAAATAAATACGATGATAATTACTCATTAACAACTTTAATCCAAAACTTATTCAATTTAAATTCGGATATTTCTGATTACGAACAACCTCGTAATGACGAAAAGTCAACAAATGATTCGAATAAAAACAGTGACAATAGCATCAAAAATGACACTGATACGCAATCATCTAAACAAGATAAAGCAGACAATCAAAAAGCACCTAAATCAAACAATACAAAACCAAGTACATCTAATAAGCAACCAAATTCGCCAAAGCCAACACAACCTAATCAATCAAATAGTCAACCAGCAAGTGACGATAAAGCAAATCAAAAATCTTCATCGAAAGATAATCAATCAATGTCAGATTCGGCTTTAGACTCTATTTTGGATCAATACAGTGAAGATGCAAAGAAAACACAAAAAGATTATGCATCTCAATCTAAAAAAGACAAAAATGAAAAATCTAATACAAAGAATCCACAGTTACCAACACAAGATGAATTGAAACATAAATCTAAACCTGCTCAATCATTCAATAACGATATTAATCAAAAGGATACACGTGCAAC
NZ_CP120067.1_gap50	2716891	2718574	1683	ATTTATGGAAAATGTATAACTGGCATACCCTCTTTATCAAATGTAATCATGCTTTGACAAATATTTTTCACCATTCTTTTTTTGATATTTCGTGTCATAACTTCAAATGAATCTAATGCAACTCTATGGTATTCAAAAATAGCGTTACGTTGCCCATTTTGTCGTTGATTAACGCTTGCTTTTAATTGTTGTAAATAGTCGACTTGTTCTAACCAACATGAATCAATTGCTTTCAAAAAGACTTTTTGAACGAAAATATTATAATAATATGCACTTTGCATGTTTTTACGATTCAAAGCTAATTGCTTTTCAAATTGCTCTAATAAAAATGTCACTACTGCTTGCTTATCTTTAAAATTAACACAAGCCACATCTTTATTAAATTGGAAACTTAAATTTTGATAAATATACTCGACAACACGCGATTTTGTTAGCACCTTTTCCTCATTTACAAACATTTCAAATACATCTTTAGCTAACGCTTTAAAATCTCGATTCTCAGCATCATCTATTTCTAAAACTCGATTGCGTTCCTCGTATACAAGATCTCGCTGTATACTAATGCTTTTTTCAAATTCATTAGCCATTTCACGAGCTTTAACCCCTTGTTCTTCCGAGATACGCTGCGCTTTAACTACAATTTGCTTAACTTTGCGATTAAACAAATTACTTTGCGATAATCGTTGTGCATCTAATGAATATAATTGATTATTTTCCGCTAAATTACTATCGCTCCATCGCTTAACTAAATAATCATCTAGTGAAATATATATACAAGATGATCCCGGATCCCCTTGTCTACCAGAACGACCACGTAATTGCCTGTCTACACGGCTATTTTCCATATGTTCATGAATAATAACAGCTAATCCACCTAATGCTTCGACACCTTCACCAAGTTTAATATCTGTGCCTCGACCTGCCATACTAGTCGCAACAGTCATGGAACCAATTTGCCCTGCTTCAGCTATCATCTGCGCTTCTTTTGCAACATTTTGCGCAATGAGTAAATTATTAGGAATATCCATTTGGAATAATACTTTCGAAAAGTATTCAGCCGCTTCAGCAGTTCTCGTTATGAGTAAAACCGGTCGCCCCGTTTCATGAAGTTCAACTATATCATGAATCATCGCGATGTTTTTCTCATCAACTGAACGAAACACTTTATCTGGTTCATCGATACGTTGAATCGCTTTATCAGTTGGTACTTGTACGACTATTTTTGAATACAAATCAAAGAACTCTGATTCGCCTAATTTTCCTGTAGCTGTCATACCTGAAAATGATTCAAAAAGTTTAAATAAATTCTGGAAGGTAATTGTTGCCATAACACTTTTATCTGTTGAAACCTCCATACCTTCTTTCGCTTCAATAGCTTGGTGAAGTCCAGCTTGCAACTTAGTTCCCGGTAACATACGACCTGTAATACGGTCAATTAAAACAATATCACCATTATATACAAAGTAATCGACATTAGATTCAAACAAATATTGTGCGCGCAGTGCTAAATTAATATTACGCACTAGGACCATCGCTTGTTCGCTATATAAATCTTCAACATTAAAGTATGATTGTGCCGCTTCAATACCTTGATTTAACAGCCATATTTCTTTTTTGGTCTTCTTCATTTTAAAATGCACGTCTTCAATCAATGTATCTACAAACTCTTTCACAATATGAAAT
NZ_CP120067.1_gap51	2731632	2734400	2768	TTTCGTTTTTAAAATAATTATTGTATTAATATATCTATACCATCCACCTTTTATTTATAAATAGTTAATTTACAACTAAACGATAAATATTATATGCAAAATACATCTTTAATATTAAAGTAATACCAATATTTTTTCAATAAACCTAGTGTAATATATGTGTAATTCTAAAAGATTCTTCTTTAAAAATATAAATACCACGACATATTGCTTTAACATTTTCATTTATAAAGCGAAAAAATGCATCGCTACTAAGTTGAATGTTTAGTAAGGATGCATTGAATTCACTAAAATGATTAAATTACTTATATCTTTTCATCTGATTGATTATCGAAATTTCTTCCTTCTAAACCTGCTAACTCTTCTTTAGAAGCTGCAGGTGCTTTCATTTCAAATATCTCATTCACTACTGTGTAATCGTAATATCCTAATCTGGCAATAGGTTTAATCGACTTAATGTCCAATTTACCATTATCAAGAATAACCTTATCGTCAATATGAACTTGGGCAACTCTTCCTATAACAATATCTACGGTAGATACTGGATCTCCAGTTGGAATACGAATCGTTTGAACGTACTCACATTCAAAATGAACTGGCGATTCTTTTACACGATATCCTGGAGCTTCTATACATTTTTCCTTTGTTACACCTGCAAAATTAAATTCATCCTCTTCTGGTGGCAATGCTTTCGATGATAAATTAACTGCTTCTCTTAAATCATACGTTGCCATATTCCACACAAACCAACCTGTCTCTTCAGCATTTTTCACTGTATCTTTACGTTCGTGATCACCAAGAACGGATTGATTTGCTGCGAACATAACCATAGGCGGATCCCAAGTTAAGTTTTGATACTGACTATAAGGCGCTAAATTATCTTTCCCATCTTTCGATACAGTAGAGATCCACCCTATTGGACGTGGTACTGTACTACTTTTAAATGGGTCGTGCGGTAAACCATGACTTCTTACACCTTGTTTTGGCGAATAATTCATACTATCTTCACCCCTTATAAGTAATTACATTTAAGGTTACGCCCTCTTTACATAAGCGTCTAATATAAATAAACAATTTATTTATAAGTAGAAACTATATATGACGTGGTTGCTTATAATTTGCGTTCTTGATTCGAAAAATTCAGATAAGGATTTATACAATTAATATTTATGATATCTTTTGTAAATTTAATTAATTATAGTTACTTCAATCATGATTAGTTTATAATAATAAAGTGAAATTGAAAAAGACAGCTATTATGCGATGAGCGAAAAACTTCAAGTAAAACAAGAATTTAACGGCGTTACAAGGCAATACTTGAATTTCAGAACAGATAGTATCGATGATCTGGATAAGTTCAAAAAAGAATTCAAACCTGTTATGCACTTAAAAGGTGATGCATTCAATCAACAGTTACAATCTTTGATTAACAAATATCCACAAATACAAAAAAATATGAAATCAGAGTTCATTGCTTATTATGATAAAGAAAAAAATAGAGAAACAGTAAAAAACTATGCTTGGAACCTTCAAAAATCTATAAATGACATTATGCAATCATATCCTAGCACAAAATTTGTACAGTTTTATAAAGATGATGTTTCCCCGTCAATGGTAGATGGAAATGGCCGTTTAAAATCGGATACTAATGTAATTTCCATCGAGGGAGGAAAGTATGATGAGAACAAATGATCATATAACCGATTTAGATGCTATTGAGTTAAGTAGCGGTTGGAATTACAATTCGAAATTGGAGACTGGCAAAAATGCACTACTATCAGATAGCCTTTTAAGAGATATTAAAGTATTAAGTTCTAATTCTAAAGGCGACGCTGACATACTAGAAACAGAACTTCGTGCTGTAATAAACTCAATGTCTCAAAACGAAGGTAAATCTGTTGATGCACTTAAAAATAGTACCGCTTCTCTAAAAAACAATCTAACCAAATTAAAAGAGCAACTCGACAAAACTACACATTAATTTCATACATTTTGAGTGAACAGAATTATATTTCCATAGCAAACATTCCTAAACTACACATACGTTACATAATTGATTCATTTTTATAGAAACGGGTAAAAATGATAAAGTAATCATCTTTCACAAAAAATCAAATATTGGGAGGAATTAAATATGATTTTGCGTTACGCAACGAATTTAAAACTTGCGAAAGAGCTATACCAAGCCAGTAAACCTAAATTGCAAGAAGATAAGGGTATGATTGAACTGTTTGAACATACTTTTGGCTTGCAAAAAGAACTTGTAAAATACGTCGGCATTGCAGAAGCAACTACTGCTGCTTTATACTCAGCTAGCTTTATCAATAAAAACATTTCTCGCCTTGCATCACTATCAACGATAGGCATTTTAAGTGTAGCTGCTTACAAACATTTCGAAGCTGGCCAAGGTAAAAAAGGTGCACAACATGCATTAAATTTATTAGGTCTTGCTACTTTAAGTTTACTAGATACATTTTCTTGTAATAAAAAATAGTCTTCATTTTAGAAGCACATACTTTAGCACCTGTGTACTTTTGATTCAATTCATAAACGGTATACCGCTATAGCATGTGTTTTATTATTTTTCTGGTCTCTTTATCGTAAATATTCCCCCTAATTTAGCATAATCATTTCCGGCTAAACGAGAAACAGCCTGTAATGCGTGTGGATTGATTTTAAAATCACCCTCATAAATACTGTCATCAATATGATAAGTTACAATTTCACCTATTATTAAATCAGCCCCATCTAATACATCTCCAAGCAAT
NZ_CP120067.1_gap52	2746640	2748938	2298	GTGATTATCCACTACTTATCTATAACGAGTTCGCAACTTTAGTACCATCACAGCATTCATAGTTAAAATATGTTGGTGTCGTATTTTAAACTTGAAAATGTCACGTTTTCCACAATATTTGTAAGTGTATAAGCCATGATCCTTTTCATTATATCTTAGTCCATACTTGCTTTACCACTGTTCGATATTTTGTCGTTCACCTTTAAAGTTATTGCGCTTATGATGTCTACGCGCTAATTCCGCCTCAATTTCTGAAAAATCGACGCCAAGCGCATGCATCAAGACAAATAAATGATAAAGTTCATCTGCTACTTCACTTACAAATGCTTTTTTGTCACCTTTAATTGCTTCAATTACGACTTCAAAAGCTTCTTCACCGTATTTTTTTGTAATCTTTTCTATACCTTCTGTTAATAAATATTTTGTATATGACTTTTCATTATTGGATTGGGCACTATCTTGAACTGTCTGCGCTAATGTTTGCACTGAAAATGGAACTTCTGTGTTGAAACAACTTTGACTGCCTGTATGACATGTTGGTCCATTTGGTATGACATCAATTAAAATAGTGTCATTGTCGCAATCTACATGAATATCTTTAACACGTTGCGTATGACCAGATGTTTCACCTTTTGTCCATAGCCGTTGTTTCGACCGCGAATAGAAACATACCACACCATCTTCTATCGTTTTATCAAAAGCTTCTTGATTCATATAGCCCAACATCAATACTTGTTTTGTTTGATTATCTTGTAAAATTGCTGGCACTAAACCTTTGCTAAAATCAATTTTATATTTGGTCATCTTACTGCTATACCCCCTTGCCGTATCACTTCTTTAATAGATTGAACCGTCGTTTCTCGGTCATGTAATATACTTGCAGCTAAACCTGCAGAAACATCCGTCTGATCAAATAATTCTACAAAGTGTTGTGCATTGCCACCACCACCAGAAGCAATGATTGGAATATTTACAAGAGACTTAATATTTGCTAGGTGTTCAATATCAAATCCTTGCTTCATACCATCATGTCCCATACTTGTAACGAGGAGCTCACCTGCACCTAACTGTTCTACTTGCTGTACCCAGTCATATACTTTAATATTTGTCATCTTTTTACCACCATGCGTACAACAATAATGTGCTTTTCTTTCAGGATCATAATAGCTATCAATTGCTATACAGATGCATTGTCTACCGAATTTATCACTCGCTTGTTTAATGAGCTGTGGATTTTTTAAAGCACTTGAATTTAATGATACTTTATCTGCACCATGATTTAACAATTGGGTAATATCATCGAGACTTTGAATCCCACCCCCTACAGTAAGAGGGATAAACAAGCGTGACGCTGTCTGTTCAATCACTTCTAGCATTAAGCTATGACCCTCTTCCGTCTTAGAGATGTCTAAAAATACTAATTCATCAGCACCCGCTTCATTGTAATACATTGCTAAATCAACAGGATTCCCAATATCCCTTAATCCTTTAAATTGAATCCCTTTAACGACACGACCATCTTTGACATCTAAACATGGAATGATACGTTTTTTAATCATTTTAGCCCCTCCCAAAAAGATGCTTGATGTGCAGCCTTTCCTATAATAGCAGCGTGAACATTTAGCGACGCTAATCGTTGAATATCTTGCTGATGTCTAATACCACCGGAAGCAATGACAGGAATCGTCGTTGCCTTTACTAATTGACCAGTTAATTCAAAGTTAGGTCCGGACATTTTGCCATCTTTAGCAATATCAGTATATATAATGCCGCCAAGAGGTATATCCGATAACTGTCTCACAAAACTAAATAAATTTAACTCTGTGTCCTCTTCCCATCCGTTCACTTTAATATCTTCTCCATAAGCATCAACTGACAGATAAATACGACCTGGAAATGTATGTGCCATCACTTTAAGCCAATCAGTATCTTGAATGCCTTTCGTTCCAACTATGCAATAATTAATCCCTGCGGCAAAGTAGTCCATGATTTGTGACTTCGTACGAATGCCACCACCTACTTCAATATCTTTGGTTGTTAATCTCCTCAATGACTTAATATAATCAAACTCTCGGGCATGCTGTGCCTTAGCACCTATCAAGTCGACGATATGAATACGATTCACACATTCAAATTGACTATAGTAAGCAATACTTTCTTCAGCCGAGCGTGACATTTTTTCTTCACTATCATATTTACCCTCTGTTAACCTCACACTTGTTGACCCAATCAAATCAATCGCTGGCCATAATTCAATCATTTATAAATCCCCCTTGTATTGCCTGACGCAAAATTTGT
NZ_CP120067.1_gap53	2761084	2764004	2920	TATACTTTCTTATATTAAATATTGCCTATTTACGTTATACAAAACTTCATTTTACAAATTGAAGCAAATTATATTTAACTTCTAACTTAAAAATCGCTAAGATTTAAACTTATATTAAGACGCCTTTCATTCAGGTAGGTCTTATTGAAACTGAAAACTTTGATGACCTTTTGCAAAGCCATTAACTGTATAAAGCATAGATCCTCCGCCCATTTCTATATCATTGGAACAAATGATGAGTTGATTTGTTCCAGGTATAAATTGCGGATGAGTAGAACGTAACATATGCCCTTCATCTCGGCCTGGTATCAATATTTGTCCTATTGGATAACCCCTTTTATTAAAAACTAACACTCGACCTTGACCATACATTGCTACGTATAAATTATCGTCACTATCAATACAACATGAGTCTGGTCCTTCATGACCTGTAAAATAGTACGGTATAGTAGCTCCAAATGGTTGTATCGTCACACCATCATCTTCAAGTGCAATGCGATGTAATCGATTGGCTGTAGTTTCTGTTACCCATAGTACTTTTTCATCTGTACTTAAAGCAATACCATTTGCTACGCTAATATTTTGAATGATAGGCGTCACTGTTCTAAAGTCCGGCGAAACATAATAAACGCCTCCTAGTGGATTGGTAGAGTATCCTCTAAAATCTGTAAAATAAAATCCACCTTTAGAATCAAATACCATGTCATCAATACAATATGCTGTTGAAAGATCTTCAATAATATCTTGTAAGTTGTCACCATTTTCTGTAGCTGCAAAAATGCCTCCTGTAGATTTAAAATCTCCTAAATAACAAACGAATAATCGGCCATCTTTATGTATTTTGATTGCTGCAGGATTCGCTTTGTGACTTACAAAAGGTTGTTTGATTTCCTTCGTTTCAGGATTGATTTTGAAAATATTGCCTTCGAATACATCCAATAAAAAGAGTTGTCCCTGCCGATCAAAGTTCAATCCTTCTAGTTGCAATCCTTTTTTGGAAATTTCAAGCCATGGTTCAGCTGTAATTGTTTGTAATTCACTTTCAGATATAATTGGAACAGCACTATTGGACTTCCCGCTATAAAATAATGTAGGTAAATCTTGTTGTGACATCATGATCATTCCTTTCATTTCATTCGTTTTAACTATCATTTTCATTTTAAACAAGATAACTATCAAATAAAATGATAACGGTTTCATTTATCTATTTTATCGGTCTAGTGGCTGATTTCAAGCTAGAAATATTGAATGACAATACAACTCTGTTAAAATGATGGACGTAGACAAATATGCGTATTGACGCTTTATTTTAAAAATTAACATGCTTATAACATGTTTTTAGAAGGAGATTAACCTATGAACTATCAAGTTCTTTTATATTATAAATATACGCCGATTGATGACCCTGCACAGTTTGCTCAGGATCACTTAGCGTTTTGCAAAGCACACCATTTAAAAGGTAGAATTCTTGTTTCTACAGAAGGTATTAACGGCACATTATCTGGTACAAAAGAAGAAACCGAACAATATATGGCACATATGCATGCCGATGAACGATTCAAAGATATGGTGTTTAAAATTGATGAAACTGAAGGACATGCTTTTAAGAAAATGCATGTACGTCCTCGAAAAGAAATCGTTGCTTTAGATTTAGAAGATGACGTCGATCCAAGACACACAACTGGCCAATATTTATCACCTGTAGAATTTAGAAAAGCTCTTGAAGATGATGACACAGTCATTATTGATGCACGTAATGATTATGAATTTGATTTAGGTCATTTCCGAGGTGCAATTCGTCCAAATATCACGCGCTTTAGAGATTTGCCTGACTGGATTAAAGAGAATAAAGCGTTATTTGCAGATAAAAAAGTGGTTACGTACTGTACTGGTGGCATTCGATGTGAAAAATTTTCTGGATGGCTTTTAAAAGAAGGTTTCGAAGATGTAGCTCAACTTCATGGCGGTATTGCTACATATGGTAAAGATCCTGAAACAAAAGGTGAATATTGGGACGGTAAAATGTACGTATTTGATGACCGTATCAGTGTTGATATCAACCAAGTTGAAAAAACAATTATTGGTAAGGATTGGTTTGATGGCAAACCATGTGAACGTTATATTAATTGCGCTAACCCAGAATGTAATAAACAAATATTAGTTTCTGAAGAAAACGAAACTAAATATTTAGGTGCATGCTCTTATGAATGTGCTAAACATGAGCGTAATCGTTATGTTCAAGCAAATAATATTAGTGATAATGAGTGGCAACAACGTTTAACAAACTTTGATGATTTACATCAACATGCTTAGTTTTAATTAAATACCTTTCAAAACACGCTTTGAAAATCCGATTTATAAAGGTTTTTCAAGGCTGTTTTTTATGCGCATACATAACCTGATATGTTTTTAATTATGCGCGTGTTATACTAAATTAAATTTTAATACTGCGGGGTGTCTTAAAATGCACATTTTAGTAACAGGGTTTGCGCCTTTTGACAATCAAAATATTAATCCCTCATGGGAAGCTGTGACTCAACTAGAAGATATTATTGGCACACATACAATCGATAAATTAAAACTACCAACCTCTTTTAAGAAAGTAGATAATATTATAAATAAAACGTTGGCATCTAATCACTATGATGTTGTACTAGCTATAGGACAAGCTGGTGGTAGAAATGCCATTACCCCAGAACGTGTCGCCATTAATATTGATGATGCACGTATTCCAGATAATGATGATTTTCAACCTATTGATCAAGCCATTCACTTAGACGGTGCGCCAGCTTATTTTTCAAATTTACCAGTTAAAGCAATGACTCAAAGTATTATTAATCAAGGACTTCCTGGAGCACTTTCAAATAGCGCAGGTACGTATGTATGTAATCACGTGCTTTATCACTTAGGTTATTTACAA
NZ_CP120067.1_gap54	2783270	2783770	500	TACACGATGCGAGCAATCAAATTTCATAACATCACCATGAGTTTGGTCCGAAGCATGAGTGTTTACAATGTTTGAATACCTTATACAGTTCTTATACATACTTTATAAATTATTTCCCAAGCTGTTTTGATACACTCACTAACAGATATTCTATAGAAGGAAAAGTTATCCACTTATGCACATTTATAGTTTTCAGAATTGTGGATAATTAGAAATTACACACAAAGTTATACTATTTTTAGCAACATATTCACAGGTATTTGACATATAGAGAACTGAAAAAGTATAATTGTGTGGATAAGTCGTCCAACTCATGATTTTATAAGGATTTATTTATTGATATTTACATAAAAATACTGTGCATAACTAATAAGCAGGATAAAGTTATCCACCGATTGTTATTAACTTGTGGATAATTATTAACATGGTGTGTTTAGAAGTTATCCACGGCTGTTATTTTTGTGTATAACTTAAAAATTTAAGAAAGATGGAGTAAATTT
