gap_id	start	end	length	sequence
NZ_CP121196.1_gap1	22982	25004	2022	GGGAAGACGCATTCTTCGTTGTTGAACCTTTGGAATCTCACACAATCTGCGCGGCCGTTCCGGGCCACATTGATGGTGTTCTTGTGCAGGAAGGCCAGAAGGTTCATGCAGGGGAAGCGGTGCTTCACATGACGAGCACAATCGCAACGGGAATGGGCTCCGCAGCGCTGGCAGAAACAAAGAATGCTCGGTATAAGACGTTTGATTCGCAGATTCAAGGGCAAAGCATTGGAACCGCAGCGGCTCAACAAGTGGCCGCGCAGCGGATGACTAGTCTTGCCAAGGAGGCTCAATCGTCGCTCGAACTCACTTCGCCTGTCGACGGCACGGTTGTGAGTGAAGATCCTGCGCTGCTGCTGGATGAGGATGTGGGCTACGGCCAACCGCTGCTTCGCATCGCAGATGGAACGAGAGTGGTTCGCGTCTTCGTGCCGGCACCCGCGCTCAATCGGGTCTCTTCCAATGCCGAGGTGGCGCTTGCGCTACCGGGTCAGTTTTCGCTGCTGCGGTTGAAGATGCCAGCGCCGGCTGGGGAACCGGGTACGCTCCCAGCCGGCCTGGTTGCAACTGAGAAATACCAAGGCATCAAGCTTCCCGTCTTTTACAACTCGCTGATTCAGCTGCCAGCGACGGGAGGAAATCCGATGTACGGTCTTGCGGGGAGGGCTATGATTTTCGGAGTTCGAAGGAGTCTAGCCGACCGCATCGGAAGTGCACTTGCAAACGTAGTGAAGGCCCACGTGTGGTGATTAGGCCAAAACGGCGACCGCTCAAGAGCTGGTCGCCGTCAAATCTCCTGGGAAGTGACAGCTGCGACAGTGTTGGGGAAGCCGTAGCATGTCCTTTCCGAACTACTCAACCTAGTAGAGCGCCTTGCTGGTTCTCATGCTGGTTCTCATGCTGGTTCGCATGGCGGTCACTTTGTTGGAGGCGGTTGCAAGCTTGGCTGCGGCGACGGGGCCACTGGCCTTGGTGGTCGACTTTTTGGTTGAAGACTTGGAAGTGCTGTTGCCGATCAGAGATTTCTTCGTGATTGCCATTGTCATTCTCCCAGGATTGGAATTGAACTGATTTACGTAGACCTAGGTTGCAAGCGGCATGCCAAACTAAACCTGTCGCAGGATATTTCCATAAGTCCAAGTAACAATTAGCCTTATATAAATATTGAAATCTTGTGCTCTAGCCAAGAGAGTGTTGTATCGGGTTTAAAAATTAATCTTTCACCGGTGAATTTTTAACCACATGCGGGTTAGAGGGAGTATTTGCGGCAGAGGTACTTCATTTTCTGGACGTCGACTTTAAGGAGGCGCGCTGCGGCCGTCTTACTTCCCTCTCCGCGACGAAGGGCCGTGGTGAGCAAGGCAATTTCAAGCTGCCGGACTTGACCATCAAAGTCTGTACCGCCGTCTGGAAGAAGAATCGCCTCGCTCGCTGCAAGGCTCTGCTCGATGACGCGGGGAGGCAGGTCGGCCGGGACAATCTCCTCGTGCCGTGTAGTGACGATAAGCCGTTGAATCAGGTTTTCCAATTCGCGGACATTGCCGGGCCAAGTGTGTTCTTCGAGTGCCGCCAGCGCATCGGCGCTTATACGCTTCAGAGGGATTCCGTTTGCCGAGCAATGAATTTGCAGGAAGTATTCGCAGAGCAGGGGCATGTCGCCAAAGCGCTCGCGGAGCGGAGGAAGTTGAATGGGGATAACGTGAATGCGGTAGTAAAGATCTTCGCGGAACTTGCCGGTGCGCGCCATTTCTTCGAGGGGCTCATTGGTGGCGCAGATCAGCCGGAAATCGATTTTCCGCAGCGATCGTCCCCCCAGGCGCTGCACGTGGTGATCTTCGAGAACGCGGAGCAGCTTGGTTTGCAGGGGCAGGGTGAGGGTCGCGATCTCATCCAGAAAGAGAGTGCCGCCGTCGGCCATCTCGATGTGTCCGGGACGGGATTCGGTGGCACCGGTGAAAGCCCCGCGTTCGCTGCCGAAGAGTTCTGATTCGATGAGGTTCTCGGGGAGTGCCGCACAGTTGA
NZ_CP121196.1_gap2	28786	31478	2692	TCGTGGAAGTTGAAAACAGAGTAGCCATGTTTTCTGACCAGGGCATCTTTCTCTGCAATCTTGCGATCTTCCTCTACCATTTCTTTGACCAAGTCATTGAAAGTGACGGTGGCCTGCCAACCCAACTCGCGGCGCGCCTTACTGGCGTCGCCAAGCAATGTTTCTACTTCGGTGGGGCGGTAGTATCGCGGATCGACGGCCACGATTACATTTCCCTGCTTATCGATTCCCTTCTCTTCAACACCTGCACCTTCCCAGTGGATTTCCATGTCGAGGAATTTGGCTGACAGTTCCACAAACTCGCGCACGCTATGTTGTTCGCCGGTTGCGATTACGTAATCCTTGGGCTCACTCTGTTGCAACATACGCCACTGCATCTCTACGTAATCCCGGGCATGTCCCCAGTCGCGTAACGCATCCATATTTCCCAAATAGAGTTGATCTTGCAACCCGGTTTTGATTCTTGCCAATCCACGCGTGATTTTTCGAGTTACAAAGGTCTCACCACGTTGAGGTGATTCGTGATTGAAGAGAATTCCGTTGCAGGCATACATACCGTAGGCCTCCCGATAGTTGACCGTGATCCAGTAGGCATAGAGCTTGGCAACCGCGTAAGGAGAACGGGGATAAAACGGGGTGGTCTCTTTCTGCGGAATCTCCTGAACGAGACCATACAACTCGGAGGTCGAAGCCTGATAAAAGCGGGTAACCTTTTCAAGCCCGGCAATTCTGATGGCCTCAAGCAGACGCAGCGTGCCGAGCGCGTCAGAATTCGCCGTATACTCCGGCTCTTCAAATGAAACCTTGACGTGGCTCTGCGCAGCGAGATTGTAAATCTCATCAGGCTTCACTCTCTGCACGATCTGGATCAGACTGCTGGCATCTGTGAGATCGCCGTAGTGGAGCAGAAAATGACGGCCGTTCTGATGCGGGTCTTCATAAATATGGTCGATTCGAGAGGTATTGAAGGAAGAGGCGCGACGCTTGATTCCATGCACCTCGTATCCCTTCGACAGTAATAACTGCGCCAGATAGGCACCGTCCTGTCCAGTCACACCCGTAATCAGCGCTCTTTTCAAAATCATTGCTCCCTTGCCGTTGGCCGCTTTAATGCTACGTCCTGCTGGCAGGCTTTTGAACTCGTAATTCTTGAATCACCTAAACCGTAGCTGCGACGCATGCTTTGAAATATTCCAGACTCAGCTTGAGTCCGGTTTGCAGATCGATTTTGGGATCCCACTGCAACAGACGCTTAGCTTTGCTGATGTCTGGCTTGCGCTGCGTTGGATCATCCTGTGGTAGCGGCTGATGAATGATCTTGCTTTTTGATCCGGTGACCTTGAGCACGGCTTTGGCGCATTCAAGAATCGTCCACTCAGTGGGATTTCCGATGTTGACGGGCGAATGCTCGTCGCTTTTGGACAGCCTGACTATCCCATCGATCTCATCTGACACATAACAAAAGCTACGCGTCTGACTTCCGTCACCGTAGATAGTTATGTCGTCGCCCTTCAGCGCCTGGGCGAGGAAATTGGAGATCACCCGGCCATCGCTCATTTGGAGGCGCGGGCCATACGTATTGAAGATTCGCACCAGCCGAGTATCAACCTTTTCATACCGGTGATAAGCGGTAACGAGGGCCTCGGAAAATCGCTTGGACTCATCGTAGACCGAGCGCGGCCCGATGGGATTTACGTGCCCCCAATATTCTTCAGTCTGTGGATGCTGCTCTGGATCGCCGTAGCACTCCGACGTTGACGCGTGCAAAAATTTGGCGCCATACTTCTTGGCGATATCCAATAGATTCTTGGTTCCCGCCGAGCCCACCATCAAAGTCTCGATTCCGAGCCGCATGTAGTCTGCCGGGCTGGCGGGGGAGGCAAAGCTAAACACGTAATCCACGCGCTTGGGATCAAAGGGCACGCAGATATCCTGCTCAAGGAATCTGAATTTTGGTTCAGCTTTTAAATGTTTGAGATTTTCGACCGAGCCGGTGCAAAGATTGTCGACACCTAAAACGTCATGACCTTCGGCAAGGATGGCGTCCGTTAAGTGAGAGCCTAAAAACCCGGCGGCGCCGGCAATCAAGACTTGCATAGTACAGATATCCTCTTTCTGAAATCTGTTGTCTCCGGACAATTGCGGCCGAGCGAAATTCCTGTCGGCTGACTGCGCAATGAGCGAGACCTTTCTAGTTCAGAAGCGTTCAGCGAGCCAGAGGTTGCAAGCAACCGCATGCTACGCCTTGGCACCATCTCTGCGACGCGGAAGGAAAAAGGCTGAGACCGGATCAAGCGGCTGCGTAAGACCAGGCCTTCCGACACTGAGATATGTAAAGCCCGCGTTGGTCATGGTGGTGGGATCGTATAGATTTCTACCGTCGATGACGATCGGATAGCGGAGAGTGTAGTGGAGCTTGGCTAGATCAAGCTCGGCAAATTCTTGCCAATCGTTCAGGATCAGAAGGGCGTCGGCGTCTTGTGCCGCGGCATACGGGTCGTCGACATAGCGCATCGTCGGTCCTTCGGGAATAACTTCTTTGCAGCGACCAGCGGCGGCCGGGTCATGCGCGCAGATAACGCATCCCTCACTCAAAAGCTTCTTTACGATATCGAGGGCTGGAGATTCGCGAACATCATCGGTGCCACCTTTGAAAGCGAGTCCAAGCACGCCGATTTTCTTGGCGCGGAAG
NZ_CP121196.1_gap3	82879	87442	4563	CAGAGCAGCTGGGCGGTGGGTTATGCGATCTCGGCGGTGGTGGCGGGATTGATTCTGGCCCATGCGAGTTGGCGATGGGTGTTCTTTGCGGGGATTCTGCCGGCGGGGCTGGTGTTTTGGATTCAGAGCCATGTGCCGGAGCCGCCATTATGGAAGCGTGCTCATGCTGCACGGGCGAAGGACGAGACATGCAGTAGGCTACGCGGATCGGTGAAGGCGCTCGCGGTGCTGACGGCTACGAACACGCTGGGGATGTTCGGGTGGTGGGGATTGTTTACGTGGATTCCGGCTTACCTGGTGCTGCCGGCGGCGCAGGGCGGACGTGGATTTGCGGCGCTAAGCCTGACGGGATTTCTGGTGACGGTGAACCTGCTGGGAATGCTGCCGGGCTATTTGCTGTTTGGGGTGTTGGCAGACAGGTTTGGCCGGAAGCGGACATTCGTCGTGTATCTGGCGGCGGCTGCATTGGCGGTTCCGCTGCTGGCGGGGGCGCGACAGCCGGGATGGATTCTTCTTTTCGCGTGCGTGGCAGCATTTTTCGGAACGGGATTCTTTACGGGATCGGGGATTATCGGGAGCGAGATTTTTCCCACGGAAAGCCGGGCTACGGCGTTGGGGATTTCGTATAACGTGGCGCGTGGATTGAGTGCGCTGGCTCCGGTGACGATTGGTGTGCTGAGCGAGCGGCATGGACTGCCGTGGGCGTTTGGGGCTAGCGCAGCGGCGTTTGCCGGGGCGGCTTGCGTGGCGTTGATGCTGCCGGAGACGCGCGGGGTGGAGTTGGCGTAGGGATCGCGTCTCGTTCGGTTCTTTCTCTCATGTCTCAAGAGAGACCCAGGATGGCGGTGCTGGAGGGTGGACTCTCGCTTTCCCACCCATGCGACAAAGGGGTCGCATGGATGGGGCACCCAAGGTCTTGATCGTCGGAATTCTGACGAAACAGTTCTTGTTCTAAGTGAATAGCCTCGACTGCTAGCGCAATCAGCTTGATTGCCACACTGGCTCGTCTTCGAACGTGTCAGCCGAGACACAGTCGTGTTTATCGAGACACGACCCTGATCGCAATTTCTTCCACTAAATGTCTTGTTTTCAATGCTTGGCGCATTGGCATGCGTCCTGCAATCTCTTTCAGCGTGGCGGAACGAGATCAAGTGGGGGACGCGATGAACGGATTGAGCAAATGGGCGGTGACGGCGAGTGCGGCGGCGGTTCTGGGAGTGCAGGCGATGGGGCAGCAGGTTGCTGCGACGAAGACGGTCGCGGTTCCGGCCAAGCGCGTGATCGTGGTGAGCCTGGCAGACCGCAAGCTGGCGCTGGTGGAAGACGGACAAGTGAAGAAGGTCTACACCGTTGCGGTGGGCAAGCCCACGACACCGAGTCCCACCGGAACGTTCTCGATTGCACGGCGCGTCAAGAATCCCGTTTATCAGCATGAAGGCAAGACAGTGCAGCCGGGACCCGGGAATCCGGTGGGGACGCGGTGGATGGGACTGAGCGTGAAGGGCTACGGAATTCACGGGACCAATGAACCGAAGTCGATCGGCAAAGCTGCTTCGCATGGGTGCATCCGGATGGCGAAGAAAGATCTGGAAGAGATGTACGAGCTGGTGAATGTGGGTGACACGGTGGAGCTAGTCGGCCAGCGCAACGAAGAGACGGCGCAGTTGTTCGGCGGAGAGCAGCAGCCAGTGGTTGCGGGCACACGGGAACCGGTGATGACGGCTAGCGCAACGGCAACCCCGGCGACAGCAACGATCGCGTCAGCTACGGACGGTGTGGCGGTTACAGGCAACTGGTAGTCAGGGTCGACTGAGAGTTTTGTCCGGAACGAATGATGGGGAGGGCGCGATGAGGCTGCTGGCAGATGCGATGAGCGGGATGGGGGCGGCACTGTTGCCGGTAGCGGCGGCGCTGTTGTTTGAGGAGTTGACGTTTGGCGGGCTGGTCCGGCTGTTGCTTGCTCCATGGCCGTTAGCCAGAAAACACGGGGCGCCCAGAGGCGGAATGTCGCCACGGTGCGGACGGAAAGAGCACACCCACGTATGTGGAGGCGGAAAATGATTGCGCTGAAGACGTTGCTGATGATCACGGGAATGTTGCTGATGACGATTGCAGCGGGAATCCCGCTGCATGGATTGTGGATGCAGATTCACTATGTGATGAAGAAGAAGTCCGGCAAGGATGGCTTGCTGTTGGAGTCGGGCGTTGTGGAGCCGGAACCTGGTCCGATTGTTTGGCGCGGACCAGTGGCTCTGGCATTGGTGGCATGTATCCCGCTGCTGATGGCGACGAGCATGGTGGTGGTACCGAGCGGGATGGGCGGCGTGCGCATCAGCCAGGTTGGCGGAACAGAACCGGGAACGTTGTATCCGGGTTTGCACTTTGTGACACCGCTGGTGGAAAGCGTACAGCTGTTTGATTTGCGCGATCACATCTTCACTGCGGGAGTAGCGGATGCAGGCACGCCCGGCATCAAGAATTCGATGACGGTGCAATCACGCGAGGGACTGAACATCGGGATGGCGGTGACCGTTCGGTATCGCCTCGACCCAAACAAGCTGGCCAGCGTGCAGGCGCACTTGGAGCAACCGGCGGATAAACAGCTTGTACCTCCGGTGGTGGCGAGTGCGTGGCGCGAACTGGCGCCGTCGTACACGGTACGCGAGATTTTTTCGAGCAAGCGGGAAGAAGTGAGGAATAAGGCTGCAGAAATTATTACGAAGAAGCTGGGTGCGGACGGGATCGTAGTGGAAGAAGTGATGCTGGCGGACATTCAGTTGCCAGAGCAGTATGCGAAGGGTCTGGAAGGACTGCTGTTGAAAGAGCAGGAAGACGACCAGATGACTGTGGACACCGAGATCCAGCAGAAGCAGGTGAGGATTGCCGAGTTGCAGGCTGAGGCCATGGCAAAACAAAAGGAGAAGCAGGCTGAAGGCGATGCGCACTCGAGGGTGATTGAAGCCAAGGGTGAGGCGGATGCGATGCAATACACGCTGCCGCTGAAGCAGAAACAGATTGAGCAGAGCAAGCTGGAGGCGGAAGCGCGTAAGGAAGCGACTATCCAGAATGCGCAGGCAGACGCGGAAGCAAAAGTGATTGACAGCAAGGCTGAACTGCAACGGCGCAACCTGCTGGCCGATGCGGAGGCGAGTCGCATCAAGTTGATTGCCAGTGCCAATGCAGAACGGATGACGAGCGAGGCAGCGCTGTTGAACAAGTCACCGCTGTTGATTAACAAGATCGTGGCCGAGCGACTTTCGGACAAGATCCAGGTGATGATGGTGCCGTCGGACGGAAAGTTCTTCTTTGCGAACGATGTGTTCAAGAGCATGGCAAATGCGCCGGTGGTGAAGCAGGAGATGGATTCAGAGTCGGAGGTTGGACCGAAAAGTGGGCATTGACGCAAAGGGGTGGCAGAAGAGGCGCAGCGGGAGCTGCGCTTCTTCATTACCAGCAGGACACTTGGCAGTGCGGATTCACGGACGCACTTAGCCGCAAACGATATAATCCGCGCAAAGAACAAGCAGAGAAATGATGAGGGCAATGAGGCGGATCCGGGCAATCATGTTGGGGCTTTCAGGGTTGTCAGCGGTCGCAATATGCGCGTCGCAGGCATCGGTGAAGCCGAGCCGCTGGGCGCAACCCGCAGCGGACCTAGCGGGACAGGTCAGCGACATTCTCGGGCCTGGCCAGGTGCAGTTGACCATTCGAAATTTATCCACGATTGAGACGGGCGAGATTCCCGCGATTCGGAAATCGCTGGAACAGGATTTGAACTCCCATGGAGTGCTGACTTCCGGTGCGGAGAGCGCGAATTTGATTCGCGTGACGCTGAGTGAGAATGCACGCGAGAGATTGTGGGTTGCTGAGGTAGTGGAAGGCCACGTGACGCACGTGGCGATGGTGCATGTGGAGCTTTCTGCCGAGCGGGTCGCAGCTGCGGATTCAAGGCTGGTGTTGCGCAAAGAGAAGGTCGCAGGGCTCTTCAATCGAATTGGCGGAACAGCGCAAGACAACCCTATTCTGGCTTTTGCTCAGATCAACGGACACCTCGTGGTGATATTCGCGGATCGCATTTCGATTTTTTCTTCCGGAGTGAGTGGCTGGGCCGAAGTGAATGCATTTCCGCTGAATAGGAAGCTGCCACGAGATCCTCGGGCAATCCTGATGGCGAACGCGGATGGCGGGAGCTTCACGGCCTATATTCCGGGAGGGCAATGCACGGGCAACTATTCCCTTCCCCTGGCCGGCGCTACCGCAGACAGTGGCTGGAGCGTACGCTGTCATGCGAGCGACGATCCCTGGCCCATTTATCAGAGCGCCGATGCGAGTAGTGCGACCGCATTGAAGGCGTTTTACAATCCCGCGCGCGATTACTTCACTGGAGTTGTGACGCCAGCGATCGGTGTGGATTTGCCGGCATTCTATTCGGCAGGAATGATTCCGCGTGCGGCGGGCGGAGCAGCTTTGCTGGTTGCGGGAATTGATGGCAAAGTCTCAATCGTGGAGAACGGGGCGCTGCGCGCGGTTGCGGGAACTCGTGACTGGGGTAGCGATTTCGCT
NZ_CP121196.1_gap4	96271	97779	1508	GCTCGTCCAACTGCACCTAGCATGGCCATCACCAGGGATAAGCCGCGACGAGTTTCGGGGTGGCGAAGGCGTTTGAACAGCTGCCATAGAGTTGGCGGTTCTTTTTCGATATCGTGCTTCTCGAGTGCAGTGTAGGCCTCCTTTGAGAATTTGGAAAACGGTTCAGGATCCAACGTGCCGAGGAGCTTTCCGAACGCAAGAAGATTACGCATTGCGTTAGTGCCTTCAGGCTGTGCGGCATAGTTAGCGATGGTACCGGCGATCGTGTCTCGCGCGCCGATGGCACCTTGAAGGGCGTCGAGAATGCCCTGGCGGTGGGCTTCATCAAGAAGATCGTATGCCGCGAGAATTGCTTCGGCGTGTTGCCCAGGTGCGGCGCTGACTTGATGCTGCAGTTCGAATTTCGGGTCGGTAGACTTTGGTACGAATGCGATTGGTTTTGCCATGATGGGAGACCTCGGATGATTACACCTTGGTGGTGATTTGAACGAGTTGCTTTCCGTCGTTGGAACCCGGAAGACTATAGTCCGCGCGCTTCCATTTGCGTTGCACTTCGACTCCGGACTGCGGGGTAGGATGACCGTGGCGAAAGTTCGATGGAGGAAGCGGGTTGGGACGCGTCTCCTGCAACACTGTCATCTCAACCGAGATTTCTTTGTAGGCAGGTGTGTGGGTGGCACGATCGACCTTCGATCCTGTCAGGCGATTCACTGGTTGAGTTGTGGAGTTGAGCGGCATGTAGAGCTGAGAGCCGGAAACCCGGTCGGTGACGACAACGGGGACGTCGGCCTCCCCGTATTCGCTGGTCAATCGGACCATACTGCCATCTTGCAAGCCCTTTTCACGAGCGAGTTCGGGCGAGACTTCCACAAAGTTACTGGGCGTCATCTGTCGAATTCCCTTGCTCCGGTACGTCATCGCTCCCTGCTCGAAGTGTTCGAGAAGCCGGCCGTTATTCAGGTGATGTGAAAACTTGTCGTTGACCAGTTCAGAGGGCTCGATCCATTCGACCGGATGGAACTTAGCTTTCCCATCGGGGAAATTGAATTTCTCAGTGAAGAGAACAGGAGAATCTTTGCCGTCTTTCGCAACCGGCCATTGCAACGAGCTATAGCCTTCGAGACGTTCATAGGAGACGCCCGCGAAGATCGGCGTTAGCGACGCCGCTTCTTCCATGATCTGCGATGGATGATCGTATCGCCACCCAGCGCCAAGACGATTTGCAATCAGTTGGATGATCTCCCAATCAGGTTTGGAGTCGCCGAGGGGTTCCAATGCCTTGTAGATGCGCTGAATTCTTCGTTCTGTATTTGTGAAGGTTCCCTCTTTTTCGAGAGAGGGCGATGCGGGGAGCACAACGTCGGCAAAGCGCGCGGTCTCAGAGAAGTTCACATCCTGCACAACCAGAAAATCGAGCATCGACAAAGCTTTGGTTACGTCGCCTGCATTCGCATCCGACGTAATCGTATCTTCGCCCTTGAGATATAAAACCTTCAGCTTCTTCTCGT
NZ_CP121196.1_gap5	194097	195232	1135	ATAGCGACGCTGATGGCGACAGCGGCGGTCTTCCTGGTGCAGGGATGGACGGCTCCGGCATTCGGAGCTTTGGCGATCACCATCGGCGGTGTCGTTTGCATTGCTGCTTCAAATTCGGGAGATACATCGCAGGATTTGAAAACCGGCTACATCATCGGAGCCACTCCTCGACTGCAGCAGATCGCATTGATGATTGGCGTGGTGATTTCCACGTTGATCATTGGATTGACCCTGAACCTGATGAATACCGGACTGCAGGAGTTTCATGCGGCTGCGCAGGTGTGGGATATCAACGCGGCTCATCCGGGCGTTTCGGTGCAGTCAGACATCAAGCATCTGCCGCCGCAGATTCGAGTAGTCGCGGATGACAAGACGACCACGTCGCACCAGTCGTCGGAGTACGTGGTGTTGAATGCGATCGGATCGACGGAGTTGCAGGACGGGAAATATCTTTACTCGCCCGCGACGAAACAGATTGAAGTGCATTGGATTCAGGGAATCGGGAGCGCTGCCGCGCCAGCTCCGCAGGCACGATTGATGGCGACGGTCATCAATGGAATTTTGAGTCGCAAACTGCCGTGGGGCCTGGTGCTGATCGGCGTGGCGCTGGTGATTGCGGTGGAGTTGCTGGGGATTCGCTCGCTGACGTTTGCAGTGGGCGCTTATCTGCCAATCGGCACGACACTGCCAATTTTTGTCGGCGGCGTGGTGCGCTGGATGGTCGACAAGGCGGCCGCGCGCGCAGGCGAAGGTGAGGCGGAGAGCGATATTTCATCGGGATCGCTGTTTGCATCTGGATTGATTGCGGCGGGCGGGATTGCGGGACTGATCGGGGTGGCGTTGAAGGCAGTTGAAGCTACCTACATGGATAATCGCGACATACTCAACTTCCCGCGCGGGACGTTCCTTGATCACACGTGGGTGTCGGTGCTGGGGTTTGCGATGCTAGCGTATTCGCTTTACTACTTCGCACGAAAGCCGCTGAAAAAGTAATCAGCGGCTCCGGTGAATCTATTTATGAATTGGACTTGCTGCCAGGCAGTCTGCGGCCTGCCTGGCTTTCCGGCCTAGTGCGCCAAGTGGCACAAGTGCCAGATTCCGTATCCCACCAGAAAGATGCAGCCCTGAAGAAGAA
NZ_CP121196.1_gap6	232326	233666	1340	AACGCCACCGCCGAAGTCGAGCACGGTAAATCCGCCGCTCAACTTCGGCGGTGGTGCGTCGAGGGTGATTCGATAAAATTTGCTACGTCAAGAAGGGACGATCCATCCATGTCTACCGATCCTGCAATCGAAACATTCCTCAAGTTTTCGCAAAGCAAGCTGCTGGAACAGTATTGGCCGCGCCTGCGCAAAGCAGTTGAGACGTTGAGCGACGACCAGATCTGGTGGCGTCCGAACGAGGCCAGCAATAGTATCGGCAACCTCATTCTGCATTTGAATGGGAACGTCTGGCAGTGGCTGGTTGCATCGTTCAATCGGCTTGAAGATCAGCGCGACCGCCCGGCCGAATTCAACGCGACCGGCGATCTAACAGCAGCCGACCTGCTCGCGAGGCTTGGAGCCACGATGGAGGAAGCGGCAAAAGTGCTGGCAAAACTCACGCGCGAAGATCTGCTCGCAACGTGGAATATCCAAGGCTATACGGTAACGGGACTGGCCGCCGTCTATCAGGTGGTTGAACACTTTGGATTGCATTACGGGCAGATTGTGTACATCACAAAAATGCAGGAAGGCCGCGATCTCGGCTTCTACAAGGATCTAGGAAAGACCGGGCGTGCCGTTGGAGGATCAGTCTAAAGATGTACAGACGTTCGAGTGCGCGCGAGACGTGAGAAACGAGACGCGCGCGTTGCTTACTGCAGGCTCTGTATCTGAGTTCCCGCGGGGATCTTCACTGAGAATTCGTCGGCTGGTAAGTGGTCCTGATTGTTGACCACCTTTTCAACCGTGAGCACGATCTGTATTCCCTCAAGCGGGCGCTTAATGACCACTCTTGTGGGATATTTGCTGTCCCCGAAGCTCTGGTATGCGGAGTAGGTGACCTGGCTCTCCAGATTTCCTTCACTGTCATACATGTCTTGATTGGACGGCAACAGGTCGTCGCGATGGAAGGTGAGCACGCGGACTGGCTTATCCCTTCGGCTTCCATTGGGCGCATGACGCGTGATATTCAGGATGTACTCCGGCATCGTGTACAGATGCTTCTTTGCCGCGTCTTCAATCGTCTCAGTATCGGAAGTCTCCGAATAGAAATCCTCGGGTTCCACGCCGCGCACGATCATGGCGTCAAAGAAGAATCCTGGGCGGATATTTTCAAACTGCTTCTCGGATTTTTTGGTGATCGTATTGGGACCCTGAATTGCTTTGTTCTTCGTGGGGACCAGCAAGGTGAAGGTGATTCCATCGCTTGCCATGTCAAACGCTTTGATACCGAGGTATTGACCAGCTACCCGCAAATGATTCGGCTTTTCCATCACGATCCATCCACGGACGCTCGGGTA
NZ_CP121196.1_gap7	360446	361337	891	AAGAGCCGGTGGCCGGTGCATTTGCTACGGTGGACGAGGCGTGCTGAACGTAAGAATGTTTCCCAACGGCTTTGCCCAGTTATGCGAGGGTTGGACAAAAGCCTTTGCCGATGGAGCGGCAGCATCTGGAGCGGCCATTCTTTGCCTGTCCATCTTCTGGCTGACCGCGATGTGCACGTGCTTTCTAGCGATTTGGCTTGCGCATGGACACTGGAGGATCACCTTCGGCCTCATTTACATTTTGTTCGCGTTGCAGCTGCTCTATTTTGCCCGGCAAATTGGGAATTTCAGTGCGGTTGTCTGCCTCTTTTATCCGCTTCCACTTTTCTTCTACTTTGGTCTTTTCGCGCGCTCTCTCTATCGCAAACTATTTCATCGCAGCGTGAACTGGCGGGGCAGGACCCTATGAGGATGGCGGTCTGGACAGCGAATCTGCTTGGCTGGCCGATTCTACAAATCTCCATCGCTCGATTTACGTTGAGTCTGCCGCTGGAGAGTTTTGCGGGCGATCGCCCGTTCTATTCGATTCGATCGTGGGAACGCAGTGGGCGACTCTACAACATCTTTGCGATCAAACGATGGAAGACACTTCTGCCCGACGGAGGGCCGTGGTTCGGTGGGTTCTCTAAAAAGAAAGTCGCGGGCCGTGATCCAGCGTACCTTCAGACCTTCATCCTCGAAACGCGCCGGGCTGAGTTTGCGCACTGGTGCATGCTCTGTAGCTTCCCTGTCTTCTTCCTCTGGAACCCGCTCTGGGCTTGTCTCGTCATGGTTGCATACGCGGTGGTCGCGAATCTGCCTTTCATCATCGTGCAGAGATATAACAGGCTGGTGTTGACGAGAATCTGCGCACGCATAAGCGAGAGACAAAATATCTACACGCCGGTCGCG
NZ_CP121196.1_gap8	363189	365831	2642	CATGCTGTCTGCAACTGCGCTGGCCGTTCCCACAGGCATCTGGCTTACGCGGTCGCCGCGCTGGGCGAAACCTGTAATCGGCCTGACAAACATTCTGCAGACTATTCCGTCGCTTGCGATGTTTGGATTTCTGTTGCCGCTGCCATGGCTCGGCGAGCGTGCTGCGCGCATCGCGATTGTGGCTCTCACTGCCTACGCGCTTCTTCCCATTTTGCGCAATACATATGCCGGAATTCGGGGCATCGATCCGACTCTCATCGAAGTTGCGCGTGCCATCGGCCTGACGGATACACAACGCTTGCTCAAGATTGAACTGCCGCTGGCTGCTTCTTTTATCTTTGCAGGGCTACGTACAGCCACGGTAACTTGCATCGGCATTGCGACCATCGCAGCTGCAGTGGGAGCGGGCGGGCTGGGTGAGCTGATTTTTCGTGGAGTCGCGTCGGTGGACAATCGCCTCGTTCTCGCCGGAGCCGTTCCTGCAGCCTTGCTCGCACTCGCCGCCGATGGAGCGCTGGGGCTGCTGGAGCGCCGCTTCAAGATTCGCGACGCTCAGGGCTCAACCCGATGAGACGTCGTGCCTTTATCGCATGCCTGTTGTCGCTCTGCTTTTCTCTGGTGAGCTGTTCGCCACCTCGACCCGACCACCCAGTCATAGGCGCCAAAAACTTTACGGAGCAGGTCATTCTCGGAGAGTTGCTGGCGCAGGAAATTGAGGCGAGGTCCAATCTCAAAGTCGAGCGCCGTTTCTATCTCGCCGGCAGCTACATCTGTAACCAAGCACTGGTTGCGGGACGCATCGATGCATACGTTGAATACACTGGCACCGCGCTCACAGCAATTCTGAAGCAGCCTGTCGATCGCAATCCGCAGTCCGTTCTCGATACTGTTCGCCGTTTGTACGCGTCGCGCTACGCCATCAGGGTCGCCGACCCTCTTGGATTTGAGAATACTTTTGCAATGGTGATTCGCAACGATGATGCGCGTCGGCTGCACATCTCAAGTCTCAGTCAGGCCGCGCCCTTCGCGCCGCAATGGCGTCTTGGTGTGGGATATGAGTTTGAACAGCGGCCCGATGGGCTGCCTGGACTGAGCGCTGCCTACAATCTGCATTTCGATGGATCACCACGGACCATGGACCTCGGGTTGCTTTATCGAGCGCTGAACGCACACCAGGTCGATATGATCGCTGCCAACTCAACCGACGGCCCTATTCAGGCCTTCGCACTGGTCGCTCTCCAGGACGACCGTCACTACTTCCCTCCTTACGATGCCGTCCCTCTGGTGCGAGAGGACGCTCTTCGGCGCTGGCCGCAGATCGCGATTGCGCTTAAGGCACTTGCAAACAAGATCAGCGCGGAGGACATGCGGGCAATGAATGAAGCTGTTGACGGCCAGCACCGCGACCCCGCCGAAGTGGTGCGCGAGTATCGTATGAGGAAAGGCCTCTAAGAACATCCTTAACATTTCCCGCACGAGTCTTCGCGGGAATACCGCCGAGGGAGCATAATCTTTTTCACGGTATTGGCTTCCCTTTGCCGACCGTTTGAGGTCCGGAGACAGTGAATATAACCGATCGCCCGGAATGCTGGCCCGCGCTACCGCTCGATTCGTGGCGGGACACCTGCGCAACGCTGCACATGTGGACACAGATTGTGGGCAAGATCCGCATGCGCCTGACACCGCTCGTGAATCACTGGTGGAACGTTCCCCTGTACGTCACTGCGCGGGGTTTGACTACATCGTGCATTCCCTACGAAGACAGATCGTTTGAAATGCGATTCGATTTCATTCGCCATCGGCTGGTTCTTGAAACGAGTGACGATGTTGTCAAGACGCTTCCACTGGAGCCTCGCAGCGTTGCCGACTTTTACAGGGAGTGTTTTGCGATGCTCGAATCGGCTGGAATCAAAGTCAAGATCTGGCCGATGCCGGTGGAGATTCCGAATCCCATCCGGTTCGATCAGGATCACGAACATTCTTCCTACGACCCAGAGGCAGTGGGCAGATTCTGGCGAATCCTGCTTTCGGTAGACGCCGTCTTCCAGCAATTCCGGGCGAGATTTGTCGGCAAATGCAGTCCGGTGCATTTCTTCTGGGGAAGTTTTGATCTTGCCGTCACGCGATTTTCGGGGCGTAAGGCTCCACCACGAGAAGGAGCGGACTCGATCACCCGTGAAGCCTATTCGCATGAAGTCAGCAGCGTAGGATTCTGGCCCGGTGCAGGCATCACAGGGCCAGCCTTCTATTCCTACATGGCGCCAACGCCAGAGGGATTCCGCGACGCGAAGGTCCTTCCGGAAGCCGCTCATTTTGACACAGGCATGGGCGAATTCCTCGTCATGTACGACGACATCCGCGCAGCTGCGTCTCCGAGCGATGCCCTGCTCGACTTCTGCCAGAGCACGTATGAGGCAGGAGCGAAGGCTGCAAAATGGGACCGCGACAGCCTGGAAAGGAGTAACCCCGTCTGATTCATTTGGCAGATCAGTGCTGCTTCAAATCTGCGAGGTTGTAGGCGTCCAGTCTCACCCCTGGCCTCTCGCCTCGTGTGTCCGCATCTTCGAGTGATATGGATATTGTTCGCTTCTCGCCCGGCATGAGCGCGATGTAGTTGTCGGTGTAGAGTGCCGGTAATATCA
NZ_CP121196.1_gap9	544111	546462	2351	ACGGAGAAACTTTGCAGGATCAAGGCGTCGTTCCAGGTCGGCGATGGTTTGATCAACGCAATGGCGGCGTCCATTTGAAACCGCAAATGTGAGCTTTTCGTGGGCGATGAAGTGCGTAACGTCATCAAGCGGGAGAAGTGAGATGCGTTCCCCAACGCGGAAAGCGATGCGGCTCGGATAACTGGCGTGGCCTTCCCGCAAGGATGCGGTCAACTCGTTCAACAGCTGCGGCAGGGCTGGATTCTGTTGCCAGTCTGGCTTGGTAACGGGCCGAATGCGACCGAGTTTTTTCAGAGCACGTTCCAGTTGCTCGGGTTCAATCGGCTTAAGCAGGTAGTCGATAGCGTTAGTCTCGAAGGCGCGGAGAGCGTGCTGATCATAGGCCGTCGTGAAGATGACGAAGGGCTGGGTCGCGAGCCGGGCGAGCAGTTCGAAGCCGTTGATGCCTGGCATCTGGATGTCGAGGAAAAGAACGTCGATTTGCTGCGAACGAGTATCGTTGAGCACGGCAATGGCTGTCGCAGGATCGGTGGCGGTGCCGACAATCTGAATCTGAGGGAAGGCCATAAGCAGACGCTGCAACCGTTCGATGGCGAGTTGCTCATCGTCAACAAGGTATGCGTGCAGCGAAGATGTCTCTGGCATCATGTTATGTTTCCGCCGGAATAGTGATCGAGACCGTCGTCTTTTCGCCGGCTTGACGCACGTTCAGTTGGGCAGCCTGGCCAAACAGGAGTTCGAGGCGGCCGACAAGGTTGCCGAGACCGTGATCGGCGGAGATATCTGCAAGCGAGAATCCTGGCCCGTCGTCAGTGACCGCGAGTTCGAGATCGCTGCCCCGCTTTGCTCCGCTGATGATGATGGAGGAGGGCTGACCGCGGTGGGCGACGACGTGTTTGACGCTATTTTCAACCAGGGTTTGAAGGGCGAGCGGCGGCACCTTGAAGTCACCTAGCGTATCGGGCACGGAAATCTCGTACTGTAAACGCTGCCCAAAGCGTGTGGATTCTATATCGAGGTACGCGCGGACAATCTTCAGTTCCTGTGCAAGCGGAACAAGACTGGTTTGATTGGAGCTGATGGAGAAGCGTAGCAGCGAGGCTAGTTTGCCAACCGTATCTTCTGCACGCTGTGGGTCACTGGGGATAAGTGAGGCAATGGAGTTGAGCGTGTTGAAGAGGAAGTGTGGATGTATACGCGATTCAAGTGAAGAGAGGCGCGCTTCGACGAGCAGCTTATTAGCGCGTTCCTGTTCGACCTGTCGGGTGCGCAACTCGAGAGTTGCATCCTGCAAACGGTGGCGCAGCGTTTCATAGGACGTAATGCTGAGACCGAAAACGAGATTGATAACCAGGCAGGTTGGCCACGCAGACTGGACTTCGCGCCAATAAAACCCGGATGGGATGATGCCGGCAAGTTGAATTACTACTCCGCCAATCAAACATCCGCAGGTCGCAGTGGCGGTCAGGACCACAATGTATATAACAAAGATGAACCGGGGAAAGCGCTCAGTGTATCGAAAACCGATCCAGTTAAGAGAGAGCGCGGTAGGAAAGCCAATGAATATCGCGTAGATAAAAGATCCCAGGAATCGTGTACCGATGTGAGAGAGATGCGCGTGCTCGATGACGAGTATAAGAATCGCTATAACCACCGCGATGGCGGGCACAATCCAGATATCGCGGCAAAACGCCTTGAAGGCGCGAAGAGACTGTTTCGATAGTTTGCCGGAGGCGTCGATGGATGGGTTGCGCACGGAATTCATAGGTGAAATCGCACTCCCGCGGAAGTGGCCGTGTCGTAGGGTGCTACTCCGAAGTCGGAACTCTTGCTGCCTGTGGGGATTTCCAGATGCACATAAGAAGAAAAATGATTGCCGAACCAGCGGCTCACGTCGAAGATGCCGACCCGGCTGTGGTCGTCGAGATTGGCAACGATGGAACCAGAGACGTCCCACTCCTTCCAGCCGGGAAGCTGGCGCAGGCGCGTCTTGCCGGAATTAAAGAAGACGTAGTGCTGGCGGCCAGCCAGTGGCGAAACGGACATGTCGCGGAAGAAGGAAGTGTTGGGCGGTGTGTAGAACTCTCCGATAAAGGTCACGCCTGAGTGCAGCGTGCATTTTGCGCCGATCAGCGCAGCAGCCTGTTCGCGCCACACTGCTTCGCCGTGCAATTCCCAAGCTTGACCGAGGACGCGTGTGAACGTAATCCCTCCAAAGGAATCACCACCGCGATCGTTGCCGGCAATGAACGATGTGTCGAATCCTCGCACCAGAACGTTATACCGGAACGCAGTGGTATCGCGCATTGTGGACCGGGCTGGCGCGAGGGCCGCGCTTGACCATGCGAGAG
NZ_CP121196.1_gap10	566251	568167	1916	GAAGGCCTCACCTCCGGCGATCCCCAGGTTGTCGCTATGCTGCTTGATCACGGGGCAGACGCCAAAATGGCCGGGGAAACAGGCCTCACGATGGCCATCGTTTCTCATTGCCCCAGCTGCGTCGATCGCATCCTCCAGCAGGTCACCGACAAAAGCGTCCTCACTGCCTCCCTTGATGACACTGCCGTTCTTGCCGATATGCGCGACGTCCGCACTCTGCTCGATCACGGTGCCGATGCCAACGGCTACGACCCACTGGGCCGTACACCCCTGATGTACGCCGCGATCTCAGACATGCTCCCGGTTGAGACTGTGCAACTTCTCATCGATCGCGGCGCCGACGTAAACGCCATCGACAAACATTCCAAGACAGGCGATGAAGGATTGACTCCTCTCGACATCGCCCGGCACAACGGAGACACTCCGGTCGTCAAATTGCTCCTGAAGGCCGGTGCTAAACCCAGCCCGTTTACTCCGGTTTCGCTTCACATGCGACGCGACAATTCAATCCAGCGCGCCGTCCAGGACACCATTCCTCACCTCCAGCGTGCCGACGTTAACTTCATCACTCAGTCCGGTTGCGTCTCCTGTCATGACAACAGCCTCACCGCCATGACCATGGGTTTATCTCGCAAGCATGGTTTCCAAATCGATGAGAAAACCGCCGCCGCACAGGTACAGGCCAATGCCGACGCTCTGGCCAAGTTGCGTGACCGCATGCACCAGGGCTTCATCGTGCCCACTGAAGACAATTTCAGCGAAGGCATTCTCGCGTACCAGTTGATGGGGCTCGCAGCCGAAGGCTATAAATCCGATCTCAATACCGATACCGCAGCTTTGTACATCCTTAAGCGCCAGCACCCCAATGGCGAGTGGCCCGCGCAACATGCAGACAACCGTCCGCCCATTTGTCTCGACTATATCGGCCAGACTGCGAGAGCCATGCGCGCTCTCCAGCTCTACACGCCCAAGGCCAACGCCGACCAATACCGCAAGTCCATTCATCTTGCCGCGAACTGGATCGCTAACGCGCGGTCCTACAACAACGAAGATCGCAGCTGGCGAGTTGCTGGACTTGCCTGGGCAGGAACCAACAAAACTGCCCTGCAACAAGCCATCGCGGAACTGCTCGCCGCGCAACATCCTGATGGTGGATGGTCTGATCTGCCCACCATGCAAAGCACCGCCTACGCCACGGGAAAAAGTCTAGTGGCGCTTCATCTCGCAGGCCTTCCAGCCTCCAGTCCCTCCTACCAGCGCGGCGTGAAGTGGCTCTTGGACACCCAGCAGGAAGATGGTTCCTGGTACGTGCAGACCCGCGCTCTCGGCTTCCAGCCCTGGTTCGATGCCGGTTTCCCACACGGCCACGATCAATGGATCTCCGCCGCCGGCACAAATTGGGCCGCTATGGCCCTGACCTATGCGTTGCCGCAAAACAGTGCGAAGTCCGCCCCCGTGCGCCGAAAGTCGCCAGGATACCTGAAATACGAGCAAGCCTCCGCAGTCAAACCTGCGGCGGCGTTCCCCGCAATTCCAGCAGCAGAGGCGCAAGCTCGTCACTGAGAGACTTAAAAGTAAAAGTGAAGCTTGAGCGAAGCCAAAGGACTGCTGGTTGGGATTTTCTGCGTGCTGATCGCGCTTATCTGCTTTGCGGCCAGCCTCATGTCCGCTTCACGTGCCACGCGCATGGACCCTTTGCAGGTGTTTAGCGAGGACTAGAATCCGGGGCATGTGATTGACCTCACATCCAGACCCCCGTATAGTAGTTCCAATGAGTCTCTATTCCATGTCGGTCGCTTGTTGCGCATGTTGTTGTGCGCCGCGCCGGACTATGGGATAAGCCACCTCTAAGACTCACTGGAATTCCCCATACCCCGCGCCGCAGTTTCCCTGCAGCCGCGGGTTTTTTATTTGCT
NZ_CP121196.1_gap11	616158	619557	3399	CCAAGAACAAGCCTTCATCGATGAAAAATCTTGCGTCCGATTCCGTTGTGACGCAGGCCATGCAGGCGGGCATCAGCACTGCCAGTTGGGATGCCGCTACGCACATGAACTCCGTGATCGGCGGATCGACTGTGCAAGAGGCCGGCAGCATCGTCTCCGGAATGCTGGCACATCGCCCCCCCACGGTCACTTATGTATGGGGAGTGCCGGGTCCGGCTTCGAGCAACGTCGTGCACACACTGGCCCCGGCGTTCAGCGTTGATTATTCGCGGGCCGCCGGGGTGAATCCGGACGATTTTGAACCGGCAGTCGTAAAGCTCACACCTGCACAAAATACCTGCCGCATTGTAGGTGCCACGCAGGGAAAGGCCGATGCAGGCGCGAGCCCCGCAGCCGACTGGCAGGTCTACTCGCATTATCTCGAAGAACCGGTCACGGTGAAGCCTCAGAAGCTGGGCCCCGGCAAATACAAAATCAATACTCCCGAATTGGCTCCTGGCGAGTACGGACTGGTTCTGCGGCCTATCTCGAAGACCAAGAAGTTCTCCGGAGGAGATGTCGCAAGAGCGCAGGGCGACGGACTGATGTTCGATGCAATCTGGACCTTCCAGATTTCAGACGAGGCGCAATAATGGCGAACGACTCCCAAAAATCAAAGACACATAGTGCCGGAACATGGTGGCCGCGCACATCTGGGATCCTGATCCTGCTTCTCGCCGGATGCCGGCACGAAAGTGCACCCACTACCGCACAGACGACCTCGCAATCTGGCGGAAATATCACCCAGGCTTCACCATCCCACCAGACGCCCATGGCGTCGCATGGTTCCGGATACGCACACGTGACGTATCGCTCCAACGTCCGCATCATGGAAGCCGAAGAAGGCAAGAAGACGCTCATTGGTGTCAGCACCAACGGAGCGAGTCTGCTGTTCGATTCTTCCAGCGCCACCGCACACTCCTTGCATGCTGGCGATGTCTTGCTCATCAAGGGACTGATGGCGCGAACTGTACTCGGCGCCGAGTCCACTCCAGACGGAATAGTAGTTCTCACACAGCACGCGCTTATCACTGATGTCATTCAGGATGGAGAAATAAAGATTCAGGCGCCGGTCCGCTTCGGAGCCGTTCGCGCGGCCAACGAACAGGACGTTCCTCCTCTTCCAACGTGGCTCAATCTCTTCGCCACCCCCGCGTACGCGCAAAGCCCCACGGGCGAGATGGCAAAGAGCGCCGAAGCGAAGGGCTCAATGGACGCCTACGGAAACATGATCAAAGGAATGTTCAGTTCCGTGGTCAGTGGTTGGGACACCACCTTTCAGGCGACGCCCGCCGAAGGCCAGACCAATCTCAACATCACCCTCAAGCGTAATGTCGGTGGATTCGCCGCACTGATCACTGGACAAGGGAGCATCTCGAACTTTCAGTTCGATTCCATGATCAACATCAAGCAGAGCGTGCTCCAGAACATGGACACCAGTTTCAACAATCTCAATGGGCAAATGAATTTCCAGTGGCAGGTCGCCAAAGATGATGGCGGCGTGATGGCCGAGGAAAGCAGGATCAAACTTCCCGGTGCCATCGAGGTTCCCCTTTCAGAATTTCTCGATGGCTTGCCCATGTATCTCGAGGTAAGCGGTGCAATCCTCATTCACCCTGCAATTACCGGCGGCAAGGAAATTACAAAAGGCCAGTTCCAGATACGCTACGACGGCAACCAGCACTTCCAGGTAAAGTCGGGAAACGTCAACACCGATGGCAGTCTCTCAGGAGATATCCAGCTAGGTGACCATCAAGATATTTCCCCAACCGCCCCGCTTGGCATGGTCGTCGCGTTCGCCGCTCCGCGCGTGGAACTAACCTTGGGTCTCAACAAGATCTATGACGAAAGCGAAATTAAAAAAGCGGCGGACATCGTCGACAAGATTGCGGACACAGTGGCCAAGCACCTGTTGAATGCACAGCAATATGCCAACTACCAGCAGAACGGACTGCATCTTGGCGACACGTTCAAGAACGCTCTCTCCACCGATGGCGCTGCATTTTTTCAGATGATCGGCACATCGGCTTCGAGTTACTCGGGCATGTCGTCCATCAGCCCCTGTGCTCGCTACGACCTCAATCTTGTTGCACAAGTTGGCGCATCCGCAGAGGTATGGGGCAAAACTTACGCCAGCACTAACAAAGAAATCTTTCGCAAAGGCATGACCCGGGTCGATCCGCCCGGCATGAGGCTTTGCGAAAACATCGGCAAAAGCTGATCTGAAAAGGAGCAATCGACATGGCATTTTGTGGAAACTGCGGTGCGTCACTGTCACAGGGAACCGGCTTCTGTGGCGTATGTGGAGCCAACTTAACTTCGCCGGCCCAACCCACCATCGCCGCAGCCCCAGCGCCTCCGTCGATGAATACTGTCAACGCGGGATGGACCTCGGTTGCTGCCGCACAGCCAGCCACGGCGGCCTCATCAGCTCCCTCGTGGACGCCGGTTTCTAATCAACAAAATGCTGCGCCGCAAACACCGCCCGCATCGTCGTGGAGCGCGCCTGCCGCTGCCGGTGCACCCGCGCAAGGTTGGAATGCGGCACCACCTGCGGCAGCGGCTGTCTCCGGTACCGCGCTCACGCCGAACATCGCCGGTGCATTGGCGTATTCACTGGGCATCATCACCGGAATTTTGTTCCTTGTGCTGGAGCCGTATCGCCGCGATCGCTTCGTACGCTTCCACGCCATGCAGTCGATCCTCTACTTTGTTGCCGCGGTAGCCTTCAACATCGTGTGGAGCATCATGGTCGGATTCCTGATTAGCATTAGCGGCTGGATCGCAGTCGTATCGATTCCCATTCGCTTGCTGATCTCGCTGGCTCTCTTCGGACTTTGGCTGTTCCTCATGTTTCAGGCCTATAGCCAGCGCGAGTTTCGTATCCCGATCCTTGGCGCGATAGCAGCGAAGCAGGCGGGCTCATAAACGATGACATCCGAAACCAATTTCAAGTTTTCCCTAACGCAAAGAGGGAGGCAGATCGTGAAACTTCGAAATCAAGCTCTGTGTAAAGGGTCGCCACTTTTCGTTTTGTCCCTTGCGATAGTCTGCGTAGCGGGATGCAAAACTCATTCCGCTGCAAAGGTGGAGGCAGCCAAGACTGAATCAACTGTCAAGTCGGCCCCGGTTGGTGGCACCTACTGCCTCCAGACCTATGCCCAGGGAACTCCGCCGACCAAGACTGTGCACTTCTCCTACAAAGAGAGTGAGAGCGACGGCACGTTGAAGGACTATGAGGGAGATCTTGTCGGCGACAATCTCGATTCGACCGTGCACGAAAAACGGCCAGCGAATGACACTGATCGAGAAATGGCGAGCGATAAGCGCTTCCCCGGACCGCCCATCGTCGACGGCTTT
NZ_CP121196.1_gap12	688288	691481	3193	ATGGAAGACAGGCCACTCGCACTTCGTAAATTGCTCAGCCACTCCAAATCTTCACGCGCACTGGTCGCCATGTTTCTTGCTTTGCTCGAACTAGTGCGACTGCAGGCTATCCTTCTTCGGCAGGACCGGGCGTTCTCAGAAATTTTTATCAAGAAGAGTTCCGGGTTCGATAGCGTAGTGAATGAAGGGCTGACCAACTCCACTGACGATTGGCGGTAAAGCTAAATGCGGCCTATCAAGGCGCAACGTTTGCCGCGCAATTCTCTCTCGATCCATGTCGAGTTTTCTAATCTTTCCGCTCGCAAGAAAACACGCTACCACCCGGTTGCATGTTTTTCAGCTCAAAATTTGAGCAACCGTTCGGCTGCGCTTCCTGACAGCGACTCTCAACGCAAATTTCACTCCCAAATTGCGCGGTCATCTTTGTTGCAGCGTTGTTGAAGAATGGGTGCAATTAGCGCAGATATTACAGTGTGGTTAATGAAAAGATTTGATTCATCTAAACCATTGAAGCTAATAAACTTAATATGTGCCTCCGTCGGCTGTTTCAGGCCCATTGAACCCATCCCCCTCCCGTATCTCATGTAAAATCAATCGTGCGAAGCCAGATGGATGGCAACGCGCATCAAACAACTGAGGTACGTATTTCGGTTGTTGGGGTTTTATGCAATCCTTTTTTGATTGTCCCTCCTGCTGCGATCTCAGATCGTTCCATCCCCATTTCAATCAAGAATTCTTAGCCGATTCCGCGTCGGTCTGCATCATAATGCGCCGCGAATCGTTTGTCGCAATCGGAGAGATCTGATGGCTGCAACGACGGCAACTGCTTTACGCAGACCCTCGCTACTCGACCGCAAGCTGAAAGGCCGGCCGAGCAAAGCCGGCATCCTCGCATTCCTTGCGGCGCTTGCAACAGGCATCGTCTACATCGTTTTTCACGTAGCCCACGATCTTGATGCAGCCTCGATCACCAGCTATGCACCGTACGCGATGCTCGGATTGGCTTTGGTAATAGCCCTTGGTTTTGAATTCGTCAACGGATTTCATGACACCGCCAACGCGGTCGCTACCGTTATATATACCCACTCGCTAGAGCCAAACGTCGCCGTGGTGTTGTCAGGTATCTGTAATCTCGCGGGGGTGCTGTTGTCATCCGGCACAGTGGCCTTCGCCGTCATCACACTCCTGCCCGTTGAGTTGATTCTGCAAGTGAGTTCAGGCGCAGGATTCGCCATGGTCTTTGCGTTGCTTATCGCGGCGATCCTCTGGAACCTCGGGACTTGGTGGCTTGGCCTGCCGGCTTCCAGTTCGCACACCATGGTCGGCTCCATCATCGGCGTAGGAATTGCGAACCAGTTATTGATGCCGCATACCGGGACCTCGGGAGTCGACTGGGAGCAGGCCATGAAGGTTCTTAAGGCCCTCCTGATCTCCCCGGTCGTTGGATTCGTTCTTGCCGGCATGCTTATCCTCATCGCCAAACAGGTGGCCAAGTTTCCGTCGCTCTACGAAGCACCGAAAGACAACATGCCGCCGCCCATGCCGATTCGAGCGCTCATGGTCCTTACCTGCACCGGCGTCAGCTTCTTCCATGGATCTAATGACGGGCAAAAGGGCATGGGTTTGATCATGCTCATCCTCATCGGCACGGTGCCGACTGCCTACGCGCTGAACCACGCTGTAAGCCCGGCGCAGACGCAAGCATTCATCGTGTCATCGCAGCAAGCCGGAAGCATCCTTGATCGCCATGTCGACTCAAAAGGGATCCTCGGTGCCGATGCGCGCGCAACGGTGACCGACTACATCCGCACCAAGCAGTTACAGCCCGATACAATCCTGGCGCTGCGCGAATTGGTGGAAGATATCGGCCACGAAGTTGCGCTCTACAAAGAATTCAAAGCTGTTCCGCCACAGGAGCAGGCCAACGTCCGCAATGACATGTACGTGGCCAGCGAAGCGCTCCGCCTGATGATCAAGGCCGACAATCCCGCTTTCACAGCAGATGAAAAAGCCGCACTCAACGGCTACAAAGACAAGGTGGATCACGCCACCAAGTTCATTCCGTCCTGGGTTAAAGTCGCAGTTGCACTCTCCCTGGGGCTTGGCACCATGGTTGGTTGGAAGCGCGTTGTCGTAACCGTGGGTGAGCGCATCGGCAAGGACCACCTCACATATGCTCAGGGTGCAAGCGCCGGCCTGGTCGCCATGGGAACCATCTTCGCGGCCGACAAGTTCGGGCTGCCGGTAAGCACCACGCACATCCTCAGCTCCGGTGTGGCAGGAACGATGTGTGCCAATGGAAACGGCCTCCGCTTCTCGACCGTCCGCAACATTGCCGCCGGCTGGGTCTTTACGTTACCGGCCGCGGCGCTGCTTTCGGGCGTCCTCTACTGGGCCTTCCGGCACATCAGCTAGAAGCTCCTTCTGAAACCCTTACGGCTGCGCTTTGTGCGCGGCCGTTTTCGTGCTTCCTCCTGTCCCTCTCAGGGACCCAGCAAATTCATCTCGGCTTCATCTCGCATTCATCTAAGTTGGATATTCCTTGCTCGTCTGGCGAGTTTTGCTCCCCTGCACCAGGACAAAATCAAAACGAAATCTGGAGTGTCCACCCATGGCCGAATTGGCAACCGCTATTGCAGCCCGCCCCCCCGCTGCCGCATTGCTCGATAAAAAAATGCATAAGTCGCACGCCATGATCAGCGGCGCGGTCGTTCTTATCGCCTTAGTGGTTGGCGTCTGGTTCATCGCCACACACATCTCCCAAGATTTCAGCGGTGTGGCTTTGGGTAGCGCGTGGCCCTACGTCCTGTTAATCGTCGCTCTGCTCATCGCACTCGGCTTCGAATTCGTCAACGGCTTTCATGACACCGCGAATGCCGTAGCGACCGTCATCTACACCCACTCGCTCGAGCCAAACATCGCGGTGGTGTGGTCGGGGATGTGCAACCTGGCCGGCGTGCTCACCTCCAGTGGGACTGTCGCTTTCACCGTCATTACGCTACTGCCGGTTGAACTGATTTTGCAGGTGAGCTCCGGCGCCGGATTCGCCATGGTCTTCGCGCTCCTCATTGCTGCAATTATCTGGAATCTGAGCACGTGGTGGTTCGGCCTTCCCGCTTCCAGTTCGCACACCATGGTTGGTTCCATCATCGGAGTCGGACTGGCAAATCAATTGATGAATGCTCACAGTGGA
NZ_CP121196.1_gap13	780850	782294	1444	GTTGATGTAGCCGCCGTTTAACGTAACTGGCGAACCGCCGTTAACGTAGAGCGTGGGGCTGACAGGCTGCGTTCCGAGGGGTTGTGCGTTGTTGTATCGCGAACCAAGAAGTTTCGTAGCCGATGCAAGCGTCGGGGTGATGGCTTTACTGTAAGCCACCTCCAACCCGTGGTTGAACTGCGTGTTGGCGGTGTCATAGCCCTTATAGGGGCTGTTGTTCACCGACCCACTAGGGTTGACCAGGCTCTCCTGAATGTAACGGACAAACATCGAGGAGGTCTGATTAATGGTCCAGTCGGCGCGATTGAAGCTGATCCACTGGTTAACAGGAGTGCCGCCGCCCGAATCGGCCGGAATCTGATAGATAGATTGACCGAAGAGATTCTTTGTGCAAATTGCGGTATTGGAAATCTTCGCATCGGCGCAGCCACCAGACAACTTGGTGTTGGTGGGTAGTCCTGCTTGCGTCAAACCGATGTAATTAATGTCTGAGCCCCATAGGCTGCCCTGGACCTGTGCTCCTGTCAATTCTGTGCCGTTGATGGGATGTGCCAGCGTGCCGTACGCAGCAAAAAAGTCCTGCATGTTGGAGGCAGACATCCCGATTAGATCTGTCGTTGGAACCGTAGTGATGATGTTCTGAGCACTGCGGATGCGGGTCCATTCAGTTGACGAGAAAAAGAAGATCTTGTCTTTCTTGATTGGGCCGCCGATCGAGTAGCCGAACTGGTTGTGCGTATAACGGGGCTTGGCAGGTGTAGTCGGATCTACGGCATGAAGGTAGTTGTTGTTGTAACCATCCGAAGCGAGAGTCGAAACGCGATTGAATTCGTAAGCTGAGCCGTGCAGACCGTTGGTGCCCGACTTAGTGGACACATTCACGGCGCCTGATCCGCGGCCATACTCTGCGCCGGAGTTCGAAGTGACGATGCGAATCTCTGAGGTGGCATCCATCGGCACGGTCTGGCCGATGCCCACAGCATACAAATCGGTGTTCTCAACGCCGTCCAAAAGGATGTCAACGGATGTATTTCGAGATCCTGAGATATTGAATCCGACGCCACGCGCGGTCGCCGTTGGATCTGAGGAAAGGTTTCCGGAGAAAGCAACCAAGCTGTAAGGGTTGCGATCAAGCGTCGGCAGGCTGAGAATCTGGTCAGTCTGAATTACTGCAGCCACTTCAGGTTTCTCGAGGTGCACGCCCGCAAAGTCATCGGCAGCAACGGTAATTTGTGTACTGCCACCCGCCACAGCCAATTTGACGTTGATGGTGTTGGAGGATCCCACCGTGATCTGCAGGTTGTGCGACGCCGGGGTGAATCCTGGCGAGCTGAAGCTCACAGAATAAGTGGCAGGCAAGAGTTGGTTCACGGAGTATTCGCCCTTACTATTGGTCGCGGACACTCTTACCGCACCTGTGGCGATGTTTGTTAGCTTGACTTCA
NZ_CP121196.1_gap14	824080	825382	1302	CCTTCAACGACAATCTGTACTACAACAAAAACGTGACGGGCGGGGAGACGGCTGACCCGTTCTTCAGAACCCCACTCTTCCCAGCAAATGGCGGACAGCAGCCGCCGATCACGTGGATGACCTATAAGCAATGGCAAGCCCAAGGGGAGGATACTCAATCGCTTTTTGCCAATCCCTTGTTTGTGAATCCGACGCCGGGGGTTGATAACTTCACCCTTGAATCAAACTCCCCCGCTTTTGGAGTCGGCTTCGTGGCATTTAATCCAGCGCTCGCCGGCAGGCTCTCCACGGCCACTCTCCAGGCTCCGGTAAACGCACCGGCCTATCCGCCGTTGACCACTGCGATCACCAACTTCTGAGATGAATGCTGATCGCTGCAGGGGGAATCCAGTAGCCGCAAGTCAATCAAAAAGAGGGGCGCGAAAGCGCCCCTCCTTTTGTGCCGAGTTCAGGCGAAGATTTACTTCGCCTTCTTGGCTGGCTGTTTGGCGATGATCAGGCTGGAGATCTTGTCGTAGGTTGCCGCCGGAACAATGTTCTTGCTCTTGAGTTGGGTTTTGTTGGCGTAAGGGCGCCCCGCAATGATCTTTTGCGAATAAGCGTCACCGACACCAGGAAGGGCCTTGAGCTGGTCTGCCGTGGCGGAGTTGATATCGACGAGATCGCCCTTCGGCGCCGTTTTCGCAGCAGGAGCTGCTTTACTGGCGGTCGCAGCGGGAGTTGCCTTGCTGGCTGGCTTGCTCGGACTGGACTGCGCGTGGGTTACGGGGAGGACGCCGAGGAGAGAGCAAGCTGCCAATCCCAGGAGGGCTGAAGTGAAACGACCAAATCGCATGAATATCTCCTTCATTTCTATTTCTTCAGATGTCGGAAAAGCGAAGGGGCACTCCGCCGCCCGATTTTACCGCGCACCTATGCTAGCGCTTGGCGTCGCCGCAAGGAAGAGGGAGAACAATGTTCCGCGACGGGGACCGGCCTGAGAAGTCCGAAAGCGGAGATGCCCATGGTGTTTCTCCACGATTTCGCGCACAATCCATAGGCCGAGGCCGGAGTTGGTCGCTTCCTTGGTCGTGAAGAACGGCTCGAATGCGCGAGCACGCGCTGCGGCGTTCATGCCCGAACCATTGTCTGAGATCAGAACCGTAATTCCGCGTTCACCCGTCCGAGAATTGACTGCAGCATGCAGGCGCAGGGTCAGGATCCGTGTTCCAGTATTGGCGTTCATCGCCTCAATCGCATTGGAGATCAGGTTGGCGAGCACCTGCCGGATGTCGTTCGGCAAACAAAGGATTTCAGGGTGCG
NZ_CP121196.1_gap15	1007776	1010983	3207	ACCTGGCTTCACTGCGCACCCATCTGGGCCCGATGACGCTGAGCGAGCGCGACGAGATCGTTCGTGAGATCAGTGCGCACATTCGCGACTCGGCGGAAGAGAGCGGCGTGGATGTGGAGACCATCCTTGCGAGGCTCGGATCCGCCGAGGAGTTGGCCTCCCAATACAGCGATGGCTTGTTGATTCGCCAGGCCAGCCGCAGCATCTCGCCTCTCAAACTGATGCGGGGCGCCTTGAGACTGGCCACCAAGGGCGTCTCCGGAGTGATTGTGTTTTTTGTCGGGGTTATCGGTTACGCCATTGGAGGCGGCATGGCGCTCTCCGGAATGCTCAAACCCATCCTGCCCCACAATACCGGCATGTGGGTTCAGAACGGACACCTGGTCGCGTATGGCACGCAATTTCCCGCGATCGGCCCACCGGCGCATGAAGTTCTGGGGATGTGGTACATCCCGTTGATGCTTACGGCGGGCAGTCTCACCCTGTTGGCGACTACGTTTGTGATCCGAACGTCGTTGCGGGTTTCTCAGCGATGGCAGGCGAGGCTGTCGCGGGGCGCGTGAGGATTTAGTGCTGACCGGAGCCATCAAAAACTGGACGTCACCGTATTGGGCCCACTGATTTGCCTATTTCGGAGGTTCCGGCTCTGCGGTACGAATGATCCCGCTCTCCCACATCCCATCCTCTGCTCGAAAGGTCGGGGCTTAATCGCCCCGGTCTTTTGATTTACGGGTTCGCCACTGCGGTCGCGGCGGAGGGTTCGACAGGGGATTTGCGGCGGAGGACGGCTGCGGAGATCAGCGTGATGATGAGTCCGACGGGGAGGGGCTCCATGAAGGTATACGCCATGTTGACGAAGGGGTTCTGGTAGAGCTGCTGTGAGTGTTGTATCTCCGCGACCTTCGCGGCGGTGGTGGCGGGGTCGAGTCCGGAGGACTGGACCTTGTGAATCTGCGCGGCGAAGTAGCTGTCCATGAAGTGGGGCATGAAGTTGAAGTAGAGGATCTCCCACGTGGCGACGTAGCAGACGGTGGTGATGAGAGCGATCAGGATGCCGCAGGAGAATGCGCGGCCGAAGGAGATCTGGCCGCCGAGGTTGTTGTCGCGGTAGCTGCGGATGCCGAAGTAGATCAGCAGGAACGACGCCACCATGATGGTGTAGCCGAGGATCATGCTGTGGCCGGAACCGATCTTGTCGGCGAGTAGAAGTGAGCTGTCCATCAGGACAGAGATCATGACGCCGGCGATGAGACCAAAGGTGAGGACGGTTTTCTTCATGGGAGGCTCCTGTTGCGAGTGAGGATGGAGTCACGATGCAGCGTGGCGGGGCCGGATGTCGTCATTCTTTTTAATGATTTTCAAGGAATCGAGTGGAAATCGTGCTTTCGGGTGAAGCATTTTCGCCTGATCGACAAAACCTGTGTCAGAAGGCGTCTGGTTTCATGGCAGGAGACCTAGTTCTTTGCCGCGCTGGACGGCCTGGGTGCGGCGGGCGGCTCCGAGCTTGTCGAAGGCGCGGGCACAGTGAGTCTTGACTGTGTTTTCAGAAACGAAAAGCTGCGTGGCGATTTCGCGATTGCTGAAGCCGCGGGCGATCAGGGTGAGGACTTCGAGTTCGCGTGCCGTGATGCCGAGGGTCTGCTGGCGTTCGGTATTGGGAGTGAAGGGGGCCGAGGCTTCCGCGGGGACGAGCACTTCTTTTACCACGACCGTTTCCCGAATGATTTCGCGACGGCGCGTGATCCTGAGGCCTAGCCAGATGCCGAATGCTGCAAAGAGGATGGCGACGAGCGCGCCGTAGAGCTCAACGGAGTGCTCGATGACGACGAAGCGGTATTCGGTGTATTGGAGGGTGGCGATGAGGAGGCCGCCGACGAGACCGAAGATTAGAACGTGGCGCCTCATGGTGGGGTTGTGAAAAAGTATATCGGAGACTTCGAGCCAGTGGTCTCACCGGGCAGAACACACGGATGGTTACGACGGATGTCCGGTAGTACTGAGGATTGAAACGTCGGCGGTCCATCTTTGTCGGGCCCGGTGCTAGAGTGGACTGGACTTCAATTCTCTTCAGGTTCGTTCTTCTTGCGCGCTCTTTGTGTCTTTCTGGCGGCGTTCTTCGCGTTTTCGGGCGTGGTCTTTGCCGCCTCGCGTGTTCAGCCTGTTCCCGTTCCGCAGGAGATGCGATCTTCGGCTTTTACGGTCACGGTGAATAACCAGCCTGTGGATGTGGCGCATGCCGCCGCGAGCTACGACTTCGTCAACTTCGACGTTACCGGTCCGGTGACCGTGGCGATTACTGCGACCGAAGCAGGATTCTGGGATAAGGGCGTGGACATTGAACCGTGGCGGCTTGGGATTCGTCCGGTGCGCGAGGGGCAGACCATTCGATTCAAAATTGCGGGTCCGCAGAAGCTTTCCATCTCGCGGCCGGGCGACTTTCTGAATCACGCCACCATGCTGTTTGTGTTTGCAGGTGAACCTCCAGCGCCGCCTCCGGCAGAGAGCCCGTCGGTGCACGTTCTTGCCCCCGGTGTGTATCACCAGAGCATCAATCCGCAGAGCGGTGAGACATATTACCTTGCGCCGGGGTCTTACTTTTTCGGCAGCCTGAATCTCTGGAAGGTGAGCGGCGTGAAGGTTCTTGGCCGTGGCACGATTGTCTACGAGGGTGTGCAGGATCCGAAAACCGACGAGGGGTGGATGCAGAAGCCGGACTGGCACTGCATTGGCGCGCTGGAGGCGCACGACGTCGAGATCGATGGCGTGACCTGCATCGTTCGCGCGCGCACCTGGTCAATCCAGATGAAGGACACGAGCGGTTTTGTGTACAACGATATTCGTGTTATAGGGGGCAATCCCGGCAACGCGAACCAGGATGGAATGGACTGGCTCGGCGGAGGGGATGCGCTGGTTCGTGATGCCTTTCTGCGCGCCTCCGATGACGACCTGGCGATGGAAGGAAACTGGGACGGCTATACCGAGGCCGATATGCTGCGACCGGGCCACGACGTGCAGAATATCACCGTTGAAAACAGCCAGCTCTCCACCAGCATCTCTAACATTGTGCGCGCCGCGTGGCCGCAAAAGACTTTTAACTCTCGCCACTTCACCCTGCGCGATTCTGACATTCTGCACGGGGGTATCGGCGCGTGCGGACAGACATTTGGAGTTCTTGGTATGTGGGGTGCGAATGGCGCGAAGGGCGAT
NZ_CP121196.1_gap16	1012689	1017577	4888	GATGGGCGTGACCTTCGGCCTTAGCCTTGGCTCCTATCTCTGGTGGCAGGGATGGTTAAGAACAGTACACATTAGCGGACTCGACAGCTTGTTAGTCCGCTCCGTCGTTACCCTTGTCGTTCTGCTCGCTATTACTTCGATTCATGAGACCGGTCACGCGATTGTCGGCAAGATATGCGGAATGAAAGTGCGGGCATTCTTTATCGGACCTTTCCAATGGTGCATTCGTGACGCCAAGTGGGGATTTGAATTCAAGCCCAAGAGCCTATTTTTTGCGGATGGTATCACCGCCCTCATACCCGGCGAGGGTGAACTGCGGCCGGGGCAATACCTGTCGATGATGGCGGCCGGTTCGCTGGTGAACGTGCTTTCGGGATGTCTCGCACTCTACTTTGCCTTCCACAGTGGCATCGCTTTGTCACCGCCAATCCTGGGTGTCATTGCCCTGTTCGGCGCATGGAGTCTCGGCGTTGCCGCCGCCAACCTGTTGCCTTTTCGGACACCGCAAGGCTATTCCGACGGTGCTATCGTTCTGCAACTCCTCGCGGGTGGAGCGTTTGCCGCATATCATCTATCGGTCGCGCGTATCGGCTCGAGCCTGGTCTCAGCCCTTCGTCCGCGAGATTACGACATCGGTTCCATCCGCGCTGCTGCCCGGGGCATCGCAAATGGCAGACAGGCTCTTCTCATGTGGCTGTACGCTTTTAGCCACTCGATTGATGCAGGCAAGACAAAGGAAGCCGACGACGTGCTCGCGAACGCGGAGTTGGTTTGCCTTCAATCGGCTGGGAAAATTCCCGCCGAACTCCACACCAGCTTCATTTTCGGAAACGCGTTCATTCGTCGCGATCCAGTCGCAACCCGCTTTTGGTGGAATCGCATGCAGGCAACCAATCCGACTCGCTTCAATGCAGACTATTGGAGAGCCGAGAGCGCTCTTCACTGGATTGAAGGCAACCTCGAAGAGGCCAACCACGCCTGGGAGAAAAGTTACGCGCTTGTGAAGCAGCTTCCCCAGGCCGGTGCATACGACTTCAGCCGGGATTGTTGCACACTTCTCAAGCGGGAACTCGACCTGGCGTCGGTGGCGTAATCTCCAAAGACCGGCTTCAACTCTAGTGCGGTAGCTGGGTCATATCCCATCCGCCGCCTAGGGCACGTACCAGCCCCACGCTAGCCACGTACTGACGCGTGATGAGGTCGGTCGACGTGCGCTGGTTGCTGAGTAATGTGCCCTCCGCCACCAGCACCTCGAGGTAGTTGGTGGCTCCGCCTTTGTAGCGCTGATTTGAAAGATCAAGGGAGTGCTGCGCGGCAGCCACGGCGCGTTGCTCGGTAGTGGCCTCGTCTTCGAGCACTTTCAAATCCGAGAGGCGGTCTTCGACCTCGTTAAAGGCGCCCAGTACGGTGGCGCGATACGTTGATGCCTGGGACTCGTAGTTGTGCTTTGCCTGATCTGTGAGTGCGTGGCGCCTTCCGGCATCGAACAGCAACTCGGTTGCCTGCGCGCCAAGGCTCCAGAGCGCGCTCGGTCCCTGGATCAAGGTTCCTACATTAGTGCTTTCAAAGCCGCCGCCACCGCCAAGAGTTACGCTTGGGTAGAAGGCGCTGATGGCGATGCCGATCTGTGCATTGGCAGCAGCCGCACGCCGCTCAGCAGCCGCGATGTCAGGGCGCCGTTCCACCAATTGCGAGGGGACGCCAACCGGAACCTGTGGGAGTGTCATCACCAGCGGCGCCGGCGTCAGCGTAACTTCGCGCGCTTCTTTGTTCATCAACGTAGCGATTGCATGCTCGTATTGGTTGCGACCCTGCTTCACGTCTACAAGTTGCGCACGCGTGGTTTCGAGCAGAGCCTGCGCTTGCGCAACTACGACCTCCGTTGCAATGCCGCCCTTCACCAGTTGCTGATTCAGATCGAGCTGATGCTGATAGTCATTCACAGTCTGCTCGAGCAATCGGGCGTCTGAGTCGAGGCCTCGCAGTTCGAAGTAGTCGAGCGCCAGCTCGGCATGCAGACTGAGATCGAGGTTGGCGAGGTCGGCGGCACTGGCCTGGGCATTTTCATGAGCGGCTTCAACGCTGCGGCGCACTCGACCCCAGAGGTCTGGTTCCCAACTGGCCTGGCCTTCGAGTTGGAAATCGCTGTACCCGGTATTCGTACTACTCACGATGAGAGGGCGGTGCGACGATACCTGATCGCGGCTGGTTGCGGGCGAAACAGAGAGTGTTGGATAGAAATCAGCACGCGCGACACGCACCTGGTCACGAGCAGAGAGATAGGCCTCCATCGCTGCGCGCAGATTCTGGTTCTGCGGAGCAATCTGCTCTTCCAGCGCGTTGAGCTGCGGATCCTGATATATCTCCCACCATTTGCCGCGCAGCATGCCATCGGAGGGGGACGCAGATTTCCAGGTGCCCGCTTGCGGATTCGGCGGCGGTACCACGGCCCCGGTCGATCCCGTTCCTTTGTACTCAGGTGGCGGCGGCAAGTCGGGGCGATGGAAGTTTGGTCCCACCTTGCAGGCGGAAAGCAGCGCCACCAATCCCAACAGTGCCGCGCGGAGCATGCGCTCTTTGGGAGCGATGGCTCCTCCATGTTTTTGCGGAGGAGATGTGCTCATTCTCGACGTTGAAACCGACCGCATGCCTACTTGTCCCCCTGGCCCGGCTGTTTCTGTTGGCCCTGAGCATTGGGATGCTGCGTACTGACCTTTTCGCCGTCGATGAGGGAGTCGGGAGGATCTTGAATGACGCGATCTCCATCCTTCAAGCCGCTGACAATCTGGATGGTTGCTCCGTCATCCTGACCAATTGCCACAGAAACAAGATGCGCTATGTTGTCATCGCCGAGAATGCCCAGTTGCGTTCCCTGACGACGGAAGATGATCGCCGACGCGGGAACGATGAATGTATGCATGGTCGGGGCTTTGAAATGAACCTGTGCCAGTGATCCCGGCATCAATTCCCCTTTGTGATTGTCGACGTCGATCTCCACCAGCAAGGTGCGGCTTGAGGGATCGATGGCATCCGCGGTCCGCACCAGCGTGCCCTGAAAATTCTGTGCTGGATATTCGGGGAAAGTAAGGTCGATCTTCGAACCGCGCTTCAGGTTCGTTGTGTACAGCTGCGGGACGTTCGTGTACACACGAAGCGTGTTGAGCGCCTGCAGGTGGAAGAGCTCCTTCGCCGCCCCGGTGTCAATCAACTGGCCTGTATCAATGGAGCGTGCTGTGACCACACCGTCAAATGGCGCATAAACTTTTTCGAAGGACTGCAGTTCTTTCAGCCGATCCACATTGGCCTGCGCCGACTTCACCGCGGACGCGGTCGCGGAGGCCTGATTGGTAAAGGTTTCTGTATCCTGCTGCGAAACCGCATTTGTCTGCACCAGTCCCTGATAGCGCTGAGCCTGCGAATGTGCGTTCTTCGCGTTCGCTTCAGCTGTGCCGAGGTCGGCCTGGGCTTGCGTGAGTTGTTGATCCAGTTCGGGGGTTGCGATTTCTGCGAGCAGCGCACCTTTCTTTACATGGGAGCCGATGTCGTAATACCACTTGGTCAAGTAGCCCGACGTCCGAGCGTAAATCGGGGAATCTGTATAAGCGGTCACATTTCCCGGCAACGTGAACTCATCGGTTGAGGCGCCTGCCTTTGGGACCAGTGCGATGACCACCGGTGCAGCTGCCTCCTGGGTCGTCTTTGCAAGCACGTTGTTGTGGTGAATTCGACTCAGCACGCCAAATGTTCCCAGAGCAGCAAATACGAGCAGCACGATGATCAGGCCAGTAATGGCAAGCCTCGGGGCTATAGGCTTCTGAGCCGGCGCATGCTGGGTATCGTGTCCCTCGTGAGGAATTTCTTTGTTATTCCCGGCCGGCTTCTGGTTGGGGTTGGATTCATTGCTCATAAAGGTTGCTCCAAAAGGCTTGTACGAATTTACAGGGCTAATCGAATTCGTCGAACGTTGCGGCTTGTGCTTCGTGGCGCTTCGACCTCGTGCGCTTCTCGATCCATCCATGTACTACCGAAAAGAATGCCGGCACAAAAAACAGAGTAGCGACTGTGGCTAACAGCAGGCCTCCGATAACCGCGCGACCGAGGGGCGCATTCTGTTCTCCGCCCTCTCCAAGGCCCAGCGCCATAGGCATCATGCCCAATATCATGGCCAGTGCAGTCATCAGCACAGGACGGAGACGGACATAGCCCGCATTCAACGATGCTTGGCGCGCGTCGCCGACCAATTCTTCCAACTGCTCACGCGCGAAGCTTACCACCAGGATCGAGTTGGATGTTGCGACTCCCATACACATGATCGCTCCCGTCAGGGCGGGCACGCTCAACCGCGTTCCGGTGAGGAATAGGAACCATACGATCCCTGCCAAAGCTGCGGGAAGTGCAGAGATGATCAAAAACGGATCGAGCCATGATTGAAAGTTCACCACGATCAGCAGGTACACCAAGAGGATGGAGAAGACCAAACCACTGAGCAAGCCAAAGTAAGACTTCTGCATGGTCTCGCTCTGCCCGCGTAAGATGATGTGCGACCCGCGCGGCAGGATCTTCGGATCCTCATACTTCTTCACGATGCGCTCCATGTCGCGCGTCACGGAGCCAAGGTCGGTATCGACTACGTTGGCATAGATGTCCAGTACCGGCTGCACATCGTAGTGACTTACCGTGCCCAACTCCGCGCCTGGCTGGAACTGCGCAAGGTTACCCAGGATTTGAATCGGCTGCTGTGCTGCTCCGGGCGCATCTGTTTCCAGAGGGGCGGGGCCTGATCCCGTATTCGCTGCCGATGTTCCTGCCGTACCGTTCAGAGTCGTGCTCGATCGCGTTACCGGAAGACTCTTGAGCTGGGACATTGAATCGAGCCGGTATTGCGGGG
NZ_CP121196.1_gap17	1021044	1022465	1421	CACGACGAGGCACTCTACAAAAACGCTCAGGCTGAATTCAATCGCTATAAAGCACTGTTTGCCGCTGGCGTAGTTTCGAAGGAGTCGCTGGACGCCAACGAAGCTCAACAGGGCCAGTACCAGGGCGCGATAGCATCGGACAACGCAGCGATCGAGACGGCGCAATTGCAATTGAGCTGGTGCTACATCCAGTCTCCCATCAATGGCAAGATCGGCCTGCGTCTCGTCGATGCCGGCAATATCATCTCGGCAAACTCGACCAATCTCGTCATCATCAATCAGCTCAAACCCATCGCCGTCTACTTCACTCTTCCAGAAAACGAGTTGCCAGAGGTGCTCAAGCGTCTCGCGACCGACAAGCGCATCCCTGTGGACGCCTACGATCGTAGCGATACGACTTTGATCACCAGCGGTAGCCTGCTGACCGCAGACAATCAGATCGACACCACGACAGGCACCGACAAGCTCAAGGCGGTCTTCGACAATAAGGACTCGGTGCTATTTCCCAACCAGTTCGTCAACATCCACCTTGTCCTCGAAAATCGTCCGAAAGCGCTCGTTGTTCCTTCCGCCGCAATCCAGACTGGCCTGAACGGGTCCTTGTTTGTGTGGGTCGTCAACGATGATGGCAAGGGTGGGCAGGTCGCCCAAATGCAGAACGTTAAGGTGGCTCTCGCCGAGGGGCAGCAAACCATTCTGGATAGCGGTCCCGAGCCCGGAGCCAAGATTGTTGTGGACGGCGCTGACCGTCTCCGTCCCGGTCAGCCGGTGACCATCGCTGGAACACGCCAGCGGCAAAATCAGGCCGGGCAAGGTTCCGGACAAGCCCCAGGTTCAAATCCTGCGCAACCCGCCAGCTCGGGCGCCCCCCAGTCTGGTGGCCAGCACAAGCCGAGGCAGCAGTGAGTCTCAGCCCATCCCGCCCGTTTATTCTGCGCCCCATTGCAACTTCATTGCTGATGGCGGCCATCATGCTGGCGGGCGGCGTCGCGTTTCTGCAACTGCCGGTCTCCGCATTGCCCGAGGTGGATTACCCGATCATCCAGGTGCTCACTTTCTATCCGGGCGCGGGACCCGATGTCATGTCCTCCTCGGTTACGGCGCCCCTCGAGCGGCAGTTCGGGCAGATGCCGGGACTGAAACAGATGACGTCTGTCAGTTCGGGAGGCGGCTCGGTCATCACCCTGGAATTCAATCTCGACGAAGACATTGATGTTGCCGAGCAGGAAGTCCAGGCGGCGATCAATGCCGGTAACAGCTTCTTGCCGACCGATCTGCCCAATCCTCCGGTCTACAGCAAGGTGAATCCCGCCGACGCGCCCATCATGACGCTGGCGCTCACCTCCGATTCGCTACCACTGGACAAGATTGAAGACGCGGCCGATACGAACCTCGCGCAGAAGATTTCGCAGGTCACTGGC
NZ_CP121196.1_gap18	1062385	1065283	2898	GCGGGGTAGTCTTTGATAAACCCGTAACCGCCAAATAATTGCACGGCATCATCACAGATGCGCACTGCAACTTCGCTCGAGAATAGTTTGGCCATCGACGATTCGCGCGTGACCTTGCGGCCTGAATCCTTGAGCACGGCAGCGCGCTGGGTGAGCAGGCGCGCGGCATCAAGCTCTGTAGCCATATCTGCCAGCTTCCATTGGATACCCTGAAACTCGGCGATCGCTTTGCCGAACTGCTTTCGCTCCTTGACGTATTTGAGGGCTGCGTCCAGTGCGCCGCGCCCGATTCCCAGCGCCAGGGCGGCGATGGAGATGCGGCCACCGTCGAGTACGCGCATGGCGTCGATGAACCCTTCGCCTTCGGCACCGAGCAGATTTTCTTCCGGGATTTCGCAGTCCTCAAAAATTAGTTCGCTGGTATCGCTGGCGCGCAGTCCGAGCTTGTTCTCTTTTTTGCCCGGGCGGAATCCCTTCGTGCCCTTCTCCACGACGAATGCGGAGAGGCCGTGCGTGCCCTTGCTCTTATCGGTCGAAGCGATGACCACGGCGAGATCGGCGTAGTGGCCATTGGTGATGAAGGTCTTGTTGCCATTGAGCACGTAGCGATCGCCTTTTTTGATCGCGGTAGTGCGCGAATTGCTGGCGTCGGAGCCTGCTCCTGGCTCGGTCAATCCCCATGCTGCGAGCCATTCGCCGCTCGCCAGCTTCGAAACGTACTTTCTCTTCTGCGCTTCGTTTCCGGCAAGGAAAATGTGATTGGTGCCCAGCGAGTTGTGCGCGGCAACAATGATGCCGATGGACCCGTCCACGGCAGACAGTTCTTCAATCGCGAGAACATAATCGACATACCCGAGGCCCGAGCCACCGTACTCGGGCGGGAAGATGACGCCGAGTAGGCCCATCTGGCCAAGCTTCTTCACGACCTCAAGAGGGAATTCGCTGGCCTCGTCCCACTTCATCACGTTCGGGGCTATCTCTCGCGCGGCAAAGTCGCGTATCTCGCGACGAAGCTGTTCCTGCTCCTCTGTCAACACGAAGGGGTACAGGCTTGGATTGGTTTCGAGCGCAACGCTCATGGGTTTGGCTCCTTTGCGTCCGAGGGCCGACGCCAGCCTTGGCTGCTAAATGGATAAGATGCCGATTGACGAAGTTCAGAACATTTCCCTAGGCAACTACTCAGGTCTGCAGCACTCCGGGGTTGAACCTAGGGATATCAGGATTCATGCAACAAGCCTCAAGGGCGGTGATCAGAACGTCTCGCGTCTTTGCAGGATCAATGATTGCATCGATCCACAGGCGCGCTGCACCGTAACGGGGATCAGCTTGCGCGTCATAAGTATTCTTGATCTCGTCGTAAAGGGCTTTTCTTTCCTCCTCGGAAAGCACCTTGCCCCCCCTCTCTACCTGCTTTGCGCGGACCTCTGCTAAAGTTCCTGCAGCAGATGCGCCGCTCATTACGGCATAGCGAGCAGTTGGCCACGCGAACATGAATCGCGGGTCGTAGGCCTTGCCGCACATCGCATAGTGTCCTGCCCCGAAGCTTCCGCCGATGATGACGCTAATCTTGGGAACAACACTCGTACTGACAGCCGAAACCATCTTTGCGCCAGCGCGAATGATGCCGGACCACTCCGCATCCTTGCCCACCATAAAGCCATTTACATCGTGCAGAAAGATCAGCGGGACGAGGTTCTGATTGCAGTCCATGATGAAGCGGGCAGCTTTCTGCGCGCCCTCGGTATAGATGACGCCGCCCACTTCAATTCGCTTCGCGCCGGCCGATGGGCCCATGGCGACGATCTGATTTTGATTGGTCTTCTGATTGGCGACAATGCCGACCGCACGGCCGCCGATGCGCGCATATCCGCAAAGAACCGTACGGCCAAATTCCTCTTTGTACTCATCGAATTCACTTCGGTCGACGATGCGCGCGATTACCTCTCGCATGTCATAGACGTTGCTGGTCCCCGGCGCGGGGTTTAAGAGACCGTAAACATCTTCGATGGAATACCTTGGCGCGTCGTGCTTCGCATCATAGGGAGTTCGGCTAAATCGCTCTGTCGATGCGTTTGCCGGCGAGCGATCGCCGAACTTGTCGACCAGGGACCGCAGGCGCAAGATGCAGTGGTGGTCGTCTGGTTCCTTGAAGTCTACGGTGCCTGAGATCTCGGCATGCATGGCGGCGCCGCCGAGTTCCTCGGGATTAGTTTTCTGGCCGATCGCGGCTTGGACAAGCGAAGGGCCTGCGAGGAACAGCCCTGAACCTTCTGTCATCAGAACTGTATCGGTCATTACAGGGAGATAAGCGCCTCCGGCAACGCACATTCCCATAATCGCCGTGATCTGGGGAATGCCGAGCGAACTCATCACTGCATTGTTGCGAAAGACGCGCCCGAAATCGTCTGTATCTGGAAAGACATCTTCCTGTAACGGCAGGAATACTCCCGCAGAATCCACCAGGTAAAGCGTGGGGATGTGGTTCTCGAGCGCAATATTCTGCGCATGGATAACCTTCTTGGCCGTCATGGGGAAGAAGGCTCCGGCTTTTACCGTCGCGTCATTCGCGATGATCATGCAAAGCCGCCCGCATACGCGGCCCAGCCCGGTGACGACTCCCGCTCCAGGCGCGCCTCCGTATTCGGTGTACATTTCGTACGCGGCCCAGAGTCCCAGCTCGAGGAAATCGCTCTCCGGGTCCAGCAGCAACTTCATCCGTTCACGAACAGTAAGTCTCTTCTTCGCGTGCTGGGCTGCCTCAGCCTTTGCGCCTCCGCCCAGCCGGATGGTTTCTTCCTGAGAACGAATGGTGGCGAGCAATTCTTGCAGTGCGGTCCGGTTTGCCTTGGCGCGGGGCGACTGGGGATCAAAGCTGGATTCGATCGCGTTTTGAAGTTT
NZ_CP121196.1_gap19	1109307	1110020	713	AGTATTCAGTGGCCTTCGTTCATCCTGTTTTTCTGCCTTGCATCGGTAGCCAACACGTACTTGGGCATACTCCAACCGGAGTATTCGGTTTTGCGGCATCTGGGAATATTAGGACTGACGGTAACGTTGTTCTTGATAGGCACAGGAATTTCAAAGGCCACGCTGCGGGAAGTAGGCGTTCGGCCGCTAGCGCAGGGGATCGCGTTGTGGATTGTGGTTGCTGCCGGCTCGCTGGAGTTGATCCGCACGGGATGGATCCATCTGTGACGAGCGTGATCAAATAAAAATGCCCGGCGGTTGAGTCGCCGGGCATTTTCGATCAATTCGTTTATTTTTTAGCGATGATGATCGTGGTCGTCGCGATCATGGTCGTGGCCGCCCATCATATGGTCGACGGCAACCTGGTATCCGTGACGGAAACCATCACGGTAGGCCTCGCGTTGCTCTGGCGGAAGATGAGGATGGCGGTACTCTTCGCGGTTGTTCACATCAGGACGCCGGTGGTTATCGAAGTCCTTGCGGGCACCTTCAATGCCATCTTGAAATCCCTGCCGACGTAGTTGATCGAATTCATTCGGGGGTGCGTCCCAGGGACGCTCAGGAGCACGCATGCGCCAGTCGTTCGCGCCAGTGAGGTGCGACATGCCGACGTCGTATCCGCGGCGAAATCCTTCGCGATAAGCACCCCAAAATTGAGCTGGGACATCGGGACG
NZ_CP121196.1_gap20	1111318	1114913	3595	AAGGATCCTGAGGGTGGACTGACTGCGGAAGGGCGCAAGATGTTCGCGCGGAGAGAAGGCTCTCACCTGCGACCAGGGGTGAAGGGGCCGACGGATACTCCGGAGAAGATGCGGCGCAAGGGCTCATTTCTTCGCCGTCACTTTGCTAATCCCCGAGGCCCTCTGCAACGCGACGGAAAACCTACCCGGCTGGCACTCTCCGCGCACGCATGGGGCGAGCCGGTCCCGAAGACGATGGAAGATGCGCGCAGACTGGCGGCGAAAGGTAAGAAACTCCTCGAACTCTATCAGAAGACCAAGGGCCAAGCGAGAAAGCCGTGAGCCAAATCGAGGTTTGAGGTACAGGGGCAGCGCCCGAAAAAGTCAAGGTTACGGATTGGAGTCGGGTTGATGAGCAGCCAAGCTGAATCGGGTTCGGTCTGTCCTATGATGAAACGCAAGCCTCATGAATCAGGTCGAGAGAAGGGCGGGGTGGTCGCTCGCGGCGGGTATTTGCGTTGCCGTGCTGGCGATAACTGCGCACCCCTGCAGCGGGCAGTCCGACGCACACAAGAAGAAGGGGCCTCCGCCGCACGAGCCAACCTCGGCTGAACTCTTCGATTACATACATGGAGTCATGCTTGCATACAGTCCGGCGGACGAAGTGAATGACAATCTCGAGATTTCGATTGATCCTACGGCTACGGTGCTGACGATCAAACAGCCAGACGGCCACTGCGACATTTTTTTAAATGCCCTCGATTCCAACACGATCGTGTGGGACGTTTACGACGCCAGCGACTCCATGCAAACGCGGTCTCCGTTGGCGCGACTGACGGTGAATGCAATCGCAGGCAAGCGGGCCCGGACCTGCTACGACACAGACAACAATGTTGATCCGTCGACTCCCTCGACGCGGGCGCGAATCCTGTTCTCGTGGACTTTGATTCCCGACGGATCGGGATTTCAGACGAAGTTCACCAAGGCGTTAAAGAAGCTCATCAAAATAAGCGGCGGTATGACGGAGAAGGATATCTTCAAGTAGACTCTGCTGGCTTACTTGCTCTTGCGTCGTTTCAGATTCCAGGCTCAGTCACCAAGAGACTCTGTTCGTTAATTTCAAAATCGAAGCAATAGAAGCTGAACTCGAAATCTTGTTCGCAATTGAAAACCCGAAGACGTAGTCCTTCGAGTTGGTCGTTTGCCACAGAGGCGATTTCGAGATGGCAACTAATTCCGGGGTGTATTCTCTTGATACTCAATTCCACCACGCCAATGAAACTCAGCGCGAGTTTTTCGGAGCCACTCTCTTTTAGCAACTCAATTCGAACGGATTGATGCGGCTCCCCGATCTCGGAAGGGGTCTGGTCAATATGAATTGCAAGCACCCGAAGATGCCCGAGCTGCCTGCGGCGATAATTCTCAAGCCTCGATTGGATCGATGATGGCATGCAGATAGCATCTCAGAGTGCCGCTCGTAACAGGGTGGTTGACGACCTCGGCGATGAGTTTTTGTTGCAATGTGGCCGCGAATTCAATAGGTTTGTCACATCTCGCGTTCTATGAGCCTGACGCACAGTCTTCCTCCGGATCAGTGGACCAATCGTTTCCTCGATCCGACCGTTTGTCAGCCCGAGATCATTTTCGAAAAGGAGAAACATCGTGAACCTGCTTCGCTTCAGGCTGACGGCTGTCGCTGCATGCTCCATGACCCTGTTCCTCAGTTCATCCGCTCCTGGGGGAGCGCAGGAGGGCGACAAGGTTGATCTGGCTGCTTTGACTCAGATCAAGAATGAGGCCTTTCAGCACTCGCAGGTGATGGAGAACCTCTTCTATATCTCTGAGGTCTACGGCCCACGCGTCAACAACAGCCGCAACCATCGAGCTGCCGCGGAGTGGGCGATGAAGCGGATGAACGAGTGGGGCCTCAAGAACGTGCATCTGGAGAAGTGGGGGCCATTCGGCGACGGCTGGCAGATCAAGAAATACTATGGCGCGCTTGAATCGCCGGCATACGCCGCGCTGATCGGCTTCCCGCTCGCGTGGACTCCTGGGACGAATGGGCCGGTGACGGCTGAAGCTGTGCTGGCGCCGCTGCACTCGCAGGAGGACTTTGCCAAATACAAAGGCAAGCTGAAGGGGAAGATCGTGCTGATCTTCGATCCGCGCGAGCTCACGCTGCATACCGAGGCGGAGGCCAAGCGGCTGACGGACGCGGAAGTAGAAGAGCGCACTAAGACGACGGACCCATCGCACATGGGCTTCTTCTTCCCGATGCGGGCAGGAGCAGCACCGAGGCCGGGCGAGTACACGCCTTCGACGCTTTCGACCGCGGCGCCGAGCGGACGTGTTCTGCGTAACCAGGTCAATGCATTTTTGAAGGAAGAAGGCGTGGCCGTCGCCTTGACCCCGGGCTACAACGGCGATGGTGGCACAATCTTTGCGTCTTATGGTGGATCGCAGGATCCAAAAGATCCGGTCGGGCCGCCGATGGCAGCGATCACACCGGAGCAGTACAACCGCATCTGCCGATTGCTCGAGCACGGCATAACGCCGAAGCTTACCTTCGACATTGAAACCGAATATCAGAAGGACGACGAGATGGGCTTCAACGTGGTCGGAGAAATTCCCGGCACCAGCAAGTCCGATGAAGTCGTGATGGTGGGCGGCCACTTCGATAGCTGGCAGGGCGGCACAGGGGCGACTGACAATGGCACAGGCTCGGCCGTCGCGATGGAAGCAGTGCGCATTCTGGCCGCGATGCACAAGCCGATGGGGCGCACTGTTCGCGTGGCTTTGTGGGGGGGCGAAGAAGAGGGCCTCTACGGTTCGCTTGCTTATGTGCAACAGCACTTCGCGCCGCGCGACACGATGAAGAAGACTCCGGAATACGACAAGCTGGACGTGTACTTTAACGACGACTCTGGCTCAGGGAAATTCCGTGCGGTATCGGCGCTGGGGAATGCGGAGCTTGCCGCAATCTTCCAGTCGTGGATAACGCCGATCAAAGATTTGGGCATCGACACTGTGGTTGGGTTGACTTCAGGGCCGACGAGAGAACCGGGCGGCACGGACTCAACCAGCTTCTCGTGGATTGGCTTGGATGGTATCGGGTTCATGCAGGACCCGCTGGAGTATGGTTCGCGCACCCACCACTCGAATATGGATCTGTATGACCGCGTGCAGAAGGGTGATGTGATGCAGGGAGCGATGATCGAAGCGTGGTTTGCTTACAACGCCGCTACGCGAGCAGAGATGCTGCCGCGGATTGAAACGCCAGCGCCGACTGCGAAATGATCACCATCAATGCTGATGAAGAATTAGCTTTTGTGATGAATGGGCAATCGGCTGGATACACGACCGCCTCCCTTTGGATGGGGAGGCGGCTTGGTCAGAAGTCGCGAGTTGTTAGTCAGCAACTGCGGGTGCGGGAACGGGCTCAGCAACCTCTTGCGAAGCATCCGCCGCAACGTGAACGCTGAGATGTCCAGTGACTTCGCGGTGCAGCTTGACGGAGACTGTAAAGTCGCCAAGGCTCTTGATCGGCTCGTTCAGCTGTATCTTGCGGCGATCCACTTCATAGCCCTTGGCTGCGAGTTCGCTGGCGATATCGCCC
NZ_CP121196.1_gap21	1116094	1117789	1695	GCTCGAGCTCCAGCACCACGGGGCCACCGGCCTCGATCGTCATCAGGATGTAATTGCCGTCGTTGAACTTGCGCACGAGATAGGCGAGTTTGCGGCGACCCATCTTTTCGACGTTCTTAACCACGCCGCCGCCGTTGGTGACGTTGGTGGTGAAGCCCGCGATCAACTTGTCGACGTCTTCTTCGGCCACATCGGGCCGAACGATGAACATTACCTCATATAAACGAGACATCCGTATTCCTTTTCCGCCGGAACCCGCTGGCTCCAGCACGTCGCAAATGCAGTTCGCAGTTCAGAGTTCTTAGTTCACAATTGGGCTGCTTCTTTGCCACGCTGTTCCCTAATCCCTGTTCCCTGCTTCTTTCCTCCGCCGGGTTGTTTTACTCGCGGCGGTTAAATTCGTTCATTGCCGGCCCCGGACCTTCCCCGATGATGCGCCGTGTGGCCGTTGCCACCTTATCCAGCACCTCATCGAGTTTGACCAAGTCCGCCTTACGCATCGGAGAAAGGAGGTAATCCCTGCCCGGTCTTTTGCTGCCTGCTTCTGGCGGCAAATCCGGACCCACGCCGATACGCAATCGCAGCCACTCCTGGCTGCCCAGGGCACCGGTTACGCTACGGGCTCCGTTATGTCCCGCGGGCGAACCGCGCTCCCTGATCTTGAATGTCCCCAGCACCAGATCCAACTCGTCGTAAATCACGAGCAGGTCCTTAGCCGGGTCCACCTCGAACTCCCGAATCAGAGCGGCCAGTGATAGCCCGCTGAGATTCATAAATGTCTCCGGCTTGGCCAGGATCGTTTCGCGTCCCGCCAAACGGCAGGTTGCGGTAACGGCCCGGCAGCGCCGGTTCTGGACCACAATACCCTCTTGCTGGGCGATGCGGTCGATAGCCATGAACCCCGCATTATGCGGTGTCCATAAATACTCGAGTCCGGGATTGCCGAGCCCCACCACAAGAAAGGGCCCGGTCCGAACTCCGGAATCGCTTGATTCTTCCACCGGTGCTTACTTCTTCCCTCCGGCGGCTGGGGGCTTGGCAGCGCCTTCCGCAGCGGCAGGCTCTCCCTTACCCTTCTTGGCCACTTCGGGCTCGGTAGGTGTCGCACCGGCCTCGCCAGCCACAGGCAACTCGCCCTCGGCAGGAGCAGCAACAACTTCTTCACGAATCGAAACCACGTGTGCCACGGTCGCGTCTTCGTTGTTCAGGTACTTGATCTTTTCCGAGTGCGGCAAATCGCTGACACGGAGAACTCCATGCATGGCGAGTTCGCTTACATCGACGTCGATGTGGTTCGGGATGTCGGCGGGGAGGCACTCGATCTCGACTTCGCGGAGAACCTGATCGAGGATTCCGCCTTCGGTTTTCACGCCGACCGGGATCCCGAGCAGCTTGACGCGGACACTGACGCGGAGAACCTTGTCGAGCGCGATGCGCTTCATGTCGATGTGGATCAGCTTGTCCTTGATCGGCTCGCGTTGCGAATCCACGATCATGGCCTTGGCAGGCGGAATGCCTGCGACTTCGATATCGAAGATGGTGTTCTGGCCGGTCTCGGAGAAGAGAATTCGCGAGATCTGCTTGGGGTCGACTTCAACGGCGACCGCATCGTGACCTGCACCATAAAGGACAGCAGGAATTCTTCCGGCGACACGCACGCGGCGTGCGGCATTCTTATTGAACTTGCCCTCACGG
NZ_CP121196.1_gap22	1118883	1122327	3444	GACAGGGGGCGGTTCGCCGTTCCGCTGAAAAGCTTGAAGCGGCGGTCCTCGCTGAGATTGCGAGTCCGCTTGCGCTCAGGTGCCGGTTTGGCATCCTTGCCTTTCCCGTCCGGGGCTTGACCGGGGTTGGGCTGCTTATTCGCGTCGCCCGCGCCGGGTGTCTGCTTGTCTTCCAACGTTTCTGTCACCGTTCCTATTTCCATTTCCGATTACCTCCAAGCTGGTTGGCTTTGGCTGCATTCCGGTCGTGCTCAAAAAACTGGCTGGGCGACTAGGATTCGAACCTAGACAAGTGCCTCCAAAGGGCACTGTCCTACCATTAGACGATCGCCCAACTTCAAGAAAATTCGGGGTTATCCGAATGTCCTGATTGGCAGCCGTTCGCGAGTCTCTCTCCCGCCCAGCCGGGCTGTCAACCTTGTTGCCGCACAAGCATCTTTGCCCAATACTCCGAGCGCGGCAGGGTACGCGTGATCTGGCTCTCGACGCCCGCCGCAGTCAGCCTGTTTTGGGCTGCCTGTGCATCTCCGCGGGTCAGGTACAACCCGAAAAGAGCTGAACCGGACCCGGACAGCGAAGCATGAATGGCTGCCTCCGGAGTGCCGGTGGCCGCAAGAAGGCGCTTGATTTCTGCAAGGGAGGGATGCTGGGGAAACACGACCCGTTCGAAGTCGTTTTGGATCCAGCTACTGATCCCGGTGCGGACAAGCGCGGACTCTTGTGGTCCGGCCAGGTCCCCAGCCAAGCCAGGGACACCGGAGGAGCCTGGTTCATGCTGACCTTGCGGGATTGCTCCCGCGAAGGCGCTGGCATAAGCGCGGCTCAACTGTTCCAGTCTATCTTCTGACGCATCAGCGGTCAAACCTTCTGTGGCGCAGAGAGCGTCCCAGTCGCGGAAGGCTTGGGGCGTGGAGACGCCGACGGGTGGAAGGGCGACGACGCACCACACCTTTTCAAAGTCTGGCAGGGGGAAAACACTCTGCCCGTGGTCCCGACCGAGCACGGCGCCACCGACCAGAAATAATGGCACATCGGAGCCAACTTTCTCAGCCAGTTGAAGTTGGCGCCCAGGCCAATTGCCACCCCCCAGACCTATGTCGATCAGAAGATCATCGAGGTCGGAGCTGGAATCTCCGTGCCTCGAAAAAACCGGAAAGGTGGGAGCGGATGTTGGCGGCAGACCGAGTTCTGCTTCCAGGCCGATCATCGCTGCGATCGCGTTGGCGGAACCAGCTCCTAATCCTCCCTGGACGGGAAGCCGTTTTTCGATATGGATGGAGACACTTGCGGGAGTGCCGAGAGCCTCTAACTCGAGGGCCACCATCTTATACGCAGTGTTGCGGTTATCTGTCGGAACCCGACGGTCGTTGGAGGTCAGGCGGATCGATGTCGCCGCAGCCGCCTCTGCGGATACGGTAACAAGGTCATGCAGTTCAAGAGTCTGATAAACAGTGGCAAGCTCATGAAAACCGTCCGGCCGCGGCGCACCTATATAGAGGCCGAGATTGATCTTGGCGTGCGATCGGACAGTGGTGGGCATACCGGTCCATTGTAGAGCGGGTCCGTACTGGTGTTCGCTCGCCGTTTTCTGCAACTTAAACGAACCGTCAACGCAAAATGCTCGTAGAATCAGGTTGCGTTTTGGATACCCGTCGCGCTGAGCACGCGCGCGAGAGGACAATGCCATGCCTGCCCCGGGCAAAGTCGCATTCGGATTCATGCTGCGTTGCGGCTGTGCGTTCCTGCTGTGTTTCGTTGTCTGGAGTGCATACGGTCAGGGGCCGGTACCGCAATCTTCCGCAGTTCAGAAGTCCGCAGTTCCATCCGAGGTCTACTCCACTCCAATTGAACTCATTCACGACAAGCCCTACGTTTCCGTAATGGTGAATGGCCGAGGACCTTTTCGATTCCTCATCGATACGGGAACCGGAGGTCAGGCGCTGATTACGCGCGAGTTGGCGGAGGAGCTACTTCTGCCGGTCACGGGGCATGCGCATTTGACAGACGCAAGCGGCCTCGGCGAACAACGCTCCGAGACCACCTGGATCGGCTCTTTGAAGCTTGCTGGTGTGGAGTTTTCAGATGTCGAAGCGGTAGTCCACAACCTCTATGGCGATGCGAACTGCCAGGGGGTTCTAGGGTTCACGCTCTTCGAAGACTACCTGCTGACGCTGGACTTTCCGGGACGCAGGTTAACGTTGATGAGCGGGGAAATCCGTGAAGATTCAGACGGATCGGTGCTGCCTTTTCGAATGCCGGATGGTGTCCCTATTGTGCATCTCAAGATAGGGGAGCGGCAGTTGGACGCACAAATTGATTCGGGTGGTACCGGGCTGAGTGTGCCTCAGAAGGACTCGGCAGAACTGAAATTCCAGGAGACGCCTGTGGCTTTTGCCACGGGCGAATCGGTTTCCACGAGATTCGAAATCAAGGCAGCCCGCCTGCAACCGGATGTTAGGCTTGGCCGGTACATATTCAGGCATGCATTTGTCGAGATTAATGCTGCGTTCCCACTCGTGAACATTGGTTCGACGCCTCTGCAGCATTTCATCGTCACATTCGATCAAATCAACGAACTGGTGCGCCTGCATTCAAGCGAGGACACGCTGCGCCTGGATGCGTCTCCGTCTACGATGCAGTTGCTCAATGAGCATCAGCAGCAGCAATCAGATAACAAACTGGTGCCAGTGGGATGAAAGCAGCAGACGGCAATTCAGTGCTCCTTCTCTAGCTCTACAACCATTACTTCTATCGGATCTTTTCCCACATTAACGTCTGCGTGCTCGGTGCCGGGAGAATTCGCGGGAAGCCAGTAGGCGTGGCCGGTTTCCCAAATATGCTCTTCGGAACTCCCACTCTTTTCAACAATTTTCATGGTGCCACCGCGGAGCGCAATGATAACGCGGGGATGATCGTGGCGATGCATGGTCAGGGGTGCGTTGGGATACACAAGCGATCGCCACACCTTGACATCTTCATTTTCAAATTGCGGAAATCGCTGCGATGCGGGCTGCTGTGAACGCATCACGAGGACGGCTCCGGCACAGCCTAGAAGAGCTACGAGAACGTGAGTGGCGATCCTCTTCATTCGGTTCCCTCAGTGGCGAAAGTCTAACATCGCGATTTCGAATTTCGTTGCGATTCATTGGCGGGGTAATTAGGCTTGAAGCGATCTTTCCCAGGTTCTCGGTCAATTCAGAAACTCCTCAACGCAGATTTGAGCTTTAGTCGATGCGGTTCGAGATTCCTCTGAGGTTTCAGCATCATGAAGCGTCGTTCCTTTCTTAAAAGCGCGGCCGCATCGTTTCCATTCGCGGGATTCGACCCGACAGTCTTTGCCACTTCGGGCGTGGACCAACCGAACCAGGGTGAGGTCATTAGCGCGGGGAAAGACCGCCTCGGCGAAGTGCATTCACGAGGCTACAGCACGATCCTGTTCAAGGT
NZ_CP121196.1_gap23	1140826	1141717	891	AAGATCGAGTGTTCCCTGCGGCAATTCAATTCGGCCTGTCACCTTTCGTTTCTTCCCTTTCGCTTCGACAAGAGAATATGCCAACTCTTGTCGAAGTGCAAGGGAAAGCGGTGAATGAGTTTCCTTGCGGTGAAGTAGATCCAGAAAGGTTGAAACCGCGTTGATCCCGATGTCTACACTGGACGTGAGATGGATCGCCGGTCTTCATTCGTGCCTTCGGGGTATCGCGGCAGGCTTGCGCCTTCGCCGACGGGATATCTGCACATCGGACACGCGCGAACTTTCTGCACCGCGTGGAAGCGGGCCCGTGCGGCAGGCGGAGCGCTGGTGATGCGGATGGAGGATTTAGACCGGGAACGGAGCAGGGCAGAGCATGCGGAGGCGGCGCTCGAAGACCTGAACTGGCTCGGGTTGCATTGGGATGAGGGGCCAGACGTCGGCGGCCCGTTCGGGCCCTACACGCAAAGCGAGCGGACCGATATTTACTTGGCGGCATGGCGGCGGCTACACGAGGGCGGATTCATTTACCCCTGCCTGTGTTCGCGCAAGGATATGGCGGCGTCCTTAGGTGCTCCGCATGAGAGCGCAGGACGAGGACAGGATGCGGAAGATGAGCCGGTGTACCCCGGAACTTGCCGAACCCTCGACGCATCTGCGTGCGGAGCAAGCGGGGAAGCTGGCCCGAGAGGGCTCAACTGGCGGTTGCGCGTACCGGACGGGGAGGCAGTGGAGTTTGAAGACGGCAATATGGGACGACAGAGGTTTGTAGCAGGGATCGATTTTGGGGACTTCCTGATATGGCGAAGGGACGGTGTTCCGAGCTACCAACTGGCGTGCGTGGCGGACGACGCCGCCATGCGGATTACGGAGGTGGTGAGGGGAGCCGATCTC
NZ_CP121196.1_gap24	1144865	1147304	2439	GGTTGGCCCACAACTGGAAGCCGTGCATGCGGCCGTTGGCATCGCCTTTGGGCATTTCCTGGTGGAGAATGCCGCTGCCTGCGGTCATCCATTGGACGTCACCTGCAGTCATTTTTCCCTTGTTGCCAAGCGAGTCGCCGTGCGCGACCTCGCCGGCTAGCACGTATGTGATGGTCTCAATGCCGCGATGCGGATGCCAAGGGAAGCCAGCGAGGTAGTCCGCAGGGTTCTCGTTGCGGAAATCGTCGAGCAGGAGGAATGGATCGAAGTCCTTGGTTTTGCCGAAACCGAAGGCGCGCTGGAGTTTGACGCCCGCTCCTTCGATGGTGGGCTTGGTTTCAAGAATCTGTTTGACCGCGCGAAGAGACATGGTGACCTCACTTTTTGCCTTACACATGATTAGATACGCGAGGAAGATATTCGTTGCAACAAGTAGTTTTTGGTGGTCAGTGGTCCTTGCTCAGGCGGGAGATGGGGTAGTTGAGCAAGCCTGCCGGTCCGCTTGTCAGGCTGACCACCGATCACTGACCACTGCTATTTAGGCCTTTATGAACTGGACTTCGAGGGTGATTTGAACGTCGTCCCCAACCAGGAGGCCGCCGGTTTCGAGGGCAGCGTTCCAATTCAAGCCAAAGTCTTTGCGGCTGATCTTGGCCGTGGCAGATAGGCCGATACGGGTGTTGCCCCATGGGTCTTTGGCGGGGGCACTCGGGCCGTCGACTACGAAGACCTGTTGGCGCGTCTGGCCGTGGAGGGAAAGATCGCCGGTGACGTTGTATCCCCCGTCGCCATTGGGCTTGACCGAGGTGGACTTGAAGGTCATCACCGGGTACTGCTCGGAGTCAAAGAAGTCGGCGCTTTTGAGGTGGGCGTCGCGCTGAGTGTCGCCAGTGCTGATGGTGGCGATATCGATCGAAGCCTCAACAGTAGAGAGGGTGGGGTCCGTTGGGTTTTCATAGAGCGTGCCGGAAAGGCCGGTGAAACTTCCTTTTACGTTTGAGATCATCATGTGCTTGACCTTGAACTCGGCGTGGGAGTGGGCAGGGTCGAGCTTCCAGGTGGTGATTGCTGCGGGGGATTGGGTCGAACTGGCCATGGGTGGCTCCTTTCAATTGTCTTGGATGCGCGAGGGAGATAGTTGTTGCAACAAATATTTTTAGGATAGGGATTAGGTGAGGGAGCAGGGGCCAAAAAGCTGGAATTTCTGCCCTGACTCTATCGGTCCTAGCGAGGAAGTTGTTTGCCGCCGATGATGGTGAATGTTACGGACTGGACAGACGAGGCCGTGTCGCCGTCGTATTGAGATCCGCCTAGAGAAAACTTGTAGTTGCCCGGCGTTACGGCGCGAATTCCCTTCTCGTCGACTTGCGAGAGGGTGCGGGCGTCGAGAGTGAATGTGATGTGACGGGTTTCTCCGGGGTTGAGGTGGACGCGCTGGAAGCCTGCGAGCGCGAGTTTGGGCGAAACAGATGATTGTGGGGGGATCAGGTAAAGCTCAGATACCTCATCGCTGGGGATTGAGCCGGTATTCTTCACGTCGGCTTCCAAGGTCAGCGGATCGCCTGCGTTGAGGGTCTTGGTTGAAAGCTTGAGGTCGGTGTAGGAGAAGGTGGAGTAGCTGAGGCCGTCGCCGAATGCGAAAAGAGGCTTGCCCTTGAAGTAGCGGTAGGTGCGATTGGCCATGGAATAGTCGTCAAAAGCAGGAAGCTGATCGATGCCGCTGTAAAACGTGACGGGGAGGCGACCCGCGGGATTGCTTTTTCCGCTGAGGGTTTCCGCGATAGCTTGGCCTCCGGATTGGCCTGGGTACCAGGCTTCGAGGAGGGCGCGAGCGTTGTCTTTTGCCCAGTTCACGGCAAGGGCGCTGCCGTTGAGTAGAACGACGACCATGGGCTTGCCGGTTTTAGCGACGGCTTCGAGCATTTCCTGTTGAACGTCCGGCAGGTTGATGTCGGTTCGGTCGCCGCCGGAGAAGCCCTTGGCGTCCACCTTCATCTCTTCGCCTTCGAGGCGCGGCGTAAGGCCGACGAAGGCGACGACGACGTCGGCTTTGTTTGCGGCGGCAACAGCCAAGTCTTGGAGCAGCTCGTGGCGCGGACTCCACTCGAAGGCAATGCCGGAGCCGGGAATACGGGCAGTCTGGATGTACTCGATGCGGATGTCGTGGGGGCGGGTGTCGGCGAACGGAATGTTGAAATGCTGGATCGCTCCGTAATTGCGGCCGGAGGGCGGGAGCTTGTTGGTCGTTAGTGATGGCGGTGCGTCGGGCACGAGCTGCTTGCCGTCGAGATAGAAGGCGAACTTTACCTTGCCGCCGCAGGGATAGCAAAAGGGGAGGCGGAGCTGGAGGTTAAGCGTTTCTGGAACGGGCGCAGCAAAGGTTCCAATCCAGCGAACGGCGAACGCCTGGGTTATGGTGTCACGAGGCTCTACAGGGTT
NZ_CP121196.1_gap25	1211329	1213811	2482	CCATGCCCAGAGCAACGTTGTATTCCGCTGAACCGCGTTCGTCTGCGTATCCCGCGATTGTGAGAACGATGCTCGGATGCGCGATGAGATATGCAGCATCTTCTCGAATGGCATTCAATGCATCCGGACGGAGATCCGCCTGATCGTAGTTGAAAAACAGATCTCGCAAGTTCTCGCGTGCGCCTTCATCGTAGCTCCCGCTCGGCGGAGCCGCGAACTTGGTTGTCAGAATCTGATCGCGTCCTTCGCTTCTACCGGTGATCTGGAATGTGACTTTGCAACTGGATGAATTCGACGGGTTCGACGAGAGCGCTGCCCGGCCGTCCACCTGATAAGTTCCAGGTTTCAGGTTTGCCGTATCAATCGTAATTACGCTACCTCCGTTTCCGTGAATATCGCCGCCGCTTGTCGCCCAGTTATAAGCTACGGGGTAGAGATCGGGATCAAGAGAAGTTTCGCCCATGATGTGCACGGGCTGCCCCGCGGCCACCAGCTGATTTGATACCGAACAGCTGAGAGAAATGCGCCTTGGGGCCTTGGAGGTTACAGCTGCCGATGGTGGCGTGGATGCCCCGGATCCTCCAAAGTGCATCACAAGCCCGACGCTAATTTGCAATTGACGCTGCGAACCATTCACTCCGTTTGGAAGGGCGGTGTGCAGATACTTCGCGTCGAACGCCCGGATAGCAAAGCGATCGTTCAGACTGAAATCCAGACCGCCTCCTCCGGTATAGGCGAAGCTGGTTGCGCTCGTACTACTCGACGTGCTTGACGGAAAATAGGATCCCCCGCCGTGTGCGCCTCCAACGAAGAACTCGCCGAAGGGCACCGCACGATAGCGCGGCCACGAAATCCGAGGTCCTCCGATGAACGTGGTGAGCGTGAGATCTTGACCCAGGGAACTGATATGCGAAGCATGACCTGCGCTGAACTCGCCGGCAACCCCGAGCCAACGACTGAAATTGAGCTGGCCGCCAGCAAATCCGCCATTCATCGTGAAACAGCCACAATCGCCCGGAGGAGCGTTGGCGTTGACCAGGTTATAACCGGCGGCCAGGTCAAACTGCGACGACGAAGCCTGCGATCTCTGATCGAACGCTGTCTGTTGTCCGCTCGCTGCGCCCGCTCCCAACAGCGTGATGGCTATGCTCAATGCGATTGCTCGATTCATCTTGTCGTCTCCCGTCGTATCTGCGCGTAGAGTTCTGCTCCGTTTCGCCGCTTAGTAGAGCAACGAAACAGTTGGGGAAGTAGTAAGTGGGTTGGTATCGATTACTACGAATCTGCCAGGTGAAATCGCATAGACCACTGTTGTCCCGTCGGCAAACACATAGCGTCCGGCAGTTGCAGGTGTGGCGTTGCCATTTGGATTTGACAGGCTGTAGGTAGTGGATCCCGAGGTGCCAAGTTGAAGCACATTCAAAGTGCCGACGCCGACATTCTCGTCAAGCGTGTAGGTGGCGTTGCCGGCCCCGTCGGCAGTGAAGTTGCCGGAGGCATTGATGCTGGCAAGTGAGCTTGCCGGAATCGTTCCTTCGACATAGGTCCCCTTCAGTGTTGCAAGGCTGAATGGAGCGCCGGTTTGTGCTTCAAGATGCCCAAGTCCGGCATATCCAGTTTCGAGGAAGTACCCGTGGTTGGGGCTTACCAGGTAGACAACACGAGCATCCGGCGGACCTGTCGGCAATCCGAGCAGGCCAAGAAGGATGGAAATGAGGCTTGAATGGTTTGGATAGTCAAGCACTCCACGGCCATTGGAACTCACGGTGCATGCCGAGGTTCCGGTTGCGCCGTAGGACCCCAACAACCCTTCGAGAAGATTGCTCTTGTTCGAGTTGGACAGTCCAGTGAGGTTGTCGACAAGGCTGGTAAGGCCGCCGCTCTCAAAGTTGGTGGTGTCACAGGTGCCCGCACCGTTGCCACTCGCGCGGAAGACGGTTGCGGTCGAGAAATTCAGCACGTTCTGCAGCGTCGTGCCGAGAAGTCCAGGATTAGATTGCGCATCTTCGTAGCCAACGAACGGGCCGTTCATGGATGCGTTCGAGAAGCTACCCGAGGTCTGCAGTTCTGCGGTGCCCGCCAGCAGCGTGTATGCAGAATGCTTGTCCGTCGACAGAATGAATGCTTCGTTTGCATTCACGATATAGACAGCAAAGTTGGTGGGATAGAGGCCGTCGGAGATGCTCGTGTTCGTCATCTCTAGTTGCACGCGGCCATTCTGATCGGCGGTCTGGTAAGAGCCGCTGACTGGAGCATTCGCGAAGTTGAAGCTGGCAATATTTGTGTCTGCAGTGCCTGCAGATATGCTGCCGGATCCGTTGGCAGTGAAGGCTCCAACCGTGGCCACTGGTCCAGAAGCAATGCCAACAGTGCAGGAAACCAGACAAGGCGTATCCCCCGACAATCCGAATGCATAGCTGCCTTTCAGCCCAGCGCTGAAGGAAGAGGGGGTCTGCGCAAGCAACTGGCCGGACCCCTTGGT
NZ_CP121196.1_gap26	1365107	1366656	1549	GCATTCAAAGAGATGTTGCAAGAAGTTGAAGATGCACAGCTGGAGGGCTCAATTCAAACTACTGAAGAGGCTCTTGCTTTCCTGCGGCAACGATTCCAGCCTGCCGTGTGATCTTGCGTGCGCGCTGACGCAGGAAGCACAATTATCCGACAGCGATGGCTGACAACCGCGGTATTGCATGCATTATGAATACAACTCCGCTTCCCATTGCGCCGATGTGTTGAATCGAATTATGAGTGAAAGGAAGAAAATGGGCCCCTGCAACGGTCGATTATTTGCTGTTGTTTTCCTGATCTTGTTCCCCATTCCGGTATTGACGGCAGAAAGCCGGCAGGATGTCTCGGAGGGTCCATCTCTGAAAGTAACATCGACCTTGGTCACACTCGATGTCACGGTCTTTGACAAGAATGGGCAGCCGGTTGTGAGTGGGCTTTCGAAGGACGACTTCAAAATCACTGAGAACAAGCAGCCGCAACGCACATTTTCTTTCGAACCGGCGCAGCTTCACATCTCCGATGCGAGGGCAAGCAGCCTTAAAGGGAATAGCCCAAAAGACAATCGCGACGACCGGATTCCTCTTACAGTTTTTGTCCTCGACAGGTTGAACTCAACAGTTGACGAGTTTGCGCAGCTACGCGAGGCAGTCCGCACGTTCCTGTCTCGCCAGGAAGATCAGCTGAGTTCCCCTACCGAAATGTTGGTCATTGGAAATGATTCGCTGGAGATGGTGCAGGGTTTCACGCGCAGCCGCGACGATCTGCTCTTCGCGTTGGATCATGTGGAGACAGTGCTCCCCTTCAAACTCATGCACAGCGACTTCGACGGCGAGCGCGCGCATCAATCCATAGACGCCCTTGAACAAATCGCCGTGCAAAACAAGGGCCTGCCGGGCCGCAAAAATGTGATCTGGGTTGGTCCCGGTGGTCCAAATCTTGACCGTGCCGCCTATGGCACCGTGCTGGATTCTTGGCAGCCGTACATTCATGCTGCTGTCAACTTGCTGGTGAATGCACGCGTCAGCCTCTTTGTGATTTATCCGGGAATGAAAACCTCATCCCAGCTAATTGCGGCTGATTCTCCCGGTGCTGCAGCAGAGAACTTCAGTAGCTCCCGCGACCACGACATCGGTAACAACAATCCGCACACTGGAGATATCAACTTTCCGCTATTTTCGCGAGAGACGGGAGGCGCTCTCTTTTACGATCGAAACGATCTTGATCAGGAGATAGTAAAGTCCACCGAAATCGGTACCCATTACTACACGTTGACGTACCAACCGAGCGATAAATCTGCGGATGGCAAATTTCGTGAGATTCATGTTACTTTGCGCGATCCGAACCTCCGTGCCGTTACAAAGAGCGGATATTTCGCCACGGATCGCCGCACGCCCGTCGATCCTCAGCAAGTGCTGCAGATGAACGTTATTGAGGCGGCGCGTTCGACGATTCCCTTCGAGACCCTGAAGTTGCACATATCCGATGTACTCCGTCGACCCGAATCGCACATGGCTCAATTCATCGTCCATGTAATGCCCAGGAATCTTGGCTGG
NZ_CP121196.1_gap27	1558302	1558833	531	CGGCGCATTGCGGGTGTCTGGCTTCTATTCCAAACCCGAACTGCAAAAGCTCAATCGCAATTCGATCTATATCTTCGTCAACAAGCGCCTGATCCGCGACCGCCTGCTCTTGCACGCCATCGCCGAGGCCTACCGGAACATCATCCCGCCCACCAGCTCTCCCGTTGTGTTGTTGTTCCTTGAAATGCCGCCCGAAGAAGTGGACGTAAACGTTCATCCTGCGAAAACAGAAGTCCGCTTCCGCCAGCAGTCCCTTGTCCACGATTTTGTCCGCGACAGTCTTCGCAACGCGCTCATCGCCGCTCGTCCATCAGCCGCTTTTATGGCAGCCCTCGATTCATCTCCTGCTGCCTCGCCGTCTCTCATCCCCGTGCCCATCTCCCGGCTTCCCGGGGCTCCGCATGATCTGAACCCGGATCTGAACCCAAGCGTGCCACCCGACAGCGACGCCGGCCTGATCCCAACTTCCGATGCTTTTCAATTGACCCCTCGACCCATCAGTCCCTTGCCCGGTAAACTGCCCTTCGGCGA
NZ_CP121196.1_gap28	1629600	1631214	1614	TGCAAGTGGCACCCGCAGTTCCTCAGGGAGAGCATCGATCATCGCGTGAATCATCGAATCCTCACTAGCAGAGAGCAGAGCCTGCTCCGGGCCCGGCTGTAGCGACGGAGCCTCATCTGCTTCCAGCGGCTCGGGACCAGCAACCGGCAGCTGCGAGCGGCGCGGACGAAGATCGATCGCTTCCCTCCACGCGACCCGCGCAAGATAAGCGCGTTCGTTTTCGGCGCGCTCCCATCCGCGATTGCGATAAAGCTTCAAGAACGTCTCCTGCACCGCGTCCTCTGCGTCATGAGAATTGAGCAGAACTGCATAAGCCACCCGGAAGACAAAGCGCGACTGACGATGAACGAGTGCCGTGAACTTTGCATCCGGATCAGTGGTCAAAACTCGCGCGCTCCCTCGGGCTGCAGATCATTGTCGGACGCAGCGTTCGCGTTGTACACACCCTAAGACCGCGACCAACGCCCAAGCGTTCAGAAATCTTTCTGAACAAGAAGAAACCCGCTCCTCATGGCGAGGAGCGGGCTGTAAAGGGCTGAACTTCTTAAGGTCTACGCTTTGGCTGAAGTCAGGGCACCGAGGTCGGCTGCCAGCTTCTCCGTGGAGAAGGCTTCGATCAAGTCGCCTTCCTTCAGGTCGCTAAAACCGCCCAATCCGATGCCGCACTCCATGCCATTGGTCACTTCGCGTGCATCATCCTTGAACCGTTTGAGCGATCCAATCTTGCCCTTGTAGACCTGCTCATCGCCGCGCATAACTTTGACTTCAGAGTCGCGGCGAATCACGCCGTCCTGCACTCGGCAGCCGGCGATGGTGCCGACCTTGGGAATGCGGAAGACGTTGATGACTTCAGCGCGGCCCACGTAATTCTCCTTGAAGGTTGGATCGAGGAGACCCAGCATGGCGAGACGCATCTCGTCCTGCAATTCGTAAATGATCGAGTGCAACCGGATTTCAATGCCTTCCTGCTGCGCCAGTTCAGCGGCCTTGCGTTCGGGACGAACGTTGAAGCCGATGATGATGGCGTTCGAAGCCGTCGCAAGCAGCACGTCGCTTTCAGTGATCGATCCCACACCGGAGTGGATCACCTTGACGCGTACTTTCTCGGTCGACATGCGTACCAGCGAATCGGCCAGCACTTCAACCGATCCCGTCACGTCACCCTTGATGATCAGCGCAAGGTCCTTCACGCCGGCCTGGCGAATCTGCTCCGCCAGTCCTTCGAGCGAAACGCGCGAGCTCTTCGCCAGCTGTGCTTCGCGCTCCTTCATCTTGCGGTATTGCGCAATGCCCTTGGCCTTGTCGCGATCCGCAACCACGAGGAACGTGTCGCCGGAATCCGGCATGGATTCGAGACCAAGCACTTCAATCGGCGTTGACGGACCGGCTTCTTCAAGCGGCCGTCCACGATCGTCGAACATGGCGCGAACTTTACCGAATGTGTTGCCAACGATGTAGCTGTCGTTCAGGCGAAGGGTTCCGTCCTGCACCAGCACGGTTGCCACCGCGCCGCGACCGCGATCGAGCTTAGCTTCGAGCACCGAACCGACAGCCTTGCGGCCCGGAGTTGCCTTTGGTGCCTTGATGTCTGAAACGAGACAAATCATCTCGAGC
NZ_CP121196.1_gap29	1633275	1635576	2301	TCATGGTCTTCAATCGAACTCGAGTGAGTCTTTCCCTCACCCAGGCCGAGTTCCCCGAGAACGTCAAGAATCTGACGGCTCTTGACTTCCATCTCACGCGCGAGATCGTTAATTCGAACCTTGCTCATCCGCCTCTTTTCAGAATGTGCTACCCAAAGCCCTTTAGTCGCGCATAGCAACCTCTTGGCGTTGGCTTGTTACGTTGCCACCATCACGGCCTTCCGAAATCTTCAACGACAAGTTTCGGTCGTTATGGCGGTAATGGTGTTGAAAAGCACGACGCATACTATGCGCCGCCCTCTTCATTCTCTTCGGTTCCTTCGTCCACGTCCGGGACGTTGTCGACCGCAAGTTCTGCCGCGGTCTCGTCCTGATCTTCAGTGGCTTCTTCAAGCACTTCTTGCGAGTTTTCGAGCTCTGCTTCCGCGGTTCCAGCCACAGCCTCGGCAGTCTCAATTTCTGACTCGCCTTCAGAGATCGTGCCAGTGTCTGCCGCTGCCGTCAGTGCGGCAGGCTCGTCGATACCTTCGGGTTCTGGCGCTCCAGCTTCCCCGGCAGTTGCGGAAGGTTCAGGTTCTTCACCTTCCTCGAAATGGCCGAAGTAGTGGCGAACTGCGACGCTGATGCGTTCCAGCGTCTTCTCGCCGATCCCCGGAATCTCTTCCAGCTGCTCCGGCGTCATATCGGCCAGTCCTTCTACCGTGGTAATGCCGGCAGCGACAAGCTTTTGGATGATGCCTTCGCCCAGTTCCGTAACCTGCTCGATCGGAGTCGAAGGTCCACCGGTGAGCGCCTGCATCTGCTGCTCCACTTCCTGGCGCTTCTCTTCTTCGCTCTTGATATCGATCTTCCAGCCCAGCAACTTGGCCGCGAGCCGGACGTTCTGACCCTTCTTGCCGATCGCCAGCGAGAGTTGCGTGTCATCCACGATGACTTCAAGCTGCTTGTCCGTCAGGTCGGTGATGGAAACGCGGCTGACCTTGGCAGGCTGCAGTGCCTTTTCCGCAAAGGTCGTGATCTCTTCGCTGAACTCAATGATGTCGATCTTCTCGCCGCGCAGTTCACGAATGATGGACTGCACGCGCATGCCCTTCATTCCCACGCATGCACCCACCGGGTCGACGTCCTTGTCGCGCGACTGAACAGCAATCTTGGTGCGCTCGCCGGCCTCGCGTGCAATGGCGCGGATGGTCACTGTGTTGTCGTAAATTTCCGGCACTTCCGACTGGAAAAGGTTCTGCACCAGCTCCGGCGCGGCGCGGGATACGATCACCTGCGGCCCCTTGGCTGCGCGATCCACTTTCAGTAACACCACGCGAACCCGCTCGCCAATGGTGAACTGTTCAAGCCGCGATTGCTCGCGCTTGGGGCAGCGTGCTTCAGCTTTGCCGAGGTCGTAGATTACGTCCTGGCCTTCAATGCGCTTCACCGTCGCGTTCAGTACTTCCTTCTCGCGATGTGCGTACTCGTTGAACACTGTATCGCGCTCGGCCTCGCGCACCTTTTGGAAAATCACCTGCTTGGCAAGCTGTGCCGCGATGCGTCCCAGTGGCGTGGTGTCGCGATACATACGAATCTCGCTGCCGACTTCAACACCCGGCGCGAGCTCATTGGCTTCTTCCAGCGTGATCTGGTTCACCGGATCTTCAAGCTCGTCGTCGTTGGCAACGACGGTCTTGTAGATGTAGGCAGTGATCTCGCCGGTATCCTTATTCAGCTCTCCGCGCATGTTCTCCTGGGTCTTGTAGTACTTGCGCGTGGCCAGGGCAATCGCCTCTTCCACGGCACCCACCACGATTTGAGGCTCAATGCCCTTTTCGCGACTCAGGAGTTCGATACTTTGATATAAAGCGCTGGCCATGCTCTTCTTACTCTCTCGGATTTTCTTTGGGCGACCCGTCCGTGCTCCGGACCAGTTGCACCATTAAATTGTTGTTGGAGAAGCTACGATTCAAGCCTCTCAAGCCACACGCCAACGCGTGTCTAAATCTCCGGAATCAGCTCTGCTTTCTCAACGTTGTCCAGAGCAATCTCGACCGTATTCACGCCCGCCTTGCGGCTCTTGCTGTTTTGCTGCGTAGCTGCAAGATCAAGTGCGATATTTGTCCCCGAACCCGCCAGCAGCCGTCCTCTCCAGTGCCGGTTATTGCGAACCGGTTCGAACGTCTGCACTTTCACCAGGCATCCCTTAAACCGTTGAAACTCTTCCGGCTTGGTCAACTTGCGGTCAAGCCCCGGAGAACTGGCTTCCAGTGTGAATTCATCTCCGGGTACTAGATCTTCGACATCCAGCAGAACGCC
NZ_CP121196.1_gap30	1640775	1645359	4584	ACCGTAATATTGCCGCCCCATGTGATGTATGGCGACGAATCACTGGTTGGCGCGTTGAAGCCCCCGCCCACCTCGTAGGTCAAATGGCTCCTGATTCCCCCACCCCCACCTCCGCCGCGGGACCTGTTATCGTACTGCCCCCCACCGGCTCCATTTGGCGATGGCGCAGCCGGCAAGGCGGATAGGTCAGGCATATCAGTGTCTGCACCAAGTTGGAGCGCGTTAGAACTGGACTCCGCCGCAGGGGCACTCACGGCACTCGACGATTCAGGAGTCATGGAGAGTTGGGCGCTCGCAGAACCGAGTGAAAAGGCAAGCCCAGCACACAGCAGAGCGGTCCGCCCGGCAAGTGTCGTATAGCGAACTGAAATCATTTTCTGTACCTCGCAAAAGAATGTCCATATCGGGGAAGCATAAGTTCCCGTAAGCACTTAGACTCCCTTCCGGGATCAAAGTTGCATGCAGCATTCACATAGCGAAAGGCCGAGGTTACCCTCGGCCTTTCGGTTTGAAGCTATGAAAAACTCGATCGCTTAGCCCTGAATGTCGAATTGCTCCGGATGTAACGTCGGATCGCTCTTGATCAGGATGTTTTTCCCAACCAATTCCTCAAACTCGTTGATCCAACTTGCGTTATTGGCTTTCAGAACCTTGACCGTCTCGGGATTCACGCGCAGCATCACATCGGCTCCCTCGAAGTGCCGCTTCATCTTGCGCAACTCGGTATAGATCTCGTTGCACACCGTGGCCGGACTCTTCACCATGCCGGTCGCCTGGCAAGTTGGGCAGGGAACTGAAAGCGTGCGTTCCAGCGACTGCTTCACGCGCTTGCGGGTAATCGCAACCAGCCCAAAGTCGTTAAACTGCAAAACCTTGGTCGGGGCACGATCGTTCTTGAGCGCCTCTTCAAGCGCGGCCATCACCTTGAATCGATTTTTGCGCTCATCCATATCGATGAAGTCGATCACGATGATCCCGCCCAGATCGCGCAATCGAATCTGACGCACAATCTCCGGAATCGCATCGAGGTTAGTCTTCAGGATAGTGTCTTCAAGCCGAGCCGTCTTGCCCACATACTTGCCGGTGTTGATGTCGATCGCGACGAGGGCTTCTGTCTGGTTGATCACAATCGATCCACCGGACTTGAGCCACACCTTGGATCGCAGCGCCTTCGAGATTTCATCTTGAATGCCGAAGTGTTCGAACAGCGGTGTGTCTTTGGTGTAGAGCTTTACGCGCCGCACCAGTGTCGGCGAGAAGCGATTCAAGAAGCGCACAATGCGCTCGTAATCCGCCTCTGAGTCAACCCAGATCGATGAGAAGTTGGAACTTACCTGGTCCCGCAGAATGCGTTCGATCAACGACAGATCGTGATAGATCAGTGCCGGCGACTTCGAACTGTCGGAACGCTGCTTAATCTCATTCCACAAGTGAATCAGGAAGCGAAGATCGGCGCGTAACTCCTCTTCAGATGCGCCCTCGGCCGCAGTGCGTACGATGAATCCACCGGATGCATCTCCGCGCTCGTGGGTAAGAATCCGCTTGAGGCGCTGACGCTCTTCGTCCGAGGCAATCTTGCGGCTCACACCGACATGCGTGACCGTTGGCATGAATACGAGGAACCGTCCAGGCAACGCGATGTGGCTCGTAATGCGCGCACCCTTCTTGGCGATTGGCTCCTTCGCAATCTGAACTAGAATCTCCTGGCCTGGCTTCAACAAATCGGAGATGATCGGAAGGTCCGAAGTCTGCGCCGAACGCCGAGACGGACCGCGTCCTCCCGGACGGTGACCACCACGGTCGCTGCCGCGATCCCCTCGTCCCCGGCGACCTCTGTTACCACGATCGCGGCGTTGATTCTGTCCATCAGCGGCTGGTTGGGTTCCAGATGCAGTCGCTTCTTCCTCGTCCTCTTCGCCTTCGAGAACTTCCTCGCCCTCTTCGCCGTTCTTGTCTTCAAACTTCATCTGGATGCGGTGGTCAAGATGAGCTTCCTGCAACATTTCGCCTAACTCGCCAGAGCGAATTTGCGTGTGCAGCTTCTCCTCTTCCTCGTAATCATCCAGATCATGTTCGTCGGTCTTGTGGTGATGATGAGGAGCGTCATACTCTTCGCCCTCGATCAATTCTTCCTCAACCAGACCGCTGCCCGGCGAGAAGGATGAGGCGACTGGAACGGACGCTGGCTTTGTCTCTTCAGGTGTCGACGCCGGGGGCACATCATCCGACTTCTTTTTCTTGCCTCCAAGCCCAAAGAGCCGGAATTCCGCCGGTGGCAATGGATCGACACTGTGCGACGCGCTACGATCACCCTCTACTTCGCTGCTTTCGTTTTCTGTGCTCAGAGATTCATGGCGGCTCGTGTCAGCAACCGGCTCCCCCGGGACCGCATGAATTTCGGACCCACTGGAAGCAGGTTCAAAGCTCTCTTCCTCCATGTCGTCTTCAAATTCAATTGAAGCCGCGTGTTCATGCGAAGGGTCCGCTTCCGGCTCATCAGCGTGTTCCGGCGCTGCAGACGACATCTCTTCAACGAATTCGTGCTCTTCAACTTCGTCAGCGGAGCCGTTGTCAATTTCGGGCGCGAACGGCCGGGCCTCTGCTTCTTCCGTTGTGAACGATTGCGATTCTGCTAAGGGTGTGTCGGGCTGCCGGTTCCGGTGCCGTGAAAGTGATTCTCCGGGAAGTAGACCGCTGCCGTCCCACACAATCGGCGACTCGATGAGAGTGGCCGGCTTGTAAGTCGACGCTGGTCGCACCGGCGCAGGTATTTCAGATTCCGGCTTCTCCGTCGACTCAGAAGAAGTGCCACCATATTTCTTTAGCGATTCGCCCGGCAGAACAAACGGCTCCGGTGCGCGCTCAGACCGTTCCGATCGCTCGCCTCGTTCAGGCCGTTCAAACCTTTCACCTCGCTCAGATCGCCCACTGCGCGACGGAGCTGCCGAAGCTTGAATCTCAGCATGCGGCTCGGTTTCAACTGCTTCGTTGACATGCGTTTCTATGAATTCCTGGCTCTCCGCCGGTGCTGGAGAAACATTGCTGCCGCCGCGGCCTCCGCGCCGACGCCGGCGTCCACGCCAGCGTTTGGTTCCAGCCTCGTCAGACTCCTGCGCAACATCGGTATGCTCCGCTCCCTCGCTGGGAGTGGTGAATTCCGCATCGCTGGACTCGGAGGTGACCACGATTGTTGGCCGGCTTTCGCGTTCCGGGCGTTGTTCAGGCCTGCCGCCTCTCTGGCCGCGATCTTGCCCGCCGCGCTCTTGTCCTGCGCGATCCTGTCCGTTCGTGTGTCGTACTTCCCTGGGAGCTTGATTGCCGCCGCTTACTGCGGCTTTCTCAAGCTCGTCCGTCTCTTCCTGGTCTTCCAACTCCATGAAGTCGGTGACGTACAGGAAGGCGTCGCGCTCCAGTCCAACGTCGACAAACGCTGACTGCATGCCGGGGAGAACGCGCGTGACGCGTCCGTTATATATTGACCCCGCCAGGGTGTACTCGTTTTCGCGTTCGTAATAGATTTCCGCGAGTTGATCGTCTTCTAGAATCGCAAGCCGCGTCTCATGCGGCGTGCTGGAAATACAAATCTCTTTTGCCATCGTACCTTTCCGCCCAGTGGACTTCGCCTACTGGGGCCAGCGGCAAGGTTTGGCGGAGATGCGAGCGGACGGGAAGGTTGGAGATGTGCGGAGGAGATGACCGGCGCGTGCTTCGACGGGACGGCAGCCTGCAGCCGCCAGCCCCACCAGGGGGCTGCGAACTCGAAAGGCTTTCGTGTCCGGCAAACGTTCCGAAACGGCGATCTGTATGCAGAGATTTTGTGGCCACCCTGAAAGTTGACGCCTGCGACTCTTCATCGCAACTGCGTAACCAGGCACATGCCAACCAGATGATCGACATGAGCGGGGCCGTTATATAACTGGCGAGTGCGCTGCTGATCCGCGTTTCAGGAATCGAAATCCCCGTGCGTCCCCCGCAGCCTCGAAACCAGCGACGCCCGACATCCGCGCGATCGGTCTCGATCGCTGGGGATGTCCGGTTTGCCCGTCTCTGCGTGCTCATTGAACCCAATCCTGCCCGGCGCTCGGCCCAACCAGGACCTTGACCGGATTTTGCATCCTCTTCAATGACTTGCGCCGAGCCTGCCAATCGAATCCGCCGAATCTCGTTAATGCGGCTAAATCCAAAGGTGGCCATCGGGACCAGGCATCTCTGACGATGCTTGAAGTACTTACAAACTTTGCTCCTGCGGTCCGGAAAATCCCGGCGGTCCCCAGGAGGTTGTTACCTTGCAATCTTGCCTTCGGCCACTAAGACCGGAGTTCTAATTTACGAACCGGCGCATGCGCACGTTCATGACTACGCCCAGCGCGAGGAATGTAAATAACACCGAAGATCCGCCGTAACTCATTAACGGTAAAGGGATTCCGGTGACTGGCATAAAGCCAATGACCATGCCAACGTTGACCGCGATCTGGAAGGTCAACACAGCCACGATCCCCATAATAATCAGGGATCCAGGCAGGTCTGCGGCTGTTTGAGCGTTTTGAATCAAACGCATCAATATGAGGAAGTATAGCAGCAGCA
NZ_CP121196.1_gap31	1649414	1654156	4742	GGGATCGTTGAGCACCTTGTCCACCACACCGACAGGTAGTCCGCGAGGAAATATCTGGTCGCCGCCCGCCGTCAGCACGTTCTCGCCCGCCTTGATGCGCTGATCGCGAATTACATCTTCTATCTGCGGTTGCCCAGCGCCGTTGCCGCGCAGAATGCCGCGAATGCGTGTCGTCTCCAAAATTACTCCGGCGCCACTCGACTGGTCGTTGATAGCCAGCACCTGAGCATTGTGGGGGAAAACGTCACGAACCTTGCCGACAATTCCGTCGGGCGTGATAACCGCCATATCGCGGTCAATCCCGTCAGCTCTGCCTTTGTCGATGTAGAACACGCGCGACTGATCGGTTCCGCTCGACCCAATTGCCTGTGCCGCGACCGTTTTGTAAATGTATTTCTGCTGAAAATTCAAAAGTGCCTGCAGCCGCTGACCTTGCTTGGCGTCTTCCAGCAAGGCCGCTTGCTCCAACCGCAAACGGTCAACCGTCTTCTGCAGATCTGCGTTCTGCTGGCGAACATGCCGCAGATCGACGTAGTTATGCCATAGTCCGGAGATGCCGGATCCCGAGGAATGAAGCGCCTTTTCCGGAGGGGAGACGATGGAGTTGGCCCAAAGGCGAATCAGTTGCACGTTATGCCCGTCGCCTGCCTGCCCAGCGCCACTGCTGCGGCGCACCTGCATGGCAAGCCCCAGAATCTGCGCCACCAGCAAAGCCAGCAGCACCACCAGATTCCGATAGCGAACGAAAAACGATTCCATTGGGATCAGTCAACAGTGGACAGTGAACAGTGGTCAGTGTCTTGCCGGTCCGTGCGTAGAACGAGTACCAATGTCAGAGGACGGTTCACTGTGCACTGTCCTCTGATCACTGTCCACTGCATTTAGTCGATCTTGATCTTCCGCAGCAGTCTGAAGTCCGACAGCATTTTGCCGGTGCCCAGCACCACCGAAGCCAGCGGATCGTCTGCCACCGAGACCGGCAGTCCGGTTTCCTCGCGAATGCGCTTGTCGAGATTCTTGATCAATGCGCCTCCGCCCGTGAGCACGATGCCGCGATCTGAAATGTCCGCCGACAACTCGGGAGGAGTCCGCTCCAGTGCTACGCGAATCGCATTCATGATGACTGCAATGCACTCGCCGAGCGACTCGCGGATTTCGCTGTCGTCGATGGTGATCGTCTTCGGCACGCCCTCAATCAGGTTGCGACCCTTGATCTCCATCGTAAGCGGCTTGTCCAGCGGATACGCCGACCCGATCTCGATCTTGATCTGTTCCGCCGTACGCTCGCCAATCAGCAGGTTGTACTTACGCTTCAAGTAGTTGGTGATGGACTCGTCCATCTGGTTTCCGGCCATTCGCACCGAACGCGAATAGACGATACCGGAAAGTGAGATGACCGCAATATCGGTAGTCCCGCCGCCGATATCGACAACCATGTTGCCGCCCGGCTCCGTAATGGGAAGCCCCGCGCCAATGGCCGCCACCATGGCCTGTTCCACCAGGTAAACTTCGCTTGCCTTGGCGCGATAGGCCGAGTCTTCGACAGCGCGCTTTTCCACCTGGGTGATTTCTGAAGGTACGCCGATCACGATGCGCGGATGCACCAGCATCTTGCGGTTGTGCGCCTTCTGGATGAAGTAGTTCAGCATCTTCTCGGTGACTTTGAAGTCGGCGATTACGCCGTCTTTCATCGGCTTGATAGCCACGATGTTGCCGGGAGTGCGCCCCAGCATGTCCTTGGCTTCCTTGCCTACCGCTTCCACCTCACCGGTGTTTTTGTTGATGGCCACGATTGAGGGTTCGTTGACAACAATCCCCTTACCGGCGGCGAAGACCAGTGTGTTGGCGGTCCCAAGATCGATAGCCAGATCGCTCGAAAACATACTGAAGAGAGAGCGCAAGCCATGTGACCGCGAAGTACGCGAAGGATAACCGTTCTGTGACATGTATGAGTGGAATCTACCTCAATTGAGATTGTACGGCCAACGGGGTAATGCAACGAAAAACACCGTTGGTAATCAATAGAGAGGGGAGCTTTGTAAATAACCCTTTGTAGCTACCCCTTGAGTTATACGAGTTACCCTTTAACAGCAAAGTCTTCTAGCCGATTCACGCAAGTCTTTATTCCGGAATTGCGCTTGCGCTGCGTTGAGGCGAGGTCCGCCCTAATGCGCTAAAATCAAGTGTTTTTGTGCCCACCAGGGCAGTGCGCCGACCGCTCCCAATTCCGTCGGACATCTGTCCACTGATCACTGTCCACTGACCACTAGAAACTCAGAACTGAGAACTCACACATGACCTACCCCACCTACCACAATCTGATCGGCGGCGAATGGCTCCCCGCCGCAAGCGGCAAAACCATCCTCAACGTAAATCCCGCCGACCACGACGATATCGTCGGATCATTCCCGGCCTCCGACGCTGAAGACGTTAACCGCGCCGTCGCAGCTGCGAAAAAAGCCTTCGCCACCTGGCGTCTCGTCCCCGCGCCCAAGCGCGCCGAAATCTTGCTCCGCGCCGGCATCCTTCTCCAGCAGCGCAAGGAGCAGTTCGCCCGCGACATGACCCGCGAAATGGGCAAGGTGCTGGCCGAGACCCGCGGCGACGTGCAGGAAGCGATTGATGAGGCTTTCTATGTTGCCGGCGAAGGCCGCCGTCTCTTCGGCCAGACCACGCCTTCTGAACTGCAGAATAAGTTCGCCATGAGCATCCGCATGCCCGTAGGCGTCGTCGGCCTCATCACGCCGTGGAACTTCCCCATGGCCATCCCCAGCTGGAAGCTTTTTCCCGCGCTCGTCTCTGGCAACACCTGCGTCATCAAGCCCGCCACCGATACGCCGATCTCCGTCTATAATCTCGTCCAGACTCTCGTCGACGCCGGCCTTCCCGCGGGCGTAGTCAACATCGTCAGCGGCAGCGGCAGCGGCGCCGGCAGCGCCCTGGTCGAACATCCCGATGTTCGCGCCATCAGCTTCACGGGATCCAGCGAAGTCGGCTCGCATGTCGCCCAGCGCGCCGCCGCCACCTTCAAGCCCGTCTCTCTCGAAATGGGTGGTAAAAACGCGCAGATCGTTCTCGATGACGCCAACCTCGAACTCGCTCTCGACGGGGCCCTCTGGGGATCTTTCGGCACCACCGGCCAGCGCTGCACAGCCACCAGCCGCATCCTGCTGCAAAAGGGAATCGCTGCCAAATTCACGAAGGAGTTCGTCGCCCGCGCCAAGGCTCTCAAGATCGGCAACGGTCTCGATGAATCCGTGCAGGTAGGCCCGCAAGTCAACAAGAGCCAGATCGAAACTTCCGCGAAATACGTCGACATCGCCAGCACTGACGGTGGAAAAATTCTCTGCGGCGGTCACGCCCTCACCAACGGCGATCACTCCAAGGGAACATTCTTCGAGCCCACCGTAGTCGGTGGCGTCACCCACACCATGCGCATCGCTCGCGAAGAAGTCTTCGGCCCCGTGGTTTCGCTGCTGGAGTTCGACACCTTCGAGCAAGCCATCGAAATCGCCAACTCGATCGATTACGGACTTTCGACCGCGCTCTACACCAAAGATGTGAATCGCGCTTTCACTGCCATTCGCGATCTCGAAGCCGGCATCACCTACATCAACGCACCCACCATCGGCGCAGAAGTTCACCTGCCCTTCGGGGGCGTAAAGCACACCGGCAACGGTCACCGCGAAGGCAACGGAGCCATCGACTTCTTCACCACCTGGAAAGCGGTCTACGTCGACTATAGCGACAAACTCCAGCGCGCCCAGATCGACAACGCCGAGTAACATCCATTTCAGTTTCTAAAAATCCGGGTGCCCCATCCATGCGCAGTTTCATCGCGCATGGGTGGGAAAGCACGAACGTTGGTCAGCCGAGCGTCAGGCCGGGTGCCCCATGTCCGGGGTGGAGGTATCTTTCTGAGACCTGGCCACCCGCAATCTCACCCTCCAACAACCCCATTACCGCCAAAACCCGTCTCAGTTATATACAGCGTGCGCCTTGTTGCGTCCCCTTTAATCCCTCGGGAGGTTTCCCCCGCCTTATGCGCTTATTCCGGTCATTACCCGTTGCAATCATCCTTCTTTTCAGCACCACCTTTGCGTTCCCTCAGGCGCCTTCCGACCCGCACAACGCCACACATCAGGACGTAACGCTTAAAAGCCTGTTCACCGCGCCAGTGTCTAAGCTCTCTCAAATCTTCATTCGGAACAACGCTGTGCATCCCGACTCACGGATGAACCAGAACTACACTTCAGCGCCAGCAGCACCCTTGATATTCACCAGTCCAGTCTTCAATCAATCCATCTTCGATACCGCCACCCTCGTTCAAACTTCAACGGCGCAGGGCGACCCCTATGTCACGCCGGTCACCCGCATCATCTCCTCTGACGCGGGCGTAAATGACACGGCGCCGCTCTACACCTACCACAACTGCAACTACACTGCCGCCAACTCTGCGGCGCCTTGTGTCGGCGCATTCATGGTTTCGCAGAACAATCCGGGCGATCTGCACAACGGCGTGTGGGGCATCAATCCCATCGCGATTCAGCGCCACGGCGGCACTAACTCCCTCACCTACGGAGTAGAAGCCAACGTCTTCAACGAAACCGGACTCGACCCCGGCCCTCCCGGCAAATTGTCTCCGTCAACCAGCCAGATCTTCGGCATCGCCGCCACCATTGCCGGCAACTCTACTGGAGTTACCCACGGAACCTCCGCCTTCCTCGCCACCGACGAAAACA
NZ_CP121196.1_gap32	1666992	1668398	1406	GGAACTCATCGCGCGCGCCATTCATGCCGAGAGCCTTCGCCGGGACGGCGTTTTCGTGGAGTTGAACTGCGCTGCCATACCCGAGGCACACATCGAGTCCGAGCTTTTTGGCTATCGTCATGGCGCGCAACCCGGTGGCCCGCCGGAGCAGCGCGGCACACTCGAGCGTGCAGATGGCGGTTCGCTCTTTCTCGACGAGGTGGGCGACATGAGCCTCAAGACGCAGGCCAAGATGCTCAGCGCTCTCGATGATCAGATGTTCACTCCCGTTGGAGGAACGCAGCCGTTGTGCGTGGACGTGCGCGTCATCGCCTCGACGAATAAGGACCTCGAAGAAGAAATTGTCAAAGGAAACTTCCGTGAAGATCTCTTTTACCGTCTCAACGTTGTCCCCTTCTTCGTGCCTCCGCTACGCGAACGCAAGCAGGACATCCCGCTACTGGCGCGCGAATTTCTCACTGAGTTCGGCCGCCAATACGGACGCCCCCGCATAGAGATCAGCACAGAAGCTCTGGAAGTGCTGCAGCAATATCACTGGCCGGGCAATGTGCGCGAATTGAAGAATGTCATTGAGCGCGTATTGATCCTGAACCCGCGGACCCTGCGCATCGAACGCAAACAGCTTCCGCCGCTTACCCACAAGTCCGGCTCACGCTCGGCGGAAGATTTTTCTACGCTGCAGCAGGCACGCGACGCCTACGAGCGCGATTACATTCTTAAGAAGATTGAAGAGGCTCGCAACAATGTAAGCCGCGCAGCTGAACTACTTGGTCTGGAGCGTAGTCATCTCTACCGGAAGATGAAAGCACTCGGCATCACTGTACGCGAGTAGAAGGCAAATCATCTTGCCTGTTCACGAGCGCGTAGGATCTTCGGTCTCCCGTGTTCTGCCGCCGATCGTTCGTGTTCACGCGCCGATCTCGCCTGCCTGCCCGCCGATCTGACCCCGAAATTGCCTGAACATTCGCGCCACGCCGCCGGTCTTGGCCAGTCTGGCGCCGATCGAGCCACACTGATGTCGTCGAGGGAAGGATGATCGCCTTCGAGCCAATTGCACCATGCGAGGCTGACGATCCATTCGATGAAGTCTTTTGATTTTGACTTGATTTTACGAACTTATCCTTACCATCCGTCAGCAATCTGTTCAGCACCGGCAGGTTGATGCGCTGCGTTTCGATGAAATCCACGCCCTCGGCCGTCAGCGTGAAGTCAGAGTTATCGGCCTTCGAAATAAAGCCCTTTTTCAGCAGATACCAGGTGGTGAAATCGAGATAATCCCGGGGAAATCCCATGCGCCTCTCAATCTCCGCCAGCGACACTTCGGGAAAGCGCGAATTAGCCCGGCGCTTGAAGTAGAGGACCGCTAGCACCGCGACGCGCCGGTTCATCTCGCCTTCGACACTATC
NZ_CP121196.1_gap33	1704265	1706367	2102	CTTGGTTACGTTGTGCGCGTGCGAAATGTTGTTGCCAAACTGCGGCCCCTTGCCGCAAACATCACATACCTGTGCCATTTCATTTGCTCCAAACTTGTCTGAGTTTTAGGGGCACGCCCGAACTGGTATCCAAACTGATTTGGAACAGCTCTCATCCGTCCTGATTTGTAACTTCAGCTCTAAGACGGGCGAAGGGGCGAATGAAGACACACTCACCCTTCAGCTTGCCGAAGATTCAGTATACCCTGAACTTCCGCTCAGGCCAACCCGCAAGGGCGGACCGGCCGATTACAGACCGTCAAATCTAAGGAGGGGAAGCCGCTCATTTGAAAAGAGTTCCCCTTCCGGACGAGCCGGAAGGGGAAGGAGAGTTCAAACACATGAGTGAATGAACAAAACTATTGCGATGTGTCAGGCTTGGTTCTGACCTTGGTAGATGAGTTACCGGCCTGAAGCGGTCGCGCCTTCGAGCTGCAGGCTCACGTTGCTCAGCTGGATGGTCTGCAACTGATCGGCACCGCCCTCGCGGCTCACGATGTATCCCTTGTGGTTGTGCTTCTCTTCGACGAGCTTCGCCGGAACTGTGAAGCTCTTGCCGTTTTCCGCGATCGTAACCTGGACGTTGTCGCCGGTGCCGTTCCAAGTCACCTTGTAGTCGCCTGCAGGAATTTCGTTGGCGCCAATCTTAACGGGCGTTGCAAAGTTCAAGGACTGTGAATTCTTGGCAGCAAACGACGGGGCAGCTGCGAGAGCGAGCATAAGTGCGTAAGTAGAAAGACGCTTCATGATGTTCTTCTCCGATTGCCTCGATGAATTTGAGGTGAGATAGTGAGGCACTGACCACAGTGAACACCATCGGCAAGTTTTCGTAGCTTAAGAAACGTTAAGCGGCTCGTATGTTCACGCCCGGCTTCCAGCAAGTGACAGAAAACACGCATGGATCAAGGCTTTGAATCGTACTTAAGAAACTGCATTCTGGTACGCGGTCGCGATTGTTCGAGCGAACTCAAAGCAATAATTCACTTCGTATTTACAATCCCTTCATGCGTTAGTGGAATCGAGATTATGACACGCAACCCAGGGGTTGCATTTTCTGCACTAATCGCTCCACGGTGCACGCATACTGCGCGCTTGGCAATTGACAGGCCGAGGCCGGAGCCTCCGCCGTTGGTATTGCGCGCTTCTTCCACCCGGAAGAAAGGATCGAAGATGCGCGCAAGCGATTCTTCGGGAACACCCGGCCCGTAATCACGAATCGTAATGGCTGCGTCCTTTGCATTCTCGCTGATGGAAAGCTCGATCGGCGATTTCTCCGGCGAATAGCGAATTCCGTTGCGCAACACGTTCTCAACGGCGCGGCGCAGCAGTTCGGGATTTCCTTGGATCGATCCGCAGACATTGCCGCTCACTTCAATCCGGCAGCCACGAATTTCAGCCTCAACACTGCAGTCGCGTACCACCTCTTCGATAATGTCGCGCACGCAAATCTCGCGTTTGTCCTGCAGCGCAGGATCATCCTCCACGACGTTGATTTCTACGATGTCGGCAACCAGCGACGCGATGCGGTCTACATCGCGTTCAATCCGCTCCAGCGCCGTCGTTGGGTCTGAACTGGTGCGTGCCAGCTTCATCGCAAACTTGAGGCGCGCCAGTGGGGATCGCAGCTCATGCGAGATGTCGCCAAGCAAACGCCGCTCGCTCACGATCAGCCGTTCGAGCCGCTCCGCCATCTCGTTGAACGATCGCCCCAACTGCCCAATCTCGTCGTCGCGGTCCGTCTCCACGCGGACGCCCAGGTTGCCCTGGCCAAAGAGCGCGATACTTGCGGCGACTTTGCGAATTGGCGAAATCACGCCGGCCGCCGCAATCCAGCACAGGATGCCGGTTGCGCCGATCACCAGGAAATAGTAGGGAAGAAATGAAAAAATGCGTGGCGGCCGATCCTGGCCCTCCGCGGCGAACCAGAATTTTCCGTCCGATGCGCGGTGGGTAATCTCCCAGTGGCGATGCGCTTCAGTTCGCGATTTCACTGCGGGTGGCGCGGGCAGCATCTCCACCCGGCTCACGCCAGTCACCAGGTCGGTGCCATTTGCGTCCAGCAG
NZ_CP121196.1_gap34	1708912	1710034	1122	GTCCAGGTAAGCCGGTCGATGCGAGGCCTCGCCGTTTGCGCTGCTGGCGGCTTTAGAACGAAAGCGCTCTCCAGATCAGATTTGGCCGGGCCAGGAGTCTTCGCCATCAGCAAAGGTGCAAGAAGGAAAAGAAATAAAACGCCAGATAGCCGCATCGTATGAGCTCTTTCGCGGTGACACTGAAAGACTCATCGGCAGTCCAGGCCAAAATTTCAGTTACGAACGCCCGTAACCGATTTGAAAGAGTTTGGCTAGTGAACCTTCTCCCCTAAGAAGGTTGCTCTTGAAGATACGAAGGGCGGCATCTTTCAATGCCGCCCGCAAAATGTTCAAGCAAATCAGCCTTCAGTCCTATTGCATCCTATGGATAGATGCCACGCAGGTGAATGGCTTCAGCGACGCGGCCGATGCCCAGCATATTCGCTGCGATCCGCATCGACACGTTGCGATCAATGTGAATCTTCAGCACGTCTTTGAAGGATGTCTTCATCACCTTCTCGAGGCGGTTGTAAACGTCCTGTGCCTCCCAGAAGAGGTGCTGCTCGTCCTGCACCCATTCGAAGTAGGACACCGTGACACCACCGGCATTGCAAAGAATGTCGGGGATAACAAACGCACCTTTCGCCTCGAGAATCCTGTCGGCTGCCGGAGTAAGTGGGCCATTGGCAGCTTCAGCGATGATGCGCGCCCCTATGGTATTTGCATTCTCGCCGGTGACAGCGTTCTCAAGTGCGGCAGGAACGAGAATGTCGCACTTTAAGGCCAACAACGCAGCGGGTTCGATCGGCTCGCTGCCTGGGAATCCGTACACATGCCCAGTGATTTCTTTCATGTGCATCAGTTCCGGAATGTCGAGCCCATCGCGGTTGTAGATGCAACCAGTCGAATCGCTGACCGCGATGATCCGTGCGCCAGCTTCATGCAGCAGTTGCGCCGCAATCGATCCGGCATTGCCGAATCCCTGCACCGCAACCGTAGCGCCTTTCAGCGGGATGTCGAGGTGCTCGCATGCGCACTGGATGGTGTAGAAGCAGCCGCGGCCTGTGGCTTCATTGCGGCCAAGCGATCCGCCAAGGCTGATCGGCTTGCCGGTAACGACGCCGGGGATCGTGTAGCCCTTGG
NZ_CP121196.1_gap35	1783756	1788603	4847	CCGGCTGAGATTGCCGCAGACCTCGTTGCGCAGGCCGAACACGATCCCGAGGCTCTCGCCATCTTCATCACCACGCGGCACGATCTAGCGAAGCAGGTCATCGGGGAAGCAAAAACGCAAAGCCGCAAGAACGCCATCGCCCGAACTGCTCTCGACCGTAACAGCCTGGCCATTGTCGCCGCCACTCTCGAAGAAGCGCGTTCCCTTACCAATCGTCTTGCGCCAGAGCACCTGACCGTCGATTCAATCGAAGATCTGGAATGGGTTTCGAGTGCCGGCTCAGTATTTGTTGGAGGCTGGTCCGCCCAACCCATGGGAGACTACATCTCTGGCCCCAATCACACGCTGCCGACCGGTGGAATGGCGCGCATTCGCGGCGGCCTCAGTGTAAACGACTTTGTAAAACTGATCACAGTGCAGCAGTACGATGCTGCAGCCATCGGCGAACTTGGGCCGCACGCAGTGTTGTTGGCCGAGGCCGAAGGACTAACGGCGCATGCTGCAGCGATACGAATGCGCTTTCGCAAAAGGTCATCGAACCGCACCGCAAATCGAAGCAGCGCGAGGAGAGCCCGTGGATAAATCCGCTTTGAAAGTCCACCCCGCTCCGCGCGCGCGTGTCCAGGCGATGAAGGAATATCACCCGCCTCTCGGAAATCGTGACGCCATGCGACTAGACTTCAACGAGAACACCATTGCGTGTTCCCCGAAAGTCCGCGATGTCTTGAGTTGCATCTCCGCTGGCCATCTCACCCGCTATCCCGAGCGTGGCCCCGTGGAGCGCGTCGTTGCAGAACATCTCCGCGTGCAGCCCGAACAGGTGGTATTGACCAACGGCGTCGATGAAGCGATACACGTTCTTTTCGAAACCTTCCTCGATGCCGGCGACGAATTGTTGCTGCCTGTGCCCACCTACACCATGTATGAGGTGTATGCGTCGGCGACCGACGCGCGAATAGTTCCAGTCCTGGCGCTTGACGATATGCAGTTTCCCTTCGAGGGTCTGGCAAGCGCGATCACCCCGCGCACCAGGATCATTGCTATCGCGAATCCCAACAGCCCTTCAGGTTCCATCACGACGCGCGCGCAGATTATCGAACTCGCTCAACTCGCTCCGCAGGCGGTGGTCCTGGTTGATGAAGCCTACTTCCACTTCCACGGCGAGACGGTCATCGATCTTATCGATACGCTACCCAATGTCATGATCGCGCGCACGTTCTCAAAGGCCTATGGGCTGGCCGGATTGCGGCTTGGGGTTCTGGCAGGTCCGGTCCAGCTCATCTCCTGGATCCGACGCGTGCTTTCTCCTTACAGCGTCAACTCTCTGGCGCTCGCCTGCTTGCCGCCGGCGCTGCAAGATACTGCTTATCTCGATTGGTACGTCGGGGAAGTCTTGGCAGCACGCGCGGACTTCGAAGCGGCTCTCGATGCTGCTGCTATACGCCGCTGGCCGAGTCAAGCCAATTTCATCCTCGTCTACATTGGTCTGCAGCACGCTGAATTCGTGCGTCTGATGTCAGCCGGAGGAGTGCTGGTCCGCGATCGCTCCAACGATCCGGGCTGTGACGGTTGCGTCCGAATCACCATTGGTACTCGCGAACAGATGCGCGAGGCAGTCGTAGTGCTCAACAACACACTGCACACGCTCAAGACCGCAAAGGAGAAGCAATGACAGCCAGTGCTGACGACAAAACGCCGAAAAATAAGACGGTTCGCAGGTCAGCGGTCGCACGCGACACCCATGAAACCCGCATCGCCATTGCACTCACAATCGAAGGCAAGGGCATCTACAAAGTCTCCACGGGCATTCGCTTCTTCGATCACATGCTGGAATTGTTTACGCGTCACGGCGCATTCGACTTGGAACTTTCCTGCAAGGGTGACCTCGACGTTGATCAGCATCACACCGTAGAGGATGTGGGCATCACGCTCGGCGAAGCGTTCGATCGCGCCCTCGGCGACAAGCGCGGAATACTGCGCGCCGGCTATTTCATCATGCCGATGGACGAGACACTCGCCATATCTGCCGTCGATTTAAGCGGGCGCGCAGCCTACGCGGTTGACACCAAGGTTCGCACACGCCTCGTAGGCGACCTCCAGACCGAGTTGGTTACAGACTTCTTCGAGGGTTTCGCGCGTGGCGCCCGTGCCAACGTGCACGTGAAGACAATGTACGGCCGGTCGAACCATCACAAAATTGAAGCAATCTTCAAGGCATTTGCCCGTGCCCTGCGCGTCGCCTGTTCGCGCGATAAGCAACTGGGCGAAATGCTGCCCAGCACCAAAGGGCTGCTCTGATGCGGGTTACAGTCATCGACTACAAAGCTGGCAATCTCACGTCCGTGTTGAAGGCGCTGCGGCATCTGGGCGCGGAGACGGTGGTGACGGATTCGGACGTATCGCTCATCGGTTCTGCTGAGCGGATCGTGCTGCCGGGAGTGGGGCATTTTGCGGCAACCGATCGGCTGAATTCAACGGGCATGACCTCGGCCATTCGCGCGGCCATCAGTCGCGGCGTTCCATTCCTCGGCATATGCGTGGGGATGCAGTGGCTGTACGCTGGGTCCACAGAAGCACCAGACCACGCTGGGCTCTCGCATTTCCCTGAATCCTGCACACGCTTCCCCGAATGCAACCAGAAAGTTCCCCATGTAGGCTGGAATTCGCTGGAGACCAAGGGTGGCTCGCGCCTTTTGGCAGGAGTCGCGCCCGGTGAGTTTGTTTACTTTACCCACTCGTACAAGGCTCCCATCACGGCAGACACCGCTGCAGTCGCAAACTACATTGAGAATTTCGCCGCCGCGGCAGAACGGGACAACGTCATGGGCGTCCAGTTTCATCCGGAGAAGTCCGGTGAGACTGGATTGAAGATCCTGCGCAATTTTCTGGAGTGGACATGCTGACCAAGCGCATCATCGCCTGTCTCGATGTCCACGCTGGCCGAGTGGTGAAAGGCGTCCAGTTTGTGGACATCGTCGACGCCGGTGATCCCGCTGCGCTGGCCGCTCGCCATGCCCGCGAAGGAGCCGACGAAATCGTCCTGCTCGATATCACCGCCACCCACGAAGGACGGCGAACCCTGCTCGAAACAGTGCGTCGCACCGCACGCGAGTTATTTGTCCCATTCACGGTGGGCGGTGGCATCCGCAGTGCGGAAGAAGCCGAGATGGTGTTCGAAGCCGGAGCCGACAAGATCAGCATCAATTCGGCCGCGCTAGCCGATCCTTTGCTGATCACCAGAATCGGCCTCAGCTTCGGAGCGCAGGCTGTCGTAGTGGCGATCGATGCAAAGCGCGATCCCGAAGCCGAAGACCCCGTGCGCGACGCGCAGGTATTTCTGCAGGGTGGACGCAAGCTCGCCGGACGTCGCGTTGTCGAGTGGGCGCTTGAGGCCGAGGCTCGCGGTGCCGGAGAGATTCTGCTGACCTCGATGGACGCCGACGGCACGCGCGCCGGTTTCGATTGTGAACTCACCGCAGCCGTCAGCGAAGCGGTCAACATTCCCGTAATTGCTTCGGGTGGCGCCGGTACAGTGGCGCACTTTGCCGACGTCTTCGGAAGAGGCAAAGCGGATGCGGCCCTCGCGGCAAGCATCTTTCACTTCGGCGTATCCAGCGCCCGCTCGCTCAAGCAAGAACTCGTCGCTGCCGGAATTCCCATGAGGTTGCCATGTTGATTCCCTCAATTGACCTGATGGGTGGCCGAATCGTTCAGCTGGTGCAAGGCAAAAAGCTGCGCCTCTCCTTTGACGATTTCGAATACTGGATCGAAAAATTCTCTCGCTTCCCACTGGTACAGTTGATCGACCTCGACGCGGCGATGCGCCAGGGCGACAACTACGCGTTAGTCGCACAGATCGCACGGCGGCTTCCGTGCCAGGTTGGCGGAGGCGTTCGTTCCATCGAGCGGGCACAGCAGGTACTCGATACCGGCGCCAGGCGCGTCATCATCGGATCCGCGCTGTTCTCTGAGGAAGGCGCGGTCAACGTCGATTTTGCGTCGGCACTTGCATTGGCTGTGGGCTCAGAACACCTCATCGCAGGAGTCGACACCAAGGGCGGCCGCATAGCGGTAAAGGGCTGGAAAGCGCAGGTCGCGCTGACGCCGGACGATGCGATTCCACAACTGGATCCGTATGTGCACGGATATCTCTACACCCATGTGGATGGCGAAGGACTAATGCAGGGTTTCCCCATCGATACCGCAGCGCGCTTGCGCAGGTTGACGGTTCACCATCTCATCGTGGCGGGTGGAATCCGCAGTCAGTCGGAGATTGATGATCTCGATGCAATGCGCGTAGATGCGGTGGTGGGCATGGCTGTCTACACAAATCTGCTCGCTATTTGATGCTCAAAGGCCCATCGAAATCTCATATCTTGCCCGGCATTTGCATCGGATATTCTGAAAGCCTGGTGCCAAAAAATGCGTCAACAAGGGAGAACCTGGACCATGACGAAGCAAAGTGGAATCCGCCTGGCAAAGAGACTCGATGAGGTCGGATTCTCCGATATCGTGCAGATCCGTAACAAGGTCATGGAAATGCGTGCCGAAGGCCTGCAGGTTCACTCCCTGCATGGCGGCGAACCCTACTTCGAGACGCCGGAAGAAATCAAGTACGCGGCGGTCAAGGCCCTTGTCGAGAACTACACCCACTATGCGCCGTCGTCGGGCGTCTTGCCATTGCGCAAGGCTCTTGTTGAGAAGCTTGCCGCAAAAAACAAAATCGACGTGACGACCGATGAGGTAATTGCGACCGTCGGCGGCTCACAATCTTTATATGGAGCCTTCCAGAGCGTGCTTGATCCGGGCGATGACGCGCTGGTCTTCTCGCCTTATTGGACGCCGAT
NZ_CP121196.1_gap36	1852351	1856903	4552	ACCAAATATTTTGGCGAAGGTCCGCAGCAGGCCATGATCAACTTCCGAGTCGACAATATGGACGAACTGCTCGCGCAGCTTGCCGCTGACAACGTCACCATCGATCCCAAACGCGAAGACCATGCTTATGGCCGATTTGCCTGGATATGGGACCCTGAAGGCAATCGGGTGGAGTTGTGGGAAGCACCGCGATCGACGAAGTAGCGCTGGGTGTTTCCATCACTGGGGGGCGGGAGCGGAGGGTTGAACGGGCTGTGGCTGGCTCTGAGATTGGGTCTGCGTCTGAGACTGCGTCGGCGTCTGGGCTTGGGCCTCGGCCTGCGCCCTCACAGTGTAAGGACCAGGCAAGATTGTTTCATTCGCCTTTTCGGTTTCAACTTTTGCAACTGGCGCCGGCTGCAAAGTCCGTTTTGAATAAATGCGGAATGAAACGACGAGATCAAGGGCCACCGGAACCGGCTTGCCATCTTTCATGCCAGGCTGGAAAGTAGCCTTGTGGATGGTCTGCTCGGCGCTTTCGTCCAGGCCGAAGCCGATTGGCCTGCCTGCAACGACTTCCTCAACTTTGCCATCGCTGCCAACCACCACGTGATAAAGCGCGATGCCGGCCACGCCATTTGCCTGTGCCAACTCGTTCGACGGAGGATCTACTGCAGAAAGCAGTTTCGCCTTTTGATCAACTGCGTTCTGGCGGAAGACGCCCGGGTCAGTGGGCTTGTAATCTGTCTTCGCCTGCGCTGCCTGATAGTAGAGCTTCCAGAAATCTGGCATCGCATCAATCATCCGCTCATCGACACCCATCGAAAACACGTTGTTCAAAGCCGTTAGAAGCGCTTGGGAAGCCTGAACTGCTGAATTTGTCGTTGATCTCTTTTTGTCGGATTTGTTGGATTGGTGGCCGTTTATTGGCGGAAGGTCGCTCGCGTTGGCTTGGGCGGCAGGAGTATCGGTGGCGTCCGACACAAGCACGGCTGGCGCGTGGGGCTCCTTCGACTCCTCCTTTTTCCCGTGGTGTTTGTCCTTCTTCTTTGCGCTTTTGTCTTTTGACTTCTCGACCTCTTCAAGATCGAAGGAAATGCGCACCCCTTTTTTCTTGGGGTTGATCTTAACCCTGTCGGTCGCTGCGGTCGGGTCGTCATAGGGCGCGGCGCCCAGGAAATGGAGCGCATAGCGGTCACCCAAGAGCTCCACTTTCTTCTTCGAGAGCTTAACTTTGTTGATCTGGATCTGGCTCAACGTATAAGAACCTTGAGGAGAATGGCTCAGCAGCCGGCCGTGTTCATCAAATTCCAGGTTGTTATCCTGGTAGCCTCCGCGCAGATAGAGAGTTTTGCCAACCAACATCTGCTTCAGTTGATCCTCTTTGATTTCGCCCCCGACAGTGTGGATTGAAAATGCGCCTTCGCTAAGAGTGGGATCTTTCCCGGGCTTGGTATGGGAATCAGGCATTGTCGCCTTCGACAGAGAGACATCATGCGCTGGAACTGTTGTTGACGGTTCTCCGGGCTGAGCGACAGGCTGACCTTGTTGCGCTTGCGGCGGCTGCTGCGTAGCTGGACCGGCAGAAGGCACGGGCGGAGGTGCCTGGCCATATACAGCCCCCGCCATCAGGATCAAACCCAACACGGTGCTGGCAATTCGAGATGGTTTGAAAATCGTTGATCTAACGCGGTCGAAGAACGTGCGCATCCGGCCACCTCTCGTCATGCACATATCTAAGCAGATTGTGATTTCTTTTGGAAGGATGCCTGTGACCCGTAAGTCATTGAGTATTCGAAGTGTAACTCTATGATGAATTGCGCTGAAGGCGTCTCAAAATACGACGGAACAGGCCCAATAGCCGTCGGCTGTCATGGGCATTGAGGTTCAGTCGTCTAAGAATCAAGCGCAGGTCATGCCGGTTCGCCTCCTGCATGGTCTTCGGCGAGTACTTTGCAAAGACCATGACCTCTTCGATGAGTCCGGCAAGAAGATCAAGATTGTTCGAAGTGGGTGCTGGGCCTGCGACGGCCCGTAAGCGTTCTCTGGAGTTATCGAGGCTATTTTCGAAGGGTCGTGATTCCTCTGGCGACCGTCCTGAGCGCACGGACAGCTCATACAGACATACTGCGGCCGCTTGACCTAGATTCATGGAAGGCTGGTGCCGATCGGTTGGGATCTCCACCAGTACATGACAATAGGACAAATCCTGACGTGTCAGTCCGTGCTTCTCGGGACCAAAAACCATGGCGACGCGTCCGCCGCGATCCAACTCTTGAGTCACCAGCGGCGCAAGTTCATCCAGACGAACAACGGATTGTTCGGGTTTGCGATGGGTTACGGTTCCCGTTCCGACCACAAGCGAACAATCGCGAACAGCGTCTGCGAGCGCCGGAGTTTCTCGGGCGTTTTCGAGCAGATCGGGCGCGCCGACAGCGGAACGAGCTTCGCGCCAATGCGGCTCGTACGGATCAACCACGGTCAGAAGTTTGAAGCCGAAGTTTGCCATCGCACGCGCCACCGCGCCAACATTCAGTGGATTGCGCGGGGACACTAGGACCACGTCGACACACTCGCGTTGGAGTTCGGAAAGCAAACAACGATTGTAGAGTGAAGTTGCCACTTGAAGCATCTGCCGACTGCATTGCTACACTGCATTCAATGTCTGAGGATCCACAACACCTGCAGCAGGAGATCTACGAACTCTGCGCCACTGCGCAAGCATGCTACGCACGCGGTTGGGTTCCGGCCACAAGCGGCAACTTCAGCGTGCGTTCGGGAGACCGCATCTTCATTACTCCGACGGGTCTCGATAAAGGCAAGCTAACGCCTGCTGAACTTCTCGAAATCGATCTTGAAGGTAACGCGATCTCGGGACAAGGTCGTCCCTCCGCGGAGACGAGCTTGCATACCGTTATTTACGGCATCGAAGGATTTCGCGCCCGCGCCATTCTGCACGTCCACTCCGTCTGGAACGCGCTCCTTTCCGGGAAATTCCTCTCTACCGGCCATGTTTCTCTTCAGGGTTACGAACTTCTCAAAGGCCTTTCCGGCGTTTCTACTCACGAACATACTGAGCGCGTGCCGATCATTGAAAACACGCAGGTATACAAGTCGCTTGTCGAACATCTCACCGAAGTTCTTCGCGATAATCCAGAGGCGCATGGGGTTTTATTGAGCCGACACGGGCTTTATACTTGGGGTGAATCGGTAGCTGAAGCACGACGTCACCTGGAGGCGCTCGAATTCCTCTTCGAGGTAGAAGGACGTCGGATCTTCAGTCAGTTAACTTGAGAGCGGTTCGGCTCTCTTGTGGGGCAATCATCTTTGCTGGTTGAATCCTAGGAGCGCGCCATGGCAGTTCTGCGTTTTCCCAACGAGAATCTGACAATCGAAGCCGAACCAGAAATACGCACGGAGCTGCATGCTCTAGGCATTGACTACGAGCGCTGGAGTCTCGATCGCGTTGGTGCGGATGCATCCGCGGAGCAGGTCCTATCGGCTTATGAACACGAGATTGAAGAGATGAAGCGCCGTGGCGGCTACGTCACCGCCGACGTGATCGATGTAAATTCCGCCACACCCAATCTCGAAACAATGCTTGCAAAGTTCGACAAGGAACACACGCACGACGAAGACGAGGTGCGCTTCATCCTTGCCGGGCGCGGAATATTCTTTCTGGACCTGAATGGCAGAATTGCGTCGGTGGAAGTGGGACCCGGCGATATGCTGCGCGTGCCGAGAGGAACGAAGCACTGGTTCACGCTTTGCGAGGATCGCCGCATCCGCGCTATCCGCTGGTTCCAGGACACGGCTGGGTGGACGCCGCACTACACCGGCTCCGGCATCGATCAGGGCTACCAGCCGCTGTGTTTCGGACCTGCCTATCTGGGGCCGCGCGCAGCCACTGGCATCCGCCTATGAAAACAAAGCCGCCGAAGCTGTTTTTGCTGGACGTGGAGGGCACGATTGCGCCGATCTCGCTCGTCTACGATCAGCTCTTTCCGTACGCTCGCGCACACTTTCAAGCATTTCTGCAACTGCACGGCGGGGAGCCCGGTGTCGTGAGCGACCTTACGATGCTTGCCGAAGAGAACGTCGGCGAAACCGATGAGTCGGTGCCAAGGTTCACGACCCCGGAATACTGGGATGACGCCATTCCGTATCTGAATTGGCTCATGGATCGCGATCGCAAATCGACAGCTCTCAAAAGTCTCCAGGGACGCATCTGGCAGCGCGGCTTTGAGACCGACGAGTTGACAGGAACCCTGTTTCCTGACGTTCCAAAAGCGCTCGAACGCTGGTCCGCCACGTCGCAGGTCGCTATCTATTCATCTGGGTCTGTTGCGGCCCAGCTCCTAATGTTTCGTCATTCCAACTACGGCGACCTTTCCCCTTTGATCTCTGGCTATTTCGACACTCGGACTGGGCCTAAGACATCCCCAGCGAGTTATGAATTCATTGCCGCTACGATGAGTTTGGAGCCTGGCGAAATCATGTTCTTTTCCGATGTGGTGCGCGAACTCGATCCTGCACGTGAAGCAGGCTGTCACACGCGGCTGGTGATGCGCGA
NZ_CP121196.1_gap37	1891230	1893491	2261	ACAATATCCTGAATCTCTTGCTCGAGATTGCGGTCGTCGGCTGGCCGGTCCATAAATCCCCCCTTTGGTCGAACACTGGGGAGGATGCCATCGATGAGCATCGCTTACGTGGAGAGAAGATCCTCCTCGGGCCAGTTTCTAAACTTCGGCATGGCGGCTTCGAACAGTCGAAACGTTGAACCCGCTATGTCCGGTATGAGACGTACGATGCGGTCGTTTAGAAAAGGGTGGTTCGCCGAAAAATAGTTTGGGGTAGCGGAGATCAGTGACCTAGCTAAAGCTTGGACCGGCGAGTTTGGGAGGCTGTGGCTAAGACTTTCAGGAGCGGGTATGTCTGGTCCCAGTCTATGCAGCCGTCGGTGATGCTCTGGCCGTAAACCAGCGGCTGACCGGTCACCAGCTTTTGAGCGCCTGCAACCAGATTGCTTTCAAGCATGACACCGATGATGTTGGAATTGCCGGCGGCGACCTGCGCAGCAACGTCGTGACAGACGAGTGGCTGACGGGCGTGGTCCTTGTGGCTGTTGGCGTGGCTGCAGTCGATCATGATGCGGGGCTGAAGGCCTGCATTCTGCATTGCAACTGCGGTCTGCGCAACGGACTCTGCGTTGTAGTTCACCAGCTTGCGACCACCGCGCAGGATGATGTGGGTTTCGCGATTGCCGGTGGTTACGAAAATTGCCGACTGCCCGTATTTGGTGTGGCCGAGGAAAGTGTGCGAGTTGGCCGCGGAGAGAAGTGCGTCGATTGCAACTTGGATATCGCCGGAAGTCGCGTTTTTGAATCCCACCGGGCAGGAGACACCGGAGACTAACTGACGGTGGACCTGGCTCTCGGTAGTTCGCGCTCCGATGGCTCCCCAGCTAACAAGACCGGCGATGTACTGCGGCGAAATCATGTCGAGGAATTCGGTTCCCGCTGGCACGCCCATTTCCGCGAGGTCGAGCAGAAGGTGACGCGCTAATCGAAGGCCGTCGTTGATTTTGTAGGAGCCGTCGAGATGCGGATCGTTGATCAGGCCCTTCCAGCCAACGGTGGTGCGAGGCTTCTCAAAGTAAACGCGCATCACGATTTCGAGGTCGGAGGAGAATTCGGCTATGGCGGCCTTGAGGAGCGTGGCATATTCACGCGCAGCCTTGGTGTCGTGAATGGAGCAAGGACCAACGAGAACCAGCAGGCGTGGATCGCGATGCGCGAGGATGCGTGAGACGGCGAGGCGAGCATTGAAGATGGTGGCGATTGCCTCTTCGCTTGTGGGGCGCTCCTCTTCGAGGAAGACCGGCGGAAGGACAACCTTGGTCCATTGGATGCGAACGTCTTCAATGCCTTGATTCATGGGCTCTTTTAAGGATGCTGGATTGCTGCCGTCGGGGACGCAGGCAGGATTCATCTGAATGATCTTTGATTCAAGATTACCAGCATCGACCGGCCGATTCAGTGTGCGGACATTGGTAGCTAGCGGCGGGATTTGCGCTTGGCGTCGGCTCGCGGCCAGTATTGGAACTCGTCTGCGAAGAGTTCGCCACTAAGATCGGCCACGCGCTGTGTCATCCGGGTTTGGGCATCGGCGATGGCCTGGTTGTAGATCGCCGGCCCCACCTCTTCCATCAAGAAGTTGAGCAGCAGGCCTGCGGGCATATCGCCAATGGGCTCGAGGTTCTCTTCGAAGTAGCGCTGCATGGAAGAAATGGCGTCGGTGCGTTGCTGCTTAGTGAGCTCGAGGGTGACCATCAGCAGTGACTCCTTCAGTCAATGGAGATTCTATTACTGCGGGTCAAAGAGGAGCGTGATGACGCTGTTGCGACTTAAAGACAAACGATCATTTTTCGAACGAATCTACCTCCGATGCTGGGAAACTGTTGTATTCCGGGCGCCGACGAGAATGCGTGCAGCCTTTCATCCCGGCCCTTCCGTCTTAGACTTGGAACGAAGCTGTTGAACAGCTTGTCGTCGGGAGAAGACCCTTGGGCTTAGATAATGTGGCAGTCGTTGTTCAGGCATCGATAGCAAGACTTGTGATCGGCCTGATTGTGCTGCTAACGGGATGCAGCGTTGCAATGGTAGCGCAGGGCAACCCCGCCACTCCTCAGCATCGAGACACCGATGATCCTGCACTTACGCATAGGCTTTCCCCGAAGGCGACGAGCTCGATTATTGCGGAAGGAAAGATCAAGCTGGACGTTGTGGTCGATGACGGAGCGGGAAAGCCAGTGCTGGAACTGCAGCCGTGGGATTTCAAGGTTTTCGACAACAACCGGGTG
NZ_CP121196.1_gap38	1971901	1974943	3042	CACAGCGATTCATTCGATGCTGGCGGTGATCTGGCCTGGAGTTGCGGGATCGGCCTTCGCGAAATGGGCGTGCTTTCTGCTGTTCTGGCTGCTGAACATGGTGATTGTGTGGCGCGGGGTGGAGTCGATCCGGCATCTGCAGGCGTTTGGCGCGCCCTTCATGTTCATCATGGCGGCGGCGCTGCTGATCTGGGTGCGGATCAAGGCGGGGAGTTTTGGATCGATGCTTTCGACGCCGAGCCAGTTTCATTCAACGGGTGAATTTATGGGAGTATTTTTCCCGTCGCTGACGGCAATGGTGGGCTACTGGGCAACGCTCGCGCTCAACATTCCGGACTTCACGCGCTACTCCAAGTCGCAGCACGCGCAGGCTTATGGACAGGCCTTCGGGCTGCCTGTGGCGATGACACTTTACACGTTTGTGGGCATCTCGGTGACATCGGCGTCAACGGTGCTGTTTGGGCGGCCAATCTGGAACCCAATCGAGTTGATCGGCGCGTTTCATCAACCGGTCGTGGCATTCATTGCATTGATCGCTATCCTGATCGCCACGCTGAATGTGAACATTGGCGCCAATGTTGTTTCACCGTCGAACGACTTTTCCAATCTCTATCCGAGGCTCATCAGCTTTCGTACGGGCGGGCTGATTACGGGATTTCTCGGTCTTGCCATGTGCCCATGGAAACTCCTCGCAACCCCGGATGCTTACATCTTTGGCTGGCTCGTCGGTTATTCCGGCCTGCTGGGACCTGTGGCGGGCATCATGGTTTCGGATTATTTCCTGATCCGCAAGACCGAACTCGATGTGAACTCGCTCTACCACTCCGAAGGCATGTATCACTACACACGCGGCATCAATCCGCGGGCGATTGTGGCGTTGGTTATCGGAGTGGCGATTGCATTGGTGGGGCTCGGCGTGAAGCCGCTGCACTTCTTGTATGACTACGCGTGGTTCGTTGGTTTTTTTACGGCGGGCGGAATCTATGTGGCCCTGATGAAGTTTGCTGGACCGGTGGCGGAAGGTGCGCCGGCCTTTGAATCTGCGGGTTCGCGGGGGGATGCAGATTAAAATGCCGACTAAAAGAGTAAGCGCGCCTCGGTGATCAGGTTGTGGTTGTAGGTGTGGAATCCAGATGTGGCAATCTGCATGCCGGCGTCGACGATGAAGTAGGGATGCGTCGGTTTCCAGCTCTTCGGCCGGACAACATAAAACGCCGCTGGAAGAACAAAGTTCTGCATTTTGCCGTCGTGGCTACCTGCGAAATAGAAGCTCGCATTATTTTCGACTTCGAACCAGATGTGGGGAGTGGCGCGCGTCTGGGCCAGCGCATTCCACGCGATCGATCTTCCCTGGGTATGGATCTTGCCCGTAGGCATGGTGCTGCCTAGCGAACTAATGACATCAAAGCGGCGCCGAAAGGCAAACCCGGCGGTGAGCGCGGGACTGAAGGAGTCGGTCATGGATCCGTTTTTGTTGCTGCCGGTGGCGAAGCAGTGACTGAGGACTGCCGCGACGTCGAAGTTGCCGCTCTCCGCATTGCCGGATGCGATGCGGAATTTCGCCAGGGCCGAGATATCTCCGAAGCCGTCGTCGGCGTCGCTGTTGTGCTGGATGTAGGGAGGCGGAATGAAATCGAATTCAAAGCGATTTCCAACGATGACACCACCGCCCTTTCCATTGCCGTAGTTCACGGTCTCCGATCCGGCTGCCGTGAATGAATGCGAGACGGAAAAGCGATCGTACTGGACGAGGCGAGGATCGGGCGCGATCAGTGGGGTGATAAGCGTGGGTTGCAGAGATGCCATGGCGCTGTTGTGCTCGCGGAAGGTCGCCTGTGCGCGCACGGCCATGGCGCCCGCGGTGAGCAGTGAAGTGAGCAAGACTGCCGAAATGAGACGAGCGAAACGCATGAGCTAACTTCGTTTTTACGAAACCTGAGAGAGAACCGCAGTGATCGATCGCACGCGGGCATTACTAATGTCTCGATAAGCGGAGAGCGGCCGGTTCTTCTTCATCGGGCCGAATGCGGGCAACTTGAGGGGGAGTGCGCAGCAGCGCATAGCGCCTCCGGGACGACTGGCTTGAATCGATTCGTGCGAAGGGCACCGCAGCGAGGCGTTTGTGGCGATGTCGTTCGGAATTATGACGCCACTCCAAAAAGGGTTACTCCCTTGCAGTCCGTCATAACTTTCGCCATGCATCCCGGTTAAATCTTCGCGATAAAATAAGAACAGCGAATGATGCAAATCACTCCAGCGGCTGCCAGCCCGGTCTTCCGCTCTACGCGGGAGCCGAACTTGCGAGTGCAGGCGAATTCCTCCCTGAGCGGTTCTCCGCTCATCCATGTCCACGATCTCGAAAAGACTTATCGCACCGCGCGCGGAGCGCTCACTCTCTTCAAAGAACTTGATTTGACAGTATCTCCAGGGGAACTGGTGGCCATCGTCGGCCAGTCGGGAGCGGGAAAGAGCACACTTTTGCACATTCTGGGCGCTCTTGATGCGCCGACAGCGGGCACTGTACACTGCGCATCAATCAACGTAGCAACTCTCAATGCTCGAGAGGCTGCGGCCTTTCGCAACCGCGAGATTGGCTACGTGTGGCAGTTTCACTACCTGTTACCGGAGTTTTCAGCGCTGGAAAACGTTGCGATGCCGCTACTGGCCCGTGGAATTACTCGTCGAGAGGCTCTAGATGCTGCATCTAATTGGCTTAAGGAGGTCGACCTGGAGGATCGTGGTGACCACCGGCCGGGAGAGCTTTCAGGTGGAGAGCAGCAGCGCGTGGCGCTGGCCCGGGCACTCGTCGGAAATCCGCGGCTTCTGTTGGCAGACGAACCTACCGGCGATCTGGATGAAACGACAGCCGGGCGCGTTTTTGATCTTTTAGAACGATTGCACGTAACCCACGGGCTCACTTCAATTTTGGTGACCCACAACCTGGATCTGGCCGCGCGGTGTACGCGGACTCTGCGCCTGGAGGGCGGGCGCCTTCATACTGTGGGAGTTGCCCAAGTGGAAGTTCCCCCCACAGCGGGAGCT
NZ_CP121196.1_gap39	2012469	2015968	3499	TGCCATTTCTGTCATGGAGGCGAGCGGAGTCGAGCCGGAGTCGAGCAGCAGGGCACGGATGCGATCGCCGGTGGCAGTGCCCCCCGGTTGGCGGGTAATGACGGGATCGAGGCTGCGCTTTTGCATCCACGCGGCCAAGCGCTTGATTTGCGTGGTTTTGCCGGAGCCATCAAGGCCCTCGAGAGTGATGAACAGTCCGCGCGGCATGCCGAGAGTCTACCACCCGTATGTAATGCGACGCGGTGGCGAGGACGGGATGACGATGTTGCTGAATTTGTGTTACAAACAGGAGATTCTCAATTCGAAGTCGGAGTTAGCTCACGGGGCGGAATGTGCTCTGCGAGATTTTTCTTCGGTCCTGCAACGGAACATGGTTGCAGCGGACACGGCCCGACCCCTCGACAATCACGCCAGTCGCCGGGGTGCCCGGCTGACGAAAAATCCCGCACACATCACAAACTGCTACGCACTGAGTACTCGAAGGGTTGGGAAAACTGCGGGTGCTGATCGCGCTCGATTGGAGTATTTGTGGAGAAGCTCTCTTTGTTAAAAAGGCTCGCTGCCGGCGGCGCCATTGCGGCTACATTATTTGCGGCCGCACGTATCAACGCACAGAACCTAACACTCGAAGGACAGACTGGCGGGTTTATCACACCGACAGCCTACGTGGTGTACTCCGACAAGGACCATGTGTGGTCGCATCCCGCAATCGGCTATCACTTTGTGAACGCATCGAGCGTGATCGGTTACGTGCACACCTTCTCGATTGAAGAGGGCATTGGCAACCGTGCCGAGTTTGGCTATACGCGTAGCGTGCACACCAAGGGCAATGATCCAAATTTCAGTGGCCTGTGGGATTTTTCAGGCATGAATATATTCAACGCCAAAGTCGTGGGGATTAAGGACGGGCAGTTCGGGCCGTGGACTCCAGGCATTGGCGCGGGATTCGTGGTACGGACGGGCGATAAGTTTGTGAGCGGTGCCATCGGTCAGGAACTAGGCGGTCCATTGAAGTCATACACGAATGGCGATGTGTACGTTGCGGCGACGAAGACATGGCTGCATCCGCCAGTGCCGTTCTTGTTGAATTTTGGCTTGAAGATGACGAACGCGTCGATCTACGGGCTGGGCGGGCAGTCCACGCGGTTTATGGGGCGGCTCTTCGGTGGACTCGGTATTCCGATTCCGATTGGACACAACATCGCCGCGGTGCCGGCGATCGGATTCACGCAGGAGCCTCCGCAGGTAGTGAACCTGAAGTTTCCGGTCCTCTATCCGCCGGGAGCGGGCGCGCATATTCCAACGACCATGGACTATGCGGTGCGCGTCACACAGAAGGAAAATCCGCACTTCGCGTTTGATATAGGCATTGGACATGTCGCTGGTGTCATCGGAGATACGGCGGTGCCAACCGGTCTGCCCCCACCCTATCCGCCGATCGTGCTTGTACCGATCGATCTGAAGGCCAACAAGGTTGTGGGAACAGGGCTGAGTTTCCGCTACTAACTAAGTGGATTCATAACTGCACAGGGCACACACGCGCTAAGTTGTGTGCCTTGTGCAGTCTATATAGAGCGGTATAACTAAAGTGCCCAAACGGGGTGCAACTTTCCATGGCGCCCTGGGTTTACCCATGCGTAGTCTGAATATGCGGCAAGCGGTATTCTTCGTGATCTGGCCTCAAGACCGGGCTGGAGGCAAGAAGCTTTGTGTGTCTGCTTTGAGCTGACATTTGAAGGCGCTCGAAGGCCGCGTAAGATCAACATTCCCGATGAGCGGCGAAACATAGGTGCCGCTCACGAGAGGTTTAAAGAAATTTAAGGAGATTCCCATGCAATTACTCCGCAAAGCACGCTGGATGTTTTTAGCACTGCTGCTTTCTCTGGTTCCCGCATCTTCTTTCGCGGGCGTATTGATCAGCGTCGGCATTGCGCCACCGGTGCTGCCGGTTTACGAACAGCCCCCGTGCCCGCAGCCGGGATGGATGTGGACACCGGGATATTGGGCTTATGGCGATGATGGGTATTATTGGGTTCCGGGCGCGTGGGTGCCTGCGCCGTATGAAGGCGCATTGTGGACTCCGCCCTACTGGGGCTGGTCTGGTGGCCTGTATGTGTTTCACGGCGGCTACTGGGGACCACACGTGGGCTATTACGGCGGCGTGAACTACGGATTTGGGTTCATGGGTGTTGGCTTTGTGGGCGGCATGTGGCGCGGCCATGACTTCGTTTACAACACGGCGGTGGTTCACGTGAACAATGTTTACGTGCACAACACCTACATCGATCGCACGGTGGTAGAGCGCAATACGATTGTGAATGAACGTCACGTCGCCTATAGCGGCGGACCGGGCGGCATCAATCACCAGCCTACCGGCGAAGAGCGGAACGCGATGCACGAGCAACACATCGGTGCGACGCAAGTGCAACAGCAGCACATGCAGATGGCTCGTTCCGACAGAAGCTTTTACGCCAAGAACAATGGGGGACGTCCGCAGACATTGGCGGCCGAGCGGCCCATGGGCTTCAACAACAATCATGGTGCGCAAGGCAATGCACGGCCACAGCAGCAGAGTTCCTTCAACAACAACCGCGGCAACGCAAACGGCGGTGCTATGAGCCGGCCGCAGTTCCAGAATCAGCCATCGCGGCAGCCGCAGAACCAGATCCAGGAGCGCGGAAATGCGCAACAGCCGCGTGGAAATTATCAACAGCCGCGGAATGAGTCGCGGCCTGCACCACAGCAGCACGAGCAGTCACGGCCTGCAGCCCAGCCGCGTGAGCAGTCCCGGCCGCAGCACGAAGAGAAGGCGCCGCACAGATAGTTGAAGTCTGCGCCTGTTGAAATAGCACGAAAGCCCGCGGTATGCCGTGGGCTTTCGTGCGTCAGGACAGAGTCTAAAGGGTTGCGGGTTGCATTCCGGCGATTTCGATTTCTAGGCCGCCGAAGTCGGGATGCAGATTTTCGCGAATGCGGTAGGCGACGTCGATGCGGGACCCCTGAGCGAGACTGAGTTCCGCAGACCGCGCTGCCATATCCCAGCCAACGGCGCGGGTCGCTGCCGTGCCTTCATCCTGTGCGAGTTCGAGACGCAGATGACGTTCCTTCATCAAGCGAGGGCCGGAGACAAGGCGGGCACCGCGTGCGACGAAGATGGGCTCCGTATTTCCATGACCCAACGGTTCGAGTTTGGCAAGCCAACCAGCAAGTACCGCTGTGATCTGATGAAGCGGCAATTCAGCATGGATGGCGATCACGCGCTCCGGCTCGCGCTCTGCCAGGCGTTCGGCAGCACACTTAGCGAGCCGGCGCTTGAGTTCCGGCAGGGCTTCGGTGGGAAGAGCAAAGCCGACCGCAAATGCATGTCCGCCGAAGCGCGTGAAGAGATCCGCGCATGTCTCGATGGCCTCAAGCAATTGGAATCCGTCGACTGAGCGGCCGGAGCCGTAAGCGATGCCGTCTTCAACGCTGATGACGAGGGCAGGTTTCGCGGTCCGTT
NZ_CP121196.1_gap40	2115503	2118001	2498	TGCGTCCATTGATGCGAGTTGCCGAACGTCTACGGCGCCTGCGCATGGGGCATTTCGAAAGAGGGCTTTCGTCGGGCTCAGCGGAGATGAGTATTTTCAGCCCGCTGGCGCGCGAAGTGGAGACGATGGCAGAGAGCCTGATTGCGGCTCGAGCGGCGGCCGCGGCAGAGGCTCGTCTGCGCGATGCCGGAGAGCATTTCTGGACACCGGAGCGGCTTGCGGTACACATGAGGAACAAGGCGAGCGGGCGCATATTTGTGGTTTCAAATCGCGAGCCTTACATGCACGTGCGAGATGGACGTAAGACGATGTGCGTGGTTCCGCCGAGCGGATTGGTGACGGCGATTGAGCCGGTGTTGCGTGCCTGCGATGGTGTGTGGGTTGCGAGTGGAAGCGGGAATGCGGACCGCGAGAATGTGGATGAGTTTGATCGGCTGCGCGTGCCGCCGGACGATCCGAAGTACACGCTGCGGCGGGTATGGCTTTCCGCAGAGGAAGAGTCGCAATACTACGACGGGTTTGCGAATGAAGGTCTGTGGCCTCTTTGCCACATCGCGCATACGAGGCCGATTTTTCGGGCTTCAGACTACGAGGCATACAGGCGGGTCAACGAGCGGTTTGCAGCGGCACTTCTCGATGAGATGAAAGGCAGCGCGGAGCCGCTGGTGTTTGTCCAGGATTATCACTTCGCGCTGTTGCCGCGACTAATTAAGAACGCGCGACCGGATGCGCGTGTGGCGATTTTCTGGCATATTCCGTGGCCGAATCCGGAGGCGTTCGGGATCTGTCCGTGGCAGGCGCAGTTGCTGGACGGGCTGCTTGGAGCTGATCTGATCGGATTCCACATTCCTCTGCATTGCCACAATTTTCTTTCGACGGTGGACCGGGTGCTGGAGTCGCGTACCGATCGCGAGCACATGACGGCACGGCGCTTAGGCCACACCACAGCGATCAAGCCTTATCCGGTAAGTGTGGCGTTCAGTGGAGGCATGCCCTCTTCGCTGCGCGTGATGATGTCAGAGAAGGAAGAGGATCGCAGAGAAGAGCGGCGCGTGTTGCTGTCGGAGTTTGGCGTGCGCGCGGAGACGATTGCAGTTGGCGTTGACCGGCTGGATTATACGAAGGGAATCGTGGAGCGATTGCTGGCTATTGAGGAGCTGCTGGTGCAACATCCCTGGCACCGGGAGCGGCTAACCATGGTGCAAATCGCCGCGCCCAGTCGAACGCGCATTCCAAGCTATGCAGATTTGCGCAGGCGAGTAGATGAAGAAGTACGACGCATCAACCACCGCTTCCAGACTTCGCGATGGAAGCCCGTGGTTCTGATCGATCGCCAATGCAATCACGAGGAAGTGAATCGCTGGTATCGCATCGCCGATGTTTGTCTGGTGACTTCGCTGCACGATGGTATGAATCTGGTGGCTAAGGAATATGTGGCGGCTCGCGATGATGAAGACGGTGTGCTGGTGTTGAGTAAATTTGCGGGCGCGGCGGTGGAGTTGCGCGACGCGCTGATCGTGAATCCTTATGATGTTGCAGAAGTGGGCGAGGCGATTCACCGCGGCCTCGACATGCCGCGCGAAGAGCGCAGAGTACGTATGCAGGAGATGCGCAAGCAGGTGATGGAACACAATATTTATCGCTGGGCAGCGATGATCCTCGGAGACTTGCGCGATGTTCGATTGGAGAGTCCGGACGCCGCGGAAACCTATTCAGGATCTTCGGCGGAGACGGTGATCTCCATCGATCCCTACCGTAAAATGGCATAGGAATGCGACAAGATTTGAATCAGAGAGAAGCAGACCAACTGGAAGATTTCTTTTGCTCGCTGAACGGAGCGAAGGCTCCCCTGCTGTTGTTGGACTACGACGGAACTCTGGCCGATTTTCGCATCAACCGATTTGACGCGCGGCCGTGGGCCGGGGTGCGTGAGCTGCTTTCGATCATTCAGAAAGATAATCGAACGCGGCTAACGATTATCACAGGTCGGCCGGCGGGAGAAATTAACCCCATGCTGCAATTGCCTGAGCCGGTGGAGGTGTGGGGACTGCATGGTGCTGAGCGGCTGTTTACGGATGGCAGCCGGGAGATGCAGGAAGCTCCGCCAGAAGCGTGCGCGAAGCTGGATGAACTGCGAGAGCAACTGAGGCACTATGCGTTTGGCGGGCTATTTGAAGACAAGCCCAATGCAGTGGTGATGCACTGGCGCGGGCATACTCCTCGACAAGCGAAGCACATTCAAGAGAAGACGCGCGCGATGTTTGAACCTGCGGCGGAGATGAGTGGGTTGTCGCTGCTGGAGTTTGAAGCCGGGGTGGAATTACGTGTGGGTCGCGACAAGGGCGGAGCGGTGGACGCTATTGTCGAACAGGCCGAGCCGGATGCTCCCGTTGTTTATGTTGGAGATGATCTCACGGACGAGTCCGCATTCTGCGCTGTGAATCGATTGCAGAACCCGCATGTGAGCGTGTTGATGCGGCGTGTGTGGCGGCAGACGG
NZ_CP121196.1_gap41	2237370	2241031	3661	CCGAAACTGCTGATTTTCGATGAGCCACTCTCGGGCTTGGACGTGGCGTCGGCGCGGCTGTTCAAGGATCTGCTGGAGATGTTGGCAAAGGACGGCAAGGCGGTGCTGTACATTTCGCACGTGCTGGAGACGGTTGAGCAGGTGTGCAATCGGGTGATCGTGATTGCGAAAGGGCGCGTGCTGGCAGATGCGGCGCCTTCGGAGTTGAAGTCACTGATGAGTTTGCCGAACCTGGAAAGCGTGTTTGCGCAACTTGTGGAGCAGCAGGACACGAGGGTTGTTGCGGAAAAAATCGTGGAGGTCATGCAGATTCATGGCCGATGAATTTCAAAGACTATTGGTGACGCGCGATGCGGTGCCGGCAGTTCTTTCGCTGAATGTGCAGGCTGCAATGGGGCCTGTGCGCGAACCAGAGCGCAGCCAATTTGTACTGCTGATGAGACTTTTTCTGGAACGGTTTTTCAACCACGAGACGGCATCGGCGGATGGGGAAGGAAAGACACTTCTGGTGCAACTGGCCGTTGCGACCGGGATCCCGGGATTCATGGTGGGCTTGTTTCTGTGGCCGGTGTATCACCCTGTGATCGTGTGGCCGCCGCATCCGGATACGATTCCGGGGCCGCCGCCTTACTGGGTGCAGATGAATCATCACTTCTTCTTCGTGCTGTATTCGTTTGTGGCAATGGGGCTGATCACGGTGTTTGAGTGGGATCTGTTTTTCCCCGATCTGCTGGATGTGCTGGTGCTGGGGACTCTGCCACTGGAGCAGCGAAGAATTTTTCTGGGGCGCGCAGCAGCTATCGGCATTTTTATCGTGGGGTTCTTGTTCGACGCTAACTTTCTTGCTTCGCTGATGTTCCCGGTTGTGGCGGATCCGGTTTATATGCTGAGTTTTCTGACCGGTCATGTTGCCGGAGTTGCGGCGAGCGGGCTATTTGCGGCGTTGTTTATTGTTGCGCTACAGAGCTTGCTGCTGGCGGCGTTGGGCGAACGTTTGTTCCGCAAGATCTCGCTGGTATTGCAGGGGGGAGCGGTAACGGTGCTGGTTATGTTGTTTCTGCTGTTCCCTGTTCTATCGGGCGTTACGCCGGCGCTGCTGCAATCGCATAACAGCGTGGCATTATGGTTTCCGCCGTTCTGGTTTCTAGGGATGTACCAGATGCTTTTGGAAGGCGGTGCTGCATTGCCGATCTTCCACGAGCTTGCCGCGAGGGGGTTGGCGGTATTGCTTGCGGTGGCGGCGATTGGGATGGTGGCGTATCCGCTGGCATATTTTCGGCGGGTGAGGTACCTGCTGGTAGGAGCACCACCGCGCGCACGGCGTAACAGTGTGTTAGCGCCATTGAATGGCGTGCTGCACGCATGCCTCGTACGAGATCCCATTCGTCGCTCGGTGTTTCACTTCATCAACCAGACGCTGCTGCGGGTTCAACGCTATCGGATCTACTTTGTGCTGTATGGAGGGGTGGGGCTGTCGGTGCTGATTGCTACGGTACTTCGGCTTACGGTGGTCGGGGGGCACTTGCGCGCGGAGGCTTCTGCCGATGGGATCCGGGTGGCGGTGGGAATTGTGGCGTTCTGGGTGACGACAGGGTTGCGCACGGCATTTGTTTCACCCGGAAATCAGCGGGGGAACTGGATTTTCCGGTTCACGCATGGAAGGCCGGCAAACTTTGATGCAGCGATGGATGAACTGGTGGCGGCCAAGTTATGGGTGCTGCTTTGCGCGCTGACAATCACTGAGGCGGCAGTGGTCGTGCTGCGATTGGCGGCACCGTCGGAGTTGCTGAGCCTGCCAGCGATGGCTGCGCAGTTGCTGGTGGGTGCGGGAATAAGCGTGCTTCTTACAGATGCATTTTTTGCAAACGTAATGATGGTGCCGTTCACGGGTGAGCCGGCGGCGGAAAAGCCGAACATTGCATTTACGCTGCTGAAGTTTTTTACGTTCTTTCCGCTGGTGACGGCGGTTGCTCTCGTTGCGGAACAGTGGATCGAACAGGGGTGGCTACATTTCGGGGCGGCAGTGATTGCGATTGTGGTGAGTCATTTGTGGTTTCGGTACCGGCATCGGGAACAGGTGCGGCTTCACAGTGCGCAGGCAGAGTTGGAAGAGGGGGAAGACGATTTTCCGATGCGACTGGGGTTGCGGTATTGAATCCGTTTCGGAAACGGATGTTGGGTAGTTAGCTGGCTCGTGCAGGATCGGTCGTGGTTTCGCCGGGGAAGTGGACGCCGAGGGATTTGCGGGCTTCTTCGAGCAGGTGGGCCATTCCTAGCGAGAGATCGTGAGGGATCACGGGACTTTCGCGAAGGCCGCTGCGAATGAGTTCACAGAAGTGAGCAGTTTCATAGTTGAATCCGCCAGAGGTGTAGGGTTCGTGCAACTCCATGATGCGACCGTCGACGTAATGAAGACTGGCGTGAGTGGGGTTCCACCATTTGGCGTGAATGAGGACATATCCTCGTGGGCCGCAGAGCAGCGCGTCGCCGAGACTGAGCAAGTCGATACCGGTGTGAAGCTGGGCCATTCCGCGTTCGTGCTCGGTTTGAAAAATAGCGAAGTTATCAACGCCTACCGGACTAAGACGGCCCATGGTCTGCACGCGTTTGAGAGGACCCAACCAGTCGAGTGCGAGAAAGGCTTCATAAGGACCGATGCCCATGATGCCGCCTCCGCCGAGTTCGGCGAAGTGGAGCGGGTAGTCGGGGCCGACGGATGAGTCGCAGTGACCGGCGCGGACGAAGCCGATGAGGCCGACAGGGTCATTCTTGAGGTGCTCGCGCAATTTCTCGTACAGGGGGAAGAACGGCGGCTTCATGGCTTCCATGAAGAGGCGGTCGTGGGTGTGGGCGGCGGCAAGGATGTTTTGGAGTTGAAGCACGTTGAGGGCGGCGGGCTTTTCGCAGAGAACATGTTTTCCGGCGGCAAGAGCCCGGATGCAGAACTCTGCGTGAGAGTCGGGATGCGTGGATATGTAAACGGCGTCGATTTTGGAATTCAGCAGGTCGTTGACTGTGTGAGCGACTTCAGGAACGGCAAACTTCTCTGCGTAGGCGTGAGCACGGTCGGGGTTGCGGCCCCAGACTGAAGTGAGAACGGCTTCTTCGACAGCTTGAAGACCGTGGGCGAATCGAGCGGCAGCGCGGCCAGGGCCGATGATGCCGAAGCGAATGGGTTGATTGAAGTGAGGCACGGGAACAGGGTAGCGCGTGAGGGGGGCAGTTTATCCGGTTGCTCCGTCACGATGATCTGAGAACTCGATCTTGCTTTCCCACCCATGCCGCAAAGACGCGTCATGGATGGGGTACCCCACGTTAGTACGGATTGATGCAGGGAAGCAGGTCCTTCGACTTCACTCAGGATGACAGGGTTTGTGGAGGCGCTAGCGCAGGAGGTCTTCGAGGGTGGTGCTCAAGTCGGTTTTTTCGTCGCGGTATTTGACGATGACGGGGGCGTAGAGAGAGAGACCCCAGGCTTCGGCGTTGGGGTGGCACTTGCCTTTGGTGACAGGCCGCGATCCGGGGACAACGACGGCGTTGGCGGGGATGATGAGCGGCGTCTCCACGGTGGCACGGATGGTGGTGCCGTGGACGAGATCGAAGACAGGCGTGCCGCGGGTGAGGATAGTGCCGGAAGCCAGAACCGCGCCGGCACGCACGA
NZ_CP121196.1_gap42	2243851	2245631	1780	TAAGTTTGCTGCGGAATGCCGGTGTGAGAGCGTGTTTGAGCGCGGCAGCAATGGCCGCGACGTCGGCGGGAACGTCGATGATGTTCGGAGCGCGTTCGCGACCTTGCTGGCGCATTCCGACGTTGACGACGGGAAGTCCGAATGAGGCGGCCTCCATGATTCCGCTGGAGGAGTTGCCAATCATGGCATCGACTTGGCCGAGAAGACTCCAATAGGTGACGGCATCGAGATTCACGAAGATGTGAGTGTCGGGCCGCGCAGCTGCGAGGGTACGCGTGCGCTTGATGAGCGCGTGGCTGCCGGCATCGGTGTTGGGGTAGACGAAGATCAATTGCCCGGGCGCCGCCGCTAGCGCCGCGAAGAGCGCATCAGCTTCGGTATTGGTATCGCGAAGGATGGTGACGGGGTGCCACGCAGCGAGTATGCAGGGCGAGGCGAGTTTAAGGTTGAGCCGTTTTTCGAGAGCGGCGCGATTGATGAGGTTTGAACGGCGCAGATGATCGAGCGACGGTGCGCCGGCATGGTGGACGCGCCAGGCTTCTTCGCCCATGGAGATCACGCGGCGGCGTGCAGTCTGCGTAGAAGTGAAGTGGATGTGCGCGAGCTTGGTGAGGGCGTTGCGGACCTGGTCATCGATGGCGCCTTGGCTAACTTCTCCGCCTTCAATGTGAGCGATGGGGATGCGGAGAGCGAGCGCGACGCAGGCCGGGGCCATCATTTCGTAACGATCGGCGATGAGTAGGATCAAGTCGGGGCGCCACGCGGTCAGCGTGTCAGCCAGGGAGAGGATAGCGACGCCTATGGTTTTGGCCATGCCGGTATCGGTGTCAGAGCTCAGAAGGCACTCAATACGCGCTTTGATGGGAAAGCCTTCGCGCTCGATTTCGGCAATTGTGTTGCCGAATTCCGGGGAGAGGTGCGGGCCAAGGGCGATGACTCCTAATTCAATGTCAGGGCGTGCGGCGAGTTCGCGGAGTGGCCAGTAGAGATGGCTGTAGTCGGCTCGCGAGGTTGTTACAACAGCGATTTTTCGCTTGGCTTTGCGCGCCTTACTCATGGGTGACCTGCGTCGCTGTTATGGAACGCAGCCGGAGAACTGTGCTGCTGGGAGAATAGTCGGGCACCAAGATACGCAGGGCGTTGAGCGATGCGGAGAGGTCGCGGGTTTTCACGGTATTACGCAACGTGGCGAGAGCGCTTTGCAGTTGGGAACGTGGAATTGATGGTGAATCGAGACGGATGAGGCCACTGGCATTTGTGGGATGGGGTGTTTCGTTCGCGGACCATAGTTGCTCGGTCTCTTTGTCTCCGGCGCGCAGGTGGGTGAACTCGATGGAAGGTTCGTGATCTGGCGCGAGGGTATGCGCCATGAAGCGTGCCAGGTCGGCGATGAAATGGGGAGCAGGGAGATCAGGCGCCAGTAATGTCGGTAGCTCAGCGGCGGCGGAGATCAGAAGATTCACGGCCTCCTCGATGGTGAGGAAGTACCGGCGCGCAGCGGGATCGGTCACGGTGAGCGGAATACCGGTAGCGAGCTGGCGGGCGAAGACTTCAGTTACGCTGCCGTCGCTTGCAAGGACGTTTCCGAGCCGGAGGACGGTTCCATTGGAAGAGAGGATTATCTGCTCAGCGGCGCGTTTAGTCGCGCCCATGATCGAGGTGGGATTGACAGCTTTGTCGGTGGAAAGAAGAACAATGCGCGCACGATTTGCCGCGGCAGCAAGGGACAGAGTTTCGGTTGCAAAGATGTTGTTTGCGATTGCCGCGAAGGGTTGATCTT
NZ_CP121196.1_gap43	2430740	2431870	1130	TTTAGATATCGACGTTGAAGAAGCGGAAGAGGGCGACGTGGTCGCCTGCGGTGAATGTGGAACTGAGTACGAAATCGTCGGTGTCGAGCCGCTCGAACTGTCTAAAGTGGAAGACGGCATTCTCGAAGACGACGATGATTTTCTGAATGAGGACGAGGAGGAAGAGTGAAAGGCAACCGCGCAAGACTGTCGACATGGGCAGTTTTTATCACCCTTGCGGCAGGCATCGTTCCAGCGGTACATCCAACCGGTGAAGCTTACGCACAGAACCTGGGTCAGCGCAATGTGGCCGGCCTCGTACTCGACGCCAACTCAGCCCCCGTGCAGGGGGCGACAGTGTTCCTCAAAAATCAGAAAACCAAGTCGATACGCAGTTATACGTCCGCAACAAACGGCAGCTTTCGCTTTGCACAGGTCAACATGACCGATGACTACGATTTGTGGGCTGAAAAGGAAGGCAAGAAAAGTCCCACCAAAACAGTCAGCAGTTGGGACGCACGCAAGGAGTTTTCAACGGAACTCAAATTCAAGTAACCCTCGCCGTTTTCACGAACGATTCCGTTCGAGGGTCTTGAGATTCGGGGCAGGCTACTTCAGCTTGCCCCTGCTCGACAAAGCGAACTGATTTCCGTCTGCATCCTTGAACACAGCAACCGAACCCCACTCTTCCGTGGTCGGCTCCTTCGTGAAAACCACGCCCTTCTTCTTCATCGCATCCGCAGTGGCAAAGACATCGTCGCACCAGAACGAAATGGATTGAAAATCGCCGATGCGTTTTTCGTGACCTTCCGGCGTAAAAAGCGCAATTCCCGTATCAGCCCCGGCAAATTTCAACTCTATCCATCGTTGATTAGGCATGTACGGCTGATCCGTCATCCCCTTCATTCCCAGAGCCTCGGTATAAAACTTCAACGCTACGTCCTGGTCACGCACTGGAATGCCCACAAACTTGATGCCTCGAATCATTTTTCCTCACAGTGCGTAGAGAATATCTCGGCTAATTTCAGCAATCAATCAGGCATCGAATGCTATAGTAGCTATTGGTATAGAGATGCCGGTACTGGATGATTACATCATCGACACGTTGATGCGAGATCTGGTGGGACACGACCGAAAACCGGTTAGTTTCC
NZ_CP121196.1_gap44	2586163	2589336	3173	TCCGTCGTCGGCCCGACGGTTGGCAAGCAACTTGAGAAACAGGCAACCCTGGCGACTCTCTACTCGCTTTTGGGGATGCTGATTTATCTGTGGTTTCGCTTCCAACTCATCTACGGTATTGCCGCTGTGGTCGCGTGCTTTCACGACACCCTGATTACGGTGGGATCGTTCGCATTGCTTGACTCGTTTGGTTTCAAGGGAATGGAGATCAGTCTCACGGTCATCGCCGCGATCTTGACCTTGGTTGGCTACTCCATGAACGACACGATTGTCGTGTTCGACCGTATTCGTGAGAACCTTCGCCTGAGCCGACGCGAGTCCCTGGCGGACGTGGTCAACCGCAGCATCAATCAGACCCTGAGCCGAACGGTATTGACGTCGGGACTGACATTTTTGACAGTGTTGTCACTCTTTGTTTTTGGCGGACCCGTGCTGAGAGGATTCTCTTTTGCCCTGGTGGTTGGAATTCTGATCGGAACCTATTCCTCGATTGCCGTAGCGGCACCGATGCTGGTGGCATGGCAACAGTGGCGGGCTGGCAGCAGTAAGGCAGCGGTGCTTCCCGCGGCGAAGCGGTCCAAGGTATAAATGTGCAACGTGCACTTGTTTTGCAGCAACCTTTGCATGTGTTAGGCAGTTCTGATATAGGTGGAGCACGCTTTTTGTAAGCGTTTTAGAGCGCGGGAACATTTGAACTTCCCGCGGTGTCTAAACAGAGGTAACCGACACCCCGATTCGAGGCTGGCCATGTTTGAGGATTCCACATTTGAATCAGGCGGAAAGATCAAGAGCAAGAGCGGTCGCTGGATGATGTTCACATTCATCACCAACGGCGCAATTCTGGTTGCGATGATCCTCTACCCGCTCATTTACCCAGAGGCGTTGCCCAAAGCGATGATGCAGACCTTGTTGGTTGCCCCGCCGCCACCGCCGCCACCACCGCCCCCTCCACCACCGGCTGAAGTTGTGCACGTGGTACATGTTCAATCGGAAATGATGAACAACCAGCTGGTCGCTCCTACGAAGATCCCCAAGGACATCAAACAGGTAGCCGAGAAGGAAGCTCCTCCCAGCTCATTTGGTGTGGCTGGAGCAGAAGGGCTCGGTGGAAGCTCAAGTGGCGTGATGGGCAGCGTATTCGGCTCGGGAACAGCACCCAAGGTTCAGGCCGCTCCGCCCAAAAAGGTGAACATTTCCGCCGGCGTCGCGACTGGTATGTTGATCCAGAAGACCACGCCGAACTATCCGCCGATTGCCAAGGCTGCACGCGTTTCCGGCACGGTAGTGATTCAAGCAACAATCTCAAAGACCGGAACTATTGAGAATCTCCGCGTCGTCAGTGGTCCCGCCATGCTGCAACAGGCGGCCCTGGATGCGGTGAGAAGCTGGCGCTACCGGCCTTACCTGCTCAACAACGAGCCCGTCGAAGTGGAAACAACGGTCAACGTCATCTTCACTCTGGGCGGATAAATTTAATCTTCGGCTCTTTCCCAATGGGAAGGAGCCTTGCTTTTTGACCCGAATGCGAATCTAAAAGAGCCGCATTCCCAATCTCAAAACCGGAATGATGTATCCGAAGGCAGCGACTCCAACAGCCATACACGAACTCGATCTCTTGAAGTTAGATTCATGAGAGGAAGGGAACGGCGGGAGATGAAGCTTAACGGGCCAGTTTTTCTGGTTTTGCCGCCATCAATTCGCATAACGGACAGTCTTAGTTCAGAAACTCCTTAGGAGGAACGATTCAAGTGATTCTCGCTCAGCTCGCACATTTCGCTTCGCACACGGTCAACAGCCTGGCATTTTTTCAGGAAGAGCAGACGGTAAGCTTTAGCCCTCTCGGTCTGTGGCAACACATGGGATGGCCGGCGCGTACCATCGCGATCATCCTGTTCATCGAGTCGATCTGGTCGCTGGCCGTTATGATCGACCGTTACCTGTACTTCTCAGCAGCCCGCAAGCAGTCCCGCGAGTTTGCGCCCAAGGTTGCCGGCGCGCTCAAAGACAGCAAGTTGGAAGAGGCGATCAAGATCGCCGATCGCAACAAGAAGTCGCACCTCGCTGAAGTTGTTACCGCTGGCCTGCAGGAGTTCCGTGCTTCTGGCGGCGTAGCAAGCGAAGCGACGATCGAGAGTTCGGGCCGCGCATTAGAGCGCGCCGAGGCAATCGTTCACGCCAAGCTGAAGAGGGGTCTTGCCGTATTGGCCACCATCGGCTCCACGGCTCCATTCGTCGGGCTGCTTGGGACGGTTATCGGAATTTTGAACGCCTTCCAACAGATCGCCACCCAGAAGACTTCCGGTATCGGTGCAGTCGCCGGCGGTATCTCTGAGGCGCTGGTAACCACCGCGTTCGGTTTGCTGGTGGCTATCCCTGCCGTTATGGCATTCAACTACTTCACTGGGCGTGTCGAATCTTTCGACGTAGAGATGGACAACTCCTCGAGCGAACTGATCGACTACTTCATCAAGCAGAGCAGCAAGCGCTAAGCAATCCGGGTGTAGCCCCGAGCGAGAAACTTTCAGGTGGGCAGGAAAGCGACAAACGCTGTCCTGCCGCCGGTTTCCAGCAAGGTGCAACAGCCTTTTCGAGCTAGAGACCGGGTAGTCTCCGGTATATGAATTCAATAGGCACGGAGCCCAAACATGGGAATTGCGGTTCGTAACGAAGGCACAAAGGTCAATTCCAACATCAACGTGACCCCGATGGTCGATGTGATGCTGGTTTTGCTTATCATCTTCATGGTCATCACCCCGATGCTGCAGAACAAAGTCTCGGTTGATATGGCCAAGGTAGAAAATCCCACACCCATGCCAGACGCCGACAAGGAAGATGCCATTATTGTGGCCATCACCCGCGATGGTGGTGTGTTCCTTGGTCAAAACAAGGTCGCCACCTCTGAGCTGGGAGGTCTGGTTCGTGACAAGCTAGCCGATACGCCGGGCAAAGAGATTTTTGTTCGTGCTGATGCTCGCGCTCAGTTCCGCGGCGTAGAAGACGCAATCGATGCCGTGCGTACAGCAGGCGTGGATGAAGTTGGCTTGCTAACGAATAAGCGTGAAGGCCCCGGCGGCGCCGGCGGGCAGTGATCATTGACCTGGAACGCTATACATAACCATTTGCATTACACGAGGAGTTTGAAGCCATGGCAATGACAGCTGGAGGTAGCAGTG
NZ_CP121196.1_gap45	2675798	2676957	1159	TGACCGCTGCTGTGCCCAGCCCGATCATGGCGCTGGTGTCAAGCTTCGCGCCGGAGTTGATGACTCGGGCTATGATGGCCAGCCCCTCTGGCGAACTGGCGAGCAAAGGAACCACCGCGCAGCAATTTCAAAAAATGATTGACCGTAAAACGGTGATCGCCGTCGGGCCGGGTTTGGGTGATGGGCCGGGGACTGAGATGCTGTTGGAGGCCGTGCTATCGGATACGAAGCTGCCGACGGTGATAGATGCGGACGGACTGAACACACTTTCGGCTAATCCTTTTCTGATGGAAAAAATGACGGAAGTTGCGAAGGCAGGACGAACGGTGGTGTTGACGCCGCATCCGGGAGAGATGGCCCGGCTAACCGGGAAGAGCGTCGAAGAGATTCAGGCGAACAGGCATGAGCAGGCACGATCTTTCGCGCGGGATCACGGCGTGACGCTGGTGCTGAAAGGATCGCGCACGCTGATTGCGCATCCTGATGGTCGGGTTGCTGTGAACACTTCCGGAAATCCGGGAATGGCCAAGGGCGGCAGCGGTGACATGCTGATGGGAATCATTGCCGCGTTGCTGGCGCAGTATAAGGATGATGTTGCGCGTGCCGTGGAAGCGGCTGTTTATCTACATGGATTCGCCGCTGATCTGGCGGTGCATGAAGCCGATGAGCACACGCTGCTCGCCACGGATAGCCTGAAATATTTTTCGCAGGCGTTCCAGTTTCGGCCTTTCCGCTTTTCTCAGGGTGCCCCGAGAGGGTATGTTTGGTTGCAGGGGCTGTCAGCCGCACGTAGTCAGGCTTGCGCTCCTCAGAGGCGAAATGAGCAAGGAAGCCCCAGTCGCTGAAGGACGGATTCACGAATTCGTAACAAAGAGCGGCGCCGACACGGTGGAAGTGGGGCGCAAGCTGGTGAATTTACTTGCACCGCCTCAGCTGCTGATTCTCCGAGGCGATCTGGGCACCGGCAAGACCACGTTAGTAAAGGGCATTGCGCAAGCGCTCGACGCCGCCGAGCCCGACGAAGTGACCAGTCCCACATTCACGTTGCTGCATGAATATGACGGCACGCGTGAGGGTAAGCCGGTGAAGCTGTTCCACCTGGATGTATACAGGTTGGAAGGCGAGAGGCAGCTGGAGACGCTGGGGCTGGATGAACTGC
NZ_CP121196.1_gap46	2683561	2684687	1126	CGGCGCGGGTGACGGCAATGAGCGAGTAGACGCTGACTTCGTGAGCGATGCGGAAGCCCTCGCGGCTGGTGTTGAGGAATTCTCCGCGCAGGTCTTCGGCGGGGGCGAATGCGACTGCGTGAACGAGGATGTCGAGCTTGCCGTATTTCTCTTTGAGGGTGGCGAAGAGCGTGTCGATTTCGCTGTCGCTGGAGACGTCGCACTGGAATCCACCGGCGCCGGGAAGCTCGTTGATCAGGTCTTCGGCTTCGGCGCGCATACGCTCGTTCTGGTAGCAGATGGCCAAGGTGGCTCCGGCTTGGTGAAGTTTTTGGGCGATGCCCCAGGCGATGGAACGCTTATTAGCCAGCCCAAAGACCACGGCCGTTTTGCCTGCCAGATTGATCATGCTTGTGTTGTTCCTCCAGTGATTCTTTCGTGATTCCAATGAAGTGCGGCACGAGAAGCAGATCCTTCGCTCCGCTTACCCCACTGACTTGGTCATTGGGGTCCCAAGCTGCTCCGCTCAGGATGACACATCTGTAGGGTTGGAACTGTTTTGAAGCCTGAATCAGGATATCAAGTTGCGTGGGCGACGTTTGCCCGGAAGGATTTGTTCTCAGCCGCCGAGGTCGACGAGTTGCACTTTACCTACGGGGCGGCCGAGGAAACGGGAGCCGAGGCGCTCGAACTTTTCGACGGAGTCGGTGGCGAAGCAGTGGATTTCAGTGGGCTGGTTGTCGTTGATGGCGTGCTTGGGTTTGGCACGGCCGTTGAACATGCCTGCGGCTGTGGCGGCGGTGGATTCGGCGGAATCGATGACATTCATTCCTGCGGGGACGGCGCGCTCGATCAGCGGTCGCAGCAACGGGTAGTGGGTGCAGCCGAGTACGAGCGCATCGGGGTTGAGGCCGTCGGTCGCGGCCTGAGTCGCAAGTTCGTTGAGGTAGATGCGGATGACCTCGTCAGTGACGGGGTGGCTGGTCCAGCCTTCTTCAACGAAGGGGACGAGTAGAGGGCAGGCCTTCTCAAGGGCGCGCAGGTTCTGGGCAGCGCAGGCTGCCTTGTAGGCGTGGCTCTGCACGGTGGCGTCGGTGGCGATGACCAGTACGTCTCCGGTTTTGGAGGCGGCGCGGGCCGCAGTGGC
NZ_CP121196.1_gap47	2687013	2687913	900	GCGAAGCAGGGGTGTGTTCTTTGGAGTAGTTCAGCGCCGTCTCGTAGCGATGGTGGCCGTCGGCGATGATCAGCTTTTTGTCGGCCATGGTGGAGACGAGCAAGCGAATGACGGCAGGGTCAGCGACGCGCCAAACGCGATGAAGGACGCCGTATTCGTCAGTCACTTCGGCGTCGGCCGGTCCCGCGCCGTCGTAGAGGATATTCTCGACGCTACCGGCCGGATCGGAGTAAAGCATGAAGATCTGGCCAAAGTGGGCGTGCGTAGCTTTGAGCAGATTAAGGCGATCGCTCTTTGGTTTGGAGAGGGTCTGCTCATGGCGAAAGACAACCTGGTCAGCGTATTCATGGAGTTTGCCGAGGGCGATGAAACCGCGACGTTCCTTAATGGCATCGGAACCCGGAACGCGGAACCGTTGCGAATAGGCGAATATGCCTGGGTCTCTCTCCTGGACAAGGACTGACTGATCTTTCCATGCAGCAAAATCGCGAGCGGCGCGGGTGTAGACATTCTCGCCACGCTCAGCATCAAAGAGTTCGGGCAGCCCGAGGATAATACGAACCAGGTTGTAGGGGCTGCGGTGGTAGTAAGCCTCCTGCATCGCTGGAGAGATCTTGTCGTAGGGCTGGGTGACCACGTCTTCAAGCCGAACAACCGACGGATTGTAACGCCACGCGCGGAATGGATAGATATTAGCCATGCAGAAGTCTTGCTTCCAACAGATAAGGCAGGATTTGCCAGGAGGGGACTATCGTGAAAGTCCCGCCAAAACTGTCGCTTAGAGACGATTGTATCCCACTGCCGATGACCGATTCGGGCCGGGCGTCGTCCAACAAATGCGGGTGTACGTGGAGTGACACAAGGTTGCGGCCAAGCGTGCTAAACTCGCCATCATTCTCA
NZ_CP121196.1_gap48	2702728	2707553	4825	GCGCGGCTCAAGAGTGGGGCAGCGAGGATCCTGAGACAGACCGAACTCGCAGGGCGGAGCTTTTCAGCAACGCTGGTGGCGGCCATTGGTGACCTGCTGACGGGGTTCGGGATAAAGCTGGGTGAGATCGGCGCAATTGTCGTGACGAGTGGGCCGGGGAGCTTTACAGGGGTTCGCGTGGGTTTGAGCGCGGTGAAAGGGCTGGCGGAGCCGGGGCAGATTCCGGTGGTTGCGGTGTCTCGGCTGGGGGTGTTGTCGGCGAAGGCTGGAGTCGGGTCGGCGGCATTGGACGCTCATCGGCACGAGGTTTTTCTGCGGCTCGTCGGAGAGGACGGTTGTACGCGAGAGTTGCTGGCGGGAGCGGAGGAGTTGTCGGACGTGCATGCGCAGCCGGCGCAGATTGCGGTTTGCGATGATCAGGCTGCGGAACTCCTGAAAGCGTCGTGGCAAGGAGTCGAACTGGTTCGAAGCGATGCGCCGACCGCGGCGGATGCGATTCAACTATGCGTGGCGCGGATTCTGCGACGGGAGTTTGACGATCTGGCACTCCTGGATGGGCACTATCTGCGGCGATCGGATGCGGAGATCTTCGGCGATCCGACGGCACCGAAGGCGCAGCGAGCATGAGCGGCAAATCGTCGATCTTGATTCGCACGATGAGCGCGTCGGACATTGACCGGGTGGTGGAGATCGCCTCTGGGTTGGATCATGCGCCGCAGTGGCCACGGCGCGTCTACGAGGCTGCACTGAGTGAATCTTCTCCGAGGCGCATTATTCTGGTCGCCGAAGACGCAGGAACCGGAGCGGCGGTGGGCTTTGCGGTGGCTGTGATGGTTCCATCGGAAGCTGAATTGGAGTCGATTGGCGTCATGGCGGGATATCAGCGCCAGGGTGTCGGGCGACGGCTTTTCGAGGCAGTAAGTGCTGAACTTTCTCGTGTTCAAATACGCGGATTGGTGCTTGAAGTGCGCGACTCAAATAAGGCTGCGCGAGGCTTCTACGGGTCCTTTGGGTTTATCGAAGTGGGACGACGGCCGGGCTACTATGCTGACCCCGTTGAGGATGCCATTCTGATGCGTTTGGATGTCGAGGGCAGGCCGGATGCTGAGAAACGAGCGCATCGTAAGGTCGAAATGTGATTTGTGTCACGTGTGCTGATTGTGGATCAAGAAATCCACAGCTCCGGGCATTTTCTTGTGTCTTCCCGCTTGCCGATTGCGCGCCGGAGGACTATATGTATTTGGTTAAGAAGGGTCGGAGGTGCTTGATGGATGAGATAAATGACTCCACGCTGAGCGAAGAAATTGGCCGTCTTCATGCCGAACATCGTCGCTACGCTCAGCGGTTGGAAGAATTGCTTCAGAAACCTTATCTCTCTACGGATGAGGAACTCGAAGAAGTTCGCTTGAAGAAGCTGAAACTACATGCCAAGGACCTGATTTACGCTCTCGAGCATCGGGCCCCGGCAATCGCGTAGAGTTTCAGACCTTCGGGTCGTATGACGATGAAAGGAACGGCTGAGCCGTCCGGTTTCAGCCGCGCGCAGGATGAGATTCTGCTGCCGCGCTCTCCGTGTCCAATTCAACCGTATAATCGTTAGGGACAATGGTTCGTGACGGTTACATCTACGGTATGAGTCTGGTGGCAGTGGCAGCAGTGTTGGCATGGGCCACTGGCACGTGGGTATGGAGTATCGTGCCCGTTCTTCTGGGCGCATTTTTCGTGTGGTTCTTCCGCGATCCTCAACGTGAAATACCTAATGGACAAGGATTGCTGGTTTCGCCTGCCGACGGGTTGGTGACCGAAACCGTTCGCATTGAAACGCCCAGCGGTCCGCGGCAGCGCATCAGCATTTTCCTGAATGTCTTCGATGTGCACGTGAACCGCTCTCCAATTGCGGGGGAGATCACGGCAGTTCGCTATCAGAGGGGGAAATTTCTGAATGCGATGAACCAAAAGTGTGCCGATCTCAACGAACAAAATATCGTGACGGTACACGGCGAGGGCATGGAGATCGTTTTCAAGCAGATCGCGGGGTTGATTGCCCGGCGGATCATCTTCAACCATCGCGTGGGTGACCGCGTGGAGCGGGGCCAGCGCGTCGGGCTGATCAAATTCGGTTCGCGCACGGACGTCATACTGCCTGCCGAGGCAGAGATTCGCGTCAAGACCGGACAGCGGGTGAAGGGCGGATCGTCCATCATTGCTGAGATGCCGGAGTCTGAGCTTGCTGTGGGTGTGACTGCACAGCGGAAGACTGCGAGTGCGAGCGCAGAACCTGAGATCGTCGAAGGAGACGAAGCTTGAACTTCTCTGAAGCAGAGCTCGCCAAGGCCAAGAAAAAGGCGCGTCTGCGGCGGGGCATGTTTATTCTGCCGTCACTTTTCACCGCGATGAATATCGGCGCGGGCTATTTTGCGATTACGCAGACCATTGAAGCAGCCAGCAGCGCGGCACAGACGAACGGCGCACAGATGCACCTGGATTGGGCGGCAATCGCGATCCTGCTGGCTATTCCGTTCGATTCGCTTGATGGGCGGATCGCGCGCATGACGAATACAGCAAGCGATTTTGGCCGGGAACTGGATTCGCTGGCGGACGTGATTACATTTGGCGTCGCGCCGAGTTTGCTGGCGTTTGTGTGGGGCTTTCATTTCCTGCCCGACACCATTAATCCGCAGCTCCGTCAGCATCTCGTCCAGGCCGGAGCGTTTATTTGCTTTCTGTTTTTGATGGGCGGAGCCTCGCGACTGGCTAGATTCAACATCAGCCATGATCCGAAGCCGAGAAATCCAGGAAGGCCTGATCGCAAATATTTTGTGGGCATGCCGATTCCCGGAGCTGCGGGTCTGCTGGCGGCTACGGTGCATTTCTTTTATGGGATACCGGTGCAGGCATGGTGGGTGGCGATACCCTGGCTGATCCTGGTGGGCCTTGCGGGATTCTTAATGGTGAGCACGTGGCGATTCTGGTCGGGCAAGGAGATCGACCTTGGTCGCAGTCATCCATTCCAGCTACTGTTCATCATTGCGATTGTGCTGTATGTAGTCCTCCGCTATTCCGGCGTGGTTTTGTTCGCGATTGCGCTGGTATACATGTTTTCGGGTATCTGGGCGCGGGCTGCGTATGGATGGTCGCGCCGGCGGCGGCGAGGACAACGAAACGATTCGAAAGGGCTGCCTGAGGGCCCCGATCCTGATCCGCTGCATCACTCCTGAGTACAAACGACAAGAAGGAAGCCTGTGTACAAGATTGCCATCGTTGGAGCGTCCACACTGCTGGGGAAAGAGTTGAAAGAGGCTCTTACCGAGTCGTCGCTTGCCACAGCGAGCTTCACCCTCTTTGACGAAGAAGAGGGCCTTGGCCAACTCGATCAACTTGGCGACGAGGTCACTTTTGTTCAAGCTGTGAGCGGGGAGTCGTTCGAGCACGTGGACTTCACCTTTTTCTGCGGAACAGAGACCATGACGCGCAAATACTGGCGTGAGGCACTGCGAGCCGGATCGACGGTGCTGGATCTTTCAGGTGCTCTCGACCAGGAGCCCGGGGTTCTGGTGCGTTCGCCGTGGGTGGGAGAGCAGGATGTAGCCGCCGATTTGTTTACCCCGGCGGTGGTTCCAGCGCATCCGGCAGCACTGGCGCTGGCGCTTTTGATGGAGCGCTTACAGCAGACTGCTCCGGTGAGGGAAGCTGCGGCGACCGTTATGCTGCCCGCGAGCGAGTTTGGCCGGGCCGCGATGGATGAACTTCATCAACAGACGGTAAATCTTTTGAGCTTTCAATCGATACCGCGCGAGACGTTTGACGCGCAACTGGCTTACAACCTGCTTTCTGGCTTCGGCGAAAATTCCAAAGTCCGCATGGGCGCGATGGACGCGCGGATACGGCGTCAGTACGCCTCGCTAGCTGGGAGACGCCTCTCAGTTCTGGCGATACAAACGATCAGCGCGCCCGTTTTTCATGGCCACACCTTTTCGATCTTCGCCGAACTGGAGCGGCCGGTGGACTTATCGGCGCTGGAAGACGCGTTAAGTGGTGACCATGTGGATCTAGTGCTTGAAGACACTGATTCGCCTTCGAATCTCTCGGCCACCGGACAGAACGATGTGCTGGTTCGGCTTCGACTTGAGCCGGGGACGCGCAATGCAAATGAATCGGCGCGGGTCTGGTTATGGGCGGCGTCGGACAATTTGCGGCTGTTTGCTCAAAATGCGGTGGAGTGTGCGCTGGACCTGCGAAGGCTGAGGCCGCAGGGCACGGTGCAGTAGGTTACGGCATTCGAAGTCAATTCAGAATTATCTGCAGCAACGCGTCCACAACTGCTCGATGTAGCTGTCGGTCATGCCGGCGATGTAGTCAGCTACTGTCCTGGCCAATCCCTCGCTTGGAATCTGAAGCTGGTGATCGGCGGGGAGCAATCCGGGATCGCCCATCAGCGCTGAGAATAGATCGCGCACGAGCCGGGCGGCGCGCTCATGCTCTTCTTCCATTCCGGGCGAGTTGTAGAAGTTGGTATATAGAAAGCCCTTGGCTGTAGCGCGTTCCGCCTCCATAGCCGGGCCGAGTGCCGCAATTCTTCCGGGAGCATTCCGGATATCTTCAAGCGTGGTAGCTCCCAGAGCGTTGACGCGACTTCGCACCTCATCGATCAAATCTGTGACCAGGGCGTTGAGCATGCGATTCAGGGTTTCATAGACTGCCTGCTTCGACTGCGCCAACGGGTATTCATTTGTCACTTCGTCATGGAACCGGCGGAAGAAGGGCACTTGATCCCGGACAGCCTCGAGGTTAAGGATGCCCGAATCGAGTCCGTCATCGAAATCGG
NZ_CP121196.1_gap49	2732492	2734990	2498	AGGTGCGGCTCGCCCATCTGCCGAGGCCACCAAAGTTTTGGATTCTGCAGGCGGAGAGCAGGGAACTGTTCCGGGCTGAAGGCTACGGTTTGATCTTCGTGCGCTGCCAACTCGACGGTCTTCTCGAAGTGCGCGCCTGCCGCGGTTCCGCTGATGAGTCCTTTAATGGGAGAGGCTGTTGCATTGTGCAACTCCGCATAGACGATGAGATCTGCCTTGCTCAACGAGCCGTTTGTAAAGTGCGTGACCACAAGCGGCGACCGAACGGTGACGGGGCCAGTCTCGACAATGTCCACCGTTCCCCAAAGGCCCATATCTTTATCGGGTGGGCACGGGTTCCAATCAACCCAGTTAATACCGAGATCCTTCTCAGTTGGCGCGCTGGTCTTGACGGCAATGACGTTTGATTTTTCGGGAGTAATGGCATCCGTGACATCGAAGTCATAGGTCCGATAGGCTCCAGCTACTGACGAGGAATCGGCGATCTTGTGGCCGTTGATCCAGACTTCGCCGCGATAGTTGATGCCGCCAAAGTGTAGCCAGAGACGATTGCCTTTTGCAGATAGCGCCGGAGCCGCGAACTCTTTGCGATACCACCACGCGCAGGCGTACGGACTGCTCGCATCCATCGGGAGATTCGCGAAGTTATGTCCAATGGGATAGCTGGTGCCGGGGATTTTGCGAAGATTGTCTCCGAAGTACGGATCCGGGAAAATACCTGCGTTGACTTGCGCTGCAAGTACTGTGCTCGGCACCGAAGTCTTCATCCAGCCATCGGTCGAATACTGCGTCGTCGAGATCGCTTCTCCCGCGGCTGTAGCTTTGCATGCCGACTGCAGTTGCCAGTCATCATGCAGCGGAGTTGTTTTCTCCGCAATCAACGGCGCAGACACAAAGCAGAAAACCAAAAAGGCGAAGGATATTGGGTTCATAGGCACCTTTGTGCTTCAACAACAAGACATGTTCGGAACTTCGCTGAGTTAAGTTCAATCGTTTGAATTGCGAATATCTCCCGCGAACGTTAGATTGTCAAGCGCGATTTTGGCGGACCGCTGCGGCGCGACGCCGGCATTCTGGGCGCGGTCGACGTACGCACTACAAGCTCCGGCGGAGCTTTGTACAGTTTGACTGGCTTCCTATTCTGTTCGCGAGACTTGAGAGCCTCTAAAGTCCATTCCGAAGCCATTAGACCCATTTCATGGAGCGGTTGGCGAATGGTGGTGACGCCGGGAGTGGAAACGGCGGCTGGCAGTACATCATCAAAACCAACCACCGAACAATCGCCGGGTACGTTCAGGCCCGCATCGGAGAGCCCACGTATGACGCCGAGCGCGGTGAGATCGTCGAATGCCAAAACGGCTGTGAATGCACGTCCAGATGCAATCATCTCCTTTGAGAAGCGCAATCCTCCTTCAAACCCCGAGATTGAATCCGTCAGGTTTGGAAGCTGAAACACTAGCCGGCGATCAAGGTGAATCCCCGCATCCACCGCGGTGCGTTGCACTCCAGCCCAACGCGGCTCTGTATCAAAAAGCTCTTCTGGTCCACGAACGATAGCGATTTGGCGATGTCCAAGATCGATGAGATGGCGCATGGCCAGCGCGCCGCCTGCTTCGTTATCTACGAGCAAAGAGCTGATCTTCTTTGGGGTGAGATCACGCCCCACGATGACAATTGGAACTTGATTCTTTTCGACATCTTCCAGCAGATTTGTTTCCTGGAAGATCCAACTAGCAATCACAATGACGCCCTCAGCCCTTCGCTCGAGAATCATCCTGAGATAACTGTCGAAGAGTTTGCGCTGCGTCTGCGCGTCGACGAGAAGAGGTAGATAATCCCCTGGCTGAAGGCCGGCCTGTATTCCATGAACAATGGGGATGCAAAACGGGTCTGACAGATCATACGCAAGCACGGCGATAGTCTGGCTGCGACGACGGCGTAGAGAACGAGCATAGGCATCGGGATGATACCCGAGCTGAGTTGCCATTTTCCGGATTCGGTCGCGAGTCGAGGCGGCGACGTTTTGTGAAAGCGGAGCTTCGCTCAGGACGATGGAGACCGTTGAGACGGAGTATCCGCATGCCTGTGCGATATCCAAAAGAGTCACGTGGCCGGATTTGCGTTGGACCATCTTGCCTCCCCCTTGCAATTACGTCAGGCAATCGCGTCATTTTGCCACATACCCACGCCATTCGGTCTGGAAAGGCTGCGTAGGGCCATGGTCGAAAACCAATCAAGCACTTTGTGCTTGACATGTAAAAGAAACGATTCTACATTCTGCTGTCAAGAGATTCAAACGTTTGAATAAGGCGTTTGACCCCGGGGGTAGCCATGAACGTCCAGTGTGCGCGGACTGCGGGAACGCGGTTCCTCTTCCTTATTTGCGTGCTGATCGCCTTCACTTCTGGAGCCTTTGCGCAGGCTGGGAGAGGGTCAATCAGCGGGCTGGTAACCGATCCATCTGGCGCGATCATTCAAGGTGCCAGTGTTGTTGCGCA
NZ_CP121196.1_gap50	2793993	2795676	1683	ATGAAACGTATGACGTGCTGATTATCGGGTCGGGGCATGCCGGAGGAATGGCTGCGAAGGTTTTGACCGAGTATGGAATTCGCTGCCTGATGTTGAACGCGGGGCCGGTGGCCGATGTGAGTCACGACGCGGAGAAGAAGGCAGCATACGAGCTGCCGTTTCGCGGATTCCGGCCGCCGGGCCGGTTGGAGCACGTGTTTCAGTCCAACGAGTTCAATGCGAACGTGTGGGTAGATGAGCAGGAAGTTCCCTACACATTTGAGAACGACCAGCCATACAACTGGGTGCGCGTGCGGCTGTTTGGCGGACGTTCGTTGTTCTGGTCGCGGCAGTCATTCCGGCTGAGTGATTACGAATTCAAGGCGAAGTCGCATGATGGATTTGGGGAGGACTGGCCGATCAATCACGCGGATCTGGCTCCGTACTACTCGCGCGTGGAAGGAATTTTCTGCGTGAAGGGTGCATTGGATGGGCCGCCGCAGATGCCGAATGGGAATTTCACTCTTGATGATGTGCCGTGGTGTTCGGCGATGCAAAGGTTCATGGATGTGGCGAAGCCGAAGGGAATTCCGGTGTGCAAACAGCGGGCTGCTCTGGGGCGTGATGGGCTTGCGAGTTCGGTGAATCTGCTGCTGCCGGATGCGGAGAAGACTGGAAAGCTCACATCGATTGCGAATGCAGTGGTGCGCGAAATTACTATCGACAAGAATACGGGGCAGCCCAATGGGTGCAATTTTGTCGATCGTCTGTCGCATCGCGAAATGAGCGTGAAGGCTCGTGTTGTCGTTCTGGCGGCGGGAACTCTTGAGAGCACGCGGCTGCTGCTGAATTCCAAGCTGGCGAATTCCAGCGGACTGGTCGGTCGTTATCTGATGGACCAGATTTATGGCGCGGGCGTGGTGTGCTCCGTGCCTGAAGCGCGCAACGGAAAAAGTAAAGGTGTGATGGGTTCGTCGGCGATCATCCCGCGCTTTCGCAACATTGATTCGAAGAGCGACAAGTTTCTTCGCGGATATGCCTTCAACACGACGGCGTCGGCCGGTGGAGTGGGCGCGCGAAATTTTGCGGCGTACGGCGCAGAGTTGCAGCGAAAGATGGACGAGTACCACGGCAGCGGGTTTTACATGACGATCATGGGCGAGGTTTTGGGCCGGTACGAAAATCATGTCCGCATCGACAACGATCGCCGGGATGCGTGGGGAATTCCCGTGTTGCATGTGGACACGAAGTACACCGACAACGAATTCAACATGGCGAAAGATGCGGTGAATACAGCCTGCGAACTGGCGGATGCGGCAGGGTTTGAAGTGCTGTCAAAGAACGACAAACCTAATCCTCCGGGTTACAGCATTCACGAGGTGGGCACCTGCCGGATGGGCAACGATCCGAAGAAAAGCGTGCTCAACAAATTCAGCCAGTCGCACGACCACAAGAATCTCTTCGTGGTGGATGGCGCCCAGTTCACCAGTGCCGGCTGGCAGAATCCCACGATGACGATTCTCTCGTTGTCGATGCGTGCATCCGAGTACCTGGCGGGAGAGATGCTGCGGCAGAACATTTGATTCGCGGTGTTGGTCCTCGAAATCCACTTACCGCTCCAAGGCGTAGGATCAAGCCGAGCTCCAAGTTGTGACATTCGCTGGCCGCCGACCTAAGCCGAACTGTGTTTGTGAGATAGGGACT
NZ_CP121196.1_gap51	2816522	2819462	2940	TCCGGACTCCGAGGCTTTCTCTTCGATCTTCTTTCAGAACGCCAACAATTCCGTGCGCGTGACCGATGAGTTTATGCGTGCCTACGAGAATGACGGCGAGTTCACCACCAAGACAGTGAAGGGTTCCAATCCCGTCAAGAGCTACAAGGCCCGCGACATCATGCGCAAGATTGCCGAGGCCACATGGCTGTGCGGCGATCCAGGGCTGCAGTTCGACACCACCATCAACAAGTGGCACACCTCGAAGAACACGGCGCCGATTAACGCGTCCAATCCATGCAGTGAATACATGTTCCTCGACAACTCAGCGTGCAACTTGGCGAGCTTCAACCTGATGAAGTTTCTTTCGCCATCGGGAACATTCAACATCCCTGAGTATCGTCACGCTATCTCAGTCGTTATCACGGCGATGGAAATCCTGGTCGACAACTCCGGGTATCCGACGGAATGGATTGCGCGCAATTCGCACGACTATCGGCCGCTCGGGCTGGGCTATGCAAACCTCGGCGCTCTGTTGATGTCATTCGGAATTCCCTATGATTCCGCTGCCGGACGCGATTTGGCTGCTGCGATGACGGCGATCATGTGCGGGCAGGCATATCTGCAGTCGGCAGTCGTAGCGGCGAATTGCCCGCCTCTTGCCTCTGCCACGCCTCTCACCGCCAGCGTTGAGCGTCAGGGCGGTGCATGCCCCGGGTTCTACGTAAACCGTGAGCCGTTCCTCAATGTGATTCGCATGCATCGGGCCGAAGTGAACAACATAGGCAAGTCGCGCACCAGCAGCGAGCCGTTCCTTGTGCCGCAGCTCGAAGCGTTGATCGATGCCAGCCGCGATTGCTGGGATATGGCTCTCTCCTATGGCGAGCGCTACGGGTATCGCAACTCACAGACCACAGTCCTGGCGCCCACCGGCACCATCGGCTTCATGATGGATTGCGACACAACCGGCATCGAGCCTGACCTCGCACTGGTGAAGTACAAGAAGCTGGTTGGTGGCGGCATGATCAAGATCGTCAACAACACAGTCCCGGCTGCGTTGTTCAAGCTGGGATACAACAACGACCAGGTTGACGCAATCGTCAGCTACATTGATGCGACCGGCACCATTGAAGGCGCACCGGGCATCAAGCCGGAACACCTTGCCGTATTCGATTGCAGCTTTAAGCCGGCCAAAGGCACGCGGTCCATTCAATACATGGGCCACATCAAGATGATGGCCGCAACCCAGCCGTTCCTCTCTGGCGCGATCTCGAAGACGGTGAACCTGCCGCATGAAGCCACAGTAGAAGAAGTGGCAGAAGCGTACGCCGAAAGCTGGCGTCAGGGCATCAAGGCAGTGGCCATCTACCGCGACGGCTCGAAGGGCGTGCAGCCATTGAATACCAGCATGGATGCAAAGAAAGAACCGACAGCGGTAGAAGCGGCAGGGCAGCGCGTAATGGCGCAGCTTGCAGCAGGACAGCCAGCAGCCGAAGCAGATCTGAAGACGCTCGAAGCTAAGATCAGCGAGAAGCTTGAGGTCACGGCGAAGTCGGTTGTCACGGCTTCAAATGTGTTTCAACGTGCGCTTGAAGAGATTGCAAAAGCGAATTCGGTGCCGCAAATGACCGCTGCGCTTGGAACTGAACCGCCTTTGCCCCAGGACCTGAATGGGCCGCCGCGCGCAGTTCGTCATCGCCTGCAGGCGGAGCGCGCTTCCATTACGCACAAGTTTTCGATTGCGGGTCATGAAGGCTACATCACGGTTGGTTTGTATCCCACAGGGCAGCCGGGCGAGATCTTCATCAAGATGGCGAAGGAGGGTTCGACCGTCTCCGGCCTCATGGATGCGTTTGCGACTTCCATTTCGCTGGCTCTGCAGCACGGAGTTCCGCTGCGTGTGCTCTGCGAGAAGTTTGCGCACACACGATTCGAGCCCTCGGGGTGGACGGGCAATGAGCAGATCGGCTACGCGAAGAGTCTCATGGACTACATCTTCCGCTGGCTGAACCTGCGCTTCCTGTCGGGTGAGCAGTTGACCCTCTTCGCGGGGCTAGCTCCGCAGGCTTCGCCCCTCCCTGAATCGCCGACAATTCTGCCAGACTTGGAGCCGGAAGAGGATCCCGCGGCCCACAAGCAGCTTTCCAAATTGGCTGAGGAGATGTCGCGTCTGAGAGAACGCGACAGGGGAATGGGCAGCACATCCGCACCGGGCGGCAGCATTCCTCCGGATGCTCAATCATCGATCACAGCTTCTGCCTCCCCAAGTCATGGACCAACATTGCAGGATCGTGGTTTGTTCCATGCATCGGAGGCAATGCGCAGCATGTACGAGATGGGCGATGCTCCAAGCTGTTCGACCTGCGGCGCCATCATGGTTCGCAACGGAAGCTGCTATCGCTGCATGAGCTGCGGATCGACAAGCGGATGCAGTTAATTTTCATAATCGGAAATTAAGGAGAGTGTGGGGTGACCGCCAAAATGAAAGTTTTGACCCTCATCGTGAAAGTTTTCACCCCACATGAAAGTCTCTGAAATTGGGTAGTTTAGTCTTCGATTTCTGAGAGTAGTTTACGTACAACTCCGAACTCGGTCGCGACACAACCTCGGGTAAGAGCGCGCCCGAACTAAGCACTAGAACTGAAATAATCTCGCACCCCGAGGGAGCCCCTTCGGGGTGTGTTCGTTCTGGCCCTAGCGAACACTGAGCGAGTGATCTGAGAGGAGAACAAATGCTCGCACGAACTCTGGATGCCGCCGCTCTGGTAGAGGCCAGTAGCTCTGAGATTCTGGAGAGAAAGTGTGTGTGGATTTACACATAAGGTGAAACTTTTACCCCATAAGGTGAAGGTTGGTACCCCATAAAGTGAAATCAAGATGAAGAGAGGAAGCGACAGGATGGCAAAGAAAGAGATTTATGTCGAACAGACACAGCAAGGCGACTTCGCGGTACGGAGGCCG
NZ_CP121196.1_gap52	2998376	3001028	2652	TTCTTCCAGCGGGCAAAACTCTCATTACGGATGCAATGGGGAACTACGTCATTGATCTTACGGATGTTCCCCCCATTCCACAGGAGACTTACGCGCCTCCGCTGACCGATCAGGCTTATAGCGTGGACTTTTTTTACACGTACACGCCGGATGTGAAGGACTACTGGCAGAAGCAGATGGGTTTTTGGACACGGGCGCTGAACGCCTATACCGCACCCACCCAGACGCTGCAAAATGCCGTGAAGGAATTTGTATCGCAGTCCGATTCTCCAGTCGATAAGGCGAAAAAACTCTATGACGTGGCGCAGAAGATTGAGAACACGGATTCGAGCCCGGATGGCGCGCCTCTTACGGGGAGTGAGTTTATTCCGCGCGGCAAAGTTGAATCGGTTCTCCTGAACAAGAAAGGATCGAGCAATCAGATTGCGTTTCTTTACCTGGCGCTGATGAGAACGGCAGGAATCAGCGCGCGGCCCGAAAGGATTGCGAGCCGCAGTCTTCGCATCTTCTCCGCGCAATTCATGGACAATATTCAGCTCGACACTGTGCTGATCGGATTGCAGATCGACGGTAAGGAGATCCTTGTTGATCCAGGCACGAGCATGGCCCCCTTCGCGACTCTTCACTGGGCACATGCGGGTGCGGGTGGAGTGGCAATGGATGCAAACAACAAGGCTCAGATCATTATCACGCCATTGCAGAAGAACACGGACAACAGCACCCTTCACGTGGGCACGATCGACGTGTCACCACAAGGTGCCGTCTCTGGAACGTTGAAGATTGGATTCATTGGACAGCGCGGGATCGAGTTGCGACAACTCGGAGTAAGGTCGGGGGTTGAAGCAGTGAAATCGGAAATTGACGCCATGATCGCGCAGCAGGTGCCATCTGGCATCAATGCCGCGGTCGATCACATCGTTTATCTCGATGATCCGAGCAAGCAGTTGCTGGCCGTAATCTCGGTGACGGGTTCCCTCTCGAAGAGTGCGAATGGAAGAATTGAGCTTCCCCGCAATTTCTTCGAGGCCCAGGAGAGGAATCCATTTCCAGAAACTCCGCGAGAGCTTCCGATTGACATGCGATATCCGGCACAAGAGCAGGAACAGATTACCTACACGGTGCCGCCCGGCTATACGCTCGAGGCAACTCCGAAGGATTCAACTCTGAAGTGGGAAGAGAACGCCGCGTACCAGGTTCACACGAAGATTGAGGGAAGTTCAATTACCGAGGCGCGTATTCTAGCGCGAGGGTTTACCCTGCTCGACCCAAAAGATTATGGGCAATTGCATGACTTTTACCAGAAAGTAGTAGCTGCGGATCAGCAGACCCTTGCGCTGAGCGCAGCGCAAGCAAGTAAGCTTCAGTAATCGCAATTCGCATGGGCGGGCATCACACACGAAGGCTGGAATGGTTTCGAGATAAACGGCGATTTGACAGCTCATTTCTTGGCCTGCGAACATCGTCTAGATCGACGACATCATTCCTGTCTTCCTACGACCAAGCATCAGGAATGATGCAGGTCACGACTTCGCCAGTCAGAAAAGAAATTCCGGGCTCCCGTTAGCATTGAGCGAACTGCAAGCGTAAGCAGCCAGTTTGCTTCATTGTTCCTCGATGCAGAGGCAAAAGCTCCTTGGAGGAACAGTGCATCGAGGAAGCAAAATCGCGCAGATGTTTTGGGGAACGCTGCGTCAGGGCACAATGTTTGTCGTCGTTCTCCTAACCGTCCTCTTTCTGCCTGCCGATAGATCCAGCCGGATTGAAGTTCCCGTTACCACTCGGGCATTTGCTGCACGCTCCGAAGCAGCAGTCCTGACGCAGATCTCTATCGATTATCCGGAAGACGGCTCGATCTTTCCGCCTGGCATTACTCCGCCTACTTTTCTTTGGCGCGATGCAGCTGGGACTTCCTGGAGCATCGACATTTCGTTTGCTGACAGTTCTGCTCCCATTCATGCGACTTCAAAAGGAGAGCGCATGCAGATTGGCCCGATTGATCCGGATTGTGTGGCCGATTCTAACTCTCCGCCCGCGCTGACACCACAGCAAGCCGCTACCTGGACCTGGAAGCCCGATGCCGCGGAGTGGGCCGCAATCCAGACGCACTCGGCGAACAGTCAAGCCACCGTTACCATCACTGGGTATCGCGACGGGAAAGAAGCCTACTCGCAGTCGCATGTCCGGTTTACCACTTCTAAGGACGAAGTAAACGCGCCGATTTTTTATCGCGATGTTCCGCTGATGCCGGCATCGAGCAGCGGCGGCGCGGTCGCGCCCCTCGCGCAGTCCAACATTCACCTGATCCACTGGCGCATTCGCGATATCCGCAAGCCAGAAAGCCACACCGTGCTGAAGGATATGCCCACCTGCGCCAACTGCCATTCGTTCTCGGCCGATGGCAAGACTTTTGGCATGGATATCGACGGCCCTGCAAACGACAAGGGCCTGTACGCGGTGGTCCCCGTGCAAAAGCACATGGTGATCCAGAGCAAGGACATGGTGCATTGGAATACCGACGGCAAGGTCGGGACAGTCCGCGTCGGGTTCATGTCGCAGGTTTCGCCCAACGGCCAATACGTTCTGAGCACCTTTGCAGGTCCGGAGTTGAGCAGGCTGATCGACAGTTACTACGTGACCAATTTTACGGACTAT
NZ_CP121196.1_gap53	3043885	3048750	4865	TCGAAGTGATCGAGAGATGCGCATGGTTGATCGACTACTACGGCCGCAGCGGAGGGAACGATCCGTCTGTACTCGTATTCAAGACGACGATGGAGCGGGCGATTCGCAATCTCGAATCGCTCATGCCAGCGACTCCGTCCGAAGTCGGTGCAGAATCGACAACAAGGTCGCCCAAGTCCATCGCCAAGTTAGATGACTGAAGCATTGATCTGGCCGAGGCAAATCCGCGCCTTGCGGCTGCTTTCACTGAACCAAATCGCTGTAGCTTACTGTGACCAGCTAGACAAGAACTTCTTGACCTCGATCGCATCGATATAGTGCGATCTCGATGCGGTGTATATTGCGGGTGACGTGAATTCCGCAGAAACAGCTGCTCCGCACGGCGTTCGGCCTCTTCTGTGTTCCGTGATAAATGGGATCGCAGGGGCGTTGGGCGTGGTCGCGGCTTTCTTGTTCGTCTTCGGTGGCCACTTCCTTCAACTGTTTTTCGGCGCTGGCCGAATTTTTGCCGAGATGGAGTGCATGGCTGTTGCGGCTGTGATTGGGCTGGTTGCCGCTCTGCTGAAAGGTGCCGCTGATCGCGTGGAAGATCCCCACTTCAACGAGACTGTTGTTCTCGCGCTGGGCAATGTACAGGATGCGCATCCGCCTAAAGAGCCATCGCAGCAGTGAGTGGTTATGTGGTTTGTTATGAACAGCTTTAATGCGCGGTACATGACACAGTGGAAGTAGACTCCGACACAATCTCAACTGTTCGGAAGAAAGAACACGATGCCCCATGCTCAAAATGAAGGTGTTACAGGCGCCGAACCAGTATTAAAAGCAAGAATTCTATTAGTAGACGATGACAAGTCAAACCGGGATTCACTCGGGATGGTGCTTCGATTCAGTGGATTCGATGTAGTGACTGCGGCAGATGTAAGCGAAGCACTCGGACAGATTGGCTCTCAGACCTTCGACGTTTTATTGACTGACCTGCATATGCCGGATCCCGGGGACGGATTGACGGTTGCGAGCGCAATGCGGCACTCGCATCCGAAAGCCGCAACGTTTATCTACAGCGGTTATCCGGAGATGTCTGCAGCAACGGCTGCAATTCTTCTTCAAACCGATCAGGTCTTATTAAAACCGATGGCGCCCGGTTCCCTTGTTGAAACGATCAGGAAGCGATTGAAGGAGGGCCGTAAGAGTTCAGTCAATGAGATCGAAAATGTGTCTACGATACTGGAACGCGAGTCGAAGAATACAACTGATGACTGGTATAGGTGCGCGGAACGCGAGTCGAGCTTTATTACTGTTCACTTAGAGAAAAGCGAAAGGTGTGCACATCTACCAGCAGTTTTCCGCGATCTTGTTCATCGACTGCGCAACCCGCTGCCGCTGGGCACGCATGCCCTGGTTTCGGCTGACGCTGCTGAACATGGGCGGATGAGATTTAGACAAGGTTACACGGCTTCCATGCTGGTGGAGGAATCCCGGATGCTGCAAGTCAGCATCTTTCAATCGCTGCAGAATAACCTGCAGAAGGTGGACTTCAGCTTACTTCTGGTTGACGTTATGGTGATTGCAGATGAAGTTGATTCGCAGTTAGCACAGGCAATGGCAAGTTACATCGCTGAAGCCAAACTGAAGCAACTTGCGAATTGACACTCTTCACTCGTTCCTAATTACTTTGCCGGAATCGAGGGCGTGCTCGGTTGCGACGCTAGAGGAACTAATTTGAGATTTGGCCATTCTGTGGGAATTGGCTCGAACTCTGCGTTGGGCCATTGTGTCGGGATCGGTTCAAATCTCGAGTTGGGCCGCTGAGGCGGAAACGGTTCCAACTTCGCGTGGAATGATCGCAAGAGATTTTGATTAAACGGGCAAGACGGCGCGATGGGAATTGAGAACGGCGAATGGACTGCACTGTTGGCGTCAAGCTGCGCGTTGTTCCAAGGAAACGACTGCAGGTTGAAACGTTGCTGCCCTTGCCTTGGCGCCGAAATGTCCGGCGTGGATCGTTTGCAATCCGTCCATCGTGGAGTGCCTTGGCGGCTCTCGTCGACTCGTGATGATGTTCTGGGAGTGGGCGGAGCCGATTGACACGTGCCCATTGCGCCGGCGCAGAGGAATAAAGCGAGGATCTTCAAACGCATCGGAGTTGCCTCCGTTTCTAAGCCATCACTGCGGCTAAAGTATACGTCTGTGTCACGTGTTTCTGCATCTTGCCGGGGCGCGGCCAGCCATGCAATGACGGCTCATGGAGAAAAGCAACCGCAGATCCTTCGTCGCTTCGCTTCTCAGGATGACATCGCGAGTTGCTCCGCTGTTTTGCGCGCTTGAGTCGAGTGGTTTTGCTTTAGCGGGTTGGAGAGGATTGCAGACTGGCTAAAGGAAAAGTCACTTCTCGGGTTTGAGCTTGTCTGAGCTGGGTTTGGCGGGCGGTGACTCGGCGATTGAACTCGTGGATTACGCGGGCTACGTATGCGCGGGTCTCATGGTAGGGCGGGATGCCGTGATACTTGTCTACCGCGGCGGGGCCGGCGTTGTAGGCGGCGAGGGCGAGTGCGATGTTGTCGTGGTAGCGAATTAGCAGGTTATTGAGATATGCGGAGCCACCGCGGACGTTTTCATCGGCTTTGAAGCTGTCGTTGACCCCTTGTTCAGCGGCGGTGCCGGGCATGAGCTGCATGAGTCCGCGAGCACCGGCGCGGCTGACGGCGCGGGTGTTGCCGTTGCTCTCGGCCTTGACGACGCTGGCGAGGAGGTCGGCGTCGAGGTTGTGCTGCTGTCCGGCTTCAGAGAGCATCTGGTGGAGGTCGGCGGGGCTTAGCGTTGTTTCCGCCCTGAGTGATTTCGAGTTGGGCGCGGCCAGTGACGGTGGAGGATCGGGGACGGTTTCGTAGCCGGCGATCTCTTCGGGACGGAACTCGATGTAGCTGGCTTCGCCGGTGCCGGTGTAGAGACGAACCATGGGGCCGACCTGGGCGTGGTGATTGCAGCGCATGTCAAAGCCGTTGGCTAGCAGGACACGCTCCGCGGCAAAGGCGGGGCAGGCGACTGCTGTGCAGGCAAGGGCCGCGGCTGCGAGATGGAGGCGAAAACGCAAATTCAGGGTCCTGTTGGTTCAAACTTTAGCAGAAGTTCGGCGGGCTACTACCATCTCCAAAGTCACGGCTACGCCATCTTGGTCATTGGGGGCGGTTTGCTTCCAGCCGCGGGTTTTGGCGAGGGTGCGCAGGTCGTGGGCGGCATTGGACATCATCACGGCCTGGCCGGCCCATTCGAGCATGTCGACGTCGTTCCAGTTGTCGCCGATGGCCATGGTTTCTTTGCGATCGACCCCAAGGCGGGCGGCGAGTCTTTCAAGCGCCCATCCTTTGGAGACGCCGGGGGGCAGGAGGTCGAGAATGGAGAGGTCACGGGCTGGATACTCGGTGCGGACGGCTTCGCAGGAACCGGCCCATTCGCTGGCTTTGAGAGCTTTTTCAGCCTGCTTCATCTTGTCGACTCCACCGGTGACCATGCCCTGGATGGGGTCATTGCCGTCGGTGAGGGCGTCTTCGAGGGGCTTTACGATGTCGATGGCGTCGCGGTTGGCTTCGACCCACAGGGCGATCCGCTGATGTGCCTGTTCGAAGTCTTCGAGGATCAATTCGCCGCGTCCCACTTGATCGAATGTGAATACCAATGTTCCGAAAGGCCTTAGCAGAGTGCAGATGCCGCGTGCCACCCGAGCTTCGAGGTGGGAGCGGTCGACCGGCTCTCCGCCAAGGGTCCGGGTTACTGCTCCATTGGACGTGATGAGAGGCATATCCGCTCGCAGGCCGAGGCCTTCGAGGAGGGGAGCGGTGTAGGCGGTGCGGCGGCCAGTGGCAATGGCCACGGTGATTCCGGCGGCCTGTGCCGCCTTGAGCGCCTGCACGTTGCGGGGGCTGATGGTCTGGCTGAAGGTGGGCAGCAGAGTGCCGTCCATGTCGATCGCCACCAGGCGAACGGGGGGATGCATATATCCAGTGTACCGGCGGGAGACGCCGAGCGCTGGCGGGCGGGGACGATGTGATGGTTGGCACGTCGCGGCAAGCGGAGAATATCGCAGAATCGGCGCAAGTGAGGTGCGCGATGCAGCCAAAGGTACTGATTGCTTACGTGACGCGGAGCGGGTCGACGGAAGATGTAGCCGAGGCGGTTGGAACGACGATGGAGCAGGCTGACGTCCTCGTGGATTTGAAGCCGATGGCAATGGTGGAGGCAATCGCCGATGGGACGCCGGTGGTCTTGGGTGCGGCACTTTATGTTGGACATTTTCCGAGGGAGTTTCACGGATTTATGAATCGCTTTCGGCGCGAGCTCGAGAACGCGCGGCCCTGGATATTCGTGCTGGGACCAACGGACAAGGATCCCAAGCACTTTACGCAGGCTGAAGAGCAGGCTCGCAAGGAACTGGCGAAGTATCCATGGCTTCATGCGGCAGATGTGCGTGTGGTGGGCGGGAAATTTGATCCGCATCATTTGAAGCTGACGTTTCCATTCAACCTGGTGATGAAGTTTCCCGGCAATCCCATGAGGAAGATGCCAGTTTCGGATACACGGGACTGGGAATGGATTCGCCGGTGGGCACAGTCGATTGCGGAACATGTGAAGAAAGGACCCGACGCCAATCGCGGAGAGTTTGCGGAATACACTTTGTATAAAAACAGTATGCTGGGCAAGTGATGGATGGCCACCACTTGCGCGCTACCGCGACGCTTTGATTGATGGAGTGATTCGATACACTGGCAGCATGGAACGGATCTGTACACATTGCCATGCGGAACTGGCGCATGATACGAAAGCGGACTGGTGCCCGGCTTGCGGTGGTTCGTTGATCGAGCGAGAGTCGT
NZ_CP121196.1_gap54	3062200	3065600	3400	TCCCATGGCCTGGGGAGTCTTGTTCTGGCCGAAGAGAATTGGCTTCCACTCATCCTTACCGGTGGTGGGATCGATGTATTTCTTGCGCAGGAAGCGGATGTTGTTGGTCTTGACCAGCGCGTCGACGTTGGGTGGGTAGGTGTTGAACTTTTTGTAGTAGAGCTGTACGGCGCGAATGTACTGTTTGCCGCGCTGCATGGTTTCGATTTCGCGATCGCGCTGGATCGCCGCCTTAACGCGGGGGACCGCAATTGATAAGGAGAGTATAAGGATGGCCATCATGAAGATAACGGCTACAAGGATGTAGCCCTCTTCGGAAGGGCGGGGACGATTTGGAGGATGCGTGTTCATTGCGAGATAAGTTTGTGTTCCCTCGGTTTTTCGATGCGTCTGATTGAACGCGGTGATGCAGAAAGAAGCAGATCCTTCGCTCCGCTTACCCCACTTGGTGGGGCCCCAAGCTGCTCCGCTCAGAATGACAAATCCAAAATGCAATCATTTCAAAACTTCGAACGTACCTAGTTCGCTGACAGCGGCAGAGTCTGGGTGTTGTTGTAGCCGAGGTCCGTAATTTGCACGGAGGCGGGCATGATCGTGACCACCTTGTAGCGGTGATCTACAACGTCTCCGGTACGGGCCATGAAGATGTCTTCGCCGTGCACGAGAAAGGCTCGCATGGACTTGTCAGAGCTTTGCGAATAGCCGAAGTATTTCAGGTCGATTGCGGGCGGACGCGGAATTTGCGGAACGGAGACAGTTGCGGTATTCACTCCGGGCCTTGCAGGTGCTATCGGCTTGGGGATTGCAACCGGTGCGGACTCGGCGGAGAAGATGTTGCGGCCTGTGCCGGCGTAAACGACATCTTCGCTCTGCTGCAGTTTGTCGAAGTGTAGCGCTGGATCAATGTTGTTGCTGGCAACATGTTGCGCCTGGGGGCCTGCAGAGTTGGCTTGCCGGGTGGTTCCTGAAGAACGACGTGTCGTTGTAGTTGCGGTATTGGGCCGGGCGGGCGCGGTCGCAGCAGGTGAAGAGCTGAAATAGTTGGAGAGTTCGTAACCGCCTGCGCAGAGGATTACTACGCCGAGCGCAATCGCGATGTAAACCTGGCGCTTGTTTTCAGTACCGAGAGGGATAGCCATGTTACTCGCCCTCCTGTGCCGCCGGGGGTGTCGCGGAGGGAGTGTCGGACGGTGTAGGAGGCAGCCAGCCGGGTACGTCTGCAGGGCGCAGCCAGGTGGAGACGCGCAGACGCAAACTTACCAGTCCGCCTTGCTGGCCGGTGAACGCCATGGAACGAATCAGGAAGAACGTCTTGTCGCGTTCGAGGCCGTTTACGAAGTGCATAATCTGCTGGTATTGACCGCTGATAGAGGAGTCGAGGGATATTTCGGTAAGGTCGCCAGTCGTCGATCCCTGGGTGTACTGCATGCGGGAGAGCTGTACGCCAGACTTGACTGCGAGATCGCCAGTTTGCACGGCGATCGACGAGTAGTTGGCGGGAATGCGCTTCGCGTAGAAGTCCTGGATGTGCTCGCGGGAGTCTTTGACGCGCTGTTCCAGTCCGCGCAACGGGGCTGTCTGCACCTCGAGCGTTTTGAGTTCAATCTGCTTGTTGACGAGGGCATCGTTCGAACTGGAATCGGTTGCAGACCAATCCAGGCCAAGACGGATGGCGAGGACAGCCACGATGAGGATCAAGATGGCAAGGCCGAAGTAGTGCCAGGTCAGAGGAGAGGCCAGCCGCTCGCGGGTTGTCACGGGGTTGGGGCTCATTGCGGTACTCCTCTGGATGGCTGAGCGGGAACGTGCGCCCGCGGCGTTCCGGTGTAGGGTGAACGGGCATGGTTGGCGCCCATCGCAGGTTCGGAATCATCATCGCCCTTAGTGCGAGCTTTGGCGGAGGCAAAGGCCTTCTCGCGGGCGAGTTTGCGCTCCTCTGAAGTACCGGGTGTGTAGTCCGCGAGCATGTCGAAGTTGACGCGGTTCGAGGTGCTTACGGGTTCGGCGCGCTGGTTCGGTCCTTCTTCGGACGCAGTAGTTTCGTTGACAATGCGGGGCAGAAGAAAGTGGCGGGAGTGTTCAAGATTCTGCACCAGTTCGACGTCGCGGTTACGAGGGCCGACAACTCGAAGGTGGACTGTGATTTGGCCGTTTTTCACACTCGGTTCCAAAGTTGTGACCTGAACGCCGGCGGGTAGAACGGTCTCCAGATCCTCCATGGCGAGGGTCCACGAGAAGGCTTTCTCATCGAAAAGCTGATTGAGATTCTCGGCCTGCTGGAGGGTGCGTGCGTTGTCAGGCTGCTGCATCATGGCCTGATACTGCTGGCGTTCGTGAGTGAGGTCAGCGATCTTCCCGTCGAGCGAATGAGCGCGAGCGCGGGCGGCTTCAGCCTTGTCGTGCACGAGATGCAATCCCACTCCTAAGATCACGGCGAGCAGGGCGAGGGCCCCCATTGCAATGCGCAGGTTCTTGAGCGCCGGTGCGACATCGGCGAACGGCCGTGAAGCCAGATTGATTGCTACGCGCACGCTAAACCGCTCCTGCCAGGGCGCCGGCCAGGCCGGCAGTACTCATGTTGGACATGTTCGTTGTTAGGCCGCTGGAAGGGCGCGGAGCCAAATCAACGATCTTTAGCTCTGAAGGGCCAAACCAGTGCTCGAACTCCGACGCTGTTCCGTTTCCGGCGAAGTATAACTCTTTGGGCAAAACTGAGACCTTGTCTTCATAATATGCCGCTGCCACGGCGACGCTGCGTTGGACCTCGAGAAGGCGCTGCTGGGGGTCGTCGGGTAGGTCGAGGGTACGGTAGAGGAGCAGATCGTCGCCGCGGGTGATCGAGGTGGTGATGGCAACCTTACTGAGACAGGCGGCGAGCAGAGGCTCCGAAGACTCGAGGGTGGCCAGCGTGGCAAGTGCGGAGGGCATGACCGCTCCGGGTTCGTAGCCTGCGCCGCGAACGACGGTTTCGTATTCCTCGAGGATGTTGCTGGGCAGGATGGCGACCAGGACTCGCGCTTCAGTCTTGCTCTGCGTGAGGATCTGATAGCTCAGGCCGGCATGCTCCACTTCGAAGGGAACCATTTTGCGAAGCCGGAAACGCAGGACGGGAATGGCTTCGCTGGCGCGTGCGGGAAGGGAATCGAAGTCGAGCACGAATACGCGGACGGCAGTGTCTGGAATGACGACGGTGACGAAGCGGCCACGCGCCGAGACACTGGCAAGCGCCGTGCGAATGGCAAGAGAGACAGCCTCGGGCGAACTCATGTTCAATTCGCTGATGCCGGGTACCAGAACGCCGGGACGTAAAGGTTCGAAGGCGTAGACGGGCTGCTCGTTCTTGCCGGGAAGCGCGGCTGCCAGCACGCCTTCGGGGGTGAGCTCGATGGCTGCGGGTGGA
NZ_CP121196.1_gap55	3069881	3070770	889	CCGGTATGGGGTGAGAACAATCGCAATGCGCTGGCGGCAGGAAAGGCTAAGACGCCGAATATCCATCCGGCGCTGATCGATCGCGAGATTCCGAAGGCGCAGGCAAAGCTGGATGAGCTGAACAAGGCTGCACAGGATGGTGCGGAGTTGAACGCGGCGCAGAAGCAGGAGTTCGTCGAAGCTACGAATCGACTAAAGGTGCTGACGGATCGCCGGGCACAGATATTGGCACGAACGGGCGATGAGTATGTGATTGAACCGCCGAAGGTGGCGGCGAAGCCGTAGCCCGCATTATCTAGGTTGCTCAAGTGTTTTCAACCAGTCCGGCGCGTCGGCAGGGATTCCGTGAAAGCAGTCGTAGCTGGCGACTTCTTTGCCTGTCTTTACGTCGGCAAGAGTGCACTGCAAACTGAAATGAAGTGGGCCTGATTCGTACGCGACCTGTTTGCCATCGGACCAGAAGATCCAGTTCCATATAAAAGGACTGCCTTCTATTTTTCGAACGACGCGCCCGTTGCGCGCAAGGACAAGGGTGAAGGGGAATTCTTCGTTTGGCCGGTCGGGGAGCGGGCCGTTTAAAGTCCAGCCCTCCAACCCCTTGGGGCCGCGCACATGTTTGGATTCCGTTGGCTTGTCACGTTCAAGAGCACGCAGTTGGGTCGCACACATCAGAGTCGCGATGACGACAAGCAGTCGACAACGGTGTCTGATATTCATCGCTCCTCGCTTTGACTCTTTAATACCCGTTGGCGACCAACCATGATTCAGTCAGGTTGAGTTCCGGTTTTTTCGTTGATTGCATCTGTTGGTAAGCAAGCTTTACCAGGACGTCTGCCTCGACGTTGACGGGAGCGCCTACGGCAAGCGCGTGGAGGTTGGTGCGCCAGTA
NZ_CP121196.1_gap56	3219306	3222478	3172	GGTGTTGACCTCGATGACGCCACCCAATTTTCGACCATATTCGGCAGGGATTCCGGCGGTGTAGATGCTGAGCGACTGGACTTCGTCGGCTTCGATTTCCGGTCCAAAGCCGGGTGAGCGGTTGTCAGTGAGGGGGATGCCATCGATGACGAATTGAGTTTGATACTCAGAGCCGCGCGGATGCAGGACGGCGCTGCCTTCGTAGAGCCAGCCGGGCTGGGAGTTGACGAGGTCTTGCAGAGAACGGCCCGGAATGGAGCCGAGGCGGCTTTGAATTTGCTCTGTGCCGAGCATGTTGACGGATCCGGGCTGGTCGATGGCGAGCAGCGATTCTGGGGTGCGGACTGTGACGGATTCAGTGAGTGGGGTGAGTTTGAGTTGGATGGGAAGAAAAGTAGGCGTGGATGAGCGAATTTCAACAGACTGGATAACACTCGCAAACCCGGGGCGCTCGATTTGGATCCGATAGATGCCGTAGGGTAGGTGGGCGACGGTGAGAGTGCCGTCGGGATTGGTGGTCAAGTTCTTGTCGAATTGATTGGCTGGGCTGGTAATGTGAATTGCGATTTCCGCGGTGTGGCCATTGGCGTCGGTGACGAGGAGACGCACGGCTCCCTCGTTGGCTTGTCCAAAGACGAGCGTGGCGGTGCTGAGGGCAAGAACGATGAGTGACTGGAGAGTTTTGACGGTCACTTTTGGTTTGACGCGGCAATTGCCAGGGAAGGTGAAACAGCGGGTGACATTGTTAACTCGAAAGTCATCGGAAGCGAAGATAGTAATGGATGAGCTCAGATATGAAACTGGGCAAGAAGGGCTTCGAGAGCCCGGCCACGGTGGCTGAGGCTGAGTTTGGTTTGAAGATCGATTTCGGCCATGGTGCGATCGAGCTTCGGAAGATAGAAGAGCGGATCGTATCCAAAACCTCCGGTACCGCGGGGGGCGTTGAGGATCATGCCTTCGACAGTGCCGTCGGACTGATGGGTTTGCTTGCCATCGACAGCGGCAACCAGTGCGCAATGATAGCGCGCAGTGCGACGGGCTGACGGAACTCCGTCGAGGCGCTGCAGGAGGACGATGTTGTTCCAGACGTCGGTGTTGTCGTTTGCATCTGGCGAATCAACCAGGCCTGCGTCGGCGGCAAATCGGGCGGAGCGGACGCCGGGAGCGCCGGAGATTGCGTCGACTTCCAGCCCTGAGTCGTCCGCAAGGACGATGGCGCCGGGAGCGAATTGGGAATAGTAGACGGCTTTAATGGTGGCGTTTTCGGCGAAGGTTTCACCGTCCTCTTCGGGCGCCTCGATATCAGCGAGATCGGGGAGCGGATCGATGGACACGGCGTGCGTTTCGGCGGCGGTGCGGAAGTCGCGCAGCTTTCCTTTGCTGGTGGTGGCGACGAACAGGCGAAGGGGCATCCCTCAAAGTTTAAGCCACCGGAGGCGTGTGGAGTCCTGTGGAGGTGCGGTTAAGGCAAAAGCAGATCCTTCGCTTCGCTTACCCAACTTCGTTTCGGCCCCAAGCTGCTCCGCTCAGGATGACACTTCGTGGTAGGTGCGGCAGGTTGAGTGGGGCGATGAGCGCTTGGATGGTGCGTGGAAAAGCAGATCCTTCGCTTCGCTTACCCCAACTTCGTCGGGGCCCCAAGCTGCTCCGCCCAGGATGACGGGTCTTTCCTTCGTGCGCGCGATCGCTCTGAGTCGAATAAAAGCAGCACAAGGTGAGGAGCGCACCGTAGGATGGCTGGGGAAGTTCAGACGACGAATTTAAAGGGCGGGATATGCCGGCGATTCTAGCGGGGATTGGGTGGCACATGGTGGGGGCGGCATCGGCCGCTTCGTTTTATGCGCCGATTGAGAAGGTGAAGCGATGGTCGTGGGAGACGACATGGGCGGTCGCAGGGATTTTCTCGTGGGTGCTGCTGCCGATCAGCGTGAGTTATGTTTTGCTGCCACATTTCGGCGGGTTTTATAGTTCGATTCCATCGGGCGTGTTGGTGAAGATGGCGCTGTTTGGCGCGATGTGGGGCGTAGGGAATGTGAGCTATGGGCTTACGATGCGGCACCTGGGGATGTCTTTGGGAATCGGCATTGCCATCGGAGTGACACTGGTCGTGGGCACGCTGGTGCCTCCTCTGATTCATGGGCAGGCGGCGATGCTGTTTCAGACGCGCGGCGGACTGTTGAATATGGCGGGTGTGGTGGTCGCGCTCATCGGCGTGTCGATCGTTTCGTATGCCGGGCACATGAAAGAGATGCAGTTGAAGAGTGGGGGGCCGACAGAGTTCAACGTAATGCTGGGGCTGGCGCTAGCGGTGATGTGCGGGATTTTTTCTTCGGGCATGTCGTTCGCGATGGACGCTGCACATCCGCTTAAGGATGCCGCGGAGGCGGTGGGGGTGAAACATCTCTATTCCGCTTTGCCGGCTTACGTTTTCATCATGGGTGGAGGCGCGCTGGTGAACTTTGCCTATTGTTTTGGACGGCTGGTAGTGGTGAAGAAGATCTCATTGAAGGAAGATCTGCGCCAGCCGCAAGGAACGGTGTTTCGGAATGCGGCCTTGGCGGCAACCGGCGGAATCATGTGGTATCTGCAGTTCTTCTTCTATGCATGGGGGCAGGCAAATATTCCGGATCGCCTAAGCTACGTGAACTGGATGCTGCATATGAGCGGCTACGTGCTGTTCGGAGGCATCGTGGGGTTTGCATTGGGGGAGTGGGCGGGAGTTTCGAGCCGCTCGACCCGGCTGCTGTGGGTGGGAATCGCGGTGATTATTGCCGCGGCGAACCTGGTGGGTCTGGGGCTGGCGTCGTAGCGGCTGCCTCTTCACGACAGCCGCTCGATACGGAATTTATTTGGAGGCGGGAGCTTTTGCGGATTTTCCTCCGGGTGCCTTCGCTGCGCGGGCACCAGCAGCCTTGGCGTCGGCTTCCGTCATGAATTTGCCGTTCTTTGTAGTGCCGTAGGTGGAGTCTGTGGAGAAGTGATAGACCTTGGTGTTGAGGTTGACCCAGACGAGTCCTTTGGCCTTGGCACTTGCGATGTCCGCTGAGGAAGGTGCCGGAGCTGGAGGGGTCTTAGCGGCTTTCGGAGCAGGGGTAGTTGTTTTGGAGGGGGTGGGCGCCTGCGCCAGAATCAGGCTGGCGCCGAGAAGGGAGCTAAGAGCCAGGGCTCGCAC
NZ_CP121196.1_gap57	3225688	3229436	3748	ACAAGTTTGTTGGTTTCGAGGCGGAACTTGCCGGTGCGCGTGCCGGGCTCAAAGAAGGCAGCGGGACTGAAGTAGGTCCAGTTGATATCGGAGTTCTTGAGCAGCTCAAGTGCTTTTTCGTGCGAGGTGGCGATGGGAATCCATTCAGCGGGAAGATGGCCGGATTGTAGGAGAGTCACACCGGGAGCGACTTCGAGTGATCCGGCGCCACCGACGACAATGAGACGAATGTTTTTGCCGGCTTTGCGGACGGCTTCAATCTGGCGCTCGGTCACACCGAGTAGCTGATCGGTGTCGTCCTGGGGCGGAGCGTAGGCGCTGACAATTGCGTCTGATCCGGCAATGATCCAGGCTATTTTGTTTACGTCGCTGAGGTCGTCTTTCACGCTCTTTGCGTTCGCGGGAAGGCCGACCGGATTGCGTGCGACCGCGGTGACGCTGTGATTGCGCGAGAGGAGTTCAGTAAGAATGCGGATACCGGATTTCCCGGTGGCGCCGTAGAGCACTACGTTCATTTGGGTCTCCTGACAGATGGGGTCTGCCTTCTGCTTTGATGTTGGCGAGAAAGAATCGCTTCTTGAAATCTCGATGGAGATTGGAAGATCAATAGCAGATCCTTCACTCCGCTTACCCCAGCTGTGTCGGGGGCCCAAGCTTCTCGCTCAGGATGACACCGGGTGGGTTGTGGTCAGTTCCGGCAGTGGGAGGTCTTTATCGAGGCCGGTAACGAGAAGATCTTTGCGCAGTTTTTCGATGGTGGAGAACTGGATGGCAACCATGCCGAGTGCTCGAGCCGCGTCGATGTTGGGCTGCTTGTCGTCGATGAAGAGGGATTCCCCGGGGCGCGTGCCGAGACGGTCGAGAGTTAACTGATAGATTGCAGGGTCTGGCTTGGCCATGTTGTGCTGATAGCTCCAGACGAGCACATCGAAGCGGGGGAGCCAGTCAAATTCGCGTTCAATGTTGGCAAGTACCGTATCGCCCATGTTGGAGAGGATGGCGGTGCGGATGCCGTGCTGCTTGAGCTGCTGCTGCCAGGCGAGCATGGCAGGATTTTGCGTGGTCCACATGCGCGCGTCCCAAAGGTTGAGCTCGTCGATGGCGTTGGCGTCGAGGTTGAGTTTGGCATCGCGGACAATGTTCTGCCAGAACTGTAGGCCGGTCAGTTTGCCTTCGTCGTATGCGTGGCGGTCTGCCCAGTAGATGGCTTCGAATCTATCGTGAGGCAGGCCAGTGATGCGGAGCATAGCGTCGTGCGCCGCGGCGCTCGGTTGTCCTGTTAGAACCATTCCATAGTCGAAGATGACCGCGCGCAGAGCCAATGTTCCTCCTGTGTGGGCGACCTGTATTGTTGAGGGGACGCTTGCTTCTATTGTAGTGAACGTGAAACAGGGAGCGGGGAGTAGGGAAAGATGAAGCAGGGAATAGGGACCAGGGAGTAACAGGCAAAGACAGCGATGACGTTTTCTCAACGAACGAACTGGAATACAGAGGAGAGTGCGCTTGCGCGGGCGCATAGGACGCGCGTTCAAGCAGGACTGCCGGTTGCCGATCTTACGGCTTCGAACCCTACGCGATGTGGTTTTTCTTATGATGTGCAATTGCTTGCGGCTCTGACGGATGCGAAGGCTCTGGACTATGATCCGCAGCCGCTTGGGTTGCTGCACACGCGCGAGGCGGTGTGCAAATACTACGCGGACCATGGGGTGACGATCCCTCCGGAGCGGGTAGTTCTGACGACAAGTACTAGCGAGGCGTACAGCTTTCTGTTCAAGCTGCTTTGCGATCCGGGTTCTGAGATCGTGGTGCCGTTGCCGGGTTATCCGCTGTTTGATTTTCTGGCGGTTCTGGACGATGTGCGCGTCAAGGCAGTGCGGCTGGTGTACGACCACGGATGGCAGATTGAGCCCGAAGGATTTCGCCGGGCGCTTACTCCGGAGACTCGGGCGATCGTGCTGGTACATCCGAATAATCCTACGGGCCACTTTACGAAAACATGGGAGGCCGAAGAACTCGCGATGATGTGCCGGGAGCGAGGGATTGCGCTGATTGTGGACGAGGTTTTTCTGGACTACGCGTTTAGCGCGGAGAAGGCAGTCAGCTTTGCGGTGGGACTTGAAGGCATTGACCTGTATGTTGTGAGCGGGCTGAGCAAGATTGCGGGGTTGCCGCAGATGAAAGCTGCGTGGGTGGTGGCCACGGGGCCTAACGCGGGGCAGGCCATGGAGCGGCTGGAAGTGATTGCGGATACGTTCCTCTCGATGAATGCGCCGGTGCAGGGTGCTATCCCGAACTGGATTGCCGGACGGAAAGCGATTCAGCGGGAGATTGGGGAGCGGGTGAAGGCTAACCTGGCGGTACTGGATAAGCAGTTAGGGGCGATACCCGCAGTCCGGCGTCTGGAGGTGGAAGGTGGGTGGTATGCGGTGCTGCGGATTCCAGCGCTGCAGACGGATGAGATGACAGTGCTTAGGTTGCTGGAGCGCGGGGTTTGGGTTCATCCGGGGTATTTCTTCGGGATGGATGAGGCGGGTTGGCTGGTGATTAGTCTCCTTGGGCCTGTTGAGGAATTCAGAACAGGAGTGAGGGTGCTTGTTGACTATTTCAGAACGCATCAAGGAGATAACAATTGTCTACCTGAGGTTGAAGCGCAACTTTGATAGTCGGGCGTATATTGATGAAAATAAGTGATATTGATCTGATAGGTTGAAGTGATTATTGAAGGAATGAATTAGTTCTTCGTTCGGCTCCAATAGTGGTTGCAGGGCCGTGGCCGGGAACGACTTTAGTGTCGTCTGGCAAGGTGAGCAGACGGGAGTGGATGGAATCGATGATCTGCTCGTGATCGCCTCCGGGCAGGTCGGTTCGCCCGATGCTACCAGCGAATAAGGTGTCTCCGGCAAGGACCATCTTGAGCGGCACGAAATGAAGGCAAATAGAGCCCTGGGTGTGGCCGGGAGTGTGGATGATTTGGGCGGGATAATTCTCCAGTCCGACTCGCTGGCCCTCGTTGAGGGTTTCGTCGGGCGGAGCGGTGTCAGGTGTTTCAATGCCGAGCCACGCTGCCTGCGCAGCCATGATTTGCATAAGGGGGAGATCGTTCTCGTTGAGATAGATGGGGGCGCCGGTGAGGGTTTTAAGCTTGAGCGCTCCGCCCACGTGATCGATATGAGCGTGGGTGATGAGGATCTGTTTGAGAGTGAGGCCGAGAGCGTTGAGACGGCGATGGATGCGGCCGATTTCGTCGCCGGGGTCAATGACGATGGCCTCGCGGGTTTCCTCGTCGCCAAGCAAGGTGCAGTTGCATTGCAGCGGGCCGACAGGAAACGTTTCGAGGATCATGGGTTCATTGTAGAGCTGGGACGGTTGGGATTGAGTTCAAAGCAGAAGAGGCAGACCTGTTAGGTCTGCCTCTGGATTCCCTCAGGGGCCAAAGCCCCCTTCTTCGATGTGCTGTTACAGGCGGAAGCCCGTACCCATATGATTTGCTACTTGCCGGGCTTGGCCGGTGCAGATGCTGGCGCGGGTTTGACGTCTTCGAGCACTGAATGCGACTTGGTGGAGCGCACGAACAGGACGGTCAACGAGAGCGATGTAATCATAAAGATGATCGCGGACCAGCTGGTGAGCCGGGTGAGTACGTTGGCCGCGGCGCGGGGTCCGAAGGCGGTCTGTGAGCCCTGGCCACCGAAGGCGCCGGCGAGATCGGCTGAGCGGCCCTGCTGCAGGAGGACAACTCCGATGAGAA
NZ_CP121196.1_gap58	3297895	3300004	2109	AGTGACCGCGATGCCAAAAGAATCTGAATCAGAAGAGAGATGTTCCTGATTTTTGCATTGAACCTGTCTATCTCTTAGATGTGGCTGGCTCAACTATATGAGCGGACCCAACGAAAGCCGATCGCATCCGATCAAACTGGAAAACATGAGCGAACTAGTAATTGAGGCAGGTCGCACCGAGCGACAGTATTGGTTGGACCTTTGGCGCTATCGCGAGTTGTTTTATTTTCTTGCATGGCGAGATCTGCTTGTTCGTTATAAGCAAACAGTTGTGGGTATTAGCTGGTCTTTAATCCGTCCGCTCCTGACTATGTTGATCCTGAGCGTCGTATTCGGAAAACTGGGTAAAATGCCGTCCGGTGGAGTCCCTTATCCTTTGCTCGTGTTCTGCGGGATGCTTCCGTGGATGTTTTTTTCAACGTCATTGTCGGAGTGTGGGAACAGTCTTGTGCAGAACGCGTCGCTGATCTCGAAGATTTACTTTCCTCGCCTCGTAATCATCGTCAGCAGTGTGATAACGAGCTTTGTTGACTTTATGATCTCAGCAGGGTTTTTAGCTGCTCTGATGATGTGGTATCACTACAGGCCGCCTGTCGCAGTGGTGCTGCTACCTTTCTTGGTTCTACTTGCTTTTGGGGTTTCCCTTGGTGTTGGCTTGTGGATCGCAGCACTTATGGTTGAATATCGAGACTTTCGCATCATAGTGCCGTTTTTGGTTCAGTTCGGTTTGTACATATCTCCGGTTGGTTTTCAAAGCAGTGTGGTCCCGGCAAGATATCAGTTGCTCTTTTCCCTGAATCCGATGGTTGGCGTCATTGATGGTTTCCGCTGGTGTCTGTTGGGGACGCAAGGGCCTGCAATGTGGAGGAGCTTGACCGTTGCTCTGATCGACGTTGTGGTTCTTCTTGTTACTGGAATCTGGTACTTTCGAAAGACCGAACGAACCTTTGCTGACGTAATCTGACAGACTTTGAGCTTCTTATATGACTTCTCCATCCTCTGATCTTGCCATCAGAATTGAAAATCTCGGAAAGCGATACACCATTGGTCACAAGAGAGCCAACGGCGATGGATTGCGCCACGCGATTGAAGGTGCTCTTCGCTCGCCGGGCAAATGGTTCAAGCAATATCAGGAGAACAAGATGCGGGAGACCGACTTTTGGGCTCTGCGAGGTGTGTCTCTCGAAGTGAAACGGGGCGATGTGGTGGGGCTGGTTGGCCGCAACGGGGCGGGGAAGAGCACGCTGCTGAAGTTGTTGAGCCGGATTACGGCGCCGACCGAAGGACGAATTGTTCTCGACGGCCGTTTCGCCAGCCTGCTTGAGGTGGGAACAGGGTTTCACCAGGAGTTGACGGGGCGAGAAAATATCTTTCTTAACGGTGCAATTCTGGGTATGAGTCGCGCAGAGATCGTCCGCAAGTTCGATGAAATCGTTGCCTTCTCCGAGATTGAAGAATTCTTAGATACGCCCGTCAAACGCTACTCGTCAGGCATGTATGTTCGACTAGCGTTTGCAGTGGCGGCGCACTTGGATCCTGAAATTTTGATTGTTGATGAGGTGCTCGCGGTTGGTGATTCGGCTTTTCAAAAGAAGTGTCTTGGAAAGATGGGAAACTTCGCACAAAGCGGCAGAACGGTACTGTTCGTTAGCCATAATCTGGACGCGGTCCGAAGTTTATGTCAGAGAGCGATCTGGATGGAACGCGGGAAGGTTCGTAAAGACGGTGAAGTAAATGACGTTATTAGCTCATACTTTGACAGCACTTCGCGTGATTTCCTCTACTCTTGTTCAAATTCCGAATATGGTTTGGTCATCAAGAACGTGATTCTAAAAGACGATCGAGGCGAGATTAGTGGTCGGTTCCGACCCGGCGACGACCTGGTTGTCGAGATTTCATACGAGGCACAACAGCGGATCGAAGAACCTAACGTAGCATTGGGGATTTTGGGGGCTAACGGCCCATGTTTCACATCCAATATGCTGCTAGATGGACATCGGCCTACTTGCCTTGAAGGCGAAGGAAAGATAACGTGCAGATTCAAGTCAGTTCCCTTACTGCCTCAAAACTATCGAGTCAATATGAGCATCCGAGCCTCGAACGGAGTTG
NZ_CP121196.1_gap59	3323763	3325118	1355	GTGCTGGCCAAAGATCCTTTTCGTCACTTCCCACTGGCCCTTGGCGCCTGCCTACGGAGCACAGCAACGCGTATTGAATCTCGCCCGGTTGATGATGAGGTTTGCAGATGTATCTTGGGTCATCGCACCTTCTGAGCGTGAAGACGAAGAGACGGCACGTCGAAGCATGCATGAATTTGATGTGCGCGCCGTTATGCGACCTAAGCTGGCTAGCCCCGGTAGCTTCCTCGGCAGGCCGTTTAGGAGACTTCGCCACGAGTTCGACCGATCTTTTATGGAGATGGACGACTACATTGCGGAGGAAAGTGACCGCGCAAAACTACAGGAACTGATATCCGAGTATGATGTCGTTTGGATCCACACAATCCGAACAGCGCACTGGTTCCGGATCGATCGGTGGCCTCATTCTGTGCTGGATATTGATGACTTGCCCAGCGCGATATACCGTTCTACAGCCCGGGAAAACGGCAGCTTGATTAGACGTTTGAAAGATCGCCGAATGGCTTGGATCTGGAATAGACGTGAAAGAGTCTTGATTAACAGGTTCGACGTTTTGGCGGTTTGCAGCGAAGCCGACAGGTTATCCGTAAATCGCGCCGAGCAAACTTATGTCATTCCAAACGGAGCGAACCCTCAGACGATACACGTTCGCAAAAATTTAGAAAAACCAATTCTTGGATTTATTGGAAACTGCGGATTCTGGCCCAACGAAAATGGTCTCAATTGGTTCATCCACGAAGTGTGGCCATTGATAAAGCGCGAAGTCCCCGAGACTGAACTGCGCATCGTTGGAGCGGAAAGCGATCGGCTCTTTCCGACCATGGGACCGGACATCGCCGGCTTGGGATGGCTGGCTGATCCAGGAGAAGAGATCGCATCCTGGTCTGCTACGATTGTGCCGATCAAGATGGGATCCGGAACGAGAGTCAAGGTCGCGGAGGGGTTCGCGCGCAAATGTCCGATTGTCTCCACTTCCTTCGGTGCCTTTGGATATGACGTTGAAAGCGGAAGGGAACTTATCCTAGCGAATGCGCCAGATGAATTTGCGGCGGCATGTCTTCATCTGATTCGAAATCCGCAGAGCGGGGAGGAACTTGCCGAACGGGCATACGCTCGCTTCCTGGAATGTTGGACATGGAATTCCTTTCAGGGCTCCGTTGAAAACGCAGTTCAGGCCTGCCTTTCGAGGTCTGACGTCGGGTCTTCCACATCGAAAGAAGACACTCTTCATACACTTACCTCGTTCTAGGGAGTACCAAGACCGTAGGAATTGAGATCTGTCGGTCGCGCCTTTCTCTGCCCAGGTATCGTTCCAAGAAGAGTCGCCGCGCCGAAGGTCAAATAAGGTGCAAAAA
NZ_CP121196.1_gap60	3370733	3373372	2639	ATGCCGACGAATCGGCATTCCATATTCGGTTCTTCCGCACTATGCTCGTGCATGCCTGAGCGTGGGCGCTGTCGGCTGCTTCGTGGCCAGGTATGCGTCAACGGCCGCAGCAGCTTTGCGGCCTTCAGAAATGGCCCAAACCACGAGGGATTGTCCGCGGCGCATATCCCCGGCAGCGAAGATGCCGTCGACGGAGGTCATGTACTCGGCGTTCGCCGCAACGTTACCCCGCTGGTCGACCGCAACTCCAAGTTGTTCGATCATGCCACCCTTTACAGGCCCGAGGAAGCCCATCGCCAGGAGAACGAGATCGACATCGAGGGTGAACTCGGAGCCTGCGATTGCTTCAAACTTCGGTGGAGGTCCCACGCGCACAGCATGAAGCTGTTTGACGTTGCCATGCTCGTCGCCTGTGAACTTCACGCTGTTAATGCTCCAATCCCGGATGCCGCCTTCTTCGTGCGCGCTTTCAGTGCGTAGTTGAAGAGGCCAGAGTGGCCACGGAGTTGAAGCGGCGCGGCTGTCCGGCGGTTTGGGCATGATCTCAAACTGATGCACGCTTTTCGCACCCTGGCGATGGCTGGTGCCAAGGCAGTCGGCGCCCGTGTCGCCGCCGCCGATAATGAGCACGCGCTTGCCTTCGGCACTGATGGCAATTTTGGGATCGACCGTGTCGCCCTCGCATCGCCGATTCTGTTGCGGCAGAAATTCCATCGCGTAATGGACGCCCTTGAGTTCACGGCCGGGTATCTTGAGGTCGCGAGGATGCTCAGCGCCGCCGGCAAGAAGGATCGCATCATAGTGCCCGGTGAGTGCGTCGACTGGAACATTGCCGCCAACGTGCGCATTTGTCAGGAACGTGACACCCTCGGCGCGCATCTGTTTGAGGCGGCGATCAAGGATGTGCTTTTCAAGCTTGAAATTCGGAATGCCGTAGCGCAGGAGGCCGCCGATGCGGTCGTTCTTTTCGTAAACCGTGACGGAATGGCCCGCGCGGCGAAGTTGTTGTGCAGCTGCTAGGCCTGCCGGACCGCTGCCGACGACGGCGACACGCTTGCCAGTGTTGTGCTCTGGCGGTTCAGGCTGAATCCAGCCTTCATCCCATGCGCGCTCAACGATGCTCTTCTCGATGAGTTTGATAGAGACAGGTGGCTGATCGATTCCGAGCACACAAGCGGCTTCGCAAGGCGCGGGGCAGATGCGGCCAGTGAATTCAGGAAAGTTGTTGGTAGCGTGGAGACGTCGAATCGCGCTTTGCCAGCGTCCGTTGTAGGCGAGGTCGTTCCAGTCGGGGATGAGGTTATTGACCGGGCAGCCAGTGTGGCAGAAGGGAACTCCACAATCCATGCAGCGGGCGCTTTGATCGCGCTGCTTTTCTTCAGGAAACGGCTGGTAGATTTCAAACCAGTCCCGCACACGTTCTTCGACGTTGCGCCGCGCGGCCTGCTCGCGTTCGATTTCGAGGAAACCTGTGACCTTACCCATGCTGCACCTCGGCTGCTGCTGCCTCGACCTGAGGCACTGCTGTAGTTGGCGGACAGTAAATGGTATCGACGCGTTCGACGCCGAGAACCCGTTTGTATTCGTGCGGAAAGACCTTGATGAACTTGGGCTGTGCATCGGTCCAGTGCTCGAGAATCCATGCGGCTCGAGGGCTGCCTGTGTAATCACGGTGGCGCTCGAGAAGAGCGCGAACCTCCGCGACATCAGCATCAGTTTCAAGTGGCTCTAGATCCACGCTGGACTTGTTGCAGCGGCGCGTTGAGAAGTCGCCCTGGTCGTCAAACACAAAAGCCCGGCCGCCGCTCATGCCTGCGGCAAAGTTGCGGCCCGTAGTTCCGAGAACAACGACTGTGCCGTTTGTCATGTATTCGCATCCGTGATCGCCGACGCCTTCAACCACCGCGGTGGCGCCGGAATTACGAACTGCAAAGCGCTCGCCGGCGATGCCGTTGAGGAAGACTTCACCGCTGGTGGCGCCGTAAAGCACGACGTTGCCGACGAGGATGCTTTCTTCGGGAAGGAAGAACGAAGTCTTGGGTGGGTAAGCAATGATGCGGCCGCCGGATAGGCCCTTGCCGAGATAGTCGTTGCTGTCGCCTTCGAGTTCGAGCGTGACGCCTGAAGGAATGAATGCGCCAAAACTCTGACCGGCGGAGCCTTCGAATTTGAAGTGAATGGTGTTGTCAGGAAGTCCGACAGATCCGTAACGGCGGGCAATCTCGCCGCCCAGCATTCCGCCGACGGTGCGATGAACGTTGCGAATAGCGAAGCTGCCAGTCACCGCAGTTTTCGATTCGAGAGCGGGCGCGGCCTTAGTGATCAGCGCGTGATCGAGGGCCTGATCCAGACCGTGATCCTGCGCCTGCATCTTGCGGCGCGCAACGCGAGATGGAATCGTGGGTGCGTAGAGGATAGACGAAAGATCGACGCCCTTGGCTTTCCAATGTGCGTCGGCCAATGAGGCCTCGATCTTGTCCACGCGGCCAATCATCTCGTCCATGGTGCGGAAGCCGAGTTTGGCCATGTGTTCGCGAATTTGCTCAGCGATAAAAAAGAAGAAATTAACGACATGCTCGGGCTGACCGGTAAAGCGCGCGCGCAGCACCGGGTCCTGCGTCGCAATGCCGACTGAGCAA
NZ_CP121196.1_gap61	3407219	3409598	2379	AGCCGCTGTGCAATCATCTCCTCGTTCACAAGCCGCTGCGGATTATCAAGATCCAAAACCACTTCCTTGAGATTAGGCGAAAGATCCTGCATCAGGGCATTGCGCTGTTGCTGCTTCAACGATTTGAAAAATGCCTCAAATGATTCAGGCTGCATTGCCACCAGGCGCTGTACCCGTTGCTCCGGTGCCAGATCCAGCATCCGTCGAAACTGCCCATCGTCGACAGGCGTTGCGGGCGCAGCCTTCTCGGCAGTCATCTGATTCATATCCATCGAGCCCGGCTCTTGCACGAGGACGCTATTCTGGTCGTTCGAAGCAGCCATCAACGTCGCCGCATTCGCAGCCATTTGCGGAACCGCATCTGTCGCCATCCGTGGCTTTGCCTGCTCACCAACTTTCTTCTGTTCCTTCTCCTGTTTCTTAACACTCACGCGATACATCTGATTCTCGTATACCGCGTGCAGCGCACCCCGTTCCGGCACCGGAATCTTTCCGTCGAGGGCCTGACGGATGATCGCATTGCTGGGTACTCGAAAGAGCAGTTCCTGCGGATTCCATTGCATTGCAGGGAACTCTGCCAGCCGCGCTCTCAGGTCGACTTCGCCTATCGTCGCTGGATGCAGTTGCTGATCGAACCATTTGTCGAGCCCCATCGTGCGCACCGCGTCCACATCTCCCGGTCGTGGTCCAAATGTGAAGCGGTTCAGAGCGTGCAGAATCCGCGCGTCCCCTTGTATCTCTGTCGAGTGGTAGTTCGAGCGTCCGGAAAGCCGCTTCGGCGGCTGGTTCGTATCCGAAACCGATGTCTGCGCCGGAACAGCCGGAGCGACAAGACTGAGGCCCAGCACGGCGGTCAGCGGTCCATGAAAAAACTGCATCTACGGCTCCTTACCTCAGGATGGCTTGTGTCCGTTACGAGTGAGACCTCTTGTCTAGAATGACTCTATTTTTCTGCGGAAGTTGTGGTCACAGCGTGCATTTACATCCTTCGTAACCATAGGAGAAGCTCTACGCAGATCCTGCCGCACCCATGAACCACCGCAGGTTTGCGGTTCAACAGGTAGTCCAACGAAGTTAAAACTACTAACGCTTGGCGACGGAATCGACTGATTCTAAACAGCCATCGATAGCACTATAGAGTGATTTGAAACACTGGGCCCGCTGAATAAACTTGCCATATTCTTTAAACCATAGTCCGCGCCGCTTTACTCACCGCCCGCGGCTGAACGAGGTTGAAACGATGCACCCACTCGAGTCAGGGCCATGCGGGAGCGAACTTCCCCGCGTCCTTATCGCCGAGGACGATACGGTCTCCAGACTCATCCTCAAGAACTGGATTCAGCGATGGGGTTACGAGGTCGTCGTTGTCGACAACGGCGAGGACGCATGGCTGGTACTCCAACAGGAACGCCCACCCGAAGTCGTCATCATGGACTGGGGTTTGCCCGGAATCGATGGCATTGAGCTTTCCCGTCGCCTGCGCGATAAATCCCGCTCCTACTACCACTACATCCTCATGGTCACCAGCCGCACCGACGAACTCGACGTAGTTCACGCTCTCGAGTCTGGCGCCGACGATTGCCTCGGCAAACCCTTTGGCGGCCCTGAACTGCGTGCACGTCTCCTCGTCGCCAATCGCATCCTTGCGCTTCAGAACGAACTCATTCACGCTCGCGAAGAGTTGCGTATCCAAGCCATGCGTGACGGGCTTACCGGACTCTGGAACCGCACCGCCTTCCTGGATCTTTTCAAGCGCGAACTCGAGCGCGCCTCGCGCGTAAACGGTCACACCGGGCTGCTCCTACTTGATCTCGACAATTTCAAACAGGTCAATGATACGTACGGCCACATGGCTGGCGACCTGGTGCTCAAAGAAGCCGCGCGCCGCCTCTGCCTGAACGTCCGTTCCTACGACTTTGTTGGTCGCTATGGTGGCGAAGAATTTTTTATCGCCTTTCCAGGCTCAGGCAAAGAATCGTTGTGTCAACGCGCAGAGATCATCCGCAAATCCATCTGCAGCGAGCCCGTTCACATCTCGCAAGGCGATGTGCGCATCTCGTTGAGCATCGGTGCGGTCATTTCGGCTGGCGAGATGAGCGCCGCAGACTGCCTCGCAGTGGCAGATATAGGCCTCTATAAAGCCAAGGATGCTGGCCGAAACCGATCCGTCCTCTGTGAAAAGTCTTTGCCGGAAATCCTTCAATCCTCCGCCACTCAGCGCGAAATCTGTTCCCGATGCGATCCACAATGCATGGCAACCTGTGTTCTGGCGGCATGCTGAGACGTTATTTGTCGCAAGTTTGTTGAGGGGGTGAAAACCTTCTGTCGACTGGCGAGAAGCTGATCCGCTACTCTCAAACGCAGATGCGTTTGCTGCGT
NZ_CP121196.1_gap62	3412832	3417258	4426	ACCTCGCATCCCGCCACTCACAAGGCGAAGAAGCCGGGTAGCACTTCCACTCAAAAGCCGTCTGCCACAAGCGCCAGAAAACCCGGTACCTCCACCGCTAGGAAATCATCGGCCACGACCCACCGGTCAGCCACTGCGCCTCGAGGTAAAAAGAAATACGTCAGCCCCGCCGAGCGTCGCCGCCGCGCCGCTCGCGCCCACAAAATCAAGCTCGCCTTTGTCGCATCCACCGAGTTGCGACCTATGGCCCAGCAACTGGCCACCCTGCGCACGCCAGCTGCCTACTCCGGCGTCTTGTCCTACGCACATGCGCATTCCGGCGAGCCGGCTGCGGCAGCCTACCTTTCTCTCGGTCACGCCTACTTGCTCGATAAGCGCTACATTGATGCAGTCGCCAGCCTCCATCAGGCGAAGCAATCTGGAGAAGAGCTTAACGACTACGCAGACTTCCTAGCCGCAAAGGCGAATCACGAAGCCAATCTTGAAGCCCAGGCCGAAACCCTGCTCAAGGGCTTCAAGGAAAAGTATCCCGACAGCATCTTCGTTGACGAGGTGCCCGAACTCGAAGCCAACGTGCTTCTCGACTTGCACGATCTCGTCGGAGCCAAGCGCGTCCTCGACGCTGCCGCCAGCGATCCTGCCGCCGGTCGTGTTGGCTATCAACTTGCTGCCGGCCTCTTAGCCCAGGCACAGAACCAGAATCAGGAGGCCGTTCACATCTTCAAGGCGCTCCTGTTGGCATACCCGCTCTCTACTGAAGCCGCCATCGCCCGCGCCAAGCTCACCTCGCTCAATGCAGAGGACTCCCTCACCAGCGACGAACTCCGCGGTCTCGGCGACGCCTATTACAAGGCTGGGCATTACGAAGAAGCCAGCGAGCAGTATCGAGCACTTGCCCAGAAGTTCAATCTCGATCCGCAAACCCGCAATGGTTTCGCCGTCGCCGCCGCAGCGTGCGATTTGAAACTCAAGCGCCTCACCGAGACCCAGGCTACGGCCCTTGCAGATACTCCAGATGAGAACGGCGCGCGCCGCCTTTATTTACTTATGGAACTTGCGCGGAACCGCAACGATCTCGACGAGCAGACAAGCATCGTGACACGCCTGGAAACTGATTTCCCTTCGAGCCAGTGGCTGGCTGAGGCCCTTTTTTCCAGCGGCAACATGTATCTGCTTCGCAAAGACTATCCGCGCGCAGCCGAATACTACAGCTACCTCGCCGAGCATTTTTCATCGAACAAGAATGCCTCCGCAGCCCATTGGCGCGCCGGATGGCTGAACTACCGCCTGGGAAACTTTAAAGACGCCGAGCGCATTTTCGACGAGCAGATTCACAACTTTCCGGGCACGACAGAGACAGCCTCCGCCCTTTATTGGCGCGGTCGTCTCTATGAGAGCCAGGATCACAATCTTGCCCAAGCCGCAGCTAACTATCGCACCATTGTTCGCGTCTATCAACACTTCTTTTATGCGCAGATGGCGCGTCAACGCCTCGCCGCATTAGGCAGTACTGAGCCCGCACCCACTCCTGATCTCGATCAGATCAAGTCTGCTAACGTTCCCACGCTTGCCGAATCTTTCCCCGAAGACAGCCCGCATCTCGCAAAAGCCAAATTGCTCGCCAATGCCGGCCTCAACGACTACATCCCGCGTGAAATCGCCGCGGATCCGGATTCAGGCTCGTGGAGCGCCCTCGCAGAAGCTCAAATCTACGCATCCTACGGAGAGGCATATCGCGCTATGCGCGCCCTTAAGCGCGCGCTACCAGGTGCCGCGAGCGCGCCTATCCAGTCCATCCCTCTTGCCTACTGGCACATACTCTTCCCGGAGCCTTATTGGACAACCATCAAGATTGAATCCGCCAAAAACAATCTAGATCCTTATCTCGTTGCGTCACTCATCCGCCAGGAATCCGAATTTAATCCATCCGTAATTTCTTACGCCAACGCCTGGGGCCTCATGCAACTCCTCCCGTCCACTGGCAAGACAATTGCACGCGAAGAGGGAATGACGCATTTCCAGACCTTTCAGCTGCTGGATCCCGAAACCAACATCCGTCTCGGCACCCGTTATCTTAGACAGACGCTCGACAGGTTCGGCGGAGTTCCCGAGTACGCATTGGCCGCCTACAATGCCGGCGAGAGCCGCGTTGAAGATTGGCAGGCCTCAGGCCCCTACAGTGGCATTGACGAGTTCGTCGAATCCATACCCTTCACTCAAACTCGCGATTATGTTCAGGCGATTTTGCGCAACATCGAAATCTATCGCGAGATCGACGCTAGCCAAACCGCTCCTGCCGCATCTAAGTCTTCAAGTGGCAGGTAGCCACGGCATTGAGGAATCCAACTTGCAACTAATGCGGATGGTTTCTCATTGACGCCAACCCAGCCCTCCGTAAACACTACGAAGCAACTGGAAAAGATTAGACTCTCCACCGGGCCTCCTGCACCACGCTGTTGAAAGACGGACCACCCAGCACTACCGAACACGATCTGTATTTGTAACGTCAGACTCTCGGAGGGCAGGATGTCTACCGACTTACAGTTTCTCGAAGAGTGGATTCCCGAAAAAATGGACCCTGGTACGGTTTTCGTCCTTGAAAACCAGTCCAAACTTGGCCACGCCCAGAACCCATACATCGCCGTCATGTCCTGCCCGCGCTGCGGCACCATGGGGTTGATCACCCGCCGTCAGCTCTGCGAGAAAGAGGCGATGATCTGCGGCGGAGACACCTGCTCAGCAGAGTACAAACTCGAAGGCGAAAACATCCGCTTCCGTCACCCGCAATAGCCCACCCCATTGATCAGTTTTGCAGGGTATGGTCTTCAGCCCATTACCGAGTGCAGAACCCATGCGGCTTTGAGCCCCGGAAGGATTCTCTGTTTTTAGACTGAGAAGCCAATCCTGACAACACTTCTTCTGGCAACTTCGTAGTTCGAAGCGGCTAACGATGCACCCTCGGTCCGCTCGTTTCGATTTACCATAGAGCTAACGCCCACCCAGGCCCGGATGGCGAAATTGGCAGACGCAGCGGACTTAAAATCCGCAGGCCGCAAGGCCGTGGGGGTTCAAGTCCCCCTCCGGGCACCAATGAAATCAATAATTTGCATCGGAAATGGCACTCTGAACTGAGGTGGCCTTTGGCGTCTGGTGCCTGTTTTAGTGCCTGTTGGCCCCATCAGTGCTTGTTGGGATTACGGACTGCGCCGGAGATGCGGTCAACTACCCCCAAGTTGTGGGCCGGACTCAGGTGCGCGTACTTTGCAGCCATTGCAATGGTCTTGTGTCCAGCGGCGACCTGAATCTCATTGATCGATGCTCCGTTCATCGCCAGCCAAGAGCAGAAGGTATGACGGTTGCAGTGCCAAACATAGGCGGTGATCCCAGCTTCCTTGAGGCAAGGGTGGAACCACCGGTCAGTCACGAAGTCCTTTACGGGGTTCGGGAACACCATGGCGGTCCGCTTCCGGCCGGGTGACCGGACGGACTTGATTGCGGTGATCGCATCGGCATTAAGATGTACAGTTCGTCGTGAGAAGTTCTTCGTCTTGCCGAGTTCGATTACGCGCCGATCAAGATCAACCTGGTTCCAGCTGGTTGTGTACTGCTCCGACAATCTCATCCCGGTGTGTACACTCACGATGAACTCCGCCAGATGTTCGGGACACTGACGCTCGATGGCCTTGTACAGTCGGTCGTACTCTTCGTAACTCAGGAACCGAACGCGGCCGGGCGGTTCCTTGCGCTGCCGAACAAGGCGCGCTGGATTCGATTCAGCGTTGCCGTTGATCATCGCTTGTTTCCAAACCAGGGACAGGAACGCGCGATACCGGTTCGATGTTGCTGGAGTTTTGAACCTCCGGGTCAGCCAAGAATCGATCTCTTGAGGCTTGATGGACGATGCGATCCTTGGGCCGAACTCCGCACACACAATGCTTGCCTTGCTTGCATAATCGCGATATCGGCTGTTGTGAGCTTTGGCATACTCAAGCGCGTCGTCGACCAGTGAAGAAAGGGTAAGCCTCCCATGGCGCAAATCGGGCAACTTGCGTCCGCGTCTTGCCGTAGCTTTACGGTCTCGGTAGGCGTCGATCGCGTCACCGCGGGTTCCGATGCACTCGCGGTGCTGGACACCTTCGGCGTAATAATTGATCCACCAGACCCCAGAGCTTTTCGGCCGCTCGAAGACTCCCCGTACCTTCTTAATCTCTCTCTTTGCCATGGTCTTGCTCTTGCGCGTGTTAATGCGGACCAGTCGTACTAAAGTCCGACTATGCACACAAAGGAATGGGTCAGGAGAAGCCTGACCCATTCTGGATCAACTTGAGGATTGAATCAGGCAGCTTTGTCCTGGTTGTTGTCCTCTTTGGGCCGTTTTGGCTTCTTTGTGGATCCGTAGTGGTTCATACTAGCCCAGCTCTTCAGG
NZ_CP121196.1_gap63	3419761	3420294	533	TGCTCCGAGATTTACACAACTTTATTTGGACGATAGGGGATTGATGATCCTTTGCGTTGTGACAGGGCGCACAACCCCGTGGTCAAAGCGCTTGTCGGGATACGGGAAAACAGATTGTGGCGATAATTGCGCTTTTCGATGCTGGGTTGCCAAAACTTTGCACGTCAGCTAAAACGTGAGTTGCGCTTCGAATCCCGCCACGTGCCAACCATATCTGTCACGGAATGCTCTGTAGGTTCCCTGTGCCATGCACACATTCCCACAGAGGTAGCCACCTTGCAACTCGACTTTGGAGTCGGAGACATTTTGAACGGCACCAAGATCAAAGATTACGGACTGTTTCTTTTTCGCGTCCACAACTGTCATCTGTCCGTTCTCTTTGAGCTTTTCACAGGCAGATGCTCCCTTTACATGCAAGGCCCGAAGACGCTGTCGCAGAGCCGCGTCTGGATCTGCGCCGTTGATTTTGACGCAGTAGGTATGTATTGATGGCTGCCAGGCTTTGACTTGGAAACGTATCACGGCTTCGTACA
NZ_CP121196.1_gap64	3434358	3437730	3372	AACGCCGACGGCGACCTTTTGGTTGCGTAAAACCAGAATAGCTTCAGGACAGATGCCATTCAGCATATTACGCTTCAGTCTAATATTCTTTATATCTACATTCAAGGCTTCTGCGAGACGCTTTTCCGGAACGCCATTCTCGATAGCCTTGAGAATCATGAAATACTGACCAACAGTTGAAATGCAGTTTAGATGTTTGTTGTATGTGTAGGCCTCATCATCTGTTGCCAGCGTGCAACGAGCTTCGCTAATGCCAAGTTCCTTAAGCACGCCGAGGCGAGTATGGCCATCGAGAAGCAAATACTCGTCAGGGCTTTTCGGATACACCACCAAAGCCTCAATAATACCGATTGCTTTGATCGACTGAAAGATTTGTTTGTACTTGGCGGTTTGCCGATGCTCCGGAACGAGAGGACGCTGAGGGACGATTTTTGTCAATGGAATGGTGTACTCAAACTTCTCAAATGCGATGTGCACCGGTTTGGTCATCTGATTAGCGCTCCCTCGCACGCGAGTTCACTCGGGATGTCCTGCAAGTTCTCTTCGCGGAGAAGTGTAATGAAACTCTCATCTGCGAGAAGGGTCTTCATTGCAGACTTGAGAAGTAACAGTTTATCCCGCGTATTTGAAGCACGTCTTACCAAGGCTTGCTGTTCTCTGGTACGCCTTTCGTACTCTCTAACGAGTGCCCGACCGCTTCGTCCCGAGTCCTGAGGAGGTCCGCCCAATTCAGGTACCCTCGTACCACGAGCCGCGATGATGCGCTTTGCTTGCTGTAGCTTCGCACCTCGAAGTTCCCCACTTTCATATGCTTGAGAGAGTGCGGCCCGAATGTCAGGTTCCTCCGCAGTGGCAATCACCAGTGCGATAGACAGCGGAATCTTACGGGCTTCAACCGCCTCAACGAGGGCTAATTCATTCCGATCAATTAAGCGGCCAAGCGCCGCGACGTAGCTAACATCGCATCCGAGCTTCAAAGCGATCTGTTTGGTTCCGTATCCTCGATTCTTAAGAGACATCACCTCGCGAAGCAGTCCTTTGTTCGAAGATTGATGTCGTGCTATGTTCTCGACGAGGCTCATTACGAATTGGTCTTCTCTCGATGCCTCAACAACGTTGGCGGGAATTGTTTGTTGTCCCAGGGCTAAGAAGGCTTCAATTCGGCCTTGTCCGCAGATCAGGTCATACTGAGTTCCGTCTTCGGCAGCGGCTCTTTTAGCTACCGTGATGGGCTTCTTTAAACCGACTGTTTCAATACTGCTTACAACCGCTGCAAAGCGCTTCTTCTTGCGCGTTCTCGGATTGACGATCCGGATTTCGCAGATAGGGATATCCAAAAGAGCTTTTTGCCTCATAAAGAATCTCCTACTTGCCTACGTCGGCAAATCTGATAGATAGGATCGAGGTTGTCAAAACGATAAACGTCGAAAACAATTGAATTCTCTGCTGCAAGAACGAACTTCTCAGGTAGATGTTCTCTATTCGGGAAGAGGTAATAGTCCATGATGTGGGTATTGTCTTCGCTCATTCTGGCTATCACAGTCAGATCGCAAAATGAAGATTTAGGCCGAATGCGCCAACGCATAGTGCCGAATGGCTTGCAGCACTTTGCGATGATCAATCGCAGCGTGAAGTCTCCATTTATCCTCAGGATTCCGGCTCGCGGATCAAATACAACGACTGCACCGTTTGCTTCCAGCTGTGATGAGATCTTGTTGATGCATTCCACTTGTAGAGCATTAACCACGCGATTGATGTCTAAGAACGACAAATCACGCTGCGGGCTGTATCCGAGTTTTTCATACGCTCGTCTTAAGCTGCCGAACCGGTCCGAAATACACCGACTTTTATGCCTACGCATTTCATCATTAATCACTTTTGCTGAGAGCCTTCCCTTAGAGATGAGCAGCGATCGTAGCTGGTCGAGCACTTCATCATCAGTCGGTCTGTGGTTCATTGATTCGATGATTTTCGCCGCCCGCTCAAACATATCTGGGGATATGATCGAAGGAAAGGCACCCTCCCGGCGGATCCACAGTGGTTCTGGGTTGGGGATTGCGCGCTGCTTCAACTTGCAAGACCTTCTGTTATAAACGTTGGCACCGATGTACTTGGGATTTATCAGAATCTCGTGGACTAGATAGTACGACCAAGGCCGTTTGGCTCCGCTCGGAATCCCTCGCGCGTTTAGTTCGTTTGCAATTCGTGATCGGGTCTTTGACTCTTCGACAAACGAATGGTAAATCTCGTGTACGATCTTCAGTTCTTCTTCAGGACCTGGCACCAATACGACCCGGTCAGTCTGCAAGCACTTTATTTCGCCTTTATGGAGGATTCCTTTCGGACGGCCTTCATGATCGACAAGCATGCGCCGCAATCCAAAACCGACGGGGCCGCCCTGGCGGTAACCGAGCTCAATCAATCTGCATTGCCCAGCAAATACCTTGTCCGACAGTTCGCGGCTGTATTCGGCGGCCATCGTCCGTTTTAGAGCCTTGAAAATGACCGACGAAAAACTCCCATTGTTAATGAATGGTTCTGCGCAGTAATGGACGATAACGCCGGCGCGTTTACACACATACTCCCAGTAGCTGCTCTCGTCTACATCTTGAAAGCGTCCCCAGCGGCTCACGTCATATACCAAAATCGCTTTAAAATCCGCTAATCCGCTTTGAACAAGCGAAAACAGATCGACAAGTCCCGCTCTGCCGTCCAAGCTGAGGCCACTTTTTCCCTCATCCGCAAACGTGCGGACGATGACCATCCGATGATTTTGTGCGTACAATGCGATCGCATCTAGCTGATGTTGAATGGAATAGCACTGGCGATCGGTCGACATCCTAACGTACTGTGCCGCACGCAAGGACCGGATGCCTGGAGTTTCCACTCCTTCTTGGCAGGTTACCCGATTTTGTGAAATCTCCGATTGGATGGAGACCGGATTTGTCGACATGGCCACTCCTAAACACATGACCACTTGGCTTGCCGCTCTTTTGCCGACACATTTTGTACCACTTTATTTATCACAAAATTGTGCCGATGTCTACGATCGTAGACATTTATTTGGCGCCGAGCAGCAACCATGTAGGAGTGTCCGCAGAAATCAAGACGCGATTTGGGGCAAGACTCCGAGCATTGAGGGCCAGCAGGGGATGGACCCAGGCAGAAATGGCTGATCTGTTGGCGATCAACCGGGGCTACTTGTCCCAACTCGAAACTGGACAGCGAGACCCGAGCTTGACCGTCCTGCAAACTCTTGCAGATGGTCTATCCATCACGCTATCGCATCTCCTAAAAGGGCTCTGAACAGATCTGCGACTTTCGAGTTTCCTGTGCCTGCACGTCTCTGCCGCGCCTCGGAAAGCTCGCCAA
NZ_CP121196.1_gap65	3440282	3442592	2310	GGCATTTCATCGATTTGACCGAGTGAACCAGGTGCAGATAGCGGCAGTTGCAATGCGCGTGGTGCTGACGCTTGTGGTGCTCGACGCGGGAAAGGGAATACTGGCACTGGCGGGGGTTCAGGTGGCTGTGTCGCTTTCGCGGCTCGCAGGGTTGTGGCTGGTAGCGTCGACGGGGATCAGCGGACTATCTCTGCGGTTGTTTTCCTTTGACACCGACAGGCTGCGTGAGGCCATCGGGCTGAGCAGATGGGCTTTTGTCGACGACGTTTCGAGGCGTATCGGGATGAATACGGAGACGGTGGTTCTGGCAGCGCTGGGGTCACTCAATCAAGTTGCGATGTTCGGAATAGGTGGCAAGCTTCCGGCTCACTTGTACCAGTTCGCGGTCCGGGGATTGTCTGTCCTAGTACCAACTCTGACGCAGCATCACGCGGAGGGTGACACGGCGCAGCTCCGGTCGACATTCTGCAATGCCTATCGCGTCTGCCTAACCGGTGTTGTGCCGCTGGCGACATTTGGGTCGATTGGCGCCCGACCGCTCATAGCGATTTGGGCCGGGCCCGCTTACCTGGGAGCAGCGCCAGTTCTATCGTGGCTGATGATTTCGGCGCTATCGATGGTGATATTGACGCCCTCCGACATGGTTCTCTATTCGCACAATCGCATTGGGCAAGCGGCGTGGTTCAGCTGCATTGAGACTCTGGGAAAGATCCTTGTCGTACTAGCGTTGGCGGCGCGGTATGGCGCCGTTGGCGCGGCGGCCGGCGTTGCGGTATGGAATTGGTGCGTGAATCTCTTCTGCTATCTCCCGGCGGCCTGCAAAGTGGCGGAGATGCGTCCGTGGGAGTTGTGGCGTGCGGCGCTGATGGGAAGCTCCGGGGCATCCGGTCAGCAAGCGCAAAGTGAGCGGACGTCCAACCTATTGCAGGGCGGCGCATATGTTGCGTGCGCCGTGGTTCTCGCGGTGGGCGTCCGGCATCTTGCGGCGTTGGAGATGTTTGCAGCCTGTGTCGGTGTTTCGCTACTATATTTCGCGGTCTGGGTGGGTTGCACGGCCCTGCCGATGTGGAGGCGCGCGAGCGCGGAGGCTCCCGCGGTGTTATGAACCCGAGCGAAGCGATGAGGAGCGAATTGTCGATCACCGTTGTCATACCTACATGGAGGCGGTCCGAAATCCTGCGCGCAACGTTGAACTCGCTATCCGAGGACGCGCGAACCCGGGGCGGCGACGCGGTACAGGTAGTCGTTGTGTGCGACGGAAATGACGCAGGTACGCTGGAACTCGCTGAGAGTTACGTTGCAGATAGCTTGGCCATGGAATGGGTGTTTCATAATGAGAATCTGGGATTGCCGTCAGCCCGGAACACCGGCGCGATACGGGCAAAGGGAGATCTGCTCCTGTTTCTGGATGATGACGCTGAGGCCGCTCCGGGCTTGCTGTGCGCGCATGTTGCGGCGCATTTGCAGGCCGAGGCTAAGGAGGCGGATTTCCACTATGTCGCCTGTGGCAGGATCATGGAATCGGCGCGAGTCAAACAGAGCAGCCGAACGGGCGAGTTTGTGGAACAGTCCTGGATGTTCACGCTTGCCCGTCACGAGGCGGCGATCCGCGCCGGCGAGACGGACCCTCAAATGACCGACGCACTGACGAACTCTTACTTCGGACTGAACTGTTCGATCCGCCGGGACCTGTTCGCGGAGACCGGTGGATTCAATCCGATGTTGCGCTGGATGGATGAGGAGTTGGAGTACGGGGCACGGCTTTACATGCGCGGAGTGCGGTTCCTTAGCACGCCGGCGATGGTGTATCACCGCAATGATAAGGACTTGGTGGCCTACTTCTGCCGCTGTTGGGGACTGGGCGGCGCCTGCGACACGTTGCGAGCCATCAAGCTGGGACAACACAACCCTCAGACGCGGAACTTACTGAAGATGGACACCGGGCCGGTACTGGAACAATTGGCGAACCGCGCTTTCTGGTATGGACACAGGCCGGGACGCAGGATTGGGGAATGGCTGCGCTGGCTGACGGAGCGAACGGGCTCGCGGTTGGCCTTCCGTTTGTGGCACGACACGGAACGGCTGTCTCGGTACTGGGAAGCTGTGCAGGAATTCGGAACAGGACGAGCAGAAATGCGGGAACTAGCCGGAGAGCCTGTCCGCGTTCTGATACTGCACAGCATCGCGGCGCCGCAGAATGCGGGGGAAGGGATGTACTATTTGTCGCCGGCACGTTTCCGAATGCTACTCGATCGGATGCGCGAGGGAGGATACCGATGCGCAGATCCGATCAAGCTGGAAGATGCGGAC
NZ_CP121196.1_gap66	3457735	3459269	1534	CTGGACGATTTGGCGTGGTCTCTGTGAACGAACGAAGCAGTATAGAAAGTCGGCCTCTACCTCCCCATAACCCTGATCGCTGCCGTTCATTCTGACTGCCATCTCATGGATCTTAAAATGTGTGAGATTTGCTCGGTAAGGTCGAGTGCATTCATCAACCCAAGCCAACTGCGCTTCGATAGGGCCGGAGATGTCTTTCATTGAACGCGGCACACGCCACGCCTTGTTGTTCCGTAGGGTCCTGATATCTGGTATTTCGGAGTAAAAGTGCCGCGGCAAAATATCAACATGGAACCGTTGCCCCATCTCGAAACAGATGCGCATCAGCCTCTTAATCCAATTCTTTATGGCTCTTTTAATTCCCTGCGACATTGAGACCTGCCTTTTTTTCCTGGCGATGGCTAATTCCACCGATACGGCACGCGACTCGATCCGCTTCGGTGCAAAATATCAACTGCATTTTTCGTGTCCCGACTGAAAAACATTGTTTGGACCATGCATCAGGCGGATCAAGGCCGGAGCCGATGCAGCGTGCGTCATGACTGCGACGGTATCCGCGGCTTCTCTTTCGATGGTCAGACAAGGAAGTAGCGATTGGTCGGTTCGAGCCATTTCGAACGCTTGCATATTACGATGTGCGAGATTGAATCCTCTTAACAAAAGTCTAAGTCAGGCTTTGTCGAGTGAGACGAGCAATCTCAGAACGCACTTCGCCTTCTGATGCCGCGTCTTTTACCGCTTCCTCGAGCTCGCGCAGCTTTGCGCCGACAAGGAACCGGTACCAGAACCCCTGGAGGACGTGATAGGAAAACCCCTTCCGCCCATCAAGGAATCCCATTTGAAATACATATCGAAACAGGAAATAGACGATGGTGGAGATCTCGAAGGGAAGCCGGTTATACACGTACTCCTTGAAGAAGCGCTTGATCTTCGCCTGCTTCGCGGTTGACTCCCGCGTGAGTTCAACTCGTGGTTCGAACAAATGCAGACGCCTATTTAACACATCGAGAGCTTCTCTGCTGGCATAGGAATTGTGCTTCGTTGTGAATGCGGTTAAATCAAAGAGGTTGTGATCAGCGAAACCGCCGTGGAAAGTAACAGTTCTTCCTTCGGTCAGATAGATGTGCTCGTCCATCCATCGGTCCTCAATCTTCGCTTTTCCACGGCGCCAGATACGCAGGAGAGTGAGCGGGTATCTCCCACCGAAGCGGATAAACTTACCCTGGAATATTGTTTTCCGATTGAGGTTGACTCCGTTAATGTCGGGAGGGAGGGTGTCAAGTTTCGCTGTAATCTCCTGAGCGAGATCGGATTCGATGATCTCGTCGGCATCCAGACGCATTACCCAGTCTGAGGTGATTGGTGCGTTTTCGAGCGCCCATTGGAATTGCTGCGCTTGGTGTTTGAAGGGATGTTGAAGGACTTGTGCACCGCCAGCCTTCGCAAGCTCCACAGTGTTGTCGGTTGAAAATGAATCAACAACGAATACTTCTCGCGCAAAAATCCGGATGTGATCAAGAGCGCGGGAAAGATG
NZ_CP121196.1_gap67	3462039	3463643	1604	CAACGCCGTCGAAGATAATCCAGCAACAGAACGGTGGAGAAAACGGTTTTCAAAAAGTCAACTGGAGGATCTTCCACCGAGGCCGCAACGGACGCGCCGCCTGCAAGATGAAAGACCGTCTGCGGCACAAAGTCAACCGTCTCCAATGTGTCCCGGGAGATATCGCCAAAGATATAGTGTGCTCCGACCACGAGCTCCGCATCCTCCCGGTTTCCGCCAAGAGAAATCACGTTGCTGCCGAGCGTCACCATCCGACGAACCAGGTGGCTCCCGATAAACCCAGCGCCGCCGGTTACGAGAACGGGCCTTGACGCGAATGTGTTGGCTAAGGCGCTACTAGCGCTTTCGAAACTCAATTGGTATCTCCTTTACGACACGCGCGGGGTTGCCTACAGCGATAGTCCAAGGCGGAACGTTCTTTGTCACAACAGCTCGCGCTCCTATAATGGCGCCCTCTCCGATTGTCACACCCTTCAAGACCACGACGTCGAATCCCAACCATGCATAGTTGCAAATCTTGATCGGCTCGGCTGCAACGCTCCTCCAGTCTTTGTTTGCTACCATGTTCCCACGAGGGAAGTCGATTAACTGTTGATCCTGGTCCGCTATGCGATCCAAATACGAAATCGAATGAGAATTGTGATCGTAGATAACGCAGCCCCATCCAATCGTCACCGCATCCCCTATCACAATCGATGAACGCGAAATCACCTTCGTTCCACTATTGATAAACACTCCGTCGCCAACGGTGATTTCGCCACGGGTGCTCTCAAAGATAAATTCGTTGTGCAAGAGGCAACGGTCTCCGATTCGAAGAGCCACATCTTCTCGCGGGCAATCCAAACGAATGCGAAATGTAGGGCCGATCTGGGAGTTGCCCATGCGAACGTTCCTATTCCGTAACATATCTCGAAGAGGATCGTAGAAAAAGTGGTTTCGGATTTTCCTAAGAATGTTCAACATTTCCTAACTTCCTATGCTGTCTTTTGGGGCCGCTCCGGTATGGATTAATAACACTGCACTTCAAATTGTTTCCGTGGATGCAGCTCGTCGTTCCTCAATATTCTCGAATTTAGCTTTAGCTATTTCTCCAAACAAATCTCGAATAATAAATGCATATATAGGAAACGTGATCGCTAACTGCGTGATGATCGAACCAAGGCAGACTCCAATCACTCCGAACCGCCGAGTGAGAATGATCGAAAGAGCTAGATTGGTTAAGCTAGCGATCACTGCTGCAATGGCCTGGACTCTTAAGACGCCTGCGCCATTCAGGAGTATCGAGGTTGAAGCCGAGACGGCGGCAACTACGCCCCAAAGGCCGAGCACGATCAGTAGTGACAGCGGGGCATGCAACGACCTGCCGAAAAAGACTCTAAGTATCCAAGGGCCGGTCAGTACCAGAAGGGTGCAAAATGAACCAGAAATCACAAAGGTGAGCCACAGAGATGAGAAGAATACCCTCCGCACCCACGATACGTCTCCGCGCGCTAAAGCCTCTCCATATGCGGGCCAGAGCGGTGTGATCGCCACGCCTACCACTAAGCCCACAAAACTGAAAAGCTTCTGAGGTACTGCATATGCAGCTACGGCAGCTGCGCCCA
NZ_CP121196.1_gap68	3464890	3469423	4533	CTATGAAACGATGACATAAAACCCGATGATGCAGTTTTGGTCTTTGGGCGTTTCAGCGATGATGCGTTCTCAGGCGGGTTTAATCATCGACCGCCTGAGTCGTCCAATAAACGATCTCACGCTTATATAGAGGAAGGCGTGGAACGGCAGATATTGACGAATGAGCGAGAGACGGTCCGCTAGAAACGCAGGATCCGCAACTTGTGAGCTCAAACCCTGCCCGGAAAAGAACGCAATCTCATACGGGATGTACCGGAAGCGTAATCTCTGATTCCCAAAACAACGAAGATTGAATTCGTAGTCGGCTAAAATCTTGTACTTAAGGGAATAGCCCCCATTCTCAAATGCTTTGACTGGGTAAAACACCGACTGGTGGTTTATGGTCCAATGGGCCAGCCGCCAGGAATTGTAGTGACCATTCCTTACCGGCCCAGCTTCTGTGCGATAGTCACCGTAGTAGACAGTACTCGGATCGCAGAGCACGCTCTCGAGTTCATCGAGTCTCACTGTTAGAATGTCGTCGCTACCCAGAAAGTATAAATATTTTCCGCGAGCCTGTTTGAGCCCTTTGTTCATTGCATCGTAGATGCCGTGATCGGCTTCACTTAACCAATACGCCAGGCGATCACTGTATTTCCGGATGATATCCACCGTCCCATCGGTCGAAGCGCCATCGATTACGATCAACTCCGCAATACCTTGCTTCTGAGAGAGCACACTCAGCAGCGCGGTCTCGAGATGCTCTACACGATTGCGGACGGGCATAATTACGCTAATTAGCGGTTGCTGCTTCTTGCCGCCATTGCCGGACAAACTTTTTAGTTCTTGACTCTCGAGGTCTGTGTTGGCCATTCTCCTCTACTCTCCCAGATCCCTCACCAGTTATTCCAAACCATCTGAACATTCTCTGCTATTCAACGCAGTGATCGAAGGCTTGGCATTTCAGCTTCGAGCATCAATCGAGACGATGTTTAACACGCGATATCGCGCTTTCCAACCCAAAGCACAGCAGCGCACGATGGATACACCCTGTTCTGACGAATGTCTGCCGGTCGAATAAGAATGCTACCAATCAAACAGATGGTCTCGCCAGTCTCTATCTATTATGTGGAATGCGGTTTGCGACCGCCCAGGCCGCTCCGATGTCGGTTTCCTTGTAGCTGACCAGAATATCGCCCCATGCCAGAAAATGGAGTAGTTCACGATATCGCCAGGTGTCACTGCAATAAGTCCGTTCGGCGCGTCGAGGCTCGATAAGCAATTCCTTCATAATTGGTTACATTTAATTTTGAGTTTGTGATCAATCTGATAGGCCGAACTTGCCATAAGTGTTCGATATCAGTGGACTCGCCAAGGACGGGATCGACCCAGGTTCGGGATCATCGCTATCGGCGCTCTGCGGACCAAGCCGAACCGCTTCCAACGTCCCTTCAGAAGATGAGTACCTCGAACTCCAACAGTTTTGGGCTCAAGCAAATCGACGATGATCACGATCGTGACCGCTTCAATGATTCGAGAAGTGCTTCCGAAAGGAGAGAAGAGGATAGCCCAGCAGTAGCTAACCAGCAGCCACGCATAAATTGGCGCGAGAGTCGGCCTGCGAATGGCCACAACGACTATGGCTCTCAGAACGAGCCAGAAGAGATAAGCCCAAAACAGAATGCCAAGTATCCCGGCAAAGACCCATGCGGCGATAATATGCGAGTGAGTGGGGATGACTCCTTGGGACTCTCTCTCCTGCTCGACGAAGCCCTGCTGCCCGCTTTCGTGATGCCATTCGGCCATCAATTCGGCATACTTCAAGTCACTCGCCCAGGAACCATGACCCAGAAGCGGGCTGTCAATTGCAGCTTGTAGACCTATGAAGAACTCAGGCCTCCCGCCGAGAATAAGGTTGCCAACGCTCGCCTCTGATTCATTCTTCAACTGCGCTTCTTCGCTCACGAGCCCGGATTGTGATGCAAACTTCACTAGCTGATTGGCTGACCACCCTCCCGCCAGGGCGAACGTAGCGACAATGGCTACACGCAACAGGTTGTTCCGTCGAGGAAGTAGCCTGAGGCTCCCGATTCGCTCTGGAATAAACGGAACAACAAGTACGGTTGTTACGAGGAGTTCGAGAAAAGCGGATCGGTAGTTGTACAGAAGGTTGACGGCGTTGGTTCCGAAAAGCAGGAGCAGGGCAAAGATATGTTGGCGGCGCGCGATGAGGAAGCAGCTTATAAGCACGGTCAGCAAAATACATCCGGTTGCATAGCCCCACTTCCATCGGTCCCCTCGTTCGTCGAACGAAGCCACATATGGCGAAAGCCGGGCCATCACTATTGAGCCAATGGCATAGAAGGCAAGGAAGATGGTCTTTCGCCGGTCGCTGGTCAGGAGCATCGTAAGACAGGCAATCTCAGCCGCAAAGAAAGCAATGTTTGCCATTCCCCTCAAGCGGTTCGTCATCACAACCTCGCGGTAGGCATCGGTCAGGACCTGGCTGAGAAACCACAGTCCGAGCAGCACTAGGAGCCGTATCGTGTAGGGCTTTAGTAGACTCCTACCCCGAGCGAAGAGGAAAAACGGGAGACATGTGATCAGGATGAGTTCTGTAACAAAGAGATCGCCTACGATGTGAATTAGCACACTGCTCAGAAGGCCTAGAATGCAGATCATGCCTTCTGTGATGATCTGCATCACAGGTCGAGGTTGACGCGTTGGCGGCACGAATTTCCGGACAGTAGCCTTAATCATCCCGGATTCCCTCGAACATCAAGGAAGCTTCGATAGATCGTTGCCATACGGTCTCCGTATTGCTCCCAAGTATTTGCTCGTCGTGCTTGTTCGGCTGCTTCGATTCCCATTTTCTCGGCGAGAGATGGATCGCGATATAGACGCTGAATACAATCCGTCAGCGCTTCAACATCGCCGGATGGAAACACAAATCCGTTGACTCCTTCTGAAACCATATCCGCCGCGCCCGCATTGGATGACACGATCACTGGACAGCCGCTCGCCATCGCTTCAAGAGCGACCATCCCAAAACCGTCCTCGAACGAGGGTAAAACGAAGACCGAGGCGCTCTGATAGAGCTCCGGCAATTTGGAATTCGGAACTGGCCCTAAGAACCTGACGTTCTCTAGGCCGAATGAGTCAATAATCGCTTTTACGCCGGGTGAGATCCCTCCGGCCACTATCAGTTCGCTTTTGTCTAGATTCGCCTTTTTGAAGGCCTCGGCCAATACGTGCACCCCTTTACGTATCGTCACCTGTCCTACGAAGAGAACGCGAAACACGCCCTTTGGGGCGAATTGTCTCGATTGAAACCGAAGAAGATTTACCCCGGGCGGCAGAACTGAGAGCTTGCTCCGCGGAACTCCGCGTTTGATGAAGGAGTTCAGTGCAAAATTTGAAAGAACAATTATCCGATCGGCAGTTTCGTATTCCTTCAATTCTCTTTCAACACCACGGGGATGAAATCCTCGTCCGCGCAGACCGAACCTTGCGTGTTCCCTCTCCCCGATTTCAATCTGCTCCTGTATATGCGAGGAGCCTACCTCACAAATGTAAATCGCGCCCAACTTCTTCGCTTGGATGCCTGCTCGAAGGTTGTATCGAGACAAGCCATGAAAAATCTCGCATTCGCTCAACTTCGACGCCACCCACCGATCGTGGAGATCGTGGGACAGATTATGGTAAGCATCCATCACTCCATCAGTGGGCCACACCCACCCGGGCGCCGCCATCGCTGGCGCGACCAGCCACGGAAAGGAACAAATGCAGTGCGCGGGAATACCGGCTCTTCGAGCGAGAATCGATGGATACCCGGTGTAAATCTTCTCGAGAACGCCAACGCGCGCCAATTCCACTGCCAGCGAAAAGAAATGGAATCTGCCGATCGAGGAGAGGCAAACGCGGAAGTCCATCCCTTGACGCGCGGGCGCGTGTCCACTGCTGTTACGCGTCATGGTCTTTCTCAACAGCCGGCTATCACGTTCTATGGTAGTCATGTCTCTAGGCCATCCAGCAGAAAGGGCTAGTTAAACTCGCAGGAATTGTGCAACTTGGACTCCGATGACGGATTCGCTCAATCGCGTCTGCCAGAATTTCAAACTAGACATTCGATAGTGCTCAAGCGCATCCAGATCGCGTGCATACTTCTTCAGCAGCTGAGGGAGCTCCCTCCAGTTTTCAACCTGAATCGCCGGTGCCCCAGCGAGAAACGGCTCCGGTGGAAGAATATTAGTTATAACAAGGCATCCCGCGCGCCATCCCTCATAATGGCGGAAGGTCTCCGCCATTGTGCCGCGGGGAGCCAGACAAATCCGCGAGTTCATCATCTTGCTCGAGTAGGCGTGGAACTCAGGGCACTGCCCTTTTGTTTCTCCTCCCGCGATGTCTGCTGTTTCAATACGCCACTCTGTGTCTTTTCTGAGTCGAAGAAGAACGTCCCAGAGTTGTTTGCGAGCCTGAGTCTTGGAGTCTGTTGTCCAGTATCGATAACTCGTACGGGGAAGGGGAGTGGATAGCTGGCCCGTAAAGAAAGCA
NZ_CP121196.1_gap69	3585482	3589104	3622	ACTTCGCCTGCTCCCGCGCAGCAGGCGGAGGGCACTCCCTCAGCGCAGGCAATGCCCCTCTGTGCCGTTCTTGCGGATGCAGCCAAGTATGACGGCAAAGAGATCATGGTTCGCGGGTTATATCGAATGGTGATCCACGGTTCCATCCTCATGGACCGCGCCTGTTCGCAAACGAACGTGAATCTGCGCGAGTCTCCGGGGTATAAAGCCGACAAGAAGGCAGTAAGTGTGCTTCGATCAATAACGAAGAAAGACCAGTTTCAGCCGGTCGAGGTCGTTTTCCGGGGCATCTTCCGGGTTGCTCACAAGGAACAATGCTTCGGACAAATTTGCGCAGGCTACGAGATCGAAACCACCGAGCTTGTCTCTGCCCGTCCTGAATCGCCCGATAGTGGGGGCGCTACGAGCGTTCCTGCCACGGATACGCTGGCTCACGAGTCTGGCCATGTCGATCCGCCGAAGCAGCAGTGAGCCGCTGTTCTGGTCAACCGCAAGCCGTCCTTCGGGGCGGCTTGCTGCTTCTGTGGCTCCATCCGTCATCCTCGGCACAGCCAGCGGAAGAGCGCGGTGCTTTGCACCGGGAGTATGGGGACACGTCATCCCCAGATGGGTTGCTGTAGAGCGCTCTCCGTTTCCAAATGTCAACGCGCGCGGTTTCAGCGGCTTGCGATTTCGTGTTTACGCTCGTAAACGCCGGGGTCCGCGAATGTCATCGACGCGTTTACGTACGTGAACATGATGTGCTGCAGGCGGTTATGAAAAACCTGCCGCTTGCGACGCGCATCGAAGCCAGCAAGCACTGAAGTCTGTTCAAGGCGATTCTCCAATGGCTTCCTCTGACGGCAAACAGTCCTCCGTAGTACCTTCCGCGTCCTCAGGCGCGCCAGGAAGCGAGACTTCCCGCACCAAATCCATCGCCACGCGCTTGTCAGAAGGGGAGTTTGCGGAAGTGGAAAGAGCCGCGACGAACGCAGGTCAAAAGGTCTCCGAGTGGCTCCGTTATGCTGCGCTAGCCCAATCCCGATCGACCCCGACTGATCCGATTCTCCTAGCGGAGATAGTCGGCATTCGTGCATTGATGTTGAACTTATTTGCAAAAGCCTCCGAAGGGCCATTGAGTCAGGAAGACCTGCGCAAGATCTCCGAATACGCCGATGCCGTGAAGCAACGGAAGGCCGAGGAAGTCCTCGCCCGGACGCGCGGCAAGGGTCCCGGAACTCCGGAGTGATGACCGCGAGATGGCAGCGCTTCGCCCGGTCCTTTCCCCGATGGACGACGGCCATGTTGGCCGGCTTCATCACGCTCCAATGCCTCCTCTGGTGGGAGTGGTGGGCGCGGGAACTTTCTCCACTCGAGCGATACTATTTGCCTGCCTATTTCCGTTCGACTGACGGGGTCAAGCATGTCGGAGCGAAGAGTCGCATTGAGCCGATCTTCAAGACTGCACCCGGCAAGAAACGCGAGCTAATCCTAACGCCCGATGTGGTCGCCGGAGGAAATGGCAACCTGCCTCTTCAGCTTTCGCGATCGGCTCTGGAGCAAAGCTGGAAGGGGATCGAGAAAGGTACGCCGATAACAGACGAATCCGCCGCAGTGGAAGACTTTCTCCGCGAGGACTTCTATCGTGGCCGGGGATTCTGGGAGGTGGCAGCGGAGCCATTGCTCGACGGATGTGTTTTCCTGTTGGCTTCGCTTGCCGCTGCATTCCTCTTCATGCGGGAGGAATTGACCGCCGAATGGAAAGGTCTTTGCGAGGTCCGATCGAAGACGGAATTCGCCAGCGATCACCGCTGGTCTTCGTCGGCCAATCGTCCTGCGATAAATAGCCGGATCGGATTGCGCTGGAATCCCTGGAAGTGGATCGGAAGGCTGAGGCCGAGATCCTCTAATCCGACGCAAGATTCGAACCGTAATGTCGAAGCCAACCGACGTCCAATGAGCAGTCGTATCGGCATCGAACAGTCGTCGCTTCGCACCTTGCTTCCGCAGGATGATGCGGACATGTTACAGGAGATGGATTCGAGCCCGCATCGCACACCGAGAACATCTTCAATGAGCCCTCCGAAGAAGGTTCCCAAGCGGCGGACTATCTTCCCAGGGAGAGGCGGCCTTCGCGCATCGGATCAGAAGCCGAAACCGTGGGACGAATCGCAGTGGATTGACTGATGCAAGAGACGTGCTGAAGAAAGGCCACTCAGATCCACAAATGGGCGGTCGAGGCGTTTGCTTTCTTCAGTTCCCAACCAATGCCGACGAGCATCGATGCCGCAGCCGATTGACAATGAGAAAGCGCACTGTCTCTGTCCTTTCATATACTCGCGTGACTACATTCCGCCCGCCTCATCAAAGGGCCTCTTTCGGATGCAATGACTGTGTTGCGAAGTTACTTCCATTGGAAAACTCGAATGTGGCAAGAGCCTCTTGTGTTTTAGTCCGCGAGATGGAATCGTTTGGCAATTACAGTGGCAATAACTCCCCAAAACTGCTACTAATGCCCAAAGTTGCCTATAATGTACAAAGTATGCCTATAACTGCCCAAGGATTCCCATAAGTGCTTAAGCATGCCAATCACGAGGCGCAAATCACCAATATCCATGAGGTCATTAGCGCCGCTGCCGAGAGAAATAGTTACTAACTAGCGACCATCTGTTCAGATTTTGAGTTACTGTATTCTACAGGCAGGTGCGAGATGCTGCCGTGCTCGTCCTCGGAGCCGAGATCATGTTGACCATCTCCAGGGCCCTTTCCTCAGGGCAGGTTCAAACCTATCACTCTCGCGAGTTTGCGTCTGAGAAGCAGAACTACTGGAGCCGCGACAGACACGCACTCAGCGAATGGCGAGGCACTCTTTCGACGGAGTGGGAATTGCGCGGCTCCGTCAGAGCAGACCATTTCGCACGATTGAGTGAAGGTCTGCATCCGGAGAGCGGCGCGCAGCTTGTCAAGCACCAGCCAGCTAGAACCTACGAGAACGAATACGGCAAGGAGATCACCAGTGCTGAACATCGTGCTGGATGGGATGCGACATTCTCCGCGCCGAAATCGGTCTCACTCACCGCACTTGTGGGCGGCGATAACCGAGTGCGAGAGGCACATCGGGAAAGTGTTCGCGCTGCGCTTCAGGAACTCCAACGATACACACAGGCACGCATCGGCAATATTCATGTGCCGGAAACAACAGGAAAATTCGTCGCGGCCACGTTTGAGCATGATACCGCACGGCCCGTGGATGGCTATGCTGCACCGCAACTTCACACGCATGCGATGATTTTCAACGTTACAGAGCGAGAGAACGGCCAGACGCGTGCACTTCAAGAACGCAGTCTCTTTCAGTCGCAGCGATATGTGACCAGCGTCTACCGTTCCGAACTTGCCTTGCGGCTCCAGAAGCTTGGCTATGAGATCGAGAGGGGTGAACACGGTCAGCCGGAGATTAGGGGATACACGCAGGAGTACCTGGACGCATCGAGTCCACGGCGAGAGCAAATTAAAGGACACCTGCAGGAGATCGGAAGAGAGGGTGCGGGCGCCGCTCAGGTCGCCGCACATCGGACGCGGGACAAGAAGGAAATTCAGTCGCAGGATGAAGTTTTACGCCGGCATCGCGAATTGTGCGCACAAT
NZ_CP121196.1_gap70	3593902	3594822	920	ATCCTTTACTCTGGTCTGTCGATCAGCCGAACCTCTACTCGGCCAAGGTGACTGTGGAGGCGGGGGGTAAAGTTCGCGATGCTGACCGTGTAAGTTTTGGCATACGTACCGCGAAGTTTACGTCTGACAAGGGATTCTTCCTGAATGGAAAATCAATCAAGATTCAGGGTACCTGTAATCACCAGGACCACGCGGGAGTAGGTGCCGCGGTGCCAGACAGTCTGCAGCGATTCCGGCTGGCGGTTCTGCGCGAGATGGGTGGCAACGCTGTTCGAACCTCGCACAACATGCCTACACCTGAATGGGTGGAAGCCTGCGACCGCATGGGTATGATGATGATGTGCGAGACGCGCCAGATGAGTTCCAATCCTGAGGGTATGGCGCAACTCGAAACCATGATTAAGCGCTATCGCAATTCTCCATCGATCATCATGTGGTCGGTGGGAAATGAGGAGAATCAGTTGCAGGGGCCCATGGCAGAACAGGGCGCTCGCATCGCGGCCGACATGGTGCGGCTGTGCCACGAACTTGATCCGACGCGCGTGGTATCGGCTGCAGTGAATGGAAATAACGAACAGGGTGTTTCAGATGCATTAGACGTCATCGGATTCAACTACAATTTGAAGCTTCCGGAAAAATATCATCCAGAACATCCCAACCGGCCGATTTACGGATCGGAGACTTCTAGCGCCATCGGTACGCGCGGCGTGTATTCCACTGATCCTCTGCGTAATACCTTGAATTCCTACGACGGCGTGGTTCCATGGGGCGAGACTGCAGAAGAGTGGTGGAAGTACTACGGCTCGCGGGATTGGGAAGCGGGTGGCTTTGCGTGGACGGGTTTCGATTATCGCGGTGAGCCAACGCCCTACGGATGGCCGTCGATCAACTCGCAGTTTGGCATCGTCGACATGTGCGGA
NZ_CP121196.1_gap71	3792220	3794942	2722	AAGCATTGCTCGCGCGGCTGTGCTGCGGGAATTCTGGCCTGCAGGGCCGCAATACTGTCTTGATTGATTGGCTTGTCGTCCGGGGAAGAAGCGTACGCAGGGATTGAAAGCGCTGCGATAGCGAGGAGGATGGTCGACCAACCTTGAGACCGCATAAGGAACCTCCGCTGAAGCGGAATTAAAACAAACCCAAAGTTCCCGCGCTGTGCCGTAATGCACACTTGCCGCTATTCTGATGAAAATACAGCTCGGAAGCCTTGTTCCTTACTAATTCAAAACCGTACCAGCCATTCCCAAGACAGCGAATCGACTTGCGATTAAGCGAACTATAGGAGCATCTTCGGCAAATGCGCAAGTTAAAAGACCGTGTGAAAAGTAACTTTAATTCGAAGCCATCAAAGAAATGTCACAGTATTGTCTTTTCGTTGCGCTCCGGCTACTTCTTTTCGAGCACTTGCAGCCTCTGACGTGCCTGCCACTCTTGATCCGGAAACTTGCCGGCCGATGCATCCAGAAAGTGGTGATAATACGTGATGGCTGCCGTCCGGTCTTTCAATGAGTCGTAGGATGTGGCCCATAGAAAGTAGGTTGCTGGCACCTCCGGCATATATTTTGAACGCACCGTCAGAGCGTGTACGGCGAGCTCAGGCTGGTGAAGCTTAGAAGCAGCAAAGGCGATTCCGCTCCATGCGTCGGCATTCGCCGAGTCGAGTTTGGTGGCCTTATCGAACGCCGCCAACGCCTCGCTGAAGCGCTGTTGACGAATCAGGTTCTGTCCATGGGCCACCAGCAGATCGATGTCGTCTGGAGACTTCGCCAGCAGCGGCAAGAACAGCCTGTCAGAAGCGGCAGCATCGCCCGCCTGGGCAAGCACGCCGGCAAGCATCCGCGTAATGGCGGCATCGGTGGGGTGGTCAGCGTGCAGTTTTTGGAGAAGAGGTAACGCCTCAGCGTTGTCTTGCGCAGCGAGTACCGTGGCGAGTTGTGCGTTGAGGGCAGGATTGTCTGGTTCCTGCTGAAGAGCGATACGGATCAGTTTTTCAGCCTCAGGAAACTTTTTGCCTCCAATCAGAACGTGTGCCAGCCCGGAATTGGCGGCCACCGATTTGGGATCATCGGCGAGTACGCGGCGGTAGGCGGCTTCGGCTGCGTCATGATCGCCGGAGGCCTCGGCCAGATCGGCAGCAAGCAGGGAATCGTCCGTGGTTTCGGGAGTGAGTTTGAGCGCTTCCAGCAATTCCTTTGAAGCTTCAGCGGCGTTGCCTTCACCGTCCGGTCCCGGCTTATCGAGACGGGCAAGTGCACGCCACGCTCGAGCCTTCAACTGCGGACCAGCGTCGCCCGGGTCAAGGGTGGTGGCAGCGGCCAGCTCCATGTGAGCTTCGTCTCGTTTACCTTGGCGGGCAAGCAGTAGACCGAGCGCAAGATGCCCTTCGAAAGATTTGGGATTAGCCGCGGTGGCGCGGCGGTAGAAATCGGATGCGGTATCGAGCTGATTCTGATGGTCCGCGACGTAGCCGGCGTCGAACAAGGCGCGCTCATCAGTGGGGTGGGTTACGAGGTAGGTGTCGAGCTTGGTGGACGCGGTCTTCCAGTCGGACTTGACAATAGCGGCTTCGGCGTCAGCGACTTCGGCCGGAAGGGCAGTTGGCTGTGCAGAGTCCGGTCCCACCCCGGAAGGTTCCTGAGGAAAAGATTGGATAGAGACCGCAGAAGGGCAAAGCAGGACGAAAACGAGGGCAAAGCGACGCACGAGATACCTCAATCCAAGTTTACCGGCTGGCTGGGAATTAGACGCTCGCGGCGTGGCGACGCATTCCTCGGGCGTCTCGCATGGCGCAGAGTGCGCTTCGCAACGAAAAGAGAGACTGAATTGCATTTCATTACTAGACTGCCATCAGCAGTTCGAGCATCCAGCTGCTTTTGGGAACCGCATTGATGAGCGTCGAGCGATTTCAATTTGGCGAGTTTGAGTTTGATACCGGAACCCGCGCTCTGACCCACAAGGGGCGGTTGGTAAAACTGCAGGCCCAGCCGGCGATCCTTCTCTCCGTCCTTCTGGCGCGAGACAACCAGGTCGTGTCGCGCGAAGTGCTCAAGCAGGCCATCTGGGGCGATGACACCTACGTCGATTTTGAGAAGGGGTTGAATTTTTGCATAGCCCAGATCCGATCGGCCTTGCGGGATAATGCCGCGCGCCCCCTGTATATACGGACGCTTCCCAAACAGGGATATCAATTCATTGCGCCTGTTCAAAATGCTTCAGTTTCATCGGCCGCATTGCCGGGAGTAAATCCGGCAAAGACTTCAACAATGCGCTGGATTCCGCTTGCGGGAGCCGCGATTGGACTAGCCGTCCTCGCTCTCGGAGTGGTCATGTATCTCTCCGTGGCGAGCGCGAGCAATTCTCCAAATCTTGCGATCATGCGATTCGACGCCGACTCGAACTCTCCGCAAACGCAGAGACTGGCCAGCAACCTGACGGATGATGTAGTGGTCCAACTTGCATCGCGGAGTGGGGGCCACTACCGGGTGATCGGAAATGCGGGCATTCTCCGCGCTCCTCGCGAGCAGCGCGATCTCGCAGCCGTTGCTTCGACTCTCCGCTGCAAGTACGCGGTGCTCGGCCAGGTGAAGGCTGACGGCAATAAGATTTTGATCCTCGCCCACCTGATTCGTCTTTCCGATCTCACGCACATTGAAGTCGTCCGTATCGAGCGAA
NZ_CP121196.1_gap72	3796938	3798775	1837	CAGGCGCTCCGCTCCATCAAGGCAGCCTCTTCAAAGGCCACCGTGGGGAGCGCGTATGGCATGTGCCCGGCATATCCCAAGACCGATTCCGAGGCTGACAAAGCAGCGGCCGCCCGCTATCACGCCATGAACAATGTTTTTTTTCTCGAAGCCGCAATGAAAGGAAGCTATCCGAAGGCGTTCGTGGGGGAGCCTCCATTTGACCGCATGGGGGTCAGGCCCGGAGACGAGAAGATCATGCATGCTCCGCTCGACTGGGTCGGTTTCCACTACTACACTCGGCGCATCGTCTCCGACGCGAGCCACGCGCAGACGTTCAGCGGCGGAGGTTTCAGCGGCACCGAGATTGAGGCCGATCCCGCAACAGGACGCGATCCGTACACGCGCTTCCGGGCTGAAATGCCTACTGAGGGTCCACTCACTGAATCAGGACTGGAGGTGTGGCCTCGCGGCATGTATGACCTTGTAACTCAGATCTCGCGCGAGTACGACCATCCCATCATTGAAATTACGGAGAGCGGCTGCGGCTACCTCGACGCGCCCTACGAGAAGGAAAATGGCCGAGTGCCCGATGCGCGCCGCATCGAGTGGTTCCGTCAGGAGCTTGCTGAGCTTTCGCGCGCAATTGCCGACGGAGCCCGCGTTCGCTCGTTCCATGCCTGGAGCCTGATCGACAACTTCGAGTGGGGAAACGGCCATACCGAACGCTACGGCCTTATCTACGTCGACTATCGCGATCAGAAGCGCACGATCAAGGATTCCGGGCTTTGGTACGGTCGCGTGGCGGCGACCAATCGCCTTGTTTGAGTGCGGTTGAAGTCGAGTGAAGGATTCGCAATCCCATGCATCCGCCCCGAAGGAGCGTTGCATCGAAATTGCCTGGAGCGTGAATACCTATGGCGAATGAATCAAGTTCGAATATTCCTGAGCGTCCACAGCCAACCAACCTGGACGAGCGTATCAAGGGCGTTCCCAGCGAAAAGGAAAGAATGGAGCGCGAAGCAAACAAGCTAGCCCATAAGGCTGCCGAACGGGAACACGAGGTCGACGACCAGCAACAGCCGTTTACCAAGTAGAGTACCCACTCAACGCCGCCGCGGGCTCATAGGTTACCCCGCGGCGCAATTTTCTGGATCGCATCACATTCTGCTCGACAAAATATTGTCCTCTAAGCTGGCCTTTTGGTTGGATTTGCCGTCCCGGATAGCACCTTCGGGGGAACTGGAAAACACAAAGGTCGCATGTCCTTAAGTAACTCGTGCGATGGGAGTAGTAACCCAGAAAATTCCACTTTCGTGAGCTTGGAATCACCAATGGGCGAAGCATCTTCGACCCATTCTGAGGCATCCTTTCTAACAGCAACAACAATGCAAGGTGCTGTTCGACCAAGCAAATTTTTGAACACCAGGTGACAATATGCTTCCCTCCGCTTCAAGACGATCTGGCGATGTGGCGTCGTACCTGATGCTCCAACACTTTCCGCTGAGTAGCGCGTATTTGTGCCAGGATTGCAACTCGATTGGGAACAACGCGAATCAATGCCCCGCATGCGCGTCTGAAGTTCTAATGAACCTTTCGACCATCCTGAACCGGGATGAAAACATGATTTCTTCGGAGTATTCCTCCTTGCCAACTCTCGCAGCGGCCTCTGCCCGAGCGGGATCGGCTTTAGCTGCCTAGGATTCTGCTGCGGTAAACGCAGGTGCTTCTCTTGTGTGTGCGCGCCCTGCCCGGGATCGAATGCAAGCCGGGATGCTGAAATTGGGGTTCAGCCGGTGGCGCGCTTCAACTTTCTTCTTTTCAGGCAGGAAAATATCGGGGCCATCAAAATGGTCTG
NZ_CP121196.1_gap73	3815083	3819261	4178	CCAGCAGTTGAATGTCCAAAGTTGGCGGGAATTTGCGATTTCTCCGCGATCGTTCGTGACCATAGTCATGAGCCGAGAGGGAATTCATCGGGATTCGTCTTTATACACTTGGTTTGTCAGATATACAGGATAGAGATGGTCTGGAAGGTTGACGCGTGGTCCCGTTCAGCCGAAAATCTGAAAACAAACTGATTTAAACGCAGAGGGGCAAAAATGGTTAGGCGGCGAAAACTGCGCATGGGAATGGTCGGAGGAGGGCCGGGCGCGTTCATCGGCCCAGTGCATCGCATGGCCGCCGAACTGGATGGAAAGATCGAACTCGTTGCAGGCGCATTTTCGCAATCGGCGGAACGTTCGCAATTGGCCGGCGAGGCCTACAAGATCCAGCCCGATAGGGCATATGCGGACTACAAGTCGATGCTGGAGGCGGAGCGAAAGCGACCGGACCCCATCGACTTCGTCGCTATCGTTACTCCAAACCATCTCCACTTGCCGGTTGCGATCGCATCGCTTGCAGCTGGGTTTCCGGTGATGAGCGACAAGCCAGCCACTGCCACCTACGGAGAAGCAGAGGAACTGCAGAAGGCTGTCGCCAAGAGCGGGTTGCCTTATGGGCTGACCCACACGTACGCCGGCTATGCGCTAGTGCGCGAGGCGCGTGCCATCTGTTCCAGCGGCGAACTGGGAAGAATTCGCAAGATTGCTGTCGAGTATCTGCAGGGATGGCTGACAAACCCGATTGAGGCAACAGGGCAGAAGCAGGCGTCGTGGCGATCAGATCCTGCACAGAGCGGGCTAGGCGGGTGCATCGGCGACATTGGCGTGCATGCGTTTCATCTTGCTGAGTATGTGACAGGACTGAAAGTTGTTGCAGTGAACGCTTCGCTGCTCTCAGTGGTAAAGGGACGCAAACTCGATGATGACTGCACGGCTCTGCTACGCATGGACAACGATGCGCAAGCCGTACTGATGACTTCTCAGATCGCAGTGGGGGAGGGAAACGGATTGAGACTGCGCGTGTACGGCGAAAAGGGATCGCTCGACTGGCGGCAGGAAGATCCGAACCGGCTGCACGTGAAGTGGCTGGATTCTCCTGAGGAGATTCGTCATGCGGCAGGCAACTATTTGAGCAATGATGCGCGCGCGGTAACGAGATTGCCGGGCGGTCATCCAGAAGGATATCTTGAAGCGTTCGCCGTGCTGTATGGTGAGTTCGCCGATGCGCTGCTTGCGTGGCAACAGAACGGCAAAGGTGAGTTACCGAAGACGCTGCCGGGGATTGAAGCCGGCGTGCGTGGAATGAGATTTATCGACCGTGCAATCGACAGCAGCAAGCGCGAGAGCTGGGTTGAGTTTTGAAGTATGAAGATCGATTGGGGAGCAAGCGATGAAGACCATAAAAGGTCCTGGAATTTTTCTGGCACAGTTTGCTGATAATCAAGCGCCCTTTAATTCTCTGGATGGAATGGCGCACTGGGCAGCCCAGCTTGGCTTTGCCGGAGTCCAGATTCCATCATGGGATCGGCGCCTGTTTGATTTAAAGCTCGCAGCAGAGAGTCGCGACTATTGCGAGGAAGTGCTTGGAATTCTGGACGCCGCCGGGCTCAAACTCACGGAGCTTTCGACACATCTGCAGGGCCAACTGATCGCGAGTAATCCTGCCTACGATCCCATGCTTGATGGATTTGCGCCGGCTGAATTGAAGGGCAGGCCGAAGGAACAGCAAACTTGGGCAGTGCAGCAATTGGAGTGGGCCGCGATGGCAAGCAGCAGGCTGGGCTTGACCGCGCATGCCACATTCTCAGGGGCCCTGGCGTGGCCGTATTTCTATCCTTGGCCGCAGCGGCCGGCCGGTCTGATCGATGCGGCCTTTGAGGAACTAGGCCGCCGCTGGGCTCCTATCCTCAACGTGTTTGACGAGGCTGGCGTGGATGTCTGTTACGAGCTTCATCCAGGTGAGGATTTACATGATGGCGTGACATTCGAGCGTTTCCTGAAAGTTGTGGATGATCACAAGCGCGCGAATATTTTGTACGACCCAAGCCACATGATCCTGCAGCAGTTGGACTATCTGGAGTTCCTCGATATTTATCACGAGAGAGTGCGCGCTTTTCACGTGAAGGATGCGGAATTCAGGCCGAACGGACGCTCGGGGGTTTACGGGGGCTATCAAGATTGGATTGATCGCGCCGGGCGCTTCCGCTCGCTCGGAGACGGGCAGATCGACTTCAAGGCAATCTTCAGCAAGATGGCCCAGTATGACTATCCCGGCTGGGCAGTGCTGGAGTGGGAGTGCTGCATTAAGCATCCGAAGGCTGGAGCGGCGGAAGGCGCGGCTTTGATCAAGCAGTGGATTATTCGCGTCACCGACAAAGCGTTCGATGATTTCGCCGGATCCGAGCCTGACGACGACAAAAATAACAAGATTCTAGGGTTGATCTAGCTGAAGCTCGAAGCTTATCCGAAAAGTCACCACCATCCGATTCAGAGCTAAATGCCTTAATTGCAGGCCTTACTGGGCTATGGCTAGAATGTCCGATAACGGATATTCTGTATAGTGTAAGTAAATAATAGAGAACATGCCTCATATCATTGCAAGAATGTCGGTTATTTATTTTCCGAAAAGTGCGCTTCCCTACATCTTGTAGCGGCCCAAGTCTTCGTCGTTCAAGCCTTCAAGCCAGCCTCGGAGTTCTTCGGCGGTAGGACCTTCGGGTGGGCCGTTCATGTTCAGCTTGGCTGACTGCATGACTTGTTCCGATACGAAGATCGGACAGTCTGCACGCAGCGCGAGCGCGATCGCATCAGACGGGCGCGCGTCCAGGGTTATCAATTCGCCCTCTTGACGAATCCACAGCATTGCGAAGAAGGTGTCGTCTCTAAGCTCTGTAATGACTATCTTTTCCAGCTCTCCGTTCATGTGACGCATTAGATTCCGGGTCAAATCGTGCGTCATTGGCCGGGGGGCGGCTACCTTTTCAATCTCTATGGCTATAGCGTTGGCCTCAAAGATCCCGACCCATATAGGCATAACGGTATCGGAGCCAACGTCCTTGAGAACAACGATTGGCATATTGGTAGCTGGATCCATCATCAAACCGCGGATGCGCACTTCGATGTCCATAGGCTCCCTTCGCTACTTGCTTAGACGGCCTCACCTACGAGGCTGTTGGGAAAAGTATTGGTGATTTTCACATTCACATAGGAACCCGGAGCGGGAGCGATGGGCGTGGAAGTCGTGAAGTTTACTGGTTTGTTTTGCGTGCTTCGGCCGGAAATCTGACCTCGGGCTGGATTTAATCCCTCGACCATTACTTCCATTTGCTCCCCTAAATGCTTGGCGTAGTTGGCCCTCTGAATCTCGCGTTGTCGGTCGAGAACTAGCTGAAGCCGTCTGACCTTCTCTGCATCGGGCAAGGAATCGATCATAGTAAGTGCCGGAGTATTGGGACGGCCAGAGTATTTGAAACCGAACACGCAATCGTACTGGACCTCCTGTAGCAAGTCCATAGTCTGGATGAAATCGTCAGGCGTTTCTCCTGGAAATCCAACGATGATGTCCGTCGAAAGCGAAATGTTTCGCTTTGCCGCCCTGATCCAGCTGATGCGTTCGAGGTACCAGTCGGCCGTATATTCTCGCGCCATCATCTTGAGCACTCGGGACGACCCAGACTGAATGGGCAGATGCACGTGATCGCAGAGCGTTGGATAAGCGTCGATCGCTTCTACGATGTCCCGCGTAAAGTCGCGGGGATGACTGGTGGTGAAACGTACGCGACGGATGCCGGGAACCTGGCCAACGGCAGCGAGCAATTCGGCGAAGCTCAACTTCCCTTCCGGATCCTTGTAGCTGTTTACGTTCTGACCGAGAAGTTGAATCTCGCTATAACTCTGGTCGGCGATACGCCGCGCCTCGGCGAGCACAGATACTGATCCTCGGCTCCGCTCTTTGCCGCGCGTGTAAGGAACAACGCAGTAGGCGCAGAACTTGTCGCATCCTTCAATGATCGTGATGTATCCACGATAGGGATTCTGACGCGAAGTGAATTCCGTCTCGAAGGTCTCTTCGGTCTGGCGGTCGTCAAGGCCCGTGATCCGATTCTCGCCGGCTTCCAGGCGGCTCAGCATCTCAGGCAATTTGCGATAGGAAGCCGAACCGGATACTAAAGACACATACG
NZ_CP121196.1_gap74	3829887	3832577	2690	AAACGGGAAGCCTGTTCGCGATGAGGGCGCTCGGTGACCGCTGGCATCAAGCGGCTGATAGAGTCGAGCAGGTCGATGGGCGGATACCATCCCTCCGCTGCAAGTTTTCGCGATAGAACTATGTGACCATCCAGAAGCGAACGTACTGCATCCACAAGTGGATCCTGTTGATCATCTCCTTCCATCAACACCGTGTAGAAGGCGGTGATAGAACCGTTGCGAAAGTTACCGGCTCTTTCCACGAGCTTGGCGAGACGACTGAAGACCGACGGAGTATACCCTTTTGCAGTCGGTGGTTCCCCCGCAGCCAAACCAATCTCACGCGCGGCCATGGCAAAGCGCGTAAGCGAATCGAGCACCAGAAGCACAGCCTTCCCTTGCCTCGCAAAGAATTCAGCGATGGTGGTGGCGGTCATGGCGGCGCGCATGCGCATCAGCGGCGACTCGTCAGAAGTGGAAACCACGACAATGGAACGCGCGAGTCCCTCTCCGTCCAGTGAGTTTTCAACAAATTCGCGCACCTCTCGGCCACGTTCACCTATCAGCCCAACGACTGTAATATCCGCTTCAGTGTTGCGGGTCATGATTCCTATCAAAGTGCTTTTGCCTACTCCGGACCCTCCGAAGATGCCGATGCGCTGCCCCTGGCCTACGGTGAGCAAGCCGTCTACTGCCTTGATTCCAGTTCCCAGGGGTCTATCAATCGAAACTCGATCGAGAGGCGCATGCAGTGATCCCTCCAAAGGAAGTCTCTCGGTAGGTCCAGCAATCCTTCCTCGCTCCCACGGAACACCGGTACTATCGAGAATTCTGCCGATCATGCCGGATCCAACGTGAACATCGGGACGCGTGCCGAGGGCGGTCACTGCATCGCCGTATCGCACTCCGGTGGTCGATTTGAGCGGCATTGTAATAATGTGTGACCCACGAAATCCGATAACTTCGGCGAGATGTTTGTTGCCGGAAACTTCTTCGATTTCGCAGCATTCTCCCACGGAAGCAAGAGGCCCTGCGGATTCAATGGTATTTCCGATAGACTCGACCACCTTCCCACGCCATCGCCAGGTCTGCGCAGACTTTGCGCGGGTTACGTAGTGATCGAGTGCTCCGCTCACGCCCGCTCCTTGTCGTCCTTGAGTGCGGAAAGGTCTTGGATCTGTGGCGTCTTTACGCTCGAACCGTGAAACAGAATACGTTCCGCCTCATGGATTTGACACGCCAGCCCCAAGTTCACTGAACCCATCTCACTCTCGATGACACACTCCCCGACTTGCAAATGATCGTCGGCGGCCACGGACGGAATGATTTTCAAATTTGGCAAGTGAGCAAGGGTATCGGTCCATAGTTCTATATCGCACACGGGGATGCGGAGTTTAACCTGCGCGGTCTCAGCCAGTTGACCAAGTGCCACTCGAACAGCTCCAATCAAGAACAACGGATCGATCTGTGCCTCGCGGCGCAGAATGCGCGCTGCAATGGCTAAGGCAAGTTTGACGACCTCGTGCTCGACCGTCTGCAGGAATTGATCGCGCTCCGTAGCAAATTGGCCGGCAAGATTAATCGCTTGCTTCGCTCGTTTGCACTCCTCTTCTTGTAAGAGGGCCAGTTGTGCATCCATGGCAATGGCGCGAGCTTCGACTACCCCTTGTTCGCGCCCTGATTGGAATGCTTTTTCAATCTCTTCTGAAAATGTGGCGCCGGATAACTCATGGTCGCCCAGGTGAGGGTCTACAAACTCGTTGCAGGCTCTGTCTGTTTTAGTGTCATGCGACGCAGCGCCAATCTCCGTCAACACTTCCCAGAGCACAGGCAGAGAATTGGAGTTGGACCGATACTCAAAGGCTTCAAGGCTGGATGAGATTGTTTTTCTCACTGAAAATCCGATCTAGTCACTGTCACGCAAGCATTTCGTCGCCTGTTTCAAGTTTCAGAATTACCTTGCCCTCCGCTTCAAGGCGCCTGGCAAGATTCAGAATTTCTTGTTGTGCCTGCGCCACATCGCGTGAACGGACGGGTCCGAGAACCTCCATATCCTCTTTCAGCATCTCAACGGCGCGAGAACTCATTGATTTGAAGATGGCGGCGCGCAACTCTTCGTTGGCACCGCGCAAGGCCATGGCAAGTTGCTTCTTGTCGACTCCCGAGACGATCTCCCGAATGGTAGCGGGCGGAACCGTTACGAGATCTTCGAACGTAAACATGAGGTTGCGAATGCCCAAAGCGAGTTCCGGCTGCCCATCTTCAATGACTTCAAGAATGCGCTTGGACTCTTCAGCATTCAGCCGGTTCATCAGATCAGCTACTGCCTTGAATCCGGAATAGCTTTTGCGTCCGGTATCGCCGACGGTCTCGAGACGCCGGTGAAGGATATGCGCTACCTTCTGCGCCATCTCCGGCGAGAATTGGCGCATCTCTGCGAGGCGCTGAATGGAGACTACCTTGTGCTCCTCGCTTAGACTGCTCAACACCAGCGATGCCCGCTTTGGATCGAGGTGCGCGAGCACCAGCGCGATCGTCTGGGGATGTTCCGCATCAAGTAGTTTGCCCAGTTGTTGAGGATCAGTACGCTGCAACTTTGCGAGGTTTCCCTGTTCCGCTTCCTGAGCTCTGCGCAGTTGCATCATCAAATCGTCCGCCCGCTGTTTGCCAAATGTTTCAGCCAGCAAGCGGCTGGCGTAATCTAGCCCGCC
NZ_CP121196.1_gap75	3838892	3843390	4498	GCCGGGAGATGCCATCCAGCTGCTTTGTAACCAGATCCAATTGCTGTGCGTACAGATCGTCCCGGTGACCAAGAGACTCTGCGGTGCGAGCCATCACGAGGAGTAGATCTCTTATCTCTCCTGCTTTCTGTTCATAGTGCAAAGCGGTCTTCTTCCCCCAGTTTTGCAGCACCTCCCGGAGAGTATTCTTAGCCGATGCGACCGTCTGCAAATTGGGAATAACCCCGAGTCCTTCATCGACCCGCGTCAGTCCCGCCTTCAATTCCGCAGCGAGGCCCGGGCAAGCACTCGTGCCACAGTCGGTCATCTCAAGCAAGCTGGCCCGATATGCCCACAGGAGAGACAAGAAGACATCTGTAGAGCATTCTTTCGGTGCAACATCGCTCCGGGTCGTATCGGACTCAAGGTATCGCTTCAACGAGATCATCGATAAAAGTCCTTTAGGAAGAGATCGGGCTTCGTGAGGCCATCACATTGCCTCTACCGGCAGATTCTGGGCTCCGCTTCAATCTCGGTTCCCCGGATACCGAATAAATCGGAATTTGTGCGAGATATTAATCATGCGGACACCCGGGAAGTAAAAAGGCTAAAAACTTAGCTTGCAATTCGCTTTTTCTTCGCTATAATCCGCGCATGGCTGTAACCCGAAGACAAAAAGAGATCATCGACTTTCTGGAGTCGTTCGTATCCCGCAACGGATATTCCCCTTCTTTTGAAGAGATTGCACGGGGAATGAACCTGAAAAGCCTGGCCACGGTTCATAAACACATATCTAACCTCGAAAAGAAGGGGCTGCTGGACCGAGTTCACAACCGGAGTCGTTCGATCGACGTTTTGCCCCCCGGCGCACGCAATCGTACGAGCGATCGCCTTCCGTTAGCCGGGCGAATTGCCGCTGGACTCCCGGTGGAGACCTCGGAAAACCCAGAGACCATTTCGCTTCACGATGTGGTCGGCAACCGGGATGTATTTGCTCTTGAGGTGCGTGGCGACTCGATGCGCGATGAACACATCATTAATGGCGACTATGTGCTCGTCGAGCGCACGCGTACCGCCCGCCAGGGGGAGATTGTAGTAGCCCTCGTGCATGGTTCCGAAACCACTTTGAAGCGTTTTTATGCGGAGGGCCAAGTAGTACGACTACAGCCAGCCAATGTGGACATGGACCCCATCTACGTTCCTGCAGCGCAGGTGGCGATCCAAGGCCGGGTTCTTGGAGTGCTTCGTAAATACCGCTAGCCCTGTACAGCGCAGGCTGGAAAGCAAGAAAGCCCGGCAAATTGCCGGGCTTTGTGCTTCCAGAATTGGGACTATGCCAGCAAACGCTGTATTTTTTCTTCAATCACATCCTGCGGCGCATATCCCACAACTTGATCGGCCACCTTGCCGCCCTTGAAGAACAGCAGCGCCGGAATACCACGAATACCGTAACGCGAAGGGGTGGCAGCATTGCGGTCAACGTCCACTTTTGCCACCTTCAACTTGCCCGCGTAAGTCTGCGCAACTCCATCAACAATCGGCGCGATCGCACGGCACGGGCCGCACCAAACTGCCCAAAAGTCTACGAGGACCGGCTGCTCGCTTTTGAGCACTTCTTGTTCGAATGTTGCATCGCTTACTTCCAAAACTCCCAAACCTGCCATGATTCTCCCTTTTGTAAGGCTTCCCATCCAGACTACCGGAAACCGCGCCTCTATACGATGCCTCAAGGGACTATTCGGTCGCAACGTGCCTCTGAGGCGTCAACTTAGGAGCTTAATCCCTTCTCAAAACCTTTGATGTGACCAAGCTAGGACAATCGGTTTATTACACGGCAAAAATAGAAGCGCCCGGATCCTTTACAGGATCACGGGCGCTAGAGCAGCCCTCCCCCAGAACTGCCCACGGAGCGAATTTATGTGGTCTGTAGAGCAATATCAAGGAAACTTAGGTAATCGCTTAGGTAATCTAAAACTGGTGATTTACCTCACCGTTATCATCAGAACGCAAAGATAACTGCTCAGTGAACAGCATCAGAGGACGAAACTCGGACAGAGCTCATGACTCTTTGCGAAAGGATTTCTCTGCACCGATCTCCTCGAAGGCACTTGTAATCAACCGAGGATGAGGCAGCCTATCGAGAGACGTCTGAATCGCTGTGGAGACCGACTGGAGGTCTGCTTTTTTGTCTACGATGACTAGAACCGCGGGGCCGGCACCGCTCAAGCCGACGCCTAGTATGCCGGCCGTTCCGGCCAATGGAAATAATCTCGGCAGCATCGGGCACATCTTCAGACGATAAGGCTGATGGATGCGGTCCTTCATTGCGACACGCAGCAGGTCGCCACGGCTTTGTGCAAAGGCCAATCCAAGCAAGGAAACCGCCTGGATGTTGGCGACGACATCATCGCTCGAGTAGGAATTGGGAAGAACCGCACGGGCTTTGCTGGTGGCGAGAGAATCAGGCGGCAGCACCACAATCGCGCGCCAAGACGCGGGCGGAACCACACGAGCCACATAGACTTTTCGCTCTTCGCTTGCTGCCGCCACAAATCCGCCCAACCAGCATGCGGCGGCATTGTCGGGGTGACCCTCCAGCGCACAAGCTTCTTCGAGAATGCGCTCGGACTTCCAATCGAGTCCACCAAAGTGGACGGCCATGGCAATTGCAGCAAGCCGCCCTGCAGCCGAGGAACCGCAGCCCATTCCCAGAGGGATGCTATTCCTCATTCGCACCGCAAGTGGCGTCAGGGGTTTGCGATTCTCCCGGAGGATTCTCTGATAAATGCCAAGGATGAGGTTGTCCTCAACGCGGGCGCACAGATCTGCGTCCTCGCCAGTAGCAGAGATTGAAAATGTCTCGGCCGGTGCTGCTTCGATCTCCAGAAAAAAGTTGAGTGCAACGGCCGCGGCATCGAAACCTGAACCAAGATTCGCCGATGTAGCCGGCAGCCGCATTCTGAAGATGCTTGTGCTTCCGCTCATCCGGCCAATCCCTTAAGTGTCGCCAGAACGGCTGCGGGAGTGGCGTCGACTGCGACGGCGTTGCGTTGCAAAGCGACAATCTCCTGTTGATGCCCTGCAACCTCGCCTTCACTCAACAGCGTTCCACGGTGGAAGTTGATGGTGTAGTCAGCATCCTTGAGCGTATGCCCGGTCAGCAGAAGAACCACGGTGTCGGACGCCGCGACCTTGCCGTTGGCGCGCAGCTTCTTTAGGCCGGCCAGCGTTACCGCAGAGGCAGGTTCGCAGCCCAGACCCTCAGTACCTAATTCGGCCTTGGAAATAGCAATCTCGGCTTCGGTTACATCGAGACACCAGCCGCCTGTGTCTTTAACGACACGCGCGGCTTTGCGCCACGAAGCGGGGTTTCCAATGCGGATTGCCGTTGCTCGCGTATGGGCCTCGACGGGCTCCATCTGTTCGCCGTTGTTTGCCGCAAAACTTCGCGCCAGTGGATTGGCGCCTTCGGCCTGGATAACAGAGATACGCGGGACGCGAGCGACTAGCCCGAGTTCCTGCAGTTCGCGAAAGCCTTTTCCCAACGCGGAGCTGTTGGCGAGATTTCCGCCAGGAACAATCAGGTGATCTGGAACTGTCCAATCGAATGCTTCGGCGATTTCGAATGCAGGAGTTTTCTGTCCCTCGAGCCTGTAGGGGTTTACGGAGTTGAGCAAATAGATTGGCGCTTCTTTCACGATCTGCGTCAAGACGCGCACGCAACCATCGAAGTCGGCTTTGAGCTGGCAGGTGATGGCGCCATAATCCATCGCCTGAGAGAGCTTTCCCCACGCAATCTTGCCTTCAGGAATCAACACCAGGCTGCGAAGACCTGCGCGGGCCGCATACGCTGCCATAGCAGCCGATGTGTTGCCTGTCGAGGCGCACGCCACCCATTCAAATCCGCGCTCGCGAGCCACGCTCAGCGCTGCGGTCATGCCCGTGTCTTTGAAGGAACCGGTTGGATTCATTCCCTGATGCTTCGCGAATAACTGGTCGATTCCCAGAGCCTTGGCAGCTCGCTTCAACTTGTACAGAGGCGTGTTGCCTTCGTGCAGGCTTACGGCATTGCCGAAATTGTCGAGAATCGGCAGTAGCTCGCGGAATCGCCATACGCCGCTCTGATCCAATGATTCGCTGGAGCAGCGTCGTTCACGCCATAGCCACTTGAGCGCGCCGGGATTTGGCCGGTTTTGACCCTGCCGCTGGCCCCAGCCCGCATATTCGACTTCAAAAAGATCGCCGCATTGCACGCATCTGAAGTCCGGTTGAGCATCAGTTCCGGCGATGCGCGCACCGCATCCGAAACACCGTAACGTGTGAAGATTGTCGTTCATCGTTGGTGTTAGCCTAACAGGACACAGGAAGGTTTTGCTCACTCGCAGGATAGGGACAGAAGATGCTGAGACGCACCGTTTTGGGATTGGCGATGATCGCAGCCCTAGCTTCGGCTGCCGCGCAATCGCCCCTTCGAGTCGCGGCAGCCGCGGACCTGGAACCTGTGCTACCACATATCCTC
NZ_CP121196.1_gap76	3862393	3863154	761	TGCGTTCTTGTGTGTGAAATATAAGGCTCCAATTCGATCAAGAGCGAGCGCTTGAGATCGCAGGTCATTTGCAGCCACCGCAATCTTGACGTTCTCTTCAAGCCCGGCAAGCCTGACTTTCAGTTCTGGTGTCGCTCCGGCCCATGCGAGGTCGGTGACAGCAGGTCGCGGAAGGTCCTGTGCATGAGTCGAGAAGAGGAGCGAGAGAAGGGCGGCAACCATGGATACTGCCGACCGAGAGGCTTGGACGGAGAAGAGCATAACCGGCCTCCAGCACTCGAATTGTCATCCGCATCGATATGCGGACAGGAAAATAGGTGAGAGTTGTTGAACTGTACCCCGGAATTCGTGTGACCGCAATCGAATTCGTGGCGGGAACCGTGGGATCCGATCTTTTTTTCAAAGCAAAACAAGAACGCCGCCGAAGATTCGGCGGCGTTCTCACCCAGGAGGATTACTGCTCTGATTAATTCTGATCTTCGCGACGGTGGAGGGTTGGGCGATCGTCACCGCTGTTGTCGCCGGATGCCTGTCCATTTTTGTCGTCGCCGGTGGTGCTCGCACGGCGCAGGGAGGGCTTGTTCTTGTCTTTGCTGTCAGTTAGGCGGCGTTTGTTTTCAATGCGTGCCAGCCTCGCCTTAACGTCGTCGAATTCGGAAGTCGTGACCGTGTACTCATCGCGTGCGGGAAGGATTTTTGCGATCTCCTCTTGCGAGTGGAGGATACGATCCGGAGTCTGAGGGTGGTCAGAGAATGCCTTC
NZ_CP121196.1_gap77	3864221	3866648	2427	CAGTGCCGCAGCCATTGCGAATGCCAATGTTGCCACCAGGCCTGCCTTTGAACCGTTGAATACTGCTGCCATGACCTTCACCTCTGAACTGACCTTTGACCCCGGGCCGACTGCTTGACTTTCCACTCGATGCAACTGCCTGCACGCGTGCCGCTTCGCTTCAGTTATTAGACGTTAGTATGCGCCGAGAGGGCAGCGTAAATTGCAACAATTTCGACGAGGTGAATACGGTCCGGGAATTCCTATTCAACCCTGGCGGTCGTCCTCCCCGCTTTTTGGACGAATCAACCTCGAAAACCTACTTTCCTTTGGCGAGCCGAGCCTACTGAATTAAATTGAAGAGCACGAAGAAATTGTGGAGGAAATGTGCGTCGGGCTCTGTTAGTGACGATCGCCTTGTTGATGGTGGCCTCAGTGCAAAGTCTTGCCCTGCAGGCGCATCCACGACCGCCATTCCATGGATTTGGAAGGCCACCGCAGGCTGCGCCACCACCTCAAGCAGGCCAGGAACCGGCAATTATCGACGCGAGCAGCCTGGGATCGCCCCTGATATTGAATAAAGGCTGGCGGGTGGGGATCAGTTCCGACGCCAAAGCGGCCAATCCGGAATTTGACGATTCCGGCTGGGCGATTCGGGACGGCAAAGGCACGATCGCCGATGTGGCGGAGCCGGGGGAGGACTCAGACCGCCCGGATCATGAAGACAAATACGCGTGGTTCAGGCTGCACCTGAAGCTGGCGCCGAATCATGGTCCTGTCGCGCTGCTGATCGAATTGCCGGTGTCCCAGAGCACCCCATTAAATAACAGCAGCAGCGGTCCAGGCGCCGATGTGTACGCTAATGGCAAGCTGATCCTTCCTGAAGGTCCGCACCCGGATGAGACGTTTAACTATCAGCAGATCTCGCGACTTTACAAACTTAATATTTCAACTTCCGAAACATCCCTCACACTGGCGATCCGCACCCTGTATGTCCCTTTCGGGCTTAAGGGATATACCAATTTCTTCTACAACCGGACCCTAAGACTGGGTAATCCTGAGGACCTGGACCGAGAACTGCAGTTGTGGTCGGTCAAGACGCTGTTTGAGCGGCTGCCCCGGCTGGTGATTGCGATCCTGCTACTTTTCCTCTCGGTTTTTCTGGTAACTCTTTATTTCACGCAGAGGGGTCACCCGGAGTATCTGTGGCTGGCCCTGCATGAGCTGGTGCAGGTTCCGATCGGCATAATCGATCAGGCCGGGAGTTCCGCGCGCCTCGATAACCTCTTGTACGGCGCGCTTTATCTCCAACTCGTTTTCGTCTCCGCCTATCTCTACTTCGAGTTTCTGGTATCGTTTCTGGGCCTTAAGCGGCGGTGGTACATCAAGGGGCTGCGCTATACGGCGCCGATTCTCCTCTTGATTGCGCCGGCGATTCTGATGGTTGGACACAATAAGGCAATCGGCATCATGCTGGCGATTGTGCTGGTCTGCGCCATTTTCTGGGTAATTGCCTGGGCGATTTTTGTTTTCCTGACCTTGATCATCGCCACAATCAAACGGAATTTCGAAGCGGGGCTGTTGCTGATTCCGCTGGTGCTGACACTCGTGGGCATTATCGAGCCGTTCCTGACCGGCGGCATGGGAGACTTTGGCGGGGTAACCTACAAATCGCCGCTTACTATTCAGGCGGGACCGATCCCGATTCACTTTGCCGCAATCGCGGACTTTACCGGTCTGCTGGCGATTATCGTCATCATCTTTGTGCGGTTCCTGCGCATTCACCACGAGCAGGAGCGTGCCAGCGGCGAACTGGCGGCGGCGCGCAGCGTGCAGGAGTTGATGATTCCCCGCGAGAAAGTGGAAACGCCGGGCTATGAAGTGGATTCGGTCTACAACCCCGCCAACGAAGTGGGTGGTGACTTCTTCCACGTAGAGCCTACTGCGGATGGCGGACTGCTGATCATCCTGGGCGACGTGGCTGGCAAAGGTCTGCAGGCGGCGATGAACGTCTCGATGTTGATGGGCGCGCTGCGACGCACTTCAGAAAGAAGTCCGGCAAGAATTCTCGAGTCTCTGAACAGGGTGTTGATCGGAAGCGACAGCTTCACTACATGCCAGGTGGCGTGGTTCGGATCGGATGGCGAGGTCGTCGTGGCAAATGCCGGACACTTGCCTCCTTATCTGAACACGCAGGAAGTTCGCCTGCCGGGTGGATTGCCTTTGGGTGTGGTTGCCGATGTGACCTATGACGAGGTCCGGCTTTATCTGCATCCGGGTGACCGGCTGCTGATGATGTCGGACGGTGTTGTTGAGGCGCGACAGAGTTCTGGCGAGTTGTTTGGATTCGATCGCGTTCACAATCTCAGCAACCAGTCAGCGTTTTATATTGCCGACGCGGCGAAGGCGTTTGGACAGGAAGACGACATTACGGTTCTGACGATTCGG
NZ_CP121196.1_gap78	3879309	3882736	3427	TCATCGCGCGGATCAGGATCCCGGCTGGATCATTCAACCCCCTCTTTGCGGATGGGTCGGTATGGGTGAGTTCGAATGCCGGCAATGCGCTGGTTCGAGTCGATCCAACAACCAACAAGGTGTTGAGTTCCACTGCGGTCGGTCTGATGCCACGCTTCCTGACCTACGGCGCGAGATCGATCTGGGTGCTGAACCAAGGCGATGGCACGGTTTCGCGTGTGGATTCCAAAACTGGCAAGCTGATCGCGACAATCGGCGTCGGGATTCCGGGGCACGGCGGTGAGATTGCCTTTGGTGGTGGATCGGTCTGGGCTACCGAGACCGAGTTTCCCCTTAGCCGCATTGATGCGAAGACGAACACCGTGGTGGCGCAGTGGCACGGTGCGGGTGGCGACAGTGTGCGTTACGCTTTCGGTTCAGTCTGGCTTACAGATTTGCGCGGCGAGAAAGTCTGGCGAATCAGCGTCCAATAAATCTGAAGCCTACCAAAAATACCCAGGCGATTGTAACGATAAGAACGGTCTTTTTGGCGCGGCGGAAATCCGGGTCGTCTGTTTGGATATTGAGGAATCGAAAACACCAGAGAATTATCCAGATGGGAATTGCAAATTCCAGAAAGATGAGGCCGAGTTCTCCCATGAATGTCATGAACGGTACAAAAAGGATGACCAGAAATGCCGGCGCGCAAAGCGCAGCAATCTTCAAGTAGCTTGCATCGCTGCAGGCGCGGTTAATGCGGGCCATCCTGACTGCGGCTACCTCTGCAATCGCAGGGTCTATGGATGCGGAGCAAAAGCGGCATTGCGTTGAGGCCGTGTCGATTGTCTGCTTGCAACTCGGGCATTCGAAGATCTTTGGCTTATCGACGTCCGAGGTAATGCTTAGGCTATTTCCCATAGGTCGATCGCTCCTGCTCCGGCGCCACTGAGTGTGTTCCACATCTGATTAATGGCGAGAATCATACAAGCTGGAATCGCAGCATGGAATGGGATCCCCGGCCCGTGTTGGGAACTAGCGGGGTTTGCCCCTTGTTCTGCACAGGGCGCTAGCAGTCGCAACACGGTAATCTGTAGGCAATTGTGCAATCCGCAGACCTCCAATCCGCGGCGGCGCCCCCGTCTCCCCCTGCCTCGGAAGAGTCCCTCGTCGACAGTACCGCAGAGGCTCCGGCCTCAGGCAAAGCCGGTGCCAAATCGCTGGAGCCGACGCCCTTTATGCGGCAGTGGTCTGCAGCCAAGCGCGAAAACCCCGATGCATTGCTGTTCTTTCGCATGGGCGACTTTTATGAGCTCTTCTATGACGACGCGATAATTGCCAGCCGCGAGTTGCAACTTACGTTGACCGCGCGCGACCGGGAGCGGCAGTTGCCCATGTGCGGGGTACCGTACCACTCGGTCGAAGGATACCTGGCGCGGCTTTTGCGCAAAGGCTATCGAATCGCCATCTGCGATCAGATGGAAGATCCGAAGCTCACCAAGAAGATTGTGAAGCGTGAAGTGACGCGCGTGCTCTCTCCAGGCACCGCGATGGATGCGGCGCTTGGCCAGGAACGCAACAACTTTCTGGCTGCGTATTTTGAAAGCGGTCCGGAGAAGCAGGCTGTCTGCGCAGTGGCGCTTCTTGATGTTTCAACCGGGGAATTTCGCACGGCGGAGTTTCAGGGTGCGAAGGCTCGACAACAGGCGTTGGAGGAGTTGCTGCTTGCCGGCCCGAGCGAAGTTCTGCTGGCAACGAGTGCGGAGATCCCGGGGGCACTTGAAAAGATTCCAGCCAAAACGCGTGTCGAGGATTGGGTGTGGACGCGGGATTTCGCACTTCAGATAGTCGAGCGGCAACTCAAGGTGAAGTCGCTCGAGGGATTCGGGCTGCTGGGTCACGAGCCGGCGGCGATCGCTGCAGGCGCACTGCTGCATTACGTTCGCACCACGCAGAAAAACGAAGCGCTGCACATTGATTCGCTGAAGTTTCAGGAGCACTCGACTGCGCTGGAGCTCGACCAGGTGACGGTGCGGAATCTTGAACTCGTCGAGCCACTGTTTGCCGGGCAGGACGACCGTGCGACGCTTTTCCACACGCTGAATTGCTGCCTGACACCGATGGGAAAGCGGATGCTGCGTGCGACCATCCTGCGGCCGCTCATTGATGCTGACGTGTTGGACGCACGGTACGAAGCAGTTTCAGAGGCGCACGGCGATCTGCTCAAGCGCGAAGAAGTCCGTCGCGCGTTTGAAGGCATCCTTGATCTGGAGCGTCTACTGGCGCGGCTCAGTCTGGACTCCGCTGGCCCCCGCGACGTCTGCGGGCTGGCGGCTAGCCTGGCGCGTTTGCCGGATTTGAAGATTGCTATGGAGGCGATGCAAGCTCCGCTGTGGCGCGAACTCATTACGCGGCTCGACACGCTCGAAGACGTAACGACGCGCATTGTGACCACGCTGGTTGCCGAGCCGCCGCTGACGATGGCGGATGGCGGCGCGATTCAAACGGGCGTGGATGCCGAGCTTGATGAGTTGCGGACGATTTCATCGTCAGGCCGGCAGTCGATTGCCGCGATCGAGGAACGGGAGCGGGCACGCACAGGCATCGGTTCTCTGAAGGTGCGCTACAACTCGGTCTTTGGTTATTACATTGAGATCACAAAGTCGAACCTGGCGATGGCTCCGGCGGACTACGAGCGCAAACAGACGCTGGTCAATGCGGAACGATTCACGACGCCGGAGTTGAAAGAGTACGAAGTCAAGATTCTTACCGCGCACGATCGTTGCATCGAGATCGAGAAGCGGATCTTTGTGGCTTTGCGGACGAAGGTGCTGGAAGCCGCGGGCAGGATTCGGCGAACGTCGACGGCTGTTGCGGAGGCCGATCTGCTGACGAACTTTGCGCATCTCGCGGCACTGCGGCGGTATGTGCGACCCGTACTGAAGGACGAGCAACTGCTGGAGGCAGTGGCGGCGCGGCATCCGGTAATTGAGCAGTGGATGGAGGAGACGCGCGAAGGCCGGTTTATCGCCAACGATCTATACATCAATTCGGGTGAATTCGGACCGAGCCTGCTGCTGATCACTGGGCCGAACATGGGTGGCAAAAGTACTTATCTGCGGCAGGCCGCGATGCTGGTGCTGATGGCGCAGATGGGGAGCTTTGTTCCGGCGCAGAGTCTGCGGCTGGGATTGGTGGATCGCATCTACACGCGTATCGGGGCAAGCGATAACGTTGCGCGGGGTCGCTCCACATTTATGGTGGAGATGACGGAAACGGCGACGATCCTGAACACGGCGACGAAACGATCGTTAATCTTGCTCGACGAGATGGGACGCGGTACGGCGACGTTTGACGGGCTGTCGCTTGCATGGGCCACGGTCGAATATCTCCATGCGGAGACGGGTGCACGCACGTTGTTTGCCACGCACTATCACGAGTTGACAATGCT
NZ_CP121196.1_gap79	3920872	3924358	3486	CCAGCCGGAACGTCTGATTCGGCTCCCCGCTCGTCAGCAGGCGCGAGTTCTGCGCAAGCTCATCGATCTCCTTTCGAGACGAATCAGAGCCGTGCCGGATCACTTCGGGTGATTTCCGTTCGCGGTGTCACGGATGTTGATGGACCAAATCAAGCCGGAGAGCCATGCGACTCCCGAGCCAATCTGTGTTCGCCCGCACTTACGGTCTCCGCTACGGTTGGCCATAGATTTCGGGGGCGGCTTTGGCCCAGCCGGCGTCAACGTAGCTCTCCTTTGCGTTGACGACGAAGAGATTGGTCTGGACAGATTCGATGCAGGCTGCGGCGAGTTCGCCGGCGTGCTTCATGTTGCCTTCGCCCTGTGCAGCAAAGAAGGCCTTGCCGTCTGCCATTCCTTTATCGGCTTCGCCGAGCGTGCGCATAGGATTGATGATGACCCAAAGGCCGCCGTTGTTTTCGCCCCATTTGCTTTCGAACATAGCCCAGTGAGCGTCTGGGAATTTGCTGAAGCCATCCACGTACATTTTCACCAGTTCGTTCCATTCCGCATCGTGGCCAGCCTTGACGTGGAATGAGGTGAACTCCCAGTAACGCTGGTGGGGGACATCGACGGCTGCGTGCAAGCTCATCTCGGGGTGGTAGACAAACGCCTGGCTGTCGTAGCGGGTGAGCAGTTCACCGTCGGCGAGATTAGCGGCGTCGAGGGCTGCGGCATACTTAGCGTTGGCGTTCTGCGCTTCCTGGTCCTTGCCGTAGGCCTCGAAGGAGTCGTAGGCAAATATGAAAAGAGCGCGCGTCGGACCGGAGAGAGAGTCCATGGCAATGTAGTGGGTGGGCCATTTTGCATCGTTCGATGCCTTAATGAAGTTGGCTTCGGATTTGACGTGGATGGCGCCGGACTTACCAGGCTTGAGGTACTCGCGTTGGATGACCAGGACATTGGGTGGCGCTCCTGGGCCAGAATCCTGGGCCGTGGCGAAGGCGGCGGATACGACGAAGAGACTCGACAGCGCAAGGGAAAGGATGTTGCGGTCTTTCATGTGGCAAGCCCTCCTGAGCTAATGAGCGCGCTAACGACAGCAGTACCGGCCTGGCGGACGAGCAGCACAGAGTGAGGCGGATGCAGGTGCGCGGTTACGGGTTGGAGAGTGTGAACGATCCGGGTTATCGAACCCGACATGCATTCTGCGGGAAGTGAGCCCAGCGTCGCACAAGAGCCCACAGGGCGATGAAAAACTAGCGACTGAGGTCGGTGCTCCTTGAGACGTGGCGACATGGTCGGCGCGGGAGAGGTCAGTTGTCAACCTAAATAGGCGTGCGCTGGTTGATGTAGCACCCAAACCTCAGAGAGTTGGCGAGACCTGTTGTTGCATATCCAATCCAAGAAGTTCACTTCTGGCTTGAGTCGTTTACTTCGACCCAATCCACGCATTGAGCCGGGCTCAAAAGGTTTTTTGTTTAGTTCCAACTGGATCGTGGCCAATCCAGACATGACCCAATTTTAGGATTACTTTCGGGTTGGCGGTAACACGCGCAGCACTTGGAATTGCGTCAAAAACGGCGACAAAATCGGATGCCTTCCCGCACCAGCCTACCGGGATGATTTGTTGCCGGGTCGATCCAGCCGTCGAAACAAAGGAGCGCCCCAAGTTCCTATCGCTAGCAGAGCCCCGAAAAGCACAACGGCGTCAATGCTCTCTCTACCTTGACTCGACCAATAGGCTGCGGCATCCAAGTTCAACCAGAGTGCAAATTCGTCCAGCGTCAATGCTGCGCCAATCCCAAAACTCAGCGCCAGCAAGCGGCTCATCAAAATGGCGACTGTAGTTTCCCCGATTCCCATCTCCGCTTGGTCCGCATAGCCGGAAATAAGCAAGAGAAGAATGCCCCACACCAGGTGGTGGATGTGCTTCCCACCCATCTCAACGTAGCCGAATGGTCCAATGTGGTGCGTGATCGACGCCACCAATAGCCGTACCGCAAGAAAAGTGATAAAAAAGCTCACCGAAACGAGAAAGAGCCGGCGATGCGGCTGGTCCGGAATCTTCTGGTGGATTAGCAGACCGAGCTTGGTTAGGTGCAATAGGAGAAGGATCGCCGCAGCGAACAGGGTGAGAAATATCAGAAGAATATACGATCCTGGAATATGCATAGCGAATGTGGCTCAATTGCACCTTTCGGCGCTTTCGTCGGCGCGGGAGACTGTGGTTATCGTCGATTTAGGCGATTGGCCAAACCTATACCAAGCATGTCGGCAGATGCTGGCGCCACCATAGAAGTGCCCTGAAATTCAAACCATACATTGAATCTCGTGCAATCTCAAGGAGCCGTCATCGTGAGAATGCAGAAACTTGCGTTCTGGCTAAATATTGTGAAGTAAACTCCAGCCGCTTCTACTTGTTCTTTCCTGCCAACGCTCAGTCTCCTTAAGCCAGAGAAGCAACGACTAGAACGCAACGAAATGATGAGAAATATGGCCCCGCGTGCTGTCCACAGATCATCAGTTCCCTACTTGAACCTGAACACGATGCCATTCACCGGGATGTTAATCTCGCAAAGCGGATCGCTAAGGCCGACATGTACCTTCGATCGCCTCGGCTTTTTGAAATACACAAAACCCTCGGCAAAATCGCCCCGGCGAAGCGTGCTCTGGCTCAAATACAACTCCTCGGGCGTGACAATCGTTCCCGCTTGTGGCGCACTCCGAAGTAAGCCGGTCGTCTCATCCTGTCTGCCTGCGACCTCATTCGGATCCGGTTTTCTCAGGCGTCCCAGCTTCGCAGCCTTGCTGCTGCCGCCAGTGCTTTGCGCCGCACCGGAACCGGTGGGCCGCCTCGGGTTATCCAACTCATCGCCTCCGTTGGTTTGTTGAGCACGGTTCGCCTCGCGGATACGTTGATTGATCTCCGCCGCCTTGTCATAAAACGCGAACCGCGTGTGCGCTTGATCGGAATAGAGCGCGGAGAAATCTTTCGGCCTTACCTCTGCTTTGCCGGGTCCAACCTGTCTCACCTGGACGAAGATCCGGTAGTCTCCCTCGGCCGTGGCCACTGGTTTCCCGACTGCGACGCTCGTGCCTTCATGGACCAGTTCGCGCATGGGTTTGCCCTCGATGATCGTTGCCTTGCAATGCTCCGCATCAGCCGGATCGCAATTGATCACGTTTCCAGGAGCCTTTGCGGCCGCCGACATGCTCACCAGAAAAAGGAGACACGCTGTCTTCAACTCAGTTGACCTCGCGCAGTCCAACGGACCTCAGAATACTCCCTGCAATGGGAGGTAAGACAGACCTGTTCAGGGAAATCACGCTCCGGCTTCGCGCCAAGCACCGTTTTGCTTCTGTGCTGGCGCTTCGTAAGTGAATCAAGTCAGTAGCGATGATTGCAAGGGGAGTGCCGCTCGACAGTCAGCGCGTAACTATTACTTTTTGTGCATTGCCACCTCACCTTTCTAGGGCCACACTCTTCTAAACAGAATCCCTTTAATT
NZ_CP121196.1_gap80	3928404	3929989	1585	CCTCCCTCGACCTTCGGATCGGTCGCCAGCTTGGCCGCACCCAGGTGATTGAAGCCCTTCACGAGCTTGGCGCCGGCGAACGACTTCGCTGCGAACGCTGACGACGGGAGACCGTCCAGCTCCTCAAGTGGGAGGGGAAATGAATTCATCGCGTCGATGATCGTCTTGCCCTCCCAACTCGGCAGCGCCTTCGCAATATTCCGATGCTCGCCGAACGGGACCGCCAGAAAGATGATGTCGGCCTTGAGCGCTTCCTCCAGCGATTTGGCAACAACCTTCGGCCCAATCGCACGAGCCTGGAGTTCCAGCTCCGCAGGCGAGCGGCGGCTTGCGACCGTCACGTCCATGTCCTTACGCGCAAATGCGTGGGCCAGCGCCTGGCCGATCTTGCCGAATCCTACAATGGCATAGTTCATAGTGTGTCTCCGATCTTGTGTGAGAACCAAAAGTTTGAGAAGCGTCGTCCCGCGACTGGCCGTCCTCGAAAGCCCGCCGCAGGACTCGCGATTAGACCTGCGCCATGCCGCCAGAGACGGCGAGCTCGACGCCGGTAATGTAAGAACTTTCATCAGAGGCGAAGAATGCAACTGCTGCCGCGATTTCTTCGGGCTTGCCTCTGCGGCCGAGCGGAACCTGTGAAGCGAATCCTGCTATCGCTTGTTCGAGCATTTCAGGGGGGATGCCAGCTTTCTCAAGTGCCTGAGTTTCGATTGGTCCGGGGCTTACCGCATTCACACGGATTTTGCGGTCTTTCAGTTCCACGGCCCAGGCACGCAAGAAACTGCGCACAGCCGCCTTAGCCGCGGCATAGACAGCAAAGGTCGGCAATCCCATTACGTTTGCGACCGAAGTATTCAGGATGATCGAGCCTCCATCTTTGAAGAGGGGAATGGCCTTCTGCACGGTGAAGAATGTTCCCTTCGCATTTAAATCGAAGGTTTTGTCGAAATGAGCTTCGGTAACCGCCCCAAGTGGTGCGACTTCACCCCAGCCGGCATTTGCGAAGAGTGCGTCGATGTGCCCGTGTTTCTCTTTCACGATGGCATAGAGCCGGTCCAAATCCTCCAGGCGCGTTATGTCGCCAGTGACCGTCGTGACGTTTCTCCCAATGATGGCTGCGGCCTCTTTCAGCTCTTTCTCGCGTCGACCGGTGATTACAACGTGCGCGCCTTCTTCAACGAAGCGCTTGGCTGTGGCTAACCCAATCCCGCTGTTTCCGCCTGTGATGACTGCAACTTTTCCGCCAAGCTTTCCCATACTTGCTCCTTTTCGTAATCGCATAACATCCGATACATGGGAGTAGATTCCTCATGAGACGGACGGGAACTGCCCAGGAGTCCAAAGATTTTGTCTATTCGTCCAAACAAGGAGGCCGCAATTGGACCCGATAACAGATGTCTTTCGCACGCTACACGTAACCGCTTTCGGTCAGCACAGGCTCGAAGCCACCGCCCCATGGGGACTCAAAGGTGGAGGAGCGGAGAACGAAGAGAAGGCACCAAATACCGGCAAGAATCGGCCACCGACAGAATTGGCGCACTTCGCCATGCTCTCGCGTGGCAATTGTTGGCTCAACGTTGAGGGC
NZ_CP121196.1_gap81	3933259	3934556	1297	GGTTTCGATGAAACGTGGAGTATTCGGCAATCCTTCTGAACAGACGTTTTTTACCTTGGTGCAAGACTTGTCGGACCAACATCCCGAACTCGACCGTAAACTCATAGAAAATATTGCGGCAGTTTCGCTGGCTTTTGGCGCAAACCTAGATAAAAAGGACATATACCCCCCAGTGCTCGGCAAAGATGGAATCGCTTTTGTGATAGGCCGCTCTTGGGCACAGAGCCAGTAGGCTGCTGCAATTAAACACAGAAAGGCGGCTGCCCTGTCACGGCAGTTCCAAGTCTTACGGATTGGCATTGGGCAGTAGAACGCACCGCCCTCAAATGCGGACGCACCACCCGCTACACCCGAGCCGGTTGGAGAGACCGACGCCGACGCCCGCAACGTAAGAGTGATCGATTTCGAGCGCGAATTAGCCACGCTGGACACCGCGCACCAATACGCCCTGGTGCTCACCTATCGCGACAGAGTAGGACACGCCGCCACCGCCGCCACCCTCGGCTGCAGCATCAGGACACTCCAATACATGCTCTCCGCCGCCCGCCGCAGACTAGCCGACGCCCTTAACCGCCGCGACCTGCTGTGATGCTGCGCACATTCTGCGCTGCAAAGTCATGGCACCATCTTTCAATCATGTGGGCCAAATCAGCAAGTGTTATGTTCGTGGCTCGCGTGGTGTTTCCGGGCGAGAACAAGTGTGAACAGCCGACCATTCGCCCTTATACAGACGTTAGCCGGCTTCTCCATTACCGCCTAGAGGTGATAGAGGCTGCGTTGCTCAAGCTGATCGAGCTCCAGAGCACCGCGGCCACTACACCAGAGATTTGAAGGTACGCAGCGATGAGGGCAATCACAACCGTTTTTCTTACTCACACGCTCTCCGCAATTCTCGATCACATCGAGGAAACCCCCGGCCTCGATCCTGATCTTCCCGGCCTGCTGGAATTCAAAGAAACCCTGACCCAGCGCATTCTGCAACTACGCAACGAAGATTTGCCGGGGTTCTCCGACCCGCATACACGAGCCGCATGAGTATCCAGCCCGATCGCTCCCTGCTTGACGCTTTGCGCGACGCACTCCGCAAAGCTGAAGCCGATTCCGACTCCGAGACCACGGCTCTCGCCGAGCTCAAACGCATTCTTCGCCAGCGCATTGCTCAGCTCGAATCCGCCGAGCATATGTTGGAATTCAAGTGGTGCCCGCGCCCCCAGAGAGCCACTGATACAACCCACCTGGATAAAAAGCCATAGATAAAAAGAAGGCGCAGCGCAGAGGGACAACACCGCCAGGTCAG
NZ_CP121196.1_gap82	3943944	3945376	1432	AAGTTGCAATCTCATGATGCAGATCGGAATAAGTTGGATCGGCCTCTTTGATGGCGTCCCACGTGCGGTTGGCTACCACTGTCGATGGCACCGTCGCTTTCAAATGGAGCTTTTCCCCATCGAGATCTACCTGCTCTACGTTTGCACCGAGGTCAGAGAATCCCTCAATGGTCGAGATTACTCCGGCATACTTCTGCTTTAGCTGATCCAAATCCGCCATGACATTCCTCCTAGTTTCACTACTTCTCGACGCCGATCACCGGGTCAAACAGACTCAGTGCCGGTCGTGATCCTCCATGAGATGCGACATTGCTTGTTGATATCCGCGGCGGAAGGCAGCGCGGTAAACCTTTCTTGTTTCAGGAGGAACATCGGGGTGCCGATATTCGTCGCGATTGTTCACATCGGGGCGACGATGATTCCCTACGTCCTTCCTTGCGCCTTCAATCCCATCGTGAAAGCCGCGGCGCTGAATGTCGTTGAACTCTCCCGGCGGCGCTTCCCAATTACCATGATCCCGATCATGATCCTGAACGTACGCTGGAGATGAAGGCCCTGCTGACAGCGCGGAGGCCTTGCTGATGATGAAGCAGCTTGCTCCCAAAAGAAGGGCGAGCGCCGGAATAGCGGTTAGCTTTGGTTTCATTGTCAATTTCTCCATTCTCTTTGCGTCAGGTGCTTACTTGGCCGGCTGATTGGCGATGACCAGTTTACTGATCTTTGTGTAGGTGGCAGCCGGGACGATGTTCTTGCTTTTCAACTGCGTTTTGTTGGCGTAAGGGCGCCCATCAATAATCTTTTGGGCGTACACATCCCCGACGCCGGGTAGGGCTTTGAGTTGATCTTTGGTTGCGGTATTCAAATCGACGAGGCTGGTCGATGCCGCTGGGGCGCTGGATTTCGCGGCATGCTTTGTGCTTGAGGCCGATTGCATTGCCACAGCCGGCAAGATGCTGAAAAGGGTAGAGGCCATCAGTACCGCAAGAACGGATGAGAGACGTTTCACGTGCATGTGTATCTCCTTTGTGATTTTAGAGTTCTCGATTTGTGAATCAACAAACGCAGAACCTGACTTGCGCCAAACCCCGTTTCGTCGAGCAGCGTCAGCGAACGTTGTTCATACCCCATTTATTCCTTGTTGCCAAACATGCTGGTTGCTGCACTAAGCAGACCTCCCAGTCCACCTGATTCGGCAGCGGCCGGCTGACCGTCCGCCGTGCTCGCTCCGGAACCGAGCACCGAGCCCAGCATGCCCTGAAATTCGGATGGCACCCTGGACATGATGTGTTGAACAACTACTTGTTCGACTTCCTGGGATTTGTCTGGGCTCAAGCCCGCCTTCTGCTGCAACAACACTGCTATTTCACCCATGATGTTTTCTCCAGTTTGTTGTGAATTGTCGGTTAAAGTTCGCCGGGATCAGTTCATGTTC
NZ_CP121196.1_gap83	3961826	3965534	3708	ACGCCGAAATTGAGGAATCATGGGAGCCGTTGTTGCGGCCTTGCTCCTGCGGTGGGCGATTCCGTAAAGGTGCATCGCCGCGCTGCCCTTTCTGTAATGAGCCTCTTTCTGCCAAACATGCAGCAGGCCACATTCAGGCACAGGCACAAGGCGCGGGAAAGGGATGGCGCTGGCAGCAGAACTGGAGCGGCGTCTACTGCATGGCCATCGACAATCCGCAAAATCCAGGAACCCCTCTGCAGATTGTGGATCCCGTGATCGCACCGGAACTTGTCAAGACCAAGAGGCGCTGGTCGCTCCTGTTTAATTTTGGCCGATGAAGATTGGAATAGTCAGCGATACGCACGGGCTGCTGCGTCCTGAAGTAATTCCGGCGCTAACAGGAGTTGAGCACATCCTTCACCTGGGCGATGTCGGCGACCCTCAGATTTTGAAATCACTTGAAACGGTGGCGCCCTTAACCGCGATCCGCGGCAATATAGATCGCAGCGGGCCTTGCAGCCTTCTACCCGCGACCGAAGTTGTGCTGCTCGAAGGTAAGTACATCTATATGCTTCACGATGTGCACACCCTGCACCTGGACCCCGCAGCTGCCAAATTCGCGGCGGTGCTTTATGGCCACTCGCATCAGCCGGGCTTTAGGCGGCACAAGGGCGTGCTTTACTTCAATCCGGGATCTTGTGGACCGCGCCGCTTCGAACTCCCTGTCACGATAGGAATGATGACAATCGAGAAAGATACCGATCCCGTCGCCGAGATCGTGCACCTTGATTGTGCTTAGCGGAGGTCCCGCTCGGTTCGTTGATCGCCCTTGGTCTTGAACCGTGAAACACCAACATAAAACGTATTCGCATCGGTGCCCGGGTTGTGTTGGCTGATGTTTGCGTTGGACAAGTGTTGATAGCGATAGCCAATCGTGATTGCCTGGTTTTTATGGTGGAAGATGTTTACTCCAGTTCCGTAATCAATCGTGTACATGAATTGCGAACCCTGCGGGCTGAGTACGCGATCGCTGAAGTAGATGAATCCTCCGTCGGTAGAAAAGAACGGCTGCACACGATGAAGCGGCAGGAAGTCTGCCTGAAATCCCACTGGACTGAGTCCGCTGCCGTAGACGCGCTTGCGCTGGTTAAACAAAGTCCCTGTCGAAGTTGTGTTCGGCGTAGGCCAGTCGAGCATGGCCAGCGCTGTCATCTCGGGAGAATAGCGCAAGGTCCACGATTGATGATGACGGTAGAGTTCATAAGAGTAGCGGAGATCGATTGGCATGTACTTTACGTCGCCGGCATATCCCCAGATGTGACCACTCATCGCGGAAATTCCCCACCATGCACCAAATTCGTGTTTGCCGCCCGGACCCTGCCAGTTTGGCGGGGCGGTTGCGACAGGAGCGGGCTCAACTTCGGCAAGGTAGGCCTCGGCGCCGCTGTCATGATGCCGCGAGGCATAGCGCATTGCCTCGGCAGTCGATGCGGTCACGCCTTCACCGGCATCGCTGAAGAAGCTGTTCGCCTTGACGATGCGCGAGTCGCGATACCATGGTGGGCGGAAGCGCAGAATGTTGGCAAAGCCGCGCGCCGGTGTGAGGAAGTTCGCCATTGTCAGCAGAATCGGATTGTGGCTCTTGTCTTCGAGCTTGGTCACTACATGCTTGTCGAGATAATCCTCGGCAATGGTCCATCCGAAGCCCCCGAGCGGCGTGGTGACAAGCTCAACCCATCCGGTCTCGTTGGTTAATACACCCTTGTCGTAGAAATAGTGATCGCCATTGTGACCGATGCTGGCTTCGCCGAGCGGGCCGAGTTTCCACTCAAAGCTGTAGAAGGTTGACCACGCGAGCGCACGCATGCGGGAGTGCCAATAAGCGCGATCATTCTGGAAGTCGAGGGTCATTCCTTTTGGGTCATTCTGGATCCAGATGCTGTTGGTGATGGCGCCCATCATGGGATGGCCCACATAGTCGTCGAGCGCCGGGTTGTTGTCGGACCACCGATCCCAACGCCACTCTGCAGCCGACGCGATATAACGGTCCCACCATTTCCCGGTGAGCGTTTCGGTGCGATACCAGTAGCCCGTGTAGACATTGCCGGCGTTTTCAAATGAATTAAACAGCAGGGACTCAATCACCATCGGTCCCCAATGCATTCGGCATTCACGCGCACGAGTTGTGTCCGTGGGACAGTCCTTAAGCGGTACGTATCCTTGATGCGGGGGCGGCTCTACACGGGGTTCGAAAGCTTCGCCGGTGGACGCGCTCCAAGCCTCAGGATTGAACGGCGGCAGAGTAGCGGATGTCGATGGAGACCCTGCGTATGACGGTTCACCCAATACCGGCATCTGCCCGGAGGGGATGTTGTTGAGTTGCACCGGAACGGGTGCTGCTGGAAGCGGCGCATCTGGGATGGACGATGCATTTCCTGCGGAGTTCGGTACTTGATCGGATCGCGAAGGCGGATCGGCTACTGCGACTGGTGCCTCTTGCCCGACGTCGGCGGATTGTGAAAATGCTGCATTGCAGGCGGACAGGCAAATCACGGTGAATATAAGGTTGCGAAATAGCAAAAGGTATCGCTGCAATGGGATCAATTCGTATTTTTCTTTATTCGTCTTTCTACTGCTGTCGACATGCTCTGCTTCGGAACACGATCTTTTATACGTAGGGAACTTCAAGCCTGCAGGCCTCCTGAAAAGATTGATTCGGGAAATCTTGGTGATAGGGCCGGGAAACGCAGCGATTCAGCTACTTATCTATTAGACATTCAAATATTGAAGAAGCCTTCTTACTTACAAATGAAGATTTGGACATCCTGGTTCGATCAGACCATACCTGGAAAGCTTGGATGCAGATTTCGACCTATCTCCTGTCTGCAAGCTTCATCAAATGGGGGGGGGAATTCACGAACATGTTTGCCGACCAATCGGCAGCAAACATCCCAGGACCAGGGGTAGTCCCGGGTTACAGATGGCCGTGAGCAAACCCGCTGACCCAAACCGTGCCTTCTGCTTTTTTGCCTGCTTTACAGTGACAAAGGAGAGCCGAGAATCGATTGCGGATTGCCATCGATCCCCAACTCTCGCTCGATTGGGCCAAAAACGAAAGGACGCTTAGAACTGGCGGGTGTATTTCCTCACATCACGAATGCCCGCGCCGATGCCCAGGACGTGGTCGATACGGCGCTGAAATGGATCAGATGGCACCGGTTGCAGCTCAGCACTCGCCTCGGCCGCTTGTGTAGCGATAGGTTGGGTCACTTCAGGGGTTACAGCCTGGGAAACTGCCTCGGTGTTTGGGTCTTCCCCGAACAGCGCCTTGAGCACGGTGACGAGTCTCTCAACCTGCTCTTTGCGCACACGCAGCTTTTCAAATTCGGCATTGATCTCGATCAATTCCGTCTTTGCGGCTTCGAATGCTACACGATAAATCTCTCTCGAACCTTCCAATTTCATACCCCCACAGGCGCGTAGTCTAGCACGCGTGTGAAGCTGGAAAGTAAGAGTCAATAGTAAGAGTTACCGGACGCAGTGCGTGACATTCAAGTCTTCAATCACCGCGCAAACAAAGGCAATTTATTGCATTGGGAAGAGAGGATGAGGAACGAGAAGAAGCCGAGGAACAACCCGGCAGATTTCACGAAAAACGGTCAGCGGTGCCCCGCCGTGCTGCCGGCTCCGCACCGCTCACCGTATACACGCTGGCTCGCGGTCAGC
NZ_CP121196.1_gap84	4083230	4085773	2543	GCGGCGACCTGTTTGAGGGAGGGCTGGCGGGACACTTTCCGCTGATTCCCGCGAGCATCGGCGGCAAGGGAGAGCCGGAGCGGGTATGGGGGCAGTCGGTAACGGGCAACTTCTTTCCCAGCCTAGGCGTGCCGATGACACTGGGCCGGCCGATTGTCCCGGAAGATGACCAGGCGGGTGGTCATAACCACGTGGTGGTGTTGAGCAATAATCTGTGGCGGCGTCGATTTGGCGGCGACGCGAACATTCTGAATCACGATGTTGCTCTCAACGGACGGTACTACACGGTGGTGGGAGTTGCGCCGGCGGCGTTCTATGGAGTTGATCGCGGTATCGTATCCGAGTTCTGGGTGCCGCTTGCCGTCGCGTCTGAGATCATGCCTGACCTGATCACAGAAGGGAGCATCACCACACGGCGTGACAATCAATGGTTGATGCTGAACGGACGGCTCAAGGCGGGCGTGACCCGCAAGCGGGCGGAGGTCGCGCTGAACATCATCAAGAAGCGGCTCGATGACACTTATCGCAAAGACGAAAAGCGGCACGATACGTTGACCCTGCAGACGGCGGGTGGACTTATTGCGGGTTCCGCAACTCCGGCATTCACGCTGATGGCTGTGTTGATGGTGGTAGTGGGACTGGTGCTGCTAGTAGCATGCGCCAACGTGGCGAACCTGCTGCTGGCTCGCGCGATCGGGCGGCAGAAAGAGATTGCCATCCGCCTTGCGATGGGGGCGGGGCGCCGGCAACTCATACGGCAACTGCTGTTCGAGAGCTTCATTCTGGCGCTGACGGGCGCGGGCGTTGGATTCCTGCTGGCGGCAGGGGCGGCGCGAGCGATCTCGAACTTCCAGCTGCCACTGCCCTTCCCGGTGGTGTTCGACTTCAATGTCGATATCCGGGTGGCGTTGTTTACGCTGGGGCTTTCGATTGTCACCGCTTTGCTGTTTGGACTGGTTCCTGCGATGCGTGCTTCACGGCCTGACCTGGTTGGCGCTTTGAAGGATGGCCCTGCGATGTTCGGACGCGTGGGGCGTTCGCACCTGCGCAGCGCGCTGGTGGTCGTTCAGGTTGCGCTGTCATTGGTGCTGCTGGCGACTGCGGGATTGTTCCTGCGGAGCCTCGGCAACGCCTCGTCGATCGACATTGGCTTCAAGACTGACAACATGCTGATGGTGACGATGGATCCAAAGTTGCAAAGCTACTCGCATGACAAGACTGTGCAGTTCCTGAGTCATGTGCGAGAACGGGTCTCCGCGTTGCCTGGCGTGCGCTCTGTAAGTTTCGTGGGCGTGGTGCCGTTGAGTATCGGCGCGTCCAATAACAGCTACGACGTGGATGCGGTCAAAGATCATCCCAAGCAAAACATCAATGCCGATACCAACAGCGTTGGCAGCGGGTATTTCAATACGATGGGAATTCCATTGCTGCGCGGGCGGGACTTTACGTCCTCGACCGACGACCAGCACTCAGTGATCATCAACGAGACCATGGCCTCCCATCTGTTCCCCGGACAAGACCCGATCGGCCGTGTGATCCGGCAGGACAAAGATCAATACACCGTTATCGGCATCACGCGAAATTCAAAGCTGCGCACTATTGGTGAGAAACCGCTTGATGCCATCTTCATGTATCTCAATGCTGCTCCTGAGAAAGCCAACAGCTTCTTCGGAACCACACTGATCGTGAAGACCACGGTTGCGCCGGGCGCCCTGGTTCACTCCGTCCCTGAGCAGATCGGCGCGCTTGATCCAAACATGGCAGTATTCAACATTCAGACCATGCAGGAACATGTCGACAAGTCATTGCTGTTGCCGCGCATCTCCGCCCTGCTGCTGGGCATCTTTGGCGCGGTCGGCCTTACCTTGGCGGCGATTGGCCTGTACGGAGTGATGAGCTACTCGGTCCGCAGCCGCACGCGCGAGATTGGGATTCGGATGGCGCTGGGAGCCAAGCCTCGCGGGGTTCTGAGCATGGTTCTGCGGCAGGGCCTTATCCTGACGGGAATCGGTCTGGCGATCGGGCTTGCCATCGCACTAGTTGTCGGCCGATTCGCAGCGAGCGTGCTGTATGGCACCAGCGGATCGGATCTGCTGACCTTCGCGGTTGTCTCGGTGGTTCTGGTGGCTACAGCCGCGGTCGCCATCTTGATCCCCGCGCGGCGAGCGGCGCATGTGGAACCCACCGTGGCGCTGCGCTACGAGTAACCTGACAGGCAAATCGGGCCAGCGGTTAATCTTTCCATACTGCCGGCCTAGTTTGAGAATCTGTCTGTCCACTGCCGGCTAGTATCATGGAGATATGGCTCCCGCCAGCAATCGACATTCAGCTTTCGAGGAAGACGACCGCGCTTGAAACCCGATATGAAGGTGGAGTTCGCCGGCATCGAACTGACCAATCCGGTCATTGCGGCGAGCGGTACTTTTGGCTACGGCATCGAATTTGAAGAGATCGTTTCGCTAGAGAGAATCGGCGCGTTTGTCAGCAAGGGCATTTCGCTGGAGCCGATGGCCGGTCATCCAGCGCCGCGCATCCTGCAGACT
NZ_CP121196.1_gap85	4179324	4180151	827	CTGCGTGAGTTCGCTCAGATGCGCGATCTGCGCTTCAGTCAGCTCATTGGGAGAACCGAGTTCGATGTAAGCGGTGTAGGCATCATTGGCATGAAACCCCGTGCGATGCACTTCAAGGTGATAGGTGGAATTTGCGGCGAGGTGCGTCAGATGCAGATTTACAGGCGCGACAGGATGCGAAGGAATCACCTTCGTATAAAACGAGCGATTGCTGACTTTCTGGTCCGGCTGTTCGAAGTTCCAGATCACAGCAGCCACGTTTCCATCCTTTGCGGACAGCATCGCCTGCGGGTCGTTGGTTGCCAGACTGTCACCCAGGAGCGCATGCAGGTATTTGTAAGCGAAGTAGGCCGGCTTACGAATTCCCTGAGGGTTCAACAATCCGAATCCACCCTGAAAAGGGGCTGTCGGCGGCCCGGGCTCCTCGAAGAGGTCGGTGAAGGTCCAGTAGCTCATTCCCTGCAGCAACCCCTGGCTTGCTTTGAGTTTGGTGAGGATGTAGGGCGCGCTGATGTAAGAGTCGTGAACGGAATCGCGTGGCGTGTAGCTGGTACTCCACTCGGTGAAATAGAGCGGAAGAGCAGGAAAAGCTGATGCGGAGATTTGCTCGCGAACGTGCCGTACATCACCGATGATTGCGTCTTGAGAAGGATCGAGTTTCGTGTCGCTCTTTCCGTTCTCGTCAAGAAATCCACCTTGCACGCCGTAAGTATGAGTGGTCACGAAATCGACCGGAGCGCCGCTCTGCCTAACGTGCGCAAGAAATTCCGGCACCCATGCCGCACCGGCCGTGCTGGGCCCTCCGACGCGCAACCTGGGGTCGACGT
NZ_CP121196.1_gap86	4259926	4262553	2627	TCAACTGGGTGTAGCTGTAGCCGCCGCCCGCCACAATGGTGTGCCTTCCAGCAGTGAAGATAAGGTTGGTGGAGGGGTTAAGACGGTTTTGATAGTAGCCCATATCGACGAAGGCTGTGAAAGGACCGACCGTCAGGCTGGGAGAGTACTGATTGCTATCTGCAAAGTTGTTGATGAGCAGGCCCGGCATTCCAGGTTGAAATGAGACGGGGACATTTGGATCCTGGGTGAAGCCGCCGCCGATACCGAAGTTGCCTCCTGAAACCGCCTGATTGAAGAAGGAGTATGACCCCATACGCACAAAGCCCAGCCGCTGCTCCCAGTTGAGGCGAGGACTGATTGAGATCGTGTTGTCAATCGCCGCTACTTGCGAGCCATTATTCTGGGTAACCGGAAAACCTCCGACTTGCGAGTAGCCGTAAGGCTTGGTAACGGGAGCATCCTGATAGAAGTACTTGGCTGAGAGCCGGTCTTTCTTAGTCAGGTCGTAATCGAGCGAGAGGGTTGCCTGATTCGACTTGAGGACCGAAGTACCGAGCAGAACTACGTTGGGAACGCCGTATGCATAGCTGCCCGTGCTCTGCGCAGACGGGATCATGTACTGTCCGTTAGGGAGCTTCGCATTGAGCAATGTGGCTGCAATAGGGTCAATATCGCCGGCCGCAGTTGATCCACCCCAGATCGCATCCGCTGCGGCGAGCCCTGCGTTGGAGCGGTCGTCCGTCAGACCGGAGGGAACGGTCATCTCTGAGAAACCGGTACCTTGATCGGAGTTGGAACGATATTGATAGCCGGCAAAGAAGAACAGCTTGTCTTTGATCACGGGGCCACCGACCGTGAATCCCGTGGTCCAGCGGGAGAGCCATGGATTGACCAGGGATCGGGGGAAGGCGCCTACGCCTTCCTGGCTCAGAAGATACGCCTGGTTGTCGAAGAACGGCGACGCGTTGAGAGAGTTGTTTGCGTAGCTGCCGTAGACTTGTCCATGCCAACTGTTGGTGCCCGTAACCGTGTTCACATCGATCTGGGCACCGCTTGTCGCACCCTGCTGCGCGTCATACATTGAAGCGTTCACGCGCAGTTCCTGCATGAACTCCGGCGGAGGGGATGGCAAGCTGTTGCCGTTCGAACCGTAAACGGATGTGCCGACGGCTGAACTGCTGCCCGCAGTCCCGCTGCCAATATTGAAGTTGTACCGCTGCGACGTCTCGCCGCTGGAACTCATGCCGTTAAAGAGGTTGGTCGAGTCCACGCCGTCCATCTGAAACGTATTCGAAGTGGCACGCTGGCCGTTGGCCCAGATGTTCTGGTTTCCGAGTCCTGAGTTGGAATCGAGGTTTGAGAGCAGTTCTGCATTTACGCCCGGTGAAAGCACGGCGACTTGGGTAAAGCTCCCAGTGGCAAGCGGAGTTTCGTCGATCTGGGCGCTGTCGAGCGTGTATCCGTTGGTTGCATCGGTGGCGTTCAGCAGCGGCGTGGCTGTCACTTCAACGGATTCGGAAACCTGGCCGACTTTCAGCGTCGCGTTCACGGTGGTGGCGCGCGCCTCCTGGACAGGTACTCCCTTCAACTGCGACGTTTCAAACCCCTCGTGGCTGACCTTGATCGAATAGGTGCCGATGGGGAGGTTGAACACCTGGAAGAAGCCTGTGCCTTGCGTGGTTGTTGACGTCGAATAATTGATGGCCGCGTCAGTCACGGTCACGGTTGCACCCGGTACAGCCGCGCCCGATGAGTCAACAACAGTTCCATTCAGCGAGCCCAGGGTCTGTTGAGCCAGACTGGACAGTGAAAAGAAGATTACGGCCAGGCAAACCAAGCCGTATTGTGTGGCACTCCTCCAAAAAGGTCGATTCATATGCTCCTCGTGGCAAACTTTGCGGTTAGCTCTTCAATTTGGGGAAAGCGGCTCTAACGGTGCCTCTTTCGGGCCCATTGCGCGAGAATTGCTTCCTACGACGAAACGAAGAAATTAGAAAGGGAAAGATCAGATTAGGAATAGTTTGTGGCATATCCCCCGTTTTTCCAAAGAGAATTTCCTATGACAACTCAGGATTTAAGACGTTCCTGTGGAAAAACGGGATCAATAAATTGACTGAATGAAAGGTGGGGAGCTCTTTTGCGCTGAGCCCAAGTTCCTGGGAAGGGTGAACCTTTAGACGAGTTCTACCGTGATGCCGACGGAGTGACGTTTGGCTTTTCCTTGCCCCACTGGAATTTCAAACCCAGACGAACACCAGTGGGCAAGCTGACGTAACCGATTGGAGCGATGTGCTGGTTGTTGGTCAGATTCTCCGCGAGCGCATAGAACCCTAGCCAATCGCGCAGCCGGATTGTGCCGCCAAAATCGAGCTTGGCATACCCATGGTCAAGGTTGCGGTTTGGCAGCAGCAGAGTGTTGCCTCCGTTAATGTCGTATCCCGCGAGGAAATCGGAATCGTCAGAGCGGCTGGCAAACGCGGAGTTAAATAGCATCGTGAGCCAGCTGTGCGAATAGCTCGCTGCAAAGAAACCCGCGTGGGGAGGCCGCCTGAATGGGCGGGCTCCCACCAGTGGCGCATAGGGACCGACCGGGATGCCGTTGAATGTGGGAACCGGTCCCAGCAGGTTTACATCATCGTTGGTAT
NZ_CP121196.1_gap87	4264148	4265812	1664	GCGGGTCCAATCACGCTGGTAGCGGCACCGGTCTGAGGCTGCGGAGTGGGTGTTCCGGTTGCGGTCACCACGATTGACTCGTGTACCCACTCAGGCTCAAGAACGATGTTGCGCTCAATGTTGTCGAGTTGTCCCGCGTAGAAATCCGGCGTCTCAAGCTGACGAAACTTCGTGGCGGAGACCACCAGAAAAAATCGTCCGCGCATACCAGTCAGAATCTGATAGCTTCCGTCCGCTCCAGAGACTGCCGACCCCATAACCTGTCCGTTGGAAAGTAGATCAACGGTAGCACCGCTGACTCGCGCACCTGAAGCATCGGTGACGATACCGCGAATCGAGGCGGCATTTCCCGCGACGGCACATATGCACAAGAGCACGGCCGCAAAAATGTGTTTGGACGAAAGCAGGCTGATAAAAAAGCGCTGAAGCACGCGTAACGGCATGATGGCTCCTCGGTCCCCCTCGGGACGCAAGCTGGTTGGGCGCACAGGACCGGTCTCCTGACTTGCACCCTTTCCAGCCACCTTCCCGGAGCCAAGCTCCAGTGGTCCTAGCGAGCCATCGCCGTGTGAGACGACCTGGCTCCAGCTGGTTTCCTCATTCGACGATGGTCGAACAAGTGGCGCTCACAGTTGCGGGGCAGTGGCGGAATTTCACCGTCTTCCCGAGCATCCTGACGATTGCGATTTTGAGTTGCGCCGCTCACCTAATCGAGCAGCAGTGATGTCATCAATCCGATTTCGATGATATCAAGTTTTATGGCAGAAGCAGGAGACGAAGTCAAAAAAACGTCCCACCGAAGCAGGGATGAATATGGTGTGAACAGGGGCGAACTATGAGGCACTCAACCGCCCGAAGCCTGGCACGGTTGATCTGCGCCAGCGATGCTACAGTCTTTGCTCACGTTCAGCTGTGGCTTCGGTCTGGTTTCGTGCGAAATAAAACCGCAGCACCCATACACTGGGGCCAGGTTTGCCGTTCTGCATCGGGGGCGTGAATTGCCACGACCGCGCTGCACGCTCAGCGAGGCGCGCAAAATAATTTCCAGCACCCGGAGATATATATTCCACATTAGAAACGGCGCCATCCTTGTTGACAGACACTCGAACTTGCGCTTCAACGAGGATTGGATTCCCCTCGAATGCACCGGGGGACGCATTAGGTATCACCCGTTTGACAACGGAACCGTTGGTTTCGCCATTGATCGGCGTAGGACTCGCAGTGGAAGAAGATTTCGACAATGGCTTACTGGGTACGGACGTTTTTGGTGGTTCTAACTGAGCAGCGTCTTGCGATGGGTTTTCTGCAGCGGGCGTTTTGATTTCCGGCTCGGTTTGATGTGCAACTGGAGATACAGGAGCGGCGGACTGGTTGTCGGGAACCGGGGCGCTCGCAGTGGATGTGGAAGGTTGTTTCTCCTGGACAGAATCTCTAGATTCGGGCTTGGCGATTTGGCTCGTCACCGCAGATGGAGAATTGGCATTATGTCTGCGAACCAGCAAAAACGAGACGACAGCGAGTGCAGCAAGAAGGACAACTGCATACGGTAGCACTCGAAAGCGGGTCAGATGCGCTTCTTCAAACCGCTCAAACGATTTGGAGAAAAGTGCTGGATCCTCGGTCGTGGTTTCTGCCGGCAAGTGCGCATCGAGCTCGTCTGCAGG
NZ_CP121196.1_gap88	4267912	4271286	3374	ATACAGCACCGAAACAGCAACCGGGCAACGTCATCAATCTTATGGATGCCCTGCGCAAGAGCGTGGGCGCCGATTCACGAACTGCCAAGAAACCACCGAAGAGCGAGAAAGAAGCTCTTGCTAAAAGCATCAGGCTTGTAAAAGGTCAGGCGAAAGCCAGTCCAAAACGCAAATCAGCTTGAGAACGACGTAAGTAAATATTCAGCAGAATCGCCGAGAAGATTCGGCGATTTTGTTTTTTCGCGATAGTGCCATACGGGCACGTTCTGGATCGAATTCAAAGCAGCTTTTCTGTGCTTTGGTCAAGCTGTATGACCACACCTTCAGCGGCTCTCAAGTGGAGCGAATCCTTTACCTGCTGTGCTTCACGATCGAGATAAGTACATACGAGAATCGTTCCCTGCCCTATCTCAACCTGCACTGGATTGTGGCTCATGTTGAGCAGCACCAGAAAATGTTCCTCCCCAACGCGCTGGAACCTTAAAACGCCGGAGTCGGCAGTAACGACGTCGAGCTTCGCTTTGACCAACGTTGGGTGGCTACGGCGCAGACCGATCAGACGGCGGTATAGGTGGAGAATTGAATCTTGATTCTGCTCGAGCGCTTCAACATTTAGGGATGCGTAATCATCGCCGATTGGCAGCCACGGCGAGGCGGCAGTAAACCCGGCACAATGCGAATCGTCCCACGGCATCGGAGTCCTCTCGGGGTCGCGTCCCTGTCCTAGGCCCGGCTCGTTTTTCTCGGCGGGATCTTGCACCTGTTCGGGAGCGATGGGAACGTTGGTCATGCCAAGCTCTTCGCCGTAATACATCGTCAGCGTTCCAGGAAGCGTGAGCAGCAGCATTGCCGCGACACGCGCCTGACTCGGACCAACCCTTGTCGCCATTCTCGGCTGATCGTGGTTCCCCAGCACCCAGTTTGGCCAAGCACCGATCGGCAGCGCACCCTCGTATCCCGTAATCACTTGCGCGACGGCTTCGGCACTCCACGCGCATTGCAGCAGCTGAAAATTGAAAGGCAGGTTGGCGCCTTTCAGACCCGCTCCGTAGTACGTCATCAACTGCTGCACAGGCAGATAGATCTCGCCTATCAGAACCCGATCTGGAAATTCATCTACAACGGCGCGCATTGCCGCGACCAGTTGGTGCACCTCAGGCCGATCTGAACTATAGACCGGAAGCAATCGATTGTTGGAGGGCTGGCCGAGCCGATATCCGGGGTTTGGCGGATTGTCGCGGAATTGATCGTCCTTGATCATCAGCCACATCACGTCTACGCGAAAACCATCTACTCCCAACCCAAGCCAGAATCGAAGCGCATCGAACATTGCGGCTTTCACGTCAGGGTTTCGCCAGTTCAAATCGGGCTGCTGCTTGAGGAAGGAGTGAAGGTAATACTGGCGCGTTGTCTCATCGAACTCCCAGGCAGAGCCCCCGAAGTTGCTCAGCCAGTTGCTGGGTTGGTCGCGCCACAGGTACCAATCCCGCTTTGGATTCATGCGGGAACTTCGACTTTCAATGAACCAAGGGTGGTAGTCCGAGGTGTGGTTGGGCACAAAATCCAGGATCATCCTCAGGCCGCGACTGTGAACCTCAGCGAGGAGATGCTTGAAGTCATCCATGGTTCCGAATATTGGATCGATGCCGCAGTAGTCGGCAACATCGTAGCCAAAGTCTGCCATGGGCGAGGGGTAGATCGGCGAGATCCAAACGGCGTCAACTCCAAGCTTGACCAGGTAGTCAAGGCGAGCAACGATCCCGTTCAGATCGCCGATCCCATCGCCATTGCTGTCTTGAAACGAGCGCGGATAAATCTCGTAAATTACGCTGTGCTGCCACCACGGGGACTTTTGCATCTGAACAAGTGCTCCTCTGGTTCAAACTTTCCGCCGAAAGGCTGTTCGCATGATTAACGATCTCTGGTACAAAAACGCAATTATTTACTCGCTGTCAGTGGCCACATATATGGATGCAAACGGTGACGGCGTTGGCGACTTTCAGGGCCTGATGCGCCGGCTTGATTATTTGCACGGGATGGGCATCACGACGCTTTGGTTGATGCCGTTTCAACCTTCTCCCTGCAAAGACGGCGGCTACGACATCGCTGACTACTATGGGGTCGATCCCCGGTACGGCACACTCGGCGACTTCGTTGAGTTCACAGAGGGCTGCAAACAGCGCGGAATTCGCGTTCTCATCGACCTCGTGGTGAACCACACTTCCAACGAACATCCATGGTTTCGCGAAGCATGCCGCGATCCGCAATCGAAATATCGAGAGTGGTATGTGTGGTCGAAGAAGAAGCCGAAGGATGCTGCTTCCGGTGTCGTTTTTCCCGGAGTGCAAAAGTCCACATGGAACTACGAGAAAACAGCGAAGTCATACTACTTTCATCGCTTTTATGATTTTCAGCCTGACCTCAACACCAGTAATCCCGAGGTGCAGGCCGAGATTCTGAAGATCATGGGCTTCTGGCTGCAACTTGGCGTCGATGGGTTTCGCATGGATGCGGTCCCGTTTGTGATTTCGACCAAAGGCGCCGACATGCCGCGACCACGCGAGAAATATGACATGCTCCGCAATTTCAGCGAGTTCCTAACTTGGCGCAAAAGCGGGGCGATCATCCTTGGAGAAGCAAATGTTCTTCCGGACACCGATCTTGAATACTTTGGCGATTTCGGCGAGCGACTGCAGATGATGTTCAATTTCGATGTCAACCAGCATCTGTTCTTCGCGCTGGCCAGTGGCGATCCCAAGCCGCTTATCAAGGCGATGGAAAACACCAAGTCACGACCAGCTACGGCGCAGTGGGGGCAGTTTCTGCGCAACCATGATGAATTGGATTTGGGGCGCCTCACAGAAAAACAACGGACGACGGTATTCGCTGCGTTCGGTCCTGAAAAGAACATGCAGCTCTACCATCGCGGTATCCGGCGGCGCCTTGCTCCTATGCTGCAGGGAGATCGGCGACGTATTGAACTTGCTTACAGTCTCATGATGACGCTTCCCGGAACCCCAGTGCTTCGGTACGGCGACGAAATCGGGATGGGCGATGATCTCCGGCTGCCAGAGCGCGAATGCGCGCGCACTCCGATGCAGTGGTCAACTGAACCCAATGGAGGCTTCACCAAAAAGGAGCACCCGATCTCGCCGGTGATCAGCGAAGGTGGATATGGGTTTCAACATGTCAATGTCGCTGCCCAGCGCCGCGATCCCAACTCGCTGCTGAACTGGATGGAGCGCATCATTCGCATGCGCAAGGAAGTCCCTGAGATTGGCTGGGGAGACTTCTCCTTCGTTAAGACGAAACAATCCTCTGTGCTCGCCATGCGCTATGACTGGCGAAACAACTCAGTGCTTTGCATGCACAAC
NZ_CP121196.1_gap89	4281316	4284195	2879	CCGAGGCCGGGAAGAATGAAGATGCTCCCCATCCTGAAGGCTTGGTGTAGGCGCTTCCCGAAGGCAGAATGCTGATCTTGTTGCCGTCGAAGTTGAACGCAGCCTCGAGCAGCACATTCTGCGACAGCGAACCGGTCAGCTTGATAACGGAACTCCACGACGGATTGCTGAAGTTAGAACCAACGGTCGGATAGTTGTCGCCGCTCCAGATTGATGTAGCGTACGTCTGGCTAACCGAGTCGCCAATGTAGTGACCAAAGAGCTGCCACTTGTCATTGATGTTGTGATCAATGCGGAATAGATCTTCGCGCACATTGGTTGGCTGTTTGGCAGGAACTACGACGGTGTCGCCCGAGGAGTTAGCTTTCGGAATCGCCCCAACCGCGTTGAAAGCCAAAGCACTCGGATCTACAAACAAAGAGGCGGGAATGAAGTTGTCGGGGAAAGCTTGCCCCGGCACCAACACATTGCCATTTGCTTTGTTGTAAGTTGCGATGGCAACACCCAGCGCTGAAGTAGCGCTCACTGTGGGCACGACCACCTGGCCATGTGTAGCATCTACCGGAAGCGCACGAAAATCCTTGTTGGCATGCGCAGGTAGAACCCAATTCACGTTCTGGGCAGAAGTAATAAAGTCAGCTGCTGGAATGGAATTGATTCCGGCAGGTGAGCTGCCCTGAATAATTTTGCGCCACTCTTCGTTGTAAAAGAAGAATGTCCGCTGCTTGTTGTTGTTGTAAACGTGCGGAATGTACAGCGGTCCACCGACGTTGCCGCCAAAAATATTTAGCCGCAGCTCGGGCTTCTTGGCACCCACCTTGTCAAAGTAGTTGTGCGCCTGAAGGGCGTCGTTGCGATCGAACTCCCACAATTCGCCGTGGAAAGCCTGTGTCCCTCTCTTGATCGACATCGAAACGGTGCCGCCAGAGGAGATTCCGTAATCGGGAGGATAGTTGCTCGCCAAAACCTGGAACTCGCCCAGCGCATCCTGTGAAGGCATCATGGACGACTTGCCGCCAGAACCACGGTCATACGCTTCGCCGCCATCGATCAGCCAGATATTATGTGCCTGATTAAGGCCATTAAAGCTGATCGCAAAGTTTGAACCTACCGATGTCGGCATGTTTGAGTCGGGCAGATTGCCGCTGACACCCAGGCCCAGAGCCGCGAGTGCAACAATGTTGCGGCCGTTGGTTGCCAACTCCGTAATCTGTTGCTCGTTGATGAGCGTACTCACGACGTTGGAGTCGCTCTGTACCGTCAATGCATCGGCGTTGACCGTGATGGTCGTCGCTTCCGAGCCAACTGTGAGTTTGGGATCAACACGAAATGTCGCAGAAATGTTGACGACGATTCCATTCTGTACAAATGTCTGGAATCCCTTCGCCGTGACAGTCATGTTGTAATTTGAAGCGTTCAAACCGGGAATTTCATACAATCCCGTTTCGCTTGTTGTTGCGCTTTTTGCCGCGCCTGTAGCTGGGTCAGTCAAAACAATCTTCGCTCCCGCGACGACTGCTCCCGACTGGTCCGTTACGATGCCGGTGATATTTGAATTGGCTTGCGCATGTAACCCGACGCATGCCAACGCAAAAAGCAACGGCACCAACAGGAACCCGTAACTTATCTTTCTGAACTTCACTTCCATATGACTCTCCTATCCGAAGTGGTACTTGTTGCTGCAGCCTGGAACGTGCATTGCCTTCCTAGTCGGAAAGCTCGGCTGGTTTGTCGATTTTTCTTTGAAGAATCACTTCAACGGCATATTCCTTCAGGCCACACATTTGTTGCTTAAATGGCTTCAGCTCTCTGATTCAGCTCTTGCCTTCGATCGGCTGCTCGCGCACAAAAGCGAACATCATCAGAGATTTCTGCGAAGGACCAAACGACATGTTTTTCTGTCGCTAGATTTCTTCGCCTTTCTCTGAATAGGCCCGCCTAAATCGTTTCAGTAGATCGCCAAGAACGTTACTCCTGATCACACAGCGCGTCAATATTTCCTGTGCTAAATTGCGCTGAGACGAACCATTGAGTTCGCCCTTCACTTGAGCAAGAAATGTGGCGACCGTCATTGACTGAACATCCCCGCGTGATAAGCGTCACAACTTACTTCGTCGAAAAGTAAGGAGTAAGAAGTCGAACTATCTACTTATCCATATTTCGCAGTGAAATTTCGTCGCATTTGTGAATGTTTGCGTGCAAAATGCTCGTCATTCGTGATGTACATCACTAATACGCGGATAACTCATCGGCCTCGACCGCAATCGCAGATTGACGACGCTTAAGCACACTGTGTGCGTCTACTCCACCTCGCGGCGTCCTAAAATAATTTCTCGACCTAACGTCAAAAGAGACGTTGATTTGTGATTTTTTATTTGGAGAGTTATGGTCCTGATAAGAACAACTTTTTCTTCGCACGGATAGCTCGTGGCGTTCCGTTTATGCAGTTTCCAAGCTTCCGACCCACACGCTATTTCGGTGCGATTTGGAAACTGCAGTGGATTTTCTTTTACCGGCGGAATCGCGAGATGAGATAGAGAAGTAGAGTAAGCACAACGCTAATCAAGATCGATGTGCCGAGCGGAAAGAAGACCGAGACGTTCTTTCCTCGCCAGGCCATGTCGCCTGGCAGTCGCCCGAGCGGCCAACCGAATCGTGAAGCGAGCAGCAGCACGGATCCCAGCACGACGAGCAACAATCCGAGACCAAGAAGTATCTTTCCAAGATCGGCCATGTTCTTTTTCGATGCCAGACTCAGATAGGATACGGTAATCGGGCGTTGCACGACGCGATACATCGAGCGCGCCAAAGGGGGTCGATGCGAGTCGCTACGCTGCTGTTGGGCATTCTGTGTTTACTGGTCGTCCTGTTGGATGCCT
NZ_CP121196.1_gap90	4306219	4307040	821	GCGGACATTTGGTACCCCGCAACTGCCGGTGCCAGCCCGTGCAACCGACGCGAATGTTGTGCCGGTGCGCGTGGGAACGACAGTAGATGAGGCGGAGCGCATGCTGATTTTGCGGACGCTTGAATCGACGGGTCAGAATAAAACGCGTGCTGCCGAGATTCTGGGCGTGAGTCTGAAGACGTTGCATAACAAGCTGAAGGAATACAGCCATTCGCGGGAAGATCAACCAGTCTGATCGTATTGGCGTGGTCGGATAAGCTAAATTGGCTGCGCTGAAATTAGTCGGCTCAAGTTCGCCGTAAGAAACAATGCGATTAAAGACAAAACTCGTTCTGGCAATTACCGGGCTGGTGTTTTTGATCGCGGGCTTGTTGTCGCTGGTGTATGTCAGCCACCTGGTGGACGCGGCAATTCAGCAATCGTACGATTCGAACCGCATGATTGCCAACCAGGTGAGCGATGCCCTGCAGAGTGCGCTGCAGGCTAGCCTGAAAGATCAGACGGTCGACCCCAACGATAAAAACAAACTGCGGGAATTGGTTCAAGCCGCCATCCAGGACAGCGAAGCCTTGCGTGCCACTCTCGACTCGGCCAACAAGTACTCCGCGACTGAGTATGACGTAAACATTGTCGACACGCAGTCACGCATCCTGTTAAGCACATTTCCTGATAACGATGGCAAAGTGCTTCTGTGGCGGCCTGACTATCGTGCCTTGCAGGCGGCCGATCCGATCTCAAAAATGCGCGAGATCTACGGTCCGGCTAAGGTCTTTGACATTGTGGTTCCGCTGGAAAACAATGGCCAACCTTTCCTTAGCGTT
NZ_CP121196.1_gap91	4325654	4326947	1293	AGACACTCTACTCCCACTGGAGGTAGATTGTCTACTTGGTCTGGGCAGTCGCTCAAATTCGAAAGCGGCTACAGCGGGTCCTCACATGAGATCGCATCCGGTCTGACGGTGCTTAACCGAACGATTCGAAACTCGAAGGTGTTATGCGAGGGCTGTGGCCGAACTTTGACATCTGCCGACGAGTGATAAAAGCAGGATTTGATCCGATGGGATTATCGAGCCTCGATTTCAAGAAGTTTCCTCAGCCGCGGTTTAGGTTCGTTTGGACGCTGAGGCGGCAAAATCGCGAGTCCCTTCCCGGCTTCTTCGCGACTCCTCGCGGTCTGACCGGCTACACGGTACGCCTTAGCCAGTGCCAGTTGCATTGCAGGAATGGTACCAAAGCTTCGTTCCACTGAGCCTTGCGCGCAATGCAATGTGAATTGAGGGTCGCGTAGTGAACGAGGTTCTACACGTAGAAAGACATTCGCAACCGCGTAGAGCATGAATGGATCTGCAGTGTCATGAGCAAGTCTCCGAAGTATAGCGAGTTGGTCTTTCTCTTGGTGTTTAGTTTCGCCAGGCGAATGGAGCGCGAAGTGTAAGGAGTCGACATCCAGTATCAGTTCAGCGAGTGTTTCCTGAAGATTCTCGTTCGCAGGTTCTTGGCGCAGAAATTTCTCCGCCAGCGGAATCGCCTTTGCGTACAGACTCGCCGCCATTCTGAGGTTGCGTGGTCGATCAGCTGGATTCCGAGCAAGTGCCGGGTCTGCGGCATACTCATAACCATCTGCCTCATCGCTCAGATCACCGATCAGGTCTTCGAGGAGCCGGGTGTCAAGCGGATCTGCACTTTGCCGCTTGAGATCTGCTTGGTACACCTGATCAAAGAGACGTGCAGCCTCGTCATACCTTCCTAATTCATTCAGGGATATTGCCTGGCGATGGAGCACCGCGGACCGTGTGCGAGCTGATCCGAAGCTCGCCTGCTCGCCTTTGGGCATCGCATCCAGAAATTGAAGAGCCACATCGAGATCGCGTAGAGCCTGCACTGGATCGGTATCCATTTCGATCTCGCCAATTCTCATTGAAGCAATAGCGGCGACGCGAAGCGTGCGGGCTACCGACGCATCGGTCTTCCTCGCGCGAATGACGAGACTAAGGTCCGTTCGGTATGCCGCGACCGCACCATACACATCATTGAGACTTCCAATCATTGGCTGCCCGAGTTCGTCGCCCATTACTCCATAGGCGTTGGCGGCCTCTGCGAGAAGCGAAGCTGATGCATTAGAGTCTGCCGTGAGGATGTCAAAT
NZ_CP121196.1_gap92	4501912	4506741	4829	CGACTCGCTATGAAGCGGACCCGCGAAGAGAGAGCTAGGATTAGCGAGTTGGGAAAGAGAACCCTATCGCTGTTCAGATAATCGACGATCCCTTGCACGTGGCGTTTCACCTCTGCGCGCTGATACCCAAGGAGCTTTCCTGCTTCGTCTCTTGAGACGCGGGAGATGTCGGCTACATTGAGTACTTCATCTCCTGTGAGACACAAAAGATAGAGCGGGTGCCCCTTGCACTGCTCAATGCGCAGCGCTCGGCGTCGTAGGGTAGAAACTTTCTTCTTAGCCATGAAATCCCTGTCGAATCCCCTGTTTTAGTTGCTTGTAGAGCTCACCAAAACGCCTCTGTTCACAGGCCTTTCCTGCCCCACGAAACTCTTCGAGCAGTTTGGTCTTGCTGACCAAAGGAGTCTTTTTCAGGCCTTCGCGGATGTACCTGGTGACCTCGAGGTCCGATTGCGGCCTTCGGGGCTGAGGCGCCACCGTCCGTGTTTCGATGGACCGTACCAAAGCCGCCATTCGATCGACCGAGGGCTCAGCATTTGCCTGAACTTCAAAGAGGAAACGCGCGACCCTGGCATTCAGTGATGTGAGCGTCCCTCCAAGGCTTCCCGAGAGTTTGCCATCGCAAGGAAGCAGATTACCCTTCCAATGCACGTGCTTGCTCGGTGTACCGCAGGAAATAATGGAGAGATACCGCCGAAAGAAGGCGTACTGGAGAACTCCACGGAGATCCTTTTCAACTGCATTCAAATAGTCGGCGGAAAGCGCGACGATGAGCGGTGTGCGCGGATACTTCAAGGCCAGGTCAGCAAAGGAACGCGGACTGCTCTGTTCCCCTGGAATCCTGTAGGAACAGACGCCGGACCACCAACTCTGGAGGACGTGGCGATCCTTCGCGCCGTTGGCAACTGAATCTATCGTCGACGGCGCAAAGGTGACCTGATACGAATTGATGCGCGTGCTAGGCCGAATCAGACCATATCCAGCAGAGCAGATCCAAAGCCGTACATTCCAGCCATGACTGGTGGCGTCCGACGGAATGTCCCGTGCGACAGACCAATGCTCACCCATATAGAGATCTTCGGCCGGATATTTCTCTGCCTTTACTGTCTTAAGCCGTTTCCTCCAGGACTCAAGGCGTGCTCGTACGTCAGATCCAACCAACTCCCGCACAGCGAGACCGGGAGCGGTCTCGTAGCGTTTTCGGCTGGAACAACTGACCACGAGATTAACTGCACGACCCAAGCGATAACTCCTACTGCAGTTTCGGAAACAGCCACAATGATAAAACTACGAACGTCATTTCTCAAAACGTTCAAACTGCTGAGGGGCGCGCCCACTCGATCTCCGCAAAGGCGCCGTGATTGTGGATACTCTCTTGGTTGAGTGCGCGGACATGAAACCATGTGAGGCGTTCGTCGGCTTGTAGCGTCGCAGCGACGTTGCGAACAATATCCTCGACGAAAACCGGGTTGTCGTAGGCCTGCATTGTGACATGTCGCTCGTCCTCACGCTTCAGCAACGCATAGACCGGGGCAGAGGCACTGGCCTCGGCCACCGCAATCAACTCTTCAATCCAAATCAGCGCCGGACCGCCTGCATCGGTAGCACGACTCCGAACCTGAATCGTGATCTCGCCCCGTTGATTGTGGGCTCCATAGTCACTGATCGCTTTGCTGCAGGGGCACAGACTCGTCACGGGAACAGAGACCGACAGGATGAAATCGGACTTAGTGCCGTTGGCTTCGCCAACAAATCTGCATTGATAGTCCATTAATCCGACGGCACCTGACACCGGAGCGATTTTCTCCAAGAAGTACGGAAATGCGGCCTCGATGTGAGCGCTTTCCGCAGCGAGTCGCTCCTTGAGTTCTGCCAGGATTCGAGGTAGGGTCCTCATGGTAACCTCCCCTCGATGTGCATTAAGGACCTCGATGAATCGGCTCATGTGGGTCCCTTTGAACTCGTGCGGTAGGCTCACCGACATGGACAGCCGCGCAATCGTCGACTGGCTTTGATTTTCCCGATCAAGAACGACAATTGGATATTGGAGGTCGCAGACGCCAACCTTATCGATTGCGATCTGACGGTGGTCGGCTTGATTTTGAATATCACGCATCAACTAAGCCTCCGATTCGCCCGCATAGATGCAACCCGAAGTGCAGGTTTCACGAATCACGATCTTGCTCAAGGATGGCATCGACGGCTGAAGTTGCTGCCAGACCCAGCGTGCAACGTTCTCGCTGGTTGGATTCTCCAAGCCTTCCACTTCGTTGAGGTAGTGGTGGTCAATCTTCTCTTCGATCGGCTTGAATGCGGCTTTGATGTCGGCGAAGTCGATAATCCAGCCGAGTTTTGGATCGAGCGGGCCTTGAACATGGACTTCGATCTGGAAAGTATGACCATGCAGTCGGCCGCACTTGTGCCCGACGGGTACATAGGGAAGGCGGTGGGCGGCTTCAATCGTAAATACCTTGAAAATTTCCATCACTTTCCCCCTATCGAATTCCTACAAACTTGTGTGTCTGAACGCTCAACCGCCAAAGCGGATTGCCAAGGCAGTATCGGAGTGCCTCCTCCGTGTTCTCTTTGCGGTACGGTCCATCCATCGGTTGCAAGAAGAAGTGTCGAAATGCCAAACTCTGAAACTCCTCAGGCTTGGCGTCGGCTTGTGGAAACACCAACTTGAGTTCGTCCCCAGTAACTTGGACAAGCTTTGTACCAGCCTTCGGGCTGACGCAGATCCAATCGAGCCCGAGAGGAGCGGCAACAGTCCCATTCGTTTCCACTGCAATCTCGAAGCCCCGGGCGTGCACCGCATCGATCAGGGGCCGATCAAGTTGCAAGAGAGGTTCGCCTCCTGTGAACACCACGAAACGCTTTTGAGCTGGGCTGGCGGCTTGCCAGGTCCCTTCGATTCGATCTGCCAAAGCGACTTCAGAGCCAAACTTTCCTCCGTCGGCACCCTCTGTTCCAAGGAAATCCGTATCGCAGAATTTGCAAAGCGCGTTCGCGCGGTCCTCTTCGCGGCCGGACCAAAGATTGCAGCCCACAAAACGGCAGAAGACAGCTACCCGTCCGGTGTGAGTTCCCTCCCCTTGCAACGTGTAGAAGATTTCCTTGACTGAATAACTCATGAGCTGACCTCCGTGAGCCCTTCCCGATATTTCAATGGGTCGGTCAGTGCGTTCTCGATGAATCCTTTTTGTCGGAGCAAGCAGGAATCACAGGCTCCGCACGGTTGACCGGTGGAGGACGGATCGTAACAACTGCTCGTCAGTCCGTAGTCAACCCCGAGTTCTCGTCCTTTGCGGACGATCTCGGCTTTCGACAACGAGATGAGGGGCGTATGGATCTTCAGATTCTGGTGGCCTTCGACTCCAGCTTTCGTGGCCAGATTAGCGAGGCGCTCGAAGGCCTCGATGAATTCAGGTCGGCAGTCTGGATATCCACTGTAATCGAGAGCGTTCACGCCGATGAAGATGTCGCTCGATCCAAGCACCTCGGCCCAAGCCAAGGCAAATGATAGGAAGATCGTGTTCCGGGCCGGCACATACGTCACGGGAATCTTGTCAGACATTTCTTCGAGCGAACGTCCTTTGGGAACGCTGATGTCCGCAGTTAGCGCGGATCCCCCAAACACTCGCAAATCAATCTGCGCGATCCGATGATCTTTGACGCCTGAATTTGCCGCGATTTTGCGGGCGCATTCGAGCTCCCAGGAGTGCCGTTGCCCGTAAGAAAAGGAAAGAGCGTAGGTCTCATAGCCTGAGGCGCTCGCGATCGCGAGGACTGTCGTCGAATCCAGGCCTCCGCTGAGTAAGACCACCGCCTTGGGTTTTGCTTCGATCATGATTCCTCCTGCTGCCGGGATCCTCTTCCGAAAAGTCCCAGTTGGCGAACCGAGCCGCTCCCTAGTTCAATGGGAACTAACCGGTTAGCGAACTGCCGAATGGCCTCGACTTCGTCCGCTTTGAAGAGCACCTGGCGGGTTCTGTAACGAAGGCCCGCAGGGATGCTGCCTTTCTCGCGCCAACGCCACAGCGTCTGACGGCTAACCTTAAGCTCATCAGATACTTCCGAGTTTGTGTAGTATTCTTCGCCTTCGATTGTAACCGGCATGTTGCAATTCTCGTCATGATCCTACAGTGTGTCGCACGACGCTCGCAACGGCAAAGGATGTTGCACGATGTTTCAGTCTTGAGGAAAAGCGGGCAATAAATCTCGGACATTGCTCACCGTCGTCTTGAAGGGTTCGAAGCGTTAGACTCTAAGTACGGAAATTCTTTAGGGATAGCATGATCGACGGCGGTATCACATCCGGTGAACGTCTCTGCAATTTCGTAAACCACAGACTCTTGTCCGATGGTGTTTGGAGCGATCTCGAATTGCTCTTGGAATCGACTGGGCGCTCTACCCAGTTGGTGGCGTTTTTCAGACAAATTGCGGCGGTGACATTGACGGGACGAATCGTCGCAGCCGGTCTCTCAATAAACGGTGATGTTCCAACTTACGAGGTGGCCTTCCAAAGACTCTTCAAGGAGCATTTGCGGGACGTGGTTGGAATACCCGGAAAGATCCTGAACGAGATGTATCGTTTTGGCCAACGCGCGGTTGAGGCGGCGCTCCAAGGCGCTCCGATGTCCCTCCAAAAGCAGATGCGTGCGTGGGCATTGAACCGTCATCATTGGTGTTATATGTGCGGGCAGGCGCTGGAATTCAATCAGAACGACCCCGTCAGAGGTTATACCCTTGAACACATCTGGCCACAATCATATGGAGGCGACAGCATCGAGGACAATTTCCTGCCAGCGTGCCAATCGTGTAACAGC
NZ_CP121196.1_gap93	4515538	4520532	4994	AGTCCCCGTTACTAGCGCGTCCAATCGGTCTTGCCGCCCCTTCACCCAACGCGCATAGTGCTTCTCCGTGGTCTTGATTGACTCGTGCCCAAGCAGCTTACTGACTTCCTCCATGGGCACTCCCTTCTGTAAAAGGTCAACGGCAAACGTGTCACGTAGCCTGTGGCTGACCATGTGGCCCGAGCGAACACCGGCAGCTTCAAACAGAGGGCGGACGTACCGGCTGCCCCACATGATTACTTGACTCCGCCCTTTGCTCTTCCCTGTCCAAAAAATGTACCCAGGATTCGCTGACGGGACCTCAAGCACCTCTTTGGCAACATCCGGCGGAATCGGCACGGACACATGCGTCCCTGTTTTCTGCCGAGCGGTCACCACGCGGTAAATGCCGCCCCGCTTTTCCTGAATAATGTCCGCCTTACGGATCTTCACCGCGTCCTGAATCGCAAGCCCGCTCCATCGCATGAGTTGAATCAGCGCCCGCAATCTCTGCTTGGTCTCCGTGCTCAGCAATCGGGTGACGCCCTTCACGTCAAACCGCGCGGGCCTCACGGAGTCAATCGTGCGAAGAATTTTGGCATACTCCGCGTCAGTCAACGGGAGTGTGGGAGGCTCATTTGCTTCAACCTTGGGCACGGCGGGGATGCGGTCCAACCAACGGCACTCAAAGCAATAGCGCAAGAAGCTACGGAGGCGCTCACGCACTGAGGCCCGCGTGTTGCTGGAGGGGTAGTGCTCTTCCCACGTTGAAGCGTACCCCGTGAGCAGCTCTCGCGTGATGCGTGTGACGGTGAAGGCATTTTCTCCTTCGCAATACACCTGAAAGCGGCCTAGCTCACTTCTATACCGAGCAACCACACCGTCAGACACGCCCCGCACCTTCTTGTCCGTGATGAATAGGTCAATGGCCTCGGTAACGGTGCGGACATTGTCTTCCGGTCTTTGCTCCGGTATGCGTCCGGCTAATTGGTCTTGGAGCTGCCGTTTGATTTCCTCTGCTTCCTCCCAAGAACGTGTCCCGGCCTTGCGGCGGTATTGGGTGCCGTTCTGAGTCCAGCGGAAATGTTTACGGCAATTGCAGCGACGGGAAAACTCATCCCCAGAATACTTGCACGGGTTCCCTTTGGCGTCGTTGCCGTGCCGGACAAAGATAGTGATGATGGACGTGCTCATTCTTTGTGCCTCTTTGGATTACGGACACACGATAGCACAGAATTAGCACAAAACTCAGTGACAAAGAAAAATCCCCGCTGTTTATGCGGGGATTCTTCCTCGGTAAACTGTTGGGATTGGACTAAGGCCATCGCGCTGAAAGCGATTGCCAGGGCCCGGCGGTTGAAACTGCCGCTGGGGCTTACTTGGGGCTTGGGGCGCGATGCCCTAGGCCTCAGTCACCTCACGTAAAAAACTACTCGAACAGTCATTTTGCATAGGCTGGATCAACCTCCTTTCCCGTGTAGCCTCAAACTAAATCAACGGGCGCAAGCCGTCAAGCCGACGATGATCGGGAAATTCCATCAGCGTCGGCGAGCACAATAGGAGATTCGTTTGTGGTTACTGAGGGGTGTTGGCCTTCTGCGTTGCGTTTGCAGCTTTGTTCTCCTGCTCCATCGCCTTGGCGCTTTCCTTGTCCGCTTTGGCACTGTGCTTCTCGGCATCAGCATGTGCGCGCGCTGACTTCTCTTCCTGCTTCTGACGCCGCCTCTGCTCCTTCAACTCCCGCTTGGTCAACGGTATTGGGGCATCGAGCGACTGGTCGTGCATAGGAGCCGGCGTCACCATGTCCTGATCGTGCTTCGGAACAGGGGCTGCAGAATCCTGCGTGGTAGTCGTAGTAGTGGTAGTTTGGGAACCGGGCTGAGGTGGAGGCGTATTGGTCGGGGTCTGTTGCGCGATGGCTACTGTGGAGAAGGCCGCCAGGCCGAGTAAAGCGAGCCGTTGAAACGATGTCATGAGGGGTCCTTTGAATTTCGGCCCTTGGCCGGTTCGAACCCCTATCTTGAGCCAATCCAAAAGAAAACTCTGGTCAATTATGACCAGTATTGTTATTTAGCTGGAGCTTCGCTCGACTTCGAGCTAGATCCGCTCTTCAAGCAAAACGCTTACGGTGTCGCCAACGTCCTTGCCGATCCGCTTGCGTGTCTCCTCTTTCACGGGCAGCTTGTGCCTCCCGTCGCCGAGAGCCATGAATGAGCTCTCAAACGGAACGCCGTCGACTTTCCCGCGCACTTTCACCAGCCCGCGCGTTCCGAAAAACTCCGCAGATTCAGGCCAGACCACATACGTCCAGCCGCCTTTGCTAGGACTCTTTTCGAGCTTCGCGGTAAACCGCTTGTTCAGCATGCGACGTGTCCTTACGCGGACATCCAGGAGAGGCGTTCATTGTCCGCTGTTTTTAAGCGAGCGCGAGGTTCATGTTGTCGATGGCTTCGTCTATCTCCTGCGTGCTCTTGAATCCCACCGTGGCGCAATCGATACCCGCATGTTGAAATGCAAATCGCATCGCAGCCTGGCGATCTTCGTGCTTCGTAAACGTGCCGTCGCCGCACAGTTTCATGCTGATAACACCCATACCCTCACTCTTCACCTGCTTGACGTGCGACACAACCTCCTGCACGTTGCCGGCTTCCGGTGTGTCCGGAATCGGGCCATCCATGCGGGTGCCATTGTGATTCATGCGGATCATGGCAACCTCAAGAAACTTGTTACCCGGTACCTGGCGTAGCGCGGGCAAGCCATGCACGGAGGCACCGCGTGTCTTGATAACGTTTTTTGACTGCGCTTGAAGCATCCCTTCCTGCCAGTGCTTGGTCTCTTCCATCCAGTTGCTGGTATGTTGCCAGTGCAGCAGCATGATGTCGAAGTATTCTGTCTGGGAAACGCGGCGCATATCGTCGAATCTCTTTTGAGGATCGACACCCGAATCCGTCGTCACCTTGTTCATCAACTGGTAGCTGTCGCGCGGATATGGCTTGAGGGCTTCGCCAAGCATCGCCGGGGTCATATACGCCTCGGCGGTTTCGAAGAACCGGATACCGTGATCGTACGCATACGCAATCAGCCGCGAAAACTCCTTCTGACCGAGCGCCGCCTGCACGTGCCCATTGTTGCTGCCTGTTCCGAAGGCGAGCCGTGTCACCCTGAGTCCTGAATTGCCCAGCGTGACCACGTCAGTAGCGGTCCTGCGAGCCGCATGCAGGGGAAGCGTGCCCGCGAGCGCGCCCGCGGCGATGGTGGTTTTCAGAAAATCGCGTCGATTCAATTGGCTCATGGGGACCTCCGGATTTGGGCTGCGAACGCAGCCATTAGCGGAGATGGTAGCATGAGCGCGCAAAAATCGCAGGCCCCGGCGATAGAGAGCATCAGATGGCAAAAATTCCTCTTGACAGCGCAACGGTTCGTGCTAACTTACCGTTAGTGGACGCTTACCTACAGGCCGGACTTGATGCTCTCGCCGATGCAACCCGCATGGCGATCTTTCAAAAGCTCTCTGCCGGCCCGATCGCCGTGAACGAGCTTGCCAGCATGCTCCCCGTTACGCGTCCCGCAGTATCGCAACACCTCAAGGTACTCAAGGATGTGGGCCTCGTGACCGATACCAAGACAGGAACGCGCAGGCTATATCAACTCGATCCCGAGGGCGTGGCCCGGTTGAGAGCGCACTTCGATCAGATGTGGACGAGGGCGCTAGGCGCCTTTCAGCAGGCAGCAGAAAAAGACAGCGGAGGAGGCCGTCATGCAAAAACAGGCAGAAGAACTCGATCTAAGAGTGTTTAAGAGCATTCACGTGAAAGCGCCAATCGAACGCGCTTTCGCGGTATTCGTCGAACAGATGGAGGCCTGGTGGCCGGCAACCCATCACATTGGCAAGACTCCTTTCGAGGCAATCTTCATTGAGCCGCGTGTCGGCGGCCGATGGTACGAACGCAACGTGGAAGGTGTGCAATGCGATTGGGGAAAGGTACTCAAGTGGGACCCACCGAATGCAGTGTGCCTTTCATGGCATGTGGGTCCGGGGCATGATTCCCCCGATTGGACATTCGATCCGGACATGGAAAAGGCGAGCGAGGTCGAGATTCGTTTTTGCGCGGAAGGCTCTGACAGGACTCGCGTCGAACTCGAACATCGCAAGATCGAGCGGCATGGCGAAGGAGCCGAGCAGCTTCGTGCCCTCTTTGATGGTCCCGGTGCGTGGTCAGGAATTCTCGACTGCTTCGCCAAGCGGATCGAATCGCTCTAGCATTTCCTCTTGCGGCTGGATTCGCAACAAAGGGCAAATCCAGCCGGCAAGTTCATTCCAGATTGGAGACAGCATGAAGTCCGTCCTTTATTTGCGCATTGCATCGATTCTCACGTTGATCCACTCGATTCTCCACACCATCGGCGGCGTCTTCGGGAAGCCGCCCTCCGGCCAGGCGGCAATGATTGCTGCATCAATGCGATATCGCTTCGAGGTTTTTGGAGTAATGCGCAGTTACTCCGACTTCTATCGCGGAATGGGTCTGGGCATCACTGTCGCGCTCACCATGGACGCTGCAATCTTGTGGTTGCTGGCGTCGCTGGCCAAGTCAGATTCGGCATGCCTCCGGCCCATTATGGCTGTCTTTTTGATGGGCTATCTGGCGCTGGCTTTGAACTCATACACATTTTTCTTTTCCGGTCCCGTAATCGCAGAATTGCTGATTGTGTTCTGCCTGGGTGCAGCCATCTTGACTGCAAAGCACGCGGACGAGCAGGAACCTCAAAGCAAGCAATCGGGATTGAAAGCGGCACAGCTATGACGTTCGTTCCTGACCTCAATTCTTGCGTGTGAGCACCAGGTGTCATTTAAACTGGCCTTCCGCTGCTTACCGCGCGGAACACGTAGAGCCAGATTCTCCTGAGGTGATCCCTTATGAAATCAATTACCACGCGCAGAACCTTCGTAGGCGCGGGAGCCGCGGCGCTTGCGGTAGGATTTTGCGAAGTCCTGCCCGATACGGCATACGCCGACA
NZ_CP121196.1_gap94	4525534	4526581	1047	CTGCACACCTTTCTCAAGAGCTTTTTCAGCTTTTCCGCTGTGAATGCAACGGAAAAATTCAGTCGCAACGATCCTGGTGCTCGTTTTGGATCGTTCGACTTTTCCTATCGCGTACCGGGTATGCGCAAATGGCTGACCCTGTATACCGATGGCGAGGTACACGACGACATTTCCCCCATCGATGCGCCGCGCCGCGCCTCCTGGCGTCCAGGACTTTATCTTTCGCATGTTCCCGGTGTGCCGAAGCTTGATATCCGTGCAGAAGCCGCCACTACCGATCCGCCGGTTTCTACAAGCGTAGACGGCCGCTTCATGTATTGGGAGACCATCCAGGTGCAGGGCTACACCAACAACGGCCAAATCTTCGGCGACTGGATTGGGCGCGAAGGCAAAGGTGGGCAGGGATGGCTTACCTACCATCTCAGCGGCAATGAATGGATCCAGGTCGGCCTGAGAAATCAGAAAACCGCCAAGGACTTTATTCCCGGATCGACAACGCTGACAAAACCCGGTACGCCTTATCCGATAGAGGGTGGCTCTACCTTGAACGACATCAATTTCCAGGCCGTGAAGCGCATCGGCAAGGACTTCGAAATCAATGGCAACTTCGCGCTCGAACATTGGAAGGCGCCGATCTACCTGCCGGGGCAGCAGACCGTGACCACCACAACGATCAAGCTTACCTGGTTCCCCGAACGCAAGGTCAGCTTCTGATACCAACCCGTCGCATTGGCCCGGATCAAGCGCTATCCGGGTCGATCACTTCTTGAATCTAGCCGTCGTATTTGCCTGTTGCTAATATTTCTGCATGCTTGCCCACCGACTAGTCCCGATCCTGAATGTGTCGAACATCCAGGAGAGTTTTGGCTGGTTTGAAAAGCTCGGCTGGAAGAAGGGATGGGACTGGGGTGATCCACCGACCTTCGGCGGAGTCTGCTCGGGCGCGTGCGAAATCTTTCTCTGCGAAAACGCACAAGGCGGCCGCGGGAAGAGCGCCGTCGCCATGACCTTCGGACCGCGCGGCGACGAAGAAGGCGATAAAGGCGT
NZ_CP121196.1_gap95	4547462	4548623	1161	AGTCGGTGGTCATGGCTCCAGCCGCGGAATGCTCGTCGAACTCGAGCAGTTCCTCGACTTCGTGCCGCTCCTCCGGCTCCATCTCTTCCAGAATCGCGTCCGACCGGTAACCGGGCAGTTCCGCCAGCAGGTCGGCCGCAGCTCCCGGATCCATTTCTTCGACAATGTCGGCGATCTTTTCTTCGTCAAGCTTCTCAAGCAGAGAGAGCTGCAGCTTGGGATCAACTTCTTCCAGGGTTTCGGCAGCCACTTCTTCGTTGAGGGACGTAAAGACTGCGTCGCGCTCTGCTGGGGCAAGATCTTCGAGAATCTCGGCGAGGTCTGAAGGATGCATCTCGGCCAGGCGCTCGTACTCAATGCGCAGCTTTACGCGGCGCGCCGGATCCACTTCGATCACGTCGACGAACTGCCATGGAATGCCGCGCTCTTTGAACTTGCACGACATCGTCTCAAGTGAAGCTCTCGGCAACAGCCCCTTGAACACCCGGCGGAAAGCGCCCCGCAGCCCCACTTCAACTTCAGCCACGCGTAACAGATGCTGATCTCCGTCGGCTTTCCACTCCAGGTCGACGTCGTTGACGCGCACCACTTTGCGCCCGTGAATGTCGATGATCTGGCGATCGACCAGGTCCTGCTGCAGGTAGATGTAGTTGCCCTGGTCTTGAAGCGGCGCCAGCGTCTCTGTCGACGTCAGTTCCAGTGTTCCTGCCGCAGTCTCGCGCACGTCCTGCGAAGGAACTATTAACAGACCAGTGCGAGTCTTCAGCACAAGTCCCGCAACCTGACCCGCCTCCGCGCCTGTAGCGACAGCAACATCCTTCAACTTGCCGCGCACGTTTCCCTGCGCATCTGTCACCGCGGTCCCCAGCAGCGCGGTCAAACTTACGCGGGTTGTGACGCGATGATTCACAAATTGAGTGTACTGCGCCGGATCGAACTCAATCGACGTATCGTCTGCACCACAACGCGCCCATGAATGTCCCATGCCCTGTCAAGTTCACCATCCCTACTCCACCATCCAACCCGCACCTTCCAAGCGTGAAGATTTCCGCGCAGGTTTGCAGGAAATTTCCCGCTTCAAACACAATCATGTGGCAGCAGAATGTTCATCCAACTCGCACGCAACTCAGAGATGATCCCCGGACGCTGTCTTCGCCACTA
NZ_CP121196.1_gap96	4558820	4563656	4836	CTATCGAAAAGACACGCGTAAGCCCGGCTTCGATCCACTTTATGTTTACGGATATGGGTCTTACGGCTACTCGCTTCCGCTAGGGTTCAACTCCAATCGCCTGAGTCTGCTTGATCGCGGCGTAGTGATCGCCTACGCTCACATTCGCGGCGGCGGCGACCTGGGTAAACCATGGCACGACGCCGGGAAAATGCTGGTAAAGCTAAACACGTTTACGGATTTCATTGCGGCCGTCGAACATTTAACGGCGAACGGCTACGGAGATCCTGCACGCGTGGCCATCGAAGGCGGGTCGGCAGGCGGACTGCTGATGGGCGCCGTCACGAACCTCCGCCCCAATCTGTTTCGAGTCGTCCTTTCGCATGTGCCGTTTGTCGACGTAATGAACACCATGCTCGACGCTTCTCTTCCGCTGACGGTTCCCGAGTATGAGGAATGGGGCGACCCCAACGACGAGACCTACTTCAAGTACATGCTGAGTTATTCGCCGTACGATAATTTGAAGGCAGCAGGTTACCCGGCCATGTTAGTGAAAACTTCGTTGAATGACAGTCAGGTGATGTACTGGGAGCCCGCGAAGTACGTAGCAAAGCTGCGAACGCTCAAAACCGACAGCAATCCTCTGCTGCTTGTTACCAACATGGAAGCGGGCCACGGCGGAGCGAGCGGACGTTACGATTATCTGAAGGAAATTGCGTTCGACTTTGCTTTCTTGTTGCGAGAACTCGGAATAGTATGAGAGTTTCAACATTTCAGCGGGGACATCATGCGCCAATTCCTGGCTGTTGCGATGATTTGCGTAGTTCCAGGTTTCGTTGCCGCGCAACAGCCTGCTCAATCGGATGAGCCTCAAAAAGTCGGTCCAACCGTACGCGCGCCAATTCCTGTTTCGACACCTGAAGCATCGATGCCTCAGAAGGCTCGTCTAACCCAAAAGAATGGAATCTGCCTGATTTCCCTCGTTGTCGACGCCACCGGGCAACCTGTTAATCCTCAAGTCGTCCGGTGCTCCGATTCCATGTTTGCCGCTAACAGCATGGAAGCGGTGAAGAAGTACAGATTCAAGCCCGCAGTAAGAGTTGCCGATGGAACTCCAGTTGCAGTGAAGCTTTCCATCGAGATCAACTTCCGGTTCAGCGACGGGCTGTCTGGTTCTATGGAACCTCCAGCACAACTCCGCTATGGTTTTTCATCTCCACCGGGCGTCACATCGCTTGAGCCCGATGCGGAGGGAATTTATCCGCTCTCCAAAAGACTTGAGATGCCGAAGATATCTGAATTCGTAAGCAAAGGCTTCGCTGCCGCAGCCATGTTCGCTCCCGATGGGACCACCTGTCATGTGTTGCTCACCATCGACAGCAAAGGCAAACCCTCGAACGCTCAAGTGTTGAAGTGCGACAAGTCTTCGTTAGACCAGGTCGCGATCGATTCCCTGATGAAGTCAAAATACAAACCAGCGAAACTGAACGGGAAAAACGTCTCCGTACGAACGGCGGTTGTGCTCGTGTATGAAGGATTTGGACCGCACGAGGCGCTCGACGCAGGTGTCCCCTCCGCGTCCTCAAAACCATAACAAGTAGAGTCGAAGAGGTTCCGCGAAGGCCAGATGCTTGCTAAGTCAGTCGAGACTTATGCGCCCACAGACCAAGGCCCGGATTGGAAACAAAGAAAACTTCCTCCCCATCCAATCGGTTATAACCATGCGATAACTTATCAGGGTTGTAGTGTTCCGACATCTCAGCATAATTCCCGTACTTGTAACCGACGCCTTCTATTTCTTCGCGACTCAACTGCCCCGGACACCATGTAATGCTGAATCTGTCTTCGGAGGAGCCGTGGATCAAATGCGCGGCCGCCCCAAGCTCCGCAGCCAGATCCCCATTCGCATCCACCGCTGCCAGGGTGGCGGGCGTTCCGTTGTATCCATACTTGCGAATCAATCCGTCAATGCACTTGTCTTCGCCAAACTCTTTTACGGCTGGAGCAAGAATGATCAGTTCCGCGCCGTCCGCCAGCGCCATGCGCGTCCGATACACCGCCTTGTTCCCGAGCCACGTGGAATGAAATTCGTGCGGATCGAGATAGACAACGGCCTTTCGAATTGGCTCGCCTACTAACTCGAAATTCACCTTCAAACTCAGTGCCGCCGCGCGATGGAAACACTCAGCATCGTCGCCGATGAATAGGCCGCGCACCGCGAGCCCGCCATTGGCACGCCTGCCCACTACCGTCTGCACATAGATAATCGGAAACGCGCGCAAAAAATGATCTGATGCATAGTTGAGCACCGCCCGCACGGGATTCTCCGCCCGACCCATGATGCGCTCCATGCCGTAGACCGCGCCCAGGTAGTGGCTGAGGTTGATTCCCTGCCTTCCCCCTGCGCCAACCAGAATGTTCTTGTTGTAATTGGCCATGCCAATCACTTCATGCGGCACAACCTGCCCAATGGAGAGAATCAGATCAAAATCACCCCGCGAAATAAGCTTGTTGGTCTGCGCAGGCCAGGCAAAGTTCAGCTTTCCTTCCGACTGTTGATGGATGAACTCAGCAGGTACGTCGCCCAGAGTCTCTACATCTGTCCGCCAGTTATGAACGCGAAACAAATCGTGCGGCATACCCGGAAACATATGGTCGATCTGAGCGGTTGACATAGGCGCATGGGTTCCAATGGCAGGCAGCACGGCCTTCATCCGGTCCCCGAAATGCGCCCAGGCCGCGCATGTCAACTCCCCGGCCTGCGAATGGAGACGGGTGATGTCCGGCGGAACCGCCAGCACACGCGCGCGTTGGCCGAGCTTGTCGAAACTTTCGACAAGAAGCTCGCCCATCTCCTTTGTGCCGAGATCAACATCTACGCCGCCGTGTGCACAAAACAATGCCATGAGCTTAACTCTAAACCAACCCCATCCCGACAGCGACGTTCGCCTACTTGAGAGATCGCGTTGAACCGCCTCTTGGCCACGCGAAAAAGCGAGGATACCAAACTCTTTACCTTATCCATTTCGTACGCTACACTGCGGTGAAACTGGTCCATGGAATCGTTGATGACGAGTCTGAAGCGTCTCTTGGTGGTTGAAGATCAGCCGCAGGAAATGAAACTCGCGGCGAGTGCTGCCCAATCGATGGGGATTGCGGATGTGGAGGGCAGAACATCGATCCGGGGCGCGCGTGAGTATCTCGACAGCGGACTTCGAGGAGAAAGAGAACTTCCGGACGCGATAGTTCTGGATTTGGACTTGGGATACGAAAGTGGATATGAACTTTTGCGGTATTGGCACTCCACACCACAGTTAGCCGCAATCCCTCTCATTGTCTGGTCAATTTTGGGAGAGCAGCGCGAAATGTGCCGTCTTTTTAAAGTCACCCGCTTTGTAGGCAAGTGGGAAGGCGAACGTGCGTTTCGTGAGGCGCTCTGCAATTTGACGCAGTCAAGCCCCGAAGAATTCTGACGGCGAGCGCTGCCATCTTTTTCACTGCAAATTGCATCAATGCAACCTAAGGAATTCCCGCACAGCGGTCAATCCCCGGACAACTAAACCACGGGCTTTAGTTCTCTTCCGATGGCTCGTAAGGAGAGCGATGTGAATGAATTAGCTGGAGTTATTTCCCAGAACGAAGACAAGTTGCGGGCCGAGTGGATCCGGGACATGGGAAGTTCTGTTCAACGCGCTGACCTGATCGGCAAAGACGAGCTGGAGGAACAATGTCGATCGCTTTTGAGTGCGATCATAACCGGACTTCGGAGTAGTTCCCCCACTGACACGTCGTCTTCTGGATGGAATTCCGCTCGCGAACTTCTGCAAGAGATTTCAGGGTCCCGCGCCCGCCAGGGATTTTCGTCCTCAGATGTCGCGACCTTTGTGTTCTCACTGAAGCGTCCAATCTTCACGGCAGTTCGTCGTGAGATGGCAAGCACCCCAGACAAGCTTTTCGACGCGATCTGGACAGCGACAGAACTTCTGGATCGACTGGCACTCCTCACGACGGAGTCCTTCATGTCTGCCAGGGAAGAGCTGATTTCTCGCCAGCAACAGGAGCTTCTTGAACTCTCGACGCCAGTTGTAAAGCTGTGGGATGGCATCCTCGCACTGCCTATTATTGGAACTCTCGATAGCGCCAGAACACAGGTAGTGATGGAGAGCCTGCTGGAGACGGTGGTCGCCACAAATTCTAAGTACGCGATTATCGACATTACCGGCGTTCCCACCGTGGATACGCTGGTGGCACAGCACCTCCTCAAGACGATTACGGCAGCGCGCCTGATGGGTGCCGAATGCATCATCAGCGGAGTACGGCCTCAGATCGCGCAGACCATCGTTCACCTAGGTATCAATCTCGAGGATGTGATCACGAAAGCCAGGTTGTCGGATGCGTTCGCTCTCGCCTTGCAAAAAAGCGGCAGGAAAGTTGTTCGAGACGGCAACGCCCCGGCGAGCCCGATCAGCGCTCTCTTTGCAAAGCGGGAGGAGTAAATGGAACGAATTCCAGTACTCCGCATGGGTTCGCTCCTGCTGATCACGATCCAGGTGGACATGCACGACAAACTCGCTCTTCAATTGCAGGACGATGTCACGGAGCGCATTTCGGATTGGGGATCCACCGGAGTGCTGATTGACATTTCGTCTCTTGAGATCGTCGACTCATTTATTGGGCGAATGCTGGCAAATATTGCTGCCATGTCCCGGGTGTTAGGAGCCGACACCGTTGTCGTCGGTATGCAGCCGGCAGTGGCTATCACGCTCGTGGAACTGGGTATGTCTCTACCCGGCGTTCGCACGGCGCTTAGCGTGGAAGCGGGAATGGAACTCCTTTTCGGAGATGTCCCCGGAACGC
NZ_CP121196.1_gap97	4564854	4567651	2797	CACGCTGGGAATGATGAGCCCTAAGATTCAGGAGTTCCGCTCCGCATGGTCACCGGCCTCAACGTTGGTGCTGCATTCGGACGGCTTGCAATCAAGATGGGATCTCTCGTCGTATGCAGGACTCATAGCGCGACATCCTGCAGTCATCGGAGGCGCCTTGCTTCGTGATTTCCGCCGTCAACGCGATGATGTAAGCGTTGTCGTAACGAAGGCAGCGTGACGAGTGTCGATTCCCATCATCAATCTCTCTCTCCTGACCGAACGAGACGTCGTTCACACCAGGCAGCGTGCCCGCGAGGTAGCAGCGGAACTTGGGCTGGACAATCAGGATCAGATTCGACTGGCGACTGCTACCTCTGAGATTGCCCGGAATGCGTTCCGATACGCGCGGAACGGAAAGGTAACGTTCTCTCTGATTCTGGAACCTCCGCAACGGCTGGAAGTCACCGTATCGGATTCAGGATCTGGAATTCCTAATCTGGACCAGATATTCGAGGGCAGATATAAGTCTGAGACTGGGCTCGGGATGGGATTAATCGGCACACGTAGACTGATGGATGAGTTTCACATTGAAACATCATCCAAAGGCACCACCGTGCGCATGGCCAAGCGCATTTCCCACCACCACGATACCTGGACACAACGGACTGCACACGATCTAAGCCGGAAGATGCAGACCCGCGCTCCTGAGAATCCGTATGAGGAGATTGAACAACAGAATCAGGAGTTGCTGAAGACTCTTCAGGAACTTCGTTCGCGGCAGGAAGAATTGGAATTACTCAACCACGAACTCGAGGACACGAATCGCGGAGTGGTCGCGCTCTACGCAGAGTTGGACGAACGCGCGGACTACCTGCGACGAGCCTCTGAACTTAAGACTAAGTTTCTCTCCAATGTTTCGCATGAGTTTCGGACTCCACTGAATTCGGTCATCTCGCTGGCTCGTCTTTTGCTGGAGAGGATTGATGGCGATCTTACCGCCGAACAAGCCAAGCAGGTTCGGTACATCGAGTCCTCCGCCCGTGATCTGCAGGAGATGGTCAACGACCTTCTCGACCTGGCCAAGGTTGAGGCAGGAAAGATTCGCATACGGCCGAAGCGCTTTGAGGTTCATGAGTTATTCAGTGCTTTGAAGGGGATGTTGAAGCCGCTCCTGGCCGACAACAATTCTGTCGATCTCATTTTCGATGATGCGACAGAGATACCCGCACTGCGCACGGATGAGGGAAAAGTCTCGCAGATTCTCAGAAACCTGATATCGAATGCTCTGAAGTTCACTCCGAACGGCAAGGTTACCGTATCCGCGCGGATGATCGAGAATCAGGACATCGAATTCACGGTTGCAGATACCGGAATCGGCATTGCCCAAGAGCACCACGAAGACATCTTTAGGGAATTCAGTCAGGTTGAGAATCCACTTCAGGAAAAGTATCGCGGCACCGGGCTCGGTCTACCGCTTTGCCGGAATCTCGCGATGCTGCTAGGCGGAACGATATGGCTGGAGAGTGAGCTCGGCGTTGGGTCAACCTTTGTCGTTCGGCTTCCTGCAATCTATGTAGGAGAGGCTACGCAGACAGAAGAGATGTCTCCGTTGCCTGTGCCAGACTTCCATCGTGCCCCGGTTTTGTTTCTTGAAGACAATATTGAAACATTAGAACTCTTTGAGACGTATTTGCGGGAATCAGAATTTCAGCCCATTCTGACCTCAGAACTTGCACAGGCAGAAGCATGGATTGCCCGGCATACGCCTGTGACGGTCGTGGCTGACATCTATATTGGGAACGACTTATCGTGGAATTTCATTAAACGACTACGCGATCGTCTGCCCGATTTGCCACTCATCGTAACAAGTTCGCACAACGAGATGCAGACTGCGTATGCAAGCGGCGCCACTATCTTCATGGCAAAGCCGGTTGATCGCGATGTGCTGCTCACCGAACTTCGCCGACTTACATTGCATGGAGGAACACGAAAAGTCCTGCTGGTGGATGACAACGAGGTGGCGCGCTATATCCTGCGCGACCTTCTGGATCAACCGTGGCTCGAGGTGCAGGAGGCAGCGAATGGCACCGCTGCTTTGAGCGCGTTGAAAGACAGCATTCCTGACGCGGTTATCCTTGATTTGCTGATGCCGGATTTCAGCGGATTCGAAATACTACGCCAGCTCAGATCACAGCCGGCAACTAAAAGCCTGCCCGTTCTGATCTACACGTCCAAAGTGCTCACAGATTCTGAAAAGGTTCAACTGGACAATTGGGACGCAAAGATTATCCGGAAAGAAGAAGTGACCTCCCGCCTGTCCGCAAAGCCGTTCCTCGATTGGGTCAAATCCGTCGGACTGGTTCCCGAACCTGCAACCAGGGAGCACAATGCCTGAGTCACTTCGACCGCGCGTCCTGATTGCCGATGATCGAGAAGAGAACCGGTACGTGTTGGCGCGCGTTCTGGATAGTGCGGGCTTCGATTGCACGCAGACCGGAACCGGGTTAGGAGCGCTGGAAGCTGCGCAAACTATACCCGACATCATTATTCTGGACGTCCGTTTGCCTGACATCTCAGGCTATGAAGTGTGCCGGCGTATCAAGAGCGATCCTCGGACCGCTTCAGTGTCGGTGCTGCAAATCTCGGCTTCATTCACCTCCAGCGATGACAGGGTACGAGCGCTTGAGGCCGGTGCAGATGGGTATCTCACTCATCCCATCGATCGCATGGTGCTGATAGCTACCGTAAGGGCGCTTCTGCGACTTAGAACAGCGGAGGCCGCTGCTCGCCAGGCTGCCAACCAATGGCAATCAAC
NZ_CP121196.1_gap98	4569334	4570697	1363	CGAAAACTGCGCTTGATGTCTACACGGAAAAAGTTGGAGTGTGCCGCGATTATCAGCATCTGGCGATCACGTTTTGCAGAGCGCTGAATATTCCAGCTCGTTACGCTACTGGATATTTGGGAGATATTGGAGTGCCTCTTCGTTTACCGATGGATTTCAGCGCGTGGTTCGAGGTGTACCTCGATAACAGATGGTGGGCATTTGATGCGCGCAACAATCAGCCGCGGTTGGGGCGGATACTGATGGCGACTGGTCGAGATGCATCCGATGTTGCCATGACCACTTCGTTTGGACAGGCTGACCTGTGGAGTTTCTTTGTCGTATCTGAAGTCGAGGAAGCGGCGATACCAGGTTGATCAGGGCTCGACAGATTCGAGGTCTACTCCAACTTTCAGCGTGTGGGCACCGCCACCGAGAATCAAACCATGCAGAGGACTAACATCGCCGAAGTCGCGTCCCCACGCAATCGTGACGTGGCCCGTTGAAGGAATTACATCGTTGGTCGGATCTACATCGAGCCAACCAATTCCCGGACAGAATGCGGACACCCACGCGTGAGAGGCGTCGGCGCCAACCATCCTCGGTTGACCGGGAGGCGGGTAGGTGCGCAGATAGCCGCTGACGTATCTTGCGGGCAGGTTGATAGAGCGAAGACAGGCGATTTGTATGTGTGCGAAGTCCTGGCAGACGCCTCGCTTCTTGCGGAAGACTTCTTCAATCGTAGTTCTGACCGTGGTCACTTTTGAATCGAAGCGAAAGTCTCGATGAATGCGCGAAGTCAGGTCCAGGAGCGCCTCGACCATGGGTCGCCCCGGGGTGAAAGACTGCTGCGCATAGCGCGCAAACTCGGGCCGAAGCCGAATGCGCGGCGATTCAAACCGGAATTGATATGCTTCGAGCGCCTCGGCGCTGAGATCTTCGGGAAGTCCTTTGACAACATCTTCCCATGGAGTTGATGCCAGACTTGGATCGAGCGAGGTCTCCTGCATCTCAACACGGCTGCGCGATTCGACGATCAATTCTTCGTGCGGCTCTTCGATCGTAAAGAAGTATTGGTGATTGCCGAAATAATCCAAACGCTCCGTCATGACGGCGGGGCAGGGCACAATTTGCAATTCGCTCTCAGCAACGCGATGACGAGGCAGCGAACGGGGCCGCAGACAGGCGACGTGGCTCCCCATTGATACGGGATATTTATATTTGTAAGTCGTGCGGTGAACGATTTTATAGATCATAAGCCAACGCTGATCGGAAGCGTGCGGGCGTGACTGAAATACCTGCTCGATAAATTATCTGACCACGAAGGGAGCAGGCGCTCCAAGCTCCCGAGGAAATTTTCCAGCCGAACGAGACCTTCAGAGCC
NZ_CP121196.1_gap99	4737201	4740703	3502	GATGTTCGCTAAGTAAAGGTTCATCGTCGAGGACAGCTTCAAGGTATTTCGCTTCGAAGTCGGTGGGGGCCGTGGCCTCGGTCGCTGTAATGACGCCGATCAGCTTCTCGTTTCGAAAAGGTGCGATGACGCGTGCCCCACGCGTAATTTGCTCGCCCTCGCGCACGGCGTAGGTGAAGGTGCGGTCGAGCGGCACCGGCAACGCGACTTCGCAATAGGCAGGCATCGGGGGCAACTCCCAGTTTAGCGGTCACGCCCGAAGCGCCTGTGTGTGTAACCTGCATCATTTGGCAGCGTGAACGCGTTCCGTTTTATGTTCAGTGGGCACTGTTCATGGTTAGTCGTCTTCAGTACAATTCCTGCTGATGACCGCCCAACCTGCCAAGCCCTCCAAAGCCCCCCGCAGCACTTCGCCCAAAACCTCAAACCCGATCACCATGTGCATTGATATTGGCGGTTCCGGCCTGAAGGCGATGCTCGTCGACTCCAAGGGCCATCCCGTAAGCGAGCGCGCACGTGTCGTAACGCCGGCAATTCCCACGCCAAAGGCTGTGCTCAAAGGCTTGGAAGAGCTGCATACTGCACTCCCCAATTTTGATCGGGTCTCGGTCGGATTTCCTGGCGTGATCAAGAAAGGCGTTACTTATACGGCCGCCAATCTTCATCCTCTATGGTACGGATTTCCACTCGAAAAAGAACTCGCAACGCGCTGGAAGAAGCCGGTGCGGCTCGCGAACGATGCGGCCGTTCAGGGATATGGATGCATCAAGGGTGATGGCGTTGAACTAGCCATAACGCTTGGCACGGGGATGGGCTCTTCGCTGTTCACCGATGGCCGCCTGTGCCCGGGGCTCGAGCTCGGGCATCATCCCTGGCTGAAAGACCGCGAGTATGAGGACTACCTTGGACGCCGCGGCCTCGACAAGTACGGCAAGAAGCGCTGGAACAAATTGCTGCAGCTGGCGATTGAACAGACGGCCAAACTTTTCAACTGGGATCATCTTTACCTTGGCGGTGGCAACACGAAGAAGATTGATTTCAAGCCCGGCAAGAACATTGAAATTGTTTCGAACGAAACTGGTCTCCTGGGCGGCGTGGCGCTATGGCGGGAATGGGATTGATCCACCAGATCGAGAATCGGAAATAGTGCTTGATGAAGCCCCACGGCTCCAGGCCGTGGGTTTTTCTTTACGGAGACCAAGATCCCGCCTTTGCGCGAAAAGTGACGTTCATTTTCGGACACAAATATTCGTTTGCGAACGCTCACCCGCCGCGCAGCACGAACTCAAGCCCCCTAAATTACTGCAATAGCGCGAATTAAGCGACCTGCGGTTTGGCCGCGGGCATGCTTCGTCTCTGGTGAAGACTCTATCTCGGAGAAACTAATGCAGAAATTTGCTATTGATCTAAAATTTGCGCTGCGCCAACTGAGCAAGTCGCTGGGCTTCGCCATCACCGCGGTTCTAATGCTGGCGTTCGGCATAGGAGCGACCACGGCGATCTTCTCCATCGTCGAGGGCGTACTGCTGCGGCCGCTTCCCTTTCCGGATTCCGATCGACTGGTAGTGCTGTCAGATCATTTGGAGGGAGTCAAGGTTGGAGGAGGCGGTGACGAAGTTGGCGTGACGGTCCCCGACATCAAGGCGTACACGCGCGACACGCGGTCCTTTACCGCGCTTGGGGGTTACCAGGGCGCAGGCTTCGAACTCTCCGGAACTGGCGATCCGGCACAGGTGAATGCCTCGCGTCTTACTGCGGGTGTGTTTTCCGCCCTCGGTGTGGCACCACAGCTTGGTCGCGTTTTCACTGCCGACGAAGATGAGCATCATCAGCAAGTCACAGTGCTGAGCTATGCCACTTGGCACAGCCGGTTCCATGCCGACCCGCAAATTGTCGGAACAAAGGTCCTGCTTGATCGCAAACCTTACATCGTGATCGGCGTTATGCCGCGCGGGTTCGAATTCCCGCTCATTCCAGGACAGCTCAATCGCGCCGAATTGTGGGTTCCCATGAGTTTCAGACCCGATGAGCTTGTGCCCACAGCGTCAGCAAACTGGAGTTACCAGATGGTCGGCCGGTTGAAACCCGGCATCTCGCCAACGCAAGCGCAAAGCGATGCAGAGCGCGTGGCGCAGGACATCATGCGCGGATATCCCGCGATGATGGCCAATCTGCATATCAACGCCCTCGTGCGTCCGCTCCAAAGCGATACCGTGCAGCAGTCCCGTTCGCTGCTCCGCACACTGTTTCTCGCCGTGGCCGTAGTGCTGTTGATCGCCTGCTTCAACCTGGCGGGGTTGATGCTCGTGCGTGCGATTCGGAGGCAGCGTGAAGTTGCAGTTCGGCTGGCGTTGGGAGCGAGAGCTTCGGCGCTGATCCGGCAAGCTATTCTCGAGAGCCTGGTGCTCAGCGTGAGCGGGGGTGTTCTCGGATTGATTCTTGCAGCCGTCGCTTTGCGTGTAGGCAAGAGCATGTTGCCGGAAAGCTTGCCGCGTGTGAACGAGATTTCATTGAGCTGGCAAGTGATCGCCTTTGCTTTGGGACTTGCCGTGGTCACGGGACTGGTATGCGCACTTGCTCCGGCGTTCGCAGCGATCCGCACCAATGTGAACAGCAACCTGAAGGAAGGCGGACGCACGGGAAGCGCGGGTGGCGGTCATGCTCGTCTTCGGTCTTCGCTGGTGGTTGCGGAGATCGCGATTGCCCTGGTACTTCTCACGGCTTCCGGCCTGCTGTTGCGCAGCTTCGACAAGATGCGCGCCGTTGACCTGGGCTTTAGTCCTCAGCATGTAACCACCGCAGCTTACTCTCTGCCGCAGCAGCAATACTCAAAGCAGTCGCAGATCGACACCTTCAATCGCGACCTGATGCAGAAACTCAATCAGCTTCCCGGAGTGCAGTCGGTCGGACTGACCAGCATGCTGCCGTCGCAAGGCGCGAACAATAATCAGACCTTTGTCGTCGACGGTTACGAACCTCCCCCAGGCGCGAACATGAACCTGGCCACCGTCTCGCAGGTTACCGGCAACTTTTTCCCGGCCATGGGCATTCGACTGCTGCACGGGCGGTTCTTTACGGAAGCAGACCATGCGGGTACGCAACTAGTGGTAATCGTGAATCAGCAGTTTGCGCAGCATTTCTGGCCCAATCAGGATCCCACCGGCAAGCGCATTCGCATTGGCACACAGCAGATGCCGACGCCGTGGCTCACCGTGGTGGGCGAGGTTTCGAACACACAATTGCTTTCACCCGATAACCCCGCAACCGAGCAGTATTACATTTCCGTCGACCAGGCCGAGGAAGTCGTCGGCCCGCTTGGGCAACCAACCGACCTGAACGGACAAGGCGGATACATCGTGCTTCGCTCGGCACTGCCGCCGGAGCAGATGGAGAATGCACTGCGCACCACGGTTCGCTCGCTTGATCCCCTGCTGCCGTTGACGCAAGTGCAGACCATGGAGCAGGTGGTTGCAGAGTCAGAGGCATCGCGCCGCTTCAATAC
NZ_CP121196.1_gap100	4749391	4750451	1060	GGGCGCAGTGCAGATCGATGATGATGTAAATGTGATCCTTGCGCGCCCATTGCACAAGCCGGTCCATCAGGCGAAAGCCTTCGGCGTTGTCCGCGTCGAAGAACTTCCAATGGATGGGCACGCGCACGGAATTAAATCCCATGGCCTTGATGCGGTCGATGTCGGCCTCGGTGATGTAGTTCTCGCGCCAATCTCTCCAGAATGCATCAGCCTTGGCCCGGCCGATCAGTTCATAGCTGAGTTGTTCGATCTCACGTGGAGACTGGGCACTGTCCCCCAGGTGAAACATGTAGCCTTCGGGTTCAAACCAGTTGCCGAGATTCGTACCGCGTAGCATAAGGGGCTTGCCGGACCCGTCTACCAATTCACTGCCCGAGGTGTGTACAAATCGTGACTGGGCGAGAAGAAGAGAGGCGAATCCGAAGAGGAGAAAACAAGAGGGGACACGAAAGAATCTGCTCAGCATGGCGAACCCGAGTATAACGCTTGAGGATTCGCCTGCCCGGCATCTGATGTCACGCGGGAGACAAAACTACCGATTGGGCAGCAAGCTCTACGATACCGTTTTTGCAACAGGCTTAAGTCCCAGTTCGCGCATGGCAATCTGCAGATCGGCCCAGGCTTCCTTTTTCTGACGAGGATCGCGGAGCAGGAATGCGGGATGGTAAGTCACGATCAGCTTGCTGCCGCGAAAGGCGTGTGTGCGGCCGCGAAGTCCGGCAAGAGGCTGACGCTGACCAAGCAGATAAGTAGCCGCGGTCGCACCAAGCGCGACGATCACTTCCGGACGCACCACATCGATCTGGCGAAACAGAAACGGCGAGCAGGTATTTGCCTCTTCGGGCTCGGGGGTGCGGTTCTGTGGCGGGCGGCACTTGACCACGTTAGCAATGTAGACCTCTTCGCGCTTCAGGCCCATCGCAGCAATCATGTTGTTGAGCAACTGGCCGGCGCGCCCTACAAAAGGCAGGCCCTGCGCATCTTCATCGGCGCCCGGTCCTTCGCCCACAAACATCAGGCGTGCATTAGCGTCACCGTCGGCGAAGACAATCTTGTTACG
NZ_CP121196.1_gap101	4753561	4754775	1214	CGGCAGTACAAAGATGCTGACGGCCTCGGGCATCGTACTGCGAACTTGCGCGGCTCCCTGTACATCGATGTCGAGCAGCAGGTCGTGTCCCTGTCGTCTGGCGTCGTCAAGCGAATGGCGCGCGGTGCCGTAATAGTTTCCAAAAACCTCGGCATGCTCGAGGAACTTACCCTCCGCGATCATGCGCTCAAATTCTTCGCGGCTGGTGAAATAGTACTCGCGCCCATGCTCCTCAGATCCACGCGGTGGCCGCGTTGTCCATGAAATAGAAAAGTCGACTCCGCTGACCTGCTTGCGAAGTTCACTGACGAGCGTGCTCTTGCCTGAGCCCGATGGCGCCGAGATGATAAAAAGAATTCCTGCCACGTGCGATGGTCCCTTTCGTTCTTCTATCGACTTATATTTCTGTGACTGCTATTCCGCGTTCTGCACCTGCTCACGGGCTTTTTCAATATCAGCCTTCATGGCCAGACCAAGTTCAGTGATGCGCGTACCTTTACCGCCCACGCCGCCGGTCTTTGATAGCAGCGTGTTCGCCTCGCGATTCATCTCCTGCAGAAGGAAATCCAACTTCTTACCAACCTCGCCGCCAGCGGTCAGCAGCTCGCGAAAGTGACCGATGTGGGTGTGCATGCGCTCCAACTCTTCAGAGATGTCGCTATGGTCCACGAGTACCGCAACTTCCTCAAGCAGGCGCTGGCGATTGAATTCGTTTCCGGTCGCGGCAATCAGACGTTGCGTCAGGCGTTCCTGATAGCGCTGTTCCACCTCAGGCCGCAGTGATGCCACGCCCTCCACAGATTCAGCCAGACGCGTGAGACAGGCGCGCAGTATAGCCTCAAGCGACTCGCCCTCGCGAGCGCGCATAATCTTGAGCTCTTCGAGCAGCGGGCCAATCTCCCGCATGGCGCTCTCTGTCAGCGTGGAGACATCCTCTTCGGTATTGCTGCGAACTTCCGACTGCAGCGCCCCCGGCATGCGGAGAGCAACATTCAGATCGGGTTCGCCTTTAAGCCGGAATTCCTTCGACGCCTGCTTGAATGCATCCAGATAGCCCGCAACCATTTCGCGGTTATACCCCGATTTTTGCTGTGTCGAGCGATCGACTGAAAGCGTGAGTTCCACGTGACCGCGCAGCAGACTTTCCTTCAGCACACGGCGTAACTCCATCTCAAGGGCGTCGAGTCCCGCGGGCAGGCGCAACTGAATATCGA
NZ_CP121196.1_gap102	4757634	4760521	2887	GATGTAGTCGAAGAACTGAATCTCAACGACAGGCTTCATGCCGCGAACTGCATATCCCACTGCGCGACCGACAATATTCGCCTCAGCGAGCGGCGAGTTGAAGACGCGCTCCGAGCCAAACGACGCTTGCAACCCTGACGTAAGCTTGAAAACGCCGCCCTTTCCTTTCACTTCGGATAGCGCTTCTTCGCGGCTGGCATCCGCCACGTCTTCGCCGTAGACGATGATGCGGGGATCGCGGCGCATCTCGTCACTGAGACAGGCGTTGATAAGGTCGGCCATGGTCCTCGGCCCGCTACCCTTCGAGCTTGCCGATTTACCCGGATTCGATCCAGCTTCCTCCGCCTTCTCTGTGGCGAACGACGCCCGTGTCGGGTCAAGGTCCTCTGAGTACACGTGAAGCGGAATGCTCGCCAACTCTGGCAGGGGTGCCTCGAGGGCACGTTCGGCAGCCTCGGCGGCTTCGTGCACGGCTTCTTTCTCAAGAGCGTTGATCTGTTCCGCTGTCAGGATGCCTTCGCGCAACAGACGCATCTGCAGTTTCGCGATAGGATCGCGCATGGCATCCGCTTCGCGCTCGGCAGCGGATCGATAGAGCCGGTCGTCATCTGACTGCGAATGAGAGTAAATGCGGATGCAATGACCGTGGACAAATGCTGGCCCCTCTCCAGCACGGCAGTGCTCGGCGGCTCTTTGAAATGCGCGTAGGCTCGCCTCGGGATCGGTGCCATCAATCTCTTCAAAGTGGAAGTTGGGGAAATTCGCAACCAGCCGTGAAATATTCCCTCCCGGCGTGTTCACCTCAACCGGAACACTGATGGCATAGCCATTGTCTTCAATCATGAAGATGACTGGCAGCTTGCGATTCGACGCCGTGTTCAGCGCTTCCCAGAACTCGCCCTGCGAAGTTGATCCCTCTCCTATGCAGGCCAATACCACTTCATCGCCATGGAAAGTGACGTCTCGATAGGCGCGATAATCGCCCTCAACCCTGGCAGCGACTTCCGGATGTCGGGTGAAGTAGCGGCCGGCTTCGGCGCATCCCACGGCGTGAAGAATCTGGGTCGCTGTCGATGAGGAGGTGCTGACGATATTGAGGGGACGGCTGCTCCAGTGGGTCGGCATCTGCCGTCCGCCGCTAGCCGGATCGGTGCCTGCTCCAACCGCCTGCAGAAACATATCCGTCGGAGTCACGCCCAGTGCCAGGCACAAGGCCCGGTCGCGATAGTAGGGGAAAAACCAGTCGTACCCTGGCTTCAGGGCGAGTGCCGCACCCACCTGCAGGGCTTCATGGCCGGCAGCGGAAATCTGGAAGAAAGTCTTCTGCTGTTTCTTGAGAAAGATCTCGCGGTCATCGATGCGACGCGACAAGTACATGAGCCGATAGATGTTAATCAGCTCTTGTGAGCTCAGGCTGCCAGAGGCGTCTGCCGTCGTCGGCGCGTGGGCGCTGGAAACCGCAAGTCCCATTTGTCTCACTCCAAGATTCGGGTTCTTTCGAGCTTTTCGAGTCTATCTATTTCTATGGAAAGATTGTAGCAATCGCTACCACTGATTTGGACCACCCAGTGGCATGGACTGCGATCCGACTTTTGGTCCCACATCAAATGATTGAGCCATCTTGGCTTTGACGTTGCGTGCCAGCTTTTCGATCTCAGCGACTTTGTGCAGTTCTTCAGGCGTCAGATCGTCAGTAGGGTTGGATGCAATTTCCGCATCAAGTTGACGAGCAAGTTTTACCAGTTTGTCGGTGTCAGACACCATCGACTTTTGCCGGTCCGCATTCATGGCACGGAGACGCTTTGCTCCGAAAACGGGGTCGTTTTCAATTCCTCCGCCCACACCGAGGGGACGGGGTCCGGGGATGCTCTGGGCCACGCTTCCGCCGCCAGTAGGCGAGTATTGAGCCCAGCCAAGGAGAGCGCCGGCAAGAGCCAATCCGGCCATGCCCATTCCGGCAATACTCAAGCGCCTCGCTTGTTTCATCGCGTCAGTCTCCATGCGATCAATCGAAAGTCACGGTCAGTTTCATCTTCTCTTTCACATCGTTTGCCAGGAATTCAATGACCTCAGCTTCGCGAACCATCACGGGCGTTAGCGGTGCGTTCCCCATGTTGTCGGTCTTGGTTTTTAGATCACGAGCTAGAATGACTAATTTGCTGATGTCGTCATCCATCACTCGCTTCCGCTCGGCATTGGCCGCATCGAAGTTTCTCTTTTTGGCATTTTTTTCGGCAAGAGCGTTCAGTTCATGAGTGTCGAGCGAGCGGTTGGGAATGACGATCGGTCGCGGAGTCGTCTGTGCGCCTGCTTGCTGCCCGTTTCCCGCAAAGGCCGGAACCGCGATAAGACAGATGCACGTGACGGCAAGGATCAACGCTCGATCTTTCAATCCGGACGAAAGGTCACCGCCTGGGATTGATCGCCGTTGGCGTTGTGTCAAGACTTGCTCGCTGCTCTTCATTAACTTGCTCCAGAACCTTGCTTGATCCGTTCCTTGACAGTCTTCGCCAGCCGCTCAATTTCGTCGGCTTTGCGAATCACTTTCAACGACAAGGTGTCTTTGTTGGTCTTATCCACCTCTGCCTTCAGTGAGAGGGCCATTGCCAGCAACTGAGTGCTTTCGTCGGAGATTTGCTTCCGATGGGCGGTTTCTGCACTTTCAGCCTTGGACGATTTCGCTCCCGGCGCATTCTCAGCCTGCGGCTTGGCTTCAGCCGGGGAACTCACAGCCGTCTGAGCAACTGCCGGATGACCGTCCTGAGCAAAACAACCAAAAGCAGCGGCACATGCGAAACCGAAAAGCAGCGAGCCGGCAGGGACACCCCACGGGCGGAGATTGCGTTGCGGACCGCGACCCGAAGCCGTCTTGGTTCGAGTCGCAAAG
NZ_CP121196.1_gap103	4768384	4773295	4911	GGATGTCGGTGGTGAATTTAGCAATCATGGTTGGCAGACCCCGCACAGCACGGAGGCGCACGAAAGGTATCTCCAGAGTGAAATCAACCTCTGCCAGATCGCCGGCCGCCTCAATGATTGCCGCACGAACAGGTCCAGAATCCCCCACCAGGCGGATAAGTACCTGGGCTTCTGCCTTGTCGGCAATCACGTTGGGCGCATGGCCGCCATGAATCTGGCCGATGTTGAGAGTGCTTGGACCAACGTCCTCGGTCACCGGTAGTTCAAGCTTCAACAGACGCGCCATCACTTCAACCAGTTTGTGCACGGCGCTTTCGCCCAGCTCCGGGTAGGCCGAATGCCCCATCTTTCCGGATGCTCTGAACACGGCACGCAAAGAACCCTTCGAGGCCAGCGCGAGGTGATTGTCAGTCGGCTCCCCATTGATCAGGAAGCGGCTGCCTTTGGGATTCTCATTGGCAATTTTTGCACCCGCGGAGTCACGCTCTTCGCCGCTAACAAACAGCATGCCAACCCGCAAGCCCTCGGCTCGCAGATTCTCCGCCGCCGCAACCTGCGCGGCAATAATTCCCTTGGCATCGGAAACGCCGCGGCCATACATAAAATCAGCGTCTTCACTGAAGGGTATGTAAGGCGGCACGGTATCCATGTGCGTTGAAAAAACGATATCGGGCGTCTGCCCTTTCGCACCGGCATAGACATTCCAGCGCGCTCCTGCTCCGGCGCTCTCGGCGGGCTGCGGAACAGCCGTTTTCTCAACCGACCAGCCGCGCCCTCCCAGGTACTCCGCAAGAAAGTCCCCCACTCGACCTTCGTTATAGGTGGTGGATTCAATCTCGCAAAGCTCACGGGTAAAGCGAATCGGATCGAGCGGCGGCAACTCGTTCATAGTGTTGCCAGAATATCGTAGTCGGCGATTCCCCTTCGCGACCAACCAACTTGCGACCCCATCCGCAGTCCGCCTGTCGCGGGAAAGTCGCCTCAGCTTGATTGGAATTCGCATGGTCAAGCTGAGAGGAGCCACCTGCCGTCGTAAAATAGCTCCTGAAATGACCTCAACATCCGCCGTGTCGCAATCCGAAACGAATTCGGAAAAAACATCCTTGCGAACCGTAGTGTTGCAGGGACCCGCGGGCCGGCTCGAGGCGCTCTTGAACGAAGGCGCGCGCGATGCGAGGTTCGCCGGACTCGTCTGCCACCCGCACCCCCTCGGCGGCGGCACTATGCACAACAAAGTGGTCTATCACGCTATGAAGGTGCTAAATGCACCGGAATGGGATCTGCGCCTGCCGGTTTTGCGCTTCAATTTTCGTGGCACCGGTCTCAGCGAGGGCCAGCACGATGGGCTTGCAGAATCGGCCGATGTGATCACCGCTATAGATTGGCTCCTTGCCGAATACAGTTTGCCCGTAATCCTGGTTGGCTTCAGTTTCGGAGCAGCGATGTCCATCAGGGCGTCGTGCGCAACAGGATCATCCAGCATCCAGTCGAATCTTCGCGCTCTGGTTGCCCTCGGGCTTCCGACACAGGGATTTGGGCAAACCTATCAACATCCGGTTCTCGCCGATTGCCGCTTGCCCAAGCTCTTCCTCAGCGGCGGCAACGACGCGTTTGCCCCGCAACAAGATTTAAGAAACGTAGTCGATCACGCCGCGGATCCTAAGCAATTGGTGTTCGTTCCCGGCGCCGATCACTTTTTCAAAGGCAGCCTCGACGCAATGCAGAGGGCGCTTGCCGGATGGCTGAAGGAGCAGGTGCAATGACGCCGGGTAGCGATACGGCTCTCGATTTTCTTCATGCACGTGCCACAGGTTTTTTTACCGGTGCACTGGAAACATGCAGTATCGCGACTGCCTTCGATCGGCGCCTACGCTTTGAGGGCAATACATTGCGGCGGCTTCTTCCGAACGGCAGCGGGCCCGAAGTCATCAATCTCGCCCAATTCAAACGCATTTTTGTGATCGCGATCGGTAAAGCGGCTGACTCGATGCTTGAGATCCTGCTGGATCGTATGAAACGCCGAAAAGGTCTTCGCGGGATATGCTGCACGAAGTACCTTCCAAAGAAGCGCAACTGGCGTTTCCGCTACTTCGAGGGCGGCCACCCGCTTCCAAACGAGGAATCATTTGCGGCGGCCCGCGCGGCTCTCGCAATGCTGAAGAAGGCGAAGAAGGACACGCTGGTCTTCTGTCTCATCTCAGGCGGGGGCTCCGCGATGTTCGATCTGCCTCTCGATCCGCACATCAGTCTCGAAGATACACAGGCATTCCATCAAGCCCTGCTTGGCTCGGGCGCTCCGATCAATGAGATCAACACCCTGCGAAAGCATTTCAGCGCTGTAAAGGGAGGCCGTCTGGCAATTGCCGCTCCAGAGGCACTGAAGGTTTCGTTGCTTGTCCCGGATGTGCCGCTGCGGACACTCGATGCCCTCTCTTCGGGGCCTACGTCGCCGGATCATTCCACTGTCGATGAGGTGCACGAGATCCTCACGAAATATGATCTATCGGCGAAATTTACGCCGCTGGTGCATGCGTTCTTTGAGCGCAAAGATTTGCCGGAGTCTCCTGGAAATAAAGCCTGGCGTCCACCATTTCTTTCCAGATTTCAGCGAAGCGACCCCTCGCAGGCACGGCGCTTCACAGCCGCCGTCAACCTCACCGGTGAAGACGAGGCTTTTCGTGATTCAGTATTCGAAGTGCTTCTGTCGAGCCATGACCTGGTCGAAAGCGCGCGCGACATGGCTCAAAAAGCCGGATACTTTGTCGCGATCGACAACTCCTGCGACGACTGGGACTACGCGGATGCAGCCCGTTATCTGCTTGATCGATTCCACGATCTGCGATCGCAACATCGTCGCTTCTGTCTCATTTCCGGCGGCGAGGTGACAGTCACCCTCAATCGCACGCCGGGGGCAGGAGGACGGAATCAGCAATTCGCCCTGGCATGCGCAATCGAACTGGCCCATTACCCCGGCGAGATGCTGACGGTCCTGAGCGCCGGTTCCGACGGGATCGATGGCAATACCCCTAACGCCGGCGCCATTGCTGACCCAACGACCGTGGGGCGCGCCCTCGCCTTCGGCTTTAACCCTGAAGAATCACTACGCAGTTTCAACGCCTGTCCGCTGTTTACCGCGTTGGGAGACACGGTGGTGACGGGGCCTACCGGTCACAATCTGCGCGACCTGCGGCTCATGATCTCGGATAAACCTTAGAAGACGAGTTTATCCGCACCGGTTTGCCATCGAGATATAAGCCGCCGGGGCTATCATAGACCTTCGATTTTCATTTATCTTTAACTCTATTCAGGAATTACGAGTGACGCGAAAAGCAAGTCTAAAAGGCTCCGATAAAACGCCCGATATCCGGGCTGTGGCCGCATTGGCCAAGGTCTCCATTGCCACGGTTTCGCGCACTATCAATGGCTCGCCAGTGGTGAGTGAAAAGCTCTCCAAGCGTGTATGGCAGGCAATCGAGCAGTTGAATTATTTTCCCAACACCCACGCGCGTACCCTCGTCTCAGGGCGCAGCCGTCTTTTTGGCATCATTGTCGAAAACATCACCAATCCGTTTTTCCCTGAATTAATTCAGAGCTTCGAAGAAACTGCAGTAGCGAACGGCTATGAAATTCTGGTCAGCTCTTCCAATAGCGATCCGGCAGTGCTGACAACGTGTGTGCGTCGTATGCTCGAGCGGAAGGTGGAAGGCGTCGCGGTGCTCACTTTCGGCGAAGAAGAGCCCGTGCTCGATCAACTCTCGTTTCACGATGTGCCGGTCGTTCTTGCCGAATTCAAGCTGACCGAGCCAAAAGCCAGCACAATTGTGCTCGACTACACTACCGGCATCCGGGCTGCGGTTGAACATCTCTCCGCGCTAGGTCATCGCAAGATCGGGTTCCTCGCGGGACCGCACAAGTTGCACTCCGCCATCACGCGACAAAACGACTTCCAGACGGCTATGCGGGAAAGCAAACTGCCCATCCAGAAGAAGTGGATTATTGAGTGCGACCATACGCTCAAGGGCGGTGTCGCTGGATTCGGTAAGCTGCAAGAGCTGAGCAGCCGGCCCACCGCAGTCATCTGTTCGAATGACATGACGGCTATCGGCGTTCTGCGAGCGGCTTACATGCAGGATTTGCGCGTGCCGCAAGATTTGTCCGTCATTGGGCTCGACGACATCGACTTCGCTGAATTCACGCTGCCTCCGCTTACCACGATTCGGCTCGATCGTGCTGCATTGGCTCGTGCCGCATTCGACGCGCTTCGCCAACATGCGGAAGAACCTGGAAAGCTGGATCCTCAGCGTGAGTTCCTCGTATCCACAAGTCTGGTAGTACGAGGATCGACAGCGCCACCGTCTGCCGGCGCCTAACTGCGCTCTACTCTCGAGCTGAAATCTAGACTAGAAGCAATTCTGCTTCTTCCTCTGGGATCGCGCGATCACGCATGGCAGCAATCTCTGCAAATGTTTCGTCGGCAGCAGCCCTGCGGTGCGGGTATACGCGTGGCTGGCCGAATCGCAACTCTGCGTGAAAGCCCGGCACATTCAAAGTCCTCAGCAGGTGCGGACCAAAACTTTCATCGCCAAACCAGCAGAGCTCTCGTTCAGGAGTGCCGTCGCTGCCTAAATAACGAAGAGAAGCGGCGGTGACAGGACTGCCGGATCGGATGGCTGGCTCGAAAAGCCGGGAGTGGAACCGCAGCATATTTCCGTCAGTGCTGGTTCCCTCTGGGAAGAACAGAACAGGGATCGGGAGTTTGAGCCGCTCAGTAATGGTCGCTGCAACTTTGTCCGCGCTGGCCAGACTGGAACGATTGATGAACAGGGTCCCACCGACGCGAGCCGCCTTTCCAAAGTAAGGCCATGTGCCAATCTCAGATTTGGCTACAAAGAAACATGGCATCGCCGCGCT
NZ_CP121196.1_gap104	4883561	4886655	3094	TCGCGCACCTCACCGGCGGCGAATACTTCAAGCTCACTGACGCCAAAAGCCTCGAGCGAAGTCTCGAGACCATCAGCAATCACCTGCCCAATCGATACATCCTCACGTTTCATCCGCAGTCGCCCAACCCCGGTTTGCATGTCATCGCGCTGCGCGTGCTCAATTACGCTAACCTCGTGGTCACCGCGCGCAGTGGCTATTGGGCAAATGGAACCGGCGTTGCAACTGACCCTGTTTTTGGTCAGCGTTGAGGGGCGAGCATTCAAAAACCATCAGTGAAATCCAGCACCGTCACTCAGCATCGGATGGCCGGCGAAGACCTCAATCCCCCGTTGCTACCTCCGCGGGAAGAGCCGTGAAGCCCACTTCTTTCCATATCTGGGTTCCGTGGCTTTCCTTGAGGAAGACCATGCCGACCATGAAGCAGAGTGCGGCAAGAACGGCTGGGTAGACTAGGCCGGCGTAGATGTTGCCGGTGGAGGCGCACAGGCTCACGCCGATCATCGGCAGCAAACCACCGAAGACTCCATTGCCAATGTGATAGGGCAAAGAGACAGAAGTGTAGCGGACTCTTGCCGGGAAAGCTTCTACAAGATACGCGGCAATGGGAGCATACGTCAGGATCGAAAACACCGTCTGCAGCCAGATGAGAAAGATAAGCGCCGCCTGATTGGGATGGCGCGCCTCGGATGCTGGAACGAGTTTGCCGCTGGAGGGATCGAGCATCAATGGCGTGAGGCGAATGTCGCCGGTCACTCTGTCCTTGGTTGAGCTCACCGTCACGACGTTGTTGCCCGCAGCCTGCTGCATCGCTTTGTACACAGGGAATACACAGACAACAAACAACAGCATTCCGGCCATCATGATCTTCTTGCGACCGATGCGGTCAGAAAGCGCTCCAACCATGGGATAGAGCGGTTGGGCGGCGATGATGGCGATGGCGACAATGACATTCGAGGTGTGGGCATTTACGCGCACGATGTTCTGCAGGTAGAAGAGCGCGAAAAACATTCCCGTGTAAGAGACAACAGACTGTCCTGCAGCCGCGCCGAACAGTGAGATAAGCACCTGTTTGAGATTCACCCATTTTCCGAAGGCGTCCCTGATCGGCGTTTTACATCCGGTCCCCGATGCCTTCATGTGCGAGAAGATCGGCGACTCTTTCATGCGGAAACGAATGTAGAGTGAGATGCCCACGAGCGCTATTGAAATCAGAAACGGCAAACGCCATCCCCACTGCTGAAAGCTTGCGGCACTCATGAACTGCTCAGTGGTAAGAATGACGCCGAGCGAAAGCACCAGTCCTAGCCCCGCAGTCATCTGCAGAAAGCTGGTGTAGAAACCGCGCCGGTTGTCAGGCACATGTTCAGCAACATAGACGGCGGCTCCCCCATACTCTCCGCCGATTGCCAGGCCCTGCATAAGGCGAATGACAATCAGCACGATGGGCGAAAACCATCCGGCCGTCTGATAGGTCGGGAGAAGACCGATAGACGCAGTTGCTGTCCCCATAATGCCAAGGGTGGCAATGAACGCGATCCGCCGACCAACCAGATCGCCGACGCAACCGAAGAATAGAGCGCCAAACGGACGAACCAGGAACCCCATGGCAAACGTCGCGAGGTAGGCGATCAACGCAAAAGTATCGTTCCCGGGAGGGTAAAACTTAACCGCCAGGACCGAAGTGAGCGAGCCAAATATGTAAAAGTCGTACCACTCGATCAGCGTCCCGGTCGATGCACCAACGATGATGTTGGCAATCGACTTCGATTGCGCCGCCTGCGGCTGCGAGACACTCTGCGATGCCATACGTGCGTAACCTCAAGAATCGCGTGGAGAAGAAGGTGCCTAGTCCCAGAAGTGCGTCTCGAAGGGGAATGCCTTTGGCTCACTGTGCTGGCCGCAAAGCCAGGAAGTCAAGTGAATTCGAGCAATTGTGTTCGGCAACAACTGGCGGGCAGTCACGAAGTAACAAGGCAAGGCGCCGCATGAAAGCGGCGCCTTGCTGAGAACCGAGGCAAAAGTGAATCAGCGTCTGACGGTTGCTACGGGATATCGATGCGGACGATCTGACCAAGTCCCGGAGGCGCGGCGCCGAAGTTGGACACGTAGAGTTTTTCGTCCGGGCCAAAGGTCATCGCCGTCGGAACGACAAGACCAGTAGCGACATCTTCAATGCTCCCGTCCGCTTTTACGCGAACAACCTTGCCGGCGCCGGGCGTGGGATAGCCAGCGGCAGCGGATAGCTCAAGCACGTAAAGGAGCCCGTCAGGACCAAAGGCGGTGCCCACCACCGTGGTAAATCCGGCTTTCGACGAGAGGACATGCAGGCTATGTTGTGCGCCTGTGTCGTCAAGTCCGGGAGCAGCTACCTGGTTGCACTCTGCATATCCGAGGGTCAGGATGCGCGCGTAGTTGGGTTCGATCGGGAACTGATTAAGGTTGCCAAGATAGAGCTGCCCATCGTGAGCGGTAATGGCGGTGGGGACGATGTGGCCTTGTGACGCGGAGACGTCCATCACGCTCGACATCGAACCATCCGTGCCGATGGAGATGATCTGGCCGTGATTCGGTTCAACTGCATACAACCGGTTGTTGAACTGGGTCATGCTGTAGAACGATCCGTCCGGCTCGAAATCGCCTGCATTGGGATACTTGACCATGTGCGTCTTGATGAACTGGCCAAGGTTGGCAACAAGTTTCCAGGCCCCGGTCTTGGTGTTGACGCTGTAAAGTCCGCTAGGCCAAGAGTCGCCATGAGAGCATCCGCCGCCCGCCACCAAGGCATAAAGGTTCCCATCCATGAAACCCAGGTCGGCAACGCCCATGTAGTCGCCCACGGCATCGATCGATGAGGGTAGCCCGGATGCTACGGTTGTTCGCGTGCCGGCGGAGTTGATACTCGAGATGCGGCCCGTACTGCCCCCTTTGTACGGCCCAATAGGGGGGATCACCTGCGTGCACGTGCCCTTCGTCGAATTGGTGCCACCGGTCCCGGCCTCGGCAACGTAGAGTTTTCCGTCAGGTCCGAAATGAAGACCGCGCGGGCCATTGAGTCCGGTAACCCACACATGGACATTGGAAGAAGCTTGCG
NZ_CP121196.1_gap105	4901300	4905094	3794	CCTCGTGATATGCCGTGACTCGCTTCTCTTCGTCGGTCAGCAACATTGACTTGCGCTCGGCGCCCATCAGCACCTTGTCCTTCGCAAGTTCAAAGTCGTACATCACGACCTGCTTACGATTGACGCGGGCTGCATTCAACGCAGCTTCGTTGACCATGTTGGCCAGGTCGGCTCCGCTGAATCCCGGTGTTCCACGAGCGAGAATGTTGAGGTTGACATCGTCGGCAACCGGAACCTTCTTCACGTGTACGCGAAGAACTTCTTCGCGGCCACGAACGTCGGGCAATCCCACTACGACGCGGCGATCAAAACGACCTGGGCGCAGCAGTGCAGGATCGAGAACGTCAGGCCGGTTCGTCGCGGCAACCAGGATCACGCCGTCATTCGATTCAAATCCGTCCATCTCAACGAGCAACTGGTTCAGCGTCTGCTCGCGCTCATCGTGTCCACCGCCGAGGCCTGCGCCACGGTGACGGCCAACAGCATCGATTTCGTCGATGAAGATGATGCAGGGGGCATTCTTTTTACCCTGCTCGAAGAGATCGCGAACGCGGCTTGCACCAACGCCCACAAACATCTCCACAAAGTCCGAACCTGAGATCGAGAAGAACGGCACATTGGCTTCGCCAGCTACCGCGCGGGCAAGCAGCGTTTTGCCGGTTCCCGGAGGTCCGACAAGAAGCACACCCTTGGGAATGCGTCCGCCGAGCTTCTGGAACTTCTGCGGCTCGCGCAGGTACTCGATGATTTCCTTCAGCTCTTCCTTGGCTTCATCCACGCCAGCCACGTCTTTGAACGTGACTTTCTTTTGCTGCATTGAGAGCAGGCGGGCGCGACTCTTGCCGAAGGAAAGGGCCTTGTTGCCACCGGACTGCATCTGGCGCAACATGAAGAACCAGATCGCGCCCAGCAGAACAAACGGCCCGAGGTTGAAGAGCAGTTGCATCAGGAAGATGTTGCTCTGCGCCTCCTTTTTGCCGAAGCTGACGTGCGCGGCCAACATCGCCTTTTCGAGGTCCTCGTGCTGATCTCCGACCGTGGTGTGGAACTGTTCCTTGGGCGTCGCTTTCATATGCCCGCGGAGATCCGTTCCCTGGATCTGCGCGTCCTGAACAAGGCCCTGCTGCACCTTGTCGTACAGCTCGGAGTAGTTAATTTCTGTGTCTTTGGTCGCACCGATCGCACCGCGCTGGACAACACTCCAGAGCAGCACAAGGCAGACGAGTATAAAGACCCAGAACATGATCGTTTTGACGGTCGAATTCACCAGGATCCTCTTTCCCGGCGGGGAGAAGCCGCTTAAGAACTTCCAACACCGCCTACAACATCCCTTTAGACGCCCGAACAGTCCTTGAAGTCACAGAAAGTGCAGGATCTCTTGACAAGAGACACAACGCACCCACCGCGCGGATGTGCAGTAACTCAGATTGTACTCCGAAGAGGATTGAAGTTTGAAGAAGTGTACGGCTGCGAACAGTGGGAATCCGCCCGGTCAACGGGAAATCCCTGACGCGCTTACTGCCAACCTGTTTTGCCGCTACTCTTCGTGAGACTCTATGCCTTCAATTTCGATTTTCAGAGTGAGGTCAGGTTCGACTTCCACACCCTGCATCCAGAGGATCCGCGCATCCACCTCAAGGACCGGCCACTGCGCCCTATCTGTGCCTGTAACCTTCATGCGTTCAAGCACTTCCTTGACTTTTCGGGGTCCCGACGAGTAGCGCAGACGGACTCGGTCGCCGGGCTTCCACGGACGTAATACGGCCTTCAAACGGTCTCCATTTTGACTGGAAGTCACTGACGCTGTTCCCGTTAAGTGGATACGAATCCGGCATCCATAAGCCGGCGCAACCACTTCTCCGGGGACATCACATTCGTAACGTACGATTTCACTTTCTGCGTTCCCTGGGGACGATTTCGGTCCCAGAGTCAGGCGGATTTCACGATGGGTACGCTCTGCTCGAAGTCCGTGGGCGAGTTCCAGCTTGCCTCCGGCTTTGCCCGTCGCGGAAAGGGTCCGAAGCGCCTCGGTCGCTACGAAGTCGGGAGCAGCCTCAAGCTGGGCGGCAGCATAGCGCAGCAGGCGGCGCTGGAGGGCGATGGGTTCGGCGTTTAGAAGTGCCAGATCGATTGCAATGCCCTCAGCTGTAGTGGTGGCTCGCCCTCCGCCTCGAACCGGGCGCCCCCGAAGAATCACTTGCGTCGCCAAACGGGCGATTTCTCCATCCCACCAGGTTTCTTCTTCGCGAGCCAACTCGGCCATCTGCGCAAGGTGATCGCGAAGCTGCGGGTTCCAGGTTGCAAGTTGCGGCAGCAACTCGTGACGGATGCGATTGCGGGTGAAGGTGAGATGTCGGTTGGTAGAGTCTTCGCGCCATGTCTGCTTGCGCGCATGAAGAAAAGCTTCGATCTCGGCGCGCGGCGTCTGCAGCAAAGGCCGAATGATCAGACCCTTGCCAGGGCTTTCGAGTTTGGGATGAATTCCAGATAGACCCTCAGTCCAGGCACCGCGCAGAAATTTCGCAAGAACCGTCTCAGCCTGATCGTCGAGGGTGTGCGCGGTGGCGACTGCCTCGACTTTGCCGGAAGCGATGAGTCCATAAAACCAGCGATAACGAAGCCTGCGTGCCGTGCCTTCGATCGAATCCCGCGCGGTGCCTTTAATCCAATCCGAGGTCCCACTCAATTCGGCCTCAACTCCATCTGATTTCGGAGCGCGGCGCGCCTCCGCAGCGGTGTCCACATGTGCTTCATGAAACGGCAGGCCGAGTTTCGCGGTCAGTTCGCGGCAGAATTCAAGATCGCCGTTGGCTTCTTCGCCGCGCAGGCCGTGATGCAGATGCGCAGCGTGAAGCACGATGCCCAGTTCTCTGCTTCGATCAACGAGGGCGCACAACAAACCCACGGAGTCGGCGCCACCGGAAAGCCCGACGGCCAGACGCATGCCAGGCTTTAGCAGCGACGTGTCGAGCTTAAGTGTGGGAGGTGATATGCGCACCAGAGGATGATACGGTGTGGGGACATGCTGTAAGAAGCCCGAAGCATTGCGAACAAATCATGGGAAAATCGTCAGCGACATGAACTTTCAGAGTTATGACCTTGCTTTTGAAATCTTCGGACTTCTCTGGGTGGGCGGCGGTGGATTGCTCATGTACCGTCATCCAACTTGGTGCGCCAAAGTCAATGAGCGTTTTGGATTCAGGCGAGGAATGACGCCCGGATTCCAGAAATTCATCAAAGCGCTTGGAATCGTCGAAATGGTTTTGGCGGCGCTAGGCGCGATTAGCGTGGTTTCAATGACAGTCCTCGGTGTGCACTAACGGTCAGAAGGATCTCCTATTTATCCGGCCCCGCGCACATAAAGTTGTCGGCGCTTTTCGTATCGCCGCTGCCCTTGTACCTCGCAGCCTGCGGATACGGGCATAAAGGCCTGGTCATCGTAACAGCGCCTAGTGGTTTGTCGTCGACGGTTTTGCTCGCAATAATTGTGCTGGGTGCAGTTCCCTTCTCCACCCAATCCTCCAGCGCAACGTGCAGATTGTGCTGCGCATCTTTGGCCGGCCAATTGGTAAACGCACCAAAGCTGCCGGTTCCCGGACCGCCCCCGCAATGCTGCAACCCCGGAACCATGTAGAGCCTCGTAAACGAATCCGCATTGTCCCTGCCGAGTTTGGCAATCACATCACCGTAGTAGTTGATCGTGTTCATCGCGGAGATCGCCGGATCGTTCCAGCCGTGATAGAGAATCAGTTTGCCACCATGCGCGCGAAACGCGGTTAGATCAGGATTAACGG
NZ_CP121196.1_gap106	5052427	5056234	3807	GCTTATCCTTGGCACCAACTTGACGAAGCTCGATGACTTCACCCGCTCTCTCATCACCAACAAGGAAGTCACCGACCTCAATCAGCAGGCTGTCGAATCCAAGCCCGGCCTGCTGCCCAAACAACCTTCCGGCAAACCATTCGTTCAGCGTTACTGGTACGCGCGCACCGGCGGACCCAACCCGAAGCGCTACATTGCCGTCTTCAATTTGGCGGACGCCACCACCTCATCCAACCTGCCTTGGATGCTCTTCTCCCTCGAAAACAAACCCTACGCCCTTTACGACGTCTGGAACCGGAAGCACATCCCGCGCGCTAAGTCGCTACACATCGTCCTGCCCGCGCACGGCTGCGCTCTGTTCCGCATCGAGTGACTTCCATGAATCGGCGCACTGTGTTGCGAGGACTAACCGCAGTCATAAGCCTGCGTAGCTTCACGTGGGCCTTGCCCGGCACAGGTGAGAAGCTTGCAACAGCAGCGCGAGCGCAAGTCGGCGTCACCACCGGCTACGACCCGACGTGGACAGCCATCCGCTACCCCAACGGCGACGTGCCCCGTTCAACTGGTGTATGCGCAGATGTTGTAATTCGCGCCGCACGCGATGCGCTCGGCCTCGATCTTCAACAGCTTGTCCACGAAGACATGTTGAGGAATTTCGATGCCTATCCCGCTCGCCGGGTCTGGGGTTCTCAACGGCCTGATACCAATATCGACCACCGCCGCGTGCTTAATCTCGAAGCATTCTTCCAACGCAACGGAGCCTGCCTATGGCGCTCCGCGGTTCCGACGTCCGGTGATGGCTTCCCCAGACAGCTTGAATCCGGCGACATCGTGACTTGGCTGCTCGATGCGCGTCTGCCGCACATCGGCATCGTCGTGGCATCGCCCGGCGACAGCTCTGCAACCTCTGCAGGACGAAATACCCAATGCCAGGTGGTGCATAATATAGGCCGCGGCGCGGAACAGTCTGTGCTGACCGAATTTCACCCTCATCGAGCAATCGGCCATTATCGTTGGCCGACAAAAAAGTAGCGGCCTGCTCATCGTTCTGTCCTTGCTCATAAGTGCATATTCGAACTGGTTCAGCGGATCGTCGAAAATTCACCACAACTGCAGCCTTCAAGTACTACAACGCTGCCCAGCGTTCCAACCCGCAGATTCCAAACAGCAAATTCTGCCAATAGTTTTGCAGAGTATTTCGTTCGTATAAGGCACAATCATCTGGACCGACGAATGTCTGTGATCCGTATCCACAGACGGAATAAGGGGTACCCCCCTGTTAAATTTGCAGTTTTCTACAAAAATCTTGCAGAGAATTAGACGCCGAATATACGACCAAATTCGTCCGTCGCGGCATGTCTTAACTGAAATCCGTCCGGACGAATAGCTCAGGGGTGAGGTGCGACGGTTGGTTGATTCGGAGGTTTCCGGATGACGCGGGTTACCGTCATCGCAAGAATGAGTTCGGAGCCGGGAGCGAGCTGAATTCTGCTGTTGTCGCTGGTGATTTTGTCACTGCAATCGGGGCCTGCGGTTGGCAGGAGTTTTAGATTGGGAATGCCGACAACGATTCCCGGATGAATAGTGTGCGGTGGGCCACCGGGATTGAGGTCCTCATCGAGAGCGCTGGTGCCGAAAACAGCCTGACCGATCTGGCGAACGCCTCCTGAGACTTCGACGGGCGCCTCGTCGTGCATATGGTGTGACTCGCCGGGAGGGCCGACCACCGCGATCACTCTTAATTTGAGGGGCTGTTCATTGCGGTGATTGCAGTCGGCCCGGTCGAAAGCGAGCGAGAGTTCCGTGAAGTCAGGGTTCTTGGAGGATGTGACCGACATGATGCGAGCGTATACGACGGAGTCGACGTCGAGGGAACAGGTCGGATAAAAGAATGGGCGCGCGATCTTGAACCAGATATCTTTCCCGGGCTTGAGGTGAGCCGTGTCGAGACCTGTGACTTTCGCCTCGATAGCAGCCTGAGAGGAGATGGCGACATTGGCCATTGGAGCACATGAAACAGCAGGGATTGCGGCGCCCGTCTGAGACGGAGCTGGAGCAGCGGTCGACTGTGCTGGTGCAATCAAGGATGAAAACAGTAAGGCTGCAGACACTAGGATGTGAATGCGGGAACGGTGAATGAGCAGCATGAACGGCGCCCCGTGGTGTGATTTGAATTGGCGGTCTACAAGTCTATGACGTGCGAGGGCGGCACTTGGTTAACAGAGATTGCTTGCCCTGATCGCGGTTTAATCCGAAAACTACTCCGCAAGCAACTTCCAGCAGCCATCGCCAACTTCACGCCGCCAAGCACTCGATCAATGCGAACTCACCGCATTTCTCAACTGCGGTTCCAGCGCATTCGCGGCTCCGTGCCCGCGCCACACCACATTTCCCTGCGCATCCAGCAGCATCACCTGCGGCTCCTGAGGGTTCGAAACCGCAAAATATGCCTGCCACAACTTGTCATCCTGCGTCAGCACCACGCTGCGTTGCTGCTCCTCGCTACTCATCCCCTTGCGCATCGCGCTCTTGATCATGCCGCGAAATAACCCCGGTGCGCCCTCCAGCATGGCAACCTCGTACACATCCACGCCCGCCAGCGACGGATCCGCTCGGATGGCTTTCATCCAGTCGCCGCATCCCATTCCGCCATCGTGGCTGAACCCCGCCACCAGCACCGCGGCATGTCCTCGCAACGCATCCGACAGCACAATCTTCTTTCCACTCAGCGTCTCGCCTGCTGTCGCCGGTATCGTGGGTACCTGTGACTGCAATAAGGCAGCGAGCGCCGACAACGTCACCCAAACAAAAACCGAGTACAACCGCATGAGACCTCCGCCAGATCAATCCACTCAACATCAAACCCGACAACACTGAGACAGGCGCACTTTTCGAGAATACGCAACCGAGATCAACCCGGTTCTGGCCTTTCAACCCCACACCAGCCTCGTGTGCGAAACTGGAGAGTCCCGCGCGAGTGCCTTACCCCAGGAGTTTCGCCCGGCAAGGTTAACTGATGCCCGTTCTTCGTTCCGCTTTCATCGCACTCTCTCACAATCGTCCTCTCCGCAAATTTGCCGAGCACTCAACCGTCGGCAGCAAGCTCAGTTCCCGCTTTGTAGCCGGACTCGAGATAGAAGACGCACTCCGCGTCTGCTCCCAGGTGAACCAGCAGGGCATGCACGTTACCCTCGACTCTCTTGGCGAAAGCGTCTCCACCGCAGCTGAAGCGCACCGCGCGGCAGATATTTATCACAACCTGCTTGACCAGATCGCATCTCGCAAGCTCGATTCCAACATCAGCGTCAAGCTTACCCAGATGGGCCTCACGCAGGATCCTGCGCTGGCTGAAGGAATCGCCACCAGCCTCGCGCAACACGCGCAGGCTACGGGCAACTTCGTTCGCATCGACATGGAAGACTCTGCCCTCACGCAGGTCACGCTCGACATCGTGCGCCGCATCCATTCCCGGCCGGAATTGAACGGCTCAATCGGCATTGTCATTCAGTCTTACCTCTACCGTTCGCAGGCTGATATCGAGCAACTCATCGCCGAAGGAATTCGCGTCCGTTTGTGCAAAGGCGCCTATAAGGAGCCAGCCGAGGTCGCATTCCCAAAGAAGTCCGACGTCGACCTTAATTACATCAAGCTCGGCAACATGCTGTTGCAAAGCCCCATCTACCATGGCCTCGCCACCCACGACGAAAAAATGATTGAAGCCGCGAAAAGCTTCGCGCAGTCTCGCAAGATTGACCGGAGCCATTTCGAATTCCAGATGCTTTTTGGAGTGCGTCGCGACCTGCAGCG
NZ_CP121196.1_gap107	5058710	5062566	3856	GCCCTCGAGAATCGTCTCCTCGGCGGAGGGGGTATTCCCAACAATATCCATATAAATCAATTCTAAAGGCCGCGCCTCTGTCATTGCCTTTTGACAAAAATATCCTTGGGGCAAATTGCGTGCACACCCACATTTCCGTCCACAAGTTGGGTAATATCGATGTCCACTGCCACACTGGTTAGCATATAGGCGTCGTCGCGGGAGAGGTGCTTCTCTGTAACCAGGAAGTCGATCATGTTGCGTACGGCCATCTCGGTAGCCGTTTTCAGATCGGCACTGAATCCCATGCTGATGTAGCTGGTAGGGGTTTCGGCGCGCGGCCAGAGAAGGTGCTGGTCTTTGTGGACCACAAAGCGAAACGTGCCCGTCAGGAATGTCTCCAGCGCCGTGATATCGACCTCGCCGTTGCCTTGTCCGGCATGGCCGTCGCCGGTTTCAAAAAGCGCTCCTGGGGCGTGGACGGGGATGAAAAGCGTAGTCCCGGCTACTAATTCCTTGTTGTCGATGTTGCCCGCATGCATCCACGGCGGAGCGCTGTCGTAACGCCCGGCCGATTCAGGAGGAGCCACGCCCATACTGCCAAAGAAAGGGTGAAGAGGAATGTCGATACCTGGAGCGAAGTGGGCAATCATCTTCTCGCGATCGAGGGGAATAATCTTGCGCCGCCCGTAAGGAAAGTCATTGGGCAAGAATCCGCGTCCGACCGAGAATCCGTTGCAGGCGAACGGCACGTCAATGTCGATCTTTACGATCTGGACCTCGAGAACATCTCCCGGCTCGGCCTCGGCGATCGCGATCGGCCCGGTGAGGATATGTCCTCCAGGGCCGCGATCCTTGACCTGGTCGTAGATCGTCGCGTTATAAGCGGGAATGTCCTTGGCTGCTACACCGCCAGCCTCGAGCCGGTCGTTCGGTCCGCAGGTGGAGAGGGTTTGAATGCGCACGGTGTCGCCAGAATGAACGGTCAACACGGGCTTGGCCTTCGACCAGTAGTAACCCCACGCAACGGTTGAGGGAGTTGCCGGCAAAAACGCCGGACCTGTTTGCGCAGACGCAGTTTCAGTTAAGACTGCAACCATCGCAAGAAAGACTAAAAAACGCATGAGTACACCCCGACATTAGGATCGCTATGATTCCGCTGGAAGTACTTGATAGGACGGCTTGAAAGCTGCAGAGGAGATGATGAATCGAGATGAATTCTACCCATCTGAAGGGGAAGATGGGAAAATGCAGCGGCTGGTCAGCACCCGAACAAGCTTTACCTGGGTGATGACATATCTAATAAAACCGTAACCTCGACTTACAAATGCAGGGTCGGCCATTTGCCCCCGACGCGCTTTAATTCAAACGTCCTCCCATGCACTTCGAGTGAATAAGTTCCATCCGGCGGGCTCTGTGAGGCCTCGGTGATGCGCAGGCTGGTCCATACGGATACGCTGGGTTTCTCATGAGACAACCTGGTCACGAGCGCTACGGTGCAATCACCTTCGAAGGCATCCCCTCTTAGAATGCCGCGGAGATGGTCGGTTGTGTGCTTCTCTTTCTTGCCCTTCTCCATACGCTCCTTTTGGATACGAACCCTTAGCCTTGAGCAGAACGAACCGGTACGATTCCCGGTTTCGGCTTATCTTACTTCAACCGGCCGCAGCCTCGGAATTCTCGAGTCCTGACGGCGTAGCATTATAGATAATCCGCTGAAATGGCCCATCCGGTCCCGGTATCAATAAGGGCCCAGTTCACGACAATGCACTCTCACTTACGAAACTGTGATCGGATAATCCAGGTTGAAAGGGAAGATCAATTCCGCCTCGGTCGCGACCGGCTTGCCGTTGACTGTAGCCGGCTGAAAGCGCCAGGTCTTCACAGTTTCCAGCACAATCTTGTCCAACCGGTTGCCCAAACCCTTCACGAGGTTTTCGCTTACAACCTGGCCAAAGGCGTCGACACTCACGTCTACAACGATCTTCTCTTCCGACGACGGAAGCAGCGACCTGTCGCTGACCGGCGGATGAGGCGAAAAGACCGGGAACGCGGGATGAATGTCCTGGGCATCACTTCCGTTGCCGGTTAACGCTGTCGAAGACCCATCGCCATGATGAGGAGTTTTAGTAGAGCCGCCACCCGACTTTTTGAGCGCCGGGACTTGCATCGGGATGTCAGTCTTTTTTGCTGCGTCGGTGTTGGGCGTAGGTTCCTGGGTGTGCGCCGCGAATTGAGAAACCGGCAGGGTGATTCGGATCGCATGAGAGCCACCAGAAAGAGCTAACTGCGCAACCACCTGCGTCTTAACAGGTTCAATGATCCTGATGGTGGGTCGGGAACCGAATAAGAGCGCAAAACAAAAGAAAGAAGCGCGCAGGGCGAGGGAGAACGTAATCGCGCGTAATAGGCGTCTTGAACGTTCGGCTGGAGATCGCATCTTGACCTCGCCTGGGGAGATTCGTGAGTTGATTGTCGCATAAACTTGCAAATTCGAGTGTTTCAACCTAACCCGTGCACTTACACAGTTAGAGGGGTCGAGACCGGTATCGGTCCCGGTGGCAAGTGACGTTAGGAATGCGCGGAGCGAATTCAGAGTGCCCTTCGTCACTAAGAAATACTCGACTTTCGATATACTGGGGTCACACAAAACTCTTCATTCATGGTGGTGCCTGTCTCTTGCGTTTTCTAACAAGAAGCTGGAAGTTTGTTGAAGTGGTGGCGTTGTCCTCAGCGGCGGTCTTGCTGGTTGGCAACACTGGGTTTGCTCTTCGTTGCAAGGTAGACCAGCACCAGATGGATAAGCTAGTGAACTTTGCTGTCCAGCGCCAAAATGCGTGCCAGCGACTGGGTTTACTGTGGGAAGCCGATGACCAGGAGCGGCAATACAAGCCGGGAACCAGTGCGGGCACGAACGAGACGATAGGGCCGATTGCCGGGTTTGTTATGGATGTCACGGAAAACGAGTTTGGCCACGCGCAAGGTCAATGTCATGCGGTCAAGGCGAGCTACAGAGAACTTGTAGCCCAGTATTAGGGCTGACCGGACATTGATCCAGTTCTAACTCGCTCGAATCCAAGTCCTTGGGGAACATTGCGATAAACGGTATTCTGTTTCCTCCGCGACCTTCAAGTGAGCGAAACCACGACTATTCGCTCCGCAGTGTTTCCAACGGATCGGCGAGCGCGGCGCGCCGAGCGGGGATCAACGTGGCGAGAGAACCGCTTAGTGCGAGTACGACGCTGGCTGCCACGATGGCCAGTAAGTTGGCACTGACCGAGCCGTAAAGAAAATGGCTGGCTGTACGCACCGCGAGAACAGATAAAACTGCACCAGGAAGAATTCCTGCAAGAAGGATGCGCGCTGTTTGCCCGACGATAAGCATCTGAATGTGTCGGCGCGTGGCTCCGAGGGCAATACGGATGCCGAACTCGCTTTTGCGGCGCGCAGTACGCGATGACATGACCCCATAAAAACCGATGGCGACAAGCAACAGCGTTAGGCTCGCATACACCCCTGCGAGCCGGGCAAGAAGTTTCTCGGTACCGAGGTTGCCATTCAGTTCGATGGCGAAGGGGACGATTTCATTGATGGGCAGAGTGGGATCGACTTCGTGAAGCGCCTGAAGAACGCGATCGGATAATTGCACGGGGTCGCCGACGGTGCGTACGCGAATGGAATGGACGGGCGCGGGATTCTGATCATTGCTCATGTAGACGATGGGCGGGGCATCCTGCTGAGGGCCGTTCACGAGTGCATCCGCCACTTCACCTATGATCAGGAACTTGTGGTCATTCGGAGCGGGTTCGTAACCGACCCATTGGCCAATTGGGTCGGCATCTCCGAAGAGCTGGCGCGCATAGGAGCGGCTGATGAT
NZ_CP121196.1_gap108	5069879	5072788	2909	TGCAGAACAGCTTGAAGGTCTATGTGGGCCGGACAGAAGCTTTGGCCGACAAGAATTTGATCGCGAAGAAGCAGGCGGATGAGGACGACTTCCGCAAGAAGGTTGCCGCAAACCCAGAATGGCAAAAGGAGTTCGGGGGAGCGTGGGAAACAATCGCGAAGGCGGAGGAACTGGTGAAGCCGGAGTTCCGATATCAGATCTATCGACGAACCGACAGCCGGCTTTTCTCGATTGCGCTGTTGCTGGTGCAGTATGCGGCGGAGATGAAAAAGCCTGATGGCGAGAGGCTGGCGCAGTTCCACGATGCGAACCTGCAGTCTCTCAAATTCCAACTGCTTTCGCCGGCTCCGATCACTACGGATACGGAAAAGCTGTTCATGAAAACGGCGCTGGGTCTTGGCGCGGAGAAGCTGGGAAAAGACGATCCGTATGTACAGGCTGTATTGCACGGCGGTCCGGTAGATACCACCGTAGACTCGATGGTTGACGGCACGAAACTGGGCGACGTGGCTGTGCGCAAAGCCCTGATGGACGGTGGTGAGGCTGCAATTGCAGCTTCTACCGATCCGATGATTGTGGCGGCGCGTCGTGTTGATCCGATTGTGCGCGCATCACAAAAGAAGATGCGCGACACGGTTTCGAGCGTCGTGACGCCTGCAGGCGAAAAGCTGGGTAAGGCGCGGTTTCTGGTGTATGGGAAAAACGCCTATCCCGACGCCACATTTACCCTGCGTCTGAGCTACGGAACGGTCGATGGGTATCCCTACAACGGAACAGTTGCCCCGCCAATTACCACCTTTTATGGACTCTATGATCGTGCGGATAGCTTCGGAAACAAGGCTCCGTTCGATCTGACGCCGAAAGAAGCGGCGGCGCTGGGCAAAATTGAGTTGTCAACGCCACTCGATTTCGTTTCGACGGGAGACATCATTGGCGGCAACTCGGGTTCGCCTGTGGTGAATCATGCAGGCGAGTTGGTGGGGCTGATCTTTGACGGCAACATTGAGTCGTTGGCAGGCGATTTCGTATACGACGGCACGAAGAATCGCGCGGTGGCGGTTCACTCATCAGGAATGATTGAGGGGTTGCGCAAGCTTTATGGCGCGGACGCTCTGGCAGATGAGTTGCAGGGAAAGAAGTAAGTTCTGAATTTTTGGTATCGCGTTCTTCTTTCTGAGAGGGAGCCTTTTGGGCTTCCTCTCTTTTTGTGCTCAGGAAGAGCTAGCCAAGTTGCGGCTTGGGTCGTGCTGCCTTAGAAGGGCGAAGTCCGGGCATCACGAATGCCATGAGAAGCAGTCCGGCGGGGATCAACAGCATGCCAGTGCGAAGGGAGCCCGTTTGAGCGGAGACGAGACCTGCAAGCCAAGGGACCGCGGAGCCGCCGAAGCCGGCGGTGAAGAGGATCCAACGGGAGTCCGCCGTGCGTTGAGTGGCCGCGAAAAAGCCGGCTAGAACGAGCGGGTAAGTGGGAGCGAGAGCCGCGCCGAGTAGAAACATCGCAAGATTCCGAGTGGGAACGGAGGGCGCGACCTCGAGGAACAAGGCTGCTGCGATTCCAAGCGTAACTGAGATACGAAATACTGTTATGGATGAAACCCGCAGAAGAAGTAGAGATGAGATGCCGCGGGAGGAAAGAAATCCTGCCCAGTAGAACGAGGATGAGATCGCCGCAAACACGACGCCGCTCCCGGCCATACGCAACGCGTATGTAGGCAGCCATGCGGCCACGGTGTTTTCGATGCCCACCTGCAAAAAGGCTGCAAAGGCAAAGACCGCCACGAGGTTGAATGAGGTGCCTGAGGAAAGAGCCTCAGGGGTCTCGGGTTTGGCTTGGGGGAGATCGCGTAGCATTACGCCGCAGGCAACAGCCGCAACTGCAGAGGCGATGGAAAATACAATGTAGGTCGCGCGATAGTCGTAATGCATGAGGATACGCGCAGCGATAAGAGGGGCGGCAAGAGCGCCGATGCTCCACGAGAAGTTGAGGAAAGTGAGCAGAGGTGCACAGCGCTCGGGGAAATTGCGGCCGATGAAAAGAGTGACGGCGGACATAGGGACGCCAACGCTGATTCCGAGTAGAAGAAATGCTGGTGCAAGAAGCGGACGCGGGCTGGCAGCAACGGCGAGGCAAGTCAGCACCATTCCGGTGAATCCGATGGTCATCAGTCGCGCATAGCTGCCTCGACAGAGGAGAGCGCCAAGCGATGTGCCGGCGAAGTACAACAGAAAGAGAAGCCCGGAAGTGGAATCGCTGAGGCGAAAGCGCACCGCCAACGACGGAAGCAGCGCGCCACCGACGGCGTGCAGGACACCGGTTAGCGCGAAGACCGGATGGAGTACGGCGAGTGTGCGAACGGAATTTGGTTTGGACTCGAGCGGCATCGGCGATTCAAATACGCTTGATGCGATTGCGCTTGGGATTGGGCGGGCTTGTGGACTCGCGAATGATGAGTTCAGGATGAATTGGAACGAAGTCTGGGAATGTTGCCTGCCTTCGAATGCGCTGAAGAAGAATGCGCGCGGCAGTGGTACCCATACTGTAAAGCGGCTGACGGATCGTGGTGAGACTGGGATTATGGTAGGCGGCGCTCTGAATATCGTCGAAGCCTATAACGGAGACGTCAGTGGGAACGTGAAGACCGTGGTTCATGAGTGCGCGAATAGCTCCGATGGCGGCAACGTCGTTGTAGCAAAGCAGTGCGGTAAAATCCGCGCCTTTTTGAATCAGTTCGCTAGCCGGCTCGTAGCCAAGTTCAGGAGTAGAAACGCGAAGCTTCAGTTGCACAACAAGGTCGGGCGGGACTTCAAGTTTCAGCTCCCGGGCGACCGCCATGAGGCATCTCCAGCGATCGTCGGCATCGGAACTGTGGCTGCCACCACGCATGAATGCGATCTTTCGGTGGCCAAGC
NZ_CP121196.1_gap109	5084687	5086525	1838	CGCGGCCGCATAGATCGCACTTGCTGTTGTCGCGCATGGGTCAGTATCCCCACGCTCCAGCGCCATCACGCGGCCGGCGTTACTGACTGATTCGCCCAGCAGGAGTTTCTGATACAGGACCACAGAGAACGAGAAGATACCGGTCAGCATCATCAGCATGACTGGCATGACCACCGCCATTTCAACAAGAGCGCTGCCAACTTGGTCACGAAGGACTGCGCGTCGGATTCTGGAAGGTTTTGATCCTGTTCTGCGCAGGCGTTGGAGGCAAGATGTTATTCGGGGGCGGAAAATCGCCTCCGGGACTTCGAAACTTAGATCTCTCATTATTGGGCCCTTTGTATTAGTTTTTGGGTCCGCATTTCGAAGGGGAAAAAACAACAACTTAGACGCCTGAGTGACGCCCTCTGCTCTTACAAATCAGGCAGTTTGCTATATGAGGAGACAACTCCACTGTTTCTTTACAGATGAGGTATTGAAGCGGGGTAACTAAAGTGCAAGTGCGATCCCATTACGCAAGACATTGTCCGCGACCAGCACTCTCAGCGCTCTGCTCACAGGATGTTTGCGCTTATCAATAAACGAGCTTCAAAGCGAACTGCATGATGCGTGGGCCGCTGGCAGAGGTGATGGAACCAAAGGAACCAGAGTTGCGGCTAGCATTCGGGTTGCTAAAGTGAGGGGTGTTGAGCAGGTTGAAGCCCTCCGCACGGAACTGCAGATTCATTGTTTCCGGAAGGGAGAAATTCTTGAACAGTGAAAAGTCCTCGTTGGTGTAACCGGGGCCGCGAACAAGATTTCGTCCCGCATTGCCGGGAATCGGATCGCTGTTGCTCTGGCCAGGCGTGTTGGTGAACGCCGCGGTGTTGAACCATTGCGTAATCGTACGCAAGTGCGGCGGCAGCGTGGGGTTTTGGCCGGTGACGAGGTTGGGCCGCAGCCCTGGATAGTCGGCGTATCCGGCATTCGCGATGATGTTAACCGGTGTGCCCGTGTGAAATGAAGCGATAGAATTCAGTTGCCATCCCCCAACCAGGGCGTCGATCAGCGGTCTCGCTGAGTGGAGATAGCGTTTGCCGCGCCCGAAAGGAAGCTCGATCTGGTTGCTCAGCGTGACGTTGTGTTTGATATCGGCCGCCGATGTAGCGTACTCCGGATCCAGATTGAATGGGTTCTGAGGAGCCGAACTACTCGTCAGATCGAAAGGAGCAGGGCCATTGTCAAGGCTGTGCGCATAGGTATATGCCGCCAGCACACTCCAGCCATTGCCATAGAGTCGCTCCACCTTGGCCTGAAGTGCGCTGTAGTTGCTTTTGCCGACCGGAAGCAAAGTTTGCACTTTACCAATCTTGTTTGAAAGATGATTGCCTACGTTGTAATTCCCCACGGCGTAGGACAGCTTATGCGACTGACCACCAACATAGCCGGCCTCAAGGGAAATGTTCTCAGGAAGCATCCGTTGAACAGTCAGGTTGTACATCTCGGAGTAGCCGTCGGGAAAATTCTTGGGCTCGGAGTAGACAGTCTCGTTCCCTGCCCCTGGGACCTTGGTCAAATCGATGCTAGAGGCACCACTTGGCAGGCCTACGGTCGTTGAGCGGGCGATTCCCGTATCGAGGTTGTAGGCAAAATAGTAGGGTGAGTTGACGTATTCATCCTGCGTGAAGAAGGGATAGTTCTTGGTGAGAATATCTTCACGTGCATCGTTCTCGGCCGTATAAAACATGCCGAACCCGGAGCGCACGGTTGTCGCGTTATCAATCATGTAGGCGGCGCCAACGCGTGGCATGACATTAGCCTTGTTGGAATCGACTAGTGAACGGCTATTCGAACCGCGG
NZ_CP121196.1_gap110	5118306	5120162	1856	CCTCTGTTTTAGGCGGACTGATTGGGCTTGAACGCGAGGTGAAGCGCCGCTCGGCAGGGGTTCGCACCAACCTCTTGATCTGCCTGGGCGCGGCGTTCTTTACGCTGCTATCGGCAGTCCTGGCGGGCGATGCGAGTCCTAACAAGGGCCAGGTGGCTTCGAATATCGTGCAGGGCATTGGCTTCCTTGGCGCAGGGCTGATCATTCACACCCGCAGCCGCATCAGTGGGCTCACGAGCGCCGCGAGCGTATGGGTAGTGGCCTCGATTGGCATGGCATGCGGCGCGGGCTTGCTGGCTGCAGCAGCGATTGCCACGGTAATCGTGATCATCGCGCTTGAGATAGTCGGTTTTCTCGAGCGGCGCGCCAGCATTAAGATCTACTCGCTCATTTATGAGGCTCGTGGTTCAGACCAGACGGCGATGCTTCACTCTATTCTGGACGCTATGGACAAGGCGGGCGAGCAGCTCGGAGATTTTGCCGCTAACGCGATCGGCGATTTGCAGCGCGTCACCTTCACCATCACCGCGACGAAGAGGCAGCATGAGCGCCTGCGCGGCAAACTCCTCTCTGAACCTGCCATCGATGCGCTGCTCAATTTCCGCGATCCGGAGGAAGATTGATTCCATTTGCGAAGGCGCACGCGTGCGGCAATGACTTTCTGATCGTGACCGAAGATGCAGCCGCCAAACGAGATTGGGCTGAACTGACCCGACAAATCTGCGCGCGCAACACGGGCGTGGGAGCCGATGGCGTGGAGTTTTTCGCTTGGACCGGCTCCAAGTCCGGCCGCATACGTCTTCACAATGCAGATGGCTCCATAGCTGAAATTAGCGGCAATGGAACGCGCTGCGTGGCTGCGTGGATGAGTTCCATGATTGGCGCAAAAAGTGGAGATGAACTGCGTATCGAGACGGACGCGGGAATTCGCGTCTGCCGTATCAACAGCGTTCGGGTGGATCTCGGCTATTCCGTCGAGGTCACGACGGGCATGGGTATTCCAAGCGCTGCGCGAAAAACCGTAACTCTTGCCGACGGAAGTCAAGTAAACGGCGTCGCTGTCTCTACGGGCAATCCGCACTTTGTGATTCTGGTTGCTAACCCGGAATTCACCGTTGGCGATAGAACGTGGCAGACTATCGGGGCGCAAATCTGCATTCATTCTGACTTCCCACATCAGACTAACGTCGAGTTTGTCCGGATCGTGAACTCGAGTGAGATTGAAATACGCATCTTCGAGCGAGGTGTGGGCCCGACCACATCCTCTGGAACGGGCTCATCTGCAGCAGCGACAGCGGCGATTGCATTCCATGCATGCACATCTCCTCTGCGCGTTCTGGCCCCGGGTGGGTCGCAAGTGGTGACTTGGCGCGGGCAAGCCAACGAACTGGAACTCACAGGGCCGGCATCCTTGATTGCACGCGGCGAGGCATGGTGCTGATGACAACCGAATCGAAGCCGCTGATGTCTTTGGGGCCGATCGGCGCAGGGGCGAGCATAAGCGTCATCTCTCCCGCGTCGTTCGCAATTCCCGAGCGCGTTGCAGGCGGGATGGAGCGCCTGAATCAACTCGGGTTTTCGCCACGCATCGGCGCAAACACTCAATCGCGAGGTCCGCTTTTCTTTGCCGGATCACCTGAGCAACGCCTAGCCGACCTGCAGGCAGCTTTTACCGATCCGGAAACCAGCGTCGTAGCGGCGGTTCGCGGCGGCTATGGATCGAATTACCTGCTCGATCGAGTTGACCTCGCGCTCATCGAGAAGCATCCGAAACCATTTTTCGCTTACAGCGATATGACGGGATTGCAACTTTACCTGCTGGATCAGCTTGGCCTTCCGGCGTTTCACGGGCCGAT
NZ_CP121196.1_gap111	5187418	5192338	4920	CAGGACGAAACGTGAAACGTAAACTGCAGGTTTCAGGGAAAGACGAAGCAACATACTCAGCCCCCAAATTCGATTCATAGGAATGTAAAGTCGCGACGGGAAGAAAACCTGTCGTGCGTCAGATTTCTGCGGACAAATATTTGACAGATAAATCCTGAATGAAAACGGATAGTGCCCGTGGAATTGAAAGATAAGGGAAAAAGAATTGGGAGTTCAGCATCACCGAAACGTCGAGAAGGTGTCAAGGTTTATGGAGAACATGTGACTGCTGTTGCGTTCGCAAAATGCTGCTCGCATGTGAGCCCGCACACATCGTGACGCGAATCACAGGTAATCAACTCTGGATCGAATCCTCTTGAATTTCACCTCTCAGAAGTCGATCATTTCGAGAGCCTCCAAACTGAATTCTGGTCGTCTTGACCTACTAGCAGCTCGATTGAGCTGCGCTTTACGACTTTTGTTTCGTTCAGAGGACCACAGAGTAATTCATGCCGATGAATCTCGGCGGGAGAACATATGAAAAGGATCATCGCAGTCTTGATGTGTGCTTTGTTTCCACTCACTGCCTTTGCCGGCGATAACGGCTACAAGATCGCCTATGACGGGGGGTCCATCCAAAATGCCAAAGCTGGAACCGGAATGAAGTTGTTCATCGACGGCAGCAACATACGAATCATGAAGGACAAGACAGAGATCGCGGTAGTTCCAGCTTCAGCGGTCACTGAGATCAGTTATGGTCAGGACGTCCATCGTCGAGTAGGTGCGGCCATCGGCGTCGCCGTTGTTTCTCTCGGGATTGGAGCTTTATTGGCATTGTCTAAATCTAAAAAGCATTACATCGGACTAACTTGGGATGACGGGGGAAAGAAAGGTGGGTTTGCCTTCCAAGCCGACAAGAACGACTATCGAGGCCTGTTGGCGGGACTCGAGGGAGTGACAGGAAAGAAGGCAGTTGATTCGGATGCGATGACCGTTAAAAACTGATTTGTGTTTCATGTGACTGGCATCTTCACGGCGCGGCTTCGGCTGCGCCGTTGTTTTCTCTGCATGCACCGCTCGTCATGTTACCTGGATGAATTGGCTTGCTTGGGGCCGCCCAATCGCGGGATCATTCGATTGTCCCCAAAGATTGATCTGCGTGGTTTGCGGCGAGGTATGGCTTTATGCGTCACGGAATTCTGACCGTTGTGTTGCTCGCGAGTTCGGTTTTGTTTGCTCAGGAAGCGCTGGATAATGCGTCGGTGACCAAGCTGGTAAAAGCAGGGCTTTCCGAAGACCTGATCGTTACCACCATCAACTCGTCAGCGGGCAATTACGACACTTCTGCGAATGGGTTAATCGCGCTGAAGAAGGCGGGCGCCAGCGACAAAGTGGTGGCTGCGGTTGTACTCAAGGCTTCCGGTGCTACAGCGACTGCTCCAGCGGCAGCGGCAACTCCGGCGAATCCATCCCTTGCGAATCAGGGTGGAGCGGGCAGCGCCGGGAACACGACCGGCGGCGTGATGCTTGCGCCGGGCGGACTTCCCGCGGGCGTTGACAGTGTTGGCGTCTACTATCTCGACAAAGACGGGAGCACGTGGCAGGAAGTTCCGGCCGAAGTTGTCAATTTCAAGGCCGGCGGCGCTCTGAAGCATTATGCAAGTGCCGGCGTGTTGAAGGGTGAAACGTCAGGCATCGTGGGTGGAAACCGCAGCTCTCTGAATCTCAAATTGCCGGCGTCGTTCATCCTTTACGTTCCGGAAGGCCGAGCGCCTGGTGAATACCAACTGTTGCATCTGCACGTAAACGCCGATAGCCGCGAGTTTCGCGCCGCAAACGGAGGCATTGTGCACGATTCGGGCGGTGCGCTGCGAGACGTGATGGAGTTTACCTCTAAGAAAATCGCCCCACATGTTTATCTCATCCAGTTTGGCGAGGATATGGACCGGGGTGAATACGGTTTTCTGCCCCCTTCCGATGTCCCGGTAGGCGGAAGCATTCCGACGGCCAGCAAAATCTACAGCTTCGCCTTCGCGCACTAGAGAGACTGGCAGTCCAGCCGCTTCTCAGCCGAGAGGCGCGTACATCCCGCAGGAACCCGGCCGGGTCCGATATCCTATAGAGGGATGCCCCTTGCGGCCTCCCCTTGTTGATGCATAAACGCACGCGTAGAACGCTCCTGGTTTTCGCCGGTGTCCTTGTCCTGCTGGCTCTTGCCGTCTTCCTGCGCTCGAAGGCGCCGCCTGAGGGAGCCCGCCTGCTTCCCGAGTCAGATGGCATTCTCTACTTCAACCTCAAGCCTGTCCGCGTATTTCTCCGCAACGATCTGAAGCCGCCTGCGCGCGTTCCGGAGTACCAGCAGTTCGTAGACGCTACCGGAATAGACTGGGAGCGCGATCTTGACTCCGCCGCCATTGCGCTGCACCGCATGCAGGACCCCAGCGGTCCCAACGGCGCGGTGGCATACTCTCTGGTGCTCTCTGGCAAGTTGACTGGAAAACGCCTGAATACCTGGCTAGAAGCCCACGCAACAAGCCGCGAGGTGTATGCGGGCCACACCATCTACAGCATTCCCTCGGAGAATCGCACCGTCCGCGTGGTTCAAGTGGGCTATGACATGATTGCGGCCTCTAACTATCCCACCACGGAGATGATCCACTCCATCATCGACCGGCATCGGACCGCTGCCCTGCCATTTGCGGGTTCGACATTGTTGTCGCAGCACTTCCACGACGTGCCGCTGCTTGCGGTCGCCTGGGGAGTGGGGCAGATTGGCCTCCCGTTGTCTGAGAGTGGGGCAATCAATGTTTTCGGTCTCTCGCTGCCCCTGCAGGATGATTCCACCATCATTGCGAGTGTGACGCCCGGACTCCCACTGGCCAATTCGGTGCATCTCCGGGTTGAAGAGATCGCTCCCGATGAGAACAAGGCAGCCAACCAGGCCGCTGCTCTCGCGACGATTGTCACGCTGGCTCGTGAGGCTACGACGCAACTGGCTGACAATTTGCCTAATAATGCCCTTCGGGAACTGTTGAGAACGACGGAAGTGACGCAAAAGCGGAACCGAGTGGTCGCGACTGCCAACCTTTCGCCGGCATTTTTAAGTCAAATTACGAAAAGCGGAAATATTTTGACAACCCCTACAACCCCACCCCCTGCCGGGGCATCTCAATAACTGTCGCGCTTCCCAAAGAACTGCGAGAAAGATCTGCTTCGTTCAGGCCGCCGGTCATGAGTTCCTTCTTCCTGGGTTGGGGGATAGAACCAAATCGGCGGCCTTCTCCATTTCTGGCCGAATTTTATAGACTCCCGGGATGTGTTTCTCGCATCCTGTTCTGTAGGCTCGGGTTTGAGCCGCAACTACCGATATCCCCAGAGAGGTTTCATGCTCCGCTTCCTCAGAACGCAAGCTCTGATATGCACTGTCTTTTGCCTGTTATCGATAGGCGTAATTGCCGCAAAGAAGTCTTCGCCGGACCAGAATCAGGCATCGACTCCAGTTCTGAGAGGCCAGGCAGCCTTTACCGACGCTGCTCACGAGTCCCCCGGCACCCGGCGCCACCTGACCGTGGGTGACCTTCCTGCTCCGGCGCCGGATCAGGCGGTCGATAACGGTCCCAGCATGATTCCACGGCCGGCGAATGCGTGGCCGGTTGCGCCTAAGGGCTTCAAGGTGGAACTTTACGCCACCGGGCTCGACAATCCCCGTCTATTGCGTGTTGCACCCAATGGCGACCTGTTTCTGGCTGAGAGCGAAAGCGGCAAAATCAGAGTTTTTCGCGGCGTGACCCCGGACGGAAAGCCGCAGCAGACCTCGGTTTTCGCGGAGGGATTGCACCAGCCCTTTGGCATTGCGTTCTATCCATCCGGTCCGGACCCTAAGTATGTGTACGTTGGCGAAACCGACGGCATTGTTCGCTTCGCCTACAAGAATGGCGATTTGAAGGCTAGTGGAGCTGCCGAGGATCTCGCCGAGTTACCCGGGGGAGGGCGCCTGCGGGGAGGCGGCCACTGGACGCGCGACTTGATCTTTTCAAAGGACGGAAGCAAGCTTTTTGCATCGGTCGGTTCGCACTCCAATGTGGACGACAGCGACACCCACCCCGAGGAATATCACCGCGCCGACGTGCTGCAGTTCACGCCCGAGGGCAAATTCGTGAAGGTGTATGCCTGGGGCATTCGCAACTGCGTTGGCGAGGCGATCAATCCCATCACGGGCGAATTGTGGTGCTCAACCAACGAACGCGATGGGCTTGGCAACAATCTCGTACCCGACTACGTGACCCATGTGCAGGAAGGCGGCTTCTATGGATGGCCGTGGTGGTACATGGGCGGACACCAGGATCCACGCCACCTCGGCAAGCACCCGGAACTCGGGCCGAAGGTCATCACACCTGACATCATTCTGAATCCTCACTTCGCATCGCTGGAGATGATGTTTTACCAAGGATCGCAGTTTCCTGCGGAATTCAAAGGCGACGGTTTCGCGTGTGAGCACGGATCGTGGAATCGTGCACAGCGTTCCGGCTACGAAGTGATCCGCTTGCCCATGAAGAACGGCCACGCGACGGGCGAGTATGAGGACTTCCTCACTGGATTTACAGAAGGTGACGGGCAGGTTTGGGGACGTCCGGTAGGCGTTGCCGAGGCCAAAGACGGATCGCTGTTTGTTTCTGACGACGGCACGCGATCCATCTGGCACATCGTTTACACCGGCAAATAGCTAACCCTTTTGATGTCCATGGCACGGATCCCAGGTCTCAGGATAGAGACCTGTGGCACCCGGCTACGGTGCGTTGTATGGATAGCACAGCATCCAAAAAAGAAACGCAACCTCTGAGTTGCGCTTCTCGCTAGAACAAGCGGAAGTTTACCATCACCGAAATGCGCACCGGCACGGGCTTGCCGTCTTTTTTTGCGGGCTTGAATCGATACTTTAGA
NZ_CP121196.1_gap112	5258940	5262770	3830	CGAGGCGAAGCTCCGCCACGCCGAGTCCCATCAGAGCTTCGGGGTTTTCTGGATTTGCTTTGACCGCAGCCTGGAAGTACTTCTCCGCGTCGGCTGTTCGTCCCGCGCGGATAGCTTCTGATCCCAAGCGGAGAGCATCATCGGCGGACTGGCCATCCGGCCGCGATTCGGTTTGACCTACACCGCGCGGAAGTCCAAGCAGAAAGCCGACCATTAGAAGAGCGCTGCATATTCTCATTCGAAATTGTCCCCGTCATTCCATTCAAATTCCATTTCGAACAAAGGATACGACGCTCTGGATCAAGACCGGTAGTTGGTATCTGGATGCAAACAGACACTAGCTAAAAAAGCGGGGATATAGGGAACACCTATATCCCCGGGAGAGCGTTGATGAGCGCCTTCGAGCTAGAACGTGAAGCGCGCGGTTAGCTGAACGTTGCGTGGCGTGTTGACAGTACCACCCGGCAGGCCGAATGTGCCGTAATCATAGGGCTGCAGATCCGGAATATTGAACGTGTGCTGGTTGAAAGAATTCAGGAACTCTGCTTTGACGCTCAGGGTATACGTCTCCCAAAGCGGGAACTTCTTGATAAGGCTTAAGTCGTTATTGAAGTAGGGCGGGGTTCGCACCTCGCTCGTCGTACGCGGCAGGCCGGTTGGGAACGAATAGGGCAGGTCTGGGCCGCCATTGCAATTGGCAAGCGTAGCTGCCGTGCAGTCGCGGTTGTAGTTGTTATTGACATCGTAGAAGGCAATTGGGTCATTCCCTACCGGAGATCCGGGACGTGTTACGTCGTTGTATTCAAGGTTGAACATCGTGTTGGTGTTTGGATCGAGTGAGCCGTTCGGTGGGACAACAACGAATGGTTTTATGTGGCTGGCACCCTTCTTGTAGACCGCGCTTTTGAGCGATGCCCCTGGCACGTGGCTGAACCGAATACAATTTTGGAATCCTGGAATACCCCATGCGCAACCGAAAGATAACGGCTGCCCGGATTGCATGCGTTCAATCGTTCCTAGTTCCCATCCGCCCGCAATCTGCGCCATGATTCCGTGGTTCAGAAAAGTTTTTCCTTTACCAAACGGCAGTTCATACAAGGCACTGACAACAAAGGTGTGCCGAATATCCATAGCAGAGATGGCTTTCTCTTTGTGCAGGTCTTCGACATCCATATCCTGCGAAACGCCGACACCAGAGTTGGGCAGCGCGCTGTCAGCATCGGTAAACGTCTTGCCCCAAGTGTAAGAGCCCTGCAGGTTCAGACCCTGATGGAAGTGACGTTGGATCGATGCCACCAAGGCGTTGAAGCTTGACATACCTACGTTTTCAAGGCAGCAACCCTGATCGATGAAGTCGTACTGCGGGAACGGACGCAATGCCGATTGCAGTGCCGGATTGCCGCCCCAGTTCTGGAGGAATTGCGGGAACGGGAGTGCAACGCCGGCGGTGTTGTTGATGAACGGTTGATAGAGGGCGTTGCCGAGCGAGAAATACTTGCTCGGCATGTTGTTCGGGTTGAGTAGGTTCGATTCGAGATTTGTGGAGTGGTTGCCGATGTAGCCAACAGTCGCCAGCAGATCTTCAGCGATCTGGTGCTGCACTTCGAGCGTCCAGTTGTAGACTGTCGCGGGTCGGCCGGCGCTCGGAGTGATGTAGGAGCCCGGCAGATACGATCCGTTGTAATATCCGGGATCTTCATCCGGCGGCGGTGTGAAGGCAGGCATACCGTTATCGATCTCGAAAGAGGGATCGAATCCGTTATGGCTGGGAGCATTTGGATTAGCTGTGTAGCCAGTGACTGTGCCACCACCAAAGTCGTCGTACACAAGCGGTCCGTAGATAATGCCTGAGCCGCCGCGGACAACCGTCTTCTGATGTAGGAATTCGGGGGACCACGCAAAGCCTATGCGGGGACCAAAGTCCTTGTACCAGGTGTTGGCCCAGCGGGTGTTGCACTTGGTGCATTTGTCTCCGAAGACCAAGGCCCCGGGAATGTTGTATTCGGTGTCGATTGCCGTGGGGCTGAAGTTCGAGGTGTTGTGGTGAGCCTCAGTGCGAGGTACGTCGACGTCGTAGCGCAGCCCGATATTCAAGGTTAGAGTCGGAGTGATTTTGAAGTCGTCCTGCGCGAACATCGCGTAGTACCACGAGGTCCAGCGCTGCCCCTTCAAGACCACATTGGTGCCGCCATTGTCGGCTTCTCCAAGCATCATGCTGGCGAAGCCCAACCCGCCGCCTTGGCCGATGGCGCCGCCGGTTTCGTTCGAGCTGAAGTTGATGTACTCGTTTCTGCCGTTGATAGGTGAGTATTGCTGGAAGCGCACGTCGCCGCCGATTTTGACGTTGTGCCGTCCATGCGTCCAAACCAGGGCATCGTTGAGACGAATACCATTGTCAACGTTATCGCCGTTGTTTCCAAAGCCTAGTCCGATCGGTGCATCTCCCGTGTTGATCAGAGGGAAGTTTTTGCCGCCGGTGTTACTGAGGCCTACGATACTTGACCAGTCTTTGCCCAGGTTGACAGCTTGCGAGTAGTTTTTGCTGTTGCTACGGTTTGTTCCGAGAACGAAGTAATTCAGCAGATTCGGCTTCGGAGAATAGTCAACGCCAACGCGGAAAAAATGGGTGGTGAAGTCCTGCCACCAGCCTTGCGTACTTACTGGTGAAGGCAGAGTCGCGAGATTGCCGGTGAACAGATCGTTCTCACGGGTGCTGTACGATCCCCAAAGTTTCGTCTTCTCGCTCAGGTTCTGATCGATGCGGACGGTGTACGTCGTGTTGGTGATCGGGGAGATCGAGTTCTGTGAGTAGTTATTGAAGACGCCGCTATTGGTAGGTTGCGGGTAGTAGGCAACAAGGTTCTGAGCAACCTTGCTGAGCCGACCGCTCGGAATCATATTTGTTGGAGTCGCATTGCCGCCAAATGCAGTGCGGCATTCCGCGGTGCCCCCGCCCGGCAGCATGACAGTCTTGGTGGTTGCGGGATCGAAGATCTCGCCGGCATAGATTGGCGTGCCATCGCAAGGATTGGTTCCGATCCGGTCATTGGTCAACCGATCAGAGAAGTCGCCGGTGCGCTCCGCAAGCGTTGGAATGGTGCTGGTAACGGTTCCACCATGGACATATTTCAGCTGCTCCCATGAGAAGAAGAAGAAGCTCTTGTCGCGCCCGTGATACAGCTTGGGAATCCAGATGGGGCCGCCAAATGTTCCGCCGAAGTCGTGCTTGTGATCGGGAGGAGTATTCCATCCTGCGCGGCACGATGGCGTATCGTTGGCTCCGCCGCAGTAGTATGCGCGCCAGCCCTTGTTGAAGTAGGTATTGGCATCGAGTGACGTGTCGCGATAGATTTCGTAACCGGTTCCATGGAATACATTGGAGCCGCTCTTGGTAACGAAGTCTTCAACGCCGCCGGTCGTGCGGCCATATTCAGCTTCAGGCAGAGATGTTGTAACCCGAAATTCGGCCAGCGCTTCGACAGAGGGTGCTTCTTCATCGTAGGACGAGCCGTTTTCGCTGCGCTGCTGACTGGCGCCGTCGATCAAAACTTCGTTGCCGTAGTTCTGCCCTCCGGCTACCTTCGACAGGAAGATGCCGTTGTTGCTGTTGGCAGCGCCGGGACCAGTTGTCGCAGGCTGCAGAAAGACGAATGCCTCATTGGCGCGCATGGCGCCAACGCCGCCAAGAGCGAGAGGAAGTTCCACGATTTGTTTCTCGCTGATGACGCCGCCTACATCGGATGACTGCGTCTCAAGCGATAATCCTTCGCTGGTGACGGTTACCTCTTCAGAAACTGCGCCAGGCTGCAGTGTAACGGCCACGGAGGAAA
NZ_CP121196.1_gap113	5276504	5277468	964	CCCAGGGCCAGCGAGAATCGGTTGATGAGCGGGCGCAGATAAGGATGAGGAACGAAGACTCGTCGTACAGGAATAGCCTCAAAGCCGACCTTGACTTTGAAGTGGTGAAGGCCCTCCGCATTGGAGGACTCTTGAATCGAGCTAAGGCCATAACTCACGACGCGGAACTTGCGTTCAACCAAAAACTCCGTAAGCAGGCGGTCGACGAGTCCGTTGTTGGGATTGAACACGAGTCCTTCGTTTGTAGACTCTCCGCCAATTTCCACCCAATCGTCCACTGCCGTGGTCGAATAATACGCAATTAGATTGTCATCCTTCCAAGCTCCAATGACCCCGTTTGCTGGATTATTGAACCACGTCCGGAACTTTTGCTGAAAGACTTCGGATGTTCCATCCGCCAATCCATTTCTCTTACACGAATCGCGAAATGCGGGAAGTCCATTCGCGAGGAAGATCTCTTTGCTCAACCATTCGAAGCGCAGAACACTGGACTTTTTAATAGAGAATCTAACCTTTTTTGCGAGCTTATCCATGTTATACGACTGATCGCGGCAGATGTAGAGTTTGGCATTCGCGGGATGTTCTTCGCTTGGTTCGATGACGTAGCTTATCATCGGCGCGTGATCGCTCCTGAGGAGACGATTAATGCGCGCTGGATCGGGGGCCGACAGGTCAAAAACCGGCATCCGCACCAAGTATCCACCTTCCCCGCGCCTCCAATACGTTCCGGATTCATCCTGAGGTATATTTTTTCCCTCACGTTTTAAGGCGTTTACATATTCACGGATCGATATACTCGTCATGCGCCACTCCTATAATCTCGATACTTTTGGGGAGCAGTTTGTTCGCTTCGTGCGATAACCACCTCGTCCCGTGATGCGATGCATTCAAATAGACCGCGCTACTGCAAGTTCCTCATAGAGTTTTCCATAGGCGCAGATCATTCCACTTACATCCATCCGAT
NZ_CP121196.1_gap114	5281742	5285284	3542	TGCATTTGCGCCGACAGTAGAGCCGCGGCGGATTATCGTTTGCTCATACAGAGCGTGACGATTAACCTGCGAACGAGGATTAGTAACGTTGGTGAGCACGCAGGAAGGTCCGAGGAAGACATCATCTTCAATGGTTGTTCCCGCATAGATAGAAACATTGTTCTGCACTTTTACGTTGTCGCCGACCAAGACGTTCTCGGCGATCTGGCAATTCTGACCGAAGATGCAGCCGGCACCAATTTTGGCCCCCTTGAGAACGTGAGAATAATGCCAGATTTTGGTTCCATGTCCGATCTCGCATGGCTCGTCGATGACTGCGGTCGGGTGCACAAAGTATTTCTTCTTTTGTGGCTCGGCCGACGTTCGCAGGACAATAGATTTATGTCCATCCAGGGATTGCTGGCATGCGTTCAGTACGCGCAGGACGCGCAAGCCTTCCATGCCGTCAGTCAGCGCATCGCGGCGGGAGGAAATGCAATCGAGAAACTCCTTGCACTCGAGCTTCAACGGCTCGGCTGAATCTATGGCGACCGATTCACCTTCCGCCTTGACAGCCGTCGGCACCCGTTCTTTCCACTCGACTCGGTGCGAGTAGAGCACGAGCTTTTCTGAAGCGGTATCATCGAATACCGCCATCTTTTCAGATCCGACGACTACGAGTCGCTGCTCTTTAAACGGATGCAGCCAACTGACAAAGATGTGCGCGCGTACGCCATTGGCAAACGTGAACTGGCTCAGAGTGACGTCAGCGACATCCTGATTAAGGTAGGAACCGCCCTCGCACGTCACCGATTCCGGCTCCTCTCCGAAGAGACCCAGCATCACGCTTATATCGTGAGGTGCGAAGCTCCACAAGATATTCTCTTCCGAGCGGATCTTACCCATGTTGAGGCGATTTGAGTAAATGTACTCGACGCGGCCAAGCTTCCCACTATCGATGAGTTCTTTCAATTTTCGAACGGCGGGATGATATTGAAGGATATGGCCGATCATCAGCTTGCGGCCGTTTTCCCGAGCTAGTTCAAGCAGCTCTTCGCCCTCCGCCACGTTGAGCGCCAGCGGCTTCTCAACGAAAACATCCTTGCCGGCCAAAAGAGCTTGTTGCGCCATTTTGAAATGGAGTACTGCGGGAGTGGCTAACACCACGCCCTCAATATTTATGTCGTCGAGAACCTCGGCGTAGTCGCGGCAGAACCTTACATCCGGGTACTTCGCCCTGATGTTTGCCTCAACCACCGGGCTTCCATCGCAGACCGTGCGTAAGGCCCCGAGTTCGGAAAAATTGCGGACCAGGTTCTTGCCCCAGTATCCGCCCCCCACAACCCCGATATTTGGCGTCATTCCCATCTCCAGACAGTTATGCGAAAAGAATCTTTTCCCGATTCGCTACCACGTTTCTCGTAGCATTTCGGGTATCGATCACAACGTTTGAAAGCCGTACGATGCGCTCATAATCGAATGCATCGTGATCAGTAAGGATTAATGTGGCGGTGGACCCAAGAAGGGCGGAGTCTGAGAGGTGCTTCAACTCCTTACCTGGCAGGTGTCCGTATCGATGAGACACATAACCACTCACATGAGGATCGAAATACTCAATCTGAATGCCACGGTCGTCGAGCAGCCGTAAAATTTTGATGGCGGGAGACTCGCGACAGTCATCCACATTTTTCTTGTATGCCAAGCCCAACACCAGCAATCGTGCCGAAGAAGTTGATGTCTTTCTGTCGTTCAGATGTTTGGCGACCGTCGAGACGACTTCGTACGGCATGTTGGTGTTGATCTCACCAGCCAGTTCAATGAACCGCGTTGTAAAGTCATACTCGCGAGCTTTCCAGGAAAGATAGAAAGGGTCGATAGGAATACAGTGCCCACCGAGGCCCGGCCCCGGGTAGAACGCCTGGAAACCAAACGGCTTGGTCTTCGCGGCATCAACGATTTCCCAGATATTCAGTCCCATCCGCTGACAAAGGAGTTTGAGTTCGTTCATCAGCGCAATGTTGACGCAGCGGTAGATGTTCTCGAGGATCTTCGACATTTCAGCCGCTTCACACGACGACACTGGAACAATCTGGTCGAATGTAGCGCCATAAAAAGCTTCCAGAGCCAAGCGAGACGCGGCATCGTTTGCTCCCACAACTTTAGGAATTGTTTTGGCGGTGAAGTGCGGATTGGCTGGGTCTTCACGCTCCGGCGAGTACCCAACAAATAGTTCCTCGCCAATTTTCAGTCCAGACTTCTGAAGAATAGGCAGCACGACTTCGGTGGTGGTTCCCGGGTAGGTCGTACTTTCGAGGATCACGAGCTGACCAGGGCGAAGATGGGGAGTCAATGATTCCGCTGTCTGCCGCACTGCGGTCAGATCAGGCTGCCGGTATTTGTCAAGCGGAGTCGGGACGCAAATGCTGAGTGTATCGACGCTCTGGACGCTGGTGAAATCAGAGGTGGCAATGAACCCGTCATCGGCACGCATGTCCCGGATCGCAGAGTCTGGAATATGGCCGATATAGCTCTCGCCCTTCATGAGCTTGCTGGTTTTGTTCTGGTCAATGTCCAGCCCGACGACTCTGAATCCCTGAGAAGTGAACAGGCGGGCCAACGGAAGACCGACGTAACCAAGTCCGACAATGCCGGTCGTGAGACTGCGTGACTCGACTTTGTGAAGAAAGGACTCCAAATACAAGCTTGAAACAGTGGTTGTCATGGCGGTGTTTCCTTTAGGTTGCAGTGACAGAGCGGGACAGGGGTCGGCGGCCAATGGAATTCCAAATCCATGGATCCGCGCGTCTCCCGCTCGTCACCTTGGATTGAACTTTGAAGTCTCGTGATCGGTCGCTGAACCGAGCCCACACCGGCAGGTATGCGTTGGTCCTAGAGGCAGATCTGTTGTGGGCTTATGGAGCGATTGGTTTAATCAAGTGCCGGAACCAAACTAGCTTTGCTCGTGATTTCAGGTGATCGGTATATCGTAGGCACAAAGGAATGCGAACTTCCAATCTCAATGCTGATGAACATCCCTTGAACTGCCCACCACCAATCGCCAATCCGAGGAAGAAACATTGCTTCGCTTGCGATGCCGGTGGAAAGCATCGCCAACGCCCACAGAGTCACGAAGTCGCCTTCCCCGTTGAATCGCCAGGCCTTCCAGGCGATGCCGATGACAGGTATGAAAAACAACAAGCTGCCGAAAAAACCACTTTCATCGACCACGTCAACATATAGCGAGTCTTTGACTGAATAGTCTGCTTTTTTGACAGCACCTACACCCGCAATCGGATGCGCCGAGATATCTTTCCAAGCCGCCACCGCGATGCTCTGATCCGATGCATAGCGGTTGTCTAATCGAGTGCCATTGAGAAAACCCTCGACCTGATAAGTTAGATTGCCAGCCAGCAACTCGGATCTGTCCAGTACAAAAACAATAGTCATGGTGAACAGGGCGAGAAAACAAAAGACTAAGCCAACGAGCCGGGGTCGCCGAACCTGCCTCGTAACGAAGACGCATCCGATGAGCATGACGAACGTTCCGGCAAGGAAGGAACCTG
NZ_CP121196.1_gap115	5290566	5294904	4338	TTCGATGACGGCGTATTCCCAGTTGATTTCCGCGCTGTTTTTTCCGACAGCTTCAATTGCCGCTTTGGTATCCTCGCCTACGCCAAATTGCCGTTCGTCGCTGAACTGGTCGGTACGGGGACGGCCAGCCTGATCGGCGCGTTCAATATCATCAGAATTGCCAGACTGATCGCCAGATTGCACTCCGCGGAGAATATCTGACGGGTCTTTCCGCGAGCCATTGGTTTTAGTCGACGGCTTACCAAATTGATCGTTCGGCTGATTTTCAACCTGGTTCAATCTCGACGATCCAAACTCTTCGACGGGCTCCGGCTGCGGAAGATGGTTTTGCTGATTCCAGTGTTTTCGCGTGATCAGTGCGTCACGGCTCGGAATCAGATCGGAAACGCGCATGCCTTCGTGCCATGCATAGCGACCCGGCTGGGCAACGCTGCCTCGCAGGGTGACTGCATTTTCAAACCGCGGTGAGAGAGCGAAGACTCTGAGCACGTCGCCATCTTTTACCAGCTGACGTAAACCCGATGCGTCGAGTCCAAACTCGTCAACGCGGCGACTTCGATGATCTTCGATGCGTTCAAGAAGAACGCGATCGGTGCCGGCAAGGTTGGTAAGTCCACCTGCATCTTCGAGAGCAGCGGCTACAGTTGTATCTCCGCGGGTTTCGTAGATACCGGGCTCGTTTACGCTTCCCAGCAACGCTAACTGTGGGCCCACCGGCGGAATATAGATCACATCTCCTGGAAGCAAGTGGACATCGTGTGATTTATCCCCATGGCGGAGAAGATTGTAGACGTCGAAGTCGCTGATCAACTGATCGTTACGGCGCAGTTGAATGTGTCGCATCGAACCGGTGGCAGACGGTCCGCCTGAAGCAAAAAGTGCGTTCACCAGCGTGCTCATTGAAGAAACGGTGTAGGCACCGGGTTGGCGCGCGCTTCCCAGAACATAAATCTGAATCGAATGCAGGCGGCCGAGGGTTACGTTCAGCTCAAAGTCTTTGTAGAGATTGCCGATGGAGGAGCGAAGGCGATTTTCCAACTGGTCGTAACGGAGGCCGGCAACGATCACAGTTCCGACCTTAGGCAGAGATATCTGTCCATTTCGGTCGACAATCAGGCGGGAGTCGAGATCGATTTTTCCCCAGGCACGAATAAGCAACTCATCGCCCGGTCCGATTACGTAGTCGGAAGGCAACGCGATGTGATCGATAGGTGCAAAGGTTGTGGGAACCTCGTCGAAGAGCCGGCGGCCATAGACTTGTAAAGGATGTCCCGCGGCCTCTTCTGCAAGGAGTTGGAAATCGGACTTTGTAGTTAGCGGTCCCACAAACTTGGAGGAGACCGGAGGCATTGTAAAGTTTGGAGCGTCCGTGGGGGGGCCGGTCAGTACAGAGTCTCGGCCGGTCGCTGTGGGGTTTCGGATCGCACCAGTATTCTGGCCAGCCGTCGCAGGAATCGCGGCATCAGGCTCCGGTGTCGTGAGGGTGCTCTGTCCAGCGCAAACCGCGCTGCAAACCAGGAAAAGAATCAAAAACTTTTTACTCATAATTTTGGATATGCAGGAATTGAAATGAGCCGTTAGATCCATGTTGGTAAATGGGGATGCTAAGCAGATAAAGCTTCTTCTGAAGTTGCCGAAGAGGAGCGCTCCTGCGCTACAGGGACGAGCGCTCCCAGCCAGAAGGCCGTGTAGGCCTCGACCGCCTGGCGGCTGTCGAGTTTTGAGAGACGACACCCTTCGATAAAGGTGGAGAGCTCTGGCTGGGCGAACACGGTGAGGGCTATTCCCGCAGTCATAATAGCTGGATTCAGATTGCGAATCTTGCCCCGTTCAATGTTGGTTTCGAGATAGCGGGTAATAGCGGTGAAGAGCGGGCCCAGATGTTCGCGGCATGCTTCCTCTGCTCTTCCGCGGACCTCGACGAAGGCCACAGCAATCATTCGCACCATGTCGGGAGAGAAAGTCGCCGCATCGATCAACAGACTAAGTACACGAGGGAGAATAATCTCTGGAGAATCCAGTCCGGGACTTGGATTGAGCAAGCTAAGTCGCGGCTTGATGGTAGTGAAACAGGATGCGAGCGCTGACCAGAAGATGTCTTCCTTGTGCTCAAAGTAGCGGTATACCGTTACTTCGCTTACATCGGCTAGCCGCGCAATGTCGCGAGTGCTTGTGCCGTGGTATCCCTGTCGTGAAAACAGGGCAACGGCAGCGCGAATAATACGTTCTGGGACGTCTGATTTTTTAGGCATAGGTCCAACTTGCGGTTACAGGTGATAAATCTCAGTTGATCGACAAAGGGGAAGTCGTGAGGCTCACAAACGAGCAAGAGATTTTAAGCTGCTGTAGGAAACATCAGAGATTTGGCCCGCGGAAAACTAGTTTATGACCGGCTCGAGATCGTCGGCACGAACCTCGAGTGCAGCGTTCTGATTAATGAGTGCAATCGTCAGGACAAAACGCAATCCACTTTTCTTTTGAATCAGCGTACCCTGCACGCCCTGCATTGGACCTGCTTTGATGCGAACCTTTTTGCCGATCACGAGATCGTAAAAAGGCTCGACATGCGAACGGCAGAAATCAGAGCGCAGAAACTCAATCTCTGTTTCCGGCACGGGCAGCGGCCCCTGACAATTACCGACAATCCTGAGCGCACCGGGAGATCCAAGCACGGAGCCTCGATCTTGAGCGCAGATTCGCACAAATACATACGAAGGAAACAGCGGCCGAATGATTTTGACGCGTTGACGGTTTTTCCAGAGACTCATGGTTTCGTAAGTAGGAAGGAACGACTCAATCTGCCGTGCATCCAGGTGGCGGATCACCGACCGCTCTGTTTGAGGCATGGTATAAACCGCGAACCATTTTGGATCTATCTCAGGATGAGCAAAGATGGGTAAGTTTGGCTGTAGATGGTGAGCATTCTTACACGGGAGGATATCCATCTCTACCTTTCGTCAAATCCGAGAACTCATAGCTCTTAACAACGAAGATTCAAGTGGTTATGAAATGTTCAAGTTCCGTTGCTCGACGACCATCGGTTGAACATGGCTTCGCCAGGGTGACTTAGCAGTTCACATTGACGCTAAGCCGCACACTCCCACTGCATCGCCTAATCTCACTCCTGTAAGTGAGGTTAAAGACCGGCTGCGCTGAGTGATTAAGATTGAAACCATGTTAACTCTGAACTAAACCTAGATGTTTCGCCAATTCACGCCGATGCGCGTCAATTCGCGACAAACCTTGTCATTCTGGCCTGTATGGGTCCAGAAATGGGGTACGAATTAGGTATTTTTGAGCCCGCAAGAGTAACCACTCGTCCCAATGATGTGTGTTGTTGCTCACTTAACACATTCCCAATCCGAGGCAAAATAGGCTTTATGTTCCCACTGTGGGAAACGTTTGTTATTTCCAAGTTAGACTTGTCCTGCCGATCCAATCGCACTCATGGGATGCCAGGGCTTAACTGATCGCTTTTAGGTCTTTCCCGGTGAGATGTGGAACTGAAGACTCAAGGTTCTCGCTTGTAAGAAAGGGCCCCGTCTTGATGCCGAAAGTGAATGCTCAAGGCTTTGCTGAAGCTCGTCTCGACACATGGAAGTCCATTGCCCAGTATCTCGGACGCAGTACTCGCACAGTCCAACGTTGGCACTCGGAATACCGGCTACCTATTCGACATCTGGGCGGCGATGCAACCTCGGTTTTTGCATATACCGATGAATTGGACGAATGGCTGCGAAAGCGCAACCCGGCTGAAAATCAGGAAGATACTAGCCGACAAGAACTGACCAACCTGTATGAGGATACTCGTACGGTGCCTTTGCAGCTGGCGGACTCGCGACAGCCGACGATTTTCCATGGAAATTCAGGATCAAGCGAGCGCCGTGCTTCCGAACTGGTCGGATTGGCGCAAAGAATGTGGGAGAGCCTTTCTGATTTAAATCTCCCTTCAATCGTGCGGCTGTATCGCGAGGCCGCCGATCTAGACCCATTCAATGCCCAAGCCTTTGCGGGCTTGTCGCAGTCCTTAATCGCAGCAAGTGTGCTTGGCACGCTTCATAGCTCCGAAGCATATCGGTCTGCGGAAGTGGCGATGCATCGGGCATTGGAACTTGATCCGGAACTAATCGAGACCGGATGCGCAACCGCGTGGCTCAAACTGCTAGTGGTCCGAGACTGGACGAGTGCGGGAATCACCTTCGATGAAGTCCTGTTGAAGAGGCCATGGTGCACACAAGCTCTTGTCGGACGCGCGTTGCTCTGTATTGCGGAAGGTCGTCTTTCAAACGCTGCGGAGCTACTGCGAGAAGCTTCCACGCACCGTCCATTGAATTCTTC
NZ_CP121196.1_gap116	5308183	5312127	3944	ACAATCTGGCCTTTCGCGGTGAAATGCGAACTGTTCATAGTGGCGTCTACGGGATCGAGCCAGGTATCGCCGTTCGTCCCATCGACACGGGCATGAAATGTTGTATGCAGCATCATGGTGTGCCCAAAGCGCGAGATCTGAAAGTCCGGCGTGTCGGTCTGGCCATCGACGGTCATGTCGCGCAGTGTGCCTTCATATTTGCCTGTTGAGTTCAATATCCCGGCGATACCTTTGAAGACCGAGAGATCAGCGTGGTCAAAGGTGTAGTCGCCAGCAATAGGACTGCTGCCCGGATCGGCGACGATCCAGGGGCCGAAGCTGCCGGTGGTATGGATCACGCCGGGCGGAGTGGGATTCTGCAACTGCGCATCGAAGACCATCGGCGCGCCCGAGCGAACTCCCTTGAGCTTGAAATGGTTAATGGCGAAATCAAGTGGAAGCTTGTTGGGCTTGTCGGTTTCAAGGGTAAGATGCGCATCGGTGCAGTCAACCCCGTCCACCACGACGGCGACGCTGAACGGGGCGGGAGGCGGAGCCGTGGGGCTTTTTGGTTCAGATGCTCTCTGCATGTGGGACCGCGGGGGAAAGCGGATGTCGAGTCCCTTGAGGCGGATTTGCGTGATGTGGATGGGCTCGCCGGATTTGTAGTGCAATGGAGCGTGGAAGTGAAATTCGCTGAGTTGAATCAGCGGCTTGAGAGGTGGGTTCGGTTCCGGAACATGAACGCCCTCGACGTCCGCGGGAGGCCAGATACGGAGCCCTTTGCCTTCGCCCCAGATGCCCCACTCACCGCGCAGCGAATTGCCCAGCGAGAGATGAAAGCTGTCCAGTTCGACGCGCGCATGAAAGCGGTCAGACAGCGCCTGAACGATCTGCTGACGCATGAATGGCTCAGCCCGGTGCGCTGCGATGTCGATAAAAATGGCGATAGTGATTAAAAGCGCAAAGATGCTGCCGCCCACCCAGAATGGCCAGTGGGGTATGCGTCTGCGAGGAGGAGTCCGGATCTCAGTGAGCCCCATCTATTTGGTTGGATGCCTTCCGTCCGCGTAAAGCAATCATTTTCTGATTAGACGGCCAATGAACTAAACTTCTTGGCACAGATGCAAACTCAGATTGAAATTCTGGTGAAGCTACAAGCAGTTGAACTGGAGCGGGCCCGACTGGCGCAGGAAGCGAAGGTGCTGCCTCTGCAAATTCACCAAGCCGAGTCTGCCCTCGCCGCCATGCAGGCAAAAGCAGCGGCAACCTCGGATTCGCTGAATCGCGAAGATTCGCTGCGCACCAAGCTGGAACGGGAAATCGCCGGACACCGCCAGAAGGCCGCGCGCTATAAAGCTCAGCAGGATACGGTGACCACGCCGGCACAGGCTACCGCCATTGAGCATGAAATGCACTTCTCTGAAGCCGAAGCGGAGCGGCTCGAGAATGAGGAGTTCGCCAGCCTCGAACGTAGTGAAATTCAGGAAGCGGCACTCGCCACGGCGCGCGGGCAGGTAGAGGAGTTGGCAGCCGCCCTCGAAAAAACCCGGGAGCGCGTCGCCGGCAGTTTGAAGCAACTGGCAGAACAGCAGACATCTCTCGCCGTGGAGCGCGAGGCTCTGCGCAAAGATATCGCGCCAGAGTGGCTGAGCCGCTTTGACCGGATCTCTGCGGCACGCGGCACCGGAATTTCCCGCGTCGATAACCAGCAGTGCATGGGCTGCCGCATGGGGGTTCGGCCTCAGATGTGGAACCAACTGCGTGAAGGCGAACTGCTAACCTGCGACAGTTGCGGCCGGCTCCTCTATTGGGACCCGGCGATGGCGCCGGCGCCCAAAACTCCGCAACCGGAACCACCCGTAGATGCGGGACGGGCGATTCGCAAGCCGCGCCAGGCCGGCGCATAGCGTTTGCGCATTAGCAGCGCGCCTCTCAAGACCGGGCTGGGCATTCCATTTGAATTCGGGAGTAGGAATTGAAACGCGTCTGCGTCGACATGGACGAGGTGATGGCCGATACGCTGGGCGAGCACCTGCGCCGCTACAACCAGGCATTTGAAGAGGAAGTTACCCTCGATGATCTGGCAGGCAAAGGCCTATGGGAGGTGACTCCGGCAGATCGTCAGCACCAGCTTCGCGCGTTTCTTGATGCGGAAGACTTTTTTGAAGACCTGCCTTTGATGCCCGGCGCCCAGGAGATTCTGAAGCAGCTTTCGTCGCGGTTTGAGATCTTTATCGCGACACAGGCCATGGCAGTGCCTAACTCGCTGGGCCCGAAGTACCGATGGCTGCAGCGGCACTTTGCGTTTCTTCCCGCGTCTCACTATGTCTTCTGCGGCGACAAGAGCATTCTGCGTGCCGACTACCTGATCGATGACCTGCCGAAAAACCTCTTGCGCTTTGAGGGGCACGGCCTGCTCTATTCGGCACCGCACAATCTGACCGCGACCGGATTCGTGCGCGTGAACAACTGGCAGGAAGTCGCTGAGTACTTCGCCGCAATCAAAGACTGAGCTGCTATTTCTCTGATCGATCTTGAGAATCGGCCTTCCACTTCGGTCCGATCAACGAGATGGTAAGAATCTCTCCCCCCTCGAAGATCGGGCCGCTTTCTCGCAGGAAGGCAGGCATTTCTCCCCCGAATATTTCAATCGAAATATTGGGAGGCTGCTTGCCGATCACAGGCGCAATGATACCGGCGATCCCGCCAATCTCAATCTTGATTTCGTAGACTGTGGCCTTGCGAGGCATTCCCGCGAGATAAAAGGTTCCTGGGGCCATGGGCATCATATCCAGCGTCACTACGCGCGGCTTGGGTGCGGCAACGATCATGGATACCTTGGTTTCACCGGCATCGGGCGAGATGTTCTTGATCACGGGAATGACCAGGCCGTTGTAGAGGTCGGTCGGCATCTTGATCTTGGAGATCGAAACTTCGTTCCTGCCATCTTTTCCTGGCGATCGCATCACAACGATCCCCTTTGGGACGTCGATGGTCATATCGAGAGGGTGCAGGAAGTAAGGACCTTTCTGGATGTGGTGATCGGAAATGAGGCGAAAGACGCCGTGCTGCGTGTATTCCGCAGTTTCGTCATCGAGCGATCCGTCTTTGAAGTGGAAGGTCAGATGGGACTTTACTCGGTCCCCGCGGACGACTTCAATGAGATCGCCGTCGGCCAGAATCTTGCCTTCCTGCGTGCTGAGAGCAAGAAATCCATGCAAGGTACCCTCGGCGTGGTGTACCTGAATTGGCGCTGCAAAAGCGGCCAATGCTGAGACGCAAACCAACGTCATGAGCGCTTGGAGGCATCGAAGAGCTAGTGCGTATGACTGTCTTCCTGATGATTTCACTTGAGTTGTAGATGGCTTGTTGCTAACAGTCGTTGCCTTAAAGCAAAGCTGGGAGCCCGGAAAACTCGGCAATCTTCAGAAAATTAGGGCCGCTTGTTTGATGCCCGATCGATTGGCGATACTGTTTTGACGGACAATCGCCGACTGCGACCCTGACGCACCTCCGGGCCCGCGTACATATTTCGACCTCGTATTACAGCCGTTGACCAGGAAGGCAAAATCCCCATGAGAATTTCCAAAGCCGTCGTTTTCACAACCGTTTTCATTGTGCCCGCACTATTTTGCGCCGGGCAGACCGCAGCTAACAGTGCTCCAGCGGTTCCTGCCGCCAATGCGCCAGTCGCCCCGTTCACACCGTCAGCACCTTCCGACATTCTGCAGCGCTCGCTCGGGGAAGTGCAGCAGGTAGTTGGCGGCCTCAAGCTGGACAAATGGAAGCGGGGCTCGGTGCGCGATGAAGCGCAAAACAACGCGGCCGCGATTCAGCGCGATCTTGAGGGGACGCTTCCGAAGCTGATCAAGGATGGAGACACGGCACCAGGAACTCTAAGCAAGGTACTTCCAGTGTCACGCAATGTAGACGCCCTCTACGACGTGCTCGTGCATCTGGTG
NZ_CP121196.1_gap117	5444001	5447903	3902	TTCCATCGGCAGTCCACCAATGCGCGGCCAGTTACGGGACCGGAACTGATTGATGCCACCGTGCCGCTCTACCAAGGGCGCCTGCTGAATGCGCAGGTTCGCGTGGAGAGACGCGATCGAACCGGCCATCCAGTAACGTGTTTCGAAGGCGAAATTCTGCAGGTGCTCAGCAATCTGATCGGCAACGCGATTGACGCGATGAGCCCTCACGGCGGTCGCCTGCTGATTCGCAGCCGCGAAGGCACCGATTGGAGAACTGGACGTAAGGGGATAGTGCTGACTGTGGCCGATACTGGCGCTGGAATGTCGCCGCACACGCTGAGCCGGATTTACGTGCCCTTCTTCACAACCAAAGGACACAACGGCAACGGCATCGGACTATGGATCAGCCGGGGGATCATCGAAAGGCATCAGGGCGTGCTGACAGTGCGGTCCCGCCAGTCGGAGAGCCGCTCAGGCACGGTTTTCGCGCTATTCCTTCCGTTTAAGACCACAGCCCGAGACGGAGACTGACGTCGCCCAGACCCCAGTGCCTACTCTTCCGGCAGTACCACGAAGGATGACACCGGTCGCGGGAAGTCTATCCCGGAGAACGGAGCAGCGCCAACGGGTGCGGTGAGCCATTCAGGCGATTGCAACTCCGGCATGGGCTTCGCCTGGAACAGCTTCTTGCATTGCCGAGCCGTCCATCTCGCCCAGTTCTTTGACTTCTTCCGGCGCGCACTATCCGTCGAAATCCCCGTGCCCGCGTACATCTGCCGGTAGAGCTTCGAAAGAAAGATGAAGGCGATCCTTGCGCGCAAATTCGGCGTGCATGCGGACCTCTCCCAGATGGCGCTCCAGTTATAGAACCTGTCCCACACCCGCTGCGTGCGCTCGCGAATTTCATCGGAACTCATGGAAGGGTGCGGTGTGAACATCTTGGGTCGAACTTCGATGGGAATCAGCCAGTAGCGCGTAATCGGGACGTCGCCCACCAGCGTGGGATGTGTCGCCTGCTCCTTTTCCCAGCGGCCAAAGTCAACTGTGCCGGGAAACGGTGTCATCATCACGAACTGCGCAAAAGTGACGCCCGCTTTCAACGCCATCTCCACGGTCGCGTCGAAGGTCGCTGGCTTGTCTGTCGGCAGTCCGAAGATGAATGATCCAAGCACGTGAACGCCGTGCTTCTTGAATGTCTGTAACTGCTTTGCCAGTGCCTCGCCGGAGTAGTTCCAGTCCTTGTAGACTGCCTTGAGTCCTTCGGGCGTTACCGCTTCAACTCCCACCAGCGCGCCTTTGATATTGGCTCGGCGCATAGCATCGAGATAGTCGCCGTCTTCGCCCGCTTCCATTGTGATCTGGGTGAAAAAAACCATGTCCTTTGGCAGCTTCGCCAGCTCTGCCATCAGCTGGAATCGTTCACTGCGAATCTGGGTCAGTTCTTCAAGCTTGGCAAAATTCTTCTGCTCGCGCGCCTGCCGCAGATCGGTGAGCGTAACGGGATAGAAATTGTCGTCTGCCAGTGCAATAAAACGGAAACCGATGCGACGAAGGTTGACGATTTCGTCGATCACCTTTTGAAACGAGCGTTGCCGCGGCTTCTGCCCATCGGTGCGCCATACGCTGCAGAAGGAGCAATGCTTGGGGCATCCGCGAATGGTCTGCACCGAGGCCCACATATATTTGTCCGGGCGCATCAAGTCCCACCGCGCCGCGAGGAACTGCGACCCTTCAAGTCGGCCGCCTTCATAGATCTTCTCGGGCTTGCCCGCGAGGCAATCGGCCACCGCCTTGCCCCATGCAACATCGCCGTCGCCTTTTACCACGGCGTGGGCTTGTCCACGTTCCAATGCTTCCTCGGGGAAGAGCGTGGCGTGAATGCCGCCATACACTACCCATGCGCCGCGCTCGCGCGCCATGCGGCCGACCTGGTAGCCACGCAGGGCGTTGCCCGTATGCACGCTGACGCCGACGATATCTCCCGGTTGAATGCTTTCGGGCACGATCTGCTCGAGCGATTCGTCGATCAGAATAGGGGTTCCCGCAGATTCAGGCGTTGCCGCCGCAAGAACAAACAGCCAACGCGGAGTGATGACTGCTGTGCCAAAGGAATTGTCGCTGGGATTAACCAGATGAACGCTCGTAACTGCCTGCCTTTCCAGGTGAGGGCTTCAGCGTGAAAGCGAAGCGGGGAAGCCGGTAAGATCCGGACCTTCTGACACCCTGGGCAGGTAACGAAAGACCAGTGGCCTGCTGTGTCGTTTATCATACACACCACGCGCGCCACTGACATTTCATCGGTGCAATTTTCTGGGGCCCGGCCGACAGATAACATCCTATAAGTTAATTATTTATTACAACTTACAGATAATATTCAACCTGGGTCGGGTTGATAGCCTGGGCAAGCCAGAAGCTAGTTGTCTGCCAAACGCAGTCGTCGTTTGCGGACATTTCGGACTGCTTCCAATATGGCAAACACACCAGGACAAAGAGCGCCAATCCAAGCAGTCCGCCACACGGGAGATAACACGTCCGAAACCGCAAGTGATCCTGCCGCGAATGTGTCGACGGAATCGGCGTGCAGATCCATGTAATTCGTGTTGAGAATCGCGTCGAGGCCGAATCAGGAAACGGCTCCCGCCGGTTGGCGTAAGCGGTACCATGGGCTGCGCGAGAATGCCATCTGATCCCCAATCCCAAGTACCCGGTCCCTTAGTCCATCCCTGTCTTCAGTTCCTGTACACTTGAAGTGTTCACACGTCATGCAAAACAAATATCCAATCGGCATCCTGGGCGCGACCGGAATGGTCGGCCAACGCTTCATTCAGCTGCTTGAAGACCATCCGTGGTTTGAAATTACTTGGCTTGCAGCCAGCGACCGATCAAGCGGAAAAGTTTATGGCGAAGCTGCCAAGTGGCGCCTCGACACTCCACTTCCGGAGCGCATTACGCGCATGACCGTTTCGGCGGCCGAGCCAGAAGGTGCTCCGAAGATTATCTTCGCCGCACTCGACGCCGCTATTGCCCGCGAGATGGAGCCGAAGTTCGCCAACGCCGGCTGCGCAGTTGTCTCCAATTCCAGCGCTTATCGCATGGCGCCCAATGTGCCTCTGGTGATACCCGAGATCAATGCCGACCACCTGCACTTGATCGAGGAGCAGTCCTCGCGCCGCGACTCGGGCGGATACATGGTCACCAATCCCAACTGCTCGACGATCGGGCTGGTGATGGCGCTCAAGCCTCTCGAAGAGCGCTTTGGTATCGAGCAGATCTTTGTCACCACCATGCAGGCAATCTCGGGCGCAGGCTATCCGGGTGTGCCTTCAATGGACATTCTGGGCAACGTAATCCCCTACATCGGCAGCGAAGAAGAAAAGATGGAAGCCGAGACTCTCAAGCTACTTGGCCATCTGGACGGCAACCACGTGACACCGCTCGCAGCAAAGATCAGTGCACACTGCAATCGCGTCGCGGTCGAAGACGGTCATACCGAAAGTGTCTCTATCAAACTCGGAAACAAGCTGGGCCGCACCGTCACCCATGAGGACATTCTTGCGGCGTGGGCTGAGTTCCAGCCTCTCAAGCCGCAACATCTTCCGATGGCTCCCGAGCAGCCAATTGAATTTGCGACCCAGCCTGACCGTCCCCAGCCCCGCCTCGATCGCAATCGCGGACGCGGCATGGCGGTAACTGTAGGTCGCCTTCGCCCTTGCACCGTGTTCGACTGGAAGTTCACCGTGCTTTCTCATAACACCATTCGCGGAGCCGCCGGCGCTGCGATCCTCAACGCCGAGTTGTTAGTCAGTCTCGGCAAATTGGAGCCAGTGGCCGAAACTGCGGCGCGCGCGTAGCTTATTTGAAGTGGTCGTCAGGTCCGCGGAGGATGCGAGCTTTGGCCCGTATAGCGAGCCGCCAAATGC
NZ_CP121196.1_gap118	5520095	5522098	2003	CCGACCACCAGCGTGCCAATATGAAATTGGCGCACCAGCCCGCTGCAATACCAGCAGGGAGCCAGCGTCGTCACCATCACCAGGTCGCGATAGCTGCGCTGGCGGCCGGCTCGGCGGAACGCATCAGTCTCCCCGTGCATGCTGGGGTCGCCCTGCTGCACGCGCCGGTTATGCCCGCTGCTGATCAGTTCGCCGGATTTCCTGAAAATCGCTGCGCCGATGGGAATCCCGCCTTCCATGCGTCCGTAGCGAGCTTGTTCAATCGCCACGGCCAGCATCTCGTCGTAAGTCTTCGTGTTGGTCGGCATGGTTGACGATCATACGGGACGCGGCCGCACCCGGTCGGTGCGTTTCATCTGGTTCTGCCGAAGGGGCATCTGACTTCGAAATATTGTTTTGAAAATATTCAAGAATCTTCGAAACCTGGGACACCCAGTTTCGGTCATACATCCTTAAGAATTGTTAAGTCAAAATCAAAGACCTTCTTATTGATTCGCGCTATGTAATTCAAAAAATAGATCATTGCGGAATCCCATCGGATTTTCATTTTGGCCAATGCAGTCAGCTAGCCCAAAACCGCTCGCAACTCTGTTGACTGTGAGCGCGCTCAAAGATGTAGGTTGAATTTGTGAGAGATGCTGGATACACCATTCGAAGCATGGCAGAGCGGTGCGGAATGACCGCGCACACTCTGCGCTACTATGAGCGCGTCGGCCTGATTCAGCCGGTTGGACGCGCGCGCAACGGTCATCGTCGCTATTCAGAAGCGGACGAGGCGTGGCTCAATTTCCTGCACTGCATGCGAGCCACCAACATGTCCATTCGTGAGATGCAGCGCTATGCTCAACTGCGTGAAAAGGGCGATGCGACGTCGCTTGAGCGTCGCAAACTGCTCGAGGATCACCAGGCCGGTATCGCTGCGCAAATCGGAGAGCTGCAAAAGGCACATGCTCTTCTCACCCACAAGATCGCCAACTACAAGGTGATTGAAGAGCGGACTCGGATCGGGGGCCCTCAGGCTGTCGATCAGGAGACAGAGAGCGAACTCGCGACAGCCAGCTAGTACCGGCCCGTTCCAGAGCGCCCCTAAGGCCATCTGATACGAGGTTTGGCGGGGAATAGGCCTGATATGTGATTGGTTGCCCAGGCCCGACTTGCGTAAGCTCAAAACCCCGTTTCCCACATATAAGGGGATTTGGTTAGGATATCGGCACGGCGCTTCCCCAGGGTTGGGACGTTTCCCTTGCTCGTATGCGCCGGCTTGCTCAAGAAAACTCGAACTCAGTCCTGTCTCTAGGAGGTCGACCTGTGGCAGACAATATAGATACGCGCTTTAGCCATCTGCGCTCACACACCCCTCAAAACACCAAGAATAATTTTGCGCCCGATCAGCAGTCTGTTGATCTCGAGCCACTGACGGAATCTGAATCGGCGGGCAAACGCGGATTCAGCCGGCGGTCTTTCTTGTCAGGTCTGGGAGCCGCAGGCGTACTCGCTGGCGCGGCGCCCTTGGCGAATGCCGCTCCAGTGCTTGAGCCCGCATCGCAAGAACAAGCAGAAACCGGCGGTACGGGCAACGTCACCCTGCGCATCAATGGCAAGGACTTCACCCTGCGCAACCTCGACCCGCGAGCAACTCTGCTCGACACGCTTCGCGAGCGCATTCATCTCACCGGAACCAAGAAGGGCTGCGATCACGGGCAGTGCGGTGCCTGCACGGTTCACGTCAACGGACGCCGCGTGAATAGTTGTCTTTCGTTTTCTGTCATGCACGAGGGCGACGAGATCACGACCATCGAAGGTGTCGGACAACCGGGAAATCTACACGCCATGCAGGCAGCCTTTGTGGAGCACGACGGCTACCAGTGCGGCTACTGCACCAGTGGCCAGATCATGAGCGCGGTGGCACTTTTGAAAGAGCCGATCGGTCCATCAGACGAAGACATCAAGCACGCAATGGCGGGCAATATCTGCCGGTGCGGCGCCTACACCAACATTGTGGC
NZ_CP121196.1_gap119	5523186	5523815	629	CGACGGACACACTTCCCACCCATGCAAGCATCATTGGCTCTGCCGTGCCTCGCATTGACGGCTCCCTGAAGACCAGCGGAACAGCTCGCTACGCGGTCGACCACGATTTTCCAGGCTTGGTACATGCGGTAGCAGTGCAGGCCACGATCGGCAGCGGACGCATCCGATCGCTCGACGCTTCGGCGGCGGAAAAAATGCCGGGAGTGCTGCACGTCTTTCACTACGGAAACATGGAAGGCGTTTACAGGCTTTTTCCGCATGAAGAAGACGGTACAACGAGTGAGGCCCGGCCGCCTTTTGAGGATGACAAAGTCTATTATTGGGGTCAATTTGTAGCTCTCGTGGTAGCGGAGACTTTGGAACAGGCCACTGCGGGCGCCGAGGCTGTGCGCGTGGAATACGACGCCGACAAGCCGGACGTCCGCACGAAACTCGGCGACGGTTTTACCGGCCAGCGCCAGAGCAGTTGGAAGCGCGGCGATCCCGACCAGGCTCTATCGACCGCTCCCGTAGTAATCGACCAGACCTATTCCACTCCGGTTGAAACCCACAATCCCATGGAGATGCACGGAACTGTTGCCGTTTGGGATGGCGACAACCTCACACTCTACGAGTGCTCGCAGGGCGTG
NZ_CP121196.1_gap120	5526007	5527228	1221	TAAGGACGCCCCTGTCAAGGTCGATCACACCTATATCACTCCGATTGAGACGCACAACCCCATCGAACTGCACGCCTCAGTATCAGTGTGGGATGGCGATCGCCTGACCATGTATGAAACCTCGCAAGGCGTCGTGAATCATCGCGTGGTGATGGCACAAACTCTCGGTATTCCCGTTGAGAATGTGCGCGTGGTGACGCGTTTTTTGGGATCGGGTTTTGGTGGAAAGCTGTTTCCCTGGCCGCATTGCGCGATGACGGCGGTGGCTGCGCGCAAATTGGGGAGGCCGGTAAAGCTCAGCGTTACCCGGCGCATGATGTTCTCCAGCGTCGGCTATCGGCCCCGCACTGAACAGCGCGTGCGGCTCGGTGCATCGAAGGACGGCAAACTGCTTGCTCTCAAACACGATTATTTGAATATTTCCTCCATGCTTGACGATTTTGACGAAGGCTGTGGCGAGGCAACACCTTATTTGTACAGTGTCGCCAATCTTGGAGTGACCAGCGCAATTGTGCATCGCAACGTGGGAGCGCCCATGTACATGCGCGGCCCTGGCGCGGTACCGGGACTTTATGCCCTTGAATCCGCCATGAACGAGTTGGCGGAAGAATTGAAAATCGATCCGTTGAAACTCCGCATCTTGAACGACGCAGAAAAAGACGAAGACAAGAAGATGCCGTTTTCGTCGCGGCATTACCGCGAATGTTTTGAAGTGGGCGCAAAGAAGTTCGGCTGGGAACATCGCAAGGCAGAGATAGGCTCGATGCGACGCGATGGAAAGATCCTGGGATGGGGTCTGGCCGGAGCAAGCTGGGTCGCCGTGACCCTGCCTTGCACAGCCACCGTCGAATTTCACGCCAACGGCCGCGTATCCGTCAGGAGTGGAACGCAGGACATTGGCACTGGCACATACACGATCTTTGCGCAGGTCGTACACGAGAAGACCGGCATCCCTTTCGATCGCATTGACGTGGTGCTGGGCGACAGTGCGCTTCCCGATGGACCCATGTCAGGCGGATCAATGGTAACTGGATCCGTGTTGAACGCCATCTCGAATGCATCAACAGCAGCCATCAAGAAGTTGGCCACTCTGGCTACAGGCGTCGAAGGCTCTCCTGTTCACGGAGAAAAGCCTGACGATCTTGTCTTCACAGAAGGCCGCATCCACAAGAAAGATCAGGCACCAGTATCCGGAGTCGCGTTTGCCGATGTGCTGCGCAT
NZ_CP121196.1_gap121	5533170	5534748	1578	CTGCGGGATGACCGTGACATATCCGTAATCGCCCATCCAGATCGCAGGCTGATGCGTACCAATGAAGCCTGAGATTGTCGTGTCATCGTAGTTGTACGAAACGATGCTGATCTTGTTTTGTCGCGTTTGCGGGGTCCAGTTTGTCATGCCGAAGGGCGGTGTTACAAAGGGCATTGTGCCGCCGTACCCGATAGCGCTCTTCTGTGATCCCACCAGGGGATTCACATACGAAACAACATCGTTCTGGGCTACCAAGCCTGTTACGGTGCCCATTGCAAGCACAACAATCGCTGGTGCAAATCTATTCATAAGGGCAATTGTAAGTCGCCCTATCGTTGACTATCATCGCGCGTGGTTCCCTTTGATGCGCTCGGAGGATCCTCGCCGTTCAACGTCGTGTACAGAGATTGAGTGGGTTCGAACATTGGATTCTCATCTGCGATCTGAGAACCATCGGAGTTGTTTGTGGTGAAATATCTGTTGCTCTGCTTCTTCGGGATACCCTGAAAACTTCATGAGGATCCGCGCAGATCCGTTCTTGACCCAGAAGTGCCCCTCAGAACCGCAGCTTCTCGTTCCGCGACCAGATCGACACCGACGGCCCGTTAGAACGTCTCATAGTGCTCGTCATCGGATCCTCGCCGAATTGGAACGTTGGTATTGAACACCTCGTCATCCAACGAGACCAGCAGCGTGACCGGAGCCTCAGACCCAGGACACCGAGGGCGCTAGGTGCGACCGCACCGGTGCCAGACACCAGGAAGGTTGTAAGCTCGCTGCCTCTTGGCGGAGCACCTCGGATCAAGTCTTAAATAGTCAAGAATGAAGGTTTGGGACTACACTAATCCCGATCCCGCAAAGGGCATTTGAGATTGATCTTAGGAATATTAGGCAAAAAGCGAATTTGGTGTGTGGTTGTTCCGATCGTACTCCTGGTCTTGTTGATTGGAGTCACGTTCGGAACGGTTTGGCATCACCACGCCAATTCTGCTTCCGACACTTGTTCGCTATGTCATCTGGTCATAGCACCGACGGTGGCGGGCATCCGCGCGTGTCTCCCAGTCCCCGTGTGTGCCGGACCTGCTCCAAAGTCCATTGACTTTATTGCTCAATCTGCTTCGACACAGATTCCTGCCCGCGCTCCTCCCGCATAGCCCCTGAATACATACTGTGCCGCTTAGGCACACCCCATCGATTCAAGTGTTTTGCGAAGGAGGCAGATTGCCCATGCGCCTGCAGCGCTCGTGCTCCATCTTGTTCATCTCGGTATTCATTTTTGAAATCGCAGGTAGGCAGCCTCTTCGTGCGCAGAGCGCATCGCCACCGTCTCCGCAGGCAAATACTCTTGCGCAGAAGCCAGGCGCCGTAACCATTTCGCTCAACGAAGCGATCCGGCTGGCCCTCCAACACAATCACAATGTGCTGGCTGCGCGCACTGTGATTCAGCAGAACGAGGCAGAAGAAACACCGGCCAATCTGCGACCGAACCCGGTTCTCCTAGGCGATTCACAATTCCTGCCTATCTTCCAGCCAAGCCAGTTCAGCGCCGATTACATCGACAATTCCGCGCAGTTCGAC
NZ_CP121196.1_gap122	5726819	5731251	4432	GCAGGAATTGGCTCGCACAGGCAGGCTCGCCGTTGACGTCGTTGTATGCGCACATCACGGAGCCAGCCTTGGCCTCGGTCACAGTTGCGCGAAAGGCAGGCAGGTAAGTATCCACTTCATCATGCTTGCTGACTGCGACGTCCGCAATGTGACGCGTGGACTCGGGACCACTGTGGACGGCGTAATGCTTGGGTGTAGAGATAGTGCGGTAGTATTTGGGATCATCACCTTGCATGCCAGTTACAAAGGCTACCCCCATGTGCGCCGTAAGAAATGGGTCTTCGCCGTAGGTCTCCTGCCCGCGCCCCCATCTCGGGTCCCGAAAGATGTTGATGTTTGGTGCCCAGAAGTCCAGACCTTGAAAGAACATATTGGCGCGGTGCTCGCGAACTGCCATACCGTGCTTAATGCGGCCCTCAGTGCTGATGGCTTCTGCCATCTTGTGAATGGCGGGCGCATCAAAGGTCGCAGCCAATCCCACAGGCTCAGGAAATTCCGTGGTCCCATCGTTGATGACGCCGTGCAGCGCTTCGCTCCACCAGTCGTAGGCGGGAACATTGAGTCGCGGAATCGCCCTAGCCTGGTTAACCAGTTGCGACGCCTTCTCCTCAAGCGTCATGCGATGCACCAGATCGGCGGCACGCTGTTCAGGCGGCAGACTGGGATTGAGATAGGCGGGCTTCTGATTGTCCTGCGCGCGGGCGGTAACGATGAGGACACAAAGAGCAACTGTTGCAGCAAGCAATCTGATCTGATGTTTCTTCATGAAGTTCCTCGCGGAGGGATGGAGAGTATCGGGGACTTTGAAGACTGAGAAATCGTTATCCACCCACCGGAAGGCAAAGGTAAAGCGCAGGACGGTGTCTGGTCAATAGGCAAGGATGCGGAAAACAGCTTTGGAAAATCGCTTTTCTTGAGAATAGTGCGCAAAGGTGTAACCTTCCTGCGTCACCTCGCGTAAAGAACGTCAGAAAGGAAAAAGCGATGCAGGACGACGGAAGCAGCGTCCTCGACAAGTTTCGCCAAGGTGACGGGCACGCCTTCGAAACGCTCTTCCGCATGCATCAGCGTTCCGTTTACGGCTGGGTACTGCGCATCGTGCGTGATCCAGGAGCGGCGGAAGACGTAACTGTGGAGGCATTCTGGCGGATGCATCGGGCCCACGCGCGATTCGATTCAGCGCGCGGATTTGAACCGTGGGCACGGCGCATCGCCACGCACGCTGCATTGGATTGGCTGCGCAGGAAGAAACCCGAAGACGGCATGGCTCCGGAATTATGGAACAGCGTGGCAGCTGGTGCAACCAGCGATGCAGCCGTGAACGCGGAGATTCGAATGAAAACCGCGCAGGCGTTCGCGCGTTTGCCGGCGAAGTTGCGCGTGACTGCGACTCTGGCGGTGGTGGAAGAGCGGCCGCAAAAAGAAGTAGCCGAGGCACTGGGAATTACGGTGGCAGCCGTAAAGCTGAGAGTATTTCGGGCACTGCGCTTGTTGAGAAAAGATTTGAGTGAAATGGGGATCAAACCATGAAGGAACAAGATGAAGACCGGATCAAAAGCCTGCTGCGTGAGGCCTTACCTCCTGTCAACGACAGCGTCGAACCAGCTCGTGATCTCTGGCCGGCGATGTTGCGGCGGATGGAGAAGCAAAGCGTGCGAGCCGCTTCGGTTCCCTGGTTTGACTGGGCGCTAGCGGGCGGGCTGGTTGCGTTTGCGGCCATCGCACCGCGCACAATTCCAGTGATCCTTTACTACCTCTAACCGGCGGGCACAGGTCCGCAGAAAGTGAGGTTCGCGATGAAATCACATCCTTATCTCAGAGCATTTCTAGCCGGCATTTTGGTTCCCACGCTGGTGCTTCCACTGTTGCTGGTTGCGTTTATCATTCTCCGCTTTGGGATGAAGGTCTCGTTCCCCATCGAGCGCGGACTGGTATTTCCCATGGCGCTGGTACCAGGGCTGTGGGGTCTGTGGAGCATGCTTTGGCAATGGACACGCGAGCGTACCCATATGCCTCTGGGATTGCACGGCGCGTGTTTGCCGTTGCTCATGATGCCGGTTGGTGCATTGATCGCCACACAAGCCGGCGTGCTTGTCTTGGCTGCAACTTCAGTTACATGGTTCAACGCCCTCACCGTGCCGTATGCACTGATCGCTGCGTTCCTTGTAGCCGCGATGGTTGCGTACTACCTGGCGTGGAAGTACATAGTCGGGTATGTAAACCAGGTCTTGGGAATCGCGTGAATGGTGTTGTTCAGTTCGATTGTGGCGCGAAGAAATCCTGCAGCCCTGCTCGATGCGCATGCGCAACCATCGTGGCTTGAATCTCCAGCGCCAGCGCAAGCGCATCGCGGCCTTGCCGGGCGGTCACCAGCGGCTCGCGGCGAGTGCGAACCGCTTCAAGAAATGACTGAACCTCAAGCCGCAACGGCTCGCCCGGAGTAACCGTCGGTTTGACAAACGACAATCCAGGATTCGGACTCGCCGCCATCCCTGCAACCCCTCCGGCATTTGCCGCCGCAAGTTGCGCCATGATCGCCGGATCAACGCGCCCACTGGCAATGGCCGCAGCAATCTCCGGAGTAACGCTCGCATCGAGCCTAATCACGAGCAGATCCTGCCGCGCATAGTCAACGGATACATAGCTGCGTGGCTGGAAAAATCTGAGCTTGCGCACGCGCTCCGTTGACACCCGCGACGCCGTAAAATTTGCCACGCATCCGGATTCAAACTCCACGCGGACGTTCGCAATATCGACCTTCGGCGAAAGAATGGGCAATCCTACCGCACGCACTTCACGCACCGGGGAGTTGGCCATGCTGAGCACAATGTCGAGATCGTGAATCATCAGGTCGAGCACTACATCCACATCGAGCGAGCGCGGCGTAAAAATTGAAAGCCGGTGCGCCTCAAAGAACATGGGGCGTCGCAGTTGCGGCTGCACCGCCAGAACGGCCGGGTTGAAGCGTTCCAGATGGCCCGGTTGCAGGATGCGTTTGTTCTTAGCTGCCAACTCCATAAGCTCGTCGGCTTGGATGAGTGTTGCCGCGATCGGCTTTTCGACTAGCACATCAAGACCGGCCTCTAAAAGCGCCGATGCCATCGCATGGTGATGCACCGTTGGGACAGCAACCGTAGCCGAATCGAGGCGAAGATCGGCAGCGAGCAATTCTTCGATCGAAGCGAAGACCGGGATGCTGAAATTTTCTTCTGCCTGGGAAGCGCGTGCGGAGTCAGGATCGACAGCAGCAACGAGGGCAACTCCTTCGCCTGCCAATTCAAGTTCGCGATAGACACGAAGGTGATTGCGGCCGAAGGCGCCGGCACCGATCACGGCGACACGTAAATTGCCTTCGCTCGCTATTGCTATGCCCCTTTACCTTCGACTGCTTTGAGGCAGCGTGTGTAGAGTTCCAGCAGCTGGCTCACATGCTCCTCCGGCTTGGGAGCCGATGCCCCACTGAAACCAGTGGAACCCGCGGCGGGACGGCCGACACCGGTGGTTCCGGCGACAAATTTAAGCAGATCGAGAGCGATATCTTCATTGCGGCGGGCGCCGAGACCCGCGGTATTCAGGGATTCCATGCTGATAAGTCTCCGAAGAGAGATGCTACCAGATGTGGGCCCCGAAACTCTCGCGCCCGGGCGAGCGCAAGGAGCACGATAACCTAGAGAGGTGCTGCACTCGTCGAACAAAAGCATCCAATTCGCATGAATCTTCGACTTCGCCAGTGGTTTCGCAATCCCGTCTTTCTTCTCGCTTTGGCCTCCGGACTGATTGCCTTTGTGGTGCAGTCGGGTGAAGTCGGCAGTGCCGATACCATGCATCGGTTGCAGTCGACGCACGCATTCTGGACTGCGGAGCCTCCTGTCTTCCCTAACGAATATCCCGAGTTCGGCGTGCATGGGCGTAACGGATCGCTGCAAAGTTGGTATGGCATCGGGCAATCCCTGCTGATGCTGCCGCAGGACATCCTCGGCACCTGCATATCAAAGCTCCACATCTTCGATCGCTACGGCGACACCGATCCGACTGTGCGCGATATTGTCGTGGTTTACCTGACGCAGATTATCGTGTCGGTCCTAACAGCTCTGCTGTGCTTCAAATTACTTCGACAATTTGCCTTCAGCGTGAATCAGTCCATCGCCGGAGTGCTCGCGTTTCTGCTGGCCACCACGCACCTGCACTACACGCAGAACATGATGGAGAACAATTACATCTGTCTGCTCACCCTGGCAGGCTTTGCGTTTCAGTATGAGTGGCTCCAAACCGGAAGCAGGCGCGCTCTACTCTTCGGCGTCGGCGCCCTCGGGCTGAACCTGCTCACGCGCATCACGACTGGAATGGACCTGCTGGCCGGCGCGCTCTTCGTCCTGCTGGTCCTGGGTTTCGACAAGATGCGCGGTCGCGCATTCTGGTCCCGGTGCACTGA
NZ_CP121196.1_gap123	5741371	5744095	2724	TCGTCCACCGTATCTGCATGAACCACGGAGAGCACGGGCCCGAAGATTTCCGTTTCCATCAGCGGGCTTTGCGCGGGCAAGCCATCGAGAACTGTTGGACCTACGAACGAGCCGGCTCCGGCGTTTCCGTTGGTGCGTCTTCCGTCGACAATTGTCTTTGCGCCCTGGTCAGCACCCTGTCCGATGAGCGAGACGACGCGTTCGCGGCTGGCGTGCGTAATGACCGGCCCCATCTGTGTGTTGGGGTCGAGACCGTTGCCGACTTTGAGTGAGCTTGCCGCAGACGCAATGGCATCGCGGAACCAGTCTTTCGCTTCGCCGACAGTGACGGTGACACTGACAGCGAGACAGCGCTGGCCCGCGCAACCGAATGCGGAGTCGGCGATGATTTTGGTGGTGGTCTCCTGGTCGGCATCGGGAAGCACGACTACATGATTCTTGGCGCCTCCCTGGCACTGCACGCGCTTGCCGCTTGCCGAGCCGCGCGCGTACACATGCCTTGCGACAGGCGTTGATCCGACAAAGCTCACGGCGCGTATGAGGGGATGATCGAGCAAGGCGTCAACTGCAGCTTTGCCACCGTTGACGAGGTTCACAACGCCATCGGGCAGGCCGGTCTCCTGGATCAGTTCGAGAAGACGGGCTGCGGAGAAGGGAACGCGGTCGCTGGGTTTCAACACGACGGTGTTCCCGGTGGCAATGGCATAGGGCAGGAACCAGAGCGGAATCATCAACGGAAAATTGAATGGTGTGATCACGGCGCAAACGCCGAGAGGCTGGCGCACCATGATCTCGTCGATGCCCGGCGCGACATCTTCAAGCGAGTAACCCTGCATCAGCACCGGAATGCCACATGCGACTTCGACATTTTCAATCCCGCGGCGCAGTTCGCCTTTTGATTCGGCGAGGGTCTTGCCATTTTCGATAGTGATGAGGCTGGCGAGTTCGTCGAGGTGTACTTCAAGCAGTGATTTGAGCTTGAAGAGATATTGCACGCGATCTGCGGCTGGAACTGTGCGCCACGAAGCGAAGGCCGCGTGAGCGGCCTGCACCGCGGCGTCGACTTCGGCGGCCGATCCGGCCGGGGAATTTCCCAGCGGCTCACCGGTTGCGGGGTTCAGCAGTTCAATGCCGGCGGGGCTGGTGGAGGTGACCCACATGCCGCCAATGAGATTGTGGATTGAGGGGGAAGCAATGGCAGTCATCGGACTTCAATGTAACGCAGTGGGCGTAAAGACGGCAGCAGGAATTTGTTATCGCAGAAGATCGGTGAGCCCTTGCAAGGAGCGAATTTCGTAATGCGCCGACTCCTTGTCGTAGCGTGAAAGAAACTTCAAGCGATCCTCCGGGATGATTGCTGCGGCATAATGGGGACCGGCCACAGCCTGCAGCGCCTCGATCGATTCCCACACCATGATGGTTATGAATTCAATCTCGTCGCCGAGGGGACGCCGCAGCACGATGCCGCCTTTGTATCCGGGAATTTTGTTCATTCCCGGCAGCAACTCGGGCTTGAGCATTGCTTCGTAGCTGTCTGCGTGTTCAGGTTTGGTATATCCGTGCCAGATTCTCGCAATCATCGGCATCTCCCTGTTTCGGGCGGTCGTTGGTCGTCGAGCCGTCCAGAACAGAATTCTACGACTCCAGGAAAACGCCGGCCTCGCCAAATTTATCGAAAACGGTTCCCACAGGCGCCGCGTCGCGCCCACGCCGATGATTCTCGCGTTCTGAGTGGATGGTGGCCTACTCGGCAGTTGATTCTTGAACAACAATGCGGCTCTCCTCACTTACTTCGCTTCACAAAAAAGGGGAACGCCAGTCGGCGCTCCCCTTTCTTATATTGCGCGCCCCTGTAAATTATGAAGGCGGAAGAATCAGCAGCCCCGACTGCAACAACAACTCCGTCAAGCGGTCAAGCGCCAGCGGATATTTGTAGGAGACTGCGCGCAGGCTCACGCCGAGCATATTTGCGGTTTCCGCATGGGTGTACTCCTGCAGCGCAACTCGACTCAGCAACGTGCAATCCAGCGACCCCAACTTTTTGAGGCAACGCTCAATATCGAGCACAAAGATCACGGCGTCTTCAAACGTCTTGACCTTCCGGCTTGATACCCACCCTCGCCCGATCGGCTCTCCCAGAATAGCGGGCGCTCGGCCCACCAGCATTGATGCATAAAGATAGCGCCGCAGCATCTCCTCAGTGTGTTTTCGATAAAACGCAACGCTGATGTTAGGAACCGATCCAGTTTTCTGATCCGCTGAATGCGATTCGACTTCGTGATTGGTGCGAAGCTCAGCGCCACGCCTCGACGGCCTCGGCTGGTAGATAACTTCCGTGGCCCAGATGGAGGTAAGTTGTAGAGCTGCGCTCACTCTGCACCTCCCGCCATCGCTGCAACAGCCCAGATATTCAGCACGCGTTTTCTTGCAGGACGCCCTCGCCGCTTTCGCGTTGCAGGGCTCGGAAACATCTCCAGTTTCTTAACGCATTTACTGCAATAAACACTCCCCTGATGCAGAGCCCTATACCAAAGACAACCACATCCTTCGCATACTTTTATGTGTACGCACACTTCCATGACAGATTCCCCCAAGAATCGCTTTCTCTCGCTCGTTCAGTTTTTTGTCGTCTGTTTGGCGAGGTGAAAGGAGCCAGTTGGCTGCACTCAGGATTCTGCTGCCCTGTTGTGCGGTTGCCGTCTGTACTCGACTTGTATAAGTCAT
NZ_CP121196.1_gap124	5747054	5750598	3544	CGAGGTGGTGGTTCCCTTCAGCCATGTGGCCGTCACGCACGGGCTGGCCGTCGTGCACTGTGACCAGTCGATCTTCGCAGAGGTTTTCGCGAAATTCTGGATGTCGTCGGAGCTTGCAGCACAGTGAGTCTGGTTCGGCGTGTAGGTGCTGCATTTTGTGCCGCGTACCATTCCCCAGCGCGCACTTTCGCGTGCAGCTTCAGCAACAGCGTTGTAGGTGTAACAGCCCATCGTGACTTCGAAGATTCCGAAAAACATGGTGGCCAGGATGAGAGAAGAAAGGGCCATCTCGACAAGGGAGCCTCCGGCATCGCTGTGAGCGATGTTCCGCGCTGCCTTCCGAACCCTGTCCGAGAACTGTCTCAATGCGATCATCTGCGTTTACCTTTGTCTCATTCGTTCGTGCTGAAGCACCGTTACTGAAGGCAGAGCTGAGAAGCCTGACCGTTGATGGTATAGGTCGTCGGAAGTCCCGGAATATGGATGATTGGATCAATCGTCGCCTGAGTCGTCACGGTCAGAGTCTGCTCCATGTGCGATGTAGAGCAATCTGTGTTAGCTCCCGTCGATGCCGATCCGTCCGAACATACATACGTTGAATTCGCCGATAGCACCTGGATTGATGTGACATTTCCGGCATCGTGCTGTGCAGCATACGTGATCCCATTCAGATCCGTGGTTGTCGCGCCCGTCTGGGCGCCGTAAGAGACCCCTGCCTTCGCTGCACTTACTACCTCAAGCGATGCATAGGCCACTCGGGAGAATTCTGTTGCGCCGGCGATAAGCATGACCAGGACCGGAAACGTCAAGGCAGTTTCGACCAATGCACTGCCAGACTCGCAGTTCCGAATACGCCTAAACACTTTTCCTGTTTTTAGAACTTTTGTATTCATCGTCGTCTCCTCTTACTCGACCAGTGTGAGAACTCTGTTCAGGGTTGTCGTCGGATTCGCCTGGTCGTAGCTGTGGGGGACCGTGAACGTTGAGGCCTTGTCGTAGAGTTGGCCGGCAACCAGACCCACCGCAGTTACGCCGCCGCCGTGGTCCTGCAGGTAGACCTGGGCACCAGGCGCATAGATGTAGCCATCCATCACTTCGTTATTGCTGCCAAACTGCACCTGAAGTTGCGTGGTGTTCGTTGATGGCTGGAAAATTGCAATACCGTTATAGGTGCCCGCGGTCGGCGAATAAACATTCAGAAGTGAGTTGGAACCCTGGTTCAGTGTGCCGCTGCCGACATCGAGCACTGCGCCAACGGTAGCCGGTGAGGATGCGAAAGTATTTGTGTTCACGTTATACGCGGGACCGGAACCAAAGGTGACGGTGGCACCGACTCCGATGCTTACGCCGTTCTCGAAGTAGTAGACCGTTCCAGAGGCTGCTCCTGGAAGCGTGACTGTGCCGGAGATCGAAGGGTTACTTCCTGAAAAACAAACCACTCCGCCAATCGGACTCGGAATCGTCGTTGATGACGTAATGGAGTTTCCACTGACCGTATTCCCGGCCGAGCAGTTACTGCTCGTGGGACCTGCAAGGTTTCCCCAAGGGCTCTTGCGAGTCCCAGAGTTCATCGTAGGTGTAACCCCGTTTGGTACGTGCTGGAGCGTGGCATTTCCAACCACGTCAACAAACGGAGCATTGATCGTGCCGGCGCCACCGGTTACGGACATGGCGTCCGTTGTGTTTGAGTTCACGTAAATTCCGCAGTTCGGCGATTCGATGTCATACTTGCCCTGAACGGCAAGGTCGTTTCCACTTGGATTCATTAGCCAGATGCAGGCTTGACCGTTCGTCGGCATTGCCGCCACCGCCCTGGCATTCACCGCCATCGAACCCGATCGGAAAATCATGGATGCCGGTTGCGCTACAACCGCCTCCACGAAGGTTCCCGTTGCAGCCGTGTTGGGTCCGGATTGAGGTGGGATGTTGACGCAAATCGTTGTACCCGACGCGCTGCAGACCCCTGACGTACTGGTTGTGCAACTCCCCGTAAAACCGTTAGTCGCAGCGGCCGCGCAAGCAGCTGTGCGCGCTGAGGAAACCGACTGATTGTAAAGGTAGTCCGCCGCTCCGGCGATCGCTGCCGCGTCGGCCGCAGTCTGTATCTCCCGGCGCGTATGGAAGAGCACGCCTACATCCAAAGCGAGCGCCATAAAGCCCAGCAGTCCAGAAGCGCAAACAGCGGTTAATACCAGGGTTTGACCTTCTTCATTTCTTAAAAGCTTCATAGCCACCTTCTCTCAGCTCGCAGCCAATCTGAAGTCGAACAGCGATTCCTCGGGCAGTCTCAGATGCAGACAGCAAAGCGCTTGAGCAAAGCTCAATTAACATGGCCCGGGGGGAAACTGGAGTTGATTCTATGAACGGTGTACGGGGGCAGCAAGTCATAATGGGTACTTTATGATTACTTAAGTTCTAGAATTGGCGACGTAATGTAAAGGCCCTGTTTTGGAAGGAAATAGGCGGGTCAGAGACCCCAAGTGAGGCCGACGGCCAAGAGCCCCGCGGCTGCCATATTCAAGCCACATGTAGGTTTCACATGGGCCTGAAGATGACCCGACTCAAACCACTCAATCGCAATGACATGTTCACCAACCTCACTTACGTGCTTCCATTCGTAAGGTCTTGTGGTTTACTGCGAAACCACCATATTGGAGGTTGAGCTCAGCGTTAGCGGAATCTGTTTTATGAACGGGATGTTCAATGGATAGCTCAAGCTGACAGCCACGCTAACCATGTTTCCGGGGTCCTTTGTTCCGGAGCAAGGCTGTGCGGACCAGGTCGTCACACCGGAGGTCGTCGTCGCAGTGCACCAGGTTGCGGATGCGGTCAAGCTACCGGAATAGGGGAACCCTAGGCTCCGCACATAGGTCTGAATATCCGCAGACGAGGCTCCGCAATGGTCCAGATTCGGGGTGTTCGTGGAACACTGCGATCCGCGTACGATGGCCCATCTCGCCCCTTCCCGCGCTGCATCGTTCACGTAGTTATATGCATATAACGCAATCGAAACCTGAAAAATCCCAAACAGCATGGCAAGCAAAAGCGAGCTTACAAGGGCCATCTCCACGAGTGCCGAGCCTTGGTCGCGCCATGCATGTTGCAGCACCCACTCCACGAGATTCCCGCTGGGCTGCGCTTTCTTCGACTTCACGCGATTCCGAGAATATCTGAGCATCAACTCACCTTCCAGTTCTAGCAATTCAGGCATTTCTGCACCGTGGTGTGGCTCAGCGTGAACGTAGTGGGAAGTGCCTTGATCTGGATACCGGGCGAGAATGTGATGGAACTCGTCACGTTCAAAATGGTCTCAATGTGATCGCCTGAATTCGTCTGACAATCGGTGTTTTTGCAAGTCGGCCCCGCTGCATTGCTGGTTCCGGTGCACGATGCGCCGCTCGAACACATACCCGAAATCAAAACAGTCGTAGTCACACCATTGAGGCCAGAAGCTTCGATCGCCGCAGCCTTCTGGATACCGCCATTCTGAGCACTACTGTTGTCGTAGTCCGCAGCCGTAGTTGAATTCTGAGCTCCATATTGC
NZ_CP121196.1_gap125	5752015	5752658	643	CGCCCCCGCAGTGGCCGCCGCGTCTGCTGCGCTCTGGAGATTGCGCTTGGCACGGAACAATAAGCCGACATCAATCGCCAGGCCCATGAAACCGAACAGAGCCGCCATTAGGAATGCCGTAAATACCAGAGCCTGTCCGCTCTCAACGCCTCTGCCGTTCGCGTTGAGCTTCCCCGCAAGCGCACGAAAGGCTAATCCAGACTGAAGCTTCAGTGATTTTAGATGTCCGTTTAGGAAGCCCTCGGTCCCGGTAACCCCGTTATTCGCGAGAGTTCTACAGTCCTTTGTTTTCCCACGCTCATCAAGTCCCATCGAAAACCTCCAGGTGGACTTTGATCGACGCCGCTAAGGCGCGATTTGCGCTGTCGGACTTTCGCGGCCTCAACGCCGGCTAAAAATTCGGCAGTACACCAAGCGTCGCCAACTGTCGGAAGGGATTAATGGCTATTACCGGGACATAGTACCGGCATCGGTGGAAAACGCCTGATGCAGACACTTTCTGCTCTTCGCGCGCGCCAGACAATGCCACTAACGGGTTAATTACTTAACGGGTTACGACAAGTGCTTGTCAGGCACGTGAAATCAACGAGTTGTGGGTACGTAGGGAACGTTACCCTGACCATCTCGTCGACATGTCAGAAAA
NZ_CP121196.1_gap126	5893389	5895281	1892	TGCAATCTTGCGCCCCGTAGACGTCAGCTTGTGTGTCAAGATGCGCTTCACCATCGGCTCGAACAATTCCGACGAATACACTGAGTCTGCAATGTAGCGATGCACCTCACGCATGTTTACAACTTCGTCAAATGACTGCCGCCGGCATCGGTTATCGCATGGATGCTGGCAAACGCGACCCGTAGAAGCCGGAAGCGGGTTGTCCATCACCACGGATTCGAATGCGTCCTCAAGGCGGCCTTCCTGGAAGAGTTCAAGAAAGCGCGGGATGTTCATTCGAAGAGGACAGCTGTTTTCGCATGGAGACACTGCAAGTTCCTGGCAGACTCCAGCCCTGCATCGTCTTCCCAGGATATGGTCCTGATATTCGTCGCGAAAATGCCTCAGAGTCGTCAAGACTGGGTTCGGAGCCGACTGCCCCAGGCCACAAAGAGAACAAGCACGAATCATCCGTGCCAACTCATCCAAAGTCTCCAGATGTTCCCTGGAGCCTCTGCCTTCTGTGATTGCGTTTAGGATCCGCAGTGCCTTGTCGAGCCCTACTCTGCACGGCACGCACTTCCCGCATGATTCGGAGTGTGTGAATTCGATGAAGTAGCGTGCGACATCCACCATGCAGTTGTCTTCATCCATAACCACCATGCCACCCGAACCCATGATTGAACCGATTTGCGCAAGGCTCTCGTAATCGACCGGTGTGTCGAACATTTCAGCAGGTATGCATCCCCCCGACGGACCTCCTGTCTGGACTGCGAGTACGCGACGCCCGTTGGCGGCGCCCTCACCGATGTCGTAGATGAACGTTCTTAAGGGTGTACCAAGCGGCATTTCTACGAGTCCGGTGTTCTGCACTTTTCCCACGAGAGAGAAGACTTTCGTCCCCGGACTTTTCTGACTGCCCGTTTCGGCGAACCAGCCGGGGCCGCGACTTACGATTGCTGGAATATTGCACCAGGTTTCGACATTGTTGATGTCGGTGGGCATGCCCCACAACCCCTTCTGCGCTGGAAAGGGTGGGCGGGGCCGCGGCCTGCCGGCACAACCTTCCAGCGACGCAATCAAGGCAGTCTCCTCTCCGCAAACAAACGCACCCGCACCCTGCACCAGTTCGATGTTGAAGTCAAATCCGCGATTGAGAATGTTCGTTCCAAGCAGCCCGTATTCGCGCGCCTGCTCAATTGCACGACTCAGACGGCGTACCGCCAGCGGGTATTCCGCACGGATATAAACAATGCCTTTCGTTGCACTCGTGGCGTACGCTCCGACGATCATGCCCTCCAAAACCGAATGAGGATCACTTTCGATTTCGTTGCGATTCATGTACGCGCCCGGATCTCCCTCGTCCGCATTGCAGATGACGTACTTCTCATCGGCCTTCGCCTTGGCAAGGAAGTCCCACTTGTTTCCTGTCAGAAATCCGGCGCCGCCGCGTCCACGCAACCGCGATGCCTTGATAAGCTCAACTATCGATTCCGGGCGCCCATCGATAAGAACCTTGTAAAGCGACTGGTACCCGCCTACTGCGATATATTCCTCAATATCTTCCGGATTGATCAACCCCGCATTCCTCAACACAATCTTCTTCTGACCTTTGAAGAACGGGATCGAATTCCACAAAGGTATCTCGGGATAGCCCTGGCCGAATCTGAACTGCGCGGTGATATGATCCCACTCTTCCAGTTTGCAAAAGATAAGATCGGGAGGCATCACCCTGGACGAAAGGGCTTCGAGAATTCGGGCGGCATCATTGGGCCGTACACGGTTTAAAATTACGAGCGGACCGCCGGGAACGCGAACACCCACAAGCGGCTCCTGGAAGCAGGCGCCGAAACAGCCCACGCCCGCAAGTTGAACATCCAGACCGCTTCGCTCGATGGCATCGTTGAGAGCGT
NZ_CP121196.1_gap127	5901871	5902964	1093	CACCGCCTAAATCACAGCCCGCCCCTTCCGGGGCGAGCGCACCGTCAGGAGAGACCCATGAATAGCATCGAGGACCTGGCAGCCGAACTCAAAGTTAACGATGTCTTCACCGACAATAGCGGAGTCAAATGGTTCACCACGGGAAATCTGGACATCCGCGAGCTTGTGATTCTGCTCGGGCAAGAGGGGGCGCGATTCATCACCATTACCGCAACTGAACTTCCCATGAACCAGGGCTTCTGCCTCGAATATCTGTGGGACTTGAACGGCAAACTGCTCGGCTTTCCTTTCTATCCAACATGCAACACAATGCCGAGCATCTATGACATTTGCGAAGCAGCCGATTGGATCGAACGAGAAATCCACGAGGAATTCTCGATTGAATTTACCGGACGCGTCTACGAACCCCTTCTGCTTCGGGAGAACGACCACACCGGCGTGAATCTGCACGAGGTGGCGAAATGAGTTACAAGCTTCCGATGGGCCCGTTTCATCCAGGCCTCGAAGAGCCTTACAAGCTCGAGATGATCTGCGAAGGAGAAACCATTTGTGATGCCAAGCTGCATATAGGATTCAATTTTCGCGGCATCGAACACTTGGCGGAAACGCGTAATTACATTCAGTTGATTGCGCTCATGGAGCGTGTCTGTGGCATCTGCTCGTTTATTCACACGCTCACCTTATGTCAGGCTCTCGAGAACCTCACCGGCCTCGAACCTCCACCCCGGGCTCTTTATATCCGCGTCATCATGGCAGAGCTTGAGCGGCTGCACTCACACGTGCTTTGGGCCGGAATTGCCGCCAAACTCATGGGATTCAAAACGCTATTCATGGCATGTTTCGCATACCGCGAAAAAGTCATGGACATGCTCCAAACCATCTCCGGGAACCGCGTGAATTATTCGATGAACCGCATCGGAGGCGTGAACCGCGATATCGTAGACCCCGATACGGTGCTGAAGATGGTCAATCTCCTCGAAGGTGAAATCGCCCGTGAACTCGTTCCTGTGTTCACAAGTAGTTACACTGCAAAGTCGCGATGTGCAGGTATTGGAATTCTTACTCGCGAGAAAGCGAAGTCTTGCGGAGTTGT
NZ_CP121196.1_gap128	5987365	5987865	500	GGGCGTCTAACTGCCGGGGATTTACCTATTTAAATGTAAAGCTTGAGCAGCGCTTCGGACCGCGGGTTTCAAAGAAATTTGCAATAGATCGCTATGGGACCCGACGCTTGGAAACCAAGCGGCCTCCGCCACAACCGCCGTTCATTATTTCGCCCGTTGTTTTTCGCACGCCGGGAATTCTTCGCTTAAAACAAGGACTACTCTCTCCTTGCGAAGGCTTTGCTGCAGCCTCGCAATCGACACGTCCTGCACGGCGGAATGGCGCCGCACGCACTCGGAGATGTTGACGGAGTGCTGATAGCGCTCCAACAGGTCCTCGGCGCTCTCGGTTCTTCCGCATCGACCTGAATAAGTGAAAGCCGATGGGGAATGAAAAGCCCCAGGTCTCTGGTGCAAGACCTGGGGCTTCAATGACAGAGGATAAGATTTCTGACGACCTCGTCACTTTTACTGTGGAGCTGTGTCGCCTGGATGGTCGTGCGGGCCGCCATGCATCTGCG
