gap_id	start	end	length	sequence
NZ_CP007028.1_gap1	113441	115064	1623	AAAAGCAAAGGGTGGCTGTATACGGTGGTGTGGAGATTGGGTCAAAGGGTGTGAAGGCTCAGGCTTACAGGATTGGTCTTAAGGGGGATGAGTTTTATGACCTGCAGGAGGTCTTTAGGGAAAGCATAAACACCACCATAATAGCTGGGGTAAAAGAGACGGGAGCTTTTTCTAAGGATGGTATAGAGGAAACTGCACAGGCGGTTAAGACTTTGATAGAAAAGCTAAAGGAAAGGGGTGTGCCCGGGGATAACATTTTTGTGGTGGCAAGTAGTGCTATATCCTCGGTGAAAAACAGGGATGAGTTGGCAAAAAGGGTGGAGGAACTCACGGGTTATAAGTTGGAGTTTTTGACGGTTAAGGATGAGGTGCTTTTTGGTATTGCGGGGGCTGTTCCGCCCAAGTATTTTTATAACTCCATCTTTGTGGATGTAGGCAGTGGAAACACAAAGATAGGATACCTTGAAAATGTGGGAGGCTCCATAAACGTGAGGAGCTTTGAAATTCCTTATGGGACTGTGAGCCTGACGGAGAGGGCAAGCAAGGGTAAAGATTTCAGAACGGAGTTGGTGGAGGTTTTGAGTAAAGAGGTGGAGCCTGTGCTCAAAAGGGAAGCCCAAAAGAACCCTGCTTATCTAAACAGGCAGAACGTTTTCTTGGTGGGTGGCATAGTTTGGGCTATAACTACTCTTCAAAAGCCGGGGCAGGTTGAAGAGGCTTATGTTAAGCTTAGCAGTTCGGATATAAGAAACTTCACGCTGACGATTCCTAAAAATACAGACAGAGTTTTAAATCCTGACCTTTCAAAGCTAAAGCCTGAGCTCAGGGACAAGGCTAAAAAGCAGATAGAAAAAGTAAAGGATGTTTTCAGTGTGGATAATCTTTATGCGGGTGGCATGCTTTTGGACAGCATTGGCAGAACCCTTAACTTTGAAAAAAGGAATTTGATATTCCCGAGGTACGGCAATTGGCTGGTGGGCTATGTGGTGTTGAGGGGATACCTTGAAGAAACGGAGGCGGTGAAAAAGTAATATACAGGGGTGATGTAGGTGTTATATTTTATAAAGCATGGGTACTCTGAACAGATTTAAGATCTTTGGTGTAGCCTTAATTACCTTTGCCCTTGGCTTTATAGTTGGCTTTGCCTCCCAGGGTAAGCAGTCTGAGGACGAATACAAATACCTAAGAATGTTCACCGATGTTCTCCGAATCATAAAGGAAAACTATGTGGAACCGGTAAGTACAAAGGATCTCATATATGGTGCCTTGAACGGAATGACCAAATCCCTGGACCCCTTCTCCACCTTTTTCACTCCTAAACAGTACGAGAGCTTCAGGCAGGAGACGGAGGGTGAGTTTGGTGGTGTGGGCATTGAGATCGGCATGGAAAAGGGAAGGCCTGTTGTAATATCGCCCATTGAGGGAACGCCCGCCTTCAAAGCAGGCATAAAGCCCGGAGATGTGATCCTTGAGATAGATGGTGAGGACACCTCCAACATGAGCCTTATAGATGTGGTGCAAAGGATAAGGGGAAAGGTGGGTACAAAGGTTCAGCTGACCATACACAGGAAGGGAATGGAAAAACCTATGAAGATAGAGCTTGAGAGGGCTCTTATAAAGATT
NZ_CP007028.1_gap2	120621	123160	2539	GGTCCAAGGTATGCAACCCTTAGCTCTTTTTCCAAAGAGAGGCACGCGGACATAATCTCCCTAAAGACATGCTTTACCGCTTCTGAAGGAAACTCTTCTCCATAGAGCTCCTTGTTCAGTTTTACCAGCCTATCTATAACCTCCCTCTCCCTTTCGGGTGAATGGATCTCCAAGTTGAGCTGTTTTTTTATTTCTCCAATGGACTTGGCAAGCTTAGCCCTTTTATTGAGTAGCTTTAGTATTTCTTCATCTATAACATCAATTTCAGCCCTGAGCCTTTTTATCTCTTCCATAGGAAGGAAAGATACTTGGGCTTGCTCTTTAGATGCTCCAGCAGAAGGTGGTTTTCTCTGCTTTTTTGTCTCCAGTGCTTTCTCCTTTTTCTATAAATTTCCCTTAGATATTCCTTTAGTTTTAGGCTCGGATATTTGCCCTTGGCAACCTTGTGCAAATGCCACCACCACTTTTCTATGGGCTGGCTTTCATCGTCCTCCAAGGGCTCATCGCTGGATTCCATGAGCTCTATGAACCTGTGTACGTTTTGAAATAGCTTTCTGTCTGCCTTGATCACGTATGGGCTTTCTTCCAAACCCTCCTGATGGATCCTCTCCCTCAGGGAAATTATAAAGTTGGGATAGCCCACTCCATAGTTCAGAAGCATTTCTAACTCTGCGAAGTAGATGTAATCAATCTCTAAGCTTACCATTAGAGATAATTATAAAACACTCTCTCTGCCATATAGGAGCTTCTAACATTGGGACCACTGAAGACATGGCTAAAGCCCAGGCTGAGGGCAATCTCTTTTAACCTTTCAAACTCCTCTTGGGTGTAAAGCTTAACCACTGGGTGATGCCTCTTGGAAGGTTGGTAATACTGCCCAATGGTTAACACATCACACCCTACCCTTCTTAGATCTTTCATAACTTCCACGATCTCTTCCTCCCTTTCTCCAAAGCCCAGGATGAGGGCAGACTTGGTTATGATGTTTGGGTTGAGTTCCTTTGCCCTTTTTAAAAGTTCTAAGCTTCTTTGATAATCCGCACCCTTTCTGACCCTCTGATATAGTCTTGGTACCGTTTCCACATTGTGGGCTAACACATCGGGCTCCGCCAAGAGGACAGTTTTTAAAGCTTGGTGAGAGCCACCAAAATCGGGCACAAGAACCTCCACCTTGATGTTCTGGATGTTTTCCTTTAAGACCCTTATGCATTTGGCAAACTGTCCTGCTCCACCATCCTCCAGGTCATCCCTGGTGGGGGAGGTGATTACCACATACCTGAGGTTTAAAGTCTTAACCGCTTCCAAAAGGCGGTAGGGCTCCTCTGGGTCCAGGGGTTCCGGATTTCCCCTCTTTAAGTTGCAAAAACTGCAAGCCCTCGTGCATTGATTTCCAAGGATCATAAAGGTGGCAGTGCCGGAGCCAAAGCATTGAGAGATGTTGGGACATCGGGATTCTTCGCAGACGGTATGTAGGCTTGTCCTTCTTAAAAGGGCCTTCAGTTGGTGGGTTTTGCTCAAAACCAAAAGGGGCTTAGCCATTAGGACAATATTATCACAGAACCCATTGACACACAAGAGTTTTAAGGCTAAAATCTAAGCTTAATGTTTGTTAGCTTACAGTTCAAGCTTGAAATGAAAAAGGAAGACAAAGAAAAACTCATAAAGCTAATGCGCAAGCAATCCTCCGCCATCCGAGTTGCATACAACATGCTAAAGGAGTTGGAAAAAGAGAAAACAAAAAATCCACACGCCCAAATATACCACAGACTAAGACAGCTATTTCCTGAGTTGCCAACAAGATACATTGACTCAGCCATTTACAAAGCTAAACAATATCCCACCGATAAACCAGTGGTGTTTGGAAGCAAAAGACTTTTTGAAAAACTCTGTAAAAACCACCTTACAGGGAAAGCAAGGGAAAAACTTAAAAAACAATGGAGAGAATTAAGACAGGGAACATTGATTGCCATAGGTTCAAAACATAAAACCGCACAGGGTAATCTACTACTCAGGTTTACGGAACTGAATGGAAAACTGCATCTAAGAATTACCACAGGAAGCAGAGAGTTTATCTACGCCAAAGTGTTAAGAGAACCCAGCAACAGCAAAGACAAGTGGCTCACCTTTATGGCTATGCTTTTAGAAAGCTGGCAAACAAAAAACTACTTTGCCTATACAGTGGAGTTAAAGCTAAGAGATGGAGAGATTTATGGGAGTGTATCCTTTGAAATCCCAATGCCTAAAGTGAAACACACAAAAGAGAACGGAGTAATAGCCATAGACATAAACGCATCACCCATACACTTAGCCATAGCGGAAGTGTCAAAAACTGGAGAACTACTAAGCTATCAAACAATCAGCTTACACCACCTTTTAGGACTTTCTCAAAACAGCAAAGACCATCAGGAGTGGATATTAGCCCATCGGATAGTAGATTTAGCCATTCAGAAAGGTAAAGCAATAGCAATAGAAAACCTAAAGAAACTCAAAAAAGGAATGCGTGGAGATGGGAAAGCTGAGTTAAGAAAAAGACTTCATC
NZ_CP007028.1_gap3	137304	141872	4568	TAGCCTGTCAAAGATCTGTCCGGACGCATTTTCTGCGATCCGTAGGGCAGATATACCTGTAGATATGTTCCTGTTGCCCTCTTGCAAACCGGTGGCAACCAGTGAAAGCTGGTCTGCTATAAACAGACCTGCGGCGTCGTCGGACGCCTCCAAAATCCTCATGCCAGTAGAAAGCCTAAGCAGAGATTTGCCCATCTCCCTCTGATTGACGAGATAGGCTGTGTGTGTGGATGCTGCTTCGTAGTTAAAGTTTACTCTCATAGCTTGCACCTCCTTATAAGGTCTTCCATTTTTTAGAAATCGGATTTAAGGAAAAATTTTTAAGCTTGACGTTAATCATAGGAGAGCCTAAGACCTACCGCTTACAATATATAGCCAAACTCAAGAAGGAGGTATAGCATGGACTTTAGGCATGTTTTTGTTTGCGTTCAGCAAAGACCGCCAGGGCACCCTATGGGTTCCTGCTCAGACAGGCAGAGCAGGGAAGTCTTTCAGAGGTTTATGGAAAAGCAGCAGATGGACCCAGAACTCTTTATGAGCTGTATGATCACGCCTACCGGATGTTTAAACGCCTGCGGGGTAGGTCCGGTAGTGGTGGTCTATCCGGAGGGAGTTTGGTATGGAGGAGTTAGACCGCAGGATGTGGATGAGATCGTGGAAAAACACCTAAAGGGAGGAGAGGTTGTGGAGAGGTTGGTAGTATCTAAAGGAAAACCACCGGGTATGTTCTAAATGAGGGGCTTTAGCCCGCACCGGGCACCCCTTCCTCTTCAAACTCAATTTGGAGCTTTTCTGCGGGCACTATGGTGCTTATGGCGTGTTTATAGACTAAAGTTTGTTGTCTTCCATCTTCTACAAGAATGGTAAAGGTGTCAAAGGACCTGATCTTGCCTTGAATCCGCACTCCGTTGATTAGAAAGATTGTCACCTTTACCTTTCTCTTCCTCGCAGTGTTCAAAAAAGCTTCCTGTAACCTATAGGACATGGTCCTGCCTCCTGGGGATGTTTTCCATCGTTATTTCCCAAAGCCTTTCAGATAGAGAAATATAATAATCTACCTTTTCCAATTTTTCAACAAGCTCTGTATCAAAGGCAGACATTCCAAAGTAAGCACCCAAGTAGGCACCAACAAGATAACCTATAGCGTCCGTATCTCCACCAAACTTACCATAAGAATTCACCGCTTCAAAGAATGCCCTCTGAGGATTTTCTATGTTCTTAAGGAAAATAAAAAGGGACAAAGGGAAAGCTTCCAGGGCGTAGGAAGAGTTTCCAAGCTGGAATATTGCTTCCTCTAAACCGCTTCCTTCTTCCAAAAGTTCTTGGACCTTTTTTATAGCCCTTTTGTTTGCGTCATACTTTGCAAATTCCTGCAGGTGAGATAAGAGTTCAAGTCTTTCTGAAGTATCTTCCAGATTCCATTCTCCACTTACCAAATGGGAAATAAGAGCAGAGAGCATACCAGAGACATCGTAAATCTCTTTACTTCTGTGGGTTATCAGGCTCACAAGCCTTCCACCCTCTGCAGAAAGGTAAGGATTGTAAAAGTGAAATAGCCCTACTACCACACTCCTTAGAGCACCCTCTATGGAGGAAGAGTAAAAACCTGCAGACTCTAAGCTAATGCCGGAGGATAAAAGGTCTATAGCGGTCAAAAGGGTAGGGTCTGGGTAGCGATGGCTCTTTTCGTCTTTACGCCATTTGAGGAGCTTTTCAAAAAAGTGATAGGGATCTATGGACTTTCTTTCCAAAATGCTCTCGAGCAAAAGGATGCTTATGGTGGTCTCGTCAGAGACTTCCCATGGTTCAAAGCCAAAGGCAGGGCTTTTGGGATGTGGCTCCACAAAGCCCTCCACCGGACCACCATAAAAGCTATAAACCTCCTCCTCCGTTAGGTCCTCCACGCATTTACCTATGGCATCCCCAAGGGCGGAGCCCACAATAACTGCACTGAACTTATCTCCCATTAGTAGAGCCTACCCATTTTTCTTGCAAGCTCCTTCAATCTCTCTATCCTTTTTTCGGTGGATGGGTGGGTGGAAAAGAGCTCCCAAATTCCTCCGCCCTTGAGAGGGTTTTCAATAAAGAGATGGGCAGTACCTTGATTGACCTCTGCGGGAATTTGATACACATAGTTGTGTATTTTTTCCAGAGCCCTAGCCAATGCTAATGGGTCTCCACTGATTTTAGCCCCGGTTTCATCCGCCAAATACTCCCTTGAACGAGAGATCGCCATCTGAATGATCGTAGCTATTATGGGTGTGAGTACGATGAGGGCTATGCTTCCTATTAGGGAAAGTGGGTTCTTGTTTTCTTCATCCCTTGAGTGTCCAAAGATAAGCGCCCACTGGAGCATATTAACGAGGTAGGATATGGCTCCCGCAATGGTTGCCGCCATGGTTGCCACCAGCACATCCCGGTTTTTTATATGTCCTATTTCGTGCGCCAAAACTCCTCTTAGTTCATCCCTATCAAGGAGCTGGAGGATGCCCGCAGTCACTGCCACCGCAGAGTGGCCGGGACCCCTACCGGTAGCAAAGGCGTTGGGCTGTTCCATGGGAACAAGGTATATTTTGGGCTTTGGTATGTTTGCCCTTTGGGCAAGCTCTTCCACCATCCGATGTAGCCAAGGAGCCTCTTCTTCCGTTATTTCCCGCGCGCCATACATTGCCAGCACAATCTTGTCTGAGAACCAGTAGGCTATAAAGTTCATAATACCCGCCAGTATCAGGGCAATGGTCATACCCGTTTTACCACCTATCAAATTCCCTACAAAGAGGAAAAGACCCGTCAGAACACCAAGCAACAGCACGCTTCTAATCATGTATCCCATGGAGAGACCTCCGGAGAATTTTTTTAAATATATTCTAATATTTACCGCCAGTTTTTCAAGTCCCTTTCCATCTGCCTCTTTATGTCCCTCTCTCTGAGTTCCTCCCGGCGGTCGTGGATTTTTTTACCCTTTGCCAAAGCAATTTCTACCTTTACCTTTCCGTTTTTGAAGTAAACTCTGAGGGGGATTATGGTAAATCCTTTCTGCTGGACCTTGCCCAAGAGCCTGAGGATCTCCCTTTTGTGCAAGAGCAATTTTCTCTTTCTGAGGGGGTCGGGTGGCTTCAGTGTGGCATACCTGTATGGGGCTATGTAGAGGTTATAGAGCCAAGCCTCTCCGTTTTCTATACGCACAAAGCTGTCCTTAAAAGAAACAGTTTGTTTGTTTCTGAGGGCTTTAACTTCGGAGCCCTCAAGCACTATGCCCGCCTCGTAGGTTTCAATGATCTCATACTCTGCCTTTGCCTCTTTATTGAAAGCTACTGTAAATTCTTCAGTCTTCTTCAAGGTGTTAATATTATACAGGCTGGATGGAAAGGGAGAAGTTTTTTAAGTACTCCGTTCTGACTAGCACCATTGGGCTTTTGATGGTAGTTTTGTATATACTCTTGCCTTTTATTACACCCATCCTCTGGGCTCTGATTTTCTCCTTTGTGCTCTATCCAGTTCATCAAAAACTAAAAAAGCTCCTCCCAGGGGCAACTCTTTCCGCTTTAATTCTCACTCTGCTTACCTTGCTCGTTATAGTGATACCCTTCGGAGTTTTGGGTGCCATAATCCTAAACCAAGCCATAGAGCTCTCTGTCTATCTTTTGAACTTTATTCAAAATCATACCTACCAGCAGTATCTGAGCTATTTGGAAGCCCTGTTGAAAAAATTCCTCCGCCAAGAGCAGGTGGAGGTCTTTTTGAACTATATAAAATCCGAAGAGTTTAGGTCTTTGGTGGTGGGAATGCTCAAGGGCACAAGCCAACAGCTACTTCAACTTTCCACAAACCTATTCACCTTTGCCCTCTCCTTTCTCTTTAAAAGCTTTATCTTCTTGCTTACCCTCTTTTTTATTTTGAGGGATGGCGAAAAGTTCGCAAGCTTTATTGAAAGATTTATACCTATGCACGAGGAGGATGTTAGGGAAATTTTTGGCACCGTCTATAAAACTGTTCTGGCTACTGCCTACGGTTCAGTGGTTGTAGGCTTTGTTCAAGGATTGCTCGGCGCTATTGGTTATGCTATAGCGGGCATTAAATACTATCCTCTTTTTGGTCTTGCCACCTTTTTTGCTTCTTTTGTCCCACCCTTTGGTGCAGGTGCGGTTTGGGCACCGCTGGTGGCTTATCTGTTTATCACCCAGAGCATAAAGTCTGCCATTTTTTTACTGATCTGGGGAATGTTCATAATTTCCACCGTTGACAACATCATCCGCCCTCTCATTATGAAAATTGGCGTGCAAATGCCATACATTGTGCTGTTCTTTTCCATCTTGGGAGGGATCATCGCCTTTGGCTTTGTGGGGATATTCCTGGGACCTATAATCTTTACTACGCTGTTTAGCCTTTTTGTGATTTACGAGAGAAGAATTTTGAAGTAAAGGTTCATCTAATGTATAGCCTTTCTATGGAAACTAGGATATCTTCAAAGAGCTCATTGGCGGTATCCTCTGTGTCAAGTTTTATTACAACCCTTTCTACGCTGTCCGTTTGGATCACTAAGTTATTTTTCGATACATACAAAAAAG
NZ_CP007028.1_gap4	208364	211987	3623	ATCAACTGCCCTCTGGTAGTCCTCCAGTATGAAAAGAACCAGCCCTGATTGAAAGTGCTTTTGATAGCCCTCTTCCATCATAGAAAACCACTCCAAAGCCTTTTGATAATTTTCCCTGTACAAAGAGAGCCGACCTGCGTAAAATAGGGCTTGATTGTATTCTTCATAGCCTTTAAGCCTAAGAAGGGCTCTTTTGAACTCCTCCTCGGATACATTAAAAACTACCTTTACATACCTTAAGGTTCCTTCCCTACCGTCGCAGTTTTTGAGCACTTCCATGGCCTCTTTGTACAGTCTCAATCTTTCATAAGCCTCTCCCAAAAGGGAGCAAGCTTTGGGTATGTCCTGCAATAGGTTTATAGCTTCTCTGTATTGTCTTCTTTTTATAAGCTCTTGTCCAACCTTTAACTTTTCCTCCTCAGTTAGAAAAACCTCCGGTATGTAATCCTTGAAGAGGTGTGGAAGGTTCAACAGGGCGGTTTTTTTATCTAGGTTCATAGCCCTCCAGAGGTGGGCGTATCTTTCCACATAGTCAAACTTCAAAGCTCTGGGATTGATCTCCTTCAAAAGCTCCTCAGCCCTCCTTAATTCTCCCCTCCGGTAGTATTCCTCCGCCAGCAAAAGCCTCATATCATCCACAAAAACTGCGTTGGGATAGTCCCTCAAAAGCCTTTCACCCAGGGCTAAATCCCGTTTTTGTAAAAACTCAGACAAAAGGGCATACTCCTGAGGAAGTTGGGAAAAGGCAAAGGAAAACAGCACAAAAATCAGAAAAAGTGCTATACGATCCACGAGATAATTAGGTATATAAGTATAGCAAAGACAAAGTTTATGGCAATGAGGCTTGGGATTGCCCTGAACTTACCTTTTCTGTATTGGAAAAAGTAGATGTATGCAAAGTTCAGTACCATAAGAGCAAAGAGAAAAAGCTTTAGGTGAAAGAGGAAGTTGGAGGAAAAGTCCTTCCTGTAGCCATGCCAGAGCCCAACGCCTGTGATGAAAAGAACGAGTATAGACAGCCACACACCCAAAAAGAACCTTCCGTATAGATTTTGGACAAGGTTCTGCTTTGGACCCTCTGGCAAGCTTTTAAGGGATGGTCTAAGAAAGAGCAATGTGTACGCCATCCCACCCACCCAAAGGGTGGCAAAAAACAGATGCAAAAAGAGAAGGCTTTTTATCATGGTTCTAAATTAACCTTTTTTACCTGAACCTTACCTTCTGCCAGTTCCTCTATAGCGTAAAAGGTTTTCTTTATGAGTTCCTTCTTTACCTTGTCCCTGACAAATATATCATCTCCCTCCTTAAGTAACTGTTCAACCCTTTTTGCTGCAGCATGCACCAGCTCATACCTACTGCTTACATGCTTTAGGGCACCCTCTATGTTAGGTCTTCTGCTCATGGCTTACCTCCGTGCATTCTTTTTCCAAGAGCTTTATTATTTTATCATCTTTGACGAACTTTGAAACATTCGCCAAGAAGTTCTTGGAAGTATATCTTGAAGACAGAATGATATTTTTGAGAGTTTCTACCGTTTCATCCAAAAATTCATTTACCACTATGTAGTCAAAGTGTTTTGCACAGGAGATTTCCCACTCCGCAGTGCGTAAGCGCTCTTGAAGATTTTCGTGTCCGTATCCCCTGGTTAAAAGCCTCCTTCTAAGCTCCTCAATGGATGGAGGAAGCAAGAACACGAGCACGCTGTCTGGGAAGTTTCTCTTTATGGTCATAGCACCCTGCACGTCAATAACCAAAAGAGAGTCATAACCTTCCTCTTCGTTTTTTAAAACCTGATCCTTTGGCGTTCCGTAATAGTTGCCATACACCTTTGCGTATTCCAAAAACATACCCTCCCTTATACCCTTCTCAAACTCTTCCACTGTAAGAAAGATGTAATCAACACCCTCCACTTCACCCTCTCTTTTCGGTCTGGTGGTTGCGGTAATCACACGCCTTATGTCCTCCACGTTCTTTATGATGAAGTTTGCCACCGTAGTTTTCCCTGTTCCCGAGGGTGCAGAAAGGACAAAGAGCATGGAAAAAATTATAAACTAGCTGAAGAAGCTATAAGTGGTATAACCCTGAAGGCTGTCCGCAAGCCTTCCAATACACGAACTATTTATTATGCGATTATCTTACAGGCTTTGTCTGAAGGAGAGGATCTTTCAGCCTTTCTGAATTTCTCACCTAAGGTCCTTTTTACTTTAAAATACCTTATCAATGAATTACGCGCCTCAAATATTGAACTACTTGGGAAGCGTAAGCACTGTTTCAGAGGTTTTCTTGGCACCGAATGCTTCTCCCGTGGAAAGGAGGGAGGGCAAACTGATAAAATTTATGCCTGTAGTCCTTACTAGCGAAGATATAAGAGACACCTTGGTGGCGCTGAAAAGCCACGCATCTGGCTCGCTGGGTCCCTTGGGAAAAGAAGGTTCTTTTTCTTTTGGTATACACAAGAGCGGACGTTTTAGGGTTACATACATGACCCAACGGGGCAGTTATGTAATATCCATAATCAAAACACCCTTTGAAGTACCAACTATAGAAGAGCTTTGCCAAGATCCATCCTATGTAATAAAGGAGATAAACCAAATAGTAGGAGACCTATCTGGCAGATGTGTGGTTATAACGGGCAAAGATCATATAAAAGCTTCCATGTTTGCTTACTCTTTACTACAGCATGTTAGCATCAACTTTTCAAAGGTAATTTACATATTGGAAGAGCCTCTGAACTACCTTTTAAAGCATGGGAACTCTTTAGTTATACAGAGGGAGATAGGCACAGATGTGGAAACTTTGCAAGAAGGACTTGGAGACGCCATGCTAATAAAACCTAATATCCTCTATATAGGCTATACAGAGCGTTTTGATGAGAGGGAGATAGGAGAAATAGTTAGAATTCTGGAAAGTGGGACGCTGGTATTCGTAAACATACCATACATAAACCAACAAAAGCTAATTTATGACCTTAAGGACTTGGTATCCTTCACAGAAAGAATAATAATGTTAGAAGAGGAAAAAGAGGTCATAAAGGTTTCCTTTAGGGAAATACAACTTCGGGAGTGGGAAAACCATTGAAGGGTGCTGCGTATACGGTTGTGTATGCCCCAGCGGAGAGGATGTATAAGAAATCTCCCACCTCTGGCTCCGGAAGTGCTACATTCCTTGCCACCACATCCATACTATCGCAGGATACACCGCCTATGGTCCATTCTTTTAGCTCACCTTCTCTGTCCAGGTAAAAGGCATACCTTATACCTCCCAAAGCTTCTGCAAGACCGTTGAACACGCCCGTGTCTATGTAAAGCCATAGATCCTCTCCTCTCTTTGCCTTCCCTATGACCCTGCATACCATGATACCCTGGTCTCCTACTATGCCCCTGCCCGGTTCCATTTGGAGCTCGTAGGGCAATATAGGGAAGAACTTCTGAAGTAGCCCCTTTACATAGTATGCTATATCCTCTATGCTTAGGGCTTCGTAGCTGTACCTGACTGGTATCCCCCCGCCAATGTTCAACATCTGGAGCCTTAGACCTCTCTGCTTTGCCTTTTCCCAAAGCTCTGCTGCGGTTTTTATGCCTATAAACCAGTTTCTAAAGTTGTTGCACTGAGAACCCACATGG
NZ_CP007028.1_gap5	226383	227258	875	TTTGATAGCATAAAAAGAGAAAACTCCACCATTAACATACTCATCGGTTCCAAAAAGTTCATAGAGGGCTGGGACACTTGGAGGGTTTCCTGTATGGGACTTTTGAACATAGGGAAGGGTGAAGGTCCGCAGATCATCCAGCTTTTTGGAAGGGGCGTAAGGCTAAAGGGCAAAAACCTTTCCCTCAAAAGGTCTGGCAATCCTGAAATCTCAACCCTTGAGACTTTAAACATATACGGCATATCCGCAGACTATATAGGTAAGTTTTTGGAAACCATAAAGAAAGAAGGAATGGAGCCTGAAAAAATAGAAATAAAGGTGCCTGTGTGTGTGTTAAACAGAGAGATTTGGAAGGACTTTCCTTATCCTACCAAAGATGAAAGCAAAAGGTTTGAAAGGGAGAGGGTTTTACACTTGAGGGTGGATACAACAATCTCTGCTTCTATGAACTTGGTGCCAAGCATGGCGGTTTACATGGCACAGGAGCAAAGGGAAGATGTCCAGTCTTCTGAAGTTGAAACTCAGATTGCGTCAAAGAGCATCGCGGAGCTTGTGGATATAGAGCTGTTTGATTGGACGAGGATCTATACGGAGCTTTTGGAGTTCAAAAAAGAGAGGAACTACTTAAACCTTAGCTTTGATTTGGAGACTTTAAAGGAAATCCTTAAAGAAAGGTGCAAAGTTATTGTGCCAAACGATTTTGAAGTAAAGGACTTGAAGGGTCTGAAGAATTTAGAAAACATAGCCATTTCCCTCCTAAAAAGCTACATAGACAAGTTTTACAAGAGGGAAAAGGGTAGGTTTGAAAAGGACATCATAACTTACAAGCCTGCGGGAGAACAATTAAGCCTGTTTAGATTGGCTTCCGATATAGT
NZ_CP007028.1_gap6	228564	230030	1466	GTCTGGGAAATTTTGCAGATGGAGGGCAAAGTGGATGTTGCCATTCCGAGGGGTGGGGAAAGCTTGATAAGGGCTGTGGCAGAAAAGGCAAGGGTGCCCGTCATAAAGCATTACAAGGGGGTTTGCAACATATACGTGGATGAGGAGGCAGACTTAGAAAAGGCTTACCACATAGTCTACAACGCAAAGGTTCAAAGACCTTCCGTTTGCAACGCAGTGGAAAATCTGATAATACACCGAAAGATCCTAAACACCTTCTTCCCAAAGATGGCATACATCTTAGGAAAGGCTGGTGTGGAGCTCAGATGCGACGAGGATAGTTTAAAGGTTATAAAGTCTGACCCAAGGCTTTCCTTTGTAAAGGCAGTGCCCGCCACAGAGGAGGACTACTACGAGGAATTTTTGGACCTAATACTTGCGGTAAAGGTGGTGGATAGCTTGGAGGAAGCCATAGACTTTATAGAAACCTACGGTTCCAAACACTCGGATGCCATAATTACTGAAAACTATACCAAGGCGATGAAGTTCCTTACAGAGGTGGATTCCGCGGCGGTTTATGTGAACGCATCCACGAGGTTTACCGACGGCAACGAGTTTGGGCTGGGGGCGGAGATGGGCATATCTACCGATAAAATCCACGCAAGGGGTCCCATGGCACTGGAGGAACTAACCATCCAGAAGTTTATCATCTTTGGCAACGGACAGGTTAGGGATAACTTTAAGGTCCCAGAGGAACTTTTGAAGGAGTGGAAGGACTGAGATGGAAACAGTTTTATCCTTTTTGGTTTTGGTAGGTATTCTTATTTGGTTTCATGAGTTGGGGCACTTTTTGTTTGCTAAGCTCTTTGGAGTTAAGGTGGAGGTCTTCTCCGTTGGCTTTGGTCCTGCTTTATTTAAAAAGCAGTGGGGAGAAACTGAATACAGGCTCTCGGTGATTCCTCTCGGTGGCTTTGTAAAACTCTACGGAGAGGAGGATGGCGTCTCGGACCCGAGGGCTTTTTCCTCCAAACCAAACTGGCAAAAAATTCTCATAGCCTTTGCTGGCTCTTTTTTTAACTTCATCTTGGCGGTTCTTATCTTTTGGCTAATTGGAATGCTCGGCAGAGAGGTTCCCAAGTATGCCTTCGAAAAGCCAGTGGTGGGCTATGTGCAGGAAGATAGCCTAGCCCAGAAGATGGGTCTTCAAAGGGGAGACCTGATCCTTTCGGTAAACGGCAAAAAGGTGGATAACTGGAAGGATTTGGAGGAGAAGCTACTAAAGGACATCTTTGAACAAGAGTTGAAGCTGGAAGTTCTGAGGGATGGTAAGGTTTTAACCCTTGAGGGGAAGATGGACTTAAAGAACCCAAGGGGCTTTGGTGCAGAGCCAATTATTGAGCCTGTGGTGGGCACTGTTTTGGAAAAGAGCCCAGCCAAGCAGGTGGGATTGCAAGAGGGAGACAGGATCCTGAGCATAAACGGAGTGG
NZ_CP007028.1_gap7	312266	317184	4918	AACTAACAGAAGAGAAGATCATTGAAGCGGAGGACCCTTATGTGTTTAAAAAAAAGATAATCGGCATTTTCAAAAAGGTAGAGGAGGAAGAAAAACTTCTTGATGAGAAAACGAGAGAAATTCTAAGGGAGAAGATGCATCTTTTGGAGGAAACGAGCCTAGATTACAGAACCGCCTACAGGGCTGTTAAAAGCAGGCTTGCAGAGGAGATGAACATAAACATAAACAAGAGGGAGAGGATGAACCAAATAGCAGGGATGATAAAGGATTTAATATTAGAGGACGACACGGTGGAAATATACGAAGAACCTCATATTATAAGATCTCGGATAAGGGCTATCCTGATGGAAGCTCTCAGGGAAGAGGAAGAAATAGACAGGGAGGTAAGGGAAAGAATAAAATCTTACTCAAGGAGAATCGTGGAAGGGACGCCCGAGTGGAACCATCTCTACAAAAGAATATACGAAGACGCCCTAAAAAGAAGAGGGCTTCTTTAAGGCAGATAGGCTATCGGGTTCTGACGCATACCGTATCTTATCACCTCATAATGCAAGTGAGGACCAAAGGACCTTCCAGTATTACCCACTTTACCTATTATCTGTGCCTTTACCACCCTGTCTCCATAGCTAACGGACAGGCTTGAGAGGTGAGCGTACAGCGTGGCAAAACCATAACCGTGGTAGATTATGACAGTGTATCCATAACCCCTTATCCAGCCCGCATACACTACCCTACCATCTGCTGCCGCACTAACCGGTGTGCCATAGGGCGCAGATATGTCTACACCTGTATGAAACTCCCTACGCCCACCCACAACACGCCAACCGTAATCGGAGGTTATAACCCCCACCACGGGCCATATGTCTGGCTTGACCATGTCAACGGTTTTGATGTCTGCCAACTCCCTAAAGGCTTCTTCCACAGACATTTCTCTCCTTATAAGTTCATCTACCTTTTCCGTGTCCAGCTCCTTTAAAGGGTCAGAGTAAATTTCCGATGGTTCTATGCTTGCTTTCCCGGGACCACCCACACTCAACTTTGTTAAGGATGTATTTCCAACTATTGAAAAACTTAGTATAAGTAGAAAAATGACTTTTTTCATAACAATTCCCCCCTTGCAAAAAATATAACTAAAAGGAACCTATCAGTCAAGAGTGCCCTTTAGCATATCCTCCAGAATCTCGTTTATAGACCTGTAGATTTTATCACTCAATCGCAGTCTTTCTAATCTATCAGGGGAATTTTCTTGATCAATCCTTTCTATTATGCTTGCGAGGTTTGAATCTTCCACCTTTCTATATATTCCCATAGCCTTTGTCAAGCTCACTTTTAGCTTTATATCAAACACTTTGTGATTTTTTACATCCAAAAGCAGAAAACTTTGTAAAAGTTTAAAAATAGAGCTATCGTAATAGGCTACCCACCTTAGTATGGTCTGAAGGACCTTGGACATCCACAAAAACCGGTCGTAGCTCTTTAGGGCTAAATAAGAGTACAGCTTTGCAGACACAAGGTCGTTCAGGATAAGAAGGTCTCCCGATTGGTGATAATCTATGGTCAGCAAGTTAAAAGGTTCAAAAAAACCGCAGTAAGATTCTTCCGGATGGAAGCCCCTTCTTACGAAGATCTTGCACCTTCCGACAGTTCCATAAGCGTAAGCCAGCAGATCCCACTCTCCCACAAGAAATTTTTTTATAACTATTACCTTTGCCTTTGCGGACACAAAAGAATTATACAGCTTTTAATTGGGCAGGCTAAAAGCCAGCCTCAGATAGAAGGTTATTGAACTTTTATGTATGCATAGCCCTTTGCTTGGAGCTCACCTACCGCACCCACTCCAGAGGGGACTATCTTGCAAAAGTCATAAAGCTTATTAGGGTCAAGTTTTAACCTTGTTAAGGTTATTTCGCATATCAGCGGATCCACACCGTATAAGTTGAGGTCCCTTAAATCTTCACCTATTTTAGGATCAAGATTTTCTTTTTCCCAGGGGCTTCCTGTTAAGTCCTTCATAAAGAACTTTACACCTGGTCCGTGGGCAACGATCACTATTTTGATCTTAGTTGGGTCGTTATCGTATACAGATAGATGGTTCCTTATATTACGTAGCATGGTCGTAAACCTTTGAGGATCCCCAAAATCCGCATGATAAACTACATTTATTTGTGATTCTTTTTTTAGGTCCTTAAAACCTAATTTTGGCGGTGCTGAGTGGGCAAACTTACCCAGCAGAGGTATTGAACCAACAATACCCAAAAGTTTAAAAAAGCCCCGTCTGTCCATAGTAAAACCTCCTTTTTTAGATAAATTTTTACTGGATATTAATATACGATTTTGTCAAAGAATGTGTGCTAATTTTTACTTATATCTTCTTTATCTTCTACTTATATAAGTTTTTAAGAATATCTCAATGCATTTAAATTCCCTTTTCCCTTTCCAATTAACTAATACCGTGGTTGGCTAAAGTGCTTGGGTTGAATATAATAATAAGATGAACCACCAATTGCTTTACGCTTGGTCGGACTTTGTGGAAAAAGTACGCCAATTCTTCCGTTCAAAGGGATACTTGGAGGTTTCCACGCCCATTTTGCAAAGCTATCCCAATGCAGACCCTAATATAGAACCTCTCAAGGTAAACCTTACCTTAAAAGGTAAAACGAAAAGCTACTGGCTACATACCTCTCCAGAGCACGCTATGAAAAAACTATTGGCAATCTTTCCCAAAGATATGTTTCAGATAACAAAGGTGTTTAGAAACGGAGAGTATGGAAGATTGCATAGACCCGAATTCACCATGTTGGAGTTTTACAAGATTGGGACAGACTACAGAGGGCTCATAGAGGAATTGAAGGAACTTTTATCTCTCTTTGGCTTTGAAGACTTTCAGATTTTAGAACTGGAGAAAGCTTTTGAAGAATACTTGGGCATAGTTTTATCTGAGGAGGAAGAGATATTAAAAAACAATCTAATGGCTTATGGCTATGATTTTGACGACAAGGAAGACTGGGAGACCATCTTTTACAGGCTCTATGTGGAGTTGGAGAGGTGTTTAGCTTCAGAAAAGCCCACCTTTTTAATAAAGTTCCCTTCAAAGCTTGCCATGTATGGAGTAGTAAAGGATGGTTATGCGGAGAGGTTTGAGCTTTACATAAAGGGCATAGAAATAGCCAACGGCTGGACGGAGGAGAGGGACCCTCAAAAGATAAGGGAAAGGATGAAAGAATGGATCAAAGATAGAGACCTTCCCATAGATGAAGAGCTTTTGCAGGCTTTACCAAAGATTCCTGAGTTTTCTGGTTGTTCTGTGGGCTTAGAAAGGCTCTTTATGGCGGTTTATAATATAGAAAGTTTAGACCAAATCCCATGGATCTTTAAGGAGGAAGGCTTATGAATAGCTTGAAGGAAGCCCTTGGCATTTTGCTGAAAGAACAGTATGCACCATACCTTGTTTCCAGCTTGTACTTGCGCCTCGCCCCAGAGGATAGAACAGATAGGAAGTATCTAAGGGTTTTTAAAGACATGGTAAAAGCTCAAAGGGAAAGCTTGGAACTTAGAGGATTGGAGAGGGATGTGATTAATTCCGCAGTAGAAGATTTTGAAAGGATGGAGGAATTTTTAAGCAAGCCGGAAAACCTGGAGAACTGTGGAGGTATTGCCCTGTTTTCCTGCAGTGCAAAGAAGGTATTCGTCCCTATAAAGCTCCCCTATACTTACAGAAACAGGCTTATGGTAGCTCCAGATCCTTTGGTAAGGGAGATTGCTGCTATAGATGAAGAACTAGGGATTATTGGTGTGCTTTTGATTGACAGAAAGCACGTTAGGTTTTTCCTAATGGATTTTGAAGGCATTGGAGAGGTCTCTGACTTTTTGGAACCTTTGGCAACTAGGGCTCACAAGTTCCACAGCGGTGGAGCATCCCTAAAGGGTGCGCAGGGAACATTCAGGTACTCTATGCCCTCAAGGGCTTCTGCACCCAATATGGTCCAGCACGGAATTGGTGAGTACAGATTTCACATGAGGATCCAGGAGGAAAAACACAGGCTTTTCAAAATAGCCAACGATGCACTGATGGAGGCTTGGAAGGAGAACAAGTTTAACAAGCTTGTTATAGGTAGTATAAGAGAGGATATAAGAGAGATAGAAAACCATCTTCATCCTTATCTACTCAATATGTTGGTGGGCTATGTGAGGATTAATCCTTCGGAGGCGACGGAGCATACCGTAAGGAATGCGGTCCTGGAACTTTTGTGGCAAAAAGACAGAGAACAAGAGGAAGAGCTTGTAAATACACTATTGGACCTTGAGGGTAAAGGGCTTGCGGTAGAAGGCTTGTCTAAGGTCTTAGAACAGTTATACATGGGCAATGTGAAGACCCTTTTGGTAGCAGAGAACTTTGAAAGGTCTGGCTACTTCTGTCCGGTCTCTAATATTCCCGTATTGGAGCCTAAGTGCCCTACAGAAGAAGAACCCTATCCTGTTGAGGATATAGTGGATGAGGTTATAGAGCTTGCCTTGGAAGAGAGGGCGGTTGTGGAGGTAATAGTCAGGGAGGACCTTCAGAAGAAGTTTGATGGCGTGGGAGCCCTTCTGAGGTGGAAGATATAAACTTTCCTTTATGATAGAAAGGGTAATTGTGTTTATAGATGGTTCAAATGTCTTTCATGCCATAAAGTCTTTGAACATAAGGATAGATTACAGTAAGTTGGTGAACTTTTTGGTGAAAGACAGGAGGCTCATTAGGGCTTACTTTTACGGTGCGGTGCCCCAAGAGAAGGATCTAAAGAAAGATTCCCCCGAATGGGATAGCTTTCTCAGGCAGAAACGTTTTTTGGAGGAGTTAGCCTTGCAGGGCATAAAGGTAAAAACCGCTAACCTGAGAAGGCTTCCAAGTGGAGAGTTTATGGAAAAGGAGGTGGAT
NZ_CP007028.1_gap8	421859	424099	2240	GGGGCAAACCAAGCCTTCATATACATAAGGGGCGAGTATGCGGCAGGATACTACATACTGCGGGATGCAATAGAGGAAGCAAAGGCTAAGGGCTTTTTGGGAAAAAATATCCTTGGCTCTGGCTTTGACCTGGAGATCTATGTGGCCAGAGGAGCGGGTGCATACATATGCGGAGAGGAAAGCGCCCTAATAGAATCCTTGGAGGGCAAAAGGGGATTTCCAAGAATAAAACCTCCCTATCCAGTGCAGTATGGTCTCTTTGGAAGACCCACAGTGGTTAACAACGTGGAAACCCTCTGTAACATTCCCCTTATCGTGGGCACGGGTTGGGAAGAATACAGGTACATCGGACCTAGCGACTATCCGGGACCCAAGCTCTTTCCGGTCAGTGGCAAGGTAAAAAAGCCCGGGGTTTATGAGCTTCCCATGAATACCACCCTAAGGGAGGTTATATACAAGTACGCTGGTGGAACCTTAGGGAACAAAAAGGTAAAGGCAGTTTTTTCCGGTGCCCTAGACTGCTTTTCTGCGGAGGAGCTGGACACACCCATGGACTACTCTCCCTTTGGCTTTGGAGGGACAGGAACGGTCATAGTGTTAACAGAAGATGATGATATAGTTAAGGCATGCTTGGACATAGCAGAATTTTATGCCCATGAAAGTTGTGGGCAATGCACTCCATGCCGGGTAGGTACCCACGAACAGGCGTATCTGCTAAAAAAACTCATAGAGGGCAATGCTACGCCTGAGGATTGGGAGGGCTTTCAGTTTGTTAATAAATATATACAGCCTACATCCATATGCGGTTTGGGTGCGGTGGCAGGCAGGCTCATAAGACAGACCATGCAGAAGTTCCCGGAGGAGTGGGAGCGGTATGTGGGTAAAATTAAGGAGGTAGCCCATGGAACATCTTAAGAAGACAGACCCAGAGATTTACCAAGTGGTAATCAAAGAGTATGAGAGGCAGTTCTACCACCTTGAGATGATAGCCTCTGAGAACTTTACCTCCCTTGCAGTGATGTCCGCGCAAGGTTCTGTGCTTACCAACAAATATGCAGAAGGGTTGCCCGGCAAAAGATACTATGGCGGTTGTGAGTGGGTTGATGTGGCGGAAAAGTTAGCCATAGAGAGGGTAAAAGCCCTGTACGGTGCGGAGCATGCCAACGTACAACCTCATTCGGGCAGTCAAGCAAACATGGCGGTTTATATGGCGGTACTTCAACCGGGGGACACAATCCTTGGCATGGACTTGGCCCACGGTGGGCACCTAACCCATGGTGCAAAGGTCAACTTTTCGGGGAAGATTTACAGAGCTATCTATTATGGGCTAAATCCAGAGACGGAGCTTATAGACTACGATCAGATATACAGGCTTGCAAGAGAGCACAAGCCCAAGATGATTGTGGGTGGGGCTTCTGCCTATCCGAGGGTCATAGATTGGGCAAAGCTGAGGGAGATAGCGGACGAAGTGGGAGCCTACCTGATGGTGGATATGGCCCACTACTCAGGCTTGATAGCGGGAGGTGTTTATCCTAACCCTGTGCCCTATGCCCACTTTGTTACATCCACTACACACAAAACACTCAGAGGTCCCAGAGGTGGTTTTATCCTCTGCAAGGCAGAGTTTGCAAAAGATATTGATAAGGCTGTTTTCCCGGGCACACAGGGAGGACCGTTGATGCACGTGATCGCCGCAAAGGCGGTAGCTTTCAAAGAAGCTATGTCAGAAGAGTTCAAAGCATACGCAAGGCAAGTAGTACAGAACGCAAGGGCTTTAGCGGAAGAACTGCAGAAAGAGGGCTTTAAGGTGGTCTCTGGCGGAACAGATAGCCACATAGTACTTTTGGACCTGAGAAACACAGGGCTAACGGGTAAACAGGTGGAGGACGCCCTCGGAAGGGCTAACATCACCGTAAATAAAAACGCGGTACCCTTTGACCCTCTGCCACCCACAAAGACCAGCGGTATAAGGCTTGGCACACCAGCCCTTACCACAAGAGGCATGAAAGAGGATGAAATGAGGCTCATAGCCAGGCTTATTTCTCAGGTTATTAGAAACATAGAGGACGACCGTACCATAGAAAAGGTAAAAGAGCAGGTTATTGAACTTTGCGAGCAATTTCCGCTGTACCCAGAGCTAAGGGGGACTCTCAATGAGCTTCTTGATAGCAAAACAGCCCATTTTTGACAAAGAAGGTAGGATAGTTGCATACGAGGTGTATCTTCGTAAGAAAGGTAAT
NZ_CP007028.1_gap9	595562	598288	2726	AATGAAGGCAACGGCAAGAACGATAAGATAGTAATAAAAGGGGTAAGAATGGATGATAGTTTGCCCTGTGTATCTCATTATGTTTTCATAAATGAAAAACTTTTGAAAGTATGCCCAGCCAAAGTTGTAGAGCATGAGATAATACCAGCTTCCTCCCACCAACAAGAAAAGGAGGACGCCCTTTAATTGAAGAAATGCAAGATCCCTTCTGAGGATCAAGTAAGCACCCAGAGGTAAAAACACGCCCACCGGTCCTTTGGTTAAAAAGGCAAAGGCTAAAAAGAGCCATCCCAAGGTGGTTCTGTTAGTTAAGAAAAAGTAAAGACCTCCCAGCATAAAAAAGTTAAGAAGCATCTCGGGGACAAAAGCCCTTGACTCCACCCACACGTGGGGCAAGGTAGCAAGCACCAAAAAGGATTTAAGGGCAGTTTCCCTGTCAAAGAAAAGCTTTGCCATAAGATATGTGAAAATTCCCACACCAAAGGCAGAAAGCCCGGAGACCAACCTAAGGGAGAACTCGTTCAATCCAAAGAGCTTGGCAAAGACCAATCCAAAATAGTAAAGCATGGGTGGTTTTTCAAAACGCACCTGACAGTTGTAGTAGGGCACTAAAAAGTCTTTGGAGCTTAGCATGTTTAAAACCGCTGAGGCGTTCCTACCCTCATCCAAAGAGGTCAGCCCCAAAAACCAATTGCCAAAGATGAAAAAGAAGAGACCAAACAAAAACCACATAACCCCTTATGCAAGGCGTAGGGCAATCAAGAAGGAGAAGATGCCTATGAGGGCTCCCGCAAAAACATCAAGGGGAAAGTGTGCTCCCACATATACTCTACCGTAGGCTATCAGTAAAGCATAGACCAAAAAGACAAAACCCAACTTTGGATTGAGCCAGAGGAAAAAACTAGCCAAGGCAAAGGCCATTGCACTATCCCCCGAGGGGAAGGAGCTCAGATGCAAAGGCTCCAAAAGATAAACATCCTCTAAAAGGGTTGCGGGTCTTGGTTGTTTGGTGAGTTTCTTTAAAACCTCCACCAAAACGGTGGATATGCCCATGGTGTATAAAAACACCTTAAGGCTTGCCTTTTGAAAAATAAACAAACCGATAAAAATCGGGATTAAAACCCAACCTTTGCCCAAAAGGTAGAATTTGGAAAAGAACGCATCCAAAAGGGGATGCCTGTTGTGGTTTATGAGATAAAAAAGCTCTCTGTTAAGATAAAAGTTCTCAAAGACAACCCTAAACACCTTCCCTCTCCAGGGCAACCTTTCCAGTCCTTGCCATCTCCTTTATGCCAAAGGGTCTGACCAATTCCACAAAGGCGTTTATCTTGTCTTCATCTCCCGTGATCTCCACCGTGTAGGTATCTGGAGAGACGTCCACGATCTTGCCCCTAAAGATCTCTGTAAGTCTGAGAACCTCATCCCTTGCCCTTGGAGTGGCGGTATATACCTTTATCAGGGCAAGCTCCCTCTCCACATGGGGGCTATCTGTTAGGTCTCTAACCTTTATGGTATCTATGAGCTTTCTTAACTGTTTTACCACCTGCTCTATTACCACATCGTCCCCTATTACCTCTATGGTCATCAAAGAAAAGCCTTTCTCGTGAGTCTCTCCCACCGACAATCCCTCTATGTTGTATCCCTTGCCCGCTATGAGGGTTGCGATCCGGGCGAGAACTCCAAGCTCGTTGCGCACGAGCACAGATATTATGTGCCTCCTTGTCTCTCCCTTCCTTACTTCCCTCAGCAGCGGTGCCTTTATGGCAGACAGCTCGTTCTTTCCACCCACCGTATCACTCATTTTTCCACCTCTGTAGTAAATTTTAAACGCTTTTTAAGTATCTCCATAGCCCTGTAGTTGGTTAAGTCCAGTTGCAAGGGTGTTATGGACACGTAGCCATGATAAACAGCCCAATAGTCAGTACCCTCCTCCAAGTGCCATCCAAACTCAGTGGCGGTGATCCAGTAAAGGGGCTTTTTGCCCGGATCAAGGAGTTTTAAAACCTTTTCTTTGTATGCCCTCCTGCCCTGTTTGGTGATCAAAAAGCCCTTTATTTGGTCTTGGGGCAAATCGGGAATATTCACGTTCAAGTATGTGTCTTCGGGCATACCCTTTTCTAAAACCTCTATAACTACCTTTTTTGCCACCTTTGCAATCTCTGAAAAATTCTTACTCTCTCCTCCAAAGGCGGAGAAGGCTATGGAGGGTATTCCGAGAATTCGGCCTTCCATGGCACCGGAGACAGTGCCCGAGTAAGTTATGTCCTCGCCCAAGTTGGGACCCTCGTTTATACCCGAGCATACCATGTCTGGCTTTTTACCATCAAGCAAAACGTAGTAGCCCAAATGTACGCAATCTGCGGGAGTTCCACCTATAACCGTCCAAAAGTCCTCATCTACCCTCCTGATCCTCAAGGGCATGCTGAAGGTCAAAGAGTGTCCCACACCGCTGAGATTTCTATCAGGGGCAATCGTTATAACCCTTCCAAGACTCTTTAGCTCTTCCCTCAGGGCCCTTATACCCTCAGAAAAGTATCCATCGTCGTTAGTTAGCAGAAATACTGGCATGTCTACCCTTGAGGCTGATCCTTAGCATGGAGATAACAAAGATAACGCCACCGATGACTGCAAACACAGTACCCACCATCATCAAACCCAGGGACAAAAGCACAAAGGGGTCGTCGGTAAAGCCTGTGCCGTAGGTCTTCCTTGGGGCACCCTTAAAG
NZ_CP007028.1_gap10	599461	602494	3033	CACCCTTTGGCTCCTTTGAAGAAACAAACTTCAAGGTTAGGGCTAAATAGATCAAGCTCAGCAGTGATGCGGACAAAAAGTATATTTCACCAGCCATACCGTAAAAGTAGGGCAGAAGGCTTACGGGCAAAAGCCCAGCGGTGTACAGAAGGGTTCTAACCTTTGTATGCTCTATACCTCTTACAACAGGCATGGTGGGAATGCCAGCCACTTTGTAATCTTGGGCGTACTTTATAGCCAAAACCCAAAAGTGAGGAGGTTGCCATATGAACATGATCAGAAAGAGGATGAGAGGTTCAAGGCTCAGGCTTCCAGTAACCGCAGTATAGCCTATAACCGGGGGCATTGCACCGGCAACACCCCCTATTTCCGTAGCCAAGGGGCTCTTTCTTTTAAGGCTAAGGGTATATACGGAAATATAAAAAAAAGACGCCAAGGCGGTAAAGAAGGTGGCTATAGGGTTTGTAAAGAAGAACATGATCAGGAAGGAGAGGGAAAGTAGAGATACTCCAAACCAAAAGGCGTGGGATGGTGCCACACTGCCAAGGGGAAGAGGTCTTGATTTAGTGCGTTCCATCAGGGCGTCAATGTCCCTATCAAAGTATTGGTTCAGAACTGCAGAGCCCGCAGAAGCCAAACCGGTGCCAAGCAAAGTCCAAAAAACAAGCTCCACCGGAGGCATACCCCTCTGGGCAAAATACATACCCGTTAGGGTAGTTATTAGCACCAAAAGAACAATACCCGGCTTCGTAAGGAGTATGTAATCCTTCAGAGAAGCCATTTTAACTAAAGTCTTTACTACCATGCGGTCCTCAGGTTAGGTTGTGGTTCTCCTAACTTTAGGTGATAAGTTAGCCAAGCAAAGAGGAAAAAGCCGGAGGCGGTGTCAAGAAAAACCAAAGGAAGGAAGAAACCGCTCAAAACCATGGAGATGGCAAAGACAAACTGAAGGTTTATCAAAGCAAAGGTGTAGAGGGCAAGCCGACTCCTTGAAACTACCAAGTAAAGCAGGAAAGCTAACCAGGTTAAGTAAGCAAGGTTCCTATGGATAAATTGCAGGGCAATTTGCCAGTTGGAAAGGTCTGGGATCAGGGCACCTGCACATGTGGGCCACTCGTGACCGCAAGCCTCGCCAGAGCCCGTGTATCTGACCAACACACCCGTGATCATTGTTGCAAGGGCAAAGGTATAAGCCCAAAGGGGAATACCATCACCAGTAGGCTTGTCTTTTTGAATGAACCTGTAAGTTAGCACAAGGGAGCCTAGGATGAGCATAGACTCGTATATGTGAAAGGATTCCAAGAGCATATGGCTAACGTATTTAAGGTTGGGAGCTTCCGATTTTATCATCTTCATGCCTGTAAGGGCAGCGCTTACAGTAAAAAGCAAAGCCAAAGCGGAGGTAAGCCTGGGCAATCCTTTGAAGTGCTTCCAAACATAGATAAAGGTCAAGAGCACAAAGAGCCCCGCAATGCTACTGACCGTTCTGTGTCCCATTTCCAACTTGGCTGAGGTCTCTTTTGGTAGGCTAAAATCTCCGTAGCAAAGGGGCCAACTGGGACACGCCAAACCCGAGTCCGTGCTCCTTACCACCCCTCCCCAAATCATTACTATATAGGTGAAAAGTATGGCAAAGCCTAAGATTATTCGCATAGCTTTAAAATTATACCTCAAAGTATTCTGCGCCACAGTCCTCTGTTTCCCAAACCACCACCTTTTGGACGGTCGGGTATCTTTCTTTAACCCTTTCGTAGAGCCATTTTGCCACATTCTCCGCACTGGGAGAAAAGTCAAACACCTCGTTCAACAGTTTGTAATCTGGAAGGATTTCATCAAGAAACTTAGAGATCTCCACAAAGTCCTCACCCATACCGCCCTCGTCCAAGGTGTGCACCTTTAAAAAGACCTCCACCGCCCAGGTGTGACCGTGCAGAGGTTCTGGCTTTCCGTGGTAGTTGGTCAAAAAGTGTGCTGCGTTAAACTTCTTTTTAACTCTCAACAGCCAAGGCATGCCTTTTATTTTATATCCTAAACAAAGCTGAGTAAAATCATAATGAAAATCCGCTCTTAAAATACATTTAACTTAAATTTTTTAGGAAAGGAGGTGCAATATGGCACAAGTTTCTACAGAGAAGGTTATATACAACAGGGCAGGCCAAAGGGTGGTTTCACCCGACTATTTACTTTTTGAAGCCCCGAGGACCAAGCATTTTATGACCGGTTCCGAAGCGGTCAAAGAGGCAGTCAAAAGGTCCTCTGTGGATGCATCCGTTTCTTATCCCATAACTCCCCAGTCTGAGGCGGCGCACCTGATTGGTGAACTGTGGGTAGAGGGCTATGTGGGCGTCTATTTCAGGGGTGAGTCCGAGTTTGGCGTTATGTCTGAAATAGCAGGATGTGCTATGGCTGGGGCAAGGTGTATAACCACTACCTCCGGACCAGGGACCCTCAGGGCAATGGAAAACTTCCCCATGTGGGCTGGTACCAGGATTCCCGTTCAGTTGGTTTTAATGGCAAGAGGTATAAACTCTCCACTTTCTATACAGCCTGACAACTTGGAGGTTTCTTTCCTTCTGGATACAGGATGCATGATCTGGTATGCAGAAAACGCCCAAGACCTCTTTGATATGATCATAGCGGGCTTTGTGGTGGCAGAAAAGCCCGAAGTCCATGTTCCAGTCATCACCGTAGTAGACGGCTTTTTTGTTTCCCACACCAGAGAGGCTGTGATGTTGCCTCCAGATGATATAGCTTTGCCTCCCTACGATCCATACAAGGCTCCAATGCCGGTCATAGACGCAGAAGTTCCTCCCGGAAGGTTCCTCAGGGACCCCTTTGTTATGAAATCCAACTATATCTCTTACGCCACGCATGCCAGCTGGCAGTTTGAAGTAAGGGCTGCCATAGAAAGGTCCAGACCTTACGCAAAGCACTACCTCAGAGGTCTCATAGAGGAGTTTGGAGATCCAGAGGCGGAAATTGTGTTTGTTGCCTGTGGAACCGCCGCAGCCCAGTCCAAGGAGGCGGTAAGGC
NZ_CP007028.1_gap11	612469	615144	2675	CAACTATGAAGATGCGATAAGAGATCTAACAAGTGCCTTTAACTTGGATAGAAACGGTTATTATGGAGAACTTGCTTATCTTTGGCTCGGAAGGGCATACGCTCTTCTTGCCTACTCAAAGGCTGACAAAAGGGGTCTTCTCTCCGCCATCGCCTTTTTGAACATGTATCCCTATTACTTTAAAAGGGCAAACTATATAGACCTTCAAAGAGAATTTCTGGGAGACGTATATCTACTCTTGGAAGAGTACTCCAAAGCCAAGGAGCTCTACCTTAGTCTATACAAAAACAGCTATCAGAAAAAGTATTTGGTGAAGTTTTTGTATGCGGATGCCTTGGAAGGAGGTACAAAGAACATAGAGCTTTTAGAGAACCTTAGGGTATCGGAGGAGGGTGTGGACCCCTCCATGCTTTCCCTCATAAGGGGGTATTACTTTTACAACCAGGGTAGGTTTAAAGAAGCCCTCTCTGAGCTGACACATGCAAGGGCTCAGAATAGAGACTTGGAAGAGGACCCTCATTTCTTATACAGGTTAGCCTTGTCTTATTACATGCTCCAAGACTGGAGAAACAGTCTCTTTTACTTTGAGCTACTGCGAAGGAAGGACTTATACAGGAGGTACGCAGACAAAAGTAGCTATTTCTTGCTTTTTATAAACCTGGACAACAAAAACTACTCGGAGGCTATGGAAAGATTGCAAGAGCTTATGAAAGATAGGGACCCACTAACTGACCTGACCCTAAGGCTTGCACTATCACAGCTCTGGTTTTATGAAGATTTCATTGATAAATACAAACTCAGTTGGTACAAACAGTTACTCTTGAAGATAGCCTGGATTGATTACGCCAAAAGCTACGGATTACCCTCCCTGCTGGGTGTCTATTATTACTCTTTAAAGGACAAAAAGCTTATGTACGTGGAGCTTTTGAAAAGGGCAAAGGTCTCAAGGGAGGGCTATTTAACGATGGAGGACATAAAAATAAACATGGAACCTTTTTATAAAAGCTTGGAGGCTCAATACAAGAGGCTAGACCCTTATGAAGATAAGGATTTTGAGTTTATTGAAGCCCTATACAAGGTCAATGAAAGGAACTTCCTAACCCTCTTTGACGCTTCCGCACTGCTGAGGGGTTCCCTTTACAGGGGCAAGCTGGATTATGTGGGGCTTTTGGATGTGGTTGGAGAACCCACAAAGAGCTTTCTAAGGGCGCAGGAATTTTTGCCAACAGGCAAGGAAAAGGAAGGAGTGGAGCTCTTGAGTAAGGTCAAGGACCAGCTTACTGGAGAGGATCACACTGAGGCACTCTTTCTCCTGGGCTTTTTCTCCGATAACAAAAAACTTCTTGAGACAGCTTTGCAAACCAAAGACTTAGAAAAATCCCAAAGGCTGAAGGGATACATACCCACCGCCCTTCTTGAGCTTGGAGATTATTACTACTCGCTGGGAAACTTCACAAAGGCTAAGGAATTTTACAAAGGCTATTTGGAGAGATCGGATGAAGAGGATAATCTATATTGGCTTACCGCCCTTAGGCTGGCAAGGCTGAGCGGTTTAACCAAGGATGAGGAAACACTCCAGTGGGTTGTCAAAAAAGCTGAAAAAACAGATAATATATTAGGTAGGCTTATAGTTAGCCTCTGGGGAGGATGATATGGATATTTTTAAGGGCATTGACAAGGTCCTGCCACACCTGAACTTTGCATGGAAAAGGCATAAGGTGATCCTGAGCAACATAGCCAACGCAGACACACCCAACTACAGGGCAAAGGACGTGGTCATGGAGGAAGAAAGCGTAGGCAAGCTAAAAATCACGAGGGAAAAGCATATAAGCCCCAAAAGTGGAGAGGTGTTTAGGGTAATAGAGATTCAAAGAAGGCTCGTGGGTAATGATTTTAACAATGTTAGTCTTGAGGAGGAGATGGCAAAGCTCACCCAAAACAGGATCGCTTACGAAGCATACATGAGGATGATAAGGGGTAGTGTGGATAAGCTAAACAACATAATAAAGGAGGGTAGGCAATGAACGATCTTTTCCGGGCCTTTAGCATATCCGCCAGCGGTATGTATGCCCAGAGGGTGAGGATGAACGTGATAGCTTCCAACTTGGCAAACTACGAATCTTACAGGGCAAACGGGGAACCCTTCAGAAAGCTGGAGGTTGTTTTTCAAGCCCTTGAGGATCCAAAAAATCTATCCAAGGGAGAGGTGCCCGTAAGGGTGGTGGAAATCCGAGAATCCAACGAGCCCTTTAGATTGGTCTACGACCCTACAAACCCAAGGGCAAACCAGGAAGGCTATGTACAAAAGCCCAACGTGGAGCTTGTAAAGGAAATGGTGGACATGATAACCGCAGTTAGAAGTTATGAGGCAAACCTAAACGCCTTTTCAGCCACCAAGGAAATAGCCCAGAGGACCTTAGAGCTATGGAGATAAGGCCTATAAATCTCACGATCAGCCCAGAGAGAGAAAAGATAAAGGCAAGCTCCTCCAGCTTTCTGGACGAACTTTCCAAGTTCATTCACTGGGTAAATCAGGAACAGCAGAAGGCTGAAGCTATAAAGGATGCGGTGCTAAAAGGTGCGGACATACCCCTGCATCAAATGGTGGTAGAGTTTGAAAAGGCGAGCATTGCCCTGAACCTGCTCATCCAGGTCAGGAACAAGCTGGTGGAAGC
NZ_CP007028.1_gap12	623297	624265	968	ACGGGTTCGGGAACTATTATGGTTTTTTTGTTGGCGGTTTGACTTAAGATCTCGTATAGCTCCGTCTTAACTATTGCATCCCCTGTCAAGTCAAAAAGGACATCTATGGCATCCTCAAGGGACCTCAGCATATCTCTGGCATCCCTGTAGTAGGCTATTCCCCTCTCCTTTGCTTTTTTAACACTTTCTAGCTCTTCCCTTGGCTCCGCTACCGCTATAACCTTTACCGCGTCCGTGCTAACGCTGAGGAGGGCATCAAGAAATTGACTTCCCACCCTACCTAAGCCTGCAATGGCTACGTTTATACGGCGCATGAAAACCTCCCTTTGTAAAATGGCCCAGGGCGGACTCGAACCGCCGACACCCCGGTTTTCAGCCGGGTGCTCTACCAACTGAGCTACCGGGCCTCTTTGGTATTAAAATTATACCACATGATAAGAATTGAAACGCCTTTAACAGATGAAACCGTAGAACGCCTAAGGGCGGGGGACAGGGTACTCATAAGCGGTGTTATATACACTGCCCGGGATGCGGCACACAAGAGAATGGTAGAAGCACTGCAGAGGGGAGAGCCACCACCCTTTGACCTAAAGGGACAGATCATATACTATGTGGGACCTACTCCACCAAAGCCCGGACAGGTAATAGGCTCTGCTGGACCCACCACCGCCATAAGGATGGACAAGTACGTGGAACCTCTTCTAAAACTGGGTCTAAAGGGCATGATAGGTAAAGGTTATAGAAGTCCTCAGGTGAAGGAGCTTTTGGTTAAATATAAGGCGGTTTATTTTGCGGCGGTGGGCGGAGTGGCAGTCCTTTTGGCAAAGGCAATAAAATCCTCCGAGGTAATAGCCTATGAGGACCTTGGCACGGAAGCCATAAGAAGGCTTATTGTGGAAGATTTCCCTGTAATAGTTGCCAACGACATCTACGGCGGGGATATCTTTGAAGAGGGCAGAAGGAGGTTC
NZ_CP007028.1_gap13	634157	635893	1736	CGTAATGGTAAGAATGGCTAACGTCTATTATCACACCATCCACATCAAAGATTAACCCTTTCCTCATCCTTTATTATGTTCTCCTGTGTTTTGGACAGCAAGAACTTGGCAAAGCTATTTGCTAAGAAGGTCATCTTACTATCATCTGGGAATACTATGTAATACCACCTTCTTGCGTTAAAACCTCTTATTTTTACCTCTACTATGTTGCCCTCCTGCAGGTCCTTTTCCAAAAGACCTTTCGACAGGAAGCTACAGCCATAGCCACATTTCACCATTCTGAGTATGGACCTTCCGCAGTTGATCTCAATCTTTATGTTTAATTTCTCAAAGATCACCCCCAACCTCTCCAGCTCCTCCTTAACCACCTTTCTGGTGCCAGAACTAACCTCTCTGAAGATAAGTTCTGTGGAATATAGGTCTTCTGGTTCTATTTCTCCCTCTTTGGCAAAAGGGTGGGAGGGATGGGTAAAGAAGATGATCTCGTCATAGAACCAACGAATGGCACGGAATTTTTCTGAGGGCTCCCTCTCTATTATTCCAATGTTTAGAATGCCAGAAGATAGCCCTTCCTCTATTTGTTGGGAGTTTTCCACAAAAGCCCTTATGTAAATGCCAGGCATTTGGGAATGGAACTCCACCAAAAGTTCTGGGACTTTATACTCGCTTAGAGTGGTGCTTATACCCACAAAGAGGCTGTCTTTGAAATCCTTTTTGATCTTTGCCATTTCCTCTAGCAGGTTCTCGTAGTCCTTTAGCAGTGCCTTGGCAAGTTCGTAAATCCGCTTTCCCTCTTCCGTTAGCACTATACGCCCACCCTGCCTCTGAAAGAGCTTGGCACCCACCATCTTTTCAAGGGACTTTATCTGTTGGGTAACTGCGGGTTGGGTGATGTAGAGCATCTCGGATGCCTTTGAGAAGCTCCCAAGGTCCGCAACCGCCACAAAGGTCTTCAATTTTGTTATATCAATCATCAGATTAAAATATAATACAAAATTATAACGAGTTTAAGTAGAACTTATTTTGAGGAATTCTTTTACAGACTTTTCTATGCTGTCTCTAAGATCTCTCAACGCCCTCAGGTCTGTTAGGTCCTTCACCTCTTCCAAAACCCAGTGTTCCCTTCTTTTGTGGTTTATATGGTAAGGGCACTGATCCCTTGCCTCGGAAGATAAGGTAATGAGTATGTCTAGCTTTTCGTAGGGCACAAGGGAACAATCAAGGGGTTCAAGGTCTTGGGTGGGGTAGCCTTTTTCAGAGAGTACATCAAGGACTGCCTGGGGAACTTCCCTTTCTGTCTGCACACCCGCAGAATAGACTTCTATGTTCAAAAGGGCAATGCGCGAAAGTTTTGTAAATATGGACTTTGCCATTGCAGCCCTTACATTACCTCTGGTAGATACAAAACACAGTTTCATGAGGCTGTTCTAAAAATATAAACCCATTGACACAAAAAGGTATTTCCTCTAAAATCTAACCCTGATGTTTGTTAGCCTTCAATTCAAGCTTGAACTGAAAAGAGAAGACAAAGAAAAACTCATCCAGCTAATGCGTAAGCAATCCTCCGCTATCCGAGTAGCATACAATATGCTAAAGGAGCTGGGAAAAGAGAAAACAAAAAATCCACATTCTCAAATCTACCAAAGACTGAGACAGTTATTCCCTGACCTACCTACCAAATACATTGACTCAGCAATATACAAAGCTAAACAATATCCCACAGACAAATCAGTTGT
NZ_CP007028.1_gap14	636903	638243	1340	AAAGCGAGCTAAGGAGTGTAGAGAATGCAAAAAAGCTATTAACTAATTTCCTACAAAGCCTTCAGAGCGAACCAAGTTCTTGTGAGGGAGCCAATGGAAGGAATCCCGAACAGGGAAGAGGTGATAAAGCCTCTTCTGTAGCTTGGCAAGTTCTGAAGGTAGCCCTCCTCTTCCCTATCCTTGGAAGGGTCTTACCAAGAGACCTTTCTCCTCTGAAGCCCATACTGGTGGAAGGGGCGTGGGATAGGGTGAGGAGTAGGTTAGTCCCTCTAGAGGTTGGAGGGGCGTCCCGATGAGGGATTTTTTAGAACAGCCTCTAGGCTTGGTTATAATTTTACCATTATGTTAGAACTTTTGACCGAGAGGTTTAGCAAAGCTTTTGCTAAAGTAGAAAACAGCCGAAAGCTAACGGAAAAGCAAATAAACGACTTCTTAAGGGAGATAAGGTCTGCCCTTTTGGAAAGTGATGCGGATTACGATGTGGTAAAGGATTTTCTGAAGAGGGTGAGGGAAAAGGCACTACAGGAGGACATTACCAAGAAGGTCTCACCTTTTGAACACCTGCTTTTGACCGTTTATGAGGAGTTGGTTAAGGTTTTAGGAGAGACGGTATCCGAGTTAAAAAAGGGGACCGTTCTCTTTGTGGGTCTTCAGGGAACGGGAAAGACAACCACTATAGGAAAGCTGGCAAAATATCTAAAAGACAAGGGCTTTAAGGTGGCGGTATCCTCCACCGATGTTAGGCGTCCCGCTGCCATGCTCCAGCTCCAGAGGTTGGCGGAAAAGGTAGGAGTTCCATACTATCACTTTGATGAAGGACTCTCTGCCCTTGAGATAGCCAAAAGGTCTCAGGCAAAGGCAAAGGAAGATGGTGTGGATTACCTTCTTTTGGACACTGCGGGAAGGTTACATATAGATGAGGAGCTAATGGAAGAGCTCAGTAGCATAAAATCTGCAGTGTCTCCTTCGGAAGTGCTTTACGTAGCGGACGCTATGCAAGGACAAGAAGCCCTTAGAATTGCCAAGGTTTTCCACGAAAAGATTGGACTTACGGGTGCGGTGCTAACCAAGATGGACGGAGACGCAAGGGGAGGTGTTGCCTTCTCTTTGAGGTCTGCCCTTGGCATACCCATAAAGTTCGTGGGTGTGGGAGAAAAGTTAGAGGACATAGAACCCTTCTATCCGGACAGAATAGCTCAAAGGATTATGGGGCTTGGAGATATCCAAAGCCTTATAGAAAAGGCACAGCAGGCTATACCGGAGGATGAGGCGCAGGTGCTTGCCACCAAAGTTCTAACGGGCAGTTTTGACTTGGAGGACCTTTTAAAACAGCTTGAGTT
NZ_CP007028.1_gap15	652451	657260	4809	AGCCTGCACCTCCTTAAAACTTTCAACTCCACACGGTACATTAGGAACTGTTAGAGGTGGCTAAACTTGAGATTTGGGCGGTTACTTTCAACTCCACACGGTACATTAGGAACCCCAAACGACCGCATTAACTAAGATAAGACATATCAATAATTTTGTCAAGAGGGCACCCCTTTCAAATGAAGTTAATTTTCCGAAATCCGAGATCATGCAAAGTTGAGTCTGCTATTATCAAATTTAAATCCCTGTCTCTCAATGTTTTCCGCCACTGACCATAATTACGGCATTACGGCATTACATAATTACGGCTTTACGGTTTTACGGCGAGAGTATATAATTAAAACCTATGGGATGCAAAAAGAAGAAAGTGGTAAAAACCACAATTTTGCTACCTTCCGATGTGCATCAAGCCCTGCGCATAGAAGCCATAACCAAGAAAATGTCCATGGGAGAACTCATCGTCCAAAAGCTAAGGGAGTTGGAAGAATACAAGCAAAAATACGGTGGAGTTGTAAAGGCAGAGGACTATCTCACTTAGGAAGACTACACCCTCCTTATTCAGTTGCCAAGTTGACAAGGGTCCTCGTGGGACCCTCAAGCTCCCTTACGTAGGCTATTTAGAATTATAACACAAAGTAGCAGAGGGAAGGAGTCTGTGTTATAATTTAAATGCCATGCCAAAGCTTTCTCCGAGGGATATAAGAAGAAAGATCCAAGGTATAAAGAACACCAGAAGGATCACCAACGCTATGAAGGTGGTCTCCGCCGCCAAGCTGAGAAAGGCTCAGGAGGCAATATACGCCTCAAGACCTTACTCAGAAAGGCTTTACGAGGTGCTTGCTCATCTTTCTGCCCATGTGGATATGAGCGCGCATCCCCTTTTGGAGGTTAGAGAGGAAAGAAAGGTTGATATCATCCTTATAACTGCAGATAAAGGTTTGGCTGGTGCCTTCAACTCAAACGCAATAAAGAAAGCAGAAGAGCTTATCGCAGAAAAAAATCAGAATGGCATAAAGGTATCCCTCATACTCATAGGACGCAAGGGTGCTCAATACTTCCAAAAGAGAAGCTGGAAGGTTCTAAAGGCTTACGAGGAGGTCTTTAGAAAGGAAATTAACTTTGAAGTGGTCAAAGAGGTGGGCGAGTTAGTCCGGCAAAGATACCAAAACAAGGAGACAGACGGAGTGTATCTAATAAACAATGAAATGATCACAAGGGCAAGCTACAAACCTGTAGTTAGAAGGTTCTTGCCCTTTGAAAGGATAGAGCAAAAAGAGCAAGACTATAGTTCCTACGAGTTTGAGGTAGATGCGGAAACCTTCATAAACAAGCTCATTGACCTTTATTTGAACTATCAACTGTACAGGGCTATGCTTGAGTCCAACGCAGCGGAGCACTTTGCCCGGATGGTGGCTATGGATAATGCTACCCGCAACGCGGACGAACTTATAAGGACATGGACCTTGATCTTCAACAAGGTAAGGCAAGAGTCCATAACCTACGAGCTTATAGATATAGTCAACGCAGTGGAAGCTATGAAGTGAAATGTTTGGCTTTTTCAAAAAGTCAGAAGAGGAGAAGTTAGCGGAAAAGGGAGATAAATCTGCCATTCTTAAGCTCATAGAAAAGGGTAAAAAGGACAAGGCTATAGAAATCTTAGAAAGATTCAAAGAAGACCCTGAACTAAGACCCATTCTCTTTAAGCTTTACATGGAGGAGGGCAAATATTACTATGCCTACCAACTGGTGGAATACTACGACAAAAACTTAGCCACCGCCAAAGAAAGGGCACTTCTCTACGAAAAGGTGGGAGAGATCCAAAAGGCGGTGGAGGAGTACTCCAAGGTGGGAGACTATGAGAGCCTCTATAGGGCTGGGATGCTTTTGAAGGAGGCACAGCCCAAAGAAAGCCTTGAGTTTTTTGAGAGGGCTTTTAAGCTGGCAAACGAAATCCAAAAGAAGGAGTTGGAAGAACACATTTTGGAGATAAAGAAAAAGCTCGGTCTTGTAGAGGTAAAAAAAGAGGGCTTTTTGGAGAGGCTCCGCAAAGGTTTAAGAAAAACGAGGGAACTCCTTGAGTTTGGCGTTATCTTTGCAGGGAGAAAGGTGGATGAGGAGCTGTTGGAAGAGCTTGAAGAGAGGCTCATAAGAGCAGACATTGGAGTAAAGACTGCGGAGCAACTGGTGGAGGAGCTAAGAAAGGAAGCTATAAGAAAGAACATAAAAACTTGGGAAGAACTATTACCTGTGCTGAGGGAGAAGTTGCTGAGCTACATAGGAAACTGTAAAGGAGAGTTAAAGGAAGGCAAGGTTTATCTCTTTTTGGGAGTCAACGGCTCTGGAAAAACCACCACCATAGGAAAGCTCGCCTATAGGTTCAAAAGTCAAGGGAAAAGGGTTCTGCTATGTGCTGGAGATACCTTCAGGTCTGCAGCAATAGAGCAGTTGCAGGTTTGGGCTCAGAGGAGCGGAGCGGATATAGTCTATAAGGAGGAGGGTGCAGACCCTGCGTCGGTGGTCTATCAGGCTTTGGAAAAGGCTCAGAAAGAAAACTACGATGTGGTTTTAATAGATACCGCCGGAAGGCTACACACAAAGGAGCCACTCATCAGGGAACTAAGGAAAATAAAGCAGGTCATTCAGAAGTTCTACCCAGAGGAGCTCACCGAAACCCTTTTGGTGTTAGATGCCACAATAGGACAGAACTCTCTTTCACAGGCTAAGGTCTTTAAGGAGGCGGTGGACGTTAGCGGTATAGTGCTTACCAAGTTGGATGGTTCTGCAAAGGGTGGTGCGGTGGTGCCCATATGCAGTGAGTTAAAAATTCCCATAAAGCTTTTGGGGGTAGGTGAGGGTTTGGAAGATTTGCAGGAGTTTGATCCAAAAACCTTTGTGGAGGAGCTGACAAGTTGATGATGGAGGACTTTTTCAAATTGCCGGAGGTTCCGTCGGAGGAGTTTGAACTGCCCGCCATGCCCCTGAGGGACCTGGTGGTCTTTCCCGCCATGGTTGTTCCTCTCTTTGTGGGCAGGGACTTTTCCGTCAGAGCCATAGAGAGCGCCCTCAAAAGGGACAGGCTAATCCTCTTGGTCTTGCAAAAGGAAAAGAGCGTGGAGGAGCCAGACAAAGAAGGCATTTACTCTATGGGCGTTATAGCCCACATCATCCGGGCGACACCTTTGGAGGAAGGAAAGCTAAAAATACTCGTGCAGGGCATAAAGAGGGCGCATATAAAGGATTACTACAAAAAGGAGGACCACTACTGGGCGTTGGTTAAAGCTATAGATGAAAAGGAGATAAACCCAGAGGAACTTAGCAGGGAAGACAGGGCGTACATTTCCGCTGTAAAGGAGCTTTTGGATAGGGCAGTAGCCCTAGGAAAGCAAGTGATACCGGACCTCTTGATGGTAATAAGGGAGTTGGAGGACCCCGGAAAGCTGGCGGACCTCGTAGCGTCCATCTCGGACATAAAGTCCCACGAAGCCCAGAAGGTCTTAGAAAGCTTGGATCCTATCGAAAGGCTAAAGCTGGTACATCAGTATCTATCCAACGAAGTGGGTATGCTGGAAGTCCAGAGCAGGATCAGAAACACTGCAAGGGAAAGAATAGAGAAGGAGCAGAGGGAGTACTTCCTCAGGCAACAGCTAAAAGCTATCCAAGAGGAGCTCGGAGAGCTTGATGAGAAAAAGGAAGAAATAGAGAATTACAGAAAGAAGTTAGCCCAGTTGAAGCTTTCAAAAGAGGTGCGGGAGGAAATAGAAAAGCAGATAAAGAGGCTGGAGAGAATGCATCCAGAATCTGCGGAGGCTGGAGTGATAAGAACTTGGCTTGATTGGGTCTTGGAATTGCCCTGGAACAAAAAAACCAAAGACAGATACAACTTAGAAAGGGTCCAACAGATCTTGGACAGGGATCACTACAACTTAGAGAAGGTAAAGGAGCGGATCATAGAGTATTTGGCGGTTAAGAAGCTTACAAAAGGTAAAAGCACCGCGGTGCAGATCCTCTGCTTTGTGGGTCCTCCGGGCGTGGGCAAAACATCCCTTGGAAAATCCATAGCGGAAGCCTTGGGTAAAAAGTTTGTGAGAATATCCTTAGGTGGTATAAGGGATGAGGCGGAGATCAGAGGACATAGAAGAACCTACGTGGGTGCCCTACCGGGTCGGATTATTCAGGCGATAAAGCAAGCGGGCACCAAAAACCCTCTGATCGTTCTGGATGAGGTGGATAAGATATCCATATCCTTCCAAGGGGACCCTGCCGCAGCGCTGTTGGAGGTATTGGACCCAGAACAAAACAAGACCTTTACAGACCTGTACATAGGCTTGCCCTTTGACCTGTCGGAGGTGTTCTTTATCTGCACCGCCAACAGGGTGGATACAATTCCAAGACCTCTCCTTGATAGGATGGAGGTGATCTACCTCTCTGGTTATTCGGAGGAAGAGAAGGTATTTATAGCCAAAAATCACCTGTTGCCCAAGCTTTTGCCCTTGCATGGCTTTAAAGAGGGAGAGGTTATATTCCAAGAAGAAGCCCTTTTGGAGGTTATAAGGGGATACACCCGCGAATCTGGAGTTAGAAACCTCCAAAGGCAGTTGGGAACCATCCTAAGAAAGCTTGCCCTCAGAAAGCTAAGGGGCGAAAAGCCACCCTTTGAGGTAAAAGCCCAAGATGTTAAAGGGTTCTTGGGAGTGCCCAAGAGATTTACAGATAAGGAAGATACACCAATGGTTGGCTTGGCAATAGGTCTCGCTTGGACGGAGGTGGGCGGTGAGATCATGCTAATAGAGGCAACTCGGTTCAAAGGCA
NZ_CP007028.1_gap16	662377	665945	3568	CGTCTTTTGGCATCCTCATACTCTGCCTTTGCCCTTTCTAAGGTCTCCTTTGCCTCCTTCAGTTCCCTCTCGGAGCTTTCCAGACCTTCCGTTAGTTTGGAGAAAAAGCCTTCAAAGGCTTGGCTTATGTGCTTTCTACCAAAGTAATAGACTATCGCCAAAAAGAGCAGTATGTTGAGCCCCTTCCAAACTAGCTCTATGGTGTGGTGCCCTTCTGCCATTACGCCGCCTCCTCTTCTATTTTTCTCACGATTTCTTCCGCAATGTCCTTTACCCTTTCTTGAAGTTTTTGTTTTTCTTCTTCAAGTTTTTTCCTTATTTCCTCCACTGCCCTTTCTGTCTCCTCCTGGGCTTCCTTTTCCACCTGTGCAATTCTTTCCGCCTTGATCTTTTCCACTTCCCTCTTGGCAGAGTTTAATATCTCTTTGGAGGTCAAGCTTGCCTTTTCCAACTCCTCCTTTGCCAGCTCTAAGAACTTACTGGCTTCCTCTTGGAGTTTCTTTGCCTCTTCGTAGTTCTTTGCGGTAATACTCTCCCTCTCCTCTATTACCGCACTGTAGGGCTTTACAAGGATCTGCCCTATTATGAACAGGAAGATTAGAAAAAGGAAAGCTTGCACGAACAATGTTACGTTCGGATAAAGGGCTTGCTGTATTTCCATCTTAGCCTCCTGAAGAGGTATTTTAACACATACCTTCTTCTATCTCTTGTATGAGTTCCAGCCTCTTTTGATGCCTTCCGCCCTCAAACTCCTCACTGAGCCAAGCGGACACTATGGAAAGGGCTAACTCTTCTCCCAATACTCGGTCTCCAAGGCAGAGTACGTTAGCGTTGTTGTGCCTTCTGCTCATGCGTGCCATGTATTCGTTCAGACACAACGCTGCCCGAATACCCTTAAACTTGTTGGCAACTATACACATTCCTATACCGCTTCCGCAGATGAGGATGCCAAAATCCGCCTCCTTTCTTTGGATTGCCCTTGCCACCTCTTTGGCAAAGATGGGATAATGGGTTGATTCAGTGGAATTAGTTCCAAAGTCTAAAACCTCATAGCCCTTGGATAGCAAAAACTCTTTTATTTTTTCCTTTAGTCTGAAGCCCGCGTGGTCTGAACCTATGGCTATTTTCATTGAGACAGCACCTCGTTGAGGATTTTATTTACCAGTTGAGGGTTTGCCTTTCCTTTTGTAGCCTTCATCACCTGTCCTACAAAAAAGCCTATAAGCTTTGTTTCTCCTGCTTTGAGCCTTTCGTACTCCTTTGGATGGGCGTTTAAGACCTCTTGTACTATTGCCCTAAGAGAACTTTCATCGGTTATTTGCTTGAGACCCTTCTTTTCCACGATCGTATCTGGGTCCTCTCCAGTTTCAAACATCTGGGCAAGCACTTCTTTGGCAAGCTTGGAAGAGAGCACACCCTCCTTTATGAGTTTTATTAATTTGGAAAACTTTTCTGGGTCTACGGGCGAGTCCTCAAGGTTCAGCCCACGGTCTCTTAGTTGTCCCAAAAAGTCGTTCAAGAGCCAGTTGGATGTTAGCTTTGGGTCTTCAGGGTAAAAGCTGAGGGCTTTCTCAAAGAAGTCTCCAAGCTCTTTTAAGTCCGTTAGAACGTTTGCCTCATAGGAAGAAAGGGCATAGTCCCTCATAAACCTTTCATACCTTTGTTTGGGAAGTTCGGGCATGGTTGCCCTGATCTCTTCTATCCACTCCTCCTTTATTACCAAGGGTAGTAGGTCCGGGTCCGGGAAGTATCTGTAGTCCTCCGCCTCTTCTTTGGTTCTCATGGAATAGGTGAGCCCGGTGGATGGGTCAAAGGTGCGGGTTTCCTGCACTATTTTTCCACCAGTAGAGAGAATTTTTACCTGCCTTTCTATCTCACTCTCTATTGCCTTTTGAACAAACCTAAAGGAATTGACGTTCTTTATTTCTACCTTTGTGCCAAGCTGATTTGTGCCTTTAGGTCTTAGGGAAAGGTTTATGTCGCACCTTAGCTGTCCCTTTTCCATATCTGCCTTAGAGACGCCCGCATACCGGAGTATGTTCCTGAGAGCCTCCAAAAATTCCCTTGCAAGCTCTGGAGAGTCTATGTCTGGCTCAGTAACGATCTCTATAAGTGGTGTGCCAGCCCTGTTTAGGTCTATGTAAGTTTTGTTGCCCTCGTGAATGCTTTTGCCCGCATCCTCTTCTAGGTGCAGTCTCCTTATGCGAATTTTCCTACCGTTGACCTCCACCCATCCATCTGTAGCCAAGGGCTGTTCATACTGGGATATTTGATATCCCTTTGGCAGGTCCGGATAAAAGTAGTTCTTCCGGGCAAAAACAGAAAAGGTATGCACCTTGCAATTGAGGGCTAAAGCTGCCCTTATGGCGTACTCAACAGCCCTTTTATTGACCACGGGAAGACTACCTGGCAGACCGAGGCATACAGGACACACAAGGCTGTTGGGCTCTGCCCCAAACTCCACAGGGCACGAGCAGAACATTTTGGTTTTTGTGTCCAATTGTACGTGGATCTCAAGCCCTATAACCGGTTCAAATTCCATGATTTTTTATTTTAACGAATGGCTCAGAAGGAGCCCTAGTGGATGTTCAGCATAACCGGACAATACTCACTCTGTCTCCCTTTGCTTTTTACACTGCTCAAGTTCAAGCCTCAAGGAGAGCATCTCCCTCTCTTTTTCCAAAAGTAGCTTTTGGATTTCTATGTCCTTCTGTGCCAGTTCAAGCTCCTTTTCTTTGAGCTTTCCTTCCAATTTGTGGATCTCTTTTTCCTTCTCCTTGAGCTCCTTCCTTAGCTCTTCCACCAAAGCCTTTTCCTTTTCGCGATCTTCTAAAGCCCTCTTTAGAAGTTCTATTTCCTTCTCCTTTACCGCCAGAAGGGTGTATAGACTGGAAAGCTCATGAAAGAGTTCTTCCCTTTGTCTGTCCTTTTGCATAAGCATCTCCAAGTAGGTGGCTATCAGGCTCCCTTCAAAGCCCGCCTTTAGCTTTTCCAAGTTGGAAGAAAGATTGGCCTCTTGCTTGGCTCTTTCTTCCTCCTTCTGGGTTAAAAACTCGTACTCCTCTCTGTTTAAAAGGACATACCATATGCCGTCCTCCCCCTTTTCGCCAGGAAGCACCCCCGCCCTTATGCGGTTCTTGACGGTGTTCAGAGATACCCCTATCAAATTTGCATATTCACTTGCCTTTATTTTGACAGTATCCATAATACCCTCCTTTTAAAGGTTTGATACTTGATATAAATGATAGCAAATTGTTGTCAGAAATGTCAAGGGATGGGATGGGAGGAGTGTTAATATAATGGCAATTATATTAACAACAAAGTCCTAAAAACTGCCTTAAAGACAGGCAACCAAGCTACCCACCAAGGGAAGCAAGAAGTTATCATCAACCCTTTTGGAAAAAAGTTCTACCAATGTGCCCGCAAGGGCTACCAAGAAAGCCTTTGGACCAAGGAAGGGAAAAAGAACCAAGCTTGTGCTAACAAAGAAAGCCAAAGCACCCTCTAGGCTCTTGTTTCCTATCTTCGTTTTTCCAAAGTGGTAGCCCACCATACCCGCAAAGCCGTC
NZ_CP007028.1_gap17	672094	673808	1714	ACCGTGTTACAACGCCTCCACCAACACCGCCTTTCTCTCAAGACAGTTTATTATTTCCTCCACCCTATCCCTCTCCACAAAATACACCCTTCCGCCCAGTGGGTTATTGGGCTCTTTTAGAGGTTTAATCCTCACATAGCCTAAGTTCTTGCTTGCCACGTACCCGGTGGTGTAATCGGGATCATCGCTCCAGCAGAGCTCTGCAAGAACTCCACAGTACACATTCTTTGTGGCAAGGGCTAAGGCGTCCAGGAGCCTATGTAAATACTGTCTTTTTATTCCCCTCTTCAAAAGGGCAAGCTTTATTGCTTTTCTGTCCTTCCAATCAACCCTAACGGTGCGTATTCCTCTCTCTTGGTCTGGCTCAAGTCTTTCCCCAGTTTTGACATCCATAAGAACTGCACCCCTCATGTTCCCACCCTTTGGGTTTGGACCCTTTTCCAAAAGTTCTATCGCCTTTTTGGCTAAATCTTTTCTTATACCCGCCTCCTCCAACTTCTTCACCGCAAAGTCCCGAGCAGACTGAACGCTGTCAAAGTCGTAGCTGTATATAGTCAGAGCCTTGGGAATCAGGTATATTTCCTCCAGCTTTTCTAGAGTTATAACCATCTTGTCATAATCTTTTGGTCTTTTTAGTAGTTCCTTTACCACCCTCTCCACCTGCCCTTCATCCACTATCCTCTCTGCTCCGGATACATGGAGACCCTTTAGTTCCGCCCGCATACGCACGCTGATCATCTCTTTAAACTTGTGAGCCAAGCTATCAAATACCCAAGCAAAAAGCCCAAAAAGAGCGCCCCAATCACCAGAAATCCAAGTGGCATGGGAGGTATGCGGTAGTATTCTCCGTTAAACTCTGGAGTTAGCACCAACTCTACCGGAGTTTTGTTTAAGTAGACCACATAGCCAAAGGCCAAAAGCAAAAGTAAAAGTAAAGAAAAGTATATAAACATCTTCATAGTCCTTCCTCCCTCTTCGCAACCTCTAATTGCAAAAGCACCTGCTCTTTTGCAGTACCACCGTAGCTCTTCCTTCTGTCTGCTACCTTTTCGGGCTTTAGCAGGCTCAGGGCATCCTCCTCAAAAAGCTCCGAGAAAGCTTTTAGCTCTTCCAAGCTAACTTCTTCCAAGCTTTTCCCTTTTTCCAAAAGCTGTGCCACCAGGCTACCCACCACCTTGTGGGCTTGTCTAAAGGGCATACCTTTTAAAACTAAATAGTTTGCCAGGTCTGTAGCCAAGGCAAAGTTTCCCGCTGAAGAGTAAGTCTTTTCTGAGTTTATACTCAGCCCTTCCAATAGGGGCTTTAGGACCACTAGAATGCTTTTAAGGGTGTCCAAGCTGTCAAAGAGGGGCTCCTTGTCTTCTTGGAGGTCCCTGTTGTAGGCGTAAGGCAGTCCCTTCAAGACGGTCAAAAGGGCAAAAAGGTTGCCATAGAGCCTTCCTGTCTTTCCTCTTATGAGTTCCAATACATCGGGGTTCTTCTTCTGAGGCATTATGGAACTTCCTGTGCAGAACCTATCGGGTAGAGAAACAAAACCGAACTCCTCAGAGGACCAAAGGATCAGGTCCTCAGACAGCCTTGAAAGATGCATACCGCAAACCGCACAGGCATACAAAACCTCAAGGATAAAGTCTCTCTCCGCCACCGCATAAAGGGAGTTTCTTGTTAGGGACCTAAAGCCAAGCTCTCGGGCTAAAAAGAACCGGTCTATGGG
NZ_CP007028.1_gap18	676151	677688	1537	ACGGGCGTCAAGGAGCTTATCCCTCAAGAGTTTAAGGTAGAGAGCATTCAGACACTAAAGGATATTCCGGGACTTTGTGAGGTGGTTATAAAAGTGGGAGCCCAACCTCTTGTTTTTTACACAGACAAAGAAATGAAGTATGTGCTGGCTGGCAATCTCATAAGCCTTGCGGACAAGAAGAACATCACCAGAGAAAGACAGCAGGAGTTTATGAAGGTTAGCCAAGACCTTCTGAAGGAACTTGAAAAGCACAAGGACTTCGCCTTTGGTAAAGTAGGTTCCCAAAAGTATATTTATCTATGGACAGACCCAGACTGTCCCTTCTGCAAAAGGTCTGAGCCCATAGTGGAAAAATGGGCTAATGAAAAGGGAGTAGAGGTTCGTGTAATCCTTTTCCCGCTACCCATACATCCGCAGGCTTTTGGAAAGTCTGTTGCCTTGGTATGCGACAAAAAGGGATGGGAAGAGTATAAAAGTGGGTATAACTCCAACAATCAGTGCGAGGATGGAAAGAAAAAGATTGAAAGCAACTTACAGCTTGCAGAAAAATATGGCATAAGTGGGACGCCCACTTTCATAGGCATGAACGGCAGAATCCATGCGGGTGTGCCCACAGAACAGGATCTGGATAGGCTTATACAATGAAGAGGGAAACTTGGCAAACTAAGATAGGGCTTATTTTTGCTGCGGCGGGCAACGCGATAGGATTAGGAAACCTTCTAAGATTCCCATCCAAGGTAGCCCTATACGGTGGTGGGGCCTTTATGGTTCCATACTTTGTTGCCCTCTTCCTCCTGGGCATTCCCTTAATGCTCATAGAGTGGGTTATAGGTAGGTATGCGGGGGCAAAGGGGCATGGCTCTATGACTGGCATAATAGGTTCCTTCTTCAACCACTCCTACGGCTCAAGGGTTATCGGCTCCATCGGAGTTTCCATTCCCGTCCTCATAGTTTGCTATTACATATACATAGAATCTTGGACCCTGGGCTTTGCCTTTCTGTCTCTGCTTGGAAAGATGCCTCAGCCTGTGCAAAGTCCTGACTACAAAGCCGCCATGGAACCATATGTTTCCTTTTTCAAGGACTACACAGAACCCTCTTTAACTGCCCTTGTTTTCTTGGTGATTACCTTAGCCATCAACTGGGTAATCCTTCAGAGGGGTATAGTTAAGGGCATAGAGCTAACCGCCAAGTACGGTCTTCCATTGCTAATTTTAATGGGAATCTTCTTGGGCTTTGTATCTTTGAGTATGAACGGATGGAAGGGTGTGGAGGGCTTGCTTTTCATATACACCCCCGATTTTTCAAAGCTTTCGGACCCTCAGGTTTGGCTTGAGGCTTCGGGTCAAATATTCTTTACTCTATCCTTGGGTATGGGTGCTATCGCAACTTATGCCAGCTATGTCAAGAGGAACGAGGATGCGGTAAAGGCTGGTTTGTGGACTGCCGGTCTTAATGAGTTTGTGGAGGTGGTTATCGGTGCCAGCATAGCCATTCCTGCCGCCTTTGCGGTCTTTGGTGCTTTGGCGGTTCCAGA
NZ_CP007028.1_gap19	683712	687508	3796	CGGGAAAGGTCCTTGAAAACCTTAGGGGCAAGATGGAGGGAAAGGTGCTGGTTAGCATTGTGGCAGGGCTATCTCTAAAAAAGATTGAGGAGCTTTTGGGAAGGGAAAAGGTCATAAGATGCATGCCCAACTTGGCTGTGGCGGTGGGTAAAGGCGCTATCGCCTATGTGTGCAACGATCTTGTGGAAGAAAGGGATGAAGAGAATTTTAAGGAGAGCTTTTCTAAGTGTGGAAGTTTGCACAAAGTGGAAGAGGGCTTGATGGATGCCTTTACCGCCTTGGCGGGTTCTGGTCCTGCCTTTGTGATGAAGTTTATATCTGCCCTCTGCTTGGCGGGAGTCAGGGAGGGCTTTAGCTACCAACAGGCAATGGACATAGTCTTGGACACCATAGAGGGAACGGTCCTTATGCTTAGGACCTTTGGAGGGCATCCGGAGGAGTGGATCAGCAAGGTTGCCTCTCCCTCCGGCACCACCATAGAGGGCATAAAGGTTTTGGAAGAGAGGTCTTTCTCAGGGATCTTAATGGAATGCATAAGGGAAACTACCAACAGATGCAAACAGCTTGGCTGAGCTTTAGGTTCAAGAATGCCTTGGTAGGGCTAAAACTCTACGACCCAAAGGATGACATATTCACACTTAGGCAAATTCATTCGGACAGGGTGGTCCTCTTGGATGAAGAAATACAAGAGGAGGGAGATGCTATTATAACCACGAGAAAGAATTTCCCTATAGGTGTGAGGACCGCGGACTGTGTGCCCTTGGCTTTTTTAGGAGAGGGGGCGGTGGGTGTGGTGCATGCGGGTTGGAGGGGCATAAAGGCGGGCATTGTGGAGAGATTTTTAGAAAGGTTTTTACCCATTGAGAGGGAACCCTTTGTTTTTGTGGGACCTTCCGCTAAGGCTTGCTGTTATGAAGTAGGTGAGGAATTCAAAGAGTACTTTAAAATGCTACACTACAAGAATGGAAAGTTTTACATGGACACCCAACTGGAGGTCCTAAAAAGGCTAAAGGACTACGGACTAAAAAGGCTCTTTGTTTACGGCGAATGCACCATATGTAATGAAAAGTTTCCCTCCCACCGGAGGGACAAAACCTCTCAAAGAATGATCCTCTTTGCCCTGCTGACATGATAGGAGACTTTATGCTCTGGCTTGAGGAGACAGGTTCAACCCAGAACATTCTTAAAGAGTTTTCTTTTCCCTACGGCACTGTGGTGGTGGCAAACAGGCAATGGGAAGGCAGGGGAAGGTTTGGAAGAAAGTGGCACTCGGAAGAGGGTGGCCTTTATTTTAGCTTTCTTTTAAGGGCGGAGGATTTTAAAGAGCTTTTGCCACTGCCCTTGGTGGTAGGCTACGGCGTCCTCTTGCAAATTGAAAGAAAGGGATTTAAACCCATGCTAAAGTGGGTCAATGATGTGTATGTATCGGGTAAAAAGGTCTGCGGTGTGCTCGTGGAAAGGTCTAAAGAAAAGGTAGTGGTAGGCGTGGGCATAAACCTAAATCAGAAGGAATTTCCATCGGACCTTATGGCAACATCCCTTTACATGCTTAGGAATGAAGTCTTTGAAAAAAAAGACTTTCTCCTTGAGACCTTGGAAATCCTTGACAGAGTTCTGGAGGAATTCAAGAACTTTGGGTTTGAAAAATTTAGACCTGCCATAAGGCAAAGGCTTATGTTTTTGGGGGAGGAGGTGGTTGTCTATTCTCAAGAGCCCGTAGTGGGCATCTTTGAGGACATAGACCAAGAGGGTAGCCTACTGCTACGAACTGCCCAAGGGCTTTTAAAGTTCAACGCAGGGAAGGTTAGCCTTAGAGGTTCAAAGATATTTTAGTATGGTTAGGTCCTTTTGGTCTGCCACCATACGCATTAGTGCTTCGTAGGCTATTCTATACCTTGTGTATTCCATGATGCTTTCCGAGAGGTCTGCATCTTCAATGTCAGACTTTTGCTTTTTGAGAACCACATCAAGCTTTTCCTGGGTAGGTTGTAAGTTTTTGACCGTTGAAAGCACGGAGCCCACCTCAGACCTCCTTAGGGAGATCAGCTCGCTCGCCCTGCTTAGGGAAAAGAGGTCAAAGTCATCTGGGTAAAACCCTCCCTGCAGTTTTTCCTTAACCCTTTTGACTACCTGAAGTATGTTTGGGTTTTCAAAGCCCGTAGATAGATCTCCGGTTATGCTGATAAACTGAACGTTTGCGGACAGTTCCACTGAGGCTAAGGCAATGGAGTAGCTACCGTCAGGATTTTGAGATACAAAGGCATGCAGTTTGTCTCCGAAATTGTCGTTTATATACTGTGCCAACTCCTGAATGTTTTGGGGCTCTCCTGCACCGCCGTAGCTTATGGTGTAGGTGTTTGAACCAACCTCCAAGGTTATAGCACCGGGGGTAGTAAAGCCTGTGGTGGGAGAGGCATAAGAGACCTTTGATATATAAAGATTGCTTCCAAAAACCTTATCTCCTCTGAGAAAGACCGAGACCTTTGAGTTCTCCGACACCCATACCTCAAAGTCTTGGGAACTGGCGGTGTAATTCAAAGTGTTTGGATCAAAGGGTTTTACCGTCAGAGAAGAACCACCAAATAGATAGTTCTGTCCAAGTTTGTCGTTTGCCATGTCCAAAAGATGTCCTAAGCCCTTATCAAACTGCTCAGCCAATGCGGAGAGTTGATCTGGCGTAAGGGTCGCACTGTTTTTTGCCCTAACGGTAGTTGCATAAAGCCCTTTTAGTGTGTCCCACACCTTCCCAAGGGTAAAGTCTACGTAGGTGAGGTTTGTGTCTGCAAAGAGCCTGTTTTGGGAGTGTTGGGAAAGCTGGGCTATCTCTTTCTTTAGTTCAATCACGTTGTATGTGGCAGTAGGCTCGTCAGAAAGGGCTCTTACCCGCCTTCCCGTGGAAATATCCAGAGTTTTTTCCGATAGCTTCTTTTTTATCCTTGCATCCTGCTCAATAAACAACGAGAAAAGCAAATTATCTGGCACCTTCATAGCCCTTCACCTCAAATCATGTTTAAAGTTGTCTGGATAAGCTCATCTATGGCACTAACTACCTTTGCCAAAGCTTGATAGCTCTTTTGAAGTTGAAAAACCTCCATAAACTCCTTATCAATGGAAACACCTTGCATTTCCTGGAGTTTAGCGTTCAGAGAATTTAGTACAGCGTTCTCAATATCATACTGCTTTTTATAACTGTTAAGGTTCCCTGCAATGGCATTTGTTAGACCCTGATAGATGTTTTTAGAATTATCCCACCATAGCCTTGAAAATTGGTTAAACTCGTCCGCCTTTGAATAATCCAGGTTAGAAAGTTGAGTGGAAATATTGCCAGCTACCTTTATGTCCGCAATGCCCGTACCTTCAAAGACCCTTCCACCCACCATACCGTTGCTGTCCGTTATAGTGTAAGAGGGACTGGAGGATGTGATCTGAAGGGTGTAAGTGCCATCTGGATTGGCAACCACTACCGCACTAAAGCCAACTCCAGCAGAATTTATGGCGTTTGCCAGGTCTGTAAGGGTGTCTGTTGACGTGTAGTTGATGATGACGGAAGAGGAACCGTTCAGTGTGATGGTCCCAGAGATGCCTAATGGGTCTGTAGGGTTGGCATAGTTTAAAGTCCAATAGTATTCTGTTATACCAGTTTTTGCCGGTAGCTTTAACTCGCTTATGAGCTTTTTTGCCAGTTGGTCAAGCCTGTTTTGGTAGTCTTGCAGGTCTGCGATGGCGTCCAAACCACCCTTTAGCCTACCGCCGGATATTTCACCCGATATATCCGCTTGGGAACCGTCCTTAGATT
NZ_CP007028.1_gap20	709643	714440	4797	ACAGCCCGCTATGGAGTGGAAAAGCAGTTCAGGAGGTCTTATGCCTCTACCCTTACCGCCCACATAACCCGCAGCGTCTATGGGCACTTCTCTTCCGGCTTCACCAACGCCTACAAAGTGAAAATCTTCCTTTTGGACCACCCTAACCTTCATACAAACCTCCTGAAAGGGAAATTTTTAGGGACTAAATATTATACACCATACAAAACAAAAATAACTGCTTTTTGTCATAAACTTTTTATCTATACCCCGGGTGAGAAAAAAGGTTTGTATCTAATCAAAAACTGTTTTATAATAAATAGCAGGGTTTTGAGGGTTCCTTTGGGACCCTTGTTCAACTTGGCAACTGAATATGGGTTAGTGTGCCCTATCGGTGGGCTGTTTCAATTTTGAGAGGGTTAAGGTTTTGATTTTCAGGCTTTTTGGGAGATGTTTTAAGCCCACTGGGTGGGATGGAGACTTGATTGTTTTTCTGATGCTTTGTTCAAAGTCAAACTCTTTCGTTCCAAGCCCACCGTGTGGGATGGCGACGCTTGTTCAAAGTCAAACTCCTTGCTCATGGCAACAGTTCCGAGCCCACTGTGTGGGATGGTGACCTCCGCTTTGCTTTCCACACCGCCTTGATGGGTTCCTTTGAGACTATGTTCTAAACCCACCGCGTGGGATTCTTTTTCCCCCTTCTAACTCTTTGAAAACAAAAAGAAAGGGCTTTAACATTTTGAAAACATGGAAGACCGGTGGATAAAGGAGTGCCTTAGGCAGGCAAAGAGGGCTTTTGATGCTGGAGAGGTGCCGGTGGGCGCGGTGGTGGTCAAGGACGGAAAAGTTATTGCAAAAGCCCATAACAAGGTGGAGAGTTTGCGGGACCCTACTGCCCATGCGGAGCTTTTGGCAATAAAAAAAGCCCTAAAAAAGCTAAACCAAAAATACCTTCATGGTTGCACCATGTATGTTTCTTTGGAACCATGTGCTATGTGTGCTTACGCATTGGTTTTAGTCCGTATAGATAAGGTGGTATTTTTGGCACAGGATGAAAGGGCGGGGGCGGTTATGAGCCAGTATAACCTTTTGGATGATCTTAGCTTTAATCATAGGGTAAAGTGGGTTTATAAGCCTATGGAACCAGCCAAGCTTATGTTAAAAGAGTTCTTCAAAAGATTAAGATGAAGGTCCTTGGTATTGATCTGGCGGGTTCGGAAAGGAGAAACTCGGGAGTGGCATACTTAGAGGATGGCAAGCTAACCTGCTTTGTGTTGCACAAGGATGAGGAGATCTTGGAGCTTTCTAAGGGTTTTTCCCATATCTTCATAGATGCTCCTTTGTCTTTGCCAAAGGGGAGGGCTAACATACAGGAAAGGGGTCCCCACTTTAGGGCTTGCGACCTGATGCTGAGGGAAAGGGGCATAAAGTTCTTTCCGGTTTCTTTGGGTCCTATGCGTCTTTTAACGGAGAGGGGCATAAGGCTAAAAACTGTGATGGAAGGGTGGGGAAAGGTGGTCTATGAGGTTTTTCCGGGGGCTTTTTATGATGTTATGGGGGTGGGGCGGAAGGATAAGAAGGCTATATTGGAGCTATACAGGAGGCTTGGCTTTAATTTGGAAGACAGAAAATACACTAAGGATGAGATAGACGCTATAGCCTGTTTGCTTACGGGTATTATGTTTTTGGAGGGAAGGGCTGAGCTTTTGGAGGGAGAAGACGGTGCTATAATCATCCCAAAGGCTACTTGAGCTGGAGGATAGCTTTACCTATCTGTGTGGATGCGTAGGCATACTTTAGGGCGTATTCATAGTCTCCTACCCTTCTGTTTTCCACTGCCACCACATGAAAGAGCTGTTGGTATGAATACAAAAGGGGATGCTTTTTTTTGTATTTGGAAGTCTTTCGTAGCATAAGCAGTGAGTTTTTTGTGCGTTTGTCTGCCACCCTTCTTACCAGCTTGGAGTTAGCCTTAGTTTTATCTTGGTAGATAGTTTCCAATGCGTTGAGCAGGTAATCTAAAGCTAAAGGGTAGCTTTCGTTTTCTTGGCAGTTTTTCAACAGTCCCTCCGCATACTGAACTAACTCATCGTATATGTTGTAAGTCTTTACCTTTTCCAGCCTGATGCCAAGCTCTTGGCAGTTGAGGGCAAAGCTAAGTTTTACCAATATTAGAAAAATCAAAAAAAGCATGATAAAAATTTTATGTGCAAAGCATGAACTACAAGGAGTATATCTACAGGTTGGGAAAGGAGGATTTTTACCAGTTCCTGCTGGACTATGGCAAGGGTGTGCGCCTTTTGGAGGAGGGGAAGGAGGATGTAGTCTTTGCGGTCTATGAGCCTTTGCAAGGGTTTGAGCCAGTTGAAGTTAGGGAAATAAAAGTCATAACACCAAAGGAGGGTTTTAAGCCCATAGCTTTGGGTGAGTTCGTGGTTCTACCCCCTTGGCTAAAGCCCATTTTTATAAACCCCGGCAGTGCCTTTGGCACAGGACTTCATCCCACCACCCAAATGTGTCTGAAGGCTATTGAGGACTTCTTTGTGGAGGGCTGGTCTGCCATTGATGTGGGTTGTGGGTCGGGCATACTTTCTATAGCCCTAAAGCTAAAGGGTGCAAACAAGGTGGTTGCCATAGACATAGACCCGCAGGCTGTTCAAGAGTGCAAAGCCAACGCAAAGCTAAACCATGTGGAGTTGGAGGTTTATCAGGAACAGCCCAAAGATATAAACCAGACCTTTGACTTTATGGTGGCAAACTTGGAAACCCACATATTTTTTGAGGTAATGGAGGACTTGGTAAAACTCTTTGAAAAAAGGGCAGTGCTTTCCGGCATATACAAAAAGGATGAGCTGAGGGAAATGCTCAAGCTTTTAAGGAACTATCCCCTAAAGGTCAAAAGGCGCATCTCAAAGAAGGGTTGGTTTTGCTTGATAGTGGATAAGATATAATAAAGGCATGGTTGAGGAGATCATAAAACGCCTTGAAAAGGTCTTTCCGGACAAGCTGGAGCTTAACTTTAGCACGCCCTTTGAGTTGGTGGTGGCGGTGGTTCTTTCCGCCCAAGAGAGGGACGCCAAAGTAAACGAAGTTACGAAAGAGCTTTTTAAAAAGTTCAACACGCCCCAGCAGTTTGCCAACGCAAGCTTGGAGGAAATAGAAAAAGAAATAAGCAGTATAAGTTTTTACAGAAAGAAGGCAGAGTATATAAAGAAGATAAGTCAAATATTGGTGGAAAAGTACGAGGGTGAGGTACCAAAGAGCATAGAAGAGTTAGAAAAGCTTCCCGGCATAGGCAGAAAGTCCGCCAACATGATCCTTTACAATGCCTTTGGTATAAACGAGGGAATAGCGGTGGATCGGCATGTTTTGAGGGTTAGCCAAAGGCTTGGTTTAACCAAACAGCAAAAACCAGAAAAGGCAGAACAGGAGCTTATGAAACTGGTGCCAAAGGATCAGTGGGGCAAGTTCTCAAACCTACTCATTCTGCTCGGAAGATACATATGCACCGCCCAAAAGCCCAAGCACTCCGAATGCCCTCTTTACGACCTTTGCCCCTCTAGAGAGCTATAACCTTGCCCGGGTTGAAGAGATTTTTCGGGTCAAAGACCTTTTTTATGCCCCTTAGTATTTCCATGCCCACGGGACCGAACTGATACTCCAAAAACTTCCTCTTTGTTAAACCCACACCATGCTCGCCCGTAATAGAACCGTTGTACCTTAAGGTGATCTCAAAGATCTCATCCACCGCCCTTTCTGCCCTCTCTTCCTCTTCCTTGTTTTTCTTATCATAGAGCAGATTTACATGGAGATTACCGTCTCCAATGTGTCCAAAGATCGCCATCAAAAGCCCATACTTTTCTGCCACCTTCCGATAATCCCTTATGGCTTCCGACAGATACACCCTTGGCACCACCACGTCCTCGTTGATTTTGCCAGTCCTCAGGTTTCCCAAGGCGGGTCCCAAGCTCTTTCTGGCAGTCCAAAGCTTTTCTGCGGACTCCTCGTCCTCTGCCACCTTTACCTCCAAGCCCATAGCCCTTGCCAGCTCTTCCACCGCCTTTATGTCCTCTTTGACGCTCTGAGGAGAGCCATCCACCTCCACCAAAAGCAACGCAGAAACATCCTTTGGCAAACCAACGGGTTTAAACTCCTCCACCGCCCTTATGGCATCCCTGTCCATAAACTCCAAGGCAGAGGGGAATATACCCGAGGTCATGATCCTTGTTACCACCCTTCCCACATCCTCCAAGTTCTTAAAAAGGATCAGTGCGGTTCCCCTTGCCTTCGGCTTTGGTATGAGCTTTAGCACTGCGGAGGTTATAAGCCCAAGGGTTCCCTCCGACCCCACAAAAAGCTTGGTTATATCGTACCCCGCCACATCCTTAATAACTGGGTTGCCCGTTTTTATAACCTCTCCCTCTTTTATAACTGCGGTCAAGCCCAAGACATACTCCCGCGTAACGCCGTACTTTAGACACCTTGGACCCCCTGCGTTCTCCGCAATGTTGCCTCCTATGGTGGAATACTTAAAGGAAGATGGGTCCGGTGGATAAAACAGACCAAACCTTTCCACCTCCTGCTGAAACTCGTAGGTTATAACGCCCGGCTCCACCACTGCGGTAGCATTATCCACGTCTATCTGAAAGCGGTTCATTCTCTCAAAGGAAACCACCACACCCTTTTCCAAGGTAGGCACCGCACCACCCGTCAAACCAGAGCCCGCACCCCTGGGAAATATAGGGATCTCCTCTTCGTAGCACACCTTTACCAACTTTTGCACATCCTCCTGAGAGGTAGGAAAGACCACCGCGGAGG
NZ_CP007028.1_gap21	748920	753312	4392	TCAAAAAGGGCAAGAGAGAAATCCACAAATTTTTCATGATCAACGCCTCCATCTTTGCTTTGGTATTTGTCTTACTCTATGTGCTGAAAAGCATCCTTTACCCTCCACAGCCTTACACTGGACCCTACAGAGGGCTCTTCTTCTTCATACTATGGACGCATACCATTTTAGCCATAGTGAATTTCCCCCTTGCGGTTATTACCATAAGGTATGCCTTTAAAAACATGTTTGAAAAGCATAGAAAAATCGCACCAATAACCGCCTTTGTTTGGCTTTATGTTGCCATAACTGGCTGGCTTATATACTTCTTCATGCAATGGCTCAATAAGAACGCCTAAATTCTGAGACCTTGCTCAAAACCTTCCTCACGTAATCCCAGTTGTCCGCCTTTAAACCATTGTAGGCTTTAATTGCCATAATCCAGTTGCCAAACCTTTTGTAATTCTCGTAAAGGATCCTTGCCCCAATCTCTATGTTTAGCTCTGGATCATAAAGCTGTTCCGGGTCTGTGATTCCATACTCCTTCATCAAACTTAAATTATGCTGGTAATTGACTTGCATCAGTCCTCTGTCCTCGGTGCCATCCTTATTCTTGTTGTAAGCCCTTGGATTAAACCCGCTCTCCACGCTTATTATAGCCATGAGTATTTCCTTGGGTATCCCGTACTTTAATGAAGCCTTTTCCACCAATGCAGAAATGTTCGTCGTGTTTTTAACAGAAGAAACCTCCTCCAGAACCTTCTCAAAGCTTTCCCTTTCACTCTGTATATGCCATGCCCTTGTGGTCTTTAAGGGTAGATCACCCCACTCTATTCTCACGACGCTTCTCCTTACAATCACTGCAGATGCCAAATATTTCAAGGCGATGATTTATGGGCGTAAAGTCGTATTCTTCGCAAACTTTTTCCTGCAGTTGTTCTATTTCCTCTTTGTTGAACTCTATGATCTTGCCACACTCAACGCATATCAGATGTTCGTGATGTTGCTTTCCTACCACAAACTCATAGATTGTCCTGTTGTTTAGCTTTATGACCTCCCTTATAGCCCCAAACTCCTGTAGTAATCGGACCGTCCTGTATATGGTGGACCGTGATGCCACGTTTTTGTTTCGGGAAGAGATCCATCGGACCAAGTCCTCTATCTCAAAATGCGTGCCGTAGTTGGCGATCATATCAATTATCTCAAAACGCCCTTTTGTTATCTTCCCACCCCTGCTTTTCAAAAACCTCTCAAAGTCCCTCTTTAGGTTCTCCAAGTCCCCCTGCATGCACTTAAATATATATCAAATGAGTTTCATTTTCAATGATTAATCCTCCCAATACTCCTTAAAAGCAATCCAAGTCTTTTTTATCCTATCCTCCAAGGCATTCCATTCTTTCATATATTTCTTCCTCTTTAAGCTTGCCCTTCTGAGGGTTTCGCCAAAGATGTCTTCTGATAGCTCTTCAAAATCCTCCGGAGAACCTTCCAAGATGGCATCTGCGCACATGCTTCCAGAGAGCACTGCGTTTGCTATGCCACCCCCTGTTATGGGATGGCAAAATCCTGCCGCATCACCCACCAACATAACCCTGTCTCGGACCACCTTTAAAAGTCCCTCTGCAGGGATCCATCCACCCGTTCTCTTAAGGATTTTATTCTCCACAAAACCCTCTGCCACAACCTCTGTAAAGAACCTCTTCAAAGCGTCCATCACATTTATTCCAAAGCTTGGGTCCAAGCCCACTCCCACGTTGGCAGTAGAGCCCTTTGGAAAGAGCCATCCATAGCCCCCGGGTATGTAGTCCTTAAAGAAGATGAGAAGGTCTTCCACAGGAACCTTCAAAGGCGCAGTGATCTGGGCAGTGGTTAAAAAGTCTTTGGTATGTTCTCCCGTTAGGATGCTTACCCTTGAGCGTGGTCCATCCGCACCTATCAAAAGCCCAAACTCCACCACAAGCCTTTCCCTTGTGTCTATGTTCTCCAGTAGGGCATACTTTCCTTCTAGGGCCAAAAACCGGGTTCTGAGCATATACTCCGCACCGTTCTGGAGGGCTAAAAGGTGTATTTTGTAATCAAAAATTTCCCTGTTTAGAACAAAGCCCGGAGAGTCCATGGAGACCATTTCCCCCCAGGGAGTAAAATGCACCATCTTATTTACCCTTTGGGCTATGGCTTCCTCGTCAAAGAACTCTTTAAATTGATGATAGAGCTGTATGGGAACGAACTCCGCACACTGAACGGGCGTACCTATTTTTCTCTTGAAATCCACCACCAAAACCTTTGCACCCCCCTTTGCCAGCTTGTAGGCAGTGGTTGATCCTGCCGGTCCTCCACCTACCACTAAAAATTCACACTTAAGCCTTCTCATTGAGCCTTTCCAAGAGCCTTTTTGAGGGTTTAAACCTAACGGTGTATCTCTCTCCTACAAAAAACTCTATCCCATTCCTTGGGTTCTTCACAAAGGTGCCCTTTAGTTTTTTCAGTTTGAGAACCCCAAAGCCCCTCATTTCTATTCTCTTACCACTCATTAGAACTTCCACCATGCTTTCTAAAATGCACTCCACAAGCTGTTTTGCGCTTGCCCTATCCAAGTTAAACTCCTTTGAAACTTTGTCTATAAGCTGGCTTTTGTTCATTTTTTCTCCTTCTCTTCCACATAAAAGCTTCTAACCCTTTTGTTTTTGCTTATAGCTATAGCCCTTTCCTCCTTTCTGTAATAGACGATCTCGTCTGCCTCCACAAAGTTGGGTCCCTCTTCTATCCTTGCGTTGCCTACAAGTTGTACAATATCCTTTTTGAAGTCATAGAACGCTTTATCTGCTTTTGCAGTCCTTTTTCCGTCCATGTAAAAAACTTTACCTTCCGCTTCTGCAGAGTTTGCTTTTCTGTTTTCATCCAAGTAGATTATCACTTTATCGGCGGTAAGCAACTCATTGCCCTTGGTGATTTTAACATTCCCTATGTAAACTATGCTGTTCTTTTCATAGACCATCTTATCAGCCTCTGCCAGTATTGGCTGAGAGTAAGCAAAAATAAACAGTATTAACAGGAAAAGTAGACTTTTCATTGCAGTTTAACCTTAGCTTGATTTATTATAACCCTTGTGGGCTTAAACTCCACTTGCCATCCTACCCCTTCCACCACGTTGCGCCCATCTTCAAAGACCACCTTTCCCTCTCCGTAGGCAAGCCCCTCCTTTAGCTTTAACTCCGCCCTGTCTGTTTTAAAGACTCCCTCTTTTGTTTGCAAAACCACGTTTCCTTCTAAGTAACCTTCGCCCGTGTCCCTATCTATGGAACCACTCTTTGCGGTTAAGGTGGTTTCCCCCGATTGGAGCAATATATCTTCCATAAAAATCTTGCTGTCCTCAAGCCTTGCCCTACTTCCATAAATTTGCCACTCCTCCCCCTTTCCACCAAAGACTTTAACCTCAACTCCTTCCAAAAGGCTCACCTCTTTTGTAGGCTTTTGGATCACTTCGTAGGAATTGACCCATCGGTTGCCAAGGTATGCCATAAAAATCAAAAGCAGTGAAAGAAGAATAATCTTTGTCATAGATAGCCCTCCAAAAGTCCCTTTAACTCTCCCCTCAAATTTAGCAAAAACTCCGCAATTTCCCTGACTGCACCCCTTCCCCCTTCCCTCTTTGATACATAAAGGGCATACCTCTTTACCAAAGGCGGTGCATCCTTTACGGTAGCGGGAAAACCCACCACCTTTAAAACTGGCACATCCAGGTAATCATCTCCCACGTAAGCAACCTCCTCCGCCTTTAAGTTCTTTTCCTTGAGAATTTTCTCTAAAACCTCCAGCTTATCGTTCCTGCCCGTATGAACCTCTTCAATGCCAAGTTCTTCAAGCCTTTTAAGCAGGGCTTTTGAAGAGCGCCCGGAGATAACTCCCACCTCAATGCCTGACCTTTGCAGTAGTTTTATCCCCAAGCCATCCCTAACGTCAAAAACCTTTATCTCTTCGCCCCTTTCTGTGTAGTATAGCCTTCCATCGGTGAGCACCCCGTCCACATCCATCAAAAAGAGTTTTATCCTTTTGGCGATTGGTTTTAAGTCTTTTCTTTTCATACCTCAAAAACCTCCAAGAATATCTCCCGCATTCTTTTCAGGCTTTCTCTGAGTTTGTCCTCAAAGTCTTCAAAGGACATATTTAGAGAGCTGGCAACCCTCTCTCTGTCTTTTTTGTTGAGCACAGAACCGCCGTGCTCTTTGGAGAGCCTGTGCCTTGTTTCCACCAACCTAAGGAACATGTATATTTCAAAAGCCTCCTTCAAAAGGGAGTGTTTTTGGGCTAAAATCCTGTAAGCCCTGATCATGGATGGTTCTCTGAGTTTTTCCCTGAGTATGTAAAGCTGGATTAAAAACTCTCCGTCTATTAGACCACCCCTGCCGAACTTTA
NZ_CP007028.1_gap22	761960	766062	4102	ACTATAATTTAAAAGTTATGGAAAATGAAAAGTTACCCGTAATTGAGTTTGAGTCCCAGGTAATAGAAATTAAAACAGAAACTCCCACTACAAAGACCTTGGTGTTTGATATATCGGACATAGATTTTAACTTTTACCCAGGGCAGTATGTGATGCTACAGGTGCCCTACCCACCAACCGGTGAAATTCTAAAAAGGGCTTACTCCATAGCCAGCCCTCCCACGCAAAAAGACAAACTTGAGCTAACTATAAAGCGCACACCCCAAGGTAGGGCATCGGTGGTGCTCACGCAGGAGGTGAAGATAGGAGACAAGTTCAAGATAAAGGGACCCTACGGAAAATTTATATGGCTCCCCCAGATGTCTAAGAACATAGTTCTAATAGGTGCAGGCAGTGGTATTGTGCCCCTAATGTGCATGCTAAGGTTCATAAAAAGTGCCCAGCTTTGGGATGTTTCTGCAATACTTCTTTACTCAAATACCAGCTATGAAGAGATCATATACCGAGAGGAGCTTGATAAACTCTCTGAGCTTCCAAACATAAAGGTGGTGCATACCTTAACAAGGGAAATACCAGAACATTGGAAGGGTTATACAGGAAGGATAAACAAAGATATGATCTTAAAGGAAGTTCCCAATCTACGAGACAATCTTTACTACCTCTGCGGACCACCTACCTTTGTGGATGATATGGCTTCCATCTTGGAAGGGCTTGGTGTGGAAAGGGACAGGATAAAGAAGGAGAAGTATGATTAACGAAATTTTAATGAAATTTTCATTTGTTTTATGTTATAATAACCGTAAAAGGAGGCGATGCCATGAAAAAGAGCCTGTTAGCACTTTCTTTACTTGGGGGAGTTGTGTTCGCGCAAGACAAGCCTTTAGACCCATGCGGTAGCCCCAAGGAGGTATTTTCAAAGTATCTCTTGGACCAATGCTACAAGGGATACTTTGAGGCCATAATGGAGGCTAAGAAGAACGCCGACGAAGCCCTTAGATTGGCAAGGGAAGCCAACAACAAGGCAGGCGACCTGGAAAAGAGGGTTTCTTCCCTTGAAAGAACTGCAGATGACCACGAAAGAAGAATAAGGGCTTTGGAAGCTAGAAAGCCAGAGGTGCCCCCACCGCCCCCACCAGCACCTCAGCCAAAAACCGAAGGTGTGGGTCCTTACAAGTGGCAGTTGGAGGAAGTGGGTGTTGTGCATTTTGACTTCAACAAGTTCAACATAAAGAAGTCCGAGGCAAAGAAATTGGATGAGCTGGTGAACAAGATAAAGGAATCTGGTAGAGAGGTCTTGGTAGTTGGCTTTGCAGACAAAAGGGGAACATCTAACTATAACTTCAACCTTTCTATGTGGAGAGCCCAAATGACCGCCAGCTACCTTGCCAAGAAGGGTGTTGATATAGGAAAGATAAGGGTAGCTGCCTACGGTAAGGAAGTAGCAGACCTACTTGGTAAGGACTTTAAAACCCAAAGGGCTGTGAAAATATTCCTCGTTTATTAATCACCTGCGGGGGTCATTCTCCCCCGCCTTTTCTACATCTTGATAATTCCACCTTTCTCTTATAATTTAAGAATCTATGCTGGAAAGAATCAGAAACTTTTCCATAATAGCCCATGTAGACCATGGTAAATCCACTCTTGCAGACCGTTTGCTGGAATACACTGGTGCAGTTTCTCGAAGAGAACTAAAAGAACAGATGCTTGACACCTTAGAGATAGAAAGGGAGAGGGGAATAACCATAAAGTTGCAAGCGGTAAGAATGGAACACAAGGGCTACCTTTTGCACCTCATAGATACCCCGGGACATGTGGATTTCTCCTACGAGGTTTCAAGAGCCCTTGCCGCTTGCGAAGGAGCTATCCTTTTAGTGGATGCTACCCAAGGCATAGAAGCCCAAACAGTAGCCAACTTTTGGAAGGCGGTGGAACAGGATTTGGTAATAATCCCCGTCATAAACAAAATAGACCTGCCCGCCGCAGACCCTGAAAGGGTTAGAAAACAGATTGAAGAAATTTTAGGGCTTGATGGTGATGATGTGATCCTGGCCTCTGCCAAAGAGGGTATAGGAATAGAAGAAATACTTAACGCCATAATAGAGAGGATTCCTCCTCCAAAGGGAGACCCAAAGGCTCCATTAAAGGCACTCATCTTTGACTCCTATTACGATCCCTACAGGGGTGCGGTGGCTTTTGTTAGGGTCTTTGATGGAGAGGTAAAACCCGGAACAAAGATTAAACTCTTTTCCACGGGCAAAGAGTTTGAGGTAACGGAGGTGGGAGCCCAAACACCCAAGATGACCAAGTTTGAAAAGCTCTCTGCAGGAGAGGTAGGATACATTGCAGCGTCCATAAAGGATGTTAGGGACATAAGGGTTGGAGACACCATCACCGATGCAAAAAGACCTGCAGACAGTCCAGTTCCCGGTTTTAGACCAGCTAAACCTATGGTCTTTGCGGGGCTATACCCCTCTGAAGGCTACACCTTTGAAGAACTAAGGGATGCTTTGGAGAAGTATGCCATAAACGACGCAGCCATTTATTACGAGCCGGAGACATCACCAGCCCTTGGAATGGGCTTTCGTGTGGGCTTTTTGGGGCTTTTGCACATGGAGATCGTCCAAGAGAGGCTTGAGAGGGAATACGGCGTAGGACTGATTACCACCGCACCCAGTGTGGTCTACAGGGTGCGTTTTAAAAATGGCACTGTGAAGGAAATCAAGAACCCCTCCGAGCTACCCGAGAATTGGGGCTTAATAGAAGCCATAGAGGAGCCTTTCGTAAACGTAACCATAATCACACCCAAGGAATACGTGGGCTCTATTATGAACTTATGCCAAGAGAAGAGAGGCATTCAAAAGGGCTTTAAGTACTTAGACCCAAACACAGTTATGTTAGAATATGAGATGCCCCTCAGTGAGATCCTTCTGGATTTTCATGATAAGATAAAGAGCCTATCAAGGGGATATGCATCCTACGATTACGAGTTCATAGGCTATAAGGAAGAGGACCTGGTGAGGTTGAACGTCTTTATAAACAACGAACCAGTGGATGCGTTATCCTTCATAGTTCATAGGGACAAGGCTTACAGAAGGGCAAGGCAGTTGGTGGAAAAGCTCAAGGACACCATACCAAGACAGCTCTTTGAGGTTAAGGTGCAAGCTGGCATTGGCAATAAGATAATAGCATCCGAAAGGATTCCACCCCTCAGGGCAAACGTAACTGCCAAGTGCTACGGCGGAGACGTTACAAGAAAGAAAAAGCTCTTAGAAAAGCAAAAGGAGGGTAAAAAGAGGCTCAAACAGTTTGGCAAGGTGGAACTGCCTCAAGAGGCATTTTTGAGCGTTTTGAAGGTGGACTGAGATGATAAGACTTTTATACTTTGCCATACTGAGGGAAAAGCTTGGAAAGCAGGAGGAGATGCTAGAATTCTCTGGTAGTGTAGGGGAGTTAAGAAGACTGCTCATAGAAAGGGAACCCCATCTAGCGGATGTTCTTAAAGTCTGCCTTTTTGCAGTCAATCAAGAGTATGTGGGGGAGGACTTTATCTTAAAGGGCGGGGAAACAGTTGCGGTGATACCCCCCGTTAGCGGTGGATAAAAGGGCGTTGCTGATTAGATTTTCCTCCCTTGGGGATGTGGTGCTGACCTCCTGCCTTTTTGAGCCTCTCATAAAAAGGGGCTACAAGCCCTACCTTCTTACCCATCCACCCTACGGCGAGCTCTTTTTGGAAGACCCAAGGGTTGAGGTTATCCAGATAAGAAAAGATGAACTCTTTAACCGGCTTGACCTACTTAGAGGCTTTGACCTTTACTTAGACCTGCACAAAAATTTAAAGACCCTTGTCCTAAGACTACTCCTTAGAGGAAATTGGAGAAGCTACCCAAAGGATAGCCTAAGAAGACGGCTTGCCCTGAGGTTTCCCATCTTTAGAAAGCCCTACAGCGTGGTGTCTGCCTATCTAAAAGCCGTTGGAGAAGAAGGCTACAGACCTTCCCTTCTTATATCTGAGGAGAGGTTGGAACTGCTCAAAAAAAACTACGGCGAGGGCTTTGTGGCACTCGGACCGGGAGCAAGGTACAAGAAAAAGAGATATCCTTTT
NZ_CP007028.1_gap23	798955	803007	4052	GATCCACATAAAGGCAAGCGAAGAACTTTTGAATGAAATTGAGAACGGTTTAAAAGAGCCAAAGGAACTTCTCTTTCTGTCGGGAGGAGAGTATCCGGTGAAGGTGGAAGAGGTAAAAAGGGTAAAGTGCTTTGAAAAGCGTCTTTCTGAAGAAGAAACAATAACACTAAACTATAACGCATACATACCAAAGGAGTTTAAGGAAAAGATTAGCCTTTCAGGCACCGGTGAAGGAGTACTTTTTAGCCTCTCTTACTTTTACAAGAATTCCCAAAAGCCAAAAACCTACTCTTGGATTGATGCCTACTACCTTCAAAAGGGAACTGAAATTTGCGGTTCTTTAATCCTTGATGAAGATAACAATCCAGTTTTCTTGGCTGAGCCGACAACAAAGGAAATAAAAAAGTCTGAAGGAGAAGAATACGTTAGGTTTTATGCAGGAAATTGGCTTATGGCAAGTGCATGCGTGGGAGTTTTGAAGGTTTTGGAAAATGCAGGGGAGGATATAAAAAAATACGTGGAAGAGAGAACTCTAAAAATACCAAAAAGCTTGTGGGAAAATCTGCCTGAGCTTTACGCGGATTATCTTCTAAAGGACAAGGAAAGTGTTAAGAGATCGTTGGAAGATTCATACAGACAAAAGGCTGCTGATAGCAATCCATACAATACACTTATATACAGCAGATTAAGAGATTTTCATAGCAATAGCCCGTTTACAAACCAATCTCACGAATATATAAAAAGGCTTAAAGGGGTTTATTCAGAAAATCTTGAAGAAGTCTTGGGAAAAGTTAAAGAAAGCTTTTTAGAAGCCTACAAAAAACTACTCGCTACAACCAAAGACCTTTCAAGCATATGCTTTTTCTGTCATGAAAGACACGCCAAAAACTATGTAGATGCTACTACTTTTACTCCACTGTTTGCAAGCCTTGAAACAGTCAGAAACTTTATATGGGATCCAATACCCATATGTAAGGAGTGTGAATTTCTACTTTACTTTGCAAGTGCAGGATTTTACAGGTACGTAGGAAAGTATCTTTTCGTCTATGTTCCTGATGATCTTTTGGAAACTTACAGGCTAAACCTAATTTTAAGCACAGAAAAGGAGATAGAACAGGAAAAACTTAGTAAAGTATGGAGCGTTGTAAGGTATGTTTTAGACTTGGAAAAACAAAAGAGCAGTTGGGTTTTACAAAACATTTACTTTGTGGAGATAGAAATGGTGGGAGATGCTACTGCAAACATATACTCCTTTCATATAAGCCCAAACTTAGCCAAAGCCATCCGTAAACTGATAGACCATTATCCCAAAAACCTTCAAGACATCTTTTCTGAATTTCTTTTCTACATCTACACGGGGCGATCCCTTTATGAATTTCTATTTCTTATGCTGTCAGGATTTATCAGAAAGGAAAGTTATAAAAAATTACAAGGAGGAACCATTGAAAGCAAAATTTTGCAGGCTGGAAGAAATATGAAATACATAAGTCAAAATTTGCTTTTCTTTATAAACTTTCAGGAGGTGCTAAACATGAACGAGCAAAAAGGTTACATTGATCGGGCTTTTTGGGCAGGAAGAGAACTAAAGAAACTCTACAAAGAAAACGAAAGCACACAGAAAAAGCTTGAACCACTTACATACAGACTGCTTGAAGCTATAAGAAGAAAGGATAAAGAATACTTCATCCACAACCTGATAAGGGCATACCTTGAGGTGGAAAAAGAAATTCCTTATCTTTTCAAGGAAGCTTTGGATGACAAAAACTTTAGCATGATTGCCTACGCCTTTTTGATAGGACTAAACTCTGAGGAGAAAAACAAAGAAGAACAAGCTAACGATTATGGAGAAAATTCAGAATCTGCTTAAAGAACTTTGGGCAAAGGATGACGGAACCAACATAAGAGAGCACACAGATAAGCTTTTAGAAAACCTACAAAAACTCAGGGATCACTACAGAAAGGAAATAGAAGAGCTTATACCAAAGTGTCTTCCTGCTAAGCTAAAAGAAAAATTCTGGGAAATCTTAGAGCTTGCCTGTGAGTATCACGATTATGGCAAAATACACTGTAAATTTCAGGAAAAGCTTGGAAACAAAAGCGTAAAACCTATAAAGGGACTTCCGGAGGTAAGGCACAATCTTTTATCTCCTGTGTTTGTGAATGTGGAGGATGAACTTATCCGAAAAATTGTTAGGCTTTTGGTTTTGCACCATCATCCTGTGGAAGTGGAAGAGGTTTCTATAGAAAGTGTGGAAAGAGTGTTAAAAGAGGAGTTTAAATTTGAGAACAACCCTATAAGGTTTATGCTGAGAAAGAAGGAGGAGGATTATTTAAGGGACAATGTTGCAAAGATGTTTAAAATTCCCGTGGATGGGCTTATCCCATATTACCGCCTTTTAAAAGGACTACTTCTTCGTATAGACCATTCAAGCAGTTCAAAACATGCGCAGGACGTAGAGGATATACCGCCTGATGATACATTAAGCTTTGTGGATGAGTTTTTCAGACAAAAGGGTAGTTCTCCCAATCAGATGCAAACCTTTGTCCGAGAAAACAGAGACAAAAATCTTGTGATAATAGCACCAACAGGTGCAGGTAAGACGGAAGCGGGCTTTATCTATATTCAAAAGAAAGGCTTTTTTATGTTGCCTTACAGAGTTTCAGCCAATGGCATCTATATGAGGGCAGAGGGAATGTTTAGAAATTATGCAGGACTTTTACACTCAAGTGCCTTAAGCTACGTGTTTGAAAGGGAAGAAGACAGAGAGGACATCCAAAATAATCAAGAAGGCGTAGCTTTTCTTAACTACTTCCTTTCTCGCAACTTTGCCAAGCCCATAATCATATCCACTCCAGACCAACTTATGCACTTTGTTTTTAGGTATAAGGGCTTTGAAAAGTACTATGCAACTGCCCTTTACTCAAGGCTTGTGATTGATGAACTTCAATCCTACGACCCTATCACATTAGCTTTTATAGTGCAAGGTTTGGAGGTTTTAGCCCAAAATGGTGGAAAGTTTTTGGTTATGACAGCAACATTCCCTGAGTTTTTGAGGGAAAGGTTTGAAAGAATGGGAGTGGAGTTTAAAACTTTCAACACCCAGAAAAAACCATACCATCATGTTCAGGTTATAGACGATAGCATAGACAATTATGTGGAGAAAATGATAGAGCTTTCCCAGAAGGCTAAGGTGCTTGTGGTGGTAAACACTGTAAGAAAGGCAATAGAGTTAAAGAAAAAATTTAAAGAGGCTGGACTTCAAAACGTAAAGCTACTACACAGCAGGTTCATACTCAAAGACAGAAAGGAAAAGGAAAAAGAGATAATGAAATTCTTTAATAGCCAAGAAAAGGGCTTGTGGATTACCACTCAGCTTGCGGAGGTCTCTTTGGACCTTGATGCGGACTATCTTTTCACGGAACTTTCCACTGCGGACAGCTTGATACAGAGGATAGGAAGGTGCAACAGAAAAGGACAAAAACCAACCAATCAACCTAACGTGTTTATATTCACAAAAGACTGTTCAGGGGTGGGTCCTGTGTATTACAAACATCTGCACGAGAGCACTTTAAGGAACCTTAAAGACGGGCTGTGGGATTGGAATTTTAAATGGGATCTTGTGGAAAAGGTTTATTCAAAGTCCGCTTTGTATGGCACCAAATATTGGGAGAAGTTTAGAAAGGCAGAGAACTACATAAAGAGCCTTTGGGAGGGAGCGGATAGTCTTATAAGGAGCAAATCGGAGGCACAAGATCTTTTTAGGGATATAAACGCAGTGCAGGTTATTCCCGAAAAGTTTAGAGAAAAGGTAGAAAGCCTAATTCAAGAGTGGGAAAAGGCTAAGGGAGATTTCGTAAGGAGAGCAAAGCTTTTAAGCGACATCCTTGAATACAGCTTTTCTCTTCCCGCATGGTCTATTAGAGAGTTAGAAAAACAGAAGATCCACGATAGACTTGGCATATACTATATAGAGGGAGACTACAACGAAGACACGGGCTTTGTGCTAAAGCCTACCGCAGACACAGAGGAGGTGGAGAACATTATATAACAT
NZ_CP007028.1_gap24	806616	808181	1565	AAGAAATACCCACAAAAACGCCAAACTCTGAACCCTGAGGTTCCTAATGTACTGTGTGGAGTTGAAAGCAAAATAATATGGAGGTAAGGTTGTCCCTAAAGTCGTTCCTAATGTACTGTGTGGAGTTGAAAGCAAAATAATATGGAGGTAAGGTTGTCCCTAAAGTCGTTCCTAATGTACTGTGTGGAGTTGAAAGTAGCTTGCTGTGAAAAGTCCCAAAAGCGTTCCGACAGTTCCTAATGTACTGTGTGGAGTTGAAAGTGAAACGCCGACAGCTGGACACCATCAGAACGCCACCGTTCCTAATGTACTGTGTGGAGTTGAAAGCTCTGACTCGTTGGAAATTCTGGAAAGGATGTGGGCTAATGTTCCTAATGTACTGTGTGGAGTTGAAAGTTCTCCAGTTCGTTTTGGCATTTTGCAAGGAAAGAGGGTTCCTAATGTACTGTGTGGAGTTGAAAGCAGCTTATCCCTAAAAGCATAAGCAGGATACCAAGTGTTCCTAATGTACCGTGTGGAGTTGAAAGAAAGAGACAGCATACTATACAAGGACAATGTCTTTCTGTCTTTGGTAAAGAAAGAAGGACCTTTTGGTGTAAGTACTTTCTTAAAGGGAAGTATCACGCCGGGACTTAGGCTTGTGGAGATTAGATACGGATACATGGAAGTATTAGACATTGATAGAGCTAAAAGCAGTTGGAATTTACGAAAGAGCCATATTCTATGGAGTTGAATACATATACACAGATAAGTTAATCTAGAAACTTTTTAGTCTTCTAAGGCGTGTCATACCAAACTTTGTGGAGTTTTACAGATTTCCTCCCGGCAAGCTTCATGGTGTAGCGGTCAGAGTTGAGTTTTAAAATGAGGTTTAAAAGGTGTCCCAGTGGAAAATTTTAAAACAGCCTACCTCTATATCTTGGTATAATAAAGAAAGGTTGCAGTTGTCAATAAGAAGAAACCTAGAGGAGGAGTATAATGTCAAAGGAGTTTGAGCTTGGCATAGGGCTTTTGAAGAAAATATACACTGAACTGCAAGCCCTAAGCACAGCAGAAGATAAACGTCAAGTAAAGGAGTTGACGCAGGCTATTATAAACCCTCTGGTGGCAGGGGCTTATCAGATAAAGGTAGGAGAAGGGCCTCAGAAGGACAAGCTTTTGGAGATTCTCTTTCCCTTGATAAGAGAACTTAGAGATATGCAAAACCTTGAATCCATCAGAGCTTTGGCTGGTGAGTTGGTCAATGCCTTGAACGCCATAGAAGCAGAGGTAGCTACACAAGAGGGTAGCAGTTAATGAAAACCACCATTCGGACCCTTTTCAATAAAAAGGAAAAAGGACAAAAGATCACCATGATCTCCACTTATGATTATCTGTCTGCTAAGCTGTGCGAACAGGTGGGTATAGATTGCATACTTGTAGGTGATTCTTTGGGTATGGTTTTTCAGGGGAAAGACTCCACCTTGGAGGTCACCGTAGAGGAAATGATCTATCACACAAAGGCAGTTAGAAGGGGTGCCAAGGAGAGCTTTATTATAGCAGATATGCCCTTTATGAGCTATCAA
NZ_CP007028.1_gap25	811601	813779	2178	AGGAACTCTCAGACTGTGGGCAACTTGAGGGACCACCAAAAAAGGAAGGAAACTTTTTGACCTTTGCCCTTTTGCCAAAAAAGAAGTAGTTTTTTGGTGGAGCGGAGGGGATTTGAACCCCCGACCTCCTACACGCCAAGCAGGCGCTCTCCCACTGAGCTACCGCCCCTCTATACAGAAAAATAATTATATCAAAAGATTATCGCTGTCAAGAAGTAGTCGGATATTAGCACCAACATAGAGGATGCAACCACACTGTTTGTAGTGGCTCTCCCAACACCCTCGGTGCCACCCCTTGTGTAAAAGCCAAAATAACAGCTAACCGCGGTGATGATAAAACCAAAGAAGGTAGCCTTGTATAGTCCGCCTAAGAAGTCATGCAGTTCAGTAAGGTCCTTCATCTTTTCCCAGAATAGATATTCGTTAACTCCAAAGAGCTTTACCGCCACAAACCATCCACCAAAGATACCCGCTATGTTGGACAAAACGGTTAGCATTGGAACGCCAAGCGTTCCAGCCACTATTCGGGGTGTGATAAGATAGCTCCGAGGGTCTATACCCATTACCTCTAAGGCGTCTATCTGTTCTGTTATGCGCATGGTTCCTATCTGAGCGGTCATAGCAGAGCCAACACGTGCAACCACCATAAGGGCGGTAAGCACAGGGGCAAGCTCTCTACCCATAGAGAGGGCCACCACTGCCCCTATTAGAAATTCTGCGTTGAACCTGTGAAAGGTGCTGTAGGTTTGCAAAGCTATAACTCCACCACTAAACAGAGAAGTTATTAGCACCACTGGGGTGGTTTCTGCCCCCAAGTAGGTGAGCTGTTTTATAAAGTGGGTCAATCTTGGAGGATTTTTAAACAGAAAAAATATAGCCCAGAGGGTTAGAAGGGTCGCCTTGCCTATTTCTTCAAAAACTTTTAACATGTTCTAAGTAAATTCTGTACCTTTCCTTTACCTCTTCCATAAAGTCTCCGCCCAACTTTTCAAGAAAGGCATCTGCTAAGACTAAAGCTAAGGCGGATTCACCCACCACCGACGCAGCAGGTACTGCCACCACATCTGTTCTCTCCTTTCCCGCTCTTACTTCCTCTTTTGTTAAAACATCCACGCTCCTAAGAGGTTTGGTTAGGGTGGGTATGGGTTTCATGGCACATCGTACTATTATAGGCATACCGTTGGTTATACCTCCCTCCAAACCTCCCAAGTTGTTGGAATACCTAAAGTATCCTTCGCCCTCTCTGTAACCGATCTCATCATGGACCTCAGAGCCAAACCTTTTGGCTGCCTCAAAGCCGAGCCCTATTTCCACCCCCTTTATAGCCTGAATGCTCATCATGGCCTGGGCTATCCTTCCGTCCAGCTTTCTATCCCAATGCACATGACTGCCAAGCCCAGGGGGCACACCAACCGCAAAAACTTCAAAAACACCCCCTAAGCTTTCACCCATTTCCTTTGCCCTATCTATCAATTCCATAAACTCCTTATCTTTGCTTGGATCTGGAAATCTAACCTCCGACTGTTCCGCCAATTGATGCCTCTTTATTAAGTCCTGCTCTTCTATAGGAGGACACAATGGACCTATGCTAACTACATAGCTTCCCACAAATACTCCAAGCTCTTCCAAGAATCTCTTGCACACCGCTCCCAAGGCAACCCTACAGGCAGTCTCTCGGGCAGAGGCCCTCTCAAGTATATTCCTAAGGTCCCGCTGGTTGTACTTTATACCACCCGCAAGGTCTGCATGCCCCGGTCTTGGTCTTGTGAAGGGAACTGCTGTTTCCGGTCTTTCCCCCTCCACCGCCATCTTTTCTTTCCAGTTCTCCCAATCTTTGTTTTCAATGAAGAGAGCTATGGGACCACCGAGGGTTTTGCCAAACCTTACACCCGAAAGGATCTGGACCCTGTCCTTTTCTATCTTCATTCTGCCCCCTCTACCATAGCCCCTCTGTCTTCTTTCTAATTCCCTGTTTATATACTCGGAGGAGAGCTCCAAGTTGGCGGGTATACCCTCTATTATGCAGACTAAACCCCTGCCGTGAGACTCACCAGCAGTAAGAAATCTTATAGGCATCAGACTAAGAGAACTTTACTGCCTTAACTACCTTACCCGCCTTTAGACACTTAGTGCAAACATATATCCTTTTTACGGTGCCATCCTCAAGCACCGCTTTAA
NZ_CP007028.1_gap26	940168	945081	4913	CTGGAACTTTAATTGTAGCCAGCTTTTCATTTATCCAGAAGTGGAGCCACTTTTTGAACCTTTTGGAAAAAGCAATCCACCGCTCGTGCGTTTCTCTATCCAAATATATGCGTCTCAACACAGCATCCTCAAGCACCTCTTCTATTTTCTCCGTAGGCACATTTAGTATGTCATCTTCTTTCATTTTAAGCACTTCTTGAACTACCTTTCTTCCTATCTCTTGAAAATGTCTTCCAAATCTCTCAAGATGTTCCTTTTTGATGTAAGTGGCTATACTGTAGATAAATGGTCTCTTGGCTTCGTCTCCCGCAGGGCATCCTGTAGGTAGTTTCTCATTAAATTTCTTAAACACAGCGTATTGAACACTCAATGGAGCACTACTAAGAAAGTCTATCAGGTCTTGGTCTTCTTGAGTTAGATATACCCGTATTCGTGTTTTGTATTGTTCCTTAAGCTGCTTAATTTCCTCACTTGTCAAAGGTTGTAAATCTTCTGATAAAATTTCTCTTAAAAGTCGCTTAGCTACGGTACTTGACGGTGGCTTGATATCATAGAAAAGCGGTATAGACTTCTGCATAGGTGTGTGTTTTTTCAAGGCCTCACCTCTTTTTAATATTTTGTTTGATTAGTCATATTATACCACATTCATTTTTTAGACTGTGTCAGGTTTTTATACAAAACCTTGCTAAAAGTGGTTGGTTCCTAATGTCCCGCTTGGAGTTGAAAATTTAGAAGTTAAAAGAAAAAGGCTTAAATTTTTAACTATGCAGACAGTTTTATCAAAAAAGGTAGAAAAGCTACTCTCTTTAGTGGAGGAGAGAGACCGAGAGGATGTTTTGAGGGCGATAGAGTTTTTGGAAGAAAGACATGCTGGGCAAAAGAGGGCGTCGGGAGAGCCCTATGCGGTGCATCCTATAGAAACTGCCATAATAGTCGCAAGTATGGGACTAAAAAAGGAAGCTATCATCTCCGCATTGCTCCACGATGTTTTGGAGGATACAAACACCACATACGAGGAGTTAAAAGAACGCTTTGGTGAGACGGTGGCAAACATAGTGGAGGGTGTTACCAAGATAAGCAAATACAAAATAAAGGATGTTAGTTCAGAAAAGGCGGAGAACTACAGAAAGCTATTTTTGGCTACTGCCAAGGATATAAGGGTTCTGTTGGTAAAGCTGGCGGATAGGCTTCATAATATGCGCACCCTTGAGCATCTTCCAAAAGAGAAGAGAATAAGAATAGCCAAGGAGACCTTAGAGATATACGTTCCGTTGGCAAACAGGCTGGGAGTTTGGCAAATAAAGACGGAGCTTGAGGACCTTTGCTTTATGCACCTTTACCCAAAGGAGTATGAGAGGGTAAAGGAGTTTGTTAGAGAGAGGCGTGCCAAGCTGGAGGAATACCTCAAAAGGCACTTCATACCCAAGCTAAAGGAAGCCCTAAAAAGGGCTAACATTCAGGCGGAGATCACCTACAGACCCAAGCATCTTTTTGGCATATGGCAAAAAACCATAAGAAAGGGCATAAGCTTGGAGGATGTGCACGATATTCTGGGAGTTAGGGTCATAGTCAATACGGTGGAGGAGTGCTATTTGGTGCTTGGGATAATTCACAACACTTTTACGCCAGTGCCGGGAAAGTTTGATGATTACATATCCCTACCAAAGCCAAACCTCTATCAGTCTTTGCATACTGCGGTAATCGGTCCCAAGGGAAGGGTGGTGGAGGTTCAAATAAGAACTTGGGAGATGCACGAGAGGGCAGAAAAGGGCATTGCGGCGCATTGGGCTTACAAGGAATCCGTTAATATAAAGGACAACAGCATTTACGGTTGGCTAAAGGAACTGGTGGAGAGCCTAAAGGGTAGCAAAAACGCCCAAGAGATCCTTGAAAACATAAAGCTTGAACTGTTCTCGGAGGAGGTCTTTGTCTTTACTCCAAAGGGAGACCTTTTGGTCCTTCCAAAGGGTGCCACACCGGTGGATTTTGCCTATCACATTCACACGGACATAGGCAACCACTGTGCGGGTGCCAAGGTAAACGGTAGGATCGTCCCTCTGGATTACAAGCTTCAAAACGGAGACCAGGTGGAGATCATCACAAACCCTAACAAAAAGCCAAACCCAGAGTGGCTAAAGTTCGTGGTTACCTCCAAGGCAAAGAGCAGGATAAAGGCTTATCTAAAGGAGTTAGAAAGGGAAAGGCAAATTCAGGAGGGTAGAGAGCTTTTAGAGAACTTGGCAAAAAAGCTGAACATAGACAGGCAGGAGCTTTTGGAAAAGATAAAAAAGCAAGAGGGTATTGAAAGGGATGAGGATGTTTATCTTTTGGTGGGAAGCAAAAAGCTAACGAAGGAAAGGATTTATCAGCTTTTTGGTGTAAAAAAACCGGAGGTCAAAGAGAAGGACCAGAGCCCTCAGGTGCGGGTAAGGATGGAGGACATAGAAAACGTCGCCTATCAGCTGGCAAAGTGTTGCAACCCACTGCCGGGAGATGAGGTTCTGGGCGTGGTTGCCAAGGGTAAGGGATTGATCATTCACCTGAAGGGCTGTCCCAACTTGGAGCATTTTCTAAAACACTTTCCCGAAAGGGTTGTCCATGTGAATTGGGAGAATGCCCAGGGTAAATATCCTGCCATTGTGCGCGTATGGGCAAAGGACCGGGTGGGTATTTTAGGTGAAGTTGCCAGCACCTTTGCAAAACACAACGCCAACATACTCCAAGCCATCACCAAAAGCCTAAAGACCGGAGAGGCGGTGATGGAATTTACGTTAGAGCTCAGCAACGCAGAACACTTAAAGAGGGTTCTCCAAGCCCTAAGGGAGTTGGAAGGGGTGGAAAAGGTAAGCAGGGTGGTTAGGGCTTGAACTCCTCCAAAATTCTGTCTGCACTAACAACACCCACAAAGGTCTTTTGAACCTTTCCGTCCTTTACCACCACAGTGGTGGGCGTAGCCATCACACCCAAGCTTTTGGCGATCTTTTGTCCTTCCTCCGAGAAAACATCAATCTTTTTTACCTCCAACGCTTGGCTTAGCTTTTCCACCTGAGGCTCCATAGCCTTGCAGGCACCACATCTTTGGGAGTAAAAGTAAAGAACTCCGTCCTTTATTAGCTCTACCTCTGCACCTTTCATAGCCTTAGCCTTGTTCAAAACATAGAGCTTTAGTCCGAGCCTTAGCAATACTATAAAGGCAACCGCAAAGAAGAGGATTTTTAGAAACTCTTCCATGACTATTTAACCATTTTAACAGCCTTCTTTAGCATATGGACTTCCTCTTTGGAGAGCTCCCTCCACTTACCCGGGCTTAGCTTTCCCAGTTTTATGGGACCTATGGCGGTGCGCTTGAGCCTTAAAACCTTGTGTCCAAAGTGGGCGGTAAACCTCTTAACTATGTGCTTTCTTCCCTCCGTAAAGACAATTTCCAATAGACTGTTTTTTCCTTCATACCTTATCAGCCTAACGCTTACAGGCTTAGCGAACCCATCCTCCAAGACCGCTCCCTTTTTCATCTCCTCCAAAGTTTTTTGGCTAACCTTTCCCTTTACCAAAACCTGATAGGTCTTTGGCAGTTTATACCTGGGATGCATTATACGGTTTGCCAGCTCTCCGTCGTTTGTTAGGATCAAAAGTCCCTCTGCGTTGTAATCAAGCCTCCCGGCGGGATAGACCCTCACGGGCACGTCCTTTAGTAGCTCCTCTATGGTTCTCTTCCCATCTTTGGACTTTCCGAGGGCGGTAAGATAACAGCAGGGCTTGTAGAGGGCAATGTACATGAACCTTGGCGGTTTTACTACTTTTCCGTCTACCTCTACCGTGTCCTTTTCTGGGTCAATTTTCCAGCCGAGTTCCTTTACCACCAGTCCATTGACCTTTACCCTACCTTCAAGGATCAGTTGGTCCGCCTTTCGCCTTGAAGCAACACCGCACATAGAGAGGTATTTGTTCAGCCTTACCAGTACCTTTCCTCCTTCCACGGGTCCCCTCTCATGTGGTAGCACCTCTGTTCCCAAAAGCCCGGGACATCCTCCTTTAATATCTCAAGCCCCCACACATACTTGGCACTCTTCCAAGCGTAGAGCTTGGGAACCACGAGCCTTAGAGGATAGCCATGCCTTTTGGGAATCACTTGCCCCATCATCTTGTAAGCTAAGATGGTGTCCTCTTCATAGAGATATTCCAAGGGTAGGTTGGTGGTGTAGCCCTCCAAACAGTGCACCAAGACAAAGCGCGCACTGTCCTTTGGCTTTGCCCTTTTGAGAATTTCAAGGGTCTGAACGCCTTCCCATAGGATCTCCTTAACACTCCACCGTGTAACGCAGTGAAAGTCCGCCACCAGCTCCACCGAGGGCAAAGAAAGAAGCTCCTCGTAGGTTAACTCCAAAGGCTCCTCCACCTCACCCCAAACCTTGAACCTGTATGAGCCCATATCCCAGTTGGGAATATCATCCACTATGTCGTAGACTATGGGTGCGGAGATCCACCTCTGCCCAGGCGGTAGCCGGTCTTCCCTGAGGTTTATATCGCTAACAATTCTTTTCTTCATGGCAGAATAAATTTTAAAAGATGGAAACTTGCCCCAAATGCGGAAGGCTTTTAGAGGTTATTGAGTGCTGTGGTGGTGGCATTTTCCTGTGCCCCAAGTGTAATGAGTACTTCTACCCGGGAGAACTCATAGACCCTCAAAGTCCCTCTGAGGAGGTCTCAAAAGAAGCTCCCGGGCTACCTTCAGAGGTTCTTCCCCCTCCACCACCACACGATAAACCGCCCAAGAGATAGGTGCGTATAAGCCGAGCTTTTCTGAAAGCTCCTTTACCGCCTTTACCGTTTCTTTGCCCTCCACCACCTGCCCTATTTTTTCCTGTGCCTGTTCAAGGCTTAGCCCTTGTCCCAGCAAAAAGCCAAAGGTTCTG
NZ_CP007028.1_gap27	946595	947341	746	CGGGTGCGTTTAGCCTTGGCACTATAGAAAAGGTTATATCCCTTGAGGTTATAGTTCCGTTGAGTCCCACCCTTTCCATGAGGGCTTTTATTCCGTAAGCCTTTATCTGACCCTTCTGCACGTACTCCAAACACTTTATGCCGTAGGAAACTATTATCCGGTTTGTTAAGTTCAGTGGCATAAAGTCTGCCAAGGTGCCTATGGCGGGTAAGTAAATGTCCAACCTTGGGTCGTAATCTATGTTTAACTCTCTGGTAAGAAGGGCTATAAGGTAAAAGACCAAGCCCACAGAAGATAGCTCCTTAAGTTCCTTGGGTAAATCCTGAGAGAGTTTTGGATTCAGCAGTATGGCTGGAGGGAGCTCCTCTCCCACGTTGTGATGGTCTATTACCACTGCATCCCTTTTGAACTCCCTGAGCTCCTCTACTGCGGTGGTGCCGTTGTCTATGGTTATCAAAAGGTCTGCGTAGTGGGAGAGTTTATCAACGAGCCTTTTGTTTAGACCGTAGCCCGACTGCCTGCTGGGAAGTAGCGGGACCACCGTTATGGGAAAGTTCTTCAAAAATCTGTAGAGCAGTGCGGTGCCAGTGATCCCATCCACATCGTAATCCCCAAAGAGCACAATCCTTTCTCTTTTATCTATCGCCTTCTTTATTCTTTCCACCGCCAGGTCTATGTTTGGTATGCGGTGAGGTGGAAGGAGTCTTTTGAGCCGAAGGTCCAAGATGGACTGATCCTGCCCTCTG
NZ_CP007028.1_gap28	948834	952485	3651	GCTTCCCTCCTGTCAAATCCTTCGTTAAAGTTTGAACCAGGCTTTTGCACTGTATTATTATGTTTCTTGACCATGCTTATAGCTAAGCATCTTCCCTCCGCAAAAGATGCTCGCATATACATGTCTGTTGAAAGAACCTATTTAGGTTATATAAGGTTTTCCCTTTACACCCTGTCTTTTGCGGTTTTTCTGAGGAAGCTGGAGGCACTCGCAGATATAACGCAGAAGATACACGTATCCGTATTTTTGGAAACTGTGGCTATAGCTTTGTCCATAGTGGGCACTTTCCTTATAATCGCAGGCATTCTTACTTTTTATTCTGATATAAGATACATAGAAGGAGGTATAGAAGTGTCTCCGAAGGAAACCACTGACCCAAGGATCTATATGGCTGCGGAAAGGACATTCCTTGCATGGATAAGAACTTCTATAGCTTTAATAGTCTTTGGCTTTGTTATAGAAAAGTTTGAATTCTTCTTAGAACAGTTAGAGAAGGTTTTCAACATGTCCCTAAAGGGTGATCACAGGGCTCTTGCCGGTGTGGGAGTTTTCATAATATTTATAGGACTGTTCACGCTCATACTTGGTGCCATAAACTTTTATAGGACCATAAAGCAGGTGGACATGGGTTATTATAGAACAAACACGTGGCTTTATAAAATTTACGGTGCTGTAATATTCTTTGCGTGTTTGGTGCTAACCCTTTATGTTCTTAAGATCATTTAACAAAAAAGGAAGTTCTTCATCTCTGAAGTCCGTTGATATGTTTGCGATGGGACTTTTCAGGCTTTTTTGAATCTTTCATCCAAGCTATAGTTCAATTTACGGACTTCATATTTCATTTTTTGGTGCTTTTTATTCAACCTTCCTTATAATCTTGACAAAATCAAAAAAATATGTTAAAATAAAAGCAACAATAAAATAGCAGAGGATTAAGAGATGCTAACACAGGGGGAGTTCTGGATTCTTGTACTTGTAGGGCTTTTAATAGCTAACTTAGTATTTCGGTTTTATGTAAGGCTGGATCTTGATAAAAAGATGAACGAGCTTTTGCAAGAAGTAAAGGGTGTAAAGGAAAACCTAGCTAATGATAAAAACGTAAGTGAGCTCCTAAGGGAAGTGAAGAGCATAAAGGAAAGTTTGCTTTATGTAAAACAAGATTTTGATAAAAGGATGATTGAACTCTTGCAGGAAGTAAGTGATATTAAAACGGGTAAAAATGCAAGCGAACTTGTGCAGCAAGTAAAAGATGTAAAGGAAAATCTAATTCATATACAACAAAACTTTGGCAATAAACTGATGGATCTTTTACAGGAAGTAAATGATATTAAAGGGCGTTTGATATTAGATCTTGATAAAAAAGTAAGCAAGCTTTCGCAAGAAGTAGAGGGTATACAAGTAAAGGATATAAAGGAAAACTTAATTCATATGCAGCAGAACTTTGACAAGAAACTGGCAGAGCTTTTGCAGGAAGTGAATGATATTAAGGTGCGTTTAATATTGGAACTTGATAAAAAGATGGACAAGCTTTCACAAGAAGTAGAGAACATAAGGGAAGGAATGGAACAATTAGAACAACAAACAAAGGAACGCATGGAACGTATAGCTAAGCTTTTGACGGAGCCTATATTTGATGAAGACCAACTGAAGATATGATCAATGTAGATCATGCGTGTTAAGATAGAATAGCTGGAGGTTTAAAAGATGCCCACTCAGGGGGATTTTTGGATTCTGATGCTCATAGGACTTTTAATAGCCAATTTGGCACTGCTGTTTTATGTAAAGTTGGATTTTGATAAAAAGGTAGGCGGGCTTTCGCAGGAAGTAAAGGGTGTAAAGGAAAGTCTGCTTTATGTAAAACAAGATTTTGATGAAAGGATTGGTGAGCTTTTGCAGGAAGTAGTTGACATTTTTGATGAAAAGATTGTTGAACTTATGCAGGAAATAAATGGCATAAAGGCAAACGATATAAGAGAAATTAGAGAAAAGATAGAAAAACTGAATACAAAAATGGAGCAATTAGAACAACAAACAAGGGAACGTATAGACCATATAGCCAAGCTTTTAACGGAACCTATCCTTGACGAAAGCGAGCTAAAGATATGATCAACATAGACGATGTTCTAAAGTATCTGAAATATCTGAAAGAGTTAAGCAGAAAGATAGGCACAAGGGTTGATTTTTCCTACATTGAGGGTAGAAGGGGAAGAAAGAAGCAGGAGTTGGACTTTTTGTTTATTGAAGAAGATTGGCACATAGAAAAGGAGGTGGAGCTTGCAGACAGAAAAAATCTGAGAATTTTCATTAGCAGTAGAGCAAATCAGCTAAGGTCAGGTAAAGCCCTTTTCTTAGGGGTGGGGCTTTTTAAACATTCTGAAGTTGAGAACGATAAGCCAAACGAAAAGGCAAAGAAGGCTAAAAATTTTTGCTCCTATTTTTGTGATTAATTTAGAAGTAGATGACCTAAGCGACCCAAAATCCGTAAGCTTGGGACAGACCTTTTTAAACTACGACCTATTCGTAAAACTTTCTCCTGATGACGAAGAAGATAACTCTTCATCCGAAAAACATCTGGAGCGTGTAGAGCTTATAAAGGAAATTGAAGAAAAAATGGAGGAAGCTGAGTCAATAACAGAACTGAGAAACATAGCCATTGAATACATTCCCAAAATAAAAGAAGTGTTTAAACCAGAACTTGAAGTGAAAATAATAAAGAACAATGAGTTTGAAGAAGGTCAAAAAGATATAGACTATTTGAGAAGCATAGAGGATACTTTTTATGCGGATTTATGCTATATTTTCCTTTCCAATTTTCCGTCAGAAATCTCCACATACAATTCTTTAAGGCTTATGATAGAGGAAATTGAAGAAAACAGAAGCTTTACAAACAGGGCTTTAGAAAAGCTATTCAGTGCGGTATTCTCTTCCAGATCAGAAAAAATACAAGAAATAGAAAAATTTAGGTTGGGAGATTTGGAATATTACTTACCGATATATCTTTCTAAAAAGCAAAAAGAGGGATTGGAGAATGCCATTCGCTATGAGATTTCTTACATTCAAGGACCACCTGGCACTGGTAAAAGCCATGTTATAACCGCTTTGGCACTTTTGAGTATTCTTAAAGGCTACAAAGTTTTAATAGTTTCCCAAAAAGCTCCCGCCATAAAGGTTTTATACGAAAAGCTAACGGAAAAGCTTGGGAAGGGAGACGATTATTTACCGTTTATCTATTACCATGACGATTACAGAGGGAAGCTTAAAGAATACATTTCCAAGCTAACATCGTATAATGTTCATGAATATGAACTACTTAATCTTCAAACTAAGTTAAAGAACTTAGAAATCAGACTCAATTCAAGCATAGAGGAGTACAAGAGAAGGCTTAAGCAGTACAAGGAAATATTGAGTTTAAACTATGAATTTTCGGATGTTAGGCAGAGCTTAGCAAGGGAATTGGAAATATTCAACAGAAGCTTTTATGAAATAACCAGAAAGATAGGTTTGTATAGTAGAAATTTGAATGAAAGCTTTTTTGATACAAATTATAGAACTTTTGAAGTACTGGAAAACTGCGGAGATACAATGCTTTTGCGAATAAGAAAGAGATTCCTTATAAAGGAAATCAAAAAGATTGATAAAGATGTGGATAGC
NZ_CP007028.1_gap29	1019291	1021500	2209	GAGCTCTGGGGTAAAGTGGGTCTCGTGTTGATCATGATAGGTTCTAACCTCTTTTACTTCCTGCAGTTCATCGTTGGTCTTGAGGGTATGCCCAGAAGGTATGCAGACTATCCTGCTATAGAGAGCTGGGTTGTCCTTCACCAATTGCAAACCATAGGGGCTTTCATCCTTGCCATCGGAGTGGGCGTAGCCCTTCTGAACCTCTTCCTCTCCGCAAAATTTGGCAAAAAGGCCTCCGACAACCCTTGGGAGTCTCCCTCTTTGGAATGGCTTATTCCTTCTCCACCACCACCTCACAACTTTGACAAGATTCCTCACATGCCCGAAGACTGGGACCCCTATAACTATGAGTGGCTCAAAAAGCACAAACAGCTTCCTCACTGACCTTATTGGGGGCTTTGCCCCCTTTAAAAACTATGAGTAAGATGGGAAATATGAAGTTTCTTATAGCTTTTGCTCTCTTAGGAATTGTTTTCCTCTCCTTTTTGTTTGGTCTCTGGTTTTACAGCAACCCTCAGGTAAGAAAGGCAAAGATAGATGAGTACAAGGAAAAGATACTCAAAAAGGAGAGGCGTTTTTGGTATAATAATAAAGAATAAACCGCACCTTTTCCGGTTGGGTTGCCCGTAAGGGTGATGGAAAAGGGTGGCAAAACCCAAGGAGGTGTAGCATGAGCGTAGCAACTATGAACGAGCTTTTGGAGGCAGGTGTCCACTTTGGACACAGCAGGGGTAGATGGAACCCCAAGATGGCTCCCTTTTTGTATGGAGTAAGGCAGGGGATCCATATAATAGACCTAAACAAGACCCTTGTCTATCTTAGGCAAGCTTATCACTTTGTGGCAGACAGCGTAGCCCAGGGGGCGGAGGTCCTCTTTGTGGGCACCAAAAAGCAAGCAAAGGACATAATAAAGGAAGAAGCAGAGAGATGTGGAGCCCACTATGTCAACGAAAGATGGGTAGGTGGCCTGCTGACCAATTTTGCAACTGTCCGCAAAAGTATCCTTAAGTTGCAAACCCTTGAGAGAATGGAAGCTGAAGGTGTCTTTGATGTTCTACCCAAGAAAGAAGTTAAAGCTCTGCGGAAAAAGATGGAAAGGCTACGCAAGTTGTACGGTGGCATAATTAACATGAAAAGGCTACCAGACATCATTTGGGTGGTAGATACGGTGAGGGAACACATAGCGGTTCAGGAGGCAAAGAAGTTGGGTATAACTGTGGTAGCCATAGCAGACTCTAACTGTGACCCTGATGTTATAGATTACCCAATTCCCGGCAACGACGATGCCATAAAGTCTATAAAGCTTCTAACATCAAAGATAGCAGACGCGGTCCTTGAAGGAAAGACAAGAAGAGAGTCCTTGGGAGAAGAGGCAATAGAAGTTGCCAGGAAGAGGATAATCACCATAGCAGAGGAAGAAAAAGCTCTCTTTGAAAAGGCTATGGAAATGTCTGAGAAGTATGAATACATAGACAAGGGTGCTGAGGAGCTTGAGTGATGCAGGAAGAAGAAAGGCTTTCTGAAGAAACACTAGGCGAGAAGCCTACTGAAGAGAAGGTTTTAGAGCGGTTGGAGGAAGAAGAAAAGAGGCTCAAGGAGTTAGAGGAAAAGCTAACCAAACTTGAAAACATAGCCAGGGTTGCCAACCAGAGACTTGTGGAGCTTCAAAGGGAGTATGAGCTCCTCAAGGAGAGATACAGGAGGGATATAGAGGAATTCAGGAGATACGGGCACGACCGGTTTGCTTTGGATGTTTTGGAGGTCTTGGACAACCTGGAAAGGGCTCTCGAAAGCAAAGCGGAAAGCGTCCAGGCGCTAAGAGAGGGTATAGAGCTAATATACAGGCAGTTTTTAAGCGTGTTAGAAAAGCACGGCATAAGGGCTATAGAGTTAGAGGGCAAGGAATTTGATCCGAACTTGGCAGAGGCAGTGGATAGAGAACTCTCCCTTGACCATCCTCCTAACACCGTTCTGAGGACATTAAGGAAGGGTTATTACCTTCACGATAGGGTCCTAAGACCTGCTAGGGTAGTAGTTTCTTACTCGGAGGAAGAAATAACTTAAAATAAATTTTTGGAGGTGTTATAATGATTCTACATCCGCTCTTTTCCTATCCCACTATCCTGTTAGCTATTGCGGTGTTTTCTATGTACATTTTGGGCTTTCTTTTTGGAAGAGATGACCTTCGTAGGTATGCCATATATGGACA
NZ_CP007028.1_gap30	1022861	1024921	2060	TCCAGAATAACTCCAAGTTTAGCCAACTCATCCCTTATGTAATCGGATATATCGTAATACTTTGCTTTTCTTGCCTTATCCCTAACATTGACCAAGAGCTCCAACAGCCTTTCATCTACCTTTTGTTCTTCAGAGCCTTTCTTCTCCCTTTTTTCCCTAACGCACTCATCTCGCTTTAGATCCTCCAGTATGCCAAAGATACCGGTTGTGTGCTTCAAAAGGGAGTTTACCGCATATTCATAAGCGGAGAGCTCATTGGACTTTATACTCTTTCTCTCAAAGGCGGTTTTCTTTATTTTGTTTAGCTCGGAGACTAGACCAAAGAGATGGGAAAGGCTGGCGGGGGTATTAAAATCTTGGCTCAGCTCCTCAAAGAACTTCTCTTCCACTTCCTTTACCTTTTCAAAGAGGGGATGTGTTCCAGAACTCTCTTCTATGGGTAGGTTTTTCAAAAGCTCCAGGTCTGTTATGGCACTTTTTAGCCTTTCGTAAGCCTTCTTTGTCTCCTCCATCTTTTCCCAAGAGAAGTCTAGGGGACTTCTATAGTGGGTAAATAAAACCAAAAGCCTTAGCACATCCGGATGGTATCTGGAATAGACCTCCTTTAGGGTGATGTAGTTGCCTAAAGATTTAGACATTTTTTGTCCACCCACTGTAACCAGTCCGTTGTGCATCCAATAGCGAGCAAAGGGCTTTCCAGTGCAGGCTTCCGCCTGGGCTATTTCGTTTTCATGGTGGGGGAAAACCAGATCAAGCCCCCCCGCATGGATATCAATGGTCTCTCCTAAGTGCTTGAAGATCATTGCCACACATTCGGTATGCCACCCTGGTCTTCCGGGACCCCAGGGAGAATCCCACGCGGGTTCTCCAGCCTTGGCAGACTTCCACAGGGCAAAATCTAATGGGTTTCTTTTCTTCTCGGAAGGCTCTACTCTTGCACCCGCTTCCAACTCCTCTGGGTTCCTTTTGGAAAGTTTACCATACTCTGGAAAAGCAGACACAGAAAAATACACATCTCCACCCGATTCGTAGGCATAACCCTTCTCAATAAGCTTGGATATAACCTCTATGATCTCTGGGATGTGTTCGCTGACTCGTGGCTCCACATCTGCTGGCCTTACACCTATAACTTCCATATCCTCGTAGTAGCTGGCTATATATCTGTTGGCTATGGTCATAAAGGGCACGCATTCACTCTTTGCTCTGTTTATGATCTTGTCATCCACATCGGTGAAGTTTCTAACAAATTTTACCTTGTATCCCAAGTGCTCAAGGTATCTCCTAAAGACATCAAAGACGATGAGACTCCTGCCATGTCCCACATGGGAGTCATCGTAGACCGTTACACCGCAGACGTACATTTTTACCTCTGGAGGATTTATGGGCACAAACTCCTCAAGCTTTCCGCTAAGGGTGTTGTATATCTTCAAACCCATCGGTAAAAATTTTATCAGAAGAGTACTACTTCTACCAATTCTCCCCCCTTGAGCTCTTTAACACCCTCCCTAACTACCATGTAGCAGTTGGCACCGACGTAGGATGTGAGCATATGAGATTGAAGCTTTGGGGAATAATCGCAGACAAGCTGCTGTCCCTCAAGGCTCAGGACCGCCCTAACAAACTCTCTTCTTTCTGGATCCCTTCGTGAAAAGTCCCTTTTGAGCTTTGCCCAAAGAGTTTTGGGCATATAATCCTTGGCAGACTGCATCTTCAGAAGGGCAGGCTTTACTATGAGGTCAAAGGCCATAGCGCAGGAGACAGGATTTCCCGGAATACCAAAGAAGAGCCCCTTGCCCTCTTTGTAAGTGCCAAAAAGTATGGGCTTGGCAGGCTTTATTCGGACTTTATGAAAATGCACCTTTACACCTACCTCTTCCACGAGGGTTTTTATGTAGTCCCTTTCTCCCGCAGACACACCACCGGTGGTTATAAAAACGTCGTAGTCTTCAAGCTGAGAAAGGGCTTTTTTCAGTTTATCTGGTTCATCGGGAACTATGCCAAGATAATGGGGCTCTCCCCCTACAAGGGAGATGCCCGCCATAAGGGTGTAGCCGTTGGAC
NZ_CP007028.1_gap31	1039003	1043088	4085	GGAGGACCTAAACTCCCTTAAGGAGATTGCCAGCTTGGACATCCCCCTTAGAAGGATAAGAGAGCTTTACTTTGAGGCAGAGGAACTACTAAAAAAGAAGAGGTTAGAGCTCTTTTTGGAGCAAATAAGGGAAAAGGTCCAAAGGGGCACAGCGGGTCAGAGGGAGCTAAAGGAAATAGAAGAATGGCTCCGAAATGCGGACGGAGAAGAGTTTGAAAAACTCTCAAGGGCAAAGGAGGAGTTGGAAAGGGAGCTTAAAAACAGACTGACGAGGGCTTTGGAGGAACTAAAGGTAGCCCTTGAAGGCAAAGAGAGCCAAGACCTTGAAGAACTTGAAGCGGAGGAGGAGGTAAAGAACTTTAGGGAATTCCTGAACACACTGTCGAGGGAATTGAGCAGGGAAGGAGAGCAAAGCCTCCAAAGGCTCTTGCAGGAAAAGGTTATCTCATACAGGCTAAAAAGGTTCAGAATAACCACCACCGAGGACAGGGTGTTCTTTGGCAGGGAAGATTTTCCAAAGTTTAGCGGTGAGCGCAGAAGGCTCTCTTGGAGGCTAAAGGTAGAGGAAAAGTTACCCATAGGTAGTGAGATATACGCAAAAATAGCCTTTGAAAGGGAAGATGGCGTCCTGTTGGAACCCAAAAGATACTCAAACCTTTTGCCTGTAAAAGAATTAAAGTCAATGCCCAAGTGGGTAAGGAGCTACCTCAGGCACTTACGAGGACTTTTCTCTTACGAACCCTACAGGCTCCCTCTTTTTGTCTCTTACGAAGAAACCCCCTGGTTTGTTTACAACTTAGAGAGGTTTGTTTCCATGGTCAAAGACCAGCTCAGCTTTGGAGAAGGCATACTTATATTGGAGGGAGATGCGGGTGTGGGCAAAAACTTCTTAGTAGAAGTATTCTCCGCCCTTACCAACAGACCCCTTTACATAATCCCATGCCACTCAAAGATGGAAAAGGAAGACCTAACCTACACCTATGAGTTTGACCCAAAAAAGGGAACAAAGCGCGTTTTCTCAGACCTTATCAAAGCTTTGCAGACCCCAGGTGCGGTCATATACTTGGACGAGATCAACACCCTCCCACCCGCCTTGGTAAAGCTCTTTAACCCCCTCTTTGACTACAGAAGATATTTGGTAATGCCTACTGGAGAGGTCATAAAGGCACGGAGCGATGTGATCTTGGTGGGCGGTATGAACCCACAGCACTATCTTGGCGTCTCTGAACTTCCGCAGGATATAAAATCCCGTGCGGATGTAATGTTTGTGGATTATCCACCCTTTGAGGATAGCAGGGGCTTTTTCCATCCCGACGAAGCACTCATCTTAAAAGACTATGTTTCTTCGCTTTCTGAACTTTCCAACGAAGAATTTGTTTATCTTTGGTATGCCCTGATAAATCAAGTGGAGACCCCACAGGCAAAAAGGTTGATAAACCCCACAAGGGAAAGGCACATATACCTTCTCTTTGACTTACTCAAGATCGCCAACCGCATAAGAAAGGCATACAGGGATTATCAAAGCCAAAGGTCCGAAGAACCTGTAGAGTTCGTGTTTTCCATCAGGGATACCATCCGATGTGCCAGAAGGTTAGAAAGGTACAACTCTGCCCAAAGGGTTGTAATAGAAACCATCCTGCCAAAGGTTAGCTCCCCCTTGGAGAGGGAAATCTTAAAAAACATAATAGAGAGCACCTAATCTCCACAGCGAAGGACCACCGCCTCCACCGGCACCTCTCCATCCCCTATCATCCCCAACTTCCTCGCCGCACCTTCTGAGAGGTCCAACACCCTGCCCTCCTTGAAGGGTCCCCTGTCTATTACCTTTACCTCCACCTCTTTGCCATTTTTTAAGTTCCTTACCCTCAGCAGGGTGCCAAGGGGAAGCTCCCTGTGGGCCGCATACATTCCATCTTTATCAAAGATTATTCCGTAAGAGCTTTCTCTTCCATGATGAGGCTCTCCATACCAGCTTGCCATACCTCTGATCACGGGAGGGCATACCGTATTTCCGTCCACCCCGCATCTTTCCACCTCCAAAACCGCCCTAAAGGGAGCCTTCCCAAGAAGAGGTTCAAACCTCTCCGGCACGCATACACCGTTGATATCATCCCTCCTATAGATGGCTATGGTTACGCTTTTTCCCGTGCTTTGGCTATAAACCCTAACCCGACTGCCTGCTTGAACAAGATTGCTGTATGCCCTGTTGCCCGTGCAGTAAAAACCTACCGTCTCAATTTTGGATGGACAGTATGCCCTGAGAGAACCTGTTGCCCGCTCCCTTTCCCTTTGAGAAATGGGCTCCCTGTCCTTTATAACCACCGTACAACCCGACAGAAAAACTACCAAGAGCAGGAGCCACATTTCCAAAATACAATATATTAAGTGCTAAGAGTTCTCTCGGTGGTAGATGGCTTTGGCTGGAGTGGAACAAAGGAGCAGGTTTATCTCCTTGCAAGGGAGCTAAAAAAGCGAGGAGTGGATGTGGAGCTTGCCCTTGCCTACCAAAACAAAGAAATGGTAGAAAAGCTTTCCCCCTATGGTGTAGTCTTTCGGTTTTTTGAAAACCACACCAAATTTAACCGGCTGAACCCTGCCAACTACCTAAGGTTATACAGGATCATAAAAGAAAACAACTACCATGTGGTTATAGCAAACTCTCCCCATGCTTACGACTACGTTAGGCTCGTCTATCCCTTTTTAAAAAACAAGCCAAAGCTTGTGGTGGTCAAAAGAAGTGCAAGGGTGCCAAACCTTTTATCCCTAAAGCTAAAGTATGCATACGCAGATGCGGTGGTAGGCGTTTCTAAGGCGGTTGTAAAAAACCTTGCATCCGCAGGCTTTCCAGAGCATAAACTCTATGTTATCCCAAGTGCTATAGACTTAGAGAGGTTTTATCCGAACCGGGAAAAGGGCTTAAGCATAAGAAGGCAGTTGAACATTCCCGTAGATGCCAAGGTCTTTGTAAATGTTGCCAATTGGAACCCTCCAGTGAAAGGACAAGACATGCTCATCAAAACTTTCTCCGAGCTAAACTGTTCCAACTGTTATCTGCTTTTGGTGGGTTCGCTAACAGACACGGAAGGAAAAAAACTGGCAAAAGCTTACTCGGTGGAGGAAAGGGTAATAGGCGTGGGCTTTAGGGAAAACCCGGAGGATTATATCAACGCGGGAGATTACTATGTTATGTCCTCTTACCTTGAGGGACTGCCTAATGCACTTTTGCAAGCTATGGCTTGCGAGAAGGTTGTTATAGCCACCAAGGCGGGCGGAGTGGAGGATTTTTTGAAGGATGGTTTTAACGGCTTTAGTGTGGACGTGGGAGACTTTAACGCCCTTAGGCAAAAGATGGAAATGGTGCTAAAGCTATCTCCGGAGGAATACCACCAAATAGGCAAAAGGGCAAGGGAAACCGCCATGAACTTTACCCCCGAAAGAACCTGCCAGGAGTATATAAACCTCTTCCAAAGACTCTTGGGAGTAAAATAACCACATGTTAGTGCTTTTGTATCACAAGGTTATAAAAAATCCCGGTTTTGACCTTTGGTGGAAAACCTTTGATTTGCAAATAAAAGTACTAAAGAGCACATACAAAATAGTCTCTTTGGATGAGGTTTTGGATTGCGTGATAAACGGAAAATGCCACAAAAACGCGGTGGCAATAACCTTTGACGATGGCTATGCGGACAATTACATTTACGCCTATCCTATCCTGAAAAAACACAAAGTAAAAGCAACCCTCTTTTTGGCAACCTCTCGGGTGCTATTGGAGGAAAAAAAGAGACCTACCCTCCTTGATTACTGGGAAGGGAAAGTGTCTTGGGAAGAGCTTTATAGACCAAAGAGCATGAAGGATGCAAACGCAGAGTTTGTAAAGCAGGGCAAAAGCACAGACTTTTTGACTTTGGAGGAAATAAAGAGTATGAGGGATGTCTTTTCCTTTGGCTGGCATTCCCATTGGCATCTAAAAGCCTTTGAAAGGGACGAAGTTATAGACTTCTACGATGGAGATGGACACTGGTCTCTTTTGCACGCATACAAAGGTGATTTAAGAAAAGGTTATCCTATCTTCCCTATGAAGGGCT
NZ_CP007028.1_gap32	1135666	1139234	3568	TAGATAAGAGGAGATACCGCGTGCAGCAGGATCACGCTGGCGTTGTGTTTAAGGGCTAAGAATTTGGCTACTTTCAAGAGAGGGTTCGTTATGTCAGTAAAATCCACGGGAACTAAAAATTTCATTTTCACACTCCCAGTTTTAATTTTACCACCTCCCATAGATAAGGAAAGAGGTTTGGAGTGCCCGCCACAACGTCTGTACCGTTGTTTAAACCCTTTGTAAGCTCCGCTATACCTCCAGCTTCTTTCACGATAACCACTCCCGCAACCACGTCCCAAGGGTTCAACTCAAACTCAATAAGCCCGTCAAAAACTCCCTCCGCCAAAAGGCACAGATCTACTGCTGCCGCACCCGGTCTTCTCATAGACCCTACCTTTTCAAAAACCTCCTTAAAGATCTCCCAGTAAAGGTTTAAATCCCTCTTTGCCCTGGAGGGAAAACCATAAGAGACAGACATTCTTCGCATTTCTTCCCTTGTGCTCACCTGGATTCTTTTGCCATCTTTGTAGGCACCAAGCCCCTCTCCCGCATAATAGAGACTGTTAAAGTAAGGGAGATAGACCGCACCCACGACGGGTTTTCCTTCCAACACCAAACCCACCGACACACCAAATATGGGAAAACCACACAAAAAGTTTTTTGTGCCATCCAGGGGGTCTATATACCAGACCGCCTCTCCAAAGGTAGATCCTCCGTCTTCCTCTCCTACCACCGAGTGACTGGGGAAGTGCTTTAGTATGTAATCTCTTATTCTCTCCTCCGCTTTCTTGTCTGCCTCGCTTACCACATCCTTTTCGCCCTTGAAATAAACCTGGTTAGATAGAAGTTTGCGGAAGTACTCCTTTAGCACTAGACCGCCAATCAAAGAAGCTTCCTTTGCCACCTGAAGAAATTTTTCTGAGTTCATCAAAGTAAAATATTATCACACCCATGAAAAGGGTCCTAGTTTGGGGCTTAGGAGTAAGCGGAAGGTCCGCCATTGAACTTTTAAAGAGTAAAGGTATTGAGGTTTATTGGGGTGATGATAAAGACAAGGTGGATTTTAGGGAGTTTTTGGGGGTTGTGGATACGGTGGTTCTATCACCGGGTATTCCCCCAAGCCATCCCCTTTGGATGGAAGCACAAAAAAAGGGCATAGAAGTTATCGGAGAGTTGGAGTTAGCATGGAAGTTCTTTGAGGGAAGGGCAATAGCCATCACGGGCACTGATGGGAAATCCACAACAACCAGGCTAACCTACCTTATGCTGAGCTCTTATTTTGACAACGTGGGAGAGGGTGGAAACATTGGCGTTCCCTTTTCGGATATAGTCTTAAAAAACCCAAAGAGCTTGGCGGTATTAGAGGTTTCTTCCTTTCAGGGTAAAACCTTAAACACCTTCCGCCCTGTGGGTGGAGTCTTTTTGAACTTCTCTCCAGACCACTTAGATTGGCATCCTACCCTAGAAGATTATCTCCATAGTAAATACAACATCTTTGCAAGGCAAACGGAAGAGGATTTTATAGTGCTAAACGAGTTCCAAAAGGAAGTGGCAGAAACACCCACAAGGGCGCAAAAGATTTTTATAGGACAGAGGGATGCCTTCATCAAGGATGGCAAAGCCTACCTTTTTGGGGAACCGCTCTTTGAGTTGGAAAAACTCAAGCTCTTTGGTCTTCATAACGCATACAATCTTCTGTTTGCCTCCGCCATAGCAAAGAGGATGGGGGTGCCCACAGAGAACATCCGGGAGGTTGCCTACACTTTCAGAGGACTTCCCCACCGTTTAGAGTATGTGGGAGAGATAAGGGGTGTAAAGGTTTATAACGACTCTAAGGCTACTACACCTCATGCCCTTCAGTCTGCCTTGGAAAGTATGCCCGATGGCAAGGTTATTCTCATCGCAGGAGGAAAGAATAAGGGATTTAACTTTGAGGAACTCCTACCGCTGGTTAAGAAAAAGACAAAGGCTTGCCTTTTGATAGGAGAGGCAAAGGAGAAAATGGCAAAGGCTTGGAACGAGGGTTATCTCTGCAACGGACTTGAGGATGCGGTAGAAAAGGCCTTTGAGTTGGCAAAGGAAGGGGACATTATCCTCTTTTCGCCCGCCTGTGCATCCTTTGATATGTTTAAGGATTATAAAGAGAGGGGAGAAGCCTTTAAAAGGCTCGTATTGAGCTATGTTGAGGAGTAGTTTACCATAAGATCTCCTTTTGATATGGTATAATAAATACCTTAAAATCACTTTGGAGAGGTGAAAGGATGAAGACTTACAGGGTAAGACCTGAGGATGTGGTCAGAAACTGGTGGCTGATAGATGCAGAAGGCAAAATTCTTGGAAGGCTTGCCAGTGAGGTGGCAAAGCTTTTGAGGGGCAAGCACAAGGTCTATTATCAGCCGGATGTTGATTGTGGAGATTTTGTGGTGATAATAAACGCAGAGAAAATAAGGGTTACTGGCGACAAGCTAGAAAAGAAGATCTACCATTTCCACACCAACTATCCAGGCGGACACAAAGAGAGGACCCTACGGTGGATGTTGGAGAACAAGCCAGAGGAAGTGATAAGGCTTGCGGTTAAGCGTATGCTCCCTAAAAACAAATTGGGGCACAGAATGCTAAAAAGGCTTAAGATAGTGGTAGGACCTAACCATCCCTATCAAGCTCAAAAACCACAGCCCTTGGAGGTTAAAGCATGATAAAGCAGTTAAAGGACTTTAAGATAGGTCCTGACAATGCCTTCTATGGTACCGGCAGGAGAAAGGAAAGCATAGCCCGGGTTTGGTTGGTCAAAGATACAAACAAACAAATAGTTAAGGCGAAGGACAGTGGCAAAGAGTTTGACCTGAGGGAGTATCTTCAGAGGGAGACCCTTTATAGAAAGGTAATGTTCCCTCTAAAGCTAACTGGTTTGGAGGATAAGTTTGGTATATATGCCACCGTTGAGGGTGGAGGTATATCTGGGCAAGCGGAAGCCATAATGTATGGAATCGCCAAAGCCCTTCTGAAATATGACCCAGAGCTCAGACAAACGCTAAAGAAGGCTGGTCTGTTGACACGGGACGCAAGGGAGAAGGAGCGCAAGAAGTATGGCTTGATGAAAGCAAGGAAAGGCTACAGGTGGAGCAAGAGATAATCAAAGTTGCCATATACGGAGCCACCGGATACACCGGTGTAGAGCTTTTAAGACTACTTCAAAACCACCCTAAGGTAAAGGTTTCTGCCCTGATCTCTCAGTCCCAAGCTGGCAAAAGGCTAAGAGATGTCTTCCCTTTCTTTTACGGAGAACTTGGAAACTTAACACTTACAGAGGAACCAAAAGAGGACTATGAAGTAGCCTTTCTGTGCTTGCCCCACGAAGGTTCTTTGGAGTTGGTGCCCAAGCTTTTGGAAGAAGGTAAAAAGGTAATAGACCTCTCCGGTGCCTACAGGTTAAAGGATCCTTCCCTTTATCCCCACTATTATTCCTTTGAGCACAAACATCCAGAGCTTCTGGAAAAGGCAGTCTATGGCCTGCCAGAGATATACAGGGAGAGGATAAAAGGCGCAAGCTTGATCGCCAACCCAGGATGTTATCCTACCTCCGTGC
NZ_CP007028.1_gap33	1197459	1200425	2966	TTTCTAACATCTTTTCCGGGCTTAACCTAATTGCCAGCAGACAGATTGAAGTGGGAGATTTTATTAGGTTAGAAAACGGTGAAGAAGGTTATGTGGAAGACATAACATGGATGAACACAGTCATTAGGAGGAGGGACAACAACCTTGTGGTGGTGCCAAACTCCCGTTTGGTTAACTCCATAGTAATAAACTACGGAAAACCAACGCCCTCAATGAACATTACAGTTTCCGTTGTGATCCCATATTCTTCGGACCTTGAAAAAGCAGAGGTGCGGACCCAAGCTTTGAGCCCTCTGTGCGCTACAGTGCCTTTATAGAGCTTGGAATCACCTTAAACATCACGCTCAGAGTTCTTAACCCAGACAGTCAGTTTTTTATTCGCCACGAGTTTATAAAAAGGAAGTGCTTAGAGCTTTACAAGTATCTGTGGGCTTCCTGGGCATCCTTGAGGTCACAAACCTTGTCCACCACTGACTTTAAAAGCCCCCTCTCAAAGAGTTCGGTGATCTTAAAGAGGTCTGCCCTTGGTCCCATGTAAACACCCAAAAGTTCAATTTCCCTAACAAAAACATACCTTATATCTATGTCCGCCTAAAGCAATAAAGTTTTGAGTTATAATTTTTATCATAACTTTTTGACGGAGGTAGAGTATGAACCTGTACGAATACGAAGCCTACGATAAGATCTTCAAAAAGTATGGCATACCTACTCCCAAGTATATATTTACAGACCATCTGAACGACGAAGTGGTAGAGTTTATCAACCAACTGGGTGAGTGCATGGTAAAGTCTCAGGTGCTGGTGGGCAAAAGGGGTAAAGCTGGGGCGGTCAAGCTGTGCAAAACTCCCCAAGAAGGTGTGGAAACGGTGGAAGCTCTTCTGAAATACCCCGTGTATGGCGAAATGCCCGTTGGTGTTATAGTTTGCGAAAAGGCAAACATACTTAAGGAACTTTACGCATCCATCACCTACTCCACAGAAGTGCGGGCGCCCGTTTTGACCCTTAGCTTAGAGGGCGGTATGGACATAGAGGAAGTGCCACCGGAGAAGGTAAAGAGCTGGCCCATAGATCCTATCAAGGGGCTCTATCCCCACATGGTAAGGAACTATCTTTTGGGGCTGAACTTTCCTCAGGAGTTTATGGGTGTTTTGAGGGAACTCTCCGAAGTTATAACCAACATGTGGAAGGCTTTTTGGGAGGTGGAAGCGAGGCTTTTGGAGATTAACCCCTTGGCTATATGCGATGTGGATGGTAAGCAAAAGGTATTAGCTTTGGATGCGGTGGTGATCATTGACGATGATGCGTCAGTGCCACCCGCCAAGATATATGGCCTGAGGACAGCCCTAAAGAGACCACCTACAGAAAGGGAAATAGAGGCCTCTTTAATAGACAGGGATGACCATAGAGGTAAGGCAGGTTCCTATGTGGAAATGGATGGCGACATAGCCATGATGACCTTTGGAGGTGGTGGCTCCACCGTAACCATAGAGACCGCCTACGCAGTTGGTTTAAAGCCCGCTAACTTTACCGACATTGGTGGCAACCCACCGGCGGAGAAGATGTATAAGATCACCCGCATCATCCTCTCCAAGCCCGGTATAAGGGGTGTGCTGGTGTGCGGTGGAACTGCCAACAACACACGAATAGACGTCACCCTTGGAGAAGGCGTAGCCAACGCCATAAGGGACCTCTACAAGGAGGGCAAGCTGGACCCCAACTGGATATGGGTGGTCCGCAGGAACGGTCCGGAAGCGGAAAAGGGCTTGAGAATGCTCTATGAAGCCTTCAGAGAGTGCGGTGTAAAAGGGGAAATTTACGATTCCACACTGCCCTTAACGGAAGCACCAATAAGATTAAAGGAGCTTTTGGATAAGTGCCAAGGTTCCAAGAAGGAAGAGGGGACCTTAACAGAAGAGCAAGCGAAAGACTTAGGTATTTAAGGAGGAGAAACTATGAAGGGAACAGTTTATCTTAACGAGAACACAAGGATAATAGTAATGGGTATTACCGGAAGGGAAGCGTCTCAAGTGGTCACCGAATCGGAAGCTCTCTATCCGGGCTTTGTGGTGGCTGGCGTTACACCCGGGAAGGGTGGCACTCAGGTGGCAAACAAGCCTGTTTATAACACTGTAAAGGAAGCCCTGCAGAAACATCCCGAGATAAACACGGGACTTGTCTATGTACCACCCACATCCGTAAAGGATGCAGTCATTGAGCTGATAGACGCAGGTATCAAGCTTATATACATAGTAACGGAGCATGTGCCCATAAGAGATACGGTGTATTTTTACCATTATGCCAAAGAAAGGGATGTAATCATAGTTGGACCCACTTCTTTAGGTTGCATTGTGCCTGAAATTCCTGCAAGGATAGGTGCCATAGGTGGAAAGGACCCGACCATAGCATACGCACCGGGTGGTCTTGTGATCCTGTCCAAGTCTGGTGGACTTACTACCACCACTGCGGAGATGTTTAAAAGAAGAGGGTGGGGTGTTTATATGGCGCTTGCCCTCGGTGGAGACGTGATCTCTTGCACCACCTTTGCGGATGTGTTAGAAAAAATAGCCGACGATCCTAAGGTGAAGGGTGTGATCATTCAGGGAGAGGTGGGTGGCTCTTATGAAGAGAAAGCTGCGGAAACAATCCTAAGATTGTACAAAGAAGGCAAGTGGAACAAGCCCGTTGCTGCCTTTGTGGCTGGAAGGTTCCAGGAGAACTTGGAAGGTGTGTCCTTTGGACACGCTGGTGCTATAGTGGAAAGGGGCAAAGGTAAGGCTACCGACAAGATCAGGATGTTCAACGAAGTGGGCAAAGAGACGGGACTTGTAAAGGTGGCAGAGTTTTACCACGAACTGGTACATTGCATAGAGGAACTTGGAGTTCCAAGGGACTTTGAAGACACCACTCCCGGTGGAAAGGTAAAACCTCTTTATTCTACCATAGACGAAGAAACCTGCAAATTTGTA
NZ_CP007028.1_gap34	1201796	1203065	1269	CTCGTCAAACTCCCTACAACCGTAGGGGCAAGCCCAAGAGCAAAGCTTACAACCTATGCAATCGTCGTAATTGACGAGCACTATGCCATCCTGTTCCCTTTTGTAGCTGGCACCGGTTGGGCAAACGGGTACGCATGGTGCATCCTGACAATGTAGGCAAGACTTGGGAAGGTGGAAAACTTGCGTATCTGGAAATTCTCCCATTTCGTAGGTCATGATGCGGTTATACCAAACACCCTTTGGGTTCCTGCCGTAGGGATCAAAGTCCGATAGGGGTCCAAAGGAAGCTTGTGTGTTCCACTCCTTGCAGTTTGTAGCACAAGCATGACAACCAACACATGTGTTTAGGTCTATTACCAACGCATACTGGGGCATGGTTACTCCTCCTTTACAAGCCTTTTTGATAAAAGCCTTTTTAAGGCTAAAAGCTTACGAAGCAATAAGTTGCTCATTTCTCTCATTCTATTAAGCTTTTCCTCGTCTGAGGGCTGAGGATTTTTGGGGTCTATTTGCATGCTAATTCCATGAAACTCGCAATGAATTTTTTCTATTTCGTCCACCAAAGTCCTTACTTCCTCAGGAAGCTCACTCTTTACAGGTACCACCGTACTGTCCCACTCTACACCAAAATTACATTCATGGCAAGTTTTGTGGGTAAACTCTTCACCATCTTTTATGGCCCTTTCTAATCTAGATACATAAGTATCGTGGTGAGAAATAAAAATACCCACTTTGTTAGCAAGCTCCTTTAATACTGTAGACGGCATCTCTATACACCTCCTTCAAAGACTTCTTTTAGGTCTATTTCTATACCTAAAATCTCCGAGAAAACCTTTCCCTTTTCCCTTGCTTGGGAACTAAGTTTAAAACCGTCTTCTGTGTTCTTATAAATCTCAAAGGTCTTTCTATTTGGGTCTAAAAGCCAATACTCTTTTACTCCTACCCTTTCGTAAACCTCCTTTTTCACAATCAGGTCGTAGTAAGCGGTGGAGGGAGAGAGAATTTCCACCACCACATCGGGAGGTCCAAATATGCCCTTTTCTTCAACCTTTGCCTTGCCCTCTTTAAGAAGGACCGCTATATCCGGTTGAAAAACATTCTTCTCGTCAAGATAGAGGTCTATTAAATGAATTACAGTGCCCATTTTTGTTTCTTTCTCAAGTTTATGGAGAAGATAGAGGAGCCTTCCTGCCACTTTCTGATGTATAACCTCAGGGGTGGGGGTCTTTATCAACTCCCCATTTATGAGCTGATAGTAGGGCGGTCCTT
NZ_CP007028.1_gap35	1262465	1263027	562	GAGGCTTTGGAAGAAAGGCAAACGTGGAGTTTTTAAGAGAAGCAGTGGAGGTATCCAAAAAGCTTGGAAGACCAGTAAAGCTAATATACACCAGAGAGGATGACGTAAAATCCGGCTGGTATAGACCTATGAACGCCACAAAGTTTGTGGGAGCCTTGGATGAAAAGGGGAGGGTAGTAGCCATACATCACAAAATAGCTGTGCCTGCGGTCTTTGAGTGGGCAGGAATGCCCTCAAAAATAGATAGGGCGGCGGTGGAAGGAATAGAAAACATGCCCTATTCGGTTCCCAACTTGCATGTGGAGTTTGTAAAAATTGACCTTCCTATACCTGTTTGGTTCTGGCGTTCGGTGGGAAGCTCCCACAATGCCTTCACCCTTGAGACGTTCATAGACAGGCTAGCAAAGGCGGGTGGTAGAGACCCAGTGGAGCTAAGGCTTGAACTACTCTCCAAAAATCCAAGAGCTCGGCGGGTAGTAGAGGTGTGTGCTGAAAAATCGGGATGGGACAAGGGTTCTCACAGGGGAAGGGCTATGGGATTAGCTTATCATTTCTCCTTCGG
NZ_CP007028.1_gap36	1264855	1265405	550	CGTTTTTGAGGGTAGCATATGGGATGCCACCAAGCTGATCCTAACCAAATACCGGTGGAGGTTTCTTTTTAGTGCGTCAATGAGTTTTACCATACTTACCACCTACTACGGCATGATCACCTTTTTACCTCTGGGTCTTTCAAAGGTCTATAATCTTAGCTCCAAGCAGGTCTCCGAGGTGCTCTTCTTTGGAAGTGTGGGAGGACTGATTGGAGGTCTTGTGGTAGCCTTTCTAAACGACAGGGTAGGGAGAAAGGTGCTTGGGGTTAGCATAAGTGGGCTCTCCGCTTTGGCGGTTTTTCTGTTTTTGCTAACGGACGCAAACCCTAAAGTTCTTTACTTTTTGTATTCGTTGATCGCCTTTTCCTTTGCCTCTGTGGCTTATGTGATCGCAACGGAGATATACCCATCCTACATTAGGGCATACGCCATAGGAGTGCTCTCCGTTGTAGGAAGGCTCTCGGGTGCCCTTGCACCACTGCTTGTGACAACCTTGGCTAGCAGAGACTACCTGCTCGGACTTTTGTGTATATCCCTCTTTTGGTTGGTG
NZ_CP007028.1_gap37	1423659	1427342	3683	TCTTGGGCTATGTAGTCTTTGTCCTCCAAAAGCCCTCCCGTGTCCACCACCCAAAAGCTTTTATCCTTCCAATGGACGATTGCCTCCAAGGCGTCCCGGGTAATGCCGGGCATATCATGAACTATGCTAAGCCTCTTTCCCACCAGGCGGTTAAAGAGGGTGGATTTTCCTACGTTCGGTCTTCCAACTATGACTACCTTATTCACTGTATATCTATTATAGCCATATCTGGTGGTTCAAAAAAGCGCATGGGAGGACCGCCTGTGCCAACACCTTTGCTAACAAAGAGGACACTTCCCTTTCCCAATTCTACCCATCCTGCGTTAGCATCAAATAGTCTTGGAATGATAAACTTTCCCACAGGGTAGTAAACCCCTCCGTGGGTGTGTCCCGCAAGCATAAGGTCAAAGAGTCCCAACGCCCTTTTATCCACCCTTGGCTTGTGCTTTAAAACAAGGATGAACTTATCCTTTGGCAGGTCTTTTAAGATCTCATACTCGCTGAGAGGTCCTACGCAGGCATTAAAAAACCGGCAGTCGTCGTCATCCACTCCTACCACAATAATGGAGCCCAAATCTACCCAAGAACCTCTGAGTAGCACAAAACCTGCACTCTCTGTAAATTCTATAGCCTGCTGGACACCCCTATAGTACTCGTGATTGCCAAGCACCGCAAACTTACCCAAGGGCGGAGACATTTCCCTTAGGGCTTGAGCCAGTCCGTCCTTTCTCTTCATGTTTCCATCCACCAAGTCGCCCGTAGATACCAAAAGGTCTGGCTTGTACTTTTCATACACCTCTTTTATAAGTTTGATCTTGTCCATCCCCATAACAGGTCCCAAATGGACATCGGAGATATGCATGATCCTTATTCTCTGTGAAACCTTGTCGGTTTTTATATGAAAGTGATAAACCTCCGGCTTTAGGGTTTCGTAGTAGCTGTAAGCGGACAGGCTAAGGGCAAGCGAAAGGGCTATGACAATGGATAACTTTTTGCTTGGTCTTGGTAGAGGGTTTATCCCAAAGATGGAATGCATAGCCCTAACAAAGAGAGAATAGAGGTCCAAAAGGAGGAAAGATATAATCAAGTATAGCAAAAAGCCCATGTAGAGGAGGGTGCCAAGACCTATGATATAGGAAAGGGAAGGAGAGAAGTTGGCGTCCGCATACCTCATCAAAAAGGGAGAGAAAAAGCCCAAAGCAAGGACCGGTAATATAGCCCTGTGCCTTAACCTAAGATACACATAGAGGTTCATAAGGAGGTATATACTCAAGAAGGCAAGGATAAACCATTTCATGCTTCTTCTAATTTATATCCCACACCCCTAACAGTCTTTATCCACTCGCCCTCCTTTCCTAACTTTTCCCTAAGGTTTTTTACATGAACATCTATGGTTCTATCATAGACCTCCTTTTTTAGAACATGTTCCACTAAATATTCCCTGCTTACGGGCTTTCCATAGTTTTCCAAAAGGGTCTTCAAAACGGCAAACTCCGTTTTTGTTAGGTTTATGGGTTCTTTGCCCCTTCTTACTTCCATCCTTTCCATATCCACCGTCAAACTACCAAGCCTTACAATCCCACCCTCCCTTAAGGCACCGTACCTTCTCATAACCGCCCTTATTCGTGCCAAAAGCTCTTTTATGGAAAAGGGTTTGGTAATGTAGTCGTCTGCCCCAAGCTCAAAACCCTTTAGCTTGTCCTCCTCCGCAGTTTTGGCAGTCAAAAAAATTATTGGAACATCCTTAGTTTCTGGAGAGGACCTGAGTATGTTTGCCACTTTAAAGCCATCCAAGGAGGGTACCATCACATCCAATATAAAAAGGTTTGGCCTTTCCTCCTTTACCCTCTCCAAGAGTTCAACACCCTTGCTAAAGGAAACAACCTCAAAGCCTTCCTTTTGTAGATGGTAGGTTAAAAGCTCCAAAAGGTCTGTGTCATCCTCCAAGAGGAAAACCTTCATGTTTTGGGTTTGATCCTAACAACCACCTCATCTGGATTGACCGTTTCGCCCACCTGTGCCAGAACCTCCTCCACAACTCCACTTATGGGTGAATGCACTTCGTTCTCCATCTTCATAGCCTCAACTACAAAGAGCACATCCCCCTCTTTCACCTCATCCCCCGGCTTGACCTTTATATTGACTATTTTGCCCGATATGGGAGATGCCACATCCCCCAAGGCTACCGGCTTGGACCTCTTGGGTTTTACCTCTGTGCCAAGGCTTGAAAGGTCTCCGCTAACTACCTCCGTTGGGCTGAGCTCCCTGACGGGTTTAAGTAGCACCTCTTCTAACCTGCCGTCCAGCCTTATAAAGAAGGTCCTTCCATCTTGGGTGGGCTCACCCCTTCCCGCTATCTGCACATGGTACTGCTCTCCATGGACGGTGATTACAAACTCCACCGGGATGTTTTCCCTCTTTTCTTCCTTCTCCTCCAGTTCGGGCACGTAAGGCTCTCCCTTTTCTCTCCACTCAAAGAACTCCTTTGCCACCAATGGGAAGAGGGCATAAGAGAGCACATCCTCTTCGCTCTTTGCTCCCGCCTTTATGGCTTCTTCTCTGATCCTTTCCAGCTCAGGCTCCAAAAGGTCTGCGGGTCTTATGTGATACAAAGGCTCCTCATCACCCAAAACCTTCCTTAGAACCTCCTCCTTTATGGGTGCGGGCGGTCTGCCATAAAGACCTTTCACATAGTCTTTGACTTCCTTAGTAACAACCTTGTATCTTTCTCCATGGAGCACATTCAGGAAGGCTTGAGAGCCCACGATCTGGCTGGTGGGCGTTACCAAAGGTGGATAGCCAAGGTCCTCCCGAACCCGGACCACCTCCTCCAAAACATCTGGGAGTTTTTCTTCCATTCCCTGTTCCCTAAGCTGGCTTATGAAATTGGTGATCATACCGCCCGGAATTTGATGCAAAAGAACACCCACATCTGGGTATGGTGGCAAAACATCAAACTTTTTGTATTTCTTCCTTACTTGAACAAATAGGTCTCCAGCCTTTTGGTACAGCTTTTCATCCACATCCACTTGGTAGCCAAACTCCCTTAGCACATATATCATGATCTCTCCCGCAGGGTGGGAGGTCTGGGAAGAGAGGGAGTAAAAGGCAGTGTCTATCATGTCTGCGCCAGCCTCTATGCCTTTCAGCTGTGCCATCTCTGCCAAGTTGGCACTGGTTTGGGTATGAAGGTGAACCGGATATTTGGGAAATTCAGATTTCAGGGCTTTCACAAGTTCATAAGAGACCTTTGGAGATAAAATCCCCGCCTGGTCCTTTATGGATATTATGTCTATGCCCATATCTACCAACTGCCGGGCTATCTCCACATAGTATTCCACCGTATGCACAGGGCTTATGGTATAAGAGAGAACCCCCTTAACAATGGCACCCACCTTCTTGGCAGTTTCTATTGCCTTCCTTAGGTTTCTGGTATCGTTAAGGGCATCAAAAATCCTAAAAACTTCTATACCATTGTCGTAAGCTTTTTTCACAAAGGCTTCCACCACGTCATCCGGATAGTGTCTGTAGCCTACCAAATTTTGACCTCTCAAAAGCATTTCCAGTTTAGTGTTTTTAGCCCTCTCTTTGAACTTCCTGAGCCTTTCCCAAGGGTCTTCCTTTAGAAACCTCAAGCACACATCAAAGGTGGCTCCACCCCAAACCTCTAAGGAGTAAAAACC
NZ_CP007028.1_gap38	1447824	1452499	4675	ATTCCATAATTTGTTCAAAGGTATAGGGACATTCCTTTGGAAAATCTTCTTTTGTGGGAAACCTGCCAAAGTATTTTTGGGCTAAATCCTCCTCCTCTTTAAACCAAGTAATGAGACTATTAACCGCCCTTCTCCAAGCCTTATTCAAGCTCTCCTTTTCTTGGGCTATCCTTTTCAACGATGGCATTTCATCAAAGAGGTCTATTAGTTCCTTTCTTGCGTTGAGGATGCTCTTTTTCCAACTGCTACCCATATAAGCGGATTCCCTGTAGTTTTCCCACTTGTAGAGGTGTTCCATTATGACCGCCATAAGGCTTATTACACTTCTCAGTTCTTTCCTTGCCATATACTCTATCTCCTCTAAAAGGTTCTCCCAATCTACAAGCTCAAACTCTTTATTTTTGAGAAGCTTTAGGTTCTCCAGCACCCACAGGTAAAAGTCTTTTTCATAGAGTTCCTTTAGACTTTGTGTTTTTAGCTCCATGAGTTTTAAATATAAACCGGTGGTTTGGTTATAACTTAACCCAAGGTTCGTATTCCATAACCTGCTGAAAGGTATAGGGGCATTCTTGCGGGAAATCCTTTTCTGTTGGCAACTTTCCAAAGTATTTTTTAGCAAGGTCTTGGTTTTTAGGTTCTTTAAACCAGTCAATCAGACTATAAACTGCCAACTCCCATGCGGTTTGTATATTTTCCTTTTCCTGAGCTTTTACCTCTACGGACGGATGTCTTTTAAATATTGTTCTCAGCTCCTTCCTTGCATTGTTTATGCTCTTTATCCAGCCGTGTCCTGCATACTCCTTGTATCTGAAGTGTTCCCACTTGTAGAGGTGTTCCATAATTACCGCCATCAGGCTAACCACACTGTCCAGATATCTCCGTCCCATATCCTCTATCTCCTCTAAAAGGTTCTCCCAATCTACAAGCTCATACTCTTTGTTTTTGAGAAGCCTTAGGTTCTCCTGAACCCATAGGTAAAAGTCTTTCTCGTAAAGCTCCTTTAGGCTTTTTACCTTTAGCTCCATAGAATTTAAGTTTAAGCACAAAAGGGTAAAAAGCTTGGCTATCGTTTAATATACCTTCACCGCCACGATCCTTTTGTACAGATTGGTAAGTCCATCCCTTTCCAAAAGGTTTTTAACCACCGCCTTTGGATAAACCATTTTTCCATCGTCCCTTTTTATGGCATAGACCGCATGATAGATCACCGGGTCCTCTCCCTCGAAGCCTCCAAAGATCATTATGTGCCCTTTCATGTATAACACTGTCCGGTAAGGTGGAAATGTTTTCAAGAGTTCCTTCAGCTCTTGGTAGCTGTTAAAAGTTCTCTCCACACCCCTTCCGACGGTAGCTTGCTGGCTGGAGTTTCTTGGAAGTTCTATACCAAAAACACCAAAGAAGGCACGCACCACTGCGGAGCAATCATAAAAGCCTCCCCACTCGTAAGGCATACCAAGAAGACTATCAAGGAGAAGCTTTGCCTTATCTTCTGAAAATTGCCAGTAGCCTTCTATAACGCCCTCACCCTTTATCCACTCCACACTCCCATCGGGCATCAAAACCAAGTATCTGTCCTTTTCCTTTGAAAGATAGGGAATTTTTGCGGACATTGAGTATTCAAGCCCTCCTATCTTAAGCTTGGGCTTTATAACCACCAAAAAGGGAAGGTCAAGAAGTCTAAAAAATTCCTCCTCATTCAACTCCCTCACGTCCTCAACCTTGAGCCATCCCCTCATTATAGGACTTTGAACATAGAGCCATCTTCCATCCTTGGACCGGTGGAGCACTGCCAAAGGCGTAAGAGGGTCAAGGGCGGTGTACTGATTGTAATCTATCTCCGGGTTTCCCTTATGGACCGTCAACTCTGTGGGAAGGAGCTTTAGGTCTGCCCTCCTTAGGGTTATGCCGTACTTTACATCCACCTGTTGAGGCACTGCGTCTAAATTAGCATTTTCAAGGAGTTTTTTCATAAGCCCTTCAGTTAATGGCACATTGCCCAGGTAGAGCCTAGTTTTTGGATAGCTATCCTCCGAGAGCCAAGACTTGAGCTTTTCTCCTTCCAACTGACGAGGAAAGCTTCTCAGGTTTGCCATCTGAGGGAAAAGCTCAAGGGAAAAGGCAAAGGAAAGGCTTAAAAGAAGGATCAAAAGCCTCATACCTTCCGTTCAAACTTAATCTTTTTGGGAAGTTCTTCCAGCCAGCCTAAGGCAATGTGAAAGTTTCTTTCCAAAATTCCCTTTATCTTTGTCATCTCCTCCTCCAACTCCAAGAGCTCCTCCCTCTTCATCTGAGGAATTTCCTTTAAAAGCTCTTCCAACTCCTTTAACACCTCTTCCGGTTTAAAGGGGTCTGTTAGTAACTGCTTAAGCCTTTTTAACCTTTCCCTCATGTCTCAAAACAAACATCAGGGCAAAGGAAGATAAAACCATAAGAAGAGATACAATTTGATTCCACGTTAGCCCTATGGGTTCTATGAGTGGAGTAACACCCCTGTAAAACTCCAAAAAGAACCTGAGGGCACCGTAAAGAAGAAGGTAAAGGCTAAAAACCGCACCATCAAAGGGTTTTCTCCTGTAAAAGAAAAGCAGAATAAAAAAGATCACCAACAGTCCGAAGAACTCCACAAGCTGAGTGGGATAGAGGGGCATGTAGGGAGGTGCCACAGCACCCTCCGGAAACACTACATAGAAAAAGGGAAACTTGCTTGAAAGATGTATGCCGGGTGTAACGTCTTCCGCAAGGAAGGGTTTTCCATAACAGCATCCTGCGGAGGTGCATCCGAGCCTCCCTATGCTGTGGGCTATGGCTATGGCTATGGCGCTGAGGTCTGCTGTCTTCCAAAGGGGTAGTTTGTATCTGTGTATGCTAAAGAGGGCACCCAAAAGACCGCCAATCAGGCCACCAAAGAAGGAAAGCCCTCCCTGCCATATGGCAAATATGTCAAATATTTTCCCTACCTGTTCCGGATGTTCCAAGATATAGGCGATCCTTGCGAAAACTATACCAAAAAACAGTGTAATGAGTAGGGCATTTTCTAAATGGGTTGTATTTAAACCCTCTTTTTTGCCAAGTCTTAAAAGCAAAAAGTAGCCCACAAAAACACCAAGGGCAACCAAAACTCCGTAGGTGTATATCTTTATACCAAAAAATTCAAAGAGCACTGGGAACATTAAAACTTAACCTCCTCCACGTTTATAGTAAAGGTAAGATCTTCCCAATTGACTTTGACCCTTCTGTAGTAGCCCTCGGGTGCCTTCTGTCCGTAGGTAAGGGTTATCAGTCTATCCTTTTTTTTGTCAAAAACTTCCACCTTGGCAAGTTGGTTATTCACAAAGTAGTGTTTAACCAGGTAAGCATCCGCATCCCTACTCAATATTAGCGCCTCAGAGGTGCAACTGGGTTTTTCTTCACCCGTTAGCGTTTTTCCAAAGATGATACCGTCGGGGCTAAAGGGCAGGTCAATGCATACAACGTTTAAACATAGACCCTTTTTGTCAAAGCTAAACCCTCCAAACCTTGCAGATTCCACCCTGTATTTATCTTTGTCTTTTTCTACCTTTACGGGCACCTTTAAAACACCGTAGGATATGAGCAGTTGGCTTGTGTATTTTTCTGGCGCTCGGTCTTCCAAATGGTTAAGAAGCAGGGTTTGATCTGGTCTGCATAGCAAAGGAGCACAGGATAAGACAAAACCAAAAGCCAACAACAGAGCAAGCTTCTTCATTGCTTCCTCCTAACCTCTACTGCCCCATAGTGGGCTATAAGCCCCTCCGCCTTTGCTATATGCTGGGCATACTCCGCCACCCTTTCAAAACCCTCCTTTGACACATACATCAAAGAGCTCCTTTTTATAAAGTCATAAACTCCAAGGGGTGAGAAAAATCTGGCAGTGCGTCCTGTGGGTAGTGTATGATTTGGTCCAAGGAGATAATCTCCCAAAGGTTCTGTGGTGTATTTACCCACGAATACTGCGCCCGCGTGTTTAATCTTTGGTAGGAGGGCAAAGGGCTCCTCCACCATCAACTCCAAGTGCTCTGGTGCTATGTAGTTGGCAACCACACAAGCCTGCTCCAAGTCCTCCACCAAGAATATGGTGCCAAACCGCTCAAGGGATTTTTGGGCTATGTCCTTTCGGGGGAAGTTATCAAGGATCTCTTCTAGTTTTAGCTTAACCTCTTGGGCGTGCTTGGGGTCTGTGGTGATCAGAAAAGCTCCCGCAAGTTCATCGTGCTCCGCCTGAGAGAGCAAATCCCAAGCCACCCAACTGGGATCTACGGAGCCATCAGAGATCACAAGAACCTCAGAGGGTCCGGCAATCATATCAATGTCCACCACTCCAAAGAGTAGTTTTTTTGCGAGGGTTACGTATATGTTGCCCGGTCCCACCACCTTATCCACCTTTGGCACCCTCTCGGTCCCATAAGCCAATGCTGCAACCGCCTGAGCACCGCCTACCCTAAAAACCCGACTAACGCCCGCAATGAAGGCAGACGCCAAGGTGTATTTGTTGGGTCTTGGAGAAACCATAATCACCTCTTCCACACCAGCCACAACTGCCGGCACTGCGTTCATAAGGACGGTGGAAGGGTAAGATGCCTTGCCTCCGGGCACGTATATACCAACCCTTTCTAAGGGAAATACCCTCATTCCCAAAAGGATCCCATCCTCTTCCACC
NZ_CP007028.1_gap39	1462219	1463093	874	ACCGGTTTTCGCTTTGGTATGCGTGCAAACAGCCCTGCCTTGCACACTCAAAGAAAACCTGAGGGTTTATCTGTCTGTTTTCAAAATACAGCACCCTGTGGACTCCTTCGTGGCTCCTCTGCTCCGCCTCCCTAAAAAAAACGCCCACCTTGTCCTTTAAAAACCTATAAAAGTGGTCCTTGTCTCCAAATTCTTTTAGAACCAACATCAGGCTGGCACTTCCTTTAGGAAAAATCTCTTTATATCCAACACGAGGGCACTTGCCACAAAGATGGAAGACAGAGTCCCCACCACCACACCAACCACAAAGGCAAACATAATGTTAGACAGGGCTGGTCCCCCAAGCACAAAGAGGACAAGGGATACCACAAAGGTCGTTAGGGAGGTCATCAAGGTCCTTGAAAGGGTTTGGTTTATGGAGATGTTTATCAGACTTTCAAAGTCTGTGCCCTTTCTGATCCTTAGGTTTTCCCTTATCCTGTCAAAGACTACCACCGTATCCGTCACTGAATATCCCGCCACAATAAGGAGAGAAGCTATAACATCCAAGCCCACCTCAAACTGGGTGAGAGAGTATGCCCCCACCACTATCAAAACATCGTGGGCTAAGGCAAGGATGGCACCCAAGCCCCAGATGGGTTCAAAGCGGTAGGCCAAGTATAGGAGTATGCCCAAAAGGGCTGTTATTATTGACCAAAAGGCTTTGTTTCTCAGCTCCTTGCTGACAATACCTCCTATAGTCTCCATCCTCAGAAGCTGATAGTCTCCTAAAGTTTTTAAGGCGTTAAGTGCCTTATCCCTTGGCTCATCCACCCTCAACCTTACGATCACGGTCCCCTGGGCAGTATCTTGCACCCGAAATGCGCGCAATCCC
NZ_CP007028.1_gap40	1520537	1521037	500	CCTGGAGTGGCTTTAGGGTCTCGCCCACCTCAAGGCAGTATTTAAACCTACGGGAGATTTTAGACATAGCCCAAAAGGTGGGAGGAAAGGACCATCACATGCGCTTTATTCAGCTACCCTACAACCTGGGAATGACGGAAGCCTTTACCCTCAAAAATCAAGAGGTAAACGGAGAAAAGCTCTCCACCCTTTCCGCATGCCAAAGGCTTGGGATATACACCTACATAAGTGCATCCATCTATCAGGGAAATGTGATCGGTAGAGTTCCACAAAAACTAAAGGACTTCTTTGGTTTGGAAGAGGATGTGCATACCGCCTTGCAGTTTGTAAGAAGCACGCCCGGAGTTGGCACCGCTTTAGTGGGAATGAGTAAGCTAAAACACCTTGAGGAAAACCTTGAGCTCTTTGAAAAACCCAAATTGGAGGAGAGCAAGTTCCTAAGCCTTTTTAATTAAATTTGATGGAAACCCACACACTTATAAAGGTCTTTCCAAAATATG
