gap_id	start	end	length	sequence
NZ_CP030034.1_gap1	1192	4928	3736	CGACTCGCGCAAAACCAATTGTCGTTCCACGTCAAATTGCGATGCATTTGATTAAGAAGTTTTTGGATAAATCTTTGGTGGATATTGGTAAAGCTTTTGGCGGAAAAGATCACACAACTGTGATGAACGCGCTTGAGAGGGTTAAAAATCTACAGGCGACCGATCAAGATATCGCTAAAGATATCGAAGACTTGGAACAGAGAATCCACAATATCACAGGGGTGTGAATGTGGACTGTGGAAAGAGCTGTGGAAGAGTTTGAGGGTAAAAATGTGGATCTGAGTTACCCCCAAAATCGCAGCTTTTCAGGGCGACTTGTACAGAACCCTTATCCACAACTGTTTTTTAGTGTTTACACGCACTTAGAGGATTTGTTAGGTTTTCCACGCCCCTACTACTACTACTAGTTATTTATATTATAAGTAATAGATAATAAGAGAGGGTTTAAAAGAGGACTTGTTATGAAAATTGAAATTGATAAGAGAGATCTATTAAGCCTTATCGGTAAAACTCAGAATATCGTTGAGAAACGCAACACAATGCCAATCTTGATCAACGTTCTTCTTGAGGCAGATCAGAACTTGTTGAAAGTTTTCGCAACAGATTTGGAAGTAAGTCTTACTGACCAAATCAAAGCGCAAGTTCATCAACCAGGTAAAGTTGCTGTTTCAGCAAAGTCACTTTTCGAAATCGCAAAAGAACTTTCTGAAGGTCCAATCACTTTGATTAAAAAAGAAAACAACTGGTTGGAAATCAAACAAGGTAAGTACACTTCGAAAATTGTTGGTATCTCTGCTGAAGAATATCCGATCTTCCCTACTTACAACTCTCAAGCATTTATTAAAATCGATGCGCAAGTGTTGAAAGAGATGATTGATAAAACAATCTACTCTGTATCGAACGATGAAACTCGTTACCACTTGAATGGCGTATTCTTTGAGTTGAATCCACAAGCTGGTTTCAAAATGGTTGCGACAGATGGTCACCGTATGAGTTTAGTTTCTAAAAACTCTTCGGATGTAAAAGTTGCAGCAACTCAAGGTGTGATCATTCCACGCAAAGGTCTTCATGAAATCAAAAAGATTTTAGAAGGTATCGATGGCTCTGTGGAAATCGCTGTGGAAGGCTCGCAATTCGTATTGAAACATTCATCAACAATCTTGATGATCCGTTTGATCGAAGGAAAGTACCCGAATTATCAACAGTTTATTCCACAGAAACTTCCGCAAAAAGTTATGATCAACAAGGAAGCTTTCTTAACTTCGTTGAAACGTGTGTCGTTGCTAGCGAATCAAAAATCAAAAGCAGTTCACTTGATCTTGAACAACGGCAAAATGGAAATCTCTTCGAACAATCCAGAGTTGGGTGATGCGAAAGAAGAAATCGAAGTAGAATATTCGGGTGGCGAAATCAAAATTGGTTTCAACGCGAAATACATCACTGACATTTTGACTTCAATCAACGATGACAAAATTGATTTCGAATTAAACGATCACTTGTCACCAGGTTTGATGAGACCACACGACGACGCATCTTACACTTGCGTTGTTATGCCTATGAGAATCTAATGATTTTCGAACGACTACGTCTTGTTAATTTTCGGAATTACCGAGACGTAGTGATCTCATTCTCTCCTCGAGTGAATGTTTTCCTCGGAGAAAATGGACAAGGTAAAACGAATCTCCTTGAAGCGATGTATATGATCTCTCAAGGAGACTCCTTCCGCTACTCTGACAATTCCACACTGATCAACTCGAATAACCAAGAAGCACTTATTCAAGCGTTGATTAGTCAGAACGATCTTCACTACAAATTAAAAATGGGTCTGTCGAAAAGCCGCAAGGTTTTAACGTTGAATGAAAAACGTGTGAACTCGGCCGACATCAGAAAAATTTTTGCTAGTGTTGTGTTTAGTCCAGAAAGTTTGGCTTCGATCAAAGAAGGTGCCGATCATCGCCGCGAACTGGTTGATGAGTTGCTGGTTACTTTTGATCGCAAAAATGTGAATTTACTTTCAGATTATCGAAAAGCGCTGAAAACGCGTAACAAGATCCTTAAAAACTTTTTGGAAGGCCTGCAGGATAAAACGGTCACCGAGAACCTTTTGGAGTCCCTAGAGCCCCAATTTGTGCGTTTAGCGACCGATTTGTCATACGCCCGCATCGAAGCATTGGCTGGTTTGTCGAAAGAGTTCAATAATGCCATGCAATACATTTCTGGCAATTCCGCTGTGGATATCTCGGTGGAATATGTGATTTCCGATCAAAACGCCGTGAAATTTTCCCGAGAAGAAGTCCAATCTGCACTCGAAAAACGCATCAAAGAATTGCATGATGCGGAGCTCTCAAGTGGAACCAGTTTGGTAGGGCCCCACAAGCACGACATCGTCTTCCTATATGGTGGAAAAGACTCAAGATTTTTTTGTAGCCAAGGGCAGCAAAGAGCCATCATTCTTTCTTTCAAAATGGCCCAAATTGTGTATCATAGGAAGGCTCACGGAACCTATCCCGTGCTGATGTTAGACGATGTTTTATCCGAGCTCGATAAAGCCAAAAGAGAAGCGCTGATTACGTTCTTACACGAGATCAATACGCAGATTTTTGTGACGACGACCGATTTCACATTGCCTGAATCATTCAGCCTCGATCAGCTTTCCGTTGTGCGCATCAAGGATGGTCACATCCTTGAGTAGAAACGTGCGACTCCTTCGAAAGTGTCGAAGGGTATGCAAAACAATGAGGGGTTACAGTGTCAGTAGAAGAACAAAAATCCTACTCGGCCGATTCGATCCAAGTTCTGGAAGGTCTCGAAGCGGTTCGTAAACGTCCTGGTATGTACATCGGTGATACAGCTTTCAAAGGTTATCACCATCTTGTGTATGAAATTGTGGATAACTCGGTAGACGAACATCTTGCAGGTTATTGCAAATCTATCAAAGTCTCTATCAACGCCGATGAATCGATCACTGTCGAAGACGACGGTCGTGGTATTCCAGTTGCGACACAAAAACAAACAGGCAAATCTGCACTAGAACTAGTTATGACAGTTCTTCACGCCGGCGGTAAATTCGACGGTGGCGGTTATAAAGTTTCCGGTGGTCTACACGGTGTGGGTGCTTCCGTTGTGAATGCGCTTTCAACTCGTGTCAGCGTTGAAGTTCAACGTGATGGTCATTTCTGGAGACAAAGCTACGAGCGCGGTAAAATTCTTGCGCCGATCGCTCAAGGTGAAGCGACAACAAAAACTGGTACGAAAACTACTTTCAAACCAGATCGCGATATCTTCAAAGACGAAACTTTGTCTTACGACTTCAACACTCTTGCGAATCGTTTCCGTGAACTTGCATTCTTGAATGCGGGTCTTCATATCTCTTTGTCAGACGAGCGCACTGGTAAGAAACAAGATTTCCAATACGCTGAAGGTGTGGCGGAATTTGTTAAATACATGAATCAATCTAAGAAGGCCCTTCATAACGAAGTGGTTTACTTCAAAGGTGAAAAAGACGACGTCGAAGTTGAAATCGCAATGCAGTGGAACGATTCTTACTCAGAATCTATTTTCACTTATTGTAACAACATCAACACGCACGAAGGTGGTACTCACCTAGTTGGTTTCCGTGCGGCTTTGACTCGTACAACGAACGCTTACGCGACTGAAAAAAATCTTTTGAAAGATTTGAAAACAAACCTTGAGGGTGAAGACATCCGTGAAGGTTTGGCAGCAGTTATTTCTGTAA
NZ_CP030034.1_gap2	30066	32254	2188	GTGAATATCTATTCATCAATCACTGGTTCTGGTTATGATTCTTGGTCTGGTACTTCAATGGCGACGCCACACGTATCTGGTATGGCAGCGTTGTTGTTGTCTCATGAGCCAAACATCACTGGCCAAGAGATGAAACAAAGAATCATCGCAACTTCTCGCCCACTAGCTGGTATCCGCGGAAAAGTTAAAGCAGGTTTCGTAAACGCCTACGCAATGTTGACGAACACTTTGCCACAACCTGATCCAAACGATCCTTCTAACTGGCAAACAGTTTCTCAAAGTGTAGCTTCAGCTCATCCTTACGCTAGCAAAACTAATGAGACTTATGAAGTTCGTGTTCCAGGTGCAAAACAAATCGCAGTTCACTTCTCTACATTCGATACAGAAAGAGACTACGATAAAATCCAGTTCTACGATGCAACTGGTAAGCTTGTTGGCACAATGAGCGGCAAGAATGATGATTCATTCGGTCCAGTAGTAGAAGGTGAATACGTTAAAATGGTATTCACATCAGACGATTCAGTAAACCGTAACGGTTGGGAAATCGACAAAGCTGCTTGGAGATAATTTAGTTTTTCAAAAAATTAAATAGAGCCACCTATCGTCGAATACTTGATGGGTATCTCAAAAGAAAAGCCACCGATGAGGTGGCTTTTCCTTTTTCTAAATGTGTTTACATAAAAAATTACTTCGCGCGAGCTGAAAGAGCTTGGATCTCGATCTTGCCAGCTTTTAAAACAAGCTTTACGTAGGCCTTCACGACGATACCGTCTTCTTCTGATTTTGGAATATAGCTTTCCAATGTTACAAGATTCACGTTACCGACTTTATCGAGTGACGTTTCTTCGATAGTCATATTCACAGCACCTTTATCGAATTTTTCCTGTTGTGCTTTGCTAAGCTTTGCGCGGATAGCGGCGATTAGTTGGTCGTTAATTTTTGCATCTAAGGTCACTTTTACGCCACTTTCGCGGTTCACGATAAGAGTATGACTTAGGTTGTTTGCCCATTTTGTATTTTCAATAATCGCAACGGCATCGGAATTCCAGCCTTCACCTTCGATATACATTGGTTTGACGTCGATGTGATAGTGATTGCCAATGTGTGTGCCGCCTAAGCTGAATTCAACGAACTCGCCGTCACCATTGCCAAGATCTAAAAGAATTTTATTAGTTTCTAAGTCGACAACGTAGTTGTGAACTTTATCGATATTCTCATTAATGAATTTCTCTGTGGATTCTTCTGTAGCCTCTAGTGCTTCAAAATCTAATTGCTGACCTGGGATACCCCACGCGATCGCATATCCGTCAGGAGAAATCGAACCGCGATTGATTCTAAATTCGCGTGCGCCGGCAAATGCATTAAGACCAGACAAGAATACCAAAGATGCTAGGACGTACTTTCTCACAAATTTCTCCCTTTTAAAAAATTTCGTTAATTCGTTTTGAACAATTAGATCTGGAGCAAGCGACATACCAGTTTCAAGAATGAAAATTTGTGTGATAACAACGATTTGCGCCAGATAAATGAATCGGAAAAATTGCAATCAGATAACGAAGACGAAAAAGGCAACCTGCGCATAAAAAGTTCGACAAAGGACCGCTGTCTCATTCTGAGATTTTTGCTTTTTGCCTGTCCAGGCTGTCACATTCCCAGAATGGTTTCATACTTAAACAAGGTAGGAGGTTTTATGGAACCACAAATAGAACCGCAACGTCCGTCGAGACCGCAACAGCCGCAGCAACCGCGCAGTCAACGACCACAAAATTCTTCACCTAATCAACAACAGCGTCAGTTCAGAAAATCTTCTGAAGCTGTCGCGCATCTTCCTGTCGTAAGAAGAAGTTACGCACGCGAAGTCAGTGTTGTTTTTGGAATTACTTTTTTAGTCGTTGGACTTTTAGGCTTCGTGATTCCTTATTTTCTAAATGGCCACTGGAGCTATCTGCACAACGTGATTTTCTTAGTCGCAGGTGCCATGGCCGTCTGGTTTGGCGTTAGAAGCGAGCTCGCAGCTAGAAGATTTGCATACATCGCAGGTGCTTTCTTCACCATCATGGGATTACTAGGTTACATTGGTGGCGTTCCAGGTGAAGCCACAATCGCAAATCCAGTGCGGGATGATTTCATGTGGAACTTTATCCCTGGAGTGTTGGAGCTGGGTTCAGCCGATCACTCGATTCATCTG
NZ_CP030034.1_gap3	46386	51034	4648	CAAGGTGTGATCGGCATTAAAGAAGCAACGGGCAAAGTTGATTTCGCTGATGAGATCGTAAAAGCCTGTGGTCGCGATTTCGTCATGCTTTCAGGCGATGACGGATCTTATGTGGAATTCTTGGGCGTCGGCGGTCACGGTGTGATTTCGGTGGCTTCGCATGTGATTCCAAAACAAATGGCACAGTGGAAATCTTGGGTGGCTGAAGGTCACATCGAAAAGGCTCGTCAGGATATCGCGAAGTACAACGACTTGATTAACTTGTTATTTGTTGAAGCAAATCCAATTCCAGTTAAAAAAGCTGTGCAATTGATGGGTTTGATTGATTCTGCAGAACTTCGTTTGCCACTTGTAGAACTAGGCGAAACGGAATCAGCGAAATTGAAAAATGAAATGCGCAAAGTTGGGGTTCTTGCATGAAGAAACTGAAAATCGGACTTGTCGGTGTGAATGGCCGCATGGGTAAAGAAATCCAAGCGGTGCTTGCACAAAGTTCCGAAGCAGAATTGTTTTATCCCCTTCTGCGTGATGAAAAATTGGATTCTAAAAAAGCAGCCAAAGTGGACGTGTGGATTGATTTTTCCTCGGTGGAATTCTTTCCAGAGGTTTTAAAACTTGCTGCGAAAAATAAAACTCCGGTCGTGTGTGGTACGACGGGTTTTACTTCAAAAGAAAAAGCTCTGTTGCCTAAATATGGAAAACAAATTCCATTGTTGTGGGCTTCAAACATGAGTATGGGCGTGGTAGTATTGAATGAGGCCTTGAAAGTTTTCTCTGCCATTTCTAATTTCGATTATCAAATTGAAGAAATTCACCATAATCGCAAAAAAGATAAACCATCAGGCACGGCCATCACTTTGCAAGAGAACCTTGAAAAAGCAGTGGGTCGTGAATTGCCAGAACCATTGGCGATTCGTGGCGGCGGCGTATTTGGTGTGCACAAGATTTTTGCGATGAGCGACGAAGAAGTGATTACTTTCGAACATAGCGCTTTAAATCGCACCGTCTTTGCGAAAGGTGCTGTACGTGCAGCGGTTTGGCTGGCGAAACAAAAGCCGGGTCAATATCAGATCCGTGATGTGTTGTTTGGTAAAAAAGCATGAGCCTTCCGCATCGTTCGTTAATTTTTGTCGCACTTGATTTGGTTGGTGGCGAAGCGAAGGCCAAAGATCTTCTTGCTAAGATCCAAGAATGTGGCGCCATCGAAACGATTTCTTCCGTTTACAAAAGATATATGACCGATGCGCGTGTGGATTTAAGTGCGCGCATGGAATTCGTCATTCGTTTTGACACGGTGATGAGTGTGGATCAATGCCTGCACATGGTTCTTTCGTTGTGCGAACAAGGTGCGCAAGGTTTAAGTCAAAAAAGCCATGCGGAACTAACCTTGCTTGCTTACGATAATTTGATCTTAATGTCTCCGCGCCTGACTCTGCCCTATCCGGAGCTTCATACAGATCCATTGATCATTCGTTGCGCTGCAGAGGCGTGGGGACAGTACGAACATCCGATTTTCCAAAAAACTCTGAGTGAAATTTCAAAAACTGCACCTCCAGCGCGCATGGCGGAGTTCCATATTCAGGGTAAAAGCCTGGTTGATTTTTAAAATCAGCCGACGTACAAATTTCTATGTATAATTAATGCCAATTATCAGTTCAGGGAGAACCCATGAAGTTTTTTATCGATACAGCAAACATTGAAGAAATCAGACAAGCCAATCTTCGTGGCTGGGTTGATGGTGTAACGACAAACCCTTCCCTTATCGCAAAAGAAAGTCGTCCATTCCACGATATCATCCGCGACATCTGCAAAGAGACAACAGGTCCAGTATCTGCGGAAGTTATTAGCCTTCAACACGAAGAAATGGTTCGTGAAGGTAAAGAGCTTGCGAAAATTGCTGATAACGTTGTTATCAAAGTTCCAATGTGTGAAGACGGTATGATCGCAGTTAAGAAATTTGCTGCGGAAGGTATCAAGACAAACGTTACTTTGGTGTTCTCTCCACTTCAGGCGTTGCTAGCTGCTAAAGCGGGCGCAACAATGGTTTCTCCATTCGTGGGTCGTTTGGATGATATTGGAACTGATGGTCTAGAGATGGTTAGCCAGGTTATTCAGATCTACGACCAGTATGCATTCGAGACTGAAGTCTTGGTAGCCAGCGTTCGTGGACCTATGCATTTGCAAAACGCTGCATTGATGGGTGCGGATATCGCAACTATTCCGTTCAAAGTAATGCAATCAATGACGGGTCATCCACTTACTGACAAAGGTATCCAACAGTTTATGGCTGATTGGAACAAAGGTCAGAAGAAATAATGAAACACTTGCGTTGGTTCTTCCTACTTCCAGTTGCTCTACTATTGTCTAGCTGCATGCACGGTGGGGGCGTCGTTTTGCGCGAAACTCCACTGAATATCAGCGAAACAAGAAAAGTTATTGTGTCAGTTATCGGAGAACCTCGCAGTATCAGTCAGAACGGTCGCGAGCTTTTTTCTCAGTACTACGATAAAAAAGGTAAGAATATCGAGAAGATGGATATGGCGAAAGAGCGCTACTCGACTCACGTCTTGGTGCTTGGCGACCGCCGTCCTTACGATGTTCAAGTCGAAGTTTTGATTGAAGACAGAAACGACGACGGTGGCTTTGATGTCACTGATCGTGATGACGACAAAGCCGCTACCATCGCGGAAAAGATCAAAAAGGCTCTTGCCCTTAGTCGTGACAACCGTAACATCATTGACGACTTCAGATCCTTCTAAATACATTAAGAGTAGTCAAAGATGACTATTCTTAATTTTGGGGTGGACGTTGCAAGGAACGCAGCTAAAACGGTTGATACCGTTTGCAGTCATAGCGGCATGCTTTACGTGGTCAAGTAATATTGGCGGCGTAAAATTCGTTCCTATCTATGAAGCCCTGATAATCAAAGCGCAAAAAAATTCTCCAGCCTATGTTGCCTTTGAAGAACTTGTTGAAAATAAAAAACCGAATTCTGAGTGGGACGTTTTTGCAAATAAAACTGCAAACCTATTAGAAGCGGGTAAATCCTCTGCACCACTATTCACACAAAAAGTCGTTTTGGCAGAGATGGTTTTGAGGAAGTCACCGGAACCGATTCCCGCCGCCAACAGCCCTACCGGCCGCATGGTGGCTCAAGAAAACCTGCCTCAAGAAAATGATAACGCGTGGATTGCGCAACTTCCGCCGAAAGAACAACAACGTGTTCGTGAGGCACAATATCGCACTGAAGTTTTGAATCAAAACTGGCAGGAACCAACATTCTCTGAACGTGCTAAAGAAGTTTTGGAGAAATCAGGGGTACTGGTTGGTACAAACATCAATGTGGCACCAACTAATAAAGTATACGTTGCTTCGACGGATAATTATGGTCGCACGCGTACCGAGCCGTCTCGTCCGCATGTTGATATTCCGAATCGTTCAGGTGCAAATCCTGCATCTGACAATGGTGCGACTTCTATTCTGGGTCAAAAATCATTTGTTGGTGGTGCCGATGAACAAGCATCGGGTTCACGTCGCATCGTTGGTCCAATTGAAATCACTGGTGGCTTAGCGATCACCAATGAACATCATATTGAAATTCGTCGTAATGACGAAGGTGTCTTAAAAGAATTAGGTCGCGTTGATCTGGTGCAAGGCACTTACAATATTGATGTTGAAGAAGCTTCTGGTTCGGTTGTGGCTAAACTTGTGGATAAAGACGGTAAGACATTGGGTGAAGGCAGCTTCCGCTTAAATGTTGTTGCTTCAAATAATGGTAACTATCTGCAAGGTCCAAAACTGAAAGTTCTTCCACGCACAGACATCGCAGGCGTGGTGAATGACTTCTATAACACTCGTGCAAACGATATGGCCCCTTCGCAAACGCGCGTGACACTGATTAAAGGTGTGACGGATGTTGCGGTTAAAAAAGACGGCGCCGTTTCGATGGATAATGTGACTCGTGGTTCGACGACGGTCATGCGTGCGGCGGCTCCGAAACATTTGCAAACGGCACAAATCGTTGTTTCGGGTCAGGAATTCAGAAGTAATCTTTATCCGAATTCAATGATTCAAGCGATGCAAGATATCGTGTCACAGCAGCGAGCAACATCGATTGAAGGCGAACCGACAATCGTTTGGGGCCGCGTGATTCTTGATGGTAAAAACATTTCTGGTATTGATGTTTCAATTGAATCAGATCCTGGTGCACAAGCGATTTACTTTAATCAATTTATGATTCCTGATCCGACATTGAAAGCGACAAGCGAAAATGGTTTGTTCGCATTCGTCGGCGTGACTCCAGGGTTCCAATCGCTATTGGCAACTCGTGGTGAATCGATCTTTGGTTATTCGAATGTAGTTGTTGAGGAAGGTTCCGTCGCGGTCGGTGATGTTGAAGCGACGATTAAGTCAGAACCAGTTCCGTTAAAAGTTTACGACGCCTTCACAGGTGAACCAAAAGCTGCAACGATTACAATGCAAAGTTTGGTTGAAGAACTGCAAGTTGAAAACGGCAGCCGTGCACTGATGCTTCCGCACATTAATCGTTTAGGTTTAATGCGTGTTCATCCAGAAAGTGCCGACTACTTGCCGGCCCGCTATCTTTATAACGATGCAGATGAATTTATTCACGTGCCACTGGTACAAT
NZ_CP030034.1_gap4	52990	56909	3919	CCCACGCCCGGATCGTTCGCGTTTTAAAATTCAAAAGATTTTGAAAGACCATGCTGAGTTTATGACGTCACTACGTGACTTCATCATGCGTGGAAATCGCGCCGTCTTTGTGATCGGCAATCACGATTTAGAACTTCATTTTCCCGGCGTACAGGAAGAAATTTTTCATAGTCTGAATCTGCCGGATGATAAAAAAGAACAAGTGCGCTTCGTTGAGTGGTTTTATATCAGCAACCAAGACACATTGATCGAACATGGCAATCAGTATGATCCGTATTGCTTATGTGAAGACCCAATTAATCCTTATGTGCGCGGTTATAATTACGTCGCTTTGAAACTGCCATTCGGAAATTTGGCGTGTCGTTATATTTCTAACGGCATGGGATTCTTTAATCCGCATGTTGATACGAACTACATCATGACCCTTTCAGAGTACGTTAAGTTCTTTTTCAAATATATTTGGAAGGCACAACCTGGTTTGGTATTCACGTGGTTCTGGGGTTCGCTAGCGACATTGGTGCACGCGTCGTTTGATCGTCTGTCGGCTCCGATTCGTAATCCACTGCGCATTGAAGACCGTGTATCAATCATCGCGCAAAAAGCGAATGCCGAAGATCGCATGGTGCGAGAGATGAAAGAACTTTTTGCAGTTCCAGCAGCTAGTAAACCGGCATTGCTTGCGCGTGAGTTGTGGTTGGATCGTGCGTTTATCGTCTTCATTGCCTTCTTTTTGATTTTCCAATTGATGGTGTTTGTGCGTTCGGTGTACGAAATTTCCTTCTTCTGGGCATTTATTCCGTTATTTTTGTTGCTGCCATTTTTCTTGTTTTACAGCAAGTCGATCAGCTCACTAGTTTCCAGTTATAAGGAACCAGATGACCGCGTTCTTGCAATGGCCAGTGCGATCACGAAGGTGAAACGCATTGTTTACGGACATACTCATCATACCCGCCACGAAATCATCGGTTCGGTTGAACATTTGAACAGCGGATGTTGGTCGCCGGCATTTTTAGACGTGGAGTGTACAAAGCCGATTGACCAAAAAACCTTTATTTGGATTTCCCCAGGGGAAAATGGAGTACGGCAGGCAGAACTTATGAAGTTCATGGATGGAAAATCTGAAGTGGTAAATCCGTCGGCTCGCGGTTAAATCTGCTTACCTGGTGCGCTGCAAAATTTGAATTTTCTTTGTCAATTCCTGGACCCTATGCAAACCTTTTACTGTTTCAATTTAAACACGGATGGAGAGGTTCAATCATGGCAGAAGTTCTTGTAGTAACTAGCAAAGTAAAAAAGCTCATCAAAGAAAAAGGTGGCATGAACACTTCAGCAGAAACTATCGACGTACTTAGCAAAGCAATCGAACAACTTTGCATGAAAGGCATCGATAGCGCGAAAGCTGATGGCCGTAAAACAGTTATGGCTCGTGATATCGTTATCGATCACCTATAATTGTTAGCTAGTTTTAGCTTATAAATTTTAAAACCCACAGCCTTAAAACTGTGGGTTTTTTATTTCTACAGCATCTTTTGTAGTTCATCCCAAGAGATGATCTTTACGCCCAAGCTTTGTGCTTTATCGACTTTCGATCCCGGGTCATCACCCACAACTAAGAAGTTTAATTTCGAAGACACCGAACCTAGAATCTTGCCGCCGTTCTTTTCAATGATGTCTTTGGCATCGTCACGCTTCACCGGCAACGTGCCCGTGATCAGGAAACTCATACCTGAAAGAGAGCCTTCGGTTGAACGCACCGGGTTCGTTATGTTCACACCAAGCTTAATCATTTCATGTACTTCCTTCACCAAACGTTTGTTGGAAGTCCACTCGATGATTGATTTTGCAACCTTAGGACCGATTTCTGGAACTTGCAGAAGTTCTTCTTCCGAAGCCTCCAAAAACTTTTCAATAGTAACAAAATGATCGGCTAAGAGTTTGCCGGTTTGTTCGCCGACGAAACGGATGCCCAACGCAAAAATAAAACGCGCCAAAGGCGGTGTTTTACTTTTATCGATACTGCTAATGATGTTTTCAGCGGATTTATCACCTTGGCGGTCCAAAGACAGAATGTCTTCTTTTGTCAGGCGATAGAAATCGGAAAATTTTGTCAGTAACTGTGCATCCACCAAAGTTTCAATCAAACGATCGCCGACTTTATCAATGTTCATCGCGCGTCTTGCGACGAAATGTTTCAACGATTCTTTCACTTGCGCGATACATAGCGGATTCACACAACGAGTAACCACTTCGCCTTCAAGTTTTTCAACTTCTGAACCACAGGCAGGACATTTTGAAGGAATGGTAAAGGGCTTACTGTTCTTTGGACGCTTTTCTAAAACGACAGATACAACTTCGGGAATCACATCACCCGCGCGCTGGATGACAACGGTGTCACCGATACGCACGTCTTTGCGATCGATCTCGTCCTGATTGTGCAAAGTTGCGTTGGTTACGGTGACACCACCGACTTTAACCGGTGTCATAATCGCAACCGGAGTCAGCGCACCCGTACGACCTACTTGCACGTTGATATCTTCAACCACAGTTGTTGCTTGTTCTGGTTTAAATTTCGCAGCCGTTGCCCAGCGCGGACTGCGCGCAACCAAACCCAGATCGTCTTGCAGGCGCAGCGAATTAACTTTGATCACTACGCCATCAATATCAAACGGAAGTTTAGGTCTGACTTTTTCGATACGATGATAGAAGTCGACAACCTCTTGCGGTCCCTTCGCCACTTGCACCAAGTCAGGTGCGGATTTCAAAGCTGTGGGAATACCGTACTCTGCAAACGTTTCCTGAATATTTTCCTGAGTTTTAAATGTGATGCCTTCAGTGTGACCCAAGGCATACGCAAAAAATTTCAACGGACGAGACGCTGTGATGCGCGGATCAAGTTGGCGCATCGAACCCGCCGCTGCATTTCTTGGATTCGCGAAAGTTTGTTGACCATTTTCTTGCTGATTTTCATTCAGGCGAGCGAAGTCTTCTTTGAACATTAGAACTTCGCCACGCACTTCAAGAACCTCTGGAGCACCTTTGCCAAGTTTTAATGGAATACTTTTAATGGTCTTGATGTTTTGAGTGACATCTTCACCAACAGTTCCGTCCCCACGAGTGAGCGCACGAACTAAGTTGCCGTTCTCATAGACAAGTTCCATCGAAAGACCGTCGAATTTTAATTCGCAGAAGTATTCAATCTCCTTATCGGTCTTCAAAAACTTTTTAATACGTTCATCAAAATCAAAAATATCTTCGGGAGAATAGCTATTCGCCAAAGAAAGCATTGGAACTCTATGTGCAACTTTGCTAAAAACCTCCAACGGTTTTGCCCCGACACGTTGTGAAGGTGAATCCGTTAGATCGAGGCCCTCTTCAGTGGCTTCGAGTTTCAAAAGCTCAGTAAAGAGTTGGTCATACTCGAAATCCGAAATAATGGGTTTGTCGAGCACGTGATAAGCGTGATCATGCTTTGCGATGATGCTTTTAAGTTCTTCGTGACGATTCTTTGCACTTTTTTGGGCCATGCAACGAATCTAGCAGGGAGTGCGTTCTGAATCACGCAATCGCGCGGAAGTGACGCTTCGTTCTGAGCTGCAACTAGCCTAGCCCAGGGCATTTGATGACTGACAGTTGTTTTTTTGCTTACATTAATAAGCCCACTTCAAGTCCGAACTGTGGGCCGTCAACCGAGGAGTTATCGTGATCGATAAAAAGACCATCGAACATATCGCAAAACTTGCTCGTCTTCACATCACTGATGAAGAAGCTAACGAGTACAGTGCACAGCTTGAAAAAGTTTTACACAACTTTGAGAAGATTGCGAATATCGACACGAATAATGTGGAGCCACTTATTACTCCCACTGAAATCGAAGTTTACTGGCGTCCTGATGAAGCAAAACAGGAATTCTCTGCGGAAG
NZ_CP030034.1_gap5	113600	117753	4153	CCAGGGCAAGCTTTGCGATCAACAGTGATCGTGCAATCGCCAGCGAAAGCCATGTGCGCAAAAAGTGATGCGGCTACAAATAGGGTGATTTTTTTCATTTAGATCTCCTTCTTAATACTTTTGATTATGCTGCTGAAGATTCCTCTTCGTTATTTTCATTAGATTCTTTTTTACCAACTAATTGATGTAGTGCATACATCATTTTGTTTAGTTCTTCTGATTGGTCCTGCATCTCTCCGGTAGAGTTGCTGACCGTGCTCATAGAAGACGCTACACCTTGCAAGCTTTGATCGATTTCCGTCAGAGCTTTGTTCATTTGTTCGATACCTTGAGATTGCTCCTGCGAACCTTGTGCGACCTGCTGAATTAGTTCCGATACTTTTTGCGTGTTAGAAACGATTGTCTGCAACGAGCTTTCGCTTTCAGCTGCTAACTTCACGCCCAAAGTGCTTTTTTCATTCGCTTCGACGATCAAAGTACTAATTTCCTTTGCGGCCCCAGCACTTTTTTGCGCCAAAGCGCGAACCGCATCAGCGACAACAGCAAAGCCTTTACCTTGTTCGCCTGCTCTTGCAGCTTCAACCGCAGCATTCAGCGCAAGCAAGTTTGTTTGAAAGGCAATGTCATCAATCATAGTCAAAATTTCTTCGATCTTTTTAGCGTTCGAAGAAATATCGTTCATGACTGTGATCATGCCTTGCATTTTGCGTTGGCCATCGACCACAGCAGATTGACCGTCCTTAGAAAGATTAGCGGCTTCGCTGGAACTTAAAGAATTCTGGCGAACCGTCGCAGTCAACTCTTCCATTGAAGCCACGATTTCTTCAAGCGAAGCTGCTGTCGACGTCGTGTTAGAAGAAATCTTTTCGCTAGAGTCGACAAGTTCCAATGAACGAGTGCGCACCACTTGCGAAGAAGAATCCAAACCATCAGCAACTGAACGCAATGATTTTTGTACGGAACGGATATTAAGCCAACTTGCTGCCATACCAATAAGAATACAGACAGAGACGATCGAGATCAGAACGATCAACGTCATCTTAAATGATTTACTGACGTTTTCTGACTTTTCAACGCCGGCCAGGTAACTGGCGTCAGTTAAGCTTTTCAAGGCCTGATAACTTTTTAAATAAAATTTGTCCGAATCACCGCGCAGAATTTGTTCTGCTAAAGTCGCATTTTCTTTATCAACAGCGGCTTTAAACTTATCGCTTTCAGATTGATACGAATCCCATGAGGCTTGGAAGTCCTCGAAAGATTTTTTAAGCGCGTCCGTTGCCAGCAATGGATCTAAAGTCTTTGAATAGATCATGATATTGCCGTTAAGGCTGTCCATCTCTTCAAGGATGCTTTTGCGTTCATCCGTGCTTTGTGTTGCCAACAACTCAAATTCCAAACGGCGATAGTTCACGACGTTAATGTTAATATCAGACGACTTACCTACCAACGGAAGCCATGTATCGCCGATTTCTGATGTCTGTTTGTTTTGTGAATACATGCGTTCGAGTGACAATGTATTAGTCACAAGAGAGATAAGAATTAAAAACGCAGTGATAAACAAAAATCTTCCGCGCAAAGATAGCTTCGACATTGCAGGTCCTCCGAGCACCAACTCTTCAAATTACGAAGTGCTATCTATGTTTCGGCATTTCACTAAAGATAGTTTGCGGGCCTTAAGCCCAGTTATGTAAAAACATCTTGTCTGAAACCTGGTCTTCGGGCGAGTTTACGGCCGGTCAATGTGAAGAAACCAATGAATACAAGGTTGACGTAGGTCCTAAGAGGTCCTAACTTACCGATAGGAGTTCTCATCATGCCAAAACAACTAGTATTTCTATACGTATTTTGTGTCGTCGTTCTTTTTGTCGTGAACGTCGTTGTCTCTTAGGATTTTAGACGAAAAAAAAGTTGGGTTATTCACCCAACTCTTACTCTCACTAGATTTTTAGTCTTAGTTTAGTTTTTCATAGTGTAGATATCTGGATAGTTTCTTCCTACTTCTTCAGAATCCATTCCATAACCAACAACATAACGATCATCGATAGTTTTACCGATGTAGTCTGCTTTGATAGGCAATTCACGGCGAGCTGGTTTATCCAACAATGTCACGATTTTCAAAGATGCTGGAGCTGATGCGAACAAACGGCTGCGCAAGAAGCTCAAAGTACGACCTGTATCGATGATTTCTTCAACCACGATCACGTGTTTGCCAGCGATATTTACAGAGATATCTTTTACGATTTTGATCGCGCCACCGCGTTCAACGGCTTGAACGTGTACGAAATCTACTTGTTGGGGAAGATCAATTTTTCTCATCAAGTCTGCAGTGATGTGCATAGAACCACGAAGAGGGCAGATGAAGATGATCTCTTTTCCGTCGTAATCTGCTTCGATTTGTTCAGCCAAATTGATAACCAATTCGTTAATTTCTTCAGCTGTAAGGAAAGGAACCATCTGTTCTTTAAGTTGCGCCATTGTTCTGCCTCTATTTCTACAAGTCGATCGATGTAATGCCTGCTGCTTGCGCCATTTTCAAATAACGTAAGGCCTCAGGATGTTGTGGATCCCGAATGAGGATATTCTCCCATTGTTCTGTGGCTTCAGCAATATTGTTTGAATTGTAGTAAATCGCCCCAAGCTTTAGGCGAGCTGGAATTAAGTGTGGATACTCACGGATCAACGCTTTCAAATCTTTGATGGCGCGATCTGTTTGACCCAATTGAACGTTCACTTCAGAAATACGCATTGTGATTTCCGCTTTTCTGCTGGAAAGCTTCTGCGCCTTCAATAGTTGTTCAAGAGCTTCGTTGTAGCGTTTGTATTGATAGTACAAGTCAGCCAATTCTTCATGTTTAGAAGCAAGCTTTTCATCAACGAAGGGATCTTGTTTTCCAGATTTCTTGTCCAATTGCGATTGAGCATCCAGGAACACCTGTTTGCCTTCATCGTATTTACCAAGATCGTTTAAGATGATTGAAAGACCAACACTCGCGTCTGTGTAAGTTGGATCGATTTCCAAAGCACGACGGAACGTTTTGATTGCTTTGCTGAACTGACCTTTATCGTAAAAGATCGTCGCAAGCATTTGATACACTTCTGGATTGCGAGTGTTTTGCAGAAGCATTTGGTTCAAGATAGGTTCAGCCATCTTGTAGTTACCATTGATAAAGTAACCGCGTGCTTCTGAAAGCATGTCATCTTGAAGAGAGTTAATCACTTCATCTCCTTTTCAGCTGCTTTCAATTCAGAAGTTCCAGGAAAGTCTGCTGCCAGAATTTTCAAATATTTTTCGGCCTTCGGTTTGTCGTCGATTTTATGTGCGCTGATCACGATACGTGAAAGAGCTTTCTTATCGAAGCCAAGGCTGCCGTAATTTCTGTATAAACCTTCATAACGACCTAACGCTGAATCATAGATTTCGCGTTTGAAGTAGAAGTCCGCGATGTATTCTTCCTTCTCAGCCAACATTTTGATCGTCGCTGTGCGCTTTTCTTTCGCTTCAGCTACGTACTGAGAGTTCGGATATTTCTTAATCAAATCGCTAAGATTAAGGATTGTGTCATTCGCTAGAGATAAATCTCTGTCGATTGTCGTTGGCAATTGTTGGAAGTAACTCATGCCCAAACGGAATTGCACGTAGTCTGCTTGTGGCGACGTCGGGTGCAGGTCTTTAAACATCTGATACGCCACTTGCGCCTCAGCGAAAGATTCTTGTTTGTAGTAAACGTCTGCAATCGCAAGTTCTGATTTTGTCGCGAAGTTGCTGTACGGGAATTTATTTTTCACTTCCGTATAGCGACGAATCGCCTCTTCATAGCGCTCGCCCTTGTCGAATTCCTCGGCAATAGCAAAAGCACCCTCAGGAGTGTTGGAGTTTCTCTCCGTAGAAGAACAAGCCGTCATTAGAACGGAGCTTGCGCAAATAAGTGTCATGACTCGCAGCGTTTTTAGCATAGGAGTTGATCATATTTTGGTCTAGGACCTACTGTCAATAAAGGCTCATCGATAGCGCGGAAGGAGGGTTAAAAAAATGCCAATTAAGACATTAAAGCAGCATTTTTTTACCATTTTACTGGTCATAGAAATCCTCTACTTAATTGTAGCGCTTATGATCCCGCCATTGCCGGGTTGGAAGATGTTTTCCCGTGTGGAG
NZ_CP030034.1_gap6	181884	186557	4673	GGAAACGCGGGGATACGCGTTTCCGTTATGACGATGAAGAAAAGATGATTCGTTATACAGCGGGTGATCTGACTTTGATGTCACGGGGATTTCAACTTGTGCCTGCAATGGCCGGGCTGTCAGTTGTTCGTGAATTCGGTATTCAACCGTATCGTACTCTTCGCCCATTAAGTAACACGGAAATCGTGATCAAGCGTCCTTCGCAAGTTGAAGTGTATGTGAATGGTTTCATGTACAGTCAAATGCGTTTGGCACCGGGTATTTTCAATATTCGTGAATTTCCGTTGGCATTGGGTCAGAATAACGTGAAGGTCAAGGTTCGCGACGATCTGGGACAAGAAGAGGTTTTCGACTTTTCGGTTCTATTCGAAAATACAATTCTGACAAAAGGGGAGCAGGAGTTTTCATACAGCGGTGGCGCCCCGTGGACTGAGTCAGGCGGCGATCGCGCCTATGAGGCACACAACGTTCTGACGAATATGTTTCATCGTGTCGGTGTGACTGACGAGCTGACTGTCGGCGTGAATTTTCAAAACTATCAATCGCAGGCATTAACTGGCGTCGAAGCTTCCGGCATTACAAGTTATGGATACCTTTCCGCAGATGTGGGTTACTCTTCACACTCGAGTGATGTTCGTGGTTATGCAGAAAAGTATCGTTATCGTACCTTGGATCGTATGGGTGGTAAGGACATGCCAGCGACTTTGACCCTCGAGGCAGAAAATCACGATCCTGACTTTGCTCCGGTCTCTGCGAATATTTTTGTGCCGACAAATTATCTTCGTCGTTACGATGCGCAGTTAAACTTTCGCCCCTGGGCTTATTGGACATTGGGTGTTGGCGGTGGCTATTTAGAACAGGTCAATCAACCCGATCAACGCATGTACCGCGCAAACATTGTGATTCCATTTGCGGTGAACTGTCGTCTAGAGCTCAGTTACAATAAAGTCGTCGACGCGAATAACGAAGATCGTGGTTACGTGTCCTTCTTCTGGAATGAATTACAAGGGCACTACAGCGCAAGTTCATTTTATGATTCTGGCAACAAAAGTACGAACGTTACGTTCAATAAAAACAATCTTTATAAATACGATGATTTCAGAGCGTCCGTTTCCGTACAAAATGCCAAAGATTCAACCCAAGAAAGTTTGAGTGCTGAATACTACACTCAACCGGCAAGTTATCGTTTGGATCATTACTCGACTCAAACAGGTGGTTTATCAAGCAACATCACGAGTGTTGGTATCAATACCGGTTTTGCTTGGGTGGGAACGCACGGTGCTTTCACGCAGCCAATTTCGGATAGCTTCGTCTTAGTTGCCGCAAATAATTTCCCTGATGGCCAAGAGATGATGATCAATCCAAATGGTGAAAAAGGTGAAGCGCAATTGGGTCCGCGTTCATCAGCTGTGTTGAAAGACGAAACGGCATATTACAAATATCTGGTTAACATGGATTCAACGTCGTTGCCGCCAGGGTATTTGTTGGAAAAAGAATACTATGCCGTTCAACCTACTTACCGCAGCGGTATCCTAATCCCATTGAACTTCAAACATAAAGTCATGGTGAAAGGCCGCCTAATCAATGAAAAAGGCGAAGCTTTGCAATACGCTGCGGGTGATGTCGTCGATTCACAAGGTCGCCTCGTGGATAATAGCTTCTTCACAAATAAAGAAGGTGGCTTCTTGATCGAAGGATTGGAACCGGGCGAATATAAAATCGCAACGGATCGTCCTGAATTGTCTTCTGTCATCATTCAAGTTCCAGCTGGAAAAGAAAGCCTTATTAACCTAGGCACAATCAAGGTTAAAAAAGGAGGTGAGTAATGAAACTACTTATTGGTTCATTACTGACATTGACCGTCCTGTTGATTTCTCACTTATCGCAAGCAGCAGATTGCACAAACATGCAGTTGCAGACGGGACAAACGAATATTGATTTCACGAGCAATCAAAACTTCCAAGGATCGTTCACTGTAAAAGCGAACACGATGCCTGGCGGTTGTGATTTCTTTATGACTTTCGATTACGGTCTTGCGACCTCATACGCAAATCGCACACTCAAGATGGGTGTATATTCTTGGCCTTATCAAATCTCGAAAGATTCTGCGGGTATTAACATTCTAAAGAATCTTTTTGATGCTTCAACCAACAACGATGTGATTTCCGGAACATTGGCAGAGGGTAATAACGATCGCCAAGTGAACGTGAATTACTGGGCGATTTTAAATATGTCGAACCCGTGGTTGCGCTTTGGTAACTACAACGACTATATGACCGTCACTTTATATCGTGGCAATCTGAGTAGTTATACTTACGCCGATTCGCGTTTGATCTCTTTGAGCTTCAATGCGCCTAAGCGTGTTGACGTTTCGATGCAGTCAACAGGCGGTACATTTGTGCTGGGCGATTTAGATGAAGTTATGGATTTCGGAAATCTAACGGCCGGTGCGACGAAAAGTGCAGAAGCTATTCTGAAATACAATGCCGGTTACACGTTGTCAGTTTCTTCGACGAATGGTGGTCGCTTAAAACATTCAACAGATGCCGTTTATATTCCATACTCGATCCGCTTTAATGGATCATTGGTGAATTTAACGACGTCACCACAGCAGATTTATCGAGTCTTCGGCGTGTCACCTACGACGGGCACGACGATTCCAATCTCGGTCACGATTGGAAACTTCGGGACTGTGAAGTCGGGAAGTTATAGCGATCAAGTTCAGCTTACAATCGAAACGACAGAATAAAAAAAGCCGTCGAATGACGGCTTTTTTTGCTATCTGCACTCCGTCTTGTGACGGAGTAGAGCTTTGAGTTTGCTAGTTAGGTCAAATTAGTTAGCAACGATAGATACTGTGATTGTGTCAGAGTATGTACCAGCTGCTGCTGTTGCTAGTGCAGTTACATCAACATTCACGTTTGAAGAAACTGTTGTTAAACCAGTCAATGCATTCACAGTTTTCATGTCTGTGTCGCCAGTTGAAAGAGTCACTTTCGTAGCGCCATTGTAACCAAGTTTGTAAGCAGTTTTTACGCTTGAGTTTGCTGTGTTTACCAATTGTCCGCCGTTTGCAGACTTCATTTTGATTTTATAACCGTTCAAATTGTTTGAATGCTCGCTGACTGTTGCAACCAATTTATCAGTTTCACCACCAGTGATGTTCAATGCCGTCGCATTGGCTGTCGCTGTGACTTCTAGCTCATTTACTACTGCAACAACGCCTGAAATAGTAAGAGTGCCGGTTGGACCATAAGCTGCGAATGCAGAAGTGCCAACGGCCAAAGTCGAGAAAAGTGCTGCTGCGATTTTGATAGATTTCATACGGGAGGGTTCCTTTCGGGAATTTATTGTTAACCGTCAATAGACACTGTTCCGTATTTCACGAGATGTGCCAGGGGCCTTAACCGTTTCTTAATCACTGTATTTGTTATGGAACAGTATATGGGATCTGAGGGCGTCAAAACTCTATACACTCGACCTTAAAAGGCTGACGCTTAACAAGGATTTAACATCCAGACTTTCCCTGTCCTTAAGCTAGACGTGGGGAGCGCCGATAAGGGGTTAGTATGGCAGTTGAGAATTCACAGAGTGAAAGTAAGGATAACTCGAAACTTCTCGCACTCCTTTTATTAATTGGAGCGGGGGTATTGGGATTGCTTTATCTAAGCTCTGAGGACGGCAAAAAAACTGTCTCTGAAATCTCTGCGAAAGTTCGCTCTGAAAAATACGAAAAAGCAGTGAACAGTCATCTGATGGTGACGAATGAAAATCTAAACATGCAACGCCAACGCATGGAGATTGAAAACGCCAAGCTGACGCAAGATTTTAATTCAACGAAAGCCCAAGCAGCTTATCAACCACAACAAGGTGGCGTTGATTTGAGTTCTGATTCAAAAGCCGAAGACATCGCGAAAGAACTCGGTCGCGGTCCTCGTCAGGAAACTTTCGAAAATCCAAACGACGTTATTCAAAAAGAACTTTTCAATAAGCAACAAGAAGAAGAATACACTCGCGCCTATAAAGAAGAATACGCTCGACAATTCGTAGAGAACGCACGTCGCGGCGGTTACGATGTGCGCTTGGATGATAACTTCAAAGTGATTTCCGTAAGACCATTGCGCGGTCAAGGCCAGCCGATCGGCGATGGCATGAGCGACGCCCTTCAATAATAACTATTCGCCCGCAATTTCTTTTTCCAGGTTTTGAAGTGGCCATGATCGGCCATGCTAAAATATTTTTCATTCGAAAAGATCACGTGATCTTGCATTGGGATCTGCAACAATACGCCGGCACTATAAATTTTGCGAGTCAGGATAAGATCTTGATCGGAAGGTAGAATTTCCGAGCTGGGGTGATTGTGCGCTAAAATGAATGAGCTCGCGTTACGTGAAATCAGATAGCGAAAGATGTCGCGCGGATGAATCAAACACTGATCGACCGTGCCTCTAAATATCATCTCAAGACCAATGACTTGTAAGTGCGAATTCAGGGCAATGACCCACACCTCTTCAGAAAATGAATTGAAGTGTGGTTGAAGAAGAGCGAAGGCCTGTGCGCTGGAATTAACTTCGTTAGTCATAAGTTATGGCCTGGTGCAAAGCGATTACCAGCTCAAATATAAAATGTGGACTGCTTTATATTCGAGATTAGGACGCCCGTCTTGAAACGGA
NZ_CP030034.1_gap7	188290	191452	3162	GCGTCAATGGTCTTTGCTGCCACAAAGCATTCAAATGATCCGGGTGCGTCTGGCACCGGGTAAATACAAATTCAATCTTGAAGGTTTAGATTCAGTGGGAGCACCCACTGGAGAGAAACTTGAAAATCAAGAAGTCGAAATCAAAGCGGGACAGAAGAAGTTCGTCACGTGGAGATCTGTAAAATAATTCAGTCCCCGAAAATAAAAAAGGCCCTGCTAATGCAGAGCCTTTTCATGCTTGCTAATCTACTTTCGTAAATTAGTTGTTCAAGCCAAGAGAAGAACCCGGAAGATTTGGAGTTTCTTCGTCTTGTTGCAAACCAGGAAGAACAGTCGCTTTTTCAGCAGCTACTTTAGCAGTAGTGTCTGTGTTGTAGCGAGTTGCAGCAGTAGCAACGCGGTTTTCCAAGTTTTGTTTCACGCTGTCAGTAGAAGCATTTTCAACAACTGTGTTTACTTGTTGTTTAGTCATGTAATCCTGAGGGAACGCGCCCAACTTAGCCAAGTAACCAGAGATGCTTCCGTTACCGTTTTGGATGATCTCACGAAGTGTGAAAAGAGGAGCGTATTGAGATGCTTTCTTTTCTGCTTCGAAGATGATCTGTGTCAAAGTAGCAGCAGTGATATCGTTTTTAGATTTATTATCGATAACCATTACTTCTTCGTTTGTGCGGATCATCTTAGCGATGTCATCAAGAGTCACGTAGCAGCTTTGCTGAGTGTCGTACAATTTGCGGTTTTGATAGCGCTTGATGATTTTTACTTTAGAGTTTGGCTTAGATGTCATTGTTTCGTTTTGGTTGATCAAAAGTGCCTCCCAATTTGAAATTTTCCCAAAAGTTCCAACAGATTATGTGCTAAAGTATTCAGCACGCCCCCTGTCGATGGGCGCAACCTATCCCCGGCGCCACCCCTTGTCAAGCGGTCCTCAAATCAAAAGAAAAGACTCTAGGCGTCAGTTTTTCCAGCTTTGAGAATGCACTGCCGTACAAACCTTGGTTTGTTTTTCAAAGATTTTCAGACCTTTGTCTAAAGTACATTAAAAATCCTGCCGAAAGGTAAGTAAGGCAATCTACCTTGCGGGATTAAATTTAATGAATAATGAGCAAAAACAAGAGTTTAAGTCATCTGGTGTTCTGACTTTGTTGGGACTGGTTGGCTTTTCAGCAGCGATCATTGCTGCTCCTTGGAATCGCCAATATCAGGATCAGCAAGTCGATGCAGCACTGCAGAAGGCTGAGGTCGTTGGTTACCAGGTCGTGCAAATTTACCGCGAGGCGGCAAAAACTTCAGCCCTGTCTTCTAACACAAACGGCCGTGCTCCCGCGTCTGTGGCCGGTGAAAACCCGCTAGAAAACCTACGCACAACAGGAACTATGGGCACGGATCCGTGGGGTCAGCCTTATCACTACCGCATTCTTTCCGCGGAAAAATCAAAACCGATGCGCATCCTTGTTTGGTCAGGTGGGCCAAATCAGAAAACTGAAACTCCTGATTTAGATAACGAGGCTAAGAAAATCACAGCGCAACCAGTCTATGGCGGCGATGATATCGGCGTCGTGTTGAGCATGAATCAAAATTAGACGCTCCATCTTCTAGACCGCAGTCCGGATGAGGTCCTGAGTCCTTTTCTCTCATCAAGATAATCTCAAAAAGCGCCGATCAGCCTAGTGACTAAGGAGATTCCATGCTTCCATTCACTAGGACCGCGTTATTGGCACCCATCCTTCTTTCTCTTACGGCCTGCGCGACTTTCACGACGAATGATAACGACAAAGCGCCTTACTTCGAAGCTTCCTTCGATGATAAGAACAGAGCTCCTGCGTCGTTAACTCCTCCACCGATTTCAAATAAAGATGGCGAAGCGACATTAGATCCAGTCTACATGCGCACGCAAGCTGACTATTATTTCTCAATGGGTGAAGCCTACAGCTTGGAAGGCAATCAGCAAAAAGCTATCGAAGCTTTCAAGATGGTTTTGATTTACGACCAGAACTCACCAACGGTGAACATGCGTTTAGCTGGTGAGTACTTGAAGCAAGGCATGATCTCTGAGTCTTTGATGCAAGCTGAAGAAGCTGCGAAGAAAGATCCAAAGAACGTTGATGCGCACTTGTTGCTTGGCGGTTTGTATTCTTCGATGAAGATGTATCCAAAAGCGATGGATCAGTACAACTTGGTGCTGAAAATGAATCCATCGAACACCGAAGCTCCGTTGTACATTGGTGCGTTGTATTCTGAACAGAAACAACCAGACAAAGCGGTGAAGTACTTCGAAACTTTGGCGAAAAATTCTGATTATGCAACTCCGTACCTGGCACATTACTACATCGGTCGCGTGCGCATGGAGCAGCCAGAGGCGAAATACCAAAAGGCTGCAGAAGAGTCTTTCAAAAAGGCTTTATCTTTGAAAGCGGAATTCCCAGATGCAGTGTTGTCTTTGGGTGCGCTTTACATGAAGCAAAAAAATGAATCGAAAGCGATCACTTTGTATCGCAACTATCAAAAAGAAAACACGCCTTCTCCGAAAATCGCAGAAGTGTTAGCACAAACTTTCATTGAACAAGGTAAGTACGAACTTGCTTACGATCAATTGGAAGTGATGGAGCAGTCTTCAGACGAACCATTGAACGTTCGTATGAAAATGGCTTTGATCTTGATTGAGCAAAAGAAATATCCGCAAGCGACAGAGAAGCTAGAGCAAATCCTTAAGGAAGCTCCAGAGTCTGATAAAGTTCGCTTCTACTTGGGTGCAGTTTACGAAGAAACTCACCAAGGTGATAAAGCTGTTCGTGAATTTAAAAAGATTCCCGCAACAAGCACATTCTTTGGTGAAGCAACGGTTCATGCGGCCTATCTATTAAAAGGTATGAACAAGTTGGATGAAGCGGTTGAAGTGATCTCTAAAGGTTTGGCTGAAAGAAATGACCAACCACAGATCTATGCGATGTACGCTTCATTGCTTGATGAAAAAAATGATTTCAAAGGTGCCGCAAAAGTTCTTGAGCAAGGTTTGGCGAAATTCCCAGACAATGCACAATTAAGATTCTATTTCGGTACGATCAATGACCGTCTTGGTAAAAAAGACGTTGTTGTGAACGAAATGAAAAAAGTTTTGGAACTAGATCCAAATCACGTTCAAGGTTTGAACTACTTGGCTTT
NZ_CP030034.1_gap8	198052	201592	3540	AAAACATTATAAGGGCCTGGAAACTCGTTTCATCATTCACGATGCGGCAGCAAAGGAAGTTGATGAAGATACGTTCTTTAGAACGAGCGAGTCAGGCGGTACGCTGATCAGTTCTGCTTACAAACTTTGCCAAGAGATCATCCAAACGGATTATCCAACGAATGAGTGGAACATTTATCCATTCCATTTTTCTGATGGCGATAACTGGAGCGGCGAAGATACGCGTCTATGTGTTAAGATGTTGCAGGAGTTCTTCCTTCCGAACTGCAACGTGTTTGGATATGGCCAAGTCGAAAGTAAATACGGCAGTGGTCAGTTCCTGAAGGACTTGCAAAAGGAATTCGGCGAAGACGAGAGGATTACTCTGAGTCAGATCGAAAACCGCGACAAGATCCTTGATTCTATCAAAGACTTCTTAGGAAAAGGCCGCTAGGGCCTTTTCTACTAAAGGACGTGAGTCATGGCAAATTTAACTCCGGAATTAGAAGCAGAACGCAAAAGAATCTGTCAGATTGCGAAAGACGCGGGTCTTGACTGCTTCGAAACTATTTTTGAATTGATCTCTTACGATCAAATCAATCAATTTGCTGCTTACGGCGGTTTCCCGGTTCGTTATCCCCACTGGAAATTCGGGATGGAGTACGAACATCTTTCTAAGAGCTATGAATACGGCCTTTCAAAAATTTACGAGATGGTGATCAACACCGATCCTTGTTACGCGTATTTGATGGAAGGTAATGCCATGATGGACCAGAAGCTGGTCATGGCGCACGTTTACGGTCACTGCGATTTCTTTAAGAACAATATCTGGTTTTCTAAAACAAATAGAAAAATGATGGACCAGATGGCGAATCATGCGACTCGCATTCGTCGTTATATGGATCGCTATGGTATCGAAGTTGTCGAAAACTTCATTGATACATGTTTGAGTATTGAAAATCTGATCGATCGTTATTCTCCGTATGTGGAAAAATCTGTGACTAAGTCGCAAACTCCTCCACAAGAAAACAATTATCTTCTTCGTGTAGATCGCGATTACATGCGCGACTATATCAATCCGCCATCTTTCGTTGCCGAACAAAAGAAACGCGCAGAAGAAGAAGCGCAACAGAAAGCCGCGCGTTTCCCAGCGGAGCCTGAAAAAGACGTTTTGAAATTCTTGATCCATCACGCTCCATTAGCGGACTGGCAAGTGGATGTGCTGACGATCATTCGTGATGAAGCTTATTATTTCTCGCCGCAAGGTATGACGAAAACGATGAATGAAGGTTGGGCTTCGTACTGGCATTCGAAATTGATGACTTCAAAAATTTTGAATGACTCGGAAATCATCGACTTCGCGGATCATCACGCCGGCACGATGGCGATGGCACCAAATGGTTACAATCCCTATAAAGTGGGAATTGAGTTGTTCCGCAATATCGAAGAGCGCTGGAATAAAGGTCAATTCGGTCGCGAGTGGGAAGAGTGTGATGACGTTCGCGAACGTAAACACTGGGATAAAAAATTGAATTTGGGTCGGGATAAGATCTTTGAAGTGCGCAAAGTGTGCAACGACGTGACTTTCATTGACCAATTCTTAACAGAAGAGTTCTGTGTGAATAACAAACTCTTCGTTTATAAATTTAATAAGAAAACGCAAAAGTTCGAAGTCGACACGACGAACTTCAAAGCGATTAAAGCACAGTTGCTTTTCCATATGACGAACTTTGGGCAGCCGATCATTCGCATTGAAGATGCGAACTTCGAAAACCGTGGGGAGCTTTTGCTGACTCACTTGCACGAAGGCATCGATATGCAGCCTGACTTCATGAGCGAGACGTTGAAGAACGTTTATAAGCTTTGGAAGCGTCCTGTGAACATCGCGACAGTGATGGATGATAGCCCGCAGCTTTTCAGATTCGATGGAAAAGAATATACCCAACACAAGTTGGGTGAAGGCCCAACGCCTAATCCAGCGAATACTGAAAGTTCAGGTACATGAAAAATACTCGTCTCGTTTACAGCACAGACCCAAAAGACAATGTTGTCTGTGCTGACTGCAAAGAGCTCAAAGCAGAATGCCGCTGCAAGCCAGAGGAATCTGTTCAAGGAGCGAAATTCACAATTGTTTTCCGTCTAGAGAAGAACGGCCGTGGTGGCAAAACTGTCACGGTGCTCGACGGATTTCCCCGTAACGAAGCCTATTTGAAGGATCTCTCGAAAGAACTGAAAGCGAAATGTGGCGTCGGTGGGTCATTCCAATTGGGCGAAAAGCATGGCATGATTGAGATACAAGGGGATAAGCGTGAGGCGCTCAAGAAGATTCTTGATGCGAAGGGCCTACGCTATAAGGGCATGTAGGTCCGTAAATCTGGACTTTTGGTAACTTGTATTTTTGTTCGATAACCGACATTCTTCAAATATGAACATGTTTATGCCCGAAATAGAGTCCCTAAGGAGAGTTAACTTGGCTGCGAAAAAAATAGTGATCGTTGATGACTATGAAGAGAGTTGCAAACTCCTGGCTGAGATTTTGAGCTCAACATACGAATGCTCGTACACATCGGATAGTATGTCGGCTGTAAGTCTCATCAACGAGAAGCGCCCAGATCTTATTTTGTTAGATTATAAAATGCCGGGCTTGCTTGGCGTTGATGTTTGTCGCGAAGTGAAAGAAAACGAAGCGACAAAAAACACTCCGATCATTTTCGTATCGGGTGCAGCAACGATCGACGAGCGTATCAAAGCATTTGAAACAGGTGCAGACGATTTCATCTCTAAGCCTTTCCACGTGAAAGAGCTTATTCTTAGAATCAAAGCTCGCTTGTCTGAAAAAGAACCAGAAGTTGCAGCGGAATTGACTGCTGCAAATTTGAAAATGAATTTGTTGTCTCGCCAAGTTTATGTTGATGGAGAAGAAGTAAATCTAACTCCAAAACAATTCGACATCTTGAAAATGCTTGTCGCTGCGAAGAACCACTTGGTGACACGCGAAAAGTGTTTGATGGAAATCTGGGGCGATACAGAAGTGACTTCTCGTAACGTCGATTCGCAGATCAACTACTTGAAACGTAAGATCCAAAAATTCAACGGCCGTATCGTGGCTGTTCCATCTTTGGGTTATCGTTTGGAAGCGCAAGAGTAGAACTGAATTTAGCTTTAATTAAGACGAAAAAAGCGGAGTGAAAACTCCGCTTTTTTATTTTTAAGATAATGGACGTCCTGGACGAGAATTTTATTTAAGCTTCGTCGCCGTGTCTTTGATGTCTTCTAATTTCTTGTCAAACTTCGCAAAGAACTCTCCTGAAACTGCTAAAGCACGCAGGCTTACTTTGTACATATAATTGGAAATCTCGGGATGTTCGCCGAAGTTCTTCTGGATTTTTTCAAGCGCCGCCGGATCTTTTTCGAAAGTATCGCGTAGTCCCACCATCTTGCCTTCGATCAACAACTCTTCGGGCGTCGCAAAGCCAAGTGATTTCATATCCAAAGTTTTCCAGATGCCTTCCAAGCCTTCTTTGTACTGTTTGTCGATTTGGTCTGTGTACGCTTTGAACT
NZ_CP030034.1_gap9	274044	276947	2903	TTTGCCATTATTGCGTATCACTTTTGATTTCCCAGATAATGATATTCGCATGGCTCAGCACATTGGTGCGCAGATGAAAAAAATCGGTGATGCCATGGGCGGCAAACAAGTGGCCGTGCAGCCTCGTCAAAAATCTTGGGACACGACAATTTATCAAACGACACATAACACGGGTGGCGCTGTCATGGGCACTGATCCAAATACAAGTGCCGTGAATCGCTATTTGCAAAGTTGGGATGTTTCAAATCTTTTCGTGGTTGGTGCATCAGCCTTCCCACAAAATGCTTGTTACAATCCGACCGGCACTGTCGGCGCATTAACTTATTGGGCTGCTGAAGCATTAAAAAAATATGTGAAGTCGCCTGGGGCGTTGGTGTAGTTATGAAATTGATTATTAAATCTCTTATCATGATTTTATTTGCGGCAGGAGCTTACGCGGCTGATGAGCCTGATATGAAAGCGGGTGAAGACATTGCAATGAAAGGCACACCTGAAGGTGCGACGGCATGTTTTGCCTGTCATGGCACGCGCACTGAAGAAAATAAAACTGGATCGTTCCCAAGAATGGTCAATCAATCGCAGTATTATATTTTGCAACAGCTGAAAGATTATTCCAGCGGCGCACGCAATAACGCCGTGATGGGACCGATTGCAAAGGCATTAACGGATAAGGAAAAAGCAGATGTTGCTGCCTATTATGCAAAAATACTTTTTCCAACTCCAAAAGTAAAAAAGGCAGCAAGCGCAGTTCTTAAGCGTGGCGAAGAATTGGCGGTTGTCGGTGATCTAAAAATTCAGGTGCAAGCTTGCAACAACTGTCATGGACCCGGAGGAATGGGAATGGCGCCAGCGATTCCTGCAATAGCGGGACAACATGCAAATTATTTGGAAGCTCAGCTTAAAGCATGGAAAGATGGGCAACGCAAAAACAGCGCGGATCTGATGGGACCCATAGCAAAACGACTGTCAGATAAAGATATATCGGCGTTGGCTTTGTATTTTGAACAAGTGCAGATCAATGCGGGTAAAGCCGTAGCAAAATAGAAACTGAAGGAGTGCATTATGGGACAAATGAATCCACATAGACCAACTCAGAATCTTACGACGAACACACCACAAGCAGTGCCAGGTCTTTATGATGTTGATGAGATTAAGCAACAAGCAGCCTCTTCTATAATTGAAGGCGCAGTCACAAAAAATTATCCGCTTGATGTAAATCAAGCATGTGCACTTTTAAATGAAGCTTTGGCAACCGAGATAAATTGTGTGCTCCGTTATCGTCACCATCAAATCATTGCCAAAGGAATCAATTTCCTCGATATTTCAAAAGAGTTCGAGGAGCACGCCGAAAACGAACAGAGGCACATGATGATGCTTGCTGAACGAATCAATCAATTAGGCGGAAATCCTGATTTCAATCCTCTCAGTGTCGCTGGCAAGGCGGTTACTGATTATGGTCAATCTCATGATTTGCGCGCGATGATTCGTGAAGATCTCGTTGCTGAAAGAATCGTTATCGACGTTTATCGCAAAATGATTTCTTGGTTCGGGCTGGGTGATCCTACGACTCGTGTCATGCTTGAAAAAATAATGGCAGATGAAGAAGAGCACGCAAATGATTTGGCGGATCTTCTTGCCGTTAGTGAAAAGCATAACTAACAGAGGAGCTTTTTATTTATCCTCTGTGGGAGGATTGCAGTGAAAAGCTCTGTGAACGAACCAGTTTCAAAAAATATTCTTCTATGGTTGGTGGCAGTCGGGTTTTTCATGGAAACTCTCGATGCCACCATCGTTAATACCGCATTACCAAGCATGGCAAAAAGTTTGGGCGAAAGTCCTTTGCTTATGCAGTCGGTGATCATCGCATATTCATTAACAATTGCCGTTGTGATTCCAGCGTCAGGTTGGATTGCTGATCGCTTCGGAACGAAGCGTGTGTTCTTTTCTGCGATCTTTATGTTTAGCATTGGTTCGCTATTGTGCGCGTTTTCGCAAACGCTTCCGCAATTGGTGATCTCGCGTGTGATTCAAGGGATGGGTGGCGCGATGATGATGCCAGTGGGACGCTTAGCTGTTCTGCGTGCGTTTCCTGCAAATGAATTCTTACGTGCGATTAGCTTCGTTACCATTCCGGCGTTGGTAGGGCCGCTCATAGGTCCCACATTAGGTGGTTGGCTGGTTGAATTCGCTTCGTGGCACTGGATTTTCTTAATCAATATTCCCGTTGGTATTCTAGGTTGTATTTTTACTTACACCCACATGCCTGATATTCGCGGGGAGCCACGCCGGTTTGATATTCCTGGCTTCGTCATGCTTTCAGTCAGCATGGTCTTTATTTCATTCGCACTTGATGGCTTGTCGGAACTGGGATTTCCTCACGCGACGGTATTGGTGCTTTTGATTTTCGGTCTAGCAAGTTTGAGTTCTTATTGGCTTCATGCTTCGCGCACGAAAGATCCTCTTTTTTCTTTGCACTTATTTAAATCGCAAACGTACAGCATCGGATTGATGGGCAACTTGTTCGCGCGTATCGGCAGCAGCAGTATGCCATTTTTGATTCCATTGCTGTTGCAAGTAAGTTTGAAGTATTCGCCGTTTGAAGCGGGGATGACAATGATTCCGGTCGCGTTAGCGGGGATCTTTGCGAAACGTTTGGCGACTCCGTTGATCGTGAAGATGGGTTATAAAAATGTTTTGGTTGGTAATACGATTCTTGTTGGTCTTGCAATGGCAAGCTTTGCGCTGTTCAATCCCAATCATCCAATCTGGTTACGAATCATTCAGTTGATCTTCTTCGGTACCGTGAATTCCGTGCAGTTCACAGCGATGAATACACTGACGTTGAAAGACTTGGGCGCCAAATATGCAAGCAGTGGAAATAGTTTATTTTCAATGATTCAGAT
NZ_CP030034.1_gap10	330368	331170	802	TAAAGAATTGAACGAATTGTTCGATAAAGTTTCTAACACTATAAAGAATCTCCCCACTCCAGAAGTGCCAGACAATATGTTGGATCAAATCGCAGAAATTCGTCAGTCTCTAAGGAAAGGAAATATATTTTTGAGCTCTGAAAACTTGGAGCTGGATCTAATAAACAGTGAGATTAATGAAGACCTGCTTGAATATCACGAAGTCGATAACGACGAGGATCTTTTGATAAGTATGCAGGAAAGAAAAGCTTCAGAAATGTTCAATTTTCTATCCGAGAAAAGCGAGAGCCTTAAGAAGATCAAAGCGGAAGTCTTACTAGCCCCACTTCTGACATGCAAAAAAATTATTGAGGATAAAAATGGTGGTGATTAAGAAAGATCCCACACCACAGCAAATCAAAATTCTTGAAGAAAACGGAAACTGTGCGGTAATTGCATCTCCCGGGAGCGGAAAGACTTTTACTATCTCTAGGAAGATTGGAGATATCGTCAGCACCCTACCGTGGTACAAGGGAATCATTGCGATATCATACACAAATAAGGCCAGCGATGAACTTAAACATAGAGCTCTTAAAATGTCATCCGACGTTAAGAATAGCTTCTTCGGAACGATAGACTCATTTTTTGTCGGTGAGATCATTATGCCGTTCATGCGGCAAATGTTTGGAAATGCTACAACTGAAATCAAATTTGTTAAAATAGCGGAATCAGCTTTTTTCGAAGAGTTCGGTACTGCGCTTGAGGTGATGGAGCAATCAAAATCCCTTACTCAAGATGACTTTAATACCCTTAGGACCTTATA
NZ_CP030034.1_gap11	333197	336141	2944	ATCGCAGCTCATTATGCCTGTTGATTAACTACCATGTGAAAAGTAGATATTCTTATCTCAGTTGTTTGGGCGGAAATTTCTCTTTTAGCAAAGTGGATCATGTTGACTGGATAGGCACGGGAGACGTTGATCTTAAACATGGTCTCACAAAAACAAATTTCTATAACACAATCAGGCCAACTGTTGATCGAATCATTACTTTTCAAATACCCCATCATGGGTCAGGTAAGAATTTTGATATTCAAGATCTTAAAGTTCTTCAGAATGTCAAAAATTTCGTAGTGCCATACGGGACAACAAATGGCTACGGACACCCATCTTCAGCAATCAAGGGAATTCCAAACTTACAGGAAGTAACCGAGCTTTCTCGTGACTTTATCGAGGCATTCCTTCTGACCTAAATAAAAAATCATTATCCAAAGAGATCACTAAGATGCCTTCGCATCTTTAAATCCAAATGAAAGCGGAACCAATGATAGTCAGTCGTACGTCTATCAGGACCGCTGTATTGGATTTAAAAAAATAGTTTCCTGAGCAATGCAGCATGCGGAGGTGCTGACGACTAAAACCTATAGGGGAAAGATTTTTTTCCCTCCACATCAAGGAGGACGACATGTCTCAAGATCTTAGTGTCAAAGAAGCCGCCGCAGAAATTAACGTTTCCGCAGCAAAAGTTAGAGCGCTTATCCGCACCGGAGAAATCGCCGCTTATCGCCCAGGCAAGCGCAGTTATCGCGTTACGCGTGAAGCCTTGGAGACTTACAAAGCGCTCAAGCACAGCGCTCTCAAGCTTGAGATCAGGGCAAGTAAGGATGATCAAGCGTCAGCGTAGATCAGCTTTATAAGCAATATCAGGCGCTCCCCCCTCCGTGCGATCTCTCACATGGAGGGGTGTCGCCATATCGTCGCAAAATCACTCAAAAAGGCCGGACCAAAAAAAATTGTGTGAGGGTCTCGAGGTGTAACTGGGGTCCAAGTTTCATTATACCGACAGTCACATTTTTTGTTTTTTCGGCCATAACGGTGTGAACGTGCGCATACATGCGCATCGGAGGCATTATGACAAAATCAAACTATACGGCGGACTGGCGCGGGGGCGTAAGCGCGCTACAAGAAAAAACAGACAATCGAGAACTACTGCGATACTTGCGTATCTGTGAAAAGTGGCTTGATGCGTGCTTTGATCTTGATGACTACTCTATCGTCAACATGGAACTTGAGTTCCGTTCTTTTCTGGCAAAGCAACGCCGCGATAACGGCCAAGCTTTGAGCGCTTCCTACATCAATAACCTGATGTGGTGCTTTCGAAAAATCATTGACGAGAGCCCTAAGAAGCAATTTTTTCACGAATCCTCCGAGGCTTGGAGGCAGGTCTTCATTCAGAATAATGAAAGTGCATCCGTATTACCGTCACCACGGGCTAAAGAGCTGTTCTTGGCTTTTATCATGACTGTCGGATGGGAAGTGAAGCCGCTGTCTTTTGATGAGCTGGCGCAGTTTAAAGCCTACCTTGTAACAAAGGACTTTGATCCCTTTGAGGGAGCACATAACTTTACCAAGCAGATCCGTTGCCACTTGAGAAAAAGAGAACTTTATGTGGAACCAGAGGCTCAAACGTTTTCAGTACCGACAGAACTGACCTCCGTCTTTGACGACATGAAGGCCTTGGCGCTCAAAGGGCACAAAAGCACGACTAAGAAGAAAACTTTGCGGCAAGCCATGCAGGAAGACGACTTGCAGCCCATTTTAGAAAAAACATGGAAGAAAGTTTCCCGCGACTTTATCCGCTATGTGCATTTTCTTGTGGATAACAAATTTATCAAGCTGACAAACGTGGATTGGAGTAAGGCCTTCGCTACAGATGTCGTGACCGACTATCTCGATCATCGCAATCAACTCGGCGACGGCATTACAAAAAATACGGCTGAGACATTACTTGCCTCCATTTCAAAGTGCATGGTCCTTCTCGAAAAAACTGAGCATCTTACACTCAACAGCCAAGATATGAGCACGATGAAGCGCAATCTCTGGTCATTGAATCCAAAGCTTGTGGAGGTTTTCGACAAGAAAGGTGTTTTAGACAAACTTAGTGAAGGCCCAGGATTGCCCTTGTATGAAGGGCTCTATCCGCAGTTTATGGAATACTTCAAGCGAGAATCTGCAAAAATCCTAAAGCTTAAAGCACAAGGTGTTGATACCTTTCGCAAACAGCGTGACCTTTTGACTTTCATCCTTGAGGTCGAATACGGATGGAGACCAAACGACCTTGTGCAGACACTGACTGTAGACTGCATCTCTGCCCATCAAAGCAGAGATGGAAGGGATTTTTTCTTTATCAGTTACATTCCAAGCAAAACTGCTTGGCGCACTAAGGCCCCAAAGGCGTCTGCACCTTTGGCACCTTGGTATTATTCATTTTTCAAAACCTATCTTGAAGAATTGGAGAAGCGCGGGTTGAAACATCTCATTCCGACCACATCGTCCCCCAGTGCCAACAGAAGGATGTCCACAAGAATTACGAAACTTTCTTACAAGCTCTTTAAGCAAAAGCTTGGTTCGACTTCTTATCGCAGGATTCACGCTTCGTTTTTTCAGCGTCACTCGCTGCCCGGGCTTTACCTGTTCACGGGAAGAACAGCCAAAGACAACCTGAGCCTGCAAACAGAGATCGAGTTGAAGGTTTATGCGCCCGGTGCGACCACTCCCGAAGCACTGCTTGAAGCAAGGTATGGAAGGCGTGTGAAAGACATCTTGGGCATCGAGTAAGTCTTTACTAAAAAAGTTTACCGACTCCAATTTGTAGAATGTATGACGGCGTCTTCCCCGAGGAGTTCCCGGGGAAGCTCACGCCACCAAAGACCTCATTCAGATTCCAAAACCGCACAGGCACGGAGACTCGGACTGTACCTCCAACCGTGCTAGGCATAGCGTCCCCCCACCAGTG
NZ_CP030034.1_gap12	337698	340675	2977	ATCATCCTCGATATAGTTTTTTAAAGGATCATCGCCTTGAATATCGTCAGCCGCCCCTGTGAGGGCGTAAGACAAGCTGTAACCGAAGTGATTGCACAGTTTCTTGAGGCTAGCGACGTTCTCCGAAGGCATTGCGCCATCCTTCCACCCCTGAACAACCGATGGAGCGACACCTGCTATGGCTCCAAGCTCTTTCGTAGTTAGATCCCTTTCCCTCAGTAATTTACTAAGGAATTGGGAGAGGGGCGTTTTCGATGAGGAGTCGCGTTTCTTTCTAGGCACGGAAAAAGAATACCAAAACGATTTAACGTTTTTCTATTCATATTCGTTTAAAGGTTTTTTATACGTTTTATCTATTGCTTTCTTCTCGCCGCTGCGACCCGGACCAATGCCAACAGAGCGATAACTACAATGCCACCTATGAGAAATCCCTGACTTCCAATCATTGACGATAGAGATTTTTCTGCTGGCGTTGCAGATATTGAGCTAACTTGGATATATTGATTATTCCTGCTTTGATATTTTCTGTCGTATTCTTTGAAAAAACCCACCACTTGCATTTTGTCTTTGTAGTGCAATGGTGAAGTGACGGCATACTTATCAAAATCTGGCGAATCCTGGGTCAGGATAACATCTATATAACGATTGTAGCAGTCGTCTATAGAGTTTGCCGCTCGTATGTTGAGTATGCGTTGGTTAGTGTCATAGTTTTGCAGACAGAAGACTGCATTAAATGAAATCTCCTTTGAGAGGTAGTTTTCCGGGTGAACCAGCGCTAGGTTAAAGTCCTCAACCTTGATCGGCTGGCCCTGAGCAAATGCTACAGAGAAACACATGGAAATAAGAATTGCAGCGATCGAAAAAACTCTCTTCATGGCGGCTTACCTCGGAAGCTAATTTGTATTTGTCACTCAGGCGTGCTTTCTCTTCGCAACGACAAGATGTGAAGTTTACGAAAAACTATCGGAATAAACTGAAAATCAATAAGCGAAAGTCTTTTAAAGGATTTTTGTTCGTTAAAACGAATGTCCTTTTATCGAATAGACCATCAGCCTAATGAATCTGCGTTGCTTAGGCTCTCTATTCTAAGAGAACGTGCCTATGAGTTTGAATTGCAAAAGGTACGATAGTGAAAAAGAATACGTCCAACTACGGACCATATATAGACGACTACTGCAAGATTCGCATAAATACTCTTAGAAAGCTTAAGCGATATGTTGAAAACAACAGCGGCAAGTCTCTTAAGCCATTTGACTACACTCGACTTGAGATATTTCAGTTTATTCAAAAACACCTTGAGTATTCTGTTATGGTCTTCGACGGTACCAAGCGAGACTGGCGGTTCGATAATTTGATTTTGATAATGGCAGCGGGCCTTCCTTCGATAGAGTGGCTTTCTCCGCTCATAGCCTACTTAGATAAGTACAAATCCATAGCGCTCTATGAGTTTCTGGTCTTGCTCGATAGGAAATTCTCTGGGGACTGGATTGCAGGGGAAAATCCACGAGCAAGAGTTGAGAATATGTCTGCCATCTTATCAGCCATCGAGGCTTCGAGTTCTATCGACAGTCTTCTTTCAAACGATCTATTCGACTTCGATCGAGAAAATTTCCTATTAAGCATTCGAGAGGGTATTTGCGACAAAGAGTTCACACTATACCTCTTTCTTAAGATCGATTTTATCTACAAAAGCAAGACTGAGCCCCTTGAAGGGCCAACTACCGTGAGTATCGAGAACCTTTCAAAGAAAGACCTTGCAAAACTTCACAAAGAATATGGTATCCGGCCCATCCATTTGATTAAGACTTTCGGTTCAACTCCATAAGCAAAAGCAGCTATGAATAAAACAAATCAAGTAATAGATTTTATAAAAGATAGAAGCTACCAGTTCGGAACAGTTCCCTTTCTCAAGATAGCGGATAATGAACGAGCGCTCTTTGCTGTAGAAAACTACCTTCAATCATCTGACGTAGAACCTCTTATTGTTCTTGGTCCCGTAGGCTCTGGAAAAACTCACCTGGTTGGATCAGTCTTGTTTGCCCAAAAAGATGAGGGTCCACAAATCAGTCTTGATTGTCTGATTAGTTTCTGCCTTCGGCTAGGGATAATGCCCTTAGAACTCGACTGTGCAGCTATAGTAGATGCGTTTAAAACCATTTTTATCGATTGCATCGACTTCGCCTTAAGAAAAAGGGTCTCTCAGGACTGGCTAATTTTCCTTGAAGACGTTTCTAGGATGGGTTGCAAAGTTATATCTACGGTTACGGATCTTTGGGGATGGTCTCACAAAAATTTTCGAATAGTGGAAATAAGTATGTCTGTTTCCGGTAAGCAGCAATTGGCACAGTTCTTCTTCACTCAGACTTTTAGAAGAGATCCAATAACCGACGACGAACTCACTCTATGCTCAGAAGCTTCTAAGGAACGCAGCTTTCGAGCAACTCAAGGCTACATAAAGAAAGGATTCATGCTCCATGAGCTCGGAGAGAGCATAGAAATCCTCTGGAAAAAATAGCCCCTACAGAACAACATTCATCTGGTTAAAGGTCTTAATGGAAGCTTTGTATATCCCCGAGCCGTTGAAAGGTCGTAACTGTTAAAATATAATGTAAAACGAGTTTATACACCCAGAGGTACAAATGATAAAAAAGGGCTCCATAGATAGCGACAAAATCAGCGTAAAAAGTATCTTTGAATTGTGGTTTCGCATTCCCGAGTATCAGAGACCTTACAGATGGGGACGTGAGCAAATAGAAACATTTCTTGAGGACGTATCTCAAGCTGCGACGCTAAATCCCGCAGGAGAATATTTCTTAGGGTCTTTCGTTTATCAAAAGAAAGCTGGCACTAGATCTCCGGTAAGTTTTGATGAAAATGACCTGTTAGACGGTCAACAACGTCTAACTACGCTGATGCTTCTTTTTGCAGTCATAAGAGACTTAACAGACAATCAGACGCGGAAAGATACCTGTCAGAA
NZ_CP030034.1_gap13	343857	345466	1609	ATGTAGTGGTACTTCCTCCTAATGGATGGAGTGCGATTGACTAAAGTTTTGCGCTGGGCTCTTGCCTCAAAAATAGGAACTTCTCATATTAAATTGGGAACTGAGAAGCAAGATTGGGCAAGGTGTGTCCAATTGGAAACCCAAATTGGTAAGGTTACTCTTTCGATTATTTCAGATGGCGCTGGAAGTGCCTCAATGGGTAAGCAAGGGGCAGCAATCGTTTGTTATAGCATTATTCAGAGATTTCGAGAGTACTATAGATCTAATTCGGCAAATCCTAGTGATGAAGAATTATGGTCTTGGGTTGATAGTGCCCGAGAACTCATTAGTGCTTGCGCGATAAAAAGAAAAGCTGCTCGGCGGGATTTTTCCGCGACTCTGGTCGCTCTTATAATTACTCCTAAAGACCTCATTGTTCTTCATATCGGAGATGGAAGTGTTGTTGCTAGAAAGACAGATCAACAATGGACGGCACTTTCATGGCCAGAAACTGGTGAGTATGCGTCTACAACATACTTTCTAATAGATGATCCGTCACCAAAATTGAAAATATCACGTTTTACAAATGAATATGATGGGTATGCCTTATTTAGTGATGGAATAGAAAATCTTGCACTTGATTTTAAAAATCAAACTCCACACCCGCCCTTTTTCAATGGTCTTTTAAGAGCTGTGGATGGAATGGCAAAAAGTGGAAAGATTGAAGGTCTATCCAAAGAACTTACCAACTTTCTAGGCAGCGAAAAAGTCAACGAGCGCACCGATGACGACAAAAGCCTAATAATTATTTCTTCAAAATGAGTCGTTATTATATCTCAGGACGGCAAATCCAACTTGGCAAGCTCATCGGCTCGGGTGGCGAGGGAAAGGTTTATCTTTCTGCTGAGGCACCATCCAAGGCGATAAAAATATATGGTGATTCTGGTAACTCAACTAGATCTGAAAAAATCCAAAAAATGGTCTCTTTGGGCCTATCAAAGAAGACGGAATTGATTTCATTTCCGGATGAGATAGTTACGTCTGATTCAGGTAAGATAATTGGTTTTTCGATGAACTTTGTGCGTGATCACCAACCAGTACATAATTTGTATGGCGTCAAATCTAGAAAGCATCTTTTTCCTGACGTTGATTATCGATTTCTCGTTCGGGTCGCTACAAACATCGCGAGAGCGATGGCCCAAGTTCATGCATCTCCTTGCGTAATAGGAGATGTTAATCATTCGGGCGTATTAATATCAAAAAATGCTACAGTGGCCCTAATTGATGCCGACAGCTTTCAGTTGAAGGAAGGTGGGCTTACTTATCCATGCGTAGTAGGAGTTCCAGATTTTACTCCTCCCGAACTACAAGGTAAGTCTTTAAGAAGTGTCGAGAGAACACAAATTCATGATCAGTTCGGTTTAGCCGTACTGATATTTCAAGTTCTTATGATGGGCCGCCATCCGTTCTTTGGTAAAGGTCGTGACTTAAGCTTAGAGGAGTGTATTGCGCAAAACCTGTTTGCCTACACCAAGATAAGCTCACATGGTATTACGCCCCCTCCGGGTGTGCCGACACTGGATTGTTTTCCGGAGGCTATTTCAAATGCGTTTGAATATTCCTTTGCAAG
NZ_CP030034.1_gap14	367592	371267	3675	GTGAAGAGATGAACAAAAAGTTCCGTTACGGTATGTCTGATCTTGCGAACGGTGCAGTTTACTTGAAATCTGAATACAACCCAGGCAACAAAGCGATTGAGTTTAATCCGAAAAAAGCTCAAGAACTTTTGGCTAAAGCTGGTTGGACAGATTCAGACAAGAACGGTGTTCTTGAGAAAACTATCAACGGTAAGAAAACTGAATTCCGCTTCACTTTGATCTACCCAAATAAAGACGTAGAGAAATACTACACTCTTTACCGTGAAGATCTTAAAAAAGCCGGCATCGAAATGGACCTTAAGTATCTTGAATGGAACTCATTCTTGAAACTAGTTGATGAAGGTAACTTCGACGCTGTGACAATGGCTTGGGGTGGCGGTTCTGTAGATCCAGATCCAAAACAAATCTGGCACTCATCTGGCGCAGTTCCAGGTGGTTCGAACTTCATCGCTTACAAAAATCCAGAAGTGGACAAGCTTATTGATGAAGCTCGCGTTGAGCCAAACAAACCTAAACGTGTGAAACTACTAAAAGAAGTTTACAAAAAGATCGCTGACGACGCTCCATACGCGTTCTTGTTCAACGATAAGTACGATTTCTATGCAAATTCTTCAAAAGTAGGTATGCCAGCAGAGACTTTCAAGTTCGATATTGGTAAAGACTACTGGTGGATGAAACAACCGTAAGAAGAAATTTGGAGTAGGGCCTTGTTCGTATACCTGATCCGTCGACTATTGCTGATGATCCCGACATTCTTCGGGATCACACTTGTTACTTTTATATTTATCAATTTGGCTCCAGGCAGTCCTATTGAACAAAAGCTGCAGGCGATCCGTTTCGGTTCGGCTGCGGGTGGCGGCGGATCTAGTGGCGCTAACCAGCGTGGCGACACGGCCGTGAACCAAGAGGTTATCGAAGCCTTAAAAAAACAATATGGCTTCGATAAACCAATTCATGAGCGTTACATTATCTGGTTGAAGAATCTTTCTCGCCTCGATTTCGGCGAAAGCTTCACTTACCAAGAGCCTGTGATCGACGTGATCAAATCGAAACTTCCTGTTTCGATCAGCTTTGGTATCGCTTCTTTATTCCTGACATATCTTGTGTGTATCCCATTGGGCGTGCGCAAGGCGATGACTGCGGGTAAAGGCTTTGACCGTATCTCTTCTATTATTTTGAATTTCACGTACGCGATTCCGCCATTGATCCTTGGTATCTTCCTGATCGTGGTTTTTGCCGGGAAATTAAATCTCTTCCCAATTGGTGGATTCCAATCTGATGACTACGAGTCGATGTCGACTGGCGCGCAGATCTGGGACCGTGTACATCACTTTATTCTACCTTTAATCTGTTACATGATTGGTGGCTTCACGGAGCTTTCAATCCTTATGCGTAACTCGATGTTGGACGTTATTAAGTCTGACTTCATCCGTACGGCTCGCGCCAAAGGTTTGGCAGAGCGTGTGGTTGTGTTCAAGCATGCTCTAAGAAATGCGTTGATCCCAATCGCTACGGGCCTTGGTGGTTTCCTGGGTGCTTTCCTTGCCGGTTCATTGATCATCGAACAGATGTTCAACTTGGATGGTCTTGGATTGTTGGGTTACCAATCAGTTCTTTCGCGCGACTATAACGTGATCATGGGTATTACGTTTATTTCGTCTGTTCTTCTAATGGTCGGTCGTATCTTGAGCGACGTGATCTACGTTCTTATTGACCCAAGGATTGACTTCAAATGATCGAAAACAAACTTATTACGAACGAGCTTACTCTCAAGAGATACAAGCGTTTCAAACGCGATCGTGTTGCCGTTGTTTCGGTTTGGATTCTTTTGGCAATGTTCTTCTTCAGCTTCACGGCTGAATGGTGGGCAAACAATCGTCCGCACATCATGCACTACCACGGGAAAACTTATTTCCCATTGTTCGTGGATTACCATCCAACGAAGTTCGGTCGTGATGATATCTATGTGATGGACTACCGCGCTCTTGAATTGGATGCCGCACAAGGTGACTGGGCTGTATGGCCAATCATCCAATGGGACCCTTACGAGAGCAATAAAACTGTAGACACGTATCCATCTCCGCCAACTAAAACAAACTGGTTGGGTACAGATGAATCGGGTCGTGATGTTATCACACGTCTTCTTTACGGTTTCCGTTACACGATGATCTTCGCCTTTGGCGCGTGGATCGTGACTTACTTGATCGGTGTGACGATCGGTGCCTTGATGGGTTACATGGGCGGCAAAACTGACCTTGTTGGTCAACGTATCGTAGAGATCGTTGAATCAGTTCCGTACTTGTTCGTATTGATCACGATGATTTCGATCTTTACGCCAAGCTTGCCATTGCTAGTGGTGTTCTCGTCACTTCTTGGTTGGACTGGTATTTCTGCTTACATGCGTGCGTTGTTCTTGTCGTTGCGTAAACGTGAATACGTTGAAGCGGCTCGTGCGATTGGTGCGGATCATAAACGTATTATCGGTAAACACATCTTGCCGAATGCTTTGACTCCGATCATTACGTTCGCTCCGTTTGCGATTTCTGCAAACGTTTACGCGTTGTCGATCTTGGATTACTTGGGTTTGGGTCTTCGTCCACCGACTCCGTCATGGGGTGAGTTGATGGCGCAAGCTCAGAAGTGGTTCACGATTGCTGAGTGGTTGGTATGGGGTCCGTTGGTTGCGATCGTTGTGACTTTGATCCTATTGAACAACATCGGTACTGCGGTTCGTGACGCTTTCGACTCGAAAATGTAGTTCGAAAATTGAAAATGAAAATAAAAAAGGGCGAAGAGATGATCTTCGCCCTTTTTCTTTTTGTGCTTTTTAAGTTTAACCGTTCACAAGTTTCTTCAGTGATTCCACGTTTTGTTCGACCACTTTAATGCGATCTGCGATTTCAGTGACGTTCGCTGAAATCTCTTCTGTCGAAGCGGCATTCGATTGAATGACTGAATCCAACTGGTTCATCGCTTTGCCGATTTGTTGGACCCCTTGAGTTTGTTCGCCACTGGCAGTTGCGATTTCCGTATTTAGATCCGCCACTTTTTTAACAGAGCTTACGATGTTGTTCAGAACTTCGCCGGACTTATCAGCGACTTTTTGTCCTTCTTCAACCTTCGCAACACTGTCTTTGATCATGCCATTGATTTCCTTCGCAGCATCGGCACTTTTTTGCGCCAAAGTACGAACGGCATCGGCCACCACCGCAAAGCCTTTACCTTGTTCGCCAGCGCGCGCGGCTTCAACGGCAGCGTTCAACGCTAGTAAATTAGTTTGAAAGGCGATGTCGTCGATAACGTTAACGATCTCTTCAATTTTTTTAGATTGAGAAGAGATTTCGTCCATGGATTTAACCAACGATTTGATTTGATCTTCACCAAGCTCAGCCGTTGTGCGCGAAGTCTGTGATAGGGAAGACGCCTGTTGCGCATTTCCTGAATTCATATTCACAACAGATGTGACCTCTTCAAGCGATGCAACGGTCTCTTCTAGTGAAGCAGCCGCCGACGTTGAAGACTGGGCCAATGTTTTACCGGCCTCTGATACTGCGGAAATAGAATGGCTGACTTCTGTGCTGCTTGAAGACAGTGAAGCCACGATAGCATTGATGCGTTTTGAAATACTGAACGAAAATCCTAAAGCTAATGCTAATACGATTAAGCTGATGAACG
NZ_CP030034.1_gap15	383204	387371	4167	CCGTGGTCCAACGCAAATCAAAATCGTTCCCACAAAAGTGGCAGAACGTTATGGGATTGAGCCAGACAATTTGTACATTCCAGAAAATGCAGCCATTGCGACGGTGGGCTATTTAATCGAGGCATTAGGTGAATTAAAACGTCGCGTAGTGACTAACAAATTAGATTTCATTACGCCAGCGACATACGTTGATTACTTGCCCTACATTTATTTCGGTGGAACAAGAGCCTTGGTGCAGAAAACAGCGACACCTGAATCGAATGGCTATGTCAGAGACATGAAGCGCTACATGTCGTGGATCGAAGTTTACGAGCGCAATAACAACACGCCACTTCTTCATTAGTTTTTGAGCATAAAAAAACCTGCCTAGTTATGTGGGACTGGGCAGGCTTCAGGTCTAGCTTCGACAGAGTCTAGCTAGCTATCGAACGTACATGATCAAGAACGCACAAGTTTAAATTTCAAATCAAAACGCGCTTCAAGATGAGATATCGGGTGCGCGATTCAAAAACTTCACGAAATCATGACAACTTTCCCGTTAACACGAATAAATCTAGACTTATCTCGACTCCGCTTTCGTCGGAGTCGTGGGTCATTAATTAATTCGCTAAAAACAGAGAGTTAATACAGCGACTGTTAATCGTTTCTCCAGCGAACGACGAAGACCCTACACGAGTCAGAGTCTTCGTTGTTGCCGAGTACGTGAACTTTTCGATCGTGTTGGAAAGGGCCGTCGAACCGTTCGCGATATAAACATAACCAGTTGTTGAGTCGTACGTCATTGCGGTCACGCCATTTAAGACGCCAACGTTTGCAAAGGCCGCGTGATTAGTTGCCGCACTTGGCGTGATCGTATTTGCAGTCTCATCGACTGTATATTGACCAACCAAGTTTGATCCGGCTGTTGAACTTGAATATGCAACAAGAAGATGACCAACGCCTGCGCCACCCGCATCAGTGATATAAGCCATTGCCGTCGGGAAGGCCGTTGCAGGAATCGGTGAAGCTTGTGCTGCTAAACAGTCAGTACTTGCATTCATCGTGTCTGGTAAAAGACCGACGCGATTTTGATTGGCAGTTGCGTGCGAGAAAATAATTTTTCCATTTTTAAGTTCCACGGCGCGAGTGACCAAAGTTGTCGACGTCGCACACGCACCAGCTGGTGCATTCAACCACGGGAATGTGCTTGTCGCAGTCGGCACACGCGAGTGACCACTGCTGTATTTTTCCATCGAAGCACTGCGTGGAATCATGTAACCACCTAATGCCAAAGGAACGATATCACGTGCGACAGAGTTCCACGTACCAGTCGGGTAGGTTGCAACTGTCGAACGAGTCATTGCCGTTTTCGAAACTTTTTCCAGGCGACGGCCGCTGGTGTTTTCAATCAGAACTAAAAGATAGTTATCATCAAAGTTCATCGCCGCAACCGGCGTATCACCTGCTGAAGAGTTGTAATCGTAAACTGTCCGATCAATATTTCCAGTCTCAAGATTGTAGCGAACGATTGTTTTCGATGCTGTCGAAATTGTCGCGCTTCCCGCATAACATCCGCCGCTGACGGCGTACAGATAACGAGTATTTGAAAGTGATGAATTAGATCCGTTTTCATCCTCGACCTTAGGCTGACATGCGCCCATTGTAAGACCCAAAGATGAAATTGCGAGAATGGTAGCAGCGTACTTCAATGTACTCATGTGCTCTCCTTAACGTGCTTCAAGATGAGATATCGGAGCTCTATTAAGGGAACTTTATTAAAACTTGTTAACTTTTTAACAATCCGAAAAAAACTAGCCTGCGGACTTGCGAAGTTGCGCTTGGTAAGCGACGTAAGCTTTCAACAAAGCATCTAGACGCAAAGTCATTGCAACGTCTTGCTCGATGAACATCAAGCGACGGGGATCAGTCAGATCACCAACAATCTTTGCACGGAATAGAAGGCGCGCCTTAGAAGGATCGCGTTCGAATGGATTGACGATAATAAGGTCGAACTGTTGATTTAAAAAATCCCCTGGGATCTCGTCTTCAAGTTGAGTACCACTTAAAGAGATGTCGCGAGAATAAGTTCTGAACGAACGCATTTTCGAAACCAGCACCACTTCGATTTTGAAGTTGTGACGAGTGTCTTTACGACGGTCAGCACCTGAACGACGCTCTTCCTGTTTTGCAGCCGGAGCTTCGCGGGTGATTTTCTTTTTCGTTGTTGGATCTACTTTGATTTGGCTGATTTTTTTCAAATCCAAATCATCACCATTGAAGTCTTGATGATAATAACCGTAATCGTCTTTTTCAGCCTTCATTGGTTCGCCCGCAACCACTTGTGTATAAGGGCTGTCAGGGTTTTGTGACGGTGGAGCATTGTGGGTCGCCGTCAGAGTATCTTCACTCACATCTTCTGCAACAGAAGCCTTGGGAACCGCAGGCAACACATCAACCACATCTTTCATTGGTTTTGGTGGTTGCATCATCACAAAATATTTTTGATTTGAAGCCAAGAAGTCGCGAACGCAGACCCAGTCAGTCCAACCTGGAGTCCAAAGGAAGAATTTATTGAAATCAGTTTGTTTCAACGTCAAAAGGTGAGCCTGTGCCTGAACCAATGATAATGGTTTAGACTGTACTTTCTTTTCAGAATCAAAGAATAACCAGACTTTGCCTTGTGTTTTCATAAACTCCCTAACGAACATTCGAGTACGAACTAGTAGGGAGTTTATCGGAATTTTTCAGGACTTCTTTATACGCGGATACAAGACGCGACGTGATCTTTCGCCTTCAATTCCAAAGGCGGGACCTTAGTCTTGCACTCTTCGATAGCCATAGGGCAACGAGGATTGAAATGGCAGCCAGAAGGAGGATTGATTGGAGACGGAACGTCGCCAGTCAAAATGATACGGTCTTCCTTACGGCGTGGATCTGGAACTGGGATCGCAGACATCAATGCTTTTGTATATGGATGTTTAGGATTCATATACAATTCATCTGAAGACGCTTTTTCAACGATCTTACCCAAGTACATCACTGCCACTTGTGAAGAAACGTGCTCTACGACTTTCAAGTCGTGGGCGATGAATACGTAAGTCAAACCTAGCTTTTGCTGAAGCTCCATCAACAAGTTGATAACTTGCGCTTGAATCGAAACGTCCAATGCCGAAACAGGTTCGTCACAGATGATCAATTCAGGATTTACAGCCAAAGCACGAGCGATACCAACACGTTGACGTTGACCACCTGAAAATTCATGCGGGTAACGATTCAAGTGTTCACGACGAAGACCCACAAGGTCGATCAATTCGTAAACGCGGTTCAAACGCTCTTCCGCAGTTGCACCAAGACCGTGAATGATAAGCGGTTCTTCAAGGATCGCACCGATCGTCATACGTGGATTCAAAGATGCAAACGGATCTTGGAAAATGATTTGGATCTTTTTACGGATCTCGCGAAGTTCATCACCTTGAAGATTCGTGATGTCTTTGCCGTTGTAATAGATTTTTCCAGAAGTCACGTCATGCAAACGAGTCAAGCAACGACCTAGTGTCGATTTACCGCAACCAGATTCACCCACCAGACCCAAAGTTTGACCTTTTTGGATTTCAAATGAAACGTCAGCAACTGCTTTTACGCTCGCAACTTCACGAGAAAAGATGCCGCCGTAAATTGGGAAAGACTTAACTAAATTTTCGACTTTTAAAAGAGGAGTGCTCATAGTTATTTCACCTCTTCAGTCAATGGGTGATGGCACGCCACTTTGTGGATGCCGCGCATGTTTTCAAGAGTAGGATAAATGTTGCGGCAGTCTTCTTGAGCTGCTGGGCAACGATCCGCGAATCTGCAACCTTTTGGAAGATTGTAAAGACTTGGAACCATCCCTTTGATCGTTTGCAATTCTTTAAGTCTGTGACCTGTTTCGAAGTGCGGGATCGAATTCAACAAACCGCGAGTGTAGTGATGTTTCGGACGATAGAAGATATCTTCAACAGTACCGAACTCGACGATGCGACCAGCGTACATAACTGCAACTTCTTGGCACATCTCTGCAACGACACCAAGATCATGAGTGATCAAGATCATGCCGGCGTTGAATTCTTTTTGTAGCTTTCTCATCAAATCCAAAATCTGCGCTTGGATTGTTACGTCCAATGCAGTTGTTGGTTCATCGGCGATAAGCAA
NZ_CP030034.1_gap16	391871	394675	2804	AGAATCCTTCATCACTGCATTCCCGAAAGAAATAGATTTGTATGAATTTTGTAAAGAGCTTGTTTCATCTGGCAAAATTCTGTGTCGAAGCAAGGAAATTGAATTTACCGCGTCGATTGCTTCCGATTTACCGGATCGATGCTTTTGCGATCACAACCTTATCCGCAGGGTCGTCGAAAATCTGTTTTCGAATGCAGTGAAATTTTCGCTAAGAAAGACCAGGGTAGATTTTTCTGTTTGGGTGCAGCAGGCGCGCTTGCATTTTTCAGTAGCAGACCAAGGCCAGGGGATTCGCAATGACGACTTGCCAAAGCTTTTTACAGAGTTTGGTAAAACGCGCACGTTGCCGAGTGAAGGGGAGCACAGCACGGGTTTGGGACTTAGTATTGCGAAAGCAATCGTCGAACAACATGGTGGGCAAATTTATGCCAGCAGTGAATTTGGACATGGATCTACCTTCACTTTCTGGATTCCGATTACGCAATGATTGCTTCAGTTTTCATAGCGACCAGTCATTGAAGTGATGTTAATTCGATAAATAATCGCCGACTCAAGCTGCGAAGTCATATCCACAGCCAGAGAAGAAATTTTTGGTGCGAATTCATTCAGGCTCATAATAAGCATACGCATGGCTTGAGTTGCTTCGTCACCACTTAATTCTTCGTAATTGCCCCATGCAAGGGCACTTTGCCAGTGGAAGAAGTCCTTAATTTTTTCGACTTGCACGCAAACATGGGGATTGCTTCTCATGATCTCAATTTTTCGCCCCGGTTCTGAGTGACTATAGAGCGCATTTTCAAAATATACATAGCTAATCGGAACCAAATAGATCTCGTCATGATGATGGCAGGCTAGATGTGCGAACTTACATTCTTTAAATAGGTTTTTTACTTCTTCACTAGATAGGGTATGAATCGTTTCGTGCTGTGGTTTCATTTCGTTTCCCTTCATTGCCACGCTGAAGATTTTTTTCTTCCGCGACAATAACTTTAAAAGCTTTAAGCAAAGCGTCCGGATTCAATGAAATGCTATCAATGCCTTCTTTGATAAGAAGGGACGAATATTCCGGATAATCGCTTGGTGCCTGACCACATATTCCAATTTTCTTACCTTTCTTTTTTGCCGCCCTAATAGCTGCGGAGATCATGATTTTTACGGCGTCGTTTCTTTCATCGAATTGGTTTGCGAGCAATTGAGAATCACGGTCCACGCCCAACACCAATTGGGTTAGATCGTTCGAGCCAATTGAAAATCCGTCGAATATCTCTGCAAACTGTTCAGCAAGTAAGACGTTGCTTGGAATTTCGGCCATAACATAAACCTCAAGGCCATTTTTTCCTTGGGACAGGCCGTGTTTCGCCATTTCCGCGATCACTTTCTTTCCTTCTTCAGGAGTCCTGCAGAAAGGCACCATCACTTTCAAGTTTGTTAGTCCCATTTCATCGCGCACGATTTTGATTGCCTCACACTCCAACGCAAATCCTTTTTGGTACAGGGGATGATAGTATCGAGATGCTCCTCGAAAACCGAGCATGGGATTTTCTTCTTTGGGTTCGAACTGCTCGCCTCCGATTAAGTGTGAATATTCGTTGGTCTTAAAATCGCTAAAGCGCAAGATGACATCCTTTGGATAAAATGCAGAGGCAATAAGGGCGATACCTTGTGAAAGTTTGTCGACGAAGTACTGCTCTTTATGAATGTAATTTTTTGTTAACGCGCCAATTTCAGACCGAATACGATAGTCTTTTAACTGATCGAAATTTATAAGCGCCAACGGATGCACTTTTACGTAGTTACTAACGATAAATTCCTCGCGCGCAAGACCGACACCATCTTGCGGAAGAAACGACAGGGCCATGGCGCGTGCGGGGTCTGCCACGTTAACCATAATCTTTGTGGAAGGTTTTTCGATTTTCGACAGATCTATTTCTTGAGTGGAAAATTCAAGAAGACCTTCATAAATATTTCCTACTTCGCCTTCCGCACAACTGACGGTCACAGACTGCGCTTCATGTAAAATGGAGGTCGCATTTTGCGTGCCGACGATGGCAGGTATGCCAAGTTCGCGACTAACGATCGCGGCATGACATGTTCGACTACCGCTGTTGGTGATAATGGCCGCGGCATTTTTCATGATGGGTTCCCAATCAGGATCGGTCTTATCGACAACTAGAACTTCTCCGGGTTTTAGTAAATCTCGTTCGGAAAGATCACGAATAATTCGGACTTTCCCTTGGCCTATTTTGTGACCTACGCTGTGCCCTTGAAGTAAGACCGTGCCTGATTCCAACAAATGTGATTCCGTTACAATGGTAGGACTTCGTCGAGAGTGAATAGTTTCTGGACGAGCTTGCACTAAGTATAACTTTCCATCTTTCCCATCTTTGGCCCATTCGATATCCATCGGAGTGTAACGCCCATGCAATAAACTATAGTGTTCTTCGACGGCAGAACCCCACTTAGCGAGTTCCAGAATATCATCTTCTTCCAAAGCAAAGGATTGTCGATCTTGCGATGAAACTTGAACATTTTTGGTCTGACGTTCACCGTTGACGTCATAAATCAGTTTCATTTCTTTGCTTCCAAGTTCTTTATTTAGAATCGGGCGACGGAAATTTTTAAGTGTGGGCTTAAAAACGGTGTACTCATCGGGAGTCACCAATCCTTGAACGACATTTTCACCAAGTCCGTAAGAAGCACTAATTACGACGACATTGTGAAAACCTGTTTCTGGATCAATAGTGAACATGACTCCAGAGGCCGCTAAGTCGGAACGTATCATCTTTTGAATACAGACAGATAGA
NZ_CP030034.1_gap17	454011	458520	4509	TGCAACAAAAGTCGCGATGTCGGTATTGATTGGGATCGTGTTATTTCTGATGCATAGAATACTGCGCAAATATATGAGCGACGTGATGGCGCTAGCGTTAACGGTGTCATTCGTTTTTTTAGGCGGCAATGCAATCACGCGCGTTTTTTGGGAACGACCGGCGCCGATTAATTTTATCGCGATTTTATTTCTGTTGCTGCTAAGTCAAAAACAAATAGGTGCGTGGCTGTGGCTTATTGTTGGTTATGCATTTTCCATGGTTAGTTTTGAAACCGCGTTCTTAACTGCGGCTTTCGGTTGTTTCTTTCTGTTTGATTTTAAGAATACATCTTGGAAAAAAGTGGCTGCCTTGGTATCGGGCGTGGCCTTGTCATTCGTACTAGCACCTTTCCCGGTCGAAAAAATTAAATATTTTGCGAACCTTCTTTACTACAATCTGTTCATTGAAAAAAAGATTCGTGAATGGCAAGCAGCCAAAGAACCCGCAGACGTTTTAGGATTATTCTTAATTATCTTTCTGTCAGCCGTATGTTTGCGTTGGTTTCAAAAGGCCAAGGAAGAGTTTTCAAATAGATTCACTCTGACTCACAAGTTGTTGCTTGCGTCCTCGGGTCTATTGATCGTTTCTTTAGAAGTCACACGCTTTAGTTATTTGTTTTGTTTATTGGCTTTCCTTATTTTTGCAATTGCGCTTTCCGAATTCCGGGACAATCAAAAAAAGTGGACTGAATACACCGCGAAACTAGTTGCCGTCGTATTTTTGATTTGCGCGGTAATGAATATCACGGCTTTAAAAAAGAATTTTCGCGGTGACAGTGGGACTGCTCGCGATTTAGAAAAATTTGCGATTTGGTATAACGGCAGCGAGTATCGTGGCAAACCATTCTTAGTCATGTCATGGGAATACTGGAGTCCATTATTTTATAATGATCGTTACACGAAAGCAGAACCTGGCTTTTCTGTCTTCATTTACGATTTCAAAGACTCAGGTCGCATGCAACAGTTGGGTCGTTTTGTTGATCGCCCAGATTCCTTAACCTGGCAGCAGACGCGAGATCTATTTGCGGCGTGGAATACGGATGTCTTGCTAATTGAAAAAGCCCATCGTAGTTACGCTACAATTAAAAGCACTCAAGGATATTTAGTTAAGATTTACGAAGACGAAAAGTTTGAATTATTGCAATTGCGTGAGCCAAATAAAAACGTTACTCAAACAATGAATAACGACTGCGACGGAAAAGCCCTGGAAGGACGCTATTTTGCTTCAAATCTTCAGGATGATTTTAAATACTCCGCTCAGCCGAATAAAAATTTTCAAAGTTATGTGGTTCTAACCAAGTCTTCAGAAGATATTGCCGGAAGCCTTTATCCTTTTTTAAAAGGTCATTATCTGTACTGGGACAAAGCGGAAAAGAAATTTTATAACTCTGCGAAGATGCTTAGCACGAAAAAGCCCTATCAAGCGTTTGAACTTTATCGCAGTACTCAATGCAATAAGAAAGATGGGAAGTGGATCGCAAGCCGCCCTGGTCTTAATCCCGAGCGCAGTGAAAAAGAATTTCTTCGTACGGGACTACAAGAAAGCTTGAATTACCTAAGCCGTCTGATTTCCCAAAATAATGGCGAATTGCCCTATGACTTTGAAGACGAAAATAAATTTACGGACCAGTCTTCATCGACCTTCATTCGTATTCATCTTGGAATTTGGGCATTATGCGAGCAGAAGGAATTGTTTAAATCGGACAAAGCCTACGCAGATTATTCTAGCAACTGTGTTCGCGCGCTAAATGCCGCTTACAAAAATATGCAAGGGCCTATCGAGCATAAACTGGGAGAATGGGCGACGCTAGCATACTCTTATCTGTCTTTGCAGAACACGGCAGACTGGAATGATCAGTTACGTGACGAGTTCCAAGATATTCATCAAATCATTTTAGGTTATTACGATGCGAAAAGCGCATCGGAACTAACACCAGAAAGAGATTTATTCTCTTATGGTGAAGGACTTTTGTATCTTTTGAAAACTGGAAATAAAGATCTGCCTCTTGAGAAATATCTGAACACTTATTGGGATTCTTATCGGGCTTCCGGAAATATTTTTTATATTCGCTGGCTGTCAGAATCTTTGGCATTAGCCTTTGAGCAAACTAAAAAGCCCCTTTATGCCCAGCGCCTGCATCAATTGTTCTTAGACGCAAAAAGTTTGTTATCAACCGATGTGGGCACTGACATGGAAGGCTGTCTGTATGGACAAATGCCAGGCAGTGTAGTCATTCATAATCCACATCATTTGACCGGACTCTTGTTAGAGGGGCTTGTTACTGCGAAAGATTTACGGACAGCAGAAGGAACATCAGTTTTAGAAAAGGCAACGATCCAAAAAATGTTTACGTGTGTCGGTCGCATCCAACGCACGTCATGGAACTTGCCATTTACGGGCAATAAAGAAAATGCGCTAGGTGGGATTCCTTTAAGTTACGATAACGATACTTTGAAGGCAGATTTGCAAGGACACGTAACAACAGCAATGGGGAGGATGGTGCAATGGGACGCGCAGTGATGATCTTCCTGATTTTGTTTTGTGTGTTTAGTGGATTTGCACAAGCGGATGTTTCGCCTCTTCAAGGCAGCAATCGTCGCATTCAAGCTTCGTTATTGCAGGGGCGAACCTATGAAAATTTCTTATGTCAGAATTGCAGATTGCAGGGCGCTTCTTTAAAGAACACTGTCTTGAAACTTGGTACTTGCCGCTATTGCGATTTTTCTGAAATCGATGGCGTAAATCTTGATGCACGCTCAATAAATTTCGATCACTCCAAATTCAGACTGGCAAATCTTGAAAACGCAGATTTGTCAGCGGTTCGGGCTTACTTTAGCAATTTTCAAAGTGCAAATCTGAAAAACGCAAAGATGTGGGGCTCTGATCTGCGCTATTGTAATTTTGAAAACAGCGATTTGCGGAATGCCGACTTAAGTAACGCCTTATTGGTGGGAGCAAGCTTTCAGGGCGCTAAATTTAATCATGCAACGAAGTTGCCATTTTCTAAAGAGCAGGCCTTAAGCAAAGGGATGTTATGGGAAAAATAACTGGCTACTTTGCGAAGCAGGTTGAAGAAATCAAAGGCGATATTGCGCTTATTTATTACGGCGCTGCTTTATGCATCGTTCATATCTTCACCTTTACATTTTGGAACAATCAAAATTTTATAAATCATTTTATTAATCGAGGTGCCGGTTCTGAAATGTGCTGGCCCTTTTTTCCGGACTGCCCATCGATTGCTTTTTCATCGGCAACGTCGGCTGCGATTGCACTTTACGCTTACTTGGCCTTAGCCATCGTTGGAACATTGTTGTTCCTTTTTAAGAAAGTCAAAGCGGGTTATTGGACGCTGATAGTTCTTGTCATAGTAAAAGTGTTATTCGTGCTAAAGAGCTATAACTTCATGGGGAACTATCACTACATGCCATTATGGGCGAGCGTGGCTTACTTATTGTTTGCGGATAAAGTGCGAACTTTGTTTTACCTTATCGTTTCGTTTTACATGGGTGCGGGACTGATTAAGTTCAACTATGAATGGTTGTCGGGAGCTTCACTTTTAAGACCCGCCATTATCGGCGGAACTCTTTTAGGAATTTCGTTGCTTTACGTGATTCTGTTCGAAATGTGTTTTTGTTGGGGATTATTAGTAAAACGCAAATGGTTGTTCTGGCTTGCAGTCATTCAAGTTTTTGCGTTTCATGCGTTTTCTTGGCACATCGTGGGATATTTCTATCCATGTGTGATGAGTTGTACGGTTTCAATTTATGTGCTGAAGGCGCTACAAAAAGATTATTGGCGTGATGAAAACTTCTTATTGAAATTTCCTTCAGCTAAAGGTGCTCTAGCATTGCTTGCGGTATTTTGGTTATGTCAATTGGTGCCCAAGGCGACTCGTACTAACTCGGCGGTAGATGGTTTGATGCGTATTCCTTCTCTAAATATGCTTGATGCACGAACTGAATGCCACGTCACTTTATTTGAAGATATCGACGACCATACGCGTATGGATAGCAACTATTTTTCGAAGACATTCGCGGTTAGAACGAAGTGCGATCCGGTCGTTTACTTGTCACAGGTAAATCAACTTTGCAAAAAAGATCCAAACCAAAAACTGCATTTGTCGCTGCAATCGCGTTTAAGCACGGATGACAAATTCTATAAAGTTTTAGATATCAAAGATGCGTGCCACAAGTCTTATAACTTGTTGTGGGCAGAAATGTTCGAGGCTCAACATGATTAAAGGACCTCAGATAAAATATTTCCTAGCGTTCTTTGTGCTGTATTGCCTTGTCGTTTTCGTCATGGCTTTCCGTCATAATCCACACTTTCAGACGATTAATTTAGATAGTTGGCCGACGCCGGTGAAGATGCCTTATACGCATCCGGTGCAATTCTCAAAACCCGGTGCACCCGTAACCGCGCCCGTGTTTGAGTATCGTGGTAACAACAAGCGCCAGGGCTGGGTGACG
NZ_CP030034.1_gap18	640637	645301	4664	GCGAAGAATCACATCATTCCGCGCTTGCACGAATTTTATGAACAGTACCCTAACATCGAAGTGGAGTTGTCGGTGTCGGATCAACTTGTCGATCTTGTGCAAGAGGGAATTGATTTCGTCATTCGCAGTGGTGAGCTGCAAAATTCAAATTTGATCGCCAAGCCGTTAAAGCCGATGGCAATCGCCAACGTTTGCAGTCCCTCCTATATCAAACGCTTTGGGAAACCTAAAAAAATCAGCGATCTTGCGAACCACTATGCCGTTCAATATGCTTCGCGATTGGGTGGTAAAACGGCTGATTGGGAATACCTTGAAAACGGCAAACTTCATTTCGTAAAAATGAAGGGATTAATCACAGTGAATAACACTGACGCTTATGTCGAGTGTTGTCTGGCCGGTTTAGGAATGGTGCAAGTTCCCGAGCACGATATTCTGCCGAACTTGAAAGACGGATCATTAATCAGAGTCCTAGAAGATTTTCCTGCAGAGCCAATGCCGACAGCGATCGTTTATCCATCTCGCAAACACGTTTCACGCCGGGCCCAAGCGCTTATGCAGTGGATAGAGCAAGTGATAAAGGAAATGCATTAGTTTTTAAAAATAAAAAACCCGCTTGTTTCCAAACGGGTTTTTTGAAATTTAAAATTTTTTGCGAAGCAATTACTTCGAGCTCTCTTTAATGAAAAGAGTCAGGTAGTGGCGAACCATGTATTCCAACTTTGCTGGTTGGCCTTGGTATGTCCAGATGATCTCGCCGAACGCACCCCATTTTGCTTCAACGATATGTTCATCCATCACGTTCGTTGCAGCAGCTGTCGCCTCTGCACCCGGAGTTGGAATGTAGTTCGTACCGATGAAGTTAAAACGAATGCTGATTTGTCCCGGAGCTTTCAAAGAGAAGATCATTTTGAAGCCGTTACGGAACAACATGAAATCTGCGTGTGTCTTTGCGATACCGTAGATTTTGATACGACCTAACGCCGAAGGTTTCAATTCGTTGAACGAGGTAGAAGCATCAACGAATTCTGTTTTTAGCTCGAGCAAAAACTGAATTGTTTCGTTGATTAGAATCTTGTCTGCGTCGAAGCCAAAAGACATGTCGACCAAACCAGACTCTTCCATCTGTTGTTCAGCTTTCACAAGTTCTTTAATCCAGCTGATTTTTTCCATTAATTCCCCCCGCTTACAAAGAGCGCATCCATCGCTAGTTGTCGTTATCTTCAATAATTTCGAGTACCTCGCGCTTTGTCAAGACGGACCGGTTAGAACGGTGCGCCACTCGTTCGGTCATTTAGGGCAAGGGTCCCTGGTGAGGGCTTTAGCTCTGGGACACGCCATCCAGGCTCTGCCGTCGCCCGCCTTTGGCGGGTTCGCGCCATCGTGGCGCCGACGGAGGTCCCTGCCGCTAAATCCCTCCCCAGAAACCCTCACCCTAAATGACCCGCGACTTTCACCTTTCAATCGTCAGCTTGAAAAGGTGGGATCGAAAATATTTAAAATACGAAACTATGGGTGGTGGAATTTGTAATGGTTGGATTTTTGGAAACTGTTATTTGAATAAAAGGACGAACTTGTGAAGTTGTGAATGGAGTGAGTGGGGGAACTTCCCATCGCCCTTGGAGGTGGGGGACCTCTTTTTTGTTGGGCGATGGGGAAACCATCGTTTCTGTTTGTTAGATGGTTTTCCCTGCGGAAACGGTTAGTTCTTTTTTTTAGAAGCCTGAGACTTGGAGGGCTGAGCCTAAGACGACTTCGTTGCCTGAGGGGGCGTTGAAGGCGTTGTAAACTCCGACGACCAGGGTGACTGGTAACAAGTAACCGATTGTGGCTTCGCCTCTGGCTTCGATGCCGGCGCTCCAGAACCAGCGTTTCATGTTTACTTGTTCAGCGCGACCCGTGTCGGTGTTGACGAAGATACCGTCTGTTGCGGCGCCGTCGCTGACTAAGGCTCCTGAGATTCTTCTTAAGAAGATCGGGTCTGTGCCCGAGCCGTTGTAGATATCGACGACAGGGAATCTGTACTCTAGATTTACGTTCACCATGTTTCGGCCGTAGATTTGCCCGCGTTGGTAGCCGCGCAAAATATATTCAGGCAGTGGATTGTCTGGAACGAAAACTAATGAATCTGTTGAGACACCATAAAGTGAAGGAATTCTTTCTGGAGTATAAACGCCTTTTGCGCGCACCATGATGGAGTTGTGTTTCGGCAAGAAATTGCTGAAGTATTTTTCTCCGCCGATTAAGTATTGCCAGTGTTGAAGATAACCTTCGACAGCAAGATAATCATACACACCGAGATAAGCACCGCCGCCGCTTTCAGGGGCGATTTGTGCTCCTGATTTTGTGTAGTTCGTGTACGACAGCATCGTGAACGGGCCCATGCGTTTTGTTGTGGGGCTTGTTTCTGACGATCTTGAAAAGTACTCGTAACCAATTTGCAAACTTGTGTAGCGTGAAAAGAAAAACACGTCTGGTAGCAAAGCACCCGTGTAAGAGGTGTCATCGATTTCGTTGTTCACATCACCCAAATACGAAGATCTGCGATAGGCCGCCAACACGAATGGTAATGATGTTGTTTGATTCAAATACGAACCAGAAATACTGCCCTTGTTAATGCGCGTGTCCCACGAACCCAACAACGAGTACGAATGTTTTTTCAAAGGATCGTAACCCGTCGTCATCGCTTGCAGCACCAGGCCTGTTTCGCTTGATGACGTCAGCACGAATGGAATCCAATATTGCGGCCACAAGTATCCGTAAGGAGAGTAATCATCAATCGTCGCCTTTGAAACGGATTCTTTCGCAGCGACATTGGCTTCTTCATCGTGCGCCACTTCTGAAGGCAGACGATCTTTTAGCAGTGCCTCGATTTTTGGAAGTTCAGAGGGAGTTTGTTGCCAGTCAGCTTTCAAGATCGATCCGACTTTATAACCTTGCGCCGTCATCACCGTCGCAAAGATATCTTTTCGTGATGGATCAATGTCTGCCATGAATAAACCCGTCAGCGTGTGCGAAACGGGGCGGGCCGATCCTAAACGTGAATCGGCTAGGTACAAATTATTGGCGCCATTTTTATTCGAAGCAAACAGCAAACCTTCTGATGTCATACGGGCGTAACGCGCATTCGGAAAGTCAGGCAGTATCTTTTCGACTTTCTTGGTGTCGAAGGAATACTTATGCAGGTACTCGTTGCCTTTGTTGTCACGCCAAGAAAAAACGATTTCGCGATCATTCACGTAAGTCGGATATGAAACGCGTTCTTGCATCGGAGCTGAAAATAAAACTTCGTAAGTCATCTCGGGCTTATCCAGTTTCAAAATAGCCAGATGAGTTTTACCACCTTCAAGCTTAACAAACGCGACATTGAATCCATCCGGAGAAACCGCAGGCTCGCGACCACGCAGTCCCTTGCCTAAATTCTTAGTGACCTTGGTTTCAAGGTCATAGACGTGAAGATCAGAAAAACTTTCGACACGATTTACAAGATTGATTTTGTCATACACTAATTTTTTAGAATCGGGGAACCAGCTGACTCTTTGAATACTGCCTGACATCGGTTCGTCATTGCTAAGTGGTGGGGCAAAGTTTTGATCGAACTTTTCAATGGTGTCAGCGGATTTGGAGTCCAAGAAGCTTTGCTGTAAATCTTCGCGCGACAACAACTTCACCGACCGATTGTTGCTGTCATCTTCAGCGATCACGGCCAAGTGTTTGCCATTCGGAGAAATCGCCGGCGCCGTGATATATTGATAACTGTTTTTCGCGATCGCAATAGGCGTCGGTGTCACTTCACGTAAAGTTTTTAGTTGTACGTAAGCCAATTCAGAAACTTGCGATAAAGCGGTGCCATATTCCGTCGAGTAAGTGTGACCGAAAGTATCTTTTGCGGGGCCTTCGACGAAATAGGGAACTCTGCGACCATGACGTTGATTCAAATCATCGATCACTTTTTCGCCTTGATCCGCAATCATTTGATTCCACATCAACGAACCGAACAAGTACGGACGCATGCCTTCAGGCCATGTTGGAATCATCTCGTTGATTTCGGCAAGATCGAAGGTGAAGAAGTTCTTTTCATCGACCATCGCACGAATGGCGGCGTCTTGATACGTCGAACGCAAACGTCCATGATGACCCAAACGAGTTTCCGCATTCACGGCCAAACCTTCCTTGTACCAATTTGGTAGCAACAGGTTCGGGGCAAGGACGTTACCAAAAATGTAGCGCAGCGGTTTCATCACTCCGCCAGCAGGTTCGAAGTTCAGAATATGCGTGTACTCATGCGCTAAAAGTTCAAAGGCCCAATCGCCCGTATCGGCCAAGCTGTCTTCAGGCCCTGGCAATACGGGGTAAGTCATGATGTAGGGATAAGGGATTCGAGTTGCGTAACCGTTGGTCAAATCGGTTTTGTCGTTAATCACAACCGGGATTCTTTCCGGGGCTTCGCTAAAGTAAGAACGTAACTGATAATAGGCTTTCTCAAGTTTCTCGGCGTAAAGAAGCCCGAGGTCCTGCTGTTCCGCATTATAAATCACTTCAAAATGAGCCGTACGAATGACTTTCCATTTTATTTCGGGACGAACTTCCCACTGAGCTTGCGCCGGAGCACTAAGTAGGTTGAGGATTAGAAGGGCGAACCACAGGATGTTTGAACTTTTGTGCAT
NZ_CP030034.1_gap19	737506	739824	2318	CCTTAACTAACGGGATCGTTTAAAGATCCCAGCTGTAATAAGCATGGCTGTCGCAAGCCAAGGAGCAAACATGGAACTCAATGAAGGCACTGGCGTTCAGCCACTAGCCCCTGTGAATTACGCTGACGATAACGTCGCGAAGCCTCTAGAAAACAAACCGACAAATTTTTATTCTCTGACACTTGAAGATCTAAAAGCTTTCCTTAAAGGAAAAGGCAAAGAGCAATTCCGTGCGCAACAGATTTTCAAATGGGTTTACGAACAACGTATCACTGACGTTGAACAAATGACCAATTTGTCGAAAGACTTCCGTGCCGAGCTTCCAAAACTTCTTTCTTTCGAACTTCCAAAAGTGGTCAGTCACTTAAAGTCTGTCGATGGAACACAAAAATTCCTGTTCGACGTTGGTGACAACATGACGGTTGAATCTGTGTTGATTCCATCTGAAGGCCGTCAAACTTTGTGTATCTCTTCAGAGGTTGGTTGCAACATCGGTTGCAAGTTCTGCTTCACTGGTAAACAAAAATTGAAACGTCGTTTGCGCACTGAAGACATCGTTGGTCAATTCATGCACGTTCATGATTTGCTCGAAGAAGGTCAACGCATCACGAATATCGTATTCATGGGTATGGGCGAGCCGCTTGATAATCCTGAAGCGGTCTTTAAAACAATCGACGTTGTGCACTCGCCATGGGGTATTAATTTATCTCGTAAGAAAATCACAGTATCGACTTCTGGTATCGTTCCAGAAATGTGGCGTATTGCTGATGCCAAAGTTCGTTTGGCAGTAAGCTTGAATGCACCAACTGATGAGATCCGTACGCAAGTTATGCCGATCAATAAAAAATGGAACACTGAAAAGTTGCTTGCTGCTTGTAAGGACTATACTGACAAGACTGGCGATAAAGTGACATTCGAGTACGTTCTTTTGAAAGGTGTGACGGATTCAATTGAAAACGCACGCCAAGTGGCGAAGTTGACTCGTAACATTCCGTGCAAGATCAACATCATTCCATTCAACGAACATCCAGGCACAGACTATCAACGTCCTGCTGATGAAACGATTGAGGCATTCCACTCTGAATTGAACCGTTTGGGTGTTCACGTTCTGCTTAGACGTTCTATGGGCCGCGATATCTTCGCAGCTTGTGGTCAGTTGAACAGCACGCATAAAGAAAACGATGCGAAAATGGACATCTCGAATTCGAAATTGGCAGGTATGCCGAAATCAAAAAGAGAATTACTTGCCGCGCAAGCCTTGGAAAATGCCGCACTAAATGCGACATTCACTGCCATGAGCTACGAAGGCGACGAAGAAGCTTAAACTGTTTTAATTTTTAGGGAGATTTACATGTCAGAAATTCTAGTAGTAGGAAGTTTAGCTTACGATTCTATTTCAACACCTTCAGGAAAAGTGGATCGCGCTCTTGGTGGATCAGCGAACTATTTCTCTTTGGCAGCTTCATTGTTTTCAAAAGTACGCGTTGTTGGTGTTGTTGGTGAAGACTACGAACAAAAAGATTACGAATTGTTGAATGGCCGTGGCGTTGATTTGACAGGTCTTTCTAAAGTTCCAGGTAAAACATTCCACTGGGCGGGTTCATACGAAGGCGATATGAACGAAGCGAAAACTTTGAATACAGAGTTGAACGTTTTTGAACATTTCAATCCACAATTGCCAGAACACTACAAAGATTCTTCTTTCGTATTCTTGGCAAACATCGCTCCAGAACTTCAATTGCAAGTATTGTCGCAAGTGAAAGCTCCGAAGTTTGTAGGTCTTGATACAATGAATCTTTGGATCAATATCAAAAAAGACGTTCTTCTTGATGTTGTTAAAAAAGTAGACCTTGTATTGATCAATGAAGGTGAAGCGAAAATGTTGACGGGCGCTGGTAATGCAATTGCGGCAGCTCCAATGATTACAGCAATGGGTCCTTCAGCAGTTGTTATCAAACGTGGCGAATACGGCTTTGCGATGTACACGAAAGCGGAAGGTTACTTTATCCTTCCAGCGATGCCGATTCCTTCAGTGATCGATCCAACAGGTGCTGGCGATACATTCGCTGGTGGCTTCTTCGGTTACTTGGCAGCACAAAAAGAAGTTCCAACTGTGAACAACTTGAAACAAGCGTGCATCATGGGTTCTATGATGGCTAGCCACACGATCCAAGATTTCTCTGTGAAAGCTTTGGCAAAAGTGACTTTGGGCGATCTTGAAAAACGCCTCGCTGAATACAAAAAAGTTATCACTTTGTAGTTCGCTGACGCGAAGACAAAAAATAAAAAGGCGTCGACTTCAATCGATGCCTTTTTTA
NZ_CP030034.1_gap20	766689	770044	3355	GTTTTTCTTCAGTCGAAATGTTTGGATCTTTGAGGGCATCATCAATTGGAACACGGCTGTTCAAAAGTTTGACTTGATTGTAGGCCGAGCTAAACAGGTAGCTGACTTGGCAACCTGTTAGCAGAGGAAAAAGTAAAATCAAATACTTTAAAGAATCCACGAGATACCGGCACGGAAGGCAGAGTCGTCAGTGGATGTATCGTTACCCACCGGAGTTTTCCACGCATCGTAACTGAATTTTAAACTAAAGCTGTCAGTCAAAGCGACTTTCAAACCAACACCGTAACTTGGCGCCAATGCTTTTTCAGGATCATTGGTGTAAGTGTCTACGCCTTCGATCTGAACTGTTTGCGTGCGATTGATTTGCGCCACGCCGCCCTTAATATAAGGTTGGAACAACGCCGTTTTTTCTGCCAAGACAAAGATCAAATCCGCGCCCAAAATTTGTGAACGTTGTTTCGTCACGCGGCGAGGATCGGCAGTGAAGGCCTTTGATTCTACAATCGTCGTTGCATCTGTATAGCTAAGCTCCAGAGCGATTCGTTCCCAGAAGTAAAGTGATACGGAGCCCGTGAAAGATTCTGTTTTGTTGCTGTTGTTTTCATCGTAAGTCTGAGTCTTAAAGCCATATTGGGCACCTAACTCAGTGTACATAGCATTTGCGGATAACGTGACGAAACTGACCAAAACGACGGCTAGCAAATTAAAACATTTCATATTCATCTATCCTAACAAGGCGCCGTGGCGAGTAACATGAAATCCGTTGTCCTCTGGACTAAAGCTCTAGGAAGGAATAAAACTTTGGTATGAGTGATAAGAAATTGAAGTGTGGACTTCCCCAAGACGAAGCTGAATTAAGAAAACTTCTGACTCCAGAGCAGTACCGAATCATGGTTGAAAACGGAACCGAGGCACCTTTCCGCAATGCCTATTGGGACAATCATGAAGAGGGCATCTATGTCGATGCAATTTCTGGCGTCCCGCTTTTTTCAAGCGAAGATAAATTCGATTCAAGATCGGGATGGCCAAGTTTTACTCGTCCGATTGATTCGGCAGCGATTGTTGAAATCGAAGATCTGAGTCATGGAATGATGCGTGTCGAAGTTCGTGCGAAAGGTTCCAATTCGCATTTGGGTCACGTGTTTGATGATGGACCGGCACCGACAGGTCTACGTTATTGCATCAACTCGGCGTCTTTAAAATTTATTCCTAAAAAAACTTAATCGGAAAGTACTAGCGAGCATTCACCATCATCGGTGGACGATAGTTCACCGTGAATGTGAATTGCAAATGAATGTAGCCGTCATCCTGAACCATCTCTTGCGGTGGGTTCGGGAATACGCGCGCTTCTTTGAAGGCATTTACCGCGGCGGCATCGAAAGATTTAATTCCAGATTCTTTCATGATGATGGCTTTTTGTAAAAAGCCGCGACGATCCAATAAGAACTCAACCTGCGTGTTCCAATTTCTGTTGCTGGCAGCCATTGCCGTCGATTGATCAAAGGTATTGATCGCTTGTTGTACGCGTGATTCCCAGCGGAAACGTACAAGTTCTTCGATGCGCGCGTAGAATGTATAGAACAGATAACGATCCGTATTTAAAGCTGTGAATGAGCCAATTTTTACGTCTGTTGGCAGTGATTCGCCGACGGAAGAGCGACCTTCGTTCAATTGATTCATCTCGCGCAACTCTTTAGAGATATCAACCGTGCGATAACCGTCTTTATCTTTTTCAGTGACATCTTCTTTGTGGGCTTGCTGTTTTTGCTGCGCTTGTTGTTGCTGTTGTTGGCGAGCTTGTGCGGCAGCTTGGTTGCTACGATTTGCAGTCATGCCATTATCAGCTGCTTGCATTTCTTTTTTCACGCGTTGTTTTTGCTCGGAAAGGAAGCGCGCCAACGTGTCGTCTTCTTGCGCTTTCAATTGGTCAGGCACAAGTGCTTGGCGCACGATTTGTTTTTCTTTTTTCGCCGTTTTTTTCATGAGCTCCGTCGGCGGCGGGGGAGCCAAGGCGATTTCGATCGTTTCTGGAGGCTTATTTTCAAAGCGCGGAGCAAGGACCACCACTGCCAATAAAAGCAGAATGTGGAAGAGTAAACTCGCGGATATGGCCTCTAGAACTCGTTTCATGGTCTCATTATGGTACAAACTAGACTTAGGTGCAAGATGGCTAAAGTTGAAACAATTCCTGCCGATAAGAATATCACTTATATGGGGGATAAATGGGGAAAGTTCTCGAGTTCACAACGCGCCTAAGATCTGAAAACTCTTTGGGAAAGAATAAAACCGAAGCGGCACAGGTTCATGACATTACTGAGGCACGTCAAGAGATCCTGAGCAGAGATCGCCGTGAAGTAAAACGCACCATTTTGACAGAATTTGTGGGTGCTTTTGTCATCCTTCCAGAGAAAGGCCTTTTGAAGGCTGCTTTGTACGATATCTCTGAAAATGGTTTGGCATTTGAATTGGACATGTTGGAAGGCGCATTCCAAAAAGACGAAGAAGTTGCAATGCGTGTTTATCTTAATCACTCAACTTATTTCCCATTCACGATTCGCGTAACCAATGCGCGTGTGATTGAAGATGAAGGTATCGTTCGTCATGGTGCTAATTTCGTAAAAGGCACTGTGAATGATGTTGCACTCCATCATTTTATTAAGTTCATTGAGACGGTCAGTGCGAGTCTGAAGACAGACACAGGCGACGTCGTTGTTTCTCATATTTCTTAATTTTTCGTTCTTCTAATTTTCGAGTCACGGGGCTTTTCCGTAGACTTTGGTCTTGGGATTTGTTGCAATTTAGCTGTGGGGTCTCTGCAGCCGGATGCTTCAAATCCCATGTTTTATTTTTACCTCGAGCAAATCGAGGAAAGACCAAGTCGGAGGGTTCTCTTGAGTAAAGCGAAACGCAGAAAAATTGTTATTGATACGAACGTTATTCTTTTCGACGCTCAGGCTATTTTGCGTTTTGGAGAAGCTGATGTTCATATCCCTATCTCTGTTATCGAAGAAGTCGATAAATTCAAAAGAGATCAAGGTGAGAACGGTCGCAATGCTCGTCAATTCAGCCGCTTCATCGACGTTCTTCGTGCGAAGGGCTCTTTAGCAAGTGGTGTGCAAATTGATAACTCTGAAACGATGGTTTACATCAATACGGATTTGATGTTGGCTGGTATGCCGTCAGAGTTGGATCACCACAAAGCGGACAACCGTATCTTGAACACTGCTTTGGCTTTGCAAAAACAACATCCACGCTACAAAGTGGAGTTGATTTCTAAAGACATCAATCTTCGTATTAAGGCAGACGTTTACGGCGTTATCGCTAAAGACTACGAAACGAATGACATCAACCGCGA
NZ_CP030034.1_gap21	821288	824108	2820	CGCAAGCAGCGAAAGCGCAAGTGGCGGCTCGTGCCAATGAAGTGGCTCCGAAACCGAATGCAAAAGATCGTACGAAAAAATTCACTTCGACTCGTCAAGGTGGCGCAGTGAAAACGGGCGAGACGGCTGGTGCAAATGCACAGTCAGGGAACAAAGATCTTTCGAAAGTGGGATTGTTCAGTGCCTTTGGTGGCGGTGGCAGTCGCGCGAATATCGACAAAGCTTACTCTGGCGCCGGCGAAGTTCTTGGTATGGCTGATAAAGCTTCCGGAAGTTCGGGCTTCAATGAAAACCGTGCAGGCGATGACTTGGGTTCTAAATTTAAAGACTCAGGCGCAGGTGGTAAAGGTACGGCGACACAAGGTATCGCTGGTATCGGTACAAAAGGTCGTGGGTCAGGTCAATCTGCTTACGGTGCTGCGGATGGTTTCGGTTCGAAATCGACAGTCGCAATCGCGGGTGGCGGTATGGAAGAATCATTCGATGCCACAATCGATAAGGAAGCGATCCGTCGCGTGATTAAAGCGAAACTTCACGAAGTAAAAAGCTGCTACGAAAGAGCACTTAATACTTTGGAAAAAGGTCGCAAGCTTGAAGGTAAGATCGTATTGGGATGGGAAATCATCGAAAAAGGACAAGCTCGTAACGTCAGCGTGAAGAGTTCGTCTTTGAACAATCCAACGGTTGAGAATTGTATTCGCGATCGTTTGGCAAGTTGGACGTTCCCAGAGCCTCCTCCAGGTCTTGTGGCCGAGGTGAAGGCGTACCCATTTGTTTTCAATCAACAGAATTAGTTTTTAAGAATAGAAAGTTTTAAGGAGATACCATGAACCCAACAGTAACAGCAGACAACATGAACTTCATCCAGCGTGCGTTCGCTGAGGGCGGTTTCGTCATGTACATCATAGCGGTTATCGCTATTCTTGCGATTATCGTGATCGTCGACAGATTGATGAAACTGAAAAACCTTTCAGTAGATAAAAAAGAATTCACAGATCAAATCTTCCGTATGGTTGTTGCTGGCGATCTTCGTCAAGCAGTGAGCTTCTGTGATGCGCGCCCAGCTCCTTTGACGAACACTGTGAAAGCAGGTTTGGTTCAAGCGATGAACAAACGCCCAGACGAAGAAATTCAAGTGGCAATGGATGCAGCAGTCATGAGAGAAATGCCGAAAGTTGAAGGTTGGGTTTCTTTCCTAGCCGTATTCGGTAACATCGCGGTTCTTGCCGGTCTTCTTGGTACGATCATCGGTATGATCGGTTCATTCCGCGCGGTTGCAGCCGCGGACCCAGCAACAAAAGCACTAGAGCTTTCTAAAGGTATCTCGCATGCCTTGAATTGTACTGCTTTCGGTCTTGGTGTCGCGATTACTTGTATTATCGCTTACGGTTTGTTCCAACATCGCATTCAAAAAACTGAAAACGAAGTTGTTGAAACAAGCATGACTCTTTTGAATCTAGTAGTAGCTAACCGCGAAAAAATCAGAGACTAAGCTTTAGAGAACAGAGGCGAGTATGGCGCACATAGATAGTGGTGGTTCAGGAGGCAGAGAGCGGAATATCGAGTTGAATCTCGTGCCCGTGATCGACTTGATGAGTGTTCTCATCACGTTCTTGCTTATCACTGCAGTATGGACTCAAGTGTCTATGATTCAGATTGGCAGTTCCTTGTACGGAAAGAAATCTGATACGCAACCGAATCCAACTCCGCCGCCAATGGCTGATGTGGTATTGAAGGTTGACGTAAAAGAGATCGGTTATGTTTTAACTGTTGGGAAACAAGTGATCAGTCTTCCAATGCAAAACGGCCAATTTGACGACGCGGGTTTGATCGCGCAATTGCAACGTGTGAAACAGCTTTATCCTGAAAAAGTGGATGCAGTTGTGACGGTGGCAGATGCAATGCCTTATGAACAGCTAATCAAAGCTATGGATAATCTTTTGAGCTCTGGCTTTTCAGCGATTTCCGTAGCAACAGGAGCGGCGAACTAATGGCGATTTATAAACCAGGTGAAAGACACCGCTACCACAATATTTTAAGCAAAAAGAAAAGCAAACGTGGTGTGACTGCGATCCTGTCTTTGACAGCGATGGTGGACATGTTCACGGTTCTTGTGATCTTCCTTTTGCAAAACTACAATACGACGGGTGAAATTCTTTATATTCCAAAGGAAGTCACTTTGCCGAAAGCTGCCTCTGTGCGCGAACTAAAGCCCGCACACGTGGTGACGATTTCAAACAAAGAGATCCTTTTGGATAAGGACCCAGTTGCTACTTTTGACGAAGTAAAAGCTTTGGGTGCTGAAGAATGGAACATTCCGAAATTGAAAGAACAGTTAACAGAAGCCTTGGCTAAGTCTAAAGCGGAGCAAGAAAGCAAATTGCAAAATAAAATCCGCGATGTTGTTGAAACAACAAAGGGTCAAGACGGAACTGAAGATCCTAATGCATGGAGCAAAGTTACGATTCAAGCAGATAAAGGCGTAGATTTCCTAACTGTTAAAAAAGTTCTGTACACTGTCACAGAGGCTGGCGCTGGAGAAATCAATTTCGCAGTGACTAAGCTACCTCAAGAGTCGACATCGAACTAATCATCGTTTAGTATAACAAGGCACGGATCGCGTAAAGGAGCCGTGCCTTTTTTATTATGAAAAACATCAAGAACCTCATCTTTATCGGTCTGCTCATTTTTCTATTCGTAGAGGTTCTGATCGTATTTCCTTCAAGACTTGAACACGAAGACGACAAAGCCGTTCGTGAACGTATCGCAAAACAAGAAGCCCTTAAGAAATTGAATAACGGCAAAGAACCGGAACCATCG
NZ_CP030034.1_gap22	842747	845760	3013	ATATAAAGTGCAATTGTTAGGAGCGACACCACAAGTGATCAAAGCCGGTGAAGATCGTGAAATCTTCCGCGGCATTCTTGATAAAATCGGTGCGGGTTATCCGAAAAGCTACATGATCCGTACTTTCGAGCACGGCATGCAGATCGCTGAAGAGTTAGGTTACCCGTTGATCCTTCGCCCGAACTACACACTCGGTGGCGGTGGTGGGGGTATCGCGTACTCTCCTGAAGAATATAAAAAGATGTTGGTGGGTGCACTTCACGAAAGCCCGACATCGGAAGTATTAGTTGAAGCCAGCATTCTTGGTTGGAAAGAGTACGAACTTGAAGTCATGCGCGATTACAAAGGCACATTTGTTGTCGTTTGTAGTATCGAAAATCTAGATCCGTGTGGTGTCCACACGGGTGACAGTATTACGGTGGCTCCGCAACAAACTCTAAGCGACCGCGAATATCAAGCGATGCGTGATGAGGCTTGCAAGATTATTAACGAAGTTGGAATTCAAACAGGTGGCGCGAATATTCAATTCGCTGTTCATCCGACAACTCGTGAACGCGTGGTGATTGAAATGAATCCACGTGTAAGCCGTTCGTCAGCACTTGCAAGTAAAGCAACCGGCTTCCCGATTGCAAAAATCGCAGCGTTGTTGTGTTTAGGTTATAGTCTTGAAGAAATCACGAACGATATCACGAAAGTGACACCTTCTTGTTACGAGCCGGCACTTGATTATATCGTCACAAAAATTCCACGTTTTGCTTTCGAAAAATTCCAAGGTTCCAAAGACTCTTTAACGACACAAATGAAAAGTGTCGGCGAAGTGATGGGCATCGGTCGCACTTTGCAAGAATCTTTGATGAAGGCTCTTGCAAGTCTTGAAAAAGATCCGGAAGCGATTCGCGAAGTTGAATTAGAAACTGGTAAAGTTTCTTATCCAAACAGTCAGCGCATCTACCATCTTTTCCAAGCGTTCCGCGATGGAAAAACTATTGCTGACATCGAAGATCTGACGGGGATTAATCCGTACTTCCTAGAGCACATTGAAGCTTTGGTGAAGTTTGAAAGAAAATTTAAATCGGAATTTAAAGAATCCAACGAAGACCTTCTAAGAGCAGCAAAACGCAAAGGTTTTACTGATGCGCGCTTAGGCGCCTTGATTGGTCAAAGTGAAAGCTATATTCGCGAATTGCGCGAGCAGTTCAAATTGTTCCCGGCCTTCTTGCAAGTCGATACATGCGCGGGGGAATTTGCTTCTTCGACGCCGTATTTCTATTCGACATATTGGTCACAAGTTTCTGCGACAATTGATAACGCAAAAGACGCTGTTGTGATTATCGGCAGTGGCCCGAACAGAATCGGTCAAGGTATCGAATTCGACTATAGCTGTGTTCGCGGTGTAAAAGCTTTTCAAAAAAGCGGCACGAAAGTCATCATGGTCAATTCGAATCCAGAAACGGTTTCAACGGACTATGACACGTCAGACGTATTGTTCTTTGAGCCGCTGACTGCAGAAAGTCTTGGCGAAATCATGCGTTTCATGAAGCCGCGTGGTTTTGTTGCTCAATTGGGTGGTCAAACGCCAATCAATTTGGCTCCTGAATTGGTGAAGGCGGGATACACTCTGCTTGGTTCTTCTTTGCAAACAATCGACTTAGCGGAAGACCGCGGTTTATTCACAAAGATCTGCCAAGAGTTGAATTTTGCGATTCCAAACTCGGCCATGGCGGGGGCTCTTGAGGACGCCTTAATTCACGAGAAAAAAGTCGGTTATCCAATGATCTGTCGTCCAAGTTATGTTTTGGGTGGCCGTCGTATGGAAGTGATCGAAAATCGTGATGAATTGATTTCATATTTCCAACGTCATGCTGATTTTATCTCTGCAGATAAACCATGTTTGATGGATCAATTCTTAGCTGGTGCCCTTGAAGTCGACGTAGATTTAATTCGTGGAGATGATTGGACACTGATTGGTGGCGTTGTTGAACATATTGAAGCTGCCGGAGTGCACTCGGGCGACTCGATGGGGGTTTTGCCGCCACAACGTTTGAAACCAGAAACATCAGCACGCATTGAAGAGCTCAGCATTTTATTAGCAAATCGTATTGGTGTGATCGGCCACTTGAATCTGCAACTTGCAGTGAAAAACGATATCGTTTACATGCTTGAAGCAAATCCGAGAAGTTCGCGTTCGGTTCCGTTTGTTGCCAAAGCAACCGGCATTCCATTGATCGATCTCGGTGTCGCTGCGATGCTTGGTAAAAAACGTAAAGACTTGCATCTCGACAATATGAATTGGAGAAACGCACCAGCGGTTTCCGTGAAAGGTGTTGTTTTCCCATTCAAAAAATTCCCAGAGGCAGATTCTATCCTGGGTCCTGAAATGAAATCGACAGGCGAAAGCATGGGGCGCGGAAAAGACTATTCTGAAGCTTTGGCGAAAGCGTTCTTATCAAGTAATATTCGTTTGCCGAAAACAGGCCAAGTGTTCTTCTCTTTACGTGATAAAGATAAAGAAGCGATGTTGCCTTTGGTGCGTGAGTTACAACGCATGGGTTACGGCGTTTCTGCAACAACGGGTACGGCCTCATTCTTTAACGATAAAGGTGTGAACTGTTTGTCACTTCGTAAGGTCGATGAAGGTCGTCCGCACTGCGTGGATAAAATCCGCTCGGGTGAAGTGGCGTTCGTTATCAATACAACATCGGGTAAACGTGCGATCGAGGCTAGCTTCGACATTCGTCGAGCTTGTACGGACTATAATATTCCATGCATTACTGAAAGTGATGCAGCCGAGGCGTTTGTTCTTGCTTTGAAAAATGAAAGAAATGAGTCATCATCAGTCGAAGCATTACCGTCGATGGAGGCCTTTTGATTAAGCTCGTTCTTTTAGCTGTATCCTCTTTGCTTATTTCTGTAGTTGGTCAGGCGCAAACTGTCGCCGCCAACGAGAAAGCTCCGAATGAAATTACGATCGGGTTGATCCCCGGCGGTAATCCAGAGGTTCTAAAAACGCAAA
NZ_CP030034.1_gap23	847335	851765	4430	TCTGCTTTTTGCTTTGAGTTTTCTTTTAGGAGCATTGTCGTTAGCAGAGCAAAGAAAAATCCTGGCCGATTTTGGTTTCTTGGGAATTCAAGTTGCCGTCTTAGGCGTATCGCTCTTTTCTGGTTCTTATTTGTTAGCGAAAGAAATTGAAAAGCAGACGTGCTTATTGATTCTTTCAAGACCGGTCAGTCGTGATCAGTTTATCTTAGGAAAAATTTTGGGCGTTCTGGCGTTGAACGTTATTTTGGTCGCTTCTTTGGGTGTGTTATTAGCGCTGCTGTTGGGATTGTGGAATACGCCTGCACAAATTTTAAGTTTCTTCGAAATTTGTTTCAGTCTGTGGATGGAAAGTGCTGTCGTTTTATGTCTGGTGATTGGACTGAGCTTGGTAGTTCGTCCGGTCCTTGCTCTTTCATCTGGATTTGTGATCTTTCTTCTAGGACACTGGCTTTCTGACTTGGCCTTCTTCGCAGAAAAAAGCAAAGAAGAATTTTTCGTGATGGCCGTTAAAGTTTTGCACTGGTTGGTACCAAATCTTTATCGTCTGAACTGGAAATCAGAATACTTCCTGCAAAATGGAATTCCGGGTAACCAAATTCTGTGGATGTTAGGACATATGCTGGGTTGGTTCTTGATCTATCTTGTATTTACGAACTTCTTCTTTAGGAGAAAAGACATTGTTTGATCTCGATACCACATTTTATGTTCTTTTCTTTGTTTTAGGCGCCATTTTTGGCAGCTTTGGTAATGTCATTATTCTGCGTTTACCAAAAGAAGAAAGTATCGTGAAACCTCGCAGTTATTGTTACAGCTGCAAAAAACCTATCAAATGGTTCGATAATATTCCTATTTTAAGCTGGTTCATCTTGCGCGGAAAATGCCGCAACTGTGGCGCGAAATTCTCGTTCCGCTATCCCATGGTTGAAATCATTACGGGGGTTTTGTTCGCACTCAGCTATCATTATGCAGGTCTTACTTGGTCTTTGCTTGAATATTTGATTTTCTGTTTTGGCCTCGTCGTGTGCACATTTATTGATCTTGATCACATGATTTTGCCGGATGAATTTACTCTTTCAGGTATTGTGATTGGCTTGATCGGAGCGTGGTTGAATCCTCAGCGCGAATTCATGGACGCTTTCTTTGGCGTTCTGATGGGCGGCGGATTTTTGTGGGGCATGGCTTACGTTTATTATTTGATGACGAAACAAGAAGGCATGGGTGGGGGAGATATCAAACTCCTTGCGTGGATCGGTGCGATTCTTGGTTGGAAAGCAATTCCGTTCGTGATTATGTCTTCTGCCATCATCGGAAGTGTCGTTGGTTTGGTCGCAGCCAGAAAACAAAAGGCTGGACTAAAGACTGTGATTCCGTTCGGACCTTACCTTGCTTTGGGCGCGGTTATTTATCTTTTCGGTGGCCAGACAATCGCACTGTGGTACCTAGACCTTTTTCTCCCAGGTATTAGTTAGGTTCGTTTAAACTTTGATTTCTCCTTCGTTGTTCGTCGTCGACGTACTAAAAGTACGCCTTCCTCCTCTCGCCTCGGATAAATCAAAGTTTAAAGCGAACTGTTTTTAGGATTTAGCTGCGCTAAATTTATATGACAACGCCTAGACCGCACGTTTGACATTCTATCCCACACACCTAATAATTTTAATATGTTAGACCTGTGTCTAAAGACGTTGGTCGTTGTAGAGTGCATTTAGGCATCACTTGAGAAAGCAACTTAGGAATGTTTTTTAAATCAAAGAAAGTTATCGGGCTCGATATCGGAACGAGCTCTATAAAATTAGCAGAGATGGACTTCAGTGGAAAAGGAGCCCAACTGCTATCTTTTGGTTTTGCACCAACGCCTGCCAACGCCGTATCTGGTGGTGAAATTGTCGATATCGCCTCTGTCGGTGTCGCGGTTCAACAACTGGTTAATGAAGTTCAATCCAAAAGAAAAAATATTGCCACAGCGATGTGGGGAACTGCGGTTATCGTTAAGAAAATCACAATTCCTAAGATGGATAAAAAACTGATTCGTGACCAAATTCGTTTCGAAGCAGAACAATATATTCCATTCGATATCAATAACATCAGCTTGGCCCATCATATTCTTGCGGGCAGCGGCTCTCCTGACACGATGGATGTGTTATTGATTGCTGCCCAAAACGAACTTGTCACTCAATACACACAAGTTATTGAAGTCAGCGGGTTGAATTGTGGCGTTTTAGATGTCAGCGGTTTCGCTTTGGCGAACTCGTTTGAAATGAACTATGGCCGCATTCCCGGTGAAGTCATTGGTATCCTTAACTTCGGTGCATCGATCACAAACTTCGTGGTCTTGCAAAATGGCGAAGTGATTTTCTGTCGTGACATTCCAGTGGGTGGCGCAAACTACACAAATGAAATCCATAAAGCGATGGGCGTGACAGTTCCTGAAGCTGAAGCACTTAAATTGAGCGCGGTTTCAAAACGCGAAGTGCCTGACGACGTTCATGCGATCATCAGCGCAACCAACGAAGCCGTGACTGAAGAGATTCGTTCAAGCTTGGACTTCTTAAGTGCAACGACGAACGGTTTGATCTTGAATCGCTGTTTCTACACAGGCGGAAGCTCTGTCACATCGGGACTGGTTGAAACGGTTTCGCGCGTAACAGGCATCCAAATGGAGCAATTCAATCCATTTATCAAAGTAAAAGCGAATCCAAAAAAATTCTCTCAAGAATACTTGGATCAAATCAGCTCATTCGCAGGCGTAGTAACCGGCCTAGCCATCCGCGAGATGGGAGACGACACATGATTAAAATCAATCTAGCGTCTTCCGGCGTCGGCTCAACCGCTTCAATCAATGCATCTTTGGGTATTTCGTCTGATGGTTATCTTTCGCCAGATGAAGTACGTAAAGAGGCTCTTAAGCGTCTTATCGTGATGTTGATTCCAGCAATCGGTTTGTATGCGTACCAGCAGCAAAATGTTCCGCAAAAACAAGCGGAGTTTAATTCGAAACAACAAATGCTTGCAGAGTTGAGCAATTACAATTCTAAACAAGCGGCCTCTGTTGCAGAGATTAAAAAGTTTAAAGAAGACGAGGCTCTTATTGAAGCGCGTATTGCAGCTTTAGATAAGATCTCTAAAGATCGTCATCGTGAAATTCGCGTCTTGGATCTTTTGCAACAGGTGATCCCAGAGAAAGCTTGGTTAACTCAAATCAAGATCACTCCTGAAAAAGTCACTGTCCAAGGTCTCGCGATTAGTGATTTTGAAGTTTCAAGTTTCTTAGAGGCTCTGACAAAGAGTGTATTCTTGATGGACGTAAATCTTGTAAGTTCGAGCGAAACGTCGGTCGATGGTGTTAGCTTGAAGAAGTTTGAAATTAGTTGTCTTCTGGAGCGTCCACAATGAATAAATTCTTTGAGACAATTTCCGGATACACGATTGGTAAAGCATTCATAATCGGTTTAGCGATTGGTGCCTTCTATTATTTCACGATTTATGATGACGGTTCTTCGATCGACGCACAAATGGTGACGATTAACCAGCAGTTACAAGAGCAAGAAGCTAAGAAAAAAGATACTGATGCTACTTTGAAGCAAGTACGAGAGATGCAGGACAAAGTCGGACGCTTGAGTACGCAGTATCAAGAAATTTCACGTCGCTTACCTTCAGCTTTATTTTCAATCGACATCAATAAGTCTATTGATGGCTTTGGAAGAAATGCAGGCGTAAACATTAAATCGAAGAAACCTGGTGAAAACCTTAAAAAGGAAGTCGTTGAAGAAGTTCCTGTTGAGGTTGAATTAGAAGGATCATACGGCGAGCTGGCTCAATTTGTATATCTTGTGTCATCTGCGGAACGTATGTCGCGTGTTAAGAATATTACTATCAGTGATTCTTCCCCAACGGGTGGATCAAGAAAATTAAGTTTTAAAGGACAAGTTGTAGGTTACAAGCTTGCTCCTGAAAAACCGAAAGCGGAGACGACTAAGTGAAATCTGTAAGATGGATGATGTCTTACATTCTAGTTGCCAGTCTTGGACTTTGGCTCGCCTTTGCGGTGAGTATGAAGTTCATGGCGCCCGCGCATTCTCAAGAGGCTCCAAGCAATGGCGATCTTCCTCCGGAATTTATGAAGGAAGTTGAAGCCACTCAAGTGCCGAGCGGCAAAGCGGCGCCAAGTGCAACGCCATCAGCGCAACCAGTGACGACACCAGCGGCTACTCCGAAAATGGGAAGCAATCCTTCTTCGACTGCGGCGCAACCAACGCAGCCGGCTCAGCAGCAAGTTCCTCCACCTCCACCAGCGATGGGTGATGAGATGCCATTGGGTGACTCGATGACTGCGCCGCAAGCGTCTCAAGGTACAAACACGATGCCGAGAGATGAATATATTTACGATCCAACTGGTAAAAGGGATCCTTTCAAACCATTCAAAGTACTTCGTC
NZ_CP030034.1_gap24	861341	862623	1282	AAACCCGGGCGCCGAAAACTCAAGGATTCCTGGGCAAGGATAATCCTCCCAGGGTTAGTCGAGACCTAAGATGAGGCCAAGTGGCGTAATCGATGGCAAAACGGTTAATATTCCGTTACCTAACAGATTGTGTTTAAGGAATGACGGTATAGGCTATCTCAGCCTCTTATTGGATTGAGGTGTAAGCGTGTAGGTGGTGTCGTAGGCAAATCCGCGGCACATAACACTGAGGCGTGAATGCGAGGGACTTGTCCCGGAAGTGAGAAAAGCCATGTATCCAAGAAAAGTTTCGTAAATTTAGATTTGTTAGCTCGTACCGTAAACCGACTCAGGTGAGTGGGGTGAATATCCTAAGGCGATGGGGTGAATTTTGGTCAAGGAACTCGGCAACTTAACACCGTAACTTCGGGAAAAGGTGTGCCCGCGAGAGTGTAAGGATTTACTCCCCAAGCTTTTTCGGGTCGCAGAGAAATGGGAGTAGCGACTGTTTATCAAAAACACAGGCATGTGCAAAGTCTCAAGACGAAGTATACATGCTGACGCCTGCCCGGTGCTGGAAGGTTAAGAGGATTAGTTAGCGTAAGCGAAGCTGAGAATCGAAGCCCCAGTAAACGGCGGCCGTAACTATAACGGTCCTAAGGTAGCGAAATTCCTTGTCGGGTAAGTTCCGACCTGCACGAATGGCGTAACGACTTCTCCGGTGTCTCGACCAAATGCCTCGCGAAATTGAATTCTCGGTGAAAATGCCGAGTACCCGCAGAAAGACGGAAAGACCCCGTGAACCTTTACTGTAGCTTGGCAGTGATTTTAGAGTTGGCATGTGTAGGATAGGTGGGAGACTTTGAAGCAGGGGCGCTAGCCCTTGTGGAGTCAACCTTGAAATACCACCCTTGGCACCTTTGAAATCTAACCTGCTGCTCTTTACGAGCAGAGGGACACTGTCTGGTGGGCAGTTTGACTGGGGCGGTCGCCTCCCAAAAAGTAACGGAGGCGCGCGATGGTCCCCTCAGCCTGATTGGAAACCAGGCGTCGAGTGCATTGGCATAAGGGGGCTTGACTGCGAGACCTACAAGTCGAGCAGATGCGAAAGCAGGCCAAAGTGATCCGGTGGTCCCGCGTGGAAGGGCCATCGCTCAACGGATAAAAGGTACTCCGGGGATAACAGGCTTATTCCATCCAAGAGTCCATATCGACGATGGAGTTTGGCACCTCGATGTCGGCTCATCACATCCTGGGGCTGGAGCAGGTCCCAAGGGTTTAGCTGTTCGCTAATTAAAGTGGT
NZ_CP030034.1_gap25	879786	883834	4048	AATGTGAATATTGAATGAGGCTATTGAATGTTACTGAACGCCCTTCAAAAACTTGTACATTGTTTAGCACCACGAATCGTGGCGGGTTTTCTCGTACTTGTTCCATCCCTGGTTTCAGCATCTCCGGCAGCTCTCACTTATCAAGGTCGTATCATCAAATCTGACGGCACTCCGTTGGAATATAATAACGTCAGCTTCATTTTTGAAATCACAGATCCGACGGGTGCGTGTGTTGTTTATCGTGAGCAAGTGAACGGTTACAACATGACGAATTCCAGTGGCGTGTTTGACGTCGCAATCGGTAAGGGCACTGTTGTGTTTCCTGCTGGTGGTTCATTTTCAGTTCTGGATTCTTTTAACAATAGCGTTGCTTCTTTGAATTGTCGCAATAGCGGAACTCCCTATGTTCCAGCGGTCGATGATCTTCGTAAATTGCGTGTGCAATTTTATGACGGCGTAGGTTGGCAGACAATTTCCCCGGATTCGCAAATTCGTTCGGTTCCATTTGCAGGATATTCTTTATCTGCGCAAAAAATCGGTGCGCACACTGCGAATGATTTCATTTTGAAAAGTGAAGTGAATAATCCAGGCGCTGGAAGTCTGTCGTGTGATAACGGCAATTTCTTGACGTGGGATTCAACAACGATGAAGTTCGGTTGTGCTGGTGTCGCGGGGGCAAGTGGCGGTACCGTCAAAACTGTGACTGCGTCTGCGGGAAGTGCTCCGTATTTGTCGGTCAGCGCAGATACAACAAATCCGGTTATTACTTTGAACGTTGGAACGGTCGCGGGCACAGTTGCGGCGGGAAATGATTCGCGCTTTACAGATGCGCGTGCGCCAACGGGGGCAGCAGGTGGCGCCTTGACGGGCACTTATCCAAATCCTGGTTTGGCTGATAATACTGTTACGACAGCGAAAATCGTCGACAACGCCGTTTCGACTGCAAAATTATTTTCTAATCCTGGTATCAATCGCATCGTCATGACGGACTCGTCAACGGGTGCGACTCTTGCGCCGTTGTCGTGTGCTTCGGGGCAAGTTTTGACATGGAATGTGGCGACGGGTTGGCAGTGTACGAATCAAACTTCATTAGCAGTCGGATCTGCTTCTGTCAGTGCGAACTTCACTGGTTCCCTTGCTGGAGATGTCAGTGGTACGCAAGGCGCGACGAGTGTTGATAAAATTAAAGGTTATGCTTTGAATTTTGCGACCGCGCCGACAAATGGTCAGGTGCTAAAATATAATGGCACACAATGGGTTGCGGCTGCATCTGATGGCGGTACGATTACAGGACTTAATTCAGATGTCTCAGCATCTGGTTCTGGTGTTGTTGCGGCCACTGTTAATTCAGTCGGTGGTTCAACAGCTGCGAATGTGCATTCTGCAGAACTTGCGGCGAATGCAGCGACCAATGCTAACACGGCTTCGACAATTATTAAACGTGATGCCTCTGGGAATTTTGCGGCTAGTAATGCAACTTTAAATAGTGTGATTCTTAAAGATGGTTCGACGAATACAGTCACGCTGCAAGCGCCAGCATCGGTCACTTCTTCTTATGTTTTGAAATTCCCAACGGCAGTAGGTTCTGCAAATCAAGTTTTAACGACGGATGCATCGGGTAATTTGTCGTGGACTTCACCCGCGGTTACCTCTGGCATTAGTGTAACTTCGCCTATCACAAACTCTGGTACAGCAAGTGCCCCGGTGATTGGTATTCAGGCGGCAAGCGGTTCACAGAACGGTTATCTGTCATCTGCGGATTGGACGACATTTAATTCGAAACAAGCTGCAGGTAATTACATCACTGCTTTGACTGGTGATGTGACGGCGACAGGCCCTGGTTCTGTGGCTTCAACAGTTGCCAAACTTCAGGGATCTACGTTAACGATCACGACTCCAGCAAATAAAGATTATTTGAAATACAATGGCACAGCATTTGTGAATTCACCTTTGGCAGCGAGTGATTTAAGCGGAACAATTCCTGCTGCGAATCTTCCAGCATTTACTGGTGATGTGACATCTTCTGCAGGCTCAACGACTCTAACGTTAGCAGCAGCGGGCACTGCTGGGACATATTATAAGGTCACAACGGACTCTAAAGGCCGTGTCACATCAGGGGCGGCATCACTTGTTGCTGCAGATATTCCTTCTTTGGATTGGGCAAAGATCACGACGGGTAAGCCGAATACCTTAAGTGGTTACGGCATCATTGATCAGTTAGTATCAAATGCGGGTGGCACTCCGTCGATTCAAACGGGTGTTGATGCTTCGAAACCAGGAACGCCTTCTGCGGGCGCAATTTATTTCGCGACCGATTCAAAAGTTATTTATCAATATAATGGTGGTACTTGGGTTTCAATCGCTTCTGCGACCGGTTCTGGTGGTACGATCACTGGTGTAACTGCTGGCACTGGATTGTCTGGTGGTGGTACAACTGGTTCGGTGACATTGAATCTTGCAAATACGGCGGTGACAGCGGGTTCTTATACTCGTGCTACGATCACAGTGGATGCGCAAGGCCGTATCACTTCGGCGGCGAATGGTGCTGCTATCGATTTAACTTCGGGTGTGACAAATATTTTGCCTATTGCAAATGGTGGTACGGGGGCTTCGACCGCATTGGGTGCGATCAATGCGTTGTCTCCGTTAACGACAAAGGGTGATATCTTAGTTCGCGATGCCACAAATAACATCCGCTTACCCGTCGGTACAAATGCACAAGTTTTGTCGGCTGATTCCACACAGGCAAGTGGCTTGAAATGGATTACTCCAACGAACGGAACTGTGACGAATGTAACTGGCACTTTGCCCATCGTCGTTGCAACAGGCACGACGACTCCGGCAATCAGTGTGAATGCAGCGACCACCTCTGCACAAGGTGTGGTACAAGTAGGTTCTGGTATCGCTGTTTCTTCGGGTACTATTTCTGCTGATCCTGCGAATTTCCCGTCTGCAGTTCCAGTTTCTAAAGGTGGTACGGCAGCGACTTCAATTACGGCAAATAGTTTGGTTGCGGCAAATGGCACGGGCACGGCTTATCAGTCGTTTACTTGTGGAGTCGGTCAGACTATTACGTTTAATGCCAGTGGTGTTGCGGGCTGTTCGACATATACGGCAGCAGGTATGTACTTGAATGGTGGTAATAGCTTTGGTGCTGCGGCGACGATCGGTACGAATGACAACTACTCTTTAGGTTTTGAAATTAATAACGCAGTTAAGATGACTTTGGATACAACGGGCTTCTTGGGAATTGGTTCAGCGTCACCTGTGCGCGATTTACATATTAAACGTGATAATGATGGCGGTACGGGTGTGACGTTGGATAATGCGACAACGGGCACGTCGGCACGATCTATTATCAGTCTTAATTCCGATGGCGGCGGTTTTGAAATTTTCAGTACCAGCACGACATTTTCCGGAACATATGGTGCATTGCCAGTTGCGGATGCGGCGGTGATTCGTTCCTATTCAAGTGCGGGCCTTCGTCCAAGCAATATGTTTATCGGTACCGGTGGGGCAGATCCTTTACATCTTATCACGGGCAATTCGCCACGTTTAAGTATTGATGGCACAGGTAATGTGGGTATCGGTACGACGGCGCCAAGCGAAGTTTTGGAAGTCAATGGTAACGTCAAAGCCGCATCTTATCTTTACACTTCAGATGCGCGCCTGAAAAAAGATATCATTACGTTGCCAGATGCTTTGGGAAAAGTTCTGCAACTTCGTGGTGTGAATTTCGTTTGGAAAAGCAATGATGAAAAGACCATGGGTTTCATCGCTCAGGAAGTTGAAAAGATTTATCCAGAGCTTGTAAAAACAGATGCGAAGACAGGATATAAAGCCGTACAATACGGAAACATCGTCGCTGTATTAGTGGAAGCTTTGAAAGAAGAGCATAAACAACGTGTGCAAGCTCAGCGTGGTATCGCTAGTGTACAAGACGATTCGCAAGCACGACTGCAAAAGCTTGAAAAAGAAAATGAAGATTTAAAAGCAAGACTTGAAAGACTCGAGAAATTGCTGAGCAATAAGTAGTATGAAAAGAACG
NZ_CP030034.1_gap26	925517	929766	4249	AAAAAGCCCTGGGTGACCAGGGCTTTTGTTTTTTCAAAGCTTGTTAAACTCGTGACAAGGCTGTTTCTAAATCTTGAATGATGTCATTGGCGTTTTCTAAACCAATACTCAAACGAATCGCACGCGGATCAATTCCTGATTCTCCACGTTTATCACTTGGAATCGCCGAGTGAGTCATAAAGCCCGGCACTTCAATCAATGTTTTCGTTAATCCCAAACTTACTGCCAATGTGATCGAGTAAGAATTTTGTGCGATATCATCGACAAATTTCTGACACTTTTTCATAGGGCCTTTAAGTTGGAATGAAATCATCGTGCCTGGAGCAAATTTGCCTTCTGGCGATTGCAGATATTTTTTGGCCTGCTTGAACTGGTGATGACTTTTTAAACCTGGGTAAATCACGCGCTCCACTTTGGGATGTTTTTCCAAGTAAGTGGCAATTTTCATTGCTGAATCTTGCTGTTGTTCAAAGCGAATGGCTTGTGTTGAAATCCCGTAAACTAAAATGTGCCATGCTGAATAAGGATGAATGATGGCGCCGAAGTCTTTACGTGCGACACGAAGATTTCCTTCATGCTCTTTGGGCGCGATGACGGCGCCGCCCATTTCTGTACCGAAGCCAGAAATATTTTTCGTCAAACTTTGGATCACGAAATCAATGCCCCATTCAATCGGACGCAAAGCCCACGGAGTCGCAAAGGTATTATCAACGACTGTATAGATCTGATTGTCTTTGGCGCGTTTAAGATTGGCTTTCTTAACTAAGGCCGCGATTTTTTCTAAGTCGGCGATTTCAAGAATAGGATTTGAAACTGATTCGAAATACACCACACGAGTCGTAGGATCTTTCAGTTCTTGTTCAAGTTTCGTGAAGTCGTTGATGTCGATCAAGGAATTCTGAATATTGAATCGTGGCATCCAGTTTGTGATAAGGCTATATGTACAGCCGTACAAAGTTTTATGGGCGACAACTTTTTGATTTGCTTTAAGCAAAGACAATAAAGTTGAAGCGATCGCCCCCATACCGCTACCAAAAGTGACGGCACATTCGCCACGTTCAAGTAATGCCAACTGATCTTCTAACATTTTTGTCGTCGGTTCTTCCAAGCGGTCATAGATCCAAATGGGCTTTTCAGATTTTTGGTCGGCCGCAAAAGTACTGAAGCCTTCAGCACCACGCTGTAAGGATTCAAGACGGAAAGTTGTTGATGCGGTCATTGGCGGAATCAAGTGGTGAGAAAACTCCCAGGATTTAGATTGTGCCTCGCCGTGAATGGCTTTGGTGCGAAGAGATTTTGGCGAAGAGCTTAGCTTTTTCGTCATACAGAGTGCTCCAGTCTTTAATTTGCACCAACTAGAGCATGTATTCTAATGAGTTTAAAGATGAATCGTATGGAGGGCGCGCTGCAAAGCAAGCTTGCTCGAATATAATTGTACTCGCGGAGAAATCCCGACTGTGATGTCTCTTCGAGGGATGGATGCGCGGACTTTTATTGTTCTCGATTTTTACCATGATGCTAATGGCACACGTTCGGGCTCACGCAGATGAGTTGGAGCTGCTCTTTTACCGCGCTCCACAGCCGCTAGATTGGTCGACTCCAGGAGCCTTGGTCCGAAGTGCTTACCACAATTCCTTCGCTAAGGTGGGCCACTGGGAGAACGACAATTATCGGTGGGATATTTATCCGCATGGAATCTCGCATGTGAATATCAAATTGCAGTGTGGAAGTAAGTCACCTGTGTATCGTGGTATGACTTCGGATCGTTCGAATTTTTCTTATGCCTGGGATTTGATGGTGAAAGGCCGAGCACTCGAGACATTTTTGATCGACGTGCAGGGGCGCTTTTATAAGAATGATGAAGTTTTGAAATGGCTTTCGATTTTAGAAAGCCAAGATTACGTTCGTCGTTTTCAATTGAAACTAAATTCAGCGCAGTGTTCGCGTTTGGAAAATTATCTGGCTCAATACGAAAAATTAAAACTTTGGACGGTCTATGGCGGCCTGCGCTCGCAAGCGTTGTGGGGGCAGGGGGCTGGCTGTGCCGATTTCGCTGTGAGTTTTTTGAAAATTTTAAATCTTTTTCCGGAAGAGATCGCGACTCATTGGCGGCGGGAATTGAAAGTTCCGCTGCGGTTGTTGTCGTCGGAAACACGCGATGCTGACATTAGTTTTTGGAAATACATTCGTGGCGCTGATGGAACATGGGCGAAAGATAGTAAAAATGCCGTGGTCTTTAGCTTTTATGATCCAGAATTAATGTATCGCTGGGTGGGAGCAAAGAATAAAGCGGTTTGGGATGTCAGCTCTTATAAAACGCCACAGGGAGATATTTTAAAAATGCCGGCAGAGAAGATATTGAAAAATATCTATCGCAAACGTAGCAATTTAAATGCGTTATTATCAGAGGCGGATCTAAAAAATCCCTATCGTTACGAGTGCGATACTTTAGGATTTTGCAAGGTCGACTGACTTTCCGATTCGTAACTTGAGAGCTTTGGCCAATGACCTATAAGTCAAAGTCATGTCTTACAGCAAAATTAAAGCAAAAAAATGGGAACTTCTTTTATTGGCCGCAGTGATCGGAATTGTTGCTTTGTTTTGCGCAATCACGCCGAACTTAAAAACGGGCGAAGTTATTTATCCTGATTTGTATACGAACTCGAATGCGGCCTCTTCGATGGCTCGTCGCTCTGATGACGAGCCCGGCCTGTTTTGGATGAAATTCAAATTAGAGCCGAAATTTTTAGCGCCAGATACTTTGAATTTGCGCACGTGGGGTTGCGTGAATTCATTAACGACAGGAACGCAAGAGTGGAACTTGCCTGAAACGGAAAGACTTCGCTGCTACAACTCTAGGGGCTTGGTTCTTCGCCACACGTCTGAAGCTTTAAAAGCCGGTGTCGAATGGGCTGTAAGTGGTGATACCGACGAAAAGACTTTTGGATTTTCACTTGAAAAAGAATGGTCAGATCCTTTAGTTGTTTCATTGTTGATTGCGCTGTTTGCGGCTTTGGGCGTTTTGTTATTTAGAACGTTACCGTTAGCGACAGTACCGCAAAAAACTTTTGCTACGGCCGTACTATTGGGTGCCTTAGGCATTCGCTTCTTTTTTGTCTTTATTATCCATCCACCACAGACCGGCTTGTGGTCTGATATGGGTGGCTACTTTGTGCGCGCTACTGAAATTCTGAATGGTATTTTCTATGAGTCGCAAAATTTCCAGCCCGTTGGATTTACTTTCTGGTCGTTGATGACGCGTTGGTTGGGCGGCTGGGAGCTGCACAATTGGATGCAGGTCTTTGCTTCGTGGGGAACGAATTTATTAATTTTCTTAATCGTTGTTGAGCACTTCGGTGCGATTGCGGCGCTGTGTGCGTTGGTGCTTTCAAGCATTCACTTTCCGCAAATCAGCTTCGCGACTTATCATTTGGCAGAATGTACTTACACATTCTTGTTAACGTTAAGCCTGTGGTGGTTGCTACGCACTTTGAAAGAAGAAAAAATTTGGAAGTTTTTCTTAGTCGGTTTGCTTTTGATGGTGAGCTTTTATTTCAAAGGCAATCACGCGTTCTTCATTCCGCTTTTCTGCTTCTGGTATTTGGTGCGCAATGGGCGCGACTTCAAGAAGACATTCGTGAACATCTCGGCCATGGCGACGGGCTGTTTGCTGTTATTGGTTCCGCATATGATTTGGACCGCGAAAGTTTATGGCAAACCGATGGCGGGTCCGACGGCGGGTGCGTTGAACTTTGTTGAAGGCAAATGTCCTTCGAAAAACAATCGTGACTCTACGGGTATGTCATGGATGTCACCGCTATTCGCGCAGACGGGCGAGACTTTAAAAAAGACGTGGGATCACCCGTTCACAGATCAAGGCTATTTCTGGAAAGCCGGAATCAACTGTATAAAAGAAAATCCGGCAGTGATGTTTAAAAGTTTCCGTTATGTTTATTATCTATTCCTGGGTAATGAACTTTGGCCTGGCGGCTTTAATAGTGCGTTCAGTTTCTACTATCAGCCGTGGAAGATGTTCTTTATATTCGGTCTTTTACCGCTGAGTTTGCTTGGCTGGTTGCTGCTTTCTAGAGACAAGTCAGACTCACAATCAGTGTTATTCTTGATGTTGTTGTCGGTCTTTATCACGGTCTATGTTTTCAAGTCTGAAAATCGCTTCAGGGCGCCATTTGATGCGGTCTTGTTAATTTGGTCCTCGTACAGTTTGCAGTGGCTTTACTTGAAAGCTGCG
NZ_CP030034.1_gap27	1010229	1010858	629	CATATTCGAAAAACAAATAGCAGTTGTTGTTACTGAACTGCGTGTATAAAATACTCCGACGAAAAAGGGTATGGATGTAGTTATTCGAATTTAAGAGGGAAGACTGTTGAGATGGCGTCGCCCGTGAATGATTTGAAATCGACTCGGCGAATGGCATCGATCAGGCATTTTTTGAAATTCGCATCGTTGATTGTCGATGAGGCGATTTCTGCGTTGTAGACTTTGCCGGATCTTTCGATAGTAAAACTAATTGAAGCTTGGCCAACCACACCTGGAGTTCTTTGCAATAACTGTGTGTAGCACTTAAAGAACGAAGCACGTTGCAAGCGCAATGTTTCTTGAATCGCTTCGGAAGTAAGACCGCCTTCGACTCGGCCGCTGATCATTTCTGGTGAAGCGTCAGCCGTTGGCGCTAGATCTGGAAGACTTTGTTGCGGAGCTTGTTTTTTATAATTCGTTTCGTAGTCCGTGGCTGTCCAACGAACGCCATCGCGAGAAACATAGACTGTGCCTTCACGGCCGAAGTTTTCTACTTGGACGTCACCACGCTTGATGATGATCACTGTGCGATCGCTTTCTTCGTCCAACGTCACTAAAGAATTTTCTTCGACACGAATGCGGTAAGAAGA
NZ_CP030034.1_gap28	1019633	1022854	3221	ACGCAGGCGACAGAGCTATGTCTGAGCGTTTGAACCTTCGTGACCGCGTAACAACGATCGATATCCGTGCTGAAGCAATGGGCGGCAACGCTGATGCTCTAGTGACTGTGATTTCGAATGATGGTTACACGTCATTGAACGTGTCGCGTTACTAGTCTACACTCCGGCTCCGCCGGAGTAGGGATTGCTTGTCTGCACTCCAGCTTCGCTGGAGTAGAGAAGTCTGATCACGATCTTTAGTTTAATAGTGGTAAAAAAGGCTCACAAAACGGGCAAAAAGCCAGTCTAGGACGTAGTGTCTAGACTGGCTTTTTTTTTGGCCAGGGACCATATTAAGTTCGTTTATAAGGAGCTTATTCAATGGCAAAACTTCGTGTTGGTATTAATGGTTTTGGTCGTATCGGTCGTGTTCTTTTCCGCGCTGGCTTTGAGCACTTTGACATCGTAGGTATTAATTCTTTGGACAGCCTTCAAGGTAACGCGCATTTGTTGAAGTACGATTCAGCACATGGTCGTTTTGATGCTGACGTTAAAACTGACGGCGAAAACTTGATCGTGAACGGCAAAAAGATTCACGTAAGCAAACACAAAAATCCTGCTGATATCCCTTGGAAAGATTGGGGCGTTGACTTGGTTCTTGAGTGCACAGGCGCATTCAAAACTAAAGAAGACTTCATGCTTCACATCAAAGGTGGCGCGAAACGCGTTTTGGTTTCTGGCCCTGCTGAAAAAGGTGCTGACATCACAATGGTGTACGGTATCAACCACGAATCTTACGATCCAGCTATTCACCACGTAGTTTCAAATGCATCTTGCACAACAAACTGCTTGGCTCCTTTGGCGAAAGTATTGAATGAAACATTCGGTATCGAACACGGTACAATGATGACTGTTCACTCTTACACAAACGACCAAAAAATCTTGGATGCTCCTCACTCTGACATGCGCCGTGCACGTGCTGCTGCGGTCAGCATGATCCCAACAACAACAGGTGCTGCGAAAAACGTAGGTCTTGTGTTGCCAGAATTGAAAGGTCGCATCGACGGTATCTCTGTTCGTGTTCCAACTCCGAACGTGAGCCTTGTTGACTTCACATTCACAGCAAAAACAGATGTAACGAAAGAATCAGTGAACGCTGCTTTGATCAAAGCTTCTGAAGGCGCCTTGAAAGGTGTGTTGGCAGTTGAGCACGATGAACTTGTAAGCGTTGATTTCAACGGTAACAAAAATTCATCGATCGTAGATCTTGCAACGACAATGGTTGTGGGTCCTCGTATGGTGAAAGTACTTTCTTGGTACGACAATGAGACGGGCTTCTCGAACCGTATGGTTGACGTGGCTCTTCACATGGCTAAGAAAGGTCTTTAATCCATGGCTTCTAACGGACTCAAAGGTATTAAGACCGTTCGCGATTTCGAGTTGGAAGGAAAAGTGGTTTTCCTTCGCTTGGATCTGAACGTGCCAATGGAAGACGGTAAGATCACGGATGAAAACCGTATCACGGCTTCTTTGCCGACAATTAAATATTGCATGGAAAAAGGCGCGAAGTTGGTTTTGGCTTCGCACTTGGGTCGTCCTAAATCAAAAGACGACGCTGAGTTTTCTCTAGAGCCAGTTGCGAAACGTTTGCAAACTTTGTTGGAAGCAGAAGTGATCTTGGTTGAAGAACCAGATTCAGATGCTCCAGTGCATCTTTTGCCTTCATTGAAAAAGAACCAATTGATCCTTCTTGAAAACGTTCGTTACGAAGAAGGTGAGACGAAAGATTCTATCGAGTTCGCACAAAAAATTGCGAACTACGCAGAGATCTATATCAACGACGCATTCGGTGCTTCTCACCGTGCGCATGCAACGATCCACGCTTTGCCTTCAGTGATGAAGGAAAAGGGCATTGGTTTCTTGATCGAAAAAGAAATCAACATGTTGGATTCTTTGCTAACAAATCCAAAACGTCCGTACATCGCAGTGATGGGTGGCGCGAAAGTGTCAGACAAAATCGCTGTGATCGAAAGATTGATGGATGTTGTTGATGGTTTCGTTATCGGTGGTGCGATGGCTTACACGTTCCTAAAAGGACAAGGTCAAGCTGTTGGTAAATCGCTTGTTGAAACTGACAAAGTTAAATTCGCAAAAGAAATGATCGAGCGTATTGAAGCTCGTGATAAAACAGTTCTTTTGCCAGTAGATCACGTGGCTTCAAAAGCATTTGGTGACGTTGCAAACGCACACGTAACTAAAGACGTTGTGATTCCTGAAGATGAAATGGGTTTGGACATCGGTCCGCAAACTATCAGAAATTATTCTGCGGCTTTAAAATCTGCAGGCACTATTTTCTGGAATGGTCCAATGGGCGTTTTCGAAAACCCAGCTTTCTCTAAAGGTACTTTCGGTGTTGCGCAGGCAATTGCTGAAAGTGATGCAATCAAGATCGTTGGTGGTGGTGATTCAGCGGCGGCGGCAGAAGCTTCGGGCTTCGCTGACAAGATGACTCACATCTCGACAGGTGGTGGTGCAAGCCTTGAATACCTTCAAGGTGATAAACTTCCAGGTCTGGAAATTCTTCGTACTCGCGTGCGCTAAGATTTTTAAAAGATAAAAACTAAAAAGGGACATCATCGATGTCCCTTTTTTTATTTAGCTGCTTTAGATTTCGCGGCCGCTGTCACTAGACACTTGCGATCTTAATAAACGAATCCACTTCTAAAGAGGCACCGCCTACCAAGAAACCACTGACGTGAGGTTGTTTAATCAATGTGCCTGCGTTGTCAGGTTTGACGGAACCACCGTACAGAATCGGAGCCGTGAAGCCCATTTTCGTTAGAATGTTGTGAACGTCTGTGTGAGTTTCCGCAACTTGTTCTGGAGTCGCAACTTTGCCTGTGCCGATCGCCCATACTGGTTCGTAAGCAATCACGATCGGTTTAGCTTTGTCAGCTTTAGCAAGGCCTAACAGCAATTGTGTTTCAAGTACGCGGAACGTGTGAGTGGCTTCACGCTCTTGCAAAGTTTCACCGATGCACAACATAGGGATCAGACCCAAGCTTTGTGTTAATGCCACTTTGTCTGCGATCAACGCATCCGTTTCGCCAAATAACTGACGACGTTCACTGTGACCGATCAAGATGTATTGACCGCCAAGCTCTTTAACGATTTGTGCTGAGTTTTCGCCAGTGAAGGCACCTTGGACTTGCACGTAACAGTTTTGCGCGCCGAAGGCGATG
NZ_CP030034.1_gap29	1093204	1097467	4263	CGGTGCTTGTGCAACCGGCTTCACATCGTGCGCGTACGGCATTGAAAGTAGCTGCCTAGGCAGCTACTTAAATTAATTACGGAAGAATCTCGCGAATTTTATCAGCAACTTTCATGAAGGCTTGTGCTTCTGCGCCGTTGCTATTGGCTTCAACGATTGGAATACCTGCTTCGCACGCAAGACCGACAGATGGGTTGAAAGGAATTTCACCGATCTTTGGCATGTTTTGCGATTGTGCGTAAGAATCGATTTCGCCTTTTGGGAACAACTGCATTTTTTCGCCGTTCACTGGGTTGATCATGTAGGCCATGTTTTCAACCATACCCAATAATGGAACACCCACGCGATTAAACATGTCGACAGCTTTTTTCACGTCAACAAGTGCCACGTTTTGTGGAGTCGAAACAAGCAATGCTCCTGCAACTGGAACTTTCTGCGCCAACGTCAATTGAACGTCACCAGTTCCTGGCGGAAGATCGATCACTAGGTAATCCAATTCGCCCCAGTTTACATCGCGTAGGAATTGATCCATCGCTTTGAACAACATTGGACCACGCCATACAACGGCGGCGTTTTCCTCAATTAAAAAACCGATACTCATCAATTTGATACCATAGCGAACAACCGGTTCCAGTTGGTTCGTGTCTGGATTGATGGCAGGCTTTTGCGAAAGTGAGCCTAACATACGAGGAATGCTCGGGCCGTAGATATCCGCATCCAATAAGCCCACTTTGCTCTTACGACCCAAAGCCATGGCTAAATTAGTGGCAACGGTGCTCTTGCCGACGCCTCCTTTACCCGAGCTGACTGCGATAATATGTTTCACTCCGGGAATTGGGGTCTGCTTTTCAAAAGGATTTGGTGCTGCCATCGATGGGACTCCTTGCTAATTTTCGACTGACAACGAATAATAGAAGTTAGATGAATAGCCAAGATTTTTTGACAGTGAATATCGTGGGAGCGGGGGCTTTCATCCTGTGGTACGTTTTACAGAGAGGTGGAGGGAAACGCCCTACGCGCCTCGATATGAATGCCCAGGATAGCGCACCGCCGCTTATTACTCCCGCAGAACCAACGCCGGCCTCAAATGTTCCGGTGGGGCGCACTTCCGCTGCGACAGGCCCGGCAATTCATCCCGATCTTGCTGGGAAAAAGAGCAAATCACTCAATGTCATGTTCAATTATAACGGTCATAGCTGGGACGCGTATGAAGTCTTAGGTGTGCCCGCCGGTGCATCAATCAAAACGGTGACCGACGCTTATCAAGTGGCTTTGCGCCGCTGTGATAAAGAGTCCGTAGAGTTTTTAGAGACGGCTTATAAAGCTATTTTGAATAAAGGCAGCTAAAACCTTTTTTGCCTTCGGATACGTTCGTGTGTTCCCACAAAAATTGCTGATTGTTATCACCGAATATCAACGTGTCTTCCGACGACGCGACGGCGACTCCGTGGAAGATATCTTTTGCGGTTTTTTTGATGTAGCGATCTTTCAATTCCACTCGCGATGAGGTTTGTGTTTCACCTTCGACGGACATTTTGTCGCCGCGATTTAGGTGGCAGAATTTAGATGTTGTCAGTTCTTCGGTGCCTGCTCGCGGATTTAAAACGAAGCCTGCACATTGTTCAAACCAGATCACAGAAGTCGGGCAGCCTTGCGTGCCGTTGACAAGCTGATATTGGCCTTCATAAGAGGTCAATGCCTTCATGTCGACCGGAGCTGTGGATGCAATGTCATACGCCTGCTGTGTGCGGGGTGAATGCACTGAAAGGCATGAGAGTATTAAAATGAGACAAGCGACCACAGTCTTTAAAACATTTTCCATTCTTAATTTTAAAGCAAAGACAGTGCTTACGACAAAGTCCGTATTTTTTAGCTGAGTTCGTGTTTCCAAGAATGAGATGTCGCTTTTTTTTGAATGTGCCAAATTACGCAGGACTTATGTGAGTGCGAGGGCGGGGCAGACTGCGACTTAGCAACGCAAATTAAAATCTGTTGTGGGCATTGTCATCGCTCCTCAGAATAAGAGGTACATCAACTAGAGGGGCCTATGAAATCAATAATCGCAAGATTCTTGTTTGTTCCTTTGTTCGCGTCTTGTTTCACGAATCTCGTTGTGTCGTCAGCGTTCGCGCAAAAAGACGAACCATCATCAATGCCAGCGCAAGTCACAGTTCCCAACGACAAAGAAGTGATAGATGCCTATCATTATTTCTTAGGTCGCATGCTGATACTGCGCCAAGAAATTTTGGATTTTAAGGCGGGCTTTAAGTGGAATCAGATGGTCCCACGAAAAGTTGGTGAAGTCGCATGGGCCAATCCAAATTTGGATGTGGCTTACGGTGAAGCCTGGCTGGGCATCAATAATAAAACTTGCGCCTTAGTGACTATTCCTAGAATTCAAAATCGCTATTATACTTTTCAAGTTTTAAATAGTTGGGGTGAAACCGTATCGAATATCAATGAACGAAATTTTCCGCAAAAACCTTTCGGTAAATTCGCTTATTGCACGAAAGATTCGACTGTAAAAACCGCACCTGACGTAGAGCGAATTTCTTTGGATGGTCACAAGTTCCGCGTTCTTTCCAGAGTCGAATTATCAACCACTCCCAAAGATGCAGAGCGCTTGCAAAAACAAATTAAAGTCAGCACCGTGGGCGCTCCGATCGCCATAGAGAAGCCGGTGCAGATCGCGATGTTTACCAATAAAGATCTTCCGGGTGTTGAAATTTTTGATCACGCCGAACAAATTTTAATGAGTGAACCTGACATCAATCCTGGAATGGAGCCATTGCAACAGTCGGTCATGCGCATCACTCAAGCGTTGCGTAATAAAGAGTTTAAAAATAAGGCCGACCGCTTGATTCGTGAAGAAGCGATTCCAGAATTTAACAAAGCTTTCGCAAGTAATGGCGACATCAAAAACTCATGGTTTCGTCCTAAAACCATTGGCAATTACGGCAGCGATTACTTAAGTCGCACAATGATTAATTATGGCGGCATCTGGGCGAACAACACCAACGAAGCTGTTTATTTCAAAACAAACTTGGACGGCGAAGGCAGGCCTTTGAATGGGTCCAGCGTCTATACGATGCATTTCGCGAAAGGGGACAATCCTGCCTCTCACGCAAAATATTTCTGGTCTATCGTGGCCGTGGATGGGGAAAAGTTTAATGTCATTCCCAATCCTAAAAAGAAATACATCATTAACAACAACACTAAAATTTCTAAAAACAAAGACGGTTCTTTCACTCTCGTTTTTGCAAGTAAGCAGCCCAAAGGGGTTGCCTTGGGGAACTGGATGCCAACCCCTGACGATAAGAATTATCATCTGACGTTCCGTTTTTATGGGCCGGATGATGCCGTTCGCACGGGGGACGCGTTCCCTCCTCCATTGGTATTAAAGACAGCAAATGAGAAGCTATCGCTTTTAGAAAACGATTACGTTGAAGAAGAAGTGATACGCTAAGCAGAATGTTCAAAAAAAGGGGAAGCTCCTTGAAAAAGGGGCGTTCCCTTCGTATTAAATGGGGCATGAAAAGCTTCATCTTGATTCTTATTTCGATCATCTCTGTCCAAAGCCAAGCGGCTATTTTGAACTTCTTCAGCAACCCTCGTGTGCCGCAACCGATCTTTCATGTGACATTGGAATATAAGGGCTTCGTTTATGAAGCGGATACTCACGATGGTGGTCGCGGTCTGCCGTTAACGGCGCAAACTCCTAAGGGTGACATCCGCATTGAAATCTCTGATGACCTTATCAATGAACAAGCATTAGCAGCGCAAATGGGTTTGCCGTTTGATTATAATTTCGTGTGGGACAATCAGAAAACTTATTGCTCGAAACTTGTAGGTAAGGCGCTTGATATTCAGCCAACACCAATGGATTTTTCTGGCACTCATTACGTGAAGTATTATCCGAACTGGATCAACAGACATGACCTGGGCTTGTCTCCTGATCAGATTTATTTCTTTGCGATGGATCATGCACTTCGTGTGTCGCGCAAAGCGGGCAGTCGTGCTCCTGAAAGAACGACTGTCGTTGTTCCGAATTAATGCGCTTTATTTGAAGCCGGTTCTTTGAAGTCGGGGTGAAGCTTGCCGCGATGGCACATGTAGCACGTCGACTCTGGACCTTTTTTGCCATCAAAGCCGTTATCTTTCAGCATTTGAGTTAGCTTCATGTGCTCGAGTCCAACCTTAAAGCTCTTTTTTTCAGCACTCGCAAAGTTTTGCACGTTATGACATTCCGTGCATGTAACGCCT
NZ_CP030034.1_gap30	1109633	1112939	3306	AAATTTGCGTCGGGGAGTGGAAGTTAAAAAGTCATAAAAAAAGGGAGTCTTTGCAGACTCCCTTTTTGTTTTTAAAGAGCTTTAATCAGTGAAGTGATGCTGTTTAAAGTTTCAGCGCCATTGTCGAAGCGGAAGCGAATCGTTCCATTCGCATAAACTCTTGAAACAGTGCCAGGGTAATTATTGATCAAGCCACGAGTGCCGACCTTTACGCCGTTAAGACTTGAAATGATTTTTACAAGATAGTCAGTTTTCGTGTAGGCGGTTCTACCGGAATCATAACTGACAAGGACTGTTTTGTTCGCAAGCATCCAAGTAATTTTTCCTTCATAACCAGAGTACATAACAGTTTCGCCGACATAAAAACCCTCAAGACTACGTACGATTTTTACAAGAGCGCTCAAGCTAACTATTGTCTGTGTTCCGCTTTCAAATCGGAACACGGCTGTGCCATTAGAATAAATTGATTTAATAACACCCTTGTAGTCGCTGTAAGAAACTTCTTCACCAACAGTCCATCCACTCATCGAATTTAGGATGCGTGCAAGTGAATCGATGCTAATAACCGACACTGATCCCGATTCAAAAACAAACTCAACGGTTCTGTTCGAATAGATCGTGCGAATTTTACCTTCGTAATTGCTGTACATGGCGCGATCACCGACAACCCATCCGTTCATCGAGCGCTCTAGACGCACTAATGAAGTAATAGAAATGACTGACTCTGTGCCGCTTTCGAATCTGAATTTGACTGTGCCATTCGAATAAATTTGCGAAATTGTTCCCAGGTAATTGCTATACATGGCTTGTTGGCCGATGTTCCAACCTTGAGATGAATTCAACAACTTCACGAATTGCGTAAGGCCAACAACGGATTTAGTGCCGCTTTGGAATTCAATGAGGGCGCTTTCATTAGTATAAAGCTTTTTGATCGTAACTTCATAGCCCGCATATAAAACGCGTTCATCAACGCTGAAGCCTTTTAAAGATTTTCGGGCGGCAGCTAGGTCTTTCAGTTCTACGATGGATGAGCTGCCACTTGCAAAGAGAATTCGCGCCATGCCGTTTTCATAGATCTCCATGATCTGAACGTCATAACCAGAATAGACAGCCGAATCGCCAACATGAAGAGGACGATTGAGATCATTTGCTTCAGGCGGAGCCGGGCGTGGTGGCGCGGGTTTCGGTGGAGCAGGCTTCGGCGGAGCTGGTTTCGGGGGCGCCGGCTTTGTCGGTGTTGTTGGTTTTTTCTCTTCAGCTTTTTTGTCGTCTGATTTTTTATCATCCGACTTTTTATCTTCTTGTTTTGCAGTTGCCGTTGATGGCGTCGTGTTGCCGGTCGACGTTTGCGTTGGAGTATCGAAGCCTGGTAAGTCGACAAGCGTTTCGTCGCCAGCCCAAGCTGCGTTCATAGAAAGGCTTAATAAAACAGCAGTCGCGATGTGTTTTGCGTAATTTACTTTCATATTTTTTCTCCGGTTATTCCTGTTAAATAGTTAAAAGTTTTTTCTTCTAAATTAATGACAAGTGTTTAAAGCCTTCGGGTTTTCCTGAGCCGCCAGTGACGAACAGCTTTGTGGAATGTCTTTTCCAAGCCCCAAGTGAATTTGAATCGCCCGGAACAGATCCGAAGAGTGAGGATCTGTCGATGATTCATTCTTAAGACTGAGTGTTTCGTTGGAAGCAGCAAAGAAGCAGCCGAAGTTTTGAGTCGTCACGTGATCGGTCTTTGCTAAAGCCACCATCACTTGATTCGAAAACAGGTCAGCGAAGTCCTCTGCGCCATATTTGCCTGAAGTTTGTTTGTCACGTACGCACAGCTGTTGGTTGCTCATGCTGTTGCTGAAGTTATCAACGACGTGACCTAACTCGTGCGCTAGAATGGCCATGCCGATTTGTGGATAACGTACACTCAACCAACTGACTTTAATTGAAGTGTCTGAGGCCAGAGTAGCGTCGGACACATTCAAGTCGATCATTTCGCCACATAAGAAATTTGAATCTTGTGGAATCGCGGAATACAACACAGCCATCGTAAAAATAGTCGAGGCATCGTAAGCCGCAGCTTTTTTAACTTCTTCTGTTTCTGATTTTACACCGAGCTTCAGTGTGTTGCCCCACGCACGTGTCATTTCAGTCGGCGTTTTCGGCCAAGTAAATGTGCTGTCTTTTAACTTTGCTTTTGCTGGATCTGAATCGGGCAGAAGACTCATAGCTCTTTGACGAACGAGTTCTGCTTTTTCTTTGAAAGCTGTCAAAGTTTGTTCTTGAGGATACAAATTCAAAGTTTGGTAGTAGCGCTTTTCACACTTATCAATCAAAGAGTCTTGGGCCGCCATACGTTGTTTGAATGTGTTTTTAACTTTTGACCCATTATAAAGCTTTAAAAGATCAGAGGTCTGAAGTTTTGCCTGTTCTAAAACAGCAGCGCCTTTTCCGCGAATGAAGAAATCAAATAAGGCAATGCCATAAGCGGAGCTTGAAAGGGCCTCGATCTCTTCATTATCAAGGGCTTCTTTTTTTAAAGCTTTTGTCGCAATTTCTTCTGACATTGTCAGAAGTGGTGAACCGAGTTGTTCATTCAGAATTTTTTGGGTTTCAAGCGCTTTATTTGCAACCTCATATGTCGCTTCAACAACTGAAACATTTGGATAAAGGGTTTGCACATAAGTCGCACCTTTTTTAATTCCAAATTTGCCGCTGGCTTTATAAACGTCAGTCTGAGAAAGCGCAGTGATGCCTTGCAAACCCACCTCATGCGGCAGACTATCACTGCCAGTTAAAAGCATGATGGCTTTCACTGCTTTTTCTTGAGCTGGATTCAAGCGAATTGCCGCGAACCCAGGTTCTTCAACCTCGATACGACTTAAAAGTATTTTTGCCATCTCTTGAGTGACCGCGACTTTTTGATTTAAAAGCGGACGGAGATTTTTATCGAAGTAATCTTTCATGCCCGGGCCCGGCGTTTGTTTGCTTTCAAGTAAAGACACCAGCTCGGGAATCGTTGTGTCTTTGCAGAGATCATTGAAGCATTGATCGGCAAGAGAACCGCTGTTGCGCGCGTTTGATACCGGGCGGGCATCCGCATCAGTGATTGCAGTTTTCGTAGCCGCAGCAGCCTTGGCCTTATCTGTAGGCGGAGCTGTGCGCTCGCCTTCGTTTTTACACGCGCTCAAAGTAAGAACGGTTGTCGTTAGCAAGCCCGTGATAAATGCAAAGCGGCTGTGTTTCATTTTGAGAAACTCCTTTTTAGGGCACACCAGTGTCTAACTATTGACTACTAAACCTCGCTATATTTTCAGCGAA
NZ_CP030034.1_gap31	1175348	1178265	2917	CAAAAAAAAATTGCATCTGGCTCTTTAGTCTCACGATGGAACGCCGATAGGTACAAAGTGAGTCAAATATCATTCGATAATGTTTCAAAAGGGGAGGACTAGAATGTCACGCACAGTAATGATCGTGGTGAGCGATAACCAGGAAACCGTAGATAGCGCAAAGAAGTACTGGGAGAACCATGATGTCACTGTTCATGCTTATTCTTCAGCGCAATGGCGCGAAGGTTTGGACAATGCATTTTTCAGACAACAACTAGCTGCAGGTGTTCCAGCTTTGGTTTCAGGCAATAGCCCTGTAACTACAGACGGCGGTGGTAACGTTCTTCAGTTCCCATCAGCGACATCAACTTCTTCTAACGTACAAAAAATGGAAGAGTTGGAAGCACAAGCAATTGAAAATGCAATCGTTCAATACAAAGGCAACTTGACTGAAGCTGCAAAAGCTTTGGGTATCGGTCGCGCAACTTTGTATCGTAAAGTGAAGCAATACCACATTGATCCTTCTGCAGCTCGCAAGAAGAAATCAACTCCGGTTGCTGCTTAATCTGATTTCACAATTAGGTTTAAGAAAAAATGGACTTCGCAAGAAGTCCATTTTTGTTTTTAGATTCTGTAGTAGAATGTAAAGACCAAGATGCAAAAGCTATCCGCCATCCTCTTTACTTTGGTATGTGCCGCGGGCGCATTTTATTTCGCGATTCAAAAGTCATTCGTGAATCCGTATCCTATTGTCTGCCGCTTTGTCGCAGAAAAAATCTATCTGACTGACGATAAGATCAAAGACTGGAAGCAAACGTGTTTGCATCGCGCTCGTTTGGTCACGCCCTTTTCGGCAAAAAATCTGATCATCAAAGATCTGAATAATATGTTCGATGTTTTGCAGGTTTCGCATTTGGAAATCTATGATGCCAAAGAAGTGCAAAACATCTGGCAAGGAGAATCAACAGACACCGGCATTGAAGGTGACTTCGTTGATAGTGAGTTCGTTATTTTTAAAATCCATCCTCAGTCACCGGCTGCTAAAGCGGGATTAAAAAAAGGCGACGTCGTTAAAAGTCTGAATGGCGGGCAACCCAGCTCCTGGACGGTGGCTGGTGAGTCAGGCCACTACAAAATCTTGCGTGGAACAGAAGAACTGCTCGTTGATGTACAGCCGGGTAGTTTTCATCGTGACGACAGTCCGTCGATAGAGCAAATCAAAGAAGTAACACTTATGCGAATCCCTTCCTTCCGCGGTGATTTTTTTGAAACGGAAGCGATGCAAAAGTATGCACAGAAATTAAAAGGATCACGTGATGTGATTTTGGATCTGCGTGGCAATGCTGGCGGCAATTTCGTTGCGGGCCTGCGTTTGTTGTCGCTGTTTATTTGTGAACCCACGACCGTGGGCAAGCTTGTGAAAACACGCGCGCCGATGTCAACAAAAGCAGATCTGCCAAATCTTTTGAAAGACGAAGATCAGTTGCAGGTGCTTGAACACAATAAAGTCGTTGCTCTTAAAACATTTAAAAACAGTGACTGCTTTAAAGGACGCGTGAAAGTTTTGGTCGACGGAAAAAGTTCTTCCGTGGCTGAGATGGTAGCGCAAGCATTCAAAGAAATTAAACACAGCTCTTTGCAGGGGGCTCCTTCGCGAGGTCAGTTGTTAGTAGGTGTGTGGTACCCATTGGATGAAATTGCACCGGGTGTCCAGATCTCTGTGCCCGAAGCTTACTACGAAAGCGCTGCAGGACATCGCATCGAAGGCCAGGGTGTACAGGTTGATAAGATCTTGTATTATCATTTGCCGCAAATGCAGGCGGGGATTGACTCTTGGGTTGATCAATTGCTGCGGAACTAGAGGCAAGTCCAGCTGACTTTTTGTGTTTCAACATGAGATACTCAGATTGAAACGTCTATCGTCTTTTGTACGACTGTAAATGCCTTTTACGACGAGAAATAATATATTAGAAATAATGCCGGCATACTCCTGGCAATGACAATTTATGACGATAACATTGCGAGGGAGATCAAATGGGGAACGCTAAGGTGATTGAATTTCCGAAAGAAAAATCTTTGAGAAAAAGATTGCAAGACAAAGCGCAAGAGCAAAAAGCTGCTTTGATTCTTTCCATCGCATCAATTCTTCTAATGACTGTTTTCGTAAATCAATGGTTGGTCGACAACGATCATCATTCATTGGCAGCAGGCGGTACTCGTAACGTAGCGAGCTTTGAACCTGCGGTATTTGCACGCGATGTAAAATGGGAACATGAACTAGCAAAACGCTTAAATGGTGAAACAGCTTTTGCTGCAAACTTGGCAGAGCGCCCAACTGTTCGCGATGAATTGGTATTTGGTTACCTTGAAGGTAAATACGGCATGAAGTTGGCGAAAGGCCGCATTCAAAGCCTTGAATTCATCGATGCCCAAGCCGGTGAACAACCAATGGCTATTAAAGATGAAGCTCAGTTCTTGAAAAAATATGCAGATGCTTTCGGCGTACAATACTCTGAAGTATCCGCTACAGAGAGCAGCAATCTTGAACACGTTTTCAATCTGATCGACTCTTCCAAGACTATCGTAGGGCAAGCGCACTTCAGCTTGGACGATCAAGGTCGAGTTCAGTCCCTTCGCTTTACACAATAGTCGCTTTAGTCTTTTCTGTTTCAAGCCGATACAATCTGTATGTTATTTCCAGATTTATCGGCTCCAGAAATTTGTAGCAAAAAAATCGATACGTCGAAACCAGCGATCGCTTTCGTAGCCGATCGCTTTTTGGCTTTGGTGCTAGATTTTTTAATCATGTCACCGATTGTAAGCCTCTTCCTTGCGGGCTTAATTAAAAAAACCAAAACATATTTCCTATTAGATGGCCAATCTCCTGAAGGTTTTGTTTCAGGCGTGATTGTGTTTATCGTTGGTGCTGTTCTGATCA
NZ_CP030034.1_gap32	1228981	1231165	2184	CAGAAAATGGTCTAGCTGCTTGATTAAGACTTCATTACGATGCGGAGCTGCCGACAAGCGATCAAGGAGTCTTATTTGTTTCTTGTTCATTTGCTGGCCTTAATTCTAGTCAGTCTTCCGGGTATTTCCATTGGATCTTATCCATCTGGCTTGTCTGTCTTGTGCATGCAAACAAAATCCTGTTCATCGCAGACTCAAGAAATGCGTAAACTTGCGGTCGCTCAGTGCGAGATGCAAATACAAACCCTGGGGTGTGAAGAGTTAGGAAGACAGTTCCCAGAGATGAAAGATTCCATTCGCAGTTGTGGCTTTGAAGATCAATGCAAGGCTGAAGAGGATTACCAGAACAACGAAGAGATCGCGTGTTTGCGTGGTTATAAAAATTCGATCGTCGATACTGGCAAAGCGATGAAAGATATGGCTGTGTCTTTGGGTGAATTCATCGACAGCAGTTGGGAAAGCTTCAAGAATAGCGTCAAAGATCGTAACCAGTTTATCAAGCAGTGTAACAAGTCTCTTTCGTGTAAGCGTGATTTAGTGAAAGATGATCACCGTTATAAAAATCTTTCTGATGAACAATTGAACAAATACTCCGCAGCTTTTTTGTACGTTGAAGCACAAGACATGAAAGCGTGGCAGGCGTCGCTTGATCGTGCGCCGGGCAGAATGGGCGTAAAGGCGCCAACGACGCCTTTGACGCCAGCGCAGATTGATAAAATCGCGGATATGAAAGCGATGGTTCGTGAAAAAATCGAAACAGAATATCGCAAGTTTGCGTGTTATCGTCCCGTCGTCCAGGCCGAGATGGCTTGTTATGCGATTGGTAACGTCATCGATCCAACACTTCTGTTCGGTGCTGTATTCAAGGGAGCGCGCTTAGTCGGTGCAACCGCCAAAGCGATGACGGCTGAAAAAATTGCCGCGCGTGCAGAAGAGACCGAAAAGGCCGGAGCTGCACTACGCACCGCTGGCTTATCGCGTGAAAACTTAGTTAAAACATATTTGGAATATTCCCCGACGTCAGTTGCACAGAATGAAAAATGGATTTCAGTTGCGGAAAAGGGCGTCGCTTCCAAGACGAAGTTCCTTGATGTCGAGAACAGTCAGTTAAAAGTTTTGAACGATACTTTGAAAGATAAAAATCTGGTCACAAGTTTAACGAACTATCACAAGAAGATCTTATTCGATAAGATCGAGGATCTAAAAAAACAGTTCCCGGATCTGGTGATTGATTCGTATTCGGATTTCAAATCTTCGCGTTTTGCATTTTCAGGAAAAATTCCGGCAGATTTGGATAAGCGTCTGCAAGCGATCTTTAAAGACGCCAATAAAGAATTCACCGATTATGTGAAGTCAGAAAAAATCCTTCGTGAAGGCGATACCGCTGAAACGTGGTTCCGAGCTGGCACGGGCCAGTCGGCTGAGCAGGCCAACGTGGCTGCTCGTTATTCACGCATGGCCGAGTCGAATGAACTACAAAGTTATGCGCAGTCTAAATTGAATAATGATCTGACGACGAAATTGAATTCGATTGAAAGCAGTCGCCAATCTTTACAAACGCAATTGCGTAATACCTCCGCTGTGGATGGGAAGACTTTTGATTCTGACGTCTTTGATATCGTTCGAAAGAACATGGGTAATGATGATAAGATTAAGTCGGCGTTGTCACAACGTTATGCTTTGTCAGAGCTTTCACCAGCGACCGTCAAAGAATTGCAGACCTATGTCAAAACTTCGGATGAATTTTCACCAGGTATCTTTGTGCCTAAACGGGAAGTCGCGCATTTAGGAGAAGCCTCTCAGGGGGGCTTGTCTGCTGACGTGATTGGCCTTGGCGCTTCCAATATGAAGGGCACGGCAGACGCGTTGGCTCGTTCGAAAAACTTAGATCAGGTCCTTGAAGAAACGCGCAAGGCTGAAAAAGTCGTGACTGCAAATTTCCAGGCGCAGAAAAAATACTTTGAAGATGTGGTTCGTCAATCCGTCGATCCGGGTAAGTTAAAAACCGTGTGCTCAGGGGATGACTGCGTTGCGATTGCGGTAAAACCTTTGAATGAAACGGATAAAACAAAAATTTTAAGTGGTCTTGCAAACAGTCAATATTCTGGCAAGTTCCGCCTTGCATTTATTGAAGATGGCATTGCCGATTCCACAACTCGAAACATGCTCAGTACTCATGGTGAA
NZ_CP030034.1_gap33	1232312	1233041	729	AGCCAGTGTGACGTCTGCAAAATCAAGTTTCTTTCCGACGTTAAATTTAACCGGTTCGGTGGGTAAACTTGATGAACAGTTTTTCCCTGATAATGATCGTTGGGCAGTGGGCGCCACATTGTCGGTGCCACTCTTCAATGGTGGTCGCGATTATTACAGTACAAAAAGTGCGACGTCGTCTTTGTATGCAGCAAAGAGTAATTTGACTAGCGTTGAGCGTTCGCTGCTTTCGACTCTCAAAAAAGCTTTCACTTCTTATCAAGAGGCGGTCGCTGATTTGAAAGTGAACGAAGCGTTCTTGAGCGCTGCGAAAACACGTGCTGAAATTGCGCGCTCTAAATATAACAATGGTCTTTTGACGTTCGACGATTGGGATATCATCGAAAACGATTTGATCACAAAGACCAAAACATATCTTCAATCTAAACGAGATCGCATTGTCGCAGAAGCAGCTTGGGAACAAGCACAAGGAACCGGAGCTATTCAATGAGTCAATCAATGAACCAGAACAGCAAGATGTCTAAAAAAGCTAAAATCATAATCGGTGTTGTTGTATTGGCTGTCGCTGCGGGTGGCTTCATCTATTATCGTTCAACAAAAAAAGAAACAGTCACTTACCGTCGTGTGGAAGCGAAGAAGGGTGACCTGGAAATCACAATTCTTGCGACAGGAACTGTGCAACCCGAAAACCGCTTAGAGATCAAAGCTCCCGTTGCAGGACGCATGGAA
NZ_CP030034.1_gap34	1270668	1271362	694	ATCCTCGTACAATTTCATTGGTTCCTGAACTGGTGGAGCCGGATCGCTACACATACTAATTAAGCTGTGAAAAAAGCATGCAACATATCAACCCATAAGTTGCACGAGTCTTATTTCAGATCGAAAGGAAGTTATTTCTAATGAGTTTTTTGCCAATAAAAATCGAAAATTTTGTGCAACATATGGATCAGGATGAACTTCCTGCGCTGATTGTTCGGTACTTTCATGAGGAAGTCGTTGGTCGTTCTCCGCATACCCTCTACGCTAGAAAAACAGACCTAGGAAAATTTTGTCTCTTCTACCACGCCATCAATGGACACCTGCAAGTAAAAGGCTTAATGCCCCAAGATGTGAAATTGTATTTAAATGACCTCGAAGCCAAAGGGTATGCCGCGAACTCGCGGAATCGACAATTGGGCTCAATTAGAGCTTTTGGATCATGGTTACTTGAAAATGGGTTCGTGAAGATTCACCCATGTAAGTCTATTCGTGATGTCCATGTTGATCTCGGTGTTCCCAAAGCCCCACGTGATCGCGAGTATCATAGGCTTCGTAAGGCCGCAGAGGTCAGGGCCACAAATACAGGTTTTCGATTCTCTCAGCACTTCCGGGATATGGTGATTTTGGAAACATTGAATTCCAGCGGTTTGCGTATCAGTGAGCTTTTGTCCATCAAGTTAGGACAATTAAAGGG
NZ_CP030034.1_gap35	1294893	1299029	4136	CACTGAGCCTGACGTATTCAGACTGCAAGCCCCGTGATCATTTATGATGACGCTTACAATATTCGACGTGGAATTTTTAACTTCCGTAGGAACTTGATAAATCATGTCCGTTAATAAATTACCGACGCGATTGTATGTGTTATCACCCCAACACTTCATTCCGCCATTGAAGATTCCACACATTCCATAGCCGCCAATCGCTAGTACATTGGCACCATTCGCACCTGAAAACATCGTGCCTTTAATCGGCGAGCTGATAGCTGGGTCGTAACCGTCGCCTAAATTTCCCATGCCTCCATACCCTGTGCAATAAGCTTGGCCGGAACGAATGAAGCATGTCGTATCGCCTTCTTGGTTGCCCGTGACATAAGTGACATTGGCTTCGGCGCCGATGACTTGCTGAAGAACTGGATTTGTTTTGCTGCCAGCGACGTTGTTGCCAAGACCGCCATAATCATTTCGACCTCGGCATTTCAGATTGCCATTGACGATACCGCAAAGGTTATAAACATAACTCATTTGTGATGCGTTTTTAAATTCTGGAAGCAGGGTAGGCAGCTCTTCAGCGTCCGTGACTGGCGACAAAATTTCGCCATCGCTGTTGTTACCAAAGCAATAGACATCACCCAAACTATTTTTAGCACAAGTACCATACGTGCCAGCCCAGAAGTCCACGACAGTGCCGATACCATTAACAGCAGTTGGCGTACTTATACCTGTCGTTTGAGTCCCTTGACCCAACTCACCTTGAGTATTTTTACCCCAGCAATACATAATTCCTGTCTTCAATGCACAGACATGATTCCAACCTGCGGAAATTTTGGAAACGCCTGAATCCATTGGTGCAGGAACAGCCAATGGCACAAGTGCATTTCCAACTTTAAGGGTGGCGTTTGGATCTTTACCAAGAGTATACAGTTGATCCGTACCCCAGCAATAGACGGCACCATCTTTGATCGCGCACATGTAATTGTAGCCAATGCCAACATCCGTCACACCAGAAGTCATACCCGTAACTATTTTTGGAATGCTGTTACTTGCGCCGGAACCGTTACCTAAAATACCATCGCCAAAAGTTGCGTGAGAACCCATGCCCCAGCAGTACAAAGCTCCGCCAGCTGTAATCGCGCAGGTATCTTCGTAACCAATTTTAATTTTAGTAACATCGGTAGTGCTAGTTGCAACAGTAACAAGTGTCGGAGATGGAATGGAGTTTTTAACATTCAGTCCCGTTTGGTAGTAATTGGATTTACCCCAGCAATAAACTTTTTTTGCTGTCGTTAAAGCACATGTATGAGCTGAGCCAGTTTCAATACTGACGACCTCGGTTCCCGCAGTGAAATCATTATCATTAATATAAACAGTAGCACTACTTGAATACAAAGTCGCACCTGTAGCGCTTGTTAGTTTGATCGGCACGCGTCTGTAAATTTCATCAGTCGCATTATCAACGGTATTGATTTGACCGAAGTCAACGTACGTATCACCAGAAGGGATTATCGCGGTTCCACTTGTTGCAGAAGTTGTATAGTCGGTTCCCTGAACAGCGCAATCGCTGCCCACACATGTATCCATACTCCAGTTGATAGAGACATCGCCTTTATCCGTCGGCGTTGATAGACTTGCACGGAACGATGAAGAAGCCCCTTCGGTTACGAAAATATCTTGAATCGTCACAAGAGGTGGATCGTCATCATCTGTGATCGTGACGGTATGCTGAGTGTTTGCACCCAAATAAGCCCCGGTCGGGGAGCCTAAAGTCATTCTGAACGTTTCATCGTATTCATCACGAATGTCATCATTAATGGGAATTGATATTGCGACAGAAGTTGAACCGGCGGGAATCGTGACGGTGCCATTTGTGCCCACGAAGTCTGTACCGATAGTTGCAGGATAAGTTCCCACGGCGGTGAAAGTATATGGTGCAGAAACCGCAATATCAGCCGCAGCCGCAATCGAAACATAAACTTTATGAGTCGGGCTGTCGTATTCAGAAATAGAACTTGTCGTCACCGTAAACTGGATATCCGGAGAATCTTTGGTCCAAGTTTTTGTTGTCGCACTGGCGTATGTCTGCCAATTTCCAGCAGAGTCTTTACCAACCACACACAAAGTGATGCTGCCATCACTGAGCCCCGAAATATTATCTGTGATATTTACGCTGGCATTAGTTTCCGCAGAATATCCCGTTGCGCTTGAGCACGTTGTCGAAGCTGTTAAACCCAATTTGTATTTGAACGTAATGACGTCAGTTCCCGCGACGTCGATGTTCATCGCATATTTTGCGCTTGTTCCAGTCGGGAAGCCGGTCACTGTCGCAGTCGGAGGAGTGTTATCAAAGGTCACAGCATTTGAAGTCGCCATCGCACTGACATTGCCAGCCAAATCTTTGACCCACGCATAAAGTGTTTTCGAATTATTTGTTGTTGTGACCGTAAATGTCGCAGGTAGTGTCGCACCCGCAGTCCACGCACAAGAAGCAACTGTTGTGCTGTTTTCAAGGATACACCACGACGTTGGAGATCCACCCACTGTCGTCGTTAAATTATAAATATTCGAGTTCGTAGGCGTGGTGTTTGTCACCGTAAACACACTGATCGTTGGTGCTGTCGTATCAATGACGATATTTTTTGAACCACCTAAAGAACCTGCGCCGCCCAAAGCGGGCAAAGTAATCGCTGCACCATTGCCAGCTAGATCGGCAATGGTTCCTGCCCCTAAACTCAATGCGGCAGTTGAAAGGTATTCAAGATCTGCGGAAGTATCCGTTGCCTGCACGGTATAGACAAAATTTAACGTGTTCGTTGCAGATCCTGTTGTATAAATGGCTGATCTGTTTGTCGGCGTTGTATTTAAAGCAAGCGATGGAGATCCCGTGACATTCACGACCTCAGAAAAAGTCATCTGAATATCGATAAGATCGCCTGCTTTATATGATCCATTAGCAGTACTTGAAGTCACAGCTAAAATTGTCGGAGCCTGCGTATCAATTGTGATAGAGTCAGAACACGAAGAATCAACGGTATTCGAAGCATTATCGATCGAAGTGATTTTGTAAGTGTAAGTGCCACCATGGACACCCGTAAAACTTTGCGATGTCGTCGCAGATGATAAAGCAAGCAACGAGCCCGTTGCACTCGTACAAGTCGCATCTGAATAGAATTGAATTTTTTGTGAAGCAAGAGCTGCGGACGGGGACTTCGTCCAGGTCGCAACTAACGCTGTTGTATTTGCAGGATTGCTTTGCTGCCATACCAAGTTCGATGAATTATCCGGAGCCGCTGTATTGTATTCAACCGTGTGATCCGTGCTTGTGGAAGCAGTGTTGGTATTTCCAGCCAAATCCGTAACAACACCAGCAGCGATGGATGGAATCAAAGTTCCGTTGCCTGCGGCAGTCGCCTTTAAGCTCCATACTTTATTGTTCGATGTCGTTAAATTCCAGACGATTGACGTTGCGGTACCACTTTGCGTGATATCAGCGACTGTAAATGAACTTGGTTCAATCACTTCACTAAACGTGATTGTGAACTCAATAGGTAAAGTATTCGTTGGGTCTGCCTGGCCAGCCTTTTGATTGATCGTCAAAGTTGGTTTGATAGAGTCGTAAAGAACACTGCGATCAGCACTATTGGCAGCCTGATTGAAGTTGCCCGAAACATCGCTGACTTCACCTGCATTAATTTGCGGAATCACTGTGCCGTCGCCAGTGATCGCTGTCGCTTTTAAAGACCACGTGACGTTATCTGAAGTTGCAAGACTCCAAGTAATCCCAGTTGCCGAACCCGTTTGTTGAATAGCTGCAGTCGTAAAAGTACCTGGCACAATCGGTTTATTAAAGAGGACTGTGAATTCAACCGGCGTGTTAGTTGCTGGATCAAGTTGTGTCAGTGCTTGATTTAGTGAAAGAGTCAAAGGTGTGTCATCAAAATGCCAATCATAGTGAGTGGCAAGATTGTAGGGCTGCCAAAGATTGTGACTTTCTTTCCCCACAACACACAGGCGAAGATTTTGATTTGTATAAGAAGATAGGGCATTCGTGATATGCGTCGCAACTGCGATCTCTGAAGAATAATCAGCGGAATCGCTGCAATCCGTGGAGCTCTGAAGTCCAAGTTTGTATTTATAGGCCGTCA
NZ_CP030034.1_gap36	1308293	1310527	2234	TGTGAAATAAGAGACCGAATTGATTTGGATCGAAGAGTCTCCATAAGGAGAAAGCTCAATTGAACAAGCCGTTCCCGATTCATGTTGTGTATCTGTGCCGTTGTAAGTGGAAACGAAGGTCCCTTGTTTGCCCATCAGTTTAGAGATCTCTACTGGCACCTTTGCAAAAGCAGAGCTGCAAATGACTGACAACGAAACGACTAAAAAAGCATTCTTCATAAATTCTCCATTGTTAATGTTTTGATCGTTCACAAAGTTTTGGCCTGCAGCTGTGTCTGATGCGATAAGCATTCCTCTTCGAAATGGACTTAAATTTTTTAGGAAGCTGTGGCTATTGTCTAAGCCACGCTGGACTGACAACATTTGTCTCACGCCATGGATGGCGCGTGTTTGCACAAATGCATTCGCACCTGGTCTTGTTTGTCGCGCTTGAAGCGAAAGATAATTGCAGTAGTAGTGGATTACTCAACAAGGGAGTCTGTCATGAAATTCGTTTTTAAAAACTCACTGCTAAAAGCGATGATTTTAAGTTTAGTAGGCTCTTCGTTTTTAGGTCCTGCTGTATATGCGACGCAAAGAAGTAAGGTTCGTCAGGAGTCTCGCGATACCAGACAGACGGGACGGGATGACGCGCGAACTGCTAAGCAAGAATGTCGCTCTGCTGATGATAAAAGCAATGCGGCTTGCCGCCGGGATAAGCGCCAATCAAAGGGTGAAAACCGTGAAGAGGCTCGCGATATAAAGTATTAATTTCGAGCGCGAGTGGAATAGTCACATTGGGCTGTACCAAATATGGGTAATGCGGTAAGCATTGGCCAATGAACCAGCCCTTTTCTCGAAAACGCAAAACCATCAATCCTTGCCCGACGTGTTTCTTACATCGTCAGCGTTGCATTTGTGATTCAATTCCCAAGCTGGATTTAAAGACGCGTTTGAGTTTAATTATTCATGCAAAAGAAATGAAGCGTACGACGAATACGGGGCGCTTGGCTTTGCAGGCGCTAACGAATTCGCAAATGATTGTCCGCGGCAGTACGACGGAACGAGTGGATTTAAGTTCATTATTAGATCCAAACTATGAAACGTATGTCCTGTTTCCCTCGGATGACGCCCTAAATTTGGAAGATCTTCAGCCGCAAAAGCCGGTTCAGCTGATTGTCAGTGATGGTAATTGGCGCCAAGCTAGCAAACTCAATACTCGCCATCCAGAGCTTGGCCATTTGCCACGCGTGAAGATTGGTGCTGCCAATACGGCAAAGTATCATCTCCGTAAAGAACATTTCAGTGAAGGACTATCGACCCTCGAGGCTATTGCTTTGGCCTTTCGAATCGTTGAAGGGGAGGCTGTCGGTGATAGTTTATTGGCGTTGTATCACAAAAAACTGACGGCGACGCTTGAAGGCCGTGGCGTAAATTTAGAAAAATAGTTAAGCTTAGTGCAGAATAAAGGAACCACCATGAAGCTCGCCGATATCGTTAGCGTTATTGCAAAAGAACTTGGGACATCTGACATCAAAGAAATTAATAAGCTTTTAAAAGCAGAGCCTGCTGTGAAGTTTCGCATCACAAGTAAAGCATTGGCGCACTTTGGCTTTACCGGTCACATTAAAAGTATTTCTGAAGAAGGCATCAAAGTCTTCATGGCCAATAAAGTATCCTTAATTCGTTTGGCAGAGATTGAAACTTTCGAAAAAGCCAAGCCCCGCGAAGAGCGCCCGGTCAGAACCGGGAAACCGGCAGAGAAAGTCGTTTCAACAAAGCCTGCTTTAAAAAACAAAAAAGCCGCCGCAAAACTTGAAGACGATATCGATGATGAGGACGACGACGAAGCCGAAGGATTCGATGACGACGACGTCGAAGAAAACTTCCGCGCTAAAAAGAAGAACAAAGCAAAAAGCGTCGGCAAAAGCGGCAGTAAATTTATTCCTAAGAAATAGGAGTTTGTTACTCTTTGGATTTGTTGCCACCGTTAAACATATCAGAAATCAAGCCACTATCGCCGCGAACTTCAGCGGCGATGACTCCAGCAATATGTGCCACGATAAATGCATAAAAGAACCAAGCCGCCGCTTCATGAAGCTCTTGCAGACCATCTTCTAACGTTTCTGAAAGTTTCAGTGCGTCTTCAAAGTAAAGAGTGATGCCCGATAGCACCATGTACAGGAGCACAATGTAAAACAAGGCATACGCCGTTTTGACAAGGGTGTAGTGGCTTGCTTTAAACTTTGATGGTC
NZ_CP030034.1_gap37	1359873	1364464	4591	TTTTTCAAATGGTTTGCGAAGTTGGGAATTTTCACGTCCTTTTAATACGCCCTGATAGGAACATGCACCAAGACTAAACGGGTCCTGACTCCAGTTGTGAGTAAAGTGACCAAGGTAGTGCTCTTGCAAGTAGGCTAAACTTCGCCCGGTCATTCGCGATAGACTTCGCAGCGCCATGACAACACGTTTTTTCTCACTCCAAAAACTCATTTCGTAAGCTTTGGGACCACCTTGCCACGCATTTAATATATTCGTGCGTTGAGGCATTTGCGTCCACCACGTCGGGAAATATTCTTCGGCACCTGAGTGTAAGAAGCCTATCGGTTTTTTAGATAAGCTTTCCCAAAATCGTTCCGAGAATTCAAAGTTAATTCTTTGCACGTGACCCATATGCACAGATGAAAGCGAATTGAAAAGAGCGGGAATAGCAGGGCTGATTTTCATTTGAGTTTTAAGAACGGAAATGGGTACGGTGATCACCACATAATCGCAGTGAAAAGTGCGACGAGAATTTTCAGTTGTCGAGCGAATCGCGATGCCATTTTCATCCCAAAGAATTTCTTGGACCTTGTGATTAAAGTGAATGTGTTCTTTACGCAGACCGGTTTCTTTTAACAACGCCTGCATGACGGTGGAATATCCAGCGCTAGGACGGAACTGACTTTGAGAATTTAATTCGGGCTCGTCATCTTTTTCGGCAATGGCCAGAGCGCGCTCGCCAATCAAGCCCAAATCGGCAGCTTGAAATCCTTCAATGTAAGCTTTGTAAAGCTGAGCCGTGTCCTGACGAATTTTTTTGTGATGCGCTTTCATGAAGTCTTCCATGTTGCGATCATGCACAAGAGTTTTACTTAAAAGACTGTTCACTTTATCAAGCTTTTCCCAAAAATCGGGAAGCTCGTGCAGCTTGCCTTTACGCCAGAAGAGATGATTATCACACAGGTCTAAGAAGGCTAAATTGTGACGATGCAGAAGATCGATCAAGACGGGTTGCGCCCCGTGGATGAATTCAGCCCCGTATTCGATTGCGGGAAAATGATTGGCAACAGAATAAGCTCTACCGCCGATACGTTCGCGGGCCTCAAGAATCGTGCAACTGACATCGGCGTCACGAAGTTCGCGCGCGCAAGCCAGACCCGCAGCACCAGCACCAATAATGATGACGTGGGCTTTACGGGGCCGCCGTAGGAAATTGTTTTTCATTTGTCAGCATTCTGATTTCAAGACTGACTTCAGCTTTCATCAATTTTGAAATCGGGCAGTTGGCTTTTGCACCTTCGGCAATCGACTGAAATTTTGCGTAATCCAAACCGGGAACCACGGCTTCAAGACAAAGATGCGAAGATTTTATTTTCCAACCTTCTTTACCATCTTGAACAAGCTGTACATGGGCTGTGGTGAAGAGCTCTTTGGGTTCGAAATGAATTTTTGTAAGTTCAGCAGCAAGGGCCATGGAAAAACAACTGGCGTGAGCGGCCGCGACAAGTTCTTCAGGATTAATTCCAGTTTTCCCATTAAAGCGGGTCGCAAATTCATAAGAGGCGTGATCTAAAGACTGGCTGCCAGTTGAAATTTCACCGCGACCTTCTTTTAAATTACCTTCCCAGTGCACTTCCGCAAGTCTCTCCATCCGTCACCTCCACAGACATTAGAATGCCGGAGACTGGGGAGGGCTCGACAGCGAAAGTGCAAGCCTTTGCGCAAAGACACGTTAGCGTGTGCAGCGTTTCAATATGTCTTGCTTGATAAAGTTAAATGCAGGTGAAGTGTTTGTCAGATTCCACTGCCATTTGAAATCGCGGCAGTCCATCCAATGCGGATACATCATGCGACCAAAGTGTTCGTCGCCATCATCTTTTTTAAGTGCTTTGTAAATCAGCTTTTCCATTTTCGGATAGACGGAAGCAGGCAAAATATTTTTGCTGATCAAATCAATCGTGACTTCAAATGAAGTGACGAACCCCACTTGCCCCGGAAGAACCGGCAAGATATCGGCACCTTTCGAAGAGTAAGCTTCACGGATATAAGTGACTTCAGGAATAGATTTAAATTCCTGATTCATCTGGCGATACACGACCGTATCGAATTGCCCGTTGTCGCCAAAATAGATAACCAATTCCGGTTTCTTTTCGGCCAATAATGCACGGATGGTTTTTTGTTTGTACTCTGGATCTTGTTTCCAGTTGGGGTTTGTATGAAGGGCTGTCAGTGGGAAGTGGTTTTCTTTGATGAAGTCTTCATGTTGTTCAAACATCAGGGCCTTCGGAGCCAAGCTGACATAGTGGAATTCGATGTCGTTATAGGAAGCCTGTAAAGCCTGAAACAGCTCAGGCATACCTTTAAAAAGACTGCCGTCGTCGAAAAATGAAGAGCCCGCACCGGCCTTAGATCTCACATTTGTGACTTTTAAAGTGTCATCGATATCAGAGATCACAAGGACTTTTGCCTCTGCCGCGAAGGAAAGTAACATTCCAAGAACGACTAAGATTTTGTTCATAGCAAGCTCCGTCTCTGTCAAGAAAGTGTTCAGGTGCCATAGAGGGGCGCTCCTTGTAAGCCCATAGCTTTTAAAGAGGTCCTCAAGACTCCGAATTTGTTCGAGTCCTTAAAAATGCAAACGCAGGGCCCATTGCAGCACAGTCAGACTTCTGTTGTACGGGCTAAAAGGTTTCGCTAGGATTCTTTGAGAAGACGGAGTTTCCACGTGTTAAAACAGGTTATTGTTCTTGCGATTTTAGGTGTGAGTGGGGCAGCCCAAGCTGCTATGGATTTGCCTTTTGATAATTTCAGCGGACCACTTTCTAATAAAATCAAATTGGAATATTCCGGTTTTACAGAGCCCGTTGAGCCGATGAATTTTAATAGCATTAACGGCACGGTTCCGGTGTGGTCGCGTGATAAAGATATCCTGACAGTGTCGGTGAAAGGCAGTCACTTATCGGTGCCTAAAGGAATCAATATTCCTGGCAGCACATTGATTGAAGTTCCTGAATCACTGTCTTCGTTGGAAGGCGGCATTCAATACAAACGCAGTCTTGAAGGCGAGCGCATTATCGGTGGTGGCGTGACTTATGGTTCTGCCAGCGACAGTTTATTTTCAACCAAAGAATCAATCGCGATCAGCGCGAATTTAGTTTATAGCTTTCCATCTGAAAAAAATGATCGTTGGATTTGGGCGCTGTTTTATTCGAACAACAATCCGGTCTTTGCGGGATTGCCGGTGCCTTCTGTCGCTTACTTCTTTAAACGCGATACGGTGATGGGAGCCGTGGGACTGCCGTTTATTTTCTTGCGTTGGACTCCATCAGCAGAACCGTGGGCGTTTACGTTGTTTGACCTTGCGACCATCGTGAAAGCAGAAGTGTCTTATGGTCCTCCGGTTTCACAGTACATGATGGGTTTTGATTGGAATCAAAACACGTGGCTTCGTCATGACGTGAAGGACACTGATAATAAATTATACTTCGACGAAAAAAGAGTGTTCGTGGGTTCGCGCTTCTTGCTTGCGAAATTTGTATTCACAGAGTTGCAAGTGGGGCAGGCCTTTGATCGCTCCTTTTATGAAGCGCAAGGCATCGGCAGAAAAGAAACGGGAACAGCATTCATTCCCGCTTCTTGGTATGCAAATTGGAATTTCAAGGTGCAATTCTAATCACCCTCTTCGTAGCCAGAGCCCATCAAGTGGAATAGATAGTCACCGATGCTGGCTTTGACACTCAGTTCGCCAGTGAAATCACCTGTTGCCGTGGGCTCAAAGATCACAAAGATGTGACATGTTTTTCCTGCCGGCAAAGTGTCGGGACAGTTGTGTGCTACTTGAAACATATCGCCTGTCAGTGCGATTTCTGAAATTGTCATGTCTGTGTCGCCCGCGACAACATCGATATCGTCATAAACATAATCGCCAACATAAACTTCGCCGAAATCCATCGTTTCTTCATTCGTATCCATTGGAAGCATGATATCGCTTTTCGCAAATGAAGATGTCGTGAACAAAGAAAGTGATGCTGCCATCAGTACCGGTGCAAGTGCTTTCATAAAGCCCTCCGAAAAAGGTTGTTAGCATCATTCTGAACTCCGCCCATTTTGTGGAGTAGTACAGTCGCAGAAGTACAAACACCCAGCCCAGAGTTCGGTTTCATTTTGAGATTTCTGTTATTTGCCTCTGTCGTCTTGTCCAGAAGTCAAAGAACAGACAAAAAATCATCCAATGGTCTCGTGAAGCCCAATCAATGTTTCCCGAAAAGTTGGAATCCCAATGATGGGACAGCGGACTCGGATGTCTGCGGCAACAATACACGGAGGCTTGGCTATGAAGAAAACTGATTAGGAATTGCTATGGGAATGAGAATTAATACAAACATTGCTGCACTTAATGCTCAAAGAAACCTCGTTGGAACACAAAGAGTTGTGAACGATTCGATGGCGAAATTGGCAAGTGGCAGTCGTATCAATAAAGCTGCTGACGATGCTGCAGGTTTAGCGATTTCTGAACGTTTGAAAGCACAAATTCGCTCTGCAAGCCAAGCTCAACGAAATGCAAATGATGGTATCTCGATGATTCAAACTGCCGAAGGTGGATTGAATGAAG
NZ_CP030034.1_gap38	1365765	1368231	2466	GCATCAGCAATTGCGTGAACATGGTATCGACACGGTCAAATATATTTTCAGTACCACTCACAGTGATGTGCACCGTGAAAGTATTGAAAAGATGATCGCGCCCCAAGGAACTTTTTGTCTGATCGATGACCCACCAAATTTTCCGATTAATGGCTTTAAACGAAAAAGCGTCGGTGTGCATTGGGAGTTTATGTTTACGCGCTCGATGTTTGAAACGCCTGACATGATTAAGCAGCATCAGTTGCTAACTAAAATTGCGGGTATGATTGATCGCGCAGAGATTCAAACGACCATCAATCATATCTTCGAAGGCATGACCGCTGAAAACTTCAGAAAGGCCCATCAGATGATCGAATCCCATAAGACCATAGGGAAGATCGTCATCAAATTTTAGGCATAAAAAAAGCCGCATCTTTTCAGAGCGGCTTTTTTATTTCAAATATCTTTCAAAAGTTAGTTTACAGTCTGTGGACCGCAAGCTTCATCCAAAGTCACTTGGTCTTTCTTCGGATTGAAGACACGACCCAAACGACCTTTGATACCGCCCGAACCTTTGCGCTCGATTTCACAAGCGCCAACTTGTGCGAAGCGTTCGTCGATCACGATACGATTTAAGCTCACACGCATTGAATCAAGGTTCGTTTGCGCTTTCACTTGGTTCGTCAAAGCTGTCGTCAAAGAATTGGCAGCAGAAAGCACGTGTAACAAGTCCGTCAAACCTGCACGGAACTTTTCAACTTCACCTTCGTAAACATCTTGCAAAGTCGCTTGCGCTTGTTGTGCTAAAGCCACTTGTTTTTGCGCTTCATACAAAGAACCCAAAGTCGATTCGATCAACTCCGCTTGGTCGAACGTGATTTGTTTCTTTTGCAGTTTCAGTTCGTCGATATTGTAGTCAGATAACTTCAAGGCCGGGAAGTAACCGAAGCCCAAGTTCACAGTTCCTGTTGTTTGCACAGAACCGAAAGCAGAACCCGCACCCGAACGAGAAGCACCCAATGAAGCGCCTGTCAGGAAGCTAAATGCTTTGGACCATTTCGCTGTGTTCGCAGCAGAAATCATCGAATTCATTTGTTTGATCTCTGGCGATTTAGCTGTCGCGCGATCCAAGATCACTTGTGCTGGCAAAAGCTCTGTCGCCGTTTGGCTTGTATGAACTTTATCGAATTGGATTTCTTGAGAAAGTGGCAATGCTAGCATGTTGCGGATCGCCGCTTTTTCTTTTTGCAGAAGATCGTCAACTTGCGAAACCTGGATAGAAGCCAATTGCGTTTGTGCACGAGCTTGCAACAAATCAGATTGTTGCATCATGCCGGCATCAACCGCCATTTGAATCAAATCTTCGATCTCTTTGTAGTTTGTGTATTGCTTGTAAAGAACTTCGCGAAGTTCCATGTCGCCAACAACAGTCAGGTAAACCGAGTACGCTGAAGAGTAAGTGTTCAACTGGGCGATGTAGTAAGACGTCGCTTGCGCATTCAACAAGTACTGGCTTTCTTTAAGATCGAACCAGTTGCTAGGCATCAAGAACGGCAACAACATTGAAACCGTCGTAAGCGCAAAACTTGGACCGCTTGAAATCACAGAACCCAAATTGATTGATGGAAGAAGAGAAGCACGGCTGATGTTAACTTGCTCTTTGGCTTGATAAACTTTGTTCAGTTGCACCTGCAAAGAGATGTTTTGCTCAAGCAACATTGTTTTCAAAGTATCAGGATTCACTTTCACCACGGCTGGTTGTTTTGCTGGAGCTGCAAAGGCAGAACTAACAAATACAAGTGCAACGATGCTGAATGCGAGCTGGCGTTTTAGAAACGTTCCCATTATGAAAATCCCCCGTAGGATCTGAGAATTATTCCGCTCGCCCAGGGTTGTCAAACCCTTGTTTTCACGTCTTAATTAAGCACTCCTTAGAATAATCTTTCCACAATTGTTTCATTCAGAATCACGGGCGTAGCAAAACTTTAATCTTTTGCAGCCTGTGCTAAAATTGAAGGAATTCATTCTCGATTTCTAGGAGTTGTACGTTGATCGAACAGAAGTCGTTTGGCTATACGCTGAGTCATAAAAATAAGATGCTCGTTGTTTCTTTTACAGGGGAGCTGACGCCCGTGGTGGCGCCGGGGCTCGAGGCCTGTCGTCAAGAAATCTTGGCAAAGCCTGAAGTGAAGTGCGTCGTCTTTTACTTCCAAGATGTCGGTTCGGTCCATCCGGATGCGATACCTGTATTAGCACAAATGCAAAGAGATATTCGTTCACGCGGGTTGGAGTTGCGCTTGTGTTCGCTGAAACAACCTTTACGAGAAAAACTCGTGCGCATGGGTGTGGTGCGAGGAATGGAAGTCACTGACGACCTCCGCTCCGCACTTATTTCATTCGGCAAAGTTGCTTAAGTTCTAATGGCAAAGCGGGAATGATTTAATCGCTTTTTGGATTTTAGCGAATTTCTTAGAACGCGCCTGTGGG
NZ_CP030034.1_gap39	1503412	1508026	4614	GCCCAAGAAACCATGGGCCGAATCAACAGCCATGAAAGCGATCGAGTCGAAAGCAAGCAGGCAGAGTTTTCTGATTTCTTTTATAATATGAAACAGGAATCGCGCTTAGGGTTGCAGCTACAAGAAACTTCGATTCCTTCAAGCAAGATGGTTTTTGAAATTCAAGATTGTAACTTTGCATATGGTGAAGGCGAAAATCTGTGGATTGAAAACTTAAACCTGACCATGAAAGGGCCACACCGTTGGGCCTTGGCTGGCAGAAATGGAGCGGGCAAGTCGACGTTGTTGAAGTTATTGCTCTCGGATGGATTGAAGCCCGCAGGGCGTCTTCAGGGAAGTTTAAAACTCGGATCTGTAGCTTACGCAGTCCTTGATCAAGAATATGCGATTCTAGATCATGAATTAAGTGTGATTGAAAATGTGCAGGCCTCGTCGACACGCAGTGAAATTGAGATTCGCAATGAACTGTCGCGCTTTCAATTCACAAAGGAATTGCCGCTGCAAAAAGTAAAACACTTAAGTGGGGGAGAAAAACTGAAAGCCGCGTTAGCGAAGATTTTGTTGGCAAATCCGGCACCGCAGTTTTTGATTCTTGATGAACCGACTAACAACCTTGATTTGCAAAGTCTGGATGTTTTGGAAAAAGCCCTGTGCGATTTCGAAGGCGCACTGCTGGTGATTTCGCATGATCAGTATTTCTTGCAGGCCATAGGAGTCGAGCAAGTTTTTGAACTACAAAATAAAGAGGAATAAAAGAAAGGCCTGTCTTAGGCCTTTCTTACAAATTCCGATTTCAAATTGATGGCACCGATGCCGTCAATTTTGCAGGCGATGTCATGACCATCACCACCGTCAACAAGACGAATGTTTTTAACTTTCGTGCCGACTTTGACGACGTTTGATGAACCCTTGATACGAAGTTCTTTGATCACAGTCACAGAATCACCGTCGGTTAAAACATTGCCATTGGAATCGCGGATCAAGCCGTCATCGACTTCTTCTGTTGCTTCAACAGCAACGGCGTGTGCACTCCATTCGTGCCCGCACTCGGGGCAAATCCATAGGTTGCCGTCAGAATAAATATTTTCAGAATTGCAAGTAGGGCAGTTCGTTGGATTTGTCATGCCCTACGTATACGATTAATTGATCTTTTTGACTAGTACGAAGGCGTCAAGGACTCCGGTCAACGGCTGTCCTTCCAGGGAGGATTTCGTTACACCAACGGCTTTTAACCAGCCATCTGATGTGACCTGAAAATCCATGATAAGAGCAGTGGCTGCGGAACTTGAGAATTCATCAACGAGAGCTCCGTTACTAGAATTAAGGCGTTTTACGGACCAACCAGTCGTGTCTGTTGTGTTGGCGTCGGTGCCACCACCAATCAAAACTCGGCCAGAACTGTCAAGATGGATGGCCGATACTTGAGTGCTCGCATTAGCGACACCATAAATTTTGGTCCATTGGCGAACGCCTGAAGAATTATATTTTTCAACGAACTGATCGCTATTGCCGATCATCGTTTGGCCGTTGATGTCTGCTATAGTGGTGCCTCCAATATATGAATTGCCACTGGCATCGACTTCAATATCATAAATTGCCAAACGGTTAGAAGCTGATCCCGTACGTTTTGCCCAAAGCTTATTTCCATTAGAATCAAACTTTGCGATAAAACCATCAAGGTTCCCAACCGCAGCCTGACCATCGAAACTTGCGCCGATTGCACTGCCGCCGATATAGACATTGCCATTGTTATCTAAGCCGATTCCGGATGCTTGAAAAAACATTCCGTTTTCATCCAAATAGCTTGTCCATAATCTGTTGCCGGATGAATCCAATTTCATAACGAAGCTCGGCATATTGCCAAGAACCGTGTAGCTATCAAAACTCATGTTGCCATAACCAGTCACGTAAACGTTTTCAGAGCTATCAACAACCAGTTCAGCCGTCGCCATTTGCGTGGAAGGTTGGCCAAACATTTTCAGCCAAATAACGGCGCCGGTATCGATATTAAGTTTTGCAACAAACATATCGGAATTGCCGACAGCAGTTTGTCCTTCAAATACGCCACCTATCGTGTAACCAGATGCATACAGTGAACCGTTTTTATAATAGAGGCGATTCACCAGGGTGCTCGAGCCGGAGCTGCCAATCGCTTTGTGCCACAAGTATGTTCCGTCCGGAGCATACTTCGCAATAACAGCGTCAACACTTCCAATGGCACTGTCGCCTAAGACTCCACCCGTGGCGGCGCCTGCGGCATAAATATTATTATCCGAGTCCGAGGTAGCTCCCGCCATCAGCACCAAGCCAGATGGTGTGCCGAAGCTTTGGTAAAATTCCTGCAAGGCTACAGAGCCACCGGTTCCCCCGGTGTTGCCGCTTGAAGCAGAATGTTTACTTGATGATCCCCAGAGAGAGACAGAAAGCCCGCAACCCGCGTTGATAGCGAGTACAGACACAAATGCAAGAGTGTACAGGAGTCGTTCCAAAAGGTGCAGCAATGTTCCCATACTCCGTTTTCGGAGGAGGGATCACGACTCTTAAAGAATCCCTCATGATTTACAGAGGAATTGTTCCATCATGTTTTGGGAGCATGAATATCGCCTCATAGTGAGACAAATTAAAAACGTTCGTAGAGTGCGCGTGGAACCAAACGCATGAGTCCCGCAACTAAGATCCAGCGTTTGGAAATATAGACGATCTCTTTACGTTTATGAATGGCTGCGATGATCTGTTTTGCCGCTTTGTCAGTAGAACTCATCCACGTTGTGCCGCCAGCCATTTGCGTATCAACGAAGCCGGGGCGAATATCGACAACACGAACTTTGCCAGCAGAAGTTTTATTCTGTGAACGCAACGACTGACATAAATTAATGAGATAAGCTTTTGAAGCACTGTAAACGGGAGCTTGGCGCAAACCACGAAGACCTGCCACTGAAGTATTCACAGCGATGACGCCCTCAGAGTTTTTCTGTTTAAAGTATGCATTGGCATTGATTAAAAACTCAGTCGTTCCTGTGACGTTGGTGTGGACGGTGCGAGCAGCATCATTCCAGTCATCCAGTGAGTGCCCCGAGGCGACGCCGGAATTTAGAAACACAACGTCGATGGGGCCCATGTGTTTTTCAGCTTCCGCGATAATCGGTTGCGACTGCAAAGTTTGAATATCGTAAGATAAGACAAAAAGATTTTTATGCTGTTGCTGTAAAAGGTGAAGGGCCTCAAGACTGCGCCCAAGGCCACACACTTTGTGACCTTGATTTAAAAGTTCACGCGTCACCGCGAGTCCGATTCCAGAAGATGCGCCAACGATCAGATAATTTGCCATAAGCAATTATGGATTGTGGCTTCGCGCTAGATCAAGAGCTTCGTTTTCTTGCTCGACGCGTTTACCCCAGAAATCCTTCAACCATGCATCGGCGCGATCTAGGTTTTTCCATGGATTTTCGAAATAAGTTCCGTGACCACTGACAACATACATTGTGTACAAATTCTTCGTCGTATTCTTTTTAGTTAAGAACATCGTCGGAATCAAAGGGAAGCCTGCATCATGATGGAAATTGAAAATCGTCAATGACACCGCTTTTTTCAAATTCACGTCTTCGATTTTGGCAATTTCAGAATTCAGCTCCACCAACCAGTCATCCATTTTGCTTTTCATACGATCAAATTGCGCGTCTGAAAGTTGATTTTTCTCGATATAGTTTTGCGCTTCATAATATTTGAAAGATTCATGGCGAACGTCATGCATCCAGAAATCACCAGCAGGGCGATTGTAACCGTCCGCCCAGATCGGTGCATCCGTCACACCCACCAAGTGGATTTTTGTATTCATCAAACGCATTAAGACTGAATTGCCCAGCGCTGCGTTGGTTGGAATCCATAATTGTTTTAATTCGTCAGTCGCTTTGAAGTCTTTCGCAAATATTTTTTCAGCATCGCGGTAGCCTTTGTAAACGCTCTTCATTTGAAAAACGCCGAAATCGCGATTTTTGTACATGCGGTATTCTTCAGCGATCGGCAACGGCTTGTAACCTTCAAGCAGGCGGTCCGTTAGCAACAAGAAACGATCTTTCATGGGATATTTATTCGTGTCGAAACGACCTGCGGCGCGATTGTAGAAGTACGAAAACTCAACAACGCGTTCATAGCTGACGTGGCCATCGTTCATGATTTCTTGCGATTCGCCACGCAGATCTTTGAGGTATTCAACGTAGGTTTCAAGATTCTTTTCTTTGGCATTATCGAACTTCGTACGCACGATTCGTGAAAGCTTCATGCGACTTGCACGCTTTTCTTTAAATTCAGCCAATTCTTTCGTCACAGAATCAATTTTAACTTCAAGATATTTATCGATGTCACGCACAAGCGGCATGCCCATTTCGCTAAAATCAAAACGATAGGGGTGATCCGGAGTCAGTTCTTTTTGGGCATGGAAACGCTGGCGGTAAGTTTCATAAAATGCATTGGGATCCTGAAGCAATTTATCAAGCGACGGATAACGCTTCGTCATCAGGTCATTTAAAGACTCGGTGGAAGTATAAAATACGGAAGAGCACTGTGGTCCTTCTGCATGCGCAAACGGTGCCGACATAAGAAGTGCAGTGAATACCA
NZ_CP030034.1_gap40	1509104	1513351	4247	CGAGGGACGTTTTTGAATCTAGGCGAAGAGAAGAAGACAATTGAATATTTCAGCTTCTGGAAGTTGCAAAACAAAATCACTTTGTTTTCGTTGATCGCCATCTTGGTGCTGTCAGGGCTATTTGTGATCGCCAGCATTATGCTGCCTGCAATTAGCACTTCTCAATTCATTGCGTTTATCGTTTTGATTCCGACGATTGCGTGCTTTGGAATCGCCACTTGTCATTCCTCAAATCTCGAGTCGGCGAAAGCCCAACGTGAATACAAAAAACTGCAAGAGCGCTTGAAGGATATTGAACACAGCCAAATTACATTGGATAGATTCTTTTCTATATCCAGTGATCTTATGGCTGTAGCGGGCCAAGATGGATTGCTCAAGAAAGCCAGCAAATCGTTGGTGAACACTCTGGGTTACAGTGAAGAGACAATCTTAACGACGCCATTTTTTAAATTCATTCATCCCGACGATCGCGAGGCCACGCGCAAAAACATTGAGGCCTTGAACATGGGTCTACGCACAGTGGGTTTTGAAAATCGCTATCGCACAGCGGATGGAAGTTACCGCACACTGAGCTGGAGTGCCGCTGCCGACCGTGAATTGGGAGTGCGCTTCGCTTCGGCTCGCGATGTGACAGATGAACGAAATTTCCAAATTCGTATGCAGCAAATTCTGGATGCGGCACCTTTCTTACTTGTGGTGACGGATGGTGATGGCATTATCAGCAGCTGCAATGCTGCCTATTCACGTTTTGTCGGTGTTTCTCGCGAATCATTAATTGGCTTGGATGCTAGAAAGCTTGTGGCCGCGGATTCAAAATCAATCGGGCTTGAACAGAAAGTCTACATGTCGAAGCAGCCGATGACATTCGAAGAAGTCTTGACCCACCATGGACTGGCAATGCGATACCTTTCCACAGTTTTCCCCATCGTCGATCAGGCGGGCCGAATCGTTTCGATCGGTAAAGTCTCTTTAAATATTACTTAAAAATATCACTTAGGAATTGCTGAGTCTGAAAAAGAAAAAGGCCATCTTGTGGATGGCCTTTTAAAAATCATATTTGGTGCGGGTGGAGGGACTTGAACCCCCATGCTTTCGCGGAAGATTTTGAATCTTCTGTGTCTACCATTTCACCACACCCGCAGTGAGGTAACCTTTGTAACGGATCTTGGGGTAAAACCTCAAGATCTTTTTTTAAATGCACCGCATTTTTTAGCGATTTGCTTAGTAATTAAGCGTTTGCACGGCTCTTTGAATCCAATCAAGTTGCGCACGTACGTCGACGAAGATCGAAACGCCATGACAAACCTTCGCATTCCAAGAATATTCCGCGTTGTTATCAGCGACCATTGAAGTCACACCGATCAACGTCAAAGTGCCATCTTGGTTTTTCGCATACAACGGACCACCAGAGTCACCACTGCAAACGCCGTTTTCTGGTTGCTCCATAATAAGAGTCTTATCAACTTGGATCGTCTTTTTTAGACCTCTCATATAGAAGTCTTTTTTAAGACGTGAAGGCTTCGCTGTCGTGAAACGCAAAGTTCCAGAGTCTTCATTTTTTTCATTCGTTATGCCGTAGCCGCTCATCACGATTTCAGTCGCTGTTGCTGGATCATAAGAGGCTGCTGGCAATGGACGAACAGAATAGCCTTTAGCCATGCCGCCTGAAAACTTAAGAACTGCTAAGTCATTTGTCGCATTCTCGACACTTTTATTTTGAGCATAGCTATAAGATGTATTGATCTCTTTAGCGACAACCGGGCGAGCCAGTTGTTTCACATTAGCTTGGCTTTTAGTTACGCAGCCAAAGCTGTTAGAGAACGCGACAAGGGTTTTTTCTGAAGAGCTGCGAGAAGTACAGTGAGCGGCTGTTAGAACTTTGTCGTTATCAATCAAAGTGCCTGTGCAAATCTCTGCGTGGGTGTCATCTTGGATATGGATAACCATCACTGTTGATTTTGAAAGTAAGTTGCCTGAAGAAAGTGTTTCGCCCTGAATAATACCGTAAGAGCTGCCTTGGATTTCACAAGCTGCTGCTGCGCTTTCGCCGCCGCCGGAGCCACTACATGCTGTCATCGTTGCGAGAGTACAAGTCAAAGCAAGGGCCTGAACCATCAAGCTGGTTTTCATAGAGATATTCTCCTATATATGAGGTGTTTGTTTTATCAGAGTCCAAATAAGAGCAGGGCAAAATGACTCCACTTTGCAAGAATTTCAGAAAGTGTTTCGAGCCTTGTCACTTCTTTATCCAGCGGACCTAACGACCTCCCATGGTGCAAAACCATGTACAGCTTAGATATCAAACACTTAGACGCTGGGGACGAAAGCGGCCAAGTTGGCACTGGCCTTGCTTTAGCGGATTCCTGATTAAAAAAGGTTTTATAACCACGACCATTAAACTGGAGACTTTATGAAAAAGTATTTCTATATCCTCGCGGCTTTGACTATCGCGCCTACGTTCGCTTTAGCTCAAAGTTTGGAAAGCGACGTTGATGCTGAATTGGATCAAATCTATTCCAATCAAGCAGCAGCAGCGCCTCAGACATCAGCGGCCGTTGCAGCTCCTGCAGCAGCTCAACAAGGCCAACCTCTTAATTTGAATGGCAGCCAGCCTATCTATATTTTGAATCAGGCTCCATCAAATGCAACTGCACAAGTTCAACAGTCACAGGTTCAAAAACAACCTACGACTGTGATCGAAGCTTCACCATTGACTGAGTCACGTGCGGATCAAATCCGTAAATCTCGTCAAGATGCTGAAGTTCAAACTGAGCAAAAAATCGTTGAAAAGCTTGAGCAATCTCGTATGGAAGACGAGAAACGCAGAGCTGACGTTTTGTTCGGTGATAAATTTAATCAAATGAATAACAGACAGCAACAGCAAGAAGTTCCTGTACAAGTTCAGCAACAAGCTCAACCAGTACAAGTTCAACAAGTTCCTGTACAACAAGTACAGGAGCCAAAAGAAAACACACGCGATATTATCCGTGAAGAACTTGCTGCAGCTATGAAAACTGAAACTGAAGCAGCACAAGCTCCAATCGAAACAAAATATGTTGCGGTTATGGCTGGTATTGCGGACCTTCCAGATGTTCGTAACGTGAAAGGTAACTACTCTTTGGGTGTTTCTTTCGGTAACAAATACGACAATTTGATTCTTGAAGGTACATTCTTGTATTCAAACTACACTGTGGATCAAGGTGCAGCGAATGGTTACAGCTATAGCTATGCTTACCCATACAGCAACATCTATATCCCAATGAACGTTGACGTAAATCAATACACTGGTCAGTTGGCTGGTAAACTTCAATTGTTCTCTGGTATCATCCGTCCAGTAGTTGGTGCGTTGGTATCATACTCTTACAGAACATTTGCTTGGGCTAACAACAACAACGGTTATGCTTACAGCAACGACACTTCTGCAAGCTCACATGCGATTGACGTAGGTGCTCTTGCTGGTGTGGATTTGGAATTCAATCCTAAATACTCTTTGGGTCTTGATTTCCGTTATATGTGGAATATGTCTAGCCGTATCAACGCAGACAACAACACATGGTTGAATGCACCTTCTTACGGTACACCAATCGAAAAACTCCAATACTACGTAATGTCAGTAGTTGGACGCGTTAACTTCTAGTTCCTGAATTAAAGTCTTTAAGTGGTTACACAATACCTGCTAGCAATAGCGGGTATTGTGCTTTGACTTCACCCTTCTTTTTGGTGAAGATCAGACCATGCATCTTCTTTTAAGTCTTTTCTTCGCAACAGTTTTATTTGCACACAAGAGTCAGGCTGCAACTGTCGTTACTGAAACAGTAGGGCAGGTGGCGGAGTATGTGACAACCAGCCGCGAAGTTCAGATTTCCAATGTCATCGAACGAATTCTTTATCCCGCGAAAAGTGCACCGCTAGAATTGCAATTGGATGCGCCTGAGTTCAATTCCATGATTACTTCTGTATTGCTTGAAACCGTTGTGGCGATGGAAGCAGAAAACTTCAGTGTTGCGACTGTCGGCGATAAAGATGTTGATGAGGCGATTGCAAAAGTACAAAAAGCGATGGCAGGCAAAAGTTTTTGGACGGCCTTGGAAGTTTCAGATCTGGAACTTCGTCGTTTCACGAAACGCAAATTTGTCGCAAAAAATTTCCTAAAATTTAAAACCAACTCTATGTCAGGCATCATTTCAGACCAAGAGGCGCAAGCTTACTACGAAAAAAATCGTTTGAAATTTGGCAATATGCCGTTT
NZ_CP030034.1_gap41	1514768	1515397	629	TAAAGACAAAGGTATCGACAAACAAGTTGTTATCGATGCTATCACTCAAGGAATGCTTGTAGCGGCTCGTAAGAAGTACGGGACATACCGTGAGATTGAAGCAGCTTATAACGAAGAAACTGGCGAAGTTGAACTTTTCGAGTTCAAAGAAGTTGTTCCTCGTGAAAAATTCGTGGATGAGGAAGTTGAAATTCCTTACGACGATGCAGTTAAACTAGATCCAAACGTTCAATTGGACGATTCTATTGGTATTAAAATGGAAGCCCAAGATTTGGGTCGTATCGCAGCTCAAACTGCGAAACAAATCATCATGCAAAAAGTGCGTGATGCTGAACGCAACATCATCTTCAATGAATTCGAAGAACGTAAAGGTGAGATCGCATCTGGTATCGCTCGTCGCGTAGAAAAAGGTGCTATCGTTGTCGATTTGGGTCGTACGGAAGCGTACATCCCACCTCGTGAACAAATCCCTGGCGAACAATACAAACCAGGTGACCGTATTCAAGGTTACTTGTCAGAAGTTCGTCAAACAACTCGTGGTCCACAAATCATCATGTCTCGCGCTGATGAACGTTATTTGATGAAACTTTTTGAAATGGAAGTTCCAGAAATTTATGACGGCGTGGTTG
NZ_CP030034.1_gap42	1519702	1523088	3386	CGGGCTTGATGGCGTGCTTAATCAATGAAGGCACCAAGTTAAGCCAATATATTTTGGAAGGCGATAAAGGCTATCGCGTGCGCATTCAGTTTGGAATTCGCACTGATACTTTGGACGTGACAGGGGAGACCTTGGAAACGTTGCCGGTGACTCACTCAAAGGATGATCTTTTGCGTGAGGCTTTTAAATTGTCTGGCGAAATGGAAGTGGAAGTTCCGATTTACTCTGCGATTAAAATTCAGGGTAAGAAATTGTACGAATACGCCCGTGAAGAACAAGAAGTTGTGATTCCGAAGAAAGTGATGAATTTCTGGGATATCAAGTTCTTGGATTGTGGGGCGGATTGGGCCGAGTTCGATTTACGCTGCTCAAAAGGCAGCTACATCCGTACTTGGGTCGATCTTTTAGGGAAAGCCTTGGGCTGTGGGGCGGCGATGAGTGCTTTGCGCAGAACCTATTCGGCTCCTTACCTGCTAGAGCAGGCGCAAACCCTGGAAGACATCGAAGATTGTGTTAAAAAAGGCACTTTCAGTTCATCGTTCGTGAAAATGGACATGGCTTTGCCTCAGATCAAACGAATTCGCGTTCGCGGTCAGGATCAAGTGCTTTTGGGGAATGGTCAAATCAGCCATGACCTGCGTTCGCAGTTGATAGCCCTTTTTAAGCCGGAAGAAGATCAATATATCCAAGTTGTTGCTCAAGAAACGGGCGCTTTATTGGCCCTTATTGGCTTAGAACCGGGTAAAGGATTCGTGCTTCGTCGAGTTTTTAAGTACTAAAGGCGTCTTTAAAGATTAGTCGTTTTGAGTACTTGACCGCCTTCGCGGGAACAGTTAGAACCTTATCTTCAAACCTACCTGGGTCGACAGCCATGACGATCTGAGGGTGGGAAACCTGAACGAAACATTTAAAACAGGAGACGTTAATGGCAGTCACTAAAGAACAAAAAGAACAAATCGTAAAAAAATTCAAAACTAGTGATCTTGATACTGGTTCAGCAAACGTACAAATCGCTTTGTTGACAGCAAGAATCAACGATTTGACTACGCACTTTTCTAAACACAAAAAAGACTTCCACGGTCGCCGTGGTCTTGTGACTTTGGTTAACCAACGTCGTAAGCTTTTGGATTACCTTCACCGTAAAGACGTTAAAGCTTATCAAGAAGTTCTTAAGGCTCTTGATATCCGTAAGTAATCTGATTCTAGAAATCACTAAAGGGGCGAAAAGCCCCTTTAGCTTTTTTAATCCAGTGCATTCTTATCAAGCTGCACAAGTGATTGAAATTCGGTCCCAAATACAAAAGAATAAAAAAGAATTAAACGAGAGAAACAATATAGCATTCGAAGGGTAGACAGCCCTTCACAACGGCACAGCATAAAGGCTCTGCCAGAATTCCAAGGAGACATAATGAAAACGACTGTGACAACTTCGGTAGGCGGAAAACAGATCACTATCGAAACAGGCCGTTTGGCAAAACAAGCAGATGGTTCTGCTCTAGTTACTTGTGGTAACAACATGGTTCTTGTTGTTGCGACATCTTCTAAAAAAGCCTCAGAACTAGATTTCTTCCCACTAACAGTTGAATACATCGAAAAATACTATGCGACTGGTAAAATCCCTGGTGGTTACTTCAAACGTGAAGCAAAACCAACAAACGACGCAGTTTTGATCGCGCGTTTGATCGACCGTCCAATTCGTCCTGTATTCCCAGAAGGCTACCGTCACGAAACTCAAGTAGTAGCGACAGTTCTTTCTGCTGACGGCGCATTCCCTCTAGAGATTCTAGCAAGTTTGGGTGCCTCTGCAGCTCTTCACACTTCAGACATTCCGTTCAATGGCCCAACAGCTGCGATCCAAGTTGCACGCGTTGATGGTCAACTTGTAGCGAATCCAACTCCACAACAAATGGAAAAATCAGACATGGATTTGATCGTTGCGGGTACTCGCAATGGTTTGTTGATGGTTGAAGGTGAAACGAAATTCATCTCTGAAGCAGACGTTATGGCTGCTTTGAAATTCGGTCACCAATCAATGATGCCTCTATTGAACGCGCAAGATGAATTGCGTGAAAAAATAGGTTCAAAAGCAAAACGTGCATTCGTTGCACCAGCTATCGATGCTGACTTCAGAACTGCTGCTGAAAGCATCTTGAAACCAAAAATCGCGGCGGCTCTTGCTATCCGTGAAAAACAAGATCGTTATGCTGCTGCAAATGCGGCGGCTGCTGAAGCTGAAAAATCTTTGTTGTCAGCTATCACTGATAAAGACTTGTTGAAACAACGTAAAAAAGAATTGAACACTATCGTTGAAGAGTTGAAATACCATGAAGCTCGTTCAATGATCTTGGATCGCAAAGTTCGTATCGATGGTCGTGACGTAAAAACTGTACGTCCTATCGCGAACGAAGTTGGTTTGCTTCCTCGTGCGCACGGTTCTGGTCTTTTCACTCGCGGTGAAACGCAAGTGTTGGGCACAGTAACTTTGGGTACTGGTGATGACGAACAAATGGTTGATTCATTGATGGGTCTTCAAAAACGCAAGTTCTTGCTTCACTACAACTTCCCTCCATACTCTGTAGGTGAAGTGGGTCGTATGGGCGGTTTGGGTCGTCGTGAAATTGGTCACGGTAACTTGGCTGAACGCGCGATCAAAGCAGTTCTTCCTGATCACGAAAAATTCCCATACACAATCCGTATCGTATCTGAAGTTTTGGAATCAAACGGTTCTTCTTCAATGGGTACAGTGTGCTCTGGTACTCTAGCACTTCTTGATGCTGGTGTTCCTTTGAAAGGTAACGTTGCCGGTGTGGCGATGGGCTTGATCAAAGAAGGCGACCGTGTAGCAGTATTGACTGACATCTTGGGTGACGAAGATCACTTGGGTGACATGGACTTCAAAGTTGCTGGTTCTCCTGCAGGTATCACTGCTTTGCAAATGGATATCAAAATTGACTCTGTTTCTTTCGAAGTGATGGAACAAGCTTTGGCGCAAGCTAAAGAAGGTCGTTCGCACATCTTGAACGAAATGGAAAAAGTGATCAAAACTCCTCGTGGTCAAATCTCTGAATTTGCTCCTCGTATCGAGACGATCAAAATTAAACCAGATAAAATCCGTGAAGTTATCGGTTCTGGCGGTAAAGTTATCCGCGGTATCACTGAAGCGACTGGCGTTAAGATCGAGATCGAAGATGATGGTACAATCCACATCGCGTCTGCAGATCCTGAAGCGACTAAAAAAGCTATCGGCATGATCAACGACATCGTTGCTGAAGCTGAAGTTGGCAAAGTGTACAAAGGCCGTGTTGTTAAGATCGCTGAGTTCGGTGCATTTGTTGAAATCTTGCCTAACACGCAAGGTTTGTTGCACATCTCTGAGATCGCTAACG
NZ_CP030034.1_gap43	1529048	1532969	3921	TAGGCGTCAGCTGGGGCTTCGAGTTTTAACTTTGACTTCGGGCTACCGCTCGGGCAAAGCCTTTCACATGATTTTACGTTTTACATTATTTCTGACTTTGGTTTTCGTTACTCATCAATCTTTTGCGGGCGACATCCAAGCTGCATTTCAATCTCTACAAAATGTGGGTGAGAACTGGGAACCAGACGGTGCTGTGTGTGAACAATTAGCGCGTCTTAAAATTCGTGCTGCGTATCCGGAAAATCAATACACAATCACAGGTGATATCGAATACGACACGGGGGCCTTAACGATCGGCGAATTAGACGTGATCGTGATTGAAAAAAGCTCGAACAGAGTGATCCTTGTGCAAGAAGTGAAGTGCTGGAAAAACTTCGCTGGCGGCCTTGAAAAAGCGCAATCGCAGAAGCTTCGTTTCTTGTGGCATTTGGGTAAAACTCCGCAGGCAATGCGCTTTACGTCTTACGACGGCACAAAGCTTACGGCTGCCAATTTTGCGAGCTCTTTCCCGTTCGTATTTGTGTCGCAAGCAGGCGGTGTGGCAAAGGGCTTTGATGAAGAGCTGGATTTGAATTTAAGCGAGATTAAGCAGCTTCGTATGCAGCTTTTGAAATGCCAAGATCAAGGCCATTGCAAGAAGCCTGATCAGGAGTAGTTGACGCGCCGAGTAGGTTTGACAGCGATTAGGCCCTGATGCAGAGTCGCTGATTATGTCAGAAATCCACGTTTTATCCCCTGAAGTTGTCGACCAAATCGCTGCCGGCGAAGTGGTTGAACGGCCTGCCCATCTTGTCAAAGAATTGGTTGAAAACAGTATCGATGCGGGTGCTACGCGCGTGCATGTGGAATATTTTGACGGTGGTCGCAACGTCAAAGTGATCGATAACGGTAAAGGCATGGCGCCAGCCGATTTGCCAAAAGCTTTAGAGCGATTCGCGACAAGCAAAATCAAAAAAACAGACGACTTGTGGAAGCTTCGCACTTTCGGGTTTCGTGGGGAAGCGCTTGCGAGTATCGCGGCGGTTTCAAAAATCACTTTGACGTCTCGTCGTAAAGGCGATGAACAAGCTCATCAACTGATCAGTGAATTCGGCAAAAAAAGCGAGATCAACAAAATCGGTGGCTCTGAAGGCACGACGATTTTGATGGAGAATCTTTTTGAAAACACTCCGGCGCGTTTGAAGTTTTTAAAATCAGACGCCGCTGAACACACTGCGATCAAGACGACTTTAAAGGCGATGGCGCTTTCCCATTTTGATGTGGAATTTCGTATTCAAGAAAACGGCAAGCTGATCAACTTCTGGCCTGCATGTAATAATCGCAAAGACCGTGTTGAACAGATCTTAGAAATCAAACCGATGTTTGAGGGTGAAGCGGTTCGCGAAAACGTGAAAGCGTATGCGGTGTTTGCGGATCCTCATAACGTGGCGAAGACATCAAAAAATATTTGGCTGTTTGCACAGAATCGTTGGATTCAAGATCGCAGTCTGCAAGCGGCAGTCAATGAAGCCTATCGCAGTCTGCTGATGCACGGTGAGTTTCCGATTGCTGCGGTTTGGGTTGAGTTAGATCCAGACTGTGTCGACGTGAATATTCATCCAACAAAATCACAAGTGAAATTCCAAGATCCTTCGCTTGCATTCCGTGCGGTGGCGGGTTCGGTGCGTTCGACGCTGGAGCAAGCTCCGTGGATTCCGAAAACTGCGGGAAGTGTTTCCTCGGCCGCTGGTAGAATGGCTTCCGCAGACCCGAGTGGTGCTGAAGCGACTTCTGAATTTAAAACGACTCAAGGTCTGCCGAACTTCGCGAAGTCGATGCCGAAGGAAAATCTTTCTTTCGAAGATTCCTCTTTGCAGGTGACTCAATTCCAGAAAAAAGATTTCTCATTCCCAACCACGTTTCAGCAAACGAAGTTGGATTATCAAACGCTTGCGGATTCCGCAGCCGCTCGCGAAGAGTTGATGACGCCGACATCTCCGGCGCAACAAACTCCGCTGACGGAAGAAGCGACACCACAAACTTCTGGGGGTGGCTACTGGTCATCGCTTGAAGTTTTGGGACAGGCGAATTTGACATACATCGTGACACAAAATCGCGACAAGATTGTTTTCGTCGATCAACATGCGGCCCACGAGCGTGTTGCTTTTGAGCGCCTGATGAGTGCATGGAAGGGTGGAAAAATTGATATTCAAGATTTCCTATTCCCACTCGCGATTGATATGTCTCCGGAAAAAGTGGAAGGCATTTTATTGCTCGCAAAAGATATTGAACGCCTAGGTGTTCATATCGAAGCCTTGGGCCCGGGCACTGTGGGTGTTAAGGCCGCACCGTTGTTTATTAAAGAATCAATCCTAGGAAAAGTTTTGGACCGCATGGCCGGCGAAATCGTCGAGCAGGGTGGCAGCTATTCTTTGGAAAGAGCAGTCGGTGATATCTGTGCAACAATGGCGTGTCATTCGGTCGTTCGTGCAGGACAGGCGTTAAGCATTGAGCAGATGAAGAATTTGCTGAAAGAGATGGATCAATTCCCACTTTCAAGTTTCTGCCCGCATGGCAGACCGGTGAGTGTTGAATATCCGTTCTATAAATTGGAAAAAGATTTCGGTCGCATCGTTTAATGGGAAAAAAGAATCCTGTGATTTTTGTTGTCGGCAGCACGGCCACTGGGAAATCCGAGTGGGCGCTGAAGCTTGCGCAAGAATTTAACGGGGTGATCATTAACTGCGATTCCGTTCAGCTTTACACCAAAGTCGACATCGGTTCGGCGAAGCCCAGTAAAGAAGAACAGGCCCTCGTAAAACATTATTTACTCGATTATGTGAATCCTCCGGAAGAAGTGACGGCTGGTAATTATGCCCGTGATTTCTTTCAGGTGATGGAACAACTTCCTGAAGGTCAGCCCGCATTTGTTGTGGGTGGTACTGGTTTTTATTTCATGGCGATTGAAAAGGGCATGTATCCGGTCATGAAAGTGGCGCCGGAATTAAAAGCGCAAATCGAAAAAGAACTTTCTGAACCGGGCGGTTCGGAAAAACTTCACGCGGAACTGACAAAAATGGACCCCGAGTATGCGGCTAAAATTCATTTAGCCGATAAGTATCGTATCGGGCGCGCGATCGAATTGATTCGCAGCGAAGGCAAAAGTGTTACGCAAATCCAAAAAGAGTTCGAAGATCAACGTGAAGAATTTCCGTTTCCGCTGTTAAAGATTGGCCCAAGTTGGGACCGTGAACTTTTGCGCGAGCGAATTGCGAAAAGATCGGCGATCATGTTGCAAAACGGGTTGCTGGCAGAGACAAAAACTCTCCTCGACGAAGGTTTGGAAAACTGGGCTCCGCTCAGTTCGGTTGGTTATAAGGAAGCGATTGAATGTTTGAAAGGTGAAATTCCTTTCAGTGAATTACAAGAAGCGATTACGACAAGTACAGCTCAGCTCGCTAAAAGACAAAAAACGTGGTTTCAGCGAGACAAATCAATTCACTGGTTTGATGGCGGCACGGGTTTCGAGCAAGCGCGAGCACAGGTCGAGAAATTTCTGAAATCTTGACCCGAAAACTACGGGCGCGGAGAATGAAGGCAATATGAAAAGCATGACAGGTTACGGCAACGCGAGAGTTCAATCAAAGGATGTCACTATCGAGGTGAGCATTCGTTCAGTGAATGGCAGATTCTTGGAGCCTCGATTCCATTTACCTCGTGAATTCGTAGCTTTTGAAGGCGATCTTAAAAAAGTTTTATCTTCAACGCTTTTGCGTGGAACAGTTGATGTGTTTATTTCTCGTCGCGTGAAAAACGTGGGCGGCAAAACGCAGATGACGGTGAACGATGCATTGGCGAAAAAATATCTCACGGCATACAAACATCTTTCCAAAGAGTTGGGCGTTCCATTTCAAGTACATCTTGAAGCTATGGCGCGTTTGC
NZ_CP030034.1_gap44	1538584	1540894	2310	AGAAAAAAGAGCGCGAAAATCTTTTGAAAGAACAAGAAAAACTTATCATGACGTCGTCACGCTTAGCTTCGCTGGGTGAGATGGCTGCTGGTATCGCGCACGAAATTAACAATCCGCTGGCGATCATCAGTGGTTACGTCAGCGTCTTGAAAAAGCAACTTTCGCAAAAAGGTTTAGACGGGGATGTAGAGATCAATCGCCGTGTCGATTCCATTGATTCAACAGTACAGCGTATTGCTAAAATCATCCGCGGCTTAAGAACCTATTCGCGTGAATCGCACGAGGGTAGCGATGAAGTTTCAAGTGTGGATCAAATCATCGATGATACTTTGGCATTTTGTACGGAAAAATTTAGAAACGACAACATCGATCTTGTCGCTTCCATTGAACCGAACTTGAAAGTTCGCTGTCGTCCGTATCAAATCTCGCAAGTGATTTTGAATCTTTTGAACAACGCTTACGATGCAGTAGCGCAGTCGCAAGTTCGTAAAGTTGTTATCGAAGCGAAAAAAGTTTCTGATGGAATCGAAATCAGCGTCACGGATTCCGGTCCCGGCGTGCCAAAAGAATTGCGCAGCAAAATCATGCAACCGTTCTTCACAACAAAAGAAGTGGGGCAGGGGATTGGTTTAGGCTTAAGCATCTCTCAAGGTATTATTCAAAGCCACGGCGGCAAATTCTATTTAGACGAAACAAGCAAACAAACAAGATTCGTCATCTGGCTCAAATCCTAACGGGTGTCTGCCATTTTTTAATTGGTGTTCCAAGCCCAGCCGGCTTTTAGGATGATGGATGTGGCCTTCACGGTGTCTGACGGTGGGAAATAATTGTATTCGATGCTGATCGGGATGTAGTTCTTACGACTGATTTGCCAGTCGGCGCCGATTGCTAATGTCAGAATTTGATTTGTTGCGATGTTTGATTCGTTGAGTGCCGTTGCTGATTTTGAAACGGCGACTAAGAAGCCACCGCCGGCTCCGCCCCAGAAGCGCAGGCGATTTTGTGTCAGATAGTATTTACCTAAACCATAAGCTGACAAGTACATGATGTTGGCAGAGCAGTTCGTTGACGTCTTGCCATCACAACCCAAAATGGTTGAAGTGCCGCTGGCATTGTATTGTTCCAAGGCAACCAAGGCACGCACCGAGATATCCGGAGTTGCGATAAATTCGTAAAAACCACCGGCACCAAAACTAGTTCCTTTTAAAGCAACAGATTCAGTGGCGTTAAAGTAGTCTTTGATTGAAACCGTCATCGTATTTTGCAAAAGCTCGCCAACAATACCGAATGAAGGTTTTAAATAGCGTAAATAAGAAGTGTCACGGGGAGTTCTGTCCGAACCCTCTGTGGGCTCTTCAGCGTGTGTTTCTTTTGCAGTTTCAGCTTCAGCCGAGCGTGCAGCCGCAACAGCGCCTGCGCCCGATGACGCCTTTGCACGAAGCGAATAACCGGCTTCAGCGCGGCCTTTAAGAATATCAGCCAAGGCTTTGCCGTTTTTCACTTGTTTAACACGGATGATGCCGACTTTTTTATTGTTCGCGGGATTGATCAGAAAGAATTCATCACCTTCAGCCACTTCATCGCCGTCTAAAGAGATTAAAGTTTTTCCGTTTTTGACGGCAGTGATTGTTGCAGCAGTGGCTGAGCTCTGGATGAAAAGGATCAAACTAAGAGCGACGATGATATTCTTCAAACAGTGTCCTAATCTTGAGTCATCAGGTTGTTTTCAAGCTCGCGAATGAATTGATCTTTATAAAGGTCCCACACCGCAGACGTGGCGAATTCATAATTGCAAGTCATGGTCGTGGCGTTATCAGTTTTTTGAATCGCTTTAACTTCGATCACGCCATTGGCGTTCATTGTGCGCCAGATTTCAAGATCTGTTTCAGACACTACAAGTTCATAAGAAGCTGCAGGGAATTCTGAATTGAACCATGATTCAATCGTGCCTTCTTTTTTGCAGTTTTTAAGCTTGAATTGCGCGGTAGTGCGCAGTGCTGGAGCGACGGCAGTCGCGGAAGCTGAAGCAGCTTTCAGTTTTCCAGGAGCGTCGTTTTCAAATTCTTTACGGCCATCTGATTTATACAGAGAGCAGGCACTAAGACTTAGAAAAAGGAGTGAAGTGAAAACATGCTTCATAACCCTTTTATTATAGAATCTGAGGGCAGAAATGACAAAGGCCCCGAGATGATCAGGGCCTTTGTGCAGTAAAATACATTTTTAGAGCAAACGATTAAAATGGAATTTCGTCGTTGCTGTTGAAGCTTGGTTCTGGACCGAAATCGTTGAAGTTGAAATCGTCGCCACCAC
NZ_CP030034.1_gap45	1564346	1566446	2100	AAGTACGGCGGCGGGCGCGATGGCCTTCTTGAGCGCGCTCATGGTTACAACACTTCTAACGGGTTGTAAGTTTCAACCAGGTTGGGGATACAACAAAGGGTATGCACCTGAGCAACCAATTGCGTTCGATCACCAATTGCACGTTGGAACGAACAAAATTCAGTGTCAATACTGCCACAACCAAGTGGAAAGATCGAGACACTCAAACATTCCAGCTCTTTCAACTTGTATGAATTGCCATTTGCAAGTTGCAACAGACAAACCTGAAATCCAAAAATTGCGTGAAGCATATGATAGCGGTGGATCTGTTGAATGGGTTCGCGTGCACATGCTTCCTGACTTCGTTCACTTCAATCACAATGCGCACATTGCTAAAGGCGTGAACTGCCAAACATGTCACGGCCCTATCGAAACAATGAAGCGTGTGGAGCAATTCTCTGATCTATCTATGGGCTGGTGTGTGAACTGCCACCGTCAACCAGAGAACAAAGCACCTCTTAACTGTTCAACTTGTCACTACTAAGAGTTTCGGAAGGTATCATGTCTGAAATGCATCACGATCACGAATTAGAAATGAAAAAAGCTCTTCGTCCAAAGATAGAGCATGACAACACTTACTGGGAAACGATTGAACAGCTAAACAACAACCCAGAGTTCGCAGCGAAAGCACAAACTGAGTTCATGTCTTCACCTCTACGTGAAGAAGATGGCCAAGATGGTTTTGCACGTCGTGAATTCTTGAAGTTGATGGGCGCGTCACTAGCGATGGCAACTGCAGGTTGCATCCGTCGTCCAGTACAAAAAATCGTTCCATACAACAAAATGCCAGAAGAAGTAACTTTGGGTCTTCCAAACTACTACTCATCTGCGTATTTCGACGGTTCTGACCCCATCGCAGTTTTGGTTAAAACGCGCGAAGGTCGTCCGGTTAAAATCGAAGCAAATCCTGGTCACCCATTCAGCATCAGCGGCTTGAACATCCGTTCACAAGCTTCATTGTTGAATTTGTATGATCCAGAAAGAGCGCAAGGTCCTAAACGCAATCTTTTCAATGAAAAGAAAAGCAACAGCCAATTGGTTGATGTGAAGTGGGAAGATCTTGATAAAAAAGTCGTCGAACAATTGGGCCAAGGTGGCGTAGTTATCTTGACGGGTTCTATCGCGTCTCCTGCAACACGTGCAGTGATTGGTGATTTCGCACAAGGTTTCAAAGCAACTCACGTTGTTTGGGATGCATTGACGAATGCTGACGTTGCGGCGGGTTCTAAAGCTGCTTACGGCGAAGAACTTGTTCCTAACTACCGTTTCGATAAAGCGAAAATGATCGTTTCTATCGATGCAGACTTCTTGGGTACATGGATTGCTCCAACAGCATTCACAAACCAATTCGTTGAAGGTCGTAAAGACATCAAAAAAATGAACCGTTTGGTTTCATTTGATTCAAACTACTCTTTGACTGGTGCGAACGCGGATATCCGCGTGAAAATCAAACCTTCGCAACAACTTGATGTTGTGATGGGTCTTCTTCATGAAATCATCGTGAAAAAAGGCAACTCTTCTTACGCTGGCAACGCTGGTGTGAAATCTGCTTTGTCTTCTTACGGTGATGTTGCGAAGAAATTGAACATTGAACCAGAATTGTTCGCAAAAGTTGCTGCCGATCTTTGGGATAACAAAGGTCAATCACTTGTTGTTGCAGGTGGTTTGGCGACTTTGACTGACAGATCTTCTGAACTTCAAGCCGCTGTAAACATGTTGAACTCAGTTCTTGGTAACGAAGGTTCGACAATCGAAGCGAAAACGGGAACTCCTGCATTGAAGGGTTCTTATGAAGACATGGCGCAATTGATCCAAGATATGAACGCTGGCAAAGTGAAAACTTTGATCATCCACCGTGTAAATCCTGGTTTCGTATTGCCTGCTGAAATGGGCTTCGCAGACGCAGTTAAAAAAGTAAAAATGGTTCTGTACACTGGCGACCGTGTTGATGAAACAGGCGTTCATGCAGACTACTTGATCCCAGACAATCACTTCCTTGAGTCTTGGAATGATATGGAATTGGCATCTGGTGTTTACACGATCTGCCAACCAGCGATTCGT
NZ_CP030034.1_gap46	1569018	1570431	1413	TGCGTTCGGTCCTTACGGCTGGTCGTACTGGGTGATGGTATCTTGTAACGTTTTGATTCCACAAGTTTTCTGGTTCAAGAAAATGCGTCGTTCAATCCCAGTGATGTTTATCGTTTCTATCTTCGTAAACATCGGTATGTGGTTTGAACGTTTCGTTATCACTGTGACTTCATTGCACCGTGATTTCTTGCCGGCCAACTGGGGTATGTATCAATGGTCATGGTTCGATACGGGCGTCCTTGTCGGTTCGTTCGGTATGTTCCTGACTCTGTTCTTGTTGTATTTGCGTTTGTTCCCTGCGGTTTCTATCGCAGAAGTGAAGCCCGTATTGCATGTAGGCTACGACGATAAAGGAGGGCACCACTAATGGCTCAATATACTAAAGGTATCGCTGGTATCTGGGATGATGAAGGCATGATCTTGAAAGCCGCTCGCAAAACTCGCGAGATGGGTTTCACGAAATTTGACGCCATTTCTGCTTACCCTGTGCATGGCATGGAAGAGGCGTGTGGTATCAAAAGATCTTGGATTCCATACGTAACTTTCGTTGCAGGTCTTGTTGGTTTGACGGCAGGTCTTCTTTTGACTTGGTGGACTTCAGCAGTGAACTGGGCAGTGAATGTCGGTGGTAAACCATTCTTCTCTTTGCCTGCGTTCATTCCAATTATGTTTGAATTGACAGTTTTGTTTGCAGCTCTTTGCTCCGTAGGCGCTTTGTTCTACATTTGCAAAATCCCACGCATCGATCCTCCAGTGATTGATCCGGATTTGAGCTCACACAAATTTGCGATCTTCATTCCACAAAACGATACTGGATATGACGAAGCAAGAATTGAGAAAATGTTCAAAGAGCTTGGCGCTCTTGAAGTGAAGAAAACGGAGTACTAGAATGAGAAGCATCGTGAATATCTCCATGGGTGTAGCGGCGGCAGGCCTAGCAGCTCTAGCATTGTCTAGCTGCGGTCCTCGCGGTAACAACCCGAACGTTGAAATCATTCAAGACATGATGGAATCTCCAGCGATCAAAGCGCAGGAGTATGATGAAACTTCTCCGCACCATAGCGGTATGCGCGTACCTCCAGAGCACACAGCTCCAGTAGGTTTCGAACCATACAGATATGCAACGGATCCAGAAGGTGCTGCTAAGAATTTGAAAAATCCACTAGCAGGCAAAATGGATGAAGAGACTCTAATGACAGGCCAAAAATACTACGAGACAAACTGCGCAGTTTGCCACGGGTATAAAGGTGAAGGCGGCGAGGCTGCGAAGTCTGTTGTCTCTGCTAAAATGGCTTTGAAACCACCTGCATTGTTGACTGATAAAATTAAAGGCTGGCCAGATGGACACGTTTACCACGTGATCACTATGGGCCAAGGTGTGATGGGTCCTTACGCATCTCACATTCCACAAAA
NZ_CP030034.1_gap47	1630702	1633914	3212	CTGGGAATGCATTGCCATTTAGATCCGGTAAAACATTCGACACCTTATAATTTGGCTCCGCAAGGCGTGTTGAATAAGCATAATGTGTTGTACATCACAGAGAAATTTATTGAGGTCATTGGTAAAGGTGAGTTCAAGATTGATCAAGCTTCGGGGAAATTCCATGAAGCAAATCTGTTGCGCTTGGATCCAAGCAAGGCCATGGAGTTCTTGAAGTGGGCACCGACATTTTCTCCAGACGAAACTGTAGCATTTACGGCGGATTGGTATGGAGACTTCTTGAAGTCTAAGGAAAACTTAGCTTCTGTGACTTTAAAGCAAATTAAGCACTATCAAGATCTGTCTGCGAAGGTGAGTCTGTAATGAGAGTCTTGGTCACTGGTGGTTCAGGTGGTGTTGGTAGTTTTGTTGTCAAAGAATTATTGGCAAAACAATATCAGGTCGCTTGTTTGGCTCGTGATCCAAAGAAAATTACGGATTCTGCGGTTGCCATCATTCAGGGAGATCTTTCTGAGATTCCCGCAATTGAAAAGCAATTTGCGGAATTTAGGCCAGAAGCCATCGTTCACTTAGGTTGGATAGGAGTCGATCAAAAAGAAAAGTCCAATCCCGGTCAAATTCACAATCTGCAAACGGCGGTCGATCTTTTGCAGCTGGCACAAAAGTACCAGGTAAAATCTTTTATCGGGATGGGGAGCGAGTCTGAGTATGGTGTGCACAACAAAAAAATTGATGAGACAGCATCTAATAAACCGTTAACCAAATACGCTATCGCAAAATTTGCGACAGGTTTGATGATGGAAAAAATGTGCAAAGATGCCGGTATGAATTTTACCTGGCTTCGTCTGTTTTCTTCTTACGGCCCCGGAGATCGCCCAGGTTCATTGATGTCTTTGATGATCAAAACATTGTTAAAGAATGAGCCTATGAATTTGTCTGAATGCGTTCAGGTGTGGGATTATGTGCACGCTCGAGATATCGCAAGATTGATTGGTATGATTTTGCAAAACCCAAAGGAATCAGGCTTTTTCAATTTGGGTGGTGGGCATGCATGTGTGTTAAAAGAAGTTGTTCACATGATTGCAAACAAGATCGATCCCAATGCAGAACTTCATTTCGGTGCGATTCCTTATGGGCCTAATCAAAATATGCATTTGGAAGCAGATATTTCTAAATTAAAGAAAGTCTACGGTTGGGAGCCGCAAATTTCGCTTGAAGAAGGTTTGTCGGAAACAATCGCATGGCATCGTCAGCAGTTATTTTAAATTAATTCATGAATAATTTTGTTTGATCCTTGTTAGAGTTTTAAAATTCTTTAGGTCTAGATAATAAATTAAATTTTGTTTTTATTTTTTCGAGTGGCATACTTTGTCGACATAAACACAAAGGAGTGTACATGAGAAACAAAATAATTGTTATTGTGGCTATTGGATTGGCCGCTGCAGGTTTTACTTATAAAAATGACCTTCAAACGATGGGACTTCATTTTGTTGCGCCGGAAATTAAAGGACAAGAAAATATTCCTCATCCTGAGCGTGGCGAGATCATTTTAGATACGGCAGGCACATCACCTCAATTTTTCGGTCATAACGGCGACAGATGGGTTTTGCTATCGGCTGGTCAATCAATCATTCCGTCAGGCGTGATCCTTCCTTATGCTGGTGCTACACCTCCAGATGGATTTGTATTTGCTGACGGCTCAGCCGTGCCTAGAACTGGTGATTATGCGCTGTTATTTGCAGCCATTGGTACGACATTTGGTAATGGTGATGGTAGCACTACATTCAATCTTCCGGATATGCGTGGTCGTTTTATGCGTGGAGCGGATACAACATCAGGTCAAAGCAGAGATCCAGGGCCTCGTTATTGGGAAAATGGTGGTTCATCGACAAGCCTTCTTGGTTCCGTAGAAGACGATGCATTCCAAGGCCACTGGCATAATTCCTCTAACTATACTGGCGGAACGGGAAATATTGCGGGCGCTACGAATACGAACAATTCGTCTGGATACCAAACGAATTCATCTATTCAAGTTTCAGATCCACGCTCTGATGGGACTCACGGTACGCCAAGAACATCAAATGAAACGCGTCCTAAGAACGTTGCAGTTCATTATATCATTAAACTTTAATGAATTGATCATCGCCGTAAATTAATTTTGCGGCGATTTTTTCTCATGACCAAAAATAGTCATCAAGATATCTTGTATCATGGCTCAAAATTTTTGGTTTCAGAAGAAGGTTTTTATTACTGGCCACTCCGGCTTTTTAGGCAGTCACTTAGCACTTCATCTACAACGATGTGGGGCGGTTGTCTTTGGCTATAGCCTGTCTCCAACGACAACCCCTAATTATTTTGAAGTTGAAAATGTGGCTCAAGGGATGACTTCAACATTTTCTGATATTCGAGATAGTGACGCGCTCAAGTTCGCCCTTCAGTACTCACAGACGGATATCGTTTTTCATTTATCAGGTGGGGGAGGCTTAAAGGACTCTTGGAATAAAGTTTCTGAAGTGTACTCGAGCCAGGTTTTGGGAACAGTCAATTTATTAGAAGCTTTACGAGAAACAGCCACTGTCCGTGCCGTGGTGATTTTAAGTTCTGATAAAGTATATCGTTCTTCTGACACGTCGATGTCGTTTTCCGAAAACGATCCATTGGGTGGAAATGCGCCCGCATCTGCTGCTAAAGCTTGTTGCGAATTGATAGTCGAATCCTACTTAAATGGTATTTTTTCTCCTGAAAAATATAACAAGCATAAGGTTGCAATAGCGACAGCGCGACTTGGTGGAATAATTGGTGGTGGTGATTTTTCTGCAGAGAGTTTAATACACCAACTAGCTCAGTCATGTCGAGCTGGTGTGGATTTGCCATTGAAGAATCCCGACTCGATTCGTCCTTGGCTGCATGTAGATGACGCTGTTAACGGACTTGCATTGTTAGGACAATCGTTGCTTGAAAGAGGACCTAAAGTTGTTGGTGCTTGGAACTTTGGGGTAAATGCGGATGGACTAGCAAGTGTTGCGCAGGCAAAATCCTATTTCATTAGTGAGTACTCTGGAGTTCCCGCTAAACCAGTTGAAAATAGTGGCAGCCCTTCCTTTCATAGTGGGCTGGATTGTTCGAAAGCACAGGAGTTTCTTGGTTGGCGCCCACAATTTAATAGTGAGCAGTCCGTTCGAAGGACTGCGCAGTGGTTTAAAAGATTTGAT
NZ_CP030034.1_gap48	1672879	1677499	4620	CGTTGCCACGCATGTTTTGGAAGCGTGTCCAGAAGTCAGCTTGAAGATACTCAACCAAGTGCCCTAAATGAATGTAGCCATTCGCGTAGGGTAGAGCAGTTGTGATCAGGATTTTACGTTGAGACATAGTTTACTTAAACTCCACATTTCCAGAATCGAGGTGATACATCGCACGCACGATTTTTACCTCACCAGAGGTGACCGCGTCACGAAGGATTTCTGAGCGTAACAGAAGATCGCGCGCTACACCATCCACATTCGACCAGCCTTCCTCGGAAAGGTTTGGTGATTGAGGAATTCCTTTAAATTTCAAAAGGCGAGCTTTTAAATCGTTCGCAAAGCTCATCATATTGGCACTTTCCATTTGCGCACCTTCTACGACGCGTAAAGCGCTGCCAATGGCGTCACAGGACTCATGGCCTAGGACGACAACAAGATTTGCGCCGTAATTTTGCACAGCGTATTCAATACTGCCGACAACTCCAGCATCTAAAGCCTGACCCGCAGTACGAACCACAGAGATTTCACCTAGCTTTTGGTCAAAAATAACTTCTGGTGGAACACGAGAATCACTGCAAGACAAGATCACAGAGTGAGGATGTTGTTCACTTGCAATACGCGCACGATCTTTTGCTGTCGCGCCATCTTTACGAACTGTTCCACGCATAAAACGAGTGTTTCCGTTACGCAACCAGCCCAAAGCTTTTTCCGCGGGTACTGCGCCCACTTCGCGTTTCGATTTACCGTGGGTTTTTTCGATGTGTTCAGCTGCTTGTGCTACGGCGTTTTTCATCTCTTGCGCTTGTTGTTGCGCTTCTTCTTCATTTGGATTGATAGGTGTCAGACCTTTTGCGTCTGTCGTCGTTGCTTGCGCCGGAGCTTCTTTTGCCTGGCCTGTTTTATCTTTCAACATCACTTTCGTTTCTTGTGATGGATTACGACGTTTTGAGAAGTAGGAACAAGCGGACAAATTGATCAGCGCTAGAATAAGCGCAACACGAATTAACATTGCATCCTCCCTGATGAACATTGACTCTGATATTTTCAAGAGTTCCATCGCATCTGGTCAAATTAAAAAGCAAAAAAACTTTTCTGCCGGGCTCGTGAATTTTAGAATATGCTTTCGTCTGCAAAGAAGGAGTTTTGCGATGTCGCTAGCAGTGTTGAGTCCCGAGCAAATCCAAGCGAAGCTTTTAGAGAAAAAATATCCTGCACAAGAAACTTATTACGCAATGTATAGCACTTGGTGGGGCGGAGTCGTTAAAAACCCTTCTTTGATGATGGTTCCCATTGATGACCACCTCGTGCACAGAGGCGATGGCGTCTTTGAAGCGATCAAAGTTGTCGATGGCCGCGTTTTTTTAATTGATGAGCATCTGGCGCGCCTAGCGAAGTCCGCAGAGCTTTTATCGTTGGCTTTGCCAATGAGCATCGCTGAAATCAAACGCACGTGTCTTGAATTATCAGCCATCAGCGGTCAGCAAAACCTCATCTTGCGTCTTTACATTTCCCGCGGACCAGGTGGATTCACGACGAATCCGTATGAAAGCGTGTCTTCACAAATGTACTTGGTGGCAACGACGCTGAAGCCAATGCCCGCTGAAAAATACGAAGTGGGTGTGGCGTGTGGTAAAAGCGAGATCCCGCCGAAAGACCCATGGTTTGCGCGCATTAAAAGCTGCAACTATTTGCAAAACGTCTTGATGAAAAAAGAAAGTGTCGACCGTAAGCTTGATTTCACGGTCAGCTTCGATGCCCAAGGCAATCTGACAGAGTCGAGCACTGAAAATATCGTTATTCTGGATAAAAATGGCATTCTTGTTCGCCCAACATTGAATCAGATTTTAAAGGGCACAACAATGATGCGCTCTTTTGAATTGGCCGAAGCCCTTGTGAAGTCTGGTGATATCAAAGCCATCGAAGAGCGTAATATCAGCGAGCAAGACATCTATGCTGCTAAAGAAGTGATGATGATCGGAACGACTTTAGACGTCCTGCCGGTTTCAAGTTTTGAAGGTAAAAAAATCGGACCGGGGATTGCGGGGCCGGTTGCGAAAAAGTTGTTAGCTTTATTAAAAGAAGACATTAAAAAAGGACCGACTTCCACAGCGGTTCCTTATTAGTTCGCAGATATTTCAAATAAAAAAAAGCGCCGAGGTCATCGGCGCTTATGCTTTCAGAAGTCTTAAACTTCCAATTGAATTTTATCGAGCAATTCAGGATCGCTAAGAACCGCCTCACCGCCACGAGCAATCGCAACCAGTGGATTTTCAGCGATACGCACTGGCAGGCGCACTTCATTTTGAATGCGCAAGTCGAAATCGCGAATCAAAGCACCACCGCCCGCAAGCACAACGCCTGATTCGATGATGTCTGAAACCAATTCTGGTGGCGTGTGTTCAAGAGCTTTGTGAATCGCATTGATAACTTCACCAATGCAGTTATTCATCGCAAGGCCCACGTCTTCAGAGCTGACTTCGATCGTTTTATTCATACCAGTATCAGCATCGCGACCAGAGATCGTTGCAGAACGAATGTCTTTTTTTGCAACCGCAGTACCGATTGAAACTTTCAAGTACTCAGCTGTTGTTTCGTTGATATGAAGTTTTTTGTATTTCTTAAAGTAATCAATGATCGCATCGTCGATACGGTGACCACCAACGCGTACTGCTTGGCAGTAAACGATATCAGCAAGAGCGATAACTGCAACTTCAGTTGTACCACCGCCCATGTCGATGATCATGCAACCTTCAGCCGCTTTGACATTCAAACCAGAACCGATCGCCGCAGCCATTGGTTCATCGATCAAGAACACTTCTTTTGCGCCCGCCGTTTTGCAAGATTCGATAACTGCTTTTTTCTCTACTTCAGTCACACCGTAAGGCAAAGACACAACCACACGGGGGCGAGAGAATGTGTTTTTCACTCCCGGTTGACTTAAGAAATGTTTCAACATGACTTCAGTTGTTTCGAAGTCAGCGATCACGCCGTCACGAATTGGTTTTTGCGCGAAGATGTTACCAGGGTTGTTTGCGAGTTTTTCCTTCGCATCGTTACCGACAGCGATCACACGTTTTTTGCCTGGGCTTGTTTGTTGGTAAGCAATCAACGAAGGTTCATTCAAAATGATGCCTTTGCCGCGCGCTGCGATCAAAGTGTTCGCAGTGCCCAGGTCAACGTAAAGGTCAGCGGCTGTACCAGCCTCGTCTTTAAAGAGCCAAGAAAACATATTATTTACCGAATCCTTTGCTGCTCTCGAATGGGAAGCTCGCGAAGATAGAGATATATGACCAAGATTTATTTAGATCCAAACCGATCTCGCCACCCAAAGTAACATTGTTCCACTCGTGATAATGAAATTCTGAACCGATTGCTAGGTTTGTTGCCACGAAATTTTCGTCTTTTGTGTTAAGAAATGTGAAAGGGATCGCGAAGTATGGAACAGCAAGACCGTAATCTGTGTCGTACTTTTTGCTCAACAATGGAGCCGCTTGAAGTTGTAGAATGTTGTCATCTTCATTGCGCGCAATGCCTGCGCCCAAACGAATGCCCATTGCTGGTTGCTTATCAACATCTGGAAATGGAACGAACTTAACGCTCGCGAAAGCGTTAAAATCAATCGTGCCACCACCCAAAACCACGCGGGCACTTGTTGAATCGTTCAGTGGAGCATCAAGCAAGAGGTTGAAGTTTCCTCCGCTGTCTTTATCTGTCAGAAGTTGCGGTTCGAAACCAACTTGGTATGAACCCATCGGAACCAGTTCACCTGATTCAGCCATGCTCATAAATGCATGCGCTTGCGAACTTAGAAAAAGACCTAAAACAAAGTATTTAGCAAATTTCATGGAGTAAAACCTTTCACTTCAAAAATGTTAGCGAGTTGCGAATCATTTGACAAGACCTTGATCCAAAGAGACCCTAAAAGGGTGACGAAACTTCCTATTTCTTTAGTGATCATTGCCCTGAATGAAGAAGCGCATATTGAGCGCTGCATTCTTTCCGCTCCTTTTGTAGATGACGTTGTCGTGGTCGATAGTTTTTCGACGGATCGCACCGTTGAAATTGCCGAACGTGCCGGGGCGCGCGTCTTCCAAGAAAAGTGGAAAGGTTTCGGACCACAAAAGGCTTTCGCTGCAAGTCAGGCGAAGAACTCATGGATCATCTCTTTGGATGCGGATGAGGCATTAAGTCCCGAGTTGGGGGCAGAGATCATCCAGAAATTCGCGAATCTTGATCCCGAGGCGGGCTATCTTTTCCCACGTAAATCGTTTCACTTAGGGCGCTGGATTGGCCATGGTGGCTGGTATCCTGACTACCAACTGCGTTTGTTTAATAAAGACAAATCTCAATGGAATTCCGCAGCTTTGCACGAGAAGGTTGAAGTAAAGAGAAAGATCGCGATGCACTGTCCGATGTTGCATTGGGTGTTTGATTCTTTAAGCGACCAAGTCGTGACGAACGATCGTTATTCCACGTTGGGGGCAGAACAATTGCACAAAGCCGGCAAAAAGTTTTCCTACTTTAAGTTATTAACGAAACCGGTTTCAAAGTTTATCGAAACTTATATCGTCAAACGCGGATTCTTGGATGGCATGCCGGGGTTTATTATTTCGGTCGGTG
NZ_CP030034.1_gap49	1828551	1829094	543	GCACCTAATTTGGGATGTTCTGAAAACTGACGATATTGAATTTTGTTGATCGCTGCTTGCGAATGCTCAATACGTAAACCCATCGCAAACGATTTTCCATCCAAGTGCACGCCGATGTCGCGCAAGTGATTGATCATGTCTTCAGCGGAATGGCCCGTGGCTAGGATTACGTATGGCGATTTGAATTCTGTACCGTGCTCTGTCTTAAGGCCGACAACTTGTTTACCTTCAGTCAGAATTTCTGTGACCTGCGTGTTGAAATGAATTTCACAACCGTTGGCTTTTAGGAACTCACGCAGTTTTGGAATCACACGACGAATACGATCCGAACCCACATGTGGATTTGACAACCACTGAATTTCTTCAGGCGCGCCGAATTTTACAAGACGATTCATCACGTAAGGAATATGCGGAGATTTAATACGCGTGATTAATTTCCCGTCAGAGTAAAGACCAGCACCACCTTCACCAAAACAAACGTTGTTACGTGGATCAAGTTTCCCGTAACGCCAGAATTGGTTGATACCTTTCATGCGCTCGCCG
NZ_CP030034.1_gap50	1839878	1844144	4266	ACCTGGAACTGCATAATTGGATTTCGGCTGTTTTGGTTTTTCTTCGATGGATTTTACTTTTTTAGTATTTTTATCGAACTCAACCACGCCGTAAGCAGATGGATCTGCGACATAGTAAGCAAACACACGACCATTCATGCCGTTTGCTTTCTCTTTCTGTGCTTGGATGGCGTCACGGAAGAACGTCAAATCGCCATAAAACAAATTATCACCCAAGATCAAGCACACGTCATCGTTGCCGATAAATTGCTCGCCAAGAACGAATGCATCGGGAAGACCTGTTGGTTTTTCTTGTACAACGTAAGAAAGTTTCACGCCGAACTGTGAACCATCGCCAAGTAGTTTTTTAAACGAAGCTTGATCGTCAGGTGAAGTGATTAGAAGAATGTCTTTGATTCCACCAAGCATCAGAATGCTCAATGGATAATAAATCATCGGTTTGTCATAGACCGTTTGTAGTTGTTTGGTCATGACTCTTGTCATTGGGTAAAGGCGAGAGCCCGCACCGCCGGCTAGAATAATACCTTTCATGATCTATTTCTCCGCGAAAAATTGACGAACTTTATTAACAACAAAAGAAACGTCTTCTTTTGTTAGATCTGCCCACATTGGCATACGCAATAAACGATTGGCTTGATCGTCAGTGACTTTCATTGAACCCGAGACGCGACCAAAACGAATGCCTGCTGGTGCGGAATGCAATGGCACATAGTGAGTTGTCGATTGAATGCCAGCCTCTTTCAAATAAGACCACAAAGCAGCGCGCTCATCGGCTGAATTTAAAAGCATATAGTAAATATGCGCATTGCCTTCGCAATCACTTGGCACTTTCATGCGAGTCAACTTGCCGGCTTTTTCAAGCTCAGCAAAACCTTCATGATACTGTTCCCAGTGGGCCAGGCGGCGAGCCGTGATCAATGATCCTTCTTCTAGTTGTGACAACAAGAATGCGGCTGCCAATTCAGATTGTAGGTAGGAAGAGCCTTTGTCTTGCCATGTGTATTTATCCACTTGGCCGTTTAAGAACTGCTGACGATTCGTTCCCTTATCGCGAACAATTTCAGCGCGAGCGACAAAACGTGGATCATTAATGATTAATGCTCCACCTTCGCCGCAGACGATGTTTTTTGTTTCATGGAAGCTGTAAGCCGCCATGTGACCAAAAGAACCGACGGGCTTTCCTTGATAAGAAGCAAAGATGCCTTGGGCTGCATCCGCAATAACGATGAAGCCATGTTTATCAGACAACGCCATGATCTTATCCATCTGACAAGAAATACCGGCATAGTGAACGGGCATCACAACTTTAGTTTTTGCAGTGATCGCTTTTTCCATCGCTGCCACATCAATGTTCATTGTGCCTGGTTCGACATCAACGAACACCGGTGTTGCGCCATACAATGCAACCACGTTAGCTGTTGATGTAAATGTGAAAGAGGGAAGAATGACTTCATCGCCAGGACCGATGTCAGCAAGGACCATCGCCATTTCAAGAGCGGAAGTACAAGAAGGAGTGATGACCGCCATTTGGCAGTGCAGATGTTCTTTAAACCACTCGGCGCATTTTTTATTGAAAGTACCTTCACCGCTTAGCTTACGAAAGCCAATGGCTTGGCTGATGTATTTTTCTTCGTTACTGCTATGCGGAGGGACATTGAATGGAATTTTCATGCCCCTAGTCTAGTACAAGGATTTTAAGGAAACAACGGATTAAAAGCCATCCGTTGTGCCTACTTTGCCAGCTCTTTCGTCTTCATCAAAAGGAATCGTCGCGGCCGCAGAATGTGGCTTTTTCTCCACGCGCGGTGCCACTTTTTTAGACTGAAGTGGAAGGACTTTCGCCATAGGAGCTGTCGGGGACTTTTTCAAGCTCGGCTCGCTTTGTGGAGTCGATTCTTGCGGCAGGCCAATAACGATTTCATTCAATGAAACTGTCAGGTTTTGCAACTGTCTTGCCTGTGCTGAAATCTCTTCAGAAGAAGCTGCGATTTCTTCAGAGGAAGCGGCATTTGACTGCGTGCTTTCATCAAGTAAGTTCATCGCTTTGCTGATTTGATGAATGCCCGTTGTTTGTTCAGAGCTTGCGGCAGAAATCTCGTTATTCAAATCAGCTACTTTAGTCACCGAAGTCACGATGTTGTTCAAGAATTCACCCGAACGGTCAGCAACTTTGGAACCTTTTTCGACCTGAACGACGCTTTCTTTAATAAGTGTTGAAATGTCTTTTGCGGCAACGGCGGAGCGTTGCGACAAAGCACGAACGGCTTCAGCAACCACGGCAAAACCTTTACCTTGTTCACCAGCACGAGCGGCCTCGACAGAGGCATTCAAAGCCAAAAGATTCGTTTGGAAAGCGATATCGTCGATCACGTTGATGATCTCTTCAATTTTCTTAGATGATTGAGAGATATCTTTCATCGATTCGATCAAGTGATGAATCTCGCGTTGACCTTCTTCTGCCGCTGTTTTCGAAGATTGAGAAAGGGCGGCAGCCTGTTTCGCATTATCAGAATTCATTTTCACCATTGAAGACATTTCTTCAAGTGATGCAACAGTTTCTTCAAGTGAGCCCGCAGACTCCGTTGAAGCTTGCGACAGAGTTTGACCCGCTGCTGACAATTGACCAATCGCCACAGAAACTTGTTGGCCGGCCTCTGTTAATTGATTTGAGATAGAACCAACAGAGTTTGAAACGCGGTAAGCGATCCACATCAAAATACCAAACAAAGCAAAACAGCAGAATGCCGAGATAAAGATCAACAATTGCGAGATGTGCGCACGTGCTTCTTTTTGCTTCTCATTGTTGGTTTTATTCATTTCAGAGAAAAACTTGATGTTTGCTTCCATCATTTTTTGTACGTCAGTGGCGAGGACGTGCCAGCGGCCGCCATTCATAAGAACTTTCACACTCGCATCTGCTTCAGGCGTGCCCTTTTTTAGGTCCGCGATGATGCCTTCAGTGAGTTTGTAGAACTCTTCTTTATTATTACGTACTAATTGATATGTTTTTTCTTCCTCAGGAAGAAGACCTGATTTTTCATAAGCGTTTTGACCTTTTTTAAAGTCTTCAAACGCAGCAACTGTTTTATCAATAAATGAAGCGCGACCCTTGGCTTCGTCTTTTAATGATAGTGCCGCCCAAATAAAGTAACCAACGCGCGCACGTTGCATACCCATTTGTCCAAGAGCTTCTACATTCGGCATCACATCTTCATACGCAGCTGAAAGCTGTGTTCCCAAAGTGTTCAAACCATTCATTGCAATCCATGTCAGTGCAACGAATGCGAAGACTGGCAGAAAAGCAGAGAGAAGAAGTTTTCCGCGAAGTCCATGGAACCAAGCTTTAAGTGAATTCATGTGATGTCCTTTCCTGAGAACAAATCTTAAGGTCTTATCGACATCCGAGATTTGTTCTTTACAGCGCGTTAATCAAAAACCTGCAAAAACGAGCGTTCAAGGCTGCGCCGTGACATGGACTCACATTTCTGTTTGTAAATGTTCTGTGAGTGTGGTCCGATTTTGCGAAACGTCTAGACTCAAGGAGGGGGTAGTCATGACTAAATCAACGATGATTCGTGCATTCACTGGGGTTGCAGTTGTTGCGACGCTGGGTTTCACATTTAAGTCGGCGCAAGTACGCGAACTTTGTGAAGGTTTCGTACCACAAAACAATATGTACATTCCGGAAGGCTTGTACGCAACTGGCGGTATTTCTCAAGCTCAGTTCAACGATGTGATGGATCGCGTAGAAAAGATCTTCACGGCTGAAATCGAAGCAGCGGGTGATAAATTGAAAATCAATCGTCTTTGGTCTGATGGCACAGTGAACGCTTCAGCTCAACGCTCTGGCAACACTCGCGTTTTGAATATGTACGGCGGTTTGGCTCGTCATAAAGCAATCGGTATCGAAGGTATGGCTTTGGTTGTGTGTCACGAATTGGGACATCACAACGGTGGCGCACCTAAATCAAGCGGCTGGTACAGCACTTGGGCAACAAATGAAGGTGGCGCTGACTATTATGCAACTGCAAAATGTCTTCGCCGTTTCTTTGCTGAAGATGACAACGCGACTATCGTTGCGGGTTTGACTATCGATCCAATCGCTAAAACAGGTTGCGAAACTCAATTCTCGAACGTGCAAGATCAATTGATCTGTGAACGTATCTCTGAAGCGGGTCAACAAGTTGCAAACTTGTTCATGGACTTGAGCGGTGATTCTAAACCACCAACATTCGGTACTCCTGATAAATCAGTTGTACGTCGTAC
NZ_CP030034.1_gap51	1984938	1988512	3574	ATTATAAAACGGATAAAATCCAACGTGAAATGACTGCAAAAGGCGAGAAATTCGCATTCATGTCGACGGTCTTGACGAAAAACCAAGGTAGTTACACACGTCGTTTGCGCTCTCTTTCAACGAATCGTTTGAAAAACGGTGACGATGGTCAAGCGGGCTTTGGTGAAAAGGTTGTGAACGTAAAAATCACGGACCAATTTACAGCTCATGCGCGTGATCCGAAAGCCTCTTCATTCTTGTCATTCACTTTCGACCCAAGCGTTGCAAATCGCTTCTTGGGTGGCGAGGTCATGAAGAAAGTGAAAGGCGTTGACACGAAAGTTCCAGGTGGCGGCATGCTGGTGGTAAAAATGGATTCACGTCGTTTGATTCCAAATGTTAGCTCAATGTATGCGAACGAGATCGAATTGTTAGCTCCGCTTGTTGTATTCCCGGATGAAGTCGTCGCTTACCATGAAGGTTCATTCAGAGAAATGGTTGACGGCAAAGACGGTTCAACTCGCTTTAAAGAGTTCATCGCAGATATCAGCACAAAAACGGGTGTTGATTTCACGAAGTGGAATTCTTGGAATCCAGATGGCAGCAGCCAGATCATCATTGGCCAACAAAAAGAAGCCTTTAAAAAGGACGGCCTTCTGTTCATGAAGGACCTCTCTGAACAAGCGGTGAATGCTCCGTTCTGTTCGAAAATCTTCTAATTTATCTATGGCGCCGGTGTGACACGCCGGCGCTTCTACTCGACAACAGCCTGCTCAGGGGTTATTTTGCCTAAATGTTGGGAAATTTCCGTCTGTGAGTTCTGGTAGATCTCTTGTCATTTTCTTTAGTATGGTGGTTCTCTTTTTAGGAGCTATTGTCGGCTTCAATTTTTCCGTTGATCCACTTTGCAGCTATTGTGAAAACATCTCTTTAAGTCATAAAACTTTGAATCGTCGTTATCAACTTGCACAAATTGTATTGAATCACCCAGATGCTCAACAGATTATTGTGGGATCATCAAGAGGTGAGACGACCTCTCCGCAGTGGATGACCGAGAGAACCGGTTTAAAGACTCTGAATCTTTCATTTCCTGCTGCAGGTGTCGTAACTAAAGAAACAATGATCCGCTTCGCATTAGCCCATGCGCAAATTAAGAAAGTGATCTGGTATGCAGACTACTTTGAGCTTATCGACATTGTGGCCGACAATGAAACATTTCAAACCAAGGCACTTGTTCCTTTTAGCGAAGATGTTTTTGGGAAGAATAGCTCAGCAACGGTCGACTTCTTTAGTCGCGCAACCAAGCTTCTAGATCGCAACACTTTTGAAGCTTCTTTTAGAAAGTTTAAATCTTCAAATATCAAAAGTGATGATCTTGGGGCAGGATCAGATCTCGATATTGCCAAATGCTCTTCAGAGAATTTTAAATTTCCAGAAAGTCGTGCTGGTTTAAAAACGGATATTGAAGTTTTCTTCGATAACTATGTTCATGGAATCATTGATCGACCACAAACGCAAAGTGCCTATCGCTCTTTTGAGGCTTTTATGAAGGAATTGCGTTCGAAGGGCATTGATGTTGAAGTTGTTATCCTGCCATATCATTCGATCTTTCGAAGCCGCCTAGAATCTGAGTATCCGACGATCTATAAAAATCATATGATGTGGATTGAGCGAATAAACAAGCTTCAAGAGGAAGTTGGGATAGAGGTTCTGAACCGATTTGATGGTCCTAAAGGGGACGATCAGAGTTTGAAGTATTGGAAGGATGGGGTTCATTTAACCTGCAAAGGTGCGATGGATTTGTATCGCTAATATGTGTCAAAGTCAGTGCAACTAAGTCGTAATTTGTAGACTCCTACGGGCACCTAAGATAGTGATTTAACCATGCTTTTTAATTCTTATATTTTCATCTTCGGTTTTTTGCCTATCACTCTATTAGGCTATTATCTCATCCGCCATAAGTTTTATCAGCAGTGTTTTCTTTTGCTGTCTAGCGTGGTCTTTTATTGCTATTGGAGCACGACATACGTATTCCTGTTGTTCTTCACGGTTATTTTGGATTTCTATATAGCACGGGCGATTGCCCACGCTAAGACACAACAACTGCGCAAAACTTATCTTCTTATCTCAGTCGTTGCGAACTTAACGATTTTAGGGTTTTTCAAGTACTACAATTTCTTTGCTGATTCTCTGGATGGTCTAGCTATATTGATCGGGGCAGGGCAGAGACCTCTTCCAGCTTTGAATCTAATTCTGCCAATCGGTATTTCTTTTTATACGTTCCAGTCGATGTGTTATGTGATCGACGTGTATCGTAGAACTTCGGATGCTCACGCGAATCTTTTGTCATTCGCTGGCTACGTAACATTGTTTCCGCACCAAATTTCTGGTCCGTTAGTTCGTCACAATAAAATCATCCCACAACTTGAAAGCGAATCGACGTACAAATTTCACGCGGATAACTTCTGGCGCGGATGTTATTTCTTTATTTTTGGTCTTTCTAAAAAAATGTTGATCGCAGATCTTATCGCTGCGGCAGTTGACCCTTTAGTTCACAATATGCAGAGTGCTTCAAATCTAGAAGCTATTCTTGCGATGTTTGGATATACGTTCCAACTTTATTTCGACTTTAGTGGTTACTCAGATATGGCTGTGGGTTTGGGTTTAATGATGAACATTCAATTCCCACAGAACTTTAACTCTCCGTACAAGTCATTATCGATCACTGAATTCTGGCAACGTTGGCACATCAGTCTTTCTTCATGGTTAAGGGATTATCTTTACATTTCTCTTGGTGGAAATCGCGAAGGCAAAATTAGAACTTACAGAAACCTCTTATTAACGATGGCAATCGGCGGTCTATGGCATGGCGCTAATTGGACATACGTTTTTTGGGGCGTATTCCATGGTTTTTTCCTAGCTATTGAAAGATTTTTTAAAGATCGCAATTGGAATATCATTCGTAGCAAGTATATCAGCGGATTCTTAACGTTTATGCTGGTAAATATAGGCTGGGTATTCTTCAGATCGCCAGATTTTAAAGTGGCGACTTTGTGGCTTAAGAAAACCTTCTTATTTACATCAGAGCATTCTTGGACGATCTATCACATCGCTTTGAAACATAAGGATCGTTTCTTAATAGCTTTAGGTCTTGGTATTATCATGGCCTTTTTCTGTAGAAATACTTGGGAAATCAAATTCAAACCTTCATTTAAGAATGCCTTTATCTTAGCTCTATTATTCGTGATTTGTCTCACTTACATGGGTGAAGAGTCGCCATTCTTATATTTCCAATTCTAGGAGTGAGCATGCCTTACAAAAGAAATATTCTTTTAGGAGCCGCCCTTGCGATTGTTTTTCTTTGTGGTATCGCTGTCTTTAATTATTCAGTCGATCCTTTATGTTATTACTGCAAAGAGATCAGTACGAATCGCTCTACCTTAAATCGCTATTATCAAGTGGCACAGATGATCGAGATGAATCCGGATACTGAGCAAGTTATCTTAGGATCGTCTCGTGGCGAAACAACATCGCCACTATGGGTGCAGAAACAATCGAATTTAAAGACGTTAAATTTATCTGCGGCGGGTTCGGA
NZ_CP030034.1_gap52	1990677	1991688	1011	GATCAATTGGAGTTCTTCAAAGAATCTAATGTCGTTATCAGCCAAAGCTCGAATCATGTTGATGGTTTTGCGATGTATGAAATTAATAATTCCGAAGTCACTGTTATTAGTTTCAATCTTAAGAAGTTTAACGATCTGCGAATTCTATCAACTCTTTTAGATGCGATCTTTCAACATCTTAAAGATACCCCGATTGAGACAATTAAAAGTCACGCCCATCACACCAATACTAAATCTTTAAATTTTCATCGTCGCATGGGATTTAAAGAAGTGGAAAATACTCAGCATCATATCGTATTTGAAATCAGCAAAAATGATCTACTCAGTACGATTGCAAAACGGGTCAAAAAGCCCAACTAAAAAAAAGAGGGAGCGTGCACTCCCCTTTTCATTTTTAATTCCTGGACCTTCAAAGTTATTTGCAGACAACTGTCTTTATTCGCAAATCATTTTGCGACCGTTGATATTGACCAGTAATTTGAAATTTTCGTAAGTGATCGACCCGACGTAATATGGGTTTCCGTGTTGGACCATCGAATCTGCATTATAAAGTTCACCACGTTCATTGATGGTCAAAATCCAACCATCTGTTGATGTCCTTAAATTTGAATAGGTAATCTCGCCATTTGCACCACTAAATTTACCAGCATCTTCGCCTGTTTTAAGATCAACACACATATATTCTTTAGCCGCATGGGCTTGAACTGCCAATAAAGAAACTAGTAAACCCATAAAAAATATTTTCATAAAAATCTCCATTCTTCTTCTTATAAATAAAAAAAAGATTCTGCCTTAAGCCTGACGATAAATCGTTTGCGTGAAGCTTTAAAGCAAATGGCATTCCAATTTTTTGATAGGTATTGAAGATTTTAAGACAGTTTGAATGCTGGAGCTCTATTAAAAAGAGCTGATTGATATAAAGCCAAACGGAAGTTCACAGCTAGTGAACACTCAAAAAAAGGGCCCAAAATCATTTTAGGCCCGCAGTTACTACTTTAAAATTGTCTCTAA
NZ_CP030034.1_gap53	1993917	1995515	1598	AAGCCGTTGCTAAACAGCCCATCGCCACTAAACCAGAAATCGCCCAGCTGACTTTATGCTCTAAAAGCCATGTGAACGAAAGGGGCGCTAACACGGAAAACAAAACCAAACCACCGGTAAGGAATCGTTCACGTTGTTGGTATTTTTTGAATTCTTCAGCAAAAGAGGACATGCTTAGAGTCCCTCACTCAATAAGGAGACTCTTATACAATCATGAAAGGTTAGGGACTATCGAGTCCAGATTTGGATATTTTTTTGTGCCGCTGCGCTCCCCTGCTGACATCTGGCTTTGTTTGTTTTCTGCTAATGATCACGAGGTACTTATGAAAAGAATTTGTTCCATTTTATTACTTGCTCTTCCAATGACTTCATTTGCTCAGCAAGCCCCATCGCAGAACTGTCCTGACGTTGTCGATAGACGTGGTAGCATTCAACTTCAGCAGATGGCATCTGGTGACAACAAAAAATGCTATATCTCTATCCATAACTTTAAACAAAATGAATTGGTTTATCGCGACTATATGTTCACTAACGATGGTGGATTCATGGTCTTCAATTCATTTGGTAACGGTCCAGAAGACGAATTTACAGGAGCTCGTGAGTTCATGATGTTCCCACGTCCAGTAGCTCAATCCTACAAATGGAACGATGATGCTCGTCGCTTGGAAGTCACTGACGTTACGGGCACGACTTATTCTTTTGACTACGAAGACGCCGAATTGAAATCATCTGACAAAGCAACTGTTAAAGTAGCTTCTGAAGTTGCTGATTCAAACAAAGGTGGAGTCGAGATTTCTAAGTTTCAAGGTTTGTTGATGGATAGTGGCTTCACAAAAGGTCACGCACCAACATCTTCTAAAAACGGAATTTCTGTATTCACAGATAAAACTGGTAAAACTTGTAAAGTTAAAAACAGCAGCGTGTTCAACTATACGTCTGATGGCGATAACAACTTCAAGTTTGATGACAAAGCTTTGGTGACGTTCCTTAAAGCGAACTGTCCAAAACTAACTCTTTAATCTTTAAAGTTTAAACTGAGAAAAAGAAAAAGCCGGTTGATAAGACCGGCTTTTTTATTTTTAAGACTACTCTTTAAGTTTTGGAGTGATCTTTAACTCGACCACTTGTCCGTTTCTTAGAACTTTAATCAAAGTCTCTTTATTTGGTTTCACACTTTGCAGCGTATAGACGTAATCATAAAGATTTTCGATCTTCGTGCCATCAAACTCGGTGATAACATCGTTTTCTTTAAGGCCGGCTTGTTCGGACGGACTGTCTTTTGAAACACCCGAAATCTTAACACCCTTAACGCCTTCTTGCGAATAGTCTGGGATCGTTCCCAAATAAACGCGGAATGTTCGACCTTCTAACTTATTCTGACCACTGCCGACTTTTTGATATTTTACGTAACCAACAGGGGCTGCCTGCAAAGTATCAACAAAGCCTTGAAGTACAGACAAAGTTTTCACGATGCCTTCATAGTTAATCAATTCCGGCACATCACGAGGTGTATGATAATCCACATGTGAACCCGTGAACAAATTCACTGTAGGAACATTTGCCAAATACAAAGCCATTGAATCCGTTGGCAAGTAGGG
NZ_CP030034.1_gap54	2112733	2115234	2501	TATGGATAAGTTGTTCGCCAACTGCAATACTTCAATTGGATTTCCATCTAGTGAGCCCTCAACGTATGTTTCAACTGAGCTATTTGTTGGGAGAATTTTTGTATATGCTATTAATACAGCACTCTGACCAACAGCGTATTTCGTTGCACTTAGCTTAAAATCTAAGAATTGAGGGGCAGCAAAAGCGCTATCAAAAGAAAAAAGCGCGAGCCATCCCATTATTGTTAAAATTAACAATTTCATTTTACTCTCATTTCAAAAAAAAGGAAAACCTACTTATTGAACGATAAAGTTAAAGCTTTCAGTTGTGACCAATGTCTTCAATGCCGACAAAGAACTCAATGCACTAGTTTGGTCGGAAACTTTTGCAGCTCTAGCCGCTTGAAGAACCGCGAGATTACCTGCATCTTCTTCCATTGAGATTTGACCATCAAGAATAGCGATGTCTTGTTCAATTTGCGAAAGATTTGCGCGAATGACCTCCGCTTGAGCTTTATCTTCGAGGTAATAGGAAACACTCAAAAAGTGATTTCCAACCGTCGCACTCTCAAGTGCAGCGATCCACAGCCCTGTCGTTGGGTTTAACAATCCAATACTCAGACCATCTAATTTTGCTTCAAGAATTGTATTCATTTCTTCAGAAGAAGAAAAATCAGTATCGATATTTAAAAACAGCGTAATCTGATCATTCGAGTGAGGAGCTTCTGGCTGCATTTGAACATTTAAGATACTTGTTAGGAATTTTGAGTCAAAACTTCTAAGCTTAACTGCTGCGAATGCATTTGATTGAAGACCTAACGAGAATAATAATGAAAACAATAATTTCATAATGTTTATTTCCTAAAAATTGAAGTGATTAAAGCGTTTAAAGTTAAGAGGTTCCACGATCGGAACTGGTAAAGGTTGGTCCGTTGTATTTCCGTTGCCAAGCATGTAACCCGAACCAGACCCCCAACATTTAATTTTTGCGTCGATAATACCGCAAGTTGAGTTACCGTTAGTACTAACACCAGTTGCACTACCGTAGATAATATTAATATCTTTTGGAACTGGCGCAGAGTTTTGAGTTGTACCGTCACCAATATTTCCATAATAGTTTCGCCCCCAACATTTAATTTTACTATCAGTGATTGCGCATGCTGATGCATCTCCCACCGTTATGGACGAAGTCCAAGTCGTAATATTACTTACAGATACAGGAACTGAAGATTGGAATGAGGCTCCGTTATTTCCAAATCCATCTTGTATTCCGTCGCCCCAACATTTCACACCAGTGGTATGAGACAGACAGACGAGCTTATTTAGCATTCCCACCGCAACTCCAGTGATGCCCAGCGAGTTAGAACCAGTAACTAACGTTGGAGAGCGCCTAAGAGTTGTTGTCCCATCACCGATCTGCCCATACGAATTGTCACCCATGCACAGCACGCGCACTGGATTGATGTCAAAAAGACATGTATTCGCCGTACCAGCTGAGATCATGACGACTCTGTTTGGCCCAAGCACCAATTGTGGCGTATTGAAGCTTGCCGTGGTTGAATTAATTCCTAGCTGGCCACTGCTATTGTCGCCCCAACAATATGCTTGAAGAGAACTAACTGCACATGAATGTCGATAACCCGCAGTTACTGATGTGACTGTGCCCACAGGCAAAGAAGTGATTTGTGTTGGTGTTAGGTAATTTTGTATAGTCGTTCCAACTCCGACCTGTCCGTAATTATTTCTACCCCAACAAAAGAGCGTGCTATTTTTATTAGCGCAACGATGAGAGTCCGTGCCTGCAACGTCTATTACACCCGATGACATTGTAGGAACGAGAGTGGGAACCGCACGACTAATCGTATCTCCCATACCCAACTCACCATTAACATTTGAACCCCAACAATAGAGCGCGCCGTTTTTAATTGCGCAGACGGAACTGCCTCCTGCAACAACCTTATCCCATGCAAAATCATTGTCGTGAATTAACACCGCCTGCACTGTATTCGATATTCCTGAATAGTCAGTTCCGCTCGCTGTTAAGACAATATCCGCATAGTGATCACCTTCGATAACATTGTCGTCATAAGCACCTACCCAAACTTCTTGATAAACATTCCAATTATGAGATGTAAAAGTTAGTGATGAAATCGACTTGATCTGAATTCCTGTATCGAAGTTAACTGTAACATCAGTATCAGGGTCAGAAGTTAAGCGAACTTTGAGAATCTTATCCCCCCCTCCCTCGGTTAACTCCAAACCACCACTTGGTTTCAGATATTGAATACCTTTCGGCAAGGAGCCGTCTTTGATTTTGAAGTCGAATGCTGTTGAGTCAAAAGGCTGATACTTCAAGCCTAAATTGGATAATGCAGAAACTAGCATATCGATTTCTGAAATCTGTAACTCATAGAAAGCGATACGTTTTGGGTCGTTACTTCGATTCTTTTCCTGTATATATTCAGCCTTTTTTACGACTGCCAAGCTGATTGCTTCTTTAAATTTTGTGTACTGATTTTTTA
NZ_CP030034.1_gap55	2116983	2118114	1131	CTACTTTCAAAACACCCGAGTCCATTGTCGGCACTAACGTTGGTACCGTACGAGTAACGGTGTCACCCATTCCAAGTTGTCCGTATTCGTTGCCACCCCAGCAATACAAAGCACCTTTTCGAATGGCACAGCCTGAATCTGCAGCGATCGAGACACTACTCCAAACATCGTCATCCAAAATAGTGATTAAAATGCTTGAAGTGATGCCGTTATAGTCTCCACCAGTACTTGAGATCTGAAGCGAAGATGAATGATCACTTTCAGAAATATTGTCATCGAATGCCTGAATAGAAACGGATTGCGGTATGTTCCAGTTATGAGAATTAAAAACAACGGGCGCAACCGCAGTAATTTGTGAATCATTCGTAAATGTAACGAAGACATCGCTATCAGGGTCAGAGGTTAACCTAATTTGAAATGTTTTTGATAGCCCACCTTCAGAAAGAACAAAACCGTCAACAGGAGGCGTAATTTGAAAGCCTTTTGGCAAAGATGCATCTTTAACTTTGAAATCATAAGAAGCGGCCATAAACGGCTGGTAACTTAAACCCAGATCGGAAAGCGCTGCTATCAGAAGATCAATTTCAGAAATCAGTGATTGATAATATGCGATCTCTTTTGGATCATTAGACAGATTCTTATCTTTAATGAATTCATTTTTTCTAATCACTGCTAAACCAACAGCTTCTTTAAATTTCGTGTATTGGCTTTTTAAGCGATACTTAAATTTAGGAACAAACTGACGCCATCCTGCACTGGAAGACGCAAAAACTGCTGAATTGAATGTGACTTGTGTTGCTGAGTTAACAGTTTTTGTTAATTCAATGGCTGGTTTGGAACCTACCGCGGGAATCTCGGCATCATATGTCCAATCAGCAGCTTCTCCATCGAAAGTCGTTCCACTTAATGTCACAGAGAATTGCGCAGCAGCGCCAACCAAATAGATTCCAGAAATATTGTCGGGCACAATTGACAGCGTTGGAACTGCACGATTTGCCAAACCAAATGTTGGGGGATTCACACTAAAATTAATAGACTGAGTGCTAACTAAACTTCGAATTTTGTCTAACTGAGCTCGTGCTCTCTGAATAATCGAATTGTCTCGCGCTAGTTGAGCATTTAAAGCTGCCA
NZ_CP030034.1_gap56	2119660	2124470	4810	GATCAAGCACAAAGGGATGATAATACGTAAAGCATCCTCCCCACACACCAAAGACCCACTGGTAATTTTTGTCACACAATTTGTTAACAGATATTCGGCTGCACATATAAGAGGTAGTCCCACAATCAGAAAGACAAATGCAATCCATTGCGACTTCACGAATTACCCTTTCTAAACATCAATAGCCCACCATAAATACATTCTTGTATATCAGAACGAGATGGTCAAATTTTGATCGAGAACTATATCATTCTGGACCTATTGAGCTTTCCAATACTGGTAAGCCTCGGCTGGAGTTTTCTTTTCATGGCTTTGCTTTAGCCCTTTAAAGGTCTTAACAAATATTTTTTCACTTACACCAGGACATCTCACCTCTAAAAAGCTTATGAATTCCAACCACTCTTCTTCAGCATTTCCTAACCAGCATGGTGTTACTAGAAATCGACCCTTGGGTTGGATATAAATGAACGCCAGGTAAGGAGCTTCCATAACAATTTGAGTGATATCGGAATATGAATATCCTGCTGTCCCAGTCAGACTTCTGATTTCAATTCTATCTTTTAAGAAAGTCCAATGAGCTTTCTGAAGCGATAACCCAAAAATAATATAAAGAACGAAGAACATCAAAACAACAGAGACCATTGAAAGCACTAACGCGAAACCCACATCATAAAGAGAAATATTGAATTGTTTGGAAATGGCCCTTGATAAAAGACACAAACAAGAAAAACTAACAATATATAGCAATACAACTTTCCAAGTAAGTAATTTGTTCCTGCGCAAGTTAATCAGGAAATAGTCTGAGACTGTAGGCGCAATTGTTCGATAAGAAAATACGTATTTATCCTTCAATGATTAACCTCTCAACAATCGAATCACTCAATGGAGTAGTCGCTCTCCAAATTAAAAGCGCGCAAACAACAACAAGAACTCTTCCGAGCACCACGTATTTACGAATGTTGCTTTTCTCAGCCGCGGCATTGATCTTTTGATCAAACCCCATGATGGCGATCCACGGCGCCCCAACTCTTGGTCCACTGAATGACATGTCGTCAGTTTGGTCTTTAAGAATTTGATTGAGTGGCAAAGCGATAAAGATCTGCAAATACACGACGAGCGATAGTCCCGCCAAAACAGCTATAAATAAGAGGCCACCTTCAGTTAACTCCACAGCCTAGTCACTCATATAGTGTTGATCGAACTTTTGCGTTTTAGGATTCCAATATAAAGATGAATTTGCACTTTCATATTTAAAGAGATTAATTGCGTCGTATTTAAATGTAACAGTTGGAGTATCACCGTCAGTACATTCAAAATACCCTTTACCACAAGCTGTTTGATATGTACCAGGTTTATAAAGTTCGATTCCCATTTCAGCTGCTGGGAGTTCGTCATGAATCGCTAATGTAGGAGTAGAATTTCTATTGCAATTCCAAAACACGTAAACTGCAATTTCAGTCATCTCACGATTTGCAGTTATTTCTGCTAAATCAGTTATACCATCACCATTAAAGTCTCCAGAAACGTTTATGTATGGCCCGTTCTTATCGTCGTAACGCCATTTATTATCTGCATTGAACAATCCAAAGTTTGCGACCTTTTTCCACGATTTTGGTTGATAATACATAGGTATTTCTCGAAGCTCATAACTCATCACAGTTGAAACAGCTGCGATAAAAATACTTATTATGAGAACACCACCAGTTATGAGTATGGGCTTCGGCTTAAAGAAATATTTAAACGTAAAAAGGAAAATCAAGATTGCGGTGGGTATCAAAAACCAAATCCAGTAATGAGGTGGAATCATCCCCACAGTCCTTAAGAATAAAATGCAGAGTGTTTGAGTCCAAAGACCCGCCATGATTAGACAGTAAATAATTGTCGCCCAAATCTCATAGGCTCTGAATATAGACTTCATTTCGAATTAGCCTTCTTAAATGGGGGTTCAGCTCTTTTGCGATTTACGATGTATGAAATGAATTGGAATATCACCAAACAGATTGAAGCAATGAGTGACAGCTTAAAATATACCCAATCTCCCCAATTGCTCTGAACGATATGATGAACCTGACCTGCTTCATCTATTGTATAAAAAACCTGCACACCTTCACTATAATCAGCCCAACTCTCAATAGTTGTGCCTTGAATCTTGTGGCCGCCCGCTTCGAATTCATAGTGAACGATTTTAAAGCTTCGGCTACCGCCACGGTTTTCTAAGCTTGTAATGATCGCTACAGTTGAATTCGCATCTTTCTTGAAATTGATAAGTCTCTGGCTCGCGAGATAGCCCGCACTCATAACTACGAGAGCTAAAATAATGAGAAGGTGTTTCTTAAGATCCATTACTTCAAAGGATATATACACATAGATGTTTATACAAACATCTGATACCTACCCCGACCCATTTTAATAGTTTCCGTTCCGGGATTTGAGGTCTCCAATCCTGGAATTTTCAGTAAAAATGTCCTTCTTTTCGATTTTAAGAGGGTTTTACGATGGGCACCGTATTGCTTTGATGGGTCAGTGTTCGACTTTAACAAACAACCTTACGGAGACTTTTTATGAAATCTTTGATCGTATCCCTAGCACTTATCTTGAGCGTTTCTTCTTCATTTGCGGCTGACCAAAACGGCATGCCTGAAGTTAATGTTATTAAAACTGTTGCCTTAACTGGACAGACTTACGAGAACCCAACTGCCACTGGAGCAAAGCTCTTTCTCTCTAAGCACTCACTCGAAACAAACCGTGCAGATCTTGAGCTTGCGTTTTGGAGCGAAAAAGGTCCTATCGTTGTGCCCGATAGCTCTCCTGACAGTGGCTTTGCCTCCATGATGTCAGATTTAGGCATTCTTCCTCTAGAAGAAATCAACGGAAGAAAACTTGTTCTAGATGGAGATAAACAAAGACAGTTCCAACAATACGTGATTTTACAAGTTGGACACTCTTACGCAATCAATTTGAGTACGCATTCAGCTCGCGGCTTTTACATGTTTAAAGTAGAAGACGCTGATCCAAAAACGAAAACATTGATCTTGAGCTACGCTGTATCAGTGTATGAGACGATCAATCCGATCAATGAAGTATATCAATCAGAAAATCCAAAACGCGAAGAAAAACCTGAAGCGAAAGTAGCATCGCAAGAAGTGGAATTGAAATCGGCATCCAAGTTATTTGGTAAAAAAGTAAATTACTCTGGATTGCTGAAGCAACCCGTTCCAACAAAATCGTCACGTAAAAACAAACTTAACTAATAAAGGAATAATGTCATGAAAAAATTAATTATTGCTCTAGCACTTTTTGCTCTACCAGTATTTTCCAACGCAAGCGACTCAGTAACTTTAACTGCTGATGAACAAGAAGAGATCAACTTCAATGATCCCACTTACAGCTTCGTCTATGAAACTAAGGGAAATTTGTCACAAAAGAAAAACAACTGGGATATCATTTTTTTAACTTCCAAATATACTCCAGACCACTTCAAAGTGACTGTTACCCCTGACGATTTCAGTTTCATTTGGGACTTAGGTGAAAGATCGTGCGAATCAATTAAATCAGATTCTAAGTATGATCGCTCAAGAGATCCATTGTTGTGGTTAGCGTATACAGATATCGACCCAATGGGAACCGCTGAACGAAGCTCTACACAACCGGTAAAATTAGGACATTGCTACTTGATCTACAACAATGATTCACAAGGCCGTGTGATTGCAATGTTTAGAGTACTTCAGCACGAAAGAAGTAAGTCAGTAACTATTGGCGAAATTTTCGTGTTCGACAGTTTGGTCATCACCGATCGTCAGAATTTAAATTAGTTTTTCGTGAGTTCGAGACTTTAACTGTTGGAGGTCATATAAAAAATTAAAGAAGAGTCTGTAGTTTTTTATCCTTTGAAGCAAAAAGAGGCGAGCTAACCCTCGCCTCTTTTTATTTACTCGCGGCCCTGCCGAACAGTGTGGCGAGACCGCATGGCCTCAGAACTGGAGTAGAGAAATTGATTGAATCCGCGAGCAACAAAGTTGAGCGCCATGAAATTCAATCAATTTTAAAAAGAATCTATCTACCACGCCTCAGCGTACCTTCTTCGCTCTCAAGTCCCAGACGTTTCTGCGATATACAGGCCCCGGAATTTCCACTAAAACTTTGTCGAAAAAAGAGTCAGTGTCTTGGAAACTTAAAATTTTAATTAAACTAAATTTCGGATATGGAAACCATCCGGAATATAGAAAAACCAAATCTTTATTTTCACCTGACCAGAAACCACCAAAAAAACTAGAGACAACTACCCATTTCACTTTACCGACTGCAAACGGCTTCCTCTTGCCAATCTTAATAATTCCATCATTTATGAATATGAATTTTTTAGAGTTATGATAATGTCTAACACTCACGAAAACGACGGTAAGAACAAGGTATACTGAATACCAAAGCAAAAACTTAAACAGAGGAGTCGATAAGAATTTATGGTCAACCAGATACTCCAAGACCGTCGACAATAACAAAAATGAATAAATAAAAAGTGTGATCTTACAACCACGCACAAAAAATTCTTTTCTCAATTGCCGACTAGGATAGTCGCTGACTTTAAAAATCATAAAACAGAACCTTCACTCTTTATCTCAATCTTCCTGCCCAAATTATTAAGTCGATAAGCTTTACCGCCGACCGCACTAGCAACTTTCAGCGCGAACTGTTCTGATTCCGATGCAAGACTGAAACGAACAATCTCAATTGAATAGAAATATAAAGACGATTTTTCTTCAACGCAGATTTTTAAATATTTATTTCCGTTGAGGTGGAGATTGATCCACGC
NZ_CP030034.1_gap57	2140656	2144243	3587	CATTTTGAAATGTATAGCTCGTTGTACGATCGTCGTAATACCAAGTCATCCCAGCTGGACGGTGCAAATTATCTGATCTTGCCTGAACGACTCTTAGGTTGATATTGGTGTTTGGAACTTGAAAGCGCGAGGACACTGTGGGCATATTACTGCCAAAATTCGGATCATCTTTAAAGTTAGCTTCATAGACTGAACCGTAAGCGGTAATGTAACCCTGCCCATTAAATGCAGACGCAGTCTTAGAAACCGCACCAGATGGTTCTGTCATCGTCGACATAGTGATACCACCATTCAACTGTTGAGTGAGAAAAGTGGACTTCTGACCCAAAGCATTTTTTGCTTCTACGACGTTTCCTTCGTTTGAAGAAGTCTTTGTTAAGGAGATGAAGCTTCCACCATCACCTTCATCGCGGATTAAGTTACCATCTTTATCATATGACATTCTTGAGACTTGCCCACCTGGCTTTTGAAATGACGTGAGCAAACCTCTGTCGTCGTAAGTCATACGGTACGTTTCACCAAGTGGATTTGTGACTGAAGCAAGATTGCCTTTAGCATCTAATTCAAACTTAGTTACGTAAGGACCATAACCAGAAATAATGCCACCACTTTGTGTGTATTTAAACGCGGCAGCGCCCGCGGTTATCAAGCCTGCCGAACTAATGCGTCCATCGTCGAAATAGCTAAAACTGCTGATGTCCATGAATGAAGAATAATGACTGGATTTACGAAGATTTCCGGTAGCAGCATCAAATTGATCCTTAGTTAAACCATCTTGAGAGAAGACAATTCTCGTATCATCAAAATCGTTGTAGCGATTAAAGAAGCGAACTCCGTTGGCACCTTGGTAAATTCGTCCGTGAGCAAAATCAGCAAATTTGTAAATGGATGGTAACCACCCCCCCAGTCCTAACTTCTTAGGATTGAAGCTTTGTCCTGGACGAATACGATCACTTGAATATGTAAGTGTAAATGGAACTCCCGCTAGAGGGATCTCCTCCGAGACTGACATGTTAATCGCATTAACAACGGAGTGGCCGGGAATGTTTGGATTACTTACGCCAGGCTGACAAGCGCCGGGCACATTTCCTGGAATTGGCAAGTTGGTTACCGGAGGAGGAGTTGGTGTTGGAGAGGGTTGAGGTTTTGGCGCTGGGTTCCCGCCATTTGAATTAAGCTCGAAGCTTGCTAATGTAGGTACCTCACTTGCAGAATCATACCCCACAACAACCGCGTAATGGCCGACAGGAACATCAACAGATCTTCCCCATTGATTTCCAGCTTTGATTCGCACCTTTACCGTCTGCTGACAATTGTTCGTCCAGTCATACATAAATGCATAAATATTTGCATAATAGTCGAATGTTTCACGTATATGCATCGTGCCTGACACCATACAACCCGCAGCCGTACCGTGACCTGTAGGATGAGTAACCTGACTACAGTGGGCATCAGGATTCGTTCTACAATCATCCATCATTCCCGCGTAAGCATCTGCGTAAGGAACAACTTGAATATCCTGTTCAACAGCTTGAGAAAGAGAGGCTGAAAATAACACCAATAAAGAAATCACAGCAAATTTCATAACGTTCCCATAAACTATAATTTAATTGGACGCTTATACAGGAACTGTCTTCAAAATAATACTCAGTTTAGTGGCTCTTGAAGAATTAACGTTCTTATCGAGCAATGACCCTTTTAAATTGGATATGGATGAGTGAGATGTGAAAAGGTTACCGATGTCTTCACCTTACGGTTTTGACATGTTGAGCGGGCTCACAAGAGCGGCTTGTTCGGACATTGTTTCCGAATGGTTGATGTTCTGTATAGGGTTCAAAACTTGGTTGATACGAGGCGGAGGGTTCTGAGCGAAACGAGACGTACGTGCACGGATGTGCGGAGAACGCAGTTGGACCAGCTACTTCAGTCTCACTCTGTGACCATCCGGTCTGCAGTGAAACGAAGGACCCGACAACAAAGTAGATGCCGGGTTTTAAACCCCTATCGAGCAAGTTTGAACTTGCGCTTGAGGGTTTCAGTGGTGATTCTGATTTCTTCAGCCAGTACCACTTCGAACAAGTCTTCTGACTTCACCTTATACATGACGCCGAGCTGTTTGATGGCGTTGATCGGTGGAGAAGAAACTCCGCGCTCCCAGTTTGAAATAAACTGCGGAGTCGTATAACCAAGCTTATCTGCCACTTCCTTTTGCGACATACCACTTGCGACACGTTTCTCTTTTAAGAACTTCGCTAGAATACTTGCGCCCTTCATGAGTGACCTCCGACATTACGATCCTAAAGCAGTTTTTATTTTCACCGCAAGCAAAGAATTATTTAAAGATTATCCAAGTGCTTGGAATAAAGCCTTTGAATCTTAGCGCCCGCTAGCATTGATCCCATCTGATAAGCACGCATCATCGAAAGATAGTCCGGAACAGGTACCGGAATCCCCGTTTCGTAATTAATAATGGCTGATTGGTCTAGATGAGCGAGTTTTGCCGCTTCTGGAATTGTTAAACGGCTTTGCAGACGGGCTTTGTTTAAAAACTGGGCAAGTTCTCTGTTGATTTCGTTCCTCGCATTATACATAAAACACCCCCAACAACATTTAATTTAGCATACGATCGTATGCACGTAAAGCCAATCTTTGAAGCCACAATTAATGCATACGATCATACGCATTAAAGGTTGGTATTCTTGGCAACGCGAAAAACGCAAACCCTCACTAAACGTGATATCAATATTCTGAAAAGCATTGGCGCCAATGTTAAGGCTGAAAGAGAACGCCAGAAGCTCGACGTTTATGATATTACCGGAGATGACTGCCTGATTAAATCAAGACAGCATTGGCAGGCTATTGAAAATGGTAAGAAGAATATCAATTTAACAACACTATTTAAAGTTGCTGAAACTCTGAAAGTTCATCCATCAAAGCTCTTAGGCTAAACATTTTGCAATAACGATCACTCACTATGCTGCCTCGATTTCAACTTTGTAGGGAAGCTTTACTCTCGTCAGCTGATCTTGAAGGCTAAGCTTAATGAACATTACCTCCGAGTAGCCGAGCTTCTTCGCAAATGTTTGCGCACGATCTGGACTCACAAACTTTCTTCCATTTTCGATTTGCGAAAGATGACCTTTTGTAACTCCAAGTTTTTTAGCCATTTGTTCTTGAGTCATTTCATCAGACAGACGAATGGAATTTAACAGCGACCCAAACGTCAAAGGACCACCAGAAACTTCTTCCAGAAATTTTACTGCCGAACTTTTCTTTTTAGTAGCCATGCTTATTTACCTCTACGATTTCTACGAACTCCAATGATCCATCTTTCAAAATCTTATAAATTGCCCTGTATGAACGGTTTAACCTAATTGATCGAAATCCTGTCCACTCACCTTTTAATGGTTCATCGTGGTAACCAGAAATCTTCCTAACCTCTTCCAAACCTAAGATTTCAACTGATTCAACCCAGTGAAGTAACTTCTTTCTGATAAAGATCGGAACCGATTTAATGCTTGATGCTGCCCGTTTTGAGATTCGAACCGTATGTATCACTTCACACCTTCTTTGTATACCTTTTTGGT
NZ_CP030034.1_gap58	2238726	2239921	1195	GCATTGGCCGCTATTGGAATGCAGAGTTACAATTCGAGCAAATTTACATCAACACTGGAAGATCTATTCAAAAACTCCCAAATAGAATCATACAAATTAACACTAACCTACCTATGCCCGCGACTTTATGATTTAAATCAAGACCAATTCAGACAAGCGGTAAAAGAAAGCTGCGATATAGATTCAGAGCTTAGAGATTTTGAAACTCTTTGTTTTGCAACTACAGGCTTTACACTTTTCTCACTAATTATTTTCAGTTTACTGGGATGGGTCACAAAAACAAATCGATTTATACATCTTATCATGTTCCGAATTGGCGTTTTCGCCTGCATTGGACTCGTTTGTCTATCAGTAATCACGAATGCCATTGTGTTGGTACTCGGTTCATATTTTATTCCTGCCTATTTCTGGTCGAGATATTTTCCAAAACTGACAGGACTACTTGCGATTGGTGCAGCCTGGATCGTTTTTAAAATATGTAGGGACCTATTCAGAATTCTCTCAAAGCCAAGCATAACCACGATAGGCAAACGACTATTCCCATCCGATCATCCTAAACTTTGGGAAGCTGTGCGCGCTCTCTCACATCAAGCGCAAACCACGGCACCGGACAATATCATTATCGGTCTTGAACCCAACTTTTTCGTTACAGAAGCTGACGTTCAAACACTCGATGGAAAATGTAAAGGTCGAACACTATTTATTTCTTCGTCAATCATGAAACTGCTTTCAGTGGAAGAGTTTAAATCTATCCTTGCTCATGAATTCGGACATTTTAGAGGATTAGATACAAAGTTCTCCTTACACTATAATCCGGTATTTAATAGACTAAATCGAACTCAGGAATCACTTTCATCTGAGAATAAAAGCTATCTTAAGTATGGTAGCCTGAGCGCAATGCCTGCGCTATTCATTGTCGATTATTTCGCTACATGCTTTAGGGCTTCCCATGCATTTCATAATAGGCAGCGTGAAGAGGCCGCAGACGAACTAGCAATTCAACTGACAAGTGCAAAAGTTTTTTCGTCGGCTCTCTTGAAAGCAACAGCAGCTGACGAAATTTACGCAATTGTAAATGAACGAATTAAGTCACTCGCTAATGAAGAAAAAGTTTTATCAAATATTCCAGATGCTATGCTCAGAGGTATAGTCGCGATTGAAAATAAAGAAATACTAGCCATGATTGATGAAAAAG
NZ_CP030034.1_gap59	2245004	2245600	596	CGTACCACAGGTAAATGGAATCAATGCAGTGCCTGTACTGTTACTTGCAATCAAGCGATCCGCAGTTAAGCTTGTTGCGCCCGTTCCGCCCTTGCTAACGGGAATTGAGCCCGACAAATTCGCGGGATTTAGATTCGTCAGCGCCGAGCCATCAACACTTGGAAGCTTCGCAGTCCCATCTAATTTCACGATTTGATTTGCAGATGTCCCGCTATCAACCGCTAAAGAAACGGAACCTGATGTGCCACCACCCGTTAATCCAGAACCCGCCGTCACGCCGGTAATAGTACCTGGATTCGCAGCAGGCAACGTCGTTGGCTCCCACTTATTACTTGAGTTGCTCCATTGCAGAACTTGACCGTCCGTAGGTGCCGTCGCCGAAATGTTTTTATTTTGAAGCGCGACGACTTTCGTTGCTCCTTGACCTCCAGTGACATCACCACTTAATGAGCCCGTGAAGCCCGCAGCATTGCCAGCAATGTTACCACTGAGTTGTGAGCCAGAAATCGAAATATTCGAACACGTAAAGCTTCCCGTTGGTGACATGAACGTTAAAGTTTGATTCGCCAAACAACTTGCAGGAAATTGTGATTGCG
NZ_CP030034.1_gap60	2362714	2365845	3131	AAAGAGCCGCTTGTTATTCTTATGCACGGAGACATGCAAGTTTCAACCAAACAGCTGGCTCGTGATCTGGGTGTTAAATCCATCAACCCCTGCAAACCGGAAGTGGCTGATCGCCACTCGGGTTATCAAGTGGGCGGCACCTCACCTTTTGGTACAAAACGCCAGATGCCGGTGTATATGGAAAAAACGATTTTAGATTTGCCAAAGATTTATATCAACGGCGGCAAACGCGGTTTCTTGGTCGAGATTCTACCCCAAGAAGTGATGCGCTTGTTATCGCCCACTTTGGTGAATGTCGGAATTAAAGGCTAAAAATTATTTTTTATAAACTTCCAGGAACTTGAAGTACTGACCTTTGATGTCATCAAGTTCCATGGGGTTGCCGTAAGCATCTTTAGCCAAAGCACCTGGCTTAAGCACCATCTGCCCATGTTCGATATCGTAATCAATTCCACGCACGAAAAGTTTTTCCACTTCCGCACCCGTCGCTTCTGAATAAAACGTGACATAGAAGCTGCGAATTTCACTGCGTTCTGGAATGAAGCCATGAACCAAATTCAGTTGATGAACAAAGTTCCGAGGACAACGCAAAAAGATAATACGTGGCGATTCAACTTTAGAAATCCAATTTTGAAAATTACGAATGCCGATGGAATTGATCGCTGTCAAATAACGAAGATCCAAGCTCAGATCATAAGAAGGATGGACTGCAACTTGATTCAGCTCTGACGAGTATTCGTTCAGACTGCCCTGCAAAGTCAGCACAAGGGTATTATCAATAAGATCTGTGGAAATTTTAAGAGACATGTAAGAAAAACTCTATCACGTTTGCGATAATCTTTGCAACTTTTGCCACTCGGCTTTGGTCATCAAAGTGACTGATTCGGATGCAAAATCAAACACGATCTTGATGTCTTTGCGTGCAAGTTGTTTGCGAATTTGTTCTTTCTTCGCAGACAAACTGACCTCAACGCTCCCGTAATCTGTACCTTCGCGAAGAATGAACGCTTCAATAATGCCTTCGATCGCGTCAGCGCTCAGATCTTCTTGTGGAATTTCAACGGGTGGTTTTACTTCTTCATTCATGGGCTCAGCATAGAAAGCCCGCGCGCGAGTCGCAAGACTTTTATCTGACACATCTTAAAAGAAACAGAAGGTCAAACCGGAAAGCCTTCGGTAAAGTTGGTTTGTCGTTAACTCTTCTCAATAAGGAGCTTTCTATGATTTTAACTAGCGTGGGTTCTTCGGTTTTACTGAGCTTCGCCCTGACTGTTCCAGCACTGGCGGCAGAAAAGATCGCAACGACTGAATCAGCACCAACTTCCACGGAAGACGTGCATGAAACGGGAATGCAAGAAATGAAAAACGATCCGGGCCCAGCCCCTTCTTCGCGTGTAGATAAAGGTACGGCAGAACCAATGCGCCAAGCAGACTCGTCTGACAAAAAAGCTCCAGGCACTCGCACTTCAAAGTCGAACTTAAAACAAAAGAAGCAGCAAGGTGCTAAGACCGGCGTTGGCGGCGGAGCCAGTGAAAGCAACAGCAATGCTGAAAGCAATAAAAAGAGCGAATAAAAAAAGGACTGCGTTAAAAGCGCAGTCCCTTTTTTAAAACTTTTGGTTGGGTCAATTATTTTTGGCTTTGGCCTTTATCGAAGTTTTGAGAGCCAGTGTCTGATTGCCAGCTTTGCTGACCAGATTTTTGGCCTTGGTTTGAGTTTGGAGTTTGAGATTGTTGGTTACGACCCATATTGCCTTGTTGACCAGTCGATGATTGTTGTTGATTCATGCCTGGTTTTTGAGCTTGGTTTTCTTGAGCCATATTAGCCTCCTTGTTAAACGACGTATGTCGCATAGATTTAAACTTCAAAAGACGTGCCTCTGACGAAATCTTTTATAAAAGAGATTATGCTTTCTTATGGGACGATCTTCCGCAAAACAGGGGCAATATTTCGCCCATAGCTCAGGCGCGACTCGACAGCAGTCGGTCTCTTGCGGTTTAGCAACTCTCACAAAATAAACTGGGAGTGCAAAAAATAATTTCGATAATAGAAGATACGCCCCACCCAACTCATCTGATCAGGAGGATCTTATGGCAGAGAACTATTCACAAAGCTCTTTAAATGGCCAACACGAGCATGAAACGTCAGCGATGCAACAATGTATCGACAACTGCACGGAGTGCTCGCACTTGTGTTTGCAGTTAGTGCCTCACTGTTTAGATATGGGTGGCGAGCACGCTAGCTCTGAACACATCAGTATTTTGCAAATCTGTTCATTGATATGTGAAACGAGCGCAAAATTGATGACACTAGATTCTGAATTCCACCATGACTTGTGCCGCTTGTGTGCAGAAGTCTGTAAAGCCTGTGCAACGGACTGCGAACGCCTGGCTCAGGGCGACGAAATGATGATCGATTGCGTAGAGGTATGCCGTCGCTGCGCGGAAAGCTGCGAGCGCATGTCAGCCCACTAGATTCCCCTTCAAATCCAGTAATTTGGCCCCCTCACTCCTAGGAACGAGAGGTTTTTAGACACTCTGGAAGCTTTTTCAAAAAACTCATTCCTAACAAATGAAAAGGCCTTTTTTAGGTATAGTGCCTCCATTCAAAAAACGAATGGAGATTCCCCCTCATGAAAGCATTTGCTGCACTTAACGTATTGGCTCTTCTATTGGTATCTAGCTTGTCACACGCCCAGGCGATCCGCCCTTGCGCTGACGAAAAATTGGTTTGCAAACTTGAAGACGCTACGAACTTTTATCAACGTACAACTCTTGATACTTCTGTCACTGCATGGTCGGGCTTAAACGATGACGAACCATCAATTGAACCTAATGAATGCAAAATCTTGACAGCTCTTGCTAACAAAGAAGCTGCTGTTTATTACACGATTATCTTGGGTGATTCTGACAATGTCGTTACGATCTTGCCTCGTACAATGTCAAACCCCGTTCAGTCTTTGAAAGGTGAAGCGACATTCCCAGTGGTTGCTAACAAATCTTTCTATTACCGTTACGGCAACGATCTTTTGACTTGCACATTGACGAAGTAGTTTGATTTTTTAAAGTCGAAATAATTGAAATAAAAAACGCAGTCCCAGGACTGCGTTTTTTATTTAAGCCTTAGCTTG
NZ_CP030034.1_gap61	2470514	2473941	3427	AAAGTCACTTCGCGAATTTCTGCTGGAGTGGCTTCGCCAATCATTTCTTTCAACAAGTACGCCGCAATCGTTTCGCGCAAAGGGGCTTCCCCTTTCAGAACCGACCAACCACGCTTATGCAAATGTTCACCCGTTGCATCTAAAGAAATCGTGCACAGATCTTCTTCCATACGAATGTAAATCGAACCTGCGAAATCTTTGGCCTCGGTCTTTGGAAACAATTCGCTTAATGCTTTTTCAGCACTTTCTTGCAGACGTTTTTCATTATTCAAACGACTTTTTTGCGCGGCCACTTCCCACTCGACATGGCCGTGAGCCAAATATTCTTTCCACGGCAACGCTTTAAATTTCTGATAAAACTTTGGCAGATCCTTCGTGCGAAACGAAGTCATACGCAGCAACACGCGATTCGCGGTTTTCAAAAAGAAATTAAACTGTAAAGCTGCGAACAGTTCCGTTTCAAACTCAAGTCCACCCTGCAACACTTCCACTTCTGGGAATGGCAATGAGTGGGTTTTTGAATCTTTACCTAACAAATAAGGCCAGCACTCTTTCATTTCTGCGAGTGTCGTTAATTCATAACCTAGCGGAGTTGAAACGAAAAACTTGTTCATTAAAATCTCCAGTAAGCATCAACGGTAAAGTAATAACCATCAACAGGCGATAGCTTAAACGATGAAATGTTCGTCGAGTTCACCGACAGGCCACCATGGAAGTGATCCCAAATCTTTAGATAAGTTAAATAACCACCGATCGCTTTTTTCTCGAAGTTGTAGGTCGGACCTAACAACACGCGATCCCAATTGCCCAAGATAAATTCATATCCCGTCTGGAATGATGACGTACCCAAAGATTTAATGGCTGTTGCATCTTCGGCGTTTTCAAAACTGAAAAGAGCCAAGGTTGCAAACGTATGCGACAAAGTGCTTTCCGAAGAAATCGAGTCCCAATAAAAGTTCAGATTCAGAGTCGATTTATCTTGTGAAGGAATTCGCGCAAACGTCGGACCGACTGAAATCACGGTCGAATTCGATTGATATGCTCTAAACTTAGCTGTCGCATTGTAAGCACCCAATAAATAACCAGGAAGAACCGCCTGCACTGTCAGCCAATCTTTCCAGCCATAATCAAGCTGACCGTACCATGTGATCAGATATTCATTTTCCCACAAGGTCTCTGCCGTATCACCGACGGACAAACCTTGAGTGATAAGCGGCTTGTACTTTGCCGACACCAAAGGCGAGCGACGACGAATCATCAGATCCGTACTCCCCTTATAGCGCGCATTATCCGTGGTCATATCGATATGCATCAGTTGATCGCCAACTTGGATCATTTCCGCACGTGATTGACGAAGAAGCTCACAGCGCAGTTCATAGGAACCATCGCCACGGCCCAAGACATCTTTCACTTCAACGAATGCAATGATGCCAACATTTTTACTTTGTGAATCGACGAAGATCACTTCGCCCGGGAACCAGTCTGAATTGTAACTGACGGCTCTGATCGTTTTACTATCAACGATAGCTTCAATACGGGCACGAGATTTTGAGTCTTTAATAACTAATGGCGGAGGATTTTTATCCTCGAGTGGAATAACCACTTCATCGTCAGTGGCATTGGCCCACAGGGCTTGCGGCAATAAAAGAATAAATAGGACCCAAAACTTCATGGGTCCGACGATAGCTTAGTTTGGGGCCTTATTCAATTGATCCTTCAGTGTTCCGAACAGTCTCAGGATTTCTTTACGAGTCGCTTCATCCTTAAAGTGCTTCGAAAATTGGAATCCAAGGATCCCGCTACCACCCGGCATCGTTCCATTGAACACTAAATAAGCAAATCCCTCTTTAATGATGAATTCATATTTAGTCGGGCTGACTGTTTTAAAGAACGACATGAAGCGTGGTGCCGCAGCATAAACCTCATCCAACGACAAAGTCTGATTCTTATCAGTATCGTATGTCACCATAATCGATTCGACATAGTGAAGAATCATCACCATCGTACGAATATTCGAGGTTTCAATCAAACCTGGTTTCTGATCAGCCGACAGCGACGAATCCTTCAAGTATGTGTACACAGCATCGTAATCAGCCGCATTCAGACCTTTAATGAAAGCTGTCATCCCTGGCATGTTATTGAAGTACATTCCGAAATGATCGCGGAAATGCTGCTTAAAGCACGTCTCTTTCATGTAGTATTCGCCGAAGATGTCTTTTTGATCTACACGGCACATTGCCATGTCTTCAATAATATCGCTACTTGTAGAAAGACCTGCGCTGAAAAGAAGACTGACGAACTCAAACGTTTCGCGCATGTCCATCCAATCATCACCATTTCCAGAGAACGTAAAGAAATTCGCCTCTAAGAAACTGCGGGAACCGGAATTGCCCGTGCGTGGGTCGAAAGCTTTGATATCAAGACCCAACTCATTAAATTCATCATACCATGCAATCAATCCTGCTTTGCTCATGTGCGCGCTGCTAAGATCGTTTTTCGTATTTTCAGCATAACCCAACATCAGCATACGCGCGATGGCACGCATCAGATTCATTTTCGTCAATGACTTCCACGTCACAGGAACTGATTTCGAACTCAAGGTTTCGATCACTCGGCCCTTTGAGTTGAAGTTGATCATATTGTCGGCTTTAAGCAATACGCCCAAGTCATTCCACGACTGCTCCAACGCCATTTGTTCTAATGGATTATCGGTCAACCCTTTTTCAATCACGAAGTTCTTATTAAAGCGCTCATAAGAATCGATCAGATCTTTCTGCGTAATTGATGCTGATTTTTCATCGAAATTTGCTAGATCAAAGAAACTTTGATCCATGCGCCAGATATTGAATTCGCGACGAAGTGCTGCCAGATGTTTTTTATCTAAGCCCAACAACCCACGCGAATCGCCCTGGCGTTCAGGCGAAAGCATTCTTAACAAAACGATGCGATAGATTTTTTTAATCGAAGTCGCTTTAATGTCCATGCCGAACTTAAAGCGCGACATCACTTGATCAACAAGAACGTCGATGTCTTCAGCCGGGATCAAACCTTCATTTTTCATTTGGTAGCAGTTTTCAATCAGGCTTAAACCTTGATTGATAAACTGACTGATTTGACGAATGTCATTTGGACCTTCAAAGCTCGTATTGCCGATGACATAACGGTACTTCAACGCCAAACCATAAAGATCGATCAACGTATCAAGGCTTTCTTTCCATTGATACAGTTTCGTCAATTGTGTGCGACGACCCATCAAGATGTTCTTAACCGATTCCACCATAGGAACCCAGTCACGCACTTGTTCATACGGTTCAAACGGTTCAGAACCACGCAAGAAATCGCCAAGACCTGAAAGCGCACGCTTGCCGTCTTCAAAACTATAATCGGAACTAGAAAGTTGAGTTTTATCCAGAAGTCTTTGCAATGT
NZ_CP030034.1_gap62	2479671	2480558	887	CGTCGACGAATAACAAGTCCTACAACTTCTTTACTTCGGCGCGTTCAATCATCGGCAGTGTGAATTCAGCGAACTATCGTTTCGATGCAACTTTGCAGATGCCTGTAGATCCTGATTTCTATCCTGTGAAAATGGATCGCGACAATATCAAACCAGGCACTGTGATCTACGATCCGTCTGGCCACGTGGCTGTTGTTTATGAAATCACAGCGACAGGTGACATCCGTTATTTTGACTCGCATCCTGACAACGGTGTATCTCATAAAATGTATAATAAGGCATTCTTGCGCAGCCGCCCTGCTCACGGTGCAGGCTTTAAAAACTTCCGTCCTTTTGCAATCACAAACGCGAAAGTGACAGGTGCCGGTTATTCTTCAGGGACGCTGGTAACGGCACAAAACAGTCAACTTCGTGGCTTTTCTCTTGAGCAATTCAACGGCACAATTCCAGACCCTGCAGGCAATTGGGCAAAAGGCACTTTTGCAATTCAAGGTCGCCAAGTGGATTACTATGAATATTTGAAACTCGCTTTGGCAACAGATGCGAACGCAAAGATTCGCCCCTTGGAACAATTGAAAGCTGAAATTGATGAAATGTGTTCAGGCTATCAAGACCGTGCCTTAGATGCGCAAAAAGCGATTGATCAAGGCTTGCACTTGCAACCACATCCTGAAACATTGCCGAAGAACATCTTTCAAGCTGATGGTGATTGGGAAAACTATTCGACGCCAGGTCGTGACTTCCGCCTTCGTTCTAACTTCTATGACATCGTGAAGTCGATGAAGAGTTATAACGAGCGTATCAAAGCGCGCGATAACTTGATCGAGTACTCTGGTGGTAATTTCAAAGCGGAACTTTTAGCGATGGCGAAAGCTGCTGGCGAGTCA
NZ_CP030034.1_gap63	2482066	2483162	1096	ACTTCTTTCTCATTCAAGAAAGAGGGCTTCAAGTTAGGCGTTCAGTACAAAGACGCAGAAGTCATGTACGAAAACCCGGTGCAATCTCGCGAGAAGTTTTTGACGATCAAGCTGGAGACTTTCTATGCAAACATCTAAGCTGTTGCTGTCATTATTCTTAAGCTTAAATGTACTGAGCCTTGCGGCTTGTAACTTGCCATCGCCAAAAGAAAAGAAAGCGGCTGCCGATCAGGTTACAGCGGAAGCGACTGGTGATCATGATTACCAAACAGAGCTTGCTCAGGCTGCGACTTTCAATATCGAAGCAGCGCCAAGCCGTTCTTCAGTTCTTGAAGCAACGAAAGAAGGTGCTTTCGCATTGCCAACTGCGAAAGTTTTCAACTTCTATGCGTGTTTGAAAGACATCTACTACAACAAAGTTATTTCAGGTCATAAATTCCAAATCGATGAAATCAAAAAGACTGTGACAACAGATGCTTCTGGTTGCTTGATCTGGTCTGAAAACATTAAGTACAACTATTTGGCTGATTCTCAATACATCAAATTGGATCGCCACGTACGTGGTACTGGTCTTCATAAAGGTGTGCGCACAGTTTCTTTCGCTATCAATCCTTGGTCGCACGGTGAAAACCTAGCGCCAGTTTTGGATATCAGAAATGAAGACGCCGTTCCAAACTTAGTGAAATCAACAAAACTTTCAGCGTTGGCTTTGCAAGGATATTCAAAAGATTCACAACTTCGCACTCGCCCATTGTGGTTGGAAGATGGTCGTTTGTTCGTCACGGAACAAAAACTTACGACTGCTGGTGTTGACTTGCTATTTGAAGTTCGTGGTGTCCCAGCGATTCAATTGACTAAAATGAATGGCGAGATCTTCTTGCGCAACCTAACAGCAGGTTCATTCAAAACAACTATCAAGTTGATCCACTCTTACGTGGAAGGTGGCAAAGAGATTCACCGTCTGCTTGCGCAAACGGCTGCTTTAGATACAAAAATGGAAAACGGCAGCTTGGCTGTTCGTTCACCAATTTCATTGTCGGCGATCCCAACTCGCGGTCAATTGGTTTTGGGTGTGCAATTGACACCTGAAAATGCG
NZ_CP030034.1_gap64	2673750	2677451	3701	CGGCTACGGAAACATGATGGGTTCAATGATGGGTTATGGCTCCTTGATGAATTCCGGGATGATGATGGGAGGCCTGATGAGTTCGGGCACCATGATGGGCTACGGCACTATGATGGGAAGCTTGATGAATTCAGGCATGATGATGGGCGGACTCACAAGCTCGGGAATGATGATGGGTTATGGCTCGATGATGGGCGATTCCAGCATGATGCAGTTACAACAACAAGCGATGCAAATGCAGATGCAGTACTACCAACAATACACTCAACAACAAATGCAAAAGTATCAAACGATCTCTTCCCTGCAACAAGAGATGTACAGTTTGATGTATAAGATGCAGTCGATTCAATACGGCTACGGGACAACAGGATACATTGGAAGTACGACGGGTACGTTGACTTCTTCTGGTTATACGACTTATCCGATTGGTGGTTTGACGACGGCGGGAACAACTTCTTACGGAACATTGGTTCCAACAATCCCCGCGCCGACAACGACAACAACAACGATCAATGCAACGGGCCGCTAGTAAAAGCAAAATTCAGAAACTAAAAAGGGAGTCTTTCGACTCCCTTTTTTTATTTATGGAATTTGCTGACATTTAGTTCCGACAACCGAGTAATTGTCAGTGTCTGTTTTCTTAAAGATCGTCAGACATTTAAACGTCGGCGCTGGAGAGTTTCTGCTGTAAAAACCACGCGCGATAGATTCCACTGCTAGATCAACACCCTCTACCTGCACGAACTTCATGCCTTCAATAGAGATGATTGATTCATCAAAACCCAAATAGTCCAAAACGCTTTCACGAGTGTCGATATAGATTTCTTTCATTCTGCCCGCAAATGCTGGAGAAACGAAAGTGCACACCAAACCTACTGCCAATAATGCTTTTTTCACAGGAACCTCGCAAAAAATAATTTTGGATTGTTGTAGTGAAAAAGCGTGGTCGATGCAAATAAGAAGAGGGAGTCTTGTGAACTCCCTCTTCTTTTTACATATTAATTAACAAATTTAAAAGCTATTCGACTCCAGAACCGCCACCACCGAAACCATCAGGAGGAGGACCTGGGGGACGACCACCACCTCCACCACCCATTCGTGTTGGTGGCTCAAAGCCTTTGGCTTTCAAGCACGCATCCAATGACTGTCTTTGTTCGTCCGTTGGTGCCGTAGGACGTTGACCTGCTTCGGGTCGACTCAATCCTGCGGCGGTTGCGCACTCCTCGAAAGCGGCTCTTCTTGCATCTTGTGAGCTGTCTGAAGTTGCTGCATGGGCCATTGAAGTCAGCGCCACAACCGAAGCAACCATCAGAGAAGCTCTAGTGAATTTTGTATTCATAACACTCTCCTCTTTCACACAAGCATAGGCAAATAAGATGGAGCGTAGATGGAAGTCTCAAAACAAGGCGCCGCCCAGAGAATCTCTAAAGGAGATTCCTCGACCTTCCGACAAGTCCTCCATATTCTTTGCATCATTTAAGGTCACAATTGTTTGCAGGACTAAAGGGGATCAAATGAAGTTCAATAAAAAGTTTTTGGGACCTGTGGCTGTTGTTGCAGGACTTGCTGTGACCGTTTTAAGTTTCCAAAACTGCGCGAATAATCAATCTGGTTCTAGCTCATCAACAGACAGCACCACCGCGACTGATACGACATCCACTTCGGCAGCGGTACTGACTTATCCCAATACGACTCCGGTTTATATGGTTCCTGGTCAAAGTGTGACTGTGAAATTCTTAAAACCTTCTGGCATCACGGATCTAACGAACTGGGTATGGTATGCGTATAACGATGGCCATGCGCTGGCATCACACTTTGGGACACCGGTTGAAAGCAATGGTTATCTTTATATCTCTGTGACTCTTCGTTCGGATTGGACGACAGCAAGCAAAGACGTTCGCGTGTATTTATATAATAAAAGTACACAGACTTACTTAGACGGCAACGGTGTGGTTCTGCGTTTAACATACGGCTCAACGACAGCTTACACAGGTGATGCGGTGGCAGAGATGTGCCAACTTTCTACGGCAGCTTACGTTCCGACATTCATTTATTCAAAAACTGCGGCGGCGGCCGATGCACTTTATGTCTATGACAACGGTGCTGGTATTGGTTACTTAAGTTGTTCTTGGAGTGATAGTTCAGGCAATACGACTTCAGCCATTGATTGTTTGAATACGTCAGCTTGGCCAAGTGGCTGGGCATCGATGACTTTGAATCTTTACGCAACAAACAGATGCGGAACTTCTTTCAGTCACTCGTACTAAGATTGTAAAACTCAAAAAGCAAAAAGCCCGGTGATGACCGGGCTTTTTTTTATTCTTATAATTTGTTTTATTAAGACTTATTGACCACCGACGAAGCTGATACCCCAGCTTGTCAACGTACCGGTTGTGCCTGATTGCGCATCAATCACCGTCAGTTTCCAGTTACCACTGGCAGAATACTCACCCAAGAAAGCGTTACTTAAGAATACTTCTCCACCGGTAAAGCTTGTCATACCCGTCAAAGAATTGCCGGCATTGATGATAATACTTTTTGTACCGTTGGGTGAAGTTAACATGAATTCAAGCTGTGACATCTTGGCGTGTGAAACCACCGCTTTGATTTTGACACCTTCGATCTTCACGTTATCAGTCGTTACGTTAATGGTACTTGATACGCCGGTCGCATTGTAATCAGGAATGCCTAAGCTGACATTGCCTGAACTGTACCAACCCGTTTCGTGATAAGTTCCAAGCGCCGAAGTATAAGTCTTTGCCATCTTCACAGCCGCATCGACATTGATCGCACCAAAGCCATACCAGTTATGAAATTTGAAACCAGCAGCATTCGTAACCCAACCTTGTTCCCACACTAAGCCTGAAGCCATTTGTGATGGGATCAAAGGATGTGCAATATTGGAAGTGTTAGAACCAGAGCGTGCCGTCGCAGCTAAAATATACTTCACATCACGCCACGAAAGATTTGGATTTACTTGCAACATCAAAGCAACGGCACCAGAAACTGTCGGAGCCGCCGATGAGGTTCCATTAAAAGTCACGGTATAGTTACAACCTGAATTTCCAGACTGACCTTTTTCAAATTTCACACTCGTTGAAATATTCGACTGCGACTCGCCTAGACTGCAACCCATACGATCCGTTGTCATCATCGCTGGATACGAAGCACCGTCTTCACCACCAAAAGATGAAATCCATAAATTCGCACCTGGGGAAGAATAAGAAGCTGAAACACCGGTAGCATCTAAAGCCGCCACGTTAATCGTATACGGAGTCGCATCGTCACGGTCAAAGTTCGAATTCCCAATGCATGAAGTATATTGGGTACCGCCACACTCAACCACAAAATCGTTACCGGCAGCTTTGACGTAAATAGTGCCTTTACCATTACGCTGCGAAGTCACAGCCGTTTTAAGATTGTTTTCCCAGTTGGTCGCGGCACCATCACTGTTATCATCGACATAATATTGGCTTGCGCCCCAACTCATATTGGAAATATCAAACGTGCCTTTTAGCTGATCGATATATTTCGAATAATCCGTGTGAGTCACACCACTGGAAATCACGTTCGCACTAACCAGTGAAGCCTTCGGAGCGACACCACGTGAGCCAACACCGTTGCCACCAACCGCTGCGGCAAGACCCGCAACAGAAGTTCCGTGGGTATCGCCATCTCTTAATGGTGGGCCGTTGCTGGAA
NZ_CP030034.1_gap65	2721698	2726342	4644	GTAAAACAGATGGCGTCTGCAATACGAATCTTATCGAGACTTACTACACAACGAACTATCCTGGATTGGGTCGTAGTCACTATTCACCGGGAATCTGTTTAAACTCTGCAAATGGTGGTTATACGGATTGGTACTTGCCAGCAATTTGTGAGCTGGGGCCTGACAGCGGCAGTTATGGAACCGGTTGTGGTACGACTGCGAATCCCATTATTCAAAACGTCGCAACCAACATCGTTAATTATAATATGACAGTTCTTGGTATAGTGAACACCGACGCTTATTGGGCATCAACGACAAACTCCGCTGGCGGCGGTTGGCGCTGGGCCCACAATTTCGTAAACGGCAATATTTCACAAATCACTGCAACTCCTGCTCATGTGCGTTGTGCTCGCACCATTATTTACTAGGACGCCACCATGTTGAAAAGAACACTTGCATTAGCATTGATCACTCTTCCCGTCCTAGCCTTTGCCGACACGACTTACGTGGTTCGTGAAGGTGACACGGTTTTAAAAATCGCCGATAAAATTCTTGCAAGCAAAGATGGCAAAAAAGATCCGCGCCGTTATGCTTTCGCTAAGAAAATCGTCGCAGCCAACTCCAGCATTGAAGATTCAAATCTTCTAAGCCCTGGTCAATCCATCGTGATTCCAGAGGTTGAAGAGAAAAAGAAAAAAGTCATTCAAATCGTCATGGACGAAAATGATAAATCCACTGTTGAAGCTTCAGCACAAGAAGTGGATGAAACCGCAGCTCCAGGAAAACAACCTATCGTAGTTGGCGAAGCCGAAGCTCTTGCCCCCGTGGTCGTTCCGCCGACAGTGGCAACTGCTGCTACAGAACAAGTTGCGAAGACAGAGCCGCAAGCAGCTGTGCAAGCTGAAATTAAAAAAGAAGAAAAAGTGCCAGAACTTCCCGTCGCCAAAGCCGATTTGAAACTTCCAAAAGATATGGAGTCTGAAGACTTCATCACCATCACACCCAGTGTTGAGTTTTCAAACTTCAAAGTCAAAAATCGCTCTACCTTACAAGAGTCAGAAGTTCGTTCCAAAGTTAATACGGGTCTTGATGTGCAGTTCGAAAAATCTTTGAATGAAAAAACATCCGTGCTTTTCAATTTAGGATTTAGTTATGTGCAACTGGATCAATTCGATGACGGCGTGACAGAACTTTCTCACACGATTCAATGGCACAAACGTGTAAGTTTGGGATTAGCTTACGCGCTAACTCCCCGCTTGCATTTTGAAGCAAAGGTTGAAGGTGCAGACCGTCTGTTCATCATCCCTGAAAGCGCCAATCATTTGGACACGGTGGACGTGTTTAATCCGGGAGCAGAAATCACTGTAGCTTGGGACTTCATCCATACAAATTCCTCGGTCGTTGCTGCCGCTTTAAGCGGTCATTATTATGACGGCCTTACCGAAGACGGTGTCACCTATAAATCAAGTTTTGATCCCGCAGGCTCGATCTATTGGGTCGCGAATGCTGACGGAAAAATGAAATATCGTCTAAGCGTTGATTATTCTGTAAGAAATCAGGGCACTGATTTAACGGAGCAACGCGAAGAAAGCCTTGGATTTGGAGCATCTCTCGTACTTCCTTGGTAACAAGGCTCTTGAACTGCCTAGCATTCTTTGCTAGGTTTGTTTCTGTAATGGTCCCTGATATATGTTCAAAGTACGGTTGAACGTCTCTACCAGCTGCCAAATAGTTGACTATTAGTTAAGCCATTACAGTTAACGAGTTACATAGTCATTGGCGGCACAAAATGTTTGAATCATCTGAATCAGTTCAAAAGATCGGCCTTGAAGGCGTATCTAATAACCTTTCAAAAGGTATTCTTTTTGTTATCACCGGCTCTTCCAGCTACGGCATGCTATCAACTGTCGTAAAATTCTCTTACCACGATCACTACTCCACTGCTGAAATCACGATGGCTCAATACTTCTTGGGTTTGCTTTGTCTTTTCATTTTAAATCTGTTCGCAAAAAAAGATGGCGTGAAAGAGTCTTTCAAAGACATTGGTCAATTGATGTTCGCCGGTATCTTCGTGGGCTTAACAAGTTTCTTCTATTATGCGTGTGTGAAATACATTGATGCTTCGATCGCCGTCGTGTTGCTGATGCAATCGGTATGGATCGGTGTCGTCATCGAGATGTTCCAAAAAAGACGTTTGCCTGAATTAAATAAAATTCTTGCCGTTGTCTTTATCTTATTTGGAACCGTGCTTGCGACGAATTTGATTAATGCGACAAAAATCTCTTTAGATATTCGCGGAGTCGTTCTTGGTTTCTTGGCAGCGATTTCATTTAGTTTGACGTTGTTGTCGGCAAATACAATCGCGACTCACCTGCCTTCGGTAAAACGCAGTATGTATATGCTTGTGGGCGGCGCCATCATCATGACGATCTTCTGTACGATTATTCAAACGTTGCCATACAACTTCGGCATCAATTTGATTAACGAGCAATTCATCACAGCCAAAGCATTCGATTGGTCGATCTTCTACAAATGGGGTATCTTGGTTTCTTTATTCGGAACTGTGATTCCGCCCGTGATGTTAAACAAGGGCTTCCCGATCGTCGGCGTAGGCCTTGGCAGCATCTTAGCTTCCATGGAGTTGCCGTTCGCATTGATCATCGCCTTCACGTTCTTAAATGAAAAAATCGTGGCGACTCAATGGATGGGTGTGGCGATTATTTTGGGTTCGATTGTTTTGATGAACTACAAGATGCTTACGAATCGCAGCACCAACTAAAATCGGCCTTATTTTCACACTCTATCAGGATTGATTGCTTTACTGTCTGTGTTTTTTAAAAGAACGAATGAACGATCTCGCCAAAGGGATGTTCATTGGCGGACAATTGCGCTATGAGCAATTCATCTTCAATAGATCGTCGCCATTTTATAATTGCCTGTTCGACCCTTGGATCAAGTCTTCTCGTCCCGCAGATTTCCTTCGCAAAAGAGGACGAGACGGAAGAAGTCGGCCCCGCTGAAGATTTAATGCGCGAACATGGTGGACTCAACCGCATACTCCTCATCTATGAGGAAGGCATTCGTCGTATAACTGCCAAAACCAACGTCGATCTGAGTGTCGTGAAAAAATCAGCAACTATCGTTCGAACTTTCATTGAAGAATACCATGAAAAATTGGAAGAAGAGTTTATCTTCCCCAGAATGCGCAAAGAGAAAAAACTTGTCGAACTGGTTGATACTCTTGAAACCCAACACAAAGCTGGCAGAAAATTGACGGCTACCATCGAGCAGTTATCAGTGCAAAGCACCTTGAAAAGCGAAAGTGAGACCGCAAAGCTAATATCAGCGATCAACCAGTTCATTAGAATGTATCGTCCCCATGAAAGCCGAGAGGACACGGTGCTCTTCCCCACCTTTCATAAGATGCTGAGCGAAAAAGAATACGACATGCTTGGAGAAAAATTTGAAGACCGGGAGCATAAACTCTTTGGCAAAGAAGGTTTTGATGGCATCGTTGAAAAAATAATGGAACTTGAAAAAAGTTATGACATTTATGACCTAACAAAGTTTACGCCACATATCTAATGTTGAGATTTCGGTGACAAATCTCTGAATTAGCATGATCGTACCTTTATGTTGCGAAATGTATTTGAGATCTTTTGGATTTTCTTACGCTTAGGTTTAACTTCTTTCGGTGGACCGATCGCACACCTTGGTTATTTTCATGATGAATTCGTCAAAAGACGCCAGTGGCTGGATGAACACGCTTATGCGGACCTCGTCGCGCTTTGCCAATTTTTGCCAGGACCTGCAAGCAGTCAGGTGGGAATGGCTATTGGTTTACAACGCGCAGGAATTCTTGGCGCGATTGCCGCGTGGATCGGATTTACCTTACCTTCCGCGATCATCTTGGTTTTATTTGCCTTAGGTATTTCAAATCTTTCAAGCGGCCTTGACACAGGTTGGTTGCATGCATTGAAAGTGGCAGCGGTCGCTGTTGTCGCGCAAGCTATCTGGGGCATGAGTATTAAACTCTGTCCTGACAAAGAACGCATCTCGATCGCAGTTATTGCAGCTATATGTGTAAGCCTCTTGCCATCGGGATGGATGCAGATCGGTGCGATTGCACTTGGCGGAGTTGCAGGAATGATTTTTCTGAGGAATTTGACGACGGTGCCGATGACGCCAATGCAGATGCCGCTCTCTAAAAAATCCGGAGCCTTTTTCTTAGGTCTCTTCTTTATCTTATTGATTGGCTTACCACTGCTTGCGCAAACTTCACAGATGCACGAAATCAAACTGTTCGATAGTTTTTATCGTGCAGGCTCGTTGGTATTTGGCGGTGGCCATGTGGTGCTGCCGTTACTGCAAAAAGAAGTCGTTCCGACAGGCCTTGTTTCAAATAATCTTTTTATGGCGGGATACGGAATGGCACAGGCAATTCCGGGACCGCTGTTTGCTTTCACCGCTTATTTAGGGGCCATTGCAAACGTCCCACCCAATGGTTGGGCTGGCGCGGGTCTTTGTTTGTTCGCCGCATTTCTTCCAGCCTTTCTTTTAGTTTTTGGAGCAATTCCATTCTGGGAAAAATTGCGTGAGCGCAAACACATGCGCTATGCAATGCTCGGGATTAATGCCGCCGTTGTGGGAATCTTACTTGCAGCC
NZ_CP030034.1_gap66	2742912	2747784	4872	TTGGCGTTCGTAGAAATGAATTCGCCACTAGTGCGAATGTTACCAGCAACATCCAATTTTTGACCCGCAGCCACACCGATACCCAGATTACCTGAGGTATCAATTGTCATTCGCGAAGTGCCACCTGTTTTGAATGATAACGTCTGCGCATCGTTGGTACCAACAGTCATTGCACCACCAAAACTATTACCGTTATTAATCACAGCATCAGTGATACCGTAACCTGCAACTGTCGTTGGATTTGTTCCCGCGGTGACTCGGCCATAAGTATCCACCGTCACCGATTTATAAGTTCCGGCACTTACACCACTTGTCGGCAAATCCGTCGCTGCAAGAGCACGGAATGTCGGAGTACCCGCCGCGCCCGTTGGTGCCGCAAGAACCGTCGCCGCTGCCTGCGAACCGAAAGCAGATCCCGTAATCGCGATCGCTGAACACAGCCATGAACCCGAAGGTGAAGAGAACGTTAAAGTCTGATTCGCAGCACAGCTTGCTGGCATTTGCGAAGCATCGATTTTATTTCCCAATTGTGTTGAAAGATTTGTGACATCGGAAATCGCAATGGCCGAGTTAATCCAATTCGTGCCGTTGTATTTCAAATACTGACCTGTCGTCAGTGACGACACTGACAAGGCCGTCCCACTGATTTTTGCAACACTTGGATTGGGATAAGTTCCTGACAAATCGCCACCCGCAGAACCACCCGGAGTCGTCCCCGTGATGGTCACGTTCGCTGCCGCCGTTAAACGACCTTGCGCATCGACGGTAAATGTCGGCACTTGTGTCGCTGAACCATAAGACGCAGCTGTGACTGCTGTGTTCGCAAGTGAAATAGTGCCTGAACTTGTAATCGGTCCACCAGAAAGTCCGGTGCCCGTTGCAACACTTGTCACTGTGCCCGTAACACTGGAACCGATCATGTCCCACGCAGAACCCGTATCGCGATAAATCTTTTTCGTATCTGTCGCGACATAGATCTTACCTGTTGTTCCGAACGCAGGTTTACTTGCATCAAGTCCCGACTGAATTGACGGAGTCGAACCATCATTCTTCACAGCATCAGTAATTCCATAACCAGATAATAATGTCGGACTCGTTCCCGCCGTCACACGACCGTAAGAATCCACAGTGACAGACTTATAAGTTCCAGCCGTCACACCACTTGCTGGCAAATCACTTGCCGCAATCGACAAAGCGCTATTCACCCAGCTTGTGCCATTGTATTTCAAATATTGTCCTGAGCTTACTGAAGAAATCGCAACAGGTGAACCGTTAATTTTTGCAACAGAAGGATTAGGATATGTGCCAGACAAATCGCCACCAGCAGCACCCGTTGGCGAACTCGCAGAAGCGGAAATTTGAATACCACCCGCAGACGGAGTAAGGGTGATACCACTTCCCGCTGTCAAATCTTTAAACTCATAAGCATTGCCAGCAGGATTCACTCCAAGAATTTGATTGGCACTTCCAAGTGACGTCAGCCCTGTTCCGCCTTTGCTTGCTGGAATTGTCGCAAGTTTGCTTGCGCTGATATTTGCTGAAGCAGAAATGTCAGCGTCGATAATGGTGCCATCGGCAATTTTTGCAGAGGTCACAGCATTATTACTAATAGTTGCAGTAACTGCCCCCGAACCAGAAGCCGTGATGTCGCCCGTTAAAGAGCTAATAGTTCCACCCGATGTTGCAACTGTTGCAGGTTGAAATTCATTGGCAGCTTGATTCCATTTTAAAACTTGGCCATCAGACAATCCAGAAACACTCACCGTCAAACCTTTGATCTTATCAACGGAAGTTGCTGATTGAGTTCCCGAAACATCGCCAGAAAGTGTTCCCGTAAAACCACTCGCTTTACCCGCGATATTACCACTAATCTTTGCCGCAGAAATAGTTCCCGAGATATTACTTTCCGTCAGGGTGATATTACTGCACGTGAATGTGTCACTGAGTGAAGACCACGTCAGCGTTTGATTGGCAGCACAGCTTGCCGATGCAAATTGTTGTGTGCCGATTGAAGAGCGAAGATCTGCAACACCAAAATTCACCGACTGCCACTGCGAAGCCGCTAAATTGTATTTCAATAACTGTCCGTCAGAAGGTGCCGTTGATGAAACAGAATGACCTTGGATTTTTGCGACAGTTGGATTCGGCAAAGTCCCACTTAGGTCACCGCCTAAGTTTGTATTCGCAGCAAATGCGCCTGCGATACGAGCATCATCACCCGCCGCCACAGTTCCCGCACTTGTTCCCACTTGAATACCAATACGAACGTTTCCAGTACCTGACACTGTTAACGGTGCATTCACCGTCACGCTGCTAACAATCCCCGAGCCACCTTGGTCAGTTACACACACGAAGCCCGAGCCGTCGTAAGTTAAGACCTCTCCCGCAGCACAAGATGCTGACGGCAAAGTCGACTTCAATAGAAGATCATTGCTAGTGAAGTTTCCGATTTTCTGCGCGCTATATGAAAAGTAAGCATACGGCACAGAACGAATGATATTCGCCGTACTGAGTGTGCGCCAACCGACTCCGTCATGAAACTGAACTTTTAAAAGACGTTCTGACTCTGCGGGCGCGGTCCACGTGCTGCCGCCGTAACAAGATAAAGTCACTCCGTTAACAAACGAGTCTGCTAATTTAAAACTTGGATCAGCGGGAAACATTTTGGCGCCACTACCGATTGGTACGTCAAAAACCCCACCTGAGTTCGCCATGTTAATACCGTCTTTTTGTTCGCGATAAAGTGTGCACAGACCGTCAGCGCTGGTGATCTCGAACACGAAGCTCACATTATTATATTCAAGAGGATGGCCGTCAGATTTCAGAATACGGCCTTGATATGTCAGCTGGCTTGGCGAGGCCATGACTTGAAATGAGATTCCGAATAGAAGAACGTACGAGAGAATGAGCAAGTTCATATTTAAACTGATCGGTTCAAGGACACCCATATTTAGGGTTCCAAATATGAACTTGAGGCTTATTTCATATAATCTGCTCCCTCAAAAGTTTGTCTCAGGAAATCACGACCCTGATGTTCGGGAGCTTTCCGGGAGCAGCTCTTCTGACGTCCTAAATTAGAAAAGGCACATTGATGTTTTTTGAGAAAGCACTTTCTCGACGTAAAACATTGCTGGTGTCTGAACGGACATGCTTGTCGTATAGACGAAGTGTTGTTCTGATTTGGTATAAATCTTTCTGCCGACTCCAAGAGCCGTGCTCATGCAGTTGCTCCACCCGTCCTGACCAGGTTGAACATCATGCTCAAGGTGCAAATCAGATTTTAACTTCAGTTCGTGATACGCGCCGACTCCTTCAGGAACAATCGTACCTAAAGAAATCACTTCATTTGTCGTTTTGCTTTTTAAAGTCACTTCACCGGTCTTATCGTTAACAACCGCAAAGCTGTATGTGTATGAAGGATCATTGCCAGTGACGTTGTACCACAAATTATCTCCGGCAAAACGAATCCTAGTGACAACATGTTTACCACCCAACGACAGATAGGGAGAGTCATAAACCAACGCACATGTTTTTGATAAATCATCTGAACAGCCTTGGTCCGCAGAGGCGATGTTGCTTCCCAGAGTGATCGACGTGACAGACAACAACTGAAGTAACAGAGTGCTTAAAATCTTCTTTTTCATAAATTTTCCTTTCACGCTATTTTTCCGAAATGAAACTCGATTTTTAGAATTCCATTGAAAATAAAGGCAGTGATGAAAATTCACAAGAGCACGCCCCAATTAGGAGCCTGCGATTTCCTTCTTTATAGATATGTGTAAAGCCTTATCGAAAGTTCACCAACGGTGAACGCAATAACGGATTATATTTCGCCAATGGCGATATTGAAATCGTGTTCAGAGATGGCTTCGATGCCTTCTTCTTCTAGAAGATCTTGCATCAGCACTTGTGCATCAAGAAGTTGATTGACGTTATCGCTGACAAAGCTTGTGCGGAAGATGATTTTTTTCTTAGAGTCTTCAGCACCGATAACCGCGACTGCACCGTCAAGACCTGTGATAAACACGCCGCCAAGTTCTTCATTGGCAGAGTTCAGTTCAGCAAGGTGGCTTTTGATCAATTTTGTCGCTTCAGTTTTGATAGACATACGCACGTCGCTTTCTTGATAGAGTCTCTGGCTTGAAAAAAACCCGCATTGCTGCGGGCCCTGCTTCGCTCAGAGGCTCATTTCCGGCGAAACTTTCTTCGGTACTCTGCCGAAGACTAAAAACTTGAACTCCAGAAATAAAAAAAGCAGCTCGAGGCTGCTTTTTTTATTTTTACTGCCTACTCCGACGGAGTCGGAGTGTAGACAGAAAATTTTTTCGGCGCCATTTGGCGGCGAAAAAATTTGGTAGTGAGAGGCGGACTTGAACCGCCGACCTACGGATTATGATTCCGTTGCTCTAACCAGCTGAGCTACCCCACCACACAATCGCGCGTCTGAAAGAATCAATATATGCAGGATTTCTCTCAAAAGCGTGAGATGCGATTTTTAATGAAGTTGGTGTTGTTAGTCAACCGTGCGCTCTGCGTCGTGAAAGGAAAATTACAAATTCGTAGCGGGGCTCGGCTTTAGTATTGACCACAAAGCAATAGCCCTCTGGAATATTAATTCTAGGTTGCTCCCCCAGGACGCAGCTGAAAAGAAAACCACGGAAAGGGATTCTCATGAAACGTTTTATGATGGCGGCAATGGTGCCGGCACTCCTACTTGGATGTAGTGAGCAAAATAAACAACACTCGTCGCAACAACCCCAACAACCGGGCTTCTTGGAAGGCTTCTTCCACATTGAAGCGAACGTTATCACAATCAAAACTGCCGATGATAAACCGATTTCAGGTGCACAAGTTCTAATCGGTGACGCCTTA
NZ_CP030034.1_gap67	2749625	2751073	1448	CGCGCGAGATTGGTCCACTTATATTGCAAATGCAAAAGACATCGGCGCGTGTGTTCATTTAATTCGATTTTATAGAACTTTACGGCATCGAAGTCATATCAGTATTAGAAATTTCCAAAAAACTTAGGAGCGGCATTAAATAATCGAGATTTAGTTTTATAAATACGAGGCCGATTAATTTTATATGGAACGTTTAAAAACACTGTTCATATTAAAATTGGCGTTGGTCTTCACAACTACTGCGTTCGCGGCGGGACCGAATACCACGAATACTCTGACCTATCAGGGCAGGATTCTTAAAGCTGATGGAGCTCCACTTGAGTTTCACAACGTTAGCTTCTTATTTGAGATCACGAATCCAACAGGCTCTTGCGTAATATATAGAGAACAAGTGAACGGTATTAATATGACCGGATCACAAGGCGTGTTTGATGTTCCAATTGGTTCAGGTACAAAACTTTATCCTGCAGATCCTTTGTTTAAAATGCTCGATTCGTTTAATAATAACGGCAATTTCACGTGTGATGGCGGCGTCACCTTCACTCCACAATCTGATTCAATTCGTGTTCTAAAAGTTCAATTTTATGATGGCGTCGGATGGAATGCTATTTCGCCTTCAAGCGAAATTCGTTCGGTGCCTTTTGCAGGCTTTGCGATGTCTGCTGAAAAACTCGGGAGCAACTCCGCATCTGATTTCGTTTTGAAATCAAGTGTACCGACTTGTACTCCAGGACAAGTCCTGTTTTCAAATGGCACAACTCTTTCATGTGTTACTGACGCTGGCGGTGCTGGTTTCGTCTCCTCAGTAATAGGTAGTGGTCCCATCACTGTGTCGGGAACTTCGACCGTTACCGTCAGTGCGACTGTTGGTACAACTGCAGGAACATTAGCAGCCGGAGATGATTCGCGTTTTACAGATTCCCGTCCTCCGACTGGAGCAGCCGGCGGTGATCTGTCTGGTACTTATCCAAGCCCAACAGTTGCGGCGAATTCCATCACGACAGCAAAGATTTTGGATGGAACTATTCTTGGATCTGATTTGAATTTCAGTGGTGTTAATACCGCAACTTCTGGCATCGCCATCGTCGATGCTACAGGTAAGTTTAATAGTTTTGCCTGTGGTACTGCTGGTCATATTGCAACTTGGACAGTTGCTGGTTGGTCCTGCCAAGCACCAGCTCCTTTATCAAACACATCTGTGTCAGCGGGTTCTTATGGCTCAGCGACACAAGTTGGAACGTTTACTGTCGATGCTCAAGGTCGTTTGACGGCTGCTGGAAATATGACTGTTACACCAGCATGGTCATCCATCACCGGCACTCCGACGACTCTTGCTGGTTACGGCATCACAGATGCGCAATCTTCAAGTTTAGCTAATGGCAAAATCTTTGTCGGTAATGCTTCCAATATCGCAACTGGTGTCAGTGTTTCTGGTGATGCCACTTTAT
NZ_CP030034.1_gap68	2763279	2765184	1905	GCGCTTGCTTTGCAAGAAGAAGGCGTCGATGCAATTGTCTTGCAAGGTTTCGAAGGCGGTGGTCATCGTGGTGTTTTTGCGACGAATGAAGACTACGAAGTGCCTTTAAAGATTTTATTGGAATCTGTTCGCGGAAAATTACGTATTCCCTATATTGCTTCCGGTGCAATTATGGATGGCAAAGACATCAAGGAAGCTTTAAGTCTTGGCGCTTCCGCTGTGCAAATGGGAACGGCCTTCTTACTGTGTCAAGAAGCTGGCACTTCAAAATGTTACCGCGAAGCTTTGCTGTCTAAAAATGCCGCAAATACTGACATCACGATTGGCTTTAGTGGACGTCGCGCTCGCGGCATCGTGAATCACTACATGCGTGAGTTCAAAGCGAAAAGCAAAGTGCCACTTCCCTTCCCAATTCAAAATACTTTGACTCAAGATATTCGTAAAAAAGCGACGGAGCTTGGGGTTGCGGATTATTGTTCGCTGTGGTCAGGGACGGCAGCAGACAGAATTCGCGAGTTAAGCGTTAAAGATCTGATGCACGCTTTAGTTGAAGAAATGAAGTAAGACCTAACGCGAATTCAAAATAAAAAAGGAAGGTTTAAAGCCTTCCTTTTTTTATTTACCCTGAAATTTTGCAATCGCTTTGTTGCGCATAGCTTGCAAAGCTTCAAAGTGATCCGCAGTTCTTTGCGTGATTCCCTGATATGCCGCCGCCATATCAAGAACACTATGCAGGTCATTCAGATATGCAAGCTTCATCGTTTTCTTCGTCATCTGCACTGCAACTGGAGCATTGTTAGCAATCTTTTCCGCCAACTTTTCTGTCTCTTGCATCAAGTGCACATCATCAAAATAATAATTCAATAAGCCCCAGCTATAAGCCTCTTCACCGCCGACAAGATCACCAGTTAAAGACATTTGCATCGCTTTGCTGAAACCAATCACACGTTGCAGGAAGAATGAACCGCCATCACCTGGAACCAGTCCCAATTTTACAAAGGTTTCACCGAATTTAGAAGTGCTGCACCCTGTGCGCAAATCACACATCATCGCAAGATCGCAGCCCGCACCAATGGCGGCACCATGAACCATCGCAACGATTGGTGTCGAAAGATCTTCAATACATTTTGGAATCTGCTGAATACCGTGAATGTAGCGCATGCGCAGTTCGTTCGATTCGCCTTCAAACATCCCCGTCTTATCAGCCATAGCTTTGACATCGCCACCCGCACAGAAGTTTTTACCTTCCCCACACAATACAATCACGCGAATATTCGGATCAAAATCAGCGTATTTCAAAACGCTGATTAATGAATCTGTCATTTCGTAAGTGATGGCATTGCTTTGTTCTGGGTTATTCAAAGTCACCCATAACTGGTGACTTTTCACTTGAACTTTAAGATGGGTAAAATTTTGCGAATAAAAGCTCATAGATTATCTCTTCGGGAAAAGGCCTTCACGTTTCGTGAATAAGTTTTTTAACCAATGACCAAAAGTATCTTCAGGTCCTGGCAAACGATCGGGAACAATTTGACCACGTTCGCGCAATTTCGCGCATAACATTTTCACCTTCTTTTGCGAATCTGGTGAATGCACAAACTGCACACCGAAACCTTCAACGCTTGATTTCGCAGTGACATAAACCACACGGCCTTGCGCTTCAAAAGATTCGTCTTCAAAAGCCCACGTCAACTTCACAGTTTCGCCCTCTTTCAGGTGACCTGAAGTCAAAGCGAACAAACCGCCCTCAGAAATATTTTTGATTGAGCCCGTTTCATTCGAACCATTGATCGTCAGCGCATTGTTAAACACGTAACGAGGAGCAGCCTCCCACCAACGCAAACGTGGATCAAGATACACATTACGAACTGCGGGAACAACGAAGTAAGCAACCGCCAACAAGTC
NZ_CP030034.1_gap69	2775575	2778223	2648	TTGGCGCCCCACCCAGGACGCCGATTCGATTCACTATGATGTAGTTTTGGACTCGACTTAGGAAAGCGCGGAAAGAACCCAGACTCGATTATTTATTGTACGCCGTCTCAGAATGAGATCCCGAGGTTTCTTCAGCGAAATATTACGTTATACTCCCTGCCTATTTCGAACTCATGAACCCTTCAAAATAAGATGCAAGCGCGAAAACACTTCCTTTAGAACCTCTGATTCTAAAGAAAGATTATCTGAGCTGTCTTTAAGAGATGAAGCTAGTGCGGCATTTTTTTGAGTGATTTGATCAATGTTATTCATTGTGGTCGAAATTTCTCGTACACCCGTTGCTTGCTCTCGAGAAGCTTCGGCAATACTTTGGTTAATTTTGCTGGCCTTTTCGATTGCATCCACAATTCTTTGTAAGACCAAGCCGCTTTCATCCGCTTCAGAACGCCCGGCGACTGCTATTTCGACGGTGCTTTGAATCAGATCCGAAATCTCTTTAGCGGACTGTGAACTCTTTTGCGCAAGATTACGAACGGCATCCGCAACCACCGCAAAGCCTTTACCTTGCTCTCCCGCTCTTGCTGCTTCGACAGAGGCATTCAAGGCTAGTAAGTTCGTTTGAAATGCGATGTCTTCAATAACCGCGGAAATTTGCTCAATCCGTTCCGACTTTTCTGCAACGGCCCGCATCGATTCAATAAGACGCGAAATCTTCTCTGAACCTGCTTTTGCCGACTCTAAATTACTGACGGATAATTTATATGCCTCGTTGGCATTTTGTGAATTATTATCCACCATAGATGAAACCTCTGTTAACGAAGATACAGTTTGTTCAAGTGAAGCCGCGCCCATTGTCGCCCCCTCTGACATTTCTTCAGAAGATTGTTTAAGCTGTCCCCCATTTTGGGAAATACGCACGCAACTTTCATCCATCTGCTCACCAATACGCACCAGAGATTTCACGTTGTGATCTAGGTATAAATAGCTAATACCTAAAACAGCGAGAAAAATTAAAGCTCCAACGCCTGCAAGTTTATAAATCATCGCATGGACAGAGGAATAAATTTCATCAGTTTCCTTTTCGACAATCAAAGCCCAACTGTGACCAAAAAACTCGATGGGAACGTAGAAAGACATAACGTCTTTAGCAAAAGGATTTTTTGTCGTCTCCATTCCCTCTTTACCCTTTAAAGCGTCTTCGATCGAAGTCGTTTTAAATTCACGCTTGTCTTTTAAAGACTCAACACCAGTGACATTGTTGTTTTTATTTATATAGTTCGTACGTAAGAAGTAATCAGGCCCCACGATATACGATACGCCTGTATCGCCCTCACCAAATCGCCATGAGGCCATTTCAGTAAAGACGCCCATACTAATGCGCGAGATGACAACTCCTAATACATCACCTTTTTTAATTCCGTCAGAAGCATAGTCAAACTCAGCTGCTTTTCCCTGACACAGAAAAGATTCCATCTGACCGGATATGCTATTGATACTTGTGCCAGAAAAAATCAGTGCGCGCTCTTTGGATTCTTTGGCTTTGCGATAACATTCGCCCAGTTTAGTTTCTTTGAAGACCCCACTAATCAGATTCTTTCCGAGATAAACATTTACATCTTTATCTTTTGCAATCGCAAAGACGACTTGGCCGTTTGTGGAGGCTAAAATGATATCGTCAAAAGCAAAGTCTTCTGCCATCGTCTGAACGCGCGCTAAAAAACTTTTATTCAAATTTTGAAAAGACGGCGTGAATGCTTCTAAATCTTTTCCCGGCACGAGCCCCGAACCATACAACGCTCCTTCATAAGCTATGAACATTCCTTCGATCAAACGACTGTCACTCACCTGCGCTGCATAGTTGCGCAAGCGTTTTGCATGCTCCGTTACGTTCGTTTTAATTGTATTCCCTTGGCTGCGAAGCTGACCTTCGACTTCCGCTCTTAGACCGTTACGCGCGCTCAACGAACCAATGATGATTAGTAAGATCGCAGTGACACCAATTGACGATGCAATGACACCCAATAGCTTTGCTCTAAATCCCAGCTTCACAGTTGCTCCCAAGAATGTACAAATTCAATTTTATCTTTGACTGAAACGAAAGATTATTTCCAAACGCCAGAACCAACGATCCAACCTTTAGGACCACCGCACTTCTTTACGAATGAAATTTTGTCCGTTGCTTTTTCTGCGCCAGGTTTTGGCCAAACATAGTCAACCCAACCGCCATCTTTATTGGCTTTTGCTGATTTATCGAATTCCACGAATAACAACTTGCCGTTATCATCTTTGTTTTCTTTGAGTGATGTGCCATTTAATTTAGGCTTGATCGGATGTTTCACCATATTGACGTTGGCGTCTTGCACCCACACATAATTTGAACCGCAAAAACGATATGTTTGCACTGTCTCAAGAGCTTTATCTGCGTCAGCCTCAACATCTTTACAGATCTTTTCTACTGCTTCTTTCGCTTGTTCTTTTGTACATGCTTCTTCCGCTCGTGCCGAAAGTGCCAATAAAGATGATGCGACGATTAACATTGCTCTTTTCATTTTAAAACTCCTTGTGGTTATATTTTAAGGGCGACTAAATAGTCGGCTTTTATCTGTTCTTTCACACGACAGGTTTGGCGCTATTTAACAGATCGTTAA
NZ_CP030034.1_gap70	2782183	2784179	1996	CACTCCATGGAGTTTCATCTTTTTTGAAATTTCCAAAGGCCGCTAACGACGCTGGAATTTCCGCTTCGACATTCGCTGGGTATTCCATTTGTTCACGGCCCCACTGCTCTTGCACATCTTTGCGAGTCATGAATTCAATGAACTTTGTAGCTAACGCTTTATTTTGCGTTGTCTTCAAAATACCGATTCCCGAGCCATTCATATGTGCACCTGTTGTCGCCTGATCGGCGAAGAAGGGTTTCGCATTGATTGTTTTTTTCATTTGTTGTTCCGCCAGATAGTGCGTGTTCATCACACCCACTTCGCAAACTCCGGCATCAATATTCGCAAGTAAAAGCTCGTCACCAATCGTTGGATCAATCACCGTGTTTGCAACCCAACCTTTGACAGCTTGCAAAGCTCGGTCGTAGCCCAAGTGCATAATCATCGAAGCCACATAAGCAACGCTGTAGGAACTTAACGACGTACGCAGACACATGCGTGCGGTCCATTTGCTGTCACCTAAATCTTCGTAAGTTGAAAGCTCTGCGGGGTTCAAAGACGACGGATTGTAAACCATCGTGCGCGCGCGAAGACCTAAGCCAGTCCATAAATTGTTTTTGTCGATCATATAGGCCGGAATGTTCTTTGCGACCTCTGCACTTGTGAACGGGATCAACAAATCTTTCGCGGCTGTTTCATTCAAGTAAACAAGGTCTTTCGTAAAATAAATATCGCCTTTGGATGTCGCTTTTTCGGCTTCCAACTTTTTCACAAGTTCCCAGTTCACATCACTGAAATACGCGATCTCGACACCTTTGTTTTCAGCTAAAAACTTGTTCAATAAATTTTGGACGCTACGTTGTTTGTGCGTGGAATAGATCGTCAAAGTTTCGGCGGAAGCCAGTGCCTGAAAACTCAAAATCGCGGCACACAAAAAAGCGGATACAGTGCTTAATGTCACTTCACTTCTCCTTAAGGAATTAACAGGAGTGCCAGTGATAGGCTCGGCCTAAAAAAGGGTCAAGATCGCCCCCGGGATTTCAAAAAGTCCCTGGTAATGCCGCCCTTTACGACCCGTAGGTGGAAGATAAATGAAAAAATGACCCACCCTGCCCGAAAAAGGGGCTTTCTCTCTCGAGACGGCCTCTTTTTTTCGTTTACGAACTTTACTCTTTTGGGGGCCTTTGCTACTTTCCTTCAAACGCACTTACCTACTCTGGAGACTACGAGTGATGAAGGGCCTAAAGATCTTTACAGCCAATGCCAACCCCGCTCTTGCCAAAAAGGTTGCTGAAGCAGCCGGTGTCGAGCTTGGATACTGCGAAGTAAGCAGTTTCGCCGATGGGGAAATTCAAGTTGAAATTCATGAAAGTGTTCGCGGACAGCATGTCTTTGTCGTGCAAAGTACTTGTCCTCCTGTGAACCAAAACTACATGGAGCTGTTCGTGATGCTCGATGCTCTAAGAAGAGCTTCTGCAGCTTCAATCACGGCTGTCATTCCATACTACGGTTATGCCCGTCAGGATCGCAAAGTAGCACCTCGTGCTCCGATTTCTGCGAAATTGATGGCGGACTTGCTGACTACGGCAGGTGCGAACCGTGTGGTCTGCGTGGACCTGCATGCGGCCCAAATCCAAGGTTTCTTCAATGTTCCGGTGGACCACTTGTTCGCGATTCCGACTTTAGCTCGCGCTTGGCGTGAGGCTTACGGTCAAGGCAGCGAGTTTGTCGCAGTGAGTCCAGATGCTGGTGGCGTGGAAAGAACCCGTGCCTTCGCTAAACGCATTGAGAGCTCTATGGCGATCATCGATAAACGCCGTTCTGGCCCAAATGAGGCTAAAGCGTTGCACTTAATCGGCGATGTGACTGGAAAAACAGCAGTTATCGTCGACGATATGATTGATACGGCTGGGACTCTTACACAAGCTGTTGACAGTCTTTACCGAAATGGGGCAAAACGTGTGTTCGCCGTTGCAACGCACCCTGTTTTGTCAGGTCCTGCGATCAGTCGTTT
NZ_CP030034.1_gap71	2978986	2982332	3346	CAGCAAAGGCCCCATGTACCAGCACGATCGTTTTTTGCACATCTTTCGTCGCTGAATTCGCAAATCCCACCGAGGACATCATAACGGTCATCATTAAAGACACGACCACACACAGAAGTCTTGAATGCTTCATAGTACACTCCCTTTTTTTGTTTGGTTTTATTGATACCAGTGAAGTGAAGCACCAACCGAAAATTCAGCCAAGGTTTTCGAAGTCTGGCTGTAAAATGAAATGTGCATGTGGAATTTCAAATATGCGATTACTCAAAAATCTTTTCGCGGATCGCCCAGAAATGCTTTTGCTTGCGCGCGATCACAAACATCGGAATGCGGAATTTATCTTTGTTATGTATCGCATCCGCCACAGAACGGATTGCCAACTTCTGTTCAGGCAAACGATTGTGCATGCGAGTGAAATTAAAATAAAATGCGCGGCTATCTTCAGGCGTGCTGAGATAAAAATATTCTTTTAAGACCTGGGCATCGGCATCGTAATAACGGACTTCCAGACGCAGATGACCCTTTTTGTCGTAGGTCTGCTCTAAAGACATCGTTTCAACACGCATGACGTGTGCATCTTTTAACATCATAGCGTCTTTTAACTTTTTATCGTTATCGACTAAAATGCGATCGCAGCTATGACAGACTCGTGCTGCGATATCGTTTTCTTCGCCACATTGATCGCATTTCTTAAACCGAAATCTAAAATCGCATTCGGTCATCTTTTTGGTCGTGGGATCTTCGAACGCGGCTTTACATTTACGGCCATAATGCTCGACAAGCTCCCCGTCGGGATCTAACAAACCCCAAAAGTGATTCGTCACACCGCACTTTGGACATAGCACTTCGACAGGTACAGCTTTATCGCTAGGTTTATCGTCATCGATTTCCGGCGAATAGAGGTCGTGATCTTGTCCTGTATAATCCAGAACCAAGCAATCGGTTTTGCCGGGACTTAAACGCAAGCCACGACCGATAATTTGTTGATACAAACTCACCGACTCTGTCGGGCGAAGAATCGCAATAACATCCACGTGAGGCGCATCAAATCCCGTCGTCAAGACCGACACGTTCACCAGGTATTTTAATTTTTTCTGTTTAAAGGCCTCGATGATCTCGTCACGTTCATCATCAGCGGTATCGCCCACAACCAAGGCAGCAACATACGGAGGCAAACACTGCATGATTTCGATGGCGTGATTAACAGAACTTGTGAAGATCATCACCCCTTCACGATCCCGAGCCATGTCGATAATATTTTTAATAATCAACGGCGTAATACGCTTTTGATCTTTCAGAAGCGCTTCCACCTGCGCCATCACGAAGCGGCCTTGCTGAAGCTTTAAGGTCGAAAAATCATAACACGCCACCGGTGAATCAATCTTAACCGGTGGAGTCAGGAACTTGTTCTTAATCAGATAACGGATCGAAAGCTCAAAAATACATTTTTTAAAAAAACGATCTTCTGTGGTTTGCTGCAACTTCTTTTGCGCGTGATAATTATAAATCCAGCCCAAGCCCAGACGATAAGGTGTCGCCGTTAAACCAAGAATGCATAAACCGGGATTTAAATTCTGTAGTTTAGAAATGACTTGCAAATACTGCGTCTCTCCGTCCATCGAAACACGATGACATTCATCGATGACGATCAACGAAAAGTTGTGAAAGAATTCTTCAGGTGCCCGTGCGATAGATTGAATGCTTCCGAAAATAACTTTCTGATGCATCTCTTTACGGTCCAGACCTGCCGAGTAAATTCCTGCTTCTAAGCCGAAAGAAATATATTTGGCGTGATTTTGTTCTACCAATTCACGGACGTGGGCCAGAACCAACACACGACCTTTCGCTAAACGCGCCAATTCCGCAATGACTAAGCTTTTGCCGGCACCCGTCGGCAAAACTAAGACAGCCGGTGACTTCTCAACACGAAAGTGTTGCAGCGTCGCTTGAACGGCTTCTTGTTGATAAGGGCGCAGCTGATACAAAAGAGACTTCCTTGAAAGTCCCCACTATAGCTCTGTGACTGTGATTTCGCAGCAAATTTTTATGGTGATGGGGTGTTTAAATCACTCACATAAAGCTCGTGTCCTGCCATACGCAGACAGTGTGCGCCACAATAAATCATTCCGCCCTCTTCCACGCCGGGGCCTAGAATTCGCACAGAGCAACTCGCGCAAACCGGAGCTAACATGTGAATGGCACATTCAAAGCAGTCAAACTCATGGGTAGAAGTGTGCATCGTCACTTTGAATGTGTTTTTATAATGATTTCCACAAGTCTCACATTGTCCCATAGACACCTCCTACCGTTCATTTCCTTCAAGGATACGAACAGCTTCTTGTGATGACCATTTACGAATCAGAAACGTTATCTGACATACGGCGAAGGTCGCATTGAAATTTCCTGTGGTGTTCTTATCATTTGATTATCGCACCCGTTTCATCACCAAGAAGGTTCTATGAAAATCTTTAGCGATCGCATTGATGCTGGAAAAAAACTTGCTGAACGCCTTTTTTCATTCAAAGCGCAGCATCCCGTTGTTCTTGCGATACCTCGAGGTGGCGTTCCGGTGGCCTTCGAGGTCGCGCAAAAACTCCATGCGCCCCTCGACTTGATTATGGTGAAAAAAATCGGAGCACCTCGCAATCCTGAATATGCTGTTGGGGCTGTGTCTGAAGATCAAAAACCGATATTAAATGAAGGTCTTCTAACGCTGCATGGACTTAATAAAATGGCCATCGAGGAAATTGCTAATGAAAAAATTCAGGAAATCCGCAAACAAATGCAAAACTTGCGCGGCTCTGCAACACCCTTGCATATTGCTGGCAAGACAGTTCTGTTAATTGATGACGGCATCGCGACAGGTACAACCTTAATTACCGCAATCAAATTCATTCGCGCTAAAAATCCTGCCAAAGTGATTGTTGCTGCACCCGTCGGAGCACGTGATTCAGTTTATCAATTACAAGCTATTGCCGATGACGTGATCTGCCTTGAAACACCAGAAAATTTTGCCGCCGTCGGCGAATGGTATCAAAACTTCGATCAAGTCAGCGATGACGAAGTGAAAACTTTGATGCAACAAAGAAAAATACATTCTGCGCATCATTCTTCTGCATCCAAAAATTCGGGACCTGACGATATCGTGCAAGAAATCGCAGACTGTAGCATGCCCGTTCGAGGCCCTCAAAGCTGGGAAGCGCTGATCGACCACCTGGGTAAAACGCGAGTTGTGATGCTGGGCGAATCCAGTCATGGCACTGAAGAGTTCTACAGTATCCGTCGTTATATCTCTGAGCGTTTGATGAAAGAGTATGGCTTTAAGTTTATCGCGGTTGAAGGCGAC
NZ_CP030034.1_gap72	3020333	3022498	2165	ATCAATCTCACCGTAACCCATGCGTGTTTGGGGACGACGATTGTCGGGATAAGGAACGGCGTAAACACCTTGGTCTGTTTCTTTAGGATAAGTGTGCAAACCTAAGCGCGCCAAAAAGCCATCGAAACTTGTAAAGCCTGTGACGTTTCGGATGACCTTGTTTAAAAGCTCTTTCAAAGGATTCCACGAACGATCTTCAATGAAGTTACGCACCGGTTGTACTGGCGGCAGAACTCCGGTCACAGTCACTGGATAGATTTGCGCATGAATTTTTCCAGCATCGCGATAAGCTTCAAACTCGCCTTGCGGAAGATTTAGAATGTTTGCGCGACCATCTTCAGGCACGCGCGCTGATGTCGTCCAATCCGCTTGGGCAAAGGCTTTTGAGGACAATGAGAAAATAAAAACTGTAAGCAAAATGGCAAATCTGCAAGACATGCCTGAAAGCTAGCCACAATCTTACGGAGTAGCAATTTTAATAGAGCAAAGACCGTTTGCGTCAACTAACTCAAACCCACCAGGTGCGCGACTTTCGAGACAAGTTTCGGGCTTGAGAACGGCTTGCCGAAGAATTCATTAAAGCCGTTGCCCAGTGCCTTTTGCTCACTCTCTTTATCCGTAAAGGCTGTCACTGCGATCATGGGGGTTTGCGTGCCCAACGACGTTCTGCCGGCACGAACCTTACGGGCAAGTGAAAAGCCATCTTCTTCAGGCATACTTAAATCTGAAACCACAAGGTCGAACGGAAAGAGTTGCGCCAAACGAAGAGCTTCATTCACCGAATCCGCTTTTTCCACTTTCGCACCATTTTTTTTCAAAATAGTTTCAACGAGTGCGCGCGAATCATCATCGTCATCAACGACAAGAATTTTTGCGCCTGTCAGAGGATGAACTCTTTCCGTTGAGTTTTTCGCGTACATAGAAAGTGCTTCCGCTGTTTTTTCTTTATTAAGATCAATCAGAGGAATCGAGAATTCCAAAGTGGCTCCTTTATCCACGCCAGGACTTGACGCTTTAATTTTTCCACCGTGTGCTTCAACGAGATATTTTGTGATAGAAAGTCCCAAGCCTAAACCTCCGTGGTGACGAGTCACTGATTCATCCGCTTGCTTAAAACGATCAAAAATAACATCCATGAACTCTGGAGAAATCCCTTCTCCATGATCTTCAACTTTCACAAGAACGCCCGGCCCTGATTTTTGAATTTTTACAAAGATCTGACCGTCATCTTTAGAAAACTTAATCGCATTGGTTAATAGATTCGCAAATACTTGGCGTAAGCGATTTGCGTCGCCCAACACCAAAGCTGATGGCATCTGCGATAGGAACTCGATCTCGACGCGTTTTTTCTGGGCATCAAAGTGCACGCTTTGAATCGCCTCTTTCGCGACGGCGACTAGATCCGTCGGTTTTAAATCCAAAGCAAGACGTCCCACCATCATCCGCGAGGTATCCAAAAGATCGTCGACGATATGCGCTTGGTTGCGCGCATTGCGTGCGATGGTCTCTAGTCCCCGTTGAGTTTCACGATCATCGCTTTGTTCTTCGGTTAACATTTCTGACCAACCTAAAATCGAATTCAATGGAGTGCGCAATTCGTGTGACACCGTCATCAGAAAATTGTCTTTCGCTTTATTGGCCTGATCCAGCTGATCAATTTGTGCTTTCAGATTTTTGACGAGCTCGACATTTTCCATCGCCACTGAAACAGTATCAGCCAAGGCCTGCAACATCTCGCGCTCTTCGGAAGTGGGCGTGTATTCTTTTGCCCAGTAAACGCCGATCGCGCCGATAGGATTTTCTTTACGAATAGGAAACATCGCTAGGCTTTTTACGAATGTGGGTTTGTACGCTTCAAGAGGAATGCGCGAGTCTTTGTAAATATCCGGAATGACAACCGACTGCTTGTGAGTCATCGACCAGCCACTCACACATGAATCCATTGGAAACTTTTGTCCCTTCCATAAGGGACTTATCGCATCTTCATCCGCGTAAAAGCAGAATCCGTTATCACGAAGCACGAAGGTCGCACCATCTGCGTGTACCAAGTCGCGAGCAGAGCTGCGCACCAAGGTCATTATTTCTTCGATGCTTTTCACAGCAGAGAGATCTTGAATAACGCTAACGAGTCTTTTCATTTCAGCGCGTGCCATAGAATCCTCGGG
NZ_CP030034.1_gap73	3027684	3030761	3077	AGCAAAATAGAGTTATGACAAATACGCCTCACCATTCAAATGCAATGCAAGTTCGCCAGGCCCTGTGGGCTTTGCAAAAAGAAATTTTGAATTCTTTGAAAGAGCAATTCGATAGCGAAGTGGGCTACGTGGCTGCTCCGACAGAGTGGTTTCAAGTTTTGATGACGGCTGAACGTTATGTGTGGTTGAAAGAGCTGACGTCGTTGATGGCCGATATCGACATCATGACCGAGCTTGAAGAGATCACTGAAACCCACTCAAGCACAGCGCGCGCAGAAATCGAGCGCCTCTTGCTTGAACACGTTGAGCACTCTGACTTTGCAAAACAATATAAAGCACTTTTGACATCTGGCGTGGATCTTATGCCAGCACACTCGCGCTTAAAAGCCGCTGTTCAACATTTACCTAAGGTCGAGATGACGAAAGACCAATCGCTTGCCGAAAGAAAAACTTGGCACGAACAGCACCGTCATCAAGCACGTAAAAAAAGAAATTAAGATCCGCTAAAAGACATGTCCTCACCTGATCGCACTTTAAAGTAATTTAGAGATATCAGGGAGGACATTATGTTTTTCCGAAAACTCTTCTTCTGTGTCTTCTTAGTCTGTGGTTCTTTCGCAGCCGCTGCCGTCAGTTTCCACCTTACTTCCGCCGTTGAAAATTTTAGCTTCTTAAACTCGCTTAATTCAGGGCGCAGTCTTTACGAAAAATATGGTGGCTATCAAACCATAAAAAAAATTGTCGATGATACCGGAGCTGCTTTGCTTTTGGATCCCGTCACAGCGCCGTTCTTATTATCGGGAAGTACTTCCGAAGCCGACTCTTTTGATCGGGTCTTAAGCTGCTTGGACCAACAATTCAGTTCACTTATGGGTGGCCCCTATAACTATCCCGATGTCTCTTACTTCCGTGGTGCACCGAACGAAGGATACTCTTGCTACGAAATCAAATCCTTGCAAAGCAATTTTAATCTCTCCCCTGAGGTCTATGATCGCTTTATGGTGATTTTGATTGATGTGCTTCGTTCGAACGGAGTCAGCAATAACGACGTGAAATTAATTACTGAACAAATGAACTTACAACACGACGATTTAGTGGGGCTGTAATCATGACAGTAAAAATGAAAGAAGAAATCTCGCGTGGAGTTTTGTTAGCACTCGTACTGCTTGTCGTTACGGCAGGGCTTGTCGGATTTTTACATACTCCGGCGGCGCAAAGAATTCCATTTATTCAAGAAGCGACGAACTCAATATTAGGTTACAGTTGCTCTTCAGAAAAAATGTCATTTGCAGAATTAAGCTCATTACGCACACGTGCGATTTCACACTTACAAGGATTCCAATACGCGCCCTCACGCCCCGCCTTAGGTTTAATACTTGATCAAACGACGATTCGCGAAGCTTCGAATTGGCTGCAAGAAAAAGGCTTATCATGCCGCCACGGCGTGAATGCGTACGCCTTTATAAAATGCATTCGCGTTCCTGCAAACTCACTTGGAGAACGCTCGTTTAATCTGATCGATGAGATGGCTTTGAGTTTTAATAACAAAGGCAAACTCGTCTCAATCAATCTGTTACGCAGAAAACTTTCTGCCACTGATGGCGCAAAAATCTTAGGCGACATTTCACACAGCTTGAAAAGTCGACTTGGGAATCCGACAAAGATTTTTGGCGATATCGATGTCAAAACTTTTACTGAGGCAATGAATTCAGTGTCGATTGAGTATAGCTTCAAAGACTATCTTGCCAAGGTGACGGCATCTTACCTACCCTGGTCTGGGGTTGTTTTGTACGAGCAGTATTTAAGTTATTCCGATAGCGAATAACTATGGGGGCTAGGATGGCCCCTTTTTTAATTTTAGCCTTTTACACATAGAACTTGTTTTAAGATTGCAACCACTTCGACCAGATCGTTTTGGTTGTTCATCACTTGATCAATGTCTTTGTAGGCCGCTGGAATTTCATCGACAACGTGTTGGTCCTTGCGACATTCAACACCTTCGGTTTGTTTCTTAAGATCGGCAACTGTAAATCGTCGTTTGGCTTCCGAACGCGACATTCTTCTTCCCGCGCCGTGCGCACAGCTATTAAACGACTCGGGATTGCCTTTGCCGCGCACGATGTAGCTTCTTGCACCCATCGAGCCGGGAATGATACCTAGATCGCCCTGCTGGGCACGTACCGCGCCTTTACGAGTCACTAAAACATTTTCGCCATAGTGAACTTCTTTAGTCGCATAGTTGTGGTGACAATTCACCTTCAAGGAATACGGAATTTCCGCACCGTGCATTCCGATATGATAAGAGATGGCGTTTAACACACGACGAAACATCTCTTCACGATTTTCAAGAGCATAACTTTGTGCCCACTCAAGATCGCGCATGTAAGCATCATAGTCTTTTGTGCCTTCGACATAATAAGCAAGATCAGGATCAGGAAGCTTCACTGCAAGATTCTTAATTTCCGATTTCGCGTTACGAATGTGGGCTTCCGCCAAAGATTTACCAACATTGCGCGAGCCTGAATGCAACATCACCCACACACTGCCTTGCTCATCCACGCAAACTTCGATGAAGTGATTTCCTCCTCCCAGTGTGCCTAACTGCAATGACGCTTTTTCTTTTAAGCGCATGTTCAGCACAGACTCGGGAATATTCTTCCACCCTTTCCAACTTTCAACAGATTTTGTAAGGGATCTATTCGATTCGTGACCCACTGGAATTGCATTTTCGATTGTTGCTCGCAAACGATCCAGGTCATGTAAAATGCGATCAGGCTCTACGTTCAAACGTGCCGCAATCATACCACAACCAATGTCCACGCCCACCGCAGCAGGAATGACAGCGCCTTTCGTTGCAACGACGCTTCCCACTGTCGCACCAATTCCCAAGTGAACATCAGGCATAGCTGCAACGTGTTTGAAGACGAATGGCAACGATGCCGTGTTCTGAAGTTGCTTTAATGCTTGAGACTCAATCTCTTCACTTGGCGTCCACAATTTCACTGGAACATGAGATGTAGTAAGGTTCGTATAGACTGGCATATGGTCCTCTTGTAATCCGCTCTCACTCTGGAATG
NZ_CP030034.1_gap74	3033550	3037851	4301	GAACCCGCTTGTAGCTCTGGCAAGTTGATTTCTTTTAAACCTGCGCGTGGACCTGAACTTAACAAACGCAAGTCGTTGCAAATTTTTGAAAGCTTCACTGCCGTACGTTTCAATGCACCTGAGATGATGATGTAAGCACCGCAGTCACTTGTCGCTTCAATCAAATCTTCCGATTGTACGAAATCATAACCAGTCACTTCTGCCAGCTTCTTAACAGCTAATGGAGCGTAACCTTCAGGCGCATTCACACCCGTGCCGATTGCTGTGGCACCAAGATTCACTTCAAGAATTAGTTTTTGCACGGTCTTCAAAAGACGGCTGTCTTCTTTCAACAATGTGGCAAAGGCGTTGAATTCTTGACCCAATGACATTGGAACCGCATCTTGCAACTGCGTGCGACCCATTTTCAAAACTTTTTTAAATTCGACACCTTTTGCTTCGAACGCTTCTGCTAAAACGCCAACGGCTTTGATCACTTCATTCAAGTGTTCATACAAAGCCACACGGAAGGCCGTCGGATAAGCATCGTTCGTCGATTGGCATTTGTTGACGTGATCATTGGGATGAATCACATCGTAACGGCCTTTTTCCAAGCCATGAAGTTCCAACGCAATATTTGCGATCACTTCATTGGCATTCATGTTTACCGAAGTGCCAGCGCCACCTTGGAAAACATCCGAAGGAAATTGTGCGCCCCACGCTTTGGGATTTTTTAAAATTTCATCGCACGCTTTCACAATCAAGTGGCCAACGTCTTTAGGGATTGTTCCAAGCTCCATATTCGCAAGCGCAGTTGCTTTTTTCGTCAGGGCCAAGCCACGAACAAACAAGGCATCTTCCCCGATCGTCTTTCCAGAGATCTCGAAATTTTGAATCGCACGAAGGGTGTGAATCCCATAATATGCTACGGCCGGAACTTTCAATTCGCCTAACAAGTCTTTTTCAATTCTAAATTGTTCCATACTACATCTGCTCCAAATTCAAAATCTCGCCGCGCTTTAAAACACGAAAAGAACTGTCTAACACATTCGCTTTTTTCAGCTCTTCGTTTAACAGAGCTGGTGGCGCATCTATGGCTTCATCACTTAAACGAAAACTGCCCCAGTGAATCGCAATAGAAAGCTTCGCGTGCAAGTCTTTATGCATCTGCACTGCTTCCGCCGGATCGACGTGATTCTGCTTCATGAACCAACGAGGCTCATACGAACCGATGGGTAACAAAGCGACATCAACAGCGCCAAATTTCCGATAGATATCCTGAAAATCTTTTGAGTACCCGGTGTCACCTGCAAAAAAGAATTTAAACTTTTCTGTGGTGATGAACCAACTGCCCCACAATGTCTGGTTACTATCGAACAATCCGCGATTGCTCCAATGTTGTGTCGGAGTGAAGGTCAGCGTCAACCCTTTGACAAAAAAATTGTCCCACCAGTCCAACTCTTTGACATTACGAATGCCTTCGTCTTCTAAAAGTTTTTTGTTCCCCAGCCCCACAAGAAATAACGTTTTCCCTGGATCACGCTTTTCGAGTGACTTTAAAGTCGCAAGATCCAGGTGATCATAGTGATTGTGCGAAATAATCACGACATCAATGGGTGGCAGATCTTGCAGTTGAAATGGCAACTCTCCTTGACGCTTAGGTCCGATAAAAGAAAAAGGCGAAACTCTTTCTGAAAACACTGGGTCCATCAAAACGCGCACACCATCAAGCTGCAATAATGCCGAGGAATGCCCAATCCACGTAAGCCTATCGCCCGAAGCTTGTTGCAAGGCATTCACATCAGTCTTCACGATTTGCGGAACGTATGGGGCTTCTTCGGGTTTGTCTTTGGTTAAACGCTCCCATTGCCATTTTAAGACGCTCGCCCTGGGTTCGCGGTTGTAATTGTTAAGGAAGCCCTGTTTGCCGTAGTGAGGCTTTAATGAATTGGCCATGCTTTAGACTAACGTGTTTTACACGAGCCGTCATGCACCCAATTATTGCCAGTGGTCACAAGGCAGTTTACGACAGAGTTTTGACATTTTTAAGTAGGAGAAACTCACCCGTGTTGGCAGCTTATTGGAAGCAAAGAAGCTTATCGCAAAAAGTCACAATCGTATTCATCCTGACTTTAATCTTCCGTCTTTTCTTCAGCACAACTGTCGGCCTGATCGATGACGAGACTTATCACTGGTCATGGGCAAAAAGCCTGCAACTTTCTTATTTCGATCACCCCGGTATGATCGCATGGCTTGAGGCCGTATCGACTGCAATCTTCGGCGATACTTATTTCGGAGTGCGCTTGCCAAGTTTCTTGTGCATGACCGGCACTTTGGTTCTTTTGTACAAACTTACAAAAGATTTGTTTGATGAGTACGCCGCGATCGCTGTGGGCTTCGTGATCTTGTGGTCACCGTTCTGGGGCTTCGGCGGTTATGTTGCTTCACCAGAGCCACCATTCATGTTGTGCTTCGTTGCAGCTGCTTACGTATTCTGGCAAGGAGTGCGCGAAGATGCCCAACGCTGGAGCACAAAGAAAACTTGGCTGTGGCTAGGTGTGATCATGGGCTTGGGATTAAATTCAAAGTTCATTATCGCATTGATTGCTCCAGGTTTTGGTTTGTACTTACTGGCAACCCCTTCACGTCGTCGCGATTTGTTGACGATCTGGCCGTGGGTTGGTTTTTTAATCGCAACTGTTTTGTGTACGCCGATCTTTGCTTGGAATGTGATTCATGACTGGCCGGGTTTCCGTTATCAATTCCATGATCGTCACGAAGGCGGCGGTGGCATCAACATCGGTCGCTGGTTTGGATTCTTTGGCGCGCAGTTGTTGTTCTTAACGCCGTTCTTGTATGTGCTGGTGGTTTTAACATTCATCAACTCGTTCCTAAAACGCACGGAAGCTCGCTGGAGATTCTTGTTCTGCATGACTCTTCCATCATTAGCTGTGTTTTATCCACAACCCTTGTTCGCGGATTTCAAACCGCACTGGAGTGGTGCCGCTTACACATTGTTGTTGATTGGTGCTGGCGCCATTTGGTCGCAAGGTATGACGTGGGGATCGCGCCAAGTCGTTAAACCTAGAAGCAAAGTTTTTACTCGCGGTATTCTTGCTTTCTTTATTCCACTGGCGATTCTTTCTTATGCTCCGTTTGTCTATCCATGGGTGCCAGCCGCATTCCATTTCTTTGCACCAAAAGCAGAATGGAAAACGACTTACGATTTCAGTAACGAATTCACAGGCTGGGAAGAGCTTGGCGATTTCGTCAATCGTCGTCAGCGCGAAATTCACGCGGAAACAGGTCACAAACCTTTCTTGTCTGCCCTTCGTTATGAAACGACGGCGCAAACAACTTGGGGCACAAAACAAAAGATTTACATGTTGAATTCAACAGTCAGTAACTACACAGTTATGCAACCTGTTGAAGAAATGAAAAATCTTGAAGGCCAAGATGCGATCGTCGTGACAACTGAAAAGTATGATCACGATCCGTTGAAGTACGCGAAGTTCGACTCTTGCAATAAAGAAGAACTTAAGACTTACCGTCATGGCGTTCATTCGCGCACATTCAACGTTTATTTGTGCAAAAACTTCCAGGGCATCATCTATAGCCCGGGCGAAGTTCCACCGTCAGCACGTCACTAATCAGCGTTGCGAGGTCTTTTGGATATCAAGGCCTTCGATTTGTACAATCGAAGGCGCCGTCCAAGTTCCGTTCAACACTGACTCCTTCGGCGCATAAATTTTTAAATTCATCGAAAATAATTTTTCTCGCGGGCCCGGAATCCAATTTGTTCTTGGGATGTTAATGCGTGGCTGATCGCCCACAACCAACGTTAGTGATCCATCCCTGCCATAAGTAAGGTTGCTTTTACTGTTCAACTGATAGCGTTTATAGGCGTTTGTGACGACTTTTGAATCCGGCACTCCTAAAATAGTTAAAGACCAGAAACCGCCACTTACATCTTTAGGCAATGCGCCTTTATCAAAATGCACTAAATAAGTATTCGTCCCGTTCATCACGCGATCATCGCGATCTTTTTCAGCTTTAAAGTACACGACTTCTTTCGCTTCATTCCACCAGATCGTACCGAAGGTTGTCGCGGTTCTGAACCAATAGTCTTCGCCAAATCCATCTTTGTACGGAGCCGTCGAACTCCAGCCATTGTTTTTAACCCCGATGTCGGCGACAAAACGACGAAATTGCGGCACTGATTTTTCTTCGATCAAGGTATCAATCTGTTTTTTGTTCACATCACTTTGTGAAGCGTACTGCGCGACCGCGCGCACTTTGGCTTGCAAGTCTTGCGCGGCCTT
NZ_CP030034.1_gap75	3051507	3054826	3319	AGCTTCGGCTATCGTTTTCCCACACACAACTGAAGAAGTCGCAAGCCTTGTTAAATGGGCGCGCGCTAACAAAATCGCATTGATTCCTTCAGGCGGTCGCACAGGTTTATCGGGTGCTGCTGTAGCAACGCAAGGTGAAGTGGTTGTGTCGTTTGATCAAATGAATAAGATCAAAGACTTCTCTCCTGTTGATCAAACAGTGATTATCGAACCGGGTGTTGTGACTGAATCTTTGCAAGAATTCGCACACTCAAAAAATCTTTTTTATCCCGTCGACTTCGCAGCCGTTGGCTCTTCGCAAATGGGCGGAAATATTTCTACCAATGCGGGTGGTATCAAGGTTGTACGCTATGGTCTGACGCGTGACTGGGTTGTGGGTTTGAAAGTTGTGACTGGTACGGGCGATATCTTAGAGTTGAACAATGCTTTAACTAAGAACGCCACAGGTTACGATCTTCGTCATTTGTTCATTGGTGCTGAAGGCACTTTGGGTTTCATCACGGAAGCAACAATCAAATTAGCTCCGGCTCCCCCACCAATGAAAGTTTTGGTGATGGCAGTCAGCGGTCTTGATGCTGTGATGAAGATCTTTGCTGAATTTAAAACTAAAACTTCGCTGGTGGCGTTTGAAATGTTTTCGGACAAAGCGCTGGCGAAGGTTCTTGAAAACACAGGTCTACCAGCGCCACTTGAAACGCAAGCAAGCTTTTATGTGTTAGCGGAAGTTGAAACTCGCAACGACCAAGATGAAGAACATGCTTTGGGTGTGTTTGAAAAATGCTTGGAAGAAGGCTGGGTTATGGACGGTGTCATCAGCCAATCCGACGTGCAAGCGACAACGTTCTGGAGATACCGTGAAGATATCTCTGAATCATTGGCGAAGTATTCTCCGTACAAAAACGATATCGCTGTGACGATTTCTAAAGTTCCGCCATTCATGGAGGACTTAGATAAAGTCTTGTCACAAGCTTACCCAACATGGGAAGTGGTGTGGTTCGGTCATATCGGTGATGGCAACTTGCACATCAACATCCTAAGACCACAAGGCATGACAAAAGAAGAATTCGTTAAAGAGTGCCGTAAAGTTGACGTGATGGTTTTTGATACTGTGAAAAAGTACAAAGGCTCGATTTCAGCAGAACACGGTGTGGGTTTGACGAAGAAGACTTTCTTGAACTACACACGTTCTGAGGCGGAAATTGAAATGATGAAAGGGATCAAAAAAGTCTTTGATCCCGACAACATCATGAATCCAGGAAAAGTATTTAACTATTGATCTAGATGTAAATCGTAAGTCGAACACTGTGACAGCGGATAAGTTTTTTGCTTAATCGCCTCGATCAAGTGTTTGGCTTCGTGACCAAGAGTTGATTGATATTTCTCTCCACGACATGAAACACCACTCGTAGGACGCATAACTGGCGCAACGGGAGTCGTGTCGCTTACATAGTTCTGTAACTGAGCGATTTCTTTTTCTCCCCAGAATGACACGTCACTTTTTTGAATCATGACGCCGTCACAGCAATGACTGCGCAGCTCTTCCAACACTCCTAAAGGTCCGACACGTTTTAAATCAGAAGCTTCGGCAACACCTTGCGCATTCGATGGCAAACGCATTTCTGGTTTCTTTTCGAATGAGCTGCAAGCGGCAAGTGCCAAAAAAACGATTGCTGAAATCGTTGAAGGTTTATTCATAACTATTTTCCTTCCTTAACAAGCTTTGAAGCCACGTTGCCAAACATTTCTGTCAGACCTTTTGTTTCCCACGCAAGGCTGCCTTCACCACTGAACGACAATTGATCGCCGATGGCATCTAAACGATAAAATATTCCTCCCAAAAGGAAGTTTTTTTGCTCTTTTGGCAGCTTATTAAATTCCGGCGAATTTTTCGCCTCTTCAGCGAAAGCAAGAATGGCTTTGCTGGTATCAGAGATATTCTTTCTTGCCTCAGCACTTAAACTTTTGCCACTGAAGGCCTGTTTCGATATGCAATCTTCCGCAGAAGAGATTTTCTTCAACGTCGTGCGCACTTTTTCCGGAATTTCTTTGTGCTTGTCCATATAGGAATCCAAAGAGTCACAACGATAAAATGAAACTGCATTTCGACAATCGGATTTCAAGTCGATTTGATTCTTACGGCATTCTTTTTTGTTTGGAACGTCGTAAGTCTGCATCACTTCTTCCATCGTCTGCAAAGCATACGGAGACATCTGACTAAAACCATTTTTTGAATATGCGATTTTTTCCGAGATATAAATAAAGCCGTGTGATTCTTCGACGCCTGCTCTGCTTACGGTACGAATCGCACCAACGTCACCGGGCTGACGAGCTTCGCCGTCTTTCAGCGCCTTACATAATGGCGGGCGCATATAGAAGTGCATTTCTTCGGGCGAAGAATAACGAAGTGATGGCAAAATTCCGCTCATCACAAGCGATAAATTCCAACAGTTCGGTCCATCGACTTCAGGTTTTGCATCTTGATATTTCACAACATGTTCAGGCACGCAGCTTGAGATGTCGTAACGGCAATCACTTCCACTTTTAGTCATGGGTTCTAAGTTAGAACAGCCTTTGCCAGCTTTAACATTTTGAGTCCATTGCGAAAGACTTTGAATCATGTCCTGCGCATTAGAACACGAATCAGCAAGCACAACTTTGCTGCCCTCTTTGTGAACAACAAGTTCTGCTGAAGCCATCACAGAGGCTAAAACAACGATCGAAAAAAGAAGCTTCTTCATACGAAACATATCGACAAGAAGCTGTTTCCTGATGAGCATTTTAGCGTCTAGTTATGGGAGCTTATGGAGCGGTTCCCTTCCAAGGTCCAGGGATTTAGAGCATAAAAAAACCCACAGAGATGAGCTGTGGGTTTGGGATTTAAATCTTTCGGAAGATCTAAATTATTTTGCTTCTTTTTTCATGCAAGCAGCAGAAACAACGATACGATCAACAACAGGTTTAGAGATCGTGCCGCAAACTTTACCTTGAGCTTCGCAATCAGCAACAACGCGTACGCCACCTTTTAGGTCTGAAGCTTCAACTTGGTTTTGAGCATTGCACCAAGATAAATATTGAAGATCTGGTTCTAGTGAACGAGAAGCATTGGCGAACAATGGACCAGCTATCAACAACAAAGACATTACAAGAGTTTTCATGGATTCTCCTTGGGTTTTCGTTAATTAAAGATGGTCCGATCTAACATAAAAAAAAGGGGCCCACAATGGACCCCGTAAATATTCGTATTAACATTGTTTAAACTTAAGGATCGTCTAATCTCTAGACAATCAGTACACCACACGGGTTCTGATGGAACGGGAGA
NZ_CP030034.1_gap76	3133080	3136314	3234	ATTGAAGCCAAACGTTCGTCACGGTCAGCACCTTCACGAGAGTAAACTTGAGCGTCGATAACTGTACCGTAAACGCCAGATGGAGCGCGAAGTGATGTATCACGTACGTCACCAGCTTTTTCACCGAAGATAGCTCTCAAAAGTTTTTCTTCAGGAGAAAGTTGCGTTTCACCTTTTGGAGTTACTTTACCAACCAAGATGAAGCCAGGGCGAACTTCCGCACCGATGCGGATGATACCAGAGCTGTCCAGGTCTTTAAGTGCTTCTTCACCAACGTTTGCGATATCGCGAGTGATCTCTTCTTTACCCAATTTCGTGTCACGCGCTACGCACTCGAATTCTTCGATGTGGATAGATGTGTAAACGTCATCTTTCAATAGACGTTCAGAAATCAAGATAGAGTCCTCAAAGTTGTAACCTTGCCAAGGAGTGAACGCTACTAGGATGTTTTGACCTAGAGCCAACTCACCAAGCTCAGTTGAAGGACCGTCGGCAACGATGTCGCCTTTCGATACTTTATCACCAACTGTTACGATTGGTTTTTGATTGAAGCATGTGTTTTGGTTCGTACGTTGGTACTTAGTCAAATTGTAGATGTCTACGTTCGCACCAAGTTCGCCACCTTTTGCAAAACGGCGGATAACGATACGAGATGCATCGACTTCTTCAACGATACCATCGTTTTGAACAACGACAGATGTACCAGAGTCACGAGCAACCAAACGCTCTACGCCTGTACCAACAAGTGGTGCGCGAGAACGCAACAATGGAACCGCTTGACGTTGCATGTTCGATCCCATCAAGGCACGGTTGGCGTCATCGTGCTCTAGGAATGGAATCAATGAAGCAGCGATAGAAACCAATTGCGATGGAGAAACGTCCATCAAAGCAACTTTATCTTTATCCACGATTTCATACTCACCATCACGACGAGTGATAGTAGTAGCCGTTTGGATAGATTTGTTTCCAGCTTCGTCACGAGCCGCAGGAGCGATGTGGTGACCAGCTTCTTCCAATGCTGACAAGTAGTTGATGTCTTTCGAAACTTGACCTTGCTCAACTTTACGATACGGCGTCTCGATGAAACCGTAGTTGTTGATACGAGCGTAAGTCGCAAGAGAGGCGATCAAACCGATGTTTGGACCCTCTGGAGTTTCGATTGGGCAGATACGACCGTAGTGCGTAGGATGTACGTCACGTACTTCGAAACCTGCACGGTCACGAGTCAAACCACCAGGGCCAAGAGCTGACAAACGACGTTTGTGAGTGATCTCAGACAATGGATTTGTTTGGTCCATGAATTGTGACAATTGAGAAGAACCGAAGAATTCTTTAACAACTGCGTTCACAGGTTTAGCGTTCACTAGATCGTGAGGCATCATTGTCTCAACATCTTGAAGAGACATACGTTCACGAATCGCGCGCTCCATACGAACCAAACCGATGCGGTATTGGTTTTCAAGCAACTCACCTACTGAACGAACACGACGGTTACCCAAGTGATCGATATCGTCGATAACACCGCGACCATTTTTCAAGTCGATCAGAGTTTTGATAGTGCTCAAGATATCTTTATGAGTCAGTGTTCTGTGTGAAGGTGGGCACTCTTCCATAGAGATGCCGAATCTGTGATTGATCTTGATACGACCAACTTCAGACAAATCGTAAGTTTCTGGATCGAAGAACAAACGACCGAAGAATGTCGTAGCAGCTTCCAAAGTTGGAGGCTCACCAGGACGAAGGCGTTTGTAGATCTCAACAAGTGATTCGTCTTTGTTAGAAACTTTATCAACCAACAATGTGTTGCGAAGGTAAGGTCCAACAGTCAAACCGTCGAAGAAGATCATGAAGAAACGATCGATACCAGCTTCGATAGCACGGCGGATGATTGCAGAATTCAACTCAGCATTCGCATCAGCGATGATCTCACCAGTTGATTCGTCGATAAGTGGTTTCGCCAAAACTTTACCATCAAGGTCGTTTGGTTCAACTTCAAGCTCTGTGATGTTAAGATCTTTAATTTTCTTAACGATCGCACGAGTGATACGACGACCTGCTTTTACAAGAGGCTCGCCACCTTTTGGATCAAGGATATCAGTCAATGCTCTTTGACCTGACATACGCTCGATATCAAGCTTACGGTAAAGCTTTCCGCCTTTTACGTAAACTTCATCAAGGTCGTAGAAGTATTCAAGCAATTGTTCTGCGTTGTAACCCAATGCTTTCAACAAGATTGTCACTGGGAATTTACGACGGCGATCGATACGAACGTGGATCAAATCTTTTTGATCGAATTCAGCATCCAACCAAGAACCACGGTAAGGAATCACACGTGCAGAGTAAATCAATTTACCAGAAGCATTGTTCTTACCACCATCGTGGTCGAAGAATACACCTGGAGAACGATGCAACTGAGATACAACAACGCGCTCAGTACCGTTGATGATGAAAGAACCATTCGCAGTCATCAATGGGATTTCGCCCAAGTAAACTTCTTGTTCTTTCACGTCGCGGATTGAACGTGCTTCTGTTTCTTCATCAACATCAAATACGATCAAACGAAGAGTTACTTTGATCGGAGCAGCGAAAGTCATACCACGTTGACGGCACTCGTCTACGTCGTATTTTGCTGGCTCAAGTGTGTAGCTCACGAACTCAAGACTTGCAGTGTTGTTGAAGTCTGTGATCGGGAACACAGATTTGAAAACGCCATTGAGACCAGCATCGCCACGACGATCTGGATCCATATCTTTTTGAATGAAAGCTTCGTAAGAAGACTTCTGCAATTCAATCAAGTTAGGAATATCAATGACTTGCTTATTTTTCGCGAAAGACTTTCTAACTCGAATGTTAGAAGCCGTAACTGGAGTTTTTTCCAATGTACTCTCCGTAATAAGAAAATCGAAACTTCACTTCGGGGGGAAGTATTCAAGACCCACATTAAATAAAAGGCAAGCATCTCAAATTACTCTAAGTTTTGAAGAAAGCAAGTGATTATAATACTTTTGGGCCTTGTCGGGGTGCTTCTTTCAAAGCTCATTTTCAGAGGAAAAAGGCCAAACTTTTGACCACAATCCCCATGAAATCCCTTCACCAATCCCCTACTCCCTCCAAAGCAACTTCCGAGAGAAACCAAAATCCAAAAAAATTTAAAAAAACGGGCAAGGAAAACGACCCCAAAAAGACAAAAAAAGAAATCAAGAGACCACCCACCTAAAAAGATGAGCACAAAAC
NZ_CP030034.1_gap77	3156577	3160346	3769	GGATTCACAAATTTCACTGGACGCTTGGGATTCGCAATGGACGATTCGTCACGAGTATGGACATGTCCTTGGTTTTCCAGACTGCTACATCGAATTCTGGGATGATACCGAACAAGCTTTTGTGAGCTATCAATTCGACCTAGACAATCTGATGTGCAGCCGTGCTGGCAAATTTAATGAGCGCAATAAAAGCGAATTATTAAAAGCCTATCCTCTGTAAGTATTGCATTTCCGTATTCTAGCTTACGGCTAGTAAGGAATGGTGTGAATGTAATCGAAACTCTACTACTGAAGAGTTCCTTTTTCACCACCATGTGAGGGAAGATAAGGCTCAGGGGGACCCCATGAGCCTGAAAGCAATCACACCAGTTATCATCTGCCTACTGTTGTTCTTTTCAAGCTTCCTGTTTTCTCGCCCAGATAATTCATCTCTGAAAAAAAACGAAACCGTTGCAACAACAGCAACGGCAACGGCTGGAAAATAAAAAGCCCCGGCTTGCAGATTCCGATCAGCGGCCCCCCGTTGGGAACTTGAAAGGCTGTTTCGCCAGGGACATATAAAGACTAATTATAAAATTGCTCCTCTACGATGATCAACGTGTTGTACCCCATCACACGGATGGGATTACCATTTACGTCGCGTGCAACTCGACCATTGTGATTGAACAGCGGCACCATCGCACGTTTTTGGGCTTGGATTTTTTCATAAATGATTTTCGCATTGTCTTTGTGAAGGCGAACGCAGCCTCCAGAGGCACGCCTGCCTAACTCTTTGTAATGATCAGGTGTTGTCGCATGAATGGCGATGCCACCGTTAAAGAAAGCGGCGTACTCCATGTGGGCTTCCCAGGTATTGGAATAGTGATCGCGAATCAATTTGAATGGAGTAAAAGTTCCCGGTGGAGTCACCGTCCAATACCAACGGCCACTCTTCGCTTGTTCATATCTTTCACGCCCTGTGGAAACAAGATAAGTCGCCACGGGATAACCCATTTCATACACAGTCATTGTCTGTGCGCCAGGGCCGTACGCCGATTTATTAACACGAATCACAAGTGCGTATTCGCGGAAAATATTGATACCGTCTTTCAGCGCAATTTCGTCGGGATTGATTGTCGATGCATCTTTTTCAGTGCGAGGAGCCCCGATTTCTTTTGCAAGTTCATCAGGAGTCATCAAATCATCAAGCTGTGGTGTGAAAGCTTGAGCATGTGATGTGGCAACACACAGAAGCAATCCTAAGATAAAATGTCTCATAGAAAACCCCCACAGCACTCTTACCCGTGAGTGTGGAAGTCGCGTGAAGGCTCGTCAAAAGAAATAAAAAAACGGAGGGAAAATCCCTCCGTTCGACAAATTTATGTTCTTTATGACATAAGAAAACTGCAATTTTTGTGGACCGAAGTCACCTCGTAAAGGCAACACTTGGGTCCCTACAGATCTTAGTAAGATTTCGCGAAAAGAACCCACTTCGTCGCAGGTTTTCCAGAGAAGATACAAGTGCCCGTTACTGCGTCTTGCTCCAATGGAATACAACGTGGAGTTACTTTCAATTGCGCTAGCAATTCGTGACCCATGCCTTCTTCACACCAAGGAACTTTTGCGAAACCTGGCGCAGAAGATTCGTCACCTTTGAAATACGCTTCGAAATCTTTCAATGAAGTGATTGTCTTGATATTTTCATCGCGGAAGGCTTTGGCTTTCGCGAACAAACCATCTTGGATCTCTTGCAAAAGACCTGCGATGTTTGCAACAAAGGCATCACGTGCTTGGCCCGCTTTTTCTTTTGGACCACGATCACGACGACCAACAAAAACTTCGCCTTTCGCCATATCACGAGGGCCGACTTCAACACGCACTGGAACACCTTGTTTGATGTATTGCCATGCTTTATCGCCACCACGGATATCGCGGTCATCAACTTTCACGCGCACGCTGCCGCCCGCGAAGTCTTTCGCTTTCAATTCTTTTGCAAGGCTGTTTACGTATTCAAGAACGCCCGCTTTTTCATCGTCATTGCGATAAATAGGAACGATCACCACATGCAAAGGAGCAATCTTCGGCGGAACAACAAAACCGTTGTCATCAGAGTGAGTCATGATCAAACCGCCGATCAAGCGAGTTGAAACACCCCATGAAGTTGTCCATGCTGTTTCTTCTTTACCTTCAGCGCTCAAGTATTTGATGCCTGAAGCTTTAGCGAAGTTTTGACCTAAGAAATGCGACGTACCCGCTTGCAACGCTTTACGATCTTGCATCATCGCCTCAATCGTATAAGTGTCAACTGCACCTGGGAAACGTTCGTCAGTTGTTTTCATACCTTTGATCACAGGCATCGCCATGTAGTTTTCAGCGAAGTCTGCGTAAACGTCCAACATCTGCAAAGTTTCTTCTTGAGCTTCTTTTGCAGTTGCGTGAACTGTGTGACCTTCTTGCCACAAGAATTCCGCTGTACGAAGGAACATGCGCGTGCGCATTTCCCATCTCATCACGTTACACCATTGGTTAATCAAAACAGGAAGATCACGATATGATTTGACCCATTTTGCGAATTGGTGACCGATGATTGTTTCAGAAGTTGGACGAATAATAAGTGGCTCTTCCAATTCACCGTCTGGAATAAGTTTGCCGTTGCCATCACCTTTCAAACGGTGATGAGTCACAACTGCGCACTCTTTAGCGAAACCTTCAACGTGTTCCGCTTCTTTTTCCAAGAATGAAAGTGGAATCAATAACGGGAAGTACGCGTTCACGTGACCTGTGTCTTTGAATTTACGGTCTAAAACGGCTTGCATGTTTTCCCAAACTGCATAACCCCAAGGTTTAATCACCATGCAACCACGAACTGGAGAATTCTCTGCCATGTCTGCGGCTGTGATAACTTGTTGGTACCACTCTGGGTAGTTTTCTGAACGTGTTGGCTTAATCGCTGTATCTGACATGTGTCTTCCCTTTTAAGTATCTTTTGTATCGATGCCGTAAGCTTTGATCTTACGGTGCAAGTAACTACGCTCAAGACCGATAACTTCGGCCGTACGAGAAATGTTACCACCATTTTCAGCAATCTTCTTAAGAAGATATTCTTTTTCAAATTCTGCACGAGCTTCACGGAATGTTGATAGACCTTGAATGTCCATCGTCTTACCGCCTTCGCCAGATAGTTCAACAAGACCTGCGAAACGCACGTCATGAAGATCGACGAATTCACCTGGAGTCAGGATGTAAACGCGTTCAACGAAGTTTTTAAGTTCACGCACGTTACCTGGCCAGCCGTAAGCGATCATGTGATTCATCGCTTGTTCCGAGAAAGCTTTCTTCGCATAACCACCTTCACGAGACACGTTGTCAGCGAAGTATGAAGTCAAAACTGGAATGTCTTCCGGATGTTCTTTCAATGACGGCACACGGAACGGGATAACGTTTAAGCGATAGTAAAGATCTTCGCGGAAGCGGCCTTCTTTAACTTCTTTATCCAAGTCTTTGCTTGAAGCCGCGATCACACGCACGTCGTTTTCAACAGCTTCAGAGCTGCCCACGCGAGAATATTTTTTCTCATCCAAATAGCTCATGAGCTTTGCTTGAGTTTCTTTGTTCATCGCTGCGATTTCAGCGATAAACAATGTTCCGCCAGCGGCAAGATCAAGTTTACCCTTTTTTGTGCGCTCAACACCAGGCATAGCGCCTTTTTCGATACCGAATATTTCTGAAGCCAAAAGATCTTCAGGTACACCCGCACAATTGATATCAACAAACGGACGAGAAGCGCGCG
NZ_CP030034.1_gap78	3220708	3224556	3848	TGCAAAGCCACGAAATCGTTCGCGGTGATATCGAGATTCGTAATTTGAATTTCCGCTATGAAGAACATCTGCCATTAGTACTGAAGAATGTGAACTTGCGCTTTAAAGCGGGTGAATCCATCGCTTTAGTCGGTCGTACCGGCAGTGGTAAGTCGACATTTATTTCGTTGTTACAGCGTTTTTACGATGCACCTGAAAAAACGATTTTTGTCGACGGTATTGCGATTGAAAAAACTCCGCGTGAAGAAATTCGCCATCACGTAGGCGTCGTGCAACAGGATAACTTTATTTTCCGTGGCAACATTCGCGATAATATCGGTTTGGGCGATCCAAAGATCAGCGACGAACAGATCCGTAGCGCTTGTGAAAAAACGGGCTACATGGCGCTATTACTGCGCACCGGTCGCGATTTGTTAAGTCCTGTGGACGAGCGTGGCGCAAATCTTTCTGTCGGCGAAAGACAGTTGATCGCGTTTGCACGTATCTTGGCATTTAACCCTGACATTTTGATTTTGGATGAAGCAACTGCGAATATCGATTCTGAAAGTGAACACATCATTCAAGAGGCGACAAAAGAAATCACCAAAGGTCGCACAAGCATCATCATTGCTCACCGTCTTTCAACGATTCAGCAGTGCGATCGCATTGTCGTTTTAAATCAAGGGGAAGTGGTAGAAGTGGGCTCTCACGAAGAATTGATGAAAGCCCAAGGTCTTTATTATCAGTTTGCTTCAGCAGGCGTGAAATCAACTTTGATCGAAGCATCGGCTGCAGGAACTGCAGATCCATAGAAGCGTACGATTCTTGAAGCCGCGATGTAGTCCCAACCATTGGTAGTACTTCGCGGAATCACCACACCGTTTACTTTCACAACGATTGTCGACTCAACTGGTTTACTTGAAAGTTTAAAGTCCGTCAGGATTTGCAATACACGAGCGCGGATGTTTGTGACTGCGCTTGTTAAGTCGGAATTACACAAAGTATCTTTCGTTCCGCCTGACGCATCGACGAGACCCAAGAACGATTCACCGACTTCTTTATAATCCGTAGAAGTCGTCGAACAACTGCCATTCAGACTTAAGATACCAATGAAATTGAAAACCCATGAACGACTGCCATCAGAATATGGCGTCTTGATGCTATCAAGGAAGCTTGTGTAATGCGCGATACTTGTCGTCGCATTACTTTGGCTTTTATCGTCTTCATCAGACAAGGCAATCACCACAAGCAAGGCATCAGGGCGCAAGAAACCTTTGCCCGCATTTGCTTGATAGCTTGAAGACAAAACCGTTTCCATGGATTGCAGACCACGCTCATTATCAGAACCATCTTGTCCTACGACTAAACGTGAAGCCAAGACACTCGAAACATTTGGTGTGGATGCTTTGATAATTCCAGGCGAACCAATGAACTGCCCACCATTAGGAACGGTCCCGCCCATGCTGCTTGTAACCACAGCCATTTGGTAGTCCATCTTCAACGAATTTAATTTGCTGATCATGCCGGGAATAGCATTACTCAAATTCTGTTGGTGCTTTGCCATGGACGAGGAGTTATCCATGATCCACAAAATATCGACCTTATTATTGTAAGTGATGTTCTGTGCAAAGTCCTGAGACGTGTCTGGTAAACCAAATTTCACGTCTTGGGCACAAGCCATCAACATCATCGTTGAGGCCAGTGCAACAACGTAGCCGCCCAGTCCGTAGTAGCTTTTCGCCATGAAGATCCTCGCTCCTCGTACTAAAAAGTTTATGCAACCTTTGCTGTCGTGTAGTTTCTGATGCTCTCTCTAACGGACTGACTGAGCGTCGTGAACTTCACACCATACTTCACAGGATCGGCAGCGGAAACACCGTCTTTAATATACTGCTTGCTTACGATTTGGCAGACAGCATTGAAAGGAGGAACTCCGTCACCTGGTTGGAAATGCAAGAAGAGTGACTGACCTGGTTGAAGATTTGGATTGTCGATAAGAACTCCCGCACCACCGGCACTGATTTCAAGCGCTTGGCCACGGAAGACTGTTTTATTGTTATGAACGATCAAAGATGCACCATAAGATGCACGCAAGTGACGACGACGGAAGAAGATCTCTGCAAGTTCTTGCTCGTGCGACTCTTTCAATTTACGAATCGCTTCTGGAGAGAAGTCTTCAACTTCAGCCACACGTTTCCATGCAGGAAGTTTTGCGTGCCATACGTAATCGTATTCAAAAAGAGTTTTCTCTTGCAGCATTTGTACAAGATCCAACTGACAGAAAGGACCGTAGTTGTTTCCTTCTTTTAGGATGAACCACTCTTTATCTTTAAGATTAGTTTTGAATGAAGCTGCCGTGGGAACCGATGAAGGTCTAGTCGCAGGTTTGCTAGAAAGCTTGGCAGAAAACTCAGGGTGCTCCAACAACATAACCCATTCGCCCATAGCTTCATCATAGACATAGTCAGTCCACTGATGTTCTTGAGATTCAATCTTTTTCATCACGGTCTCAAGAGTATACGGCCCGATGTGAGTCCCATTATTAGAAAGATAGTACTGCTTATTCATTCGAAGATCTCCTTATTGAGACTATCGGCGTATTCATAACCGCACTTAACTGTAGGATTTTAGACATTTTCTTGAACTTTTAATGTGCAGTTTTCGTCGAACTTTTTGACAAAATTTATCGTTAAGTCTCTCTTAAGAAAGCCGATAGAATTACTACGCAATAATGGTTGCTTCAGGGACAGTCGGAAAAAACCGATAATGGTTTATATGGTATTTGAACAACGGAAAGACATGAAGCTCAGAAAAAATATCCTCATCGTAGATAATAATTGCGAGCTGGAACAGCTTGTACGTGAGCCTATTTTGAAGCAATTCAAAGACAGTGGTGTCTCTCCTGTCTTGATCCGCGCAAAAGACGGCGCTGAAGCTGCCATCAAGTCTGAAAATCAAAAGTTTGATATGGTTCTTATTGATACTGAAGTTCCCCGTCTGATGGATGGTGGCTTCGTGTACGGCCTGCATACTTATAAGAATACGCAAGATGCAGAATTACTTGTGGTCAGCACAAAAGATCCAAGCGAACTTCCCGATTCACTTCAGCACTGCAAATTCTTTAAAAAACCGGTCAGCCCGGCAGAATTAATTAATGCCATGGTTGCGGTTTTGAATGCTGAACATCACGGCGACGTGAAACCACAAGCAGCCGCCGCAACTGCTGCCGCTGCGACAAAATATGCAGTTGATGTGCGTGTGATCAACGCCGTTATCAAAGCGACAACTAACGTGCTTGCACAGTTCGGCGTGACGGATGTGAAGATGGATAAAGCGGGACCGAAATCTCCGCACGATCCGTTGATGGGTGAAGTTTCATCTGTGGTTGATATTCAAAGTCAGGCGTTCCAAGGTTATTTGTCAGTGTCTTTTGATAAAGGCAGTTACCTTGAAGTTGTTTCCGTCATGTTGATGGAAGAGCAAACTGAATTAAACGCTGACAACCAAGACGCTGTCGGAGAAATCAATAATATCATCTTCGGTAACGCGAAGGCCGAAATCTCGAACTTTGGCGTGAAGATGACAGTGCCTAGAGTGATCTTAGGTGCCAATCAATCAGTTCCATGCGCCCAGGGTTCTGCGGGAATGCTTATTCCATTCTCAACAGCCAAGGGTAAATTCTATATCAACGTGGTAGCTCTACCCGTTGCTAAAGCGGCTTAGTTTTTAAATTAAAATAAGAAGGTAAAAAAAGAGCGAGTATCAAACTCGCTCTTTTTATTTATTCCATGCCGATAGCTTTGCGCCACTCTGGTGTTGGTTCGATCAACTTTCTTGCTTCCATGTCGAATAGACCGAAAGTAAAGACC
NZ_CP030034.1_gap79	3230587	3231963	1376	GATCTTGAAACACGCACGTTATTGCTAAAAGCCTTCCCCGATCGCCTATGCCGTCGCAGAGGAAGCTCTGAACGTGCCCTGATGGTTGGTGGTCGCGGTGTGAAACTGCAACAAGATTCGCTCGTTAAAACATCTGAATTCTTCGTCGCTTTAAATGGCGTGGAAGGTTCTAGCGATGCGGAAACCATGGTCAGCCTTGCTTGTGGCTTTAGCAAAGATTTCATCCTTTCGCACTTTAAAGAAGACATCGAAAAAGTCAAAGACGTCACTTTCTTAGAGGAAAAAGGTCAATTTTTCATTCGCGAATACAGATCCTTGTTCGGCCTTCCTTTAGAAGAACCCAGTCTGTCGCCAGCCTCAAAACAAGATGTCGAAGAAAAGTTGCCCCAAGTCTTAGTTGAAAAATGGGATCTGGTTTTAAAAAATAACGACGGCCTTGCAAGCTGGTGGCAACGCTTAGAGTTTTATCGCCGTCATGAAGGACTTTCTTTCGAAAACAAAATCGAACAATTAAAACTTGAAGCCTTCACGCAAGCTGCGATGGGCGAAAGCAAACTGCAAACGATCTTCGAAAAAGACCTCGTCTTCTTTTTTGAAAATGTATTTCCTTCTGATTTCGTGCAGACCTTAAGAAAAGAACTCCCCGACAAAATCGAAGTTCCAAGTCGTAGCCGCATCAAAGTCATCTACCCAGAAGACAAAGCTCCATATTTAGAAGTGCGCATTCAAGAAGTTTTTGGCCTACAAGAAACACCAAAGCTACTGAACGGAAAAATTCCAGTAACCTTCCACTTATTGGGACCAAACTTCCGCCCCGTGCAAGTCACGTCAAATTTAGAAAGCTTTTGGAAAAACGGTTACCCGGAAGTGCGCAAAGAATTGCGTATCAAATACCCAAAACACCAATGGCCCGAAGATCCGGCCGACGGAACGCCCGAAGCCAAAGGTCGCCGACGTCACTAATAGAATTGTTAATGCATTGTAGCCGTAAAAAAGAAGCAGGCACCCTCGAAAAGGGACCGCCGACTCACGAGCTGCAGAGATGTGAGCCGGCGGAAGGTACAAAAAATCTAGTGAACTTTAGTGCGTGAACAGTCGGCGCAGATTTGGTCTGCGTCTTGTTCTTCTTTTTGCTCTAGGTAAGCCAAGAACGAGGCGAAGCGAAAAGAAATGTCATACAAAGTATCCATATCGAAGACAAATTTTTCGCCAGCCATTGTGACAGAGACAAACTCGTTGTTTACTTCTTCGAGTGTGATCTCTTCAGCTTCAAGAAATTTTGTGTTTTTCATAGGGAAATTTCCTATTAACCACGTAAAGAGTAGTAGCTGATCACAAGACCTGCGTCGAATGTGAACGGCACTGCTTCAATGTTT
NZ_CP030034.1_gap80	3235339	3238484	3145	GTGAACGGTTTTTTTATCCATTAGGGCACCTCACAGAAAAGATTCTGATACCGAGAGTCCTTGAACGTCACTTGCGAAATGTATGTTGTCCCCGCTTTTTGTGCCGAGAAGAAGAAAGTCCCGCCCAAAACAGTGATGTAACGCTCACGAACTGTGTTTACTTTAAGACCGGCTTTCGCCATTTCTTTCGTGTATGTCGTTGTGATATCCAGGAACTGATTGCAACCTGCACCCAAAACTTTATCGTCGATACGACGCTTGCGGGTTTTGCTTAAGAACACAACTTTTTGCGCAGTTGATTCTGTAAATTGCGGGAAATCAAATCCCACATAGAAAGAACCTTTATTCGTAGTGATGTATTGAGCAAGATCGATTTCGCCGCCACCTTTAGGCAAACTGATTTTCACAGCTTCGCCTTTAACGATGTCGTCATTTTTTTCGACTAAGAAAACGGACAGTTCAGAAAAGACGATATCTTTTCCCCCGGCGCCTTCTTTTTTCTCGCCGCCCTCTTTCTTTTCTTCTCCGCCGCCATGTTCGCCTTCGGCTTTTGCTTCACCGTGGCCTTCAGCTTTTTTTTCTTCGTGAGATTCAGCCGTCACGGGTTTGAATTCAAGCAGGTCCCAAACTTTGCTGGGAACTTTTATGTCAGCAGGAATGTCTTCAATTTTAATTTCTTTGTAGTGCTCAACGTGATAACCGGGCTCCTTGGTGCAGGCTCCCAGTAGAAAAAACATCCAGAGTGAAAATATCTGGACGAATTTTTTCATTATTCAGACTCCAATTGATCGCGCAGCTCTAACAATGGAACGTAGTTCGCTTCAGATTCAAGACCCGTACGTACATACTCATAAGCCGCAGGACGATCTTTCTTTTTCATCGAAATCCATGCAAGACCGTACAACGCTTGTACATCAGCACGATTATTTTGATAAACTTGCGAGAATATTTTTTCGGCACATGCCACATCACCTGTCGCGATACAGATATCGCCCATCAAGTGATTGCGTACGCTTAAGCTTGTAAGCTCTGGCATCTTTAGGATGGCCATCGCTTCGGGCAAACGATCTGCTTTATTAAGATAACTTGCTTGCGCTGCCAAAACATAAGGATCTTTCGGTCCTTCCGTTAAAGCCTCTTGCAACATCTTATTCGCATCTGAATCGCGGTTTACTTCCATCAAGCAGATCGCACGAAGTGCTTTCATCTCTGCCGTTTGCACAGATTTTTCGAACAATTCAGAGCAATACTTTTCCAGGTAATCCCACTGAGTAAAACGCCAGTCGACAGTCAGAGGATGAGTATAGCGTTCAGCCATCTTCGCTTGGGTATCAAGGAATTGCACGACTGCTTGATTCACACCATCGGCATCACCCACAAGGTTTTGCGCGTAAACCAAGAACAAATTCAATTCCTGGCGCAAGTAACCTGTGCGGCTTAAAGTCGCTTTGATATCCGTGATAAGTGATTTCAAAAACGAACGATCCGGTGCTGTCTTAGAATATTCCATCGCAGACATCGCACGACCAAACAACGCTAGAACTGAGTTTGGATTTTTACGGTAAACGCCTTCGAATTCGCGCATCGCTTCGGCGTAGTTACCCTTTTTCATTTGTACGATCGCCAAATTTAAAAGAGCCGCGATATTTGAAGGTTCATGACCGATCGCTTTTTGAAGAGTGTCTTCAGCCTCTTTCAAATCCCCGTCCATCATGTAGGACACAGAGATTCCAAGATAAGCGTCGACAAGATCTTCACGCGAACGGCCTTCTTGCATCAAAGATCTTTCCAAGATACGACGGCCCTGCAAACTTTGACGGTCTTCAGAAATAAGAACCGGCGCCATTTGTGTTTGTGTATCTGCATCTGGTTCTTTCATCGCTGCGGCTTTTTTATAAGCAGCTAATGATTTTTCATAAAGGCCTAAGCTTTTATAACGAACCGCTTGATTCAAAAGCTCTTCGTAACCGGCAGATTTTTTGTGATCTTTTAAAGTTAAAGTCAGAACGGCACCCACTGCAACAACGGCAGCAGCACCAATTAGACCCCAACGCAAAGTATTGCTTTGTTTTTTAAGCTTACCTTGCAAACGATTGTCGCCAGCAGAACCGTAGCTCTTTGCCGCTGTATTATCAGTGGCCAAAGAACGAGATGTGGCTCTTTCAACTGAAGGAGTCACATCTTTAAAACCAACTTCCGGTGGCGGAGGTGGCATATCAATATGCGGAACTGGTGTCGGTGTCAGATCGTCAGACATCGTCAAAGTCACAGTGTCAGTTTTAGTGACATTCGTGACCGTGTGCTGAGCGATCGATTGAGTCATGGTATTTTCAGAAGAGCTGTCTTGTTCTTCGCGGATATTTTTAACGATATCCATGAACAACTGACTTTCGCGAATATAGGCCCATCGACCTTGTGGCTGGCGAACCTCATCAATAATAGAGATTTGCTTGCTCGCCAACATCGCCGTCACTTCATCCAAAGTGTAAGGCCCTAAAATCCGTGTTGAAGATTTTACGAGCCAATTCTTCTCTGAAGGGTTGGCGGTCTGCGGTGTCATATTCTAGAGGCCTTTGGTTAAGAGAAGTTTGAGGTCGTCGTTGGTAAGATAAAGACCTGCTCCCACATAACCGGATCTAGAACCGTTCTTATCAAGAGCGTCGTTCAAACCTACGTCAACATAAAGACCGCGATAGAAGTAATAAGTGGCAAATGTACGCCAGTTCGTTCTTGTGAAGTCGAAGAACTCTGTCGAAAGTTTCAACTTACGACGGAAGAAGTAGTAATCGATACCGAAACCACCACCGTTTTCGATGATACCGCCACGAAGTGTAAGGTCCCAGAAATTCTTACCGAACAACAAAGTGAATTTGATTTTGTTTTCGTAAGTTTTCTTTTCAGTGATGTCAGATGTCGTCGTACCTGAAGTTTGTGTACGAGTCGTTTCAACCACACCGGCTGGATCATCAACAACACCTAGATAGTAAAAACGATCTAGACCTGGCTGAATGTAAACACCGATCGTCGATTTCCAGCTGCCCACCGTACCCAAGTACTCTGTGCGGAAATCCATTGCTGTTTGAATACGGCTTGCAGCACCCACAAGGTCGTTGATGCCGTCGATTGCCTGTTCAACTTTTTCTGA
NZ_CP030034.1_gap81	3263188	3265794	2606	CGATTCGTGTTTATCAAAGAATGAAATTTCCAGATCCGAAGAAGACAAGCGACCACTTTTTGAACGTAAGGTCGCAAGCCATCTTGTCACAGACGGCAAACTTTGCGCTTTGTGAGTGATATCTTTTTGATAAGGAATACCCTCTTCAGCCAAGAATGATTGCAGAACCGGCCAGTATGTTTCGATATCAGGAGCCACAATCGCAATAGATAAGGCTTCAATGCCAGAACTTAACCATTCACGGGCTTGACCGACAGAGTTCTTAATCTCTGCAAGCATTCCAGAAAAACGCAAAACGTCCGTTTTCTTTTCTGTTTTAGCGACAGGTTGTAACTTTCCAACACTTGCCGCTTGTCCACGCAGATCTTCGTAAGGACGAAGCAAGAAGTGGAAGTCTTTACGCCATTCCGGAGAAGGCTCTAACACAATCACATCAATCGAACGTGAAATCACGCGCAAGATTTCGGCTTCAACGCGTGAGATCTCTCCACTTAGGTCAACGATCAGGGGAATATTCCAAACTCTTTCAAGTTCGTTGAAGTTTTGTAAGTACGAAGTGATCCAATCCGAAGTGATGACATTGTATTCTTCAATCAACTTGATCGCACAGAAACGCGCGCGCAAATACCAATCGCGCCAACGATTCTTTGCTTCTTCGTGAGTTTCAAACCACTCATCCAAACGCTTACTGCCATCGGGATGGAAAATGATGGCCGCCAATTGATCAATGTAGGAAAAAACAGTGTCTTCAGCAGAAGAGTTCACACCCAGCACATCCGCATTGTCATCCATGATCGTGCGTAATAACGAACGCGCGAACGGATCACTGACCAGTCGCAAGCGGGGCTCAAGACGTTTCAACAACATCTTCCATAAGTCACTGGCACGTAGAACTGACTCGTCGATGTATTGACCATCGCGAGCAAGAATTTTTTGCTGAAGTTCGAACTTCGTGCGCAAGTCAGAAACAAGCCATGATTGTTCACGCGGATTATATTTCGCGAACAGCTCGTTGACTTGCGAGCGATTTTCTATGGAAAGGATATGCAGCATCTACGAATTACCGACGTTGTTTTAGTTTTCTTCTCTTACCGTCATTATCCGTGAATTTGAAGGCTGCATCAAAACTTAAATCAATACTTAGGCTCACCGCATAGCGATTCTCTGCTGTTTGTCCCGGATAAACGCCAAGTTCTTCGGTATAGCTAACAGCATCAAGATGAAATATGAGAAAATTCACGCCTACACCATAACTGAGGTAGCCTTGGCTTATACCGGCACGAACGTCAATAAGTGGTAAAGAAAGCTCTGTACCCAAGTGAATTTTCTTACCCAACTGCACGTCTGAGTCCGTTAAATGGCGCGCCTCAATCCCCGCCGTCCAATCGATGCCAGGCAAATCAAAACCCAAACCAAAACCGGCGCTTAAATTTTGCGGAATCATCGGCGGAGCATCTGTCCCCGACGTTTTTGTGAACGCAGTACCACCTGCATCCTGCCACACCAGCGCGAATGTTGGACTGAATGGAGTTGGCAGAGTCGCCTCTAACGCCAAGTCGATTCCGTAACCGACACCTTTATTATCAAAGTTTTTACCGATCTCGTCGAAACTTGTGCCGTTCGCAATTGTGCTAAGTCCCAGATCTTTTTCTTCACCACCCCAGCGAGTGATGCGTTTTAAGTTCATACCAACAGAGAAATTTTCTGTGATCGGAACAGCGCCGCCCAACACAAAGGCAGAGTCATTCAAGAAATAAGTTTTAAATTGTGGATAAGCGGGATTATGAAGTTCCAAGGACACGTCGTAGTTGGTGTAATAACCGACACCAAAATAAGGCATCGTAAAACCAGCCTTACCCATGCCTTGCGCATACAAGCGTTTACCAAAAAGACTGTCGTAGGATGTCGGATCGTTAGGATCAAAATCTTTATAAGTATCGATATCGGAAATCGCGTCGCTGTTAATACCTAAAGCCACGTCGGCCAATAAAAAGTTAAAACCTTTTTGTTTCGCCAAAGCCGCTGGATTGTAAAACAAAGCATCAACATCATTCACGACGGGAATATACATCCCACCCATACCCAATGAACGAATCGAGCGAGCTGTTTCGTACAACTGCTGACCCATCGCTGCCTGGGCTGTGAATAATAAAATGAAAGTTAAAAATCCCTTTAACACTCAATCATCCTAAAACTTATGAAATGGACAACACACACCCGCATACCACGCCGGTGGTGCCGGAGTCGCACCCGGAGGTGCCGCCGGTAAACTTGTCGATGTGCTACAAGAACCAAATCCTTGCGCGCTTGTATCTAGTAAAATTCTAAAACCATAAACCACCTGTGCCGTGATTGCGGTTGGGTCCGTCGAAGTACACGTAATGCCCAAACCCGTACATGCGGTATTGATCGTATCAACTGCGGTGATTAAGTTATTACTTCCACCGATCACATCACCCAAAGCGGTTAAGTTTTCAGTGATCAATCCCAAACCTGCCGCGATTTTTTTAATTTCCGCATCCGTTAAAAAGTGCGCGGGCTGAGCCGGTGAAGGCAGCCACGAATCCAGTGGCGCATCTGCTGCGGTCCACGGATTCTGTGCGACA
NZ_CP030034.1_gap82	3418375	3423243	4868	AGCTTTCGCCACTTCTTCATCAGTTGGCGTACGGCCTAGATCTGCTTCCAATTGCACCATTGTTTTATCAAGCAATTTTGCCTTGTCACGAATTGAACGTGGAACCCAGTCTTGTGCACGAAGTTCGTCAAGAATGGCACCACGAATACGGAATTCAGCGTAAGTTTTAAACTTATTGTCGCGAGTGGAATCGTACTTCTCGATAGCATCCATCAAGCCGATAACACCAGCAGAGATCAAGTCATCAAGTTCAATATTCGAAGGAAGACGCACGGCAATCTTTTGTGCGATGAACTTAATAAGAGGAGCGTATTCTTTAATTAGATCGTCTTTTTTTGTGGGCGCGAGCTGCTTAGGCTCATCTTTGTACTTCTTCAACAATGCCGCATTTTTCCCCATATTTTTCCCTCGTAACCACAATGTTAACAAACAGGTGTCTGTGCTGAAAGTCCAATTCTCTGGTTTATTCGTGCCAACTACGCAGAGCCGACGACTTGATCCCAAAACATTTGCATACCGCCGCCAGCCTCAATCAGCTTCGAGGATTTCTCGATGTGATTAGAAATTTGACGAATGGCTTTTGCAGATTCGGCACCGATATCGTGTCTCACAATAAGACGCTGCATTTGTGTTGCTTTTTTCAAAACGACGTCATTAGGAACTGAACCCCAGTAATCAAGACCAATGTATAGGAACTTGTTCACGACATCGTTAAAGCGTTGATACAAACTAAGGCCTTCTTCTTCATCACGCACTTGATTGCAGATGATCGAGAAGCGATTCACTTTGTATTGCTTGTTCAAAACTTTGATCAAAGCATAAGCATCTGCAAAACTCGCAGGGTCCGGAGTAATCACCACCGACACCGTTTGCGCTGCAGAGTTAAGGAACAAAACATTTTCCGCGATGCCTGGAGCGGTATCGATTAACAAGTAATCATAACCCAAAGGCAATGAGCTAACGGCTTCCACCATCGCTCTTCTTTCGAAGTGATTCATGTGATTGAAATCAACCACACCACTGCCACCCGGAATCAGATGGACGTCTTTAGACACTTCGACAAGGATTTCTTTCATCTCTTTACGGCCGGCAATAATGTCATGAATATTGCCCGTCGTTCTTACACCGAAAAGAATATCGACGTTGGCCATCCCCAAATCGCCATCCAAGATCAAAACTTTTTTGCCTTTTTGTGCAAGGCTTAGCGCCAAGTTAGCAACCAAAGTCGTTTTACCAACGCCACCCTTGCCGGATGTCACGCTGATAGTTCTTGTGCGGTACATATCAAAAGAATTCATTCTTTTCATACTGCTTCAGAATCCTGTTGTCTTAATTGTGTAATTTTAAAAATCAAATCCAACAAACGTTCTTTTGTCGCAAATTCAAAGTCTTCAGGAACTCGCGAACCGATACCAAATGAATGCAATGGAATATCAAAGCGCTTCATGAAGTTATAGATCGTGCCATGCTGTGATGACTCATCCAAACCAGAGAAGATAACGTCTTTATAATTCAACATTGAATAGCGACGACCCAATTCTGTAGCGTCAGCGTCTTTTGTATTCGCTGAAAGACACAAATGGATATTTGGATTCAAACCTTGTGGCGGCAAAAGACTGCGCATCATTTGAATCTCGTCATTGTTTTTAAGGCTTAAACCTGTGAAGTCGACAAGAACGCAGTCCACATTCGCCAAGTAGCGCATCAAATTGTGCCAGTCATTCTGAGTACGAATCACTGAAAACGGTACATTCAAGATTTGCGCATAGATTTTCATTTGATCTGCAGCGCCCACTTTATAAGTGTCCGTTGTGAACAAGGCAACTTTCTTACCTTCGCGCACAACCATGTTACTGGCCATTTTGATCATTGTTGATGTTTTGCCTGATCCTGCAGGACCAACAAAACAATGAATCTTGCCTGCTGTTGGATTACTCACTGTACGAGTCGCATCCAAAACATGACGAGCAACCCATGCTTCAACAAGAGCTTTGTTTTTTAATTTCAATGCCGGCAAAGTTTCTTGTGCTTGAGTCAAAATCTCTGCCGTAATTTCAGGAGCAACACCTGCGCCAGTCAATTTTGCAAACACGTTGCTCAAGTCATAAGAAATACCGAAGTCAGCGCCTGGATGTGTGCCCACGAAGTTTTGTGGCATCTGTTGGAACTGAGTAATAACTTGTTTCAACGTCGCGATCTCGTTTTGCAAAGCGCGGATAGCTTCTGATTCTGCCGCAGATGGAGCTGCTGGCTGAACCGCTTGCACCGGTCTTGCCGCTGGGGTCGCAGGTTTAACTGGTGCCGCTTGCGGAGCTTTACGTTGACCTGTGAAAATCTCTTCTTGCTCTTGGAAAGCATGCAACGCCCGTTGCGCTGATGCTCTTACACGCTGTTCGGAAACTTGTTGTTGGCGAGCATAAGAATTTTCATCTTCTTCAATGTCGATATAACGACGTTGTGTGATTTGCGGCGGCGGTTGATTCTTTTGCGTATGCTTATCAACCATCTTAGCGATCAACTCTTTTTGTTGACGTGCAGACGTTTTCTGAAATCTTTGCAGATCTTGTTCACGCAAACGTGATTCCGCAAATTTCTTTTTCTGCAAAGTTTCTTCCGAAACTGCTGCTGTGATTTCAACACTGCCTTCACCAACAAGGCCGAAGCTCTTGTTATTGTCGCGAGCCGAAAGAATAATGGCGTCAGGACCCAATTGAGTCTTAACCATTTCCAATGCTTCTTTCATTGTACGTGCTTCAAATTTCTTAACCTGCATGGCTCATCTCCACAAGGGCAACTGATTGAACGTCCGCATCTGAAGTCAATTCATTGTGTGAAAGGACAACAAGTTGCGGAATAAATCTTGAAGTTAATTTATATAAATGACGGCGCGAAGTCGGGCTTGTCAGCAAGATCGGCTGACTTGCAATCTCTGGATGATTTTCCACGGCACGCGCGATTTCGTTGATCAAACGATGCGCAGTGTTTGGATCCATCACTAATTGCACGCCTTGTTCTGTTTGTAACAAAGAGTTCGCGATCAACTCTTCAATCACTGGATGCAAAGTCATCACAGGGATATTGCCTTGATCCGTTGTGTACTTAGCCGTGATACCACGAGCAAGGGCACGACGAACAGCTTCCGTCAGAACCTCGATATCTTTTGTACGTGGCGCTTCGTCTGCCAACGATTCAAAGATCGTTAACAAGTTACGAACTGAAACTTGTTCTTTAAGCAAGCTTTGCATAACACGCACAACCGAACCCAATGGAAGAAGATCTGGGATAAGCTCTTCCACCACTTTTGGATGTGACTTCTTGAAGTTTTCGATAAGGCTTGAAGCCTCTTGACGCCCCAACAACTCATGCGCATGCGTGCGGATAAGTTCTGTAATATGTGTCGCCATAACTGTTGGAAGATCGACAACTGTGTAACCGGCGAATTCGGCGTCTTCTCTGCGATTTGGAGAAATCCACATCGCATCCAAACCGAATGCAGGTTCTTTGGTCGGCGTTCCTTCGATAGAATCAGAAACGTTACCTGGATCCATCGCAAGCAATGAATCAGGGCGAAGCATACCGCCACCCACTTTATTGCCTTTGATAAGCATACGGTATTCCCCCGGAGCCAACTGCAAGTTGTCGCGGATATGAATACTTGGAACCACGATACCCAAATCCAAAGCAAATTGCTTACGGATACTGACGATACGCTCAAGCAAGTCACCACTTTGATCCGATTCAACGATACTGATCAACCCGTAACCAACTTCAAGCTCCAACATATCGACTGGAAGCATGGTTTCGATGTTTTCTTTTTTCGGAACGTTTGCAGCGGCTTCTGTTTTTCTTTTTTCAGCATCCGCAGTTTCTTGTTTGTAGCGTTTGATAACCCATGACATACCAACCAGCAAACCACCCATCATCAAGAATGGAACTGTCGGAAGACCTGGAACCAAGCCCATCAAGATCAAAACCGCACCAGAGATCATGACGGCACGAGGATTCAACAACAATTGACTTGTGACCTCACCACCCATGTCTTTATCAGAATTCGAAGTACGAGTGACGATGATACCGGCAGCAGTAGAGATGATCAAAGCTGGGATCTGCGCAAGCAAACCATCACCGATCGTCAACATCGTAAAGACTTTTGCAGCTTGTCCCGCATCCATCCCTTTTTGAATGATACCGATACCCAAACCACCGATAACGTTCACAAGAGTGATGATGATACCCGCGATAGCATCACCACGTACGAACTTCGAGGCACCGTCCATCGCACCGTAAAAGTCAGCTTCTTGTTCAATCGCACGACGACGTTTACGAGCTTCAGCTTCTGTGATGTGACCTGAGTTCAACTCAGCATCAATCGACATTTGCTTACCTGGCATCGCATCCAAAGTGAAACGAGCAGCGACTTCAGCCACACGGCCCGAACCTTTTGTGATTACCATGAAGTTGATCACGATAAGGATCAAGAACATGATGAAACCGATGACGTAGTTACCGCCGACAACGAAATTCGCGAATGATGCGATAACGTGACCGGCAGCAGCTTCACCCTCATGACCGTGAGTCAGGATCAAACGAGTCGTCGCTACGTTCAGTGACAGACGGAACAACGTCGTCATCAAAAGAAGCGAAGGGAATGAAGTGAAATCTAAAGCTTTTTGCGTATAGATACTAACTAGCAAGATCAAGATTGAAATCGCTAGAGAGAATGTCAGACCCAAGTCCAAAAGCAATGGCGGCAGCGGGATGATCATTACCGCTAAAATAGCTAAGACACCGAATGCAATTAGCAAGTCAGTGTTCTTAGTGTATTTCTCAAATCGTTTTAAGAACTGAAAAACTTCTTCCATTATCTT
NZ_CP030034.1_gap83	3454799	3457687	2888	AAAAGGCAATACTCTTGAAGGCAGCGTTTTAGTTGGCGACAACAAAACGGGTTTAGTGAGTGTCGTGGTTGGTGGTCGCAACTATCGTATGACGCAATTTAATCGCGCGATTGATGGCCATCGCCAAGTGGGTTCCATCATGAAGCCGTTCGTTTATTTGACGGCTTTGATGAATGAAACTCCGGAAGGCAAACCGTATACACCGATCACTTTGTTGAAAGACGAAAAATTCACAACAAAGTACGAAGGCCAGTCATGGTCGCCTGATAATTACGGCAAACAATACTTCGGAACTGTGCCGATGTTCTTTGCTTTGAAAAATTCATTGAATGCGGCTACGGCCTCTTTAGGGATTGCTGTTGGGCTTGGAAATATTGTCGATATCGCTCACAAAATGGGTGTGGATTCTGAATTGAAATCTTTCCCTTCAGTGACTTTGGGTGCGTTTGAAATGTATCCGAAAGAAGTTCTGCAAAGTTATATGACGCTTGCAAATTTGGGTAAGAAAAATCAAATTTCGTTCATCCGCAAAGTTTTGAATGGTGAAAATGTCGAAGTCTTTGTTCATGATCCAAAAGGTGAACAAGTTGAAGACCCAGCAACGGTTGCAAGCCTGGTCAGCATGATGAAACAAACGGTGCTTTCGGGCACAGCTCGCTCTGTCACGTTAAGTGGCTTCTTGAATCCCGCTGCAGGTAAAACAGGTACGACGTCAGATAATAAAGATGCGTGGTTCGGTGGTTTCACTCCGTACATGACGACTGTTGTGTGGGTTGGTTACGATAACAATCTTTCACATCGCTTAACCGGAACAAGTGGTCCACTTCCTGTGTGGATCAACTTCATGAAAAAAGTGGGCGTGCGCTATCCTGCCGACGACTTCCCATGGCCCGAAGGCACAGAGAAAGTGACTCTTGATGAAGCCACTCTGCAAGCACTCGGTGCCATCAAAGGCCCGAACGATCCAAAATCTGTTGAATTGATATTTAGAAAAGGAACTGAGCCTTAGGCTCAGTTCGCTTGTCTGCACTCCGACTTCGTCGGAGTAGTTTGCCTTTTATTCTCGGAGATTTAAAGTTTGATCTCTAAGCCTTCGTGCGCGAAGTCCCAGATGATTTGCTGAATCGACTCTTTGTTTTCAGAAGCCTTGGCCATCAACGATTCGTAGTACTCTTTCGTTTGGCGTTTCAACTCCATCACGTGTTCAGATCTTGCACCTGGATCGTGATGGGCAAATAAAACTTGGCCAATCTTTTCACGCAACGCAATTTCAAGTCCAACTTGAGCAGCGCTGTGACCCCAATTTGCTTTTTCAGCCAACTCAGGCAACGTGTACTGCGCATCGAAATACATCACATCGACATTTTGATACAACGGCAAATCAGGTCCCAATTCTTCAGGAGTCACGCGCGTACCTTCCGTATCCACACAGTGTGCATACGTCTTGCCGCCCGCTTCAACTTTAAAACCCCAACATGGATCTGGATGATCAAGTTGATAAGGAGTGATTGTGAAATCATCGACTTTGATGGGTTTACGAGGCTCTAAAACGTGAAAGTGAATTTTCGCTTTCAACGCTTCATACGGCACCGGGAAGTAAGGCTTTTTGAAAATGCCACGAATCAACTGCTCAAGATCCTCTTGAACCGCGTAATAGTGAATCTCGCTGCCAGGAATAAAATGTGGCGTAAAGAATGGCAAACCGATCACATGATCCCAATGGAAATGAGTCATGAAAATATGGAAAGGCCCTTTTGCACGACCCGCCGTTCCTGACATGATCGACTCACTAAAAGTTCGGATACCGCTGCCACCATCAATCAGGATTTGCGATTTTCCGCTGCGAACTTCCACACACGTAGTGGCAGTCCCGTAACCACCGACAACAGGCTCTTCAACGCTTTTGATATATTTTGAAACCTGAGAAAGGTCACGATAGCCCATCGAGAAGAAGTTTCTTAAAACTCCTTCAATATGATATGTCCATTCCGTCGGTGTTGGTGCTGAAGGAAGTGATCCCCTCACGCCCCAGAATTTTATAGTGAGAGACATAGAGAGCTTAGGATACCGTCGAAAATATATGTTTCCAAACAGATATTTTTTAGCGAGCAACTTTGTCGTAATTTGCGACAACAAGCTCCGACCTAGGTACGGCCTGACAAGTGCGAACGACGTTTTTCTCATCTTTGTCTTCAGGAACGTCGCCACCGACGTCGCCGAACTCTATCACCGCGAGACAACTGCGGCAGTTCCCTTCAAGACAAGAGTAGGGAGGATTGATACGCGCAATCAGAGCTAAATCAAGCAGACTTCTTCCCTCTTCTGCTTCAACTGTTGTCTCTTGATTGTTGAGTATAAACTTCACCTGCATACGATTATCACAGCATCGAACATCTGTAGGCTCAATCGAAAATATTTAAACTCTTCCATAATTATCCTTCTGTCTAAAGTTTGAACGAGCCTGTGATTTCTTCTCTGCCGGTGCCGAGGAATGTCGGTAATACCATTTTTCTGATATTTAATGACCGTTTAAAAATGCCGGAAATTCTTGTCGGAGAAAAGATGCTTAAACGTTATCTTACGTTATCATTGTCTGCGGGTTTAATTATTGGATCTACTTTGCCAGCACATGCGGGCGGTTTAGAATTTCTTGAACCAGCGAAACTCGCACAAAAAGTTAAAAACTTAATCGCCAAGCAGAAAATCGGAGCAACGGTAAATATCGTCGACGCCGAAGTCTTCGACGGACTTTCAGCGGCATTGAAATACAAAATGCAGTCGGAACCTTCCTATGTGGACGGCTATTATACACGTCTTGATAAATACACTCTGGACGTTGACGCAAACCCGGGTGACTTCATTGATGGCAATGATTTACCTCTTGGATT
NZ_CP030034.1_gap84	3465523	3467522	1999	TGTTCCCCAAGTTACGCCAACACAGACGCAGGTTTCGTATACCGAAAAAACGGTTACAGCGATGACTCGCCCGACAAACCTTTTAGAGGCTTTGGACTGCGGCTCTCAGCAGATGATTCAGGAAGTCAAAGAGGAGTTTAACCTCAGTTCTGACCTGGAAGTTGTGCGTATGTTGATTAAAATCGGCTATGTGAAATCCAAAGGCATGCTGAAATAGCTTAAATCCTTCAGGATTCTCGGCTATAGTGAGTTTTCTAATTCGTAAAGGCACGACTTCATGAAGAAAAAGTACATCTGGCTTTTGGCTATCGCTGGTTTTTTGATCGCTCTAGATCAAGGCGTAAAAATGTTCATTCACACTCACTTCCATTTGGGTGAGTCAGTTTCTGTGATCCCTAATTTCTTTAACTTAACTTACGTAAGAAACTTCGGCGCAGCGTTTGGATTCTTGGCAGAAAGCCATCCTTCATTCCGCGAGTTGTTCTTCTTATCTATGCCACCGATTGCCCTGGTCATTATCTTGGGTATCTTGCGTGGAGTGAAAGACGAAGACACAAAACAAATCATCGCGCTTTCAAGCATCTTCGGTGGCGCGATCGGAAACTACATCGATCGTTTGCGTTTCCGCTATGTGATCGACTTCTTGGATTTCCATCTTTATGGCCGCTGGAGCTGGCCTGCATTCAACATCGCTGATATGGCGATCGTTGGCGGGGTTGGTTTATTGCTGCTGTTGATGCTGATCGAAAATAAGAAAAAAGAAAAATCAGAAAGTGCTACTTAGCACGTAAAGAAAAAGGCACCCACGAGGTGCCTTTTTTATTTCGGAACGTTCTTACGCAATTTACGCTGTAAGCTTTGACGATGCAGACCCAACTTTTTCGCGGCCTGTGTGATGTTGCCATCGGAAGTTTGCAGAACGTAATCGATGTATTCCCGCTCCATGCGCGCTAAAGAAATCTCGGATTCTTTATTTACGTCAACAGATGCTTCATCGACTGCGAAGGCTTTCACGATCATATCTGGCGTTACAGGCTTGGTTAAAAAGTTTTCCGCACCTAACTGCATAGCTTTAACGGCAGAAGCGACACTGCCAAAGCCGCTCATCAAGACAATGCGAATGCCAGGGAATCTTTTCTTAAGATTGTCGATAATATCAAGACCACTTTCATTGCCGATACGCAGATCCAGCAATGCTCCGTCAGCCGTTTGAATCGTGGCTAAATCTGGCAAGGCGGCAAAAGCTTGCACTTCAAAACCGCGCTCGCTAAGTTCCTCTTGCAAAACTTCGCGCAGGCGTTTGTCGTCTTCAACTAAAAGAAGCTTTTTAACTGCAATTTTCATAGTGCACTTCCTGCAGGAATCGTAAGTCTTGCGGTGGCGCCTCGGCCCGACTGATTGTTGTACAAGCGAAACTCCCCGCCCAAAGATTGTGCCATCATTTGCGCTGAATACACGCCCAAACCATTGCCACCAACTTTGTCTGTCGCAAAAGGCTCACCTAAACGCGATAAAATTTCTTTCGACAAACCTTTACCTGCATCAATCACTTCTAAGACAGCCAGAGAATCTTGTTTGTAAAGACGCAAGGAAATCTGCACTTCATTTTGTGACGAGGCTTCAAAGGCGTTATCAAGCATGTCGAACAAGCTTTGCGCAAAAGCCAGAACTTGAATCTGACAGAACAAATCTTCGTCACTAAAATGAGTTTCGATGTTTACTTCGGGATGATCTTGCTTCCAAGCACGCAAAACGTCCGTCACTAAAGTTTGCACTTTGGTATTTTGTGGTTCGGCCGCCGTCGAATTCGAAAACACTTCCGCCATGTGACGGAAGACTGAAACGCATTCCTGCAACGAACTTTGCGCTTCCACTAATTCATTTTGAATTTCTTCCGTCAAAGATTTGCGTTGCGCGCGATTCAAACGCAATTGCAAAGCATTTAGCGGAGTCGCCAGCTGATGAGAAAATCCCGCCGTCAACGCGCCTAAAGCTTTCA
NZ_CP030034.1_gap85	3469828	3471637	1809	TTGAAATTGGCGGAGTCAGGAGCTGAGGTCGTAAAAGTTCTTTCTGCGACAGAGCCAGCAAAGGCAGACTACTTCCAGAAAAATTATGATACTTTCCGCAAACAAATGAACGATCTGCACGCTGCGATTGAAAAGAAAATCAAGAAAGTCAAAATGATGGAGTATCACAAAGAGTTCACATACTTCTTTGCGACCTACGGAATTTCTTCAGCCGGTTCATTGGAAGAAAAGCCCGGCATGCCACCTTCAGCAGCACGAATTGCGCAAGCCGCCCAAGCTGCGAAGGCCGCGGGTGTGAAAGTCTTGTTTGCGACAGCGTCAGCTCCGCATGCGACACTTGAAAGATTCCGTGAACTTTCTGGAATTCCAGTCGTGACTGTTCCTTCTTACGTTCAAACGTCAGGCGATGCTAAAACAATTGAGGGTTTGCAAAATCTGTTGGTAAAATCCATTCCATAAGGATGTCCTATGGAAAAACTTCTTGAGGTTCGTAATTTACAAGCATTCAGCCGTGAAGGCCGAGCCCTCTCCCCGATTGTGAATTTTGAACTTCAAGAAGGCGAAGTGCTTTTTCTGCGCGGAGAAAACGGCGCAGGTAAAAGCACGATTATGAAGACTCTTTTAGGTCTTCATAAAAGCTTTGCTGGTGACTACGAAATTCTTCCTGCCTTTAATGACGTCGCCTATCTTCCCCAACTTGGAAATTTAAACTTTCATCTGCCGCTGACGTTGTCAGATATGTTGATGAATGAAGACGTCACGTCCCCTTTACTTAAAGGTCTTGATCTGAATAAAAAATGGAATACTGCAAGCGGTGGTGAACGCCAGAAGGTTTTATTCACTTCGGCTTTGTTACGTAAGCCCCGCATTCTGTTTTTAGACGAACCGTTCAATCACGTTGATAAGGAAGCTGGCGAACTGCTTGAACACAGTCTAAGTCAGTATCTGCGCGAAAATCCGAAAAGCGCGATGGTCTTAATCTCGCATCGATCATTGATCCAAGATTGGCCAAAAATTCGCTACGTGGAGATTCGCTAATGACTGCTTTCTTAGAACTTCTGCAAATATATAAGTGGTCTTTGCCTTCGTCGATCGTGATGGCAGCAGCTTTAGCACTCGTGGGTGCGCAATGGACCGCACGTGAAAAAAGCGCACAAGTATTCGTGTTGGGCCAAGGGTCTTCATTAGGTATCGTATTAGGCCTGGTCGCAAATATCTTAATGGGCACGGATTTTCATTGGCTCAGTTTATTATTCGGTCTGACTCTAGGGTGGTTGACGCTGGTGATTTCTGATTTTGCGATTGAAAAGAAATCTGATCGCAATCACATCTATCTGACTTTGTTCGTTTTCTTTTTAGCCTTAACTTATTTGATGACGGCGATCACTCCTTCGTTGGAATCGCACATGGCAGCTGCCTACTTCGGCGATCTTGCAGTGATGAGTGATGCCACAGGGCAGTTGGCTTTGGTGGCGGCAGCCCTGTTCACTGGTTTTGTATTAACTTACTGGAGACAGCTTACACACATCTCTTTTGAGTTAGTGAATCAAAGCCTTATTCATCGCAGTTGGAAGAATCGCATCTTTGATGTCGGTACACTTTTGCTTACTACTTTAGCGATTCAAGGCATGGGATACTTGTTCACAATTGGTTCTTTATTTATCTCGACAAGTTTTGCATCAAATAAAGCGCGCAACCTGAAACGCTATACAGTAGGGGTTTTCCTGATTTCAACCCTGGGCTGCTTCTTAGGATTTTGCTTATCGCTGCTATCCACGAACTTACCCACAGTACCGTGCGTTTTGATTG
NZ_CP030034.1_gap86	3472652	3477343	4691	GTTCGCGATTCAAGATTTCAAATAAGCGTGCTTTTTCATTCGTCTTCATCAGACGTTCCGTCAAGATGAAGCAATAAATTTGGTAAAGAAGAGCTTGAAAACGATCTTTATCTTTTGGATGAACGTGGGCGAAATCTTCAGAACGAATCGCAAAGCACTCGACATCAGTTAAAGCTTTTACGGTTGTTGAAGTGGGATTTTTTGTAATCACACTCATCTCGCCGAAAACTTCACCTGGATGTTCAAAGGTTGCTAGGATTTCGCCGGCCAAAGATATTTCAACTTTTCCGCTTCGTAAAAAATAAAGCGAATCGTTTTTTTGGCCTTCTTTAAGAATGAAATCACCAGCTTTAAAGCTGGCAGAATGAATCATGGCAGAAACTTGCAGCAACAAATCTTCACTGAAGGATTTGAAAAAAGAGTGTCCTTTGATTTCCTTAGCAATCTCGGCCGGGTGCAGTCTCATATAGGACCAATTATGTAGTGATACAGCTATGCTTGGGTAGATAGCTCTTGAATATTTCTGGGAATCTAACAAAAATTAAGTCTATCGTCCGTGTTTAAGGAGGACGTTTGCTTCCGCTGATTCACGTCACTTCCGGCGTTTCAATTCCGAGCTATTACCTTGTCCTCAGTGTTGTGGTCATGGCTTGTCTTTTTTGGATTACTCATCGAGCGAAGAAGTACAATTTATCTCACGCGATCACGCTCGACTTAAGTCTGATAATTATGGTTTCCGGCTTCATCGGCGCGCGCCTTATGCACGTGTTTTACGAGAACCTGACGTACTACCAAGAAGACTACATGCGCATCTTGTACTTCTGGGATGGCGGCTTCGTTTACTTCGGTGGCGCGATCTTAGCGGCCGCTTTATGCGTGTTGTTTCTTGAAATCAAAGCTCCGAAAGATACTGAAAGGTATTTGGATTTATTTGCACCCGTCACAGCATTTGCTTACGGCTTTGGTCGCTTAGGTTGTTTGCTTGCGGGCTGTTGTTACGGAAAATATTGCGAGCTTCCTTGGGCCATCAGTGGTCGTCACCCGACCCAAGTATATGCCTTCTTGTGGGAAATGGGTGTCGTCTGCATTTTGATGGGTGTTGAGTCTATTGGTGCGAATCATCGTCGCCCGAAATCTTTGGGCGATGCCGGATCTGTTTTTTATTTATGGATGATCCTTCACGGCATCGGCAGACTTTTGATGGAGGCCTTCCGTGAAGATTTCCGCGGACCTTCATTGGGCATTTCTATTTCAAGCTGGATTAGTATTGCGCTGATCGCTTTAGGCTTGCTGCTATTGTTGCGCCGGAAGCCAACACGTCGGGGCATGGCATTGTTGTCCTAGTTGGCAACTTGCTCCGGCTAAAAAAGTATCTAAACGACATTGATCTGTTGGATAAGAGTTGCGAACCAGTTCAGTCACCGCAGCTGCACGCACATCAAGACTGACCGGCGTGAATTCACGATAAGAATATCTTTGGAAGCTATTTACCAAATCAAAACCAATTTGCGCGACTTGCTGACATGATTCATTCGCACCACACATGTGCTGAATTCTTGCATTAATCACAAGAGTCTTCGCCAATTCTGGATGTCGTCGCAAATAATCCGGCAAACACACGCGAGCCGCATAGAAATCAGAATTACCCTCTGTCGATGCCCAGTCAGAACCAGGAATTGTTTGACGAGGCTCTCCCGCAATCACGTGACCGATCTCGTGACAAAGCGCTGCCGCCAATTGCAATTTGGTGAAGCCCGGCGCACGCGCCATTCCTCCCCACAATGAAACTTGCATGTAAGTATCACGCTTAATCGCGAAGGCCGTGAAGTACGGACTATTCCACTCGTTCGGGATTAGTAGCGGCATTCCTGTTGTTTGAATAACAGCGCTTTGATAGTGCGATTGAAAGTCCGTGATCAATTCGCGATAGTCTTGTTCTGAGACATTCGAAACGTTCGCAGAACCTACAGGAAGATAGAAGTAGTCTTTGCGCTCTTGAGATTGTTCTTGCGCGTGAACGGGCTTGCTGAGCGATTGACGCGTCATCTGCATCATCGAAAACAAAAGCATCAACAGGATGCTGGCTAGAATGTAGGGAGAGATTTTAAAGCCCTTCATAGTGCGCCAAATTAACACACTCGAATTCATCTATTCCACTGTAATGATTTTAACACTCTGACAAAGAACGTCTCATTGTGGGATGTTTAGACGAAAGCGACACAAATTGTCTCTGGGTGATCTGAAGCTAACAGTTAGAGCACCTCTATATCGATTTACTTCCACCTTAGCTCCACAAATCCTTTGGCACGTCTCATGAAGTAGCATCCTTTCGTAGAAGTTTATTTATTTAAGAGAGGTTCTTATGAAAAAGTTTATCTTCGCATTCGCGGCTATCGCATCGACTGTTTGGTTCGTTGGCTGCAGTAAAGGTAGCGACAGTTCCAATGGTGCATACGGAGTTTCGTGCCCAGCGGGTTCTTCTTGGAATGGATCTTATTGCGTAAATGCAAACGGTGGCATCGTGAATCCTACGGGTCCTACGACGCAAGTGAATTACTATGACTACAATTATTATCAAGTCTACACACAATATCGTGGTGACATGACGATCGTAAACACGGGCGCTTATAAAGCATTCTTGAAAGAAGCGATGGGCATCTGTGATACACAAGTGTGGTCATTGATTAACACGGGTTATGCAAACTGTAATGCCTGGGTTGCTGGTTCACTTCAAGTTGCTTGGTCAATGGGTTCAGATTTGAAACCTTCGATTCAGTTCACTGCATACCCAACTCCACAGTATTTCACTGCAAGCTTCGGCATCAGCGGTGGCGGTGCAGCACTAAATCCATTGAACTTGTATAGCGCAACGACTTATAACTTGATCAACAACAGCAAAGGTTTCGAAATCAGATCAAACGGTTCTTCTTGGAATGGTGGCGGTTTGAGATTGATCCAAATTCAAGTTCCAGTAGGTACTGTGAATGACACTTACTTCTCTTACGACATCTACTACCCGTTCAACGGTGTAGCAACTAAGATGGCGAGCGGTAAGTTCAAACGTTTCTAATCTGCACTCCGCACTAGAAACCTTGCGTCTTGCGCTGCTAGCAAGAGTTTGCAAGAATCCAAAATTATGACTGAACCAAAAGTTCGACAAGTCAAATGCCCGCAGTGCGGGCGTTTGACTTTGTACTCACCAGAAAATGCTTTTCGTCCTTTCTGCTCTGAACGATGCAGACTTATCGATCTTGGCGAGTGGGCCAGCGAAGGTTACCGCATTCCCGTAGGACATTCTTCAAGTGATCCTTTAACTTCCGATGAAGACAATTACGACGATAGCGATGAAGGAAACAATCATCAGCATTAGTTTTCAGCATTGCATGCTTTTGAAAAGCGCAGTGCGAGCTAATTTCGCAAAATGCTATTGACGAAAACTAAAAATTGATTTCATATTTGGCTGTCATTGGATGACGAAGAGTTATCATCAAGATTTTTATAACAACGCAGGACACACACACGTGTCTAAACAGGAGTTCACATGAACAAAGCACAACTTATCGAAAAAATCGCATCTGAAACTAAAGTTTCTAAAGCTCAAGCTGAAAACATCTTGGATTGCGCAGTAGAAAACATCAAAAAAGCAGTTAAAAAAGGTGACGATGTTAAATTGGTAGGCTTCGGTACTTTCACTAAAGCTAAACGTAAAGCTCGCACTGGTCGCAACCCACAAACTGGTAAAGCAATCAAAATCCCAGCTGCTTGGGCTCCAAAATTCCGCGCTGGCGCAGAATTCAAATCAATGGTTAAGTAATCTCCTTTAAGAGATTTCTGCTACTTCGACAACGTTGAAGTGTAGACCAGAGAAGGGCGTTCGTAAGAACGTCCTTTTTTTTTGCCTTCAATCAAGCAAAGCAGTACGATTTCCCGTATGGCAACCTTCGATAAGAAAATCAAAAGAATCGGTGTATATACAAGCGGCGGCGACGCCCCTGGAATGAACGCGGCCATTCGTGCTGTGGTTCGTGTCGGTATTGCTCAGCAACTTGAAGTTTATGGTATTCATAGCGGCTATGTCGGCATGATCGACAACGTGATTGCGCCACTTCAACTTCGTGATATGGCAAACGTCATTCAACGTGGCGGTACGGTTTTAAAAACTGGACGATCCGCTGATTTTCAAAGACCCGAAGGTCGCGCCAAAGCTGCAGCAAATTTGAAAGCACATAACATTGATGCCCTTGTGTGCATCGGTGGTGACGGTTCGTTCCGCGGTGCTCATGCACTTTGGGAAGAACATCAAATTCCTATCGTTGGCGTTCCTGGCACAATTGATAACGACATCTTTGGCAGTGATAAAACAATCGGCTTCGATACAGCCGTCAACACGGCGCTTGAAGCGATTGACCGTATTCGTGACACAGCTGCTTCTCATGATCGTTTGTTTATCGTTGAAGTGATGGGTCGCAACTCTGGTTTCATCGCATCCCACGTGGGCCTAGCAGGTGGAGCGGAAGAAATCTTCACTCCAGATGGCACAGCGACTGTTGAAAAAGCGATCGATCACATCAAAGAAGGTATCGCTCGTGGTAAAACAAGCAGTATCTTGATCACAGCAGAAGGCCAAAAACCAGGTCGTGCTTACGACCTTGCTGATTCCATTCGTAAAAAATCAGGCATGGAAGCGAAAG
NZ_CP030034.1_gap87	3631582	3634976	3394	CCCGATCTTGTGAAGCCGCGTTTGGTGAAAATGCATCCAGAAGATACCGAACTCACTGAAATTAAAACGGTCGATTACTCGAAGTTTTCGTACATGCTTATTAACGCCGTGAAAGAGCTCTATGCAAAGCTTGTTAACCAAGATCAGTCTCTTGAAATTCACAATAGACAAATCCTTGCTTTGCAAAAAGAGAACGCCGAACTCAAAGCCCGCTTAGACCGCCTGGAAAAGTCCATGCAGGGTTCCCAGTAACAAAACAGGCCTGTTGCCTAAATTGTGACAGCTAAAAACGCATATAAAGCTTCTGAGAGGGGAATAGAACCTGCAATTCCCCGCCTTGTTATTAATATCAGGAGGTTTTATGCGTAAGTCTTTGATGGTTTTGGCTTTGCCAATGTTGTTCGCTACGACTCAAGTTCAAGCATCGGCTTTTGATTCTTTGAACGATCAACAATTGCAAGAGCAAGCCTACTCTCTTTTAGAAAACAACGCGGCCTCTATCCGCATGTCTGGCGACGTTCATGACAATGAAAGACTGACGGATATCTTGGGCAAAGTAAAAGCTCGCAATGAAGAGATCATGAAGCGCCTTGAAGAAGGCCGTGATCTTGAAAATCTAGAAAGCCCGATTTCAAACGTTGATACAAAATGCGAAGTGCAAAGCGATAAGAAATCTGCAGACTGCACGACTTTTATTTCATACAGCCCAATGGGTGAAACTGGTATTCAATTCAGAGTGATCCTGGATGCACAAGGTAACGCTGTAGACATCGTTCGCAATGTGCTTGTTTCTCGCGGTGACTAAGAATTAAAGAACTTTACCAAGCGGCTTGAGTTTTCCAACCTTGCCGACTTTTGATGGAAGTGGATGTTGGATTTTTTCTGCCATCCACGGATTTATTTCAAGAAGCTTATCAAGATTCAAACCTGTCTTCACGCCCATACCATGGAACATGTAAACCACGTCTTCAGTTGCAACGTTGCCCGTTGCACCTGGAGCGTAAGGGCAACCACCTAAGCCACCCAAGCTTGCATCAAACACCGTAATACCCATGTCGTAGGCCGCAAGAATGTTTGCCAACGCCTGCCCACGAGTATCGTGAAAATGTCCCGCTAACTTTTTCGCAGGGACAACCTTCTTCAATTTTTTAAACAACGAACGAACCTGCCCCACATCAGCAACACCAATGGTATCGCCGATTGAAAGTTCATAAACGCCCATCTTATGCATTCTTTGCGCAAGCTTCACAACACGCGCCTCAGGCACTTTGCCTTCGAACGGACAGCCAAAGCATGTTGAAAGATAACCACGCACTTTGATTTTATGTTTCTTCGCTAAAGCCATCACCGGCTCAAAACGTTGGAAACTTTCTTCAATCGTGCAGTTGATATTTTTCTTAGAGAATGATTCTGAACACGCAGCAAAGATTGCGATTTCTTTCACACCGGATTTGATTGCATCCAGCATTCCGTGTTCATTTGGAACCAGCACAGAAAATTCTGTCTTCTTTGGTAGCGCACCTGTTTTTTGCAAAGCAAAAGTCTTTGCTAAGATTTCAGATGTGCCCGCCATTTGCGGAACCCATTTAGGTGATACGAACGAACCAATTTCAACTCGTTTCGTTCCCGCTTCAATCAATCGTTTTGCGAATTCAACGCGCGTGTCAGCATCCAAAACGGTTTTCTCGTTTTGAAGTCCGTCACGAAGTCCCATTTCAACAATAACGACTGCGTTCTTTTTCATAGGCTTACTTTTCGGCAGATGGTTTCATTTTCACAAGGGCTTTACCTAAAGCCACTTGCTCGCCAACCGCACATGATACTGATTCAATTGTACCATCGATTTCGCTCTTCAGTGTGTATTCCATTTTCATGGCTTCCATCACAAGCACGGCTTGGCCCGCTTTGACTGCTGAACCCGCAGTTAAAAGAATCTTAGTTACTTTACCTGGCATTGGGGCCGCGATTGTATCCGAAGAACCACCGCCACCAGCTTTTTTACGAGACTTTTGTCCAGAGCCAGCGTCCATTGTGAAGGTGCGACCATTTACGTGCACCCACAAAGTGCCCTTCATAAGTTGCGCTTGGGCTTTGTGATCAACACCGTCGATTCTTACTTTAACTTCCATTAGACACCTCTCCAGAATGAAGACCATGGAGACGAAACACCTGCTGTCATCGCCGCAGAACCTTCAGCCGTTGCGACACCACGAACTTGTGCCAAAGCACCCGCTGCGATTTTCTTTTCAACTTCAGTCAATTCAGGTTCTTTCAAAGCTTCAGCAAAATACGTTTCAATAAAGCGAGTTGTCATTGTGCCCATCACGAATTCTTTGTGTGAAAGAATTTCGATCAAGTATGGAATATTCGTATGCACACCAAACACAACAGAGTCTTTCAACACGCGGATCATTTTTTGAATCGCACGCGGACGATTTTCATCCCACACAATCACTTTCGCGATCATCGGATCATAGAACGGAGTGATTGTGTCGCCTTCATCAAAACCATATTCATAACGACGGCCTGGGCCTTCTGGCCAAGCTACGTGACCCAACAAACCTGTTGAAGGCACACCACCCATGAACGGATTTTCAGCGTAAATACGACACTCGATAGAATGACCACGAGGCACACGCACTTGTTTTGGATCGTGCACGAAATCACCTTGCGCCGTCAGGATTTGCATTTTCACTAAATCCACACCCAAAACTTCTTCCGTCACTGGATGTTCAACTTGCAAACGCGTATTTACCTCAAGCAAATAGAATTCACCGTCTTGCAATAGGAATTCAACTGTGCCAGCACCTTTGTATTTTCCCAAAGTTGCAATCGCACATGCAGCTTCACCCATGCGACGACGAAGATCGTCCGTCAATGAAGGCGAAGTCGCTTCTTCGATAATTTTTTGGTGACGTCTTTGCACTGAACATTCGCGATCAAAGAAATGAATCACTTGCCCTGTGCTATCGCCGAATACTTGGAACTCGATGTGTTTAGCGCGATCCAGATATTTTTCTAAGAAAACTTTTGGCGAACCAAACGCTGATTGAGCTTCACGTTGTGCGGACTCGATCAACTCTGCCGCATCTTCAATTTTTGTGATCAATTTCATACCACGACCGCCACCGCCTGCTGCGGCTTTCACGATCACTGGCAATCCGATTTTTTTAACTTGCTCAATCAAGTGCGGAACATCTTGGTGTTCACCTTGATAACCAGGCACAAGTGGCAAGCCCGCTTTTTTCGCAAGCTCTTTACAGTGAACTTTGTCACCTAAAGAACGAATCGCTTCAGCAGAAGGACCGATGAAAGTGATACCAGCTTTTTCAACTGCTTCAGCGAAATCAGCATTTTCAGAAAGGAAACCGAAACCTGGATGAATCGCTTGCGC
NZ_CP030034.1_gap88	3640821	3644267	3446	CAAATAGAAAAGCAAATTCATTGCACCCAAGGACATGCCATAAAGTGCAACCACGCCCCAGGTATTTTTCGTCAGCTTATGTTTCCACGGTTGAAAAATCACAAGCAATAAAAGTGCAGAGATCCACACTCGTAAGAACGTTGTGACCCCTGGGCCTAGTACTGTAAATAATTGTTTGGCAAAACTCGCTCCGCCTTGAATGGAAAAAATCGCAATCAAGACAAGAATAATGGACTTTAGTTTCTCCACGAAGGTTCACGCTTTTCAAGGAAGGACTTCAGCCCTTCTTGACCTTCAGCGCTTGCGCGGCGTTCAGCAATCAAGTGAGTCGTGCGATCGCGTTGTTGTTCCCAAGTCATATTGCCGATATCGTTCAAAAGCTTTTTGGTTTCACGAACAGCTTCAGGGCCGCATTGTTTGTAGTTATGAACAACCTTTTGCAAAGCTGTATGGCCTTCACCCGCAGGAACAACTTCAGTCACAAGTCCCGCTTGTTGGGCGATATGTGCGTTGAATACAGTCGCTGACAACATCAAAGGACGAACTTTACCGGCAACTGCTTTACGCGCAACAAAGGCACTGATCACGGCAGGAGCAATTCCCAATTTCACTTCACTGAAACAAAACTGTGTGCCCTCTTCAGCGATAACTTCGTCACAGACTGCGATCAAACCTAGCGCGCCACCAAAAGCTGCGCCATGAACCATGCCCACAACAGGCAAAGTGCAGCGTGCGATTGCCTCAAACATATTGAATAGAACCAACGAGTCTTCACGATTCTGGATGTAAGAGAAATTCACCATCTCTTTCATCCAATTTAAATCAGCACCTGCACAGAAACTTTTGCCTTCGCCTTGCAAAACGATGACGCGAAGATCTTTGCGGTGTTCAAGCTCATGAAACGTCTGTGTGATTTCTTGAATCATCTGTGGATTAAAAGCATTGCGCACGTCAGGTCTGTTCAACTTTACGTAAGCGACATGATCTAACTCAGTGACATTCAAAAAATTCATACAGACTCCTTTAACCCGACTACATTCTAAACACGCCTTGAGTTTTTTCTCCCCAAGACTTGTTCAAACTTGCTGCAATACCTAGTGCCAAAACACGACGCGTGTCTGCTGGATCAATGATACCATCGTCCCACAAACGTGCTGAAGAATAATAACACGAGCTTTCGTGTTCATACCTTTCTAGTGTCGGACGCTTGAATTCCGCTTGTGCAGCGGCATCCATCGTTTGTCCTTTAGCAGCCATTTGATCTAATTTCACAGTCAGCAATACGTTAGCAGCTTGTTCGCCACCCATCACGCTGATCTTTGCATTCGGCCACATCCACATTTGGCGTGGTTGATAAGCGCGACCGCACATACCGTAGTTACCCGCTCCGTAAGAGCCCCCGATGACAACAGTAAATTTTGGAACATGCGCATTTGATACAGCCATAACCATTTTCGCGCCATGTTTCGCAATACCTTCATTTTCGTATTTCTTACCGACCATGAAGCCCGTGATATTTTGCAAGAAGATCAATGGAACTTCACGTTGCTCACACAACTCGATGAAGTGCGCTGCTTTCAAAGCAGATTCACTGAACAACACGCCGTTGTTCGCGATGATCCCTACTGGCATACCCCAAATGTGTGCAAAACCTGTCACCAAAGTTTTGCCGTACAACGGTTTGAATTCATGCAAGCGTGAACCATCTACAATACGCGCGATAATTTCGCGAACGTCGAATGGCACACGGCTGTCTTTAGGAATCACGCCATAGATTTCTTTTGAATCAAACAATGGCTCTTCAATCGGCATCGTTTTCAATTGCACAGCTTTGTTGTGATTCAAGTGCGCAACGATGGAACGCGTGATTTCAATCGCGTGATTGTCATCTTCTGCGAAATGATCTGTGACACCCGAAGTTTCACAGTGGACTTGCGCGCCACCAAGCTCTTGCGCATCAACGATTTCACCTGTTGCTGCACGCACCAGTGGAGGACCACCCAAGAAGATTGTACCGTTTTCTTTTACGATCACAGTTTCGTCACTCATCGCAGGAACGTAAGCACCACCCGCAGTACATGAACCCATGACAACCGCGATTTGTGGAATGTTCGCTGCAGACATGCGCGCTTGGTTGTAGAAAATTCTGCCGAAATGATCACGGTCTGGGAACACGTCTGCTTGCATCGGCAAGAACGCACCACCCGAGTCGACAAGATAAATACATGGCAAACCGTTTTCGAAGGCGATTTCTTGTGCGCGCAAATGTTTTTTCACTGTCATCGGGAAGTAAGTACCACCCTTCACAGTCGCATCGTTCGCAACAATCACACACTCAGTTCCGTGCACCACACCGATACCTGTCACAACGCCAGCACCCGGTGCTTGGCCTTCGTACATATCCCATGCTGCCAAAGTTGAAAACTCAAGGAAAGCTGTTCCGCCGTCCACCAAAGCTTCAATACGTTCACGCGCCGTTAATTTGCCGCGCGCTTTGTGTTTCTTAGTGGCATCCGCACCACCGCCTTGTTTTACAAGTTCAACTTTTTCACGCCAGTCTTTTACGATGGACAACATCGCATCTTGATTGGCTTTAAAGTCAGCAGAGTTCGTATCAATGTTACTTTCTAAAATTTCCATAAAACCTTTTTACTTAAGCAAGTGCCGGCGTGTGTTTGAATTTTAATTGCAAAACAACAGAGCCAACTGCTTGATCGTTCTCATCATAAATTTTTACTTCAGCTTCAGCTTGCGCCTCACGCTGATCACGAACTTCCGCCAAAACCACTTCGCGAGTCGTTTCTGGAAGCTCCATACGCAAACGGCAGTCCGCTGTTTGTGTTTTGAAAAACTCAGCCTGCGTTCCCGCCACTGAAATTTCAAAATTGCCCAAAGGTGCGTGACGCATCCACAATAATTTTGCTGCTTCAATCGCCGCTGTGATCAAAGCGCCTTCGTGCATTTGTTTGGTGTCGTTCAAGTTTCTTGTACGTGAAGGAACAACCATCTCAACTTGGTTATCTGACAAGCGAGAGATTCTCAATCCCATTCCCGCAGAAAAGGGGCGAACGATATCCAAAGCATAACTCAAGGCAGCATGCGAGGCCTTCGGGGAAACCTCTTCCAGCAAGGCCGCCAGGTCAGCAGCACTCAGGCGGATACCGCGTTCTTCCAATTGCGTCTTCAAGCCATCTTTAGCCTGCTGCAATTGCTGACGCAAATTTTGCTCAAGCTCGATCCCTTTAGACATTAAGATTGTCAGCCATTGTTGGTTCATGAGATATCCTCCGTGACCGCTTACACTTCGGGTTGAAAAAAATGAAATATCATGCTCGGATAAAGATGTAAACGAACCCACGCAATAGATACCGGCAGTAGAGAGGATTTTCGAATGAAGAAGATTGTTAGTCTTGTTGTTTTCATCGCAGCTTTGGTTTGGACTTGGA
NZ_CP030034.1_gap89	3695340	3696388	1048	CCAAACCACCGGCCACTTGTTGAATCGAAGCACTGACTGACATGTAAGCGCCACGACTTGTTTGCTCTGGCACACCCGACATGATTGTTTGGGCTGGAATCATGCGCGAGAAAATCCCGATGAACATGATCACATTCACAACCACCACGGCTGCCAATGGTGTCACACCCAAATGCGTATAGATGATAACCATCACCGCACTAAGCATTGATCCAAAGATGAACGTTTTTAAGTTACCGAATGAATCGCACAGTCGACCCACCAAAGGCCCGATCAAGATCGAAAAACATCCAGTAATTAGATAAATCATCGGAAGCTTTTCTAGAGCAATTCCAAGATTATTCACGGTGAAGGCACTACCGAATGGCAACAACATAAAGCCACCGATTGATAAGAACGCCACCGCTAAGTACGAAGTCGTATACTGTGTATTCGTGATCGTACCAAGCAAGTGATGCAGCGGATGTTTATCCACTTTATACTGCAAATGCTCATTCACGGGTTTCATCTTAAACCAAATGATAAAACCAACGATGGTGCTGACCGCAACGATCATCAAAAACGGCGCGTGCCATCCGAAATGATTCGACAAAAACAATCCTGACGGCAAACCCAAAATCTGGCTGGCAGCAAATGCTGTCTGCAAGAAGCCCATCACACGTCCACGCATGTGCATTGGAAAAATATCCGTTGTAATTGCCATCACGATGGAACCAATCACACCACCAAAAAGGCCCGTGATAATTCTAGCTGCTAATAACATTTCATAATTAGGAGCCAAAGCGCAGAACAATGTTCCTGCGACAAAGCCCAGATAAAAGAACATCAACATGTTCTTGCGATCAAAACGATCCGCAAAGCCCGCCGCAAGAAAGCCTGAAATCCCTGCGCTGAATGCGTAAGCCGATACGACTAAACCAAATTGCGCTGTCGTGATGTTCAATGCAGGCATCATCGTCGCGCCCAATGGCGACATGATCATGAAGTCCAAAATGATTGTGAACTGCAAGAACGCTAGGATAGCGATAATAAATTTCTGATAACTATC
NZ_CP030034.1_gap90	3701189	3702310	1121	AGAAATTGAAGAGGCTTTGATTCGTGCGCATGAACGTGGCGTGAAAATCACAGGTTTTATTCATCAGCACAATAGCTTTGGGATTTGGTACGTGCGCCGTACTCGTGATACCGCAAATCGACTTCTTCAAGCCGGAATCAGCGATTTGCATTTCGGGCCCAGTCACCTTTTCACTCATTCTAAATTTATCGTGAAGGATCGTAAGGAAGTTATGCTCGGTACTGGCAACTGGTTGGTAGAAGACGTTAAAACTCATCCGCAAATTTATATTCACTTGCACGATGCGGTTCTGGCCAAAAAGTTAAGTCAACATCTTGCACAGACGTTGAAGGAAGAAAAGAAACGGGGCCTTTCAGCCCCGCATCTAAAACATTAATTTAATTTATAGCGAGCCGCTGGTTGTGAGCGCGAAAGATTTGGGCCCAAAGCTTGGCGAGCACTGATAAAGTTTTGCCAATCTTTTTCTTCTGGCAAAGACGGAATCGTGATCTGTTCATTTTTATCAAGACCAACAAGAGCGGCATCGACCATGTCTTCTGCTGACATCACCATTTCTGAAGGCAAGTGGCTGAGTGGGAAACCGGAACGATCCCAAAGCTCTGTGCTTGTTGCCCCAGGAAGAACCGCTTGCACTCGCACACCTGAATCTTTCACTTCGGCTTGCAGCGCTTGTGTGAAATTCAAAACGTAGGCTTTGCTACCGCTGTATGCCGCACCAATCAACTCTGGATTTAGCGCCACAACAGATGCGATGTTGATGATCGTGCCCGCTTTACGGGCTACGAAGCTTGGCACAACTGCAACCGTTAAACGTGTTAATGCCGTGATATTCAGATTAATTAAATTTTCTAAAGTATCTGCATTGGCTGCGGCGATGGGACCCGCTGAAGCCATACCTGCATTATTGACCAGCATCGAAATCGCAGCGTCGGTTTTTAAACGCTCTTCCAATTTCACAACATCCGTGTGTTTTGTTAAATCAGCACGAAGAATTTCAACTTCAATTCCATAAGAAGCTGTCAATTTGCTTGCGAGTTTTTTCATGCGCTCTTCATCGCGTGCTACTAAAAGCAAATTATAGCCACGTTTCGCCAAACGATCTGCGTAAATGGCACCGATAC
NZ_CP030034.1_gap91	3787854	3789738	1884	ACAAAAATACGAACGAAACTTTAGGTACTTTGGACGTCGAATTGGACACAAAAAATCTGCGCGATCGCTACTTTCATGAGGCGATCTGGATCTTCGTCCGTCAAGCCGCAAAAACCTTGGTCGTTGTGTTCTGCTTGTACTTCATTTTCAATCGCATCATCGTCGTGCACATCAAGCACATCGCTGATTATTTGAAAAATGGATTCCGTGATAACAAAAATCTGGTGCTGAATCGTCCTCCCCATGCGGAGAAAGACGAGTTGGATATTCTGGCCGATTCGATCAACCTTTTCCGTGTCGAACTTTTGGAAGCCAATCGTAAGCTTGAGCAACTAAACCAAGCGCTTGAGCAAAAAGTGACGGATCGCACGCGCGAATTGACGAATAAAAATCAAAGTCTTGAAAAAGCCATGTTCCAAATCAAACGCATGCAAGCGACCTTGGTGGCACAAGAACGTTTGGCGTCGTTGGGTAGCTTGACTGCCAGCGTGGCGCATGAAATTCGCAATCCATTGAACTTCGTTTTGAACTTCAGTGAGCTTTTGACCGAGTCCGAGGACGCTGAAGAAATCAAAGAAGTCAGCCGCGTGGTCTTGAAACATAGCCAGCGTATCGATCAGATCGTGCGTTCGATGCAGATTCTATCGGGTTACGATTCTGACGTTCTTGAAACAACAGATGTGAATGAAATTGTTAAAAAAGCTTATCAACAAACGATTTCCAATCGTTCACTAGGGTCAAGTTATGTGCCTCCAAAGGTCACATATCGCCTTGGTGATAATGTTAATGCACAAGTCTACTCGGTTTCGTTACAACGAGCCTTATCAAATATTATTGATAACTCGATTCACGCCCTGGAAAAAAAGGTTATGTCACAGAAAGATTTTGAACCCGAATTGGTGATTTCAACGTCTGTACGTGGCGATAACGTCGAAGTTTCTGTGCGCGACAACGGTATTGGTATCCCATCCATCCTTGGAGAAAAAATCTTCGATCCTTTCTTGACCACAAAAGCTCCTGGCGAAGGTGCTGGTTTAGGTCTTACTGTTGCATTTAATATTGCGCAGAAACACGGTGGTACTTTAAAGTACACTAGTGAATTTGGTCATTGGACTGAGTTCTTAATGACCTTACCGTTGGTTCACGAAAGACTGCATGCATGATTCACATTGTGATTGTAGATGATGAAGCGGATACTCATCTTCTATACAAACTGAAATTCAAAAAGTTCTTTGCATCTTTGGGTGACCTGAAACTCGTTTCTTTTTTAAGCGCAAAAGATTGTTTGAACTATTTAAAGCAAGACGACACTCGTCCTGTTGATTTGATCATGTCAGACATCAACATGCCCGAAATGGACGGCTTTGAACTTCTGCAAGAGGTTCGCAAAATGCATGAAGCCATGCCGTTTTATGTTGTCAGTGCGTACGAATCTACAGAGTTCCGTACAAAAGCAGAAAGCTTGGGCGCGCAACGTTTCTTAAGTAAGCCCGTCGACTTCAATGCTTTAAATGAAGCTTTGAAAACTGATCTGAATCTTTCCATCTAGTCTTTGCAAATCGTCACAAAAAAACACTCGCGCATGTATTAACCCATGCCGTCCCGTTTTATTTTGTCCTGCTCAACAATCGCTTTTATAAATTGCTTCATCAACGGAGGATGCAATTTATGTTCAAGACGATTTTAACTTCAGCAGTTATCTTTTTTTCGGCAACAGCAGCTTTTGCGACGGAACTAACACCCGGAAATATCGTGGGCCGTTACAACGTGACAGCGAAAGCGGGCTTTCAAAAAGTTTATGTAAAATTCCGCGTGGTGAATACGCGTGAGTTTGAAATTCAAAGAACCTATCCAGACGGTCACAGCGACGAAGAGTGCAACGGC
NZ_CP030034.1_gap92	3814869	3817573	2704	GAGTTCTTTCGTGAACGCCGCACTTTAGTTCCTTACAACAAGATTCCAAAAGATCTTGTGCATGCATTCCTTGCTGCAGAAGACGATCAGTTCTTCCAACATAAAGGGATCAATCCACAAGCTATCTTCCGTGCTGCTTTAGCCAATCTTCGTGCGGGTCGCTCTGTTCAAGGGGGATCGACGATCACGCAACAGGTTGCTAAAACATTGCTTTTGTCTTCAGAAAAAACTCTGACGCGTAAATTGCGCGACATCTTGCTGGCACTCGAGATGGAAAAAAACTTAAGCAAAGAAGACATCCTTTATCTTTACTTGAATCAAATTTATTTCGGTCAAGGTGCGTATGGTGTTGAGCAAGCTGCGCAAACTTACTATCGCAAACCGGTTTCGAAATTAACTTTGTCTGAAATGGCAATCCTTGCGGGTCTTCCTCAAGCACCAAGTGCTTACAGCCCTGTTCGTAATCCATTGCGCGCGAAAGAACGTCAAACATACGTTCTTCACCGTATGGCCGATGTTGGTTTCATCAAAAAAGAAGAAGCTGAAAGAGCTGTGAAAGAACCCGTTAAAGTTTACGTTCGTGAAAACTACGAAGAGTACGCTCCGTTCTTCCTAGAAACTGTTCGTCAATTACTGGTCGCTCAATTGGGCGAAGACATGGTTTTAGATAAAGGCTTAAAAATCTACACAAGCCTTGATCTGAATAAACAATTGGCTGCGCAAGATTCCGTGATGGCGGGTCTTAAAGGTTTGGATAAACGCCAAGGTTACCGTGGTCCATTGAAAAACATCGGTGATGGTGATATCGAAAAATTCTTGAAAGAAGATCGTCAAAAGTTGATTGGCGATTCAACTCCCGAGCGCATCATCTTGCCTGATGGTAAATTCGCAGATCTTGTTCCTAAGAAAGATGAAAAGGCGGCGAAAGAACATCCGCTTCTGCCAAGCTTTATTAAACTCCAAGACTCGGTTCAAGGTGTCGTGACTGCGACTGACGATGCGGCAGGTTTGGTCTATGTCCAATTGCCTGATACTCAAGGTTTGATCGATTTCGATACAATGACGTGGGCAAGAAAACCTGACACGGATAAACGCTATGATTTGGCGGTGATCAAAAAGCCTTCGGATGCTTTGAAAAAAGGCGACGTGATTCTAGTAAAAGTTGTGGGTGATAAATTCTCCCCTTCTCGTGTGATCGCGAATAGCAAAAAGAAAAATGCTCCGGCTTTGAAACTTCCGGATTTTTCGAAGTATGTTGATTTGGAATTAGATCAAGAACCCATGGTTGAAGGTGCGTTGATTTCATTCGATCAACAAACTGAAGACGTGTTGGCTCTTGTTGGTGGTACGAACTTTGGAAAAAGTGAATTCAACCGCGCGATCCAAGCTCCTCGCCAAACGGGATCTTCATTTAAGTCGATCGTTTATACTTCCGCTTTAGATAAAGGCTACAACCCTTCGACTCCGATCATGGATGCTCCACTTGTTTACGAAGAAGGCGGCAATAATTCCGGCGGTGATGAAGAAGGTCAAGGCGATCCAAAAGTGTGGAAGCCGTCGAATCACTCGAAAAGTTTTGGTGGCGATATCATCGTTCGCAATGCTCTTGCGCAATCGTTGAATATTCCTGCGGTAAAAGTGATCGAAGACGTTGGCGTACCTTGGGCGACAGAATATGCACGTCGTTTGGGTATTTACAGCCCGCTGAATCCTGACTTCACATTGGTGTTGGGTTCAAGCTCTGTGACATTGTACGAGATGACGAAAGCGTTTTCAGAACTAGGTCGTCTGGGTAAACGCACTCGTCCGTTGTTGATCCATAAAGTGGAAGACAAAAACGGTAAAACTTTGATGGAAACGATTTCTTTGGATGCACGCATCGAAAAAGAAATGAAACCTTATGACGATGATTTTGAAAACCGTCGTAAGGAGTACTTAGCAATTGCGAAAGATCCAGCAAAGCTTGAAGAGTACAAAAAGAAAGAACCAAAAAAAGCGGCGCTTGCTCAAAACATTTTCTTTGATGATCCAGAGCAATTGATCAAACCAACGACGGCGTACGTGATGACATCTTTGCTTCGTGGCGTTGTTGAAGATAAAAAAGGTACCGGCGCAAGAGCTCGCGCGTTGGGGCGTGAAGTCGCAGGTAAAACTGGTACGACGAATAATTATTTCGATGCTTGGTTCATCGGCTACACTCCACAAATCGCAACTGGTGTATGGGTGGGATTTGACAAAGAGAAAAGTCTAGGTAAAGGCGAGGTTGGTGGTCGCTCTGCGTTGCCAATCTGGGTAGATTACATGAAAGCAGCTCACGACGGACTTCCTCAGATGACTTTCCCAGTACCAGACGGTATTGTGTTTGCTAATATCGACAGCGATACAGGCAAGCTTGCGAACGCATCGACAAAAAACATTCTTCGCCAAGCTTTCGTCGAAGGAACTGAGCCCACTGCCGCTTCTGGCAAATCAGAAGAAGCAACGGACTTCTACAAACAGGATTTATCGGAATGAAGGATATTCACCTCTGGGGGGTGAAACAAAACAATCTTAAGAACATCGAGGTCAAAATTCCTGTCGGCAAAATGACAGTGATTTGCGGCCCGAGTGGTTCAGGGAAATCTTCTCTGGCTTTCGAGACTCTTTTTGCCGAAGGCCAGCGCCGCTTCATCGAAAGTATGTCGAACTATGCACGACAATTTTT
NZ_CP030034.1_gap93	3832877	3837215	4338	GTCCGATAGCGTTTAGATCCTCTGCTTGTTTCGCGGCACCATAATATGCGGCAAGGTCGACGGAGTTTTGGAGATTGATTTTGTGGTGAACTAGCAAGCCGACGTTGATGACCATCGCAAAAAACAAAAACAGCACCTGAAAAATCAAAGCAACGAACAAGGCGACTTGGCCTTTGCGATCTCGAAGCTTGAATAAAAAAGTACTGTTGTGGTTCTTTAACATTTGCGTTTAAACATTGTCTCTTATCGAGGGCTTAGAGGCAATAACTCGACCTCGAAAACTTTGACTTGTTCTATAGTGAGATGACAGACTTTTAGCCATAGTTCTAAGGAAGGAACTCGACAATGGTCCGTAAGTTCATCGCAGTCTTTCTAGCTCTCGTATTATTGCCGCTGAGTTCTCACGCGGACGTCCTCTTTGAAGGTTATTCGAAAATTATTTCGGGTGACCAACATATTGGCTATGTGATCAGCCGCTACGAATTTGACTCTAAAAAGAAGCAATTCCTTTCAACATATATTTTAAAAACCGGCAAAGGCGCGACAGAGACAACAGAAAGTCTTAAAGCCGTCGCCGATAGCGAACTTGCGCCCATTTCTTACGAGTACACGAGTTTAGCAGGTAAGGAAGTCAAAACCATCGACGCGAAATTCAAAGGTGGCAATCTTAATGCCCTCATGAAAACGAACGGTAAAATCCAGCGCATCGAAAAGAAAATTCCTAAAGGCACATTCTTATCAACATTCTTGGTGTACTTGATGTTGAAAAGTAAAGAAGGCTTAAGATCAGAAACAAAATACGAATACCAAGCAATTGCTGAAGAAGATGCCGCTATTTACAAAGGCCAAGCCCTTGTTGGTAAAGAAGAAAACTTCAACGGCTTTAAGGCATTCAAGATCTTAAACACCTTCAAAGATCTTAAATTCCTAAGCTACGTGAATGAACGTGGGGAAGTTCTTGGCACAAACGCAATGGCTCAAGGAATCTCCACAGAACTTGTCGGAACTCCCAGCGATGCAACGGCAAATCTACCTTTTAGCAGTACGATCTTAAAAACTTTGTTCGGCGGAGTGCCTGCGGGAACTCAAAATATCGTCGCACAAAATTTGAAAACAAAAAGCACGACGCCAACACCAGGAAAACAAATGGGTGTTCCTCAAGGTGAAGGCATTAACATCAAAGCTCAGCCAGATAAAAGCGGACAGTAAAGGATTCTCTCATGAGCATGAAATCAATCATCGGCCAGCACATGTTTATTGGTATTTCAGGACATGCACTCACTGCCGACGAAAAGAAATTTATTGTTGAAAATAACATTGGTGGTATCTGCCTTTTCGGAAGAAACGTTGCCGATCCAAAACAAGTTCATGATCTTTGTGAAGAGATCCAATCGCTTCGTCACAAACAAGAAGACAAAGCTCCACTATTTATCGGAATTGATATGGAGGGCGGTCGCGTTCATCGCTTGAAACCTCCATTCACAGTGTGGCCACCACTGCGCAAACTTGGCGATCTTGATGCTCCGACAGCTTCTTTCCATTTTGCGAATCGCATGGGCCAAGAATTAAAAGCCGTGGGAATTAATTTGGACTTCGCACCGTGCGTGGATGTTTTCACAAACACAGCAAATACAGTTATCGGTGATCGCAGTATCAGCGACGATCCAGAAAAAGTAGCTCGCCATGCTTCCGCACTTGTTCGTGGTTACATCAAATCTGACATCATCACTTGTGCAAAACATTTCCCCGGTCATGGCAACACGATCGTTGATAGCCATTACGATTTGCCTGTTGAAAATCTAGATATCGACAGACTTGAAAGTTTGGAACTTATCCCGTTTAAGAAAACTTTTAAATCACGTGTTGATATGGTGATGACTTCGCATATCAAGTTCCCAAAAATCGATCCCGATTGGCCAGTGACTCTGTCAGAAATCTTCATCAAAAAAATTATTCGTGAAGAGTGTCGTTATCGCGGTCTGGTGATTACAGACGATTTGGGAATGAAAGCGATGGCAAGTCACTTTGGCGTCGAAGAAATCCCAGTGCGCGCGCTGCAAGCGGGTGCCGAACTTCTTCTGTATTGCAATGAACCTGAAGTGCCGCCACAGGCAATTGATGCGATCTTGGGCGCAACCGCACAAGGCAGTTTGGATAAAGCGACTCTTGAAGCCAATCACCAAAAGATCCTTGAGTTCAAAAAGCAAAAAATCACTCAGCCTGAACCACTCCCTATGAGTGAAGTTATTAAAATCGTCGGTTCGCCAGAGAATTTGAAGATCGCAACGGCAATTGCCAACGGTTCAATGCCTGAAGGACTCCTTCCAGAATAGGCTGACCAGCGCCGATACACCCCTGAATTTATTACCCACGCCTGACCTGCAAGCTCAAAGCAGGTCAGGGCTCGCTATGGCCCGGGAATTGATAATGCTTCCCTTGTTGCCAGAGGAGTATCTATGGGTTTCGACGTAAAAAGTGATAATGATCACGACCAAAACCAATTAAGTTTGTTTGAGATGCCTTCAATGAATTTCATTGAAGCAGAGAAATCTCAAACACAAGCAGCTCCCGTGGCGGCCCCTGCAGTGCAGTCTTCAAAAAGTTCAAACGCTTTGGATTATCAAGCCTGGGCGATGGCTCACAGTGAACCTGAACAAAGCAAAACTTCAAAGTTCATGACAATGTCGATGGCTCTGCACGCAGCAGCTATTCTTGGTATTGCCGTGATGAGCGTTCCTTTAGTTGAACAAGCTAAAACAGAAACAATCACTATTGAAATCGAAGACACTCCTGCTCCCCGTTTGCAAGCTCGTGGTGCGAAGGTTCCACCGACTCAAGGTGGTACTCCTGTCGTAGAGGAAAAACCAGCTCCCGCAGCACCAGCGAAACCAGCCGTAGCTGCAGCTGAAGCCGGTGGCCCGGGTGACGTTCTTGTTGCCGCGAAGACCGCGAAACATCCAAAAATGGCGAAAGCGGCAAAAGCGGCTGTCGCAAAATCTCCAAAAGCTAAAATCGCAGGCGCAAAAGCCTCTGCACGTAGTATCGCTCCAAAAACTCAAATTAAAGCTGTGCCGATGTCGATTGACGATATCGATGCTCCATCTTTGGATGAAGGCGAGTTGGCAAAAAATCCTGTTCGTTCAGATATGAATGAAGATTTCAATGAGGACTTTGCAAATATCGATCGCTCTCACAAAAAAGCGATTGCGCAAGAAAAAGCTGATATGGATGCAATGGCCAATGCACTTGCAGCCGAACAAGATGATGAATTGAAATCAATTGAAGACAAAAATAAAGAAGATGCCGCTCGCTTCGCAGCTCTTCAACAGGACATGAGAAAGAACAATGCGAAAGCCATCGCTTCAGCAATTGCATCTGAGCGTGCTTCTGCTGCGGCGGCAGCACGAGCAGCCGCTGATCAAGAGGCTCGTGAAAACGCCGCTCGTCTTGCAGCCGCTAATGCAGCGAAAGCTAAATCTGGCTTAGGTGGTTCAGGTAATGGTCATGGCCGCGGAACTGGTGCGGGTGCTGGCAATAACGGTTCTTCTGATGTCGGTACGCAAGTTGCGGGAAATCCAAAAGGTGTTCGTAGCCTTGATCAACTTCGTCAAATGCCTGGCAACCCTCGTCCACAATACGATCGCGAAGAACGTCGTCGTGGTGACCAAGGTGAAGTTGCATTCGTTGCGTGGGTAACGAAAGACGGTCATGTCACAAAATTCCGTCAGATGAAATCGACAGGTTACCAAAACTTGGATTCAAAAACTTTGGAAGCGTTGAAAAGATGGCGCTTCTACCCAGGGCAAGAAGGTTGGGTTGAGCTTCCATTCCGTTGGGACCTTAAAGGCGGCGTTCAACAAGATGGCGGCCGTTTAAGAACAAGCGTTAGCCAAAACTAAATTCACTTTCTAATTCCACTGAGCACGCAATCGATCCAAGAATCTTCTTGCAGGCATGCTCAGTGTTTTTCCCTTCTTCGTAGCTAACCACAATTTAAATACATGCGGCTCTTCAACATTGATCTCGTGCAGTTGGCCGCTCTTGATTTCTTTATCCACCATGAAGCGTGATAGATAAGCGATACCGCCACCCGACAGGCAGATGCGTTTTTGTTCTTCTTGCCCACTGACTTCGATCCCCACGCGTGGCATTTCACCGAAGAGTTCTAATAAAACACGCGAAGCACGCTTCTGCCCGATCGCCCCTACGGAAGAGATATATCCAACTTTACTCAAGACCTTCTTAATCGTTGCGGCTTGGTTTACGCCTTTGCATTCTTGCCAAACTTCAGGCTGAACAACTAAGGCCATCGGCTCTTCATGAAGAGCTTCGTAATTA
NZ_CP030034.1_gap94	3838387	3841225	2838	GGATCTATCTTAGCCTGCTACCTTTTCGATAAAATTCGAAGAGGTGGTGGGTTTTCTTTTTTTAAATATAAGTAGTTGATGCTCGAAAAGAGCAAAAGACTCCGTTAGGGCATCGACCAGGGCATCGACGAGCTGGAATAAGCTCGCTAAGAATTCGAAAAAGACAAAAAGGAAAAGCCTTTGGCCATTTGACCAAAGGCTTTTTTATTATCTAAATACTTAAATTTACTAAAGAACTAGTCTTTGAAAAGAGCTTTAGCAGATTTTGTAGAGCCTTTTGTGCGAAGAGCAGCTTTACGTTTTTTACCGCTAGTAGATTTTTTCTTTTCGCGAATGTACTCAGTTTTTTTTGTTTTAGAAGCCATTGTTCACCTCTTATTATTGACAGAACGAGTTAGTTATCAAAACGGAATCACCAAGTCAACCGAATGCCTATAATCTCCAGACTTTTCAGTATTTCCCTGATAGGCGTAGTTTATTTGGAATCTAGGGCCATTAAAACCAACTCCGGCGGTCAAAAGCTGCCTAGAATCGTCGGTATCGTTCGAATAACCGAAGCGCGTGATGATAAATTTATTCAAATAAGTCTCCAATCCGACCCCATAAAAGGACTCTGAAGTCGCATCGACACGGAAACGGATGGAATTTTGGTAGATAAAGTTAAATCCCGCCCCCACAGAGGTTTTTTCACGAAACTCTTTCGGGATATTGTCCTGCTCGCCCAAAAGGTTGTACCCCACAAGCCCAATCCCCAGATTTGAAAACGGCGTGTACAGGAAGCCCAAATCCACGTTGGTTTGCGAATACGATGCGTTCGGGATTTTTTGTTCAGTGTAGTGGCCCGTTAAACCCATCGAGAATTTTTCAACCACGAAGTCAGCTAACGTCACCGCGATGTCTTGCTGTTTCAAATCACCAAAACTGCTTGTCGATTTTTTTTGTACGTAAGACAGCCCCGCAGGCACAACACTTTCAGTGGTGTTATCGCTTAAGCTCGCTGCAAATTCGTCCTTCGCAAAAGAAGTGAAAAGAAAACGACCTTTGAGATGTGGCAAAGTCGCGGAATTTAACAAAAGGGCATCGCCAGGCTCTATAGACCCACGGCCAGTTCCACCGCTCGCGGCAGAGATGGAGGAGTTATAAACTTGGGCCGAAGCCACGTTCAGGCTAAGATAAACAAGTAAAAAAACAGGAAGTTTAATTAAGCTCAAAGGACGGAGCATGATGATTCACCTCGTTGTACGACAGCTGTGTGCATTTCTTTTAGCACTGACATCCTACCAATCGGTCCAGGCGGCAAACAACAACTTTGCTGCAAAACCTATTCGTTCTGGCGATACATTGATCGGAATTCTAGCGAAAAATGGTTTCACGGGTCGCGAGCGCGAAGTAGTTTTGAGTTCGCATGCAGGCCTACGCCAACTTTTCCTGACTCTCGATACAAAATATTTAGTGCGCCGTGATGCAGGTGAAACTGAATTGCGTGTTTTCGACTCGCAAACAGCAGCAGCTTTCCGTATTTTGAAAAAAGGCGGCAAAGTCAGCGCATTCCCCTACATTCCAAACTACAAAATCACTCTTGAACGAATTGACGGTCGCATTCACGGCTCTATTTTGGGAAGCATCCTTGCGAAAATCGACAGCAACTTCGTCGCAAGTCGTTTCACTGATGCCTATGCGTTTGATATCAGATCGGCTCGGGATCTAAAACGTGGCGCAAACTATTGGTTCACGGTGCAAAAGAAATATGAAAGCGGTCACTTCATTAAGTACGGCGAAATTATGCAAACGTCGTTGGAAATTGACGGCCGTGACGTGCGCAAACGTTTCGTGAAAAATCCAGACGGTGGCGTCTTCTTTAATAGTGATGATTTGCTAGAAAAAAGACCTTTGTATGCACCAGTGAATTACTTAAAAATCGCAAGCACCTTCCAACCGAATCGCCTGCATCCGATCACGGGTCGCAGACAACCTCACTTGGGAGTTGATTTTGAATTGCCAAAAGGTGAACCGGTGTTAGCTGCTCGTAAAGGTGTTGTAGTTCGTTACGGCAATAACCACGCGGCAGGAAATTACATCGTTCTGCTTCACTCGAACGGAATGGAAACAGCTTACGATCATCTTTATAAGATTGATAAAAAGATTCGTCAGGGTCTGAAAGTAAATGCCGGTGAAAAGATCGCAGAGGTTGGTTGTACAGGTTACTGCACTCGCGCGCATTTGCATTTCGCAGTAAAAACAAAGGGCCGAATGGTCGACCCTTTAAATTACATCAAAGCTTATCCGTATCACATGGAAGAGCAGCTTGAAGCTCGCGTAGCTAAAAACTAGTTACGCGTGCAAATGCTGATATAGTTACCGCAACGTTTCGTTGGAATCGTTGACGTCATATAGGCACCCGCTGAAAGAAGCGAGTTAAAACACTCACCATAAACAGCTTCTGGCGTACCAGCAGTGCTGCCTGGATTATTTGAAGTCGTATAATAGTTCACGCCTGAAGCGGCACCATTCACAAGATCTTCGTTATAACAAGACACGCCACCTTTAGGCACCACGCACTTCAAGATTGGATTTACATCCCATAGATCCGCGCGAATTTGGCGACGAACAACTTCAAGTTCAGCCAGGTAACTGCCAGTTAAAGTCGCATAGTTCACCGCTGGACAATAAGTCGCAGCATCTTGCGCACGCACAACTAAATACTGGCGAGTACAGTTCCAACTTCCTGAAACTGAGCCTGTTGAAAGATCCGTCTCTGTAATACCTTGCAATTGATTCGCTGGCAAAATACGCGAAGCTTCCGCAGAACGATTCGCTGGTTGACCAAAACCAAGTTTA
NZ_CP030034.1_gap95	3846934	3848512	1578	CAGGACTTAGCATTGCGGCGGCACTTAGCCGTGAAACAAGCAATATCGCTTTGCTTGACGGTGCTGATTTCGCCGGCGGCGTGAATAAGCAAATCAATTTCCCAACCGGTCCTATCAACAACGGTCTTCGCTTCGTACCTGATTCTGTTCTTTCTGAAAAAGCGATGAAATTCATGGAAAATCTCTTAGCGACGAAAATCGTTGCTGATGTTTCTGAAGAAGCACCTATCACTTACGAAGCAGGTGGCTTTAAAACTTTCTTGGGCTTTGGTGAAAATCCACCAGCGTTCTATGAAGAGTTGAACTACTTCACTTCTTCAAAACGTATCGACCTTGCGGTAGAGCCACACCAATGGATTCAAATGTTGATGCAAAAATTCACTGGCGACTTCTTGCCTCGTTCTTACGTAACGAAGTTTCATCAAGAAGGCGACAAAGTGACTTCGATCACAATCAATGGCTCTAAAACTCTTCACGCTCACAACTTCATCTTTGCGGGCACAGTGAAGGACCTTGCACTCCTTCTTCCTGAAGATGCTATTTCAGTTCGTGCGCGTTCGAAGCTTGGTAAAAATACTTACTGGACAGCTTTGTGTTTGGATATCTGTCACTCAAAAGCAGTGACTGAATCGACAGCGATGCACGTATTAAATGGCACAACTCAAGACGAAATCGGTCCATGCGCTGGTCAATTTATGCCGGCTGTAGAAGTTGAAGGACAAACTCTTCAAGCTTCACAATGGATCACATTTATTGAGTCAGAAGTTATGGATGACAGCGAAGTTGTGGGTCTGACTTTGAAGAAAATCAAACGTCAAATCAAACGCGCTTATCCAGAAGCTTTGGATGATGTGAAGTTGGAACGTATCTTCGTTTCACCAATCATCGCAGGCAATGGCGACATCAAATTGAGTGCTAACATGACTATCCCAAGCCTTGAAAACTTGTGGATCGCTTCATCAACTGTGAACGAGCAAAAAAACCTAGTGGGTGCTTTGCTTCAAGCAGAAATGACAGTGGCATCTTTAGGCTTCAAAGTCGAAGACGTTGAAATCCCAGAAACAGTTTCTGCAGAAGAAACTGCAGCTCCTTCATTCGAAGAAGCTTCTTTATAATTCATCAAGTTTAAGGGTGAAGGAAAACGTTGTTCCTTCGCCCTCTTTACTGTCGACAGCGATATTCCCGCCCATCAGCTCAATCAAGTTTTTCGAAATCACAAGACCCAAACCCGTGCCGCCATATTTGCGCGACGTTGATGCATGTTCTTGCGAAAATGATTTAAATAATTTCTTCTGATTTTCCGGAGCAATACCAATTCCGGTGTCAGTCACGCGCCATTTGTACGAACGCTCGTTATCCGCATCTTTTTCCACAGACACAGAGACACTTCCGCGTTCTGTAAACTTGATGGCATTGCCAACAAGATTCACCAAAATTTGTTTCAAACGATGTGAATCCCCCACCGCTTCGTTGGGCACGTTTTCGCCGACTTTGATTTGCAAAGCCAAACCTTTTTCGCGGCAGCTCATGTTGAACATATGATGGATGTCTTTGTGAAGTTGATGAACATCGAATTTG
NZ_CP030034.1_gap96	3932289	3936055	3766	AAAATCTGAAGACCATATCGATCTTAAACGTGCGAAAGAAATTTTGGACGAAGATCACTATGAGTTGGAAAAAGCAAAAGACCGTATCATGGAGTTCTTGGCTGTACGTAAACTTAAGCCAAATCTTAAAGGTCCAATCTTGTGCTTCGGTGGTCCTCCAGGCGTTGGTAAAACTTCTTTGGGTAAATCTATCGCTCGTGCGATGGGCCGTGAATACTTCCGTATCGCTTTGGGCGGCGTGAAAGATGAAGCGGAAATCCGTGGTCACCGCCGTACATATGTAGGTGCGATGCCAGGTAAAATTATCCAAGCTCTTCGCCAAGCGAAAACAAACAATCCAGTTATCGTACTCGATGAAGTAGATAAATTGGGTTCTGATTTCCGCGGTGACCCTTCAGCAGCAATGCTTGAGGTTTTGGATCCAGAACAAAATTCAACGTTCCGTGATAACTATTTGAACGTGGATTTCGATCTTTCAAACGTGTTGTTCATCGCAACTGCGAACGTGTTGGAGAATATCCCACCAGCATTGCGTGACCGTATGGAAATCTTGAACATCCCTGGTTACACAGAGAACGATAAACTTTTGATCACTAAAAAACATTTGATCAGAAGACAAATCGAAGCAAACGGTATCACTGAAGAGAACATCTCTTTCACTGATGAAGGTATCAAGTACTTGATCGCAGGTTACACTCGCGAAGCAGGTCTTCGTAACCTAGAGCGTGAAGTAGGTTCAGTTTGCCGTAAAGTTGCTAAGATGGTGGTCATGGGTGAAAAGAATTTCGTAGAAGTAAATCCTACGACAGTTCCAGAGCTTCTTGGTCCTCCACGCTTCCAACGCGACGACAAAATCGCTGACTCTCAAGTTGGTGTTGTGCAAGGTCTTGCATGGACACAAGCTGGTGGCGAAGTGTTGACTGTTGAAGCTTTGAAAATGAAAGGTAAAGGACATCTTGCACTCACTGGCCAACTTGGCGATGTGATGAAAGAGTCTGCTCACGCAGCAATGTCATACGCGAAAGCCCACATGGAAGAACTAAATATTCCAGAGGATTTCTTCGAGAAGTACGACATCCATATCCACTTGCCAGCAGGCGCTATCCCTAAAGATGGTCCTTCTGCAGGTATCACTCTTACAACTGCGCTTGTAAGTTTGATGACTGGTACTCCTGTTCGTCACGATATCGCGATGACAGGTGAAGTGACTCTTCAAGGTCGCGTCCTTCCAGTCGGCGGTATCCGTGAGAAATGTTTGGCAGCTTTGAACCTTGGAATTACGAACATCATTATTCCAATGGCTTGTAAAAAGGACTTAGCGGATATTCCGAAAGTTTTCAGAGACAACATCAACTTCATTTTCGCGGAAAACTTGGATGAAGTGTTCGCAGTAGCGTTCGATAAAGATGCTGCTGGCCAGGCTAAAAAGACTGGTACTAAGAAAACAGAAAAGAAAACAAAATCCCTAGCTGCGTAGTTCGCTACGTCGCTAAGGTACATCGCCCCTCCCAAACGATGCAAAAAAGGACTGAGCAATCAGTCCTTTTTTATTTTCATCTACAAAAATATTTTGAACTAGTCTTGCTACAATCTGTGTTTCACGTAAAATCTTTTGAAAAGGATTCTGCGATGAAAAGATTTTCTGCTTTGTTGATTTCAGCTTTGATTGCTCTTTCTGCCAACTCTGCTTTCGCGCGAAAAAAGAAAGCGACAACAATCTTCAAATATTCTGGCGTCGTTGAACGCTGTCATGATGGTGACACTTGCCGAGTCATCACAAGCTCAAACAAAGTTTTAAAAGTTCGTTTCGCCGGTATCGACTGTCCTGAGTTATCACAAAGAAATGGTAAGGACGCACGTGACTACACAGAAGGTTTAATCAAAGGCCGCAATGTGAATCTTGAGTGCAACGGTAACTCCTATGACCGTCTTACTTGCACAGTTTTCCTAGACGAAAAGAACATTAACCAAATGATCGTGGATAATGGCTGGGCTTGGGATTCGACAAAATATTCTCACGGCCGTTACATTGCTGCAGTTTCTGCTGCGAAAGCAAAGCGTTTAGGAATTTGGGCCGATAAAGATTTAGTAAGCCCGTATTGTTATCGCCATCCAAGTTATCGCAAGTGCCAAACTGATAAAGTGTATATGCCCTAACTAACTACTCAGTCCAGATTCGAAACAGTGTTCCCATAAACACTACTCTCTCCCAAAAATTTGTTTATCATTTTCTTATGGGTAGATTTCATCTGGGACGTCGGGGGCAAGGTACACTACTGATTGTATCGGTATTGTGTGTAGTGGGAGTCATTGTATTGATGACCTCACTCGACGTATTCACGAAAGACTACAATTATAAATCCATCGATTTCGATCAGGTTTTGTTAGATGAAGCGACAAGCTCTTCATTCGCCGTGATGGAATCAGCATTATCTCGTCGCTTGTGGGAACCACCTCCCGATAGCAATTGTTTAAAAGCTGAAACATTTAGTGTTGATGGTAGTCTTCCTAACGGCATCACTTGGAAAGTTGATACGACTTTCAATTTCACCACTAAAAATTTTGAAATGACGGCGACGGGAAAATATCGTCGTTTAACTTCGACGTTTAAAAAGCGTGTGAAGGTTTTGGATGTGTCGGATTATCTGTTGTTTTCCGGTAGTGATGACGAGGTTGTTTTGGGTCGAAATTATGATCCGACAACTCCGGCTGCTTTGATTGCCAAAGACCGCAGGATTTATACACAAGGTCCATTGCAAGCATATGGAATGGTTCCACGTGCAAATCCCAACACCGACTGGAGTGGTTCAACCTCAGTCTTCCCTGGCGAATGGGGAACGATCATTCAAGGCGATCGCATGCAGTTCGGTGGTGGTCTTTACTATCGTTCTTATGCGGTTCCGCAACCCAATCCATCAAATGCAACACTCTTAGGTTTGTTATCACCTTATTCCAACGCTTGGGGCACTCCACAGAAGACCCTGTCTTCCTTTGGTGGAGGTTCAATGGTGATCACGAAGGACTCATCCGTCGCGGAAACTTTGCGTGATCAAGTTATTAATGGTTCTGGCACTCCAAACACCAAAGCGTCATTAAAAAATCAGGTCTATCCAGTTGCTTTATTTGGGGGAAATCCTCCCCTTGAATCATGGAATGCGTCTGACAGTGGAAACTATTTTAACGACGTCGATAGATATTCCATATTCTATTATAACTATGCTGGTGCTAATAATTTCGGAATTCGCATTAATGCCACTTGCATGTCGAAACCCGATGCATTCGATGCAAAAAAATATTGTTCTCATTCAGAACATTTTCCCAAAGGTTTCAAGCAATGGCGTAAAGACGCAGGACTTGATGGATATCTTTACACTTCGGATTCAGAAGTTGTTCCTTCACCTTCGATGAACTGGGACAATCTTGAGGCTCTCGAAGACGATGCTAAACTCTGTGGGCAAGTTATCAGTACCCCTGTTTCCGCATACGAAGACTGCGCAATTTGGGATAACAACTTCTTGCAAAGTTATGCCGGAAATTCTTCAACTGCGTGTGCGAAGATTTCGCGTTTGGATATGGAAAGTTTATCTTTAAACAACTTCAATCCATCGCAACTAACTGATGCGTCGCTAAGTGATCGTCTTTTACGTCGAGTTGTTTACACGAAAGTTCCAACAGAAATTAAACAATCCAACAACGCCGGCTTAATGGTCAGTGCGCTTTCAAACAATGCTGCCCGCCAGAAGTTTGCATTGTGGATTGTTGGGGA
NZ_CP030034.1_gap97	3938717	3941855	3138	TCAAGAACTCTAACCAGAGTTTTTAGATCCGCAACTTCGTCTTTGAGTTGAAGGATTTGCTCCTCTTTTTCCTGAAGGATTAAAGTGTAAGCCTTCTTCAACTCGTTCAAAAGTTTGTTCGCGGCAGTGAGAATCGGCTCATCCTTGTTCACCTTAACGGTCTTATCAACCAGGTCCTGAGCCTTCATTTCGTCTTTTGAAGTGGCCATGTCACTACCTTCTTTCATCATTCCTTGATGAGCACCCACCAAAGCGAGGTCGCTTTCTTGGGAGGGGCGATATACTCTTTGATGGGTACTCACCGGTTCGTCCATGATGAAGTACTTGCCGTCTTCAAATCGGAACTTGATGTCGTTGGCTTTGATTCTTCGGCGGAGCGTGCTCACACTAATCTTATGTTTAGTGGAGTAGTCCGTTAGCGGTAACCAAGAACCGTAAGTCTCAACGTTCATCAAATCCCCTATACCCACCTCAATTACGAGCTGAAGTGCGATAGGCTTAGCTTTTTGGTGAGGTGGTCACCTACTCAGCCTGCGTAATCAACCCTATCACAGGACTTCAGTCTGTCAAATTTAGTGTGAATAGTTATTCAAATTCAAGGAAAAACAGGACCTTGATCTGGTTATTCATCGCCTAGTCACTAGACCAACGTCTGAATAGGCAAGGTTTCTGTGTTGTTTTGCGTGGTCAAACGAAGAACTCTTTGCTCGAACCCTAAAAAAACCAAATACTTAAGTTATTGATATGCGTATTAAAGACAAAAAGAAAGTGGCCTTGGTACTCAGTGGTGGAGGCATTAAAGCTGCCGCATTCCACATCGGTGTTTGCCTAGCCCTTCAAGAAAAAGGATTCAAATTTGCGGGCGGCACCAAAGAGATGGTGCGTCAGAATTCTCGCGAGGATGATCCGAAAACGATTCGCTGTTACGTGGGGTCCAGTGCTGGAGCCTTCGTCGCCGCTATTTTGGGTGCTGGTTATCCAATCGAGTCTTTGATTAATGCCTTTCAAATCGGTTCGGGCACAACGCCCACTTTCGATAAATCGGATCTTCGTTATTTAAAACCGATTTCTTATCGCGATATCTTCAACCTCAACTCTTCGGGTCTTTTGAAATTCCTGCCGCGCACTTTGCTTGATAAAACTTTGGTGAGTGGTGGCTTTGAATCGTTATTGAAAAACGGTTTGAAACTCAACGGCTTGTTTTCTACCCGTGGGATCGAAGGCTATCTACGCAAAGAGGTTCTGCTTGATAACGACTTTGCCCGATTAGGCGTGGAGTTGTTCATCGTGGGCACACAACTGAACCACTCAAGGAAAGCTATCTTCGGGAATTTCCCCGAGTCTTTTAAAACTGCGACTACGAAATACATCAATTATTCGACGATTTCTGATGCCGTTGCCGCTTCAACGTCATTGCCCCCGGTGTTTGCTCCTTACGGAATCAAACGCCCTGATGGCAAAGAGATCTTCTATTATGATGGCGAGATCCGCGACACCCTTTCAACCCACGTAGCGGTTGATAGCGGTGCTGATCTAGTTATTTCATCTTATTCAATTCAGCCTTATCACTTTACGGAAGAGATGGGTTCATTGCATAAGTACGGCATCCCTTTGATCTTGAACCAAGCTTTGTATCAAGTCGTTCAACAAAAGATCGCGAAGCATATTCAAAATCAAAACGACATCAAAGGTATCTACAACGCTGTCGACGGTTACTTAAAACAAACTGGCGCTCCGGATGAACAACGCGAAAAGTTGCTTCAAATCATCCGCGAAAAAGTAAACCACCGCCCAGAAGTGGATTACATCTACATCGCCCCACGCCCACAAAACTACGAAATGTTCTTCGTCGACCATTTCAGTTTGAACCCAGAAATCCTAGCTCGCATCGTGCGCATCGGCTTCAAATCCGGAATCAACGTCCTCCGCCAACACGACCTCTAAAAGGTGTCTGTCACTTTTTTGGGTCTACACTGCAGCAATTAACGCAGCATGGACCCAAAAAAACGCCAGACACCCCTGAACGAAAAAACCCCGGGGGTTGCCCAGGGTTTTTCTTTAAGTTCGAATTTTCGAAATTAATTATAGGAGGCTTTTTTCTACTGCTGTGAATAGTGGGCCAGATACGAAGCCCATCAACACGATTGCTACTGCCATCACGACAACTGCAACTGTTGTTGCGTTCAATGAACGAGGAGCGATTTCTGCTTCGCCTTCTTTCATGTACATAACGACGATTGGGCGTAGGTAGTAGTAAAGACCGATCACAGAGCTGATCATACCCCAGATAGCCAACCACAAAAGACCTTCACCGATAGCTGCATTGAACATGTAGAACTTACCGAAGAAACCTAAAGTTGGTGGGATACCCGCAAGCGACAACAAGAACACAGTCATGCACAAAGCAAGCATTGGTCTATTTTTCGCGAAACCCGCAAGATCGTCGATGTTAACGATATGGCTTTCAGATTTTTCCATCATACCAGCAATCGCAAACGCACCTAAAGTCATCAATGCGTAGCTTAGAAGATAGAAGATCACACCAGAAGCACCGAACGCACCGTTTTCACTGACACCCGCAGTGATCACACCGATCAACAAGTAACCAGAGTGAGCAACTGAAGAGTAAGCGATCATACGTTTCAAGTTGTTTTGCAAAATCGCAGCTGTGTTACCAACGATCATTGTAATAACAGCCAACCATTGAAGGATGTCGAACAAGTGATCTGAACCAACCAAAGATTTCGTTGCAATGATACGCAAGAACGCTGCGAACGAAACAGCCTTAACCGCAGTCGCCATGAAGGCAGAGTGCGGAGTTGGCGAACCTTGGTAAACATCAGGAGTCCAAGCATGGAATGGAGCGATTGAAACCTTGAAGCAGAAGCCCAAGATCACGAACGCGATACCGAACAAGAACAAACGAGAAGTTTGCACAAGCTCTGCCGCATTTTCCATGAAGCTCAAGATGTTTGTGCCACCAGTTGAACCAAAGATGAAAGCAACACCGTACAAGAACACTGCTGAAGCGAATGAACCTAGTACGAAGTATTTCAAAGCAGCTTCTTTAGAAAGCTTTTCTTCGTGTGACATCGCGATCATTAGATACAATGCCAAAGACATCATCTCTAGACCGAT
NZ_CP030034.1_gap98	3960477	3961724	1247	TGAAGTTCACGGTAACGTTGCAACAATGCTTGAACGTCACGAGCGCATTTGTAGTGCTCTTCACCGATAACAGTTGGATCCAAAAGACGTGAAGTAGACGTCAATGGGTGAACCGCTGGGAAGATGGCCATAGCTGCGATATCACGGTCAAGATTTGTAGTCGCATCCAAGTGAGTAAATGTAGTAGCTGGAGCTGGATCCGTGTAGTCATCGGCTGGTACGTATACCGCTTGAACTGACGTGATCGAACCTTTTTTAGTTGATGTGATACGCTCTTGAAGAGCACCCATCTCAGTCGCCAATGTTGGTTGGTAACCTACCGCTGAAGGGATACGACCCAACAACGCAGAAACTTCGGCACCCGCTTGAGTAAAGCGGAAGATGTTATCAACGAAGAAAAGAACGTCTTGGTTTTCAACGTCACGGAAGTATTCAGCAACTGTCAAACCAGTCAAAGCAACGCGTGCACGTGCTCCAGGTGGTTCATTCATTTGACCGAAAACTAGAGAAGTCTTAGCCAATACGCCAGATTGTTTCATCTCTTGCCACAAGTCATTACCTTCACGAGTACGTTCACCAACGCCCGCGAATACAGAGAAACCACCGTGCTCAGTAGCGATGTTACGGATAAGTTCTTGGATAAGAACTGTCTTACCTACACCGGCACCACCGAACAAACCGATTTTACCACCCTTAGCGTATGGAGCCAGCAAGTCTACGACTTTGATACCAGTCATCAACATTGCTGCAGCAGTTGCTTGGTCTTCGAATTTAGGAGCAGTTCTGTGGATACCCCAGTGTTCTTTTGCGTTTACTGGACCTTGTTCGTCGATTGGTTCACCAACTACGTTGATGATACGACCCAAAGATTCACGGCCAACTGGAGCTGTGATTTGAGTGCCCAATACTTTAACTTTTTCGCCACGAACTAAACCTTCAGTTTGGTCCATAGAGATAGTTCTTACAACGCCGTCACCCAAGTGCTGAGCAACTTCAAGAACTAGATTGTATTCTGCTTCAGAGATAAATTTATTTGTTACGCGAAGTGCAGAGTTGATCGCTGGCAATTCACCGCCTTCGAATTCAACGTCCACTACGGGACCCAATACCTGTTTTACTTTACCGAATGCCATTATTCAGCTCCCTATTTAAGCGCTTCCGCGCCCGATACGATTTCAGTCAATTCTGTAGTAATTTTTTCTTGTCTCAATTTGTTGTATGTAAGAGTGAGCTTGTTGATCATCTCT
NZ_CP030034.1_gap99	3975353	3975853	500	CTGCCGACTTTACGACTTGCTGTAACTCCAAAACGCAACTGACCTACTGAGTTCTTCTGATAATTCAGAAGCAACCATTTAGTAGGCCAGTGTCTTTTCCCAGATTGTTTGAGAGCGAGAAATTCAGAGCTGCGCTTAATTACAAGTGGAGAACTATTTTCCACCAGTAGAAACCGTAAGACGTTTTCTACCTTTAGCGCGACGACGATTTAGAACTTCTTGACCAGCTTTAGTAGCCATTCTTGCACGGAAACCGTGAGTAGTTTTACGACGTTTATTTGATGGTTGGTATGTACGTTTCATGACTCTTCTCCTGAAGTTCTTTTAACACGAGTTTTTACGACGCTATTTGACGTCAATTACATCTATATATGTATGCCACAAAGTTGCTGCCAACTAGATACGTGGGGCACTAATTAATCACAATGCAGCATCAAGGTCAACTGTTGAAAACTTCAGCTCCCCTTGTTAAGAGGTCCCAACGCTGAGGGGATGTGCGC
