gap_id	start	end	length	sequence
NZ_CP096573.1_gap1	129892	132522	2630	ACCAGTTGTTGCCGATGGGCTTCTGGATGGGCCGTGAAGTAGAGGGTGGCCTGTGCCACATAGCGGCCATCGGGAGAGAGATATTGGGGCGTCTGCTGAGTCAAGCGGAGAGATTTCTTAGCCTTTAGAGCAGCGGCGTGGCCGTCGTCAATCCATTTCCAAGGGAGGGGGAAAGGACTCTGAAGCGGATCCGTGACTACTGTTTCTACGGGTTGATCGGGGGCTGAGGGTCGCTGGGCTTGGGCAGGCGTTACTGGGGCGATCGCAAGGGCTGTCAATATCCCACAGACTGAGGAGATCAAAAAGCCCCGCCACGGCGCAAATCGGGTTACCATGAGGTCACTCCTCTGAAATAAAGTTTGCTTATTTTATTGACAGTTTGGTTAAACGAATGATGACGGCTCCTCACACCTCCAGCATAGCAATTGGCCTAGGCCGATCGCAGGAAAATTAACGAAGTTTTATGATCTTGACAGAATTAGTTAAAAAATCTCGTGACTATTTGCAGTCATTGGCAGTCATTGAGATTCATTCCCAGTGGTTTCCCCTCAGTTCCCCCTCGCTCAAAGATGCGGCGACGACCCCCTATGCAGTGAATGCTAAAGGGCATTTGGCGTGGCCCAAGGGTCGGCACTCCCTCTGGTTGGGGCAGCGAATCACGGTACCCGCGACGGTTCAAGGCTATAGTGTGGCGGGTTTAACTCTACACCTTGATCTCACGTGGTGGGCGGATCAGGCAACGGTGTATGTCAATGGTCAGGCGGTGCATCAGGGGGATTTATTTGATCATTCGGTGAGTCTGTGCCTAGGGGAGGCAGTGACCCCCGGCCAAGCATGGGAGGTGGTGTTGCATCTTGTGAGTCCCGGCCACGATGACGGTGCTTTGGTGAGATCAGGCCTGCGGTTTGAATTGCCAACGGGAGTGGATCCCGACTTTATTGCCACTGAGTTGGACATTTTGGCGATCTTTGGTGAAACCCTCAACCTGCAACCCCTTGAACCCCTGCTGAAGGACGTTTTAGAAAGTCATGGACAGCGCCCCATCTTAGATCCGTTGCTGGCGGAGATCCACGAGAAAATGCAGGCGATCGCCACCCCCTTGCGGGACTTCACCATGCACCTGTGTGGCCATGCCCATCTGGACTTGGCGTGGCTTTGGCCGATCGCCGAAACCTGGCAAGTGGCACAGTCCACTTTTCGATCCGTCTTGCAGCTAAAGGAACGCTATCCCGAACTCACCTTTACCCACTCCACTCCCGCCCTCTATGCCTATTTGCAGACCCATGCCCCAGAACTTTTTGGGCGGATTCAGGAAGCCGTGGCAGCGGGTTGGTGGGATGTGGCGGCAGGTCTTTGGGTAGAACCGGAACTCAATCTCATTCATGCTGAGTCCATTGCCCGTCAGATTCTCCATGGGCAGCAGTACGTGCAGCAGGCTTTTGGTGGCATTAGCCCGATTGCTTGGTTACCCGATACCTTTGGCTTTCCGGAACGGCTCCCCAGTTTCTTGGCTCAGGGGGGCATTCGCTACTTTGTCACTCAAAAATTGCGCTGGAATGACACCACACGCTTTCCCCACGGTTGGTTTGTCTGGCGGGATGTGGCGGGGGCGGCGGTGAATGCCCTGATGTCAGCACCCATTGGCGAGGGCATTGATGCGGTAAAAATGGCTGCCTATGCCCAAGAGTGGTGGCAACAAACGGGATCGCGGCGCAGTCTCTGGCTCCCCGGTGTCGGCGATCATGGCGGTGGACCAACGGCAGACATGTTAGAACGGGTGCGACGCTGGCAACACCTCGGTGGCATTGGGCCGCAGTGGCAATGGACAACGGTGCAGCAGTATTTGGAACAATTAACCCAAGAAACACCCCCCACAACCGTCTGGCACGGGGAACTCTACTTGGAATTCCATCGCGGCTGCTACACCAGCCATGGCGATCAAAAGGCTGCCCACGATCGCGCCCAACGCCAACTGCAAGAGGCGGAACGCTGGTGTGCCCTCGCGGCAATCACAACTTCTTTTTCCTACCCCAAAGAAGAACTCAAAGCTTGTTGGCAACAACTTCTCTTTAACCAGTTTCATGATATTCTCCCTGGCTCCTCGATTCCAGAGGTCTATGCTGAGGTGGCGCCAACGTGGCAGCAACTCCTGACCACGACAGAGACAGTCCTAAGGGAAGCACAAACAGCGCTGTGCCAGTCCATTGACGGCGGTGAACCCCCGGTGAAAGAGGCAATTCCCGTTGTGATTTTCAATGGATTGGTGGGCGATCGCGCCGGGGTTGTCCACATTGACTTGGCACAGCTCCCTGAGGAGGTTTCCTCTTGGCGGGTTTATTGTCCACGGGGCGACTACGATTTACCAGCGCAGTTGAATGCTCCCCAAGGTTGCTTGACGTTTCGTACCCCTGAGGTGCCGGGAATTGGCTACACACTGCTGTGGCTCTGCCCGCGATCGCGCCCTGATACGCTACCAACCCCACCCTTGGGCTATGTCTTAGAAAATAACTATCTCCACGTTGAAATTGATCCGGCAACAGGGGAAATCACCAATCTGTATGACAAGTTGAATCATCGTCCCTGCTTGGGCGATCGCGGTAATCAACTGCAATTTTTCCGTGATCAGGGGC
NZ_CP096573.1_gap2	149508	153144	3636	GCTATGACAGCCTTACAACACCCTAGCTCACTAGTATATTCAAAACCGCGTGCAAATAAATTTTGGCAGTACTTATCATTCCAATAGCAATCAAAACCAATATCACGCATTAAGCGAGTTAGTATACCATATCCACCAGCAATATCTAGATACCTGCCTTCCCCTCTTTCATTAAAAAGCCAGTATAAAATTGATGCAACTTTAGGAAGTAAAGATAAATTACGGATCAGAATTCCTGTATCTGCTTTACTTATGGCTGATGAATATGCTTCACCTAACCAAAAGGGATCATCAGCTTTTAGATAGCCACATGTTTTACAGAAGTAATATTTAGCAAAATACTTATCTAATACTTGATGAGAAAAGCAAAACTCTAGGCTACTCCCACAAATAGGACATATTTTATTAAGCTGATAATATGTACTCATTTTTACAATTACTACTCCCTAAGAACTTGATTTAAAAAATAAAAAACGATAAAGTTTTTCCTTGAATAGCCTAATTACACTCAATGGCGAGTGTATAAACTTACCACCAAAATGCTCATTGAAGGTATACTTATCTGCTTCTACATCAACAGCCACTTCACTTGGATGTTGAATCTCTCCTATTGGAAAAACGGGCAAGTTTGCATGAATATGACCTGCAGTCTTTGTATGAGTTGCATCAGAACCAAAACCAATATTACTTACAAGATTAACATTGGGTGTTGCCGTTAACCCGCCATGATACCAGACACAGGCCGTCCATTGATAGTCCCATGTATTAATCTCACTTGAATACACTCGATTAAAAATCTTACGCCAGTATCCCTCCTCAACAGAGTTAAAGTGAAGATTTTGCCACGCTGATGATTTGCTCCACGCCGGCCAAAATGAGATGTTTACGTCGTATTTAGACCATGCCCGTTTCCACGTAGCCCAACCCCAGCAGTGATTATATTTAGAGAAATAATAGCTAGCTTTTCCACGCCACTGCCCATCCTGAAAGTTGTTTCCCGTGATAACCCAAACCCGTTCGTCTTGTTCGTAGTATTCAAGCAATTCATCACAAAACCTAAAAAAGTCAGGATGGGGCAAACAGTCATCTTCTAGAATAATCCCCTTTTCTTCGTGCTCAAAAAACCAAGTAATAGCACTACTGACCGCTATCTTACACCCTAAGTTCTTCTCGCGAAACAAAGTATTAACTTCACAAGGCCAATCAACCTGTGTCGCAATTTCCCTCGCCTGCGCAACCTTCTCAGCTTCCTCTTCTCGATCTGCCCTAGGTCCATCAGCAGCCACATATAACCTTGGTGGCCGAGCCTGACGAATCGCCTCAAAAACTCGTTGTGTCGTATGAGGACGATTGAAAATGAGAAAAAGAACTGCTTTACTCAGCTTATACTCCATTTGCATCACTAAAGAGTTCATAAATTTGTTCAGCACTATTTAATCTTACAAAGCTACCATCTGTTGGTTCTATTGAATAACCGAATTTCTTCTCAGCTTCTATGGGCGACATATTTGAAAAATCCACTGCTATACCAATAATTCCACCGCTCTTAATTACCCTAATCATTTCAGAAGCTGCCTTTTCAGGATTTTTGCTGTATGAGATAGTCCAGCCGCATATTATTACATCAAAGGAACTATCTTCATAGGGCATAGAGTGCATATCTCCAAGATCAATTAGAGGTGAGTAGCTTATTAAGTCTAGGCCTTTAACATTTTTGAAACCCCAACTGAATAATCGAAGTAAGTCGTTTTCAGTTCTTGGCCCAATCACTAGAATTGAAGACTCAGGAAACACTGTTTCTATACCCAATAATGGTACAATGAGTTTATTCATTCGAGGCATTAAAAAGTCTAATTTATGATTTTTAACTGACTTCATATTGTGAAATATAGTCAACTCAAATGCATTATCTGATTCTAATGACTTAATTCCGCGAGTTAGAGCAAAATATTTCAAACGAAGGGAGCCAATAAAAAATCTGACATAGTCAATTCTTAAAAACTGACATAATGAGTTACTAACTTTAGATTTAATCTTTTTCAGAAAATATCGCATTTCAACTCCTTTTTATAAATTGAAATAACCGGGTCAATTTTAGCTTCATTTCATATAATCTCGAAAAGATCTGATTTTCATAGGATAAATGCTCGTCCACAAATTTACCCTGAAATAAGTTATAAGGCTTGTAGTACGAAAATAAGTTTCCATAAAGCATATAATAATATCCAAAAGGAAGTGAGTTTTTAGTCTCTTTAGGTTCAAGTTTTTTCAAAGATAAGTAGTCCCTTAGCTCCTGCAACGATGATGGCTCGTAAGTACAGTCTAATCCTTTGTAAGTAGCATCACCAATAGTAATCACAGGTTTACCAAGATAGGCTGCTTCTACTCCCATAGTTGAGCCATAAACAATAATCAGATCAGAGTTTTTAGCTAGGGCATAGGAATCAACCAGAGAGTAACTAGGTACTACCAATACATTCTTACCATTAAGGTTATTCCAAGAATCTCTCAGTTTCTGACTCTTTTGTTCTTTATGAGGATGAACACGTATAACTAGCTCTACGTCATCTAGTTGTGCTGCATAATTTATAAGCCAATGAATTGATTCAATTTGTGACTTAAAAATAGGATGTTCTATTGAATCTTCAACATAGATATATTCATCGTCACTGGAACTATAATACGTCCATCTATACTTTTTACTTTTTTCAGGAATCATCCCTTTTATCTGTTTTTCTGTGAAAGAAACCCAGCCGATTCCTTCACCTTTTATTTTTCTTAAAAAGTAAGATTCTGCTATTTCTTCTTTATTTTGATCTTGAGAAAGCTCCCACATTTCCTTTATTGATGCCCTAATAGCCTTAAAGTCATGGGGAGACTTATCCGATAAATAGTATCGCTCTTTTGTTGCGCCTCTTTCATGATATAGTAGAGGTATTGAATATTTTTTACATACATCAACAATTGGTTTCGAACAAGCAAATCTTCCATTATATGTTATGACTTTAAGAGGATTAAAACATTTAATTAATCTTTCTGCTGTCAGATATGTAGCGATTGCTGACTTGAAGTACCGCTCGATTAAGTTTTTATTGATATAGGGTTCTGGATCTTTCATGTATGAAACATAGGAGCTTGCAACTCCCATACCAATCTTAAAATCATCTATTCTTATTTCTTTTATCGATTGAATATCATTACAGTTATCAATTTGATTCTGGATCTTCTCAAAGATTAATTTAGTTGATACTTCATCAGGAATTTCTATCCAGCAATTTTCAATACCATATCTATTAAGAACTCTAAAGAGAGCTCTTACACGATTTTGACGACTTCTAGGAATAAATAATTTAGGTTTTGGAATATAGTCATCAGGATTATCTACATCAATGAATGCAATACCAACCTCAAGATCATTTGTTTTTTTGAGTTCAATAGCAATCTCACCAGAGGTTTCTAAGTGAGGACAGTAGGCAAACGTTTCTATCAGTAATATATCTACGGCCATTTTTACCTTTTATGTAGTAAACTTGATGATTAACAAACTTAAAATTTGTGCACTGAATTTAGCTGGAGTCACTTCGGATCGAAGTATAAGATATTCAGACTAGGAAACTTTGTCTTTTGTACAGTTTC
NZ_CP096573.1_gap3	205078	206212	1134	AGCGCAAGCAGCGGAACAGGCACGCACAACGGCGCAAACAGCACGGCAGGTACTGCGGTCTCGTGAAGCAGAGGTGGTGACCGCCCAACAGGGGGTGGCCGTTGCCCAAGGACGAGTCCAAGCCCAAACCGCCTTTGTCCAACAGGCACGGGCACGGTTGAATCAAGCCCTCCTGCGATCGCCCCTCAATGGCGTGGTGCTAGAGCGACTGACAGAAGTGGGCAACCTACTGCAACCGGGGGGAGAAGTTCTTCGCCTTGGCGATATTCGTCAACTCAAAGTTGTTGTGGAAGTCTCGGAACGGGAATTAGCGAGATTAGCTCCCGGCCAAGGGGCAACAGTGACGTTTGATGCCGTGCCCAACCGCACCTATGAAGGACGGATTACGCGAATTTCACCTGCCGCCGCCGCTGCCCGTCTGATTCCTGTGGAAGTCGTGATTGACAATGCCGATGAACGCCTGGGCAGTGGTTTACTGGCACGGGTGGCCTTCCAAGGAGCGAATGCGCCGCGCTTGATGATTCCGCAATCCGCCCTCAGTGGTTTTGAGGCGGGGCAACTATCCTCACGGCAAGGCAGCGTTTTTGTGGTGGTTGGCGATCGCGTGCAGGAGCGGCAGGTCACCCTAGGCCAACGGCGGGAGGGCAAAGTAGAAATCCTCAGTGGTTTGAATGCCGGCGATCGCTATGTCGTCCGTTCGGGTCGACCCCTGCGGGACGGGGATAAAATTCGCCCCAGCATTCTCTCTGAGGGCTAACTAGAGGTTTATTGGCGCACAATTGTCTCGTAGGGGTGCCACGAGTGCAGTGCCCGCAGTTGCGGTGTTTTCTTCTGCTGGTGGGCTTCCATGCGGGCAAGAACATCATCGAGGATATCTACTGCCAGTCCCACATAGGGGCCTTTGTTGAGCATGACACACTCCGCTCGCTCCGCCATCGCTGCATCCGTGATTTCTGCACGGGAGGGCACGCCTTTTTTCACCAAGTTTTCAAGGACTTGGGTCGCCCAAACCACGGGCACATGGGCGGCTTCACAGAGCCAGAGGATTTCCTCCTGCATTTCTGCCAAGCGTTGGTAGCCAATTTCAACTGCGAGATCACCCCGGGCAATCATGACGCCAAAGGGTTGCCGACC
NZ_CP096573.1_gap4	300571	305376	4805	GAATGTACCACTGCCCTGCAACAACAGGTGCCACAGATGGCGCAATACGGCAATGCCTACTGTACCTGTGTGATCAATGAACTGCAATCCTCGCTCACCTTGGCAGAATTTCAGGCGATCGGTGAAGATGTACAGACCAATGTCACTCCCGAAGTGCGCCAGATGCTCACCAACACGGCACAAACCTGCCTGCAACGAGTCACCCAATAAGCAAAGGGGGAGAGAAATCCCCCCCAATATGATCCTAGACTGCGCTTAGAAATTGAGCGGCAGCGGCTTGCAGATCGGCGACTTTATCGAGTTTTTCCCAAGGTAGGTCGAGGTCATGACGCCCAAAGTGACCATAGGCAGCCACATCTTGGTAGAAGCGACCACCGCGATCTTGGGGCAAGTGGCGCAGGCCAAAGGTTTGGATAATGGCAGCGGGGCGCAGATCAAAGTGGGTTGTAATTAACTCCAGCAGTTGCTCTGGGGCAAGTTGACCCGTGCCAAAGGTATCCACAAAGAGGCTCATGGGGCGAGCAACGCCAATGGCATAGCTAATCTGTAACTCGCATTTGTCGGCTAGGCCTGCGGCCACAATGTTTTTGGCAATGTAACGAGCCATGTAGGCAGCACTGCGATCGACCTTGGTGGGGTCTTTCCCGGAAAAGGCACCGCCCCCGTGACGGGCATAGCCACCGTAGGTATCAACGACGAGTTTACGTCCTGTGAGTCCCGAATCCCCCTGAGGACCACCAATGACAAATTTGCCCGTGGGGTTGACGAGAAAGCGGGTCTTGTCATCGGGTTTAATTGCCAGATCCGCAAAGACAGGGTTGACGACGGCTTCCCATAGATCGGCTTTAATCTTTTCTTGAACGGCCGCTTCGTCGCTGATGTCACCAATGGTGGCCGTGTGTTGGGTGGAAATCAGGATGGTATCAATGCCCACCGGCTGGCCATCTTCATAGATGACGGTGACTTGGGTTTTGCCATCGGGACGCAGATAAGGAAGTTGACCCGTTTTGCGGACAGCGGCCAAGCGACGCGCCATGCGGTGAGCCAAGCTAATGGGCAGGGGCATATACTCAGGGGTTTCATTGCAGGCATAGCCAAACATAATGCCCTGATCACCGGCGCCAACGCGATCTAATTCGGCATCACTGAGGCGTTCCCGTGCTTCTTGAGCCGTGTCCACCCCTCGGGCAATATCGGGGGATTGCTCATCAAGGGCAACGATAACGGCACAGCTATTGGCGGCAAAGCCATTTTCAGCATCGGTGTAGCCAATTTCATGGATTTTCTGCCGCGCTAGGTTGACGTAGTTGACCTGTGCCTTGGTGGTAATTTCCCCCGTAATCAGGACTAAACCGGTATTAACCACCACCTCAGCAGCAACGCGACTCTGGGGGTCTTGGGTGAGGAGGGCATCGAGAATGGCATCGGCAATTTGGTCGCAAATCTTATCGGGGTGGCCTTCGGTGACGGACTCCGAACTAAATAAGTAACGCAAGATAGCACTCCTATGGCATGGGTTGTTGAAAGAACTGCAAGAAATTGGTTTATGGTAACACGGACTTTTGACTAAAAAACAAGGATTGGTTTCTAAATCCTAGGATTATACCTGAGCAGTAGGACACACGAGTGATTGTGATGATTGGCTAGACTAGGAGCAGATTTTAGGCGTTTCAAGTTGTATGTCTGCTTTACGCTATGCCTACTATCCTGGTTGTGTGGCTCAAGGCGCCTGTCGGGAATTAGACCTCTCAACGCGGGCGATCGCCCCCCTGTTGAATATCGACCTTGTGGAACTGCAGGAAGCCAGTTGTTGTGGCTCAGGCACGTTTAAGGAAAATTCGTGGCTGCTAGAAGATACCGTCAATGCCCGCAACATTGCCCTTGCCGAACAGTTGGCTTTGCCCCTGTTGACCCATTGCAGCACCTGTCAGGGGGTGATTGGCCATGTGGATGAACGCTTGAAAACTTTTCAGCGCGATCGCCCGGCGTACGTGGCAGAAATTAACCAAGTGTTGACGCAACAGGGCTGCGCTCCTTACCAAGGCACCACAGAAGTGAAGCATTTACTCTGGGCGATTGTCGGCGATGTGGGCATTGACGAGTTGCGCGATCGCGTCCGTCGTCCCCTCAAGGGACTCCGCTGTGCGGCCTTTTATGGCTGCTATCTCCTGCGCGCCCAAGAGAGGCTGCCCTTTGATCACCCGATTCGTCCCACCTCAATGGAACAGGTCTTTGAGGCAGTTGGGGCTACCCCCATCGAGTATGAGGGACGCACTCAGTGCTGTGGTTGGCCCATTTCCAGCTATGCGACGGCGGCCAGTTTTGCCATGGCAGCACAACGACTCCAGAGCGCGATCGCCCATGGCGCGGATTGCATTGTCACCCCCTGTCCCCTCTGTCATTTGAATCTGGATGCTCGCCAACCAGAAATTGCCCAGCAGGTGGGAGTTGCCTTCAATTTGCCGATTCTCCATTTGCCGCAACTGGTGGGTCTAGCCCTTGGCCTGCGTCCTGAGGAACTGGGTTTGAGAAAACATGTGGTTTCAACGCAACCGGTGTTGGCAAAACTAGGGCTTTAGCTGATTTCCAAGAGGCCTGATTCAGTGCAGATAGCTTGCAGTGGCTGATCCCACGGATCACGGGGCAATTCTGCTAGAAGGGCTGACTCAAAGACAATTCCCCAGCGACACACGTGCTGCCAATCGGGGTGGGCAAAGAGGCGATCAAAAAAACCGGCGCCATAGCCGAGACGGTACCCTTGGCGATCGCAGGCAACAGCAGGCACTAGGCAGAGATCAACACACGCTGGATCAATCGGGGGCGCTTCGGGGGGCGGTTGCCAAAGGCCATAGCGTCCTTGCTGGAGAGTGTCTTGGTTGCCATTAAAACAATGCCACCGCAAATCCTGACCCACGACACGGGGCAAGCCCCACTGTTTCGGGAGTGACCAGAGGAAGCGCAAGTCGGGTTCGCGGCGATGGGGCACATAGGTCAACACTGTGGTTGCCTGTTGAAACTGGGGATGATCAAGCAAGTGCTGACAAATGCGCTGACTGCGATCTTGCCACTCGCGATCGCTCAAGTGCTGCCGCCATTCAAGATAGTGTTGTCGCAGTTTGACTTTATCGCTCATTGATTTTCTGGGCACCAAAGCCACAAGTTAAGAGATAGAGGCCAAAGTGAGTGTTTAGCCTGAGGAACGATGCAACTGTCCCCCCAAGAAAAAGACAAGCGCCTGATTTTTACCGCCGCTCTTGTGGCCGAACGTCGTAAAGCACGGGGTCTCAAGCTCAATTATCCCGAAGCAGTGGCCTATATTTCTGCTGCCATTTTGGAAGGGGCGCGGGAGGGGCGCACAGTTGCTGATTTGATGAACTATGGCACAACACTGCTCAGCCGTGACGATGTCATGGAGGGGGTGCCAGAAATGCTCACAGAAGTACAAGTCGAAGCAACATTTCCCGATAGCACGAAGCTGGTGACAGGGCATACCCCCATTCGCTGACGTCTGAAAACGCTTCAAGTTAGCGCCAACCAATGACTAGCAACGCATTCCCAAGGGGTGCGGAAAGAATTTTGCAGTCATTCAAATCCCGATAAAAATAGTCGGATATGTTTGACAGGGCGATCGCCCCCTGCTAGGATGGTCAACAACTTGTCTGAGGCAGTCTGACACCCATGACCGCAACCCTTAGCTCCACCACCGCCACCGCCTACTTTACCCACCTCAAATGCAAAGAGTGTGGCGCAGAGTACGAACCCCAAGCCATTCATGTCTGCGAATACTGTTTTGGCCCCCTAGAGGTGAAGTACAATCTGAGCCAATTGGCGGCAGCCGTAACGCGCAGCACGATTGAGGCGGGGCCAAAGTCCATTTGGCGTTACCGTCCCTTTTTGCCTGTGACATCGGCCAACCCCATTGATGTGGGCACAGGGATGACTCCCCTCGTCAAAGCCCAGCGGCTGGCTCGGCGGCTCGGACTCAAGCATCTGTACATCAAAAACGATGCTGTGAATATGCCCACCCTGAGCTTCAAGGATCGGGTAGTATCGGTGGCGTTGACGCGGGCGCGGGAATTGGGTTTTACGACAGTCTCCTGTGCCAGTACCGGCAATTTGGCGAATTCAACGGCAGCGATCGCAGCTCATGCGGGGCTAGATTGCTGTGTGTTTATTCCAGCGGATTTGGAAGCGGGTAAGGTCTTGGGGACGCTCATCTATGGGCCAACGGTGATGGCCGTTGAGGGCAACTACGACCAAGTGAATCGCCTGTGTTCGGAAGTGGCGAATACCCACGGGTGGGGGTTTGTCAATATCAATTTGCGCCCCTACTATTCGGAAGGGTCAAAGACGCTCGGTTATGAGGTGATTGAACAGTTGGGCTGGCAGCTTCCTGACCACATTGTGGCTCCCTTGGCTTCTGGCTCTTTGTTCACGAAAATTTACAAGGGCTTCCGCGAATTTGTGGAAGTGGGTCTGGTGGCGGATAAACCCGTGCGCTGTAGTGGTGCCCAAGCGATGGGCTGCTCCCCCATTGCTCAAGCCTATGCCGAGGGGCGGGATTTTGTGGCACCCGTGAAGCCCAACACCATTGCTAAGTCCATTGCCATTGGTAACCCCGCCGATGGGGTCTATGCCCTAGAGATTGCCCGCAAAACCAATGGGGCGATCGCTGCGGCCACCGATGAAGAAATTGTGGCAGGCATTAAGCTGCTGGCGGAAACGGAAGGTATTTTCACGGAAACCGCTGGCGGTACCACAATTGCCGTTCTCAAAAAATTGGTGGAATCGGGCAAAATTGACCC
NZ_CP096573.1_gap5	343011	345267	2256	TGTGCTTCTTCAACAACAAGCCCTGCCGGATGTGGCCATTTTAGATCTGCAAATGCCGGAGATGGATGGCATTTCCCTTGCTCGTAAAATTCGCGCCACCTACACGCAATTGCCCCTGATTCTGCTGACCTCCCTGGGCAATACACTGCCAGAGTCGGAAACTGCTTTATTCTCTGCCCTGATCAGCAAGCCGGTCAAACAGTCCACACTGTACAATGTCTTTAACCATTTATTTGGCCAAGAGCCGACAACGGTATCGCCTAAGCCAGCGGCTGCCCTATCCTTTGAAGACTTAAAAGCTGGTCTGCCGCCGCTGCGGATTCTCATTGCCGAGGACAACAAAGTCAATCAAATGGTGGCACTGCGCATCTTAGAAAAATTGGGCTATCGCGGTGATATTGCTGCCAATGGTTTGGAGGTGCTGGATGCGGTGCAACGGCAGCCCTACGATGTGATTTTGATGGATATGCAGATGCCGGAGATGGATGGGATAACGGCTACCCGTGAGGTGATTAATCTGTTTCAACAGCTGAACCAACCCCGTCCGCGAATTATTGCCATGACCGCCAATGCCATGGAGAGCGATCGCCAGCTTTGCTTGGATGCAGGTATGGACGACTATGTGAGCAAGCCCATTAACCTTGAAGACTTGGTGCGTGCCCTCCGTCAGTGCCATCCCCTCCAGACCTCAACAACTTAACATTTAGCGATAGACTAAAGAGATAGATTAACGGGTTCTTAATTCCAGCTAGGAATAAATAATTATCTATGGTTACCCCTGAACAACTGACCACCTTAATTCAATCCAGCTTGCCCGATGCCTTTGTGCAAGTGCAAGATTTGACCGGGGGTGGCGATCATTACGAAGCTGTAGTGGTCTCTGCCGCCTTTGAGGGTAAGCGACTGGTGCAGCAGCACCAATTGGTCTATAGCAGCCTTAAGGATCTCATGGCCAGCAATGAACTCCACGCCCTTGCCCTCAAGACCTATACCCCCCAGCAATGGGCACAACGCCAGTGATTTAGAATGCAATCTATTGCTGTTCTTTTGTAACTTGTGAACTCAAGAGGGAAAGCCAACGATGACACCCGAACTCCACGCCAAAATTGATCACCTCGTCAAAAGCAACAAAATCATTGTCTTTATGAAGGGCAGCAAGCTCATGCCCCAATGCGGGTTTTCCAACAATGCGGTGCAAATCCTGAATGCCCTCGGTGTTCCCTATGAAACGGTGGATGTCCTTGAGGATTTTGAGATTCGCCAAGGGATTAAGGAGTATTCCAACTGGCCAACGATTCCCCAAGTGTTTATCAATGGTGAGTTTATTGGTGGCTCGGACATTCTCATTGAGCTATACCAAAGTGGTGAGTTGCAACAACTGGTTGAGGTGGCCTTCGCTTCATAGTTTTTGCTCACCTTCACTGACGCCCAAAATAAATCCCCCATTGCTGGGGGAGCTTCATCATCTGTTCAACAACCTTGACCGTTTGGCCGAGAGAATGGCGGATTAGCCAAGGTTCACTTTGACGACGCGGTTTTTCTCTTCTTCCGCTTTCGGCAGGGTCAGGTGCAAGATGCCATCTTTGTATTCGGCCTTGACATCGGTGTTTTGAATCCGCACTGGCAGAGGAATGACCCGTTGGAATTTACCGTAGCGGAATTCGGTGCGTTTGATACCATTGCTTTCGCTTTGGCTTTCAGATTTGCGTTCGCCACTGACAGAGACCGCATCCGCCGTCACTTGAATGTCGAGGTCTTTGGCCTCCATGCCGGGCAGTTCAATTTTTAGAAGCAAAGCATCAGGGGTTTCTTCGAGTTCGGCTGCCGGCAGGAAGCTAAGATCGTTGCGGCGTTCGGTCAAGGGAATCAATTCATCAAATAGACGGTTCATTTGGCGTTGTAGCGCATCGATTTCGCGGAACGGTTCCCAACGAACGAGTGCCATACGCTGATCCTCCTGTATTCCTTAAGGTTTTAGATTGCCCACGGGATGACTTACAGAGAGAACAGCACCAACAATTAACTTTGTTTTTGTTTACCTTGGTATTGCTTGGGCTTATTCCCTCTGCCTACCTTCACTATAGAGGATGCAAGTCTTGATCCAAGTGGGGTTTAACGATCTCTCCAAGTTCCTTTTCCCGAACCTGTATTATCCTGATGGGGAAATTAAGGAAACATTAAACCTTGTTAGCCAAAAGGTTATCAACAGGGATTTCTTGCAGAATGGCTTGGGCATTGGCGATCGCCAGTGTCCCC
NZ_CP096573.1_gap6	347201	349664	2463	ATTGGATAACTGGCGCGATGCCCTTGGCTTGATGGCACTGGTGTTGCTATTGCTCATTATTTTGCCGGTGCCGGCACCTCTGGGGGATTTGCTACTGCCGACACACCCAATGCCATAGGGGATGGCGTTGCCCCTGTTGACGAATGCGCAGGACTTGTTTTTCTAGGCGTTGCTGCCACTTGGGGGATCTGCCCCAGAAAATGTTGCGGGTCTGCCAGTAGAGAACGCTCAGGGTCATGCCAATGCACAGCGCCAAACCGATCGCCGGCAGCCGATTGAAGAGAATGCCATAACGCAACGCTGCCCACGTAAAATGCTCCCGCATCAGGCTAATTTCATAACGGAAGCCCCAGAGACTCAATGTGCCAACCGTCAGCCAAAGAAAGAGCACCACACTCCAGCGCATGAGAACGGTAAAGCGATGCAGGCGATCCACCTGCTGCCGAAATTCTGACTCAAGGCCTTGGGGCATTCGCGATCGCTCGTTAGCAGACATTTCTCTTCTCTATCGTATCTTTTTGCAGCTTTCTCATCATCTAATGTTGGTTTGAGAGGATCATTGGGCAGGGATTGCAAAGCCTCAATTTTATCTTTGTGGCACACTGTTGAGAAACAATGCCAGTGACAAGGAGCCTCCGATGCCAAGCGTGAGTTTACTGCGGGCAACATCCTATGACCTTGACCGTCTCAGTGCATCCCTTGAGGAACTCCTAGCGCCCTTGGGGGGAATGGCGGCGATCGTCAAACCGGGCGATCGCGTGCTGCTCAAGCCGAATTTACTCACCGGCGCACGACCAAAACACGAATGCGTCACTCGCCCAGAACTGGTCTATTGCGTTGCCAAAATGGTGCAGGCGGTGGGGGGACAACCCTTCCTAGGGGATGGACCTGCCTTTGGCTCGGCATTGGGGGTCGCCCGCAACAATGGCTATTTGCCCTTTATTCAGGAATTGAATTTACCGGTCATTGAATTCCATGGCGATCGCTATGCCACCGCCAATCCTGAATTTGCTCACCTGCGCCTGAGCAAAGAAGCGATGGCCGCCGATGTCGTCATTAACCTACCCAAGGTCAAATCCCATGTGCAACTCACCCTCACCCTTGGGGTCAAGAATCTCTTTGGCTGTGTCCCCGGCAAAATGAAGGCATGGTGGCATATGGAAGCCGGCAAGGATGCCGATCGCTTTGGCCGCATGCTCGTGGAAACTGCACGGGCGATCGCCCCCGACCTCACGATTGTGGATGGCATTATCGGCCATGAAGGCAATGGCCCCAGTGGGGGAACGCCGCGCCCCCTGAATATTTTGGGTGCCAGTCGCGATGTCTTTGCCCTCGATCGCGCTCTTGTGGCGGTTCTGAATGTTGATCCGGATCGCGTTCCCACCCAGCGTGCCGCCACCGCCCTTGGCTACAACTATGACCTCAGTGAGATTGACTTTCCCTTGGCACAGCCCCATGAATTGGCGATTCGGGATTGGCAACTGCCGCAGCAGATGATGCCCATTGACTTTGGCGCGCCGCGTGTCCTCAAATCCACCTTCAAACATCTCTATATTCGTTGGATCAAAGAACCCCTAACCGCCTATAGCCAAAAGGTCTAAGTTCTCAGGGGGGACGGCCTTTGATAAGCTAGGAAAATGCTGTTGGGGAGAACCGTCCTTGAGCTTTGACTACGATCTCGTCATTATCGGTGCGGGTGTGGGGGGACATGGGGCTGCCCTGCATGCCGTGAGTGTCGGTCTGAAAACGGCCATTGTTGAAGCCGCAGAAATGGGGGGCACCTGCGTCAATCGCGGCTGTATTCCCTCAAAGGCACTCCTTGCAGCAGCCGGACGGGTACGGGAACTGCGTCAAACCAATCATTGGCAAGCCTTAGGGATTCAACTGGGGCAGGTGAATGTGGATCGCGCGGGTGTGGCTGCCCATGCCGCCAATTTGGTACAAAAAATCCGCAGTGATCTGACAAACAGCCTCAAGCGTCTCGGTGTGGATACGCTCATTGGCCGCGGGAAAGTGGCGGGTTCCCAAAAAGTGAGCATCAGCACCCCCACAGGGGAAAAAATTGTTACCGCCAAGGACATTATCATTGCCACGGGGTCAGTGCCTTGGGTTCCCCCCGGCATTGAAGTGGATGGCAAGACCGTTTATACCAGTGATGATGCCATTAAGCTGGATTGGTTGCCGCAGTGGGTAGCCATCATTGGCAGTGGCTATATTGGCCTAGAGTTTGCCGATATTTACACCGCCTTGGGTTGCGAAGTGACCATGATTGAGGCACTGGATCAACTCATGCCCACCTTTGATCCAGATATTGCCAAACAGGCACAGCGGGTCTTGATTGCCCCTCGCGACATTGAAACCTACAGCGGTACCTTAGCCAAGCGGGTGATTCCCGGTAGTCCGGTGGTCATTGAATTGGCGGATGCCAAAACCAACGAAGTGGTGGAGGTTCTAGAGGTGGAT
NZ_CP096573.1_gap7	419620	421203	1583	CTTAGATCGCGCCATTATTGAAATGGCCGTCGCAGAGATGCGCTATCTTGACGTGGCCAAGCCAGTGGCCATCAACGAAGCGATCGAACTGGCCAAACGCTACAGCGACCAAGGTAGTCATCGCTTTATCAATGGTGTGCTGCGGCGGATCAGTGAAGCCCTTGACACGGCTCAGGCGGCCACTGGTAACTGAAACGACTGCCACAATTGCTGCCGCCCCAACTCCACATCCTCAGGCCGACATTGCCAGTGGGGATGGGCACTCATCACTAAACTTTCGAGGGTTTCGCGATCAAAAAGATGCCAAACAGGGGCACCGTCAACATGGTGGGCGATCGCCAGCAGATTTTCAGCCACGCAGTGAATTTCTAAACAGGTGGCTGCTCGCTGAATTTGCAACTGCTGCCCCGGTAGGAGCGATCGCACCGCATCCATAATCTCCCGTAGTTCCGAGATGCTCTGGACACAGACCCCCGGAATGGCCACCCGCTGCTGGGGATCCCCATTGACTTGCAGCCAATAATGACGGCTGGGATCAATTCCCAGAAGCCAAGGATCAACATCATCTAAGCGATAACGGGGAGCCAAGGAGAGTCCGTGCATCATTTATCCATTTCCTAAATCACAGCATTGATATCTAGCGATCGCAAGGGATCACTCTCGTATATGTAGTGTGATAAGTCTCCTTTATTTGATCAATCAAAGTTAATAATGCTTAATTTTTTGCCCATAGTTGTTAACAAAGCGCCGTTTTGCCACCAGCGAGATCACCGTTTTGTTACGGCAGCTACGGTTATCCGAGAGAAAACGGTTAAAATGAAGTTAAGAATAGGTTAACCCCTGAGAAAAAAGGATAGGTAAGCAATGAATAAATACGAATTTTTACATCCCCACAGCCGTTACCACGGTGAGTTTACACCCGAAAACTTTTTATTTGATGCCAACTTACAGGAGTTTGCGACCCAAGTGAGCTACATTTCCGGTCTGGAAAACAGTGGCAAGCTTTCCCCTCAGGAAGCCTATGAGCAAATTAAACGCCTTTGGAAAGAACTGAAAGCAACCAAAAAAGCGCTGCTAGATACTGCGCCCCCTAGCTAGGCTTGGAGGCGATGAAGCGTCTCCCGAATCAGTTCGGTCGGCACCTGATCAAAAATGTCCACATGGCCAATGGCAGTGGGGAGAATAAACCGCACCTGTTGTGCCTGAACCTTCTTGTCATGCTGGAGGAGTGCCAGCAGTCCCTCGACATCAAAGTGAGGCGGGATCGTTGTCGGTAGTTTTGCTTTGAGAATCAATGCCCGTTGGGCGGCGGCGGCTTCTACTGACCAATACCCCAAGGCCACCGCCAGTTCTCCAGCGGCAATCATGCCAATGGCCACAGCCTCGCCGTGGTTCAAAAGACGATAGTTGCCCATACTTTCAAGGGCATGGCCAATGGTGTGCCCGTAATTCAAAATAGCCCGCAGACCCGCTTCCCGCTCATCCTTGCTGACCACATCCACCTTCGCTTGGCAGGAACGCTGCAGAATTTGGAGCAACTGCTCAGTAGGCAAAGCAGCCATGCGATCCAAGCGCGGCAGCTG
NZ_CP096573.1_gap8	489455	493368	3913	TGCAACTCCTTCGGAACGTGATCCCCCAGTAAATAGGGCAACGCTGAAAAATACAGGGCGCCAAGATTGCCTTCAATGCCGCGTAGAGCCTCTAGGGAATTGGCGTGGGAGATGCTGCTAATGAGCCGATCCATTTGCGTAGTGGTCTCTTGCAATGCAGGCAGAGCATCTTGGCGATTCCGCTGTCCTCGGAGTAACAGGCGACGCTGACTCTGTCCCCGGCAGTTCACCAGTAACTGGGCAAGACGTAAACATTGGTCTGGGTTCGTCAGGGCTTGATATTGACGAATACGCCGTTGAATACTGCCCTTGCGGTTGTCAATGCTGCCGATATAACGCCCACCACTGCTGATGAAGTGAACACCGACATCCTCATAGGCACAGAGATGAATGGCTGGGGTGGTAATTTGGGCAAATTTGTGGATAACAACTTGACCCACCTGCTGAATGGGCAGCTTTTGCTCAGGTTCATCGTCAATGGCAATCCGTAGCTGCTCGCCAGCTCGCCTGATTACCGCTTTGCCAGCCGTGACATGGATAATCTCACGCTCGTCATCTCGCGGAAATAACCGCAGGGGTAAATGCTCAGGATCTCGGGCGAGGCGGGCTTCTTCAGGCAGGCAAACAGGCGCCAAGGAGCAGTTGAGACAAAGTCTTTCGTTGCTACAGACAGGGGGACGTTCTAGGGAAGCACGCAGTTGACGCGCTTGCTCGATTGTGTCCCGCACCAGTTGGCGGCCTGCCTCATCCACAGGAACCCGTACAGTGACGTTATCGCGGTGATAGTGAATGCGGCCTTCGGGGACAGTGACGCCGAGAACGGTTTCTAGTAAACAGGCATAGGCCAGAATTTGTACCCTGTCGCTGTGCCAAGCTTGGGGCTGCTGCTGGCGATCGCGATAACAGCGACCGATTTTGTGCTCGTAGGGAATCAAATGCCCCTCTAGGGTACGCAGTGCATCAACCCGCCCCCGGAGGCCAAGGGCTACACTTTCCAGATTGAATTCTTGCCAATCTTCCCGTTCTAATTTTTGTAGCTCAGCGTGGAGCCGTCGCCCGGCAAAGACGGATTCATTTTGGGTGTAAAGTTCCTCAACTTCTTCGAGATAAAATAACCGCTGACAGTAGGCAAAAGCATGGAGAGAATTAACGCGCAGTGTCTCCGTTTCAGCGCAGGCAACGGTCTGTTCCATGATTGATATCTCCAGTGAGAAGATTCCACTGGTTTATCCATTGGCCTTAGGGAGAAAATGCAAGGCAAAAGTCAGGAAGAATTTCCTCTCCTGAAAGCGTTGTTGGCAGAGACACGCTCTCTGGTGTTTGCTGGGGGCGATAAATTTCTGCCATTTGTTGCTGGGGGACAATCAACCAGCCAAGGCGGCAACCATTGTCCATGTATTCCTGCATTTTTGCCCTTAAATGGGACAAGTCATCACTAGCAGACGCGAGTTCAATCACAAAATCGGGGCAAAGAGGCACAAAGCCTTGGCGTTCCTCTGGGGTTAGGCGCTGCCAATGTTCCTTGGTAATCCATGCAACATCGGGTGAGCGAATGGCGCCATTGGGCAGGCGAAATCCCGTTGAGGAGTCAAAGACCTCCCCTAGTTGAGTTTGGCGATTCCAAAGACTAATGTCAGCCGTGAGGGCGGCATTGTAGCGACCCGTTTCGCCGCCTGTAGGGGGCATAACAACCAATTCTCCCGCAGCAGTTAATTCAAACCGTAGATTAGGATTGGCTTTGATAATCTCTGCGAATTGCTCTTCAGTGAACTGAAGGGTTTTGGGTAGATACACGGGGGGAGCATGGTGCATAGCTATTGCCCCTCAAAGATCTAACGGTTTTTCCACCATTCAAAACTACGTTTCCATTCTCGCGATCGCGGGGGTAATTCCTGCAATGATGCTGCCACATGGTTAAAAACCTGCTCCATCACGGGTAAGGGCACTTGGTCTTCCGCTTCAAAGAGAATAGCTAGCCGCTGCCCCCCTTGGAGATGCATCAAATATAACTCTTGGTGAATCGGTCGGGGGGTTGGATAATAAAACATTTCACCACGGACTCGCCGTCCCAAAATTCGCCGCTCAATGCGTGCGGGGGCTGCTGAGAGAGGACCCCCCACTTGGGTAAACCGTAGCCAACTGCGCAACTCTTGATCCGAAAGTCCCCCCAGTACCTCGCTTGTTTTGGGTAGGCTAATCAGGCTCACCATTAACTCGTGCTCCCCCGGTACGGCATTGGCGGGATAGACCACAGCAACGCCATTTTCACCAAAAGAAGTGGGTGGCGAAAATTGTAGGGGTGTTTCAAAGGATAACCCCAGTAGTTGATAGCGTTGGGGGACAGGGGCAGCAGCCTGAATTGTCGGTTCACTCGCCCGACCCATGAGCAGGGGAAAGGCGCCCAAAAGGGTCAGACTACAACCAAGGGTCAGCAGCAAGCGCATAACGGCCTCACACTAGGGGGATGACTGGTATTGTTGACGATAGGCAGTGTATAGACCTTCTAGGAAGTCCTCAGCACTGAGGGTAGGCCAGTGGGCGGGATAGGTGGGCAGCAACAGGGGTTCTAATTGCTGACGCAGCTCTTGAGCCGCTTGATAGCGACCGACAGGACTCAGGCGATCGCGATTGTTGAGGTAATTGCGTACTAGGAGATACTGTTCGGGAGTCATCCGTTCCCAATGGGCGAGCGATCGCAACTCCTGCACCCAAGCCCCCTGTGGTTGCTGAAGGGTTGTAGCTTTAGGAGCCAACCGTGTCGCTTGTTCATCTTGAATCACAAGGGTACCCGCCACCATATCTCCCAAACGTTTTTCTGATCGAGATAACGCCACTAGGAGTGCCCCTATACCGAAAAAAGCAAAATCAATGGGTTGCAGCAGACTGCGCAGGGTTGCTTCCTTCAGACCAATGGGAAGGCCATTGTCTTGGACGACGCGAATTTCCGCAAAGCGCTTGCCGGGGGTTTGCCCCTGCCAGTAGGTTTCAAAGAAAATGTAATAGCCGTTGTAGAGGGCAAACATTACCAACAGGTAAATGCCCAAACTCCAAGCTTCAATACTCTGGCCACTAGCGGGTAGCACCTCAATCAGCCACGGGTAAAGGGCATAGAAGTAGATGTACCCTGCCGCCAGCGAAAAAAGCACAAGTGCCGTGTAGAGAATCACCTGATCAATCAGCCAAGCCAAAACGCGGCTGCCAATTCCCCCAAGGGCAAAGTCCAACTCGATGCTTTCCGGTGTGCGTAGTGTGACCCGCCGCAACCAGCGCAGGGGATTCACTGCTTCAGGGCGGACTTGAAACGCTGCTCCTTCATTGCGGACTCGCAGATCCCAGTACAGAACTGCCTTGATCCCTTGCCAGAGGGGCAGGAGTAAAACCCCTACAAAGAGGCCAGCAACGGGAATAATCACCACGCTGTTGATAATACTGCCAAGGAGATTGGCGGGAATCGTTGCAAGGGAAGCAACAAAAAATACCGTTAGGGTATGCCATGCCTGTCCCTGCGTCAGTTGCCAACTGCGCCGAACGGATTTGAGGGGCGTACAGTCCGGTTCAAGGGCTAAGACCACATCAACAAGGGAGAGCCGCGCCATAAAGTAGCTAATCACCAACAGCGCAAGGAGCACTAGCAACAGGATACTGAGCAGAAAAGTTAAAAAGAAGAGACTTCTTGCGGGTTCCGTTTGGATATTCTGCTCGAGGAATTGCACTAAGGGGGATGCCACCAAATAAATTAAGTAGCCGATCGCCCCCAAGACCCCATACACCAAGAGCAAAATGACACCGACCATCAGAGTGGCCAGCAAATAATTCAGCATCTTGGGAAAAATGAAGCTGCGGGCTGCCGATTCTGATTCCTCAAGAGCCGTCAGGACAGCGTAAATACGACGAGAAAGCAGCGCACCACTGG
NZ_CP096573.1_gap9	558956	560594	1638	TTCGGAGCCCAAGTGGCCACGACAATTAGTTCCGCAGCAAAAGCACGATTTACCCAAGATCTGGGTGCCACCCTTGCCATTAACTACACCACCAGTGATTGGGTACAAGCAGTCTTGGACTGGACAGGGGGCAAAGGAGTTGATTTTGCTCTTGACACCGTCGGCAGCACAACCTTTAGCGACACCTTCAAAGCGGTGCGTCCCTATGGCACCCTCGCCACCCTCTTGGAACCCGCCGCCGATACGCCGTGGAAAATTGCCCGCCAACGCAACCTCTTGATCCAACTCACACTGATGCTGACGCCGCAACTCATGGGGTTGAGTGATGCCCTTGCCCATCAGGGAAAAATCCTTGAACAGGTGGCCACCCTTGTGGATCGCGGCGAGCTAAAAGTGGTTGTGGATAAAACCTTTCCCCTAGGGGCGGCGGCGGATGCCCATCGCTATCTCAGCCAACGCTTGGTGCAGGGTAAGGTGGTACTCGTCCCATAATTGGGGATTTTCTGATGGTTGCTCAGATTCTTGCCGCCCTTCTCATCGGGCTAGAACAGGCTCAAGGGGTGCCGACATGGCTCAGTCAAACGCCCCGCAGTGATGTTTATCGGGTTTGCCGCATTTTTAACGGACGCCTTAGCTATTGTGGCCGTTGGTTCACAGGGGAAACGGTGCTGTTGCAGAACAACTTCTATCGCACCTGCCGCATTTTTAATGGGCGCCTCAGTTACTGTGGTCGGTGGTTCACGGGGGAAACGGTGCTGTTGCAGAACAACCTCTATCGCACCTGCCGCATTTTTAATGGGCGCCTCAGTTACTGTGGCCGTTGGTTCACGGGGGAAGCAGTACTGTCGGAGCCTCGACGCTAACCTATTCTGGCTGCGAAGAGGGATACAATTCTGGTGGCATTGGCTCCGGTTGCAGGCTCACGGTTTGCCGGCGATCGCCCCGTTGAATCTCCAAAGTCACTTTCTCCCCCAACTTTGTTTGCTCAACCACGCTTTGTACCTGTTGGGGGCTGGGTTGATTGAGATCGTTAATTTTGGCAATCCAATCTCCCACTTGCAGCCCCGCTTTAGCCGCCGGCGAATTGGGGGCAACACCAACGATTAGCGTCCCTTGGGTTTGATTCAGTGTCCAGTTGGGCTGATCTTGACGGATTTGGGCAGCCACTTCTGGCGTCAATTGCACCATGCGAATCCCCAGATAGAGGTGCTGGGCGCGCCCCGTAGTAATAATCTGTTCAGCAATGCGATAGGCCGTATTGATGGGAATGGCAAAACCAAGACCCTGCGCTTGGGAAATCACGGCGGTATTGACGCCCACCACTTGACCAGCAGCATTCAGAAGGGGGCCCCCGGAATTGCCCGGATTAATCGCCGCATCCGTTTGAATGAAGCTCACCCGCTTATCGGCAGCGCCAATTTCATTACTGGCACGCCCTGTTGCACTAATAATGCCGGCGGTTACGGTGTTACTTAGCCCCAAGGGGTTACCGATGGCGATCGCCCACTCACCGGGGACAAGGCTATCGGAATTGCCCAGTTGTACCGTCGGTAAATTCTCAGCCTCAATCTGCACCACCGCCACATCCGTCAGGGAATCTGCACCCACCACCTTGCCATCATACTGGCGACCATCGGG
NZ_CP096573.1_gap10	724387	726289	1902	ACTGGCTGCCCAGACACGACGAATACCAATGACACCGAACTTGAGGGCAGGGCTTAAGAGGGAGGTTCCAGGTTGCGCTGGATAGTTGCGCTGCTCACCATAGTCTTGAATGTGCTGGTCAATAAAGGTCTCCAGTTGTGCTTGGGCAGCGGCTTCACCGGGAGCAAGGATCAGTTCTCCTGACCAGTGAAATCCCAAGTCCTTGGCAGTGGGCAGCGGTATCGCCCCTAGGGCTGTGGCTGTCGCTTGTTCAGCTTCTGTCAGAGGTTCGAGGCGTTGGGGAGTGGGAGCTGGCTGCGGTTTGGCAAGGCTCGACCAGTTGCGCCAAAAGGGGGAATAGACGGTGTAAGGCTGCCCCTGTTTTGTTTGTACGGCCTCTGGGGGATGTAGGAGTTGATCCCATGTGGTTTCGACGGCAATGCCTTTTTCCTTGAGGGCAGCAGCCACAGCGCGATCGCGATCGCGACCGTAGGGTTCCACATCCTCATGCCAATGCACCGCCACCGCCCCTAAGCCACCGGCCACTTGGGGCAGAATTTGACGCGGGTCACCATGAAAAATTAAAAAGCTCCCCCCAAGTCGCTGATAGGCTTCTTGCAAGGCCTGTAGGCAACCCATGAGGTATGTCACCCGCACCGCCGCAATGTCCGAGGCACTGAGAATCGCCGGGTCAAAGCAAAAAATGCCAACCACTTTGGGAGTTTGGGTGTAGGCAGCCGCCAACCCCACACTGTCACTGAGGCGCAGATCGCGACGATGCCAAAACAGGCGCAGGCTCATCGCCCGTCCATCCTAGGCGCCCTAGAAAATAGCGCCAATACATTCATTGGTTGCGGCTTTAACTTCCGGGGGTTCATTGTCGGCAGTCATTTTCTGAAATTCCTCATAGCTCATTTTTTGTTGGAGGCGGTTTATCAGGCAAGTGCAATAGCGATCGCCGCGATCGCCAAAGCCGGGAGGCGCTTGCGCCGCAAATTTGGTTTGACACTCCTGCATAAAGACCGCGATCGCCTCTGGGGGATAAGTCGCCGCTGGCATTTCTTGGGCGAAAATAGATAAACTCAGCAATCCCAGACCGCTACTGCTGAGAAGGCTCATCACGAGTTTGGAGAATTTCATTGGGGCGGTACCTGATCCGATTCTGGCAAAGAGCTTCCTGCGGTTGCTGCACTTCCAAACTTTTGTTGAGTTAGCGATCAAGTCATAGACAAGGATGCCACGTTTATCTATACTTGTTTTCTATCGTTTTGTGTGTCCAGTTATCGGCAAAGGAGGCTCTCATTTCTGAACCACTTGCCCTCACCCAAAGCCTAAGGGGTACCCGTGAGATTCGCGATAACTATCAAGTGTTTCGCCTGACGGGTCTCATTGATGCGTTCTCCGAGTCGGCCTTTCGCAAGGTCATTAGTAAGTGTTTTGACGATGGGCCTGCCAACGTCATCTTAGACCTTTCAAAAATTGAGTTTATTGACAGCTCTGGCCTCGGCATTTTGGTACAACTCGCCAAAAAAGCCCAAGAGCATCAGGGTCAACTGCAAATTGTCACCAATCCCCGCATCACCCAAACGGTCAAACTCGTGCGTTTAGAAAACTTTTTGCCCCTTCAGCCGGATCTGGCGACGGCGATCGCCCAAATTACTGGCGAAACCCATTCCTAAACATTCTGTTCCTGTGGCAGTAAAACCAAGGGGGGTCTCTTTAGCTGAAACGTCATGCTGGACTCTGCTGGATTATTGCCCCTTGTCCCCCCCAAAATTCCCGCCCATCAACTGCCACCGGCGGCTTTGGCCTACTTTGGCGACGCCGTTTATGAACTCTTTATCCGCTGGCTTTTTCTAACCCCGCCCCAACGCATCAATACCTACCACCGCCAAGTGGTGGCGCATGTGCGTGCTGAAAGTC
NZ_CP096573.1_gap11	760542	762752	2210	TCGCGAAAGGGCGGATCCTCAGGGCCAAGGCTGCCATAGACTTCATCGGTGGAAATATGAATGAAGCGGAACTGCTCCTGTGCTCCAGTGGGTAACTGTTGCCAGTAGGTTTTGACCTCTTCGAGGAGATTGGCGGTGCCCACAACATTGGTTTGGATAAAGTCTTGGGGACTATTGATGGAGCGATCCACATGGCTTTCGGCAGCAAAGTGAATCACGGCATCGGGCTGAAAGGTTTGCAATAGCTCTTGGACAAGGGGGCGATCGCCCACATCCCCCTTGACAAACTGATAATTGGGCAGTTGCTCCAGCATGGCCAAGGTTCCAGGGTGGCAGGCATAGGTCACTTTATCGAGGTTGAGCACTGCACCCCAGCCTTCCGTAAGGGCTAAGCGCACAAAGTTGGCGCCAATAAAACCACCCCCACCCGTTACCAAAAACTTGATCATGGACACTGACACCAGCAGATTCTGGCTTGCATCATACCAAGACTAGACACCTGTTCAGAAAAAGACGTTTACTAGGAATGAACATTTGCTCAGGCGGACAATCATGGATGAATTTATGGCGGCAGCGATCGCCGAGGCAGAGCAAGGACTCAAAGAGGGCGGCATTCCCATTGGCTCGGTCTTGGTGCGCAATGGCCAAATCATTGGTCGCGGCCACAACCAACGGGTGCAGCGGGGCAGTCCGATTCTGCATGCGGAGATTGACTGTCTGGCCAATGCGGGTCGCATCGGTCGCTACGATGATACAGTACTGTACTCAACCCTCATGCCCTGCTATCTCTGCGCCGGTGCGGTGGTGCAGTTTGGCATCAAAAAAGTGATTGCGGGTGAATCCCAGACCTTTCCGGGGGGCGCGGGAGTTCATGGCAGCCCACGGCGTTGAGGTGATTGACCTGAACTTGGAGCGATGTCAGCAGTTAATGCGGGACTTTATTACGCAACATCCCCAGCTCTGGTTCGAGGACATTGGCGAACTCACCTCTGAAGGAGAGTAGCAAAATTCAGGAGACAGGAATACGCGGCAAGCGGTTCTTGAAACCGCAGAGAATTTCCCAAGTAATTGTGCCTAGGGTATCCGCCCAAGTTTCTACGGTTAGGCAATCCTCGCCATCTTCGCCTAGGAGCGTGACGACATCCCCCTCTTGCAAGCCATCAATGTCACTGACATCAATCATCAGTTGATCCATCGTAATGGCTCCCACTTGGCGCACCCGTTTTCCTTGAACCAAGACTTCAAGCTTGTTGGAAAGAAGGCGGGGCACCCCATCGGCGTAGCCAATGCCAACAACGGCAATTTTCATCGGCTTGGGGGCAATGAATTGGTGGCCATAGCTAATGCCCGTATGGGCGGGAATCTCTTTCAATAGGGTAATGCGCGATCGCACTTGCATGACTGGTCGCAGCGGCACCACCTCCCGTAAATGGGGGGCAGGATACACACCGTAGAGACTCAAACCAATCCGCACCATGTCATAGTGGCTACTGCGATTGGCCAAGGTGGCGGCTGAATTGGCCATGTGACGCCGCACCGATCCCAACCCAAGGGGAGCAAGTTCTTGACACACCTGCTCAAAATAGGCCTGCTGCTGGTGCATCAAACTGGGGTCAGGGTCATCGGCACTGGCAAAGTGGGAATAAATCCCTTGGATGCGGAGGTTGGGTAACCGCTGCACAAACTGCACAAAACCCACGGCATCCTGCCACGGACAGCCCAAGCGAGACATGCCCGTATCAATCATCAAATGGACATCAAGGGGTTCCCGCAGATGATCGGCGTAGTCGGAGAAAATCAAGGCTTGCTTGGGTGTAGAGAGGGTGGGCTGAAGCTGCCACTCGGCCATCATCTGCACCTGCACGGGCAAATTGACGGATCCCAAGACCAAAATTGGCGCTGTAATCCCCGCCTGCCGTAGGGCAATCCCTTCGGGAATTGTTGCCACCCCTAGCCAAGTTGCACCGTGGGCTAAAACCGTCTGTGCCACCGTGAGGGCACCATGACCATAGGCATCTGCTTTCACCACGGCTAAAAGTTCCGTTGTTGGTGCCAGCCATTGGCGAAGATGTTGGGTATTGGCTGCCAAGGCCGCTAAATCAATTTCAATCCACGCGCGCTCACACTCATGGGAACTGGTGAGCTGTTCCTGACTGAGCATTGTTTTTCCTATCCTCACACCATAATTCCCCAGTAGGGGGTGACGAAAC
NZ_CP096573.1_gap12	763891	765518	1627	TTGTTGCCAGCTAGGTGCCCTTGGGAATTTTGGCACAATAGAACTATGCCATCTGGCCATGTTGTCTATTCACCACCCTTGGAGGATTCCCGTGAGTAGTACCAGTAATTTTCAAGAGGCGATTCGCGAGGCGCGTAGTAGCGCGATCGTCGGTCCCAATGTGATTCGCAATGCCCTGCCCTTTGTCGGTGGTGGCCTCGTCCTGACGGCGGTGGGTAGCTGGGGTGGTCTGGGCGTGCTTGCTGCTGCGCCCCAACTCTTCATGCCCACGTTTATTGTGGCCATTATTGCTGAACTTGTCCTCTTTTTTGTGGCGCAGGGAGCCGCTCGCAAAGGGAACAATGGGCTAGCCCTACCCCTGTTGGCCACCTACAGTTTGCTGTCGGGTTATACGCTCTCTGGATTGATTGCCCTTGCCCTCAGCACCGTGGGCATTATGGGGATCATCATTGCCGCTGGCGGCTGTGGCATCACGTTTATGGCCGCTAGTCCCATTGGTTCCAATCTGTCGGAACGCGATGGCTTTGCCCTTGCCAAAACGGTACAACTGGGGATTATTGCCCTGCTGGTGGTGCTCGTTCTCCAGTTAGTCTTCAGCTTCTTTGGTGTCTTTACACCCACGTTTCTGGAAATTGCGATTTCTGGCATTGGTGTCGTGCTCTTTGTGGGGGCTGCGGTGGTGGACTTCTTTGTGCTGCCCCGTACCTACCGCGATGATCAGTACCTCTCTGCTGCCCTTTCGATGTACTTGACCTACATCAACCTGTTTATCTTTATCCTGCGGTTACTGATTGCCCTCAATCGCAGTCGCTAAAACAGCAGATGACACTGGGCATGATCCCGGAGCAGATGGTCACAGAGAACGAGAGCTACCATTGCCTCGACCATCGGCACCGCTCGCGGTAACACACAGGGATCATGCCGTCCTTTTGCCGCTAGAATGGTTTCTTCACCTGCTTGGTTCACGGTTTTCTGGGCTTGGCCAATGGTGGCGGTGGGCTTAAAAGCTACCCGCAAAATAATGTTTTCGCCATTGGAGATGCCCCCCTGAACCCCCCCAGAACGATTGGTGCGGGTGCGAATGCGCCCCTGTTCATCGGTATAGAACTCGTCATTGTGCTCTTGACCCGTGAGCAGGGTACCGGCAAAGCCAGAACCAATTTCAAAGCCCTTACTGGCGGGCAGCGACATCACCCCCTTGGCAAGATCTGCTTCTAGTTTGTCAAAGACGGGGGAGCCTAGGCCGACAGGCACATTGCGAACCACGCACTCAATGACACCGCCAATGGAGTTGGCTTGCCGCCGCACCTCATCCACAAGGGCAATCATCTTTTCTGCGGTGGTGGCATCGGGACAGCGCATGATATTCGCCTCAACGGCAGCCGCTGCCACGGTATCAGGATCAACAATGGCTTCAATGTCCTTGACCCGCTTGACGTAGGCAATGATTTCGGTACCCGCGACTTGAGCCAGAATTTTGCGGGCGATCGCCCCCGCGGCCACACGCCCAATGGTTTCCCGTGCCGAGGAACGCCCACCCCCTTGCCAGTTGCGAATCCCATATTTGCCGTCATAGGTAGCATCTGCATGGGAGGGACGATAGACCTGTGCCATTTCGGCATAATCT
NZ_CP096573.1_gap13	769463	770198	735	AGTGCTATCATGCAGAGGAAATGGTACCGTGTAGCAGCGCTATGGCAGAAGAGACGCCCACCCAAGCCCCCAAAAAAGAAAAGCCCCCCGCCATTGAGGATAAACCCTTTGCTGAGTTTATTAATGAGGCTTTTTTGCCTGCTCTCCAGAACGCCCTCAGCGCCAAAGTGGGGGATGTGAGTCTGCGCCTAGAGGAGAATACCGTGATGGGTGAGTGGGGCAAGGGAATGTATCAGTTTCGCCTCTACTTCCTAGAGGGGGATATCCAAGGGCCGAAGGCTTTTGTCTGTAGCAGCGGTGGCATTACCCCCAGCACCATTGAGCCATTTTTGGGGGATGAGCGTAAAGTAACGCTTGATCTCCTAGTCTTTGGGGTGATGCAGCGCCTGAATGGCCAAAAGTGGTTGGGAGGCAATTAGCGAGAGTATGGCCACAGCAATTCAAGTGGGCGATCGCGCCCCTGACTTTGAACTCACGGCTGCCGATGGCCGCAAGGTGAAGCTCTCCGACTTTCGTGGCAAAAAGAACGTTGTCCTCTACTTTTACCCCGCCTCAGAAACCCCCGGCTGCACGATTCAAGCCTGTGCCTTTCGCGATGCCTACAGTGTTTTCCAAGAACTGGGTGCTGAAGTGATTGGCATTAGTGGCGACCCCGTGGAGCGGCAGCAGGGCTTCCAGAAAAATCACCAACTCCCCTTTCTCGTCCTCAGTGATCCCGGCAACAAGGTTCGCCAG
NZ_CP096573.1_gap14	876364	881334	4970	CAGGTTTTGCTGATGGCGAAGGAAGCTTCAATGTTTCTTTTCGCCCGCGTCCTGACTACTTTGTGCCTTGGAAGGTTACTGCTAGCTTCAATGTTTCCCAAAAAGACCGTGTCATCCTTGCTTTGTACAAAAAGCATTTGGGTTGTGGAACACTTCGTGAGCGCCCTGATGGGGTATGGTACTACGAAGTTACCAATCTGAATGCTATAGCTGAAAAGGTCATACCTTTTTTTAATCGGTTTGGCTTTCTTTCAGCTAAGAAAAAGCGGGACTTTTCCAAATTTAAGCAAATTGTAGCTCTGATGCTGCAAGGTGCTCACCTAACGGAGGACGGTATCAAAAAAATTCTCAAGATCCGTCAATTAATGAATGACGGTGGGAAACGGCGATACACGGACGATCAAATCTTGGCAACCATTGGCAAATCCTCAGAGACTATATGCCAGACACCGCAAATTGAAGGTGATGATATAGTCCGATCTTCATGGCGACATGAAGGATCAGAGTAAATTTAGGTGATGCTCTGGTCGCACTCAACAATTATGTACAGCATACTTGAGAGTTGAGTGAAACATAAATGAACGGTCCTAAGGTTAACGAACGCTAGCCTTAGTAAAACTGAACCATATGCGGGGAAATCCTCTGACAGCTTTTCACTACTCGTTCAGCGAGGCACTTAACTCGAAAGAGTTTGAAAACTTAAGGTGCTGCGGTGCTGTTCAGTCAAAATGTGAAAGACATGGGGATAATCCGCAGGAAAGACCTAGAAGTTTCTAGGAATCCTCAGAGACTTGATGTTCAGGTGCGACGCATGAATTTAGATGCCCAGTGGATTGTTGGTTTCGTTGATGGCGAGGGATGCTTTCATGTGAGGGTCAATCCTCACTCCGAGATGGCAACAGGTTTTCAGGTGCTTCCTGAGTTTACTGTTGTTCAACATCGACGAGACGTAAAAATTCTCTATGCACTCAAGGCTTATTTCGATTGTGGCGTGGTTCGTGTGAATCATGGCGATCGCATGGCCTATCGAGTCCGAAGCATAGAGCATCTAGCTGACCGTATTTGTCCCTTTTTTCTTAAGCATCCTCTGAAAACAAGTAAGAACATTGACTTCTTGAAGTTCAGAGATGCAGTTCTGCTGTGTCAAGCAGGTGTCCATTTGACAAATGATGGTCTAGAAAAAATCCAAAAACTGGCGTCTCAAATAAATCGTAGTCGCACAAGGTAAAGTCCAGCTCTATCGGAAACGGTAGAGAACAACTGAGCGAAATTCCTTGTCGGGTAAGTTCCGACCCGCACGAAAGGCGTAACGATCTGGGCGCTGTCTCGGAGAGAGGCTCGGCGAAATAGAAGTGTCTGTGAAGATGCGGACTACCTGCACCCGGACAGAAAGACCCTATGAAGCTTTACTGTAGCCTGGAATTGGGTTCGGGCTTTGCTTGCGCAGGATAGGTGGGAGACGTTGAAGTATCCCTTGCGGGGGATATGGAGTCGCCAGTGAGATACCACTCTGGCAAGGCTAGAATTCTAACCTTCTGCTGTTAGCCAGCGAAGGAACAGTTTCAGGTGGGCAGTTTGACTGGGGCGGTCGCCTCCTAAATGGTAACGGAGGCGCGCAAAGGTTCCCTCAGGCTGGTCGGAAATCAGCCGTAGAGTGCAAAGGCATAAGGGAGCTTGACTGCAAGACCTACAAGTCGAGCAGAGACGAAAGTCGGCCTTAGTGATCCGACGGTTCCGCGTGGAAGGGCCGTCGCTCAACGGATAAAAGTTACTCTAGGGATAACAGGCTGATCTCCCCCAAGAGTTCACATCGACGGGGAGGTTTGGCACCTCGATGTCGGCTCATCGCAACCTGGGGCGGTAGTACGTCCCAAGGGTTGGGCTGTTCGCCCATTAAAGCGGTACGTGAGCTGGGTTCAGAACGTAAATCATTGCGTCACTTCACAGTAATGTGAAGCAGCAAACCGACTAAAATCGGTAGAATCTTAATCAGTGACGAACGGCTGATTAAGACAATACCGAGGGTAAGCAAGAGTCTCGTGACAGACGATTTAACGCTGAGTTACATTGCTGGTTTCTTGGATGGTGATGGCTGTATCAACCTTCAACTAGTGCGACGTAAGGATTACATCCTTGGTTATCAAATTCGCGCTAGCATCACTTTCTTTCAGTCTTCTTCGCATCGTTCCTTCTTGGAGTGGTTAAAGTCCATTTTCCAAGCAGGGTTTGTGAGAGACCGAAAGGGTGGCTTAAGTGAGTATGCAATTGTTGATGCGCCATCTGTCTTAGAAGTACTGCTAACTCTTCGCAGCTACCTTAAACTCAAGAAGCCACAGTGTGATTTAGCAATTACTGTTCTACAGGAAGTTGTTCAATCAAGGCGATTAACGCCAGAACAATTCCTAAAACTTGCTCAGCAGGTGGATCAATTCGGTGAACTGAATGCTTCTAAAAAGCGTTCGATTCGCTCTGAGCAGGTGGAGCAGTTTTTGAGATCACGACAACTCTTGATCCCGTAGAGACTGAAGCCTAGGCTTGAGTTAGCCATCAAGCGTAAGCTGAGATGCTCTGAGGTTGTCAGAGACATCAAATGTCGGCTCCTGATTCGTTAGTGGCGAGAGTCAGGATGAAGATATAGTCCATGCTCGTAGTGATACGAGAACAACATGCGTGAGACAGTTCGGTCCATATCCGGTGCAGGCGTAGGAGCATTGAGAGGAGTCCTCCTTAGTACGAGAGGACCGGGAGGAACGCACCTCTGGTGTACCTGTTATCGTGCCAACGGTAGACGCAGGGTAGCCATGTGCGGAGTGGATAACCGCTGAAAGCATCTAAGTGGGAAGCCCACCTCAAGATGAGTGCTCCCATGGCGTAAGCCAGTAAGGTCACGGGTAGACCACCCGTTAATAGGCTCCCGATCGAAGTCCAGTAATGGATGAAGTCTAGGAGTACTAATAGACCGAGGGCTTGACCTCATCAATCAACCGGTGTCTGAGTTAAGCAACTGTACTGACAATCGCTATTTAGTTGAAAGGGTATTTCCGCTGAATTTATCTAGCAGTTCTCTAGTCTAGGTTCTCAATTCAAAATTAATGCTTTGCCTAGTGCCTATGGCGCGGTGGAACCACGCTGATCCATCCCGAACTCAGAGGTGAAACGCCGCAGCGGTGAAGATAGTTGGAGGGTCGCCTCCTGCAAAAATAGCTCGGTGCTAGGCAAAATATTCAAACCACCCCATCTAGGTTGCCTAGGTGGGGTCTTGATTTTTAAGAAATGTTTAAGGGATGATCGGTTTTGGATAGAGGAGTGACATTGATGGGTAGTTCGGTCTATATTGCATCAAATATCGCTCTCCTCAAAAGGTTTTTAGGGTCATGCCTCAATTCATGCGTTTGATGGGTCTTCGGCACTGGATGCGGGTGGGTTCCTCGGTGGTGGCAGCGGTGCTGGCGGCGGCGTTACCAGGCTATGGACGAATGCAGGATAGCCCCAAGATGTTGGTGGATGAGGTGTGGCAAATTGTGCAGCAGGAATATGTGGATGAGTCGTTTAATCAAGTGGATTGGCTGGCGGTACGGCGGCAACTTTTGGCGCAGCGCTACACGTCGCGGCAGCAGGCCTATGCAGCTATTCGGGGAATGTTGCAGCAGTTGAATGACCCCTATACGCGCTTCATGACTCCAGAGGAGTTTACGGCTTTGCGCACGCAAACGTCGGGGGAAGTTTCGGGGATTGGTATTCGCTTGACGGTGGATGAAAAGACACAACAGTTGACGATTTTGGAGCCGCTGGAAAATTCACCTGCAACTAAGGCGGGAATTCGGGCGGGCGATCGCCTGCTGGCCATTGATGGTCACTCTACTCGGCGGATGTCGATTGAGGAGGCATCGCGGCGGATTCGGGGGCGGGTGGGGACTCCCATTGAACTTCAGTTGTTTCGCCCTAATCGCGGTACCTTTCGCCTGACGCTGACACGGGCATTGATTGAACTCCCTGCGGTGCGATCGCTAGTGAAGGAGGAAGGCGGTGCCCGCATTGGCTATATCTATCTGAGTGAATTTACTGCCCATGCAGCGGATCAGTTGCGCGCGGCGATTCGCAAGCTAGAGGCGGAGAAGGTGGAGGGGTTTGTTTTGGATTTGCGAGGGAATCCAGGAGGACTATTGCAGGCAGGAATTGATATTGCCCGCATGTGGTTGAATCAAGGTTTGATTGTGCGTACGGTCGATCGCAGTGGCCACAGTGAGCAGGCACGGGCGAATCAATCGGCATTGACGAATTTGCCCCTCGTGGTTTTGGTGGATCACCGCTCTGCTAGCAGTAGTGAAATTCTCACAGGGGCATTGCAGGATAACGGTCGTGCGATTGTGGTGGGCACGCCAACCTACGGTAAGGCCTTGGTACAATCCATTCATCAATTGAGTGATGGTTCAGGATTGTCGGTGACGGTTGCTCATTACTACACGCCCAATGGCACGGATATTAACCGCACAGGGATTACGCCGAATGTAATGGTGACGCTGCCGCAGGAGGTGAGTACCAATCCCCGTTTGTGGACGACAGCAGCCGATCGCCTGTACCAAGCAGGAGTGGCTCAATTGCGCCAAGCCATTTATCGCAGTCAAGCGCCTAAGCCCATGAATACGGCTCAAACAGGGGAGCAGGAGCAGTTTCGCCAACCCCTTGGTGTCCCTTGTCCGGTGCAGTGATGGTTGTTTCAGAGATTGATCAGGAATACCCCGCTGAGATTCAATTGGCCTTCCATGCCCTTGGGGAGCCGTTGCGGTTGAAGGTGATTGAGATTCTGCATCGGGAGGAGCTGTGTGTCTGTGATCTGTGCGATCGCCTGCACCTGACCCCCTCAAAACTCTCGTTTCATCTGCAGGCACTGCGGCGAGCCAATCTCGTGCTGTCGCGTCAAGAAGGGCGGTGGGTCTATTACCGCCTCAATCGTCCCCAATTTGAAGTCC
NZ_CP096573.1_gap15	891902	892876	974	GGACAGACCAAGAAACATGCCCCCCATGCCCCAACAGCCCACTAAACCCGACCAGCCGTAGGCAAAGTGCTTGCCCACCGTATTCAAGAGCAGTGCCCCTAGCCCGAGTCCGCCGGCCGCAGCCGCCAAAAGAAACCCAAATTGATCCGTATCGAGGCTGGGTAAGACCTCCGCAAGGCGCACTACCAAAACCGACATCGCCGCGACAATGGCAAACAGCAGGATGAGTTGCAGCAGGGCAAAACGCAATGCTGTATATTCCTGCAAAAGCTGAAGGCCTTGGCGGAGTTCTTGCCACACTTGACGATAGTGGGTTGGCGGCAGATGACACTGATCCGGTGGCCGCAGCAGCATGAGTAGGAGTGCTGCCCCCCCATAGCAGGCACTGACAAAGACAGCCCCACCCCACTGGGAGTGCCAGTGGCTCGCAAGATTCAAAAGCGGTTCACCCGCAGCGAACCCCACCACGAGAGCAGCCATCATCGTCAGGGTATAGAGGGAGTTGGCGGACATCAGATGGGACTTATCCACCAGCAGCGGAATGGCCGCCTGTTCTGCGGGGGCAAAAAACTGGGTTAAACAGGAAATCGTAAACGTGATCAGCAACAGCGCCATAAACCCAAACCATTGCCCGGCGCCAGGGAGAATCGTGATCGGAATCCCTAAGACAAGGAGGGCACGGTAGAGATTGGTGACAATGAGCACCTGTTTTTTTGACCAGCGATCCACCAGCACCCCCGCCACCGATCCGAGGAGAATGGCCGGAATCGTAAAGGCCACCATGATGGCCGACACCCAGCCACTAATACTCTGGTGTGCCGCTTGGAAAAACTCTGTAGTGAGGGCAATTACAAATACAAGGTAAATTTTGTCAGCCAACTGTGAGCAGACCTGCGCCAACCAAAGAGCAATAAAATTGCGGTTTTGCCAGAGGGGAGGCACCGGTGGTAGGGGGAGATCTATGCGAATGTCTT
NZ_CP096573.1_gap16	911482	912045	563	TGGCCAAGATTAGGGCTTCTGCATAGCGCCCCACCGTAAATAGGCCAACAACTTGAAAGTAAGTGTCCCGAAAGAGGGCGTGGCGATTGTTCTGCCGCAGTTGGGCGATTTCCTGAAGCCAGAGCTTTTCAATCTTAGTTTTGTAGGGGTTGATGGCATCAAAGGCTTGGTGGTAGTTGCGGGCAAGGCGATATTTACCATAGCGAATCAGTGCTAAGGCCAGAGGAGCCTCAATAGAGCTATGCTTGAGGGAAATTTCAGCCCCTTGGTAGTCATAACTATCCAACTGCTGTTGAATCCCTTGACGATCTAACGCTTGGCGAAAGACATTTAAGTCCACCGCAAATACTCGCTTTTGACCCGGTCGAATTTCTTGGGGATTGCGGGCTTGCCATAGCCGGAGTCGGTGTTGCGTCTCGATCGCCTGTAAAATGCCCCAAGCCGCTTTCATGGCGGGGGTACCAGAGGAACCATTCAGTTCTAGCCAGTCGTTGGAGCCTTGATAATACTTGGCTAGGTGTAGTGCGCGCTTGGCCTCTTGGACGGCGATGACAGGGTTAATT
NZ_CP096573.1_gap17	1073478	1075334	1856	GTTATAGGCGTGTTACTTCCGGCAGATGATCGTAGGGAATAAAGCATTCTTGGGGCAGCAGCACTGGTTGACTAGTAAACAGCACATAGCCCCGCAGGGTTTGCCGATTAACAGCGACACCCGCAGGCACCGTTTTTGCCCCATGAACCTGCTGGTAGAGATTATAGATGGATTGAGCAGCGGCTAGTAGGGGGGTATCAACGGTTTCCATGGTCTGCAAAACTGGCATGTGCCCCACTCCTCGGCAATCGAACAATTAGAAACGGTTATGTTTGGTTTTGAGCCAATCATCAGTTCTCGCCAAGCGCTCCGCCTATGCAAAAGCAGATCTGAAATCCTCTACCTGACTATCAATCATCTTGTCTTAGCAAAGCGATAGCATAGGGGTAGGACGGCGCTAAGACATCTTCCTCGTGAAATCACCTATTCATTAAAGAATTGATTGTTTCACCATGCCCAGCCCCTTGGCGATCGCTAACGTCGCCCTGTAGCTATTGACTGTGTTCCTTGTTTCCTCACACTCCTTTGACCGAACCATGAACTCACAGCAGTTCTCCCTTGCCAATCATCTGCACCATTTACCTCATCCTGTCTTGGCGGGCGATCGGAAGGGCACCATTCTTTATGCCAACGCTGCGGCGCAACGGTTATTGAACCACGCTAGTACCGATTTAGCGGGCCTCTCCGTCATCGAGCTACTGTCCGCCAACTTTGACCTCTCCCTAGAGCGGTTCCAGCAGGTGCTCAACACCCAAACCCCGGCACAATGGGACTGCTATGATCCGCGCAAACAGCAGTGGTGGCAACTGGATTTAACCGCTGATGCTCACGGCTGGACCCTGACCCTAACGGAAATTACGGAACGCTATCGCCATTGGCTGCTCCAAGAAGCGCGGGTTAATGAACTGGAAAAATGGTGGCAGCGATTTCACACCCTGACGGAGATAGGTCAACAGCTCTTCTGGGAAATCCAAGGGGAGTGGTGTTATTGGTACGGTGACAGTCAGGGGGTGCTGGGGTACCCCCTAGAGCAATTGCCCAAAACCCTGCGAGCGTGGCAGCAACTCATCTACCCAGAGGATCAAGAGCGCTTTTGGCAAGCCATCCCTCAGCAAGGGGGAGCAACACCCTGCGATTTGGAATATCGCCTGCGCCATGCCAATGGTGCGTATGTGTGGGTGCGCGATCGCTGGGAATATCGGCAGCAACCACCAAACACCACAACCATCATCGGCGTCATGGTCAATATCCATGACCAAAAGATACAGGAAATGCGCCTGCGGGAAAGCGAACAACGCTATCGCAACCTCGTAGATCACCTACCCGCCGTGGTGTATCGCTGTGCCATCGATGCTTCGTGGACGATGGAATACCTAAGTCCCAAGTTCACTGAGCTGACGGGGTATCTCCCGAGCGAACTGGTGCACAATCAGGTTCGTAGCTACGCTAGTATTACGCATCCAGAAGATAGCGATCGCGTTGATTGCACAATCCATGAGGCCCTTGCCAAGGGCTTGCCCTTTAGTGTCGGCTACCGTATTTTCTGTGCTGATGGGTCGGAGCGTTGGGTACATGAGTACGGTCAGGGAGTCTATGACGTAACTGGCAAAGCCTATGCAATTGAGGGCATCATTGTGGATGAAACAGAACGAATTCAGTCAGAGCAAGCCCTCAGAGAAAGTGAGTATCCCTGGCGTGCGGTCTTTGAAAATGCCCAAGTCGGGATTATTGTCACTAGCCCTGCTAACCACTACCGCCTTGTGCATTGCAATCCCTTTTTTTGTCAATTTGTCGGCTACACCGCTCCTGAACTGGCAAATCTCACCGCCCATGATCTGACCTTTGCTGAAGATTGG
NZ_CP096573.1_gap18	1079683	1081811	2128	TGTGTGGTGGGTACATCAGTGGCATGTTTGGTCTCTTTTTCACCGCTGGTCCGGTGACGAACTATGAGCAAGCCAAGCAGTCCGATTTGAAAAAGTTTGCGGCCTTCCACCGGGGTATGTTGGAGCAGGGGATTTACCTTGCGCCATCCCAGTTTGAAGCGGGCTTTACTTCCCTTGCCCATACAGAGGCGGATATTGAGCGCACCATTGCGGCAGCGCGGACAGTGCTGAGTCAGCTTTGAGCTTTCACCGTCGCGGCAAGGAGCACCACATCCATTAAGTCCGCAAGGTTGAGGCAGGGAAAGACCATGACATCCCCCAATTGATGAATGGCTCGGCTGCTATCTTCGGCCAAGGTAATCATGGGGAGTTTTCGCAGTTTGGGATGATTCTCCAGATGGGCGACCGCGTCAGCGGGCAAATCCCAAATCAGAACATCGGGTTGCCAAATCTCCACCAAGAGATCGGCCTGTTCAAGGTCTTCTGCTTCGAGGAGCCGCAGGTGGGGCAGGCTAATGTCATGGAGGAGGCCGAGGCGGAGTACCGTTTGATTGAGGAGGGGACGCTCAAAAGTCGATTCTTCCACTGGAGCAACCAATCGCGGGAAACACCAGCGATCGAGGACATCAATCAGCAGGCTGGGATGACTACTCAAGGGCAGCCGTTGTACAAAACCGGTCAAGCCCAAGGGAGTGGCTTCATCGGAGAGGATGATCAACGGAACAGTGGCCGTGAAGGAGCTGGTGGCCAGACTTTCAACCACATCAGCCAGAATGAGACTACTGGCGGGGCGGACGACAATGGCCGTGGGTTGCAGTTGCTCCAGCTTATCCAGCGCTTCAAGGGGATGGCGAGCGACCACATAGCCGTAGTGATTGCGCCGCAATGCGGAAGTCGTGTCCATGATCCACGTGGCATCATTACTCACCAAAAGGATCAATTGAGCCGTAGTGGGTAACTCAGGGGGAAGTTCCTCAGCAAAGGGCAGTAGCACTGTCCACTCACTGGAGTCGTCAGCTTGGGCAATAAAGGAAAGCTCACCATTGTGGAGACGACAGAGTTGGCGGGCGAGCATCAGCCCCATGGTGACTTCGGCATAGTCCTCGAGGCATTCGTGCAGCAGGCGATCGTGATCCTTGAGGGGAATGCCATGTCCCTCTTCCCACAGTTGCAGCGCCAGCCAATTTTGCCAGCGACTCAAGCGCAGTCCATAGCGATCGCTGGGAAAGAGCATCAGCCACCCCAAGAGATGGGCAAGAATCTGCCGTAGCCGCAGAGCATCGCCGTAGAGGTACACATGGCTCAAGGGCTGATCAATGTGCCACTGCCACTGCCAACCTAGCGGGGTTAGATTGTAGAGATGCTCCGCCAACTCCTGCGATCGCAACCACAAACCCGCCAATTCTACGGTTTCCCATTGCAATTCCAACTCTCGCCAAAGGGCACGGGTGTAGTCCTGCCACGCCTGAATGAGGCGATTCATTTGCCAACCGCTACGCTGGATCAGGGCAAGGTAGTCCTGTTGCTCTGGTAGAGGGTGCTGCCACAAAAGTTGGGTGAGGCTGAGAATCGCCGTTAGGGGATTTTTGAGTTCATGCCCCAAGCTCAGGAGGAGGCGCTTTTGCTGATGGAGGCGCAGTTGGTGCAAGCGGGTGGGGGTCGTCGGATCTGACTCCTGCCGCCGTTGGGCAAAAAATAACCAATAGCGATCGCTCGCCACCGCGACACCGCTTTCTGCCTTCTCCCAGTCCAACGACGTTAAATTCAAGGGAAACGAACACACCTGCCAGAGCGATCGCCCGAAGGGCCCGCTACGCGATCGCGCCTCTAGTGCCTGACAATTCATGCCTTCAAATTTAGGCTGCACCAGTGGCAAGAAATCAGTTAAGTGTTCTGACCAAGCGCGATTTTGCCAAACGACTCTCCCTTGGGCGTTTTGAATTTGTACCGGCAAAGGCAATTCTTCAATCACCTCCAGCCAAGGCAAAGGGGGCTGGCACGCCCAGCGATAGAGCAAGCGTTGCTGATCCAGCAGTCCCAAAAAACAACCCTGTGCATCCACAACCGCAATATAGGCTGGCATCTGGACTTGGCTGCGCAACCACCCCTGAAACTGCAATAGTGTCCA
NZ_CP096573.1_gap19	1084640	1087682	3042	AATCCGAGATTGCTGACTTTAAGCCCTCACGGGTGGCCATTGACTCCCTTTCTGCTTTGGCGCGGGGGGTAAGCAACAATGCCTTCCGTCAGTTTGTGATTGGGGTTACTGGATTTGCTAAGCAGGAGGAGATCACCGGCTTTTTCACCAATACGACCGATCAGTTTATGGGCTCTAACTCCATTACCGAGTCCCATATTTCCACGATCACAGATACGATTTTGCTGCTGCAGTATGTGGAAATTCGCGGTGAAATGTCCCGGGCAATTAACGTCTTTAAGATGCGGGGTTCGTGGCACGACAAGGGCATTCGCGAGTATGTCATCACAGAAAAGGGCGCCGAGATCCGCGATTCGTTCCGTAACTTTGAGGGGATTATCAGCGGTACCCCAACCCGTATTGCGGTGGATGAAAAAACAGAGTTGGCACGGATTGCCAAGGGAATGCAGGATCTAGAGAACCAGTAGCCCCATGCAGCTCAACCAAGTCATTGTGGTGCACAAGGCCGGCGATCGCCAGAGCAAGGAATGGGCGGATCGCGCCTCCCGTCAATTGCAACAGCGTGGCGCCAATGTGCTTGTGGGGCCGAGTGGACCTAAGGACAACCCCTACCCCGTCTTTATGGCCTCGGTAACAGAGCCCATAGATCTGGCCATTGTTCTGGGGGGAGATGGCACTTCCTTGGCGGCGGCACGGCATCTGGCTGCGGCGGAGGTTCCGATTCTGGCGGTCAATGTGGGGGGGCATTTGGGGTTTTTGACGGAACCATTAGAGCTGTTTCGCGATATGGAGGCGGTTTGGGATCGCCTTGAGCGGGATGAGTACGCCATGCAACAGCGAATGATGCTGCAAGCCCAAGTGTTTGAGGGATCAAAATTGCATCCTGAAGTGGTGGGCGATCGCTACTATGCTCTGAATGAAATGTGCATTAAGCCGGCATCTGCCGATCGCATGATCACCGCCATCCTCGAAATGGAAATTGATGGCGATGTGGTGGATCAGTACCAAGGGGATGGGTTGCTGGTGGCCACCCCCACCGGCTCCACCTGCTATACGGTCGCCGCCAATGGCCCCATTTTGCATCCGGGGATGGAAGCGCTTGTGGTGACGCCGATTTGCCCCTTGAGTCTTTCGAGTCGCCCCATTGTCTTGCCTGCACGCTCGTCAGTGAGCATTTGGCCGTTGGATGATCACAGCCTCAATACTAAACTGTGGATGGATGGCGTACTGGCCACCTCCATCTGGCCGGGACAGCGGGTACAGGTGACGATGGCCGATTGTCAGGCACGCTTTATCATCCTGCGGGATCACTACTCTTTCTATCAAACGCTACGGGAGAAGTTGGCTTGGGCAGGGGCACGCATTCCTTACCACAACAACCACCGCAATTAGATCACAACCCCATGCTGGCAACGCATCTATAATGGGCGCATTCCTCACGGGTCTTTTGCGATGATTGTCAGTCCCCTTGAACGAGCGGTGCTTGGATCGAGTGCCGAAACGCTGGTCGATCAGCTTCTGGAAATTGGCATTGCCCTTTCCGCGAGCCAATCCCTAGAGGAACTACTGCATCTCATTCTCACGAAAAGTCGCCAAATTACTGCTAGCGATGCCGGCACAATTTTTCTAGTTCAGGGCGAACGGGCAGTTCTGGAATTTAAGGCGGCTCAAAATGATAGTGTTGCTCTCCCTGAGCAGGTACAGGACACTACAGTCCCCCTCACCCCTGATAGCTTGGTGGGCTATGCCGCCCTCACGGGGGAATCCCTGAATATTCCCGATGTGTATGCCCTAGCGGGAAACGAGCTGTACCAATTCAATCGTTCTTTTGATGAAGCCCTGCGCTATCGAACCTGCTCGGTGCTGGTGGTACCAATGCAAAATGTCAGTGGTGAGGTGATTGGGGTGCTGCAGCTGATTAATCGCAAGCGATCGCCCGACACCCTGCTGACGCCAGAAACCACTGTGGCTCTCACCCAACCCTATAGCCCTTGGGAAGAACACATTGTGCGATCGCTGGCCAGTCAGGCCGCTGTGATTATTGAGCGCAACCATCTGCTGGAAAGTATTGAACAGCTCTTTGAGGGCTTTGTCACCGCCTCAGTACAAGCAATTGAGGTGCGGGATCCCACGACGGCGGGACATTCGGAACGGGTGGCAGCACTGACAGTACGCTTAGCGGAGATCACCCATGCAACCTCAAGGGGGGTCTTTCGGGAAGTCTCCTTTAGCGATCGCCAACTGCAAGAGATTCGCTATGCAGCGCTGCTCCATGATTTTGGCAAGGTGGGTGTGCCGGAGGCTATTCTCAACAAGCAAAAGAAACTCTACCCTGAACAATTGGAGGTGATTCGCCAACGGTTTGCCCTCGTGCGCCGCACCCTAGAAATGGAAACGGCTCAAGCCAAGGTGAACTATCTCCTGTGTCATCCCCACACGGTTCATAGCCCAGAACAGGCCTGTCACCACTGCGCCTTTTTGCGTCACTTCGATGAGGAACTCCGCCAACAACTGGTCACCCTCGAAGCCTATTGGCAGTTGCTCGAGCAGGCCAATGAGCCGCAAATTCTCGATCAAGAACCCCTTGCCCGCCTTCAGGAATTAACCCAGTTTTATTATCGCGGGACTGATGGCGAACTCCATCCCCTGATTACGGCCAGCGAACTGGAACAACTCTTGGTGCGGCGAGGGAATCTTACCCAACAGGAGCGGCGGCTCATTGAGGCCCACGTCACCCATACCTACCAGTTTCTCTGCCGCATTCCTTGGACACCCCACCTAAAAAATGTGCCGATCATTGCCTATGGTCACCATGAGCGATTGAATGGCAGTGGCTACCCGCGAGGTATTGGGGCGGCGGAGATTCCTTTGCAAACCCAGATGCTGGCGATCGCCGATATTTACGATGCCCTGACGGCCAAGGATCGCCCCTACAAAAAGAGCCTACCCGTGGATGCGGCCCTAGAGATTCTGTGGCAGGAGGCCAAGGAATTTAAGATTAATCCCGATCTCGTTGAACTCTTTGAGCAACAGGAGGTCTTT
NZ_CP096573.1_gap20	1093124	1096819	3695	TGCCGATCCGCAGCGGCTACGCTCGGAAACTGTTGAAGCCTACTTGGATGCCGCCTGTCGTCCCAATGCCGAATGGGCAGCTCTGGCGACCCTGAAGGGAAATCTCTCCTTTGATCTCAGCCAGTATTTACCCCAGTTAACGATCCCCACCGTGATCCTCTGGGGAGAAAAGGCCAAGCTCACGCCCCTTTCTCTAGGTCAGCGACTCTATGCCACCGCCCGCGATCGCCTGCAACAGTTTCACGTGATCCCCAACGCAGGGGTCTTACCCCATCTGGAGCAACCCGAATGGGTGATCTACAGCCTGCGGCGCGATTTCTTGCTTTAAGTTGTTCCCGATACAGGTATCCTAGAAGTATTGCTTGAAGTGTTGGTGCAATGGCAGAAATTCAATTTATCCGTGGCGTTGATGAAGAAGTGGTTCCCGATGTGCGTTTGACGCGGGCACGGGATGGCAGCAGTGGTCAAGCCATGTTTTACTTTGATAACCCGAAAATCGTCCAAGAGGGCAATTTGGAGATCACGGGGATGTACATGGTGGACGAAGAAGGCGAAATTGTTACCCGTGATGTCAATGCCAAGTTCATTAACGGTCAGCCCGTTGCCATTGAGGCCACCTACACGATGCGCAGCCCCCAAGAGTGGGATCGCTTTATTCGCTTTATGGATCGCTACGCTGCCAGCCATGGCCTTGGCTTCCAGAAGTCCTAACCAGTCTTAAATTGATCGGGTGCCGATTCAAAAAGATTGTGCTAGCTTAAAGTTACGATGCCTTTTTTGTCTTTATTCAGGACACAGGGCATCTGCAAGTTCTATAGCGATACAGTAGGGACATCAATGGATTATCTAGAGAGCCTGCTTGACACCCTCAAATCGTGGTTAAAAAAACTGTTGGAACTTCTAGGTGGCGCCGAGCCCACCCCTGAGCTGGAGCCAATTCCGATTCCCGTGCGCGATCGCCGATAGAGCGACAGCATTCAACAAAATTGAGTCAGTTTTGAACGGTTAGGTTAAGCTTGGCCTTTCATATCTTGGTGCTTCATGGCCCCAATCTAAACCTGTTAGGGCAACGGGAGCCGGGGATTTATGGGGTTGTGACACTAGCGAGCATCAACCAATCTTTGGCAGCCTTGGCGCAGGAGTTAGGGGTAACCATTGAGTGCCTCCAATCCAATCATGAAGGGGTCTTGGTAGATGCGATTCAAGAGGCAATGGGGCGTGCCCAAGGCATTTTAATTAACCCCGCCGCCTATACCCACACCAGCGTAGCTCTACGAGATGCGATTGCTGCGGTTGCCCTGCCCACTGTGGAAGTTCACCTGAGTAACATTCATCAACGGGAAACTTTTCGCCATCATTCCTACATTGCGCCGGTGGCGATCGGTCAAATTGCTGGCTTTGGTGCTGATAGTTATTTGTTGGGGTTACGGGCACTGGTCAATTATTTACAAGCAAAAGGCTAATTCTCAGCGGGGCGCGCGATCGCCAGCGGTGTTCCCAACTGTCGTGCCAGCCAAAATTCCAGATTGCGTACCCAAGATTTACCATCAAGGCGCTTGACAAGAACGGGTTGCACCAAGATCGTGAACATCCCCAAGCGATTGCCCACGAGAATATCCGTAAACAGGCGATCGCCCACCATGGCCACCTGATCATAGGGCAAATTCATGGCTTGCACGGCCTGACGAATCTTACGCCGCGAGGGCTTGCCCGCCCCCATCAAAAAGGGTAACTCCACCTGCTGGGCAATACGTTCAATGCGGCGATGGTTCAAGTTATTGCTCACTAGCCAGATCGGCATCTGATGCTTGATCTCCAGTAGCCACGCCAAAATTTTCGGCGGCAGATCTTCATCCCACGTGGGGAGGAGCGTATCATCCACATCCAACACCATGCCCCGCAGATGATATTTTTCCAACAGACTGGGGTGCAACTGTTCAATGGTGCTTTCAAGAATTAAATCCGGTTGCAGCAGTGCTGCTAGAGACCCAGTGGCCATTGAAAACGCAAATAACGAAGAAGAAGCTTCTGCCAGACTATCACGATCCCAGGGGAGAGTGGGAACTGCAAAAATCTTTCCTAGTGTTACTCCAATCACAAAGGATATGCTACCATCTGAGAGAATGCCGCGTGTCAACGGATATGGCGAAGGTTCTGGTACTCAATGCCTCCTATGAACCACTCAATATTACGAGTTGGCAACGGGCAGTTGTCCTTTTAATCAAGGGCAAGGCGGAGCAAGTCGAGCACAACGGCAAGATGGTTTACAACAATTTTCCCTTGCCGACCGTCATTCGTCTGCGGCATTATGTCGTCACTCCCTACAAAGAAATTCCCCTTACTCGCCGCAATATCCTGCATCGAGATGGCCATTCTTGCCAATACTGTGGCTATACCGGGGATGAGCTCACCCTTGATCACGTCATCCCCAAATCGCGCGGTGGCGGTGAAACTTGGGAAAATATTGTGACCGCCTGTGTTCGCTGTAACGTCAAGAAAGGGAATCGCACCCCTAAAGAAGCAAATATGCCCCTACGGCAAACACCGCGTCGTCCCATTAGTAGTTTGTACTTCGAAGTCACGAAACACGTGCGCACCGGCACTCATCAAGAGTGGCGGAAATATGTCATCGGTGTCTAAAGGTTGTTATGTCAAGTATTGAGACCGAAAACTTTAGTCAACTCTTTCCGCTTTTTGGTGCCAGTTCCCAAGAGGCGCTTTCCTCGATGCTCTCAGTGGCTTGGCATAACACCTACCCGGCGGGGCGTGCCATTCTAATTGAAGATGCGTGGGGCAATGCAGTTTACTTTATCCTCGCAGGCTGGGTGAAGGTGCGACGACTGCTCGCCAATGGGGATTTCATGACCCTAGCGATCCTTGGGCCGGGGGATTTTTTTGGTGAAATGGCCATTCTTGACCAATCACCCCGCTCAACAGATGTGGTGGCGCTGTGTCCAGCGGAAGTTTTGTCTGTGCCGGCGCAAAAATTTGTCCATGTCCTGCGCCATGAGCCGGATCTGCACTATCGGATGCTGCAATTGATGGCACAACGGCTACGCTTGACCAATACGCGCATTGAACTGTTGCACAAACCTCCTGCCGTCAAACTAGCCCATGTCTTGGTGAATTTGGCACGGCGCTATGGTCAGCATCCAGGGGGCAATGCCAACACAGCCGTGATTTTCAATGTGCCCATCAAGGATTTAGCGGATGTGGCTAACATTAGCCCTGATGAAGCCCATCAACTGCTGGATAAACTGGTGGCGAAAAACTGGATCAAGATTGATGCGGCCAAGCAACAACTCCAAATTCTCAATTTGCCGCAACTAGAGCAATTGGCACAGCAAGCGGTGAATTAAAGTTCTGTTGGCTTGTTGAGGAGCAGTGACCTCGCCTAGGATAGCAATAGTTGCAAGCTCTTTCTGCTATGGCGATCGCCCCCAACCTCTACGAACACACCTTGGTTCGCTACACGGATCCGCTGCATGCGACAGAACTCCTGCGGCAATATCGCCCATACCTAGAAATGATTCCCAGTATGCGGCGACCTCAAGAGAGTTTAATTCCGATTCCGCTGCCGATCGCCCATATTCAGGTTCCTGCCGCCACAACCTCGAACCAACGTCCCCAGGTGAAGTCGGTGATGGTGCCCTGTGATCTGGTCTTTGTCATGTGCGATCCCGAGTGGAAAGTCA
NZ_CP096573.1_gap21	1102639	1106013	3374	TGTACCCCCCGTTCTTAAACGAGAACTCATTGATGAAGTGATCCCCGTCTCTGACGACCAAGCGATTTATTTTGGTCGCCGCCTAGCCCGTGAAGAAGGCCTTCTTTCAGGCATTTCCAGTGGGGCTGCCCTTTGCGCTGCCATTCAGGTGGCTCAACGACCCGAAAATGCGGGCAAGTTAATTGTCATGGTGCAGCCGAGTTTTGGTGAACGCTACTTAACCACACCCCTGTTTCAGGATGCACTGCCCTTGGTACCCAGTTACTTGCAACATTAGGCCTGCTTTGAGTTCAGCGTCAGAGGTTGTTTTGTGCCAACTAAAACTTGGTTTGTGGGGTGGGGCCTAGGGTGTGTCATCAGTTAAGCCAGATAACAGCGGCAGCGAGATATATCGCACCTAAAAAGTTTCGCGCTGTCTTATCGTAACGTGTAGCAATCCCTCGATACGGCTTGAGCCTAGCAAAAAAATTCTCAATCAAGTGCCGAGCTTTGTACAGTTCTTTGTCATAACCACGACGCTGTTTACGACAAGACTTGCGCGGATGACAGCCTCGCACCCTTTCTCCGCTAGCCGTCTTAGCACCCGCTCATCTGCAGCATAGGCTTTGTCCGCCAGTAATGCCTCAGCAAAACACTGCCTCGATGGTCAATCTATCTGATGACACGCCCTAGAACTTCGGCCAATTGGGACTGAGTCACAGCAATTTTCCTCTAAACTCTGTCAAACAGTGTAATTTTGGCCAAGAGTCCTGCCACCATCAAAAACAGTGCCACCAGTAATGCCCACAGGCGATTGTCCGTTGAACTTTGGCGTTTCCCTAGCTCCACTAACTGCTCGCGATTGTTCTGTACTTCTAGGCGAACGGCCTCGATTTTGGCCTCCATGGTGTTGAACTTTTCACGGATTTCTGCTTGCCCCACCTTCACTTCAAGGGTGAGTTCTGTCAACTGCGACTGGATTGCCTTGACGGTTTCCAGAACTTCGGCTAGTTGGGATTGGGTGACAGGCTCGGTCATGACGGCTGCTCAGGGAGGGGTAATTTCATTTTAGGGGAGCAAGCAATTTCTGTTTTCAGATTTTTTATAAATCTTGTTAGGAAGGTTGTTGGTTAGGGGAGGTCATTGACAGCAGCTAAGGGGCGAAGATAGGTCTGCACCAATGTTTGATAAAAGCCTAAGACGCGCTTATCTTTGAAGACAGCAGGAACACGGGCAAAGGCGGCACGGGAAATAATGGCATATTCAGGAATGGCAAATACGCTTGTGTCGTTGGCTTGATACTGTGGCCAAAAGTAGGGAGTGAGGTGGGGGAGTTTCTGGAGAATCCGTTCAATTTCTGTTTGGGCAACGGCCATTGCCTTGTCGGTTGTGGGAGCACCATTAAAGAAAATAGGCAAAGGAAGGGGGCCGCCTTCACGGCGCAAGGTGTGAATTTCATTAAAGAGAAATTGGTGAATCACCTGAGCGGCATTGTTGAGGGAGGAGAGATCGGTGTGGCGGGTGGGAATCAAAACGGCGTCACTGGCATACACGGCGCTCTTACTTAAAAAGAGCCAAGCACTGGGGCAGTCAATGAGGATGTAGTCGTAGCGATCGCGCAAGGGGGTAAGGAGTTCCCGCAGGCGGGTAATGGGTGGATATTGGGTTTGCATCGCCTGAATGAGGATGCTTTGCAGTTGTGGCGCAGCAGGAATGACGTCAAAAATATGGGCAGATTTGATACTGCTGCTGGTGCGGATGCGCAGGTCAAAAGGGCGAATCGTAGCCGTAATCGGCTCATCAGGGTTTTGCAGACAAGCCGCAAGGGTCGTACTGGTGGGGGTTAGCTCAAGGGCGCGGCTGAGATCCCCTTGGGGGTCACAATCAACGAGCAAGACAGCGGCATCTGCCACAGCAAGGGTGGCGCCCAAGTTAATCGTAGTGGTGGTTTTGCCCACTCCCCCCTTATGGTTATAGAGACAGAGGGTGGTGGCACGGGGGCGCGATCGCAAGCAGGTTTTGAGGTTTTCGATAATGCCCTCAAGGCGATCGCCCGTCAGTTCATAGTTGGGCGTCACTGGATAGACCAAGTGACCATGGCGTTGAAAAAGCTGTAGATGGCGGGCATTCGTGATCAACCCCCAAGCGGTTCCTTGGCAATGGCAACCCCTGAAAAGTTGGCGGAGTTGTTGCAGAGCGCGGCTATGATGGGCAGACCCATTCTCAAGGTTCAAGACCACGGTTTGACTGGGGGTATTGCGGGAGCGACGGGCAGGGGGTTTAATCTCCACAATTAAATCGGGGTCAACTTGAGTCTGACAAAAAGGAGGCTGATGCTCGCGGGGGAAACGGGCTGCCACATCGGCAATGCCTGCACCTGTGTCAAAGGAAGAGAGGCGATCGCGATCGCCAAAGCCCAACACACTCAGGAGCGGTTGCACAAAGTGCTGCTCAATAACGGCTTCAGAGGTTTCGTCACCGTGAATTTGTTGCCATTGCGATCGCAAGCGGGAAATATCCAACGTTCAGCACCATCCAGCCGTCTTGAATCTTTCAGAATAGTTTGGCCACCCCTGAGCGTCAAGATCACGACGCTACCAAATCACTGTGGATTGGGCTTTCCAACAGCCTTGATCATTGGCTATGATAATAAATCTGCAAATCTTTCACATTCGTCCCCTTGGGTGTCCTCACCGGATGATGGACGGATGGTTGTTTAACCCATAGGAGTACAACTCAATGGCAGTTCTTAGCCTTGCCCAAATGCTGGAGGCAGGGGTTCACTTTGGCCACCAAGCCCGCCGCTGGAACCCCCGGATGGCACCCTACATCTTCACGGTTCGCAATGGGGTGCACATCATTGACCTCGTGCAAACCGCCCAACTGGTGGATGAAGCCTACAACTACATCCGCAACGCCGCTGAAAAAGGCAAACGCTTTTTGTTTATTGGTACTAAGCGCCAAGCCGCCGGCATTGTCGAACAGGAAGCGCTCCGCTGCGGCAGTTACTACGTCAACCAGCGCTGGCTGGGGGGGATGCTCACCAACTGGAATACCATCAAAACCCGTGTCGATCGCCTCAAAGAATTAGAAAGCATGGAGGAAAATGGCCTCATTGATCTGCGGCCAAAACAGGAGGCCTCAGCCCTGCGGCGAGAACTGGCACGGCTGCAAAAATACCTTGGCGGGATTAAACAAATGCGGCGGCTGCCCGATGTCGCGATTATTGTTGATGTCAAGCGCGAGTACAACGCCGTTGCCGAGTGTCACAAATTGGGGATTCCGATCGTGGCGCTGCTGGATACCAACTGTGACCCCAACCAAGTGGATATTCCCATTCCCGCTAACGATGATGCCATCCGTTCGATTAAGCTGATTGTGGGTAAACTAGCCGA
NZ_CP096573.1_gap22	1111356	1112950	1594	CTTTCCGCCAAGGCCACGGCCAAGCCCCCCTCGCTGAGATCGTGGGCACTGGCAACCCACCCCTGCTGAATGCCATAGCGACACACCGCCTGCACTCGCTGCTCTAGGTCTAAATCAATCTGAGGTGGACGCCCCGCCACAAGGCCATGGATCTGGGCAAGGTATTCCGACCCACCGAGGCTCAGGCGCGGATCACTCAAGGGCGTGGTCAGAGGCAACCCCAATAGGTAAATGGCATCTCCGGGCGATCGCCAGCCCTGACCGACAACCCGCTGCAAATCGGGAATCAACCCCACCATCCCCACCACGGGGGTCGGATAAATCGGCTGTGGTTGGCCGTTGCTATCAATCGTTTCGTTGTAGAGGGAGACATTGCCCCCGGTGACCGGCGTTTGTAGGGCACGACAAGCCTCGGCCAGACCCCGACAGGCATGGGTCAACTGCCAGTAACCCACGGGCGTTTCGGGACTGCCAAAGTTAAGGTTATCGGTAACGGCCAGAGGTTCTGCTCCAACACAACTCAGATTACGAGCCGCTTCGGCCACGGCTGCTTTGCCGCCTTCGTAGGGATCCAGATACACATAGCGGCTGGGACAATCCACGGTTGCTGCAATCCCTTTTGGGGTACCCCGCAGGCGAATCACCGCTGCATCAGCATCACCGGGGAAGACGAGGGTGTTGTTTTGCACCTCGTGATCGTACTGACGATAGACCCATGCTTTAGAGGCAATACTGGGGGTGGCGAGAAGAGTGAGCAAAATCTCCGCGGGCGATCGCGCCGGTAACGCCAATTGATCCACCGACCATTGCCGCGCCTGTTGGACATAGACAGGTGGCTCACTGGGACACTGCCGCTCATAGACAGGGGTATCTTCCGCTAGGGCACGGGCAGGCACCTCTGCGGCCACCTCGCCCCGGTAAAGCACCCGCACCAGCGGTTCAGCAATGACGCGACCCACAACCACCGCCTGCAAGCCCCAGCGATGGAAAATCTCAATCAGTTCCGCTTCCCGCCCTTGCGCCGCCACAAAGAGCATCCGTTCTTGGGATTCCGAAAGGAGAAACTCGTAGGGCACCATCCCCTGTTCCCGTACGGGCACTTTGTCCAAGTCCAGTTCAATACCAACACCGCCTTTGGCAGCCATTTCCGCAGTCGAGCAGGTCAAGCCCGCTGCCCCCATATCTTGGGCGGCCACCACTGCCCCGGTTTGAAAGGCTTCCAGACAGGCTTCAATGAGGCATTTTTCCATGAAGGGATCCCCCACTTGGACGGCGGGGCGATCGCTCATTGATTCATCAGTGAGTTCGGCACTGGCAAAACTAGCCCCTCCCATGCCATCACGACCCGTTGTAGAGCCCACATACAGCACCGGATTGCCAATGCCACTGGCTGCCGATTTAACAATTTCTAGGGTTTCCATGAGGCCCAAGGCCATGGCATTCACCAAGGGGTTACCGGCATAGCAAGGGTCAAAATAGACCTCGCCCCCCACTGTGGGCACACCGACACAGTTGCCATAGTGGGCAATACCCGCCACGACTCCTTTCACCAATTGTTGGGTTTTGGCTTCCTTGAGATCGCCAAAGCGCAGGG
NZ_CP096573.1_gap23	1123065	1124231	1166	TCTATCGCGGTGTTGCCTACCGTACGGGTCAAACGGAAGCTGTGAATACGACGGCAACTACTGCTGCCAACACAGCCAAGGAAGTGAATATGCCAGCGCTTGATCTCAATCAACTTTCGCGGGTCATTCTCACCCATCACCACCAAGTGATCAAAAACCGCGAACAATCCCTCCTCACGCGAATGATTGCCCAAATGGGATTGCCTGCGGCCGCAGGTCACTATTGGAACCAAATTCAGGGCAAAATTAAGCCCCATGTCTGGACAAGCTACGATCGCAGTCATGCCACGATGAGCTAGCACAGGGGTGTGATTGTCCTCTCTCAAGACTGATTCGTAACGGCACTCGCATGGGAGTTATCTCTGGTGCGAGTTTTTTATTTCAGCCTAGGGCGTCAAGCAATGGCTGCACTTGGCCTAAGTTAGCCATTCAATCTCATTAAGATCAAAATCAAGTCGAGATCGATCTCCGCCAAGTCCTCTGGATCGGCCACCTTCTTCAGGGAGGCAAGGGATTGTTTTGAAGGCTTGCGACTTTGGGGAGTTGGGCGCTTGATATCCGACAGTGTGGCCTTCTCGATGCGCGTCCTTTCTTTGAGGGCATTGGGGTTAATGGATTGCAGAAAAAAGTTCACTGTTTCCTGTTTCACCCAGCCATTGAGGACAGCCAAGGCACCGAAGCGATAGTTCACCTGCCACTGCTCCTTGAGAATTTGTTTTATTTGCTCTTCCGTCAATAAGCCTGCCTTTTTCAGGTAAAAACCAATCGGCCGTTTTTCCTTGTCTTGGATCAGTTTTGGCCACTCTTCTACAAAAAAGTCAATGGTTTCTTGGGGCAACCAACCATGGAGGGCAACAATTTCACCAAAGCGCAAGTTGGTATAAATGCTTTTTTCCATTAAGGCGACTTGGAGTTGGCCTCGTGTAATTAACCCCGCCTTGAGTAGTAATTCACCAATTCTCATGATTGCCCCTACGAGTAGAAAATCATCAACTTTCAACAACAATGGGACATCAATTGGGTAAAGCCCCTTTCACAGGGATCGAACATCCTTGCAGCAGCCAACGCCGCTGTAGGACGGGTCACACATTTTTGTGCTTATTGTGTTTAGGCACAATATGTTATGACATATTTCAGAAAAGGGCTGCCGTTTTTTCAAGGACATA
NZ_CP096573.1_gap24	1131879	1132547	668	TGTGGCAGTGCCGGGGTGTACAACATTCTTCAACCCGATGTGGCGGCGGAATTGGGACGCCAAAAGGTACGCAACCTGCTGAATACTCGCCCTGATGTCATTGTCTCAGCCAATGTGGGCTGCACCGTGCAATTGCGGCAGTATCTCCAAGAGCAGAGTAGCTCCGTGCCCATTTACCACCCGATGCAACTGCTAGACTTGGCGATTCGTGGTGAGCAGCTTCCGTCCTAGGCTATATCCGGGGGGGCACTGAGGATTGCGCGCACTTGAGCTAGTAACCATTCTCGCCCCACTTCCCAGCCTCGTTCGCCATCCGCCTCAAGGATCATCAGGCTATCCACTGGCTCTGCCGCCAACAGTTGAAACAAAAGGGGAATAATTGGCATGGGCACTGGGATCACTTGTTCATCACAGGCCTCTTGAGCCATGGCTTCACTACCATAGGCGTGGATGACGTTTTTTTGCTGGTGGGGGGGGTGCTGTTCCTCAAGGGTAATCACCTGCCACTGACCATCGGGAGTTTGCAGGACGTAGTAAACCGTTTGCCCGTAGCGCTGGGCTTCCTCGTAGAGAATGGGGGCGATCGCCTGTACCGCCGCCACAGTCGCAGGGTCATCGGGGGCGTTGGCAATCAGTTCATCCACTTGGGTCAGTAAATCCACAACGCC
NZ_CP096573.1_gap25	1135732	1139468	3736	CCAAATTGCCATTCAAGAGCGCAAGGAACGCCTCACCAATGCAATTACCACGGCGATTCGCAACTCCCTTAATCCCACAGAAATTCTCACTCGTGCGGTGGCAGAACTAGGGGAAGCCCTCAAAGGCGATCGCTGTCTCATTTACCGTTGCCGCAGTACCGATACGCGGGTGCGCATTGAGCACGAGTACACCAGCGGTGCTCTACCGCCATTGCAGTACCAGTATTGGCCCGTGAGTGAGCACCCCTACACCCAGCAGGCACTGGCACATCAGCAGGTCATTCAGGTGGATGATGTGGCCGCTGATCCCCACTACGAGGCGACCCGTTTCAAACCCCTCGAGGCCGCCGGCGTCAAAGCCCTCCTACTGGCACCTGTTCTCTATCAAGGGCGACTGTTGGGCATTGTTGAACTGCACCGCGGCGAACCGCTGCCGTGGCACGATATGGACGCAGAATTAGTGGAGGCGATCGCCACCCAAGTGGGGGTTGCCCTGATTCAGGCGGAGGCCTACGCAGATCTGGAGGAACTCAACGCGCAACTGGAGGCCTTAGATCGCACCCGCAGTAATCTCATTGCAATTACGGGTCACGAACTGCGCACGCCCCTTTCGACAATCCAAGTCTGCCTTGAAAGCCTAGCCAGTGAACCCGATATGGATCCAGAACTGCGGCAGGTGATGCTGAGTACCGCCTTGGCCGATGCTGAGCGCATGCGGAAACTGATTCAGGACTTCCTCACCCTCTCGCAGTTGGAAAGTGGCCGGGTGCAGTGGCGACCGGAACCCCTCCCCCTCCAAGAACTGGTGGACCTAGCCCTCAGTAGTCTGCGCACCCCCAAGGATCAACTACCGACCATTCGCACAGTCTTGCCCAAGGAATTGCCCTTGATCCGAGCAGATGGCGAATGGCTAGTGGAGGTGCTCTCGAAGCTACTCGATAATGCCTGCAAGTTTACGGAACAGTCGGGTCAGGTTTCCATTGCTGCCAAGCCTCGTCCCGATGGTCTATTGGAAGTGACGGTTGCCGATACGGGGCGCGGTATTGAGCCGGATCGCTTGGAAACGATTTTTGATCGCTTTTATCAGGAGGAGGGAGCACTGCGGCGCTCTGCGGGTGGGACGGGCTTGGGTCTCGCGATCTGTCGCCAGATCATTACCAATTTGGGGGGACAAATTTGGGCGGAGTCGGCGGGGCGCGATCGCGGCAGTGAGTTTCACTTTACGATTCCCATTGCTGAGCCTTTTTCTGGATAGGGGCTGCCAAGCCTCCTAAGATAGACAACAACGAGTGGGCAGCCAACCATGAGCCAATCCTTTGCCGATACCGCCATTGACATTTTGATTGACTTGGCCGAGCGGGGGGAAATTGACCCTTGGGATATTCAAGTGATTGAGGTCTTCGATCGCTGTTTGGCGGAGTTGACACGGCGGGGGGAACCCAATCTCAGTGAATCAGGGCAGGCCTTTTTGTATGCAGCGATGCTGGTGCTCCTGAAGAGCGATCGCCTAGTTGCAGTTGCTGAACCGATGCCCGAGGAAACAGAATTCGCAGAGCCGCCAGAGATCAGTGAAAACCAGTCCTTTGTGGTCTTGCCCCATGCCCTAGAGCAGCATTTGCATCGTCGCCCCGTGGCTCCCCCCCAACAACGGCGCCGCGTCACCCTTGAGGAATTGATTGCCCACCTGAAAACCATGGCCGTTCAGAACGACCGTGCAAAGGTGCTGCGGCCGCATCAACCGCGGCGGCGTCGCCGTCCCACAACCCTCAAGGCAATTACCCAACTGGCGCACCAAGAAAACCTCACGGAGATGGCTAACGAAGTAGAAAGTCTCCTCGGAGAAATGGCTCCCGAAGGGACATGGCTAGACTTCCAAGTGCTACTGCAGCGCAAACCCGATCCTGTGGGGGTCTTTTGGGCGCTGCTATTCCTCGCTGCCCAGTCTAAGGTGGATCTCCAACAAACCAATTTCTATCAACCCCTACAGGTACGGACGTGTTTAGCTGAAGCGATACGCCTAGAGGCCTAACCTCCCTCTGGCAGAAACGAAAAGCCCAAGGGCTTTACCCGCAGGAGTGCCTCACTCAGGGCAGTGTGGAGATACCCATTCGTCGCTAAAATCCGCCCTGATGTCAGTTGAAAAGGGGATTGATCGTAGGCAGTGACGACGCCCCCAGCTTCACGAACAAGGACTACACCAGCAGCCAAGTCCCAAGGGGAGAGACCCCGTTCCCAATAACCATCAAGGCGACCACAGGCAATGTAGGCCAAGTCAATGGCTGCCGCCCCACCCCGCCGTACCCCTTGGCTGAGATGGGTGAGGTAGCAAAATTCTGCATAGTTGTTGTCTTCGGTTTCACGGCGATCGTAGGCAAAACCCGTGACCAAAAGACTATGACTCAATTCTGCAGTGGTGGAAACCCGAATGGGCTGGCGATCGCGGGTGGCACCGAGGCCTGTAGCAGCCCGAAACAGTTCGCGATGAAAGGGATCATAGACGACACCAACGTGGGGTTCCCCCGCCACCAGAAGGGCAACAGACACCGCACTAAAGGGGTATTGATGGGCATAGTTGGTGGTGCCATCCAGAGGATCAATCGCCCACAGAAATGGATTATCCTTCAGTCCCGAAAGACCCGATTCCTCCGCGAGCACCGCATGGTCTGGACAATGGCGATGAATTACATCCAGTACCGCCGCTTCTGATTGGCGATCGGCCACCGTGACGAGGTCACCAGAGCGCCCCTTTTCCTCAATCTCACTCAGTTTGCCCCAATAGTGCTGAAGAACCGCGCCGCCAGCCAGGGCCGCCTCTGTGGCAATTTCCAGATAGCGCTGCCGCTCATTCTCCGGCAGTGGGCACTCCACTCCTGTCATGGCTGATTAATCCTCATCGAGGGGCAGACCCAACTGGACTCGCCCTTTACCAAAGTAGCGGCCAAACTGCAGCTCATAGACCTCATCCTCATCTTGGGTTTCCACCTCAAGGTCAGAGCGGGCATAGCTGACACACAATAGGGCATAGCCTTGGGCTTGCAGGGCGGGGGAGAGTCCCATGGCTTCGGGTTGATAAACATGGCCAGAGAGAATGCGCACGGCACAGGTGGTACAGGCACCGTTACGACAGGAAAAGGGCAACTCAAGGCCTTGGCTCTCAGCGTATTGCAGGATATAGCGATCGCTCGGAACAGTAATTGTGTACGTCCGCGTGGGTAGATCCCCCGGCTTGAGGGGACGCACGTGAATGGTCACTGTGTAGGTTTGTGGCGTGCTCATGGTCTCGCTATCTTACCGTGAAAAGGGCTGTCAAAGACCTTGCTTCGTCCCTTAGCTACAATACCGCAATCCCAACCTGCTAATGACAATGCTAGGGTAGGAGCGGTTCTATGACCCACATTCGTAGGGAGACCTAAAGTTATGAGTACCTTAGTGGTCATTGCGTTTGATGATGAGTACAAGGCGAACGAAGTATTAATCCAGCTATTGAAACTCCAGCGTGAGCATCTCATTGACCTTGAGGACGCGGCTGTTGTCGTGCGCACCAAAGATGGCAAGGTTAAAATCAACCAGACTCAGGATTTGACCCTCCAGGGGGCCCTTGGCGGTGGCTTTTGGGGGCTGCTCATTGGTCTATTGTTCTTCAATCCCCTCTTGGGCTGGGCTGCGGGTCTTGTGGCGGGGGCGATTTCCGGCAAATTTACCGATATTGGCATTGACGATAATTTCATCAAGGAAT
NZ_CP096573.1_gap26	1250140	1254942	4802	AGAGGAACTGCCGGATCGGGTTCCTGCGGGATTGCAAGCCTATACCCTAGGGGCAACATTTGGCCTTGTGGCAGCACCCTGTAGTACGCCGGTCTTGGCAACGCTGCTGGCATGGGTGGCCACAACCCAAAAGCTAGTGGTGGGGGCTGGCCTGCTGTTGGCGTATACAACAGGGTATGTCGCGCCGCTGATTTTAGTCGGAGTATTTAGCGGTGCCTTGCAAAAGCTCTTGGCACTGCGGCAGTGGTCGAGTTGGATTACCCCTGTGAGCGGTGTGCTCCTCATTGCTTTTGGCGTCATTGCTTTAGCCATTCGTCTTTAGTGCTCAAGTCAAAGGGGCAGTGGTTAGCCGATGGCGGCAGCCATGCAAGCACCTCTGGACAAAAATATCCTCTCAGCTTGGCAATTTTCTCAAACCCAGTCTCCACAACGCTTTGAGCAATTTCTAACAGATTTGGAGGTGCTTGAATTTTCCCGAAATTCAGTTCCAGAGTGACTTTCACATCCTGTGACCCTGCGGATCTAAAAAATTTACAAAAACAAAAAAATGATCCTCTCTAGGTGCTTGAAAATGACCTGTGCTATAGTAGTCGTAGAGCACCTTCTAGGAAGGCGCAGTGCTGGGATTCTTTCCCAGCCGAACAAATGGAAAGTATTAGTATTATAAAAGAAAGTTATGGTTATTATAAGTGCTGGGATTCTTTCCCAGCCGAACAAATGGAAAGTTAATCTTGACAAGCTCGTTTTTAAGAGGGATTCTTTGTGCTGGGATTCTTTCCCAGCCGAACAAATGGAAAGTATTCAAATAGCTAATAGCCTCAGGCGTAACTTGAGTGCTGGGATTCTTTCCCAGCCGAACAAATGGAAAGTCTGGCAAATAGTACAGTTGGTTCCACTGCAAATCTAGTGCTGGGATTCTTTCCCAGCCGAACAAATGGAAAGGTTTTCGCTGAGCTTGATATAGTAAATGTCCATAATGTGCTGGGATTCTTTCCCAGCCGAACAAATGGAAAGGTGCGTGAAACGGTGGCCAAAAATAACCCCCTATTGGCGGGTGCTGGGATTCTTTCCCAGCCGAACAAATGGAAAGTAACCGCTGCAAAGTTGCTTGATCAGCGTATTCCAAGTGCTGGGATTCTTTCCCAGCCGAACAAATGGAAAGCCAAAGTGAAAATCTTATCCTGCTGCTCAAGAGCAGTGCTGGGATTCTTTCCCAGCCGAACAAATGGAAAGAGCATTAGCTGCCTTAGATGGCGATAATTCTTTAGGTGCTGGGATTCTTTCCCAGCCGAACAAATGGAAAATCGCCTTTTGGGCGAATTTCGGTTGTGCGTACGCTGAATGCGTGCTGGGATTCTTTCCCAGCCGAACAAATGGAAAATTCAAACGTTAGCTGCTTGAATTTGTCTGGCAAATAGTGTGCTGGGATTCTTTCCCAGCCGAACAAATGGAAAATACCCTTCCAATTCAAAAGGTTTTGAAACCCATGGTGCTGGGATTCTTTCCCAGCCGAACAAATGGAAACGTGAGGGTTGTATTCTTTCATCTAAAGTGAGAAGTGCTGGGATTCTTTCCCAGCCGAACAAATGGAAACGCTCGAAGTCCAGAGCTTGTTGAGGCTCTTAAAGAGTGCTGGGATTCTTTCCCAGCCGAACAAATGGAAACTTGTGCTCTTTTTGGTATACGTATTTGGCACCGCAGGTGCTGGGATTCTTTCCCAGCCGAACAAATGGAAACTTAGATAACAAGTATAAAATATTCGCCTTTTTTGCTAGTGCTGGGATTCTTTCCCAGCCGAACAAATGGAAACGGGTGAACTTCAATAGGTTGAGGTTCTTTTAAGTAAGGTGCTGGGATTCTTTCCCAGCCGAACAAATGGAAACCATGAGTTGGATTACAATACAACATTACATCCCCTTTGTGCTGGGATTCTTTCCCAGCCGAACAAATGGAAACAAGCTTTTTGCCCGTAGGCGGGTTGCAAACTTGTTGTGCTGGGATTCTTTCCCAGCCGAACAAATGGAAACTTTTTTGTTATGGTTTTCTAAAAAATCTATTACCGTGCTGGGATTCTTTCCCAGCCGAACAAATGGAAACCTCAGGACGTGAGTGTAGAAAATTAATCTACACTCTTGTGCTGGGATTCTTTCCCAGCCGAACAAATGGAAAGGTTAAATTTAGAATTCCAATGGGAATACCTTCCTCGTGCTGGGATTCTTTCCCAGCCGAACAAATGGAAACGCTCGAAGTCCAGAGCTTGTTGAGGCTCTTAAAGAGTGCTGGGATTCTTTCCCAGCCGAACAAATGGAAACTTGTGCTCTTTTTGGTATACGTATTTGGCACCGCAGGTGCTGGGATTCTTTCCCAGCCGAACAAATGGAAACTTAGATAACAAGTATAAAATATTCGCCTTTTTTGCTAGTGCTGGGATTCTTTCCCAGCCGAACAAATGGAAACGGGTGAACTTCAATAGGTTGAGGTTCTTTTAAGTAAGGTGCTGGGATTCTTTCCCAGCCGAACAAATGGAAACCATGAGTTGGATTACAATACAACATTACATCCCCTTTGTGCTGGGATTCTTTCCCAGCCGAACAAATGGAAACAAGCTTTTTGCCCGTAGGCGGGTTGCAAACTTGTTGTGCTGGGATTCTTTCCCAGCCGAACAAATGGAAACTTTTTTGTTATGGTTTTCTAAAAAATCTATTACCGTGCTGGGATTCTTTCCCAGCCGAACAAATGGAAACCTCAGGACGTGAGTGTAGAAAATTAATCTACACTCTTGTGCTGGGATTCTTTCCCAGCCGAACAAATGGAAAGGTTAAATTTAGAATTCCAATGGGAATACCTTCCTCGTGCTGGGATTCTTTCCCAGCCGAACAAATGGAAAGCGAAACTCCCGGTATTGGGGAACCACCTCGAGAACAGTGCTGGGATTCTTTCCCAGCCGAACAAATGGAAAGGTCGATCGCTACAAGAATCTGCAACACGAGGTTGGCGTGCTGGGATTCTTTCCCAGCCGAACAAATGGAAACCGCTTCAGGGGCAACCGCTTCAGGGGCAGCAGGTGCTGGGATTCTTTCCCAGCCGAACAAATGGAAACGCCTAGTTAGTTAATTAATTAATTAAAACTAGTTAGTGCTGGGATTCTTTCCCAGCCGAACAAATAGAAATCGAGTTTATTTTTTTGGAGAAACATTATGGGAATATTCTCAGAAGTCCTTCAACGGGCTACTGCATCACCACCTATTACTTTTGGAGTTGGATATGGATGATTTATTTGCCAGAGAAGTCCTTCAACGGGCTACTGCATCACCACCTATTACCCTGAAAACGCTTGCCACAGAAGTTGTTGTCCCACTCTACAGTCGCTACAGTGGAGCAAATTTGGCATCCTATTCTAGGCTTGACGAGCGTTTTGTTCAAAAAATGACTTTTATTCCTTTAGGGTTCTTTCTACCAAGCTCTTCCAAAATTCTTTACGCGATTTTGAAAGACGGCAAGTTGCCGTCTGACTGGGCACCGTCCATTCAATTCAGCCGGGACGGAACCTTGATTGACAAAACAGGCTGGAGTGATATTGCCAATATGACCTCATCGGCATTTCGGAAGCTTCCTAGGGGATTACAAGGAAAGATCATCAGTTTATTGCAACTCCAAGCTGACAAGCACGTACTCCTAAATTATTCGGAGTCATGGCAGTCTTTGCTGTGGCTTCCAGCAGAGTATCAACGCTTAGACGTTGTGGATACTGCTGCAGATTAAGGTGCTGGGGTTCTTTCCCAGCCAAACAAATGGAAACACGGATGCAGTTTAACGTCATGCTCAGGACAAGAGTGCTGGGATTCTTTCCCAGCCGAACAAATGGAAACATCAAAGAGTTGAGACTGGGGCAGTTGTTTCAAGTGTGCTGGGATTCTTTCCCAGCCGAACTAATGGAAACGGTTGGCCATAAGAGCTAATGCATCTTGTCTAGGAAACCCTCAGTCGAGCTCGGAGAAACACCGCAAGGCCGGATTAAGACAATGGGTGTTTGCTCATCGGCATTACCGGCGGGGTTTTTCTTCAGAGCAGTCGTGAGGAAGTGAGGGGAGACTCCTTGGCTAGCGGCAAGCACCTTGACTGCCCCTAGGTCGTTAACATCCACAATGGCGATGCCCAAACCCGTTTTTGCTGCCAGATCCTCCACGACGGCTTGGGGGTTAACAGGTCCCATAACAATAAATTGATCGTAGGGGGGCAGAGTACCTGTCACATCGTCAATGAGGCGAGCTTGTTCGCCGGCCAATTGATAAAATCCGCCCTTGTGACCAAAGACTTTGGCGATCGCCCCCCCCAAAAAGGCCAACAGCACCCGTAGCGCTCCCACTTCCTCGACCAAGGCTTGCATGCCACAGGCCGTTGCCAAACTGGAAGTCGGCAAGAAGAACTGGCACACCCGCGTTGCTACCCAGCCGGGGCGCAGTTGGGCAGGATCTTTGAGGCGGCCTTGAATAATGGCAATGGGGGTTTCACCAATTGCGACAATATCACCTGCTTGGGCATGGGGCATGACGTAGCGATTGAGTACCTCTAGGGGAATATCCAACGGCGTCAGTAAATGGGTGCGAATGGGGAGTACCTGACATCCCTCCGCCTGTCGCCACACACCTGTATTTCCCGTGGCCGGAAACTTGAGGGGGATAAATTCATGATGGGTTTTCAGGAAGCGACCATGGGGGCCATAGGCAATGTAGTGAATCTTGACCCAAGCAGCCTTGACCTCGCTCACGCCAATTCCCTGCAAATCCACACAAATCTCGACA
NZ_CP096573.1_gap27	1260180	1262985	2805	GCCTTCAAGGTTGCTGTTTTGCCGCCAGTGTTGGGGCCAGTGATTGTCACCACCTTGGTGGGGGGGTGCAATTCAATGTCAATGGGAACCACGGTCTGTCCTTGCTCATGGTGCTCCTGCCACACCAACAGGGGATGGCGCAAGGCCTTCAGGTGCAGTCGCGTGTCACTGACAAACTGGGGTGGGTTGCCTTGCAACCAGAGACTATAGTGGGCACGGGCCACCGCCATATCGAGGGTGGTCAGCACATCGAGCAGATACCACAAATCATCACTAATCGTGGCCAACTGATCCGAGAGGGCTTGGCAAATGGCGCGTTCGGCCTCAGCCTCCTGATGGGTAAGTTGTTGCAGGCGGTTTTGCAGGTCAATGGTTTCCCGTGGCTCAATGTAGAGCGTGGCACCACTGGCGGAGAGATCGTGGACAATCCCCGGCATCTGGTCTTTGTGGGTGGCTTTGACTGCCAACACATAGCGATCGCGCCGTTGGGTGACCACTGCCTCTTGAATAGCACTGGCTCGCTGCTGCAGAATCTGCTGCAGTTGCTGCTGGATCTGGGTACGGCACTGCCGTTGCTGCTGGCGAATCTCAGCCAATTCTGGACTGGCGCGATCGCTCACTTGCCCCTGATCGGTAATACAGCGGTAAATCTCCTGAGTCACCTCAGGATAGGTACGGACACCGGCCACTAGTTGTTGGAGTTCATTGAGTTGCGCGTGTTCCTCAATTTGACGCCGCTGTTGCCGCGCCGCACTCAACAGGTGGGCGATCGCCAGTAGCTCCATTCCCTGCAAACAGCCCCCATGATCCAACCGGCGAAGGGCAGGTTCAATATCCGTGACTTGGCTAAAATCTAAGCGCACTTGGTGCACCGTTTCTAGGGTAATCACCTCAGTGGTTTGAGCCAACAGCACTTGACTGGCTGCTTGGGTGCCCCCTAGAATCTCTCCCCCCTGCAGCTGGCGCATCCCCCGTTTGGTAGCAGCAAACGTTGCCAACTGATAACAGAGACGCGGCCACTCCAGCCGCCCTAGGGATTTGTCTAGTGCACTAACTTGTGATGTGAGAACAACCAATGTTCGCTATCTGCTGAAAACACTACTTTCACTGACTGTAGCACTGCTCACCAATCCGTGCAGCGGTTCTAGAGGACCATCCCCGACGACATCTCCGCATCCACGGCATCCTGCAGTTTCAGCAGGGTACTGGTGAGGGCTTCAGGATTGAAGTAGGTCCATTCGATGGCTTGGGCGATCGTTTGCAATCGCTCGGTAATACTCGTGAGATCTCCAAACAGATTTTCGCGCGGCAAGCCCGCAAAGAGTGCCATCGCGCCTTGGTTGACCGCCCACTTGCACTCCGATTCATGGACACGGGTGCGCAGGCCACTGAGGAGAATGACATTCATTTCTGGATAGCGCTGGCGATACTGGCGACAAAAATCGTAGGGATTGGTTTTTGGCATTCCCAAATCGAGGAGCAAGAGGCTGACTTTGCAGTTGAGGGACTCCACATGGGCAATAATTTTTTCTAACTCAAAGTGGGATGTTGCCCAAATCGTCGAAATCCCTTGGGAGTTCAATAATTCCCGCCACATTTCCCCTTGGGTACGCGAAGAGTGGGTCATCAAGACCGTGACTTGGCTATTACTCCCATGGGAATGATTGGTGTAGGGGTGAGGACTCGGCGCATCCCGTAGGTCAATGTACTCTAGTTCTGACTCACCAATGGAAATGCGATCGCCGTGTCTGAGGAGATGGGGCGCGTGGATACGGTTATTACCGATAAATGTCCCGTTCATGCTCTTGAGGTCAGTCAGCCGATAGCGATGATCCGCCTGCCGCTCAATACAAAGATGGTGCCGCGAACACCAGCGATCGGGTAGGACAATATCACAATCTTTACTTCGACCAATTTGCCAAACGGGTAACTGATCCAACACAATTGAACGTTGCATGTAAATGGAGTGCAATAACAACCGGGGTGTGGGTGCCGCTAGAATCAGCTCACTGGGACGCATGAACCCCCACTGCTGTTCACCAGAACGGCTGGGTGCTTGTAGGTGTGGAACGTAGGTATCGGGGCGATTGGCTGAGGCGTCCATAGCAGCAGCTAAAAAACACTCAAATCATCAAACTTATTTTTATGCTGCCTATCCTAGCGTTGATGAGCAGCAAGGGACTACCTCCATCTTAGATGTCAATAGAATGGCAGTAGCACCCTCTAGGTTGCTAAAACGTACTCGTTATGAGTATGATAAATAGACAGGACAGTTCGATAACTGTCAAAGGAGACCACTATGAGTGCAACAACAACGCTGAAAGAGCAAGTGCTGACCACGCTGAAACGGGAACAGGCCAATGCGGTTGTCCTGTATCTGAACTATAAAAAGTACCACTGGCTAACCTATGGCCCCTTGTTTCGGGAGTTGCACCTGCTGTTTGAAGAACAGGGAACAGAAGTCTTTGCCATGATTGATGAACTGGCTGAGCGTAGCTTGATGCTTGATGGCCAGCCAGTGGCAGACCCCGCAGACTATCTCAAAGTGGCAACGGTAACCCCCTCAAGCGGCCAACTCACGGTCAAGCAAATGATTGAGGAGGCGATCGCTAACCATGAGCTGATCATTACCGAGATGCACCAAGATGCAGAAGTGGCCACTGAGGCGGGCGACATTGGTACGGCTGACCTCTACACCCGTTTGGTGCAAACCCACCAAAAACATCGCTGGTTCCTCAAGGAGTTTTTAGCCAAAGGCGATGGCTTGGTCAGTTAGTTGCGAATCGGGCCGTTGTAGTCAATGGT
NZ_CP096573.1_gap28	1265203	1267369	2166	GCATTGAGGGAAATCCACACCTCATGGCCGTCGCGATGTTGAAAGCGATATTCGGTGTGGGCACAGCCTTCTTGGAGTAATTTCTCGCGAAAGGGACGATGATAGGCTTCCCAGTCCTCGGAAGGAACCCGCGATCGCCAAAGATTCGGGTCTTCTTGAAAGTCAAGGGGGCTGTAGCCGAGAATGCGCAGGTGCCCTTGGGAGAGATACTCATAGCGCCAAGAGCCATCAGGAAAGAGCCGTATTTCACTGACAAAGGCATCGGCGCGATCCAACAGTTGATTGAGCTTTTCTTGGGCGGCCTGGAGTTCCCCATTGACGTTGTGCAAATCGAGGGTGCGGGCAATCACCTGCGCCTCAAGTTCCGTTTGCTGGGCTGCAAGTTGCTGGGTCAGCTGCCGTTGTCGCGTGACATCCACTGCCGTCAGTAAAATGAACTGTTGGTTGCCGTTGGGCAGTTGCAGGGGCAGGGAAACCATCTGCCAAATACGCTCTTGGTTGGCGCGAGTGCGGATGCACACATCCCCATGCTCAACCCGTGCCTGCGTTATAAGGCAGCGTTGGAATTCTGTGGCCGCCCACTGGCGTTGCGCTGCTTCAGGAAACGCAATTGCCAACCACCCCTCCCATGTGGGGGTTTCCTCTGGGCTGCTGCCGGTTTGCTCTTGCCATGCCCGATTCATCAACCACAGTTGACCATCCGCCGCCACCAACGCCATCGGCAGCGGTGATAAAAGCAGGCTGTTGCGGAACACCTCGTCCATTTCAGTGTAGGCGCGCCAAAATGACTGCCGCTCCTGCTCTACTTGGTTCAGATGCTGAGCCTCCGTAACCAAAAGAGTGACCAAAAAAGCGATGATACTGATGATCTGCACCTCTTGGGCTAAGCGCTCCGAAAGCCATAGGCGATCGTGGTGTACCCATTGAATTACCCAACCAATGAGGAGGGGGCCAAGGATGCTCCAAGGCAACAATCGCCGCAAGAGTAGGCCACCTATCCTTTGTGAACTGAAGTAACGCATCACCCCTAGGGAGGGATGCCATTGCATAAGGCAGAGGTTCAACAGCCCAAGAAGAACGCAGGCGAGGATTTGGCCAAGGGCAGAGGCACTAAGAGACAGCGGCAATTGGTACAGACCGGCCAATACCTCAAGGAACAGCAGACAGGCACTTGTGATTGCCCCTCCTTGACCGAAAATCACTTGCCAACTTCGCTCCCCCCTGACCCCCCACAGGGCCACCCCTAGCCCTATAAAGGCCACAGGCCGTAGCAAACTGGTGTAGGCCGGCAAAGACAGCGCTTGCCACGGAGCAGTGATTTCCTGAGCATTGAAAACTGCTACGGCAATTGCCACCCCCATGAGAACAAGCACTAGGCCACAGAGCTGGGGGAGGCATGCTAATTCTCGATCTCTGCCCCTAGATCCCATGAGGGTGATGGCCAATGCGGTTAACCCAAGGGCGATGGCAGCAAAAACATCAATACCGACCAAGAGAGGCGAGTGGGAAGTGATGGCAGCGAGAACCCACTCTATAAAAACAGCTGTTGCTACCCCTAGACTCAACAGAGCAACCACTCGTAAGAATTGGGGATTGGTCATAGGCAGGGGTAAAACTGGCTAGGGACATCGTACCCCGCAGGGCAGTAGCTTTTTTAGTCTAGCTCCTCAATCTTGGGGTTGAGGCCAAGGGGTATGTAAACTAGTGTTGTAGGACAACTCTTTAGGCGTCCTGCAGGAGGGGGTATGCAAACAACTCACCACTACACTCAGGAGTATATCAATCACCTCACCCCCCAGGAGGTGGCTGCCTTGGCACGACGGCTTGAGGAGGATGATTACGATACACCCTTTGCTGCCCTTGAAGACTGGCATCTGCTGCGCTCCATTGCCTTTCAGCGGCCAGAGCTGGTAGAGCCTTATTTGTATCTTCTGGATTTAGAAGCCTTTGACGAGTCCTAGGGCAGTTCCCCATTTATTAGTGGGGGTGGGGGGTGGCATTGCTGCCTATAAAATCTGTGATGTGATCTCCACGCAAGTAAAGGCGGGGTGGCAAGTGTCTGCCATCCTTTCAGAGACCGCCTCGCAGTTCGTTACGCCGTTGACCCTTTCGACCCTGTGCCGGCAATCGGTACTCACAGATGCGGATTTTTGGCATCCCCAAGCG
NZ_CP096573.1_gap29	1273146	1276954	3808	ATTAATATCCGCCACCTTTTGCGGATCAATGGCAATGCTCATAAACGTTACTTTTTGGTTCGGGCGGCCACTGATGCGAAATAGACCCTCGCCCATATCAGCATAGAAGGTGGTGCCTGCGGGTTGGGCTGGCTGAGCGACCATTGCGGGCACTTGGGGGGCGATCGCGTAGGTGTGCGCCCCAACGCTGAGGGCAAGAAGGGTTGCTGCAATAATGCTGTTGCTCACGGGAAGTTCCTAAGTTCCTATAAGTTCATGCTTATCCTGACGCTCAAAAAGTGTGAATGGCACCCAAACAGCCGCATCCTGCAATAAGACTTCATATTGTTCAGCTCGGATCGGTTCGCTCGATTTATAGCCGTTCAAGGGGTGTCAGCCGGGGATCCACCACCTTTTGCCCGCGACGTGGGAAACGAATCGCCAAGGAGAGCTTCGGGCCAGTGTTAAAGACATGGGTAATTTCCCCTTCGCCATAGACAGGATGGAGAATGCGATCGCCCACCCGCCAAGGAGAGGCAGCAGCCTTGCTCAACCGTGCGGGGGATAGCTTCGTGACAGCAGCCATTTTGGGTCGTCGTTGAACATTCCCTGTCAGCACTTCTGGGGGTAGCTCTGTCAAAAATTGCGAAGGAATCGTATCTTCACTGCCACCGTAGCGGCGACGGCTTTGGGCAAAGGTGAGAAAGAGTTGTTCTTGGGCACGGGTGATGCCGACATAGCAAAGGCGGCGTTCTTCTTCAAGGGCCATGGGGTCGTTGAGACTGCGGAAGTTGGGAAAGAGTCCCTGCTCCATGCCCACCAAAAAGACAACGGGAAATTCTAGCCCCTTAGCGGCATGCAAGGTCATCAGGGAAACAACGCCCTCTCCCTCCTGCAAGGTATCCAAATCCGAGGCAAGGGCAGAACTGTTGAGAAAATCGCTGAGGCTTGCCCCCTCGTTTTCTTCGCTAAATTGCTGGGCAGCGTTAACCAATTCCATTAGGTTTTGCAGTCGCTCTAGGCTTTCGTCAGTGCCTTCGTTTTCGAGTTCGCGGCGGTAGCCTGTCTCTTCAATCACGGTTTTCACTAGTTCAGGCAGTTCAATGTCGTCCACTAGCGATCGCAGGCGGGTCATGAGGGTCACAAACTGCTGCACGGCACGACTGGCTCGCCCGGCCAAGGGCGTCATGGATTCGGTATCGGCAATTAAATCCCACAGGGAAATGCTAAGGGTTTGCGCGGCGTCACTGAGGCGATCCAAACTGGTTTTGCCAATGCCGCGTCGTGGCACGTTGATAATTCGCCGCAGACTCACGGTGTCTTGGGGGTTTTGCAGCAGCCGCAAATAAGCGAGAACATCCTTGACTTCCTTGCGCTCATAGAATTTGAGACCACCAACCACAGTGTAGGGAATGTTGGCACGCACTAAGGCCTCCTCAAAGGGGCGCGATTGGGCATTGGTGCGGTAGAGAATGGCAAACCGTCCCCATTGGGGTTCGAGGGATTGACTGCCCAAAGCTTTGATGGTTCGGGCAACAAAAGAGGCTTCATCGGTTTCAGTGTGGCAACACTCGCAGTGAATGGGAGCGCCTTCTCCTTTGGTGGGACGCAGCACTTTATCAATGCGTTCGTTGTTGTGCTCAATGAGATGATTGGCGGCCTGCAAAATGTTGGCTGTGGAGCGATAGTTTTCTTCCAACTTAATCATTGTGCGGCTGTGGTTATCGGGCAGGCGATCGCCAAAATCCTGTTGGAAATTCATCAGGATAGTGAAATCAGCGCAGCGAAAGGAATAAATGGACTGATCCACATCGCCGACGACAAAAATCGAGCGATCGCCCCAATTCTGAAACTGTTGCGGTGGCGTACCATTGGTGGCCAGTAGCCGAATGAGATTGTATTGGGTGCGGTTGGTGTCTTGGTACTCATCCACCAGAATATGTTGGAATTGCTGATGCCAATACTCAAGGCGCTCAGGGTGCTGTTGTAGCAGCTGCACCGTTCGCAAAATCAAATCATCAAAGTCAAGGGCGTTATTCTGGGCAAGGGTTGCCTCATAGCGACGATAAACTTCTGCGGCCACCCGGCCAGCGGGCGATCGCTGTTCCTGCTCCAATTGATCGGGGCTTAGCCCTCGGTTTTTGGCATGGCTAATTTTGTAGCGGATACCGCGCGGATCATGCTTGCGCTCATCGAGATTGAGTTCCGCAGTGGCAATTTCCTTAATCAGGCTTTGCACATCTGACTCATCAAAAATGGTGAAATGCCGCGTCCAGCGATACCCTTGGGGATGTTGATAGGCCTCTATTTCCAAGCGCAGGAGTCGGGCACACAGGCTGTGGAACGTGCCAATCCAAAGGGACTTCGTGTAGGTTTGATAGACTCGCGATCGCACCCGCTGTTGTTCGAGGGGAGAGAGATCCAGCCAGTCTCGCCTGTAGAGTTGCTGAGCCACCTCTTGACCAAAGAGAGCTTCAAGCCGCTCCTTCATTTCGCGGGCGGCCTTATTGGTAAACGTCACCGCCAAGATATTTTCTGGTGCCACCTGATGCTGGCGAATCAAATGGGCAATGCGATAGGTGAGCGTGCGAGTTTTCCCGGAACCGGCGCCTGCCACCACCAACATCGGGCCACAATAGTGCTCCACCGCCCGCCGTTGTGATGGATTCAGTCCTGCCAGAAAATCCCTACTCATTTGCTGCTACGCCCATTCGCCTAAAGTTTTATGATACCTGTTATGACCAGCCAACGGGTTAGCCCCCCATCCGCCAGTACTGCGGGCATCACGGCATCAGACGGCGATGGGTTGACCCTCCTGCCAGCCTTGGGTTTGAGGCGATATCATCCCACAGGGGATCTCGGGCACTGTAGAGGAGTTCGCGCTCCAACAGCGCATTGATGAGCATTGATTGCCAGCACTAAAAGGCCCCGCAAAAACAATCTCAAATGTTGGCGAAACCATCTTGCGCAGGGAAGTTTGAACTGGCCTAATATCATAAGGAGCGCAGCTTGGGTTCCGCATTCAACAGCTCAAGGAGGCGATCGCAATCCGCTTGCAAATTGGGGCAGGTGTTGAGGAGGTCGCTCATAGCAAAGAAGCACAAACTATTGTCAGCAACAGCCTAACATAGCTCTCCTAGCCTCCCCTAGGTGGTGGATGTTAATTTTTTTTGCGATTTTGCTCCCCTCTAAACCCGAGAACCCCTCAGGTTACAATGAGAATCCATCTTACCCATCACACTCTATGGACAGCGTCCACTGGCAGCAGGTTCACCACTACACTGACATCCTGTACCACAAAACGACGGGCATTGCCAAAATTACGATTAACCGTCCCCACAAGCGCAATGCCTTTCGTCCCCAAACCATTGTCGAAATGAGTCAGGCCTTTGAGGATGCCCGCAACGATCCCACGATTGGCGTTGTCTTGCTCACCGGGGCAGGCCCCCACACCGATGGTAAGTATGCCTTTTGTGCGGGTGGTGACCAAAGTATTCGGGGTGAGGCAGGCTATCTGGATGATCAGGGGGTAGCACGGCTGAATGTGCTGGATCTGCAACGGCAAATTCGCTCCCTGCCAAAGGTGGTGATTGCCCTTGTGGCCGGCTATGCCATTGGCGGTGGCCATGTGCTGCACTTGGTCTGTGACCTCACCATTGCTGCTGAGAATGCCATTTTTGGTCAAACGGGGCCACGGGTGGGTAGTTTTGATGCGGGGTTTGGTGCCAGTTATCTTGCCCGCATTGTCGGCCAGAAAAAAGCGCGCGAAATTTGGTTTCTCTGTCGACAATATACAGCTCAGGAAGCCTTAGCGATGGGTCTAGTCAAT
NZ_CP096573.1_gap30	1280833	1283234	2401	GGCGATCGCCGCATTGGTCAACGTCTGTTCCGCGCTTTGAATTGCGATCGCGAGCAGTTGGCGGCCACCGTCAAAGCGATTCGCGGCGCCCAAAAAGTCCTAGACCAAAACCCCGAAAATAAATACGCTGCCCTTGAAAAGTACGGTCGCGATCTCACCGAAGCAGCCCGCCAAGGCAAACTGGATCCCGTCATTGGCCGCGATGAAGAAATTCGCCGCGTCATTCAAGTGCTCTCCCGCCGCACCAAAAATAATCCCGTGCTCATTGGTGAACCGGGTGTAGGTAAAACCGCCATTGCCGAAGGCCTTGCCCAGCGGATTATCAATGGCGATGTGCCAGAATCCTTGAAAAATCGGCGGTTGATCTCCCTTGATCTGGGGAGTTTAGTAGCGGGTGCCAAGTTTCGCGGTGACTTTGAAGATCGCCTCAAGGCGGTTCTCCATGAAGTGACCCATTCCGACGGTCAAATTGTTCTCTTTATTGATGAATTGCACACCGTGGTTGGTGCCGGTGCCAATCAAAACTCCTCAATGGATGCCAGCAACCTCCTGAAGCCGATGTTGGCGCGGGGCGAACTGCGCTGTATTGGTGCCACCACCCTAGACGAGTACCGCAAGCATATTGAGAAGGATGCCGCCCTTGAGCGTCGCTTCCAGCAGGTGTATATTGGCCAACCCAGCGTTGAGGATACGATCTCAATTTTGCGCGGCCTCAAGGATCGCTACGAAATTCACCACAACGTCAAAATTACTGACTCGGCACTGGTGGCAGCGGCGATGCTTTCGGATCGCTATATTAGCGATCGCTTTTTACCCGACAAGGCCATTGATTTGGTAGATGAAGCGGCGGCCAAACTGAAAATGGAAATCACCACCAAGCCTGCTGAACTGGAAGCCCTTGAGCGGCGACTGCGGCAACTGGAGATGGAAAAACTCTCCCTCAAACAGGAAGAAAGTCTGCCCCTGAGCCAAGCGCCACTCCAAGCCACCCGCGATCGCCTGCAGCGCATCGAAGAGGAAATTGCCCAACTGCAACCGCGACAACAGGCCATGCAAGCCCGCTGGCAAGCCGAAAAAGACCTCCTAGAGCGGATCAACAGCCTCAAAGAAGAGGAAGATCAGGTAAAGCTGCAAATCGAGCAAGCGGAGCGGGACTACAACCTCAACAAAGCTGCTCAACTTAAATATGGTCGCCTCGAGACGCTGCAACGGGAATTGGAAAGCACCGAAGCGCAACTCTTGGAACTTCAGGCCGAAGGCGGCACCTTTTTGCGCGATCAAGTTACGGAAGCTGATATTGCCGAAATCGTCTCCAAGTGGACGGGAATTCCACTGCAAAAACTCATGGCCTCAGAACGGCAAAAACTCCTGCAACTGGAACAAGTCCTCCATCAGCGGGTGATTGGTCAAACTGATGCCGTGGCCGCCGTGGCCGCAGCGATTCGCCGAGCGCGAGCCGGCATGAAAGACCCTGCCCGTCCCATTGGTTCCTTTCTCTTTATGGGACCTACGGGGGTGGGCAAAACAGAACTGGCCCGTGCTCTTGCCGAAGCCCTCTTTGATGATGAAAATGCCCTTGTGCGCATTGATATGTCGGAGTACATGGAAAAACACGCCGTCTCCCGCATGATTGGCGCCCCACCGGGGTATGTGGGCTTTGACAGTGGCGGGCAACTGACGGAAGCGATTCGCCGTCGTCCCTATGCCGTAGTTCTGTTTGATGAGATGGAAAAAGCCCATCCGGAAGTCTTTAATGTGCTCTTGCAGGTGCTCGATGATGGCCGCGTCACTGATTCCCAAGGGCGAACGGTAGACTTCCGCAATACCGTGATCATTATGACCAGCAACTTAGGCAGCGAGCATATTTTAGATTTGGCCGGGGATGACAGTCGCTATGAGGAAATGCGCCAACGGGTACTCCAAAGTGCGCAAAAGTATTTTCGCCCCGAATTTCTCAACCGCATTGATGACTTGATCCTCTTCCATGGCCTAGGGCGGACTGAACTGGCACAGATTGCTCAAATTCAACTGCGACGGGTGGAGAAACTCCTTGCGGATCAAAAAATTCGCCTGCGCCTCACCCCGGCAGCGCTAGATCATTTGGTGGCGGTGGGCTTTGATCCAGTCTATGGGGCACGTCCTCTGAAACGCGCCATTCAACGGGAATTGGAGAACCCCCTCGCCGTGAAGATCCTTGAAGAGGTCTTTGCACCCGGCGATACGATTTTGGTAGATTTGGTCAATGGTGAGTTGACCTTTAGCCCTGCCAACCTCGCAGGTGCAGGCGATCGCGACACCGTCACCGCCTCCTAAGCCTTCAGTAACCGACTCGACAGGAAAGAAGCGTGAAAGTTATTACCATTTATCACAACAAGGGTGGTGTGGGGAAAACTACTGTTGC
NZ_CP096573.1_gap31	1358192	1360284	2092	GTCGGTCAAGGCACCTGCTTTACGATTCTGCTGCCAGCGGAAATAAAAGAGATCTAGATCGCTGGTACGATCATCGCCAGAGTTATCCCCAAATCAGTCAGTTTTATTAGGATTGCCACCACTGTGGAAAAGAAATCGCGTTCGCTTGCCCATGTTGCCACCATTGTTGCCGTTGCAACGCTGTTGAGTAAAGTCGCGGGACTGGTTCGCCAGCAGGCGATCGCCGCCGAATTTGGTGTGGGCGCCGCAGTGGATGCCTACAGTTATGCCTATGTGATTCCGGGGTTTCTCTTTGTGCTCTTGGGGGGGATCAATGGTCCGTTCCACAGTTCGATCATCAGTGTGGTTCTCAAGCAACCGCCCGAAAAAGCCGCGCCCCTCGTGGAAACCATTACCACCGTTGTGGGTGCCCTATTACTGGTGCTGACCGCCATTTTGATGGTGCTGGCTGACCCCTTAATTCAACTCATTGCCCCCGGTGCCAGTCCAGAGATTCAAGCCTTAGCCGCAGAGCAGTTTCGGATTATGGCACCCTTGGCCGTGCTCTCGGGTTTGATTGGCATTGGCTTTGGTACCCTCAATGCTGCCGATCAGTACTGGTTGCCTTCCATTAGTCCCTTGCTGTCTAGTTTAGCGGTGATTATTGGCATTTGGTTTTTTGCCGATCAATTTGGCCCAGCAGTGCTCGCTTGGGGAACCCTAGCGGGAGGGGTACTGCAATGGCTTGTACAAATTCCTGCCCAATGGCAAGCCGGCATGGGTACATTGCGATTACGTTTTGATCTCAATCGTCCCGAGGTGCGGGAGTTAATTCAACTCATGGGGCCTGCCACCCTATCCTCGGGAATGCTCTTGATCAGCGTCTATATCAGTCTTTTCTTTGCCTCCCAGTTGCCTGTGGGGGCTGCGTCGGCCTTGAGTTACTCCCAACTCCTCTTTCTAACGCCCTTAGGGATTCTCTCCAATGTGATCCTTGTGCCCTATATGCCCATTTTTTCAAAGTTGGCACAACCAGAACATTGGCCGGATCTCAAGGAACGCATTCGCCAGAGTTTGGTACTCACTGCCTTGAGTATGATGCCCCTCGGTGGCATGATGGCAGCTTTGGCATTGCCGGCAGTGCGGGTGGTCTATGAGCGGCGTGCCTTTGATTTTCAGGCCTCCCAACTTGTGGCGGCGCTACTATTGGTTTATGCCGTTGGTATGTTTTTCTACCTTGCCCGCGATGTCATTGTGCGGGTCTTTTATGCCCTAGAGGATGGCCGCACACCCCTCTACATCACCCTCTGGGGATTGGGATTTAATGCCCTGTTTTGCTTTTTCTTTACCCAAGCCTTTGGCGCTGTTGGGTTGGCAATGGCCACGGTTGGGGTGAATACCGTATCGTTTATTGCCCTGACTTGGATTTTGCACCGTCGTTTGGGGGGGCTACCTTGGGGGGAGCTAATGGTGCCGTTGCTGGGAATTGCCCTAGCCAGTGTTCTCAGTGGTGCGGCAGGTTGGGGTGCCCTCAAAGGACTGGAATTGTTTTGGGGGCGGGAAGGCTTGGGGGTGCAACTGTTGCAGTTGGCGATCGCCGGCAGTGTCAGCCTGATTGTTTTTGCAGCGGCTATCTCGCCCCTAAATCTACCGGAGCTAGAGTTTTTCCTGAGCAAAGTACGGCGGTTTTTGCCCAAGCGATACCAGTCATAGATTGCATAGTATGCTAGTAGATCGGCCAATAACGAGCCGCGTTTCTTCTTCTCTCCGTTGCCTCTTATCCCATCTGCCTCTGCCGTGGAGTACACCATGAAAGTTGTTTGTTCACAATCAGTTCTCAGTAGTAAGCTCGCCCCCCTGAGTCGCGTTGCCCCGAGCAATCCGTCGCACCCGATTTTGGCGAATATTCTCCTGCAAGCTGAGGGTGGCCGCCTCGGACTCTCCGTCTTTGATCTCAGTTTGGGGATGCAAATCTGGCTGGATGCAGAGGTCAAGGTGCCGGGGGCAATTACTGTTTCTGCTAAGCTCTTTAGTGAGATGGTGTCGCGGATGCCCAATCGCGATATTGAGATTACGGCGGAAGATACGCGAGTGATCCTCGACTATGGCAGCG
NZ_CP096573.1_gap32	1368636	1370228	1592	AAAAAGAGCGCCGCTACAGAGCCAAGAATAATCGGCACATTACTCATTCCTGCCGCTGCGGCTGTGGTAGCAGCCATGCCCCCCACTTCGGGACGTTCTTTAAGGAGGTTAATCTCAATTGAGTACATCGGGGATGCTCCTAAGCGCCACGCAGACCAAGACCAATCACCGTGCCGAGGGCAGGGCGTTTTTCGAGGGGAATCTCTTCTAGGGTTTGCAGTCCCAGCAAACTAATGGGGTCAACCAAAGTGGTGGCATAGTTGAGCCGCTGACTAAAAAACTCATCCACTTGACCAATACTGGCACCGGGACCGGCAAGCAGCAACTGCGAGACCTCTAGACTTTCCCCTTGGTTGAGGTAAAAGTCAATAGAGCGGCGGATTTCGTCTGCTAGATCGGAGAGCACTCGCAAAATAGCGGCACCACTGGGGTTGAGTGCTCCGGTCACATCCATCGGCTCTAGGGGAACGGTCAGATTCTCAATCAGGTCAACGCCCATCGAAGGCGGCAAGTTCATGGCGCGGCTAATGGCTTCTTGCATCCGTTCTTTGCCAATGGGCACTTTGCGGTTGAACTGGGGAATGCCATCTTTGACGATGCTAATTTCTGTGCCCTCGTCGCCTATATCAATAATCGCTGCTGCTTCGCCCACAAACTGCTGTAGTGAATCCCGCAGGGTACGCATGAGGGCAAAATTGGTCACTTCAAGGGCGGTGAGTTGTAAACCGGCTTGGGTAAAGGCATTGATGTAGGCATCGGTCACTTCGCGGGGCGTGCCCACGAGCAAAATTTCTACCCGCTCAATGCCATCTTCATCAAGGGAGGTTCCCAGTTTTTGATAGTCAACATCGGCCTCTTCACGGGGAAAGGGAAGGTACAGTGGGGCTTCCTGCATGAGAACCACTTCCCGCAATTCGTAGTCGGGTAATTCCGCAGGCAGGCGAATCAGGCGAATCACGGCTTCATTCATGGGAATAGCACTGATCACCTCTTTTTGTTTGATGCGTTTATCCTCAATCCCTTGACGGATGGCATCGGCAACGGCGGTGGTGTCAATGATGCGGCCTTCTTCAATGGCGCCTTCACTCAAGGGCACTGAGGCCATAGCGGTCATTTTCAGACCCTGCTTTTGCCGCTGAAGCTGTACGATATTGACCCGCTCTGGGGTGAGTTCAATCCCCAAGCCCTGCTTTGGTTTTGCAAATAGATTTCCCAGCACAATATCACCCACCAGTGAACGGTCAAGTTTGCATTAGCGAGATGGCGTGAAGAGTGAATTTCAGAACGAGGCCAGACCCTAACCTGACAGGGTTATGGAAACACCTGTGTTGCTAAGGCGATCATAACCAATGTGCATCGGCTCTTTCCAATGCATTGGTATGGTTTGCAAAGTGGCTTTATGCAAAACTTGAGCGATCGCTCTTGGGGAAAGTCACCAGCGATCGCTCAATGATGGTATCAGTTTTTCTTAATTAAGATCAACTAGGGCTGAACAATCACCCGTGTGCCCACCTCAATTTTTTCAAAGAGGGCGCGAATATCATCGTTGCGCATCCGCACACAGCCATGGGAAACGGCTTGGCCAATCAAAG
NZ_CP096573.1_gap33	1371861	1374936	3075	CTTAACCGCAGTGAGGGAACAGCCATTGCCAAGGTGGCAGGTAATTAGGCGTAACGCTGCTAAGGGACGCTGTAATAGGGTGGCCGCCCGTTCACTGACGTATTGATGGCTAATGCCGTGGAAGCCGTAGCGTTGAATACCAGCGGTGGTCAATTCATAGGGAATAGGGTAGGTGCGCGCCACTGCTGGCAGTTGCCCATGGAAAGCGGTGTCAAACACAGCAACTTGGGGTGTTTGGGGACAAATGTCGGCCATTAATTCCATTCCCAGTAAGTTGGCTGGATTATGGAGCGGCGCATATTCACTAAATTCGGTAATTGTTGCTTTCACCTGCCCATCCACGCGCACCGCTGCTTGGTAACGGCTACCCCCATGAACCACGCGATGACCAATGATCGTAATCTCTGCAAGGCTTTCTAGGAGCGTTGTCGAACCGCTGGTGAGGGTTTCTAAGAGAGTTTTGAGCCAGTCCCGTAGGCCTGCAATTCCCCCCTCTGGGTGGGTTAGGCTGGCTTCGTAGCGCTGGTCGGCAGTTGTGACCTTGAGCCGCGCCACCGTTGGGTCTTGTCCCCAATCGAGCAGGCCTTGCCAAAGGGGAGCGGGGGGTGTGGCAGCCGTTGCCGCCATTTCAGGTGCTAACCGATACAAACAGGCTTTGAGGCTACTAGAGCCAGCATTTAACACCAGCACCGTGATCATGGCAGGCCCGCAAAAGCATCGCCTCTATCCTAGCCAAGCGCCCGTGGCAACCGATGCAGCGCAGAACACCTTGAGGCGAAAAAGATAGCCCTAGAATTGGGACAAGCATTGGGGAAGTCAGCGTGTTTTGGCAAAAGCTTAAATGGCGGCGACACGGTGTGTATCTGCTGTTGTTTCTATTGGGGCTGTTGATTGCGGCTGTGGTGCTCACTCAATTGCGATCGCACCCAATTCTCCGCCCTGCCCTAGACCCGCTGCCTCAACATCCGCAAATCGCGGTACACATGAATCACTCCCAAGCCCACAGTTATCAAGAACCCTATCGCCCCTATACCCGTGAAGGGGAAGACCTTGAGGCAATCATGATTGAGCAGATTGCCAAGGCACAAAAGACGATTGATGTGGCGGTGCAGGAGTTTCGCTTACCCAATCTTGCCAAGGCCCTAGCAGCACGGCAGCAGACGGGGGTGCGGGTACGGGTGGTGATGGAAAATACCTACACTGCCCCTTGGGCAACATACAGTGCTGGGCAGGTGAGTGCCATGGATCCAAGGATGCGGGAGCGCTATAACGACTGGAAAGCGCTGGTGGATACCAACGGCGATGGCCAACTCAGTGCTGCCGAACTCAGCGATCGCGATGTGCAGACGATTCTCAACGAAGCGAAGATTCCTTGGATTGATGACACTGCCGATGGCTCCAAAGGCAGTATGCTCATGCACCACAAGTTTATTGTGATTGACAATCGCCAAGTGATTGCGACTACGGCGAACTTTACCCTCAGTGATGTCCACGGCGACTTGGGACGACCCGATACCCGTGGCAATGCCAACTCCCTCTTGGTGATTGATAGTCCCGCCGTGGCACGCCTATTTACTGAGGAATTCAACATCATGTGGGGGGATGGTCCCGGTGGTCAGCCCAACAGTCGCTTTGGGGTCAAAAAGCCAGTGCGTCCCCCTCAACCAGTAGCGGTGGGCGATGCCATGGTTACGGTGCGCTTTTCGCCAACCCCGCGATCGCAACCTTGGTCTGTCTCCACCAATGGCTTGATTGGCCAAACACTACGTTGGGCACGCCAAAAAATTGACATGGCGCTTTTTGTCTTTTCAGATCAAGAACTATCCTACGTTTTAGAGGAACGCCATAACCAAGGGGTTAGTATTCGCGCCCTCATTGACTCAGGATTTATCTACCGTGACTTTAGCGAAGCCCTCGATATGATGGGGGTGGCGATGGCCAATACTGCCCAAGCCCGTCAAGGCAACTGTTACTACGAAGCCGGCAACCGCCCATGGCAAAACCCCATTCAAACGGTGGGCACCCCCCTACTACCAGAGGGCGATAAGCTGCACCACAAGTATGGCGTGGTCGACGATCGCACCGTCATTGTTGGTTCCCACAACTGGTCCGAGGCGGCCAACCGCGGCAATGATGAATTCTTGCTGGTCATCGAGCATCCTACAGTTGCAGCTCACTACGAACGGGAGTTTGAGCGGCTCTATAGCAATAGTCGTTTGGGTCTGCCGCAGCATATTCGCGATCGCATTCAGCAGCAGTTGACCGCCTGTGGCGGTAAGATTGCCACCCGACCTGCCCCCTCTTCAGGAAATCGTGCCAGCACACCGACTACACGGGTGAACTTGAACACGGCCACCGCAGAGGAACTGCAAACCCTACCGGGCGTCGGCCCAAAACTAGCGGCTGAAATTATCCGTGCCCGCGAGCAAAAGCCCTTTCAATCCTTGGCCGATCTAGATGCTGTCCCCGGTGTCGGGCCGAAGCTCCTCGAACGCTTGCGCGATCGCGTGACGTGGTAATGTCCTCGCAAGCCACACCTAATAGGTTACAAGGGTGGTAATTGGCACATTGGGAAGTTTGTGCCGTCCTCCCAAGTCCGTCAGCTCAACAATAAAGGCAAAGCCATGGAGTTCAGCTTGTGCTTTTTGGATCAGACCCGCCGCCGCTGCTGCTGTGCCCCCTGTGGCAATCAAGTCATCGACAATTAACACCCGCCGCCCTGGTTCAATGGCATCTTGGTGCATCTCGAGGCGATCGCGCCCATACTCTAGCTCATACTCCACAGCATAGACCGGCGCGCAGAGTTTACCCGGTTTGCGCAAAGGGATAAAGCCGGCTCCCAAGCGATAGGCCAAGGGAGCGCCAAAAATAAATCCCCGTGACTCGATGCCAGCCACATAGTCAATGCCATCGTTGGCGTGTTTTTCCACCAATTGGTCAATGACGTAGCGCAGCCCCGCCTGATTTTGCAGCAGCGTTGTTAAATCCCGAAACAAAATGCCCGGCTTAGGGAAGTCTGGGACATCGCGAATCAGGGATTTGAGATCCATAGGTAGTTAGGTTCCAATCAGTTCA
NZ_CP096573.1_gap34	1394465	1398047	3582	TAAAGAATTTGACCAGTGATGCCACTGGCTAGATCGCTGGCAAGAAAAGCTGCTGTGTTGCCCACCTCTGTTTGGGTCACTGTGCGCCGCAGCGGAGCCGTGGCTTCCACATGGTGGATCATATCGAGAATGCCCCCCACTGCTGAGGAAGCCAAGGTGCGAATTGGACCAGCGGAGATACCGTTGACACGGATATTCTGAGGCCCCAATTCTGCCGCGAGGTAGCGCACATTCATTTCTAGGGCTGCCTTGGCAATCCCCATGACATTGTAGTTCGGCACAACCCGCACACCCCCCAAATAAGTCAGGGTAATGATTGACCCGCCGTTGGTCATCAATGGTTTAGCGGCACGGCTGAGAGAGATCAGGGAGTAGGCACTGATGTCGAGAGCGAGATTAAAGCCTTCAAGGGAGACGGCGGAAAAGTCACCACTGAGATCTTCTTTTTGGGCAAAGGCCAAACAGTGAATCAAAATATCTAAGCCACCCCAAGTAGAGGCAATGGCAGCAAAGGCTTCGTCAATTTGTTGAGGTTGCTGCACATCTAGGGGTAAAAGCAGTTTGGGGTCTAAAGGAGCAGTCAGTTCCTCGACCTTTTGCTTCAGCTTTCCCCGCTCGTCGGGAAGATACGTCACTGCCAGTTCAGCACCTGCTGCATGGAGCTGTTGGGCAATCCCCCAAGCAATGGAGCGATTATTGGCAATGCCGGTCACAAGGGCGCGTTTTCCCGATAGGTCTAGGAGCATAGGTACAGCCAGTGTGAATGATCTAACCCTCTGATCGTACCAGAGGGGCTGCTGCCTTTAGCGCCAGCGTAGGACTTGGGTTTTCAAGGGGTTGACAAATTCCCGTCCCTCTTGGGTGGCTTTCTCGTACTCCCGCTTAAGCTGGTAATACCATTTAGCTTGGTAATCGGCCTCTTTGATAAGCGTCAACGGTGGCTTGTACTTTAGGCCTTCGCTTTGCTTGGCCACAATGCGCAAATCTTGGTTGAGAAATTCCCGCGCTAAGGGAGCCAGTAGCGGTTTCAGGGGGGCGAGCCACGGAAAAGTCCAGTAGTAGGTGGCGGTGAGTTCAGTCTCCTGATCGTTGATGGGGGTAAGGGTAATCAGAAAGCAAAAGGTGTGGCGATCGCTATAGTTGGTTTCGATGCGAATCCCCGGCAGCCGATAGATAATTTCCACCTCAGGATGGCCACCTAAAATATGGTGTGCCCACGACTTGCGCAACAGGGGATGGCGGCGCATGGTAAAGCCATAGGGCGACGGATCAAAGGTTTTTGCCTTCTCAAAGAGCTTGCCCCGCTTGCGCCACCACCACGCCCCATGGACAAAGGGCGCATGGGAGGGATCCATAAAGTTAATAAACACCTGATCCAGATGTCCCGGAAAGATGAATTTTTGCACCGCTTGGGGTTGGGTCTCGGCGCTAAATCCGGGCACAAGGGGAACCTCTAGCGTGGGTTCACTAACATTGCGCTCATTGGCCGGCAAAAAAATCCAGAGATTGCCCTGCACCTCGCGTACGGGATAACTCAACACACCAAAGTGCTTGAGATCCACATCACTATCACTGGTCAGGGAGGGAATCAGCGTACAGTGGCCGTGGGCATTGAAGCGCCAGCCGTGGTAGGGGCACTCCACCTCTTCCCCATCAAAGTGACCATAGTGCAGGGGAATGCCACGGTGAGGGCAGAGATTGCGCAGCGCAAAGGGCTTGCCTGAAGTGGTACGGCAGAAGAGAATAGGCTCCCCTAAAAGCACCTTGGCTTGGCAGCGACCCGGCTTGAGGTCAGCGGCTGGCAGGCCATAGTACCAGATATTGCGCAAGAAACTACTACCCTCATGGAGGGAGAATGAAGTGCTGCGGGAGTTCATAACCAGACTCTACCAGATGCTCGGCAGTTATTTTCTACGTTACGCCGAAGCAGCCGTCAAGTCAGTCACATACCGCAGCAAGATCCCCTTCTGGCCAATAATGAACCCTTGATCAGGACTAAAGAAGAGAATTTTATAAAAGTTGGAGGGGACTTTTTTCACGTCCACATCCTGCTGCCACGTTTGGCCACCATCTTGGCTACAGAGCAGTACCCCAGCACCCCCTGCTAGCCATACTTCATTGGGTGTGCGATAGGCCAGATCAAGGAAGCCAACACTATTGCGACGCAGGGGACTCAGCAGTTCTCCCCAGTTTTCGGAATTGTCTGGATCAGAGAAGGCAATTTTACCGCCATTGACAATCATCCAGAGCCGACCATCCGGGGTAAAGCCCATATTGTGGACACGGCGCGAGGTGGTGCGATTGTGGGGTTGCCAAGCGGTTTGTCCTGGTTCCCACGTGGAGTAAAAGCTCCCCCGCGAGGAGACAGCCACATACTCCCCAGAGGGCGAACGGTTGAGGTTGCGCATGACCCCAATGGCTTCTTGGACTAATGCTTGCCAGTTTTTGCCGCTGTCTTTGGTACGGTAAATGGCGCCTACATCGGTCATCATTTCCGCAGCGCCATTGCCGAGGGCTTTGATCAGGCGGGGTGAGCCGGGGAGTTTGGGATTGAGGGGAATTTGACTCCAAGATTGGCCACCATCGGTCGTGTGCAGCATAATGGGTGGCTCACCGACAATCCAGCCCTCGTTCCCTTGGAAGCTAACGCTGTTGAAGCGATAGTCGGGATTATCTAAAACCAGCGTACGGGGTTCCCAAGTTTGACCACCGTCGCGAGTTTCCATCAGTGTGGCATTGGCACCCACCAACCAACCGTGATTACGGTCAATAAAGCTCATATCGAGAATGGTTGAGGTGGTTGGTAGTTGGATGGCTTCCCAAGGGTTGTAGTCCAAGGCGGGGATGGCAAGGGCAGAGGTACTCAGGCTCATCCAGAGGACAACGGTCACCAGTAGCCAATGCAGGAACTTGATTCCTTTCATTTTTTGCCAATAACTGTCAATTTGTTTAGCGAACATTATAGAAACTCAGTAGAAAAAGAACGGCAAGGGCAAGACCACCAAAAATGAGGATATTTTTTTGGCCGGGGGTGAGGCGATTCACACCCAAGCCGTAGTTCAGATTTTCCTTGAAGCCTGAGGGGGATCCCACAGGTCCAATGTTGCTAAATTGCTTTTTCGGAGCACTGCACACTGGACACCGCCAGTTTACGGGGAGATCAGCAAAGGCTGTCCCCGGCGGAATCGAGCGATTTTCGTCTCCCTTTGAGGGTTCATAGATGTAGCCGCAGGCACGGCACTCAAACCGATCTAAGGGCGCAACATCAGGGGTTTCGGCGGTCATACCTCAGAAATTTTTAAGATTTGCGACATACATCTTAATACTACGGGATTTAGGGGCGTTTCTTGTGATGAGGACAGGGGAGTTTTCAGGACAATACTGCGAAACTCTAAGACATGTAACGAAAGATCAGACCTTTGCAACATAAATATAAAGAAAAGATTAGGGAAGCCAGCCCTGCCAAGAAGTGATGCCATGATAGGGGTATTCAATTGAGGTCAGCCCATATAGACCTTAACCTTAAATCTCCTTTAATATTCCGTAGAATGCTGGCTTCCATATCACCAAGGGGGCTGGCAT
NZ_CP096573.1_gap35	1426635	1431556	4921	AGTAATCAGAGAATCTCTAAACATCACTCACGGCTTTATTCATAAGCTTCTTGAAGACATTAATTTGCGAAAAAGAAGCTATCAAGCAGCCCTAGGTACACTTGAGAATGAAATTAAGCAACTAAATCAAGATATTAAGAAAATTGAAAATTCGGCTAATCTTTTGAATATTATCGAGGAGTATCAAAAAGAAATTAAGAATCAGATTGCCAGTGAAGTCTCTGAATTGAAGAACAAGGCAAGAGCAGACGTTAGTCATCTTTTTTCTCAAAAAGAGTATGAGCAGGCTGATGTTCTCAAAAAAGTAATGCTTTTTCTCACAGACTTTGCACACAAATTAACCAACGACAAGTCTCGTGAGGATCATTTAAGGATTCCTTTTAGCTCAAGGCATGACGCTGAAGATTTTCAGGGAAAAATATTTAACCTAGTTTCACAAGAAGCAGAAAAGTTTTTTGGTGATACCCAGAAAAAGATTGAAAAATTTGTAGGAGAAAAAATCCTTGGATTAAAGAAAGAAATAGAGGAAGAAACTCAGCCTATCCTAGAAAAAGCAAGAGAACGACTCCAGATGACTTTTAATGTGCAATTAAGCCTTCCTGATTTTCAGGTTTCAAAGGCTAGTTTTGGCAATTCTGAACTTCGACCCGAAGCTTTAACTAGGACTGTCTATAAAGTTCGAAAAGTGGAAAAGAGATTTTGGTGGCACTGGCTTTGGCTAATTCCTAAGGAAGTGGATGAAATTTATACAGAGACTATTCAAGAATATGTAGTCTATCTCAATAAAGTCGTTGAGGAAATCAATCGACAAATAGACACCCAAGCGAATCAAATAGAACAAGAAGTTAATAATTATTTAGAAAACGGTTTTAAAGTAGAAGCAGAACAATACATCGAGTATCTCAGTAGCTATCTCAAGGATTATCGAACAACCCTGATTGAGAGCCAAGAATATCAGAGAAAGTCTGCTGTTGAAAAAGAAGAAGTGATGAAGCAACTAGAGCAACTCGAGGAGGATGCTCAAAAAGCGAAGTGTGATATTCCAATTTATTCGCGTCGAGTAGAGGAAGTTCTGGAAAATTATGGTTCTTCCTGCGATTCACCAGCAAATTTCTCTAATCAGTGATTAATTTAGCTTTCCTTGCCGTACAGTGTCAACACTTTTTATCTTTTATGCTAACCTAGCCCCCAGTACTCCCTGACTGCAGATGATGCCGATTTATTTATGTCGATTAAAGTACTTTTTGCGTTGTAGATTCTATGAATTACTCAGCCATTGAAGAGCGAATCCCTCTTGCCAATGATCAACTACTGATTGATTTAGCTAACAGCATTCACACGAATCAGTCTTTGATAGCGTATCGCGCCAATCGAGGTTTTTGGGGTAGGCTACTGGATAGTTTAACAGGTCGCACTTACCAGCAAGATACCCTTCTTGCCCAAAACTTGACCCGAGGACAGGAAGCATTACTGAGCATTACCAATGAACTGATTGAAAAGCTGCAATTTAATGAGTATGCCCTTGTCACTACGCAACACTCTCTCCGAGAAACTCGTGAATGTCTTGTAGCTACGCAGCACTCTCTCCGAGAAACTCGTGAGGGGCTTAATCACAACACGCAGGCATTGAATAGTTTATTGAATAGTTTAATTGAGACCTGCGATCGCAAGTTTCAAGAGCAAGAGAAACGCATTGCTACCCTTGAACGGCGAGTGACGGCACGGGAAGATTTCGATCGCATTTTCTCTCTCTGGCGAAGTGGCCAAAGCTATCACGATCTCCCTTGGGCTATCCAAATCCTATTTTTAGCCCGCGAAATCTACAACAGTTCCATTGCCTACCTAGAACTTGAACAACAAGTCACTTATTATCGCGACCTACTGGTGAATGAAATTTTGGCGCACCAGCGGCACGACTTACCCAAGCATTTCTTCAGTACCGCAACGCTGCTAAAAGTAACTCGGCAAGCAACAGCACAAGAGGATACAGAGATCGTTTACGACATTCTGGCGAGTTGCCGCTATTCAGACTCCTATCCCTTGCTGCACAATATGTCAGCACTATACTGCCAACAGCAGCCTTCCTTTGTCCCTCAGCACCCTCCTTATACCCTAGATGCCAAAGAAGTCATTCAACGGATTGTTCATGAAACTGCCGCTGCAACGTTGCATTCCCTCCAGTCTCTGAAATCCAAGGAGTGATTATGCTAAACACTGGTTCAAAAGTTGGTTTAGTACTCACGGGTGGTGGTGCCAAAGGGGCTTACCAAGTGGGGGCACTGCGCTACCTCGCTGAACAGGGATTTGAACCGCACATTATTGCAGGTACCAGTATCGGTGCCCTCAATGGCGCCATCATTGCCAGCTATCCCCAGCAATTGGCTCGGGGTGTGAGCAAGCTCGAGGAGATTTGGCGTGAGATTGGTGCCGCCAATATCATCTCCGCCAACCCCAACTGGCTCAGCATTCTCATCAGCTATGGCATCCAATCTGCCTTACCTGAATTTGGGGGATGGATCAATACTTTTTTGACAGTGACGGGGATTCTCCCCAAATGCCATTCCGTCTTTGACCCGCGCCCGATCGAAGAACTTGTGCGCTCCTATGTAAACTACAACCAACTGAAACGGGGTACGGAGCTTTGGGTAACGGTTTTTCCCTCATTGCAAATTCCGGGTCTGGGCTATAACCTGTTGATGACATTGATTGACATGTGTCGCGTTTGGACAGGCACAAAAGCTGAGTGGCTGCGGGCACAGGATATGGATGACCCAGAGACGTTATTGAACTTGCTGCTGGCGAGTGCGGCCATTCCTTTGGCCTTTCCGCAGCGACAGGTCAATGGTCAAACCTATGTGGATGGGGCACTTCAAGATAATGTGCCCTTGGGAGCGTTGGCGCAGCGGGGCTGTACCCATGCCATTGTCATTCACCTTGAGGATGGGGTGCCTTGGAATCGTTATGACTTCCCTAATTTGACGATCATTGAGATTCGACCACAGACAGTGCTGAATACTTCAAACACGGTTGTACTGGGGAGTCTAGAAAGCTTGCTCGATTTCCGGAGCGATCGCATTGCCGCCCTGCAAGCACAGGGGTATGCCGATGCCAAGGCAGCCATTGAGCCGATCCTCACCCTTGTGCAGAACCTGAGAACCCTGCGCCAAACCCATGGGGAGTTAAAGGCTTCTACGGCAGCACTCTTGAATCCCGATGAGTTAAAAACCTCTACAGCAGCACTGCTCAATCACAACGTTACTTTAAAATCAATACCCCCCATGGTTGATCCATAGGGGGTCATCAGGAGATAGCTCAGCACCGACCTATGGATCGTAGGGCTTCTTGCCGGTGAACTTCAGTTGCGAGGGATTGGGATTTTGGCCAATGGAGCGGGGCACTGAGTTGACGGCTTCACGCCCTTGGTTCACCTTCTCAGGGAAAACACCATCCTTGGGATGGATCAACACCGTTTCGCCATCGGGGAAAATGCGGTAGATTTTGTAGTCATTGATTTTGCGGGGACGCAGTTGCTGAGCGGCTAGGGCAAGGCACTGCTCCTTACGGGCAAGGTAAACAAGATTTTCCCCTTCACGCATAACCGCAGCCCCAGCCGTCGGCATTTCAAAAACCTGCTCTTTGGGGCTTGTCCAGGTGATGGCGTATTTCTCTTCGGTGTCCGCTGCGCTGAGGAGGCCGCCGGTGCTGCCACCATAGAGCGGGGGTTGCCCAGTGAGTGTTGTCATGCGTTCGATCCTCAATCTCTCACGTTTTCATCTTTAAGATCGGCCAGAGACAACCCTTTTCTTGGATATGGGATACATCAAGGGGATGCAATCTTCTCCCAAGGGCTTTCGCAGTTTTGAGCGTTTGCCCTCCTTGCGAAAAGGGCTGTAGCCAGATTCAACGGCATCGTAGCATTGAAATCGCGGTGTTGACGCGAGTTGTGAGAAACTGTAACAGTTCCCTCCAAGTAGGCGCTGTCATAGGCTTTTTCGATGGAGATCCACGGCTATCCTCAATTGCCGTTAGTCTTAAGCCGATGTTTGAAGGGCAAATTGGTTAAGATTATTGACAAAGTGCAGCAAAAATATGTCCACTCCTCACAGGGAATGGTTGAGCAATGCAATATCTCTACCTCCATGGATTTGCCTCGTCGCCTCGCTCTGCGAAGGCCCAGTATTTTCGCGATCGCTTTGCGGAACTCGGTCAACCGCTACTCATTCCTGATCTCAATCAAGGGGATTTTTTTCACTTGACCCTGAGTCGTCAAATTGACCAGGTAGAAGCGCTGCTCGCCCCAGAGGAACCCGTCACATTGATTGGCTCCAGTTTTGGTGGCCTGACGGCTGCTTGGCTAGCCGAAAAGCATCCCCAAGTGGTGCAACTCTTTCTTCTTGCTCCTGCCTTTGAGTTTGCGATCCATTGGCTGCCGCGCTTGGGCGATCAATACCGCCGCTGGCAAGAAACGGGTGTGCTGGAGGTGTATCACTACACCAAAGAACGCCTGCTGCCCCTTAGCTATGGCTTTGCCAAGGATTTACTGGAGTACGACGATCGCCAGCTGCAGCGGCCTGTGCCCACCCTCATTTTCCATGGTCTTCAGGATGAGGTGATTCCCATCGAAGCCAGTCGTCGCTACTGTGAAGGCCGCCCTTGGGTGAGTCGGGTGGAATTGGACAGTGATCACGCCCTCAAGGACGTACAGCCGGCCATTTGGGGCATGATGTATCCGATCATCTATCAGCAGTTAACTTGAGAGGCTGGGTCAAGGGAGACCGCAGGAATTTCTGCTCGCACAGCGCGAAACATGCCAAAGCGGCACAGTCCCATGCCAAAGGCAAGCCGCATCAACAGAAATGTGGGTACTTCCCGCAAAGATTTCACTAGCCCCGGTAGGCCAAAGCGAATCAGCCCCTCTGGT
NZ_CP096573.1_gap36	1464700	1468301	3601	CGTGCCCAAGCGAATGGTTTATACCGATCACACCCAAAAACTTTACATTGATCTTCAACCGGGGCTGCAAACCCTGAACGGGGAGCAAGCAGAGGGCTTTGTTCGCTTTCGTTACGATGAACTGGGGGATATTGGCCGTGCCCAGCGGCAGCAAATGCTGATCAAGGCGCTGCAAAAGAAACTGGCCAATCCCGTCATGCTGACTCAGTTGCCGAAAATCTACAGCGTCCTGCAAAAATATGTGGATACGGATTTAACCTTTGCCGAACTGATGGCGATCGCCCAATTTAGTCTGCGCATTGAGCCAGACAACCTGCGTTTGATTCTGCTGCCGGGACGCTTTAGTGGTGATGGCTATGCGGTCAGCTACTGGCTCCCTGACGATGACCGCATTGATCGGGTGGTTGCTGAGCACTTTAGCGATCGCCCCTCAAAACTAGTCAACTATACTTGGGGCGACAGTGGCACCCTGCGGATTGCCCTGCAAAATGCCTCCGGCAGTCGTGAGGCTGCTCAAGATATGGCGGATTTTCTCGCCCACCATGGCTATACCAATGTGATCATCAGTGAAGAGTGGTATCAGCAAACCCCTGAAACGGAAATTGTCGCCCAACAGGGAGACCTCAGCGCCGCCCAAATGATCCGCTCTGTCCTTGGCATGGGGCGTGTCTCTGCTAACTCCACTGGCGTCCTTTCCTCTGACATCACCATTCGCATTGGCCGTGACTGGGCGGCGGTGTTGCACTAGGTCAAGGTTGCTGGCAGTTTCTTGGTAACAGCCTCTGGTTCAAGGATGCGGTCAATGATGCCGTACTCCTTCGCCATCTGTGGGGTCATGTACAGCAGCCGATCCATATCACGGGTGATCCGCTCAGGGGGTTGACCGGTATTTTGCGCCAAAATTTCCACCATCATCGCCTTATTGGCCAGAACCTCCTTGGCACGAATTTGGATATCGGTGGCCTGCCCTTGGGCATAGCTCTTGGTTTGGTGCAGGACAATCGTGGCGTGGGGTAAGCTGGCGCGACACCCCTTGGTACCGGCCGAGAGCAACATGGCGGCCATCCCCATCGCTTGACCAATGCAGATCGTATGCACAGGGGGCTTAATGTAGCGCATGGTGTCGCAGATGGCAAAGGCTTCTGTTTCAAAGCCAATGGGTTCGCCATCGTAGCGGGAGGTTCCCGTCGAGTTAATGTAAATGCGGATGGGTTTTTCGGGATCGTCGTATTGCAGATAGAGCAGTTCCGCAATGATCAGCTCCGTAACCGCTGGCACCAAAGGCATGCCGAGATAGACGATCCGCTCCTTCAACAGCAGTGAAGGGAGATCGGGGGGTGGAGTGCGATAGTAGGCATCACCATAGTAGGCCGCTTGGGCAGCAGTAAGGGGCAACCGCATAGGACGCTCAGCAAATGACAGACTATCTGTACTCTAGCAAGGAATTGCCTTCCGGATCGGTGGGAAGCACCGCCTATAATCAAAGCAGAAATCCAATTCTTGGGTCATGAATCAACTCCCCAGTTCGCGGCTCACCTCCTCAGTGGTGGCGATCGCCATTGTCTTGCTGGTTGTCCTTTTGAATGCCGTGGTGATTATTAATCCTGGCCAAGCAGGGGTGCTGAGTATTTTGGGTAAAGCTCAGGATACTCCCCTCCTCGAGGGCATTCACTGGAAACCGCCGTTTATTGCCAGTGTGGATGTCTATGACGTAACTGTACAGAAGTTTGAAGTGCCAGCGGAAAGTGCCACCAAAGATTTGCAGGACATTACCGCCAGTTTTGCCATCAACTTTCGCCTAGACCCCATGGCCATCGTGGATGTGCGCCGCACCCAAGGGACCCTGGAAAATATCGTGGCCAAAATCATTGCTCCCCAGACCCAAGAGGCCTTCAAAATTGCTGCTGCCCGTCGCACGGCGGAGGAGGCCATTACCAAGCGGGATGAACTTAAGGAGGATTTTGATCATGCCCTTGGCGATCGCCTAGCCAAGTACCACATTCTCGTACTGGATACCAGTGTCGTTAACCTTGACTTTTCCGAGGAATTTTCCAAGGCCGTCGAGGATAAGCAAATTGCTGAGCAGCGGGCACAACGGGCGGTCTATATTGCCCAAGAGGCAGCTCAACAGGCGCAAGCGGAAATTAACCGTGCCCAAGGGAAAGCGGAAGCCCAACGCCTCCTTGCCGAAACCCTCAAAGCTCCGGGGGGCCAGTTAGTGCTGCAAAAGGAAGCGATCGAAGCATGGCGCGAAGGCGGTGCCCAAGTGCCCCAAGTGATTGTGATCAACGGCCAAGAAGGGCTACCCCCCTTTTTCCTCAATTGGACAGGAACAGCAGCAAAATAGCTGAGGAACGGTTCGATGAACTACAGGCTCAGCAGAGACTCAACAGATGAAGGGAGCGATCGCCCAAATCCCCCTAGAATTGAGAATAGCGATTTGTTCTTTTATTCTTTGATTTCTCGCGATACTGACCCATGATCTCCACCCCGCTTGCTGCCAATCAACAAATTTTACCCCTGACTGCGCAAACCAATGCCCGCGGCCATCTCACCATTGGTGGGTGTGATGTGGTGGAGTTAGTGGCTCAGTTTGGCTCTCCCCTCTACATCCTTGATGAATTCACCTTTCGCACCGCCTGCCGTCAATACCAAGACACCCTCCAGCAGACCTACGGTGGTGAATTTTTGGTGCTCTACGCTTCAAAGGCTTGGAACTGCTTGGCCACCTGCGCCCTTGCCCACAGTGAAGGCTTGGGGATTGATGTGGCCTCCGGGGGTGAACTCTACACTGCCTTGAGTGCCGGCGTCCCCGCCAGCCACATTTACTTCCACGGTAATAACAAGTCCCCCCAAGAACTCCTCTATGCCCTTGAGGTCAATTGCACGATTGTTGCCGATAACTGGCTAGAACTAGAGCGCCTTGCTGCCTACGTTGAGGAGCATGATCTCTCGACCCCACCGCGCGTCATGTTGCGGTTGACACCGGGGATTGAATGCCACACCCACGAATATATCCGCACTGGACATCTAGACAGCAAATTTGGCTTTGACCCGCAACAGTTTCCAGAGTTGCTTCAGTTTGCTAAGGCGCATCCCGAACTAGACTGGGTCGGACTCCACGCCCACATTGGCTCACAGATTTTTGAGGAACAACCCCATTTAGACCTCTGTGATGTCCTTGTGGATTGGCTGGCTCAAGCCCGTGAAGCGATGCTACCCATGCGCGAACTGAATGTGGGGGGTGGTCTTGGCATTCGCTATGTAGACTCCGATAATCCACCGGCGATCGCCCACTGGACAAAGGCCATTAGTCATCAACTGAGCCAAGCCTGTCAGCAACACCATCTTCCCTTACCCAAACTCATCTGTGAGCCGGGTCGCTCCATCGTTGGACCTGCGGCAGTGACGGCCTACACCGTGGGCAGCCGTAAGGTGATTCCTGAAGTGCGCACCTACATTGCGGTGGACGGGGGCATGTCCGATAATCCCCGACCCATTACCTATCAGGCGCAATATACAGCCCTGTGTGCCAATCGCATGACCACTGCCGCCACAGAAACCGTACGTGTTGCCGGTAAGCACTGCGAATCGGGCGATA
NZ_CP096573.1_gap37	1469660	1471143	1483	CCTACGCCTTCTCCACAGAAAACTGGGGGCGCCCCCTGCCGGAGGTGGATTTTCTGATGACCCTCTTTGAGCGAGTGTTGCGGCGGGAGCTGGCGGAAATGGTTGCCGAGGGCGTGCAAATTCACTTTGTGGGTGACTTGGCGTGTTTGCCGAACTCCCTACAAGCGGAAATTGAGCGAGCGATGACCGCTACGGCCAATAACCAAAAAATTAAATTTGTGGTGGCAACCAACTATGGTGGGCGACGGGAAATTATCCACGCTTGCCGTTCGATTGCAGCCCAAGTGAAAGCGGGACGCCTTGACCCCGCCGATATTGATGAAGTACTCTTTGAACGCCATTTGTACACGGGCGGCCTACCGGATCCCGATTTGTTGATTCGCACCAGTGGCGAGATGCGCGTCAGTAACTTTTTGCTGTGGCAGGTGGCCTATTCAGAAATTTACGTCACCAAGACCCTCTGGCCGGATTTTGACCGCGCTGCTTTCCATGAGGCGCTCCGGGATTACCAACAGCGACAGCGGCGATTTGGCCGTGTCTAAAGGGGACGATTTCAGTGGAGAATAGGAAAGCCCGCCGGGTACGTATTGGAGCGATACTGTGACCCCCCAATTGCGCATTTATGTCCCCCCTCATCCCCTCATTCAACACTGGCTAACGGTGGCTCGCGATCGCAACACGCCCACTCCCTTATTTCGGGTGGCAATGACAGAACTGGGGCGGTGGCTGGCCTATGAGGCGGCGCGGGAATGGTTGCCAACGGTGGAAACAGTGGTTGAAACGCCCCTTGCCCCCTGTGCAGCGCTGGTGGTGAATCCGCAAGTACCCGTCGTGGTGGTACCCATTCTGCGGGCGGGTTTAGCCTTGCTCGACGGTGCCCAAGGGGTCTTACCCACAGCAAAGACGTACCACTTAGGGATTGTGCGGGATGAGGCCACCCTTGAACCCAGTTGCTATCTCAATAAGTTGCCCCCGCAGTTTGACCCGCAAACCCGTGTCCTTATTAGTGAGCCGATGCTGGCAACGGGAGGTTCAATTATGACAGCAATGCAGGAATTGGTGCAGCGGGGGATTGACCCAGCCTTGGTGCGAATCATTTCCGTGGTCACTGCGCCGCCAGCTTTGCAGAAACTCGGTGCCCATTTTCCCGCAGTGCAAGTCTATGCGGCCACGATTGATGAGACAGTGAATGAGCAGGGCTTTATTGTGCCCGGCTTGGGGGATGCGGGCGATCGCGCCTTTGGTACCGGGGAGGAAGTGTAACCGATGATGACAGTGGTGACTGTGCCAGCAACAACGGCTAATTTGGGTCCGGGGTTTGATTGTCTGGGAGCGGCTCTCACCCTCACCAATACGTTTACCTTTTCCTTGAGCGATCGCCCCCATGTCAATGTGCGGGGCACTGAAGCAGCTGGTGTCAGCAGTAGCTCCGACAATTTGGCCTATCGTGCCTACCACCGTCTCTATCAATATCTAGGGCGTG
NZ_CP096573.1_gap38	1474790	1476171	1381	GCCAGTACTTTGTCACTTTCTAGAACGAGAATCTGTGCCCCCACATCCACTGGAGGGGGTGTGGTTGGCGGCGGGGAGGGGAGGGTACTGGCAATGCCATCACGGGGGGTCAGGGTTGGCGCAGGCTGTGGTTCCTTCACTGGTTCCATCAGGAGGCGAAAATAGGCCTCGTACATTTCGGGTTGCCAGAAAACATACCCCCCCATGACCAAGAATGAGAGTAAAACCGTTCCTGACAGTAGTCGCCACCGTCGCCGACAGCGATCGCTAAAAGCTTGCAGCCCACCCTTGTTAGAACTTTTTCTGGTGCTGAACCGTGATGGATTTCGCTGGCGATCGCCCGCAGGACGCACTTCGCGATCAACGACCCGTAAATTGGGTATCTTTTGTGGGAGCGACATCAGTAGTACGCCATTCCTAATCAAATATGTTAACTAAGTTGAGGAACACTCCTAAGGTTCCTAAGGCGCCGATCGGCCGCAGGGCATTCCCAATCGTATCCCCCACCTGCGTTAGCCCTGACCGTTCCACCACAATCACATCCCCCTGTTGCAACACAGGATTATTGTTGGCATTGGGTTGAGCCGCCAAGCTAAAGGGAATCCGTCGCCGACTGACTGTGCCATCGCGATTCAGCCGCACCAGCGTCACCCTAGACATATTGGCACGTTGCACATTGAATCCGCCAGCCGCCCCAATTCCCTGAGTGAGCGTGGCATTGGCTGGCACTTCGACCAAGCCCGGTCGCAATACTTCGCCCACAACCTGCACCCGAATCACCTGTGGCGAAAACGTTGCCGAGGCCACCCGTACGGCTTCAGCCGCATTCACTTCCTTCGCCTTGGGCACCACAATCACATCATCACTGCGCAGCGTGATATCTTGGTTCGCATCCCCCGACTGAATCATCTCCCAAAGATTAATTCTGGTTACGGCTGTTTGGCCATTCCCCAGTTGGCGGCGTATCTCAATGTTGCGAATATCGGCCTCTTGGGTAATTCCACCGCTTTGAGCAAGGACTTGGCTCAGGCGAGGCCATGTTAAGCCACCGGAAAGGCCGATACCGGGGGCAGAAGCTGATACAGAAGTAAAAGGAACAACATAGGAGCCTGGACGGCTCACCTCACCTGCCACCAAAATCTTCATGGGGCGCGGCGTCTGCAATGTAACCGTTACTGCTGGAAAGCGCATGACTTTACTATAGGCGTTCAGAATCACCTGCTCCGCTTGGGGGAGAGTTAAGCCGCCCACCATGACGCGCCCTGCCAAAGGTAGGGTGACTGAGCCATCGAGATTAACAGTGAATTGTCGCTGACCAGTAACACTGGCTGGCAGGTTGACCACTTCAATGAAAAGCACATCCCCTGCACCCAGGAGATAG
NZ_CP096573.1_gap39	1481840	1483286	1446	TGATTTCTGTCCAACCCGCAAGCTGACGGCTGGTAATACTGCGGATGGTGGCTGTTGTCGGCAGAGCACTGGAGAGGAACCGCACTTCATTGGCGCGGATCCAACCCCCATAGTCCAAATGCAGCCAATCCCCCGTTTGTCCGCGTACCCGTGCGCGTGTTCCCACTGGCAAGGGCGTCAGCCGGGAATAGTCAGTGCTAGGACCTGTGCGTGCCACCCCCCCAAGGGAGCGGGTGACTTCAACAACAGGTAATTGCGTTGGCTCAGCCACACGAATGCGGGCACCCAGTTGGCGTTGGTTTCCTAATTGCCATTGAATCGGGCCATAGTCGCCCACTTCGGTGAGCTGGAGGCAATTGCGATAGAGAGAAGGGCGAGCAGTAACCACATCCGCTTGATGAATCAGCGCAGCCAGATTAGAGGGCAGTTGCACTTGGGGCGGTAGGGGTTCTAGGGGCAGAATGCGCTGGCCCACTTGGACTTGCACGGCGCGATCGCTGGGGGCAGCAGCAGTAAAGCAAACAATTTCATTGGCTAGGCGCACTAAATCGGCTGTTGGCTCTAGGGGTTGTAGGGTGGTCGGTACTTGGGGCACCGTGCGGGTGATGGCAAAGTCAAGGCGCTGATCTCCAGCTTGGAGGGTGATGTGATTCAATCCGGGTTGCAGGGGAAGCTTGGGGGCAAAGTGTCCCGCTGGCGAGCGATCGCCAATCACTCGACCATTGAGCGTCACCACGACCTGTGGCGGTGCTGTGCCAATAAAGAAAATCTGAGGGGCACTGGTGGTGTGCTCTCGCGGCGGATAAACCACTTGTAGCGAACCCTGTGCTGTTGCTGGCTGGAGTGAACTCACCATGAGTGCACCAAAGAAACTCAAACTCAACCTATTTACCCCCAACCCTCATACATTTCTTAATCCTTTCTTCAGATTACAGCCCTTTTCTAAGATGCGGGGTGCCCATGATGCCGTTTTGCCTATTGTGGTTCTGTTTAATCCTTGTGAAAAGGAGTGTTATAAAAGTCAATCACTTCTCAGAAAAAAGAAAAAGTTTTCTCTTAGGCTACTTATGGAATTCGTTGATCCCCGCTAGATTAGCATATTTTTTAACATTGGGATCATTGCCATCTCTGGGAAATCCATCCATAATAAAAAATGTCCTCTCTCATAAATTGCCTTAATGTTGCGCAATACTATTTCTTTGGTCTTGTTATTTTGAAACGCAAGTTTGCGCAGCGCCTTTTATCACAAGTTCATGTCCATCAAAAAGAATTTAAGGATTATTTAACTATGGTTACCATGCAAACGATTCACTGTCCTCACTGTGGTAAATTAGCCCTTCGCCAACGCTATGGCTCCGTGAGTCACACCCAGTGTCCCCACTGTGATTACGTCCTAACGATGTGCGATCGCACAGGACGGGTGCTAGAGGCCTACACGCCTGAAAT
NZ_CP096573.1_gap40	1484441	1485007	566	GCTACAGAACCGATATTCGTTGCCGCTGCGATCGCTAGCAGATAGGGCACTGGATTTAAGCCCAAGACATGGGTAATGCGCAGGGTTAAAGGCGTCGTCACAAGGGCAAGGGTATCATTCAGAAAGACCGCCGATAGCATTCCCGTCGCCACAGCGAGAAACACCAACAACCCCAAGGGACTGCCACTAAAGCGCACCACCGTCACCATCGCTATTTGAAAAAAGCCGCTCAAGCCCAGATAAGCATTGACAATCATCATGCTGAGCAAGAACACGATGGCTTGGGGATCAATGGCTTGCCATGCAGTGGGTAGATCAATCGCCCCTAAGGCAATCAAAAGAGCCGCACTCACAAGGGCGATCGTTGCGCGATTCATACATAGCCCCGGCACCCCCCCAAGGGCTAAGGCACCGTAGCTGAGGGCAAGGATCAGAAGTTGCAGGAGAGACCGCAGCACCTACTGTTGGGTTTGAATTTTCTTGGCCTCTAGGGCATCGAGCAATTCCCCAAGAGCCGCCATGTCATCACCGTCATATTCCCGCTTCCACAACAGTTGGGAAATTTG
NZ_CP096573.1_gap41	1487009	1491258	4249	GCAACCCCCACCGCAGTCACATATTCCGCTGCACCACCCACCAACGGCAAGAGGATGACCCCAGTAAATAGGGGCGTTAGACCCAAGCCCTCCGTTGCTGCTTCAACTGCGCCGACAAAAATTTCTGACTCAAAGGCTACGCCAATCGTGGCAATCATTAGAACCGTGATCCACAGGGGCAGGTTCGGCTTTTCATGGTGCCCCGCTTCGTCCCCCAGTTCCACCTGGCTGACATCGTAAAGATAGCTGTGGGTTTTCAAAGAAAAGAGTAACGTTAGTCCATAGACCAGAATCAGAATGATTGCGGCCACGACTGACATTTTGGAAATTGCGGTTGGCGGCACACTGCTGGAGGTGTAAATGACCATTGCCGGTAGGAGAATCGCGGCGATCGCCACCGTCATCGAGGAAGCATTCACCCGTGCCACCACTGGGGCAAAGGATTGCTCCTTGTAGCGAATGCCCCCCAGCAGCATGGATAACCCCATCACCAGCAAAAGGTTCGCCATCAGGGTGCCCGTAATACTGGCTTTGACAATATCCACTAAACCCGCTTGCAGCGCCACAATAGCAATAATCAGTTCCGTTGCATTGCCAAAGAGGGCATTCAAGAGGCCACCAATGGTTGGTCCAGTGGCCAGAGCCACCTCCTCCGTTGCGGTGCTCAACCAAATCGCCAAGGGCACGATCGCCAGTGCCGCCAAAACAAAAACCGTGAGGGCGCCCCATTCCAATTTTTCAGCAGCAATGGAGAGGGGAATGAACACCAAAAAACCAATCGAAACCAGTCGCTTCATGGGGGCACCCCTTACATGGTGAACGGAGAAAAATCTCCTCTATCCTAGCCTGCGGTTTGATGAATCCAGCCCAATTCGTGGGCAATGATGCTGATGCCTAACCACTGCGCAGGATCACTCGCTGATTTTGGCGGGCAACAAGGGAGAGGGTGAGAGGGCCAGCGGTATAAACGGACGTGGGGGTGACCGCGCTAATATCAATCGTCCCTTGGTGATCTTTGAGGTCGAGGACAAATTTCACCAGCTCAATTTGGCGAAAGGAGCCAACACTGCCAGTGACCGGATCTGGGAGCACGCCAGAGGCGATCGCCCGCTGATTACTGACCGTAAACAACTGATCCAAGCGTTGCAAAATTTGCTCATCGGTCATCTGGCTCGGATCCAAGGAAATGGTAGCCAGATTCTCACCCTCGCGGAAAACCTCCTGATTGCGCGCCACTTGGGGCACTACAAGAATATTGCTTTCTCCCTGTAGATAATTGGCTGCAGCTAAAATGCGCACCACATAGGGCTGGCCATCACTAATTTGGCTGCGCAGGCGGTTCACGTCTTCGGTGGTAATTTGAATCACCTGATCCGTTGGTTTGACGTTTTGGGGACTATTCAGGACAATGGCATTGCGCCGCGCTTGCCGCAGGAGTTCTTCAATGACTTGGGTGGCTTGAGCCGAATCTTTGACATTTTGAATCACCGCAGAGGCCAAGACTTGCCCCGTGCGAATGGCGATCGTCCCCCGCCGTAATCCTAGCAAAAGGATGCTCACGTTTTCCTCAAGGCGTTGGCGACTGGCCTCAAGGGCAGCAATTTCCTGCTGAAGCGTGCGCTGTTGATTCCGTAACACCTGCTGCTGCTGATTGGCAACGGCCAGTTGATCCTGAATGCGATCAATCTCTGCTTGGAGACGATCCTTTTGACCTTCCACCTCGGCAAGGCGCTGTTGAGCCGTGCGAATGGCGGTTTCTAGGGCTGCTTTTTGGCCAGCCACATCCTCGAGGCGGCCTTGGATGGCTTGTCGCTCCCGTTGCAAACGCTGAATTTCTTGCCGCAGGCGTGCCCCTTGGGCTTCAAAGTTTTCGAGGTCTTTTTGGGCTTGGGTGTAGCGGTCTTGAAGTTGCTTGAGTTCTGCTTCTGTGAGGGTTTGACGATTGACGGCCTGCTCTAGGACTTGGTTGGTTTGACTAAGGCGTTGGCGAATGTTGGCCAGTTCAATTTGGGATTGTGCCAGTTCCGCCTCAATTTCATCCTTTTGGGCACGGGTTTCGGCGAGTTCTTGTTCCGCAGCCGCTTGTTGACGGCGAATCGTATCAATGCGCAGCACGCCATCGCGCAATTCACGGCTGAGGGCAAAGAGGATGGCAAGGGTGGAGGCAGAAATTAAGCTGCCTGTGAGAATGGTAATCAGGACAGCCGTCTGGCGAGGCCGCAAATTAAACCAGCTCAATCGGGCTTTGCCCACTTTTGAGCCTAGGCGATCGCCCACTGTCGCGATCGCGCCCCCAAGAATAATCACGGCCAAGACCAAAACATACCCAGCCATATTTCGGGTACTGCTGCCACTCCCCAACTATACTTTCTACAGTATGTGCCGATGCTGCCCCCTATAACGGTTTGGGCAAATCACTTTGACTGAAATCAACCGATGCCAAAAATTGCTACTTGGAACGTCAACTCAATTCGCACCCGCCTTGACCATGTGTGCCACTGGTTAGACACCACTGGAGTGGACTATCTCTGTCTTCAAGAGACCAAAGTCACAGATGCTGAGTTCCCGCGTCAGCCCTTTCTGGATCGTGGCTATCAAGTTTATTGTAGTGGCCAAAAGGCCTACAACGGGGTGGCCATTCTCAGTCGTCAGCCCCTTGCGGGCGTAGAAGCAGGCTTTGCCCCCCAATTACCCAGTCACAGTGAGTTGGATACGCAAAAACGACTGATTCGCGCCCAATTAGCCCCTGATGTCACCTTGGTAAATGTCTATATTCCCAACGGCGGAGAGTACGACAGTGAGAAATACCACTACAAGCTGCACTGGTTAAAAACCCTCCATGTCTATCTCGAGCAGCTCACTGCCCAAGGGGAGGTGATTCTCTGTGGTGATTTTAATATTGCCCCAGAAGATAAAGACCTTTTTGATGCCAGCGATCGCGCCACAAAAGTGGGAGCCACCGATGCCGAACGCAACCTGTTAGCGGCCATTCGCGACCTTGGCTTCCACGATGCCTTTCGCCACTTTACCGAGGCGCCTGGGCACTACTCTTGGTGGGATTATCGCACTAATGCCTTTCGCCGCAATCACGGCTGGCGCATTGATCACCTCTACATTACCCCTGGCATCAAAGCCTGTGCCTGCAACTGTTATATTGATACTGCCCCTCGGCGGTTAGCGAAACCCAGTGACCATGCACCGGTGGTTTTAGAGATTGAAAAGGGGCTGTACAGTGGGCTGGCGCAGCCACTCGGTTAAATCCTGAACCCCTTGGCCGTAGGTGAGATCAAAGGTCAGCGGTGTGATACTAATCAGATTTTGGGCAATGGCTTCCACATCCGTGGGGGCTTGATTGGGGTCTTGGGGATATTCTTCAACCACTTCACCAGCGAGCCAGTAGTAGGTTTTGCCGCGAGGGTCAATGCGCTTCTGGAACAGGTCATGGTAGCGGCGAATCCCCTGTCGTGTAATGACAACGCCAGCAATTTCACTGGCAGGCAGAGCCGGCACATTCACATTGAGGAGCATCTTTGGGGGCAGGGGGGCGGTTTCCAGTGCCTTGAGCAGACGACTGGCAAAGTCAGCGGCTGGCTGAAAGTCATGAACTGTGAAACTGGTGAGGCTAATGGCAATACTGGGAATTCCCTCAATCACCCCCTCCATGGCAGCAGACACCGTGCCGGAGTAAAGAATATCCGTGCCGAGGTTGGAGCCTTGGTTAATCCCAGAAACGACAAAATCTGGGGGTGCCTCTAGGAGGGCACCAAGGGCGAGTTTGACACAGTCAGAGGGGGTACCGGAGCAGGCCCACGCCTTAATACTAGGGTGAAAGCGATCGCTAACGACTTCGGCGCGAATCGGATCAAAGACCGTGAGGCTATGCCCTGTAGCAGAGCGTTCGCGATCCGGACACACAACCACGACTTCATGGCCAGCGATCGCCAGCGTATCTGCTAACGTCCGAATGCCGGGGGCAAAGACCCCATCATCATTGGCAATGAGTAACCGCATTTCCTGCCCCCTGAATCGTGAAGTATTGGCAAAACATTACAGTTGATTGCAAATCGCAACACCCTCCCTGAGAAATGTTAACCTCTAAAAGGGTTAAGTGACGCACCCCACCCTGCCGAACAGTTTGAACGCACCATTCCTGACATGACCGCCTTTAGGGATTGATAGGATCTATGGAACGCCTACTGAACCATCAGTTGAAGGAGAACACTGTGTCTGTGCATCAAAGTCATCCGTT
NZ_CP096573.1_gap42	1497523	1498232	709	GGGGAGTGGAAAAACCGAATATGAATACCTCATCATCTTCCCGTGCAGTTGCCACCAAACCCCCACAAACTGAGAAACGGCGCCGCATTTTTCGGATAGTGCGGATTGGCTTGGGGGTGACACTCATTGGCTTAGCTGTGTATGTCCTGTGGTGGCGACAGCGCAATGTGGTCAGTCGGGTCGGCTACCTCAATGGCACAATTATTACCCTCTATGCCAGAATTCCCGGCACCTTAACCCTAAGAGCACTGCGCCCTGGCGAACTCCTGAGTGCCGGTACGGAAATTGGGACGATTCGCAACGATCGCAATCCCCAACTGGAAACCGATCGCCAGAACCTTGAAACTCGACTCAATGTCGCCCTTTCCCAACAACGGGGACTGCAACAGAAACGCAACAGCCGTATGGCTCTGATTTCTCAACTCGATCGCTATCAGCAGAGTCAGCAAACCCTTGAAGTTCGCTTTGCCCAAGAGGCAGTGCAGCGTACCCTAGGCGAACTGCGCCAAGCCCAAGAAGCTCTGGCCATTGCCCGCATTGAAGCCGATCGCTATACCAGCTTAGTGGAAACAGGGGCTGTGGCGCGCCAACTCGCCGATGAAGCCGTTTCCCGTGCCAAGCAAGCAGCGAAATTTGTTGAGAGTAAACAGGCCGAACTGCGCCGCCAACAAACAGCCCTACAAGCGGCTCGCCAAGGATTGCAACTGGA
NZ_CP096573.1_gap43	1559185	1561527	2342	CCACCACGGTTGACGGTAGTAATCAAGGGGCATGGGTTTCCGCTGCAAAATCTGGCGGGCGATCGCAAAGGCCTCAAAGTAGGTCAGGGAGGGCAAATGGTACCCCCGCTGCCAACCGCCACAGGCATAGACTTGGGGATGACTGGTGCGCCCTTGGGAATTGATCCGCAACCACCCTTGAGCATCTCGCTGCAGGCGGTGCAGGTTCAAAGGAGTTGGATCGGGGGCTTTGCGCCTTCCTAGGAGGGGAACCCCTAGACCGAGGCCACTCAGGGCAGCATGCAGGCGATCGTTGAACCACGCATCTTCTGTGGCCACAAGCGGCAGACCTTGTGCATCGGGATGCAAGGCTTTGCCAGACCAGTGGTGCCAACAGGCCAGCTCAATCCTGCTGAGGGCGTCCATATCCTGAGCATCCATTGCCGCAGGCGCATCAAGGAGGAAATAGCCTTGCGCATACAGGCGATCGCCCCCCACCTGAAAATGACAGCGGGGCTGCCAGACAAATTCCCCCGCCCCTGTGATCACATCGACCCCCACCAATTCCAAGACCCTAAGGGCATAGCGGCGCTGTCCGTGGCTGAGGTGGGCTTGAAAGTGCTGCCACTGCTGAGTGTCCAACCTTTGGGGGGGAAACTGCGACAGCCACCAGCGTTGCCACTGCCATTGCCACTGCGCATCAGCGGCTGGGATTACTAGGCCAATCCGCCCCAAGGCCGCACACCGATAGGCAATGTCCAATGCCAAAGGACTCGCCGCCACAATTAGCAAATCATACTCAAAGCGCATAGGAAATTAAGATAGAAACGACGACACTGGCAGCCCCTATGAAGCCCATCCGCACGTTTAACGTTCGTCCTCACCTGCCGCAACGTTTGGAACCCCTGCGGGAACTGGCCTACAACCTCTACTGGACGTGGAACACGGAGGCGATCGCCCTCTTTCGCCGCCTCGACCCAGAACTGTGGGAGCAAACAAACCATAACCCTGTCGCCCTTTTGGGACGCATTCGCCAAGATCGCCTCTTGGATGCGGCGGCCGACAACGGCTTTTTGGCACAGATGGAGCGGGTGATCAGCCAATTTCAAGAATATGCCCAGCCTGTGCAGACGTGGTACCAGCAAACGCGCACGGACGCGCCTCCCGGCGAGTGTATTGCCTATTTTTCCCTTGAATTTGGCCTCACGGAGTGCCTGCCAATCTATTCGGGGGGCTTGGGGGTCTTGGCCGGAGATCACCTCAAATCCGCCAGTGACTTGGGACTGCCCTTGGTGGGGGTGGGGCTGCTCTATCAAAAGGGCTATTTTTCGCAGTACCTCAGTGCCGATGGCTGGCAGCAGGAACGCTATCCCAGCAACGATTTTTATACCCTGCCCCTCAAGCTGGTCACTACTGGCCAAGGTCAAGAGCATCGGATTCGAGTGGACTACCCCAATCGAGAAGTCCAAGCACGGGTTTGGCAAGTTCAGGTGGGTCGGGTTCCCCTTTATCTTTTAGACACAAACCTGCCAGAAAACAGTACCTACGATCAGCAGATCACCGACTACCTCTACGGTGGGGACATGGACATGCGCATCCATCAAGAGATGTTGCTGGGCATTGGTGGCGTGCGTCTGCTCCACAGCTTGGGGTTGCGACCAACGGTTTATCACATGAATGAGGGGCACTCCGCCTTTTTATCCCTAGAGCGCATTCGCCAACTGATCACCGAAGAGCAGCTTACCTACGATGAAGCCTTGCAGGTGGTCAAGGCCAGCCAGTTGTTTACCACCCATACCCCCGTGCCTGCGGGGATTGATCTGTTTCCTGCCGATAAAGTGACCTACTATGTCGGCCACTATGCGGAGGCCTTTAACCTCTCACAGCAGGAGTTTCTCTCCTTGGGTCGTGTGAATCCGGGGGCTTTTCAAGAACCCTTTAGTATGGCGAACCTAGCCATTCATACCGCCAGTTTTGTCAATGGGGTGAGCGCGCTCCACGGTGAAGTCTCCCGCCAGATGTTCCAAGGTCTGTGGCCCAATCTGCCGCCGACGGAGGTGCCGATTACCTCGATTACCAATGGCGTCCATGCTCGCAGTCGCGTTTCTGAACCATTGCAATACCTGCTGGATATTTACCTTGGGCCGCAGTGGTCTGATGCGCCCTTGGCGGATCCCCTCTGGTCGCGGGTCAGCAGTATTCCCGATGAGGAGTTGTGGCGTATCCATGAGATTTGCCGCTATCAGTTGGTGATGTTTGTGCGATCGCGCCTACAACGGATGCTTGAAGAGCAGGGCGCCTCTAGTGCTGAATTGACGCAAGCGGCAGAAGTGCTGGATCCGACCGCCTTGACCATTGGCTTT
NZ_CP096573.1_gap44	1626355	1629824	3469	CCCCTAAATCGCGGTTGGCGATCGCGGCTGCCTTCTTTAGCCGTGCCATGGCATGAATAACCTCGAGGGGCATGCGCTCGTGACTGATGGGAAAATACTTTAGGGAGCGCGCCGTCTGGGCACCCCAGTAGCAGTCCGCTGGTACCTCAATGGCGCCGAGGGAGTCGTATTCTAGGCGAGTTGCAATTGTCATGATTCGTCATACCGAGGGGGAGAACCCATCTCTCATCATTGCAGAAGAAGAGCCAATGCTTACCTTAGACCTATCAGAGATAGAGTGGCAACAACTGAAATAGTCTAAGTCAATATTCCGAGTCAGAGAACTTAGCGTCGGGAAATTTGGCTGGGAATGATTTAAGTTATATTGTAAAGCCGATTTTATTGCCTGATCTCTCATCAAATCAAATGAATTTACCAGTGCTCATCTAAACATAATCTCCGGGTCGTCGGAGGGCAATCAAAGGATTAGCATGTTCAATCTGATAGTTAGGGTATCGTGTTCTAGCATCTGCCACAGCTTCTATCCATTCAGGATGCCGATCGTTCCACAAGGGATGGCGGATAATTCGAATCACACTGTTGTTTCTCTGATTTTTCACAAAACCAGTTAGATTAGCAAACTGAGTAGGACTGCCATAACCAAGGTGTTGAAAAGTTGTAGAAATTGCACCAGTTACTAAACTTTGCCAAGGATTAGGGAAATTCCCCCAATTAGAGGCTAAGTCTATAGTAACGGATGAGTCTCTGACCAATCGAGCCATATCCAAAGCCAATCGCCAGTCTAGGAGACCATGATAGGCAAGATTTCGATAATCCCGCAAACAGTCATTACAAGAAGTATCACAGTTTCTGCCGTGACCTTGAGAATTCAGCCAACGGTAGGCTATTGACAGAGAATTATTAGGGTCTGATTGAGCCATGACTTTCTCAAATTGATGAGGATTGGCTAAAAAATTGCAGTAGCCTGCACCATTCTCCAAACTGTCACAGAGAAACGCTTGGCCTACAACTTTGCCATCTTGAGCTAATGTACGAAATCCTGCTTGCAATTCCAGCGGATCGACATCTAAATAAGCAGAGGCGGCAATCCTGAGCCAAAAAGCGAAGGAATACCATGCCGCTCTCCCTTCTACCGTCATTGGATCAGCAAATACCCCCTCACTCCACCGGGCAATGTTTACCAAGAGAATGTCAGTTCTGCGCCGTGAAAGAAGTGCAATTTTATATTTCTGCCCTGAACCAGTAACACGATCGCTCCCTTCAATGGCATCGGCAACTACATAAGCTCCTGATTTGGGGTTACCGAATACTGAGGCATTTTGAAAATCGAATCCTCCCCTCCCGCCATTATCATTGATTGAAATAATGCGATCGCTTACAGAAGAAACATTAGCGTTCAAAACTAAGATTGGATTACCAGCAGGAGAATTGATACTAACAGTGGGACGTGTAGAACGAGGTTGCCACTCAAACTGCCCATCATAATCCTCTGGTTTCAAATTCGTAAAAAAACCTTTTGGTTCTCTAGCATCCAATGATCGCAAACTTTGTTGATGGCACACAGGGCATTCAGATAGTTGATTTATGTTACTGCCAGTAATAGGTTGATCAGGTTGATAGGGATAAACTACAGCTTGACAATTACTGCATAACCCCAGTGCTTGGTTAGGCTCAGATAAAGGGGGCGAAAAACCGGGCTTAACATCAATATAGCTACCATTATTTTGAGGTACTAACTCCACAACTCCACAGGCGGTATGCACTGCCTTATCTCTTACAGTCTGAGAACCAGGCGCAAACTGACCGATCGCTATATCCAAATCACGATCGATGGCTTCTTTATTTGACCATTTGGTGTAGAGAAGCCTTACCCTAGTGGGAAAGCCAAACATAGGCAAGTATCCCGCATTTGCTAATCGCTCGCTCAAATTATTTTGAGTGTAGGTAGCATCTGCCACAATACGATCAATTTCAGGAATAAGGTCATTACGAAGATAAGTCAGAAATTGAGAGTCTTCTGTGCTTAAATCAACTTGGATTTTTAATGCCTTTAAAATAGATAGAATTTTTGACTCATTAGAATTATCCTGCAACCAAGCAATAATTTGAGGTTTGTATTTATGCCAGTCTTCAACTTTGCCAAACTCACCATGCACGCTATCAGTTAGCTCCAAAGAGCTACTAATCTCTTTTTCTTTAAATGACTGTCGTAAAACTTCCTTGATCAACACTCGCCTAAAAATCTCCTCACTACGCATATCCACATAGGGTGGGGGAGGTGGATCACCCGTAATGCTCTCTGGACGCTGGAAATAAAAATCGTCATGACTTCTACCCCTACAGAAAGTAACCGCTAGAGAAACTCCTGCACTACGCCGTCCTGCCCGTCCTACCCGTTGCTGATAGTTGAATCTGCGGGGGGGCATATTAGACATCATCACCGCCAATAACGCTCCAATATCAACACCAGCCTCCATTGTGGTCGTTACGCTTAAAAGATCAATGCCTTGAACCTTGGGAATTTCTTGACTGATGAATACATCTTGAAACCAGCGCTGGCGTTTTGGTCGCTCATCCTTATCCGTTTGTCCTGTGAGTTCTGCCGCATTCATCCGAAAAGGATTCCCCGACTGCTCCGAAAGATAAGTGTAGTAATCAAAATCCGATCTGCTTTGGCTAGGTTCAAGCCTTACTATTGGCGCATTTTTATTTTTGGAAGTATTGCATTCAGGACAAATTCCACCCGCAGGATGAAGATAAAAAGCATTGCATTGGGGACAGCGATAACCGGGGCGAGTGCCATCACTATTCAATTGTGTAGGAGGAGGAGGTACAAGATAAAGTCTGTCTGGATTGAGAGCAAGACTCTGGCTACTAGCTATGCCTGCATTAGAGCCAGCAAGCTGTTTTAGAACATCAGCGGAAGAAACATTAGCGATACGGTTGCAATATCTTTCAGAATAGCCGGGTAAGTTTTGATTAGTCCCTGGATGGAAATAACTGGAGTATCTATGAAGTCGGCGGATACCTAATTGGCGAATGACAGCATCCACGACTTGAACCAAAACATCAGAGGCATTCCCGACAGGTGAATAGCTAACCCACTCTTGTCCAATATTCTCAAGTACCCTAGCTACATGAATGAATATAGCGTACATCATCTCATCAGCTAACTTCCCTTCTAAACGATCAAGATGATTAGTTTGTTCAGGAGTAATAGGAGATATTGGAACAACTGCGGTGTCCCAGTTGTAGCACTCAAACCAATAATGCCACTCTCTTCCACTGTTTTGACCTACTGAGTAGTTTAGGGCGCTGAAGTCAGTTCCACCTGGACAAATTCCATACTGCAGTAAAGAATCTCGTAGTCTGCGCCTTAAATCCAAGAGGGGGACACGATTTGGATAATCTCGGAGCATTCTTAGCCATTCACTTCTTGCTGATTCGTTGGCAGAAGGATGATTCATAC
NZ_CP096573.1_gap45	1630843	1632786	1943	CTCACTGGTTGGGGCGATCGGCCGTTAGCCAAGGTACTCATTCCCAATGCCATTAAAAATCCTCGCATAGCATCAGAAGTAAGCTGTCCTAGTTCTCTAGCATTGGGAAAAAGCTGATCATCTAAATCTCTTACATCAGTAGCACGAACACTACCATTGACGGCTCTACAAGCATCTCTGATAGCATCTGCCGCTTCTATATTTTCTAGAGCTTCACCCAGTTGTCTGCGTGGGTCAGAGTCACTACTGAAAGTTCCTAAATTTTCTGCCAAAGTAGTTATGTATGGCAGTGATGATTCAATATCAGGTGGTTGCATGGGACGAAATGGATCGGGCTGAACTGAGCGAGCAAACTGAGCAAAAACATCGCTATATTGATTGATATTTAACCGTGCTCCTTCTCTAGGTGGAGTTTGCTCCCCAGTAATCAAACTAAAGTCCCCCCGACCAAAAAACTGCCGCAGAAAGTCGTTTCCCTCTTGTCCTGCTTCTAAACTAGCTGTGGTCGTTAAGATTCTCAGTTGGGGTGAATCAGCAGTTAAACCGAGGCGATAGTATAACAGGCGAAGGATGTAGGCAACTTCTGTACCCGGTGTACCCCGATAGGCATGCAGCTCATCAATAATTAAGTAGAATTTATTTTCTGAATTACTTTCTAACCATCTCTTTGTAGCATCAAATATATTGTTTTCGATACTTCGCATCATCATGATATTCAGCATTGAATAGTTGGTGATCAAAATATCAGGGGGATGGTCTTGCATATCCCAGCGCGATCGCATTTCACCGCCATCTAATCTTGGAAAGTAGAAGGGTAAGTCGGGCATGTCATTAAGCACTGATGGATCACTTGCAATACCATTTTGAAGATTTTGATATTCCTGTTCCATAGTTCGCATGATAGTTCTTAATTCATTCAACTTGACTGAATTGGTTACCTGCTCATTTCTACGGTTTAGCCTAGTTTTTGTTCCAGGTACAGGGGTAAGCCCTGTGTAGCGTCCAAAGGTAATGCGGTTTCCTGCTCTAGTACGATCGAGCCATTCATGCACAGTAGGACTATCTAAAACTTTGCGTAATCGGCGTAATTGGTCTTCTACCAAAGCATTCAAGGGATAGAGAATCAAGGCGCGTACAGCCGCAGGACGAGTTTCATGGCTCCTTTGAGCAACCCAATCACCACGAGGATTATCAGTTTCATCCCACCAACGTTGATTTGCAGGTTTAGCATTAGGTGCTGTCCAGCTTTGAGATTCTTTGGCTAACTCAGCTAAAAGTGGCAAGAGAAAGCACTCTGTTTTACCCGATCCTGTCCCCGTTGTAACCACAATATCTCTTTGATTAACAATCGCCTCTTGTAAACTTTGCCATTGATGCTGATAAAGCTGAATTCCATCATCAAAGAGAGTTTGTCCAAGTTGGTCTAACTCTTGATATTCTCTTGGTAAATTTCTTGCGGCATCAGACAAGCTCATGCCTGATGAGGGATAAATTGGTACTGGCTCAACTAATGGTGGAATAGTCAGGACAGGATTATGGGGATCACGAAGAAATTGCAAGCGGCGATCGCGTTCTTTGCCTAGGGCAGGATACCGCAAGGGAAATGCACTCTTGATGTAAAGTTGATAAATGCGATCAAGTCTTTGATATGTGCCAAGTAAGTCATGCATAACTACTGCTCAGTTAGTGTAATCTTGAGAGCTTTTGAAATTTCTCTAGCCAGCCGTGAACTAATTCTATTATAAATCAAGAAGCCATCTCGGTAGGTAGGTAACATGCCAGATGCCATAACTAAATGAGATTCATAAATCTCTGGCAACCTTTGAGATATAGGAATTGCCAAAGTTTTTTCTTGGCGATCGTAGTAAAACTCAACATTCTGCCCAAGCGATAAAATTGCCAAAAATCTTAATCCATAATAATCACCTTGTAACCATGATTGT
NZ_CP096573.1_gap46	1667780	1671240	3460	GGACACTCCGCTGGAGCGATGCTTCCTTTCCTGTGGAAAATTTCCAAGGCTATACCTCTCCCTTTGGCTACCGGCGATCGCCCACAGGGGAACCCACGACCGAATTTCACAATGGCCTTGATTTTGCCGCTCCTCAAGGGAGCTATATCCGTAATTGGTGGGTCGGGCAGGTGATTGAAGTTTCCGATCACACCGCCTGTGGCACACTGGTACGAATTCAATCGGGGGCTTGGGAACACGTTTACTGCCACATGATGGGGCGGGTTGAGCAGACCCCCCAAGGCCGAGCCATGGTCGATCGCGCCGGTGGCCTTTTCATCCTAGAGGGGCAGCGGGTACCCACGGGGGCACGTATTGGTCGCGTGGGCATGACAGGCCGCACCACCGGACCTCACCTTCACTGGACGCTCCGCCACCGAGGGCAATTGGTCAACCCTGCCGTGGTTCTACAGGCCATGTATGGTAGCCAAGCCCAGCGATAACTTTCTGATTAAAAACTAACGGGACTGACGGGGCTCGAACCCGCAACTTCCGCCGTGACAGGGCGGTGCTCTAACCGATTGAACTACAGTCCCAATTTTTGAGCGATTTTTAGACTATCAGGAAAATCATAGCCTTGTCAACTGGTTAAATTTGCCTTGCAGGGCGATCGCCTGCGGGGCATCAATCAACTGCGTAGCCTTGACCCCAACGATGCCTTTCGGCTCATTCAACCCCTCAGCCAAGATGAAAATTCCCGTGTCCGCTACGCTGCGGTGAGTCAAATTGCCAGCCTTAGGCACGTCAACCTTGATCAAGCCCATGACCTGTTGCGCGATCGCCTGCTCCATGACAGCGAAACGGATCACCACCTTGCGGATGCTCGCCAGGAAATTCTCACCGCCTTTTGTGCCCTTGCAGGCTTAGACCCAGAGATTCTGCATCAGGTGTGGCAAGCACCAGCGGTTGAGGCTGCCCTCAAATTTTTAGCAACAATGGCTCCCCAAGCCTTACCTGAGATTCTCAGCCACATTGCCAACCGCATTGATGAGCGCGCCATTACCTATATCCATGCCCATTGTGCTGCTCCCATCAGACGGTCATTACAGGTGGGATGTGCCTTGTTTGGGCGCGATCGCCAAATTGTCGCCATCAGCGAGGCAGGAAACCTAATTTTGACAAGGATTAGGCTATACTAAGTGAAAGACTCAATAAAATCTGTACCAGCACTTATGAATACAAACTGCCATGTTCTTGATCGCGAAGAGGTCATTCGTTTTATCCCGAATGAAGATGATAACTCAAGGATTATTTACAAACAGCGTAATACTGATATTACTTATCCAGAAGAATTTCTAAATCTTATTTTTAATGATGCTAGATTGATTCCACCATTAGTTAGAGGTTGCTCAGCAAGAGTTATGATGCTCGATAAGACGGGTTGGCATAAGGGTAGAGTACGATTAGAAATTGTATTCTATCCCGATGAGGAAAACCCCAATATCAATGTTAGTGATGAACTGAACATTAACGAATATCTATCTCAGAGTTAGGGTTGACTCATAGAAGCTAAGGAAAGTGGTCTACTAAGGATTGGAGTTTCTAAAAACGGTAAAAGATTGATAGCCAGTATCAATTAAGATATGCTCAAATAGTTCCTCTGCAATCAATTCATCAATGACCTGCTTAACGGGTGAGTTATTATTCCCTGCGGCATCATACCAGCCATAGTAGTCGTGTAAAATAAAGTATCCCCCCGGTCGTAAATACCACGGTACATAATTGAAGACATCCGCTTTGCACCCTTCATAACTGTGATCACCATCAATGAAAATGAGATCAACTAAACCGTCAATCGTGACTTCATCTGAGCGGGTATTAATAAATTCAACATAGTTTTCAAGATTTGCTTCAAGAATTAATTCCTCAGCTTCCTTGGTTGGAAATGGATCAATTGAAAGCAGTTGTCGTTTTTTCGGCGCTTCAAATTCGTTGTAATTGATGTCAGGTCGCTGCTTATGTTGTTGTGGTTCTTGCCAGCCAATATCAATGAATCGTAGGGCACTTGCTAGACAGAGAGTTGAAAATCCCTTAAAGCGGCCAATTTCAATGATGCGAGTAGCACGAATACTCACCGCCAGAGAAAAAAGTGTCATCCCCAACCCCAGTTCTGAGCCACCAGCAACAAGTGCCTTCCGCATCAAGCCAAAAAAATCACCAAAATAGCCGTCCATTCTTTTCTGGTTATGGGCTAAGGCTTCTGTTGTCATTAGGTACTCTGGACTAAAACTCATGGGAGTATTTCCGGCAGCGACTTCTTGTGGCTCTACCTTATCCTAGCTGAGGTTACAATATAGGATGCTGGGAGAGATGGCAGAGTGGTCGAATGCGCTCGACTTGAAATCGAGTGTGGCAGTGATGTCACCGAGGGTTCGAATCCCTCTCTCTCCGTTCAATCAACAAAAAGGCAGCCAGAACCTCTCCAGCCGCCTGACCCAATGATGACTTTTTAGAGTCACCTATAAGCCGAGATCCGCCAAAAGGTCGGTGGCGTGGGTATCGGTTTTGACGCTGGTATAGACATGGGTAATGATGCCATTGCCGTCAATGACATAGGTAACTCGCTTGGCGTAGCCGCCGCCGTCCACATCGTAGGCTTTAATAATGGATTTATCCACATCTGCCAAGAGGGGGAAGGGGAGATTGAATTTCTCGGTAAACTTTTGGTGCGAGGTTTCGTCATCGGTACTCACCCCCAAAACGACAATCTCTTTGCCCTGATAGGCGGCATAGTTGTCACGGAAGCTACAGGCCTCTTTGGTGCAGCCGGGGGTGTCATCCTTAGGGTAGAAGTAGAGCACCACAGTTTTGCCCGCAAAGTCGCTGAGGGACACCGTATTGCCGTGGGTGTCCTTGGCAGTAAAGGCGGGGGCGGGTGTACCAACGGCTAAAGCCATGGGGGATAACCTCCTAATGTTAAGTTTTATTACTTGCTTGTTCTTTATTTTATCGGCAGGTGCCAAAAAATTAGTAGTGGATGCGGGGGTCAATCCAAGCATTGAGCAAGTCAACGAGAATACTGGCGGCGACCACAATCACGGCAAAGAAAACCACAATGCCCTGTACGGTTGGATAGTCCCGCAGCGCGATCGCCTCGTAGAGTCGCTGACCCAACCCCGGCCAAGAAAACGTCACCTCTGTCAACACGGCTCCCCCCAAGAGGCTCGCAAGGGTCAGCCCCAAAACCGTGATCACCGGAATCAGGGCATTCTTGAGGGCATGGTGAATGAGAATCCGATGCTCAGGGATACCACGGGCACGGGCGGCTTCCACATAATCGGCCACTAGGGTTTGCTTGAGATTCACCCGCACAATGCGCTCAAAGATACCACTGAGGACGATCGCCAGCGTCACCGCAGGCAGGAGCAAGTAACTAAAAGCAGTTCCCAGTTGGTGGAGATTGCCATTCAGGAGCGCATCC
NZ_CP096573.1_gap47	1697564	1699491	1927	GTTGGGGAAGGTCAATGCCAAAGCAATACCGCGACGGGCTATACCTTTGCCTTGGGCTGCTAGTGATGCTAGGCGTGACTTTGGCGGCTTGGGCAACGGCGCCCTCCCAAAACTTGGCGTATTGGCAGCGGGTGATCCAACAACATCAGCAGCACCAGCAGGCGGTGGGTCAGCAGCGTCAACAACTCGAACGCCTTGAGGCAGCGGCGAGCGATCGCCTTGAGAGTTTGGAAACCAATGTGGATACGACAACGCAGCAATTAATGGCGGCCAGCGATCGCCTGCAAGCAGCGGAAAAACTGCTCAAAGACCTCAAGGAACAGCAACAAACCCTCAGCCAGCGCTACGAAGCCAGTGTGGCCGTGATTAGCGATCGCCTGCGGCGGCTCCAACGCTACCGTGAGATTCCCCAGTGGGCAATGATCTTTGAAGCGGAAACGCTCAATGACTGGTTTGAGCAGCAGGGGCGTCTGCGTCAAGTCTATGAGCGCGATCGCCAGCACTTGGCCGCCTTGGTTCGCGATCGCGAGCGACTTCAGCAGCAGGAGCGACAAATTCAAGTGCAACAGCGCTTCATTCAAGCCCTACGCCAACAACTGCAACAGCAACAGGCCATCTATGAGCGCGAAGCTGCAAACCAACGGCAACTCATTGCTCGCCTACGGAGCGATCGCCAAGCCCTTGCCTCCATTGAAGCCCAACTCGCCCGTGATAGTGCCGCCATTCAGCAGCTCATTAACCAACGCCTCGGTTATGTCCCTAGGGGCGCCCCACCCCTTCCCCGCAGTGGTCGTCTTGCCTACCCCATTCAAGCACCGCTGACCAGTCCCTTTGGGTGGCGGATTCACCCAATTTTAGGCACACGGCGATTTCATGCTGGTGTGGACTTTGGTGCTGATTTTGGCACCCTCATCTTTGCTGCTGAAGCGGGCACCGTGATCTTTGCCGGTTGGTCAGGGGGCTACGGCCAAACTGTGATTCTGGATCATGGCGGCGGCATGACAACCCTCTATGCCCATGCCCAGCGATTGCTCGTACGGGAAGGTGAATTTGTGCAGCAGGGACAGCCCATTGCTGAGGTTGGCTCGACGGGACTCTCAACAGGCCCCCACCTCCACTTTGAAGTGCGCCTGAACGGTGAACCCAGCGATCCCTTGGCCTATCTCTAGGGGGTTGGCTGCCAAAAGACACCAATGGCGTTGTTCACCCGCGTCGTTGTCACCGAATGGCGATCCACCAAGACCCCACCAATGTAGAGAGCCGTGGAACTGCCACCATCCAGATTGACGGCATTGATCAAGCCCAACTGGCGGACAATTTGTGCCCATTCGGCGAGGGTTGGCCCCATACCCCCAACACGGTTGTGGGTGGCGACCCAGACAATGCTGCCATCATTGCGATTGCCCATGGCACTGCGGGGGGCTGCCTGCGCATCTAAACCCGCTCCAAATTGCTCCAGTGCCGCATTCAAGACCACTCGCCCCTGATCCACCAGTAGGGGACCTGCACCAACAATATTGGGAATGCTATTAAAAACAGCGGGCACAGCCGTGGTTTCCAGTTGCACGGAAGCTCCCGGTGGGAAGTTTGCCAAGGCGGAATTAAAGTTACGCGCCACCAGTAGAAAGCCATCTGCGGGAATAGGAATCGCTTGATTGTTATTGATCGGTTGCTGCCCCACCACCTGCTGATTGCGCACCGTAATCACCACTTCGCTGCCCGTTTTCCCTTGGTAGCTCGCGCCCCAACTGGGGGTATAAAGGGCAAGACCGGCTTGGACATAGCCAGAATTGAACGTGACAATGGGCACCGTACCGGCCGGCGTCCTCACCCGCTGCTGCAAACTAAGGCGACCGACAACCACCTGGCCGCGATCGTCCCAGCCAATGGCACCGCGATTGAGAATCGGACCTGAGAGCCAGTTGCC
NZ_CP096573.1_gap48	1704100	1708285	4185	GAAACGTTTGGGGGTCAAATATGTGGACTTTACGGGGGGTGAACCGCTGCTGCGTGCCGATGCCCCAGCCATCTACCGGGAAGCCAAGCGTCTCGGCTTCATGACTAGCATGACGACAAATACGATTCTCTATCCCCGCCGTGCTAGGGAAATTCAGGGCTTGGTGGATTTCTTGAACTTCTCCCTCGATGGGCCTGATGCGGCCACCCATGATCAGTCGCGGGGCGTGAAAATTTTTGACACGTTGGTGGAGTCCGTCAAAATTGCCCTTGAGCTTGGTGAATATCCAGTGCTGAATCACACCGTCACTGCCCAAAATTATGAACGGATTGGTGAGGTGGCCGAATTTGCCCAAAGTCTAGGGGTACGGGTTTGGTTGAATCCCGCTTTTACCGCCCATGAAAACTACAACGACAAGAAGAACCCCACCCCTGAAATTGCCGACCACATTGAACAAAATGCGAAGAAGTATAACAATGTTGGTTACAATAAGGCAGCATTAGCCCTCATCCGTGCGGGGGGAAACAATACCCAAAATCCCCGTTGCAAGGCGGTGGATGCAGTCATTGCCATTTCCCCCAATGATGAGTTGCTGCTACCGTGCTACCACTTTGCGCAGAAGGGAGTCCCCATCAATGGTCGCCTGTACGAGCTGTACAAGTCCTCCAAGGTGGTAGAGGAGTATCGCCGCTCCCAAGGCCGACTCTCCGTCTGCGAAGGCTGCACAGTGTGGTGTTATCTCATTCCCAGCTTCTTTAAGGGAGTGGATAAGTACTGGTTTCTCAATCAGGTGACCTATGCCGGAGAATTCCTGGCCCGAAAACAGTTTCTACAACGAAGCCGATCCCCTCGACGAACTCCTGTCGGAGTGGGTTGATGCCCCAGAGAGTCCTCCATTACAACCGCGTTCTGAGGGTCGCCGTCGCAAGGCTTTCCTAGCGCTCTCTCTGATTTGGGGGAGCACGATCGCCCTGCATCTGATTGTGGGTGGCATTTGGCTGATCTATGCCCTAACGCTGCTCATGAGCTTGCAAACACTGCGCTACTGGCGAGCCAAGCCGCAAACGCTACCTGCATTAGAGGCCACAGAAAGTGTGCAGCCAATGGTGTCTTTGGTGGTAGCGGCGAAAAATGAAGAGGCGGTGATTGGTCGCCTCGTCAAAAACCTTTGCCGCTTGGATTATCCCCACTACGAGGTGTGGATTATTGATGACAACAGTAGCGATCGCACCCCCGATATTTTGAGTGAACTACAAAAGCAATATCCTCACCTCAAAGTGCTGCGGCGGCTGCCGGGGGCGGGCGGGGGTAAGTCCGGTGCCCTCAATCAAGTCCTGCCCTTGACACGGGGAGAAATTATTGGCGTCTTTGATGCCGATGCCACCGTACCCCAAGATCTACTGCAACAGGTGGTCAACCGCTTTCAGGTGGCCAGTGTTGGCGCGGTGCAAGTGCGCAAAGCAATTAGTAATGCCGACATCAATTTGCTGACCCAAGGCCAAGCGGCAGAAATGATCCTTGATGCCTACTATCAACAGCAGCGGGTGGCCTGTGGCGGTATGGGCGAACTGCGGGGCAATGGCCAATTTGTGCGGCGGCAAGCTCTAGAGCGCTGTGGTGGCTGGAATGAAGAAACCATTACTGACGATCTGGATCTCAGTCTGAAGCTACATCTCCACGGTTGGCAGATTGACGTGCTGATGAATCCAGCGGTACAGGAAGAAGGCGTGACCACACTCGTGGCACTGTGGCACCAACGCAATCGCTGGGGCGAGGGCGGCTACCAAAGCTATCTCGACTACTGGCAACCCTTGCTGCGCAATCGCCTTGGCTGGCAAAAAAGCTGGGATGTGCTCTGCTGGTTTTTGATCAAATACGCCATTCCCACGGCCACAATTCCCGACCTGCTGATGGCTCTACTGCGTCACCGCAGCCCGATGCTAGTACCCCTGACGACACTGAGCTTTACGCTTTCAATGGTGGGGATGCTGCGAGGGATTCCTCAAACGCAGTCGCTGGGGATTTGGCAACTATTTTGGCAGAGTTTGCGGGGTACCCTCTACATGCTCCATTGGTTGCCTGTGGTGAGTACAACAACACTGCGTATGGCCGTACGCGCCAAGCGTCTCAAGTGGGTAAAAACCGTGCACCACGGCATCTAAACCTAAACATTGGCCAAAAAAAGATCCGTGCGGGGACAACCTTGAGCTAGGCTAGAGGCAGAGTTTTGACTGGTTCTGCCATGTCTCGCAATAGCAACCTGCTGCCTTTGCTGGTGTCTCTTGTCCTCACCTGTGGTCTATTGGGGGTGGGGGCGGTGCTCGTGATTCGGTTACTGGGCAATCAAAATCCCCTTGAACAGGTGACTGAAAACTTGGGGGTACCCCAGAGTACGCCAGAGATGGCGGCTGCGAATTTCAGCGATGTCAGCAATGTTCCCAGTGGTACGTTTCAATACGGGGGCAGTACGACGTGGGCACCGATTCGCCGCGATGTCGATCCCCTGATTCAGTTAGCTTGGCCCAATTTTCGCCTGCGCTACACCAATCCCCCCACCGGCACCCCCGGATCGGGCAGTGGCATTCGCATGTTAATGAATAATCAACTGGCCTTTGCCCAGTCTTCCCGCCCCCTCAATGAGCAGGAGCGGCAGCAGGCGCAGAGCCAAGGGATAAAATTGCTGGAACTACCGGTGGCGATCGATGGCATCGCGATCGCTGTCAATCCCAACCTCCAGATTCCCGGTCTCACTGTGCAACAAGTGGTTGATATTTACACGGGCAAACTGACGAACTGGAGCCAAGTGGGCGGTCCGAATCTAGCCATTACTCCCTTTTCACGGCGGCTGGAAGATGGCGGAACGGTAGAGTTTTTCGTCCAAGATGTCTTGGGGAACCAGCCATTCAGTCCCAAGGTGGTGATGGTGCGGGATACCACAGATGCCCTACGGCGGGTGGGGGCAACCTCCGGCGGCATTTACTATGCCTCGGCACCGGAAATTGTTGGTCAGTGCAGTGTGCGACCCTTGCCTTTGGGGCGGCAGCCCAATCAGTACGTTCCTCCCTATCAGGAACCCTATGTGGATTCTGCCCAATGTCCACAGCGGCGGAATACATTGAACTATCGTGCCTTTCAGGAGGGCAGTTACCCCATTACCCGTCGCCTGTTTGTCATTGCCAAGGATGACAATAGCCCGGATGCCCAAGCCGGTCGTGCCTATGCAGCCCTGTTATTAACGGATCAGGGTCAAGCCACAATTGAAAAAGCCGGCTATGTCCGCTTGCGCTAGGGGAGCCAGATGTTTGATAAACCATTGAATCGAACCTATGAGCGGATCATGGTGGCCATTGCCAGCGCCAATTTTCTGTTGGTGCTCTTTGATCTCACCTATATTCCCCTACGGGACTTCTGGCTTTTGGGAACAGTCCGCATTCCCCTGATTCAGCGGTTGATTTATCTGCCCCAGCCTTTGCCGATTACCCCTCTCTATGACCCCATCAAAGGCATCGAACCCCACCGGGCAACCCAGCAGTACATCAACACGGTCAACCAACTCCGGCGAACCATTGCCGCTGAAGGGGTCGATGCGCCAGCTACTCAAGCACTCTTGGCTGAGTTGCGCAAGCAGAGCAAAACCATGGTGGATACTAACCCCTTTGCCCTTGCCAATAAGACTGGCACCCTTGAGCGGATCAAGAACCTGATGCGGCTGCGGGTCTTTGGCGATCGCAATGCCTCCTCTAAACAGTCCTTTGAGCGTTTTTGGAGTGACGAGTACATCAATGAGCGGGACTGGCAGACCAACCTTGCTTGGTTTGAGGCGCAGATCATTCCCCTGATGGCTACCAATTATTGGCGCCGCTACGGTGAAGATGGGGATTTTATTGACCACTTTGATGCCATTGATATTCCCTTTAATCTCCTCTTCTTTGTGGAATTCTTGGGACGCACGTTTTGGCTGAGTCGCCAATATCGCGGTGCCCGCTGGCGGGATGCTATGTTCTGGCGCTGGTACGATGTGCTGCTCTTTTTCCCCTTTTGGTGGCTGGCACCCACTTGGGCGTGGCTACGGATTATCCCGGTCACGATTCGCCTTGATCAAGCGGATATTATTTGCCTTGATAGTCTTGAACGGCAGGCCTCTCAGGGCTTAGTGGCAGCGATCGCCACCGATATTTCGGAAGT
NZ_CP096573.1_gap49	1866626	1869843	3217	AGGTCTGCGTGCTCCCGCTCAATTTTTTCCGCCTCTAAGGCGGTGAGGCGCCGCAGTTGCATCTGCAAAATGGCATCGGCTTGGGCTTCACTGAGGGCATAGGTTTGCATCAATTGCTGACGAGCAAGAGCCGTGTCACTGGCACTGCGAATGAGTTGAATCACGGCATCGAGATTGGCCAGCGCCACCAGCAACCCTTGGAGCAGGTGATCCCGTTCTTCAGCCTTGCGCAGGGCATAGCGGGTACGGCGGGCGATCGCCTCTTCACGGAAACTAAGGAACACCTCTAAACTGCGTTTGAGGGTCAGCAATTGCGGCTCGCCATTGACGATCGCCAGCATATTGGCGCCAAAATTCACCTGTAGGGGGGTTTGCTTGTAGAGATTGTTGAGCACCACCCGTGGGTAAGCCTCCCGCTTTAGCTCAATCACCACCCGAATGCCGTCGCGATCGCTTTCGTCCCGCAGATCGGCAATGCCCTCAATTTTTTTCTCGTTGACCAACTCGGCAATTTTTTCCATCAGCGCTGCCTTGTTGGTTTGGTAGGGCAACTCCGTCACGATAATCGCCTCACGGGGTTGGCGACCCGGTGCTTCAAGGGTTTCAATCGTGGCCACTGCCCGCAGCGTCATCGAGCCGCGACCGGTGGTGTAGGCCTCTTCAATGCCCCCTTGGCCGAGGATATGCCCCCCGGTGGGAAAATCAGGCCCCGGAATGTAGCGCATTAGCTCGCGATCGCTAATCTGGGGGTTATGAATTAAGGCCACCAGCCCATCCACCAGTTCTCCCAAATTATGGGGCGGGATATTCGTCGCCATCCCCACGGCAATGCCGGCGGTGCCATTGAGCAGCAACTGGGGAATCCGCGCCGGTAAAACTAGGGGTTCCTGCTGCGAGCCGTCAAAGTTATCAACAAAGTCAACGGTTTCCTGCTCGATGTCCTGCAAGAGGGCTGCTGTGGCTAGGGCTTGCAGCCGACACTCGGTGTAGCGCATCGCGGCCGGCGGATCATTGTCAATGGAGCCAAAGTTGCCGTGGCCTTCAATGAGGGGGTGACGCATCGAAAAGTCCTGCGCCATCCGCACGAGGGCATCATAGACCGCTGAATCGCCGTGGGGGTGATATTTCCCTAGCACTTCCCCCACCACACGAGCACATTTGCGGAAGGGGCGATCGCTGGTCAGCCCCAACTCATGCATGGCATAAAGGATGCGGCGGTGTACGGGTTTGAGACCATCGCGGGCATCGGGAAGGGCACGCCCAACAATGACGCTCATGGCATATTCAAGGTATGAGCGCGAAATTTCGTCCCGCAACTCAGTGGGAATGATCCGAGAAGAATCAGCAGCAAAGCTCATGGGCGTGTTTTACCAAGCAATTAATCGGGAAGCCTTGTTGTTCAGTTGGAAAATTTAATGATATCACGCCAGCCTGAACGCCAACCTTAACCCCTCTCTGCTGCGGCGTTCTAGCCCTCAAGTCAGCCTCAGCGATCGCTGGTTTGCCGGCTCCTATGGCCAAACCTTAACAATCTCTTGCTTTGGCGTTTCTGGATCCAAGAGAAACCCCTATAATAGCGAGAGACCCTATACGTTGCCCCATCACCAGCACTCCCTAATCTCTATACTGTCGCCTTGGCTCCCCCGTTCGAGTCGTGGCGTTTTTCAGTCCCTAGAGCCGGTTGCTGTTGCCAAGACAACGTTTTCATCCCTCAGTCGATTGAACGCTTTCAGACCCATGCAACAATCCACCTTTTCTTCTCCCGTGCATCAAGTTGGTTACCATGGACAGCCTTGGCTTGTGGCCGAGCGAGATGCCTGTGGTGTGGGTTTTGTTGCCCATCGCAAGGGGGTAGCTAGTCATCGCATCTTGACCCAAGCCCTTGAGGGATTGACCTGCCTTGAACACCGGGGGGGCTGTAGTGCTGATCGCGACTCTGGGGATGGGGCTGGCATCATGACGGCGATTCCGTGGGAGTTGTTGCCGGAGTTTGGCATTCCCCGCCAGCGGATTGGGGTGGCGATGATCTTTTTGCCTCAGGGGGCGGCAACAGCAGCGGCCAAATCCATTGTGGAAAAAGTTCTCAGTGAAAATGAACTGCGCCTATTGGGCTGGCGACCGGTGCCCGTAAACCCCAGTGTGTTGGGGGTGCAGGCCAAACAAAATCAGCCCCAGATTGAGCAGCTTTTTGTGGCTTCGAGCAAAGCCAGTGGCGATGAACTGGAGCGGCAGCTCTATTTGACCCGCAAGCGCATTGAGCGGGCGATCGCCCAAACGAAAGCGGACTGGCGACAGGATTTTTATATTTGTTCCTTCTCGACCCGCACGATTGTCTATAAGGGCATGGTGCGATCGGTGGTGCTGGCTCAGTTTTATGACGATCTGCGCAACCCCAACTACATCACCCCCTTTGCCCTCTATCACCGCCGCTTTAGCACCAACACCATGCCTAAGTGGCCCTTGGCGCAACCGATGCGGATGCTGGGACACAACGGCGAAATCAATACCCTCTTGGGAAATATCAACTGGATGCGGGCACGAGCCGCCCAACTGAGCCATCCCTATTGGGGCGAAGCCTTTGCGGATCTCATGCCCATTGTCAATGCCGAAAATAGCGACTCCGCCAACCTCGACAATGTGCTGGAATTGCTGGTGCAATCGGGACGGCAGCCCCTGCAGGCAATGATGATGCTGATTCCCGAGGCCTATCAAAACCAGCCCGATTTGGCGGATCACCCCGAGGTGGTGGACTTTTACGAATACTACAGTGGCCTTCAAGAGGCTTGGGATGGTCCTGCATTGGTCGCCTTTGCCGATGGCAAAATTGTTGGCGCCACTCTCGATCGCAATGGCCTACGCCCCGCCCGCTACACCCTCACCAATGATGATCTTGTGATTGTCTCTTCTGAGGCGGGTAGCATTCAAATTGATGAAGCAACGGTGATTGAAAAGGGCCGTCTCGGCCCCGGGCAGATGATTGCCGTTGACTTGGAACACCAAGAACTCCTCACCAACTGGGAAATCAAACAGCGGGTGGCACAGCAGCAACCCTACGGCGAATGGCTGAAAACCTATCGCCAAGAACTTGCCCCTCAACCCTATGGCGAAACCCCCACCCTCGAAAGCCAAACCTGCCTACAACAGCAAATGGCCTTTGGCTTCAGCGCCGAAGATGTGGAAATGATCATTGAGGCCATGGCCAAGGATGGCAAGGAAC
NZ_CP096573.1_gap50	1876076	1880401	4325	CTGAACTCCAAGAAGCGGCCAAAAAGCTCAATGCCAAGCGCATTCGCGAACTGATTGCTGAAATCCCACCCGAAGAAGCCGCCTTGATTGCAGGCCTTCAACAACTGGTGAAAACATTCCGCTTTGATAAAATTGTCGAGTTGACGCTGGTTTGATGTTCACGCTGACGCAACTTTGCCCTACAACATTGGAAAATGCCCGTCAGTTGCACCTCTTATTGACCGCAGAGGAACGCTGTCGCAGTCGTCTCCATTGCCACAGTGATGAGGGGGAATCTCTCTATCTGAAGTTGCCGCGCGGGATTACGTTACAGCCGGGCGATCGCCTTCAGGACGAGGACGGCACAGTAGTCGTCACGGTTCACGCCAAACCCGAACCCACGCTAAAGGTGATGGCTACCACTCCCCTTGACCTTCTACAGGCCGCCTACCACCTTGGGAATCGCCACGTCCCCTTGGAAATTCACACCGATTATCTCCGCTTGAGGGCAGATTCCGTGTTGCAAACCATGCTGGAACAGCGGGGCTTAATAGTAACGTTTGAAGTCGCGCCCTTTTGTCCCGAACGCGGTGCGTACCATGCTCACTGAGTCAGCGCTGTTAACCTTGTTGCAGCGGGTGAGTCCCGCTTTGCCCATTGGCGGCTTTAACTACTCCGAGGGCTTGGAGACCCTGATTGCCCAAGACAAGATCACCTCAGCAGCCGCCGTACAGGACTGGCTCACCTTTGAACTGACTTTTGGCAGTGCTCACTTGGCAACAGCAGTGATGGGGCGGGTCTATGGGGCGATCGCCAAGGGTGATTTTGACGCCGTTCACCAGTGGAATGCGTGGCTCTCGGCTGCCCGCGAAAGCGCCGAACTGCGTGCCCAAAATTGGCAAATGGGAACAGCATTGATCAACCTCGTCGCTGCCCTCGATCGCCTACCGCCAGAACTTCAGACTGGTCAGCCCTACCCTTGGAATGTCAGTGTTGCCTTTTGCATTGCCGCTGCCCTTGCCGACATTCCCCTAGAAACCGCACTTCTAGCCTATTTCCATAGTTGGGTCACTACTCTGATCAATGCAGCGGTGAAACTGATTCCCCTTGGTCAGACGGCGGGTCAAGTGCTTCTGCGCCAACTTCAACCCCAGATTCAGCAAACCGTGCAGCAGAGCTTAAATGTGACTGACAATGATTTAGAAAGCTGTACCTTGGGCTTAGCCCTCGCCAGTATGCAGCACAAAACGCTCTACTGCCGTCTATTTCGCAGTTAATCCTGTCTAGAAAATGATTTCCGTCGAAACAGCCGTTGACCTGATTCAGCAGCATTTGCCCGATTGGGGCACAGAGACCATCTCTTTGACTGAGCCTCAGTACAGCCGACTAGCGGGAGCCATTACTAGCGATCGCCCCTACCCACCCATTGACCGCATCATGATGGATGGTATTGCCCTGCGGTGGGCCGCCTATGGATCTGGTCAGCGTGCCTTCCCGATTCTGGGGGTTGTCCCTGCTGGTGAGGTACCCCCCACGTTGACGGATCCACAGGCCTGCTTGGAAGTGATGACTGGTGCCGCGTTGCCCCAGGGCTGCGATCTGGTCATTCCCTACGAGGCTCTGGAAATTCGTGACGGCATTGCCCATATCCGCCACGCCCAACTGTGGTCGCCCTATCAATTTGTCCACCGCTGTGGCAGTGATGCGCCGGCGGGTCAACAGGTGCTGGCGGCAGGTACCCCTCTACACAGTCCGGCTTGGGGCATTCTTGCCGCTGTGGGGCAGAGCGAAGTTTGTGTCCAGCGCACCCCCCGCACTCAAATTGTTGCCACCGGCAATGAACTGATTCCGCCAGACCACGTACCTCAACCCCATCAACTGCGCCTCTCCAATGCCTACGCCCTAATGGCTGCCCTCAAGCGCCAATGGTACAACCACGTCAGTATCACCCATTTACCCGATGATCCGCTGCAACTGGCAACCCACTATTGCCAAGCGAGCCAAGCGTACGATCTCCTGATTTATTGCGGCGGCGTTTCCAAGGGCAAGTTTGACTATTTACCGCAACTGTGGCGCGATCATGGCGTGCAGCAATATATCCACGGTGTCGCTCAGCGCCCTGGAAAACCCCTCTGGTTTGGGGTGGATCACATGCAGCAAACGGCAGTCTTTGGCTTGCCGGGGAACCCCGTCTCCAGTTTGGTGTGTTTACACCGCTATATTTTGGACATGCCACGCCTCTATGCCCGCTTGGCCACTCCCTTCTCTTTTGAGCAGCCCTTAACCTACTTTTTACCCGTTAAACTAGAAACCACAAAAACTGCTGAACTGATTGCCCACCCCCGTCCGATGCAAAACTCTGGTGATTTTTTGGCCTTGGCTGACAGTGATGGCTTCTTGGAGCTACCTGCCTCGCAAGGGATATTTGCTGCTGGGGAGTGCTATCGCTATTTTCCGTGGAGTTAGGGCGGATGGTTGTCACCACAGCTATCCCTAGCCAACGTTTGCTGGATAACCAAGGGCGACACATTCGCAAGTTGCGCCTGTCGGTTACCGATCGCTGTAATTTGCGCTGTACTTACTGTATGCCCGTGGATGCCGCCTTTATGCCCCCCCAGACCTATTTAAGCCCCACAGAGTATGCCACGATTGTGGCTGAACTGGTGGCACTGGGGATTGAGTCGGTGCGCCTAACGGGGGGTGAACCGCTCCTGCGAGCCGAGTTTGCTGAGATTGTCGCAGCCTTGGTGGCAGTGGGGGTACCAGAGCTAAGCTTAACCACGAATGGGATTCGCTTGGTGCCCTTTTTGCCCCTCTTGGAACAATATGGGGTACGGCGTTTGAATATCAGTCTGGATAGCCTAGACCCCGAAACCTTTGCCGCCATTAGTCATGGCCACCACTTGGAAACGGTGAAGGCGGCGGTGGCCACTGCGGTTCACCAAGGGTTTCAGGTGAAGCTGAACATGGTGGTTATGGCGGGTGTCAATGATCACGAACTGGTGCCAATGGTGGAGTACGCCAAGGGGTTGGGGATTGAGGTGCGCTTTTTGGAGCTGATGCGCATTGGCTATGCTTGCCACTTGGGGGGCGATCGCTTTGTTAGTGCTGCCACGATGATTGAGCGCTTGCGTCAGCATTATGATCTGCGACCTGTGCCACGTCCTTTGGATTCCACTTCGTTTAACTTTGAGACGGCCTGTGGCGGGCAGATTGGTTTTATCGCTTCAGAATCCCAACCCTTTTGTGGCCACTGCTCCCGTTGGCGCTTGTCTGCGGATGGTGTCCTGCGAGCGTGCCTGTTTAAGGAGGCGGGGGTGTCCCTACGGGGCTTAAGTCAAAGGGAACGGTATGCCGCCTATGAGCAAGTGTTGGGCATGAAACCCAGCTTGCGCGGAGCAGAAGTTCACCATGCGATGCACCAGATTGGAGGCTAGGAGGATGCTCTCCCACATCAATGAGAACCAACAACCCCAGATGGTGGATATTAGCGAGAAGGCCGTGAGCGATCGCCGAGCGGTGGCAGAAGCCCTGATTGAATTGCCACCGGTCTTTCAGGCCTATGTGCAAGGGGGAGATCTCTTTCTCACGAAAGGGCCTGTGGTGCAAACGGCGATTATTGCTGGCACAATGGCGGTAAAACGCACCGCTGAAGTCATTCCCTTTTGCCATTCGCTGCCGATTACCAGTTGTCGCTTTGAGACGGATATCGAGTCACTTGAGAGTGGCCTTAGAATTCGCCTGCGCTGTGAGGTCAAAACCCGCGATCGCACCGGCGTGGAAATGGAAAGCCTGCATGGGGTGGCGATCGCAGCCCTCACAATCTACGACATGGCCAAAGCCCTCAGCCCCCATATTGTGATTCGCGAGGTGCGCCTGCTGGCGAAAAGTGGTGGCAAGAAAACCCTCGGCCAATATCCCCTCTACGGCCTTGTGCTCACTGGCGGCCAGAGTCAGCGCATGGGTCAGGCCAAAGCCCTGCTAGACTACTACGGCGAACCCCATGCCCAGTACCTCTACAATTTGTTGGCTCAATCCTGCGAACAAGTCTTTCTCTCAGCGCAACCCAATCAATGGCAGGGGACTCCCCTTGCCGATTTGCCAACACTTGCCGATACCCTGCCTCAGATTGGCCCCATTGCCGGCATCCTAACAGCTTTACGTGCCTATCCCCACGTGAACTGGTTAGTGGTGGCCTGTGACTTGCCCTATTTGACCACAGAAACCCTTGCGCCCCTGTTGCACCATTACCGCGAAGATGTGGTGGCCACCTGCTATCACCATCCCCAAGAGGGTTTCCCAGAGCCATTGTGTGCCATTTATACCCCCCAAGCTCTGCCGGTATT
NZ_CP096573.1_gap51	1882357	1886594	4237	AAGTTAACTGTGGCGGGGGACTTGTTTTTGCGCCGTGCCCATCGCATCTGGCAAGAGTGGCAGGCCGCCAATGCGGAACTCAAAGCCATGCAAAATGGCCAGCAGCAGGAACTCTGCATTGCCGCTATTCACTCCATTTGCCGCTACTTTTTGCCCATGCTGTTACCGACGTTTTGCCAAGCATTTCCCCAAATGCAGTTGCGGGTGACTGCCCTAGGGAGCGATCGCGCCCTCAAAGTCTTGCAGGATAGCTTAGTAGATCTAGCGATTGTCATGGGCGATCGCCACCTCTTAAAACAGTCGGAATGGGTGATTGAACCGCTGTACAGTGAGCCTGTGCAAGTGCTAATGGCGGCTGAACATCCCCTCGCTGTTAATGAGACCTTGACATGGCAAGAACTAGCTCGCTTTCCCCATGTGGTATTTAAGGATGGCTATAGCATGCGCCGCTTGGTGGCTGAAGAATTTAGCCGTCGGGGTTTACCTTGGCAACCCGCTCTTGAACTCAACACCCCTGATGCGTTTATTGCTGTGATCCGCGAAAGTGAGATGGTTGCCTTGCTGCCGCGCTCTGCCCTCAAGGAAGCGCTCCACGATCCTGCCCTAGGGATTCGTGATTTATCCACGCCACTGCCCCTGCGTCAGGTGTTGGCCATTACCACCCACGATCGCCTGACCTTACCCCCCGTTGCTCGATTGCTCACATTGATCCGCCAGCAGGCTGCCCATGAGTCTTCTCTTTCGTGATCTGCTCAAAAAAGTCGGCAGTGGTGCCCACACCCACAAAGACCTGAGCCGCGCCGAGGCAGCCTTGGCGTTGCAACTCATGCTGGAGCAGGTGGCAACCCCTGCCCAAATTGGGGCGTTTTTGATTGCTCATCGGATTAAGCGACCCACCTCGGAAGAGATGGCGGGTATGCTCGATACCTACAACGAGCTAGGGCCGAAAATTCCAGCGGTTGAGACCAGTTGCCCCGTGATGATCCTCAGTCAGCCCTACGATGGTCGCGATCGCACGTTTCCCCTGAGTCCTTTAACAGCATTGGTTTTGGCGGCTGCTGGGATTCCAGTACTTCAACACGGGGGCGATCGCATACCCACCAAAGAAGGCATTCCCCTCATTGAGCTGTGGCGATGTTTGGGGGTGGACTGGTCAACCCTAACCCTAGAGCAAATTGCCCACTGCCTAGAGCAAACGGGTTTAGGTTTTGTCTATCTCCCGCGTCATTTTCCAGCAGCCCAAGGGCTAGTCCCCTACCGGGAGCAAATTGGTAAACGTCCCCCCATTGCCACATTGGAATTAATCTGGAATCCTTACCAAGGGCGCAGTCACCTCGTAGCAGGGTTTGTTCATCCGCCGACGGAAGGGATCATGCGCGATGCCCTCTATCTCCACGGTGTTCATGAATTTACTACCGTCAAAGGTCTTGAAGGCAGTTGTGATTTGCCCCGCGATCGCACCGCCATTATCGGCCTTGCCCGTGATCAAGACCCTCCTTGGCAACGCCTGCGTCTCCATCCCCAAGAGTATGGTATGGCCAGCAGTAATGTGCCTTGGTCAGAGGAGACAACGACCGCTACAAAAATGATGGCTGCTGTTTTAGCCGCAGAGGAGCAACCCCTCACCACCTCTGTGATCTGGAATAGTGGATTTTACCTGTGGCAGGGGGGCAAAGCCGATAGTCTCAATTCCGGACTCGCACTCAGCAGCGAACTCCTCCGTAGTGGTCGGGTGGCTCAACACCTACAGAAATTGCAAACCATGTTGGAGAAGATATAGGTGTTGCGGGAGCGACTGCGCTTTAATTGGCAAGAACTCAGTGGCAGTTTTGGTGATTTGGGTACGGATTTGCCCCTGTTGGTGGGCATGATCACTGCTGCCCAGTTGGATAGTGCTAACGTCTTCACTTTGTTTGGCGTAGCGCAAATTCTCACGGGGGTATTCTATGGCCTTCCCATGCCCATGCAGCCCCTAAAGGCAATGGCTGTAATTGTGATGACGGAAAAACTCACTGGATCTATCCTTTGGGCCGGGGGACTGATGGTAGGAGCAATGATGTTGGTGTTAACGTCCACCGGAATCCTGACCCGGCTGGCTCGCTGGATTCCCCAACCCGTGGTGCGGGGCTGTCAATTGGGACTGGGACTGTCTCTAGCCGCCGTTGCCCTCAAGACCTACTTGCCCGCGGGTGACCTCTTTGGTTATCTGTTAGGTGTTATGGGCTTTTTGATCTTGCTCCTTTTGCCCAAGGAACGGGGAGTTCCCGCAGGGTTACTGGTGGTATTGCTGGGGGTGGGTGTAGCGATTAGCCGTGTTCTGGCTGAGCCAGAATTGCAGTTAACCATTGCTTGGCAGCTTCCCTACCTGCGGCCTTTAGATCCTCAGGCCTTGATTCCCGGACTCGTGCTATTGGCACTGCCGCAGTTACCCCTATCGATCGCCAATGCAGTGATTGCAACCCAGCAAACTGCCCACGATCTCTTTCCCGATCGCCCCCTCTCGATTCGCCAAATTGGCCTCACGTATAGCCTCACCAACTTGATCCTGCCCTTCTTTGGTGGCGTCCCCCTCTGCCATGGCTGTAGCGGTTTGGCAGGACACTATGCCCTTGGTGCCCGCACAGGTGGGGCGGTGGTGATCTATGGCAGTCTCTACCTTCTCTTGGGTCTCTTCTTTGGTTCCAGTGTGGATAAGCTGCTGGAAATTTTTCCCCTCTCGATTTTGGGGGTCATTCTTTTGTTTGAAGCGTGGGTACTCATGGGCTTTATTAAAGATCAAGCCGCCATGCCCGCAAATTGGATGATTACCCTCTTAGTGGGGGCGATCGCCCTCAGTGTGCCCCAAGGCTTCTTAGTGGGCACCCTCGTTGGTACAACTCTGTACTACCTCAGCAGAAAAATGCCACTACAACTCTCCTAGCCCTCTAGGCCAGACCAAATTCCTGCAATGCTGGCCAAAAATTGCGATTCTCGTGGCCGGGCTGGCTGAGCTTCACAAGGGCAAAGCGTTGGAGGGGGGTCAGGGCTGACCATTTTTCCACCGTCAAGCTGTGGTGAGATACCTTGATCAGTTGTTGCTGCACTGTCTCTGGCAGTTCAGTGGTGATGTCCCAAGGGTAGGGTTGGGGAATCTCTATATCACTCGGTGGGGTTCCATGGGTGTGGGTCACCCAATCCCGCAGTTGCTGACGATAGTCTGCCTGAGCTTCGGGGGTGTCGCAGGGAGTCACCACGAGCCATTGTCGCTGTTCTTGGGAAAGTTGATGCCAGTGGAGCAGCTTCAGCTTGACCCCACATAAATCTAGTTTATAGCGAACAATCATTGGAATACAGCGTAACGAAGCCGTGAATTCGGCCTCAAACTCAAAGAAGTGGGACATCAATAGCCATAACCCTCCACAGGGAATCAGATTCTATCATTGCTTGAGGGCAGTGCCGCTTTCCTGCATGGTGGGGGTATGGGGCGTCTGCCGCAACTTCAGGGGCAGCACCTGCACCGCACAGGCTTTGAGTTCTGGCTGCTTTGAGACCGGACAGGCAATGGGATGGGTCAGTTGGTTTGCCTCACCGCTATCAGCAAAGAGAAAGCCCCAGTGCATGGGTACAAAGAGAGTGCCCGGACGAATGGCCTTGGTGAGGATGACCGGCAGGCACACTTGACCGCGGCGCGATCGCACCTCCACCCAATCTCCGTCTTTGAGATGTAAGTTTGCGGCATCGTCGGGGTGCATTTCCACAAAGGGATCGGGGTGCATTTTTTGAATTTTGGCAATGCGACCGGTACGGGTTTGCGTGTGCCAGTGGCCGTAGAGACGACCCGTTGTCAGGGTAAAGCTATAGAGGTTATCGGTGGGTTCAGCCACCCCTTGACTATGAGCAAGGCAAAAATATGCCCGTTGATTGGGGGTGTGAAATCGCCAGTCAGTATAGAGGCGTTTGGGTTTGCGGGCTTCTGCATCATCCATACCGGCAGGACAGGGCCACTGCAAGGCGCCTAAACGGGCAAGGCGTTCGTGGCTCAGACCCGATTGATCGCAGGGTCGACCGGCAGTGAGTTGGACAAATTCAGCATAGACGGCAGCGGCATCGACAAATGGGAAGAGATGCCCATATCCCAAGCGGCGCCCCACCTCAGCAAAAATTTCCCAATCAGGGCGAGCCAGACCGGGGGGCGATCGAAAGGCGGGGGCAAGGGTGACGCGGCGTTCAGAGTTGGTCATCACACCTGTTTTCTCAC
NZ_CP096573.1_gap52	1905621	1908310	2689	CCAAGCCATTCCCGTGTAGATGAGGATAATGGCCGCCAATTCCACGCCAATACGGCTCCCCGGAAAGAGGGCAATCAGTGCCAGCACCACCCCCGGCAAAAACGACAGCACCGGAATCGATTGCAGAATATCCAGCAGCGGCAGCAGGATTTTTTCAGCAGTGCGATTGTAGTAGGCAATATAGGAATAGAGGATGCTAAACACCAAGGAGATGATGTAGGCAATGAGCATCCGCAGCAGCGTTTGAGCGGTGTAACTTGGCAAGACCGCTGGACTCAGCTCAATGGTGATCGTGGGATCATACTGTCCTGTAAACTGCGCAGCCGTGTTGACAATCCAAAAGATCAGGGCAATCAAAGCCAAAATAATCAGGCCATCTTGCCAAGTCCAAGCACGATTCAGCGTTTGATTATCGGGGGTAAGGGGGCGTGCCATCGCGGCCTCCAGCGGTAGTCTCCACGAGGCAAATTATAGCCACATCCCTGTAGCCACAAAAGTTAATGTCCAATGCAAGCCAGAACACCACCGGATTCCCTGACCTATGCCTAAGATTTAGGAGAGCATGAAGTTATCCCCCTCTCCTATGCTGTTTCGTCGCACCAAAATTGTCGCCACCATTGGCCCTGCCAGTCGATCGCGGGAAGTGATTCAGCAGATGCTAGCCGCCGGCATGAATGTGGCACGGTTAAATTTCTCCCATGGTGACTATAAAGATCATGCCGAAACCATTGCCCTGCTGCAACAAGTGGCCAATGAAGCAGCAACGCCCCTGACACTCCTGCAAGATTTGCAAGGCCCGAAGATTCGCGTTGGCCAGCTTCCTGAAGGGAGCATTGAATTAGTGGAAGGGGAGCAAGTCCACCTCGTGCCGCTCACTGAGGAAGAGACACAAGGCATTGGCATTGATTATCCCTATCTTGCCGAAGAGGCACAGCCGGGGATGCAGGTGCTCTTGGATGATGGCCTCTTGGAATTGGTGGTCGAGGCCATTGCGGGAGATCGGGTCACCTGCCGGGTGGTGCAGGGGGGCACGCTCAAAAGTCGTAAGGGGGTAAACTTGCCGGATCTCAATCTGCGGCTGCCTTCCCTCACAGACAAAGACAAGCAGGATATTCAATTTGGCATTGAGCAGGGGGTCGATATTATCTCCCTGAGTTTTGTGCGCCGAGCTGAGGATCTCTGGGAGTTGCGGGAGTACTTGGCGACCCACGGTGCCAGTGATATGCCTGTGCTGGCAAAAATTGAGAAACCCCAAGCAGTGGAAAATCTCTCAGCGATTTTGGGGGTGGCCGATGCAATCATGGTTGCGCGGGGCGATCTCGGTGTGGAGATGCGGGTAGAGAAGGTGCCGCTGCTGCAAAAGCAAATTATTCGCGAGTGCAACTACCGCAGTATTCCTGTGATTACGGCAACCCAAATGCTAGAGAGTATGATCCACAATCCCCGACCGACGCGGGCAGAGGCCAGTGATGTCGCCAACGCCATTCTTGATGGTACAGATGCGGTGATGTTGTCGGGCGAATCTGCTGTGGGGGCTTTTCCTGTGCAGGCGGTGAAGATGTTGGCGCGGATTGCAGCGGATGTGGAGCCGCACCTTGAGTTTGACAATATGCCCGCCTACCGCAATGATGAGACCCATGCCCTAGGTGAAGCCTTAACCACCATTACTCAAATCCTCGATCTGCGGGCGATCGCCTGCTTTACGGAAACGGGCTATACCGCAACCATTGCCTCTGGGGAACGGGTGAAACCCATGATTGTCGCCTTTACCGATCGCCCCCGCGTTTATCACTGGATGAATTTGCTCTGGGGTGTGAAGCCGATTCTTTTGGAAACGCTGCCTATGACGTTTGAAGGGATGATTGCCGTGGCTGAAAACCAACTCAAGGAGCGCCAGATGGTCACTGAGGGCGATAAAATTTTGATTCTGGGCGGCATTCCTGCCCAAACTCCCCAAGGAACGAATTTTATTAAAATTCATACGATTAGCGCCTAAAGGGGAACAGAATCCCAGTGGGAGGCGGTCTGGAGAGAAACAAGGTTCATGAGTTTTTTGCTGAGCTGTGGTGAATACCGCTGTGAAACATCCGTTAACGCCTTTTTATACCCTCAGTCTTGCCGCGCTTCTTGTTGGGGGATCTGTGGTGGTTGCTGAGCGACCCGCCGTGAGCCAAGAAGCCCAACGTACCCTGACGGTTACAGGTCGAGGCACAGAAGCCATTTCAGCAACCCTTGCCCAAGTCAGCCTAGGGGTCGAGGTGCAAGGTCGCACGGCTCAAGAGGTACAGCAAGAGGTGGCGCGGCGAGCCAATGCCGTTTTGGCGGTTCTGCGGGCACGGGAAGTCAGTCAACTGCAAACCACGGGGCTGAGCCTCAGTCCCAATTATCAATACACCAACAATCAGCGGATACTGGTGGGCTATATCGGGCGCAATACGGTGAGTTTTCGCATTGCTAGCGATCGCGTGGGGCCCCTTCTTGATGCTGCTGTCCAAGCTGGCGCAACGACAATTGACAATATTAGCTTTACGGCACCAGAGGCGACGATTGCCGCTGCCCAACGCACTGCCCTGCAGCGAGCGACCCAAGATGCGCAAAGTCAAGCCCAAGCGGTACTCAGTGCCCTCAATCTCCAACCGCGCCAAGTGGTGAGCATTCAAATTAATCAGGCGGCACCCCCGCCAAGACC
NZ_CP096573.1_gap53	1922191	1924282	2091	AAGGGATCCCCTTGCGTTTGATCCAGAAAGCGCAACTTCGCTGCTAGCCCCAACTGCAAGTTACCACTGTAGTTGAGGTTTTCGATGAGGGTTTCGCCGCGCTCCCACTGTTCAATGGCAATGGCAAATTGGGCATCGTAGGCAAGACCAAAGCCCACCTGAAAACCGGTTCCTGTGGTGCCGCTATTGCCCCGCAGGTGCAGCATCCCCAGATCAAGGGTGCTGGGGGAGGTAAGGGTGAGGCCATTGAGTAAAAGCTGGCGATCGCGATCCGTGAGGGGTTGCCGAGGCCCACTGCGAAAACTGGGCAAAAAGGGTGGCGCAAAATCAGGCCCCATATTGGGGGTATAGCTTAATCCCGCCATGACACCCACTTGATCCGCACCGGGCAAAAAAGCCAAGGTACGACTTGCAGGTGTAATGCCAAAGGCGTTGGTGGCTGCCAAATCAATACTCACTGCAGGGTTCACTAGAAAGCGCACACCGGCACTCCACACGGGCAGGTTGACGATCGCGCCATCGCTACTGCGCACGGCATTGCCCCCCGGACCGACGGGCATATTGACATCGGCAAAAAGATTAAAGCGAGGATGGGGCTGCCAACTGATGCCTGTGCCAAAGTTGAAGTTCGTGCCGTAAAATTCCCCTCCCTTGTTCACTGTGTCGGGAAAATAGGTGAGGTTGGGCGTAAAGTGCCACTGCAACTGGGGATTAAAGGAATAGGTCATTGGCGCTTGCAATGAGGCGGCAACCGTCCACGTTCCGGCTCGTGCGGCACCCGGCACAAAGAGGAAATTGTCCGATCGCACCCGTACTGCCTCTAGGGAGCCCGCCACAGCCACCGATAGATTCTCGCCGCGATGCACTTGATATTTGAGACCAGCAGCGATCGCCCCAAACTGCAGGTCGGGCTGTAGCCCCTTCACCAAGCGTCCCAAGGGATCGTCGTAGTAATTGCCACTAAAGCTCACTTGCAAGCGATGATTGATCGCATAGTCAATGGAGCCATAGAAAATTTGCAGACCGCCGCCGCCCCCAGCCACTTGGGGATCATAGTTGCGAATTCCCCCCCGTAGTTCAAGGGTTTGCTCCGGCAGGATATTGGCAGTCTCCAAGTTAAAGAGACGGGTGGGCGGACGCATTAAGGGAGGAATGCGATACTGGGGTTCCTCGGCAATGACGGGTGTCGGTGCCTGCTCAGCTACAGGGGGCAAAATGGGTTGCGCCAGTTCTTCTGGCGTCGCTGGTTGCCACAGGCGATCGCCCCTAGGTTCGGGAACGGCTTGCCATTGGGGCAGTGCTTCCACCGTTGGTGCCACTTCAAAGGTGGGGTGAGTTATTGGCCGAGCCTCAATTTGCCATTGGGGCGGGCTAGATTGCGCCGTTGCCGCGAGGGGCAGCCATACACCTGCACTAAAGCCAAGGGCCAGCGTCCATTTGCCATTCATGCCACATCACTCACACCACCATCTCTCCCAGTTAAACCGATTGCTCCCCTTTCTGGCAAATTTATTCCCACTCAATGGTTCCCGGTGGCTTGGAGGTAATGTCATAGACCACCCGATTCACCCCCGGCACCTCGTTGACAATGCGGTTGGAAATGCGCTCGAGGAGATCGTAGGGCACCCGTGCCCAATCAGCGGTCATTCCATCTTCACTGGTGACAAACCGCAGCACCACTGGATAGGCATAGGTTCGCTGATCGCCCATTACCCCCACAGTGCGAATCGGCAGCAGCACCGCAAAGGCTTGCCAAAAGTCGTGGTACATCTCGGCGCGGTTAATTTCCTGCCGCACAATCAGATCCGCATCCCGCAGAATCTCTAGGCGTTCCGGGGTCACTTCCCCCAGAATCCGAATCGCTAAACCGGGACCGGGAAAAGGATGCCGCCGCACAATTTCTTCGGGCAGACCCAGCGATCGCCCCACTTGGCGCACTTCATCCTTAAAGAGCTTGCGCAGGGGTTCCACCAGCTTAAAGCGCAGGTTCTCCGGCAGACCGCCCACATTGTGGTGGCTCTTGATTTTCACCGCTACGCGCTCGCCAGTTTGCGGGTCAATGTTGGTATTCGCCGATTCAATGACATCGGG
NZ_CP096573.1_gap54	2121328	2124116	2788	CCCCCTGCCCTTGGGCATACTCGACCACAGCGGCAGCCAAGGGATGTTCCGAGTGCCATTCCACACTGGCGGCCAGCCGCAAAAGGGTTGTGGCCTCCGCCTGAGGATAAAAATCGGTGACGCTGGGATGGCCCTGGGTGAGGGTGCCCGTTTTGTCGAGAACCACGGTTTGCACCCGATCGGCCAGCTGGAGACTGCGGGCATCTTTAATCAAAATGCCATACTCCGCTGCTTTGCCGCTGGCCACCATGATTGAGGTGGGGGTGGCCAAGCCAAGGGCACAGGGACAGGCAATGATCAAAACGCCAATGGTGGTCAATAGGGCAAGGGTGGGATTGCGGCCAATGGTCAGCCACAGCAACCCCGTCAGGAGAGCGATCGCCAACACTGCCGGCACAAACCAAGCCGTGATGCGATCCGCTAGTTTTTGAATGGGGGCTTTTGAGGCTTGGGCCTGCTGCACCAGTCGAATCATTTGTGCCAAAAAGGTTTGCGACCCCACCCGCGTGGCTCGGATCTGCAGACTTCCGGTTTGATTGAGGGTGGCACCAATGACTTCATCCCCCTCGCGCTTTTCCACTGGTAAGCTTTCCCCCGTTACCATGGATTCATCGACGGTTGAGGCCCCAGCCACAATCTCACCATCGACGGGAATCTTTTCGCCCGGACGCACCAGCAATCGATCCCCCACTTGCACTTCAATCAGGGGCACCTCCACCGCTTCTCCGTTACGAATTACCCGTGCCGTTTTCGGTTGCAGGGCGAGGAGTTTGCGAATAGCGGCAGCAGTTTCCCGTTTGGCGCGACTTTCGAGAAAGCGTCCCAAGAGAATCAGGGTAATGACGACGGCTGAGACTTCGTAATAGACCTCTGGCATGTGGGCATGGAAGGCTTGGGGAAAGAGCGTCACAAAGAGCGAGTAGAAAAAGGCGACACTGGTGCCCAGAGCCACTAGGGTGTCCATCGTTGCTGTGCGATAGCGCAGTGCTCGCCAGGCGCCCTCATAAAAGGATTCACCACTCCAAAACTGAATCGGCGCTGTCAGCAACAGTTGCAGCCAAGGATGGTGCAGCCATGGGGGGATCCAAGGGAGATGCCAGCCCGTCATCATGGGTAGATTCCCCACTAGCAGGAGTAGGGTGGCGCTACCGGCAAAGAGGAGTCGGCGTTTGAGACGGCGCAGCTCAGCCCGATAGGTCAATTCTGCGGTGGCGGTGTCAGTTACCAAGCCTTCTTCAGGCAGTCGCTCTGCGTGATAGCCGGCTTTGGCGATCGCCCCCTGTAGATCTGACCAGGTCACTTGCTGGGGATCGTAGGTGACCGTGGCCTGAGCGGCGGCAAAATAAATTTCACAGTCCCTGACGCCCGGTAGCGATCGCAGGGCAGTTTCAATGACATTGGCGCAAGCGGCGCACTGCATCCCCTGCACCCTGAAGGTGAGCTGGGTGATCATTGGGGTGTATAACCGGCTTGGCGAATGGCACTGCGGATGTCTGCCGCTGGCGCTTGGGTGTCAATTTCTAGCTCTTTGGTTGCGAGATTGGCGCTAACAGTGGCACGGGTGTCAACCGCTTGAATCGCTTGGATAATGGCATCACGACAGGCGCCACAGGCCATGTCGGGCACGCGCAGCTTGAGAACCATGGTGAGATTCCCCTAGAGCACTCCCTATTGAGAATCTTCAAGTCTCCAGTCAACTAGAGAGTCAAGGGGCTAAACTTCCACTTCTGTGGTTTGGCTTTGGGGTGCCAATTGACGGGCGATCGCCACCAATTCCTGCTCAAAGGCCAACTGCGCCCGATTGGTGCGGCCACCTACATAGAGGAGATCGTTTTCCTGCAGCCCCCACACCTGCGAGTGGGACACATAGCTCATGATCACCCCCGCCATCAACAGGGCAAAGCCCGCATAAAACAGGGGAATCCCCGGATCGGCTTTCATTTGTAGCCCTGTACTGCCCACCAGTTCAACCAATGTCAGCCTGACCCCATTGATTTCTGTACTCATGCCGGTGCGCAAGCTGGTGAGAAACTCGCCCTTGGGGCTGTAGATGAGCACCGTGCCTTGGAGATCCCGCGCAATCAGGGAAATCCCCTCCGAGAGATCCGGTTTCGTGGGCAGCCATGTGCCCCAAAGACGACCTTTGCCTTCTGTGTCTAGCTGGGCCATGGGCAGTTGCAGCACGGGACTGTTGTTTAGGCGAAAGCGAATGGCGTCAATACTCCAGTCCGCCTGATAGAGGGTGACCCCGCCATACTTCAAGGGCTGGTTGACATGGATCGTGCCCCGCTTCACCTCTTGGCCTTGCGCATCCAGTATCGAGAGGTCTGAGTAGAACTGATCAATCTCCCCCGCATCAGTGTAATCAATCCAAAAGCGATTTACCCTGACCGACCAGTGTTGGGGAACCCGCGCCAAGGGACCCGCCTGCACAAGGTGCTGAAGATGAAAGGTTTCACCACTGGGAATCAGTTCCTGCGCCATAAAGCCCGTCAGCGCCCCCAAAATCCCCCCCAGCAAAATCAGAATCATACTGGCATGAACCACAATCGGGCCCATGCGACCAACAATGCCTTTGCGGGCATAGAGTTGATTGTCGGTTTGCCAGACGCGGTAGCCCTTTGCGCTCAAGGCAGCGGCCAGTTCCTTGAGGGAGCCTTGGGGAATCGTGGTGCTCAGGGCCAGTTTGGTGAATTGACGCGGTTGGGAGTAGTACTGCCAGCGTTGGGCCGTGGTGAGGGCAGGCACCTGCCGACTGAAGGTACAGGCCGTTAAACTCGCCCCAAAG
NZ_CP096573.1_gap55	2126275	2128910	2635	CTTGCTACTGCTCCTCCCCCAGCGGTCACCGCTCCCCTGCGCCTAGAAATCAGCCTATCACGGCGCCAATTGACCCTCTATCAAGGACAAACTCCCCTGCGCCGGTATCCCGTGGCCGTGGGTCGTCCGGGGTGGGAAACCCCCACAGGTCAATTTCAAGTGCGGGAGATGATTCGCGATCCCGCTTGGAAAAATCCCTTTACCGGGGCAGTGATTGCCGGCGGCCATCCGCGGAACCCTTTGGGGCGGCGTTGGATTGGCTTTTGGAGTGATGGCACCAATTGGGTTGGGCTGCACGGTACCCCCCATCCGGATTCCATTGGTCAGGCGGTTTCCCACGGTTGCGTGCGGATGTACAACCGCGACATTGAGGAGCTTTTTGAGAAAGTCAAGCCGGGTGTGCCTGTGATTGTGGTGCGCTAGAAAGGGGCAACAAGGGCAGCGCCAAAAAAGACGACGGCGATCGCATCCACCAGACCATGCAGGAGAACGCCCGCCCAGAGGCGCTGGGTACAGGCAAAGGTGAGGCAGTAAAAGAGGGAGGCCAAGGTTGCCATGATGATATACACCGCTCGGTAGGCCATGAGGGGCAGTTGAATATCGGCATTCGGCTCATTGCCTACATGGAGAATACCAAAAAGCAGCGAACAAATGAGAATGGCACCCCAAGCAATGACCACCGGCCGCTGGCGATCGCCCCCATAGTGCTGCCACAGATCCCGCACGAAAATCATCAAACCACTGCGAAAGAGCACCTCCTCAAAAATGCCCACCCGCATTGCAAAGAGGGTGACATAGACAAACACCGCCAAAGGCGAAGGCGTCAAGTTAAATTTCGCCAAGGGCAAAAAGCCCAATAGACTCCCCAAGGGCACCATGGTTACCAAAGCTGCCAAGAACATTGCCGCCAATAAACGAGCATCGCGCCAGCGGGGTTCAAAGCTATAGCCAAAGTGCGATCGCCCCAGCCCACCGCCAAAAATGATCACCAAAATAAACAGTTGCAGTGCCACAAAAGGGCCAAAGCGAAAGTAGGGGGTCGAGAACCAGTAGAGGCTAAAAAGCGAGACCGCAATTAGGGGAAGGTCGTGTAGTCCCAATCCCGTGGGGGTCGCCCGTGGGGGGTGTCGCCGCTGCCAATCGCCCCAAGCACATAGGAGCAGATAGATAGGGGTAATGATGAATCCTTCCGTGTACGCCTTGGGGAAGGCTGGCGAAATCAACCCACTGTGGCTGAGCAACAAATAAAGCGCTGCTCCACTGATCCAAGCCCACAACACTGGTGGCGGTGTGGTTTGCTGCCGCAAGAGGAAAGGGACGCGCACCATGGCCCAGACGCCTCCGAGAAAGATCAGCAAGTTCAGCCACGGCTGATCAGCAAAGATTAAATTGGTGAGAACCCGCTGCCAAGGAAAGCGGCCTGCTTGGGGGAGAATCAAGCCAATGGCAATGTACAGTGCCAAACTGAGGAGTAACCGCCCCGGCCACCGTTGAGCCATCTTATTAAAATCCCGCTGGCCCCTTGCCCACCACAGCACTGGGAAACCACCAATGATGACGACGGCGGCGGCCTCCACCACACTTTCGAGCCACGGCCAAGGGGTTGCAGACAAATCGTGCAGGTAAAGGAGTTGTGCCCAAAACCACAGCCCACAGGCAGCGATCGCCATCTGTTGCTCGCGGTTCGTAGAAAACCGCGGTGAACGGAGAAAGGCTTGGGGTGCGCTGGCTAGCCACTGACTGACCGTCTGTTTAGGCTGGCTGGTGAGGTTGGGAATCGGCATTCGAGAACCATCGCGATCGCAACTGCGGGCATAGCGTTATAATCAAGGCTTATTCCCAACAGGTGGGAATGCTTTATCTTGACCGAAATTGTTGCCATTTGTGCACCCCGCAACTGCATTTTGCCATGACGACCCCCACCCTTGATCGTGATCGGCTCAGCCAACAACTTAAAGATTTAGAAGCCAAAGCCCTACAGGCGATCGCTGCAGCCCGCACCCTCGATACCCTAGAGCAACTGCGCGTGGCTTACTTGGGCAAAAAAGGCGAACTCTCACAAATTCTCGCCCTTATGGGCAAACTGCCCCCTAGCGATCGCCCCACCATCGGTACCCTCGCCAACACCCTCAAGGAAAAACTGCTCCAAGAACTAGAAGCCCGCCGCGAAACCCTGCAAGCCGAAAAAATTGCTGCCCAACTGGCGGCTGAAAGCCTTGATGTCACCCTGCCGGGCGTCTATCGTCCCCAAGGGCACATTCATCCCCTCAATAGCACCATTGACCGCATCCTCGATATTTTTGTGGGTCTCGGCTATACCGTTGCCAATGGCCCCGAAATGGAAACTGACTACTACAACTTTGAGGCGCTGAATACACCTGCAGATCACCCGGCGCGCGACATGCAGGACACCTTCTACCTGCCCGATGGCAATCTGCTGCGCACCCACACCTCCTCGGTGCAGATTCGCTACATGGAACTCAATGATCCCCCCATTCGCATTGTTGCTCCCGGCCGCTGTTATCGGCGGGATACGGAGGATGCCACCCACGCGGCTGTGTTCCATCAGGTTGAGATTTTGGCAGTGGATGAGGGGCTGACCTTTACCGACCTCAAGGGTACCGTCACGACGTTT
NZ_CP096573.1_gap56	2140700	2141897	1197	GTTGCAAAAAGAGTATCGTCACTGCCGCGACCGACATTGACGCCGGGGTGAAACTTTGTCCCCCGCTGCCGTACAAGAATGTGACCGGCCTTAACCACTTCACCGCCAAAGTGCTTGACCCCCAGACGCTGGGCATTGGAGTCACGACCGTTGCGGGTACTACCTGTTCCTTTCTTGTGTGCCATGTTAACCTCCTAGGGATTCACCGTTGAGACGAATCTCGTTGATCATGATGCGGGTCAGTTCTTGGCGATGGCCTTGTTTTTTGCGGGTTTTCTTTTTCGGACGCATTTTATAGACAATCACCTTGGGGCCGCGACGATGCTCCATCACCGTACCAGAGACAACCGCACCACTAACGTAGGGTTGACCGACGTGGACTTGGCTATCGGTTTGCACCAGCAACACCCGTTCTAGATCAATTGTGCCCTCTGGCTCGACGGGGAGCCGCTCCACATCGTAAAAGCGCCCGGCTTCAACGCGCAGTTGCTTGCCACCGGTCTCAATGATTGCGTATGCCATAGAAACTAAAAAACTCCTTGCCGTGCAGGTGAGGGGATGCGTGCCTCTTGCAAAACCTGTTCCGTGCAAACTCAACAATTTTCCATCATAAAATTTATCCCCTGTGGCTGTCAAACCCCTAGCCAACCCAAGGCAGACTGCCGGTTGAACGTTTGCTCAGTTTGGGGCGCTCATCGAGGGAGATGTCCTTAAACATGTCTGGATAGTAAAAAACAATGAGGGTGGTACCCACACAAATGACATCTTCATGGTGGAGGAGGGTGCTGTGCTGAATTGGCAGGCCATTGAGGAGCGTGCCATTGCGACTGTGGTAATCACTAATGAAATAGAGGGGCTGCCCCTTAAAGAGAAAGGCGTTGATGACGGCATGCACTCGCGAGACGTAGGTATCTTTGAGGAGAATACTGCAATCCAGTTGGCGACCAATCGTCCACTGGCGATCGGGACTGAGAATAACTTCCCGTTTCGGCAAACCACGTTCGCGAATGATCAGCCATGCTTTGGGGTAGGTTGGTGCTGACATGGGTGTCTCCCCCCACTCTGGGATGCCCTTAGCCTAGATCGCCTAGATGACAAACGTTGCCCCATCCCCTTGAGCCGCTTGCCAACTACGGGCATCAAAGTATAAATCCTCAAGGGAAATACTGGCCAAGGCATCTTGAAGTTTTTGGTGCA
NZ_CP096573.1_gap57	2185577	2188159	2582	GGGTGCTAGGGCTGGGGGTTCAAGGCTGGCTTAGTGATGCGTTTGAAGCCTTTCAGGGACAGGTGCTGGAGCCATTCCTTGCGGGGCTGCCCCCCTTGCTCAGCAGTTTGCTCATTGAGGGCATCTATGGCGGTATGACCACGGTGGCAGCGTTTGTGCCCTTAGTCACCATCTTCTTTATTGTGATGGCGATCGTTGAGGACAGTGGCTACCTTGCCCGTGCCGCCTACCTGATGGATGGCCTGATGGCACGCTTGGGTTTAGATGGACGCAGTTTCGTCCTCAGCTTGATGGGCTTTGGCTGCAATGTCCCCGCCCTGATGGCCACCCGCATTATTCGCTCGCCGGGGCTGCGGCTACTGACGATGCTGATCATTCCCTTTTCCCTCTGCTCAGCGCGGCTACAGGTGTTTGTCTTTCTCATTGCCTGTTTGTTTCCCCCGCAGTGGGGGGCAGTCGTCCTGCTGTCTCTCTATGGCTGGAGTATTCTGGCGGCCTTGCTTACTGCCCTCTGTTTCCAGGGCTATTTCCCGAATACGGATCCCTTTTTGCTGGAGTTGCCCCCCTATCGCTGGCCGACGGGGCGACAGGTGATTCTGCGGGCGTGGGGGGAGGTGCGGCATTTTCTCTCGCGAGCCGCGGGCTTCATTATGATAGGTGTCTTGGTGGTGTGGGCATTGACCCATTTACCCCTGAATGCAACGCCCTCAAGTCCAGAAACGTGGGCGGGTCAACTGGGGATAGCGCTACAGCCGCTTTTGGCACCGGTGGGCATTACACCTGCCCTGACGATCGCCCTGATTGTCGGCTTTGTGGCCAAGGAGATTGTGATTGGCGCGTTGGCGGTAATCTATCACCTTTCGGGTACCTCGTTACAGCAGGCGATCGCCCAAGATTTAACGCCCCTACAGGCCTACAGCTTTATGCTTTTTACTCTCCTGTACACCCCCTGCTTGAGCACCCTTGCCACCCTCTGGAGTGAATCGAAACGCGGGCAGTTTACGATTTTTGCGACCCTCTATGCCTTGGTGATGGCGTGGGTGGTGAGTGGCAGTGTCTATCAACTGGGGCACTGGTGGGGATGGGGCTAATGGCCACCCTTTGTGGCATTGGCGTAGGCCCCGGCGATCCCGAACTCATTACCCTCAAGGGTTGGCGACGCTTACAGCAAGCAAGGGTGATTGCCTTTCCGGCGGGACTACAAAGACGGCGCGGCATTGCCGAGGAGATCATTTCCCCCTACAAAGAACCCCAGCAAATTTATCTGCCCCTCGAATTCCCCTATGTCCTTGCAGAAGATGTTCTAGAACAGGCATGGCAAAAGGCGGCAGAGCAAGTCTATGCCTACCTCGCTCAGGGCATTGATGTGGTCTTTGTCTCTGAGGGGGATGTCAGTTTCTACAGTACGTTTTCCTATCTAGCGGCAGCCGTCCAGAGCCTTGACCCCCATATTGCGATTGAAGTGATTCCGGGAATTTGCTCGCCTTTGGCCGCAGCGGCTAGCTTAGGGGTGCCCCTGACCTTGGGGAGCGATCGCCTAGCGATTTTGCCAGCAATGTACCACGTGGAGGACTTGACGCGGGTATGGGCATGGGCGGAGGTGGTGGTTTTAATGAAGGTGCGATCGGTCTATGGCCACGTCTGGCATTGGCTCAAGGAACACCACCTCTTGGAACAGGCGGCAGTGGTGAGCTGGGCAACAACCCCTCAACAGCAAATCTACACCCCCCTGACGAACTATCCAGAGTTAACCCTGCCCTACTTTTCGCTGCTCATTGTTTGGCAGCGGCGCCCCATCTTGCAGAATTTCGCGAGTGCTGAAGTCAATCCTACGTACAACAGTACCCAATGATTCTTTATCGGTTCCACGGGGGTGGGCGTCTCCTCACGATAGATCAAGTGGTGTGAATTCTCTTAGCGTGTCTCTGTACCTTCATTTAATATGTTTAGGTAACTATGATAAGCGAACACACGGTTACGTTCCTGCCCCGTTATCTCACGCACTAAGTCAAGTTTTTCTAGGGATTGCATGGCTTTGGTTGCCGCTGGAAAAGAAAGCCCTGTATGATGGCAGACGTGTTTAAGGTTCAGTAGAGGACGACGACACATGACACGAAATACCCTCAAGCTTGTGGAAGCGCTGCGGCCAACGGCGTGAATCTTCTGTTCATCTTTTTGAAAGAGGATAAACAGTCGCTTAGCTGTTTCCACTGCATTAGTAGCCGTTTGTTCCACTAAACGAAAGTGCGATATCGTTAAATAAGACTTAACAACCTAGCTTTGGTGTTCATGACAATCCTAGATGTCCACTCAAATAGTCCTGTAACTGTTGGGCATGGTCGTGGGCGAGATCGGCTAAGGGGAGGTCACTGAGGGGAAAGGCTTGTACTGCACGCACTTCCTTGACATCCAAAACCTGCGGCTCACCGACAACGCGGGCAGCGATCGCGATACACACGGCATGGACACGGGGATCTCGCTTCGGGTCAGAGTAAACCCCCACTAGGCCTTCAAAGCTCTTGAGGCGCAGCCCTGTTTCTTCCGCCAGTTCGCGGGCACCCGTATCAAGAATCGTTTCTCCC
NZ_CP096573.1_gap58	2192296	2195413	3117	CCAGGAGGGCGCAGTCCTGCATCAGCGTAATGAAGTTATTGGTAAAGGGGGGCAGGATAATCAAAATGGCTTGGGGCAGAATAATCCGCCATAGGGTTTGCCGACCCGAGAGGCCAAGGCTGAGGCTGGCTTCTGTTTGTCCCTTGGGAACCCCCTCTAGGCCACTGCGAAAGACCTCACTCAAATAGGCACCATAGTTAAAGCCCAAGCCAAGAATGCCGTAGAAAATGTAGTTAAAAAGCGGTGACACCAAGCGGTTGCTTTGCAGCACGGTCATGACATCAAAGGCAATTTGCCGAGGATCAAAACCCCATTGACTCAAGAGCCCACCAATGCCAAAGCCCCACACCAGCAGTTGCACCAAGGTTGGGGTACCGCGCACAAATTCAATGTAAACCGTACTCAGCCAGCGCAATGGCGGGACAGGATGCAACCTCGCCCAGGTGGCGATCGCCCCCAAGATGACCGCCAACAGCAAACTAAAGACTGAGATCAAAAACGTCGTAATTGCCGCCTGCAGGAGAAACGGCGCGTACAGTATCAACGTCTCATGAAAGTAATAAAGGTAGCCACAAAAGGCAAGAATGCCCAGTCCTAGGCACACCAAAAAGATGCCATTGAGCCATTTTGCCCAAGGAGGAATAAACGGTGCCACTTGCTGCATTCTCGAAAAGCCATCATTTTTGTCAGGATGATGATACCATCTCGTTCTCTAGGGAAGCATTTTCCACAGCACGACAGAAAAAATAGGCGAGGAACTCTTGATTGCCCGCAGGCCCTAAAATCGGCGAGGGAGTCACACCGTGGCACTGCCACCCCAACGCTTCGGCGGCGGCAATCACCTGATCCACGGCTTCTTGACGCGCCTTGGCATCGCGCACCACACCATGTTTGCCGAGGCGATCGCGCCCCACTTCAAATTGCGGCTTAATTAAGGCAATTAGCTCTCGCGGCGGCAGCAGTAATTCCCATAGGGCGGGTAAAACTTTAGTCAGGGAAATAAAAGAGAGATCCACCACGCCGAGATCGGGGCGGGGCGCATCGTCAGTGTAGAGATCAGCGGGGGTTAAATAGCGCAGGTTGGTGCGTTCCCTGAGGATAACGCGGGGGTCTTGGCGCAGTTTCCAATCCACTTGGCCATAGCCGACATCAATGCCATAGACCCGTTTGGCGCCCGCTTGCAGCAGACAATCCGTAAAGCCGCCCGTGGAAATACCGCCATCTAAACACACGCGATCGCGCACCACCACAGGAAAGACCCCTAGGGCATGGGCAAGTTTTTCACCCCCCCGCGAAACATAGGCGGCTTTTGCCTTCACCTGAATCGTGGCATCCACTGCCACCAGTGTGCCCGGCTTATCAATGGGGACATGGTTGACCTGCACTTCCCCAGCGCGAATCCAGCGTTGTGCCTGTTGGCGGCTCTCACACAGGTGCCGCTCCACAAGGAGACTATCCAAGCGTTGTTTGCGGGGACTCATAGGTTTTTCCGAAGGGGCGCAAAGGCAAAGAGTTGGTTGACATCCAGTGTTAAACCGTGCAAGTTCCCTTGAGCAAAGAGGGTGGTTTCACTCTGCCACAGGGGTATAAAAGCAACTGCCGCGGCATTGAGTTCCTGAAGCTGGCGCAAGAGCTGTCCACGGCGTTGGGGATTGACCTCACGGCGACTGGCAACAATGAGGTCATTGGCCTCAGGACTGTAGAAAAAGGATCCCCACGCCGCACTGGCACCACTGTCGCAGCCTGTTTCCACAGAACCGCGATCGCAACTCAGGAAGGGTTCAAGGTAGTTATCAGCATCGTAAAAATCACCATACCAATCGAGCAAGACCAAGGGGTAAGCCCCACTGTCTAAATTGCGGTAGATCGTAGCCGAGTCAGCGCTGTCCAATTGCACCTGCACGCGATCGCCCAAATCCCGCTCTAATGAGGCTTTAAGAACCGTTGCCGCCAAGACATTACTGGGAACATTGGCACGGTACCAAAGGTTGACCACCAAGGGCTGCTGTGGTGAAATGGTCGTGTTCTCCAACCAGTGGTCTATTTGGCTCGAATCGCCGTCTCCATAGCGATCGCGAAAAACAGGCTCACTCTCAGGAAATAAACTGGGCACCAGGGAGTACAGGGGTTCTGCTTCCCCCAAAAAGACCCGTTCCGCGAGGCGTTGACGATTGACACTGGCGGCCAACACCTGCCGCGCCGCCAATTGATCCCAAGGGGGCTGGCGCAAATTAATGCTTAAGACGGTGACAGCATTACCTGCCCCGGTAATGACCTGCCAGTGCTTTGTTGCTGCTTGAGTCTTGAGGGCGCGAATTTGATTGGGATCGAGCGCACCGATCGCCACATCGACTGCCCCCGTGCGAAAGGCATTGTAGAGATTAGCGCTACTGGAAAAGATTTGCAGGCGAATCCCCGTATTTTGGGGCTTGGTTCCCCAATAGTCGGCAAAGGGTTCAAGGCGTACCCCATCGGTACTGTAGGCCGCTAAACGGTAAGGGCCTGTGCCCACAAACTGCGTCGGCAAAAAGCCATCGCCCGCTGCACCATAGGCCGTCGGCGAAACGGCACACAAGCCGCTAAAGGCCAACAAATGGGGAAAAGCCACAAAGGGTTCCTTGAGGCGAATTTCCAGTAAGTCCTCCGCGATCGCCTGAATTTCCTTAACGCGCCCGGCCAAGAGGGAGGCGGGTTGGCCACCACTATTCATAAATCGCTCAAGGGAAAAGGCCATGGCGGCTGCATTAAACGGTGTGCCATCGTGGAAGCGAACCCCCCGCCGCAGGGGAATGCGGTAAGTCAGGCCATCCTCGCTCACTTCAGGTAGCGCTGTGGCCAGTTGGGGAATGAGGTCTTTGCCTTCGTAGCTATAGAGGCGATCGCCCAAATTCAACAGCAGCAGTCCCGCCAAATTTTCGTAGGCATCAGCGGGGTCTAGGGTGCGCAGGCGAGCCGTGGTACCAATGACAATACTGTCATCCCCTTGGCGAGGCTGATCACCGCCACAGGCAACCAGCAGCAGGCTCAACAACAGTACCAGACATCCCCACAGTAACCGTCGTGTCACGGATACACCCGCTCGGTACATCATCCACTAGAATAAAGGGCGAGCGATGG
NZ_CP096573.1_gap59	2211969	2213295	1326	GGGGACTCACCCTCGATAATCGCTGGGTGATTGACGGCTCTGGTGTGGGTCAACAGGTGGGACTCGGTCCCGATACGATTATTGTCACCACCTATGGCAATCACCCGATTACTCAACGCTTTGCCCAAGGTCCGAGTGTCTTTCCCCGCGCGCAAGCCATTCGCATTGATCCTGTGAAGGATGATGACATTGTGGAAATTGCCCTCTCGGGCCCGCAAACTTGGGCGGAAACCGACTGGCAGTCGGGCAACCTTGAATTCACTGAAGGTGTAGATACCAAAGGGCCGCTGCCGATTGGTGTAGCGATTACCCGTCAGTTGAGTGATAACCCACCGAAGGAAGCCCGCTTGGTGGTCTTTGGGGATTCGGAGTTTGCCACCGATGGCGTGATTGCCTACCAAGGGATTAATAGTGATCTCTTTGTCAATTCCGTGCTCTGGTTGGGCGATCGCGACCAAAAAGCACTCTCCATTCGTCCGCGTGAAACCACCAATCGCCGCCTTCAACTCAATGTCACCACCAGTCGTTGGCTAGAGATTATCAGTGTCTTTCTGCTGCCCCTTGTCGGGTTTGGCTCAGCCGTTTTTGTCTGGTGGCGGCGCCGCTAACTCTTCTTCTATGGCCAGAGCCTCCTGCCCTTACCCTTGTTTGCTCCTGTATGCCCTAATCGTTGGTCTGTTTGGTGGCTGCGTGGCCACGGCCTTTTATCTCGCTCTTAAGCTGGGGTTTGCGCTGTTGTGGGGGACTGATCCTAGCCAAGTGAGCATTGGCACGTGGGCGCACCTCTATCCTTACATGCCGCTTTTGACGGCCTTTGGTGGCTTGTTGGTGGGCTTATCGGTCAAATTCTTTGGGGCAACGGAGGGACTCGCGGATGCGATCGCAGAGTTACACCACGAGGGTCGGTTAAGTTATCGCTTTCTACCGGGTATGGCATTGGCTTCTAGCCTATCTTTGCTGTTTGGCAGTAGTGCTGGCCCTGAAAGTCCCATGATTGATATCAATGGCGGCTTGGGCAGTTGGTTCGCGGAGCGTTTGCATCTACCCCCAAAGAGCACCCGTATTCTCACCCTCTGCGGTATGGCAGCGGGCATGGGCGTGTTTTTTGAGTCCCCCCTCGGCGCCACACTGTTTGTTTTGGAAGTCCCCCATCGCCGCAGTGTGGAGTTTTATGAGGCAATCATTCCAGCCCTGATTTCTGCGGCTGCTGGGTTTACCCTTTTTCGGGTCATTACAGGCACAACCATTGGTGACATTTATCGGTTCCCTGCCTACGATACGCTGCGTCCTGAGGATATTGGCTTTGCAGTGTTGCTCGGCATCATT
NZ_CP096573.1_gap60	2217160	2218253	1093	TCACTCTTTGGGAGGCGATGGAGAGATCGGTTTTCCGCCAACAGCAAGGGCAACCCCTACCGATACACTAGAGGTTGTCTGACCAAGAATACACTCACGGGAAGCATCATGTTGGAACAGGGAACCATTTCAATCCATACTGAGAACATTTTTCCAATTATTAAAAAGTGGCTCTACTCCGATCATGAGATTTTCCTGCGGGAACTGGTCTCCAACGCCGTAGATGCCATTCAAAAACTGCGGATGGTGGCACGCTCTGGGGAATATAGCGGCGATGTGGATCACCCGGAAGTGACGATCACGATTGACAAAGAAAATAAAAAGCTGGCGATCGCCGACAACGGCATTGGCATGACCGCCGAGGAGGTGAAAAAGTACATTACCCAAGTGGCCTTTTCCAGTGCCGAGGAATTCGTCCAAAAGTACAAAGGGGAAGGGGAAAACGCAATCATTGGTCACTTTGGGCTGGGGTTTTACTCTGCCTTCATGGTTTCAGAACGGGTGGAAATTGATACCCTCTCCTACCGCGAAGGTGCCGTCCCCGTGCATTGGACCTGTGATGGTTCCACTGAATTTACCCTCTCCGATGGTCAGCGCACCAGTGTTGGTACAACCGTCACCCTAACCCTGCAAGAGGGTGAGTTGGAGTACCTAGAACCCGGCCGCATTCGCGAATTGGTACGCAAATACTGTGACTTTTTGCCGGTGCCAATTAAGCTAGGGGGTGAGCAAATTAATAAGCAAATTGCCCCTTGGAAGAGTGCCCCCAATAGCCTCAGCAAAGAGGACTACCTAGAGTTTTACCGCTATCTCTATCCCTTTCAAGAAGACCCGCTGCTTTGGGTTCACCTCAATACCGACTATCCCTTTGTGGTCAATGGCATTCTCTACTTTCCCAAGCTGCGCCCCGATATTGATGTCACTAAGGGGCAAATTAAGCTCTACTGCAACCAAGTCTTTGTCAGCGATAACTGCGAAGAGGTGATCCCGCGCTTTTTGCTGCCTTTGCGGGGGGTCATTGACAGCAGCGACATTCCCCTGAATGTGTCCCGCAGTTTCCTGCAAAACGATCGCACGGTGCGCAAAATTGCCG
NZ_CP096573.1_gap61	2269292	2270165	873	CAGCGAGATCATGACCCCACTGCCCATGCGGAAATCATTGCCCTCCGCCGCGCGGGTCAACGTCTAGGTACGTGGTATTTAACGGGCTGCCGCCTCTATGTGACCCTAGAACCCTGCCCGATGTGTGCCGCTGCCATTGTTCAAGCCCGCATTCACACCCTCATCTACGGGACGACCGATCCAAAAGCAGGGGCCATTGATTCAGTGCTGCAACTTCCGCAAAGCCCAGCGGTGTTCCACCGGCTTCAGGTGATTAGCGGGGTTCAGGCGGCGGCCTGTCGGCAGCAGTTGCAAACGTGGTTTCGCCAGCATCGTCAGAAAGAACGGCAATAATGCCCGCATCCCCCACCCGCTCCCGTAGGGTTTGGATGGTTTCACCCAGTAGGGGGTGTCGCCAGTGGGGGGCGATCGCTGCAAGGGGCACAAGGACAAAGGGTCGCTCGGCCAAGCGGGGATGGGGCAGGGTGAGTTCGGCAGTGGTCATGACGCGATCGCCATAGAGCAGCAGATCCAGATCAAGCGTGCGGGATCCCCAATGCTCTTGCCGTTGGCGACCAAACTGCGTCTCAATCCTTTGCAGCGTTTGCAGAAGTGCCCAAGGGGAAAGTTGCGTTCGGGCAATAAGACAGCCATTCCAGTAGTCCGGTTGCAGGGGGCCTACGGGGGTCGTGCGATACCACGGCGAGCAGGCTAAGACATGAATCCCCGGCGTTTGGGCAAGCACTTGGACGGCTGAGCGCAGTTGCAGCAATGGCTCACCAAGGTTGCTTCCGAGGGCGATCGCCACGAGGGGGGGGTCAGACGGGGATATACTTAAGTCAGTGCATTCTGCCATTGTGCCTGTGTAGAGTGCCTGCCACTCCTCCTGTTATA
NZ_CP096573.1_gap62	2418074	2422042	3968	CGAAGATCGCATTCTTATCCCCAGTCCAATGGTGGCCACCTACGATCAAGCGCCAGCCATGTCTGCCCCTGCCGTAACAGAAGCGGTTAAGGAGGCCATTGAGAAACAGGAATATGCCCTAATTGTGGTGAACTTTGCTAACCCCGATATGGTGGGGCACACGGGGCAATTGGCGGCAACAATTCAAGCCATTGAAACCGTGGATCGCTGTGTAGGCGTATTGGTGGAAGCAACAACAAAGGTGGGGGGCACGCTGCTGATTACCGCTGATCATGGCAACGCTGAGTACATGATTGACGAGGATGGCAACCCTTGGACGGCTCACACCACCAACCCCGTTCCCTTCATTTTGGTGGAAGGGGAGAAACGCAAAATCCCCGGCCATGGCACGGATGTCACCCTGCGGCAGGATGGTTGCCTTGCTGATATTGCACCGACGATTCTGGAAATTTTGGGGCTGCCTCAACCCCCTGAGATGACGGGGCGATCGCTGATTGCCAGTGCCCCCTATGAAACGCGCCTCAATCGCACCCCAGTCTCTGTGAAGGTCTAAGGGCATTCTCAACCCAAGAGCGACGGCAGAAAATTTTAAGAAATCTTAAAATAGGAACAGTGCTTGTCCTGTTTTTATGGCCACGTTTCGCTCCATTCTGGGTTACTACCGCGCCTATCGGGGGATGGCGATCGCTAGTATTACCGCAGCTAGTCTCTGCGAACTGGTGGATTTGCTCGTGCCCTATGCCATTGGTCAAATTCTCAACCTGCTCTCGCAACAACCCCTCGATCCGCCAGTGGTGGCTATCGCCCATACGCTGCAAACATGGACGGGCTGGAACAATGCCTTTGGCGTCAATCTCACCGTTCTCGGCAGTATTGTCTTTTTGGCCACTGTGGTGCGTGCCCCAATTCAACCGTGGCTGGGGGTATGGTTCCACTGGTGGATTGCCTTGGCTGCCCGCCGCGACCACACTCGCAAAGCCGTCGAGAAAATCCTGACGCTGCCCCTAGAATTCTTTGAGGAAAATAACCCGGGTCGCATTGCCAACCGTGTTAGCAAAGGGATTTCCAACCATACGTGGAGCTATCCTGAGATTGCCGGCCAACTGATTCCCAAACTGGTACGGGTGCTGGGGATTGGCCTGATTGTCTGGTGGCTTGATTGGCCGATCGCCCTTGGACTGTTGCTCTCCTTTACAGTGATCTTGGTGCTGACCCTGCACACCCTACGGCGCATTATTCAAAAAGAAGAAATCCTCGACAGCCACATCGAAAGCACAGAAAGCCGCACCTCAGAAATCATTACCAATATCAAAACCGTCAAAGCCTTTGCCACTGAAGCCCGTGAACTTGCTCGTCAACAGCAGCGTCTCGATCGCGAGTTCAAGATGGTCATTGACCGCATCCATCGCGGCTATATGCACCTGATTACTTGGCAGGGAACCGTAGTCCAGTTCTGTCTTTTCAGTTTGTTGGGGTTTTCCCTAGCGGCCACGATCGCCGGCCGGGTCTCCATTGGTCACTTTATTACGATTTACACCCTTGCCAGTATGGCCTATGCCGAAATTACCCCCCTCTCGCAGGTGTCGGAGGTGTTTGCGCGCCGCTATGCCTCCATTTTGCGCTTCCATGAATTTATGGAATTGCCCCCCGGTCGCGATGCCATTGATCTGGAGCAACAGGAGATTCCTAGCCTGAAGTTTTCGGGCAAAGTGGATTTTCAGCACGTTTGGTTTAGCTACACGCCGGGGCGTCCCATTCTGCGGGATATTAACTTACTCATTGAACCCTGCCAAACGGTGGCCTTGGTGGGGCGATCGGGTTCCGGGAAATCCACCCTGATCAAGCTTCTCTTTCGCTACTTCCAGCCGGATCAGGGGCAAATTCTCATTGATGGCCAAGATATTCAAACCCTCGATGTCCGCGCCTATCGCCGCCGGCTGGCCATTGTCCACCAAGAAGTGGATGTCTTTAATGGCACCCTCTGGGATAACCTCACCTATGCCAACCCCGAGGTCAGTGCCGACGCCGTCTATGAGGCCTGTGCTATTGCGCGGGTGGATGAATTTGTGCAGCAGTTGCCCTTGGGCTATCGCACCATTGTCGGTGAACGGGGCTTGCGGCTTTCGGGGGGACAGCGGCAGCGCCTAGGGATTGCCCGTGCCCTCTTAGCAGATCCCGATGTCCTGATTTTTGATGAGGCCACCTCAAGTCTCGACTATGAATCGGAGCGGGAAATTCAACTGGCCCTGCGCTCCATTACGGGTACTCGCACAATGATTGTGATTGCCCACCGCCTCAGTACGGTTCGGGATGCCAATCAAATTGTGGTCTTGGATCAAGGGACAATCCGTGAGCAGGGAGACCATGAGACACTCCTCGCCCAAGGGGGATTGTATGCCCATCTCTACTCGATTCAGCGCGATCGCGCCCCTCGTGCCTAACTGAGATCCACACCAAGGAAGCGATCCAAGAGTCGATAGCGCCAAAAGCTGCGCAGGAAAATCACCCATAGCAAAACAATCAGTACAATCAATGCCCACAGCGACCACGAAAGGGGTTCCAACTCAGCCACTGCCCGTAGGGTCGGCGAAAAACTAATTGTCAGGAAGGCAGCCAGCAGGGCTAAAACCACAGCAACATAACGCCAGTTGCCCACTAAAGGCGCACCGCCAACCCATGTGGGATGGGGAGGTTTGAGAAACAGGACTAAACAAAGGGAGGCCAGCATCAGGGTCGTCACCAAGGCCGTGCGGGCGATCGCCACACTCTGCCCTAGTTCTAAGAGCACCTCGCGGCCATTCAACAGCGTTGGATCAAAGCGTCCTTGGAGCAATGCCACAAGGGGCGTCAGTTCCCGTGCCAACACCCCCAAGTACATGAAAATGGCCAACAGTGCGAGGCTTAGGGTGGCGGGGATGACAAAGTGCAGCAATGAACGAATCAGCGATCGATGGGGACGCGGCCCCGGCACTGCCCAAAAAGCCACCGCCAAGGTCGGCAGACCCACTCCCCACAGGGTTAGCAGGCTATTGTGCTTAATCAGCAGCGGAAAGGCGCGCCCTGCCATGACAGTGACTAGACAAAGCAAACTAAAGCTAAACACCCGCACCAGAAAGAGCTTCGTGACATCTTGAATGCCGTTGTAGATGCGCTGTCCTTCACGAAAGGCTGCTGGTAAGGCGGCAAAGGAATCCGCAAGCAATACAATATCAGCCACATTTCGGGTAATGGCACTGCCACTTTCCATGGCGATGCCCACATTGGCCTGCTTCAGGGACAGCACATCATTGACACCATCGCCAATCATGGCCACCTGATGCCCGAGGGCACGCAGTCGAGTCACGAGTTTCGCCTTTTGCTCGGGGGTAATGCGACCAAAAACCGTGGCTTTCTCGGCCATTTGATCAAAGCTAGGATCATCCATGGCGGCGAGTTCTGTGCCGGAGATGGCGATCGCCCCCGCATCGAGGCCGACTTGTTTACCGAGGGCAACCACCGTTTCCGCATGGTCACCGGAAATAATTTTGATTTGAATTCCAGCCTGTTGAAAGCGTTGCAAAACATCGCGGGATTGGGGTCGCAGGCGATCGCCCACCCAAATCACTGCTAAGGGTTCAAGATCTGGGGGCAAGAGGGGAGTCTCCTGCCGCTCATCCCATTGAGGATCACTGCAACTACGGGCAAAGAGAAGCACCCGCAATCCCTGCTGCCGTCCCCGCTGGAGTAATTCAGTCACCTCAGGGGAGAGGTCTTCAGCCTTGAAGAGGACATCCGGTGCCCCCAAAATAAATGCTTCTGAGTCATGCCACGCTGCGGCACTCCACTTGTAGGCGGAGGAAAAGGGAATTTCGAGGCGTAGGGGCTGGGGCCTGCCGTCAAAGGCCTCCGTGAGGGCAACAATGGTGCGGTTCGGAGCACTAACACTGGCGGTAAACGTGGCGAGAGCCGCTTTTGTCTTTTCCTCTGTA
NZ_CP096573.1_gap63	2437863	2442011	4148	ATTGCCGCAACCATTCGCCAGTTTTTTCAGAACCCTTAGGTACATCGCCTAACGATTTGTCCTCATTTAACACAACCTTAAGATCTCACTCGCTAAGCTAGCAACAGCCCTTTTCTCAAACCTGTAATGTCGCTAGGGCAGGAGTGCAATGCCATGAAGGTTGCCGTTTTCAGTGCCAAATCCTACGATCGCCAGTTTTTGAATGCCGCCAATGCAGCGCAGGGGCACCCCCATCTCCTGACCTATTACGATGTGCTGCTGCGCCCTCAAACAGCCTCCTTGGCCGAGGGGCACAATGCCGTCTGTGGGTTTGTCAACGATGATTTGGGAGTGGAGACCCTAAAACGGCTGGCAGAGTTGGGAGTGCGTCTGGTGACACTGCGCTGTACGGGCTTCAACAATGTGGATTTGGCAACGGCGGCCAGCTTGGGCATCACAGTTACCCGCGTGAGTACTTATTCCCCCTATTCAGTGGCGGAGCATACGGTGGGGCTGATCCTGATGTTGAACCGCAAACTCCACCGTGCCTACAACCGTGTGCGCGATGACAATTTTTCCTTGGAGGGGCTGATGGGCTTTGACCTCCATGGTTGTACGGTCGGAATTATTGGCACGGGTAAAATTGGCCGTATTGTTGCTCAGATTATGGCTGGTTTTGGCTGCCACCTCTACGGCTATGATCCCTACCCTAGTGAAGCCTTTAGGGAGATTGGTACCTACACAACCCTAGAGACGCTGCTGGCGGCATCCGATATTGTGACGCTCCATTGCCCCTTGGTGCCCGAAAATGAACATCTGATCAATGCCACCACGATCGCCCAAATGAAGCGAGGGGTGATGTTAATCAATACCAGTCGCGGCAAACTGGTGGACACCAAAGCAGTGATTGAGGGCATTAAAAGCGGCCAAATCGGCTATCTGGGCATTGATGTCTATGAAGAGGAAGACTCCCTCTTTTTCCAAGATCTTTCGGACACGATTATCCAAGACGACACCTTTCAACTCCTGCAATCCTTCCCCAATGTGGTGATTACTGCTCACCAAGCCTTCTTTACCCGCAATGCCCTCACGGATATTGCCCGTACGACAATTGAAAATCTGACCTGTTTTGAGCAAGGCCTGCCCCTAGCAAACGAAGTGGAACAGATGTAAGGCTCGGCGAAACGGTTATCCCCATAACGTTTCCGGCAAACAGATCCGCTATAGTAGCGATCGCGTTTATTTCAGGAAAAAAGTCATGGGGCGTGCAGAAAAAGTCATTTTGGCCTATTCGGGGGGAGTGGATACCTCTGTGTGTATTCCCTATCTCAAGCACGAGTGGGGCGTGAAGGAAGTCATTACCCTCGCCGCTGATTTAGGACAGGGGGATGAACTGGAACCCATTCGCCAAAAAGCCCTTGATGCTGGTGCCAGTGCCTCGCTGGTGGCCGATGCCAAAGCTGAATTCATCCGCAACTATGCCTTTCCAGCCATTCAGGCCAACGCCCTCTACGAAAATCGCTATCCCCTCTCGACGGCCCTTGCTCGCCCCCTGATTGCCAAGCTCTTGGTGGATGCGGCTGCTGAGTATGGTGCCGATGCCGTTGCCCACGGCTGTACAGGGAAAGGCAATGATCAAGTCCGCTTTGATGTGGCGATCGCCGCCCTGAATCCCAACCTCAAGGTCTTGGCACCCGCTCGCGAATGGGGCATGAGCCGCGAAGAAACCATTGCCTACGGCGAACGCTTTGGCATTCCCGCCCCTGTGAAAAAATCTTCTCCCTACAGCATTGACCGCAATCTTTTGGGACGCAGTATTGAAGCCGGCCCCCTTGAGGATCCGTGGATTGAACCCCTTGAGGAAATCTATTTGATGACCCAAGCCATTGAAAATACCCCCAACTCCCCGGAGTATGTGGATATTGGCTTTGAGGCCGGAATTCCCGTTAGCCTCGATGGCCGCTCCCTCGATCCCGTAACGCTGGTGAGTGAACTCAATGAGCGGGTAGGGCGCCACGGCTTTGGTCGCATTGACATGATTGAAAATCGCCTTGTCGGTATTAAATCCCGCGAAATTTACGAAGCCCCTGCCCTCTTGGTGCTTATTGACGCCCACCGCGATTTGGAAAGCTTGACCTTAACCGCCGATGTGACGCAGTACAAACGGGGGATTGAAGAGACCTACAGCCGTTTGGTCTATAACGGTCTTTGGTATAGCCCCCTCAAGGAAGCCTTGGATGCTTTTATTCAACAGACCCAGCAGCGGGTCACAGGCACAGTGCGCGTCAAGCTCTTTAAGGGAACCGCACGGGTGGTGGGGCGGCAATCTCCCTACTCCCTCTACACGCCCGATTTGGCCACCTATGGTGCCGAGGATCAATTTGATCACAGGGCAGCCGAGGGCTTTATCTATGTGTGGGGGCTACCCACCCGCGTCTGGGCAGAAAAACTGCGCCAAGGCTAATCGGGGGCTTCGACAATACACCACTCATGGAGTTCGTACTGCACACACTGGTGTTGGACGAGGGGATCGCGGGCAACAATTTCCTCAGCCGCCTTGCGGGAATCGGCCTGAAACAACAACATGCCACCCCCTCGCTCAGCCCAGTATCCCGTGCGGGCTTGATGCCCTGCGGCAATGAGGGCGCGCACATAGGCGCGATGGGCACCAACGTGGCGATCAAAGGTGGCCTTGTCCACAATACCGCGTTCAATTTTGACAAACCATGGCATCGGTCAGTGGCTCCTCTGGATTTCAATCAAGACCTAGAATAGCTATAAGCAGTGTGCCTGAGTGACTCTGTTGTGCCCTGATTGCGAGCGGCTATGAGCAAAGCCATGACCCTTGAAACCTTGTTAAGCGAATTTGCCCGTGGGGTGCGAAATTTCCGTGGTGTGAATTTGGCGGGCAGTGTGTTTCCGTTGGTGCAACTCAGCCATATTGATTTGGCGGGAGCCAATCTGCAGGGTATCAACTGGAGCGGGGCAGATTTGATCAAAGCGAACCTTGCCAATGCCAATCTGCGAGGCGCCAATCTGATTGGTGCGGATCTGAGTGGTGCTAATCTGACCGATGCCAACTTGCAGGAAGCCATGCTCAGTGGCGCCATCCTAGTGGGTGCCTACCTCTCGCGCGCCAATTTGCAGCGGGCAGTGCTCAGTGGGGCAATCCTCAAGGGGGCGGTGCTCCATGACAGTAACCTCAAGGATACAAATGTGGTGGGGGCAGATCTCTCAGAGGCGGATCTGACCGGGGCGATCGCCCGCCGTCAAGACTTAGAGGAAGCCAAGCTCTCAGGAACTATACTGCCCAATGGCGAAGTGGTCTTTGATGAAGGGGACATTGAAGAGGTACCGTTGCCCACTCCAACGCCAATGGCTAAGCCAATGGCAACCGCTAACGAAACCACTGTGATTGAGTGGACCAATGAGCAGGTGATCCAAATGCTGATCCTGCAACAACACCCCCTGCCCAGTACCTACCAAAGTGCTGATTTGAAGGTGGCTAGCCTCGGCAACCACTGTTATCAATTGCGCACGGTTACGGAAACGGTGGTGGCGGTGGTAGAAGGTGAGAGTGTGGCCAATGAGAAAGTAACCCTTTTTGCCGAGGCGCCCTTTGCCGATGTGGTGGCCAGTGTCCTCCAAGCCCATTCCTTCTTGCCCACACAATACATCAGTGACCCCGTGCCTGCATGGCAGTACGAGCAAGTACCCATTCCCCGCGGCAGTGAAGTCCGTTTGGGAACGGCACGGCAGCTCTGGAAAACGTGGTGGTTACTCTTGAAGTCCACGGCTACAGGGCAGGAGCCAGCACAGCTACAACTGTTGGTGGGCAAGGAGTGGCAGCCCATTTGCGATATTGCCTTTTCACCGTCGGCGGGCGGTGGTCTGATTATCAAAACGGCTACGGGCGATCGCCACTATCCTGCCGATGCGTCGCTGATTTGGCTAGAAAGTGTCCAGTCTGGCTCACCCACAACCACTGCCCCAGCGCCCACCCCCACAGCACCTCTCTGGAATGGTGTCCTGAAATTTGAAAATAACTGCTTAACGATTCAAACGGCGGCGGGATCCGTCTGTGTGCGGGGGGAAAATTTGACGGTCACCATCGGTGGTCAGGCGATCGATCTAACCCAGCTCTAATGATCGTTGTTCAGCCCTTTGAT
NZ_CP096573.1_gap64	2457387	2460451	3064	GTTTAGCCAAGACCTCGCACAGGATCCGACCACACGCCGGATTTGGTACGCCATCGCCATGGCTCACGACTTTGAAAGCCACGATGGCATGACCGAGGAAAATCTTTACCAGAAGATTTTTGCCTCCCACTTTGGGCATCTGGCCATCATCTTCCTGTGGGTGTCTGGTAGCCTATTCCACGTTGCGTGGCAGGGGAACTTTGAACAATGGATTCAAGACCCTGTCAACACCCGTCCCATCGCCCATGCGATCTGGGATCCTCAATTTGGCAAAGCCGCAGTGGATGCCTTTACCCAAGCGGGGGCTTCTAACCCTGTGGACATTGCCTACTCCGGTGTCTATCACTGGTGGTACACCATCGGTATGCGCACCAACGGTGACCTCTACCAAGGTGCCATCTTCCTGCTGATTCTGGCTTCGCTGGCCCTCTTTGCCGGCTGGCTGCACCTACAACCCAAATTCCGTCCTAGCCTCTCTTGGTTCAAAAATGCCGAATCGCGGTTGAACCACCACTTGGCGGGTCTGTTTGGGGTTAGCTCCTTGGCTTGGGCGGGTCACCTGATTCACGTGGCCATTCCCGAGTCCCGTGGTCAGCACGTGGGCTGGGATAATTTCCTGAGTACCATGCCCCACCCCGCTGGTTTGGCGCCTTTCTTTACGGGCAACTGGGGTGTCTATGCCCAAAACCCTGACACGGCTAGCCACGTCTTTGGCACGGCAGAGGGGGCGGGAACGGCGATTCTCACCTTCTTGGGTGGCTTCCATCCCCAAACGGAGTCCCTGTGGCTCACGGATATGGCGCACCACCACCTTGCCATTGCGGTGCTCTTTATTGTGGCGGGTCACATGTACCGCACCCAGTTTGGGATTGGCCACAGCATTAAAGAGATGATGGATGCCAAGGACTTCTTTGGCACGAAGGTGGAAGGTCCCTTCAACATGCCTCACCAAGGCATCTATGAAACCTACAACAACTCGCTGCACTTCCAGTTGGGTTGGCACTTGGCCTGCTTGGGCGTGATCACCTCCTTGGTGGCACAGCACATGTACTCGCTGCCACCCTATGCCTTCATTGCCCAAGACCACACCACGATGGCTGCCCTCTATACCCATCACCAGTACATCGCTGGCTTCTTGATGGTGGGTGCCTTTGCCCATGGTGCCATCTTCTTGGTGCGGGACTATGATCCAGCCCAAAACAAAGGCAACGTGTTGGATCGGGTGCTGCAACATAAAGAGGCGATTATTTCCCACCTAAGCTGGGTGTCCCTCTTCTTGGGCTTCCACACCTTGGGTCTCTATGTCCACAACGATGTCGTGGTGGCCTTTGGTACCCCCGAAAAGCAAATCCTGATTGAGCCGGTGTTTGCTCAGTTCATTCAAGCGGCCCATGGCAAACTGCTTTACGGTTTTGATACGCTGCTGTCGAACCCCGATAGCATTGCCAGCACTGCTTGGCCGAACTACGGTAACGTCTGGCTCCCTGGTTGGCTCGATGCCATCAACAGTGGTACCAACTCCTTGTTCTTGACGATTGGCCCCGGTGACTTCTTGGTGCACCACGCCATTGCCCTAGGTCTGCACACCACCACCTTGATTTTGGTCAAAGGTGCGTTGGATGCCCGTGGTTCCAAACTGATGCCAGATAAAAAAGACTTTGGCTATGCTTTCCCCTGTGATGGCCCTGGCCGTGGCGGTACCTGCGATATTTCTGCATGGGATGCCTTCTATCTAGCGATGTTCTGGATGCTGAACACCATTGGCTGGGTTACCTTCTACTGGCACTGGAAACACCTTGGTGTCTGGGAAGGCAATGTGGCTCAGTTCAACGAAAACTCTACCTACCTCATGGGTTGGCTGCGGGATTACCTCTGGTTGAACTCGTCGCAGCTCATCAATGGCTACAACCCCTTTGGTACTAATAACCTGTCGGTATGGGCATGGATGTTCCTGTTTGGTCACCTTGTGTGGGCTACAGGCTTCATGTTCCTGATTAGCTGGCGCGGTTACTGGCAAGAGCTGATTGAAACCTTGGTGTGGGCACACGAGCGCACTCCCTTGGCCAACTTGGTGCGTTGGAAAGACAAGCCGGTGGCGCTGTCCATTGTGCAAGCCCGTTTGGTGGGTTTGGCTCACTTCAGTGTTGGCTATGTCTTGACCTACGCGGCCTTCTTGATTGCTTCAACCGCCGCCAAGTTCGGTTGATCGAGTTGAGATAACTTTCGTTCAGTCCCCTGCCCTCGTGGTGGGGGATTTTTGTTTTTGATAAGTTTGATAAAAAGTTGTAGCTGCTTGTTTCAAGTCGGCAGCAAACTAGTTCCTTGCCAACGACTAAAGTTAGGGATTTGTAACGTATCTCAATATACTAGTCCCCTAAAAACGTTTTCAATGACATCACGCTACTTTTTAGATATCCTAGGACTGAATTTTGCCATTGATGAGATTGGGTTTTAACTGAGGACGGTTGTAATGCGTGATACATTTAACCTAGCTATTTTGAGGTTTTCATCTAAGAGCCCTATTGAAGGCTTGTTGGCTCAAATTAGTACTGAAGAAACTTCCCAAATTGTCGGTGAAAATTCAGTGAATCCAGCTTTTGACCTTAACAATTTGGGGAGCCTTTTAGCGCAAGTCATTATTGCAGTTGCTTTGTTGCTCATTGGCTGGATTGTTGCCACTATTCTGGCAAAGATAACACGCTCGGTTTTGAAACGACTGCGCGTTGATGAACGATTGACCCAGTTCTTTGGTGGCAGTGAGTCGCTTCAGAGCATATCAGTGACTGCTATTCTGGCAGCAGTGGTTTTTTGGGTCATCTTTTTGCTGGCGGTGGTGGCCTTTTTGGATGCCCTGCGGCTAACAACGGTTTCCCAGCCCCTCAATGCGTTTCTCAATCAAGTTTTTAGTTTCCTGCCCAAGCTGGGGGCAGCCATCTTGCTGGCGGATGTGGCTTGGGTAGTGGCGACCATATCAAAAATGGTGGTTACTCAGTCCGCCCGTTCTTTGAATTTGGATCGCCAACTCCCCCTAGAATCTGAGGGGAATGGTTCCTCAGAGGGGCCG
NZ_CP096573.1_gap65	2493269	2495211	1942	TTACACCTTTACCCGTCGCGGCAATCAATGGTTGATTCAACGCATGCAGGTGGTTAGCTAAGGGGCATTTCCACCTGTCGGCCAAACTTGAGATTCAAGAGAGACAACGACAGGATAAATAGGAATAAGACCAGTCCCATCGTACAGGCGTAGTTTATCTCTAAGCGCTGAAAGGCATTCTCGTAGATGTAATAAACAATGGTCTTGGAGCTATTGAGGGGCCCCCCTTGGGTCATGACATAGACCTCTTCAAAGACCTTCGTGGCAGAAATTGCTGAGATAATGCTCACCAAAAGAATATAGGGACGCATCAGCGGTAAGGTAATATCCCAATGCTGTCGCCAGCCGTCACTACCATCGAGTGCTGCCGCTTCGTAGAGTTCACCACTAATCCCCTGAAGTCCCGCCAGATAGATCACCATGTAGTAGCCCAAGCCTTTCCAAATCGTGACGGCCATGACACTAAAGAGGGCGAGTTGGGGACTTGTCAGCCAAGGAATCGGGGTGTCCCGCAGATGTAGACCCTGTACCAGTTGGTTGAAGAGGCCATTGGGGGCATAGAGCCAGCGCCAAGCAATCCCCGCCACCACCATTGAGATAATCACGGGGCTGTAGTAGGCAGCACGAAACCAGTGGATGCCCCGCAGGGGTTGATTGACCAAAATCGCCAACAGCAGGGGGGCGATCGCCAGAATCGGCACCACTACCACTAAATAGAGGAAAGTATTGGCCAAGGTTTTCCAGAAAACACCATCGCGCCACAATTGCGCAAAGTTGGCCCATCCCACCCACACAGGCGGACTCAGGAGATCCATCTCATAGCGAGTGAAACTAAGGAAAAAGGCCTGTAGGGCTGGCCAAAAGACCGTCAGTGTGAGTAACCCCAAGGCAGGGGCAAGAAAGAGATAGGAGGTGAGCGATCGCCCTTTCATTGGCTGCGGGGGTGCTGTTGACGATAGGCACGCATTTGCGCCACAAACTCGCCAAAGAGATAATCAGCATCGTGGGGGCCGGGGCTGGCCTCAGGGTGATACTGCACTGAGAAAATCGGCAATGTTTGGTGCTTCAGACCGGCAACGGTTTTGTCATTGAGGTTAAAGTGGGTAATCTCAACGGGGGTTTGGGCAAGGGATTCTTCAGTAATGGCAAAGCCGTGGTTTTGGCTGGTAATTTCCACTTGCCGCGTCAGGCCAGCGGGCTGGTTCAACCCCCGGTGACCAAATTTCAGCTTGAAGGTTTCCGCCCCCAAAGAAAGTCCCAACAACTGATGCCCCAGACAAATGCCAAACATGGGACGCTGAGCCACCAGTAATTTGCGTGCGGTTTCAATGCCTTCCTGAACCGCCGCAGGGTCGCCGGGGCCATTGGAGAGGAAAATGCCATCGGGGTCATAGCTGAGAATCGTTTCCGCTGGCGTATCCGCCGGCACGACAATCACACGGCAGCCATAGCTGGCCAAGCGACGGAGAATATTGCGCTTCACACCAAAGTCAATGGCCACAACTGTTAGCGGTGGCTCTTCGCTGGCCGTTTGGGGACGAAATTCCCAGGCCGGGGGCGTTGGCTCTGTCCATTCATAGGGGGTGCGGGTGGTCACCACCTTGGCTAGATTTTGCCCCTGCATACTGGGAGCGGCAAGGACTTTTTGCAGCAGTTCAACGGGATCAAGGATTTCCGTGGAGATGCCGCCATTCATGGCACCGACAGTACGAATTTTGCGGGTGAGGGCGCGGGTGTCAATCCCATAAATGGCGGGAATGCGATGGGCTTTGAGGTAATCAGGTAAGGATTGTTGCGATCGCCAGTTACTGGGAATGTCACAAATATGGCGAGCAACCGCACCGCGCACTTGGGGGCGATCGGATTCATCGTCTTCGGGCGTGGTTCCGGTATTGCCCAACTCAGGGTAGGTGAATGTCACGATTTGACCACAATAGCTAGG
NZ_CP096573.1_gap66	2570312	2571650	1338	CTAGAGCAAAACGTTGTGGAAATTGATGCCTTTCGGCGGCGGCGGCAAGCGGAAATTGCCCAACAGGCAGCGGAACTGGAGGCGGCAGCGATTCGCACCCTTGCGGCGGCCAACCGTGATAAAGCCCTTGCTGAAGCTGAAGGGATGGAGGCCATGCTCGCGGCCAAAAATGTGATTAGCAACGCTAACTTGACAGCTCAAGTGATTACAGCCCTCTGGCCAGAACTGGCACCGCAACTGCCACAAGTTCTCCAAGCCCTTGCCCCGCAACCGGGGGTGATTGGCGATGCCAAAATTTATACCTTTGCCAACGGGGGCACCCCTGCTGATCTCAATAAACTGCTCCTAGCCACTAGCGGGCTAGCCCTGATCAATGCCCTTTTTGAGGAGGGGAAACTGGGGCAGTTGTTAGCACAAATTAAATCCCTACTCCAGGAAAATACATCTCATTCCTAAGACGCGACTGCATACCCCTAGCCGCGAGAATGGATAACTCTTCAGTAGGGCTGAGGCGTGAACTAAAGATTTATTAACTCCGTCTGTATTTTCAAAATTCATAGAGACTTTTCAATGGGGCAAATATAAAAAAAAGATTAAGAACCGCCAAAGGTCGGTGTTAGTATTCCGATGAACAGATTTAGAAATGTTAAGATTCTTAATATATGTAACGTATCTCCGAAAACGCTGTTAAAGCACCGTTGGCTTGGCCGCGATCTTTAGCAGGGGCGATCGCCCATCCTATAGAGAAAACGATATTCCTAGGCCTTGGACGAATCACTGCTGTCAACCTTGAGAACGAGCGATAGGGACTATGGATACCTCAAAAGATTTAGTGCGCACTTACCTACGGGAGATTGGCCGTGTGCCATTGCTCACCCACGAACAGGAAGTGATCTACGGCAAACAGGTGCAGCAGCTTGCCGCTATGAACGAGATTCGCGAAAAGCTCGCAGCAGAACTCAACCGTGAACCCACCCGTGCTGAATGGGCCGCCGCCGCCAACATGAGTGAAGCAGAATTAGAGACAATTATCGAAAATGGTGAGCGCGCCAAACGGAAAATGGTGGAGGCCAACCTGCGGCTGGTGGTTTCGGTTGCCAAAAAGTACATCAAGCGCAATGTGGATCTGCTTGATCTAATCCAAGAGGGCACAATCGGGATGCAGCGGGGGGTAGAAAAATTTGACCCCACCAAGGGGTATCGTTTCTCCACCTATGCCTACTGGTGGATCCGCCAAGCCATTACACGGGCGATCGCTGAAAAGGGGCGCACGATCCGTCTGCCCATCCACATTACCGAAAAGCTGAACAAAATCAAAAAAGCCCAGCGACAACTGTC
NZ_CP096573.1_gap67	2648560	2649060	500	AACGGTTGCGATCAACGGCTCGCTTACTCACCTTTTTACTGACCACAATGCCCAGCCGTGGTGCTGCCTTGACGGCTTGGGGCGCCAGCCAAAGAACGGCCAGTTTGCCGTGGTGGGCAGTTTTGTGTTGATAGACGCGGTCAAAATCATGGCGATCGCGCAGGCGATGTTGAGGAGGCAACACTAGACGGCCAGCCGTGCCCGCCCTTTACGCCGCCGTGCCTTAATCACGTTCTGACCGGATTTGGTACGCATGCGCGCCCGGAACCCAGAGGTGCGTTTACGTTTGCGGACAGTGCCGCCCAGTGTACGTTGCGTCATGGCTGTTGCAGTTATGATGGTTGATCAGAAAAAACACTGCCCCAAGGGGCACGCCCTAGTCAGTCGTTAGAGCGATCTACAATCGTATCACTTCCCGTGAGGCAGCGGTAGCCCTGCAGGGCTATTGCCGTCTTGGTCGTGTTGCCTATCATTGCTCACATCCTACGGACGAGGTTTGC
