gap_id	start	end	length	sequence
NZ_CP116236.1_gap1	43451	43983	532	GACGAGCAGACCGTCAGCGCCGGTGGTGGCCGGCTCCTTGCGGTGCCGGTGCAGGGCGAGACCAATGACCTGACCGTCTATCTGGCCGATCCGGCCGCGCCGACCCAGGACAAGAACGTGCGCCTGGCCCTACAGGCAGCCACCGACCGCAACGAGATCAACAAGACCGCACTCTCGCCGAGCTACCCGATCCCCACCAGTGCACTGGTCAAGGGCACCCCGTTGCGCGGCGACGCGTCGAAGTACCTCACCTACGATCTCGCGAAGGCCAAATCGCTGCTCGACGCCGCCGGCTGGAAGCCGGGTGCCGACGGCATTCGCGTCAAGGACGGAAAACGGCTGAGCTTCCCGATCCGGATCGCGCCCTACTACCAGGTGTCCCAGTCGGTGCTGGAAATCGTTCAGGCACAGTGGAAGAAGGCCGGTGTCGAGATCACTCTCACCAGTCCCTCGGTGACCGACTACGAGGCGCAGCTGGCGTCGGGGAAGGACTGGTACTTCAGCCAGGGCCAGACCTCGACCGCCGACCCGG
NZ_CP116236.1_gap2	85892	90140	4248	AGAGCGCTGGTACCAGAGGCTTGTTGCGATGAATCAAGCGTTCCGGAAACTCGGTGTTATCTGCAGCAATGACACCGATGCCACGTACAGCCAGGGCATGCGCCTCATTCCTTATGTGCGTGAGAGTCGCATCGCTGAGGTCTGCCGCCTGTGCAGACATCGTCGACCAATTCAGTAGCGCATCACGAGTCTTCGCTGGCGTGCGGGCTATCTGGATTGCAAGGAGCACCCGCTCGATCTCACTTTGGCAATCGGGAATCATGACCGCATGGTCTTCGCTGCAACAATTCCGTAGACGGCTTGGGCTCCCGCATTACGAGCTGCTCTTGCGGTTTCATCGAGAGTGTGGCCCGTGTGCAAGACATCATCAACAACGATGCAAGCCTCCGTGATATGGGACATGATCGAGATCTTCCCTGACAGATCGGGGGCGTCGATGCCCTTGCGGGGTGCGTGGGGAAGACAGTTGGCCGTGAACAGTTTCTTTCCGGTTCGGATACTTATCTGACGAGTGATCTCCTCTGCCAGGCTGGTCCCGAACCCACGGGATCCGGGGGCGCTGACGATGGCTGAGGCCGAGTTGTACGCTGGGTGTCGGCGAACTGTCTCAACCAGATCTTCGACCAGTTCTGAGAATTCAGGGGTTTGGTCGAAACTGCGAGAGCGTGGCTTTCGATATTTGAGGTAGCTGATCGCAGAACCAACGCGCGTGTCCTTCCATTCGGTGGGACTCACCCCGCCGTCGACGATCTTGTATCGATCGAGTGCGAGAACCAGGTTCAGGTTGCCGAGCCCCTCCAGCGGAACGGCCATCCTCCTTGTCAACAGCTCCAGCAGTTCTTGCGCTGCAGTCGGAACACCATCACTCCAGTAGAGCCGAAGGGTCTCCCCAGCACTGGTATTCATCAGCCGGGACTCATACTCGAAGTGGCTTCGGTAAAGGTGTGACAAGTGGTATCGGGCCGAATCATCGGCAATCAGGTACATTCTGGCTGCCGAATCATGAGCGGGTCTTCCTGCTCGATCTGTTTTTACCCGAGATATGCGGCCGCGAGGGTCGAGATGCGAGCCCATGACGTAGTAGAAGTCTTCGGCAATCGCCGGCCTCAGGTGGATATCCTGCTCGTGGAGTGGAGCCGAGCGGACGGTCTGTTCTTGCTTTGGCGTTGAAGAATCACCAACTGAACCCGGTTTCTCCGGTTGTTCCTGGACCGAATCGTTGCGCCGGATGGTCGGTGCCGCGAATTCTCCAGAATCAGGCCGGGACTGCCGTGAGGTCTTATTTGTCTTGCGACGTGGTTTCTTGGTGCGGGAGGAGTCACGGGCCCCCGGTGGTGGCTCAGGCGTGTTCGATTCCTCGCGACCGGGACGGACCAGCGCGATCAAGCGTGTTGCTCTACTCCGGATCGACATCCACTTCTCCCAAGAAATCACGCGACCGGGGCCGCGCAGCGCGAAAGCTCGCTGCCGACGCGTTCTCTGCGCCGGAGCCAGTTTTCGGGCCTTCGGCTAGGTGATCAATCACTGAGTCTCCCGTGGACAGCTGTGGCATTGAATCTAACCGGTGGGACCCGTGAGAGGAATCCCTGGTTGGATTCGACGGACGCCGCATACACGGAGCGGTCGATCTCTGGACGGCTGAAGACACCGGCCGTCGTCTCAGGGTTGGTATTCGTGCACCAACCGATCGCAAGACGCGGAGCCGTAATCAGAGGTTTGCCCCACGGGCGCGTTCTACCTCCGCGAGTAGGCTCGCCGCAATGAGTCGCGTGCCGGACGAGCGTGCCCGAGACGGTCGGCCCACCGCCTCGTCAACAGCCGTCCGTGCACGCATGAGCCGCCAGCGCACCAAGGACACGGCCCCCGAGCTCCGGGTCCGCAAGATCCTGCACGCACGTGGCGCTCGTTTCAGGACCGAGGTCAAGCTCGAGCCGGATATGCGGACCCGAGCAGACATCGCCTGGCGGGGCATTCGGCTGGCCGTGTTCATCGACGGCTGCTTCTGGCACGGGTGCCCCGAGCACGCGACGCGCCCGGCCGCGAATGCGGAATGGTGGGCGCAGAAGCTCGATGCGAACATTGCGCGAGATCGGCGCGCGGACGCGCTTCTCGCCCAGCGGGGCTGGACAGTGCTGAGATACTGGGAGCACGAGAACCCTGAGCAGGTCGCGGACGACATTCTCGGCGCGATCCAGCGGTTGCGGGACCGCCCCGATGGGCCAACCTGTCTTCGCGACGCAGAGGCCCACAATTTGTCCGTCAGAAGGGGGAAGTAGCGCTCCGATGTCGAAATCGCAGCCGCTGATCGAGTAGAACTCTTTGCATGGCTTATGTCCGGGCACCACATCCGACCGGTATGGGTCGGGAGCGGTGATGACCCGGGTGCGCAGTGCGGGGAAGCGGTGATGAACGACCGCGAACGCCCCGCGGTCGAACTCGATGCCGCCCAGCGCAGGGTGGTGGAGGCGCCGGCCGATGAGCGGCTGATGGTGGTGGCCGGAGCCGGACAAGGCAAGACAGAGGTCGTCGCGGAGCGCCTCGCGTTCCTCATCGACGATGAGGGTCTGTCTGCGTCGTCGGAGCTGTTGGTCCTCAGTTTTTCCCGTGCAGCAGTGCATGCGGTTCGTTCGCGACTCTCTTCCCACGATGTCGCCGAGGTGAATGTCTGCACGTTCGATTCCTTCGCGTCGCAGGTGCTCCTCGAGGCCGGAGAGGAACCAGCAGGAGGATTCGACGAGCGGGTACGACAGGCGACCCGGTTGCTTCGTGAAGAGGCCGAGGGCACCGAGTGGATCGCCGACTTCCGCCACGTGGTGCTCGATGAGGTCCAGGACTTGGTCGGCGACCGCGCGGAGTTCGTACTTGCCGTCGTTGCGCTGCTGCCCGACGACGCCGGCCTCACCGCGCTCGGCGACCCGCTACAGGCTGTCTACGACTTCGTCCTCGATGAATCGGAGAGCCAGACGACGTCGACACGATTTCTCGACCAGCTCATCGCGACGCATGGGGTGACCGAGGTCGGACTGCTGAAAAACTATCGGGCACGCGGTGCCGATTGCATTCGCATGAGCGAGATCGGTGTCGAACTACGGGACGTCTCCGACGCGAACAGAGCGCGGGAGATCTTGACCGAATTCCGCGGGTCCCTGCCGCGGATCAGTCGCGTGGACGAGTGGGGCTTCCTTGCGGAGTACGCGGGGCGTTCGGCGATTCTGTGCCGAAGCAACGCCGAAGTCCTCCGAATATCCCGGGCGCTGATCGACGCGGGAGTCGCGCATTCCGTCCGACGCCCCGCCCAGGCTTTCGGCGCGGCGAAATGGATCGGTCGCGCGTTGGGATCGGTGAACGGCCCGATCGCAGCCCGCTCGGTCGTCGAACAGCGACTTGCCGAGGTCCTCGGTGAATCGGCAGCCGACGATGCGTGGTATCTGCTCAAATCGACGGAGCGGCGCGCTGGAAGCCTCGAGCAGGTGGATCTGGGCCGGGTGCGGCGACGCATCGCGTCGGCAAATGTTCCCCTGAGCTTGACGCAGGAAGACGAGGCCGACGTCGTTGTGTCGACCATTCACCGGGCGAAAGGGCTCGAGTTCGAGAACGTCTTCCTCGCGGACTGGCGAGACCCACAACAGGGCGAGCATGACTTGTGGGCGCAGGTCAGGCTCGAATATGTAGCTCTCACAAGGGCATCCGAGAGGATCGCCGCCATTGACACCGCGCGGGCGCGAACAGTGGTGACCCAGGATCGCTGGCTGCCCGGTCGGCACCAAGAACGTGTCGGGCCGAAGGGAAGAACCAGGGCGCGAGCCTTGGAGATCGGATACGCCGACACCTACGTTGCGCGACCGATCGGGGTGGGAGAGTACTCCGCGGCGGCGGTGCAGGATGTCCTCGACTCGATCGCGCCAGGCGCAGCCGTTGATGCCCAACTCGATTCGGAGAGGTCCGACTCGCTGCGGCCCGTCTATGCCCTGATCGTCGACGGCAGGCCGATCGGGATCACCACCGATGACTTCGGCACCGATTTCGCGGCGGTGTTCAAGGTCCGGTCGGGTTTGTGGCCCTACGAGTTGACCGACATGGTCCTGGTGTCGGTGGAGACGACCACCGGTGATCCTCGAATCGCCGAGGACGCAGGTCTGGGACCGGGTGGCTTCTGGCTGGTGCCCAGGATCGCGGGGCTGGCGCGACCACTGTGGGATGTCATGGAGGAAGTGGGATGAGCGTGGACGACGTTCTGGCAGAGAAGTA
NZ_CP116236.1_gap3	107427	111963	4536	CCTCTATGGGGTGTTGCCTGCCCGGGACATGGAACACGCATCTCGCGAATCCGCATTGCGGTTGATCGAGGAGTTCCTCTCCGAGTGGGATGTCGAGAGCATCGGGACGGTCACCGGAATCGACATCGGCAAGGTCCAACTCAGTGAGCTGGAGATCCGATTCCGCGAGTTGCTCAAGTCCCGGTTGGACGCGCGAGAAGGGGCGTCCTACGAGGTCGCGCTCGGAGGCAAGGGCGAGGAACTCGACATCCGGATACCGGCCCCTGACGGTCGGACGCGACGCTGGCGGATGCGTCCGCTGGTTCAGATGAGCCACAGCGGCGTGGCGACCGAGCCCGACTTCCTGTTCACCCGCGTTGACGCCCAGACCGCCGACGTTGCCATCTATCTGGACGGCAAGCAGTTCCATGCGAGCGTCGAGCACAATCGTACCGACGACGATGCGCGCAAGCGTGACGCGTTGCGCCGCTCTGACATCCGGGTCTGGTCGATCTCATGGGATGACGTCATCGCCGATGAGACGGGCTCGGCCAAGCAGCGTTCCGCCGACATCGTCCACCAGCACATCAAGAATCTCGTTGCCGAGAACGTGTCCGACAACCGTGTGCGCCACATCTGGGCCAACCCCATCGAGTTCCTGCTCGAATACCTCGCCGACCCCGACGCCACGGTCTGGGGAGAAGGGGCAGAGGCCACCGTCTTCGAATTGGTGACCGGCCCGGCAGAGCATGGCACCGCCCAGCACTTCCGGGTGGCACCGTCGGAACTGGCAACCGCTCTGATCGACGCGGCCGCCGGGGCGGCGATGACGGATGACGAGACCGGCTCGGTCATGGTCGTTCCCCGCCACGGGCTCAGCGGTCTCCCACTGATCATCTGCGCAGTGCCGGACTCCTTCCGGACCACGCTCGGGGTGTTCACACTGCTCGACGACCGGGCGAACGTGGTCGGCGGACCAGAGCACGACGCACGGTGGCGGGCCTGGCTGCAGTGGTCCAACATCCTGCAGTTCCTCACCCTGCCGCGCTACGGCGACCTCATGCCCCAGCGCATGGCCGCGATATGGACCACCAGGTCGGTCGACGACTTCCTCGCCGTCCCGGTGCCATTGGCGATCACCGCAGGCGGTCGCGCCGACATGATCACCCCGCTGTCCGGAGAATGGGAGATCGTCCGCGAGTACGCCGATCCCGTCGTCGACGATCTCGTGACCGGTTTGGCCCAGGCCGGTCTCGACGCCCCCGAGGTCGGATTGGAACTGGGCCCCGACGAGTCGATCTGGCAGGTCGAATTGGGTTGGGAGAAACCGAAGGTGGCCGTGGTGACCGATGTCGACGAGGCTCGCGAGGCATGGTTGGACGACAACGGTTGGAAGGTGTTCCGCGTGGACACCGCGACAGGTGCCGGTGTGGACGACGTCGCCACAGCTCTGACGGAAGGGACACGATGACCCGATATGTGCAGATGCACGAAATGTTCCAGGGCTCCTACAACAAGCTCGACGGAAGCATCAAGTCCCGCGTCCTGAACTTCATGGTCAAGCTCCAACAGGACCCCGACGGAACCGGACTGGATTTCAAGCAACCAAAAGGGGCGGCCGACAAGCACATTCGGACCGCCCGCGTCACCGACAACTACCGTGCCGTATTGATGGACCCGGGCGGGGAGTCCGCCCTCTACCTCATCGCGGTGATGAAGCACGACGATGCGTATGAGTTTGCCGAGAAGGTCACCATTCAGGTCAATGAGAAGACCGGGGCTGCGGAACTTTTCGACAAGGTGGCGTTGAAGACCGCGGTGGATACAGCACCCGTCGCCCAGCCGAGCGAACAACCATTCATGCCATCGACCGTCCGCACCTCGGACCTCGAACGCTTCGGCGTGGAACCCGGGATCGCCGAGCGCCTCACCGAGGTGACCGGCGAAGAAGCCTTCCTGGCCATCGCGGGCGCGCTTCCGTCCACGCAGGGCGGAGCCGTCCTCGACCTCGCCTTCGGCAAGAGTCCCGATGACGTGTGGAAGGACTACGCCCTCCAGGAACCCGGGCCCATCGACACCGACGACCTGGAAAAGGCGCTCGAGCGTCCCATCTCCCGGCTCGCATTCACCGCAGCGGCCGGCGACAACGAGGCAGAACTTCGCGCCGTCCTCGAAGGCGACTTCGCGAAGTGGCGCGTATGGCTACACCCATTGCAGCGTGACCTGGCCACCCACGACGGGTGGAACGGTCCGTTCCGTGTGACCGGTGGCGCCGGGACCGGCAAGACCGTCACCGCCCTACACCGTGCCCGTCATCTCGCCCGGCGTATCGAGGACAGCGGCAGTGGCGAAAAGGTCCTGCTCACCACCTACACCCGAAACCTCGTGCGCGACATCGAAGCCCAACTGATCATGTTGGCCGGCAAGGAGATCACCGGCCTCGTCGACGTTCTCAATGTCGATGCCCTGGCGCGCAAGGTGCTCACTGCCGGCGACAACGGTCGCGCGCTCGTCAATTCGTCGACCCTCGTGCAGGACAGCGACACTCGGGTTGCGCAGCTGTGGGCAACCGCCGCCCAAACGGCAACCGGGAAGTGGGAGCCGGGCTTTCTTTCGGACGAATGGGCGCTGGTGGTGCTGGGCAACTCCATCGAGGACGAGGCCGGGTATCTTCGTGTACCCAGGACGGGCCGCTCACAGCGACTCTCCAGACCCCAGCGTGCCGACGTCTGGAAGGTCGTCGAACACTTCCAACGCCTGATGCGGGCAGAGGGACTCATCACCTTCACCGAGCTCGCGGCGCGGGCTGCATCGGCCCTCGCCGCGGACCCGGGACTGCGTGACAGGTTCGGCTACCGGAACGCCGTCATCGACGAGGCCCAGGATCTCCACCCAGCCCACTGGAAGATGCTGCGCGCTCTCGTCGCGCCGGGCACCGACGACCTCTTCATCGTCGGCGACGCACACCAACGTATCTACGGCCGCCCGACACCGCTGTCCCGCTACGGAATCGAGACTCGAGGACGAGCGCGACGGCTCACGATCAACTATCGCACGAGTCGCGAGATCCTTCGGTGGACCCTGCGAATGGCCGACCCCGACGTCGATGACCTCGACGTGGACTCCGACACCCTCCAAGGCGCCCGATCGGTGTTCGGGGGACCCGAGCCGGAAATGCTCGGTTTCGAGTCTCACGGTGAGGAGAACAACGGAATCGGGGCCCTGATCAAGACCTGGCGGGTAGAGGGGCTGGAACCTCGGGACATCGCGGTGTTCACCTACGAAAAACGTCATGTCGATGAGATCTGCGATGCTCTCGAGTCCGAAGGGGTGCCCAGCGCTGCCGTGGGGCCGAACACGGCGGAGGAGAAACTGGGTGATGCGGTTCGTGTGATGACCATGCACCGCGCCAAGGGCCTCGAGTATCGAGGCGTGATCCTCGCGCGGATGGGCGAAAAGGACTTCCCGCCTCCATTTCTGCTCCGGAAAGAGGGCGACGAGCTCAGCCGCGAGCGCAAGAAGCTGCGAAGTGTTCTCTACGTTGCCGGTTCGAGAGCGCGTGAACGGATGGCGATCGCCTACACCGGCAAGCCTGCGAAGATGCTCTCATGACCGAGACAACGACCGCGGAAGGCGCCGTCGAGTTCGAACTCGACCAATCGCAGCGGGTGGTTGCAGAGGCTTCCGCCGATGTGCGGCTCCTGGTGATCGCGGGAGCGGGGCAGGGCAAGACCGAGGTGGTGGCCTCTCGGATCGAGTACCTCGTCGAGGACGAGGGGCTCTCGGCGTCGACCGAGATCTTGGTGTTGAGCTTCTCGCGAGCTGCGGTGCATGCGGTGCGAACGCGGCTCGACGGGCGCGAGATCGCGCGGACCGACGTTCGGACCTTTGATTCGCTCGCGTCCTATCTGCTGTCGCAGAACGGGATCGAACCTTCCGGGGATTTTGACGAGAGGGTTCGGGCTGCCACCAAGCTGTTGACGACGGCGGACGAAGTCGAGGGTGTGGAGGACATCGCGCACGTCATCCTCGATGAGGTACAGGACCTCGTCGGCGATCGTGCGGAAATGGTGTTGGCGTTGCTCTCGCGCCTGGGCGAGGCCGCGGGATTCACCGCTCTGGGTGATCCCTTGCAAGCCCTGTACGACTTCACCCTCGAGGATTCGCGGAGCAAGCTCACGTCGCGGGAGTTCATCGACACCCTGACGAATTCTTTTGGTGCCACCATGCTGAGCCTTGAACGCAACTACCGGGCTCGTGGCGAATTCCCGCGCGGTGTGATCGAACTGGGCAACAGGGTGAGAGACCAGAGAAGGGATCAAGCGGCCCAGATCATCACCGAGTTCGAGAGCACGTTGCCGCACTCCGGCGTGATACGGGATTGGAACTTTCTCGACGACGACTCAGCCGGCCGGACGGCTGTCCTGTGCGCGACCAACGGTGAGGTGCTGAGGGTATCCAGGTTCCTCACGAAGCAGGGCGTCGATCATGTCGTCCGACGGCCTGCGCAGGACTTCGGCGCCGCCAAATGGATCGCGGAGCTGTTCGAGGGCTTCG
NZ_CP116236.1_gap4	139728	144503	4775	TCTGGCCGTTCGCCGAGTTCTCCCCGGAATGGCAGGCGATGCGGTGGGCCACCCGGGCAGACGTGCCCGTCGAATTCTGCGACCTGCCGACTTCTCTCGTCTTGGCCCATCACGCCGGACCAGTCGAGCGGGACCAGGAGTTCGACCCCACTCGCGCCGACCCGATCGGGCGGCTCGCCGCTGATCCGATTGGGCGGCTCGCCGCCGTGGCCGGCTATAGCGATCCCGAACGCTGGTGGGACGACGTCGTCGAAACCCGTGGCGAAACCGGCGGATTCGAGGCGATCGCCGACGCCATGACCGCACTGCGCGACGACGAGACACCCGTCGAGCCCGACGAGCCGAATCCCGAACGCCTGCATGAGGCACGCCGCGAGGCCCACATGCGGCAGGTGCTCCGGAAGACACTCAAGGCGCCCGGCGCGGAGCGTGTGGTGATCGTCTGTGGGGCATGGCATGTCCCGGCGGTGTCCGGGAAACTGCCACCCGCCGTCGCCGATACCCGACTGCTCAAGGGCATGCCCAAGGTCCGCAGCCGGGTGGCGTGGGTGCCGTGGACTCACTCCCGCCTCGCCAGCGCATCCGGTTACGCCGCCGGTGTCATCTCGCCGGGCTGGTACCACCATCTGTTCGCCACCACCGACGACGTCGTGGTGCGCTGGCTCATCCATCAAGCCAACCTGCTGCGGGACAAGGACATCGATGTGTCGTCGGCGCACATCATCGAGACCGCACGCCTCGCCAACGCGCTCGCACTGATGCGCCATCGGCCGCTGCCAGGGCTCGCCGAGATCAACGAGGCCACGCTATCGGTGATGTGTCAGGGTGATTCGGGCCTCGCCGACCTCATGTACCGCGAAGCGGTGATCGGGGAGCGACTCGGCGGCGTCCCCGACGACGCGCCCGTCGTCCCCCTGCAGGCCGACGTGACCGCCGCCGCGAAATCGGCTCGGCTGAAAATGGACCCGGTCGCCCGGGAACTCGTCGTCGATCTTCGTAAGCCAGCCGACAAGGCGAAATCGCTGCTGCTGCATCGCCTCGCGATCCTCGGCGTCCCGTGGGGAACACCCGCAGAGGTGCGCGGGACCGGCACGTTCAAAGAGGGATGGACCCTGGCGTGGCGACCCGAGTTCGTTATCGACGTGGTGATGGCATCGGTCTGGGGAACCACGGTGCGCGCCGCGGCAACCGCAAAGATCGTCGACCAGGCCGGCCGCGGCGAGTCCCTGGGTGATGTCACCGCTGCCCTCGAGGCGGCGCTGCCCGCCGAGCTCGTCGACGCAGTGCCCGCGGTGCTCTCCGCACTGGCCGACCGGGTCGCCGTCGACCACGATGTGGCGCAACTGATGTCCGCGCTGCCGGCGCTGGGACGGGCCCGGCGCTACGGCGATGTCCGCGGCACCGACACCGGTGCACTCGGCGACGTCGCGTCGTCGTTGCTGCTGCGGATCTGCATCGGCATCCCCGGCGCCGTCTCCAACCTCAACGACGACGCGGCCCGCTCCCTCAAGGAGCACGTCGACGCTGTCCACGAGACCGTCGCGCTGCTCTCCGACGAGGACCGCACCCGGTGGACCGCAGCGGTGCGGATCATCGCCGACCGCACCGACGTCAACGGGCTTCTCGTGGGCCGGGCGACTCGGCTACTGCTCGACGGCGACCACATCGACACCGCCGACGCCGCGGCCCGGGTACGGTTCGCCCTCTCGAGCGGCGCCACGCCGACCGCGAAAGCCCAATGGATCGAAGGCTTCCTGGGTGACGGTGGACTGTTGCTGGTACACGACCGGGAATTGCTCGCCGTCCTCGACGGCTGGCTCACCGGGCTGACCGAACAAGACTTCACCGACGTTCTCCCGTTGCTGCGCAGAACCTTCGGCCTGTTCGACCGATCGGTGCGACGCAACATCGGCAACCGTGTCGCCTCGCTCGATCAGGGCAGTTCCAGCCAGAATGCCGACGCCACCACCTTCGACCCCGAACTCGCCGCGCCCGCGGTGGCCACGATCGCCGCACTCCTGGGGTTGCCATGACCGAACAACCCACCGCCCCTGCAGAAGACGGCGCGAATCAGCGTGACCGGCGATGGCGACTCGTCCTCGGTGACCCCGCCGCGGAACAGTTCGCCGGACTCGGCGGCGCCGACCTCGAGATGGACGGCGCACTCGCCGCACTCTATGACGCGGACTCCACCAACAGACGCGGCGGACTCGGGGCATCAGCGCCGTCGGTCGCGCGGTGGCTCGGGGACATCCGAAAGTACTTTCCGTCCACCGTCGTTCAGGTGATGCAACACGATGCCGTGACCCGGCTGAACCTGCATGCGTTGCTCACCGAACCGGAACTGATCGACAGCGTCGAGCCCGACATCGACATGGTCACCACCTTGATCGGTCTCGGCCGCGCGATCCCCGAAAGCTCCAAGGCTTCCGCGCGGGCGTTGGTACGCAAGGTTGTCGACGAGGTCGAGAAGCGGATCGCCGAACGCACACGCAGCGCCGTCGGTGCCGCGGTGGACCGTGCCAGCCGCGTGCACCGCCCGAAACTGCGTGACATCGACTGGAACGCCACGATCGCGCGTAACCTGCACAACTATCTGCCCGAGCAGAAGACCATCGTTCCCGAACGCCTCGTCGGGCACGGGCGACGCGCCCAGGTGGTGAGCAAGGACATCATCCTCGCGATCGACCAGTCCGGGTCGATGGCGAGATCCATTGTGTACGCGTCGATCTTCGGTGCGGTGATCGCGACCATGCGGTCGGTGCGGACCTCGCTGGTGGTCTTCGACACCGAGGTCGTCGACCTGACCGACCACCTCGACGACCCGGTGGACGTGCTGTTCGGAACCGCACTCGGCGGTGGCACCGACATCAACCGCGCCATCGCCTACTGCCAGGACCTGATCACCCGGCCCAACGACAGCATCTTCGTGCTCATCTCCGACCTCTACGAGGGAGGCGTGCGCGACGAGATGCTCAAGCGGGTCGCCCACATGCAGGCCGCGGGCGTGCAGGTGGTGGTGCTGCTCGCATTGTCCGACGAGGGCGCACCGGCTTTCGACCGCGAGATCGCCGGAGCGCTCGCGGCCATGGGCATCCCGGCCTTTGCCTGCACCCCCGATGCCTTCCCCGACCTGCTCGCCGTCGCCATCAATCGCGGCGACATCGTCGGATGGGCCGACGCCAACGAACTGTCACGTCGGGGAATGAGTGACGAGGAGTAGCGTGGCCGGGAGGCTCAATCGAGTTGTCGGCGAATGATTTCCGCCAACTGGTCCGGCGCGTCGCTCTGCACCGAGTGGCCCGCATCGGCGACGGTGATCACCTGGGCGGACGGCCGGACCCGACGGAGGCGGGCGATGTCGTCGTCGGTGGTGAACGGTGAGCGACCGCCCTCGACGAGGGTCAGCGGCGCCTGCACCGCGGCGAGGTCGTCCCACATCGGCGCCGGGTCGGGTGCCTCGCGAATCCGGTCGTAACGCCACACCCACGCACCGTCGTCGCGTTGGCGTGTGTTGTGGATGACGCCCCGACGGACCGATGCGCGGGAACGATTCGGGGATGCGGCGGCGGTGAGGTCGACGATCTCCTCGAGTGTCGAAAACTCCTGCGGCCCTTCGATCAACGCGACCGTGCCGCGCGCCGCGGCAGTGAGATCGGCAGCGCGACGCGGTGATTCGGGGGTGACGTCGACGAGGACGGCCCGCGGTACCGAGTCGGGAGCAATCGCGGCGATCCGCAGCGTCGTCAAACCGCCGAGCGACATCCCGACGACGAGGTCGGCATCGGGGGCGAGTTCACGCAGGACCGGGAGGAGGGTGTCGGCACTGACGTGCGGGCGGTAGTCGTGGTCGTCGCGCCACGACGAATGCCCGTGGCCGGGCAGGTCGACGGCGAGCGCGGGCACGTCGAGATGCAGCATCATCGTGTCCCAGGTGTGGGCGTTCTGCCCGCCGCCGTGCAGCAACACCACCCGTGGTGACGCGGGCGTCCACGCGAGCGCGCTGATCCGCTGCCCGGCGACGTCGGCGTCGACGCGGGTGACCTGCGGCAGCGGTTCGGTGCGGCCGATCTCGTCGGCGATCTCGGCAAGCAGGGCGAACTCGGAGGTCATCGCCCGAGGTTACGACGGTGACGGCCGGGTGCCGAGCTTTGGGCCCACGGCGATCGGCCACGACGGCGCCCCGTGTGGACTACCGTCGCCCTCAGGGGCAACGGAGCCAACCAGAGGAGTTCACGATGACCACACTCGCGGCAACCGAGATTCTCGCCCGATCGTCGACCACCACAAGCGTCGGTTGGATCGGCTACATCATCATCGGCGCCCTCGCCGGCTGGATCGCCGGGAAGATCATGAAGGGCAGCGGCTCGGGCCTGTTGCTCAACATCGTGATCGGTATCGTCGGCGCGCTGATCGGCGGCTTCCTGTTGAGCTTCTTCGTCGACACCGCGTCAGGTGGCTGGTGGTTCACGCTGTTCACCGCGATCCTCGGATCGGTGATCCTGCTGTGGATCCTCGGGCTGGTGCAGCGCTCCCGAACCTGAGTGTGGGTGCGGGTCAGGCGGTTGCGAGATACTGCCCGGCCCGCGCCAGGATCTGCTGAGCGCGACGGGCATCCAACGAATGGATTCGACCGTCGGCGATCTCGCTCTGGCCGGCCAGACGCAGGAGCAGCGCGGCCAGCGCCGACCCGGTGCGCGACGGGATCACCAGTAGCGACGCCGTCGTCGTGGGTGTCGTCAGCGTCATCAGCGGCGGGACCGCAGGCGCATCCG
NZ_CP116236.1_gap5	269036	270778	1742	CCTCGCTCAAGCACGCGGGTGCGCCGTGGGAGATCGGTCTGGCCGAGACCCAGCAGACGTTGCTGCTCAACGGTCTTCGCGATCGCATCTCGGTACAGGTCGACGGTCAGCTCAAGACCGGACGCGACGTGGTGGTCGCCGCGCTGCTCGGCGCCGAGGAATTCGGGTTCGCCACCGCCCCACTGGTGGTGTCGGGTTGCATCATGATGCGCGTGTGCCACCTCGACACCTGCCCGGTGGGTGTGGCCACCCAGAATCCGTTGCTGCGTGAGCGTTTCACCGGCAAGCCGGAGTTCGTGGAGAACTTCTTCCTCTTCATCGCCGAGGAGGTCCGCGAGTTGCTGGCCCGTCTGGGCTTCCGCACCCTGCAGGAGGCGGTCGGCCACGTCGAGGCCCTCGACACCGGAAAGGCGCTGTCGCACTGGGGTTCGGCGAAGGCCGGCAAGCTCGACCTGTCCTCGGTGCTCGCCGAGACGGAATCGCCGTTCATGAACCAGGACCTGTACTGCTCCGGCGTGCAGGATCACGGTCTCGACAAGGCTCTCGATCAGCAGCTGATCGCGCAGAGCCGGGAGGCGATCGACCACGGTACCCGGGTGAGCTTCTCGTCGAAGATCACCAACGTGAACCGCACCGTCGGCACGATGCTCGGCCACGAGGTCACCAAGGCCTATGGCGCGCAGGGTCTCCCGGACGGGACGATCATGATCGACTTCACCGGCTCGGCGGGCAACAGCTTCGGTGCGTTCGTACCCAAGGGCATCACGCTGCGCCTCGAGGGCGATGCCAACGACTTCGTCGGCAAGGGACTCTCGGGCGGCCGCATCGTGGTGCGTCCGGCGCGCAACGCCCCGGACGGGTTCGTCGCCGAGGAGAACATCATCGCCGGCAATGTCATCGGGTTCGGTGCGACGGCGGGCAAGATCTTCTTGCGCGGTGTGGTCGGCGAGCGGTTCTGTGTGCGCAACTCGGGTGTCACCGCGGTCGTCGAAGGCGTCGGCGACCACGGCTGCGAGTACATGACGGGCGGTCGTGTGGTGGTCCTCGGCGGCACGGGGCGCAACTTCGCCGCGGGCATGTCCGGCGGCATCGCCTACGTGTACGACCCGCAGCAGAACTTCGCCGACAACCTCAATCCCGAACTCGTCGAACTCGAACCGCTCGACGACGACGATCTCGAGTTCCTCGCGGGCATCATCACCGAGCACCGCGACGAAACCGAATCACCGGTCGCCGCAGCACTGCTCGAGCAGTGGGACACCACGCAGACGCAGTTCGCCAAGGTGATGCCGCGCGACTTCAAGCGTGTGCTGGCAGCCGCCGCGGACGCCGAGCGAGATGGACGAGACGTGAACGAAGCGATCATGGAGGCCGCACGTGGCTGACCCCAGAGGATTCCTCAAGCACACCGAGCGGGAGTTGCCCGACCGTCGTCCGGTCGACCTGCGCCTGCTCGACTGGAAAGAGGTCTACACCGACTTCGACAAGGACCACCTGCAGACACAGGCCAGCCGGTGCATGGACTGCGGTATCCCCTTCTGCCACAACGGCTGTCCGCTGGGCAACCTCATTCCCGAGTGGAATGACCTGGTGTACAAGGATCGGTGGGACGACGGGATCGAACGTCTGCACGCCACCAACAACTTCCCGGAGTTCACCGGGCGGTTGTGCCCGGCGCCGTGCGAGGCGTCGTGCGTGCTCGGCATCAATCAGCCGCCGGTCACCATCAAGCAGGTGGAGGT
NZ_CP116236.1_gap6	272000	275126	3126	TGGGCACCGAGTCGGCGAGGCGGTTGAAGATGACCGCGAAGATCGGTTCGGCGATGGCGCCGAATCGCTGGAAATCGACGGTGGCCGCATAGGTGATCGAGGTACGGCCGTTGCCGGCGTCGGTGAACGAGAGGTCGTCGGTCGTCGTGGCGGTCTTGTTGGAACCGGTGAACACGACGTGGTCGGGGTCGTCGCGGGTGAGTTCGTAGGTGAGCTCGGTGGAGATGCCGTACAGCGTGGTCTTGTTGCGCCAGGTGGTGCCGAGACCGATTGGGCCCCGGGTGTTTTGCGTGCATTCGACGGTTCCCGGATCCCATTCCGCGGCATTGGCGAAGTCGCGGAGATAGGTGACGACCTGGTCGCGGGGACGGTCGACGGTGAAGGTGCGCGAGACGTTGACCACAGCATGGCTCCTTTGTCCGATAAGCGGTGTCGTTCACCGGTATTTCGTCGCCGAAGGGTTTGCGGACCGTCTCCCCGGTCCTAAACTCGTTCGGGTATTGGTCGGTGGTCGCGGGTCTGCGGGGACCCGGCCGATGGCCACGATTGAAGGGGAGGCGCTCGTGCGCAAGCTGTTTGTGATGGTCCTGACCCTGCTCATCGCGGCGATCGGCGCGGTCGCGGCGGGTGGCACGGCGCACGCCGCCGACTGTCCGCGGCTCTATGTCATCGCGGTACCGGGCACATGGGCCGACGGACCCGGACTGCTCGGCGACGTGACCTCCGGCCTCGGCGCCGACACCCAGGTCGCCTACGTCCGCTACGACGCGACCGCATTCCCCTGGGAGAAGGCGATCTACGGCAAGTCCAAGGCGCAGGCGGTCTCGAACGTGACCGGCCTCGCGGTCACCATGTTGCGACGCTGCCCGGCCACCAAGATCGCGCTGACCGGCTACAGCCAGGGTGCCGACGCCGCCGGCGACTTCGCCTCCGAGGTCGGCGCGGGCACCGAGCGGGTGCGTCCACAGCAGGTCGCCGGGGTGGTGCTCCTCGCCGATCCGCGTCGTTCGTCGAAGGATCCGCTGGTGGGACCCCCGCTCACCGGCCAGGGCAGTGGCGGACCCCGCATCGGCGGCATGGGATGGCTGACGCCGGTCACCCGGCAGATCTGCGTGCCGAGCGACCTCTACTGCAACACCCCGCGCGACTACTACGTCACGCGCGTCGTCGGCTACCTCGCCGAGACGAGTGATCCGACGCCCAGCCAGTACGGCCAGTACCAGCTCGAGGCGGCGGCGATCGTCAACGAGATGCTCACCCAGGGTGGCCCCGGGCGGATCGTGCAGGAGTTGAGCAACGCGCGGGCGCGTGAGCAGATCATCGAGTTCAATAAGTTCATCCAGTCGGGATCGCACGGTGACTACGCGACGTTCCAGGTCAAGCCGGGAGTGACGGCGGTGCAGTGGGCGCACGACTACCTCGCCGGACTGGCGTGATCTTCGCCACGTCGTGATCTTCCGCAGGTCACTGGGTCGCGCGTCGCTACCAGGACGGTAACGATTTCCGTGTCATCATCGACGTACACGGGTGTGGTTGCGAGTTGGAAAACCGCCGCTACAGTAAGACGAAGTCAGTATCCGTTGTATTGATTCAGGGAAGCGTTGAGTCATGAAGTTGGCTGAGACACTCCACGGACCCCGTCGACCCGCCCGGCTCGGGGCGCTGTCCATCCGACGCACCCGCCGTCAGGCACGAATGTTCCCGGCCGAAGCCGAACGACTGATCACCGCTGCTGAACTCCGTCGGCTCCACGGCTGAATCGACTCCACGGCTGAGCCGGGGCCGACCGCCGTTGCGCCCGGCCGGTGGGACTCACCCCGCCGAGACACGCGCGGACTGCCCGCCCAATTCGACGACGTCGCCGACGACGAGCTGACGACCGCGTCGGGTCTCCACGTCACCGTTGACACAGACCAATCCGTCGGCGATGACCTCCTTGGCCTCCGCACCGGAGTCGATGAGGTTGGCCAGCTTCAGGAACTGGCCGAGCCGGATGACCTGATCACTGATCGCGACGTCGAACACACCGCCATCCTGGCAGACGGCAAGCGTTCCCGGCGAGCCGAACCGCGCACTAAGGTTGTCTGTCATGGCGGTCGAGACCGGAGTGCAGCAGGCCCCCGACGACGAGAAGCAGCACGGATCGGTGCCGCCGGATCGGACAGCGGCCGAACGCCGTTCGGCTGATCTGCTCGACCAGATCCGGCATCCACGGGGTTTCGGGCACAACGCGCCGCGGATCGCCGGCACCGTGGTGGGCGTCATGGCGGCAATTGCGTTGGCGTCGAGCATTTTTCCGTTCTTCCGGCATTGGATTCACGTTCCTCGTGACTACGTCGACAACTACATCGTCGCGATGCCGGAGACGAGCTTCGCATGGGCCTATGTGCTGGCATTGGTGGCGATCGCACTCGCCGCCCGCAAACGCATCGCCTGGTGGATCTGCGTCATCCTGCTGGTGCTGTTCATGCTCACCAACGCACTGCTGCTGATCCCGGCGATCGGCTCCGATCTGGACATGACCCGCACCGAGCGGATCAACACCGGGATCGGGTTGGCGATACAGGTGGCCATCCTCTTCTTCCTGGTTCTCACGTTCCGGCAGTTCTACACCCGGGTCCGCCGCGCCGCGTTGCTGCGTGCGCTCGGTGTGCTGATCACCGGGCTGGTTGTTGCCACCATGCTGGGCTGGGGTCTGGTGGTGCTGGTACCCGGCAGCCTGGAGTCGGGGGAGCGTCTGCCGTATGCGTTCAACCGCGTCGTCGCCTTCGCGACCATCGATCAGCGCACCTTCGACGGCCACCACACCCATCCGTGGATCAACGGGCTGCTGGGACTGTTCGGGGCTCTGGCCCTGATCGCCGCCGCGATCGTGCTGTTCCGGTCTCAGCGGCTCAAGTCGCTGATCACCGCGGAGGACGAACGACTGATCCGCGCGCTCATCGACCGGTTCGGCGACGACGACTCGCTGGCCTACTTCTCCACCCGCCGCGACAAGGCCGTGGTGTTCTCGCTCGACGGTCGGGCGGCGATCACCTATCGCGTCGAACTCGGCGTCGGACTGGCCGGCGGTGATCCGATCGGCGACCCGGACTCGTGGTCGGGGGCGATCGCGGAGTTCCTGAC
NZ_CP116236.1_gap7	277170	281263	4093	CTCACCCGTGCCCACCGCAGCCGCGCGGGTGTCGCCGAACGGTGGGATCTCGTCGCCTGGGGCGTCGAGCTCGGCACCGCCTACACCGAGCTCACCGATCCGGTCGAACAACGCAAACGGCTGACGGCGCAATCGATCCTGGCCGCCGACGGTGATCCGGAGGCGATGGAACTCGACGAGGACTTCCTCGAGGCACTCGAATACGCGATGCCGCCCACCGGCGGACTCGGCGTCGGCGTCGACCGCGTCGTCATGCTGATCACCGGTCAGTCGATCCGCGAATCGCTGCCGTTCCCGTTGGTCAAGCCCGACGAGGGATAACCGTCGTCGACGGCGCCCGGTTTCACGCCGACGGCGCTTGTCTCAACGCCGAGAGCGCTCGAGGACGCGTCGCGAAGGCGCTGTCGGCGAGGTGAAGGGCGCTGTCGGCGGGTTGGAGGGCGCTGTCGGCGGAGTAGGGGTCATTACCTGTTGGTTGCGGTTACACCTATGCTGGTCGGCATGAGTGAGCTCACCTTCACCCCGACCGCCGACCTGGTCGACGAGATCGGTGCCGATGTCCGTAGCTGCGACGTCCAGTTCACCCAGTACGGCGGCGTGCGCGAGTTCGTCGGCCGCGTGAGCACCGTGCGCTGCTTCCAGGACAACGCCCTTCTCAAGTCGGTGCTCGGCGAATCCAACCCCGGTGGTGTCCTCGTCGTCGACGGCGACGCGTCGGTGCACACCGCACTGGTCGGCGATCTGATCGCCGAACTCGGCCGGTCCAACGGCTGGGCCGGCATCATCGTCAACGGCGCGATCCGCGACGCTAAGACGATCGGCGGGATGGGGATCGGTGTGAAGGCACTGGGCACCAACCCGCGCAAGTCCACCAAGACCGGTGCAGGTGAGCGTGACGTGCCCATCGAACTCGGCGGCATCACCTTCGTCCCCGGCGACACCCTCTACTCCGACGACGACGGCATCGTGCTCGTCGCCGCCGTCTGACCGTCACACCCATCTCCCGATCGCTGACGAGGAGCGCACAGATCATGGCCCGACCCACTCCCGAATACTTCGCCCGTCTCGGTGCGCTCGTCGCCATCGACAACGCCGCCGACCGGCCCACCCGCCCGGTCCTCGAGGCGTTCAGTGGTGTCGAGATGGCCACCATCCCGGTCGGGACCGCCGCCGACCTCGAGACCGCCGTGGCCCGCGCCCGCGTCGCCCAGGAGGGCTGGGCCGCGCGCAGCCCGCAGGACCGCGCCAAGGTCCTCGACAAGTTCTCCGAGCTGGTGCACCGCAACGCGGCGTCGCTGATGGACATCGCGCAGGCCGAGACCGGCAAGGCGCGCGTCTACGCCCAGGAAGAGGTCATCGACGTCGCGCTGACCGCGCGGCACTACGCCACCGCGGGCCCCAAGATGCTCGCCGACCGCAAGGTCAAGGGCATCATCCCGGGCGCGACGAGTGTGCGGGTGCGATATCAGCCCAAGGGTGTCGTCGGCGTGATCAGCCCGTGGAACTATCCGCTGACCCTCGCGGTCTCCGACGCGGTGGCCGCGCTGCTCGCCGGCAACGGTGTGGTCATCAAACCCGACAGCCAGACCCCGTACTGTGCGCTGGCGCTGGCCGAACTGCTCTACGAGGCGGGCCTGCCGGCCGAGTTGTTCGCTGTTGTACCGGGACCGGGAAGTGTTGTCGGACAAGCGATCGTCGCCACCACCGACTACGTCATGTTCACCGGCTCGTCGGCCACCGGCGCCACGCTCGCCGAGCAGGCCGGCCGACGTCTGATCGGCTTCTCCGCCGAACTGGGCGGCAAGAACCCGATGATCGTCACCGCGGGCACCGACATCGACCGCGCCGTCGAGGGCGCCGCCCGCGCCTGCTACTCGAACTCCGGGCAGTTGTGCATCTCCATCGAGCGCCTCTACGTCGACGCGATCATCGCCGACGAGTTCATCGAGAAGTTCGGTGCATTCGTCCGCGGCATGCGCCTGGGCGCCACCTACGATTTCAGTGCCGACATGGGCTCGCTCGCCTCAGCCGCCCAGGTCGACACCGCCCAGGCACACGTCGACGACGCAGTGGCCAAGGGCGCCACGGTGATCGCGGGCGGCAAGCGCCGCGCCGACCTGGGACCGTTCTTCTTCGAGCCGACCGTGCTCACCGGCGTCACCGATGCGATGGAGTGCTTCGCCAACGAGACCTTCGGTCCGGTGGTGTCGGTGTACCCGGTCGACTCGATCGACGAGGCCATCAAACTCGCCAACGACACCGACTACGGACTCAACGCCAGCGTGTGGGCGGGCAGCAGTGACGAGGCCCAGCGGATCGCCGAGAAGCTGCGGGCCGGCACGGTCAACATCAACGAGGGCTATGCCGCGGCGTGGGCGTCGACGGCAGCCCCGATGGGCGGCATGGGCATCTCCGGCGTCGGGCGCCGGCACGGCGAGGAGGGCCTGCTCAAATACACCGAGCCGCAGACGATCGCCGAGCAGCGGTTCATCGGCATCGATCGCGCACCCGGCATCCCGCAGGGCCTCTACCGCGCGGCGACGCCGTTCGCGATGCGCGCCCTGAAGTATCTGCCCGGTCGCTGATCGGATTCTCAAGCACTCGAACACCCGGGGTTCCGGCCCCTCCCGGGCCTGAAATCCCCTGATCAGCCGACACGCACACGGCGTGCCAATCCGGTTGGATGCAAGAGTGTTCGCGAGTGTGCGCCGACGTTCCGGCGTCTGGCTGGTCGTGGTGATCGGGGTCGTCGTCGGAGTGGTGGCGGCGTCGTCGGCATCGTCGACGACGGCTGCGCCGGTCGCACGGGTGGTGCCCGGGCCGGTTGCCGCGCCGCCGATGCGTGCCCAGCAGCTCGTCCTGAGTTTCACCGGTGACAACATCCTGGGCACCGACGACAAGTTCTCCACGGCGACGTCGTTGCCGACGGTGTGGGCGGACAACGGGCGGCGACCGGACTACTTCTTCCAGAACGTCAAGGCGCTGTTCGATGCGGACGATCTGACCGTCGCCAACTTCGAGGTGGCGCTCACGCGCCGCGGCACGCAGCGCTACAAGGGGGAGGGCGAGGTCTATCACTTCCACGGTGATCCGGCGCTCGCGGCGACGTTGCCCGCGGGCGGGATCGACGTGGTGACCGTCGCCAACAATCACACCTTCGATTACGGCCAGGTCGGTTTCGATGACACACTCGCCGCGCTCCGGGGTGTCGGCGTGGAGTACTTCGGCACCGGTGACGAGAGCGAGGGGTCGGGGTACGACCTGGACAACCTGACCACGATCAAGGGCGTGAGGTTCGGCTTCGTCGGATACCAGGCGTGGACCGACAGCGCACAGATGCGTCGAAAACTGGTGTCGGACATCAAATCCCTGCGAGCCCGCGGCGCCGACGTGGTGATCCCGTTCATGCACTGGGGCATCGAGAGCGAACACGAACCGTACGGTGTGCAGACCGAGCTCGCCCATCTCGCGATCGACGCGGGCGCCGACCTCGTCGTCGGAACCCATCCCCATGTCATCCAGTCCATGGAGATCTATCGGGGCAAGCTGATTGCATACTCGTTCGGCAACTTCGCCTTCGGTGGCAACAGCAACCCCACCGACAAACGCACCTTCATCCTGCAAACCCGCTTCGACATGGCCGGTACCGCGGTGCGCGGTGTCGATTTCCGGGTGATCCCGACGCGGGTGTCACGTACGGAGTCCTACAACGACTACGTCCCGACGCCGTATCCGCAGGCGCAGGCGGCGCAGGTCCTGACGTTCATCAACGGGCTCTCCCCGACGCTGAACGGCCGCGCCGCCAATGCGTTCGTGCCGGTGAACCCGAACAATGTCCCGACGACCCCGACACGGCCGGGTGGGGTGGGCGGACCGGGCTGAGGGTCAGCGAGACGCCCAGCCGTTGGCGTTGCCCGCCTGCGACCACTCACGGTCCCACAAAACGTCGTGGATGCGCGCGACCCGGCGTCGAACCAGGGTGACCCCACTCATCACCAGCGCGAACATCGCACACCAGGCCAGTACACCCACCCAGACCGCACCCAGAACGCGTTCGGTGGGGCCGGGGTGATCCTGGAGCCGGGTGCCGTCC
NZ_CP116236.1_gap8	290314	290881	567	GGCCGACGTGGAGGTCGACGTCGACATGGAGAGCTACGGCGAGGACGGCGCCTACCTGTGGGGCACGCTGCTCACCGACAACGTCGACCGCGACCGGCCGGTGCGCTATCGCCCCTTCGTCACCTGGCATCCGCTCCCGACCGGCGACGAGGCGCGTTCGTTCGCCGAGTTCTGGGCGTGGCTGACCGCCGAACGGCAGGCCGCGCACGACAGCGGGAAAACCTTTGCCGCCTACTGCTATTCACAGCAGGCCGAGAACCGGTGGTTGCTCTCCTCGGCCAATCGGTTCGCCGGCGCACCAGGCGTCCCCACGCGCGCCGAGGTCCAGGCGTTCATCGATTCGTCGGAGTGGGTCGACATCTATGAGGCGGTGAGCGCGAATTTCGTGTGCCCGCAGGGCAAAGGCTTGAAGAAGGTCGCTCCCGTCGCCGGTTTCACCTGGCGCGACGACGAGGCCGGCGGCGCCGCGTCGATGGATTGGTACAAGGCGGCTGTCGCGCTCGGCACCACCGAACTCGATCTCTCCCAACGTGATCGGCTCTTGGCCTACAACGAGGACGACGTGCT
NZ_CP116236.1_gap9	292225	292782	557	GCTCGGGTAAGGCCAAGTCGCCGTCGTTCCGTACCGTCGAGGGGATCGCGGCCGCGTTCGGCGTGGACGTGCACTACTTCCTCGAGGATCGGGCGGCCCAGCGCACCCGGGACGAGATCGACCTGATGCGCCTGCAAGCCGACACGAACGTGCAGCTCGCGGCGTTCCGTCTGGCCGGTCTGTCCAGCGATTCGGTGACCGTGGTCAACGAGCTCATCAAGGTTCTGCGCGAGCAGCAGGGGCTGCCGAAGGATCCGCCGGATATCGTGGCAGCGGGGTTGACCGAAGAGCAGGCCGATGCACGGCTGCGCGTAGTCGGCGGCAAGGAGATCGAGGACTGATCTCCGTCGTCGCCGCGGGCCCGCTCCGCCACGACGAGGAGGGGTGTCCGATGCGCAGTTCGCGCGAGATGTGGACGCTGTGCCGTTCGGTACTCGCCCCGCTCGACCTCGACCTGCCGCTCGATGTCGATCAGCTCTGCGACCGCTTCGGCGAACGCAGGGGACGGCCGATCCGCCTCATCGCACACCCGCTTCCGGCGGGAGTGCCCAATGGGG
NZ_CP116236.1_gap10	294464	295215	751	GCGAGTTGAGCGTACTCGTCGGGTTCGCCGAGACGCTGCGGGAACGGGATGCCCTCGGCGAGGGTCTTCTGGAACTCCGGGGTGATCCCGGCGAGCATCGGGGTCTTGATGGTGCCCGGCGCGATCGTGCACACGCGCACGCCGACCTGGGCGAGATCGCGGGCCGCCGAGATCGTCATCGCATGGACGCCGCCCTTGGACGCGGCATAGGCGATCTGACCGATCTGCCCCTCGAACGCTGCCACCGACGCGGTGTTGATGATGACGCCACGAGCGCCGTCGTCGCCGACCGTCGGTTCCTGCTGCATGCGGTTGGCGGCCAACCGCATCACGTTGAACGTGCCGACCAGGTTGATGTCGATGATCTTGCGGAACAGATCGAGATCGTGCGGGCCCTTCTTGCTCAGGATGCGCGACGCCCAGCCGACACCGGCACAGTTGACCGCGACGCGCAGCGGCGCGCCCGATTCGGCGATGGTGTCGATGGCCGCCGACACCTCGTCCTCGCTGGTGACGTCGGTGGCGATGAAGTTCACACCGCCCGGCGCGCCGTCTTCGGTGGCTTTGTCGATACCCGCCTGCAGGTCGAGGCCGAAGACCTCGGCGCCGGCGGCGGCGAAGCGGGCCGCGGTGGCCGCACCGAGGCCGGAGGCGGCGCCGGTGACGATGACGGAGGAGCCGGAGACGTCCATCTTTCATGTCCTTTCGGGTCCGGCCAGAGGTCGAACATCCCTGGCCGATCGTTCGTTCG
NZ_CP116236.1_gap11	325434	328063	2629	ACATACTCGTCGAGGTCGAAGGTCGTGAGGACGACGACCGGGCAGATGTTCTCGCCGACAATCACTTCGGTGGCGCGGATGCCGTCGGTCCCGGGCATCCGGACGTCCATCAGCACGACATCGGGGCGCAGGTCGCGGGCGCCGGTGATCGCCTGGTCGCCGTCGGCGGCCTCCCCGATGACGTCGATCCCCTCGGCCGGCTCGAGCATCATTCGCAGACCGGCCCTGATGGCGGCGTGGTCGTCGGCGATCAGGATCGTCGTCACGGGTGGAACCCCTCTGCCTCGAGGTGAGCTGTTGGAAGCGTTGCGGTGATCCGGAATTCGTCGGCGCCGCGCTCGACGCAGAGCGCCCCGCCGACCGCGTGGGCGCGAGTGCGCATGTTGACCAGGCCGCGCCCGGTGTGACGATCGCCGGCCGGATGGTGATCGTGATGGCCGGCGAGTCGATTGCAGATGTCGAGGACCAGGGCGTCGTCCTTATGGGTGATTCTCACCCGAATCGGTTGTCCCGGTGCATGTGTGGCGGCATTTGTCAGTGCTTCGGCGACGATACGGAACGCGGCGATGTCGACGACCGGCGGTAATGCATCGATGCCGTCGGCGGCGGTGATCGTGGCCGGTATCTCCATGGTGATGTCGGTGCCGGACTCGGCGATCGGTTCGGTCAGGCGATCGATACGTCGCAAACCGGCAGTGGTATGTCGGCCGCCGGTGCTCTGCTCGCTGCCGTCGGAGAGCAGGTCGATCAGCCCGCGCATCTCGGTCAGCGCCTCCACGCTGCTCGCCCGGACCGCGGCCAGTGCCTTCCCCGCGAGAGCGGTGTTCTCCGGATATTGCAGCGCCGCAGCCGATTGCACCGCGATCGCCGATAACCTACCGGCGATCACGTCGTGCAGCTCGCGGGCCAGGCGACGACGTTCGTCGGCGACGGCCTCGATCTGCTCTCGCTCGCCGAGTTCGGCCAGTGCCCGCGAGTGTTCGCGTTCCAGGGACAACGCGCTGCGGTGTTCGCGCACGGCCTGCCCGTACGCGAGCGGCGAGCCGATCAGTGCGAGCAACCACAGCACACAGATGAAGAGCAACCGCCAGTCATCGTGGGCGACCACGGAGACCAACAAGAACGTCGCGACCGACACGACGGCGGCCAGCCCGTACAGCACGCGGACCAGGCGGGCACCGCCGTAGACGCACGTGGAGTAAACGATGTCGGAGAACACCAACCACACCCCGATGGACGGGACGGTCAGTGAATCGAGTGCCAGTGCTGCACTGACCCCGGTCAGCGCGACGGCCGGATGCCGCGAACGACACAGTTGAAAGCACGCCGCGATACCCAGCGAGACCATGCAGAACCACGTCGGTAGCGGGCTTGCGTTCTCGTCGAGTACCCCGAGGCCGGTTGCGAACAGGCTGACGCCGAGGGCCAGGAACAGCAGGGTGAGGCCGGCGTCGTTGAGCAGTGCGCGGGACACCGGAAGTCGCCACATGACCCCATCGTTGCACGAGCCGACATCTCGGTCATCCGACGAAAGGATGACTTCTTCCGGCGCAGGTGCGCTCGATGGGACGGCCGATGCGGTCGGGTCGGTGTCCGCGCGACCGTGGTGACATGACAGATGAAGTGTTGCGATCGCCGGTCCTGTGGGTCATCGTCGGGTGCGAGATCGGGTTCTGGGTGCTGGTCTGCGCCGGGTTGTCGATTCGGTACATCCTGCGCAGGCGTCGGGCGTCGACGGTGGTGTTGGCGCTGGTGCCGTTGGTGGACCTGTTTCTGCTCGCCGCTGTGGCCGTTGATCTTTCACACGGCACCGAGGTGACCACGGTGCACCGGCTGGCCGGGATCTACCTCGGTGTCACCGTGGCCTTCGGCCATTCGATCATCACCTGGGCGGACGCACGCTTCGCTCACAGGTTCGCCGGTGCACCGGCGCCGGCCCGACCGCCTCGGGGTGGTGCGGCCGCGATGCGCCACGAGTTGGTGCTGTTCGGTCTGTGGCTGATCGCGGCAGCGATCGCCGCGGGCGCGGTGCTACTCCTGTCGGTCACCGTGGCCGACGATCAGCAAGCCACCGACCTCCGTGGGACATTCGGGATGCTCGGGGTGGTCACCGTCATCTGGTTGGTGACCGGCCCGGTGTGGCAACTGTTCTCGACTGCCGACGACCGGAATGGGGTGAAGAGGTGAGGTCGGGGCGTCATGGGATACGAAACCAGCCCCGTCGCAGGGGGTCTCGAGGCTCGGCACACGCGCCTCGCACCTCGACCACCGGTCTATCCCCGGTGGTCGGGCAACCCGCTCTCCCTGATACTCGAGTACCTTCCCCCCGATGGCCGGGACCTTCCTTCGATGGTCGAGGTGCGAGCCGCGTGCGGCGAGCCTCGAGACCTGGTGAGATAACAAGCCTCCCAGCCACATCTGCCGTCAAACGAGCTGAACGCGAGTCGAATTCGCAAACGCCCCCGCTGCACCAGCCGCGTCTGCACAGTGGAGCCGCGGACGCATTACTCCCGACAGTCCAGGCACCCTCCCCCGACGGTCGACTGCCCTTCCCCCGATGGTCGAGGTGCACGGCGCCCCAGGCGCCGGGCCTCGAGACCCGGCGAGATAACAAGCCTCCCAACCACAT
NZ_CP116236.1_gap12	354980	357243	2263	ACTGGTCGCGCCCGGCACCCAGAACACCGCGGAGGCCAATGCCAAGGCCGACAAGGTGATCAAGGCCGCCCAGGACAACTATTGCTAGCGGCGACCGACCTGTGAACGCCCGGAAGAAACGCTCGCGGACCTCACGTGCGCTGCGCCTGCTGATGGCCGCGGTCGCGCTGATCGCCGTCATCGCGATCGTGCTGATCGTGATCTGGATCAAGGGCATCGTCGAGGGTCCGCCTGCACCGCCGCGCGGTGGGGGCCCGTCGTCGACGACGACCCCGCCGAACCGGCCGGAAGCCCAGCCCGCCGACTGCGCCGACGTGTTGACGCTGGTGATCCCGGGTACCTGGGAGTCCACGCCGAACGACGACCCGCTGAACCCGACATCCAAGCCGGCGTCGCTGCTGTTGCGCGTCTCCAAGGCGATCAAGAGTGAATTTCCCGAGTCGCGCACCGAGGTGTACACGGTGCCCTACATCGCCGAGTTCCGGAACCCGACGATCCTCAATGATCGGCAGAGCAGCTACAACTACTCGCGCACCCAGGGCTACAAGCGGGCTGCGGGCAAGATCATCTCCACCCACGAGCACTGCCCGCTGACGCGCTACGTCATCGTCGGCTTCTCGCAGGGTGCGGTCATCGGCGGAGACCTCGCCTCGGCCATCGGCAACGGCCGTGGAAACGTCTTGCCGCAGTCCGACGCCGATCTCGTCCTCGGGGTCGGACTCATCGCCGACGGCCGCCGGCAGCCCGGCGATCAGCGTGACATCGGACCCAACCCGCCCGGCGTCGGTGCCGAGATCGCACTCGCCGGCATGGGGTCGCTGGTGCCGGGGACCACGATGACCGGTCCGCGTCCCGGCGGCTTCGGGGATCTGCAGAGCAAGGTCGTATCCATCTGTGCCCCAGGAGATCTCATCTGTGACGCACCGACGGCGTCGAATCCGTTGAGTGCCGTGAGTCAACTGGCGAGCGCGATCAACAACCCGGTACACGCGATGTATGCGACGCCGCGGTACTGGTCTCTCGACGGTGCGACCGCGACCCAGTGGATGCGCGGCTGGGTCAACGGACTCATCGACGAGGCCCCGCGTCCGGCGCACAACTGAGCACCCATGTCGTGGCGTCGCGTGCTGCGGGGTGGCTGGGAAGGCCCTGAGCGGGGACCGATCCGTTTGGGCGGCGCCGACCTGCTGCATTAACGTTGTGGGCTGGCTCGGCGGTGTCCTGCGGAATGGGGACGCCCCGCACGGCCACGAGAGCTCATGACGACGCCGCGAACGCGACGAGGAGAACCAATGACCCAGGGCGAGACCACCGGGACCGGTGGCGGCGAGACCACGCTGCGCGCGTTCCGGTTCGGCGCCGGTGGTGAGGGCAACAAGGACGAGGGCGGTGCCCGCAAGTTCGTGAAGTTGGCCCAGACCGCCGAGGAATACGGATACGACACCTTTGCCGTACCCGATCACCTCGGGAACCAGGTCGGCCCGCTGGCCGCACTGGGAGCGTTGAGCCAGGCCACCGACCGCATCAGGCTGGCGACGTCGGTTCTCGCGAACGGCTTCCGGCATCCGGCGCTGTTGGCCAAGGAGGCCAACACCATCGACGTCCTGAGCAAGGGCCGCCTGGAACTCGGGATCGGTGCGGGCTGGCTCAAGGAGGAGTTCGACAAGGCGGGTATCGAGTTCGAATCCCCAGGTGTACGCATCCGACGGCTCGATGAATCGCTGACGATCCTCGACAAGCTGATGCGCGGGGAGACCGTCGATTTCGACGGTGAGTTCTACCAGATCACGGGGCTCGAGGGCAGCCCGCGACCGCGTCAGGGGCCGCGCCCGCCGATCGCCGTCGGCGGTGGCGGACCCAAGATGCTCGCCCTGGCCGCCAAACACGCCGACATCATCTCCGTGGCGCCGGGCACCACCCCCGACGGGCGGATGAAGTTGTCGGACATGACCATCGAGAAGACCGCCGAGCGGGTCGACCGCATCCGGCAGGCCGCAGGCGACCGATTCGCCGACATCGAACTCAACTGGACGATCGCGGTCATCGTCATCACCGACGACCGGCAGTCCACCGCAGAGATGGCGCTCAAGGCACTCGAGCAGGGGTATCCGCCGAACATCGAACGCGACACCGAGTTCACCGTCGACGACGTGCTGAACTCGCCGTACATCGCGATCGGATCGTTCGAGGAGATCGCCGATCAGATCCGGGCGGTGCGGCGGCGCACCTCGATGTCCTACGTCGGGGTGTTCCCGACGCAGAT
NZ_CP116236.1_gap13	547085	551072	3987	ACCCGGGCGTGATCTATCCGGGGCTGCCCACGGGCGGCAACCTGCGGGAGATCCGCACGGATGCCACACCGGCGCCGACGGTCACCAGCCGCTCCGGCAAGACCTTCATGTATCTGCAGCCGGTCAACGAGATCGTCCTCGACCCCACCCAGACCCGCAACGTCAACGCCTCGGCGGCGGCATTGGCCAACGCGCTCGCCCCGATCGCCCCGTTGATCACCACCTCGGTGATCAATCAGAAGCTGGCCCAGACGCCGGGTCAGGCGATCACCGCGGTCACCCTGCGCAACTCCGACATGGAAGTCCTCAGTCGTGACCCGGCGTCGGTGCCCGGGGTCACGGTGCGCAAGGCCGGCATGCTCGTCATGGCCGATCGGCGCCTGTCCTCACCGTTGGAGGCGGGTCTGACCAATTACTGGCAGGCCATCCGCGACGCCACCGCCGGCTGGCAGGTGCAGATGGTCGGGCCGGGCATGGCCCCGCAGCGGCTCGACGGACAGCAAGGTCCTCCGGGGCCGAGCGTGTCCACCTCGGTCGATCAGGGCGTCCAGCTCAGTCTCGGTGACGCTGCCGTCGAGGTCGGCCAGCCGGCGACGATCATGGCGCTCGACGCGAAGACCGGGGCGATTCTCGGTGTGGCACAGAATGATTACGCGGCCGACCGGGGCAACAACCTCGACGCCGCCTACCCCGTCGGCACCACCCTCGACCCGGTGCTCGCCGCCGTCGACAAGGCTGCCCGCGCCAACCAGGAGACCACCGATCAGGTGCTCGATCGGCTCGGCCTGGGCGTGCAGTTCACGATCCCCGGCGCCAGCGCGCCGGCCCAGGGGTCGGGCGTCGCGACGATCGACCTGCAGTCGGCGGCGTCGCGGATGTCGATGACCAACATGGCCGCGCTCGGGGTGGCGATGGCGCGCAGTGCGTCGGGCACGATGAGCTCGGTGGCGCCCTACGTCATCAACGGTGTACCGACCAAGGTTACGGGCGGATCGCTGGGGAATCTCGATGCCGGACTGACCACTCCGATCTGGGCCGCGATGACGAGCACCGCCAAGACCGGCGACGCCAGTGACCTCACCGGCGCTCCCGGGTTGCGTGCGCTGGTCGGCACCAACGGACCCGAGGGCCCCGGATGGTTCGTCGGCGTCCAGGGCGGCAAGGTCATCGTCATCTACACCGAGGGACCGAAGTCGGGGACCGCGGCACTACAGGTCGCGCAGAAGTACTTCCGGATCAACTGAGTCATCAACCGCGTCCCGGTGTGGACCGAGGACCCGATCGTGGCCGGCTACTGCGCGGCGTCGGCCGGTCGGGGTGGTTCGGCAGTCCCCGTGCGCCGCAGGATGAGAGCTGCCAGCGCCCGCCAGCCCAGGAGCACCAGGCCGAGGAACAGTGTCGCGACGATGATGAAGCTCACCTCGGTGCCCTCGTGGAGCAGGTACCGCAGGATCATGCCGACGGTGACGGTGCAGAACCAGATGGCCAACCCGGCCGGTGCCAGGCGCTCCGGGCGGAAGTCGCGACCGAACCAATCGCTGGAACGGACGTGGGAGTAGACGTAGACGATCGACCAGCCGACCGCTGTCCCGGCGAGGAACGGCCACAGCGTCTGAGCCACACCGAGCGGGTTGAAACCGTTGTGGTGTGAGGCCCGTCCGATCAGCACGAACACGGATACGGCGACGATGTCGACGAGTGCGGTGACCGGCAACTGCACGTGTGCAGACGCCTGTGACTGGGACCGGGCCCCCCTGGTGGCCATGTCAGGACTCGACATGGTCATCCACGGTAGCCCGAAATCCTCGTCAGGCCGAACTCGCTCCGTCATTCGGAGGATCCGGGCGGCCCTCGGCGCGCGGTGTTTGGTCGGATGTGCCGGGCTCGTCGTGCTCCTCGAGCTCGTCGATCACCATCTCGCGTTCGCGGTCGTAGGTGGCCTCGAGTTCGCCCTTGTCGCGGATGCCCGTCCGGAACTTCGCCAGGATGACGACCCATCCGATGGCTGCGATCAGCACGTAGCTGACGATCCGATAGACCAGCACGGCGGTCAGCGCGTCCGCGGCCGGCATGCCCGCGGTGGTCAACGCCGGCACCAGGACCGCATCGACGACACCGATCCCACCGGGCAGTAGCGGCACCGCGGTGCCCACCGCCTTGCCGGCGGCGTAGGCGACCATCACCCCCGAGATCGACGGGTGCACGCCGACCGCCCAGCACGCGAACATCAGACATGCGATGTCGGTGACCCAGTTGAACAGGCTCCAGCCGAACGCGATGGTGGTGTCGCGGCGGGTCAACTGCACTGCGCGGAGCTGTTCGAGGACCTCGTTGAATCGCTCCAGACCCGAGTCCTCGGGCTTGTTGCGCAGATGGTTGTACCAGCCCAGAACCCGTTCGCCGGTGGACTGCAGCGACTCGGGGTGGGTGGCCAGGTACTGCAGGACGAGTGCGACGGCGACGAAACCGACGATGGAGAACATCAGCGAGAACGGGTTGGTCTTGGCGCCGGCGAGCACCGCGCCGCCGAAACCGAGGACGGCCAGACCCACGCCCGCCAGCAACCCCGACATCACCACCTGCCAGGACGCGACGACCGGTGTGGCACCCCACTTGCGGGTTTCGCGATAGGTGAATGCCGGCGCCAGCACCTGACCGCCGGGCATCGTCTGCGACAACGAGTTGGCCGCCAGCACCACCGCCAGCGATTGCAATTGCCGGACCCGCACCCCGGCCGAGCTCAGCAGCGCTCGCTGGACCTGGGCGAAGCTGTCCATCGAGAGCACGGCCGCGACGATGCACGCCACCAGCCACACCCAGTCCAGATCGCCGGTTCGGTGCCAGACCTGCTCGAGTTTCGGCCAGATCAGCACCACCTCGACCGCAAGAATCGCGATCACCAACGCGAGCAATACCCATCGGAGCCACCAGAATCGGCGACGCAGTGCCGGATGCGCGCCGACCGACGAATGCTCCGATGACATAGCCATCACCCTAACGACCGCTACGCTGACAATTGTGAACGATGGTTCCCCGGCGGGCTCCGCGTCCGGCGACGGTGACGACGGGTCCCAGCCAGGTGTGTCCCAGCCAGGTGTGTCCCAGCCGGGTCGGGGTCTGGCCGAACTCGACCGGTCGTCGGTACATCCGATGGTCCGCAAGGCGGCCGAGTGGAGTTGGCGGCTTCTGCTGATCCTGGCGGCGATCTACGTCGTGGGTCGGTTGTTCAAGAAGTTCGACGAGGTCACGGTGCCACTGGCATTGGCGATCCTGCTGTCGGCGTTCTTGGTGCCCGCCGTCGATTTCCTCAATCGCCGTCGGGTTCCGCGGTCGTTGGCGGTCGTCATCGTGATGCTCACCGCGCTCGGCGTGGTCGCGGGTGTGCTGACCTTTGTCGGGCGCGCCTTCGTCAGTGGGTTCCCGCAGTTGACCAATGAGGTGGTGTCGACGGTCGACCAGACGCGAAAGTGGTTGACCGACGGTCCTTTGGGTATCGATCCCTCGCAGGTCAACCATCTCGGCAACAACATCATCGACCTGATGCAGCACAATCAGGCAAAGCTCGCCAGTGGCGCACTCGCCACCGCGACCACCGCCACCGAGCTGGTCACCGGCCTGCTGTTGATGATCTTCCTGATGATCTTCTTCCTCTACGGGGGCGGTCAGATCTGGGAGTTCTGCGCGCATCTGATCCCGCGCGGCTCCCGGGAGAAGGTCGTCGCGGCGGGGGTCGCCGGTTTCGGCACGCTGGTGGCGTATGTGCGTGCGACCGTCGTGGTCGCGCTCGTCGACGCCGTCTGTATCGGGATCGGTCTGGCGATTCTCCGTGTGCCGCTGGCGCTTCCGCTGGCCACGGTGATCTTTCTGTTCTCCTTCATCCCGATCGTCGGTGCGCTGATCAGCGGTACCCTCGCGGTGATCATCGCGCTGGTCACCCAGGGCTGGTTGACCGCGGTGATCGTGCTGGCGATCCTCGTCGGCGTCATG
NZ_CP116236.1_gap14	552705	554521	1816	ACCGATCTTGCGCTGCAGCGTGCGCATCCAGCGCGGTGCCCACCAGCAGTCGTCGCCGAGCAGTTTCATCACCGACGGCACCAACAGCATGCGAATGATGGTGGCGTCCAAGATGAGTGCGGCGATCATGCCGTACGCGATGTACTTCATCATCACGATCTCGGACAGGCCGAACGCGCCGGTCACCACCACGAGAATGGCGGCGGCCGCGGTGATGATGCGACCGGTCAGCGCCGTGCCGACGCGGATCGCCTCGGTGGTCGACGCCCCGCGCTGTCTCGCTTCGACCATGCGGGACAACAGGAATATCTCGTAGTCCGTGGACAGGCCGAACACGATGGCGATGATCAGTACCAGCACCGCGGCGAACAGCGGGCCGGGGGTGAAGTTGGCGATGCCGGCACCATGGCCGTCGACGAAGATCCACGTCAGGATGCCCAGCGTGGCGCCGAGACCCAGCACCGACATCAACGCCGCCTTGATCGGCAACACCACCGACCCGAACGCCAAGAACATCAGCAGTCCGGTGATCAGCACGAGCATCAGTGCCATCAACGGAAGTCGTTGCAGCAGGGCATCAATGGAGTCCTGCGTGAGCGCCGGCGTGCCGGCCACCCACATGCGCATACCGCTGGGCACATCGATCTTGCGCAGATCCTTGATCGCCTCACCCGCGGTGTCCCGATTCACCAGGCCCGCCGACATCTGCAGCACCTGTAGTCCCGACGATCCGTAGCTGCCGGTCAGGGCGCCGTCGTCGGCGGAGGAGCTGAATTTCTTGGTGAAGCCGGGGACCTTGTTCGCCTCGTCGGCGATCTGCGAGATCGCATTACCCGCCGACGAGTTGTTCTCGTCGTACATGATGACGAGCTTGATGTCCTCGGTGCGTTCGGTCGGGAAGTACTTGTCGAAAGCCTCCTGCGCGACCCGGCTCGGATTGTCCGGCGGCAGGTACTGCTCGCTGATACCGCCGAACTTGATGCCACCGAACGGGATCGTCAATACCAGCAGCAAGAGGACGGTGGGTACCGCGGTGGCCACCGGGTGCTTCATCACCCAGCCCGAGAGCCGGCCCCAGAATCCGTTCTCGATCTCCTCCCGCGACTTGGTGCGGCCGGTGAGGTCGGCGACGCGGTGGTCGAGCCGATCGGCGCCCGAGGGGGAGAACTTCCGCACGATCGGGAACAGGGTGTAGGAGAGCATCCAGCGCAGCGAGAATGCGTCGACGCGCGGCCCGAGGATGCCCAGGAGTGCGGGCAGCACGGTGATCGAGAGGATCGCCGCCAGCGACACCGACGCGATCGCGCCGTAGGCCACCGACTTGAGGAAGCCCTGCGGCATGATCAGCAGACACGCGATCGCGGCGACGATGATCGTCGCCGAGAACACCACCGTCTGACCGGCGGTCATCACGGTTCTTCGTACCGCGGCTTTCGTCGAATACCCTTCGGCGAGTTCTTCTCGGAATCGGCTGACGATGAACAGCCCGTAGTCGATGGCGATGCCCAGACCGATCAGGGTGACGACCGACTGGGCGAAGATGTTCAGTTCGGTGACCTGGGCGATCGCGTTCATGATGCCCAGCGAGCCGGCGATCGTCAGACCGCCGATGAAGACCGGCAGGCAGGCGGCGATGACACCACCGAAGATGAAGAACAACATCAGCGCGACCAGTGGCAGGGCGATGATCTCGGCGCGGTGGATGTCGGCGTCCATGCCGCGGGCCATGGCTCCGGCGACCGGCTGCAGACCGGCGAGCTGGAACGTGGTGCCGGCCGGTAGGTCGTAGCGCTGCGCGATGTTGTCGAAGAACGGC
NZ_CP116236.1_gap15	565578	566637	1059	CCGGGCATCTCCGACGCCGTGTCGTTCGGCATCGTGTCGGCGCGTATCGACGGTCAGGCGCGGACCGGCTTCGCCGCTCTCGGTGGCGATCTCAACGGTGTATCGGTACTGAACATGCTCGACGGCGCATCCAGCAAGCTGCCGGCCGACGGGATGTTCATCAGTGAACGCACCGCCAACGAGCGTGGTTGGAAACGCGGCCAGACCCTGACCTTCACCTCGGCGGACGGAACGCAAGTGCCGGTCACGATCGCCGGCGTGTACCAGGACAACGAGGCGCTGCAGCCGTGGATGGTCGGGTCGCAGGTATATGAGAAGGTGATGCCGGAAACGAGCCGGATCACGTTCGGGCTGTTCGTCAAGGCCGCGCCCGGTACCAACCTCGACACCCTGCGCACCGATCTCGAGAACGCGACGTCGGGGTATCTGACGGTACAGGTGGAGACCCGCGAGCAATACAAGAGCAGCATCTCCGAGCAGATCGATCAGATGCTCGCGACGTTGTACGCCATGCTCGGTCTCGCCCTGCTCATCGCGGTCCTCGGCATCATCAACACCCTCGCGCTGTCGGTGGTGGAGCGCAAACGCGAGATCGGCATGCTGCGCGCGATCGGAACCCTGCGCAGCCAGATCAGACGGACGATCTATCTGGAGTCGGTGCTGATCGCGATCTACGGGGCCGTCCTCGGCGTTGTCCTGGGTTCGGTGATCGGATGGGCTCTGGTGCGCACGCTCGCCCGGTGGGGGCTCGGTGATCCGGTGCTGCCGTGGAGCTTGATGGGCTGGACGCTGCTCGCCTCGGCCGTGGTCGGCGTGTTGGCCGCGTTGTGGCCCGCGGTGCGGGCTGCGCGGACGAAACCGCTCGAGGCGATCGCCGAAGGATGAGTTCTCCGGGTTGTCGGGGTCGGCGGCCCCGGTTTGGCACAATCGGCGCATGACTCAGCCACCGGAAGATCCGTGGGACCCGAATCGTCCGCCGCCGCACACGCGTGCGTTCGACCCTGATCAGAATCTGGCGGAGTACCCCGACTCGGGTTATCCCCAGACCGGGTATGGCCA
NZ_CP116236.1_gap16	570882	574126	3244	ACGAATTACGCAGCACTGCAGAGACTCTCGGCGTGAGTGAAGCGGTCACGTTCCACGGTCACGTGGGCGAGGTGCGAAAACACGAGATCCTCGCGCAGGCGCGTGTCCACCTCATGCCGTCGCGCAAGGAAGGGTGGGGGCTTGCCGTGATGGAAGCCGCACAACACGGTGTGCCCACCATCGGGTATCGGAGTTCGGCCGGGCTGGCCGAATCCATCGACGACGGGCGGACCGGTCTGTTGGTCGATGGGATCGACGAATTCCTCAGCGCCACTCGAAAACTCGTCGACAACCCGGACGAGGCGCGCCGGCTCGGCCGAGCGGCGCAGCGCAAGTCGCAACGCTACTCGTGGTCGACGACGTGCGACGAGATGCTCCGCGTCCTGCGCGATGCCTGCCGCTGAACGACTTTCGCCAACCTCCCGGTGACCGCGGCGAGCGCGCCGAAGGCCATCAGCAACGCCCAGATCACGTGGACCGCCCACGCCCAACCTCGCGATATCGACGATGCCTGCGGAGTCACCGCTCCGTCGAGATCGAACAGCATCAGATCGGGTCCCGCGACCACCGGCGTCAGATCGGCGAGCTCCGCCGGGACGGAGGTTTCGGGGCCGCGCTCGACGAGTACCCAGCCGACGCCGAGATCGGACAGCGCGCGCGGATTGCCTCCGCTACGAAGGACGCGATTCACCTGTGCCGCCGTGTGATCGGCGTGATCGACCACGACGCCGTCGACCCGCAGTTCACCCGATTCGATGACCGGCGCACGCACCATCCGGGCCGTCGGGTCCAGTGACGGTCCGTCGGCGAAGGAATACCGGCGCACCGTGCCCGGCGGCCACAACGCCACCGCCCCGCGGTCGGCGGGCACCATTGCGGCCGCCTTCCTCCAGTCGTCGGGGTAGTGCACCGGCGTGATCCGGCCACCGACCCCACGCCAGATCCGGCAACGGGGCGATCACCAGCAGAGCAATGGCCGTGAGGGCGAAACCCACAGGGACATAACGCCTCAGCGCCACCACAGCGGCTGCCGAAGCCAGTGCCACGAACGGCATCGCGAGGGCCAAGAACTTGTGGGTGTCGCGCACCAACCCCGCACCGGGAACAGCATCGATGACCGCCCCCAGCGCGGTCTGCCCCGGACCCGCGGCGGTCACCGCCACCACCACGACGACGACCGCCGCCAACGCTGCCAAGCCACGCAACGGACTCGGCGCCGGCGACGCGGAACGGCTGCGCCACAACCACACCGACCCGACAACGATCACCACCAGCAAGCAGGTGGTGGCGATCGCGGCCCACCAGATCGTGCGGCTCGTCGGCACGGCGTCGGAGTTCCAGATCCCACCCACACCCAGTGCGGTGCCGAGCGGGCCCAACAGCGGCTCCGACCGCAGCGAGAAGGCGCGCACCCCGGCCGGCCCGTCGGAGGCGATCGATCCACCACCGATCGCCGCGCTCATCAACCACGGCAACGCCGAACACACCCACAGCGCACCGAGACCGGCGAACATGTGCCACCGTCGGATACCGGCGCAGGACACCGCAGTCACCCCGGCGATCACCAACGCCATCACCGACCCCGTCGGCGTCAACCCGGCCACCGCGAGCAGCCCACCCACCTGCGCCCACCCGACCCACCGCCCGCGTGCGCGACCCACGGCGACATCGGCGACGGCCACGATGATCCACCCGAGTGCGGCGTATCCGACGAGCAGACTCCAGTTTCCCTGCAGCAGGCGTTCGGCGACAAAGGGATTCCACACCGTGACCACGGCCGCGGCCACCGCCCCGGAGCGTCCGGCGCCGGGGACCAGCCGAAAGGCCAAGCGCCCGAAACCCACCGCCGCGAACAGGATTGCGGCGGCCAGGGCCACCAGAACCACCGCGCCGCCGCCGACGACCGAGCCGGTCACCGCCACGAACCAATCCTGGGGAACCGCACGGGGTGCGAGCGGACCGATCCCGAGCGCAGCATCGGTGACGAAGGACCGCGGCGTCGACACGGCGTCCCGGTAGAGCAGATACCCGCCGCCGAACAGGGGCCCGACGATCACCGCCGACAGCACCGCGCCGACCCCGTAGAGGATCGGTAGCAGCCGCGGGTTGGTCACGGGCGCAGCGTCTTCCCTCGGTCCGCGGCTCAGTAGTGGTAGGTGTCGGACGGGGCCGACGCGTGTCCGGGATCGACCTCGTAGTCGGATTCGGTGACGGCGTAGGCGCGGGCGAGATCGAGAATCTTGGTGGCGCGGGCGATGCGCGGCAGATCCGAACCGTTGCGGATCTCGCCGCCGTCGCGCTCGAAGTCGGCGAAGAACTCACGCGCCCAACTGATGTCGTCGGGAGACGGCGACAGCCCCTCGTTGACCGGCGCGCATTGGTCGGGGGTCAGGCAGATCTTGCCGGTCATGCCGAACTCCACGCTCACCGCGGTCGCCTCCGACAACTTCAGTGCCCCCGACCCCACCGTCGGGCCGTCGATGGCGCTGGGCAGGTGGGCGGCCTTGGCGGCGATGGTGAACCGCGAACGCGCGTAGGCCAGGGTGGCCGGGTTGTCGCCGAAGCCGGTGTCCCGCCGAAAATCGCCGATGCCGAATGCGAGACGGAAAGTGCCTTTCGCCGTGGCGATCTCGCTGATCCGCTCCAGTCCGCGGGCGGTCTCCACCAGCGCGACGATCGGCACGTCGGGCAGACGCTTCGCGGTCTCGGTGACGTGGTCGACCGACTCCACCATCGCCAGCATCACCCCGCCGACCGACGTCGTGGCCAGCGCGTCGAGGTCGTCGGCCCACCAGGGAGTGCCGAAACCGTTGACGCGCACCCAGTCTCCCGGTCCGCCCGGATGGTCGTCGGACTCGGTGGCCAGCCACCGCAGGACGTTCTCGCGGGCGGCGACCTTGTCCTTGGGTGCGACGGCGTCCTCGATGTCGAGAACGACGATGTCGGCGCGCGAACGGGCAGCCGGGGCGAACCGCTCGTACTGAGCACCGTTGACGAGCAGCCAGCTGCGCGCGAGTACCGGGTCGATCCGCGAGCCGATGTCGCTCGTGTCGGGGTCGACGGTGGTGTTCTGCTGGTCGTACATCCTGGCCTTCTCGAGTGGTGATCGACGATGAATCCGTTCCATCGTTTCACACCCTTCCCCGGTGACCGCCGGCGCCGACGACCCCGCAGACCGACGACCCTGCAGCGCGAACACTCGGCATGAGCCGGTGCGGCACACTTGGTCGCATGGCGACAGCGA
NZ_CP116236.1_gap17	576074	577369	1295	GCCAAGATCGGGTGTCGCGGAGCGGCGCGAGAGGGTCACGCGATCCTTGAACGCCGACAACGTCGGATCGGTGCACGCCGACTCACCCGACGCGGGCGGCACCTCGGATCCGGGGCGGCCGGCATCGGCGTCGGCGATGCGGCCGTCGAGCCAGATGCGGTCGCCCTGCACCGACGTGCCCGCCTGCAGGGTGATCACCCGTTTGTCGGCCGGGCGGACCGCGACCACGCGTTGCTGCCGGACCAGCGTGGCGGGCAGCGTACGTGCCATCGGCGTGTTCAGCGAACAGCGATCCAGGATGGTGGCAGTCGGAGCGGGCGACCCCGATTCGCCCTCGTCACCGGTCGGGACGCTGGTGGCGACAGTGGTCACGTCGGTCGAGAGTGGAATGAGCTCGAGCTGACCCACCAGCAGTGTCGGCAGCGCCAGCGCGGCCGCCAGGAGGAATCCGCCGAGGAAGATGATGGTCGGCCCGAGCAGGTCGCGCGTCGACCAGCGGCTCGGGCGGGGGCGGTCGTCGGCGCCGGGCTCGGGCATAACGGCGAGCGTACGCGGTCACCACACCCGCCTCAGGACGGCTACCGTGTTCTCCAGAATGTCCACCCAGCCCACGCCCGATGCCACCACAGTCACCATCCGCATCCCCGAGTACCGGCGATTCTTCCCGCAACTCGAAGGCATGCGTGCGGTGGCGGCGTTGGGCGTGCTGACCACCCACGTCGCCTTCCAGACCGGTGTGGTGAGCACGCCGGTGATCGGCCCGATCCTGGGCCGGCTCGATCTCGCCGTCGCCCTGTTCTTCGCGTTGTCGGGGTTTCTGCTGTGGCGCAATTGGGTGGCCGCGGCGCATCGGCAGGCTCGTCCGCCGTCGGTGCGGCGATATCTGCGGCACCGTGTCGTACGCATCTGGCCGGCATATGTGGTGGTCGTCGTCGTGGTGCTGACGCTGCTGCCCGAGGCGCGCGGCGCCGACCTCACCGTCTGGCTCGCCAATCTGACGCTCACCCAGGTGTTCGTGCCGCTGTCGCTGACCGCAGGACTGACCCAGATGTGGAGTCTGTCGGTCGAGGTGGCCTTCTACCTGCTGCTGCCGATCCTCGGGGCCGCGTTGATGTGGCTGCGCGGAGCGCGGGTGAGCGCCCGGGTACCGGCACTGCTGGGTCTCGGCGTGATCAGCCTCGGCTGGGCCTGGGTGGCCCGTGCACTGCCGGTGCCCGACGGGACCGAGCCGACGAACTGGGTGTTCGGCCACCTGCCCTGGTTCGTCGCAGGCCTGGTCATCGCCGAGGTGGCCG
NZ_CP116236.1_gap18	585737	590192	4455	GTGTCGTGCGCACGCCGCCGCTCACGCAACTCGAGCGCAGCGACCTCGTCCCGTACAAGACGCTGCTGGCGAATCCGGGGAATGCGGCGGTGATGGTCGGGCATCTGATCGTGCCCGGACTGACCGTCGGTGACACGCCGTCGAGCCTGAGCGTCAACGCCATGCGCATGCTGCGGACCGGGCAACCGTACGGCGGTCCGGCCTTCGACGGCGTGGTCTTCTCCGACGACCTGTCCGGAATGGGCGCCATCACCCAGCGCTACCCGCTGCCGCAGGCGGTGCAACGCTTCCTCGTCGCCGGCGGCGACATCGCCCTGTGGATCACCACCGACAAGGTGACCGCCGTCCTCAACAGCCTCGAGTCCGCCGTCCGGTCCGGACAACTGAGCCAGTCGCGCGTCGACGAGTCGGTCGTCCGCATCCTCAAAGCCAAGGGGCAGCTACGGTGCTGATGACCGCCGGAGGAGAGCGGGGTGAATCCGCATGACTGATCCCCACCCGCCGCATCGGCCACCGCCACCACGTCCGCGCGTTGCCGTGACCCCGTTGGCGCAGCCTCCGGTCGCACGCACGCGTCGCACGCATCTGGTCGTCGGGCTCGCCGTGCTCGAGGTGGTCTTCCTGGTCGCCGCGGCGGTGGTGGTGATGATGTCGCGTGACGCGCTGACCGCTGCCCTGCGCGCCGATCTCGCGGCCGACAATCAGGGGGCCAGTGCCGCCGACATCTCCACCACGGTGTCCGTTGCGCTGCTGGTCGCCGCGGGTGTGGCGGCGCTGGCCGTCGTCGCGGCGGTCCTCGGTGTACTGCTGCTGCGCCAGGGCGGCAAAGCAGCTCGGCCCCTGCTACTCGGTTCGGCGGTCCTCGTGACGGTGCTGGCGGTCGCGTGGATCGTGACGACGAATTCGCTGCCCGCCGATACCGATACGGTTCTGCCGATGGTGTGGGTGTCGCGCTATCTGCCGTCGGCGGCGGCGCTCGCCGGAGTTCTGGCCGGTGTGCTGGCCCTCATTCCGGACGGCGGTGCGACCCTGCGTTGAGCGTCGCGCCGGTGGCCCGGCTGATGGGCGGGCCGATCGACGGGTCCGGCCGTCCGAGGTCGGCCAGGATGCCCTCGGCGCTGCGCACTGCCACCGTGGCCGCGTCGACGACCTGCGGGTCGGCCAGCGGATGTGCCGCCCGTGTCCGCCACCGGGCGGCCGCGGCAATTGCCGCCTCGCGCACCTCATTCGGGGTGGCGTCGTGCGCAAGTCCCAGGCGCACAGTCGGATACACGCCGCGGTCGCCGACGAGTCGGCTCAACTCGTCGAGTGTCTCGGGGGGCAGACCGATCCGTCCGGCCCGCACGGCCCCGATCAACCGCAATTCGCGGAAGCCGTGGGTGTCGGCCAGCGCGCGGCGCACCGACGAACGCAGTTGGGCCGCTGCGGGTCCCGGGGTGCCGGCGAGTATGCCGTCGAGGGTGCGCAGCGCCGAATGCGACTTGAGCTGCCAGGCCCGTTGGCCGAATTGCACGGTGATCAGGGAACTGAGCTCCGAGAGACCGCTGCGCGCGAGCAACTCCGCCGACAGCGCCGACGACGTCGTCGTCCCGAACCGGATCAACGTCACCGCCAGTCGGATACCGAAGACGCCCAGCCGGTCGGCCAGGGCTTGCCGCGCCTGTGGGTCGACGGTGGGCAGGATGTCCGGGCGGGTGAATCGGTCCATACTCAGCAGCGCTGATTCCAGATCGTCGGCAGGCACCGACGCCAGCGCGAGCAGCGCCCGGAACTCCCTCTCCCGCAACGTCTGTGCCCCCAACGCCAGCAGCCCCGACACCGGGAGGACCGAGTGGCACAGGCCGGTGCGGGTCAGTTCGCCGGTCAGTCGTGCAGCGATCTCCTGCGCCGACAGCATCGCATCCACCCGCCCGGCGCCGAGTTCGTCGGCACGGGACACCACCCCGACGACCCCGAGCGGGCCGGCCGAGGAGCCCATGGCCGCGGTGATCCGCCGCAGCATGGCGGAGTCGGCGGCGGTGAGTGTGCGCAGCAGATAGATGACCGCATCCACCCGAGGTTGCCCGTCCTCGGGCGCGAGAAGACGTTCGGTGGACGCCGACAGGTCCGACGACAACGACGCCAGCCCCGGGGTGTCGACCAGGGCGCGATGCTCCAGCGCCCGGGTCGGCCAGGTGACCTCGATGCGATCGATGCGATCGGCGGTCAACGTCCCGAGGTCGAAGCCGAGTCGGCCGTCGATTCGGGTCACCGGAACCGCAACGGCGGCACCGTCATCGACGCATGCGGTCACCGACGCCGTCCGGCCCCGGCGATACCAGGTGACCACCCGCGTGCACTCGGTGGCGTCGGTCGGTGCGATGTCCTGCCCGACCAGCGCATTGAGCAGCGTGGACTTGCCGGCCTTCAGCGATCCGGTGAGTGCGATCCGCAAGGGCGCGTGGAGTTGTCGCTCACACTCCTCGATCCGATCGAGGGCGCGTCGATCACCGGCCACGGCCGTGCGCGCTGCAGCGAGGAGGTCGGGGGCCGCCGGAGCGGGGCCGGGTGCGGGACTCATCAGGCGGCCGGCCCGGTGATCTGGGTCCCGGTGATCGCCTCGGCCGCACGACGCAGCGCCGCCACCGCCGACAACTCGCTCTCCAGCGTCGCCACCCGGGCGGCGCGCTCGGAATCCTCCAGTGCCGCCGCCGATTGCGCGGCGCTCAGCGACTCGTTGATCGAGCGGGCCGCCTGTTCGGCGATCTCGGCGAAGTGATCGCGCAGGATGCGCTGCATCGTGCGCAGCCGATCACGGGACTCCTTGCCGACCTGGAAGCTGACGTCGTCGGTGAACGAGCGCACCACCACCTTGGCCTTGTTGCGGCGATCGGTGAGTCGCGCCTGCTTGTCGTCGCGATACGCCTTGCTGCCCAACAACAGTCCCGCACCCACCGACACGGGATTGATCAGCGCCATCCCCATCATGGTGGAGATCAGTCCGAACATCAGCACACCGCCGTAGGAGCCACGCATCCCGACGATCAGCTTCTGGGTGATCGACATCGACGACGTGTTGGGTGCGCTGAGCTCGGTGACGGAATCGAGGATGCCGTCGACGCCGGCGATGTCGATGGCCGGCAGATCGGCGTACCCGGCCTCGGCGAAGTGCTCGGCGAGCCGCTCGGCCAGCCACACCGAGCGTTCGTGTGCCCACACGAAATTGTCGCCGACCGCGGTCGCGGTCTGGTCGATCAGCCACTCCGACAACCGGTCCCAGTCCTTCTCCGGATCGCCGTCGTCGATGGCGCGCTCGGCCTCCCGGGTCACCGCGCGCAGCCGGTCCCGCAGATCGTGATCGATGTCGGCGGCCAGGTCGGAGATCCCGTCGGTGAGGGTCTGCTGCCAGTGCGAGGACGACCGGCGCAGTCCCTCGGCCTTGGCCCGGGCCTCCCGCAGGCCTCGCACCGCGCGGTCGGCGGTCTCCGGATTCTTCAGTGCCGCAAGCTCACTGCCCAAGGTGAGCGCCAGGTGCTCGGAGACGGTCCGCAGGTCGGTGCCGACGGCGGCGCGTGCAGATCGGCGCGCCGAGGGCACCACGGTTTCCCGGAGATACCGATAGAGGTCGGCGAAACCCGCCTCGGCGTTGAGTTGTTCGTCGCCGAGACGCAGGGCATGGGCGCGCATCGTCGACGAGACGGGAAGAAGTGGGATGTCGATGTCGGCGGCCCGCAGGTGGGCGCGGTCGGCGTCGGCGATCCGACGCCAATGCGGGTAGAGGTCGGTCTTGGTGAGCAGACAGGCCACGGTCGGGCACAGGTCGACCACCTGACGCAGGAACGCCATCTCCGGTGCGGTGAACTCCTGGCTGGCGTCGGTCACCATGAACACCGCGTCGGCGGCCGCGACCATGCCGAGAGTCGTTGCCGCGTACGGGTGTCCGTGACCCCCGACGCCCGGGGTATCGATCACGACGAGTCCGTCGGCCAGCAGTGGTCCGGGCGCGGTGATCTCCAGCCGCATCACCTCGCGTCCCTGGGTGTGGGCGCTGGTGGGGGTGACGGAGGTGACCTCGTCGAAGGGAATCGGGATCGGCTGGTCGGTGCCGGCGACCACCAGGTGGGCGGCGGGCTGCTCGGCGTGGGAGATCAGCGTGGGCACGGCGGTGCTCTCGTCGTCGCCCACCGCGCAGACGCCCAGGTTCAGCAGCGCGTTGACGAACTGGCTCTTGCCCTGTTTGAGGTTGCCCACGACGACGATGCGCAATCGGGGATCGGAGAGTCGGGCGTGGGCGCCCTGGAGGCGGGCGGTCAGGTCGTCACGCTGTGTTTGTGCCGCCAGGGTCGCGGCCCGAGCGATGAGATCGGAGATCGTCGATCCGGTGGGGCGAAGATCGGAGGAAGCGGGCGCGGCGCCCTGCGGTGCGGGTGCTTTTGGCGTGTTGTCTTGTGGCGCGGCCGGATACATGGCCTGTTG
NZ_CP116236.1_gap19	597118	600564	3446	GACCGACGCTCGACGGTCTGCTGCGGGCGTTGCCGATGCTGGCCGATCACGACGACATCGGCTGGCCGGCGCTGATGCTCGCCGTGCAATCCGGAGACATCCTCGCCGCCCGGATGGTGGCCGACGAGGTCTTCGACGCCGACCGCCGCGATCTCGCACTGCAGTGGATCGCGCTGCTTCTCGATCCGCACCCCGCACCGCCCGTGCCGACGCCCGTGCCGGTCGCGCGTACGCCCGCCGATCGGGTGCGTGCGGAGGTCGCCGCGCTCGGGCGGGTTTCGACTGCCAACGCCGGTCGTGGACAGGCTCTGCGGGCTGCGGCCGCCATCGAGTTCGGGCTCGTCGACGCGCTCACCCTCGGCGAGTTGTGGCTATCACTCGCTGCGGCAGGCGAACAGGTGCGCGTGCGTGGGCAGGTCGCCGCATTCGACGAGATCATTGCCGGGGTCGGGTTCACCAACGGCTGGGCGGTGACGTGGAACTGGTACGCGGTCCGCGCCTGCGCCGCAGCCGGCGACCGGACGGGTGTCGAGGACCGGCTCGCCCGACTGGAGAAGGCGCTGTCGGCACATCCCGGGGACGAGCGCACCGCGACCCTGACGGCGGCCGCGCGTGTCGTGCACGATCTGGCCTTCGCCCCGACGCCGGTCGACGATCGGCGGGTGGCGCAGGCCCGGGCCGGACTGGTCGCCATCGGTGCACCGACAGACGCCGCCCGTCTGTGCGCCGACACCGCCGCACCCGTCCTGCCGAGCCCGCGTCCGACAAGCGTCGAAGTGTCATCCTCGCAGGTCAGCCCACCATCGGGGCCGTTGACCGAACGCGAGGCGCAGGTGGCCCACGAGCTCCTCGCCGGCTGCACGTACGCCGAGATCGGCGCTCGGTTGTTCATCTCGGCGAAGACCGTCGAGCACCACGTCGCCCGCATTCGCCGGCGCTTCGGGGGCGGGTCACGGTCGGAGATCCTCGCCGCGTTGCGTGCGGCCGGTTACCGCTGAATCTTACTGAACGGTAAGATGATCTGATCCCTGCCGCGCGGTGGGGGTGTGGCGAGTGTGAGGAGCCATCATGGTCGGCGGGACCAAACGACTGCCCCGCGCGGTGCGCGAGCAGCAGATGCTCGACGCCGCGGTCTCGGTGTTCGCCGAGAACGGCTTCCGGGACACGTCCATGGATTCGATCGCAGCCCAGGCGAAGATTAGCAAACCGATGCTGTACCTGTACTACGGGTCCAAAGAAGAGCTGTTCAGTGCATGTATCGCCCGTGAAGGCGGCCGGTTCATCGACGCGATGGCGGTCGGGTTCGATCCCAAGCTGCGCCAGAGCGAGCAAGCCCGCACGGTTGTCCGGGAATTCCTCCGGTACGTCGACGAGAATCGTGAGTCCTGGCGGGTGCTCTACCGGGTCGCCGTCGGTTCGGCGGCCTTCGCCGACACCGTCAGCACCAGCCGTCGCCACATCGTCGACATGGTCTCCGACCTGATCCGACGGGGCACCACCGTCGAGGGCGCGCTCGACATCGATTTCGAGCTCACCGCGATCGCGCTCGTCGGGGCCGGTGAGGCCGTAGCCGACCGGATGAGCGAGGGCGACGTCGACCTCGAGACCGCCACCGATCTGCTGGTCGGCATCACCTGGCGCGGCCTGAAGGGCGTCGGAATCCACACCCCCTCCTGAGACGAATCACCGGTACGAACGCAGAACTCCCGCCCGGCAGTGCCGGGCGGGAGTTCTGGTATCCGTGGTGCCTCAGTTGGTGCGGGTGGTCGCCGTCAGATGCGGATACCCCTTGCGCCGGTTCAGAATAGAGATATCGAAGCTCCCGGCGCCGTCTAATCTATGGGTGTAGACGTTCACCTTGGCCGGCAACAGAATCGGCTTACCCCACCGCACCGTGTAGGTGACCGCGTCGGGCAGTTGCGCCTCGACGTTGGCGACAGCGGCTGCCGCACTCCACATTCCGTGCGCGATGGCCTTCGGGAAGCCGAACGCCTTGGCGGTCAGATCGCCCATGTGGATCGGATTGCGATCCCCCGACGCCGCCGCGTACTCGCGGATCTTCGCCAGATCCACTGCGAGCACCGCATCCGGTGGTGGCGGCGCCTGATCCCGCGGAGCCGGCCCACGCGGTTCGTCGGAGAGGCTGGTGCGTTGCTGCTTGAGGAACGTCGCCACCTGCCGGGTCACCAGCTCGGTGCCGACGCTGATCTCCGAGACCATGTCGACGAGCATGCCCTTGCGGTGTTCACGCAGGTTCTCGGCGTGATTCTCGATGGTCAGCGGCTCGTCGATCCCGATCGGTCGCAGTCGCGTGATGGTGTTCTCCAGATGCACCGAACCGACTGCGCCGAAAGGGAAGTCACCGTCGGTCATGATCTTCATGGCCAGCGGGAACTGCAGCACGAACGGGTAGGTGATCGGCAGCGTCGGGCCGAACCGCTGACCCGTCGCCCGGGTGTAGGCCAGCAACCGGTCCGGATCGATGCGGATGTTCTCGAGCCGGTAGCGCCGGTCCGGGATTGTCGCGTCGGCGCGGATCCGGGCGGGCTTGCCGATCACCGGGAGCATCGCGGTGACCGCCTTGGAGTAGACGTCGGCGGTGCTCGGCGGTGACGAGAGCGTGATGGTCTTGCTCATCACGCCCCCAGGAATCCCTGGCCGCAGACCCGGACCACGTTGCCGGTGATGGCATTGGAGGCCGGATTGGCAAAGTAGGCAACGGTTTCGGCGACGTCGATGGTCTGACCGCCCTGCTGCAGCGAACTCATCAGGCGGCCGGCCTCGCGGGTGGCCAGCGGGATCGCGGCGGTCATCTTGGTCTCGATGAACCCGGGGGCGACGGCGTTGATCGTGATGCCCTTCTCGGCGAGCAGCGGGGCGTAGGTGTCGACGAGACCGATCACGCCGGCCTTGGAGGCGCCGTAGTTGGTCTGGCCGCGGTTACCCGCGATACCCGCGATCGACGACACGTCGATCACCGCGCCGCCGGGCTTCAACGCGTCCTTCTCGACGAGGGCGTTGACCAACTGCTGTGGCGCGATCAGATTGACCGAGATCACCGAATTCCACCGCGCCGCATCCATGTTGGCGAGCAGCTTGTCGCGGGTGATGCCGGCGTTGTTGACGATGATGTCGATGCCGCCGTGGCGTGCGAGCGCGTGCTCGGCGAGCTTCTCGCCGGCGTCGGGTGCGCTGACGTCGAGCGGCAACGAGGTGCCGCCGACCTTGTTGGCGGTCTCGGCCAGGGCCTCGCCGGCGGCCGGGATGTCGGCGCAGATGACGTGGGCGCCATCGCGGGCCAACACCTCGGCGATCGTCGCGCCGATACCGCGCGCGGCACCGGTCACCACTGCCACCTTGCCCTCGAGCGGCTTGTCCCAACTCGCGGGCGCGGTGGCGTCGTCGGCGCCGACGCGGATCACCTGGGCGTCGACGAAGGCCGACTT
NZ_CP116236.1_gap20	612714	616380	3666	GACGCCGACGCTCCTGAACTCGAGGACGTCGAACCTTCTAGTGCGCCGGAGCCCTGCGCTGCGCAGGAGGTGGTCGATGTGGAGGAGCCGGTCGTCGAACCCGACGTCGCTGACCCCATGGATGAGCCGACCTGTGATGAGGTACCGGTGGCGTTCGGGCGGGCTTTGGTGGTGCCGGGTGCACCCGTCCTGACGGTGTTGAAGGATCCGGACGGGATTCTCGTGCCCCGGTTGCAGGGATACGGGCCGATCGATACCGACTACGCCACCACCCTGTCCGAGGTGGCGAAAACCATCCATTACCCCGAATCCGCGCGTTCCGCGGGACCACTCATCCCGCAGATCTCCGACCGGCCGCAAGCCCCGCCGGCGGATCCGACCGGACACGGCGGTCACACCGTGCCACCTCCTGGGGCATTGACGTATGCACCCAGCGCCACATTGCGCGCTGAGGTGCTCGCCAACGACGCCTGGTGCCGATACCCGTACTGCGGCATGCCGTCACACCTGTGCGACCTCGATCATTGGCGTCCGTTCAACCATGCCGACCCCGAGGCCGGAGGCTGGACGGTGCTCGGTGACCTGATCCCGCTGTGTCGGGCCGATCACCAACGCAAACACCTCGCCGAATGGGTGCCGACGCTCTACACCGACCGACGGGTGGAGTGGCGGAACCGACGGAGCGGGCAGGTGATTGTCACGTATCCGCGGTGACGGGGTTCCGCTGTGGGATGGAACCAGCTGTGACTCACCGGGTCTCGAGGGCGCTACAACGCCGACCGCAGGTATTCGAGATCGTCGGGGATTCCTTCGGCCGGCGTCTCGAGGATGATGGGTGCGTCGGCCGCTGCCGCGACGGCGACGAGCACCTCGGGATCGATGTGTCCCGACCCCAGATTCGCATGACGGTCGCGGCCGGAGTCGAACTCGTCGCGGGAGTTGTTGAGGTGCACCAGATCGATACGCCCGGTGATCTCCCGGACCCGCTCGACGAGTCCGACGAGATCCTCGCCGCCCGCCCACGCGTGACAGGTGTCGAGACAGAAGCCGGCCTGCTCGAAATCGCCGACCGCCTCCCAGAGTCGATCAATGGCCTCGAGGGTTCGGGCCATCGCATGGTCGCCGCCTGCGGTGTTCTCGATGAGAATCGGGACCCCGAAGCCGCCCTTGTCGACCTGACGGTCGAACAGCTTGCGCCAGTTGGCAAACCCTTCCGCTGAATCCTCCCCGTCGCGCAGGTGGACGCCGTGGACGACGAGACCGAACGCGCCGAGGTCGGCAGCAGCGGCAGCCTGCTCCTCGACGGCCTTGCGGGAGGGCATGCGGAGCCGGTTGTTCAGGCTGGCCACATTGATCTGGTAACTCGAGTGGACGACGACGTCGATCGGGGAGTCGCGGAAAGCCTGCGCGTCCGGGCGGGGGACCGGCTTCTTCCACTTCTGAGGGTCGGTGACGAACATCTGGAAGACGTCGACGCCGAGGTCCGTCGCGGTGGTCAGCGGGTCGTCATCCTCCCGCAAGTGAGCTCCGATGCGCATGGTGCCAGCTTAGGGCGCGCACGCGAGACCGAACCCCGCAGCCCGCACTCGCCGAACGGTGCAGATCAGTCGTTGGGTTCGGTCTCGACGGTGATCGGCACACCGGACGCGATCAACAGTCGGCACGGCGCCTCGGTGTCGGGGTACAGGTTCAACCACTGATGGCCGCCGCCGTGCGAGTACACGGACTCCAGGGCGCGGTCGAGCCGCGCTTCGGCCTCTTTGGTGATGATGTAGCGCTGATCGCCGTAGCGCAGGAACCTGTTGGGCATCTACAACCTCCTGACCGGATGCCGGCCTCGCCGATCGGGCACGTGGCTCACAACTGCCTGAGCCTGTGATGTGTCCCACTCGGAGTCTATGTCGCGTCGCCCATCGGCGTCGGGCCGTCGGCATCTTCGACACTCCTGACGTGCGAAAGGGCGAGGCGACCGGCCACTTTCAGGAATGTTCATTAGGCTGACTTTGGGTTACGTGTCGGTAGTGCGGTGATGAAGAGGCGGTTTCGCGTGAGTGTTGACGAGGCAATCGACGTGCCCTCGCCGGACGATCACCGCCGACGGCAGGCTCCTGAGCAGGTCGTACGCGAATCCGCCGTGGATCAGAACGGCGCGGGCACCGGCGTAGAGGAGACCGACACCGACGCCGCATTCGGCGACGACAACCCGCCGGACCTCGAACCGATCCTCGCCGACATCGCCGCGGCCGCCGAGATGGAGGCCGAACCCGAGAAGCGTCGCGACCTCACCATGGTCCGCCGGGTCGCGATCGTCGCGTGGGCGCTGTTCATGGTGTGGGAGATCGTCGAGCACGGGCTCGCCTTCGACCGCACTCGCCTGATCATCCTGCTGTGCCTCGGGCTGATCGCGGCCAGTATCGGCCGGCGCCGCGTCATCACCGTCATCATCGACTGGGCGCCGTTCGCGCTGATCCTGTTGCTCTACGACTGGACCCGCAACGTCGCCGAGTTCATCCAGGTCCCGGTGGCCTGGCATCTCGCCCCCGACGTCGACAAGGCCATCTTCGGGGTGGTCCCGACGGTGTGGCTGCAGGCGCACCTGAAGTCGCCGTCGGCGCCGTGGTGGGAGGTCATCACCAGCGTCGTCTACATGTCGTACTTCGTCGTCCCGTACGCGCTCGCGGCCATCCTGTGGCTGCGCAACCGGGCGACGTGGCGACGGTTCGCCGCATGCTTCATCGCCACCACCTTCCTCGGGCTCATCGGATACACGTTCGTGCCCGCGGCACCACCCTGGGCAGCCGCCCGGTGCACCTCCGCGGAGGTCGCCGACGGACCGCGCGAGGCGATCTGCATGACCACCCCGCAGGCCACCCAGCCCGGCGGGATACTCGGTCCCTTCGACCCGAGTCATGCCGGTGCGGCACCGTACGTCGAACGGATCTCGGCCCGCGGATGGGAATTCCTCAACATCCACGTCGCGTCCAACCTCATCGAGATCGGTCAGGGCAAGTCCAACCTGGTCGCCGCCATCCCCTCGCTGCACGCCGCGCTGACGATGCTGCTCGCCCTGTTCATGTGGCCGCGCGTCAAAGCGCTCGGCCGAACTTTGTTCCTGGGGTACGCCTTTGCCATGGCGTTCACCCTCGTCTACACCGCCGAGCATTACGTGTTCGACATCCTGCTCGGCTGGGCGTTGGCGGCCTTCGTCGTCGCCGTCTACCGGCTCGTCGACCGCAAGCTCATTGCGCCACGCAACAGACGCAAGGCGCAGGCAGACGCCGAGGCGTCGCCCGTCGGCTGAGGTGGGCCCGCCGGTTAGGCTGGTCGCGATGCGCGCCCCACGAATCGGTCACCGGCAGTGGTGGCTTCGTGTGTGCGTGGTCGGGCTGCTCGCAATCGCGGTGCTGCTCATGCACTCTCTCGTCGCCGGCGCCCCGCGTGAAGCGCACCACAGCTCCGCAACGATGACCAATGCCGCGGACCCGGAAGTCTCCCACATGAGCGACGCCGGTGACTGCGTCCTGGGCCACCACTGCGTCTTCGTGCGCGCCGACGACGCGCCACTGCCGCCGGTCATCCTGCTGGTGCTCGTCTGGGGCTTCGCGGCGCTACCCGCCCTCATGGGCATCGCGCCCGCACTCCTCGGACACCTCGGGCGACCACCAC
NZ_CP116236.1_gap21	673378	678320	4942	AGGATCTGATCGTGCATCACCGCCGATGCCTGCCCGAGATAGGCGCTGCCCACCGGGTTGCCGAGCCGGTTGTTGGTGCGCGCGGTCTCGATGAGTCCGCTGTAGACGGGGATCGTCGTCGCCAGGGTCTGCAGGTCGGCGTTGACCGCGCGATCGTCGTCGTCGGTGTCCTCGCCGGGCGCTCCCGAGGTGCCTGCGGCTTTCATCAATGACGCCGACGCGGTGGCCAGCGCATTCGAATAACGGCTACGCAGATCGGGGGACTCCAGGCCACCGGAGATGAACGCCGAGTTGGCCGAGGCGTCGGCGATCGACAGCGAACTGTAGAGCACCTGTGAGGCCTCGGCGAGCGGCTCGCCCTGGTCGATCATGTTCTTCAGCGCGTTGGTGCGATCCTGCAGCACGGTGGATCCGTACCAGCCCACGCCCAGGATGGCGAGTACGAGCACCACCCCGATCATCACCAGCTTCCCGGGGGTGGTGCCCGCGTAGTGGCGCATCGTGGCCAACGGTGATTGGGTTCGGGTGCGGCCCAGCGACATCAGCTCGCGGCGGTCGGCGAGAACCTGACGGATGGGTGGCGACGACGCGTTGGGCCGGATGGTCTTGCCCGCACGGGTGAGCACCGTCCGCACGGGAGATGCCTGGCCGGTCACCACACGATCCCTTCTGGCTCGTCGGTCGTTCGTGTCGTTGTCCTCGCCCCGGCATCCCCGTCCGAAGCGACGACGTGGCCCCCTCGGGTCTATCGCCTCTTCGGTGCCGGTCTGTTTCCACCCTAACCGCGCGCACGTGACCTCGGCCTCACCACGCGGTGGTGTTTCGGCGAACCTGGCCCTGGTGGCCCCACTCACATACGGTGGAGGTCGGCGGCGAATCCCGGAGAGCCCGGATCGTCGGTCGGCGTCAGGAGTCGCGGTGCGTGGAGACGGGGACGGCTGGGTCATCGACACCGATGGGTCACGGTATTGGGGTGTCAACGGGGCGGCCGGATTACTGCTGCGCACCCTGCAACCCGACGGCCGCACACTGATATTGCTGCAACATCGCGCGGTGTGGTCGCACCAGGGCGGCACGTGGGGACTGCCCGGTGGTGCGCGCGACTCGCACGAGAGTGCCATCGACACCGCGCTGCGCGAAGCGCAGGAAGAAGCAGGTCTCGACCCCGCCGACGTCGAGGTGGTCGCCGCGCTGGTCACCCACCGCGCCAAGGGCGGCTGGACTTATACGACCGTCATCGCCGACATCGACGAACCCGTGCGGACCATCGCGAACGGCGAATCGGCAGAACTGCGCTGGGTCGACGAGGCCAACGTCGACGAGTTGCCGCTGCATCCCGCGTTCGGTGAGGCCTGGCCCGGACTGCGGGACCGGATCGCCGCGCTCGATCCGCAGAACTGAACGGCGCCCGGTCGTCTACCGGGGTAGCAGCCGGTTGGCGCCGGCGATGAGGGCGTTGACGTTGGCTTCGTCGCCGGTCGCGCCGTCGCCGTAGGCCCAGCACTGCCGGTCGTCGCGCTCGCACAACAGGAACGCCGCGAACCCGCGATCGGTCGGGCGCTGGTGCAGCGAGACGATCGACACCGGGGCGCCGAGGTCGTGCAGGATCGAGGTCATCGCGCCGACCGGTCCGGTCGCGGTGGCCGACATCGACATGATGCGGTCGGCGAAGGCCATCGTCGCGCGGCATTCGATCATGTCGGCCGGTGCGGGGGTGATCGAGAGCGAGCCGAGCCGGATCGTGCCGGTATCGGCGTACACCTCGGTGAATTCCTGCCAGGTCATGCCGTCTGCCTCCTCACGGATACCTCGGGGGAGTCGCGTCGTGAGCGGGCCGCGGGAACGCGGATTCGCGCTGCCGGGCGACTCGGTACAGGAACAGGGTGCGGGAGAAAGGTGACGGCTGTGCATCGTGGATCATCGTTTCGGTCGAAGAGAAGATGACCGACGAGAACGCGCAACGACCCCGCAGCGGGGGGTCGGTCAGATCAGACCCCGCTGCGGCGGGTTACGAGCGCGATTCGTGTGCACATGATCGGGCCACTCTAACGCCGCAGCACACCCGCGGGCAAGGGAGATCCGGGTGTCCGCGGGCCCGACGCTGCCGAAGTGATCTACGCCAGACCGGCGCGCAACTGCGCGGCCGCGGCCGCGGGGTCGTCGGCGGCGGTGATCGCGCGCACCACCACCGCGCGACGGGCACCGGCGTCGCGGACCTCGGGCAGCCGCGCGGAGTCGATGCCGCCGATGGCGAACCACGGCTTGGATACACCTGCGACCTCGCGCACCAGACCGAGCCCGGGGGCTGCGCGCCCGGGTTTGGTCGGGGTCGGCCAGCACGGACCGACGCAGAAATAGTCGACGGCGTCGTCGGCGATCGCCGCGTGGGCCTGGTCGGGATCGTGGGTGGAGACCCCGACGATCACGTCGTCGCCGACGATGCGCCGCGCCTGCTCAGGCCGCAGATCACCCTGACCGAGATGCAGGACGTCGGCGCCGGCGAGCAGCGCGATGTCGGCCCGATCGTTGACCGACAGCAACGCCCCGTGTGCGTCGACGACGCCGCGCATCTCCGCCAGGATCGCCAACTCCTCACCGGCCTCGAGAGCCCCGAACTCCCGCTCACCGGGAGATCCCTTGTCGCGCAACTGGATGAGGTCGACACCACCGGCCAAGGCGGCGTCGACGAACTCCAGTAGATCTCCGCGTTCGCGTCGGGCGTCGGTGCACAGGTAGAGCCGCGCGGCACGCAGACGTGCCCGCCGTGGATCGTCGGTGGGGTCGCCGTCGCGCGCAATCCGGTTCTCTCGGGGCATGTCTCACAGGCTAGGGCACGGGCGTACCCGCACCCATCGCCGCGCTGTTAGGGTGGAGGACACGACACGGGAGTCCGGGGTACGCCGGGCTGAGAGTGCGGGACGCCCCCGCTGACCGTCACACCTGATCCGGATCATGCCGGCGAAGGAAGGACTGCAGAGCATGAGCACCCGAGCATGACCCCCGCCGACCGCACGGACACCGCGGGCGGCGCACGCCGCACCCTCGCCGTCGTCGGCGGCGGAATCATCGGGTTGACCTGCGCACTTGCCGCCGCCGATGCGGGCTGGCAGGTCACCGTCGTCGACGCCGGCCGAAACCGGCGCGCGGCGTGGGTGGCCGGCGGGATGCTGGGCTCCCTCGGCGAGGGCCACCCCGGTGAGGATGCGTTGCTCGCGATCTCCGAGCGGTCGGTCCGCCGATGGCCGGCGTTCATCGAGCGACTCGGCGACCCGCGGATCGCCACCGCCGCCGACTCGCTGTTCGTCGCGACGACCACCGCCGACGCGGCCTACCTGACCCAACTCGCCGACTTCGTGTGGTCGACCCGCCCGCACGCCGTGGATCGGCTCAGCCGCATCGACGCCGCCGGGGTCCGGGCACGGGAACGGGCGATCGGCGCGCGGGTGCGCGGCGGCTATCTCGCGACAGGCGAAGGGGCCGTGGACAATCGGCGACTGCTCGCCGCCCTCGAGTCCGCGTTGGTCGCCGCCGGTGGCCGCATCGGCACGGGCCGGGTGACCGATCTCGCCGACCTCGACGACGCCGATCAGATCCTGCTCGCGGCGGGCGCCGGGCTGGCCGATCTGTGGCCCGCAGCGCCGATCCATCTCGCCAAGGGTGAGGTGCTGCGGCTGCGCGCCGACCGCATGACGGTGCCACCTCCACGTCATGTGATCCGGGCGCGGGTCGACGGGCGCATGGTGTATCTGGTGCCCCGTCACGACGGAATCGTGGTCGGCGCAACCCAATACGAGGGTGACATCGAGGAGTGGCGCTCGGGCGAGCCGCTGCCGCAGGCCGTCGGCGTCGCCGAGTTGCTCGCCGACGCGATCGAGGTCTTCCCCGGTGCCCGCGATTATGCGCTCGTCGAGGCGACAGCGGGATTTCGCCCGTGTTCACCCGACGGATTGCCGATCATCGAGCGGCTCGACGAGCGGACCGTCGTCGCCGGCGGCCATGGGCGCAACGGAATCATGTTGGCGCCGTACACCTCCGAGGTGTTCCTGGAGTTACTCGCCGACGACGGGGCGCTCGTCGGCGTGCGCGAGGAGAGGAGTACGACATGACGATCACGGTCAACGGTGCCGACGGCCCGCTTCGTCCGGGTGGTTCGGTGCGCGACCTGTTGACATCGATGGGTTTGCCGGACAAGGGGATCGCGGTGGCCGTCAACGGCACGGTGGTCCCGCGCAGCCGATGGGACACCGTCCTCGACGACGGTGCCACCGTGGAGGTCGTGACGGCGGTGCAAGGTGGCTAGTACCACGAAGGTGGCGCCGACCGACGGTTCACCGGACACCGATGTCCTGCGGATCGCCGACCGCGAGTTCACGTCCCGACTGATCATGGGTACGGGCGGGGCGAGCACCCTCGACGTGTTGTCACGTGCACTGGTGGCCTCCGGTACCGAGCTGACGACCGTCGCGATGCGGCGGGTCGACGCCGGTAGCACGACCGGCGTCCTGGATGTGTTGCGGCGCCTGGGGATCGCGCCCCTGCCGAACACCGCGGGCAGCCGCACCGCGGCCGAGGCGGTCCTGACCGCGCAACTGGCCCGAGAGGCGTTGGAGACGTCATGGGTGAAGCTCGAGGTGGTCGCCGACGACCGCACGCTGCTCCCCGACCCCGTCGAACTGCTCGACGGCGCAGCGCAGTTGGTCGACGACGGCTTCACGGTGCTCGCCTACACCAACGACGATCCGGTGCTCGCGGCGCGACTCGAGGATCTCGGGGTCGCCGCGGTGATGCCGCTGGGTTCGCCCATCGGCACCGGGCTGGGAATCCGCAATCCGCACAACATCGAGATGATCGTGTCGGCCGCCGGGGTACCGGTGGTCCTCGACGCGGGCATCGGCACGGCCAGTGACGCCGCGTTGGCAATGGAACTCGGTTGCGACGCAGT
NZ_CP116236.1_gap22	685026	689382	4356	TCGGCGTCGCAGAATTCGTTCTCGTTCGGGGACATCTCCAGACGCGCCTCGTCGTCGAACTCTTCTGCGCCGTAGTCCTCCTCGTCGAAATCCTCACGGCCGCGGCGCCATCCGCCCTTCATCGGTGGTGCCTCGCCGAAGTGGTCGGGATCACCGGATCCGTACCAGGCGACGAGAACGGCACCGACGACGGCGCCGATGAAGCCGACGACGGCCAGCCACCCCAGGCCGGGCTTGGCGGTGTCGCCGAGGAACAGCACTCCGACGAGGCTCGGTCCCGCGGTCTCGCCGACCACGAGCACCGCGGTCACCCCGTTGACCGCCCCGAGCTGCAGGGCGACGGTTTGCACGAAGAACCCGCAGGCACCGGCGACCGCGATGGTCCACGCGGCCGGGTCGAGCAGCAGAACCTTCAGGTCGAAGGGGTGCACGCCGTCGAGGATGCGGACGGCGATCGCGATCACACCGAAGAGCAGACCGGCCATCGCGCCACCGACGATCGCGCCGTGGCGTCCGAGCCGGTACACACCGAGCAGTGCCAGAGCCGACAACAGGATCGTCGCCCCGAACAGACCCCAGTGGATGGTGTCGGCCTGGCCCTCGCCGGTGGTGTGTGAGGAGGAGAAGCCGAGCAGGCACAGCGAGAACACGACCAGCCAGATGGCGATCCAGTCGCGGGTGTGCAACGCGATGTTGAGCATGATCGTGCCGAGCAACGCCGTCACGACGAGATTCGCCGAGACGATGGTCTGCGACAGGAACAGCGGGAGGAACCGCGCGGCGACCGCACCGCCGGCGAATCCGACGATCACCATGACGGTGCCGAGGATGAAGGAGGGGTCGACGAGGGTCGACATGGTCGACTGCAGTGACGGGCCGCCCGCGGCATTGGTGCCGACGACGCCGTCCTCGCGTTCGGTCTGCGCGACCCGGCGCGCTCCGAGCGCTCGGAGCACCGTCGACATGCCGTAGGCAACGGCGGCCAGCGATGCCGAGATGACGCCGATCACGAACAGCATCGCCGCACCCCTTCCGCCCGACCGAACGTAGCCAACCTAACAATCCAGAGAATCCCAACGATGACCGCGGGTCCGCTATTCCATGTAATCCGCCTCCGCCCGCTCAATGCAATCGATTTGTACCCTTTGCCCGACTGTCGTCCCCTGGATCGGCGGCGTAGCGGTGTGAGGTGAGTATGCGGCAGGGGTCCGACAAACCACGGCGGCCCGGCAGCCGTCGCAGACGCCGGGGCGAGCACGCCTACACTCGCCCCGTGGCCTTCTCCGGTAAGCACATCCTGATCACCTTCGGCCGGTCCTTTCTCAGCCTGAACCTGGCGCGCCTGCTCGCGGCGGCCGGGCATCGGGTCACCACCGTCGACTCGATCCCGGTGGCGCTGACCCGGGTCTCGAAGGCCGTCGACTCGTTCCACCTTGTCCCGCCGCCCAAGTTCAAGCCGCAGGAATACTGCCGTGAACTGGCCAGGATCGTCGTCGACGAACACGTCGACATGGTGATCCCGATCCACGAAGAGACCGACATCCTGTCGATGATGCGGGGACTGTTCCCACCTGACTGCGAGCTCTTCCTGTCCGATTTCGAACTCGAGAATCGGTTGCACAACAAGTACGACTTCCAGGAGATGCTCGTCGAGCACGGCCTCGACACCCTGAAGTTCGCGCGGCTCGACGGTCCGGAGGACATCGACAAGCTCGATTTCACCGGCCCCTTCGCGGTCAAGAAGTGCTACTCGCGCGGCTCGCAGAAGGTGCACAAGGTGTATCCGGGCGATCGGATGGAGTGGCTCGATCACGATCCGAGTAATCCGTGGCTCGCGCAGGAGTGGCTGACCGGCGATCGCTACTGCACGTACTCGGTGGTGCGGGAGGGCAAGATCTTCGCGCACGCGACCTACCCCGTCGAGTACGCGATCGGTGGCAGCTCGTGCCTGTCCTTCGTCTCGGCGCAGCACCAGCCGATCTTCGACTGGGTCGAGAAGTTCCTCGCCGACACCGATTTCACCGGGCAGGTCGGCTTCGACTTCATCGACCACCCGGAAAAGGGGCTGTACTGCATCGAATGCAATCCGCGTGCCACCAGCGGGATCATGATGTTCCGGCCGCACAATCGCGTCGATGAGGCGTTCTTCGGTGAGAACGACGAATTGATCGTCCCCGATGACGACGTGCACACCATGATCAAGGTCGGCATGACGATCTTCGGGTGGCGTGAGGATGCGCGGCAGGGACGAACCATGCGGCAGTACTTCCGGGACCTGCGCGGATTCGACGACGTCATCGGTGTGCGCGGAGACCGGCTGCCGGGTTACGCGCTTCCCGTCGCCTACCTCGGAATCGTGCGCAGCTGCCTGAAGTACCGGGTCGGCCTCGCGGAGGGCTTCATGCACGACCACGAGTGGGACGGGCACGTCATCTGAGGTCCGGCGGTATCCGACACCCGGCGGTGCTCGGCGCGCCGAATCGGCGGCGCTGTGTTTTTGTGTTCCGGTGACCATCCATCTCGGCCATCTGATCCACATCACCGGTGCCCCGACGCTGCAGGAGGCCCCCGCGGCGTTGGTCGACATCGCCGACGGCGCACTGGTGATCGACGACGCGACCGGCATCATCGTCTACAGCGGTCCGCGCGCCGGCCTGCCCGAGGACGCCGACGGCGTCACCGTCGACCATGGTGACGCCTACCTGATCCCGGGATTCGTCGACGCCCACATCCACTTCCCGCAGACCTATTCGCTCGACGCCTACGGGGGTGGGCAATTACTGGAGTGGTTGAGCACCTGCATCTTTCCCGCCGAGGCCCGGCTCGCCGACCCGAAGTTCGCACAGCGGATCGCCCGTGACTTCACCGCACGACGGATCGCCACCGGCACAACCGCGGCCATGGTGTTCGGGTCGGCGTTCGGCCACGCCCAGGACGCGTTGTTCACCGAGACCGCCCGGGTGGGGCTGCGACTGGTCAGTGGACGTGGAATCCAAACGGTCGGACCGGATTCCGCCGAGCCGCTGCTCACCTCCGAGGCCGACGCCATCGCCCTGACCCGCGCGGAGATCGAACGCTGGCATGGTGCCGATACCGGCGACCCGTCAACGTCGTTGTTGCACACAGCGATCGTGCCGCGGTTCACGTTGTCGGTGACCACCCAGACGTTGCGGGCACTGGGTGAGTTGTATGCGGAGGTGGCCGATACCGGGGTGTATGTCCACACCCACCTCAACGAGAACAATCGGCCGGGCACCGGTGAGATCGATTCGGTGAAACAGCTTTTCGAGGTTGACACCTACCTCGACACCTACGACGGGAAGTTCCTGCCGGGCTCGGCACACGGCGGAGAGAGTCTGCTGGGACGTCGCACGATCCTGGCGCACGCCGTGCACTGCACCGACGCCGAACTGGATCGGATGGCGCAGACCGGCTCGTCGATCGCGCACTGCCCGACCTCGCAGCTGTTTCTCGGATCGGGCACGATGCCGTGGCGCAGAACTGTCGGTTCCGGGGTGACCGTGGCGGCCGGAAGTGATTGCGGTGCAGGCGATGAGTGGCTGATCTCCCGCGTGCTCTCCGATGCGTTCAAGGTGCACATCTCCGAGCCGGGAGACGCGGGTGTGTCGATCCATCCGGCGCAGTTGTTGTTCACCGGAACGCTGGCCGGCGCGCGAGCTCTCGACGCCGAGGATCGGTTCGGCAACCTCGACGTCGGCAAGGAGGCCGACTTCCTGGTGATCGAGCCGTGGCGATGGCCGCCGCTGGAAGTGGTCCTTGCGAACGGGATTCGGGCCGACGACGCCGATCTGGCCCGCGAACAGGAGTTGTTCGCGTTGTTGATGGCGCTGCGTGAACCGGCGATCGCCGAGGTCTACGTCCGCGGCCAGCGGGTGAGCCCGGACGAGGGGTGAGCCCGGATAAGGGACCCCCGGCCGGTCGTGAATCAGCGGGCGGGAAGGGTGTCCGCGGGGACGGCGTCGTCGGAGTGCCCTGCAGATGGGGCGGTAACCCCGGACTGGGCGATGATGCCGACGAGTGCACCGATCCCCGCGGCGCAGGCCACGAGTACGAGCACTGCGGCGAGTGCGAGAAATTCCATGTTGGTCATGTGTTCCCATTGTCCGTGGCGAGGCCGTCACGTCCACTCACCAGCGCATAAGGTGTCCACACTCACCTGTCCGCCGCGGGTGTGATCTGGCGCGGATCGGCCCGTTTCGCTTCTCGGTATTCCAAGCTGAATGCGGCCGATCATGCCGAGTTCGTCGCCGCGATCGAGCGCGGGACGGTCTCGGCGATTGCCGAGTACTGAACTCGCACAGCGGCTCTCGTGAAGTATCTCCGCTGAGACACCGC
NZ_CP116236.1_gap23	691859	696693	4834	GTCGACGAGTACGGCGTCATCGGCGCGGATGGCGCTGCGCCGATGCAGGTGGGCACCGACCAGCCACATCGAGGCGATCGCCAGAACCACGCCCACCAGGGTCTCCAGGAAACGATCGCGGACCGGGACGGTGATGTCGGCCGACGGGGTGCCCATGAGCATCGCCAGCGGCGTGATGAAGGTGACCGCCACCGCGTAGTTGCCGACGATCGTCAGCTCGATCAGCACATTGAGCACGGCGATGACGACGATGAGCGCGGGAACGCCGAGATCGAGCAGATGGAGGGCTGCGAAGACCGCAAGTCCGACGACGGTGCCGGCCAGCCGGTGAGCGCCGCGGATGACCCCGCGAATCCGATCGGGTCCCAACTGCAGGACGAGTACCGCGCCGAGGATCGCCCAGTCCGGCCGGGTGAGGCCGACGACGACCGAGATCGCGCCTGCGCAGAACGCCGAGACGATCACCCGGCCGGTGGTGATCTGGGCGTGGCTGAACGGGGCCGTGGCCATGCGCAGGCGGTGAGCGACCGTCGGACGACCCAGCGGCGGGGAGATCGCCAGCGGGTCGCGAGCTCCGTGCAGCCGATGCATCGACTGCCAGAGCTGTTGTGCCAAAGCGGTATTCGTCGCCGCTGCGTCGTGCAGCACGGTCCACGCATGCAGCGTCGACAGGGCGACGCCGTGCCGTCGGGCGCGATCGGCGCCACGATTGCCGTCCAGGTAGTCCTCCACCGCCGCCATCGCGGCAAGGGTCGCCGAGTCTCCGGGCCGTGGGGACGCCACAGGCCGGGCGCCATCGCCACGATCAGGGAGCCGACGCCACCGGCGGTGGTGGCGACGACGAGCGGACCGAGATCGACGCCGTGGCGCGTCACCACGGACGCGACCGCCGCGGTGAGTACGAAGAAGAACGGACCGGGTGGTCCGAGGCGCAGCGCATTGACCCCGAAGGTGACCAGCGCTGCACCGCAGACCAGTAGTGCGACGATCACCAGATCCTCGGATGTTGATGCATCGGGTCCGGCCCACGCACCGAGCGCGCCGTATCCCGCGGACGCCGCCACCAGCAGGACTGCCGCGGTGAGCACCGCCCGCCACCGAACCCGGTAGGGGCGCTTTTCGCCGTACAGAGCCGCGAACCCGCCGAGGGCCGCGAGAAGTGCATCCCGCTCGAAACCCACGAGATACAGCGCCGCGGCGGGTATCGCGAATGCCAACCCGGCCCGCAGCGCCGCAGCCCATCGCCCGCGGATGTCGGGGACGGCGAAGAACGCGCGTCTGATCGACGGACGCGGGGGTGGCGCGGGGCGGGGGTCGGCGTGGGGCATCGCCGACTCACTCTAGAGCGCACGATCGCTGCGGTCACCGGCGATCAGCAGCACGAGGACAGCCGCCTCCCAACATCGGCTCATACGGTTGGCTCCAGTCGATCGCCGCTTCGAGTCGATCGCCGATGACATCAATCCCGAAGGAGTCGAGAGTCCCCATGCGTAAACACATCCGCCGCCCGGTGTTCCGTCGACTGTCCATAGGTGTGGTCGGTGTCGGCATCGTCACCGCCGCCGCATCCGGTGGCGTGGCCACGGCCGCGCCACCGGCCCCTGCTCCTGTCACCGCGCCGATCACTGCGCCTGTCGTTCAGAAGTAGAGCGCGGGTCGCGAGGCCTCTTCCGGTGGTCGCGAACCTTTCTCCCGGTGGTCGAGCTACCCGCCCTACCCGGTGGTCGTGACCCCTTCTCCCGGTGGTCGAGCTACCCGCCCTACCCGGTGGTCGTGACCCCTTCTCCCGGTGGTCGAGCTACCCGCCCTACCCGATGGTCGTGACCCCTTCCGATGGTCGAGGTGCACGGCGCCCCCGGCGCCGGGCCTCGAGACCCGGTGAGACAACAAGCGTCCCAACCACATCGAAAGCAAGCCCGACGAAAACCGCATCACCTACCACACCCCACCGACAGAAAATCGTCGCCGAAACACGTTGTCCACAAGCAGAATTGATCAAAACAACTCTTGCGTCGAACACCCTGGCGATGTAGACTGGACCCATCACACCGATCAGCCACCGGGGAGGGGCCCATGATCGACACCACCGAAGCTCTTGACGCCGAAGCTCTTGACGCCGAAGCGGTTTTCGCCGACATCGTCAGCCAACTCAGCGACCTGCAATGGAATCCGGGCATGACCGGGCCGCAAGCTTTCGGTGCGATGAAACAAGTACTGCTGCTCCGGAATCTGGTTGATCACCACGCCACCACCCTCACCGGCGAACTGGATCGCCTGGGAGTGGCCGACCACAAGACCACCCGACTTCGGGAGTTGTTGATCAGCATGGGTTTCGCACCGGCCGTCGCAGGTCGGTATGTGCGGATCTCGGCCACCACCGATGTGGATCTGTTGTTGGCGCATGCTGCGGATGGGTCCATCTCGTCCGAACACGCCGATGCCATCGTGCGCGGATTGGCGCACATCGATACCCGATGCCCCGAACCTATGGACACCGTGCAGCGGTGTGAATTCCTGCGGAAACTCTTGTCGCACTACTTCGCCGGATTCACCCCCGCCGAGATCAACACCTACGCGCGGCAGTTGGGGAACGAGTTGGCGGCCGAAACGCCCGGTGGCTTGCCTGCTGCGGAGGACAAGACGATCAACAGCTACACCGACCGCATCACCGACGACGGACGGTTGGAAATCTCGGCGAACCTCGACATCATCGCCGGGGAGAAAACCAGAACTCTGATGGAAGCGCTGTCGGCGCCCAAGCCTCAACCCGACGGATCCCCGGATCCGCGAACACCCGAACAAATCTGCGCCGCCGCATTCGAAACGATCGTGGAGTTGGCGGCACAAGGACTAGCGGACACCACCTTCTCGGCGAAACCGACCAACGGCCTGTTGTGGACCTGGTCAGCGGACAACCCCGCACTCGGCGGCGACTTGCAGAACATGGGTGCCATCACCGCAGCCACCGCCAAACTATTGTCGTGTGACACCACGATCACCAAGATCATGCTCGATCCCAACGGGGTACCGCTCAGTGCGGTGCACACGCCGGACGCTGCCAAGGACACCATGTGCACCACTGGGCTGATGGTGGTCCCACCGACCTCGACAACGGCTGCCTCCTCTGCAGCAGCTGCCACGACGATGTGCACCACCACGGCTGGGACATCATCATCGGCTTCGACCGACACCCCTGGCTGATCCCACCCGCCAGCGTGGATCCGAAACGACGACCGATACCGTCGTATCACCGACGCACCATGAGACTCGACGACGCAGCAGCCTGACCCGAAGCGCCTCTACTACAGCCTGATTCCCCGCACCCGGCCCGGCCGGGACCGCATCTGTTGTTTGAGAACTCCATAGAGAATTCCCCACCCCCGATGGTCGAGGTGTCGTGCCCGTGGCCCGGAATCCCGTCGGCACAAGAGGTCTCGAGGCCCGGCGCCAGGGGCGCCGTGCACCTCGACCATCGGATGGGAACGGCCCGAGCATCATTGATCGACGGTCGAGGCGTGAGGCCCGTCGCTGGCGCTCCTCGGCACCTCGACCAACCTCGATCAGCGGGTGGGGAGGGCCATCGGGTGGGGAGGGTCTGAGTACCCGATCATCGGGCGGGAAAGCGTCAGCATCCTTCGACGGCGAGTTGTCTTCCCCCCGATGGTCGAGGTGCGAGCCGCGTGCGGCGAGCCTCGAGACCACCTGCGCCGGTGCTGGATTCGAATCACACCAGGTCCGGATACGTACCGTGGCGGGCACGCAGTCATCGGGAGGTGCGGTTTGTGTGCTCGTGGCCGGGTACGTCTCGATCAGGGTGCGGGCAGGGCGACCGGTCGCGGCTCCCGCAGTCGGCCGTGAAGAGCGGTCAGCAGACCGGCGATGACGTCGTCGGCGACCGGGCGAGCTGGGTGGCGCACGCGCAATTCGAGACCGCTGTCGGAACGGGTGAACCAGAACTGTGCCGTGTCGGTCGACGTCACTGCCGAGATGTGTTGTGCGCCGGAAAGCGCAGGCCCGAACTTGCGATAGTCCAGGTACGACACCATGAAGATGTCCTCGGTGGGCAGATGCGGACGACACTGCGTCAGAACGTGGTCGAGAGGTAGGCCGGCCAACTCCGAGGCGTGACGTAACCACGTGGTGGCACTGTTCGGGTCGCCGGCATTCACGACGACCGGGGCGTTGGACACCAGCCACCCGGCCGTGGAATGCCACCCGGATGTCCGAGGTCCCCGGGTGTGTATCGGTATCAGCGTCGCCAGGCGCTCCGGACCACCCACGTCGGCGACCGCGGCGGCCAGTGCCGACAGGATCGTCGCAAACGACGAATCCGGCAGCAAATCAGTGCATTCGGAGTCATCGAGCAACGGAACGACGACAGTTCGTTGTGGTGCGCGGCCGGCACCGAGGCGCAGAGGAAACGCCGGAACGGCACCCTCGGTGAGAGCGAAGAAGTCGTGCCACACCTGCATGAGCCGCGTTGAGTCCGCGTCGTCGCAGCGGTTCGGTGACGACGCTGCGGCAGCGTCGGTCAGACAGCGATCGGCATAGCTGAGTGTCGGACGCCGCGGCGTCGTCGGGTCGATGTAGTACTCGCACAAGCGGCGGAGGACCAGGTCGATGGTGATCGCGTCGGCGTGCGCATGGTCGAACGCGCAGATCACCGTGTCGTCGAGGATTCCGAAGAAGACGCCGGGAACATTGCCGGCACGGCAACGCTTCGTGAGCAAGGACTCCACGAAACCGTGCCACACCCGCCCGACCACCCTGGGGCGGACCTGCAACTGCGTTGCGTCGAAAACGTCTTGCGTCGGGACCACCGACACGGTGAAGG
NZ_CP116236.1_gap24	702637	704160	1523	ATCGTCGAGTACGGCGACCGCATCACCATGACGGTCGCCGGTTTCGTGCCCGAATACCACGGCGACAGTGCACAACTCGCGGCAGTAGTCGGCGACGAGTTGTCCGCCTGGGGTCTCCCGCACAGGTTCTGGTGACATCAGCGGTGATCCACACAACGATGCGTACCGGCGCGCCCGACGCCGCGCACCTGGTCTTTCTGCTCTACGGCAGCCGAGGCGACGTCCAGCCGGGCCTGTGTCTGGCTCTGGAATCGGCACGCCGCGGACACCGTGTCACCGTGGCGGTTCCGCCCAATCTGGTGCCGTTGGCCACCGCGGCCGGGGTCGGGGAGGTGGTGCCGATCGGCGCCGACACCGATCGGCAATGGACCTCGGACGAGGCACTCGACGCCCAACGATCGGCACATCCGTTGCGTAAGGCGAAGTTCGCGATCGACACCGCACGCGCGGGCATCGCGGCGTTCGACGACGCGATGATGACGACATTTCTGGGCGACGATCCCACGATCACCGGCGTCGACGCCCTCATCGCCGCACCGCTGTGTCAGGCCCGAGGGCTGGCCGTGGCCGAGCGACTCGGTGTGCCGCTGACGGTGCTGCGGTATGCGCCGATGTCGGAGAACGCCCTGATCGGGCCGATTCCCGGGGTCACCGACGGGTGGACTCCGCAGTGGACGCGCCGGGCGTGGCGAATTCACGATGGCGCGGTGTGGTCGGTGATGAGGCACGGCGAGAACCGCTTTCGACAACGAGCAGGACTACGCCCCGTTCGCACGTCGTGTGCGCAGCGCCTGAATCTCGCGCAGATCCCCCAGATCCAGGCCTACGATCCGGGCATCGTGCCCGGCCTCGCCGAACAATGGCGGACGGGACCGTCGATCAAACCGGTGGTCGGGTTCCTCGATCTGCCCTCCCATGCGCGTGCGACGCTCGACGAAACCTCCGGAGCCGATGCCGATCTGGTGCGGTGGCTCGACGCCGGGGAGCCGCCGTTGTTCGTGGGCTTCGGGTCGATGCCGATCGCCGATCCGGCGGCGACGCGCGCGATGATCGCCACGGCCGCCCGGCGCCACGGCATGAGATGCGTATTCGCCTTCGGTGGTCGGTCGGGGGCGCAGGGTGTTTCCTCGGATTCCGGAGTGTCATCCGACGCCGACGAATCGTCCGATAGCTACGACGTGGCCGCGGTGAATCATTCATGGCTGCTGCCGCGGTGTTCTGCAGTGGTGCATCACGGGGGCGCCGGAACCACCGCAGCCGGTCTGCGTGCCGGCATCCCGGCGATCGTGTACTCGTTCACCGCCGAACAGCCGTTCTGGGCCGGCCGGATCGCCGACCTCGGGCTGGGCACCGGGCGGCGCTTCACCCGGCTCACCATCGAGACGATGTTCGACGACCTGACGGTTGCGCGCAGCGAGTCCGTCCGCACCGCCGCAGCCACATTCGCGGCGACGATGATCAGTTCGGATCGTGCGGTGCGCACCGCCGCCGACATCGTCGACGCGCGCCTGCTGCAGGGAGTT
NZ_CP116236.1_gap25	706039	710357	4318	GTGACCACCGACGCGGTGATCGCCACCGAGACCAGCACGCCCGGCACCAGCTGGGGCAGATAGGCATCCACGCTGCCGGCGATGGCGCCCCCGAAGATGTTGGCGAACATCACGGTGAACACGATCGGGATGACGATCACGTCGAACAGTTGTTGCGGAGTGTGCTCGAGCCGCAACAGGCCTCGGCGCGCCATGGTGATGGTGTCCCGAATGGCCTTGCCGATACCGATGTGGTCGACGGGGGTGCCCAGGTGCAGTCCTGGGGTGGGGATTCCGGTGGCGGCGCTCAATTGGCCACCTCCGGTGGCGGCGCTCAATTGGCCACCTCCGGTGGCGGCGCTCATGCGGCCACCCCCGTGGACGGTCCGGCGGTGAGGGAGAAGAACACGTCGTCGAGGCTGGGTCGTCGCACCGAGACCTCCCCGACACCGATGCCCGCGCCGTCGAGCGCAACGACCGCACGAGCCGCGGCAGACGGATCGGTGATCGCGGCGATGAGCTGTCCGTTCTCGGGGGTGGTGGTGACCGCCGTGTCGAGAGCGGTGCGCAGCACCTCGCGCGCCTCAGAGAGGTGTACCGGGTCGACGGTGATCTCCAACGAGCGGTCGCCGACACGATCCTTGAGGGTGTCGGCGTCTCCGGAGGCGATGACGCGGCCCTTGTCGATGACGACCAGGGAATCCGAGAGCTGGTCGGCCTCATCGAGATATTGCGTGGTGAGCAGGACGGTACTACCCTGCGCGACCAGGTCGCGGACACTGGTCCAGACCTGGGTGCGGGTGGTCGGGTCGAGCCCGGTGGTCGGCTCGTCGAGGAACAGCAGTGCCGGGGTGCGGATCATCGACGCCGCGAGATCGATGCGCCGCCGCATGCCACCGGAGAATCCGCTGACGGGACGTCGCGCGGCCGCACTGAGCCCGAACCGGTCGATGAGATCGGTGGCGCGCGTGCGTGCGGCCCGGCCGCTGTATCCCAGCAACCGCGCGAACAACTCGAGGTTCTCCGCGGCGGTGAGATCCTCGTCGACCGAGGCGTATTGGCCGGTGAGTGCGATGAGCGACCGCACCGCGGTGGCCTGGGCGACCACATCCCGGCCGAAGATCGTCGCGCGTCCGGCGTCGGGGCGGATCAGCGTCGCGAGCATGCGCACGGTGGTCGTCTTGCCTGCGCCGTTGGGGCCCAGGACGCCCAGGATGGTTCCGCGCGGCACGGTGAACGACACGTCGTCGACCGCGACGACGCCACCGAAGGTCTTGCGCAGGTGGTCGGCGTGGATCGCGGTGTCGGGAAGCGTGTCGGCGTGGTGGGTGCTGTCGGCGAGCATGGTGTCGAGACTGCCCGACGCCGCTTTCATTTCGCTTTCACGTGCCCCTCAGCGCAGGACGGTGAGCAGCGCGGTGCGCCGTGAGCGTGGGCCGTCGCCGAGATCGATGACGGAGAAGTCGCGCCGGTAGCGGGCGCCCCGAGCGGCAGCGGCGAGGGCATCGGAGGACACCCGGTCGGTGACGAGGGCCACCGCGGCCGCCGCGGCGCCCAAGGCCGGCAGATTGGTGGCCGGCGCTGCGGCCAAGTGCGACAACGAGACCCGCAGCGACTCGGCGGCCAGGCGTGCGGCGACGACCTCGCCGGTCCGCTGCAGGATCACCGCGCGCACACCGTGCAGATAGGCACAGTGGGCATCGGTGGGCGGCCCGACGATCTCGATGGCGCGTTCGGCGGATCGGCGGGCTCCCGACGGGTCGTCGGCGACCAGCAGATCGGCGAGCGCGGCGTGGGCGGTCGCGACGAACGCTTTCGGCGAGTCACCGGAATCGCGCAGACAGGTCTCGAGCAACTCGACCGCGACATCCGGTGCGGAGACCGACAAGGCGACCGCCTGATGAACCCGGGTGCGGGAACTCTCCTCCTGAAAGCCCAGGGCGGCATGGTCATCCGCGGCGCGAGCGAACAGCGTTGCGGCACCCGCACGGTCGCCGAGGAGCAGGTGGCCGCGGCCGAGACGGTGCCGTGCCGCGGCGGTCAACCACGGATGCCCGGCGCGTTCGGCGGCGACGACCGCCCGCAGCGCCGACCGCCGGGACATCGACGGCGCAGCAGCGAACTCGGCGACGTCGGAACGCGCGATCTCCGCGACGGCGGCCACCACCGGGTTCGGAGACCGCGATGCCCGCGCGAGGACGTGCGCGAGCCGTCGGGGCGAGCCGCTGACGGCCTCGACCAGCGGGGCGAGGTGCTCGGGGGGCGCGTGCCGCCGAGCCGTCCGGCGCAATGCGGCACGGGCCCGGCCGGCTGCCCGATACCTGCCGAGAGCAATGAGATAGCCGGTGGCGCAGAGGAGTCCGGGAATCTCGGCCGAGTTGCCGCAGTCGGGGTTGCCGCAGTCGGGGTCGCCGCAGCCCGCGACGGCTGCCTCGGCGAGGTCGCCGAGGTTCGGGTGTCCGCCGGTGCGCACCACCCGCCACAGGGTGATCGGCAGCAGCCGGGCGGGCGCCCCGGGGTCCGCCGGGTCGGGGTCGCCGACGGCGGAGTCGAGGATCGCGAGCACCGCGTCGGTGGTCTCGTCGAGCCGCGCGAAGGCCTTGATGATGTCGGTGCCCAACAGTGCTCCCGCGACGTCGGTCACGAGTCTGCTCGCCCAGTCGACCTTCTCGCGACGCAGTGCGGCCTCGCGCGCCGGATCGGCAGCGGTGCGGGCTCGCGCGAATTCCCGGACCGTCTCGGTGAGTCGATACCGGGTCGCCCCGTCGGGATGGTCGACCACGACGGCGAGCGAATGATTGCAGACCTCGGCCAGTGATCGCTCGGTCACCTCGGTGAACATCAGGGCGTCGTCGAGGCGGACATCACCGGGAAGCGAGGCGAGTACCTCCAGCGTGCGCTGTGCACTGTCGGGCAACAATTCCCAACTCGTCGAGACGATCTCGGACAAGGAGCGTCGGTGTCCGCCGCCGGTCGGGGTGAGGAGTTCGAAACGGGAATCGACACGATCGAGGAGGTCGCGCGGCGACAGGTGCCGCAACTGTGCGGCCGCGAGTTCGATGGCCAGCGGTGAACCGTCCAGGCGTGTGCACAGCTCGCCGAACACCGCGACGTCGGTCGGTATCCCCGGTCGTAGTGCGCGAATCCGCCGCTCGAACAGTGTGGCGCCACGCTCGGGTGTCAACGGCGATACCGTGAGGACCCTCTCATCGACCAGGCCGAGTCCGATGCGGCTGGTGGCCACGATGGTGAGATCGTTACGTCGGGAACGGATGTCGGTGATCAGATCGACAACGAAGTCAACCAGATGCTCGCAGCCGTCGAGCACGATCACCGCGCCGGCGGCGGCCAGGTGTGCCAGGGCGGCGCCGGCAATGCCGGCCGCGGACACCGAAGTAGCGGTTGGTGCAGCAGCGGTGGCCTGCTCGGGCAGCGCACCGCGGCCGAGCGCCGCCGCCACCGCCGCACGCACGTCATCGGGGGCACGCGCGGCGGACAGATCCACGAAGACATTCATCGGGGCATGGACGGCGATGTACTCGGTGATCAAACGCGTCTTGCCGATCCCGCCGGGACCCAGCACCGTCACCACCGACGACTCACGCAGCGCCACAGCCAACTGCGTCATCATCTCGGCATCGGCGAGGTACTCGTCGGAGGGGGGTGGGGGAGTCCGTGGCAGCGGTGCGTAGGTGAGCGCGGCGCTGTGGGCCGCCGCCAGTTCGGGTCCGGGGTCGGCGCCGAGCGATTCGGCGAGCCCGGCGACGATCCGGGCGTGGATCTGCAAGGCGGCGTTGGGGTCTCCGGCAGCAAGGAGGGCCCGCATGTGTACCGCCGCGAGATGCTCGTCGAGTGGTCGGCGCTCGCGCGCAGTCGCCAACTCGGTGGCCACGATCTGCGGTTCGGTGCGCAACCGGTGGCGCCAGTCGGCCTCCTGCAGTGCACGATATGCGCGTTCGGTGCGCGCGGCGAGCCGTTCGCGCAGTTCGCCGTCCGGGAGGTCGGTGCCCGGCTCGCCACGCCAATTCTGCAGCTCGGCAGCGTATCCGGTGTCGGATGACTGTGTTGACCGTGAGAGAGCCTCGGCGAGGGTGAGATCCGACACCGGTCCGTCGACGACGAGGCGATATCCCGCCGCCGACCCGGCAATCGTCCCGGCGCCGAGAATCCTTCGGAGACGCGAAATCTGGGTCTGGACCGCCCCGTTCGGGTTCTGGGGAGGCCGGTCCGGCCAGGCGTCGGCGACGAGCGCGTCGATGCCGACGGGTCGCGGGTGAGACAGGACGAGTGACACCAGCAGGCTGCGCGCCCGCCCCGAGGTGACCGGCGTCGGCTCGCC
NZ_CP116236.1_gap26	713832	716310	2478	GCAGGGTCTCGCCGAGGGTGTCGCCGAACCCGGCTCCCGAGCTGTGCTCGCGGAACACCAGCGTCGCCAGCGAGCCGAGCAGCGCAAGACCGAGCGCGGTGCCCAGCTCGAAGCTCGTCTCGGAGATGCCGGAGGCCGCACCCGACCGTTCGGGCGGAACCGAACCGACGACGACGTCGGAGACCAGGCTGAACTGCACGCCGTAACCGATACCGGCGATCGACGTCGACACCAGATAGATCCACAGCGGGCTGTCGGTGGACAGCCACAGCAACCCGAGGTTGCCCAGCGCGGCGAGCACCACCGACCCGATGAACGCGGTGCGGGTACCCACCCACGCCGAAACCCGGCTGGCACCGATCGAGAAGACGGCGACGGCGATCGCCATCGGCAGACCGGCCAGTGCCGCGGCCAGGACGTCATGACCCATCACCGATTGCAGGTACACGCCCGTCAGATACGACATGCCGCCCAACGCCATCATGCCCACGAGCGCGCAGGCGACCGCGGCACTGAAGGCGACGTTGCCGAACAGCTTGAGGTCGAGCAACGGGGCACGGGTACGACGTTGCTGCAGGAGGAACACCGCGAACATGATCACGCCAAAGACACCGATCACCGCGACGACCGGGGTGACACCGTCGGCGGCCATGGTCTTGATCGAGTACACGATCGGCAGGATCGCCAGCAGTGACAGCGCCACGCCGAGGAAGTCGAAGGGGTCGGTCGACGGCGCGCGGTACTCGGGAACCAGGCGCGGGGCGAGCACGAACAGCACGGCCAGTACCGGCACGTTGATGAGGAATACGACGCCCCACCAGAAGTGGTGCAGCAGAACGCCGCCCACCACCGGACCGATGGCCGAACCGCCCGCGAAGGCGGCCGTCCAGACGCCGATCGCGCGAGCGCGATCGCGGGCATTCGGGAACATGTTGGCGATCAACGAGAGACTCGACGGCATCAGGGTCGCACCGCCGATGCCCATCAGTGCGCGGGCGGCGATGAGGACGCCGGCGCTCGGCGCGAAAGCGGCGATGACCGAGGCGATGCCGAACATCGCGGCACCGGCGAGCAGGATCCGTCGCCGACCGAGCCGGTCGCCGACATTGCCCATCGTGATCAGCAGACCGGCGATGAGGAAGCCGTAGATGTCGAGAATCCAGAGTTGCTGGGCGGCGCTGGGGTCGAGCGCATCGGTGATCGACGGGATCGCCAGATAGAGCACCGAGAAGTCCATCGACACCAGCAGCACGGGCAGCGTCAACACGGCCAGCCCGAGCCAGGTACGGCGATCGGCGACCGAGGTGTCCCGGTGGCGCTGATCGGTCGTGCGGCATTCGGTGGTCATGAGGAGGGCTCCGTATCTGATGTCTGGGTGTCTGGTGTCCGGGTATCTGGTGTCCGGATTCTGCATCCGGGGGTTCGCGTCGTCGCGGGTCGGCGCCCGCGTACGACGTACGCTCATAGACGGTACGGATATGGGTACGCTGTACGCAAGTGGAAAATTCCCGGTGCGGGGTGAGGGGAGCGTGGTGGTGGCCCAGTCGGTCCAGAAGCTGACGTCGTCGGCGATCGTCGAGGCAGCCATCGTCGTCGCCGACCGTGACGGGCTCGACGCGCTGTCGATGCGCCGGATCGCCGACGAACTCGGCGTCGGCGCGATGTCGCTGTACCGGCACATCGCCGACAAGGACGCGTTGCTCCACGCCATGGCCGAGGAGATCGGCACCCGGTTTCCGTATCCGGTGCAGGATTGCTCACCCACGTGGCGCGAGCGCATCGAGATCGCCGTCGACGTCGACTGGGCGCTCTACCAACGCCATCCATGGGTGGTGCTCGCGTATGCGACGCCGCGCTACGCCTTCGGGACCGAGTCGCTGGCCGGACTCGATTGGCTGATCGCCGGATTCGTCGACGTCGGTGTCGGGCACGTGCGGGCCGCGGAGATGGCCCTGGCGTTCTGGTCGTTCGTGAACGGCGTCGCGCTGGCCGCCGTCGGCGAACAGCTTCTCAGTGAGCAACTCCGGCGCCCGGGTGCCGAGGCGTCGCCGTCGCCGGCCGGCGGTCTGGCCGACCTGATCGCCGGGCGGCTCGCCGTCGACCCGACGACCCTGCCGCAGCTGGCCGCCCTCGCCGGCAACCCGGACGCGACCCGACTCTCGGACCCACGAGCGGTGCTCGACGCCGGGCTTCGCGTGCTGTGTGCGGGTTTCGCCGCCGAAGTGTCGGGTGGCTGAGAGTCCCGGGTCTACATGGCGTGCGGGTACACCGTCAGCATGTGGGCCCCGAACCATGAACTGGCCAACACGATCGGCACCATCACGGCCACCCCGATCGCCGGGCGGGCCCGGGCGAGGACGATGGCCAGCGGCAGGAGCAGCACGAACGCGGGCAACAGCAGCCGGGGCCGACTCATCATGAGACCACTCGACGCCACGATCGACGCGGTGACCAGAACGCCGTAGGTCAGGACCGGCC
NZ_CP116236.1_gap27	717627	719255	1628	CAACGACGTCGTCGTGGTCGTCTCGGCGATGGGTGACACGACCGATGAGCTGCTCGATCTGGCCCAGCAGGTCAATCCGGCGCCTCCGGCCCGCGAGATGGACATGTTGCTGACCTCCGGTGAGCGCATCTCCAACGCGCTGGTGGCAATGGCGATCAGTTCGCTCGGCGCGCAGGCGCAGTCGTTCACCGGCTCGCAGGCCGGGGTAATCACCACCAGCAGCCACGGATCGGCCAAGATCATCGACGTCACGCCGGGGCGCGTCCGCGCGGCGCTCGACGAGGGCAAGATCGTGCTGGTCGCCGGCTTCCAGGGCGTCTCGCAGGACACCAAGGACATCACCACGCTGGGCCGCGGCGGCTCGGACACCACCGCCGTCGCGCTCGCCGCGGCGTTGGAGGCCGACGTCTGTGAGATCTACACCGACGTCGACGGCGTCTACACCGCCGATCCGCGCATCGTGCCCGACGCCCGGCGGCTCGAGACCGTCTCCTTCGAGGAGATGCTGGAGATGGCCGCGTGCGGCGCCAAGGTCCTGATGCTGCGGTGCGTGGAATACGCCCGCCGATACAACGTTCCCGTTCACGTGCGCTCGTCGTACTCGACCAAACCCGGCACGATGGTGGCCGGATCGATGGAGGACATCCCCGTGGAAGAAGCGATTCTCACCGGCGTCGCGCACGATCGCAGCGAGGCCAAGATCACCGTCGTCGGACTCGAGGACCGGCCGGGCTACGCCGCCAAGGTGTTCCGCGCGGTCGCCGACGCCGAGATCAACATCGACATGGTGTTGCAGAACATCTCCAAGGTCGACACCGGCAAGACCGACATCACCTTCACCCTGCCGCGTGAGCTCGGGCCGCTCGGCGTGGAGAAGTTGACCAAGCTGCAGCAGGAGATCGGGTTCACCGAGGTCCTCTACGACGATCACATCGGCAAGGTGTCGCTGGTCGGCGCGGGCATGAAGAGCCATCCCGGCGTCACCGCCACCTTCTGTGAGGCGTTGAGCGAGGCCGGCATCAACATCGAACTCATCTCCACCTCCGAGATCCGGATCTCGGTGCTGTGCCGTGACACCGAACTCGACGACGCGGTGCGCGCGCTGCACGCCGCGTTCGATCTCGGTGGCGACGAGGAAGCCGTCGTCTACGCGGGAACGGGGCGGTAAGAGAATCATGGGCGAGCGAAGCGACGGGAGATTGTGATGGGACTTTCCATCGGAGTCGTCGGGGCCACCGGTCAGGTCGGCGGCGTCATGCGAACCTTGTTGGCGGAGCGCAAGTTCCCCGCCGATTCGGTGCGGTTCTTCGCGTCGTCGCGCTCGGCGGGCAAGAAGCTGCCGTGGGGTGACGGCGAGATCGTCGTGGAGGATGCCGCGACCGCGGATCCGTCGGGGCTCGACATCGCGCTCTTCTCCGCGGGGGCGACGATGTCGCGCGAGCAGGCGCCGCGCTTTGCCGCCGCCGGGGTGACCGTCATCGACAACAGCTCAGCCTGGCGCAAAGATCCCGATGTGCCGCTGGTGGTTTCGGAGGTCAACGGCGAACTCGCCAAGAACCCGCCCAAGGGCATCATCGCCAACCCCAACTGCACCACCATGGCTGCGATGCCGGTGCTCAAACCGCTGC
NZ_CP116236.1_gap28	723558	724492	934	TCCGCGTCGCCACCGGATCGGCCACCGTCGCCACCATCACCGCGTCGTCGTTGATGCTCGGACTCGTCGACGGGCTGAGTTCGGGTCAGGTGTCGCTGGTGGTTCTGGCGATCGGCGCCGGCTCGGTCTTTCTCTCACACGTCAACGACGCGGGATTCTGGCTGGTCAAGGAGTACTTCGGGATGAGCGTCGGGCAGACCTTCAAGACCTGGTCGGCAATGGAGACGATCCTGTCGGTGACCGGACTGATCGTGGTGTCGGCGCTCGGCCTCGTGATCTGAGGGTGACCGGGCTCTACCCCGCGAGGTTACTGTGCGGTAGCTTACCTAGCCATGAGACGAATTCGGGGATTGAACTCATCACGACGAACCTGGGGGATTCGGGGTGCGGCGGTGCTCACCGCCGGCGCGCTGGCCGCCACCGGAGCGAGCCTGGCAGCACCGTCGGCCCAGGCCGCCGACTTCTACACACCGCCCGCGCACTTCGCGAGCGCACCGGGATCGATCATCCGCAGCGAACCGTCACCGCTGCTGCTGCAGATCCCCGGCATCCCGAACCAGTGGCCGGGTACCGCCAAGCGCGTCATGTACACCTCGGAATACCAGGACGGCTCGCCGGCCGCGGTGACCGGAACCGTCGTCGAACCGACCGCACCGTGGCGCGGCAAGGGGCCACGACCGACCGTCGTGCTCGGCCCCGGCACCGTCGGGCAGGGTGATCAGTGCGCCGGGTCGAAGCTCATGTCGTTCCCGTTGGCGATCGATCCGAGCAAGCCGTCGATCGCGGTGAACTACTCGGGTCTGGAGATGAACCTCCTGCTCATCAACGGTGTGCGCGTGGCGATCACCGACTACATCGGGATGGGCACACCCGGCATCCACACCTACGTCAATCGCCTCGAATCCGGCCACGCCATGCTCGACGCCGCGCGCGC
NZ_CP116236.1_gap29	732405	736876	4471	GACACGGGCACTCCGGCCACCGAAAAGGCGACCACCGACGAGGCCGCACCGGCTCCGTGACTTGCTGAATTATGCGAATTCATACGTCAATCCGGGACAACAACCGGACAATTCGTGCCATGTTGTCGCACTTTTGCTGCGCGGTCGTCCGATGTCGTCGGTCGGTTGAGGCGATGCCGCGCACCGTCATCCGTTCGGGGTACACCTGCCGGATTTCACGGTTCTCACCTGCGCTTTCGGCGCTTTATACCTTCGCTGCGCCCTGGTCCGAGACGGGCCGCGTGGGGCATGTAAGAGTTCCCTTTCCACGGTTCCACGCTGGTGGAGAAAGCTCGTGGTGGTGCGGTTGGATATCGCCATGACGCTCCGTGTGCCGAGGCCGGTCAAAAGTCACGGCAAGGACCGCCCGCGCACCACTGGGCTGCGCTGTGGGATGCAGCGACGGGAGAAAGGCGGGAACGGTGACGACGCGCGAAGGGTCGGCTGAGCCCGAGTCCGCGGGGCTGACACCGGTCGCGGTTCAGACGTGGCTGGCGCGGATCGGCGCCGACGACCTCCTCGGTGCCAACCCGACGCGCTACATCCGGCGCAGCGGCGCCGAGGGAATCGCCAACTACATCACCACCGACGATCCGGGCGGGTTCGACGAGATCGCCTTCTGGCGGCCCCTGCCCGGGATGTTGGTCTACGCGCTGATCCGGACCCCGTCCACCATGGCGCGCACCCCGGAGGTCATCGCCGAGTACCCATCGCCCTATGTCGTGGTCGGCACACAGTCGATGCCCGGTGGGGGCACCTTCACCCAGGCCGGCAGCAGCCACCCCTATCGGGCGCCCGCGCACATCGTGATCTTCGACAACAACGAGCCGTACCAGCAGACCTCCGAGGAGGTCGCCGATCTCGCAGGTGTCTGGATTCCTGTCGAATCACTGGGCAGCGACTTCGTCGGCGTCCCGATCGCCCCCGTGGTCACCGGGACGCCGTTGGCCTGTGCGGCTGCGGCGTTCATTCGCAACTTCGCGGTCGACGTCGCCGCACGCGGTGCCGATGTGGACCCCGACACGGAACTGGCCGTGATCGACCTCGTCCGGGCGATACTCGCCCGGAGGCAGGCCGATCAGTCGCCCGACCGCGTCTGCACCGACCCGGTGTACGTGCGCGAGGCCACGCGGGCATTGATCGATCATCATTTCCGAGATCCGGAGTTCAGCGCGGAGACGATCGCGGAGACTCTGCACATGAGTCGGCGACATCTGTATCGCTACTTCGGCGACACCGATGACTCGCCGGCCACGATGATCGCGACGCGCCGCCTGGAACGCGCGCGCGAACTGCTGGCCTACCGCGAGGGTGCGGGCCTGGATTCGATCGCCGCCGCATCTGGCTTCACATCAGCGGCGACCGCAATCGATTCCGTGCGGCATTCGCCGTCACTCCGAACGAATACCGTCGCTCGCTCGCCGACAGCCGACGTGCGAGCACTGATGGCGTGGGGCGTGGTGACCCGGGGGCGGGTTCGTGACGGGCGTCCTTACCGGACTCGATCCGCGGCTGGTGGCGCGTTGGCGACGCGAGGTCGGTCTCGCAGTCGACGACGCGGGCGATGCGGTGCGCCTGCGTGGGCAGGCGGGCGCGTCGACTCTCGGGTGCGCGCGAGTCGTCGGCGACGCTCGCGGCGCGTCCCTTGCGTCACCTGCATGCGTACTGTGCGCTCGTCGCGCCGGGTGTGTTCGAACAGGATGGACGACACCGAGATCACCGACGCACGGTCGACTCCGAACCCGGTGTTGCCGTTCTGGTCACCCGTTTCTCCGGGTCGATCACCATCCGTCGCGGCGAGGAACAGACCACGTACGGTCCCGGACAACTCGTCGTGTACCCCCTTGTGGAGCCGGCGGTGATCGAGGTCACGGGTCCGGCGGACCCGGCCGGGGTGGTGATTCCCGTCGAGAGTCTCGGCGAGGAGTTCGGGCGGCGAACCGTCCGCGTCCAGACCCTACTGAGCCGGGCCACCGCGCAGTTCGTGCGCGAACTGGCCCTCTCGTCGCTGACACGGGCGCCGTCGTTCGATCCCGACGTCGAACTGGCGGCGATCGATCTCGTGCGCGCCGTTCTCGACAACCAGCGCACAGATCTGTTTCGGGTCCGCGACAATTCGCTGGTGATGCGGGCGGCGGTCGACGACCTCATCACACGCCGCCACACGGACCCCACCTTCGGTGTCGCCGACATCGCCCGGGAACTCAACATCAGCCGGCGTCATCTGTACCGGCATTTCACCGACTCGTCGAAGTCGTTGTCGGACTTGATCTCCGAGAGGAGAATCGCCCGTGCGCAGGGTCTGTTGGTGGCGCCGCAACGACACACGTTCGCCGAAATCGCCGCCGCCAGCGGATTCGGCTCGGCCGCCACCCTGCGCAGCAGATTCCGGACCGAACTCGGTCTGACCCCGGCAGAGTATCGACGGCAGATGACCGTCGTCGCCGACTCGACGCCGCCGACGCGGAGGCCGGGACGGCCGATCCTCGATCCCGCCGAGGACTCCTCGCTGGTTGACTGAGCCCTCGTCGCGCGCAGGCGATCGTGCAGTCCTTCGCCGAGTCCTCTGTGAGCTAGCTTGAGTGTGCAGAAGTCACCTCGCTCATCGCTCAGAACAGGTCCGACGAGCCGGACAGTGAGCGCTATCCATTCGTTCAAGACACGAGAGTGCTTCGGACGTCTTGCCGGTGGTAACCCCTCGGCCCGCAATGAACAGAGCGAACGCTACTTCGTCACGTGTTCCCACACCAGTGAGACGTCTGCCCTCGCAGCCTGGAGAGTGGCAATCACATGTTCAAGAATCGACACTGGGATATCTATTGTCCGTGGGGTGGTGTGGTCGCTGATGAGTAGGGCGACGTCTTGGTTGGTGAGTTCGCTATCGGCTCGCTGTATGGTCTTGACCGTTGTTGCGATTTCCATGCCGCGATGCTCGCTCCGTCTGGTGGCCCACCACGTCTCCGTTGTTCCGTCCGAGTAATCGGATGCGCGTTCGGAAGTGAGCGTCATGGCTGAGGGTCGGAGTGTGTGAATTCTTCGGTCTTTGGAGTGTCGATCGATATATTCTTTGTCAGACCGAGTGGAGACTGTGTCCATGGTCTGTCCTTTTCCAAGGTCACGAAGGGCGCCCTTCGCGGCTGCGTGTGGGTGGGTCGATGGTTTGGTCTGTCACCATATCGTCACGGGCGTGGCTGAGCTTCTTGGCTTCTTGCCTGGAGTGTTTGAGGTCACGGCGTGCAGCGTGGCCGCGTCGAGACGATCGTCGGGCCCCGACCAGGACCGTTGCGATCCCGAGCATTGCGATGGCTCCGAGTACGACTCCGTAGAGCAGCAAGGTTCCAGTTGAGCCGGTGATGTGGTAGCCGAGAACAGAGAAACTGTCGGGGGCCAACGTATGTGTGGTGCCGCTATTGGTTGCGACGCTGGCGATAATCACGATAACAGCAGCGAGGAGAATGATCGCCCCGACGATAACAATCATGATGATGCCGCCGTGTGTGCTGTACGCATTGCCGACGATGGCTTTGCGTACCGGCATTTGGGCGCTCTTGGTGAGATTCTATCAATCATGGCGACTCGTTCCTGGCTGTGTATGGGATGCCGCCGCAGTGATGATCAGATCGTTTTCCAGTTCGGCGACCGCGCAGAGGACGATCGCGCTCAGGCTCCTGAGGGCGGTGGCAGTTTCGGCGTCCACTGAGTTGCGGCGTTGGGTAGCGATGAGGTCGGCGTTGAGTTTTCGCGTGATGGGCGGTAGATCGGCGCGTGCTGTCATCGGCGTGCGGAGTCCGCTTGGAACAGGACGTCTGAAAGCGTTCCACCACGTTCCGCGGTGAGCATCACTCGTCGCCATACCTGGGCTGCTTCGGTCACGGGGACGTCGGTGGCCAGCAGAATGACGGGGTGGGAATCCCCATCGAGGGTGGATGTCCGAGAGTGGCGCGCCCGACGGACTGTCCGTCGAGCCAGGACGTCGCCGATTGCACTTTGGGCAGTGGCAGCTGGGCTGGTCTCTGGATGGAACAGGATGTCCCACTCGGCCAGCAGATCGCCCGTGACTCCCCGGGAGTCTTCTTCCTGGATGCCCGAGACGATGCTTTCCGGACGGGAGGAATGTCCTGGACGCGCCCTGTGATAGTCACGCATGTGCCCATAGAGGCGGCTGCGTGGAGCAGTATTGAGAATACGAGACGTGGTGATCATTGAAGTTCACCTGACTGGCCACAGCGACAGCGGCCCTTGCGACGCCGGAAGCGTTAACGGAAATCCGTCAGATGTGAGACTCCGGCTGTCACTCAGTGTACTCCTCATCGAGAGGCAGCGTGTGGTTCGCTCGCTGGTGCAGATTGCGCTGTATCGAACGACCGCTGGGCACCGGTTGAGACATTCATACCGATCTCGGTCTGCATGTGGCAGGACGAGCTCACAGTGA
NZ_CP116236.1_gap30	865514	869173	3659	AGCACGGTGGCGGCGACCCCGGCCTGCCGCTGACGCGCGGCGAAGTCGGTCAGCGACTGCGCTCCGGCATCGGTCGTCGCCACGACGATGCCACCCTTGGGCTCGAACTCGATCAGTCGGCCCACCTGCGGGCCGCACTGCTCGTCGATCTCGTCGATGGTCGACGGCCACAGCGTCCGGGACAGTTGTGCCAGTGCGAGTTCGGGACCCGGGCCCTTGTCGGACACGAGAACATTGCCCTCGCCGTGCGCGGTCGTTCCGGCTCCGGGCGCGCCGCGATCGATGACCTCCACATCGAGGCCGAGCCGGGCCAGCTCCCGGGCCAGAGCGCATCCGATGATGCCCGCACCGACGATGACAGCCTTCATCTGAAGGACTCCGGGTCGGCTCCCGCACCGGGACGCAACTCCTGGGGGAGCAGTCCGGCGGGGAAGTTCTGGTAGGTGATCGGCCGCAGGAATCGCGCAATTGCCTTGGAGCCCACCGAGGTCGTGTGGATGGCGGTACTCGCCGGGTACGGGCCGCCGTGATGCTGTGCGTCGGTGACGGACACGCCCGTCGGCCACTGATTCCACAGCAGTCGACCGGCCGTGCGAGCGAGAACACCGGTCAGCGACTGCATGTCGTCGCCGACATCGGAGTCCTCGCCCTGCACCGTCGCGGTGAGCTGACCGGGCAGCGCGTCGGCGAGCGCGGTGAGTTCGGCGGTATCGGCGTAGGTCACGATGACCGACGACGGCCCGAAGCACTCCTGCAGCAACGTCTCCGGGTCGTCGAGGACGCGTGCGGCGGTGGTGCGGTGCAGTTGCACGGCGGCGGTGAGGTCGTCGTCGCCGTCGACGGTGGCCAGGGTGCTCACGCCGTCGAGGGCGGTGACCTCGCCCACCGCACGATCGAAGCCGGCGCGCATCGATGCGGTGAGCATCGGTGCCGGGTCGGGCAGAGTGGCCTGCTCGAGGGCGGCAAGCGTCGCCGAGCCGTCGGGGACGATGAGAAGCCCTGGGCTGGTGCAGAACTGACCCATGCCGAGGGTGAACGACGCCACGTACTGTTCGGCGATCTCGGCGCCGCGTGCGCGGTCGGCGGCGGCGGTGACGAACACCGGGTTCACACTGCCCAGTTCGCCGAAGAAGGGGATCGGGTCCGGACGCGACGACGCGATGTCGAACAGGGCGCGCCCACCGCGGGTGGAGCCGGTGAAGGTCGCCGCCCGTACCCGCGGATCGGTCAGCGCGGTGATTCCGGCGTCGACCCCGGCGATCGTGCCGAACACGCCGTCGGGTGCGCCGGCGTCGTGCAGGGCCGACGTCATGAGGTCGCCGATGCGTACCGAGAGCCGCGGATGGCCGGGATGGATCTTGACCACCACCGGGCACCCCGCAGCCAGCGCCGAGGCCGTGTCTCCGCCCGGGACGCTGAATGCGAACGGGAAGTTGCCCGCCGCGAAGTTGAGGACAACACCCAGCGGTAGGTGCGTGCGGCGCAGATCGGGCCGCGGGGCGCCCATCGGCCAGTCGGGGTCGGCGTGATCGACGATCGGATCGAGGTGCCGGCCGGCGGCGACGTACTCGCCGAGATAGCGCAGTTGGAAGGTGGTGCGGACGAGTTCGCCGCGCAGGCGTCCGAGGGGTAGATGGGACTCCTCGGCGGCCAGGTCGATCAGTTCCTCGCCGTGCGCGTCGAGGACGTCGGCCACCTGCGTCAGGGCGCGAGCCCGGTCGGCCGCCGGTGTGGCGGCCCAGGCGGTGGCGGCGCCGTGGGCGGCCGCCACCGCCGCCTCGACCTGATCCGGGGTGGAATCGGTGATGTCGGTGCTGGTCGGAGTCAGTACGGGGTTCATCTGGAGTCCTTCCGGGTCAGGTCGGGTCGGGTGCGGCCGGGATCAGCGGTAGCCCTTGCCGAGTACAGCTTCAGTGTCCTTGATGATCCGCTGACGCAGGTCCTCGCTCAGGCGTCCGCGCGGCGGGCGGCAGGCACCGCCGAACCGGCCGGCGATGTCCATCGACAGTTTGATCGCCTGGACGAATTCCGTCTTGGAATCCCACCGAAGCAGTGGGTGCAGGTCGCGGTACATCGGCAGTGCGGCCTCGAGATCGCGTGCCAGCGACAGTTCGTAGAGCTTGACCGTGGACTGCGGGATCGCGTTCGGGTAGCCGGCGACCCAGCCGACCGCGCCGGCGATACCGAGTTCGAGCAGCACGTCGTCGGAGCCGATGAGCACGTCGAGTTCGGGTGCCAGTTCCTTGATCTCGTAGAAGCGGCGCACGTCGCCGGTGAACTCCTTGACGCCGACGATCAGTCCTTCGGCGTGTAGTTCCGCCAGCACATCAGGGGTGAGATCGACCTTGGTGTCGATCGGGTTGTTGTAGGCCACGATCGGCAGCCCGACCTTGGCGACCTCCCGGTAGTGGTTGATGACGGCGTCTCGGTCGGCGCGGAAGGCGTTGGGCGGCAGCAGCATCACGGCCTGCGCGCCGGCTTCGGCGGCCTGCTCGGCCCACCGTCGCGACTGCAGCGCGCCGTACGCGCCGATGCCCGGCATCACGGTGAAGCCCTCGGGCGAGGCGGCCACGGCGGTCTCGACGACCTTGGCGCGCTCGTCGTCGGAGAGCGTCTGGTACTCGCCGAGTGAGCCGTTCGGGCTGACGCCGTGGCAGCCGTTCTCGGCGAGCCAGGCGACGTGCTGTCCGAAGCGGTCGTAGTCGACGCTGTTGTCCTCGTGGAAGTGCAGCGCGGTGGCGACCAGGACGCCGTGCCAGGGGGTGCGGGTGGTTGTCATGGGAACTCCTGGGGGTGAATCGAGAGGAGGGGTGGTCAGGTGCGACATGTAATGTGTAACATTTTACTGATCGGGTCCGCAAGGGTTCGAGCAATACGACATGTGACATATCATCGTGGCGGGATGATCCCGCCGACCTGAACAGGAGAAGCGAATGCGCTCAGTACGCACGGTCTCGGCGGTGGATTCCCATACCGAGGGCATGCCCACGCGGGTCGTCACCGGCGGAGTCGGCACCATCCCCGGCGAGTCGATGGCGCAACGCCGCGAGTACTTCATCGAGAATCTCGACCACATTCGGCGCTGGTTGATGCAGGAGCCGCGCGGCCACTCCGCCATGTCGGGGGCGATCCTGCAGCCCTCGACCCGCCCCGACGCGGACTGGGGTGTCCTCTACATCGAGGTGTCGGGCTGCCTGACGATGTGCGGTCACGGCACGATCGGCGTGTGCACCGTGCTCGTCGAGACCGGGATGGTGCCCGTCGTCGAGCCGGTGACCACCATCCGCCTCGACACGCCGGCCGGACTGGTTGTCGCCGAGGTCGCGGTGAAAGACGGACGCGCCGAATCGGTGTCGCTGGTCAATGTCCCGTCCTTCGTCACCCATCTCGATGCGACAGTCGAGGTCGATGGTCTCGGACCGATGCGTCTCGACCTCGCTTTCGGCGGCAACTTCTACGCACTCGTCCCGGTCGCCGACCTCGGCTTCACCCTCGATCCCGCCGACCGCGACGATCTGCTCGCCGCCGGGCTGAAGGTCATCCGCGCCGTCAACGAGCAACTCGATCCGGTGCATCCGGAGAACCCCGGCATCCGCGGTTGCAAACACGTCGTCGCCTACGAAAAGGGCGCCGACGGTGCGGATGCCAAGGCGGCCACC
NZ_CP116236.1_gap31	882578	887246	4668	CTCAAGAGCCTGCTGCCGCAGCGCACCCGAACGCGCTCGGCGTCGGCCCGCACCGCACGCGTGGAGGTGGCACCATGACCAGCACACTGACCAGCACACTCGACGGCGCACTCGACATCGCCGACATCACCGTCGCCGAACGGCAATTACGGATCTCGGAGACCGATGCGCTGACCGCGTTGCGGCGGGTGATCGGAGAGAGTGCCGACAAGTTCAGGGCCCGTTTGCGTTACGGGCCCGGAGCCACTTGCGAGCAACTCGCCCGTCTGCTCGACAAGGCACTGATCGGGGCTGAGGACAACGGCCTCGGGGCCTATGCGTTGATCGTGGTGGCCGGCAGTGCGCATGCCGCCGAGGAGATCGTGCGGGTGCGTCGCAAGGCGCACGGCGTCGCCGATTTCATCAGCAGCCCGACCAGCGACGTGACCATCGTGTTGCGCCCGAGGGGATTGGTGGACGCCGCACCGGGTGCCGACGCGGTGACCGGCGGCGGCCACGGCTCCGTGGACGCCGACCCCATACCCAGTGTTGAACCCGAGCTGACGGCGGAAGCAGAAAGTGCTGCCGCACTACAGATCCGGGAGGCGCTCTACGACGTCGTTGACCCCGACCTCGGGGTCAACGACGTCGATCTCGGCTTCATCCGTCGCATCCACATCGCCGACGACGGCTCGGCGACGATCGTCATGACGCTGACCTCGGCGGCCTGCCCGTTGACCGGTGTGATGGAGGGGCAGATGCGAACGGTACTGGCGGACTTGGGAATCGAGTTCGTCGTCGAATGGGAATGGCTGCCCACCTGGCGGCCCGCCGACATCACCGAGGATGGCCGGGATCAGCTCCGCGCCATCGGATTCACCGCCTTCTGAGCAAAGGATCACCTCCATGACCACCCAGCAGAGCGCACCGGCCACGGTCTCGATAGAGACGCTCGAAGAACTGATGGCCGCGTTCAACGCACACGATCTCGACGCGATCATGGCGTTCTTCGTCGACGACTGCGTCTTCGACACCTCCGCGGGGCCCGATCCGTGGGGTCGGCGACTCGTCGGCAAGGACGCCGTCCGGGCGGGGTTGGCCGCCCGGTTCGCCGGTGTCCCCGACGTGCATTACGACGTCGACCGGCACTGGATCAGTGGCGACCTCGGGGTGTCGGAGTGGACGGTCACCGGAACCACCACCGCAGGCGAGCTGCTCCACGTGCGCGGCTGCGATCACTGGGAGTTCCGCGACGGCAAGATCGCGCGCAAGGACTCCTACTGGAAGATCGTCGAGTCCCCGGCCTGAGCAGGGCCACCGGAGAAAACCGGCTTGAGACCTATCGGTAATCCACCCACCGGCGTATCGTCAGGAGAATTCATGTTTCAGCAGAGTGGACCCGTTGCAATGACGCAGCGACCAGCACGTTGACACGGGCACTTCGGGAGGTCACGACCATAGCGAACTACTGAACCCCCTGGAGTTCCGCATCACCTCCGGAGACCTCGTCGCCGAACTGAAGTCGCGCGCCACCCACCCCGGCACCAACGAGGGGCTGTGGCCGGGGCTGACGATCTACCGCTTCGACGCGCCGGTGGAACCGCTGTGGGAGGAAGTGCGCGAGCTGCATCTCTGCGTCATCGCGCAGGGCCGCAAATGCGTGACCACCGACGGGATCGACCGCTACTACGATCCGTTCACCTACCTCGCGATCAGCGGTGACCGCCCGTTCCGCACCGAGATCCTGGAGGCCAGCCCGGCCAAGCCGTTCCTCTCGTTCGGGTTGCAACTCGATCCGGCGCTGGTCCGGCAGGTGTCCTCCGACATCGTCAGCGAGCGGGAGACCACCGCGTTCAGCCGTTCGCGGCCGACGGTGGAGCAGGGCCACGGTGGTTTCGTCTCGGCGCTGGATCGCGACATTATGGATGCGATCCTGCGCTTCCTGCGCGCGCTGGAGACCGGTGCCGACCGTCGGGTGCTCGCCCCGACCTATCTCAAGGAGATCGTGTACCGGGCCCTGCAGGCCGAGCAATACACCCGCCTCGTCGAGCGGGCGGCGCGGGAGAGCGCCAACAACCCGGTCAGCGCGGTCATCGCCTACGTCAACGAGCACATCGCCGAGCCGCTGAGCGTCAGCGATCTCGCCGAGCGAGCGGTGATGAGCCCCTCGGCGTTCTCCCACCTGTTCCGCGATGTCACCGGCTGATCCCCGTATCAGTTCGTCAAGGAGATGCGACTGACCCGGGCACGGGAGCTGCTGATCGAGAATCAGTCGAGCATCACCCAGATCTCCCAGGCCGTCGGCTATCGCAGCACCTCACACTTCATCAACGAGTTCCGTGAACGGTTCGGCATGACGCCGCGCACCTTCAGCAACTCGCAGGTCCTGGCCACCGAGTCGACGGAAGCCCAAGCAGCACAAGGCAGCTGATCGTCGCGCCGCAATCCGCGGCGCGGCACAGCGTCCACACCACCGATCCCGCGTTCGCGCGCGGGGCGGTTCCTCGTGCCCGCACACCGTTCGGGCACGCACCTCACCCATACCCACTGATGAAGGGAACGAGCAATGACGCGCGTACTGATCGCGGTGACCGGATCGGATCACTGGACCCTGGCCGACGGGACCCGGCACACCACCGGCTTCTGGCCCGAGGAGCTCGCCGTGCCCGACCAGGTGTTCCGAGATGCCGGATACGACATCACCTTTGCCACTCCCGGCGGTGTGCGCCCGGTGCCCGACGAGGCCGGTTTCACCCCCGAGATGAACGGCGGCGACGCCGAGGCCGGCCCCCGCTACCGGGATTACCTCGACTCCATCGCCGACGAACTCGGTGCGTCGGTCGACGTCCATGACGTCTCGGCCGACGACTACGACTTCATCTTCATCCCCGGCGGCCACGGCCCGATGGAGGATCTCGCCGTCGATCCCCGATTCGGGTCACTCCTGGGCGATTTCGACTCCGCGGGCAAGATCGTCTCGGCGGTCTGCCACGGCCCGGCCGCACTGCTGTCGGCCGTCGACGACGACGGGAAGTGGCTCTTCGCCGGTCGTCGGGTCACCGGCTTCTCCAACGAGGAGGAAACGGCAATCGGGTTCGCCGACAAGGCATCCTGGTTGCTCGAGGACCGACTCGGAGCGGCCGGCGGGACGATCGAGATCGCCGACGGGGCGTGGGCGCCGCACGTCGTCGTCGACGGCAACCTGCACACCGGCCAGAACCCCGCATCCACGCGGCCGCTCGCCGAGGAGCTCGTGGCGGCACTCGCCCGCACCGGGGTGACGGTGTGAGTACCCTGCGATCGACGATCCTGCTGGAGCACAACGCCTCCGAGGTGTGGCCGGTGATCCGCGACGTCGCCACCATCAACCGCTGGTTCCCGGCGATCACCGAATCCTCGGGCGATGAGCACAAGCGGACGGTGACGTTGAGCGACGGCGCCACGATCATCGAGGAGATCGTCACCCTCGATGACGATCTGCGCCGGATGCAGTACCGCGCCGTCGGCGGTGACCTACCGATCGCCGGTCATCTCGGCACGGTCGACGTCGTCGAGATCGATCGCGCGCGTTCGTTACTCGTCTACAGCACCGAGATCGAACCCGCCGAACTCGCCGAGGCATTCGAGTCGGCGATCTCCGGCGCGGTGGCCGCACTACCGGCGTACCTGGCCGGTTAGCGGATCCCTGCTATTGCGACCGTCGCTGGGCGTAGGCGCGGAGATTCTCCACCTGCGCGGCGTCCAGCGACGGCCGGACCCGGGTGCGGGCGTCGGCGACGTCGTCGGCGGTGACCGTGGCGGCCTCGATGTTGCGGCGCATCGCCGAGAGTGCGGCCTCTCGCAGCAGTGCCGAGCAGTCGGCGGCCGAGTAACCCTCGAGATCTGTTGCCAGCGACTCGATGTCGACGTCGTCGGCGAGTGGGACGTTGCGTCCCGAGGTGCGCAGGATGTCGGCGCGTGCCTGCGCATCCGGTGGTGGAACGAATACCAGTCGCTCGAGTCGGCCCGGCCGCAGCAACGCCGGATCGATCAGATCCGGACGATTGGTGGCGCCGAGGACGACGACGTCGGCCAGCGGTTCGACGCCGTCGAGTTCGGTGAGCAGCGCGGCGACCACGCGATCGGAGACCCCGGAGTCCGACGACTGACCGCGCCGGGGCGCCAATGCGTCCACCTCGTCGAGGAAGATCAGTGAGGGCGCGGATTCCCGTGCGCGGTCGAACAAGTCGCGGACCGCGCGCTCGGAGGCGCCGACCCATTTGTCCATCAGTTCGGCACCCTTGACGGTGTGTACCGAGAGCCGGCCCGACGCGGCCAACGCCCGTACCACGAATGTCTTGCCGCAGCCGGGCGGTCCGTAGAGCAGCACCCCGCGCGGCGGATCGACACCGAGACGGGTGAACGTGTCGGGATGTTCGAGCGGCCACAGTACGGCCTCGGTGAGCGCCTGCCGGGTCTCGACCATGTCGCCGACGTCGTCGAGCGTGATCGATCCCAACGAGACCTCCGGCGACGTCGCACGCGACACCGGTCGGATCACCCCGACGGCGCCGCGCAGGTCCTCGGCGGTCAGTGCCGGTGCGGCCGTCGATCCGGCCGCGGTCACCCGGGCCGCCGCCCGCAGGGCCGCCTCCCGGGTCAGGGCCGCGAGATCACCGGCGACGAAACCAGGTGTCCGTGAGGCGATCT
NZ_CP116236.1_gap32	888755	891127	2372	CACGGCATAGCCCGCGATGCCGATGATCATCAGCACATACGGGAAGGTCACCAACAGCGCCGCGCCGATGGCGACCAGGATCAGCAGGACCGGCAGAGCGCGCGGCGACACCTTCGCTGCCTTCAACGACGCCGTCGGTACCCGGCTGGCCGCGAGGAACGCGACGATGAGCAGCCACGTGCACACCACCGGCAGCGACGTCCACCAGCCTGACCCGAACTGCTGCAACAGCCCGACGGGCAGCAGCGCGATGATCGCGGCGGCCGGTGCGGGTACGCCGACGAAGAAGTCGCGGGTGTATGCGGGTGCGTCGTCGTCATCGAGGAGGGTGTTGAAGCGGGCCAGGCGCAGCACGATCGCGCAGGTGTACACCAGGCCGATCAGCCAGCCGATGTCGGCGTGCTCCATCAGGGTCAGATACACCAGGAATGCCGGTACCACACCGAAATTGATGGCGTCGGCGAGTGAGTCGATCTCCGCGCCGATCTTGGTGGTGGCACCCATCAGGCGCGCCACCCGCCCGTCGATGCCGTCGAGCAGCGCGGCCGCGACGAGCAGGGCCAGTGCCGCATTGATGTTGTCGTTGGACGCGAACCGGATCGCCGTCATGCCCGCGCAGATCGCGAGGATCGTCAGCGCCGACGGCACGAACATCCGGCCCGCCGACGCCTGACGGCGCAGCCGCGACTGCTCGGCCGGGGTGCGCACGCGTCCGGCCACACGAGCCGGCGTGCGGTGCGGGGTTCCCGGCCGGTCCGCGCGCGGACTCATCGGCCTGCCGCTGGATCGGAGCCCGTACCGAGGACGGCGATCGTCGTCTCGGCGCCGATCGTTCGCTGCCCGAGCTGGACCTGCGGCGTGGAGCCGGGCGGCAGGTAGACGTCCACCCGCGAGCCGAAGCGGATGAGCCCATAGGTGTCGCCGACCGACAGTGCGTCGCCGACCGTCGGATTGCACACGATTCGACGGGCGAGCAGCCCGGCGATCTGCACGACCGCGATGTCGGCGCCCGTCGCGGTGCGGATCGTCATGGTGTTGCGCTCGTTGACCTCGCTCGCGTCGGGGAGATCGGCCGAGACGAATCGACCGGGCGTGTGGGTCACCGAGGTCACCGTGCCGGCGATCGGCACGCGCTGCACGTGCACGTCGAACAGCGAGAGGAACACCGACACCCGGGGTCGCGGCGCGTCGCCGAGCCCGGACTCGGCGGGCGGCACGGCCTCGTCGAGAAGACTCACGGTCCCGTCGGCCGGGGCGGCCACCGCGAACGGATCGGTGGGCGCGACGCGGGCGGGATGCCGGAAGAAGGCCGCGCAGGCCCCGGCGGTCAGGACGGCCGGTGTCCGGATCCACCGGTGACGCCGACCGAGCACCGCGACGGCCGACGCCGCGGCGACAAAGGGGAGGCCCGCCGGATGGACCGGGGGTACGGTCTCGCGGGCCAGGGTGACCAGATGTGCCGGGGACAGTCCGTCTGGTGCGTCCTCACGCGGGCGCCTCGCCACAGTCATCCTCTCCGACGTCGTCCACGCGACCGATCGTCGCGCCCGTTCAGCTTAGAGCCCCGGGTGCCGGTGGCTCCACGTGCTGGGAGGCGGTGTGCATCGACGGCGGTTGTGCACAGCCGGTGAGATCGGTGGCACATATCACCGAACGCATGTACAGTAGATCAAGAGTTCGACGTACGCGCTACGGACACCGGGGGGTGACAATGCTCGAGACGACCGACGATCTTCGCGAGTTCGCCTGTGCGCTCGTCGAGATGACGGCGGCGGCCACACAGGCCGATGCGGTCGAGCGGATCACCTTCCTGGAAGAACTGAAGTCCGCCGCCGCGGCCGCCCAGGTGCGCGAGACCGCCCGACTCGACGAACTGCGCGCCGCCGATGAAACCGAACGCAATGTGCCCCAAGGTAAGAGGGGTAAGGGGTTGTCGGCCGAGGTCGGTCTGGCGCGCAAGGCGTCGGCGCAACGAGGTGGCCAATTCCTCGGGTTCGCGCGGGCCCTGGCCACCGAGATGCCGCACACCTTGGGCGCTCTCGAGGACGGCGATCTGACCGAGTGGCGCGCGACCATCCTGGTCCGCGAAACCGCCTATCTGACACGAGAATCCCGCGAGGAAATCGATCGCGTCGTCGCCGGGGACCGGCAGGCTCTGCTGAGCATGGGGGACAGGGCGTTGACCGCACGGGCCAGGGAGTTGGCCTACGAGCTCGAACCCCGCACCGTCGTCGACCGCAAGGCGAAGGCCGAGCGTGATCGTCGGGTTACGGTGCGCCCCGCACCGGATCTGATGGCGCAGGTGTCGGCGCTGGTGCCGATGGCACAGGGGGTCGCGGTGTTCGCCGCGCTCAAACGCCACGCCGATGCAA
NZ_CP116236.1_gap33	892328	896339	4011	TCGTGTCGTCGGGGACGAAATGCACGTGGATGGCCTCGGCGCCGGCCTCGATGGCCGCCGCGGTCAGCATGGCACCGTTGGACTCGTAGATCTGTCCGTGCCGCAACGGAATTCCCGGAGCCACCAGCTCGGAGCCGGTGGACAACACCGCCACCCGCATCGGCCGGAACACGCTCACCGTCGAGAACCCGAGACCACACAGCAGCCCGATTTGCGCGGCACCGATACGGGTACCGGCCGGCAGCGCGGGCTGCCCGGCGACGATGTCGGAGCCCGCCGGGCGAATGTGCTTACCGGTCGGCACCGTGGTGGTGATGCCCACCTGCGTGCCCTCGACGGGTTCGGCGCCGCTGAACACGGCGGTGGTCAGTTCCACCGGCACCACCGCGTCGGCACCGGCCGGCATCGGCGCGCCGGTCATGATGCGGTGCGCAGTTCCCGGTGCCAGCGGCGGCGGGTCGACGCGGCCGGCCGGGATGTCGGCGTCGACGCGAAGGTGCACCGGCTGCGCCGGCGTGGCCGCGGCGACGTCGGCAGCGCGGACCGCGAAGCCGTCCATCGCGGAGTTGTCGAAGCCGGGTAACGAGATCGGGGCGACGACGTCGGCGGCGAGTACCCGACCCAGTGCGGCAGTGACGGGCATGGTGGCCGGCTCGGGCGTGCCGAACAGACTGGCGACGACCTGCTGGTGTTCGGTGACCGTACGCATGGGCCCAGCATGCCATCGCCCCCACGGCGCGCACGCACCGCCGACGCGCAGGTTCTCCCCGCACACCCTAGATTTGTAGGATGACGCTCGGGTTGCTGATGGACATCGACGGTGTGATGGTCACGTCGTGGAAGGCGCTGCCCGGCGCGGTCGAGGCGGTCCGCATTCTCGCCGACCGCGGCCTGCCGCGGATGTTCTTGACCAACACGACGTCCCGCTCACGCGGTCAGATCGCCGACGCCCTCAACAGCTGTGGGTTCGAGGTGTCGGCCGAGGAGATCCTCACCGCAGCCAAGCTCACCGCCGAATACCTCGCGCAGACCTATCCGGGCAAGAAGGCGTGGGTACTCAACGAGGGCCCGATCGCCGACGACATGACCGGCATCGCCCTCACCGACGACCCGTCACAGGCGCAGGTCGTGGTGCTCGGCGGCGCCGGGCCGGTGTTCACGCATCGGGCACTGTCGATCGTGCTCGAGCTGATGTTGGCCGGGGTACCGGTGGTGGCGATGCACCGATCGATGATCTGGTCCACCGCCCAGGGGCTGGCCATCGACACCGGCGTCTACCTCGAGGGTCTGGAGAAGGCGTCGGGTCGCAAGATCCGTGCCATCGGCAAACCGTCACCACTGGGCTTCCGTGCTGCGGTCGAGATGATGAACCTCGAGCCGACCCAGGTGGTGATGGTCGGCGACGACATGCACAACGACGTGCTCGGCGCGCAGGCGTCGGCGCTGATCGGGGTGCTCGTGCGGACCGGCAAGTTCCGTGAGGAAGCACTGGCGGCCCTGCAACGCGACGAGTTCGGGCCGGTCCCCGACCACGTCATCGACTCGATCGCCGACCTGCCCGCCCTCATCGAGAAACTCGACGGGTGAGGGCGCTACTCAGCCCTCGACGGCGCGCTTGATCTTGCCGAGCGTCTCGGCCATACCGAGTTTCAGCTCGGCCTCGAAGTTCTCGGTGCCGCCCATCAACTTGTCGACGAGCACCGACGACACCGTCGACGTGGTCCCGCCCGGCACCTCGCGACGCTCGGTCACGGTGACCCCGCTCGCCGTCGGCGTGATCGTGTAGCTCCACACGGTGCGGTTCTCGGCGACGCGGAAACCGAGTTCCTGGTTCGGGGAGAAGCGGACGATCTTCGACGTGGTCGGCCACACCAGCGGTCCGCGGCGGTTGACGTTGATCGTCTTGGTGCCCAGACCCACCGGGCCGCGGACGATCATCTTCACGCACTGCGGACTCCATTCGCCCATGCGCTTGAGGTCGGAGATGACCTCCCACACCTGTTCGGGTGTGGCGTCGATGTCGATGGACTCCTCGATGAGTGGTGCGGCCATGCGGTGATCCCCCTGCGTGGTGTCGGTCCGGCCGGACGGCGCGCGCCGTCCTCTCTGGGACACTAGGGCACTTATTGAGCAAGCGTCAATAAGCTCATGCGTCAACAAGCCCGGGGCGTCAGGCCAGCAGAACCGCCGCGATCACCGCGCCGATACCGAGGAACACCGTCGCGGTCACCCAGATCGCAGGATGCTCGCCGTCGTCGTCGAGCAGCAGGGTGCCGAGCTTGCCGGGGGTGAGCCAGTCGATCAGGACGAACGACCACATCATCACCGCGATGGTCAGCGCGACGTAGACGATGGTGTAGACCAGCCCGCGCCACAGTTCGAGGTAGGCGGTGTCGATCACCGAACAGACCATCACCGCTGCCAGTCCGATCACCATCGAGACGGTCAGGATCGTGGCGTTGCGGTTGTGGTCGACCCAGACCAGCTGCCGCAGCCGGCCCGGGGTCACCAGATCGAGGGCGACGAAGCCGACGATCAGCAGCGCGATCCCCACCAGGGAGAACGACGCACCATGTGCCAGGTTGTCCCGCAAGATCTCCACTGAAACCCTCCCGTTCTCGCACGTCAGCGGCGAACCGCATCCCTGCGGAGAACCCTAGGCCATCACCGGCGCCCGATCGGGCAAGAAGATCAAACCCTGGATGGGCCAAACCCTTACGCGGGTAGCGGGTCGGTTGTGTACTCCCACGCCATGACCTGGTTGTTGCGTCTGCTCGAATCCGAGCACCGGCATCTGCTGTGCGGCGTGGAGAGTTTGTGCCCGGAAGGGGTCGGCGCCACCGATCTCGGCACCGACCCCGTCCGGGTCGAGATCAGGACAGGGCGACCAGATCGTAGGAGTTGACGTTGCGTGCCAGGCTCTGCACGTGCTCGGTCGCGTCGCCGAGGGTGTGGCTGATCGCGGTCAGTCGGCTCGTGTAATGGCCGACCGGGTACTCGGCGGTCATCCCGATACCGCCGTGCATCTGGATCGCCTCCTGGCCGATGTGACGGCCTGAGCGGCAGATCTGCAGCTTGGCCCGTGAGGCGATCACCGGGTCGGAGATGCCGTCGGCGAGCGCGGTCGTCGCATAGAGGCTCATCGACCGCGCCAGCTCGAGCTGCACGTACATGTCGGCCGCCCGGTGCGTCAGTGCCTGGAAGGTCGCCAGTGTCACCCCGAACTGCTTGCGCGTCTTGAGGTAATCGACGGTCAGGTCGAGTGCGCGTTCCATCGCCCCGACGGCCTCCGCGCACAGCGCGGTCTGGATGCCGACCTCGACGTCGGCGAGCAGTGCCGAGGCGTCGCCGGAACCGAGGCGGGTGGCCGGGGCGCCGTCGAAGACGATCTGAGCACCTCGACGCCGATCGTGGGTCCGGTAGGCGGTTCGGGTGACGCCCTCGGCGTCGGCGTCGACGAGGTACAGGCCGACCTCGCCGTTCTCGCGCGCCGACACGATCAGCTTGTCCGCGCAATCACCGTGCGGCACCAGCGATTTGGTTCCGGTGAGCTTCCCGTCGGCGGCGGTGGTGGCCACCGCGGCCGCAGGCCAGCGGTCGCCGGCCTCCTGATGGGCGAAGGCCAGGAGCAACTCGCCGCCGGCCAGGCCGCCGAGGAGTTCCTCGCGCAGGTCGCCTTCGGCGGTCGCGACGATCAGCGAACCCGGGACCAACGCCGCGTCCAGGTACGGCTCGGGTGCCAGCGCTCGGCCGATCTCACCCATGACCGAGGCGAACTCGACGGGGCCCGCTCCGGCGCCGCCGTCTTCCTCGGGAATGGTCAGGCCGAGGATGCCGATGTCGGCCAACGACTTCCAGACGTCGCGGCTCCAGCCCAGCTCGGTGTCGGTGACCTTGCGCAGCGTCTCGACGTCGTAGGTCTTGCTCAGCACGTCGCGGACGGTGTCGCGCAACATCGTCTGTTCTTCGGACAGTTCGAAATCCATGTGTGTTCCTCGTGTGTCGGGAGGT
NZ_CP116236.1_gap34	1048471	1053382	4911	CGCCTGCCCGGGTGGCGCCACCGCCTGGTGGCGCCACTGCACCATTCGCTGTGTCTGCGTGAAGGATCCGGCCTTCTCCACGTGGGTGGCCGCGGGCATGAAGAACACCTCGGTGCCGATGTCGGTGGTGCGCAGCTCGCCGGAGGCGATCTCGGGTCCGTCGCGCCACCAGGTGGCCGACTCGATCATGTTGAGGTCGCGGACCACCAGCCACTTCAACTTCGACATCGCCATCCGCTGCTGGCGGCCGTTGGCCGACCCGACCGCCGGATTCTGCCCGAGCACGAAATAGCCCTCGACCTTGCCGGCGAGCATGTCGACGGTGGTCTGATAGGTCCCCGCGGGACCGGACAGACGCGGCAAGAGGTCATAGGCCCAGTCGTTCTCGGCGGTCGCATTGTCACCGAACCAGGCCTTGAGCAAGCTGATCATGTAGGTGTCGGCGTAGGCCCAGAACCCCTTCTGCTGCGGGGAGCCCACGGCGGCAAGGTAATCGGCGAGCGTGTCGTGCTTACCGACCGAGGGCATCGGTAGATAGCCGGGCAACAGGTTGAACAGCGTCGGGATGTCGGTCGACCCCTGGATGCTGGCGTGCCCGCGCAGTGCCATGATCCCGCTGCCGGGCCGACCGACGTTGCCCATCAACAATTGCAGGATCGCCGCGGTCCGGATGAACTGCACCCCGAGGGTGTGCTGTGTCCATCCGGTCGCATACCCGAAGCAGGTGGTGCGGTCGCGGCCGGAGTTGTCGGCGATCGCCTCGGCCAGATAGGTGAAGTCGTCTATCGAGATCCCGCACATGTCGCGCACCATTTCCGGTGTGTACCGGGCAAAATGGCGTGTGAGGATCTGAAAGACGCTGCGCGGGTGGGTCAACGACTCATCGCGGCGTACCCGCGCGTGCTCGAGGGGTGGGCCACCCGATCCGTGTTCATCGCCGGCGGCGCGTGCCGACGCCGACGTCCCGTGCTCGTGGCCGTCGGGCGAGGCGACCTTGCCGTCGGACGGATCGTCGTAGGCCCACGTCGTCGGATCGTAGGTGCCGGTCTCGGGATCGAACCCGGAGAACAGACCGCCGAGATCCTCGGTGTCGCGGTAATCCTCGGTCACCAGCGTCGCGGCATTGGTGTAGGCCACGACGTACTCCCGGAAGTACCGCTCATGGGTGAGCATGTAGTTGATCAGCCCACCGAGCAGCACGACGTCGGACCCCACGCGGATCGAGATGTGCTTGTCGGCGTTGGCCGACGTGCGGGTGAAGCGGGGATCGACGTGAATCACCCGTGCACCCTTCGCGCGTGCCTCGACCACCCACTGGAAGCCCACCGGGTGTGCCTCGGCCATGTTGCCGCCGATGAGCACGATGCAATCCGCATTGGCCATGTCCTGCAAGGACTGGGTGGCGCCGCCGCGTCCGAACGAGGTCCCCAGACTGGGAACCGTGGCGGAGTGTCATATACGCGCCTGGTTCTCGATCTGGATGGCACCGGCCGCGGTGAAGAGCTTCTTGATCAGATAGTTCTCTTCGTTGTCCAGGGTTGCGCCGCCCAGCGAGGCGATACCCATCGTGCGACGCAGGATCCGGCCCTGCTCGTCGGTGTCCTGCCAGGTGCGGCGACGGGACTCGACGAAGCGGTCGGCGATCATGTCGATCGCGGTGTCGAGGTCGAGGTCGGTCCAGTCCGTGGCATACGGCGCCCGATAGCGAATCGTGGTCTGCCGCATCGGATTGTTGACCAGCTGCTCACTCGACGCGCCCTTGGGGCACAACCGTCCGCGAGAGATGGGGGAGTCGGGGTCACCCTCGATCTGGATGACCCGGCCGTCCTTCACATAGACCTTCTGCCCACATCCGACAGCGCAGAACGGGCACACACTTTGCACGACCTTGTCGGCGTCGGCGGTGCGCGGAGCCATGTCGCGGGTCTGCGCCGACTGCACGGCCGGACCCCGGCCGAACCTGTCGCCGGTGCGCAACTGTCGGAACACCGGCCACTCCAGTGGGCGCAAGGAGGGCACGAAGGCGAGTCTAGACCGTGAGCGTCGACGGCCGCGCGCACCCGCAGAAACGGCCGCGGGCCGCGCCCTCGAAAGGGTGCGGCCCGCGAATCCGTCTGTAACTCTTGCCCCGGGGACTCTTGCCCAGGAACTCTTGCCGGGACGAGCGTCAGTGCCCGCCTTCGCCCTCGGCCTCCTGGCCGCCGCGCGGCTGATCGACCCGGGTCTCCAGGGTGGTCGCGTCGACCGAGGCGTCGGCCTTGATGGTGCCGGCGTCGACCCAGTTGCCGTTGTCGTCCTGCACCTGGAAGTAGAAGGTGAGTTCGGTGGTCAGTCCCGGTGCAACCGAGTGCCCGGCGCCGTCGAGTTCGGCCATCATCGCCGACTCGCCGAGCAGTGCCGAGCTGGGATTGGCTGCGCTGGCTGTGGTCGCACTGGTCGCGGTGCTGCCGGACTCCGTGCTGCTGGACTCCGCAGTGGTCGAGGACGCACTGCTCTGCGACTCACCGGAGGCGCTCGGGGTCGAGCCGTCCGGCAAAACGTTTGCCGGGTTGCCCGCGCGCACGGCCTGTCCGGGCGCGATGGTCGGCTCGCCGGTGATGGTCACCGTCGCCGACGACGGTGCGCCCTGTTGGGACACCGCGATCTTCGTCAGCTTGTAGGTCTTGGTCGGGCTGCTGTTGGCGATGGTGAACGACACCTCGAACGGCCCGCCCTTGTCGAACACGGTGTCGGCCTGATCGGCCGGGTAGACCACCTGCAGGTTGCGGATCTCGACCTTGTCCCACGTCGCGGTGGCCTCGCCACCGTTGACCCCGGGCATCATGTTGGAGGTCTGCGCGATCTGTCCCGCACCACAGCCGGTGGTGCCCAGTGCAATGGCGACTCCCGCAGCCGCGATGGCGGTCACCGACGCCAAGCGTCGTGCAGTCGAAGGTCGTCGCCGAAGTCGAGTTGGCACGGACACCCGTTCCTCCCAGGTAGTCGAACGCATAAACGCAGTGAACGAACGCTGCACTACGCAGCGTAGTGGGCGCGCGTCGCAAAATCCCGGCGGGGTGCCAGATTGGCCCGTGTCGTGGCGAGCGCATCGGCGGCGCGGATCTGCGCAACGGGGCGCGAGTGCGGCTGTGGACGCCATGGTTGCGCAGAAGTGATGCGGTTGCCAAGGGGTGGTGTCTCACCTGCCCAAACGCCGAGGCCGGGCGGCCATCATGGCCTTGACCTGCACCGTTGTCTGGGCCGTCTGGGGCGCCCGTGTTAGACTGGCCATACTCGAAAGGGGCACGGAACATTGAATTTCAAAGTTGGCGACACCGTTGTCTATCCCCATCACGGTGCTGCTCGGGTCGAAGACATCGTGATTCGGACCATCAAGGGCGAACAGATCGAATACCTGGTTCTCAAGGTTGCCGATGGTGACATGACCGTCCAGATTCCCTCATCCAAGCTCGAGTACGTCGGCGTGCGTGACGTCGTCGGCGAGGAGGGGCTCGATCAGGTTTTCCAGGTTTTGCGCGCCCCGCACACCGAGGAGCCCACCAACTGGGCTCGCCGGTTCAAGGCCAACCAAGAAAAGCTCATCTCCGGCGACATCATCAAGGTCGCCGAGATCGTCCGCGACCTGTGGCGTCGTGAACAGGATCGTGGACTGTCGGCAGGCGAGAAGCGCATGCTGACCCGCGCTCGTCGCGTCCTCGTCGACGAGCTCTCGCTTGCTCAGAACACCGACGACGAGAAGGCCACCAGCATTCTCGACGAGGTTCTCGCCGCGGCGTCGTAGACGTCGTCTGCTGTGACCGAACAACCCGGGCCGATCTCGTCGGCCCCGGACGGCCACGCGAGTTCGCAGGTCTGCGTGATCATCCCGGCCGCAGGCTCGGGAACACGGCTCGGTGAGTCGATCCCGAAGGCTTTCGTCGATCTGCACGGGCGCACCATCCTCGAACGGTGCGTCGATCAGGTTCTCGATCTCGATGCTCGTGTGGTCGTCGTCGTGCCTGCCGACCTCGTCGGCCGGGCACGATTTCTTCTTCCGCCACAGGTGGGTGTGGTCGCCGGTGGCGCCCATCGTTCCACCTCGGTGCGGGCCGGACTCGCCGCGGCCGGTGACGCCGGGATCATCCTGGTGCACGATGCGGCCCGTCCGCTCACCCCCGTGAGCGTGTTCCGTCGGGTCATCGACGCGATCCGCTCCGGGCATCGTGCGGTGATCCCCGGGATTCCGGTCGCCGACACGCTCAAGCACGTCGAGCAGATCGACGCCGGTCTCGCACAGGTCACCACGACTGTCGATCGAGATCTGCTCCGCGCGATCCAAACCCCGCAGGGCTTCACCCGCGAGGCGCTCGTCGCCGCGCACGCCGACGACGAGGGCCTGGCCACCGACGACGCCGGTCTGGCCGAACGCATCGGGATCCCGGTGTGTGTCGTCGACGGCCACCCGATGGCCATGAAGATCACCACCCCCTGGGACCTGCGGGTCATCCGTCAGATCCTGAACTCCGGAGAGGTCGTCACATGAGGGTCGGTATCGGCTCCGATGCCCATCGCGTCGAGTCGGGCGCGCCGTGCTGGATGGTGGGTCTGCACTTCCCCGACGATGCCGGCTGCGAGGGCCACTCCGACGGTGACGTCGGCGCCCACGCGCTGTGCGACGCGGTGCTCTCGGCGGCCGGACTCGGTGATGTCGGCTCCGTGTTCGGGACGGGCCGTCCCGAATGGGAGGGCGTGTCCGGCGTGCAGATGCTCACCCATGTCGCCGAGCTGGTGTCGCAGGCAGGGTTGCGCGTCGTCAACGGTGCCGTGCAGGTCATCGGCAATCGTCCCAAGGTCGGCCCGCGCCGCGCCGAGGCGCAGCAGGTGCTCTCGTCCGCGCTCGGCGCTCCGGTGTCGGTGTCGGCGACCACCACC
NZ_CP116236.1_gap35	1072821	1074745	1924	GGGTCCCGCCGATCAGCTCGTCGCCCAGGCGCGCATGCTGACCAGCAATCTCGCCTCGATCGCCGCGAGTTCGTCGGCGGTTGGCGGCCCCCTCTTCGACGCCCCGCAGCTCGCGCCGGACGTGCAGACCCTCGCCGATCTCGGCATCGGTGACCAACAGGTCGTCTCCAACACCTGGCCGTCGATCTCGGTGGGGATCGATCAGACCCGGTTGGGCCGTCCGTCCAAGAACATCCGGATCCAGCTGATCGGCTCCTACGCACCGGCCGGTGGTGACAACGCCGTGATCTCGGTGCGCATCGGCCGGCGGGTCATCGCAACACTGCCGACGGACTCCTCGGGGACCTTCAACAGCTGGGTCGACCTGCCCGACAACGCGGTCACCCGCTTCACCCAGCTCACCGTCACGCTCGAGCGCGGCGGGGTGAACGAGGGCTGCGGGAACGGCTCGCGCTCGAGTCTGTCGTTGAGTTCGGCCGGCGAGATCACCAGCGACGTCGCCGATCCGCCGCAACCGGCCGGACTCGGATCGGTCCCCGAATCGTTGATGCCGTGGGCCAAGCTGGCCTGGACCAAGGGCGATGTCGGCGACGTCAGCCGCGGTGTGGAGATCGCCGCCGGTCTGCAGCGGCTGTCGGTCGTCCCGCTGGGGCTCGACGTGGTGTCGATGGCCGACGCCGCATCGTCGCAGCAGCCGGCCGTCCTGATCTCCGCCGATGGTCGGGGCCTGCCCGATCTGACCCTGCCGGTCAGCTCGTCGGGCGGCACGGTGACGGTGCATGCCGCGAGCGGGTCGTCGGCGCAGATCACCCTGACCCCGGCGCTGCGGTACGGATCGTTGCAGGCGACGCAGTCCGGCGACCGGACCGTCCTGGTGGCGACGTCCACCGGGGACGGCTCCGATCTCGATGACCTGCTGCGCTGGCTCGACGACGACAACCGGTGGACATCGATCTCCGGGGATGCGCTGATCAAGGTGCGTGATCAGGACCCGGTCTACGTCGACGCCGCGGCGTCGACCCCGCGTCCGTCGGCGTCGTCGGGGCTCGGTACGGGTGCGACGATCGGCATCATCGTCGGCGTGCTCGTCGCCGCGGTCGTGGTGGCCGGCGCGGTGATCCTGGTGCTGCGTCGCCGCCGGTCCGCCGCCGGTGTCGCCGACAGCGCCCCGGACGAGCGGTGATGGTCCCACCATGACGGTGACCGAGCCGACCACCCCGCCGCCGGCGCCCGCCCGGCCGGGTGTGTCGCTGCGCCCGGCCGACCATCCGTCGGTGGTGCTCGCGGTGCGCTGGCTGGTTCTGGCCGCGCTCACCGCCATCGCCTTCCGGGTCACCATCCTCGCGGTGCTGGCGGAGATGCGTGCGCTCACGCTCATCATCTACGTCCCGGTGCTGCTGGCGCTGGTGCTGATCGCGGCGATCGGCAAGTCCTGGCGTCCCACCCCGGAACCGCCGATCTACGACCGGCAGACCGACACCATCGTCGGGGCGATCGTGTTGCTGTTGTCGGTGTCGGTGCAGTTCATGGTCAATCCCCGATACTCGCAGGCCTACATCACCGCGCACATGGACCTGCTGGCGTTGTGGTTGTTCGTGCTCGGCGGGGCGATCGTGATGTTCGGTCTGCGACCGGTGATGCGGTTCCGGTGGACCTGGGCGCTGGCGCTACTGATCTGGCCGGTACCGATGCGGGTGGTGATCCTCACCGCGGGCGGCGGCCCGGTCGCCGCGGGCGCGGTGATGGTCGTCGTCGCCGCGATCGCGACACTCATCGCCGTCGGACGCAACCGTCGCCGGGCCTTCATCGGCGCCGTACTGTCGTTGGTCACCGGACTGGTGATCCTGATCGTGATGCACGTCTATGTCGAAGGCCTGCAGCGAATTCTGCTGGTGGTGGTGCCTGCGGTGGCCGCGGCGCTGAT
NZ_CP116236.1_gap36	1086525	1089077	2552	GCATGCCGAACAATTCTCATGGGAGCACACCACCGACGCGCTGTTGGCGAGTTATGCGCGAGCGATGGAATCCTTTGCGGGTAACCGTGTCCCGGCCGTCGGGGTGACCCCACTGGTGCGGGCGACCCGCCGCTGGCGACGCCGTCGGGCGCGGATGCCCCTTTGAGTGATGGTGTCCCGAGAGATTCTCGTGGCCACAACCGTCGAAGCGGAAGGAAGACGATGAGTCACACCGACCACATCGAATTACTCGAAAAGGTGCTCTCCGAACGGGAGATCCCGTTCACCCGTAAGAGTTCCGGCGCAGCCCAGGCCGAGCACATCGTGCTCGAGCTGCCGGGGGAGCGCAAGCTCAAGACGACGGTGCTGCTGACCGCGGGCACCTACGGTGTGCGGGTGGAGGCATTTGTCTGCCGCCACCCCGACGAGAACCACGAAGGAGTCTTCAAGTTTCTCCTCAAACGTAATCGCCGGCTCTACGGCGTGGCGTACACGATCGACAACATCGGCGACATCTACCTGATAGGCCGGATCTCCGGAGATGCGCTCACCGCCGACGAAGTGGATCGTGTTCTCGGACAGGTACTCGAGGCCGCCGACGGCGACTTCAACACACTGCTCGAGATCGGCTTCGCCACATCGATCCGTCGCGAATGGGCGTGGCGCGTCTCGCGCGGCGAATCGCTGCGCAACCTACTCGCCTTCGAGCATCTCATCGACAAGGACTCACTTCCCGAACCCGGAGAACCGTTGCCGGACAGGTACGTTCCCGGCGAAACCTCGGTGATCGACGACGCCTCCGGTAGCTGACCGCTCCACCCGATTCCCGCTGGTCGAAGTACACGGCACCCCTGGCGCCGGGCCTCGGTATCCCCTCCCGCTGGTCGAGGTGAAGGGCTGGAGGGGCGCCGGGCCTTGGTATCCCCTCCCGCTGGTCGAGGTGCGAGCCGCGTGCGGCGAGCCTCGAGACCCGGTGAGATGACTAGTATCGCAACCACATCCACCGCCGTGCACCAGCCGCGCCTGCACAGTGGAGCCGCGTACTCATCACTCCCGACGGTCAAGGCGCCGACCTCCTCCGGATCGTCAGCGCCTTCCCCCGCTGGTCGAGAACCTTCCCCCGATGGTCGAACAACCCGCCCTACCGATGCTCGAGAGCCTTCCCCCGATGGTCGAGGTGCCCGGCGCCCCAGCGCCGGGCCTCGAGACCCGGCGAGACAACCAGGCTCCCAACCACATCGAGAACAAGAAATACGAAAACCCGCACCCCTTACCACACCCCACCGACAGAAAATCAGCGCCGAAATACGTTGTCCACAAGCAGAATTGATTAAAACTACCCCTTGCATCGAACGTACTTTCGTGTAGACTGGACCCATCGCACCGATCAGCCACTGGGGAGGGGCCCATGATCGACACCACCGAAGCTCTTGACGTCAAAGATGTTGACGCCGAGGCGATCTTCGCCGACATCGTCAGCCAACTCAGCGAGCTGCAATGGAATCCGGACATGACCGGGCCACAAGCCTTCGGCGCGATGAAACAAGTACTGCTGCTTCGTAATCTGGTTGATCACCACGCCACCACCCTCACCGGCGAACTGGATCGCTTGGGCGTCGCCGATCACAAGACCACCCGGCTACGAGAGTTGTTGATCAGCATGGGTTGCGCACCTGCCGTCGCAAGTCGGTATGTGCGGATCGCCGCCACCGGCGACATCGATCTGTTGTTGGCGCATGCCGCTGACGGGTCCATTTCTTCCGAACACACCGATGCCATCGTCCGCGGGTTGGCGCACATCGACACCCGCTCCCCAGAACCCCTCGACACCGTGCAACGGTGTGAATACCTGCGGAAACTCTTATCGCACTACTTTGCCGGTTTCACCCCCGCCGAGATCACCATCTACGCGCGGCAGCTGGGGAACGAGCTCGCCGCCGAGACACCCGGTGGTTTGCCGGCCGCCGAAGACAAGAAGATCAACTCCTACACCGACCGCATCACCGACGACGGACGGTTGGAGATCTCGGCGAACCTCGACATTATCGCCGGGGAAAAGACACGGACTTTGATGGAAACCTTGTCGGCGCCCAAGCCTCAACCGGATGGGGCGCCGGATCCGCGGACCCCTGAACAGATCTGCGCGGCTGCATTCGAAACGATCGTGGAGTTGGCGGCACAAGGCTTGGCCGACACCACGTTCTCGGCCAAACCGACCAACGGGCTGTTGTGGACCTGGTCTGCGGACAACCCGGCACTCGGTGGGGATTTGCAGAACCTGGGTGCGATCACCGAATCCACCGCCAAACTGTTGTCGTGTGACACCACGATCACCAAGATCATGCTCGATCCCAACCGGGTACCGCTCAGTGTTGGCGAAGCGAAACGCTTCTTCACACCGGGACAACGCAAAGCCTTACTGGTGCGAGATCGCGGATGCATCAAGTGTGGTGCCCACGCCGGACGCTGCCAAGGACATCATTTGCACCATTGGGCCGATGGTGGGCCCACCGACCTCGACAACGGCTGCCTCCTGTGCACCAGCTGCCATG
NZ_CP116236.1_gap37	1116369	1118867	2498	GTCCGTACCTGCTCGGCACCGCCGACGATGTCCATGCGCAGACGACCTGCGTCGGCAACCGACCGATGGATCCGGTCGAGTTCAGCGGCGAGCGCCGGATCAGCGCTGGATTCGAGGCCCATCGAGATCGCGAGATCCGCGGGCCCGCAGAGCACACCGTCGATTCCTGCCACCGCCAGGATCTCCGGGGCGCTCGCGCAGCCCGCACGGGATTCGATCATCACGATCGTCAACGTCGTGTCGGCGTCGGCGTGCAGATGCTCGCCTGCGCTGACCGTGCCGAATCGCCCGGCCCGACCGTAGGTGGCGAATCCACGATCACCGACCGGTGGATACCGGGTGGCGGTGACCACCGCGCGCGCGTGCTCCGCCGTGTCGACGTGCGGCACCACCACTCCGGAAGCCCCCAGATCGAGGACGCGTTGGATGAGTGCGGTCTCGTGCTGACCCACCCGGACCAGCACATCGACCCCGTGCACCTGCGCCGCGGTGATGTGGGCTCGCAGCTGTACCTGGTCGGCGGGACCGTGTTCACAATCGATGAGGATGTAATCCATCCCGGCGACAGCAGCCATCTCGACGAGTTCCTCCGAAGGCATGCGGGTGAGCACACCGACGACCTGCTCACCTGCCTGCAGACGACTCTTGAGTGTCGGCCGGCTCATCGGGCCACCATCCCTGCCGACAAATCGATGTCGGCGCCACACAGCCCCGACATCGTGAGCATCGCAATCACCGAAGCGGCGACCTCGTCTTCGGTCACCATGCGCCCCAACGCGGCTCGCGAGACGAAGTTTGCCTGCGCCTCGGCGTAACTCATGCCGGTGCGCTCCGCTTCCCTCGAGAAGTTCCGGTGCATGCGCGGGCCGTCGACGGGACCCGGGGACAGTGAGTTGACGCGGACGCCGTAGGGCCCCACCTCCGTGGCCAATGTGCTCGTCAGTCCGATGACCGCCATCTTCGACGCACAGTAGGGGGTGCGTCCGGTCAGGGGTCGCTTCCCCGACACGGATGCGAGATTGATGACGTCCCCATGCGCCCTGGCGATCATCCCCGGCAGGAATTCACGGCACACGAGGTAGGTGCCGCGCACATTCACCGCGAACACCTCGTCCCAGTCGTCGACGGCGACGTCGACGAGATCGGCGACGGGTCCTGCGACGCCGGCGTTGTTGATCAGGATCGACACCTCGGTGTCGGCGAGCTCGGCACCGAGCCGGGTGACCTGGAGTGGATCGGAGACATCGCAGGTCGTGGTGCGCCGGATCAGCGGATGGCGCGTGGTGACCGCATCGAGTGCAGCCGGGTCCCGTCCGGTCACGACGACCTGCGCCCCGTGGGCGGCGAGGGCGCATGCGATGGCCGCTCCGAGGCCGCTCCCGCCGCCGGTGACCAATGCGGTCCGGCCGGCCACCGCGGTCTGCGCCGGCCGATTCTCGGAGGCGACCGTCATCGGGTCGCCGCGCTCAGGGCGTTCGACCAGGGCAGTTCCACGCCGGTGTACTTGGCGGCGCGGACGTCGCCCGAACGAGCATGGCCCTCGAACAGCTCGACGCGCGCCGCGCGCCCGCAGACCTCACCGAGGTGCGCACTCGAGTCGGTGTTGCGCACCTCTGAGTACGTGACGGTCTTGAGGTACTTACCCACCCACAGGCCGCCGGTGTAGCGGGCAGCACCGCGCGTGGGCAGTACGTGATTCGTGCCGATGACTTTGTCGCCGTAAGAGACACACGTCCCCTCGCCGAGGAACAACCCGCCGTAGTTGCGCATGGTTGTCAGGGCCTCGCGCGGTTCGGCGGTGAGTACTTCGACGTGCTCGCTCGCGCGGGCGTCGGCAACGGTGTACGCCTCCGCGAGATCGTCGACGATGATGACCTCGCCGTGGTTGCGCCAGGCGGGCTCGGCGAAGTCCTTGGTGGGCATGTCGACCAATAGCTTGTCGATGTGGTCGACGACCCGGGCACCGAGGTCTGCCGACGTGGTGACGAGTACCGCGGGCGAATCCGGCCCGTGCTCGGCCTGCGACAGCAGATCGACCGCCACGACAAAGGGGTCGGCGGTCTCGTCGGCGATGACGAGGATCTCGGTGGGACCGGCGAACAGGTCGATGCCGATCTCGCCGAACAGCTGGCGCTTTGCCTCGGCCACATAGGCATTGCCCGGTCCGGCGATCAGATCGACCCGCTCGATCGTCTCGGTTCCGGCGGCCAGGGCCCCGACCGCCTGAACTCCACCGAGAAGGTAGATCTCGTCCGCGCCCGCGAGGTGCATCGCTGCTACGGTCGCGGCTGGGATCTCACCACGGATCGGAGGGGTGCATGCGGCGACGCTGGGCACCCCGGCGACCTTGGCGGTGACGATGGTCATGTGCGCCGACGCAGTAAGCGGGTACCGACCGCCGGGAACGTAGGCGCCGACGCGGCCGATGGGGATATGTCGTTGCCCGAGAAACACTCCCGGCAGTGTCTCCATCTCGAACTCGGACATCGACTCGAGCT
NZ_CP116236.1_gap38	1146149	1149485	3336	CGAAGCCACCCGAGCCATCTGCCCCACCCCCGGCGGCCGTATCTTCTATGCGCAGCAACTCCATCGTGTTCACGTCGATCACACAGTGCAGCCCCGACACGGGATTCGCGTACGGATTGGCGCCCTCGGCGTTCTTCACCCAGGTGTCCGACCAGCCCAGACGCCGCCCCTTGAACTCCTCGGGGATCAGCGCGCCGCCGTAGGTCCAGGTGTCCATGAAGACCAGGTCGAGATCGGTGATCCCGCGTCGCGCGAGAGCCGCCTGCACCTCCGGGTGTGCCCGCAACACCCGATCGCATTCCTCGAACTCGTCGACGGTGAAGTTCGCCTGCACGTCCGGGACCAGATCGAACGATTCGACGGTCTCATCGGTGAGGCGTACCACCGACTTGTAGGTCAGGTTCTCGGAACTGTTGAGACAGATGACGATCGCCCGTCGTGCGGGGACGGTGCCGTCGGCCTCGTACGCGGCGAGCTCGGCCTTACCCGGCTCGGCGAGTTCGATGGAGGCGTACCGCCATCCGTCGCCGACGCCCTGCTCGCGCGAGAGAACCGCGGAGACGGCCCGGAATTCGTCGGCGGAGAGTGGATCGAGCGGGTGCATACGGTGTCCTTTGTCTCGCAGCGGTTTTCGGAAGTGGACGGTTGGGGCGGGGTCGATCAGGCGGGGCGATCAGACGAGGGACTTGATGGCGTCGCTCAGCACGCCGAGGCCCTCACGGAGCAGGTCGTCGCCGATCACCAGCGGCGGCAGAAGCCGGATCACGTTGCCGTAGGTGCCGCAGGTCAGGACGATGACGCCCTGGGCGTGACATGCCGCGGCGACCGCCTTGGTGAGGGCCGGGTCTGCTTCCGGGCCGCCGGGAGCGGAGCGAGCGGGGCCCATGGTGCCGCCGCCGGGCCGTACTATTTCGATCGCCATCATGGCGCCCCGCCCGCGGATCTCGCCGATCACCGGCTTGCCCTGTGCGGCAAGTTCATCGGCCGTTTCGGAGAGGACGGAGGTGATGACCTCGCCGATGTGGCGGGCGCGCCCGGCCAGATCGAGGGTCTCCATCTGTTCGATCGCGGCGAGAGCCGCGGCGCACGCGACCGGGTTTCCGCCGTAGGTGCCGCCGAGTCCGCTGGCGTGTACGGCGTCGAGCAGTTCGGCGCGGCCGGTCACCGCCGAGAGCGGCATGCCGCCGGCGATGCCCTTGGCCATGGTGATCAGATCGGGGACGACGCCCTCCTCCTCACACGCGAACCACGTTCCGGTGCGGGCGAATCCGGCCTGCACCTCGTCGGCGATGAAGACGACGCCGTTCTCGCGGCACCACTGCGCCAGGGTGGTCAGGAATCCCGGTGCGGGGACGATGAATCCGCCCTCGCCCTGGATGGGTTCGATGATGATGGCGGCGAGCGAGTCGGCGCCGATCTGTGTCGTCATCGCCGAGATCGCATGTTCGGCTGCGGCTTTGCCGTCCACGCCGAACTGGTCCCGGAACGGGTAGCTCATCGGCATCCGGTACACCTCGGGGGTGAACGGACCGAAGTGCGCCTTGTACGGCATGTTCTTCGCGGTCAACGCCATCGTCAGATTGGTGCGGCCGTGATAGGCGTGGTCGAAGGCGACCACCGCGTCCCGCCCGGTCGCCAGCCGCGCGATCTTCACCGCATTCTCGACGGCCTCGGCGCCCGAGTTGAACAGGGCGGTGCGCTTGTCGTGATCACCGGGGGTGAGCGCGTTGAGCTTCTCGGCCACCGCGACGTAGCTGTCGTAGGGCGCCACCATGAAGCAGGTGTGGATGAGATGGGCGGCCTGGTCACCGACGGCCGCGGCCACCGCGGGGTTGGCCGATCCGACCGAGGTCACCGCGATACCCGAGCCGAGGTCGATCAGCGAGTTCCCGTCGACGTCGACGAGGACGCCGCCGTCGCCGTCGGCGGCGTAGGACGGCAGAATCGAACTGACCCCGGCGGCCACCGCGGCGGATCGGCGAGCACCCAGCTCGATCGACCGCGGGCCCGGCAGGTCGGTCACCAGCCGTCGCTCCTGGGGCAGGCGGTAGACGATTTCGGTGGCGGAAGCGGTCATCGGGTGTCACCTCGTGCTCGATGTGTGGGGGCCTGTTGTTGTGTGGGGCCTGGAGTGCGCGGCCGCACTGGGCGCTGCTGGTCATCAGTGTTCGCCCAGTGACCCGGTTCACGCGCCTGACAATGTGTCCACCGATTTCTCGGTGACACTCCACGATGTCCAGTCCGGGCGTACGGTGAACGGGTGTCGACGTCCGTTCGCTGGCTGATCGCCCAACGCAGCCTCGAATTGATGCTGCATGCCGGCGGTGCGGGCCTCGAACGCCCCATCGACAGCGCGGTCAGTTCCGAGCTGCTCACCGCCGCCGAGTGGATGGTGGGCGGCGAGGTGCTGCTCACCACCGGACTCCGACTCACCGACGACCCCGCCGAGCAGCAACGCTACGTCCGCTCCCTCGATGAGGTCGGGGTCGCCGCCCTCGGTTTCGGGGTGGGCCTGGGCTTCGACGCCATACCGCAGGCGATGATCAGTGCCGCCGACGAGGCGGGCCTTCCGTTGTTCGAGGTTCCGCTGCACATCCCGTTCTCGGCGATCACCCGCGCCCTGCTCGACCAGATCGCCGCCGGCCGCTCGGCCCGCCTGGTGTCGGCGACCCGCGCGCAACCCCGCATGACACGTGCCGCGGTGGCCCGTGGTCCGGCCGCGGTGGTCGGCGAACTCGCCGACGCGATCGAGCGTCGCGTGCTGCTCCTCGACGCCAACCATGCCGAGGTGGCGTCCTCGCCCGCCCCGCCCGACCCCGACGATCTCGCCCGGGTCCGCGCCCTCGTCGCCCGCGATCCCGCGTCGGCGGGCGCGGTGTTCGTCGCCGACGACGTCACCTTCATGGTCACCCGGATCGGCTCGGCCACAAGGACATTCGGATTCCTCGGCGTTGTCGGGGCACCTCTCGACGAGGTCAACCGGATGCTCGTCGGCCACGCCACCTCGCTGCTGGCCATCGAATACGCCAAACCGCAGGAGGTGCGTCGGGAGATGGCCCTGCTGCAAACCGACGTGCTCGGATCGGCACTCGACGGAGTAGTCGGGCCCACCGCGCTGCGGGTGTTGCGGCGCGCCGCCAGCCCCGACGACGCGGTGCGGGCGGTGGTGTTCACCTTCGCCGGCGACGCCGATGCCGAGCGGGGGCAGGCACGCCTGACCGACGAACTCGAACGCCGGTGGCGCCCGGTGTTCGTGCACCGGGCCGGAACCGAGGTGGCGACCCTGCTACGCGGCGACGACCCCGTCGACGTGGCGATCGGCCTGCTGAGCGTGCT
NZ_CP116236.1_gap39	1152199	1156582	4383	GGCCGCGGCAACCGCGCCCACTCCCGGGGAGAGCTGATGCACACGATCGTTCACATGATGCGCCATGGTGAGGTGCACAATCCCGACGCCATCCTCTACGGACGGCTGCCCGGCTTCCATCTCTCCGACACCGGTCGCGCTCAGGCCCGCAAGGTCGCCGACGCGCTGGCCGACCACGACATCACCGCCGTGTTCGCCTCCCCGCTGCAGCGCGCACAGGAGACCGCCGGACCGATTGCCGCCGCGCACGACCTGCCGATCCTCACCAACGACGAGCTCATCGAGGCCGACAACATCTTCGAGGGACTCAAGGTCTCGGTCGGCGACGGCGCGCTGCGCAAGCCGCGGCACTGGCCCAAGCTGCGCGACCCGTTCACCCCGTCCTGGGGCGAGCCGTACATCCAGCTCGCGCACCGGATGCTGGCCGCGGCCAACAAGGCCCGCGACGCCGCCCGCGGCCACGAGGCCGTCTGCGTGAGTCATCAGCTGCCGGTGTACACGTTGCGCCGCTTCCTCGAGGGCCAGCGGCTCTGGCACGACCCGCGTCGTCGCCAGTGCTCGCTCGCGTCGTTGACCAGCCTCATCTACGACGACGACGCCCTCGTCGACATCATCTATTCCGAGCCGGCCGGTGCGTCGGATCCACTCGTGACCGGGGCTTGAGCAGGAGAGTGTTGAACGCGTGAGGGTGCGAGATCGTGGTGGTCGTGACGTGTGTCCGACGCCGTCGGAACGAGGCCACCGGCACCCCTCGCGACCCCGCGTCCGACTTGTCGTAAACGCACGAGTGATGAGAATCATTGCCGCACTGCTGGTCTCGCTCGCGCTCGGCGTGGCGTTGACCGCGTGCGGTACCGGTGACGACGCGGTCTCGCAGGGCGACACCTTCCAGTTCGTCTCGCCCGGTGGGCAGACCGTCATCACCTACGACCAGGCCGACCGCAAACACATCGCCGATGTCTCCGGCGAGAACCTGACGACCGGAAAACCGTTGTCGCTCAGTGATCCCGAGTTCGCCGACAAAGCCGTCGTGATCAATGTGTGGGGCTCGTGGTGCGGCCCGTGCCGCGGTGAGGCCGCCGCCCTCGAGCAGGTCTACGAGCAATACCAGGGCCAGGGCGTCAACTTCCTCGGCATCAATCTGCGTGACAATCGGCAATCGGCACAGGATTTCGTGGACGACCGCCACGTCGGGTATCCGTCGATCTACGACTTCGCCGGGGCCTCGCTGGCCGCGCTGACCACCCCGACGTCGGTGGTGCCGACGACGATCGTGCTCGACCGGCAGCATCGTCCGGCCGCGGTGTTCCTGCGCGCGGTCAGCGCCGACGAACTCGGCGCGATGGTCGGCAAGGTGATCGCCGAGGACCCGGCACCCGGTGGTTCCGCGGCGTCAAGCACTTCCACGGCGCCCGCGTCGTCCACCCCTGCGTCTGCCGCTCCGTCGTCTGCCGAGGTGCCCCAGTGAGCGGTATCGGACAGACCTTCGCCGACACGGTGTCCTCCGGACCGCTGCTGCTCGGGGTGGCCGCGGCGGCGGTTGCCGGGATGGTGTCGTTCGCCTCACCGTGTGTGGTGCCGCTGGTCCCGGGTTATCTGTCGTATCTCGCCGGACTCGTCGGTGCCGAGGCCCCCGCGGTCACCGTCGGCGAACCCGCCAAACGCGGTCGCTCTCGCGTGGCGATGGCCGCCCTGCTGTTCGTCCTCGGGTTCACCGTCGTCTTCGTCGCCGCCACCGCGACGGTGATCGGTTTCACCAGCACCGTCATCGTCAATCACGAACTGCTGCAACGCATCGGCGGGGTGGTCACCATCGTGATGGGGTTGGTCTTCATCGGCCTGATCCCGATGATGCAGCACGAGGTGCGGATGGCCCCGCGGATGGTGTCCAACATCGTCGGTGCCCCGTTGCTCGGTGCGGTCTTCGCGCTCGGCTGGACGCCGTGTCTCGGGCCGACGCTGGCCGCGGTCATCGCCACCGCGTCGGGCACCGAGGGGGCGACCGCCGCCAAGGGCGTCACCCTGATCATCGCGTACTGCCTGGGTCTGGGTATCCCGTTCGTGGTGCTCGCGTTCTCCTCGGCGTGGGCGTTGCGCAGCCTCGCCTGGCTGCGCAATCATGCCCGCGCCATCCAGGTCTTCGGAGGTGTCATGTTGATCCTCGTCGGTATTGCGCTGGTCACCGGACTGTGGGATCAGTTCATCGTCTGGGTGCGCGACGCCTTCATCACCGATCAGGTGTTGCCGGTATGACCCGCGCCGACACCGCGCTCGCCGACCGCCCGGCCCAGCCCACCCCGCCCCGCCGCCCGCATTGGGTGCTGCGTCGGGTGCTGTGGCCGCTGCGCAACCTGTGGCGGTCGCTGACCTCGATGCGCACCGCGCTGGTGCTGCTGTTCCTGCTCGCGCTCGCCGCGATCCCCGGCGCTCTGCTCCCACAGCGCGAGCTCAACGAGCAGAAGACGCTCAAGTACATCTCCGACCACGGCACCCTGGGCACGTGGATGGACAAGCTGCAGCTGTTCGACGTGTTCTCCAGCGCCTGGTTCACCGCGATCTATGTGCTGCTGTTCGTCTCGCTGGTGGGATGCCTGACCCCGCGGCTGATCGAGCACGCCAAGAGTCTGCGCGCCAAACCGGTTGCCGCGCCCCGCAATCTGAGTCGCCTGCCGCGCCACCTCACCACCACCGTCGACGGTGATCCCGAGGAGATCGCCGAGCGGGTCTCGTCGAACCTGCGGGGTTGGCGACGCAACATCGTCGTCCGTGACGACGCAGCAACACGCGACGACGCGGCAACAGGCAAGGTCGTCGAGGTCTCCGCGGAGAAGGGGTATCTGCGCGAATTCGGCAACCTGGTCTTCCATTTCGCCCTACTCGCCCTGCTGGTGTCGATCGCGCTCGGCAAGCTCTACGGCTACGAGGGCACCCGCAGTCTCGTCGCCGACGGCGAGGGCCTGTGCAACACCTCGACCGCGGTCTACGACTCGTTCCGGGCCGGCGCGATGGTCGACGGCACCGACCTCAATCACTTCTGTTTCAAGGTCGACGCGTTCTCCGCGACCTTCCTGCCCAACGGTCAGCCCGACATGTACGACGCGACGATGTCCTACACCAAGGGCGCCGGCACCTCCGCCGGTGACTGGCGTCAGACGTCGGTGAAGGTCAACGACCCGCTGCGGGTCGCCGGCGACCGCGTCTACGTCCTCGGCAACGGATTCGCCCCGACGTTCACCGTCACCTTCCCCAACGGGGAGAAGCGCACCCAGACCGCCCTCTTCATCCCCGACGAGCTGCAGACGATGCTCTCCTCCGGCGCGGTGCGCTTCGACACCCCGGCCGGTCTCTACCCCGACGAGGACGTGCGCCGCAAGAACCAGATCGCCATCGAGGGACTGTTCGCCCCGACCGCGGATTACCAAGGGACCCTGCTGAGTTCGTCGTCGCCCGTGCCGCACGACCCGCAGGTCGCGATCCGCATCTACAAGGGCGACACCGGACTCGACACCGGTCTCCCGCAGAACGCCTATTCGCTCGACCAGGGCCTCATCAACCAAGGCAGGCTGCAACGACAGGCCCAGGTGAACCTCGCCAAGGGCGCCAGCACGACCCTGGCCGACGGCACCGTCGTCAGCTTCGACGGCTACCAGCGGTGGGTGTCGGTGCAGGTCTCGCACGACCCGGCCCAGGACTGGGTGCTGGTGTCGGCGGTGGCGATGCTGATCGGTCTGCTGGTGTCGCTGCTGGTGCGCCGACGCCGGATCTGGGTGCGGCTGGTGCCGGCCGATCCGGACCGGACGGGCATCGCCGACGGCAAACGACGTACGGTAGTAGAAATCGGCGGCCTCGCCCGGACCGATCAGGCCGGTTGGGGCGAGGGTTTCGAGGAGCAGGCGGCCGGGTTGGTGGAGCCCGGCGGTGGCTCGGCGAAACGCATGTCGAGATGGCGCAAACTCTGAGACGGGCGCACCCACGGCGGCCGCACGTTCTTCCGCAGGACTGATGAGGTGAATCGATGAACACTGGTACAGAGCACGTCGACGAGACGCTCGCCCGGTACTCCGACCTGCTGTTCGGAACCGCCATCACCGTGTACGTGCTGGCGATGCTGTTGTTCCTCGCGGCCCTCGCCGGCGCGCGGACCAGGCGCCTGGCGTCGAAGGAACTCGTCGGGGCGGCCGTCGGGTCGAGCGCCACCGGAGCCGGTGCCTCCGGGGACCGTACCCCCGGCAAGATCGCCGACACCGCGAGCCGCCGGACCTTCTCCGAGACCCTCGGCGCCATGGCCTATCCGGTGGTCTTCGTCGGCCTGGCCGCGCACATCGCGTCCATCGTCTGCCGCGGGATGGCCGTCGATCGTGCGCCCTGGGGCAACATGTACGA
NZ_CP116236.1_gap40	1179168	1179753	585	CCCATCGCGCGAATTCGGTGTCGAAGTCACCGGAGGCGATGTGCGACAACGCGAACTCGGGTTGTCCGGTTCCGCCGTCGGGCTTCCATGGCTCCAGTGTCAGCAGGGGGGTGGCGCCGAAGGCGACGACGGCGTCGAGGTCGCCGACAGGCACCGGATCACCGAGCGCACAGAAGCGGTGGACGTACCTCGGTGCCGTGCCCGCGAGATTCGTCAGTTGTTGCAGCGGAGTTCGTGTCGCGCCCTGCGCCGACATCACCGACGGGATGAACGCGCCCCACCGCCGCTCATCCGGCGACACCGACGACGGGGACGGCATCGTCACAGGTCCGGTCGACGCGCACGCGCTCATCGCGCCGGCCGACCCGAGCAGCGCCAGCCGCATCACGTCGCGTCGCGAGAGCGCCGGAAGGGTCACCCGGTCATGCTAAGCCGAACCCGCAGATCCTCACGGCGTGTGCCGGACCGGCGAACCCGCCATGAGGCGGCCGCCGCCTCGATAGACTCCTCCGGTACTGCACCACCTGGCGTCATCGGGAGACACTCATGGCTTCGAGAAGGTCGTTTCGCACGCTCGTCGTGCTC
NZ_CP116236.1_gap41	1254295	1259183	4888	GGCGCAGAACTTCTGGCGCACCCACCTCGACGGCGCACCCGACCGATCGGCACTGCCCGAACCCGCGCGGCCGGGGCCGGTGAGCTATCACCACCGCCACCTCGACACCACCTCTCGTGAACGGCTCGCGCAGACCGCCGCTGCAGCCGGCGGCACCGTCGCAGCACTGTTGCGGGTCACGCTGGCCGCGGTACTCGCCCGCATCACCGGACTCGACGACGTCGTGCTGTCGGTGCCGACCAGCGGCCGCGCCACCACCGCCGACCTCGGCCGCGTCGGCATGTTCGTGCGCACCCTGCCCCTACGACACACCGCCACCCTCGACCAGCGGCTCGGCGAGGCGCTGACCCGCACCGACGCCACCCTCGCCGAGGCGGTACGTCACGCCGACGCCGCACCCGCCGGCCTGGCCGACGTACTCCTCACCACAGCCGTCACACTCCCGGACGTCACCGACACCACCGGCACCCTGATTCGCGCCGTCCGCCCCCTCGACACCGGATTCGCCCAGACCGCACTGCAATTCGCCATCACCGACACCACCGACGGCATCGACATCCGGATGACCGTCGACGAGCACCGCGTCGACCCGGCAGGCGCAGCACTCATCCTCGATGCGTTCGTCGAGGCCGTCGCCCAGCTCGCCGACGCGGCCGCCGACACGGTGATCGGGCAGCAGCTACCGCCGGTCGCCGCGCCCGAACCGGACCCGCGGCGCACCCCCACCCTCGATCCGATCCGCGCACTCATCCCGCACACCCGAAGCACCCCGCACGCCGTCGCCGTGACCGACACACGCGGCGACCTCACCTACAGCCAACTCGCCGCTCGCGCCCGCACGCTCGCAATAACGTTGCTGCGCAGCGGGGTCCGCGACGGCGATCGCGTCGCCCTGCAGATGAGCCGATCATCGGACACGATCATCGCGATGGTCGCCGTGCTGATGGCCGGCGCCGCCTACGTCCCCATCGACCCCGACCATCCGCAGTCACGCATCGACGAACTCCTCGACGCCGCAACCCCCGTCGCAATCATCGGTGACGACCTACACGTCCGAGCCCGCGGCCCCTCGGACAGTACCCGCAGCACAGGCCACCGCGCGCCCGGCGAGGCGTACGTCATCTTCACCTCCGGCTCCACCGGAACACCCAAGGGCGTCAGCGTCAGCCGCGACAACCTCGCGACCATGCTCGGCGCCACCCTCGACGCGGTCGGCGCCGGCCCCGCAGACGTGTGGAGCTGGGCGCACTCCTACGCCTTCGACTTCTCCGTGTGGGAGATCTTCGGGGCGTTGGCCTTCGGCGGCCGCATCGCCGTGCTCGACCGCACCACCGTCCGCGACCCACGCCTACTCCTCGACGCCCTCGCCACCCACGGCGTCACCATCTTGTCGCAGACACCCACCGCCTTCGCCCGGCTCACCGACCCCGAGATCGTCGGCGCCGACGGTGATCTGCCGGCATTGCGGTCCGTCGTCTTCGGCGGCGAACCCCTCCACCCCACCGCACTACATGACTGGGCCGCAACCCATCCCGGTACACGCCTGATCAACATGTACGGCATCACCGAGACCACCGTGCATCTCACCGCCGCCGACGTCGACACCACCGACGCCCGCAGCATCATCGGCACACCGCTTGACGGCGTACACCTCTCGGTCCGCGACGCCCGCGGACGCCGCGTCCCCGCCGGCGGACGCGGCGAACTGTACGTCTCCGGGCGGCAGGTCTCCCGCGGCTACCTCAACGCGGCCACGGCGACCGCCACCCGCTTCGTCGCCGACCCCGAACAGACCGACGCACGCATGTACCGCACCGGCGACCTCGTGCGCATCCTGCCCGACGGCCGCCTCGCCTACCTCGGCCGCACCGACGACCAGATCCAATTGCGCGGCCACCGCATCGAACCCGCCGAGATCGCCGCCGTCCTGCGCCGGCTACCCGGCGTCACCGACGCCCGCGTCCTCATCGAACCCGGCAATCGTGCCGGCGACGAACGGCTCGTCGCCGCGGTCACCGGCTCTGACGCATTGGACGAGGCCGTCCTCCGCACCGAGTGCGCCGCCCACCTCCCCGCCTATGCGGTGCCGTCGCGCATCGGCGTCGTCGCCTCGTGGCCCGCCACCGACACCGGGAAACTCGACCGCGCAGCACTCCTCACGGCGATCACCGCAACAGCCGCACCCGTGCGACCGCTCACCGACGCCGAACAGCAGGTCGCCGCGGTGATCGCCGAGGTCATCGGCATCGACGCGGTGGACGCCGACGCCAACTTCTTTGCCCTGGGCGGAAACTCGCTGTCGGCAGCACGGCTGGCCGCCAAGCTCAGCGGACCGCAGCGGTGGGTCACCGTCGGCGACGTGTTCGCCCATCCGACGGTGTCGGCGCTCACCGCGCTGGTGGGCCGGCCCGGTGAGGTGGCCGTGGGTGAGCCGCTCACACCCGCGCAACTCTCTGCGGCACAACGGGCGCTGTGGATTCTCAATCGCGTCGAACCGTCCGCCGCCTATCACCTCGCCGTGCGAATCCGGTTGACCGGCAGCACCAGTCGGGGAGTGCTCGAGAACGCGCTGCGTGACGTCGCCGACCGGCACGAGGCGCTGCGGACGATCTACCCCGAGGTCGACGAGGAGCCTGTGCCACGGGTGCTCTCGGCGGAAGAGATCACGCCGATCACCGACCTGGATGAGCGCGAGGCGGTGCGCACACCGTTCGACCTGAGCCGCGACTGCGGCTGGCGGGCCGTGATCTCCGCGGACGACGCCGAGCTGATCCTGGTGGCCCACCACATCGTCGTCGACGGATGGTCGGTGCCGGTGCTGGTCACCGACTTCCTGCACGCCCTCGACGCCCGACGCGACGGCGTGGCACCGCAGTGGCCCGAGCCGCAACCGCTTTTGGCCGCGCGACGTGTGCCGGCCGACGCCGACTACTGGACCACCCACCTCGCCGGTGCCCCCACCACACTCGCACTGCCCGAGCCGCCCGACCCGCGCCCCACCGGGCTGACCGCCGGACCGGCTGTGGTGGAGCACTCGACGCTCGACGCGGCCACCGCCGCCGCCCTGGCACAGCGGGCCGCCGACGCCGGAACCACCGTGTACGCGCTGCTTTGGGTGGCGCTCGCCGCCACCCTCGCCGAGATCACCGGCACCGACGACACCGTCATCGGCATCCCCGTCGCAGGCCGCGACGACCCGGCCACCCATGGCCTCGTCGGGATGCTCGCACGCACGGTTCCGCTGCGCGCCAGCGGCATTCGCTCGTCGCGCGCCGATGACGCGCTGGCGCAGGCGCACACTACATTCGCCGCGGCCATGGCGCACGCCGACACCGCACCGGTGACGGTGCCACCCGTGCTCCTCGACCACGACGTCACGCCGCCGATTCCGCCGGGCATCGCCGAGTACGAGGCGCTGCCCACCGGGCAGGCGCGCACCGCACTGGAAGTCACCGTCCGCGACACCGGCACCGGCATGACCATCGCGCTGTCGGTGGCCGAGCACCACGTCGACCCCGCCGCCGGACCTGTTCTGCTGCAACGATTCCTCGCGTTGCTGCGGGGATTGGCGACGGCTACGGATGCTCGTGTTGAGGATCTGTTGCCTGCCGCAGAGCCGATCGAGTCGCCTGCCCGCACCGCCGACCCCGCCGATGTGCTCGACCTGCTGCGGAGCGTGGCCGCGCGTCATCCGGAGGCGACCGCCGTTGCGGACGAACACGGTTCGCTGACGTATGCGGACCTGCTGGCGCGGGCGAGCGCGTATGCCGCGGACCTTGCGGACAGCGGCGTGGGGGCCGGTGAGAGGGTCCCGTTGACGTTGCCGCCGTCGGTGGATGCGGTCGTCGCGATGGTCGGCGTGCTGATGGCCGACGCGGTGGTCGTGCCGATCGACCCGGCCGCGCCGCAGGAGCGGGTCGCGGCGATGCTCGCGCGATGCGAGAGGGCGACGGCCCCGGGCGATGCGTACGTCATGCACACCTCCGGCTCGACGGGAACACCCAAGGGCGTCATTGCCACCCGCGCCGGGCTGGCCGCCATGCTCGCCGCCTCCCGCGACCTGATCGACCCCCGACCGGGCGACGTGTGGGCGTGCACCCATGCCCCCACCTTCGACGTGTCGGTGTGGGAGATCTTCGGGGCGCTCACCTCGGGCGGCACCGTCGCGATCGTGCGCCGCGACGACGTCATCGACGTCGAGCGCTTCGTCGACGCCCTCGACCACCGCGGCGTCACCATCCTCGCCCACACGCCCACGTCGTTCGTCCGGCTCACCGACCCGACGATCGGCACACACCGGCTACGCACGCTGCGGTGCCTGGTGCTCGGCGGCGAAGCCTTCGACCCGACCGCACTGCAGCAGTGGGCACTCCTGCATCCCGACGTCCGGCTCGTCACCATGTACGGTCCCACCGAAACCACCGTCCAGGTGACCGGCGGCGACATCGACGTCGGCGACCACCGACCCCTCATCGGCCGACCACTCGCAGGCGTCGGCGCGGAAGTCCTCGACGTACAGGACCGGCCGGTGCCGATCGGCGGACGCGGCGAGTTGTACCTCACTGGAACACAACTCGCCCGCGGATACGTCGACCCCACCGAGACCGCGGCACGCTTCGTCGCCGCACCCGACGGCACACGCCGCTACCGCACCGGCGATCTGGTGCGTCGCCTGTCCGACGGCCGACTGGCCTACCTCGGCCGCACCGACGATCAAGTGCAGATTCGTGGATACCGCGTCGAACCCGCCGCCGTCGTGGCGGTACTCCGATCCGTGCCCGGCGTTAACGACGCACGGGTCGTCGTCGACTCGGGTGCGCAGCCCGGTGACGAGCGGCTCGTCGGATTCGTGATCGGCGACGCCGACGAGTCGACCCTTATGGATGCT
NZ_CP116236.1_gap42	1372302	1375811	3509	TCAACGAGGTGCTGCAGTTCTTGATGCCGCGCACCGAGGCCAAGAAGTCCGCCGCCAAGGCCGCCTCGGCCGGCGAGAGCGTCGAGGCCGCCGCAGCCGCGGTCACCTCGACCATCGAGGTCGATTTCGAGGTCGGCGAGTCGGTCACCGTCATGGACGGACCGTTCGCGACGCTGCCCGCCTCGATCTCCGAGGTCAACGCCGAGCAGCGCAAGGTCAAGGTGCTCGTGTCGATCTTCGGTCGCGAGACGCCCGTCGAACTCGGCTTCAATCAGGTCGAGAAGATCTGAACACACGGGGGCTCCGCCCCCGTGGACCCCCGAACAGCGGGGCAACAGACTTCCACGCCTCCAGCGGACGTGGATCAGCAAGAAGAACAACCAAGGAACTAGAGATGCCTCCCAAGAAGAAGAAGCTTGCCGGGATCATCAAGCTCCAGATCCAGGCAGGCGCGGCCAACCCGGCCCCGCCCGTGGGTCCGGCGCTTGGTCAGCACGGCGTGAACATCATGGAATTCTGCAAGGCGTACAACGCCGCGACCGAGTCGCAGCGTGGCAACGTCATTCCGGTGGAGATCTTCGTGTACGAAGATCGGTCGTTCGACTTCAAGTTGAAGACCCCGCCGGCGGCGAAGCTGCTGCTCAAGGCTGCCGGTCTGCAGAAGGGCTCCGGCGAGCCGCACACCAAGAAGGTCGGCAAGGTCTCGATGGACCAGGTCCGCGAGATCGCCAAGACCAAGCAGGAAGACCTCAACGCCAACGACATCGATCAGGCCGCGAAGATCATCGCCGGTACTGCTCGATCGATGGGCATCACCGTCGAGTGAGCTCGCGATCTCGCGATGTCACCGAAGGCTGAGAGTCTTCAGATGTAGTGGGAGGGCCGGCTCGGCCCGCACCACCAACCCGAATCGTTTCACGGAGAAAGAACAGAGCAATGAGCAAGAAGAGCAAGGCCTACGCGGCCGCGGCCGAGAAGGTCGACAAGAGCAAGCTCTACAGCCCGCTGGAGGCTGCCGAGCTGGCCAAGGACACGTCGTCGAAGAACACCGACGCGACCGTCGAGGTTGCGATGCGGCTGGGCGTCGACCCCCGCAAGGCGGACCAGATGGTTCGAGGCACCGTCAATCTGCCCCACGGGACCGGTAAAACCGCCCGCGTGATCGTGTTCGCCACCGGCGACAAGGCCGCCGAGGCCGTGGCCGCCGGTGCCGACGAGGTCGGCGCCGAGGATCTCATCGAGAAGATCCAGGGCGGCTGGCTGGACTTCGACGCCGCGATCGCCACCCCCGATCAGATGGCCAAGGTCGGCCGTATCGCGCGTGTCCTGGGCCCGCGTGGTCTGATGCCGAACCCGAAGACTGGCACCGTCACCCCCGACGTGACCAAGGCCATCAACGACATCAAGGGCGGCAAGATCAATTTCCGCGTCGACAAGGCAGCGAACCTGCACTTCGTCATCGGCAAGGCCTCGTTCGACGCCACCAAGCTGGCCGAGAACTACGGTGCCGCCTACGACGAGATCATGCGCGCCAAGCCGTCGGCTGCCAAGGGCCGCTACATCAAGAAGGTCACCGTCTCCACCACCACGGGCCCGGGTATCCCCGTCGACCCGGCGGTGACCCGTAACTTCACCGAGCCCGCACAGGCCTGAGCGAGTTCGACACCTCCTCGACACCCCCGATCGCCCCGCCGGCGGTCGGGGGTGTTGTCGTTGTGCGGCGGTGTCGGTCGTGACGCGGGGCCCAAGATCTCCGCTGGCGCGCCCGGTGGCGCTGCTAGCGTTACGTGGTCACTGCTCACGGGCGCAAGGAGTCAACGATGTCTCTCCGCGAAGTCGAGTTCACCTCGAGCAATCAACGGGACACGATCTACGGGTGGATCTACGAGCCGGTACATCCGGCCCGGGGCATCATCCAACTGATCCATGGCCTGGGTGAACACTCGCGACGCTACTTCCCGCTGATCACGAAGTTGCTGGATGCGGGGTTCGTCGTGGCGGCCGACGATCACGCCGGGCATGGCAAGACGGCGATGTCGTCGGGGATATGGGCCGACGCCGGTGAACGGGCCGATCAAGTGGTCACCGACGACGAACGCTCCCTTCGTTCGATTGTGCGCGAACGTCATCCGGATCTGCCGTACGTGATCTTCGGACACTCGTGGGGGTCGATGATCGCGCGCGGGCTGGTGAGTGGCGACAGTGATCAGGTCGACGGACTGATCCTCTGTGGTGTCGCCGCGGAGATTCACGGCATCGAGGATCTGCTGGACCGCGATGCTCTCGCCGCCGAGGCCGATACCGCGGCGCCTGCCCCCGACGCGTACGTGGTGTCGATGTTCGACGGGTTCATCTCCCGCTACGAGCCGGGATCCGGGCCGACGGCGTGGGTCGCCCGCGACCCCGACGTGGTGCGCGATCACGCCATCGACCCGCTGAACAACTTCGGTGCCCCGATGTCGGTGCGATTCGTGCGGGGATTCGTCGACCTCTACGACGCTGTCAATGCCGCCGACTGGTACGGCTCGATTCGCCCAGATCTGCCGGTGTTGATCCTCGCCGGCGATGGTGATCCGGTCACCAACTTCGGTGAGGGGGCTTACCATGTGGCCAATCAGCTTGCGCGCAGCGGACATCCGGACGTCCGCACTCGTGTATACACCGGCTTCCGGCACGAGGTCCACAACGAGCCCGAGATCCGGGACGAGGTGGCCGCGGAAATCATCGACTTCGCGAGTCGCTGCGTTCAGCGGTGACGCCCGCACCGTTCGGGCCGTCGTCGTTCCCCGTCTCGACTCGCGGGACGGGGAACGACGCGTCATACCCCGATGGCTGAACGCATCTGGCTGACTGCCTCCCGATACCGCGCGACATTGGCCATCTTGATGCCTTCGTAGCCGCGTACCATGTCCGGCAGGGCCGCGAGTTCGACCAGCGACGAATACTGTTGCGGTGTCACCGAACCCGACTCCCAGGCGGTGACGATCGAATCGACCAGTGAATGGTACTCGCCGATGAGGGCGCGTTCGGTCCGACGGATCTCGTTGTAGCCGAAGGGATCGAGGCGGGTGCCGCGCAGCCGCTTCATCTTCGCCAAGGTGCCGAGGCCGGGCTTGGCCCACGCTCCGAACGACATCTTCTCCTTCATGCCCATGGCCCGCAGGGTCGGCGGGTGCAGACGCACCGCGACTTTCGCGTCGGCGCCGTACTGGTCGGCGACCTGCGCGGCGAACGTCGGGTCGGCGGTCAGCCGAGCCACCTCGTACTCGTCCTTGTAGGCCATGAGTTTGTACAGATTGCGGGCCACCGCGTCGGTCAACTCGTCGCCCGCGCTGCTGCGATGCACGCGCGCGACGACGTCGAGATACTCACGGGCGTAACGCTCGTCGGCGTAACCGACGAGATCGTCGACGCGCACCGCGATGGTGTGTGCCAACTCGTCGTCGATGTTGCCGAGAGCGGCCACCTGCGCCTGCGCCCACGCGCTCGTCTCGGGTGTGGTCACCACC
NZ_CP116236.1_gap43	1408817	1411931	3114	TGCAAGCGGTCATGTGCAGCGCAGCATCCGCGACGAGATCCGTAACAACCTGCTGACCGCGCTGCGCGAGGGCCGCGATCCGTGGCCGGGCATTGTCGGGTTCGAGGCGACGGTCATCCCGCAGCTCGAACGTGCACTGCTCGCCGGACACGACGTTGTCATGCTCGGCGAACGCGGACAGGGCAAGACCCGCATCCTGCGGACCCTCGTGGGCCTGCTCGACGAGTGGACGCCCGTGATCGCCGGCTCCGAACTCGGTGAGCATCCCTACGAGCCGATCACCCCGGCATCGATCCGCAAGGCCGCCAACCTCCTCGACGACCTGCCCATCGAATGGCGTCACCGCAACGAGCGCTACAGCGAGAAGCTCGCGACCCCGGACACCTCGGTGGCCGACCTCGTCGGCGACATCGACCCGATGAAGGTCGCCGAAGGGCGCAGCCTCGGTGACCCGGAGACCATCCACTTCGGGCTCATCCCGCGCGCACATCGCGGCATCGTCGCCATCAACGAGCTCCCCGACCTGGCCGAACGCATCCAGGTCTCGATGCTCAACGTGATGGAGGAACGCGACATCCAGGTCCGCGGCTACACGCTGCGCCTGCCGCTGGACGTGCTCGTGATGGCCAGCGCCAACCCCGAGGACTACACCAACCGCGGGCGCATCATCACCCCGCTCAAGGACCGCTTCGGCGCCGAGATCCGCACGCACTACCCGATCGAACTCGACGACGAGGTCGCCGTCATCGAGCAGGAGGCCGACCTCACCGCCACGGTGCCGACCTTCATCACCGAGATCCTCGCGAGGTTCACCCGCTACGCCCGCGACCACCCGTCGATCGACCAGCGTTCGGGGGTGTCGGCGCGGTTCTCGATCGCCGGCGCCGAGACCGTTGCCGCGGCGGCGCTGCATCGCGCGGCCGTCACCGGCGAAGAGGTGCCGGTGGCGCGCGTCGTCGACCTGGAATCGGTGATCGAGGTGCTGCGCGGCAAGATTGAGTTCGAGTCCGGTGAAGAGGGACGTGAACTCGAGATCCTCGAGCACCTGATGCGCAAGTCCGTCGCCGATACGGTGCGTGCCCATCTCGGCGGCATCGACATGGCGCCGCTGGTGTCGGCATTGGAGGCCGGTGAGCTCGTGGTCACCGGTGACCGCGTGCCCGCCGCGGACTTCCTCGACTCGCTGCCGTCGCCGGAGACCACCGCCCCGGTGATCGACGAGATCGCCGAGCGACTCGAGGCCGGCTCCGACGGCGAACGGGCGAGCGCCGTCGAACTCGCCCTCGAGGGACTGTTCCTCGCGCGACGCATCGGCAAGGAAGCCGACGAGTCGGGGCAGACGATCTACGGCTGAGCAACCGCCGATCCACGCATTCCTGCGATCCACGGCCGGGCCGAGTCCCGGCGGATTCGACCAACTCGGGAGAAACCCATGGTGCAGAAGAATTTTCACCGATCCCGGTATCAGCGCTACACCGGTGGGCCGGATCCGTTGGCGCCGCCGGTGGATCTGCGGGAAGCGCTGAGCGAGATCGGCGACGACGTGATGGCCGGCGTCAGCCCGCAACGGGCGCTGCAGGAGTTCCTGCGACGCGGGTCGCAGGACATGCGGGGTCTGGACAAGCTTCGTGAGCAAGTGAACCGGCGGCGTCAGGAGCTGCTCAAGAAGCGCAACCTCGACGGCACCTTCACCGAGATCCGTGAACTCCTCGACCGGGCGGTGCTCAACGAACGCAAACAACTCGCCCGCGACCTCGACGACGATGCACGGTTCGCCGAGATGCAGATCGGCAGTCTCCCGGCCTCCACCGCGCAGGCCGTCGAGGAACTCTCCGACTACCGGTGGCGCAGCCCCGAGGCGCAGCAGGACTACGACAAGATCAAGGATCTCCTCGGTCGAGAACTGCTCGATCAGCGTTTCTCCGGGATGAAGGAGGCGCTCGAGGGCGCCACCGACGCCGACCGGCAGCGGGTGTCGGAGATGCTCGCCGACCTCAACGAGCTCCTCAACGCCCACAACCGCGGTGAGGACACATCGCAGGCGTTCGAGGAGTTCATGGACAAACACGGCGAGTACTTTCCCGAGAACCCGCGCAACACCGAAGAACTCATCGATTCGCTGGCGCAGCGGGCTGCCGCGGCCCAGCAGTTCTACAACTCGCTGACGCCCGAGCAGCGGGCCGAACTCGATCAGCTCGCACAGCAGGCATTCGGGTCGCCGGACCTGATGAGTCAACTCGCGCAAATGGATTCGGCGCTGCGGCAAGCCCGGCCGGAGCTCGACTGGGACAACGCCCAGGAGTTCTCGGGCGATCAGCAGATGGGCCTGGGGGAGGGGGCCGCGGCACTGCGCGACATCTCCGAACTCGAGGCGCTCTCCGAGCAACTGTCCCAGCAGTACGCCGGTGCGCAGATGGACGACATCGACATCGACGCGCTGGAACGGCAACTCGGTGAGCAGGCCGGCGTCGACGCCCGCACCCTGCAGGAACTGGAGAAGGCGCTACGCGAGGAGGGCTTCTTCGACCGGACCGCCGACGGCCGACTCCGATTGAGCCCCAAGGCGATGCGTCAACTCGGGCAGGCGATCTTCCGGGACATCGCCGACCAGATGGGCGCTCGCGGCGACCGGCAGACCCGCAACAGCGGACTGCTCGGCGAGCCGACCGGCTCGACCCGCGAATGGGCCTACGGCGACACCGACCCCTGGGATGTCTCGCGCACCGTCGCCAACGCCGTGTTGCGGACCGCCGCGGAAGGGCATCCGACCAGCGACCTGCATCCGGGTGTGCGGATCGACGTGCGCGACGTGGAGGTCGCCGAGACCGAGGCCCGCACCCAGGCCGCGGTGGTGCTGCTCGTCGACACCTCGTTCTCCATGGAGATGGAGGGCCGCTGGACTCCGATGAAGCGCACGGCGATTGCGCTCAATCACCTCATCTCGACCCGATTCCGCAGCGACGAACTGCATCTCATCGCGTTCGGTCGCTACGCCCGGTCGATCGACATCGCCGAACTGACCGGGTTGCAACCGCGTATGGAGCAGGGCACCAACCTGCACCACGCGCTGCTGCTGGCAGGTCGGCATCTGCGTCGGTTCCCCAATGCGCAACC
NZ_CP116236.1_gap44	1423556	1425813	2257	AGGTTGCCCACTGCTTGATGATGGATGATGGGCGCGGTCCCGCCGCCGGTGTAGGTCCTCGCCCACTTGAGTGTGAAGTCGTATGCGCTGCGCGCTACGGCCACTGCGGCGATACTCGCGATGGGTGCCGACCAAGTGAAGTTGCGATGTATGAGCAGGTCTCCCTGGGTGCCGGTCAGCATGTTCTCTTCAGGGATATGAGCGTCGCGAAAGGTCATGGTGACGTTCTGGCATGTGCGATGAGCCATCTTGTCGATGACCTCGTAAGTGATGCCTGCGGTGCCGCGCTCGACGACGAACGCACCGAGTGCGTCGACGGCGCCGCGGGTGGTATCGGTGCGTGCGACACACACATTGATGTCGGCACCTCGAAGGTCCCATCCTCCGGCGTTGGCGGGCCAGTGTTTCTCGCCGTTCACCACAAACTCGCCACGGCGTGGTTTGTGTTCAGCGAGAAGTTGTATGCCTGCCATGGGATTCGGATGGTCGAAGTTGGCGGTGCCGCCGCGTTCGCTGACGACCCAGCCGGCGAGGAAAGTGCCGGTCGTGTCCTCGGTGGCCTTGGTAATCCAGCGTTCGCGTTGTTCTTCGGTACCGAGCCACAAGATCGGCATGAGCGAGAGTCCGTTGACGAGCAGAATCGTGGGGAATCCTGGGTCGGCGGCGCAGAGTTCTTCGATCGCGATGAGGAAATCGACGTTACTTGCGCCACCACCGCCGTACTGGCGAGGCAGAAACATTGTGGTGAAGCCGTTCTCTGCGGCGAGCCGATAAATCGGCTGCATCGCGCGGAACGCCTCATGCGGATCGCCGATCGCGTCGGCGCGCTCGGCAGCAGGACGCAGCACGTCGATGGCGAATTCGCGCGCACGCGCTTTCAGCCGCTGTTGCTTCTGTGTCAGGTCGAACCCGATAGCCACTTACTACCTCCGAAGGAAGCCAGCACAACACGGACGGCAGCTAGCCGAGCAGACGGGCCGGGGAGCAGGCCCGATGACGCCTCGGTCAAGCGGTCATGCGACCGGGGGGCCACTGTGCGTCATGCCGAGTGCTCCCAGCAAGCCGTAATCATTGGTGGCGATATCTGCCAGCGTGGCTTGATCGAGGACCTCGAAATACGCGTCGAGAGCTTGGGCAAAGACATTTCGAGCCCCGCACACCCCGGCGATCCGGCAGTAGCGGACCGGTCCGAGGCACTCCACAACGGCGAAGTCGGACTCCATGATTCGCATGATCTGACCCACCGTGATCGTGGACGGATCTCGCACCAGATGCACTCCGCCGCCCCGGCCGCGCGTCGTCTCCACAATGTCGGCCCCGGCCAACTTCTGTACCACCTTGTCCAGGTGGTTGCGCGAAATACGGTGAGCCGCTGCGATTTCGGCGACTGATCCGCGCTGTTCCGGCGCGACACGCAGGTACAGCAGCACCCTCAGGGCGTAGTCGGCGTGGCTCGTGTGCTTCATGGTGGCCTCCAGCGGCAACGTGTTCACCGATCGTACCGGCCTTCAACGGTTGCCGCGGTTCGCGCGAGTGAGGGTGTGGCCGCATCTGTTACGGACTGATCGAGCCACACCCTCGTCCGCGTCAGCCGGCGATGGTGCCGATGCTTTCGTGGTGCTTGTCGAACTGCACGTATTCGTCCTCCATGATGGCGCGCGGGTTGAAGGCGGGATCTGCGATGATGCCGTGGACACGTCGACGCTGCATGCCCATGTTGCCGCCGTCGTAGATCGGCAGGACCGCGGCTTCGCGCAACAGTTTTCCGAATCCGTTCTTCGTCTCCAGGCTGTTGACGCCCACGATCTGCATGCATTTGTAGACGCAGTCGAACATCAGCTCGGTGACCTGGATCTTGTTCATGGCCCCGACCAGCTCCGCATGCTGTTCGTGCTTGTCGAGGTAGTCGGCAGCCCGCCACGAGAATGAACGTGCCATCTCGATCTTCGATGCCACGTCACCGAGCACGTAGCCGACGTTCTGGAAGCCGATGATCGGCTTGAGTCCACCTGCGGTGTTCGTCTTGGCCCAGCTCAGAGCGGTTTCGTATGCGGCGCGGGCCATCCCGACGGCCGCGATGGCCGCCACCGGACCGGACCAGGCGAAGTTGCGGTTGATGACCAGATCTCCGTTCCCGGCCGCGCCGGGCAGAAGATTGGCGGCGGGGATTCGCGCATTGTCGAAGACGATCTCGGCGTTGGAGGCGAGTCGATGGCCGATCTTGTCGAGATGACGGTAGCTGACACCCGGTGTGTTG
NZ_CP116236.1_gap45	1432465	1435040	2575	TGGTGTAGCCACTCGTCGACCAGGCTCTCGCTGTTGCGTGGGTAGACGCCGAGCGCGTCGCCGGCCCGATAGTCCAGAGTGCCCGGCGGCAAGTGGAAGGCGAAGTTGCGCACGTCTTTCGCCGAGCCGGTGGTGTTCAATCGTCTGTTGTGGATCAGGCTGGTACGCAATGGCTTCTTGCGTGAATACCCGGGCGAACTGACCTGAGCGGAGGGTTCGCGAACCTCGACGCGCGGCGCCGGGACGTCGGTGGCCGTCGGGGCCTCGGGTGTGAGACGGGAGAGAACACGCTCAAGCCACGCCCCGGCGGGCTCCTCGAAGTCCGGCTCGCAGTCCACCCGGTCGGTCAGGCGTGTCGCCCCGAGCTCGGCGAGCCGTTCGTCGAGTCTGCGTCCGTGGCCGCAGAAGTCGTCATAACTGGAATCGCCGAAAGCCAGTACCGCATAGGCCAATTCGTCGAGTACGGGCGCGTCGTCGGCGGTCAACCGCTCCCAGAAGCCGGTGCCGTTGTCTGGTGGTTCACCGTCGCCGGTGGTCGCCGTGACGAACAGTGCGGTGTCGGACAAGGTATTCGGATCGCACTCGTCCATCGCCGTGGCCGTCACCGGATGTCCGCCCTCGCGCAGACGCCCGGCCACGGTCTCGGCGAAGTCCTCGGCGTTGCCCATCTGCGACGCCCAGAGGACGGTGATCGGTGCGCGTGACGGCGCCGGCGCCTCGACGGATTGCGTCCCTACGTCTGAGCCGGAATGGGCCGAGCGCGAGAACATCCCGGCCAGCAACCCATTGACGTAGGCGGCCGTATCCGCCACCAACGGCACGTCCGCGGGCAGTGTCGGCACCGCGTCGTGGGGCGGTGCGGCACGGAGTCCGGCCACGAGGCCGGCGAGATAGGTCCGTTCGGACTCGGTGAAAGACGGAGTGGCGATGTCGGAGACGCCGAGGGTCGCCGCGAGCGAGTCCACGAGCGCCGTCGCCGGGATAGCAGGCGCGGTCGGCGCGGTGGCGGGCGCTGTCGCCGGAAGCGAAGGCGCTGTCGACGGCGGTTCGGCGGCACCGACTCTGGTGAGGGCGACGGCACACACCTTGAACTCCGGTTGCTGGGATGCGGGGTCGATGGCATCGGAGGTGACCGCGTTGATCGCGAGGTGCTCACCCCAGAGGTCATTCCAGTGGAAGGGGACGAAGACGCTGCCCGGGCGGACGCGGTCGGACACCTGGGCCGGTAGTACCGCACGCCCGCGTCGGGAGGCCACCTCGACACGGTCGGTGTCGGAAATCGCCAGCCGCGCAGCATCATCGGGGTGGATCTCGACGAACGGTCCGGGCGCGAGTTTGTTCAGCTTGGCGACCCGGCCGGTCTTGGTCAGCGTGTGCCAGTGGTGTGGGAGGCGTCCGGTGTTGAGCAGGATCGGGTAGTCGTCGTCGGGCATCTCCGCCGGATCGACGTGTGGCCGGGCAAAGAACTGTGCGCGACGCGTCGGTGTGGCGAACGCCAACCGAGGACGGGTGCCGTCGTCGAGCTGGTGCAGCGCCTGGCTGTGACCGTCGTTGAGGTAGCGGATGGGGTGTCGGCCGTCGGCGTCGGTGTCCTCCGGCGGGCACGGCCATTGGATGGGGGAGCGGCGCAGCCTTTCGTAGGTGACACCCCGGAGGTCGTAGCCGGTGCGCGGGTTGTGAAAGCGGCGGATCTCGTCGAAGATCTCCTCGGCGCCGGCATAGGTGAAGGCATCGGAATATCCCATGGCGCAAGCGATCCGGGCGATGATCTGCCAGTCCGGTAGCGCCTGACCGGGTGCCGGCATGGCCGGGGAGAACAGGGTGATGTTGCGTTCGGAGTTGACCATGGTGCCGGTGGATTCACTCCACAGGGCGGCGGGCAGGACGACGTCGGCGTAGGCGTTGGTCTCGGTGGAGGTGAAGGCGTCCTGGGTGACGACGAGCTCGGCGCGGCGGAGACCGTCGATGACGGTGCTCCGGTTGGCGACCGAGGCAACGGGATTGGTGCAGATGATCCAGCACGCCTTGATCTGTCCGTCGGCCATGCGGGAGAACATGTCGATGGTGCCGCCGCCGACGTCGGTGCGCAGGGTTCCGGCGGGCAGGTGCCATTGTTCTTCGACGAATGCGCGGTCCTCGTCGGAGGTGACGGCCCGCTGACCGGGCAATCCTGGTCCCATGTAACCCATCTCGCGGCCACCCATGGCGTTGGGCTGACCGGTCAGCGAGAACGGCCCGCTGCCGAGTCGGCAGATCGCGCCGGTGGCGAGGTGGAGATTGATGAGCGCGTTGGTGTTCCACGTTCCGTGCGTCGACTGGTTGAGACCCATCGTCCAGCAACTCATCCAGTTGCCGGCGGTGCCGATCAACGCCGCCGCTGCCCGCAGGTCCTTCTCGTCGATCCCGCAGATCTCGGCCACCCGCTCCGGCGGGTACTGCTCGGCGAAGGACGGCATCTGCTCGAAGCCGTCGGTGAACTCGGTGATGAACTCGTCGTCGAGATGGCCGCCGACGATCAGCAGATGCAGGATTCCGTTGAGCAGTGCGAGGTCGGTGCCGGAGCGAACGGGTAGGT
NZ_CP116236.1_gap46	1439317	1440765	1448	CAACAACGACTCGACGTCGACGGCGGCCAACAACCAACCGTTGGGCGGTGACCCCAGCGCGCGCGACAGCGGCTCGGTGCCGGCGCCGGAGGGCTCGGTCCAGCAGGTGGCTGCGCAGACCCTGCCGTCGGTGGTGTCGATCGACGTCACCACGGGCACCGAGCAGGGCGAGGGTTCGGGCGTCGTGCTCAGCGCCGACGGCGTCATCATGACCAACAACCACGTGGTGAGCGGCAGCAATGGCCGCCCCGCCACCGACGTCGTCGTGAACTTCCAGGACGGCTCGCGTTCCGCGGCCCGCGTGTTGGGCGCCGATCCCATCTCCGATATCGCCGTCATCAAGGTCGACAAGTCCGGCCTGACCCCGATCAAGGTCGGGACTTCCGACAATCTCGCGGTCGGCCAGGACGTCATCGCCATCGGAGCGCCGCTGGGCCTGCAGGGCACGGTCACCACCGGCATCATCTCCGCGCTGAACCGCCCGGTCTCCACACAACGCGAGGGTGACACCACCTCGGTGATCGACGCGATCCAGACCGACGCGGCGATCAATCCCGGCAATTCCGGTGGCGCGCTGGTCAACGCGCGTGGTGCACTGATCGGTGTGAACACCGCGATCGCCACCCTAGGCGGCGGCAGCGGCGGTGAGGAACAGCAGAGCGGCAGCATCGGACTCGGCTTCGCGATCCCGATCGACCAGGCGATTCGAGTGGCCAACGAGCTGCGCGACACCGGCAAGGCGACCCACGCGGGTCTCGGGGTGTCGGTGCGGCCGAGTACCGATCCGAACTCTCCCGGAGCCCTGATCGCCGACGTTCAGGCCGGTGGCCCGGCCGCCGCGGCCGGAATTCCCAAGGGGGCGATCGTCACCAAGATCGACGATCGCAACATCGCCACCGGTGACGCCCTCGTGGCGGCGGTGCGCTCACACAACCCCGGTGATCGAGTCCAGGTCACCTACACCGCAGGCGGACAAACGAAGACGGTGACGGTGCAATTGGCGACCCTGCAGTCGAACTGATCGAACAGGTGGTTCGTTCGGCTTCACTGCGACGAATCACCGTGCAGGGCCGACGACCATGCCGCATCACCACGAGCACGCCGTAGGCGCGCTGAACGCAGAGAGGACAGTGGCCATGATGACCAGCGACTCCGATTTTCAGGTGGCTGAGCTCCCGATGACCGAAGGTACCGAGGTGGATCCGGCCGACGTGGTGGCCGCCGATGCCGCTGCGCGCGCATTCGCAGCCCGTCAGGGCGGGTCGGCACGCGAGTCCGCGGGCGACGAGGTGGGTCGAGCGTTGGTCGTCGTGGTCGACGACAGGGTGGCCCACGGCGACGTCGACAGCCCACTTGGTCCGCTGGTGGGGGAGTTGCTGGAGGAAGCCGGATTCCACGTCGACGCGACGATTCTCGTCCCCGGAGACGAGGTGGAGATCCGTAACGCC
NZ_CP116236.1_gap47	1474892	1476851	1959	CACTGCTTGATGCGGTTGAAGAAGCGCTCAACGACGTTGCGGCCCTTGTAGGCTTCTTTGTCCAAGGAAATCGGGCGCCCTCCGTCGGAGCCCTTGTTCTTGCGGTTGGCGATCTGATCGTCGCGTTGCGGGATGATGGCCCGGATGCCGCGTCGGCGCAGGTTCTCGCGATGGGCACGCCCGCAGTAGGCCTTATCGGCCAGTATCGCATCGGGCCGGGTCCGTGGCCGCCCACGTCCGCGACGGGCGACTTTGAGCTGGTCGAGCAGGGGCTCGAGCATAGGCGAATCACCGCCCTGCCCTGGACCACACAGGACCACGAGTGGCAGTCCACGTCCGTCGACCAGAGCGTGGACTTTGCAGGTCATGCCGCCGCGTGAGCGGCCCAGCGCGTGGTCAGCCGGCTCGTCGCCACGATTGGTGTAATTCGACAGATCCCCCTGTGTGGCGTGGGAGGGTCGTGGCGTGCTGGTGGGCGCGGGCGACGGTGGAATCGACCGACACCGTCCATTCGAGCACCTCACGCGCGTCGGCATCGGCGGCCAGCGCAGCTAGAATCTTGTCGTAGGTGCCATCCCCGCTGTAGCGGCGATGGCGCTTCCACACCGTCTGCCACGGACCGAACTCCGCAGGCAGATCACGCCACGGACACCCGGTGCGCGCCCGGTAAACGATTCCTTCGATCACCTGCCGATGATCGCGAAAAGGACGGCCCCGCAAACCATCCGACGATGGCAAGATGGCTTCGAGCAGTAGCCACTGCTCATCTGTGAACACCTGAAATCTCGACACACCCAAAATCATGCGCTACAACAACACTCAGAATTGGGAGACACGCCCTAGGGCGTGTCTCCTTATTGTGTGAGGGTTTGCGTCCAGAGTCGGATTCCGGCCAGAAGGACTGTGCCGCGGTAGGTTAGGGCGAGTTTGTCGTATCGAGTGGCGACTGCGCGCCACTGCTTGATGCGGTTGAAGAAGCGCTCAACGACGTTGCGGCCCTTGTAGGCTTCTTTGTCCAAGGAAATCGGGCGCCCTCCGTCGGAGCCCTTGTTCTTGCGGTTGGCGATCTGATCGTCGCGTTGCGGGATGATGGCCCGGATGCCGCGTCGGCGCAGGTTCTCGCGATGGGCACGCCCGCAGTAGGCCTTATCGGCCAGTATCGCATCGGGCCGGGTCCGTGGCCGCCCACGTCCGCGACGGGCGACTTTGAGCTGGTCGAGCAGGGGCTCGAGCATAGGCGAATCACCGCCCTGCCCTGGACCACACAGGACCACGAGTGGCAGTCCACGTCCGTCGACCAGAGCGTGGACTTTGCAGGTCATGCCGCCGCGTGAGCGGCCCAGCGCGTGGTCAGCCGGCTCGTCGCCACGATTGGTGTAATTCGACAGATCCCCCCTGTGTGGCGTGGGAGGGTCGTGGCGTGCTGGTGGGCGCGGGCGACGGTGGAATCGACCGACACCGTCCATTCGAGCACCTCACGCGCGTCGGCATCGGCGGCCAGCGCAGCTAGAATCTTGTCGTAGGTGCCATCCCCGCTGTAGCGGCGATGGCGCTTCCACACCGTCTGCCACGGACCGAACTCCGCAGGCAGATCACGCCACGGACACCCGGTGCGCGCCCGGTAAACGATTCCTTCGATCACCTGCCGATGATCGCGAAAAGGACGGCCCCGCAAACCATCCGACGATGGCAAGATGGCTTCGAGCAGTAGCCACTGCTCATCTGTGAACACCTGAAATCTCGACACACCCAAAATCATGCGCTACAACAACACTCAGAATTGGGAGACACGCCCTAGGGCTGACATCCATAGCCCGCCCGTAATCACGCCACACCGAGCGCGCGCAGTCCCGCGGCGCTCGCCGCGGCGAGTACCACGACCACCACGATCGGCGCTTTACACAGTGCGGCAACAACTCCGACGGCCACGCCGACGGGACGCGCCCAGCCGACCACCTC
NZ_CP116236.1_gap48	1478451	1479419	968	GACTGCGTGCCGCGGCGAGTCGCCGGTTGAGCCCGAGCGCCAGCCATGGCTTGGCGCCCCAGGCGAAGGCACGGCCGCCCAACAACGCCGACCCCGGCGAGAAGCGGCCGTGCGCGGCGAGCACGACGGTCTCGGCGTCGATGCTGATGAAGACGTCCGGGTGCGGTGGATCGGTGGGGTCGATCTCCAGACGGCCGTCGACGAACCGATAGATGATCCGCTCGGAGGTGCGGCGGATGCGGATGTCGTAGGTGGCGTTGTGGCCACAGCAGTGATGCGAGTCGGCCCACGGGCGCAGCAACTGATGGCCGCCCCGTGTCACCAACGGAGCGATCGCCGGATCGATCACCCACTGCTCGCCGACGGCACGCGCGATATCTCGACCCCGCACGGCCATTTCTCCGATGAGGATTCCCAGCGCCGTATCCGAGCGCACGCGTTGACGGCCGCCGATGCGCATCATCGGTACGCGTGCCCCGAAATGCGACACGGTGTCGAGGAGTTCGTCGAGGTCGGCGAGGAAGCGCTCGCTCAGGGTGCACGTGTCCCGGGTGGGGAGATTGGCGATCTGTTTGGCGTAGATATCGGCCAAAAAGCTTGGATGGCAGGGCCATTCGTCTTTACCATGCACCAGGTCGAGGTAGCGGGAGGGTTCGCAGGCGATGTGGCCGACGCAGTCGGCCAGTGACCATCCCCGCCGGGACGCGACGCGCGCATCCGGGGTGTCGACGTCACGCACGAGTCCGGCGAAACGCTCGCCTATCGTTCGTGCCGCGTCGATGTAGTCGAAACGAGAGATCGTTCCGGGCATGCTCACCCCCATTCGCGCCGACGACGTTACTCGGCGGTGGGGAGATGCGCAGCAGGCGATTCACAGGGAAAAGTCAAAGGAAGCCAAATCGTGACCGTTCCCGGTTTCCGGGGACATTCCGTCCACGAAAACGTGAGAGCTGTCCACAAATTCGTGG
NZ_CP116236.1_gap49	1627334	1628948	1614	CTACCGCTTCCTGATCCGCGAACAGCACGGCGGGGTCGCCGAGATCCGTCGCGCGATCGACACCGAACTGCGGTTGTTCTCCAAGGAACTCGCCATCGATCTGTCGCGCATCCCCGATCTCTCGCAGTGGCAACCGCAAGACCTCGAACTGGCCGCCGAACTCATCGTCACCATCATGCTGACCGCGGTGGCCGACCTGCTCGACGGTGAGCACCGCGGGCGCGACGCCGAGGCCGACATCGTGCAGCGCACCGAACGGCAGTTGGTGATGGTGTTCCTCGGCATGGGGCAGTGGAAGAGCGGGTAGGGAAAGTACGGGTAGGCGCCCGATCCGGAAGGACTCCACGTGCGGCGAGGGTTTTCGCGCACGCCGATTTCAAGGGTGGGCCGCGCCGGCTTCTCGGGTGAAGATGGCCGACGTTGTCGCGCACCGCGTCGTCGGTGCGTCGCGTTCACATGACGAGCAGGAGACCCGTGTCCACCGAGAAGATCGCCGACGAGATCAAGTTCGCCTACTGGGTGCCCAATGTGTCCGGTGGGCTGGTGACCAGTGACATCGAGCAGCGGACCAGCTGGGACTACGAGTACAACGTCAAACTCGCGCAGACCGCCGAGAACAACGGCTTCGAATACGCGCTGTCTCAGGTCCGTTACGAGGCGTCCTACGGTGCGGAATTCCAGCATGAGTCCACCAGTTTCAGTCTCGCGCTGCTGCTGGCCACCCAGCGGCTCAAGCTGATCGCCGCCATCCACCCAGGCCTGTGGCATCCGGCCGTGCTCGCGAAGTTCGGTGCGACCGCCGACATCCTGTCGAACGGACGCTTTGCGATCAACGTGGTCAGCGGATGGTTCAAGGACGAGTTCACCCACCTCGGCGAGCCGTGGCTCGAGCACGACGAACGGTACCGCCGCAGCGCGGAATTCCTCGAGGTGATCCGCAAGATCTGGACCGAGGACAACGTCGACTTCCGTGGCGACTTCTATCGCATTCACGACTTCACCCTCAAGCCCAAGCCGCTCAACACCCCCGAGCGTCCCAATCCCGAACTGTTCCAAGGCGGTAACTCGACCGCTGCCCGCAACAACGGTGGCCGCTTCTCCGACTGGTACTTCTCCAACGGCAAGGACTTCGACGGCGTCACCGAGCAGCTCGACGATCTGCGTGCCGTCGCACAGGCCCACGAGCGTGAGGTGCGCTTCGGGCTGAACGGCTTCATCATCGCCCGCGACACCGAAGCCGAGGCCCGCGACACCCTGCGCGAGATCGTCGAGAAGGCGAATCGTCCTGCGGTGGAGGGCTTCCGGTCGGCGGTGCAGCAGGCGGGCAACTCCACCGGCAACAAGACCGGTATGTGGGCCGATTCCTCCTTCGAGGATCTCGTGCAGTACAACGACGGTTTCCGTACCCAGCTGATCGGCACGCCCGAGCAGGTCGCCGAGCGAATCGTGGCCTACAAGCGTCTCGGCGTCGATCTCATCCTCGGTGGATTCCTGCACTTCCAGGAAGAGATCGAGTATTTTGGCGAGCGTGTCCTCCCCCTCGTCCGAGAGCTCGAAGCCGCGCAGCGCAGCACCGTCGGCTGAGATGAGCCTCACCACTTCCGCGGTGCGGGC
NZ_CP116236.1_gap50	1632041	1632916	875	GACCGGCTGCGCGACCGCGGAGTCGCCGGCCCCGCGATCGACGGTCACCGTGTACGCCTCGCCCTCGTCGTCGACCTCGGCCTCGGCGTCGGCATCGTCGACGCAGCCCAGCGCCGGCGCGAATCCCGCTCTGGCCGCCGGATTCCGACGCGTCGCCGCAGGGACCGGACTGCGGGTCGGCATCGCGGTCGCCCCGGTCGGCCCGAACGCGACGGCAAGCCTGCTGTTCGGTGACCGCGATCCCGGCGTGGCGTGGTCGACGATCAAGGTGCCGCTCGCCGTGGCCGCCGAACGCGAGAACGGGACGTCCACAGCGGAGAGCAACGCCATCATCAACTCCGACAACCAAGCGGCCGAACAACTCTGGGCGTCACTCGGCAGCAACACCGAGGCGTCGGCCAAGGTGACCGCTGTACTGCGCGAGGGCGGCAACCCGAACACCGTGGTGCCCTCGCAGCAGTTGCGCTCGGGCTTCACGATCTTCGGGCAGACCCGCTGGACGCTGCCGGATGCGGCGACCTTCGCCGGGCATCTGCCGTGCATGCCGGGCACCGGTCACGTGCTCTCGCTGATGGGCCAGGTCGCCGGCAACCAGCAGTGGGGTGTGGAGATCATGCAGATACCCAAGACCACCGCCGTCAAAGGTGGGTGGGGCCCCGGCGTCGACGGCGCCTACCTGGTGCGGCAGATCGGCGTCCTCACCTACCGCGACGGTCAGCAGAGCGCGGTGGCGATGAGCGCCGTCGGCGGGTCGATGTCGTCGGGCACCGCGGCGCTCAACGCCCTCGGCAACTGGCTGAACCAGAACATCGCCGCCCTGCCGCGCGGCCGGTGCCGCTGACCCCGACCGCTGATCACCACGAGCTGACCCCGAC
NZ_CP116236.1_gap51	1637488	1640524	3036	GTCGCGGGCACCGATCAGATCTGGACCTCGCAGGGCTGGTATGAGCGCTTTGCGCTGCCGTTCCCGCCGTCGGCGAGTGGGTATGGGCAGAGCCCCGACGACATCCTCCGCGTCGTCGGACCCGCCGATCTGCTGCTGGGCTACTACGACGCGAGCCATGACGCCACGATCGAGTACCTCGCCCGTGTCGGCGATGGAGACCTCGATCGGGTCATCGACGAAAACTGGGATCCGCCGGTGACCCTGGGGGTGCGGCTGGTGAGCATCCTCGACGACGACGCCCAACACGTCGGTCAGGCTGCGTATTTGCGCGGCCTGAACGTCGACCTCGGCTGACCTCGGCCCGCCGAGCGCGCCCGCCAGTCCGCCGACAGCGCCCGGCCGCCTCAGATCCAGCCGCGTTCGCGTGCGACGCGGGCGGCCTCGGCGCGGGTGGCGGTGCCGGTCTTGCCGATCGCCGACGACAGATGGTTGCGCACGGTGCCGGCCGACAGATGGACCTGCGTGGCGATGGTTGCCACTGTCGCGCCCGACAACGCTGCGCGCAGCACCTCGGATTCGCGCTGCGTCAGCGGATTGTCGCCGCTGGTGAGGCTTTCGGTGGCCAACGTGGGATCGATGACGCGGAGACCTGCGTGTACTCGACGCACCGCGTCGGCCAGTTCGCTTGCCGGAGTGTCCTTCACGACGAAGCCGGACGCGCCGGCGTCGATGGCGCGTCGTAGGTACCCCGGGCGGCCGAAGGTGGTGACGATCAGCGAACGCACCCCCGGCAGGTACCGTCGCAGGGCAGCCGCGGCCTCGATGCCGTCGGTGCCGGGCATCTCGATGTCGAGCAGGCACACGTCGGCGGCGTGTTCGCGCGCGGCGTCGACGACCTCGTCGCCGCGCCCCACCTGGGCGACCACCTCGAGGTCGCTCTCGAGGTCGAGTAGGGCGGCCAGCGCGCCACGTACCAGGGCCTGATCGTCGGCGAGCAGCAGGCGGATCGGTTCACTCATCGTCGACCACCGCCGTCAACGTCGTTCCGCCCGTGTTTGATTCGATCGTCAGGGTGCCACCCGCGGACTCCACCCGTTCGATCAGTCCGCGTAAGCCGTTGCCGGGAACAGCTGCGCCGAGTCCACACCCGTCGTCGTGCACCGTCAGTGTGGCGTCCTCGATCCGGACGTCGCAATGAGTGGCGTGGCTGTGGCGGACCACATTGGTGACGGCTTCCCGCAGTACCCACGCGAACAGCTCCCCATGCGGGGTGGCGGTCTGCGGATCGGGAAGTGTCGCAGTGATATCCGCGGCACGGAAGGCGCTCTGTGCGGACGCGATCACGCTCGGCAGGTCCGGGGTGCGCAGAGCTCCGACGGTTGCCCGGACCTCGGCGAGCGCGGAGCGGGCCAGCGCATTGACCTCGGCCATCTCGTCTTTCGCGCGTTGCGGGTCGAGATCGACGAGGCGACCGGCCAATTCGGTCTTGATGGTGATCACCGTCAGCGAGTGCCCGAGGATGTCGTGGACGTCGCGGGCCACCCGCTCACGTTCGGCGACCACCGCCAACTCGGAATTGAGCTCACGCTGGCGCTCCTCGGCGCGTTCGCGTTCGCCCTCACGAACAGCGAGCGCGCGAAAACCGAGCATGGTGAATCCGACGGCGACCAGGATGATCACGACGCTGCCGTCGACCTCCCACCCGGCGATCGTCGGCACCGCGATCGACGCGACGATCAACGCGGCCACGGTGATCGCCGCCCACAGGGTGGGGAAGCTGAAGGCGGCGACGACCATCAGGAAAGGTGCTGAGCCGAAGGTGTTCTCGCCGATGATGGGCAGCAGGCCCGCGGCCAGGATGAGCAGAACGACGAAGATCCATACGCCACGCGGTTCGACCTCGGTGCGACCGGTGAGTAGGTACACCGACGCCAAGAGGTAGACCACGGCGAACAGTCCGATGAGGACGAGCCCCACGATCTTGGCGGTGTGGCCGTGGTCGGAGGTGGCGACCGCTCCGATCGGGTAGGCCAGGAACAACATCCAGATGGCGGTGAACACCCAGCGCAGGTTGCGCCAGGGTGCCCACCGGTCGTTCGTGCGGTTGCTCATCATCTCCGGATTCTGCTGGTCGACGGTCCGATCACTGCCGTGCCGTACTGCGACTGTAGAAGAACGAGGCGGTCGAGGCGAAGATCACCGCCCAGATGATCACGTTGGCGACGGTCACCCAGAGCGAGATGTGGGTGCCGTACACGGTGACACCGTGATCGAGCGGATACCGCGCGAGCGTCACGACCCCGAACATCGGTGTGAACTGCGCGATGGTCAGCATGACGCCCTTGAGGGGGACGAACACGTTGCCGGCGAAGGCCAACAGTGCCAACACGCCGCCCATCACCTGCATCGCCCCGTCGGATTTCATGATGCTGCCCACGGCCAGACCGAAGGCGGCGAACACCGATGCGCCGATCCATCCGAGCAGCAGGCAGGCGATCCACACCCCGACCGGGGCGTGCGCGCCGGTGGCGACCCCGGCGACCGTGAGCACCAGGATCGGCAGCGCCCCCATCGCCAACGCCACGCACACCTTGGTGGCCACGTATCCGGTGGGTTGCAGCGGCGTCATCATCAGGGTGCGCGTCCAGCCGGCCTGCTGTTCGAGTGCCACCGACGCAGCGTTGGAGGCGGCGGCGAGGACAGCACCGTAGACGGCCATGCCGATCAGGACATAGAACGCAACATTGCCCGAACCGACTGTGTCAGAGGACTTCTGGGTAGCGCCGAAAACGAGATACAGCAGACCGGGCATGGCGACGGTGAAAACCAGGGCACGCCGATTGCGTAGGACGCGGCGGATGTCGGTGCGCATGTACAGGGGCGCGGGAAGGAATCCGCGGAGTGCGGTGTCGTGTGACGCCGATCGAGGTGCGGCGGACGAGGCCGAGGCGGTGGTCATGGCGGGAGCTTTCTGTCGAAGGGTGGTGGAGTCAGGCAGCGGAGGTGAGGGCGAGGAACGCGTCTTCGAGGTTGTGCGTGGCGATCTCGACCTCG
NZ_CP116236.1_gap52	1642814	1645779	2965	GATCTCGCCGCTGCGCAGCTCGAACGAGCGACTGACCCGGGATGCGAACGACAGGATGAGGATCGCGGCGATGAAGAACGCGGCGACCTGCACACCCTCGGGGCGTTCGATGATGTTGGTGACGGTGGTGTAGCAGAACACCAGGGCGATACCGCCGAAACAGATGGTGGCGACGCGCCGGCGATGTTTGCGTACCGAGAGCATGACCGCGATGGCGGCCGAGGTCATCAGCACCAGCACACCGGTCGCGTATGCCGAGCCCTGTTTGTCGACCGAGGCGTCGAAGTAGATCGTGACGCCTGCCGCGATCAGGATGAACACGACCACCAACGGACGGTTGGCGCGCGCCCAGTCCGGTGCCATGCCGTACCGCGGGAGGTAGCGCGGAACGAGGTTGAGCAGTCCGGCCATCGCCGACGCCCCGGCGAACCACAGGATGAGGATCGTGCTGATGTCGTAGACCGTGCCGAAGGCGTTGCCGAGGTCGGCGTGGGCGAGGAACGCCAGCGCACGTCCGTTCGCCTGGCCGCCGACGTCGAACGCCTTCTCCGGGATGAGGATCGTGCACACCAGGCTGCTGGTGATCAGCAGGATGCTCATGGTGACCGCTGCGGTGGTCAGGAGTCGGCGGGTACCGGCGATACGAACGGTCGGGCGATCCGGCGGATCGTCAGGTGAGCCGTCGATCTGGGGCATCACCGCCACACCGGTCTCGAATCCGGACAAACCGAGTGCGAGTTTCGGGAACACCAGGAGCGCAAGCGCGATCATCATCCATGGACTGCCGTGTTCGGCGGTCATGGCGTGGCTCCAGTCGACAACGACGTGGGGTGAGGTCGCGATGCGCCACAAACCGTCGGCGATGACCACGACGTTGAGTGCGAGATAGATTGCGACGAGCCCGACGGCGACCGCGATGGCCTCGGTGAAGCCGCGCAAGAAGATCGCGGCGAGGAAGGCGAGGAACACCAGGGTGATGGCGACGTTGTGCCCGGTGAAAATGTCCGGGACGAACGGATTCTCGATGAAGTGCGCGGTGGCGTCGGCCGCCGAGAGTGTCATGGTGATCAAGAAGTCGGTGGCCGCGAATCCGAGCAGTACGAGGACGAATACCTTTCCGCCCCACCACGGTAGGAGTCGCTCGAGCATCGCGATCGACCCGGAGCCGTGCGGTGAACGTGCGGCGATGTATCGATACACCGGCAGCGCGCCGAACAGCGTCAGGGCCACCAGCACGATCGTGGCCAATGGTGCGATGGTGCCAGCGGCCAGTGCTGCGATGCCTGGTTGGTACCCCAGCGACGAGAAGTAGTCGACGCCCGTGAGGCACATCACCTTCCACCACGAGTGGGTTTTCGTCTCGGTGTTCGTGCGCCGGTACGGCCCCATCAAGCCCGCGGGTTCGGGAGAGATGTCGGACAGGAACCACCGTCGCATCGACGGGGAGAACATACGCATGGGCACTAGATGACTGTAGAGCCATCGCGCCGACGATGTGGGCGTACGCGGTCGGCCCGGGACGCCGGTTCCTGTGAATCGACAAACTGCGACAAGTCGTACATTTCTATTTCCCAACAACTTTCGGCGACTTGGGGGTTTGCTTCTTGGTAGTGCGATCGACTCCGCTCGTACATCTCAGCGTTACGGCTCCGTATCTCTTAGCCCTCTAAGCTTCGCTCGGTCGCCGATACCCGCGGCCACCCGGTACATCTTCTCCGAGGGGAAAACATGAGCACCTCTACGTCACGGCTGCGTCCGATTGCCGCGCGGGCGGCGGTCGCTGGCGCCGCGGCGCTGGGTGTGGGACTCGCGGTCGCAGCACCCGCCCACGCCGATGCCTTCGTCCGACTGCCCAATGGCACCGCTCAAGGCGACGGCCTGACCTTGACGCGCACCCACGAGACCGCACAAATCTCGCCATCGCTCGCCGACAACGGCCTGGGCCGCACCGCATGGGTCAGTGCGAACATCGTCCTGAAGGCCGACGGGCTGAAGGCTTCTCCCGCGGGCCCCAATAACGGTCCGGCCGGCGAGTCGACCTTGCCCGGTTCAAACGGCACCTCCACTGATGGTGCGGCCGCGACGTTGTCGGTTGGCTATATCATCGGTTGCCAGGTCAACATCAGCAACGCAACACTTGGTCTCTCGGGCAGTTTGGACGTCGTCAAGAACACCCTTGGTGGAACTGGAACCGCGAACATTCCCGTCGCGCCCGGCCAGGTCGTGTTCTATCAGCTGGACTACAAAGACATTGAGAAGTCGGGTACCTACTACTTCGACTATGACCGCGCGCAGTTGCAGATTCAGAATTGCGGCGGTTATGCGCAAGCCCGCTCGTTCGTGACTGTGGAAACCACCGGCAACAACCATCGCAAGATTAACCTCTACGGCGCACCGTTCTCGATCGGCTGACGCAAGCCAACGACATCCTCGCGTCGGCTTCGTCGACGCCTCATCACTTCCGAGGGGAAGACACATGACCATCACCTTCAAGCGTCTCATCGTATTGAGCGCGCCCGCGGCGATCGGTGCCGCCGCCGTGTTGTCGGTGGCCGGCGTGGCCGCCGCCGACGTGCATGTTGCACTGCCGTCGCAAACCGACAACCAGCGGCTCGGTGACGGAACAGTCGTCACCGTCACCCGCACCGGTGAAACGGCGAACATCAACCCGTCGCTCGGGGGAACGCCGTTGCATCGCAACGCGTGGGTGTCGGCGAGCTATGAGGTGCACACCAGTACCAAGGCGAAGAAGATCAAGGTGCAGGCCGGTTACATCGTCGGATGCCAGATCAATATCTCTGGTGCATCCGGCTCCGGCTCTGGCGGGGACACCATCAGTACGACTACAGGAACGGCATCGTCCACCACCGCAGGTGCCGGCGGTCAGCTGACCATCGGTCCCGGTCAGGCAGCCAATGTCTACGTCAACGACGTGGAAAGCGCCGACGACTTCGGTGCCGACAAG
NZ_CP116236.1_gap53	1650373	1653057	2684	CGACGCGTTTGACCTGTTTGACCAGCCGGTTGTAGCCCTCGGTGCGGGCATTGGTCAGCCCGGTATGCAGGAACGCCAGAATCGCCGGCCACCACGTCTCGATGGTGGTCGCCAACCGGGTGATTTCGGGGATGTCCGCATCAGCGCACCAGGTGTAGAACTGGTAGAGCTGACGACGGATCTCAGCATCGTCAGCACGGTCACGGGCACAGGTAAGTAGCTGCCGCAGTTCCTCTTTGGCGATGTAGGCAGTCAGGATCTGACCAGTCGGGTCGTGATCGATCAACGCATTCCACATCTTGGCAAATGACCGGTCCGACAACCGTTCTCGTGCCGATAGGAGGCGACGGCGGTTGGCCCATTCCGGGTCCTGCTTACGACCCCGGCGACCATGAGTGTCGAAGGTGACCCGGCGACGCACCGCGGTCACCATGTCATTGGCCAGCTTGACCAGGTGAAAATGATCGACCACCAGTTCTGCGTTGGGCAGCAACGCGGTGGTGACCGCGGCCGCGTACGCCGCCGACGGGTCGATCACCACATGGGTGATCTCGTCGCGAAACTGCGCACTCTGGGCGCTCAGCCACTCGGTAACGGCCTTGCTGGTGCGGCCCTCGACCTGCCCCAACAGTCCCTGATCGCCGCGCAGATCGACGAACCCGGTATCCCACGGCTCTACCCTCACCCACCGCCGGCCAGCAGCATCCTTGATCCAGCGAGGCTTACCGCGGCGGGTCTCGTCAATTCCGAGGACCTGCACCGGCGTCGGCGTGCCGAGTATCCGATCGGCGTGCTCGACGAAGGCGGCGTGCGCAGTCGGCCACGACACGCCCACCCCGGCGGCGACCCGGCGGCGACCTCGCTGACTGACCGGGCTACCTCACCAACCGCTCGACCGATCTGGGTGCGTAATCGAGTCGTGGTGCGCCGCCGCGGCGGCACCTGCGGGATCGATTCGGTGAACGTGGCGCGTGCGCACTCCGGGTTCACACAGCGATACCGTGTCTTGTTCCACTGCAACAGAATTGGATCATCACCGTAGCGGATATCGCGGGGTCGGGTGACCGTGCGATCCTTCACCGACCTGGACACCACCCGGCAATCCGGGCACCGCGACGCCTCGGGATCAGCGGTCACCACATCCACCACCCGGACCCGGTCAACCTGCTTGACAACACCTGTGACCTCAAGTCCTTCCAGACCCAACAACAACGACGTAGCATCAGCCATGCCCCTGGTACTCCTCCACCGAAATCGGAATGTGTCGCAACATCCAGATATCTCCGAGACCAGGGGCGTCTCAGTCATCGACACGCCGGCCCGCTGACCAGGCATTGCCCGCTCAACCTTGAAGAGCCGGATTGGAGCGAGGTGAGCCATTCGTTGTCCCATCGGTGGCGGTCGTCGGAACGGATCACCTGAATCGTGTGCTCGGTGGTGGTCATCGGGGGGTCTCGCCTTCCAGGTCGTCGAGATGGGTGGCCAGCGTGCGCATCAGATCGCCCAGTGCCGCACCGTCCTCGGCGGTCAGCGCCGTGGTGTAGAGACGTCGCACGGCCGTGCCGTGATCATGAGCCGCGGCGGTGAACGCCGCACGCCCGTCGTCGGTGAGCACCGCATAACTTCCACGCCGATCCTCGGGGACCGCCGCACGTGACAGCCAACCCCGCCGCACCATCACATCGATCTGATACGAGAGACGCGAGGTCGAGAAGACCATCCGGTGCGACAGCTCACGCATCCGCGCTCGACCATCGGGGCATTCATGCAGGATCAACAGAATGTGATAGTCCGACAACGACATTCCGCAGTGTCGGCGCAAGTCGTCGTCGAGCAGGGTCTGCAGGCGAGCGCTGGTCTCGATGAACGGACGCCACGCGTCCGTCACGGGATCGGCACTCGTCTGCCTACCCGGGTTGCCCGGGGCTCGGCTCATCGGGTACCGGTGTGCGGCATCAGCGCATTCGGCGGAACGACGCCGAGACGTCCGGCCTGGAAATCCTCCATGGCCTCGATCAACTGTTCGCGGGTGTTCATCACGAACGGACCATACTGGGCGACAGGCTCGCGGATCGGTTGACCGCCGAGAAACAGCACCTCCAGTGCCGGCCGATTGCTGTCCTGGCCGGCGTCGGCACTGACGGTGATGCGGTCGCCGGCGCCGAAGACCGCGAGTTGTCCCTGTTCGATGGGGCGGGCGTCGGGGCCGACGGTTCCTCGACCGGACAACACGTAGGCCAGTGCGTTGAAGTCGGTGCGCCACGGCACCGACACCGACGCGCCCGGCTCGATCGTGGTGTGCGCGACGGTGATCGGGGTGTGGGTGGACCCCGGACCGGCATGTCCGTCGATCTCGCCGGCGATGATGCGCACCAGCGCACCGCCGTCGGGGGAGGCGACCAGAGCGACGTTGCCGCCCTCGAGATTCTGGTAGCGCGGCGTGAGGAACTTGTCCTTGGCGGGCAGGTTCACCCATAGCTGGATGCCGTGGAACAGACCGCCCGATTCCACCAGCTCGGCGGGCGGGGTCTCGATGTGCAAGATGCCCGACCCGGCGGTCATCCACTGGGTGGCGCCGTTCTCGATGAGACCACCGCCACCGGTCGAATCCTGGTGCTGGAAGCGGCCGTCGATCATGTAGGTGACGGTCTCGAATCCGCGGTGCGGGTGCCAGTCGGTGCCCT
NZ_CP116236.1_gap54	1663561	1666749	3188	CCCCTGCGAGGGGCCGTGATGTACCCAGCACGGGTGATGCGCATCACCGCTGGACTGACAAGAATGTAGGTAGGGCCTTGGCCTGAATCTTTCGACAGCTCAAGAGGAGTAGGTATGACGTCAACGACGAGTGCGGCGCGCGCGATTACGGTTCCCCGGGAGATCGCCGAGCAGATCATTCTGCCGGAGGGGCATCGAGACGAGGTAGCGCTGTTCAATGCGTATCGGTGGCTGCGTGAGAATAATCCGTTGGGTGTCGGCGAGGTCGACGGATACCAGCCGATCCACCTGGTCAGCAAGCACGCCGACATCATGGAGATCGAACGACAGCCGCAGATCTTCTCCAGCGGCGGCGGCGAGAACAAGGGATCGGAGAACCCGATCCTGACGAATATCGCCGGTGACGAGTTCACCAAGTCGATCAACAACGGAAGTCTGCGCATCCTGGAAACGCTGACCTATCTCGATCCGCCCGAGCACACCGTGATCAAAGACATTGCCGCGGACTGGTTTCGTCCGAACAACCTCAAGCAGTGGGAGAACACCATCCGCGCGCTGGCCCAGGAGTCGGTGAGCACCCTGGTGGCAGGTGACGGGCGCATCGACTTCGTCAAGGACTTCGCCATCTCCTACCCGTTGCACGTCATCATGAGTTTGTTCGGAGTGCCCGAGTCCGACGAGCCGCGCATGATGACCCTGACCCAGGAGTTCTTCGGGACCGCCGACCCCGACGCCGTCCGCGAGGACGTTGCACCCATGACACCGGAGGCGGCAGCCCAGCAATGGGCAGCAACGATCGGTGACTTCTTCGCGTATTTCGAGGGCCTGCTGCAGGATCGGCGTGCGACGCCGCGAGACGACCTCGCCACCTTGATCGCCACCGCGCGTAATGAGGACGGCGAATACTTCCCGCCGCAGGTCGCTTACGGCTACTTCATCGCGATCGCGACCGCAGGGCACGACACAACCTCCTCGACGCTGGCCGGCGGTGTTCACGCACTCTCGCAGAACCCGGCATTACTCGAGCGGGTCAAGGGCGATCTCTCGCTGGTGCCCAACCTGGTCAATGAATCCCTGCGCTGGGCGTCGCCGGTCAAGCATTTCATGCGCACGGCGTTGGAGCCGTACGAGCTTCGGGGCCGCCGAATCGAACCGGGTGACCGCTTCATGCTGCTGTATCAGTCGGGTAATCGTGACAGCGATGTGTTCGACGAGCCCGACACCTTCAACATTGACCGCAGGCCCAACAAACACATTGCGTTCGGCTACGGTCCGCACATGTGCATCGGCCAGCACCTGGCCAAGATCGAGCTGCGGATCATGTTCGAGGAATTGCTGCCCAAGATCGGCAAAGTCGAGGTCACCGGTGACACCAAGGTCATTCAGACCAACTTCGTCGGCGGTCTGAAAAACATGCCGGTGGCGATCGACTTCGTCAGCTGATACCGGTAGCCACCCCCAACAGCGGCGGTCGGGCGATAGTCGCCCGGTCGCCGCTGTTCGTCGTGCCCGAGCACGGCGTGCACGGTGCTTCTCACTCCTTTGGCGGAATTTGCCATCTCGTCATCGGCGTTCTTCGGCCATCGCCCGCGCTGTCGTTCTGATGGACACCGACTGCCCTCTTCTCGACGTCGATGCGTTCTCGATGGTGTTCGGACAACCGGCTCGCGAGTCCCACTCATTCGCATGATCGGGGCGTGCCGAGCCGCTGGTGACGGGTAACGGCCCGGACGCGAAATGTGCGTCCGGGCCGTCGGCTATCGAAGAGTGACGATCACACCGGCTGGAGTCCGCCGATCTTCCACTGATCGCCCGAGCGGACGGCAGTGATCTTGATGCGACTTCCGTCGATCTTCGGAGTCGGATCGTCGGTGCTCGTCGTTGTCTGGTTGATGAACATCAGGACGCTGACGGCGTCATCGGTGGACGAGATGACGCCGGCTTCGGCGATCTTCGCATTCGTGACGATGTGATGCTGGGTCGCCGCGGGAATGATCGACGAGGTCGTCAGGTTGGTGAAATCGTTGCGGAACTTGCCGGTGAGCAAATCGTACTTCGCGGCGAACTCCTTCTTCAGATCGCCATTGCCGTTGTAGGACAGCAGGTTCGGTACTCCGGCGCGCATGGCCGCGAGTGCCTGGGCGCGATCGTCGCGCTGCTGGTCCTGAGTGCGGACCTGGTAGGTGAAGTAGCCGGTGACCGCGAGCGCCGCGACAGCGACGACGCAGAGCGTGGCGAAGACGATCCGAGCGCGTACGGTGGACACGCGGTTGATCGAGCGGGCCAGGGCCGTGCCGCCACGGCGCAGTGGCGCGAAGAGCGGGGTGAGCTTACTCATGACACGAACTCCACATCCGAAACCAGCCAACGGTCGCCGACGTGTGCGAGTTGGAGCTTCATCCGGTAAACCCGCGGCTGGCCTTCGGGCGCCTCGGAATTCTTGACCTGCGAGGTCACCGCCGCGATCACGGTGGCCGTGTCATCGCTGGAGGACAGGATCGAGATCGCGCTGGCCTCGCCGGTCGAATCGACCTGCCCCTGTTTGAGTACGGCGGCGAATCCGCCGGTGGAGTCCCCGATCTGGTTCAGGAACTCTCCGGTCGCGCCGTCCCGGATGCGCTGCACATCTGCGTCGGCGCTACCGTAGCGCAGCGTCACGAGGTTGGCGACCTCCTGGGTTGCGGCAGCGGTGATCTCGTTGTCGCGTGCGGTGGCGGCGTTATCGGCCATGTAGGACCTGCCGAGGAGCACTGCGGCGGTGATGGCAGCGATGGCGATGACGAGGCTGCCCGCAAAGTAGACGGCTCGACGCGAACCGTGTGTAGCGGAGTCGGATTCGGTGGCCTGGGCGGATTCCGCGGACTCGCCTTCATTCGACTCGTCGTCTGAGCCGCCATCGGGCGGGTCGTCTTCGTCGGTGGCCGAACCGGTTTCGTCGCCGACCGGATCGTCATCATCGATGACCGATTCGGAGTCGGCACGCGCCGTGGTGTTCTCGTCGCCGCTCGACTCGGTATCGGTGTCCGGGCCGGTGCGAGAAGTCGCGGGTTCTGTGGTTGCGGTCTCGACGGTGTCGGAATCGGTGGCTAACGCGGGAAGAGTTGTTGCCATTGGGTGATAACTCCTTTGTCATTCGGTGCCATGATCAGATTCCCGATCTGAAGCGTGGTTCCGTCAGATGTCCGAAA
NZ_CP116236.1_gap55	1668284	1670584	2300	GAGATTCTTTCCGGAGTTGGCCAGTTGCCCGAGGATCGGGGGCAGGTCGGAGATGTCACCGACCAGGTTGTCACGACTGCGACCGAGTACCCCGGTCGCCGCGTCTCCGAACTGGCCGAGCGAGGTGAGCATCTGGACCAGTTGGCCTTCCTGTTCGTTGAGGATGTCCAGGGCGGGTTGGATCGAGTCGATGCCGGTGGCGATGGTGTCGGTCTGTGCCCTTAGCTCGTCACTGAGTTGCGCCAGGCTGTCGAGTGCACGCTGAATGTCATGGCGCTGGTTGGACAGATTCGCGACAAAGGTGTTGAGCCGAGTGACAAGACTGCGGGAAGCGTCCTCACGACCGTTGACGACGCGATTGAGTTGGCCGGTGATGGTACGCACCTGCTGCAGGCCCGACCCGTTGAGAATCAACGACAGCGACGACAGCACCTCTTCGACGGCGGGGTACTCGGTGGTGTCCTTGAGCGGAATGCTCATGCCGTCGCGTAGCTGGCCGCGGCCCGGTTGGTCCTGGGGGAGAACGAGTTCGACGTATTGCGATCCGAATAGGCTCGTCTGGGCCAGCGACGCATCGACGTTGGCGGGGACATGTGCGTCGTCGTCGATCTCCAGGACGGCTTGGGCGATCCAACCGTTGAGTGAGATCGATCGGATGTTGCCCACCGTGGCGTTGTCGAACTTGACAGGTGAATTTCCGACGAGATTCTGCACATCGGAGAACTGCACGTTGACCCGGTAGGTGTGCGACGACGACGTGTTGCCCGGGAGGGCAAAGGAATTGATCCCGTTGAACGAACATGCCCCACAGGCGCTGACGGCCAGTAGCGCGCACACCGAGGCCCGCAGTCTGCGCAGTGACGGCTTCACCGGTGTCCACCTCCTTGAGCGTTGGTCTGTGCAGTGGCCGTCGCAGCGTTGCGCTGCAATTGTGTGATGGTGGTGCGGCATTGGTCGGCCGGAGCATTCACCGTTGTGAGCAGTGCGCAGATCAGCGAGCGCGGATCGGGGATGTCGGGTATGCCCAGGGCCCCGGTCAGGGAGTTCGCCTTGGGGTCGTAGATGTTGTAGAAGTCCGACAATGCGGTGGGTAGCCCGTGGAGTATCTCTGCCAGTGTGTCCATCCGGTTGACAAGCAGTCCAGTGATGGTGTTGGCCTTGCCGACGTCACCGACGAGCGCGGCGCGATTGGTGTCGAGGAACGTCTTGACCTGATCGAAGGTGGTGTTGAGGCTGGTGAGTAACGAGTCGAGTTGCGTGCGATTGTCGGAGAGTACTTCGGAGAAGCCTGCGAGTTGAGTGGTGAAAGCGCCAATCTGCTGATCGGATTCGGCCAGTGAGGAGGTGACGGTGGAGAGGTTGCGTACCGTGGCGAACAGGTCGTTGCCTCCGTCGTTGAGAGTGGTCGTCGCCTTGGACAGCTGGGTGAGCGCCTCGCGGAGCAGGGTTCCATTGCCGCGCACCGTTGACGCGCTGGCGTTGAGGAATCGGTTGAGCGAGCCTTGCTGGTCCTGATTCGAGGGACCGAGATCGTCGGACAGTTGCACCAGTTGCTGTTTGATCTCGTCGAACTCCACCGGGGTTGCGGTGCGATCGATCGGGATCGAACCACCGTCGGCCATCTGCGGGCCACCCGTGTAGGCGGGTGCCAGCTGCACATATCGGCCCGAGACGAGGGTGGGAGCAATGATCGCAGCCTGGGCCTGGGCCGGGACGGCATATCCCTTGTCGAGGGTCACGTCGACGCTGACGGCACCGGCGCCCGGTGTGATCTTGTCGACCTTTCCCACGGGAACACCGAGGATCATCACCCGGTCGCCGACGTAAAGGCCGGCCGAGTTGCGGAAATCGACCGACAGGCGGGTGGCACCGGAACGGGTGATATACATCGCTGTGACGCCCGCGACGACGATCATCGCCACCAGTACGATGAGGATCTTGCCGGGGAGGGTCGTGGCCACCGAGGTGGCCGATCGCCTCGCGCGGGCGGCTCGTCGGCGTGCGCTCATCGAGGGGCTCCTGGGCTCAGGGGTGTCTGCCCGGTGAGGGTGGCGGGCACGATGTTCTGGAGAAGGACGTTGAAGAAGGGGCCGGTGCCCACCGCTTCACCGAGCTGATAGGTGAAAGTCTTGAGTCCCGAGATCGATTGATCGATGTTCTGGTAGTTGCGATTCAGGAGATCGAGTACCGAGTTCAACTGATCGAGAGTCGGTTTCATCGTGGTGCGTACGTCCTGCGACAGTCCGGACAGTGCGTCGGAAATCTGTTGAGCCTGCACGATGACCTGATGGATGGTCGTC
NZ_CP116236.1_gap56	1680824	1683922	3098	CATGAGTTCCTCGGTCTTCTACGAAAGAGTTCTGGCATTGCTCACCACCGGACATGCACGACTCGACGTCGCCGAGTCGGTGGCACTCGTCGAGCACTGTCGGGACCGCTTGCGCCTGAACGCACTGCGGGCATCGCCGTCTCGGTCCGTCGCGTAGAACGACGCACGTATGAAAGCGATCGGGCCCCGTTCGCCGAGGGTTGGGGCCCGACCGCAGTCACGTCGCGTCAACGGTCAGAGCATGAGAACCGGCTTGACGGCGCCACCATCGTGTTGGACCTTCACCGCGGAGTTGATCTGCGCGAACGGGAACGTCGTCACCAGCTTGTCGACGGGCAGCCGACCGTTGAGGTAGTGGTCGACGAGTTCTGGGATGAAGTCGTCGGGCGTGGAATCACCTTCGATGATGCCGGTAACGGTGAGTCCCAGGGTGAGTGTTGCGATGATGTTGAGGTTCACCGCGCCCGCCGGATCGGACGGGACCCCGATCAGCCCTACTGTTCCGCGCACGGCGCTGGCGGCGATGAGGCTCTCGACCACGGCGCCGATGCCGGTCGTATCGACGACGTAGTCGACGCCCCGCTCGACGATCGCCCGGACCTGCTCGGTCACATCGCCCGCGGCGGGATCGATGGCGTGGGTGGCGCCGAGTTCGATGGCCAGTTCCCGTCGCGCGGCGGTGGGTTCGACGACGATGATCGTGGCACACTCCTGCAATACCGCGCCCATGACCGCCGACAGTCCGACCGATCCGCCGCCGGCGATGGCGATCGCAGAACCCTTCTGTGCCTTGAGCGATCGCGTGACGGCACCGACACCGGTCTGCACTCCGCAACCGAGCGGGGCGAGGAATTCGAACGGGATGTCGGCGTCGATTTTGACCACATTGCGCTCATTACCCAACGCCACAGATCCGAATGAAGACTGCCCGAAGAACATGCCGCCGACCGGCTGACCGTCCTTGCTCAACGGCTTGGAACCGTCCGCGCGGACGCCGCCGTAGTTCTCGGCGTTGAAGTTCTCACAATATGATTGCCGGCCGGTCGTGCAGGTACGGCAGTGCCCGCAACTGTTGAAGGTCATGCTCACCTTGTCGCCTATCGCCACCTTGGTGACGCCCTCGCCGATGGCGATGACTGTCCCGGCGCCCTCGTGCCCGACGACCCCGGGGTATTCGATCGGCAGGATGCCGTCGCGTGCGGCGAGATCGGTGTGGCAGAGGCCGGCGGCGACGATCTGTACCAGGACCTCTCCGGCCCGTGGGCCTTCGATGTCGATCTCCTCTATCGTGAACTCGCTGCCGATACCGGTCAGCAGTGCGGCGGTGGATTTCATCTGTACTCCTTGTGGTGATGTGTCGACGGAGTTCTCGCGACACAGGTGGTGAGTCAGGCGGGGACGCCCGACTCGGCGACAATCGTCTTCAGCGGCACCGCCGGATCGGCCAGCGCTGTAGGGTTCACCGGTGTCCGACGATTGATGAGTTTCTTTCCGGCCATGAAATCGGCCGGAGCACTGATGGTTTCGACCGCGACCACCGAATCGTCGGGCGCGAGATGAAAGAACGACACCGCGTCTTTGCCCGGCACCCGTCGGGTGATCACGCGCGCTTCGGGTGTCGACAGTCCCGCGATCTTCAGCTTGAGGTCGAACTGATCCGACCAGAACCACGGGACCTCGTGTTGATGAGGCTCGAGGCCCAGGATCACCGCCGCCGCGCGGGCGGCTTGTTCGGTCGCGGCCGGGATCGACTCGAGTCGTCGTAACTCGTCGTGCCCGTCCAGTGGCCGACGGGCGACGTCGCCGATCGCGAAGATCGACGGGTCACTCGTGCGGCCGTCGCCGTCGGTGATCACCCCGTCGTCGCACACGAGTCCGGCGTCGACGGCAAGGCTCTGGTCCGGCACCGCGCCGATGCCGACGAGGACTGTGCCGCAGTCGATCACCGAACCGTCGGTGAGGCGGATGCCGGTGACGATGGTGCCGGCGGTGCGCACACCGACGACCGACCGTCGGCTCAGGACCTCGGTTCCACGAGCGCGGTGATAGTCGGTGAGCAACGCCGAGAGTTCGGCACTGGCCACTCGGGCGAGTATCCGGTCCTCGCGTTCGATGACGGTCACGCCGACTCCCCGGCTGCGGGCGACCGCGGCGACCTCCATACCGACGTATCCGCCACCCACGATGGCAAGATTATTTCCGTGCGACAGTGATGCGCCGAGGCGGCGTGCGTCGTCGAGCGTACGCAAGGTCAGGACCGAGTCGTTGTCGACAGTAGAACCCGGCAGAGATCGGGGCGTCGAGCCGGTTGCCAGCACCAGGATGTCGTAGCCGATCTCGTTGCCGTCATCGAGGTGAACCGTTGTGCGTTCCCGGTCGATGGCGGTCGCGCTCACACCGGTTCGCAGTTCGATGGCCATGTCGGCGTAGAACTCTGCCGGCCGTAGGAGTTGTTCGACGCCGGCACCGTCGAACTTCTTCGACAGCGGCGGCCGATGGTAGGGCAGATGTGGTTCGCTGCCGATCATCGTGACCGAACCGGCGAAGCCGGACTGCCGCAACTGTGCGGCGAGTCCGGCTCCACCGTGCCCGGCGCCGATGATGACGACGGAGCGTGGCTGTGTTGTCACCGTGGTGCGTCCGGAGTGAGGGTGAGTCGCACCGGCATGTTCTTGAGGCCGCCGACGAAGTTGGTCTGGATGAAGCGGGGATCGTCGGCGATGTCAACGGCCTCGAGGTGGGGGAGCAGGGTCTCGAACATGATCTTGAGTTCCAACTTGGCCAGATGCTGGCCGATGCACATGTGCGGTCCGTAGCCGAAGGCGATGTGCTTGTTGGGGCGGCGGTCGATGTTGAACACGTCCGGCTCGTCGAAGACGTCGGCGTCGCGATTGCCCGACTGGTAGAGCAGCATGAACCGGTCACCCGGATGAAGGTCGACTCCGCGAAGGGTGTAGTCCGACAGCGCGGTTCGCATGAAGTGCTTGACCGGCGACGCCCAGCGAAGGGATTCGTTGACGAGGTTCGGAACCAACGAGAGGTCGGCTCGAACCCTCGCGAGCAATTCCGGATTCTGCGACAACGCATGGATTCCACCC
NZ_CP116236.1_gap57	1689078	1690936	1858	GTCCAACTGCCGAACTGGGCCGCCTTCGTGGTTGCTGCCGGTGCGCTGGCGCGGATCGGGGCCGTCATGGTGCCCATCATGCCGATCTACCGCAAAGACGAAGTGTCTCATGTGGTTTCCGATGCCGAGATCAAGCTGGCGATCGCGCCTGCACAATTCAGGGGCTTTGACTACGTGTCGATGTTCGACGAGATCCGACGTGACTCGGCGACGTTGCAGACGATCGTCGCCGTACGAGCGGCGCAGGATTCCCGTGCCGACCTCGCCGCGCGTGAGATCGAGATCTTCGAGGATTTCCTGGTCGGGGGCATCGACAACGACGCGATCGACGCCGAACTCGACGTGCGCGTGCATCCCGACGACCCGTTCGTCATCGTCTACACGTCCGGGACGACGTCGCGCCCGAAGGGTTGTCTGCACACCTTCAACACCTACGCGTCAGGCGCCCGTGCTCTGACGGTCGCGTTCGGCCACACCGAGAACGACGTGCAGTTCGGTCCATCGCCGATCACGCACACCACAGGTCTGGTGACCAGCGTGCTGATTCCGCTGCTTGCCGGGGCGGCCACGCACGTGATGCCCGAATGGAGTCCGGCCGCCGGACTCGCCGACATCGAAAAGTATGGCTGCACCGCCGCGGTCACCGCCACGACCTTCCTTCAGACGCTGATCGCGGCAGCGGAGGACGATCCGCACGCAGATCTGTCGTCGTTGCGGGTCTGGACCTGCGCCGGTTCGCCCATCCCGTCCGCGGTGGTGGAGAACGCGAAGGCCAAGTTGCCCACCGCTGCGATCCTGTCGCTGTACGGTCGCAGCGAGAATCTCACCACGACGACTTGTGCCATCACCGACTCGCCGGAACGCGCCATCACCTCGGACGGCTCGGCTCTGCCGGGCGCCGAGGTGAAAGTCGTCGGACCCGACGGACTCGAGGTACCCCGCGGCACAGAGGGCGACGTGGCCTATCGCGGTCCGTCCCACATGATCGAGTACCTCAACCGCCCGCAGGATACCGAGGATCTCTATACGCCGGACGGCTTTTCGCGATCGGGTGACCTCGGCGTGATGGATCCCGACGGATTCGTGCGCGTCACCGGACGCACCAAGGACATCGTCATCCGCGGTGGGATGAACATCAGCGTGCGCGAGATCGAGGACAAGCTTGCCAACCATCCCGACCTCCTGGCGTTGGCCGTGGTCGGCATGCCCGACGAGAAGCTGGGGGAAAAGGTGTGCTGCTACGTCGTCGTCAAGGAGGGTCACGACGCACCGACCGTCGAGGCGTTGCGTACCTACCTGACAGATCGTGGAGTGGCGATCCAGAAGACCCCGGAGCGGGTGATAGCGATCGACGAACTGCCGATGACCGCCACCGGAAAGATCCAGAAGCACGTCCTGCGCAAACAGGTGGCCGAGGAATTGAACCAGCCTGCCGCCGCCGGGGCCCGCTGAGTTGGCGGTGACGCAGTCTCCCCCTGACTTCGTCGTCTCGGGGGCCGAGGCGCTGTTGCAGGTCAGCGCCGTGAGTTTGTCGGCCCAACGAGCCGAATTGATGGTTCCCGCCGGGCAGCGCTTTGCCGATCCGGTCGCCGGAAGTTGTCGCTCGCCGTTGGGTGTACCGCTCGACGACGTCACCGGTTACGTCGTCGCGTGTGGTGCACCGTCGGGACGCTGGCCGGTGAGTCTCGGTATCCGAGTGGATTTCTTGGCCGACATTCCGACCGCCGGCGACCCGCTCTCGGTGACCGGGGAGCTGATCGCGCGTGACGACACGAGTGGAACCACCCGTGGCAGCGTCGTCGACGACGGCGGCAACGTCATCGCATTGGTGACCCAGCGTTCCCATCTGGTTGGCGTG
NZ_CP116236.1_gap58	1735529	1739350	3821	GCCATCATCGTCCTCAACCCTGCATCACCACCGCCGCTCATGCGTGACACCGTGGTGGCGTTGATCGGCGATGCCGATCACGAGCGGATTCGCGAGTCGATCGCGGCGATGGCCGCCGATGTTGCCGACTACGTTCCGGGATACCGCCTCAAGCAAGAGGTTCAGTTCACGCCGGTGTCCACTGACGAGCCGATTCACACGCTGCTGGCAGAACCCGAGAGCTCTGTGAAATACAAGGTTTCGGTGTTCCTCGAGGTGGAGGGGGCTGCACATTACCTTCCGGCCTACGCGGGCAACCTTGACATCATGACCTCTGCGGCGCTGCGAACCGGCGAGGCGATCGCTGCACGCGCGCAATCGCATTCGTCGTCGCACGCGTTGACCACGAACTGACAGAAAGGGTTCCAGGTGAACAACGATTCGATTGGCCAGGACCTGTACATTCAGGACGTCACACTCCGCGACGGCATGCATGCAGTACGGCACCGAATGAGTCCCGCCGACGTCGGGCGGATCGTGGCCGCACTCGACAGGGCCGGCGTCGATGCGATCGAGGTGGCCCACGGCGACGGACTCGCCGGCGGAAGCCTGACCTACGGTCCCGGCTCGCACACCGATAGCGAGTGGATCGAGGTCGCGGCCGAAAATATCTCGACCGCGATGCTGACCACCCTCTTGCTCCCGGGTATCGGCACCATCCACGATCTCAAGCGGGCTCATGCGCTGGGAGTCCGATCGGTACGAGTGGCGACGCACTGCAGTGAAGCCGACGTCTCCGCGCAACACATCGCCACCGCGAGAGAGCTGGGAATGGATGTGTCGGGATTCCTGATGCTCAGTCACATGCTCTCGGCTCCCGAACTGGCACAGCAGGCGAAGCTGATGGAATCCTATGGTGCACACTGCGTGTACGTGACCGATTCCGGTGGCCGGCTCACGATGGACGGCGTGCGGGAACGTGTCCGTGCCTACCGCGACGTGCTGGACCCGGACACCCAGATCGGCATCCACGCGCACGAGAATCTCTCACTCTCCGTTGCGAATTCCGTTGTGGCGGTTGAGGAGGGGGTCACCCGGGTGGACGCGTCACTCGCCGGGCAGGGCGCGGGAGCGGGCAACTGCCCGATCGAACCGTTCGTGGCCGTGGCGAACCTCAACGGGTGGAAGCACCGGTGCGATCTGTTCGCACTCCAGGATGCGGCAGACGACATCGTGCGTCCGCTTCAGGACCGGCCGGTCCGGGTGGATCGGGAAACACTGACCCTCGGCTACGCCGGTGCGTACTCGAGCTTCCTCCGTCACGCCGAGACCGCCGCCGCCCGCTACGGTATCGATGTCCGCACGATTCTGATCGAGGTGGGCAGGCGTGGACTCGTCGGTGGTCAAGAGGACATGATCGTCGACATCGCCCTAGATCTCGTGGGTGCGGGAGTTTCTTCGGAGGGTGCCGCCTGAGGCAGCCGTCGTGGTGACGTCGGTTCAGATGTGGTACGCGAGCGTGTCGTGCCAATGGGATTCGGCCCGTGGGTGCCAGAGCTGACGAAGCCGTAGAAGAGTCGCCGCCGATTCCCGGCCACTCCAGCTCGGGGTGAGCGCACGAGGGAGATGGGGGTCGGTGACCAAAAGGTTCTGCAACTCCCGATCCAGATCGAGGAGTGCGACAAGGTATTCGGCATCGGTGGCCGGCGTCCACGACGAGAAACGCTCGACCACGGTGTCGTAATGGTGGCCGAGCTCGTCGAGATCCCATGACCGTTCGACGATCTGGGTGGCCGTCAAACCCAGCTCGTCGGGGCAGCCGACGAATGACACGGCAGACTCGCCGAGCCCGAGTTCGGCGAGAACCGCCTGGGTTCGGCGATGGCGGTGCGGATGGGGCGATACCCACACCGATGCCATGGGATTGCCGAACCCATCCCACCGGAGGGCCCGGTACACGCGGTCACGAGAAGACCGTTGCTCCGCGGGGATCGTGACGACGGTGATGCGCCATGTCCCGTCCCAGCCGGTGTAGGGGTCGGCAAGGCGTTCGACACCGGCGATCCCGTCCTCGACCACGCCGACTCCCGCCGCAGTCAACGACCAGCTCGTCGACCGTCCGGATTTCTGCTTGACGATCCAGCCCGACGCCGCACACCGGGCGACGGCCTGTCTGACGGCGGGTTCGGAGTACCCGAGTCCGGTCATCACCGCCAGGAACGCCGAGGTCGGCACGGCAGTCGAGGAGGGATGGACGATATCGCCCAAGATGTTGAGCAAAGTCGCCTGCGCCGTACCCGGTGTGGGTGCGAGGAGGTGCTGCTCGGCGGACTGTGGTGGCACGAGAAGCATCGTCGCACGTCGTGCCACCGGGAGGGACGTCACCGGCCGCGGAAGACCGGTACCCGTCGCTCCAGGAATGCCGAACGACCTTCGCGCCAATCATCGGTGGCGATCAACCGCTGTTGTAAGGCAGCCTCGAGTTCGAGTTGGTTGACCAGTTGCGATCTCGACCATGCGCGCACCGCGTGTTTGGTGGTGGCGTAGGCGGCGGTGGGCCCCGATGCCAGACGTCCGGCCAGCTCGCCGCATTCGGCGTCGAGGTCCTCGGACACGCGGCTGGCCAGGCCCAACTCGAGACAGGTGTGGGCATCGAGCTTGTCGGCAAGCATGAAGATCTCGATCGCCCTGGCTGCGCCCACCGCGGAGGCGAGCAATCCGGTTGCACCCACGTCGGGCATCAAACCGATTGCGCTGAAACGAAATTGGTAATAGGCGGAAGAGGCGTCGAGGATTGCGATGTCGGCCGCGAGGGCAAGGCACGCCCCGGCGCCGATCGCGGGCCCGTTCACCGCGGCGATCACCGGTTTGGGGCAATCGAGCAGGGCGAGAAATCCCGGATGAAACCGGTGTCGCAACGTGCCCGTCAGGTCATCGTGTCCGGAGGGCAGTGTCGGGAAACCTGTGGCCAGGTCCGCGCCGGAGCAAAACGAACTGCCCGCACCGGTCAGCACGATGCATCGGACGTCTTCGTCGTTCGACAACGTCGTGAATGCGTACTCGAGTCCTCGGCCCAACGAGTCGTCCCACGCGTTGCGTCGTTCCGGACGGTCGAGGGTGACGGTCGCAACGGTATGTTTTACAGAAATCTTGACTGAGTCAGTAGCTGAGTCTAATGTCATGCTCACACTGTAACTCAAATCACTTTCTGTGCAAGGGTCGCTCACCAGTTGGTCGACCGGACGAGAGCGGAGCCGATGGATCCCCGAATTCGCCTTACCGACGAACTCCTCGCCCAATTGGGCGGCTCACGATCCCGGGTGACGTCCGCCACGGCTCCCGCGGCGTCGGTGATCCTCGTGCGCGACACCGAGCACGCGCCGGAGTTCTACCTCCAGATCCGTTCTGCCACTATGGTGTTCGCGGGCGGTCGGCCCGCCTTCCCCGGCGGGAGGATCGATCCGGCTGACACGCAACCGATCTCGCGATGGAGCGGCCCCGATCTGGACTGGTGGGCAACCGAACTCGGTACGGACCGGACGGCGGCGCTCGCGGTGGTGTGCGCGGCGGTGCGTGAGACATTCGAGGAATCCGGATACCTGCTGGCAAGTGGGTCGGATGGCACACCACTGGTCGAACTCGATTCCGACGACTGGCGCGAAGACCGAGAAGCGCTCGCACGGCACCGGATCAGTCTGGCGGAACTGTTGGCCCGGCGAGAACTCGTATTGCGCTCGGACCGGTTGCGTCCCTGGTCGGTCTGGGTCACGCCGGAATTCGAACCACGGCGCTATCACACGTGGTTTCTCGTCGCCGAATGCCCAGTCGGGCAACATGTCCTG
NZ_CP116236.1_gap59	1740656	1742902	2246	TCTGACGCCGAAAGGTGAGTTGGCGCCGGTCGATCCGACGACAGGTGCCCTTGCGGTCGGCATGCCGATCCCGGGTACGTCGGTCCGCATCGTCGACGACGATGGTAACGACGTCCCCACGGGAGGTGCCGGAGAGGTGGTGCTCGCCAGTCCCGGTGTCATCTGCGGATACTGGCGCCGCCCCGACGCCACCGCCGCGACCATCCGCAACGGCGAGCTGTACTCCGGCGACGTCGGTGTCGTCGACGAGAACGGCTGGCTGTTTCTCGTCGATCGCAAGAAGGACCTGATCAACTGTTCCGGCTTCAAGGTGTGGCCCCGCGAGGTCGAGGATGCGTTGTACGAGCACCCGGCGGTTCTCGAGGCTGCCGTGATCGGCGTGCCCGATGAGTACCGCGGTGAGACCGTCAAAGCTTTTGTGTCCCTGAAACAGCCAGGATCGGTCGAGTCGACGGAAATCGCCGGGTTCCTTGCCGAGCGACTTGCCGCTTACAAGCGGCCGACCGCGATCGAGATACTCGACGAGCTCCCCAAGACCTCGAGTGGAAAGATCCTGCGCCGGGCTTTGCGTGACACGCAAGATCGGCTTCCGACGGCGACGATCAACTAAAAGGATTGGCTACGTGGACTTCTCACTCACCGACGACCAACAAGTGTTCCGCGCCGAGATCCGGCGATTCGCCGAACAACGGTTGCGGCCGCACTATCAAGCCGATGACGCGACCGGACGCATGACACCGTCGATCTTCGATGACATGGCCGCGGTCGGACTGTTCGGGCTTCGGGTCCCCGAACGCCTCGGCGGTGCGGGGGCCGATGCGGTCACCGTCGGCATCGCGGCCGAGGAGGTTGCGCGATCCAACATCAATGCGGGATACGCGCTGCTCTCGACCGCGCTGGTCTGCGACATCTTCCTCGCCGCCGCCACCGAAGCGCAGCTGTCGCAATGGCTTCCGCCGATCGCTGAAGGGCGGGTCGTTCCCACCCTGGCCTTGACCGAGCCGGGCCACGGATCCGATGCCGCGAACATCGAACTCGCAGCCAAACCCTCCGCGGACGGCTGGGAGATCTCCGGCGAGAAGACCTCGATCTCGCTGACCGAGGATGCCGACCACGCGGTCGTCTTCGCTCGTACAGGTGCCCCTGGTGCGCGCGGCGTCAGCGCCTTCTATGTGCCGTTGATTGATCCCGCGGTCACCCGGGTGCGCCTCGACGACATCGCCAATCGCGCTGCGGGCCGCTGCTCGCTGTTCTTCGACCAGTTGCCGGTCACCCGCGACCAACTCGTCGGAACCGAAGGCTCCGGATTCGTTTCGGTCATGCAGGGCTTCGAGTATTCGCGGGCGATCATCGGGCTGCTCGCCCTCGGTACCGCGGCTGCCGCGCTCGACGACGCAATCGATTACGCCAAACAGCGTTCGACATTCGGAGCACCCATCAGTACTCGTCAGGGCGTCGCATTCCCGCTCGTCGAGCATCTCACCTACGTCGCTGGTGCCCGTCATCTGTGCTACGAGGCGCTGTGGCGAAAAGACCAGGGTCTCGATCACACCGCGCACGCGAGCATGGTCAAGTGGTGGGCGCCCAAAGCCGCGGTGGAGGCGATTCATCAGGCGCTGTTGACCTTCGGCCACGCCGCCTGGTCGGCCGAGAACCCGCAGGCGCAGCGGCTGCGCGACGCGATGGGATTCGAGATTGCCGACGGCACAGCACAGATCGCGAAACTGGTGGTCGCCCGCTCGGTATTCGGCCGGCAGTACGCACCGTGAACTCCGAAGCGACCTCGATGAGAGAAACGACGATGTCGACGCCGAAACCGTCTTACCGCGCCGGTACCACCGAGACCGATCTCTTGCACGTGACCGTCGGTGACCTGCTTCGTCACGCCACCATGAGCTCACCCGACCGGATCGCCGTCGTCGACGGCGCACCCGAGGCCACCCGAACGTGGACCTATCGCCAACTACTCGACGATGCCGGCAACTGCGCACGCCGGTTGCTGGCCCGCCACCCGGCAGGTTCGCGAATCGGTGTGTGGGCGGCGAACAGTCCCGAATGGACTGTGCTGCAACATGCCGTGGCACTGGCAGGCATGCAGTTGGTGACCATCAATCCCGCCTATACGTACCCGGAGCTGGCGTACGTCATCCGCGACTCGGGATGTGTGGCCGTGTTCCACGGTGGCGAGCACCGCGGTATCGACCTCGGCTCGGTCGCCGAGCGTGCCCTCGCCGAGATCGAGACGC
NZ_CP116236.1_gap60	1745977	1750372	4395	CGAGTAGAAGCCACCAACACACACCTTCGCGCGCTAACCTCAATACCGTTCAGTTAAGGTTACATGCGTGTAGTTTGTAGGGTATGCCTCGTGCTGGGTGGGTGAAGCCTGAGTCGGATCGCCGGTTGTCGGATTTGGTGTCGGTGGGTGTGTTGACGCGGACTTTTCCGCCGGATCTTGTTGACGAGGTGATCGCCGAGGTGGGTCGGACCGAGGTGCGTCATCGCTCGTTGCCGGCGCGGATGATGGCGTATTTCTCGATCGGGATGGCGTTGTATGCCGAGGGATCGTATGAGGACGTGTTGTCCCAGCTCACCGATGGTTTGTCGTGGGCGTCGGGGTGGCAGGAATCGTATCGTCCGCCGAGTAAGTCGGCGATTTTTCAGGCGCGGGCACGGCTGGGGTCGGCGCCGGTGGCGGCATTGTTCGAGCGGGTCGCCGTGCCGTTGGGGACCGAGACCACCCCGGGGGTGTGGTTGGCGGGGCGGCGGTTGGTCGCGGTAGATGGCACGTGCCTTGATGTCGCGGACACGGCGGCCAACGACGAGCATTTCGGGCGGGCGGGGGTGAGCAAGGGTGAGCGGGCGGCGTTCCCGTTGGCGCGGGTGGTGGCGCTCGCCGAGTGCGGCACGCATGCCATCTTTGGCGCCGCGGTGGGCACCTACGCGCAGTCCGAGGCGGTGTTGGTCGAGGAGCTGTTGCCGCGTCTGCAGTCGGGGATGCTGGTCACCGCTGATCGCGGAGTGTTCTCGTATGCGTTGTGGCGCAAGGCTATAGCCACTGGCGCGGATCTGCTGTGGCGGGTACGTACCGACAAGGGTGGACCGAAACCCCGCCACGTCAAGGACCTGCCGGACGGGTCATGGCTGGCCGAGTTGCAGCAGATCCATTCGGCCGCGGCACGGCGTGCTGAGCCGATGCTGGTGCGGGTGATCGACTACACCATCGATGACGGACGCGAGAACGCCGAACAGTATCGGCTGCTGACCACGATCCTGGATCCGGACGAGGTCAGTGCGGTCGAACTGGCCGCCGCCTATACCGAGCGGTGGGAGATCGAAATCGCGTTCGATGAACTCAAGACCCACCAGCGCGGACCGCGCACCGTGCTGCGGTCGAAATCCCCCGATCTGGTGCTGCAGGAGATCTGGGGACACCTGTGTTGTCACTACGCGATCCGATCGTTGATGGTCGAAGCCGCCAGCCACGCCGGCCGCGACCCCGACCAAGTCAGTTTCGTTGCCGCACTCAGGATTACCCGACAATCCGTCGCCCACCAGGGCGACTTTCCCCCCTCACGACCCTGACGTCTACCACCGCAGCTGGCACACCTTCCTGCGCAGGCTGACCCATCGACTCAACCCCACTCGCCGCCGCAGAGCCAACCCGCGCGTCGTTAAACGCAAATACGTGAAATGGCACGTCAAACGGGCTCATCACGCCTCCTGGCCACAACCGACACAACCGCCGACCTACACAGCGGCAGCCCTTAACTGAACGGTATTGGCGCTAACCTCGATCTTTCGTGAGGTGGCGGTCCCTTGTTGAGTGGCCCGGACTGGTGGTCTGAGGACCAGATATCCGGGTGTAGGCCGTGTGGAGTTGCCCGAGGCGTCGGTGGCGTCGGGGTTCACGGCCCCGAGGTGTGAATGTCCTTTCTGGATCGAAGGTCAGGTCGGCCTGGTGTTCAGGCGGGCGCGGGAAGTGCTGCAAGCCTTGCTATCCCGTCGAGCAGCAGGCTAACGTGCGGTGCGTGGGCGGCAAGCTTCAACCTGGTACCTCGGGCGTGGCGGCTGATCTTGGCGGCGATCGCGAACAGGCGATGGCGCAGTCGCTTGGGTTCCCACCGGCGGGCAGGATGATCGGTGAACGCCAGCATCTGGGTCCAGGCGATCAACTCACAGGCGAGCATCACGACCGCACACCAGATGCGGTTCTGATCAAATCCGTGCAACGGAAGATTGGTCAGGCCACAGTCTTTGGCCGTACGGATACGATCTTCGCAGCGGGCTCGACGCCGGTGACGTAGCTCGAGTGTGGCGAGTTGACCACGAACGGTGTTGGTGGCGAACGCTGTGAGCCGCAACCCATCGTGGTCGGTGAACCGTAACTGCGCACCGGGATGCGGGCGCTCTTTTCGGACGATCACCCGCATCCCGGCAGGCCAGCCCGCCAGATCGATCAACCCGGTCAACTCGGCCACCCACGCCCCGTCACGCTCGACGCCCTCGGCGTCGTAGGCCGGAGTCCACGCCTCGGGGCTGATGCGGTCGATCGCGGCCGCGGTCGCTTCGGTGAGCCCGAACCCCACCGAATAGGCCAGGCGCCGGCGGGTGAGGTAGTCGACGAACTCGTGAGTGCCGCCGGCTGAATCGGTACGCACCAGCACCGACTTACCAACCCGATACCCGTGGACCTGCGGTAGCTGCTCGAGTGCGGCGGCGGTGACCGCGATGTGATCGGCAGCTGTGTTGGCACCGGCATTACCCGGGCGCAACTCGATCGCCAGGGGTTCGCCGGTGCCCTCGCTGCTGTGATCAACGAACGCGCATAACGGGTGAAATCCGAACCCCCGCTTGTAGGTTGGTGCCGCATCCTCTTTCTCCGAGTGTGCAGTCACCAAGGTAGCGTCGAGGTCGACGATCACCGGATCATCAACGTCGGCGTCATGATCGGGAGCAGCGATACCGGCTGCCGACCAGCACGCTGCCCGCGCGCCAGCGCGGGCCGCATTGATCGCTGACAGTGCTGCCGGCGCATCATCAGCCAACGCCGAGATCAGCCGGGACACCGTCGAATCAGAGGCGACCCGACCGAATACCGCCGGGTCGGCGCGTAACTGGTTGATGTCAGCCAAACAGTCGCCACCGATCGCGACGGCCACGGCCAGGTCCGAGATGATCTTGCCCGGATCATGGGTTGCCAAAGGTTTGCGCCACGGAGCCAACGCTTCGGACAATCGGCTGGTCAGCCCCGTCTTCTCCGCGGCCCGCAGTAGCACTGTGGCGCCGGCGTGCGACACCACCCCGGTTCCGGTGCCATCTGCAGACAGCATGGGGTAAGGCGACGTAGACTTACTCACCTGAATGGTGCTCCTCGATCTGGCCCGATTGATACCTTCGCAAGTTCAATCATCCCAGTTCAGGGCACCATTCTTCATTCACGACACGAAATCAGCGCGAAAGCGCGAGGCTAGGGCGTGTTGGGGTTGACCCCGTTTCCCGGACATCTTGATGGCCAGTGTGAGGCTGGCGGGAGAGGATGTAGTGATGGGAGCGAAGCGGAAGAGTTACACGCCGAAGTATCGGCGTGAGGCTGCGCATTTGGTGATCGATACTGGTCGCACGATCGCGGAGGTCGCGCGGGAGATCGGTGTGGGTGAGCAGTTGCTGGGTCGGTGGGTGGCCATTGAGCGGTCGCGGATGGATGATCCTCCGCCGGCGGTCGATGCCGATGAGCGTGCCGAGTTGGAGCGTCTGCGTCGGGAGGTTGCCGAGTTGCGGATGGATCGGGATTTCTTAAAAAAAGCGGCAGCCTTCTTCGCGGCGGAGAATTCGCAGCAGAACAAGCGTACGAGATAATCGACGCGGAGAAGGCCACCTTCCCTGTTGTTCGTGGCGTTGAATTGTTGGGGGTGTCGCGGTCGGGTTTTTATGAATGGCGTGAGCGGCAGGAGGCTGGGCCGTCGGTACGTCAGGTACGGCGGCGGGAGTTGGTGGAAAAGATTGTGCGATTCCATGAGGAGTCGGATCAGGTGTACGGCGCGCCGCGGATCACCGCCGATCTGCGGGATTCCGGCGAGGTGGTGTCTGTGAAGACTGTGGCTAAGTTGATGCGTTCCAACGGTATTGCCGGTATCAGTCCGCGTCCGTGGACTCCTGTGACGACGATCGCGGATCAGAATCCGCATGCGATACCGGATCTGGTGGGTCGTGAGTTCGATCGCGGAGTGTTGAATACGGTGTGGACGTCTGATATCACGTATTTGCGTACAACGAGTGATGGTTGGTTGTATTTGTGTGCGGTGCGGGATGGGTGTTCGCGTCGGGTACTTGGCTACGCATTCTCTGATACTCTGCACACTGATATCGTGGACACGGCGTTACGGAATGCGGTGATGTTTCGGGAGCCGGAGACCGGGTCGACCGATCAGGTCATTTTTCATGCCGACAGGGGCTGTCAGTACACCTCTGAGCAGATGGCGCAGGTCGCTGACGACCTGAAAGTGCGGCTCTCGGTGGGCAGGACCGGGGTGTGTTGGGACAACGCTGCGCAGGAAAGTTTCTGGTCGACGTTGAAGACCGAGTTCTACGATCGGCGGGAGTTCGACACTCACCTGGAGGCCATCGTCGCGGTGTCCCGCTGGATCGATCAGGTGTACAACCGCAGGAGACG
NZ_CP116236.1_gap61	1751634	1753714	2080	ATACCGTCGATCTCGTAGTCCACGCAGTCTCGGTTGGTCAGGTGCTTGAGTGTCTTGACACCGTGATTGGTGGGGCAGAGCAGGTAGCGCTGGGCCATGCCGAGGATGGGATCGGCGGTGTCGATCAGGTGCGGTTCCTGCCAGAATGCGTTGTGGGTATAGCGTCCGCACACCACGGCGACATCGGCGTCGGCGAACTCGCGTGAGAGCCAGCCGAGTTTGTTCCAGTTCATGATCCCGTCGAAGTAGAGTCGGTACCGTTCGTTGCGGACACCGGCGATGTTGTTGTCGATTCGACGCTGGACCTCGGCTTTGACATCGGTGAAGTACTGGACCAGTTCGGGTCCGGCGGGCATGAAGTTGATGTGTGCGATGCTCGCGATCCAGTCCCAGTAGGTGGCGGGAGTCGGGGCCGCCCGGCACAGTGCCATGGCCTCGCGTCGCAATTCGGATGCGCGTTTGACGTAGGACATGTTCTCGCGCAATGCCTCCCAGTCGAACGGGCGGCCGGTCATGGTCTCCAAGAACTCGACGAGCTGGTAGAGCTGGTCGGCGACATAATTCGACGCCTGGTCCCATTCCTCACCGGTCAGGTAGCCGGCGTCGGGTTTGTTGCCGGGAAGGAAGGGGAGCGAGACGTTGAAGATCGGAACCTGCTTACCGAATACGCGGTAGAAGATCTCGTCCCACTGCTGGCCGGTGCTGCACCCGGCGTAGGCATTGACGAAGAAGTCGGGCGCCGGCAGACGGGCCGCCAATTCCTGCTGGTCGACGAGTCCGACAATGCCGGTCTCGTCTTCGGCCTTGGCCTGCTTGGTCAGCACCGCGCAACCCAGATGTGAACCGTCCTGGGTCTGGTGGAGACCGTGATCTGACCAGGAGATGTTGGTATGGGAGCAGCACGAAAGTTTGACCTGGAGACCCGTGGGCGGGCTGTGAGGCTGTATCACGATCGGCTGGCCGAGGTCGGCGGTGCCAAACTCGCAGCGCGTCGGCATGTCGGGGAGATGCTCGACATCAATCCGGCGACGTTGCGAAACTGGATCGAGAAGGACATGCCGGCGGTCTCGACGGCGAGTTCATCACCGGCAGATGAGCCGGGTGCGGAGTTGCGCGAGTTACGCCGCGAGAACGCCGAATTACGCAGACCCAATGAGATTTTGAAGACAGCGTCAGCGTTTTTCGCGGCGGCGGAGATCGACCGCCGACTGCACTGATCGTCGATTACATCGACGATCACAGAGACAGGTTCGGGGTCGATCCGATCTGCCGGGTACTCGCGAGTACGGAATGCAGATCGCCCCGTCCACCTACTACGCCCACAAGCAACGCGGCCGGATCTCGGCGGCCGCGCTGGCCGAGGCCTACGCCGCGCACGAGGTGTTCCGCCAGTTCACCAAGAACCGCAGTGTCTACGGGGTCCGCAAGATGCATCATCAGTTGTGGCGAGCAGGACACCCCATGGGTCGCGATCAGGTCGGCCGGCTGATGGGGATCTGCGGGATTCTCCGGAGCAGTCCGGGGTTCTCACCGCACCGTTACCACCCGCCGCGATGACAAAGCGCCCCGGTTCCCGGATCATGTGGCCCGGCAATGGAATATAGCGGATCGTCCGGATCGGTGGTGGGTGGCCGACTTCACCTACGTGTGGACGTTGGCCGGGTTCGTCTACGTGTCGTTCCTCGTCGATGTGTTCTCCCGACGCATCCTCGGGTGGCGGGTCATGGCCAGCAAGCACACCCCGTTGGTGAACGGTGTGGTCGAGCAAGCGTTGTTCACTCGACGTAGGACCGTATTCAACTTCACTGCAACAGGTTTGGTGCACCACAGCGACGCCGGGAGTGCAGGGCGGAATCAACCGGTCGTCGCAACACTTGACTGGTTCACTGAGCCTAGTACTACAGCCGTAGATCGCGGGTTGTGAGGTTGCGTGGCGTGTTTGCGCTGGTGGGAGCGGCTGCCGGGGCATGATCTGTTGTTTGTGAAGTCAACGAATACGCCTGCGGCAGCCGCGGGTTTGAGGATAGATCATGACCTGTGGCGGGCGCAGTTGGACACGGTTCTCGACACCATCGCGCCA
NZ_CP116236.1_gap62	1761880	1763709	1829	CACTGACGCCGGGGAGCCGATGAACGACATGGTGTTGTCGTGCAGGCCCAACGAGTCGATGGCGGATTGCGCTTCGGGCAGGCGCTCGACGTGCGGCGTGACCCAGATTCCCGCGCTGGGATTGCCGAAACCGGCCCAGCGCAGGGCGGCGTAGAGCTTCTTGCGGGTAGCTCGTCGGGATTCGGGTATCGGAACGATCACTATCAACCATTTGCCGTCCCAGCGGCCGATCGTCGAGTCGGGAAACACTCGGCGTGTGCCCTCGCGGAACAGTTCATGGGTTCGCTCTGTCAGGGCCCACTTCGTCTCTCGCCCGTCACGTTCGGCGGCCAGGAGTCCGGAGGCTCCGGCGCGCGCGATGGCCTGTCGGCTCGCCGACTCGCCGAAGCCGACGCCGGTGAGCGCGTACAGCAGTGCTGCTGTGCGTACGGGCTGGTGATACGGGGCCACGAGTTCGCCCAGGATTGAGATGAGCGCCGATCGGGCGCTGGCGATCGAGGTGACGGACTCGTCGGCGTGCTCGGACATGGCGACATCGTATCGGTCGATCGACGTCGAGTCGGAGCATGCCACATGGATACAGGCACAGAAAAAACGATACATCTATAGATAGAACAGCGACAGTAGTGTAGAACGTTAGATGAGTTGTCGTGAGTTGAGAGGTGAGAGTTGATGCCCGAGTCCCCGCTGGTTCGTAAGTACGAGGAGTCCGGTGCCCTGATCGCCGGAGGAACCTCGGGTGTCGGCCTCGCCAGTGCGCTCGGGCTCGCCGCGGCCGGAGTTCCCCGGCTGGTGCTCGTCGGCCGTGACGCCGAACGGGGTGACGGTGCGCGGCGAGCGGTTCTCGATCAGTACCCGGATGTCGAGGTGACCTTCGTGTCGGCCGACGCGACCGATGAGTCGGCCGTGGATCGCGCGGTCTCCGCGGCGCACGATCGGCTGGGTTCGGTCGACATCTGCATAAGCTCGACGACCACCGCCTACAAGCCGGAGCTGTTGCACCGCACACCGGCCGCGTCGATGTCGGCAATCCTCACCGGCCAGGCGCTGCCGCCGATGTTGTTCACCCGCGCGGTACTGCCGCTGATGCAGGATCAGGGTGGCGGGAGCATCATCAACATCGCTTCCGATGCGGCCAAGGTGCCGACCCCGGGAGAGAGTGTTCTGGGGGCGGCCATGGCGGCCATCGTCATGTTCACGCGCGTGGCGGCGGTGGAGGCCAAGCGCAACGGTATTCGCGTCAACGCGGTGACCCCATCGCTGATCGAGGGCACCCGCACCGCAGACAACGTCCTGCGCGACGGATTCAGCCGATCGCTGTTCGAGAAGGCGGCCAGGCAGGCGCACCTGGGAGTGGCGGTCCCCGACGATCTGGCGTCCCTGATCGTCTTCCTGGCCGGCCCCGGTGCTGCCCGGCTGACCGGTCAGACCGTCAGTGTCAACGGCGGTATCTCCGCCTTCTGATATCGCCGCACGGAGGTGGCTCGCGACATGGGTGATCGGGACGTGCTCGTCGACGGTCGGACCTGTTCGGCAGGTGCGCAATGGGACGCGACGCCGCGGCCGGTGCAGTACATCCCCGGCCCGCCCGAACTCGTCTTCGGCGTCGATGAGGTCGTGGGGACCAGTGCGGAAACCCTTGGTCGGATGACGTTGAGTCCCTTGATGTACACCGCGAACGGTGTGTCGCCGGGAGCGCTCGGCGTCTTTGCCGACACCGCGATCGGCAGCGCCGCGGTCGCATACCGACCATCCGGCGGGTGGGCCGCCACCACCGAACTCACCATCGACTTCTGCGCGCCGATTCCTGCGGCGGGTGGATTCCTACA
NZ_CP116236.1_gap63	1864506	1869275	4769	CCGGATCACCCTGCCGCTGGCGTCGCCGGGCATCGTCTCGGGCACGCTTCTGGTGTTCATACCGTTGATGGGCGACTACGTGACACCCTCGGTCCTCGGCGGTGCGAAGGGCACGATGGCCGGGCAGATGATCGCCGCGCAGTTCGAGACCGCCCAGAACTGGGCGCTCGGCAGTGCGATGACGGTATCGCTGATGATGATGGTGCTCGTGTGCGTGGTGCTCGCCGGTCTCGTCGTCAAAGGTGTTGCGGTGGTGCTGGATCGGCGGGTCTTCTCGGTGACGCTGCCGACCGGCGGCCCGGCCGATCTCGGCGCCCTGCCGGGTCTGGTGATGACGCCGCGGCGCACCCGGCGGGACTGGTACTCGATCTGCCTGAAGGGGTGGGCGGTCGTGGTCTATGCCTTCCTGTTCCTACCGATCCTGGTGATCGTCGCCTACTCGTTCAACACCGGGCGTGTGCTCGCCTCGTTCGAGGGATTCGGGTTCGGCGCCTACCGCGACGCGCTCACCGACGACACGATCCTGCACAGTGTGCGCATTTCCTTGGAGGTGGGCCTGCTGTCGGCTCTGCTGGCCACGCTCCTGGGGTCGTTGGCCGGCATCGCCATCGGGATGTCGCGGCGCCCGCGCTGGTGGTCGGTGGGGTTGCTGGCCCTGCTGACGGTCACCCTGGTGACGCCCGACATCGCCGATGCGGTGGCCTTCCTGCCCTGGTACGTCACGCTCGGCGTCGACTGGAATCTGTTGCCGTTCAACAACGGTCTGGTGCGGTTGGTCATCTCGCACGCAGTGGTGTCGATGGTTGTGGTGACATTCATCGTGCGAGCCCGGGTGTCGGCCCTCGATCCGGCACTCGAGGAAGCGGCCGCAGATCTCTACGCCTCGCCGCTCGCGCGGCTGCGGCACGTGATCCTGCCCGCCGCCACCCCGGGCATCGTCGCCGGGATGATGCTGGCCTTCACGTTCAGTCTCGACGACGTCGTGATCTCGACCTTCGTCCAGCAGCCGGGCTACACGCCGTGGCCGGTCTACATATTCTCCGCGGTGCGTATCGCCCTGCGGCCGGAGGTGGCCGCGATGTCGACGCTGATGCTCGTCCTGACGCTGGTGGTGCTGGCGCTGTCGGCCCTCGTGCTGCGCAGGTCGGGGGAGGATGCGACCTCGATGGCCAAGATGATCGGCTGAGGCACGACCCGACCCGAACCTTGAAGGTGAAACCGGGTTCAAGTACGGTCGGGGCATGGAGATCCAGAACACAGTTGCCGTGGTCACCGGTGCCGGCGGCGGCATCGGTGGCGCGATCGCCCGCGCGCTGAGCGTTGCCGGCGTCCGCGTGGTGCTGACCGACCTCGATTCCGACGCCGTCGCGCGCACCGCCGAGGCGATCATCGAAGCCGGTGGCCAGGCGATTGCGCTGGCCGGCGACGCTTCGGACAACGCGCACATCGACGACGTGCTCGCCACGGCCGGTGAGCATTTCGGCCCCGTTGATCTGTATTTCGCCAACGCCGGAATCGGCGGTGCGGCGGGTCTGGATGTCACCGACGACGACTGGGACACCGTCATCGACGTGAACCTGATGGCACACGTACGCGCCGCGCGTCGGCTCGTGCCCGAGTGGAGCGAACGCGGCCGCGGATACTTCGTCAGCACTGCGTCGGCGGCCGGCTTGCTCACCCAACTGGGGTCGGCGACCTACTCGGTGACCAAGCATGCGGCGGTCGGGTTCGCCGAGTGGCTCAGCGCCACCTACGGCGACGCCGGCATACGCGTCAGTTGTCTGTGCCCGATGGGCGTCGACACCAAGCTGCTGCGTCCCGACCATGCGCCGGACACCGACGGCGAGCGCCTGATGCAACGAGCGGTCGAGACCGCCGGCGCGGTGATCACCCCCGAGGAGGTCGCCGACCTCGTGCTGGCGGCGATCGCCGATGAGCGTTTCCTGATCCTGCCGCATCCGGAGGTACTCGAGATGTACCGACAGAAGGGCGCCGACTACGACAGGTGGCTGCGCGGCATGCGGCGCTATCAGGCCGCGTTGCTCGCACCGCAGGACGCCTGAAGCGCCACCGTCGGCGAATCCGTCGAGACCACAACCGCTCTCATCGAGGAGACAACCATGACATTGTTCGAGCCATCACCGCGCGCCGAGGAATACCGGCAGAAGCTGCTGGCCTTCATGGACACCTACGTCTATCCCAACGAGGCCGTCTACGACCAGCAGATGTGGGAGTCGGCCAATCCCCATGCCACCCCGGACATCCTGATCGAACTCAAGGCGAAGGCCAAGGCCGAAGGATTGTGGAATCTGTTCCACCCCTACGCCGAATGGGGGCCGGGGCTGTCGAACCTGGAGTACGCGCATCTCGCCGAGATCATGGGACGGGTCGGTTGGGCGCCGGAGGTGTTCAACTGCAACGCCCCCGACACCGGCAACATCGAGGTACTGACCCTCTTCGGCACCGACGAACACAAGCAGCGCTACCTCAAGCCCCTGCTCGACGGAGAGATCGCCTCGGCATTCGCGATGACCGAGCCCGCGGTCGCCAGCTCCGACGCGACCAACATCGAGTTGCAGATGGTCCGTGACGGCGACGAGTACGTCCTCAACGGACGAAAGTGGTTCGCCTCCAACGCGGTGCGGCCCGACTGCAAGGTACTCATCGTGATGGGCAAGACCGATCCCACCGCCCCCACCCATCGACAGCAGTCGATGATGGTGGTGCCCACCGACGCAGAAGGTCTCACCATCCTGCGCAACCTGCCGGTCTTCGGCTACGTCGACCGGGAGAGCCACGGCGAGTTGGTGTTCGAGAACGTCCGGGTGCCCGCGACCGACGTCCTCAAAGGAGAGGGTGAGGGATTCGCGATCGCACAGGCGCGTCTGGGGCCGGGCCGCATCCATCACTGCATGCGCACCATCGGGATGGCCGAGCGGGCACTGGAACTCATGTGTCGGCGAGCGGCCGCACGCTCGACGTTCGGACAGCCACTGGCCGACCGCGCCAACATCCAGGACTGGATCGCCGAGGCGCGCATCGACATCGAAATGGTGCGGCTGCTGACCCTCAAGGCCGCGTACATGATGGACACCGTCGGCAACAAGGCCGCGGCGACCGAGATCGCCGCCATCAAGGTGGCTGCACCCAACATGGCGCTCAAGATCATCGACCGCGCCATCCAGGTCCACGGAGGTGCCGGTGTCACCGACGACTTCCCGCTGGCCATGGCCTACGCGCACCTGCGCACGCTGCGCCTGGCCGACGGTCCCGACGAGGTACACAAGCGCGCGATCGCCCGCCGCGAGTTGCGCAGTTACCGGGAAGCCGCCACGGTGCCGGAGACGGTGGCCGGCGTGTCCGACGACGCGCTCTCGGCCCGGTACTGATCGAAGGCGGGAAGCCGTTGCAGCGCAAGAGAGTCCGGTGATCGAGTGGGGAGCGGGTAATGAGTGAGACCGACGTGGTGGGGGATCTGGCGGAGATCGCCGAGGTCGATCCCGTCGCCCTGCTCGGCTGGCTGCGCGGAGCGGGTATCGAGTGGGCCGGCACGGTGCGGTGTACGCGCGTCGGATTCGGTCAGTCGAATCTCACCTATCTCCTCACCGATGACGCCGATGGCCGATGGGTGCTGCGTCGTCCGCCGGTCGGCACCCTGCTGGCCTCGGCGCATGACGTGGCGCGTGAGGCGCGCATCCTCGCTGCGCTGGCCCCGACCGACGTCGCGGTTCCGGCCGTCCTCGGTGTGTGCGCCGACGAGTCGGTGAGTCCTGTTCCGCTGGTGGTGATGGAGTTCGTGGACGGTGTCGTCCTGGACCGGCTCCCGGCGGCGCAGGCGCTCTCGCCCGCGATACGGCGGGCGGTGGGGGAGTCGATGATCGACACCCTCGCCCGCATCCACGACGTGGACATCGAGCAGGCCGGTTTGGCCGACCTGGCGAGCCACACGCCCTACGCGGCACGCCAACTCAAGAGGTGGAGCGCGCAGTGGGAGAAGTCGAAGACCCGTGAGATCCCGGCGCTGGACGAGTTGACCCGACGACTGACGGCGAGTGCACCCGACCAGCAGGAGACCCGACTGGTCCATGGGGACTTCCACATTCGCAACGTCATGATCGATCCGGACAGCGGAACGGTACGGGCGGCACTGGATTGGGAGTTGTCGACCCTGGGTGATCCACTCGCCGACATCGGGAGCACCCTGGCGTACTGGCCGGCGGCCGGTGAACCGCCGCTCAGTGCCGCGCCGGTGGAGTTGCTCGAGGGGTTCCCGACCCGCGACGAGCTCGCCGAGATGTACCTCGACCGCACCGGCCGCGACGCGAGAGCCCTGCAGTTCTGGCACGCACTCGGACTGTGGAAGGTCGCGATCATCGCCGAGGGCGTGCTCCGCCGTGCGCGGGACAATCCGGCGAACCGAGCCGCTGCCGGCGTCCCCACCGACGAGGTGATCGACAGTCTGGTCGCGCGGGCCATCGCCGTCGCCGACGCGGCCGGACTCGGATGAGAGCGGGCACGGGTGAGAAGATGTCGGAATGACTGCACGTGATTCGCGCGCGGTGGGGACACAGCCGTTGGAGACACAGCCGGTGGGGACACAGCCGGTGGGGACACAGCCGGTGGGGACACAGCAGGTGGGGGAGCAGCCACTACCCCCGCTGGCGGTGACCGACGGCGACAAGGCCCCGCCGGTGACCGCGCGCGGCGAGCGCACCCGCGCCGCCCTGATCGCCGCCGCGCGAAGGATTTTCGAGCGCGACGGCTTCTCC
NZ_CP116236.1_gap64	1928673	1931442	2769	CATGCTGCCCATGGTCAGTGTGTACTCGTCGCGGATGTCGTTCTCGCTCATCGGTTTCCAGTTCCGTTCGCCGACTCCGCCGCCGGGCATACCGAACCGGTGGTCACCGGAGGCGGCTCCGGCGAGCAACGTGGTCACGATCACCGCCGCAGAGAGTCCGACCGCGAGTGGTACCAACGCCCCCGGGTGCGAGCGTGTGGACTGCCTACGCAGCCCGTTGACCAGCAGACCCGCTCCGATCACGGCCAACGCCAGGGACAGCACGTGTGGCACGGTGAACCAGCCGGCGCCGAGTCCGTGGGCGGCGATCCCGCCTGCGACCACCAGGACCGCGATGCCGACCACGATGAACGAGAACGCCGATCGGCGGGGCGCGGCAGGTGGCGTCGGTGGCGTCGCGGGTGTGGTGGGTTCGGGGAGATCCCAGGCGAATCGGGCGGCCCCGAGCGGATCCCACGACGGGGGTGTGGCCTCGATGAAATCGGTCGGTGCGGCGGAAGTCGGGGCTGTGGTGCTCGCGGTGGGTGATGCGGTGACCCCGGCCGCCGGCTTGGCGAGATCGACCGCACCCGGTGCGCCGGGTACCGACGCCGATGCGGTGGATGCGGCACCGGTTCGTACCGCGCGCGGGGTCCAGCGGACGAATCGTTGCGGCGGTTCCGGCGCCGAGACGGTCGAAACGCTGGTATCTGCAGGTGGTTCGGGCGTGCGCAGGAACAGCAACCACCATCCGATGAGCATCAGGATGCCGCCGACGATTCCGCCCGAACCCCAAGGGCCACGCGAGAACACCGACGAGACGACGATCACGACGACCACCCACAGGATCACCGTCGGATTGTTGTGCCACCCGCGGGAGGCACCGCGATCGCCGCCGGCGGCGTGCGTGCGGGCCCGGGTGGTGGACGGAAAGGCGATCCATGCCGCGAGGTACAGGAGCACCCCGCTGCCGCCGAAGACGGCCGCCACCACGAACGCCACCTTCACCAGCGTCGGGTCGACCCGGTAGCGCTCACCGATGCCCGTGCAGACACCGGCAATGGTGCGCGGAGAGGCCGGTCTGGTGGGCCGTGTGGCCCACAGCCGTTCGAGCTGCGTCCGAAGCTGCGTCGTGTCCATGGCACTCATCGTGCTCGGTTCGTGGCGAGCTCACATCGGGGACCGACCCTGAGATCCACCCGGATCGACGCGTCGCCGACGCCGGCCGGTGTCGCGGTCTTCGGGGTCGGCACCGGGGTGAACCCTGATGCCCGGGCCCGACGATCATGGAAGTATCGAAGGCATGGCAACCGACGTCGAGCGTGCGCAGAGGCTGATGCGCCGCAGTGGCGGCCGCGTGATCGGCGGTGTCGCCGGCGGCGTCGCCGACCACCTCGGCGTCGACGCATTCCGGGTCCGCGTCGTCTTCGTCGTGCTGACCGCGATGGCCGGGGCGGGCGCGCTCGCCTACGCGCTGCTGTGGTTCTTCTGCCCGCCGGGCGACGACGTCGCCGCTCCCAGCCCGTCCGAGCGCAGGCAGGCGTGGGGACTCGCGCTCATCGGGTTGGTCGCGATGAGCGTGGTGGGTTTCGCCGCATCCGGTACGCCCGCCACCTACCTCGTGCCGCTGGTGTTCGTGGCCGTCGGTGCGAGCCTGGTCTGGCGCGAATTCGACACCTCGGCGCGTGCCCGCCCCCACGGTCCGCTGCTGACCTGGACACGACTGGCAGGTGGCGCGGTACTGGTGATCGGGGGCTTGGTCGTCATCGTGTTCGCCGGCACCCGGAACTTCGGCGGACTGAGTACGACGCTCCTCGCCGTCGGTGCGACGTTGCTGGGCGTGCTGTTGCTGACGGTGCCGCTCTGGATGCGAATGTGGCGCGCCCTCAACGAGGAACGGGCCGCGCGCATCCGCAATGCCGAACGCGAGGAGATCGCCTCGCACCTGCACGACTCGGTGCTGCAGACGCTGGCCCTCATCCAGAAGCAGGCCGCCAAGCCAGAGGAGGTCGCGCGCCTGGCTCGCAGCCAGGAACGCGAGTTACGGACGTGGCTGTTCGGTGATCCGGCGCAGCGCGGCGGGTCCCTGGTTGCCGCCGTGACCAGCGTGGCCGGCGAGATCGAAGACCATTACGGCGTCGAGGTCGAGGTGGTGACGGTCGGCGATCTGCGGCCCGACGAGGAGCCCGATAAGTCGATCGCGAAACGATGGCCCGCGCTGATCGGGGTGACCCGGGAGGCATTGATCAACGCGGCCAAGCACTCCGGCGAACGCAAGATCGATGTCTACCTCGAGGTCGGCGACGACGAGGTCGAGGTGTACGTGCGCGATCGCGGCGTCGGCTTCGATCCCGACCGGGTCGACGGCGACCGTCAGGGCATCGCACGGTCGATCCGGGCCCGCACCGAACGCGTCGGCGGACAGGTGTCGATCCGCTCGGCGCCCGGGCGTGGCACCAATGTACGGGTCACCATGCCCCGTGGGGACTCCGTCCCGCACGAGGACGAGAAGGCCGGGGCCGATCTCGAAAAGCGTTCGGATACCTCCATTTCCGATGAGGGTCCCTCGATCGTCGGCACTCCTGGCCGTCGCGGTGCAGGGCGCCCGGGTTCCGACCACACCGGCACGGACCACACCGGCACCGCCCAGCACGCCACCGCCCAGCACGCCACCGACGATCCGAACACCGACGATCCGAGCACCGACCACGGAAAGGCATCATGACCATCGAAGCGCCGCATACCGGGCACTACCGGGTGTTCCTCGTCGACGATCACGGCGTGTTCCGG
NZ_CP116236.1_gap65	1937655	1941075	3420	TCGTTGAACGGGTAGACACCGGGCCGGATCTCGGTGAGGGCTCCGGCTTCGGCGAACTCGACCGTCGGGGTCGATCCGCCACTGATCACGCGGGGATCGATACCGTTGTCGCGCAACGACTGTGCCGCGTCGCGCAACGCCACCACCTCGGCGGCGGCGGCCTCGGCGCGCGCCGATCCGGGACCGTATCCGTGTCCGGGGAAGGTGAACACACCCACCACGTCGAGGCCCGCGTCGGCTGCTGCTGCCGCCACCTGCCCGGCCTGTTCGGCCGCCACCCCGGTGCGGTGATGTCCGGAATCGATCTCCACGAGAACCTCGAGATGTGTATCGGGCCGTGCGACCTCGGCGGCGAGGCGGTGCGCTCCGGCGATCGAGTCGACACCCACGCGCATCGACACCGCGCGAGCGATTTCGCGTAACCGCGCACCCGTGTGGGCGGTCACCCACAGCGGGTAGGCGATGAACAGATCGCGACACCCGGTTTGTTCTGCCGCGGCCGCGAACACCTCGGCCTCACCGATGGTTGCCACCGTCAGACCCGTCGCACCGCAGTCGATCTGGCGCCGAGCGATCTCGATGCACTTGTGGGTCTTGGCATGTGGGCGCAGTGCCACGCCGAGGTCGGCGCAGCGTCGCGCCATGGCGGTGAGGTTGGACTCGAGTCGAGTGAGATCGACTGCCAGATACGGGGTGTCGGTCACGGGGTGTCACCGGCTGTGGAGTTCTCCAGAGCGGCCGTCGATTCGCGGCTGAGGAGGTAGTCCTGATGCATGATCCGGGTGGTCAGCCGTGGGGCGAAGCGGTGGCCCAGGTCGGCGAGGTCACCCAGTGGTGTCGACACCCGTTGTGGGCGGCGCAGAATCGCATCCAGTACGCGTGAGGCGCCCTTGTCGACCGACCACACCCCGGCCGAGTCCCGGTACTGCTCGGTCGGCGCGATCATTCGTGTCCGAACCAGTGGGAGCCGCACATGGGAGACCGTCACGTGATCCGACAAGGTCTCGGCGGCGACCGAATCGCTGAACGCCTCCAGTGCCGCTTTCGATGCCGCGTACGCGCCGAAGCGGGCGCCGCGCGCCTGCACGGCGATCGAGGTGACGTTGACGATGTGGCCACTGTTGCGTTCGACCATGTGCGGTAGCAACGCCAGTACCAGATTGACCGCACCGAAGTAGTTGACCGCCATCACCCGGTGATAGTCGTGGGAGCGATCGACGGCGTTGATGGTCGCCCGGCGGATGGAACGGCCGGCGTTGTTGACCAGGACGTCGACGTGACCGTGGTCGACGATGACGGTCTTCACCATGGCGCGTACCGACTCCTCGTCGGTGATGTCACAGACGAACGGGATCGCCTGCCCGCGAGGGATTCCGGGTTTGGGTGTCGCCGAATTCACCTCGCGCGCCGCGGATTCCAGCTCCTCGGAGTGGCGTGCGACGATCAGCGCCGTGGCACCCCGCTCGACGCACATGCGGGCGGTGGCCTTGCCGATTCCCGACGAGCCACCGGTGATCAGAACGACCTTGCCGACGAGCGGGCCGCGCGGATCGGATCGCCGATGACGCGCCGGGTCGAGTGCGCGCTCCCAGTACCGCCAGAGCAAGGGCGCGTAGTCGTCGAATTCCGGTGGGCGAATCCCGAATCGGGCCAGCCGTGCGATGGTCAGGTCGGAGCGGAACGTCACGGGCAGATCCATGCCGTCGAGCAGGGCGGGCGGGATACCGGCCTGGCGGGCGATGAGGTTGCGGCCGAGGCGTAACGGGGGAGTGCCGGCCAACGACGTGGCGCGTCCGACGATCTGGTGGGGGATCGCGTTGATGCCCTTGGGGGCTCGCAGGGATGGGGCCAGTGCGTTGTACATCTCGGTGATCGTCACCTCGCGGCGGTCTCCGAGGTGATACACCTGGCCGTCGGATTCCGGGTCGAGACCGATCAGGGCGACGAGGGCGTCGACCACATAGTCCACCGGTACCATGTTGATGCGTCCGAGGTCGGGAAACGGGAGACGCAGTGCCGCAGGCAGTTTCCCCAGCAGACGAAGATGACCGAAGAAGTAGTACGGGCCGTCGATCTTGTCCATCTCGCCGGTACGGGAGTCGCCGACGACCACCGACGGGCGATACACACGCCAGCGCAAACCCGTACGCTCGCGGATGACCTTCTCGGCCTCGAACTTGGTGCGGTGATAGGGCGTCGGGAAACCCTGCCCGAGATCGAAGTCCTGCTCGGTGAACTCGCCCGCGTGGTCACCGGCCACCGCGATCGACGAGATGTGATGGCACATCGCATCATGGGCGACGGCGAAGTCCGCGACCCGTGCGGTGCCCTCCACATTCGCGGCATGCTGGCTGGCCGCGTCGGCTGCCATGTCATAGATCGCGGCGAGATGGACGACGTGATCGACCTCGATGTCGTTGTCGTCGACGCCAAGGCCGTCGACGGTGAGATCCCCGATGACCGGGTGGACGCGGTGCGAACCGGGGAAGCTGCGCACGGTGTCGACGAATCGGGGCAGTGAGCCCTGGCGGACGAGCGCGTGGATCTGCGCGTCGGGATCGGTTGCGAGTAGTTGTCTGATGACGCGGCGTCCGATGAATCCGCTGCCACCGGTCACAAAGTACGAGGTCACGGTGAACTCCATGTTCGCAGGCTGACGAAAACACCATTCTTACTGGACAGTAAGATCGGTGTGCTGGTTCACACCCTGTCACTCCGGGCCGTCGCAGGCAAGGTCTGGTGGCTCGCGCGGCGGTCGGTGCACCACAGGCATTGGAGGCTCGCGGATAAATTTTCCACCCCTGGTAAATGATTGCCAGGGGTGGTAGTTTTGCCGTGGTGGCCGCTACTTCCATGATCGCGCGGGTGCGTCGGCAGCAGATGATCGAAGCTGCTGTCGAGGTCATCGACCAGATCGGCGTCAGCCAGGCGTCACTGGTACGCATCGCACGACAGATGGGGGTCAGCCGCAAGCTGATCACCTATCATTTCGACAGTCGCGCAGCACTTTTCGCGGCGGTTGTCGAGCAGATCTATGATCTCGGCCGCAGTGAGGTCCAGCCAGAGGCCAACGCGGCGCGGTCGCCGGAGGCGATGCTCACGGCGTTCATCCGCGGCAGCATCGCCTTTTACGCCCGCCACGTGCGAGAGATGAGAGTTCTCTCGGCGCTGTATGCGTCCGACGATCCCGACGCCCCGAACCGGGACGAGAGCGATCATCACCGAGAGGAGATGACAGCGGTGGATGCGATCCTCACCGGCGGGCAGGAAGCCGGCCTGTTCCGGTCCTTCGACGTGGGGCTGGCCGCCGATCTCGTGCGCGTCACGCTCGACCTCGGGCTGCGGCGGATCATCGCCGGCGATCCGCCGGCGGCGGTGGCCGAGGAACTCGACCGATTCGTGCTGGCGGGGCTACGCGCC
NZ_CP116236.1_gap66	1948711	1950657	1946	AGGCGGTGTAGCTCGCGGTCGACGTGCCGGCGCCCTCGGCTCTGGTGATCCCGAGCAGCCCGCTGGTGTCGATGACATCGGTGACGGTGGACGTACCGGGATTGTCATGGGTGTGGGTGACGCGGGTGGCCTCGACGTTGTCGGTGGTGATGACGCGATCGATGGTGGCCCGACCGGTGAGCGAGCGTGCGTACCCCTCGGTGACGTCGGCCCGGGCGAACGTCGAGGTACCCCAGATCGCGGACTGCCAGGAGGCGAGTACCCCGGTGGTCTGGACGGCGAGCATGCCGGCGGCGATGGTTGCGATGGCGGCGAGGACGACGGCGATCTTGGTGCGTGTCATGGTGGTTTCCGGTGCGAGCAGGTGGATGGGTGGACGGTGGACGCGGGCGAGCTCACTCGCGGATGCGAGGCGAGCGTGGCCAGAACGCCCAGAGCACCAGCAGCGAGGCACAGATGGTGATCGTGCCGAGTACGTGGGGATTGGCCAGCCACACCACGCCCTTGGCGAGTCCTGGTGCGTGCCAGACGACTTCACGGACCTCGGCGACCCGGTACATGCCCGGATCCGGGTTGGGATTGGCGTCGCCCTTCATGGCGATCAACGCGTGGCCGTCGGCTTGGGGGTGGACCTCGGTCACCCGGTGGGTGACCGGACGTCCCGTCTCACGATCGACGGTGACGATGTCGCCGACGGAGATCTCCGACGCCGGTATCTGATGGACCAGGGCCAGCGATCCCTGCGGAATCGTCGGTGACATCGATCCGGTCTTGAACATGATCAGTGAGTAGTTGCCCACGAAGGCCCAGATGACCAGCACGATGCACACGAGGCCTGCGGCGGCGAGGACATTCATGATCGTGTTCTCGAGGATGCGCAGAATCGGTGATCGGGGCGGTGGGCCCGCCGGTGCGGGGTCGATGGGAGTCGCCGGGCCGGTGTCGTTGGTGGTGTGCACCGACCACGCGGGGATGGCGGGGGTGTGCCGTGACGACGCCCGGTGCGACATGGCGCGTGTCATTGTCTTTCCTTCTCGTGCTGTGGTTTTCGTGTGCGACCGATGTGGAGGGCCGATCGCTTGGTCAGGTCTCGTCGATCCGGCTCGAGAGCCAGGTGCCGATCCAGTCGAGTGCCGTGGTCCCGTGGTCGTCGACGACGAAGGAGCGGTAGTCGACATGTGCGTCGGAGGCGGCGAAGTCGGCGGCGGTGACCGCGTCGGTGATGATCGTCGCCGGGTCGGTGATCGCGTGGGCGGCGATGATTCGTGCCAACGCGCTTGCGGCGTCGGTCAATTCGGTCGACACCAAGGGTGTACCGGACGGACCGGCACTGCGTCCGGTGACGAAATCATTCGCCAGGGAGCCGAGTTCACGTGTGATGTCGACGACGTCGCCTGCCGAGGTGGCGACATCGGGGGTGGTGAGGACTGCGTCGGAGGGTGTGAGACGACCGAGGACGTACCAGCTGAGTTCCTGAATCCGGCCGACGACGTCGGCGGTGCGTTCGATGTCGACGCGATCCAGGATGCGGGCGAGTGCGGCTGCGGCCGTGGTTATTCCGGTCTCATCCGGGATGACGGTGAGAACGTCGGCGACGGTGCCGTAATCGATGGCGGCGGCGAGCGTCACGAGCGGGCGCAATTGGTTGTTCAGGGTTCCCGAGATCTGGTGGGCGGCGCGCAGGTCGCCGGCGACGAGACTCTCGCGGAGCCGGTCGGCGTTGTCGGCGATTCCGGCCATGTCGAGCGAGGCCAGGGTGCTCATCGCGTCGGCGGTCCGGGTGAGAGCAGATTCGGTCTCCTCGGTGGTTGTCCCGAGAGCCGAACCGATCTGCCCGAGAACGGGATTGCGGTCCTTGTCGATGGAGCAGTACAGATCGTCGGGGTGGCAGATCGTGATCACCTTGCCCGCGAGCGCACCCATGCCCTGGGGGCGGGGGTCGGCGA
NZ_CP116236.1_gap67	1952723	1954581	1858	CAGCAGGAAGTGGCATCATCGGGTCATGTCACCCGACAGCTCCCCGTCGCACTCGGAATCTGCCGTGCGACAACAGGTTACGCAAACCGAAGAATTGCCCCATACCGGAGAATCCGGCTCGGTACCGAGTGGGCCGGCGCAGCACGCGTACGGGCAGGCCGGTGACGCAGATCTGTCCGCGGCCCGACTGCCGTGGGTGCGCTTGCGACGGGCGTGGCGCGGGTCGCTCGAGCCCGGCGAACAATCCGCGGTGCTGTCGTGGGCGGCCTTCACCACGACCTTCGTCACCGCGCGCGGCATCACGCACTGGATTCGCGCCGGTCACGGCCCCGCCGGCGGTGGAATGAGTCTGGGTGGACACCACTTTCACCACTACAACATCGGAATCGGGTTACTCGGCGCCATCGGTGCAGTCGCGGTGCGCGGCGCCGAACGACACCGGCGCCACCCGGCGACCGCCATCGCCTACGGCACCGGCGTCGGACTCATCGTCGACGAACTGGCCCTGTTGCTCGATCTCGAGGACGTCTATTGGGCCAAGCAGGGCCGTACCAGCGTGGACGCCGCCGTCGCCATCATCGGAGCCGGTGGATTGGCGGTCGCCGGAATGGCTTTCTGGCCGGAGGCCCGAAAAGCGCTGCGCTGAGGAACGTGCGCAGGATTCACACCGCTCCGTCGAATCCCTGTTGTCGCCAGGCCTCGTACACCGCGATACTCGCCGCGTTCGCGAGATTGTGCGAGCGTCGGCCGGCGAGCATCGGTATGCGGATGCGGTCGGTGATCTCCGGCTCGTCGAGAACCTCCTCGGGCAGTCCCGTCGGCTCGGGGCCGAACAACAGGACGTCGCCGGGACGGTAGTCGACGTCGGTGTGATAGCGCTGCGCATGCGCGGTGAAGGCGAACACGCGCTGCGGCTTGAGCGTCGTCCATGCCGTGACCAGGTTGGGATGCACTGTCACCGTGGCCATTTCGTGGTAGTCCAGGCCGGCTCGTTTGACCTGGGCGTCCGACATCGAGAACCCCAGCGGCTCGATCAGATGGAGCTCGCATCCGGTGTTCGCGGCCAGCCGGATCGCGTTGCCGGTGTTGGGCGGGATGCACGGTTGGTAGAACATGATCCGGAACATGGCTGTCATTGTGCCGGGTGCAGGTCGTCGAGCCTGGTGTTGGCCCCGCACAGGACGATGCACAACGTGGAATCGGTCGCGGGTTCGACGGCGCCGGTGGTGACCGCAGCGACGGCGGTGGCCGTGCCGTGTTCGATGACGATCCGGAAGCGGTCCCACATCATCCGGCGGGCCGCGATGAGGTCGGCGTCGTCGACGACCACGGAGTCCACGGCCCGGTCGGCGATGGTCGCCCAGCAGATGCCGCCGACCCGACTCGCACCCAGCGAATCCGCCGCGATGCTGTCCAGCTCGACGGTGACGGGCTCTCCGGCCGCCCGGGCCTGATCCAGACACGAGGCGCCGATCGGTTCGGCGCCGATGAGGCGGTCACCGGGCCGCAACGTGGCAGCGAGTCCGGCGAGCAGACCGCCACCGCCGACACAGGCGACGGTCTGCAGTCTGTGGCCGGGGAGGTCCTCGGCCACCTCGAGGCCGATGGTCCCGGCGCCGGCCACGATCGTCGGCAGATCGTAGGCGTGCAACAGCAGTGCGCCGGAGTCGGCGGCCAGCGCGGCGGCGGCGTCGGCGGACTCCTGATAACGAGTGCCGATGAGCCGCACCGTCGCACCGAGTGAACGCAGCGCCGAGATCTTGACCGCCGGAGCGGTCTCGGGGACCACCACGGTCGCCGGAACGCCGACGAGTCGGGCAGCCCAGGCCGCACCGAGCGCGGCGTTGCCGCCGGAGGC
NZ_CP116236.1_gap68	1968991	1973256	4265	GGCGCCGGGATCGGCGATCACCCCGCATGCCGAGAGGCGCTCGCCGCCGACGGCCGGTGTGGGGACCGGGAGTGCAGTGGGCGTCGTCGAGCCGGGTGCGACGACCTCTGAGGTGTCGACCGGGGGCGGCGGGGTCTGCCGATGCGGGCACTGATCGGTGACCGGTGTCGCCGGCGGAACGGCGACGGCGGCCCCGGGTGCGCTCACCAGGGCCGCCGCACACACCGCTGCCAGGATCGTGCCGATCCGTCGGCCGAGGTGCGTATTCCCCCACGTCACTGCACGGACGTTACCAGCGGCGTCATCTCTCGGCGTCATGTCGTGTGGGCGACGCCGAGACCGGATGTCGGCCTGTCAGAGCAGTGTGTAGGCCTCGGTCAGCACCGAGCGCAGGATCTGTTCGATCTCGTCGAACTCGGCCTGTCCGGCGATCAGCGGCGGGGCCAGCTGGACGACCGGGTCGCCGCGGTCGTCGGCGCGGCAGTACAGACCGGCGTCGAAGAGCGCCGTGGACAGGAATCCCCGCAGGATGCGTTCGGCCTCGGCGTCGCTGAACGACTCCTTGGTGGTCTTGTCCTTCACGAGTTCGATGCCGTAGAAGTAACCCTCGCCGCGGACATCGCCGACGATCGGGAGATCGTGCAACTTCTCCAGCGTTGCGCGGAACGCGGGGGCGTTGGTCTTGACGTGGTCGTTGATGCCTTCGCGTTCGAAGAGGTCGAGGTTGGCCAGCGCCACCGCCGCCGACACCGGATGCCCACCGAAGGTGTAGCCGTGCGGGAAGGTGGTCGATCCGTCGTTGAACGGCTCGAAGAGCCGGTCGCTGGCGATCATGGCACCGATAGGGGAGTAGCCGGAGGTCATACCCTTGGCGCAGGTGATGATGTCGGGCTGGTAGCCGAAGTCCTCACAAGCGAACATCGAGCCGATGCGGCCGAATGCGCAGATCACCTCGTCGGAGACGAGCAGGACGTCGTACTGATCGCAGATCTCGCGGACCCGCTCGAAGTATCCCGGCGGCGGCGGGAAGCACCCGCCGGCGTTCTGCACCGGCTCGAGGAACACCGCGGCGACGGTCTCGGGGCCCTCGAATTCGATGGCCTCGGCGATGCGGTCGGCGGCCCAGCGTCCGAACTTCTTGGGATCGGCGGCCAGATCCTCGTCGGGCGCGCGGTAGATGTTGGTGTTGGGCGCGCGGAATCCGCCGGGGGTCAGTGGCTCGAACATCTGCTTGAGCGCCGGTACGCCGGTGATCGCCAACGCGCCCTGCGGGGTGCCGTGGTAGGCGACCGCACGCGAGATCACCTTGTGCTTCATCGGTTTTCCGGTCAGCTTGAAGTACTGCTTGGCCAGCTTCCATGCGCTCTCGACCGCCTCGCCGCCGCCGGTGGTGAAGAAGACCCGGTTGAGATCACCGGGTGCGTAGGCGGCCAGGCGCTCGGCCAGCTCGATGGCCGGTGGTGTCGCGTACGACCACACCGGGAAGAAGGCGAGCTCCTTGGCCTGGCGAGCGGCCGCTTCGGCCAGCTCGACGCGACCGTGGCCGGCCTGCACCACGAACAGACCGGCGAGGCCGTCGAGGTAGCTGCGCCCGCGGTCGTCGAAGATGCGGACACCCTCGCCGCGGGTGATCACCGGCGGGGTGATGCCCTCGCCGTGTCGGGCGAAGTGGCCCCACAGGTGCGCGGCGCTGCGTGCTCCGAGAGAGGTTCCGTCGATGGACGGTTGGGTGGTTGTGGTCATCGTGTTCCCCAATTGTATTGCTGTTTGACGAGTTTCAGATAGACGAGGGTCTCCGTGCCGGTAACCTCGGGATGTTTGCGGACGGTCCGGTTGAGGATCGAGAGGAGGTGATCGTCGTCCTCGCAGACCACCTCGATGAGGATGTCGAACGAGCCGGCGGTCAGCACCACATAGTCGATCTCCGGATTCCCGGCGAGTGCCGTGGCCAGTTCCTCGGTGTCACCGGTACATCGGATGCCGATGAGGGCCTGGCGGGCGAACCCCAACTTGAGGGGATCGGTGACGGCGACGATCTGCAGTAGTCCGCTCTCGCTCAGCTTCTGTACGCGATTGCGTACCGCCGCCTCCGAGAGTCCGACCTCCTTGCCGATCGACGCATACGAACTGCGCCCGTCGGCTTGCAGTAGCTCGATGATTCTCTTCGCGGTGCCGTCGAGATGAGGGTGAGAGGCTTCAGGCACCCCCCGATCTTGACGGATTCAGTGGTAAAGCGCAACCGATACTTCTGATTTCGTCATAAAAATCCGGAAAAGAATCGCGAATCCGCATTATCGACGGTAGTATCGCAGCCGTGTTGACCACCAGCGTCCCGTCCGGATGGATCGCCGGCGCGCCGATCGACGGTGCCGGGCCGGACCATACTGTTCTCGATCCTGCCACCGGCGAGCCCGTCGCGGAGATGGCATTGGCCGGATCGGCCGATGTCGATGCCGCCATATCGGCAGCACGCGCTGCCCAAAGTGATTGGGGTGCAGCCACTCCCGCGCAGCGTTCCGAGGTACTCGGGGCGCTCGCGGCTGCTCTCGGAACCCAAGCCGATCTGCTTGCCGAGCAGGAGACCGCGCACACCGGCAAGGCGATCCGGCTCTCCCGCGAGTTCGATGTGCCGGGCAGCATCGACAACGTGCGCTTCTTCGCCGGTGCCGCCCGCATCCTGGAGGGCAAGGCCAGCGGCGAGTACTCCGGTGACCACACCAGTTCGATCCGCCGTGAACCGGTGGGTGTCGTCGGGTCGATCACCCCGTGGAACTACCCGCTGCAGATGGCGGTCTGGAAGGTGTTGCCCGCGTTGGCCGCCGGGTGTGCCGTCGTGCTCAAACCGGCCGAACTGACACCGCTGACCACGCTGACCCTGGCGCGACTGGCCACCGAGGCGGGCCTGCCCGACGGTGTGCTCAACGTGGTGGTCGGCACCGGCGCCGACGTCGGTGCCGCGATCGCCGGTCATCCCGACGTGGACATGGTCACCTTCACGGGCTCGACCGCGGTCGGCCGGATGGTGATGGGTCAGGCCGCCACCCACGGCACCCGCGTGCAACTCGAACTCGGCGGCAAGGCCCCGTTCGTGGTCTTCGACGACGCCGACCTCGATGCCGCCATCGCCGGTGCCGTCGCCGGATCGCTCATCAACGCCGGTCAGGACTGCACGGCGGCCACCCGGGCGATCGTGGCCGCCGACCTCTACGACGACTTCGTCGCCGGGGTCGCCGAGGTGATGGGATCGGTGGTGATGGGCGATCCACGGGATCCGGCCACCGACATGGGGTCGCTGATCTCGACCGACCACCGCGACAAGGTTGCGCAGATGGTGGCGCGCGCCCCGGCGCAGGGCGCCCGGGTGGTCGTCGGCGGGCAGGTGCCCGACGGTCCTGGCGCGTTCTATCCACCGACGCTGATCGCCGACGTCGCCGAGTCGTCGGAGATCTATCGGGACGAGGTCTTCGGCCCGGTACTGACCGTTTCGGCGTTCACCGACGACGACGACGCCATCCGCCGCGCCAACGACACCGTCTACGGTCTCGCGGCCTCGGCGTGGACCCGCGACGTCTACCGTGCCGGCCGTGCCTCCCGGGAGATCCACGCCGGGTGCGTGTGGATCAACGACCACATCCCGATCATCAGCGAGATGCCGCACGGTGGCGTCGGTGCCTCGGGCTTCGGCAAGGACATGTCGATGTACTCGCTCGAGGAGTACCTCACCGTCAAACACGTCATGAGCGACAATACCGGTGTCGCGCAGAAGGATTGGCACCGAACGGTGTTCGCCGATCCGGGTCGGGGATCGCGATGACGTGGGCGAGCAGACCCGGGCGTCGGGCCGTCGAGATGGTGGCACAGGCCGCGCCGACGTCGTATTGGCTCGACCGGGCGGACCGTCCCGCCCCGCGTCCGCGGCTGTCCGACGAGGTCGACGCCGACCTGCTGGTCGTCGGCGGTGGCTTCACCGGGCTGTGGACCGCGGTGACGGCCGCCGAACGGGACCCGAGCCGACGGATCGTACTGGTCGAACGTGACCGCATCGCCGAACACGCCTCCGGCCGCAACGGCGGATTCTGCTCGTCGAGTATCACCCACGGACTCGGTAACGGCATCGACCGCTTCGAGGACGAGATGGACACACTGTTGCGTCTGGGGAGTGAGACGCTCGACGAGATCGAGGCAGCGCTGGCGCGTCTGGGCATCGACGCCGACGCCGAGCGCACCGGTGAACTCGACATCGCCAACGCCGACTGGCAGGTCGA
NZ_CP116236.1_gap69	1978936	1982024	3088	ACTGCTCGTTGACCTCCTCGTCGGAGGCGATTGTGATGGTCAGGGGTGTCGAAGGAGATTGGGGCGAAGGAGATTGGGGCGCAGGGGATCGGGGCGCAGACGGATTCGTGAGATCCGTCGATGCCGCCACCGGCGGCGGGGTGAGGCCCGCGGCTGGGCACGCCACCGATACGACGGCGAGGACGAGTAGGACGAGCGGATGCGGGCGGGCGATCAGGTGAGTCATGATCGATTGGACGCAGCGGACGCCGGATCGGTTCCGGCGGGTCGCGGGTTGTCCACAGGCAGTTGCGGTGCGGTCGGCGCGGACCGGTTGTGCATCATGCTTGTCGCCGTGAACCGGGAGGCGACTTACCATGACAACCGTGACCACCGAGATCCTGGGCCTGCCGCACGGCAGCGGTCTGACGTACGCGGACCTGGAGTCCATGCCCGATGACGGCTGGCGCTACGAGCTTCTCGACGGGGTCCTGATCGTGAGTCCGGCCCCTACGCCTCGGCACCAGCGAGTCGTGGCGAGGCTGCACCTGCTGCTACATGCCGCGTGTCCGCCGGACCTCGAGGTGTTGTTCGCCCCGCTGGATGTGGTGCTCGCCGAGGACACCTGCCTGCAGCCGGATCTCCTCGTGGCGCCCCGGTCGGCGTTCGCCGAGACCAACCTCCCACAGGCGCCGACGCTCGCGATCGAGGTCGCGTCGCCGTCGACGCGAGGAGTGGACATGCTGCTCAAGAAGGACAGGCTCCGGCGGGGCGGGTGCGCGCACTATTGGGTCGTCGATCCCGCTGTACCGACCTCGATCACCACCTGGTCGCTGGTCGACGGGGCCTACGTCGATTCCGGAACGGCCGTCGGCGAGGAATGTCTCGCGGTGACCGCGCCGTTCGCCGTCGACATCGTGCCGGCCGACCTCGTCGACTGAATCGGCACCCCGGCCTCGTCCGACAATTCAGGCCCGCACCGGAAGGGTGCGGGCCTGAATCGGGGCTGCAGAGGTGGCTTGTGTCCCGCTGCGAAACGGTCAGCTGCGAAAAGGTCAGCGCGAGAACATGAGTGCGCGCTTGACCTCCTGGATCGCCTGGGTGACCTGGATGCCACGCGGGCAGGCGTCGGTGCAGTTGAAGGTGGTGCGGCAGCGCCACACGCCGTCGATGTCGTTGAGGATGTCGAGACGCTCGACGGCGCCCTCGTCACGACTGTCGAAGATGAAGCGGTGTGCGTTGACGATCGCTGCCGGGCCGTAATAGCTGCCCTCGTTCCAGAACACCGGGCAGCTGGTGGTGCAGCACGCGCACAGGATGCACTTGGTGGTGTCGTCGAAACGGGCGCGGTCGGCCGCGGACTGGATGCGCTCACGGGTCGGCTCGTTGCCGCTGGTGATCAGGAACGGTTTGATCGCCCGGTAGGCGTCGAAGAACGGCTCCATGTTGACCACGAGATCCTTCTCCACCGGAAGCCCCTTGATGGGCTCGATGGTGATGGTGATCTCCTTGTTCTTGTCCTTCGGGAGCAAGTCCTTCATCAGCAGCTTGCAGGCGAGCCGGTTCACGCCGTTGATGCGCATGGCGTCCGAGCCGCACACCCCGTGGGCACAACTGCGCCGGAAGGTGAGCGTGCCGTCGAGGTAGCCCTTCACATAGAGCAACAGGTTCAGGAGGCGGTCGGTCGGCAGGGCCGGGACGCGGAAGCTCTCGAAACCCTGTGCGTCGGGGTTCTCCGGGTTGAACCGGTAGATCTTCAGCGTCACCATCGTCGCCTCGTCCGGAACCGCGGGCAATGGCGGATCGTCGGACGAGGGAGCCGGATTCTCCATGGTCACTGTCATCAGTACTTACGCTCCATCGGCTCGTAGCGGGTCTGGATGACGGGCTTCCAATCCAGCTCGATGTCGCTGAGCAGATCGTCGCCCTTCTTGTAGGCCATCGTGTGCCGCATGTAGTTGACGTCGTCGCGGTTGGGATAGTCCTCGCGGGCGTGGCCGCCACGCGACTCCTTGCGGTTCAGCGCGCCGACCACGGTGACCTCGGCCATCTCCAGCAGGAAGCCGAGTTCGATGGCCTCGAGCAGATCGGAGTTGAACCGCTTGCCCTTGTCGTGCACACGGATGTGGGCGTAGCGCTCCTTGAGCGCATGGATGTCGGTGAGCGCCTGCTTGAGGGTCTCCTCGGTGCGGAACACCGACGCATTGGCGTCCATCGAGGCCTGCAACTCGGTCCGGATGTCGGCGACCCGCTCGTGTCCGTGCTCGGACAGGATCGTCTCGAGCCACGCGTCGACCATCGCGGTCGGGTTCTCCGGCAGCTCGGTGAGCTCGGCGGAGTTGGCGTACTCCGCGGCGGCGATCCCGGCCCGACGACCGAAGACGTTGATGTCGAGCAGCGAGTTGGTGCCCAGGCGGTTGGCGCCGTGCACCGACACGCACGCGCACTCACCGGCGGCATAGAGGCCATGGACCACATCGGTCGCGTTGCGCAGGACCTGACCTTCGATGGTGGTGGGGATGCCGCCCATCACGTAGTGGCAGGTCGGGAACACCGGCACCCATTCGGTCACCGGGTCGACGCCGAGGTAGGTGCGGGCGAACTCGGTGATGTCGGGGAGCTTCTCGTTGAGGACGTCCTCGCCGAGGTGCGTCACGTCGATGTAGACGTAGTCCTTGTTCGGGCCGGCGCCCCGGCCTTCGAGGACCTCGAGGACCATCGAGCGCGCGACGATGTCGCGAGGCGCAAGGTCCTTGATGGTGGGGGCGTAGCGCTCCATGAAGCGTTCGCCGTCCACGTTGCGCAGGATGCCGCCCTCGCCGCGGACCGCCTCGGAGATGAGGATGCCCAGCCCGGCCAGGCCGGTCGGATGGAACTGGTGGAACTCCATGTCCTCCAACGGAAGTCCCTTGCGGAACACGATGCCCATGCCGTCACCGGTGAGGGTGTGGGCGTTGGAGGTTGTCTTGTACATACGACCCGAACCGCCGGTCGCGAAGATGATCGACTTGGCGTGGAAGACGTGGATCTCGCCGGTGGCGAGCTCGTAGGCGACGATCCCGGTGGCGACGGGCTCGCCGGCCTCGTTCTCGCTGAGGCAGAGATCGAG
NZ_CP116236.1_gap70	2042281	2046711	4430	GTCATCCTGGCCGGGGTGTTCCAGCTCATCCTCGGCGGCCTCGGCGTCGCCCGGCTGATGCGGTTCATTCCGCGCAGCGTCATGGTGGGATTCGTCAACGCGCTGGCCATCTTGATCTTCGCTGCCCAATTGCCCCATCTGATCGGCGTGCCGTGGCTGGTGTATCCGCTTGTCGCCGTGGGTGTTCTGATCATCGTCGGATTGCCGAGACTGACGAGCGTCATCCCGGCGCCGCTCGTCGCGATCGTGGCGCTGACCGCGGTGACGCTCGCGGTCGGCTGGTCGGTGCCCGATGTCGGTGACGAGGGCAAACTGCCCGAGCACCTACCCTCACTGGTCCTGCCGGACGTGCCACTGACCTGGCACACGTTGTCGGTGATCGCGCCGTACGCGTTCACCATGGCGCTGGTCGGGTTGCTCGAATCGTTGATGACCGCGAAATTCGTCGACGACCTCACCGACACCCACTCCAACAAGTCACGCGAGGCGATGGGGCAGGGCGTGGCGAACGTGGTCACCGGATTCTTCGGCGGCATGGGCGGCTGCGCGATGATCGGACAGACCATGATCAACGTCAAGGGTTCCGGTGCGCGCACCCGGATCTCGACCTTTCTCGCCGGTGTCTTCCTGCTGATCCTGGTCGTCGGTCTCGGCGATGTCGTCGCGCTGATCCCGATGGCCGCACTCGTCGCCGTGATGATCATGGTGTCGGTCGGCACCATGGACTGGCACAGCATCAACCCGACGACGTTGCGGCGCATGCCCAAGAGCGAAACCGCGGTCATGCTCGTCACCGTCGTCGTCACGGTGGCCACGCACAACCTGGCCTACGGCGTCGTCGTCGGTGTGCTCACCGCGATGGTGCTCTTCGCGCGACGGGTCGCCCACGTCACCGAGGTCGTCGTGGTGGATCACCCGGATCCCGACACGCGCGTCTATCAGGTGCGCGGAGAACTCTTCTTCGCGTCCAGCAACGACCTGGTCTACCAGTTCGATTACGCGGACGACCCGACGACCGTGATCATCGACATGAGCGAATCGCATATCTGGGATGCGTCCACCGTTGCGGCACTCGACGCGATCGTCACCAGGTACGCGGCAAAGGGCAAGAGCGCCAACATTATCGGGCTGAACCCCGACAGCGCCGAGCGGCTCGAGCGCCTCAGCGGGCACCTCGCGGGCGCCCACTGAGGCAGGCAAGCAGGGCGCGGGGAGCTCATTGGTGTCTCCTTGTGGTGTGGTCTGCCGGGGTGGCGGACGTCGAAGGGCTGGGGACCGGGCGAGGGTGGGGTGTCCGCCCCGTAGGGACGGGCTTCGCCGGAGGCCAATTGTGCTGCGAGCGTGGCGAGTACAGGTTGCAGGACACGCGGCAGCCGCCCGGTGTCGGTGGACGCCTCGGGCCCTCGGTCGGTCACCATCGGTCGACGTGCGCGCGTAGAAGGCGAGTGGGCTGCTGACCAGATGAGGAATTGAGGCGCCGAAGTGAACCGTCCTGGGTCTGGTGGAGACCGTGTGGACTTCGGATCTCCACGGCGGTTCGTTAGTCTTCTGGTATGGCACGGCACGCCGCAGGAGCGCTGCGTGGAATCACGCTGCAGCAGTTGCGCTACTTCGTGGAGGTGGCAGCGGAGGGATCGATCAGTGCCGCGGCGGACATGCTCTATGTGGCTCAACCGACCATGTCCGCCGCGCTCAAGGACCTCGAAAGCCGGCTCGAACGTTCACTGTTCGTCCGCTCGAACCGGGGAGTCACCCTCACCGACGACGGGGCGGAGTTCCTCAGCTACGCGCGCCAGGTCGTCGAGCAAGCGGAACTACTGGAACAGCGGTACCTCGGGCGCGGCCCCTCGCGCCGACTCCTCGCCGTTTCCACTCAGCACTACTCCTTCGTCGTCGACGCCTTTGCTCGTATGGTGAAAGCCTCTGAGGCTGCCGAATATGCGTTCAGTCTTCGCGAGACCCGGACTTGGGACATCATCGAAGATGTCCGCACTCTGCGAAGTGAAGTCGGCGTGCTCTATCGCAACGGTTTCAACGCAAACGTGATCAACAAGCTGCTCCGCGAAGCGGGGCTGACCTTTACGCCGCTGTTCTTCACGACACCGCACATTTTCATCGCCCGCACGAACCACCTCGCAGGCAAGAAGAGTGTCACGCTGAAGGATCTCGACGACCTCCCGCGGCTCACGTTCGACCAGGGCGGGAACAACTCGTTCTATCTCGCCGAAGAGATCCTCTCCACGCGTTCATCCAAGCAAGACATCCGAGTGAGCGACCGAGCAACCATCTTCAACCTGATGATCGGTCTCGGCGGGTACACCATCTCGACCGGCATCATCTCCGACGATCTGGATCCGTCGATAGTCGCTGTTCCGCTCGAGGTGGACGAGCGCATCGAGATCGGCTGGATCGGACATGCCTCGGTCTCGTTGACCGCCCAGGCCGAGCGATTCGTGGCGGAGATGCGCGATGTGGTCTCGAGTTTCGGAGTCGATCTGCTGGCATAGCTGATTTCTATCCCCAGGTATCGTGAAGTGTAATTAGGCTATGGAGACGCGCCTGCATACACTGCTGTCAACGCCGCTTCGGGCCACCGGCTCCCGAGTGCCATCGGTCGCGCCGATGGGCCCTCGACCATGGGAAGTCAGATCGAAGTGCTGCGTAACTCAGGCAGTGAATCATGCGATGGCGACCGTCGTTGAGCGCGGTGCAAGTGAATGGGGCATCTGATCACCATGACAAACGAATGTGTCTTCAGCATCGGTACGACGCGCTTCGACGAGGGCTACACCCCGTCGAGCAGCTCACGTGGAACGACGAACTTCGCGAATCTCGCACGCGGCGACGACCGTGAGCAGAATCTTCGCAACGCCGTGACGATGATGAACACCCGGGTCAATGAACTGCTCCACTGGGACAATCCGCGCGGTGACCGCTACGAACTCGAACTCGAGATCGTCTCGGTGGACCTACATCTCGCCTCGGTAGGGGACGACGCCGCATTTCCGGTGATCGAGGTGCTCGACGTGGACATCGTCGAGACGGCCACGGGGACCCGTACCAAGGGCATCGTCGGAAACAACTTCTCCTCCTACATTCGCGACTACGACTTCAGCGTTCGGCTCCCCGGACACCAGGCGACGGGTGTCCCCAGCGACTTCGGCGATCTGCACGGGCAGGTCTTTCAGCGCTTCCTCGAATCGGACGAGTACCGCCAACGGTTCTCTCAGCCGCCGGTCATCTGCATCAGCGTCTCGACGTCGCGGACCTACACCCGCCTCACGAACCACCACCCGATTCTGGGGGTGGAGTATGTGTCGGACGCGCTGTCGCTCACCGATGAGTACTTTGGCAAGATGGGGCTCACGGTCCGCTACTTCATGCCTCCGGGTTCCGTTGCCCCGCTGGCCTTCTACCACCGCGGCGACCTACTCAACGACTACTCGTTCATCGCGCTTGCGGGAACGGTCGCGACGATGGAGACGTTCCAGAAGATCTACCGTCCCGAGATCTACAGCGCGAACACAGCGGCGGCACAGGTGTACCGGCCGAGTCTCGACTACGGCAACTACTCACTCCCGCAGGTGACTTACGACCGGGTCGAACGCACCCAGCTCGCGGCCACCCAGGGAAAATTCACCGAGGTGAGGCTCATGAAACCGTACGGCGATGTCCTTGCGCGTTGGGCGACAAAGCAATCGGCCTGATCGGCGCGAGAACTGAGGTATCCGAGATGAATGCGCTCCTGCCCGCCACGATCGTCGGCAGCCTGCCCAAGCCCGCGTGGCTCTCCGAGCCGGAGAAGCTCTGGTCCCCGTGGAAGTTACACGACGACGAACTGCGGCAGGGGAAGCTCGACGCCCAGACACTCGCGGCACACGATCAGAGTCGAGCCGGGCTCGACATCATCAGCGATGGTGAACAGACACGTCAGCACTTCGTGACCACGTTCATCGAGCACCTCAGTGGCGTCGATTTCGACCGGCGTGAGACCGTGCGCATTCGTGACCGCTATGACGCGAGCGTCCCGACGGTTGTCGGCGCGGTGAGTCGCGAAGAGTCGGTCTTCGCAGAGGATGCGAAGCGTCTTCGGGTCGAAACCGATCAGCCGATCAAATGGGCCCTCCCCGGCCCGATGACAATGATCGACACCCTCTACGACGACCACTACCGGAGCCGCGAGCAGCTCGCGTGGGAGTTCGCAACCATCCTGAACCAAGAAGCAAAGGACTTGCAGGCGGCCGGCGTCGACATCATCCAGATCGACGAGCCCGCATTCAACGTGTTCTTCGACGAACTCAAGGACTGGGGTATCGCGGCACTCGAGCGGGCCACCGAAGGACTGAGCTGCCGAACCGCCGTCCACATCTGTTACGGCTACGGCATCAAGGCCAACACCGACTGGAAGGCAACGCTGGGGCCCGAATGGC
NZ_CP116236.1_gap71	2128813	2132330	3517	CGGTCGCTGGAGGCCGCGGCACTCGGCGAGCCGACGCCCGAGGACGGGTACGCGGGCGAGTACATCGTCGACATCGCGCGTCAGGTCACCGAGCAGGTTCCCGATGTCCTCGACCAGCCGGAGGCGCAGCGGGTCGAGACCTTCCGTGCCGTGGGCGTCGATTTGATGTTCGACCACATCAAGAAGAGCCTGCACGAGTTCGGCACCGACTTCGACGTCTTCACCCACGAGAACAAGATGTTCGAGACCGGGCTCGTCGACGAGTGCATCGCCGAGCTCAAGGCCAACGGCAACCTGTACGAGTCCGACGGCGCCTGGTGGCTGCGCACCGAACAGTACGGCGACGACAAGGATCGCGTCGTCATCAAGAGTGACGGCGAGGCCGCCTACATCGCCGGCGACATCGCCTACTACCGCGACAAACGCAACCGGGGCTTCAACCTGTGCATCTACATGCTCGGCGCCGACCACCACGGATACATCAAGCGGCTCAAGGCGGCCGCGGCCTCCCTCGGTGACGACCCGGAGACCGTCGAGGTGCTGATCGGGCAGATGGTGAACCTCGTGCGCGACGGCAAGCCGGTGCGGATGAGCAAGCGTGCCGGCACGGTCATCACCCTCGACGACCTCGTCGACGCGGTCGGTGTGGACGCCGCTCGGTACGCGCTGATCCGCTCGTCGATCGACGTCAACATCGACATCGACCTCGATCTGCTCGCCAAGCAGTCCAACGACAACCCGGTGTACTACGTGCAGTACGCGCATGCCCGCCTCGCCGCACTCGGACGCAACGCCGACGACCTCGGGCTCTCGGCGAGCACCGAGCACCTCGACCTGCTCGACACCGCCGAAGAGGGCGACCTCATCAAGACCCTCGGTGATTTCGACGAGGTGGTCGCGACCGCCGCGACTCTGCGTGAGCCGCACCGTATCTGCCGCTACCTCGAGAGCCTCGCCGGAACCTATCACCGCTTCTACGCGCACTGCCGCGTGTTGCCGCAGGGCGACGAAGAGGCCGGCGACATCCACCGCGCCCGGCTGGCCCTGTGTGCGGCGAGCCGTCAGGTCCTGGCCAACGGATTGGCCCTGGTCGGCGTCGGCGCACCGGAGCGGATGTGAACGCCCACCCCGCCGGGCCTCGGCACGCCGACCTCGTGGCTGCCCCGCATCTGGCGCAGAAACCCAACGATCCCGCGGTGCTCGCCGAGATCCCGGCCCAGGTGTGGCCGCGCAACGCCGTTCGCGACCCCTCGGGTGAACTGCAGATCGCCGGGGTCGGGGTGAGCGAACTCGCCGAGACCTTCGACACGCCGTTGTTCGTCATCGACGAGTCCGATTTCCGGTCACGCTGCGCGGACATGATCGACGCCTTCGGGCCCTACGGTCGCGTGCACTACGCGTCAAAAGCCTTCCTGTGCACCGAGATCGCGAAGTGGGTCGATCAGGAGGGCTTGTCGATCGACGTGTGCTCCGGTGGTGAGCTGGCGATCGCGTTGCACGCCGGGTTCCCGCCCGAGCGAATCGCCTTCCACGGCAACAACAAAAGTGTTGCCGAGCTCGCCGCGGCACTCGATGCGGGAGTCGGGCACATCGTCTGCGACTCGATGACCGAGATCGAGCGACTCGACGCACTCGCCGGCGAACGGGGACTCGTCGCCGACGTGCTGATCCGGGTCACCGTCGGCGTCGAGGCCCACACCCACGAATTCATCGCGACCGCGCACGAGGACCAGAAGTTCGGTTTCGCGTTGACCGGCGGGGTCGCCATGGAAGCGGTCCGCCGTGTCTTCGCGACCGACAACCTGCGGCTGGTCGGCCTCCACAGTCACATCGGGTCGCAGATCTTCGACATGGACGGCTTCGAGCTCGCCGCACACCGTGTCCTCGGCCTGCTGCACGACGTGGTCGCCGAGTTCGGCGTGGACAAGACCTCACAGATGTCGATCGTGGATCTCGGTGGGGGACTGGGTATCTCCTATGTTCCGGAGGATCGGCCGTTGCCGGTCGTCGCGGTGGCACAAACTCTGGCCGAGATCGTCAAGCGCGAATCGGCGGCGGTCGGGCTGCCGATGCCGACGCTCGCGGTCGAGCCCGGCCGCGCGATCGCCGGCCCCGGCACCATCACCCTCTACCGCGTCGGCACCATCAAGGACGTCGAACTCGGTGGGGGAGCGATTCGACGGTACGTGTCGGTCGACGGCGGCATGAGCGACAACATCCGCACGGTGCTCTATCAGGCCGAGTACGACGTGCGGTTGGTCTCGCGGGTGTCCGACGCCCCCGCGGTGGTCAGTCGCGTCGTCGGAAAGCATTGTGAGAGCGGCGATATCGTCATCAAGGACTGCTGGCTGCCGGAGGATCTGGCGCCCGGTGACCTGATCGCGGTAGCTGCGACCGGGGCTTACTGTTATTCGATGTCCTCGCGGTACAACATGGTCACCCGCCCGGCCGTCGTCGGTGTTGCCGACGGGACGGCCCGGGTGATCCTGCGGCGAGAGACGATCGACGATTTCCTGAGGCTGGAGGTGACCTAGGTGAGCCAGACACAAGACCCCACCGGAGCGGGTACACAGACACGATCCATCGGAGTCGCGGTGCTCGGTATGGGCAACGTCGGCACCGAGGTCGTGCGCATTCTCGAGGAGAGTGCCGACGATCTGCGCGCCCGGGTGGGCGCGCGACTCAAGGTGCGTGGCGTGGCGGTGCGCGATCTCGCCAAACCCCGCAAGATCGACTCCGAGCTGCTCACCGACGACCCGGCGTCGTTGGTCGCCCGTGACGACGTCGACGTCGTGGTCGAGCTGATGGGCGGAATCGACCCGGCCCGCAGCCTGATCCGTCATGCGCTCGAGAGTGGCAAGTCGGTCGTGACGGCCAACAAGGCACTGCTGGCCGAATACACCGGTGAACTCGCGACCGCGGCCGCGACCGCCCGCGCCGACCTGTACTTCGAGGCGGCGGTGGCCGGTGCCATCCCGGTGATCCGTCCGCTGACGCAGTCGCTGGCCGGCGACACCGTCGAGCGGGTGGCCGGAATCGTCAACGGCACCACCAATTTCATCCTGTCGGCGATGGATGCCGACGGTGACGATTACGACGTGGTGCTCGCCGAGGCCGGTCGGCTCGGTTACGCCGAGGCCGATCCCACGGCCGACGTCGAGGGATACGACGCGGCGGCGAAGGCGGCGATCCTCGCGTCCATCGCCTTCCACACCCGGGTCACCGCCGCGGATGTGTACCGCGAGGGCATCACCGCGGTGACCTCCGCCGATCTGCTCGCCGCCCGCAAGTTCGACTGCACCATCAAGCTGCTCTCGATCTGCGAACGTGTGCGCGATACCGATGGCACGCAACGTGTTTCCGCTCGTGTCTATCCGGCGCTGATCCCGTTGAGCCATCCGCTCGCGACGGTCGGCGGTGCATTCAACGCCGTCGTCGTCGAGGCACAGAACGCTGGGAGATTGATGTTCTACGGACAAGGCGCCGGCGGGGCACCGACCGCCTCGGCGGTCCTCGG
NZ_CP116236.1_gap72	2140428	2142241	1813	CGGGGGCATCCATCGAGCGCACGTTGCGGCGTTCGAGTGCCGCCTTGTAGTCGTCGACGCGTTTGGCGGAGATGAGCGCGGCGATCTGCTCGGAGTCGTACTGCGCCAGAATGTCTCGCACGTAACGGGATACCCGGGCGATGAGATCGTGATCCTCGGTCAGGATCAGATTGCGGGCCGAACGCGCGAGGAACTCCTCACTCGGCGAACCCGTTGCCGCCCTGGCGCCCCGGTGGTTCAGTCGCGCGCCGGCGACCTCGCGGGCGAGTTCGAAAACCGTGAAAGCGCCCAGCAAGCGGTACATGTCGGCATCGTCGGTGTGGCCGTACTCGGGCACCACACCCTCGACGACGGGTGTCCCGGAGCGCAGATCGGTCTTGAGGGTTCGGATCTGGCCGAGTGCCATCGCCCCGACGAGTTCATCGCGTAGCGCTCGCGGGCTCAGCGTCGCCATGAGGGTGTCGGCGTCCTGGTGGGCAAGCAACGCCCGGGGTAACGCATAGCTGACGTAATGCCGTTCGGTCTCCCAGTTCTCGAGCAGCCGTGTGGCCAACGCCGAGCCGGTGGCCTCGGCGTGCATCTGCAGCAGGGTGAACGCGGCATGGTGATGGATCGGGGCGAGTGGATCGCCGACGCCGGTGATCGCACCGACGATCACCGAGTCGTTGCTGATCCGTTCGGCAAGTTCGCATCCGGGATCGTATTGATAGAGAAAGCCGCCGCTCATCCCGTTTCCCAGGCCGTTGCCGTAGCCGCCGAGGTTGAACACGGCACCGCCTGTCATGTACTCACAACCGAATTCGCCGAGCCCCTCCACGACGGCGGTGGCACCGGAGTTGCGGACCGCGAAGCGATCTCCGGCCTCACCCTCGACGAACAGGCGCCCGCCGGTGGCCCCGAACAGGGCGAAGTTCCCGATGAGGACGTTGCCCCCGAGCGCGGGGGAGCCGCCTCCGGGGGACCGCACCACGACGGTGCCGCCGCACATGGACTTGCCCACTCCGTCGTTACAGGTTCCGTGGTGTTCCAGCCGCATCCCGTCGTTGCAGAATGCGGCATAGGACAATCCGGCCGAACCGGAGGTGGCGACGACCACGGTATCGGCGTCGAGGTGGCATCGGCCGCGATCGTCGCGGATCGCGGCGGCCACCTCGGGGACGGTCCCGTGATTGAGCCGCCGCTCGATGTCGACGGCGAGTTGTGCACCGACACTTCGGTTGCGGTTGGTCAGCACCACCGGTGTGGTGTGGACCCTGTCGCGGGACTCATCGACAAGCGCGCGCCAGACCTGTTCGCCGAGCGCGTCATCGACGCGGTAATCCCGTTCGAGATAGACCGGATCGGTGATCTCGGGTGCCTCGATCCGCGCGAGCAGGGCTTGCGGGCGCAGACCGGAGACCAGTGCGGGATGATCGATCAGCCGGAGCAGATCGGTGCGTCCCCGGGCGGCGCGCAGATCCGGCAATCCGAGGTCGGCGAGGAGTTCGCGGACCTCGTGGGCGACATTGAGCAGATACTGCGCCATCGCCCGTGGATCGCCGTCGAACACCTCCGGATTGGTGGTGAGTCCGGCCGGGCACTTGATGTTGCAGTTCTTGGCCATCACGCAACCGATCATCATCAGTGCGGCGGTGCCGAATTCGAAGCTGTCGGCACCGAGGAGAGCAGAGACGAGCACGTCGCGTCCGGTCTGGTGGGCGCCGGAGGTCCGCAGCACCACCTTCTGGCGCAGCCCGTGCACCGACAACGCCTGATGGACCTCGGCGAGCCCGATCTCGGCGGCTCGGCCCGCATACCGCAGGCTCGTCACCGA
NZ_CP116236.1_gap73	2155094	2159627	4533	CGTTCACTCATCGGCGATCAGGTCGGTCCGCACACCTGGTATCTGCTCTCGCACACCGTTGCGCTGTTGCACGGACAGCCGTCCGAGACCGCAGTGGCGCATCTGGCCGAGCTGGCCGCCGCCCGTCGCGGGGAGATCGTCGCGCACGTGGTGTCCGCGGTCGAGTTGACCGACGAGCAGCGCACCCGCCTGGCACAGGTGCTGGGCAACATCTACCACCGCACGATCTCGGTCCAGACCGAGGTCGACGAGTCGATCATCGGCGGCCTACGCATCGGCGTCGGCGACGAGGTGATCGAGGCCGACATCGCCACCAGACTGGCGAAGGCGACCGAGACGCTGCCGCGTTGATCGCGAGCCGGTCGGTGGGAACCACCCCGGCCGACCGGCGCCGACGCACCACCCACCACGAACCACTGCACGGACTGAGCAAGGAAGACGAGAACCCATGGCGGAGTTGACGATCTCAGCAGACGAGATTAAGGGAGCGATCGAGCAGTACGTCTCGTCGTTCGACGCCGAAGCCTCGCGCGACGAGGTCGGCATCATCACCGATACCGCGGACGGCATCGCCCACGTCAGCGGCCTGCCGAGCGCAATGGCCAACGAGCTGCTGCAGTTCCCCGGCGGCGTGCTCGGCGTGGCCCTGAACCTCGACGAGGACGAGATCGGTGCGGTCATCCTCGGTGACTACGAGACCCTGGAAGAGGGCGCACAGGTCAGCCGGACCGGCGAGGTGCTCTCGGTTCCCGTCGGCGACAAGTTCCTCGGTCGTGTCGTCGACCCGCTCGGCGCGCCGATCGACGGACTCGGCGACATCGAGGCCGAAGAGCAGCGCGTGCTCGAGCTGCAGGCTGCCTCGGTGCTCGAGCGTCAGCCGGTCGAGGAGTCGCTGGCCACCGGCATCAAGGCCATCGACGCGATGACCGCCATCGGCCGCGGACAGCGTCAGCTCATCATCGGTGACCGCAAGACCGGCAAAACCGCCGTCTGCGTCGACGCCATCCTGAACCAGAAGGCCAACTGGGAGTCGGGCGACGAGAACAAGCAGGTTCGCTGCATCTACGTCGCGATCGGCCAGAAGGGCTCGACCATCGCCGGCGTCAAGACGGCTCTCGAAGAGGCTGGCGCGATGGAGTACACCACCATCGTCGCCGCCCCCGCCTCGGATTCGGCGGGCTTCAAGTGGCTGGCCCCCTACACCGGTTCGGCCATCGGTCAGCACTGGATGTACCAGGGCAAGCACGTTCTGATCGTGTTCGACGACCTGACCAAGCAGGCCGAGGCCTACCGTGCGATCTCGCTGTTGCTGCGCCGTCCGCCGGGCCGCGAGGCCTACCCGGGCGACGTCTTCTACCTGCACTCGCGTCTGCTGGAGCGTTGCGCGAAGCTCTCCGACGAGCTCGGCGGGGGCTCGATGACCGGTCTGCCGATCATCGAGACCAAGGCCAACGACGTGTCGGCGTTCATCCCGACCAACGTCATCTCGATCACCGACGGCCAGGTCTTCCTCGAATCCGACCTGTTCAACAAGGGCGTCCGCCCGGCCATCAACGTCGGTACCTCGGTGTCGCGTGTCGGTGGTGCCGCCCAGACCAAGGGTCTGAAGAAGGTGTCGGGGTCGCTGCGTCTGGAGCTCGCCCAGTTCCGTGAGCTCGAGGCCTTCTCGGCGTTCGCCTCCGACCTCGACGACGCGTCGAAGGCGCAGCTCGAGCGTGGTGCCCGCTGGGTCGAGATGCTCAAGCAGGATCAGTACAGCCCGTACTCGGTCGAGGACGAGATCGTCTCGATCTACCTGTGCGGCGAGGGACATTACGACTCGGTGCCCGTCGACGACGTGCGCAACTTCGAGACTCAGTTGCTCTCGCACCTGCATCACAATGCCAAGGGTGTCTACGACTCGATCGCCGGTGGCAAGGTGCTCTCCGACGACGAGGCCGAGGCGTTGGTCGCCGAGACCAACAAGTTCAAGAACAGCTACCTCACCCACGACGGCAAGCGCGTGGTCAACGAGGCCGAGGCGACCCCGATGGACTCCGAGGATGTCGCTCAAGAAGAGATCAAGATCCGCAAGTGATCGACTCGGGGCAGCACCGCCGTGGCCTTCGTCGCATTGATGGCCGCCGGAGCCTGCGAGGCACACTGATGGCCCGGCGAGGCACACTGATGGCAAGGAAGGGGTGAGGGCTCGTGGCAAGCATCCGTGAGCTGCGCTCACGCATCCGGTCGGTTCAGTCGACCAAGAAGATCACCAAGGCCCAGGAACTGATCGCGACCTCGCGCATCACCAAGGCGCAGGCGCGCGTGGCGGCTGCCAAGCCCTACGCGACGGAGATGACCAAGGTGCTCTCCGAACTCGCGAGCAGCGCCGGGACGTTGGATCACCCATTGCTCCAGGAGCGGGAGAATCCCAAGCGGGCGGGCGTGCTGGTGATCACCAGTGACCGCGGCATGTGCGGTGGCTACAACGCCAACGTCCTGCGGGCCACCCGGGAACTCCTCGCGTTGCTGCGTGAGGAGGGCAAGGAGCCGGTCATCTTCGTGATGGGGCAGAAGGGCGTCGGGTACTTCACGTTCCGCGGTGCCGATTACGCCCAGTCGTGGACCGGTTTCTCGCAGGCACCGGAGTACTCCGATGCCTCGGCTGCCAGCAAGTTCCTGGTGGATCTGTTCGTCGCCGGTAGCGGTGTGGAGGTCGAGAATCCCGACGGTGAGGGCACTCTGGAGGGTGTCGACGAACTGCACCTGGTCTACACCCGGTTCGTCTCGATGCTGACGCAGGTCCCCGAGGTTCGACGGATGGCACCGCTGGTCGTCACCGAGGAGGACGAGGCAGACCAGAGCGACGGAGAGGTCGACAAGGCCGACACCGAATCGCGCAACTACACCTTCGAGCCGAGCGCGGAGTCCTTGCTCGAGGCGCTCCTCCCGCGTTACGTGGCCACCCGCGTCTACGCGGCGCTGCTGGACTCGTCGGCGTCGGAGTCGGCAGCCCGGCGGACCGCGATGAAGGCGGCCACCGACAACGCCGAGGAACTGTCGACCTCGCTGTCACGCGAGGCCAACCAGCTCCGCCAGGCCCAGATCACCCAGGAGATCAGCGAGATCGTCGGCGGCTCGAGCGCCCTGGCGAACTAGCCCGAACCCCGCCGGACACAATCTTTCGACAAGAGGAAGTATCCAACCACCATGACCGCAGCAGTAGAAACCCCAGCCTCGCAGTCGTCGGGGTCGGCCGACGGCCGGATCGTCCGCATCATCGGCCCCGTGGTCGACGTCGAATTCCCGCGGGGATCGATCCCAGATCTGTTCAACGCCCTGCACGCCGAGATCAAGCTCGAGTCGGTCGCCAAGACGCTGACCCTCGAGGTCGCGCAGCACCTCGGCGACAACCTCGTTCGCACCATCTCGATGCAGCCGACCGACGGGTTGATCCGCGGTGCCCAGGTCACCGACACCGGCCACTCGATCCAGGTGCCCGTCGGCGACGTGGTCAAGGGTCACGTGTTCAACGCCCTCGGTGACTGCCTCGACAGCCCGGGCCTCGGCCGCGACGGCGAGCAGTGGAGCATCCACCGCAAGCCGCCGGCCTTCGACGAGCTCGAGGGCAAGACCGAGATCCTCGAGACCGGTATCAAGGTCATCGACCTGCTGACCCCGTACGTCAAGGGCGGCAAGATCGGCCTGTTCGGCGGCGCCGGCGTGGGCAAGACCGTCCTCATCCAGGAGATGATCACCCGTATCGCCCGTGAGTTCTCCGGTACCTCGGTGTTCGCCGGCGTCGGCGAGCGCACCCGTGAGGGCACCGACCTCCACCTCGAGATGGAGGAGATGGGCGTCCTGCAGGACACCGCGTTGGTGTTCGGTCAGATGGACGAGCCGCCGGGCACGCGTATGCGCGTGGCACTGTCGGCGCTGACGATGGCGGAGTACTTCCGCGACGTCAAGCACCAGGACGTGCTGCTGTTCATCGACAACATCTTCCGGTTCACCCAGGCCGGTTCCGAGGTGTCCACGCTGCTCGGCCGTATGCCGTCCGCGGTGGGTTACCAGCCCACGCTGGCCGACGAGATGGGTGAGCTGCAGGAGCGAATCACCTCGACGAAGGGTCGCTCGATCACCTCGCTGCAGGCGATCTACGTGCCCGCCGACGACTACACCGACCCGGCGCCGGCCACCACCTTCGCGCACCTCGATGCGACCACCGAGCTCTCACGTCCGATCTCGCAGCTGGGTATCTACCCGGCCGTGGACCCGCTGACCTCGACCTCGCGCATCCTGGAGGCCTCGATCGTCGGCGACGAGCACTTCCGCGTCGCCAACGAGGTCAAGCGCATCCTGCAGAAGTACAAGGAACTGCAGGACATCATCGCCATCCTCGGTATGGACGAGCTCTCCGAAGAGGACAAGGTGACCGTGCAGCGCGCGCGTCGCATCCAGAAGTTCCTCGGCCAGAACTTCCTGGTCGCCGAGAAGTTCACCGGACAGAAGGGTTCGGTCGTCCCGCTCGCCGACACCATCGAGGCCTTCGAC
NZ_CP116236.1_gap74	2173100	2177207	4107	CCGGCGGGGACGAGGTCGGCGGAACGGACTTCGATTCGCTGATCGGGTTGCACTCGGTGAAGGGCTCGCATTACGCGCAGTTCCGTGGCGTCGAGGAGCGCCTCGGTCGTGTGGTCGGCGCACTGGACCGCATCTCGCGAGCCCTCGTGCAGACCGCGGAGGGGCCGGAGACACTCGTGCTCTCGGTGGTGCGTGCGGTGGCCGAACACCTCGAGGCCGATTGGGTGGTGTTCGCCCTGTGCGACGGCGAACTCGATCGCACGGGTCCGCGCCACCTGATGATGGACGGCGACGGCACCATCTACGCCTTCGAGGGCGTGCAGGTCGCGCGCACGCCGAGCCACCTGCCCGACGAGGTGCTCAACCGCCTCAACGACATCCTGCGCAACCAGCTTGGCGAGCTCGTCCGACCGGTCGTCGCCGATCACCATCTGCATGTGCCGGTGCACCTCGACGGCCGGGTGGTCGGCGGGCTGTCGGCGTGGACGCCACCGCGCCACGTCGTCGACTCCGCCGACCTGGTGGTGATGCGCATCCTCGCCCGACAAGCGGTGGTGGCCCTGCTCAATGCGGCGCTGCTCGAGGAGAGTCGCCATCAACTCGCCCGCGCCGAGGATGCCTACGCCAAGGCCCGCGAGCAGGCCACCGATCTGGCGGTGCAGAACGTGGAATTGCAACGCACACAACGTGAGTTGTCGGCGGTGATGCGACAACGGCTGGTCACCGAGGAGCGTGAACGCATCGCCCGGGAGTTGCACGACTCGGTGACGCAGTCGGTGCTGTCGGCGGGTGTGCAGATCGAGGTATGCCGGATGGAGTGCGACCCGGAGACCGCCGAGCGACTCGAGGTCGCAGGAACGCTGACCCGCAACGCGGTCGAACAACTGCGCTCGGTGATCTACGCCCTGAACCAGTCCCCGTCCGTGGAGGGGCTGAGCCTGGGCGAGGTTCTCGACGAACTGTGCTCGATGCACATGCCGGCCGATCTGGAGACCGAGGTCCGGGTGGTGGGCCGTCCCCGTGACCTGCCCGATGACGTGCAACACGCCATTCTGCGCATCGCCGGTGAGGCGCTGTTCAACACCGCGGTGCACGCCGAGGCGACACTGGCGCGGGTGGTGCTCACCTACGGCGATCACGACGTGAGTCTGACCGTCGACGACAACGGCGTCGGCGACCCGGGACACATGCGTCGCGTGCTGCGTGCGGCGACGCTGGGCGATCTGGCCGGGCGACATCGGGGCCTGGCGAACATGTCGGCTCGAGCGCGCGAACTCGGTGGTGAGTTCCGGATCCGCCGATCCCGGATCGGCGGCGTGCGGGTCGGGGTGGAGATCCCGGCCGGCACCGTCACCGAATCCACGTCGTTGCCGCGCGCCACCACCGAATCGGTCCGGCGTTCCGCCGGAACACGATCGTCACTGCATCAGGAGGTCAGCAGATGAACAACCCCGATATCGCGACGACGGCGGTGCGCACCATGCTGGTCGACGACCATGCACTCCTGCGTGCAGGCATTCGCTCCCTCCTCGAACGGGAGGAGACGATCTCGGTTGTGGGCGAGGCGGATTCGTTCGACCATGCATTGGCCGAGGTCGAGCGGTCACGGCCGGATGTGGTCGTCGTCGACCTGAAACTGACGGCGGGCACCGAGTACGAGGGGTTACGACTGATCACCGAGATCGCGGCCCGGCATCCCGAGGTGGCCAGTCTGGTGTTGACGACATTCCTCGACGACGACCTCGTGGTGCGGGCGGTGAAGGCGGGGGCACGTGGCTACGTCGTCAAGGACGTCGACACCACCGAGTTGGTGCGTGCCATCCAGTCGGTCTCCGGGGGCGGCAGCGCATTCGACCCGCGTAGCGCTGCGATCGTGTTGCGCACGGTGTCCGGCGACGGCGGTGGATCGGAGACCCTGACCGAACGTGAACGCGAGGTGCTGCGGCTACTCGCCGACGGGATGAGCAACAAGCGCATCGGTACGACCTTGTTCATCTCCGAGTCGACCGTGAAGTTCCACATCCGCAACATCATTCGCAAGCTCGGCGTGACCAAACGGACCGACGCGGTCTACATCGCGAGCAAGCGCGGGCTGATCTGATGAGGCTCAGCTGCGCGGGGTGAGCACCAACCAGCCGCCGTGATCGGTGAGGAATTCGGCCCCGGCGTGATCGGCTGCGTCCGCCCAGGCGTGCAGGTTCTCGGGCCCCAACCGAACGAGATGGCCGAAGTGTTCGCTCGGACGGTCCTCATAAGGGATCGCGATCACCACCCGCCGACGCGCGACCCGCAATGCCTCGATGATGGCGGCACGCGCCTGGTCCGCGGGGAGATGCTCGAGCAGGTGGATCAACGTGACGGTGTCGACCGAGGAGTCGGCGTGGTCGAGGTCGGTGGCGTCTCCGACAGTCGCCAGCACGGGGGTGTCACGGCGACGTGCGGCCTGAGTCAGCAGGTCGACCGCACCGACGGAGATGTCACACGCAGCGACATCGAGACCGTCCTCGGCGCATCGGAGCGCGAAGAAGCCGAAGCAACAACCCACTTCGAGCACACTCGAACCGCTGATCAGGGAGCGCGCCCGTCGGTGTACCGGGGCGAACGACGCCGTCCCGTCGCGCAGCGCGCGCAGCGAGTTGTCGTAGAACCCGGCCCACGCGTCGTCGGCGCGCTCGCTGCACGACCGGATCAGACCGACCGCGGCTTCCTCGAACTCCCACTGGCCACACAACGCGCCGGCATCGATCACGCCTTCGAGCGCGAGGACCATTGCGTCATCCGAGATCTCGGCGACGGTGAAGGTGTGGACGAGTTCGACCCGACCTCCATCCCGGTCGATGGACCAGGCAACCCGTCCGGCATGGGGAAGATCGGCAGGCAGCGCATCAACGTGCCGCACCGTGATGCGGCGAGTGGTCGGTAGTCCGGCACTCATCGTCGTGACGCTCATGACCACAACGCTATGACCTGGACTTTTGCCGCGAAACTGCCCGAACGGGTGCATCTGCTGACCGAACGGAGAGGCGATCGCCGCGCCCGCATGGCCCAGATCACAATTATCGCGAGCGGCCGGAACGGCCGGATGCACGACCTCCGACGGCTGGGGCTGGCCCGCTGACCAGGGCTGATGTGCGACCAGTCAGAACCCACCTGGCGATTTGATTCGCGGGGGCTCTGTGCGTAACTTATTCGAAGTCAGCGCGCCGCGGCGCCGCCCCGGAGGGCTCCGAGAGGAGTTCGGTAGGGGAGAGGAAACCGGGTAGACGTTGACCGCCCCTGAGAAATCGTTCCGGGCACAGTCATGTGCCAGGACGAGGACCCGGGGTTGCCGGATGCGGATCTGGCCGCCAACCGAGAGGGTTGCGGACGGGTGAAGTGCCTGGTACTCTGGAAGAGTTGCTCCGGAAGGGGTTAACACTTCAGAAACAGAACAAGCTCATCGAAGTTCGCCCTGTGGGGTGGTGTTGGTGGGTGTGTGTTCTTTGAGAACTCGATAGTGTATTGGTGGATTGTTTGATGCCATTTGTTTTGTGGCATTAGAGTTTTGTGCATCGCGCCTCTGTTGTGGGGTGTGGTGTGGATTTTTTTGCCAGTTTTTTGGATTGTTTTTGTCAGGTTTTGCTTTCCTGGTTTGTGTTGAAACTGTTTGGTTTCGATGTTTTTTCATGGAGAGTTTGATCCTGGCTCAGGACGAACGCTGGCGGCGTGCTTAACACATGCAAGTCGAACGGAAAGGCCCTGCTTGCAGGGTGCTCGAGTGGCGAACGGGTGAGTAACACGTGGGTGATCTGCCCCTGACTTTGGGATAAGCCTGGGAAACTGGGTCTAATACCGGATATGACCATGGGATGCATGTTCTGTGGTGGAAAGCTTTTGCGGTTGGGGATGGGCCCGCGGCCTATCAGCTTGTTGGTGGGGTAATGGCCTACCAAGGCGACGACGGGTAGCCGACCTGAGAGGGTGATCGGCCACACTGGGACTGAGACACGGCCCAGACTCCTACGGGAGGCAGCAGTGGGGAATATTGCACAATGGGCGCAAGCCTGATGCAGCGACGCCGCGTGAGGGATGACGGCCTTCGGGTTGTAAACCTCTTTCAGCAGGGAC
NZ_CP116236.1_gap75	2178403	2180353	1950	GTGGCTGGGTGATTCTTCCGGGTGACTGGTTGGATGCTGCTAATACACTGTCGGGGTTCTGAGGGAACACACTCGTGTGTGTTGTCTTGGTGCTTGCAATGGTTGTCGTGTTGGTGAGGTGTCCTGTGGTGGGGCGCGGAGATGCGGTGATGTTGTGGGTGTGTGTTGTTTGAGAAGTGCATAGTGGATGCGAGCATCTTTATTTTTGCAATGCATATCGAATCAATGTTTTGGTTTGTGTGTTTTGTTCGAGTTGAAAGAAATGTTTTAGGCGAATGGCTAATGTCGTGGGGGTTGTGTTGTTCCGTGTGTCCCTGTGTTTTTTGGGGGTGCGCGGGGGCGGAGCCCCCGTGGTGTTAGGTGTTGTTGTAAGTGTTTGAGGGCGTTCGGTGGATGCCTTGGCACCAGGGGCCGATGAAGGACGTGGTAGGCCGCGATAGTCCTCGGGGAGTTGTCAAACGAGCTGTGATCCGAGGGTGTCCGAATGGGGAAACCCAGCACGAGTGATGTCGTGTTACCACCAGCTGAATGTATAGGCTGTGTGGGGGGAACGTGGGGAAGTGAAACATCTCAGTACCCATAGGAAGAGAAAACAATTGTGATTCCGTGAGTAGTGGCGAGCGAAAGCGGAGGATGGCTAAACCATGCGCATGTGATACCGGGTAGGGGTTGTGTGTGTGGTGTTGTGGGGTCTGTCTTCCTCGATCTACCTGTCGGGGCGTGAGTGAGAAAGCTGCATGCTAGGTGAAGTGGCCTGGAATGGTCTGCCGTAGGCGGTGAGAGTCCGGTAGCTGAAAGCGTGTGGTCTTGCGTGATGGTGTCCCCAAGTAGCAGCGGGCTCGTGGAATCTGCTGTGAATCTGCCGGGACCACCCGGTAAGCCTGAATACTTCCTGGTGACCGATAGCGGACTAGTACCGTGAGGGAAAGGTGAAAAGTACCCCGGGAGGGGAGTGAAAGAGTACCTGAAACCGGACGCTTACAATCCGTCAAAGCCTTTGAGTCGTTTGGTCGGCTGGGGGTGATGGCGTGCCTTTTGAAGAATGAGCCTGCGAGTTAGTGCTCGGTGGCGAGGTTAACCCGTGTGGGGTAGCCGTAGCGAAAGCGAGTCTGAATAGGGCGTGTTGAGTCGCCGGGTCTAGACCCGAAGCGGAGTGATCTACCCATGGCCAGGGTGAAGCGCGGGTAAGACCGCGTGGAGGCCCGAACCCACTTCAGTTGAAAATGGAGGGGATGAGTTGTGGGTAGGGGTGAAAGGCCAATCAAACTCCGTGATAGCTGGTTCTCCCCGAAATGCATTTAGGTGCAGCGTGGTGTGTTTCTTGCCGGAGGTAGAGCTACTGGATGGCCGATGGGCCCTACTAGGTTACTGACGTCAGCCAAACTCCGAATGCCGGTAAGTGAGAGCACTGCAGTGAGACTGCGGGCGATAAGGTTCGTAGTCGAGAGGGAAACAGCCCAGATCGCCGGCTAAGGCCCTAAGCGTGTACTAAGTGGAAAAGGATGTGGGGTCGCGAAGACAACCAGGAGGTTGGCTTAGAAGCAGCCACCCTTGAAAGAGTGCGTAATAGCTCACTGGTCAAGTGATCCTGCGCCGACAATGTAGCGGGGCTCAAGTACACCGCCGAAGCCGCGGCACTCACACAATAATCTGGCTTCCTTCTGCGGAGGGTGGTCTAGGTGTGTGGGTGGGTAGGGGAGCGTCCTGCATCCGTGGAAGCGCCGGAGTGATCTAGGTGTGGAGGGTGTGGGAGTGAGAATGCAGGCATGAGTAGCGAAAGCAGAGTGAGAAACTCTGCCGCCGGATGACCAAGGGTTCCTGGGCCAGGCTAATCCGCCCAGGGTGAGTCGGGACCTAAGGCGAGGCCGACAGGCGTAGTCGATGGACAACGGGTTGATATTCCCGTACCCGTGTATCCGCGCCCATGCTGAATCATCTGTACTAACCATC
NZ_CP116236.1_gap76	2275760	2277954	2194	TCCTCGACGCCGCCGACGTGCACGTCGCGACCCGACTGGTCCGCATGTGCGGGGAACCGGTGTCCGAGATCGCCGAGTTCGCCGCAGCGCTGGCCGTGCGCGCGGTGCGCCTGGGCTCGACCTGCCTGGCGGTCCGCGACCTGGCCGACATCGCCGCGGGCGCAGAACACGACTCCGCGCCGGAGCGCAGGGCCGTCGGAGTGGGCGGTGCCGTCGGGGCGGACGGCCGAGCGGTGATGCCGGCACTGCCGTCCGCCGACGAACTCGTCGGCGGGTTGCGCTCGAGTCCGCTGGTCGTCGGTGCCAAGGGCGGCCCCCTGCGGCCGCTGGTCGTCGCCGACACCGTCGACGGGCCATTGATATACCTGCGCAAGTACTTTCAGCAGGAGCAGGTGATCCGCACCGTCCTCGCCGAACGGGCCGCGTCGGTGCCCGAGGTCTCGGCCGAGCGGGTCACCGGTGCCCTCGACGAGGTCTTCGGCGAGGGCGCCGGCCTTGCACCTCGACAGCGGCTGGCCGCCGCCGTCGCCGCCTCGCGGTGGACCTCGGTGCTCACCGGAGGTCCGGGTACCGGCAAGACCTACACCGTTGCGCGCATCCTCGCCGTGCTCGATCGGCTCGTCCCGGCACGCCTGCACATCGCGGTGTGCGCACCCACGGGCCGCGCGGTCGCCCAGCTGCAGGCCTCACTCGACGGGATGAGCCGCGGGCTCGGCCCGGACTCGTCGGTCACGGGCGACTCGGCAAGCGGCCCACCGGTACACGCGGTGACCGTTCACGGACTGTTGGGCTGGCGACCCGGTTCGCGGCCGCGCAATGGACCGGGTAACCGCTTGCCGCACGACGTGGTGGTCGTCGACGAGACCTCCATGCTGTCGGTGACCGCGATGAGTCACCTCCTCGAGGCGGTGCGTCCGGATGCGCGCCTGATCCTGGTGGGTGATCCCCATCAGCTCGCGTCGGTGGAGGCCGGTGCGGTGCTCGCCGACCTCGTCGAGCGGCCACCCAGCGGCGCAACAGACTCCAGCGGCGCAACAGACTCCAGCGGCGCAACACACTCCAGCGGCGCAGATCACGACAGTGGGACCGCACTCGATGCCGAGATCATGGCCCTGGCGGACGACTCGCGGATCACCGCATCCGAACGTCCGCGTTTGGCCAATGGCATCGTCGAACTGACCCGCAACTTCCGCAACCGCGACGGCATCGCCACGGTCGCCGCAGCGGTCAATGACGGTGACGGCGATCGCGTGCTCGAGCTCATCGGCTCCGGCGAGCTGGCCGACATCGTGCTCGTCGAGCCCGACGATCCCGCGATCCACCGCGACGTCGTCGCCTGGGTCACCGATCTGTGGTCGGCAGCCCGCGCCGGCGATGCGCCGACCGCGTTGCAGGTGCTCGATTCACACCGCGTGTTGTGTGCCCACCGTGCGGGCCGGTGGGGTGTGCAGGGGTGGACGCGTCAGATCGTCGAGTGGTGCGGTGAGATCCCCGGCCACCCGCCTGTGACGCCCGACCTCGCGGCGCCACAGCCCGGGATGCCGATCCTGGTGACCGCCAACGATCGGCAGAACCGGGTGTTCAACGGGGACTGCGGTGTGGTGATCGCCGAGGCCGGCGATCCGTCGCTGACCGTTGCCTTCCGGCGCAGCGAGTTCAGCGATCCGATGTTCGTCCCGCCGGCGCGGCTGGCCGAGACGATGTGGGCCTACGCGATGACCATCCACCGCAGCCAGGGCAGCCAGTTCGATGCGGTCACCGTCGTTCTGCCACCGCCGGATTCGCCGCTGCTCACCCGCGAACTCCTCTATACCGCCATCACCCGCGCCAAGTCGCGGGTTCGGATCGTCGGAACCCCGGAGACGTTACGGGCGGCGGTTGGTCGTCGCGTGCACCGCGCGAGCGGACTGCGCTCCTCCCCGGCGGAGCCGGCAGGTCGATGATTGCGGACCCGGCGGGTCGATGATTGCGGAGCCGGCAGGTCAGTGACGGCGCGGACGACGGGGTGGCAGTACACTTCTCACAGGTCGACGCCGCCGCGCACGAGGTCGCGGCGGATGTAGCATTCGGTGCCGAAGAGGCGGTCACGCCGTTCGCGCGGCAGATTCATCAGACTCGAGATCATCTGGCTGCGTTCCACTTCCGAGCGATGTGAGGCGACCGCCGCGGCCTTCTGCTTGACCCACGCCGACAC
NZ_CP116236.1_gap77	2280250	2284261	4011	CCGTCGACCTCGACGGCATCGACGGGGACTCCGACGCCGACGATGCCGACGACGAGAAGGCCAAGGACTTCGAGGGTCTGCTGACGTGGCTGGGCGAGGCGCTCTCCGACGACATCACCGAGGCTCGGCTGTCCAAACGACTCACCGAATCGGCGGCCTGCCTCGTCGGTGACGACTTCTCGATGTCGCCGCAGCTGGAGAAGCTGTATCGGGCGTCGGGTCAGGAGGTGCCCAAGACCAAGCGGGCACTCGAACTCAACGCCGCGCACCCGCTGGTCGCCGGCCTGAACAAGGCGTTCGGTGCCACGACCGATCACCAGTCGCTCATCGACACCGCCCGACTCGTCTATGGCATGGCGCTGATCGCCGAAGGCGGCGAACTCGACGACCCGGCCGCGTTCGCCCGGCTGCTGGCGGCGACGCTCACCGATTCGCTCGGCGCGCAGGAGCAGGACGGTGCCGCTGCGGCAGGGGACACCGCGGGGGAGTCGCCGAAGGGTGACGCAGAAGGGGCGGACGCAGAAGGGGCGGACGCAGAAGGGGCGACGCAGTCGGGTGAGTGAGCCCACCACCACGTGGCGTCGCCGGCCGGGACGAGGATGGCTCGCCGGCGCCGCCACGTTGGTGGTGATCGTCGTTGCCGTGGCGACGACGCTGGTGTTCACCCTTGGACGTGAGGATTCCTCGCCGTCCACCCCGGCCGAGACGGTCTCCGCCTTTCTGCGCGCGGTCGCCGACGACGACGGTGCCGCCGCGCTCGCGCTGATGACCGAGCCCTCGTCGCGCGAGTTCCTGACGTCCGACGCGTTGGCGCGGGCGCACGCCGCCGCCGCGATCACCGACGTCTTCGCACGCGAGCTCGGTTCGGGTGAAAGCAGCGGCGGCTCGACGACTCCGGTCGCGCCGACCCCACCACCCGGTTCCCGGACCGCCGGCGAGTCCGCCGATGTCGGTGCCGAGTTCCGGATCGGTGGCCATCCGGTCCGCACGACGTATCGCACGGTGCGCGACGGCCGGCGATGGCTGGTCGACGACGGTCTCGCCGCGGTGGAACTGGCGTCGTCGACGATTCCCGGTCTGTCGCTGCAGGGTCGGCCGGTCGCCGGGATCGGCACCGCCTATGTCTTTCCGGGCCGTCTTGTCTGGGGAAGCAGCAATCGCTACCTCGCCGTCACCGACTCGACCGACGTCACCAGGGGTGCGGCGGCGCCGACGAGGGCCGATCCCGGCGTCACCCTCGGTGACGCCGGCAATGCTGCGGTGGACTCGGCGCTGCACACCTACCTGGATCGATGCGCGAATTCCACGCAGGCCGACGCCTCGACGGATCGGCCGGGATGCGTGCAACGCCTGTACCGCTCGGCAGAGGTCTCCTCGGTCCGCTGGCGCGCGCCGAGCGGTCTGCACGACCTGGTCCGGGAACTCGATCCGGCAACCCCCACCTCGGTATCGGTGTTCGGTGGGGTCACCTGGCGGGCGCACTACACCGCTACCTACGGTGGCGAGACGACCGCGGAGGTGGACCAGCCGATGAACGGTGCGGTCGACCTCGACGCACAACCCGTCCCGACGTACTCATCTGCCGGCTGAGGCGCCGTCCGCGGGCGAGGTCACGACGCCGCGTCGAGCGCACCCGACTCGGCGTCTCCGGGCAACGCGACGACGGCGATGTCGTTGGCGCGGAACAGCGGCTGCAGTGGGACTCGGTGGCGTGCAGCACATTCGGTGATCATCGATGCCCACCCGCGGTCTCGCGCCGTCACCCCATCAGCCCCCGGACGCGCCAGCAGAGCGGCGAGGGACAATCCGCTGGTCGCGGCGATCACCTGACCGAGGTGCTCCATCATCGTGTCGAGGAGATGGCGATTCGGGGTGTGCGGCAGCGGTAACTGGTTGATCACGGGAATCATCTGCGTGCCGCGTTCGACGAAGACCAGCCACAGGGTCGGCTCGTCGAATCCGAGTGGCCCCATCAGGGCACGCCACCGTTCGCGGAGTTCGGCGGCATCGCAGAAGGGCAGCTGCGCGACCTCGGTCGGCGGGATCGGATCGGTGTCGGGAACGGCCCTGTCGGGAACGGCCCCGTCGGGAACGGTGCTGTCGGGAACGGTGCTGTCGGGTACGGGGTCGGCCGCCCCGGAGACAGGCTGAGGGGATGTGGGATTGCGGTGATCGGATGTCATGGGCAGATCCTGCGCCGACGTGGACCTGTGGTGCGCACTTGCATCCACACCTGTGAGTCCCGCCCTTGACGTATCGGGGCCCGCTGCGCAACCATGTCGGTCTCGTGCACCGGGCCCGTGCCAGACTGGGCGGATGGGCTTACTCACCCCGCTGGCCGTCCGCATCGGCTCGATTCCTTGGATGCCGCGCTATCTTCCGCAGATTGTCAAGTGTGACAACGTGATACGTACGTTGACCGGCGAGCGGTACGGACTGCTCGACATTGCCGGACTGCCGAACACGACCGTGGTGGTGGCGGGCAGGCGTAGCGGTGTGGAGCGGCAGACGCGATTGCTCGCGGTCCCGCGATCCGGCGGCCGCTGGCTGATCGCCGGATCGTATTTCGGCGGCGAGAAGACTCCGCAATGGGTGTACAACCTGCGCGCCACCGACTCCGCCGAGATCATCGACCGTGGCCGGCGCCGTGCGGTGCGCGTCGCCGAACTCCATGACGATCACCGAGCCGCCGCATGGCAGGAGTTGCGGTCGGTGTGGCCCAACTTCGATCTCTACGAGAAGCGCACCGACCGGCTGATCCCGGTCTTCGAACTCACGCCGACCGACTGAGGCCGGCCTCCCGGTGACGCTACGGTTCTTCAGGATCCGGAGAACCTGGGCTTGCGCTTCTCGAAGACGGCCGTCACCGCCTCGGTGAGGTCGTTGCTCGGCAGGAACGCCGCGTTCCAGGCCGCCACATAGCGCAGGCTGTCGGCCTGAGCCGCGGAACGGCTGTGATCGAGCACGGCCTTGACGCCCTGGACCACCAGCGGCGGATTGTCGGCGATCTCGCGGGCGGTCGCTCGAGCGGCCTCGAGTGCCTCCTCCGGGGTGGCGAACACGTCGTTGACGAGCCCGATCTTCTCCGCGCGGGCGGCGTCGATGTCCTTGCCGGTCAACGCGAGCTCCCGCAGGTGCCCCTCGCCGATGATCCCGGGCAGGCGGGCCAGGGTGCCGACGTCGGCGACCATCGCCACACGCACCTCGCGCACACTGAACTTCGCGTCGGAGCTGGCATAGCGGACGTCGGCGGCGGTGATGAGGTCCACGCCGCCGCCGATGCACCAGCCCGAGATCGCCGCGATCACCGGTGTGCGGCAGTCCGCGACGGCAGTGATCGATGCCTGCATGCGACGGATCGTGTCGTGGAACTCGGTGCGTTCCTTGGCTTTCGAGCCGTCGGCGAGAACCGCCCCGAGGTCACCGGCCATCGCCGCGAGATCGAGTCCGTAGGAGAAGTGCGCACCCGAACCGCGGAGCACGATCGCGCGGACCGCATCGTCGGCGTCGAGTTCGGCGACGAGCACCGGTAGCTCCGCCCAGAAATCCGGGCCCATCGCATTGCCCTTGCCGGGGCCGATCAGGCTCACCTCGGCGATGTCGTCGCCGACCACGACGTCGAAGGCCTTCCACTGTGTGTCACTCATGTCTAGGAGGCTACCGAGGAGCCGATCTCGCGACTCACCCGCACGTGTCCACCGGGCACCGTCGCGGCAGTCGCGTGCGGTCGGTACGGCAGTCGAGCGAGCGCTCCGCGGGAGAGGACCGCAAGAACGGTCAAGCGGCGCAGGGCGCAGGCGTCCGATACTGGAAACCATGACGACGACCCCTGTTCTCCGGTCATGACCGACCCCGGTCGTGACCGCGTGCGTGAATTGCTCGACGCAGTACTCGCCGACGACAACGTCTCGCTGTCCGGAATGGCGGCGGGTGCGCACAGCTCCGAATTCCATTTCAGCAGGCAGGTGAGCCGATTCGCCGGAGAGTCACCGGTGGCGATGCGTCGGCGGG
NZ_CP116236.1_gap78	2285675	2289193	3518	CGACCGCCGGGATGGCGTTGACGATACGGCCCGCGGCGGCCACGATCGCGGCGTGGTTGTGGTCGCCCTTGCGGCTCGTCGGACAGATGTCGATGCGATAGGACGGTTCGCCGGTGATCTCCACGCGGTAGCAGCCGCCCGGTTGCGCGGGCTGCGCCCAGTCCGGCCGGAGATCGCCACGCAAGCGGGTGACGTGTTCGATGACGATCCCGGGCTTGCCGTCGACCATGCCGATGATCTCGAAGCGCACCGCGGCCCTCGTCCCCTTCGCGATGGTTCCGGTGGCAACCTCGAAATCTTCGGGGGCAGGCTCGCTTTCGTGACGTTCGACGATCTCATCGATGGTCACGTCCATCGCGGCGGCGATCTGATGCAGTGAGGTTCCCCACGCGAGTCCCAGGATGCCGGGCAGGAAGAGCATCGGGGTCTGATCGAGCGGAGCGCCGAAACCCATCACATCCACCATCACCTCGGTGCCGTCGTAGGTCGCGTAGTCGGCGATCTCCATGCAGCGGATCTGCTCGACGTGTTGACAGGTTCCGCTGAACGCGAGCGGGATCAGGTCGCTGACGAAACCGGGATCGACACCGGTGATGAACACCGCGGCATCGTGGTCGAGCGCGGCGGTGGCCACCTTGTCGATGGCCTTGGGCGGCATGGCACCCCACGGATACTGCAGCGGTCCGGGCGCGGAGCCGACCACGTGAATGCCCGCCGAGAGCAGCCGCACGACGTCGGCCGTCGCCTCGATCGGACGGGTGTCGCCCATCGCGCAGTACACGACGCACTGCGGTGACGCCGCGATCACCGCATCGAGACCCTCGGTCGCCACCACCCCGGTGGTGTCCGCGGCACCGGCGATCGTTGCGGCGTCGAGGCCAACCTTCTCCGGGGAGTGCACACCGACGGCGACGAGATCGAAGCGGGGATCGGCGATGACCTGGGCGAGCGCGAGGCGTCCGGCGTTGCCGGTTCCCACCACCGCCACCCGGATCGCCGGGTCGCCAACATCTCCCATGTCTGCCTCTCTGCCGCGGCGCCGGACCGCGAAAACCAGGCCCGCTCGCTTCGCTTCCGGCACCCGTGCTGAACAACTGTCTGGTCTGGTGTCCATATCAGTAGAACACGTTCTCGCCGAACTGGCTAGAACGTGTTCTCATTCGAGATGCTGCGCGGTAGGGTTGCTCGCCATGGGACGAGTCGACGGCAAGGTTGCACTGATCACAGGCGGTGCGCGTGGGATGGGCGCCTCGCATGCCCGCGCTCTGGTGGCGGAGGGGGCGAAGGTCGTCATCGGCGACATCCTCGACGACGAGGGCGGTGTCTTGGCCGCCGAACTCGGTGAGGCCGCACGCTTCGTGCATCTCGACGTCACCGATCCGGAGCAGTGGCAGGCCGCGGTTACCACGGCCGTCGAGGAATTCGGCAAGGTCGATGTGCTGGTGAACAACGCCGGTATCGTCAACGGCTCGACGATTCAGAAGTTTCGTCTGGACAAGTGGCGGCAGATCATCGACGTCAACCTGACCGGCACGTTCCTCGGCATACAGACCGTCGCCGACCCGATGATCGCGGCGGGCGGTGGGTCGATCATCAACGTGTCCTCGGTCGAGGGGCTGCGCGGAAGTCCTTGGGCGCATGGGTATGTGGCGTCCAAGTGGGGTGTGCGCGGGCTGGCCAAGTCGGCCGCGCTCGAGCTCGCGCCGCACAACGTCCGCGTCAACTCGATCCACCCGGGCCTCATCCGCACGCCGATGACCGAGGGGATTCCCGAGGACATGGTCAAGGTCCCGATGGGACGCGCTGCCGAATCCGCCGAGGTCTCGACATTCGTGGTGTTCCTGGCGAGCGACGAATCGTCGTACGCCACCGGCGCCGAGTTCGTGATGGACGGTGGTCTGTCGGCCGACGTACCCCACAAATGATCTCGCGTCCGCGCAACCGTCGGCCGCGCCACGATTCGGACAATTAATTCAACAACTGTTGACTTTGTGACCTGGGCGGACCTACCGTCGCTGGTATGCGAGCGATGATCATCAAGGAATTCCGCGAATTGGTGCGCGACAAGCGCACGCTCGGTCTGCTGGTTGCGATGCCGTTGCTGTTGCTGGTGATCTTCGGATACGCCGCCAACTTCTACGTCTCCTCCGTACAGACGGCGGTGGTCGGACCGCAGGCGAACACCGTCGCCGCCGGTCTGCCGTCCTACTTCGAGGTGACCGACAAGTCGACCGACACCACTGCCGCCGATGCCCGGGACATGTTGCGTGACAACAAGGTCGACGTCGCGATGGTGACCGGCGACTCGCCGACGGCGCCCATCGAGGCACTTGTCGACGGGTCCAATCTGTTTGCCGCGCAATCGGCGGTCGGTGCCCTCAACAAGTTCGGTGCCAAGGTGCACATCGAGGTGCTCTTCAATCCCTCGCTCAAGACGTCGTGGGTGATGGTGCCCGCGATCATCGGTCTCATCCTCACCTTCATCGGCACGATCATCACCAGTATCGGACTGGTGCGTGAACGCGAGACCGGGACGCTCGAACAGCTTGCGGTGATGCCGATCTCGCCTGCCCAGGTCATCCTCGGCAAGATCGTGCCCTACTTCCTGGTCGCGGCCGTGGACATGATCATCGTGACGGTGCTCGGCATGCTCCTGTTCGACGTGCCGTTCAACGGCAACGTGCTCACCTTCGCGATCGGCGCCGCGTTGTTCTTGTTCGTGGTGCTGGGTCTGGGGGTGTTCATATCCACGATCTCCCAGACCACCGGGCAGGCCATCCAAACCGCCTTCTTCTTTCTGCTTCCACAGATCCTGTTGTCCGGCATGATCTTTCCGCTCGACGCGATGGCCGCGGGAGTGCGCTGGATCGGGTATCTGCTGCCACTGACCTATTTCACGATGATCTCGCAGGGGGTGATGCTGCGTGGGGCGCCCATCTCGACGCTGTGGCTGCCGCTGCTGATACTCGCCGTGATGGCGGTCATCGTGTTCACCGCGGCAACCATGCGGTTCCGTCGTGACCTTGCGCCGGGCACCGGTCATCGACGCGCGGCCCAGGAGAAGGCCGCATGATGATCGGGGCCGAGGACGTCACCGTGACGTTCGGGAAGACCACGGCTCTGGATTCGGTGAGCGTGCGCGCTCACGAGGGTGAGATCGTGGCCATCGTGGGTGGTGACGGAGCCGGAAAGTCGACACTGCTGCGGCTCTTCGCCGGCGAGGTGCAGCCGAATTCCGGGCAGGTGCACCGTCCACCCAAGAAGCACGTGGGATTCCTCGCGGCCGGTCCGGGCAGTTGGGGAGCTCTGACCGTCCGGCAGAATCTCGACTTCGTCGGCGGCATCTACGGACTCGGAGGAGAGCAACTCCGTTCGCGCCGTGACGAATTGATCGAGCGTTCCGGTCTGTCCGTGGCGGCCGACCGGATGGCGCGGGACCTGTCCGGCGGTATGCGACGCAAGCTGGGCACCGCGATGGCCATGATCCACCGCCCACCGCTGTTGATCCTCGACGAACC
NZ_CP116236.1_gap79	2290989	2293995	3006	GATCGCGACCAGCTCGTGGCGCAGGTCGGCCCGGTCATCACCCACTATCTCACCGGCGACCTGACCTGAGCGCTACGGCGCGGATTCGTCCGTCTCGGCGACGCCGGGGGTGTCGCGCTCGTCCCAGATGAACAGGGCGAGGGTGACGCCCAGGAATGCCGCAGGTATCCAGGCCGCGTGGACCCCGATGAGGTGTGTGGCCAGCGCGCCGATCAGAGCGCCGCCCGCGAAGATCCCGACCACTCCGAGATAGATCGCCAGTGGCCGCCGCGATTCCGGGTCGCGATCCACCGCCACCCCGTGTGCCGCCTCGACCAGACGCATCAGGTTCCCGGTGGTGGCGATGGCGACGTAGTTGTGCCCGGCGACGTTCCGGAACATCTCGATCTGCATCGCGGCGACGAAGGCTATCGGGATCGTCACCGTATAGTGCGGGGCACTCGACGGGATGAATCCGACGATGGCGAGGATCGCCGCTTGCAGGGCGACGGTCACCCGGATCGGGTGGGGCAGTAGGCGATCGAGCCTGCCCTTGCGGATGTGCACCGCCGCCCCGATTCCGACGAGGAATGCCAGAATCGGCCACACATGCGCCAGCGCCTGCATCGGGTGTCGCTGGGCGATCTCGACGGCGAAGAACACCACGTTCCCGGTTTGAGCGGTGGCGAAGGCGCCACCTCGCGCGAGGTAGGTATAGCTGTCGAGGAATCCGCCCGCGCAGGTGACGAGGAAGGCGAATCGTAACGAGGAACTGGTCTGTACCGTCGGCATTGATCGGCTCTCTGACTCTCGTTCGGCTCAGGCGGTGCCGTAGATCCGGTCGCCGGCGTCACCGAGACCGGGCAGGATGTAACCGTTGGCATCGAGTTCACGGTCCACCGACGCGGTGAACACCGGCACGTCCGGGTGGGCGCCGTGAAGCATCGCCAGACCCTCGGGGCAGGTCAACAGAGCGACGATCCGGATCGAGCGCGGCCGATACTCCTTGATCCGGTCCACCGCGGCCACCGCCGAATGTCCGGTGGCCAGCAGTGGGTCGACGATCACGACGTCGCGTTCCTCGAGCTCACGAGGCATCTTGAAGTAATACTCCACGGCAACATGGGTTTTCGGATCGCGGTAGAGCCCGATGTGACCGATCCGCGCACCGGGCACCACCGTGAGCATGCCGTCGGCGATCGAGGTTCCCCCACGCAGGATCGACGCGAAGACCAGCTTCTTGCCGTCGATCACCCGGCCGGTGGTGACCTCCATCGGCGTCTTGACGGTGATCTCCTGCATCGGGATGTCGGCGAGTACGTCGTAGGCCATCAGGGTGGCGATCTCGTTGAGCAGGCGGCGGAAATCGTTGGTGGAGGTGTCGGCCTGTCGCATCAGCGTCAGCTTGTGTTGCACGAGTGGATGATCGATGACGTGCACGGCATTCATCAGGTGGCCCTTCTTCGATGGTCGGTGGACGTCCGGGTGCCCGGGTCAGAACACCGTTCCATCGCTGTCGATGGTCAATGGTGGCAGGCCGCCCCGCAGCTGGGCCGCATATCGGCGCCCGGCGGCCCAGGTCCCGCCTTCGAGGACGCATGCCAGGGGCAATCCCGGGACACCGAGTTCGGCGGCCACCAGTGGTGCGAGTTCGTCGAGCAGGGCCACGGTCAGTGCGCGCCACTCGACGACGAACTCGTCGCCGACCGACCACACCGACTGTGCGGCATCCGGATTCACCGTGGCCAGGACGCCGGAGTCGAGCAGCAGGCCGCCGTTGCGATATTCGGGCAACGCGGTCAGATCATCGAGGCCGCCGACCTCGACCCCGGCCGCCGCGAAGGGTTCGAGCAGCGAATACGTCAGCCACTGCGACAGCTTGTGGAACGGCATCCATCCGTCGGTCGCACCGGGGCCGTGGACGTCACCATGGCGCCAGCAGTCGCCCAGCGCGATGCCGTCGATCCGGTTGTCCGAGGGCCAGATCGGGGCGAAGAGATCGAGCAGTGCGGTGAGGATCTCGTGTGCCCGGATCTCTCGTGTGCCGCCTCCGAGGTGGTCGAACAGATCGCCCGGACGTCCGGTGCCGAACACGTCTGGTCGTGCCGCCATGGCGTCGGCGAGCCGGGTCAGTACCTGCAGCCGACCGTCGAGACCGACGAGCGGCGTGGTCTCGGTGATGCCGAAAGCTGTTGACAGGCGCGCCGAATCCAGAAGGCGCAGACCGTCGGCATCTACCCGTAGGGGCTTTTCGGGGCTGCCGGAGAAGACGCCGCCGAAGAACGCGTGGACGCTTGCCACCGCGAGTCCCTCGGAGCGGGTGAACCGCAGTCCGGTGCCCGGCTCGTCGAAGTACCAGTCGGCTCCGGCGCCGGCGTCGAGAAGAACACTCACCACGGCGAGATCGATGTGGGTGCGGGCGCGCTCGGCGGCATCGACGTCGCCGAGTCGCGCGTCGAGTTCCGCGCGGCGATCGATGCCGCCGGCCTCGACGTGGCGCCACCGGCTGTGGAAGGGGATGTCGAGGTCGGGGTAGCGCTCGCGCGTCAGCGCCGACACGAACTCGACCACCGTGCCGATGCGTGAGTCGTCGACCGTGAAATGGGCGGATCGGCCGGCACGGGCGGAGGCGAGGAGATCACCTGCGCGACGCCGGATCTCGGCGGTCGACCGAAGAGCGGCGGGCCCGTCGAGGGTGCCCACCGACGGCGTCGAGGACCGGCCAGCGGGTGAGCTCATCGGCTCAGCCCCCGGCCCTTCACCTGACGCAGGTCGTCGGTGGTCGGCACCGCGCCGCTGGTGAAATAGCCTGCGGCTGTTTTGGCGTCGATCTCCACGCGCGCATCCTCCGGGATGAGTTCGGGTGGTATGTCGACGCGTTCGCCGACCTCGATGCCCGAGCCGGTGATGGCGTCGTATTTCATGTTGCTCATCGACACCAGCCGGTCGATACGGGTGATACCAAGCCAGTGCAGGACGTCGGGCATGAGTTCTTGAAAACGCATGTCCTGAACGCCGGCAACGCAT
NZ_CP116236.1_gap80	2374197	2374810	613	TGGTGACCACCGCGGCGATGATGGTGCCGATGACGGCGGTCCCCAGGCTCGTGCCGACCTCCTGGGCGGTGTCGTTGAGCGCGGTGCCGATGGACGTGCGGTTGGCCGGCATCGCCTCGACGAGGGCGATGGCACAGATGGTCATCACCGTGCGCAGGCCGATGGTCATCACGACCATCGAGAGCGCGATGACGAGGTAGCCGTGCTCGACACCCCATGCCAGGCCGCCGAGCGATCCGGCCAGGCAGGCTGCGCCGACGAGGCAGGCGATGCGGTGGCCGAACCGGCCGGCCAACCACTCCGAGATCGGCGTCGCGACGAGCATCGTGACGATGATCGGCAGGTTGGCCAGACCGGCCTTGACCGGACTCCAGCCGTAGGCGTACTGGAAGTGCAGGATCAGTCCGAACATCACGCTGGCCATCGCGATCGACGTGCCGATCTGGGCGATGGTGGCACCGCGGATCGTCCCGACCTTGAACAGCCGGACGTCGAGCATCGGAGCGGCCGAGCGGAGTTCGTGCCAGATGAAGGCCGCTGCGGCGAGCACCGCGCCGACGATGGAGGCGATGGTGGGCCACGACACCCAACCGTGCTCGACGCCGCTGGTCAA
NZ_CP116236.1_gap81	2379491	2382797	3306	GCGGGAGGCGCAGGTCGTCTCGATGTCTCACCGCCGTGTCGTGGGTGTGCACGCTCATCCGGTCAGCGTAAAACCGCTCGTGGCCAGGCGGTCTGAAATCGCGATCCCGTAACCACACCCGGACTCGTCGACCAACGGCCCGCGTTGCCACGCCAACGGTTCTAGGGTGGGCACCATGAGTCCCGAGACCGAGTCCACACCCGAGGTGGACATCAAGCCCCGCAGCCGCGACGTCACCGACGGCTTGGAGAGAACCGCAGCCCGAGGCATGTTGCGTGCGGTCGGGATGGGCGATGACGACTGGGTCAAACCACAGATCGGGGTCGGCTCCTCGTGGAACGAGATCACCCCCTGCAATCTGTCGCTGGACCGCCTGGCCACCGCGGTGAAGGAGGGCGTGTTCTCCGCCGGTGGCTATCCGCTGCAGTTCGGCACCATCTCGGTCTCCGACGGCATCTCGATGGGCCACGAGGGCATGCACTTCTCGCTGGTCTCGCGTGAGGTGATCGCCGACAGCGTGGAGACGGTGATGAGCGCCGAGCGCCTCGACGGCTCGGTGCTGCTTGCCGGCTGCGACAAGTCGCTGCCCGGCATGCTGATGGCAGCAGCGCGACTCGACCTCGCCAACGTCTTCCTCTACGCCGGTTCGACCCTGCCCGGCTACGCGACACTGGCCGACGGCTCCGAACATCAGGTGACGATCATCGACGCCTTCGAAGCGGTCGGCGCGTGTGCGCGCGGCCTGATGAGTCGCGCCGACGTCGACACCATCGAACGTGCCATCTGCCCTGGCGAGGGCGCCTGCGGCGGGATGTACACCGCCAACACGATGGCCGCGGTCGCCGAAGCCCTCGGGATGTCGCTGCCGGGCAGCGCTGCCCCACCGGCACCGGATCGTCGGCGAGACGAGTTCGCGCGCAAGAGCGGAGTCGCGGTCGTCGAACTCCTGCGCCGCGGCATCACCGCGCGCGACGTCATGACCCGCGAGGCATTCGAGAACGCGATCGCCGTGGTGATGGCTTTGGGCGGGTCGACCAACGCCGTCCTGCATCTGCTCGCGATCGCACACGAGGCCGACGTCGAACTCTCTCTCGACGATTTCGCCCGGATCGGTTCGCGCGTACCGCATCTCGCCGACGTCAAGCCGTTTGGCCGCCACGTCATGACCGACGTGGACCGCATCGGCGGCCTCCCGGTCGTGATGAAGGCACTCCTCGACGCCGGATTGATGCACGGCGACTGTCTCACCGTCACCGGGGCCACCATGGCCGAGAACCTCGCCCACATCGCACCGCCGGATCCGGACGGAAAGGTGTTGCGCGCCCTGGATTCTCCGATCCATCCCACGGGCGGGATCACCATCCTCAACGGATCCCTGGCGCCGGGCGGGGCGGTGGTGAAATCCGCAGGATTCGATTCCGACGTGTTCGAGGGGGTGGCACGCGTCTTCGATCGGGAGCGCGCGGCGATGGATGCCCTCGAGGACGGCACCATCACCGCGGGCGACGTCGTCGTCATCCGCTACGAGGGCCCCAAGGGTGGGCCGGGTATGCGCGAGATGTTGGCCATCACCGGCGCGATCAAGGGCGCCGGCCTCGGCAAGGACGTGCTGCTGATGACCGATGGCCGCTTCTCCGGGGGCACGACCGGACTCTGCGTCGGGCACGTGGCTCCCGAGGCCGTCGACGGCGGACCGATCGCCCTGGTGCGCGACCGGGACCGGATCCGCCTCGACGTCGGGTCGGGTACTCTCGACCTGCTCGTCGACGCCGACGAATTGGCGGCGCGCGCAGAAACATTCAGCCCATTGCCGCCGCGGTACACCCGCGGCGTCCTCGCCAAGTACGCCAAGCTGGTCACCTCGGCGTCACGAGGCGCGATCTGTGAATGAGCGCGTACCGACATCCCGGATACCGGCAGACCGCGGACCGGCAGGGTGGGGAATCATGAGGGCATGACCGCAACTCTCGTCGCCAAGGACCTCGCCGGTGGCCACGGCCCCCGCACCCTGTTCGAGGGACTCGACCTCACCGTGGCGCCCGGCGACGTGGTGGGTGTGGTCGGCGCCAACGGTGCCGGCAAGACGACGCTGCTGCGGATCCTTGCCGGGGATCTCGATCCACTCGGGGGTGAGGTGTCCTTGGCGCCGGCCGATGGCTTCGTCGGATGGCTGCCGCAGGAGCATGTGCGCGTTCCGGGCGAGACCGTCGCGCAGTATGTGGCGCGCCGCACGGGATGTGCGCAGGCGACCGAGGCGATGAATACGGCCGCCGAGATGTTGTCGTCGACTCGGCCTCCCGGTGCACCCGATCCCGCCGACACTTACGCTGCGGCACTGGATCATTGGTTGGCCACCGGAGCCGCAGACCTCGACGAGCGACTACCGGCGATCCTGGCCGACCTGGGTCTGCGCGGCGCCGGGCACACCGGGGACCTCGACCCCGGGTCCACGCTGATGACCTCACTGTCCGGCGGACAGGCGGCGCGAGTCGGACTCGCCGCCCTGCTGGCGTCACGCTTTGACATCGTGCTCCTCGACGAACCGACCAACGATCTCGACCTCGACGGAATCGAACGTCTGGAAACCTTCGTCGACGGCCTGCGCGCTGCGGTCGTCCTCGTCAGTCATGACCGAGAATTCCTGGCGCGCACGGTGACCCGAGTTCTCGAACTCGACCTCGCGCAACACACCACCACGATTTACGGTGGCGGCTACGACGCCTACCTCGAGGAGCGGGAGGTATTACGTCGCCACAAGCGTCAAGCCTACGACGAATTCGCTGACAAGAAGGCAGATCTCGTCGCCCGTGCGCGTGTTCAGCGGGAGTGGTCGAGTCACGGTGTGCGCAATGCGATCAAGAAGGCGCCCGACAACGACAAGCTGCGCCGCAAGGCAGCCGCCGATTCCAGCGAGAAGCAAGCCCAGAAGGTACGGCAGATGGAGAGTCGCATCGCACGCCTCGAGGAGGTCGCCGAGCCGCGCAAGGAGTGGATCCTCGACTTCTCCATCGGGCCGGCACCGCGGTCGAGCTCGGTGGTCGCCACCTTGGACGAAGTCGTGGTCCGGCAGGGTGATTTCGTCCTCGGCCCGGTCTCGCTGCAGGTCGACGCCGGCGAACGAATCGGCATCGTCGGTCCCAATGGGGCGGGCAAATCCACCCTGCTGCGCGCGCTGCTCGGCCGCGTCGAACCCGACTCCGGGCGGGCGTCGCTGGGCGCGAGTGTGGCGATCGGTGAGATCGACCAGGCGCGCGCCCAGCTCGGTGGGGGCAGCAGTGCGCTCGTCGAGCGCTTCGAAGAGTTGTT
NZ_CP116236.1_gap82	2426789	2430106	3317	CACGCATCTTCGCGAGCAGCGATTCGATCAGCTCGGCCTTGGCCAACGCGTGCGCCCGACGGGCATGCAGGGTCTCGATCAGGGTGGCCGCCTCGCCGACATCGCACGCCCGCACCTTGACCAGCAGATCGTCGCGCACGAAGGTGGGTTTGGATGCGGCCGAGACGAAGTCGACGAGTGCGGCACGCCCGGTGTCACTCAGGGTGAAGACGCGCTTGTTGGGTCGGCCCTGCTGGGTCACCTCACGACCGCGGATCAGGCCGTCGGCCTCCAGACGCGACAGTTCGGCATACAACTGTTGTGGCGTCGCGAACCAGAAGCTCGCAACCGCCACGTCGAAGGTCTTGGCCAGTTGATACCCACTGGCGCCGTCGTCGAGGAGTTCGGCGAGGATCGCGTGACGCAACGACATGCCCCCAGAGTAGTCAACAAATTGCCCCTATTGGGTATTGAGCCGGGCACCGTCGCGGGATACCGTCGAGGAACGCGCCGCTCGCCCACGATGGTCGGCGCCTCACGCGCCGCGAAGGAGAACGATGAAACTCGGACTGCAGCTGGGATATTGGGGTGCGCAGCCGGCACCGAACCACCACGAACTCGTGCTCGCCGCCGAGGAGTCCGGGTTCGACGCGGTCTTCACCGCCGAGGCGTGGGGCTCGGACGCCTACACCCCGCTGGCCTGGTGGGGCGCCTCGACGCAGCGGATGCGGTTGGGCACGTCGGTCTTGCAGCTCTCGGCGCGCACGCCCACCGCCTGTGCGATGGCCGCCCTCACCCTCGACCATCTCTCCGGTGGTCGGCACATCGTCGGCCTCGGTGTGTCGGGTCCGCAGGTGGTCGAGGGCTGGTACGGGCAGAAGTTCGAGAAGCCGTTGGCGCGCACCCGTGAATACATCGACATCATGCGGCAGGTGTGGGCGAGACAGGCGCCGGTGGTCAGCGACGGTCCGCACTACCCGCTGCCCTACACCGGGCCCGGTGCGACCGGACTGGGCAAGCCGCTCAAGCCGATCGTTCACCCGCTGCGGGCCGACATCCCGGTGATGCTCGGCGCCGAGGGACCGAAGAACATCGCTCTTGCCGCGGAGATCGCCGACGGCTGGTTGCCGTTGTTCTACACGCCACGGATGGCCGACACCTACAACGCGTGGCTCGACGAGGGATTCGCCCGGCCCGGCGCCCGCCGCAGTCGGGAGGACTTCGAGATCTGCGCGACCGCCCAGATCGTCATCACCGACGACCGCGACGCCTCCTACGCCGCGATCAAACCGTTCCTGGCTCTCTACATGGGCGGAATGGGCAGCGAGGACACCAACTTCCACGCCGAGGTCTACCGGCGCATGGGCTACGGCGAGGTCGTCGACGAGGTCACCTCGCTGTTCCGGTCCGGGCGCAAGGACGACGCCGCGGCGATCATCCCCGACCAGGTGGTCGACGATTCGGCCATCGTCGGCGATGTCGATCATGTCCGGGAACAGATCGCGGTCTGGGAGAAGGCAGGCGTCACCACGATGCTGGTCTCGCCGGGCAGTGTCGAGGAGGTGCGCCGTCTGGCATCGTTGGTCGCCGAGACCGCGTAGGTAGTAGCGTTGCGCGGCATGCGCATGCTTCGAGGAGTCCTCGCATCGATCGCCCTTCTCGCCGTGGTGATGGTGGCCGGATGTGGCTCGTCCGACGACGAGCCGCCGAGTTGGTCACTGAACGGATCGACCGGACGGGTCACGGTAACCGGGGCGAAGAATGACACCTCCGCCCCGCAGGTGTCGGTGACCACGCCGTTCGCGGTTACCGAGACGCAGGTGCACACGTTGAGCGGCGGTGACGGCCAGACCGTCGGGCAGGGCGCCAACGTCACCGTCAACTACGTCGGCGTCGACGGACGCACCGGACTGCAGTTCGACAGCAGCTACACCCGCGGCCAGCCCGCGCAATTCTCACTGGCACAAGTGGTTCCGGGATTCAGCAAGGCGATCGCCGGCCAACGCGTCGGCTCCACGGTCGCGGTGGCGATCGCCCCCGCCGACGGCTACCCCGACGGCAATCCGTCGGCCGGCATCAATGCCGGGGACACGTTGGTCTTCGCGATCGTCATCGTTTCTGCCGACGGCTGAGCCGTCAGGCGCCGACGTAGTCGGCGAGGTGGCGGCCGGTGAGTGTGGTTGGCTCCGAGACCAATTGGGCCGGGGTGCCGGTGAACACCACCTGACCGCCGTCGTGTCCGGCTCCTGGTCCGAGGTCGATGATCCAGTCGGCATGGACCATCACGGCCTGATGGTGTTCGATGACGATCACCGATTTCCCGGCGTCGACGAGGCGGTCGAGTAGTCCGAGCAGTTGCTCGACATCTGCCAGATGCAGCCCGGAGGTGGGTTCGTCGAGGATGTAGACATCACCCTTCTCCCCCATCTGTGCGGCCAGTTTGAGGCGCTGACGTTCCCCGCCGGACAGTGTGGTCAGCGGTTGTCCGATCCGTAGATAGCCCAGCCCCACGTCGGACAGTCGCTGTAGGATCTTGTGTGCAGCAGGGATTTTCGCGTCCCCGTCGGAGAAGAACCGCTCGGCCTGGGCCACCGACATCGCCAGTACCTCGTCGATGTCGGCACCGCCGAAGGTGTAGGTGAGTACCTCGGCCTGAAATCGCTTGCCCTCGCAGACCTCGCAGATCGTCGAGACCCCGCCCATCATCGCCAGATCGGAATAGACGACGCCCGCACCTTTGCAGTTGGGGCATGCGCCCTCCGAATTGGCGCTGAACAGAGCCGGTTTGACGCCGTTGGCCTTGGCGAACGCCTTGCGGATGGGCTCGAGCAGGCCGGTGTAGGTGGCGGGGTTGCTGCGCCGCGAACCCTTGATCGCACCCTGATCGATGCTGACGACGCCGTCGCGTCCGGCCACGGATCCGCCGATGAGCGAACTCTTCCCCGATCCGGCGACGCCGGTCAGTACCACAAGCACACCGAGCGGGATGTCGACGTCGACATCGCGGAGGTTGTGGGTGTTCGCGCCACGGACCTCGAGGATGCCGGTCGCCTCACGCAGGGTCGCCTTGAGTGTGGCGCGGTCGTCGAGGTGGCGGCCGGTGAGGGTGTCGGCGCCACGCAGTCCCTCGACGCTGCCCTCGAAGACGATCTGACCACCCTCGGTGCCCGCGCCCGGGCCGATGTCGACGACGTGGTCGGCGATCGCGATGGCCTCCGGTTTGTGTTCGACGACGAGCACCGTGTTGCCCTTGTCGCGTAGTTGTCGCAGGAGATCGTTCATCCGCTCGATGTCGTGTGGATGCAGCCCGATCGTGGGTTCGTCGAAGACATAGGTGA
NZ_CP116236.1_gap83	2507724	2510012	2288	GTGTTCTCTATGTGGGACGCGGGCTGGCGAAGGCGGAGATGATGGGTCCGGTGGAGGTCGGCGAGAAATACGGCGTGCCCAGCGAGCGTGCCGGTGCGGCGTATGCGGAGATGTCGATCCTGCGAGGAGATCCGTCCGATGGTCTGCCCGGGGTGAGCGGGATCGGCGAGAAGACCGCGGCCAAGCTCATCAACGAGTACGGCGGACTCGACGAGCTCGAGACCGCGGCCGCCGATCCGTCGTCGGCATTGACGCCGCGAAACCGCAAGGCGCTCATCGCTTCCGCCGACTATCTGAGCGCTGCACGCACGGTGGTCTTCGTCCGCACCGACGCGGAGACCGTGGAGAGCACCGACGACGACCGCCTACCCGCGGCACCGGCGGATCCGGAGCGTCTGGTCGAACTCGCGGCCGAACTGGGGATCGGGTCGTCGGTCGGCCGCTTGTCCAAGGCTCTGGGGTGGGATCTCGACGTGCCGCGCTGATCGCGTCCGGCCGCATGTCGTGGTGTGGCCCCGGTCGGCTCAGCTGGTCGGTCGCGCCACCTGGTATTTGCCGTCGTCGTCGAGGAAGGTGACCTTGACGTTCTGTTTCTGGCCGCCGACGGTCACGGTGCACGTGAAGGAGTTGCCCTTCTTGACCTTCTGGCCGGAGGGACAGCTCACATCGGAGACGTCGCTCGCCTGATACTGCTCGGTGAGTACCTGTTTGACACCGTTCTGAGCGGCGGTCTGATCCAGTTCCCGCGGCCACCACCACAGCCAGCCGGTGACCACGATTGCGATCGCCGCGACGATCAGGACTGCGCCGACCGCTATCAACCCCTTCCAGAGCCCCTTCTTCTGCGCGGGCGCGGCCATGCCGGCGAACTGGTCGCCGGGTGCTCCATACGCCCCGTAGGGGCCCGGCTGTCCGGGCTGTCCCGGTTGCGGCTGGCCGAACTGACCGAAACCCGCGGTACCCGGCTGACTCTGTGCCCCGTAGGGCGTGGTCCCCGGCTGCTGGCCATACGGCGCACCCGCCTGCGGGGCCGCAGCGCCGTACGGCGCTTGGGCGGCAGCGCCGTACGGCGCACTCGCCTGGCCGGGCTGCTGGCCGTACGGCTGGGGCTGACCGAACTGCTGGGGCTGACCATGGGGCTGGGCCTGGCCGAACTGTGCGGGCTGCCCCCCATACTGCTGCGGCTGGCTGGTGGGCGCCATCTGGGTCGGGTTGTACTGCTGTCCGCTCCCGTCGCCGAATCCCGTTGGCGCCGAGGGGGTTCCGTAACCAGGTGCAGGGTATCCCGGCTGTGCCGGCTGGCCGGGTTGTTGGGGAGGAGCGGGCTGCTGGGGTTGGCCGGGCTGGGCAGGGTATCCGGCGGGGGTGGCCGTGGTCGGCGGCGCCTGCGGCGGTTGCTGTACGTGACCCGGAATCTGCACGACCTCGGTCTTGCCGTCGGATGCGGGTCCGGTCGGGTTCGCGCCGGAGTCGGGTGTGGCAGGGTTGCCCGGACCCGCGTCACCCGCCGCCGGTGTGCCCGGAACCTTGTTGCTGGGGTCTTCCGGATTGGTCATCTGTGGTCTCCCGCCTTCGCTGCGCCGCTTGGCGTGCGCGTGTCGCCGATTCGCCCGACTCCATGGTCGGCGAACTCCCCCCGAGGTGCACCCGGCCTGTCCGCCGGCATCAGCGCGGGAGGTCGCCCACCGGCCCGATCAGCAAGAAACGTTACCCCAGCGACCGCCCTCGATCACTCAATGCGCCCGACGGCGACGAATGGTGTCGATCGGACGACCGAATATCGACGGTCAGCCCAGTTCGGCAGCGACCACGCCGCGGCGGATGGCGCCCACCGCGACGCGCGCGGGGCGCGCCAGCGGCGAGTCCTCACCCACGCACAGTCGGATCTGTTCGAGCAGGTCGACGACCTGTCGATTCCATCGGACGAAATCTCCGGGCGAGAGCAGATGTCCGCGTTCACCGGCCGCGGCGAGCGCCTCGGTCAGCGACCGGCCCGACACCCACAGCGAGACCGCAACGGAGAAGCCGGTGTCGGGTTCACGGGTCGGCGAGACGTGGTGGCGTGACTCGACGGCGGTCACCGATCGCCAGATCCCGACGGTGTCGGCGATCGCCGTGCGCAGTGCCGGATTGCCGCTCATCGCGTCGGCGCCGGAATAACTCTCGCGGCGCGACTCGAAGACCATCGCGGCGACGACGGCCGCCAGGTCCGGCGGTGAGAGCTTGTCCCAGATCCCCGCCCGGATGCACTCGGTGACCACCAGGTCGCTCTCGCTGTAGATCCGGCT
NZ_CP116236.1_gap84	2516348	2521078	4730	CCATCTCCGGATCCGGGCGCCGGTTCACCAGGTGTTCGACGGCGCGCGCGTGATACTCGCGCTGGATGTCCAGGGCGCTGGCCTGCCGACCACCGGCGAGCCGGACCGGGCGACGCCCCGTGGGGTCATGGCTGACCTCGCGGATGGCACGAATCGGGTTGTCCAGGGCGAAATCCCGGAACACCACGCCGGCCTCGATCATCTCCAGCACCAATGCCGCCGAGCCGACCTTGAGCAGCGTCGTCATCTCCGCCATGTTGGAATCGCCGACGATGACGTGCAGCCGCCGGTACTTCTCGGCGTCGGCGTGCGGCTCGTCGCGGGTGTTGATGATCGGGCGGGAGCGCGTGGTCGCCGACGACACACCCTCCCAGATGTGCTCGGCGCGCTGCGACAGACAGAAGGTCGCCGCCTTCGGGGTGGCCAGCACCTTCCCCGCGCCGCAGATCAGCTGCCGGGTCACCAGGAACGGCAACAGCACATCGGAGATGCGGGAGAACTCGCCCGCCCGCACCACCAGATAGTTCTCGTGGCATCCGTAGGAGTTGCCGGCCGAATCGGTGTTGTTCTTGAACAGGTAGATGTCACCACCGATGCCCTCGTCGGCCAGGCGCTGCTCGGCGTCGATCAGCAGATCCTCGAGGACGAGTTCACCCGCCCGGTCGTGGTTGATCAGCTGGACCAGACCGTCGCATTCGGCGGTCGCGTACTCCGGATGCGACCCGACGTCGAGGTAGAGCCGCGCGCCGTTCTGCAGGAACACATTCGACGACCGGCCCCACGAGACAACCCGCCGGAACAGATAGCGGGCCACCTCGTCCGGACTGAGCCGACGATGACCGTGGAAGGTGCACGTGACACCGAATTCCGTCTCGATGCCCATGATTCGACGCTGCACGTGATCAACCCTACCCGCGCGCCGCCCCGGCGACCTGCCGGACGCGCGACGCGAAATCCCCATCCGCAGCCGGGAAGAAAGTGCTCACTGCGGCGCGGGATCGGTGGAACCCGCGGTGGACTCACCCGGCTCATCCGAGGTGCCGACGCCATCGGTGCCGACGCCATCGGTGCCGGCTCCGTCGACACTCGCGAGCAACTCCGCGACGCGTGCGGCGGTGAGCCGCTTGAACGCCCGCCGGGGCCGATTGCGGTCGAGGATCGCGACCTCGAGATCACCCGGCGTGAGTTCCCGGGGCGTGGCCGCGGCACCGTTACCCGTGTCGGTGGGGGTCGCCAGCGCGGCGACAGCCACCGAGAGTGCATGCGCGAGATCGAGGTCCGCCGCATAGCTGTCCTTGAGGGCGGCCGCGATGGATTCGGTGGCACCGCCCATCACCAGGAACCGCGTCTCGTCGGAGATCGAGCCGTCGTAGCCGATCCGGTACAGCTGCGAGGGCTTCGGCTTACCGGGTCGGGCCACCTCGGCGACGCAGAGTTCGACCTCGTAGGGCTTGGCCTGTTCGGTGAACACCGATCCGAGTGCGTTGGCATAGGTGTTGGCCAGGCTCAGCGCCGACACATCGTTGCGGTCATAGCTGTAACCACGCATGTCCGCGAGCTGGATCCCGGCCTTGCGCAGACTCTCGAACTCGTTGTACTTACCGACGGCGGCAAATCCGATGCGATCGTAGATCTCACTGGTCTTGCGCAGCGTGTTCGACGGGTTCTCCGCGACGAACAGCACACCGTCGGCGTAGGTCAGGATGACCACACTGCGGCCGCGGGCAATACCCTTGCGCGCCAACTCCGAGCGGTCGCGCATGATCTGCTCGGCACTTGCGTAATACGGAAAGGTCACCGCGGATCTCCTTCGTGCTCGGCGGCGCGGCGGTCGATGATCGCACGCGCGGCCGCCTCGATGGCCTCCGAGTCGACCTCGTGGGCACCCTGCGCACCCACCACGACCGCCAGCGGGAAGATCTTGCGAACCAGATCGGGACCACCGGTGGCGGTGTCGTCGTCGGCAGCGTCGTAGAGGGCCTCCACGGCCACCGCCAGCGCGCCGTCGGCGTCGAGATCACGGCGGTAGAGCTTCTTCAGCGACGATTTGGCGAACACCGATCCGGAACCGATGGCGGTATATCCGCCGAACTCCTCGTGACGGTCGCCCGCGACGTCGAAGGAGAAGATCCGACCGCGCTCGGTCGGGTCGTCGTGATCGATGTCGTAACCGACCAGCAGCGGGATCGCGGCCAGACCCTGAAGCGCCGCACCGAGATTGCCGCGCACCATCGAGGCCAGCCGGCTCACCTTGCCGTCCAGCGTCAGCGGCACACCCTCGATCTTCTCGTAGTGCTCGAGCTCCACGGTGAACAACCGGATCATCTCGATCGCGATACCCGCGGTACCGGCGATACCGGCCGCCGAATACTCGTCGGTGATGTAGACCTTCTGCACATCCCGCGTGGCGATGAGATTGCCCATGGTCGCTCGCCGGTCGCCGGCGAGCACCACCCCGCCCGGATAGCTGACCGCCACGATGGTGGTGCCGTGCGGGATCTCGGAGGTGTCGGTGGCGGCGCTCATGTGCTGTGCTCGCGCCCCCGGCAACTGCTCCGGAGCGTGCACCCGGAGGTAGTCACTGAACGAAGAGATGTCCGCGCCAAGGGAAAGAGCCGGTCGCCGTACGGGATTGGGGAACAGTGAATCGAACCCGTCGCTCACTGGCCGCCCTTCTGGACATAGGCACGCACGAAGTCCTCGGCGTTCTCCTCGAGCACGTCGTCGATCTCGTCGAGCAGATCATCGGTGTCCTCGGTCAGCTTCTCGCGACGTTCCTGACCCGCACCGCCGTCCGAGCCGAGATCGTCGTCGTCCCCGCCGCCGCCGCGCTTGGTCTGTTCCTGCGCCATCTGCACTCCTTAGTGTTGGCGAAGCCTCCGGCTTCGCGTGTGTTCACGCCCGAGAGCACCACTCTTCGTCGTCGGAGACGTCGCTCGCTGCGCTCACTGGTCTCCTCCTCCTGCATCGCGGTGCGACGCGAACACGCCGTGCCACCATCACCCGAGCCGTATACGGGTTGTCGTCGTACCCGCTCGCTGGTGTATGACCACACTACCGGCGCAGACCCGTTCTGGGCGGTCGGAACACGACGACGTCCGCGAGGTCGATCAGGTCGTGAGCTGCTCGACGAGGTCGGCCGCGGAGTCGACGGAGTCGAGGAGCTTGCCCACGTGGGCTCGGCTGCCGCGCAACGGCTCCAGCGTCGGGATACGCACCAACGAGTCGCCGCCGAGATCGAAGATCACCGAATCCCAGCTCGCCGCGGCGACGTCGGCGCCGAAGCGTCGCAGGCACTCACCACGGAAGTAGGCGCGGGTGTTGGTCGGCGGTTCGGTGATCGCCCGCGTCACCTGCGCCTCGTCGACCAGACGTTTCATCGATCCGCGCGCGACGAGCCGGTTGTAAAGACCCTTCTCCAGGCGCACGTCGGAGTACTGCAGATCGATCAATTGCAGGCGAGGCGCCGACCAGCCGAGGCCCTCGCGCTGCCGGAAGCCCTCCAGGATCCGCAGCTTCGCCGGCCAGTCGAGGATGTCGGCGCACTCGAGCGGATCCCGTTCGAGACGGTCGAGGACATCGGCCCACGTGGCCAGGACGTGCATGGCCCGCTCGTCGTCGGAGTGTTCCCGCTCGTGGAACCGGACGCACCGGTCGAGATACTCACGCTGCAGCGCCAGGCCGGTGAGTTCGCGCCCGTCGGTCAACGCGACGGTCGCGGCCAGGCTCGGATCGTGACTGATCGTGTGCACCGCCTGCACGGGGCGCGCGAGTTCGAGGTCGGAGAAATCGACTCCGGCCTCGATGAGATCGAGCACCAGCGAGGTGGTGCCGACCTTGAGGTACGTGGCGGTCTCGGCGAGATTCGCGTCGCCGATGATGACGTGCAGACGCCGATAGCGTTCCGGGTCGGCGTGCGGCTCGTCACGGGTGTTGATGATCCCGCGTTTGAGGGTGGTCTCCAGCCCCACCTCGACCTCGATGTAGTCGGAGCGCTGCGAGAGCTGGTATCCCGCCTCGTCGCCGGACTGTCCGATGCCGACGCGGCCGGAGCCGGTGATCACCTGACGCGAGGCGAAGAACGTCGTGAGACCGCCGATGACCGCGGTGAACGGGGTCTCCCGGTTCATCAGATAGTTCTCGTGGGTGCCGTACGAGGCACCCTTGCCGTCGATGTTGTTCTTGTAGAGCTGCAGACGCGGGGCGCCGGGCACACTCGCAACGTGGCGTGCGGCGGCCTCCATGACCCGCTCCCCCGCCTTGTCCCAGATCACCGCATCCATCGGGTCGGTGACCTCGGGCGCGGAGTACTCGGGATGGGCGTGATCGACGTAGAGGCGCGCGCCGTTGGTGAGGATCATGTTCGCCGCCCCGATCTCGTCGGCGTCGATGATCGGTGCCGGACCCGAGCCGCGGCCGAGGTCGAATCCGCGCGCGTCACGCAGCGGCGACTCCACCTCGTAATCCCAGCGCGTGCGCTTGGCGCGGGGCACCCCCGCGGCCGCGGCGTAGGCCAGCACCGCCTGGGTGGAGGTCATGATCGGATTCGCGGTCGGGTCCCCCGGAGCCGAGATACCGTACTCGACCTCGGTGCCGATGATTCGCTGCATGCATCCGAGCGTAGAGGTCGGAGGCCGACGCCACCGATCCCACCCACCTGGGCATCGTTGGTCGGCACGCATGCACCGTGTGTCGGGATCGGGACGAGCTGATGAACGCCCGCCCCGCTT
NZ_CP116236.1_gap85	2524364	2528412	4048	GGACGCGGCGGGATCAGGTTGGGGTCGGCGGCCATCTTGGCGTTGAATCCATCGCTGCCCGGGATGACCAGCGTCAGCAGGCCCAGCACCACCGGCAGCAGGACCAGGAACGCCAGGTAGCCGACGTCGGCGAAGATCAGGCGTATCTGCCGGCGACCGATCGTGCTCGACTGTCGCGTGAAGCTGGTCTGCGGCACCGGTATCGGGGGCCCCGGCGGTCGCGGCGGTGGTGGTGGTGTCGGCGCTCGTCTGCCCTGCAAATAGCGCATGTGCGCGGTGTCGGGGGCATCGGCGACGAAGGCGAAGATCTCCGCCCAGTCCGAGGTGCCCATCGCGGCACCGACCTGTGTCGGCGGTCCGCAGTAGGCGGTCTTTCCGCCCGGCGCCAGCAGCAGCACCTGGTCGCACATCGACAGATAGGTCAGCGAGTGGGTGACCACCAGGACCACGCGGCCGGCGTCGGCGAGGCGGCGCAGCGTCGACATCACCTGGCGGTCGAGGGCCGGATCGAGGCCGGAGGTGGGCTCGTCGAGGATCAGCAGCGAGGGCCCGGTGAGCAGTTCCATCGCCACCGACGCGCGTTTCTGCTGGCCGCCGGAGAGCTTCTCGACGCGTGTGTCGACGTGCTCGGTGAGCTGCAGCTCGGCGAGCACACCGTTGATCACGTTGTCGCGGTCGGCTTTCGACAAATCCGGCGGCAGACGCAGCTCGGCGGCATAGCGCAGGGCCTGGCGCAGGGTGAGCTTGTGGTGCAGGACGTCCTTCTGCGGCACCATGCCGATCCGGGTGCGCAGCGAGTCGTATTCCTCGTGGACGCTGCGGTTCTCGAAGGTGACCCGCCCGCTGGTCGGCGAGTTCAGCCCGGCGACGATGCGCGAGACCGTCGACTTGCCTGCACCCGAGGGGCCGATCACCGCGGTCAGCGATCCGGGTCGGGCCGAGAACTCGACGTCCTGCAGGAGTTTCTTACCCCCGTCGACGACGAGGCTCACACCGTTGACCTGAAGGCCACCGGCGACCACATCCTGGGACTGGCCGCGCATCAGGCTTCCGCCGGACACCACGAAGTCGCTGTTGCCGATGGTGACGACATTGCCGTCGGTCAGCCGAACCCGTTGCACGCGTTGGCCGTTGACATAGGTACCGTTGACGCTTCCCAGGTCTTCGATGTACAGACCGTCGGGTCGGGACAGCACCCGGGCGTGATGGCGCGAGGCGAGTACGTCGCTGACGACGATGTCGTTGTCGGGGGTGCGGCCGATCGACTGTGAGCCGGCCAGCGAGATCGTCTCGCGGCCCGGACGTTCGGCGCGTCCGGGCAGCTGGTAGATCGCCGAGACGTTCTGCTTGAGTGCCTGCAGGTGCGGCGCATCGGCGAGTTCAGCGGGCATCGGCGCGACCGCCCCGGGTTCGTAGGAGCCGGGCGCCGGCACACGCATCGGTATCCGAGCAGAACCTGCAGCGACCGGTCGTGGACCGGATCCCGCCGGGCCGGGCGGGGCAGGAGGTGGGCGTCGTGGGGGTTGCGGCGGAGGCGGGACCGGCGAACCCGGCCGCGCGACGGCGCCGTACGGCTGCCCGGCGGGGCCCGCCGCCGGCGGGGCGTCGAGCGCCACCTCGACGAGCGGGCCGGTGGTCGCGTCACCGAGCCGGAAGCCCGCGCCGCCGGTCAGTGGCAGTTCGGACACCCGTTGCGGACCATGGAAGAAGCCGTTCGTGCTGCCTGCGTCGACAGCCCACCAGCCGGTCCCCCGCCACTCGATCGACAGGTGATGCCGAGAGACCAGCGGGTGGTTCACGACGACGTCGTTGTCGGGGGTACGGCCGATACGAACCCGTGGCGAATCGCCGAGTCGGTGCGTGATCCCGGCGACCGTCAGCCGGCCGGGGATCATCGAGACGCTGCTGTTCATCACCGACAGACTCTAATGCGTCCGAGGCCACCCGTCCCCGCCTCGTCGTGTGCATGACGGACAAATCGGGGGTGTCGGCGAAAGGTGCCGACGACACAGGTGGGGGTCGGACGAGAGCTGCCCACTCCCGAATCGGGAGTGGGCAGCGCCGAGCCGGTCCCGGACCGGTGTCGACCTAGAGGTACTGGCCGGTGTTGGTCTCGGTGTCGATGGCGCGGCTCGCGCCCGAACTCTTGCCGGTGACCAGCGTGCGGATGTAGACGATCCGCTCGCCCTTCTTGCCCGAGATCCGGGCCCAGTCGTCGGGGTTGGTGGTGTTGGGCAGATCCTCGTTCTCGGCGAACTCGTCGAGGATCGAGTCGAACAGGTGCTGCACCCGCAGACCCGGTGCGCCGGTGTCCAATTGCGACTTGATGGCGTACTTCTTGGCCCGGTCGACGACGTTCTGGATCATCGCACCGGAGTTGAAGTCCTTGAAGTACATGACCTCTTTGTCGCCGTTGGCGTAGGTCACCTCCAGAAAGCGGTTCTCATCACTCTCGGCATACATGCGCTCGACGACCTTCTCGATCATCGCGTTGACGCATGCGGTCCGGTCGCCTCCGAACTCACCGAGGTCGTCGGCGTGCACCGGTAGTGACTCGGTGAGGTACTTGGAGAAGATGTCGATCGCCGACTCGGCGTCGGGACGTTCGATCTTGATCTTCACGTCGAGTCGTCCCGGCCGCAGGATGGCGGGATCGATCATGTCCTCACGGTTGGAGGCACCGATGACGATCACGTTCTCGAGGCCTTCGACACCGTCGATCTCGCTGAGGAGCTGCGGGACCACGGTGGTCTCCACGTCCGAGGAGACACCGGAGCCACGGGTCCGGAAGATCGAATCCATCTCGTCGAAGAACACGATGACCGGGGTCCCCTCCGACGCCTTCTCCCTGGCCCGCTGGAAGATCAGGCGGATGTGTCGCTCGGTCTCGCCGACGAACTTGTTGAGTAGTTCGGGGCCCTTGATGTTGAGGAAGTAGGACTTGGCTTCCTTGGCGTCGTCGCCGCGCACCTGGGCGATCTTCTTGGCGAGCGAATTGGCCACCGCCTTGGCGATCAGCGTCTTACCGCAGCCGGGAGGACCGTAGAGCAGCACACCCTTGGGCGGACGCAGCGCGTAGTCGCGGAAGAGATCCTTGTGCAGGAACGGCAGCTCGACGGCGTCGCGGATCTGCTCGATCTGCCGACCGAGGCCACCGATGTCCTCGTAGCCGACGTCGGGCACCTCCTCAAGCACGAGATCCTCGACCTCGGCCTTGGGGACGCGCTCGAAGGCGAAGCCCGCCTTGGTGTCGATGAGCAGGGAGTCACCGGGGCGCAGCTTGCGACGCTTGCCGTCCTCGCCGTCGACCTCGCCACGTAACGGCTCGGCCAGCCACACCACGCGCTCCTCGTCGGCGTGCCCGACGACGAGTGCGCGGTTGCCGTCACCGAGAACCTCACGCAGCGTGCTGATCTCGCCGACCGAATCGAAGTCGCAGGCCTCGACGATCGTCAGCGCCTCGTTGAGGCGCAGGGTCTGACCCTTGTGCAGCACCTCGGTGTCGATGTTCGGCGAGCACGTCAGGCGCATCTTGCGCCCCGAAGTGAACACGTCGACGGTCTGGTCCGGATGGATCTCGAGCAGCACGCCGTAACCACTCGGGGGCTGTCCGAGCCGGTCGACCTCTTCGCGCAGGGCGACGAGTTGCTGACGCGCCTCTTTCAGGGTTTCGAGGAGCTTGGCGTTGCGGGCGGTGAGGTTGTCGACGCGATCCTGGAGATCCTTCGGATCCGACGCCCGGGTGAACGCCGAGCGCTCCCGTTCCGCACGCGCCGCGGCCAGAGGCGGGGTGTAGGCAGGGGTGAACGTCTCCCCCGCATCGACGTCGCGCGTACGCGCGGGGTCGACGTCGCGCGCATGCGTGGACTCGCTCGGGTCATTGCTGCCCGTGTTCTCCACCGAGGCTTCATGGCGATCAGATTCGGTCATTACTGACTCCTCTCCCCGGCAATCGCTCCCAATGGAGCGCTTGCGCCGTAACACCACGCTACCGGCAGGAGAGAAGAATCGCCGTGCACTGTGCGAGGAGAGATGTTGATGGTGTGTT
NZ_CP116236.1_gap86	2552720	2553843	1123	CGATCGAGGTCGGCGCGCAGTGACACCGGGACCTCCACCCGGGCCACGGCGTACTCCTGGCTCATGTTGCCCACGCGGGCGATCTCACCGTTGCGGACGTACCAGAGGGTGCCGTCCACGTCGCGCACCGTGGTGATGCGCAATCCGACGCTTTCCACCGTTCCGACGGCCTCGCCGAGATCGACGGTGTCGCCGACACCGTATTGGTCCTCGAGGAGCATGAACACGCCGGTCACGAAGTCGCGCACCAGGTTCTGCGCCCCGAACCCGACGGCCAGACCGATCACGCCGGCAGAGGCGATGAACGGCGCGATGTTGACGCCGAGCACCGACAGGATCGCCAGTGCCGCCCAGGTCAGCACGATGATCGACACCGTCGACTTCAGCACCGACCCGATGGTGCGTGCACGTTGATAACGCCGCTGTGCCACAGCTGCTTTCGTCGCAGCCGGGGTCTTCGCCCCGGTTGGCGAACGTTCGCGCAGATGCCGGATCAGGGCCGGTGCCCTGCGGTCGGCGCCGTCGGGGTTCCCACGGGTGGCGCGATCGACGAGGCGATGGGCAACCCACCGCACGATCAGCGCCCCGACGATGTAGCAGACGATGCGAATGGGCCGTTCCACCAGCCACATTCGGTTGGTGTCGGTCCATTCGAAGGCGAGCTGCGTGATGGGGCCATGGGCCGCGCCGAGAGTCGAAAGGTCCATGCCCCGACGGTACGGAAATCCCACGATCCGTCGAACCCGCTGCGCAGCGGTGGTGGATGCACCGGAATGGGCGGGTGAGCACCGGCAGGTGGGAGACTGGTGCGGTGACCCACCGTGTGTTCTTCGACTGCGATACCGGGATCGACGACTCGCTCGCCCTGCTGTATCTGCTCGCCCGCGACGACGTCGATCTCGTCGGGATCGCCAGTACGGCCGGCAATGTGCCGGCCGATGTGGTCGCCACCAACAACCTCGCGTGGCTCGCGCTCTGCGGTCGCGAGGACATCGCAGTCCATCAGGGGGCGCCCGGCCCCCTGGTTGCCGACCTGATGACCACCGAGGACACCCATGGGCCGCTCGGGGTTGGCTATGCCGAGCTGCCGACCCCGACGCAGACCGTCGCAGGACTCGACGCC
NZ_CP116236.1_gap87	2561045	2563853	2808	GCCGCCTTCTGCGGGCGGCTCGCGGGCACCGACGACGTCGTGCTCGGCTTCCCGATGATGAACCGGCTCGGCTCCCCCGTGGCCAACTGCGCGTGTTCGGCGGTCAACGTGATTCCGTTGCGCGTCCACACGCCCGCACACCGCTCGATCGCCGAGATCGCTGCCGGGGTCACCGACCGCCTGCGTACTGTCTCCCCCCACGCCCGATACCGTGGCGAGGACATCGTTCGGGACCTGCGGCGACGAGGCGTCGACGGCGCGACCGGTCCCACGCTCAACATCAAGCCGTTCTCGGCGACCGTCACCGTCGGCGGGCATGTCGCCGACGTGCGGTCGCTGGCTCGGGGGCCGCTCGTCGACATGGCGATCACCGCCGCCGACCTCGACGGCGATCTCGAACTGGTCCTCGACGCCGACGCCGACCTGTACCCACCACGGCGCGTCGACGAGATCGCCGGCAGCATAGCCGAATTCGCCGAGGCGGCGGCCCGCACCATCGACTCCGTGCGCCCCGATTCTGGGCCCACCGTGGGCATCGGCGCGGTCTCGCTGGACGGCGCTGCCGACGAGCGCCGCGCGGCCCGAATCCGCGACGAGGACGCCAGGACTCGCACCCCGATCGGCGCGACATCTCTGCTCGATCGGATCGCCGCCCAACCCGCGGACGCGATCGCGCTCATCTGTGGCGCGGCGCGCATCGACCATCATGAACTACGCACCCGTATCGCCTCGGTGTCCGACGAGCTCGGCGCACTCGATGCCGAGGACATCGTCGCCGTCGCGCTGCCCCGCGGGGTGGATCTCGTCCTCGCACTCCTCGCCGTCCATCGCAGCGGCGCGGCATTCCTGCCGCTCGACCCGGGTTTTCCGGCCGAACGGATCTCGGCGACCCTCGCCGATGCCGACCCGGTTGCCGTCGTCGAGGAGGGCCCCACCGGGGTGAGTGTCCGTCGGCTTCGGGAGCACACCGCCTCGTCGACCCGGCGTGCCGGCCGTGCCGGCGGTCGGGACGGCGATCCCGCCTACGTGATCTACACCTCGGGCTCGACCGGCACCCCCAAGGGTGTCGTCGTCGGGCACGGCGCACTGCGCAACTTCACCGACGCGATGATCGACGAGATCGGCTATCGGCCGGGGCGATCGGTGTTGTCGGTCACCACCATCGCCTTCGACATCGCCCTGTTGGAAACCCTTGTCCCCCTTGCCGCGGGCGCGACGGTGGTCCTCGCCGACGCCGACGACGTCCACGATCCCGGGCGGCTCGCGGGGCTGCTGCGCACCCACCGCATCGACCACATGCAGGCCACCCCGTCGTTGTGGTCGGCGCTGTTGGACTCAGACCACGCCGAGGCCCTACGCGGGGTCGACGTGCTCGTCGGCGGGGAGGCACTTCCCACCCGGGTTGCCGCCGGCCTGCTCGATGCGGCGGCATCGGTACGCAACATGTACGGACCGACCGAGACCACCATCTGGTCGACCACCGCACCGGTGGTCGATGAACACGCGATCGTGATCGGCTCGCCCATCGCCAACACCGGGGTCCGCATCCTCGACGCCACCCTGCGCCCGGTCCCCGACGACGCGATCGGCGAGCTGTACCTCAGTGGCGCCGGACTGGCCCGCGGATACCACCGACGAGCCGGGCTCACCGCCACACGTTTCCTCGCCGACCCGTTCGGGGCGCCCGGGACACGCATGTACCGCACCGGCGATCTGGCTCGCCGCAGGACATCGGAACACAGCCGGGCCACGGGGCAGATCGAATGCCTCGGCCGCACCGACCACCAGGTCAAGATCCGCGGTTTCCGCGTCGAGCTCGGTGACATCGAAACCGCCCTGGCAGAACATGACTCGATCGAGCGCGCCGTCGTGGTCGAGCGTGACGGTCGGTTGGTGGCCTACGCGACCCCCGCCGGAGAATCCGGGATCGACGCGTCGGCGCTGCGATCACATCTGGCCCGGCGGCTGCCGGACTACATGATCCCGGCCACCGTGCAGGTGCTCGAGGCGATCCCGCTGACCCCCAACGGCAAGGTCGATCGCACTGCGTTGCCCGCACCGGACTTTCAGGCTCTGGCCGGTCAGGGTCGGGCCCCGGTCACCGACACCGAACGCATCCTCGCCGAGATCGTCGGCGAGGTGCTCGGGGTTGCTGGCGTCGGCGCCGACGACGACTTCTTCGTTCTCGGCGGAGACAGCCTCACCGCCGTTCGCGTCGTCGCCCGCGCAGCCGTCGGAGGTGTGCGTCTCACCCCTCTCGACGTGTTCGACCATCCGACCGTCGCCCGGCTCGCGGCAGTCGCGTCGATCGTCTCCCGATCGGCGGGCACCGATCCGGGCGGCGATCCGGAGCGCGGTACACCACCACACGAGCACCGCCTGCAACCCCGTGCGCACACCACCGCGGGGATCGACGCCGACGAGCTCGACGACCTGATCGGGGAGGACCTGCTGTGAGCGCTCCGAAGGCAACAGATGGCGCCGTCACCGAAAGCGTTGACACGCAGGCAAAGCCGGCGCTCGAGGACGTGTTGCCGCTGACCGCGGTGCAGGAGGCGATCGTCTATCACTCCACGCGGTCGCGCGAGCACGACTCCCACGACCCGTACCTGATCATCGCCGATCTCGACCTCGCCGTCGTCGCGTCCGGTGCCGACTCCGGCGATGTCGACGACTCGGCGCTACGGTCGGCGCTGGAGACGGTGATCGCCCGGCACGCCATGCTGCGGACCTCTTACACGCGACGACGTACCGGGGCGCCGGTCGCCCGCGTGCACACCGAGGTCGAGATCCGGATCGACACCGTCG
NZ_CP116236.1_gap88	2585832	2590367	4535	TCTGGATGGCGCAGGAGGTGGGCGGGGTGACGGTCGGCTCGCTGGTCGCCGGAGCGTACGGAGCCATCTGGGTGGCCTCCGACGCGGTGATCTACTTCGGGCTGACGCTGCTGGTCCTGTCGCTGATCTGCGCGGTGGTCCTGCGCTCGCTGGTGCGCGTGCGCGGCGAACGCCCGACCGCGATCCCCGTGTCCTGACCCGCACGGTCAGCGGGTGAGCAACTCCCGCAACTTCTTTCGGCTGACCTTACCCACCCCGGTCTCGGGGAACGCCTCGATCACCTCGATGGCGTCGGGGAGCTTCCATTCGGCGAGGCCGGAGTTGCGGACGAAGGCGCGCAGGCCCGCCAGGGTGGGTGGGTCGTCGGTGTCGACGGGCACCACATAGGCACAGGTGCGCTCGCCCAGGTACGTGTCGGACGCGGCGACGACGATGGCGTCGCGGACAGCCGGGTGGGCCAGCAGATGCTCCTCGACCTGTTCGGCCGAGACCTTCTCACCGCCGCGATTGATGCGGTCGGCGGCCCGCCCCCGCACCACGAGGTTGCCCTGCGCGGTCAGTTCGACGACGTCACCGGTGCGATACCACCCGTCGGCGGCAAACGACTCCGGGCTCGCGTCGCGCCAGTAGGAGCGAATCGTGTAGGGGCCCTGGGTTTCCAGGAAACCCGGACCGTCGGTGACCGGCGCCCCGTGCTCGTCGACCAGCCGCAGCTCGTCCAGCGACGACATCGGTCTGCCCTGCGTGGAGGTGATCTGGTCGTCGGGATCGTCGAGCCGCGTGTAGCAGACCAGACCCTCGGCCATCCCGAACACCTGCTGCAGCCGCACCCCCAGAGCGGGGCCGATCCGCCGCGCCAACTCGTCGGGACACCGCGCGCCGCCGACCTGCACGGTCTGCAGACTCGACAGGTCCAGCGAGGTACCGGCCTCGGCAGTCTCGGTCCACAGCCGGGCCAGCGGTGGCACCAGGCCCACCATGGTGACCCGTTCGCGCGCAACGAGTTCCCAGGCGACCGACGGCGTCGGGCTCGGCGAGAGCACCACCGTCGCGCCGGCATACAGCGCACCGAGGATGCCCGGCGAACTCATCGGGAAATTGTGCGCGGCGGGCAACACGACGAGATAGACCGTGTTCTCGTCGACACCGCAGACCTCATTGCTGCGCCGCACGCTGTACAGGTAATCGGCAGCCGTGCGCGGGATCAGCTTCGGCACTCCGGTACTGCCGCCGGAGAGCTGCAGGAAGCCGAGCTGCTCGGGATCGGCGCGAGGATGCTCGAGCGGTTGCGCCCAGAGCTCCTCGAAAGTGTCCGAGTCGATGAGCAGCCGCACCGAGTCGACCGCGTCGGCCACGCGTTGTGCCAGAGCCCGGTAGTCGACGCCGCGACCGCTCGCCGGAGAGATGATCGCCACCGCTGCGGCCGAGCGGGCGATGCCGACCAGTTCGGTCTCGCGGTGGGCGGGCAATCCGAAGACGGGCAGGGCGCGTACGCGGAACAACGCGAACACCGCCTCGACGTAGGCCACCGAGTTCGGGATCTGCACGATCACCCGGTCGTCGACTGCGATACCCAGGCCGACCAGCCCGGCCGCCAGCCGCTCGACGCGTTCGTCCAACTCGGCGTAGGTCAGCGAGCGCTCGTCGTCGACGACGGCGATCTTGTCGGCGAAACGCCGGTCGCGGGCTCGCGTGGTGAGGATGTCGTCGAAGTTCTCGCCCGTCCAGGCACCTGTCGTGCGGTACTTCTCGGCGAGTTCGGGGGGCCAGGGCGTCGCGTGCACAAGGTGAGGCTACCCTAATGCTGTGTCCATTCCCCCGATCGCTCCGTACCAGATACCCGTGGGCCCCTTCCCCGCCCGCGTGGAATGGACGTTGCAGCCAGAACGCGCCGCGCTGCTGATCCACGACATGCAGCGCTACTTCATCGACGCCTACCGGCTCGACCACGAACCGATGGCCACGGCACTACCCAATATGATCGCGATCCGCGAAGCATGTTCGGCGGCAGGCGTTCCGGTGGTCTACACCGCCCAACCCGGCGATCAACATCCCTCGCGACGCGGCATCCTCTCCGACTTCTGGGGCAAGGGACTCTCCTCCGGACGCGACGAGGAGATCATCGAGCAACTCACGCCACGTGACGGTGACATCTGCGTCACCAAGTGGCGATACTCGGGTTTCCAGCGCACCGACCTACGCCAACTGCTCGCCCACCACGGCCGCGACCAGTTGATCATCGTGGGGGTCTACGCCCACATGGGCTGCATGATCAGCGCCACCGACGCGTTCATGAGCGACGTCGCCCCCTTCTTCGTCGTCGACGCGATGGGTGACTTCTCCCGCGACGAGCACCGGATGGCCGCCGAGTACATCGGCAAACGCGCCGGACGGGTCGTCCGCGCCGCACAGGTGTTGCGCGCTGTGCAGGTAGCGGCCACAGAACACGCCTCCGACGGTGTCGGCACGGATCGGTCCGGAGTCACGGCGTGACCGGAGGATCCACCGCCGGGCCGGCCGGGCCGGCCGGTGAGGTCGCCCTGGTGACCGGCGCCGCGGGCGGCATCGGGTCTGCCGTCGTCGACGCCCTGAGGGCCGCCGGTGCCACCGTCATCGGATGGGACCGTCAGCCCGACACCGATATTCGTGCCGTCGACGTGACCGATCGCGACGCCGTGCGCGCCGCCTGGGACGAGCTCGACACCGAACACGGTCCGATCGGTGTGGTGGTCGCCGCCGCCGGCGTGATGAGCGACGACTGGGACACCTGCATGGCCGTCAACGCCGGTGGCGTCCGCAACCTCCTCGACGTGGCCCTGCCCTCGATGACCGCCCGTCGACGAGGCTCGGCGGTGGTCGTCTCCAGCAACGCCGCCACCGTGCCGCGCACCGCGTTACCGGCGTACGCGGCATCCAAGGCTGCCGCGACCTCCTACGCACGGTCACTCGGGCTGGCCGCGGCCCCCTCCGGCGTACGCGTCAACATCGTCTCCCCCGGGTCCACCGACACCCCCATGCTCCGGGGTATGTGGGCCTCCGATGCCGATCGCGACACGGTGCTCGTCGGCGACGCCGCCCGCTTCCGGTTGGGCATACCGCTCGGCCGGATCGCCGACCCGGCCGACATCGCCGAGACCGTCGTCTTCCTCGCCTCGGATGCGGCGCGCCACGTCACGCTGCACGACCTGCGGGTCGACGGAGGTGCGACGTTGGACATGTGACCCCGTCGCCACGGGCAACGCCGCACCGGACGACACCTCGCCCGCCGAAATCCCCACTCCTCCCACACAACTGATTGGATTCTCGTGAAGAACACACGACCGATGCTGCGCGGCCTGGTGGTGGCCGTCGCGGTGGGCCTGATCGCCTTCCTCGGCGCCTGCTCCTCCCCCGACGACAACTCGGCACAGAGCAGTTCGTCGTTCACCCCGGTGACCATCGATCACGAATACGGCTCGACGGAGATCACCGCCAAGCCCACCCGCGTGGTGACACTGCTCAGTGACTGGACCGATACCCTTGCAGCACTGAATATCCCGATCACCGCGGCGTTCGTCCCGAAGGGCACGCCGACGTTCTCGTGGACCCCCGCCAACAACGCACAGATCGTCGAGGTCGCCGACCCGACCCAGGTGACCGTCGCCGAACTGGCCAAGTTCAACCCCGACCTCATCCTGGCCGGCTACCTCGGCAGCGAGGACCAGTACAACAAGCTCAAGGAGATCGCCCCGACGATCCCGGTACTGACCAAAGGCGCCACCGCCGACACCTGGGAGCAACTGACCACGACGGCCGGTAAGATGTTCGGCGTCGGCGATCAGGCACAGAAACTGATCGATGCCACCAATGGTGAGATCTCGACGTTCAAGTCGAACAACGCCAAGGCGCAGGGCAAGACCTTCACCTTCGCGCAGGTGGGCCCGACCGGTCAGGTCGGGGCGATCAACTCCACCAAGGATGCCGCTGCGGGCCTGATCGCCCAACTGGGCTTCACCCTGAACCCGCAGGTGGCCGCACTGCACAACGGTCAGTCCACCCGTGCGCTGATCTCGCCGGAGCGGATCGACCTGCTGAACTCGGATCTGCTGGTCGTCTATGTTCCCGGCGGCAACAACGCCGTGGTGAACCAGGTACCCGGCTGGAGCAACCTCACTGCCGTCAAGAACGGTACGGTCGTCTACCTCGACGACAAGACCCAACCCGCGTTCAGCGTGCCCAGTGCGCCGTCGGTCGGGTTCGTCATCGACACCCTGAATCCGGTGGCCGCCAAGCTCTGACCCGCGTGCGACCGACCCGCTGAAGAACACCGGCGCCGCACCTCGAAGGTGCGGCGCCGGTGTGCGTTCGGGTTGTCGGGTCAGCGGTTGTCGAAGGTCTCGATGATGCGCTGCGCGCCGAGCGCCGGGGTCAGCGTGGCCTCGCGTACCTGCTGCTCGACCTCGGCGCGCACCGACTTGACCTCCGGGGAATCGGCGAGGCGTGCCAGCACGGTCTCGCGCGCCATCTCCCACATCCACTCGATCTGCTGACGATTG
NZ_CP116236.1_gap89	2594368	2596948	2580	CGGCACCGAAGGCGGCGATGGTGCTGCGCAGCATGTTGACCCACGGATCACGCTGGCTGTACATCGACAGGTCGGTGACCGCATGGGTCAGCGCGCCACCGGAGTTCGGTGCGCCGATCACCTCGGCCACCCGAGCCCAGATACGCCGCAGCGCACGCAGTTTCGCGATTCCGGCGAACTGATCGTCGGCGACCGAGACGGCGAAGGTGAGCTGTTCCAGCGCGGCCGCGGGGTCGAGTCCGGCGGCGGTGAGATCACGCAGATGCGCCACCGCGGCAGCCACCGACAGGGCCAGTTCGAGTCCGTTGTCGGCACCGGCGGTGGCGAAGTCGGTGCCGTCGACCCGGAGGGTGCGAACCGCGGCGCCGTGCGCCCCCGCGACCTCGACCGCCAGTTCCGTGGCCGCCTCGGGTGCCACCGTGGGCCGTCCCGAGTATGCGGCGGTCAGCGGTGAGAGCCCGAGGGACAGCGTCGTCGCCGCGGTCGGCGCGGCGGTGTTCGCGCCCGCGGGCGCACCGTCGAGGACGGCGAGCAGGGCGCGTGCGGCCTCGATACCCGAGGCGCCGCCGTCGAGGGTGATCGGCACGAGGTCCAGGTAGACACCGGACAGCACGGTGGCGAGGTCGTCGGCGGTCAGTGCACCTCCGACGGCCAGCCACAGGCCGCTGGTCCCGTTGTTCATCGCCTCGAGGATCTCGGTGTTGACCTGTTGGGCCGATGCCGGATCGTCGCCGAATCGTTCGGTCACCCGCCAGCCGGTGAGGACGTCGCGGTGCGGGTCGGCCCCACGGACGTAGGGGAAGCCACCGGGGACACCGGGTTCTGCGGTCTCGTCTCGGCGCGTGTAGAGCGGGCGGACGGTCAGCCCGTCCCGGGTCTGCGTGGACAGCAGTGCCTCGGGGGTGTCGGGGAGATCATCGACCTCGACGCGCCGCGACTTGGCGAGCACCCCGGCCGCGGCCCGCGACCATGTCTTGTATGCCTCGTCGAGCGCCTGTCGGGACTGCTCGGGCTGTTCGCTGTGCTCGGGCATCGTGCTGCACACACCTCCATCATGCGCTCGGTCGAGAGCGTAGTTGACCTTAGCCGATCGCTCGCTCGGTACCGCACAGTAGGCCCGTGTCGTGACGTATGCCACGTCCGACACGCCTGGCCCGGCGGACTCGGCCGCGATCACGCGGGAGCCGGTCGAGCGGACCGCCCTAGAGTGGAGCGGTGCGTAACGATCGCAGTGGTTCCGGCGAGTCCGTGGCACCCGCCTCGCCCGAGCCGCCGATCCCGTCGGGGTCGCCGGGCAGGTCCAGAGATGCGATGACCACCCAATCGCGCCGCAGTATCCGCAACGCGGTCCTCGGACTCGTCGCGGTGTGCGCGGTGCTGGCCATCTCCTATCTCGTTCCCCTTCCCTCGGTCGGCAGTGTGCGCGCCTGGGGCGAGAATCTCGGGCCCGCCTTCGTCTGGGTGTTCTTCGGCGCCTACGTGGTATGCACGGCACTGCCGATCCCCCGCACCATCTTCACCGTCATGTCGGGGATTTTCTTCGGTCCCGTCGTCGGCGTGATCGGCGCGATGATCTCGGCAACCCTGGCGGCGTACCTGGCGTTCCGGGTGGCCCGTGGTGTCGGGCGGTCCCGCATTCAGCCATTCCTGCAGCGGCCGGTGATGCGAGCGGTCGAGTACCGGCTGGCCGCGCGCGGCTGGCTGGCCGTCGGGTCGCTGCGGCTGATCCCGGTCTGTCCGTTCTGGCTGCTGAACTACTGCGCGGGACTCTCCTCGGTGCGCACCGGCCCCTATCTGCTGGCGAGTGTGACGTGCATGGCCCCGGGAACCGTGGCGGTCGTGCTTCTCGGCGACGCGCTGACCGGTCGACAGAACCCGTGGTTGCTGGCTCTGAGCGCCACGTTCTTCGCGATCGGGGTCATCGGGCTCGTCGTCGACGTGCGGACACCCCTTCGGCCATCAACTTCTCAAACTTGATTTATTCATATCAAGTCATTTTGCTTGATATACCGATGACAAGTCCTCATACTTGTGGCATGAGGCACCACGGGCCGCGGGGTCCCCGCAACCGCAGTCGCCGCAACCGCCCTGTCGGTGGCGGGTGATCTGCTGTGTTCGTGATGACGATCGACCAGCGCCGGAGCCGGACGGACCGCGACCGCGTTCCCGACCTGCTCACCGCCGTTGCCGACACCCCGGTCCTCCGACCCTTCGACCGCACCGCAGGCGACGAGGTCCAGGCCGTACTCACCGACCCGGACGCCGTCGTCGCCGTCACCCTGCTGCTGGCCGACGAGGGACATTGGAGCATCGGCATCGGCATCGGCGACGTCGAGACACCGCTCCCTGCGCAGACCCGGGCGGGCCGCGGTGAGGCGTTCGAGCATGCGCGGGCCGCGGTGGAAGCGGCCAAGGCCGCGCGGCCACCGCTGGCGGTGCGCGGAGCGTCCCGGTGGGCCGAACACGCCGACACCGCTCTGCGTCTGCTCACCGAGATCGTGATCACCCGCTCGGCCGCGGGCCGGGAGGCCGTGTCGCTGGTCCGTGGCGGCCTGCGACAGACCGCGGCGGCCGAAGAGC
NZ_CP116236.1_gap90	2756535	2761393	4858	TTCGGGTAGATCTCCCGGTGCAGGGTGACCAGCGGTTCGAGCACCGGACGAACCGGGCTGCGGGTCGCGGTCATCCGGCGCGCGAGGCGGGCACGCACCCGCCGCGACGCGGACGAATGTTGTGGCAACGCATCGTTGGGGTCGCCCGCTGCTGCGGACTCGGCCACTGCGGACTCTGCCACTGCGGACTTGGTCACTGCGGACTCGACCGATGCCGACTCCACCTCGGCGGGTCCGGCGTCGGTGATCGGGCCCGCGGTGTTCGGCTCGTCGGCCATCAGACCCTCCCTCGGCTTCGGCGGTGGACGCGGCGGGCGCATCGGATCGTTGCCTCACACCACCGGTCGGTCCCACCACACATGTCGCAAGTCTAATCCGCACATTCGGGAGCACCGGCGGTCCGGCCGGAATGTGACGAGCCGGGCAGCCCGTGGCGGTATCACGGCTCAGCGATCGCCACGTATCCGCTTGAGCCGCGCCTTGCCGAGATTGGAGCGCACCACCCAGGCGACGTCGGGGTCCGGATCCTGTGACAGCGCGTCGAACACCGGCAATCCGGCGTCCGGGTCGGCGGCGACCGCGACGCTCCACCCGTATCCCAATCCCTTGCGCAAGGTACGGGTGTCCGGTGCGCGCCGGCGTGCGTCGGGGACGGCACGCAATACGTCGGTGGCCCGTCCGCACACGTCGATCGCGTGGGCGGCCATCTCGGGGGTCCGCAGCAGCCTCGGTTCGCAGATCGCGGCGACCGCGGCGCGGGCGAGCAGGGGGCCGGGTCCGTCCGCCCACTCCCGTGCCACCGCGGCCATCGAGTCGGGATCGTCGTCACCCCACCGTTGCAGCGCCATGGCCACGCCCTCCCGTAGCCGCCACCGCTCGTCGGCGGCGAGTTCGCGCAGCCGGACAAGACCTTTCGAGCGGTCCTCGGCCGAACGGAGCAGACGTCCGATCCCGGCGGCCCCGCAGGTGGCCCGGTATTCGTCGGCGTCATCGACGGCCTGCCAGATCGTCGTGGCGGACGCCTCCTCCACGAAGGCGGCCAGCAAGGTCAGGTTCGCCCGTGGCCCGGGCAGACCCGAGTGCGCATCCAGATAGGCCAACCACCGCGCCGGCGCGTCGCCCAAGGCGACGAGTTCGCGTCTATACTCCTCAACACCCATGCCCGCCAACGATTCTCATCGGTCGATCAGTCGGAGGTGACCGCGTGCACCGGAACGCCGGCGAATCCGTCGGCGATGCGGGCCCGACCGCCGAGCGCCGCGATCTCCATGATCACCGCGACCCCGATCACCTCGGCGCCGGCGCGACGGAGCAGTTCGGCCGCCGCCACCACGGTGCCGCCTGTGGCAAGGACGTCGTCGACGAGCAGTACCCGCGATCCGGTGATGTCGATTCCGCTCGCCGGGATCTCCAGTCGCGCACTGCCGTATTCGAGGTCGTAGTCGATCGAGTACACCGGTGGCGGGAGTTTCCCGCCCTTGCGGACGGCGAGGATTCCGACCCCCAGTTCCCGCGCGACGGCTCCACCGAGCAGGAAGCCGCGGGCGTCGATGCCCGCCACCAGATCGACCGACCCGCAGCCATGGGTCAGCGCGGTCACGATCGCCGACAACCCGTCGGGGTCGGCGAGCACCGGCGTCAGATCCTTGAAATCGATTCCCGGCGCCGGGAAATCGGCCACCATGCGGCCGTGTTCGGCGATCGCGGTTCGCGCCCGGGCCAGGGCGTCGACAGTCGGGGTGTCGGGGGTCGGGGCGTCGGGGGTCGGGCTATCACTGTCCTTGCTCACTGGCTGCGTACCCATCGGTCCATGTTCCATCCCGTTCCGTTTCGCCCCGCACCTGCGACGACGTTGGTGATCCGATCTTTCCAGCCATGCGCGCGGGGGGCGGCGAACAGCGGGATCGAGGGCACTTGAGCCCACGCCGCGTTCTCGATGGTCCGGACGAGCGCGAGTCGCTCGGATTCGAGATCGGTGACCGCCAGCGCGTCGATCGCGTCATTGACCTGCGGGTTCGAGAAGTTCGCCAGGTCGAGTGGGTCGTCTCCACGCAGTTGGTAGGCATCGCGGGCCTCGTCCGCGGCCCCCGCGGCGGCGAAGGCGGCGCCGTTGGCCACCAACAGCGCGTCGGCCGAGGAACCGAGTGTTCCGACCCCGTGGGTGTCGGCACCGACATCGGTGACGGTGATTCCTGCGGGGGCACACGCGGTGGCGATGGCCGCGACCATCTGTTTCCAGCGCTCGGTCGGTGCGGCATAGCCGATACGCACCGTCTTGGCCGGTCGACCCCCGGCATCATCGGCCGCCTGGGACAGCAGGTCACGGGCGCGCGGGAGATCGGGACGTGCGTATTGCGTGCCGAACTCGCCGTTCAGCGATGCGGCCAACTCGTCGCCCGGCGCGAGTACCCGCATATTCCACATCTGGGCCCCGTATCCGAATTGCCGGGCGAGCGCATCGCGTGGCACACAGGAGGCGAAGGCCCGTCGCACCCGGGCGTCGGCGAACACCCCGCGCCCGGACAGCACGAGCCCCTCGACGCCGAGCGCCTGACCGGGTGCCCCGACCCGTAGTCCGGCACCGGCGGTGGTCGCGGCCGACGTGGCGCCCGACCGCATCTCGTCGGCGCCGGCGACGAGACCCGCGGTGACGTCGGCGACGTCGTAGTCGCCGTCGGCGATGCGTCCGGCGGCGTCGCTGCTGCGGCCGAAGATCGCGATCCGTGAGGTGGCCGGCGGATCACCCCACCACTTGTCGTTGGCCACCAGCACCACTCCGCCGGATGTCGAGTAGCTCGCGATCTTGTACGGTCCGGCGGACGGGAAGCGCTCGGGGTCGAGGTCTCCCGGGGCGAGGTCGAAGCCGGTGTTCCAGGCCGTGGCGATGCGCGCGATCGCGGCGCGGTTGCCGGTGCGGATCGGGTCGGCCACGTCGGGGACCCCGGCGGCGCGGGCCACCACGTGCGCCGGCAGCAGCGTGCCCGCGCCGAACAGCGAGGCCCAGTCGGAGGGGTCGCGTCCGGCGGCGAAGGTGACGGTTGCCGTCTTGTCTCCGGGCGCGCAGTCGACGGAGTCGATGTCGCGATAGCCCGCGGTGGTCGCCGGGGTGAACTGGCCGAATCGCCCGCTCATCGCCGCCCAGGCCAGCACGAGGTCGTCGCAATCCATCGCCGTGCCGTCGGAATACGTTGCGCGCGGGTTGAATTGGTACTTCAGGGACAGCCGGGTACCGGGCTCACGGGTGACCGTACCGACATCACGGTCGGGGGTGACCTGTCCGGCGTCGCCGAGATAGCTGAACCCGGGGAGCACGCGCGTGAACGCCATCAGCACGCCGTCGGCGTTGCCGTTCTCGGTGTTCGCGTTGTAGCTGCGGATGTCGGCGTCGACGACGTAGTTGATCGTCGGAGGCGCATCGTCCCGGGAGCAACCGGCGATCAGCCCGGCACCCACCACCAGGATCACCACCAGGACTGCGGACCTCATCACCGGTGTGGTCGTGCCATGCCAACACCTGGATTGCCGACCTCTGGATGCCACGACTGCCGAGACTATCGCGCGCGACGCCGTTTCCCGCTCGGTGCCGTCGGGGTGTCGTCCTCGGCGGCTCCCCGACCGGTCGCCGCCCGGGACGGACGGCGACGCGGCGGTGTGTTGCCGACGTCCGGGTCCTGCCCGGCGGCGATGGCCGCGCGTCGATCCAGTACGCGGGCGGTGTGGCGGGCGATCTCACGACGCCGTTCCTTGAGCGTCACCAGCAGCGGGGTCGCGAGGAAGATCGACGAGTAGGTGCCGACCACGACGCCGACGAGCTGGATCAGCGCCAGATCCTTCAACGTGCCGACCCCGAGCAGCCACACGGCGATGACCATCAGCGCGATGATCGGCAGCACCGAGATGATCGTGGTGTTGATCGAGCGCATCAGGGTCTGGTTCACCGCGAGGTTGGCCTGCTCGGCGTAGGTGCGACGCGTCGTCTGTAGTACCGAACGGGTGTTCTCCGAGACCTTGTCGAACACGACGACGGTGTCGTAGAGCGAGAAACCGAGGATGGTCAGCAAACCGATGACGGTGGCCGGGGTGACCTCGAAACCGACCAGCGAATACACCCCGGCCGTGCAGATGATGTCGAAGAACAGGGTCGCCAGCGCGGCGATCGACATCTCCCGGTCGAAGCGCACCGCGATGTAGACGAAGACGATCACCAGGAACACGGCGAGGGCGAGCAACATCTTCTCGGTGATCTCACGTCCCCACGTGGAACTCACCTCGGAGATGCTGACGTCGGCGGCCTTGAGTGTCGGCGCATACGCGTCGGTGAGGGCGACGGTTACTGCGCGTGCCTGCTCGGCACTGAGCGCATCGGTGCGCACCTGCACGGTTTCGCTCGACCCCGATCCGGCGGTCTGTACCGAATCCGGGGCACTGCCGAGCGCCTTGCCGACGATGTCCTCGACGGACTGGCTGGTGATGCCCTGCGACACCGGGATCGAGATCTGCGTGCCGCCCTCGAAATCGATACCGAAGGTGAACTGGCGCACGCCGATCGAGATGATGCCGACCGCGAGGATCAGCGCGGTCACGAGGTACCACATACGGCGTTTGCCGATGACCTCGAAGGCGCCGGTGCCGGTATAGAGGCGCGAGAGGAACGACCGGGAGGTGTCGGCGTGGAAGTCGGCATCACTGCCGGCGATCGTCACCGCCGTCGCGGTCGCGGTACCCGACTCCTCGCCCGTCGTCGTGCTGCCGGTCGGTGCGCCGGTGGTCCGATTGCTGCCGGTCATTTCGCCGATCCCTTCGTCGGACCAGAGGGGGTCGAGTCGGTTGATGTCGAGGCCGCGCCTGCCGGTGCCGC
NZ_CP116236.1_gap91	2762818	2763434	616	CAGCGTCACGCGGGTCCCGCCCTGCAGGTCGATGCCCAGCTTCGGTTCGGGCGAGCCGCCACCGGTGAGGAAGACGAGGAGATAGACGAGGGCGAGGAGCGCGACGAACGCCGTCAGCGGCTGCCACGGCGGGATCTCGATCGACGACGAGCGGCCCGGCGGACGGCGCCGGGTGCCCTTCTTCGATCCCCCCGCCGACCGCGATCGGGTCGATTGGCCCGGCGCCTTCCGACCGCCGGGACCCGCCGTCCCGGTCGAATCGGCGGCGGCTCCCTTCGATTCGGCCCCACGCGAAAAACTCACGTACTCGATCTCCTTTGATGAGCGTCGACCGGCGCACCTGGGCACACTCGTCGACGCGGACTACGCGGCGCGAACAGCCCGAGGGCCTCGATCGCGCGATCGAGTGGCCACTCTACTGCCCCGCCCGCGCAGAACGGCACGCCACCGCCCCCGACGGCCCGGCGTCACGGGCGACAGCCCTCCCCCCGGTGGGCCCGACGGGTCGGTCAAGCGGCCTGCGGTCGGTGTCGGGTGTTCCTACTTGTCCGAGTCGGCGGACGTGTCGCCGCCGGACTTGTCGAGGTTCGGCCGATCGGTGGTGACGTCGGTGGGG
NZ_CP116236.1_gap92	2765464	2767622	2158	CCCGGCACGCTCGTCAGCGCCTTCACGTCGGAATCCGCCAGCGCCCGCCGCAACGCATCGGGCTCGAGTACCGCCAGCGTCGCCATCGCCAGACGTGGCCCGACACCGGTGACCGTCTGCAGCAGGGCGAACAGCGCGCGGGCGTCGGGTTCGGTGAACCCGTACAGCGTCATCGAGTCCTCGCGGACGATCATCGAGGTCAGCAGCGTCATCTCGTCGCCCCGTCGCATTCGCGAGAGCGTGTCGGGGGTCGCCAGCACCCGATAACCCACCCCCGCGCAGTCGATGACGACGTGATCGAGGGCGACCTCGACCACCGGTCCGCGTACCGACGCGATCATGAGCTCGTCCCCTTCCGCCCGGCCGGCACCGTCGCCGCGCGCGCCGCGGCGACCCGTTGCCGGTGTACCCGGGCCATCTGTTCGGCGCGCTGCTGTGCCTGTGCCATCCGTTCGATCATCGGTCCCCGCCAGCAATGGCAGATCGCGAGCGCGAGGGCGTCGGCGGCATCGGCCGGGCGGGGTTTGGTCTGCATTCCGAGGATACGGGTCACCATGGCGGTGACCTGCGCCTTGTCGGCGCGGCCGCTGCCGGTGACCGCGGCTTTCACCTCCGATGGGGTGTGAAAACGCACCGGCACGTCGCGTTGACCTGCGGCCAGCGCGATGACCCCGCCGGCCTGCGCGGTGCCCATCGCCGTCGACACCTGGTTCTGGGCGAAGACACGCTCGATCGCCACCACATCGGGCTGGTGGATGTCGAGCCAGTGGCTGGCCGCGGTGTACACCGCGAGCAGGCGTTGGGCGAGTTCCATGTCGGTGGGTGTGCGGACCACATCGACGTCGAGGGCGGTCACACTGCGACCACTCCCCGACTCGACCAGCGCGATCCCGCACCGGGTCAGCCCCGGGTCGACGCCCATCACCCGCACTCGACACTCCTCCACCGACAACGAACAGTTGTTCGAGATTCTAGCGACGCCGACCGACAGAGAGTGGGATCGACACGGCAACCCGTGGCGAACGAACACGGCCGAACCGTGGAGAATACGGCCGTGCCCGCCTACCGCCCGATCGACCCCGAGGGCCTGGTCGTCACGTGCGCCGAGAGGTGCGCGGCCCTGCCCGGTCAACCGGTGGTCGGGATCGACGGTGCGGTGGCGGCCCGGCCGGACCTGTTGGCGCTGCGGGTCATCGAGGTGCTGCGCTCCCGCGGACGTGCGGCGGAGGTCGTCCGGGTCGGCGACTACGTCCGCCCGGCCTCGCTGCGGCTCGAATGGGGACCGCACGACCCCGAGGCGTTCACCACCTCGTGGTACGACTTCGCGGCGCTGCGCCGGGAGGTACTCGACGGTATCCGCGACCACCGACGATGGTTGCCGCGGCTCTGGGATGAACTCTCCGACAGGTCATTTCGCGATCAACGACTCGATGCCGCCTCCGGCCAGATCACTCTGATCGCCGGTGAGATGGTAGTGCGCGACGACCTCGACCTGGACCTGACGATCGCGCTGCGGATGAGTCGCGCGGCACTGTTACGCAGGACGCCGTCCGACCGGCAGTGGACGATCGACCCGTTGCTCGACCATCAACGCGACGCACCCGACCCCGACGTCGAGGTCCGCTACGACCATCCGGACCGGCCGGCGCTGCGGGGTTGAGGGCTGAGCGGTTGACACAGCTGAACCGATGCCGGCTGCGGTGTCGGGGGCTCAGCTGTCGAGTTCGGCGAGCACCTCGTCGCTGACGTCGACATTGCTGTACACGTTCTGGACGTCGTCGGAGTCCTCGAGCGCGTCGATCAGCTTGAACACCTTGCGCGCCCCCTCGGCGTCGACGGGCACCTCCACCGACGCACGGAAGTCGGCCTCGGCCGATTCGTAGTCGATGCCGGCCTCCTGCAGGGCGGTACGCACCGCGACGAGATCGGTCGGCTCGCTGACCACCTCGAACGTCTCGCCGAGGTCGTTGACCTCCTCGGCGCCGGCGTCGAGTACGGCCATCAGGATGTCGTCCTCACTCTGACCGTTCTTCTCCAGCGTCACCACACCCTTGCGGGTGAACAGGTAGGCCACCGACCCGGGATCGGCCATGTTGCCGCCGTTACGGGTCATCGCGGTCCGCACCTCGCCGGCGGCGCGATTGCGGTTGTCGGTGAG
NZ_CP116236.1_gap93	2771852	2774062	2210	GCCTTCTGCGTCTCGATCAGCTCGCCGGCACTCGTCGCCGCCGAGAGGGTCAGCAGCGCTGCCTCACTGGCGAGTTCTCCGCTGTCGTGTCCGCCCATGCCGTCGGCGAGCAGGTACTTGCCCGGCATGGCCAGTGCGGCGTCCTCGTTGGTCTCGCGCACCCGGCCGACGCTGCATCGCACCGCCCACTCCAGACGCAGATCCTCCACGAAGTGGGTGCCCGAGGTCGCCTCGTCGCGGACGATGCTCACCGAATCCATGGTCAGCAGATCCTACCGGCGAGACCTCGCCGGACAGCGTCTGACCACACCGGAAAACAGCCGTTCGGTCGACGGATACTCGCGGTCAGGACGGTCACCAACCTCGTTCGGCGAGGCGGTGCGGCGCCGGGATGTCGTCGACGTTGATCCCGACCATCGCCTCACCGAGTCCGCGCGAGACCTTCGCCAGCACGTCGGGGTCGTCGTGGAAGGTCGTCGCCTGCACGATCGCGGCCGCTCGCTGCGCCGGGTTGCCGGACTTGAAGATGCCCGATCCGACGAACACGCCCTCGGCGCCGAGTTGCATCATCATCGCCGCATCCGCCGGGGTCGCGATGCCACCGGCGGTGAACAACGTGACGGGCAACTTGCCCGCCTGCGCCACCTCGACGACCAGCTCGTAGGGCGCCTGCAGCTCCTTGGCGGCCACGTACAGCTCATCTTTCGGCAGCGAGGTGAGCCTGCGGATCTCGTCGCGGATCCTGCGCATGTGCGTCGTCGCGTTCGAGACGTCACCGGTCCCGGCTTCACCCTTGGACCGGATCATCGCCGCTCCCTCGGTGATACGACGCAGCGCCTCGCCGAGATTGGTGGCACCGCAGACGAACGGCACCGTGAACGCCCACTTGTCGATGTGGTTGGCGTAGTCGGCCGGGGTCAGCACCTCCGACTCGTCGACGTAGTCGACGCCGAGGCTCTGCAGGATCTGGGCCTCGACGAAATGACCGATACGGGCCTTGGCCATCACGGGGATCGAGACCGCGGCGATGATGCCGTCGATCATGTCCGGATCACTCATCCGCGAGACGCCACCCTGGGCGCGGATGTCGGCGGGCACACGCTCGAGCGCCATCACCGCGACCGCGCCGGCATCCTCGGCGATCTTGGCCTGATCGGGGGTGACCACGTCCATGATCACCCCGCCCTTGAGCATCTCGGCCATGCCCCGCTTCACCCGTGCGGTCCCCTGACCGGACTCGGGGGTGCCGTGGTGTCCGTTGATCGCGGACGTCGCATCAGACCCGGGGGTGGTCCCGGACTGGGGTTGGCTCACTGGAGGTCTCCTGATTCGCGGTTCTTCGAGGCTCGGCGATGGCGCAGCCCATCGGGCTGCGCAACGCGTCCCACCAGGATAGGTGAGGTGTCCGGCGCACTCGCCACACACCTCGGTTTGGCCGACTCCGGTCAGTCGGCCGTGCCGGGGGTCACCCGCTCGACGATCTCGAAGTACTCGGGTCGCTGTGCACGTCCACCGAGTCGCAGCAGCCGCACCAGGAACCGGTCGGCGAGGCTGCGGGTGTCGCGGACGGCGTCGTTGTAGAACCGGCGGGCCATCATCACCCGGGTCTCGGCGTCGGCCAGTTCGGCGATCAGTCCGGGCGGGCGGACCGACGGATCGATCCGGCTCAGCGCCGTGGACAACGCGTTCTCGGCATCCTCACGCGAGGCGCGCGGAGCGTGTTCGGCGGCGTCGGCGCAAGCGGCGAGGTGCCGTGCGGCGGTGGCGATCTCCGGATCACCGGAGTCCTCCATCCATGCGGTGAGCACCCGCACCACCACGGTTCGGCGCTCCAGGGCCGCTTCCAGCGCCTGCCACGCGAGGTCGACGCGGACGTTGAGCCGGTCGAGCCGATTCGCGCGACTGTAGGCCCAGGCACCGATGATCACCAGGATCGCCACGATGATCACGACCACTACCGTCATCAACGCCGACATCTGCCCCATCCCCTCGATTCGCGCCGCATGACCTCAGTCCGACACCACGACCGGACCGGCACCGACGGTGACGGTCTCGTACACGCGCATGATCTGATCGGCGACCCGTGACCAGTCATAGCGGGCCGCGCGAGCACGTGCGGCCCGCACCAGGTCGGCGCGGGCCTCGTCGTCGGCGAGTAGCTCGATCAAACCCGACGCGAGCTCGTCGGCCGCACCGACCGCGAACAGCCG
NZ_CP116236.1_gap94	2800277	2804375	4098	TCTCGTAGTTCCAGGTCGGCACCACCCGGCCGGTCTCGGCCTTGGTGGCGTACAGCGACGGTGAGATGTAACCGTCGGAGATCGGGAAGATCGCCACGGACTCCGTCTGTGTGGTGGCCTCGCGCCAGTGCGGGTTGGCCTTGGCCATGTGCCCGAGCAGCCGGGCGTTGGGCCGGTCGTAGATCAGCGGCAGCGGCGTCACGACGAGACCTGAGGCCCCCACCGACACGAGCTGGGCCAGTCCGGGGCCATCGAGAATCTCGGCGATCTGCTCGTCGGAGAGCGCGAAACCGGGTGGAACGTACATGAGCTCGGACTACCTCGTCGGGTGCGTACGCGCTCAGGGCAGCGCGTCGACGAGGGCACCCGGCTCGACGCGGGGCCCGGTGAAGAACGGCGTCTCCTCACGCACGTGCATGCGGGCCTCGGTGGCGCGCAGGTCGCGCATCAAGTCGACGATGCGGTGCAACTCCGGTGCCTCGAAGGCGAGCAGCCATTCGTAGTCACCGAGCGCGAACGACGCGACGGTGTTGGCGCGGACGTCCTTGTAGCCGCGGGCGGCCATGCCGTGGTCGGCGAGCATCTTGCGGCGTTCCTCGTCGGGCAGCAGATACCACTCGTAGGACCGGACGAACGGGTAGACGCAGATGTAGTTGCCCGGTTCCTCACCGGCCAGGAAGGCCGGGACGTGACTCTTGTTGAACTCGGCCGGACGGTGCAAAGCGACGTTGCTCCACACCGGATCACTCGCCCGGCCCAACGGCGTCTCGCGTCGGAATCGGTTGTAGGCGGCCTGCAGATCCTCGAGCTTCTCCGCATGCCACCAGATCATGTAGTCGGCGTCGGCGCGCATCCCCGACACCTCGTACACACCGCGCACGACGACGTCGGAGTCGTCGAGGGACTTGAAGAAGTCCGTCACCTCGGACTTGACCGAGTCGCGGTCGTCGCCGAGCTCACCCGGGCGCACGGCGAACACCGAGAACATCAGATAGCGGATCGTCGAATTCAGTGCGGCATAGTCCAAGCGGCTCATGCACCCCATGGTGCCACCGCAGGCGGGACCGCCGACACCCAGGTCGCAAGGCCCATCCGGGCCTTCAGCCGAGAGCGGCGAGGATCACCTCGGCGGCCCGACCGGCCGTTGCGATACACGCCGGCACGCCGACCCCGGCATACGAGGAGCCGGCCAGCGCCAGTCGCGGCGGCAGTGCGTCGAGCACCCCGGCCATCCGGTCCAGGTGTCCGGGTGCGTAACGGGGCAGCCCGCCGTCCCATCGCTGGACGCGGACCTCGAGCACGTGCTCCGAGGGGGCGCTCACCCCGGCGGCGACACAGATCCGATCCAGATCGGTCAGCGCCCACGACTGCAGGGACTCGTCGATACGGGGATCGTCGGCGGGGTCGGCCACCGGGTCGCCATAACGGCCGAACGAGGCGCGCACCGACACCGCCGCACCGTCACCGCCGACGTGCGCCCACTTCTGGGAGGACAGCGTGAATGCCTTGGGCCGCAGGTCTTCTCCGGTCGCCACCAGCACGCCGGAGTGGTCGGGCAGTGCCGTGCCCGGCGCCAACGCGATCGAGACCACCACCGACGACGCCGGCTCGACCGCCGCGAGGGTCGCGACGAACTCATCGCCGATCCCGGCGAGCAGGCGGGCCGCCGTCCATGCGGGCACAGCGAGAACGAGGCCGTCGTAGTCGGCGTCGGTTCCGGACTCGGTGCCCACCCGCCACCGATCGCCGTCGGCGTGGACGGCGACGACCTGTCGATCGGTGCACAAGGCCGGCCGCGCGGCAGCGGTGAGCGCGTCGACGAGCACCCGATAGCCACCGACGAGTGTCCCGAACACCGGGCCACCGGTACCGACCGGATTGAGTAGCCCACCGACGGCCGCCGACAGGTTCGGCGCGCCCGCGTCGAGTCGCGCGGTCAGCGCCGGGATCGCTTCGCGCACACCGATGTCGGCGGCCAGCGACGAGTACACGCCACCGAGCATGGGATCGACGCTGCGCGCGACGACCGATGCGCCGAACCGGTCGGCCACCAGATCACCGACCGCCACGTCGTCGCCGGGCCGCCACGCCAGGGCGCGGTCGGGTTCGGCGGCGATGCGGGCGAGGTCGGCGGGATCGGCCAGGCCCGCCATCACCTCTGCCGTGGCCGGGATACCCATCAGGGCGGGGGCGGGCATCGGATGCAGCCGGCCGCCGGCCCAGATCGCCGGGCGGCGGGGCGTCGGCGAGACGACCCGATCGGCCAGACCGAGCTCGTCGACCAGCGCAACAGCCTCCGGCCGGCGCACGATGAACGCTTCGGCTCCGACGTCGGTGGCCTGCCCGGCGACGTCGACGGTGTGCAGCACGCCGCCGAGCCGCTCGCGCTGTTCGTAGAGGTCGATCGTGGCGTCGTCGCCGAGTGCGCGACGCAACCGGTAGGCTGCGACCAGGCCGGAGACTCCCCCGCCGACGATCGCGACCCGCGCCGGCATCAGAGGGTGTGGATCAGCTCGACGGCGCGGGTGAGCACGTCGGGATCGGTGTCGGGGAGCACGCCGTGACCGAGGTTCACGATGTGGCCGATCGCACCCGCGGCCACGGCCCGGCGGCCGTCGTCGAGGACGCGTCGGATTTCCCGTTCGACGACGGCGGGGCCGGCGAACAGCACGGTGGGATCGAGGTTGCCCTGCACCGCCTTACCCGGCCCGACGCGGTGTACCGCCTCCTCCAGCGGGACCCGCCAGTCGACGCCGATGACATCGGCGGGCTCGGCCATCGCCGCGAGCAACTCACCGGTGCCGACACCGAAATGGATTCGGGGAACGCCATATTCGGCGAGCTCGGCGAAGACGCGATCGACGTGCGGGGCGACGAAGGTGCGGTAGTCGGCCTCCGAGAGCGCACCGGCCCACGAGTCGAAGACCTGGACGGCATCGACCCCGGCGTCGAGTTGCACCTGCAGGAAGGTGATCGTGATGTCGGCGAGCCGGGCCATCAGCGCATGCCAGGTGTCGGGATCGCCGCGCATCAGTGCCTTGGTGTGGACGTAGTTGCGACTCGGGCCACCCTCGATGAGATAGGAAGCCAGGGTGAACGGAGCACCGGCGAAACCGATCAGCGCGGTGGCCTCGTCGAGCTGAACGAGGATCTTGGTCACCGCGCGCGCGACCGCACCCACCGCGGCCGGATCCAGCCGCGGCAACGACTCGACGTCGGCGGTGCTGCGGATCGGCGCGGCGATGACCGGTCCGGTACCGGCGACGATGTCGAGATCGACCCCCGCCGCCTTCAGCGGCACCACGATGTCGGAGAACAGGATCGCCGCGTCGACATCGTGACGGCGCACCGGCTGCAGGGTGATCTCGCAGACGAGATCGGGGTCGAAGCACGACTCGAGCATCCCGATCTCGGCGCGGATCGCCCGGTATTCGGGCAGCGATCGCCCGGCCTGCCGCATGAACCAGACCGGCCGGCGGGCGGGCGACTCCCCCCGTGCGGCGGCAACGAGCGGCATACGGGAGTGACTGCGGCGGGTACCAGGTGCGTGCGACATCACCGATCACTCTGCCATGCGGTGGCCCGTCGGCAATCGCGCGGTCGGGCGTGCTCGCGGGGCGCCCGGTGGTGACCATCACCACGGCGCGCCTCCGACGCCCGACGTGGTCTCCGTCATACCGTCGGGGGCGTGACCTCCTCCGGAGCTCCGATGGAGCCTGCTGACTTCCGCACCGCGGTCGAGTCGCTGCATTCCGCGCGCATCCGGCGCGAGATCGAGGTCGGGCCGATCCGTCCCCCGCAGCGCCTCGCCCCCTACAGCTACGCCGTCGGCGCCGAGGTGCGCCCTCCGGACTCACCCGACGACCTCGACATCGACGCCGACGGCCAGGGCAGCGCCTTCGGACGGCTGATCCTGCTCTACGACCCCGACGGCCAGGACGCCTGGAACGGGACGATGCGGCTCGTCGCCTACATCCAGGCCGAGGTCGAGGCCGCACTCGCGATGGACCCGTTGCTCCCGGAGGTCGCGTGGAGTTGGTTGTCCGACGCGCTCGGCGTACCGGTCGGCCAGACCGCATCCGACGGCAGTGTGCACGC
NZ_CP116236.1_gap95	2951336	2953569	2233	CAACGGTGAGTGGAGTTACGACCTCGAGCGCAAGCCCATGGGCGGCTTCCCGGTCACCTTCGGTTTCCTCAACGCGGTACGCACCGCGCAGCGCCGGCTGCACCACGGCATCGACGTCGGCGTACCGGCGCTCGTCCTACGTTCGGACAAAACGCATTTCAGTCGTAGCTACTCGACGGCGATCGATGCCGCCGACGCCGTCCTCGACGTCACCCAGATCGCCGCATGGAGCGGATCACTGGGCAACCGGGTGACGACCATCCCCATCACCGACGCCCGACACGACGTCTTCCTGTCGGTCGCCCACTCGCGCGAGCAGGCCTACCGGGAGGTCGACACCTGGCTCGCGAGGACACTCAACGTTGCCACGACCACGAAAGGACGGTGACCGGCGCGTGCCCGACACCACCACCGACTCCATCACCACCGCGCATGTCGATCTCGCGATCATCGGGTCGGGCAGCGGGAACTCGTTGCCCGACGAGCGATTCGCCGACCGGAGCATCGCCATTTTCGAGGAGGGCGTCTACGGGGGCACTTGCCTGAACGTCGGATGCATCCCGACCAAGATGTTCGTCTACTCCTCCGAGGTCGCCGAGATCGCCGCGCATGGCGGCAAGTACGGCGTCGACTCGCGCGTCGCCGGGGTCGACTGGCCCGCGATCGTCTCGCGGGTGTTCGGGCGGATCGATCCGATCTCCCAGGGCGGTAAGCGTTATCGCGTGGAGGACTGCGACAACATCACGGTCCACGACGCGCACGTCGAGTTCGACGGCCGCGACGACGCCGGCCGCTACCGTCTGGTGACCGACGACGCGGTGGTACTCGCCGACGAGGTGGTCATCGCCGCCGGGTCGCGGGCGACGATTCCCGACGTCATCGCCGCCTCCGGGGTGCGCTACTTCACCAACAACGACGTCATGCGCGTCGAAGAGTTGCCTCGGCGCATGATCATCCTGGGCAGCGGCTATATCGCCGCCGAGTTCGCCCATGTCTTCGGGGCATTGGGCACCGACGTGACGATCGTTGCGCGTGGACCACGGCTGCTGCGCAAACTCGACGCTTCGGTCTCCGAGCGATTCACCGAAATCGCCCGGGACCGTTGGGATGTGCACCTCGACACCGCCATCACCGGCGCGGAGAACCTACCCGACGGCGGCGTGCGGGTGCACACCGCCGACGGCCCGTCCCTGGACGCCGACGTGTTGCTGGTGGCCGTGGGCCGCGAGCCCAACGGAGATCGGTTGGGACTTGCGACGATCGGACTCGAGTTGTCCGACGACGGCCGCGTCGTCGTCGACGAGCACGGCCGCACCGACGCGGCGAAGGTCTGGGCGTTGGGCGACGTGAGCTCGCCCTATCAACTCAAGCACGTCGCCAACCACGAAGAACGCGTCGTGCAGGCCAATCTCCTGAAGGGTTGGCAGGCAAGTGATCTGGTGTCCTTCGATCACCGCTACGTGCCCGCCGCGGTATTCACCCACCCGCAGATCGCCGCGGTCGGACTCACCGAGGCACAGGCCCGCGAGGCCGGCTGGGACGTGACCGTCAAGGTCCAGGCCTACGGCGACGTGGCCTACGGCTGGGCGATGGAGGACACCACCGGGTTCTGCAAACTGATCGCCGAACGGGGTACCGGAAAACTGTTGGGCGCCCACATCATCGGCCCGCAGGCCCCCACGGTGATCCAGCCGGTGATCCAGGCGATGTCCTTCGGGCTGGGTGCAGCCGAGATGGCGCGCGGCCAGTACTGGATTCATCCGGCGATGCCCGAGGTCCTGGAGAACGCACTGCTCGGCCTCGACCTCGACTGGTGAAGCGGCGCTCGTGACCAACCGACGCTCGTGACCAACCGACGGCCGGGCACCGACCGGTGCCCGGACCTCAGAACACCGCCGAGCGCAGGCTGATCTCGCTGGCGAGTTCGGCCGGCGCCTTCTGCGGAATCCAGTGGTCGATGCCCGGCAGGACGCAGAATCTGAAGTCGGAGTAGGCATATCGTCCGCTGCGCTCGGCCTGCTCACGCCCCAGAACCGGATCGCCGTCGCTCCAGACCATGGTCGTCGGGATCTCGACCGGCCCGCACGACATGGTCTTGGCGATGTCGCCGGTGAAGTTCGCGCGGTACCAATTGAGTCCGGCGGTCAGCGCTCCCGGTTCCTTGAGCGGTTCGAGTTCCTCGGCGGTCACCCCGGCGCGACGCAGCAGCACGCCGCCACGGGCCAGGAGTTTC
NZ_CP116236.1_gap96	2954730	2957572	2842	GGCGTCGGCGACCGATGCCGCGTCGTCGACCCAGGTCACCTCGACGCCCGGTTCACAGGCCAGCGCCTCGACGTCGGTGGAATTGGAGATGCGCGGCAAGCGGATCGCCGCGACCCGCAGGCGCGACCCGAGAGCGCCCTCGACGGCGCTCACCGGGGCTGTCCCGGGCGGACCGACCCGTCGGCCGACCGGGCTCGCCAGCGAGTCCTCGGCGTCGATCCACAGGTCCGGATCGAAGGGCAGCACACCCAGCGTCGGGCGTCCGGTGATCTGTTTCACCTGCTCGACGCCGGGCGCGAGGATCGCCGGATCCCCACGGAACTTGTTGATCACATACCCGGCGATCCGCGACTGGTCGTCGGCGCCGAGGATCGCGGTCGTGCCGAACAGGTGCGCCAGCGATCCGCCGCGGTCGATGTCGGTGACCAGCAACACCGGGAGGTCGGCGGCCTGCGCCAAGCCCATGTTCGCGATGTCGGTGTCGCGCAGGTTGATCTCGGCGACCGACCCCGCCCCCTCGCAGATGACGACGTCGAATTCTTCGCGGAGGGACCGCAATTCGTCGGTCACCACTTCGAGTAGCCGGGTACGCCGGGTGAAGTAGTCGGCGGCGCCGACGTCACCGGCGGGCCGGCCACGCACGATGACGTGCGACCGGCGATCCCCCCCGGGTTTGAGCAGGACCGGGTTGAACCGCGTCGACGGCTCCAACCCGCAGGCGTAGGCCTGCAGTGCCTGCGCCCGACCGATCTCGCCCCCGTCGAGGGTGACCACCGAGTTGTTCGACATGTTCTGGGCCTTGAACGGCGCGACCCGCACACCCTGGCGTGCCAGCGCCCGACACAGACCCGCCACGAGCAGGCTCTTACCCGCATCCGAGCTGGTGCCGCCGATCAGCACGGCCCCTGCCAGCCCACTCATCCCCGGCACCCCGGTCATCGCGGTCCTTCCGGCGCCGCCGCCCGGGCGTTGGCCGCCTCGACCTCGGGGACGTGTTCTTCGGCCCACGCACGCACCGCGGCCAACGGGACCAGCAGCGAGCGGCCGAGCTCGGTCAGCGAGTACTCCACGCGCGGCGGCTGACCGCCGTGATCGGTGCGTGCGACGAGTCCGTCGAACTCCAGCGCACGCAGGGTTTCGGTGAGCACCTTGGGAGTGATCCCCGCGATATGCGCCTTGAGCGCACTGAATCGCATCGGACCGTCGGCGAGTGCGGTGACCACGAAGACCGTCCAGCGCGCGCCGATCCGGTGCAAGACCACCCGGCTCGGGCAGGTCGGGGCCATCACGTTGTAGGCCTTGGACACCCACGCCCCCTTCTCCTCGGGACACCGCCGGGGATCGCGCTGGTCGTCGGCGGTTTCGTTGAAGATACCGGTATCAAATCCATACCGTGAATCCCGTCCAGCCTACCCACGTCCAAGGAGTATGTGATGAACCAATCCCTGTCCGGTACCACTGTTCTCGTCATCGGCGGTGCCAAGCACCTCGGACTCGCGATCGCCCGGCGAGCCGACGCCGCAGGGGCCTCGGTGGTCATCGGGGCCCGCGATCTCACCGCGGCGCAGTCGGCGGCCACCGACCTCGACAACGGCCGGGCAGTGGCGATCGAGGTCACCGACGAGGCGTCCATCGCTGCTGCCGCGGCAGAACTGGGCGCCGTCGATCACATCGTGTCGACCGCCGCCGCTCATCACAACGTGGCGGTCCGCGATCTCGACCACGACGCGACGGTGACCGCCTTCGAGGCCAAGGTGATCGGCCCGCTGCTGGTGGCCAAACACTTCGGGCCGAGAATGCCCGCGACCGGCTCGATCACGCTGTTCTCCGGTGTCGCGGCGTGGAAGCCGGCACCGGAATACACGGTGATGGGGATCACCAACGGCGCTGTCGCATTCGCCGTCAGTCATCTCGCTGCCGAACTCGCACCGGTGCGGGTCAACGCGATCTCGCCGGGCATCGTCGACTCCGGCACCTGGGACGGCATGCCCGAGGCCGATCGTGACGCGTTCTTCTCCGGTGTCGCCGAAGGCATCCCGGCGCGGCGGGTGGGAACCGTGGACGACATCGTCGACGCCGCACAATGGCTGCTCACCGCGGGTTTCGTCTCGGGCGAGACCATCCACGTCGAGGGCGGTGCCCGCAGCGCGTGACGCGTCCCCGTGCCTCGGGCGGAGAGCGGGTGGATCAGTTGTCGGGGATGGTGAGGATCTCCGCGCCATCCTCGGTGACGACGAGGGTGTGCTCGAACTGGGCGGTCCACTTCTTGTCGACGGTGACCACCGTCCAGCCGTCGTCCCACATCTCCCACGGCAGCCCGCCGAGGTTGATCATCGGCTCGATCGTGAACACCATGCCGGGTTCGAGGATGGTGTCGACGTTCGGCTGGTCGTAGTGCAGCACGACGAGCCCGTTGTGGAAGGTCTCGCCGATGCCGTGACCGGTGAAATCGCGAACGACGGTGTAGCCGAAGCGATTCGCGTACGCCTCGATGACGCGACCGATGACGTTGAGTTCGCGTCCGGGTTTGACCGCCTTGATGGCGCGTTCGGTGGCGATGCGGGTGCGTTCGACGAGGTCGCGTGCCTCCTGTGAGACGTCGCCGGCGAGGAAGGTGGCGTTGGTGTCGCCGTGCGCGCCGTCGATGTAGGCGGTGACGTCGATGTTGACGATGTCGCCGTCGGCGATGACGGTGGAGTCGGGGATGCCGTGGCAGATCACCTCGTTCAACGAGGTGCAGCACGACTTGGGAAAGTCCTTGTAGCCCAAGGTCGATGGATAGGCGCCGTGATCGATCATGTACTCGTGGGCGATGCGGTCGAGTTCGTCGGTGGTGACGCCC
NZ_CP116236.1_gap97	3002790	3006556	3766	CCGCCGCCGCCGGGCGAGCACGATGCCCACCACGATGAGCGCGAGGATCACGACCACCGCGATGACGATGCCGATGATGATGTCGGTGTTCACTGGTGCACAGGTCCTGTTCTCCGTCGGTCTTGCGGTCGGGGGTGTCCGTCGGGATGTGTCAGTCGGTCGCGGGTTCCGGGGTCGCGAGTTCTGGGGTCGCGGCGACCGGGACGTCGACCCCCCGCAACCGTTGGGAGATCACCGTGGTGATCCCGTCGCCGCGCATGCTGACGCCGTAGAGCGCGTCGGCGACCTGCATCGTCGGCTTCTGGTGGGTGATCACGATCAGCTGTGACCGTTCCCGCAGTTGCTCGAACAGACTGATCAGGCGTCGCAGGTTGGTGTCGTCGAGTGCTGCCTCGACCTCGTCCATCACGTAGAACGGCGACGGCCGCGCACGGAAGATGGCGACCAGCATGGCGACCGCGGTCAACGACTTCTCGCCGCCGGACAGCAGAGACAGGCGTTTGACCTTCTTCCCCGGCGGCCGGGCCTCGACCTCGACTCCGGTGGTGAGCATGTCGCCGGGTTCGGTGAGGATCAGTCGGCCCTCACCGCCGGGGAACAGTGTCGAAAACACCTGTGCGAATTCGCGTTCCACGTCGGCGTAGGCCTCGGTGAACACCTGCAGGATGCGGGCGTCGACCTCCTCGACCACCGACATCAGGTCCTTGCGGGCGGCCTTGACGTCCTCGAGTTGCGCAGAGAGGAACGTGTAGCGCTCCTCGAGTGCGGCGAATTCCTCGAGCGCGAGGGGGTTCACCCGTCCCAACGTGTTGAGGTCTTTCTGTGCCTTCTTGGCCCGTGACTCCTGGGTGGCGCGGTCGAAGGGCATCGGCGCCGGGGCCACCACCTGATCACCACGTGCCTTGGCGGCCTCGTACTCGGCCATTTCGAGCGCCGACGGCGGCATCGGCACGTCCGGCCCATATTCCGCGACGAGGTCGTCGGGCGCCATCGCGAACTGCTCGAGTACCTGCTCCTCGAGTTGTTCGATCCGCAAGGTGGCCTGCGCGCGGGCCACCTCATCGCGGTGCACGGCGTCCTTGAGCGTGCTCAACCGCTGCGAGAGGGTGTTGACGCGGCTCTTGAGTTCGTCGACGGCCGCGGTGCGGGTGGCGCGCACCTGCTCGAGTTCGTCGCGCCCGGCCTGCGCGGTGGCGACGGCGGCGGCGACCCGCTCGGACACCTCCGCAGCCGACGCGGCGACGGCGGCGGCGACCGTGGCGGCCTGCCGTCGGGCCTCGTTCTGACGGCGCACGCGCTCCCGCGAGTCGCGTTCACGCTGCGCCGCGCGCCGCAACGATTCCGCGCGACCGCGCACCGACGCGAGGCGCTCTTCGGCGGTGCGCATCGCCAGCCGTGCCTCCATCTCGGCGCTGCGGGCCGCGGCCACCGCCTCGGCTGCCAGTGTGCGTTCCCCCGAATCGACCTCGCCGGTCGGTTCTTCGGTGCCCTCACCCTGGGCGAGTGCAAGACGTTGTTCGAGTTCGTCGAGTTTCGCGACCGTCTCGGCGCGGCCGGTCTCGACGAAGTTGCGCTGCCGGGTGAGCCGGTCGGCCTCGGCCTGCGCCGCGCGGATCTCCTGCCCGAGCCGGGCGAGATGTTCGTATGCCCCGCCCACGGCGCTGTCGGACTCGTGCAGCGCAGCGAGTGCCTGTTCGGCGGCTTCCCGGCGCTGTTGCTGTTCGGCCAACGCACCCTGCAGGGCAGCGGCAAGTTCTTCGACCCGCCGGCGGGTGGCGGCGAGGTCGGTGGTCGCGGTGTCGATCGCCGACTGGACCTCCAACGTCGACGGCCGGTGTGATGATCCGCCTTCGATGGTCGCGCGGGACACCCGGTCGCCGTCGCCGGTGACCGCGCGCACGCCGAGCGCTCCGGCCACCTCGACGGCGGCCTCGGTGCTGTCCACCAGGACGGTGTCGGCGAGGATCAGCTCGATCGCGGGCCGGATGGACGGCGCGCAGGTCACCACCGACGACGCCCACACCGCTCCGTCGGGAAGCGGGTCGGTGCGTGGTGAGGGAGTGTGGGTCAGGCCGCCGACGATCATCGACGCCCGGCCACCGTCACCGGCTTTGAGCAACTCGAGGGCGCGCAGCGCCGACGACGGATCGGCGGCGGCGATCGCATCGACCGCACCGCCGAGCGCACCGGCGATCGCGGTCTCGTAACCGGCGTCGACGGTCAACAGCTCCGACATGGTACCGAGGAGTCCGTCGGCCACATTCTCCATCAGCCAGGCACCGCCGTCGCCTCGCTCGAGGCCCACCGACAGGGCTTCGATGCGCGCGGTCAACGACGCGATCCGCTGTTCGGCCTCGCGTTCCTCGGCCTGCAGTGTCGCGACACGCTCGTTCGACAGGTTGAGCGCGCTGACACAGCGCTCGTGGTGTTCGTCGAGGCCCTTCTCCGAGGCTTCGAGTTCACCCAACGACTCGGCCACCTCGTCCTGCTGGGTTTGCGCGATCTGCGAACGCTCGACCGCGGCGGCGATGGCATCGGTCAGACGTGTGGTCTCGGCGTCGACCGAATCGGCCTTGGTCCGCAGATTGTCGACCTGCCCTTCGAGGCGGGCGAGGCCCTCCCGACGGTCGGCGATCGCCCGCACCGCGGCCAGATGCGCCTGCTCTGCCGCTGCGGCAGCCCGTTCGCGTTGCGCCAGTTCGTCTTTGGCGCCTTCAAGGAACTCGGCGGCGCTTTCCACCGCGGCCGTCATCTCCGCCTCGGTCTCGGCGGCCTCGTCGGCCTGGCGTTCGAGGTCCTCGGGGTCGGGACCGCTGGACGCGGTGACCGGTTCGTCGAGATAGCGGCTGCGTTCGGTGGCGACGCGGGCGGTGGCGTCGACCCGCTCGGCCAATGCCGAGAGCGTGAACCATGCCTGACCGGCGGCCTCTGCGGCGGGCACCACCTGTGCGAGATGCTCTTCGTGATCGGCGAGTTCACCCGACACGGCATCGAGTTCGGCGGAGACCTCGTCCTGCTCGCGACGGATGTTGTCCTCGACGGCGGTGTGCTCGGCCATCTCGGCGCGGCGGGTCACCAGGTCGTCGGCGGCCAGCCGTAGCCGGGCGTCGCGGAGGTCGGCCTGGATGGTCTGCGCGCGGCGTGCCACCTCGGCCTGGCGTCCGAGTGGTTTGAGCTGGCGGCGCAGTTCGGCGGTCAGGTCGGACAGGCGGTCCAGGTTGGCCTGCATCGACTGCAGTTTGCGGACCGCTTTCTCCTTGCGTTTGCGGTGTTTGAGGACGCCTGCGGCCTCCTCGATGAAGGCGCGGCGATCTTCCGGCCGGGATTCGAGGATGGCCGCGAGGCGCCCCTGCCCGACGATGACGTGCATTTCCCGGCCGATTCCGGAGTCCGACAGCAGCTCCTGGACGTCCATCAGTCGGCACGAGTTGCCGTTGATCTCGTATTCGCCCGCCCCGTCGCGGAACATGCGGCGGGTGATCGACACCTCGGAGTATTCGATGGGGAGCGCGCCGTCGGAGTTGTCGATGGTGAGGGTGACCTCGGCGCGGCCCAGCGGTGGGCGGCCCGAGGTTCCGGCGAAGATGACGTCCTCCATCTTTCCGCCGCGCAGTGCCTTGGCGCCCTGCTCCCCCATCACCCAGGTCAGCGCGTCGACGACGTTGGACTTGCCGGACCCGTTGGGCCCGACCACGCAGGTGATCCCGGGCTCGAAGCGCAGGGTGGTCGCCGACGCGAAGGACTTGAAGCCCTTGAGGGTGAGCGA
NZ_CP116236.1_gap98	3032156	3035581	3425	ACGATCAGCGGAGCAGCGTTCAACATCGGCGGAGCCATCTCGATCCTGTACCTGATCAAGAAGCGGGCCGAGGACAAGGGAACCGAGAAGGGCTACCTCCTCCGACTCCCCGATTCGCGCCGCATAGACGTGATCGCCTACCGGCTCTTCGCCTTCGCCTTCCCGCTGTGGACGTTCACCATCGCCGCCGGAGCAGTTTGGGCCGAGTACGCCTGGGGCCGCTACTGGGGATGGGACCCCAAGGAGGTCTGGGCGCTGGTCACCTGGGTGATCTTCGCCTGTTACCTCCACGCCCGATCGACCGCCGGCTGGAAGGGCGGACGGGCCGCCGTCATCGCCCTGCTCGGGCTTGCCGTCTTCTGGTTCAACTTCATCGGAGTGAACCTGCTCCTCTCCGGGCTCCACTCCTACGCAGGCATCTAACCAAGAAGCGAACGGTTGACATCGATACCCCTGGGGTACGACAGCGACTCAGCCGTTACCGCGGCACCACCAGCGAGCTCGACCCGTCTCAAAACGACACCCGGCCGCTTCAGGGCCCCTACGGCTTCAAGCCTTTCGCAGTGAACCAAGGCAGTGGATTCACCGTCCGGTAGACATCGCCGGGAGTGACGCCAGCGGGGTACAGCTCCAGGTGTGTGTGCGGGCCGAACGTCCGGCCGGTCATGCCCACCCGGCCGATGACCTGACCGGCGGCAACCCGCTGCCCGGTGCGGACCGCGGCCGACGCCATGTGCGCCATCAGCATCTGCTTCCCGTCGGGGAACTTGATGCTGACGTAGATGCCCGCCCAACCGCTGGCCGGACCGGTACCGCCGTTGGTGACGACCCCATCGGCTGTCGCTCTGATCGGTGTCCCGATCGGGGCAGCGAAGTCCACGCCAGTGTGATAGCGCGACCAGGATCCGACCTGCCCGAACGTGGCGACGATGTTGTAACTTCCCTTGGCGATCGGCAATGCCCCGCCCCCGCTGCTCGTGCCGCCTGCAGTGTCTGAACTGCCGAGATCGGCAGTACCGCTGTCGGAGCCGTTGTCGCTCGATGCCGAGTCGGTCCGGCCGACCGCCGTGCTACCGGAGGATGCATTGCCCTTGCCCGCGTCAGCTTCTTGGGCCGCTCGCATCTGCTGTTGACGCTGCTCCTTGCTGAGCGTTCCCGATAGTTTGCGGCTCTTCTCGGCGTCGGATTTCAACGCCTCTGATCGTTGCCGGGCAGCCTCCTCCGCCCGCGTGTCCTCCTGGCCGGTGTCGACAACCTTGCTGTTCTTCTGGGCTGCCCGGCGCGCCGCCATGTCGACGGTGCCGTCGAGAGGCTGGCCCGTGCTCTGCTCCTCGCTACTGCCGCTGCCTTGGGTATCGCTGCGCTGACCACTGCGTGTTGCCTCCCGAAGGCCCGCGCGCGACCGGCCAGAGGTGTCGGCCCGGTGCCCGGTGGAGCCCGCGTCATCGGGCGCGCCAGCCGTACTGGAGATTCCGGTGACCGCAGGGTTCGCCTCATGGGCAACGCCGGTCATGGCGACCGCGCCAGCGCCGGCAAGGCCGAGTCCTGCGATGGCGGCCGCGGCAATGCCGTGGCGGATCCAGCTGCGTCTGTCCCGTCCGATGTGATCCAGGGCTCGGCCAGCTCTTGCTGCGGTGCCCGCGCGCAACTCGCCGACGCGGGTTCGCAGCTGACCGAGGCTTCGCCGCTGGCGACCGTCGGGACTCATTCGGCTAGAACTCCTCGTGGGATGGGAATGACCGGACCGCTAGAGAATAACGGTTCGATAACATCGATGAATGCTGGCTTGGCCAGACTTGAGGAAATGCTCACGCCTTCGGTGGCGGTCAACGACCGCTCCAGGCCATGATAGGTCAGCCACTGCTGTATAGTTCAGTGGATGCTGACCATTGCTTCGCGCCTTGACGTCATGAACCGGCTCGGCCGGGCGATGGCGGACCCGACGCGCTCCCGGATCCTGATGTCCTTGCTCGGCGGCCCGAGCCACCCGGCCGTGCTGTCGCGCGAGCTCGACCTGACGCGCTCGAACGTGTCGAACCACCTGACCTGCCTGCGCGACTGCGGGATCGTGGTCGCCGAGCCGCACGGCCGGCAGACCCGCTACGAGATCGCCGACCCGCACCTGGCCGCGGCGCTGACGACGCTGGTGGACGTGACGCTGGCGGTGGACGAGAGCGCGCCGTGCATCGACCCGCACTGCTCGGTGCCGGGCTGCTGCGCCGTGACCGGCTCGGGGGACGCCTCGTGAGCGCCGCCTGCGGCTGCGACGAGCCGACCACCAGCCCATCCGAGGAGGCCGAGGAGACCGAGCGCTCGTGGTGGCGCGACCCGGGACTGGTGGTGCCGATCCTCTCCGGCGTCGCGTTCGGCACCGGCCTGGTGCTGGAGTGGTCGGGGATGCACATCGCGGCACTGGCCGCGTTCTGGGCGGGTCTGCTGCTGGGCGCGTACACGTTCGTGCCCGGCGCTCTGCGGAACCTGTTCGTCAGGCGGAAGCTGGGGATCGCGCTGCTGATGACGATCAGCGCCGTCGGCGCGGTGATCCTCGGCTACGTGGAGGAGGCCGCCGCGCTGGCGTTCCTCTACTCGATCGCCGAGGCCCTGGAGGACAAGGCGATGGACCGCGCCCGCGGCGGCCTGCGCGCGCTGCTGAACCTCGTGCCGGAGACCGCGACCGTGCTGCGCGACAGCGCCTCGGTCGAGATCCCGGCGAAGGAGATCGCCGTCGGCGACGTGCTGCTGGTCCGCCCCGGCGAGCGGGTCGCGACCGACGGGCTGGTCCGCGCGGGCCGCTCCAGCCTGGACACCTCGGCGATCACTGGCGAGTCGATCCCGGTCGAGGTCGCCCCCGATGACGCGGTCTCCGCCGGCGCGATCAACACCGCCGGTGTGCTGGAGGTCGAGGCGACCGCGGCGGGCACCGACAACTCGCTGACCACCATCGTGGAGCTGGTCGAGCAGGCCCAGGCCGAGAAGGGCGAGCGTGCGCGGATCGCCGACCGGATCGCCCGCCCGCTGGTGCCCGGGGTGATGGTCCTCGCCGTCCTGGTTGGCGTGCTCGGATCGCTGCTCGGCGACCCCGAGACCTGGATCACCCGCGCCCTGGTCGTCCTCGTCGCCGCCAGCCCGTGCGCGCTGGCGATCGCGGTGCCCGTCACCGTGGTCTCCGCGATCGGGGCGGCGACGAAGTTCGGCGTCGTCATCAAGAGCGGGGCAGCCTTCGAGCGCCTCGGTGGCATCCGCCACCTCGCCGTGGACAAGACCGGCACCCTGACCCGCAACCGGCCCGAGGTCACCGCCGTCGTCGCCGCCGACGGCTTCGACGACGCCCAGGTGCTGGCCTGGGCCGCGGCCGTGGAGCAGCACTCGACGCACCCTCTCGCCGCCGCCATCGCCACCGCGGGCCAGGGAGCCCCCGCCGCGCA
NZ_CP116236.1_gap99	3170933	3174617	3684	ACTTTGAAGAGCCCGTAACAAGGTCCTACGACAGCTTCGCGATGGCTGCCTGCTTCGCCGATCTGAACTCGTCGTCATCAAGCAATCCTCGTTCGTGCATATCAGCAAGCTTGGCCAGTTCATCTGCCAATCCGCCTCCGGGATATCCGGATACCGGCGCGGCCTGCTGAACGATCACTTGTGGCCGCTTTGCCTCTGCCACCTTGCGCTGCAGTTCTTTCAGTTTCGGCTGAACCTGTTGGTAGAGAGCCTTTGGAAGTGGAAGGCAGTTCGAGAGTTCGTGAGGGTTCCGCGAGCCGTTCTTGCTCGAGTTCCAGAAGTCATGATTTGCAGTTCCCTGGTAACTCGGAGTAAGCACTTCCAGCACGCCGTTCACAAAGCCGCTGTTGTACTCGATGTTGGTGATATCGGTGTAATGAAACACGGTCTCCCGTCCACCGCCTGTCGCACCGGCCATGAAACCGGTCATTCCTCCCGTCTTGGAAATCACCAGGCGATCCTCGAAGGCGAACAGCCGACCGTCTGTGCCCCCATTGATGATGAACCAAGGAAGCTCATCATCGTGCGCATGGCGATCGACTGCCTCCCACCACTTGTCCTTCATCGGCGATCCGAAGACCTCAACATGATCACGCCGTTGAATGCGGTCTGCCTCTGCAGCCTGCGAGGCCGCGTACTCCTGATTGCGTCGATTCACCGCCTCGGCCATTGCCGGATCGATACCATTCCTGGCAAGGTAGTCGATGTAGTGGCGGGCGAAATCCACTTCACTCTGATCCAGATTCCCAAAGTTGACTTCAGTCATCGCGGTGTTTACGACGAGACTCGTATTACCCATCTTGACCGGAAAATTCAGGCCTCGAATTTCATTCGCGTAGAGCGACAAAGGCACGCGCTTCTCAGGGTCCCGATCGGCGGCATAGAAGCCAATGACGCGGGCATTCGTAACAGCGGTTGCGTTCGTGAGCGGCTTCATGCGGCCTCGGCCGAACACCGCCCAGACCGTCTCTCCGGGTAGCAGGACAGGAGCGAGAGCCTGCAGCCACTTTTCCGCATTCTTCGCCTTGATCTTCGGACTAAGCTCCGCCATCACACACCTTCAATCGATCCCACTGCACTGTCGCATCTTGACATACGAGTCGGACCGGACGGCCGTTTCGTTACGACTGTAGTCCGGCCAGACGAATGCGTCGCGGAGGTGGCCAATGGGTAGAGCACACCGCGCTGAGTGCCAGCGGTGAATCGCCCGTCACTGGACCTGCCTACGATGAGCACCCGCACGCGGCCGACTGCTCCAGAAGCAGGTACCCGATTCACACCACGACAGCGATTCACCCTCAGTGCGAACTCCAGTCGATGGCCGCGAGCGCCGTTGGAGCTTTGCCGTCGGATGGAGGGAAATCCACGAATGCCCATCGCGTAAGAACCGACGAGCAGAATACAACATGTCGACTGAAAGAATGCCGTTTATACAGCCGTCAGCATCCTGATCGTCGGCAGCGCGGCAGACTGCAGCTCCGAAGCCGACACTCACTCGACGTCGACCCCGACTGTCGCGGCGAGCACTCTGGACGCCCCCGACGATCCTCTACATGAACGTCGGTCAATCGAGCAGCTGGAACTGCCCCGCAGCCGAGGACGAAAGCTGTTCAGAGGCCCTCACCGTCACCGCACTCGACAAAGTGTCCGCGGCCAACCGCGGGCCAGCTCACCAGATGTTCCCGGCCACAACGGTTGACGCCTCGTCAACTTTCACGCTCCAACTCACTCCTCGCCAACTTGCCCCGAGGTCGCCGTATCGGTCCACGCCCCGCCGCTCGTTGACCGACACGGCGACCCGGGAATGCCACTGGGTCAGAAGCGGTCTCGCCGGTCGCGGCATCGACGGCAGTGAGACTGCCGACTCACCTCGTTCCTGGTAGGTGAGCTCCGTCAGCCCAGGACATCATGAGCCATCAGCTCATGACCGCCCCACCGTCGACGGCGATCGACTGCCCGGTGACGTTGCGTGCCTTGTCGCTGAGCAGGAAGGCCACCATCTCGGCGATGTCACCAGCAGATTGGGGCCGACCCATGGGCACCATCTGCTGAACGAAACCGGCGAACACGTCGTCGTCAGATACTCCCTCCAGAGAACTGTCGCGACCGCGCAGCCACGCAATGGTCTGTCGCCACATATCGGTGAGAATCAGGCCGGGGAGCACCGTGTTGCAACGTATTTCGCGCAGCGCTCCCGACCGCGCGACACTGTGGCCGAGTTCGATGACAGCGGCCTTCGACGCCCCGTAGTGCGTGAGCATCTCATTGCCGAGCCGGGCGCCGATGGAGGCGATATTGACGATCGCGGCGGGCCCGTCGGCCCGTTTCACCAACTCCTGGCAGGTGAGGAAGGTACCGCGAGCATTGACGGCAAACGTGTTGTCCCACAATTGTTGATCGATCTCGACCAGCGGTGTGAACAGTCCGGTGCCCGCTGTGTTCACCAGGCCGCACAGGGTCCCGGCCTCTGCGGCCGTATCGAACATCGCCGACACCGCGGCCGCATCGCGAACGTCACAGGCGATCGGCACCACATCGGCGTCGACCTCCTGCCAGCGTGGATCTGATTCCCGCTCAGGGTGTTCCGCCGAGAGGTCGGCGAGAACGAGCACGTCGTAATCGGCGGCCAGGCGCAGTGCGATCTCGGCTCCGAGGCCGCGGGCGGCGCCGGTGACAATGGCTACGCGAGTTGTCATGCGCGTCGCTCCCTACACAGATGGTTCGTCATCGAATGAACTCCTTTGGATGAATCACACAGCGTCGTGTGACGATCACCACCTTCTGATCGGAAGCGCGGAATGTCCATGTCGCATTGCCCATTCGGCGTTAAGCAGATGAGAAACGACCCAGGTACCACCGACCGGTCCACCGAGGAACCGGCCCCTTCCAGGTCAGCGAGCTTCGCGGCGTCCGGTGCGGACCGACGCAACCGCGCGCCGAAGTGCGTTCACGAGCGGCGAGAAATCATCGGCGCGCGTGCACAGCGACAGTGGACATGGATCGATGTCTTCGATCGGCACGAAGACCACCCCGGGATTGCGGTACGCATCGGCGACAAACTGTCCGGTGATCGCCATCGCTTGCCTGGCGGCAACCACCTCCAGCAGCTCGTCCATCGTCTGGACCGATGGCCCGTACCGCACGGGCTTCCCACCGGGACGGGGATCGCATGCCCACCAGCGGACCCATGCGGGATCCGCCTCATCGTCGGCGACATGCAGCTCATCGTCGAGTTCGCCTATGCCGATCGACGTTCGAGCCGCGAGCGGGTGGCCGGTGGGCAGCGCAGCAACCCGCCCTTCCTGCACCACCACGTCAAAGCGCAAGCCACTCGTGTCGGTGACCGGCGGACGTACCAGTGCAGCGTCGACCTGACGCTCACGAACCGCCGAAATCTGTCGGGGCCAAGGGAGCTCGAGCAATTGCACTGTCGCCGAGGGCATCGTCCGCTGTAGTTCGTCGAGGACCTCGCGCAGGTGGATACCGGTGCTCGCGGTCATGAATCCCAGACGTGCCGAGCTTGCGGCCCGCCGCCGAAAGGCCTCCGCCGAGGCGACGGCTCGGTCCGCGGCGTTCAAGGCCAGTCGGGCGTCGGTCAGAAAGGCGCGACCCGCTTCTGTCGGGACCACGGGGTGGGAGGTGCGA
NZ_CP116236.1_gap100	3176765	3177834	1069	TCGTTCGGCTTACCATCACGGCGATCTGCCCGCCACGCTGGTCCGTGCCGCGATCGAACTCGTCGACGCCGAGGGCGCAGACGCCGATCTGTCGCTGCGAGCCGTGGCGCGCCGGGCCGGGGTCTCCACCGGCGCCCCTTATCGCCACTTCGCCGACCGCAACGCGCTGTTGTCCGCGGTGGCTGCGGTGGGCTATCGCGAACTGGCCACCACTCTGCAAGCAGCGCAACGGAATCCGAGTTCGACTCAAGATCTCGCCGATATCGCGGTGGCCTACGTGCATTTCGCCATCGACCGACCTGGCCTGTTCCGGATCATGTTCGGCGGCGTCTGCGACACCGACAACACCGAGCGGGTCGAGGCGGTCGAGGCCATCCACGCCTATCTCCGCGACGTCGTGAAGCGCGCAATCCCCTCGGACACACCGGATGCCACGGCCACCGGCGCGTGGGCGCTGGTGCATGGCCTCGCATTCCTCTTCCTCGACGGCAAGCTCGATTCGTCGACGCCGGACACGATCGACTCGACCATCCGCTCCGTCGTGCTGGCGTCTTTGCGTCACTGACCTCGCTCAATCCGCAGCCAGTTCGTCAATGTTGACAGCGTTCACTTCATCGCTCTACCCTCATGTGAGCAATGCATACATACGCACGAGGAGTAACTCGATGACCAGCCCCAGCACCACCGAGGACACCGTCGACGTCGACCTGGGCGGACGCCTGGTCTCGGTGCCGCGAGGCGGCATGTTCGACCGCTACCGGATGGACGCGCCACTCGACGAGGTGGCGGCCATGCCCGGCGTGCCCGGCGTCGACTTCTTCCGGACTCTCCCGAAAACGCAGGTGCAGTCACCGATCGGCACCACTCGCACGCCGAACTTCTACTACGCGATGGCCTCGGCTCGGCTCACGATGCTCGCCCCGAGTCGCGCGATCCGCGCTCGCATCCCCAGCGAGCTCGCACCCCTGGAGATCGCACCCGGCCTCGGACTGGTGTCGGTGATGTTCTTCCGATATGACGTGTGCGACATCGATTTCTACACCGAGGCGGCTGTCGGGGTCGCGGTGCG
NZ_CP116236.1_gap101	3211236	3213019	1783	CCGTCGGCGCCGATCACCACCTCGGTGGGCCGACTCGGATCGGTGGCCTCAACCGTCCGGAGTAGCCATCCTCCCGGCAGTGGTTCGATCTCGCACAGGCCGAGGTCGGGTACGGCCGTGCGGCCGGGTGCGAGTCCCGTCGGGATGCTCAGTCGCGCCCGCGGTGCCACCGATCCCACTGCGGCCACCCAGCCGTCGCGGTCGACGGCCATGGCCGGACCCTCGGTCCGCGCGAGTATGGGCGCGGCGACCGCCCGGAGCTGGTCGAGAACGCGTCGATGGTGTTCGCGCAGCCGGGATTCGGCGAGCCGGGCAACGGTGTCGACCAGGGCCAGCGTGGTCGGGTGGATCGTGGCCGCCGGACCACTGACGTCGACCACCCCGAGCACGTCGCCGCTGCGTGGATTGCGGATGGGCGCACCCGCACAGGTCCATGTGTGATGGGTGCGCACGAAGTGCTCCGCGGAGAACACCTGAACCGCCCGCCCCGACTCGAGGGCGGTGCCGATTGCGTTGGTACCCACCGACGATTCCGCCCAGCACGCACCCTCGACGAAACCGAGCCGGTCGGCCCGATGCAGCACCTGGTTGGCACCGCTGCGCCAGAGCACATGCCCGGCCGCGTCGGCGACGACGAGAATGTTGTGGCCGTCGGAGATCACCGCATCGAGGCCGAAGGTCAGGTCGTCGAGGACCTCGTGCAGTCCCGACTCGTTTCGACGCACCTCGATCTCGGCCACGTCGAGAGTTGCCGCATCTGGACCGTGGTCTGGGTCGACCCCGGCGCCGAGGACACGTCCCCACGATTCGCTGATGACCTGGCGGGGACGGGCCGGCGGCTTGTCGCCGGCCATCGCTGCGTCGTACACCGCCGAGAGGACAGCCGCGAACTGGCGCGGATCGTCGCCGGCGGCGACGGCGGGCTCGAGTCCGGCTGGCAGTGTCGACACCTCACGATTGTGCGCTCGGTCACAGCCGATTCGCAAAGACACCACCGGGGTTGCATCGGGTTGCAGTCCCGTGCCCCGCACGTCGCAACTGCCCCGCACGTCGCAACGGGATGCAACCCTTGCCGTCACGCATCGACGGCGCGTGTGCTGTGAGTCACATCAGAGATGACCGAAGGGAGCTGGCATGACCCAGACACTCGAACCCGATGTGGCGACCGCCGCAGACCAACCGCCCACACCACAACAGCGCGCCACCCGGTGGCTCGATCGATTCGAGACCGCACTCGCCGCACGCGACATCCCGGCAGTGACCTCGATGTTCGCCACGGACTCGTTCTGGCGCGACCTGGTGTCGTTCACCTGGAATCTGAAGACGGTCGAAGGCCGCGAGCAGATTGCCGACATGCTCGGCGAGCGCCTTTCCGACACCGCCCCGTCGGGCTTTGCCACCAGCGAACCGGCCACCGACGACGAGGGGGTGGTCTCGGCGTTCATCGAGTTCGAGACGGCGACCGGCCGGGGCGTCGGGCATCTGCGTCTACGACCCGACGCCGACTCCGGCGAGGACCAGGCGTGGACCCTGCTGACGACCCTGCAGGAACTCAAGGGCCACGAGGAACACAGCGGCCCGACCCGGGTCATGGGAGCGGTTCACGGATCCAACCCCGACACCCGATCCTGGGCGGAGCGCAAGGCCGACGAGGAGGCCGAGTTGGGGCGCACGCGTCAGCCGTATGTCCTCGTCGTCGGTGGCGGTCAGGGCGGCATCGCACTCGGCGCCCGACTACGCCAGCTCGGCGTTCCGTCGATCGTCATCGACCGTCATGATCGCC
NZ_CP116236.1_gap102	3216396	3218359	1963	TCCCACCTCGCCAACGAGAAGGGACTCGCCACCGGCAAGGTGGGTGTGCTCTCCGGGGCGATCCTCGGGATCTCGACGGTGGCTCCCGGCTACACCCTCACCGCCAGCATCGGTTTGATCGTCGCAGCGGTCGGTCTGAAGATGCCGGCGATCTTCATCGCCGGGTTCATCCCGATGTTCCTGACCGCCTACGCCTACCGTGAGCTCAACTCCGACACCCCGGACTGTGGCGCCTCGTTCACCTGGTCGACCAAGGCCTTCGGGCCCTACGTCGGCTGGATGTGTGGATGGGGCATGGTGGTGGCGACGATCATCGTGCTCTCGAATCTGGCGGCGATCGGCGTGCAATTCTTCTACCTGATCATCGCCCAGATCGCCGACCGCCCCTCGATCGCCGATCTCGGAACGAACAAGCTCGTCAACATCCTCACCACGCTTGTTCTCCTGGCAATCGCCACCTGGGTGTCGATGCACGGGATCACCACCAGCGAACGTATCCAGTACGTGCTCGTGGGCTTTCAGATCATCGTGCTGTTTGCCTTCGCGATCATCGCTTTCGTCAAGGTCGGCGCCGGCGACGCCCCCGCCGGCATGTCCTTCGACATCGATTGGTTCAACCCGTTCACCGGTTTGACGATCTCGGCATTCGCCGTCGGACTCACCGGCTCGATCTTTGCGTTCTGGGGGTGGGACACCTGTCTCACCCTCGGTGAGGAGTGCAAGGACCCGCAACGCACCCCGGGGCGCGCCGGAATCCTCTGTGTCCTGTCGATCCTGCTCACCTATCTGCTGGTCGCGGTCGCGGTGATGATGTACGCCGGCGTCGGCACCGACGGGGTCGGTCTGGGTTCGGAGGCCAACGCCGAGAACGTCTTCGGTGCCCTGGCCACACCGATCCTCGGTCGATGGGGCGGATTGTTGCTCTTCGCCGCGATCCTGGTGTCATCGATCGCGAGCTTGCAAACGACGTTTCTCCCCGTCGCCCGCACCATGCTCGCGATGGGCACGTACGGCGCATTCCCGAAGAAGGTCGCCGAGATCCATCCGCGATTCCTGTCGCCGGCGTTCGCCGCACTGGTGGCCGGGATCGTGACGGCAGTGTTCTACACGGTGGTGACGGTGCTGTCCGAACGCACATTGATCGACACGATCGCCGCCCTGGGCATCATGATCTGCTGGTACTACAGCATCACCGCATTCGCCTGCGTGTGGTACTTCCGGCGCACGCTGTTCTCGTCCGCACGGAACTTCGTCTACCGCTTGCTGTTCCCGTTTCTCGGTGGACTCGCTCTCATCGTCGTGTTCGTCATCTCGGTCGGCGAGAGCATGAATCCCGACAATGGCAGTGGCGCGTCCATTTTCGGTATCGGCCTGGTCTTCTACATCGGATTCGGACTGCTCGCCGTCGGTGCTGTGGTGATGATCTATCTTCGCGCACGCCATCCTGCGTTCTTCCGCGGTGAGACACTGCCACGCACGACGCCCGAGGAATCGGTACCAGCGCAGTAAGTCGGTGGGAGTTTGTGTGTCGACTTCGGCGTTGTGTGTCCTGCAGGGCACACAACGTCGGAGCCGGCACACATACATGTGTGGTCGAGCTGTGTGCGACCGGGCCTCGAGTAATAAGGGTTGAATGGGGGATGCCCCGCAACACGGTGTGTGTTGCGGGGCATCCCCGGAAATTAGTGTTCGGCGGTGTCCTACTCTCCCACACTGATTAGGGTGCAGTACCATTGGCGCTGGTGGGCTTAGCTTCCGGGTTCGGAATGGGACCGGGCGTTTCCCCACCGCTATAGCCGCCGAAACTCTCTGAAACTCGCACCAGACGAGTTTGTTTATCTCCTGGTGTTGTTTCAGAAGTGCATAGTGGATGCGACACATCTTTTATTCTTTGAGAGTACAAAAAGAATAAGGATGTTGTTGTAAGTCCTCGGCCGATTAGTACCAGTCACCTACACCCATT
NZ_CP116236.1_gap103	3226423	3228013	1590	TGCTCGGCGATGTGGAAATTCTCCGACCGGACGATCTCGCGCATCATCGTCCACGTGTAGGAGACGACCGTGATGCCGTAGCGGCGAACCTCCACGGCAAAGGTCTCTGCATCGACCCCGTTGGACAGCGCAATTCGGGAACGCCCGACGACGGTGGCACCGAGTGTGGTGAGCAGCCCCGACGCATGGTGCAGCGGCGGAAGGCAGTACACCGTGTCGCGATCGGTCAGGCCGGCCGCCGACGCGGCCCCGAACGCCGACATCGCGAACCGATGGTTGGTGATGGGCCAGGTCGCGAGTTTGCCCTGTGACCTCGTGAAGAGGATGAACGCCAGGTCGCCCGCCAACCCGGGATCGGCCCGGTACCACACCGGCATCTCGACTTCGGCTGGGTCGATCTGTTCCATGTCGACGATGCGGTGACCGTCGGCACGGTCGATCACCCGGGTGTCACCACTGCCCCCACCCAGGATCAGCACCCGATCACTGTGCGCCGCAGCGGTCTCCAGGTTCTTCGGGTCGGTGATCACCACGCCGCAGTCGGACAGACGCAACATCTCGTCGATGTCGCCCTCGGGCGAGAGCATCACCGCCACCGCGCCCAGTCGCGACAGCGCCGCCACCACGACCAAGGCGCTGGGGCGGGTATCCATCAGCACGCCGATGTGCTGGCCCGGACGGATCCCGCACGACACCAGACCGGCGACGACGTTGTCGATGCGCGCGTTCACCTGCGCGTGGGTGAGTACACGGTTCTCGAACAGGAACAGTTCCTTCTGCGCGCCACGTTTGGCGTTCTCCGACATCAGCTTTCCCAGCGAGATCTGGGTTCCGGCCTGGATCTGGCCGAGTCGCAGGAGTCGGGGCACGGTGCGCACCGACTCCTGGGCGACGGCGATCGACGACCGCTGCAGCGATGAGGCGATGCCCATCAGGTCGCGGGAGACCCCGGCGCCGGCGTCGGCCACCGCACCGAGACCGTGAGTGATGCGGGACGCCACGCTCACCCCCGACCCACTACCGGGCTCGGGAACCGTCATCGTCTCCAGTCCCTCGGGCTTGGGGCGCAAACCGGACTGCCACCCGATCCACTCCGCGGTGATCGGCCACGTCTGGGCGCCGGAGGTACTGCCCACAACGAGTCCGAAATGTCCGACCGGTACCCGCGATTCGTAGACCTCCGCGTCGGGGGCGGCGCGGACGATCCCCCGCACCGCGGCCGGCTGGCCGATGTCGTCGGCCTCGCCGACGAACGCGAGGATGGGACAGGTGATCTCGGCGAGAGTGACCAGTTCACCGTTGATGACGAATCCACCGGACACCATGCGGTTGTGAACGACGAACTGTCGCAACAACTCCGCGATCGCCGGGCCGGACCACGCGACCCAGCCGTCGGATTCGAGGAAGCGCCGTTGATCTTCACGCGGCAGCAGGGCGTCGCGGTCGTGGAGCTGCCGCAGGAAGTCCAGTCGGCTGCGTGCGGTCTTGACCGGGTCGAGCATCTGGAATCCCAAGCGCGCCAACCATCCGGGTACCCACAGATGACTGACCACGCGATCGGCGAGGATCTCGGCACCGGGAACCACCAGC
NZ_CP116236.1_gap104	3229409	3234207	4798	ATTCTCGGCCGGCGCGTCGAAGCCCAGTTCGGTGGCGATCGCGCCGGGGTCGAGTCCGAGCGACGAACCGGCGAGGGCGCCGGAACCGTACGGCGACACCGCGGTCCGCCGGTCGGCATCACCGAGGCGATCGATGTCACGGATCAGCGGCTGGGCGTGGGCGAGCAGATGATGCGCCAGCAGGACCGGTTGCGCGGCCTGCAGGTGGGTTTTGCCGGGCATCACCGCATCAGGATGCGCGGCGGCCTGGGTGGTGAGCGCGTCGACCACATCGAGCACCCCCAGTGCAACCCGGCTCATGGCCTCACGCACCCACATCCGGAACAGGGTGGCCACCTGATCGTTGCGCGACCGGCCGGCACGCAACCGCCCGCCCAACTCGGCACCCACCCGGTCGATCAGTCCCCGCTCGAGGGCACCGTGGACGTCCTCGTCCGACGGCGCCGGGCCGAAGGTGCCGTCGGCGACGTCGGCGGCCAGGCGATCCAGACCGTCGAGCATCGCGGTGAGGTCATCGTCGCCGAGCAGTCCGGCCGTGTTGAGGACCCGCGCATGCGCCTTGGATGCGCGAATGTCGAAGGGCGCCAACACCCAGTCGAAATGCGTGGACTTGCTCAGCGCCGCCATTGCCGCGGCCGGGCCGTCGGCGAATCGGCCACCCCAGAGCGAACCCTCGTTGGTGCCCCCGGCTTTCTCACTCACCGATCAGATCCCGGCGCGCCGCGATCTTCGACGACAGACCGTGCAACTCGACGAATCCACGGGCTGCGGACTGATCGAAGCTGTCCCCCTCGTCGTAGGTCGCGAGGTTGAAGTCGTACAGCGATTCGGCGCTGCGTCGACCGTTGACCGCGATGTGTCCGCCGTGCAATGTCAGCCGGATGTCACCGGAGACGTGCTCCTGGGTCGACTCGACGAAGGTGTCCAGCGAACGCTTGAGCGGCGAGAACCACAGACCGTCGTAGACGAGTTCGGCCCACTTCTGGTCGGTGCGACGCTTGAACCGTCCGAGCTCACGCTCCAGGGTGACGTGTTCGAGCTCTTCGTGCGCGGTGATGAGCACCATCGCGCCCGGGGCCTCGTAGATCTCACGGCTCTTGATGCCCACGAGCCGGTCCTCGACGACGTCGAGCCGTCCGACGCCCTGGGCCCCGGCCCGCCGGTTGAGCTCCTCGATGGCGTCGAGCACGCTCACCGGCCTGCCGTCGATGGCGATCGGGCGACCCTTGTCGAAGGTGATGATGACCTCGTCGGGCGAGGACCAGTTGATCGTCGGGTCCTCGGTGTAGGAGTAGACGTCCTTGGTGGGCGCATTCCAGAGGTCCTCGAGGAAGCCGGTCTCCACCGCTCGGCCCCATACGTTCTGGTCGATCGAGAACGGGGACTTCTTGGTGACGTTGATCGGGATCGCGTTCTCCTCGGCGAAGGCGATCGCCTTCTCCCGGGTCCAGGCGTAGTCGCGCACCGGGGCGATGACCTCCAGATCCGGTGCGAGCGAGGCGAATCCGACCTCGAAACGCACCTGGTCGTTGCCCTTGCCGGTGCAGCCGTGGGCGACCACGGTGCCGCCGTGGTCGCGCGCCGCGGTCACCAGGTGCTTGGCGATCAGCGGTCGAGACAGCGCCGAGACCAGCGGATACCGGTCCATATAGAGCGCGTTGGAGGTGATCGCCGGCAAACAGTAGTCGTCGGCGAACTCGTTGCGCGCGTCGACGAGGACCGCCTCGACGGCACCGCAGTCGAGTGCCCGCTGGCGCACGACCTCCATGTCCTCGCCCCCCTGGCCGAGGTCGAGCGCGACGGCGACGACCTCCTTGCCGGTTTCCCGGCCGATCCAGCTGATGGCGACCGAGGTGTCCAGTCCGCCCGAGTATGCAAGTACGACGCGTTCGGCCATGTCTTCAGTGAACTCCTGTTTCGAATGTGCACATCCATTCTCGGATGCGCGGTTGACTGAGGGTGATCGGGGTCCGCGGAAGCGGACTCGCGGTGATCAGGGCTGGTTGTCGGGTCTCCTGCGACGTGCGGTTGTCACACGAGACCCTCGATTCGTCGGGCCAGTTCGGCGCCGTCGATCGGGTCACGGGCGCAGACGAAGATGGTGTCGTCGCCGGCGATGGTGCCGACCACATCGGGCAGACTCGCCCGATCGATCGCGCTCGCGAGGTAGTGAGCCGCTCCCGGCGGTGTCCGCAACACCGCGAGATTGCCACTGGCGTCGGTGGAGACCAGCAATTCCGACAGCAACCGGGAGAGCCGATCGGTCCCGCCGAAGACCCCGCGCACCGGCGACCCGTCCTCGGGCACCACATAGACGCCGACCCCGCCGTCGGCGGCACGCAGTTTCACCGCACCGAGTTCGTCGAGATCGCGGGAGATGGTGGCCTGGGTGGCGTCGATGCCGCGAGCGGAGAGCAGATGCTGCAACTCCGACTGACTGCGCACCTGGTTCTTGGCGAGGATGTCGACGATCAGGGCGTGGCGACCGGCCCTGGTGGAGGCCAGCCGCGTCTCGGGCTGTTCGGGTCTGCTCGACGCCGTCATCGGTGCCCCAGCAACCAGATCAGCAATGCCTTCTGTGCGTGAAGCCGGTTCTCGGCCTCGTCAAACACCACACTCGCCGGACCGTCGATCACCTCGTCGGTGATCTCGTCGCCCCGATGAGCGGGTAGGCAGTGCAGCACAACGACATCCGACGCTGCCCGGGCCAGCAGGTCGGCGTTGATCTGGTACGGCCGGAACGGGGCCTTGCGGTCTTTTCCGTCGCCCTCCTGCCCCATCGAGACCCAGGTGTCGGTGACCAGCACGTCGGCGCCGGCGGCCGCGCTCACCGGATCCTCGATCACCTGGACCGACCCGCCGGTCAGCTGCGCACGTTTGTCGGTGTCGGCGATCACCGCGGGGTCCGGCGAAAAGCCCTCCGGCGCACTGATCGTCACATGCATCCCGGCGGTCACGCCGCCGAGCGCCAGCGAATGCGCCATGTTGTTCGCACCATCGCCGAGGTAGGTCATCCGCAGGCCCGCGGTGGTTCCCTTGTGTTCGATGATCGTTTGCAGGTCGGCGAGGACCTGGCACGGATGGAAGCTGTCGGACAGCGCGTTGATCACGGGAATCGTTGCGGTCGAGGCCATCTCGTCGAGACGGTCCTGACCGAAGGTCCGCCAGACGATCGCGTCGACGAAGCGCGACAGCACCCGTCCGGTGTCGGCGAGCGATTCATCACGGCCGAGTTGGGTGGTACGCCCATCGACGACGACGGCGTGGCCGCCGAGTTGGGCGATGCCCATCTCGAACGAGAACCTGGTGCGCGTCGAGTTCTTGTCGAAGATCACACCGACCCCGCGCGGGCCCTCCAACGGACGGTGCGCGAACGGGTTGCGCTTGACCTCCGCGGCGAGTGCGAGGACCTCGGCTTGCTCCTCGGGCGTCAGGTCGTCGTCCCGGAGGAAGTGGCGGGTCATGCCTTCTCCTTCGCATCGTGAGCTGCGGCATCGTGAGCAGCGGCATCGTGAGCAGCGGCATCGAGGAAACCCGGTAGGGCCGAGACGAATTCGCGACCCTGCTCCTCGGTGAGGATCAGCGGCGGCGCGAGGCGCACGACGTCGGGCGCCGGTGCATTGATGAGAAAACCGCCGCCACGCGCGGCGTTCTCGACGCGCGCGGCGATCGGCTCGGTGAGCGCGATCCCGAGCAGCAGACCGGACCCGCGGACGTGGTCGATCAGCGGATGCCCGAGATCCTCGACCCCGGTAGCGATCGCCTTACCGACCGCGGCGACATGGTCGAGCAACTCCTCGTCGTCGATCACCCGCAGCACCGCAAGCGCTGCCGCGGCACTGACCGGGTTCCCTCCGAAGGTGGTGCCGTGCTGACCGGGCGTGAACAGGTCGGCGGCATCACCGGTGGCGAGGCACGCGCCGATCGGTAGACCGCCCCCGAGCCCCTTGGCCAAGGTCATCACGTCCGGGACGACGCCCACCGCCTGGTGGGCGAAAAAGGTCCCGGTACGCGCGATTCCCGTCTGTACCTCGTCGAGGATCAGCAACGCGCCGTGCTCGGACGTGATCCGCCGGGCGTGCGCGAGATAGTCCGCCGGCGGCACCACCACACCGGACTCGCCCAGGATCGGTTCGAGGATGACCGCAGCCGTTCGTTCCGACACCGCCGACTCGAGCGCCGCCACATCGCCATAGGGCACGAAGTCGACACCGGGCGGCATCGGCTCGAAGGGCTCGCGCTTGGCGGGCTGTCCGGTCATGGCCAGCGCGCCCATCGTTCGACCGTGAAATGCCTTGTCGGCAGCGATGATCTGCGGTCGACCGGTACGCCGGGCGAGTTTGAACGCCGCCTCGTTGGCCTCGGTCCCGGAATTGCAGAAGAACACCCGGCCGGGCTGCCCGAACTTGTCGAGCAGCCGTTCGGCCAGTTCGACGACGCGCTCGTTGATGTAGAGGTTCGACACATGGCCGAGTGTTCCGAGCTGGTTCGCGACGGCGTCGATGATCGCGGGATGGGCATGTCCGAGCGCGTTCACGGCGATTCCGCCGAGGAGGTCGAGGTAGCGGTTACCGTCGGCATCCCACACGTGCGCACCCGCGCCACGCTCAAGGGTGAGCGCGGGGGTGCCGTAGTTGTTCATCAGCGCGGTCGTCCACCGCTGCTGCCAGGGTGCGGTCATGAGGTCGTGGCCTTCGGATCAGAGGTGTCGGGGTGAGCTCGGGATGCCGGTTCGGTGACCGAACCGGCGCCGGTTCGGTACGGCACGACGGTGGTACCCGCCGAACTCGACGTCAGC
NZ_CP116236.1_gap105	3239199	3241530	2331	CAGACGCTTCTGCATCCACCACGGCGAGATGGCGGTCGCGTCGACCCCGGCGATCAGGCGCGCGGTGTAACGGGTGGCGGCGGATCCCGGTTCGATGGCCACCGGCCACGGATCACCGCCGGCGACGATGGCCTCGCCGGGCAGGCCCGGATCGATGAAGGGTACCGAGAAACTGCTTGCGAGTTCACGTCCGAGCCCGCGGACGGAGAAGGCATAGCCACGATCGGGGGTGACGTTGACGTCGATGGCGGTGTCGTCGAGTCCGAGGACCTCACGCGCATCGGCACCCGGCTCGGCGGTGCCCGGTGCGAGCACGAGGATGCCGCTATGGTCGGTGCCGATCCCCAATTCCGCGACCGAGCAGATCATTCCGTCGGAGATACGCCCGTAGGTCTTGCGCGAGGCGATCTCGAACGGGCCCGGCAACACGGTACCGGGCAATGCCGCCACGATGAGGTCGCCCTCGGCGAAGTTGCGTGCACCGCACACGATTCCACGGAGTTCCGCCTCGCCGACCGCGACGGTGCAGAAGCGGATGGGCTTCTTGAATTCGGTCAGTTCCTCGATCGTCTCCACCCGGCCGATGACCAGGGGGCCGGTGATCGTCGGGAAGACGTCGATGTCCTCGATCTCGAAGCCGACGCGCACGAATCCGGCGTCGATCTCCTCGGCGGTCGCCGACCAGGTCGGGTCGCCGGCTCGCAACACCTCGGTGTACCAGGACTGTGGGGCACGCACGTCAATCAGCTACTTTCGATCGTTTGCGGTGTCGGGTGGCGCGATCAGATCGCAGGGCCGAACGGCAGGGAGAAGCGGACGTCACCCTCGACCATGTCGCGCATGTCGGAGATGTCATTGCGGAACTGCAGGGTGCGTTCCAGACCCATCCCGAAGGCGAATCCGGAATAGACGTCGGGATCGATTCCGCTGGCGCGCAACACATTCGGGTTCACCATGCCGCAACCTCCCCACTCCACCCAGCCCGGGCCGCCCTTCTTGGCGGGGAACCACACGTCGACCTCGGCGGACGGCTCGGTGAACGGGAAGTAGCTTGCTCGCATCCGCGTCGTGGTCTCCGGACCGAACAGTGCCCGCGCGAAGACCTCGAGGGTGCCGCGCAGATTGGCCAGCGTCAGGCCCTTGTCGACGGCGAGACCCTCGATCTGGTGGAACACCGGCGTGTGGGTGGCGTCGAGCTCGTCGGTCCGGAAGGTGCGCCCCGGACATGCGACGTAGATCGGGACGTCGCGGGTGAGCATCGACCGCACCTGAACCGGGGAGGTGTGGGTGCGCAGCACCTGTCGCGACCCCTCGGGCGCGATGTAGAACGTGTCCTGCATCGAGCGAGCGGGGTGATCGGGCAGGAAGTTCAAGGCGTCGAAATTGTGGTGCTCGGTCTCGACCTCCGGACCTTCGGCGATCTCCCAGCCCATCGCGACGAAGACATCGGCGACCTGCTCGGAGATGACCGTGATCGGGTGACGGGCACCGAGGGGGCGTCGACGGCTGGGCAGGGTCACGTCGACCGATTCGGCGACCAGGACGGCAGCATCCCGCTCCGCCTCGAGTTGAGCGGTCCGCGCGTCCAAGGCCGCCGACACCCGACCGCGAACCTCGTTGACGGCCTTGCCCGCCGACGACCGCTGGTCCTTCGGCAGACTGCCGAGCGCGCGCCGGGCCAGTGCGATCGGTGAGCGGTCACCGAGGTGCGCGGTCTTCGCGAGCGCGAGGGCATCGAGATCGCCCGCCGCCTCGAACGCCGACACCGCGGCGGAGGCGGCGGCGTCGAGTTCCGATGGTTCCGGGAAGCGCAGGTCCTCGGAACCCTGGTCGGCGGGGCGGTCGGCTGAGCTGGCCACGGGTGGTGATCTCCTCGGTGTCGTCACGTCCGGATTGTCACGTCTGGCGGATCACGCAATGCGCGACGGCGGACATCGACATCCCAGACTAGTCGACCCGATGTGGACGCACCGGCGCAGGTCGCCGCGCCGACCGGGGTGTCCGACGCCTGCGCGCGCATACTGCGAGTGCGGTCGGACTCGGTCGGCGGACCGAAGCGTGGTCTCAGTCCGACGACGCCGACCGACGATGCTGGATGCGAGCCGCCGAATAGAGGCAGATCGCGCTGGCCGCAGCAAGATTGAGGCTTTCGGCGTGACCGTGGATCGGAATGGCCACGCGGTGGTCGGCATCGGCGAGCAGGGTGCCGGGCAATCCGTGGGCCTCGTTGCCGAACAGCCACGCCACCGGCCCGGTGAACACGTCGTCGGCGTCGTCGAGGCTCAGTTCACCGTCGGCCGCGGTGGCCAGGGTGAGGATGCCGTCGGCGCG
NZ_CP116236.1_gap106	3397091	3400660	3569	CGCGGCCTTGGTCTTGATCGTGCCGAAGGTGATGACCTGGGCGACCTTGTCGCTGCCCCACCGTTCGGTGGCGTAGCGCACCATCTCACCGCGGCGGCGGTCGTCGAAGTCGATGTCGATATCGGGCATCGACACACGTTCGGGGTTGAGGAATCGCTCGAAGAGCAGTCCGTGCGGGATCGGGTCGATGTTGGTGATGCCCAGCGCCCACGCGACCAGCGAACCGGCCGCCGACCCGCGGCCCGGGCCGACGCGGATGCCGACCTCCTGCGCGTGCCGGATGAGGTCGCCGACCACCAGGAAGTAGGCCGGGAATCCCATCTGGATGATGACGTCGAGTTCGTAGTTCGCACGCTCCTGGTACTCCGCGGGCACCTCGGAGTCGGGGAAGCGACGTTCCTTGAGGCCCTTGGCGACCTCCTTGCGCAGCCAGGTCTCCTGGGAATCACCCTCGGGCACCGGGAAGACCGGCATCCGGTCGCGGTGGGTGAAGACGTCGGCGTAGCTCTGCACCCGCTCGCCGATCTCCAGGGTGTTGTCGCAGGCACCGGGCACGAACGAATCCCACTGCGCCCGCATCTCCTCGGCCGACTTCAGGTAGTAGCCGTCACCGTCGAACTTGAAACGGGTGGGATCGGAGAGGGTCTTGCCGGTCTGCACGCACAGCAGCGCCTCGTGCGCGGCAGCGTGCTCCTTGGTGACGTAATGGCAGTCGTTGGTGACGATGGGTTTGATGCCGAGTTTGCGACCGATCTCGAGCAGTCCGTCGCGGACCCGGCGCTCGATCTCCAGGCCGTGTTCCATCAGCTCGAGGTAGAAGTTCTCCTTTCCGAAGATCTCCTGCCACTTCGCGGCCGCCTCGAGAGCTTCACGCTCGTGACCGAGCCGCAGCCGCGTCTGCACCTCGCCCGACGGGCAGCCGGTGGTGGCGATGATCCCCTCGGCGTGTGCGGCGATGATCTCGGCGTCCATCCGCGCCCACTTGCCCAGCTGTCCCTCGATCGACGCCAACGACGAGAGCTTGAACAGGTTGCGCAGACCCGTGGCGTTCTCGGCGACCATCGTCATGTGGGTGTAGGCGCCCGAGCCGGAGACGTCGTCGTCCTTCTGGTCGCGGGTACCCCACAGCACACGTTTGGTGTTGAAGCGCGACTCCGGGGCGATATAGGCCTCGATGCCGATGATGGGCGTGATGTCGTTTTTCACAGCGGTGTTGTAGAACTCGCTGGCACCGAACATGTTGCCGTGGTCGGTCATACCGATCGCGGTCATCCCCAGGCGCTTGGCCTCGGCGAACAGCGGCGACACCTTGGCCGCGCCGTCGAGCATCGAGTACTCGGTGTGGTTGTGCAGGTGAACAAACGAGTCTGCCACGGACGCTTCTCACCTCTGGTGCGAGTCTTTGGGATAGGGCGTCACCAACTCTAGGCGCTGCGACCGACAGCCACGCCCGGGCGCGCCGCTGCGGGAAAGCTGTGGCAGGTGAGGCGCCGCACGCGGTGTGTCGTCGTCGGTGTGTCACGCCCGGCGTGTCGAATCGCCTCGCCGGTCCGGGCGACTCTCAGCCGTCGCGCAGCACGTCGAGCGCGTGCTGCAGATCCTTCGGATACGGGCTGGTGTATTCGACATGGCGACCGTCGGCGGGATGGGCAAACCCCAGCGACCGCGCGTGCAGCCACTGGCGGTCGAGACCCAGACGCGCGGCGAGCACCGGGTCGGCCCCATAGGTGAGATCACCACAACACGGATGGTGCAGGGCCGAGAAGTGCACCCGGATCTGATGGGTGCGGCCGGTCTCGAGATGGATGTCGAGCAGCGACGCCGCCGCGAACATCTCGAGGGTGTCGTAGTGGGTGATGCTCGGCTTGCCGCCCGCGGTGACCGCGAACTTCCAGTCGTTGCCGCGATGGCGGCCGATCGGGGCGTCGATGGTTCCCTCGGGCGGATCGAGGTGTCCCTGCACCAGCGCGTGATACCCCTTGTCGACCTCGCGGTCCCGGAAGGCGCGCTTGAGCAGCGAATACGCACGCTCGGACACCGCGACCACCATCAGTCCGGAGGTGCCGACGTCGAGCCGGGACACGATGCCCTGCCGCTCGGAGGCACCCGAGGTGGAGATCCGATAGCCCGCGGCGGCGAGCGCACCGACGACGGTCGGCCCGCTCCAACCGACCGAGGGATGTGCGGCGACCCCGACCGGTTTGTCGACGACGATGATGTCGGAGTCGTGATAGACGACCGAGAGGTCTTCCACCGGCGTGGGCTCGACCCGCAGCGGCTCGGTCGGCGCGGGCAGCAGCACATCGAGCCAACCGCCGGCGACCAGTTTGTGGGACTTGCCGACCGCGACGCCGTCGACGGTGACCTCGCCGTCGTCGGCGAGACGGCCCACGACCGTGCGCGACAGGCCCAGGAGCCGCGCCACCCCGGCATCGGCCCGCATCCCGTCGAGGCCGTCGGGAATGGGCATCGCCCGCGACTCACGCATCGGCGTTCCTCCCGGTCTCGGTGTCCGTGTTGGTCTCGGTGTTCTTGTTGGTCTCGGTGTCACTGCCGGCGCCGGTTTCCCGGTGATCGCCCTCCGCCGGCTGGTCGTCGGGGTCCGGATCGTTGCGGGCCGCCCAGCCCGAGCGGGTGCCGTCGTGGTCGTATCCGAGCAGCGACAGGATCACCAGCAGCACCGCCCCGCACACGACCGCCGAGTCCGCGACGTTGAACACCGGCCACCAGCCCACCGACACGAAGTCGACGACATGCCCGCGCAGCGGGCCCGGCGCCCGGAAGATCCGGTCGATCAGATTGCCCAGTGCCCCACCGAGAACCAGGCCCAGTCCGAGAATCCACCAGCCCGATCGGAGGCGGCCGGCATAGCGGATGATGACCGCCACGACCGCCAGGGCGATCAACGTGAGAACCCAGGTGTAACCGGTCGCCATCGAGAACGCCGCGCCACTGTTGCGGACCAGACGCAGGGTCACCGTGTCGCCGATGATCCGCACCGGCTCGCCCGGTGTGATCAGGGCCACCACAAGGGTTTTGGTGATGACGTCGAGAGCGACGACGGTACCGGCGATGGCGGCCAGAACGGCGAGTACCTTCGCGCCGCGATGCGTGCGGGGCGCCGTCGTCGCGGTCGTCATCTGCTCGTCGGCACCCGAGGTGGTGCCGTTGGTCGCTGAGTCGTCCACCCGTCCATCATCCCTGACGCGTGCAATACGCTGACTGCCGTGTCCCCCACGCCCGCTTGGTCCAGGATCGCCGCACGCCCGATCCGGCGCAGGCGCCGCCTGCCACGCAGGTCCACTGCCACGGTCTGGGCGACCATCCTCACCGGCGCCCTCGCGGTGAGTGCTTGCGGCTCCGGCACCGATACCGCAGCGTCGTCGCAACCACCGACCCCGTCCGGGCCGTGTGCCGCCGACCCCGGCACGGGCCTGACCCAGGCCACGCCGATCCCGATCCCGTCCGCGACCGTCACGCTCACCTCCCCCGGCGCGGCTCCCACCCGAGTCGCCACACCCGCACCCGACGTCGGTTCGGCACAGCAGGTGACGCTGTCGACCACCTCG
NZ_CP116236.1_gap107	3430685	3432534	1849	GGACTCGAGAATGCGCGGCGGGATGCGCAGTCCGTCATTCGCGATGGCCTGGTACATGCCGGTCATTTGCAACAGCGTCATCGACAGGCCCTGTCCGATCGGCAGGTTCGCGAACGAACCACCGGACCACTGGCTCAGCGCGGGAACCTCGCCGCCGCTCTCGGCGGGCAGACCGACGCCGGTGATGCGGCCGAGCCCGAAGCGGTTCACCATGTCGGCGAACCGTTGCTCGCCGACCTGCTGGGCCAACATGAGGGTGCCGACGTTGGAGGACTTACTGAAGATCCCGGTGGTGGTGTACGGGGCGACACCGTGCACCCACGCGTCGTTGACGGTCACCCCGGCCATGTGGATGCTGCCGGGAACCTGATGGACCTGTTCGGGTGTCGTCAATCCGTACTGGATCGCCGCCGAGGCGGTGATCACCTTGTTCACCGAGCCCGGCTCGAACGGTGAGGTCACCGCGGGGTTGCCGAGGTTGGCGTCGGGCTGATCCGACAACGGCTTGGATGCGTTGAACGTGCCGTCGTTGGCCATCGCGAGCACCTCACCGGTCTTCGCGTCGAGCACCACCGCCGACGCCGACCGTGCCCCGGATGCGGCCTTGGCCTTCATCACCTCGCTCTGCACGTACCACTGGATGTCGGAGTCGATGGTCAGTTGCACGTTGGCGCCGTTGATCGCCGGGTGGACGTTGCGTGTCGATCCGGGGATGATCGCGCCGTCGGAACCGCGGTCGTAGGTCTTGGAGCCGTCGGTGCCGGCCAGCACCGAGTCGAGTGAGGCCTCGAGACCGATCAGTCCGTTGCCGTCGTAATTGACGTCCCCGACGATGTTGGCGGCCAGCGATCCACCGGGATAGATCCGCACGCTCTGCGGATCGGCCCCGACCTCGGGGTAGTCGGTGGTGATCCGCGACGCGACGTCCGGGCTGATCGAGCGCGCGAGATAGACGAACGTCTCGTCGCTGGTGAGCTTCTTGTAGAGGTCGTCGGCGCTGATCGATCCGCCGAGCGCGCCCGAGACACCGTCGGCGATCTGGTGCAATCGCGTCTCGACGTCAGGCAGGCTGGGATTGTCCTTGTGCGCCTTGGCGATCGAGTTGCGCACCGCTTTGGGCAGAAAGGTCAACGACCGTGCCTCGTCGGTGTAGGCCAACGGTCGTCCGTTGCGGTCGAGGATCGCCCCACGCTTGGCGGTCATGATCTGCGTGTATTCGCGCTGCGCAGCTGCCTGTTGCGCCAGCGACGGTGCCTCGATGGTGTGGACCACCACCATGCGGATGGCCACGGCGATGACCGCGAGCAGTACCACCACACCCGCGATCCGACTGCGAACCACAAAGGTGTGCGGCCGCTTCGGGGGTTGTCGGGGGGGCCGCGGTGATCGGCCTGCTCCGCCGGCGGGCGATCGGCCTGCTCCGCCGGCGGCCGAATGGCCGGAGGCGGCCGGTCTGGTCGCACGTGTCGTCATGATCGTCAATTGTCCACCGTACTAACGCGTCTCCGGCGAATTTCCGCTCGGCGGGTTGCTCGTCGCCGGCGCGGGCACGGCCTGCGGCAGCACATTGGGCGCAGGCGCGGTCGCCACCGGGGCCGGCGGTGCCGTGACGGCACCGGCAGGTGCCGGGGTCGTCGGGGCCGTTGCACCCGGCGTCGCGGTGCCGGCCGGAGCGCCGGAACTCGGTGTGGTGGAGTTCGGTGCAGTGGAGTTCGGTGCAGTGGAGTTCGGTGCAGTGGAGTTCGGTGCGGCGCTCTGGGCGCCACCGAGACCCACCGAATCGTCGACCTTCTTCGGATCGATCGTGGCAGCCGGATTGGGCTGATCATCGGGATTGATCGAGGGCATC
NZ_CP116236.1_gap108	3434414	3438912	4498	GTAGTCACGCCATGCCTGTGCGTCCCAGATCTCCAGGTGATCGAAACTGCCGATCACCACACACTCCTTGGACAGTCCCGCGTACTGCCGATGCTCGGCCGACAGGGTGATCCGCCCCTGCCCGTCGGGCCGTTGTTCGTCGGTGCTGGCGAAGAAGTACCGCTGGAATGCGCGCGCTTCGGGATCGTTGCGCGACGCCTCCATCGTCTTCTCCGCGATCGCATCGAACTCCTCGGCCCGATACACCGACAGGCTGTGGTCCTGGCCGCGTGTGACCATCACCCCTCCTGCCAATGCGTCGCGAAACTTCGCGGGCAACGTGAGTCGCCCCTTGTCGTCCAACTTGGGCGTGTAGGTACCGACAAATCTCGTCGACATGTCGGCACCTCCCGCCCACCGGGTCCGGCGTTCCGGATCGCCTCACCCAGTGACGCCCACAGTACCCCACTTTCCACCACTTTCCACCCCAAACCCGCCTCGATTCCCCACCCGACCATAAACACGCAGGTCAAGAGCAGAAGTCAGGGTTCGACACGGCACGGATCGGTCGTGTCGTCGACAGGACAAGGCCTGACAGTTGTGGCCTGTGGTGAGGAATAGGGCTGGTGAGGTTGCTACTTCGGCCTCGTGGGGCGTGGTGGGGCATCGGGTGGGGCGCGGTGGGGAACGCGGTGGGGCGCGGTGGGGAACGCGGTGGGGCGTGGTGGGGAACGCGGTGGGGCGTGGCAGGAGGGACTTGATGAATCCGGTGGCCGAGCCCCGGAAGCGGGCATACGACAGCAGCCGCACACCCGTAGGGGTGTGCGGCTGCTGTGGTGAGTCAGTCGCGGAACCTCAGTGGGTTCGTCGCGGGATCACTCCTGCTCGAACCGGCGGTTGAAGCGGTCTTCCATGCGTTCGGTGAACTTGCGTTTGGGCGTTGCGGCCTTCGAGCCGCGCCCGCCCGAGCCGCGGTCGGCCGATGGCGGCGCACCCTTGCCGGGTAGCCCGCCCCAGAGCGCAAGCAGCGCGGCGGCGAACATGACAAGGAAGCCGACGAGACTCAGGATGGGGAAACCACCCACGTCGAGTCCGATGATGGGTCCCACGATCAACAGCGCGAGACCGAGGACGAAAACGACGGCCGCCTGGATGCGGCGACGACCGGTCGACCGCCCGAGGCGGCGCCGGGTAACGCTGGACGCGAACTTCGGGTCCTCCGCGTACAGAGCGCTTTCGATCTCTTCGAGCATGCGCTGCTCGTGCTCCGAGAGTGGCACCGACCCTCCTTACCTGTTACCGACGAGCCATCGACGAGATGTTCGCCGCGATACTCGCCTGATGACTGTGTTCGCGGCCTACGACCATGATACGAGGTGATTCCGGCGGCGACCACCATAACCGCACTCGTTGGATCGTTTTTGTGTTCGGGGCTGTTACCGGCGCCTATGCGATGACGTGGCGAGGCATCGATGCGTGACCCCCAACGGGTTGTGGCGCATCACGCAGGATGTGCCAGCGATCCGGATTGCGCACCATGTCCGCCTTGTTCGTAGGCGATCACCACGCCCTCGACCGTGTCCAGGAATGTCAACACCAGGCGATGCAGCTCGGCGACGACGACGGGATCGACGTCTCGCTCCAATCCGGCCTCGATGTTCATTCGAAGAACAGACCATGCGGCGAAGCGTTCGGCCTGTTCGGCCAGATCCGGCATGATCACCGCCAGACGATTCCACGCGTTCGACGACAACCCGCGCGTCGAACGGCCGCTGGTCGGCTCACCGATGGCCAGTGCGGCGCCGGCGGCCCGCAGCGCGGTGAGGTACAGCTGCCGGAAGCGTTCGGCGTCGTCGGTGATCCCGTCGGCGTTCTCGAGAAGGAGATCGGCACGTTCGAGCAGGTCACGTGCGCGCCCGACCACGATCGGATCCACCTCGACCTGTGTGGTCGTTCGACGTGTCATCATGGGCCTCCCTCCGTTGTCGCGGTGCTCACGGGCGGCCAGTTGGGCTGTACCGGCCGTTCCCTCGGGTCAACGCGGTCCGAGGGCAGGCGCTTCCCTCGCCCACCGCCGGACCGCGTCGGTCGTCGGGTGGCGGCGAACAGCTTGCGGAGGCACATTCATCGAACACCCGTTCGACGGATTCAATATTAGTCAGATCTGGTCGCCGGAGCAAGGCGTGCGGGCAACCCGATGCGCAACACCATGCCCGACGGCACCGACACAATGCCGCACTCGGCCGGGGTGCAAGGAACGACGACAGGAAGGACCGCACGTGACGATTCGGATCGCCCGTCTCGACGGACGTGACTGTGCGGTCTGGCTCGGTCCCGCGCTCGAGATCTACGTCACAGCGATGAATTACCCACGCGGGACCGAGATGCATCGCGCCGGATTGTGGCGCGAGCACATCCGTCGACCCGGCTGGGAGGCCTACGGCGCGATCGCGACCGCGCCCCACGCCGAGGACGGCTCGCTGGACCTCGTCCGCCGACGGTTGGAGCCGCCCCTGTCCCCCGGCGGCGATGAGGTGCTCGTCGGCATCGCCTACGGCTATCGCGGAGCGCGCGACCAATGGTGGAATCAGCAACTCCGCGCCGGCTTGCGATCGACCGGTCGGGACCCGCGGGTCATCGATGAGATCACCGAGGACTACTTCGAGCTGACCGAACTCCACGTCCATCCGAGTGCCCAGGGGCATCGGATCGGTGAATGGTTGCTGCATCGCCTGCTCGCCGACCGACCCGAACACCACGTCCTGTTGTCCACCCCGGAAATCGCCGACGAGGGCAACCGCGCCTGGGCGTTGTACCGGCGCATGGGATTCGGTGACGTGCTGCGCGGATTCACCTTCACCGGCGACCCGCGCCCGTTCGCTTTCCTCGGGCGACGACTACCCCTGGCCGCACCCACGATCGTGCCGGGCGCCGCCGCCGGTCCCATCGTTCCCGGCGAATCCGACCGCACCCGATGACCGGGCACCCGGTGGGCGATGCGATCGTCGTCGGCGCCGGCCACAACGGACTGGTCGCGGCCGCCTATCTGGCCCGGGCCGGGCGCTCGGTGAGCGTCGTCGAGCGCGACACCATCCCCGGTGGGGCGGTGTCGACCATCGAACGCTTTCCCGGATATCGCGTCGACCGGGGCTCGTCGGCGCACCTGATGATCCGCCACTCCCCGGTCCTCGACGAACTGGCACTCGCCGACGCCGGCCTGACCTACCTCGACTGCGACCCGTGGGCGTTCTGTCCGGCGACCGACACCGCCGGTCCGATCGTCTTCCGCACCGACCTCGACGCCACGTGCGCCTCGATCGAACGTGCCTGTGGACGTACCGACGCCGACGCCTACCGCGCCTTCGTGGCGACCTGGGCACCGCGCGCCCGAGCTCTCATGCGCTCCTTCTACGAGCCGGCCACGCCGGGTCGGTTCGCGCGTGCCTTCGGCGGGCTCGGCCCCACCGCCACCACCGCGCGGACCGGCCTGTTCGGTGCGCGATCGGGTCGGATGATGTCGGTGACCCAGGATCTGATGTCGTCCGGGGATGCCCTGCTGGACCGCTGGTTCGGCTCCGAGCACCTCAAGGCCGCCCTGGCCTGGTTCGGCGCCCAGTCGGGCCCGCCCATGAGCGCCCCCGCGACCGCTCCGATGATCGGGTTCGCGGCACTGATGCACCAGATCCCACCCGGCCGCGCCGTCGGGGGCAGCGGAGCGTTGACCGATGCCCTGGTGCACCGTCTCACCGGTGACGGTGGCGAAGTGATCACCGGTGCGGCGGCCACCGCGATCACCCGATGTGGCGACCACTGGCGGGTAGAGACGGTCGACGGCCGGCGGCGATGTGCCGACACGGTGATCGGCGCCTGCCACATCCTGGCCACCCTCGACCTGCTCGCGGCGGGCGGATTCGACCCCGGATCGCTCGCGCGATGGCGGCGTCAGATCATCGTCGGCTCGGGTATCGGGATGGCCGTACGGCTGGGAACCAGGGAGCTGCCCGAGTATCGGGATCTGCCCGCCGACCTCCCCGCGCACGGCGTGCATTCGGCGTTGGGCCTGCTCGTCACCGATCGGGACCACCTTCGTCGCGCGCAGACCGCGGCAGCGGTCGGCGAACTGCCCGATCGGCCGGCCTGTGTGGCGATGGGATTCTCCGGCATCGACCCGACCCTCAGTCCACCCGGACACCATCTCGTCAATCTGTGGGCGCAATGGCATCCGCGTCATCTCGCCGACGGGTCGGGGTGGGACGAGGTGGCCGCCACCGCCGCCGACGCGGTGGTCGCCGAGGTCGAGCGCCACGCGCCCGGTTTCGCCGACGGCATCGAGCACCGCCACGTCCAAACCCCGCAGGCGCTGGAATCCGAACTGGCACTGATCGGCGGCAACATCATGCACGTCGAGATGACCATCGACCAGATGTTCATGCTGCGTCCGCACCCGGACCTGTCCGGCCACGAGGTGCCCGGCGCCGACGGAATCCTGCTCGCCGGCGCCTCGACCCATCCCGGCGGC
NZ_CP116236.1_gap109	3440062	3441046	984	TGCGCCCGATCAGGGAGCTGCACACGAGGACCCCGCGGTGCCGAACTCCGCAGTGCCGAACTCCGCAGCGCCGGACCCCGGAAACACCGGCAAGTCCTGACCCGACTCCCGCCGGATCACCCCGAGCCGACCGATCGGCCCCTCAGCGCGCCCCGACCGTCGGCAACGCGTCGGGTACGCCCACGCCGAGGCGGTCGAGCACCTCGCAGGTCGCCTTGGCGAAGTTCAGGCTGCAGAAGTGCAGGCCGGCAACGCCTTCGGCGATGAGTCGTTGCGCGGTCTCGGTGGCGAAGTCGATGCCGACGGCACGTACCGCGGCGCGATCCTCCTCCGGGCCGTCACCGGCGGCCTCGGCGAAGCGTTGCTCGACCGCGGGCGGGATCACCGACCCCGACAGCTGCGTCATACGACGGGCACTGGCCAGCGAGGTGATCGGCATGAGCCCGGGAATGAGCGGCTTGGCCGCCTGCTCGGGGTCGGCGCGTGCCACCCGGTCGCGCAACCGCAGGAAGTCCTCGACGTCGAAGAACATCTGGGTCACCGAATACTCGGCACCGGCACGCAGCTTGCCGACGAGTACGTCGGTGTCCTGGTCGAGATCGCGGGCCCGGTGGTGCCCCTCGGGAAACGAGGCGACGCCGACGTGGAAGTCACCGAGCCCGGAGATCAGCTCGACGAGTTCACGCGCGTACTGCACACCCTGCGGGTGTCGAATCCATTCGCCGAGTGGATCACCCGGCGGATCCCCGCGCAGCGCAAGGAGATTCGTGATGCCCTGGTCGGCGTAGGAACCGACGAGGGCACGCAGTTCGGCGATGCTGTGATTGACGGCGGTCAGATGCGCGACCGTCAGCAGGGTCGTCTGCGTCGCGAGCTCACCGGCGATGCGGACGGTACGATCCCTCGTCGATCCGCCTGCCCCGTAGGTCAGCGACACGAATGCCGGGTCGAGACGTTCGAACACCCGGACCGCCCGCCACAGCC
NZ_CP116236.1_gap110	3442253	3446362	4109	GCCGTCTCGACGACCACGAATTGAACCGCATCCGTGAGCTTCTCGTCGACGTGGGGGCCGTCGAGGAGATCGAACGCCGCGTCACCGCTCTGCTCGACGCCGCCGTTGCCCGGCTCGAACGCGCCGAGATCGGCACCGACATCCGGGCCGACCTGATCGCGATGGCCGGTCGGATCGCACACCGCGAGGCCTGACTCATGTTCTCGCGCAGTCGAGTTGTGACGGCGATCGGCCGGCCCACGCTCGCGCATCCGGCCCCGCCGCCGCGCCTGCCCACCGAGATCTGGCTCGGCGGGATCGGGGCGATCGCGGTGTGTCTGGGCGGCTTCTCGGTCGCCGACATCCCACGCAACCACCCGGGTCTGCAGGACGTGGGACTCGACGCGATCACCTACGGCCACGGAAAGACGTTGGGCGCGGTCGTGTTCTGGCTCGGCGTCGCATTGATGGTGTTCGCGTGGATGAGAGTGGGTCGCCGACTGTGCGCGCCGGTTGCCGGCGACCCCCTCCTGAGCCTGACCACACTGCGGTGGACCGTGATCGGGTGGGCCGCACCGCTGTGCGTGACCGTGCCACTGTTCAGTCGCGATGTCTACGCCTACCTCGGCCAGGGGGTGGTCTTTGCCGCCGGATTCGATCCCTACGCCGACGGACCGGCCCACCATCCCGGTCCCGTCCTCGACAGCATGGCGCAGGTGTGGGCGTCGACGACGGCGCCGTACGGCCCGATGTTCATGGCGATCACCCGAGGTGTGGTGGCCGTGTCGGGTGAGCACGTGCTCACCGGTGTCTGGTTGATGCGTCTGGTGCTGTTGCCCGGACTCTTGTTGTCGCTGTGGGCCGTTCCACGTCTGGCGACCCATTTCGGCGCGTCACCGGAGGTCGGGGTGTGGCTGGCGTTGCTCAATCCGATGGTGTTGATCCACCTCGTCGGCGGCCCGCACGTGGAACTGCTGATGATGGGTGTGCTGGCCGCCGGACTCGCACTGACCGTCGCCGGCCGGCACATCAGCGGTCTGGCGGTGCTCGGGCTGGCCGTGTCGATCAAGGTCACCGCGGGTGTGGCGATCCCGTTCGTGGTGTGGATCTGGCTCTCGCACATCCGATCCGAACGCAAGGTCACCGGCGGCGATGTCGCGCGGGTGTTCGCGGTGGTGATCGCCGTGCCGGTCGCGGTGTTCGCCGCCTGGACCGCCGCGCTCGGCCTGGGACTGGGCTGGCTCACCGGGCTGGGCTGGGCCGACCAGATCATCAACTGGTTCACGCTGCCCACTGCCGCAGCACATCTGGTGACGCTGGTCGCGGCACCGTTCACCTCACTGAATCTGTGGCCGGTCCTCACCGTCACGCGGGCGATCGGTGCGGTGTGTCTGGCGATCATTCTCGTGGCGTTGTGGTGGCGCCACCGCGCCGACGAACGCAGCGCGATCGCCGGACTGGCCTGGGCGATGCTGGCGGTGCTGCTGCTCGAACCCTCGACACTGCCCTGGTACTACACGTGGGTCCTCGTCGTCGCGGTCGCGTTCACGCTGCCCGGCTGGGTCCGCGCCGTCGTGGTCGGTGTGTCGACGTTCATGTTGATCGTCTTCCAGCCGGACGATTCGATCGTCTTCTACAAGCTGCCCGAGGTCGCGTTGGCCGCCGCACTGTCGCTACTCGCCGCCATCTCGCTGCTGCGCCCCGACCCGCTGCGCCTGGGCGCCCTGGCCCGCCGGTTGTGGGGCGCCGAACCCGGCGGGTCCCGAAGGTAAGCCCTAGAACGCCTGTGCCTGCGCGCGTCGGATGACCTCGCGTGCCGAGTGCGTGTGCAGCGCCGCCGCCGGATGCATCTGCAGATCGTCGAGCTCGGTGAACAGCCAGCGCAGCGCCTCGTCGCGGGTGAATCCGCCGTCGAGCAGGACATCGACGAGGCCGGTGAAGTGCTTGGCGATACCGAGGTCGTCGAAGAACAGGCAGGGCACCGCGGGCTCGCCGTCTCGGGAGACGGCCAGCAGGCGGTGGTCGCGGATCAAGGTGCGCACGCGATTGGTCGACACGCCCAACCGTCGGGAGACCTCGTCGATCGAATACGTCTCGACCTCGGCCGGGATGACATCGTGCGAGAGGGGAAGTGAACTCACGGCCCAGAGATTACCGTCTCGCGGGCCGTGTCTTCACCTGGTTCGCCGCCACCACCGCCGGGCCCGGTGCGCAGCACCGCAGTGGTTACGGTGCGCAGCACCGCAGTGGTTACGGTGCGCAGCACCGCAGTGGTTACGGTGCGCAGCACCGCAGTGGTTACGGTGCGCAGCACACCGGTGGTTCCGGGGCGCAGCGCCGCCACCCGGGTAGATTCACTGTCGTGCAGGCAGGGGTCGACGAGCTGATCGGGGCGGTGCTGGAGGACCGCTACCGCATCGACGCGCCCATCGCCCGTGGCGGCATGTCGGCGGTGTACCTCGCTCTCGATCTTCGGCTGGGCCGCGACGTCGCCGTCAAGGTGATGGACACCCGCTACGCCGCGGACCCACAGTTCTTGCGCCGCTTCGAGTTCGAGGCGCGAGCGGTGGCCGGTCTGAAACATCCCGGGCTCGTCGCGGTCTACGACCAGGGCATCGACGATGGGGTCGCGTTCCTGGTGATGGAACTCGTGGAGGGCGGCAGTGTCCGAGAACTGTTGCGCGAGCGCGGTCCGATGCCCCCGCATGCGGTGGTCGCCGTTGCCGATCCGGCGCTGGGCGGACTGGGTACGGCACACGCGGCCGGCCTGGTACATCGCGACATCAAACCCGAGAACGTGCTGATCTCCGATGCCGGCGAGGTCAAGGTCGCCGATTTCGGGCTGGTCCGCGCGGTCGCCGAATCGGGGGTCACCTCGGCCAGCGTCATCCTCGGTACCGCCGCCTACCTCTCCCCCGAGCAGGTCGAGTCCGCGACCGCCGATGCCCGCAGCGACGTCTACTCGATGGGGGTCATGCTCTTCGAATTGCTCACCGGGCGTACGCCGTTCCGCGGCGATACGCCACTGGCACTGGCGTACCAGAGACTGACCTATGACGTGCCGGCACCCGGTGACGTGATCGCCGGGGTACCGGTCGAACTCGACGAGGTGGTGTTACGGGCGACCGAACGCCGCCCGGCCGATCGCTATGCGAACGCCTTCGAGATGCGGGAGGCACTGCTCGACGTGGCCGAGGATCTCGATCTGCCGCCGTTCACCGTGCCGGCCCCACGACGCTCCGCCGAGCGGGAGACGATGGCCCGCCGTCGTGCGGCGGTCAGCCCACACGGCACCCGGGTTGCCTCGCGGCCCGGGTCCCGATCGACGACCGACGCGCCACCGACGAAGGCGTCGGCGCTGATCGATCGCGATGCCGCACCCGGACCCGCTACGCGCGACCGCAGTAGTGCGCAGGGCCTGCCCGAGCCGTTCGACGATCCCGCCGACGGGCGGCTGCACGCACTGATCTGGCTGGTGATCGTGCTCATCGCGGCGGCCGCGGCGGGTGGCGCCGGATGGTGGGTCGGCTCCCAGTTGCTGCTCTCCTGAGAGAGCAGCACCCGAAAGCCCCGGCAACCGAAAGCCCCCGGCATCCGAAAACCTCAGCCGCGCAACATCTCCGCGACGAGGAACGCCAGCTCCAGCGATTGCTGGGTGTTCAGGCGCGGGTCGCATGCCGTCTCGTAGCGCCCGGCGAGGTCGAGGTCGGAGATGTCCTGTGCACCACCGAGGCACTCGGTCACGTCCTCGCCGGTGAGCTCGATGTGGATGCCACCGGGGTGGGTTCCCAGTGCGTGGTGGACCTCGAAGAATCCCTGCACCTCGTCGACGACACGGTCGAAGTGGCGTGTCTTGTAGCCGGTGGGCGAGGAGTGGGTGTTGCCGTGCATCGGGTCGCTCTGCCAGATCACCTTGTGCCCGCTCGCCTCGACCGCGGTGACGATCGGTGGCAACACGTCGCGGACTTTGCCGTTGCCCATCCGGGCCACCAGGGTGAGCCGGCCGGGCTCGTTGTACGGGTCGAGACGTTCGACGTACTCGACGGCCTGCTCGGGGGTGGTGGTCGGACCGATCTTGATGCCGATCGGGTTGCGGATCAGCTCGGCGAAGGCGATGTGGGCACCGTCGA
NZ_CP116236.1_gap111	3447633	3451440	3807	TGGCGCGCCGGGACCGCCACGCCCGTGACGCCGGCGACGGCAGCTTGGGCAGCACGTTCGCCCGAACCCAGTCCCCGGCCCGGCCCGGATCGAACTCGGTGGACACCGCGTAGAATTCTCGACCGTCCTCGGCGACGACACCGATCGAGATGAGATCGATCGTGGTGCCGTCCTCGATAAACTCCGAGTCGTAGAAGAACCGCATACTGGTAAGTATCACCCGCCACCCGGCGAGGGTCGCCGCCGGAGAGGAACGAAGAGCCCGTCATGACGACAATGCTGACTTCGGTGGATGAGCGGTTGCGCCGCTGGTCGCCGACCCGGCGCGCGCGCATCGTCATCGGCGTGATCTTCCTCGCCTCGGCGGGGATGCAGATGTTCGGGGTGCCGTTCACCTCCAGCTTCGGCACCCGGACCCGCATCGACCTCGACGTCTACCGGATCGGTGCGCAGATCTGGCAGCAGGGCCAGAGCCTGTATGCCGACGGGTCGATGCCGTTCACGAGCGATGGCATCTGGTTGCCGTTCACCTATCCGCCGTTTGCCGCCCTCGGCTTCGTCCCGCTCGGTGCCATGCCCCTGGCGGTGGCCGGGGTGGTGATGTCTGTGCTCACCATCGCGCTGCTGGTGCTCATCGTCCACATCGTGCTGTCGCTGTTGTCGGTGGGCGCCCGCACGAACCGTTGGTGGCTCGCAGCACTCGTCGCCGCGGGTGCACTGTGGCTCAATCCGGTGTGGATGACGATGGGTTTCGGTCAGGTCAACGTCATCCTGATGGCGATGATCCTGCTCGACGTCTTCGTCATCGCACGCGTGCGCAAGCCCTGGACGCGGGCGCAGGGCATCCTGGTGGGTCTGGCCTCGGCGATCAAGCTGACCCCGCTGGTGTTCATCGCCGTCTTCGCCGTCGCCCGCCGCTGGCGCGCAGCCGCCACCGCCGGACTCACCTTCGTGCTGGCGGGCGCGTTCGCGGCGGTGTGGCTACCGCGCGATTCGTTGGGTTACTGGACGCACACGCTGTTCCACACGACGCGGATCGGCGATCCGGCCGGACGCATCAACCAGAACCTCAACGCGGCATGGGTGCGCATCCTGCCGGGCGTCGACGGTCAGATCGCCTGGGTGCTCAGTTCGCTGGCGGTCACCGTGCTGGCGTTGTGCGCGGTGCACGTCTGCCGTCCCCGGGAGGCGTTCGCGGCGGACGCCGGCCCCGCGGCGCGGATCAACGCGGTGCTGGCGACCTGCGCGATCGCGGTCTGGGGTCTGCTCGTCTCCCCCACCTCGTGGGCGCATCACTGGGTGTGGGCGATCCCGCTGATCCTGACCGCCATCACGGTCGCCGCGCGCACGTCGTCTCGCGGCACCCGGATCGCCCATCTCGGGTTGGCCGCGCTCGGGCTGATCCTGTTCTCCCTCGGGCCTTTTCAGTTCCTCCCACAGAGTTCGGCCTCGTGGTCGGTGCTCGCGCAGATCGTCGGGAGTTCGTATTCGATCTGGGGTATTGCCGCCCTCGTGGTGATCTGGCGGTTCCCGGCCGAAGGCTTGCGCGCGCCGAGCATCGACGAGGCCACCGGCCGGGCCGAACTCGCCCAGACCCACACGAGCTAGGCGCTCGCCCGCTCAGGCTGCGGGCTTGGACTCCACGGCGTCGGCGGGCGAACGCTCCTTGAGGCTGGCCGCGTAGACGTCGACGTACTGCTGACCCGACAGACGCATCAGCTCGTACATGATCTCGTCGGTGACGGCGCGTTCGATGAACCGGTTGCCCTGCATGCCCTCGTAGCGATCGAAGTTCAGCGGCTTACCCACCCGGACGGTGACCTTGGTCGGCCGAAACATCACCGTCCCAGGCGGATTGAACTTGTTGGTACCGATCATCGCGACCGGGATCACCGGCACCCCGGTCTCCAGAGCGATCCGCGCGAGCCCGGTCTTGCCCTTGTAGAGCCGACCGTCGGGTGATCGGGTGCCCTCGGGGTACATGCCCATCAGCTCACCCTTTTCGAGCTGCCGGCTCGCCGCGGTCAATGCACCGGCGGCCGCCTCCGCCCCGGACCGGTCGATGGGGATCTGCCCGACCGCGGTGTAGAACCACCGCTGGAATCCACCCTTGAGCCCGGTACCGGTGAAGTACTCGGCCTTGGCCAGGAAGTAGATGCGACGCGGGCACATCAGCGGGAGGAAGAAACTGTCCATCACCGCCAGGTGGTTGCTGGCCAGGATGGCCGGTCCGCGCGCCGGAATGTTCTCCAGCCCTTCGATCGTCGGCCGCCCCAACAACCGGAGCAGCGGGCCCAGCAGCACGTATTTGAACACCTGGTACCACATCGCGTGTGTCACTACCCTTCGTCGCACCGACGAGCGCTTTCCGGCCACTCGATCCGGTTGTGAACTCTACTCACCCCAGCCGGTGCCCGTGAGACATCGGCCACCCGACGGACAGGACTGTGGCATCCGCCGACGCCGCCATGGGGTTCCGGTCGCCATCACGCATGGGCCATCGGGCGCCGTCGGACATCGAGGTCATCGGACATCGGGACATCGGGACATCGGGACATCAGACATCGGCGACCTGCGGCACGCGCGCACTGATCCCCTGGCGGGCGACCTCGGCGGCACCGAGCACCCCCGCGTTCTCACCGAGTTGCGTACCGCGGATGCGCGCGAGCTGCCGATGGCCGGCCCCGGTGATCAGACGCGCATAGTGTTCGCGGGCCTCATCGAGGTACAGCCCCGACGCGGTCCCGACACCGCCGGCGATGACGATGAGATCGGGGTCGAAGACGTCGGCGATCATCGCCAGCCCCTGGCCGAGCGAGGCGGCGAACTCGGCGAAGGCGGCCACCGCCACCGCGTCGCCGTCGGCGGCGGCACCGGCCACCCGTCGGCCGGTCAACGACCCGGGGTCGGCGGCCACGTCGGTCGCGAGCTGGCTGCGACCCCAGTCGCCGTCGGCAAGCAACTCGACCACCGTGTCGACCAAAGCCGTTCCGCTGCAGTACCTTTCCCAACATCCGCGCTTACCGCAGGAGCATGGACGGCCGTCCGGGACGATGGTGAGGTGCCCGAGCTCCGGTGCGACACCGAAGCTGCCGCGATAGATCTCCCCGTCGATCAGCAGCCCCGCACCGATGCCGGTGCCGATCGCCAGCACCAGCACATTGTGTCCGCGGGCCGCCGCCCCGTAGTGACGTTCGGCCACCGCGGCCGAGTTCGCGTCGTGTTCGGTGAACACCGGGATACCGATGCGCGCGGTCATCTCCTCGGCGACCCGGGCCTCCCGCCATGGCAGATGGGGGGCGAATCGCACCACCTCGCGATCGGGGGTGAGGAAGCCCGCGATCGCCATCCCGACGGCCTTGGCCGCCCAGCGCGAGGTCAGCTCGCCGACCAGACGGTCGAGGCAGTGTTCGAGGGCCTGGGCCGTCGGCGGGGTCGCCGCGCGCAGGGTGTCGAGCATGACGCCCGAGTCGTCGACCACGGCGGCACGCACGCTGGTGCCGCCGATGTCGATGCCGATTGTCAACTCGCCCATCACTTCTCACTTTCCGATGTCGGGTCGACCACACCGTGTTTGCGCGACGCACCGGTCGGCGGTGTCTGCGGGGCGGCCTCGAGTCGCACCGCGATCGGCTGGTAGCGCCGCGGTGGTGCCCCGGCGTCGGCGGGCGCGCTGCGCAAAGCCGCCGCGATCGCCTCCAGCAGGGTGATGAGTGCGGCGATCAGCCGCGCGAGCAGATCCCCGATCTCCTGCATCAGTGAGGTGATCTCACCGACGGCGGCCGCAGCCGATCCGTCGCCGAGGAA
NZ_CP116236.1_gap112	3454535	3457327	2792	GAGGTCGACGACGACGAGGTCACCAAGCGTCGTGCGACGGTCCACGCGGGCGACCCGGCGACGCTGATCTACACCTCGGGCACCACCGGCCGCCCCAAGGGGTGCGAGCTGACACACGCCAACATGCTCTCGGAGGTCCGTGGGGTGCTCGAGGGCAACATGTCGCAGTTGCTCGCCCCCGGCAAGCGGTTGCTGATGTTCCTGCCGCTGGCCCATGTGCTGGCGCGCGCGATCACCCTGGTGGCCATGGAGGCCGGTGTCGAGGTGGGCTTCACCAACGACATCCCGGGCCTCGTACCGGAATTCGCGGTGTTCAAGCCATCGCTGATCCTCTCGGTACCCCGCGTGTTCGAGAAGGTCTACAACACGGCCCGCCAGAAGGCCCACGACGAGGGCAAGGGTCGGATCTTCGACATGGCGGCGGCCACCGCCATCGACCACGCTGCCGCCGCCGAACGCGGCGACGTCGGAATCGTGTTGCGCGCCAAGCACACCCTGTTCGACAAGCTCGTCTACGGCAAACTCCGCGCCGCGCTCGGCGGCGAGTGCGAGCTCGCGATTTCCGGGGGCGGGCCACTCGGGTCACGCCTGGGATTCTTCTTCTCCGGGATCGGTATCCCGGTCTACGAGGGCTACGGCCTGACCGAGACGACTGCGGCGGTGACCGTCAACACCCCGGGCGCGGTCAAGATCGGCACCGTCGGGAAACCGTTGGCGAGCAACGCCGTTCGGATCGCCGAGGATGGGGAGATCCTGCTGCGTGGCGGCGTGGTGTTCAAGGAGTACTGGCACAACGAGGAGGCCAGCGCCGCCGCCATCACCGACGGCTGGTTCCACACCGGCGATCTCGGATCACTCGACGACGAGGGGTTCCTGAAGATCACCGGGCGCAAGAAGGAACTCATCGTCACCGCGGGCGGCAAGAACGTCTCGCCCGCCGGCCTCGAGGATGTCATCCGTGCCGACGCCCTGGTCTCGCAGGCCGTCGTGGTCGGCGATCAGAAGCCGTTCATCGCCGCATTGATCACCGTCGACCCCGAGGCCTTCCCGGCGTGGAAGGAACGCAACGGCAAGCCCGCCGACGCATCGGTGGCCGACCTCGCCGACGACCCCGACCTACGCGCGGCGATCCAGTCGGCCGTCGACGAGGCCAACAAGACTGTCTCGCACGCCGAGTCGATCAAGAAGTTCCGGATTCTCGGTGACGATTTCAGCGAGGAGACCGGCGAGATGACCCCGACGCTGAAGGTCAAGCGCAACGTGGTCGTCGACAAGTACGCCGGCGACATCGACGCGCTCTACGCCAAGCGCTGAGTCGCCCGTCGGCGCCGCCTGGGTCGTCGACACCACCGGCCGGAGCCGATCACAGCAGCTGACGTAGCCGCGCGGCCATCTGCGACCACTGCCAGTGGTCCTCGACGAATCGGCGTCCCTGACGGCCCATCTCGGCGGCGGCGTCGCGATCGGAGAGGATCCCGATGAGCGCGAGCGCGACCCCGGCGACATCGGTGCCGTCGACGACGGTTCCGGTGACCCCCTCGCGGACGGTCTCCGGGGCGCCGCCGGAGAGGCCGGCGACCACCGGCACACCGCAGGACGACGCCTCCAGGTAGACGATGCCCAGGCCCTCGACGTCGAGGCCCTTGCCCCGGGTGCGCGCCGGCATGGCGAAGACGTCGGCGATGGTGTGGTAGGCGGCGAGTTCGGCGGCCGGGACCGGCCCGGTGAACAGGACGTGCTCACTGACGCCCTCCGCGTGGGCGATGTCGTGGAGCTTCTCGGCGTAGGGTCCGCCCCCGACGATCACGAGTGCGGCGTCGGCGATCTCCGATCGGATCAGCGGCAGTGCACGGATCAGGACGTCCTGCCCCTTGCGCGGCACCAGCCGTGACAGGCACAGGATGGTGGGTCGCTCACCGAGTCCCAGCTCGGCACGAAGTCGTCGGCGCGACGCAAGATCCGGAGCGAACCGGGTGACGTCGACGCCCGGCGGGAGATACTCCAATGCGGCACGCGGACCGAACGCCGACGCGAATCGGCCGCGGGTGTAGCGGCTGACGTAGGTGATGACGTCGGTGTGGTTGCCGATGTAGCGCAGGATGCCGCGCGCCCCCGGGATCATCGACCACCCGACCTCGTGCCCGTGTGTGCTGGCGATGATGCGGCGGGCCCCGGCCCGACGCAGATATCCCGACAGCACCGCCAACGGCGCGGCCGCCCCGAACCACACCGTCGAGATGTCTTCGTCCCGAATGATTTTCGCGGCGCGACGAGCGACGAATGGGGTGGGCAACATCAGCGTCGTCGGATGCCGATAGACCCGGTAGGGTACCGCGGCGTCGAACTCCTCGTGGCTGCGTCCGCGCCAGCGCGGGGCGTAGACCACCACATCGTCCGGATCCAGCAGATCCACGAGATTCTGCAGGTAGGACTGGATTCCGCCACGCCGCGGCGGAAAATCGTTGGTCACCAGGAGCGTTCGGTGCGTCACGCCACCATCCTTGCCGATCTCATCGCAGTTCGGCCGTCAGCCACGCCCGCCACCGGGCAACGAACTGGGCCCGCGTGATACCCAGGGTGGCCGACAACGCGGCATCGGCGCGCATGGCGTCGCTCGATGCACCCACCGCCACGTACAGCGCCCGCAGCCTGGGTTCGCCGAAAGTCGCCGCGACGAAGGTCGCCACCGACCAGGCCGACTGATAGGCCATCCGCGAGGACTCGGCGTCGACGGAGAACTGCTGATCGGTCGGCAGATCGGCCGGGGTGTCACCGGCCTGCACCGCGGCCGC
NZ_CP116236.1_gap113	3481549	3485134	3585	GGTGGTGGCTGGCCGGTCACCGCTCGGTCGAACCGGCGCATGCCATCGCCCTGGAGTATCTGGATCTCGAACCGCTGCACACCTATTCGATGCGCCTCGGTGAGGGCACCGGCGCATTGTCCGCGCTACCGACGGTCCTCTCGGCCGTCGACATCATGACGTCGATGTCGACCTTCGCAGACGCCGGCGTCAGCGATGCCGACGCGTTGCCGTCGGATTCCGTCGACAGCGCGGATTCCGATGTGGCACAAGCACCTTCGCCCACCTGATCTCACCGATGAGCCCGGTACGCGCGATCGCCGTCTCGCTGTCCTGGCTGACCGTGCTCCCTGTACCCCGGCGTGTCACCGACGCAACCGCCGACAGACGGCTCGGCGGCGCGGTCATCGCAGCGGTACCCGTGGTCGGCGTACTCCTCGCGGCGGTGGCGACCCTGATCGCGTGGGGGCTCTCGTACACCGCCGCGCCGGAGGCGCTGATCGGCGTACTCGTTGTCGGCGTACTCGCCGTCGGCACCCGGGGTATGCACCTCGACGGTCTCGCCGACACCGCTGACGGTCTCGGGTGCTACGGACCGCCGGAGCGGGTCACCGAGGTGATGCGTTCGGGTTCGGTGGGCCCGTTCGGCGTGGCGACCCTGATCCTGGTGCTGGCTCTGCAAGCTGTCGGTCTCACGACGCTGGTCGCCCAGAATCGTTGGTGGGAGCTCGGTCTGGCGATCGGTGTCGCACGCGTCGCCGCGGTGCTCGCGTGCCGGCGGGCGCTGCCGCCTGCCCATCCCGATGGCTTCGGTGCGCTGGTCGCCGGTACGCAACGCATCGCCGCGGTCGTGTGGTCGGTGGTGGCGGTCGCCCTCGGCGTCGTGATCGGCGGCCTCGATGGCTCGGTCACCGCCCATTCGATCACCGCCCATTCGATCACCGCCGGGCTGCGGGCGGGGGCCACGATCGTGGTGATGCTCGCGTTCACCTGGCTGTTCAGTCGGCACTGTGCACGACGGATGGGCGGCATCGTCGGCGACGTCCTCGGCGCCGTCATCGAACTCGGCACCGCACTCGTCCTCGTCGGACTGATCCTCTGAGTCGGTCTGCACACTGCACAGCCGCGGCGCATCCTGGGCGTATGCCATTGCCGGACTGCAATTTTGACGGATTCGCACTGTATGCGGCACTCGATGCCCGGCGCCGGGAGCAAACGTTGTCCTGGAACGCACTCGCCCGCCAGGTGTGGGACCTCTCGGCAGCACTCAACGCGGCACGCCCCGATGATCACTCGTTCAGCACATCGGCGATCGCCAGCCTGCGCACACGCGGCAACACCAGCTGCCAGCACGCAGTACTGCTGCTGTGGTGGCTGAACGCGACCACGGAGGACTTCGTCACCCCGGAGGACTTCGTCACAGACCCGGCAACCGGGACCGCCGGCGTCGAACTCCCACGATGCGACGACGCACACCGCCTTCGGTGGAATCTCGGTCGGCTCTACGCCACGCTCGACGCCGCAAGAACCCGGCACGGGGCGACGTGGGCACGGACGGCGGCTCGGCTGGGCTGCTCGCCGGGCCAGCTGACCGGCCTGCGGACTGCCGGCTACTCCACCAACATGCGCCTGGCCATGACGATCACGCAGGCCCTGCGGCGTCCCGCCGCCGAGTTCGTCTACGCCGCCGACTGGTGAGAGCGACTCAGCGCCGGTAGAGCTCGGTCATCCAGCCGTGGGTGTCGGCGAACTTGCCGCGCTGGATACCGGTGAGGGTGTCGCGCAGCGCGAGGGTCACCTCACCGGGTGTGCCGTCCCCGATCGAGTAGTCGTCGGTCTCGCTCTTGACGTGGCCGACCGGGGTGATGACGGCTGCGGTCCCACACGCGAAGACCTCGGTGATGTCGCCGGAGGTCACACCCTTGCGGAGTTCCTCGGTGGTGATCTTGCGTTCCTCGACGGCGAACCCGGCGTCGGTGGCCAGGGTCAGCAACGATTCCCGAGTGATGCCCGGTAGCAGCGAGCCGGTGAGTTCCGGGGTGACCAGTCGCGCGTCGGCGCCCGAGCCGAAGACGAAGAACAGGTTCATCCCGCCCATCTCCTCGATGAACCGGCGCTCCACGGCGTCGAGCCAGACCACCTGGTCACAGCCCTTCGCGGTGGCCTGCTGCTGGGCCAGGAAGCTCGCGGCGTAGTTACCGCCGCACTTGGCGAAGCCCGTGCCGCCCGGGGCTGCGCGGACGTATTCGGTCGACAGCCACACGCTGACCGGCTTGATACCACCGGCGAAGTAGGCGCCGGCGGGCGAGGCGATCACGCAATAGCGGTACTGCGTCGACGGGGCGTTGACGCCCAGCCCGGCCTGCGAGGCGAACATGAACGGCCGCAGATACAGCGATTCCTCGCCGCCGGCGGCGGGGACCCACTCGTTGTCGGCGTCGAGCAGCGCGCGCAACGAGGAAATGAAGTCGTCCACCGGCAGCGGCGGCATCGCCAGACGCTCCCCCGACCGCTGCAGGCGCAGGCCGTTGGCCTCCGGGCGGAAGGCGGCGATCGACCCATCGGGCTGACGGTAGGCCTTGAGCCCCTCGAAGACCTCTTGGCCGTAATGCAGCACCATCGCCGACGGATCGAGCGCAATGGGGCCGTACGGGGTCACCTTGGCGTCATACCAACCACGGTCCACGTCGTAGTCCACCATCACCATGTTGTCGGTGAAATACTTGCCGAAACCGGGAGCTGCGAGGATGTCCGCGCGCTGCGACTCCGACACCGGGTGCGGGTGCTCGGTACGGGTGAACTGCAAGGTCATTGGCCCATCGTAGCGCCGCGGCGCAAGGCGATCGGTGCCAGGTTCCCGTCTGCGCCGGGCCGGGGTTGCAGTCGCGCGAGGGGTGGCAGACGTGTGGGCACCTCAGACGTGCGACTCGACGAACGGCGGGATCACGACTTCGCACGGCAACGCCCGACCGCGCACATCGATGACCACCTCGGCTCCCTTGCCGATGCCCGCGGCGGTGTCGATGAGCGCCAGCGCGATCCCCTGTTTGAGGGTCGGCGAGAAGGTGCCCGAGGTGCACAGGCCGATCCGTTCGCCGCCCGCCGCGGTGAGCACATCGCAGTCGGCGCGCGGCACCCCACGACCGGTGGCCCGCAGTCCGTAGAGCCGACGGGCGGGACCGTTCTCCTTCTCCGCGAGCAGCGCCTCGCGCCCGAAGAACGCGGGCTTGTTCCAGCCGACCGCCCACCCGGTGCGGGCCTGGACGGGGGTGATCTCCGGTGAGAGTTCGTGGCCGTGCAGCGCATATCCCATCTCGGTGCGCAGGGTGTCGCGGGCACCGAGTCCGGCGGGCAGCCCACCGAATGCGGTGACCTGAGCCATCAGCGCGTCGAACACCGGTCCGGCGTGCGCCCACCCGGGCAGGATCTCGTAGCCGCGTTCGCCGGTGTAGCCGGTCCGGCACACACGCACCGGCGCGCTACCCCCGTCGATCGACAGTTCGGCGTCGGCGAACGCCATGTACTCCATGTCGGTGGGCAGCCCCACCGCGGCGAGTACCTCCGGGCTTTTCGGTCCCTGCACCGCGAACACCGCGTACTCGCGGT
NZ_CP116236.1_gap114	3486172	3488102	1930	CACGAGTGCGATCACCCATGCCGCCCTGGTTCGCCTCATCTGCTCGCCCACCCCGTCTCTCGTCGTCACACCGCCATCGCAACGCCGCGTCGTTGTGGCGGGTTCCCGCTGCGATGGCACGTCGGTCGGTCGGATGACGGGCAGCCGACGAGGCGCCTGTGGCAAGGTTGGTCGGGTGAGCAAGAACGAGAGCGTCGACCGCACTCGCGGTCCCCAGATCACCCTGACCACCTCCATCGGCAAAGACGACGAGGCCCTCGTACTCGGCCTCGTCGCCACCTCCTCCGACGACACCACTGCCGACAACACCACCGACCCCGCTGCACCGACCCTGCTCGGCGCCGACGTCCTCGACGATGCGTCGGCGGCGGCAGTCACCGCCGCGCTGTCGGCGGTGGGCGCCACCGGTTCCCACGGTGAGGTCACCCGGCTGGCGGCGCCGGAATCACTCGGCGTACGCGTTGTGGTGGCCGTCGGCGTCGGCGACGAGAAATCGCTCGACGACCCGGAGAAACTCCGCCAGGCCGCCGGTGTCGCGATCCGTTCCCTCGAGGGCTTCGACGTCGTCGCCACCACCCTGGGCTCCACCGACATCGGTGCCGCGGTTGAGGGACTGTTCCTCGGCGCCTACCGCTTCGAGGAGTTCCGCTCGTCGCGCTCGGCGTCGACCAAGCAACTGCCCGGCACCGTGCACGTCGTGGTCGAGTCCGCCGACAAGGCGGCGAAAGCCGAACTGGCACATGCCATCGCGGTCGCCGATGCGGTGGCCATCGCCCGTGACTTCGTCAACACCCCGCCGAGCCACCTCTACCCGGAGGAGTTCGCCGAACGTGCGCGCGAGTTGGGCGCGAAGGCCGGACTCAAGGTGGAGATCCTCGACTTCGACTCCCTCGAGAAGGACGGCTACGGCGGGATCGTCGGCGTCGGCAAGGGTTCGTCCCGGTTGCCGCGGCTGGTGCGATTGACCCACGCGGGCAAGAAGTCGGCCAAGAAGGTGGCGCTTGTCGGCAAGGGCATCACCTTCGACACCGGTGGAATCTCGATCAAGCCGGCCGCCAACATGGATCAGATGACCTCCGACATGGGCGGCGCGGCCGCGGTGATCGCGGCGACCATCGCCGCCGCGCGTCTCGACCTGCCGGTGTCGGTGACCGCCACCGTGCCGATGGCCGAGAACATGCCGTCGGGGACCGCGCAGCGTCCCGGCGACGTCCTGACCCAGTACGGCGGGACGACCGTCGAGGTCCTCAACACCGACGCCGAGGGACGCCTCGTCCTCGCCGACGCCATCGTGCGCGCCTGCGAGGACGATCCGGACTACCTCATCGACACCGCCACCCTGACCGGCGCGCAGATGGTTGCCCTGGGCACCCGCACCCCCGGGGTCATGGGGACCGACGACTTCCGCGACCGGGTGTCGGCACTGTCGACCGAGATCGGCGAGAACGCCTGGCCCATGCCGCTGCCGTCGGAACTGCGTGCCGATCTCAAGTCGCGGGTCGCCGATCTGGCGAACGTCACCCCGCACCGGTGGGGCGGCATGCTCGCCGCGGGTCTGTTCCTCAAGGAGTTCGTGCCCGACGGGGTGCAATGGGCCCACATCGACATCGCCGGTCCCGCCTTCAACACCTCCGGCCCCTGGGGTTACACCCCCAAGGGTGGTACGGGCGTACCGGTCCGCACGATCACGAAGGTTCTCGAGGACATCGCGGCCAACGGCTGATCGGCCACTTTTGCGCCACACACCACGTCCGTGGCGCGTACGGCGGGTAGGGTCTAGCGATGGGCGCCGGGCCACCCGCCACACGCCTGGGAGACGCGGCGCACACACCGCGACACCCCGCATCACGCACAGACCCACCACGTCGAGTTCAGGAGTCAACAGCAATGGCCTTCTCCGTCCAGATGCCCGCCCTCGGTGAGAGTGTCA
NZ_CP116236.1_gap115	3554482	3555439	957	GGTCACCTCGATGGTGGCCACCACCTCCCTCGGTGTCGACCTCGAATCGACCTGGCAGGGGCTGCTCGACGGCAAGACCGGCATCCGTGAGCTGACCGACGACTTCGTCACCAAATTCGGCGAACTGCCCTGCCGCGTCGGCGGGCGACTGCTCTCCGATCCGGCCGACGAGGTCACCCGCGTCGAGGCTCGCCGCATGGCCTACGTCGAGCGGATCGCCCACGTCATGAGCAAGCGCCTGTGGGCGCAGGCCGGCGAACCCGAAGTCGATCCCGAACGCCTCGCCGTGGTGCTCGGCACCGGCCAAGGCGGCGGCGACGCCATGGTCGACGCCGTCAAGGCGATCGAGAGTTCCGGCAACTACCGCAAGGTCTCCCCGCTCGCGGTGTCGATGGCCATGCCCAACGGCCCGGCCGCCGTCGTCGGCCTCAACATCGGCGCACGCGCCGGTGTGATCACCCCGGTCTCGGCGTGCTCGTCGGGTGCCGAGGCGATCGCGCACGCCTGGCGGCACATCGTCATGGGCGACGCCGACATGGTCGTCACCGGCGGCGTCGAAGGACACATCGATGCGATCCCGATCGCCGCGTTCTCGATGATGCGCGCGATGAGCACCCGTAACGACGACCCGGCCGCGGCGTCACGACCGTTCGACAAGGATCGCGACGGATTCGTCTTCGGCGAGGCCGCCGCGATGCTGATCCTCGAACGTGAGGAACACGCCAAAGCCCGTGGGGCACATATCCACGCGCGCGTGCTCGGTGCCGGTATCACCTCCGACGGTTTCCACCTCGTCGCCCCGGACCCCAGCGGTCAGGGCAACGCACGAGCGATGACACGGGCCATCCAGACGGCCGGGCTGACCAAGAAGGACATCACCCACGTCAATGCGCACGCCACCTCGACCCCCATCGGCGACACCGCCGAAGCGGTCGGGATCAAGGCGGCCATCGGCGA
NZ_CP116236.1_gap116	3607328	3608656	1328	CGCCCTTGGCGACGCCCAGGATTCCGTAGTAGTCAGTTGCCACGGTTGTCTCGGTCCTTCGTTCTCACAGCTCACGTATGGCTCCGGGGATACCCTCACGGAGCCGGTGCATCGGATACCTCACCGAACGCGACGCCGGCCGCGCGCATTTCCTCTTCGAGGCGGATCTCCGCCGCCTCCGGTTCAGCGCTCGGCGAGCACCTCGCCCACATACTTGGCAACGGCCGCCACCGACGCGATGGTTCCCGGGTAGTCCATGCGGGTGGGCCCGACGACCCCGACCCCGCCGAACACGGTGCCCGAAGCACCGTACCCCGTCGACACCACGGAGGTGCCACGCAGGTTCTCGGTCTGTGTTTCCTCCCCGATCTGCACCGTCACCCGGCCCATCCGCTGACTCGTCGCCAGCAACTTGAGAACGACGACCTGCTCCTCGAGAGCCTCGAGGACCGAATCCATCCCGCCGTTGACCGGGGCGAAATCGGCGGCGGCCCGCGCGAGATTCGACGTGCCGGTCACCACCACGCGGTCCTCGCCCCGTTCGACGAGGGTCTCGACCAACACGGTCGCGACGTTCACCGTCGCGTCCCGCAGATCGGCCGGTGCGTTGTTGGCCAACTCGGCCACCGACGCCGAGGCCTCCTCGAGCCGCTTGCCGTGCAGCGCCGCGGAGAACATGTCCCGCAGACGGACGATCTCGTCCTCGTCGAGGTCTTGTGAGAGGGCGACCATGCGTTGCTCGACACGGCCGGTGTCGGTGATCACGATCAGCAACAGCCGCGACGGTGACACGGTGATCACCTCGAGGTGACGCACCGTCGCCGTGGAGAGCACCGGATACTGGATGACCGCGACCTGGCGGGTGAGCTGGGCCAGCAGCCGCACCGACCGGCGCAGCACGTCGTCGAGATCGACCCCGGAATCGAGCACCGACAGGATCGCGCGACGCTCGGCCGCCGACAGCGGTTTGACCTCGCTGATGCGGTCGACGAACATCCGGTACCCCTTGTCGGTGGGTATCCGTCCCGAACTCGTGTGTGGTTGCGCGATGTAGCCCTCGGCCTCGAGAACCGCCATGTCATTGCGAACCGTGGCACTGGAGACGCCGAGCTGATGGCGTTCGACGAGTGCCTTGGAACCGATCGGTTCCTGTGTGGCAACGAAGTCGGTGACGATGGCACGAAGAATCTCGAACCGCCGATCATCGGTGGTCGACACAGGCCAGACCTCCTCTCGAACCCGCCCTCTGCCCTACAGTGGGTGGGTTCATTCTACGAAACACCGCCACGAAGTACGGGTGCACGTGTTCGACCGGCGAGGCGCCGACG
NZ_CP116236.1_gap117	3610796	3611652	856	TTCGACCGGGAACTGGTGGAGGGCAACACCTCTCGACCGGGCATCGTCCTGTTCGACGAGGTGGAGAAAGCGCACACGACGGTGCTGCGCTCGTTGCTGCAGATCCTCGATTCGGGAACCCTGCGCCTGGCCGCGGGCAACTCGACGATCGACTTCCGCAACGCCATCGTCCTGCTCACCTCCAACCTCGGCTCGGCCGAGATCGCCGCCCATCATCGGGCCCGGTCACGCGGATGGCGCAGGCGGCTGCCGATGCCGGGCTCCTTACGGCGCGACGCAGGCTCCGACGCCGTGGACCGGGCCGTCGAGGAGTTCTTCGATCCCGAGCTGTACAACCGTTTCGACGAGATCGTGCGGTTCGATCCGATCGGCGCGCAGGTCGCCGCGGCGATCGTCGACGTCGAGTTGCGCAGACTGACAGCACAATTGGCCGCCCGGCAGATTCGGTGGGAACCCGACGACCCGCTGCGCAGCCACCTCGCCCGGATCGGCTTCGACCCGGTCTACGGGGCGCGCGATCTGGCGCGCACTCTCCGGATGCACCTGCATGCACCACTCGCCGAGGCGATCGTCAGCTGGGACCGCGAGCCCGGAACCGCACTCCGCATGCGCACGTCGGTCGACTCCGGAAAGATCAGCGTCGCAATCGAACCCGTCAGCCCCGAACCCCTCAGCGGACCGACCAATTCGACCCCGGTGAACGGTCAGACGTGATGAATCCGGTCGACGACGTCGAGATCGAGAGCACCGGCGCTGGCCAGGTAGATGTCCTGGTCGACGCGGTTGTCGGTCAGGCGCAGGGTTCCGCGGGTGGCATCCATGATGAGCCCGTCGGCGGCGGCCTGTATCGGGGACA
NZ_CP116236.1_gap118	3670787	3672155	1368	TGACCACCCGAAAACCGAAGTCCGACAGCGCCCAGACGGCATGTTCGCGCGACGACCCGGTCCCGAAGTCGGGTCCGGCGACCAGGACCGAACCGCGATTCCAGGGTTCGGCGTTGAGGATGAAGTCCGGATCGGAGCGCCAGCCGGCGAAGAGTCCGTCCTCGAATCCGGTTCGGGTGACCCGTTTGAGGTAGACGGCGGGGATGATCTGGTCGGTGTCGACGTTGCTGCGGCGCAACGGCACGCCGATCCCGGTGTGCTCGATGAAGGGTTCCATGATGTGACTCCGGTCTGCGAATGAGAGGTGTGGCGGGGACTCGCCGGGAGTTCCCGCCGAAGGCCAAGACTTCTGGGGCGCTACAGGTCTGCGGGCGAGGACAAGGTGCCGCGCACCGCGGTGGCGGCGGCCACGGCCGGTGAGACGAGGTGAGTTCGCCCACCCTTACCCTGCCGGCCCTCGAAGTTGCGGTTGGAGGTCGAGGCACAGCGCTGACCCGGGGCGAGTTGGTCGGGGTTCATCCCGAGGCACATCGAGCATCCGGCCTGACGCCACTCGGCGCCTGCGGCAGTGAAGATCTCACCGAGACCCTCCTCCTCGGCCTGTGCACGCACGCGCATCGACCCGGGCACCACCAGCATCCGGAGTCCGTCTGCCACTTTGCGGCCCTTGAGGATTTCGGCAACGGCACGCAGATCCTCGATCCGTCCATTGGTGCACGAGCCCACGAACACGGTGTCGACGGCCACCTCGCGCAGCGGGGTGCCGGGCGTGAGGTCCATGTATTGCAGCGCCTTGGCTGCTGCGCCGGAGGCGGTTTCGTCGCCCATGTCGGCCGGATCGGGCACCGTCGCCGACAGTGGCGCGCCCTGGCCGGGATTGGTTCCCCAGGTCACGAACGGAGAGAGCGTGGCGGCGTCGATGCGGACCTCGGCGTCGAACTCCGCGCCGGGATCGGTGCGCAACGAATCCCAATAGGCCACCGCCGCATCCCAGTCGGCGCCGGTGGGGGCGTTGGGGCGGCCCCGCAGGTACTCGTAGGTGACGGCGTCGGGCGCGATCATCCCGGCGCGGGCGCCGGCCTCGATCGACATGTTGCAGATGGTCATCCGCGCTTCCATCGACAGTTTCTCGATGGCCGAGCCGCGGTATTCGAGGACGTAGCCCTGCCCGCCGCCGGTACCGATCTCGGCGATGACGGCCAGGATGAGGTCCTTGCTCGTGACGCCGGTCGGCAGATCACCGTCGACGGTGATGGCCATGGTCTTGAAGGGACGCAGGGAGAGCGTCTGGGTCGCGAGGACGTGCTCGACCTCGGAGGTGCCGATTCCCATTGCCAGCGCACCGAATGCGCCGTGGGTCGAGGTGTG
NZ_CP116236.1_gap119	3673867	3676124	2257	CGCCGATTCCTGCCTGCAGGTGGGTATCTCGGTGTGGGAGCGCTACACCGCCCCGTACACCGAGGAATCCAAACCCTTCGTCGAGCAGATGATGAACAAGCGCGTCGCGGTACGCATCACCGGAAGCCGGACGCGCTCCTGGGATCACCGCAAGCTCGGTCTGCCACAGACGCCGGTGTCCGGATCGACGGCCCAGTATCTGTAGGCACCGCTGCCTCCGGCGTCGATAACATCCCCGGCTGCACAAGCGAAAGGCGCCCTCCCCGGGATTACCGGGAAGGGCGCCTTTCTCTGTAGCCCCGACGGGATTCGAACCCGCGCTACCGCCTTGAGAGGGCGGCGTCCTAGGCCGCTAGACGACGGGGCCATAGACCTTGGTGGTCGCTGGGGTACCAGGACTCGAACCTAGAATGGCGGTACCAGAAACCGCTGTGTTGCCAATTACACCATACCCCAAGGTTTTCTCTTTTCCTCTCGGAAAAGAACCTGCGATAGATTAGCAGAGCACTACCCCTGGACCACAAATCGCCTGGTCAGTGGCTACTTTGCCGCCAACTCCCGGGCCGCGCGCAGACGCGCGAGGCTCACGTCGCGGCCCAGCAGTTCCATCGACTCGAACAGCGGCGGCGAGACCTGCGACCCGGTCACCGCAACCCGCACCGGACCGAACGCCTTGCGCGGTTTGAGGCCCAGATCGTCCACCAGCGCGGCGTTGAGGGCGTCGTGCAGTGCGGGCGTCTGCCACGACGACAGACCCTCCACGGCGGCGATGGTGGCGTCGAGGACCGGCACCGCGTCGGCACCGAGATTCTTGGCGGCGGCCTTCTCGTCGATGGTGAACTCCGCGTCGGAGACGTAGCAGAACGACATCAATGCCCACGCGTCGCCCAACACCTGGATTCGGGTCTGCACGAGTTCGGCGAGGGCGGTGAAGGTGGCGTCGTCGATCGGCTCCGACAGGTGACCGCGCTCGATGAGGTAGGCCTTGAGCCGCGCGGCGAAATCACCGAGTTCGAGCATCCGGATGTGCTCGGCGTTGATCGCGTCGGCCTTCTTCTGGTCGAACCGCGCGGGATTGGAGTTGACGTCGCGGACATCGAACTTGTCGATCATCTGCTCCAGGGTGAACACATCGGTCTCGTGCGAGTACCCCCAGCCGAGCAGCGCGAGGTAGTTCAGCAGACCCTCCGGCAGGAATCCGCGGTCCCGGTGATGGAACAGGTTGGACTGCGGATCGCGTTTGGAGAGTTTCTTGTTGCCCTCCCCCATGACGAACGGCAGATGCCCGAAGACGGGCACCGCCTCGGCCACCCCGATCCGGATCAGCGCCTCGTACAACGCGATCTGGCGCGGGGTGGATGAGAACAGGTCCTCGCCGCGCAACACATGGGTGATCCGCATCATCGCGTCGTCAACGGGATTGACGAGGGTGTAGAGCGGATCGCCGTTCGCACGGGTCAACGCGAAGTCGGGAACGGTACTCGACTTGATCGTCGTGGCGCCGCGGACGAGATCGTCCCAGGTGATGTCACGGTCGGGCATGCGAAGGCGCACAACGGGATTGCGGCCCTCGGCGCGATAGGCGGCACGCTGTTCGTCGGTGAGGTCGCGATCGAAGTTGTCGTAACCGAGCTTAGGGTCCCGGCCGGCCGCGCGATGCCGTGCCTCGACCTCCTCCGGGGTCGAGAACGCCTCGTAGGCCTCACCCGCCGCCAACAGACGCGCCACCACGTCGAGGTGGATTCCACGACGCTCCGATTGCCGGTACGGACCGTACGGTCCGCCGACCTCGGGGCCCTCGTCCCAGTCGAGTCCGAGCCATCGCAACGATTCCAGGATCGCGTCGTAGGACTCCTGGCTGTCGCGGGCGGCGTCGGTGTCCTCGATGCGGAAGACGAAGGTGCCCTTGTCGTGTCGCGCCTGCGCGAAGTTGAACAGCGCGGTGCGCACCATCCCGACGTGCGGGGTACCCGTGGGGGACGGGCAGAATCGGACGCGCACGGCGTCGGAGCCTGCGGGATCGGGGCGGGCGGAATCGGTACTGGCCATGCGGCTCAGCGTATCGAACCGACCACCCGGGGAGTCAGTCCCGGTGGCGGTCGCAGAAGTCGACGATGAGCCGATTCACCTCGGCCGGCTGTTCGAGATAACCGAAGTGCCCGGCCTTGGCCACCTCGGCGTACTCGGCTCCCGGGATCACCTCGGCCACCTCGCGTGCCAGCTTGACCGGCAACGTGCGATCGTCGGCGAATCCGAC
NZ_CP116236.1_gap120	3678085	3683026	4941	CCCCGCGGCCCAACGCGGCACGGCCATGGGCGTCCGGCAGATGGCCCAACCCCTGGGAATCGCGGTGTGCGCGTTGAGCATGCCCGCGATCGCCCAACACCGCGGCATCGCCGCAGCGCTGGTGGTCCCCATCGTGGTGACCGCGCTCGGGTTGCTCGCGTGCGTCCTGGGCATCGTCGACCCGCCGTCGGCTCGCTCGATCGCCGCCGCACCAGCACGAAACCCGTACCGCGACAGCTGGTTCCTGGCACGCGTACACGCCGTCAGCGTGCTCCTGGTGATCCCGCAGTCGATGCTGTGGACCTTCGTGCCGACCTGGCTCATCGTGGCCCGCCACTGGTCTCCGGCCACGGCCGGTGTCCTCGTGACGATCACTCAGACGCTCGGCGCGCTGGGGCGCATCGCGGCCGGGCGATGGTCGGACGCATGGTTGTCCCGCATGCGGCCGATCCGGCTGATCGCCGTGGTCGCCGGTATCGCGATGGGCGTTCTGGCACTGACCGATTGGGCCGACAGCCCGGTATGTGTGGTTGTCATGATGGTGGCCTCGATCGTCTCCGTCGCCGACAACGGCCTGGCCTTCACCGCGATCGCCGAATTCGCCGGGCCGCGCTGGAGCGGACGTGGTCTCGGCATCCAGAACACCGCACAGTATCTGGCCACCGCCGCCACCACCCCGCTGTTCGGCGCCCTCATCACCGCGGTCGGTTTCCCGCTGGCCTTCGCCGCGAGTGCGGTGGCTCCGGTGATCGCGGCACCGTTGGTTCCGCGCGACCAGCTCCCGCAGCCGGAGCCGGTGTCGGTCGACACTCCCGGCTGAGAGTCGCTCAGCCCGGCAGACGTTGGGCGAGCACTGCATTGATCAGGCCGGCCGCGGTCGCGGCATCGTCGACGACGACGAAGTCGCGCCGGCCGTCGGTGCGAGTCACCATCACGGCCTCACCGGAGCGCACCACGAATCCCCACGCGCCCTTGCCCTCTCCCCGGATGGCCAGACGGCGGCCGTAACCGCCGGTGTCGCGCAACGCGTGCACCGTGATGACCTCGGCACGGACGATGTCGACCATGGCGATCTCCTGGCGCGGCCACGGCAGCGCGCCGCGCACCGTCATCGCACTGCGATCGATCCGCACCCGCACGGTTCCCATCAGGACGGCGCCGAGGACGATCAGGGCGGGAACCACCAGCAGCCACCACACCCCGGTCACCGCGGTGATGATGACCAGCACCACCGCGGTGGCGGCCAAGAGGACGTCGGCGACCACCGAATTCCCCACCGAGCGTTGCCAATAGAAGCGTTCTCCGGAAGCGAGGTCTTCGGCGGGGACCGCACCCACGGGCCCGCCGACCGCGGTGGCCCACTGCGGGATGAGAACCCAACTGCCCGCCGCGACGACCGCCGCGATCGCAAGGGTGAGCAGGATCGGCACCACCGGTGTGGCAACGTCGTGGACGTCGGCCACTCCCCGCTGACCTGCCGCCACCGCGGGGATCACCCCGGCGATCGCGACCACGAGAAAGTTGATCAGCGCCACGCTCGCCCGGACCTGCCGGGGATGTGACATCGCGAGGGACGCCACGGTGTTCAGCGCAGCGGCGAGCACACACACGACCACCACCGTCACGATCGCGCCGGCGATGCTGCTCGTGCCGTCGACTCCCCCGGTACCCCAATGTGACGCCATCGGATCGGGAAGATCGCCACGCCATGCCGACAGCAACGACACTGCGACGCCCAGCATGACGACTGACGGGACCACGCCCACCAGCGCGCACCGAAATCGTTGTTCCCGAGTGGGTTTCGACGCTGTCGCGGTCATGACATCCTCCTGGTGATCTCTGCCGACAATTCCGTGGGTCCGAGTCCCCACCGCTGCGCCACCCCGATGAGCCGATCGAGGGCCTCACCGATCTCGGCCTGTTCCGGCGCGCGATCGGACACCACCGCGCCCCGCCCGCGACGCAGTTCGACGAGCCCCTCATCCCGCAGGATCTGATAGCCGCGCAGCACCGTGTGGACGTTCACGTCCAACGAGGCGGCCAGTTCCCGCGCTGCGGGCAGCCGTTCACCGGCGCCGATGTCACCGCGGACGATGGCGCCGCGAACCGACGCCGCGATCTGGGCAAAGATCGGCGAACGATCGGTGGGATCGACTCGGATGAACACACCCTGATTGTATAGTTCTATTGAAACTAGAACAAGTGACGCCCGAGATCCCCATTCCACGGTCCCCGTCGGAGACCCCTCACGCCGACCACAGATGACGGTGGCCCGGTCCGGGGGTGGGGTCTCCTCGACCACCACACCACCGGACCGGGCCACCGGGCAAGTGCAGAATCCTATGCGCTACAAGCGCTCTCGAATACGCTTACCGATCTCCGAGGTCGACAGCTCCTGGCCGTCGCGGTCGAGCAGATCGTCGGCGACGGCCTGTTCAACACGTCGAGCGCCCTCGGCATCGCCGAGGTGATCGAGGAGCAGCGCCACCGACAGGATGGCGGCGGTGGGGTCCGCCTTGCCCTGACCGGCGATGTCGGGGGCGCTGCCGTGCACCGGTTCGAACATCGACGGATTGGTCCGCGTGGCATCGATGTTGCCCGACGCGGCGAGCCCGATCCCACCGGAGACCGCGGCCGCGATGTCGGTGATGATGTCGCCGAACAGGTTGTCGGTGACGATCACGTCGAACCGTCCGGGGTCGGTGACGAGGTAGATCGTCGCGGCGTCGACGTGGCAGTAGTCGGTGGTGACATCGGGGTACTCGGCACCGATCTCCGCGACCGCCCGACTCCACAACGATCCGGCGAAGGTCAGCACATTGGTCTTGTGGACCAATGTGAGGTGTTTGCGCCTGCGGCTCGCCCGCTCGAAGGCATCCCGGACGACGCGCTCGACGCCGAAGCGGGTGTTGACGCTGACCTCGGTGGCGACCTCGTGCGGGGTGCCCACACGGATCGAGCCACCGTTGCCGGTGTAGGGGCCTTCGGTGCCCTCACGGACGACGACGAAATCGATGTCGGGGTCCCCGGCGAGCGGCGAACTCACTCCGGGTAGCCGGCGCGAGGGCCGCAGGTTCACATGGTGATCGAGCGCGAAACGCATGGAGAGCAGCAGTCCGCGTTCGAGGACCCCCGACGGCACCGACGGATCACCGATCGCGCCGAGCAGGATCGCGTCGTGCTCGCGCAACGAATCCAGATCGGCCTCGGTCAGCAATTCACCGTTGCGGTGATAGCGCCGGGCACCGAGGTCGTACTCGGTGGTCTCGACGTCGGGAGTCACCACCCGCAGCACCTCGAGTGCCTCGGCGATGACCTCGGGGCCGATTCCGTCCCCGGCGATGACGGCGAGCTTCATGACAGATCCACCTGTTCGATCAGAGTTGCACCGACTGCGGACTCGATGGCCTCGACCACCGAGTCGTCGACCTCGCGGCTGACCCGCAAGATCATGGTGGCACCGGCACCTGCGGCGTCCTGGGAGAGCGCTGCGGCCAGGATGTCGATGCCCGCGTCGCCGAGCAGCGTACCGATCTTGCCCAGCGAGCCCGGCTGATCGGTGTAACTCACCAGGAGGTTGAGGCCCTCGGCGCGCATGTCGAAGTTGCGTCCGTTGATGTTGACGATCTTCTCCACCTGCCGCGGCTCCGACAGCGACCCGGCCACGTTGTGGACCGAGCCGTCGGCGAAGACCGCCTTGACGTCGACCACGCTGCGGTGATTGGGGCTCTCGGTGGCGGTGGTCACCTCGCTGGTGACACCGCGCTCCTGCGCCACCTTCGGGGCGTTGACGAAGGTGATCGGCTCGGTCAGGGCGGCCTCGAACAGGCCGCGCAGCGCCGACAACCCCAGCACGTCGACGTTGCTCGCGGCGAGTTCGCCGCGCACGTCGACGACCAGTGACGTCGGCAGTTCGGAGCTGATCGCCCCGACGAGCACACCGAGCTTGCGGGCCATCTCCAGCCACGGGGCGACCTCTTCGTCGACCGTGCCGCCGACGATGTTGACCGCGTCCGGGACGAAGTGGCCGGCCAGTGCCAGCCGCACACTCTTGGCGACATCGGTACCCGCGCGGTCCTGGGCCTCGCTGGTCGAGGCACCCAGGTGCGGTGTCACCACGACCTGCGGCAGCTCGAACAGCGGCGAGTCGGTGCACGGTTCGGTGGCGAAGACGTCGAGGCCGGCGCCGCGGACCTGTCCGGCGACGATCGCGTCGGCCAGCGCCTGCTCGTCGATGAGCCCGCCACGGGCGGCGTTGACGATGATCACGCCCTTCTTGGTGCGGGCCAGCTGGTCGGCGCCGATGAGGCCGAGGGTCTCGGGCGTCTTGGGCAGATGCACCGTGATGAAGTCGGCGCGCTCGAGAAGCTCGTCGAGCGAGACCAATTCGATGCCGAGCTGGGCCGCACGCGCCGGCGACACGTAGGGGTCGTAGGCGATCACGTGGGTCTCGAAGGCGGCCAGTCGAGCAGCGACGAGCTGGCCGATCCGGCCGAGTCCGACCACGCCGACGGTCTTGTCGAAGATCTCGACACCGTTGAATGACGAACGCTTCCAGGTGTGTTCACGCAGGGTCGCATCGGCGGCCGGGATCTGACGGGCCGCCGAGAGCATCAGCGAGATGGCGTGCTCGGCGGCGGTGTGGATGTTGGAGGTGGGCGCGTTGACCACCATCACGCCGCGCTCGGTGGCGGCCGGCACGTCGACATTGTCGAGGCCGACGCCTGCGCGCGCGATGATCTTCAGTTTCTTGCCCGCGTCGAGGACCTCGGCGTCGACGGTGGTGGCCGAACGCACCAGGATCGCGTCGGCGTCGACGACGGCTTCGAGCAGTTTCGGGCGATCGGGTCCGTCCACCCAGCGCACCTCGACCCCGTCGCCGAGGGCTTCCACGGTCGAGGGGGCCAGTTTGTCGGCGATGAGAACGACCGGCAGGCCAGC
NZ_CP116236.1_gap121	3751607	3753802	2195	TGCGTTCACCCTCCGACAGGGTGCCGAAGGCCCGATCGGCGAGATGTTCGGCACCCATCGACTCCAGCGATTCGAGCGCCTGTGCCCGATCGACGTCGTCGTAGGTCTCCCGCCACCGGCCGATGACCGAATAGCCGGCGGAGATGACGACGTCGCTGACCACCTCGTCGTCGGGGATGCGGTCGGCCAGCGCCGCACTGGCCACGCCGATCCGCGTGGACAGTTCGCGGACCTCGACCTTGCCGAGTTGCTCGGCCAGCACGAAGGCGATACCGGAACTCGGGTGCAGTTCGGCGGCGGCCATGCGCAGCAGGGTGGTCTTGCCGGCGCCGTTGGGACCGAGGACGACCCAGCGCTCGTCGAGTTCGACCTGCCAGGTGACCGGACCGACCAGGGACGTTCCGCCGCGAACGACCGCGACGTCACGGAAATCGATCAACAGGTCGGGGTCGGAGGTGGGCTCGTCGGGCACGGGATCGCTGGCGGTCACGGACTCCATCGTGCCCTACTCACCGCGCCCGTGGGCACCATCATCGCGATGCGTGTCCGCCTGGCGCCGGGGTCCGCCGAGGACCTGCCGTGCCGGGCGCGGCGTCACCGGCCGATGTGTGCGCGAGACGACCAAAGTCGGGATCGGGCAAGGGAATAGCCGTCCGCCCGACGACCTTGATCAAGGTATGAGTGTGCCTCTTTCGATCCTCGACCTCGCCCAGGTGGGCACCGGAGAAACCGTCGGCCAATCGTTGGCCGCCTCGACCGACATGGCCATCCGCGCGGAGAAGTGGGGTTACGAACGGATCTGGTACGCCGAACACCACAACATGTCGTCGATCGCATCGTCGGCGCCTGCGGTGCTGATCTCCCACATCGCGGCGCGCACCTCCACGATCCGGCTCGGCTCCGGTGGGGTGATGCTGCCCAATCATGCCCCGTTGACGATCGCCGAGCAGTTCGGCACCCTCGGCGAGCTCTACCCCGGTCGCATCGATCTCGGACTGGGCCGTGCCCCGGGTGGAGACCAGAACACGTTCGCGGCCCTGCGCCGCGACATGGCCGCCGCCGATCGTTTCCCGAACGACGTTCTCGAACTGCAGGGGTATCTCACCGGGCATTCGCGTGTGGCCGGGGTGAGCGCGACGCCGGGCAACGGTACCGACGTGCCGCTCTACATCCTCGGGTCGTCACTCTTCGGTGCGCAGCTCGCCGCGGCGCTCGGCCTGCCCTACGGTTTCGCCTCGCATTTCGCGCCCGGCGCCCTGACCCAGGCGGTGCAGATCTACCGGGAGCAGTTCCGGCCGTCGGAGCAGCTCGCCGAGCCGTATGTGATCGCCGGGGCCTGCGTCATCGCCGACGAGGATCCGCAGCGCGCCCGCGACCAGCTCCACCAGGCCAAGCGGCATCGGGTGACCGCGCTGTTCGGGCGTGGCGGACGAAAGTTCACCGACGAGGAGGCCGACGCGATCCTGTCGATGCCGCAGGGACGTCAGATCGACGAGATGCTCACGTATTCCGGTGTCGGCACCCCGGACGAGGTGCGCGAGTACCTCGACTGGTTCGCCGGACATGCCGACGCCGACGAGGTCATCGTCGCGTCGATCGCCCCCGACCGGCAGGTGTGGCTGCAGACGCTGGAGCACCTGGCGCCGGCGCGGGTCCCGGCGAGCTGAGCGCCGTCAGGCCAGCCGGAAGTCGGCGAAATCGAATCCGGGTACGACGACGCAACTGACCAGCGCCGCTTCTGTTCCCACGGCACGCGCCCGCTGCCAGTGCCCCGGCGGCACGAGCGCCTGCGGTCGGTGGCCGGCAGCGATGTCGGGTCCGACCACGATCGTCTCGGTGTGCCCGACGCCGAGGGGCACAGCACCGTCACCGCCGAGGTCGAGTTCCACCGGCGCACCGCGGTGGAACAGCCACATCTCCGCGCCGCGCACGGTGTGCCAGGCCGATTCCTCGCCGGGTAACAGCACGAAGTAGATCGCAGTGCCCGCCGCACGGTCACCGTCGTATCCGGGCAGCGACGCGGCGGGCAGGGTCAGCTCACTACGCCACGTCTCGGCGTACCAGCCGCCCTCCGGGTGAGGCGCCAGACCCAGCGGTTGCGCCCACTCCGGTAATGCCGCTTGATCTTTCGTCATTCGATTACCTCCGCGATCACGGTCACCGACCCCGGTGCGATCTCGGTGAAGCCCGCATCC
NZ_CP116236.1_gap122	3755486	3760133	4647	GACGTGGACATCCATCCCGACCGAGCTCATCGCCTGCTCGACGACGTCCTGCACCTGCTCGGGGTCGGTGTCGCACGCGACGAGCACCCCGAGTGTCAGGCGATCATGGATGACGACCTGCTCGACGTCGAGCAGGGAAACCTGTTGTCCGGCAAGCGCACCCATGAGCACCGAGGTGACACCGGGCTTGTCAGGGCCGGTGACGGTGATCAGGAGGGTCGCCTTCACGACCGCACCCGGAGCGGTGTGAACCGATCCGGGTGCGGAAGTGGTGTGTGAATCCGGGGAGTCGCCCACCGCGCTGCGCCGCGTCAGTCGGCGGAGGACTCGTGGTCGCCGACGGTGAGCGGGTCGCGCCGGGCATGCTCGGCGCTTTCGCTGTCATGCCCGTGACCCGGGCCGACGTGCGCCTCGGCACGCATCCGGTCGATCATGTGCGGATAGTGCAGCTCGAAGGCCGGACGCTCCGAGCGGATGCGGGGCAGCTCGGTGAAGTTGTGGCGCGGCGGCGGGCAGCTCGTCGCCCACTCGAGCGAGTTGCCGAAGCCCCACGGATCGTCGACGGTCACGACCTCGCCGTAGCGGTAGCTCTTGAAGACGTTCCACAGGAACGGCAGCGTCGAGAGGCCGAGGATGAACGCACCGGCCGTGGAGATCTCGTTGAGGGTGGTGAAGCCGTCCGAGGGCAGGTAGTCGGCGTAGCGACGCGGCATGCCCTCGTTACCCAGCCAGTGCTGCACCAGGAACGTGGTGTGGAAGCCGATGAAGGTCAGCCAGAAGTGCCACTTGCCCAGGCGCTCGTCGAGCATGCGTCCGGTCATCTTGGGGAACCAGAAGTAGATGCCGGCGTAGGTCGCGAACACGATGGTGCCGAAGAGCACGTAGTGGAAGTGCGCGACGACGAAGTAGCTGTCGGAGAGGTGGAAGTCCAGCGGCGGGCTGGCGAGCAGCACACCGGTCAGACCACCGAAGAGGAAGGTCACGATGAAGCCGACGGAGAACAGCATCGGCGTCTCGAACGTCATGTGGCCCTTCCACATGGTGCCTATCCAGTTGAAGAACTTCACACCGGTCGGTACCGCGATCAGGAAGGTCATGAAGGAGAAGAACGGCAGCAGGACCGCGCCGGTGACGTACATGTGGTGGGCCCACACCGCCACGGACAGCGCGGCGATCGCCAGCGTCGCGTACACCAGGCCCGAGTAGCCGAACAGAGGCTTGCGGGAGAAGACCGGGAAGATCTCCGACACGATGCCGAAGGACGGCAGCGCGATGACGTACACCTCGGGGTGACCGAAGAACCAGAACAGGTGCTGCCAGAGGATCACACCACCGTTGGCCGGGTCGTAGAGGTGGGCACCGAACTGACGGTCGACCTCCAGGCCGAGCAGGGCCGCGGTCAGCAGCGGGAAGATCAGCAGGATCAGGATGGTGGTGACCAGGATGTTCCACGTGAAGATCGGCATCCGGAACATCGTCATGCCGGGCGCGCGCAGACACACGACTGTGGTCACCATGTTGACGCCACCGAGGATGGTGCCCAGACCGGAGACGCCGAGGCCCATGATCCACAGGTCGGCGCCGACACCGGGCGAGTGGATCGCGTCGGTGAGCGGTGTGTAGGCGGTCCAGCCGAAGTCGGCCGCACCGCCCGGGGTGATGAAGCCACCGATGGCGATCGTCGAACCGAACACGAACAGCCAGAAGCCGAAGGCGTTGAGTCGCGGGAAGGCGACGTCGGGGGCACCGATCTGCAGCGGCAACACGAAGTTGGCGAACCCGATCACGATCGGGGTCGCATACATCAGCAGCATCACCGTGCCGTGCATGGTGAACAGCTGGTTGAACTGCTCGGTCGACAGGAACTGCATGCCCGGATGCGCCAACTCCGCACGCATCAGCAGGGCCATCAGGCCGCCGATGAGGAAGAAGGCGAAGCAGGCGACGATGTACATCATGCCGATCAACTTGTGATCGGTCGTGGTGATCAGCTTGTAGATGAACGAACCCTTGGGCTGATGGCGCTCCGGGTACGGACGTACTGGTGCCACTTGCGTGGTGGGCTGGTCTACCGCGGTCACAGATCCTCCTCTTGCCCGACCGGTCGGGATGCGATTTCCGCCGGTCGGCACATGAACAAACCGAGCGCTGGTTACCGATCCTAAACCCTTACACCCACCCCGGCCGAGTGGGTCCTACGATCCGTCGTACTTGATTTTTCGGGAGCACCATCGGCGCAGGTCAGCTGCGACGCCGGAGCCGACGCGCCGGGCTCGCCGGACCGTCCTGCGACGCCATGCGGGACGGCGGCGACGAGCTCGGGTGGGCGAGGTTGTGGCCCTGCTAGGTTGGGCGGGTGCAGGGTGGCGGTGAGGACCGGGTCGTATGCGGATCCGGCGACGGTGTTCGGAGTCGGTCGAGCAGGCGCGGCGTGGTCGCCTCGGCACTGCTGGTGTGCGTCGCAACCGTGGTGCTCGGTGCCTGTTCCGACGATCAGCCGCTGCTGACCACCCCCGACGGCAAGACCATCTCCACCTCCACGACCCGCATCGCCGAGGTCAACGTCGTCTCCGCCGACCGTGACTACTCGCGCACCTGCCTGGCACCGACCACCGCCTCCGACCCGCGCACCGACCCCGCGCGCATCGTCGTCACCGACCCGGCGCTGCTCGATGATCTCTGTGCCCTCGGCATCGGCCCCAAGGTGACCGCCGTGACCGCGGCCCCCGGCACGATCCCCGCCTATCTCGGACCGCAGCTGACCTCGGTTCCGGCGATCGGCACCACCCCCGATCCGTCGGCGGTCCGCACCGCGGCCCCCGACATCGTGCTCACCACGCCGGCGACCGCCGGCTCGGCCCAAGCATTCACCGGTACCAAGACCGCGGCCATCCCCGACGGCACCTGGCAGGAACGCTTCCAGGCGGTGGCCGACGCCCTCGGCCGCACCGCCGACGGCACCCGCCTGCTGCAGGAGTTCACCGACGAGGCCTCCAAGACCGGCAAACGGATGGACGCCGCCCACAACCAGGTGTCGCTCGTCCGGTTCACCAAGGACTCCGAGATCATTGCCGGCACCGGCACTTTCGCCGGCCAGATCCTGACGATCATCGGCGTGCAGCGTCCCGCCCCGCAGCGCGGCGCCGACAGCTTCACCGTCACCGACAAGAACTTCACCGACGCCGACGCCGACCTCATCTACGTCTCCTTCGACGGCGACGGTGGCCTCGATCACGGCAAACAGGTCCTGCTCAGCGATCGCTGGCTCGACATGGGCGCGCCCACCTGGAAACGCGTCCTTTCGGTCAACGACGAGATCTGGTACAGCGGAACAGGTTTGGCGGCGGCATGGCTCGTGCTCAACGACGTGAAGGAATCGTTGAATGGCAATTCCTGAAGAAGCAACTCCTGACCTGGTCACCCTCGCCCGCACCCTGGCCGATCTGCACGTGCCCGGCAGCCCGGTCGTGCTGCCCACGGTCTGGGACGCGTGGTCGGCGGCCCTGGCCGCCGACGCCGGGTTCGCGGCGCTGACCGTCGGCTCCCATCCGGTCGCCGACTCGATCGGTCGCGCCGACCACGAGGGCATGACCTTCGACGAACTGCTGACCCGCGTCGGCCAGATCACCGGTGCGGTGGACCTCCCGGTGTCGGTGGACATCGAGTCGGGGTACGGCCGGTCGCCGGCGGAACTGATCGACGGACTACTCGACGCCGGAGCGGTGGGTCTGAACATCGAGGACACCGTGCACGCCGAGGGTGGACGTTTGCGCGCCGCAGGGGAGCACGCCGATCTCGTGGGCGCGCTGCGCGCCGCCGCCGACTCCGCGGGTGTCCCGGTCGTCATCAACGCACGCACCGACCTGTTCCTACGTGCCGACGGCGCCGAGACCGACCGCGTGGCTCGCGCGATCGAACGTCTCACGCTCTGTGCGCAGGCCGGGGCGAGCAGCCTCTACCCCGTCGGCCGACACACCGACGCGGTGCAGCGCGAGCTCACCTCGTCGTTGCCGTTGCCGGTCAACGCGATCGCCGTGCCCGCCGAGGATTCGCTCACGCACCTGGCCGAGCTCGGCGTCGGACGGATCAGCTTCGGTCCGTTCTGGCAGGCCGATCTGGCCGCACGATCGAAGGACCTGCTGGCCCGCTGGCAGTGAGCGGCCGGAGGGGATCGGCGCGAACACATGCGCCGACGCCGAGGTGTTCGGCCCGTCGTGATCGCAACCCTCGCGCACCGGGCGTGATCGCGCGCACCGTGGACACATGACTGTCACCGACGAGTACCTCGCCAACAACGCCGAGTACGCCAAGACCTTTTCCGGTCCCCTGCCCCTGCCGCCGAGCCGCCACGTCGCGATCGTCGCCTGCATGGACGCCCGCCTCGACGTCTACCGGGCGCTGGGCATCAACGAGGGTGAGGCGCATGTCATCCGCAACGCCGGTGGCGTCGTCACCGACGACGAGATCCGGTCGTTGGCCATCAGCCAGCGACTGCTGGGCACCACCGAGATCATCCTGATCCACCACACGGACTGCGGCATGCTCACGTTCACCGACGACGACTTCAAGCGCGACATCCAGAACGAGATCGGTCAGAAGCCGGCGTGGGCGGCCGAGTCCTTCCCCGATGTCGAGGAGGATGTGCGG
NZ_CP116236.1_gap123	3762585	3764839	2254	ACGGTCATGTGGCGCCGGTGTTGCCGGGTCGGCTCGATGCCACCGACCTCGACGAGGTGACCACCGAACTGGCCGCCGCGGTCCGGGCGTTTCCCGAACTGCACCAAGCGGATCCGGATCGGACGAGTCTGGACTACCTGCTGCCCACCGAACTCGCCGAACGCCTGTTCACCACCGGCGCCGCCGCGCTGGCCGACGCCGGGTTCCCGGTCTTGTTGCCGCGCACCATCGCCGAGGTCCGGCCGAGTCTGACCATGCGGGCACGTCCGGTGGTGGGCGGTGGTGCGCCGGCACGCATGGTCGGGTTGCGGGAGATCCGGGAGTTCGAGTGGCGCCTGGCACTCGGCGACGGGCCGGATGCGATCACCCTCGGCGAAGCCGATCTGGACGAGTTGTCCAGGCAGAAGGGCGATCTCGTCCGCATCCGCGGTGTGTGGGTGCGCGCCGAGGGCGCCCGGTTGAGCCGGGCGGCCGCCTATGTGAAATCCCAGCGCGCGCTGGCCGGTTCGGGCGACGCACCCGACATGGGCGAGTTGCTCGGGTTGGTCGCCGGCGACACCGACTCCCTGCCGGTACCGGTGAGCGCAGTGCGCGGATTGGACTGGATCGACGAGATCGCTGAGACCGGAGCCCTGCGCCCACAACCGATCCCGCCGCCCGAACTGTTGGCGGCCTCGCTGCGCCCGTATCAGCAGCGCGGCCTGGAGTGGTTGGCGCATCTGGCACGGCGCGGGATCGGTGGTGTCCTCGCCGACGACATGGGGCTGGGCAAGACGGTGCAGGTGATCGCGCTGCTCGCCCACGAAGCGCATACGGCAGACACCGCCACCCGCTCGCCGACGCTGATCGTGTGCCCGATGTCGGTGGTGGGCAACTGGTCTGCCGAACTCGCGCGGTTCGCGCCGAGCATGCCGGTGGCGGTCCATCACGGTCCCGATCGCGCGAAGGGCGCCGCGTTCGCGGCGGTCCACGGCAGCGCCGAGGTGGTGCTGACGACCTTCGCGATCGCCACCCGTGACCGCGAGTTGCTGGCGACGCACCCCTGGCGGCATCTCGTCGTCGATGAGGCCCAGCATGTCAAGAACGTGAGAACCGCAGCGGCCAAAGCACTCCGGTCGATTCCTGCCGATCACCGGATCGCCCTGACCGGCACCCCCGTCGAGAATCGGCTGGAGGATCTGCGCGCGGTGATCGACCTGGTCAATCCCGGTCTGCTGGGGTCGGCGTCGACCTTCCGTAATCGCTTCGCCGAGCCGATCGAACGCGACCGTGATCCCGACGCGCTCGCCCGCCTCGCCGCGTTGACCCGCCCGTTCATCCTTCGGCGCGAGAAGACCGACCCGTCGATCATCACCGACCTTCCGGAGAAGACCGAGATCACCGTGCGCGCCAATCTCACCGTCGAGCAGGCCGCGCTGTACCGCGCGGTCATCGACGATCTGATGGCGGCCCTGCGGGACAAACAGCAGCGCGCGTTGCGCCGGCGAACGGTGTTGGCGGCGTTGACGCGCCTCAAGCAGATCTGCAATCATCCCGCGCACTATCTGGCCGACGGCACACCGCTGGTCCGGCGGGGCGTCCACCGGTCGGGGAAACTCGAACTGCTCGACGACATCGCGACGACGCTGGTCGCCGAGGGCGATCAGGCCCTGGTGTTCACCCAGTTCGCCGCGTTCGGCGAATTGCTCTCGGCGTGGCTCACCGAGTTGCTGGGCACCGAGATCCCGCTGCTGCACGGTGGCCTGGCACGCGGCGACCGTGACCGGCTCGTCGACCGATTCCAGCACGGCGACACCGGGATTCGTCCGCCGATCCTGATCGCCACCCTCAAGGCCGGCGGCACCGGCCTGAACCTGACGGCCGCCAATCACGTGGTGCACGTGGACCGTTGGTGGAATCCGGCCGTCGAGGACCAGGCGACCGATCGAGCGTACCGGATCGGGCAGCGGCAACGCGTGCACGTGCGACGCTTCGTGTGCGTCGGCACGCTCGAGGAACGCGTCGACGACCTCATCGCGAAGAAGCGGGAGCTGTCACGGCTGACGGTGTCGGCGGGCGAGGCCTGGATGGGCGACCTCGGCAACGACGAACTCTTCGAACTGTTCCGGTTGCGCGAGGACGCGGTGAGCGAATGAGCGGCGCCCAGATGAGTGCACACCGATGAGTGCACGTCGCGGTACGGTCCCGGTGCGCGGGTATGCGCTGACTCCGTGGTCGCGTGCGTTAGTCGATGTGACCGAAGGCCGATTCGCCG
NZ_CP116236.1_gap124	3774379	3774947	568	TTCGGCAAGAAGATGATCTCGGTGAGCGACGGATCAGACAGTGGCGACCGATCAGACAGTGCCACAGTCGAGTTCGCCGACGGCACCACTGTCACCGCGGATCTGGTCATCGGCGCCGACGGCGCCAAATCGCTGACCCGCGAATACGTGCTGGGCGGACCCGTCACCCGCCGCTATGCGGGATACGTGAACTTCAACGGACTCGTGGAGATCGACGAGGCGATCGGGCCCGCCACCGAGTGGACCACCTACGTCGGCGACGGTCGCCGGGTGTCGGTGATGCCGGTGGCCGGTGGCCGGTTCTATTTCTTCTTCGACGTCCCGATGCCCGAGGGTGCGCCGTACGAACGGGGAAGTGCCAGAAAGGTTCTCGCCGCCGAGTTCGCCGACTGGGCGCCCGGCGTACAGACGCTGATCGCCGCCCTCGACCCGGCGACGACCAATCGCGTCGAGATCCTCGACCTCGACCCCTTCCACACCTGGGTCAAGGGCCGGGTCGCGGTGCTCGGCGACGCCGCACACAACACCACCCCCGACATCGGACAGGGCGGTTGCTCGGCGATGGAGG
NZ_CP116236.1_gap125	3780905	3785891	4986	GAGGTACACACGATGGGGACGTCGACCCGCGTGGCGAGCATCGCACACACCATCGCGGTGGCGCCGGCGGCCGGACCACCCGGGGCGCACACGATGACCACACTGCGGGGACGCAACTCCGAGAGCGGCTCGGCGACACCCTCACGCACGGCCTCGGCGACCGAGCGCACCTGCGCCCCGGCGAGTGCGGCCGCGTGCAGGAGTCCCTCGGTGTCGGCCGCGATCAGGTCGTCGACGTCGTCGAGATCGGGGGCACCGGTTCGCATGACCCCTACAGTAGTCAGCCGTTCGGCACGGCGCCCACACAGCGCGCGACCCGATGACGGGCGGCCGTCGGCGGTTCGGTGCGCCGGAGTGCACGAGCCATCGGTGGGCACTCGAGGCGAGCGGTCAGTCGACGGGGTCGGGCAGGACCCGGAGGTGGCCGCGCCGGCCCGGGCGCGGTTTGGTGGCACCACCACGCGGCCCGGGATCGGCGGGATGTGCGTCGCGGGTGGGCGCGCGGTGGCGCCCCGGACGCATGTCGTCGAACGCATCGATCGGATCGGGATGGGACATGTCCGCGGCAACCCGCCCGGCACGTCCTCCGGAGCTGGCCTCGCGCACGGCCTCGGCAAGGGCGGTCAGCTCGTAGTCCTCGGCCAACGGCGCCGAGAAACTCCGTTCACTGCGCAGCATCTCCCAGCCGCGGGGCACGGTGATCCGGCGCGCATGCTCGTCGCACAGATCCCAGGAATGCGGTTCGGCCGAGCTGGCGAGGGGTCCGATCACGGCCGTCGACTCCGCATAGACAAAGGTCAGGGTAGCCACCGCGGAACGGGTGCAGCCGGGCCTGCAGCACTGGCGGGGAAGCTTCACGTCATTGAGGTTAGCCCGGCCCGGATCGATCCGGTGATCCCGACACGCGTGAACCGTCGACACCGACACCGCGGACGGGCAACCGACACGAGACAGGCACCGGCACGAGACATTCGGCAGGCGCCCTCCTACACTCGCGCCATGCGATTCGATGGTTTTCGGCCACCGCGCGCCGGTCGCACCGGGCCGGCGCGTACCCCTCGGCGTCGTGAGCGCCGCGGGCGTGGATTGCGGACACCGTTGTTGCCGCCGAGCGTGCCCGCCTGGCGCAGCAAGTCCGACGAATTCGACGCGGTGGCCATCGAGGCCTTCGCCGAGATCGATGCGCGGTGGCACGACGAGCTCGCCGGACTCGACATCGCCGTCGACGAGATCCCCCGCATGTTGCCGCGGGATCCGGAGACGATCCAATGGCCCGACGAGGTGACCGCCGACGGCGCGATCCCGCTCGCGCGGCTCATCCCGGCCGGTGTCGACGTCCACGGGCAGCCGACCCGCGCGAAGATCATCTTGTTCCGCAGACCACTGGAGAGCCGCGCGCGTCGCGACACCGAACTGATCGAACTGATCCACGAGGTGCTGGTGCAGCAGGTCGCCACCCACCTCGGCGTCGACGAGGACACGATCGACCGGGGACTCGACTGACCCGGCACGGCGGGACGGCGTCGCTGCGTCAAGATCTCACCGTGGCCGGTCTCGGTGGCCGACGCCGATGGTGATCACCGCACGGTGATCACCATGACCGGCGCTCGCCGGCCGCGGCTCAGATGATGCCGCGCTTGAGGCGGCGGCGCTCGCGCTCGGAGAGGCCGCCCCAGATCCCGAACCGCTCGTCATTGGCGAGCGCGTACTCGAGGCACTCCGCCTTGACCTCACATCCGGAGCAGATGCGTTTGGCCTCGCGGGTCGATCCACCCTTCTCCGGGAAGAACGCCTCGGGATCGGTTTGGGCGCACAGCGCCCGGTCCTGCCACTGCTCCTCCACCGCGTCGAACAGATCGTCGAACTCGTTGGGCACCAACGACAAATGCCGTCGCGGGGCGTCGGACTCGGCGTCGAAGACCCCGACCTGCGGTGCGGTCAGGAACGTTTCGTTCACCGGTCCGAGACTGCGATACAACGCGTCGTCCGAGCCGGTGATGTGTGAAGGATCTTGTGGTTCAAGGGGATTGCCGATCGGGTTGTCGAATGCCATCGTCGGCCCCTCCTGCCTGGGAAGTCGTTGTACTGCTGCTGTCTCGCGCCACGGCGTCACTGCCGCGTCACCCCGTCCACCTGTTCGTCGTTCGATCTTCACCAGTGCCCGGCGTTCCGAGTCGCACTCACACCACGCGAGCACCACATCGACCCGAAGCGACATCCGGTCGAACATTCTATCGAAAACACTTAGCTCTCAGTGATTCTCGATCTCGAACCGAAAATGACACTGATGTGATTACACACGCTGGCGGCCACTCAGGTCAAGCCGAGCGAGAAATCTTCTTAATACCACTGGCCGAGGAAAACCGGAGTCGCGACACGTGGGGAAGAGGATTCGTCAGGAATCTCACATCGCCTGCGCGGCCGGACGTCCGGGTTGCGACCTCAGCCGCACCCGGACACCGACCCGTACGGTCTACCGGAAGCGCGGACGCGGCGCCACCCGGGTCGGTGTCGGTCGCGCGCGTCGGTCGTCGGTTCTGGTTCACCCGCTTGTCGTGGGGTCACCAGAGTCGGGCCGCTGCCGTCGGGTCACTACAGTGGAGCGCTGTGAAGGTGACCGTTCTCGTCGGTGGCGTCGGTGGCGCTCGATTCCTGCAGGGTGTCCGCGAATTGTTCGGGCCGACGCCGTTTCCCGCGCCCGCCGAGGACTCGGCGGGCGACGAGTCGGCAACTCCCCCTGGCCCCCATGAGATCACTGCGATCGTCAACGTCGGTGACGATGCGTGGATGCACGGGGTACGGATCTGCCCCGACCTCGACACCTGCATGTACACCCTCGGCGGTGGCATCGACACCGAGCGCGGGTGGGGGCGCAGGGGTGAAACCTGGCACGCCAAGGAGGAACTCGCCGCCTACGGCGCCGATCCGGACTGGTTCGGGCTCGGCGATCGCGACCTCGCCACCCATCTCATCCGCACCCAGATGCTCGACGCGGGCTACCGGCTCTCCGACGTCACCGCCGCACTGTGCAAACGCTGGCAGCCCGGTGTGCGGCTGTTACCGGCCACCGACGACCGCCACGAGACCCACGTCGTGGTGTCCGCTCCGGGCGGCGAGGACGGCGCCCAGGTGGCGATCCACTTCCAGGAGTGGTGGGTTCGGCACCGGGCCAAGATCCCGACATTCGGTTTCGCCCAGGTCGGTTCGGACGACACGCACGCCGCTGCAGGGGTGATCGAGGCGATCGCCGACGCCGACGTCGTCCTGCTGGCCCCCAGCAACCCGGTGGTGAGCATCGGCGCGGTGATCAGCGTGCCGGGCGTACGCAGCGCGTTGCGCACCACCGGGGCACGCGTCGTCGGTGTGAGTCCCGTCATCGACAACCGGCCCCTGCGCGGCATGGCCGACGAGTGTCTGTCGGTGATCGGGGTCGAGACCACCGCCGAGGCGATCGCGGCACACTACGGCGCGCGCAGCGGCAACGGGCTCCTCGACGGGTGGCTCATCGCCGACGGCGACGAGGCCGCGGTCGAGGGCATCTCCATCGGCGCCGCTCCCCTGCTGATGACCGACCCGATCGCCACCGCGCACATGGTGCGCGCGGCGTGTGCTCTGGTCGGCGTCGACACCCCGGAGATCGCCGGACCGGACTCCACCGGAGCTGATCGATGACCACGGGCGACGGCGCATCTCCGATCACCGATCACCGCGCCCCTGGCATCATCGAGGTGCGCCCGGTGACCGGGTTGCCGGAATTCGACACGACCACCGACCTCACCAGCGAGATCCTCACGGCCGCACCGTGGTTGGCGTCCGGTGACGTGCTGGTGGTGACCAGCAAGGTCTTCTCCAAGACCGAGGGCCGCATGGTGCCCGCCCCCACCGACCCCGACGAACGCGACGCCCTGCGCCGACGCCTCGTCGTGCAGGAATCGGTGCGGGTACTCGCGCGCCGCAACCGCACACTGATCACCGAGAACCGACTCGGCCTCGTGCAGGCCGCCTCCGGCATCGACGGGTCGAATGTTCCGGTCGACGCGCTCGCGCTGTTGCCGGAGAACCCCGACCGCAGCGCCGCCGAACTCCGCGCGTCCCTCGCCGCGGCCGCGGGCATCGATGTGGCGGTGATCGTCACCGACACGATGGGCCGCGCGTGGCGGACCGGCCAGATCGACGTGGCGATCGGAGCGGCGGGGATCGCGGTCACCCATCCCTACGAGGGTGGCGTCGACAGCCACGGAAACCCGTTGGTGGTCACCGACATCGCCGTCGCCGACGAGATCGCGGCCGCGGCCGATCTGGTGAAGGGCAAACTCGCGGGCGTACCGGTGGCCGTGGTGCGTGGATTGCAGCCCACCGACGACGGGTCACGGGCGGCCGATCTGATCCGGCCCACCGACGAGGACCTGTTCCACCTCGGTACCGCCGAGGCGATCGAGCAGGGCCGCCGGGAGGCACTGCTGACGCGGCGGTCCGTGCGCGCCTTCGCCGACACCCCGGTCGACCCGGAATCGATCACCGCGGCATGCGCAGACGCGCTCACCGCACCCGCTCCGCACCACACCCACCCGGTGCGATTCGTGTGGGTCCGCGACGCCGCGCGCCGAACGCGACTGCTCGATGCGATGGGCGAGGCCTGGCGCGCCGATCTCGGCGCCGACGAGAAGACCGCCGAGTCGATCGAGAAGCGCGTCGCGCGCGGGCGCATCCTCTACGACGCTCCGGAACTGGTGATCCCGTTTCTGATCCCCGACGGCGCCCACACCTATCCCGACGAGCGTCGCAACGCCGCCGAGCACACCATGTTCACCGTCGCCGCAGGTGGCGCCGTCACCGCCCTGCTCGTCGCCCTCTCGGTACGCGGACTCGGCTCCTGCTGGGTCGGTTCGACCATCTTCGCCGCGCCCGTGGTGACCTCCCACCTCGAGGTCCCCGCGGACTGGGAACCGTTGGGCGCCATCGCCGTCGGCCACCCGGCACAGGAGT
NZ_CP116236.1_gap126	3824952	3829352	4400	CGGTGCACCGGGCGAACCCGGTGCTGTGCCAACACAGTGCTGGGCCTAGGCGGTGGCCTGGCCCCGACAGCTGGAGTACTGCGGGTTCACCATCGGCACGAACGCCAGCGCACCGATCTTCTGGTTGATCGTGAAGCTCACGGGGCCGCTACCGGGGTGCAACACCACTTCCCAGCCCACCACCTGGGTTCGGGTCGGGACCCGCACCGTACCGGTGCGTCCGGTCCGCAGATTGCGCCACGCGACCGTGACCTCGACGGTGAATTCGAGTACGCCGGGCTTCGCTCGCGAGGACCCGACGAGCGAGATCGCCGGCCCGGGCAATCCGTCGGAGGGGAAAGGGATCTGGTTGTAGACGTCCACCCACACCGGAATGCGGGGCGCGGGCCACGGATTGGCGCTGTCGCAGCGCAGCGTGGTCACGTAATCGGGTTGCGGGTCGGGTAACGCCGATGCCGTACCCGAGGCCTGGGCGGTCAGCCCGAGCACCACCGCCGCCATCGAGACGACCGCGATCACCGCCGTCCGGAAGCGCCGACCGCATCGGCCACGCAACCCCGACGTCGGCGTTGTCGTTGACAGTGTTGTTGTAATCGGCGTTTTTGTAATCGGCGGCGTCTCCCCCGAGCGCCGAGAATCCACGGACCCACGCAGCATGGGGCTCAGTGTAGGGGCACTACCCTGGTGCCATGGCGAAACTGCAGATTGCCCAGGATCCCGTCGCCGACGAATTGTTGTCGACCGATCCGTTTGCGCTGCTCACCGGGATGCTCCTGGATCAGCAGTTCCCGATGGAGCGCGCTTTCGCCGGGCCGGCGAAGATCAAGGACCGCTTCGGCTCGCTCGATCCCGAGGCGATCGCCGCCGCCGACCCCGCCGAGTTCGCCGACCTCTGCGCCACCCCGCCGGCGATTCACCGTTACGGTCGCTCGATGGCCGGGCGGGTTCAGGAGCTCGCCCGAACCGTGGTGGCGGAGTACGACGGTGAGACCGAACGGATCTGGACCGAGGCCCGCACCGGCGCCGACCTGTTCGCGCGGCTGCGCAAGCTCCCCGGCTTCGGTGAGCAGAAGGCCAAGATCTTCACCGCGTTGCTGGCCAAACAACTCGACGTGAAGCCGGCCGGGTGGACGAAGGTGGTCGGCGACTACGGCAAGAAGGGTTTCCGCTCGGTCGCCGATGTGACCGACGCGGATTCGCTGCTTCGGGTGCGCGAGTTCAAGAAGGCCGCCAAGGCGGCGGCCAAGGCCGAGTCCGCTCAGCGCTGACGCGCGCTATCGTTCCCGCATGAACTCCCCCGACACCGGCGACGCCGGCGCGAGTGGGTCGGTGCCTCGCCGACAGTCCCCTGGTCCGATCGACGTCCGGTCCCTGATCGAGTTCCCTTTCCAGTTGGGTTTCGCGGTCACCGGCGTCACGCTCACCGCCGCGGAGTCGGCGGTGAACATCGCCCGCATCACCGCCGACAGCGTGCAGCACGAGCTCAATCACGCTCTGGGTATCTCCGGTGACGAGCTCAGCGGGGCCCGCGCGCCGCTGGCGTTACTCGGTCAGCTGGCCGATCTCCTCGGTCCCGATCGTCCTTTCGGCCGGATCGTCGCCGCGGGCGGACCACTCGAACGCCTTCTCAATCCCGGTGGCGTCATCGACCGCCTGACCGCCAAGGACGGATTGCTCGAAAAACTCACGGCGCCCGGCGGAATCCTCGATCAGATGTCGGAAGACGGCGGCATCCTGACGCGGTTGACGGCCAAGGACGGTCCGCTGGACCGCCTCACCCGCACCGGCGGGGTGATCGACCAGTTCACCGAGAACGAGGGCATTCTCGAACGCCTGACGTCGGAGGGCGGCATCATCGACAAGTTGACCGCACCCGACGGCGTCCTGGAAAAGGTCACCGCCGACGGCGGAATCCTCGATCGCCTCGCCGAGGACGGCGGTCTGCTCGATCAGCTCGTCGGCGAGAACGGCGCGGTCGAGCGTGCCATCGCGCCGGACGGCCCGCTCGACCGCATCACCGAGCTCACCGAGGTGATCGGTCAGCTCGCACCCAACCTGCTCGCCATGCAGGACACGGTGCACGAGTTGGCCGAGACGGTCGATCTGCTCAATCAGACGGTGGCCCCGCTCGGCGGGCTCGCCGAGCGCCTGCCGAAGCGCCTGACGCGAGGCCATCGGGGCGGCAACGATTCTCCGACGTCGACGCGTGGGTCGGAGCCGGACGACGGCCCTCCCCAGATCACGTCCTGACCGACTCGTTCCGGGCAGCTCACCGTCGGAGGGCTTCGGTCAGCAACGCGAGGTAACGGTCGATATCGGGGCATCGGTGGGGTGCAGCGATCACCGAAAGCGTCACGCGCGCACCGAGACCGTGCACTCCGTGGTTGAGTCCGTGCACCGGGGACAGGGCCGGGAAGCCTGCGGTGATCACCGATCTGCTGCCCCCGCCGAGCGTGAGATCGGCCGGTCCCCGATCGACGGAGGAGACCACGCTGATGCCGTCGATGCGCTCCGGGAGCGGCACCGCCCCGGCCTGGCGGGCGCCGAGGATTCGGAGCGGGGCCGGTGTGGCGTGTTCGGCCCGACGGGCGGCTGCGCGTTCGGGGGTCATGTGTTCGTCACGGGCGCGGGCGATCTCGGCGGCGATCGCCGAGGCTCGACCGTCGAGGTCGGCGATGTCGGTGTGCAGGTCGATGCCGACGGTCCGGAAGTCGTTGTGGGAACCGGCATTCGGGCCCGTGGTGGCCCGTCGCCGGGCGACGGTGAGGGTGATCGTCACCGGCATCGACGGGTCACCGAGGAAGCGCGGAAGTGCGTCGGAGATCGCGGTGAGGGCCCCAACGGTGACGGTGCCGCCACGGGCGGTGAGCACATCGGCGGGGACGGTCAGAGTGCGCAGTTCGCGTCCGCGACCGGGTGGCCCGTTGATCGATGTCGGCGCGACACTTGAGGTCGGCCGACGCGAAGCTGTTGTCCCCGAAACCTGTCGGTGGCGGTGAAACGCGAGACCGCCCCAGAAGAGCATGCGTGCGACGTCGATGGGCATGCGGGCCATGCCGAGTGCCGTGGCGGCCGGGACGTGCATCACCGTCGTCGGCCGCCGTTCGGCCGGGCACCGCGCCTGTACCTCGATCTCCTTCTCGGAGAACAGTTGTCGCGCAATGGCTGACGATCGTCGGCCGTCGCCGAGCGCGTGTGCGACCTGCAGAACCGCGACGACGAGATCGCCGCCCTCGGCCACGCCCGGGGCGGGGGTGACCGCCCCGTAGAGATGTAACCGCCACATCTGTTGCCGCGCATCGAGTTGATCGTCCATCGACTGCGCGATGCGATCGAGACACGCCTGCCACGTCATGGGACCCTGAGTCACCCGCACCTGATCCGCGGAGACCGGAGCGCGCCGCCAGTACGGCCGGTCGAGATGTGCCGGGACGTCGGCGACACGCAGTCCCAGATCGTCGATCGTCGCGGCCCGCCGCCGCAGGTACCCGGCGATGACGTCGAGAGACGTTCGCGGCGAGGTGAACCCGTAGACCAGGAACTGGTCACTGGGCATCACCGACGACATCCAGTACCACATCGCGTCGACGGCACTCATCTGCTGCACCGGGCTCACCCTACCGCCGGATGCGCCGGGACGGACATCGTCGATGACGATGCCCGCCCCGGGGTTACCGCGCGCGGCTCAGTTGCCGGTCAGCTTGTCCTTGACCTTGCCTGCGGCGTCCTTGACGCTCTCGATGCCGTCCTTGACCGCGGCCGAGGCCTGATCGGCCTTGCCCTCGCTCTTGAGGCTGTCGTCGCCGGTGACGTCGCCGCCGACTTCCTTGGCCTTGCCCTTGGCGTCTTCGACCTTGTTCGAGATCTTGTCCTCGAGTGCCATGACAGCTCCTTCTCTTGATGGTCCCGGCGCGCAGTGCGCTCGGGTCTGCCGGGGGTCCCGGCGAGTTCGTGGCGACACCGAGATGCGGTGTCGTGTCTGATATTCGTGACTTCTGCGCTCGGGTGCGGGCTCAGCGACTCGGATTCTGTAGGTGGACCAACGCCTGGACATGGATGTCGGCCCCGTCAACCGCGCGACGAATGTTCTCCACGGCGGGCCCGAGCACCTCGGCGATCTCGTCGTAGGAGTAGCGCGGCGGCGCGGTGACGTCGATGCGGATGATGCTGCGTCCGCGATCATCGAGGGCACGCACGGTCGCCTTGTCGAACATCGTCCGTTCGGACAGTTCGTCGGCGACGGCGGCGGCGATCAGCTTGGGCGGAACCGTCAGGATTCCGTCGGCACCGCTGCCGGTCAGGGTCAGGTCGTCCACCCGACCGGGACGCGACGCCGCACCGAGCAGCGCGAACCCCCAGATCACCGCGATGACGACGACCCCGAGAAGCACAGCCCACCA
NZ_CP116236.1_gap127	3837757	3838782	1025	GGCCGCCTTCGTGCGGCCGTACACCTCTTTGATCTTGGCCTGGGACACGTCGAGATCGGGCGTCTCGACGAGGTCGTCGCGCGGGATGGAGTAGGCGACGATGTTCTTCCGGTCGGCCGGGATGTGCATCAGGATCAGCGTATTGGTGTTGTAGCCACCTGAGTCGCCGTCACCGGCGTGCAGCTGTCGCATCACATCGTCGGGAAGATCGTTGCCGTTCTTGTCTTTTCGGGTGTCGAGCCCGATCAGCAGGATGTTCTGGGCGCCATCGGTCGACCGCGGCGCGCCCTGCAGCGCGTTGGAGTACCCGAGCCCGCCACGAAATGTGCTCGCCCCCATCCACATCGCCCCACAGACGACGAACGCGATGACCGAGCACACCACGACTGCCGCACGCGCCAGTCCGATCGCGGTCCGGCGGCGCGCGGGCCGCGCGGAATCGTGCCCTGCTTGCCGTGGTGCACGACGCCGTGCGGGGTCGCGTTCGACCGAGCGGCCCCGTGCGGTGCCGCTGCGGGCCGGGATGGCCCGGAATGTGCCGGCATCGGCCCCCACCGTGCCGTCGTCCGGCGTCGACGCTGCCGCCCGCTCGTGCGGCCGGGGGCGACGATCCGGTGTCGGGGTCGTCGGGATGGGTCGGGTCGGGTCCTCGGAGACCGAACGGCGGGTCGGCTGCGGCTCGGTGGGGCTGACGTCGAGATCGGGGTGATCCGGCACGTCCGGTTCCGCGGGGAAGCCCCCGACCGGCGTCCAGACCGAGGTGTCCTCGTCGGCTCGGCGCTGCGCCGCCCGGCGATACACCTCGCCCGCAGTCGGCCGATCGGGCCGTGCGGCGCGGTGACGTCCGGAGGACGCACGCGACCGACGTCGATCGAACTCGCTGGCCATCCGTTCTCCACTCGTCGTCAGGGCGCCGTTGCGCGCCGCATCGTCCCCTGGGGCCGGCGGCGTCGGCACGTAAACCGCGCAAGGCTAACCCCCCGGACTGTGAGGGGACTGAGCACGCGCTCACCCGCCCGGTCCGA
NZ_CP116236.1_gap128	3841711	3842696	985	CCGGCTTGGTGCGGCGGCCCGACGTGGCATCGACGAAGGTCGAGAACACACTCGACGCCGCCGGTTCGGAAACGAAGCGCCCGAAGACCTGGCGCAAGCCGTCGGCAGCCTCCCGGGCGAAGCGATGGAAGTCCTCGGGATCGAATCCGAAGTTCTCGTTGTGACCAGCCATCGTTGGGCCTTCCGTCGTGGCCTGTCGTCGGCGTCAGGCGCTGTGGTCTCCAGTGTGGCGAGCGGGTCCCGACTTCGCCACCGCGATCGGTTCGATGACCGCGATGGATTCGATCACCGCGCCCGCGGCAATCCCTCATCGAGTGCGCAGAGCACCTCGAGGGTGGCCCGCAGCCGGTCGAGCTCGATCGGCTGCGCACCGGCCGACGTCTCCGCCTCCAGAGCCGCGGACATCGTGTGTGCCCAGAACTCGTGGAGCCGGGCGATGCTGTCGAGAGCGAGGTCGGTCGGATACAAGCGCACCGAGCGGGCATCGCCGGGATCGGGTTCCCGGACGATCATCGCCTTGTCCTCGAGGGATCGCATGGCAACGCTGAAGTTGCTGCGCTGCAACCTCGTTGCGGTGGCACCCTGAGCCGGGGTGCCGCCGGGGTGACGATGCACCCACCGCATCACCGCGGCCTCGCTGCCGTTGAGAGGCACCACGCCGGATGGACCGTGTGGTCCGCGGGGCTCGACCTCGCGCGCCACTCGCAGCACCACGTCGGCGATCTCGACGAGGAGAGCTGTTCGTGACCTCGGTGTGCGTTCGACAGGCGCCATATGGATATGTTCCCATAACTATATGCCGTCGTCGACATCACCCGGGACCGCAGCCGGGCACAACGACCTCACCCACCCCGGCGTCACCCGCCCGGTCCTGCTCGTCCTGGCCCTGCTGTCGGCGGTGGCTCCGTTCGCCACCGACCTGTATTTGCCGGCCTTTCCGGAGATGACCGGCGATCTGGGCACCGGGGCGACCGCAATCCAGTTG
