gap_id	start	end	length	sequence
NZ_CP092060.1_gap1	99542	103897	4355	GTGGAACAGAAGGGCAAATGCAGAATTATCGTTCTCAGTTAGCTATTGCGTATAAACAGGAAAACATTCTCGAGAAATATTTGTCATTTGAACAAAGCCACGCTAGCTTTTTTGACCATTTGATTGACTTAGTTCAAGCAGTTCAGCAGACCATCCGCGAACTCCAGTCGAATATCCAGTTCAACAGCCAGACAGGCACTTACGATCTAAGTAAGCTGAATCACGCTACAGTGAGCCACATGCAACAAGCTTTAAATAAAGCACGAGGAATAAAAGAAGATATTATAAAAGAACTACAAGACTACACAGTGCTTGCAGTGGTATATTTAGATAGTAATGGAAAAGAACAGGTGATGTGGTTATTAGAGCGAGACGGCTTAGGAGTGGAGAATGCCGAACTTAAAGCCTATTTAGAAAAAAACGGAAAATATCTTAATCCAGAAGATTATTCGATTATTACTAATGAAGACTTGAATAAGAAAATCAATAAAGCTTGGCGAGATGGTGTTTATTATCTAAATGGTAACAAGTATGATGGACTAACTGGCGGTATTTTATCTACCTCGGCATATGTTGAAGCTGGGAAAGGGTTTATAGATAAGAGTGGGTTAGCGGATGTTGTGCTGGGGCTTGGGTTGAGTACGGCTGCGATTAGAGGGAGTGTGACATTTGGTAAGAAAAATAAACTGAAAGGTTATGATTATTTAGATGACCTGTTGGGCGATTTAAATAATAAAGTGAAAATAAAGAAGTATGACTCTGCTGAAAGTGTCAATAAATATTGGCATCAACAAAACTATGATCAACCTCCATATACACCTAAAACACCTGTCCAAGATTTAGAACTTTTGGTAGAAACTAAATTTGTCAGGGTATATGATGGGGGAAGTTCAAAACTACATGGTGGATGGCTTATGAAAGCAGAGGATATAAAAGGTTTAACACCGACTCAAATTAAAGATAAATTTGCATTACCTAATATACCCAAATTTGTTGGAGAAGTTACTTTGCCAAAAGGCAGCAATATCAGAATGGGAGAAGTAAATCCTCTTTTCGAAAATAAAGGTGGAGGTATACAATTTGATTTGAAAGGTCAATTCATTGGTGAATTTAAAGAACTCGGAAAAATCTCAGAATGGGGCGGATTAAAGTGACAATTAACGCAGAATACATTGATAATAAATTAACTGCTTTTGGAAAAAGCATTGAATTTAAGAATAAAATTGTAGAATTAAAAGAGAATGATAACTGTTTATTTGTGAGATTATTGGTTGTTCCTGGTCAAGAATTAAATGAAAACACTTTAAGTAATGTATATGCAATTAATAAATTGGGTGAAATTCAATGGCAAATAAAAAATGTTGCGCCAAAAGGAAATAATGTTTATATATGCGCACCATTGGTAGGTATGGATATCGAAGAGAACGATTTATTTGTAACAGATTTCATGGGGCGGAGGTTTGAAGTTAATCAAGAAAATGGTGAACTCAACCAAGTGAGAATAGTGAAATAAACTCTCCTTTTACTCTAATAAATTTTTGTTTGTTGAAGTTTATTAGGATATTGGATTTACTATTAAAGGTAGCGAGGTGGACTAAAAGTCTCGTAATTACTGGATTTAAATGATAATACGGGTGAAATCAAGGATATTGAAGAGTTAATAAATGAAAACTCATGTGATTAAGTAAACAAATTACGGAGGAATAACTATTTTTAAGTTGGAAATAAGTTTGCGCTTTAGAAAGCCGACATTATTAAGAAATGCTGAAACAGGGCACGCACCATTTAAAGCGATAACTTAATTTGAATAATTTTTAAATGAAGATGAGTGAAAATTGGCTAAAGGTACTTTCTCATGAGAGAAATATATCAAGTGAACTGTCCACAAGAGAATATAAGACCTTTTTAGAGGATATGATGTTGAGGTAGTTAAGCTGATAGATTTGCTAAAGAAAGAATCAAACACAAAGATGAGGAAAAAGCTTATGACGAAGATAACTCATATGAATAATAAATTAATTTTTGAAAACCAAGAATACACATTTGAGTATCCAATACAAACTTTGAGAGAAGATAAAAATCATGTATATGTTTTATTAGATATACCAGCCAACCAAGAATATACGTTTGATGATTTTCATAATATTTATGCTTTTTCTTATACGGGTGAACGGAAATGGCAAATAGGAGAGAGACCCGTTGGAGATAATGATGTTTATACTTTGATTAATGTAAAAGAAGGAATACTTTACGCTACAGATTTTAGCGGAAGAAAATATAAAGTTTGTGAAAAAAATGGAATTCCTGAAAAAATGGAAATTGTAAAATAAAAAATACATTTTACTGTCTCGTTCAGAACCCTTGCAACCCATATTTAAAAAGGGCCTAAATGTTTTAGCAATGTTTTTATAAAATCCCAAATTGGAAAACCAACCTTCACCCAAAAGGAGCTAACATGAAAAAACTACAATGGCTAACTAACCGATTATTTGCAACCTCTATCCTCCTAATCACCACGTTATTTATCATACCCCCAACATTTGCGATAGCTGATGGAAGTAAAGTGAGTTTTTATGAATACATATATGGAGCACCTTTTAGATGGCTAACTGTAATTAGTACGACAGATAAGAAAGGTGCATTTACGGAGATGTTTTTCTCGGGAAACGAGGGTATAACTATCCAATGGCCCAATCTAATGATAAACTTTCTCTTAATTTTCCTTGCAATAACTATTATCTTTTCCCTAGCAAAAAAGCTTTACGATAAAAAGAACGTCAAAAAAGACAACCCATAACAGGTTGTCTTTTTCTATATGCTGTTGTAAATGGTCTCTTACTGTACACGAGAAAAATTCACCTAGCTAAACTCGTCTAGTCTTAACCTTCTCTTCATAAATCCCAATCTTCCTAACCACTGTATCCAAATTCTTCTGCAAGTCTTCAATCTCTTGCTCCAAAATAACCTTTTTCTTTTTTAACATATTTAATCGTTCGGAAATAGTGCTGTCTCCTGCTGCGCGCCAAATTGTGTACTGCTTTAATTCTTCTACCGATAACCCGGCGCCTTTTAAGTGCAGTAAAAATTTTAGCCAATTGGCGTCTTCTTCGCTGTATATGCGCAAATTATTCTTGTCGCGGTCAGGGGTTATTAAGCCTTCTTTTTCGTAGAATCTAAGGGTGCTACTGGGAATGCCTACTAGTTCGGAAAATTCACCGATAGAAAAAGCCATTTAATCACCTCATCTGTGTGTTTTTCATAAGGATACCATTTTGAATAGGAAATGCCTACTTTCCGATGCGTTTATTTTCAGCTGCTGAGTATCTATCACCAACAATTTCAATCTGCGATAAAGCATCAGCTATTTTTTGTCGTGCTCCGTCATCAAAACGAATGTCCGTGGAGGCGATATTTTCTTTAATTCTGCTTTGTTTTGTTGTTCCGGGAATTGGCACGATCCAAGGTTTTTGGTCAAGTATCCAAGCGATGGCGAGTTGTGCCGTTGTGACATTTTGCTCGTCGGCTATTTCTTTCATAAAATCGAGTAGTACTTGGTTGGCTTCCATGGCTTCTTTTTGGAATCTTGGTAAGCCACCGCGGTTGTCGTTTTCATTGAAGCTAGCATTTATATCCAATTTGCCAGTTAAATAACCGCGACCTAGTGGGCTGTATGCGACAAGCCCGATGCCAAGTTCTTCTAAAACCGGAAATATTTCTTTTTCAGCTTCTCGCCACCAGATGGAATACTCATTTTCAACAGCAGCTAGTGGCTCTACTTTATGAGCACGGCGTATTGTCTTTGCGCTGGCTTCGGAAAGTCCCCAGTGTAGAATTTTTCCTTCTTGTTTTAAATTCTGAATGGTTCCGGCAACCTCTTCAATTGGGATAGAGGGGTCAATTCTATGAATGTAATATAAATCAATGTAATCCGTTTTTAGCCGTTTGAGAGAGCCTTCAACCGCGGCCTTGATGCTTTCTGGACGGCTATCGACTTCGTTATTTAAACCATTAATTTTAAAACCACCTTTTGTTGCAATTTGAACATGGTTTCTTTTGCCAACTAAAGCTTCTCCGACAAGTTCTTCATTAGTATAAGGTCCGTACACTTCAGCAGTATCGAACATCGTAATCCCTGCATCCATTGCAGTGCGTACGACTTCAATCATTTCTTTTCTATCTTTCGCAGGTCCCCGGTGATAATTGAGTCCCATACAGCCGAATCCAAGCTCTGAAGTTACTAAACCAGTGTTTCCTAATTGTCTCTTTTTCATAAAAATATGCTCCTTTTAAACCAAATTTTTAAATTAGAAATATCAGGATGTTGTATTTAGTTTATCAGTTGAAGTGAACTTTAA
NZ_CP092060.1_gap2	139726	140882	1156	GCGCCAGGTATCATTGGAATGAACAGCTCTGGCGAATTACTGCGGACGGCCTATGTTAGAGACGAAAATCCCGCATCGCCAATTTATTCTCCACTATCGGCCGTAGATAAAAGTATTTATCCGCCTACACTTATAGCCAGTGCGGAGTTTGACGCGTTACGAGCTTTTGCAGATATTTTTGCTAAAGAACTGCGCGCAAGTGGTATACAAACAAAAGCAATCGTTTACCAAGGAATGTGTCATGCTTTCATTGATAAATACGGGATTTTCCCTCAAGCGGAAGACGTGGCAGATGAAATTGTTCAAATGATGAAAGAAATATTTTAAAGAATAATTTGCAGGCATTTTCCGGAATGCCTGTTTGTTTTTGGACTAAATTTTGCGATTAGTACTAAAAATGTATTAGAATAGAGAAGAGAAATGAGAAAGGATGATGGGACTCATGAAATTTCAGCTTTTTATTCAACCAAAATTAGATGTTCTTCAGGGAAATATTGTCGAATATGAAATACTTTTACGTGATGATAGTGCAGTTCCTAGATTTCCTCTATCAGAATTAGAAGCTGTACTCGCGGACGAAGAACTGTACTTAGCTTTTTCCGAGTGGTTTAGCGAGGCGTTCTTAGACGTTTTAAAGAAATATCCAAATGATCGATTTGCCATAAATATTGCGCCACAACAGCTTTTTTACATAGAAACACTCCACTGGCTAGACAAATTAAAAAGCGAGAGCCATCGTATAACTGTAGAAATGACCGAAGATATTTTCGATGTCCCCGGTCATAAACGCCACCTTAATGCGAACGATAAAAACGCATTTATTCTAAATAAAATTAAAGTGATTCACGGTCTCGGCTACCATATCGCCATAGACGATGTTAGTTGCGGATTGAACAGCCTAGAGCGAGTGATGAGCTACCTACCTTACATAATAGAGATTAAATTCTCCCTCATTCATTTCAAAAATATACCATTAGAAGATTTGCTACTATTCATTAAAGCTTGGGCAAATTTTGCTCAGAAAAATAAGCTCGATTTTGTTGTTGAGGGAATTGAAACGAAAGAAACCATGACTCTACTAGAAAGTCATGGCGTCTCGATTTTTCAAGGTTATCTCGTTAATAAGCCGTTTCCGGTTTGAAAACTATCTATTTGA
NZ_CP092060.1_gap3	146230	147216	986	TTGTCGCCAGTTTAATGCCGATTATCATGCAAATTGTTACTGCGGTTATGCAAATTGGTGCCGCGTTAATGCCGATGGTTATGCAATTTATTAGCTTTTTTGCGCAATTGTTAGCCCAATTAATGCCGTTTATTAATATGCTGATTTCCATGCTTATGCCTGTTATTATGCAGATTGTTCAAGTTGTTATGTCACTTGTTTCGGCACTATTACCGAGCATCATGACAGTGATTCAAGGCATTATGAGCGTTATTCAATTTTTAATTCCGATAATCATGCAAATTGCGACGGTGGTTGTACAAATTGTTGTAACGATTATTTCTTATATAAGTAAAATTATGCCGATTGTTATGACGATTATTGGCGTTATTGTTTCGATTATCACAACGATTATTAGTTACGTCGTTATTATTGCGACGACGATTGCTAGTGTTATTGGGAAAATTATTAGCTTTATTGCGAGTGTTATTACGGCGGTTATCGGGATTGTGCAACCAATTATTGGCTTTATTACTAATATCTTTACGATTATCGTGACGATTATTGGTGCAGCTTTCCAAATGGTATTTACTGTTGCATCCAAAATCTGGAATGCCATTATGACGACGATTTCCGGAATTATTGAAGGAATCAAAGCAGTCATCACAGGTATTTCTACTACGGTTTCATCAGTGTTTAACGGAGTGAAGCGCATTATTACAGGTGTTTTTGACGGAATCAAAAGTGCTTGGGGTGGTTTAACTGATTTTGTGGGAAATATTTTCGATGGTGTTTCAAGTGCAATTCAAACCGTGGTAGATAATGTCAAAGGTTTTGTAAACGTCGTAATTCGAGGGATTAATGGAGCCATTGGTTTAATTAATAAGATTCCAGGCGTTGAAATCGGCAAAATACCACAATTAATTTCCGGTACAACAAATTTCCAAGGTGGCTTTGCTCGAATGAATGAAGGCGGCCGAGGCGAAATGGTGGTTTTACCGTCGGGT
NZ_CP092060.1_gap4	238060	242043	3983	TTGCGGTAAACGGAGTGACGGCGAAACCAGGAACCAATGTAAAATCTGGAGATGAACTAGTTATTCGCTTTGGCCCTAAAATCGTTACAGCAAAAATCGAACGCCTAGAAGAAAATGCGAAAAAAGAACAAGCAACTGAAATGTATACGATTATTAAAGAAGAGCGCACAGACGAAAGTAGATAAAGAAAAATCGTTTGAAATGGCACTATTTAGCCGATTTCAAACGATTTTTTATTGGTCATAAAAATCGGTAAACAATTTTTTGTCAAAAAGTCAAGAAAAATATCATAAAATTAGCGGATTCCAATAGACAAATGCCGGATTTATTGATATCATTTTAAGCAAGAAACGTTTTTTTCTCTACCGAAAATCATAGACAATTAGCAAATAAGAACATGGGAGGGACGATGTATGAAAAAAGCCAAATCAAAAGTGGCGAGAATAGAAAATCGCTACATAAAAGATACTGCAACAATGAAAAAAACTCGTAGTCGTCGCCGCATTGCCCTGTTCCGTAGACTTGCTTTTATGGCTATTATCTTTGCTGTGGTGGGTGGGTTATTAACCATCACATACACTAAACAAGTGTTGACACTCAAAGAGAAAAAAGAAAAGCAAGTGCAAGTGGATAAGAAAATGGTTGCAATGAAGGACGAACAAGACTCGCTAAATGAGCAAATCAAGAAACTTCACAATGATGATTACATAGCTAAATTAGCAAGAAGTGAATATTACTTGTCCAAAGACGGAGAAATTATTTTTAATATTCCTGAAGAGAATTCGAAACAAAAAGAGTAAGTCAGAGCCGAGCCGTCATTCTCCATGGTAAATCAAAGGGAAAATATAGTTGAGTATTTTTGGGGTTTGTAAGTTTGACTGTTTGACACTCTTTTTATTATAGCTATAATTAAGCAATAGAGTGATATTTTAAGGAGGACGCATTTTTTTATGTCGATCGAAGTAGGCAACAAGTTACAAGGGAAAGTTACTGGGATTACTAATTTTGGAGCATTTGTGGAGCTGGAAGGTGGCAAAACAGGTTTAGTCCATATTAGTGAGGTAGCAGATAACTATGTTAAAGACATTAATGACATCTTAACTGTAGGGGATGAAGTTACTGTTAAAGTAATGAATATTGGTGATGATGGTAAGATTGGTCTGTCCATTCGTAAAGCAGTAGATCGTCCGGACCGCCCAGAGAAAAGTTACGATCGTAAGCCGAAATACAGCAAAAAACCTGCTGGGAACTATGTGAAACCAGCCGAGAGCTTTGAAGATATAATGTCTAAATTCTTGAAAGATAGTGATGAAAGACTCACTACTATCAAACGCCAAACAGAATCTAAACGTGGCGGCCGAGGAGCAAAACGCGGCTAATACGCTAAAATTAATTGTAAAGTAGATGCACCGTATTGGATCATTAATACGGTGCACTTTTTAATAAAAAATGTGAGAGCCGAATTTCGAAGGAAGGTTTTCTTGAATGGATGACACCGATAAACGAGTACATAAGTATATCGAGAAACATGATTTAATCCGATCCGATGATAAATTGCTTGTGGCAGTTTCTGGCGGTCCGGATTCTTTGGCGTTACTGCATTTTTTATGGAATTCAAATTTAGTCTCAAAAGAAGCAATTTCCGTCGCGCATTTAAATCACCACTTAAGGGAAAATGCGGCGAATGAACAAAACGTCGTCGAAGCTTTTTGCGAGAGCCAGGGCATTCCTTTTTACATAGAAGAAGTAGACGTAAAAAGTCGAGCTGAGAGTTTGCAAAAAGGTATCGAGGAAACAGCGCGCATTGTCAGGTATGATTTCTTTGAGAAAGTAATGGCTGAGAAAAAGATCAACAAACTAGCGCTCGCACACCATGCAGATGACCAAATCGAGACAATCTTAATGCGACTAGTTCGCGGAAGTGCTAGTATCGGCTGGTCAGGCATCCAACCAAAACGCGAGTTAAAAGGAGGACAAGCAATCCGTCCTTTTTTACCAATTACAAAAGCAGAAATTATTGATTACGCCCAGAAACACGAATTGGCATACGAAATCGATGAATCAAATACTAGTCAAGAATACACAAGAAATCGTTACAGAGCGCAACTTTTACCGTTTTTAAAGCAAGAAAATCCAGCTGTCTATTCGCACTTCGAAAGATTTTCAGAAGAAACAAGCGAAGACTTCCAATTTTTGGAGGCACTTGCGAGTGATTTATTGAAGAAAAACCTCATCAAAAACGGCAAACGGACAACACTTTTACTTACTAACTTTAAAAATGAAGCGAATCCTTTACAACGCCGCGCAATTCATTTACTATTGAGATATCTGTACAATGAAGATGCCAGTTTTATAACGGTAAATCACATATATCAGATTATCCAAATGATTCAAAGCGACAATCCATCTAGTTCGATTGACTTACCAAATAAACTCGTTGCAAACAGAGCATACGATAAACTTCATTTTCAATTTGGAGAAAGAGAAGCTCCTTCCGAGTTTTATCATCAACTAGAACTGAATGACCGCATTGAATTAGATAATAAAGCAAGTATCCGTTTAAAGTTAAAAAGTTCCGTTGTTCAAACAAATGGGCTAAATGGAATGCTACTGGATGCTGAAGAGATAACACTTCCTTTGATTGTTCGAAACCGTGTGAACGGCGACAGGATGACGATGAAAGGGCAAGCAGGAAGTAAGAAACTTAAAGATATTTTCATCGATGCCAAAATACCAAGGCAAGAACGCGACAAGCTCCCTGTGATAACAGACTATACTGGGAAAATCCTTTGGGTTCCCGGTGTGAAGAAGTCTGCATATGACCGAGAATTTAGTCGTAGCAAAAAGCAATACATTATTAGGTACACTCGAAATATAGGAGGAAACGAGAGCATGCATAATGATATTCAGAAAGTGCTGATATCGGAGGACGAATTACAAGAGAAAATTCGTGAACTAGGTCGTGAGTTAACAACAGAATATGAAGGACGAAACCCATTAGTAGTTGGGGTGTTAAAAGGAGCAACTCCTTTTATGACTGATTTACTTAAAAGAGTAGACACATACTTAGAAATGGACTTCATGGACGTATCCAGTTATGGAAATGGTACTGTATCATCGGGTGAAGTGAAAATCATTAAAGACCTTAATGCGTCAGTAGAAGGTCGCGATGTACTTGTAATTGAAGATATCATTGATAGCGGACGTACACTTAGTTATCTAGTAGACCTAATCAAATACCGTAAAGCAAAATCAGTTAAGTTGGTTACTTTACTTGATAAACCAGCTGGACGAAATGTAGAAATTGAAGCGGATTATGTAGGCTTTGTCGTACCAAATGAATTCGTCGTTGGATATGGTTTGGATTATGCAGAACGTTACCGCAATCTACCATATATTGGTATTTTAAAACCAGAAATATACAGCGAGTGAAATTAATTAACAAACAGAACAATATTTTGTTAAAATGTAATAGATAGCTTTTCAGAAAACGAAAACAAAAAATTGATGTCAAACATGCAAAATAGTGGGCAATCGAGATTCGGTATGCTATCATTAGTCTTAGTTTTCGAAGGTGAAAATAGTATCAATAAATATTAAAAAATCTATATTAATAATAGAATAACTTCGTAAGAGAAAAGCGAAACGGATGTGTTTTTTAATAATCAGGGGAAGAAAAAATTGTTTCTAAATCTGCTATTAGCCAAAAACAACTTTTAAAGGGGTAAAAGTCCAGAAAAAGTAAGAATCCAAGCTCTTGCGTGGGAGGAGGTAAGGAATGAACAGGTTTTTTAGAAATGCGATATTTTATGTCATAATATTCCTTGTTATTATCGGGATTGTTGCTTCATTTAACTCAAACAAAGAGGCAGCCAAAGATATTAGCTATTCAGAATTTGTGAGTAAGTTAGAAGATGGTAAAGTTAAATCCGTAGAAATACAGCCAGACCGTAGTGTTTATACAATCAATGGGGAATTTAAAT
NZ_CP092060.1_gap5	284209	286695	2486	AATTAGACGCAACTGCTGCGAAAAAACGCGGCAATTTAGAAATGGCCAACAACTTGAACGGTGAGCGTGAGCAAGTGAAATTGGATTATGACTTATCCTATGTGACTGGCTCTGATTTAAACAATTATTTAAATGACATGGAAATTGCACAAAAATTTGCAGCGCGTAATCGTTACGTCATGGCAGAAACTATTTTAAAAGCGATGAAGTGGGATAAAGCAGTTGTTTCAGCGTTTGATTGTGTGCATAATTACATTGATATTGATAACCACATGCTTAGAAAAGGTGCGACATCTGCTCAGCTTGGAGAGCAGATTATCGTTCCGCTTAATATGCGCGATGGCAGCATTCTTGCAACGGGTAAAGGAAATGCAGATTGGAATTACTCGGCGCCGCATGGGGCGGGAAGGATGCTAAGTCGTTCTAAAGCAAAAGCGCAAATCAGTTTAGAAAGCTATCAGGCAGCAATGAAAGACGTTTGGACTACTTCTGTTTCTAAAAAAACAATTGATGAAGCTCCAAAAGCCTATAAATCTGCTAAACAATTACTTGCTGATGTAGAAGATACGATGGAGATTCAAGAAATAATTAAACCGTTATACAATTTCAAAGCATGATGGAAAAGAAGCAGCATATATTACTATTTGCTGCTTCTTCTTTTTGTTGTTAGAGTAGTGTTATAAGGAAATAAGTTCTCACTTTTTCTGTAATCTGATATAATAAATTAAAATAGATGAATTTGAAATTTTAGGGAGATAGATATGAATAAAGTGACGAAAATTGGAGATGTAGCAGAGAAAACGGGCTATTCTATAACTACTATTTCTCGAGCAATTAATGGTAATCCAAATGTTTCAGATAAAACAAAAAAGAAAATTTTTGCTGCGATGAAAGAACTGAATTATTATCCTAATAATATTGCTCAACAATTTCGAGGGCAGGGGACTAAGATGATTGGTGTTGTGATTTCCTTTATAACCAATCCTTTTTTTGCGTACCTTGTTGATGCGATTGAACGCTATCTATCTCACAGAGGGTATCAGGTTGTCATGTTGCAAACTTTAGAAAATCCTGCAAAAGAATTACAATTTATCGAGATGTTACAAAAGAAACAGCTAGATGGATTGATTATGGCTAACTTAGAAAATGATACAGAAGAAATTAAATCACTCGTTGAAAGTGGCAAAATTGTTCTTTGTAATCGTTATCTGGGAAATGAAAATTTGACGATTATTAACATTGATGAAACGAAAGCGGCTTATCAAGCAACGAATTATTTAATAAAGTGCGGTTATAAACGCCTTGCCTACTGTACTGGTGGTATTAAAAATAAAAATGATTACCGTTTTAAAGGATTCATGCAAGCTGTAACAGAAAATGGACTTTCTTTTGATGAATCATTGTATTTTGAGAAGTTATTAACCATTAAAGATGGCGAAGAGCTTCTAGTTAATATTTTAGAAGAGAAATCTACTCTGCCGGACGCAATTTTTTCAAATGGTGATACGGTTGCTGCTGGGATATTATATGCTGCAAAAAAATACGGGATAGCAGTGCCAGAGGAGCTAGGAATCATAGGTTTTGATAATCAACCTATAGCGGAAGTTCTGAATCCGGCGTTGACAACTATTGAACAACCAATTAAAGAACTTGGTGAATATTCGGCGCAAGTTCTATTGGCTAATTTACAAGGAACGAGTGTGCCGGTAGCGCCAGACCTTGAAACAAAACTAATAATAAGAGAGACTACCAAGTAAATTCTCTCTTATTATTTTTATGAAAACGGTTGACATTTTGTGAGATAATTGATATTATTTTTACGATATATGAAACCGCTTAAGCTAAAATGACAACCGGTTGTCATTTTAAGTGAAGATAAGGAGAATGTTCAAGTATGAAAAAGTTACTTTTGTCCATCAGTATTATTGTCGGTTTAAGTTTGTTGGCTAGTTGTGGTGTAGAAAAGGAATACAAGCCAGATATAAAAGTAAACGAGAAAAATGTTTCTTTAAAAGTTTGGGTGGATTTAAATCAGGGTGATTTTTATAGGAAAGTGGTAGATGATTTTAAAAAAGAACATCCTGATAAAAATTATGATATTACGGTTATTGAATCTGAATCTGGGCGAGCACAAGAATATGTTCAGAAAGATCCAGAAGCTGCGGCGGATGTATTTATAACTCCGAATGACCGTCTAGGACAACTGGTAGAGTCTGGTGCGGTTTACCAATTGACAAAGTATACAGATGATATTAAGAAAAATAATACACCAACCTCCATTCAAGCTGCTACATATCAAGATAAAATGTATGGTTTCCCTGTGACGGCGGAAGCGATGTTTATGTATTATGATAAGCGCGTTTTTTCAGAGGATGATATTAAAACTTTTTCTGGAATAACGTCTAAAGGGAAGCTCGGAATAAATCTTGCGGAAGCTGGCGCGGATTATCGTGAAACACCTTGGTTTATTGCAAATGGTACATATC
NZ_CP092060.1_gap6	288767	291866	3099	TTGACAGCTTTTAGAGCGGAAAGTGGACAATTTGTTTCGTATATCTTTCCGAAAGAATATACGCTAGATCATTTTGCGTACCTATTTGAAAATCATGAAAATTTTCCTTTTATGTTATGGGTTAAAAATACAATGATTGTTGCGGTGTGTTCCTGTTTATTGAGCACTTTTATAACCGTTTCGATGGCTTATGTGTTATCTAGACTTCGCTTTAGATTTAAAAAGACGATGTTAAAAACAGCGCTAGTTTTAAATATGTTTCCTGCTTTTATGAGCATGATAGCAGTTTACTATATTTTGAAAGCATTTGGATTAACGCAATCTCTAACGGCGCTTGTGTTAATTTATTCATCTACAGCTGCATTAACTTTTTATATTGCAAAAGGATTTTTTGATACAATACCAAAATCTTTGGACGAATCGGCAATGATGGACGGGGCGACGAAATTAAGTATCTTTACAAAAATAACTTTACCAATGTCTAAGCCTATTATTGTATACACAGCTTTAATGGCATTTATGTTGCCTTGGATGGATTTTATTTTTGCTAAAGTGATTATGGGAGACAATGTGCCTAAATATACAGTGTCGATAGGTTTATATTCCATGTTGAATCAAACAACGGCAAATACAATGTATACAACGTTTGCGGCTGGCTGTATATTGATTGCGGTACCAATTACAATACTGTTTATTTATTTGCAAAAATATTATGTTGAAGGCATTACAAGTGGTGCTGTTAAAGGATAGGAGATAGATTAATAGTGGAAATAACAGAAACGAAAGAATGGTGGAAAGAATCGGTAGTGTACCAAATCTATCCGCGTAGTTTTCAAGATTCAAATGGGGATGGTATTGGAGATATTAGAGGAATTATAGAACGACTTCCTTATTTGAAAGATTTAGGTATTAATGTGATTTGGCTTTGTCCTGTCTATAAATCACCTATGGATGATGGTGGTTATGACATTTCTGATTACTATGAGATTGATCCAATGTTTGGAACGATGAGTGATATGGATGAATTAATTGAGAAGGCAGAAAAATTAGGAATAAAAATATTGATGGATTTGGTGGTAAACCATACATCTGATGAACATGAATGGTTTGAAAAAGCAATATCTGACCCAAAAAGTAAATATCGAGATTATTATATTTTCCGAGAGGGTGTAAATGGAAACCCGCCTAATAATTGGCGTTCTTATTTTGGGGGATCTGCGTGGGAAGCCGTACCAGGTGAGGAAAACATGTTTTACCTACATGCTTTTTCTAAAAAACAGCCAGATTTAAACTGGGAAAACATTGTAGTGCGTAATGAATGTATCCAAATGATTAACTGGTGGCTTGAAAAAGGTTTAGGTGGCTTTAGAATTGATGCCATTTTAAATTTGAAGAAAAGAATTGAGTACGGTACTTTCCCAGCGGACGGGGAAGATGGCTTGGTTTTCATCGGTCATTGGATTTTAAATCAGCCGGGAATTGAAGAGTGGCTCAAGGAGATTGACGAACGGACATTTAAAAAACATAATGCATTTACTGTGGCTGAGGCGGATGTGCCTGAAGAAAGACTTTCTGAATTTATAGGTGAAAATGGTCATTTCCGTATGGTGTTTGATTTTAGCTATACAGATATTGATACTCCTGAAACAGGCGAATGGTTCAAGAATTCAGAATGGACAGTAAAAGAATTAAAAGAGAAAATAATTACCAATGAACTGGTGACACAGCGAAATGGTTGGGGGGCAAAATACTTAGAAAATCATGATCAACCGCGTTCGATAAATAAGTATTTACCTCAAGAATACCAAGATGATCGTAGCAAAAAAATGCTAGGCATGTTATTTATGATGTTGCACGGTACGCCGTTCATTTATCAAGGACAAGAGATTGGCATGAGTAATACTCGGATGGAAAGTATAGATGATTATAACGATATCGCGACGCACGATCAATACCATCGCGCAATTCTCTCTGGAATGAGTCCGGAAGAAGCGCTTGAAGGAATGTATCGGCGTAGTAGGGATAATTCAAGAACACCGATGCAATGGAATAATCAAAAGAACGCTGGTTTTTCCGACTCAGATGAAATTTGGTTGAAAGCAAACCCTAATTACCTTGATATTAACGTAGAGCAGGAACAAATCGATGATAATTCCGTATTGAATTTTTATAAGAAATTAATCCATTTAAGAAGTGATTCTAGTAAATATAAAGAAGTGGCTGTTTATGGAGAATTACTGCCAGTAGAATCAAGTGATGAAGTTATTGCTTACAAACGTAAAACAGATGACGCTGAGCTCTTAATCATCGTGAATTTTTCTGATTCTGAAAATCAATTATGCATTGAAGGTACTTATGAACAGGTACTTGCTAATGTAGCGTTGCCAGAAATGGTAGAAAATGTCCTTGAAATACCTGCATATACAGGTGCCGTTTTCTCAAGGGTTTTGGAGGTAGACTGATTGCAAATTAAAAATAAAGCTATGTTAATTACTTATTCTGATAGTTTAGGGAAAAATATGGAAGAATTATCCAAGGTGATGGAAACTTATTTTGAAGATGCTGTTGGCGGGATTCACTTATTGCCGTTCTTTCCATCCACTGGAGATCGAGGGTTTGCGCCAAGTGATTACACAACAGTAGATAGCGACCTAGGTTCTTGGGAAATAATCGAGAAATTAGGCGAAAAGTATTATTTAATGTTTGATTTTATGATTAATCACATTTCTCGCGAATCACTCTTCTTTCAAGATTTTAAAAAAGAGCATTTAAACTCAAAGTATAAAGATATGTTTATTCGTATCAATGATTTCTTTCCTCCGGGTAGACCAAATGAAAAAGACTTAGATTTAATTTATAAGAGAAAAGATAAGGCGCCTTTTCAAGAAGTTGAATTTGCTGATGGGGAAACGGAATTAGTTTGGAATACTTTTGGGGAAGAACAAATTGATTTAGATGTCACAGCCGAAGTTACAAAAGAATTTATTCGTCAAACGATAAAAAATATGGCTGCACATGGTTGTTCTATTTTGCGTCTTGATGCCTTTGCTTATGCAATTAAAAAATTAGATACAAATGATTTTTTTGTAGAACCGGAAA
NZ_CP092060.1_gap7	339662	342707	3045	TCTAACGCCAATAAATATTCACCGGATGGTGGCCGCATTTCCTTCTATCTGAAAAAATTTGAAGATGAAATTGAAGTAAGCATTGCCGATGAAGGTTTAGGCGTACCAGACGAGGATTTAGCAAATGTGTTCGACCGATTCTTCCGTGTAGACAAAGCACGCTCGCGAGAAATGGGAGGAACAGGGTTAGGACTCGCTATTGCTCGAGAAGTTATCGAAGCACATGGTGGTAGAATTTGGGCCGAACGTAATAAAACCAAAGGAACCATAATTAAATTTACCCTGCCATACAGTGACTTACCGGAGGATGATTGGGAATGATGAAAAAAACAGGATTTCGCTCATTTATACTAACCATTTTAGTCGTACTCAGTATTGTCCTAAGCTACTTTATTTGGAAGGGACAACCTGATTACGAAGCAATTAACGTAAAAGAAGTGGAAAAAACAACCATTGACAAGACAATGACAACATCGCAAGTATTCAAACCATACAAGCTGGCTGTAAATGCAAATGAAAATAATTACCAAAGTTTAGATGCTGATTTATTAAACGAACTAATGGCACAAGGTAAAGCCTTTAGTTTCTCGGAAGTAGTATTAGCTAGTAAAAAAAGTAGTGAAGACTATGAGAAATTAATCCATAAAAACGGAACTATCGAGATTATTTTCCCCAATAATATTCCGTTCTCTATCTTTGCTCAAATTTTTCAAGTAGAAGGGGAAGGGCTTGAGTCAGCTTTCTTTAATCGAATTGTTTTTGATATTAACAAAACGGATACTGGGCTACATTCGGTTTATTTCACAAATGACGATCAAGAAAATATTTACCAAAGTTCTTTGCAAAATAAAGACATTGATAAAATCGAAAAAATTGTTAAAAAGAACGAAAGCAAGCTGACTCAAAATGATAAGCTAATTTCAAACAAACGCAATCTTTTTCTAAGCTCTGAAAAAACGAAACTAAATCGCAAAAAATATATCATCGATTCGCTTGAAATTAATTTATTCACGTCCGCACTATTCCAAGATTCTGGTACTGTTAAAAGTGAAGGAAACACATACACAGATGGTTCAAGTGTCATTGAAATGGATACAGATAATAAAGTATTAGAGTATGTAAATCCATCACAAGAACGTACTAATCCAGAAGATCTCAGTAGTGTCAAACGAGCTGGACTTATTCAAGATAGTTTTAACTTTGTGAACGACCATGCTGGCTGGACTGGCGACGGCGCTTACTATTTCACAGGTTATGCCGCGGAAAGTGCGACGACTAATTTCAGTTTATTCATCGATAATTTACAAGTATACAATGAGAATGGCATGGCGGATATTTCTGTAACAGAAGGACTTGAAGCTGTTTATAAATACATGAGACCATTTTTCCGCTTAGATACAGATGTTCCCGGAGAGAAAAAAGAAGTTACGTTACCATCCTCTTATTCTGTCTATAGTGCTCTTGCCCAAAATCCTAACGTCAAAGCAGAAGAAATTGAAGATATTGTTCCTGGCTATCATATGACTAGAAGCGAATCTTCGGGCATGAATCGTCTTGTAACATTAGAGCCGACGTGGTTGTATAAGTATCATGACAAATGGTTCATCTTCCAACCAGACGCAGAAAAGGCGGGTGAATAAAAATGGATTGGCGTAAAACACAAATGATTTTTATTGTGACTCTCCTCATTCTTAATGTTTTTTTAGCGGTAATATTTTTCAACAAGCAGTTATCAGATGACCCAGATACACTCGGAAATGAAACGCTAGAAGAACGATTAAAAGCAGATAATATCTCTCATCCTGATTTATCGACCAAACCTACTAGCGGCTCTATTTTCACTACAGAGCGAGCAGCTTTTACAACAAAAGATGTGAGCGATCTTACAGGGCAAGCCATTACGCTTAAAGATAACAATAAACAAATCTATTCTGTCTTACAAACTCCCGTAAAAGCTGGCAAAAAAGGTAGTAACCCAGAATTTCAAAAATTTATGGAATCAGATGTTTATCGCGGGGAATCCTATCAATTTTGGAATTATGACAAAGATGCTCGGACCCTCACTTTTAATCAATTAATTAATAATAATATGGTTTTATTTGATGAAGCGGGCCAAATTACTTTTTATTTAGATCAAGATGACCGAGTGATCTCATACGAGCAAACTTGGATGTCCAAGCAAGATGATTTAAAAGATAAAACCAATTTAATGTCCGCAACAGATGCATTAGAAGCGGTTTATCAGCACGGAGAATTGAAGCAAGACAGCGACGTGGTTTCTGCAACATTTGGCTATTACACGACAGTACAGCTACCCTCTGGAAATGTATACTTCCCCGTTTGGTGTTTTGAAGTAAAACATTCTGGTGAAACTAATTATGTCCTCGTAAATGCCAAAGACGAACAAGTAATTAATCAATCAGACAACAAATCAACCACCGAGCCAGGTACAGAATTATCGAGCCGTCAGAAAACCAAATAAAAAATGAGTCAACCTAATTATCATGAAAAATTAGGTTGGCTTTTTCAAACGATAGGGCATGCAATTTTGCCGAATTAGCGTTACAATGAAAGATATATAAGCCTTTAGGGGGATAAAAAATGTTCGCAAATAAAATTTTAACGGAAAAAGATACGGATCAAATCCGATTTAGTATATTAGCCAGTGGAAGCTCAGGGAATGCCACACTTGTCGAAACAGGAGACCAAAAAATTCTGATCGATTGTGGTTTGAGTGGAAAGAAAATGGAAGGATTATTCGCGCAAGTTGGTCGTGATATGAACGATTTAGACGCGATTCTAATTACTCATGAACATTCAGATCATATTAAAGGTCTTGGTGTGCTTGCTCGGAAATACAAACTCCCTATTTATGCTAACGCGAAAACGTGGAAAGCAATGGATAATATGATTGGCGAAGTGTCTTCAGATCAAAAATTCCAATTTGATATGGAAACAGTAAAAACCTTTGGTAGCATGCAAGTGGAATCCTTTGGAGTCTCTCATGATGCAATTGAGCCGATGTTTTACATATTTCATAAAGGG
NZ_CP092060.1_gap8	344594	346225	1631	CGACGTGAAAATTGGCGATAAAGTCAAAGTGAAATACTATCGTGACGGTAAAGAAAAATCCACAGATATTAAATTAGAAGCAGCAAAAACAACCACATGATAACAAAAAGCCATTCTCTTGAAAAAGAGGGTGGCTTTTTTTCTGTGGAAAACTTGTGGATAGCGATTTTTTTCGGATATAGATATGGTAGAGAACAAGAATTCTCCTACTAAATATAGAACTGGTTTGTGGATATGTGGATAACTTCTGTGGATAACCTGTGTGTAAGCAGTGAATATCTTGTGGAAAAGAACAATTTTGATAATTTAATCAATAAACACAGATTTATTTTTGAAAAAAACACATTTTTTGCGAAAATATAGGTCAAAAAAGAAAAATGTGGATAGAAAGCCATTTATCCACATTTTTACTTTTTATAAGCTGGATATGTGACAAGGGAAATAACTTTACATAGAGATTTTATTCGCGAGATTGATTGTAGGAGAAGGGGTTCCACTGTTTGGTGGAGTTTGAGTTTTGAATAGTTAGGCGACGATTTTACCTGTGGATAAGCTGTGGATAGTGAAATTTGGCTATCATATATATTGTGGAGAATATACGTTCGGACACAAAATAGAGAAGGGGCTTGTGGATATGTGGATAATTTTTGGGGATAACTTGTGTATAAGGGCGGGATAACCTGTGGAATAACTTTTTATGAAAAGCTGCTTTTATTTTATTTTGACTAGTGCAATGAGGGATTTTTGATGTATGATAAAAGTATTAAAAAAGATAAGGGTGGCATAAATGAATATTCAAATTGTAACGGTCGGGAAATTAAAAGAAAAATATTTAGTGCAAGGAATCGCCGAATATTTAAAACGACTTAGCGCCTATGCGAAAGTGACGATCGTTGAAGTTCCGGATGAGAAAGCTCCGGAAGTGCTGAGTGATGCCGAAATGAAGCAAGTAAAAGATAAAGAGGGTGCGCGGATTTTAGCAAAGATTCCGGACGATGCCCATGTGATTGCGCTGGCGATTGATGGGAAAATGAAGTCGAGTGAGGAATTTGCAGCGGATTTGGATAAGCTGGCGACTTATGGTAAGAGTAAGGTGACGTTTGTGATTGGTGGATCGCTAGGGCTTAGTGAGGCGGTGTTGAAGCGGAGTAATGAGCGGATTTCGTTTGGGAGGTTAACGCTGCCACACCAGTTGATGAGATTGGTGCTGGTGGAGCAGGTTTACCGGGCGTTTCGAATTGTTCGGGGGGAGCCTTATCATAAATAGCTAGCTGCTTGAAAGGGTTGTAATCAACAACTTAACTTTTGAATGCTGGTTTACTTTTTTCGATAAGCCATTTTTCACCATTTGAAATTGTATGATCTGCATGATAAATTAATGTTTTTCGAAGTGATGCGTATTCTGTGGGTAATGTTTCATAGTTTAGAAAATGATAGTTTAGTGCGATGCTTTCAGGAATAATTCCAATACCAAGTTCATTATTGCAGATTTCAACAAGTGTTTCGGGAATATTGATCTCTGATATGGAAACATTTGGGATATTAATATCGTTAATGAGAGCAGCCAGGGCGCGGTATGAATAACATTGTTTGCTGAAGACGTATAATCGTTCTTCCGCTAATATTTTTTG
NZ_CP092060.1_gap9	408691	410678	1987	TTAGGAACAGCTAGAATAAATGGAAAACTTATAATAGAAATTTGGGAAAATATACAAAGTCAATTCTAAATTGAAGAAATAGAGACCTTCATTTTCAAGTGTTTTATAGTTGTTATAGCTTTTTTGTTAGAAATGCTAAGAAAGAACATACGAGATTACATAGTTGACGATTCATAATACACGCACACCACACAAATCCATTGACTATAATATTAAAAAATAAATGAGGTGAAACAATTGAAAAAATTAACAACAGAACAGTCTTTTGAATATTACCTTTCTTCGCTATGTATGTTAGGATTGCATACAATTAATTTATCCGACGAAGAAATTGAATATGAAATATTTGAAGAGTTAGCAATTGATTATCCAGCTGCTTTGAGTCCATATACTAGGGAATTGTTGGTGGATAATGACATAATTGATAGAGAGCTTTCTTTACTAAGCAAGCAGCTGCAAACTAAACTTTTTGAACTTGATGGAGGAATTCTGTGGTAAAAGCATTGAGAACAACGCCAGAATGGAAAGAGGTTTTACGATTATCTGATGAGATAAAGGGATTGATTCATCAACAATGGACAGATGAAGAGCTAGATTATTTATTGGGGAAATAGTTTCTTAGTCTATGGAATTAGGTGTAAATTCTATGTGCTCTTTGAAAAAGGAATTGCCTACAATTAAGTGAATGCCAGAAATTGTTGATATTAAAAATTTAAATTTATAGAAGTAGGCTTTAAGTTGGTTAAAACAGGATACTTTAAATAGAGGAAATTAGAGAGAAAGTACATTTTATTGAGCAATATTTTGATTCGGAAATTAAATTGATTTAGGGTGGAATAATGCGTGCAACCTTAAAACAGGAGGCGGAAAACAATGGAAGAAAGATTTGAAAAAATTTATACCCAAGGAAAACTCAACATTATGGAAATTTGGGTTGATAAAGAAACCGGTGTGCAATATGTTTACCATTTGTCTGGTTATGCGGGTGGAATGTCACCACTTTTGGATGCAGATGGGAAACCGCTACTTGCTGATTTATCTAAGCTTAATGGCGCTGAGTAAAGTGGGAAATTGATTTCTAGTCAAATAAATACAGGCATTCTCTTCTTTCTAAATAGAGAATGCCTGCTTTTTTATGCCCGAGTACTTGATTGGTTACTGTTAAAAAGTTTATTCCATACCTACAACTGCTTCAACGCAAGCTCCGTCAAGTTCTCTACAGTAAAGCCAAATCGTCTTGCTAGCTCATCTCCCGGGCCAGACATACCAAACGAATCAATCGCGAGGATTTGGCCTGTGTCGCCGAGGTATTTGTGCCAGCCGTATGATGCGCCCATTTCTGCGGCGAAGCGATTTTTCACTGCTTTTGGTAAAACGGACTCTTTATATTCAGGGCTTTGTTTGTCGAATAAATCAAAGCTTGGCATGCTGACTACGCGTGCTCCGAAGCCTTTTTTAGCGAGATTATCTCTGACAGCTGTCATTAGGTGTACTTCGGATCCAGAAGCGAGTAAGATAATATCTAGTTTATCAAGCGGGGAATCGGCTAAGATGTAAGCACCTTTTGCAAGTCCGGTTTGCGCTTTTGCTGCGCTATTTGGTAAAATTGGCAGGTTTTGGCGGCTAAGAACGAGCATGGTTGGTTGTTCTTTTTGAGTAAAGGCATAGCGGTATGCTTCGACGGTTTCGTTGCCGTCAGCTGGTCGGATGACGTGAAGTCCCGGCATGGCGCGGAAGGATGCGAGATGCTCGATTGGTTCGTGCGTTGGACCGTCTTCACCGACTGCGATGGAATCATGGGTCATGATGAAAGTGGATGGAATGCCCATTAAAGCTGCTGAACGAATCGCGGAACGTAGATAATCCGAGAATACGAAGAAGGTTGCGCCGAAAGCTTGAACACCGCCGTGAAGCGTCATTCCGTTGACTGCTGCTCCCATTGCGAACTCGCGGACGCCGAATGAGATATTTTTGGCGGCATAGTTAC
NZ_CP092060.1_gap10	428258	429560	1302	AGAGATAAATACTAATAAGAAGGGTAGAAGCGCTAGTTATAGTGCTTTTGCCCTTTAAGGAGTGGAGGAACATGTTAAGCACAGCGAAGGAACGGCAACTAAAAATCGTTAACCGGCTAAAAGTGGAACAATTTATGCGGATTATTGATTTAGTGGAGCTTGTCAACTACAGCGAAGCCACTGTTAAACGAGATTTAGTAGAATTAGAAAAAGAAGGACTTGTGAGACGAACAAGAGGCGGCGCAATGATTATCGATAATAAAAAAATCGATTTGCCTTATTTAATGAAAATGAATGAGCGAAGTAATGAAACGAGTAAAATAAGAATTGCCGATATTGCCAAATCACTGATTCGCGATGATATGGTGATTTTCTTAGACTCTAGCTCAACATCACTGCATTTAATCGACGTTTTAAGTAAATTTGATGGACTGCAAATTATTACAAACGGGGTCATGACGGCTTCCATGCTATCAGAATTTACAAATGCAAGAGTTAGTATTTTAGGAGGATCGATTTTAACGAAGCGATATACGGTGAACGGCGCAAAAGCATACAATGACGCTTTAACTTATAATGCGGATATTGCTTTTGTTTCATGCCGGGGGATCGACTATGACAAAGGTGCAACGGAAACACATGAAGGTGAAGCACTCATCAAACAAGCTTTCAGGCGCCAGTCAAGTTCGCTCGTTTTACTTGTCACCGAAGAAAAAGTAGGACACAAGTTTATGCACCAAAGCTTAGCATGTCATGATATTGACTATTTAATTACGGACTTCAAACTGGACCCAGATGTAGAGGAACAGTTCAAAACCCATCAAATTACTTGTTTGTATTAGATTTTATACTTAAATAGGCAAAATTAATCGTAAGTACTAAAAATAAAACAGGTATTACCAATAAACTTCCGAAAAAGTGAATGTCATTAAATTCTTCGCTATCTAATAGTGATAATAATATGACATTTTTTTGAATGACATTTAAAACTTGTAAGCTCATAAAACATAGCATACTAAGTATTAATGAAACGAAACTAAAAATTTTGTACATGTTGTACCTCCTATGATGTAGTTTTAGTTTTATTATACAACAAAAACGCCTTGAAACTTAAACGGATATCCAAGTTTCAAGGCGTTTTTGGAGAATGCTGTTAAAGAATTCCTTTCGAAGTTACCACGTTACCTTGTACAAAAATAGTTTCGCAGTTACTAATCGGAAATATTTTTAAATCATCCGCATAGTCCGCTATTATTTGTTGTGTTATTTTTTTAAAAGGTGTGTTGTTGTAATGAGGAAGCG
NZ_CP092060.1_gap11	574333	578411	4078	CTTTAGTTTCTTTTGTCTCTTTCTTGTCTGCAGATGTACTGTTACCGCAACCTGCAATTAATAGTACTGCGCATAACGCCATCATCAATTTAAAAATATTTTTCTTCATCTTGTTCTCCTTTTTTGTTAGTATTTAGCAAAATAAAAACCTAGATAAATCGAAAACTAGCCCAAAAAGCCAATTCTCCATTTATCTAGGTTATGCCCAAGTTGGTAACATTCCTGAATAAGGATATTTGTTTATAGGACGATTTTAGCATGGATGGAAAGCGTTTACAAGTCTGTTTTTGATAAAAATTGGAAAAATAAGTAAATTATTTGTTTGAAACGCTAATTCAATTTCCATTATAAAAAGGCTCAGATTTAATCCAAGCCTTTTCCTGCAACACCTAAACCAACAAAACCGCAACCAACGCCAAAACCGCCGGCAAGCCCTGTTTCACCAAAATCCCCTTAGAAGAAGTCGCTCCGCCAAACAGCGCCGCCACAACCACACAACTCAAAAAGAAAATCTGCACAGTCTCCGCAAATCCTGCTCCCGCGAAAAACAATCCCCACACAAGCCCTGCCGCAAGAAAGCCATTATAAAGCCCTTGATTCGCAAACAGCGTCTGTACTTTTTTATTCGCAAGTAATTCCTTCTCCACGCCAAATGTCTTGGCTGCGAGTTTGGTATTGGCGAAAAACATTTCTAAAATCATTATATAAATATGCTCAATCATTACGATGAAGGTTAAAATAAATGCTAAAATGGCCATAAAAAATCCCTCTTTTCTACTTCGAAGTATAGCATAGCTTGTAAATTTTTCGTAAAAATAGAGCTTGAAACGTTGACTTATTGGCGAAATCTCCGTAATATCAAACGTAGACTACTTAATTTTTAGTCTGAAAAGGGGGAAATTATATGCAACAAGAAGCAACAGGTGGGCAGAAAATTCGGCCGATACCAATTATTGCCTCATTTTTGATGGCGGGGTTCATTGGGCTATTCAGTGAAACTGCTCTTAACATGGCGCTTAGTGATTTGATTCAGGTGTTTGATATTAGTTCAGCGACAGTGCAGTGGCTTACGACAGGTTATTTGCTAACGCTTGGAATATTAGTACCGATTTCGGGATTACTTTTACAATGGTTTACAACACGAGGTTTATTTTTTACAGCAGTGAGTTTTTCGATTGCTGGTACGCTGATTGCGGCGCTTTCGCCAACGTTTGCAATGTTAATGATTGGGCGTGTAGTGCAAGCAGTAGGTACGGCGCTATTACTACCATTAATGTTTAACACGATTTTACTGATTTTCCCAGAGCATAAACGTGGCTCAGCAATGGGGATGATCGGGCTGGTAATTATGTTTGCTCCAGCAGTTGGTCCGACAATTTCAGGACTAATTTTAGAAAACTTAACTTGGAACTGGATTTTCTGGATTTCCTTGCCATTCCTTATTATTGCGTTATTATTCGGAATGAAATTTATGCAAAATGTTTCGGTTGTTACGAAGCCGAAAATTGATATTTTATCGATTATTCTTTCGACGCTAGGTTTTGGTGGAGTTGTATTTGCCTTTAGTAGTGCGGGAGAAAGTGGTTGGGGAAGCGCAACGGTATTAGTTTCAATTATCGTTGGTGGACTTGCGCTTGGACTCTTTGTTTGGCGCCAACTAACAATGGAAAAACCTTTGATGGACTTGAAAGTATTTAAATACCCAATGTTCACATTAGGACTTATTTTAGTATTTATCAGCTTTATGATGATTCTTTCGACGATGATTTTACTACCGCTATACTTGCAAAATAGTTTAGCGCTCGCAGCATTTTCAGCAGGATTAGTATTACTTCCGGGTGGGGTGCTGAATGGTTTAATGTCACCATTTACTGGCCGTTTGTTCGATGCATACGGTCCACGCGCACTTGTTATCCCAGGGTTTATCGTAGCGGTTGTGGCACTATTTTTCTTAACGAGAATAGAAGTTGGAACATCTGCATTAACCATCATCGTGCTTCATTCGGTGTTAATGATTGGGATTTCAATGGTCATGATGCCAGCGCAAACAAACGGATTAAACCAATTGCCGCCAAAATTATATCCTGATGGTACGGCGATTATGAACACATTGCAACAAGTTTCCGGCGCGATTGGAACGGCTGTTGCGATTACGATCATGTCAGCTGGACAAAAAGCTTATATGGAAACGGCGCAAGGAGTAGGACCGGAGCAAATGGTTGCTTCACTGACAGCAGGAATTCAAAATGCCTTTGTCTTTGGACTGATTATGGCTTGTATTGGTCTTCTGTGCTCGTTATTTATTCGTAAAGCTAAATAATAAAGCGAAGAGAACTTCTCGTAATGAGAGGTTCTTTTTTGTTTTGACAAATGGGTTCTGAGTGGTTAAAATGATAGTAAATATAGTTTATAAAGTTTATTTAATAACTTTACGAATGGAGTGGTTGATGATGGCAATTCCTCGTGATTTAAAAGAATTGAATAAGAAAAATATCAAGTCGATTTTACGGCAACAAGGTGCGATGACGAAAGCGGAAATCGCCGAAGTGACTGGTCTTAGTGTAGTTACAGTGAACAAGCTGATTCGTGATTTAGTGGAAAATGAAGAGATTTTAGAACAAGATAATTCGGTTGCGACTGGCGGAAGAAGAGCTGTTTCGTATGAAATTAATCCTAATTTTCAGCAAGTGTTGGTTATTAGTTTGCAAGAAAAGTGGAAGAAAATTACTTATTCTTTTTCGGTCTATAATTTGCTTGGTGAGCCGGAGTTTGTGGAGGATATGTCTGGGGAGGATTTGGACATTACTGCGCTGAAACGGAATACGAAAGATCTTGTTTGCGCTTTTCCGAAGATTTCTTGTGTTGTAATCGGGGTACCGGGAATTGAAATAGGCGGTAAGCTACGTGCGATGGACTTTCCGCTACTTTTAAATGTGCAATTGCGTGAGACTTTGGAGGCGGAAGTGAATTTGCCGGTGTTAGTTGAGACGGATACGAATGCGGCGATTTTAGGGTATAAAAATCGGCCGGTGAAAGAGGAGAATATCGTTGGACTTTATTATCCGGAGCGTTTTCCACCGGGTGCAGGGCTTTTGATGAACGGAGAGATTTTGAAAGGTCAGAACGGACTGGCTGGGGAGATTAAGCATATGCCGCTTCAAGTGGACTGGGATAACTTTGACTTTTCGGTCGATGAAATTAAAGCACACATTCGTAAAATGGTGCTGCTAACGATGAGTTTTTATGATCCGGAAACGATTGTGCTCTATACGAATTTTTATTTTGGGCAGAAGGATTTCACCGAGGAACTGACGGAAGAGTTAAAGCAAGTTTATCCATATGCGGTTTTGCCGGAGATTGTGTTGTCGCGTAAGTTTACGACGGATTATCGGATTGGGCTTTTGGCGTTTGGGATTGATTATTTGGAGAATAATATGACGGATTGGCGGATATAAAAAAAGAGCCCTTTGACAGGCTCTTTTTTTACTTATTTAAAGAAATTCGGTAAATACTCTTTATGTGCTTCTAAAAGTTCGTCCAGCATTTCGCGGGCTACAGATTCGCTTGGAGTTAGTGGGTTGATTGTCATTGCAAGGAGTGCTTTGTCGTAATCTCCAGTAACTGCTGCTTCGGCTGTTAGGCGCTCGAAAGTTTTGATTTCTTGGATGATGCCGTTGATAGCGATTGGAAGGCGTCCGCTTGCTAGTGGAATTGGGCCTTGGCGAGTGATGACACAGTTTGTTTCTACTGCGGAATCAGGGTCGATATCAAGGATGGCACCATTGTTACGAGTATTAACGATTTGAATGTCGCGTTTGTCGTTGTAGATAGAGTTAATTAGGTTACATGCTGCTTCACTGTAGTAAGCGCCGCCGCGTTGTTCTAATTGTTTTGGTTTTTCAGCAAGTTCTTCTTGTTTGTAAAGCTCGAATAGTTCAGCTTCTACTTTTTTAACAACTTCTGCACGAGTACCATGTTCTGCGTATGCGCGAGCTTGGTCTTCCAGTTGTTGTTTTGTTTGCCAGTAGTAGCGCAAGTAGTCGATTGGAATCATGTTTAGTGTACGCAAGAACGTTTT
NZ_CP092060.1_gap12	580626	585325	4699	TTTGCGCTTTTGTAAAAATGAAAAACGCTTAGTCGAGTTTAGGCCCGGCTAAGCGTTTTGTTATTTATGTTCGGCATAATAAGCCTCGAGCGCGTCTTCCACGGTTTTCTTCGTGTAGCCGTTATCGATAATATAGCCAAGATCATGTTTTCTAAAGCTGGTTTTCAAATGATCAATTAGGTCAGCGAAGTAATATTCAATGCCTTTGTCATCAAGCCATTTGAGCAAGTCTTTCATAGATTCGGTTGCGGTTGTATCAATGTTAATAATCGCACTCGCTTCAAAAATGACTAGTTTTGTATCATCTTGAACTGCTTCTTTTAATCCGTCTGCGAATTTGTTGAAATTCCCGAAGAAAAGAGAAGCGCTATAACGATAAATGACAACATTTGGAATTGGTTTTGCTTCTGGTTTACGTTTTAAATCGAAATAACCGTGGCGTCCTTCGATCACTCCAAGAATGGCAATTGGTGATTTCATCGAACGACTTACTACGTTAATGAATGATAGGAAAATCCCAAGTAGTACCCCGAAAATAACGCCAACTAAAAGGGTACCAAGTGCTGCAACAATCCAAACAGTTGCTTCACGACGAGAAACTTTGAATAAACCTTTTAACACATCTACATCAATAATACCTACAAGGGCAGCAAATACGATACCTGAAAGAACTGGTTGCGGCATATAGTAAAGTAAGCCACTTAAGAAGGCAACGATTAGCGCAATAATGGTCGCAGCAACGATAGAAACCATTTGCGTTTTACCACGAAATTGTTCGTTAGCAGCAGTTCTGGATACGCTGGCACTTGCTGGGGAACAACCAGAAAACGCAGCGACGAAATTAGAAATCCCATAAGCAAATAACTCACGATTATCATCAATCGTATATTTGTTCCTCATAGCAAAACTTTCACTTGGTAAAAGCGAACCGGCAAAAGTTGCGATGGCACATACTAAACCGCCGCCAATCGCGAGTGCCCACGAACTTGCACCAAAATCGGGTAGCGCTAGTGAAGGGAAGCCAACTGGAATTTTACCTACAATATCAACATTATATTGATCTAATTTAAAGAAATAAGCAGCCATTGTCCCAAGTACTAAAACTACAAGAGACATAGGGATTTTTGGTATAACTTTTTTACAAGTGATAACAATAATGACTGTAACCACGCCCATGGCAAATGAAATCCAATTGGACTGGAAAAACTGTCCGAAAATAATGCCTAGACTAGAGAAGAAACTATCTCCGCTTTCTTTTAGGCCCATTATCTTAGGAATTTGCCCCATAATGATGGAGACACTAAGTCCGGAAATGAATCCACTAAGAACCGGGGCTGATATGTATTTTGCGAAACGTCCTAATTTTAATACGGAGAAAAGAACTAAAAATATTGCACAAAAGAATGCGAGAATTGGGGCGAGCGCGATAGCTTCTTTAGATCCGGCAGCAAGTCCAGCTGTTCCTAAAATGATGGATCCTGTGATGGCACTTGCCGTTGCATCAATTCCGAAAACAAGTTGTGGTGAACTGGCAAAAATAACATACGCAATAACCGGTAAAAATGATGCATATAATCCATAAATGGGTGGAAGTCCTGCTACTTGTGCATATCCCATTGCAACTGGAATCGTCAGTGCAGCAACACCAACGCCTGAAATGACATCATTTCGTAAATAGGATATTTTGTACCCATTTAGTGAAAGCAAGATGTGTTTAAACATAAGTTCCTCCCTTGAAATGTATTTTTATTCTTTATTCTACATCATAAATACATATTAATGAAATCTTATACTATTTACCCCGTTCTTTGTTATACCAATCATAAAACCACGATCTCTTTTTAAGAAATCGTGGCTTTTTTTATTTGTTTTTGGCATAAATGTTCATGGCTTCTTTGAGGAAGTGAGAAAGGCCATCACCGAACTGATCGATATTTTTAGTGAAGCGCTCATCAGCAACGTACATTTCCCCAAGACCAGCAAAGGCTTCTAGGGAATATATATTGCCGTGGGTGTCATTCAAGTAATGGAAAAAATGGTCAATTGCGAGTTGGGCTTCTTCTGACTCGGGAGAGAGTTCTCGAACAGATGCTAAATGACGAAATTCTGCGTCGAAACTTTCTTTTAAAGTTAATTTTTCTTTTTCGTTCATATTATTTACTTTTTCATTGGCTTTTTCTACTACTTTATCGCCCCAACGTTTTTTTGCTTCTTCTTCGTATGGATTGGTGGAAAAATCAAAACCAGTGAATTTTTCTTTGTTTGTCATTGTTATTTCTCCTTTTTCATTCCTGATGGTCTGGTCGAGGGTTGCTAGCATGGTTTCAATGCGCTGCTTTTTTTCTATTAGTAAGTGACGCTGCAAATCTAAAGCAACATTTTTATCGAAAAAAGGATCATCAAGAATTTGTTTTATTTTTTTCAAAGGGAAATCGAGTTCTTTAAAGAAAAGAATTTGTTGTAATTTGTCGACATCGTTTTCTGAATAAATACGATAGCCATTCCAGTCATCTTTTTGCGGGACAAGTAGGCCTATTTTATCGTAGTGGTGGAGTGTGCGCACACTTACACCAGTGAGTTCAGCTAATTCTTTTATTTGCATGAGTGATTCCTCCTTCTGCTTTTACTATAAAGTATGACGTCGCGTGATAGTCAAGCTTGAATTTGTGTTTATTATAACCTTTTTAGTGGAAAAGAAAATTAGTTGTAGTCAACTTCTTTAAAAAAAATGAATAAAAGCATGGAAAAAAAGTGGGCATTCTCGTATAATGAAATGTAAATGTGTCTATTTTGTGACATTGGTCTATCGTAAATAAGAAGGGGATAGCATCATGATAGGGAAAGTTAAATCCATTAGTATGTGGCTATGGCACCATTTAACACCGCAAATATTTGCGGTTATTTGTGTTTTTATTATTACGCTTATAGCACTTTTTATGCCACCGTATATTGGTATGGCTGATAATGGAGACTTTTTCCGAATCTTCTCGAGTAACGGTTTATTTGTCAATAATACGAATTATGATGCGCTACAATTTGGGCATTTTGTGAAGGAGTTTGGGATTTATCAGTACTTTAATGAAAACCAAGTAGCTATCTACTCTTCGCAAAGTATCTTTATTCAAATGGCGCTTCTTTTAAATAAGCTTTTTTGGTCAACAACGGTTTTTGATGTGCGTTTTTTAGGTGGCTTGCAATTAGCGCTTCTTTTGCCGGCGATTTATTTGTTAGTGGCGGGATTAACGGCAAAAATGAAAGGCTGGCCGGGTTATGTGGTTGCGGCGCTGACGGTATTTATTTTCGCAGATACGGCTTATACTGCTTACTTTAATTCCTTTTTCAGTGAAGGGCTTATTTTGATTATGATGCTGTATATTTCGGCGGGATTTTTGCTTTTATATCAGCATAAATATAATGATTATGCGATGCTAGGTTTGATTTTTGTGGCATCCCTTATTTTAATTACGGCAAAACAGCAAAATGCCCCGATTGCGGTTGTTATTGCGGTTTGTGGAATACTCGTGTTTTTCATCCGGAAAAATCGTGCATTTCGGATTTCAGCAGCGGCTACTTTTTTTGTTATTTTCTTGAGTGGGGTTGTGATGTACGCCTTTATTCCTGGGGAGTTTGTAACGATAAATCAGTACCAAACAATGACGCGCGGTGTGCTACTTGATTCAGAAAATCCGGAGAAATCGCTCGAAGAAATGGGAATGAATTCCGAATTTGCTTTACTCAAAGGAACGAATTTTTATCAAAAATATAAAATGATTGATTTAGACTCAAAACTGATGGAAAAAGAATTTTATCCTAATTATAATTTTGTTACGGTTTTGAGTTATTACTTGGAAAATCCGAAACAATTTGGGAAAATGCTAGATTTATCTGCGCAAAATAGTTTTTCGATTCGTCCATTTGAGATGGGGAATTTTGAAAAGGCGACAGGGTATAAATTTAAAGAGAAAACGCATTTTTTCTCCATCTATAGTGATGTAAAAGAAAAATTGGCTCCAGCGAAATTTACGTTTTTAATTTTATGGGCGCTTGTTTTTCTAATTTGTTATGGGGTGAGTGCTTTTAAACATTTCCGGGAGAAAAATATTCGTGGAACACTGCTGTTTGATTTAATCGTCTTGCTGATTGGTTCTGGGTTTGCGGTGATTTTAGTGACGATAGTTGGCGACGGGGAAGCGGATTTAACGAAACATAATTTCTTATTTAATGTGTGCTTTGATTTGACGATGTTAATTGGAGCGGCTTCTCTGCTGGAAGTTTACATGAAGAAGAGAGGTGAGCGGAATGCGTAAAAAACTGATTATAAGTATTCTGCTAGCATTCATGATTTTCGTTGTTGGCGGGCATTCCGCAATTGCAAAAACGGATGACGGTGTCGTTGTTTTTTATGATAGTTTGGCGACAGGTACAGAGAATGAAGGCAATATGGATGCGCTACTTCGAATGTTAAATAGCTTGGGCAAACGAGTGACGATTTATTCTTGGGAGGAAAATCCTGATTTAAGTCAAACAAGCGAAATCATCGTACTTCAAAATAAAAAAGACGGTTTATCCAATAAATGGACGAATAAATTAGCCAAAAGCAAAGCGAAAATAGCATACATAGGCGGAAATCCCCCAACATTTTTAACGGATAAATTGCAACTGAAAACTAAAGTAATTACAGATGCTTCTATCACGATTC
NZ_CP092060.1_gap13	586975	588610	1635	AGCTGGTTAACGCGATTTATCAATATTGAAACGCTTAGTTTTCAGTGGATGGCTCAGGCCGGCAGATGGGCCCTTTTCAAACTATGCACCATTCCTGGTACTAATTTTATTGTAAGAAGGTCGCTCCTAGAAGAAATCGGTGGCTGGGATGTGAAAGCTGTCGCGGAAGATACCGAGATTAGCTTTCGGATTTACATGATGGGTTACCGAATCAAATTCCAAGCGAAGGCTGTTACGTGGGAACAAGAGCCGCAAACATTACCAGTTTGGTTTAAACAGCGCTCAAGATGGGCGAAAGGCAATATTTATGTAATTTTAAAAAACGTTCCACTCCTTTTCAAACGAGAAGGTAGGCGCGTTCGCTTTGATATTTTATACTTCTTATCGATTTACTTTTTATTATTAACTTCCTTGATTGTTAGTGATGTTTTACTCGTATTATATGCGCTGGGACTTGTACATACAACGCTTGCTGGCCTTAGCGGGGCACTTTGGTTGCTAGCCATTTTACTTTTTGTCGCAGGTACTTTTATTACACTCACCACGGAAAAAGGCGAAATCAGTTTTTCAAATTTGTTATTTATTATGTTGATGTATGTGACGTATTGCCAGCTTTGGATGGTGGTCGCCGCATATGGATTCTTTATTTTCTTAAAAGATACCGTACTAAAAAGGGAAACCAAATGGTATAAAACCGAGCGTTTCTAAAAAGGAGAGTGCCTAATGAAAAAATTAACTGTAATCGGGCTGCTTATGTTCGCCGTACTATTTCTGTATAGGCCAGACGTTCTCGCAGCAGATAAAAACTATCAAACGGTTTTTGGAACAGATAAAACCGCCCAAGGAAAATTCACAACCACCAAACAAAACTTTACGGTGGAAAACTACTGGGATGTATCAAACGCTAACGTAAAGCTTGTGTATACAATTACCCAACTGAGCGAAAAAGAAGTTTCCACGATGACACTGAAAATAAACGATGTTGCGTTCTACTCTTTTAAACCAGATAAAGCGGACAAAGGAACAAAACAGATTGAAATCGAAATTCCGAAAGATAAGTTAAAAAAAGGAGTCAATGTTCTATCCATCGAAAGCTTTGTCTACACTGATTTGCCTGATGGTCGTTGTACGATTGACGATACACCTGCCAACTGGCTGCAATTCGATAAAACAAGCGCAGTAAACGTATCTTATTCCGATAAGGCTTTCCAAAAAACGATTGCCGAGTTTGGCGAGCGCTTCACTGGAATTGATACTGTGAAAAGTGAACAAGGCGCAGTAGCTGTCTCAAACAAAGCCGGCGATGCCGAACTTGGCGCAGCACTTGAAGGTCTTTCCGGATTTTCTGCAGCGAATACGTTAGAAGATAAAAATATCGCTTTTGGTCAATACGAGGAAGCAAAAACGCGTGACGGTAAAAACTATCTCGTACTTTTTTCAAGCTATGACAATTTACCAAATGATCTTAAATCACAAATAAAAGACGATAATAAATTAGAAAAACAAGCACTTTTCCAAGTAGTGACAGTCGGAAATACGAATACACTCGTGGTTACTTCTAAATCCAACGACGCACTAAAAAAAGCTGGCAAACTAATCGCCAATCAAAATTACTTAAGTCAGCTTGGAACAAAT
NZ_CP092060.1_gap14	781162	785236	4074	AATCATCGGTAATTTAACCGCGAAAACCGCACCTGTAGAAGAGCGTAAATTCCTTCAAGCATGCCAAGAAAACATGCAAGAATGGTGGAAATGGTTAGAAGAAGACATCGCACAAACAACCGATCCAATCGCCCCAGAAGTCGTAATGGCGAACATCCAAAAAATCGCTGATAAAGATGCCATTTTCTCTATCGACGTAGGAACTGCAACTGTTTGGAGCACTCGTTATTTACATTTAACCCCACAAAATGACTTTATCGTTTCCGCGTGGCTTGGTACTATGGGCTGCGGTTTACCTGGAGCTATCGCTGCCAAAAAAGCATTCCCAGACCGCCAAGCAATCGCCATCGTCGGTGATGGAGGCTTTTCCATGGTCATGCAAGATTTCGTCACTGCAGTAGGTTTAAACATGCCAATGATTGTCGTCGTGTTAAACAACCAACAACTTTCATTCATTAAATATGAACAACAATCAGCTGGTGAACTAAACTACGCCATCGACCTACCAGACATCAATTACGCAAAATTCGCCGAAAGTTGTGGAGGAATTGGTTTCCGAGTAGAAAAAATGGCGGACCTAGAAGCTGCTTTCGAAAACGCTAAACTAGCAACTAAGCCAGTAATCATCGACGTTTCCGTGGACAGTGCAGCCGCTCCACTACCTGGTAAAATCGTGATGGACGAAGCACTCGGTTATACTAAATTCGAAATCCAATCAGTCTTAGAAGACCATCGTTTCGCAAAAATGCCACCACTTAAAACCATTTTACGCAGATTTTTATAAAAAACAAATAAAAAAATAACATTATCACCCGTTTCATGCCGATTCTCGCTAATTATTATAACGTTTTTTATTAAAACTAATTATTTTACAATAAAATATGGAGTTTTTTTAAAAAATATGAGATAATAAATTAGAATTAGAGAATAGGAGTGTGGAATGGGTGAATTTAATTAAAAATCGTAAATTGAAAACAAAATTAAGCATCAATATTGTTATAACGACCATCATGTTAATCGGACTTGGCGCGACTAGCTTTCTTGGCTTTCGTCATGTAGCAACACTTTCAGATAATATGGTTGATAATAATGTCGCACCGATGAAAGAAATCGCAAAAATCCAAACAAACATGGCGCAAATCAATATCGACATCCTGACCATGTTCGACACTATTAACGGAAAATCAGCTCTTATAAAAGATATTGATGATCTTTATGCCGAAAATGACCAAGCAATTCATAATTTCAAAAAAGCCAATTTAACAGCAGAAGATAAAAAACAATTAGCGTACTTTGAAGAAAAACTAGCGGACATGAAATCATCCGCATCCTCAGTAATCAGTGACACATCAAGCGCACTAGACGACGCAGAACTACTTGGAGCGCAAAACAGATACTACCAAAACGTCAAAACAAAATTTGACGATGCAACTAAACAATTAAACGTTTTAAATGAAATGAACTACAAAGAAGTCGAAAATTCTTCTCAAGCAATTTCTGACTTTGGTGTAAAAATCAGTATCATTTTCACAGCAGTTATTATTGCCGTGCTAATTTCTCTATTCATTTTTAATGCTTATATTACAAGAGTGATTCTAAAAGGAATCCGACACTTGCAAACAGCTGTACATAAAGTAGCTAGTGGAGATTTGTCGTACCGCAGCACTTATAACGGTAGAGACGAGCTTGGTGATATTACAAACGACTTGAATGAAATGAGCGAAAACCTAAGATTAATGATTGAAGACGTTAAAAAAGCTTCTACAGACGTTAAATCTTCCAGTGACAACGTTATTATTAGTTCGGAAATTATTTCTGCAATGACAACAGAAATGGACATCGAAATGAAAATGATGGGTGAACAGATCCAAACACAAATCGGCAGCATGAAAGAAAGCACGGATGCAATGGATCAAATGACTGGCGGCGTTCAAAATGTGGCTGAATACGCGCTTAAAGTATCTGATCTAACAAAAGATTCCGCAGAAAAAACGAACGATGGCATTGCCGTTATCAATAATCTCGTGTCTCAAATGGATCGTATCAGCGGCGTTATGCGTTCAAGTACAGACGTTGTTTCTCAATTAGTTAACCGCGTTGGTGAAGTGGAAAAAGCGCTGGATACCGTTACAAATATCGCTGACCAAACCAACTTGCTTGCCCTAAATGCGGCAATCGAATCTGCTCGTGCTGGTGAACATGGCCGTGGATTTGCAGTCGTAGCCGAAGAAGTCCGCAAACTAGCTGAACAATCACGACTTGCTGTTGTTGACATTAATACTGTTCTGAAAAAAATTCAAACAGAATCAAAAACTACTATCGAAGTAATGAACACAGGTCTTTCCGAATCAGAAGCTGGCCAAAAAATCATTTCTGAAACGGAAGCAACTTTCACAGACTTACTCAATCGTGTCAATGATATTTCCGCTCAAATGCAAAATGTATCTCAAGAAACCGAAGAAATGGCTGCGGGAATTGAAGAAGTCAACACGTCAATTAGCGACGTAACAGAAATTTCCAATCAAATCGGTGAAAAATCCACTGCTGCACTTGAATTCGCAGAAGTAAACAAAATGAAAGTGGACGAGCTAGTTGTTATCTCCGAAGAAATGCAAAAAATTTCCGGTTCATTAGAAGGGTATATCGCCAACTTCAATACCGAAGTGAGCGAAGAAGCGGTCGAAGTAACAGAAGAGCCAGAATCAGAAACAAAAGATCCAGGAGAGCCAGTCCTAGCAGAAAATGTCTAGGAAGCATGTATAATGCGAATTTGGATAAAATCACTGCTTGTCATTACAGCGTGTATATTTAGTTTGACCCTTCTAAATACGAAATATACCTTTTATTCACCAACCGTCAAACTCGAAAGCGCCAAAGTCGTTTATAAATTAGACAACGAACCTTTTAATGTAAGATTAGATGTGCCACTAGTGAATCAAATGGATGCTCCTACGCTTTTTAATGGCTGCGAAGTAACGAGTTTAGCAATGCTCTTACAATTCAATGGAAAGCGTGTAACGAAAAATGAGTTAGCGAATAATCTCCCAACAACACCAATCGAACAAAATGGTTTACACGGTAATCCGGATAAAGCATTTGTTGGGAGCATTAGCGGCGATAGCCCTGGTCTAGGCGTGAATCATGCTCCCATAGCTAATCTGGCTGCTAAATACGTTAATGAAGCACACGTCCACGATATTAGCGGGAATAGCATTCAAGACATCATTACTGTACTCAGCACAGGCGCACCAGTATGGATTATCACTACCACCGACTACCATGCACCCAAAAACTGGCAAACCGTCCAAACAAAAGAAGGTAAAAAGAAAATCACGTATTCGATGCACAGTGTGGTAATTACCGGGTTCGATAAAGACAATTTTTATATTAATGACCCATATGGACATAAAAACCGTGCCGTAAAAAGAAGTGTACTTGAAGAAGGCTGGTCTGCTATGGGAAAGCAAGCCATTTACCTAAGTCACCCATAAAAAAATCGTTTGAAAGCATATCTCATGCTCTCAAACGATTTTTTATATTTTCTTCTTAATAAATAGGACGACAGCAAGCGCGACAAGCACCACTCCAATAACAATCGGCCAAACCGAAAACGCATCTCCGGTAGAAGGAAGAAAGGAAGCAGTATTTGTACTTTCAAATGCGACAGCTGTACTTCCTCGGAAATAAATGAATCCAAGTGAAATGAAAACAGCAATACTAGCAACTAATTTTTTTGCAAAAACCATTCAGCTCGCTCCTTTTTGTATCATAACTATATTATTAGTCATTTGTTATTTTTTGTCAATGTATAGACCAATTTTAAACAAACGGCTATATATAATGCTTGACCTAGTATACATATTATTGTAAAATGAATTTGTTTCCTTGAAAAGTAGTGAAGGAGGATTGTACAATTAAATAGAAGCGCCAGAACTGATTGGGACGAAAATACTTGAAGGTGAAATCCCTGAAAAGTAAACAGTCAGTTGACGAGGAGGAGATTAATCGAAGTTTCGGCGGGAGTCTCCCGGCTGTGCATGCAGTCGTTAAGTCTTACTTACAAATCACTTGGGT
NZ_CP092060.1_gap15	821179	825395	4216	AAGTAGAAGACCTTGATTATGGTGTAGTAGAACCACCTAAAGGACCAAATGGCGATAAAGGCGCTATTATGGGCGGATTTGGATTAGTAATGCCTAAACAAGCCGAACATAAAGACGGCGCATGGGACTTTATGAAGTGGTGGACAACGAAACCAGAAAATGGCGTAGAATTTGCCAAAATTAGTGGTTGGTTACCAGCAAACAAAATTGCTGCTGAAGATGAATATTTTACGAAAGACCCAAATTATTCTGTTTTTGTAAATACAATGAAATATGCTAAAATTCGTCCAACTGTGGCAGGCTATGCAGACGTAGAAGGTTTAGCAATGAAACCTCAATTTGAGAAATTCATGAATGGTAATATTTCAGCTGAAAAAGCTTTATCACAAGCTGAAAAAGAAGGAAACCAAATTTTAAAAGAAGAGAGAGATAAATAAACGATGAAATGGTCCGAATATGCAAATTTAGCTCAACTAAGTTTAGAAAAATTTTATCTTGCCGATACAAAAGAACAATTTTTAAATAACTTTTATCCGACAGAAAATCCTGAGGAAGATAATAAAGTTTTTAATTATTGGTGGCTAGCTCACTTGGTGGAAGTACGATTAGATGCATACTTACGTACAAAAAAACAAGCAGATTTGGAGATAGCAGAAAACACATATTTGCATAATAAAAATAGAAATGGTGGAACGCTTATTCATGATTTTTATGATGATATGCTTTGGAATGCACTTGCGGCTTATCGTCTATATAAAGAGACTGGAAAACCAATTTATCTAGAAGATGCACAGTTGGTTTGGCAGGATTTAGTGGATACTGGTTGGAATAACATAATGGGAGGTGGCTTTGCTTGGCGTCGACCACAAATGTATTATAAAAACACGCCTGTAAATGCACCATTCATTATTCTTTCTTGTTGGCTATATAATGAATTTAATGAAACGAAATATTTAGAGTGGGCAATGAAGACCTATGAATGGCAAACTAAAGTCCTTGTACGTGAAGATGGTTTTGTAGAAGATGGCATTAATCGTTTAGAAGACGGAGCCATTGATTATGAATGGAAATTCACTTATAACCAAGGTGTATATATTGGAGCTAATTTAGAATTATATCGTATTACTAAAGACGCAAAATATTTAGATACTGCGAATAAAACTGCAGATATATCATTAAAAGAATTAACGGAAGATGGTATATTTAAGGATGAAGGCAGCGGCGGAGATGAAGGACTATTCAAAGGGATTTTTTACAGATATTTTACTGATTTAATGGAAGAAACCGCAAATAAAACTTATCGGAATTTTGTATTTAATAGCTGCCAAGCGCTAGTTGATAATGCAAAATTAGATGGATATTTGTTAATGGGAATGAATTGGAAAGAAAATCCCTCTGGAAAAATTCCTTATTCAGCAGAATTAAGTGGAATGATCGCACTTGAAATGGCGGCAAAACTAGAACGATAAAAAAGCACCTCCTACTTGGAGGTGCTTTTTAGCATTTTGACCGAATCTCCTTCTATAAGCATTGGAGGTAGAGTTTCTTTGTTTATAGTATCTGGTTTTAGCACTTGATTTAAAAGCATGTCAACTGCTTTCACGCCTATTTCGTATTGGGCTTGTTTAATATGTGTAAACTGGAAGGCAGAGTTATCAAAAAAATTATCTGGATGATCAAAACAAACAACGGATAAATCAGCAGGAATGGATTTCCCTAACTTGTTGCATGCTTGTTTTATCAAAAGAGCAATATTGTATTCAGTTGCTACAAGTGCCGTGATTTCAGAATGTGTATTCAAAAAATGTGCAATTTTATCAATATCTGTTTGGATGGAAACGGTTGAATTTGGCATTACTGATTCAATTTCGCGAAAAACATAATCAGAGTGAAAAGCTGTGTGAAAAGATGCATGCCCTCGAATAAATCCGTTTACTCGACTATCAAGCGTAGAGACTGGACTAGTAGATGTTATCATTCCAATATGCTTATGCCCAAGTTCAAATAATTTTTCTGTAATAATTCGACCAGCTTCTGTATTATCTGAACTAATAGAAGATATTGGTAAGCCTTCTAATGTACGATCTATGACAACTAAAGGAAATTTTTGAGAAGCAAGTTCTAGTAAGGTCGGTGAAACAAACTTCGAACTAGCAGGTAAAATCAGTATCCCTGCAACATTCATTTCAATAAACTCTTGCAAAATTTCTTCTTCTCGCTCTGTATCGCCAAGTGATTTTTTTACAATAATATGAGCTTTAGAGTCACTGTGCTCTAACATCCCAGATAATAAAGTAGTACCAAAAGTATCGTCAAAATTTGTCATAATACAACCAAAAAGGGGTTTATCAAACATTCTAGTTTCTATTTGTTCGCTAACTGGCGAAGCATTAATTACAAAAGTACCAACCCGAGGGCGTCTTGAAATATAACCATCTTTCTTTAATAATTCTAGCGCCTTTTTTAACGTAATACTGCTCACATCAAATTGAGCCATCAATTCATTTTCTGCAGGCATTTTGCTGCCAACAGGAATCTTACCTTCTTGAATCGACAGTTTAAGCTGATCATAGACTTTTTGATATAGTAGTTTTTTCATTCACTCACCCATTAAATATATTTTATAATATTAATTATATTTAATTTTGGCCTTATTGTAAACTAATTACGATAAAAAAGTGAAAATCTCCTTACAAACTTTAATAAATAGGTGACTCATGGTAAACTTGAATTTAGGAAAAAAGGAAAAGGTGTAGAAATGGCCATCAAAAAATTAAATGATTTTTATTTTAAAAAATTAGGGAACTGGAATTTAATACATAGCTTTTTGAAAGGATTTTGGCGAGCATTTTTTTTCTTGCTACTATTGTTACTAATTGCTGATTTGATTGTTATGAAATTCGTGAATGATCGTTATTTTATTCCAGTTATTTTATTAAGTTTATTATGTATTCCTCTCTTATACTACATTTTGATTTACAGTCGAGCTAAGAAATTCATCAGAACACGGTATCAATTGCGGAGTTTTGCTGAACTAACAACCATGCGCCGCTATTTATTATATGCTTATTTAGAAAAAAGTGGTTTTAGTACACGAGCTGATTTGGAAAAATTAATTCGTTTTATTCATTCTGAAATGGCAGAAGAAAAGAAAAATTATCAACCACTCAGTACTGTTGTGGGCGTTTTTATAGCAACATTTTTAGCAATTTTAGGCGGTACATTTCTATTTTTGATGGATGATGTGGTGGAGCGGCTTATCGCAGCGGTTCTAATCATGGTAATGGCAATTTTACTTTATATTGTAGGCACTTTTATTATGTCGATAATTCGCTCTAAATCAGAAAATAATACGAAAAAAGAACGGGTATTAACAAAAGAAATTATAGCAATTCAAACGGCAATGCTTGTTAGTGAGAATACTAGTTACCACCCATTTTTAGCGATGGAGAGAAAAATAGCTGAAAACGATTTTTTGAAAGAGATTATTACATCACGATCCTTTTTATAAACACAAGGTTATAGACATATTTAGGAGGCAGAATAATGACAACCAAACGCAAAGAGACTAGAGAAAGTGTTTGTTATCGGGAAATCAAAAAGAAGATTAGAAACGGGGAACTAAAGCCAGGCGATCGTTTAATTGAAAATACATTATCACAACAATTAGAAATTAGTCGTACGCCGATTCGAAAAGCAATCGGGATGCTTGCTGCAGATGGATATGTGGAATACAACGATTTTCGAGGTGCTTTTGTTCGGGACAGCATTATTAATAAAGAACGTTACTTTGAAATGACAGAAATTATTGGTTTGTTTCTAAAACAAGCTATTCAAAAAATCCGTACAAAAAAAATAGCCTTCAATAAAATGCGAGTTGTTGCAAAATTAGTCGAAATTGAACGCGAACAACCAACCGACCCAGCAACTTATTTCGAATATGAAAAATGGTTTGTGAGTGATTTACTAACCTATATGAAAAATAATTACTATTTGAAAATTAGCGATGATTTTTTTAATAATATTCAAGAATTTGGTGATGAAGAAGTCATTAAGATTGCACAAAACGCTTGTGTTAAAACAATCGCTAACATCCAACGTTTTATTGATGCGTTGGATGTACAAGATTATGACAAGTGCATAGCGATTATTGATCAAGTCATTGATGCCCATGTTTTAGTCGCTTATCGTTAAAAAAGCATTGTCCTTACTACTT
NZ_CP092060.1_gap16	849279	850871	1592	TTAATCAACTAAATTCTCGTGCTTTTGAAAACATGGTTGGCGTAGCGATGGCAAACTATCCTGGCGAAAAATGGGGCAGATCCACTGCTTTTTCCCCGATTGTTTTTGATGAAAATGGGGATTACCGCGATAATACGATTATTGAAACAGACGACGTTTCAGAAGGTATTTTTATTGCTGAATTTAATTTAGACGAGATTCGAACTTACCGGGAAAATGAAACGTGGGGAAATGCCTACCGAAAACCGCAAACATATACAGATTTAATAAGTTTAGATGTAGAAGCGCCATTTAAACGAAATTAAAAAAACAGAGATGAGCGATTCTCTGTTTTTTCTTTTAAAAATAATAAAGCCCGGTAACAATCAGCGCAACGACTAAAATCCCCGGAACAAGGTTCGCGACCCGAATCTTGGTTAAACCAAGCAAGTTTAGACCAATTGCCAAAATCATAATCCCGCCTGTAGCCGTTAATTCCTTTATAATTAGTGCCATCAGGTCTGCCGGAACGAATTGATTAATCTGGGTTGCGAATAACGCGATAATGCCTTCAAAGAGAAACACTGGAATCGCAGAAAGCATAACGCCCCAACCAAGTGTCGTACTAAGAAGTAGGGCGATAAATCCATCCATCACCGATTTCGTATAAAGTACATCATGATTGCCGCGAATGCCGCTATCAAGCGCACCAATAATCCCCATCGCACCAATCACAAAAATAAGTGTAGCTGTCACAAAGCCTTTTGAAACATTACTTTTTCCCTTGGCACCGACTTTACGTTCAATCCAGTGCCCGAGCTGATTCAGGTGATAATCTATATTAAGCCATTCCCCAATAACGGCTCCAAAACAAATACTTAAAATGACAATAAGCGAGTTGCTCGTTTTAAATGCCATTTGAATGCCAAGGACGATAACGGATAAACCCATCCCTTTCATGACCGTGTCTTTCATACGTTCAGGGATATTATGTAATTTCATGCCAATAACAGAGCCAATCAAAATCCCAAGCCCATTCACTAGCGCACCAAGTAGAACCATTTTCTTCCTCCCTTTTTTTACATATAGCAATAGTATACAGGAAGTTTTCGCCAATTGGGAGTTTTATTTTGTACAAAAAAGTCGAAGGATCAAAGTGATCCTTCGACTTTAAGTCTATTTTCCGGCTACTGTAAAGCGTTCATTTAAGTGATTAGGTCGTTCAATTTCATCTAAAACAGCAATTGCATAGTCTTCCATACTGATAAAACTATTACCATCGCTACCAAATAAGAGATGATCTTTTCCTATTTGATAGTCTCCAGTGCGTTCGCCGGGCTCAAACATGGCAGAAGGGCTAATGTAAGTCCAACTGAATTCTGCTTGATGTGATTTTAAATGCTCTAATTGTTTCGCTTGCGCACGTGCAGTTGGATAGTAAGGCGCTTCCCGTAGGCCCTTGGACTCTAAAAGCGTGTTTCCGTCTTCATCAATTTGCAGACTAGCTGCTCCGCCAACGACAAGTAAGCGCGGAGACACAGTTCCATTTAAAACAGAAATTAAGTGATCAAGGGAAGTGACATGTTTTTCTGCTTCGTCTGGACTGATGCCAT
NZ_CP092060.1_gap17	855807	860129	4322	TAGTAAAACATTCGCAGTTGATTTTTCGTTAATGGCATGACGGATTTTTGCAACTTCTTTTTTGTCAGTATCATCTCCTTGTAAAAAGTGACAATTGGAGCCAAGTGCTTCTTCTTTAGCATAGCCGGTAATATTTTCAAAACCAGTGTTAACAAAAATAATTGGATTATCTTTTTGCTCAGGATCTGTAATAATTACTCCTACGCTAGACAAATTTAATGCTTTTAAAATAACATCGAATTGTGGATAAGCGGTCATCTGCGTGTTTCTCCCCCTTTGTAAATACATTTCTATCATACCACGCAAATGAATGAAAACCCAATGTATAATTTGTGAAATTAATCGTATGTGAGCAGTGCGGAGGTAAAGTTGGAAATGTGGGTGTATAATAGAGCTAGAGGTGATAAGTTATGTATATAACATTTACAGATAGCGCTAAAAATCGGCTTGCTGCACTACGGTCGAATTTAGAAGGGCGGCTACATTTGTATTATGATACAGAAGGCTGTTCTTGCGAAAATAGCGGTATTTTCACATTGCGATTAGTAGAAGAGAAAACAGCGGAAGATGACGAAATTGAATCAAACATTGGTCCAGTGCTAATTAAACGATGGACAGAAATGTTTTTAGAAGAAGCGCTAACTATCGATTACAACGACACAGAAAAAACCATGATTCTAAAAAGCGATGGTCAGTATTATAATCGTAATCTACTGCTTGTCACAAATACAGACGAAGTAATTAGTTGCCCGGTAACTTCATAATAATAGAAGAAAAGCCTAGAATAAATTTTTTATTCTAGGCTTTTTTATGAAAATTTCATGAGAAAGTGGTGAAACTTTAGACATATAGTTACACTGACCTCGGTTTTGTAGTAACATGGAATAGGAAGTTTATACATATGGAAGGAGTGTCCTCATGGAACAACCATCAGTAGATGAGCTAAAAAATTGGCGAAATGTTATGCTTCTTCACCGTTTTGCGTTAGAAGAAGTCAACACGAAACTTAAGATATTGAATGAAGAATTTCAATTTATTCATGATTATAATCCAATGGAACATTTGAAGTCACGTGTGAAGTCACTAGAAAGTATCGGAGCAAAATTAGAAAAGAAAAAGGTGGATATCACGCCAGAAAATGCACTAAAATATGTACACGATATTGCGGGCATTCGGATTACTTGTTCTTTTGTTTCAGATATTTTTAGAATTCACGAAATGCTTGCAGGGCAAAGTGATATCACTATCAAACGAGTAAAGGATTATGTAACGAATCCAAAACCTAATGGCTATCGGAGTTTACATTTACTTTGCGAAGTACCTGTATTCCTGACAAATCGTTCCGAGAAAATGACCGTGGAAATCCAAATTCGGACAGTTGCCATGGATTTTTGGGCGAGTTTGGAGCATAAAATTTATTATAAATATCAACAAGAAGCACCAATTGAGTTAGTAAAAGAATTACAAGACGCCGCACGAATTATCACCCATTTAGATGAAAAAATGAAAAACTTAAACGATCAAATTGATCAATATAAAAAAGAAAAAGAAAAATAATCTAATAGGGAGCTTTATTTCTTTGCAAGCGGGATGGATGCATAGAAATAAAGCTGTTTTATATTTGCGAGTTAGGTTATTTTGCTTCATAATAATATAGGAGAAAAAACGAAAGGGGACGATACATATTGGAGATATTTTTATATGTTTTAGCATTACTTGTGGCCATCTTTATTTCTAATTTACTCAACCGGTTTGTTCCCTTTGTTTCGGTACCACTAATCCAAATTGGCCTTGGTGTATTAATTGCCATTATGCCGATTACGTTTGATTTGCAATTAAATCCAGAACTTTTTCTAGTGATGTTTATTGCGCCATTGCTATTTAATGACGGAAGACAGACGGACAAAGCAGCTCTTTGGGGTATGCGAATGCCGATTTTAGTATTAGCGCTCGGACTTGTATTTGCAACGGTTGTCGTGATTGGATATTTTGTCCACTGGATGATTCCGACGATTCCACTAGCAGCAGCTTTTGCCTTAGCAGCGGCTCTTGCGCCAACGGATGCTGTAGCAGTTAGTTCTCTTTCTGGGCGGATTAATTTACCGAAACGAATTATGAATTTGCTCGAAGGTGAGGCATTAATCAACGACGCGTCAGGACTCGTGGCATTCCAGTTCGCGATTGCAGCGATGGTGACCGGCGTTTTCAGTTTTATGGATGCAAGTATTAGCTTTTTTGTCATTGCGATTGGTGGTATTTTAGTTGGGCTCATTTTGAGTTGGTTAAAATTCCGATTGTTAAAATGGGTTCGCGGCCTTGGCATGGAAGATGTTACGTTTCATATGCTTATCCAAATTTTAACACCATTTATTATTTACTTAGCGGCAGAAGAAATCCATGTTTCTGGGATTTTGGCAGTTGTTGCAGCCGGAATTATGCACTCGATGGAACAAAAGAAAATGGATCCTCAGTCGGTGAAATTAAATGTCGTTTCGCAAAGTACTTGGTCGGTGATCATTTTTGTTTTAAATGGTTTAGTATTTTTACTTTTAGGCACACAACTTCCTGCGATTACAGAAGTAGTTTGGAATGATTCAGGAAGTAGTAATTTACAAGTGATGGCTTACATTTTGTCTATCACAGCTGCCTTAATTTTACTGCGCTTTTTATGGGTATACATATCGTGGAGCATCGGCGCAAAACAAAGACAGAAACAAAATAAAAAAACACAGCTACCTAAGTTTAGACCCGTTGTACTTACATCGCTTTCTGGTGTTCGCGGGGCAGTTACACTTGCCAGTGCGCTCGCAATCCCGTTTTTCTTAGATGACGGATCACTATTTCCGCAGCGCTCGCTAATTATTTTTATCGCATCAGGTGTTATTCTTTGTACATTAGTGATTGCGACATTTATTTTACCGTTACTTGCCAAAAGTGAAGAAGTGACAACGGAAGATGAACGAGCTGAAACTGCAACCCGGATTCGAATCCTGAGAAACGTAATCAGGGAATTAAAAGAACAGACGCTACCTGAAACGAAAGCGGCAACGGATGAAGTAATTGAAGATTATCGCAGACGAATTTACGATTTACAGCAAAATAATAGTTCGAATCGAGGCATGGATGAAAGAGAACGTGCCAAACGATTAGAGATCATCCAGTGGGAACGTGAAAACACCCAAAAAATGACCGATGAAGGACGCATTGTTGCTACAGATAGCTATCGTTATCAACACTATCTTAATATGATGGAACAAGCGATCAAACAGCGCTTCCGGACAAAAATAAAAACAGCCTGGATGTTCCTTTATCGTCTAATAATGCTTGTCATTCACCCGAAAAAATGGGGTAGAATCACGCATAAAGTGAAAAAAGGTATTTCTAAAGACAGCGAACGATTCCAAGCAATTCGCCAATTACGCGAAGAAAATGAAGTACTCATTATTTCTAAACTCAAAGAACAACTAACGAAAGAGAATGTTGATATCATTGGCCCATTAATTACCGAACATACTATTTTCCTAGAACGCGTAAGAAAAGAGCACAGTCCAAGAGGTAAGCGAGCAAAATTCGAACAGAAAAAACGCGAAGTCCAAGTGCTGGCTTTCCAATTAGAACGTGATATTATTCAGAATATGTTTGAAAAAGGCGGGATCTCGAGAGACTTAGCCCGAGACTTACGCCAAAATTTAAATATGATTGAAACATATTTATATGATGATTTTTTAGAATGACAAAAAGCCCTAAGAACAGTGTCTTGTTCTTAGGGCTTTCTATTTAGCTTGTATTTTTTTTAATTGTTCGGCGAGATTTACTATTTCTAAATGGAAGTTCTTTCTGCCATTTCTGTGAACGATAGCTGCATTACGAATCTTAATTTTTGTTTCTTTACCTGTCTCTAAATCAAGAATATTGATTGTGTAAAAGGGAAGAAAAGAAGTGGTCCGCCCGTGCAATCTGGTGTCACACTCCAGCATATATTGATTGAAAAGATACTTTTTATCCGAAAACCCTTTTTTATAAAAGAGCGCATGACTATTAACGGAAACAGTACCATTAACATAAGTAGTCAGTACGTAAATAGTATACGCGCTAAAAAAGGTATATATACCAAAAAATTGCCAAATACGGAGTGACTCAAAGGTAATAAAAAAATACAGTCCAAGGCTAAGTATTGCAAAACAAACAATAAACATAAAAAATGTTTTGATATTCATATTATATTTAAAGAAAGGGTAGCTTTTCATTTTTGTGCACCACCTAAGATGTTTTAGTTAAGCTTGATATTGATTGATTTCATTACGCAGTTCTTCCATTAGTTC
NZ_CP092060.1_gap18	878650	880311	1661	AGTCATAGCGACTGTTTAGAGGGGCTTGCAGCAGGTGGAGCAATTGAAAAACGTTGGGGTCAAAAAGCAGCAGAACTTGCGGATAATGAAGAAGTGTGGAATTTAGAAGCGCATTATATCGCTCAAGCTTTAATGAATTATACACTTATCTTATCCCCAGAAAGAATCGTGTTAGGTGGAGGCGTCATGAAACAACGCCAACTTTTCCCGCTTGTTCGTCAAAAATTGAAGGCACTCGTGAATAATTACGTGCAATTGCCGGATTTAGATGAATATATCGTTCCTCCAAAGTTAGAAGATGACGCTGGAATTACAGGCTGTGTCTTGCTCGCTGTGGATGCTGAAGAGTCCAATTAAAGCCGAAAAACAGCTCTAGTTTATAGGGCTGTTTTTTGATATACTAAATTGTGATAAAACAAACAAGAACGCAGGAGGAAAAAGATGTCCATTACGAACTTATTAAATATTAAATATCCAATTATCCAAGGTGCGATGGCTCAAATTGCCAAAGCTCCACTTGTAGCCGCTGTATCTAATGCAGGCGGTTTAGGAATTATCGCTTCTGGCGGAATGACTGCCGACATGCTACGCGAAGAAATCAAAAAAACAAAAGCACTGACAGATAAACCATTTGGCGTCAACTTAATGCTAATGATGACCAATATTGCCGAATTAACCGAAGTAATTATTGAAGAAAAAGTGGGAATCGTTACAACTGGAGCGGGAACGCCAAAAACGTTCATGCCAATTTGGAAAGAAGCTGGAATTATTGTGATTCCCGTTGTCCCATCCGTGATGATTGCTAAACGTATGGAAAAAATGGGCGCAGATGCAGTTATCGCAGAAGGAACAGAAGCAGGCGGACACGTCGGCGAAACAACAACAATGGCACTTTTACCTCAAATCGTGGATGCCGTTACTATCCCAGTCATTGGCGCAGGTGGAATTGCAGATGGTCGCGGAATCGTCGCAGCGCTTGCTCTAGGTGCAAAAGGTGTCCAAATCGGAACACGCTTCCTAGCAACCGACGAATGCCCAGTACACCCGGACTTTAAAGCAGCCGTGATTAAAGCTTCCGACCGCGACACAATGGTTACCGGAAGAAAAGCCGGTGCCCCTGTTCGCTCGATTAAAAACAAAATGATTAAAGAATACATCCGTTTAGAAGAAGAAAACGCCGATCGCGACACGTTAGAAGAGCTAACTTTAGGTTCTTTACGAAAAGCAGTACAAGAAGGCGACACAGACAACGGCTCTGTCATGGCCGGTCAAATCGCTGGCTTAATTACAGAAATCAAACCTTGTAAAGATGTTATTGAAGAGATGATGACAGATGCTAAGAATGTGATTGCAGGGTTAGAATTATAAAATAAAAACAGTTATTTTCTGCTTAATAAAGTAGAGAATAACTGTTTTTTTGTAGTTGCGATGTTGTTTACAAAGGTAAAGTCAAAAAATGCACTAATTTGTTCTGTAGTTGGCTATATTTATACACAGAGGTTCACAAAACGCTCACAAAAGGAAAGTAGTTACGATGCTATAATAGAAGGGTGGAAAACTAGACATAGAGAGGAATCACCAAGATGAGAGAGATAAAAGTCAACGAAGCAACGTTCCAAAAACATGCCTCGAAGCTAGACAGCAAAAGCGCGGGAAGCTAT
NZ_CP092060.1_gap19	883720	884419	699	AGCCTAATCTACTGCGAAGTCATGTCTCAAAATAATAAGGATTTGTGAATAAAAACAAAATACTTGCAAATAAACGTGATATATTATACAATTACACTAAGAAATCGGATATATTTAAATTAATATTTTTTTGCAATAAAATAAAGTAAGTACTTGCTTTTGGGAGTAGGTGCGTAGGAGGTAGATGTATGCTTTGGGTAAAAGAGTCAATTGAGCAACTTCTCAGCAAACTACACACGAATTTAGACACAGGGTTAACGAAAGAACAAGTGAAACAAAAACATGCAGAGTTCGGGACGAATGAATTTGAAGAGGGGAAGAAAGAATCACTTCTTCAAAAAATTGGTCACCATTTAGTTGAAATTACGACGATTGTGTTGCTTTTTGCAGCGGCGATTTCCGCTTATTTAGCGATTACGACTGGTTATGGTTGGGCGAAAGTGGTTGTTATTTTAGGAATTGTCGTGTTGAATATGGTGCTCGGAATTTACCAGGAAAACAGCGCCGAGAAAGCACTTGCGGCACTTCAAAGTATGAATGCGCATTTAACGACGGTCGTTCGTGATGGTGTGCGGATGCAAGTGGACGCAACGGAATTAGTACCAGGGGATATTATTGAAATTGTTGCAGGAGATATGATTCCAGCAGATGCACGGATTATTTCTAGTAGCAGTTTGCAAGTCGAGGAATCTGCGTTAA
NZ_CP092060.1_gap20	906725	910053	3328	CAAGGCGTTCCGCGGTGACATTGCTTACAACCATGTATCTTTTGAATATAGCGATGGGAAAAATGTGCTAAATCATATAAATCTTTCTATCAAAGCCGGCGAAACCGTTGCCTTTGTTGGGCCAAGTGGAGCTGGGAAAACGACGATTTGTAATTTGTTACCACGTTTTTACGATGTGTCAGCTGGAGAGATTACAATTGACGGTGAAAATATTAAACGATTTACTTTACCGTCTTTACGAGCACAAATCGGTGTCGTGCAACAAGATGTCTTTTTGTTTTCCGGTACAGTTCGCGAAAATATTGCGTACGGAAAATTAGACGCTAGCGATGAAGAAATCGAGCATGTCGTGAAACTTGCCCATCTTTCCAAGGTAGTAGAAGAAATGCCAGATGGTCTTGACACCATCATTGGTGAGCGCGGAGTCAAACTTTCTGGGGGACAAAAACAACGGTTAGCTATTGCGCGAATGTTTTTGAAGAACCCACCGATTTTAATTTTAGATGAAGCGACGTCAGCACTTGATACGGAAACAGAGCAAGTGATTCAAGCCTCGCTAGAAGAGTTAGCGGAAGGAAGAACGACTTTAATTATCGCGCACAGACTCGCAACGATTAAGCATGCCGATCGAATTATCGTTGTAAATGAAACGGGCATCGCAGAAACTGGGACGCATAATGAGCTTTTAGCGCAAGATAATGGTGCCTATAAGCGATTATATGATGCTCAGTTTAATACGATTTAACGAGTAAAAACTTTCGGGTTTTAGGAAATATTTTACTAAAAGGAAAGCAGGAATTATTTGGGAACCCCAAGATAATTCCTGCTTTTTTGTTTTCTGCATGATAACAAGTGTTAATGACGGAAATAGAATTTCTGTTTTATATTTTTAGCAGCGCAAAAGGGGAAATAAAGCATTTGGACAGCAGAGGTGATTGCTTTAGAAAAATTGATAGACTTTATATGGAAACGTTTGCGTAATAATGCTCATCGCATTCTAAATTTGGAATGAAAATTACACTTGAAAGGAAATTTATAATGTCATTATTCAGTTTAAAAAGAAAGAACCATTTTGTTCCACTAGAAATTCAAAGGCAACAATGGTTCAAACACTTTATCGTTGCATTTATGTCTGTATTTATTTGTTATCTAACAGTCTATCTTCTAAGGAATAACTTTAAAGCAGCTCAGACATTGTTAATTGAGCAGAACCATTTCAGCACCACAGAACTAGGAATGATTGGTTTAGCTTTTTCTGTTATGTACGGAATTGGAAAAACGATTTTAGGGTATGCCGTGGATGGAAGAAATGCTAAAAAAATAATGAGTTTTTTATTAGGGATTTCCGCCATTATATCAATTATTATTGGAATACTTTTAGTTACAAAGCAAGCAACAGTGGGTATATTGTTTATCCTTTGGGGAGCAAATGGATTTGTGCAATCACCAGGTGGACCGGCTTCCTATTCAACTATCACACGATGGACGCCAAAATTGAAAAGAGGAAGATGGTTAGGCTTTTGGAATGCCTCGCATAATATAGGTGGTGCTTTAGCGGGAATTGTTGCTTTTTGGGGTGCGACTACTTTCTTTAATGGCGGGGCAGGGGGAATGTTTATCGTTCCGGGTATCATTGCGATCATCATTGCAATTATTTGCTTCTCCGTGGGGCATGATGAACCAGAAGAATTAGGATGGAACTCTGCCGCTGAAATTTTTGATGAGCGAGAAGAACAAGGAGAATCGGAGACAAAAGACCTTTCTAGATTTCAAATTTTGTGTCGATTTGTTATTAATAATCCTTGGGTATGGACTTTATGTGTCATAAATATATTCATCTATATTGTTAGAATTGGTATTGATAATTGGGCGCCCGTTTATTGTATTCAAGCGCTAGGATGGAGCACAAAAGATGCAATTATGACTATTTCTTTTTTTGAAATTGGAGCATTGCTAGGTTCATTATCGTGGGGCTGGCTCTCAGATATTATGAAAGGCCGCCGTATGCTTTGCTCGATTATTGCAGTTGTCATTGAATTTTTCATGTTAATTAGTTACTCGCAAGTTACAAGTGTTTATAGCATGTATACGGTATTATTTATTTTAGGATTCTTAGTATTTGGCCCCCAACTTTTAATTGGCGTGTCGGTGATAGAGTTTGTTCCTAGAAATGCTTTAGCTGTAACAAATGGCTTAACTGGAACGTTTGCATACTTATTCGGAGATTCTTTTGCTAAAGTCTTTCTAGGATATATCGCAGACCCAACAAAAGCGGGTATACAAATATTTGGCTATACTTTACACGGCTGGGGCGCAACTTTTACCATTATGTTTACAGCTTTAATTATTGCAGGCTTAATGATGATTCCAGTTGCATTAAAACAAGAGAAAATCATCCGACAAGCAAAAGTTTTACATCTATAAGTTGAAAAGTAATGAGTGAAGATAAACTAATTACTAAAAAGGTATCCTAATTAATAGTATAAGGATACCTTTTTCATTACAAAATGGTTTGTTAAATACGAAAAACATTATTTTGCTAAAGAAGTCTTTTTATAAAGAATAAAAATTGCAACAGTGATTAAAAGGACACCCATAATAGCAGGAGCAGCATGGCCAAGCGTAATATAAAGTTGCCCACCGATAACGGGTCCGATAATACGCGCCACCGACTGAATGGCTTGGCTACCTCCTTGAATCCGACCTTGTTCGCTAGCGCTAGCAGATTTTGAAACCATGCCGTTAAACGAAGGTCCGAAAATCGAGTCGCCAAAACCGAAAACGAACATCCCGATAACAAGTAGCGGCGAAAGTGTGAAAATCGAGGAAGCTGCAATAAGCAAATAGCCAATAATCTCAGCAATCATCCCCAAAATAGCTATTTGTTTGTCCGTTAACTTGAGTAGTAATTTTGGCATAACAAAAGCTTGCGACAAGATATCTTGAATTCCCATAATGGAAAACATCATCCCAATTAAAGCTGGCTTCCAACTGAAACTATCAATGGCGAATTGAGACATGACAGCTTGCAAGGAACCATTAGGAACCCAAATGAAAAATGCAGCAATCAGTAAACGTCCTAAGTTTTTGATGGTCAGAATATTAAGCAGCTGGGAAAACGGATTGAGTCGCATTAGCGGAATTCGTTTTAAACGATTTGCTTCTTCTAAACTCTCAGGCATGTAGAAATAACCGAATAAAAAGTTGATGAAAGTAATCGCTGCTCCAAAGAAAAATGGCATTGCGTAACCAAAGTGGGCAAGCAATCCACCGAAAGCCGGACCAAGCGCAGCACCCGCACCAGCTGCAGCGCTAACCCAACCAAAGT
NZ_CP092060.1_gap21	911089	913978	2889	TGCTTGTAGTATAGCTGTTTTTTGTGTCCGGTTCAACTATTTATTGCCTTTCGTAGCTAAAAGGGGAACTTGAAAGCGCTGTTTGTTAAGAGTGTGTAAATTTCCAGTGTTATCAATATTATTTCACTGTTAAGATTTGTTATACTTAACACATAAACTGTTTGGAAGGGGCTGACATGATTGGAGATATACCGCAAAAGCGCGGCAGAAACATTTACACAACTAGAAGCAACAGAACAAGGCTTAACAACTAGTGAGGTAACAAAACGACAAGAAAAATACGGTTTTAACGAACTGAAGAATAAAAAGAAAGATCCACTTTGGAAACTTTTCCTGGAAACATTTAAAGATCCAATGGTTATTGTTTTAGTCATTGCTGCCTTAGTGCAGTTGGTTTTAGGCGAAGTGGTTGAATCGCTTATTATCTTTTTAGTACTTATTGTCAACTCGATTATTAGCGTAGTTCAGACGAGGAAAGCAGAAAGTTCGCTTGATGCATTACGAGAAATGTCTGCGCCGGTTGCCAAAGTAATTCGTGATGGCTCTAAGCAAAGTATTCATGCGCGCGAACTTGTTCCGGGTGACGTCGTTATTTTGGATGCAGGTGATTTCGTCCCAGCAGACGGCCGTTTGTTCGAAAGCGGCTCTTTAAAAATCGACGAAGGGATGCTTACTGGTGAATCGGAAGCGGTTGAGAAATATATTGATACCATTCCAGATGAAGTGGGACTTGGCGATCGTGTGAATATGGTTTTCAGCGGTTCCCTCGTTGTATATGGTCGCGGGATGTTTGTTGTAACAGGCACAGCGAGCGAAACAGAAATCGGAAAAATCGCCGGACTTCTTGAAACAGCAGAAGCAAAACAAACACCACTACAAAGAAAACTAGAATCATTCAGTAAAAAGCTAGGACTCGGTATTTTAGCTCTCTGTGTACTTATTTTTGCAGTTGAAGCTGGTCGCGTATTACTCGGCGACAATTCAGCGGATATGGCAACGGCGATTTTAAATGCCTTTATGTTTGCTGTGGCCGTAGCTGTAGCAGCGATTCCGGAAGCACTTTCTTCTATTGTAACGATTGTACTTGCAGTTGGAACAAACAAAATGGCAAAGCAGCACGCGATTATTAGAAAGCTTCCAGCAGTTGAAACACTAGGCTCCACAAGCGTTATTTGTACAGACAAAACCGGAACGTTAACGCAAAATAAAATGACGGTCGTCGATTACTATTTACCCGATGGCACAAAAGAAAATTTCCCGGAAAGTCCAGAAAATTGGTCAGAAGGGGAACGCCGTTTGATTCATATTGCGGTACTTTGTAACGATTCAAATATTAACAGTGAGGGCAAGGAGTTAGGCGACCCGACCGAAGTGGCGCTAATTGCCTTTAGTAATAAAAATAATCAAGATTACAATGAAATTCGCGAAAAATTCATTCGTGAAGGCGAAATTCCCTTTGATTCAGATCGTAAGTTAATGTCTACGCTTCATACCTTTAATGAAAACAAGGCAATGCTAACAAAAGGCGGACCAGACGTGATGTTCGCGCGTTGCAGTTATGTTTTCCTTGATGGGGAAGAAAAGCCAATGACAGAAGAAATTTTAGCGAAATTAAAAGAAACAAATGAAGAATTTTCGAATCAGGCGCTCCGGGTCCTTGCTTACGGCTACAAACGGATGCCTGCTGATACAACTGAATTAAAATTAGAAGATGAGCAAGATATCGTTCTAGTTGGCTTAACTGCAATGATTGATCCGCCACGTGAAGCCGTGTATGCATCGATTGAAGAGTCCAAAAAAGCTGGCATTCGTACAGTCATGATCACCGGTGACCATAAAACAACGGCACAAGCAATCGGCCGTGACATTGGTTTAATGGATGCCGATGATATCGCATTAACAGGCCAAGAACTAGACGCAATGCCAGAAGAAGAACTCGACAAAAAACTAGAACATATCGCAGTCTACGCCCGAGTTTCACCAGAAAATAAAATCCGTATCGTCAAAGCTTGGCAGAAAAAAGGCAAAATCACAGCAATGACTGGCGACGGTGTCAATGATGCACCCGCTTTAAAACAAGCCGATATTGGTGTCGCAATGGGTAGCGGAACCGACGTTGCGAAAGACTCTGCCGCGATGATTCTGACCGATGATAATTTCGTTTCGATTGTGGATGCGGTTGGCGTTGGTAGAACCGTTTTTGACAATATTAAGAAATCAATTGCTTATCTATTTGCAGGAAACCTAGGTGCGATTATTGCGATTTTATTCGCGCTAGTGCTGGACTGGATTAACCCGTTCACTGCGTTACAATTACTATTTATCAACTTAGTCAATGACTCCTTACCAGCAATCGCACTAGGTATGGAAAAAGCAGAACCTGACGTAATGAAACGCAAACCGAGAGATATTAACGAAGGCATTTTTGCTGGTGGAACGATGCGCGCCGTTATCAGCCGCGGTGTATTAATCGGTATCGCTGTTATCATCTCACAATATATCGGGTTGCAAATTTCACCAGAGATGAGTGTTGCAATGGCATTTACTACGCTTATCCTAGCACGTACATTACAAACATTTGCAGCTCGCTCGAATGTCCAAACCGCATTTGGCGCAGGATTCTTCAGTAACAAATACGTAATCGGTGCGGTATTACTTTGTTTCGTCCTATACGGAATTACAGTATTACCAGGAGCTCGAGAAATTTTCTCAATCCCAGCATCATTTGGCCTACATGAATGGTCGATAGCAGCGGGGCTAGCACTTGCAGCAGTTGTGATGATGGAGATTATTAAATTAGTTCAGAATAAGTTTTTCAAATAAATTATATAAACACAGAAATCACTCGTTTTGCGGAGGATTTCTGTGTTTTTTCTTTCTATCCAAAAT
NZ_CP092060.1_gap22	915795	918368	2573	ATGATGGAGAAGTATTCGAAACCGATGCATTAACTAACAATACTAATGATTTAACTACTTTAGCTCCTCTAGATACTTGTAAAGTAGTTGATACTTCCAATAATAAAATGAATTTATTTTCAGCAAATGGAACAATCAACCCGGATAACGAAACTTGGGCTGGTAGTATCCAAATCGATAATAAAAGAACATCTGGTGTGAAGAAAAATCAAATGTATCACATTGAATTTGATCCTAACTGGGAAGCCTACATGGTCAATATCCCTTTTGATAGCACCATTTCAGAAAATAAAATAACTGATGTTCAATATAAAACAAATTTAAACGACACATTCCGAACGTATGAAGGAGCGCTCACTAAAAATAATAACCAAATGTATCGCTTAGATGCAAACGCAGTGGAGCTTCAAGAAGGTGAGTATTTCACAGAAGTGAAAGCGAATGTGGGAGACTTTTCACCTGGATATCAGAATACAGAAGCTTCGGCTACCTATCGTTGGAACTCAACTGTTTCGTACGGAAAAGTTAAGCCAGGAATTACATCAGTTCAATATAAAGGTTCCATTTGGGATGCTGATGATGAGGCCGAAACAAAATCTTCTGCGACATCAACTTATAGTGTTTTAAATACAGAAAGTACCGCAGCAAATGGTACGGCTGCTTTCTACGATAAAGCTGGTAATGTAGTAAAAACAGCTAGTCCAGGAGAAACCATTAAAACAAAAGCAACATTACTTTTATCAGACTATCCTTATGGGACTAGAACTGTACTCAATAATCCAGAAGTATATTTACGTGCTTTAGAAGGTACAAAAGTTCTGCCTTCTTCTATTAAACTGACAGACCAAGATGGGAAAGATGTTAATTTCTCCATTCAGCAGGAAACGGCAAATAATGGAGATAAGGTTTATGTATTAAAGACAACGGATGTTTCCGTAGGGGCATTTACGGGATACCCGGCTAAGAGTAAATTTCTAAATATCAGTTACGACACAACATTTGATGTAACATTAGCTAAGAGTATCAATATGGATGCACAAGAAGTCCTTGCATGGGGCGGCCCCAATGTTGCTTCCGCAATTGCCAATAATAACTTTTCAGATGTAGGTCTAGATGTTAATAAAAATGGCAAAGACAATGAAAAATTACTTTCTGTTAACAGTAGTACTTTAAGTGTTCCAAAACAAGACACCGTTGCAGTGGAAACTTTCTTGAGCATAGCTGGAGAAGGAGAAAAAGCAGCTTATACTGAAGGCGATGATAGTACAGTTTCTTACTTCACACCAGGAACAGATGCTGAATACACAGTTCAAATCACTAACGCATCTAATGGGGAAGCAACCACTTTTGAACTTTATATTCCAATCCCAAAAACTGGTCAAAACTTCGGAGAAAAATTCCAAAGTGAAGCATTTAAGTGGGACATGAAGTTAAATAGCGCACTTGCAATTAATGACGAACAGAAAAATCAATTTGAAGTGAGCTATGCAACGCAAGCCAATGAAAATAATTATGACTCAACTAGTATTTATACAGAGACAGTGTCAGATTATGAAAAAGTAAATATGGTTCGAATTAAAGTAAAAACGCAAATTAATGCTGGAGAAGCACAAACTTTCAAAGTTCCACTTAAAGTAGACGAAACTTTTGATTCTGCGACGGAAGGGAATAAGATTGGTGAACGTGATGTTTACAATCCTTTCTACCGAGTAATAACCAATACTTTCTCTGGTTCATTATCAGGAACAAAAGTAGGGGCTGAACTTGTCATTGGCGAAGTTTCGGGAACATTATTTAATGACAAAGATGTTAACGGGATTTATGAAAAAGCAAAAGGTGATGAACCATTAGCTAATGAAACAGTGGAGCTTTATAAGTGGAATGATGCAACCTCTAATTATGAACCTGCTAAGAAAGCGGGAGAAAATGTAACTACTAAAACTAATAGTGATGGGAAATACAGCTTTGATTACAATTCTGGTGTAGGCTATGGTAATTATGCTGTGAAATTCCCAGACAAAGCAGGTTATCAATTTACGTTGAAAAATGTAGGAAAAGATGTCACATTAGACAGTGATGTACCATACAGCGGTGCAGAAAAAGGTTGGAATAAAGAAATTGATCCAACACAACCAAACGCACAATATATCAATGCGGGATACTATGCTTATAATCCTACGCAAGATTTAAAAGTTAACTTAAATGAAAAACAAGTTCAAATGGGTCGCAGCTTAGAAATCACTTTACCAAAAGTAGCTTCAACCACTGGACAAGCTGCCGAAGATACCATTGAACCAAGCTTCTTTAAGAATATTAAAGCAGCAACAAATGGCTACAAATGGACTGTTGCAGATACCAATGTAGCGACAGTACAAACGTTAGCTGATGGATCAGCTGCTGTCGTAGGTGTTTCCACAAACAATAAAACGATTGACGTAACGGATTTAACGATTACAATTCAAGATATTTTTGGTACAGAACAAAGCTCCACAGCTCCAGTATATGTTACTGGAACCGAGGGACAGGTTGCGCAACAAGACGGTTACACTATGGGTGCGACTGACTTTTCGATG
NZ_CP092060.1_gap23	924227	927433	3206	AAAAGCAATTGCAAAAGACCAAAATTTTAAATATGAAATTAAAGCAATGGGATTCAATGCAGCGGTACAAGCACTAGAAGCTAACCAAGTAGACGGTGTTATCGCTGGGATGAGTATTACAGACGAACGTAAGCAAAAGTTTGATTTCTCCGATCCATACTTTGATTCTGGTGTCGTTATGGGGATTTTGAAAGATAACGACGAAATCAAAACTTACGACGACTTAAAAGGAAAAAAAGTAGCTGTTAAAACAGGTACAGAAGGTTACGCCTTCGCAGAAAAAATCAAAGATAAATACGACTTTGATATTGTTGTGTTTGACGACTCAGCTCAAATGTATGACGATGTTAAAACAAGAAATTCTGTAGCATGTTTTGATGATTATCCCGTACTAGCTTACGGCGTTCAAACAGGTAACGGTTTAAAAATTGTTACTGAGAAAGAAAAAGGAAACTCCTATGGTTTTGCTGTCAACAAAGGCAAAAATCAAGAACTTTTAGAGAAATTCAATGCTGGATTAGTTAATATTAAAGCAAGCGGCGAATATGATAAAATTTTAGAAAACTACTTAGGTAAAAATGCGATTAAAGAAAATACAACTGAAAAAGGCTTTATGGGAATTATTAAATCTTCTTGGCCAGCACTATTATCCGGTTTGTGGTTGACGATTAGATTAGCCGTAGTTTCGCTAATAATCGCCTTCATTATTGGGATTACATTCGGATTTATGAAAGTGAGCAATAGCAAAATCTTGCGCGGGATTGCGACTGTTTATGTCGATATCTTCCGTGGAACACCATTAATTGTACAAGCATTCTTCTTCTACTTTGGTATTCCAGCAGCACTTGATTTCAGGATGCCTGTATTCTTAGCCGGGGTTATCGCGCTAAGCTTGAACGCCGGTGCCTACATGGTCGAAATCGTTCGCGGTGGTATTCAATCAGTCGACAAAGGACAAATGGAAGCAGCAAGAAGTCTTGGTTTACCACATAAAAAAGCTATGATGAAAGTTGTTCTACCGCAAGCAATTCGAATGATGATTCCATCCTTTATTAACCAATTTGTTATCACGCTTAAAGATACATCAATTATGTCGGCCATTGGACTCGTCGAACTAACACAATCGGGTAAAATCATTATGGCGCGTACATTCGAAAGTACTTGGACATGGCTAATCATCGGAATTATGTACCTTATCGTTATTACCATTTTAACGAAAATATCCGATCGTTTAGAAAGGAGATTACGAAATGACTAAACTTAAAGTAACTGGACTGAAAAAGAGTTTTGGCGCAAATGAAGTCTTAAAAGGCATTGATATAGAAGTAAAAGAAGGCGAAGTAGTTTGTGTCATCGGACCTTCTGGATCTGGTAAAAGTACATTTCTTCGTTGTATGAATAACTTGGAAGAAATTACTGCTGGCGAAGTAGTGGTCGATGATTTTAATATTACGGATAAAAAAGTGGACATCAATAAAGTTCGCGAAAATATCGGCATGGTTTTCCAACATTTTAATCTTTTCCCGCATTTGTCTGTTTTAGAAAATATCACATTAGCACCTGTTGAATTGAAAAAAATGGATAAAGAAGCCGCGAAAAGTAATGCTTTACGTTTATTAGAACAAGTTGGCTTACGAGAAAAAGCAGAAGAATTTCCTAATCAACTGTCTGGTGGACAAAAACAACGGGTGGCGATTGCGAGAGCACTTGCAATGGATCCTGATATTATGTTGTTCGATGAGCCAACGTCAGCGCTTGATCCAGAAATGGTAGGGGAAGTTTTAGGCGTTATGAAAGAATTAGCTAAAGGCGGCATGACGATGATGATTGTTACACACGAAATGGGTTTTGCTCGTGAAGTTGGCGACCGAGTTATCTTTATGGATGGTGGCTATATTGTTGAAGAAGGCAAGCCGGCTGATATTTTTGATAACCCAACCAACGAAAGAACGATTAGTTTCTTAGATAAAGTATTATAAACAAAAAGCAAGATGACTCTGGAATTTCCAAAAGCATCTTGCTTTTTTTTACTTTAAATTAGGACTTTTTCTGTTTTTCGATTGTTGTTCATAGGAATACCCCATATTTAATAAGGTTGTATCACTATTTCTAGCTGTAATAAAAGTTAAACTAATCGGTTGATTTGTTTCTTCATCATAGCCAGCTGGGATAGTCAGTTCTGGGTTTCCTGCAATGGGTGCTAGAAACGTCACGGAACCTCCCATGCCAATTGTTACGACCGCATCCAGTTTATCTTTTTGAAGCATAGAGTCAAGTTCGTTTTGCGCCTCCTGAATCAAATTACTCGCCAAACTGTCTGCTTGTAGCTTCGTAGTTGTGCTTTGTTGTGATTTGACAAGTTCGGATTGGCCGTATTTCATATTTCTCGCTGGGTTGGTCTGATTAAATTGAATAATTGATTCTAACGTCGTCATAGGAGCGTTGTTCACATTCAAAAACTGATTCAAATCATGTTTAAAGTCAGCATTTAGTAATAAGGCATAATCAGTATCTAACTGTTCAAATTCACCTACTGCAACACCTTCAATGATAATAGCACCTGCTTTTTTCAAATCATATTTTATTTTTTTTATAACTGCTGTTTCTTCATTGCTTTCGCCATCCGCTAAAAGACCGATACGTTTACCTTGAAGAGAATCCGTAGAAAGCGGTGGATTGGAAGTAGTATTTATTAGAGCATTTGTCGTCAAATAGGCATCATTAACAGTTCTTGTTAGTGGTCCGGGTGTATCAAATCTGCTTGATAAGGGAATAATACCTTTGTTATTTATTAAACCTTGAGATGGCTTATACCCAACAGCAGATTGAGCAGACGCAGGTATAATAATCGAACCATTTGTTTCTGTACCGATTGCAATTGCTGCAAAATCACTTGTTGCTCCAGTAGCGGATCCAGAACTCGAACCAGAGGGATCCAAGTCCGACGAATAAGGATTTTTGCTTTGGCCTTTTTTACCTGAGTAGCCGTTTGGAAGTTCTTCGTCCATTCCAGCTGCCCACTCAGACATATTGGTTTTTCCGAGAATTAAAGCACCATTTGCTTTTAGATTTTCAACAATTGTAGCGTCCTCCCCGATTACCCAATCTTTTAAAGCAACAGTCCCAGCACTTGTGGGAAGTTCTTTTGTGCCGATGTTATCTTTTAAAAGGACTGGCATACCGTATAAAGCAGATTTGTTGGCTGA
NZ_CP092060.1_gap24	928653	932652	3999	GATGGAGTGATGAGTTTGGATAATAATCAAAAAGACTTGAATCAAGTAATTCGTCAGCTCAAAGAAAAAGGAATAGTAGTTGAAAAAACAAAATCACGAAAAGATATTTGGAAAGCGGTTAGTAATAAAGCGATGCCGAATATGACACTTCGATTGCAGTAAATCGAAAAGTGGAGTTTTTATGTGATATTTTGTGAGGCTTTGAAGTAAAATGACTCAAAGCAGCATGATTTACATATAAAATAACTTCACTTTTTTCTTTGTCATAAATTAGTCATTAAGTTTTGATGTTTCTGTTATCCTTTTTACGCAAAAATGTTGTATGATGGAATGGAAGGCTTTTGTCATAGAAGAAAATAGAAATAGAGTGAGGCATATACATGAAAAAAGAAGCGGTTAACCAACAATCTATTTATGTGCATATTGATCATGTTATTAATAATGTGGCGACAAGCGGCATTTCTTTTTGTGATTTCTTAAATGGCGTGGGACAGCCCCCTGAAAATATTTTGTTAATTAAGCATAATATTGAAGACGCATCCTACAATGCACACACAGCTTTTCACTACTTAGAGCCAGGCGATTTAGCAAATATTTCCAAAGAGAATTTTAATCCACTGTGTTGGATTGATTTTGAAGATGTAGAACTTTTGAACCAACTAACCCCACAAGAAGTAGCGGAAATGCTTTATCTTGCACATACTGGGCGTCATTTGCGCTCACCATTTTATTATAAATTACAAAATAATTTTGTTTACTTAACTAGGGAAGACGGTCGTTACAATAAAGTATATTATCGGAATCTTAATCATTTTTATATGTTACTAAGTTACGTCATTGCACGTAAAACGGCAGAACTAGTTAATGAGAAGGGTATTTTTTCGTTTGGTAAGAAAAAATATGTTGCGGAGCCGCCAGTTGAACTTTTGAAAAAAATGGCAGATCATTTTAAAGACGGTGCTTGTATTGCGCTCGATGATGTCGTGAGAACGCGCACACAAATCGAAGTACCAATTGGGCATGGACTCACAGAAGAAATGACAGAACTAGAAATCTCTTCTAAGATTTATTATGAAGAAGAAGTTGCAAAATTAGTGTATGATTTAAAACAAAATGAATGGAAATATATCGAAAAATAAAAAATCAAACTTTTTCCTTTACGTTTGGTTTTTTATTTGTTAAAATTTAACTAATGAACGTTAGTTAGGAGGGTGCTTTATGACGAAAAAGCTAATCAAAGAAGTCGCATTAACTCTTTTTGCAGAAAAAGGCTATGATGGAACAGCGCTTTCGGAAATCGCGAAAGCTGTTGGAATTAAAACACCATCGTTATATGCCCATTTTGCATCAAAAGAAGCCCTATTTTTAGAAGTTTATCAAGATAGTATTCAGATGGAATTAACAGAACTAGGGAAAGTAGCAGAGCGAGATGATTTGGTTGGGGAAAAGAAGCTACAATCTATTTTCTTTGTAGCGACAGATTTTTCTAGCAATCCTGATGAAAAGAAATTTTTCCAGCGTGCCGTCTTTTATCCACCTAAGTCGCTTTTTCAAGAATTAAAGGAAGAAACAAAGACATATGAACAACTGACGAATCGGATATTACGCGAAACGTTAGAAAAAATAGTATCCGAAGAAGCACTTGTAAGATGGATGCACGTTTTTTATGCACTTCTTGATGGACTGAGTGTGGAACACGGCATTTATGATGAAACGGAATTTGAGTTGCGAAGAAAATCTGCTTGGGCAGTTCTCGCAAGTTTACTCAAATGAATTGGAGGTAAGGAAATTGGCTTGGTTTTATTTAATTATGGCAGGATTATCAGAAATTGTTTGGGCTTTTGGACTAAAAGAATCGCATGGTTTCACGATGTTAGGGTGGAGCCTTTTGACGATAGCATTTTTGATAGTTAGTTTTGGTTTGTTTTCGATTTCCATGAAGTCCATTCCAATTGGGACGGCGTATGCGGTTTTTACTGGAATTGGGGCTGCTGGGACAGCGATTATTGGGATGATTTTCCTTTCAGAAGGTGTTTCTTTTTGGAAGATCGTTTCGCTTATCGTATTATTAACAGGGATTATTGGTTTGAAATTAGTGGACGGCAATGAGTCTGAAAAGGAGGCTAAATAACGATGGATTGGATATTTTTACTCGTAGCAGGTTTATGCGAAATGGTCTTCGTTGTCATGCTAAAATTATCAGATGGCTTTAAAAAGGTTGGATATGCGATACTGACGATTATTTTTATGTCTGCAAGTTTCTTTTTACTATCCCTCGCGCTTAAGACGATTCCAATCGGTACAGGTTATGCGATTTGGACCGGAATTGGTGCCGTTGGTAGTGTGACACTTGGAATGATTGTTTTTAAAGAACGTAAAAGTGTCGGCAAATTGCTCTTTATTACGATGATTATTGCCGGCGTGGTCGGTTTGAAATTAACATCTGGTGTTTAATATTTTAGGTTGAAAAAGTCCTTTTTGGAATAAGCGTGCACGGTTCTTATTTAAAAAAGAAGATTTTTTCAACCTATTTTTTAGTTATACCTTTTCATCCTGTCAAAACATGGTAAAATAGATAAAGCGAATAATGACGGAGGGGTATTATGAAAACCAAATTAATTTTGTTATACGGTGGGAAATCTGCTGAACACGAAGTTTCCTTACAAACAGCATTTTCAGTTATCAATGCTTTGGATTTAGAAAAATTCGAAGCTGCGCCAATATATATTACGAATGAAGGTGAGTGGATTCAAGGACCACTTCTTTCTGGGAAGTTAGATTTTGTTGAACAATTACGTTTTTCGGCTACAGATACAATAAAACTTGCAACAACTGAATCAGAAAAATCAGAAGGGGAAGCGATTAGCCCGGCCGTTTTAGAAGCAGACGGACAAGAGACAGTCGTATTCCCGCTTTTACATGGTCCAAACGGAGAAGATGGCACTGTTCAAGGATTGTTCGAAGTATTAAACATTCCATATGTTGGTAACGGGGTCTTGGCATCTTCTGCTGCAATGGACAAAATCGTGATGAAGAAAATCTTTGCAGATGCTGGAATCCCGCAAGTTCCAGCAGTTGCTGTTCGATTAATTGATTGGAAGAACTATCAAGCGGAAATGGTTGCGGAGATGGAAGAAGTACTTACCTATCCAGTTTTCGTAAAACCAGCAAACCTTGGTTCGAGTGTTGGTATTAGTAAGGCAACGAACAAAAAAGAATTAGCGGACGCAATGACAGAAGCATTTTTATATGACCGTCGTGTGGTTGTTGAACAAGGTGTTGTTGCGCGCGAAATCGAAATGGGCGTACTTGGAAATGATACGCCAGTTTGCTCTGTTCCGGGTGAAATTTTGCCAGAAGGTGCAGTTGCTACGTTTTACGATTACAAAGCAAAATACCAGGATAATAATACTGCGTTAATTATTCCGACTGAAGTAGATCCGGAAATCTTGGAACAAATGAAAGAATATGCGGTTCAAGCATTCCTAGGGCTTGATGCAAGCGGACTAGTGCGAGCGGACTTTTTCTTAACGGAAGATAATCAGTTATTCTTAAATGAAGTGAATACAATGCCTGGTTTCACACCGTACAGCATGTATCCTCTTCTTTGGCAGGAAACGGGCTTACCTTACGGAGCGTTAATTGAACGATTAGTCGATTTAGCGAAAGAACGCCACGCAGCCAAAAATGCACTTAAATATAAATTAGAAGACTAAAATAAACAAGAAAGCAGTTTTCATATGCGGAAGCTGCTTTTTTATGGAAGAGAGAGATTTAATTTGAAAAAAACAGTAGGCGAAGTAGTAGCAATGTTAGATAGTTCCATCCATGTAGATGCATTTCGCGATGTCGTCATTACTGGCGTTTGTTTTGATACAAGGCAAATAAAGTCAGGGGATTTATTTGTTCCATTTGTTGGGAATGTACGCGATGGACATGAATTTGTGAGTCAAGCGCGAGAAATGGGTGCAGTGGCTACTTTCTGGCAAAAAGATGTAC
NZ_CP092060.1_gap25	1117085	1121747	4662	TGGTTAATAGGAATTTAGAAAAAAGCTTCCGGAATCTGCTTCTTTCTATAGAATGACTTTTCTTTTTACTACGCTATTATAATTAATACACAATCAGGATGGCAGTTTTAAAAGAATCCATTTAGATGGGTAAATGACCGGACGAGCGTTACATAAAACGCATACCTAACTAATGAAGAATTTGAAACTGTACAATGTGAATGACGAAAGGGTGGATACGAAATGGCTTCTAAAACAAAGAAGGCTATTATCGACGTAAAGAAACAATTTGAGGCTGTTCATAAACAATTTGAATTAGTTCAAATTTTGAATGAAAAAGGAGAAATCGTTAATCCAGATTTAATGCCGGATTTAACTGATGACGAGTTAGTAGAATTAATGACTCGCATGGTTTGGACTCGTGTACTTGACCAACGTTCTATCTCACTTAACCGTCAAGGACGTCTAGGTTTCTACGCTCCAACTGCTGGACAAGAAGCTTCCCAACTTGCAAGCCACTACGCACTTGAAAAACATGACTATATTCTTCCGGGTTACCGTGATGTGCCACAACTTATCTGGCACGGACTTCCACTTACAAAAGCGTTCTTGTTCTCTCGTGGACACTTTGTAGGTAACCAATTCCCTGAAGATTTAAATGTATTATCACCACAAATCATCATCGGTGCACAAATCGTGCAAGCTGCCGGTGTTGCTCTAGGTCTTAAAAAACGTAAAAAAGACGCTGTTGTAATCACTTATACAGGTGATGGTGGTTCTTCCCAAGGTGACTTCTATGAAGGAATGAACTTTGCAGGTGCTTACCATGCTCCAGCAATCTTCGTAGTACAAAATAACAAATTCGCGATTTCTACACCTCGTGAAAAACAATCAGCTGCTGAAACATTAGCTCAAAAAGCAGTTGCAGCCGGAATCCCAGGCGTACAAGTAGACGGAATGGATCCACTTGCAGTATATGCTGTAACTAAATTCGCTCGTGAACGTGCAGTTGCTGGTGAAGGCCCAACATTAATCGAAACAATGACTTACCGTTATGGTCCACATACACTTTCCGGTGATGATCCAACTCGTTACCGTACAAAAGAACTTGACGGAGAATGGGAACTTAAAGACCCAATCGTTCGCTTCCGTACTTTCTTAGAAGGTAAAGGCCTTTGGAACGAAGAAAAAGAAAATGCTGTTATCGATCAAGCAAAAGAAGAAATCAAAGTAGCAATTAAAGAAGCAGATGCTACACCAAAACAAACTGTAACTGATCTTCTTAAAAATATGTACGAAACACCAACTGCTCCTATCAAAGAGCAACTGGCAATCTATGAAGCGAAGGAGTCGAAATAATCATGGCGCAAAAAACAATGATTCAAGCGATTACAGATGCGCTTGCAGTAGAACTTGAAAAAGACGAAAACGTATTAGTTTTTGGGGAAGACGTTGGTAAAAACGGCGGAGTATTCCGTGCAACAGAAGGATTACAAGAAAAATTTGGCGAAGATCGTGTATTCGATACTCCTCTAGCAGAATCTGGTATCGGTGGTCTTGCGATTGGTCTTGCACTTGAAGGTTTCCGTCCAGTTCCAGAAATTCAATTCTTCGGTTTCGTATTTGAAGTAATGGATTCCGTTGCTGGTCAAATGGCTCGTATGCGTTATCGTACAGGCGGAACTCGTACTGCTCCAATTACAATTCGCGCACCTTTTGGTGGTGGAGTTCATACACCAGAAATGCATGCGGATAACTTAGAAGGATTAATGGCTCAATCACCTGGTTTAAAAGTGGTAATTCCATCCACTCCATATGATGCAAAAGGTCTTTTAATCTCAGCTATTCGTGATAACGATCCAGTTATCTTCTTAGAACATATGAAATTATACCGTTCTTTCCGTGAAGAAGTTCCAGAAGGCGAATACACAGTAGAAATTGGTAAAGCAGCTGTTCGTCGTGAAGGTACGGATGTTTCTATCATCACTTACGGTGCAATGGTACAAGAATCAATGAAAGCAGCAGAAGCGCTTGAAAAAGATGGCGTATCTGTAGAAGTTATCGATTTACGTACAATTAGCCCAATTGATGTGGAAACAATCATTGCTTCCGTTAAGAAAACAAATCGTGCTGTAGTAGTTCAAGAAGCACAAAAACAAGCAGGTATTGCTGCTAATGTCGTTGCAGAAATTAACGATCATGCAATCCTTTCTCTAGAAGCACCAGTTATGCGTGTTGCTGCTCCAGATAGCGTATTCCCGTTCTCTCAAGCAGAAACAGTTTGGTTACCTAACCACAACGATATCATCGAACGTGTAAAAGAAGTTATTGCATTTTAATTTATAATGACCGTTTTAAAACTTATGGGGAGTTTTAGAAGGGGAAAGAAATATTTTTATACTAAAGTTCAGTTTATCTGAACCTTAGAAATTACAGGAGGCTTAATAAAATGGCATATTCATTTAAATTACCGGATATCGGTGAAGGTATCCATGAAGGTGAAATCGTTAAATGGTTTGTACAACCAGGCGATAAGATTGAAGAAGATGAATCCCTATTTGAAGTACAAAACGACAAATCAGTGGAAGAAATCACTTCTCCAGTTTCAGGAACGATTAAAGAAATCAAAGTTGCAGAAGGTACAGTTGCTACAGTTGGACAAGTACTAGTAACATTTGATGGCGTAGAAGGTCACGAAGACGACGCCGAAGAAGAAAGCGCAGCACCAAAAGCAGAATCCACAGAATCAACTCCTGCACCCGCACAAGCTAGCGGAAAAGGAATTTTTGAATTCAAATTACCAGATATTGGTGAAGGAATTCATGAAGGTGAAATTGTTAAATGGTTTATTCAACCGGGCGATAAAGTAGAAGAAGATCAGTCCATTTTTGAAGTACAAAACGACAAATCTGTCGAAGAAATTACTTCTCCAGTAGATGGAACTGTTAAAGATATTTTAGTTAGCGAAGGAACAGTAGCAACAGTTGGTCAAGTATTAGTAACATTCGAAGGCGATTTTGAAGGAGAAGCTAGTCATGAATCTACTCCAGAATCTCCAGCAGAAGAAGCTGAACTTACAAACAACGATGCAACTTCCGCTCCAGTTACAGGTGGAAACGGAACGCCATCATCTAAAAAAGATCCTAATGGCCTTGTAATTGCAATGCCTTCTGTACGTAAATATGCGCGTGAAAAAGGCGTTAATATCGCTGAAGTAGCAGGCTCTGGAAAAAATAACCGCGTAGTTAAAGCTGATATTGATGCTTTCCTAAACGGCGAACAACCAGCTGCATCAACAACTACTGCTCAAACAGAAGAAAAAGCAGCAGCACCAAAGGCAGAAAAAGCAGCAGCAAAACAACCAGTTGCAAGCTCCGATGCTTACCCAGAAACACGCGAAAAATTAACACCAACTCGTCGTGCGATTGCAAAAGCAATGGTAAATTCAAAACATACAGCTCCACACGTTACTTTAATGGACGAAATCGAAGTAACTGCACTTATGGCTCACCGCAAACGTTTCAAAGAAGTGGCTGCCGAAAAAGGTATCAAACTAACTTTCTTACCTTATATGGTGAAAGCTCTTGTTGCAACGCTTCGTGACTTCCCAGTGCTTAACACAACTTTAGATGATGCGACAGAAGAACTTGTTTACAAACATTACTTCAACGTTGGTATCGCAGCAGATACAGACCACGGTTTATATGTACCAGTAATTAAAAATGCTGATAAAAAATCCGTATTCCAAATTTCTGATGAAATCAACGAACTAGCTGGAAAAGCACGTGATGGTAAATTAACTGCTGACGAAATGCGCCACGGTTCCGCAACTATTTCTAATATCGGTTCTGCCGGCGGACAATGGTTCACTCCAGTAATTAATTACCCAGAAGTTGCTATTCTAGGTGTTGGTCGTATTGCTCAAAAACCTATCGTAAAAGATGGCGAAATTGTAGCAGCACCAGTACTTGCTCTTTCCTTGAGCTTTGACCACCGTGTAATTGACGGCGCAACTGCTCAAAAAGCAATGAACAATATTAAACGTTTATTAAACGATCCAGAATTATTACTAATGGAGGTGTAACAAAATGGTAGTAGGCGATTTTCCAGAAGAAAGAGACACCATAGTCATCGGTGCAGGCCCAGGTGGGTATGTAGCCGCAATCCGAGCTGCACAACTCGGACAAAAAGTTACCATTATTGAAAAAGAATATTACGGCGGTGTGTGCTTAAACGTGGGATGTATTCCTTCCAAAGCACTTATCACAATCGGTCACCGTTTTAAAGAAGCTGGACACTCTGATAACATGGGTATTACAGCAGACAACGTGAACTTAGATTTCACAAAAGCACAAGAATGGAAAGGCGGCGTAGTTAACAAGCTTACATCAGGTGTTAAAGGCCTTCTTAAGAAAAATAAAGTTGAAATGTTAGAAGGAGAAGCGTTCTTCGTGGATGATCATTCCTTACGTGTGATTCACCCTGACTCCGCTCAAACTTATACATTTAACAACGTAATCATTGCAACAGGATCTCGTCCAATCGAAATCCCAGGTTTCAAATATGGTAAACGTGTATTAAGCTCAACTGGTGCACTTGCACTAACAGAAGTTCCGAAAAAATTAGTCGTAATTGGCGGCGGATATATCGGAACAGAACTAGGTGGAGCATTCGCTAACCTTG
NZ_CP092060.1_gap26	1128089	1129896	1807	ACATCATGGATACACCTGGACACGCCGATTTCGGTGGAGAAGTAGAACGTATCATGAAAATGGTAGATGGTGTTCTTTTAGTAGTGGACGCGTATGAAGGTACTATGCCTCAAACACGTTTTGTACTAAAAAAAGCACTAGAACAAAACTTAACACCGATCGTTGTAGTAAACAAAATTGACCGTGATTTTGCTCGCCCAGAAGAAGTTGTTGATGAAGTATTAGAATTATTCATCGAATTAGGTGCGAACGACGATCAATTAGAATTCCCAGTTGTTTATGCTTCTGCAATCAACGGAACTTCAAGCTATGATTCTGATCCAGCAGAACAAAAAGAAACAATGAAACCACTTTTAGACACAATTATCGAACATATCCCGGCTCCAGTTGATAATAGCGACGAACCATTACAATTCCAAGTATCATTACTTGATTATAATGACTATGTTGGTCGTATCGGTATTGGCCGCGTATTCCGTGGAACAATGCACGTGGGACAAACAGTTGCTTTAATTAAACTTGATGGCACAGTAAAACAATTCCGTGTAACGAAAATGTTCGGTTTCTTCGGACTAAAACGTGACGAAATTAAAGAAGCAAAAGCGGGTGACTTAGTAGCACTTGCGGGAATGGAAGACATTTTCGTTGGTGAAACAGTAACACCTTTCGATCACCAAGAAGCACTTCCACTTTTACGTATTGATGAGCCAACATTGCAAATGACTTTTGTTACAAATAACAGTCCTTTCGCAGGCCGTGAAGGTAAACACGTAACAAGCCGTAAAATTGAAGAACGCTTACTTGCAGAACTTCAAACGGATGTATCTTTACGCGTTGAACCAACAGCTTCTCCAGACGCTTGGGTAGTTTCTGGTCGTGGTGAGCTTCATTTATCCATTCTGATCGAAACAATGCGTCGCGAAGGTTATGAATTACAAGTTTCTAAACCAGAAGTAATCATCCGTGAAATTGATGGCGTGAAATGTGAACCAGTAGAAGATGTTCAAATTGATACTCCAGAAGAATTCATGGGTTCTGTTATTGAATCTATTAGCCAACGTAAAGGCGAAATGAAAAACATGATTAACGACGGTAACGGCCAAGTTCGTTTACAATTCATGGTTCCAGCTCGTGGCTTAATCGGTTATACAACTGATTTCCTTTCAATGACTCGTGGTTATGGTATTATCAACCACACATTCGATAGCTACCAACCAATCCAAAAAGGACGCGTTGGCGGACGTAGTCGTGGTGTTCTTGTATCCATGGAAACAGGTAAATCTACTACTTACGGAACAATGCAAGTAGAAGACCGTGGTACTATTTTTATAGAACCTGGTACGGATATTTACGAAGGTATGATCGTTGGGGAAAACAATCGTGAAGGCGATATCGCTGTAAACATTGTGAAAGCAAAACAAATGACTAACATTCGTTCTGCTAACAAAGACCAAACAAACGTAATCAAAAAACCTCGTCATTTATCACTAGAAGAATCATTAGAATTCCTAAACGAAGATGAATACTGTGAAGTAACACCAGAATCCATCCGTTTACGTAAAAAAATCCTAAACAAAAACGAACGTGAAAAAGCAGCAAAACGTTCAAAAACTGCTGAATAATATATATTTGAATCGGCCAAATGGTTTTTAAGTGGTAGGAATATCCTTTAAAAACTATTTGGTTTTTTTATGCTTTAATTTGCTGGAAAAGGGAATAAAATAATGTGTTTGTAACACTATTGTAATATGAAAAGCTATTTGGTATATTAGAAGTAAGTAGAAAAGGTGGTTAGTATGATGAAAAA
NZ_CP092060.1_gap27	1133910	1137656	3746	CATGTAATGCGATTACTTCTGAACTACGTAACCGTATCTGTGATGCTGCAGTAAAATTAATGAAAAATGTTGATTACATTAATGCTGGAACAGTTGAATTTTTAGTGGAAGGCGATGATTTCTACTTTATCGAAGTAAATCCTCGTGTCCAAGTGGAGCATACAATTACTGAAATGATTACAGGGATTGATATTGTTCAATCACAACTATTCATTGCAGATGGTTACGCGCTTCACGACCAACTAGTAGCTATTCCTAAGCAAGAGGATATCCATATTCACGGTTCTGCTATTCAAAGCCGTATTACAACGGAAGATCCACTTAATAACTTTATGCCAGATACTGGTCGAGTAGATACGTATCGCTCTACAGGTGGGTTTGGAGTTCGGTTGGATGCTGGTAACGGCTTCCAAGGAACAGTAGTAACACCATTTTATGATTCCTTACTTGTAAAATTATGTACTTGGGGAATGACATTCGAACAAGCAACGCGCAAAATGCGTCGTAACTTAATTGAATTCCGTATCCGTGGTGTCAAAACGAACATTCCTTTCTTATTAAATGTTGTTCGTCATCCGGATTTTGCAAGTGGTAATTATAATACAAGCTTTATTGATACAACACCGGAACTATTTAAATTCCCACATATTCGCGACCGTGGTACAAAAACGTTGCGTTATATTGGTAATGTAACGGTTAATGGTTTCCCAGGAATTAAGCACCGTGATAAACCTGTATATGCAGAACCACGCTTGCCAAAAATTCCGTATGGTTCGCAAATCTCTCCAGGTACAAAACAAATTTTGGATGCAAAAGGTCCAGAAGGCGTTGTAGACTGGGTGAAAAAACAAGAAGAAGTGCTCTTAACAGACACTACACTTCGGGATGCGCACCAATCTTTACTTGCAACACGTGTTCGCTCGAAAGACATTTTCCAAATAGCAGATGCGATGGCTCATTTATTACCAAACATGTTTTCCTTTGAAATGTGGGGTGGCGCGACTTTTGACGTGGCATATCGTTTCCTAAATGAAGATCCTTGGGTGCGCCTAGAGACACTTAGAAAACAAATTCCAAACGTGATGTTCCAAATGTTACTTCGCGGAGCTAATGCAGTTGGGTATAAAAACTATCCTGACAATGTTATCCGTGAATTCGTTAAGCAATCAGCACAATCCGGTGTGGATGTATTCCGCGTGTTTGACAGCTTAAACTGGATCAAAGGCATGGAAGTGTCCATTGATGCTGTTCGTGAAGCAGGGAAGATCGTAGAGGCTGCTATCTGCTATACAGGAGATATCGATGATGACACAAGAACGAAATATACCATAGATTACTATAAAGATATGGCGAAAGAGCTCGTTGCTCAAGGCACGCATATCCTAGGAATCAAAGATATGGCTGGGCTTTTAAAACCACAAGCGGCATACCGTTTGATTGGCGAATTAAAAGATACAGTAGATGTTCCAATCCACCTTCACACGCATGACACAAGCGGCAACGGTATTTATACTTACGCAGCAGCTGTCAGTGCTGGCGTTGACATTGTGGACGTGGCATCAAGCGCAATGAGTGGGGCTACAAGCCAACCAAGTATGACTGGTCTTTATTACGGATTAGTGAATGGTAATCGTCAAACGAATTTAGACGCTCAAAATTCCCAAATCATTAATCATTACTGGGAAGATGTTCGTCACTATTACAAAGACTTTGACAATGCACTTAATTCACCTCAAACAGAAGTATACATTCATGAAATGCCAGGTGGTCAATATACTAACCTTCAACAACAAGCCATTGCAGTTGGACTTGGCGATCGTTGGGACGAAGTGAAAGAAATGTATACAGTGGTTAATCAAATGTTTGGTGATATCGTTAAAGTAACACCTTCTTCCAAAGTTGTTGGAGACTTAGCACTATTTATGGTTCAAAATGAATTATCCGAAGAAGATGTATACGAAAAAGGCGATACCATTGATTTCCCAGATTCCGTTATCGAATTCTTTATGGGGGAAATTGGTCAACCATACGGCGGCTTCCCAGAAAAACTTCAAAAACTAGTACTCAAAGGACGTACACCACTTACAGATCGTCCAGGCGCTTTAATGGAACCAGTTAACTTTGTTGAAGTCAAAGCAGAATTAAAAGAAAAAATGGGTTATGAACCAACTGAAAAAGATGTCATTTCCTATATTTTGTATCCAAAAGTGTTCCTAGATTATCAAGAAATGATTAATAAATATGGTGATGTAACAGTCCTTGATACACCAACATTCTATAAAGGAATGCGTTTAGGGGAAACAATCGAAGTAGAACTTGAAAAAGGAAAAATCCTTTTAATCAAGCTAAATTCTATTGGTGAACCAATTGCGGATGGCACACGTGTTATCTATTTTGAATTAAATGGACAACCACGTGAGATTAACATCCAAGATATGAACGTTCAATCCACTGTTATTGCACGCCGTAAGATTGATACAACTAACCCTGAACATGTTGGAGCTACAATGACAGGTTCAGTCATTCAAGTAGTTGTTAAAAAAGGCGACTCTGTGAAAAAAGGTGATCCACTACTAATCACAGAAGCAATGAAAATGGAAACAACGATTCAAGCGCCTTTCGATGGAGAAGTTAGCAGCATTTATGTTTCTGACGGCGATACTATCGAATCTGGTGATCTTTTAATTGAAGTAAACAGAATTTAAAAACATAAATGACTAACGGGTGGGAATATGACGCTAATTTAAAGTGAAGAACTTTAAAAATCGATAAGTTAAACGTGAGAATAAAGACGTTTTTCCAGATTTATTAGTGTTAGATTTCCCGCCTGTTTTTTCTGAAAAAAGGAGAACATACATATGAAATGGTTTAAAGGAATTGCCGTAGTTTTATTGCTTGCTATTTTAACTGCATGCGGGAATACGGAAGTAAAAGAGACAACAAAGCAAACAGAAGAAATCAAAGTGAAAGATGCAACTGGTGAAACAATTACACTGAAAAAAGCTCCAACTAAAATTGTTTCATTAATTCCAAGTAATACAGAAATTTTATTTGCACTAGGACTTGGTGATGAAGTAAAAGGAGTATCGGCATATGATGATTATCCAAAAGAAGCTCAGAAAATAGAGAAAGTGACTTCTACTTCAGTTGATACAGAAAAAATTATTGCTCTTAAGCCTGATTTAGTTCTTGGACACGAATCGATGCTTGCAACAGAAAAAGACGCTTATAAAATACTTACAGATGCGGGAATTAACGTGTTTGTAGTTCCAGACGCAACAAACTTAAAGGAAGTAGAAAAATCGATTGCTACCATTGGTGATCTAACAGGAACAGAAAAAGAAGCTACAAAAGTGACCGATTCAATGGAGAAACAAAAAGTAGCTATTGAAAAGAAAGCGAAAGAATTAAAAACATCCCCAAAAGTATGGATTGAAATTAGTCCAGACTTATACACAGCAGGAAAAGGAACATTTATGAATGAAATGTTAGAACTTGCTGGTGGAACTAATATTGTAACAGAATCAGGGTTCATTCCTTACAACGAAGAAAAAGTAGTAGAACTGCAACCGGATATCATTTTATCTGTCTATCCAGATGCCAAAGCAACTATCCAAAAACGTGCAGCATGGAAAGATATTCCAGCGGTTAAAAACGATAAAATCTATGAAATGGATGCCAATAAATTAAGTCGTCCAGGACCAAGATTGCTTGAAGGGGCAGCAGATATTCAGGCTGTTCTTGAA
NZ_CP092060.1_gap28	1200743	1203781	3038	GGACGCGGAGCCGGGTAGACAAAAAGATGAAGTTGTTATTGCGGTCGCGCCAGCTTTTGGTAAATATCAAACAAAAAATATTGTCGGTGTTCCACATAAACAAATTTTACGAGAAGTGATTGCAGGTATTGAAGAAGAAGGGTTAAAAGCACGTGTGGTTCGTGTATTCCGTTCTTCTGACGTAGCTTTCGTTGCAGTAGAAGGCGACAAATTAAGTGGTTCTGGCATTTGTATCGGCATTCAGTCGCGCGGTACAGCATTAATCCACCAAAAAGATTTACAACCACTTTCTAACTTAGAGCTATTCCCGCAAGCGCCATTAATTACGCTAGAAACATACCGAGCAATTGGTAAAAACGCGGCGAAATATGCCAAAGGTGAATCACCAAATCCAGTGCCAATGGTCAATGATCAAATGGCTCGTCCGAAATTCCAAGCCAAAGCAGCTTTACTTCATATCAAAGAAACAAAACATGTTGTTCAAGGGAAAAACGCAGTCGAATTACAAGTAAACTAATAGTGAGGTGAAAATGATGAATCAAGAAGCACTAGAAAATATGGTTAGAAATATTTTACAAGAAGTAAATAGTGGCGCAGTCTCCACAACAACTTCCCAAAAAGTGAGCGGAGATACACTGACAGTACGAGATTATCCACTCGGAACAAAACGTCCAGAACTTGTAAAAACATCGACATCAAAATCATTAGACGACATTACGTTGAAAAGTGTTCTAGATGGCACGATCAAACCGGAAGATGTTCGTGTAACAGCGGAAACGCTTAAAATGCAAGCACAAGTAGCAAGAGATGCCGGACGTGCAACACTCGCGAATAATTTCGAACGTGCAGCAGAGCTAACGATCGTTCCAGATGAACGCATTTTAGAAATTTATAATGCAATGCGTCCGTATCGTTCCTCAAGAGAAGAATTACTTGCAATTGCGGATGAATTAGAGAGTGTTTATCATGCAACTATCTGTTCTAATTATGTTCGTGAAGCAGCACAGCTTTATCAAGAGCGTAAGAAATTAAAAGGCGATAATTAAAATTCTCCTTTTGCTCGCGATTATGTAGGAAATGCGGTGAAATGAATGAAGTATATTGCAGGGATTGATATCGGGAATTCTACAACGGAAGTGGCACTTGCGATGGCAAACTATTCGAAGGAAGTAGCGTTTGTTGCTAGTGCTATTACGGACACAACCGGTATCAAAGGAACAAAACAAAATCTTCACGGGATTTTTAAAGCGTTGCGACTTGCTTTAGAGAAAGTAAATGCGACAACCGAGAACTTAGCCGAAATCCGTATCAATGAAGCGACACCAGTGATTGGCGATGTGGCAATGGAAACTATTACAGAAACAATCATTACTGAGTCTACAATGATTGGTCACAATCCTAAAACACCAGGGGGACTTGGTATGGGTTCAGGTGTGACGGTGCTGTTGGATGACGTTACATCTAAATCAAAAGATGAGGACTACATTGTGATTATCCCGAAAACAGTCGATTTTGAAGATGCAGCAAAGCAAATTAATACTTACGTCGAAAATGGCTATCAAATCACAGCTGCAATTCTTCAAGCAGATGATGGGGTTCTCGTGCATAACCGACTAAACCATAAGATTCCGATTGTCGATGAAGTTGGTTTTATTGATAAAGTGCCGGTCGATATGTTAGCAGCTGTCGAAGTTGCAGCTCCCGGAAAAGTCATTGAAACCATTTCTAACCCATATGGTATTGCGACAGTATTTCATTTGAATTCAGATGAAACGAAAAATATCATTCCTGTGGCACGAGCTTTAATTGGCAATCGTTCGGCGGTGGTGATTAAAACGCCAGAAGGTGATGTCAAAGCTCGAACAATACCAGCGGGGCATATCGAACTTCAATCAGGATCCAGAACGCAGCGTGTCAATGTCGCAGAAGGTTCTGAGAAAATCATGCAAGCCATTATGTCACTTCCAAAACTCGACAATGCTAGCGGAGAACCAGGAACAAATATCGGTGGCATGCTAGAAAAAGTGCGCCAAACGATGGCTGGGCTAACAGATAAATTACCAGCTGATATTTTTATTCAAGATTTGCTAGCTGTGGATACATTTGTTCCAGTAGACGTTCAAGGTGGGCTTGCAGGTGAGTTTTCCATGGAACAAGCGGTTGGTATTGCCTCCATGGTAAAAAGTGATCACTTGCAAATGGCAGCCATCGCCTCAGAAATCGAACAAGAACTGCAAGTAAGCGTCAAAATTGGTGGTGCAGAAGCAGAGGCTGCCATTCTCGGAGCGCTTACTACACCGGGAACTAATACTCCACTTGCCATTTTAGATTTAGGTGCTGGATCCACAGATGCCTCGATTATCAACGGAAAAGGAGAAATTATCGCAACTCATTTAGCCGGCGCTGGCGATATGGTAACGATGATTATCCAGTCAGAAATTGGCCTTGAAGACCGTTATTTAGCCGAAGATATTAAAAAATATCCGCTTGCTAAAGTTGAAAGTATTTTCCACATTCGGCATGAAGATGGCACAGTGCAATTTTTTGATACGCCGCTTTCTCCAACAGTTTTTGCCAAAGTGGTGATTGTAAAACCAGATGGCTTTGTGCCAATACCTGGGGATGTATCAATTGAAAAAATCAAGTTAATTCGCCGTTCAGCTAAGGAGCGTGTCTTTGTAACGAATACCATCCGCGCTTTAAAATATGTCAGCCCAACTGGGAATATTCGAGATATTCCATTTGTCGTAATTGTTGGAGGATCAGCCCTTGATTTTGAGATTCCACAATTAATTACCGATGCACTTTCTCATTATTCACTCGTTGCTGGCCGTGGGAATATTCGTGGTAAAGAAGGCCCTAGAAATGCAGTTGCAACAGGCTTAATTCTAGCTGGAGGTGCTAAGGCATGATTCCAGTTGTTAGTAAGCCAGCAATTTATTTTCATGCAGATGTAGACGCGAATCCAGACAGTATTAAACAAGTTTTATTTGGAATAGAAGAAGAAGGCATTCCATGTGAATTAGAAATTATGTCTT
NZ_CP092060.1_gap29	1208936	1213889	4953	AAAAACTAGAAAAAGTAGCTGTCACAGATAAAGGCGTAACAAACAAAAAACTAGTCGGAAAAAGTGCTTCAGAAATTTTAAAAGAAGCGGGGATTGTTTGTGATTTTTCACCACGTTTAATTATTGTGGAAACAGAAAAAACACATCCGTTTGCAACTGTAGAATTATTGATGCCGATTGTTCCTGTTGTAAGAGTTCCTAATTTTGACGAAGCGCTTGATGTCGCTATTGAGTTAGAGCAAGGCTTGCATCACACAGCTACGATGCATTCACAAAATATTTCTAGATTAAACAAAGCTGCACGAGATATGCAAACATCCATCTTTGTCAAAAATGGTCCTTCATTTGCGGGATTAGGCTTTAGAGGAGAAGGTAGCACTACTTTCACTATTGCAACGCCTACCGGAGAAGGAACCACTACAGCGCGCCATTTTGCTAGACGTCGCCGTTGTGTTTTAACAGATGGTTTTTCGATTCGTTAAGAGGAGGCAAACTGAATGAACAGCTTTCAAATTAAAACAAAAGTAGCTTTTGGTACGAATAGTTTACAAGTTTTAAAAGAAATTAAAAATAAAAATGTCTGGATTATCTGTGACCGTTTTTTGGCTGATGGGGAAGGGCTTCAAGGTTTAATTGGACAATTAGATACATCCAATAATGTGCATATTTTTACCGATGTCGTACCTGATCCACCTATTTCCAAAGTAGCTGGAGGGGTTAGTGAGGCAGGCAAAATCCAACCGCAAGTCATGATTGCTTTTGGTGGTGGTTCAGCGATTGATACGGCTAAAGGAATCTACTATTTCGCCAAACGTTTGGAAAAAATCAATATCAGTACTTTTATTGCAATTCCAACCACCAGCGGTACGGGTTCAGAAGTTACAGCCGCAACCGTTATCACTGATCCAACAACGAAAATTAAATATCCGCTTTTCTTAGATGAACTAATTCCGGATATGGCTATTTTGGATGCGCAACTGGTTGTTACGGTACCTCCAGCTATTACAGCGAACACAGGGATGGACGTCTTAACACACGCAATTGAAGCTTATGTCTCTAAAGATGCAAGCGATTATACCGATGCTCTTGGTGAAAAAAGTGTGCAATTAACGTTACGTTTCTTAACGAGCTGTTATGATGATGGTCGTAATTTAGCGAATCGAGAAAAAATGCATAATGCTTCTACTATGGCTGGAATGGCATTTAACTGCGCCAATTTAGGCTTGAATCACAGTATTGCGCATCAACTTGGTGCACAGTTTCACGTACCACACGGGCTAGCCAATGCGATCTTACTAGATGCAGTGATTCGTTTTAACGCCTTTAAAAATCGTGAAACAGAACAAAAATATGCAGAAATGGCACGCATTTGTGGCATTGCTTCCAGATCAGACTCGAACGAAACAGCTGTCCGCTTACTTCGCGAAAGAATTGTAGCGATGATGGAACATATGCAAATGCCGCGCACATTGACAGACGCCGGTGTAGCAAAAGAAAAAGTCTATGCAAAAATGGACGAAATTGCAACGAATGCACTGAAAGACGCTTGCTTACCAACTAGTCCTACGACACCCTCACATCAAGAACTAAAAGAAATTTTAGAACAAATAATTTAGAATTTACATTAAAAAGGAGGATAAACTATGTCAGCATATTTGGCGGAATTTATTGGAACGATGGTTTTAATTATGTTTGGGAACGGCCTTTTAGCAGGATTGACATTAAATAAATCATTATCTCAAGGAGCAAACTGGGTAGTAGTTACATTTGGTTGGGGCTTTGCGGTAATGATCGGTATTTATGTAGCAGGAGCATATAGTGGGGCGCATTTAAATCCAGCTGTAACTATTGCGCTTGCAGTTGGAGGATCATTCCCTTGGGCAGATGTGGTGCCATATATTATCGCGCAAATCGCCGGAGCATTTGTCGGAGCATCCATCGTTATTTTACACTACTATCCGCATTTTAAAGCGACTCCCCCAGAAATTGATACACATGGTATTTTTTCCACAGGACCAGCGATTAGAAATACACCTTTCAATTTAATCAGTGAAATTATCGCAACATTTGCTTTCATTTTTGGTTTACTTATGATTGGAGCGAACAGTTTTACAGATGGTTTAAATCCATTAATCCTTGGCTTTCTAGTAGTTGCCATCGGAATGAGTTTTGGACCAACGACAGGTTATGCGATTAACCCAGCTCGTGATTTAGGACCAAGACTTGCTTACTTTTTACTACCAGTACCAAATAAAAGTGGGTCAGACTGGCGTTACGCTTGGATTCCAATTGTCGGACCAATCATTGGTGGTCTCTTAGCCATTGGACTATTTAACATTTTATTATAAAAAAGCATGGAGTAAACAAGAATGGCTTTGTTTACTCCTTTAAAAATGAGAAAGGACTGAGCTATATGCACAAAATTATGGCGATAAACGCAGGGAGTTCTTCACTGAAATTCCAAATTTTTACGATGCCAGGAGAAGAAGTTTTAGTAAAGGGCTTAATTGAAAGAATCGGTCTACCAGACGCCATTTTCAACATGTCCTTTCAAAATGAAAAAATCAAAGAAATACGAGCAATCAATAACCACGGGGAAGCAGTCGAGATTTTACTGGAGCAGCTGAAGGCGCATCAAGTAATCAATGATCTGAGCGAAATTACAGGGGTCGGACATCGTGTTGCGCATGGCGGAGAAGATTTTGTTACGTCCTGTGTTGTAACAGATGAAGTGGTGAAAGGGATTGAAGCTGTGACAAACCTAGCGCCGCTACATAATCCAGCGAATATCATCGGAATCAAAACTTTTCGTGAATTGCTGCCAAATGCGGTTTCTGTTGCAGTATTTGATACCGCATTCCATCAAACGATTCCAGAAGAAAACTTTTTATATGCGCTTCCTTATGAACTTTACGAAAAACATCATATTCGAAAATACGGTTTTCATGGAACGAGTCATAAATATGTGGCTGGAAAAGCAGCAGAAGTTCTCGAAAAACCTTTAGAAAAATTAAAAATTATTTCTTGTCATTTAGGCAATGGAGCGAGTGTTTGTGCGATTGAAGCTGGGAAATCAGTGAATACTTCCATGGGCTTTACACCAAATGCTGGCTTGATGATGGGAACACGTTCTGGTACAATTGACGCGACAATCATCCCGTATTTAGTGGATGAATTAGGCTATAGCTTGGATGAAGTGATGCATATGATGTCTAGTGAATCAGGTGTCCTTGGCGTATCGGGAATTTCAAGTGATTTCAGAGATATCGAAATTGCAGCCAAAGAAGGTAATTCACGCGCGCTATTAACACTTCGTATGTTTACTGGCCAAATATGCAACTACATCGGTGCTTATGCCTCCGCAATGAACGGTTGCGACGCATTATTATTTACAGCGGGTGTGGGTGAAAATTCGCCATTAATCCGCCAAATGGTAACAGAACAGCTAAGTTATCTTGGTGTAACATGCCATGTGACAAAAAATAATGCGGGTGATATGATAATTAGCAATGATGATGAAGCGGTCAAAGTGTGCATTATTCCAACCAATGAAGAACTAATGATTGCTCGCGATGTAGAAAAGTATGCAAAACAAACGATAAGTTAAGGAGCGATTTGATGTGAAAATAACGACGGCTTCTCACGGTGGCAACTATAATGAACTAGCAAAACAACACGGATTAACGAAAGAAATGGTGCTCGATTTCAGTGCGAATATTAATCCATTAGGAGTCCCAGCTAGTTTGAAACAAACGATAACAACAAATTTGGACAAACTGGTAGAATATCCAGAACCAGATTACTTGGCGCTCCGTGCGCGAATTGCCTCGTTTCATCAACTCGACCTAGCGAATGTAATCCCTGGAAACGGGGCGACAGAGCTGATTTTCGGAATAGCAAAAGTAACAAAGGCGCAAAAAGTACTCTTACTTGCGCCTACTTTTGCGGAATACGAACGTGCTTTTTTTGATGCCGAAATTGTTTATGCTGAGTTAACGAAAGAAACCAATTTTGCTGCGGCGCAAATCGTACTAGAAATGCTTGAACAAGATACGGATATCGAAGCTGTTTGTTTGTGCAACCCCAATAATCCAACAGGACAACTCATCGCGCAACAAGAAATGATAAAAATTGCTGATTTATGTGAAAAGCGAAACATATATTTAATTATCGATGAGGCTTTTATGGACTTTTTAGAAGAAAATGAAACAATTTCGATGATCAACTATTTAGAAAAATTTCCGCATTTAGCAATTATTCGCGCCTTTACGAAGTTTTTCGCGATTCCAGGCTTAAGACTCGGTTATTTGCTGACAAAAAATGACTTATTAGCCGAAGCACTCATGCAAATGCGCGAACCCTGGTCGATTAATACATTTGCTGACTTAGCAGGGCAAATGCTATTAGAGGATGAAGCCTATATTAGACAAACATTCGATTGGATTAATGCGGAACGAGACTTTTTATACCGAGGCTTAAGTAAATTTTCAGCGCTTACCGTGTACCGACCAAGTGTAAATTACATATTTTTCCACCTCGAAAAACCGTTTGATTTACGAAAAAAATTGCTTTTAAAAGGGATTTTTATCCGAAGTTGCGCTAATTACCGAGGTCTCACGGAGAATTATTACCGAGTGGCAGTGAAAAGTAGAGAAGATAATCGCCAACTCTTAACCGCACTTGAGGTGATTTTTAGTGGTAATTAAAGCGAGGTGTCCGGCATCTTGTGGCGAACTTTTGCAAGGCTGGATTTTAGGCGGAGAGAAGCTAATTTCATACCCAATCAACTGGTATTCCGAAGTCACTTTATCTGATAAAGTAGGACTAAATGACTTCGGGCATACAAAAGCATGGCTCGCATTCCAAACCACTTGCGAGTATTTTGGTGTGGCTAAAAGAGACCTCCCGCAAGTATCTTTACAAGTGAAGTCAACTATTCCGGTCGCGAAAGGC
NZ_CP092060.1_gap30	1216997	1221466	4469	AAGAAGAAGCTTACAATATGATTCGTAACCTGAGCATGGACAAACGCTGTCCGATGATGGAAATCGCAGAAACGATTGTGATGAGCGATGACTAAAACGATTCGAGAAATGTGCTTACGCTACACAGATTTATCGGAGCACGATATTGAAGAATTAATTCACACAGCCAAGTCGTTAAGTGTTTCAGCCATGTATCAAGATGTAGATGTATTTATTGATGTATACAATAAGCTAACTAGTGAAGCACTTGTTATTCATCATACACCACCAAAAACAACCAAATCACTTTACAAAAACAAAGTAGTCGGAGAAACAGCCCTAAGGTCTAATGAGCCAGGTGTACTTAGAACATTGGAAACAGGTATGAACTCTAACGATCTACTTGCAAAAACACAAGAAAACGTATTAATTCGCCAAAAAGTTTATCCGATTCGTAATAAACAGCGAGTTATTGCCGTGCTAATTCTAGAAAATGATATTAGCGCCGAAATTAAAGCTCATTTTGAAATTGACAATGAAGAAACGGCTTATCGAGATGTTTCTACCACGCTGTCTGCCATGAGTAAACTAACGGATTCAATTACTGATCAATTAGATGATGCCATTTTGATTTTTGACCGAAACGGGATTTTGCAGCAAAAGAATTGCGCTGCGGATCAGTATTACGAAAGACTTGGTTATATGGAAGACATCCAAGGCATGCATTATGATAATTTATCCCTCGACCAGATGATGTTTGACGCAATCATGTATCAAATTGAAACTGGAAAACAACCGATTCAGTTAAAAAAAGAAGTGGTTATCGCCGGGAATTACTTTATTATGAAGCAGATTTTTGTAAAAGAAGAAGACGAGCAGGAATGCCGCTTTATTCTCATCTTGCATGACATCACGGATATTAAAGTGAAAGAAGCAGAAATTGTTTCTAAATCCGTTGCTATTCGTGAAATTCATCACCGTGTCAAAAACAATTTGCAATCTGTTGTTTCCTTATTGCGAATTCAAGGCAGACGTTCTACAAGTGTGGAGGCACAGAAGATTCTAAATGAAAGTGTCAGCCGAATCCTTGCCATTGCAGCGACACACGAGCTTTTATCGAAGCAAATGGAAGACGGCATTAACCTTTATATGGTCATCGAAACAGTCGCCTACAATATTGAAAGATGTTGTACAGATTGTCCAAAAGTAGCTGTAAGAATGGATATTGATAAACGCATTTATTTGGACAGTGACCGAACCGTGGCACTGGCGCTTGTCATGAACGAACTCTTACAAAACTCCTATGATCACGCATTTCATCCAAATGAATCAGGCGAAATTTTACTACAAATAAAAGAAGAGAAAAATATTATTCACGCAGAAGTAACGGACAACGGTCATGGGTTCAACGTTCGTAAAGTGTCCGAAAAAAGCCTAGGACTTTCCATTGTCAAAAGTTACATTAAAGATAAACTTCGAGGCAAAGTAACCATTGAATCGAATGAACACGGAACGAAAACAATGTTTGATTTTAAATACAATTCTATCCATGCTACAAAGAAGTAGCTATGAAAAAGCGATGAAGCTTAAAGCCAAGTAACGATACTGTTATTTGTCTTTAAGCTTTTTCTTTTTGCTAGAAAGGAGTGAGGGTTTTGACGGAAACAATTTTAAGTGTAGGGATTGACCTTGGTACGTCGACAACACAACTCATTTTATCCGAGTTAGAAATTCAAAATATGGCATCAAGTTTCACCGTGCCGCGTATTGTCATTTCAGATAAGCGGATTATTTTTAGAAGTGAGATTCTGTTCACACCGATTCTTGCTGATAATTTGATTGATGTGGAGGCGATTCGTGATTTTGTAACGAAAGAATATGCCAATGCAGGAATTAAAAAAGAAGAAATTGGCATGGGAGCAGTTATTATCACGGGTGAAACAGCTCGTAAAGATAACGCCAGCAATGTATTAGATGCAATGAGTGGTTTTGCTGGGGATTTTGTTGTAGCAACAGCAGGACCTGACTTAGAAAGCATCATTGCTGGAAAAGGAGCAGGTGCTCATACCTATGCCAAAGAGAATAATACCTCTGTTGTGAATTTGGATATTGGCGGCGGAACCACGAACTTATCGCTGTTTGATCGCGGAGAACTCATTGATACTGCTTGCTTAGATATTGGTGGTCGGTTAATTAAAGTAGACCGTGAAACAAGAAAAATCACCTATATTGCTCCAAAAATTCAAGCTTTAATAGAAAAACGAGGTTATCCGGTTAAACTTGGTGAAACAACTTCACCAGAAAACTTGCAACCCGTTTTAGGTGAAATGGTTGAGCTGCTTAAGAATAGTGTTGGCCTCGGGGCGCCAAATGATTTTTATGAAACAATCATTACGAATAAAGGATTGAAATTCTTAACGGAGATTGAATGTATCTCTTTTTCCGGAGGCGTTGCAGACTGCATCTCAACGGGTGCGCTAAGTGATCCTTTTAGATATGGGGATATTGGGTTATTGCTAGGAAAAGCGATTGCAGAATCTAGTTTAATGACTGAAAAAAAGTATATCGAATCTGTCGAAACCATACGGGCAACAGTGGTCGGAGCCGGTTCACACACAGCTGAAATTAGCGGTAGTACGATTACTTACACCGAGAAAATTTTCCCAGTAAAAAACATTCCAATTTTGAAACTTGCCAAACAAGAAGAAGATGAAAATATGGCAGAAGTCATCAAGGAAAAACTTAGCTGGTTCAAAATAGAGAATGAAATGGAACATATTGCACTTGCAATTGAAGGCGAAAATAGCCCAAGTTTCCAGCAAGTAACAGAATATGCGAAAGCCATTTGCGAAGGAATGAAAGAACCAATCGCACTTGGTCATCCCTTAATTATCATTACATGGCACGACATGGCAAAAGCCCTCGGACAAAGCATCTTCGGGCATTTACCAGCCGGGCATCCACTAATTTGCTTGGATAGTGTCAAAGTCGATAATGGTGATTATATTGATATAGGAAAACCAGTTGCTGACGGGAAAGTGCTACCAGTAGTAGTTAAAACCTTAGTCTTTAACTGATCCACATAAATAGCTTTAATTTTGAGAGGAGGATTTATCGAATGATTTTAAAAACGAATTTATTCGGCCATACATACCAGTTCAAATCCATCACTGATGTGTTGGCAAAAGCAAACGAAGAAAAATCAGGCGACCGTTTAGCCGGAGTTGCTGCTGAATCTGCAGAAGAACGTGTAGCTGCAAAAGTGGTGCTTTCTAAAATGACGCTTGGAGATTTACGTAATAATCCGGTTGTCCCATATGAAACAGATGAGGTAACGCGTATTATTCAAGACCAAGTAAATGACCGTATCCATGATTCCATCAAAAACTGGACAGTGGAAGAATTACGGGAATGGATTTTAGACCATAAAACAACAGATGCTGACATTAAACGTGTTGCACGCGGCCTAACATCAGAAATTATTGCTGCTGTTACAAAATTAATGTCCAATCTAGATTTAATTTATGGCGCAAAAAAAATCCGTGTAATCGCACATGCGAATACAACAATCGGTCTTCCTGGAACTTTCTCCGCTAGACTACAACCAAACCATCCAACCGATGATCCTGATGGTATCCTTGCTTCCTTAATGGAAGGATTAACTTACGGGATTGGCGATGCGGTAATCGGACTTAACCCAGTAGATGATTCTACTGATAGCGTTGTTCGTTTACTTAATAAATTTGAAGAATTCCGAAGCAAATGGGATGTGCCAACACAAACTTGTGTACTTGCACACGTGAAGACTCAAATGGAAGCAATGCGTCGCGGCGCTCCAACTGGTCTTGTATTCCAATCTATCGCAGGTTCTGAAAAAGGTAATACAGCTTTCGGTTTTGACGGAGCAACGATTGAAGAAGCTAGACAATTAGCCCTTCAAAGTGGTGCTGCGACTGGACCAAACGTAATGTACTTTGAAACAGGACAAGGTTCTGAACTTTCTTCTGACGCTCATTTCGGCGTAGACCAAGTAACAATGGAAGCTCGTTGTTATGGATTCGCGAAGAAATTTGATCCATTCCTAGTAAATACAGTAGTTGGATTTATCGGACCTGAGTACTTATATGATTCTAAACAAGTAATTCGCGCTGGCCTTGAAGATCACTTCATGGGTAAATTAACTGGTATCTCTATGGGTTGTGATGTTTGTTACACCAACCATATGAAAGCCGACCAAAACGACGTAGAAAACTTGTCCGTACTTCTAACTGCAGCAGGATGTAACTTTATCATGGGTATTCCTCATGGTGATGACGTTATGCTTAACTACCAAACAACTGGTTACCACGAAACAGCCACTTTACGTGAATTATTTGGCTTAAAACCAATTAAAGAATTTGATCAGTGGATGGAAAAAATGGGATTCAGCGAAAATGGTAAATTAACTAGCCGTGCTGGAGATGCATCTATTTTCCTAAAATAAGGAAGGG
NZ_CP092060.1_gap31	1225689	1226533	844	AGTGGAGCCAGTGAAAAAAGAAACTACTAGAGCAAAATTCCAAACGATTTATGGTGGAGCCTTAGATGAGAAGCCTGAACATATGACGCATTTGCGTGGTAACCTGCTTGTGTTTAAAGACCATCCACAAATCGCTTTCCGCGGAAAATTAGATACACTGGAAGCTGAAATTCTGGAAACCCAATGTTCCGTTGCAGCTGAGTTTAAAGATCTTGCGGAAGATTTACAAGAAATCCTCACCTTTGTAAGAAATATTGTACGATCGGAAGTTTTAAACGAGCAAATCGAATCAGTTCATTTGCTTGGAATGGATGAAAAAGAACTGCGGGAACGTAGTCATAATCCGAAAAAATACTATCAAATGACACATTTTATGCCTGATTACACGATGGGGAATGCGGTCATTCGATTAAACAAAATAAGAACGATGGTCCGCGAAACGGAATTAGCTGCCTTTTTAGCATTTAAGGAAGCCGATTATTCCATTAAACGACCAGACATCATTCAAGCGCTTAACCGATTGTCTAGTTTATTCTGGATACTGATGTTCCGCGTGAGAACAGGTGAATATAAAAAGTAAGGAGGCTTATTCATGAATAATGAGTTAATAACAAGCCTTATTGAAGAAGTCACTCGCCGTGCGTTACTTGAAACTGGCGTAGAAGTAGAAGCATCCGGCCGCCACGTTCATTTAGATCGTGAAACAGTCGATGCACTATTTGGACCTGGGTATGAACTTACTCATTTCCGTGACCTATCTCAACCAGGTCAATATGTTTGTAAAGAAAGAATTAGCATCGTTGGACCAAAAAGCGTTATTCATAACGTTGTAATTTTAGGCCCA
NZ_CP092060.1_gap32	1227651	1232190	4539	CAGGAAACGGCGATCTTGTGCTCGTTACAACTGGTAGCGCAGCACGAGCATCCACTGGGGACAACACGATCCCAGTGGACGCATGTATCGTCGGCATTATCGACTCGGTAGAACGTTATGGCTGAACAGTCCTTAGGTATTCTTGAACTCAGGAGTATAAGTAAAGGGTACGAAATGGCCGATGTTTTCTTGAAAGCAGGCAATGTAACTTTATTTACTTTTCGTCCGACATGTCCTGGTAAATTTTTGATTATTTTGCAAGGTGCTTCCGGTGAACTTACTAGTGCGATGCAAGATGCAAAAGAAGAAGCTGGCAAATTTCATGTTTCTTCTTATATTTTGCATATGGCGCACGAAGAATTACTTGCTTTTCTAAACAATAAACACCCTAAAGTGGAAGTTGACGCAGTAGGAATTATCGAAATCAGTCAGTTGGGCGCTGGACTAAATGCAGTAAATGAAGCGCTGAAAAAATCGGCTATTCATTTGAAACGCATGACGCTCGGTGCTTCGATTGGTGGGAAATTTGTGGCTGTTTTTACAGGGGAAGTTAGTGCTATTCAAGAAGGGATGCGGATTCTAATCGAAACCGCCGAACCAAAAAAGGTGATACATCATACGGTCATTCCTTCTCCTGATGAACTTTTAAAACGCTATCTATAGAATGGAGGAACACTTTTGAGCATTAATGAAATTATTATTTATTTAATGGTAATCTTTATGATTCTAGGAGCTATTGACAAAATTATCGGCAACAAATTTGGCTTAGGTGCACAATTTGAAGAAGGTATTATGGCAATGGGATCGCTAACGCTAGCAATGGTCGGTATCATTACATTAGCGCCAGTTTTAGCAAAAATTTTAAGCCCGATTGTTGTACCAATTTATACGGCGCTTGGGGCTGACCCGGCAATGTTTGCAACAACGTTACTTGCGAATGACATGGGTGGTTTTGCGCTAGCTCAAGAACTTGCGCTAACTCCCGACGCTGGTCTTTTTGCAGGAGCTATTCTAGGATCCATGATGGGACCTACTATTGTTTTCACAATTCCAGTTGCGCTTGGAATTATAAAAAAAGAAGATCACAAATATTTAGCAACTGGCGTATTATCTGGTATTATTACGATTCCAATTGGTTGTTTAATCGGTGGACTTGTAGCTGGATTCTCTCCAATCATGATTTTCAAAAACTTAGTACCAATTATTCTTGTAGCTGCCCTTATTATGTTAGGCCTTTGGTTCAAACCAGAAGGCATGATTAAAGGCTTCACGATTTTTGGAAAAGGGGTAGTAATCGTTGCTACTATTGGGCTAGTTGCTGGAGCTATTCAACAACTTACTGGATTAACTATTATTCCAGGAATTGCACCAATTGGCGAAGGTATCGAAATCGTTGGTGGTATCGCACTAGTTCTAGCAGGAGCTTTCTGTTTAGTTTTTGTTATTACAAAAGTGTTCAATAAACCACTTATGAAAATGGGTAAATTGCTAGGTATGAATGAAGTTGCAGCGGCTGGTATGGTTGCGACACTTGCAAATAGTATCCCAATGTTCCAAATGCTAAAAGATATGGATGAGCGCGGTAAAATTATTAACGTTGCTTTTGCCGTATCTGCGGCCTTTGTTTTAGGGGATCATCTAGGTTTCACAGCTGGGGTTGCCCAAGATATGATTTTCCCGATGATTGTCGGAAAACTTGTCGGAGGAGTAACTGCCGTAGCTGTCGGTATCTATATGGCTAACCGAATGATGAAGAAAAATAAAGCAAAAGAACAAACGGCGGTGAAAGATAATGGCTGATATTAGTAAAGAATTAATTGAGCAACTAGTAAAACAAGTTGTCCTAGAAAAAATGGGCCAAAGTTCCAAACACGTTGATCCAAGTGGTATTCTATCGGTGAAACTTCCTGTAGTAAAAGTTTCAGAGGAAGATCGATTAGACACAGGAAATCCTAGCGATGTTGTTTATACAAAAGACTTAGTAACACTAGAAGAAAGTAAACGTCTAGGTTTTGGTTTAATGGAAATGAAAGATACAACTTTCGATTGGTTCTTGGATTATGATGAAGTAGACTACATTATCGAAGGCAGACTAGATGTTGTCATTGATGGTCGAACTGTTTCAGCAGGTCCAGGAGAAATTATTTTCATTCCAAAAGGTAGCCAAATCAAGTTTTCCGTAACTGGTGAAGCAAGATTTATTTATGTTACTTATCCGGCTGATTGGCAGTCATAATAATAATAAAAAACGATTTCGGCTTTGGCTGAAATCGTTTTTTATTTTAAGGAGTCGCGATATTCTTTTGGTGTCATATCGAATTCTTTTTTAAAGACTTTGCAAAAATAGCTTGCCCTTGAAAAACCTAAATTTTTAGCAATTGTATGGACCGCCCAGTCACTTTTTTCTAGTTGTTCTTTCGCATAGAGCATTTTTTGTTCGTTGACGTAATTAATAAAATTAATATTTAATTCGTTTTTAAATAATTTACTTAAATAAAACGGGCTTAGATAGACATAATTAGCAACTTCTTCTAATGTGATGGAGCGGTGAATGTTTTTTTTAATGTAACGAATAGCTTGCTTGATTTCTTTATGCTCTTTACCAGTTTTGTTTACGCTAGTGGTTTCTTTTCTTGGTTGTTTTTGTTTTTCATGTGCAGAGTAATAATCGCTTAAAACATCAAGCACTTCAACGGTTTCAAGTGAATGAAGTAGGGCAGAGTGATCTGGATTTTTTTTGTTGAAATCTTCTTGAATTTGTTGGGTGAATTGGCTCTCTACTTGACTATCCATCAAAGGTTGAATATTTACAACTTTTTCTTTCTCCAAAGTCCTTCCCTCCCTGTTTTATTTCTGCACTAATTATACCATAAAATCGCTTTAAATAACGTTTAATCCTGCATTTTAAATAGAACAATAAATTCTTTTTTATAACAAAATATTGTCATTTTTTAAATCTCAAAAATAGAAATTGAGAAAAAGTTCACACTGGTGGCTATTTTTGCCATATAAAACAGAAAAAAAGGGATTTTAAAAGCTTGCACTATTTTGTTTTCAGTGCTCTAAGTGACCTTGTACCAGTGGTTTAACAGGGATATAATGAAATGGAAATAACGCTTTCATGAGAGGGTGATCTTTTCAATTGAAAATTCAAAAATTAGTCTTATGTGCGATGTTGATTGCAATGTGTGTAATTGGCGCAAACATAAAATTAATGGGTTCAGTTGCATTTGACGCAGCCCCAGCTTTTATTGGGACTTTGCTGCTTGGTCCGATGTACGGAGCAGTGCTTGGGATTTTCGGTCATTTAACATCAGCATTACTAGCGGGTTTTCCGCTCACACTACCAATTCATTTGATTGTTGCTGGAATGATGGGCGTAACGATGATTGCATATGGCTTTACGCGCCAAAAACTAGCAGAAAAGAATCAATTAGTTGCGGTTAGTGTTTCTAGTATTGTTGCTTTTGTTTTTAATTGTCCATTATCATTACTTGCACTTTATCCATTAATGCATCAAGCGGTGTTTGTTTTGTTCCCAGTGCTTGCTATTGGTTCGATTTGCAACATTTTTGTCGCAGAAGTCGTTTACCAAGTATTGCCAGAACGCTGGAAAAGACGAATTGCCGGGTACTAAACAACTAAATAGGTGAATATATTAATCCGGGAAAGAGGTGAAAATCCTCTACAGGCCCTAGCTACTGTAATACGGACGAAAACCAAACATATGTCACTGGAAGCAATTCCGGGAAGACTGGTGAGTAGGATGATGTTAAGTCAGGAGACCGCTTTTATATTCGATATCCAAAAACAACTTCTAAGGGAGCGAGTTGTCTTGATTAAGTAGATTTTCACGATGGGGAAGTTTCTTTGTGCTACAAGGAAATAGCTTATTTGCGTAAATCTCAAAAAGACGCCAATGTTCTGTTTGGCGTCTTTTTTTATGGCTAAAGTGAAAGGTGAAAAAAGATGAACAAAATCTTAATTGCAGCTGCATCAAGTGGTACAGGTAAAACAACGATCACACTTGGAATTATGCACGCGCTAAAAAAAAGAGGTCTGCGGGTTCAACCATTTAAAGTAGGTCCAGATTATATTGATACAAATTATCATCAAGCGATAACAGGCGTTGCTTCTATCAATTTAGACAGTTTTCTGATAGATGATGATGCGATGCTAGCTACTCTTTTTCAAAAGCACGGAGAGTCGGCGGATATTTCCGTCATTGAAGGTGTAATGGGTCTTTTTGATGGACTTGGTATTGATCGTGATAATTCGAGTACATCTTTTATTGCTAAATGCACGAAAACGCCTGTAATTTTAGTCGTGGATGGTAAAGCGATATCCACTTCTGCGGCGGCAATTGTGGATGGATTTAATCGTTTTGATCCGGAATTAACCATTGCTGGGGTGATTATTAATCGCGTTGCTTCAGAAAACCATTTTTCATTGATAAAAGGGGCGATTGAACGCTATACGGATGTACCTGTTTTAGGGTATTTGCCGAAAAATGCGGCGGTGGCACTTCCAGAACGTCAT
NZ_CP092060.1_gap33	1233604	1238443	4839	ATTAGCTTGGTTTTTCCTTGTCATTGCAAGTTTTATTTTAAGGTATGACGGGCGTGCTTCTTGGCAAATCGGGCTTCGAGATCGGAAAAACCATACGAGTCCTAATTGCGCTTATCCTGAAGGTGCAGTAGCAGGAGCGCTTGGAATCACACTTGGTGGAACGCATGAGTACTTCGGTGAAACAGTCATTAAACCAACCATTGGAAGTGGAAATAAACCCGTTTCAGAAAAAGAAATTAGCCAAACGATTCATTTGCTATATACGGCTTCAACGATCGCTTTTATCATTTTTGCAAGTATTTATCTACTATTATTTTAAAGGAGTGGCAAGATGAACTATATTAAGAATCCAGCCAAAATTGAAGAGAAAAGCTTTGAAATTATTCAACAAATTATTAATGATATTCGTCCAGATTACACATTTCAAAACAAGTTAGAGGAAGCGATTATCAAGCGTGCAATACATACGACGGCAGATTTTGATTACTTAGATAGCCTCGTTTTTCAACAAGATGCCATCGCGAAAATCATTCATGTTCTTCAAAATAAAGGAACTATTTTCACGGATACGAATATGGCACTTAGTGGAATTAATAAACGACTTTTAGATGAACTTGGGTGTAAATATCATTGTTATGTGAGTGACCCAGAGACGATGGAGATTGCCAAACAGCATGGGATTACACGCTCTATGGCTGGAATTAAACTCGCTTCTTTAAAAGATGGACCGAAACTATTTGTCCTCGGAAATGCGCCAACTGCGGTGTATAAAATTATCGAGATGACAGAAAGTGGGGAATTGCAAGCAGATGCAGTAGTGGCAGTACCGGTTGGTTTTGTCGGAGCGGCTGAATGTAAAGAGGAAATTTTAGAAACAGATATCCCAGCCATTGTCGCACGCGGTAGAAAAGGCGGTAGTAATCTTGCTGCAGCTATCATTAATGCAATCTTGATTACGATGTAAAGAAGGCGACGAGTAATGGAAGATTTTATTTATTATAACGGCAAAAAATACCGTAAAGGCTATACGACTGGTACGTGTGCGGCTGCTGCTGCTAAAGCTTGTGTGGAAATGATTCTAACGCAAGAAGAAGTGAGTGCAGTACAAGTCACAACTACTGGCGGAACGATTCTGGAAATCCCCGTGGCGTATCAAAAGTTTTCGAAAGACAAAGCCACAGCAGCGGTTCAAAAAGATGGTGGCGATGATATTGATGCGACACACGGAATGTGGATTTTTGTAGATGTTGATCTAACCGATAACGCGGAAGTCGTATTAGATGGTGGTGTTGGTATCGGTCGCGCTACACAAAAAGGAATTTCTGTTGCAGTGGGAGAAGCGGCGATTAATCCGGCACCGCGGAAAAATATTTTAGCAACCGTACGCGAATCGCTTGGCGAAAATCGTGGTGCAAAGATACTAGTCTATGCACCAGAAGGAGAAGAGCGCGCGAAACGAACCATGAATAGCAACTTAGGGATTATCGGTGGAATTTCTATTTTAGGAACGACTGGCATTGTTACCCCTATGTCGGATGAAGGCTGGAAAAAATCCTTATCGATGGAGCTTGAAATGAAACGGAATCAAGGTCTCGACCAAATTATTCTTGTTCCCGGTAATTACGGGGATGATTTTGTTCAGAATACGCTTGGTTTTTCAAGCGGAAATATTGTTTCCATGAGTAATTTCGTTGGTTATATGTTAAAAGAAACACAGCGTCTAGCTTTCAAAAAAGTGCTAATGGTTGGTCATTTTGGCAAATTGGTGAAGGTTTCAGCAGGGATTTTTACGACGTACAGTAAAGATGCAGATGCGCGGGCGGAAATTTTAGTCGCTAATTTAGCTTTGCTCGGCGCCCCGTTATCGCTTTTACAAGCAGTGGAGAAGTGCAATACGACAGAGGCAGCAGGCGAATTAATTGAAGAAGCTGGCTTTACCCAAGTATATGACGTCATTGTGCAAAAAATCAAAGCAAGATCAGAACGATTTTTGAAATTCACGAAACCTAGTGTGGAAGTCGATGTAGTTACTTTTTCGACCGAACGTGGGTTGCTTGCTGCAACGAAAGATATCGATGTACTCCGGGAGGAATGGCGATGATTACAGTAGTTGGGATTGGACCAGGAGATACAAATTTGGTAATAAACGAAGCAAAACAAGTGTTAAGTACCGCCGAAATAGTGTATGGATCAACAAGACAATTACAAGAAATCACAGAACTAACGACAGCAACGCCAATGGTTTTGCCAAAAAAACTAGCAGATTTGAAAAACATCCCGCATCAAAACAAAAACGTGGTTATTCTAGCTTCCGGAGATCCACTATTATATGGGATTGGCAACTGGGCGCTGGCAAATTTTTCAGAAGATGTCCGGATTGTTCCGGGAATTAGTGCGATTCAAATGATGTTTCATCGAATTCAATTACCGATGAATGACTGTTTTATTACGAGCAGCCACGGTAAAACGCCAAACTTCGACTTCTTGTTACAACACGAAAAAGTCGCGATGGTAACAGATACAATCATTGGTCCATATGAAATCGCTGCTGAAATTTTACAACGTGGATTAAAAAAAATCCTGTTTATTGGAGAAAATTTGAGTTCAAAAGAGGAACGAATTCATAAGTTGAAACCAGAACAAGTAGCAAAAAAATACGATATGAATGTAGTGGTGATTGTAGATGAAGGATGAGGTTTTTATTCGTGGTAAAGTACCGATGACAAAAGCAGAAGTGCGAGCGGCAAGCATTGATTTACTTAACTTAGATGATACGTCAAAGAAATTACTAGATGTTGGAGCGGGGACTGGGAGCGTTGGTCTTCAAGTTGCTTGTAATTTCCCGAAAATCCAAGTTACTGCGATTGAACGAAACCCAGATGCAGTGGATTTAATTAAACAAAATCAAGCGAAATTTGGATTAGAAAATGTAACAGTTATCGAAGCATACGCGCCAATTGAATTGCCTGAAAAGGAAACATTTGATGCTATTTTTATTGGTGGAAGTGGTGGCAATTTAACCGATATTATCGACTGGTCGTTGGCACATTTGAACCCGGGAGGCGGTTTGGTACTTAATTTTATTTTGCTTGAAAATGCGTTAACTGCAATGAACCATTTGGAAAAATTAACAGTGAGTGAATTAACGATGAAACAAATCCAAGTTTCGAGTTGGCATAAACTTGGAGCAGGTCATTATTTTGAACCACAAAATCCAACCGTCATTATTGGCTGTAAAAAACTAGAGGAGTGAAGAAAATGGCAGAAGTACATTTCGTCGGAGCAGGACCAGGAGATAAAGAGTTAATTACCTTAAAAGGATATCAATTATTAAAAGAGGCGGATGTCGTTATTTATGCAGGGTCGCTCGTAAACCCGGAGTTGCTAGAATATTGTAAACCAGACTGCGAAATCCATAATAGTGCAAGCATGAATTTAATCGAAATCATCGACTGCATGGAAGCGGGCGTGACTGCTGGTAAAGAAGTGGTTCGTTTGCAAACCGGAGACTTTTCTATTTATGGTTCGATTCGTGAACAGGTCGAGGAAATGAAAAAGCGTTCGATTCCCTTCACATGTACACCGGGTGTGAGTTCATTCCTTGGTGCGGCAAGCAGTTTTGGGGTCGAGTATACAGTTCCAGAAGTAAGTCAGAGTGTAATTATTACCCGAATGGCTGGCAGAACTCCAGTACCATCGCGCGAATCCCTCCGTTCATACGCGGCTCACCAAACTTCAATGGTAATTTTCTTGTCCGTTCAAGGTATTAGAAAAGTCGTTTCAGAATTAATCAAAGGCGGTTATAAACCAGAAACCCCAGCAGCTGTCATTTACAAAGCGACTTGGGCGGAAGAAAAGAAAGTAACCGGCACGTTAGAAGATATCGCAGAAAAAGTAACAGAAGCGGGAATTTCGAAAACGGCGCTTATTATGGTCGGTGATTTCCTTGGAGAAGAGTTTTATTATTCTAAGCTATACGACAAGGATTTCAAACATGAATACAGATAAACTGGCGATTATTGCTGTCACAGAACGTGGTCGCGATTTAGCAATGACGTTAACAAAAACGGTAGCAGCAACGATTTTTGTACCAGGAAAGCATTGCAATGAGCAAACAAATTCTTTAACGCCGGATTTTGGAACAGCGATGCGCGAAATTTTCACAAAATATCAAGCATTGATTTGTATTATGGCGACTGGAATTGCGGTTCGAACGCTTGCTCCAGCGATAGAAGACAAGCTGTCTGATCCAGCAGTACTTGTCATGGATGAACATGGGAAATTTATTATCAGCTTGCTTTCAGGACATGTTGGCGGGGCAAATGAACTAACCGAACAAATCGCTATGATAACTGGTGGTGCGGCAGTAATTACAACCGCAACAGACCGCGCGAATGTAGCTGCCATTGATAATATCGCCAAACAATTAAATGGTTATTTACCAGATTTTAAAGCGACAACAAAACGCATCAATGGTTTACTTGCAGCAGGAAAAGAAGTTGGATTGTACATCGATGAGCCATTAGATATAGATACACGCGGTTTTACAATGGAAGAAGTTAGCCCGCAAGTTTACATTTCAACTAAATATAAACTACAAGTGGCGACACATGAACGCATCCAGCTGGTACCTAAGCAATTTATCCTCGGGGTCGGTTGCAGAAAAGGCGTTTCAGCGGAAACGATAGATGCAGCATTTACACATTTTTGTGAACAAGAAAACATACACCCGCGGGCATTCCGTGAGATTCATAGTATTACTTTAAAAGCGGAAGAACCGGCAATTCTTCATTTAGCGGAGAAATGGCGTGTCCCATTTATTGTCCATCCAGCAGAAGA
NZ_CP092060.1_gap34	1240251	1245130	4879	TCATTTATGTCGGAAAAGAACCACTTCATCATCCAATTCCCCAAGAGGAAATCGAGCAAATTCTTGTTAAAGAAGCTGCGACAAATGAGCTGGTTGTTCGTCTAAAAGCAGGAGACCCTTATGTGTTTGGTCGCGGTGGGGAAGAAGGAGAGACACTCTATAAAGCGGGAATTCCATTTGAAGTTATTCCTGGAATCACATCCGCGATTGGTGGGCTTGCCTACGCTGGAATCCCAGTAACACATCGTGATTTTGCTTCGAGTTTTCACGTGATTACCGGACATTTGAAAAAAGGACGCGATCCACTAGATTGGGAAGCCCTTGCTAGACTGGAAGGTACGCTCGTTTTCCTGATGGGAATGACTAATTTGCCTAATATTTGTGCGAACTTACTAGAAAATGGTCGAAAAGCCGAAACGGGTGTTGCGATTGTACAATGGGCATCTCGCGGCAAACAATTAACGGTTACCGGGAACTTACAAAACATCGAACAAAAAGTAGCGGAATCTGGTATTTCTTCGCCGGCACTTATTGTCGTTGGTGATGTGGTGAGCTTACGACCGCAGCTTAACTTCTTTGAGGAAATGCCACTTTTCCATACAAAAGTATTACTTCCAAGAGCACGAGCTGGAAAAAGTATGCTCGCGGAACAAATTCGCGATTTAGGCGGAGAAGTAACAATGTATCCCAATATTCAAGTAGTAGATGTTGTGCCAACGAAAACAAAAGAAGAACTAAGCGAAGTAAGCGAACTTCTTTTCACATCCAAAGAAGCGGTAGAACGATTTTTTGATTATTTAGCCCAGCTTGATTTAGATATTCGTTCTCTAAAAAATACCCATCTTACCGCTATTGGCAAACAAACAAAAGAAGCTTTTAGTGAAAAAGGAATTATTCCAGATAGTTTCATTAAAAGGCGGAGCACGGAATTAATTTTGGAGCATTTACCACGGTTACAGAAAAATGTGAGCAACTTAATTATCGGAAGCATAGTTGATACGGCAGAAGTTAACGCAATTTTAGCAGAAGTGGAAGCGATGGAAATGATGCCGTTATATGATATGCGTCCTGTGACAGAACGACCATTTGACCTTGCAAGCTTTGAACAAGTTTGTTTCTCAAGTTCGCGTTCCGTTCAAAATTTACTCGACGTACTAACAACCGAAGAAAAAGCCATTTTACAAACGAAAACAATTCTTTCCATTGGAAGGTTCACGAGCGCAACGTTAGCATCATTCGGTATCAACAATTTTATCGAAGCCGAAAGCGCCACACCAGAGAGCTTAATTGAACTAATCCAAAAAACAAAATTAGAAGGAGTACCACAATGAAAAAAGCGATTTTAGTCGTTAGTTTTGGCACAAGTTATCCTGAAACAAGAGAAAAAACGATTGAAGCCTGTGAAAAAAAAGTGGCCCAAGAGTTCCCAGATTACAACGTGTTTCGTGCATTCACATCCAATAAAATCATCAAAAAACTAAAAACTCGTGACAATATGCATATTAACACACCAAGCCAAGCATTAAACCAACTAAAGGAATTAGGCTACAAAGAAGTCATTATTCAGTCGCTACATATTATTAGTGGTGGTGAATTTGAAAAAATCACTGCACAGGTGGAAAAATTCAAGCCGGATTTCGATTCCATTATTGTCAGCCAACCGTTACTTGATTCGATGGAAGATTACGAAAAAGCAATCGAAGCCATTCGCCACCAAATGCCACCTTTAAAAGAACAAGAAGCGCTAATTCTCATGGGACATGGTTCGAAGCATCGTGCTTTCAGCGCCTATGCATGCCTTGACCATATGTTGTTAAACGAACCAATTTACCTTTGTGCGGTAGAAAGTTACCCTGGTCTTGACCAAGTAATTGAACGATTACAACAAGCAAATATAAAAAAAGCGCACCTAATGCCGTTTATGCTTGTAGCAGGTGATCACGCTACGAACGATATGGCTTCTGATGACGAGGATTCTTGGAAAAGCACGCTGGAACAAGCTGGCATTCAAACTGAATGTCATTTGCAAGGTCTAGGCGAAAATCCGCTTATTCAAGCCCAATTTATCGATCATATCCACACGGCAATAGAAAGGGTGAAAGCACGTGGCTAAATTTTACGGCATTGGTACAGGTCCTGGAGATAGCAAGTTAGTCACGATGGAAGCAGCAGAAAGACTCGGAAATTTAGAAATTCTCTACACGCCACAACCCAAAAAAGGCGGCGAAAGTTTAGCTAAGAAAATCGTCAGCCCTTATTTAAAAGATGCATTAATCATTAAAGAACGCCATTTTCCAATGAGTTACAACAAAGAAGAAAAAATGCTTGCATGGAAAGAAATCGCCGAAGAAATCAAAGCAGATGTTCAAAACGGGCATGATGTTGGTTTCATCACACTTGGCGATCCAATGGTTTACAGCACTTATAGCTATTTACTCGAATTATTAAAAGGAGAGATTGAAACAGTGACACTCGCAGGTATTTCGTCCTTTTCCAATATCGCCTCCAAGATTGAATTACCACTCGTAATGGACGAGGAAAGTTTCGCTGTCATCCCTGTAACAGCAGGTGCTGAAAAAATCGAACAAGCGCTCACTTTATTTGACACAGTTGTCTTAATGAAAGCAGCAAGCAATTTACCCCTTCTTACGACATTACTAAAAAAACTGAATTTACTTGATGCAGCAGTAGTAGTAAGCGATGTTGCCATGGCGACTGAAAAAATCACATACGGCATGAACGAGATAAACCCAGACGAAAAAATGTCATACTTTACCACGATTATCGTGAAAAAAAGAAGGGAGCAATATAAATGAAAAAATTATGGAAGTTTCTACCATTTGTTTTAATCGGTGTTATTTATTTTACTTTAACGAATCCAGAATCCGCACACGCAATGCATATTATGGAGGGCTTTTTACCAGTTAAATGGGCTGTCTTTTGGTTCATTGTATTTATCCCATTCCTTGTACTTGGTTTAATTCGTATTCGTAAATTAATTGCCCTAGATAAAAACAACAAATTACTGTTGGCACTATGCGCAGCCTTTATCTTTGTTCTTTCAGCGCTTAAAATTCCGTCCGTTACAGGATCTTGTTCTCATCCGACTGGTGTTGGCCTTGCAACTGTTATGTTCGGACCGCTCGTTGTCAGTGTACTTGGTGTGATTGTCTTACTTTTCCAAGCGTTACTACTTGCACACGGCGGTATTACAACTCTTGGCGCAAACGCAATGTCGATGGCGGTTATCGGTCCAATGGTTGGTTTTGTCGTATACAAACTCGCTCGTAAATTAAACTGTAATAAAAGTGTTTCGATTTTCTTATGTGCGATGACAGCTGACTTAGCAACCTACTTAACTACCAGCGTCCAGCTCGGAGTCGTTTTCCCAGATCCAGCATCCGGCATGATGGCATCCATTCTGAAGTTCATGGCGATTTTCTGTGTGACACAAGTTCCAATTGCGATTGCAGAAGGATTGCTAACGGTAGTCATGTACAATCTTATTAGCAAAAATTTACCAGAAAAGGTGGCACAATTACGATGAAAAAAATAAATATCAATGTCATTTTAATTCTATTAGTAGTATTGTTAATGGTTAGTCCATTCTTCTTCAATAAAACGGGAGAATACGGCGGCTCGGACGGGGAAGCAGAGGCGGAAATCACCAAAATCGATCCAAGCTATGAACCGTGGTTTGAACCTCTTTATGAACCAAAAAGTGGTGAAATTGAAAGCTTATTATTTACGCTTCAAGGTTGTATCGGAACAGGAATTATCGCGTATGTCATTGGTGTAAGTCGTGGCAAGCGGAAAGCTGAGAACGATGTTAACCATTGATAAATATGCTTATCAAAACCGGTGGATAGCTTTTTCGCCATCATTAAAAGCATTATTTTATGTCGCGATTCTAATACTCGCGTTAACTGGTCCTGTGCTCATCCAAGCAATACTGTTCTTCTGCATGGTACCATTGACGCTCTATGTCGTTAAAATTCACTTTAAACAATATTTGAAATGGCTCCTTTTACCATTTTCATTTCTACTTTTTAGTTTACTTTCGATTCTCATTTCGATTTCTAAAGATCCAAGCAGTTTTCTCGCTTCGATTTCGATTGGGAGTTTGTATCTCGGTGTATCAGACGTGACTATTACGACGGCAACACAAGTCTTTTTCCGGAGTATCGCTTGCTTAGCCGCAACCTACTTTTTCGTCTTGACCGTTCCCGTGGTACAATTAACAAAAGTGATGAAGCGAATTTTTATTCCAAAAGTACTGATTGAACTGACCATTTTAATTTACCGTTTTATCTTTATTTTCTTAGAGGAAGCGGCGGCAATTCGAAAAGCGCAGAGCCTGCGTTTTGGTTATCACGGCATAAAAAATAGTTATCGTTCATTTGGCATGCTCGTAAATACTTTATTTAATCGTGTTATGAAAAGATATAATGAAATGGTTATAACACTTGATGTGAAGCTATATCAAGGAGAATTTCATATCTAGGAGGAAGCCAATTTGCTTAAAACAGAACATATTTCATTCCAATACGAAGATGGCAAACAAGCCTTAACGGATGTTTCAATTGATTTAGAAAAAGGCAATATTATCGGACTTATTGGTGCGAATGGCTCCGGTAAATCGACGCTTTTTATGCAGTTACTTGGAATTAACAAACCGAGCGATGGCACCGTTTATTTTGAAGGAAAACCACTCGCGTATACGAAAAAAGCATTATTTGCTTTACGAAAAAAAGTAAGCATCGTTTTCCAAGATCCCGACCAACAAATTTTTTATTCGAATGTTCATGATGATGTAGCCTTTGCACTTAGAAACCTAGGTGTTAGCGAAACGGAAGTAGAGGCACGAGTGACGAAAGTA
NZ_CP092060.1_gap35	1383854	1388468	4614	AACTCCTCCTTTTAAATTTGATTTACCATAGAAAACATGGGATATAAAATGGATAAATAAATGGATACAATTAAAATACCAATAACAATAAAAACAATTGGTTGGATAAATGAAAATAATTTTTCGGTCTTTTGAAGTGATTTCTGATGACATAAGTTATAATAAAATAAAAATTCTTCTGCTAAATTACCATTTTTTTCACCGTGGATAGCAATGTAATAAAGTTCTCTTTCAAATATAGGCATTTTTTCTAGTGCTTTTGTTAGTGATAATCCTTGTTCAAGCGTAGGAAGGATTTGCCTGGCGATTGCTTGAAAGAATGCGGGCGATTCTTCTTGCGCGAAGAGGTGCATAATATGCGTTATAGATAAACCGCTTTTCAGCAGATATCCAAGTTCGCGCGAAAGGTATTGCGAATAATGAATTCTTGAAAATTGGCGAATATATGGAATTCGACAATAAAAATAAGCTCGGTCGTAAGCATTTTTTTGCTTTTGTTTTCGAATAAGGAAACTGAAGATTAGAAAAAGGCTAAGTAAAAAAATTCCTAATAAAACTGGAATTTTTTCAAGCAGGAAATAAGTGAATTTAGTTCCGACTGTGCCGTTAGTTGATAATTGTGTAAATAAAAGTTCGAATTTAGGTAAGAGAAAAATTCGAAGCAAGAAGAACACCAGAATAACAGTAGAGAATAAGACTAGTGGATATTGGAAGGTCTTCATTAATGCGTTTTTTTCCTCCGCTTTTCTTTTCATATGGACGCCGGTTTCGTGAATTGTTTGCAAAAAGTAACCGTGACTAGAAGCATAATGAAGTTGTGAACAAATGAATTCAGGAAATCCGTTTTTTGAAAGAGCATAGGAAAAAGAATTTCCGTTTGCAAGTGAAGTGATAATTTGTTCATATCTTTTGCGATATTTGGGCGAAGTAATGCTTAAATAGCTAATGGTCGCATCTAATGAGAATCCCTTTTCGAGTAAACTGGCAACTCTAATTAAAAATTCTCCGTCCTCTTTCCAATTAGTGCGCTGAAAAAAAACCATAGGCAACTCCTTTCTCGAATGTTCTTTTAATAGGGTATTTAGGCTTAATCTGCTGTTTATTAGATTGGAAATAGGCTTTTATCTCTTGTTGCGTAAGAACTTCATAGATAGCTGTTCTTTTTCGGTGCAAATGTGTACAAAGGGGATGGCATTTTTCTCCGCAGAAGGTGCAAACTAGGTGTGTCAGCTTCTGAAAACTGATTCCTAGTAAGCATTGCGCTAATTCTTCTGAGCTAATACCGAATTCAAGTAATCTTAATAAAACTCCGTAAGCATCTCCGGCATGAACCGTGCTTAAAACTAAGTGACCGGTTAATGCAGCACGAACAACTATTTTAGCGGTTTCTGCATCGCGTATTTCCCCGATAATTAAAATATCAGGATCATGGCGTAAGACGGAGCGAATGATGGGTGCATAGGTAATGCTTGCTTTTTCGTTCACTTCGATTTGGAGAAAGCCGGGAGAATGATGTTCAACAGGATCTTCAATTGTAATGATTTGCAGTTCATCTTTATTTTCTATAGAAGAAACAAGGCTATACATAGAACTGGACTTACCACTACCTGTGCTACCGGAAAAAAGAAACAAGCCTGTTTGGTTTTTACACTGTTGTTGAATTTGATTAGTGGATATAGGAAAAACACTAGATTTTAAAAATGGGATAGGGTACTTGTAACGAAAAATTCGAATGACCATGCTTTCATGAAAATCTTTGCTAGGCATAGTAGAAAGCCGTATAGCAATTTTTTCTGTGTTTGTATTTTTTTCAAAGCTACCAGATTGAGGTCGTCTTTTTTCGCTTATATCCAAAGCTGCTTGGAATTTAAGAAAAGATATTAACTTTTCTCCTACATCTATTGGAAGGTAAAGAAGCGGAATCAATGTCCCATTTACCCGAAGACGGAGTAAGTAACGGTTTGAGAGTGGATGCATATGAACATCACTTGCATGGACACGTAATGCTTGAGTTATGATGTGTTCTGTCATTTTTTGCGGCATAAGAACCTCCTTACAAGTCATATTCCTCAAAAGTAAACAAAATCCTTTGTGTCCCAATCTTTCACAAAAACGAAAATAGTATTTTCTAAATGCAAAAGTAGCATTTCAAGCTAAAATAATATTGAAAGTGGTATTTTAGAAGCAAATAAGTGAATAAAAAATTTTTTTCGATTTTGATGATTTTCACAATCTATGTGCAACGAATAACAAGCGTATAATTAAACGGTAATATCGCAATAAAGCCCTTACATTCCGAACCAATATCAAAAATAAAGAAAATTTAAGCTTTAAAACTAATTATTTGCCGAACAATACAACTCATGATAAGCTATAGAAAAGGCAAATACATAATAGAATTAGCGGGTGAATGTAAGCAGAGAGACTGCGAAAAGCGGCGCCGACGGGGAAAGCATGTATTATGTGAAACTCTCAGGCAAAAGGATGTTTACGGGACGCAACTCTGGAGTCATTTTTGTGTTACGACAGGGCTTATGAACCATATAAGCCTTTTTGTTATGTGAAAAAGGAGGATATAATTATGACAGAGTTACTAAAAACACCGATTCATCCACTTTATGCAAAATATGGTGCGAAAACCATTGATTTTGGTGGATGGGATTTACCGGTACAATTTGCTGGTATAAAAGCAGAACATGAGGCCGTGCGAACTGATGCAGGGCTATTTGATGTGTCTCACATGGGAGAAATTCTAGTAAAAGGACCGGATAGTACTTCTTATTTACAGTATTTGTTAACCAATGACATTGAAAAAATAAAAATCGGAAAAGCACAATATAATATTATGTGCTATGAAACTGGTGGAACAGTGGACGATTTAGTAGTTTACAAGAAATCAGAAACGGAATACATACTTGTTGTCAATGCAGCAAATACGGACAAGGATTTTGAATGGATGGTTAAAAATATTCGCGGGGATGTTTCTGTTACCAATGTATCTTCGGAATATGGACAATTAGCACTTCAAGGGCCAAGCGCAGAAAAAATTCTCGCAAAACTAACGGATGTAGATTTAAGTTCGATTAGCTTCTTTGGATTTGTGGAGGATGCGGATGTAGCAGGAGTGAAAACAATCATTTCAAGAAGTGGCTATACTGGAGAAGATGGATTTGAAATTTATATGCCAAGCGCTGATGCAGGAAAAGTTTTTGAGGCAATTTTAGCTGAAGGAGTAGCTCCAATTGGTTTAGGTGCACGGGATACATTGCGCTTAGAGGCGGTACTTGCGCTTTATGGGCAAGAATTGAGCAAGGACATTACACCACTTGAAGCAGGGCTTAATTTTGCTGTTAAATTAAAAAAAGAAGCAGATTTTATAGGTAAAGAAGCGCTTATTAAACAAAAAGAAGCAGGGCTGAATAGAAAACTAGTTGGTATTGAATTAATTGAACGAGGTATTCCGCGTCACGATTATCCAGTATTTCTAAATGAGGAAGAAATTGGCATTGTGACTTCTGGTACCCAATCACCCACACTTGGAACAAATATTGGTCTTGCTCTAATTGATACAGCTTACACAGAAATAGGTCAAGAAGTAGAAGTAGGTATAAGAAACAAAAAAATAAAAGCGAAAATAGTACCAACACCATTTTATAAACGCGCAAAGTAAAAAGGAGGAAGTAATATGGCAAAACATCGTTATTTACCAATGACAGAGCAAGATGAAAAGGAAATGCTTGATGTAATAGGGGTTAAGTCAATTGATGACTTATTTCAAGATATTCCAGAAAAAATTAGATTTAAACGAGATTATGATTTAAAACCAGCAAAATCTGAACCTGCACTTTTACGCGAATTATCGAAACTTGCTTCTAAAAATGCTAATACTACTGAATATGCGTCTTTTTTAGGGGCTGGAGTTTATAGTCATTACATTCCAACTGTAGTCGATCACGTTATTTCTCGCTCAGAATTTTATACAGCATATACGCCTTATCAACCTGAAATTTCGCAAGGAGAGTTGCAGGCAATCTTTGAATTCCAAACGATGATTGCGGAACTTACTGGAATGGACTTGGCTAATTCCTCTATGTATGATGGTGGAACAGCGCTTGCAGAAGCAGCGATGCTAGCAAGTGGACATACAAAGCGCAAAAAAATTCTCATTTCCGGAGCTGTTCACCCGGAAAGTAGCAATGTTTTAAAAACCTATGCAACTGGCCAACACATTGAAGTAGAAGTTATTCCAGAACTAGATGGAAAAACAGACATTGAGGCGCTAAAAAAAGCTCTTTCAGATGATATTGCGGGTTTTGTTGTACAATATCCAAACTTCTATGGACAAGTGGAACCTTTGGCTGAACTTGAAAAATTAGTGCATGAAAATAATTCTTTATTACTTGTATCGAGCAATCCGTTGTCTCTAGGTTTGTTAACACCACCAGGAGAATTTGGTGCAGATATTGTTGTGGGTGATTCGCAAGTATTTGGTATCCCAGAATCATTTGGTGGACCGCATTGTGGATTCTTTGCAGTAACAAATAAATTAATGCGTAAAGTTCCTGGACGTTTAGTTGGGGAAACCGTAGACGAGAACGGGAAGCGCGGGTATGT
NZ_CP092060.1_gap36	1419140	1422789	3649	AGCTTTAAGCAGATAGCGTCAGCGGGTAGCACCATTTTCGGTTTTAATAATGTAATGGCCGACCAATAACTGAAAATCGTCAACATTAATAAAAACGTTACTGTGAGTGAAATGAATTCTGGTTCAAGTAAAATTTGTAAAATGGAAATCATGCCACGCAGTCGCTCCTTTCAAGGTTTTAGTACTCATTAACTATAATGCAAAAAGAGCTATAGCACAACTACTATTTTTGGAATTTTAGTAAACGATATCAAATGTTTTTCGTTCTTCTACAGGGGCACCTTTGTAAATATAAACGTGTTCGATACGACAACCGGGCGATGGGCCTTTTTTGATAGCATCAATGAATTTATTTAAGTTTTCTTCTTCAGCAATTGCATGAATTTCAACGGAACCGTCATCTAAATTTTTCACTGTTCCACTAATGTCATATTTGTAAGCAACGTGTTTGGTTGTGTAACGAAATCCAACACCTTGCACAAATCCAGTCACTCTCAAAATCGCTGTATCTCTAGCCATAACGAAACCAACTCCTTTTATTTTTCCTTATTACTAGTGTATCTTTTTTTAGCATTACTTTCAAAAATTTGCATTCCAGTATTTCCAGAAAGCTTATGCTATAATAAGTGTATTATATTTACTGTTGGGAGTTTTTGATATGACAAAATGGAATGTCTATCTAACTAAAGGAGAATACGAGCCTTGGTGGTTTTTCGAGGAATGGGAAACTTCCATTCAAGCCGACTTTGCTTTTTCAGATAAGGAAGCTGCCTTTCTGAAGTATCAAGAGTTAGCAGACGAGTTACTACGGAATTATCCTAATCATCAAACAAAAAAAGATTGTTTGTTAGCAGCTTGGAATGAAGAAGAAGTTGAGTACTGCGAGGACTGTGAAGATGATATTCAAACATTTCACGGGCTTATTTTATTTTCTGATGGGGAAGTGTATCAACCAACTCCCGAAGAAAAAGAGACGATTTTTAAACCTGTTTTAACCTTTGCTTGAGGCGAAAAGAAATTTGGAGGATTAACACATGCAGAAGAACGATGACTTATTAAGAGAACGTCGAAAAGACGAACACGTGGCTCTTGGAGTAAAACAGAATGAGCAGTTAGCGCCATCGAGTTTAGAAGATATTCAACTGATTGGAACTTCTATCCCGCGCTATAATGTGAAAGATATCGATTTAACCACAACTATTGTGGGGACCAATGTGCCTTTCCCATTGTATATTAATGCGATGACAGGTGGAAGTCGGCATACGAAAAAAATTAATGCCGAACTTGCTGAAATAGCACGCGAAGTAGCTATCCCAATGGCTGTTGGTTCCCAGTCTGCAGCTCTAAAAAATAGTTCGCTAATAGATACCTATAAAATTGTCAGAGAAATCAATCCGAATGGGATGATTTTAGCAAATATTAGTCCAGAAGTAGCCCTTCAAGAGGGACTTCGGGCGATCGAAATGTTAGAGGCAAATGCACTTCAAATTCATATTAACCCGGCACAAGAATTAGTTATGCAAGAAGGCGACCGTTCTTTTAGTCATTGGCTAACTAGAATAGAAGAGTACGTCAAGCTTTCGCCAGTTCCAGTAGTTGTAAAAGAAGTTGGCTTTGGAATGACGCGTGAAACAGTAAAAACGCTAGCTGATATCGGCGTTCAAACCGTAGATTTAGCTGGAAAAGGCGGAACAAACTTTGCCCAAATTGAAAATGACCGCCGCCGTGATCAAGCATATGATTTCTTACTTGATTGGGGTATTTCCACCGGACAGGCTTTAATAGACATGCAACACCAAGATGTGCCAAAGATTGCTTATTTAGCGTCAGGTGGTATTAGGAACCCGTTAGATATCGTTAAAGCATTAGCGCTCGGAGCAGATAGTGTAGGTATGGCAGGACAAATTATTTATTCACTAAAAAAAGAGGGCGTCACCAAAACCATTGAAAAACTGGAGCTATGGAAAGAACAACTACGTGGCTTATTTGTTCTTGCAAATGCGAAAAACATCTCAGAATTAAAAACAACGCCATTAATCATAAGTGGTGAACTTGCTAAATGGGGCGCATTACGAGAAATCGATTTAGTCAAACTAGCTAATAGAAAATAAAAACCAGCTGCTATTCATTTAGCAAAGCTGGTTTTTTATTTATTGAACCATTTCTGGTAAAGTTTCATCGATTGCTTGAAGACGTTCAGTGAATTCTTCTTTAGATAAATTTTTCGTATAAAGATTTGCGGGATGAACGCGGCAATCATGCGAACAACTACGCAAATATTTTTTCTCATTTTCGATAGAAGCTAGGATTTGCTTATTGCAATACGGGTTAGCACAATTGATGTAACGTTCGCAAGGCGTGCCGTCAAAGTAATCTTTCCCAACGATAGTAGGGTTTACTTGGTTAATCGGAACCGCGATTCTTTCATCAAAAACGTACATTTGGCCGTCCCAAAGTTCCCCTTTGGTTTCTTCGTTTTTACCGTAAGTCGCAATCCCGCCGTGAAGTTGACTTACATCATCAAAACCCGCTGTTTTTAACCAACCGGAAAATTTCTCACAACGAATACCACCAGTACAGTAAGTGACGATTTTTTTATCAGCAAGTTGCTCGCGATTATCTTCAATCCATCCTGGTAACTCACGGAAATTTTGAATATCTGGACGAACAGCGCCGCGGAAATGACCGATATCAAATTCATAATCATTTCTAGCGTCTAAAATAACCGTATCTTCATCCAACAATGCTTCACGAAACTCAGAAGGCTCTAAATAAGTCCCTGTAACTTCTAAAGGATTAACATCTTCTTCTAAACTTAAACTAACAATTTCAGCACGAGGCCGTACATGCATTTTCTTAAAAGCATGAGCATCAGCCGCGTCAATTTTAAATACCATATCAGCGAAGCGAGCGTCGTTTGCCATATAATCCATATATTTGTTTGTTGCTTCTACTGTACCCGAAACGGTGCCATTAATCCCCTCAGTAGCCACCAAAATTCGGCCTTTTAATTCCATTTCTTTGCAAGCAGCAAGATGCTCTTTTGCAAAAGTTTCTGGATCATCAATCGTTGTGTATTTGTAATATAACAACACTTGATAGTCACTCATAATCTTATCACCCTTCAAAATATATTTCATGTGTAAGAAAAATTCTCCACAAGTTTGCGCATTAATACTATACTATAGCAAATTCAGACTGGCAAGTAACCGAACCGTAAAAAAATGCTTCTTATAGTTAACTATATGTACAAGTACAAAACAGCTATGGTATACTTATTAAATATGAAGCGAAAATTTTGTTGATGAAAGCAAATCCTGTTTTCATTGCCTAAAATAAAGAATGAAGTAAGGATTGGGCGTGAGCTATGTGCAAATAAATGAATCGTTTATGGAAGAACTAGCTTTAAAAAAAGTAAAACAAGAACGCAGGAAAAGGTTGAAGTGGTTTGTTTATAAGTTTTTAATGATTACCTTTGGCGCAATTTTGATGGGGGTTGGGCTGGAACTTTTCCTTGTAAACAACCGAATTTTAGATGGTGGAGTCGTTGGTATTTCGATTATTATTTCGCAACTAACGCCGCTGCCACTAGGGGTTTTAACTTTTGTACTTAATATTCCGTTTTTCATCATAGGTTACCGAAAAATCG
NZ_CP092060.1_gap37	1426640	1427788	1148	GGGAGTTGCAACCTCAGTTTCAATTATTTTAGTCGCAATTAACGATGCCATACTTCCAAAACCAATAAAACCTATTTTTGCCATTTCCATCCCGCCTTTCATTATTCATTTTATTATGAAGGGAATAAAAGAGGATTGCAACTAAACTTGATTGTTTACTTTTTCACGTTAATGCGCTTGTGCCTAAGGATTGACAAAAAAACGAATGATTCCGACAGAATTAAATTTTCTGAATTCATTTGCATTAAAAATTTATGAAGTTGGTTATTTATTTATTTTATTTTCCATGTTATATTAAGAACAGTTAGAGAAGACGTTAAATGTTTTTGTGCGTTTTCCGAAAAAGGGACCATACATAATTTTTTAATACGCGCCTGAATGTTTGTTTTGACAGAAAGCTCTGACTAACATTATATCTCTCGGGAGGGGTTTTAAGGTGAAAAAGCGTACATTTGCTTTAGCACTATCAATGATTATTGCTTCTGGCGTTATCCTAGGTGCTTGTGGTTCGAGTAGCGACGATAAAAAAAGTAGCGATGATAAGAGCAGTAAAGATTTTACAGTAGCAATGGTTACAGATACTGGTGGCGTTGATGACCGTTCGTTTAACCAATCAGCATGGGAAGGCTTACAAAAATTTGGTAAAGCTAACGACATGGAAAAAGGTACAGATGGTTACAACTACTTGCAATCAGCTTCTGAAGCAGACTACAAAACAAACTTAAACACTGCTGTTCGTAGCGATTATGATTTAATTTATGGAATTGGTTACAAACTGAAAGATGCAATTGAAGAAGTTTCTAAACAAAAACCTAAAAATCAATTCGCTATTGTTGATGACACAATTGATGACCGTGATAATGTAGTAAGTATTGGATTTAAAGATAACGATGGTTCTTATCTAGTTGGTGTAGTAGCTGGCTTAACAACAAAAACAAATAAAGTTGGATTTGTTGGTGGAGTAAAAGGAACTGTTATCGACCGTTTTGAAGCTGGTTTCACTGCTGGTGTAAAAGCTGTTAATCCTAACGCACAAATTGATGTGCAATATGCAAACGATTTCGCTAAAGCAGACAAAGGACAACAAATCGCTTCTTCCATGTATTCAAGTGGAGTTGACGTAATTTTCCATGCTGCTGGTGGTACTG
NZ_CP092060.1_gap38	1428868	1430823	1955	TGCAGAAAACATCATCCTTGGTAAAGAGCCAAGCAAACTCGGTGTTATCGAAAAGAAAAAAGCGATTGAAGAAATTAAAGAAATTTCTGATCGTTACGGCTTACGCGTTGATCCAAATGCAGTTGTACGAGATATTTCAATCGGTATGCAACAACGTGTGGAAATTCTAAAAACGCTTTACCGTGGTGCAGATATCTTGATTTTTGATGAACCAACAGCTGTTTTGACACCCCAAGAAATCAAAGAATTAATCCAAATTATGCGTTCCCTTATTAAAGAAGGCAAATCCATCATTTTAATCACACATAAACTAAAAGAAATCATGGATGTTTGTGACCGTGTAACTGTTATTCGCCGTGGTAAAGGTATGGGTACTGTTAATGTTCCGGAAACAACACCACAAGATTTGGCTAATTTAATGGTTGGTCGTGAAGTGGTCTTTACAACAGAGAAAATAGATGCCAAACCTGGCAAAGATGTTTTAGAAGTAAAAGATTTAGTTGTGAAAGAAAGCCGCGGAGTTGAAAGTGTTCGTGGACTTAATTTGACTGTCAGAGCTGGCGAAATCGTCGGAATAGCTGGAGTCGATGGTAATGGTCAGAGTGAACTTATTTCAGCGATTGCAGGTCTTTCTAAAGTAACTAGTGGTAGTATTCTTCTTAATGGCGAGCATATCGAAAACAAAAAACCTCGTAAAATTACGGAAGCTGGTTTAGGACATATTCCAGAAGACCGTCATAAACATGGTTTAGTACTCGAAATGTCTCTAGGAGAAAATATTGCTTTACAAACATATTATAAAAAACCTATTTCTAGCAAAGGCTTCTTAAATCATAAAGCAATGTACGACTTTGCGCGTGAGTTAATTGAAGAATACGATGTTCGTGCAAGTAGCGAATACGTAGCAGCAAAATCGCTTTCTGGTGGTAACCAACAAAAAGCAATTATTGCAAGGGAGATACACCGTAATCCAGATTTCTTAATTGCGGCTCAGCCAACACGTGGACTAGATGTTGGAGCAATTGAATTCATTCATAGACGCTTGATTGAACAACGAGATAATGGAAAAGCTGTTTTACTTATGTCGTTCGAATTAGATGAAATCATGAATGTAAGTGACCGTATTGCGGTTATATACGAAGGGAAAATCGTTGCTATTGTTGATCCGAAAGAAACAACGGAGCAAGAACTTGGTCTGATGATGGCTGGTTCATCCAAACAGGAAGCGGAAATGGGGGAGAAAGAGCATGTCTAAACGACTACAAGCATTAGTTATCCCAGTTACAGCCGTTATCCTTGGACTTATCTGCGGTGCGATTATCATGCTTATTTTTGGATATGACCCAATTGCTGGTTATTCGGCTCTGATTCAAGGTGTTATCGGAGAAAATTTCTATATTGGTGAAACAATCCGCCAAGCTACACCGTACATTTTAGTTGGTCTATCTGTTGCAGTTGCATTTAAAGCCGGACTTTTCAATATTGGTGCGGAAGGTCAAATGCTGATGGGATGGTTAGGTTCCATTATCATCGCTGTAAACTTTGACGGTTTAACTAAATGGATTCATTTACCACTTGCGATTATTACTGGTATGGTTTTTGGTGCACTTTGGGCATTCATCCCAGGTATATTAAAAGCAACTTTACGTGTGAATGAAGTTATCGTAACAATCATGCTTAATTACACGGCACTTTATATTTTCAACTATGTCGTACAAAATTTACTTACAGATGGTTTGGACAAAACGCAAGAAATTCATGCGTCCGCTTCCTTACAATCTGAATTATTACAATCACTTACAGATTATTCGTCTCTACATTGGGGGATTTTAATAGCCCTAGGTTTTGCACTTATTATTTGGTTAATGTTAAACAAAACTACTTTTGGTTACGAAATCGAAGCAGTTGGATTTAACGAAAATGCATCGCAATATGCCGGTATGAGTGTAAAGAAA
NZ_CP092060.1_gap39	1488051	1491379	3328	TTTTCCTTGCGATTCGTTCAATTCCTCCAAGCGAGCCTACAATTTTAGAGAAATAAATGATAGCCACTTGCTCACGCAGGTGGCTTTTTTGTGGCATCATTCACGTGATTTTGTTTCATGAAAATGGTATGATAAAAAATAAAAGCTAGTCTAAAGGAGCGGTCTCTTTGAATGAAAGAATCTTTCGCGAAAACACTCGGCCAGTCCAAGTAGGTAATTTAACTATTGGTGGTAGTGAGGAATTAACTATCCAAAGCATGACTACTACAAAGACACATGATGTCGAAGCAACAGTAGCGGAAATTCACCGATTAGAAGAGGTGGGTTGTCAGATTGTGCGAGTTGCTTGTCCTGATGAGCGTGCAGCCAATGCTCTTAGTGCCATCAAGAAAAGGATTCATATTCCTCTTGTGGCAGATATTCATTTTGATTACCGACTAGCACTTAAAGCTATTGATGCAGGTGTTGACAAAATCCGGATTAATCCTGGTAACATCGGTCGCCGTGATCGGGTGGAAAAAGTGGTTAATGCTGCTAAAGCAAAAAATATTCCAATCCGTATTGGGGTTAATGCTGGTAGTTTAGAAAAGAAAATTATTCAAAAATACGGTTACCCTACTGCTGAAGGAATGGTAGAAAGTGCACTTGATCATATTAAAATTCTCGAAGATTTAGATTTTTATGATATCATTGTTTCTTTGAAAGCTTCTGATGTGAATTTAGCAATTGAAGCTTATGATAAAGCTAGTCGCGCATTTAATTATCCTCTACATCTTGGAATTACAGAATCTGGTACGCAGTTTGCTGGAGGAATAAAAAGTGCTGCTGGTTTAGGAGCGATACTCAGTTTGGGCATTGGAAATACATTACGGGTATCTTTGAGTGCTGATCCTGTGGAAGAGATAAAAGTGGCCCGGGAGGTTTTAAAATCGTTTGGCCTTTCCTCGAATGCCGCCATGCTTATCTCCTGCCCTACTTGCGGTCGAATAGAGATTGATTTGATTCGTATCGCTAATGAAGTGGAAAATTACATAGCAACGATTAAAGCTCCGATTAAAGTAGCCGTGCTTGGCTGTGCGGTCAACGGTCCCGGAGAAGCTCGCGAAGCAGATATCGGAATTGCTGGTTCAAATGGAGAAGGCCTTCTTTTTAGACATGGTAAAATCATCCGAAAAGTACCAGAAGCCATTATGGTAGAAGAACTTAAGAAAGAAATTGATATTTTGGCAGAAGAATATTTTGAAAAGAAAACAGATTTGGAAAGCCTTAGATAATCGTATCGGGGTTTTTGTTTCAAGGGGGATTTTTGTTGGAAAAAGAAAATGAGCTTAGTTTTTATGATGGTGTTAGAGCCTGCCTTCCTACCGTCCTTGGTTATGCTGGGATTGGTATCGCTGCAGGAGTAGTAGGAAAAGCATCCCATTTAAGCCTTTTAGAAGTGACGCTACTTGCGATTATCGTTTATGCAGGTGCGGCGCAATTTATTATTTCTGGTTTGTTATTACTACAAAGTCCGATATCAGCAATCATTTTTACTACTTTTTTAATTAATTCAAGGCATTTTTTAATGAGTATGGCGGAAGCTCCTCATTTTAAGAAGTATTCTTTGTGGAATAATATTGGGATTGGTGCCCTTCTGACGGATGAAACGTTTGGGGTTTCGATGAATCAGATTGGTAATAAAAAACCTGTTAGTGCTAAATGGATGCACGGAATAAATGTAACTGCCTACTTGGCATGGATTGTCGCTTGTATCGTTGGGGCATTTATTGGCAACTGGCTCCCAAATCCAGAACAATTTGGTTTAGACTTTGCGTTGTCTGCAATGTTTATCGGTTTGCTATATTTACAAGTAGTGAGTGATAAAAGCAAAAAAATAAGTACGAGTTTGTTCGTCATGATACTAGTCGCTGTATTTTTAATTCTCTTTATGCGTGTGATGACGCCAGAACTAGCTATTTTAACTGCAACCTTACTCGGATGTTTGATGGGAGTGATTATAGAGAGATGGCGTTAAGTTCCTATACTTTATTTGTCATTGTTGGATGTGGACTTGTGACGTTTATACCGCGTGTCTTGCCGTTTATATTTGTGCGTAAATTACAGCTTCCAGATGTAGTGATTCGTTATTTATCGTATGTCCCCCTTTGTATCCTCACTGCGCTGTTCGTTCAAAGTTTATTAATTACAAGGGAAAATGGTTTTCCAGGAATTAATATAGAGAATTTACTCGCATCACTTCCTACCATTCTAACAGCTATTTTGACTAAAAATTTAATGTGGATTGTTATTATTGGAATTATTTCCATGGCAATGATTCGTTTATTTGCATAGAAAAGCCCTTTACTGGAGTGTGTTTTTGACGGGAATCAAAACCAGTAAAGGGCTTTTTGTATAGGTGGATCCGAAGTAATATTAGTTAGATGTTGTTGTGGAACTTGTTGAAGATGTACTTGTGTAATCTGCAAATGCATCTTTTAAATCACTATCTTTAATATCAATATTAGCAGCTTTTAACTCTTTTTTGAGTGCAGCTGTCATATTTTCTGTGGTTAATTGAGATTCAATATATGCGGCTTTTACGTTTGCTTTTTCTTTAGCGTAAGTGCCTTTTTCTGTTTTCTTCACTAATTGGATCAAGTGATATCCGTAGGTAGATTTCACAATGCCACTTACATCATCTTTATTTTCTAATGCATAGGCTGCTTTTTCAAATGTTTCGTCCATTTCACCGGGACCAAATGGATCTAAAAGCCCACCATTTGTACTAGTTGCTGTATCTGTAGAATATTCTTTAGCTAAATCAGTGAATTTTTCACCATTTTTTAATTTCGTTTGAATTTCTTTCGCTGTAGCTTCATCGTCTACTAAAATATGGCGCACAGTAATATCTGGTTCCCAAGTTTTGTAGTAGGTTTTTAGCTTGCTTTCACTTACATTCATGTTTGCTTCTGTTGCTTTTTGAACAAGTAAATTATACTCTAAATTTTCTTTGAAAGAAGTTTTTGTTAAATTATTAGAGGATAACGTTGATTCAAATGAGTCACCGTATTGTTCTTCATATTTCTTGTATTCTGCATTTACTTCTTTTTCTGTTACGGTGTATTTATCTTCTAAGATTTTTTTGAAAGTAAGTTGTTGCACGACCTCATTTCCATAAGTCGTTTTCATCGCTTCGTAAAGCTCATCTTGTGTGACACTTCCTGCATCTGTTTTAACAACAGCACTGCTTCCACAACCAGCGAGTAGTAGTAATGTAGCTGCTATTACGGAAATCATCACTTTTTTTAATTTTGTCAAACTGTTCCTCTCCTTCGTCTTTCGGCTA
NZ_CP092060.1_gap40	1615430	1618904	3474	TAAACGCTCGCTCATCAGAATCATCGCTTTTTTGATAATATCAGCGGCACTACCTTGAATAGGCGTGTTCATCGCCGTTCTTTCTGCAAATCCGCGAACATTAAAATTACGACTGACAATCTCTGGAATATACCGACGACGATGTAAAATGGTCTCTACATAGCCTTTTTCTTTCGCAAAACGAACGATATCTTGCATATATTCTTTCACAGCTGGATAGCTCACAAAATAACGATCAATAAAGTCTTTTGCTTCTTTACGCGTAATACCAAGGTTTTGCGAAAGCCCATAATCACTAATTCCATATACAATACCAAAGTTTACCGCTTTAGCCTGACGACGCATTAATGAATCCACTTCGTCTTGCTCAACATGAAACACGTCCATCGCCGTTTTCGTATGAATATCATAATCGTGCTTAAATGCATAAATTAAATTTTCATCTTCCGAAATATGTGCTAAGACTCTCAGCTCTACTTGAGAATAATCGGCTGAAAACATTTTCCAACCTGGTTTACTCGGTACGAAAACTTGTCTAATTTTCCGTCCTTCTTCTAAACGAATAGGGATATTTTGCAAGTTCGGATCAACTGAACTTAAGCGTCCTGTTTGCGTTAATGTTTGGTTGAAACGTGTGTGTACTTTATGTGTTTCTTTATCTGTCACTTTAAGCAGCCCTTCGATATAAGTGGACTGAATTTTACCAAGTTGACGATATAACAAAATTTCATCAATAATCGCGTGTTTACCAGATAAACTTTCCAGTACATCGGCAGCCGTTGAATAACCTGTTTTTGTTTTCTTGACAGCTGGGAGACCAAGCTTTTCAAATAAAATCACACCTAGTTGTTTCGGTGAATTAATATTGAATTCTTCGCCGGCTAGAGAATGGATCGACTCTTCCAATGTTTTCAGTCTACCCGCTAGCTCCACTTTCATATTCTCTAGACGTTCTGTATCTACACTAACCCCTTGCATTTCCATTTCTGCTAATACAAAAGTTAGAGGTAGCTCAAGGTCTTCCATCAAAGCTAGTTGTTCATTTTCTTCTAAATCATCAACTAGTCTTTTCTCTAAGTCAGCAATAGCCACTGCTTTTCTAGCTAAGTGTGCCGCAACAATGCTTTCTTCAGGAGTGCTACGTTTAGCACCTTTTCCGTAGACTGCTTCATCTGTTTCTACTTCTGTGTAATCATGTCGTATTGCAACACTTGTAAAGTCATCAATCGAATCAGATGGATTTAGCAAGTAAGATGCTAACATGATATCAAAGGTGATACCAGAAATGGCCAAACCAATGCGGTTCATTGCAACCATTGTTTTCTTCGCATCGTACACTACTTTTGTTTGATCACTTTCTACCCATTTGCGGAATACCTCACTACTTTCGGCTGTTTCTTTTGTAAAGAAATACGTCCCTTGGCTAGAATGTACTGTTAATCCAATGAAATTAGCTGTATGGTAATTATCGTTTTCTAGCTCCACATAAAGCGCGGTTTTCCCACCAAAATGTTTTTCTTTTAATTCTGTTACGATTTCAAAAGACAACTCTTTTAGTTCTTTCGTTTCTTCTGGTGTATCTCCCTCGATATTTTTCAAAAGTGTTGTAAAATTCATTTCTTTTAATAAAGGGATAACTTTTTCTGTTTGATAGCCGTCGTATTTCGTGCTTTCGACCGTGCATTCAATCGGTGAATCCACATTGATTGTAGCTAACTCTTTACTTAAAATAGCTAATTCTTTATTTTCCAGTACTTTTTCTTTTAGTTTTTTACCGGAAATTTCCTCGGCATGCTCTAACACACTTTCCACCGTTCCACCAAATTCATGTAAGAGTTTTAAGGCAGTTTTTTCACCAACGCCTGGAATACCAGGAATATTATCGGAGGAATCACCCATTAAACCCTTCATATCAATGATTTGTTGAGGAGTCAGATTGTATTTTTCTTTTAGTGTTTCTGGTGTGTTGGTTTCCATATCGGCTATGCCTTTTTTAGTAATATAAACCGTTGTTTTTCCAGAAGCTAATTGCGTTAAGTCCCGGTCTCCGGTAATGATTGCTACTTCCATTCCATCTGCTTCTGCTTTTTTCGTCAATGTTCCGATAATATCATCTGCCTCGTAATTGGCAAGTTCATATTGCGGGATATCATACGCCGTTAAAAGTTCTCGGATGAATGGAAACTGTTCAGATAACTCACTTGGGGTTTTTTGACGTCCGCCTTTATAACCTTTAAATGTTGTATGCCTGAAAGTTGTTTTTCCAGCATCAAATGCAACGAGCACATGGCTAGGTTTTTCTTTTTCGAGTACATTCATCAACATCATTGCGAAACCATACACCGCATTTGTGTAAACACCTTTATCATTATTTAAAAGCGGTAAAGCATAAAAGGCGCGATTCGCAATACTATTTCCATCAATTAATACTAATTTATTCACAGGGATATCCTCCTCGATATTGTCATTCACTTGTGTCTATTTTACCATAGGAACATAAAAACAAACCACTTATCCGAATGGGATTAAATGGTTTGTTTTAAAAACGTATATTTATGGTTAAAAATAAAAATACAGACTAGTTTTAGAAGTTAAAATGGATTGTTTTAGAAATTTTTTATTAATTCATCTGCAAATTCCGAACATTTAACTTCTGTCGCACCATCCATTAATCGAGCAAAATCATAAGTTACGGTTTTCGCAGCGATTGTTTTTTCCATTGACTGATTAATTAATGCAGCCGCTTCACCCCAACCAATATGTTCAAGAAGAAGTGTCCCAGATAAAATAACTGATGAAGGATTCACTTTATCAAGACCTGCATATTTCGGTGCAGTACCATGCGTCGCTTCGAAAATTGCATGGCCAGTTAAGTAGTTAATGTTTGCTCCTGGAGCAATACCGATTCCGCCTACTTGAGCAGCAAGTGCATCAGAAATGTAATCTCCATTCAAGTTCATTGTAGCAACTACATCAAATTCAGCCGGGCGAGTTAAGATTTGTTGCAAGAAAATATCCGCAATCGAATCTTTGACTAAAATTTTCCCAGCAGCAAGCGCTTCTTTTTGTTTCGCGTCAGCAACTTCTGTTCCTTCAGCTTCTTTAATGCGATCATACTCATTCCAAGTAAATACTTTATCACCATATTCGCGTTCACATAAATCATAGCCCCAATTTTTGAAAGCTCCTTCTGTGAACTTCATGATATTCCCTTTGTGTACAAGCGTTAATGATTTACGACCTTCTTTAATTGCATATTCAATCGCCGAACGCACTAAACGCTCTGTTCCCTCTTTGGAAATTGGCTTAATACCAATACCAGAAGTTTCCGGGAAACGAATTTTGTCAACGCCAAACTCAGATTTTAAGAAGTCGATTAGTTTTTTTGATTCTTCGCTGCCTTCTTTAAATTCAATCCCTGCATATATATCTTCTGTATTCTCACGGAAAATGACCATATCTGTGTCTTCCGGA
NZ_CP092060.1_gap41	1621333	1622111	778	TGAAAATAAAAACACCAAAGGCACTTGAAGCTGCCTGAATAAAAAGAAGTGGCCAAAAGCCAATTACTTGGAATAACCAAACGTACATAATCAATTCTATTAAGCCATATAAAGCCCAATAAAGAATAAATTTTCTCATAAAATCAACTCCAATACTTACTCTCTATTATAACCTATTTTGGCGTAATCGAAAAACAATACAGGCGTGCGCATAAAAAAAGCGTCCCGCATGCGGGACGCTTTTAGAAAGTTAACTATTAATGTGTTGCTGTTTTGCCGTTATATACAACACCTTGACGAGAATCAACAGTAATGATTTCACCGTCTTTTACAAGAGATGTTGCATCTTTAGCGCCAACGATGACAGGAATGCCTAGGTTGATTCCTACAACTGCTGCGTGGCTAGTCAAGCCGCCTTCTTCCACAACAACTGCTGCACTTTTCTCGAATGCAGGTAGCATTTCTTTATCCGTTGTTTTAACGATTAAGATTCCGCCTTCTTCTGCTTTTTCAAGTGCTTCTGCATTGGATTTAGCAACGATTGCTTTACCGATAACAGATTTGCTGCCAATACCTTGGCCTTTAACAACTTTTTCACCAATTAATTGGATTTTCATTACGTTTGTTGTTCCACTTTCAGTAACTGGAACACCAGCAGTGATGATAATTAAGTCGCCTTGTTTTGCAACGCCAGAAGCAAGAGATTCTTTCACTGCAAGGTCGAACATTTCATCTGTGTTGCTAACTGGAGTAGCTAGGCGAGGATAAACACCCCATG
NZ_CP092060.1_gap42	1664362	1668654	4292	TTGTTTTGCTTTCTTTTCTACTTTTCGTGAAGACGTATCTTCGTATGTATCTATTTCTTCATCCATATCGCCAAAGAAAAAATCTTTAAACCATCCCATTCATTATCACCCTAAATTTAATTTTCTTGTTTGATTTTAACAGACAAAAACAAAATAATCTATGACAAAATTGTGAATTCGCCTTTTTTCGAGCCATATTCGTTATAATACCTTGGTAATAGAGGGTTCAAACGTGGTATAAGTTTTTGTTATAAAGGTAAAATTGATTCATTTTTGTGCGATTTATGCATATTTTGTATACAATTAACATTTTATCGTTCTACATTTAAGGCGTTTTCACAATATCTAATAAATAGCAACTAAAAAAGCGCCCGATATAGCATCAGACGCTCAAAATTAAACATTTATTTAGAAATTAACAGGAAAAGCTTCTCCAACCACAGCCGATTCCTCCAGAACCATAATCCCCTTTTCCGTAGGCGCATCAGGAATCGCAAGTTCACGCGCAGCACATACCATGCCGAAAGAATCTTCTCCTCGCAAATTAGATGGTTTGATAATTAAACCACTTGGCATAACCGCACCGATTTTTGCAACAACTACTTTTTGACCAGCGTCAATGTTCGGGGCACCGCATACAATTTGCAATACTTCATCCCCTACATTGATTTTACATACATTTAATTTATCTGCATTAGGATGTTTTTCTTTCGATTCCACATAACCGACGACGAATTTAGGAGATAAATCAGCCACGATTTCCGGTTCGAATCCAGCTTTTTCAATTACTTGATTCATTTGCGCTACTAATTCCTCCGTCAAATCCACCTTACCATTTGCAGTAATATTAAAATAGTTGGAGCTATTAAAGATGTTATATCCCGCCAACTCTTTTGTTTCACGATCAAAAATTCGCGCTACATCACCGCGGCGTTCCCATTCACGATTTTCAAACGTTACTTCGCCTGTTTCAATTAGTAGAGTGTCCCCTACCCCTTCTTTGTTATAAAATGCGTTTACTATCACGTTTTCTACTCCTTTAATCTGTTTTTTGCCATTATAAATATCGGTTCAAGTTTACCATTATTATAGACAAATGGCAAAGAGGTAATTGGTACAAGCCCATCCGCAAAAAAGTCCATCGTCATATGAGCCAGAACATCGTAACCTGTATTATCTTGGATATCCCCGATAATTAAAACGTCTTGATGCGGTACGGCAAGCACCATTTCCCCCGTTAACTTCTCGCGCATTTCGCGAAGGAACGCTTCATTCAACAATCTACTAGCATCGTAACCATCATTTGTGCGAACGAAATAAAAGTCATTACCATTAACAGAATCTTTTTTTAGCGGGATTTCTAGATTCGCTAAATTATTAAAAGCAACTTCTCTTATTTCTTTATGCGTTAGTTGTGCTTTTTTAAGCATACTCTCTTCAATAAAACGATAGGATTTCCCCAAATCAACCGCGTAGAAAATTTTCGTTTCAGCCGTATGATCATCCGTTAACAGCGCTTCTCCAGCTTTTGTTTCATCAGGAAAAGAAGTTGCACGTACAACCGGATAGATGCTTGCCTTATTATTTTCCAGCTCAACATTTCCCGCCGCTGCCCGAAAACCCTCTTCCACATAATAAACAATTTTTTCCACCGCTGCATTACCATCATTTTCAAAGTTCGCAATGATTTGCGGGATGGTCAGAGTTACTTTTTTACCATTTTGCGCAACCGTTAGCGTGTCATTGTCTCGATTATATGAAAACTGCCGATTCGGCGCTTGTAATTCTTTTTCAAGTTTTTCTTTCATTTTCAATGTAGTCATTTTTGCCATAAGTGCCTCCCCTTCCATAAAAAGCAGTCACTTTTTATATCGCAGCTAGAAAATCATTAATTTCTTCTTTTGTTTTTCTATCTTTACTTACAAAACGCCCCACTTCTTCACCGTCTTCAAACGCCAAAAAGCTCGGAATACCAAAAATCGCTAAATCAGCACATAAATCAATAAATTCATCTCGATCAACATGGTAAAAGACAAAGTCCTCATTTTCCGCTTCGATTTCAGGCATTACTGGTTCGATGAATTTGCAGTCGCCACACCAATCAGCACTAAACATAAAAACGGATTTGCCTTCCGATTTAATAGCGTCAAATTGTTCTACTGATTCTAATTTCTTCATTTCCATACGCTCCTTCTAATCTCATACTAGTTAAATCCTACCGCCTAACAACACTTTCGTCCAGAATAACGCTCATGAAAAAAGTCCAGCCCCAACGAAGGAGCCAAACTTTTTTTACCGTACTTTAGAGCGCGCTTTTTTCTTTTCTAAAAAATCGTGGAAATACCCGAAAAATAATGTCACGATCCCAGCAATCATAGTGGTCCATATCCAACCAAGCTCTGAATCACGAAAATAAGGCAGGTCCGTAACATAGCCTAGCAAGAATACTAAACTCGCCACCAAAAGGAACAACCCCACAACAATTACTGGTTTCTTTATTATTTCACGCATTGTTTTTAATTGTTTCGTAGGTCGTTTTATCCAAACCGCGAATAAGCGTTGTAATCATTTCTTTTGCAGCAGCATAGTCATCCACATGTAAAATCGAGTTAGACGAGTGAATGTATCTAGCTGGAACACCAATTACTGCACTCGGAATCCCGCTAAGCGATGTATGCACTTTCCCAGCATCCGTTCCTCCTGGCGAAACAAAATATTGATAAGGAATTTTATTGGTTTCCGCAGTATCTAATAAAAATTCACGCATACCTCGATGCATAATCATCGTCCGGTCAAAAATACGCAGTAAGAAACCTTGACCAATTTGACCGAATTGCGATTTATTCCCAGTCGTATCATTTGCAGGGCTAGCATCTAACGCGAAGAATAAATCTGGTTTAATCATGTTCGCACTTACGCCCGCACCGCGCAGACCGACTTCTTCTTGCACATTCGCCCCAGCAAAAAGTGTATTTGGCAACGATTCGCCTTTCAATTCTTTCATAAGTTCAATCGCAAGACCAACGCCATAACGATTATCCCATGCTTTCGCTAAAATTTTCTTTGGATTCGCAAGCGGCGTGAATTCAGCCACAGGAACAATGAATTGCCCTGGTTTGATACCAATTTTCTCCGCGTCCGCTTTATCATCCGCACCAATATCAATTAGTAAGTTTTTAGGATCCGTTGGTTTGCTACGTTCAGCCTCCGACAACAAATGCGGTGGAACAGAAGCAACTACCCCAATAACCGGACCGTTAGGCGCCATAATTTGCACTCGCTGTGCCTGTAAAACTTGCGGATTCCAACCACCAATTGTTTGAAAACGTATTAGACCATTTTCTGTAATTTGCGTTACCATAAAGCCAACTTCATCCATATGAGCCGCAACAAGGACGCGTGGACCACCTTCCGCTCCGTGGCGCACACCAAAAATACCACCTAAGCCGTCTTGGATAATTTCATCGGAAACCGGTTCAAGTTCTTTTCGCATAAAAGCACGAATTCTATGTTCATCACCCGAAGTCCCTTGAAGTTCCGTTAATTCTTTAAACATCGCTAACGTTTCTTTTTCCATTAATAATCATCTCTTTCCGTCTAAAATCTCTTTTATTATAGCAAATAATATCCGTTTCCGCTCGCTTCACTTCTCTCTTTTACAGAAAGCGTGTTCAAAAATCCTTTTATAATCAAAAATTTGTAGTATAATGATTAAAAGAGATGTTTGTAGTAGCATCTTTTAAAAAGAATAGGAAACACTAGGGAGGAAAAGCGATGAACTGGAAAGCTTTCATTGCAGGCGTTGGAGCAGGAGCAGCGGCTGGACACCTTGTTTATCATTATTTACTTAGCGATAAAACAATTTCTGGGGACGTCATCTTAGAAAAGGTAAAAGATGCATTCAAGCAAGAAGGACCAATCGAAGGTTCTTGGATTCAACTTAAAAAACAACATTACAAAAAATTCGCGATTGATACTTTCGTTTACCACGGCGGAATCACTTGTATTCGCGAAGGCGAGAAGAAGCAATTCGAATTTATCGCAGACGCTAACACAGGAACAATCATCGACGTATATTTAGCTTAAAAAATAAAAACGATTCCCCAAGTGGGGAGTCGTTTTTTAGCGGATAAAACTATCTATTTTCTTTTTAATTACCACTTCATCTGTTTCACCTTGTTCAATTAACTCCTTCATTTGTTCTGTGTAGATTAATTTTGCGGCAGCATCCATCGCTTTTTTCACCGCTGCTATTTGTTGCATAATAGTTTCTAAATCACGCTCTTCTTCTG
NZ_CP092060.1_gap43	1711073	1711773	700	TGTACCAATCGCTACCGGTCCTATTAATGACTCTGCACCAAAGAAACTAAGAATAATCACTACAGCCAACGCGTAAATCAAATCAATCGCCGGTCCAAGTAATAGCGCATTAAATTTGATATTTTTCATTCCGACGTCATAGTAATCTTTATTGATTTTCTCAAATTCTTTTACTAAACGACGCTCTTGATTAAATTGTTGAACTATCGACATTCCTGAAATCGACTCAGCAATTTTTGCATTTAATTGACTTAATTTTTCTCGTCGTGCCCGGTAAAACTGCGAACTGTATTTCCGGTAAACAAAAATAATAAAGACAATAAGTGGGAATAACAGCAAACTATATAACGCTAATTGAACATTGAGCGCAAACATCGCCGCATAAATACCTACAAGCATAAACAAACTTTGGATCGCTGTTGAAAGCACATTAATAAACATATCTTTCACCGCTTCGGTATCATTTGTCACGCGCGACACAATGCTTCCTGCAGGCGTTTTGTCAAAATAACGCATACCTAGCGAATGAAGTTTTGTAAAAATATCAATCCGCATTTGTTGCACAATTTCAAGCGCGATTTTTTGGAAGAACAGCAGTTGGAAATACCAAACAACTGATTTCCCAATCGTAAGTCCCAAATATCCCGCACCAAGAATTAGCAAAGCCTGCATTTCCAAATTCATCGGTGTTAAATAATCA
NZ_CP092060.1_gap44	1761790	1764276	2486	CCAGTCTTCCAGTTTCCAATGACCCTCCCCGGTTAAGCCGGGGGCTTTCACATCAGACTTAAAAGACCGCCTGCGCGCGCTTTACGCCCAATAAATCCGGACAACGCTTGCCACCTACGTATTACCGCGGCTGCTGGCACGTAGTTAGCCGTGGCTTTCTGGTTAGATACCGTCAAGGGACAAGCAGTTACTCTTATCCTTGTTCTTCTCTAACAACAGTACTTTACGATCCGAAAACCTTCTTCATACACGCGGCGTTGCTCCGTCAGACTTTCGTCCATTGCGGAAGATTCCCTACTGCTGCCTCCCGTAGGAGTCTGGGCCGTGTCTCAGTCCCAGTGTGGCCGATCACCCTCTCAGGTCGGCTATGCATCGTTGCCTTGGTAGGCCATTACCCTACCAACTAGCTAATGCACCGCGGGCCCATCTGTAAGCGATAGCCGAAACCATCTTTCAAAAGCGTGGCATGCGCCACACTTTATCATTCGGTATTAGCCCCGGTTTCCCGGAGTTATCCCCAACTTACAGGCAGGTTGCCCACGTGTTACTCACCCGTCCGCCACTAACTTTGGAAGAGCAAGCTCTTCCTCCGTTCGTTCGACTTGCATGTATTAGGCACGCCGCCAGCGTTCGTCCTGAGCCAGGATCAAACTCTCTTTAAAATATAAATTGAATTTGAATACTTATTCAACACCGTGAATAAGATTCCTTGCGTCAAATTGACTTCGCTAGCAATTAAATTACTAGTTTGTTTTGTTGAAAACAGCTTTCTGTTTTCTGCCCTGCGATTACCAGTGAGACTTTACGTCTCATTGCTTTTCGTCTTCTTCTTTGTTCAGTTTTCAAAGGTCAGTTAGTCGCTTTCATGCTTGTTATGCGAATGTTTTCGTTTGTTTTTTGCGACTTTTAAATCATATCATTTCAGCAACTATCTGTCAACAACTTTTTGAATTTATTTTATGAATAAAATTCATTTAAATCGCTGCTATCGTAGCGCCGAAAACTAATATATCAAGTTTTGAGATATATGTCAACCGAATTATGCATAAAATTAAATAAAAATGAAAAAAATTGCAAAAAACACAAAAAAACACCTAGCTAGGCTAAGTGTTTTGATTAATTATTTGATTGTTTTTCTTTACAGGCTGGACATATACCATATACTTCCAGTCTGTGATTATCTATTTCATATCCGGTCATATGTGCTGCGAAATGTTCTACTTCATCTAAACCTGGATATTGAAAATCAACTATTTTTCCACACACATTACAAATTGCGTGGTAATGATTAGATGTAGAAAAATCAAATCGACTAGATGCATCGCCATAGGATAATTCTTTAATTAGACCAGCATCCCGGAAAACGCGTAAATTATTATATACAGTTGCTACGCTCATGTTAGGGAAGTTTCCTTCTAAAGCCCGATAAATATCATCCGCGGTTGGGTGTGTATGTGAGTTAATTAAGAATTCAAGTATAGCATGACGCTGAGGAGTGATTCTTACTCCTGTTTTCTTTAAGACATCTACTGCCTCTTTTAGAGTTGCATTAGACACCGCCATGCACTCCCTTCCAAAAATAATTATTATCTTTATAATACCGGAAATAACGCTTAACTGTCAATAGAATGGCAGAATTTATAGCTTAATAACCTTTATTCAAATCAATTTCATTCCGTAATTTGGTATTTTCTTTTAGATGTTTGATATTTTCAAACCAAATCTTAAAGCTACGTTCTAAATATTTATCCGAATGTCCAGATACATGAGGTGTGATAGTAACGTTACTTGCTTCCCATAAATAATTGTCTTCGGAAAGTGGCTCTTCAGGTACAACATCTAAATAAAAATGGTTTATTAATTGCTCTTTTGATGCTTGTTCTAAAACCTTTAATTCAACTGCGCTACCTCTTCCTATATTGATAAAAACTGCATTATCTTTCATTTTCCGGAAAAATGATAAGGAATAAATAGCTGTTGTTTTGTCTGTATGAGGTAAAACACTAACAAAAAAATCTGCTAATGGAGCCACTTTTTCGATATCGGACATGGCATATGTTTTACTAAAGGGCTTCACAGGATGTCCAGTTGTATTAACACCTATAATTTCCATATCAAATGCTTGAGCGAACTCTGCCACTTTTGCTCCAATGGCTCCCGTTCCAGCTACTACTAAAGTTTTTCCAGCTAATTCTGTAATTGGTTCTTCGCTTGCCCAATTTCTTTCTTTTTGCATTCGATAGAAGAAAGTGGCTTTTTTTACGTGTGATAACATGAAAGATAGCGCGTATTCCCCCATTGGCACAGCGTGGATTCCACGTACATTAGCAACTTTAATTTTTCTTTCTTGAATTATTTCCCTCGGCAAACTATCTACTCCCGCAGAAAAAACCATGATAAATTTTAAATTGCTTGCTTGTTTAATTTTGGCTTCAGTAATGTTAGATCCGTATGTGACGATGATATCTATCTCCGCTAAATTGGCA
NZ_CP092060.1_gap45	1765403	1769091	3688	GCTTATCAGGCTGGGACGCATGCTGGGAATCCAGCTTCTATTCTTTCAGGAATTGCTTGTCTCGAAGTTTTACAAGAAGAAGGACTGTATGAGCGCTTTGAAAAATATGGCTCGATGCTGAAAGATGGCATTGAAAAAGCCGCGCTAAAACACGGCATCGCTGTTACGGTTAACCAAATTGTCGGTGCTCTAACTGTTTACTTTACGGAAGATCCTGTGACTAATTATGCTGAGGCTGGCGCTACAAATGGCGAGTTATTCGGTCGTTTCTTTAAAGGAATGCTAGAGGAAGGCATTAATTTGGCGCCTTCTAAATATGAAGCATGGTTCATCACTTCCGCACACTCGGAAGCTGATATTTTAGAAACAATCCAAGCAGTTGATACTGTTTTTGGAAAAATGGTTCAAGATAACTAGGTAATATTACTTTATAAACTGGTGAGAAACGTTATAATAGAAGAAGAATGAGCGGGAAAACTTAAAAATCCCGCTCAAATAGTCTATAGAAAGGAATAACCTTCCATGAAATTCGGAGCTAGAATTTTGAAAACTGGTATTGCAATCACATTGGCGCTTTTTATCGCTCAACTTTGCAATTCACCTTCTCCATCTCTGGCAGGCATTTCCGCCGTTTTTGCTATCCAACCTTCTATTTATAGGTCCTATCGAACTATTTTAGAACGGGCGCAAGGGAACGTAATTGGAGCCATCATTGCAATTATTTTTGGACTTTATATTGGTAATGATTTTATTTTAATTGGTGTCGCTTCGATTATCTGTGTTGCTTTATTAATGCAATTCCGCTTGGAGAATACGATTGGCCTTGCAGTCGTGACACTCATTATTGTAATGGATTCTCCTGGTAATGACTTTTTAGAAATCGCACTTATTCGTTTTGGGACAATTATGTTAGGTTTACTTGCGGCATTTATTGTCAATCTATTCTTTTTACCACCGAAATATGAAGTTTCATTGTTTCAGTTAATTTATAATACGAATAGTGAAATCGTTCGTTGGATTAAATTAAACTTGCGTCATGCTGCGGACTTCCCTCTTCTAAAAAAAGATATGGAGTGGATGCAAAAACAGTTAAATCAAACGCGTAACTTATATGGTTTATACAGAGAAGAGCGTACTTTTTTAAAGAAAAATGCCATTTCAAAAGGGCGGAAAATTGCTGTATATAGGCAAATGTTGCTTTGTTCTCAAAAAGGTTTTGAGCTTTTAAAAATCCAACATCGCTATGAAAATGATTATTTGCAACTGCCTCCAGATAAGCAAGAGTTAATCAGACAACATATCGATTACTTAACGGATAAACATGAACAACTTTTACTGACATACATCGATAAAGTTTCGATTGATCTTGAATATGTAGAGTCGCATTTAGCACAGGATCCCCAAGATTTGATGCAGCTTTTCTTGCGTGAGATGAGGGAAACAGAAAAAGATGAGTATGAGGATATGATGGATAAATACCATTTAATGCGTATTATTGCCTCTGTTTTTGCTTACCAAGAGACAATCGACTATTTAGAAAAATTAATTCATAGTTTTAAACTCAGACACACGAAAGAAAACCAAATTGATATTAATGTCAATGAAGAATAAACAAAAAACGAGCTTGGAGATAGACTCCAAAGCTCGTTTTTTTAACGGTATTCTTTGTACTTTTCATACCAAATGTCAATGTAGTCAGGGGAAAACGGACCTTTTTTGTCCAAAATCCAGTGGCTTAACACATCCACATTATGTCGAAGTATCCGGTCAATTGAGTCTGGGTACTTCATTTGGCGACGGTGTTGTTCGTATTCGCCCTCATCAAGCAAATGAAACCTTCCATCTGGGAAAACCTTAATATCGAGGTCATAGTCAATGTACTTAAGCGCTTGTTCATCTACTGCAAATGGTGTCCCTAGATTGCAGTAATGATAAATGCCGTCTTCTCTAATCATGGAAATTACATTAAACCAGTAATCACTATGAAAATAGCAGATAGATGGTTCGCGCGTTACCCATTTACGTCCGTCTGCTTCCACAACTAATGTGTGGTCGTTTCCGCCGATAATAATATTCTCCGTAGATTTAAGCACCACTGTCTTTTTCCAAGTACGATGAAGTTTTCCGTTATGTTTGTAGCTCTTGATTTGTATTATTTCTTTCTCTTTGGGTAAGTACATCCTTTATCCTACTTTCCTCATGTACTATCAAAATCATTATTATTATAACATAAGGCAAGACTGCAAAAAAACAATATCGTGCTGAAACGGAATATTTTCCTCAAAAAAGAACTTTTTTTACATAAAATAGCTAATTTTTACCTATTTTGTTTTACTATACTAAAAGTGTTCTGCCGCCATCTACTAAAATAGTTTGCCCGCGAATCATATCTGCTTTTTCGCTCGCAAGGAATAATACGGCATTTACTAAGTCATTGGGCTCAATCATTCGACCCGCTGGTGTTTTACTTATAGCATCTTTTAACAATTCTTCACGATTGGGAAAGTGATTTAGTGCGTCTGTTTCAATTAAGCCGCCAGAAACAGCATTAACTGCAATGCCAAAAGGTGCAAGTTCAACTGCTAAATACCGAGTAAGTGATTCTACCGCCGCTTTTGAAACGCCAACTGTTGTGTAATTTTCTAAATAACGAATCGAGCCAATCGAGCTTAAGCTGATGATTTTCCCGCTTTGATGGCGTTGCATTAATTTAGCTGCTTCTTGACCTGCAAACAACAGCGCTTTTGCGTTAATATTCATTGTCCAATCCCAATGTGATTCCTCTAACTCCATCAATGGTCGAAGGACACCACTTGCTGCATTGTTAATAAAAATATCTAATCGGCCGAATTCCTCATCTACAGCTTTAAATAAGTCTCTAATTTTTTCCACGTCACCAACATTTGCTTTAAAAATAACGCATTTTCTTCCTAATTGTTCAATTTCTTGTTGTACTTCTTCTGCTTTTTTGCGATTTCTGGAAAAATTAACAGCGATATCATAGCCTTCATTTGCAAGTGCGATGGCTATTTCTCTTCCAAGTCCTCTACTACTTCCTGTTACTAATGCCACTCTGTTCATTTGTTATTCCCCCTTAAAATCTTTCCACGCTTGCCACATTTTTTGATATGGTACTGGAAAAGCAAGTCGCTTCATTTCTTCTTCTGTTGCAAAATACCAATTTTCATTTGGAATTGCTGACTGAAGTTTTGCCACACGAATGTCCATTTTCCATACTAAATGAGAAAAAACGTGTTTGATATGCGCAATTGGTTCGTCTTCTAGTAAAACGTCTAAGCCATAATTATGTAAAAATTGTAGTTTAGCTACTTCCTCATTTTCTTTTTTCGAAATTTCAATAGTAGGAAATTGCCACATATTTGCAAGCAAACCATTTTCTGGTCGTTTCTCTATGGCAATTTTTCCGTCCTCTGAAATAACAATGATGCTTAATAGTTCTTTGGTTTTCGTTTTCACTTTTTTTATTTTTACTGGATAATTCGTTTCAACGCCATTTTTATGCGCTTCGCAAAACGGTTGGAGCGGACAAAGCATACACATTGGTTTTGTTGGTGTACAAACAAGCGCACCAATTTCCATTAAACCTTGGTTGAAAGCGGCTGGATTTTCTTTGTCAATTAGTTGATATAACACTTCTTCAAAAATTTTCCGGGTGGACACTTTCATG
NZ_CP092060.1_gap46	1773309	1778141	4832	GATAAAAAACCAGATTCTGATTTTACTCAGAATCTGGTTTTTTTGTTTCTTCTTCAAGCGGGAAATCAAGGACTACTTGACTATTTGCAAGTGGTCTTTTTTTACCAACAAGAATCATTAATTGTAACATGGTGAAAGCAATAGAACTTCTTTTTCTAAAGGCAACAAATTTTTGTTCCCATTCTGTAACATATTTGGATTTAAAATTACGCAATCCTTTGAAGCCGTAAAAACCTTGACTATAGCGGTATACCAGTCCGGCTAATCGTTCACCTAGGAAAGCATATTTACTTTCTCCAACATTGGCAAGCGGCGCCATACCGGCATTAAATGTTTGGAAGCCGTCTTCTTTAGCTTTTTCGAATAGATTAATGAAAAGGAAATCCATAATACCTGATGGTGCTTCTTTAGAGTAACGCATTAGGTCAATCGAAGTCATCTCTTCTGTATATGACGGCATCATCGAAGCAAATCCAACGACAGTACCTTCTCCGTTTTTAGCGATAGCAATCGGAGCTTGTTCGAGATAATACGTATCGAAGAATCCTAATGAGAAACCTTTTTCTTCTCTTCCATCTAGCCACTCATCAGAAACTGCTCGTAAAGTTGTCCAAGTCTCGTGATTGAATGGTGGTTCTATTATTTCAAAAGTATAACCTTCTCGTTCTAATTTATTCATGAGAGCACGCTCACCTTTTTTCTTTTTACCACTCATTGTAAAGTTTTGAACGTCTACAAAACCTTCCTCTCCAAGCTTGATAAAGTCAAATCCGTGATCATGTAAATATGGAATCATCGTGCCTCGAACTTCATAGAAAACAGGTCGATAGCCAAATCTGTCAGCGTTCATCATAACCTCTTCAATCGCTGCTTCCATTTTGTCCATATTCCCAGTTGGTTCGCCCATGATGACCATTTTGTCCGCAATGATTCGGTAAGAGAAAAGTACTTCTCCATTAGCCGCCCAAAAAAGTAGTTTATCTCGTAAGAACATCGTATGACTGACTTCATTTCCGCCCCATTTCGCTAAATGTTCACGTACTTTGACAGCTTCAAATGGAGAACCTAATTTTTCTTTTGTTGTGGATAAATAAATATAAATAATGACTAAACTAACAACAGCAATAAATACGCCAACAAAACCAACTAACCATAAATGTTCTGAGGCAATGCGTAAATAGTCAGGAATTTCTTTGGAATGTTTGATATTTGGTGAGTTGTAAATACCAATAACAATGTAACCTGCTAGACATACGATGAAAATAATGCTATCAATAATTACTTTACTCCATGTATAAACTAGTTTTTCTCGGTAAAATTCGTTTCGAGCTAAGAATAAACATAATAGCACAATTCCTAAAAAGATCGCCTGCTTCATCGAAAATACGCGAGCAAGTGTGTTGAAAATCGCGCAACCTAGAACAATAACTGTAATAATATACGCTTTCTTTGTTTTACATTCAATTCCTCTCGCAAGTCCCAGTAGTAAAAAGCCAAATGCAACGATGGTAATTTGGGAAGTGAATAAGAAATTAAACGGCATAATTTTGTATAAGAACGGCACATGGTAAATGGCGTTTGGAACGGCGGAAGATAAAATCAACAATAATCCGGAACCGTAAACAAAAATAACTAAGAAGCGATGAGCCACTTTTTGTAAAAATAATAGCGGTAACCCTTCAAGAAAGTCATTTACTTTTTTACCAGCTTTTTGGACGAAGAAAAGTAATCCCACTACAAAGGGAATAATATAGTAGAAAATTCGGTAAAATAGCATCCAAGCGAGCGCTAATTCTTGAGAAACGCCTAATTGGCTAAGTCCCAGAATCATCACGACGTCAAATGTCCCTACTCCACCAGGTACCATCGAAGCAATCCCAATTACCGAAGCGATAACAAATAATGGGAACACTTTGAAGATATCGACTGGTTCTCCCATCAATGTACCAATAATCGCGAAACATCCAAAAGCGAAGCCCCACTCCAAAAGAGAGGCGATAATTAACGTTAATTCTCTTTTGATAGGTAAATCAACAAAAAGTGACTTACTTTTCCATTTCGTTATTGTAAATAAGATTGGGAAGTAAAGACCACCCGCAAGAAGCCATGGCCAGTAATTAACAAAATGATTTGCAAATCCTGGAATGAGTAAAGTGGCTAATGATACTAAACAGTAAATCGATAAACCAGATACTAAAAATAAAGCAATCTTAGAAATAGCGAGTAATATTTCTTTATGAGATGCATTTTTTCCGTAAAAACTTGCTCTTAAACTGGCACCTAATACGCCACCAAAACCACCAATATTAGTAAATGTATTCGTAATCCAACCAGAGGCAATCACATGACTTGGGGAAAACTTTCCAGGCAACAACTTAACGATGACATAATCATACAATAGCATTGGAGTGACAGCAATTAAGCCAACAATAAACATAATAAATATTTGTTCTGGACTTTGAGAAGTTAAATTTTCTTTTAGCGATGGATAGTCAATTCCCGTCGCAATATTAATAATTTCAAAAATAACAAATGCCATCACAAAAGTAATAAAAACGATTTTTACGACGGTACTATTTTTTTGAAACCAGGCATAGGCTTGCATTAATTTTTCTTTCATAACAGAGTCTCCTTAACGATTTCCATTCATCTTCTTTTATTGATTCGTTTTCTAACAGATGGTACAGCATAAGCTAGTAGAATGCCTATTAATCCACTTAACGTATTTAAAATGATATCATCTATATCTGTAGAACGTTTTGGTGGTAGCGATATACTTTCAAATCCTGTAATCATCGTTGTTTGCGCAAATTGAAGTAGTTCGATGCCGCAAGATGTTAAGAATATGACTAATAATGTTTTTCCCGCAGTGCTTGTTATTTTAAAGTAAAGCATGAAGAAAGACAGTGGACATAACAATAAAACATTCCCTAAAATTTGAATAATAGTAGGCATCGTTGGTAATGTTTGCTGAAATGTATTTTCTATGGTGGTAAAAGGTATTAAGTTAATCATTTCTTTTTGAATATGGAAATTCCCAGTATAAGTACTGTTTACGAAATCCCCAACAGCTATGTAAGCCACAAGGTGTAATAAGATAATTATATATAGAATAAAAACGCAAAACCATATAAAGTCTATCCAATTCTTTAGTCTCGCCATGTTGGTTAGTATGATGGTTGCTAAAAAAAGTAAGCAACTATTTGCAATGGTATTGATTAAATCTGCGTTATTCCCAAATTGTAGTGCAAGCGAAATCCCGTACAAGAGATATAACGCTGGCAATAACAACACAAAAAAACGGCATTTTTGGACTTGCATTCTCGTATTCCAACGCCTTCCGTTTCAAAATCAGCTCTCAGACTCTCTGAATAAGCTCCTAGTATCAGTTTAGCAGATATAAAAATGAAAAGAAAGCTTGTTTGTGCTTACATTTTTGCAAGCTTCTGTAAGGCTTTCGGGTTCTTATTTTCTTTTTGGTAAAAAAAGTGCTACAATTTCTTAATGATATTTGTGGAGGAGACTAGGATGAAAGAATTATTAGGGTTATTAAAAGAAGGTAACAAATCCGCCTTAACAGCGGCTCTTGTTAACACCGTTGTTTCTATTATTAAAGGTATTACTTATTTTTTTACAGGAAATATCGCCATGTTCGCGGAAACGTTACATAGTCTTGGAGATGCAGCAAATCAATTTTTTGTTTTCATCGGCTCTGCTTTAAGTAAAAAACGGCCAACAAAACGCTTTCCACATGGTTTCGGGCGAATGGTTAACTTAGTGCTACTTGGCGCTGTCATTGTTGTTGGGATAATGGCTTTTGAGACGATTCGTGAAGGTTTTGCGCATATTATCCATCCAACAAGTTCCACTGGTTTCCTTATAAACCTTACTGTGCTCCTACTTTGTACCGTGCTAGAATTTTCTGTTTTAGTAAAAGCAATGCATGAGATTGCGCACGATGTTGGCTTAGAATCAAAAGGACTTCGCTTATTTAAAGACAGTATCCTAAATCTAGGTAAAGCAAAAGCTGCAACCAAACTCGTATTCTTGGAAGATTCCGTTGCAACTGGTGGTGGACTTCTTGCGATGATTGCGGTTATTATTTCTCACTTTACCCCTTTCCATCAAGCAGAAGGTATTGCATCCATGTTAATTGGTGTAATGATGTTTATCGTCGTTGGTAAAGTCTTTTTGGACAATGCGGCTGGAGTTATTGGCGAATCAGATCAAAGTATGCATTTAACTGTCGGTCAGCTCGTAATGAGTGATCCTGATGTGCGCGATATTCAAGTTCTAACCGTTCTTAAAGAAGGCGATGTTTTCCATGTCGATGTGGAAGTGGAATTAGATCCCATGCTCACCCTCGCTGAAGTGGACGATATTAAAGACCGTTTGGAAGAAAGTATCGGAAAATTACGCGGTGTTGCTGATGTACTTATTTCATTTGATGAAGATGATGCCATCCGTAACTGGGAATATGGGGACGGACGTTAAAAATAGAAAAAGCCAAGTGCGCGGACTGCGACACTTGGCTTTTTTTAGTCTCCAGGATTAATAATTGCTAGGACTTGATGATCTTCCCAATTTCCATTTATGCGGACATTTTGTACTGCGAGCCCTTCTAAATGGAAGCCAGCTTTTAAAAGGACTTGTTTGGAACGTTCATTTTTCGGCATTACTCCTGCCTCAATTCGGTGCAGGCCAAGAATGTCAAAACCAAAATCTACTATCAACTCCACTGCCTCGGTTGCATAACCATTTCCATTATGCTCTTTATCCAGAAAATAACCAATAAACGCAGATTGTAAAGATTCCCGCAAAATACTAAATAA
NZ_CP092060.1_gap47	1780195	1784799	4604	TGATTATCAAAATCATAAAAATAAATGGAACGTCCTTCACCTTGTACTCTGGGACGTTCTGGTTTCATTTCCACACCGAGAGCTTTAATCCGCTCAGTATATTCATCCACTTCCTCGGATTGAATTTGGAAAGCAATATGATTGTAAGTTCGCTCTTGTAAAGAATCTCCTTCCATAATGCAAATCCACAAACCAGCTATTAGAAAAAATTTTTCTTTGGAAAGCGAAAATGTTTTGTCGCCACTAGAATAGATTTCTTCTGCATTAAAAATATTCTGTAAGAAAGCAGTTGTTTTATTCAAATCTTTCACAATTAAAGTGATATGGCTTAATCCTGAAATCATGTACCACCAGTCCTTTATTTATCTTTTAACTGCAAGAGTACTACAGTTTCCACGTGAGCTGTTTGCGGGAACATATCGACGGGTTGCATATAGCGAATGCGATATTTCTTCGCGAGTAAAGCTAAGTCACGTGCTAATGTGGATGGATTACAGGATACATAAACAAGTTGTTTTGCTTCCACATCTAGTAATGATTTTATTAGGCCTTGGTCACAGCCGCTTCTTGGTGGGTCAACGATGACTGCGTCTGGGCGGAAACCTTCATTTACCCATTTTGGTAATACGTCTTCTGCTTTCCCAACTTCATAATAAACATTTTCGATGCCATTCTTCTCGGCGTTTCGTTTAGCGTCTTCAATGGATTCTGGAATAATATCCATACCACGAACTTCTTTTACTTTTCCGGCAAAAGCTTGGCCGATTGTTCCAACACCGCAATAAGCATCTACTAGTGTTTCACTGCCTGTTAGTACGAGTGCTTTTTCGACTTCTTGATAAAGTCGCTCTGTTTGGAACGGGTTTAATTGGAAAAAGGCACGAGCAGATAGATCGAATTCTAGTTCCATTAATTTCTCTTCAATGCTTTCTTTTCCTGCTAAAAGGAACGTTTCGTCACCGAAAATAAGTGAGGATTTTGCTTGATTCACGTTTTGCATAATCGAAGTGACTTCCGGAAGAGCTGCTTCGATTTCTGCAAGCATTTCGCGTTTTTTAGGTAACTTTTTACTATTTGTAATGAAGACGAGCTGTGTTTCGCCGGTTTTCACGCCAGTACGAACGACGATAGTTCGGACGATACCACTGCCAGCTTTTTCATCATAAATTGGCACGCCGTATTTTTCTAGTAAGTCGCGAACAAAATTCGTTACTTTGATGGTAACGGGTTGTTGGACGATACAATCTTCAATTGGAACAAGTTGGTGAGAATTGGCACCGAAAAGCCCTGTTTCGACTTGACCACTGCCTACCATTCTTGTTTGGAATTGGCTTTTATTACGGTAACGCCATGGGTCTTCCATTCCGATTGTTGGGCGGATTTTTAATTTGGTTGGATCGATTTTTGTATGTTTTTCGATTGATTGAATAACAATATCTCTTTTTAGTTCAAGTTGGGCGCTATAGGCCACATGTTGCAACTGGCAACCACCACACGCCTCGTAAACTGGGCAAGGTGCGGTAACTCGGTTTGGAGATTTTTTACGAATTTTATTTAATTTTGCTTCGGTGAAACGATCGCGAACTTTGACCGCTTCGACAACTACTTCTTCACCGGTAATTGCGCCAGGTACAAATACAACTGCTTTTTTAAAGTAGCCGATCCCTTCCCCGTTGATTCCCATGCGTCGAATAGTTAGCGGGAATTTTTGTCCTTCTTCTACTGGATTTTGATTCATTATTTTCCTCCATCATTCCAAGTCTTCATTAATACTAACAAAAAAACAGCAGCTTGTCAGTAGTTTATGGCATGATTTCAAGACTTTCATCGACAAGGATGCTTTTTTCGACAGAACGAACCATCGAACAGTATTTCGGTGTTAATTTTAATGCTTTTTCAAGTGCTTTTGGATCCAAGGCAGCACCGGTTATTTTAAAATGAAGATGTATCGCGCTTATACGATTTTCTTCTTCTGGGATGCGTTCCATTGTGGCGTCTACCCATAAGTCGGTAAAGTTTACTCGTTTTTTCTTTAAAATGTTACGAAAAACAATGGCGCTACAACTGGCAATAGACATTAACATCAAATCCGCTGGTGAATAATCGGTCAGTTTGTCATCGATTAAAAAACTTCCTGTGTCAAACCCATTTTCGGTATAAACTAGCTTTAATGGTTTTGTCATGGTTATCCCTCATTTCTTCTCTTTTATCGTACAAAAAATCTCCTTATTAAGCAAATTAGTAGTATAATGAACAGATAGTCGACCAAAAAAGGAGGCTACTCATGTTATGGAAGGAGTAGGAAATAAAGTGATTGTTTTAGCAGGAATGATTGGTGCTGGGAAAAGTAGCTATACAGAGCTAATCGCAAATAAACTCGGAACAAAGGCATTTTATGAAAGCATTAAGGATAACCGCATCCTTGAAATGTTTTATGAAGACCCAAAAAGATGGGCTTTTGCCTTACAAATATATTTTTTAAATACCCGCTTTCGTAGTATTAAAGCTGCGTTAACGGATCAAAATAATGTGCTTGATCGGAGCATATACGAGGACGCGCTTTTTACGCAAATTAATTTTGAAGAAGGTAACATTTCGGAGCCTGAGATGGATACATACCTTGATTTACTCGACAATATGATGGAAGAACTTGCTTATATGCCGAAAAAAGCGCCTGATTTGTTGATTTATTTGCGAGGAAGTTTAGACACTGTATTGAGCCGAATTGCTCTCCGTGGTCGTCCTTATGAACAAACCTTTGATAATCCAGGTTTACTTGACTATTACAAGCATCTGCATAGTCGTTATGACAGCTGGTTTGAGTCTTATGATAAGAGTGAAACCCTTGTTATTAATATCGACGAAATAGATATTAATCAACCAAATGACGCAGATTATGTCATGCAACTTATTCATGAAAAATTAAAACGCTAAAACAGGCTTTTTGCTGTTTTAGCGTTTTTTTAATTGATTTCGCCTAATTCTTTTTTCTTTTTCCGAATCGCCAGTGTAGCGTTAAGCTCCCCGCCAATCATCAAAATAATGCCGGTCAAATAAAACCATAACATTAAAATAATAATTACACCGATACTGCCATATGTTGCTGAATAGTTGCCGAAATTATTTACGTAATACGCAAAACCTAGCGAAGCAACTGTCCAACCGATTGTTGAAAAAAGCGCTCCAGGTAGAACACTAATCAACGTACTGCGCCGGTTTGGTGCGACCCAATATAAAAAGGTAAATACGACAAAAATAACGATGAGTGTAACGGTCCAACGAAGATTATTCCAAAAGCTAAGAAAGTCTTCGGAGAAATTCAAATGATTAATTAAAAACATCCCTATTTGTTGTCCAAATACAAGTAATAGCAAGGTTGCCCCTACTGTCGCAAGCATTGCGAGTGTGAAAAACATCGATAATAATCGTTGCACGACGTAGTTTCGCTTATTGGTTACGCCATACGCTTTATTGAGCGATTTCATGACCGCATTCATGCCATTCGAGGCCGACCATAAAGTCGCGATAATCCCGATAGAAAGTAATCCGCCATTTTTCTGCGTTAGTAAGTTATTTAAATTTTCTTCTAAAAAGTCCATAATCTGGTCTGGCGCGAATTCTTTAATCATATTAAAAACGGAATCTTTATCAATATGAAGATAGGCAAGTAATGTTGCCGCGATTAAGAGCATTGGAAAAATCGAAAACAGCATATAATAAGCTAACTGTGCTGCATTTCCTGAAACATCATTTCGACCTACTCTCGCACTTACTGTTTGGCCAATTTGAACAATCCCGTTTTTCTTTGTATATTTAACTACTTTTTTCCACACTGATAAGGCCCCCTGTTCTAGTCATTCGTCTGGAAGTTTTTCTTCTACTATGGTAAAATTTTGTCTATTAGCTTGAAAGGAGCAAAAAGATGAATCTTGAAACCCCTTCACAGGAAAACTTGAATTTTATGTTAACCGAAATTACAACGAAACTAAAAATGGTGAATGTTGGTGTTTTTGAAAATCTGGAGCTTGACTCTGTTGATTATAACGCACTTATCGATATTTATCAGCTAATTAAACGTAAATCCAATTTCAGCCCGCGTGAGATGCAATTATTTGCAGAAGAATTACGCCGGATTCGCAAATAAAACAAATTCCAGCCACTTTTTAGTGGTTTTTTGTTTGGAAATAATCGGTACCAAAATCCACTAAATCACGCATATCATAAATTTTCGTCGGCGCTCCGATAATCGTCGTTGGGTGAAAGTCACGTTCTTTCTCATAAGCGCGACCTAACGCGATAAACACTTCACTATTATAATCAATTTCCTGATACTTCTCCCAAATGATTTCGCCATTTTTTAGAAAAGCTGCCTGGTTTTCGATGAGCGGAAATACATTGGAGCGTTCTTCCGCTAAATGAAGCGATGTATTGTTATTATTATCTACCCCGAACAAGATAATTTTCGCATCAAGTTGATACATTTTCCCTAGCGGCGATTCATCTCCCATGCTTTTCGCAAGTGGCTGGTTGGCAAGAATTTGTTTTTTATCTTTTCCCCAAGCACAAAACGAATGGTATGGATGAAAACTTCGCTCAACATCTGG
NZ_CP092060.1_gap48	1978780	1980065	1285	CAACTTCTTTTCCGTTGAGTAATTTTCACGATCACCAAATGACACACATGGCAAACGTCTTAAAACAAGATGGTATTGTATTTGTCATTATTGCTTTCCAAAAACTCGGAGAAACTCATTTCATTCCCTTTGAGAAATTTTATCCGTTTTGGGAACGTATGCAAAGTGGTGGAAGAAAATCAGTTACTATAGCAGAAATACAAGATGTATCAGACCAAATTCCTTATGGTCTAAATCCAAGGCTTGACTTCTTGCAATCCATAGACAAATTATACTTCTAGTCAAACCTTTTTTAAAGGAGAGAGATTTTTAATGGCAGATAAACCGCAGACAAGATCTCAGTATCGCAATAAACAAAGTGGTGGTTCTAAAAAGAAATCCCAAAAACGAGGAAAACGAGTAGTAGCGAATATTTTCAAAACTATTTTCTTTGTGGGATTATTTTTAGCTTTCTTTGGTATTGCGGCTGGTGCAACTGTCTTTTACGATTACGCAAAAGATGCACCAAAACTGACCGACTCCAAGCTACGAGATCCACTTTCATCTAAGTTACTTGATAAAGATGGAAAAGTTTTCGCAGAAGTTGGAACCGAACGGCGGGAATATATTGAATACAAAGATATACCTGAAACACTAAAAAATGCAATTCTAACAACGGAAGATGCGCGTTTTTATGAACATGATGGCATTGACCCAATTCGACTTGGTGGAGCAGTAATTGCCAATTTGACAGACGGTTTTGGCGCAGAAGGTGCAAGTACCCTTTCGCAACAAATCATCAAAATGTCCTATCTTGATTACACAAATAAAACACTTGCAAGAAAAGCTCAAGAAGCATGGTTAGCTCTTCAATTAGAAGAAAAATATAGCAAGAATGACATCTTAGAAATTTATGTTAATAAAGTCTATATGTCAGACCGTGTCCACGGCATGCAAACAGCTTCCGAACATTACTTCGGTAAAAATTTGAAAGACCTTACGTTAGCTCAAACAGCCCTACTTGCAGGTATGCCACAAAGTCCGAATAACTACAATCCTTATGAACACCCAGAAGCAGCAAAAAAACGTCGTGATCAAGTTTTAACAAATATGTATACACATGATAAAATTACAAAAGAAGAAATGACCGAAGCTCAAAAAACATCTATCACTACCGGACTTCGCTCGAAAAAAGATCGTGAAGATAAAATTTACAAATACGATTCTTACGTCACACAAGTGTTAAGTGAAATTCCAAAAGAATACGATGTTTATCGTGATGGTTTAACTATTCATACAGCGCTTG
NZ_CP092060.1_gap49	2033042	2037338	4296	ATGGATGGTACTCTTTTTCAAATTCCGAATTCGCTCGATTGCTTCTAAATCAGCTCCATTTTGCCATAATACATAGGTTTGCATGGCAGAACTAGTTAACCCATTGAGCTCATCCGGTACAAGACTAGCTAGAATCGGCCATTCTTCGGGTTTTTTTTTCATCGCTATAAGCAAACGGTGAACCTCATGGAGCACCTCAAAATAAACGTCCCACTTCTCCACTTGATATTTTGAGGCAATTTGTTCTGTAGTATAGCCCATTAATTCGCCCCCAGAAAAACGTTCCACTAAAAACGCTGGTCGAGCAACTGCTAATTTATTCATCCATGCAACGAGTTCACCGTATAACTGATTCGCTAAATTAGATTTATCTCGGTGCTTCAACCAATGCTTAATAAATTGTTGGACTTTCTTATCACGAATAACTGGTAAATAATAGCTTTCATGATGATGAATGTTACTAACAACTTGAACTGCGAGTCGCAAATGGGCAAAAAAAGCACAAGCTTGCCCTTGAAATGTAAAACCTTGGAAGTTTGGGTAATCATTTTCAAACATAGCTACTAGTTGCCCTTGTGTCACATAACCATTTTCAGTAGAAAGAATGCTACCTTGGTGCACTAATTCCGAAATTCGTTTTTCTAAATAGCTTGCTTTTAAATTTGGCACTAGTCCAAATAAATGTTGCATTTGAAAAAGATGGATATCTTGAACAGCTTGTCCAGTTCTTCTTCCAGCTAAAACAGTATGTAAAAATGGTAATTTTCTAGGTGTGATACTTTTTTCTAAAATTGTCATAATATAGTTATCTAGCTTATCCAAGACATGTCCACCACCTTTTTTTGTAACATAATCATAACACAGAAACACTTGTTCTACATTAATTTTTCCGAAAAAAACTTTTTCAAAATATGGTACAATAGAAAAAGAAAAAATCTGGCTGCAAATAGTTATTTTAGAAAGGAAGCGTAGAAAATTGAAGTATTGTCTTGTCGAAAAAGACACTTGTATTGCTTGTGGCGCTTGTTCCATTCATGCACCTGATGTTTTTGATTATGATACAGAAGGTCTTGCCTTTAATATATTAGATAATAACACTGGAACAAAAGTAATCCCCGAAGACTTGGTTGAAACGGTTATTGACGCAGAATTTGCCTGTCCTTCGCTTTCTATCAAAGTTTCCGATAGTTCATTTCATTAATAATACACGAAAAAGGAAGGTTTCCGCTGTTTGGAAACCTTCCTTTTTTATTTTTAATAAATATTATTTCACTTTTCGTCTCCTTAGAGCAAATCCCCATAGAAGCATTGCTAAACCAGTCAAACAAAGGCCAGCCCATAAAACCCACTGATTTGTTTGATCTCCTGTTTTAGGAATGAGTTTGATATCGTTGGAATTAGCAGCGCGTTGATTGTTATCTTTTACGCTTCGTGGTTCATTATCTTGTAACCCCGCATCTCCTCTATTTTCAACCTGAATAGTAGCAGTTACTGACAACATTTGTTTCCCTGCGTCTTCAGTTCCTTCATTTGGATCTACTGAATATATAACTTGGTATTTGCCTGCTTTGTTCAGATTTACTTTTCCTTGCACTTTTACTTGTGAAAATGGAATATTTTTTCCATCACGTCTAGTTGCTTGAATAAAGCTATCTTTCGCGTTCCATTTCTCGCCTACTTTTATGACACGATCTTTCACCATCAAAATAGAATGGTTTTTCAAAACAGTGACCTTAGCAACAGCTTTCACACCATCGTATACATAGCTAATTTCATATGTTCCCGGTGTTTTGCTATCAACTTTACCTGCGACAGTAATATCTTTGAATGCTACTTTTTCACCTGCTTTATTCGTTGCATAGTCAAAATTATCTTTCGCGTTCCAACTATTTCCGGCATAAAAACTACTATCATGAATTTTTACAGTCGTTTTTCTTGGTTTCACGGTTACATTAATCGTGGCAGAAATACCGTCATAACTGTAGGTAACTTCATAGACGCCTGGCTTTGTTACATCCACGGCAGGATTTTCTTTGACAGTAATATCTTTCCATTTCACTTTTTGACCAGCTTTATCGAGCGTATTGTCCCAATTATCTTGAGCTTTCCAATTATCTCCAACATAAATCACTGAATCATGGGCTCGCACAGCTGTTTTGGGATGTTTAACAATTACTTGAATGGTTTTGGTAATTCCAGCATAAACATATGTGATCGGGTATGTTCCTGCTTGACTTGTATCAACAGTTCCCAAGACTTGTACGTCATTAAAGGATACTATATTTCCATCCTTATCCCTAGCGCTATCAAAATTATCTTTTGCTGACCAATTATCATCAATATACAGAATAGAATCATGTGCATTAATAGCTGTTTTGATTTCTTTCACAGTTAAAGTAACAGTAGTCGAGGCACCATCATAATTATAGGTGATTTGATATCTGCCTGCTTTGTTGACATCTACTTTAGGCTCTTCTTTCACTTTTATATCAGCAAAAGAAACTGGCTTCCCGTCTTTATCAACTGCATTATCAAAATTATCCGCCGCTGTCCATGCTTCTCCTACATAGATTGACGAGTCATGCCCATTAATTCCTTTTTTATTTTCTTTTACAGTAACAGTAATTGAACTTACAGTATCTTCATACTTATACGTAATCGTATATACGCCTGCTAGGTTTGTGTTTACTGTTCCAATAACCGTCAAATCTTTTAGACTCAAGGCATTGCCATCTTTATCAAGTCCACTGTCAAAATTATCACCTGCTCGCCAAGTGTCGCCAGTATAAATTGTCGAATCGTGTGCATTAATTTCTGTCAAATTTTCTTTAACTTCAATTTTAGCTTTTTTAGACACTCCTTTGTACGTATATGTGACTGAATAGATTCCTGCTGTATTAGTATCAACAGATCCTTCTACTTGGATGTCTCCAAATGGAACTGTTTCACCTACTTTGTTTAGCGCACTATCAAAGTTATCAGTTGCCGTCCATGTATCACCCAAATACAAAATAGAATCATGTACATTGACAGTTGTTAAATCTTTTTCAACTTTCACTTGAATAACTACTTCCGCTGTTTTCCCATTTTTAGCAACTTGATAGGTCAACGGGTAAGTTCCACCTTGGTTAGAGCCTTCTTGGATAGCTTTTAATTGCTTGGCATCCACTTTTACGGAACTAGTACAATCTTGTGCAGTAGAAAGTACACCTGTCTTCACTTCTTCAAAACTAGCTGTTTTTGCTAAAGTAATTGCTTCCGTTTCAGTTAGCTTATTTGAATCTTTGTATTCTAAACTAAAATTCATTGCGCCAAGGATAAGTCCCTCTTTTTGGTCTATCGTAGCACTTGGCTCAGTTATATATACAGGTGCAGTAGATTTTTTCTCTGTATCAAAAATATCTTTGATTGTAATACCAATATCAGTTGTTGCGATTGCTTTGTTTCCGGCAGAAATACCAACAATTATTCCAGAACCATCATTAGCAGTTTGTGTAGTTGCTAAAGTCGTATCATTGCTAGTCCATTTGTAACCATCTGTAATCGCTTGAATATTGTGAAAGAACGACGGTTCAATCGTATCTTCTACCGCTTCTCCACTAGTTGCTCTTACTTTCGGCAATGTTACTTTTAAACTTTTACCAGCTTGTACGATTTTGGCGCTAAGATTAACTTTAAGATCATTATCCGGCGCGTATTCCATGTAACCAGCATTAATGTTTTGTGATACCGGTTGAGCTGGATCAATTTCTTTTACCCAACCTTTGTCTGTACCCTTATTGGATACAGTACTATTTATCGTATTATCTTGCCCCACTTGTTTCAAAGTAAACTGATTTCCAGCTCTTTCTGGAAACTTCACTGCATATTTCCCGTAAGATAAATTCAAATTGTAATTAAAGGTGTATTTTCCATCAGCATTAGTTTTAACGCTGACTGGCTCACCATTTTTCAAGAACGGCTCATAGTTAGAGGTATTTTCATTCCATTTATAAAGTTCAACAGTTTCGTTTGCGAGTGCTGTATCTCCTTGAGCTTTTTCATACAAACCATTTGCATCTTTATCTTGGAAAAGAAAACCGCTTGCTTCTAAAATAATTAATTCTGCTCCAACTTTAGTTCCTGGTAATGTTCCAGAATAAGCATTCGTAGTTACACGATAGTAAGGGTTATATACATCGCGTTCACTTATTTTATTTCCCTCTGTAGCAGAATTAAAAGTTTCATCTACTTTTAGTGGAACTTTGATTGTTTGTGTTTCACCGGGATCAATCTTTGTCTTCACTTTGATACGAA
NZ_CP092060.1_gap50	2039047	2041437	2390	TTATTCTCTTCCGGATAATGAGTAATCGTAGTATTAGCATTCTCATTTAAAAGTGCATATTTTTCATTTACTACCCCGACATATTCCATACCTTCTGGATAATAAAGGGTAGTCGAGACATTCTTAGGTGAAAAGATATTAGTTCCTCTTTCATCTACTTGATTCATTCCATTTACAACAGAGTAACTTTTTGTATATGCATAAGAATCTTCATCATCTGTACTCGCTAATACATCAGGTGTTCTAAAAGATTTATACCAATTTCTGAACATAGTACTTACATGTGTTTGATTAGCATAACCAACCACTTTATTTCCTTCTGCACGAATTGCTTTTTCTTCTGAAGCAATCGCCATTTTATTATCTCCCACAAAAGCTTCTACTTTAATAGGGGCTTTTAGATCAGTTGCACCATAGTATTTATTAGCATCTACACGAACAGAAAAGTTAAAACTTACTTTTTCTGTTCCTGGAGTAAGTTTATAATTAACTGTCCCGAAAGTAGCTTTATCGTAGGTTGTTTCTTTGTTTGGAATAGTAACGGATGTTATTGCAGTACCAATCGGGTCCCCCGCACTTAAACGATTTATCACCCCAGAGTCCACACCTGTTGGTACTTGAAAACTGCTGGGAACGGGAATTGATACAAATCTCATACCGTCTGGCAGTGTGAATTCCACCTCTTTACTAGTAGATGTACTATTACTAAAGTCTACTGTAACATTAACATCTTTGATATCGCCATTTGCCCAAGCAGTACCATCATAAGCAGGAATATTTAATGTGACAGTAGCATCATTACCTGATTTTAGTTGATTATTCTTTAGAGGTGCTTTTGTTTCATTTTGTTTAACTGAATCTTTTGATTGGTTAGCTTCTTCTTTTTCAATTATTAAATTTTTTACTTCATAGGAGGCTTTAAATGTTTTAATCTCTGTTTCTTTTCCTTCTATGTTTTCTTTATAGCTAATAATAAAATTAACATCACCATTTTTTTCAGCCGTATACTCGGCTTCTTTTCCCTCAATTTTATTACCGTCTGGTGTTTCAATACTTAGAATTTCAACTTGATTATTATTAGATGTTGCTTTAATTTTAAGCTTTGCTTTCTTTTTATCTTTTGAAAGCTCTTCTTGAACTTCATAAGAAAGTGGTTCTTCGCCTTTTTCTTCTGCAAATGCTTGAAAAACCGTTAAATTTAGTTGACTTACTACTAGTAAACTTGTTATTAGCATCATCAAGGAACGACGTATGTACAACGATTTTATCATATTAGTTTTCCTCCTTCTCATATTCTGGTTGTTTTTATTAACAAATCTCCAAGAGATAATTTAATATTATCAGACGATTTTATCGAGTGTACATAGTCGCAAAACACCTTATTAAAAAAAACAGCACTATTCGCAAATTCATACAAATATTTGTCACATCAAAAGCACGTTTCAGACACATTTAAGACACAATTAATTCGCAAAAGCTGCCATTTTAGAAGAAAAATAAAAAACCACTCTTTATTATAGAGTGGTTTTGGATAAATTAATGGCTAACTTCTTGTTGCTTTTTTTCAAATTTGCGCCGTTCTTTTACAGTTTGGTTTTTAGCAATCCATTTTTTTAGTCTAGAGTATAGTAACAAGAATACAGCACTAACAATGACTCCTTTTAATAAACTGAATGGTATAATCGCATATGTGACTAACCAAGCAACATCTGTATCCGCCGGAAGTCCACCAAGTTTAATGTAAAATGGTAATAAAATGAAATAATTAAATATCGACATGACGACTGTCATTACTAACGTTCCAATTGCTGTTGAAAACACCATTCCTTTTGTTGAACGAAACCAGTGAAATAAATAATAAATCGGTAATACATAAACAATACCATTAATAAAATTGGATATTTCTCCAATCGGAACTCCAACTGGACTACCTGACACAATATAAAGTAGCACATTTTTGATTAGTTCTACTAAAATCACTGCGAGTGGTCCGAATAATAAGCCACCAATCAAAGCTGGAATATCACTAAAGTCAAGCTTTAAAAATGGTGCACTCGGTAGTAGCGGAAATTGTAGCATCATTAAAATAAATGCTAAAGTACCAAGAACCGCCACACTTACAAAAACCTTCATTGAATAATTCTTCATTGTCATTTCTCCCTTGATGTTCACCAAGAAGCGAGTGACATCACTAGACGAATGCAACCCAAGCAAATAAAAAACCTCAACTGAAAAGAGTTGAGGGAGAGTTTGTGAATGAATAAACAAGAACCGGATACTCAAATAAGCATCACAGCTTGCTAACACATGCTCGTGAAGACAAACGAAAAGGTCTGCCAACATCTTCTCCCATCCAGACTATACTGTCGGTCCTGGAATTACACCAGAGT
NZ_CP092060.1_gap51	2043467	2045554	2087	TCATGGTAAGACTGATAAACGTAAACAACACCAGTTTCACCGTTCGCTAGTTTGAATTTCTGTGCAGAAATTTCAACCGGTAAGGAGCTTTTTTCTGTTTTAAAATTATATTTCATCGTTACACTATTATCTTTTTCTAAAGCTTTATCTAATGTCTTATCTTGAATTAATTTATTAGCAGATGCACTAGAAATGGTATCTGGTGACTGTGATTGATAGACGCTTTTTCCATTTTGTTCGATAATGACGCCCATCGTATCATCAAGTAGTATCAGTGCAGAATCATTATTATTTTCAGCAGAGATTACTTCATTATTTTCTTGCATTACAGTGATGATACTAGCTGTTTTGTCTTCTAATTCATTTGTTATTTGAGTAATGTTATTTTTTTCATAAATCATTGCAACTAAAAATCCAGAAATAACTAAAATCCCTATCAGTAAGAGAATAATGGTACTCCAAATTTTCCCAACAATACTATTCCAAATCTTCATCTATTCTCACCTCGGTCCTCGCAAAAAAATAACGAACAAAGCACGTGCGGCATAACACTTGCCGATTAAACGTCTTTGCCCGTTATCTTAGTCTGGTTTATTAATCTTCTGGAACTTCAAATTTATATCCAAGACCCCAAACTGTTACAATCATTCTAGCAGCGTCTTCTGATACATCATGCAATTTTTCGCGAAGTCTTTTAACGTGTGTATCAATTGTTCGCAAATCGCCAAAGAATTCATAACGCCATACTTCTTTTAAAAGAGACTCGCGGTCGAATACTTTATCCGGAGATCTCGCTAAATAATAAAGCAAGTCATATTCTTTCGGTGTCAAACCGATTTCTTTTCCGTCGACAATAACACGGTGAGCTTCGTTATCAATTTTCAAATGTGGGAAGGTAATAATGTCTCCCGGTGTTCCTCCTGCTGATTCTTCTGAGGATTGTTTGGCGCGACGAAGAACAGCTTTCACGCGAAGCACAACTTCTCTTGGGCTAAATGGTTTTACGATGTAATCATCTGCACCAACTTCAAAGCCTTGTACTCGGTTAGCTTCCTCTCCTTTTGCAGTCAACATGACAACAGGTGTGGATTTAAACTCTCTCAGTTCACGACAAACTTCGATGCCATCTTTACCAGGCATCATTAAATCAAGTAGGATTACTTCATAATTATTGTTCAGCGCCATGCTTAATGCTTGATCACCATCACTAGCTTCTTCAATACGATAGTTTTCTCTTTCAAGATACATCTTAAGAAGGCGTCGTATCCGGTCCTCATCATCCACAACAAGCACTCTAACTTGTTCACTCATAAGTACTCATCCCCTAACTCTCATTTACATAAAACGATCATTTACATTCAATCAGATAAATGGAATCTTCCGTACCCACATACGAAAAAACCATACAATTGCCTATACCAAATTTCCTACGATTTAAATTATACATGTTTTTCACAAAACACGCTATTAGAAAGTATATTTTGTATGAAAAGTTACTTTTTATTTTTACCAAATCTTGCTTCTGTTTTTAATTGTTTTACTTCATGATGTGATAATTCTCTACGCTCACCTGCGTTTAAACCGCGTAAATTCAAGAACGAGTATTCTTCCCTTGATAATTTTTGCACTTCAAAACCAACAGCCTCAAACATTTTACGGACTTGACGATTTCTACCTTCATGAATCGTGATTTCTACAATAGCTTTATCTTTCGTTTTATCAGAAGAACGTACTTTTACTTTTGCTGGGGCTGTTTTGCGACCATCAATCACCACACCACGTTCTAACTGACGAATCACTTCACGTTCAGGAATACCTTTGATTCGTGCGATATATGTTTTGGAAACTTCATTTTTCGGATGCATTAGTAAGTTAGCGAAATCCCCATCATTGGTCATTAATAATAAACCAGATGTATCATAATCAAGTCGCCCTACTGGGTATAATCTTTCAGGAATATCTGCAAAATAATCCGCTACAGTTGTACGACCTTTATCATCTGTTACAGCCGAAACCGTTCCTCTTGGCTTATAAAAAAGGAAATAGCGATGTTCTTCTTTTGTTAGTTGAATTCCCTCAACTTCAAT
NZ_CP092060.1_gap52	2069803	2071835	2032	TGGGGTGCTTTTTCTTTAGCTAGATTTCGAGTTTTCAAGCATCGAAAAGCCATTATCAAGCAAGCAGCTACTTAATCATATATATTAATGCCACGCTATTTAGTGAATTCTAAAAATTCAGTGTCGGCAAATAATTCTTAATTAGAAATGGGGTAAAGTCATATGCGTAGTGACAAAATAAAAAAAGGTGTCGAACAAGCTCCAGCAAGAAGTTTGCTGCATGCTACAGGTCAAATTAAAAGTCCAGGTGATATGGATAAACCATTTATCGCTATTTGTAACTCTTACATTGATATCGTTCCTGGTCATGTTCATTTGCGAGAATTAGCGGATGTGGCTAAAGAAGCTATTAGAGAAGCTGGCGGTATCCCATTTGAATTTAATACGATTGGTGTAGATGACGGCATTGCGATGGGACATATCGGTATGCGCTATTCCCTTCCCTCTCGTGAAGTTATCGCGGATGCAGCGGAAACGGTAATCAATGCGCACTGGTTTGATGGGGTTTTCTACATCCCAAACTGTGACAAAATCACGCCTGGAATGCTTCTCGCTTCTGTTCGTACAAATGTACCTGCTATCTTCTGTTCTGGTGGCCCAATGAAAGCTGGATTATCTGCACACGGAAAAGCACTCACTCTCTCTTCTGTTTTTGAAGCGGTTGGCGCATTTAAAGATGGCAGCATGTCGCAGGAAGATTTTCTTGATATGGAAGCTAATGCGTGTCCGACTTGCGGATCTTGCGCAGGAATGTTTACAGCAAACTCAATGAATTGTTTGATGGAAATCCTAGGTATGGCTGTTCCGGGAAATGGTACAACACTTGCTGTTTCTGACGCACGCCGTGATCTTATTAGAGAATCTGCTTTTCATTTAATGGATTTAGTTAAAAAAGATATTCGTCCTCGTGACATTATTACAAAAGATGCGATTGACGATGCTTTTGCGCTAGATATGGCAATGGGTGGTTCGACAAATACCGTATTACATACACTTGCACTTGCAAACGAAGCTGGTATTGAAGATTATGATTTGGAACGTATCAATGATATTGCTAAACGTGTTCCCTACCTTTCCAAAATTGCACCTTCCTCTTCTTACTCAATGCATGATGTTCACGAAGCTGGCGGTGTTTCAGCCATTGTTAAAGAACTGGTTGATCTAGGTGGCGCAATACATCCAGACAGAATCACTGTTACTGGTAAAACGATTCGCGAAAACGTAGCTGATGCAAAAATTAATAATACCGATGTTATTCATCCAAAAGAAAATCCGTACAGCCCAGTTGGCGGACTTTCGATGTTGTTTGGTAACATCGCACCAAAAGGAGCTGCTATCAAAGTTGGTGGCGTAGATCCTTCCGTACAAGTTTTCAAAGGAGAAGCGATTTGCTTTAGTTCTCATGATGAGGCGGTGGAAGCAATTGATAACCATACCGTCCGCGAGGGGCATGTCGTGGTCATTCGCTACGAAGGTCCTAAAGGCGGTCCGGGAATGCCTGAAATGCTTGCGCCAACATCTAGTATTGTTGGTCGAGGTTTAGGAAAAGATGTTGCTTTGATTACAGATGGTCGCTTTTCTGGGGCTACTCGTGGTATCGCAGTTGGCCACATTTCTCCAGAAGCTGCAGCTGGTGGTCCTATCGCCCTTGTTCATGACGGCGATATCATCACGATTGATTTGCCAAACCGGACGTTAAACGTGGATGTTTCTGATGAGGTTTTGGAAGAACGAAGAAAAGAATTACCGAAATTTAAAGCTAAAGTAAAAACTGGTTACCTTGCAAGATATACTGCGCTTGTAACTAGCGCCCACACTGGTGGCATTTTGCAAATTCCAGAAGATTTAATCGACTAAAAAATGAGGTGATAAGCGTGATTGATACGACGAAGACAAATGAAAAAGCGACAAAAAAGCAAAATAAAAGTGGTGCGGAACTTTTAATTGACTCCTTGAAAAAGCAACAAGTCGAGATGATTTTTGGCTATCCGGGTGGTGCGGTTCTCCCTCTCTACGATGCTTTTTACGACTG
NZ_CP092060.1_gap53	2075287	2077822	2535	CTTCTCCTGGAGATTTTGAATGCGTTAAGGCGATTGCAAAAGCGATTAAACATTGTTCTGTAACAGGGCTAGCGCGCTGTGTTGAAGGAGATATTGACCGTGCCGAGGAAGCGCTAAAAGACGCTGTTTCTCCGCAAATACATATCTTCCTTGCAACGAGCGATGTGCATATGGAATACAAATTAAAAATGAGTCGGGCGGAAGTTCTTGCTTCCATTAAACACCACATTAGTTATGCGAGACAAAAATTTGATGTTGTACAGTTTTCACCAGAAGATGCAACTCGGTCAGATCGTGCTTTTCTGATTGAAGCAGTTCAAACAGCGATTGATGCAGGAGCAACTGTCATCAACATTCCAGATACGGTCGGATATACAAACCCCACCGAATTTGGGCAATTATTCCAAGATTTGCGCCGCGAAATAAAGCAATTTGATGATATTATTTTCGCTTCTCATTGCCATGATGACCTTGGTATGGCGACAGCAAACGCACTTGCTGCAATCGAAAATGGCGCAAGACGCGTCGAAGGTACGATTAATGGGATTGGTGAGCGTGCTGGGAATACGGCACTGGAAGAAGTTGCGGTAGCGCTTCATATTCGCAAAGATTTTTATCAAGCTGAAACAAACATTGTATTGAATCAATTTAAAAATTCAAGTGATTTGATTAGCCGCTTGTCTGGTATGCCTGTTCCACGTAACAAAGCTGTAATTGGTGGCAATGCTTACGCGCATGAATCTGGTATTCATCAAGATGGTGTCCTAAAAAATCCTGATACGTATGAAATCATCACCCCTGCTCTTGTCGGCGTGGATAAAAACTCTCTTCCACTTGGCAAACTTTCTGGCAAACATGCCTTCAATACGCGCATGGAAGAAATGGGCTACACACTAACCGAACAAGAACAAAAAGATGCCTTTAAACGTTTCAAACAATTAGCAGATGCGAAAAAAGAAGTAACAGAAGAAGACTTGCACGCGTTAATTCTCGGACAATCTTCCGAATCAGCCGATGATTTCGAACTAAAACATTTGCAAGTTCAATATGTTACTGGCGGCGTCCAAGGTGCGATTGTTCGCATTGAAGAACGTGATGGCGCTCTAGTAGAAGACGCAGCAACTGGTTCAGGTAGCATTGAAGCGATTTATAATACGATTAACCGTCTTATGAAACAAGATATTGAATTAACCGATTATCGTATCCAAGCAATTACAGCCGGTCAAGATGCCCAAGCAGAAGTCCATGTCGTCATTAAAAATGACAAAGGCGCTGTGTTCCATGGTATCGGTATTGATTTTGACGTTTTAACTGCTAGTGCTAAAGCTTATTTGCAAGCATCAGGCAAAAGCAAAACCGCCAGTAAGCAAGCTGATTTCGAGGAGGTAAAATAACGTGACCTATAAAATTACTTCCTTAGCTGGCGACGGAATTGGTCCAGAAATTATGACTTCTGGACTTCAAGTATTAGAGGCAGTCGCAAAAAAATACAACCATACGTTTGAAATTGAATCTCATCCCTTTGGCGGCGCAGGAATTGACGTAGCACAAGACCCAATCCCTTCTTCCACCTTAAAAGCGTGCCGAGACGCCGACGCCATTTTACTCGGAGCAATTGGTGGTCCAAAATGGGATAATGCGCCGAAACGTCCCGAAGATGGCCTACTTGCACTTCGAAAAGCGCTTGGTCTTTTCGCCAACATTCGACCTATCCAAGTCCCAAGCTCCATCACGCACCTTTCTCCTTTAAAAAAGGAAATTGTTGAGAACACTGATTTTGTCGTTGTTCGTGAATTGACTGGTGGACTTTATTTCGGAGAACCGAAATATTGGGATAATGAGGCAGCAGTGGATTCATTAACATATACCCGTGCAGAAATCGAGCGAATTATCGAGAAAGCTTTCGAAATCGCCGCTACTAGGAATAAAAAAGTTACTTCAGTAGATAAAGCGAATGTGCTTGCTTCTAGTAAATTATGGCGAAAAATCGCTGATGAAGTCGCAAGTCGTCACCCAGATATCACACTAGAACATCTATACGTCGACGCTGCCGCAATGCTTATGATTCAGCGACCAACGACCTTTGATGTTATCGTGACAGAAAACTTATTTGGCGATATTTTAAGTGATGAAGCGTCTGTTATTACTGGCTCGCTTGGAATGCTCCCTTCTGCTAGCCACGCGGAAAACGGACCATCTTTATACGAACCAATTCACGGATCTGCGCCAGATATCGCTAACCAAAATATCGCGAATCCAATGTCGATGATATCCTCTGTATCCATGATGCTTCGTCAATCTTTCTCTCTTTTTGAAGAAGCAGATGCGATTGATGCAGCTACAGCAAGAACGATGCAAGCTGGATTTTTAACTGCTGACCTTGGAGGCAATACTTCCACAACTGATTTTACAAATGAAGTTCTAAAACAAATTGAAGGAGGAGAATAAAATGGGGAAAACACTTTTTGATAAACTTTGGAACCGCCATGTCATTTATGGCAAAGAAGGTGAACCGCAATTATTATACGTTGACCT
NZ_CP092060.1_gap54	2102531	2106421	3890	AACGCAATTCCCACGAGAAAAAGCAAGAACATTAAGAAGAAGTATAAAATCGTCGACCAAAAACCTTGCATTAATTCAAAAACAATCCGCAAATCCGCATAAAGGAAAATCCCTATCAGCGCAAAAATTGCACCCGCTAAATTAGCCGAAACAAACACCTGTTTATAAGTTTGCCAAGCAGATTTCCAAACTGGTACATCTAAATCGCCCCGCGCCCATTTTCTCGTTATCGTAAATAAAGCAACCGTTGCCGGCATAAAGCCAAGCACAATCCCGCCGATCAATACGAGGAAAAGCCATACTAAATTTGTCCAGACGAGCCGGATAATCCAGTCGCTAATAACTGAAAATTTATCAATAAGTTTCATTCTTTTTCTCTCCTTTGATAGTAAGAGAAAGCCTGAGTTTTCGCCCAGACTTTTCTTTTTTTATTTACTTAATGGGCTGCCTTTTACGTACACACCGCACATGCTTAAAACAAATTCACTAAACATCGCATTCGACCAAGCAAACCAGTCGCGCGTGAATTCGGCTGGATTCGAGGCGTTGACACCTTCGTGCATATAATCCGTTCCGCCATCTCCGGCAATCAGCATCTCTAAAATGGCTTGTTTTTCCGCTTCTGTTTCTGCCGTTAATCCTTCGATGCTGAGTGCAATCGGCCAGACATAATGATCAGGTGTATGTGGACTACCAATTCCTGTAAGTACACTACCTTCGACAAAATAAGGATTTTCTCGGCTTAAAATTAGTTTTCTAGTCGCTTGGTATGCAGGATCAGTTTTTTCGCAAAAACCAAGGTATGGTGCAGCGAGCAAGCTTGGCACGTTAGCATCATCCATAAATAATTTACGCCCTGTTCCATCAACTTCATACGCGTAAACATCTCCGTAATACGGATGCGCTTGTTTCGCATAGGTTTCAATCCCTGCAGCAACTTCTTTTCGTAAATCTGCGCTATCTTTCAGCAATTCTTTATCATCCGGGTAAAACGCCGCTGCGATTTCTTGGACGTAATCCATCACTACAACTAAAAACATATTACTCGGTACAAGGTAGCCATACATACATGCGTCATCACTTGGTCTAAAGCCACTCCAAGACATACCAGTATAGCTTACATCCGTTCCTTTTCCGTTATTATTTAAGGTATCTGATTGACGCACATTTTCTCGTTCAAAACGATACGGACTTTGCTCTGTATGTTTTTGTTCGATTTTAAAAACTTCGATGATTTGATGCAATGCTTTTCTAAATTCTTCGGTAAAATGACCTGTACGGTTGGTACTTTTCCATAATAGGTACGCTAATTGAATCGGATAGCAAAGTGAATCAATTTCATATTTTCGTTCCCAAACCAGGTCGGTCATTGCTGTTTTGTCGTTTTGAAATCCCGCACCATTCGCTGATTTATTAAAAGCATTCGCGTATGGGTCATGCAAAATACAGTTAGTTTGTAACTTTACGAGGTTTTCAATAACAGTCGCCATTTCTTCGTCTTCTTCCGCCACAATTAAATATGGTCTAATTTGGCTTGTAGAATCGCGTAACCACATCGCTGGAATGTCTCCTGTAATAACAAATGGAAGCCCCTCTTCTGTTTCTTGTAAGGTAGTTGTATACGTATTCGTAAAACATTTTTCAAACATGCGGTGAAGTTTTTCGTTTTCTGGAAAAGTCATTTTCACTTTCTCTATCCATTTGTTAAAACTTGCTGGTACTTTGTTTGTCATCTATTACACTCCTTTTAAAGTGATGATTTCGTTTGGACTAGCGGTAAATTGTTTCTTGGCATCTCCCGTCGTTTCTTCCAAAATAGTCGATTTCTGCCACGGTTGCATCGTCTGTAGCTGTTTTGGTTCACTTGCGGTTTGGAAGAATCGGATAATCGGTTGGTTGTCTTTAGCGAGTTTAAATGCTGAGAAGACAAATCCAGCCTCTGTTTTCCATTCTGCAAAATCTCTTTTTTCTGCGAGAATGTTTTCTTTCGTTGCTGATTTGTGTTGGAATGCAAAAATAGGAGTCAAGCATGCGTTTACTTGTGCTGGGATGGTGCTATTTGCAACATCAGAATCATCTGTTAGGAAAACGTGAAACTCTGCTGTAATCTCTCGGTGGCATTCCGCTTCATATGCCGGGAAGTCACCCCAATCGCCTATTTCAGATACTGCGCGAAGCAACGTTAATTCTAGTTTGTCACCATGTTCGCTTACTTCATATTCTGGTAAACCAACACTTGCGACAACGATATTTCCACTAGCAACAAAGCCTTGTTTTCGGTTATCTTTAGCAGGATTTGTCCATTCTTTGACTTGTTTATTCGCGCGTGTTACTACTTCAAAAACACTTCCCACTTGATGTGTTTCTGTTTGTTTTCCAGTCGGGAAAAGCACGCGGAGTCGATGGTCATCTACGTTGTTATTTAGTTTCACGCGGATAGTTAATTGTTTATCGTGTTTATTTAGCGTTAATTCTGTCGTGATTTTAAATGTAGTAAAATTTTCCGAGCGCTCCGACTGCCGGTCAGGATGCCATACTAGGCGACGTTTTTCTTCCGCAAAGGCGGAACTTGCGCTTTCTGGTATTTCAATTTCATGGTTTATTTCGATTGTTTTGCCGAGTTTATCCTCTCGTTGTACTCGAATTGCCGGTTTGGAATGAAGTGTATTTATTCGCAAGTTATCGCCGGTTTCTTTAAACATATATTCATTACCGATGTCGCCCGCATCCTCATATGCCCCAACACCTGCAATTTCTATCGCTTTTTCTTTATCTAAAATCGTATACGTCCCATTCGCCGCAATTTCCACTTTTAAAAAGCGATTTTCTAAAGAGAAATCTTGTGTTTGGTTCGCTGATTCATTCTCCAAATCAACCGGATGCGCGTAAATTGTTTCATAACCAACCGCTGGCAAATTTTCCACGGCAAAGGTTAGTTTGTACTTTCTCGCAAAATAAGAATCACGGAATTTCCGTTCTGGTAAATCGTAATTAAATCGAATGCCAAGCGACTCAACAACAACCGGAATTTCCTCGCCAGTACTTGTTTCTAATCGAAAACTTTGCTCTGGAAGTTTCGCTAATTCGTCTGGTATTAATTCAAAATGCATCTCAGAAAAATGAATTGCATCTGTTTCAAGTTCGAGTTCTATGGATCTCGTTGCTTCAAGGCCACCTGCATGAAATACCGTAATAGGAATGCCCGCTTCATTCGTTGTAATTTGTTCCGTGATTTGACGCGCGGCGTTTTGAATAATTGCCATAGTCGCCTGTTCAACTTTTTCAAAACGAGCTTCCATTTCACGGTGCACCTCATCCAAACTACATCCCGTGATACTATCATGGATTTGATTTTCCATAAGTAAATTCCAAGCATAAGCTAAGTATTCATGTGGATACTGGACACCGGCTTCTGTCGCCATCACGGAAATCGGTTCAGCCAAACGCTCTAATAAACGCTCTATTTTCGCATTTGCTTGTTTTAAGTAAATACGTGAAGATGCTGTGTTGGCGAGTGTAGACCATCCATCTGATTGTTGGCTCGTTAATTCTCCGTGAACCGTTTGTAATTTTTCAGGAGCAAGACCAGCTTTGACAGCCTCTTGATATTTTTCAAAATGGCTATGGATAAACTCCACCTCAGGATAAAGTTCCCGTGCCACTTCCAATGCTTCCGCTAAATCAGTTTGCACTGGCTGATGATCACAGCCGTTCATAAATAACCATTCATCCGTCGATGCGAACCGTTCCACATCCGCTAATTTCTTATCCCAGAAAACTTTTGCGGCTTCTTTATCCACCGGAATTTCATTGCCATTGGAATACCAATTTGCGAGTAAAATCCCTAATACTTTCGACCCGTCCGGGCTTTCCCAAAACATCTCCGAATA
NZ_CP092060.1_gap55	2107833	2111122	3289	GCAACAGCCAACCAAATCTTACAAGCCGCACTGGAAAAAATGCCGAAAAATTTTCCTATCAAAGTGGCGGCTGTTGGGCATACACATATAGATGTAGCATGGCTATGGCGCTTAAAGCATACTCGCGAAAAAGCCGCACGATCATTTTCGACTGTGCTTCATTTAATGGAAGACTATCCTGAATACTTATTTCTCCAATCGCAACCGCAACTTTACGCCTATATCAAAGAAGATTACCCAGAAATTTATGCGAAAATCAAAACGAAAATTAGCGAAGGAAACTGGGAAGCTGACGGTGGAATGTGGCTTGAAGCAGATTGTAATATTCCTAGCGGTGAATCCCTCGTACGGCAAATGCTCTATGGTCAGAAATTTTTACGCGAAGAATTTGGTAAACCTTCTAGTTTTCTATGGTTGCCGGATGTATTTGGCTATAGCTGGGCTTTACCACAAATCCTTCGTAAATCAGGCATTAAGACTTTTATGACAACCAAAATAAGCTGGAATCAATATAATCGTATGCCTCATGATACGTTCCAGTGGCGCGGAATTGATGGTACAGAAATTTTGACCCATTTCATCACTGCACCAGAAAAAAATAGCCGCATTTCAACCTATAATGGCAAAATGACAGCACGAGAACTTGTTGGTCTTTGGGACAAATATCAAGATAAAGAAGTAAACCAAGAATTACTACTTGCTTACGGCTACGGAGATGGTGGTGGCGGTGTGAACCGAGAAATGCTAGAGATGCGCCGTCGTTATGATACGATGCCAGGAATTCCTGAAGTAAAACCAAAAAGTGCTACTTCTTATTTCAACGATTTACACGAAACGATAAATACGACAGACCAATATGTTCATACTTGGAACGGCGAACTTTACTTCGAATATCACCGCGGAACTTATACGAGCCAAGCATTTACGAAAAAAATGAATCGAAAAATCGAACTCGGCTTACGAAATAGCGAATGGCTTTCCGTTTTAGCAAATCTAAAACAAGGAACGTCTTACCCAACTGAAAAATTAGCAGGCATTTGGCAAATTTTACTTCGAAATCAGTTTCATGATATTATTCCCGGCTCTTCCATCAAAGAAGTTTATGACGACGCTCTAATTGAGTACACGGAAGCTATGACGGAAAATAATACGTTAATTTCTAATCAATTGACCAATTTAACTACAGATGCCGATGAAAAAATAACACTTTGGAATAGTTCCACTTGGTCCAGACCGCAATACATCGAAATTTCACCCGACAATCAATCGAATCATTTAGCCTTTTATGATGAAAATAATGCTCCACTGCCTGCGCAAAAATTGGTAAATAATACCTGGCTTATCCAGCATCCAAACATACCTGCGCTTGGTGCTACAACTATTTCTGTTAAAGAAACAGCAAACATTTTAGAACAACCATCTTTTCACTATAAAAATAACCAATTGGAAACACCCTTCTATCAAATCAAATGGAATAAAGCCGGACAATTCACGTCCATTTTTGACAAAAAAAATAACCGCCAAGTAATAGCGGAAAATGCGCGAGGTAATGTATTTCAATTATTTGAAGATAAGCCGATGTGGCATGACGCCTGGGATATCGACCTATTCTATCAAGAAAAACAAAAAGAAATCAGCGCGCTAGATTCAGTTGAAATAACCGAGAACGGGCCACTCCAATTCACTATGAAGCAAGTGCTACATTCCGAAAAATCTCAAATCACTCAGTGGATTCATTTTTATCACGAGAGCCCTGAAATCAGATTTGAAACCGAGGTCGACTGGCGAGATCGTAACCAGTTGCTTAAAGTCGCCTTCCCTGTCGCTGTGCATGCCAGTGAAGCTAGCTATGACATCCAATTCGGGAACGTCAAACGCCCAACGCACTGGAATACAAGTTGGGATTATGCTCGCTTTGAAACCGTTGGACATCAATGGGCTGATCTTTCGGAGAAAAATTACGGCGTCAGTTTGTTAAATGATTCCAAATACGGCTATGATATTAAAGATTCAACTATCCGCCTTACACTTCTGAAAGCAGCCGGTTATCCAGATCCAGATGCCGATTTAGGAATCCACCAATTCACTTATTCGCTCTATCCACATCAAGGTGATTTTTTAGACGGGGAAACAGTTCAAGCAGCATGGGAATTGAATAATCCAATTTTCACTTCCAAGGGCGAAATTGAAACTTTTTCTCTTTTCCAAGTGACCAATCCTTACGTGATGATTGATAGCATTAAACAAGCCGAGGACGGTGATGGTATCATTTTACGATTGCATGAATTTGCGGGAACTCACGGCGAAGTAACAATCACAAGTGGTTACCCGATTACCTCAATCACAGAATGCAACTTACTTGAGGAAAACGAAACATCGCTTTCCAATCCGACCTTTGCAGTAGCTCCATTTGAAATAAAAACATACCGAATTCATTTAGCATAAAAAAACACGCAGCAAGGCTTCTCCCTAAGAAGTCCGCTGCGTGTTTTTATTAGTTTAACGTGAACAGATTAAAGTTTAGTAACTTTTTCTGCTTGTGGGCCACGTTGGCCTTCAACGATTTCAAATTCAACGCTTTGACCTTCGTCTAAAGTTTTGAATCCTTCACCTTCGATAGCGCTGAAGTGTACGAATACATCATCTCCGCCTTCTACTTCGATGAAACCGAAGCCTTTTTCACTGTTAAACCATTTAACTGTACCTGTTTGCATATTTCACAAACCTCCAAAAATTTTCTTAATATGTTTCTTTTACTAACGAAAAAGATGTTAACAACAAGCTAATCATTTTTTCAATTACAAAATTCACATATTAGCAAAGATACTCACTTCACATCAATATCCTTGATAATAAGCAAATTAGCTACTATCAACACTTATATATTAACGCCAACGAGCAAATAAATCAAGTGAAAAAGCCGTACGGTTACAAAATAGAGTATTCAGTTTACTATCTGAAAAACCCTGCTATAAGCTAATTCTTATAACAGGGTTTTTATATTATTCTGTAATACTTTTATCTTTAATACGCCATTTCACAAGTAAATTATGTAATGGTTTTCGTACTAAGAAATAAACGCCTAGTGAGATAAATACCGATGCTGTACCAAGGAAAAATCCACCAAGTACATCCGTCGGGAAATGCACCCCAAGATAAACGCGTGTATACATGACAAACAGGATAAAACCATAACCGATAATACCGATAACGATTTTTTGCCACATTTTTGGCACTGTGAAAATCAAGAACATCGCTGCAAGACCATAAAAAACAGCCGTTGCCGTCG
NZ_CP092060.1_gap56	2152083	2154838	2755	ATATGGCTATTTTACCGCGAGATATTATTTTTGATGAATATACATGGATTTCTACTGGTCCCTTTCGAGTTGCAGAGCGGAATGACGAGCGCTTGGTCTTAGAAGCCTTTGATGGATATTTTCTCGAGAGACCGATTCTTGATCGAGTAGAATTTTGGACCGCCCAAACTGGAAACAATTTAAAAACCATTCCAATGCAATTCACTTCCGTTGATTACGAGGAAAATCTCGCCTATGTAGAACGTCGTAAACCTGGTGTTGGCGTTAATTTTATTTGTTTCAATACGCACCGAAATGGCGCCCCACAACATCCGGCATTTCGAGAGGCAATCTACCATCTCATTGATTGTCAAAAAGCAAGTGAACAACATTTCGAAAACTATGGGACAGTCGCATCTAACTATTATCCTGAAAAATCCCTTCCACCTAAAAAACATCCTGAGAAAATCGCTACTTTATTAAAAAAAGCAAACTACCAAGGCGAAAAAGTTATTTTTGGAACTACCCAACATCCTACCGCTGTAAAAGAGTCAAAATGGATTCAAGAGCAAGCTGTCGAATTCGGAATTAACTTAGAAAGAAAAATCATTACGCATCAGGAAGCTTCCTATTCCAACGTTCCAGCAAAAGAAACCGACTTCATGATGATGGGAGAAATCCCAGCCTCAGATGACGAAATGGCTTATTTAGATTTTTTAAATAACCCCTATCTGTTGCCACAACAACTTTTCAATCAAGCAATTATCAAAGAACTTACGGAAAAGCTCGATGCATTTAAAACAGAAAAAGACGCCTCCAAAAGAGACGCCTTACAAACGAGCATTGATAGCTGGTTAACAGAAAATCATTATTTAATTTACTTGCATCATCCGGAAAAAAGTCAATCGCTTCATTCAATGATAAAAGGAATTGCAGAAAATCCTTATGGTTATTTTGATTTAAGCAAAGTGTGGATTGAAATAAGCCCACTTAAAACATTAAAACCAGACTATAGACAATCCCATAGAGGTAAAGCGCCACATACAATAACGCAAAAATGAAGAAGCATAGGCGCCAGTAACCACGTAGGATTTTGCGGAACTGAATCTCGCCTTCTTTCTTTGCAGCCGTGACAACAATTACAATACCTAAAATAAATAAAAACAATAAAATATATAATAAGAACGAGCGATTAAATAGCACAATCATGAAAAAATGAACAGCTATAATCAAGAAAATAGTGGATAAGTCAGCGGCCAACATAATTCTCCGCTGACTTTTCTTTAGTTTGAAACTGGAAAAAAACATCGTCAAAATAAACACCACAACTGGTAAAATAATAATTATTGCTGTTGAATTAGTTAACCAATCAAACATCGCTTTCTCCTTCCAACCCTTTAATTAGATGATATAACGCATGAAGCGTAGGAAGTGACTCCCCTTTTTCTAAAATTGGCAGCACGATTCCATCAATTTCTGTCATTCGATTATCCATTCGGTCAAGAGCCATCGAAGAAAAATTAGTAGCTGTCACTTGGCAGATTACTTCCACTTTTTCTAAAGCATTTTCTACTGGCAAAACCGTTTGTATTTCTTTTACAATCGTCTTTAATAACTCGTGCCATTCTTTATTTTCAAGGAGCTTTCCATTTTGGACTTGAAGAACAGCTGTGAGCGGATTAATTACTGCATTAATAAATAATTTTTCACTTATAATTTCTAAGTAACTAGCATGTTTTTCAACTGGAAAATCTGGATTTGAGTCTAATGTTTTTGTTACCGCCTCACTTAGTTCGCCTTGATAAATACTATACTTTGTTCGGCCATGACCACGCCAAATGACTGTTGTATCATCTTCCCGCCCCGCCCCGTGTTCGCTAATACCTAGCAAAATAGTTCGTTTATTACCGAGTAGCGGCATGCTATCTAAATGCGCCGCTCCATTTTGGATGAATAGTAACGGCACTCGTTCAGGTATCGACTGTAGCAGTGGCAAAATGCTTTTTAGTGAGTATTGTTTAACTGCGATAATTAATAATTGTTGTTCTGATAACTTTTTAGTATCTGTTATTACTGTGGCTTGTATATGTATATTTTTTAATTCGGAATTATCTTTTAAAGAAAGACCTTTTTGATTTAATAAATCGCTTTGTTCTTTTCTCCGCGTAAAAAGAGTGAGCTCGGATGTATTGGCAAAATTTGCTGCGTATAAAAGCCCCATCGCTCCTGCTCCAATAATTCCTACTTTTAGTTGGTTCGCCATTTAGTTCAGCTCCATATTGATTAATGCTTTTATTTTATCAGAAGTAGCATTCTTTTGCACTTTTGTGCGCAAACAAAAACCTCGAAAGACCCATGGCGTCTTTCGAGGTTCGTCTTCAACAAGTGAAACGTCACTTGTTTTTAGCAATATTAGCTGTTTGCTACATCTTTGCCATCATATTGTCCACATTCTGGGCATACGTGATGGGAAAGTCTGTATTCGCCGCAATTCGAGCATTCGTTCATGCCCGGAAGTTGAAGTTTAACGTGTGTACGACGCTTACGCTTTTTGGCTTTTGAAGTTCTTCTAAAAGGTACTGCCATTTCCTTACACCTCCTTGACGATAACTAAGTACTTGTATCGTTAATCTAAGAAAAATAAATTCCTTAATATATTCCAGCTTCACGGGGAGTTTAGTCTTCTTTTTTCTCATCGAAAAAATTGGCTAATCCCGCAAGACGAGGATCCACTTTTGGTTCTTTTGCTATTTGTTCTAGTAGGTTACCTTCTTCT
NZ_CP092060.1_gap57	2176860	2179848	2988	AGAGTAGAAGAAAACAATTAGAAAAAATGGATGTGCTTGGCCGCCCGCAAGGTGATGAAAAAGCAGCACATTTTGGTTTCCAATTTGAAAAGCAAACAGGTAAAGATGTATTAATGGTAGATCAGCTAAGCATTGGTTACGCAAAAGATAAGCGCATTGCTTCCAACCTAACGTTCGAAATGAAACGCCAAGATAGTCTCGCGCTCGTTGGTCCAAACGGAATCGGCAAATCAACTCTACTTAAAACGCTTATTCGTGATATCCCAGCTTTAAGTGGCGAATTCCACTTCGGTGCTGGCGTGAAAATTGGCTACTACGATCAAGAACAAGCCAAACTGACATCCAACAAAACTGTTTTAATGGAGCTATGGGATGATTATCCAGAGTTGAATGAAGTAAACGTTCGTACAACACTTGGTAATTTCCTTTTTTCAGATGATGATGTATTAAAAAATGTCCAGTCTTTAAGTGGTGGCGAAAAAGCGCGACTTGCCCTTGCTAAGCTCACTTTACTTGAAGCCAATGTCCTTATTCTCGATGAACCGACCAACCATTTAGATATTGAAAGTAAAGAAGTTTTAGAAGCAGCTTTAATTGATTTTGAAGGCACGATTCTCTTCGTTTCCCATGACCGCTATTTTATTAACCGAATTGCTTCTAAAATCGTCGAACTAGCGCCCGAAAAAGCGACCGTTTTCCTAGGAGATTACGATTATTATCAAGAAAAATTAGCAGAAGAAAAAGAACTGGCACGACTTGATGCCGAGGATCGACGCAAAAAAGGCGAACAAGTGGAAGCGACCTCCTCTGTTCGAAAATTAAACTATCAAGAAGAAAAAGAACAACAAAAACTTCTTCGCCAAAAAAAACGCAAACTAGAAGAAGTAGAAAAATCCATGGAAGCAACGGACGAAAAGATTGCCGAGCTTGAACTTCAATTAACGAACCCAGAGGTTTTCCAAGACCATGAAAAAGCCCTTGAAATCACTCAAGAGCTAGACGCCGTAAAAGCTGACGGAGAGAAATTAATGGAAGAATGGGAACAAATAAGCGAAGAACTGGAATCCATGTAATCTGCATAAAAAAAGGAGCAAACAATGAAAAAGATTTTAATTATTTCTAGTTCGATTATCGTTGGTTTACTTGTCATTATTACTATTTGCGCAAGTTTTTACTTGTATAGTTATGCTTTAGCTCGTGACAATTCCAGCATGAATGACACTGCAACAACAGACGAAACCACTGCCACAGCCAAACTAGCAAAGAAAAACCGGGAAGAAAATGTGGCTTGGATGGAAAAGCAAAATCTCACGCAATGGACAGAAACCTCAGCAGACGATTTGAAACTTGTTGCTACTTATTTAGCAGCAGATAAAGCATCTAACACAACCATCATTTTAGCCCACGGTTATCGCGGTAAAAGCGGTAAAGTCGAAATGGCAGGTCTCGCTCGAATGTATCATGAAAAATTTGGTTACAACGTTTTAATGCCTGATGCTAGAGCGCACGGCAAAAGCGAAGGTGAAAATATTGGATTTGGTTGGCCTGAACGCAAAGATTATGTGCAGTGGATTGACCAAGTAATCGACAAAAATGGTACGGACACTCAAATCGCACTACATGGCGTGTCCATGGGTAGCTCCACTGTCCTTATGACAAGCGGCGAAAAACTACCAAAACAAGTAAAAAGTATTATCGCTGATTGCGGCTATACATCGATGGACGCCGAACTTTCGTATCAACTAAAAGCCATGTTCCACTTACCGAAATTCCCAATAATCCCAACAGCTAGTCTGATTAATAAATTCAAAGAAGGTTTCTTTTTCAGCGAAGCAAGTGCAGTTGATGCGGTCGCTAAAACAGACGTACCCATTTTTTACATCCACGGTGATGCTGATGCTTTCGTCCCTACAAATATGGTAGACGAACTCTATAAAGCTACCAATAGCTATAAAGAAAAATGGATTGTCAAAGGAGCAGAACACGGTCAAGCATTCACGGTAGATCCAAAGACATACGAAGAAAAAGTACGCCAATTTTTAAATAAAACGATGTAAAAAGCAGTTATCCTCTAGGAACTAGATACTATCTGTTAGGAAGGAAAAAATTGGCAAGTAATAAGTAAATGTGTTACTATATAAATGAAAAGAGAGCCATGCGACAACATGACTCTCTCGCAAACACCATTTAAGATGGTGACAGCCTTTTATATGATTTATTTAAAAACCACTAGCTGTCAGGCTTATGAGTGGTTTTTATTTTTTGTCATTTTTGCTGTTCATGATTGTTACGACTAAGACTGCAAAAGCAATCATCAGCGTAAGACTCTCGAAAACAGTCACACGTTTATCCTTTCCAGGTAACGCCTAAAAAACAACATAAACACCACCTACTTTCTGGATGAAAAAGGCTGGTGCACCACCATAAACTTATTTGCATCACAATTATAGCATGCAAGTATCTTTAGAAAAAGAGTTGGCGCGAAAGTTGTATTTTAGAGGCATAACCAGAAAATTGAGCTAATAAAAATAGACTGCAGCGAAAGTAATAGTTCACTTTCACTGCAGTCCGAAGCGTGCGGAACGAAAAATCGCGCGCTTTTTATATATCTTCCAGCAATAATCCCGGATTCGCATTCATATCAAAACCACTACGTTTTCCTTGTAAGAAACTCACAGTCCCTGCAGCAGCAATCATTGCCGCATTGTCTCCGCATAAGGCTAATGGTGGAATAATCAGTTCTGTCTCTGGAAGCTCTAGTTTTACTTCTTGAATAAGGCGTTCTCGTAAACCTTGGTTCGCTGCCACGCCTCCCGCAAGAAGCAGTTGTTTCACATCGTATTGTTTAGCAGCACGAATCGTTTTGCTTACTAAAACATCCACAACGCTTGCTTGAAAACTCGCCGCCATATCGTTTGGATTTGGCTCCTCACCACGCTGCCTTAAATTATGAAGCGTGTTAATAAAGGAAGACTTCAATCCACTAAA
NZ_CP092060.1_gap58	2232069	2235726	3657	AAGAAGTGGCACAGATTGTCCAAATGAGTGTCCACGAAAATACGCTTAGGAACGTGTCACGATACGAACTTAGGAAGAAAATATTAAAGAAGTTCTTAAATCCAACCCAGTCAATTAAGTTCGCTGGCGGAATATGGTAAAAATCATAGTTGGTAAATGCCATGAAAAGAGTAACAAGAACTGGGAAAATAATAACAAAAGTCATCACTAAGTATGCAGGTAATGTAAGTAAGTACGGGAAACCTTTGTCGAGCATATTTTTTATAATAGCAATCGCAGAACGGTTAACAGTTTCACCTAGGTTCCACTGCATAGCCACGCGTCTTGCATCGAAAATATTTATAAACCAAAAGCCTATAAATAGTAATGTCACAATTAATTGTAAAGTACCTTCAATCATTAAAAATAAGGAATGGTCTACACCCGGTACAGATCCAAGTGTTACAAGGCCAATCAGTGCATTCAGCCCAACTGCAAAAAATTCTATGATAAACAAAGCAAATAGTGCGAAAAAGACAATCCCTTTAAAATTTTGCTTATTATAAAATTGACCAAGTCCCGGAATGATTGATAACAAAGTCGCTTGACGAACATTTTTAATTTGTTTTTGTTCTAGTTTCATTTTGTTACCCTCAATTCTAGATATAGATTCACTAGCTAAGTTGAAAAAAATGGCGGAGCGCGCTATCTTTGCCCCGCCAAATCATTATTATTTAGTATATTTTTGCGTTACGTTATCTTCAATTACTTTTACTGCATCATCTGCTGATTGTTGCGGTGTTTTCGAACCAGAAGCTGCATCAAACATTAAGTTTTCAGCACCTGTCCAAACTTCCGACATTTCTGGAATATTTGGCATTGGTTGCGCATTTTTGTATTGTTCGATAACAGCATTAGTTAATTCATCATTTTTTGATTTCGCTGTATCGCGTGCTTTTAAGTTAGCTGGTACTTCATTTGTCATATCATATAAAGTTTCTTGATTTTTTTGGTTAGTTACATAATCCAACCATTTTTGAGCTACATCTTTGTTTTTAGAATAGTTACTTACAACCCAACCTTTACCGCCTGCAAATGGAGAGTATTCTTTGCCATTGTTTAGTGTCGGGATTTTTGCTACGCCGTAATTAATTTTTGCTTCTTTGTAGTTTGCTGCTGACCATGGACCGCCTAGAATTGCCGCTGCTTTACCTTTAACAAATTGATCTTGGATAAAGTCATCTGCACTCTTATTGTCTTGCATACCTTTTGGCCATACATCTTGGAACCATTTTGTTGCATAAGTAATTCCTTCAACCGAACCTTTATTGTTTAAACCGATGTCTTTTGGATTCGTACCTTCATCGCCGAATACATAACCACCGTATCCTGCAAGTAGTCCGTAAGAGAAGTAGAAATCAGTCCATTTTGCTAAGAAACCAGTATTTTTTCCTTTTTCAGAAGTGAAGGCAAAACGAGAATCTTTAGAAAGTGTTTCTAAATCTTTGAAAGTTGCTGGAGCTTTGTCGAGTAAATCTTTATTATAGTAAAGTACTAGAGTTTCAATAATTGCTGGAGCGCCATAAATTTTATCGTCAATGGTTACTTGTTTTTGGTCTTTTTCATCGTAATCGTCTTTATTTCCAAGTTTTACTTCCGCTAAATGTCCTTGTTGGCCTAAGCTTCCAATTCTATCAAATGCGGACATCATTACGTCTGGAGCAGTTCCAGCCGGGCCATCAAGTGGCAATGCTTCTAATGTTTCGAACATGTCTTTTTCGACTACTTTTACTTTCACGTCATTATCTTTTTCAAAATCACCTTTTATTTTGTTCACGTAGTCTTTGTAGCCTGCGTCAACGGAAACCGTTAATGTTTTTTCATCAGATGAGCCAGATTTACTAGTGTCTTTTCCACCACCACATGCTGCTAAGCTTAAAGCCATTACTAAAACCGCCGAAACTATTCCCACTTTTTTGAAACGCTTCATTTACTTTTCCTCCTCTTTATGAAAAAAGTCGCCCTTTACTGTCTGATTTCTAAGTCCCCATCTTTTTTCAATTCTTTTTAAAGTTTGTGAATTAGGTTAACCTATGCATTTATTATATGCTGATTTCGAAAGCGTTTACAAGGAGATTTCACATGTTACCGATAACAACATTTTTTCGGTAAACATGTGAAAAATTCCTTTACGCCATTGATTTAGCTGTTTTCTTTAATAACAAGAAATCCTTTTGCTGGGACAACAAGATTTTCTGTTACAGCTCGGTTGTTCCAAATATCTGTCGCTGTATTTTCAAATGAAATTGTGAAATCTTTATCTTCTTTTGCTTGATTGAAAAGGAAATGCAGTTTTTCACCATTTAATTCTTTAGAAAATGCTGTAATGCCCGTTTCGCTACTTGCACCTAGCCAAGTTAATTCGCCGGATGTGATAATTGCTTGGTTATCTTTTCTTAGGGCAATTAATTGTTTCGTAAACGCTAGCATATCTTGGTTTTGCTTCGTTTCATCCCATTCCATACACTTACGGCAACCTGGGTCATTTCCTCCGTCCATGCCGATTTCAGTTCCGTAATAAATACACGGCGAACCAGTGTGCGCGAACATGAAGGCAAGCGCTTGTTTCACTTTATCCTCATCATTATTAGCACGAGTTAAAATACGCGCCGTATCATGGCTATCAAGCATATTAAACATTACTTCATTCACTTGATTTGGGTAGCGCATATATTGTTCATTAATACCAGAAACCATTTGCTCCGGTGTGATTTTTTCTTCAATAAAGTTCTCAATAATCGTTTGTGTAAATGGATAGTTCATTACGGCGTGGAATTCATCTCCAAGTAACCAAATCCACGAATCATGCCAAATTTCACCAAGAATATAAATATCTTCTTTTTCCGCTTGGACAGCCTTTTTAAATTCTTTCCAGAAAGCATGATCTACTTCATTAGCAACATCTAAGCGCCAGCCATCAATGTCAAATTCGCGAATCCAGTAAGTTGCAATATCCAGTAGATACTTCTGAACTTCTGGGTTAGCCGTATTTAATTTTGGCATATGCGTCGTGAAAGCAAATGTATCGTAAGAAAGTGTTGGTTCTCCTTCAATATTGCCATTTTCATTTTGACGAACAGGGAAACTATGGATGTGGAACCAATCACGATATGCAGATTTTTCTTCATTTAAGACAACATCTTGCCACTCTGCTGAAGTATCGCCAATGTGATTGAACACCGCATCTAACATAATGCGAATCCCACGTTTATGCGCTTCCTGAACTAATTTTCTAAACGTTTCTTTATCTCCAAAATGTGGATCAATTTTTTTATAATCAACCGTATCGTATTTATGATTGGTTGGTGCTTCAAACACAGGTGTCAAATAAACCCCATTAATACCAAGCTCTGCTAAATAATCTAAATGCTCGATAATTCCTTCTATATCCCCGCCGAAAAAGTCTGTTGTGTTCGGATCTTTACTTCCCCACGGCAAGGCATTTTCCGGAGAAATAGCCGGATTCCCATTTGCAAAACGTTCTGGGAAAATCTGGTACCAAATAGTATTCCCAACCCATTCAGGCGCCTCAAAAGTATCCACCGCATGGATAAATGGAAATTTAAAGTAATAATCCATCGTAGCTAAATTAGCCTCAGTTGGCTCAAAGAAACCACG
NZ_CP092060.1_gap59	2263845	2264938	1093	GAAAACATCTAAATAAACTGCAATCGCGCCTTTACGTTGACCTAATTGATCTACGCTAACCGCAGTATTGTTTAATTGTTTAATCCAAGGAATAACGCCACCACTTGCGCCTTTGACGCCGCGGATAGCAGCTCCTGTTGAACGAACATACCCAAGATATGCGCCAACACCACCACCGTGCTTAGAAACTCTAGCGACGTCTGTATTACTGTCATAAATACCTTGCAAGCTATCATCTACAGTATCAATGAAACAACTAGACAATTGACCGCCAACTTTTCCAGCATTTGCAAGTGTCGGTGTTGCAACAGTCATATATAAATTACTTAAAGCCCAGTAAGCTTCTTCTACTAGTTTCATCCGTTTTTCTTTTGGTTCATTTTGCATTAAATAAAGTGCGATAGTTAACCAACGTTCTTGTGGCAACTCATACACATTACGTTCAGAGTCAGTCGCTAAGTAACGAGTCGCAAGTAAATACAAACCATTATAAGTGAATAATTTATCTTTTTCAGGGTCAATTAATTTCCCTGCTGCAATCAAATCTTCTTTAGAATAATTTTTTAGAATATTGCCAGAATAAATACCACGTTCGCCTAGACTCTCTTGTAGTCCAACGTACGAACCATATTTATCATCATCATTATAGAAACGATTTTTACTTGCTTTTTTATATAATTTATTTAAATAAAGGCGTGCTGCGAAATGTTCCCATTCAGGAATATGAATATCAGTACGAGCTTCTGCTTCCCTAATTAAATAATCGACTAATTCGTCAGCCGCATAATCTTCCTTCTTCTCTACAAAATTAAAAACCTTACGTTTGTAATCCTCCAAATCAAGTTTCGGAAATTCTTCATGGATTTTCTCTAAATATCCATCCAATCGGCTTTTGTCAAAAGGTAGCTTTCTGTTTCCCCCGTCTTTTACTATGTAAGTTGTCATTTGCAATCCCCATTTCATCCTTTTTTCCTCGTTGTAAAAATATCTGATTCACTTTGCGCTTTTTATTCGTCCGCTGAACTATTGTGGTCGTTCCATGGAGCAAAAAAATTAACTTTTAAAGGAGCAAATTCCCCTGATAAAAGTTAAA
NZ_CP092060.1_gap60	2286660	2290057	3397	AATACTTCATCTGATGCACTGTCCTTTTTCGTTAAAATAACCTTGCCTTTTTTCATAGCATTTTTGATGGTTAAAAGAAGTTCCTCACCAGATGAATTAACAGTAATTTCTTTTCCTTCTTTGTATTCATCGCTAATGTTGTATCCTTCTGGAGCTTCTGTTTCAACTAATTTATACTTCCCAGATTGTATACCATCTAGTAGAATTTCACCTTCTGAATTAGTTTTTATTTCTTGTCCAGATTTTTCACCATCTAGTGTGTAAAGCTGAAATTTTGCGCCTTCTAATTTCTTCGTAGTATCGTCTTCATCCACTTTTGTGATTTTAATCGTGCCAATCGTTGCAATCCCTGATCCAGATCCCACTGTAAAGACTGGTGATACTGCTGCATTTCTTTTTTTAAAGAACATTGGAACATTACTAAAATCTTCTGCTTCCACCGTCGTTTCGTTAGAAATTGGTCCTGAAAGTAAACTTATTGTGCTGTAGCTTACTTTTATTGGCGCCATTGCAGTATAGTTTTTAAATTGAATGGTAAAGGTATTTCCTTCAAAAATAATATCATAATTTTCTTCGTTTATCGGTTCGTTCGTTTTTGTATTAATTACCTGAAAACTATTTTTAATAAACTGAGCGCCCGTATTTCCTTGTTCCAATCGATTGGTAATAACCGGATTAGACAGTGTTCTTTCTGGAGAAATATTCAAGAGTTCCATATTCCAGTTCACTTTATTTCCATAGACATTATCTATGTTTCCAGCTACCTTAATAACTTCATTTTGCAAAAAAGCAAACTCTTTCGTCTCGTATATTTGTTCATCTGCTCCATTATCTGAGACGATAGCTTTATTGTTTACCCACTGTGAGAAGAACCAATTATCTTTTGGTTTTGTTTTATATTTAACAAATACACGATTAGTATCTAAATTACCAAATTCCAAATGTATTTTATTGGCTGATGTGTCTATTTTGGTTGGATAATTAGCATCCCCAACTTGTGCTAAAGTCCCTTTTATCTCTAGAGGAATACTCAAGTCGGTCAGCTCGGATGAATTAACTACATTACGATACTGTAAAGATCCTTCAACAAAGGTTGTACCATCTAAAAATTCATCATCTAAAACCAATTTATCATATTTTTTCCCCATTGCATTGACAGATACAATCCAATTTATTTCACCAGTTGCCGGATTCCATTTACCGACCTTCCCACCGTTAGCTAAAATACTAGTTTCCGGTGTTGCTTCTGCCTTTATTGTTTCTGAATACTGGGTTAAACTACCGTCAAAATATGAAAACGAGGCTTTATTATCTAGCGTTTTTGCTCCATCAGTTAAATCAATTTTTGTTTTCATTTTCACAACAATTTTATTATCTGTTGTCGCATAGTTACCGATAAGTTTAATTTTAAACCCCGCTGGCGAGACGTCTTTTTGGATGGTAAAGTCTCTACCTTCTGTTAATAATTTGTAGCCTGAATCAGAAGGATAAGCGTACACATTGTAGCTGACTAAACTTTTTACACCTGTAGAAAACTCGTCAACGATATTAATGTTTTGCATATTAATACCTTCCGAATTAACTGTAATAGTCCAATCCATTGTATTATTATAATAATCAATCTCTCCAGCTTCTTTATTTAGTAAGTCTGGCTTGAAATCAAAGTTTTCTGTTGCTTTAACACCTTTTTCATCCGTTACTTCATTTTTAATTTTTCGTGGACTAAAATCGGTTAGTTTTGTAGAATACGTTACTTGATATGCTTTTTCATCAGTTTTCTTGTAGTTCATATTAAAACTACCGTTGTCTGATATAGTCGAAACAGTCCAATCATTAGACGCATCATCGCCTATTACTGCTTCTCCTGATTCTTCATTAAAAGTGACTCGCTTAATCTTCAAAGAATCTGCAACATAACTAACATTATCGTCTGTTAATACATCTGTTAAAACCGTACCAGGAGTCAAGTTTGCTAAATCATAATTAACATTAATTGTCCAATCAATACATTGAGTTACAGGGTTATAAACTGCTTTTTTAATTAAATGATCATATGCTTTTATTGTTACTGAAATGGTCATACTTCCATTTGATAACATGCCAGAACTTCCAACTGTTGTTGCTGAAGTCCCGATAGTACTCAAAGACGAATTTGTCTTATCAATGGAACGCTCATAGGTAACTTGATACCCTTTTGCTTTTAGACCTTCTTTTAATTTAATTGTTAATCCTGAAGGTGCATAAATCAATTCATAATCTGTATTCTCAGTAAGTAATTGCTTTGAGCCAATGAATGTTCCTTTAGCACTAATATCTGTTGAGTAGACCTTAATACTATTCCTATTAATAATAGTCGAACCCCCGTAAGCAGTATCCGATAGTCTAAGTTCGCCTAGTTCACTAGTTTCTTTAGTTAAATTAAATCTCGCATCCACAGTAGCTTTATCCGGATTGACTTTACTCGGCATCGCTTCTAGCATTACCTGTGTGGCTTTGTCTACTTCAGGAATAATCTCTAACTGGTAAACTGTATTACCACCCGCTGTATTAAACACCGCTACCTGACTAGTTTTTTCTGTCTCAGAGAAACTTTTTAAAGCAGTACTAAGCTCAATATCATAATTACCTTCTTGCACACCATCTTTAAAAAAAGTAATGGTTAATTCACGTGTGCTTGCATTCAAATCCCATTTCGCTTCAGTTGAAGGTAAGAAATCTCCTGTTAAATTAGTCGTTCCAAAGTTGAATGAATCTGGTAAAACCGTTTTAAATGTATCTCCAGCTTTGTAGTTTTTCCCTGAGAAAGTAAAATTCATTTTCAGAACTACTGCTCCGCCATTTTTTATACGGTTAGTCGCACCAAGTTCATTTCCAGTTCCATTTTCCACCTTTACTGCAGTAAAAATATTATCTGTTATAACTGCTTTCAGATTCCCTTTTTTAGAGGGTTGTTCTGTAACAGATGGAGTTTTTTCTGCCTCTTTTTTTGTTGAACTAGAAGTTATAGCCTCTTCTTTATCAGCTAAAGTGACGTTATAAGTTTGTTCGTCTAAAGTATATCCTGGAGCAGCCTTCTTTTCCTTAACAATATATTCTCCTTCTGAAAGTGAATTTTCTATAATTGTCCCGTGTTCAGTTATAGAAACTTCTTTTGTTTCTCCAGTTTTTTTGTTTTTAATTTCAAAAGAAGAACCATTGATTTTTTCTTTTGTATCTTTATCTTCTTTGATTATTTTAAGCGTTATCATTGTTGTTTTTTCATCAACAATGGTTGCTAATACAGGCGACACGTTTTGAAAAACGAGTAAACCAATAATTGCAACGATAAAAAAACCTCTCCATTTCACCATATATTTCATTAAGCTGTTTTCCTCCTATGCAAGTTGTGTCTGTTGTA
NZ_CP092060.1_gap61	2432071	2434521	2450	GGCTATGGCCCAACAATTATATTAGACTTAAAAACAAAAAGGGCGGATGATGGGAATCGAACCCACGAATGCCTGAACCACAATCAGGTGCGTTAACCACTTCGCCACATCCGCCATTATTTTAATATATGGCAGGGGCAGTAGGAATCGAACCCACACTGGAGGTTTTGGAGACCTCAGTTCTACCTTTAAACTATGCCCCTATAAAAATGGTGGAGGGGAGTGGATTCGAACCACCGAACCCGAAGGAGCGGATTTACAGTCCGCCGCGTTTAGCCACTTCGCTACCCCTCCATATTAAAAAAAGAAAAAAGTGGCTTGGGACAGAATCGAACTGCCGACACCTTGAGCTTCAATCAAGTGCTCTACCAACTGAGCTACCAAGCCATAATGGCGGTCCCGACGGGATTTGAACCCGCGATCTCCTGCGTGACAGGCAGGCATGTTAACCCCTACACCACGGAACCACTCTATTGCGGGGGCAGGATTTGAACCTACGACCTTCGGGTTATGAGCCCGACGAGCTACCAGACTGCTCCACCCCGCGACAATAATATTATAAAATTAATGGTGGAGGTTAACGGGATCGAACCGCTGACCCTCTGCTTGTAAGGCAGATGCTCTCCCAGCTGAGCTAAACCTCCATAATTACTATTTTACTCTAAAAACATGAAAATGTCTCTAGTAAGTTTAATAATAAATGACCCGTACGGGATTCGAACCCGTGTTACCGCCGTGAAAGGGCGGTGTCTTAACCGCTTGACCAACGGGCCTAAGTGAAAATATGATGCATTATTATGTGTAAACGGAGAGCAAGGGATTCGAACCCTTGAGACAGCTTACACCGCCTACACGGTTTCCAACCGTGCTCCTTCGGCCACTCGGACAGCTCTCCAGAAAATGGCTCCACAGGCAGGACTCGAACCTGCGACCGATCGGTTAACAGCCGATTGCTCTACCAACTGAGCTACTGTGGAATAATAAATTGCCCGGCAGCGACCTACTCTCGCAGGGGGAAGCCCCCAACTACCATTGGCGCAGAGAAGCTTAACTACCGTGTTCGGGATGGGAACGGGTGTGACCTTCTCGCCATAACTACCAGACAATATAAAGTTGTTGAAAGATTGCTCTCTCAAAACTAGAGAAGAAAGGGTTCAGTTAGGTAACTTCGTTTCATTTTTTGGTTAAGTCCTCGATCGATTAGTATTTGTCCGCTCCATGTATCGCTACACTTCCACTCCAAACCTATCTACCTGATCATCTTTCAGGGATCTTACTTTCCGAAGAAATGGGAAATCTCATCTTGAGGGGGGCTTCACGCTTAGATGCTTTCAGCGTTTATCCCTGCCACACATAGCTACCCAGCGATGCTCCTGGCGGAACAACTGGTACACCAGCGGTGTGTCCATCCCGGTCCTCTCGTACTAAGGACAGCTCCTCTCAAATTTCCTGCGCCCGCGACGGATAGGGACCGAACTGTCTCACGACGTTCTGAACCCAGCTCGCGTGCCGCTTTAATGGGCGAACAGCCCAACCCTTGGGACCGACTACAGCCCCAGGATGCGACGAGCCGACATCGAGGTGCCAAACCTCCCCGTCGATGTGGACTCTTGGGGGAGATAAGCCTGTTATCCCCGGGGTAGCTTTTATCCGTTGAGCGATGGCCCTTCCATGCGGAACCACCGGATCACTAAGCCCGACTTTCGTCCCTGCTCGACTTGTCAGTCTCGCAGTCAAGCTCCCTTGTGCCTTTACACTCTGCGAATGATTTCCATCCATTCTGAGGGAACCTTTGGGCGCCTCCGTTACTCTTTAGGAGGCGACCGCCCCAGTCAAACTGCCCACCTGACACTGTCTCCCCACGCGCTAAGCGTGGCGGGTTAGAATGGTCATACAGCCAGGGTAGTATCCCACCATTGCCTCCTCGTATGCTAGCGCACACGTCTCTTCGGCTCCTACCTATCCTGTACAAGCGGTACAAACATTCCATATCAGGTTGCAGTAAAGCTCCACGGGGTCTTTCCGTCCTGTCGCGGGTAACCTGCATCTTCACAGGTACTATAATTTCACCGAGTCTCTCGTTGAGACAGTGCCCAGATCGTTGCGCCTTTCGTGCGGGTCGGAACTTACCCGACAAGGAATTTCGCTACCTTAGGACCGTTATAGTTACGGCCGCCGTTTACTGGGGCTTCAATTCGTACCTTCGCCGAAGCTAAGCACTCCTCTTAACCTTCCAGCACCGGGCAGGCGTCAGCCCCTATACGTCACCTTACGGTTTTGCAGAGACCTGTGTTTTTGCTAAACAGTCGCCTGGGCCTATTCACTGCGGCTCTCTCGGGCTTGCACCCTAATAGAGCACCCCTTCTCCCGAAGTTACGGGGTCATTTTGCCGAGTTCCTTAACGAGAGTTCTCTCGCTCACCTTAGGATTCTCTCCTCATCTACCTGTGT
NZ_CP092060.1_gap62	2440434	2443804	3370	CTAATGCTATTTCCTGCAAAGAATACTTGAGGTGTTTTACGAGCACCTTTTTCAAGTACATTATAGAAGGAATGATTTAAAGTTTCGATTGCAGCACGTGCCCCAAGATAAGAACCACCGATACCGATAACGATTAATACGTCAGAATCACTGTGGATTTTTTCTGTTGCTTTTTTGATACGAGCAAATTCTTCTTTGTCGTAATCTGTTGGTAAGTTAATCCAACCAAGTGCGTCATTACCAGCACCCGTACCATTATGTAATGAATCATGAGCTGCTTTTACTGCTGGTTCAAGATAATCAAGTTCGCGTTCTTCAAAAAAACGGAGCGCTTTGGAATAATCAAATTTAATATGTGTCATTGTTTTCCCTCCAAATTTTAAAAAAGTTTCTTTATTAACTTTATATCAATCAGTGCTTTTTAGCAAGGCTTGACCTTGTGAAATTTGAGCCTTTTTGAAATTTAGGTATAGTTTTCATACAAGACGCCTTCGCTTCTTACTAGTTCATTTAATGATAATTGGTCTACAGCTAATAAATCATCTGCGAGCGGGATAGGTATCCACTTCACTCGAAACACATTGTCATCATTGGAAGCAAGAAGTGCATTACCAACAGGTTTTGCTCGAAAAACGAATGTACAAACATGCTCCCATGTAGCACGGCGCTCTTTGCAGTGTAGGATAGACTCTATTTCTATATCGATATTTGTCTGCTCTTTCACTTTGCTTGCAAGTGCTTCTTCCATTGTTTGGTTTGTTTCCACATGTCCCCCTGGAAATGCCCATGTCAAATTGCGATCTCTCACCACTAGTATCTCGTCTTTCTTTTCGTTATATACAAATGCCTGCACATGAATAGATCTTTTCACGTAAATCCCCCTTTTGACTATTTTATAATATTGAATAAATAGAAAATTACTACTAACTATTCCCTTTTTCTAAAATTTTAGTCAATTAAATTTACCAGCTTAGCAATTTATCCCAAAATGGGTATATTACCAAGCTGATTGGGACTTTTATTTGTCTGCTTTTTTAATCCATTCTTCTAGTTTATCGCGTAAAGTGTTAAAACCTTCGTCGTTTTCGCTAAATGAAACTTGTTTCTTTTTAGTTGGTTGTTCTTTTGGTGCTTCCTCTGTCGCTCTAATAGAAAGACTGATTTTATTTTTTTCTTCGTCAATATCCAGAATTTTGACTTTGACTTCTTGGCCAACTTCTAAAAAATCATGGATATCTTTGACAAAACCATGCGTAATTTCTGAAATATGAACTAAGCCTTGTGTCGAATTATCTAGCGCTACAAATGCTCCGTAGCTTTGAATTCCTGCGACTTTCCCAGAAACTACATCTCCTACTTTGAATGTACTCATCCTCATTCCACCTACTTTCAACCTTACAATATTTTATAAATTATAACACTTAGGCGAAACTTTAACAATTATTCTAAATCCTTCTCCGGTGAGCTTTTAGGGTGGAATTTATGCTATAATTGAGGCGAATGAAAGAGAAGGAGCGTGACATATTTGAGTCAATTTGATGAAGTCATTCCGCGTATTGGAACTAATTCAGAGAAGTGGGATGGGGCAGAAGAATTATTTGGCAGAAAAAATATTATTCCGATGTGGGTAGCGGATATGGATTTCCGTGCGCCGCAGCCTGTACTTGATGCATTTCAGCGTCAAATCGATCATGGGATTTTTGGTTATTCGACCAAGTCAGCGGCACTTGTCGAAGCTATTATCGATTGGAACAAAGAGCAGCATCAGTTTGAAATCGATCCGAGCACGTTATTTTTTAATGGAGCGGTTGTTCCGACAATTTCGTTAGCGATTCGCTCTCTCACAAATGAAGGCGATGCAGTTCTAATGGTTTCGCCGATTTACCCACCATTTTTCAATGTAACGAAAGCCACTGAGAGAAAAGTGGTTATGTCGCCACTTATATATGAGAACCATCAATATCGAATGGATTTTAACGATTTGGAAAAACGGATGAAAGAAGAAAAGGTAAAATTATTCCTTCTATGTAATCCGCAAAATCCTGGTGGTCGTTGTTTCACCAAGGAAGAACTGGTGGAATTAGCGAAACTATGTGAAAAATACCAAATTCCGATTGTTTCGGATGAAATTCATGCTGACTTAGTGATGAAAAATCATAAACATGTGCCAATGATGGTCGCAGCACCGTTTTATCAAGATCAAATTATTACTTTAATGGCGGCTACGAAAACATTTAACTTGGCGGCGATTAAAGCTTCCTACTATATTATTACGAATAAAGATTATCAGGCCAAATTCGCTGCGGAGCAAAAGTACGCCACAACTAATGGGCTCAATGTCTTTGGGATTGTTGGTACAGAAGCAGCGTATCGCCACGGCGCGCCTTGGCTAAAAGAGTTGAAAGAATATATTTATAGCAACTATGAATATGTCAAAGCAGCACTCGAAAAAGAAGTACCCGAAGTTGGTGTGACCGACTTAGAAGCAACTTACTTGATGTGGCTTGATTGTCGCGCTCTTCCAAAAGACGAAAAAACGATTTATGCTGATTTAATCGAAGCTGGTGTTGGTGTTCAAATGGGTTCTGGATTTGGACATTCCGGTAAAGGTTTTGTCCGCCTCAACATTGCATGTCCTAAAGAAACTTTAGAAAAAGGGGTAAAACTTCTGATTCAAGGCTTAAAAAAATAGTTTATTCTGGGAAACTAAGTAGCAAATACTTAGTTTCTTTTTTTAGGAAATTGAATATAGCTTTGGTATACTATTCTTTGGAAAGTGAAATAATGTTCATTTTCCGTTTACATAAATTTAAAGGAGTTGGTATAACCGATGTTTTTAGGGCTTCGTGAATTAGTTTATTCTAAGTTGCGCTATATTTTAGTAACAGGCATCATGGTCTTAATTATGTTACTATCACTTATTTTATCAGGGCTGGCAAACGGGCTGGCTTACGATAATGCTTCATCTGTAGCAGATAACGGGGTTCCATATTATGTTCTCAGCAAAGACGCCCAAGACAAATTATCTAGATCCCAGTTCCCAGAATCCAAACTCGCTGATGTGAAAAAAGATGCGAACGTGAAGGATGCTGCGGTTCTTGGACAATCTATGCAAACATTAAAACGGGAAAGTGACGATAAAAAGTTTAGCGTCGCACTTTTCGGTATTCAACCAGATAGCTTTCTCGCTCCTAAAATTTCTGATGGAGCTAACATACAAGTGACAAAACCTGACGAAATTGTCGTCGATTCTTCTTTGAAATCAGACGGAATCAAAATTGGCGATGTTTTGATGGATGATATTTTAAATAGAGAATTAACGGTTGTCGGCTTCACAGAAAATCAAAAGTATAGCCATGCTCCCGTTGTT
NZ_CP092060.1_gap63	2516417	2517525	1108	TATTCGTCATATCGCCATCATTGTCCAATACAAAACTATATTTATCTTCTACTTTAGAAGCCATTTGGAACTGTGAATGGAAATCAGAATTGACATACATCCCGTATTTATTAGCACTTACAAAAAATGGTACCGCTAAATAGGTTCTTTCTGTCTGCGCTTGATCTTGATACTCATTGTATACGTATGTCTCTACATCTTTTCCGCGTTGGTTAATCGTGTCATAACGTTCACCAAAACCATAAAATGCTTCGTCGCTCGGTGTCATAAAGTTATTTTGATATTGATTGATGACATTTTTTCCATCTGTTAACCAACCTAAGCTGTTGGCAGTTGTATATTCGCTTGTAAGTAAAGTTCCGTCTGCCTGGTACACTTCCATGCGGTAAGGAGATTTTTGAATTTCTACTCGTAAATCCTCCGTTGTAACTGTTACTTTATCTGCACCATCATCTACTGTGTAACCAGTTTTTCCAGCATGTCCAGTTTCTTTACCGGTTGGTGATAGCTCCATACGAAGCGTATCTAAATCCTCAAATGAAAGATATAATTTTGGAGTAAATTCACCTGCAGTGGCTGTCATATTTAATGTAATAGAATCTCCATTATCTACAACGCTACTAACATCTTGCACATACTCCCAGTCTGTCACGTAAAATGTAAACGGACCACTTTCATAAGCAGTTCCTCCGTCAGTAGAGCCTTTTGTTGTATAAGTGATTTCATCGCCTTTTTCAAATTTTCCTAAATCTGCTTTCCAGTAAGTATTGTTCCCGCTATTATAATCATAAGCTGCTGTAACATTCTCTTGTGCTACCCCGTTTTTAGTCCATTCTACCCAAACATTTTGTCCATCTTCAATTGGCCAGGTAGTAATATTTAATGTCACATCTTCACCAGCTTTGGGATCTCTAGGAGAACGTTCTGTTGGTTGGACAGTATATAAATCATCATCTCCATATGGTGAGTGATATTCACCATCCATCGCGAAAACGTTTGTCCCAAATCCACTTAAACAACTAAATATTAGTATGGTCAAAATGAAAATTAAACTAGATTTCTTTCCCTTTCGCTTCATCTCTCTTTCCTCCCTTAATGTATATTTTTA
NZ_CP092060.1_gap64	2581587	2584380	2793	TTTTCAGCACTTGCTTGATCAGAAGCTAGTTGAGCAACGATTGCTTCTTTTTCAGCTTTTTGTGCTTCGATTTTATTTTGTTGTGCTTCATATTCATGAATTGCTGTTGCTTGATCTTCTTGTTTTTTCTTAACAGCAGTTTGTTTTGTTTTTAAAGCTTTTTCATCATTTTGTTGATCTTCTAAAATAGATTTATCAGAATCAACTAATTGGTTAACTGCAGAAACACGACCAACTAAGTCAGAAAGATTTTCTGCATCTAAGATAACTTCAAGATAAGCATTAGAATTAGAAGTTTTTTGCATCGCACGAGCACGTTCTTTTAAAACAGTTTCGCGTTCTTTAATACGTTCATTGATACTTTTAATATCTTCATTAAGTTTTTTTAGTTCTTTGCCTGTTTTATCAAATTCTCCTTGTAGAGATTTAGCTTTTTCTTGAGCTTTCTCAAGGTCTGCTACTAAACCAGAAAGATCTGATTGTAAATCTGTTTTTTTAGACTTGATGTCGTTAATTTTTTTATCTTGGTTTTGAATGTCTGTATTCACGTCCGCGAAAACATTAGTCGTAAAAGCTGGCGTCAAACTGATAACTGCTGCGAGTGAAATCGCAATAAACGTATTCTTTTTCAAAAAGTTTACCTCCTAAAAAGCTCCCTAGCTTTTTCTTTTAAATTATTTTTATTTCGATTTAAGTAATTTTCTGAGTTAGACTTTCAAGAATCTGCGGATAGATATTACGCTTCCCCAAATCCCGATTAGTACGCCGATTGCAATAATCAAGCCACTAATTTGATAAGCGAATGGTGTTGGAGGCAGAAGTGATAGTGAGCTTGTCACTAACTTCGGATTCACCAAGTTGTAAATATTAACATAGCCTATAAATGTTAACACAACTGGTACAATCGAGCCAATTAATCCTAGCCAAGCACCTTCTAAAACGAAAGGCCAGCGTATGAACCAGTTGGTCGCTCCTACTAATTTCATTATTTCTATTTCTCTTCGCCGGGAGAAAATTGCAATCTTGATTGTGTTTGATATTAAGAACATCGCTGTTAGTAACAACCCAATGCTTAGTATAATACCAGCATATCGTCCCCATTTCAAGGTATCAAACAATTTATCGACTGTTTTCTCACCATATTCTACATTATCTACGTACTGTAATTTTTCTACTTTTTTAGCAATAGTCTTTGTTTGTGTGGGCTCTTTAGCCTCTACAACAAACACATCGTATAGTGGATTATCTTGTTTAAACAATTCGAAGTTTTTGCCGTACGCACCAACTAATTTCTTCAATTCGTCATCCTTAGAAGAAAAGCTGACACTATCAACTCCATCAATCTTCTCAATGTTTTTCTCAAGTTCTTGCTGCTGTTTCTTGTCTGCGCTTAGAGAAATATGTACGTTAATTTGTACATTGTTTTCTACATCCGTTGCAAGCTTGTTCATGTTGATCAATATTGCAAAAAACACGCTGACTAAGATAAGTGTTACTGTTACTGCACTCGCTGCTGCAAAGGTCATCCAACCATTCCGGTAAAGGCTCTTAAAACTTTCTCTTATATGTCTTCCTACAGTCCTAAATTTCATAGCCATATTCTCCTTGCTGCTCATCTCGAACAATTCTTCCATTCTCGATAGCGACTACCCGGTGTTTCAATGTGTTAACAATTTCTTTGTTGTGGGTTGCCATCACGATGGTTGTTCCGCGATTGCTTATTTCTTCAAGGATATTCATGATTTCCCATGAAGTATCAGGATCTAGGTTACCGGTCGGTTCATCTGCTATTAATACTTTAGGCATATTTGCAATGGAGCGGGCAATGGATATCCGCTGTTGCTCACCACCGGAAAGTTCATCCGGCAACATTCTTACTTTATGCTTAAGGTTGACTAAATCTAGTACTTCCATAACACGTTCTTTAATTACGGATGGCTCTGTTTCAACCACTTCCATCGCATAAGCAATGTTTTCATAAACTGTTTTGCTTTGAAGTAATTTGTAATCTTGGAATACCACGCCTACGTTACGACGAAGATATGGGATTTCACGATTTTTCATATTAATCAAATCAAATTTGTCTACGATGATTTTGCCTTTTGTCGCTCGTTCTTCTCTGTAAATCATTTTGATGAAGGTAGATTTACCAGCACCACTCGGGCCTACTACATAAACAAATTCCCCTTCGCCAATGTTAATGTTGAGTCCATTGGCAGCTGTTATGCCGTTAGGGTATTTCTTATAAACATCTTCCATTAATATCATTTTATCACCTTACTATGCCTTTCTACTGAGTTACATTTTAGGTAATGCATGGTAACCATGAAGATGAGTTGTTTGTAGGTACGAATTTAAACTCACAACATAAGCTTAATTATACCATGACAGTTTTTCATCTATAGGTTAATTGCATTACAATTATATTTCAGGGTGTGACAATATCTCGATTATTGTAATAGGAAATACGATTATTACGTTGATTTCCAATTTATATATATGTCTGCGGTCTAGTGTTATTAAGACAAAATAAAAAAGAACCCACATTGGTCTTTTCTACTGCTAACATTGTAACTTGTTTTTACCCTAAATAACATTACAGGTACATTAAAAATCATTACAGTTCTAGCTAGCGGAATAGACCAATCTAGTTAAAATAGCTCGAGGTCTGCAACTAGGCTAAACTCGACTGTCATCAAATTGTCAAAAAGCGGGCCTGAAAACTTAAAAAAAGTACCATTTCCTGACTAAAAAAGTTAGGAAATGGTACTTTTTTATGAAGTAAAACCTTCA
NZ_CP092060.1_gap65	2655703	2657552	1849	ATTGTTAGTTCTTTTTCGCGCCAACTCCACTCGGTCATTTGGATTAATTGACGCCACTGCTCGTCTAAGTGAACTGGCTCTTTTTTTCGCAACTCTGATTCTTGGTCAAGTGAAGCGAGTGTGAGTAGTTGTTTGGTTAAGGAAGATAGACGTGTTGTCTCCTCTGATAACACGGTTAAATATTCGGCTTGTTCTTTTTCGGTTAGTGTTCCAGAACCTAAAAGTCTCGCAAAGCCTTGCATGGATGTGAGCGGAGATTGTAGTTCATGAGAAACATTGGCGACAAATTCTTGACGGGAAGCTTCAGATTTTTTGAGTTCACTAGCCATTTTCGTAAACGAGTCTGCCAACTGCCCAATTTCATCCTTACGCCGAACTTCAAAGGCTACATCATAATTGCCTTTACGTATTTTTTTCGTCGCATTCGTCAACTTCACGACAGGTTTGACAATATATCTGCCACTAATAAGAACCAACAGAATACTGATGATGGATGTGAAAATAAGTATCATCGCGAAAAATATTCGAAGTTCCCCAAATTGTTTTTCCGGGTCTTGGCGTATGAATAGCGCTAGTTGTTTACCATCAGCTTGGACCGGGACACCAATGGTATTTCGCACATCATTATCAAAAAAGCCTGTGATGAAAATGCCTGTATCAAACGAATCAATTCCATGATATGTCTCTCCGTCCAGTACTTGCTTGATTGTCTTATCCGGTAAATCTTTTTTCCGAAAAGCGCCACCATAATAAGTGGATTTTTCCGCGCCATCTGTCAAATATAATTCGTATCCCAGTTCGCCCACATTTTCCAAGTACTCGTTTAAAGAAATCGTAGCATTTGACTCATAAAATTGTTGGACTTCCTCCGCTATTTTGGCAGTTTTTTCGTCGTTAAAAGGTTTTAATTTTATTTGGTAATAAATGTTTGCAAAGAAAAAGCCGAGCAAACTACTGGAAATAATGACGACAAGCATCGTGACAACTATTCGACTATATAACGATTTCATGTTGTCTCCTCCAATTTATAACCAACGCCGCGCACTGTAACAATTCGAATACCATCCTTTTCTTCATCAAAATGGTCCCGCAATCGTTTAATATGTACATCCACTGTACGGTCACTACCATCATAATCACGTTGCCAAATCCGCTCAATTAATTCTTCTCGAGTAAAAATCCGGCCAGGATAGCTTGCTAGCTGATATAAAAGCTCAAATTCTTTCACGGGAATCATTCGTTCTTGGTTGCCAATTTTTATACCATAGCTTTTTTGATCGATAGTAATATTTCCGATATTAATTTTGACTTCGCTCGCTTGATTAGAACGCCGTAGCAACGCACGAATTCGAAAGATTAGCTCTTCTGGTTCAAAGGGTTTTGTGACATAATCATCTGTTCCCACTTCAAAACCGCGTGATTTATCCGCCAGCGCATCTTTGGCTGTCAACATAATAACAGGGATATCAGGATAACTTGTGCGCATTTTTTTGCAAAGTTCAAAACCATCCATGTTGGGCATCATCACATCAATTACAGCTAAATGAACTTGCTCTGTTTCAACTATTTTTTCTGCTTCTACCCCATCGCTTGCCTCAAGTACACGGAAGCCTTCTGCACGCAAATAGTGGCCCACAAGTTTAAGTATATGCCGATCATCATCTACTACTAATATTTGTTTCATTTTCACCGCTCACCTTACTGTCCTATTTTACTGCATCATATCAAACTTACGTGATTCGTTCAAATCCAGAATAGACATTTAACCTATCACCACGAATAAAGCCAACGGTTGTAATATTTAATTCTTCGGCCATATTAATCGCCAGTTCGGTTGGGGCAGAACGAG
NZ_CP092060.1_gap66	2778373	2782235	3862	AAGTGATACATTCAGTCAAAAGCTCTCCATTACTTCCAACCATAATTAAACTATGCATCGCAGAACTAAACGAAATCCCCGCTAATTCTTCTTTATTCACATTTTTCATCACAGCTTGAATAGATGATAAAACTGCTTCGAAAATTTCCGTGGGGCTCTCTTCCGCTTTCCCAGTTTCATCCGTTATTAGTTCATAATGCGTCGCCTGCCGGAAAATCACTTCTCCTCGTTGATTAAAAAGTACTGCCTTTGTGCTTGAAGTTCCAATGTCTACGCCCATTATGTATGGTTTACTCGTCAAACAATTCACCCCGCGTTTTCGTTTCTTTTTATTATACGTCAAATAGAAGAAAATTTGGGGCTAGGCTACTTAGCTTTTTTGCCAAACAAAAAAGCTAGAGAAATTCTCTAGCTTAATTTATACCGTAAAAAGTTTTTATTCGGCTTTCTTCACCTAACACAATAAGTGTATTTTTATCCACGAATTTTAGCACTTCTTTTGTATTGGCTTCACTTTGAGCGACGCAACCTAATGTGTAATTGTATTTCGGTGAATCAACATGGTAAAACACAGCCGATCCTTTACCTTTTACACGTTTAGCGTTGTATTTCACTTCCATTCCGTATTTGTACTGCGGAATCTTCATTTTTTCATCTGCAGAACTAGAGGAATTGCGTTCTTGCCAAGTGTTATAGGATTTGTCGTTAGAGTTAGAAATCCAATAACTTCTATTAGTAATCGCTCTGAATGTCAGCTTCGTACCAGGATTACCCTTTTGCCCAAATGCAATGCCTGTACGATAAACGCCAACTGGAGTTCCAGAACTTTTTTCAGAGAACTTTGGATCAAATCCCCATTTGCCAATATGACTGGTAAAATGACGAACTTCATACCAATTTCCTGCACTATTTTTTTGGAAAAAGTAGGTTGTTGCGGTAGTATTCTTTGGTTTTGTGGTGATGATTGCCTTTTTACTGCTCCAAAGAGCTGGAACGGTGTCAGCAATTGTTGGTTTGCCGACATTCGTAAAGGCACGCGAGTCAATCCATCCGATTGTAGTATTTCCTAGCTTACAATAATACCATTTAGCTCTTGCTGTTTTTCCTTCGCGCGTAATAATCAACGTCTTCTTGTCATATTTCTTAGCTGAACCGAGGTACTTAACACTACTACTCGTTTTGTACATCTTGCTATTAATACCATCATTTCGTTTTGACTGATTTACTACCCCTTTTAGATTAACTGCTTTGTCATAAATGATTTTTTCGTAGGATGCTGCTTCGGCATTAAAGGAGTGACCAAGTAGGCTAACCATTAAAACAATAATTAAACCGCTTAATAACTTCTTCATTATTCGCTCCTTATTTTTGAGTTATTCCCTATAGCAATTAGTTTATTTTTTACGTTTCCTAAGTAATAACACTGCCACAAGAATAACTATAACACCCGCTACCACGAAAATCCATTCTGTACCTTTGTCACCTGTGCTTGGCAAATCTGTTTTGTCATCTTTTGTAACTTTTGCAACATCAGCAGGTTTTGCTGTTGTGCTTTTGACCGCGTTCTTTGTTTCGATTTTCTTCACTTTATCTGGAGCTGTTACGACTGCTTCATTTTGTTTTTTCGCTGGGACTTGATAGGTTACTTCTTCACTATAATTACCTGATTCATCAAAAGCATATGCAGTAATTTGTTTTGGTGTTGTCGCCCATTCTGCATAAAAATAACCATCTTTATCCGCAGTTGTTGTTCCTTCTCCAAAGTTTTCATCTGCCGGAGAACTCATATATACACTAGCGAATGGTTTTGTTTTACCTGTGAAAATTTTTGTTTCTAAATCAAAATTCATATCTGTAATAGTCAGTTGGGCCGTTTTTTCTTTGACTAAGTAATTGAGTTTGACTGCTGTTGTTTTGCCGTCTTCACTATCTCCAAGGAGCGTCACTTCTTGGATACCTGTTTGTGCAGTACTTAGTTTAGAATTGGCTGCTAAGCGATAATTGGTTAGTTTTGTATCGGTGTAATCAGTTAATGTTGCGGTGAAATCTTTGAGATCAATCTTACTATTTTGTTCATACGAGTAAACTTCTTGAGAATCGGTAATATCTATCGTTGTTTGAACTTTGCTTTTTTGCGATGTTGTTACAGTCGTGTCTTTTGTCGGTACTGCTGGTTCTGGCTTTTCTTCAGTAATTATGTTTTCAGTAGTATCTGTTGTTTTTTCTTCTGTAGGTGTTGAATTGTTACCATTTTCATTTGTTTCAGCGCTTGCTGCCAATGAGAATGGAATGATTAGACAAGTTACTAACGCAGTAAGCACTAGCCCGTGGAATTTTTTCATAATAAATTCCCCTTTCATTTTGCTTAGTTTAATAATAAGCAGAAATGTGATGAAAGTCAATTTTAAATTACAATATTGTTACAAATATTAAAACTGCGATACAAAAAAACCTTGCTAAGATTGTACTTAGCAAGGCTTAATTTTATAATTCAATCGGGCGATCTAGTTGATAAAGTCGTTTATAGCGTGGTTCTTCTGCCATTAATTCAGCATGAGGTCCTTCCATTAACGTTTTTCCCTCTTCTAAAAACAAGACGCGGTCCATTTTTTCGGCACCAACTAAATGATGCGTTACCCATATGAGTGACTTATCTGCTAACGTTTCAAAGATAGTCGCTAGTAAATCGCGTTCTGTAATTGGGTCCAGACCAACTGTTGGTTCGTCTAAAATAACGATTGGTGTGTTTTGTAGTAGAATCCGAGCGAGAGCGATACGACCACGCTCACCACCTGAAAAACGTTCACCCATTTCACTCATTTGTGTATGATAGCCATCTGGCATGCTCATTATAAAATCGTGCAACTGAACTTTTTTCGCCGCTTCGTATACTTCTTCGTCCGATGCATCTTGATTTCCAAGGCGGATGTTGTTTAAGACGGTCGTACTGAAAAGGTGCGCTTTCTGATTTAACATTGATGTGATTTCAGGAATTTGCGGTCTTAAATTCTCCACTTCAACGCCGTTCATAGTTACTTTTCCAGCTGTTGGCAGTAAAGCTCCTTGAACTAATTTAAGAAAAGTTGATTTCCCTGTTCCACTTCGACCGATAATCGCCACTTTTTCACCTTGTTGCAATGTGAAGTCAAAACCATTTAAGATTTCTGGTGACTTTTCATCGTACGCGAAAGTTAGATTTTCTGCTTTTAAAACAACATTTTCTGTGTTGATTCGCTCTATTTCTTTCGTTTCTTCTTCAAAAGTTGGTAGCGTCGGATCTTCTATTTTGTCTAAACGAGCAAGCGAGTCTTGGTATAATGATTTGTCACTGATAGCACTTGAAACTGGTACAAACGCTTCTGCTAGCGCCATAATTGCCAAAACAAAAGCGGCAATCATCGTTCCAGAAAAGGCTCCATCACGTGATTCTGCTGTACTCCAATAAACCATCACGATAACCATAAAGCCAACAACTAACTGACTAAAGAAATCGCGCCAATTAACAAAATGAAACTGTTTATTTTCTGTTCGAAGCATGTCTGCCTCGTCTTTTTCGTAGTTAGAAATAAATGTTTTTTCACGTCCACTGAATTTCCAATCACTAATACCAAACACTGCATCGGTAAATTTTTGATATAAACTATTGCGCCCTTGTTTTAGATAAGCATTCTTTCCACGAGCATATAAAAGTGATACCCATGGAAGAACGAGCACAAGGAGGCCAATCAAGAGTACAAAGAGCGCAGCAAATGGAATCGAGAATGCTCCAAGCGCGATAACGACGCCCGCGTAAAGCACGAGGCTAACAATTGCCGGTAGCATTGTAGTTAAATAGAAATTTTGTAAATGCTCAATGTCACCT
NZ_CP092060.1_gap67	2799057	2800262	1205	AAAATTAAATTACACAAAAATTTACAAGCTATGAAACCAATGTTCCTGATTCCAGGGATTACCGTTTTAGTCTTGTTCTTCGTCAATTACTATGTGGTCGACCCGGTATTCGGGGGCTTAAACGCATGGTTACAAGAACTAATTATTCAAAATCAAGATGCAAGTGCTGTACTACTTTCGACAATTATTGCTTGTTTGACTGCATTTGACTTAGGTGGACCAGTCAATAAAGCAGCTGGAGCTATCGCAATCGGACTCGCAGCAGACGGAATTTTCCCGCTAACTGCTCGTGTTTTAGCAATCGTTATCCCGCCAATCGGACTTGGGCTTGCGACTGTATTAGATAAATATGTTGTTAAACGTCGTGTTTTTGATGAAAACTTACGTGTTGCAGGTACAACCTCTATTTTCCTAGGGTTTATTGCCATAGGAGAGGGCGCGATACCGTTTATGCTACAAAATCCACTTATCACTATTCCAATTAATATGATTGGTGCTTCTCTTGGTGCGGTTACTGCCGTTTTACTTGGTGCAGTACAATGGCTTCCACTTCCAGCAATTTGGGGTTGGCCGCTCGTTGAAAATTTCTGGGCCTATGCGATTGGTTTAATCGTAGGTATCGCCTTTATCACATTCGCGAATATCTTCGTACGCTACGGCTTAATCACACGTAAAGAAAATAAAATCAAATAAAAAAATAGGCTGACAGGTACTCTCGTTAGTACCTGTCACTTAATTTGAGAGGTTTTTAAAATGAAAAAAAATAAAATTGTACATGTTGTCGCACATTCCCACTGGGATCACGAATGGTATTTCACCATGGAAGATTCCAATATCTTATTAATTGAGAATTTAGACTATCTTTTAAATGTTTTAGAAACAAAAGATTCCTTTGCAAGTTATTCCTTTGATGGTCAAATGTCTGTCATTGAGCGTTACTTAGATATTCGTCCAGAAAATAAAGCGCGCGTTGAAAAACTTATCCAAGATCGTCGTCTGTTCGTCGGTCCGTGGTATACACAAACCGATAGCTTGTTAGTTAAAACAGAAGCTGTGATTCGCAACTTACTTTATGGTTATAAAATGGGCGAAGAATTCGGCCATAGCATGAGTATCGGTTATTCCCCAGATATTTTTGGGCAACATGCTTATCTGCCAGCTATTTATAAATCATTTAATATGGAGCATAGCATTTTCCAGCGTGG
NZ_CP092060.1_gap68	2809334	2813040	3706	ATTTCCTTTTTTTCTACTGGTGTAAATTTCTCTTTTACGAAGAACAGTGTGAGGAAAAAGCTACCTAAAAGAAGTGCTCCTGTGATGTAAAACACTGGTCTGACGCCAAATGTATCCGACAACGCTCCGCCAATTAACGGGCCAATTAGCACACCCGAAACCGCCGCCGTGGATAATGCCCCGAGAGCCCAGCCGCTACGATGACGAGGAACTTGTGTAGCAATAAGGGCATTTGCTGTTGAAATATATCCTGAAAAAATCCCCATTAATAAGCGCAAACCAACAAATTGGTATACATTGCTTACGAGTCCCATCAGAATCATCGCTATCGCCATACCTAGCGCAGCTCGCAAAAGCATAATTCTCCGCCCTTTTTGGTCAGCTAGTTTACCCCAAATTGGTGACATAATAGCTGATACTAAAAAGGTCGAACTGAGTGCAATCCCTGACCACATGCTTACTTGATCCGGATTATGCACTCCTAATTCTTCAATATACAATGGTAAAAATGGCATGATTAAATTTAATCCGGTTCCGGTTAGAAAGCACCCCACCCAGACAACATACAAATTCTTCTTCCAATTTTCCATAAACCCACCTAGATTCTTCTATCGTTATCCTTAATTATTCCACAAAAAAAGCGAAAGTAAAACTAAACCCTTCGCTTTTTTGCTATATTTGCGTAAAATGTTTCACGTGGAACATTTTATGCTTCTAAATTTTCTCGTGGTACCCAACCAGCTTCATTCTCTTCTGTTACGCACCAAACCCAACCATTAAGTTCACGATTACTTTCTAATTTATCGCCTGGTTTAACATTTAATTCGCGCGCAGAGTAGTCTTCTGATACGGTTCCACTCTTTCCATCATTACTCAATTGAATAATTTGTTTAGGAACCCAGCCTTCTTTTCCGGTTGACTTCACTTTACAAAAAATCCAGCCTGGATATTCTGTATCTTCTTCAAACACCCAAATAGACTCATTTTTATTCACAAAAAGGGGATTTGGATATTGACTAACATGTTCTTTTTTCACGATAAATGTTTGATTCATAGTTAGAAACCTACCTCTTTATTTTTTCGCCGCTTCCCAATCTGCAAGAAATTTGTCAATCCCACTGTCGGTCAACGGATGTTTTAGCATTTGTTCGAACACTTTAAATGGCACCGTAGCAATGTCAGCTCCGGCTTTGGCACATTCAATAACGTGGATTGGGTGTCGCACACTTGCTGAAATAATTTCTGTTGGAATCCCGTGAATCTCGAAAATATCCGCAATGTCACGAATTAGAACTAAGCCATCGTCGCCTATATCATCTAATCGACCTAAAAACGGTGATACGTATGTTGCGCCAGCTCGTGCTGCAAGCAAGGCCTGTGTGGCAGAAAACACAAGTGTTACATTGGTTTTAATGCCTTCTTCTGTCAACACTTTTACAGCTGCCAAACCTTCGCCTGTCATCGGTATCTTTACAACCATATTCGGATGGATTTTTGCAATAACTCGACCTTCCGCAATCATCTCATCTGCTTCTAAACTTACTACTTCGCCACTAATCGGTCCGTCAACAATGGATGTGATTTCTTGAATGACCTCATTAAAATCGCGACCTTCTTTTGCAACAAGTGATGGATTTGTCGTGACTCCGGCAATGAATCCCATTCTGTTAGCCTTTTTAATCTCTTCTACGTTCGCTGTATCGATAAAAAATCTCATTAAAACATCCTCCTTTTCTATCAAGCGCTTTCAATTACAGAGCCATTATAACGCAAAAATTTAAATAATGCTTTTGAAGTGCTTTTCCACAAAAAAAAGAATGCCACTGAGCATTCCAAAAAGTTTCACGTGAAACAAAATTATAATCGAGTTTTGTCCATCACTAGGAGAGGCTTTGGTCTATTTCTAATTATATCCTCTTTAATTAAATGCATGACTGTATGAGCCACGTATTCTCGTGATGTATTTGTGTATCTTGCAAGTACTTCTTGCGTGATTTCTCTTGGTAGCAATATCCCGTTATCAGAAAACGTTCCTAAAGTTTGAGCGCATTTGAGAATGGCTTTGCGGATTCGTTCTTCCTTTTTCAAGAAGCTTAGTTTTGCAAATGTATGGGCTTCACGTAATTCTTCTGCCATCACTTTAATCATAAAAAAGTTGTTCTCATCTTTTTTGTCGAAAATAGAGAACAAGAAATTGCTATCTACTTCCATAACTTCTCCGTGACCTAAGCTCTGCATCGAAACATGCGGACTCCATTCATCGTAAAAAAGATGATATAGTCCAAAACTATCTCCTTTTTGCAAGAAACGAACAATGCTTTCTTTATAGCTTTCTTCTTCCATTTCTGCATCTTCCTCTACAATCATCCCGTATATGCCGCTTAGAACAAAATATACTTTTGTTCCAGCCGGACTTAAACTTTCTAGAACCTCACCTTTCTTGGTGCTGATAACCGAGCAGTAGTCTTTGTAACTTGGATGTTCAAAGCACAACTCCATTAATTTGCTAACCGTTAGATTGGATTCAAGCTCTTTTAAGAATAGCATATTCTCTCCTTTGCTATATTATATTGAAGAAACTCTTCGTAATTATATCATAAAGGCTGTATTCAAAATCCTATTCACAGTCAGTCATAAAAAGCTAAAAACCTAATTAAAGATAAATATATTACAACTTTTTATAAAATACTTAATTTATATCTCGTTTTTCGTTAGTGTTTTATCCTAAATTCGAACTTTTTGTTACTTTTATTAAATATTTAAAGTCAGATAATAATTCAATAACTACCACTTTAGACTGGTTTATTTTTAGATAAATTGATTATACTTAAAAAGTAAGTAATTTATGGATGGGTAACTCAGGAAGGGTGAAATGAATGGATCAGAAAAAATATAGTTGGCGAAAATTTTTCCAATTACTTATTAGCGCAAAACCTGCGAATTGGATAATTTTCTGCGCTTTATTTGCCAGCGTGATAACTACAGTTGCCGGCCTTGTTGTGCCACTTTTTACAAAGAACTTAATTGATGGCTTTTCAATAGCTTCACTCGATGTAAAAATGATTGCTTTAATTGTGTTGGCATTTGTTTTACAAGCTATAACGAATGGCTTCTCGATTTTCTTACTTAACTACATGGGTCAGAAAGTCGTTGCAACGATTCGCGAACGTTTATGGAAGAAAATTGTGCATTTACCGGTTTCTTACTTTGATAATACAAAGACTGGGGAAATGGTAAGTCGCATGGTAAATGATACAGTGGTAGTGAAGGAGCTGATTGCCGACCATTTTCCGCAATTTGTAACTGGGATAATTTCTGTTGTCGGGGCGATTATTATTTTGTTCTTCATGGACTGGAAAATGACACTCATTATTTTAGTGGCCGTTCCGATTACTGCGCTAGTTGTTGCACCACTTGGTCAGAAAATGTTTAAAATATCTAAAGGTCTTCAAAATGAAACGGCTGACTTCACTGGTTCCATTAGCCAAACGCTATCAGAAGCTAGGCTCGTAAAGGCTTCGAATGCGGAAACACTAGAAACCGAGGCTGGCCATCAAGGAATTAATCGCCTATTTGGCTTTGGTATTCGTGAGGCGAAAGTTGTTGCTGTGCTTGGACCGCTAATTTTCTTTGTTGTCATGGGGGTTATCGTTGGCATCATCGGTTACGGTGGGATTCGTGTTTCAGCTGGAACGATGACTACTGG
NZ_CP092060.1_gap69	2814205	2817255	3050	ACTTTGCCAATGTTTGGTAATTCGCTAAGGTTCGCCATTACAGTTCCTTCTTCCATATTATTTTGGTAATTCTATTTTCTCGATACCGCCCATGTAGCCTTGCAATACTTTCGGAATGCGTACAGAACCATCTGCATCTTGGTAGTTTTCCAAAATAGCAGCGACTGTACGACCTAGTGCTAACCCGGAACCATTTAATGTATGCACGTATTCCGGTTTGCTCCCTGGTTCACGGCGGAAACGAATGTTAGCGCGTCTTGCTTGGAAGCTTTCAAAATTACTGCAAGAAGAAATCTCACGGTAAGAATTATAGCTTGGAATCCAAACTTCTAAATCATATTTTTTAGCAGCAGTGAAGCCTAAATCAGCCGTACACATGCTTAATACGCGATATGGTAATTCTAGGCGACGCAATACTTCTTCTGCGTTTCCAGTTAATTTTTCAAGCGCCGCGTAGGAATCTTCTGGTTTAACAAATTGAACTAATTCCACTTTGTTAAATTGATGATGGCGAATTAAGCCGCGCGTATCACGACCAGCAGATCCCGCTTCAGAACGGAAACATGCGCTAAATGCTGTATATTTTCTTGGTAAATCTTCTGCTTTTAAAATGTCTTCGCGGTGGTAGTTTGTTACTGGTACTTCCGCTGTTGGAATAAGGAAATAATCTTCTGCTTCAATTAAGAAAGCATCTTCTTCAAATTTCGGCAATTGACCAGTTCCAGTCATGCTCGCACGGTTCACCATGTACGGTGGTAACATTTCTTCATAGCCATGTTCATTCGAGTGCAAGTCCATCATAAAGTTAATTAGCGCCCGTTCCAGTCTTGCACCTAATTTTTTATAAAAGACAAAACGGCTACCAGTTACTTTCGCAGCATTTTCAAAATCAAGAATATCTAAGTCTGTTCCTAAGTCCCAGTGAGCTTTTGGTTCAAAATCAAATTCGCGTACTTCGCCCCACTTGCGAATTTCCACGTTATCGTCTTCCGATTCACCAACCGGAGTAGACTCATGCGGAATATTTGGAATCGACATTAAAATCATATCTAACTTCTCGTCGATTTCTCTTAGCTCGATGTCTAATGTTTTAATACGATCACCAACGACACGCATCTCTTCAATTTTAGCATCTGCGTCTTGTTTTTCGCGTTTTAATTTAGCGATTTCTTGAGACACTTCATTACGCTGACTTTTCAGCGCTTCTGTCTCCACGATTAGCGTACGGCGACGTTTATCTAACTCACCAAATTTCTCGAATTCACCAAGGTCTTCCCCGCGATTTTGTAATTTCTGCTTTACTTCATCAAAATTATTACGTAACAATTTAACATCTAACATGCTAACTCCTCCTTTATTTTTTCCATATAAAAACTCCCGTACTTTCCCGAATTAACAGGAAAGGGACGAGAGTTAACCGCGTTGCCACCCTTATTGGGACTTCAAAAAATCCCCAGCTTCATTTAGGTTTAACGGACCCAACCGGAATGATTTACTCGCAAAATTATGCTTTCCACCACTCACTCCAAGATGGATTCATAAGGAAACTTCACCAGTTCACACCACCCACTGGCTCTCTTTAGAAATTCTGCCTCATTACTACTTCTTGTCTTCGCTTTTCGTATTAATTTAAAGTTATTCTATCGCATATCTGCTTAAATTACAAGCAAATCTTTAACCGATTAAATCGAGCGTGTCTGGACCGTCATCATCAGAATTCAATATTCTAATTTGTTCAGGTACAATTTTTATAACGACAAAGGACGGTGAATCTTCGCCTTGGAACCATTCTTTAGAAATGTTTTCCCAAATGCGTTCTTTGATTGATTCATCTTCTTCAAGAGAAGCCAAACCATTAATTTCTAAAAACGCAGACCCTGGGCTTTCGTAACCAATTAAAACGGATACATGTGGGTTTCTACGTACTTCTTCTGTCTTTGGTAATTCTTTGCCAGACGGTGTGTAAAGGGTTAAACCATCGTGCAGAAACGTCATATATCTAGCATGAGGATAGTCTCCTTGTACGGATGTTAATACACCCACTTGATGTTGTTCCAAAATGGCAAGAATCTTATCTTCTAGTTCATTTTTCATCTCAAACACCTTCCTTTGGTTATTTAGTGTACCTTTCCACTCGGCTCCCGGCTTTAAACATTCGGGCTTGTTATCTCTCTAGCTATTTGCTATAAAAGAGTATAACCGTTTTAACTAGGGGGATTTAAAGTGATTTTAATCATCGACCATAATGATTCATTTACATATAATTTATACCAATATTTTTTAGAGCTTCAAGAGGAGGTACAGGTTGTTTCTGCTACTAATTTTTCGCTTGAAATATTTCAACAACTCGTTCCCGAAATGGTAGTTCTATCACCAGGGCCAGGTTCACCGGAAGACTTCCCTGTAAGTTTAGCTCTACTAGATAAAATTCAAGTTCCTATTCTCGGCATTTGCCTCGGTCATCAAATGATTGCTCATTTTTTCGGGGCAAAAGTGGTGCCGGCAAAAGTCCCGGTTCACGGAAAAACAAGTATCATTTCGCATACTGGGGAAGGGTTGTTTGCAGAGCTTGCACCAAAGTTCCAAGTAACGCGCTACCATTCTTTAGTTATTGATCCTGCCACAGTTCCCGCTAATTTAAAAGTAACCGCACTGACAGAAGACGGCGTTATAATGGGACTAGCTCACGTATCAAAACCGATTCACAGCGTCCAGTTCCACCCAGAAGCAATCCTATCTGAAAACGGACATGCAATACTTGAAAACTTTATACGATTAGGGAGAAATGTTAAATGAGCTTATTACGATTTGATTTTGAAGGCGACACAAAAATTTTTGAAAATCCACTGTATGAACTAGTTACGCATGATTTAGCAGAAGTTCTTCCTATAATGAAAGCAGCCGAAGAAGCCCAAAAATCAGGAAAATACGTCGCCGGTTTTGTCAGTTATGAGGCCGCGCCTGCTTTTCGAAGTAATTTAAAAACAAAAAAACCGAGCGGAAACATGCCCCTCGTCTGGTTTGGTGTATACGATAATTTTAACGATACA
NZ_CP092060.1_gap70	2866993	2871065	4072	TTGAGAAGCTTGCTCCGTCGAAAGGTTCACTATTCCCGCTTTTGGAATCCAGCGCAGTTTTACATAAACTGTTTTGCCTTCTTCGTTAATCCATTTGAACGCATGAACACTAGAGCCACGTATTTCGCGGTAAGAAGCCGGCGTTCCTTCATCACTGAATAAGTACATAATCATCGTCGTAGCTTCCGGTGTAAGGCTAAAGAAATCCCAGTAACGGTTGCCATCTTGAATATTTGTGCGTGGATCAGGCTTCAAGGAATGAATAACATCCGGAAACTTAATCGCATCACGAATGAAGAATACCGGCAAATTATTTCCGACAAAATCATAATTCCCTTCTTCTGTATAAAACTTAACGGAGAAACCGCGTGGATCACGTAATGTTTCTGGAGAATGTTGCCCATGAATTACTGTTGAAAAACGAGCAAAAACCTCCGTTTCCGTTCCTTCTTCTTGCAAAAATTTAGCCATTGTATATTTTTTCATGCTTTTCTTAGTGACAAATTTCCCGTGAGCACCAGCACCACGAGCATGTACAACCCGTTCTGGTACTCGCTCTCTATCAAAATGTGCCAATTTCTCAATAAGCACATAATCTTCTATCAAAGTTGGTCCTTTACGTCCCGCTGTCATCGAATTTTGGTTATCACCAACTGGCACACCTTGATTCGTCGTTAAATTTTTTCTATCTGTCATATGTATATACCTCCATAACAATTCTATATCATTTTTTATTTGTAATAATTATTAAATGATACTATTTATATTTTAAAGAAGGAAGAGACAAACTTCAACTAAAAGGCTTAAAAAAGAACAGACGACCTAATTCATCGTCTGTTCCCTATTATTGTTCAGCTTTAACTAAAATTTTCTTCACTTTTCGTTCGAACTCGCGGCGGGGGATCATCACACTATGACCACAACCTTCGCACTTAATCCGAATATCCATCCCCATGCGTATAATCTTAAATCGATTGGTACCACAAGGATGAGGCTTTTTCATTTCCACAATATCATTTAAATCGAAATGCTTTTTTTCCATAAACATCACAACCTATTCATCATCAAACTGAATATCTAAAATCTCTAAAATGCGATCTAAATCATCATCAGATAAAAATTCAATTTCAATTTTACCTTTTTTATCGCGACGTTTAATCGAGACAGCCGTACCAAATTTATCACGTAATTGGCTTTCGCTTTCACGGATAAAGATAGGAACTCTAGCCGGCTTAATTGTTTCACGTGAAACATTTTCATTTAGATTATTAACCACATCTTCTAATTGTCGTACTGTCAGCCCTTGCGCCACAGCTTTTTTAGCCGTTGGGATAATATTTTTCTTAAGTTTCAAACCTAGTAACACTCGGCCATGTCCAGCTGACAATGAGCCATCACGTAACATTACTTGAACTTCTTCAGGTAATGTCAAAAGACGAACAAAGTTAGCGATATATGGTCTACTTTTCCCAACGCGTTCTGCTAATTTTGCTTGCGTTAAGCCCAATTTTTTCATAAGGAACTGATATGATTCCGCTTCTTCAAGTGGAGATAAATCTTCGCGTTGTAAGTTTTCAATGACAGAAAGCTCCATCATTTCTTCTTCCGTTAAATCACGTACAACTGCTGGGATTTCTTTTAATTTAGCTTCTTTTGCTGCACGAAATCTACGTTCACCAACAACAATTTCATATCCTTTATCTGTATTTCTTAATATTATTGGCTGCAAAACACCGTGAATTTTAATGGAGTCACGTAATTCATTGATTGCTTTCGTATCAAAGATTTTACGTGGTTGATATGGATTTGGCTTAATATCTTTTATAGCGATATTTTGTACGGTTTCTTCATTCGTATCTACATTATTAAATAGTGCATTGATTCCTTTACCTAGACCTTTAGCCATGTGCAACCACTTCCTTTGCTAATTCTAAATAAACTTCAGCACCTTTTGATTTTGCATCATATAACAAAATCGGTTTTCCATGACTAGGTGCTTCACTTAGACGTACATTCCGTGGAATAATTGTATTAAATACTTTGTTTTGGAAGTATTTTTTCACTTCTTCTATTACTTGAATACCTAGATTTGTTCTAGCATCAAGCATTGTTAGTAAAACACCTTCAATTTGTAAATCCTCATTGAGATGCTTTTGGACGATTCTTATTGTATTTAGTAACTGGCTTAAACCTTCTAGCGCGTAATACTCACATTGAACAGGAATTAAAACAGAATCTGCTGCTGTTAATGCGTTTAAAGTCAAAAGCCCAAGTGATGGCGGACAATCAATAATCACATAGTCATAATCATCACGGATTGAGTCGATTGCTTTTTTCAATCTAATTTCACGAGAGATAGCTGGAACTAGCTCTACTTCTGCACCTGCGAGTTGAATTGTAGCTGGAATAACATTCAAATTATCCAAGTCTGTTTTTTGCAACACATCTTGAATGGCTACATCGTCAACTAGTACATCATAAATACAATGTTCAATTTCACCTTTGTTAACACCAACGCCACTTGATGCATTACCTTGTGGGTCAATATCAACTAGTAACACTTTCTTACCTAAAAAAGCCAGGCTCGAGCTTAAATTCACAGATGATGTCGTCTTACCAACCCCACCTTTTTGGTTTGCTAGTGCAATCACTTTGCTCAATCTTTTTCACCAACCCTTATTTTGTACCGAGATTTCCGGTTCTTTTATCTTCTATTCTACCAAAAGATTTTCATTTAGTCTTACAAAAAGTAAAAATAAATTGAAATTCGTATTTTGAAAGCTTAAAAATGGTGAAAATAACGTTTTGAAAACCTAGAAATGTTTCACGTGAAACATTTTAAAATAAAAAAAGCAACCAACCTAAGCTGATTACTTTTCTATCTTCAATCTACAGAGAATGTTGTCTTAACACCTAGAACCGTGCAGACTTTTTGATACATTCTAAGAGTCAAATCTGGATCCCCTGCTTCTAAACGCCCAATAATAACAGGAGATAAATCTGATTTAAGCGCTAAATCTAGTTGAGACCATTTCTTCTCCATTCGTTTAGAGAAAATATATTTACCAAGGCTTGCTGAAAAACTATCTAAGTAATGAGCAATGCCTTCATTTGCTAAAGCTTTATTTTTTAGTGTTTCGAATTGATAGTCTGCATGACCAATGCTTGTTTCCGCTTCAATACGACGCAAGAATACGCGTTTGACTTCTTCGCGGTAAGCACTCATTTGATCCGTGAACGGGTTTTTATCTTTAAAATAGCCTTTAACGAAGCAATAATAGGTTTCATCGCCACTAAAAGCAGTGAAGTAAATTAAACGACAATTTTTATCTTTAAAATGTGCTTTCATCTCTTGAATCGGTTGGTCTACAGTTGTTTCCACTCGAGTTGTTTGTAGTGAGTAAGCTTGACTTTTACCGATAATTAAATGGACATCGGGGAGAATTTGCTTACCAGTGCTAAGTTTTCTCGTTTCTGCTGTTTCTAGTTGTAACAGGCCTTGAAATACTAAAGTGGCCATTAGTGGTTCTTCCACAATTAAATTTTGTAAGAAATCATACGCTTGGAACTCATTTTGTTCGTCTTTCACAAAAATGATTTTTGCCATTCGTTTCGTGATTCCACTCAGAGTTGAGTGAATCACTCCCTCCTTTACAACTTTACCTAATTCTATTGTACTTTTTTCTGCTCAAAATTGCACTTATTTTCTCTATTTTTTACAAAATAAACCAAAACCACTCGAATTGAGTTGCTTTCCTTTTTTGAAAATAAAAAACCCGCTTCAATAAGCAGGTTTTGTAGCTATTTTTTCGCTTCTTTCGCGATTTGGTACCAACTGTAAATCTTCACTATCGCAAAGAAAGTATAGCCAAATGCGATGAGATATGCCCCGTAATTAATTAATAGAATGTTGAAGCCACTTCCCCAACCAGACTCTTCTGCTACGGCTACTGCTCGGGCATAGGGGCTAGTGAAAAAGTAGGTAATATATAGTGGATTAAAACTTAAAATAGCACTTGTAATCGCTATTACGAAAGATGGAAGTACCATCAAACAACTAATGACACCAACT
NZ_CP092060.1_gap71	2875364	2878949	3585	AGGAAATACTGCTCTTTTTGCCTTTAAGGCTTTCCATTTTCTTCGCTGCATCTTGTAGTTCAGAGTCTTTGTTACCCATGCGTTTAATAAATGGAATGGCAGTAATGAATGTAACAAGTGCCGCACATAGCACCGCAATAAGGATCTTAATGTGATCGCCGGGTGCTGCCATCATCATGATTGTGATAATACTACCAGGAGAAGCCACACCAACAAGTCCCGCATTTGTCATTGTTAAAATAAATGTTCCTGTCATACCACCAAGAATTAGCGGTAAAATAAGAATTGGATTCATTAAAACGAATGGGAAGTAAATTTCGTGAATACCACCAAATAGGTGAATAACACTTGCCCCGTAGGAAGATGCTTTGGAGTTTCCTTTACCAAAGAACATATAGCCAAGCAAAATTCCAAGTCCTGGTCCAGGGTTTGATTCTAGTAAGTAAAGCACTGATTTCCCTGTTTCTGCGAGTTGCAAGGTGGCTAGTGGACTTAGAATACCTTGACCGATCGCATTGTTTAAGAATAAGACCTTGGCCGGCTCAATAATTAAAGCCGTTAGTGGGAGCAAATGATTATTGATTAATACATCCACGCCACTTGCTAATACTTTTGTTACAGCTTCGACCATTGGAGCAATCGCCACATAAGAAAATAGTGCTAATCCCGCTCCAATTATCCCAATCGAAAAGTTGTTAACTAATAGTTCAAATCCAGCTGGAATTTTTCCATCAATACGTTCATCAAATTTTTTGAGTATCCAAGCTGCGAGCGGGCCCATTATCATTGCGCCAATAAACATGGTTATATCCGAACTAATAATTGCTCCCATTGTCGCAACAGTACCAATAACTCCGCCTCGGTAACCGTGAACCGCTCGACCTCCAGCAAAGGCAATAAGAAGTGGTAACAAGTAATTTAGCATTGGTGCGATGAACCCTTTTAACATCTCAGAGCCTGTAGCCACCCCAATTGCCGTTAAAATACCCCAAGCCATAAAAGCTCCCAAATTCGGAATGACCATACCACTTAGCTTACTCCCAAACTTTTGTACATGTACCCGAATAGACATATTTCCCCCTCCAATCATATGTGTGGCGCAATTTTATAGTGATACTTCTTTCCCCTCAGCAATCGAACGTTCAATCGCATCTACTACTCGTAAGGAATCATACGCTTCTTTTGGTGTAATAATTGATTTTGTGTTATTCGCCACGTTATTAATAAATGCCATTACTTCCTCAGCTAAATCGCCGGAAACTTCGCCATTTGTGTAATACCAGTGTCTTGAATCCGGATAAGATACCCCTTTTTCACTAACAAAACGAACACCGTGGTCGCAAGAGTCTACATATGCTACGCCTTTTGTTCCGACTAATTCAAGTTTGTCGTCAATGATGGTTGGCGAATTTTCTGGCAAGACCCAGCAAGCTTCCAGGCAAGCAATTGCGCCATTTTCGTACGTAACAATGGCATAAATCACATCATTCATGCCGTATTCTTTAAGTAAAACACTGCGACTTTTGGCAATAACTTTGACTGGCTCGCTATCCATGTACCAGTTAATATAATCAATATCGTGAATCATTACGTGCATACTTAAATCAGAAGCACCTATGTAACGCTTTGGCCCGGTAATTGGGCTGTTACGACGACAATAAAGATGAATAATATCACCCAATTCGCCGTTATCGAGGCGCTGTTTAATCATATTAAAACGAGGATCAAATCTGAGTAAAAATCCAACTGTAAACACTTTGTCGTAGTCTTTGGTCAGTTCATACATTGCTTTGCCGTCTTCCAGTTCTTTTGCAAGTGGTTTTTCGAGTAAAATGTGTTTTTTGTATTTTACCGCTTCTTCCACGCAATCACGGTGCATATTATCAGGTAAAACAATGCTCACAGCTTCAATCTCCGTATTTGCTAGAAGTTCGTGGTAGTCTTTGTATGCTTTGCACTGAAATTTTTCTGCCATTTCGGCACGTCTTTCATCGTTGTACTCACAAATTGCTACTAACTCTACTTGCGGAAGTTTTTGATAAATTTCTGCATGATACTGCCCCATTTGCCCAACGCCAATTACGCCAACTTTGATTTGCTTTGTCATATCACTTACCTCTTTCTTCTTAGATTTTTTTAATTTCATTTGTAAAGCGGGTGGTTATTTCCTGTGGCCGAGTTACTGCGCCGCCAACAACAACGGCATAACAACCTAACGTAAGAACTTGTCGTGCTTTACTAGGTGAATCGATTTTCCCTTCTGCAATCACTGGACGCTTCGTACTTTTCAAAACTTCTTTCAAATGGGAGAAATCGTCGTCGCTGATATTTTTATTCGCTGTTTCTTCGGTGTAGCCGTAAAGTGTCGTGCCAATTAAGTCGAAACCGAGGGAATCAGCGTAATAAACGTCTTCAATACTGCCTGTGTCTGCCATGAAAAGCGTGTTTGGAAACTCTTTTCGAATGGCGCTTAGTATGTCTTTGAGGTCTTCGTTATGTGGTCTTTTTCTCGTTGTCGCATCCATCGCAACAATTTCTACTCCCGTTTCACATATTTCTCTGACTTCTTTTAAGGTTGGTGTGATAAATACGTCCGAATCATCGTAGTCTTTTTTGTAAATACCTATAATGGGGACGTCCACCTCGCTTTGAATTGCCCGAATATCTTTTGCGGTATTTGCTCGGATACCAACAGCACCACCTTGAACTGCGGCCAGAGCCATTTTCGACATAATAAATGCACTATGAAGTGGTTCGTCTTCTAAAGCTTGGCAGGAAACCACTAACCCGCCTTTGATTTTTTCCATAACAGAATTGCCCACTGATACTCCTCCTCTATACTGTGTTTCAGTGTAAAGTATGCGTTTTCAAACAGACTATATCATAAGAAAATGATTTTATCAATATCGATTAAATGAAAATGATTTTCATATTTTAGTGTGGATAGTTGCGGAAACTAGCTTTAAAAAATGACGTTGCTGTTAAAAATAAAAAGTCCTTTCGTTTGAAAGGACTTTGTTAGTTTATTCGATTGGTAATTTGTTGGGTGTTCCAGGTTTGCGTGGATATTTGTTGGGGGTTTCTTTTGTTTTCGTGATGACGTAGATATTGCGTTCGCTTTCTTCTACTGGTAGGGAGAAAGCGAAGTGTTCCTCGACTTTTCCGCCGAATAGTTTGATGGCTTTTTCGGCAGTTTGCAGCTCTTGTTCGGCTTGGGCTGCTTTCATTACTAAGAACGAACCGCCTTTTTTGACAAGTGGCATGCAAAGCTCGGATAATACGCTCATTCTTGCTACGGCACGTGCGGTTACAAGGTCGTATTTTTCGCGGTGCGCTTTGTTTTGACCAAATGTTTCAGCGCGATCATGATAAAAATGCACATCCGTTAGACCTAATTTTTCTGCTAGCGCATCAAGGAAAGTCATGCGTTTTTTCAAGGAGTCTACGATGCTTACTTTTAGATGCGGGAAGCAGATTTTAATTGGGAGACTTGGAAAACCAGCGCCAGCCCCGACATCACAAATCGTATCGAACTTAGTAAAGTCTACATAAAACGCGGCAGAGATAGAATCGTAAAAGTGCTTT
NZ_CP092060.1_gap72	2939420	2939920	500	ACAACCTCATTTATTTGTCTTTTTTCTTATTCTGGTAAATAGTTTAACACATTGTCGTAATGAAATCCTTTTCCGGAAAGTGTGGATAACTAGTTAATAACACCTTTTTATTGTGGATAACCTTTTCAATTAGTTTAAACTTATACACAATTAGTGGTTAATTACACACAATGGCTTGTGGATAATTAAATCTAACAATTTCGTTACAGATTTCTTTACACACAAGTTATACACAAGTTAACTGGCTGTGGACAACCGTTTTTCACATCTGGACAGTTTTGTGGATAGATTTTGTAAGTCCTTGCTATCAGAGTGATTTTCTGATATTATAATTCCTGTCGAATAGAAATATAGCTGGGGAAAACTAAAGTTATCCACAATACATTTTTACTTTGTGGATAATTTTTTAACAGTGTTTGGATAACCTTATCCATGGCTTTTTCTATCTGTGGATAACTTTATAGCATCCATTTACATTACATAAAAAAGGGGGGTTACTA
