gap_id	start	end	length	sequence
NZ_CP056003.1_gap1	128124	132502	4378	TTGGGACTTTATCTATTCAAATGATATGGGAAAATTAATTAAAAAATGTGAAGAAGCATTTAAGGAAGGAGCAGGAGAATAATGAAACTTATAACAGTATCAGGACCACCTTCATCTGGAAAGACTTCACTTATTATTAAAACAGTAGAAAGTTTAAAAGCACAAAATATTAAAGTTGGAATAGTGAAATTTGATTGTCTTTACACAGATGATGATATTCTATATGAAAAAGCAGGAATACCTGTAAAGAAAGGATTATCAGGTTCAGTTTGTCCAGATCACTTTTTTGCAAGTAATATAGAAGAAGTTGTACAATGGGGACAAACTAATAATTTAGATTTATTGATAACAGAAAGTGCTGGACTATGTAACAGATGTTCACCTTATCTAAAAGATATTAAGGCAGTGTGTGTAATAGATAATTTAAGTGGAATAAACACTCCAAAGAAAATAGGACCTATGCTTAAACTTGCAGATATTGTTGTTATTACAAAAGGAGATATAGTTTCACAAGCTGAAAGAGAAGTCTTTGCTTCAAGAGTACAAACTGTAAATCCTAAGGCAGCAATAATACATATAAATGGTTTAACAGGACAAGGAAGTTATGAATTTGGTTCTTTGATAATGGAAAATAATGAAGAAATTGACACAGTGTTAGAAAGAAAATTGAGATTTCCATTGCCGTCAGCAGTATGTTCTTATTGCTTAGGTGAAACTAGAATTGGAAGTAGCTACCAACTTGGAAATATTAGAAAGATAAATTTTGAAGAGCAATAATTGATATAATTAATTTTAGAATGTAGATAAAAAACAAGTGAAATTGCATTCTAAATTTTAGATGAAAAATTAAAGCAAGTGAACCGAGCAAATCTCGGTGTGTTTGAAGCCAATTTATTGGCAAGTTTACCGAATTTGCAGCGAACGTTAATTTTTCATCGTTAAAAAATTTAGCTAGCAATGAACTGTTTTTTACTACATTTATGATTAAGGAGATAAAATGAGTATAGACAATAAAGAATTAGATGAAATGGACTTTGACCTTTTGGATATACTTGGAGTTACAGAACAAAAAGTTGAAAGCATAACTTTACTTCCAGGATATAATAAAAAAGGTGAAAAAGAGGGCTATGAAGAATTAGTAATAAAGGCAGGAGAAATTGTTGCCATAGTAGGACCAACAGGTTCAGGAAAAAGTAGATTACTTGCAGATATAGAATGGGGAGCACAAGGAGATACTCCAACAAAGAGAACAGTTCTTGTAAATGGAGAATTGATGGATGCAAAAAAAAGATTTTCTCCAAGCTATAAGTTAGTTGCTCAACTTTCACAAAATATGAACTTTGTAATGGATTTATCGGTTAGAGAATTTATTGATTTACATGCAGAAAGTAGACTTGTTTTAGATAGAGAAAGTGTAATAGAAAAAATATTTAACCAAGCCAATGAACTTGCTGGGGAAAAATTTACAATAGATACTCCAATAACAAGTTTAAGTGGAGGACAATCAAGAGCATTAATGATTTCAGATACTGCAATTTTAAGTACATCTCCAATAGTTCTTATAGATGAAATTGAAAATGCAGGTATAGATAGAAAAAAAGCCTTAGACTTACTTGTTGGAAACAATAAGATAGTTCTGATGGCAACACACGATCCTATTCTAGCTCTTATGGGAGATAGAAGGATAGTTATTAAAAATGGAGGAATTAGTAAAGTTATTGAATCCACAGCAGAGGAAAAAAATATCTTAGGTGCTTTAACAGAACTTGACGATGTAGTTCAAGGTATGAGAAATAAATTAAGATACGGAGAAAAATTAGAATTAGATTTTGAAATTAAGAAAAAATAAAATGTAAAAAAATGGGAAAGTATGTAATAATTTAAAAATACTTTTTCATTTTTTATTTATTAATAAAAATATAAAAAACACTTGATTTTTAAAGGAAAATGGTATACAATAACACTCGTTATTTAATAGAAATTAACAAAATTTAATATATGTAATATAAGAGGAGTAACATGAAAAAATTAGTAACATTTCTCTTTTTGGTTTTAAATGTTTTATCTTTTTCAGATACTTTTAATAATAATGAAGATGAAAGGACTATTTTAAAGCAAGAACAAAGAGTTGAACAAGAAAGATTACAAAAAGAATTTCAAAAAAGAGAAGAAGATTTTAATAAATTAAAACTAGAAAAAGCAGAAATCTCTGTAAATGAAATTAAATTTCATATATCTCAAATAAATTTAGAAGATGAAGAAAATCTATTAAATGAAATAGAAAAAGAAAATATATTAGAAAAATACATAGATAAAGATTTGGGAAGTACAGATATTACAAATTTAGTTACAGATTTAACAAACAGATTAATAGCAAAAGGATACATTACTTCAGTTGCAACCATTTCTGAAGATAATGATTTAAGCACAAAAACTTTAAATTTAAAGGTAGTTCCAGGAAGAATAGAAAAAATAACAGTTAATGAGGATAAAGGCTTTGATAATTTAAAGAAGTCTTTTTTAGTTTCCACTAAAAAAGGTAAAGTATTAAATATTAGAGATTTAGATACAACAACAGAGAATTTTAATTATCTTGAATCAAATAATATGACTATGGAAATAGTACCAAGTGAAATACCAAATTATTCAATAGTAAAGATAAAAAATGAAATGAAGAATAAATTTACAGTATCAGCACTTACAAATAATTATGGAGAGGATAAACAAAATGCTATTTGGAGAGGCGGAGTATCAATTAATATAGATAGTCCATTAGGAATAGGCGATAGAGTATACTTTTCATATGTGACAGTTCATAAAAAGAAGCCAGATAGAAGTTGGAAAAGAGCAACAGAAAATTTAAAACCAGGAGAGATAGCTCCAATAGGTCCAAAGGGTTATGACCCAAGAAAAGACACTTTACCATATAAAAGAGATTTAGACCTATATAATTTTAGATATATAATGAAATTTAATTCATATACTTTATCACTAGGTTCAAGTAGAACAGAAAATACAAGTAGTTTTTATACACCAAATACAGTTTATGATATGGAAACAGTAAGTAGTACTTTTTCAATTAACCTAGATAAAATTTTATGGAGAAATCAGAAAAATAAAATAAGTTTAGGAGTAGGATTAAAAAGAAAACATAATGAAAGCTATATAGAAGATACTAAATTATCAGATAGAATTTTAACAATAGGGGATATTTCATTAAATGGAACAACTGTATTTTATGGAGGATTGTTAAGTGGTTCTTTAGATTATGAAAGAGGAATAAGAGCATTAGGAGCATCTTCCACTCCTAAATCTCAGTTTATGAAATATACAATGAATGTAGATTACTATAAACCTATCACTAAAAGATTAGCATATAGGTTGGATACAACAGCTATTTATTCAAATGATGTTCTTTATGGTTCAGAAAAACAATCAATAGGTGGAGTAGGAAGTGTTGGAGGATATCACAGAAGAGGAAATATACAAGGCGATAAAGCAATAGAAGTACAAAATGAATTATCATATAGAATATTAGATTCAGAAAAATTTGGAAGGATAAGTCCTTATTTAAGTTATTCTTATGGAAGAGTAAAAAATAATAAGAATAATTCAAAATATGGAAAAGGATATATTACAGGTGCATTATTAGGTTTAAGATACAATATGAAATATTTAGATTTAGATGTAGCCTATGCAAAACCATTGGCTCATTCAGGATATATAAAGCCTAAAAATAGAGAAATATATTTCAGCGCAACATTAAAAGTCAAATTTTAGATGGGAGGGAAAAAATGAGAAATAAATTTTTTAGAAAATTCATAACAATAATATTTTTACTAATATATAATATTGAAATATTTGCAGCTAATTTAGTAGTAGACCCTAACTCAAATCATAATACTAAATTAGATACAGCACCAAATGGAGTACCTGTTGTAAATATTTCTACTCCTAATGATAAAGGAATAAGCATAAATGAATTTAGCGAATATAATATTGATGAAAAGGGACAAGTTTTAAATAATGCAGATAATTATGGAAGAAGCCATCTTGCAGGTATAATAAGCGCTAACCCCAATTTAGCACCTAATCAAGCAGCTAATCTAATAATTCTTCAAGTGAATGGTTCTAACCGTTCTCAAATAGAAGGATATTTAGAGGCATTAAGTAGGCAAAAAGTTGATGTTATTCTAAGTAATGAAAATGGTCTCTATATCAACAATGGAGGAACTATCAATATTAAAAACTTTACAGCAACAACAGGTAGAGTTAATTTAAAAGATGGGGACTTTGTAGGAATAGATGTTGAAAAAGGTAATATAGTTATAGGTCCTAAAGGAATGGATGGAAGCAATGCCAATTATGTTGAGTTGAT
NZ_CP056003.1_gap2	146006	150300	4294	AATAGGATATGTTCCACAAATTCTTGATTTTGAGAGAACATTGCCTATAACAGTGGAAGATTTCATGGCTATGACTTATCAAATAAGACCTTGTTTTTTAGGAATATCTAAAAAATATAAAGCAGAAATTGATGATCTTCTAAAAAGATTAGGAGTATTTGAAAAGAAAAAAAGATTGTTGGGAAATTTATCTGGTGGAGAAAGACAAAGAGTTTTGCTTGCGCAGGCACTTTTTCCTAGACCTAATCTTTTGATTTTAGATGAACCCTTGACTGGTATTGATAAGGCTGGTGAAGATTACTTTAAAGAAATTATAAAAGAATTGAAAAATGAAGGGATGACTATTTTTTGGATACACCATAATTTAACACAGGTAAAAGAGTTAGCAGATACTGTAACTTGTATTAAAAAAAGAGTTATATTTAGTGGAGATCCAAAAGAAGAATTAAAAGAAGATAAAATTATGAGAATATTTGAATAGCCACTTATAAAAATAATTTATTTAGTAGTTAAATCTATGAATGTGATAAAAAACAGTTCATTGCTAGCTAAATTTTTTAACGATGAAAAATTGACATTCGCTACAAATTCGGCAAACTCGCTTCGCTCAGACACGCCGAGATTTGTTCGGCTCATTTCCTTCAATTTTTCATCTAAAATTTAGAATGCAAGTTCACTTGTTTTTAATCACATTTCAAAATTACTTAAAATTTTGAATATAATTCACTTATTTTTATAAAGTGGACTATTTTGTAGGAGAGAAAATGTTAGAAAGTTTTAGAAGTTTCTTAATGAATTTAGCTGAAAAAGGAGATATTCCGTCTTCTTTTAAGTATGGTTTCGTTATTAATGCTATGATATGTGCATTGTTAATAGGTCCAATACTTGGAGGAATTGGAACTATGGTAGTTACAAAAAAAATGGCTTTCTTTTCAGAAGCAGTTGGACATGCTGCTATGACAGGAATTGCTATTGGTGTACTACTTGGAGAACCATTTTCAGCACCATATATTTCACTTTTTACATATTGTATATTATTTGGTTTAGTAATAAACTACACAAAGAATAGAACTAAAATGGCATCAGATACCCTGATTGGCGTCTTTCTGTCAATGTCAATAGCATTAGGAGGCTCACTTCTTATTTATGTATCAGCTAAGGTAAATTCACATGCCTTAGAAAGTATACTATTTGGTTCTATACTTACAGTGAATGATACAGATATCTATATTTTAGTTGTATCAGCTATAATAATTGGTTTTGTTTTAATACCATATTTGAATAGAATGTTACTTGCAAGTTTTAATCCAAACTTAGCAATAGTAAGAGGTGTAAATGTAAAACTGATAGAATATATTTTTATAATAATAGTTACCATTATTACAATAGCATCAGTAAAAATAATTGGTTCAATACTTGTGGAAGCATTACTTTTAATTCCAGCGGCAGCAGCAAAAAATTTATCAAAATCTATAAAAGGTTTTGTAAGTTACTCAGTAATTTTTGCTCTTATCAGTTGTCTATTAGGAGTATATTTACCTATACATTTTGATATATCAATTCCATCAGGTGGAGCAATAATATTGATTTCATCAGTTATCTTTATTATTACTACTGTTGTAAGAATGCTATTTAAAAACTTTGCAGAAGGAGAATAAAATGAAGAAAAAACTATTGTTTATTTTGATGTTAATTATAGGCTCATTTAGTTTTGCTGAAAATATAATAATTACATCTATACAACCGTTGTATTCTTTGACAAGTTATTTAACTAAGGGAACAGATATTAAAGTCTATACTCCTTTTGGTTCAGATGTGTCTATGACTATGTCTAAGGATTCTATAAGGGAAGAAGGCTTTGATTTGGCTATTGCTAAAAAAGCTCAAGCAGTTGTTGACATAGCAAAAGTATGGCCAGAAGATGTAATCTATGGTAAGGCAAGAATGAATAAGATAAATATTGTTGAAATTGATGCAAGCCACCCTTATGATGAAAAGATGACAACTATATTTTTCAGTGATTATTCAAATGGAAAAGTAAATCCATATATTTGGATGGGAAGTAAAAATTTAGTTAGAATGGTAAATATTATAGGAAGAGATTTAATAAGATTATATCCTAAAAATAAGGCTAAGATAGAAAAGAATATAACTAAATTTACTGCTGATTTATTAAAAATTGAAAATGAAGCTAATGAGAAATTACTTTCAGTGGGAAATTCAGAAGTTATATCTTTAAGTGAAAATTTACAATATTTTCTAAATGATATGAATATATACACAGAATATGTAGATTATGATAGTGTGACTGCTGAAAATGTTGCTAAATTAATAAAAGATAAGGGAATAAAAGTTATTGTTTCTGATAGATGGTTAAAGAAAAATGTTATAAAAGCATTAAAAGATGCAGGTGGAGAATTTGTTATTATAAATACTTTGGATATACCTATGGATAAAGATGGAAAAATGGATCCAGAAGCTATATTAAAAGGATTTAAGGAAAATACAGATAATTTAATTGAAGCATTAGCAAAATAGGAGGAAAAAATGAAAAAGTTTTTAGTTTTAATTATTGGAGTTTTAATGTCAGTTGCTGTATTTGCACATGCACCATTAATTTCTGTTGATGACAATGGAGATGGAACTGTGTATATTGAAGGTGGATTTTCAAATGGAGCTTCTGCTGAAGGTGTAGAAATTATAGTTGTAAAGGATAAGGCATATAATGGACCAGAAGAAACTTTTAAAGGTAAAGAAATTATCTACAAAGGAAAATTAGATGCTAAAAATAGTTTAACTTTACCAAAACCTGCAACTGATAAATATGAAGTGTATTTTAACGCAGGAGAAGGACATATTATTGGTAAAAAAGGACCAGCTTTAACAGCAGGAGAAAAAGCTAAATGGGACAAGGCAACAGCTAGTTTTGATTTTGGAGAATGGAAAGAATTAATGATGGAAAAATAATAAATAAGAGTTGGTATGATATTAAAAATTATTGGGAGGTATCACAGTATGAAAAAGAGTTTAGTTTTAATTGGAAGTATTTTATTGGCAGCAAATTTATTTGCACATGATCATTTTCTTTACACATCTAATTTAGATGTAAGTAATCAAAAAGAAGTTAAAATGAAAGCAGTTTTGGGACATCCAGCTGAAGGACCAGAAGCAGAACCTATAAGTATTGCAACTGTTGATGGTAAAACTCATATGCCTAAGGCATTTTTTGTAGTTCATGATGGAGTAAAAACAGATTTATTATCTAAGGTAAAAGTTGGAACTATAAAAACTACAAAGGGAGAACATGTAGCTCTTGATGTTGTTTACACTGCTGAAGATGGATTAAAAGGTGGAGGAAGCTGGGTATTTGTAATGGATAGTGGAAATACAAAAGATGCAGGATACATGTTTAATCCAGTTGAAAAATTAATAATTACAAAAGATTCTGCTGGTTCAGACTATAATCAAAGAGTAGCTCCAGGACACAATGAAATAGTGCCATTAGTAAATCCTGTTAATGCTTGGAAAGAAAATGTATTTAGAGCAAAATTTGTTGACAAAGATGGAAAACCTATAAAGAATGCAAGAATAGATGTAGACTTTATAAATGGTAAATTAGATATGACTAATAATACTTGGGCAGCTAATAAAGAAGCTCCTAAAACAAGTTTAAGAGTATTCACTGATGACAATGGAGTATTTGCTTTTGTTCCTTCAAGAGCAGGACAATGGGTTATAAGAGCTATTGCTTCTATGGATAAAGAAAAGAAAGTTGTTCATGATGCTTCATTAGTTGTACAATTTGAATAGAACTTAATTTTATAATTTAAAAGAGGCTGTTATAAATTAATATTTTGAACTGTACCCAAAATCTTAGAAACAAGATTGGAGGTACAGTTCATTTCATTAATTTGTAACAGTTTTTTTATTATTCTTTATTGAAAATGCAATATCTATAATTGCACTTAAAAGTATAAGTATTGAACCTATAACTGTTGTCATTGATGGGATTTCTCCCTTTCCTAAATAAACCCATAAAGGATTTAAAACAGGTTCTGTCAAACAAATTATCATAGCCTTTTCCATAGAGACTTCTCTTAAACCTTCACCATACAAAGCATAGGATATTCCAGATATAACTATACCTGAAATACTTAAAATAATTATTTCATTAAAACTTGATGGTGGATGACTGTATCTAAATATTAGAAGAATTCCATAAAATGCTGCTGAAATAATATTTATAAGAGCTACTATTCCTAAAAGGTTCCCCTTTTTCACTTTTTGTAAATTA
NZ_CP056003.1_gap3	152384	153194	810	AAGGTTCTAAGCTCTCCTCCCAAATATTTTCCAATTAATGCAATCTTATTATAGATATAATCTCTATTTTTATCAAAAGTTGCTCTTATTTCTGTAACCAAGTAAACATGATTGTCTTTTATATATACTTCACCTAAATTACATGAACTTTCAACAACATTTAAACTTCCTATCATGCTAGATATGCCATTAGGAGATAAAATTATAGCATCTATAATTTTATCAACAGTATTCTTAGAAAGTAGATTTTCAGCCAAGTTTTCAGCAGAAACTTCAATTTTTAAATCTATAGCAGTTTCTTCATAAATTTTCTTAGCTTCACTTTCAAAATTTTTTACTATATCTTTTAAAGTATCTATGTCTTTTTCTTCTAAAGCTACTGTAACATGGGCTTCTCTTGGAATTGCAAGTCTAAAATTTCCACCTTTTAAATCAGAAATCAAGAAATTTATTTTTTCTCTTAAAAGATTTAAAAGATTGGCTAGTAAGACATTGGCATTTGCTCTTCCCTTATGTATATCTTCTCCTGAGTGTCCGCCTCTTAAACCAGAAATTTTAATTTGATATCCTTTATAGTTATCTGTTTTCTTTATGTATTCAACAGGAAATTTTAAATCTACACCTATTCCACCACAGCTACCTGCAATTATTTCATTATCAACAACATGGTCTATATTTATTAATCTGTTTGTCTTAAACCAAGATTTATCAATATTTAATGCACCACTCATATCTTCTTCTTCAGCAGTAGTAAGTATTACATCAACTGGAGGATGTTTTAAATTTTTATCTTCAAGTACAGCCATAGCC
NZ_CP056003.1_gap4	154712	158895	4183	AAATTAGGTGAATAATAATATAAAAAAGGAAGTTACGATAGTAAATTATTGTAGCTTCCTTTTTATCAAAACTCTTATATAATTTTCTAATTACCTATTACAGGAGCTTTTGGAGTATATCCTCCAGCTTTGTTGAATACTTTTCTAATAAATTTAGTTATAGGATATTCAAAATTACTTTCATCTTTTTGTTTTTTTGTATAAAGTCTTTCTAATTCTTCCTTATAAGCCTCTACATCTTGAGGATTAGGATCTTTTATAGGATATTTTTTTAGATTAGGATATTCTCTGTCAAGAACAGCATTCCATTGTTCAACTTGATCTTTAAACAATGATAAAATAAAATCTCCGTTTTCAGAAATTTTAACTTCTTTAACAACATCTCCCATTTCTAGCTTTCTAATCTTTTGGAAATCTCCTTCTGATCTAACTTCACCAAAAACTGTATGTACTCCATTTAACCAATCTGCTGGTGAGAATGTAAAGAAGAATTGAGAACCACCAGTATTAGGTCCTGCATTTGCCATAGCTAACATTCCTGGTTGATAGAAATCTAGCCATTCAACAAATTCATCTGGTATAGTGTATCCTGGTCCACCCATTCCTGTTCCAGTAGGATCTCCACCTTGTACTATAAAGTTATCAACAGAACGAGTGAATTTTGTATTATCATAAAATCCTCTCTTTGCAAGGTTTATAAAGTTAGCAACTGTTAAAGGAGCTGCTTCTGGATATAAGAAGAAAGTTATTTCTCCTTGTGTTGTAACAAAAGTAGCAGTTACATTATTATATTTAGTTGGACTTTTAAATACACTTGCAACTGATTTCATCGTAGATTTTATAGAGCTACAGCTTACTAGAAATATAAGAGATAACCCTAAAATACTGAATAATTTAATTATTTTTTTCATTTAAACCTCCTAAAATTTATTTAGCTGTTAATATTATACTATATTTTAAGAAAAAAAACTATTTTAAGAAATTTTTTTGTAATTTCTTTGTTGATAATGTCAATAAAATTGAGATAATAATCAATATTACTGATAGAGCATTCACAACAGGTGAAACTCCTAATCTTATCATAGAATAAATTCTAAGTGGTAAAGTTGATGAACCTGGACCAGAAACAAAGAATGTTATTACAAAATCATCAAAAGATAATGTTAAAGCCATTAAAAATGCTGATATTATAGCTGGCAGTAACATAGGGATAATAACTTTTGTTAAAGTTTGCCTATTTGTTGCACCTAAATCATAGGCTGCCTCAACAATAGAATAATCAAATTCATCAAGTCTTGAAAGAACTATAAATAAGACATAGGGAATATTAAAAGTCGTGTGAGCAATAAAAATTGTTGTAATTCCCAACTTAAATTTTAATGTGGCAAACATAATAAGGAGTGAAACTCCAATTATAATATCGGGTACTACAAGAGGAAGAACACTTAGATTTTTTAAATATTTTTTACCTCTAAAATCAAACCATTTTAAAGCAATAGCTCCTAAAGTACCTATAACAGTTGAAACAAATGCTGAAATAAGAGCTATAAATATACTATAATAAAATGCCTTCCAGATATTGTTAGAATGTTTGAATAATTCTTTGTACCATCTTAGTGAAAAGCCATTCCAAATCATTCCTTTGCCATCATTAAAAGAATATATAATTAAGACTATAAGTGGTAGATAAAAAAATACCATAGCTAAAATAAAAATTATAAAAGATGTTTTTCTTTTATCCAGTTTATTAGACATTATTTAACACCTACTTTGTTTTCTTTTTCTTCGTATTTTGAAAATAACCATACAACTATGCTTGTTAAAACTATTAAAGCTCCTGAAATCGTTGATGCCAAAGGCCAGTTTCTAGTAACAGTTAAATGCTGAGCAATAACATTTCCAAGCATAAGTGAGCTTGTTCCTCCAACTAACTTAGGTACAGCATAAGAACCCAGAGCAGGAATTAATGTAAAAATAGTTGAAGTTACTATCCCTGCTTTTATATTAGGAATAAATACTTTTCTAAAAGCCTGAAAATTAGTTGCACCTAAATCTCTTGCTGCATCTAAAAGAGAAAAATCAAACTTTTCAACCACTGCATATAAAGGTAAAATTGCAAAAGGTAAACTTGTATACACAGAGATTATTACAACAGCAGGAACATTATATAACATTTTTATAGGCTCATTAATTATATGAAGTTTCATAAGAAAATGATTAATAAAACCATTATTTCCTAAAAGTGCTATCCAAGAGTATATCCTTACTAAAAAATTTGTCCAAAAAGGTATTATTATTAAAAATAAAAGCTCTTGTTTGTGTTTAGACCTAGCTATATAATATGAAATAGGGATAGCTAATAAGACAGTAAAAATAGTTATTAATATAGAGATATATATAGTATTTAAAAGTATTTTTAAAAAGACTTTATCAACAAATATATTAAAAGTTTCAAATGAAAGTTTAAATTCAACTCCACCATAAGTTCCTCTTTTTAAAAAAGAATATGATAGTATAATTAAAATAGGAATAAGAAAAAATATTGTTAACCAAATATTTATTGGTAAAGAATAACTTAAACCTAACTTACTATTTTTTTTCACTTTTCACCTCCACTAGATAACCATCATAGGCATCCCAAGTGATGTAGGCATCTTCATCCCACCATATAGCTTTTTCATCATTATCATCAAAGAAAGCAGCATGTTGCATAAAGATTTTAAATTTTAAATTCTCATTATTTTTTAGATGTACATAATATTTACTTTGGAAACCAGAATAAATATACTCATCAACATAAACGGCAGCACTATTTACAAAATTCTTAGTGCTTTTTATTTCTCTTTTTGAAAGTCTAATTTTTTCAGGTCTTAAAGAGATAGTAACCTTATCACCAATATTAACTTTTTTATCCAATTCAATAATTATTTCTCCTATACCCTCTAAATTTATTTTAGCTAATTCTTCATTTATTATTTCAGTAACTTTTCCACTGAAAAAATTATTTTCTCCTAAGAAGTCTGCAACAAAGGTATCAGCAGGAGCTTCATAAACCTCAGCAGGAGTACCAACTTGTAAAACTTTACCTGCATTCATAACGGCTATTCTATCTGAAATTGAAAGAGCTTCTTGTTGGTCGTGGGTAATAAAGATAAAAGTTATCCCAACTTCATCATGGATTAAGTCAAGTTCTATCAGAAGATTTTGTCTTAATTTTGCATCAAGAGCTGATAAAGGTTCATCTAGCAATAGAACTCCTGGCTTATTGATTAAAGCTCTTGCTATTGAAACTCTTTGTTGTTGTCCTCCTGATAATTGACTAATTTTTTTAGAACTATGTTCTTCTAAGCCAACAAGTTTTAAATATTTTGTTACCTCTTCATTTATTATTTTTTCCTCAACTTTTTTAAGTCTTAAAGGAAATGCTACATTTTCAAAAACGTTCAAATGTGGAAATAGGGCATATTTTTGAAATATAGTATTTACATTTCTAAGATTTGGAGGTAAGTCAACTATATTTTCATCTCCAAGATATATAGCACCACTATCTGGTGAAATAAAACCAGCTATCATTCTTAAAAGTGTAGTTTTACCACAACCTGATGGACCTATTATAGAAAAAAATTCTCCCTGCTCTATCTTTAAATTAATGTCTTTTAAGATTTGAACTCCATCAAAACTTTTATTTACATTAACTATATTTATATCTTTTTTTTCCAATTCTTTATTTACCTCCCCAATCTTAAATTACCATATTTTTATTATTTTATCATTAAATCCTAACAAATTCAATAAAACGTTTACCTGATCTTCTTATATTTCATAGTGTAATTAAAAACAAGTGAAATTGCATTCTAAATTTTAGATGAAAAATTAAAGCAAGTGAGCCGAACAAATCTTGGCATGTTTGAAGCCAACTTGTTGGCAAGTTTGCCAAATTTGTAGCGAACGTTAATTTTTCATCGTTAAGAAATTTAGCTAGCAATGAACTGTTTTTAATTACATTTACTAATCATTTTCTTCTTCAATTAAATAATTCATTTGTTGCCAATCATAATAATCTATCAATTTATAAGGAATAGTATTATTTTTATAAGCAATAGCAATAATTTCATCAGTTCCCACTTTATATACAATATGATGTTCTTCAAAATCATCTAAAAGCATTTCTTCATATTCTTTA
NZ_CP056003.1_gap5	180777	182563	1786	CCATAAGATTCATCACCTAAAAACATAGCAGACCATTGTTGATCTGTCATTGCAGTAGTTCCTGAATCTGATAACATATCCACTGTTAGCATTCCAGCAGGAAAAGCAAATTCATTGTAGTGAGTTGCCTTTAATGCACGTTCCCTTTGTTCAACTGTTACTTCGGGAATGTTACGTTTAACATAAGAAAAAGAGCGTGGTACTGGGACATCAAGTAAATATTCTTTCATAATAAACCTCCTAAATTATTAGTACCCCGGTTGTCAATGAATGATTAGCGGACAGCACTCTTTTATATTTTAAATAATACTTTAATCTTTAAAATGAAAAAAAGATACTAAAAAAATATATTTCATAATAAAAACAAATATTATTTATTGTTTGAAAATATTTTATCACTATGCTAAAATATTGTCAATAAGATTTATAAAATATTCTATATAAAAATAAGTGAGTTACATTCCTAATTTTATTACAATAAATTTTCTTTGAAATAAAAAATTTTAAAACTTTTAAATAGGATTACTGCGACGTCCTATAATGTTGAAAGAGCATTTTGGAGCTCGAAAAACATTATAGGCTGGCAAGTAATCGCTATATATGATTAGAAATTTCTAAATATCTCTTCAAAGAAAATTTTTTAAAAGTTTGGTTAGTAACGAACTTTTTTATATGACTAATTGGGGGTAAAAATGAGAAATGAATTATTAAATCAATATAAAATATTAGTTAATTTTTTAGGAAAAACATTGGGTCCATCTTTTGAAATAGTTTTACATGAAATAAAAGGTGAGGAAGTAAAAATGATAGCCATAGCCAATGGTGAAATTAGTAATAGAACATTAGAAAATTCAATTTCAAGTGAAACTTTAAATATTTTAAAAAATAAATCTTATCATAATGAAGAAAGTATGGTAAATCACACAGTATTATTAAAAAATGGAAAGAAAGTTCGTTCATCCAGCATGTTTATTAAAGAAAATAAAAAAATTATTGGAATGTTATGTATTAACTTTGACGATAGCAAATTCCATGATATAAATTGTCAAATACTAAGAATAATTCATCCTGATATGTTTGTTAAAAATTATTTATCAGATGTTTCATATAATATTTTAGTAGATGAAAATAAAAATCAAGATGATGAAGAAAATTCAACTGATAATATGGAAAATTTTATGGAAAAAATATTTCAAGAGGTCAATTTGAAATTTAATTATCCTTTGGAAAGATTGACTAAACAAGAAAGAGAAAAAATTGTGAAAGCATTATATGAGAAAGGTTTTTTTAATTTAAAAGAAGCAATCAATTTTGTTGCTAAAAAATTATCTTGTTCTCCTACAACTATATATAGATATCTAGGGAAAATTGAGAAAGAATAGAAATTATTTGTGATAAAAATATAATAAACTATAAAAATTTTAGGAGGGGTTAGTATGGGAAAAGTATATTCAAAAGATGAAATTATAAAAATGATAGAAGAAGCAAAGTCTGATATGAAAAATTTTTATAAGAAAGAGTTTGTAAATTATTCAGGCAAAACATCAGATACCAAAGAGTATTATACAGAAATTATTGCAGAATGGTTATTAGATAATTTTTATTTATTTGATACTATTAAAATGATAAGTAGAGAATCTAGTTATAACGTAAAAACTCATGATGGAAAGATTAAAGATGAAAAATCAAATCGTGAGGAAGAAAAAATTGCTATGGAATTATTTGATATTTCTCAAAAAGAAGGAAAAAATTTTTATATAATTGGGAAAATCTTAGATTATCAGAC
NZ_CP056003.1_gap6	231111	232561	1450	AGTAAACACTAAGGTTATTCAAATCAGAAAAGATACCAGCTTTAATAACCCTAATGATACCAGTCATAATCCCCATTTTAAGATAAGGATTAGTTTTTAAAGCCTCTCCATAAAAGACTTTAAAAAATGGAAGAGCCTCATCATAGTAACCATATTTATAGGAAGTAATCAAAGGAGTATCATATTCATCAATTAAAAGTATAACTTCCTTTTTATAATATTTATATAAATAAGTAGTTAAAATTTTAAGAGCATTTTTATATTCAGCAATATCTTCTTTTAACCAAATCTTATTAAAAGTATTTAATTCACTTTCATTTAAAACTTCTCTAATATATTCAAATTCATTGTATAAATCTCCTATTAATCCTTTTAAATCATATAAACAATGTTCTCAATCTTTTGTTTTTATACCTTTCATAGAAATAAAGATAACAGGGTATTTACCTTGTTCTGAAATATATACAGATTTTTCAATATCTAACCCATTAAATAATCTTCTATTTTCATTTGCATTTTTTATATCAAAGAAATATTTTAAAGTGGACATATTTAAAGTTTTACCAAATCTTCTAGGGCGAGTGAAGAGTTTGACTTCGGCAGCATCATCTAAAAGTTCAATTATAAATTTTGTTTTATCAATATAAAGAGCATTGTTTTCAATTAATTTTTTAAAATCATCAACACCAATAGGAATTTTTTTCATAAAACCTCCCTTTAAATAACAAGATTTTTTATTTTAATTATACCATAAATAAAAAATAAAAAAATTAATAAATAAATCATAGAAATTTTATAATTTCTATTGTAAAATATAAAAAGTGAAATATATAAATATTAAAAATAATTGATATAAATAAAATGAAAACAAGTGAGTTACATTCTAGATTTTAAGATAAAAATTAAATAGAATGAGCCGAGCAAATCTCACTGTGTTTGAACGAAGTGAGTTTAGTGAATTTGCAGCGAATTCTTAATTTTTATCTGTTAAGAAATCTGGCTAGTAATGAACTGTTTTCAGTTATATATAGGGAGTAGAAATGAATAAACATAGTTTTAATGTTTTAGAATTTGATAAATTAAAAGAATTGATTTTAGCAAATATAGTTATAGATGATAATAGAGAAGTTATAGAAAATTTAGTACCATATAAAGATTTATCTGCACTTAATAATGAATTAAAAACAGTTAAAGATTTTATGGATTTACTTTCTTTTGATGGTGGTTTTGAAGCTATTGGGCTTAGAAACATCAATAGCCTTATGGAAAAAATAAAACTTATAGGGACTTATCTTGAAGTGGAAGAACTTTGGGATATAAATGTAAATTTAAGAACTGTAAGAATTTTTAAATCAAAACTTGATGAATTAGGAAAATATAAGCAACTTAGAGAAACAATAGGAAATATTCCTAATTTAAGACTGATTGAAGATGTAATAAATAAGACTAT
NZ_CP056003.1_gap7	248739	250234	1495	ATCTTACTTTCAAGACAAGTTGGAGTTCCATATATTGTTGTTTTCTTAAACAAATCTGATATGGTTGATGACGAAGAATTACTAGAATTAGTAGAAATGGAAGTTAGAGAATTATTAAATGAATATGGATTCCCAGGAGATGACATCCCTATAATCAGAGGTTCAGCATTAGGTGCTTTAAATGGTGAAGAAAAATGGGTTGAAAAAATATTAGAACTTATGGAAGCAGTAGATAACTATATCCCTACTCCAGAAAGAGCAATAGATCAACCATTCTTAATGCCAATAGAAGATGTTTTCACTATCACAGGAAGAGGAACAGTTGTTACAGGAAGAGTTGAAAGAGGAGTTATCAAAGTTGGAGAAGAAATTGAAATAGTTGGTATCAAACCTACAACTAAAACAACTTGTACAGGTGTTGAAATGTTTAGAAAACTTCTTGATCAAGGTCAAGCAGGAGATAACATTGGAGTGTTATTAAGAGGAACTAAGAAAGAAGAAGTTGAAAGAGGACAAGTTCTTGCTAAACCAGGAAGTATCCACCCTCATACAAACTTCAAAGGTGAAGTTTATGTATTAACTAAAGATGAAGGAGGAAGACATACTCCATTCTTTACAGGATACAGACCTCAATTCTATTTCAGAACTACTGATATCACTGGTGCAGTAACTCTACCTGATGGAGTAGAAATGGTTATGCCAGGAGATAACATCACTATGACAGTTGAATTAATCCACCCAATCGCTATGGAACAAGGATTAAGATTCGCTATCAGAGAAGGTGGAAGAACTGTTGCTTCTGGAGTTGTTTCTGAAATAATTAAATAGTCAAAATTAAATTGATTTTTAATGCCCTTGATTTTTATCAGGGGTATTTTTTGTTATTTTCTATGGTATAATACAAATAAGAAAATGTTTTTACAAGGAGGGCTGTTATGAAAAGAATAGGAATAGGACTAAGTGATTTTAAACATCTAATAGAAGAAGATTTTTATTATTATGATAAAACAAAATTCATAGATGAAATAATTAAAGATGGAGCACAGGTAAAATTATTCACAAGACCTAGAAGATTTGGAAAAACATTAAATATGTCTATGCTAAGGTACTTTTTTGATATAAAAGAAGCAGAAGAAAATAGAAAACTATTTAAAAATTTATATATAGAAAAAACAGAATCCTTTAAAGAACAAGGACAGTATCCAGTGGTGTTTTTATCATTAAAAGATTTAAAAGCAACAACTTGGGAAGAAATGCAAGAAAAAATAGTTGTTACACTTTCTGACTTTTTTTCTGAATACCAATATCTTTTAAAAGAATTAAATGAAAATGATACTGATAAATTTAAAAAAGTTCTTAGAGAAGAAGCTAACTTATCTAATTTAGGAACAATATTAAAATTTTTAACAAAAATTCTATATGAAAAATATAATAAAAAAGTAGTGGTATTGATAGATGAATATGATAGTCCATTGGTATCAGCCTATATAAATGG
NZ_CP056003.1_gap8	329665	332283	2618	TTGTATTAGATGGAAAAATAATTCTTTTTGAAAATATAGAAATTTATAGAATGTCAGAAAAAGAAAGGAAAGAAATTTGCTATAAAAATATTTCAATGATACTTCAAGATTCAATAAATTCTTTAAACCCATATGAAAAAATAGAGAAACAACTTCTTGAAACTTATATTTTTCATTCTAAGGAAAAAGTAACAAAGGATTTTGCTATTGAAGAAATAAAAAAACTTCTCTTAGATGTAGGCTTTGAAGATATAGACAGAATTTTAAATAGTTATCCTAATGAATTATCAGGTGGAATGAGGCAGAGAATTGCAATAGTATTAGTGCTATGTACAGATATAAAAATACTTTTAGCTGATGAACCAACAACTTCATTAGATGTTGTAAATCAATTTAGATTTATAGAATTATTAAAAAAAATCAGTAAAGAAAAAGGTTTGACTCTGATATATGTTAGCCATGATATCAAGGTATTGTCAAAAATTTGTGAAAGAATAATAGTTTTAAAAGATGGAAATATTGTAGAAGAAAATGACACAATACAGATTTTAAAAGAACCTAAGAATGATTACACAAAACTATTAATTAAGGCAGCAACTGCTGATTAAAGGAGAAGTATGAAAGAGGTATTGTCAATAAGGAATTTGAATAAAACTTTTGAAAGTGGTTTTAAATTAAAAGATATTAATTTTGATATAAAAGAGGGAGAAGTTGTTAGTCTTATAGGAGAGTCTGGAAGTGGAAAAACGAGTATATCTAAAATAATAGTTGGTTTATTAAAAGCCGAGGGACAGATATTATTTAAAGGAATAGATATTTTAGAAAATCCTAAAAAGATAAATGGAAAGATACAGATGATTTTTCAAAGTCCATATAGTAGTTTAAATCCTAAATATAAAATAAAGGATATAATTTTAGAAGGAATAATTTATCAAAAGGTTTTAAAAAAAGAAGAAAATATTGATGAATATTTACTTAATATTCTCAATGAAGTAGGTTTAGATAAAGAAGTTTTAAATAAATATCCACATGAATTATCTGGTGGACAAAGACAGAGAGTGGGGATAGCTAGAGCAGTAGCAGTCAAGCCAGATTTGATAATAGCAGACGAGATTTTAACAGCTCTTGATGCTTTAACTCAAATTCAAATATTAGAGCTTTTTCAAAAATTAAAAGAAAATAAAAAGATATCATATTTGTTTATAAGTCATGATATAAATGTTGTGAAAAAAATTTCAGATAGACTTTTAATAATAAAAGATGGTGAAATAATTGAAAGTGGAAGTAAAGAAAAAATTTTTTCTAAACCTGAAAAAGAGTATACAAAAAAATTGATAGAAATATCTGGGATAAGATAATAACTATATTAAATAAAAAAGGATTTTTATGTTTTATTAAAAAAATAAAAATCCTTTTCAATTCCATTTAGTATAATAAATTTCTATTTTATTGCTTGTGTTACAGTAGCAGAAGTTGTTATAGAAGCACCTGGAATAGAATCCATAGTTTTGATAATGTTTTCTATAATTCCACTTTTAGTAGATACTTTAAATTTATAAACAGCTATCCTCTTACCAGTTCTTAAATCCGAAAATTTTATAATTCCTTGATAAGTTCCTAAATAATCAGCTCCAATTCCTTCACAAGTGATTGCAAAATTTGATTTTAAAGATGGTGAAGAAGTATCTTTATTTGAAACTACTGAAACTTTCCAAAAATTATTTTCTAAAGTTTTTTCTAAGGCAATCTCAAATTCAGTTGGGAAATACTGAATAAGTACAGTCTTTTCATCCTTTGTAATAGGTTTAGCATCATGAACAAATTGTGTACTAGAACAAGCAACAAAGGCAAATAACATTAAAATAGATAAAAAAATCTTTTTCATAAAATAACCTCCAAAAAATAAAATAATTTAAAATAAATATCTAAAACTCTACACTATGATAATACAATGTTTTGAACTAAAAGTCAATAAAAATAATAGTTAATAATATAAAAAATTTTTTAATAATTTAAAAAAATTTTTCTTTTATTTTTTTAAAAGATATGATATACTCTTAAAAGTGCATAAGAATTATCTTATGTAGTTAGTTTAAAGGAGGTGCAATAGTTAATGGCTTCTAACAAATTAAGAATCTATTTAAAAGCATATGATCACACTTTATTAGATGAATCAGCAAAAAGAATAGCTGAGTCTGCTAAAAAAAGTGGAGCAGTAGTAGCAGGTCCAATGCCTTTGCCTACTAAAATTAGAAAATATACTGTTTTAAGATCAGTGCATGTTAATAAAGATTCAAGAGAGCAATTTGAAATGAGAGTGCACAGAAGAATGATAGAATTACTAAATTCTACCGATAAGGCTATTAGTTCGTTAACATCAGTTCACTTACCAGCTGGTGTAGGGATAGAAATTAAACAAGTTTAATTCTATTCTTTGTATTTATTTATGGGAGATGATGTTATATACATCATACTTACAGAATAGTACAAGTTGATTTTTATTCTTGTGTTAAAAATAGAACCACAAGGGTAAGTTGTATCAACCAATATATTATTTGATGGAGGTTAAAAATGTCTGGAATTTTAGGAAAGAAAATTGGAATGACTCAAATTTTTGA
NZ_CP056003.1_gap9	425639	428951	3312	ATCTTTATACTGTTCTAAGTGTACAATTTTTAAAACTTGATTTACTCTTTCTTCTATTTCATTTTTGCTAATTTTTTGAATTTTTAATGGATAAGCAATATTATCAAATACATTCATATGAGGCCATACTGCATAAGATTGAAATACCATTCCAATTCCCCTTTTTTCAGGTGGTAAAAATTCTTTTTCGCTTGATACTAATTTATCACCTATATATATTTCTCCACTACTTGGTTTTTCAAATCCTGCAATAAGTCTAAGCATAGTTGTTTTTCCACAACCAGATGGACCCAGTAATGTTATAAATTCTCCATCTTCAAATTTTTGATTAAATTCTTGCAAAACTTTCACATTTCCAAAAGATTTTGTAACTCCTGTTATTGTTACTGATGCCATATTTTCCTCCCATTCTATATTGAAAATTGTCCCTTAGTCAATTTATTTAAAATATAATTAACTAAAATAACAAATAGTAAAATAGCTGTTGCCAATGCACTTGCAACCTGTTGACTATGATATGTTTGATAGATATATAATTCATATCCAATAGTCTTGGTATTTGATGAATAAAGCAATGTTGACATTGTCAATTCATAGAATGATGGCATAAATATTAAGAAAATTCCTGCAACAATACTTGCTCCTATCAATGGTAAAGTTACATCTTTTAACATACGAAGCCAGTTTGCTCCAGATATTTGTGCAGCCTCTTCAAGTGAAGGATGAACTTGGCTCATTGCAGAAACAACAGTTCTCATTCCCATTAACATATATTTTATCATATATGCAATTATCATTATTGTTAAAGTATTATAAATATTTATTCCAAATTTGCCACTCATTGATATTATAAGTGCCAAAGCTATTGTTACACTTGGTGTTCCAGAACCTAATGTTATCAAAAAGTCTGGGATTCTTTTTCCTTTTACATTTGTTCTTTGTAATAAATATGCCATTACACAAGAGATTAAAATTCCAAAGAATGCAGCAGCAGTTGCTGCTAGGAAGCTGTTTGTTGTTGAACTTATTATTGAAGCTCTTGAAAAAACTTTTTCCCATGCTTTTAATGATAAATTTGATAAAGTAAGTGGTTTTCCCATATTCACAGTAAATGATGTTATAGCAACTGTTATAAATGGTAAAATTATTACAAAAAATGAAAAAACTGAAATTATTATTGTTATAGGTAATTTCCATTTTCCTAATTCTACAATATTTGGTCTTGTAGATTTACCACTCATTGTTATATATTGTTTTCTTCCAACAACAAATGTTGAAATATATAAAATTATATTAGATATCAACATCAAAAATACAGCAAGAGTCATTGCATCTGTAAGTCCTTCTTCTGAACCAATATGAACAAAGTCTATTATACGCATAGTTACTGTATAAATTTGTCCTGGTGCTCCAATAATAGATGGGATACCATAAGATGATGCTGATGCAACGAAAACTAAAAGTCCAGCAGCTATTATACTTGGTGTCATCATTGGTATAGTAACTTTAAGTAAAGTTTTTAAAGGAGAAGCTCCTGAAATTCTTGAAGCCTCTTCCAAAGATGGATCCATTTTTTCCATAGCTCTTGATATTGTTATAAAAGCATAAGGGTAGAAAAAGCAGGTTAATACCCATACAATTCCAGAGGTTGTATAGATATTAAAAGGTGCATCTCCTAAGCCAAATATTTTCATTAAAAATCTATTTAGAACACCAGCATTTGGATTTAAAAGTCTTAACCAAGCCATAGCTCCAACATATGGTGGAACCATATAAGTAACTACAAATAAAGTTCTAAAAAATTTCTTTCCATACATATCTGTCCTACCAACTAGAAATGCCAATGGAAATGCTATTGCAACTCCAAGAATTGTTGTAAAACCAGCTGTAATTATGGTATTTTTTAAAGCTATCCAGTTTAAATCATATGTGTAAACTCTTCTATATGCTTCCCAAGAAAAACTTCCACCAGAAAATAGAGATTTAATTAATAAGTAGAATAATGGAAAAACTTCAAATATAAGTAGAAAAGCTACTATTGCTAAAATAACTATCCATTTTATATCTATTCTCCATTTTTTTTGTCCAACCATATTTTCCTCTTTTCTTTATTAATTTGCCTTAGTTATAAATTTTTCAAACATTTTTCTTAATTCTTCTCTATCTTTATATGTCTTTTCCCAATTTATAGGCATAGAAGATTTTAATATTTCATCAGTAGCTTTTGCATCATAAGGTGCTTTTTCAGGATTCTTTAAAACAGAGTGCATCCAACCTTCTACTATTGCTTCTTGTCCAGCTGGTGATAAGAACCAATCTGTTAGAGCTTCTGCTGCTTTTATATTTTTATTTGCTGACATATCTTCTTTAACAGTCATTATTGTACTTGGTATAGAAATTATTCCATCTTCTGGATATATAACTTCTAGCGTAGAATTTTCTTCTTCTCTTTTCTTTAAAATAGATTCTTCAAGTATCATAATTTCAGCAGCTTCTCCTGTTTCTAATTTAGTAACAGCTACTGAACCAGATTCAACAACAACTTTTAATTTAGCTAAGTTTTGGAAATATTCTTCTCCATATTTATCACTCAATGCAGAAACAGCTGCCAAAGCAGTTCCAGATTTTAATGGGTCAGGAATTGAAATCTTTCCTTTTAAATCTTCTCTTTTTGCAAAATCTTCAAAAGTAAGAGCTAAGTCTTCTTTTTTGTATTTATCAGGATTATATGCTAAAACCATATTTAATAGACGAACTGGATACCAATATCCTTCTTTGTCATAATCTAAAGCTAAATTTTCAGCATTTTTAGAAATATATGGATGTAATATTCCTTTTTCTTTCAATTCTAATGAATAAGATGGTTCTGCAACCATTAACATATCACAACCTAATTTATTAGCTTGTAATTCAGCTATAATTTTAGATTGTAAAGTTCCTGTTCCACCTTGGAAAAATTCAACTTCCAAATTTGGAAATTCTTTTTTCAATTTTTCACTGACATTATCTATTATATCTTCATACATAGAAGTATAGATAACAATTTTTCCTGTTATTTCAGTGTTGGCATTAGAATCAGCAGCTTCTTCTTTCTTTTCTCCTCCACCACAAGCAACTAAAAACAATGTCATTAAAGATAATACAAGCCAAAAAAATTTCTTTTTCATAAACTTTCGCCTTCCTTTTTATGTTATTATTATTGTTACTACAACTCAACATAACACAAATAACAAAAAAAGTCAATTTATAAGATTAAATTGACCTTTTTCTAACCATTTTTTAATTATAAAAATTAAAATTTATTCTTTTTCT
NZ_CP056003.1_gap10	438567	442204	3637	TAATTTATCATACATATTAAAACCTATATTTAAATTTTTTACTTCTAAAATATTCATAACATTACTCCTGTCCTGTATTAGGATTAATAATTTTTTCTAAATTATGTCCTATTGCATCAAAAGCAAATACCATAAGCATAAGAGCCAAACCTGGAAAAAAAGCTAACCACCAATATCCAGAAGTAATATATCTCATTGATTCTGACAAAATAACTCCTATTGCTGGTTCTTCTGGTGGCAATCCGAATCCTAGAAATGTGATCCCTGCTTCATGTAGTATTGCATGAGGAAATAATAGTACTACTCCTACAATGAATTGAGGGATAATATGTGGTAAAATATGTTTAGAGGCTATTTTAACATTGCTAGTTCCTAACTTCTTAGCTATTACTATATATGGCTCTCCTTTAATAGATAAAATTTCTGCTCTTATAATTCTTGATAGGGTTGTCCAGTGAGTTAATGCTACACCTACTAATATTCCCATTGTTCCTTTACCTGTTAAAATGGAGATTAATACCAACAGTATAAGATGAGGCATACCTTGAAATAAATCAATAAGCCATAAAAAAAATTTATCAATTTTTTTTCCAAATATAGCACATGCCGAACCAATTATTACTGCAAATACACAACTAACAAGTGATGCAACTACCCCTATAATTAAGCTAGTACTAAGCCCTTTTATAGTTCGTGTTAACATATCTCTTCCCATCCAATCAGTTCCAAATATATGTTTTAAACTAGGAGGATTATTCCGAACAGTGAAGTCTACTCCATAGCTATTTTTATCCATAAATCCTCCCCATATTAAAATAATTAAAAGAAAAGCTACTGATACTACTATATATAGTAAGGTTTTTTGCCTTAAATTTAATTTCTTATAATTAGATTTTTTTTGGAGTAAAGCATTATCTATCATTATACATTCCCTCCCTTATTCTAGGATCTATAATAGGATACAGAATGTTTGCACATAAATTTCCTACAAATACAAATATTGCAGATACTAAAGTTATTGCAAGGAGTAAAGGCATGTCTCCTTTTACTCCAGCAATTTTAGTTATATTTCCTAAACCTGCATATGAGAAGACATTTTCAACAAGTACTGAACCTCCAAAAAGTTCACTAATAGATGCAAATTGGATAGTTACTGCTGGTAAAAGTATATTTCTAATACCATGTTTTCTAATAAATTCCCATAGCTTTTCTCCATTTATTTTAGAATATAAAAAATATTCACTATTCAAAACATCTATAAGTTTTTCTCTTGTATGTAATGCAATTTTTGATATTCCTAAAATACTTAATGTCATAGCTGGTAGAATCATATGATGAATTCTATTCCATAGTGATATATCTTTCTCTATAACACCAATAGGTGCAGACATTCCTACAGGAAACCAACCTAATTTAACTGCAAAAAACATCAACATAAGAATAGCAAACCAAAAAGTAGGCATTGATGCAAATAGGTATGATATTTTTTGTATTATTTGGTCTATGACTCTTCCATGATAGGCTGCAGCAACTATTCCTAAGATAAAACCTATTATCCCTGATAGAAGCCATGAAGTTAACATAAGCATAAAAGTATTACTAGCAGCTTTAGAAATCAATTCAGATACTGGTTTGTTATATATAAAAGAATCTCCCATATTTCCAGTTAGTGCTCCTTTTATCCAATTAAAATATTGAACTATTGAAGGCTGATCTAAACCCCATACTTTAACTAAATAGTCATATTGTTCTTGTGTAACATTACTATCAGCTCCTAAATAACTAGAAACAGGATCTATTGGTGTTAACTTCATCAACAAGAAAGTTATAATAGAAATAGCAAATAACAAAAAGAACAGCTTAGCTATTTGCCATATAATTTTTTTCATCTATACATCCTCCCTTTATTTTTTAAAATCCCATTCTTCTATATTTGCCATAAGTGATAAATCTCTAGCATGAGTGTGCAATTTTTGTCTTCCTAAATCTAAACCATCTCTTACAAAATATAAATGTTCCAAATAACAAATTGTACAGTATGGAGCATCTCCTAATACACTTCCTCCTTCTTTTCCATCCCATAAAGCCTTTTGCCAATTTTTTATAGCAACTTTTTCATCTGTTGCTAAATAGGCAGCTCTAATATGTTCATCAACAGTAGGGTTATTTTCTCTTACAATATTAGACCAAGGTCCACCTATTCTTTCACTAAAATAAAATCTTGCAACAACTTCTGGTGTATATTGTCCTCCACCAATTACACAGGCATCTGAAGATTGTCTTTTTTCCATTTCTGTCCAATCTGAACCTTCAGGAATAACATTAATACCAATTTTTTTACATTGAACTGCAAAAGCTTCTGCACAAGATTGTCTAGTATCATCTGAAGCTGGATAAAGTAATCTAAATTCTGCTTTAACTCCATCTTTTTCACGAATACCATTATCTTTCATTTTCCAACCTGCTTTATCCAATATTTCATTAGCTTTTGCTATATCACCATTTTTAAATTCTTTTCTTATTTCATCTTTAATTCCCCAAGGTAATGAATCAAAGAAATCAAAAATAACTTCTCCATATCCATAAAGAACATTTTCAATAATTTCTTGCCTATCTACTCCATAATTTATGGCCTTACGAATTGCTATATCTGATGTCACATCATTTCCCATAGGATTACCTTTTTCAGTAAGTTTTTCTGATTTTTTAATTGTAGGCATAGAGATAGCCCTAAAATCCATCGTTTTAGTGGCTAAAATACTATAATTTTCAATTTTTTCTTGAGCCATAGCCTCACTTACATTTACAATATCTATGTCTCCTGCTTTTATTGATGCTAAGGCTGTATCCGGAGTCATTGTTACTAAGGTTAATCTTTTAAATTTAGGTTTTGTCCCATAATATTCTTCATTTCTATCTAAAATAAGTTGTTGACCTTGTGTATAACTCACAACTTTATATGGTCCTGAGCCTATAGGATTTAAGCTATATGTATTAGTATCTTTATATGCATGTTCTGCAACAATACCTAAATTAGCTGCATTGTAAATAAAAGTTGAACATGGAGCAGAAAAAGTAAATTTAACAGTTTTGTCATCTAATGCTTCAGCTTTTTCTAACAATTTAAAATCAAAAGTAGTTCCTATTTCTTTAGTCTTATTAAATGTGAAAGCTACATCTTTTGCTGTTAATTTTTGACCATCACTAAATTTTACATCTTCTCTTATTTTAAAAATCCAAGTTTTACCATCTTCACTTACTTCATAATTTTCAGCAAGATCTTTAATAATATTATTTTCAAAATCAAAATCTAGTAATTTAGATTGTATCAAAGTTACACCATAATTTCCCCAGCCTTTACAAGGATCAAATCCCTTTTCTAACATAGACTGACCTACTCCTACTATAACCTCTTCTTTATTTTCTAATCTTTCAATTTTACTTGCTTCTTTAATTTCAGATGAATTTTTCTCACAACCTAAAAAATTAAACATCAGAGTTATAACTATTACAGAAATACCAATTTTTAGAATCTTTTTCATTTTTACTTCCTCCTTGTATTGATTTAAAATAAAAAAGCCATGCATCGTAAAAAAGCATAGCTATTGCATACTAAGAGTTTTACTCTTTATCTTTT
NZ_CP056003.1_gap11	456655	457262	607	TTTTTAGATGAAAATGATAAATTAGATATTTGTGAAGGAATGTTTTTGAAATTAAGTGGAAAACTTCAACTTGATACCTATGCAGGAAATGAAAAAACTTTAATGATAAATTCTGTAAATATTATAGATAGAGAAAAGGTTAAAAAAGAAGATACAGCAGAAGAAAAAATGGTTGAGTTACATGTACACACAAAAATGAGTGAAATGGTAGGAGTAACTGATGTTGAAGATATTATAAAAAGAGCTAAGGAATATGGACATAAAGCAATAGCTATAACAGATTATGCAGTGGTACACTCATATCCAGCTGCATTTAAAACAGCTAAAAAACTTTCAACAGATGAAGAGAAAATGAAAGCTATTTTTGGTTGTGAAATGTATATGATAGATGATGAAGCACCTATGGTTACCAATCCAAAAGATAAAAAAATTGATGATGAAGAATTTGTAGTATTTGATATAGAAACTACTGGTTTAAATTCTCATACCAATGAAATTATAGAAATTGGGGCAGTAAAAATAAAAGCTGGAAGAATAGTAGATAGATATTCACAACTTATTAATCCAGGAAGACCTATTCCATATCATATTACTGAAATTACAAGTA
NZ_CP056003.1_gap12	458802	462119	3317	TAGATATTGTGAAGAATTATTTGGTAAGGAGAATGTATTTAAAGCTGGAACTATCTCAACATTGGCAGAAAAAAATGCTGAAGCCTATGTAAGAAAATATTTTGAAGATAATAATTTGAATGCAGTAAGAGCTGAAATTATAAGATTGGGTAGGCTTTGTCAAGGTGCTAAGAAGACAACAGGGCAACACCCAGGAGGAATGGTTATAGTACCACAAGGAAATTCCATCTATGAATTTTGTCCTGTACAAAGACCAGCCAATGATGAAACAAGTGAATCTACAACAACCCATTATGATTATCATGTAATGGACGAACAGTTAGTAAAACTTGATATATTAGGGCATGATGACCCTACGACTATAAAACTTTTACAAGAGTATACTAATATGGAAATTAAAGATATTCCACTTGCAGATAAGGATACTTTAAAAATTTTTTCATCAACAGAATCTTTGGGAGTAACTCCTGAACAAATAGGAACAGAAATAGGAACTTATGGGATACCAGAATTTGGTACAGGTTTTGTAAGACAGATGCTTATAGACACAAGACCTACGACCTTTGCAGAGCTTGTAAGAATATCAGGGCTTTCACATGGTACAAATGTTTGGCTTAATAATGCACAAGAATTTGTAAGAAATGGACAAGCAACTCTTTCACAAATAATAACAGTGAGAGATGATATTATGAACTATTTAATAGATCAAGGTTTGGATAACAGTGATGCTTTTAAGATTATGGAGTTTGTAAGAAAAGGTAAACCTAAAAAAGAGCCAGAAAATTGGGAAAAATATTCTGCTATGATGAAGGAAAAGAATGTTCCTGATTGGTATATAGAATCTTGTAGAAGAATAGAATATATGTTCCCTAAGGGGCATGCTGTTGCTTATGTTATGATGGCAATGAGAATAGCATATTTTAAAGTTCATCAACCACTTGCATTTTATGCAGCTTTCCTATCAAGAAAAGCAGATGATTTTGATATGGAATTTATGAGTAGAGGGATTCTTGCTAAACAAAAATTAGAAGAATTATCCAAAGAACCAAAATTAGATCCTAAGAAAAAAAATGAACAAGCTATATGTGAAATTGTAGTAGAAATGGAAGCAAGAGGTATAGAGCTTTTACCTGTTGATATCTATTTATCAGATGGTAAAAAATTTACAATAGAAGATGGTAAAATTAGAATACCTTTAATTGGGATAAATGGGCTAGGAGGGGCAGTTATTGATGCCATAGTTAAAGAAAGAGAAGAAGGAAAGTTTATTTCAGTTGAAGACTTAAAAAGAAGAACAAAAATGCAGCAACCTGTTGTAGACAAATTAAAAAATATTGGAGCAATTTCAAGTTTGAGTGAAACGAATCAAATTTCTTTATTTTAAAGGAGGAGTAAGTTGAAAAAATTATTAAGTAAAATAGTATTATTTATAATACTATCACTGACAGCATTTTCATATAATTTTCCAATAGATGATCCCTATTCAGCAACAATTATAGGAAGTGCAACAATGATGACACCAGGAGTTAGTGAGAATATACCATTAAAAGTATATGAAATACAAATAAAAGATAAAAAAGACATTCCTGATGTATTTTGGTATGCAAGTAAGTTTAAATTTTCTTTTAGTAAACAAAAGAATAAAAAAGCACCTTTAATCTTTGTTTTAGCAGGAACAGGTTCAGACTATAATACAACAAGGGTTAAATTTATGCAAAGAATATTTCATGATGCAGGCTATCATACAATAGCGATAAGCTCTCAAATGAGTCAACAGTTTATGATTTCTGCTTCTTCTAATTCTGTACCAGGTTTACTTTTAGAAGATAATAAGGATATCTATAAGGCAATGAAACTTGCTTATAATAAAATTAAGGATCAAGTGGAGGTTACAGATTTCTATATAATGGGGTATAGTTTAGGTGGAAGTAATGCAGCTGTTTTATCTTATATAGATGAAAAAGAAAAGGTTTTTAATTTTAAAAGAGTGTTTATGGTGAATCCACCTGTTGACTTATATAATTCAGCAGTAAAATTAGATAAATATTTAGATAATTATACTGGTGGTAAAACAAAAGGTATAGAGAAATTGTTAAATACAACCTTGGCAAAAGTCAAAGGTGGATTGACAAGTGAATATGCAAATATAGGTGCTGACACTATTTATAATATAGTAAAAGGGGATATTTTATCTGATGCAGAAAAAGAAGCATATATAGGTTTAGCTTTTAGATTAGCTTCAACAGATTTGAATTTTATTTCAGATTTTATGACTAGAAGCTATGTGTATACAAAAAATCCAGAGAAAGTTAATAAGTATACAAATATGAAGGAATACCTTAAAGCAGTAAATTTTGCAACTTTTGAAGATTATGTTAATAAAATAGGATTTCCATATTATAAAAAACATAATAAAGATTATTCTATTGAAGCTTTAAAAAGAGAAGCAAGTTTAAAGGTTATAGAAGATTATCTTAGAAATTCACCTAAAATTGCAGCAGTAACAAATGCAGATGAGCTAATTTTAAATGAAAAAGATTTTGCTTTTTTAAAAGATGTGTTTAAAGATAGATTGGTTATTTATCCTAAGGGAGGGCATTGTGGTAATATGTTTTATAAAGAAAATGTAGATGTTATGTTAAAATTTCTAAATGAGGGGGTTTTAAAATATGAAAATTAAAAATTTATTATTGTTTAGTATTTTAAGCCTTAGTTTAGTTTCTTGTAGTAATACAAATGAAATACAATCTTCTAATACGGACTATGAAGAAGCTAACAATGTTATATATGCTAATCCTGGTGAAAGTAATTTTATTGCTGATGAACCTGATCCATGGGAATCATTTAACAAAAGAATGTATCAGTTTAACTATCAAATAGAAAGATTAGTAATAACCCCTATTATCAATACATATAAGTTTATTACTCCTGATTTTGTTGAAGATAGAGTGAGCAATTTTTTTAAAAATGCAAAAGTATTAAATACCATAGCTAATTCTGCTTTTCAATTTAAAGGAAGAAAATCTATGAGAGCCTTAGGAAGATTTACCATTAATACAGTATTAGGTTTAGGAGGTCTCTTTGATGTGGCTTCAAAAATGGGAATGCCAAAACCTTATGAAGATTTTGGTTTGACACTTGCACATTATGGAGTAGATAGAGGACCTTATTTAATATTACCAATTTTAGGACCTACATATTTAAGAGATGCTTTTGGAATGGGTGTAGACAGTGTTGCAGCGGGAAAAACAGATATATATAGAAGAATGGATTTATTTAACTCATCAAATATTGGTTTAACTGCATTAAGGGGAATA
NZ_CP056003.1_gap13	496294	499105	2811	AAGAAGTTGATGCAACAACACTTGGGGTTCTAAGGTATTTTTTTGTATCTATTATAGCCATTTTTATACTTATAAAAGAAAAAGTTTCTTTTCCAAATTTAAAAGATATCCCAGCATTTCTATTTGCAGGATTTTCTGGATATGCAGGGTATATAGTGGTTTTTAATACTGCTACTGTACTTTCTAGCCCTTCTACTTTAAGTGTTATAAATGCACTTGCTCCTGCAATAACTGCTATCATTGCATATTTTATGTTCAATGAAAAAATAAAAGTGATTGGTTGGATTTCAATGGGAATATCATTTTGTGGAATTTTAATACTTACTCTTTGGGATGGAGTTTTAACAATTAATAAAGGTGTATTATATATGTTAATTGGATGTTTACTACTAAGCCTATATAATATTTCTCAAAGATATTTAACTAAAAAATATTCTTCTTTTGATGTTAGTATGTATTCTATGTTAATTGGTGGAGTTCTTTTAGTTATCTATTCACCAAGCTCAGTTGGGAATATGTTTAATATAAGTTTTTCTTCTTTAATTTTAATTATCTATATGTCAATATTTCCAAGTATAATCTCTTATTTTTTCTGGACAAAGGCATTTGAACTTGCAAAACATACAACAGAGGTAACTTCTTTTATGTTTGTAACTCCTGTTCTTGCAACTCTTATGGGGATAATAATTTTAGGGGATATTCCTAAATTATCAACACTTATTGGAGGGATAATAATTATTCTTGGAATGGTTTTATTTAACAAAACAAAATAATATTTAAATTTTTCTTAATAATAAAAAAATGGAAGGCTGTTGCAAACTTAGGTTTAATTTGCAACAATCCCTTCCCTTGTTAATTTTTTACAATTCAATAGCCTTCTTTAATTCTTCAACTTTATTTAATCTTTCCCAAGGAGTATCTATATCTGTTCTACCAATATGTCCAAATGCTGCTAAATCTTGATATTTGAATTTTCCTTCTCTTAATTCAAGAGCTTTTTCTATTCCTTTTGGAGATAAATCAAATATCTTTAAGATAGCTTCGGAAATTTTATTTTCATCAACTTTTGAAGTTCCAAAAGTATCAACTTTTATAGATACAGGATGAGAAACTCCTATTGCATAAGATAATTGAATTTCACATTTATCAGCAAACCCTGCTGCTACAACATTTTTTGCTACCCATCTAGCTGCATAGGCAGCTGATCTATCAACCTTTGATGGATCTTTTCCAGAAAAAGCTCCTCCACCATGTCTAAAATATCCTCCATAACTGTCAACTATGATTTTTCTACCTGTAACACCTGTATCTCCATGAGGTCCACCAATTACAAATCTTCCAGTAGGGTTAATATAGTATTTTATGTTATTTGAACTAAATTTATATTTTTCTAAAACAGGTTTAACAACTTTTTCTATAATAGTTTTTTCAATTTCATCATGTGTGACATCTTCATCATGTTGTACTGATACAACAATAGAATCTACATGGTCAATCTTTCCATTTTCATCATAAGCTAATGTAACTTGTGATTTTTGATCAGGCCTTGCCCATTTAATCTCTCCACTTTTCATCATATTAGTAAGCCTTACTAATATTTCTCTTGATAATACAAGTGCAAGAGGCATAAGTTCTTTTGTTTCTCTAACAGCACCACCAAACATTATTCCTTGATCCCCAGCACCACCAATGTCAACTCCCATAGCAATATCTGGTGATTGTGCATGTATGCTATTTAAAACTCCACAATCAGAATCAAATCCCATTCCTGGTCTATAACCAATTTCTTTGATTTTTTTTCTAACAATATCTTGTACATCAATATATGTTGATGTTGTTATTTCTCCTCCAACAACAACTAAGCCAGTAGTACAAAAAACTTCACAAGCAACTCTTGAATTTGGATCATCTTTTAAACAAGCATCTAATATTGCATCTGCAATTTGATCTGAAATTTTATCAGGGTGTCCTGGTGATACAAATTCAGAAGTAAAATATGTAAATTTTTTCATTTGTTCCTCCTTAAAATATAAAATAAAAAATCTCTATCTAATTCCAGATAGAGAGATATATTAAAATCTTTTCCATCTATCAGGAATTAGCACCACACATAATATGCAGGTTGCTGAGATCTCAATGGGCCTGTCCCTCAATCTCTCTTGATGGTTCATTTATATTATAAGTGTAACATTTTTTATAAATTTTGTCAATATTAAAAATGGAGGTTATTACAAATTTGCAACAGCCTCCATTTTTTTACTTCTTAGGTGGTAAAATTTCTAACCAATATCCATCAGGATCAGTTATAAAATATATTCCCATTTTTTCATTTACAAAAACAACACAATTCATTTTCTTATGTTTTTTGAATGCTTCTTCATAGTTATCAACCTCAAAAGCTAAATGAAATTCTTCATCACCTAAATCATATTTTTCTTTTCTATCTGCAAGCCAAGTTAATTCTAGCTGAAAATTTGTTATTCCATCGCCTAAATAAACTATTTTATAGCTTCCATCTTCTGCAAACTTTTCTCTTACAACTTTTAGTCCAAGAGCTTCATCATAAAATTTTATACTTTTTTCTAGATTTAAAACATTAAAATTTTGATGTAAAAAATGAAATTTCATAGTCGCCTCCTATTTTTAATTATTTTTAGCTTCTATCTTTTTTAAAGAGATTTTTATTTTCTTTTGTATTTTAGTTTTTTCTTCTTCAACAGAAACTTTTTCTAACTGTTTCTTCAATTCTTCAATTTTTGCTTGTTCTGTTTCAATATCAATTTTTTCTATTGGAAGAATTTCATCAGCAAT
NZ_CP056003.1_gap14	505208	506443	1235	TTTTTCCAAGCTCCTAATATTTGCCCAATGGTTGAATCTAAAAATTCATAAATTCCTTCAAGAATTGTTTGAAACTTTCCAGGTATTAATTGTAAGTTTCTTGTTCCTAATTTGAAGAACAGAAAAAAGCAAAACAGTATAAACCAAGTTGTAACCACAGTAGAAGTAACAGGAATACCAAATATTGAAAATATTATAGATGGTCCTGATACTAAATCTCCTGTTGTAAATTCTATTGGTCCTAGTATCACTTTATACCTCCTTTCACAATAATCATAGTTTAATCACTTTAAATATTTTTTAATTCTTTCAAGAGCATTCATAGTGTATATTGTGAGTTTTACATTTAATGTACCTATAAATCCACTTAAAAAAATTTTAAAGTCTTTAAAAAAATATAATAATACTGCTAAAAATATAAAATGTAAAAAATATCTTTTTGCATAGCCTATATAAGCTATCCTTTTGGCAGTCTTTATATCTTTTGAATAAATAATTGCTTTTGTATCAACTGACAACATATATAAGGCTATAACAGATATTGCACAGCCTCCTGAAATTCCAAATAAAAGGTATTTATTTTGAAAAACCAAACCAAGTAAAAAACATACAATAGTTACTATTATTGTTTTCTTAAAAAGATTTTTTATATCTTCCATCTAAATACCTTTCTTTCCTCACTTTTCTTATTTTTCAAAAATGTAATTCTGTATTATATTATCATAAATATAAAAAAAATAAAACTTTTAAATAAATATTTTTATTAATTTAATTCTTTTTCAATTAACTTAGCAATATCTTCTGCTAATTTATTAACAAGTTTTTTATTTTCTCCTTCTGTCATAACTCTTATTAAAGGTTCTGTTCCAGATTTTCTTACTAAAATTCTAACTTCATCTTTATATTTTTTGTTTGCTTCATCAATAAAAGATGTAATATTTTCATTTTTATCCCAAGTATTTTTCTTAGCATTATTAACTTTTACATTTATTAGAGTTTGAGGAGCATCTTTTATAGCAGAAACTAATTCATGTAAATCTTTTCCTGTATCTCTAATAATTTCTACAAGTTTTAAAGATGATAACACACCATCTCCTGTTGTAGCATAATCTTTTAAAATGATATGTCCTGATTGCTCTCCACCAATAACAATATCTTCTGCTAACATTTTTTCAAGAACATTTCTATCACCAACATTTGCTCTTAAAAGTTCTATATCATTTTCCTTTAAGTAT
NZ_CP056003.1_gap15	529374	531812	2438	GCAGATGAATATGATAATCAAATAAGTCCTAGATATAATAATGCTGTTGTAGCTCAAAACTATGATGAATATACACCTGAACCAGATACTCCTAATGGTAATATTGATGTTAACATGGGAAAAACTACTACTTGGGGTGGTGGAAGAATAAAATTAAAAAGTACAGTTCCAGAAGGAAGACCTTTTGAAAATGGAGAAGAAGAATATGAAAATATTAAAGATGAACATGGTAATGTAATAGGCCAAAGAAAAATGCCAAAAGATCCATATATATTAAAAAGAAGTGGGACATATTATTTAAATCCTGGTAAAGTTGAAACTAAATACGTAAATGACACAGAAGGTAGAAAACTAGATACTGTAAATGCTTTTATAAGTGATTCAAGAGACCATAATACTACAATTAATGGAAATTATACAGTAAAAAATTTAGGAGATGGCCCTACCACAAAATTATTTTTTAGTTATAACCCTTCTGGTGTTGGTGGAAAAAAATATGATAATAAAGCTAGTTGGGGATGGAGTGATGGAACTGAGCAAGCAGTAAATAGAGTGGCAAAATTTACAGGTAATTTAACTTTAAAAGGAGTTGAAGATCCAAATAACAAAACTGCTCTTGTTGGTTTGGAACATCAGCTATGGGCAAAAAGTAGAACTTCAACACATAAAGATGACCAAGCCGAGTGGAATAATTCTAACTCAAATACCACTTTATTAAATACTGGGAATATTACATTAGCAAGTGGAAACTATTTAGTTGGTATGATGATTGATGTTGAATATTCAAATGATAAAAATCATAAAAATCATAAAACAATAAATAAAGGAACAATAAATATAAACAGTAAAAATAGTGTTGGGATAGATTTTGCTAGATATGAGCTAGGCTTATTACAAACAGATGTTACTTTAGGAAATATTAATGTAAACGGAAGTAATAACTATGGTTTTAGAATGGCTAAACTTTTTGATGGGGAAACTAAAACTTATCAAGGTGCTGATAATGGAAGTAATTTAACAGTTGATGGAAATAAATATTATGATAACACAACTATAACAGGAGAAGGTGGAAAAATAGTTGTAGGTGGAAAAGAAAATGTTGGAGTTTCAATTTCCAAAGGGGTTTCTGCTGATAAAAGTACTAACCCAATTAGTAATATAAAAAGTTTAAATATAGAAGTAGTTGGAGAAAACGTTGTAGGTTTTTTAAGAAATAAAGATTTTTCAACAAATAATTCAGGAAATATAGTTTTAGATGACACAACAGTACAAAGTTTAACTTTTGGAAATGGTGCAAAAAATAGTACCTTAGTTCGTAGTGATAATGGGACTATTGATATAAAGAAAAATCTTAATGCAGAAAAAGGTGGAGAAGGAAATAGTTTTTCACAAGCAACTTCTGGTGGTAAAGTAGTTAATCATTCAATTTTAAAAAGTACATTATCTCATTTTACAGGAATGATTTCCTATGGAAGAAGTAATAATCATCGTTCTTCTATTGCTACAAATAAAGGAACAATAGAGTTAGCAGGAGATTCTGATAGTAATATTGGAATGGCTGCATTAAATGGTGGAGAGATAAGAAATGATGATGGAACTATAAAAGTATTAGGAAAGGGTAAAAATAAGGCTACTATCTATATAGACCAAACTTCTTCAGCTACATTAAATGGAGGAAATTATTTTATTTCAGGGGAATCTTCTTCTGGAATTTATAATCAAGGTTCTACTATTTTGGGAGCTAATAATAAAATATTTGCTAGTAATGGAGCAGTAGGAATTTATAGCTCTGGTGGATTAGTAGATGGTAGCCATGCAGCTAATGGAGTGGATATAGAAGTAGATGATGGTGATTCTGAAGAAAAAGGATTAGCTATATATGGAGAAAATGGTACAGATATAAAATTACAAAATTCAAAAATAAATGTTAAAAAAGGAGCAGCTGGAGTTGCAGCATTTGGAGCAAATACTAAAATTAATTTAAATGGAGCCACTTTAAAATATTCAGGTTCCGGATATGCTGCCTATGCAACAGGTGGAGGAAAAATTGATTTATCAAATAGTAGAATAGAATTAAGAGGAAGAGCTACAGGATTTGAAATGTCTGGAAGTGGAACTTCACCAATAACATTGAATTCAGGTACTAAAATTCATGTTTATTCTAATGATGTAACAGTAATGAATATAAAAGATATGGCTTCATTAAATTATTCTAATTTAAATTCAACAGCATTTAATAGTTATCTTCAAGGGGCAACAGTACATGCTAAAAATGGTGCAACAGACTATAAATTAGCAGCTGTTGATGGGATAGGAGCTTATAATATTAATTCTAGTTTAGATAAAAAATTAGCAGTAAATCCTGCAAATAAAAATACAAATGACTATATTTTTACAAGATTATTGTCTGTTCAAAGAGCAAGAATGAATTTAAAATC
NZ_CP056003.1_gap16	539748	544220	4472	CTTTCAGGACCAAAAGGAGATGTAGCTTACGATTTACTTGAAATTTTATCACAAGATGAATTACTATCAAAATACAAGGTTCGTCTTATAGGTGGAAAAGAACTACCAGAAAGATTTTTAAAATTTAAAGAAAAAGACATAGAGTTTATCGGTTATGTTCCTAATATACAAGAAAAAATATTTGAATCTGATATTGTAATTGGAGCAGGTAGAGTAGCTTTTGAGGCTCTTCTTAATAAAACTTCATTGATAGCTGTTGGTGAAACAGAGTATATGGGTTTTATTAATAAGGAAAATTTGAGTAAATCATTAGCTTCAAATTTTGGAGATATAGGCTTTATGAAATACCCTAAGATTAAAAAAGATATTTTGCTAGATGATATTAAAAAGGCTTTGGAACTTTCTGAAAATGAAAAAGAAGAATTAAAAAATATTATATTAAAAGAAACAAACTTAAAAAATATAGTAGACAAAATAGAAAGGAAATATTTTAGTTTATATGTCAATAGGAAAAAATATGAAGTGCCTGTTATTATGTATCATAGAGTAATAAATAATGCTGAAAATGAGGGTGTATATGGCACTTATATATATGAGGATATGTTTAAAAAACATTTACAATATTTAAAAGATAAAAATTATACTGTTATCACTTTTAAAGATTTAGATAAAATAGGTTGGAGAAATAGATTTGAAAAAGGCAAAAAATACATTATTCTCACTTTTGATGATGGCTATAAAGATAATTATGATTTAGCTTTTCCTATATTAAAAGAATTTAATTTTAAAGCTACAATATTTTTAATGGGAAGTTTAACATATAATGAATGGGATGTCAAAGCTGGAGGAGAAAGAAAATTTTCTCTTATGTCAGTTGAAATGATAAAAGAAATGCAAGATTATGGAATTGAGTTTGGAGCACATACTTTTAATCACCCTAAAATTAATACTTTATCTAATGAAGAAATTGAACATCAAATTGTAGATGTTAAAAAACCTTTGGAAGAAAAAATAGGAAAAGAAATAATAACTTTTGCTTATCCTTATGGTATCTTAAATGATTATGCCAAGGAAATGGCAAAAAAAGCAGGCTATACTTTTGCCTTAGCAACAGATTCAGGCTCAGTATGTTTATCTGATGATTTATATCAAATAAGAAGAATTGCAATTTTTCCAAATACTAATTTATTTAGTTTTAAAAGAAAAGTAGCAGGCAATTATAATTTTATAAAAATAAAAAGAGAAGAAAGATTGAGAACAAAATATGAATAGATATTGATCAGAAGTTAGAATTATAGTAAATGTTGGAACTGGTTTAAAATATAGATTTTGAAAAGGAGTGAACCTTGTGGAAAAAGAAGAGTTTTTAGAAAAATTAAGTATTTTGATAAGAAATGGGAATTTTAGTGAGATTGATAAAATTATTAAAAAATTTAAAGATGAGAATAATTTTGAAATGATTTCTCTTTCCTCACAAGCCTTTATAAATTTATATGAATATGAAGAAGCAATAAAAATTTTAGATACTATTAAAAATGAGTATTCTGAAAATGGGGAATTTTGTATTCGTTATGCAATGGCTTTATATAATTCTAATAGAGAAGATAAAGCTCTTGAATGGTTTAAAAAAGCTAAGAAAAAAGGAATAAAAGAAATTGATGAAACTTCAAGTAAATATTATCCTAAAAATATTGATGAATGGATTAAAAGAGCTGAAACTTGGGGACCTAGAAGAACAGAAAAAAATAATTTTGAAAAAGAGTTGAGAGAAAAAAGAAACAAAAAACCTATTCTAAATGTAAGTTTTGATGAAGATGTTTTAAAAAATTTATGGAATAATGATAAATATTCTTTAGAAGAACATGTAGGAAAAACTCCAACAGATGAAGATTTTGAAAAAGTTGAAAAGGACTTAGGTTATCGTTTACCAGAATCATATAAGGCATTAATGAGAATTCAAAATGGAGGAGAGCTTAGAAAAAATAATTTTGAAGGATCTTTTAAAAGAAATTGGACTAGTGGAAGTTTTGATATTGAATATATATCTGGTGTAGATTCTTCTAAAAGATATTCACTTTGTGGAGAGTTTGGTTCTAAATTTTGGATAGAGGAATGGAAATATCCTAATATAGGAATTGCTATTTGTGGAACTTCAAGTGGAGGACATGATATGATTTTTCTTGATTACTCAGATTGTGGACCAGAAGGAGAACCTTGTGTAGTTCATATAGATCAAGAAGGTGGTTATGAGATAACATATTTAGCAGATAATTTTAAAGATTTTGTGGATGGACTTTTTCCTAGCTTAGAAGATGATGAGGATGATTAAAAGTGATGATAAGTGATAAAACTAAGGGTGTATTTTGGATGCTAATATCCGTATTAGGTTTTACTTTTATGGGTATTGCAGTAAAGTATTTGCCAAGAATTCCTACCTATGAAAAAGTATTTTTTAGAAATTCAGTGAGTTTTATACTTTCTGCTTATATTTTATATAGGCAAAAAGAATCTATAAAAGTAGCTAAGGAAAATATCCCCTTTGTTTTTGGAAGATCATTTTTTGGCTTTGTTGGAATGGTAGCAAATTTTTATGCACTTGAAAATTTAACCATGGCAGAAGCCAATATGCTCAATAAACTTTCACCTGTTTTTGTAACAATCTGTGCCTGTATATTCTTAAAAGAAAAAGTTGATAAAAAACAAGTTATAGGAATAATTTTAATGCTTATGGCTGTGGTTTTTGTAATAAAACCAAGTTTTTCACCAGAGGTTATTCCAAGTTTAGTTGGACTTTTCTCTGCAATACTTGCTGGATTTTCATACACTATAATAAGATATCTTCATGGTAAAGTTAAATCAGAAATTAATGTATTTTATTTCTCACTTTTATCAGTTATTTGTACTTTTCCACTTATGATGATGAATTTTGTGAAACCTAATCTATTTGAAATTTTTATGCTTATAGTTGGAATAGGAGTATCTGCTGCTATGGGGCAATTTGGGCTTACTTATGCTTATACTTTTGCACCTGCATCAGAAGTTTCTATTTATAATTATGTTATTATTATAACAAGTATGTTTATGGATTATATATTATTTAGTACAATTCCAGATCTATTTAGTTTTATTGGAGGCTTTATAATTATTACCACTGCAATTTATTTATATTTACATAATAAGAAAAAAACAGAATAAAAATTAAATTTGTAAAGATAATAAATATTGTAAAGAAAAACTTGAAATTAACTATAAATAATAAAAATATATTATTTATATACAAAATAGACATAAATTATTTGACAATAAATAATATAAATAATATAATTATCGTATGAAAAGAACAAAAATTAAATTTTAATTAAATTAAGGGAGGTATCATGAAGAAAAAGTTTTGGTTATTGGTGGCAATGGTTTTAAGTGTTTTATTTTTAGTAGCTTGTGGTGGAGATCCAGATAAAAAATCGGATGCAGGAGCAGCAGGTGGAAAAAGGGATACATTAGTTATAGGAATGGGAGCAGATGCTAAATCATTAGATCCTCATGCATCAAATGATAATCCATCTTCAAATGTAAGAGTTCAAATTTATGATAGATTGATGGATCTTGATGATGATGGAGTTCCACAACCTATGTTAGCAGAATCTTGGGAAAGACCAGATGACACAACTATTATATTTCATTTAAGAAAAGGAGTTAAATTCCACAATGGTGATGAAATGAAAGCGTCAGATGTTAAGTTTTCATTAGAAAGAGCTCTAAAATCACCAGAAGTTTCTCATATTTTAACTGGAATTAAGAGTGTTGATGTTGTAGATGATTATACAGTAAAAGTAACTACTGAAAAACCTATGGCAGCTATTTTGAATAACTTATCACATACAACTATTGCTATTTTAAGTGAAAAAGCAACAACTGAAGCTGGTGATAAATTTGGGCAAAATCCAATAGGAACTGGGCCATATAAATTTGTTTCTTGGCAAAGTGGAGATAGAATAACTTTAGAAGCCTTCCCTGATTATTGGAGAGGTGAAGCTCCAATTAAAAATATAGTATTTAGAAATATAGTTGAAGAAACTAATAGAACTATTGGATTAGAAACTGGAGAATTAGATGTAATTTATGAAATATTTGGAATGGATAAAACAAAATTAAAAGAAGATGATAGATTCAACTTTATAGAAGGACCACAAGTTTCAATGACTTATCTTGGATTTAATATGAAAAAAGCTCCTTATGACAATCCAAAAGTAAGAGAAGCTATATCTTATGCAATAGATCAAAAGCCTATAATTGATACTGTATTTTTAGGTGGTGGAGAAGCTGCAAATTCAATAATAGGACCTAATATTTGGGGGTATTATGATGTTGAAAAATATACTCAAGATATAGCAAAAGCAAAAGCATTATTGGCTGAAGCTGGATATCCTAATGGTTTTAAAGCAAAAATTTGGGTAAATGATAATCCAGTAAGA
NZ_CP056003.1_gap17	561030	561673	643	GAATTTAATTCTTCAATAAATTTTTTAGATTTAATAAAAACTAATAATTTAACTTTTGAAGAACCTGATAGAAAAACTTTTAAAGGTATAGATTTAGCTTATAGAGCTGGGAAAATTGGAGGTACTATGCCAACAGTTTTTAATGCTTCAAATGAAGTTGCAGTTGAATTATTTATGAAGAAAAAAATAAAATTCTTAGATATTTATAGGATTATTGAAGAAGCTATGAATAGTCATCAAGTATTATCTTTAAATACTGATAATGCTTTAAATATTATAAAAGAAGTTGATAAAGAAACAAGAAAGAAAGTGAGAGAACAATGGGAAAAATAATTGTTATAGAGGGTACTGATTCAAGTGGAAAAGAGACTCAAACAAAATTATTGTATGAAAGAGTAAAAAAAATATATGATAAAACTATAAAAATTTCTTTTCCTAATTATGACAGTCCTGCATGTGAGCCAGTTAAAATGTATTTAGCAGGAGCCTTTGGAACAGATGCAACTAGGGTAAATCCTTATCCTATATCAACTATGTATGCTATTGATAGATATGCTTCTTTCAAACAAGATTGGGAGAAAAAATATATTGACGATTATGTTATAATAACAGACAGATATGTAACTTCTAATATGATACATCA
NZ_CP056003.1_gap18	566451	569871	3420	GTAAGTTTGCAACAGCTTCTTTATACTCTTAATATTTTAGGAGGAAGTTTATGTATTATAAACAAGAAGATATAGATAAGTTATTAGATAATTTAAAAATAGAAGAAGTAGTTGGGGAATTTATTGAATTAAAAAAAGTGGGTTCAAGTTATAAAGGCTTATGTCCATTCCATGCTGATACAAATCCATCTTTTTCAGTTAATCCTGAAAAAAAAATCTGTAAATGCTTTGTTTGTGGTTCAGGTGGAAATGCTATAAATTTTTATTCAAAAATTAAAAATATCTCTTATACAGAAGCAATTAGAGAGTTATCAAAAAAATATAAAATTAATATAAAAGAATATAGTAATACTAATATAAATGAAAATTATGAAAAGTTTTATCAAATTATGGAAAATAGTCATAATTTTTTTATGGAAAAAATATTTTCACAAGATTCTAGAGGAGCTCTGGAATATCTTTCAAATAGAGGTTTGGATACTAATTTAATTAAAGAACATCAACTTGGATATGCTCCTCCTAAATGGTCAGAACTTTATGAATTTTTAAATAGTAAAGGTTATAATGATGAAGATTTATTAGCTTTGGGACTTATTAAAAAAAGTGAAGAAGGGAGAATTTATGATACTTTTAGAAATAGAATAATATTTCCAATTTTTTCTCCAAGTGGAAGAATAATTGCTTTTGGTGGAAGAACTTTAGAAAAAGATAATTCAGTACCTAAATATATAAATTCACCAGACACTCCAATTTTTAAAAAAGGTAAAAATGTATATGGTATTGAAAGAGCTATAAATATAAAAAATAAAAATTATTCTATTTTGATGGAAGGTTATATGGATGTTCTTTCTGCTAATATTTTTGGATTTGATACAAGTATAGCACCATTAGGTACTGCTTTAACAGAAGAACAAGCTCAACTTATCAAAAGATATTCATCTAATATTTTATTATCTTTTGATATGGATAAGGCTGGAATATCTGCAACTGAAAGAGCGAGTTTTATATTAAAATCACAGGGTTTTAATATAAGAGTTTTACAATTTGAAGGAAGTAAAGATCCTGATGAATTTTTAAAGAAAAATGGAAAAGAAGCATTTTTAAAGGTAGTTGAAAATTCCTTAGAAATTTTTGACTTTTTATATAATTTATATTCAAGTGAATATGACTTGAATAATATTATGGCAAAACAAAACTTTATAGAAAGATTTAAAGATTTTTTTTCAAATATAGAAAATGATTTAGAAAAAGAAATGTATCTAAAAAAACTTTCAGAAAAAATTGATATTAGTATAGATATTCTAAGAAAGCCTCTTATTGAAAAAAATAAAAGACACATTGTAAAAAAAGATTATTTTGATGAAAATCAAGAGAAAATAGAAAAAAAGGAATTTAAACAAGCTAATAATCTGGAAATGGCAATAGTAAAGATGTTACTTAGAAAACCTGAGTATTATAACTTTTTTAAAGAAGAAAAATTAGAAAGTGATATTGCTAATAAAATTTTTAAATTTTTTAATCAAAAAATAAAGGAAAATTTATTTTTTGATAGTAATACTATAATGAAAGAATTTAAAAATTATATTGAAGAAAGTAATGAGTTTTCGCAATATGAAAAAAATAATGAGTTAGCAAGAATAATAATGGATTATATTTCCACACCAGATCAGATTGAAGAAGAAAGAGAAAATACAGAATTATTTAAAAGTTATTTTAGAGTAAAAGTGAAGCTAAGAGATAAGACAAAAGATGATATCAATAAAAAAGTTAAATTTGGAAAATTAAAAAAAGAAATAGAAAAAACTAAAAGTGTTGAAGAATTTATAAAAGTTTATAATTCATTTAAGTATCTTTTTTAACTCTATATAAATTAGCAAGGAGGATTAGTGGTGAAAGAGCTAATAAAAAATGAAAAAGCTAGAGCTTTAATAAAAAAAGCAGTAGAAGAAGGGATTATAACTTATGAAGAAATTAATGAGGAATTAGGTGATGATTTTCCAGCTGAAAATATAGAACAACTTATTAATGAAATGCTTGAACAGGGGATTAAGATAGTTGATGAAGAACAATTGGATGAGTTGGGGGAAGATGAACTAAAAGGAAAAAATTCAGAAGAAGATTATACAGATAATGAAGAACATGATGATTTATTAGAGGATGAAACAGATGAAAAATTAGATACAGATGAAGAAAATGAGGAAACAGAGACTTTTACAGAATTTGATGATGAATTTAATCCTGAATATATAGAAGATGTTAGTGAAGATGAATTAAGTAATGAAAAATTATTAAATTTAGGTAATAGTGCAAAAGTTGATGAACCTATAAAAATGTATTTAAGAGAAATAGGTCAAGTTCCATTATTAACTCATGATGAAGAAATAGAATATGCTAAAAGAGCCTATGAAGGTGATGAAGAAGCAAGTAAAAAACTTATAGAATCTAATTTAAGATTAGTTGTGAGCATTGCTAAAAAGCATACAAATAGAGGGTTAAAACTTCTTGATTTAATACAAGAAGGTAATATAGGTCTTATGAAAGCTGTTGAGAAGTTTGAATATACAAAAGGATATAAATTTTCAACTTATGCTACTTGGTGGATAAGACAGGCTATAACAAGAGCCATAGCTGACCAAGGAAGAACAATAAGAATACCTGTTCATATGATAGAAACAATAAATAAAATTAAAAAAGAATCAAGAATATATCTTCAAGAAACAGGAAAAGATGCCTCTCCTGAAATTTTAGCTGAAAGACTTGGAATGGAAGTTGATAAAATAAAGGCAATACAAGAAATGAATCAAGAACCAATATCTCTTGAAACTCCTGTTGGAAGTGAAGAAGATAGTGAATTAGGAGATTTTGTTGAAGATCAAAAAACAACAAGTCCTTATGAAGCAACTAATAGAGCAATTTTAAGAGAAGAGTTAGATGCTGTTTTAAAAACATTGAGTCCACGAGAAGAAAAGGTTTTAAGATATAGATATGGACTTGATGATAGTTCTCCTAAGACATTAGAAGAAGTTGGAAAAATATTTAATGTTACTAGGGAAAGAATCAGACAAATTGAAGTAAAAGCTCTTAGAAAATTGAGACACCCTAGTAGAAAGAAAAAATTAGAAGATTTTAAGGTAGATTAGTTAGGAGGGAATATTTTGAAGCTTTTAAGTCTTGAAAAATATTTACTTAAAAACAATTTAGATGATGAGGAATTTAAAAAACTCGTATCTGAGATTTCAGAAAAATTAGAGTTAGAAGTAGTTTCAGAAGATAGAAAATTGACTGATGAAGAGATAGATTATGAATATATTGATTTTCTTATAGCAGAAACTCTTGAAAGTCTGAAAGATGATGTATGTACATGTGAAGATGATTGTGGAGTAGAAGATTGCTGTAGCACAAGAGTTGAGAAAAATCTAA
NZ_CP056003.1_gap19	613858	615447	1589	CCAAATTCACGTCCAATTGTTATAATTCTATTCATTATTTTACCTCTTTAATAATTAAATATTATAATCTTTATCTTCTTGTAATTCCTTCATTAACTCTTCATCAATAGGTATGTCTTCTTCATACACACTTTTAATAAGTTTTTCTAATGGAACAATCTCAACTGACAATACAAGTCCCTTAGGTAAAATCATTCTAAAAGTTTTTAATTTTATTAAAAACTCATTTACTCTTTTATCACCTAATGGGAATGTTACTAGAGCATCTGAACCAGGCCAAACTTTTGTCTGTTGATGTTTTATCGTTTTATCTATTGCCCTTTTAACATCATTTTCAACAGTGTAGTAATAAATTCCTATTTTTTCAAAAAATTTTTCTAATAATCTAACTTGAGTATCATTAATATGTAATATTATAAATTTTAAATTTTTACTTTCCGTATCATTCATATTTTTTATTTTATCCATTATTAACCCCTTTCTTTTTAGATTTATTTGAAATATTTTTAATTTTAGTTATTAATTTTGTAGTGAAATCATCAACCACAGAATATAAAACTGGAATCAACACCAGTGTTAAAATTGTTGAGAATGACAATCCAAATATTACAGTAATAGCCATTCCTCTATAAAATTCTGAACCTTCACCTAAACCTAATGCCATAGGCATCATACCAAATACTGTTGTCATTGTTGTCATAAGTATAGGTCTTAATCTTGTTTCACAAGAATACATAATAGAATATTCTTTATCATGTCCTCTTGTCCGCATTGTTTTTATAAAATCTATAAGTACAATGGCATTATTTACAACAACTCCTGCCAGAAGAATTACTCCTATCATAACCATTATATCTATTGATTGTCTTGTAACTACAAGTCCCCAAATAACTCCTATCAATGCCAATGGAATAGAACCTATTATTATAATTGGCATTATAAAACTTTCAAATTGTGAAGCAAGCAGTGCATAAATTAGAAAAATAGAAATAGACAATGAAAATGTTAATTGACTCATAGTCTTTTGCATATTTTCAGTTTGTCCACCCCAACTATATGAAATAGATGATGGAGGATTTAAACTATTAAATTCTTCTATCATTTTTTGTTGTATAGCACGTAACCCAACTCCACCATCATTAGCAGAAATAGTAACAGTGTATATACCATTTTTCTTATTTATTTTAGAAGTTCCTTCTGCATATTGTATAGTTGCAACATCAGATAATTTTACAAATTTATTATCTCCAACTTTAATATTTAAAGATTGTAAAATATTTATATCATTTCTTTTATCCTTAGGCAATCTTATTAACACATCTATTTCTTCACTATCAGTTTTTAAGGTTGCTGTATTAGCTTTATCTCCTCCTAACATATAGTAACTCAATGTTTGAGCAACAACAGTAGGATTAATACCATAGCTTGTTATTTTATTCCTATCTATGTTTATTCTTAATTCTATAATTCCGGGATCAAGTGTTGAGGACAAGTCAACAATTCCATCATAATTTTGTAATTTTTTAAGAATCTGTTTACCAAATTGTTTAATTTCGTCTTGGTTCATTCCCTGTATTAAAAATTCAACA
NZ_CP056003.1_gap20	616994	618615	1621	TACCTTTCTGACTATTGGAGTATTAGCATCCTTAGGTAAATCATTAGTTATTTTTGAAACTTCTCTTTGAATTTGTGTAACTTTATCATTAGTATCCACTCCAAAATCAAAGTTTACAACCACTGATGAACTACCGTAAGAAGATACAGTTTGTATTTTATCAATAGCCTCAACATTAGAAAGGCTATCTTTTATCTTTTTTGTAACCTGTGTTTCAACATCTTCTGCAACGGCTCCATTCCAAGTTGTAGAGATTGTTACAACTGGAATATTTATATTTGGTATCAATTCTTTTTTCATTGAGAACATTGCTAAAAGTCCAATAAAAATAAATGATACCATTACCATTGTTGTTGCAACAGGTCTACGAATTGAAATTCCTGCTAATGACATTATTTATTCACCCCATTTTTAATTTCAACATTATCATTGTCTTGAAGTCCAAATAATCCTTTTACAACTATTTTATCTCCTTCTTTTATTTCAGGAGAAGAAATTTCTGTATAAGGTAAATTTGTTGCTCCAACTTTGACCTCAACCTGTCTTACTTTTCCATTTTCATACTTAAATACATAATTAACTAAATCTCTTGTAACAATGGCTTCATCTTCTATACTCAAAACAGAAGATTGACCAACAGGAATAACAACATTACCAAACATACCATCTTTTATCTCTTTATCTGGGTTATCAAGAACTAGTTTTACTTTAAAATTCTTTGTTGTGTTATCAGCAATAGGGTTTAATTCAGCAATTTTTGCTGTATAATCTTTTCCAAGAGCATCGATTCTTACTTTTATATCATCACCAATTTTTACTTTTGATATAGCTTCGGGAGCAATTCCAACATAAGATTGCATTTTACTATCATTCAAAATAGTAAATAAAGTTTCTTTTGCTGCTATATCATTTCCTTCTTTTATAAATAAATTTCCAACAACTCCACTAATTTCAGCCCTTGCTATAAGTTTACTATAACTGTCTTGTGCATTCATATATGCTGCTTTAGCTACCTCTAAATTTCCTTGTGCACTTGTATAAGAGGCTTCATAATTTGAAAACTCTAAATACGAAATTAGTTGTTTATCATAAAGTGTTTTAAACTTTTGATAATTATTTCTTGCTATATTATAATTTGAAGTTGCTGTTTGATAATTTGCCTTAGCCTGTAAAAAATCAGCTTCTGTTTGTGCATCAGAAAGTTTTACAACAACTTCTCCTTTTTTTACAAATTCACCATTCTTTTTGAAAATTTTCTTTACTGTCCCACCTTTATCAGTTGAAAAATCAACTTTTGCTAATGGCTCCCAAACAGCACTTGAATCAAAAAGTTTTGACATTTCTCTAGTTTTTACTTCTGCTACTTCAACAGATTTTACTGATTTTTGTTCATCAGTAACGGTTGCTTCTTGTTTAGTAGTTTCTTTTTTTTCTTCTTTATCTTTTCCACAAGCAACTAATAATAAACTAGTTGCAAGGAATATTGTTAATATCTTTTTCATAAATTTTCCCTTTCTTCCTATATTAGCAATGATCTATATGTTTCAAAAGCATAGTAATAATCAAGTAAAACTTTATTATATGCTATTCTTGCTTGTCTATAAGTATTTTCAAAATCTAA
NZ_CP056003.1_gap21	670444	675084	4640	ACTTTCTTCTAAATCTCCTACAATATGATGATAATAATCACTCAAAATTTTAATGTAAAGTACAGACATAAAAAATTACCTCCTATAAAATTAAAATAAATTATTTTTATCTTAAATTAATATATAATGATTTTATTAAATACATCTTAACATATATAATATATTTTTTATAGTAAATTTTTTAAAAGTTTATAAAAAAATTAAAGATTTTAATTTTCTATAATTTATGGTAAAATATTAAAGATTATGATAGTAAATAGAGGTAAAAAATGAAACAGTTGTTAATAATGATTTTTATATCAGCTACAATAGGTTGGATAACAAACTGGGTTGCTATAAAAATGTTATTTAGACCACATAAAGAAATAAATTTTGGCTTATTTAAAATACAAGGTTTAATTCCTAAAAGAAGAGCAGAAATAGGAAGTGGAATTGCAAATATTATTCAAAATGAGTTAATCTCTGTAAAAGATGTTATTTCAAATATTGATAGAGAAGAATTTTCAAAAAGATTAGATAGTTCAATTGATAAAGTATTAGAAAAGAATTTAAAAGCAAAAGTAAAAGAAAAATTTCCTGTTTTGCAAATGTTCTTTACAGATAGAATGGCAAAAGATGTTAGTAACACTATAAAAGATATTATTATGGAAAACCAGGAAAAAATATTTGAGATTTTTTCTAACTATGCAGAAGAAAATATTAATTTTGAAGTTATAATTTCTGATAAGATTTCAAATTTTTCTTTAGATAAATTAGAAGAAATAATAACTCTTTTAGCAAAAAAAGAATTAAAACATATTGAAGTTATAGGTGCTATATTAGGAGGACTAATTGGAGTAGCACAATATTTAATTACTTTAATAATAAAATAAGAATGTAATAAAAAATAGTTCATTGCTAGCTAAATTTCTTAACGATGAAAAATTAACGTTCGCTACAAATTCAGCAAACTTGCCAACAAGTTGGCTTCAAACAAGCTGAGATTTGTTCGGCTCACTTGCTTTAATTTTTCATCTAAAATTTAGAATGCAAGTTCACTTATTTTTTATCTACATTACATTATAGTAATTAAATTTTGTAAAAGTTTAAGAGGTGGATTGTGGAAAGAATTATAAGTGAACTTGAAATGCCTAATGAGGTTGAAATTCAGAAATCATTGAGGCCTAAAAGTTTTGATGAATATATAGGACAAGAAAATTTAAAAGAAAAAATGAGCATTTCAATAAAAGCTGCTCAAAAAAGAAATATGGTGGTAGACCATATTTTACTTTATGGACCACCTGGATTAGGAAAAACAACCCTAGCAGGTGTTATTGCAAATGAGATGAAAGCAAATTTAAAAATAACATCAGGACCTATACTTGAAAAAGCAGGAGATTTAGCAGCAATTTTAACTTCATTAGAAGAAAATGATATTTTATTTATAGATGAAATACATAGACTTAATAGTACAGTAGAAGAAATTTTATATCCTGCTATGGAAGATGGAGAACTTGATATAATTATAGGAAAAGGACCTTCTGCAAAATCAATAAGAATTGAGTTACCTCCTTTTACTTTAATTGGAGCTACTACAAGAGCAGGACTTTTAAGTGCACCTTTAAGAGATAGATTTGGTGTCAGTCATAAGATGGAATATTATAATGAAAATGAAATTAAATCTATTATTATAAGAGGGGCAAAAATTTTAGGAGTAAAAATTGATGAAGATGGAGCAATAGAAATTTCAAAAAGAAGCAGAGGTACTCCAAGAATAGCAAATAGACTTTTAAAAAGAGTCAGAGATTATTGTGAAATTAAAGGAAACGGGACAATAGATAAGTTGAGTGCTAAAAGTGCCTTAGATATGTTAGGTGTTGATAGCAATGGTTTAGATGATTTGGATAGAAATATTGTTAACTCCATAATTGAAAACTATGATGGAGGACCTGTTGGTATTGAAACTCTATCTCTTTTATTAGGAGAAGATAGAAGAACTTTGGAAGAAGTCTATGAGCCCTATTTAGTTAAAATTGGATTTTTAAAAAGAACAAATAGGGGTAGAGTAGTAACTCCAAAGGCATACCAACACTTTAAGAAAGTTGAGGTAAAAATATGAAAGTGAACACAAAAGTTAGATATGGATTGAAAGCACTGGCATATATTGCTGAAAATTCTACTGATAAAAAATTAGTTAGAATTAAAGAAATATCTGAGGATCAAGACATATCAGTTCAATATTTGGAGCAGATACTTTTTAAATTAAAAAATGAAAATATTATTGAGGGAAAAAGAGGTCCAACAGGAGGATATAAATTAGCAATAAAACCAGAAGAAATAGATTTATATATGATTTATAGAATCCTAGATGATGAAGAAAAAGTTATAGATTGTAATGAAATGGGAGAGGGTAAAGTACATAATTGTAGTGAAGCAGGTTGTGGAGATACTTGTATTTGGAGTAAACTTGACAATGCTATGACAAAAATTTTATCTGAAACATCTTTACAAGATTTTATTAACAATGGAAAAAGAATACAGGAGTAAAAATTGTTAAGTGTTGTTGTAACAGAGGTTTATAATGATTATATTTTAGTTGTTGAAGCAAGTGATATAAATCACATAAAAAATGTTTTTAGAAAAGTAAAAGGAGATAGAATTAGGGCTGTTGATGGAACTAATGAGTATCTTTGTGAAATAGAAAAAATTGATGAGAAAGAAATTAAGCTAAAAATTTTAGAAAAAATAGAAGATAATTTTTCCTTAGATATTGAAGTAGATGCAGGTATTTCAATATTAAAGGGAGATAAGATGGATTTGACTATTCAAAAATTAACTGAATTAGGAATAAACAAAATCATTCCAATTTCAGTCAAAAGATGTATAGTGAAATTAGATAAGAAAAAAGATAGGTGGGATACAATTTCAAAAGAAGCATTAAAACAATGTCAAGGAGTTGTCCCCACAGTTATTGATGAAATAAAAAAAATTGACAAATTGAATTTAAAAGATTATGATTTGATTTTAGTTCCTTATGAAAATGAGAAAAAAGTATTTATAAAAGATATTTTAAGAAATTTAAAAGTAAAACCAACAAAAATTTTATATATTATAGGTGCAGAAGGTGGTTTTGAAAAAGAAGAAATTGATTATTTAAAAGAAAGTGGAGCTAAAATAATAAGTCTTGGAAAAAGAATATTAAGGGCAGAAACAGCAGCGATAGTAACAGGAGGAGTAATAATAAATGAGTTTCTCTAAAAAGGTTGCTTTTCATACCTTAGGCTGTAAGGTCAATCAATATGAGACAGAAAGTATAAAAAATCAACTTATTAAAAGAGGATATGAAGAAGTTCCTTTTGAAGATAAATCAGACATATATATAATAAATTCTTGTACTGTTACAAGTATAGCAGATAGAAAAACTAGAAATATGTTAAGAAGGGCAAAAAAAATAAATCCAAATGCTAAGGTTATAGTTACAGGTTGCTATGCACAGACAAACAGTAGAGAAATTTTAGAGATAGAAGATGTAGATTTTGTTATAGATAACAAAAATAAAAGTAATATAGTGAATTTTGTTGGAGCTATTGAAGATATAAGTTTTGAAAGAGAAAAAAATGGAAATATCTTCCAAGAGAAAGAGTATCAAGAATATGAATTTGCTACTCTTAGAGAGATGACAAGAGCCTATGTAAAAATACAAGATGGTTGCAATCATTTTTGTTCATATTGTAAGATACCTTTTGCTAGGGGAAAAAGTAGATCAAGAAAAAAAGAAAACATCTTAAAAGAAATAGAAAAATTGGTAGAAGATGGTTTTAAAGAAGTAATATTGATAGGTATAGATTTAAGTGCCTATGGTGAGGATTTTGAAGAAAAAGATAGTTTTGAATCTTTACTTGAAGATATTTTAAAGATTAGGGATTTAAAAAGAGTTAGAATAGGCTCTGTCTATCCAGATAAAATAACTGATAGATTTATAGAATTATTTAAGAATAAAAATTTAATGCCTCATCTTCATATATCTTTACAATCTTGTGATGATACAGTTTTAAAGAATATGAGAAGAAATTATGGAAGTTCACTTATAAGAGAAAGTTTATTAAAATTAAAATCTAAGGTAAAAAATATGGAATTTACAGCAGATGTAATAGTAGGCTTTCCTAAGGAAGATGAAACTATGTTCCAAAATACTTATGATGTAATAAGGGAAATAAAGTTTTCAGGCTTACATATTTTCCAATATTCAGATAGAGAAGGAACCATTGCGAGTAATATGGATGGGAAAGTTGATACTAAAACTAAGAAACAAAGGGCTGATAGACTTGACAGTTTAAAACAGGAAATGCTTATAGAGAGTAGAAAAAAATACTTAGAAAAGAATTTAGAAGTTTTAGTTGAAGAAGAAAAAGATGGAGAATATTTTGGTTATTCTCAAAATTATTTAAGAGTAAAATTCAAATCTGATGAAAAAGAACTTATAAATAAACTAATAAATATAAAAATAAAATGTGTAGAAAATAATGTATTAATTGGTGAAAAGGAGATGTAGTTATGGCAACCAAAAAGAAAAAGAAGAAAAAAGGGCGTGCACCTGTACTTGTAATAGTTCTAGCTGTAATTTTATCAATTCTTCTATATTTTAATTTTAGAGGAAATAA
NZ_CP056003.1_gap22	680502	683790	3288	AGGGAGAAATATGAATAGTAAAAAAAGAGCTTTTTTAAAAAAGAAAGCACATAACTTAGAACCTATTGTTAGAATAGGTAAAGATGGATTAAATCAAAATATAGTACAAAGTATACTTGATGCAATAGCTTCAAGAGAACTTATAAAAGTTAAAATTTTACAAAATTGTGAGGAAGAAAAAACTATAATTTATTCAAAATTAATGGACATTAAAGATTTTGAAGTAGTAGGAATGATAGGAAGAACTATAATTATTTTTAAAGAAAATAAAGAAAATCCAACAATATCATTAGAATGGAAAAATATATAAGTTTGGAGATACTATGAATGGGAAACTTACAAAAAAATGTGAAGAAATTAGAAAAAGATTAGTAGAAGTTGTAAGTAAGAATGGAGGACACCTAGGTTCAAACCTTGGTGTTGTTGAATTGACAGTTTGTTTAGATGAAGTTTTTAATTTTAAAGAAGATATTGTCCTCTTTGATGTTGGTCATCAAGCCTATGTATATAAGATATTAACTGACAGGGCAGAAAAATTTGATACTATTAGAACGAGAAAGGGCATTTCACCTTTTCTCGACCCAAGTGAAAGTAAGTATGATCACTTTATATCAGGACATGCAGGGACAGCACTTCCAGCAGCAGTCGGTTTTGCAATAGCAAATCCAGATAAAAAAGTTATAGTTGTTGTAGGTGATGCTTCTATATCAAATGGACATTCATTGGAGGCATTAAACTATATAGGATATAAGAAATTAGAAAATATACTGGTAATTGTAAATGATAATGAAATGTCTATTGGAGAAAATGTTGGCTTTATATCAAAATTTTTAAAAAGAGTAATAACAAGTGGAAAGTATCTGAATTTTAGAGAAGATGTTAAATCTTTTATCAATAAAATAAAAGCAAATAGAATTAAAAAAACTCTTGAAAGAATGGAAAGATCAATTAAAGGCTATGTAACTCCTTTTTATGCACTTGAAAGTTTAGGCTTTAGATTTTTTAATGTATGTGAAGGAAATAATATAGAAAAACTTTTACCTATGTTAAAAAAAATAAAAGACTTAAAGGGACCTGTAATTTTATTAGTAAAAACAGAAAAAGGAAAGGGTTATTGTTTTGCAGAAGAAAATAAAGAAAAGTTTCATGGAATAGCACCTTTTGACATTAAAACAGGAAATACTCATAAAAGTTCTGTTTCTTATTCAGAAGTTTTTGGAAATAAAATTTTAGAGCTAGGAAAAGAAGATAAAGATATATATGCTCTTTCAGCAGCTATGATAAAAGGTACAGGACTTCATAAATTTTTAGAAGAATTTCCTGAAAGATGTATAGATACAGGGATAGCAGAAGGATTTACAGTAACTTTAGCAGGAGGGCTTGCAAAATCTGGGAAAAAACCTTATGTATGTATTTATTCAACCTTTATTCAAAGAGCTGTAAGTCAGTTAATACATGATATATCTATACAAAATTTACCAGTTAGATTTATTATAGATAGAAGTGGAATTGTTGGTGAAGATGGAAAAACTCATAATGGAATTTATGATTTATCTTTCTTTTTATCAATTCAAAATTTTACTGTGCTATGTCCTACAACCTCTAAGGAATTGGAACAGGCACTTGAAATATCTAAAAATTTTAATTCAGGTCCACTGGTTATAAGGATACCAAGAGATAGTATATTTGATATAGAAGATGAAAAACCACTAGAAATTGGAAGATGGAAAGAAATAAAAAAAGGAAGTAAAAATTTATTTATAGCAACAGGAACTATGCTAAAAATAATATTAGAAATATATGATGAGTTAAAAAATAGAGGAATTGATTGCACAATAGTCAGTGCGGCCTCTGTAAAACCTCTTGATGAAAATTATCTATTAAACTATATAAAAGGATACGATAATATTTTTGTTTTGGAAGAAAATTATGTGAGAAATTCTTTTGGTACATCTATTCTTGAATTTTTAAATGATAATAGAATACAAAAAATAATTCATAGAATAGCTTTAAATTCTGCTATTATTCCACATGGAAAAAGAGAAGAGTTACTAAAAGAAGAAAAGTTAAAGGGAGAAAGTTTAATAGAAAGAATAGAGGAACTTATTTATGGTAGAAAAAAATAGTAAGTCTAAAAAATTTATTGATTGCCTTTTAAATTTTCAAGATATAAAAGATCTTGAATTATGTGATGATCAGGGTGTTAAAGTCTCAACTCATACCTATGATGTGTTAAATATTTCAATTAATAAAATAAAAGAAAAGTATATTAAATTAAAAATCGCTTCACAAAATGTTGATTTTTTTGCTATTACAGTTGGGATAATAATGCATGATATAAGTAAGTCAAGTATTAAAAGAAATGAGGAAAATCTTTCTCATTCTCAAATGATGATACAAAATCCAGAATATATAATATCTGAGGTTTATGAGGTCTTAGATTTAATAGAAAAGCATCTAGGATACACATTAATAAAAGAAGTTAGAGAAAATATAGCACATATAGTTCAATCACATCATGGTAAATGGGGAAAGGTACAACCTGAAACAGAAGAAGCTAATATAGTTTATATAGCAGATATGGAATCTGCAAAATATCATAGGATAAATCCTATTCAAGCAAATGATATTTTAAAATATTCTGTAAACGGGCTAGGACTTACTGAAATTGAAAAAAAATTAAATTGTACAGCAGCAGTTATAAAAGATAGGATAAGAAGAGCAAAAAGAGAACTTAATTTAAAAACTTTTGCTGAACTTTTGGAAGTCTATAAAGAAAAAGGTAGAGTACCAATAGGAGATAAATTTTTTGTTTTGAGATCAGAAGAAACAAAAAAATTAAAGAAATTTGTTGATAAACAAGGTTTTTATAATTTATTTATGAAAAATCCACTTATGGAGTATATGATAGATGACAAAATTTTTGAAAAATAAAATGAGATTAGATCAATATTTAGTTGAAAATGAATATTTTGAAGATTTAGAAAAAGCAAAAAGACAGATTATGGTAGGTAATATTATAGTCAATGAACAAAAGATAGATAAACCAGGAGAAATAATTTCACTTAATAAAATAAAGTCTATTAGAATAAAAGAAAAAGATATTCCTTATGTGAGCCGTGGAGGATTAAAGTTAGAAAAAGCTATAAAAATTTTTAATTTAGATTTTAAAGATAAAATAGTTTTAGATATAGGAGCTTCCACTGGTGGTTTTACAGATTGTTCATTACAAAATGATGCAAAGTTTGTTTATGCTGTTGATGTTGGAACTAATCAACTTGACTGGAA
NZ_CP056003.1_gap23	694681	698193	3512	TTCTTGCAACTTTCTTTCAATTACATATTTAGATGATTTTTCAACCTTTTCATTTTTACATATTTCAAATATATGTGAATTTAGTGTATTTTGAATTAAGTTTATTAAATTTTGATCACTTAGAGAAACATCTTCAAAATATATAAGGATAGTTCCAGTAATCAAACTTATTTCAACACTTTTAATATACCTTACTTGCAATAATTGCTTTTCAATTTCTGACTTTAAAGAGTTTCCAACATACTTAAATGCTTTACTTTTTATACGAATTCTTCCTCTAAGTCTATGGACAATCTCACAAGTGAGTAAATTATCATTTTTCATTGATTAATTCTCCCTTCTAATTCACTCTTTAACATTTCATAAAATTTCTTAACATTTTTATCTACTTCATCAACTGACATTCCTTGATAAACTTCTTCATTATCAACTATAATCTTCCAAATTTTATTTAGCCAATCAACTATATCTTGCTCTTTTAATTTTGCTTTATCATATTCAATTAAAATTTTACTTGTTAGATAAGAATATTCAATAGAATTTATACCATTTTTTAATTTTATGATAGCAGTTATATAGCCTTCATGTTTCTTCATTTGTTCAGGAAATTCATCAAGTGATGGAATAAAAAGCCTTATTCTGCCAGGAATACTATGAACAACTTTTACTTTATTGAACATTAGATAAGTTTTTTTCAATATATTTTTAAACATTTCGCCTCCTTAATTTCCGTTTTTGGATAAAAGTCTGTATGCCCACCAAATTAGAGTTGCTCCACTTGGTAATAGCATTTCATTTCTAAATTTCTTTATTCCATAAATTAAAAGTCCTGTTGCTATTAATGTTTTAGCATCAAATAGTCCCTTTGTCTTATTATATATAGTTATATCAGCTAGTTTTCCAAGACTTGAAAAAGTATTTTTAATTTTACCTTTTCTATCTTTTAAAAGCTCGTCATCTAAGTTTAATAATTTTAAAATTATACCTATCATAAATTGAGTATCAATTTGAGTATCATCAAATTCAACAGTTAAACTTCCAATACTTTTTATTATTTTAAAGTTTTTAATAACTATAATTTTTTTTAGATTTTCTTTTAACCTTTCAATTTCTTCTTCATTATTTTTTAATTTATCAATTTCTATTCTAATTCTATTTTTAGTAGCACTTTTTATTTCAAAAATTCCATAAAAATTAGGTAATAATATCTTATCTTTCATAAATCCTCCTTTTTAAAAATATTTGTATATTCAAATTATCTAATGATTTATATAAAATTTTGAATAATTTTATTATTTTGATTATAACTTATTAATTAAATTTATGCAAGTATTTTTTTATTATATAAAATTTTTTATTTTAGTACCTATCATATTTTATAGTATTTATGGAGCAAAAAAAATTATTAAAAAAAGAGTCACTATAAATTAATGAATCTTAATTATGTCATTAATTTATAATAACCCTTCAATTTTTAATACTCAAAAAATATTTTTATAGTTTTCTCATCAGATTTTTTTCCAAAATATGAACCTATTATAAAAAATGTAATAGCAACTATAAGCCCCGGAACTATATTGTGTAAATTATAAATTTTAGTTTTTAAGATTTCAAGAGTTAAATAGGTTATAATTCCAGAAAATATTGAAATAATTGCACCTGTTGCATTTGCTCTTTTCCAATAAAGTCCTAAAATTAATGGGCAGAAAAATATAATTTCTTGTCCTCCAAAGGCAAATAAGTTTACCCAAGCAATTAAACTTATTGGTTTTATAGAAAGAACAAATACCAAAACGCCAATCAAAAATGAAGTCCACATTGAGATTTTCTTTATTTTATTTTCACTAGCATTTTTATCTAAATAAGTAACATATAAATCTTTTATTAAAGTTGAAGATGATACTATCAGTAGAGAATCAACAGATGACATTACAGCTGCAAGAGGACCACCTATAAAAACACCTGCAAGTATTGGATATAAATTTTTAAGTGCTAATATTGGGATAATCTTATCCACTTCTTGTAAATCAGGGATAACTGCTCTTCCCATTACACCAACTAAATGCATACCTAAAACTAAAATCCCAACAAGAGATGTTCCAATTATCATGGCATTGTGCATGGCTTTTGTATCTTTGAATGCCATACATCTGACAGTAGTTGCAGGTAAACCTAAAACTCCTATTCCAACTAAAATCCAGAAAGACATTATAAATGGTTTAGCAATATTTCCCCCAGAATCTGGTCTTAAAAGATTAGGATTTATATCTTTGATTTTCATCATAATATTTTCCATACCATTTCCATTTTTTAATATCACAATAAAAAGTACAACAGTTGCAGTAAACATAACCACAGCTTGAATAGCATCTGTTAAGGTAACAGCTCTAAACCCACCAAAAGTGGTGTAAATTATGACAACAGATGAGAAAATTATAAGTCCAGTTAAATATGAAAGTCCTGTAACTGCTTCAAAAAGTCTAGCTCCACCTATAAATTGAGCAACAATGGCACTTATAAAAAATACTATTAACAATATAGAAGATAGAACGTTTAGAAAATTATTATTATACCTAGCTTTTAATACATCAAAAATTGTTATTGCATTTAATTTTCTTGAAATAATAGAAAGTTTTTTCCCAAGAACACCTAGGGTAAAAAATGCAGTTGGAACTTGTATACAAGCAAGTAATACCCAACCAAGCCCAAGATTATATGCAATACCAGGTCCTCCTATAAATGAGCTAGCTCCAACATAGGTTGCAACTATTGTCATTGCAAGTACAAATCCTCCCATAGATCTGCTACCAAGATAATATTCATTTGTAAAGTTTTTAGAACTATTTTTTATATTATTAACTCTGTAAGCAATGTATAACATAGCAATCAAATAAATTGCTATTGGTATTATAATTAAAATTTTATTCATTTAACTAACTCCTTATTTTTTATTTGATTCATTATTTTCATTATATTTATCAAAGTCAATATCTTTAAAGAAAAATTTTACACAAATATATACTAAAATATTTATAAGAATTAATCCAACAACACATGAATAGAAAAACCATTCAGGTAAACCTAATATATATTTGTATTCTTCAACATTATCAGAAGAATATTCATAAGCAAAATAATACCACCAAATAAAATAAATTAAATAAAGCACTATTGTAATTAAGACCTCTTTATTAATTTGTTTGGAAATGTTATTTCTTTTACTATCTTTATCCATTTCAACCTCCTGTAAAGCTATTTTTTTACTTGTTTAGGTTAACAATTTTTATAAAAAAAATCAAATTCTTTTAATTTTGTCCTTTTATGTCCTATTATTTAAAAATATGTTATAATTAAAAAGGTGATGAATATGTATGTGGCAATTACAGGAAAAGGTAAATCAAGAGTAGTTCAATTTTGTGAGCAACATAGAATAGCAAAAACTAATAAAAAAAAGACGATAGTAGTAAAGACAATAGGAAATTATGAAGCACTTTTAAGGGAAAATCCAAATA
NZ_CP056003.1_gap24	703189	706219	3030	TAGCTTCAAAAGAATTAGGACTTACTCTTACAAAAAGAAATAAGGAAAAAGGGCAAGATATTCCCTTAGCAGGAGTTCCATATCATTCAGTAGCATCGTATATAGCAAAATTGGTTGAAAAAGGTTATAGTATTGCTATTTGTGATCAAGTGGAAGATCCTAAATCTGCAACAGGAATTGTGAAAAGAGAGGTAACAAGAGTCATAACTCCTGGGACAATAATTGATGTAGATTTTTTAGATAAAAATAATAATAATTATATTGCCTGTATAAAAATAAATACAACAGAAAATGTAGCTGCAATAGCTTATGCTGATATAACAACAGGAGAATTTTCAGTTTTTGAAATAAAAGGAAAAAATTTCTTTGAAAAAGCATTAGCAGAAATAAATAAAATACAGGCAAGTGAAATTTTACTTGATGAAAAAACATATTCTGAATATATAAAGTTATTAGAAGAAAGAATATCTTTTACAGGAGTTAAATTTACAAAGGTTGCCAATGTAAAAAAAGCTGAAAGTTATTTAATTTCATATTTTGATATTATGTCTATTGATGTATTTTCTCTAAAATCAAAAGATTTAGCAATTTCAGCCTCTGCAAATCTTTTATATTATATTGATGAATTACAAAAGGGAAATGAATTACCTTTTAGCAAAATAGAATATAAAAATATTGACAATATAATGGAATTGAATATAAGTACACAAAATAATTTAAATTTAGTACCTAAAAAAAATGAAGAAGCCAAAGGAACTCTATTAGGAGTTTTAGATGATTGTGTAACTTCTGTTGGAAGTAGAGAACTAAAAAAAATTATAAAAAATCCTTTCTTAGATATTGAAAAAATAAGGCAAAGGCAATTTTATGTAGACTATTTCTATAATGATGTACTTTTAAGAGAAAATGTAAGAGAATATTTAAAAGATATTTATGATATTGAAAGAATAGCTGGAAAAATAATTTATGGTACAGAAAATGGAAAAGACTTGTTATCATTAAAGGACTCTATAAGGAAATCATTAGAGACTTATAGGCTTTTAAAAGAACATCAAGAAATAAAAAATATTTTAGATATAGATGTAAAAATTCTTTTAGATATATATAATAAAATAGAATTAATTATTGATACTGAAGCACCTTTTTCAGTTAGGGAAGGTGGAATTATAAAAGATGGATATAATTCAGAGTTGGATGAGCTTAGGAAAATATCTAAATTAGGAAAAGATTTTATACTTGAAATAGAACAAAGAGAAAGAGAAAGAACAGGTATAAAAGGTCTAAAAATTAAATACAATAAAGTGTTTGGATATTTTATAGAAGTTACTAAGGCAAATGAGCATTTAGTTCCAGAAGATTATATTAGAAAACAAACACTTGTAAATAGTGAAAGATATATAGTTCCCGATTTAAAAGAATATGAAGAAAAAGTTATCACAGCTAAAAGCAAGATAGAAGCCTTAGAGTATGAATTATTTAAACAACTCACTTCTGAGATTAAAGAGCATATAGATAGTTTATATAAATTGGCAAATAGGATAGCAAATTTAGATATAGTTTCAAATTTTGCTCATATAGCAACTAAAAATTCTTATGTTAAACCAGAAATAAGTGAAGAAGATATTTTAGAAATTAAGGGAGGTAGACATCCAATAGTTGAAACTTTAATTGCTAGTGGAACTTATGTTAAAAATGATATTGTTTTAGATGATAAAAATAATTTAATTATTTTAACAGGTCCTAATATGTCTGGGAAATCTACCTATATGAAGCAAGTAGCTTTGAATATAATAATGGCACATATAGGAAGCTATGTAGCAGCAGATTATGCTAAAATTCCTATTGTAGATAAAATTTTTACAAGAGTTGGAGCAAGTGATGATTTACTTACAGGACAATCTACCTTTATGTTAGAAATGACAGAGGTTGCAAGCATTTTAAATAATGCAACAAATAAATCTTTTATAGTCTTAGATGAAATTGGTAGAGGAACTTCAACCTATGATGGTATTTCAATAGCAACAGCTATTACAGAATATATTCATAATAATATAGGTGCAAAAACAATATTTGCAACTCACTATCATGAACTTACTGAACTTGAAAAAGAACTTGAAAGAGCTATTAATTTTAGAGTTGAGGTAAAAGAAGATGGTAAAAATGTTGTTTTTTTAAGAGAGATAGTAAAAGGTGGAGCAGATAAATCTTATGGAATAGAAGTTGCAAGATTATCTGGTGTTCCAAAAGAAGTTTTAAATCGTTCAAATAAAATTTTAAAAAAATTAGAAACTAGAAAAAATTTAATAGAAAATAAGATGAAAGCAGAGCAGATGATACTTTTTGGAAATGGTTTTGAAGAAGAGAATGAGGAAGAAGTAGAAATCTTATCTGAAAATGAAAGTAAAGTTTTAGAGTTGCTGAAAAATATGGACTTAAATTCTATAAGTCCTTTGGAAAGTTTATTAAAATTAAATGAATTGAAAAAAATTCTTGTCGGAGGAACTGATGACTAAGAAAAAAATAATATATATTGTTTTAGGAGTAGTAGCCTTAGTGCTTGTATATTTTAACTATTATGGTTCTGATAAAGAAGTTGGAGATATAAAAAAAATAGTAGAAACAATCAATGCAGTTTATGAAAGTGATGATTATCATGTGGAAGCTGAAAAAGAAATTGACTATTTAGATGAAAAAGAAAGTAAATTTGAGAAAGCTAAGGCTATAATACAAGGAATGATATTAAGTGGAGACAATGTTTTTCTTGATAAAGATAAAAATTTAACTTTGGATACTAATATTTTAGGGATAAGTCCAAATGGTTGGGAGATTAAAGCTTCTGAATTAAAGTTTAATAAAGAAACTAAGGAGCTTGTTTCTACAAAGCCTATGTATGCAAAGAATGAAGAAAAGGGAGTAGAAATCTTAGCAAATAAATTTAAAACAACTATTTCTATGGATAATATAACATTGGAAGATGGAGTAGTAATTAAAAACAAATTATTTTCTATTTTAGCTGATAAAGCAAATTAT
NZ_CP056003.1_gap25	819228	820869	1641	TATCAAAAAAATATATTTGTATTAAAACAGCAACAAAAGATATTAATGATAAAATCAAAAGTACTTTTGCAAATTTTTTTTGTCTTGGTAAATTAGGAACATACATATTTAACTTTTCATCAAAAATATATCCCCATTTTTTAGTTTCATTCATTCTATAAGCCTCCAAATATTATTTTTTTCTAATAAGCATAAAAATAGAAATTATCACAAGAGTAATACCTAAAATGATACCACTTAATCCAATAACTTTATATAATTCAATATATTTTAATAAGCTAACATCAGAATTTTGAACTCCTATATGAGCAACATAAAGAAAAAAGACCCCAAAACCAAATACTAAAATTCCACTAGCAAATAATAATATATGCCAAGGAAATGTATAATCTTTTTTTGTTAAACTTCTCTTTTTAAAAGGAAAAGTACTATATGAATTTGTATTTTCAGGAGCATTTATTCCTGCATCTTCAATTAATTTTATACTTGTTATATAACTTGTACCAAAAATTCCTTTTCCAAAAGTACAAGAAAATTTAGAGCCAACCTTATCTATAAAAATTTTGTGTCTCCACATTCCAGTAGAATACAAATCTGGAGAATTTTTAAATTTAAAAATGTAGATATGTGTAAGACCTCTTCTACTTCTATGAATAGTAAAATAATCTCCTAAAACTACTTCTTGCGTTTTTCTATTGTGTATAAAAATCCTATCCACTATTTTAAAGAGTATAGCCCAAGATATAAAAAGACTTGGGATAAAAATATATAAAGGTGAATTTCCTAATGTTATTATGTTTGATTTAACAATAATATACCAAATGGGTATGGCAAAAATAACAGTTGCTATAAAAATTGAAATAAAATTATAACTTGTATTATAATCAATATATGAATTACCACTAGCATGCATTCCTTTACTATGATAACATAATCTTGAAATTAAGTGCAATAATCCAAAAGCACAAATTACTATTCCTTGTAAAGGAGAGCTACTATTAAAATATAACATTCCACCTAATACAAAAGAAAGCATTGAAAAGAATATTGATGTGTCTATCAAAGTTGTTAGTATAGAATAAAAAAATAAATATCCTAAAAAAAACATTACTCTTCCTCCATAATTTTTAAATTTTCTTCGTAAGTTTTATTTGCACAAGCCCAAAAGCTTCAAAAATTTTTCTTTTCAGTTCTATAAGACAAGGATTTCTTAAATCATATACTCTATGTTCAATTTCTCTTTCCCAATAAGGAGAATTAGACTTTTCTTTAATACATTCTTTTAAATCATCAGCATATATTCCAAAACTTATACATTCATTTCTACAAGTTTGTGTTTCTATTTTTAATTTTTCAATAAGTTTTTCATAAACTGAAAAAGGAATTTTCTTATAAATAAGTCCATACTGTAAGTATGCTATATCTCTATTAGTATAACTTATACTTTCGCTAACTGAAATAAGCATATCATAATCTTTATCTTCCAAAGGTAAATTTCCTAAAATAATAGCTTCTCCATAATAAAAAATATTGTCCATAATAGCTTGTGAGGGGAGTGCTAAACAATTTGATAAATCTTTTAAATCAACATTTATATTATCACTTATTTTATGATATATTTTTATTATTAAAGGTCTACTC
NZ_CP056003.1_gap26	853662	858638	4976	TTGGTTGGTTATAATGCTCAAAAAAAGGAAAGACTTGGACATTTCTATTTAGAAGATATTAGAGATGGCTATGTTGATGTAACAGATCATTTTGGAGTAAAAGCAACTAGAATAGAAAAAAAGATAAATATACTTATTGTACTTGAAGAATGGAATGAAAAAAAATTTTATGACAGACTTGGACTTGATGTAGAATATCAAGATTTTGTTGGAGAAAAAATACAAAAATATATAATTCCTGTTAGAAAAGGAAGAAATTTGGCAGTTATAATTGAAACAGCAGCTTTGACATTTAGATTGAGAAGAATGGGACATAATACCCCATTAGAATTTCTTACAAAATCACAAGAGATAATAGAAAAAAAGAAGAAAGAGAGGGAAGAAAATATGGATAAGAATAGGCTGCCTGTAACAAAGTTAATAAATGAATTTGACCTAGAAATAAAATATGGAGAAGATAAAATAACTAGTACATATATAAAATCTTCAAATGTGTATCGTCCTTCTTTATCTCTTATAGGATTTTTTGATTTGATAGAAGAAGTTTCAAATATAGGTATACAAATTTTTTCAAAGATAGAATTTAAGTTTTTAGAAAATTTACCTCCTATTGAAAGAGTAAATAATTTAAAAAAATTTTTAAATTATGATATTCCTATGATAGTATTAACAGTTGATGCAAATCCACCTGAATATTTCTTTGACTTAGTTAAGAAAAGTGGACATATTTTAGCTATTGCACCATATAAAAAAGCCTCTCAAATAGTTGCTAATTTTAATAACTATTTAGATTCATTTTTCTCTGAAACAATTAGTGTACATGGAGTTTTAGTTGAGTTATTTGGTTTTGGAGTATTGCTTACTGGTAAAAGTGGAATAGGTAAAAGTGAAACTGCTCTTGAACTTATACATAGAGGACACAGATTGATAGCTGATGATATGGTTAAATTTTATAGAGATACACAAGGAGATGTGGTTGGAAAATCTGCTGAACTTCCATTTTTTATGGAAATAAGAGGTTTAGGGGTTATTGATATTAAAACTTTATATGGATTAAGTGCTGTTAGATTATCAAAAAGATTGGATATGATAATTGAGTTACAAGCTGTTGATAACAGTGATTATATGTCTGCTCCTTCAACTCATCTATATGAAGATGTTTTAGGAAAACCAATTAAAAAGAGAATACTTGAGGTATCATCTGGAAGAAATGCAGCAGCAATGGTTGAAGTTATGGTAATGGACTATATGTCTGGTTTATTAGGACAAAAGTAAAGGATATAAATATAATGAAAGAATTTATAGAAAAATTTAAAGAGATAAAAAATATTATTAAAAAAAATCAAAATATTATATTGACGGCTCATGTAAATCCTGATGGTGATGCTGTTGGTTCAGGATTAGGTTTATTTCTTACTTTAAAAGAAAATTATAAAGATAAAAATATTAGATTTGTATTACAAGACAATATTCCTTATACAACAAAGTTTTTAAAGGGTTCAGAAGAAATTGAAGTCTATGATAAAGATAAAAAATATTCTTGCGATTTATTAATATTTTTAGATTCTGCAACAAGAGATAGAACAGGAGAAACTGGAAAAAATATTGAAAGTAAAATAACAATAAATATAGACCACCATGTGAGTAATCCTTTATATGCAGATATAAATTGTGTAATTACATATTCATCTTCAACTTCTGAAATTATTTATAATTTTATAAAATATATGAATTATAAGTTTTCTCTTTCAGCGGCAGAAGCATTGTATTTAGGTTTAGTAAATGATACAGGAAATTTTTCTCATAGTAATGTTAAAGTTGGAACTATGCAAATGGCAACAGATTTAATTGCTATGGGAGTAAATAATAATTATATAGTAACTAATTTTTTAAATTCTAATTCATACCAAACTTTAAAAATGATGGGTGAAGCTCTTAGGAATTTTGAATTCTATTCAGAGAAAAAGTTAAGCTATTATTATTTAGATAGTGAAACTATGAAAAAATACAATGCTAAAAAGGAAGATACTGAGGGAATTGTTGAAAAAATACTATCTTATTATGAAGCATCTGTTTCATTATTTTTAAGAGAAGAAGCTGATGGAAAAATAAAGGGAAGTATGAGAAGTAAATATGAAATAAATGTAAATGAAGTGGCTAGTTTATTTGGTGGAGGTGGTCATTATAAGGCAGCTGGCTTTTCAAGTAATCTTTCAGCTAATGAAATATTAGAGATTGTTTTAAAAAATATATAAAATTTTAAAAATAAAAGTTGAAATTATTTCATAAAAATAGTATTCTATATAAAAGTGTATAAATAATTTTACAAGGAGAGTGTAAGATATGGCAGATAATATTGATATAGTTTTTTTAAAGCCTAAAAAATTTGAGGATTGTGTAATATGTGCAGGTTATATAAAAGAGGATAAAATAGTTAATATGAATTTAAGCCAACTTGATGATAATGATTCAAGAAGAGTTTTAGATTATATAGCAGGAGCTATTTTTATTACTAAGGCTGAAATTGTAAATGTAGGAAATAAAATTTTCTGTTCTATTCCTAGTAACAGAAACTTTTTAAATGAAATGAATAGAGAAAGCTCTCATGATGAGGAAGAAGAAGAAATTGTAAGAGGGTAATTTTAAAGATAACTATTAAGAAGTCTATATATTTTTATTGGACTTCTTTTTTTGTAGAGTAAGATTTATAATACTTGATTAAAAATATGATCGCACACTTGTGATTTCAGTCATGAGTTACCTGGCTTCGCCTAGCGGGGAGACCATTAAGTATAGTCAGCATATATAGAAATATGTATGTAGAGATAGCGACTTAAAAAAGCTATCCAATACTACTTGAATTGCTGGAAACCCCTAAAGCTAGTATAACTACAACATAACATCTTAAAATAAGATGCAAGTGTGAAAGTGGCGAAAGCAGAAAAAATATACTAGATGACATAAGGTTAAATCCTAAGTGTTAAGATAATGGGCAATCAGCAGCCAAGACCGTAAGGTAAGGTTCAACGACTATTCCTCTTGAGGGAAGTACACCAAAGCTGGTGGAAGTGGGTAGACCCAAACAGATAAAGCTGTGGGATAAGATATAGTCTGTGCTTAATAGAAATATTAAGAAGTTCATAAGAGAACTGCATAAGTGGTAGCGTACTTATGTGAACGACAACCTCTAAAACGACTAAGTCAGTTTTAGGTTCATATATTTAGAAAAATTTTACTTTTTCATTTACTTATAGTATAAATAATAGTATACTATATATAAGTAAATGGAGGTGAAATCGCATGGAAAAAGCATATAAGTTTAGATTTTATCCAACTAAAACTCAAATAAAAATATTAAATAGTACTTTTGGTTGTGTAAGATATGTCTATAATCATTTTTTAGATTTAAAACAAAAGCTATATAGTACAGAAAAAAAGTCTATATCATATAGTGAGTGTAGTAAAGAATTAACAGTTTTAAAGAAAGATAAAGAATGGTTAAAAGATGTAGATAAATTTTCTTTACAAAATTCTTTAAAAGATTTAGATGTAGCCTATAAGAACTTTTTTAGTGGAAAGGGTTATCCAAAGTTTAAATCTAAGAAAGATAATAGAAAATCATACAGAACTAATTATACTAATAATAATATAGAGTTTTTAGATAAATGGATAAAAGTACCTAAGTTAGGAAGACTAAAAATAAGAGATAAGATGACACCACAAGGAAGAATAGTAAGTGCAACAATAACACAAGTACCTAGTGGAAAATATTATATATCTTTATGTTGTACTGATGTAGAAGTAAAGAAATTAGAAAGTACAAATAGAAATGTTGGAATAGATTTAGGTATAAAGGACTTTGCGATTACCAGTGATGAAGCCATAATAGAAAATCCAAAATATTTACAAAAATCTTTGAATAAACTAGCGATATTACAAAGAAAACTATCACGAAAACCAAAGGGTAGTTCAAATAGAAATAAAGCTAGGATAAAAGTAGCAAGATTATTTGAAAAGATAACAAATCAAAGAGAAGATTTTATGCAAAAGTTATCAACAATGCTAATAAAAGAATATGATATTATCTGTATGGAAGATTTACAAGTAAAAAATATGGTAAGAAATCATAAATTAGCAAGAAATATTGTAGATGTATCATGGAGCGAATTTAATAGAATACTAAGTTATAAAGCAAAATGGTATGGAAGAACAATAGTAAGAGTAGATAAATTTTTTGCAAGTAGTCAAATATGTAATTGTTGTGGATACAGAAATGAAGAAGTAAAAGATTTAAGTATAAGAGAATGGACTTGTCCAGTAGTAAAGCTGTACATAATAGAGATATAAATGCAGCCAAAAACATATTAAAAGAAGGACTAAGGATATTAGGAATAAGTGCTTAAATAAAAATATATGAACCGTAGGAACTATGTGGATAGCTTGGTAAATTTAGTTGGCTAACAGAAGCAACTACTACCCAAGAATCCTGTGACTCCTGCACTCGTAGGGTCTCAGTCGTGGGAGGTTCAGTAATTTACTAAGAAGTCTTTTCTTTCTACAAATTGAAACAAAAGATTTTGTGTAAGGAGACCAAATATGAAAAATCTATATAATAATATCTATTCAGTATTACCCGAAGAAAAGAAAAAAGAAATTTTAGAAAATTTAGCTCAAAAATATAATATGGAGATTTTAAGATTTGAAACTTTTACTAAATATTCAAAATCAATATTTACTGCTATTTTTAAATATAAAGAAAGTGAATTTGTTTTTGTTCCAGGAGATACTATAACATTAGGTTATGAGGGACTTCCTAAAAATTTATCTGATGAAAGTTTAGAGCAATTAAGATATTTTTCAGAAAATCCCTATGAATTTTTAGAAGAGTATATTAAGGATAATTTTAGTAAAGTGAGAGAAGTTACTATAAAACCTATGTTAGTTGAAAGAAATTTACAAATAGTGTCTTGGAGAAA
NZ_CP056003.1_gap27	863505	868456	4951	ACTCCTATCATTCCTCCAATAGAACTTACCTTAGCAAAAAGATTTCCTCCTTTAAATGCAAGGAAGGTTGAAAACCAATAGACTACTATTATAACAATTGCAGTAAATAGCCCTGAATTTGACAAATCACCTCTATTTATTGTAAAAGCTAATGCAGCTGCTACAAAAGCAAGTTGTACTGGATACCAAACAACATTTTGTACCCATTGTAACCAAATTGCTACAAAGCCCATACGATTCCCAAATGCTTCACGTATCCAAACATACACTCCACCTTTATAAGTAGTTGCAAATTCAGCACTAACTAATGAAGTTGGAACTAAAAATAATATTGCTGGTATAATATACATCAAAATTGAAGCTCTTCCTTCTTCTGCCATAGGAGGTAGTGTACGCAAAGAAGCTACAGATATTGTTGTCATTACAGCAATTTGAAATACAGATAAAGTACTTTTTTGTATAGGACTACTATTTTTTAAATTATCTTTATTCATTAAAATTCCCCCTTATTATCAGTGGCGGAAACTTCTAGTATTATTCTTAGGCATTTTATATTCAAGACTTTCAAGATATTTTACTTGAGATTTTATATCATCTAAAAATCTATCAGCAAGATCCATACTAAGTCCATTTCTTACAACTATTCTTTGAACAGTTATATCTGTAAGATTTATTGGCATTGGATAAGCTGGAACTTGCCAACCTTTCATACGTAATCTATCTGATAAATCATATAAAGTCCATTTACGATTAGGAGATTCTTTAAGCATCCAAGCAAATACAGGAATATCTGTTGGATGATTCCAAAGTGTAAACATATCCATTTTATTAATTTCATCTGCAAGATGATTTGCTACATCCATTGTAGATTGTTGTACTGTTTTGTATCCATTAAAGCCATATCTTAAAAATGCCCAATATTGTAATAATATTTGTGCACCAGGACGAGAGAAATTCAATGCAAATGTTGGCATTTCTCCTCCAAGGTAACTTACTTTAAATATAAGACTTTCAGGAAGATGTGCTGTACTACGCCAAACTACCCAACCAAGTCCAGGATAAACTAAACCATATTTATGTCCTGATGTGTTAATAGAATATACTCTTGGTATACGAAAATCCCATTCTAATTCTGGTTGAATAAATGGAGCTATCATTCCTCCAGAAGCTGCATCAACATGTATAGGTATATCCAATCCAGTATCTTTTTCAATTTTATCTAAAGCCTTAGCAATATCTTTTACTGGTTCATACATTCCTGTATAAGTTACTCCCATTATTGCTATAACACCTATTGTATTTTCGTCTACATATTTTTCTAAGTCATAGCCATCTAAAACTTTATGTTCTAAACTTATTGGAACATATCTTGGCTCAACATCAAAATAATTACAAAACTTTTCCCAGCAAACTTGTACAGCAGAGCTCATTATAAGATTAGGATGAGCAGTAGATTTTCCAAGTTTTTTCATTTTTTCTTGCCATCTACGTTTAAGTGCTAAAGCTCCAAGCATACATGCTTCAGATGAACCAGTTGTAGAACAACCAATAGCATTATCAGGATCTGGTGCATGCCAAAGATCAGCAAGCATGTGCCAACAATTTGTTTCAACTCTTGCAGTAGCAGGATATTCATCTTTATCTATTGCATTTTTATCAAATGCTTCAGAGTATAATTTGTTAGCACTTTCATCCATCCATGTTGAAACAAAAGTTGCTAAATTTAAACGAGCATTTCCATCTAACATAGACTCATCATGTACAATTTGGTAAGCTGTTTCTGGTAACATAGAGTCTGTTGGAAAACGATCGGCAGGAGCAGATGTAACTTCACCTGGACGTGCAAAAATTGGATTAATTTCAATATTCTTTCTTAAACTTTTTTTAGCCATTTTAAAACTCCTTTTTTAATAAAAAACAAACGATAAAATATTCCATGGTGCCGTTAAAATTAAATATGACATATTATCTACCCGCGAGATTATTATAACACTTTTTAGTTTGGCTGTATATCAGATTATATTAATTAATGTATAACTAAAAATTTTCTTAACAAAATTTATTTATAAAAAGAAATTAAAAAAATGATATCATTGAAAATTTTTCAATAACATCATTTTCTGAATAAATAATATTATTTTTTATTTAGAATATTTTTCAATATATTCAGGTTGTATAATAAATAGTGTTGATGGGATAAAAAAATTCTATCATCACTATTTTTTAATAAAAAAAAGTTGAGACAATAAAATTTTCCTGTTAAAATTAAATTGCTTAAAAATAACCATAAAGGAAGTGATTTCATTGTCTCTATCTAATTTTATCAAAACTATTCTAAATATTCAAGATAATAATATTTCTTTCCCAGAAGAAGATTATTGTCATGTTATTCAAAAAGGCAATTATCTAATTAAACTTTTTAAAGCTTTTCTTAAAGATAATTGTTGTGCTTGTCCTCATTGTAACTCTAAAAATATTGTTAAAAATGGTTCTAGGGAACGTAATATCAAATTTATTCCCTTTCAAAATTACAATATTGAGCTTAATCTTACTGTTCAGAGACACATCTGCAAAGATTGTAAAAAGTCTTTTTCTCCTTCAACTAATATTGTTGAAGATAATTCTAATATCTCTAATAACCTTAAATATACTATTGCGCATGAACTTCAAGAAAATATTTCTCTTACTTCTATTGCTAAGAGATACAATATTTCTATTTCTTCTGTTCAAAGAATTATGGATAACTGCTATTCTGATTTTAAAGTTAATAAAGAACATTTACCTGAAAGTATGTGTATTGATGAATTTAAATCTGTTAAAAATATTGATGGCGCTATGTCCTTTGTCTTTGCTGATTATCAAGCTAAAAATATCATTGATATTGTTGAAGACAGAAGACTCAATTCTTTGACAGAATATTTTTCAAGATTTTCACTTGAAGCTAGGAATAATGTAAAATATATCTGTATGGATATGTATTCTCCATATATTAGCTTAGTAAAATCTATTTTTCCTAAAGCTGAGATAGTATTAGATAAATTTCATATTGTTAATCTAGTTAATAGAGCATTTAACCAAACTAGAATATCTATTATGAATTCTCTTAAAGATGAGTCATTAAAAAGAAAATTAAAACTATTTTGGAAATTACTCCAAAAATATTATCCTGACCTTTGTCAAGAACCGTATTATTGTCCAAGCTTTAAGTACAAACTTAGTACTAAGGATAAAGTGGACTATCTTCTAGAAAAAAGTTCTGAATTAGATGTAAATTTTAATATATATCAAGATATTCTTCAAGCAATAAAGCATAATAACTTTAAAAGATTTGAAAATATTGTAAAGAAGAATCTATCTAAAAAAGAAAAAGTATCTAAACAAATGCTTACAGCTTTAAAAACTTTAAAGAAATATATGAAGTATATTGAAAATATGTTTGAATCAAATATTACAAATGGCTTAATAGAAGGTTTAAACAACAAAATTAAGTCAATAAAGAGAACAGCATTTGGATATTCAAATTTTAGCAATTTTAAAAAGCGCATATTAATAGAAGCAGGTATTATTTCAATCAGTGCTTAATATTTTAATTCAATAAAGTAATTTAATTATACAAAAAAGAGAATCTTTTTAAGATTTTTATTCTCAAAAAAAATTCTCTTAATTATGTTAATTGTAAGTCTAAACTTTTTTATCAACACTATTTGACAAATAACCTATATTCATAGAATAATTTAGCAGGTGCATTTCTTAACACTCTTTCTATAAACTCATCAGTGGGATTTTTAAAGAAATCAGTTGCAATAAGAGTTGAGAGTCCATGAGCAAATACCCAGCAACTTACTAATAATTCATCCTGTTTTTCTTTATCTATTTTGATAAGTCTCTCATCTTTTTGAATTTCTTCACGAATTAAATTTAAAAATTCATCAATTAGTGAACCTTCTATATTATCCTTTGAAAATACTTGCAAAAAAAGTTGTTTTTCTTCACGAGCAAAAATTGAAATTCCCATACCTATATCTAAAAATTTTATTCCAGTTCTTTTTTTTGTCAAATATTCTATAAATAAATCTTTAGCTCTTTTTATTAATTCTTTTTTCAGATTCCTCATAGAACCAATAGATTTATATATAGGTGCAGGAGAAGAATCTAACATCTTGGCAACATTTCTAGCACTTATAGCCTCAATACCTTCTTCTTTAAATAATTCAAATGATCTATCTACAATAATTTCCTTTGAGAATAAAACCTTCTTTGCCATATTTTACTCCTAAATCAATTAAAATTTCTTAGTAATAGATAATCCCATAGCAGTTATTTGCTTGTGATATTTTTGATTCTCATCAACTTTATATTTTTCTCTAAAATTTCCTTCTTCTTTTTCATAAATAAAATGAGCAACAGAAGCTGTAATAGCTAAAGTTTCATCAAAATTATATCTGACACCAGCACCTAATGTAACAGAATTTAAGGCATATTCAGTATCATTAAAAGAAGCATTTTTAGCTCCTGTTCTTGCATAGTTTATACTACCAATTAAGGTAAATTTATTATTTAGTTTATATTCATTTCCAAAAGCTACTTCCCAACCATCTTTATAATCTCTACCGTGTTCAAGTCCACCAAAAGCTGATACTCTATCCATTCTAGCTTGACGATTAAAGTAATAATTGGCTGTACCAGAAACTAAATAATTATCTGTTATTTTATAAGAAGCACCTACTGATAATATTGCAGGTAAATCTCTTCTTACTTTTGAGTCTATTATATATTGTGGATAGAAAGTAGTCAAGCCAATAGTTTGTCCTAAAACATCTGTTGTTTGTAATTGATGTTCAGAACCCTTAGATTTAAAATTCATTTTTACTCTTGAATCATATCTGGCAGCTAAATTTAATTTGTTATTTACTTTATAGTTTATTCCTAATTGGAAACCATAACCCCATGC
NZ_CP056003.1_gap28	972967	975198	2231	CTTCTGAATTATGAAGATTAATTACTTCAATAATTTCATCACTATCTAAACCAATTTTTCTTTTAGATATTGTCAATATTGCTACATACCATTTCTTAGTAGATTTTCTACGAATAACTGCATTTTTTGGAGATTTTTCCCATAAAAATTCTAATTTATCTCCATATTTATTTTTAACATAAGCTATAATCTCTTTTGTATAATTAGCTTTAAATATCTCATCTTCAAAGCATTTCTTTTTTATTTTCTCCAAAACTTCACTGTATTCCTTGTAGACTTTTTCACTATATCCACTTCTGTTTTCTATAAGATATAATACATAAGGTTCATTAGTTTCTGTATCTATTATTTCAGTAAAAATTGAATTATCTAAATTAATTTTAACTGTCATCTTAAATTGATTTTTTAATAAAAAAGTATGATAGTAATAAGAATTATCTATTAATTTAAAACCAAATTCTTTAAGCCTTTTCAAATCTATTTTTTTATCTTTAATAAAATCTTTTATTTCTCTCATAAAATTTCCTCCACAGTCTATAATTTTATTATAGCATTTAAAAATAAAAAACTGTTACATTTCAAATAGATTTGTAACAGTTTATTTTTTAAGTTAAATTTTTTATCCAGTTATCTAAAAATTTCATTTGTTCTTCTGTATGAAACCAATGTTCTCCATTTTTCATTACAGTTAAATTAGCTTTTGATTTATTTACAAAATTTAATATTGTTCCATAAGAAGTTATATTATCTTTTTCACCATACAAAATATATGTTGGAACATTCCATTCAATAGGATTTTTTCTTATAAAAGTAAGATACTCCCAAGATAATGTTTCTCCAAATGATGTCTTAATTTCTTTCTTTTTATATAATTCTTCTTCTGTTATATTTTGCAAAATCATCATATTAATAATTAATTTTTCCATATCTACAATAGGGGAAATGAAAAATGCTTTCTCAATATGTTTATTGAATAATGAAATCATAGTAAAATATGCTCCTATACTATTTGCAATTATTGATATTTTTTTATATTTTTCAGAAATATCATCAAAGAATTTAGAAAATTCTTTTTGAAAATTCCAAGGATATTCAGATGTATATTTAAAGCCTATAATATCTGTTTCATTAAAAAATTTTTTATAATATTCAGCTTCCTCTGCTGTCCCATATTTTCCATGTATATAAATTATTGCATTTTCCACCTTATGTTCTCCTAAAAAATTTATTTTTTACAAATAAAATAAGCAACCTCATAGGTTAAAATATTGTCCTTAAAAGTTTTTATTTTAGAAATAGAAGTTTTTTGAAATCCAGTAACCCCTGTATATTTTAAATGTTTTAAAACTGACATAGGGTCTTCAAAATCAAGTTTAATAGTTTCACTATAAGATTTTACAGAAGAAAAATACTTTTTTAAAATTTCTTTAAATTCTTCAATATTTAAGTAATCCAATGAAATATCAAAATGATTTTTAATTTCTATTAAATTTCCAGAAACATAGCTAGAAAAACATAAATTATCAGTATTTTCTGCTATATTTCTTATAAGACTATCTTTATCTTTTATCCACTGAAAAACAGAACTAGACACAACTAAATCACTTTTAGGAATATCTAATTCTTCAATATTTTCTTGTATAAATATATTGTAATCCATATCTTTTATAAATTCTCTTACATCAAATATATCATTTAAAATTAAATCAGAATGAAGAAAGTATTTTCTATATTCTCTTGTAAAAATACCTGTTCCACAGCCTATCTCAAAAATAGAGTTAATTTGAGTGTTAAAAATATTAGATTTTCCCATATAATCTAACAGATTTTTAGCAACCTGCTTTTGTGCCAATGAATATTTTTCATATACATTGTAATGTTTATTAAAATTCATTTATTTTTCCTCTTCTTTTATATGTCTAAAATATTTTTAAAGTCTTTAAAATATGAAAAAGGATAATGTCCACATTCTAATAATTTATAGGCTAAGTTATAATTTTGACAATATTTTTCCAATCTATTAGCTGGGATTATTCTGTCATTTTTTCCTATGTAGTAAAAATCAATATGATTATCAATTATCTTATAGTTATCTTTAAAAAATTGTAACTCATTTTTTATTTCATCAAAAGATTTATTTGATTTACAAAAACTATCATCTATATCCATATTTATTAAAAATTTTTCTAAATTTTCTTCATTTAAGGTATTAAGAGTTATATTAAGCATCT
NZ_CP056003.1_gap29	982530	983091	561	AGTGACATATATGAAAAAAAAATATTTTTTAAATGGTTTATCAACTATTATTAAATATGCTGTTTCTGATACTAATAGCTACCTTACTCAAACATCATCATATTTTATAAAAGATGATAATGAAGCTTTAAGTAAAGATTGGGAAATCATAGGAAATTACTTAAAAGGAGCTATTGATAAATATGGCAAAGAATTCAAAACAAGATAATGATAGAAAATTGCAAGGATTGGCATAACTACTATACATTCTGGACCACTACCTAATCCAGAAACACTTATTAAATATGATAAAGTCTATCCTGATTTAGCAAAAGAGATTGTAGAAATGGCTAAGAAACAATCTGAACATCGTCAATATTTAGAAAGAGAATAAGTAATAAGTGAAACAAAATTAAGATTAAGGGGACAGTTAATTGGTGGCTGTGCTATTGTTATTTTAATAATTTTAGGTTTTGTTTTAATTCTAAATGATAAAAATATTGCTGGAGCTTCTGCTGTTATAATAGCATTAATTGGAATAATTTATAGCATAAGTTATGGAAAAAATAAAGATAAATAATT
NZ_CP056003.1_gap30	1152951	1156652	3701	ACTCCATTTTTCAAATTTTCTAGCAGTACTCATTGGAACTTTATGGAAAAATCCAAAACTTTTCAAATCTAAAGATTTTCCATCTCCAAAATCATTTATATAGATATCTATTAGAGCTTTTTCTTGATCAGATAATGTTTCTGTACTTCCTGTTAAAGTTATTATAGTTTTTTTATCAGAAGTTTCAAGTGTTAAAACTTTTTTTCTGATTAAATCAACAATGGTTGCAAGTATCTCATTATCATTTACATTTTTTGTCATAATTCCACCAACAAGTGCAGGAGAAGAATCATCTGGTAAATCTCTTAAATATTTTACTTCCTTATTTCTAGATTTATTTTTTCTTTTAAATACTATATGTATATAGTACATTAAAACTGCCCATATTGATGCTTCTGCACCCAAAATTGTCTTTGGATTATTAGAAAGTATTTGCATACCTTTTTTTATTTTTATTGCTCTATTTCTTTCTGTATTAGCTTCATTAGCTAATCTTGCTTCCATATCTAAAAGTTCTTGTTTCATATTCACATGAATTATTTTTGATTTATCAAATTCTGAAAATATTTCAGGCTCCATTAAAATATGTGCTTCTAAAAAATCTCCTGGATAGTAATCCTCTAATTTATATACAACAGTGTTATCTATTTTATCAACTTCACCTGTAAGAGGACCATGACCAAAGACTAAAATTTTTGAGTTATCATAATTTTTTGATACAGGAATTTCAATAGTTACTTTAATAGTAAAAATTCCTTTTTGCCAATCTTGACCTACCATTTTTCTATTTAATTGAGCAACATCATCATAAACTTTTATGGCATCTGGCAGTGTATAAACAAATTTAAAAGTCCTTATATTGTTATAGTTTTTTGAATAAAGTTTTATTCTATACACTCCATCATTTTCTGTAACTTCATAATTTTCAGAGTCTACTTTTTTAAAAGAAATTTCATTATTTTCGTTAATTCCATTATCTTCAAAAACTTGTAAAGAATTTATTCCACCATAACCTTTTGCATCTATATCAAAATACACTCCATTTATTTCATCTATACTATAAGTTACAGCTTCACTGACAAGCATAGAGCCATCTTTTTGTAGTTTAGCTTCTACATTTAAGTCAGAAATTCTAAAACTTGCTGAAAAACTTATAATAGAAATGATAAAAAACAGAAAAATTCTTAAAATATTTTTTTTCATAAGCCACCTTCTATTAATATAATAATAAAAATAATTTGTTACTAAGTAGGTTTCTTAACAGTAAAAAATTAAGAATTAGCATCATAAGAAATTCTAATCAATAAATTGCTAAGTGTTTCTAAGAAATTTGGTAACCTTGCCAATAAGTTAGCTTCAAACATTCAAGATTTACTCAGTCCATTTACTTCAATTTTTTTTAATGAGATTTCCATATTTATTATATTTTGTTTAAAAACTAATGACTCATAGAATTTTTAGAAGCCTCCGCCTCCACCATGAGAACCTCCACCACCAGATGAACCAGAGCTAAAGCCTCCGCCTCCACCAGATGAACTAGATCTTCTACTTGAAGCTATTGCTGAATTTGCTCTTGAATTAGTTTTACTAACTAAACTATTTAAATTACTAAATGAATGACTAAAATTGCTATTAAATATAGGTGAATAAGCAAGATTATTTATTCCATCAGTATCTTTTATAATTCCCATATCCAATGCTTTTCTATATGCTTTTACTACTTTATCAGATACTCCTAATGCTATTGCATAAACAAAATATTGTTCCCAAAGATGTATAGAAGTAATTTTTGCTTCTTCTAATTGAGAATAATCTGATAAAAAGTTTTTAAATGCTTGCCATTTACTCATTGTTTCAGCTAATTTTTTACTTGGATACTTAGCTGTTCCTGCTGAAAAGAAAAGTACAACACCTAATGGAATACCAAACATAAAAAGAGTATTTTCTGTTAAAGCTGCTTGTAGTAAACCACCAAAAGCAAATATTACAGATAATAGTACAAAAATTAATGTTGCACCACAGCCTATATGTTCATAGACTAAACCTTTTCTATTCATTTCATTGATAATATAATCACTCCATTTTTCAAATTTTCCAGCAGTTGTCATTGGAACTTCATGGAAAAATCCAATACTTTTTAAATCCAATGATCTTCCATCTCCAAAATCATTTATATAGATATCTATTATAGTTTTTTCCTGAGCAGATAATAGTCCTGTACTTCCTGTTAAAGTTATTATAGTTTTTTTATCAGAAGTTTCAAGTGTTAAAACTTTTTTTCTGATTAGATCAACAATGGTAGCAAGTATCTCATTATCATTGACACTTTTTGTCATCACTCCACCAACAAGAGCAGGAGAAGAATCATCAGGTAAATCTCTTAAATACTTTATATCATTATTTTTAGATTTATTTTTTCTTTTAAATACCATATGGATATAGTACATTAAAACTGCCCATATTGATACTTCTGCACCAAAAATTGTTTTTGCATTTTTAGAAATTTTTTGAATATTTTCCTCTCTTCTTAAAGCATTATCTCTTTCTTCATTAGCTTCATCAGCTAACTTTTCTTCCATATCTAAAAGTTCTTGTTTCATATTCTTATGTATTACTTTTGATTTATCAAATTCTGAAAATATTTCTGGTTCCATTAAGATATGTGCTTCTAAGAAATCTCCAGGATAATAATCATCTAATTTATACACAACAGTATTTTCTACTTTATCAACTTCTCCTGTCAAAGGTCCATGCCCAAAAACTAAAATATTTGAGTTATCATAATCCTTTGATACTGGAATTTCAATAGTTACTTTAACAGTAGATATCCCCTGTTGCCAATCTTGTCCTACCATTTTTCTGTTTAATTGAGCCACATCATCATAAACTTTTATAGCTTCTGGCAATGTATAGACAAACTTAAATGTTCTTGTATTATTATTATTTCTTGAATAAAGTTTTATCCTATACACTCCATCATTTTCTGTAACTTCATAATTTACAGGGTCAACTTCTCTATAAGAAATTACATTATTTTCATAGTGTCCTTCATCTTCAAAAACTTGTAAAGAAGTTATTCCTCCATATCCTTTTGCATCAATATCAAAGTATATTCCATTTATCTCATCTATATCATAGGTTACAGCTTCACTGACTATCATTGAACCATCTTTTTGAAGCTTAGCTTCTACATCTAAGTCAGAAATACTAAAACTTGCTGAAAAACTTACAATAGAGATGATAAAAAGCAGAAAAATTCTTAATATATTTTTTTTCATAAGCCACCTTCTATACCATATAATAATGTAGTAAAAAATAGTTCATTGCTAGCTAAATTTCTTAACGATAAAAAATTAACATTCGCTGCAAATTCGGTAAACTTGCTAGCAAGCTAGCTTCAAACACACCGAGATTTGCTCGGCTCATTTCCTTCAATTTTTTATCTAAAATTTAGAATGCAATTTCACTTATTTTTTATCTACATTTATTTGTTTGATTAATAAAAAATTATTTTTATTACTTTAAATATTTCTCAAACCAATTTGTGATTTCTGTTAATCTTCTAATTCTATGTTTAGGTTTTCCACTTCTTGATAATTCATGATTTTCTCCTCTAAACATACAAAGTCTAGCTTCTACTCCATGATATTTTAGAGCAGTAAACATTTGTAATCCTTCGGCTAACCAACATCTGTAATCTT
NZ_CP056003.1_gap31	1162230	1166921	4691	ATAACTACAATACGAAATTTTTTATATGATGAAAAAATATTACCCATACGAAAAGTTCCTGGTGTTGAGGTTATTTGTATTGGAAATGTCAGTGTTGGAGGAACTGGAAAAACTCCAGCAGTACATTTCTTTGTAAAAAAATTATTGGCAAGAGGAAGAAAAGTTGCAGTTGTTTCTCGTGGATATAGAGGAAAAAGAAAAAGAGATCCATTACTTGTAAGTGATGGAATGGTAATTTTTGCAACGCCACAAGAAAGTGGAGACGAGTCATATTTACATGCAATTAATTTAAAAGTCCCTGTGATAGTAGGAGCAGATAGATATAAGGCTTGTATGTTTGCTAAAAAACATTTTGATATAGATACAATAGTTTTAGATGATGGTTTTCAACATAGAAAACTATATAGAGATAGAGATGTTGTCCTAATAGATGCAACTAATCCTTTTGGTGGAGGCTATGTTTTACCTCGTGGACTATTAAGAGAAGATTTTAAAAGAGCTGTAAAAAGAGCTTCTGAATTTATTATAACTAAATCAGATTTAGTAAATGAAAGAGAGCTTAAAAGAATAAAAAATTATTTTATTAAGAAATTTCATAAAGAGGTGTCTGTTGCAAAACATGGAATCAGTAAACTATGTGATTTAAAGGGAAATATGAAACCATTGTTTTGGGTAAAGGGTAAAAGACTTCTAATATTTTCAGGACTTGCTAATCCATTAAATTTTGAAAAAACTGTAATTTCATTAGCACCAGCTTATATAGAAAGATTAGATTTTAAAGATCACCATAATTTTAAACCTAAGGATATAGCATTAATTAGAAAAAAAGCTGAAAAAATGGATGCTGATTATATACTTACAACAGAAAAAGATTTAGTTAAATTGCCAGATAATTTAAATATTAGTAATTTATATGTATTGAAGATTGAATTTACAATGTTAGAAGATAACACATTAAAAGATATGAAAGGGTAATCTATGAAAAAAGATAGTAAAGTTGAGTTTTTAAGAGAAAAAAATTTAGAAAAAACTATTGAACTTATAAAAGAAAAGGGAAAATTTACAATTCTTTCTGAATATTCTTCTTTTTTTGATATGAGAACATATTTTAAAGTGAATGAAGATGGAGATATAAGTCAAAAAGCATATAATCCTATAACTTTACTTTATTTATTTTGTGATGATGAAGAAAACTTAGCTGAATATCTTTTTAAATATTCATACCCAGAAGAAAAACAAAATATCAAAAAAATTGATAGAGCAAGTAACTTAGATATAGAAACTTTAAAGAGAAATTTAATGAAAACCTTGGTCAATTCTCATTTAGATTTTTCTAAGACCTTTGCAAAAGAATTATTTTTAAGGGATAAAAAATACTTTTTTGAAACTGCATATAACTTTTCTCTAATGGGAAATCCAAAAGATTTAAAGTTATTTTTTGTTTATGCTTTGGAAGAAATTTTTTCTAAAATTAACTATGATGAAAATATCTTTTATATCATAATTGCATATTTGACTAAATTTAGAGATGATTATTCCATTTATATGGAAGTTGATGAAAATAATTTAAACTTTGATATGAAAAATTATTCTGATGATAAAAAAATTTATTTGAACATATTTGAAAAAGTTTTAAATAAATATAAATTAAAGAATGTAAATAAATTTAGAGCAAGTTTATATAAATATTTTGAAAAAGACTTTATTTTAAATCAAGACTTAAAAAATATTCTAATGGAGAAAATGATATGAAAATAGCTATCTACGGTGGAAGTTTTAACCCAATGCATATAGGACATGAAAAGATAGTTGACTATGTTTTAAAAAATTTAGATATGGATAAAATAATAATAATTCCTGTTGGTATTCCCCCACATAGAGAAAATAATTTAGAGCAGTCTAACACAAGATTAAAAATTTGTAGAGAAATTTTTAAAAATAATAAAAAAGTTGAAGTTTCAGATATTGAAATAAAAAGTGAAGGAAAATCTTATACTTATGATACCCTTTTAAAATTAATTAAAATTTATGGTAAAGATAATGAATTTTTTGAAATTATAGGAGAGGATTCATTAAAAAATTTAAAAACTTGGAAAAATTACAAGGAATTATTAAATTTATGTAAGTTTATTGTTTTTAGAAGAAAAGATGATAAAAATACTGAAATTGATAGTGAATTTTTAAATAATAAAAATATTATTATTTTAGAAAATGAATACTATAATATATCTTCAACTGAAATTAGAAATAAAGTTAAAAATAAAGAAGACATTTCAGGACTTGTAAATAAAAAAGTTAAAAAAATAATTGAAAAAGAATATATTGATTAAAAAGTTTAGAGAATTTTTTTGAGAATAAAAATCTTAAAAAAATTCTTTTTTTTATAAAAAAATATAATTCACAAAGGTAGACTATTTTAGTTCAATTTGTTATAATATATTAGAATTAATTTGATTATTTGAAAGGAGAAAAAACAGTGAGAGTAAAATGCTTTCATTTAGGAGCTTATGGAACAAATTGTTTCTTAGCTTATGATGAAAATAATATAGCTTATTTTTTTGATTGTGGAGGTAAAAATTTAAAACAATTTTATGAATATATAGAAGAACATAAATTAAATTTAAAATATATAATATTAACTCATGGACATGGAGATCATATTGAAGGATTGAATGATTTAGCTTCACATTATCCAGAAGCAAAAGTGTATATAGGAGAAGAAGATAAAGATTTTTTATATAATTCAGAACTTAGTTTATCAGCTGCAATTTTTGGAGAAATTTTTAAATTTAAAGGTGAACTTATTACAGTAAAAGAAGGAGATACAATAGGAGATTTTAAAGTTATAGATACTCCGGGACATACTATTGGTTCAAAAAGTTTCTATGATGAAAAGGATAAAATTTTAATGTCCGGGGATACATTATTTAGAAGAAGTTATGGTAGATATGATTTACCTACTGGGGATTTAAATATGTTATGTAACAGTTTACAAAAATTATCAAAATTACCTGATGAAACTATTGTTTACAATGGACATACAGATAATACTACTATTGGTGAAGAAAAAAAATTTTTAGAAAGAGTTGGAATACTATAAAAATTGAAGGAGATGATAACAATGGAAAAAATATATGATGTTATAATTGTTGGAGCTGGTCCTGCTGGATTAACAGCTGGAATATATGCAGGGAGAGGAAATTTATCAACTCTTATTTTGGAAAAAGAAGGAATAGGAAGTATGATAATGTCTCATCAAATTGATAATTATCCTGGCTTTCATATTGGAGCTTCTGGGAAAGAAATTTATGATACAATGAAAAAACAAGCTTTAGATTTTGGTTGTGAAATAAAACCTGCAACAGTTTTAGGTTTTGATCCTTATGATGAAATAAAGATTGTAAAAACAGATGCAGGAAATTTTAAAACAAAATATATTATAATAGCAACTGGATTAGGAAAAATTGGTGCTAAAAAAGTAAAAGGAGAAAACAAGTTTTTAGGTGCAGGTGTTTCCTATTGTGCAACTTGTGATGGAGCTTTTACAAAAGGAAAAGTTGTTTCATTGGTTGGAAAAGGTGATGAAATTATTGAGGAAGCCTTATTTTTAACAAGATATGCAAAAGAGGTAAATATCTTTTTAACTTCTGATGATTTAGATTGTAATGAAGAATTAAAAGAAGCTATTTTATCAAAAGAAAATGTAAAAATTACTAAAAAAGTAAAACTTTTAGAAATAAAAGGAGAAGAATTTGTAACAGGATTAGATTTAGAAATAGATGGTAATAAAGAAACAGTAGCAACTGATTTTGTTTTCTTGTATTTAGGTACAAAAAATAATATTGAATTATATGGAGAATTTGTTAATTTAAGTGAAGCAGGATATATATTAACAGATGAAACTATGAAAACAAGGACTGATAAAATGTATGCTATTGGAGATATTAGAGAAAAAGATGTAAGACAGGTTGCCACTGCTACTAATGATGGAGTTATAGCAACAACATTTATTTTGAAAGAAATACTAAAATCTAAGAAAAAATAAAATATTAATTATAGGAGTTAGCTATGAAACATTATATTGGTATTGATTTAGGTGGAACTAACACAAAAATAGGAGTAGTTGATTCAGAAGGAAACTTAATAAACAGTAAAATTATTAAAACTCATTCTCATCAAAATGTTGATAAGACACTAGAAAGAATTTGGGAAACTGCAAAAAAATTGATATTGGAAAAAGAAATTCCACTTTTTTCTGTTGTAGGAATAGGAATAGGAATACCCGGTCCTGTAAAAAACCAAAGTATAGTAGGTTTCTTTGCAAATTTTGATTGGGAAAGAAATCTAAATTTAAAAGAAAAAATGGAAAAATTAAGTGGAATTGAAACAAGAATTGAAAACGATGCTAATATTATTGCACAAGGTGAAGCTATCTTTGGAGCTGCAAAAGGAAAAAAATCTTCAATCACTATTGCAATAGGAACAGGTATAGGAGGAGGTATTTTTTACAATGGAAACCTTATTTCTGGTATGTCAGGAGTTGGTGGAGAAATAGGACATATGAAGGTAGTTAAAGATGGTAAAACTTGTGGTTGTGGTCAAAATGGTTGTTTTGAAGCCTATGCCTCAGCTAGCTCCCTTGTTAAAGAAGCAAAAGAAAGATTGAAATTAAATGAAGATAATTTACTTTT
NZ_CP056003.1_gap32	1207508	1211548	4040	TCATTATATATAATATATAAAGCTGTGATAATTATTGGAATAAAGAAAATAATAGAAATATATAATATTATTCTCAAAAAAAATTTTATTCTGTCCTTAAATTTTGCCATTATTGCTCCTAATTTTATTCTAATCTAAACTTCCCCTTAGCAATAAAATTATTTATGTATCTAGCTGTTCCTATTCTTTTATTTAACTCATTATGAGTGATAGGAATTAAAATCTTGTCCTTAGCATCTGGAAAATTGACATCTTTCATTTCAATATAACCATCATTATATTCCCCTAACCATTTTCCAAAAAATCCAGAGCTTTCTCTACCTATTATTAAGCCTACTTCTATATCTTTATCAAATTTTTTTCTATCTCTCCTAGTTTTAGCATAGATTGCAAGTGGTTTGAAAATTAAATCAATAAAAGGAAATGTTCTTTTTAATCTTCTATGTAGTGTAGAATCGTTTATTGGAGATGAGAGTAGGATAATTTTATCAACTATTCCTTTTACCTCTTCCAATTTCAAAGTTTCTCTTATTAAAACTCCACCAAAACCAAAACCTATTAAAACAATTTCGTTTTGTTTATTAATTCCCTTTTCTTTTAAAGATAATAAATATTCCTTTAAAATTTTTATTGACATTTCAATAGGAGGAAAAGTTAAAGGAAAATTTAGATTATCAACTGTATATCCCATATTCATTAAATTATTTTCTAAATCTTCCATATCTTTATAATTTCTAAAAAAACCGTGAATAAGTGCTATTCTATAATTCATGTTAAACACCTTTTTAAATATTTTAATTAAATATAGCTTCAACAAAATCTTTTGCATTAAATTCAATTAAATCTTCAATTTTTTCCCCTAAACCTATAAATTTAATTGGTTTTTTAAGTTCTTCTGAAACTGAAAAAACAATTCCACCTTTTGCTGTCCCATCAAGTTTTGTTACTATAAAACCTGTTAAGTCAGTAACTGAATTAAATTCCTTTGCTTGATTTAGTCCATTTTGTCCTGTTGTTCCATCAATAACTAATAAAGATTCATACTGTTGTTCTCCAATTTTTTTCTTAATAATATTATTGATTTTTTCAAGTTCTCTCATAAGATTTGCTTTATTATGTAATCTTCCAGCAGTATCAATTATTACAACATCAGCTTTTGTTGACTCAGCTCTACTTAAAGTATCATACACAACAGAAGCTGGATCAGCTCCTTCTCTTCCTTTTACAATATCAACATCAGCTCTTTTTGCCCATTCTTCAAGTTGTTCAACTGCTGCTGCTCTAAATGTATCCCCTGCACCTAAAAGAACTTTTTTACCAAGTTTTTTATATTTTAATGCAAGTTTACCAATAGTTGTAGTCTTTCCAACTCCATTTACACCAACAATTAAAATTACATTAATTTTATTATCTTTTAAATAAATTTTACTATCTTGTGATAATAAAAATTCAGACATCAATTTTTTTAAAACTTCATATACTTCTTCTGTATTATCAATCTTATTAGACTTAACTTCTTTTTCTAATTGATTAATTAGATTTGTTGTCATATTAAGTCCAACATCAGATTGTAATAATAAATCTTCTAATTCTTCATAAATAGAATCATCAACTTTACTTTTAGAAGTAAATATATTTTTTAATTTTGAAAAAAATCCTTCTTTACTTTTAGTAAGTCTTTGAGAAATATTAACCTTTTGATTTTCTTCTTTCTCTTCTTCAATTTCTACTTTATTTGATTCTTTTTCAATAGTTTCTTTTTCTTTATCAGCTTGTTCTTTTATTTCTTCTTTATCCTTTTTTCCAAAAAGTTTATCAAATAAGCCCATTTATCATAGCTCCTTTATTAATAGTTTTCCCAATCTATACCTTGTTCAAAAAAATTGTATGGTAGATTTGCATGAATTTCACCAGTTTTTATATTATAATTCCAACCGCCATCATTTGTTACTTTTTTAAAATTTTCAACTAAATATACTTTATTTGACTCAGTTAAATCTTTAAAAGTTGGAGTTTTGGGTAGACTGCTTTCTCTCAAATAATCTTTAAAATAGATTTTTTCTCCATCTTTTTCATAATAAATACTCTCAAGTTTTTCATCAGAATTTGCTAAAACTAAGTCAGGAAATGTCCCTGTTGCCTTATAATATTCATCTATTGCCACTCTCATAGTTTTTATATCTTTTAGTAATAATTTTGGTAGATCCACTTCTTCATTTTTAGTTCTAAACATTGAAATAAAAACAAAAATCATTAAAGCAACAATAGGTATCAATGTTAGAAAAGAAAAAGTTGAAAATCTTTCCATAAAAAAGTTTTTCTTTTTTATACTTGTTTTATTTATATTTTTCATACTATCTTCTAGGACTTATAAAGGCTTTCCTAATTGATATATCAATTTCTTCTGGTAAAGTAATTTGAATATTAAGTGGTCCTCTTTTTACTGATACCCAAGCTAAACCTTTAAATACTAGCTCCTCTCCTGTATTAATTGTTAAAGTTTTATTTACTTTTTTATGTTTATTATATTCTTCTTTACAACATTCACAAGGTATAGTAAAGAAATTTCCAGCTTCTAACTCCCTAGCCTTTTCTATTGTAGTTTCATGAAATTGCACATCTTTTGCAGCATAAATAGAAAATATAGGTTTGATCTCTTCATTGTTTAAAATTTTAAATTTAACTAGATTTCCTATCATTATCATTCTATTATACTTCGCTTTAAATGTTTTTCTTGAAATTTCTCCTGACGGAATAATTTTTTGGGCACAGTTATCACATACTAAATCAGAAGCTCTACCCTCTGGAATCAGACCAGGAGTATCATATAAACCAATATTAGTAAATGGAATCATATTTAAAGTATTTTTTATTGTCGTACCTGGATATTTTGAAACTGTTGCAATTTTTTTCCCTAAAAGTCTATTTATAACACTAGATTTTCCAACATTTGTAACACCAATAACCATAGCATTTACACCATCTGGATAAAAATGTTTGATTTTTCTAAAAATACCATTTACTCCATAACCATTTTTGGTACTAACTATTGCTATATCAAGAGGTAAAATACTTTCTTCTACGAGTCTATCCTTTACCCAGTTAGCAACTTCTGATGGATGCTTTTCATCAGGAATTAAATCTAATTTATTGACTACAACTATTGAATCTTTTTCTCTTAAAATATCCAAAATTTCAACATCAAAAGAACCTTCAAAGTCTATAATGTCAAACACTGCAATAACAAGTTTAACATCATCAAGGAGTTTTCCCACTTCATTTCTATAATCTTCTCTTGTCATTTTATTTACAGAATATTTTCCATAATGTTTTAATTGGAAACACCTTTGACAATACATATCTTCCTTAGTATTAATAGGTTTAGGAGTATATCCTTGTAAATTTTTATCAGTGTTTTGTAATTCTACACCACAACCTACACATTTTTTTGTCATAAAATCTCCTTTTTACATAAATCTTCATATATATCCAATAGTCCAATACTTTTTAAATCTAATAACTTTGCTAGATATTCCTTAGGCATACCATTCTTTAACATATATATACAAAAGGAATGTCTAAGGGTATATGGGCTAATTTCTTTCTGTAAATTAGCTTTTTCTGAATATTTACTTATTAATCTTCTAACAGAACGATCTGTCAGTCTCACATTAGAATTATTTACAAAGATAATATTTGAACTATCTCTTTCTTTAAATTTTTCTTTTTTAGCAATAAGAAATTTCAAATATACTTCTTTACAAGTTTGGCTAAAATACAAAACTTTTGAAGTTTTATTTTTTAAAAGATAAATTTCTCTTTTTTCCAAATTAAAATTTAATTCTCCCAATGAAAGTAATTCTGCCACAGTCATTCCACTTGAATATAGAAGTTCAAACATAAGTCTATCCCTAAGTATATTAAAACTTTCTTCTTTCATTGTTTCTCTTAAAAGAGCGATTTCATTATAATTTAGATATTCAATTTTTTTTTCATCATTTTTCATACCCTCTATTAAAATTTCTTTTCCTTTTTCTTTT
NZ_CP056003.1_gap33	1216909	1219218	2309	AGTAGCTGCTCCAAAAACATTTTTAATATCTTTATTGTCTTTTAAGAAGATTTTATTAGCTCTACTGTAATTGTTAAGTAGCATATACTCATTAGCTAGATAAAAAATTCTATCACTATCATAAGAATACATTTCTAAATAGGCATTTAATTCATGTTCATATCTTGCATTTAATTGTCCTACTGAACCACGCCCTGCACTTTTCATTTGTTCATCTAATTGTATTAAACTTTGTGGTCTATATTCATAAAATCCAGCAGTTGTTTTTGGTTGTTCAGGATTTTCTACTGTTTCTCCTCCATCATCAGTACCACTCTCAGTAGAAGTTGAAGTTTCTGTTTGAGTGACTGGTGTTTCATTTCTTTCAGCAGTTATTCCAGTTTCTCTTTCACTTTCTGAAAGTCCTATCACTGATATTATTAAAAATAAACTAATTAATATTTTTTTCATAAATTTTCTCCTTAACTATGCTCATTACTTTTCCATCTTTTAATATAGTTACCATCTCGTCATTGATTTCTATATCATCTAAGACATCTATTCTTTTATTTTTTACTTGACTTACAGTATACCCTCTTTTTAAAGTATTTATAGGATTTAAAACTGAAATCTTATCTATTTTTGTTTCAAAAATATTTCTTTTCTGTGATAAAAAACTTTCCATTATTTCTTTTAATTGTATTTCTTTTTCAACTATACTTTCTCTTAAATTATTTATTGTATTTGGAAAATTTTTAAGATGATAATTTTCTACTCTTAACAATAATTCTCTTTTCATATTATCAACATAAGATTTTAATAACTTAGTTATATAAATTTCCCTAGCTTTTAAATCCTCCAATAGATTTTCTTTTTCTGGAATAGAAAGCTCTATTGCTTGGGTAGGAGTTGCAGCTCTTTTATCAGCTGTTAAATCAGATAGTAAGAAATCTATTTCATGCCCTACTGCTGATATTATAGGCTTTTTTGAATTAAAAAATGCCATTGCAACTTCTTCTTCGTTAAATGCCCATAAATCTTCTATACTTCCTCCACCTCTACCTGCAATAATAAAATCTATTTCTTCAATTTTATTTAATGTTTCAATACCTTTTATAATTTCTTGTTCTGCACCAATACCTTGTACTTTTGCTGGATAAATATATATATTTATTGAATTAAATCTTTTTCTTGTTGTTTTAATAATATCTTGAAGTGCTGCTCCTGTTAAAGCTGTTACAACTCCAATATTTTTAGGAAATTTAGGTAAATCTCTTTTATGTTTTTCATCAAAATATCCAAGTTCTGATAATTTTTCTTTGACTTTTTCTAGCTTTGCATAAAGAGAACCTAAAGTATTTTGCTTTTCTATATATCTAACTAAAACTTGAAATTCTCCTCTTACTTCATAGAAACCTACATCACCAAATAATTTTATTAAATCTCCCTCTTTTAAATCCTCAGGAATTCTCTTTAATTTATAATTAAAAGCTGCACATTTAATTTGTGATTTACTATCTTTTATTGAAAAATATAGATGTCCACTTTTATAATAAGTTATGTTTGAAATCTCACCTTCAATAAAAAATTCTTGAAAATCATCAATATCATCTATATAGCTTTTTACCATTCTGTTGAATTCTGATACTGAATATATTTTTTCCACTTCATATCTCCCATTAATTTTATTAAAGATATTATAGCATTAAATTAAAAAATTTATAATAAAAAATGTAATAAAATTAGTTTGTAATAACTTAGCTTTATTACATTTATATTATTTATAAATTTTTGATTAAATTTGTCCTAACATTTTTAAAATTACTTGTGCAATGATAGCAGAACCTAAATATGTTCCTAACATTACAAATAAAGCTAAAATAAAGATTTTCCATCCTGTTTTCTTCAAAGTATCCAAATTTTTTCCAGTGTATATCCCTGCATAAGCAAGTATAGGAGTACACAATGCTAAGAAATTAACTTTTGCTGTATAATTAGAAATTAATTCTGACATAGGCATTCCTGGTATTGTCAATATAGTTGCAAGTGTAACTATGTAGGCAACACTTGGAATTTTAATAGGTATTATCTTAGACAATAAAATTCCAATAAAAGCAATTATAATTAAAATTAATATTCCTGGTACTGCTTCCAAAGGACTAACTTTAAAACCAACAAAATTTCCAACCAAAGTTAAAATTCCAGTTATAATAAGTATTAATAAATTAGATGTTAATGACATATTATTTTCCCTCCTTATTGAATTTTTTATATAGATATTCTGTTAAAGGTAATGCTATCCAAATAGACATATACACTCCATCAAGTCC
NZ_CP056003.1_gap34	1276610	1277653	1043	AATATTTAAAGTAGAGCTATAATATAGGATACTATTATAAGAATAAAAGATAAGAAGTATATAAAAATGTACAATTTAGATACAAAAAAAATTGACTTTTTATAATATATAAGATAATATATATTTGTATATTGTAAAATCATATTGGAGGTTGAAAAAATGAAAAAAGTTTGGAAATTACTTATGCTTGTATCACTTATATTCCTTTTAATTAGCTGTGGAGAAAAAAAGAAAGAGAAACCTTTGGTAATGGGATTAGTTCCAATAGCTAATTCAGAAAAATTAATTGAAGATACTGCACCATTACATAAGATGTTAGGTGATGAAATTGGTAGACCTGTTGAAGGTTTTATTGCAACAAATTATATTGGTATTGTAGAAGCATTAGGTACAGGAACTATTGATTTTGCATTAATACCACCTTTTGCATATATTTTAGCAAATAAAAAGAATGGAACAGAAGCATTACTTACAAGTATAAATAAACATGATGAACCTGGATATTATTCTGTTTTACTTGTAAGAACTGATAGTGGAATAGAAAAAGTTGAAGATTTAAAAGGTAAAAAAGTTGCCTTTGTAGACCCTTCATCAACTTCTGGATATATTTTCCCAGCAGTAATATTAATGGATCATGGAATAAATATTGAACAAGATATTACTTATCAATTTGCTGGTGGACATGATAAAGCATTACAATTACTAATAAATGGTGATGTAGATGCCATTGGAACTTATGAAAGTGCTGTTACAAAGTTTGCTAAAGAATTCCCAGAAGTAGCTGAAAAAGTTAAAGTTTTACAAAAAAGTGATTTAATTCCTGGAATAACTTTAGTTGTTTCATCTAAGGTTGATGATGCAACAAAACAAAAAATTAAAGATGCTTTCTTAAAGGTTACTTCTACAAAAGAAGGACAGGACCTAACAATAAAATTATTTGGTATAAAAGGTTTTGAAGAACCTAATATTGATAATTATAAAGTTATTGAAGATAAACTTAATAAAATGGGAATAGATATTGAAAAAATAAAATAATTTAATTA
NZ_CP056003.1_gap35	1389804	1393818	4014	AGCTAAATCTGCCATTTTCTTTTTTCTTTCAGACATAGTATCAACTTTTATAAGTTTTGTTATTCCTTCATGAGCAACTTCTCTTTCTGATAAGAAATGAGTTATAATTCCTGTAACCTTTCCTCCATTTTCAAGAACAGAATCAGCAATCAATCCCATTAAACCTGATTTTCCTCCACCATATACTAGATTATAGTTATTCTTTCCTATCCATTCTCCAAGTTTTTTAGTTACTTCTTGGTATCTTTCATCATTTCCAAAAGAAGCACCACAATAAACTGTAACATTTTTCTTTCTCATCTATTCCCTCCATTTAATAAAATTCTATTTTTACATTATAACTGACTAAAAAAATAAAAGCAAACTAAAACATATTTGGTAATAAACCTAAAACTGAAAATATCAATGTATATTTTATATTCTGCATTACTTCCTTAGAAGTTTTATCTTTATATTTATACTTATTATCAAATATTCTTAAAATAATAGCAATGATATTTATACTTATATATGCATAAGTAAAAGCAATAATATCTGTTTTATCATAAGTTCCTATTGGTGTTCCATGTCCTCCATAGTATTTTTGGATAAATTCTCCACCTACAACAAAAAGATATATGAATAAAAACCAAAAAAAATGAAGAAGGTATTTTTTTCTAGCAATTAAAAAAACTGCTCCTGTTGAAAAAAGCCATAATCCATCTGGAAGTGAATATATTACCCAAGTTGGAAATAATTTTCTATATAAAGTTGCTGCCTCTCTTGCTAGAAGAACATATCCATTTATATTTAAAAAATGTATAAAGTTAAAGTAAAAAAGGTTTTTACTTCTATACAAAAGATATATTATAACTCCTAAAAGCAGAGGTAAAAATACTAATAAAAATTTAATCTTTTTCATTTTATTGCCTCACTTATTTATTTAGTAATAGGTTATAGCTTTATTAAAAAAATGTCAATAAAAAATTAATTTTAATTAATATAAACTTTTATTTTTTGTGCTATAATTTAAAATAGTTATGATTTTATAAAGTGGAATTTTCAATAAAAGGTGGTTTATATGAATAGTAAGTTAAATGGAATTATTTTATGTTTAATCCTTGCTTTACCTGCTTGGAAGTTAGGTAAAGAATTTCCAGTTGTTGGTGGACCAGTATTTGGAATTATTATTGGAGTTATTGTTGCTCTTATATTAAAAAATAGAGCCAAATTTGATACAGGAATAAGTTTTGTTTCTAAAAAAGTTTTACAATATGCTGTTATTCTTTTAGGCTTTGGTTTAAATTTACAAACAGTTATTTCAGTAGGAAGTAGCTCTTTACCAATAATCATTTCTACCATCAGTACATCATTGATAGTTGCCTATATTTTAGCAAAAGTTATAAATATTCCCACTAAGATTGCAACTCTTATAGGCGTAGGTTCTTCTATATGTGGAGGCTCTGCTATTGCAGCAACTGCACCAGTTATAGATGCACATGATGATGAAATTGCTCAAGCTATATCTGTAATTTTTTTATTTAATGTTATTGCAGCATTAATTTTTCCAACTCTTGGAGATATATTAAACTTTTCTAATAAAGGTTTTGCACTTTTTGCAGGTACTGCTGTGAATGACACATCATCTGTTACAGCAGCGGCTTCAGCTTGGGATAGTATACACAATACAGGAACACAAGTTTTAGATTCTGCTACAATAGTAAAACTTACAAGAACACTTGCTATAATACCAATCACTTTATTTTTAGCAGTTTATAATTCTAAAAAAAATTCAAATACTAAAAATTTTTCATTGAAAAAAATCTTTCCAATGTTTATAGTATATTTTATTTTAGCCTCAATTATTACCACAATTTGTAATTATTTTATAGAAATTGGAGTTATTACTGAAAATATTTCTATGATAATAAATAATATTTTTTCTTTCTTAAAACATTTAAGTAAATTTTTTATAATTATGGCTATGGTTGCTATCGGTTTAAACACTAATATAAAAAAACTTATACTTTCTGGTGCAAAACCTTTGACACTTGGTTTTTGTTGCTGGCTTGCAATTAGTTTAGTTAGTATAGGTTTACAAAAAATTCTTGGAATATTCTAGGTAGGAGATTTTTATATGAACTCTACAAATATAATTAATTTAATACTGACAATAATTATAGCAATTTTAGGTGGATATTTAGCTGATAAAAAGAAAGTTCCTGCTGCATATATGTTAGGAGCCTTATTTTTGGTCGCTATTTTTAATGTGCTTTTTAACAGAGCTTTTTTTCCAACTTATTTTAAATTTATAACTCAAATTGCAACTGGAACATTTATAGGTTCTAAATTTCGTTCAGAAGATGTAAAAATGTTAAAAAAGGTTATTGTCCCAGGAATGACCATGGTTGTATTGATGATAGCTTTTAGTTTTTTACTTTCATATTTAATGTCAACCTTTTTAGGAATAGATAGTCTTACTTCCTTTTTTGCAACTGCCCCTGGTGGTATTATGGATATTTCTCTTATTGCCTATGATTTTAAGGCAAATACCTCACAGGTTGCATTATTGCAACTTATTAGATTGATTTCAGTTATTGCTTTTGTTCCATTTTTTACAAAAAAATGTTATGAAAGAAATAATAAAAAAAATGTCAGTTTTGAACAAGAAATAAAAAATGAAATTAAAGAAGAAGAAAAAATTGAAAATAAAAATGAAAAATCTTTACTTTTTACTATTATTATTGGAATAATTGGAGGAGTAATAGGTTATTTTACTCATTTACCTGCTGGAACTATGAGTTGTTCTATGGCTTTGGTTGCATATTTCAATGTAAAAACTCATAGAGCATATATGCCTTTAACACTTAGAAAAATTATTCAATCTTTTGGAGGAGCTTTAATCGGAGCTAAGGTTACATTATCTGACATGATTGCTTTAAAAGATTTAGTTTTACCTATTATTTTAATAATTATTGGATTTTGCTTGATGAATGTTTTAGTAGGTTTCTTTTTGTATAAAACAACTAAGTTTTCTTTATCCACTGCTTTACTTTCTGCTTCCCCCGGTGGAATGTCAGATATTTCTTTAATGGCAGAAGATTTAGGTGCAAATGGTCCACAGGTTGCTTCTATGCAATTTTTAAGAGCTATATTTATTGTTGGAGTCTATCCAATTATAATTAAAATTTTATTTACTTAAAAAAAAGCCCTCTTAAATAGAAGAGGACTTTTGTCTCATTTAAAGTAATTACTATTTAATAATGACAATATTTGAAGCTTGAGGACCTTTTTGTCCTTCAGTAATTTCAAATTCTACTTCTTGTCCTTCAAATAATTCTTTAAATCCTTCTTTTTGAATTTGAGAGAAGTGTGCAAAAACATCTTTTCCATCTTCTCCTGTGATAAACCCAAATCCTTTTTCTTTGTTAAACCATTTTACAGTACCTTTCATCTGTAATACCTCCATAAATAAAAATTGTTGAATGATGAAGTAACTAACTAACATAAATGAATATATCTATAAAAGCATATAGAAATTTAATATTAGAAAATGGAACTAATAAAGAATCATTTATCACAATACTAAAAAAATAATTCACAGGTAATAAAGTTACATCTCATTTTCAAAGCTATTATACTATAAAAATTTTAAAATGTATACTATTTTTTTTATTTTTTTTTAAAATTTAAACAGTTCTTTTAAAAAATAAAAATGTGAGTTTTAATAATTATTTTATAATAGCTCTTTTTTTATTTTTTTTAATTTCTGGTTTTTATTTTTTAAAAATAATGTTAAATATATTTTCTATTATATATCAATATAAAATCAGATAATAAAAGCCCACCTAATTTTTATGATGAGCTTCTTTTAATAATAATATTTCAAAATAAAAGTACCCAATAAATGAGTGCCTTTATCCTAGACTTAATTTAATAGTTAATTTTATTTATGAGTCTCTATAAGAAATAAATTTTATTCTTCATAATGTCCTTTACAGGATATAATAATAACTATTTCATTTACAATATCAT
NZ_CP056003.1_gap36	1513949	1514816	867	CTTTGTAAAAAAAATGGAATACATACTGCTCTTGATACTTCTGGTTATATTTTTAATGAGCAAGCCAAAAAAGTTTTAGAATATACAGATTTAGTTTTATTGGATATAAAACATATTGATAAAGATATGTATAAAAAACTTACATCTGTTGATTTAGAACCTACTCTTAAATTTATAAAATATCTACAAGAAATTAACAAACCTACTTGGATAAGATATGTCCTTGTCCCTGGTTATACTGATGATATAAAAGACTTAAATGATTGGGCAGAATTTGTCTCACAATTTGATGTTGTTAAAAGAGTGGATATTCTGCCATTTCACCAAATGGCTATATATAAATGGGAAAAAACTAATAGAGAATATAAGCTAAAAGATACACCAACTCCTAATAAAGAGCAAATTCAAAGAGCAGAAGAAATTTTTAAAAAATATAATTTACCTTTGTATAAAGAAAGAAGCTAGGATAATTCCTAGCTCTTTTTAGTTGTAAAATAAACCACTTGCTATGCGAGTGGTTCATAAAAGCCAGAAGGCTATGATGCGATATAAGTTCTCCTTTGATATAATAAAGAAGGTCTGCCAAAACCAACTTAAAAATATCAAAGGAGGTCCTTATGGACAAAAATAGTTTAACACATACAAAGTGGAATTGTAAATATCACATAGTATTCACACCAAAATATAGAAGGCAAGCAATATATGGAAAGATAAAAAAAGATATAGGAGCAATATTAAGAAAACTTTGTGAATTCAAAGGTGTAGAAATAATAGAAGCAAGTGCATGTATAGATCATATTCATATGTTAGTGAGCATACCACCAAAGATATCAGTATCAACATTTATGGGATATTTAAAAGGAAAGA
NZ_CP056003.1_gap37	1516282	1520327	4045	TGTTGCCATAGCTCTTGCAATTTCTAACTTTCTTTGTTCTCCATAAGGTAAATTTCCCGCATGCATTCCTGCATATTTATCTAAGTCAAATATTTTTAAAAGAGCCATTGCCTTTTCTTTTGCTTCCTTTTCTTCTCTCCAATAACTTGGTAAACGAAGCATGCCTGCTAAAATTCCATATTTCATACGGAAATTATATGCAGCAACTACATTATCTAAAACTGTTAGATACTTAAATAATCTAATATTTTGAAAAGTACGGGCTAAACCTTTTTTTACAAGAGCAGAAGTTGAAGTTTTAATAACATTTTCTCCATCCAGTGTATATTCTCCTGAACTTGCATTATACACACCTGTCAAAATATTAAATACTGTTGTTTTTCCTGCACCATTAGGTCCTATTAAGCCTATTAACTCTCCTGAATTTATTTCTAAATTAAAATTATCTACTGCTTTTAAAGCTCCAAAACTAATTGATATATCTTTTGCAACTAAAAGAGGTTTTTTATTTTCCATTTTCTTCACCTCTTTTTTTAGTGAAATATGAAATCACTTTACTTATTTGAAATTCTTTTCTACCAAGCAATCCTTGTGGTCTAAATAACATCATAATTATTAAAATCAAAGGATAGACTATCATTCTATATTCTGCAAAACTTCTTAAAACTTCTGGTAAAATAGTAAGAACTATTGCTGATAATATTGAACCTGTGAAACTTCCCATTCCTCCAAGTACAACCATAACAAGTATATTTATTGAATAGTTATAGTCAAATTGTTTTGCTCCTAAAATTCCTAAATTATGTGCATAAATTCCACCTGCTATACCTGCAAATATTGCTGATAATACAAAGGCAAAAGTTTTATAATAAGTTGTATTTATTCCAGAAGCTCCACTTGCTATTTCGTCTTCACGTATGGCCAAGACTGCTCTACCATGTCTGCTTGTCATAATTGAATACATAAATATAACTGAAAATATTGTTATAACATATATTAATGTAAAATTATTTACTCTTGGTATACCAGTTAATCCTTGTGCTCCACCAGTAAATTTAAAATATTCAATCAACACTCTTATAATTTCTCCAAAAGCCAAAGTTATAATTGCAAGATAATCTCCTGTAAGTCTTAAAGCAGGTATACCTATTATAAACCCAATTACTCCTGCTACAAGTCCTCCTATTATTAAAGCCACAATATAACCTGGATAACCTGAAAGAAAACCAGATTTTGTTAAAAGTGCTGCTGTATATGCTCCTATTGACATAAAACCTGCATGTCCCAAAGTTATTTGTCCCAAACAACCAACTGTTATATTTAAACTAGCTGCTAAAATTATATTTATTAAAATCAAAATTAAAATTCCAACTTGATATCTACTTATGAAACCTGAACTTATCAAAGAGAATAATATAAAATATAGGACTATTAAAAGTACATAAGTAATTGTATAACTTAATTTTTTATTTTTATCCATTTTATACTTTCTCCTTTACATTTTTTCCAAGTATTCCAGTAGGTTTAAATAATAAAACTATAATTAATATTGAAAATACAAAAGCATCTGCTAGTTGTGATGATAAATATGCTCTTGTTAGACTTTCAACAATTCCTAATATGAAACCTCCTATTACAGCTCCTGGTAGTATTCCAATTCCTCCTAAAACTGCTGCAACAAAGGCTTTTATTCCAAGCATTGAACCCATTAAAGGTTGTATTTGTGGATAAGCTGAAACATATAACACAGAACCAACTGCTGCAAGTCCACTACCTATTGCAAATGTTAATTGTATTGTTCTATCTACATTTATTCCAACCAATTCAGAAGCTGCATAATCTTGACTCGTTGCTATCATAGCTTTTCCATATTTTGTCTTTTTCATAAATAATTGTAAACCTATTGATAATATTAAAGTTACAACTATTGTTACGACAGCTCCAAAGTTAATATGAATATTAGCTCCAAAAGATATTGGAGCTTGATTAAAAATCTTAGGAAATGACCTTGTATTTGGAGTAAATATTTTCATAAATAAATTTTCTAAAAATAAACTAACTCCAATAGCAGTTATCAAATTTGAAATCCTTGGTGAATTTCTAAGTGGTCTATATGCAATTCTTTCAGTTAAGCAACCTACAATAGCACAAATAATTATTGCTGGGATAACTGTTACCCAAACTGGCAATCCCAATGATGTAAATAAAGGAATAGAGAAAAGTGATGTATAAGCCCCTATCATTATAATATCACCATGTGCAAAATTTATAAGTTGTGCTATACCATATACCATTGTATATCCCAAAGACACTAAGGCATAAATACTTCCTATCTGTAAACCATTAATTATTTGAAGTAAAAACTCCATTTTTATCCTCCAATTATTTAGATACTACTGAATCAAATGTGTAATCCCCATTTACTATTTTAATTATAGTTATACTCTTTACAGGATTATTTTTTTCATCAAAAGTTAATTTTCCTGTAATTCCTTCAAATTGAATTTCCTTTATAGCCTTAGTTACTGCTTCTTTATCAGTAGTTCCTGCTTTTTCTATTGCTGCTTTTAAAAGATATGCTGTATCGTAACTTAAAGCAGAGAATGCAGATGGTTCATCATTATATTTTTCTTTGTAGTTTTTAATAAAGTTTTGTATTTTTTCATTGCTATCTTTTGTTGAATAGTGATTAGCAAAATATACATTTTCTATTGCTGCATAAGAAGATGGATCTACTGTTTTAACAACTCCATCCCAACCATCTGAACCAACTATAACTGATTTTAATCCAACTTCTCTTGCTTGTATAGCAATTAATCCATCTTGTTCATAGTAATCTGGTATAAATAATACATCTGGATTTTGTTGAGCAATCTTAGTAAGTTGAGCTCTAAAATCTTTATCCCCATCTGAATATCCTTCTTTCGCTACAACTTGAATTCCTTGATTTTCTGCTTCTTTAATAAAAGCATTTGCAACTCCATCTGAATAGTCACTTGAATTATTAGACATAACAGCTACTGTTTTTGCTCCTAATTTATCTTTTGTAAATTTTGCTAAAACCTCTCCTTGATATGGATCTGTAAAACATACTCTAAATACATTAGAACCTGCTTCTGTTATATTAAGTTGTGTTCCAGTTGGTGTTATCATTGGAATTCCATCTTGTGCTGCAACTTCTGAAACTGCAACAGTTGGTTTTGAAGTAATATCTCCAACTAATGCAACCATTCCCCAATCAACAAGTTTATTGTAAGCATTTACTGCTTCTGTTGAATCTCCTTTTTCATCTAATAGATTTAATTCAACTTGTTTTCCAAGTATTCCACCATTTGCATTTATTTCATCAATAGCTAATTTTAATCCATTAGTTGCTGATATTCCATAGATAGCAACTGGTCCAGTTAATGGTCCCATAGCTCCAATTTTTATTGTTTCAGCCTCTGCTGGTTTTTCTTCTGTCTTTTCTCCTCCACAAGCTACTAATAAAAGTGAAGCTCCTAATAATGCAGTTAAAAATTTCTTTTTCATATTTTTTTCCTCCCAAAAAATTGTTTTTTAATATTTAAGGCATACTATACCAAAAAAAAGAAAAAAAGTAAAGTATTTTTTTAATATTTTTGTATTAATAAAAAAGACAGTTTATTTAAACTGCCTTTTTGTTATTTATTTACTTAATTTTTCAACTATTTTTATTTCACTGAAAAATATGGTGCATTGTAACCTTATTTTTCACTAAAACTATTTTTCTTTATAAATATGTATAGCATTAGCCTGATGTAATGGTGTTATAGATAAATCCGTAATTTGTATTTTTTCAGGCAAATTAACAATATAAGCTACTGTATCTGCTATATCTTCTGCATATAAAGGATCTATTCCTTTATATACATTGTCAGCTTTTTCTTTATCTCCTCTAAATCTAACTAAACTAAATCCTGTATCAACAAGCCCAGGTTTTATATTAGTAACTTTTATTTTTTTATCTATAAGTTCTGATCTCATAGCATCACTTATTGCTCTCACTGCAAATTTAGTTGCACAG
NZ_CP056003.1_gap38	1529994	1533318	3324	AAGTGGTGAACATCTTTTCAACAGCTGATTTAGCATTTATTTCTTTATTGTCTTTTGAAAGTAAAAAAACAATATTTTCTATTGTATTCCTTCCTAGATAATTAATTAGAGTATGATTTTTTATTAGTATTACTTCAAAGAGAGAAAGTGAATTTACTATTATCTGCTCAATACTATCCTCAATACTATTACTAAAAACTTGTAATAACCAAATTCCTCTTTGAATTAATTTTAAAAAGCTATTAGTATCTTCATCAAATATTTGCTTTTTATATTTCTTTTTCAATAATATAAAAAGTTGCTGATAATCTTCTTCCAATTTTTTATTTACTGAATCCATATTTTAGTCTCCTTTTTTAAAATTTTTTATAAAAACTATCCCATGTTTCAGAATCAATTTTTTTTCCTTCTATTTGATAGCTTAATAACTTATACATTGTATTAAGAAGATCATTTATTTCTAAATCATTTATATTATCAAAAAAATATTTTATTGATTTTCCAAGGATTAAAGGTCGTGACTTTTTTACATATTCTGCAAATTTTATATTAAATTCTTTTTCTAAAATATAAGCTATATCTGAATTTTTTTTAATTAACTTCTTATTAGAAAAGTAATTTTGAAAAGTTCCTAAAAAAAATATAAAATCTTCTAACTTCTTAATTTTTCTTTCTGTTTTTTCATTGAGTCCTTCTAACATTTTTAAAAATTCTTCTTTCATTCTCATTTTTCTTCCTCCAATCTTTTTAGAAACTCTTTTGCTAATTCTTTAGTACATTTTTTTAATCCATCTGTTTTTATAAAAAATTCAGGACTATAATCATCTATTTTAATAATTTTCATTGGAATTATTGTTTCAAAAAAATCTTGTGAATATTTTTCTCTAATATCTTTTAATAAGTTTTTATCTTGTTTTTCTCTATACATATTACATATAATTCCTAATAACTCAACCTTTGTATGTTGATTTTTCTGATTATGTTTTTCAATAGCTTTTTTCATCATTGAAATTCCTAATTTTGAGAAAAAATCAGTTTTTACAACTAAAATATAATAATTAGTTGCTAATAATGCTGCTGTTGTATAAATTGAACTTGTAGGTGGACAATCAATAAATATAAAATCATATTTTTGAACTATTTTCTGCTCTTTAAAATAGTTTACTAAAACACTACTTATATCTGAGCTTCCTAGTAAGGCTAAAGTTGTCATTTCAAAATTCCCTACAATCATATCTAAATTTTCTTCTTTTGCTACTATAATATCATTGATATTACTTTTCTTTTGACTTAAATTTTTTTTATTACTTACTCCATCAATAACATTACATTCAGTACTTTCAGCTTGAAAAATTTTAAATAATTCATAAATGGTTTTCTTTTTTTCAAAAAATTCCTTATCATAAATTTCTTTCTTAAATAAATATTGTGTTGCATTCATTTGAGGATCCATATCTACAATTAAAATCTTCTTCTTATATTTTTTGGCTAATATAACAGCTAAATTAACACATAAACTTGTTTTTCCAACCCCTCCTTTCATGTTCATAAAAGAAATAATTTTTCCATCTTTTTTCTTTCCCTTTTCCATATTCTCTCACCCTTTTAAGATAGAATATAATTTTATTATATATTGTATTCTAATAAAAATATATTGTCAATAATAAAACATAAATATATTTCAATTTTATCTTCTCTTGTTAGTTTACTCACAAAAAAACTGCACCTCCAATCTTGTGTCCAAGATTTTAGGTGCAGTACATAATAGCCATATTTTTTATTCTATACAAAACTATTTCTTTTTAAATTCTTCAAACTTAGCCCATACTCCAGCTTTAACTAAAATTGATTTTACAGTTCTTGTAGGTTGAGCTCCATTTTTTAAGAATTTTAAGATTTCTTCTTCTTTTAATACTACTCTTGAATCTTCTAATGGAAAATAATTACCTAAATAAGCTATTGCTCCTCCATCTCTTTTAGATAATGCTTCCATAGCTACTAATCTATAAGAAGGTCTCTTTTTATCCCCTAATCTTGTAAGTCTTAATTTTAACATTCTTTCACATCTCCTTTAATTTATATATAATTTATTAATAACTATTTTAAAATGGAAATTTTCCACCTTTTCCCATAAGCCCCATAGGCATTTTACCTGAACTAAACATCTTCATCATAGATTTCATTTGATCAAATTGTTTAAGTAGTTTATTTACATCTGACACTTCTGTCCCACTACCTTTTGCAATTCTTATTTTTCTACTTGCTTTTAAAATATCAGGTTTCTTTCTCTCTTCTTTTGTCATAGACTGAATAATAGCTTCAACTTTTTTCATCTCTTTTTCAGCAGGAGCCAAATCATCTATCTTTGGCATACCTGGTATCAATTTTAATATTCCACCAAGTGAACCTAATCTTTTTATCGTTTGTAATTGCTTTAAAAAATCATTTAAATCAAATTTTTGAGACTTTATTTTTTCTTCCAAAGATTTTGCTTCATTCTCATCTATCACCTCTTGTGCTTTTTCAACAAGTGAAACAACATCTCCCATTCCTAATATTCTTGATACTAATCTATCTGGGTGAAAAATTTCAATATCATTAAGTTTTTCTCCAACTCCAATAAATTTTATTGGTTTTCCTACAACAGCCTTTATAGATAGGGCTGCTCCTCCACGGGTATCTCCGTCTAGCTTAGTTAAAATAACTCCATCAACACTTAAAGCATTGTTAAAAGATTCTGCTAGATTAACTGCATCCTGCCCTATCATAGCATCTACAACAAGTAAAATTTCTTGTGGTTTAATAGCTTTTTTTAGCTCTTTTAATTCTTCCATAAGGATTTCATCTACATGTAATCTACCAGCTGTATCCACTATCATATAAGTTGCGTTAATTTCTTTTGCTTTTTCTATTGCTCTTGTTGCGATTCCAACAACATCCTTACTATTTTCCTCTGAATAGACATCTACTCCTATTTGCTGCCCTAAAACTTGTAATTGTTTTATAGCAGCAGGTCTGTATACATCTACTCCTACCAATAATAACTTTTCATTTTGCTTTTTTAAAAACTTAGCAAGTTTTGCAGCAAAAGTTGTCTTTCCTGCTCCTTGTAACCCAGCTAACATAATTATTGTTGGATTTCTAAGCCCTTTTGTCAATTTTGAGCTAGTTCCTCCTAACAACTCAACAAGTTCATCATTTACTAATTTTATAAATTGTTGTGCTGGATTAACACCTCTAATAACTTCTGTCCCTATTGCTTTTTCACTAATTTTATTAGTAAAATCTTTAACTACCTTATAGTTTACATCAGCTTCTAAAAGT
NZ_CP056003.1_gap39	1594705	1597837	3132	TGTCTATCCTAAATTCAACAAGTTTTAATCTTCCATCTAAAAAATTTTCAACATTTAATGCTTCTGGAAAATCTATATTCTGTTTTATATTTTTTGCTGCTTCTAATTCTGGATTTATAACCAAATCTATTCCCAAAGACTCAGTCATAAAATTAAGTTGTGATGAATAATCTGTACTTCTAACTCTAGCAATAGTATACTTTACTCCTAATTTTTTAGCTATAACTGATGATATTATATTTATTTCATCTTTTTCAGTAACAGCTATAAACACATCAGCCTTTGGGACTTCTGCTTCCATTTGTACATCATAGCTCACTCCACTTCCAACAAATCCCATAATATCATTATTGGCTAAAATTTTTTCAAGTATTTTTGCATCTTGTTCTATAAGAATTATGTCATTTCCCTCTAATGATAAATCACGACAAAGAAGCTCTCCAACTTTTCCTGCCCCTACAATTACTATTTTCATTTTACCCCTATCCTATTTTTTGTATACATAAGCTATAAATTCTTCATAATCTTTTTTATCTACTATTTTATATCCATAATCTTCTACATTTGGAAAATATAATGGCTCAACTGCTTTTTTAACTTCTACACTATCTTTTATTTTTGAAAGAAAAATTTCATCAATCTCAAAATTGTCTAAGAAATATTTATATATACTATATCCTCCTGCAATAAAAATAGTCTTATTCTGTAAAGTTAAATCTTCTATTAATTTAGGTACATTCATATTTCTATGAAGAACTATTACTTCTCTATTTTTTTTCATAAGCTCAATAGGAACATATTTTGCAGTTGTTCCTCCAAATAAAACTGTATTCCCAATAGTTTTATTTTTAAAATAAATAAGCTCTTCTTTTATATGCCATAACATACCATTACTATTTTCATCAGGAGTTCTGTCTCCAATTAAATTATCTTTTCCCACACAAACTATTAATTTTAAATTTTTATAGTATTTCTTTCCCATTAAATAGCCACCTCATAGCTAACTTTTTCTCCATACCTGTAATTAATTATTTCTATATCATCAGGTTTAAAATCAAATATTGATTTAAAATTATTTATTTTTATTTTTGCAGGCTCAAATGTTTCTCTATTGACTTGTTCTATCAATTTATCATAATGCCTATCATAGATGTGCATATTATGAATATTCCAAATTATTTCTGCTGGTTCAAGTCCACATTCAAGTGCTACTAATTTATGTAAAACTGAATATTGAAACACATTAGCAACTAAACCTAGGGCTACATCACAACTTCTTTGTCTAACTTCTAAATATAATTTATTCCCAATTACTGACCATTGTGTTAAATGTACACAAGGTGTCAATGCCATTTCTGAAAGCTCATTAGGTATCCAAATTTCTGTCATAATTCTTCTGCTATTAGGATTATTTTTAAGTTCATTTATAACATAATGAAGTTGGGATTTTTGCCCAAAAGTTTCTTGAGCTATTTGATAACCATAAGCCTTACCAATAGTACCATCTTGCATTTTCCATTCATCCCAAAATTTACAACCTAATTTATCTAAAACATCTACATTATTTGATTGTAATATCCATATCCAATATAGTTCTCTTATTGGTGCTTTACTTGGTGCAAACCTTGAAGTTATTAGGTGTGCTTCATCATCTGAGTTGTCAAGTCTAAATTGATAACCTATATAACTTTTATAATGTGCAGCTGTGCCATCTGCATATTTTGTTCTGACATTTCCTTTACTCCAAATCCCTTTTTCTGCTATTGTATCAACTATATCTTTATATATCTTATCAAACCTAGCTTTCATTTTCCTTCTCCTATTCTTTATATTTTTATATCATTATATCACATAAGTATTTAAAAATTAGGTAATTTTTGAGAAATTATTTTGATAGCTAAATACATTACATAGAAATCAACAAACAAAAAAATAAAATTAATTATAAAATTTTTTATATCTATTTTCTTTTTATAAAAATCATAAATTAGAACTATAAAATATATTAAAGATAATAAAATTATTGGTATTTTTAAAGAAATAAAGGTAATGCAAGAAATAATAATCATCGTTATTTCTAAAATTTTCAATAATTTTACATACTTTAAATTTTCTATTTTGAAAAATAATTTTAAAATACAGATTTCAAAAAATGTAAATAACCCTCCTATTGTTGTTATTAGTAATAGAACTGTAAAAATAAATTTTATCATTTTATCACCTCATAATATTTAAATACTTGGAAGATTACTCAAAATTAATACCATTATCAAATATATTAATACTATGTCAATAAAGAAATATAAAAAATAAATTATAAAATCTTTTTTAGTAATTTTCTTTTTCCAAAAATCATATATTAAAATTCCAAAATATATGATTATAGAGAGTGAGTAATAAAAATAAGAGAAATTTTCTATATCTATATATAAATAAAAATCTATTGAAATAATTGTTAAAACAACATAAAAGAATTCTAAAAATTTTAATAATTTTATATATTTAAAAGTAGTAACTTTCATACTACTAATAACAGCTACTTCAAAAATAATTAATATAGCCCATAATATAAATAAAATACCTAAAATATCCATTAGTCCCCCTTATTACTAAAATCAAAAAAATATTTTAGCACTTACTAATGTAGACAAAAGCATCAATATAATATCTACAAAATAAAATACAAAGTTTATTGTAAACTCATTTCCATCTATTTTCCCTTTAAAAACATCGTAAATTAAAATTCCAAGATATGTTAGAGATAAGAAAAAAAACACTAAAAATGCCATTCCAATTACTTCTCTAACTCCTTGTGAAATAATAAGAGCAATAAAAGGGGTGATTACTTCAAATATTTTTAACAGTTTTATATACTTCATAGTTTTTATAGTTAAGACTTTTTTGACAAAAAATATCTCTAAAAAAGTTAATATTATAGGTAATATAGAAAATGAAAGTAAGAATAATAAAATCATAATTGCTCCCTTCTGAATTTTTATTTTTAACTCATATATATTTACAAAATCGCACAAAAGTAACTATTGTGATAACACTACTGATAAAGAATCCTCAACTTTATAAAGAATCAAAATTGCTAACACTATATCAACAATATAGTATATTATGCTTATT
NZ_CP056003.1_gap40	1614791	1615755	964	ACTAATGAAATTAAACCTACAACTATATTTAGATATATATTTTTATATTTTATTAATAGTGCTGTAACAATTCCTAAAAGAAATGCAAAAATTGCTAGATAATTGATTACATCTATATAAAATTTTAGCATATTTCCCTCCTATTCTTTTAATAAACTTTCTTACTCCTTATCATACTCAATTATTAAATATTTTTCAAGTTAATTATTTGTAAATTATGGAGAAATATTTTGAATTAGAATTTATTTTATTAATTAATTTTTTTATATTTATTTTTATAGTTTATTTAATTATAATATAATTAAAATAAATATCTATTTAAGAATAGGAAATTTTTATAAAAAAGGGAGAAGGTTAATACAATAGGATTATATCCTACCATATTAACCTTCTTTTGAGAAATAATAATCTATATACACTAGGGTTAGTGCTTTATTAATTTATATGAAGTTAGAATATAACTCTTAGTCCTACTCCACCTCTAACATTATGTCCTTTTGTATCATAACCTACATTTGCATTTACTCCTATTCTTTGGTTATCCAATCCAATAGTAAAGTCTGTTTTTATATTTCCTCTTCTGTCTTCTTTCTCTCCTCTTAAATTATACCAATCTGCAGTTGTTCCTACTACTCTTGCTTTATTTTTTCCATTAGCAACTTTTCCTAACTCATTTTCATAAGCTACTCCAACTAATGTAGTTAATGATTTAGTTCCAAAGTAATGTTTGTAAGATAATTCTGTTCCTATTTCTGGTTTTATTGACAAGTAATCATTTTGTTTTATTTCTAATTTTATTTCTCCAGATTTTTCTCTTATCTTAGACATTCTTCCATATTCAACTTTTAATGCTCCATAAGGTCTTATTGAGAATCCTTCACTCAATCTAAATTCTTTCCCTATTTCATTTTTAACTCCTATTCCATAAGTATAATATTTAGATTTTGCATTAAATATTTCATTT
NZ_CP056003.1_gap41	1620285	1621912	1627	CTTTTTTTACCTATTACTTCTATTGTTCCTTTATTAACTAAATTTCCATATTTTCCATTTAGCATATTAAAATGAATTAAAGATCCGTCTGTTTTTTGTAATAATTTAGTATTTTCTCCTATGGTTAAAGTTGTTATTTTATTAGGTGCAGAAGCTCCAATAGAAAAATCATCTCCTTCTATTGAAATAGCACTTCTGTTATTTGAATAATTTGTTCCACCTACTGTAATTTTAGCATTATCAATACTAAAATCATTATGTCCCATAACATAACTAATAATTGAAGAATAATTTTTATAAGAAAATTTATCAGAAGTAATATTTGAACTTAGTAAATTTACAATTGAGCTTGTAAAATTCACTCCATGAGTTTTATAATTCATTGTACTATTTTCTTCATCAATTGCTTTGTTAGCTCCTACAGTCTTAATTTTTCCATCAAAAGTAATATCTATTTTACCATTAGAAATATTTACATTTTGTATTGGAGCAATACTCTTATCATTTGCCTGTGGTACTGTTATTACTCTTGAAGTTAAATTTTTACTATTAAGTATTGATGCTCCAAGAACAGGAGTGTATGTTGCATCACCACTAAAAGTTTTTACTACCAATACTTTTTCATTTGGTGCTTCAAAATCTGGAAGTGGAGGTATTCTAAAATTCAAATTATGATTTATTCTTACAGTTAATGGTTCCATTTTCTTTGGTTGCCTTGGTTTTACACCTGCTGACACTTCCACTTCTATTATTGGTTCTTCTGCTAACTGCAAATCAGTTGTCCCAAAGTGAGAAGAATCTCCTCCATTTAGATTAGCACTTGCCTGTGTAGAATCATTTCCTGTTATTAAACTTGAATAATCTGTGCTTGTTCTGTGTATACTTCTTTGAAAGATATCATCACTTCTAGTAAATATTCCTTCATAATTTGGTTTATCCCCTCTTCCTTTATATGGAGCTCCCCAATGTTCATACATATAGTTTATTCCAAATTGCCAAGATGACCAAGGCGACTTTACTACTTGATCTCCTTGTTCCATTAATTGAATAAGCTCAAGTCTTGCTCCTTTTAATTGCTCTTCATTTTCTGCTTTGGCTTTTTGTAATTTTATTTGTAAATTTTCTACTGAGCCTCTAAGTAAATTTTTTGAAGTAGTAATTTCTTCCCTTGTTTGTACTGAATTTATCTCTTCTGAAAATGCACTTACTCCTAGCATTAAAAAAAGAATTGCCATGCCTAATGAATACTTTATAGACTTAAATCTTTTTGCTATGGAACGTAAATTTTTTTCTACATTATACAGATTGTTATTCATATAAATCTTCCCCTTTACAAATAATATTTTTAGTTGTACAATATTTATTATAAATTTATTTTTATAAAATTTTTATTATATTTTCTATCTTTTATTTTAAATATTTTTTCAAACGCACTACTTTTCTATTTTAACGCCCCCCCCCCCCATTTTGTCAAGTACTTTTTTTAATAATTTTTACAGAAAATTTCACACATTTCATTTAATATGGTAAAATACCTTTTGAAATATACTTGATAAAAATTACAGAAGGGAAGTTTTTAAATGATTAATATAAATGAAACAACAGAAAATCAAAAATTAAAAGAATT
NZ_CP056003.1_gap42	1685561	1687041	1480	AAATTTCTTTCCTGTTAATTCTTCTAACTGTTTAATAGCATAATTAAATTGTCCAAGTAAATAATCAATTTTTTCTTCTGGTACATCTACTGTATTTGAAAATGGTATATCTATCATTATTAATGGAATATTATGTATTCTTGCAATATTTTCATACCATTTAGTCATCATATTACAGATATTATTACAACATAGTAAGAAGTCTGGTTGAGGCATTCTTCTTGCATCTGTTGGTTCACCAGCAGCATAAGCTAAACTGATTCTTGCATATCCACAAATATCATTGTCATATCCCATATCTTCTGCTGCTTGACAAAGTCTTAATCCATCTTTTTTAGCTGCTGCTGATGCAGCATGATTTTCAGGATATACAACATTTAAATCAAAAGCCTTAGCAAGCTCAATAGGGAATTTAGATGAACTCCATCCAACTAGTTCCCCTCTCTTTTTTGCTTCCCAAGCATTTGCATAAACTTTATCAACAACACCTCTTAATATAGCCGCAGCAGGTTTATGTCCTTCTATTGGTCTAGGTTTTTTATTAGGTAATTTTTCCATTTTTCCAGCCATTTTTGTTTCCTCCTATTCATTTCTAAGTACATCTTATTTATCTATATAATTAAATATTTATAAAAAATAAGTGAATTGTATTCTAATTTTTCTTTGAAAAGTAGTTTTAATTACTTCTAATAAGATTGCTGCGACGTCCTATAATGTTGAAAGAGCATTTTGGAGCTCGAGAAACATTATAGGCTGTCAAGTAATCGTCATATATAATTAGAAACTATTAAGAATTTTTCAAAGAAAAATATTATTTATAATAAACACTATTTATAAATATTAATCACAAAATTTTCAATTATTGATGAGTCATCATATATTTTTGATAAGCAAATAATGCTGCTCCTATTGCTCCATTTAACTGACAATATTCATTTGTATGTATTTTAAAACCTAAATTTCTTTCTAAGGCTCTTACCATACCTTTATTAAGTGCAACTCCACCAGTCATAACAACATCATCTTTTATACCAATTCTCTTTGCCAAGCTACCAACACGACTAGCTATGGCAGTGTGAATACCTTTTACTATATCTTCAATTTTTGTTCCTTTTGCAAGTTGTGAAATTACTTCTGATTCTGCAAATACAGTACAAGTTGAACTTATTGCTACATCAACAGTTGATTTTTCATCTAATTTTTCTAAGTCTTCTAAATTTACTTCCAAAACTTTTGCAATTACATCTAAAAATCTTCCTGTTCCTGCTGCACATTTATCATTCATAACAAAATTTTCAAGCATTCCATTGTCTCCAATTTTTAATGCTTTTGAATCTTGACCACCAATATCTATAATTGAGTGAACATTTGGAAATAGAAAATATGCTCCCTTTGCATGACAAGACAATTCAGACATTTGAGCTGGCACCTCTGCTAATGAATTTCTTCCATAACCAGTTGCTACTGCCCCTTGAAGCTC
NZ_CP056003.1_gap43	1714943	1715799	856	AGAAGAATTTTCACCATTTAATATGTCATCAAATACTTCAACTATATTAGTTTTAATTGTTAATATTCTTGTATCAGTATCATAACTATAATAAATTTCACCTGTATTTAGTTCTCTTAATAATGGTGCAATGATTTCTTTTATAACTTCATCTTCAATTTTCATAGATTCAATAACTTTATCTATATCCAACTTCATATTTTTTAGATGTATACTTCCATTTATAGCCAAATGATAACCATTTGTAGATAGGCTTTGGAATAAAACTCCTTCTCCACCTTTTAATAAATCACTTCCTAAATCTTTTAAATCTGCCTCAGGTATATTCAAAGTAGATTCTGTAAGTTCAGTATTAAAATTAATAAAACCTTTGAATTCACCTATTGTATTTCCCTTTTCACCAAATAACTTAAATACTGTATCCCCCTTATTTTTAGAAAGTCTTGTTGAGAAATTCTTAACCTCGCCATTAAAACTAATTCCATACACATTAGATGTAACACTAATGCTATTAAAGAATAATTCCCAAATATCCCCATCTGATAATTTTGAATCTTCTTCTTTTCTCAAACGGATTTCATCTAAAATATCTCTATATTTTAAAGATAAATTATATATTTTTTGTTCATAGACTAAATTTAGATACATATTTATGTATCCATCTAAGTCAAACAAAACAAGTTTATTTCTATCTAAGAAGTTTCTAACTACTCTATCCAATGATTCTTCCAATGTTAAACCTTCTTTTATATCTTCTTCTGTTTTGTTTAAATTATCAAGTTTTAAATCTTTCCCTAATTTTTTTGTACTTTTACCAATATTTGAAATTTCTCCAACTACATCAGAAATATTAAGA
NZ_CP056003.1_gap44	1737300	1739895	2595	ATCTTTGCATTTCTATTGTGAATTTTAATCTATTAATTCCTGCTCTTAAAGCCTTAATTTTAAATTTACTTATCTTTATAGCAGATAAATCTTCATCAGTTACCTCTTGAATTTCAGATATATCTTTATATGTATTTACTATTTTTTCTATATCTTTTTTTGTTAATTTACTTATTTTTTCAAGAACTCTATAACCTTTTGCAGCTATTTTATTATCAAAAACACTTGAAGATTTACTATATCCTAATGCAACAACTACATTTTCTATATCAAGCAATTCAGAATCAGATAAAGAATGTAAATATCTTCTTACACTATCAGTTGTCATTCCATCATCAATATAATCTTTTAAGAAACTTTCTTCTTCATCATCTAAGTCCCAAATAAGTTCAGAAACTTGCATATTTACCAATCTTCCTCTTGTTCCTAATTCTAAAAGATATCTTGTTATCTCTTCACTGATTCTTCTTACCATTTCAAATCTTTGTAAAGTATTGGCAACATCAAGAACTGTTACTAAATCATCTAATTCAAGAATTGTTAAATTATCAAGTGACCGATTTAAAACATGCCTATAACTTTCCAAAGTTTTTAAAACCTGTCCTACTTCTATATTTAATTCATCAAAATTTTTAAGTCTGTATTTCAATTCCCCTTTATATAGAGTAACATTCTTCTTTCTTTCAGATATAGCTACAACTTCTCTTTTTAAATGTTTTGCTGTTCTTTCAGCTGTTCTATGTCTTGTTCCACTTTCTGTTGTAATAAATGAAATATTAGGTTGAATATGAACATTGGCATACAAGATTTTTGAACAGTCATCATTTAAAATTATTGCACCATCCATTTTAGATAATTCAAAAATTCTTTCAGGAGTATAATCACAGTCAATAAAGAATCCTCCATCTCTAACTTTTTCAACTTCATCATCGTAACCTATAACTATTAAAGCTCCTATACCTGCATCTAAAATATAGTCCACTCCTTCTCTCAAAGGACTCCCAGGTGCAACTTTAACTATTATATCCATTAAATCTTGTTTAGTCATTCTTATTCATCCTCTCCAATAATTCGTCTAAATTCTTTAAGTATATTATTTTCAGTTTAAATTTCTTTTTTTCTAACTCTTTTCTATTTGACTCTGGAACATAAACTCCTGTAAAACCAAGTTTTTCAAGCTCTTTTAATCTTCTTTCTAAGAAAAATACCTTTCTTATTTCTCCTCTTAATCCAAGTTCTCCTATTGCAGCTATTTTTTGACTAATAGCAAAGCCTTTATGCACTGATAAAATTGACATCAATACTGCTAAATCTGCTGCTGGGTCTTCTATTGACAATCCACCCGGTACATTTACAAATAAATCTTTCATACTAAGTGGAACATATAATTTTTTTTCTGCTATTGCAGTTAAAATTTGTATCCTATTTCTATCATATCCTTGAACAACTCTTTTAGGTATTCCTATTCCACTATCTGTTATAAGGGACTGCACTTCTAAAAGAAAAACTTTTGTTCCCTCTAAAATTGGCACAACCATACTTCCTATATTTTTTTCTTCTCTCTCACTTAAAAAATATTCAGAGGAATTTTTTATTTCTTTCATTCCATTTTCTTCCATACTGAATACTGCAATTTCATTAGTTGAACCAAATCTATTTTTTACACTTCTAAGTATTCTATAATAAAGTCCTTCATCACCTTCAAAATTAAATACAGCATCAACCATATGTTCAAGTAGTTTTGGTCCTGCAACTTTTCCATCTTTTGTGATATGTCCAACTATAAAAAATGAAATATTATATTTCTTAGCAATTTCAATAATCTTTAAAGTACATTCTCTAATTTGGGTTGGTGTACCAGATATGGAATCCATACTAGAATTATACAATGTTTGTATAGAATCTACAATAACAACTTTTGGTTTTTTACTCACAACATATTCATATATATTTAAAATATCCATTTCAGCCATAATATATATGCTTTCACCAGATATTTTTAATCTTTCTCCTCTATTTTTAATCTGTGCTGGGGATTCTTCACCAGAAATATATAAAATATTTCCATAGTCTTTATATGAATTAGCAACTTGTAAAAGTAAAGTAGATTTCCCTATCCCCGGGTTACCAGTTACTAAAACTACTTCCCCTTTTAAAAGTCCTCCACCAAGTAATCTATCAAATTCTTCATATTTTGTTTTATATCTATCTTCACTTGTGTACTCTACATCTTTAAATTCATAAACTTTTATATCAGAGTTCTTTATTTTTTTCACATCTTTTGGTAGCTCATCAACTTCTTCAAAACTTGACCAAGCTCCACACTGTGGACACTTTCCAACCCATTTTGCACTTTTATATCCACACTCTGAACAATAATATACAGTTCCCTTAGCCATATTTCTATCCTCTATCCCTATATTCCTTAGCTCTATTTAAAATATCAACTATAACTTTATCATCTACATAACCAGCTAAACTTTGACTGTAAAAAGCCAATTCTTTAACAAAAGTTGAACTCACATAAGTATATTTTTCTGATGTTGGTATGAAAATTGTATCCACTTCACCATTTGAAAGTTTTTTATTTGCAAA
NZ_CP056003.1_gap45	1748755	1751740	2985	AAATAAAAAAATTTAAAATTGTTGTCATTATCATAGATATTTTTACAGTTTCAATAATTTTATATTTCACTCAATTTTCTCCTTTTATTCATTTTATCTATACCATCCAATTTTAGTCCCTCTTTTTTTTAAAAAAGGGTATACATATATAAATTTCTCATCATTTATATTTCTTAATTTTTCCTTAAACTCTTTTTCAGAAAAAAATTCCATAGTAGCCTTATTTTTATTAACAACTACATAATATTTATTTTCTATTTCTTCACTATCTCTATTGACATCAAAATTATATCCTATAAAATAATCTGAATTTTCATATACTTTTTTTATTTTAAAATCTGAAAATTCTCCTTCTGTATACATATCTGGCTCTAAATCAATATAGGCATAAAGGGTTCTTCTATCACTGAAAACTTTATATTTTTTGATATGATTTTTATCAGTAAAAATATATTCATAATGTTGAACATAATTAGATATTAAAGTAGAAAAAAAGTATGCTGGAAATAAAAAAACTATAAAAATAAGATTTCCTATATTTTTTTTAATATTAAATTTTTTATTCATCATAATTGTTATCCTTTGTTATATATTTTTTGAATTTGCATCTTCATCTTTTGTTACTTCTGTCATAGTATCTAAATCTTTATTGATTTCATCTCCAGAAGATTTTCCTATTTCTACATTTCCTACAACAGTATTTTTTGTTACTGATTCTAAATCTCTATTTGCATAATTTATTCCTACTCCACTTATTACATTACTATTTGGAGATAAAGATAATGAACCACCTTTTATATTTCTTGTTGTATTTAAAGTATTTTGTTTACTTTCAATAGTTAAATTTTGTATATTACCTGTAACTTTTCCTCCTATTTGGTTAAATCCAGAAAGAGTCATATTTTTTGTATTGTTATGTTCTTCATCTACATTTACAAATAGTCCATTTTGATAAGTAGTTCCATTTGAATTCATTTTAGATTTAGAAGCTGATACACTAACAGAAGCATTATCTGTTAAAGCCTTTCTTCCATAACCAATATTCACCCCTACTGATACTCCAGTGCTTTTATTACTTGATGAGTAAGAATTATTTATTTCAACAGCTTTTTTAATAATATTATCCACATTGTTATAGATAAATTTAGTATTTTTTGCTTGTGTTCCAACATATTCAATATTCTTTACATTATTGTAAGTTATACTTGAATTTTCATCTTTTCCCTTTATTGTTGTTACAACTACACTTTCATTATGTGCATTTGCTTTTGAACTTGATTTATTAAATCCTAAATTTACTCCTGCAATTTTTAAATTATATAAAAGCTGAATAAATAACTTTCTATCCAGCTTTTCTCTAAATTATTATTCTAATTTTACCTTATCTAAAAACTTTTCAAATTCTTTCAATGAATATTTTCCCATAATTTCATCCATTTTATCTTCATAATCTTCTACTTCTTCATCTTCTAACTCATCATCTATATATTTTTCATAGTTTTTTAATAATTTTGGATATGATTTACTAGCAATTTTTTCAAATATTTCTATATACTTCTCTTCTTTCTTTATATCAACAGTTACTTTTTTATTTACTATATCTATATTTATTATTCCGTATCTAATTACTTTCATTATATATGAATATTCACAAAATATATAATAAATATTTTCTATTCCTTTTTCTTTTGAAATTTCAAATAAATAATCCTTTAATTCACTGTCATTTTGAAAGCATAAAGCATAGTAATTTCTACCATAAGCTCTCATAATAAGTTTGTCATCTATTTCATAATACAATCCATTATATTCCATATCAGACAAAGCATCATACATGTCAATGTCTTCTAGTAAATCATCTTCATATATTTTTCCATATTTCTTATATTTTATTCTTATATACACATTTGTTTGTTCAGCCATTTAATATTCTCCTTAAATAAAATATCCTTCCTCTTCTTCTTTTTTTAATTTCTCCGGATTTTTATGATACCTATATATCCAAGCTTTCCATTCCTCAGCTGTAATAGTTTTAAAATCAAAATCTTTCATAAAATCATAAGGCTCTGGGTAGCTATCAGCAGGAGTGTTATCTATTAATTCTTTTGGAGCAATATCACTATCTATTCCTAAATCTATTCCATGATGTAAGGCTATTTTTAAATAAATTAAAGTAAATATTTGAAGATAAAAATCAAAATAATTTTCCATATCATAGAGCATTTTTCTTGCTATTTTTATATCTAGCATAGAATTTATACTTTCTTTCATTTTATCTATATCTTTTTTTGCCAAAGCTTTTAAAAATTCAAACTCAAGGTAAGTATATTTATAATAAGGTTCTTTTGAAGGATTAACCAAGTATATATCAGATCTCTCTATAACTTTTTCCCAATCACCTTTAATTGCTAATAAAATGGTTCTTGTTAGATAGCAGTTGGCTTCAGATTTTTTATACTTATATCCCTCTCTTTCATAAGCTATTATATTAATATACTTTTCTATAAACTCTAAAAGAACTGGGTTATTAGACATAATTATTCCCCAAAAAGATACTCTATCCCATCCAAGAAAATTTCTACTTTCTTTTCCTAGAATACTTAATTTAGCAAAAACATACATATTTTTTTTAAAGCTCTCAACATCTTTATCTACTAATAAATTTTTAGAGGCTGTTATGGCATGCAATCTTCCTAAAAGCCACATACAATTTAAAGGACTTCCTTTTTTTTCTATTATATAGTTTAATGTTTCTTTCTCTTCTTCTCGTTCTTCATTATAACTTTCAACTACATATTTAACTGACTCATTATACTTTTTTTTACTTACTAGCATTTAACTAATCTCTCCTTTATTTTTTAATTTTTTCAGGTGTCATTTCTATTGGTGTTATAATAAGTTCACCTGTTTTTTTATCTAATGCTACTATTCCAGTTTTATAATTTTGAGTTTTTATAGCTTTTTTTAATTCTTTTTTAGCTGTTT
NZ_CP056003.1_gap46	1753870	1757453	3583	TATTTTGTTTACTTTCAATAGTAAGATTTTCTATATTACCTGTAACTTTTCCTCCTACTTGATTAAATCCAGAAAGAGTCATATTTTTTGTATTATTATGTTCTTCATCTACATTTACAAATAGTCCATTTTGATAAGTAGTTCCATTTGAATTCATATTAGATTTAGAAGTTGATACACTAACAGAAGCATTATCTGTTAAGACTTTTCTTCCATAACCAATATTCACTCCTGCTGATACTCCACTACTTTTACTATCTGATGAATATGAATTATTTAATTCAACAGCTTTTTTAGTAATATTATCCACATTGTTATAGATAAATTTAGTATCTTTTGCTTGTGTTCCAACATATTCAATATTCTTTACATTATTGTAAGTTATACTTGAATTTTCATCTTTTCCCTTTATTGTTGTTACAACTCCAGATTCACTATGCGATTTAGAATTTGAACTTGATTTATTAAATCCTAAATTCACCCCCATATTTGCATAGAAATTATTATTTGCTTCTGCAAGTTTTACATTATCTTTTCCAACAGTATTATCTGCTTTTACTGCATCTAAAGAAAGTTTAGTTCCTTGATTAGAAGCAAGTCCTGATACTATACCTGTTGCTGTATTAGTAGCTGAGGCTATACCTCCAAACATATCTCCTGATTTCATTTGATTAAATGAATCAAAACCTTGTTGTACTCTATCTAGTGCCTGTGATTTTATTCTAACAGATAGATTTACTCCACTACTTTTTGAATATGTTTCTACATCTTTCGTATCTTTTCTTGCACCAAATTTAACATCTCCATTATTTACTATTATTTTTCCATGTGTTAAATTAGTTGCTGTAATATCTGCACCTTTATTAAGTACAGTTCCATCTCCTAATACTAAATTAGATTTAGCATTTATTACATCTTTTTCTTTTAGTCCACTTTCAGATTTTCCATAACCAACTGAAAAACCTCCACCTCCTATGCTTCCACTAAATCCTTTTTTAGATTCTTCATAAGAGTATGAGTTATGAAGTTCATTAGAGTCTGTTGTAAGTTTTCCATTAATTATACTATTATTACCTAATACTAAATTACTTCCTATAACCTTTATGTCCCCATCTATTATACCTTGATTTTTCACATATAGGTTACTTTCTGCATTTAATTCTTGACGAATTTTTTCTGCTGAAGATTTTTCAGTTAATCCCATAAAACCTGTTTTAGTTTTCTTATGGTAAGAATAATTAACATCTTTTGCAGCTGCTTCTGTTATAGTTCCTTTAGCTGAAATATTACCTGTATCTTTAGCTCCAACATTACTTCCAAAAATATTAACATCTTTACCACTTGTAATATTTACCTTATCTCCTATTATATTAGAAGCTACATTATGAGTTGAATAATTAATTTTTTCTTCTGAACTAGAACGACCAAAACTTTTTTTATGACTTTCTTTATGTTCACTATAATCACTATCAGTTGCTGATACTATATTTACATCTCCATCAGCTTTAATATTGGCTTCTTCCTTTGCAACTATATTTGAACCTTTAATATCAATATCTTTTTTAGCTTCCATATTAATATTTTGGGCTTCTATATTACTTTCAGTATTTCTTTTAATTTCATTTATTGTATAGCCATTTCTATTTGAACTTCTTTCATATAGGCTACTTTCAGCTGAACTAATATCAACATTTTTAGCATTAAGAGTTAGTTTTTCTTTTGCCTTGATATCTGAACCAACTACCCCTATATCATTATTTGCCTCAATTGATATATTTTTTCCTGTAATTTCACTTCCTACATTATTTATTATAGTATTTTCATAATTTTTCCTATTTTCACTATCTTTTAATGTTAAGGTATTTACTTTAACATTATCAGATTTTATTGTAATATCATTATTTGCTTTTATATTAGCAGCTGTATTTGTTACATCTTTAGCCTTTATATCTATATTATTTCCAGCTTCAATACTTGCAACATTTTCAAAATTATCTTTCTTTATTTCTACAATATTTGTATTTATATGATGGGTAGAAATATTTTCAACTTTATTTGCAGTAACTTTTAAATCTTTATCTGCCTTTATAGTTGCACCAATATTTGAAAGCGCTTCTTTTGCTTCAATATCTATATTATCTGCATTTATTGTAGCTAAATTTTCTGATGAAGATTTATTTACTAAACTATCAGTCTTTATATTAAGATTTTTAGCATTAATAGCTCCAGTATTAGTTATTTCATTAGCAGATATATTAAAATCTTCTCCTGCTTCTAAAGATGTTGCATTATCTTTTAGTTTACTTAAAGTATTTTTTGTTAAATATACTTTAGGTACTAAGACTTTTTGTCCTTCAATCTCTTCTTCAACATACCATATTATATCTTTTTTTAATTTTGCAATTTGGTCTTTGCTAAGTGCAATCCCCATAGATAGCTTTAAATCTTCTTTTTCACTTACTGCATTATCATAAAGTGCTTGCATTTGTTCTTTTTCTGATTTATAGTCACCTAAATATCTTCTACCTGTTCCTTCTAATATTGCTCTATTTATTAATCTAGTTTCATACATTGAATCGCCAAGTAATCTGATATCTCTATCTGGATTAAAACCTATTCTTTTAAAAAAGTAGTCTGAGCCAAGAAACATTGATTTATCAATATATTTAATATTAGTTTCTATTAGATAAGAAAAACCTGGTTTATTACTTTCATTTTTATTTATTTTAAAAAGACCTTTATCTCCTTTAGGTATAAATATATAGTCTTTAGTATCAATGACTTTTTTATCTTCTATTTTCTTTCTATTTAGGTTTACATTATCAATATTTACATTATTTTCAGTTAAATTAACTTTATTAATAACAGTATTTTTATTTTTAATATCATTTGTTTCATTATCTTTAAATCCATTGCCCACTTTTTGTGCATTAATAGTTAGATTTTTTCCAGCAGCTATCTTACTAGCTTTATCCGCTCCTATTGTTTGAGTCGTTTTCCCTATATATTCTTCTGTTCCTACAGGACTAGTTGAATAATGTCCTCCACCACCACTTCCATTGTGTCCTTCATGTTCTCCACCATAATCATGTCCTTCTGTATAAGTAACTTCATATATAGGAGCTTTCCAACCTATTTTTATATCAACATCTCTTGTAGAATTCCTGTTAATAACTTTAGGAGCTGTAATAGTTATATCATTATTAGCAAGAATATTTCCTTCTTCATTCAGAATATCTTCTTTTGAAGTTAGACTTATATTATTATCTGCTGTAATATATGATAATTTACTAACATCATTACTTTTAACTTTTTCTATCCATTCTGCCTTAAAATCTTTAAATAGATAAGAGCCTTCTGTATATCTACCAGGATTTTCTATTCCTTTTTCATTATTTTTTCTATTAACCAATTCTTGAAAATATTTTTTAGCTTCTTCTCTTTGTTTTTCAGTAATATTAGTATCACTATCTAGTGCAGATTTTCTTTCAATAGTAGGATTTTTCTTTTCTACTTTACCTATATTAGTAATTTTTTTAGCATTTATATCTATGTTATTTTGTGCACTAATAGTTGCTGTATT
NZ_CP056003.1_gap47	1777149	1777844	695	ATCCTTACTTTCTGATGTGTTAAGTTTTTCTGATACAACTGAAACAAAACTTGATAAATCTAATTTTTCACTTTGTGATTTACCTGAGTTATCAGTATATCTTAAATATATATTTTTTTCCTTATCAACTAAAACTTGTACTTCTTTTAATGTACTTTTTGTTTTTGCAGCAGTAGATTTAGGTAAATCTATTTTAAAGGCTGATCTTTCATCAAAACTTGTTGCCAACATAAAGAAAATAAGCAAAAGAAAAACAACATCTATAAGTGGTGTTATTTCAAGAACTAATGTCCCTCCACTTCTTCTTTTTATTCTTTCTAATTTCATTTACTCGCACCTACTCTCTAAAATAGTTCAACAACTCTGTACAAGTTTTTTCTATATCACTCACTATTAAATCAATTTTTTTATTGAAATAATTATAAAATATCATACAAGGTATAGCTACAATAAGTCCTCCTGCTGTTGTATATAAGGCTTCTGATATCCCTTTTGCCAAAACTCCTGCATCTCCTGTTCCATTTAAGGCTATTGAATTAAATGCTTTTATCATACCAGTAACTGTTCCTAATAACCCCAATAGTGGAGAAGCATTAGCAACCAATGAAAGAAGCCACATATTTCTCTCCAATGATTTTATTCTTTCTATTGCTTTTTCTTTACCTTTTTCTTCAAGTGAAGATAGAGTTTCTTTA
NZ_CP056003.1_gap48	1786860	1788508	1648	TATAGCTCATGGAAAAATAAATGGAACTATATTACCCTACATAATTAGATTCAATTCAGAGGATAAAACTACTGCTCAAAGATATTATGAAATCTCAAAAGATTTAGGTTTTCCTGCAAATAATACAGAAGAAGGAGCAGAAAGTTTAGCTGTGGCAGTGGAAGTTTTAAATAAAAACTTAGGACTTCCTAGTTGTGTAAAAGATTTAGCAATAGATGAAGAAAAATATTTTAATGAAATAGATATTATGTCTAAATCTGCTCTTGAAGATATTTGTACTAGTGGAAATGTCAGAGAAGTAGATCTAAAAAATTTAAAAGAATTATTTAAAAAAATATATAAAAAATAGTTTTTTTAATACAAATCTATATAGAAAAATAAGTGAGTTACATTTTTCTTGAAAATAGCATTAAATAACTTTTAAATAAAACTGCTGCGATGTCCATTATTGTTGAATGAGCCTTTGTGGAGTTCATGAAACACTAATGGCTATCAAGCAGTTTACGTATAATACTAAAAATTTTAATTAATTATATTTCAAGAAAAATTTAGTTAATAACAAACTATTTTTCATATAGTAGTTATAAATAAAAAAATATGACATTAATTTGACATTTTTTATTATTATAATCCATATAATAAGGGATAATTTTATTTTTTTTAAATATAAGGAGGTAAATTGAGTATGCAAGAAAATTTAGTTCAAAAAATGGTAGCAGAAGTTGTAGAAAAACTGAAAGATAAAGGAATATCTGAAAATCAAGAAAAAGTAAAGGAAACTACTTGTACTTGTAAATCTGATTGTCATTTAACAGAATTTGTAGGACTTACTACTCATGGGCATGGTATAGGACTTGTAATAGCAAATGTTGACCCTGCATTACATGAAGCAATGGGACTTGATAAAAAATATCGTTCAATAGGGATAATTGGAGCAAGAACAGGAGCTGGTCCATTTATAATGGCCGCTGATGAAGCAGTAAAAGCTACAAATACAGAAGTGATCAGTATAGAATTACCTAGAGATACAGAAGGTGGAGCAGGACATGGTTCACTAATCTTATTTGGAGCAGAAGATGTATCAGATGTAAAAAGAGCAGTTGAAGTTGCTGTCAATAATGTAACTGAAAAATTTGGAGATGTATATGCTAACAGTGTTGGACATATAGAGCTTCAATATACTGCTAGAGCTTCTTATGCTGTTAATAAGGCTTTCGGAGCACCATTAGGAAAAGCCTTTGGTTTAATTGTTGGTGCACCAGCTGCTATTGGTGTTGTTATAGCCGATGTTGCATTAAAAGCTGCAAGTGTTGAAGCATTAGCTTACTCATCTCCTTCAAAAGGAACTAGTTATTCAAACGAATCTATACTAGCAATTTGTGGAGATTCTGGAGCAGTTAAACAAGCAATTTTAGCAGCAAAAGAAGTAGGAGTAAAACTTCTTGAAGCAATGGGTGGAGAAGCACCATCTGCATCTCATCCATATATTTAAGAGATAAATCAGGAGGGTTGGTATGAAATCTAAACGTTTTGAAGTATTAGGTAATAGACCAGTTAATAAAGATGGATATGTAAAAGAATGGCCAGAAGTTGGATTGATAGCAATGAATTCACCTTTGGATCCAAAACCAAGTATAGTTATAGAAAA
NZ_CP056003.1_gap49	1797038	1799623	2585	ATAAGAGATACATTAAAAAACCATGTTACTGAATTAGCTGAATTAGCAGTAAAAGAAACTGGTATGGGTAGAGTGGCAGATAAGGAATTAAAAAATAAAATTGCTATTGAAAAAACACCAGGCTTAGAAGATTTAAAAGCCTTTGCTTTCAGTGGAGATGATGGACTTACTGTTATGGAATTATCCCCTTATGGAGTAATTGGGGCTATAACTCCTTCAACAAATCCAAGTGAAACAGTAATCTGTAATTCTATTGGAATGATAGCAGCAGGAAATGCAGTTATATTTGCACCTCACCCTGGAGCAAAAAGAACTTCAATTAGAACTGTGGAATTAATAAATGAAGCTATTAGAAAAGTTGGAGGTCCTGATAATTTAATAGTAACTATTAGAGAACCAAGCATAGAAAATACAGAAAAAATAATTGCAAACCCTAATATTAAAATGCTTGTTGCAACAGGAGGACCAGGAGTTGTAAAAACTGTTATGTCTAGTGGTAAAAAAGCAATAGGAGCAGGAGCAGGAAATCCACCTGTTTTAGTTGATGAAACTGCTGATATAGAAAAAGCTGCAAAGGATATAATTGCAGGTTGCAGCTTTGATAACAATCTGCCTTGTACAGCTGAAAAAGAAGTTGTTGCTGTTGATTCAATAGTGAATTATTTAATTTTTGAAATGCAAAAAAATGGTGCCTATCTTTTAAAAGATAAAGAACTTATAGAAAAATTATTATCACTTGTTTTAAAAAATAATTCACCAGATAGAAAATATGTTGGAAGAGATGCAAAATATCTTCTTAAACAAATAGGAATAGAAGTGGGAGATGAAATTAAAGTTATAATTGTAGAAACAGATAAAAATCATCCCTTTGCAGTTGAGGAATTATTAATGCCTATTCTTCCAATAGTGAAAGTTAAAGATGCTTTAGAAGGAATTAAAGTTGCAAAAGAATTGGAAAGAGGTTTAAGACATACAGCTGTAATTCACTCTAAAAATATTGATATATTAACAAAATATGCAAGAGAAATGGAAACAACTATACTTGTTAAAAATGGACCTTCTTATGCTGGAATAGGAATAGGTGGAGAAGGGCATGTAACATTCACAATAGCTGGACCAACAGGAGAAGGGCTTACATCAGCTAAAAGTTTTGCAAGAAATAGAAGATGTGTCCTTGTTGGAGGATTTTCAATAAAATAAATAATATTTTAAAAATTATTATAAGGAGAGTGTTGATTAAGATAAAGTAGTTTTATATAATTACAATTTTTCTAATTAACACTCTTTATTATATTAAAAAATATGCTATAATATATTTATATATATAAAAGGAGTAATCAATATATTTTGTATATAAAAGGAGGTTCTATATGAGTAATATGAGTTTGTATATCGGAGAATTTGTTGGAACAACACTTTTGCTATTATTAGGAAATGGAGTTAACATGACATGTAGCCTAAAACATAGCTATGGCAAAGGTGGAGGGTGGATAGTTACTACTTTTGGTTGGGGATTTGCTGTAATGATTCCTGCCTATGTTACAGGTTGGGTATCTGGAGCACATATGAATCCTGCTTTAACTATTGCCTTAGCAGTAACAGGAAAATTTTCTTGGAATTTAGTCTTTGGTTATATTGTAGCTCAAATGTTAGGTGGAATTTTAGGAGCGACTTTGGCTTATTTAACATACAAAGCTCAAATGGATGCAGAACCAGAACCAGCAGTAAAATTAGGAGTTTTCTCAACAGGTCCTTCTATTGATGCACCAATATGGAATGTTGTTACAGAAATTATTGGTACTGCATTATTGTTGATAGGTGTATTAGCTTTTGGTTATGGAGAAGTTGGAATTCAACCAGGTAATGGAGCATTTTTTGTAGGTCTTCTAATTGTCATAATAGGTATGGCAACAGGAGGAGCAACTGGATATGCAATCAATCCTGCAAGAGATTTAGGACCAAGAATAGCTCATGCTATACTTCCTATAAAAGGTAAAGGTGGATCAAATTGGAAATATGCTTGGGTACCAGTTGTAGGACCAATTATAGGTGGAATTTTAGGTGCTGTTATATTTGATGCATTTTTATCAGCTGTTTTATAATATTTAGGAGGAAACCATATGAAATATATTGTAGCATTAGATCAAGGTACAACAAGTTCAAGAGCAATTTTATTTGATGAAAGTCAAAATATAATTGGAGTAGCTCAAAAAGAATTTACACAAATATATCCAAATGAAGGTTGGGTTGAACACGACCCTATGGAAATATGGGCTAGTCAAAGTGGAGTTTTAAGTGAAGTTATTGCTAGAGCTGGAATAAGTCAACATGATATTATAGCTTTAGGAATTACAAACCAAAGGGAAACTACAATAGTTTGGGATAAGAAAACTGGAAAACCTATATACAATGCAATAGTTTGGCAATGTAGAAGAACTGCCAAAATTTGTGATGAATTGAAAAAGATAGATGGATTTAGTGATTATGTAAAGGATAATACAGGACTTTTAGTTGATGCTTATTTCTCTGGAACAAAAATAAAATGGATTTTAGATAATGTAGAAGGTGCAAGAGAAAAAGCAGAA
NZ_CP056003.1_gap50	1904691	1908382	3691	TATTGCAGCTGCCATAGTTCTTGTAACTCCTATACCATAGCAACCCATTAACATATAGTGGCTTTGTCCTTTTTCATCAAGATAAGTGGCATTCATAGCCTTAGAATATTTGTCTCCTAACTTAAATATTTGCCCACATTCAATACCTCTTGCTGAATGTAATTTACCACCAGTTATACAATTTTCTCCAACTTTAACTTTTCTTATATCAGCCACTATATCAGCTGTATAATCTCTACCATAGTTTATATTTTTATAGTGGTAATCTTTTTGATGAGAACCAACAATATGGTTTGAAATTTCTGGTACAGATAAATCTGCTACAATTTTAATTTTATTAGGTAGCTTATATGGTCCAATATACCCTTTTTTCAAACCTAACTTTTCTATTTCTTCATCAGTAGCCATTTCAACTTCCACTGCATTTAAAATATTTTTTAACTTAACTTCATTAACTTCAAAATCTCCTCTTATTAGAACCATATAAATTTCATCTGTTCCCATATCCTTATAAGTCAGTGCTTTTACGGTTTTTTCCAATGGAACATCTAAATATTTAGCTAGGCTTTCTATTGTTGGGCAATCTGGAGTGTGAATAAGCTCAACTTCTTTTAATTCTTCTTTTGGAGGATTAATAAGTTCACTCACAGCTGTTTCAATGTTTGCTGCATATTCTGAACCATCAGAATAAATAATTTCATCTTCTCCTGATTCTGCTAACACTTGAAATTCTTGTGAACCACTTCCACCAATATTTCCTGAGTCTGCATCAACTGGTCTAAACTTTAAACCACATCTTGTAAATATTCTTGTATAAGCATCTCTCATATTTAAAAATTCTTTATCTAATGATTCTTGAGAAGTATGGAAAGAATAAGCATCTTTCATAGTAAATTCTCTACCTCTCATAAGTCCAAATCTTGGTCTTCTTTCATCTCTAAATTTTGTTTGAATATGATATAGATTTATAGGAAGTGATTTATATGAAGAAATATCACTTCTAACTATCGCTGTTATCATTTCTTCTTGTGTTGGAGATAAAACAAAATCCCTTTCATGTCTGTCTTTTAATCTTAACATTTCAGGTCCCATAACATCCCATCTTCCACTTTCTTGCCAAAGTTCAGCTGGTTGAACTACTGGCATTAAAAGTTCCAATGCTCCTGCTCTATCCATTTCTTCACGAACTATATTTTCAATCTTTCTAATAGTTCTGTATCCTAATGGTAAATAAGCATAGATACCACTTGCTAATTTTTTTATCATTCCTGCTCTTAACATAAGTTTATGACTGGCAATTTCTGCTTCCTTAGGTGTTTCTTTTAAAGTTTTTATATATGCTTTACTAAACCTCATTTTTTCCCTCCAATTAAAATTAAATTTACCTAATAATTTTAACATATTTATATAACTTTGTCTTTATTTTTTAATTTCCTACTTGTATATCAGAAAATTTTTGTTCTATATCATATTTCAAATAGGTATTTTCTATTTCTCCCTTATGTTCTTTTAAATATTTAATACATTCATCTCTAACAAGTTTTATAGTTTTAACATCATAAATAATATCTATAAATTTTAAATCACTAAATCCACTCTGTCTTAAACCAAAAATTTCTCCTGAATTTCTAAGTTTTAAATCTTCCTCTGCTATTCTAAAACCATCTTCTGTTTCTTCCATAATAGATAATCTCTGTTTTGAATTTTCTGTTATGGAATTAGAGATTAAAAAGCAATATGATTGTTTTGAACCTCTACCAACTCTACCTCTCAATTGATGTAAGGCTGACAATCCAAATCTTTCAGCATTATAAATAGTCATTATTGTTGAGGCTGGAACATCTATACCAACTTCTATAACTGTTGTTGCTATTAAAATATCATATTCCTTGTTTTTAAATTTAAGCATAACCTCATCTTTTTCTTTGGCTTTCATCTTTCCATGAATTATTCCAATTTTCTTATTAGAAAATTTTCTTTCAATCTCCTCTGAAACCTTATCCACAGATTTTAATGCCATCTTATCACTTGTTTCAATTAAAGGTGCAACAAAGTATGCTTGATTTCCAGCATTTACTTTTTTATAGATAAAATCATACATCTTTTCTAAATCTTCATCATTTGCTATCCACTTAGTTTTTATAGGAGTTCTTCCAGGTGGTAATTCATCTATTATTGATAAATCTAAATCTCCATATATACTCAAAGCCAATGAACGAGGGATAGGAGTGGCACTCATAACTAAAAGATTTCCTAAAAAGCCCTTTTCTCTCAATTTATTTCTTTGATTAACTCCAAATCTATGCTGCTCATCTATCACTATAAGCCCTAACTTTTTAAAAACTACATTATCTTCTATCAAAGAGTGTGTCCCTATAACTATATCTATATCTCCATTTGCAATACCTTCTAATATTTTATTCTTTTTCTTTCCTTTAATACTAGAAGTCAATAACTCTACTCTTAATCCAATTTTTTCTAATTTTTCTTTTATTCCAAGATAATGTTGATTAGCCAAAATTTCAGTTGGTGCCATCAATGCTCCTTGATAGCCATTCTCTGCCATATATATAAGCATAACCATAGCAACAACTGTTTTCCCACTTCCAACATCACCCTGAATTAGTCTATTTACAATTTTCCCATTTGAAATTTCATCATAGATTTCTTTTATAACTTTCTTCTGAGCATTGGTTAGGTTAAAAGTTAATTGTGATAAAAACTCCCTTACTTTTTCTTTTTTCCCTTCAACTTCATAATTTTTGCTATTTGAATTTTCAATTATAAATCTATTTTTAAGTATTCCTAATTCTAAAATTAATAATTCTTCTATTGCAAATCTTCTCTTTGCTTCCTCTATTTCTTTCATAGATACAGGATAGTGTATATTTTTAATAGCACTTTTTCTTTCCATTATCTTGTATTCTTTTATTAACTCATCAGGAATATTTTCTTCAAAATAATTTAAGAAATTCACTAAAAACTTTTCTACTAATTTTCTTAAACTATTCTGTGTGATATTTTTATTGGAACTATATATAGGTAAAATTTCATTTTCAGAAACTTTTTGTTGTCCAGAAAACAACTTGTATTCTGGATTGATAAGCTGAAAAACAGCAGACTTCTTTGTCTGTCCTATAAATAAATATTCTTCTCCTATTTTTAAAGATTTCTTAATATAAGGCATACCAAACCATAATATTTCCATTATCCCTGTTCCATCAGTTACCATAGCTTTAACAATCTTTTTACCACTTCTAACTGTTAAATTTACAGCTGACATCACAGTTGCCTTTAAAACAACATATTCATTAAATTTTAATTCTCCAATTTTTTTTATATTTGTCCTGTCATCATAAGCTCTTGGAAAATAATAGATTAAATCATATATTGTATTGATGCCTAAGGATTTAAGATTTGATAGTTGTTTGGCTGTTATATATTTAGTTGGAATATCTTCTAATTTAGAATATATATTTCTATAACTTTCTATCATAATAGCTCCTAATATTTTATAAAAAACTGTTGCAAATATCAAATAAGACAAAAATAGTTCATTACTAGCCAGATTAATAATGTAGTAAAAATAGTTCATTGCTAGCCAGATTAATAATGTAGTAAAAATAGTTCATTGCTAGCTAAATTTCTTAACAATGAAAAATTGACGTTCGCATCTAAGAAACTCTAAGCA
NZ_CP056003.1_gap51	1928565	1932908	4343	TATCCCCCAAAAATCAGCTAATGTAATATCAGCTATACGAGCATTCCCTGATTTTTCCCCCTTAAATTGACAATTATAACAAGGTTTTCCTAAATATACATCTTTCATAAAACCTCTAAAAAATATATCCTCTTTTTGACTATGTGTAATAATTTCTTTTCTAAAAAAATATCTTATAAGAAAATTTGTCCATTTTTTATCTTTATTTCTAAAATCAGTAGATTTAAATTCTTCTTTTGATAACTCATTTATATATTTTTTGAATACATTTAAAGATGGTACTCCATGACATATTAAATCAACTGTCAATAAATTTTCATTAGAAACTATTTTTTTTAAAGCAGCAATTTGGCAAGGTAAACCTGAATATAAAACTTTTTTCCCAAGCTTTAAGTATTTTTTTACTTCTATAAACGTCTCTCCAATATCACTAGGTATATACTTTGACCCCTGTAATTTATAAACCTCTTCTATTTTATTTATTTTACTATGTTTTACAATTCCTTGATCCCAAGTAGCACCAAAAACAACACCTTCATTTTCTATAATGATTTTAGCAATTTCTGTAAATATTCCTCCAGAAGAACTTTTTAAAACAGTTCTATTATCCAGTGACCAAGCTGCATACACTCCATTTAGCTTATTATTTTTTTCATAACTAATTACTGGACAACCTTGTTGGCATTTCCCACAATTTATACAAAATTTTGTTATATAGGGCTTGTAGAACCCTTCTGAATCAATTTTCATTTCTATTGCATTAGAAACAGGACAAGAATTTTTACACCCAAAACAGCCTGTACACTTACTTAAACCTATTACTTTTATTGCTGGTTCCAAAAAACTCCTCCTACTATTTTTCATTTCTTTTAAGTATTTCCTTAATCTCATTTAAATTTTTTTCTACTTCTTTTTTTGTAATATCTATACTTTCTTTTATTTCTTTTATAATATTGGTATAATTCTCTTTTAAATATTTAATTTTATCTAAAATTTTTTCTTTTACTAAATATTTTTCCCAAATACTGTTATTTGAAGCTTCTATTATTAAATCACTTCTCCCTAAATCTCCTATAACTCCCTTATATTTAATACTGTACGACAAGGATATTGCTGGTTTATACATTTGAAATGTAGAAACAGCTGCATGCATACGCCCTGTAATAGTATATATAGAATTCCCTAAAAGATACCTAGCCTCTACTGGTAAAATTGGAGTTATTATTTTTACAATTTGCTTCCTCTTCTCAAATGAAATACTAGAATATATATCTTCTATTATATTAATATCACTAGAAGAATCAGAAGAAACAACATGAGCCAATAATAATATTTTTTCTTTGGGATAATTTTCTAATAAAGTTTCTATTACTTGTATCCAATTTTTTAAATAAGTATTATAGTTTAAAGTATAACTTTTATATAATCCTGAAGGAACTATAGATATATATTTAGATTCTTCTAAATTATATTTATTTAAAATATCAATTCTTTCGTTCTTTTGAAATGGTAAATCTAAAAATGCCAAATCTTTCATCTCTTTAAAATAATTAATTTTTAAATTATTTCTTAAATATTCAGAGCAGTAAGTATCTCTTGTATAAAGATTTGAATTCTTTATTAAAATTTTTGCTATTAATTTGTTAATTCCAGTAAATGGACCTACACTCTGTCCCAATAAAAATAATCTTTTTCTTTTCTGAGAATACATCATCATAGATAAAGCATTAATAAAAAATAGCAATCTTCCATAATATTCTGAAAGATCATCTCCTCCTAAAATAAAAATATAATCGTACTTTCTTAAAACAAAGGGTTGAATAAAAAGTTTATAAAATATTCTAATAAATTTGTTTTTTCTTCTTTTAAAAAAACTGTCTTTATAAATATTAGAATATTCACAAGATTCTTTTAATCTACTAATATCTTCTATATTTTGTGTATCTAAAAATATATCTACATTTTTATCTTTAAAAAAATTTATAAAATTAATTGCCATCATGGTTGTTCCATAATTTAAGCTATGAGGAACATGTTCTAATAAAATTTTAGTTCTTTTCTCCATTAATTTTTTATCTCCTTCCTATAGTTTTTATTAAAATTTATCCTATATTCATAACTTGGTTTATCTTTAAAAATATACTGTAAATAATTTGTATATGGTAAATATAAAGTTGACATATGAATTAATATATAAAGATTTAGAAATAAATAACATAAATATACTGATTTTAGAAAAAATCTTGTATATTTTTCCTTTATGATACCAAATAAATACGAAATAGCAATTACATCAAAAATTCTAAAATATAACTGAAATCTTGTTAAAACACTAAATGTATTCCCTATTCTATATAAAATTAAAAAGATAAGATTAAGTATAACAACTTCTTTCCCATATTTATATTTTATTTTGATTTTCTCGTAATATATTAAAGTAAAAAGTGTAACAATATATTTTTCAAATAACCTTATGTTAATTAATTGACTAGAATCATATGAACTTCCTACATAATTTATCACTCTTAAATAGAGACTAGGAATTATTTTAAATAACCCTACAAGAATAAGTACAAAATCTTTACTTGAAAATAAAAAACTAAGAAAAAATAAGAAAATTAATATTTCTTTTTCCTTTTTTGAGTTTCTTATTAGTAAGTATAAAAAATATATAAATAATAAAATTATTGCTGAATTGTGAAACAATAAACCAAAAAAAACAAATATTAAAGCTCTCATTGTTTTCTTCTGTAAGTAGAAAAGTATCGCTAATATTGAAAAAGAGATAGCAATTAAATTTCTTAAAGGACAATCAATAAATAAATATAAACCTATTTGAATAAAAAAAATTAATTTTTCTAAAAAGAAATTAAATGATAAAAATCTCATCACTTTCAAAAAAATGCAAAAACAAAAAACCTTTGTTATTATAAAAAAATTCCAAAAATCAATATTTAAAATTTTAAAAACTGAAAAATATAATGAAAATATTTTTTCAAATGGATAATTATAAAAATTTTTTAAACTATATTGTTCATATATTCTCTCATAGTTTCTCCAATCACTACCATTAAAATAGGAAAAACATAAAAAAATACATAAAAAAACTGAAATACCCTTTTTTATAAATTCTTTTTTTATATTTAGAGAAGAACATAACAATAATATACAAAATATAACATAATATATCATTACAATATCCTTTCTAAAAAACACAAAAAGTCTTTTTCGTAATCTTCCCAAAATAATTTTTTTTCTTTTTTATATTCTTTTATCTTATTACCTATTTTTTCTAATTTTTCTTCTAATTTTCCTCTATTCATTTCTAAAAAAAATGGCTCTATATTATAAGGGTCTATTGTAAAACCAATTTTCTCTTTTAAAACTAAATTTCCAAGATTTGTTTCTTTTGAAAAAAAAGTAGGTTTTTCATAAACTAAGCTTTCAAAAAATTTGTTGGATATAGCATATTTTACATTGTAATCCTTATTAGGATATGCTGCCCAAACCATATGTATATTGGAGTATATTTCTGATATTTTGTTATATTCATACCTACCATAAAAATATATATTTTTATACTTTTTCTTTTTTACATATTCTTTTAATTTGTTTTCATCAGGTCCATCACCATAAAAATAATAATCTATATAGTTAAGTTTTGAAATGATATCTATGCTCCTTTTTAAAATATCATAGTATCTTATAGTACCTATAAATGCTAACTTAATTTTAGATTTATTTATTGTCTTGATATTTTCTAATTTAATAGTTTCTCTTGAAGGTAAATTTTCTAATAAAATAGATTTGTTTTTAAAAAATAAATAATTTTTTTCAAAAAATCGAGAAGCATAAATCATAATATCACATTTTTTCAATAAAAATTTCTCTAGTTTTCTTAAAATAAAGTAAAGAAAAATATTGCTAGAAGATGGCATATCTATATTATCATATATTAGAATTTCTTTCGTTTTTAAAAGGAATCCTAAAATTAGCATATCCCATTGAGAACAAAATATCACATCAGGTTTTTCATTTTTAAAAACTTTTTTTAAATATTTATAAAAATTATACATCCCTAATAATTTTTTTAATTTATTTCCATACCCTTCTAAACTAGAATATATAAAAAAATTCTCTCTAGTTTTTCTTATACTATTCCTATCCCATGCAACTACTTTAACATAATGAGATTTTTGCAAAGATTTTATTATTCTTTCACTTCGAGTATTTATAGGGTATATACCTTCTATATAAAGAATTTTTTTCATCTAACTGTACCTCCATTTTTAAGCTTTTCTTCTTTTAGCTTAAAAACTTTTACAAAAATAATTGATAGAATA
NZ_CP056003.1_gap52	1935886	1939841	3955	ATAATATTTTGAATCTTTAGGAATTTTTATATCTTTTTTGAAAATATATTTTTGATTATTAATTTTCCTTATATAATATTTTGGAAATTCATCAGTTTCATTTTTTATTGTTATGAAATTTAATTGAATTTTATCTAAATTAACACTTACTTCTCTCCCATCTAGAGCAATTTCATAAATTTTATCAGTACTTTTATTCTCATCCAAATGTAAAAATAAATCAAAGTTATCATCAGATTTTTTATATATTTTTAAGGAATTTATAAAAACTCCTTTTTCTAATTCAAATTTTAAATCAAATGTTTTAAAATTACTATCATTTTTTGTACTTCCAGAATAGAAATAGTATTCAGGACTTTTATCTAATTTGTTGTATTTTTTATAATTTTCAGTATTTAATAAAATTGGATAATTTTCTTTTAAAAATTGAGCCATTTCAAAAGAAACTTCATCAGCTCCAGCAAGAGAAACATGATTGTTATCTAAAAAACAAAGTTTTTCATATTTTTTATTTCTATTATTAAAATCAACACTATCAACATTATATTTGAGCATTAAATTTTTTAATGGTAAATTATATAAAATATTTAAAGTATCATAGTCTCCTATAACTGGTGGAGAAGTTAAAATAATTTTAATTCCCCTTTTTTGGCAAATTTTAAATAAATTTTCTAATAGTTTTAGAGATTTCTTTGATATAACAAAAGAGCTACTAAAAGCATTATTATATTCATTTTCATAAATAGTATAAGTAAGAGAAGTCTTCATAAAATCCCAAGCATAACCTAAAAATCCTTTGTTTTCTATTCTTCCTCCCCAATTTTCATAACTTTTATCTTCTTTTCTTAAATTATTAAATTCTTTCCATCTACTATGATAATAAATGGTATTTGTAAAATGATTTCCCCATTCAATAATAGGTAAAGAATTCTTAATAAGAGTAAATTTATTTACAGAAAATCTCTAGTATCAAGATGTGATCTAAGAGCAACTACACTAGGTTTTCTTACAATTGGATAAACTTCTATTATAATTATTTTAGGATTTTGTCTTTTTAGTATTTCTAAAATAGCAGAATATGTAACCGAAAGTGGTTGACTACTAGTTCCTAGGTTTAAAGAATTACACTTTAAATAATGATCAAAGAGTCTAGAATTAAAGGCACAATATGAATGAGAGCTTCCAACAAAAAGTAAATCAATGCTATTTTTAGGAATTCTATAATAGGCATAGTCAACTAAAATATCAAATCTTTTAAATATATTCTTTTCATAATAAAAAAAAGATAGAATTAAAACAATTAAGAATATTATGGATTTAATAAAATTTTTCATTATTTCCTCCCTTAAAAGCCCATATAGATAAAGTTAGCAGGATTATATCCCTCACCATAAATACCTAATATAACAATAGTTTGAATAAGTAAAATATATAAAAACCATCTAACAGGAAGAATAAAACTTGAAATTTTTTCTCTAACTTGAATTCTTTGACTAGCTCTTTCAAAAAAATATAAAATTAGTAATGAAATTATTAAAACTATAAAGTCTTCTTTATCAATACTTCCACTTTCTATTAATTTTCCTATGCTAGAAAGAAATTTTTTATTAATTTTTTTAACCATATTATAAGCAGTCTTCCAGTCTGAAGCTCTAAAAAATATCCATGCAATTGAAACTAAAATAAAAGTTATGAATTTTGAGATAAATATTTCTAAATTATTATTATCTGAAATAATTTTTAAAATCTTTTTATATTTAAAAATATTTTTAATTTTCTTGAAAAAATTATTAGTTAAATCAGCAAAAATCTGGTAAAAAGCATGTAATAATCCCCAAATAATAAATTTAAAACCAACTCCATGCCAAAGTCCACTTATAAAAAAAGTTATGATAATATTAATATATTTTCTAAATTTTCCTTTTCTACTCCCTCCTAATGGTATATAAACATAGTCTCTAAGCCAAGTACTTAGAGAAATATGCCATCTACTCCAAAAATCTTTAATTGAAATTGCAGAATTCGGGAAATTGAAATTTTGAGATAACTCTATATTCATACTTTGAGCAATCCCTTTACTTATATCAACTGCTCCAGAAAAATCAGTATATAATTCTAAAGCATAACACATTCCTGATAAGAGCATAATAATTCCAGTATATTCGCTATTTTTATCAAAAATTTCATTTGATATCATATTAAGTCTATTAGAAATAATCAATTTTTTAAAAAAACCCCAAAGGGCTAACTGTAAACCAAAACAAAATTGCTTGTAATCAAATTTATTATAAGTTATTAACTGTTCTTTAAGTTGTTCATATCTTGAAATAGGTCCTTGTAAAAATATTGGGAAAAATGTCATATATAATAAAAAGTGTACAAAATTCTTCTCAGCTTTATATTTACTTTTATAAATATCAACTACATAAGCGACTCCTTGTAAAGAATAAAAAGATATCCCTAAAGGTAAGTAAATTTTATTTGCCAGAGAATTTAGGAAAGTAGATTGAATACATAATTTTGTTAAAAAGTAGGAAAAAAATTTTAAATATATTAGCATTCCTACTCCACAAAATAAAGAGAAAAATAATATAAATTTTTTATTCTTATATTTTTCAAGTAAATTTCCAGAAATATAAAAAAGAGCAGAAATTCCTAAAATAAAATACAAAAATTCTACTTTATAAAAACTTATATAGTAAAAATTAAAAAATAATAATGCAAATTTTTGTAGCTTTTTGGGTAAAATAAAATATATAGGAAAAAAAACTACTAAAAAAAGTAAAAATTCAAAAGTAGTAAAATTCATAAACATCTCCTAAAAACAAATAAAATTTATAACCTTTTACAAAACAAAAAACTCATTATAAATGTTACTTTTTCTTAATTTGTTAAGTAATTTATAATAGTTTTAAATCTTTTTTATAATCTCCATTCTCTGTATAATTTTATTCACTTTCCACTATTTATAATTTAAGATTATAAGTTATAGAATAGTCTTATCATGTTAAATATCCTTTTTACCACCCTTTTTATTCCACTCTCCCTTTAAAAGTTCCAATAATATTGGCCAAAGTCTTTCTCATTCCAATGGTATTATTTTCTTTAATTAAATCTTTAAGAATTGTATAATAATCTTCTATATCAACTTTTACTTTTTCATTTTCCATATTAGTTATATAAATTTTATTATTAGATGTCTTTTCTGACGAATTTACGTCATATAGTAATTCTTCAAACAACTTTTCACCAGGTCTTAATCCAACTATATCTATTCCAACAGTTGAACCCGATAATTTAATCATATTCTTAGCTAAATCATATATTTTAACTGGTTCTCCCATATCTAAAATTAGAATTTCTCCACCTTTACCAATAGTTGCTGCCTCTATAACTAATTGAGCTGCTTCTGGTATAGTCATAAAATACCTAATTATATCTTTATGAGTAAGAGTTAAATTCTTTCCCTCTTCTATTAATTTTGAAAATATTGGAATAACTGAACCATTACTTCCTAACACATTTCCAAATCTAACTGCCATAAATTTTGTATTTGAAGATTTTTCTGAATATTTTTGAAAAATCATTTCACAAACTCTTTTTGTTGCTCCCATAATGTTGGTTGGATTTACAGCCTTATCTGTTGAAATTAAAACTACTGACTCTAATTTATATTTTAAGCAACATTCTGCTATATTTTTAGTTCCAAATATATTATTTTTTATAGCTTCTTCTGGATTATTTTCCATAAGTGGTACATGTTTATGTGCAGCAGCATGGAATAATATATCTGGCTTGTATTTATTAAATAATATATCTAGCTTACCAAAATCTCTAACACTTGCAATTTCAGTTTTATAGTCTAAATAAGGATACTTTCTTTTTAATTCAAGTTCCATAAGATAGGAAGCATTTTCATTAATTTCAATATTAATAATTCTTTTAGGGTTATATT
NZ_CP056003.1_gap53	1944386	1946863	2477	TATATTATAGATTCCAGATTTTACATTATTGGTCAACATAAAAAACATTACATCCACAACATCTTTTAGATAGACAAAGTCTCTTAATTGTTCTCCATCTTTAAATCCTTCTTTATATGATTTAAAAAGTTTTACATATCCATTTTCTACATATTGATTATACGTGTGAAATACCATTGAAGCCATTCTTCCTTTATGGTATTCTTGTGGACCATATACATTAAAGAATTTTAAACCGTTCCATTGTTTAGGTTGATTTTTTTGTTTAAAAGCCCAATCATCAAAAAATTTCTTTGAATAGCCATATTTATTTAGAGGTTTTAACTTTTGTAATTCTTCTGGACTTACATCATCATTATATCCAAGTTCTCCCATACCATAAGTTGCAGCAGAAGAAGCATAAATATATTTTATATTTTTTTCAGCACAGAAATTCCATAAAAATTTACTATATCCAAAATTATTATCCATTAAAAAGTCCGCATCTGTTTCTGTTGTAGCTGAACAAGCCCCCATGTGGATAACTGCTTCTATTTTATCTGCATTTTCTTTACAAGCTAACCATTCTTTTAAATTATCTTTATCCATCCAATCGTAATATTCTCTTTTTCTAATATTTAACCATTTATCTTCTTTTCTTAATTTGTCAACTATTAGAATATCTTTTATTCCCATTTCATTTAGCTTCCATACAAAAGCACTACCAATCATTCCAGCTCCACCTGTAACAATTATCATTTCAATACCTCCTTGTATTTAACTTAAAGAGTATAACATTTTTAATTATTTAATTAAAGTAAAAATTTATTTTATTTTTATTATTATACCACACAATATATCATAAAACATAATTAAAAATTATTAATATTTACAAAATTTGTGGTAAAATATATCAGTTATTTCACATTAATAATTTTACAGGAGGAATTTAAGTGAAAAAAATATTTTTTTTAATATATATTTTTTTAAATTTTAGTTTTGCATACTCAGAAAATATAGAATTAAAATCAAGAGAAGATGTTGAAATTGAAAATATAGAAAGTCAAATAAAAGTTTTAGAAGATAAAATTCAAACAATAAAAAAATTAAAAAATAATAAAAATAAAGATGATTTAAAAGTTGCCTTAGTTTTAAGTGGTGGTGGAATAAAAGGATATGCTCATTTAGGAGTTTTAAGAGTTTTAGAAAGAGAAAATATTAAAATTGACTATATCACTGGAACAAGTATAGGAGCTTTGGTTGGGACATTGTACTCAATAGGTTATAGTATTGATGATATTGAAAAAGTTTTAGATATAATAAATGTTGAAAACTTTTTAGAAACAGGTTCTGATACTACTAATTTACCTTTAGATAAAAAAGAAAGTTTAAAAAAATATAGCTTATATGTTAATTTTGATAATGAATTAAATTTTTCTTTACCAAAAGGTCTTAAAGGAAATAGAGAAACATATTTAGTGGTAAAAGACTTATTAAAAAATTATGCAAATATTAAAAATTTTGATGACTTCCCTATACCATTAAGAATAATTGCAACAAACTTAAATACGGGTGAAACAAAAGCCTTTTCAAAGGGAGATATCTCAAAAATTCTAATTGCAAGTATGGCAATTCCAACTATTTTTGAACCAGTTGAAATAGATGGAAATACTTATGTTGATGGACTTGTAAGTAGAAATTTACCAGTTGAAGAAGCCTATGATATGGGAGCTGATTTGGTTGTAGCCTCAGATATAGGAGCACCTATTGTAAAAAAAGATAATTATAATATTTTAAGTGTTTTAAATCAAATAAGCACTATTCAATCTTCAAATATTACAAAAGTTTCAAGAGAAAAGGCTTCAATTTTAATAAGTCCTGATGTTAAAGATATTTCTGCAATTGATTCATCAAAAAAGAATGATTTAATAAATTTAGGTAAAGTTGCTGCTGAACAACAAATAGCAAAGATAAAAGAATTACCTAAGAGCTCTTCTAATAGAAAAATAGTAAAAAATATTGAAGATAAAAAAGAAAAATTTGTTATAAATAAGATAGAATATAACAAAAAATTTGATAATACTACTGTTGAAATTTTAGATAATACTTTTAAAAATTTACTTAATAAACCTATTTCTGAAAAAGATATAGAAAATACAATTACAGATGTTTATAACTTAAAATATATGGATAAAGTTTATTATACTATCAATGATAATGTCCTATATTTAGATGGGGAAAAAGCACATTCAAATAGAATAGGTGTTGGTGCTAACTATCAAACTGGTTATGGTACTACTTTTAATATTGGAACTGATTTATTCTTTAATGGAAAATTTGGAAATAATATCAATTTGAATTTTAAATTTGGTGATTATTTAGGGCTTGATTTAGGAACTCTTACATATCACAGTATTAAAAATAGATTTGGAATTTTAACAAATATTGGATATAATGAGAGTCCATTTTTCTTATATGATAACAGAAAAAAAATTGCT
NZ_CP056003.1_gap54	1948431	1953227	4796	ATTTTAGGATAAAAATTAAATAGAATGAGCCGAGCAAATCTCAGCGTGTTTGAAGCTGACTTGTCAGCAAGTTGGCTGAATTTGCAGCGAATTCTTAATTTTTATTCGTTAAGAAATCTGGCTAGTAACAAACTATTTTTATTTTAATTCTGTGGAGGGAAAATTGGAAAAAATAAAAGTATTTACACTTGAAAATAAATTTTTAAAAATTGAGCTTTTAAATTTAGGAGCTATTATTAAAAAAATAGAACTTAGAGATAAAAATGGAGATATGAAAAATATTGTCTTTGGCTATGAAGATGTAAAAAAATATAGAGAGAATCCTGCTTATTTTGGAGCAGTTATAGGAAGAACAGCTGGAAGAATAAAAAATGGAGATTTAAACTTAACTGATGGAATATATAAATTAAATGTTAATAATGATGGAAATACCCTACATGGAGGAGAAAATTCTATCAGTCATAGATTTTGGAATGTTGAAACTATTGAAAATGGTCTATGTTTTTCTATAAAGAGTTCTCACTTAGATAATGGCTACCCTGCAAATGTAGAAATAAAAGTTAGTTATATTTTAAATAATAATGAACTATTAATAAAATATTTTGCCACAGCTGATAGATTAACTTATTTAAATTTAACTAATCATAGTTATTTTAATTTAAGTGGAAACCCTAATAATACTATCTATGAAGATATTTTAAAAATAGACTCTGATTACTTGATAGGGATAGATAAAAATTCTATTCCTTGTAAAACTATAAATTTAGATAATAATATTTTTGATTTTAGAAATTCCAAAAAATTAGAAGAATTTTTTAAAGCTAATGATGAGCAAAAAACTCTTGCCAATAATGGTATTGACCACCCTTATATTTTTAATAATAAAATTGGAAAATTAGAGATAGCAAATTTTGAAACTAGAATTAAGATGTCAGTTGAAACAAATAACCCTGCTGTTGTAGTCTATACCGCTAATTATTTACAAGATATAGGATTTAAAAAACATTCTGCTATTTGTTTTGAAACACAAGAAGTACCAAACTTATATAAAGATAAAAAAATTAATATTTATCCAACTTTTATTGATAAAAATACTAATTATGAAAAATATACAAAATTTATTTTTGAAAATATTAACTGACTAAATTTTTCTTGAAAGAAAGTAATATAAAATTTCTATTGATAAGCATCAACTACTTGCCAGCCTATAATGTTTCAGTAGCTCCAAAATGCTCCTTCAACATTATAGGACGTCGCAGTAGTTTCTCTAAAAGTTATTTTATTATTCTTTCAAGAAAGATTTTTTTTATACATTTTTTACTTTTAAATAAATAGTATTTTTATAGCTGATGTGATATAATTATAAAGACAATTTTAAAGGACAGAAAATATATTTATAGTCAAGGGACTATTTAAGGAGTGAAAGAATTAATGTTTGATGAAAAAATTATGGAGCTAGAACTTGCTGGAAGAACTTTAAAAGTTTCAACTGGTAAAATTTCTAGACAATCTAGTGGAGCTATTGTAATTCAATATGGAGATACAGTTCTTCTATCTACTGCTAACCGTAGTAAAGAAGCAAGAAAAGGTGCTGACTTTTTCCCTTTAACTGTTGACTATATAGAAAAATTTTATTCAACAGGTAAATTCCCAGGAGGATTTAATAAAAGAGAAGGAAGACCTTCAACAAATGCTACATTAGTAGCAAGACTTATTGATAGACCAATAAGACCAATGTTTCCAGATGGATTTAACTACGATGTACATATAGTTAATACAGTTCTATCTTATGATGAAATCAATACACCTGATTATTTAGGAATAATTGGTTCATCTCTTGCACTTATGATTTCTGATATTCCATTCTTAGGACCTGTTGCAGGAGTAACAGTTGGATATAAAAATGGAGAATTTATTTTAAATCCATCTCCAAAAGAATTGGAAGAAAGTGAACTTGATTTATCTGTTGCAGGAACAAAAGAAGCTGTAAATATGGTTGAAGCAGGAGCAAAAGAATTAGATGAAGAAACTATGTTAAAAGCAATTATGTTTGCACATGAAAATATTAAAAAGATTTGTGAATTTCAAGAAGAGTTTGCTAAATTATATGGAAAAGAAAATATAGAATTTGAAAAGCCAGAAGTTTTACCTCTTGTTAAAAATTTTATTGATACTAATGGATATGAAAGATTACAACAAGCTGTTTTAACTACTGGTAAGAAAAATAGAGAAGAAGCTGTTGACTCATTAGAAGAAGAATTAATGGAAAGATTTACACAAGAAAATTATCCAGATGTTCCAGAAGAAGAATTACCAGAAGATATAATATTAGAATTTAAAAATTACTACCATGATTTAATGAAAAAATTAGTTAGAGAAGCCATTTTATATCACAAACATAGAGTTGATGGAAGAACAACAACTGAAATAAGACCTTTGGATGCTCAAATAAATGTTCTACCTATTCCTCATGGTTCAGCACTGTTTACAAGAGGAGAAACTCAATCTCTTGCAATTACAACATTGGGAACTAAGGAAGATGAACAGTTAATAGATGATTTAGAAAAAGAATATTATAAAAAATTCTATTTACACTATAACTTCCCACCATATTCAGTTGGTGAAGTTGGAAGAATGGGCTCACCTGGAAGAAGAGAATTAGGACATGGTTCACTTGCAGAAAGAGCTTTAAGATATGTAATTCCTACTGAAGAAGAATTTCCTTATACTATAAGAGTGGTATCTGAAATAACCGAATCCAATGGGTCATCTTCACAAGCCTCTATCTGTGGTGGTTCATTATCACTTATGGCAGCAGGAGTTCCTATAAAAGAGCATGTTGCTGGTATAGCAATGGGACTTATTAAAGAAGGAGAAGAATTTACAGTTTTAACAGATATAATGGGATTAGAAGACCATTTAGGAGATATGGATTTCAAAGTTGCTGGTACAAAATCTGGAATTACAGCTTTACAAATGGATATTAAAATTACAGGTATAACAGAAGAAATTATGAGAATCGCTTTAAATCAAGCTCATCAAGCTAGACTTGAAATATTAGAGCTTATGAATAATACAATTTCTAAACCTGCTGAATTAAAATCTAATGTACCTAGAATACAACAAATAACTATTCCTAAGGATAAGATTGCAGTTCTTATTGGACCAGCTGGAAAAAATATTAAAGGTATTATAGACCAAACAGGTTCTACTGTTGACATAACTGATGATGGACTTGTATCCGTTTTTGCAAAAGATGCTGAAACATTAGAAAAAACTTTAAAACTTATAGATTCTTATGTAAAAGAAGTTGAATATGGTGAAGTGTATGAGGGAAGAGTTGTTTCTATAATGAAATTTGGTGCATTTATGGAAATTTTACCTGGTAAAGAAGGTCTACTTCATATTTCTGAAATTTCACCAGAAAGAGTTGAAAAAGTTGAAGATGTACTTTCAGTTGGAGATGTATTTAAAGTAAGAGTTATTTCTATGGAAGGTGGAAAAATCTCTTTAAGTAAAAAGAAGGTTTAATTCTAGGAGGACTTTTATGAATTTACCTAATAGACTTACTATGATTAGATTTATATTAGCAGTGCCTTTTATAATATTTTTACAATATTCAGATTCAAGTAAATATGGTTTGATTTTTAGATTAATTTCTCTTGTGATATTTGTAATAGCATCACTCACAGATTTTTTTGATGGCTATATTGCAAGAAAATACAATTTAATTACTGATTTTGGGAAAATTATGGATCCTCTTGCCGATAAAATACTTGTTATTTCAGCACTTGTAATATTTGTACAATTAGAGTATATCCCTGGCTGGATGTCTATTATTGTTTTAGCTCGTGAATTTTTAATCAGTGGAATAAGAATACTTGCAGCTGCAAAAGGAGAAATTATTGCAGCAGGTAATTTAGGAAAATATAAGACAACAAGTCAAATGATTGTTGTTATAATATCCTTAGTAATAGGTCCTATTGGTTTTCACATATCTGATTATTATTTTACAGTAGCAGAAGTATTGATGTTAATACCAGTTATTTTAACAATATGGTCAGGTTGGGAATATACTTTTAAAGCAAAACACTATTTTACTGAACAATGAAAGAGGAAATTTTATGTCACTTTTAGCGTATTCGCTTATAACTATAATACAAAAATTGAGTTGGATTATTTATATCTTAATTATGATTAGAGTTCTTTTATCTTGGGTTCCAATGAATAATAGCTTTTCTGAACTCATTTACAATGTAACTGAACCTATGTTAAAACCATTTAAGGATGTGTTAAATAAATACTTAAATTTGCCTATTGACCTTTCACCTTTGCTTTTTATAGTTTGTGTAGAAGCAGTTGAAAAAATTTTAATAAGGCTGATTATAGTTATTTTTTAATAATACTGTGGGGGTTATTGCTAATATCAAATGTATAAAAATAGTTCGTTACTAGCCAGATTTCTTAACAGATAAAAATTAAGAATTCGCTGCAAATTCGCTAAACTCACTTCGTTCAAACACAGCGAGATTTGCTCGGCTCATTCTATTTAATTTTTATCTTAAAATCTGGAATGTAACGCTCTTATTTTTATTTACATTTCTCAAATATTTTGCAATAACTTTTTTATATATAATAAAGAAAAATGGAGAATTTATGGAAAAAATTGGAAATGATTATCATATCCCTGTCTTATATTATGAAACCTTAGATAATTTAGTTATAAATCCTGATGGTGTCTATATAGATTGTACTCTTGGTGGAGGAAGTCATTCAGAAGGAATTTTAGAAAGATT
NZ_CP056003.1_gap55	1955511	1957073	1562	CTTGTAATCCTTCAACTTTTGCAAGAGATGTAAAGTTATTTTCTGAAAAGGGATATGTTTTGAAAAAATTACAAGCTGTGGATATGTTCCCACAAACTAGCCATATTGAGTGTGTGGGATTGATAGAAAAAATATAATTTAAAAAGCTATATTAGTGTAATTGATTTAATATTTCATATGTGAAAGTAAGGCTATCTCTGAACAAATTTAAAATTATATTTTAGAAAAGTCCTGATTTAAAGTGTCGTTATTGAATTATTGTATATTGTCTAGCTTAAGAGGAAAAATAGTTTAGACATTATAGAATACTGTGATATATTATATCAAAAAATAGAAATTAAAAAGTTCCAACAGTGTCCAATTGAAAAGAAAATAAAATCTCTCTCAAAATGTTCCCCAAAGAATTGAAGAGTAAAATTGTTGAGATAATAAATAAGGATAGTAAGGTTAGCCATAAATTTATGGTTGAAAAATTGGAAGTTAATGAAAAGGTAATTTTAAGGTATATAAATGAAATCTCTTATATCATATTTATTGGAAAGAGGGAAAAATTGACATCAGGAAGTGGATTAAAGTTGATGAGTGGAGAATTGGAGGTCTAAAAAATTGAAAACTTATTATGATTTTATGTCAGAAATAAAGGCTGACGAATTATATGATAGGCTAGTTTCTTATGGAATGTTTTCAGAGAAGTTACCTTCTATATTCACAGGAGATTTGTTTTTAAACTATTGTAAAAATATTTGTAAGCAATCATTTTCAGATGAATGGAGAGGATATATCAACTATGAAAGCATGAGAAATACTAACATTCCAAGAAATATTGGTATCCCTACTCCAATGGGACATGAACTCTTATGCAAAACATTGATGAAGCATTGGACTAAATTAACTAAATATTTTGAAAGAAAAACAAAAGGACAACCAAGAATAATTAGTCGTATTCATATTAGAAAAATACAAGATACGAAAGCTCTGTTTTTGATGAATTATAAAAATTGGATCGATGATGGAACTCCTGAACCTGACATCTATTTAGGAAAAAGATATATGATTCATACAGATATTTCAAAATGTTATCCCAGTATATATACACATGCAATTCCATGGGCACTCGTTGGAAAAGATGTAGCAAAAAATAATATAGGTAAATATAAAGAATGGTATAACCAAATAGATCATTTTGCACAGATTTCAAAAAATGGAGAAACACATGGACTTTTAATAGGTCCGCATACTTCTAATATATTATCTGAAATAATTTTATGTGCAATAGACAAAGAATTATCAAAAAAATATGATTCTTATATAAGAAATATAGATGATTATATATGCTATGTTGCCACAAAAGAAGAGGCGGACAATTTTATTATTGATTTAAACAGAGAATTAAGAAAATATGATTTATTAATAAATCATAAGAAAACAGAAATATATGAACTTCCGATTTGTGTTATTGAAACATGGATTCATAAAATACAAAATCACATGGTCACATTTCAAAAATTCAAGGATTACATCGATTATAGAGAAATTCAAGCATTCATAGATTTTATAATAAA
NZ_CP056003.1_gap56	1982489	1984313	1824	GTTTTCTTCATTAGCTAGTTCTTTTAAAATTTCATCTTTCTGACTAGAATAAAAAGTTATTATCCCAAAATTTTTCCCTTTTGCCTCTTCACTGTCTATATGTTTATATATAAATTTAGCTATTTCTTTTGCTTCTATATTTCTATAAAAACTATTATTATTCTTTTTCTTTTCTTGATATTTATTTGAAATATCAAACCAAGCAAATGCTTTTCTTTCTAAATCTTTTAATCTATTATCAAATTTATCTTCTTCCAAACCATTTTCTAATTTTCCTTCATAAAAATGGTTACTCACAAATGCCCCCATTTTAGGATGCATTCTATATTGTCTATTTAACATTATTACTCTTTTTATTCCATCATATTTTTCTAATTTTTCACAACTTTTTTTTAAATACTCAAACATACTTTCTTTAATTTGCTCTTCTATATAACTTTTAACATCTTTTCCTCCATTTTTTTTCTCTTCATCTTTCAAATATTCTAATATATTTTCATCTATTAAATGTGGTAGTTGTTTATGATCTCCAACTAGTATAATTCTTCTTTTTGCCATACTCATAGGTATCAATAAATCGGGAGGGTTACTTCTTGCTGCTTCATCTATTAAAACATTCTCATAGGTTCTAGTTTCATCATAGAATTTTCCATTATTTATTTTGTTTTCTAATGTTCTTCTTTTTGCATTCAATATTTCTTTTCCTTGTGTTTGCTGACAGGTTGCTCCAAAAGTTGTAATGTACTCTCTTATTGTATCTCTTACTCTCAATGGGTTATTTTCTAGCTCATCAAGATATTTTAATTTTATTCTTTCTTTAAAATTTTTATTTTCTCTTACAATATTATTAATTATTGAACTTATTTTTTCAAAAATTTCTGCTATCTTCTGATTAAAAGCTTTATCCATAAAGGGATATTCAACAGGTGTTAATTTTGATAAAATTGAAATTTTACATCCTTTTAAAAGAGAGAAATTAATCTTATTTTCTACAAGTGAATTTTTTAAAATTTTTAACTCCTCTACAAAATTACTAGCTTGAATTTCCTTATCTTTTATTGCTTCTTCTATCTTTTCTATACTCTTTTTAACAAAGTATCTTCCATTATCTACAAACATATTTTCTGAAATTGGTATTTTATAAAAATATGATTTATCTACAAAACAAGTTCTACTTACCCCTCTATAATCATCTTCTATTCTTTCTAATTCTTCTAAAATCTCCTTTGTAAGCTGATATTTTCTTGAAAAAAATTTTAACTTTCTTATTAGATTTTTTATCTCAATTTCATCTAAACTTTCTCTTATTCTATTAGTATAGTCATTATAGATTTCTCTTAATTCTTTTTCCTCACTCTCTCTTTTCAATTCTGGATTTTCTTCATAGTAAATGTTAATAACTTTATTCATATAATTTTTAAAATTTTTATTAACTAACTCTTCTTGCATTCCAGCTTTTATTCCATATTTTTCTGCAGGTAAACCTAAAATTTTTATTCTTGATAAGGCATTATTTACTGCATCGTGTTGAAATGAAGTCAATAGATTATTTCCTGATATATTCCCAACTTCTTTTCTTTCCTCACTTAACCTTTGTAAAATAGCGGTTATTACAGTAGTTTTGCCTGTACCAGGTGGTCCTTGTATTATAGCTATATCTGGAGTATTTAAAGCTATTTGTATTGCTTCTTTTTGATTTTCAGTAGGTTCATATTTAGGAAACAGACTCTCTTTAGTTTGAATGGAAAGTGCCTCATAATTCCCAGCTTTTTCTTTAGTCACTTTTTTTCCTTCAATAATTAAATTTAATTCTCTCATTGGAGT
NZ_CP056003.1_gap57	1986819	1991030	4211	TAAAAACTACATCTTTATCATTTATAATGTTTTCCATAATCTCTCCCTTAAAAAAGGGATTATCATATATAAATATAGTAATAATCCCTAGTCAATTTTAGTCTCTATCTTTTACAATTTTATTGTAATCGTCACTTATACCTTTAAGAAAATCTGATGAATTAAAATCTTTAGATAAAGTTTTTTCTTTTATAGTCATAGTCATAAATTTAAAGAAATCTATAATGTTCATTGAGTCTTTAGCTTCGTATACTTCACCATTTGAAGAGAAACCTTTTAAAACATCATAATCATAATCTCTACCAATTCCTAAACTCATTCTCATACATTTTTTACTTCTACCATCATTTATAAATCTATACATCTCATTTTCCCATCCATTATCATTTGGTGCTCCATCTGACAACAATAGGATAATAGGTGCATATGACTTAGATGGAATAATTTCTCTATTTTCTACCATCTCTTTAGCAATTCTTAATGCTCCTCCCAAAGGTGTCATTCCTCCCTCTGTAAAATCATTAAATTCTATATTAGAAACTGGTGTTAAAGCTGTATGAAGATTTGCACCTCCATTTCCAAATGTTATAAAAGATATATGAATCTCTGCTTTTAAAGATTCTTGTTCTTTTAATGTTCCTAACATATCCCTAATAGCTGTATTTAGTTCTCCCATCCATTCTCTCATTGAACTACTTGTATCTGTTAATAATATTAATGGTAATACTCTTTTTGGTTGTGCTGTAAATTCCATTTTATCCTCCTTAAATTTTAAATTAAATCATAAATATCTTGATATTCTAAAACTATTCCATCTGTAGAAAATTTTTCTAAAATAATTTTTCTATACCCTTCTCCAATTCCAACAGAAATTCTTTTTATTTTACTCTCTATACTTTCCTTTTTTTGATTCAAGAAACTATTACTTTTATCATTAAAATACCCATCTGAAAATAAAATAATTTTTTTATCTCCTTCATAGTTTTTAAATTTTTCTTCTATCATTTTTAAGATTTCTTCAATATCATAATTCTTTAATTCAATTTTTTCCAAAGATACATTTTTAAAATCTTTCTCTTGAATTAAAATATCATTATTTTCCAATGTTATTAGTAGTAACCTTAAAGATGTGTTTTCTAAATACTTTCTTCTAAAACTTTCCATTAGAAGATTTATAGAATCTTCTAATGGTATTTTTTCATTTTCTACTGAGCCACTTCTATCTACTATTACTGCGATATTCATGCTATTCATTCATCTCTCCCCTCAATTTTTTATGATAAGCTAATATTTCTTGTATTAATTCTTCTTCTGTTAAGAAAGGATTACATTTTGATAACTCTTCAAAAGATTCAAAGCCTTTCTCCTTTAAGAAGGATGTTATTTCTTTTTGATGCTCTTCTTTTAATGGATTTCTTTTAACTACATCTAAATCTCCAAATTTATAACCATTTAATTTTTTTAAGTTTTTTATAAGTACTTCTTCTGTTATTTCACCTTCCTTTAATAACTCAAAACCTTCTTTTATATTATTTATAAATTCTTCTTCCTCACCTTTTAAGATATAATTTACTAAATAATCAAGAAGTTTCAAAAATCTATTTTCTTCATTTAATATTGAATATTCTATTATATTGGTTACTTTCTCATCAAACATCCTTTGTAGATATATATGTAAGTTATTATCTGTTAAATTATTTAAAATTTCATGTAATTTTATAACTTTTTTCATTCTATCCTTGTTAATATTTATATAATTTTTATCTTTTATTTTTGATCTGTATCTTATATTTGCTCTTGTATCAAAACTTAAAAATAACTCATTATTGTCTATACAATAATCTATTAAACTTCCATCTACTCCATCTAAATTTCTTTCTACATCTGCATAAAATACAATTTCATTTTCTTCTATAGCCTCTCCTATTAGTCTATATACTCTTTTAGCAATTTCAGTCTTCTTGTCATTTTTAAATGCTCTCTTTTTTAATTTTTCTATTTCAGAATAAATGCTATCAAGTATTATTATTCCATTCACATTCTCAGTTGGTAAAATAATATTTAATGATTTTAATAAAGTTTCAAAACTCATCTTTTCTTCTTCAAATAAATCTAATAATACATTTGTATCTACTACTACTTTTCTCATAATAATTTCCTCCTAGAATTTTTATTTTCTTTCTATGAGTTAAGATTATCATATAATTTTATATTTTTAAATAATTTATTTTTTATAATAAAATAATATATTTTTTTTATTTTTTATTTATTTTAAAATATTTTTTTATATTAATTATATTTTTTATAATGTAAATTTATATTATTAAAAATATTTCAATATAAAAAAATTAAAATGTTTTTTATTTTATATACATCTCATAAGTTCTTCCAAAATTTTTCTTAAAGCTCTCTCTTAAACTTTCTGGCTCAATTATTTCAATATCATCATAAAACTGTGCAAAATATACCTTTGCTAGTTTTTCACTACATTCAAAAGTATATATATCCCCTTCCTCTTTTATTAATTTTGGTCTATTTTGAGTTACCCTTTCATACAGTGCTTTACCTTCTTCTGTCATTCTTACTTTTATAAAATTTCCATATGATAAAAATGGATCAAAATTTTTCTTGATTGCTTCTATATATTCTTTATCTTTAATGTAAATTTCTTTTTGTAAATTCCATATATTTTCAATATCAGAAATTCTGTAATTTCTAAAATCTTGATTTTTTTCACAATAACAAAATAGATAGGCTCTATTTTCCTTTGATGAAACCTCTATGAAGTATGGATTTACTATTCTTGCTGTTGAGTGGTATTTTATTCCTATTTTTATGTTATTTTTGATTGCTTCACGAATTTGTTTAAATGTATTGTTAAATATTATTTCTTCTCTTTTAAATCTCAAATTATTGATACAAGTGAAAAATATATCTCTCATAAGTTCAGCTTCTGTACTAGCTTTCTTTTCTCTTAGGACGTCAAAAAATATGTCCTCATTTTCTTTTGAAAGATTAAATTGGACTTTTTTTTCACTTGATTCTTCTAATTCAATTTTACTTAGATTTTTGTCTATAAAGTGCCTAAATAGAGTATTTCCAATCTTACCTAATGGTATTTTAAAATACTCAGCATCCCCTTTTAAAATTTCAAACATAAAGTCTGAAACTGTAACCCTAACTTTTTTCATATTAAATACTCCCCAATATTTAATTAGCTTCAATATATCATAACACTTTATATACTTTTTTCAAGTACTTTTTTAATGTTTTAATCTATTTTAGTATAATTTTTTCAGAAATATCTTTCTAGTTGTATTTTTACATCTATTTTTTAGATAAAAATATATTTTTACTGTTTATTTTCAATATTATTTTAGAAATATTTTTAGCAAAACTAAAAGTTGTTGCAACTTATATTTATACAACAACTTTTCTTTAAACTTAAAATATATCTTCTTCAAGAGGTTCATCCTCTGATACCATTATTCCATCTTCTAAATCTTTTTCTATGTTCTTTCCTTTTAGTAATGATATTTCATCATATAGTTCTTCATTTTCTTCTTCCAAATCTTTTTTATCTTTCCATAAACTATATGCTACACCTGCTAAAATACTTCCACCTAAAATTGTTAAAGTTTTTGATAATTTTCCCATTTTTATTCCCACTTAATATTTTGATAAGATAAGAATACTCTATTTTTCTATTTCTTTCAAGGAACGATTTTTTATTAAGATTTGTTCCTTCAAAAAAAATTTACCTACTGATATCAATAGGTAATTTAATTTCCATTTTTATTTTTTTGTTCCCTAAGACATTTAATTTTTTACTTAATTGCCCTAGTCATAATATATGTAGAAATATTCATCTCATGAAGTCTTCCAGCTCCATTGGTATCATCTTCAATATTTGTTAAAGTAAAACCTGCTTTTAATTGTCCTCCAAGTTGTTCACTTAAAGTGTGTGAAAATTGATAACCTCCATCAAATTTTTCTAAAAATTCTTTATGCTCTTTATTTTTTAAAGGATTGAATGGCATAGAAAAAACTATTTTTTCTTCACTTTCGTCTACTAAATAATTAATTTCTGTTGATAAACCACAAAGTAAAATTCCATCTTTTTTCAAAATTCTATAACATTCTTTAAAAACAGGCTCAACATTCTCAATATAGCAATTACTTACTGGATGAAAAATTATGTCAAAACTTTC
NZ_CP056003.1_gap58	2012042	2016742	4700	TGTTTTTTCAACTTCTCCAACACATTCAATCCCCAATATTCTTGGAAATTTTACAGATGGTGAATGCCCCTCTCTTGTAAAAATTTCTGAATGATTAATTCCAAAACCTTTTATCTTAACTAAAGTCCATCCTTCTTTTAATTCGGGAATTTCCCTTGTTTCAACTTTTAATTGCTCAGGTCCTCCTGCCTCATAAATAACAACTGCTTTCATCTTCATATTAATAACTCCTTTTACATCTCTGCCATTTTTAATAATTGTTTCACAAATTCATTTTTAGGGTTAGAACAAATATTTTTAGGTATATCATATTGTTGAATTTCTCCTTTATCCAATACTAAAACCTTTGTTCCTAGCTTTAAAGCCTCAGTTATATCGTGAGTTATAAAAACGATAGTTGCCTCTGTTTTTTTGTGTAATTCCTTTAAATCTTTTTGTAACTGATATCTTGTAATAGCATCAACTGCTCCAAATGGTTCATCCATCAATATTATATCAGGATTTGCTGCCAAAGCTCTTGCTATTCCAACTCTCTGTTGTTGTCCACCTGACAGCTCATCTGGTAATCTATCTTTTAAATCTCTTGAAAGATTTAACATATCCATTTTTTCATTTACTATCTTTTCAATTTCTTTTTTATCATATTTTTTTAAATTTAATACATAAGCAATATTATCAAAAACTGTTAAATGTGGAAATAAAATATTCCCTTGAATTACATAGCCTATTTTTCTTCTAAGCTCAATTAAATCCTCATCTTGAATATTTTTATCATTTATAAGTACTTCACCTTTATCTGCCTTTATAAGACCATTTATCATCTTTAAAATTGTTGTTTTACCAGAACCTGATGAACCTATGATAGTTAAAAATGTTCCACATTCAATAGTCAAATTAAAATCTTTTATTACTTCTTGATTTCCATAACTCTTACTAATATTTTTAAATTCTATCATTATCTAGCCTCCAATAAACCTTTTTCTTGTAAATATTCTCTTGCTACATCTTCTGGTTTCTTTCCTTCACTTTCAACTTGATAATTCAAATCTGCCATTGTCTTATCATCTAAAATATTATTTAATTTTTCTAAAACTGGTTTTAATTCTGGATATTCAGATAAAATCTCACTTCTTATAACTGTTCCTGCCCTATATGATGGGTACATCTTTTTGTCATCTTCTAAAACGACTACATCAGATATTGCTAGCTGTCCATCTGTTGTAAAAATTACCATAACATCAATTTTCTTATCTTTCATAGCTTGATATTTAAGTCCAATATCCATATCTATTTTCTTTTTAAAATCCATATTATATATTTTTTGTAATTCTTTATAGCCATCTTCTCTTTCAAAGAAATCATATTCTGCTCCAAAAATTAAATTATTTGATACCTTTGCCAAATCACTATATGTTTTTAAATTGTATTTTTCTGCAATATCCTTATTTACTGCTAAACCATAGGTATTATTAAAACCATATAAATTTACGTATTCTAAATTATATTTTTCTTTATATTCTTTTTGCAATTCATCAAATTTACTTTCATTATAGCTTGCTTCTTTCTTTAAAACTGCTTCCCAAGAAGTTCCTGTATATTCAGGATATAAATCAAACTCTCCCTTAACTATTGCAGGGTGAATATTGGAAGTTCCTCCTCCAACCCCATTTGTGATGTTAACTTTTAAATCTGTATCTTGTTCAATAAGTTCAGTTAGCATTTGTCCTAAAATATAACCCTCTGTCATAGGTTTTGTTGCAATATTTATAGTTTTATCTTTCTTTGAATTTAAAGAAAAATATGCTCCAAATATAACTATAAAAAGTCCTAAAATTATTAATTTTGGATTTATTTTATATTTTATCCTTTTATAATTAGTCAATCTTTTTTCTATAAGTCCCAAGATAAAATCAAAAACTAAGGCTAAGATTGCTATAAGTAAACTTCCTAGAAAAGTCATAGCTGAATTATTAGTTGTTATCCCTCTATAAATTGCAACCCCTAAGCCCCCTGCTCCAACAAAAGAAGCTATACCTGCAAGTGCTATTGTCATTGTAACCATATTTCTAATACCTGACATCAAAACTGGCAATGCTAATGGCAATTTAACCTTGAATAGTTGTTGTAATTTTGTACTTCCCATCCCCTCTGATGCTTCTATAATTAAAGGATTTATGTTTACAATTCCTGTATATGTACTTCTTATTATTGGCAAAAGTGCATATATTATTAAAGCAATAAGTGCTGTTGTATTCCCAACTCCTGTGATTGTAATAAAAAATCCTAATAGTGCTATTGAGGGTATAGTATATAGTATATTAACAGTTCCCAATATTAATCCTGAAAATTTTCTATATTCGCTGATTATTATTCCTAGAATAATACCTAATACACTTGCAATGCTTATAGCTAACAATGAAATTAAAATATGTTCTATTGTTAAATTAAGAAAAAATCTAAAATCTTCTGTCAATAATTTTATCAATTGATTTATCATCACTTATCACCTTCCTTTTTTCTTCAAAATTCTTGATAATTCTATGTAAGTATTCTTCAAATTTATCTATCTCTTCTTCACTAAAACCTTCATACATCTTTTTGGTCATTTCATCTGAAATTTTATCAGAGCATTTTTTTAAAGACTTTGCATGATCTGTCAAAATTACCAATAATTTTCTTTTATCATTTTCATCTGTTATTCTTCTTATTAAATTATTTTTTTCCATTTTTTCAAGCATAACTGTAATTGTATTCTTAGCTAAACCTGTTTCACTTGCTAATTCTTTTTGAGTAACTTTATCTTTTTGCCAAAGTACAAATAAAATCTTTCCTTGCTCTCCACTAAAAGCATCTATGCCTTGTTCACTTATACACTGTGCTAGTGATCTGCTATGTAATTGTTTTAATTTTGTTATTAGAAATCCACCTAATCTTTGCATATATATCAGTCCTTTTATTCACCTTTTAAATTAGTTCTATTTAGAACTAATTTAAGTATACCATATCTGTTATAATTTGTAAAATAAAAAAAGCAGGTGACCTGCTGGAACAAATCACCCACATAAAACTAACAATTTAATATTTATTTAAAAATTAAAAATAAATGTTAAACTAATGTTTTTAGATAAAAGCATTAAAAAAAATACTACTATCATGAACCATAAAATAACCTTTTTCAACATCTTCACCTCCTTACTTTTGAGATGAAGGGGAAAAATAATAAAGGCAATTAATTATATCATTGACAAGATAAAAAATAAATACTATAATTAACACAGATATAGAAATATATTGAACCATAAAAAACCAAAATAAAGGTAAAACATCACTTACTGGAATAGGTGATGTTTTTATTTTACAAAAATAAGGGTTATTGCAAATTCACAATAGCCCTTAACTTTATTTATTCCTCAAAACTTTTCAAACTTTCTTTTAACTTTTCTATCTTATCTTGATATTCTTTTTGTATTCTTAGCTCTCTATCTATTATATGTTGAGGTGCTTTTGAAGTAAACTTTTCATCAGATAATTTTCTGTTTACAGGTTCTAATTCCTTTTCTAACTTAGCAAGTTGTTCATTAATCTTCTTAATTTCTGCCTCATTATTTAAAAGTCCTGTTAATATCATATACACTGATGAATTTCCTGCCACTCTTAAAGAACTTTGACTTGGTGCTTCTAAGTCTGTTCCACAAGTTAATTCTTCTAGGTTAGCCAATTTTTTAATAAACAATTCATTTTTTTCAAGAGTTTCTAATTCTTCTGAATTAGAAGTTGATACAACTACTTTTGCAGGTTTTGCAGGAGAAATTCCCTTTTCTGCTCTTATATTTCTAAGAGATGAAACAACTTCTTTTATATATTCAAAAGATTTTTCAATTTTAGCATCTATTAAATTATCATCTGCTACTGGATATTGTTGTAACATTATAGTATCTCCATCTACTTTTATCTTTTGCCAAATTTCTTCTGTGATAAATGGCATAAATGGATGAAGTAATCTCAATCCTTGTTCTAGGATAGTCCATAGCATATATTGTGCTGTCAATTTAGAAATTTTCTTATCTTCATCATCATTATAAAGTCTGATTTTTGCAATTTCAACATACCAATCACAAAAATCTCCTCTTAAAAATTCATAAACTGCTTTTGCTGCATTATCAAGCTCAAATTTTTCTAAACAATCTTTTACATCTTTTGCAGTTTCATTTAATCTTGAAATTATCCACTTATCAACAAGTTCATAATCTAATTTTGTTTTATCCACAGATTTTACATCAAAACCTTCTAAGTTCATAATAACAAATCTTGCAGCATTCCAAATCTTATTAGCAAAATTTCTTCCCATTCCTAATAAGTCAGTTGAAAAATGTACATCTTGCCCTTGAGAAGTGTTATATATCATAGAAAATCTTATAGCATCTACTCCATATTCTTTGATTAAATCAAGAGGATCAGGGGAATTTCCAAGAGATTTTGACATCTTTCTACCAATTTCATCTCTTACAATTCCGTGGAAGAATACATTTTTAAACGGTATCTTTTTAAGTTCATACATACCAAACATTATCATTCTTGCAACCCAGAAGAATATTATATCTGCTCCTGTTACCAATGTACTTGTAGGATAGAATAAATCTAATTCCTTAGTTTTTTCTGGCCAGCCCATTGTTGAAAATGGCCAAAGTGCAGATGAGAAC
NZ_CP056003.1_gap59	2019954	2021349	1395	AGTTCTTCTATGTCCTCTAATTTCTGCTTCATCTCTAACTCCACCTAATGAAACTCTTACAAATTTTCTTCCCATTGACTCTGCAATAGATTTGACAAGCGAAGTCTTACCTATTCCTGGTGGTCCTGCAAGACATAAAATTACTCCATTCATAGATGGATTTAATTTCTTAACTGCAAGATAATCTAAAACTTTTTCCTTGGCATCTTTCAATCCATAGTGGTCTCTTTCCAATATTTCAGAAGCCTTCTTTAAATCTAAGGCATCATTTGTTTGTGAGTTCCAAGGTAGATCTAAAACTGCCTCTATATAGTTTCTAATAACTGATGATTCAGCTGAAAATGGTTGCATTTTAGATAATTTTTTAACTTCCACTTCCAATTTTTCTCTTACTTCTTTTGGAATATCAGCATTTTTTAATCTATCCACAATTTCTATAACATCATCATCTTGTGAAAAATCTCCTAATTCTTCTTTCATAACAGAGATTTTTTCTTTTAGATAATATGCTCTTTGTGCTTCATTCATCTTAGTCTTAACTTTATCATCAATAGTTTTTTCCAATGATGCAATTTCCATTTCAGCAACTATTTCATCTAAAATTCTATATCCTCTATCTCTGACATTACTTATTTCCAAGATTTCTTGTTTCTTTTCAGATGAGATATTCAAATTAGATGCCATTATATCTAAACCATTTGAATAATCTTCTATCTTCTTTAAATTTAAAATAAGTTCTGATGAGAACTTTCCTATCATACTTACATACTTTTCAAATCTTGTGAAAACTTTTCTATAAATAGCCTCTGTTTCTTTACTATCTTTTAAAGTTTCCTCTATAACTGTATATGTAGTTACATATTCATTTTCTTCTTTTTTTATATCTTTAATTCTTACTCTATTCTCTGCTTCAACTAAAACTTTTATATTATTATTAGGCATTCTAATTATTTGCACTATATTTGCTATAACTCCAACTTCATAGATATCTCCATCAAAAGTAGGATTTTCTTGACTTGCATCTTTTTGTAACCCTAATACTAATTTTGTTTTATTTGCTATTGCTTTCTCTAATGTTGCTATACTGTTAGCTCTACCAACATATATTGGTGTTACAACATTTGGGAATATTACTAAATCTCTTATTGGTAGAAATGGTGCCTTTAACATTTTTCCTCCTTATTCCTTTCCTTACATCTCTAATAATAGAAAAATAAGTGAGTTACGATTGTAGATTTTAGATAAAAAATCAAATAGAATGAGCCGAACAAATCTCGGCTTGTCTGAAGACAACTTGTTGTCAAGTTTGCCGAATTTGTAGCGAATTCTTGATTTTTTTATCGTTAAGAAATCTACTCAGTAACGAACTATTTTTCTATTTATATACTATTTCTG
NZ_CP056003.1_gap60	2024940	2029078	4138	TTTTCCTCCTAATAATTATTTATTTTCTTTTATACTTTTTAAAATAATCTGTGTAACTTCTTCATCATTTAAAATTATTTTCTCTGGATAGTATACTATATTATATGTCTTATTCATATAGTCAGAAGCTATTTTTTCTGCCAACTCAAAACCAACAGCATTATAGCTCACATTATCTTTATATATAATCCCATTAAAATGCCTAAAATCTACTCCAAATCTTTTTATTTCATTTAATTTTAAATTTCTATCAAAGAATAAAGGATGTGGATTATTTGAACCAAAAGGTCCCATTTTTTCCATAAATTCAAATGTCTTATCCCCTAAATCTTCTATTGGTAGTTCAAAATCAAAATTCTTTTCATAATCTTTTTTATTTTTATTATGTTCTAACTTCATTTTAGGAATAGTATTAATAAAATATTCCTTAACTTTACTTATATTTTCTTTATGGATAACAAAACCTGCTGCCAAATCATGTCCTCCATATCTTTCTAAAAGATTTTTTACATCTGATAAAAGGTTAAATATACTTATATCTCCAACACTTCTACAAGAAGCCTTTCCATAATCTCCCTCTATTGCAACCAATACAACAGGAATATTAAACTTTATAGTCAACCTTGATGAAACAACCCCTATCACTCCTGGGTGCCACTTAGGTGAGGACAAAAATATAACTGAAAGTTTATCAAAAGGAATTTTTAAATTTTTTATTTTTCTCATGGCATCATCAAAGATATGCTTTTCTAAGGCCCTTCTTTGTTTATTTTGCTCTTTCATTTCTTCAATTATATTGTACAAATCAAAGTCATCATCTTTGAGAAAAAAATCTGCTCCCATTCTTGATATTCCTACTCTCCCCAAAGAATTTATCAAAGGTGAGATATAGTAACTTACATCTGTTGTTGTCAAAGTTTTCTTATTAAGTCTTAGATAATTAAGTAAATAGGATAAGCCTTTTACCTTAGTATTTTTTATAATTTTCAAACCTTTTTTTATTATCAAACGATTTTCATCTATCATAGGTACAACATCTGCTATTGTCCCTATCATAACTATATCCAAATATTTATAGATTATCTCCATATCTAAACCTAAGCTCATACATATTCCCTGTGCCAGTTTAAAAGCTACACCAGCACCTGAAAGATATTGAAATTTATAAGTTTTACTAAGTTTAGGGTTAAGATATAATATTTCATCATCAAACTTCTCTTTTATAGTCTTATGATGGTCTGTAACTATAACTTCAATACCTAAACTTTTAGCATATCTTACATCTTCTATTGTGTTATAGCCTGTATCAACAGTTATAACAAACTTTCCTTGTTTTTTATGAAAATAGTCTATACTTTTTTTTGAAACTCCATAATCTGTTTCTTTTCTACTTGGTATATAGCAATCAGCTATTATCCCAATTTCATTAAAAAATTTTGTTAAAAATGCTGTTCCACTTATTCCATCAACATCATAATCTCCATAGATAAATATTTTTTCTTTATTCTCTCTAGCAGAAATTATTTTATTGACAATAGCTTCCATATTTTCAAAATCAAAAGGATTCTTAAAATCTGAATAATCAGGATTTATAAATTTTTCTATTTGATTTCTACTTTCATAGCCTCTTTTTTCAAGTAATTCTTTTATTAACTCATTTGTACTTTTTTCTTTAACCATATACACCACTAAACTTTCAAATCATTTAAAAGTTTAGTGATTTTTATAGCATTTTCCATAGAATTATCTAATTTAACTCTTATTTCAGGAGTATATCTTATATCTACTTCTTCTGCAACTCTTTTTCTTAAAAATCCTTTTATTTCATTTAAGGCTTCCAAAATTTCTTCATTATCATATTGGTTTTTATCACTATTTAAAGGTGGTAAAATACTAAAATATGTATCTGCAAATTTTAAATCTTCTGTAACATCAACTTCTGTAACTGAAACTAAACCTTTGATTTTAGGGTTTTTTACTTCTTCAAGAAGAACCTTAGATATTACTCTCATAATTTCTTTTCCTATGCCTTCAAGCCTTTGTTTTTTCAAAATAATCACCTCACTTATTTTAGTGTTCTTTTTACTTCTACCATTTCAAATGCTTCTACCACATCTCCTTCTTTTATATCATTGAAATTTTCAACACCAAGTCCACATTCTTGACCTGCTACAACTTCCTTAGCATCATCTTTAAATCTCTTTAATGAAGCTAATTTCCCTTCATATATAACAACATTATCTCTAAGTATTCTTATATTTGAATCATTTTTAACTTTACCATCTATCACAACACAACCTGCAACATTTCCAACTTTAGATACTTTAAATACTTTTTTAATTTCTATTCTTCCTAGATATTCTTCTTTATATTCAGGCTCTAACATTCCTGCAAGTGCTTTTTCAATATCTTCTGTTATATGGTAGATTATTCCAGAAGTTCTTATTTCTACCTTACTTATTTCTGCTTCTTTTAAAGCCTTGGTTGTAGGTCTTACATTGTATCCAATTATTATTGCCCCTGCTGCTTCTGCAAGTTTAACATCACTTTCAGTTATTGCCCCTGATGCTGCTTGAATAATACTGACTGCCACTTCATCATTAGATAGTTTTAATAATGAATCCCTTAAAGCATCAACAGAACCTTTTGAATCTGCTCTTAAAATAAGATTTAATTCTTTTAAGTCCTCATGTTTAAATTGGTCTGATAAACTTTCAAGAGATATAGTTTTCTTAGTAGTTTCTTGAATTTTTCTTTCTTTTCTAACTTCTTCAACTATTCTCTTTGCATGTTGTTCATTTTGAATAACATACATAGTATCTCCTGCATCTGGGACATTATTAAATCCAATTACTTCCACTGGTTGAGATACTGTTGCATTATTTACTCTTTCACCTTTATCATTTAAAAGAGCTTTTACTTTACCTTGAACTTCTCCTGCAACTATAACATCACCTATTTTTAATGTTCCTTCTTGAACTAGAATATCAGCTATTGGTCCTATTTTAGGATCAAGTCTTGATTCTAAAACAACCCCCTTAGCTCTTTTTTTAGTATTTCCTTTTAATTCAAGAATTTCTGCTGTTATAAGTATGGTATCCAACAGTCCATCAAGATTTATCTTTTTCTTTGCTGAAACTTCAACAAATTCAACATCTCCACCCCATTCAGAAGATACTATCCCGTGTTCCATAAGTTCTTGTTTAACTTTCATAGGATTTGCTTCTGGTTTATCTATCTTATTTACTGCAACAATTATAGGTACTTTTGCAACCTTAGCATGAGATATTGCTTCAACTGTTTGTGGCATCACACCATCATCAGCTGCAACAACTAATATTGCTATATCTGTTACCTGTGCTCCTCTGGCTCTCATATCAGTAAATGCTTCATGACCAGGAGTGTCTATAAAAGTTATTCTCTTTCCATCTTTTACAACTTGATAAGCCCCAATTTTTTGAGTTATTCCTCCTGCTTCTCCTTCCACAACATTAGTAGTTCTTATAGCATCAAGAAGCGAAGTCTTTCCATGGTCAACATGCCCCATTATTGTTATAACAGGTGGTCTTTCCTTTAAATCAGCTGCTTTATCTTCTATTTCTAAGTCAAATTTTTCTCCAAAATCCAATTCTACTTCTTGTTCTTCTTCAACTAAAACATCATAATCAGCTGCTAAATCTTCTGCCATACTTAAAGATATAGGGCTGTTTATTGTTAGCATTTGTCCTTTTAAGAATAATTTTTTTATTAACTCAGCACTATTTACACCTAATTTTTCTGCAAAATCACCTAGTGTTAGCTCTCCTCTGAATTTAATAATTTTTATTCCATCTTCTTCAACAACATCAGGAGTAGCTTCAACAGTTTTTAAAACAAAATCTGTTCTTCTACCTTTTTTCTTTTTACTCCTGTTTTTATGGCTATTTCCATCTTCATCAAATGTTATATTATTATTCTTTTTATTTTTTGTTTGTTGAAACTTAGCCTTTTTATTATTTTTTTGAGAATATCCTTCATTCTCATCATTTTCATCTTCAACCATTATCTTTCTTATTGGTTTTTCCTCTTTCTTTTCTTTATGAGCCTTTACTGGTTCTGGCATTTCCACTTTAAGCATATTCATTTTTGCAAAATAATC
NZ_CP056003.1_gap61	2034090	2038418	4328	ACACAATTTCAGGTTCTATTTCACTCCCCTCCAGGGGTTCTTTTCACCTTTCCCTCACGGTACTATGCGCTATCGGTTAGTAAGAGTATTTAGCCTTATGAGATATGGTCCTCACTGATTCACACAGAATTCCTCGTGTTCCATGTTACTTGGGAGCAAAGTTATATGTGTAAGGATTTACTTATACAGGACTCTCACCTTCTGCGGTTTATCTTTCCATACAATTCTAATTCATCAATACACTATATTGAATATCTTACAGTTCTTCACTACTTTGTCCCTCAACCCCTTAAATACAACGGCTGTATCCTTGACATATTTAAGGTTTAGGCTTGACCCAGTTCGCTCGCCGCTACTTTGGGTATCGTTTTTACTTTCTTTTCCTCATGTTACTTAGATGTTTCAGTTCACATGGTTCCCTCTTTCGTATTAAGACTCCATCTTAATAGATTGCTCCATTCGGAAATCCTAGACTCTTACGTTCGATTGCAACTTATCTAGGCTTATCGCAGCTTACCACGTCCTTCATCGGCTCTTACTACCTAGGCATCCTTTGTGTGCCCTTAATTATTTTAATCTATTTTTTGACAGCTAACTCTAAGAAATTGTTAGAGTTAATTTTTTTCTTGTTTGTTCTACTATATAGTTTCCAATGTTCAGAAGTAATGTAAAGAACATTACCAATAGAATAGAGAAAGACTTATACTCCTTAGAAAGGAGGTGATCCATCCGCACGTTCCCGTACGGATACCTTGTTACGACTTCACCCCAATCGCTAATCACACCCTCGGAGCATCCCTCCTTACGGTTAGGCCTGCTACTTCAGGTGCAACCAACTCTCGTGGTGTGACGGGCGGTGTGTACAAGACCCGAGAACGTATTCACCGCGACATTGCTGATTCGCGATTACTAGCGATTCCAACTTCATGTACTCGAGTTGCAGAGTACAATCCGAACTAAGAATAGTTTTCTGAGATTAGCTTCACCTCACGGCTTTGCAACTCTCTGTTCTACCCATTGTAGCACGTGTGTAGCCCAGCGTATAAGGGGCATGATGACTTGACGTCATCCCCACCTTCCTCCTACTCATCGTAGGCAGTATCGCATGAGTCCCCAACTTAATGATGGTAACATACGAAAGGGGTTGCGCTCGTTGCGGGACTTAACCCAACATCTCACGACACGAGCTGACGACAGCCATGCACCACCTGTCTTTAGGTTTCCCCGAAGGGACACTGAAATATCTCTATCTCATTCCTAAGATGTCAAACGCTGGTAAGGTTCCTCGCGTTGCGTCGAATTAAACCACATGCTCCACCGCTTGTGCGGGTCCCCGTCAATTCCTTTGAGTTTCATACTTGCGTACGTACTCCCCAGGCGGATTACTTATCGCGTTTGCTTGGGCGCTGAGGTTCGACCCCCAACACCTAGTAATCATCGTTTACAGCGTGGACTACCAGGGTATCTAATCCTGTTTGCTACCCACGCTTTCGCGCTTTAGCGTCAGTATCTGTCCAGTAAGCTGGCTTCCCCATCGGCATTCCTACAAATATCTACGAATTTCACCTCTACACTTGTAGTTCCGCTTACCTCTCCAGTACTCTAGTTATACAGTTTCCAACGCAATACAGAGTTGAGCCCTGCATTTTCACATCAGACTTACATAACCACCTAGACGCGCTTTACGCCCAATAAATCCGGATAACGCTCGTGACATACGTATTACCGCGGCTGCTGGCACGTATTTAGCCGTCACTTCTTCTGTTGGTACCGTCATTTCTTTCTTCCCAACTGAAAGCACTTTACATTCCGAAAAACTTCATCGTGCACACAGAATTGCTGGATCAGACTCTCGGTCCATTGTCCAATATTCCCCACTGCTGCCTCCCGTAGGAGTAAGGGCCGTGTCTCAGTCCCCTTGTGGCCGTTCACCCTCTCAGGCCGGCTACCCATCATCGCCTTGGTGAGCTGTTACCTCTCCAACTAGCTAATGGGACGCAAAGCCCTCTCACAGTGCTTATAGCTTTCATAATTCTAAGATGCCTTAAAATCATAATATCAGGTATTAGCATTCATTTCTAAATGTTGTCCCTAGCTGTGAGGCAAGTTCTTTACGCGTTACTCACCCGTCCGCCACCCAAATCTAAGTTAAAAACCCAAATTCAAGTTGACTTGCATGTGTTAAGCATTCTGTCAGCGTTCATCCTGAGCCAGGATCAAACTCTTCGTTCAATCTTTTCTTATAGCTCATTCTTGCTATTATTTTTATTTTACACCAATTTTATGGTTGCTTTTTGTCTTTTCTCTATTCTGTTGCTAATGTCCTTTCCTTATCGGCAAGGATTATATTAACATCTTTTACATATTTTGTCAACAGAAAATTTTAAAATATTTTTAATTTTTTTCTAAATTTTATTTTTAACTTTATTTCCAATAAAAAAAACTACTACAAATTTATAACTAAATTCATCAATTTGCAATAGTTTTTTTATTTTTTATTCACCCATTGACCAAGTTCTTTTTATGTTTTTTTCTTCTTTTTCTAAAAATACTTTAAATAAATCTATATTTAGAATATAAAAGAACTATAAAAACATCTGCTACTTCACTCTCAACAGAAGAATAATTACATTCCTTAGTTTTGTCTATTCCTAACTTATTTTCATTTTTCCTTATAGCTTTTGCTAATTCTCCAACCTCTTCAACTAATAATAAAATTTTATCTGAAGATTTTTCTTTATTAAAACCACTGATTTCCATTATTGCCTTTATACAGCTTTGTATCTCATTTATAGAAGACTTATTTGATAACTTCTTTAATAGCTCTTGTTGGGCATTTCCCATAGATCCTCCCTATTTTCTATATACTTTCATATATTCTTCTATCTCATCAGCAGTTCTTGGAAATTTATCTCCTAAAATTCTGCTTGTTCCATCTTCTTGAATTAAAACATCCCTTTCCATTCTAATACCACCAAAATTCATATACTTTTCTATTTCATCATAATTTAAAAATTCTTCATGTAATTTTTCATTCTTCCATTTTTCAAAAAGTTCTGGTATAAAATATATTCCTGGCTCAATAGTAAAAACATTTCCAATTTCTAACTTTTTGGCAAGCCTTAATGAAGACAATCCAAATTGAGTTGATTTTTTTTCTCCATCATCATAACCAACATTTATTTCTCCAAAATTTTCCATGTCATGAACTGTCATTCCCATCATATGTCCTAAACCATGTGGCATAAATAAAGCATGTGCTCCAGCACTAACGATATCTTCAACTTCTCCTTTCATAAGTCCAAGTTTTTTCATATTTTCTGCTAAAAGTTTACAAACTTCTAAATGTACTTCCTTATATGTTATTCCTGCTTTTGACAATTCTTTTGCTCTGTCAAACATATCTCTTACTATATTATGTATATTTTTTTGTCTTTCAGTAAACTTCCCACTCACAGGAAAAGTTGTAGTCATATCACCACAATAACCTTTATCACTTAATGCTCCACAATCAAGTAAAACCATATCTCCATCTTTTAAAGTATTCAAATGTCTATGATTATGTAAAATTTGTCCATTTTTACTAAGTATAGTTTGAAATGAATAATAAGCATTGTATTTTCTTGGTTGTTTTTCAACTTCTGCAGCAAGTTCATATTCTTTTATTCCAACTTTCACATTTCTCATAGCAGAAAGGTGCATTTCCCTTGTTATATTAACTGCTTTTTCTATTTCTTCTATTTCAATCTTATCTTTAATATTTCTTTGTTTTATTATAGCTTTTACTAAATCAAAAGATGTATACTTATTAAATTCAAAAGGATTTATATTCAGGATTGAGCTTAAATACATAATATTATCTACTCTATATTGATTAGTAAATCTTATATTTTTTCTATTTTCTAAATATTTTTTTAATTCTTCCTTTTCAATAAATTTTTCTATTCCAACTTCAATAGCTAATTCTTTTAAAAACTTTTGTTTTCCCATCCAAATAATATCTGACATTGTGTAGTCATTACCAAAAATTATTTCTTCATTTTTATCTATATCAATAATTCCAATTAGTCCATTGTGATCTATGCCAAAATAATATTTAAAAGTTGCATCTTGAATGAATGGATAAGTATTATCTTCACAATCAAGAGGTGAAAAATTATTTCCCATTATTAAAATTAAACCATCTTTAAAATTTTCTTTTAATTTCTTTCTTCTATTTGCATACACTTCCTTATTTAACATAACATTTCAACTCCTTTCATTTATATATTATTTTATACTTTTTTAAAGAAAAGTCTATATTTATTTTCACTAAAAAAGAGAACTTT
NZ_CP056003.1_gap62	2057637	2059354	1717	AATAGAAACTTAGGTTTAAAATATTCAAAAATACTTTGGTAAGTCTTAGCTCCACCGTGATGAACTTCATCTATAATGATGTAGTCAAAATAATCTTTTGGGAAAATATTTAAATTCTTTTCTTTATTTAAAGTTTGTACCATAGCAAAAACTACTTCATCTTTATTATTTATTTGAAAATTAGAATCAAAAATTTCCATATTTTTATTTTTTAAAATCCTTTGATAACTAATTTTTGACCTTTCCAAAATAACTTTTCTATGTGCTACAAAAAGTATTTTCTTTGCCTTAGCTTGTTTTACATCAAAAGCTGACAGATAAGTTTTTCCAGTTCCTGTTGCACTTATAAGTAATGCTCTGTTGTTTTCTTTTCTTGTTTCTTCCAAATTTTTTAAGGCTTGAACTTGCATAGAATTAGGTTTTATTTCATCTAAATCTAAATTCTGATTATTTACTTCAATTAACTTTTTTAATTGCTCATATCTTTTTTGATAATTTTCTATGTCTTCTTCTGTTAAAGTTTTTAAATTATCAAATTCTTTATTAAAAGTTTCTAAAACTGATTTAACAATTTTCCCATTTTCAAGAGAATTTATTTTTATATTCCATTCAAAATTTACAGTCAATGCACCCTGTGTTAAGTTACTACTTCCTACAATTAAAGTCCAAATATTTCCCTTTCTGAAAAAATATGCCTTAGTATGATGTTTTCTATTAGTTGCAACTTTTAAATCTATATTTTTATATGATAATAATTTTTTTAATGCTTTTGGTTCTGTGAAAGTTAAATAATCCCCTGTTAAAATTTTTCCTTTAATTCTCTTATTTTCTAAATTTTTTAATTCCTCCAAAAAAAGAGAAATACCCCCCATAGTAATAAAGGCAACAGAAATTATAAACTCATCACAATCCTCAAAATATTTTCTGAGTCTTGTAACAATTTTTTCTTCTCCATTGGCTATTAACTCATATTGGTACCTCTCATCTGAATCTATATTAAAATCTATGCTACTTGTTTTTAATGCTTCTAATAAAATATTCTCCACTTCATTCTCTCCAAAAGTTTTTCTTTTATTTTACCATAAATATTGACTTTATACATAAAAATGATAAAATTATAAATATAAAAAGCAGGTTACTACGGCAATAGTAACCCACATAAAATTAAATAATTTATCTTTTAAAAATTAAATATAAAAGTTAAACTAACATTTTTAGATAAAAGTATTATAAAAAATACCAGTATCCCAAACCAAAAGAAAACCTTTTTCAACTTTTCTTCACCTTCTTTTATAGATAATGAAGAGAAGTAGAAACCAAAGCAATACATCATAACACTAATAATATAATATTGACAATTTAAAAATAAAATATTATAATTGACTTGGATATAGAAATATATCTACCAAAAGAATAACTAAAAAACAAAGCAAAACACCATTAACGGCAATTGATGGTGTTTTTATTTTATTAAATTAATATTTCATATTGTATTTCAATATTATGTGGTATAATAAAAAGAATTAATTAAAAGGAAGTGAAGAATGGAACAATTAGAAAAATTAAAAGAATTTAGAGATTTAGGGCTTAGTGAAAAGGTATTAAAAGTATTATCAAAAAAAGGATATGAATCTCCTACACCTATACAAAGATTGACAATACCTGCTCTTTTAAAAAATGATAAAGACATAATAGGACAAGCACAAACTGGAACAGG
NZ_CP056003.1_gap63	2060917	2064091	3174	TTTACCTGTTTCAAATAATCCTTTCTTTAAATTATATTTAAAATTTAGAAATGATGGAAAGGATATAAAAGCGGGTAACTATGAATTAAGAGGAAAATTCAATATTATAGAACTTGTTTCTATGCTTGAAAGTGGTAAATCTAAGGTATTCAAATTTACAATAATAGAAGGAAACACTGTAAAAAATGTTATAGATAAATTAGTTGCTAATGGAAAGGGAACTAGAGAAAATTTTGATAAAGCATTTAAAGAAATAGATTTTCCATATCCAACTCCTGATAATAATTTTGAAGGTTATTTATATCCTGAAACTTATTTTATACCAGAATCTTATGATGAAAAAGCTATAATTAATATATTTTTAAAAGAATTTTTAAAGAAATTTCCTGTAGAAAACTATCCAGATAAAGATGAATTTTATCAAAAACTTATAATGGCTTCTATACTTGAAAGAGAAGCAGCTGTTGAAAGTGAAAAACCTATTATGGCATCTGTTTTCTATAATAGAATGAATAAAAATATGTATCTTGCTGCTGACTCAACTGTTAATTTCGTTTTTAACTATGAAAAAAAGAGAATATATTATAAAGATTTAAAAGTTGATTCTCCTTATAATACATATAAAAATAAGGGACTTCCACCAGCACCTATTTGTAATCCGACTGTTAGTTCTGTTGAGGCAGCTTATCATCCAGCAGACACAGAATATTTATTCTTTGTTACAAAAGGTGGAGGAGAACATTTTTTTAGTAAAACTTATGAAGAACATTTAGAGTTTCAAAAAAATAAATGATATAACAATAGCTTATATTCTAAAATGTAAGTAAAAAACAAGTGAACTTGCATTCTAAATTTTAGATAAAAAATTGAAGGAAATGAGCCGAGCAAATCTCGGTGTGTTTGAAGCCAACTTGTTGGCAAGTTTACCGAATTTGCAGCAAATGTCAATTTTTTATCGTTAAGAAATTTAGCTAGCAACGAACTGTTTTTTACTGCATTCATTAATGAAGAGGGATTATGGAATTATTTAGAGAAATATTAAAAGTTAATAAAAAATACAATCTAATAGAAAATAATGATACTATTGTGGTTGGCTTCTCTGGTGGACCCGACTCAGTTTTTTTAGTGGAAATGTTAAAAAAGCTACAAAATTTTATTAATTTTAAAATCTATTTAGTTCATATTAATCATCTTTTAAGAGGGAAAGATGCTGTTTCTGATGAAAATTTTTCTTTTGAGTATGCTAAGAAAAATAATTTAGAAATTTTTATTAAAAGAATTCATGTTAAAGAAATAGCCAAAGAAGTTGGAAAAACTCTTGAGGAAGTAGGAAGAGAAGAAAGATATAAATTTTTCTCTAAAATTTACAAAAAAGTTGGAGCAAATAAAATTGCAACAGCACATAATAAAGATGATCAAATAGAAACTTTTTTATTTAGGCTTATAAGAGGTGCTTCTTTACAAGGTTTAGAAGGAATCAAAATAAAAAATAATAATATTATAAGACCTATTTCTGAAATTTATAAAAAAGATATACTTGACTACTTGAATAAAAATGAAATTCAATATAAAATAGACAAGACAAACTTTGAAAATGAGTTTACTAGAAACAGTATAAGGTTAGATTTAATCCCTTTTATTGAAAAAAGATACAATATTAAATTTAAAGAAAAAATTTTCTCTTTGATTGAAGAAATTAGAGAAAACAATCAAAATAATTCTTTAAATTTGAGTGATTTTATTGATTCTGAAAATAGAATAATTTTAGAAAAAATAAAATTTTTATCAAATTTTAATAAGAAAAATTTATTAGGAATATTTTTAAATAAAAAAAATATAACAGTAAATAGAAACAAAATTGATGAGATTGAGAGTCTAATTAGAAGCAATGGAACAAAAAAAATTGATATGAATAAAAATTATAGGATAGTTAAGGACTATACTTATCTATATATTGAAGAAAAAAAAGAGAATTGTCCTATTAATAATAGAACCGTTAAATTAAAAATTCCAAGTAAACAAATTTTTGATAACTTTAAAATTAGTGTTAATATAGTAGAAAACTTAAATATTCCAAAGCAAAAAAATCAATATTTACTAGATGCCCTATATAATGATATAATAGAAGTCAGATATAGGAAAGAGGGAGATAGAATTTTTTTAGATGAAAAACATTCTAAAAAAGTAAAAGAAGTTTTTATAGAACAAAAAGTCCCCAAAGATTTAAGAGAAAAAGTTCCAATTTTTTTGTATAATAATCAAATATTTTGGATTTATAATGTAAAAAAATCTTATATTCCTAAAATAAATCAAAATGTAAGTAAACTTATAAAAGTTTTAATCACAGTAGAGGAGGTAAAATGAACGATAATCAATTTGAAAAAGATGATTTAAAAGATAAAGATGACTCTGATATTCATGAGAAACAAGAAAATAAAGAGAATAAAGAAGAAGAAAAATCAAAAGAAGAAAATCACCAAGAACAAGATAGTCAAAATGAAGATAAAAAAGAAGAAAATAATTCTGAAAATAATAAATCATCTAATGAAGGTAAAAAGCAAGAAGATAAAAAACAGGATGATAAATATAATCCTTTTACTAAAAAAAGAGAGGATGAAAGAAGAAGAGTTGTTGGAAAGGCTGTTAAAGTGAATTTTAATTTTAAAGGCTTACTTATGCTAATCTTTATAATAACTTTAGCAGTAGTTATTCCTAGTATAATGGACGAAAATAAAAATCAACAAATGGTTGATATAAGTTATTCAGATTTTATAAAAAATATTGAAAATAAAAAAATTGGTGTAGTTGAAGAAAAAGATGGATATGTCTATGGTTATAAAGCAAGTGAAGTAAAATACCTTGAAACAAGATCAAATAGTATAAAATCTAAATTAGGTTTTGATGGTAAAAATGAAGTACAAGGACTTAAAGCTAGACTTATAACAAATAGATTAGGTGAAGATTCTAACTTGATGGCTGTTATTAATAATAATGCTGCTATTATTCAATCTGTTGAACCACCTCAACCATCGTTATTACTTAGTATAGCTCTTTCACTTTTACCTTATATAATAATGATTGGGCTTCTAGTGTTTATGATGAATAGAATGGGTAGAGGTGGTAGTGGTGGTGGACCACAAATATTCAATATGGGTAAATCTAGGGCAAAAGAAA
NZ_CP056003.1_gap64	2065979	2067998	2019	CAAATTTACAGCGAATTCTTAATTTTTATCTGTTAAGAAATCTGGCTAGTAACGAACTGTTTTTCTATATTGAGCTAATTAAAGGGTGGGATTATGAAAAAATTTCTTGTATTTATTATGTTTTTGTTATGTTCTATTATTACTTTTTCAAATAAAGTTACAACTGAAAAAAACGAAACAAAAGAGGAGTATCTGTCTGGAAAAATTATTGCTCTTGTTTCTGAAGAAAAATCTGATGAAGAAGGTGTAGCAAAGCTACAAAAATTTAATGTGAAACTTTTAGAAGGTGATGACAAAGGTGAGGTTGTAGAAATTGACTTACCTATTTACAAAGATGATGAATATAATATCAATGCCAAAGTTGGAGATAGAGTTGTAGTTTATAAAACATTTGATAATTATGGCAATGATGAAATGCAATTACAATATTATATCTCTGATGTAGATAAAAGAGTAGAGTTATATATAATGGGCATTGCTTTTATAGCTCTTGTTCTTTTAATTGCAAGAAAAAATGGGTTAAAGGCTTTATTTGCTTTGATAGTAACTATTGCTTTTATTATAAAAATCTTTATTCCAGCAATATATAGTGGTTATTCTCCAATACTTTTTGCCATAATAACTGCTGTATTCTCATCACTGGTAACAATATATTTTACAGTAGGTATGAATAAAAAATTTGTTGTTGCCTTGTTAGGTGTTACAAGTGGAGTTTTAATAGCTGGTATACTTTCATATATATTTACATATACAATGCGTCTTAATGGTTTCCTAGACTCCGATCTTTTATCTTGTGCTTATCTTTTAAAAAAAATCAAGATAAAAGAGTTAATTCCAGCAGGAGTTATTATAGGAAGTTTAGGAGCTGTAATGGATGTAGCAGTTTCCATAACTTCATCTATCAATGAATTACATGAAGCTAATCCAAATATATCTAAAAAATCTATGTTTAAATCTGCTATAAATATTGGTAATGATATTATAGGCACTATGATTAATACTTTGATACTTGCATATATTGCAAGTTCTATATTTACATTGTTACTTATCTATATTCAAGCAAATGAATATCCACTTATTAGAATTTTGAATTTCCAAGACATTGCCGTAGAAATTATGAGATCTATTTGTGGAAGTATTGGAATTTTAATAGCTGTGCCTTTAACTGCATATATTGGAACTTTGATTTATAAGAAAAAATAAATAATTTAGTGTATGAAAATGAACTACTCCAAATTATAGAAATTCTTACTAAATTTTTTAGGGCTATTGTAAATAAAATTTTAAACTGTGCCTAAAATCTTGGACACAAGATTGAAGGTGCAGTATATTACTATAAAAATAGAGAGAAATCTAAAATATTTTAAATTCTCTCTATTGATAAGATATTATATTTTTGCTTCCTTATTTTTCTTAAATTCTTCTTGTACTTCTTTCATAAGTTCAGGTTTAGAAAGTAAGTCATAAACACTATCTGCTAGAATCTTTGAGGCAAGTAAAATTGCATTATGAGCGTCTTCATTTTTTCCACATTCAATAAATTTATCTGAATGAGATGAAGTTCCCAATGGGACAAATGCTATTCTTATGCAAGAGCCAGGTACTTTGTACATTACATTTCCAAAATCAGTAGAACCTGTCCTTTCTCTTGGAGGCTCTATTCTTGGAGCATTTACAAACTTAGCATTTTCCATTAAAATTCTGTTTAAAGAAAGAACTGGAATTTTACTATCTAATGATTTTGTTTCTATAATTTCACAAGTGGTTTCAGTCATCATAGCTGCACCTTCAACCACTTTTTTAAATCTTCTTACAACATCATCTAAATATTTTCTATCATAAGATCTTAAACTAACTTTTGCTTTTGCATACTTAGGAACAACATTTGCTGGTCCTCCTGCATCAATAATAGTATAGTGCATTTTTGTATCTTCTTTTACATGTTCTCTCAAAAATTCTATTCCTTGAAATAAAATTAACAATCCATCTAAGGCACTTCTTCCTTTTTCTGGTGCTAAT
NZ_CP056003.1_gap65	2173583	2176325	2742	TTCATATTTGCCGCTACCAAAGGGTTTGACAAAGTTGGATTTTTTTGTCCCCTTGGATCCATAGATTTATTAAAATAAAGTGCAGCTCCTACTCTTGGTGGAGTTGTATTTTTAGTACCACTTTGATAATAATAATCTCTTACATTTCCATTTATTCCTGATTGATTAACTAATGTGTTTGTGATAGGGTTATATCCTGTCCAAAATTTATTATCTTTTCCATCTGCCCAAGTAGGAGTTTTATCTCCATCATTTCCATCAACAGTATTATATTTTTCTTCACTAAAAAATTTATTATTATCAACTTGATGATATCCATTTAGAGTCCCATTTTGAAATGAGAAATCTGAAAATGGACTTGTATTTGGTGTTGGTAAATTCAAACTTACTGTTGGTGTTATTGGAGCTGGAATATCCAATGATGGAGGCAATAAATTAGGCACATTTAATGCTTGTAACACTGGTGCTGCTACATTTACTGTAGGAGCTGTTACAGGATCTCTATATACATCTTTTGGTCTAATTGATGCATCAACATTCAAAACTGTTAAAGGTTCTTGTTTTGGTGTTGTACTTGCAATACCATACCCTGAACCTAGCCCACTTCTAGCACTTGATGTTGCTGAATATGGATCTGTAGATGTTGGTAATAATCCATAGTTTGCACTTTCTGGTGAAGTATATCTTTCAAAAGGATCTGTACTTCTTGTAAATATTCCTTCATAAGGATATTTTTTAGATTTATCTCCTCTTCCTTTATATGTACCTCTCCAATCACTGTACATATAATTCAATCCAAATTGCCATGAAGCCCAAGGTGATTTTACTACTTGGTCTCCTTGTTCCATTAATTGAATTAATTCTAATTTTAATCCTGTTAATCCTTTTTCATTTTCAGCTCTAGCACTATCAATTTTTGATTGTAAACTTCCCACTGAATTTCTTAGATTTTCTTTTGATGTAGCAATTTCTTCTCTTGTTGGTACCCCATTTACTTGTGGATCATTTACTTCTGCAGAAAATGCTCCTACCCCCATCATCAAGAATAATATTGCTAAACCTAGTGAATACTTTACACTTTTATATCTCTTTGCTATTGAACGTAAGGTATTTTCAATCTTATATAGATTATTATTTCCCATACTATTTTTCTCCTCCCTTATTTATTTTCATTTGCTACTGGGGCTGCTGTTTTTTCTTGAACAGCTTCTCTTTGAACTAACTTAAATTCAACTCTTCTATTTTGTGCTCTTCCTTCTTTTGTTGCATTAGTTGCTATTGGTTGTTCTTCTCCCATTGCTTCTATTCCCACTATTCTATCTTCTGCTAATCCAAATTCTAATAACTTTGCTTTTACTGCTTCTGCTCTTCTTCTTGAAAGTCCAAAGTTATATTGATTACTTCCTATTGAGTCTGTATGTCCTACTATTGTTATTTCATAGTTGTTTTGTTCTACAAATTCTTTTATATTCTTTAATAAATCAAAATATTGTGGCTTTACTATTGATTTATCAAAATCAAAATTCAATGATCTTTCATCCAACACTATTGTCATTTCTTTTGGTGCTTCTGAATTTAATATATCTATATCTTTTAATTCTAATGCATTTATTCTTATACTATTTTCACGCATTTGAGTTGTTGTTAAGGCTTGAACTGCCAATGCTGGTAAAGAAAATACTAATAAGAACAACATTACCATTATTGTTGTTGTTGAGTTTTTTCTCTTTCCCATTGTTTAGCCTCCTTTTCTAATGATACATATTGTTCTGCATATTCTATTTTTCCTTCTTCTATTAATTTATCTAAGTTTTCAGAAGGTTTTACATATTTATGGTTTCTTAAATAATCTTCTATCACATCTAGTCTTGCTGTATTGTAATTTACTACTTTTTGATCAGTACATGCTACTAATGATAGTACTCCTAATAATATCGCTAATTTTTTCATATTGTTTCTCTCCTTTTTTAGTAATTTACTTTTCTTTCTAATTCCCCAACATTCTTTTCTAAGTTGTCAATCATTTCATTTGTCTTGTTGTAGTTTTCAATCTTATCATTTATTTCTAACATTCTTTTTTTAATTCTTTGAACTTCTACATCCATTCTTTCAGATTCTGTCATATCTTTTTCAGCTTTCTTTGGAGCTACTGCAACTTCTTCAACTTCTCCATTTTCTCCAACAACTTCTGTTACTGTTTGTGGTTGTTCTTTTGCCTTTTCTTCTTGCATTTTGTCATATTCTTCTAATAGTCTCTTTTTATCTGCATCATCATCTGCAAATGAAACTGAGCCTACTAAAAGTAAAGCTAACATTGTTCCAAATAATATTTTATTTTTCATTCATTGTCCCCCTTTATTTAGCTTCTTCCACTTTTGTTTCTGGTGTCGCTTGAGCTTCTGTTGGTGCTGCGTTTTGTTCTACTTGTTGTTGTTCAGCTGGTGCTTCTTCTGGTGCAGTTCCAAGCATTACAGTTGATCTTTGCTTCTTTTCTCCCATAATTTCATAGTAATCACTTACTTCATTTTCTTCTCTTGCTACACTTCTTACTACTCTTTCATAGAAGTCTAATTTATCCATTGCTTTTTTTCTTGTTAATTCTAATTTTTCTGCTTCTGTCTTCGGTTTAGCTTCTGCTTCTCTTTTTGCTTTTAGCATTTCATCTACATTATCCATTGACGCTATTTCGCTAGGAGACATTCCCAATTCTTTTGCTTCTGCTACAAGTTTTGCCTTTTCTGC
NZ_CP056003.1_gap66	2197621	2199722	2101	TTTTTAAGATATTTTCAACAAAAAATGTTATTTCTCCATAATTATTTACATCTTCTACTTCAACAAAAGATTTATAGTAATCATCTAAATTTTTTGATATTGAATAAGAAACTGAAAAAGCTGTTAAAATATCTAATTTTCTAGCTAAATATACTGATAATAAGTATCTTCCAAATCTTCCATTTCCATCATAAAATGGATGAATATATTCAAAGAAAAAATGACTAATACTTGCTTTTACTAAAAATGGAATATCCTTTCTATTCATAAATTGAATTAAATCTTCTATATTTTTTTCTATTGCTTCTTCTCCATTAATACCTATATGTATAGTATTACCTAGTCCATTAATTACTTTTACTGTATCTTTTCTAAAATATTTTCCATCTAATTTATAGTTTCCACTTTTTTCAAAATCTTCAAACATTTCATCATATATTTTTCTAAAACTTGAAAGATTATCTATATGTTGAGTATCTTTAAAGTTCTTTTCCATTATGTCTTTATATTTTTTAATAATACCATCTAGCTTATTACTCTTATTATTAAGTTTTTTATTATCTTTTAGTGAAGTATGTATCTCACTTTTAACAGTCTCTATTCCTTCAATTTTATTAGTTTTATATAGTTCATTAGATAAAATTTTTATAATAATATCTTTTATAGCAATTTGTGGTAATTCATTAGAGATTAGATTAATTTGATTACTATTTTTTATTATTATTTCTTGCAATAAGGTATGTTCCATTAAATTTACATAAAATAAATTATATTCTTTATCTAAAATCTTATTTCCTCTTTTTATAGGATTAATTTTTAAATCTGTAATAAATGTAGCTGGATTTTCTATTCTTTTTATATATTCATCTTCTATATTTTGCTTTTTATAATATAATTTTATTAAATTTTCATATTTGTTTGACATTTTTATCACCTTTAAATATAAAATATCATATTTTTATATTTAAGTAAAGTATATTTATTTGTGGTATAATTAAGAAAAAAGCTAGGGGGTTTTATTATGGGTATGGACTTATGCTATTATGGTATTAATGAAGAGGAAATTCCAAAAATTCTTGATGGAAAATTTTTTGATGAAGATTTTACAGACTTAGAGCCACAACATATATTAAGAGTTTTTTCAGCAAAAGATTTTTACTATTTGTATACAGGTGGAAAAGAATTAGAAGAGAAAGATTTTCAAGGAAAAAATGAAAGAGATTTATTTGTTGAAGCATTTTTAGGGGAGGCAACAGTTAGTTTTGCTCCTGGGGATATTTACTCTTATTGTAGTTGTAAAGAAAAAGTTAAAGAAATAAGTGAGTTTTTAAATAAAATTAATATTAAAGATTATTTTAAAAAAATAGGAACTATTGAAGAATTTTCAAGTGAAAATTTTAAAGGAGAAAAATTTAATTATTTAGGGGTAAAAACTAAAAGAAAATTTTCTTCTATGAAAGAAGAAGAATATATTTTTGATATTGAAGATATAATAGATAGATTTAATGAATTCAAAGAATTTTACAATAAACTAGTTAAAAATAATTTAGCTCTATATATTTATATCTCCTAAGCAAAAATTGAAACTAATAAAGGTATAAAAATTGCAGGTAGCATATTTGCAGTTTTTATATCTTTCTTAAATGTCATATTTATTCCTATTGCAAGAACTAAAACTCCTCCAACTGCATTCAATTCTGATATTGCTTGTGGATTTAAATAATCTTTAATTTGGCTTGCAAAAAGATAAAATATTCCTTGATAAAGAGTTACAGAAATAGCAGAAAAAATAACTCCTATCCCATATATAGAGGTTAGAACTATTGATATAACCCCATCTAATATTGCTTTTATATTTAAAATAGTATTGTCATTTGTAAGTCCACTATTTATTGAACCTAGAATTGCCATAGCTCCCACACAATAAAGTATTGTAGCTGTTGAAAAGCCTTTTGCAAAGGATTTTTCATTATTTAAAGAATTCTTTTCTTTAACAAATTTATTTTCAAGAAATTGGCTAAAATCCTTTATTCTCTTGTCTATATTTATAATTTGTCCTATCACTGATCCAATAATAAGATATATCAATATCATTATATCT
NZ_CP056003.1_gap67	2205176	2207281	2105	ATATTCTGCTCTTGAAGGTAGCACTCTATATGGTTCAGGAGTTTTCTTATGTATTAAATCATCTATTAATACTCCAATATATGCTTCACTTCTATCTATTATTACAGGTTTTTCACCTTTTATTTTTTTAGCAGCATTCACTCCTGCAATAAATCCTTGTGCTGCTGCTTCCTCATAACCAGAAGTTCCATTTATTTGTCCTGAAAAAAATAATCCTGATATTTTTTTATTTTCTAAACTTGGATAAAGTTGACTTGCAGGTGCATAATCATATTCAACTGCATAACCATGTCTCATTATTTTGGCATTTTCTAAACCTTTAATAGTTTTTAAAATTTTCTCTTGAACAAAGGCTGGCATAGCAGTTGTAAGTCCATTTACATAGATTTCATCTGAGTTTTCAGATTCCATTTCCAAAAATATTTGATGTTTTGCCTTATCTGGAAAATTCAAAACCTTTCTATCTATTGAAGGACAATGTCTAGGTCCATGAGTATTTACCATTCCACTAACTATTGGAGAATATTTCATCATTTCTTTAACAACTTCAATAGTTTCTTCTGAAGTATATGTAAGCCAAGTAGGAACAGTATTATTTTTTTCTTTCTTAGTAAAAAGTGAAAAATATCTTGGATGTTCCTCCCCTTTTAATTCTTCTAATTTAGAAAAATCAATAGTTTTCTTATCTAATCTTGGAGGTGTAGCTGTTTGATATCTTTCTATTTTTATTCCTAATTCTCTTAAACTATCTGATAATTTTTCAGCAGATGTTTCTCCCTGTCTACCAGCAGAATAAGTTACATCTCCTATTACTATTTTTCCTTTTAAAAAAGTTCCTGTCGCTAAAACTATTGCCTTAGCATTATAAATTATTCCTAATCTTGTTTTAATTCCAGTTACTTTTTTTATATAACTTGAATTTTGAGAATCTTTTATATCTTCCACTAAAATTTCTTCTGCACAATCTTGAATTAAACTGATATTTTCGGTTTTTTCAAGTTTTTCTCTCATCTTTCTTCTATATTTATATTTATCTGCTTGTCCTCTTGTAATTCTTGCAGCAGGTCCTTTACTTGTGTTCAAATCTTTTAATTGAAGATTAAATTCATCTATATGTCTTCCCATTTCTCCACCAAGAACATCTATTTCAGTTACAAGGTTACTTTTTCCTGGTCCCCCTATTGAAGGATTACAAGACATCATTGAAATTGTATCTAAATATAGAGTCATAAGGGCTACCTTATTTCCAAGTCTTGCACTAGCAAATGCTGCTTCAACTCCTGCATGCCCTGCCCCTACAACTATAACATCATAATCCTTATCCATTTCTACCTTTCATCTTCTTTCTTTTCTACATATCTCTTTATCAAATAGAAAAATAGTTAAATAATTACTTTTAAAATTTTTCTTGAAAGTAAATTTATGTAAGTTCTAAATTGGACTACTGCGATGTCCATTATTGTTGAGGGAGCATTTTGGAGCTCACGAAACACTAATGGCTATCAAGTAGTCTTAATTATAGTCTAAAAATATTAAATATTTTTTTCAAGAAAAATTTATAGAATTTATAACAAGCTATTTTTCTATTTATTTTCCCACACAGAAATTACTAAAAATATGGTCCAGCAAATCTTCACTTGAAATTTCTCCTGTAACTTCTGAAAGAGAATCCAAAGCATCTTTTATATCCACTGCCATTAAATCCATAGGAAATCCCTTATCAATAGTTTCTATAATATTTAAAAGTGCCTCATTTGTCTTTTCAAGTGCTGACTTATGTCTAACATTTGTAATAACTAATTTTTGTGAGCTGTCTTCTATATTTTCATTCATAATAAATTTATAGATTTCATTTTCTAAATTATCTATTCCTATCTTTGAAAGTGCTGATATTTCTATCCATTTTTCAATTTTAGAAAACTTTGATAAATCTATATCTTTCTTTATATCTATCTTATTTAAAATACCTATAACTTTATCTGTATTGATAATATCATAGATTCGAAAATCTTCCTCATCTATTTTTCTTGAAGTATCAATTACATATAAAATCAAATCTGCACTATTGATAAGTTCTTTTGATTTCTCAACACCAATATTTTCAA
NZ_CP056003.1_gap68	2209438	2209938	500	TACATATTTATCAGTAGTATTTAATAAAAACGCTAAAAATTGTCTTATATAACTCATTCTTCCTTTTTTCCCTCCGAATTTTTATTTTTTCTTTTTGGTACAGGATCGTACCCTCCCTCATGAAAAGGATGACATTTTAATATTCTTTTTATTCCTAAATATGTCCCTTTTATAGCTCCATATTCTTTAATAGCTTCTAAGGTATATTGTGAACAGGTTGGATAAAATCTACATTTTGCTGGAAACATTGGAGAAATAAATTTTTGATAAAATCTGATTAACAATATTAATATTTTTTTCATATTTTTTCCTATATTATTTTAGAATTTTTAAATATCCTATCTAAATCTTTTTTTATATCTTGGTATTTTAAATTTTCTATATTTTCTCCAAATTTTTTCTTAGCTACTATGATTATATCATAATTATCATTTAATTTATTTATATTTAATCTAATATATTCTCTAAAAAGTCTTTTAATCCTATTCCTACAAAATGCT
