gap_id	start	end	length	sequence
NZ_CP072046.1_gap1	15861	19420	3559	CCTTCCGTTCAACAAAAGTCTGTACAATATATAAATAATCTCTGCTGTTTTCCCTGTACCACGCAACATATTTTGAATCATTCTTTGCTTTCCTATCAACACGAACACCAAAAACAACCTTTTTCTCATCATTATCAGCGTACAATGTGTCTTCCTGTTCAAAAGTTACATATCTTTCATCCAATTTGTAAAATAATTCCTGCATGACACTCTTCCATTGAGGTTCATTGGAATATAATGGGGTTGGCAGATACTCTCCGGTAAAAAGGTTTGTACGCATGGAAATAGACTTCCTCTTTTGCAACATTTTCTTTAAATATTTCATATTGAAAGAATTATCTTCTTTCACAAAATCCACTGGATATTTGTAATGATACGAATTTGCCTGTTCAAAAAGAGCATCAATAACATTTTGATAATATTTTATCCCTGCCTCAGGAGTAAGGCGTTTTTGTTTCGCTTCAGCAAGAAATCTGACAAATGGATGCTCCTTGCCATTCCTGCCGGAATCCGGAAAACCGGCTTCCCCGCCCCGGTTTTCCTCCCGCGTCAGATTATTCAATAACCGCTGATCAGCTTCTGAAAGTTTTTCCAGTAAAATGGTTTTGACCTTTCCTCCATTCACGACCAGCTGAATTTTATTACCCACCCTTCCCTCATACGTTGCTTTTAACTGATGCCCCGTCACCGCTGTCCAAATCCGGGGCTTGCTTAAATCCGCCCTTTCTTCCGATTGAAAATCCGCAAAGAGAGGGCTGCCGCAACATACGGCCAATACGGAAAAAATGACCATTCCATTCTTTATTTTTGTTTTCAGGGGCATAACTCATTTAACATGGTTTATCCAATGAATAAATATACGGATAAAGAATCCGCTGATTGGAATATGTTGTCTCTAATATGGCAGCCTGCATCCCTGATGCAGATGAAACCTGAATTGGAATAGGAACAGGACCTCTTGGGCGCTCCCTAAATTGTTCACCAAAAATGAATCAGGCCATTCATGCGCAGAATTTAGGGTTGACGGCGGATTCTTTATCCGCTTCATCTAATAATTCATTTATACTCAGTTTTTATAAAAAATTCATGACAAAAAATGTTTCTAAAGCAGAGGAAAGGCGCTTCCAGGATACAGCCGCGTGCCGGAATACGGAGCCATGACAGAGCAGGCGTTTTTATTTTTCTTGACAGATGCTCTTCGTCGTGTTCTGATGAAGCCGTTCCCGCCGAATGGTGTTTGGTTGTTGATTGTTGATAGTCATTTGCGGTTGGCGGAATACGGGCGTCCCCGTCTTGACCTTTTCAGTATCGCTCCTGCGGGCTTTTTTGTTCCGTTATTGCCGTGATTCCGTCAGTTCATTGCAGCCGGGGCGCATTCACAGACACACCCACAGACATGGTATCGACTACATTCAGGGAGCTTGGCTTGTCGGCTCCCATTCTCCGCCAACTGGAGAACCTGGAGTACAAGACCCCCACTCCCATCCAGGCCGCCAGCATCCCGCTACTGCTGCGGAACAAGGACCTGCTGGGGCTGGCGCAAACCGGAACCGGCAAAACGGCCGCGTTCGCCCTGCCCCTTATTCAACATCTTTCAGAACGTCCCGGAAAACCGCCGGTCCGCCGGGTAAGGGCGCTTATTCTGAGTCCCACCCGGGAACTGGCCGCGCAAATTCATGAAAACATCCTCGCCTACGCCAGAGGGCTGCACCTGTCCACCGCCGTCATTTTCGGAGGCGTGGGGTATGCACCCCAGTTCAAGGAACTGGCCGGAGGCCTGGATATTCTGGTAGCCACGCCCGGCAGACTGATCGACCATCTGGAACGCCGGACTGTCAGTCTGGACAGCGTGGAAACCCTGATTCTGGATGAGGCGGACCATATGCTGGATATGGGATTTGCCCCGGCCCTGAAAAAAATCGTCTCCAGAATCCCGGAAAAACGCCACACGCAAATGTTTTCCGCCACAATGCCGGAAAATATCCGGCAACTGGCCCAGACCCTGCTTCAGGAACCGGAAACGGTGAGGGTCTCCCCTCCCTCCTCCACGGCGGACAGGGTGGAACAGTTCCTTTGCATGGTCGGCTCCCAGGCGGAAAAAAGGCCCCTTACCCTGGAACTGCTGAAACAGCAGGAGCTGCCTGGCCGCACGCTTATCTTTACCCGGACCAGGCACGGAGCCGACCGCCTGGCCTCCTTCCTGTCCGGAAAGGATTATCCGGCTTCCGCCATTCACGGGGATAAAAGCCAGGGCACGCGCGAACGCATGCTCCGTGAATTCCGCTCCGGGGAAACGCCCGTCCTCGTCGCCACGGACATCGCCGCCCGCGGCATTGACGTGAAAGACGTGCGGCTCGTCATTAACTATGACCTGCCGGAAGAACCGGAGGTCTATGTGCACCGCATCGGCCGCACGGCGCGCGCCGGAGCCGCCGGGCAAGCCATCGCCCTCTGTTCCCCGGAGGAAATCAGGAAAGCCAGGGACGTGCACAAGCTGTTGGGACGCCTCCTTCCCGTGCACCCTTCCAGCGCCTCCGTCCCGGATGAATTGCGCGCGGTCCCAGAAGCGCGCAGGAAAAGGAGCAGCTCCATGCAGGAAAAACGTTCCGCTCCCCGCAGGGAGCCGCGGAAAGGGTAAGGAAGGAACGGCAGCCGTGCGGAAGCATGATTTTAATCATTCAAAAAACTTTTGAACGAAATCGAGGCCTGCCTGGTCTCACTTGCTGCAAACGGTTCTCCTAATCGTTCCAGTCGGGAAGCTTCAACCGGAGTTTCAATCATGAAAATAACCTCGTTCATCATCAGGACACTATGCGTGGGCACCGTCGGTTCCCTCGCCTGCCAGGCCGCCATACAGGCTTACGCGGATGACGTTCCCTCCACCTTCGTGGAAGGAAATTATTCCCCGGAAGTAGCCCGCTACGTGCAGAGCATCGCAGGCGTGGCGCTGGCCTCGGGCATTCATGATTACGACGAAAACGCCACCAGCAGTTATCAGGTTCTGGCTCAGGTCCTTAATAGCGGCAATGTAACGGAATTGCCGGAAGATCTGAAACGGGCCATTGGAATGCTGACTGGCTACGTCCCCGACCCGAATGAAATCATCCAGCCGATCATGTCCAGAAAACAGATTGAGAGGATGAGAAAGATGGCGGACCGCATCAAGAACCTGATGGAGGAAAAATACGGAGTGGACCTGGAAGACTGCACGAACATCATGAAGCGCACTCTGGCCCCGTCCATCCCGGACATCCTCCGCTCCTGCGGCATGGAAGGCACCCAGCTGCCTGCCACCACCGCTTTCCGCCCCAGGCTGGGCAAGGCTCTGAATGAAGCCTATGCCAGGCTTGCGGCGCCAAAACTTCCCGCCGCCGGCATGGCGCAATAACCGAACCATCTACGGATGATCGGGAAGATAATCCCGATTCCACGGCACGCGGCCCCCTGCCAGGGTCCCCTGAATAGAAGCCGCAGGAAACGGAATGATCTTCCCCGTCGCCGGGAACGGAAACGGCAGCCAGCGCCGGCGGCAACAAACAACACCCTCCGGATGTCCTCC
NZ_CP072046.1_gap2	82803	87119	4316	TTCTCTGCCTAGCGTGCAGCGCGCTGGCCGCACCGCCAACAAAAAAACAGCCGGAACCCGCCGAACCGCTGCCCGCCCTGGAAAAAAACACCATTGCCATTGACGGCCATCCGGAAAGCGTGGCGGCGGATGCCGAGGGCAATATCTATTTCACCTGCATCGGCTCCAGGCTCACACCTACGGAAAAAGACAAGGACGGCTATCTGGGCGTCATTCCGCACGGTTCCACAGAGCCGAAAAAAATCACGGACGTAGATACCCTGGACGCGCCGAAGGGGTTACTGTATCAGGACGGCTTTCTTTACTGCACGGACGTGGACATGGTCTTCAAGATAAACGCCAAGACCGGCGCTATTGAAGGATACGTGGACTTGTCCCCGTCCCGCATGAAATTCCTCAATGACCTGGCATTCATCAACGGCAGGCTCATGGTTTCCTCCACGGATACCAACCAGATTTTCTATGTGGACACGAATACCAGCTCCTATGGGGAACTGGTCACCAAACAGCCCATCTACAAGCCGAACGGCCTGGCCTGGGACCCGGAAAGAAAGGTCATTTACCTCTGCGAATACGCAACGGATGAAAAGGGCAAACCCAGCGGACGCCTGCTCTCCATCAACCCCGTTTCCCGGGAAGTCACGGAACTTTCCAAGGAACGGGGACAGTACGATGGGCTGGTGTACCGTGACAACGCCCTTTACTACAGCGACTGGTCCAAGGATAAAAAACCGGAAGCTGTCCGCAGGCTGGATCTGAAAACGGGGCGTTCCGCCCCGGTAGCCACCGGCCCTGTTGAAGGAGCGGCGGACTTTATCCTGTATGACTCCATGATGGTGGTTCCGGGCATGACGGAAAAGAAAATCCACATCATGCCCATTGGCGGGAAAAAATAAACACGGCTGTTCCGCTTTTATTCCCCTTATCCGGGCCGCCGCGGCATTTCCTGCGCTGGCGGCCTTTTTCAATTTACGGCTTGAAGTACACCTGGGGATGCGCTTAGTTAATGGAAATATGAACAAGATTTCCGACCAAATCATGGAGGGGATGAAAACCGCCATGAAAGCAAAAGACACCGTTACCCTCAATACCCTGCGCGCCCTCAAGACGGCCCTCACGAACACGGCCATCGCCAAGGGAGGCCTGGGAACCCTGCTGGAAGAAGCGGAAGAACTGGCCGTAGTCCGCAAGCAAATCAAGCAGCGTGAGGACTCTGCGGAGCAATTCCGCTCCGCCGGACGCCCGGAACTGGCGGAAAAGGAAGAAGCTGAAATCGCCGTGCTCAAACAGTTCATGCCCGCGGAACTCACAGCAGAAGAAACGGCAGCCATTCTGGAAACCGTGATGAAGGAAACGGGAGCCTCTACCAAAAAAGACATGGGGCAGGTCATGAAACTCATGCAGGAACGCACGGCCGGCAGAGTCAACGGCAAGGAGCTGGCCCGCATGGTGTCAGCCAGACTGTCATGAAATGCTGCGCCGCCATCATCGTTGCGGCCGGGTCCTCCCGGCGCGCCGGATTTGACAAGCTGCTGGCCCCCCTGCACGGAGTCAAGGTGCTGGAACGCAGCATCCGCGCCTTTGCCAGCTGCCGGGAAATCACGGAAATCGTAGTCGTCTGCCCGGAAGAACGTTTTCATGCCATTAACGGCGCGGACCTGGAAACGGAAATACCCGTTACCCGTGTGGATGGAGGGGCGGAACGGCATGAATCCGTGCAGAACGGACTGGCAGCCCTGCTTTATACCCCGGAATTCGTGGCCGTGCATGATGGAGCCCGCCCGCTCATTACGGCGGAGCAAATCTCCCGCTGCATTCAAACCGCCAGGGAATATGGGGCGGCGGCTTCCGCACATCCCGTAACGGATACCCTGAAGCGTGCGGATAAAGAACGCTTTACGATTCCGGAACAGGTGGAACGGGACGGCCTGTGGTGCATGGAAACCCCGCAGGTCTTCCAATATCCTCTTCTGCTGGACGCTTATGTGGAAGTCACGGAACGGAATATCCAGGTAACGGATGAAGTCACCGCCCTGCAGCTCATCGGCCATCCTACGCGCCTGGTGCATAATCATGAGCCCAATCCCAAAATCACATGGCCGGAAGACATTTCCCGCGCTGAAATGCTAATGGACCTCAAGCACCTCCGCAATGACTCATGACCAGCTTTCTGTGTAAAAACCCCCGCGTCATTCTCATTCTGGGCACAGGGTATCTGGGAAAAGCCCTGGCGGAAAGTCTGCGGAAAGCGGGACATACGGCCCTGACGGCGGATATTGACCCGCAAAAAGCCATTTATGAAGCCGATGTCGCAGACCGGGCCTCCATGCAGGGGCTGGCCGCCCGCATCCCCTCCCCCCAGATCATCGTCATGTGCGCCAGCACGAGAGGAGGCGGAGAGGAAGCCTACCGCAACCTTTACGCCAATGGAACGCGGAACACGCTGGAAGCCTTTCCCGGAACGCCGCTCATCTTCTGTTCCAGCACCGCCGTCTATGGAATCACGGACGGACGCTGGATTACGGAGGAACACAACGTCTATCCCTCCTCCGTGAAAAACGGTCTGCTGATTCGGGCGGAACAGGCGGTTCTGGCGGCGGGGGGCACGGTCGTCCGGCTGGGAGCCCTGTACGGGCCGGACCGCTGCGTTCTCGTCTCCCAATACTTCACGAAGGGCACGGCCCTCCCCGGAGCCATGGACAGATGGCTCAATTACATCCACCGGGACGATGCCGCTGCCGCCCTGCACCTGCTCTGCACCCTGCGGGAACCGCCTGCCGGCATTTACAACCTGACGGACCGCACCCCCATGCAAATGGGAGAAATATACTCCTACCTTTCCAATTTGCTGGGGAAACCCGCTCCGCAGCCTGAACCGCTCCCGGCGGAAGCGCGCCGGGGCTTCTCCAACCAGAGGATTTCCTGCTCCCGCCTTATGGCCCTGGGCTGGGAACCGCTCTACCCAAGCTTTGCGGACGGTGTGCACAATGTGCTGGAGGCACTGGAAGAGTAATTTTACCCCCATCCTTTTCCACGCTGACCGGCCCTTTCCGGACATTCCATAAATAAGAAGAGGCATCCCTTCTGAACGCATCTCGTGAGGCAGGCACATGCCGGAAAAAAATCCAGCCGACGGCCCCTCCTGTCTTTGACTCTCCCCTTTCTTGACTTGCCGGGCGCGAACAGGCAAAATCCCGCGCGCAATGCGTATCATCACAGGTCTTCAACCCAGCGGCAAGCTGCATGTCGGCAACTACTTCGGAGCCATGGAACCGGCTGTCCGCATGCAGGAAAGCGGGGAATCTTTCTACTTCCTGGCGGACTACCACGCCATGAGCACCGTTCACGACGCGAACGCGCTGAGGGAAAACTGCAGCAACCTCGCTACGGACTTTCTGGCCGTGGGCCTGGATCCCGAAAAATGCGTCTTTTTCCGCCAGTCCGCTGTGCCGGAAGTCAATGAACTGGCCTGGATACTCAGCACCGTCTGTCCGATGGGCCTGCTGGAACGCTGTCATTCCTACAAAGATAAAATCGCCAAGGGATTCTCCCCCAGCAACGCCCTGTTCACCTACCCCGTGCTGATGGCTGCCGACATCCTGATGTATGACTCCGACCTGGTGCCCGTAGGCAAGGACCAGAAACAGCATCTGGAAGTCACACGCGACCTGGCGGGCAAAATGAACGAACAATTCGGAGAAGGCACCTGCAAACTTCCGGATGCGCTCATTGCGGAAAGCACAGCCATTGTCCCGGGGCTGGACGGGCAGAAAATGAGTAAAAGCTATAATAACACGCTCCCTATTTTCGGAGAGGAAAAAGCTGTCCGTAAACTCATCATGAGAATCCCCACGGATTCCACCCCCGTGGAAGATCCCAAACCGACGGAAGGTTCCGTCATCCTGCAGCTTTACAAACTCTTTGCCTCCGCGCAGGGTTATGAAGATATGGTGCGCGGTTTCCAGAACGGGGGATGCGGCTATGGAGACTTCAAAAAGCGCCTCTTTGACGCTTACTGGGAATACTTCCGGCCCGCGCGCGAACGCAGGGCGGAACTGGAAGCCAATCAGGACTATGTGCGCCGGACGCTGGAAGAAGGCGCCCGCAAGGCGCGCGAGACGGCCTCTGTAGTGCTGGACAGGGTGCGCCGCGCCGTGGGGCTGGCCTGAAACGGAATAAAACGGAACACCCGGGAAAGCCGGGGCAGCACACGTTTTTTTGTGGCATGGAAAAGTACGGAATGTTATACAGAAAGATATGAAGAATATTCTGGTAGCTATTGATTTCTCCAACGCCACGGACGCCGTCATCCACCA
NZ_CP072046.1_gap3	130183	133713	3530	CCCCGGAACGGCGCGCGTACTTTGGTGCGGTCAAGATTGATCCGGGCGTTTTCCAGGGAGGCTTCCGCCTGCTTGATGCCCGCTTCCGCCTGTTCCAGAGCGGCCTGCATCTCCTTAAGGTTCTGTTGCGCGTCCGTCAGGTTCTTGACGGAAATAGCCCCCGTCCTGATCAGTTTGTCATAGCGGTCCAAATCCTTCTGCACCCTGTCCAGAGAAGCTTCCGCCTGAAGTTTGACGGCACGAGCCGTAGCCAGGTTGGCCGCCTCCCTGTCCACGGCGGCCTGATAGGTAGCCGGGTCAATTTCAAAAAGCAGTTCTCCCTTGTCGCAAATGGAGCCGTCCCAGTAAACCTGGCGTATCAGCGTTCCGGAAACTTGCGGCCTGATGTCCGCCTGCTCCACCCCGCGCAAATGGCCGAACCAGGAAGATTTCAACTCCACCGTTCTCTGCTCCATATTCATCACGGAAACCTTGAGCGGAGGCATTTCCCTCCGGTTTGCAGCATCCGCGGCGCCGTTGTCTTCCCGGCACCCTGCCAGCCCGCACAGGGCCGCTATCAGTATATAGTGTGCTTTCATGTTGTTGGTTAACAATATTATTGAAGCATGCTTCATATTTTTCCAAACCCGTTCCCCGGAAAAAAGCACGGGCTTTTATTATTTGAGATTGTCGTACATGCGCCGGAGCAGATCCCTCAGCATGCTGCGGCTTTCCTCCGGCACCCCGTCCAGCAGCGTATTTTCAATCACTCCTATCTGCTGACAGATGGCCTCATGAACGCCCCGGCTCATATCCGTCAGATACACATTCTTCAGCCGTCCGTCTTCACTGTCAAAAGCCGTGGTTACCCAGCCCTTCTGTTCCAGCCTCTGGACAATTCCCTTGACCGTGGTATGGGAGACCCCCAAATGCCGCTCTATGTCCCTCTGGGAGACGTTTTCTCCGTCACGGGACATCAGGTAAGCCAGCACCCGGCCCTGGGAGGCCGTAACACGTTCCAGAGTCAAGCTGCGCGTAAGCATCATATCCACGCGGTCCGTAATCATTTTCATCAAAAACGAAATCGTAAAAGGGTCGGCCATAAAACAATGAAGCATGCTTCAAAAATGTACCGATAGATACTCTTTATCCGGATGCAAGTCAAGCGGAATCAGAATGACAGAGCGCGGGAAAAACACGTTGCCCTCACCAGCAAAAATAAATCAAATCCGTTCTTCATCAATAAATTGAAAAAACTAATCATCAATAATCCGAATACCTTCGCATTTCCTTCCCTCATCATCCGGCGTTTCCCGGCAAACATACCCCTTCCAGCCACAGGAAACCAATGCTCCGCGCAGGGATAAAGAAAAAATACCTAAGGAACGGCCCGCATATCAAAAAAGGCCGGACCCGCTTCGCCTTCTTTCCAGGGACAATACGCGCAGCCGCTTTTCCTCCACCTTGAATTTCACCTCCCAGCCAGAGAACAAAAGGCCGTAAACCCGTTCCGGATCATCCTGATATTGGGGACGGGGATCCAGGGACAGCGTATCTTCCAGCGCACTCCTCTCTTCCGGAGACATGGAACCGCCAAAAGATTCGGGAATTTCCACATCCAGCCGTTCATAGGGAACGGCCGTAAACCCTTCCGACGCCTCCGGAATGCAGTCCGCCAGAGGAACATAGGGCTTGATATCCAGAACAGGGGTGCCATCCACCAAATCCACGCCGGAAAGATGCAATACCGGGCCGTCCAGAGGATGCAATTCCACCCTTTCCAGCCTGACGGCAGACAACCCGATGGGATTGGGACGGAACGGCGCACGCGTGGCGAACACCCCCATGCGCACATTGCCCCCCAGCCGCGGAGGCCGGACCGTAGGGCTCCACCCCTTATCCACGTTTTCACTGAACACCCAGACCAGCCACAGATGGGAAAACCCTTCCAGACCGCGAACGGCGTCCGGATGACGGAACGGAGGCTCAAAGACCAGCCGCGCCCGCGCATCCGGAACCAGGCCGCTCTGGCGCGGCGCACCGAATTTGTCCGGATAACACGTGCTGACGCGGGCGACGGGCTGCAAGCGGAGACTGATAGTTAATAATTAATAGCTGCCGATCTTTCTCCATGACGCTTTCATCAGAAGCGGTGGAGCTGTTCTCCGAGCACTACGGCATCCACCTTCCCCTTCAGGGTTTTGCCCAGGAATGGGGTGTTGCGGGCGCGGCTGCGGAGCGTTTCATCCGTGACGGGCGTTTCTCCTTCCGGGTCAAACACCACCAGATTGGCCGGAGCCCCCTCTTCCAGGGAGACAGGAGCCAGCCCCATCAGCCTGCGGGGAGAGTCGCTGCAGGCGCGCACCACCGTCTGCCAGGACATCTTTCCAGGTTCCACCAGATACTGGTAAATAGCGGGCAGGAACGTATCCAGCGCAATCATGCCCTGCGGGGCGACAATGAAATCCTGAAGTTTGGAAAACGGCGTGCAGGGCGTGTGATCGGAGACGATGCAGTCAATGGTGCCGTCATTCACGGCGGCAATCAGGGCATCCACATCCGACTGGTCGCGCAGGGGCGGCAGCGTTTTGTAGCAGGTATCGTACCGGCCCACGTCCTCATGCGTGAACAGGAGATGGTGAAGCGCCGCTTCCGCGCTCAGCCCGGCGGTTTTCTGCTTGCAGCGGCGCAGGATATCCACGCTGCCGGCCGTAGAGACAGTCTGCACATGCAGGGAGTTGCCCGTATCCACGGAAAGGCGGATGATGGTTTCCAGCCCTATTTCCTCCGCACAGGAGGGGGCCCCCATCAAGCCCAGACGGTAGGAGGTAGTGCCCGGGTGCATGGCCGCCCTGGCCGTCAGGGACGGCACGTCTCCGCGCAGGGCGAAAGTAAGGTTCAAATTGCTGGCGTACTGCATGGCGCGGTACAGCAGAAGCATGTTGTCCGGAGCGCGGTCCCCGTCCGTAATGAAACGGACGCCCTTGGCGCGCAGGGAATCGTAGGAGGCCTGCTCTTCCCCGCCGTCCCCCTTGGTCAGGCACCCGGAGGGGATAACCTCCACCAGGGCATCCGTCCGGCATATTTCCATGAACGTGGTAATCTGGGCGGCATTGTCCATCACGGGTTCGGTATCCGGCATCGCCATCAGTCCGGTCACTCCTCCATGCAGGGCGGCAGCGGTAGCCGTAGCCACACGCTCCTTGTCCTCCCGGCCGGGCTGGCACAAATGGGCATGGATGTCAAACAGGCCGGGCAGAACAAGCTTTCCGGAAGCGTCCAGCGTCTTTTCCGCGGCGCTCTCCAAAAGCGTTCCGGCAGGAGCTTTCGCTGTAATCACCCCCCCGGAAACCAGAAGGTCCGCCGGGGCGGAACCGTCCGTCAGCCGGACGTTGCGAATAAGTACAGAAGTTTTCATGAACAATCAGTGCTGGGTTTGCGGAGTGAGATGGTAAAGGATGGACATGCGGCAGGCGATGCCGTTTTCCACCTGGCGGTTGATCAGGCAGCGCTCGTAGTCCATCGCCAGGTCACAGATTTCCACGCCGCGG
NZ_CP072046.1_gap4	166930	170619	3689	GGCCTCCTTCCTGCTGCGGAAGCTCCCCGCAAACTCTACAGAAGCTGGTACAGGCGGGGATAGGAAGCGTGGTTGGCGGTTATGTAATGCGGGCGCGGCTTGGGAACCGGCCTTGTCCGCCCGTGATTCCAGCCGTCACGATCATGATGATCATGGCGCGGCGGCCCGGAACGGTAATAATCATGCTCGTGGTGGCGGTGGTGGCAGCCTGCGGCCAGAACGATTGAGGCCGCCGCGGCAAAAACAGGAATTATGTTCATCTTCATCTTTCTTCATGGTAAGACAGCCCGGCGACGGGAATGCGAACGGAAAAAGTCTGTCACCCGAACAAACGCTCCCTGTTAACGAAGAAAACGGCCCCCAATACACATAAAAACGCCCACAGGTAATCCCACTTCCATTTTTCTCCGATGTAGAACAGGGCGAAAGGAATAAACACGCACAGGGTAATCACCTCCTGCATAATCTTGAGCTGGGCCACGTTAAGCCCGCCCGCACTGCCCAGGCGGTTGGCGGGAATCATGAAGCAATATTCAAAAAACGCCAATCCCCAGCTCATCAAAATAATCATCAGCAGGGGCTTGTCATCCGCCCCGGAACCCTTCTTCAGATGGCCTTACCACGCCCACGTCATAAAAACGTTGGAGACCACCAGCATGGAAATCGTTAACGCAATCTTCATGATTTTTACTTAAAAATATCAATCCCTGGAGGACTTGGGATCCAGGGCGTCCCGCAGTCCGTCCCCCAGGAAATTCAGCGCCAGCAGGGTAGCTGAAAACAGGAGCGCCGGGAACAGAAGCAATTCCGGACTAACCTCCATGCGGTCCGCACCTTCCTTGATCAGCGTTCCCCATGAGGAATTGGGAGCCTTCACGCCCAGCCCCAGAAAGGACAGAACGGCTTCCAGCAGCATGATGCCGGGAACGGCCAGCGTCGTGTACACGATGACGGTTCCGAACAAATTCGGAGCAATATGGCGGAACAGAATTTTCATGTGACCAATGCCCAGGGAGCGGGCGGCTTCCACGAACTCCTGCCCTTTCAGCTCCATCGTCTGCGTGCGGACAATGCGCGCCAGCGTCAGCCAGCCCAAAGCGCCGATGGCGATGAACAGGGGAATCAGCCCGGTCATGGGGCTCACCATTTCCACAGACCAGCCCGTCATGCCGGAAACCCACTGCGTCAGCCTCCGGGCCGGCTCCTCCACGGACAGGGAAAAAATAATCACCAGCACAATGAACGGCAGGGCAAAAAGCACATCCACCAGGCGCATCATCAGGGCGTCCAGCCTGCCTCCGGCATAACCGGAAACCAGTCCGTACGCCACACCGATCACCAGGGAAACGCCCGTGGCGACCACGCCCACCAGCAGGGAAATGCGGCCGCCGTACAACACGCGCGCCAGCAAATCCCGCCCAAGCTGGTCCGTGCCGAACCAATGCCCCCAGGAAGGGCTTTCCGCAATCCGGGACAAATCCTGCACATTAGGATGCGGAAGCCACGGCAGCAGGGGCCCCAGAAAACAGGCCGCCGCAATCAGCGCCAGCGCCAGCAGGGAAAACATGGCCGCCCGGTTGCGGGAAAGACGCAGAAAGGCGTCTTTCCACAGGGAGGAACCCTGTTCCTCCGTCCTGTTCCATCCTCTTCTTCTCATGATTCCTTTCTCAATCTCGGATTGACGGCCATTTGCATCAGGTCCACACCCAGATTGGCCGCGACGATCAGAATACCGTAAAACAAAACAAGGCCCTGGATGAGAAAATAATCCCGGTCCGTTGTCGCGTTCACGAAATGCTGGCCCATGCCGGGAACCTGGAAGCAGGTCTCCACCACAAAAGAACCGGTAATCATGGCGGCAAAAGCAGGCCCCAGATAGGAAAGAGCCGGAATCAGGCCGCCTCGCAAAGCGTGCTTCCAAACCGTACGGAAAGGCCCCGCCCCCTTGGCCCGAGCCGTCCGGATAAAATCCTGCCCCAGCACTTCAAGCATGCCGCCGCGCGTCAGGCGCGCCAGATATGCGGCATTCACCAGACCCAGCGTCAAAGCCGGGAGCACTACGCAACCGGGGGAATCCCATCCGGCCACACTCAAGCCGGGCACATGCATGCCCAAGGCCACGCCCAGCACCGGAGCCACGACAAAGGCGGGAATGCAGATGCCGGCCATGGAAACCAGCATCACCCACCAGTCCATCCACCGGTTCTTGTACAGAGCCGCCACGATTCCGGCGGGAATCCCCGCCAGAATGGAAATAGCCATGCCTATGACGCCAAGCTGAAGGGAAACAGGAAATGACTGGCCGATCATATCCGCCACGCTGACGCCTTCCTTCACCAAAGACGGTCCCAGGTCGCCATGCGCCAGCATATTCCACCAGTAACGCCCGTATTGAACTAGGGAGGGCTGATCCAGCCCGTAACTGGCCTGGAGCTGCTGGAGGACATGCTCCGGCAGCTTCTTTTCCCCCATGAAGGGGTGCCCCGGCAACAGGCGTATCAGGAAAAACGTCACGGTCTCCAGCACCAGCAGGACCAGAAGCCCCTGCCCCAGGCGTTTCAGAATCATCCTGGTCAAGGCGCGGCCTCCTTCCCATGTTCCCGGTCGGCGTCCAGGCTGATATCCTCAAACAAATGGTTGTCCAGAAGCAAGGGACGCCACCCACGCACCTCCGGCCTCTTCAAATAGGACCGTTTGGCCCAATACAGGGGAATCACCGGGGATTCGGAAAGCATCAGCGCTTCCGCACGGGCCAGCAGGGCCATGCGCTTCTCCTGGTCTCCCGTGGCGCGGCTCTCCGCCAGCAGGCGTTCATACTCTGGATGAAACCAGCCCGTATTATTGTTCCCGGAGGCGGAACCCCACAAATCCAGAAAACTGGAAGGGTCCAGATAATCCCCGGACCATGAGGAGGAACTAAAATCATACTGCATGGAATTCTGCGCGAACTTGTAGGCCGTCCACTCACAGGAACGGATATCCACATGAATCCCCAGATGCTTTTTCCACATGCCCTGGATGGCTTCCGCCATTGTCTTCTGAACTTCGCGGGATGTAGTCATCAGCTCCAGCCGGGGGAACCCCTTCCCGCCGGGAAAACCGGCCTGGGCCAGCAGGGAACGCGCTTTCTCCGGATTGAACTCCACCCCATGCGGCGTCTTGTATCCGGCGCCGTCCGGCGTAAAGCCGAAGCACGGCTGGCCGCCGCCGCACACCACGTCCCGCACCAGGGCCTCCCGGTCCACCGCCAGGGAAAGGGCCCGCCTGACCCGGGCGTCATCCAGCGGCGCACGCGACGTATTCAGACGGTAAAAAATAGTCACGTAATAGTCATCCTGGCAAAAATCATCGCCGCCGCGCTCCCGGGCATAAGCCGTCATCTCCGGAGGCACGTTGTTGGTGACATGAAGCTTGCCGTTGAAAAACATGCGGGTTTCCGTAAAGCCGTTCACGGTAGGAAGAAAACGGACTCCATTCAGCCGGACGGAGGAAGCGTTCCGGTACCGGGGATTGCGGCGCACCTCCACATAATCATTGAACCGGTGCTCCGCCATGAGAAAAGGTCCGTTCCCTACGGCCACTCCGGGCCGCGTCCATCCCCCCGTCCTATCCAGCATGCCGCCGCGGGCTTCCACGGCATGGCGGGGAACCGGGAACCAGGTGCAGTGAAGCAGCAGCAGGGGAAGCTG
NZ_CP072046.1_gap5	179013	181520	2507	CCTCCTGGAGACGGGGACGGAAAGGTCCGGCTCCGGATGCCGTTCCGGTTCGTCAACCGGGGCAGGAGGAGCAGGCTGAATAATGGTTTTCCCCTCTCCGAGGAAAGATTTTTCCTCCGGCACAAGCACTGTCTGCGGCTCCGCTTCCCGCTGAAGCACAACAGACGGGGAAACAGAGGTCTCTGCCACAGGCACGGCGCCCAGCACGGTCAGGGACAGGCGTTCTTCCGGCTGCTGCTCCACGGAAGCGCCGATGTGGAGGCGCACTCCCCTTCCCAGAATTTCCGCCACACCGTCCACCAGGTCTTCCAGACGCTGCAGCGTCAGGGAACCTCCGCCGCGCACCAGAACCAGGACATCGTCCACTTCTCCCAAACGTTTTTCCAGAAAAAGCGGGGAATGCCGGACCTGGTTCAATATATCCGCCACGGAAGCATCCGCAGACGCTTCACCCACGCCAAAGGAGCAAATCCCTTTTCCCGTTCCGGCTACGCTGAGCAGGTCGTCCAATCCCACCCGGAGCAGGTTTCCGGAAGAATTCAACAGAGACGGCACAATAAGCACGGCGCGGGCAATAAGGGCATTAACCACGGAAAAGGTTTCCAGCACCCCCTTGTCAGGGTCTATGAGGCTTTCCATGGCGTCATTATCAAACCGCAGCACCATGTCGGAATACAGGGCAAGCCGGGCCAAAGCTTCATCCGCCTGGGCAGAGCGCCGTTCCCCCTCAAACCTGAAGGGGCGGATGACAACGCTGACGACATAAGCCCCCTGTTCCTTGGCCAGACGGGCCGCTTCCGGAGCTACGCCGGATCCCGTTCCCCGTCCCAGCCCGGCGGCAAGGACGGCCAACGCGCTGCCTTCCAGCGCACGGAGAATGGAAGACTCGCTTTCACAGGCCGCCTGGGCTCCTACGGAGGCGTCCCCGCCGGAACCGAGGCCCCTGGTAAGCCTGGCGCCCAGATGAATCTTGCACGGAACGGATGAAGCGTTCAATAGGCGGGCATCAAGATTCATGGCGCAAACGGAAGCTGACTGGGGAGCCAGCAGCAGCACTTCCTCCATTACCTTGGTTCCTGCGGCCCCAATGCCGCACAGGCAGATTTTTCCGGACAGGCCGGACGGCCCCTGGGGAGAGATTTCCAGCATGGTTGTTAATTTGGATAAAGGTTGATCAGGAGGTCTTCTTTCCGAAGAAGCCCAGCATCCGTCCCAGCCAGCTGCGCTGCTGCGGCAGTTCGGCATCCAGAATCTGGGCATACCGTATCAGGCCTATGGCCGTGCAGTAGCGCGGATCGTCCAGGTAGGAAGGCGCACCGTTTTTAACCAGCGTAGGCCGGCTGATGGCCACGCCGAACACGTGGGAGGCCAGTTCCCCCACGCCGCGCATCAGGCTGGCGCCCCCGCACAGGTAAACGCCGTGGCAGCGGTTGCCCTTGAAAGTATCCTTGGGCAGGGAAGATTTGACCAGGTTGAAAATTTCCAGCAGGCGGGAACGGATGATTTCATTCAGCACGTTGCGTTCAATGGCGGCATCCTTCATATGCCCCTCTCCGCGCACGCGCACCATCTCGTTGGTTTTCCCGGAAAAGCTGTTGGCGTCCCCTTCCGTCTTCTTGAGCAGTTCCGCCTGGGCCAGAGGAATGCCGGTCATCAGCGTGATGTCATTGGAAATGTGGTCGCCGCCCAGGGGCACGCATCCGGAGGCCACAAGCTGGCCGTCCTGGTAAAGCACATAGTCCGTCGTGCCCGCACCCATGTCAATAAGCAGAGCGCCCGCCTGCTTGACCTGCCTGTTGAGCACAAACTGGGCCGTGGCAATGGGGGCGAAAACCACATCCGCAATATCCAGCGGGACTTCCCGCACGCAACGGAAGGAGTTGGTGATGCGGGATTTGATTCCGTGGATGATATGGCAGTCGATGTCCAGGGTTCTTCCGGTCAATCCGGCGGGATTGGTCAGGTTCTCCTGCCCGTCCACGGAAAAGAGACCGGGCACGCGGTGCAGGACGAATTGTTCCGGCCCCAGGGCGACGTCCCGGGCGATTTCCGTCACCTCGTCCATATGCTCCTGGGAAATAATGCTTTCATCCGGGGGAAGACGGAACGTTCCCCGGTTGTTCTGCCCCACAATATGGGCGCCTGTCACGGACAGATAGACGGTCATGATATCCACGTCCGCATGGTCCTGGGCCATATTCCAGGCATCGTAAATGCACTGGATGACCTTGGAAGTGTCTTCAATCTCTCCGCGAACCACGCCCTCGCTAGGAACCTCACCCACGCCGATGATTGTCACGGTCGCATCGGGCTTCACTTCGCCCACGACCATGCAAGTCTTGCTTGTCCCTATCTCAAGCCCTACGTGAATTTTTGTCTTAGCCATGAAAATCAAGGAACTATCAACGTCCTCGCACCTGATAGCACATTACTTTCCATTATTCAAGAAAGCCTGCGCGAACATACGCAGAAAACGCGGTTTTCCTCCGCGCTGCCCCGGTTCAAAG
NZ_CP072046.1_gap6	206266	208532	2266	GAGTCCCACACGTTCGCCCAGAGGTAAAGCTGGTTCCAGGAGCCGATCGGCCGGTTCCGGTCCGACGGGTTGCCGTCCTCGGACGTGTACGGACGCAACCCTATGTCCGCCGTATCGCCACGAAATTCCGCAGGCAGTTTTTCTTGAGAAAATATGATATTCAAGTCTTTTTTTAATCCACCGAATTTAGAATCCGATTTTTCTATAAAAATCATAATATAAACCTTTAAGAACGGAATTGGATAAAAATGCGATTTTTCTTGCCTTATTTTTCTTTCCAATTGTCCCGGAGCCTGTTTGCTCTGCTCAACGTGTGCCCTGTTGAACCAACTTTGAGCTTGCATGAACTGCCTCTTTTTTGTATTGGCTAGAGTTAAGAATTGGCTCTTCGCACCTTTGTGACAGCAGAGGTTTTTCCTCCTCACACTCGAACGGAAAGGGGCCTGCCGAAACCCATCATTTTCATGAAGATCAAACTTTTCACTAAACGTCCTGTCAGGCATGTCAGCAAGGGGTTTGCCCTGATTGCCACCATTACCCTGATGATGCTTTTAGCCCTCCTCAGCGTCGGCCTTTTAACCATTGCATCTTCACAGGTCCGTATTTCCGAGAAACAGCTTTTTGCGGCGGAGGCCAAATCCCTCGCCAGATTTTCCCTGGAAGTAGCTTTGGGCCAGCTTCAGTGTGAATTGGGCCCTGACCAGCGTGTTTCCGCCAATTCCGGCATTCTTTCTTCCGGAACCAGCGAAGGAAACGCCCCTTATATTCTGGGTGTCTGGAACAGCTGGGATTCCTGGCTCAATACGAATAACTCCGAGGGTATGAACATCTCGGCCACCTATGATACAGGAAGAAAATCCATGTTCCGCCGCTGGCTCATTTCCGACCCTGATTTGCGCAGGCTCAGTTCTCTGGAAGCGGGTAAAAACCTGTTGGGCAAACGTTCTCTCTCTAACCAGAACTTCCGCAGCGTCGCCCTGGTGGGACCAGGCACGATAGGGACACCCGTTGGAGCCAGGAATCAGGATAAAAAGGAAATCTACGCCCGCATGGTGCGCGTAGATGATTCCTCCAAGACCACAGGACTGAAAAAGAATGCTAACTCCCGTAAATATATAGCCTGGTGGGTCACGGGGGAAAACCAGAAAGCGCGTATCAATTTGATGCCGCATGCTTCTGAAGAAAGTACGGATGCCCTGACGGTGCTGCGTTCCACCTGGGATACGCCCGGCCCCGATCTGGAGTCTCTCAATCTTTCTTCCGTAATGACGGCGGGATCCGGGAACGACATGTCCGCAGTCAGAAAGCTTATCTCTCTTGATTCTCTGCTGGCCAACAATAAAAACGGACGTTTGAAGGATTTGGGTGACGTTTACCACGACATCTCTCTGGTTTCTTCCAGTTTGCTGACGGATTCTAAATTCGGCGGTCTTAAGAAAGACCTCAACATTATGTTTTCCCAGGAAAAACTTCCTGAAGAATTTCGCGGCGATACGGCGGACATAGGGTTGCGTCCGTACACGTCCGAGGACGGCAACCCGTCGGACCGGAACCGGCCGATCGGCTCCTGGAACCAGCTTTACCTGTGGGCGAACGTGTGGGACTCCTCCACGAAGAGGGAAGGCCAGGATGCCTCCGCCACCCTTCAATGGAATGGAAGCGCTCCCAGCACGCTGATTGCGGCGGACTCCGCAGCCAGCATGGAAATGATGGACAACCGCTACACGTACATGCGCCATCCCATCCTGCTGCGCTTTTATTCCTTTGTAGGACTTAACTACGTCAAACACGGCAACAAGCATCCCAACCGTGGAGGATGGATCGACTTCCGTATTGCCGTCATTCCCGTGTACGTCTGGTGGAATCCTTATAATGTGGATATGAAGCTGACCGGGGCCAACGGAGGTGTCTGGGGCGCCTACTTCGGCGAGCACCGCTTCATGCCCCTGCTGCTTTCCCATAATGTTAAATTCGCATGGAACCAACTGGATGAGAATGCACTCTCCAATTATGGAGAATCCTGCCTGATCCCCTATTTGAACGCTTCTTATAACAACCGCCAGGTGGCGGATTTCGGCGCCTCTTTCCGAACTACGGCCAAACTTAACAGTGACGGTTCCACCGTCAAGGGAGAGCCTTCCACCTTGAAAGCAGGCGAGATCGTCGTCTTTGCCCAGCCGGTCGTTTCCAATATCGCCAACGGTAACGAAGTTTACAAAACAAAGCCCAACAGCGGTGATTTCAAACCGGACAGATTCCCGCTCAA
NZ_CP072046.1_gap7	209997	213505	3508	GGGGTGACCCAGGGCATCCCGGACGGGGAGGCTATGGCGTGGTCGGACCTGAGAACCCTGAGCGACACGCAAATCAGGTCCCTGGCCCGGAACATGGTCAAGGAGGTCAAAAAGAGAGGCCCCTTCCTGAACATGTCCGACTTTGTCAACCGCCGTCTGCAGAGCGGGGAAATGGGGGTGAAGGGAGCGCTTCAGGCGGCTATTGACGAGAGCTCCATCAACAGCACGTTTGACGAACTTTCCGACATGGTGATCGCGCCCAAGGGAGGCTACCCGAACCAGGACGCGGCCAGGGGATCGGTGTATACGGCCGCCCCCGGCTACCTGATCCAGTCTGACGTGCTGGCGGTGCTGGGCAACATCCTGACGACGAGGGACGATACGTTTACGGTGCGCGCCTACGGAGAGCTGGCCAACCGCGAAGGAGTGGTGCTGTCGCGCGCGTGGTGCGAAGCGGTGGTGCAGAGGGGGATCAACTACGTGGATCCGGTGAACAGCCCGGAAACTCCGGCCCGGCAGGTCAACATGAAGAGCGGCGCGCTGGAGGATACGGAGCTGAGCGCCGTGAACAAGGCGTTTGGAAGAAAGTTCAACATCGTTTCCTTCCGCTGGCTGTCCCCCGAAGAAGTGTAGCGGAGGGAGCGTGTTTCCATTCCGTTTCACGCCGCTTTCCCTTTCCGGGAAAGCGGCGCTTTTGTGTCCGGGAGAAGGAGTTCCGGCGCACCCGTTGGACAGGGAGCGCCCCCCCTCAGGGATTTTTATCCCCTAATCCCCTATTTTTCGCTTGCACATTTACTCCCATTCATGTACTTCACAAGGGATAAAAGCCCGTCAGGGGCCTGCCATCGCGCTCCGCTGCGCGGGCCGATACCCATGCCCTTCCGCATTTCCTCCGTGCGGTTATCCGCCAAAGGGTTATGCAATGTATCAAAACTTTTTCCATTCCCCAGAACCCAGAATATATGCGTATTTTACCCATCCTGGCCTTTACCTGCCTTTTCGGAAGCATTTCCTTCGCCCAAGGACAGAGCCGCACCCCCTCCAGGCCGGAACCGGCCCAACCGGCAGCAAATGCTCCGGCGGCCGATACCGTGGACAAGTCCCTGCCGCCAGCCGCCGTCAACGGCATCCGGTTCGTTCTGAAGGAGCCCATGTCTCTTCCTTCTCCCATTTACATGCCTATTGATTCCAAAAGGCTGGAAAAAGTGGAAATCCGCGCCGCCCTTCCGGGGCGCCGCAGCGTTTACCCCAAGAGCAAGATCATTACCCTGTTCGGGGGCCTGGACCAGAAAGGCATGCCGACCAATAAACTCGTCAGCAAGCCCCTGCCGCCCGATCTTGGCTCCAAAACCCTGGCTCTGGTCGGCAAAAACAGCAAAGGGGAATTGACGCTGGATTTTATTAATGAGTCGGAACTGCCGCTGAACTGCGTTTACATCCAGAACCTGACCGGACGCACGTTCACTTTGGAACTTCCCAAACCTCCCTCGGGAGAAAAGAGCGCTATCGAACTGCCCAGCAAATCCACTTACATTTTCGGCAAGAACTCCACAGACAGCAACATTTCCCGCACCACCCCCGCCAATTTGACGTACATGACCCGTTTAAAGAACGGCAAAGTCGTCAAGGTGAAGGACAGAGGCATGATGCTGACGACCTACCCGGGACGAAAAGTGGTTATGATTATTTCCCCGGATTCCACCGGCCGCACCGTCGTTTTGACGGAACTGATGATTTTCAAGGAAAGGCCGGGAGCGGCTTCCTCTGACAAGTAAATTTTCTTCCGATATCCGGGAAGCCGGAAGCTGCTCTGGAGTATATCCGGATTATTCAGAAAAACGGGCATTGCTGCCCGTTTTTTTATTTTTCTTCTCCTGACGCCATGGATTGAGGGAATAAACCACTCCGGACATTTTTCCGGCACGGGAACAATGTCCACCCTGTTTCCCGCGGCTCCAATGCGGCAGGCGGAGAAAGAGGTCTCGAAGCCATGCGGTTTGCCGAAAAAGTTCACCTGCCGCCTTCCGGCATCCGGGCAGGCTTAATAAACTTTGGGCACCAGTCCCTGACGGCTCATCTTATCCTCCACCTTTCGCCGGTTTTCCTCCAGACGCCGGGCGTCATAGGAATCATCCACAGGCTGGGCCTCCGGAATGTTTTCCCCGCGTCCCGCCCGGTATTGCTGAACCTGCGGGAGCACTCCTTCCACCAGTTCCCTGCATATCCAGGAAGGCAGGATATAGGTCTCCGTGCGTCCGGCCCGGCTCAGAGCCAGCCCAACAAATTTTCCGTTGACGTCAATGACCGGGCATCCGGCCCGTTCCGGGAACAAGGTCATGTCCGACTGGATAACCAAAGGGAATTCATCCCTTTTCAAGCTCATCCGGTTGCCCATGGAGTTCATCATGTCGAGACGCTTTTGCGGGAATTTCATCACCCTGGGCCTGGGCCCCGTGAGGAGTTTTCCTTCTATCACCTGGTTCCGCCGCCTTACTTCCACGGGAACCGTCTCACCGGGACGCACCCCGACCATGGCGGCACGGATGGAGTACATTCCATCCACCGGCTTTCCATTCAGCTTCATCAGCACATCGCCGGCCGTCAATCCGCTGCGGTGCGCGCCGCTTCCGGCTTCCACGCCGCCTATCATGACCCCCTCCCCGTCCCAGCGGGGATCGGAAACAATGCCGAGATAAGGCTGGTCATCCGCCCGCAGGCTGCGCTGAGCCACGGAAACGACTCCGAAGTCGCTCACATGCCCCGTGGGCGACACGGCTGCAATCACGTCCCCTTCCTTCGCCTGCACATAGGAATCCAGGTCAATGGGAGGAGCGGGAAGCCCCGGCACATCCATCATCAGCAGATCATGCTCCGGAAGGGCAAAGAGCACCTTGGCGTCATAAACCCGCCCGGAAGAATCCACCAGCATGACCGGACGCCGTTCCTTCTGGAGATCACTCAGCTTGGTGAGGACCTTTCCCTTCCCCACCACTGTTCCCAAAGCCACCTGGGTATTGCCGGCAACCAGAGCCACTACGGACTGCCCCACCGGAACAGCCACCTTGTCCCATTCCCGGAAAATCTCCTTGGCCTGGCTGTCCAGCACACTTTTGTCCTCCGGGGCAATCATCTGCTCCGGAGGCAGCGGGGAAGCTATTTCCTGGGCATACGCGGAAGCCGCCGCAAATGCCGCCCATAAATATTTCATCATCATCCTTGAGTTTGTTCCTGGTATTTCAGGCCGGACATCAGGTCGCCGCGCCTGCCGAATGTAAGATCCGCCTTGTAAGCCGTACCTTTCCTCACCACCACCAATGGAACGGTTTCCCCCGGACGGTGCCTGCCCAGTTCACGGAGCATATCCCGCACGGAACGCAGGCTCCGGCTGTCCATGTGGGTAATGACGTCCCCCGGCTGGATGCCGGCGGTATCCGCCGGAGAATTCACCACAACGTCTTCCACCACCACGCCGTCCACGCCCAGCACGTCCATCATGGCAAACCCGAGC
NZ_CP072046.1_gap8	365415	369704	4289	TACCTACGGCCAAGATATACTGTACAAGCAGTCTGGCAGCATCTTCAAGCAGCGTGGCCCGATCTCGCGTGGTATTGTCAAATTTGGACAGAGACATTCTGTTCCCAACGCCGCTTGAATCCGGATTGACCACGATATCATAGGGCACACCCACCCCGGATAAAACGCCCTTCAGAAGCCGTTCTGAAAAACTCATGTAGTTCGGAGAGGGGCGCTCAATCTTCAGGGAGTCAAGGGAATCTTCAGACTTCAAAAATACAATTTGCTTATCACCAGTATTCCGGATGAGCACCTCCCCATTATTGGACGGTTTGGCATAAGCCTGCGTTATGTCAACTTCTCCCGTTTCGTTCTTTTTTACCAGGGCAATTTGTGACGCAATCTTCATGGCCCCAAGTTCGGCTGTATTGATATCATCAATGTATCGGAATTCCTTGAGGCCATGAGAGAAGAGAGGCTCGCCCCGGCAGGAGGAAAGAAAGTCGTCATCCACGATATGAAGTATTGAGGATGCCGGGATGATTTCACCTCCCCCTGGTTCGTCGCCGTCCAGCCAATAAGCGATTTCACGTCCCATGCGATTGGTTATGACGCCGTGCAGCACGTTCAATCCCTTATATTTTCCAGAGTCAATAAGGCCATTTTTAGGAGAGCAAACACGGTTTGCCCGGATAAATTGCAGTTGAGGAAACCCCGTCTTGCTTTCCGTCAACATTACAAAGCAATCCCCATCAATGTCGATGGCGGTGGAGATCAGATACAGGAGCGAGTGAAAATTCTTTCCGTTCACGCATGCAACTTTGTAAAACGCCTTGATGTACTCGTCATACTTCGCCGCAACTTCCGGATTCTTGCACAGAGATTTGAACAGAAACGCTTTCCCGATAGAGTATTCAGCCTTCATGTTCACGGCGCCTTTCACAACGCCGTTGTTCTTGTACAACAGACGGGACGCGGAAATAAGGTTCTTCCGGGTAAGACTCCCGGAAAGCTGTTCCGGTTCTTTGAGATAATTCGGAAGCCGCTGCAGCCCGTCATCATAACTGCCGCTCTTGTAAATGGGGCGGCTTGAAAACGGCCGGCCGAACTGATCCAAAATCTGGACATTTCCTGCTTTCATCGAAACACTATCCTTGCAACGTTATTCCCTCCTTCAAACCGGCCATGCTCAAGAGAACGAATAGCAATCCCCAAAGCTTCCACCCATAAATCAATAGTCATGGAACCTGGCGCGAACTGGAATGAACTGTCCCCCACGTTCCCTTGAGTGATTTCCTTTCCCTGGTTTTCAATGATATCTTCAACAGCCTTATCCAAAGCTTCTTTCAAACGGGGTATGCGTTCATCAATGTCCACCGCTCCCCAGGCATAAAGAGCTTTTGCAATCCGTAACATACAAATGCGGCCCCGTTGCGTTTCCTCTACGGAAGACACACAGACTTTCACCTGAACCTATACTTTTCCCGTTGCATTGTTGGAATAGTTGCATGAAATTTTTCAACTCCATGCATGCAAAAACACAGATGACCCATGACCCAGTTCGAGCCTCTACGCTCAAGGAGACTCCCTTTTTCGGCCTATTTCAGACTATTTTTCATCCTTCCGTGTGCTCAATATTATCACAATAATGAACACATTTTATAATATATTATTGTAAATAAACATATTAATTCCTACCGGGCCTACCACTTTTTTTGAAAGAAAGTGGTTACTCCCGGCAATAACAGGCCCCTTTCCTCTCTTGCAGCGTTGCAGAACAATAGCCGGGGCTAATCCGGTTACGGCATCCTCCGGGGAAGAATAGGCCCATGTATGCGCACTCTCCCGGCTTCTCTCTCCCGTTCCGCCCGGACATCTTCCGGAAATACGCCGCCTTTCAGGGAAATAATAAAAAACTCCCTTCCGTTAATCGCGGAAGGGAGCTGAATGGAAACAGGAATCCAAGTTTGCCGTTACTTGCGGCGGCGGCGCATCGCCAGACCAGCCAGGCCCAGCAGGCTCAGGGAAGCCGCTGCGGGTTCGGGAACCACATAGGAAACGCTGTACCCGTTCTCATTCTTGGTAACCATATAAGAACCTACTTCGGCATTAGTCAAATCGTCCACAGCAGTAAGGGTATCAATGCCTGCAATACCGCTGAGCATTTCCAGGGAAGTGTTCGTGCTGTCAAAAGACATATTGCTTCCCAGGGTAACCAGGTTTCTGGTCAGGATTTGATGCCCGCTCTCAGTCCATCCTCTGGCGGTGCCTCCGTCAAGAGTCAGCGTAGCGGTCAGACTTGCTATCTTGGCGGTATATGAACTACCGTTGGAGGAAGTAAGGTTCATGATGCCCGTGGCTCCCAGATTGGCGTAAAATCCTTCCCCGCCCTGGTTCTTGGTATAAGCCAGGTTAAAGGTGCCGTAGTTGTTCAACGTCGTGCGCCCACCATCGTTGCCGCCGTTATAACTGTTGAAGGTCAGCGTAGATGATTGATCAATATCAATAGAACAGCCGCCTTGGAATTTTTTTACGTTCCCTACAGTCAAATCCGCACCGTTTTGCAGGGCAAGCTTCAATGTCCAGCCTTCCAGCTGGGTAATGCTTCCGCTCGCGCCGGAAACGGAAATAAGAGACCATGCGTTGGAATTGGGCGTGCCGGGACCGGTTCCTGCCGACGGCCAGGAATCTGAACCGGTGACGGTCCAGCTGGATTCTGTCTGCCAAAGCTCCTGAGTAATGCTCTCACCGCCGTTCCATATAAAATCGGCATGAGCTATTCCCGCCAGAGCAATGAGCGTAATGAGTGTCTTTTTCATTATCAGAGGAATATAACAAATAATTATAGGAGTAATGATTGATTAGTCTAAAGAAACGATGACTAGCCTGCTTCACCCAAAGAGGCTGTGAAGCCAATAACGAATTCTCAATCCGCTCCATGAATTAGCTTAAAGGGAAGATTCCATGTGAAATATATTCTATAGCATAAAATCATCATTTCGATGTTTATCATAATTTATTTATATTAAAAAGATTGTGTTTCTATCAACAAGGTGTCGAGAAAATCAGTCTGTCTAAAAAACAATAGAGGATCCCTGGCACGGAAGGATTTCCTTTTGGAGGAGAAATCATCCTGAAAACAGCTCCTCGATGATACTTAAATTGTTTTCCCACAATATTTAGTATTGATTTCGGATTGAGAATCCGAATGTCGGCGTCACGGCGGAAACCGCCGTCAAATAAAAAATATTCCAGAAATAATCTGTCACCGGAAGAAAAAAACATCTGTTTTACCCCCTGCCGCTTCCGCCACATTAAGGGCATCACGCCATCCTTGACCTGAAAAAATATCGTGCAACAGCAGGCCGTATCCGGACAAGACGGAGAATTCCCCGTCACGGGGATTATTCCTTTCCTCGAACTCCGGCCATTTTCCGGAACCTGTTCGCAAGCAGGAATCCGGTGACCGCCCAAAGAAAGGAAATGGCGGCTCCGGCCAGCATGGCCCACGGAGAATGGGCCCCCAACACGTTAAAGGAGCTTTTCAGCCATGCGCTGACGGCGTCGCCGCCACGGTAAAGGACCGTATCAATAAAGCTCTTGGCTTTATATTTTTCTTCCGGGGACAATACGGAATTCAGCATTTCACGGCCGGGACGCACCATTCCGTATTCCCCGATGCGGCGTACCGCCATCACCACGGCCACGACGGCAAATACCGGAGCGAAAGCCATCCATACAAAACCCAGGGAAATAAGAACAGGAACAGCCGCCAGCAACGCCGCCAATCCGAATTTCCGAACAATGCGTCCCGCGAGAAATACCTGAAGCAGCATGGTACACCCCTGAACAACAACGTCCAGCACTCCGAATACCTGCGTCTGGCGCACCGGATCAGGAAAGGAAGACGCTACAACGCTCATCAGCTCAAAATACAGGAACGTATTGGTCCCGGCCAGCAGGATGATGAACAGCCCGATGCCCATCAGGAAGGGAGACCGGAATACGGCAGACGCCCCGGCAAACGGATTCCCTCCCAGAGGGCGTTCCCGGCAATCGGCCGGAAGACGAACTCCCGTTTCCGCATCTTCCGGGGAATTCCCGTCACACCAGCGGTGCAGGTACATTCCCGCCAGCATCGCCAGCGCCAGAAGAACAGCGGCGGCAAGGAACAACCACAGAAGGCCGGCCACTCCGGCAAGGGCGGCCGTCACCGCCGGCCCCGTCATGGCCCCAAGACTGCTTCCGCTGGCAATCAGGGCAAACAGGCGTTTCATCTGCCCCGGCTTCATGACGTCCGACAGCACGCT
NZ_CP072046.1_gap9	374823	378839	4016	ACTCACCGCCTCATTCCGCCATGCCGTCTATTCGGGCGCGGTCAAAATCCGCCGGGCAAATCGTCACGTTCACCCGGTCGCCCGGTTTGAGCAGTTCCCTCAGGGAAGCGTTCTTTTTTTCTACAAAAGCCACGGCGGTTTTGCCATTCGGAAGGGTGGCGCGGAAAGCCGTATCCGCGATACGCTCCACAATAACGGCGACCGCCTGCACCATCTGGCAGGGATAAGGTTTCATATGAAAAAACGGGTTACCAATTCATTAATTCGTTCATCAGGTCATTCCCGGTTTTAAGCCCTTTTTCCGCAGCGTCCTGCAGCCGCGGCACAACCGGGACAGGTACTCCGTCCCCGGCGGGAATCCTGAACTTGCGGCCATTACGCTCCGCTCCATCCCCCGCTCCGTTTTCCCCGGTTCCCCTGTTCAGCAGCCGCGCCGCGACATCCGCCACCTCAGCCGCCTTGCCCATTCCTATTTCCGTCAGGCGGTTTCCCGCCGCCTTGATGAGCCGCGCGGACAAGTCCTCCGACGGATTGTCCAGCGTCCCGCCGATATTCACATTGGCCCACGCCAGATTGCCTCCCGCTCCCTGGCGGGAAACGGAAAACACATCGGAAAACCCCGGAAGAGCTTTCCACAGGCCGTCGGCCCGCAGCCCCACCTGCAGCCTTCCGGTCAGCGCCCCCCCTTTCCCGATTTCCAGCCAGCCTTCCACCCTCACCAGGTTTTCGCTTTCCACCAGAATATTGGAAATATGCCAGGCGGATTCCTGATAGGTGAACTGGGCGGACGCCTCGTGCAGGGGAAGATTCCGGAATCTGGAAGAACCGCAGAACAGGGCCAGCCTGTCCAGAACGGGAAGGCCGGTCAGCATGCCGCCCTGCAACCTGGCGAGCCCGGCCACATGGGTTACGCCGTCCCGGCCGCCGCGCAGGTCTATCCCGCCGCTTACGCTGCCCTGGACATGCTTTTTCCAATGGTCTTCCAGGACGGAAGAGGCGGGGACGCCGTTCACCACCATATTCGCCGTCCAGGAGGAGGAAGAGCCGTCCCAGTCACCCTTGATGTCCAGATAACCGCCGGCAGCCGTAGTCAGGCGGCAGGACGGGACGTTCACCCTCCTGCTGGCATGGTTAAACTGCGCCGTGCCGGACATCAGAGAAAACTCCGGGCATCCCTTGAAAGGAAGGAGCAGCCTTCCCCCCTGCATTTCAAACCTGTACTGGCTGGAACCGGCGTCATAGGCGCTCTCCACGCGGGTCCCGTCCAAAACATACAGCTGGCCGATCTCCCCATAGGAAACGGACAGGGAATCAATGCTCCCCTTTTCCAGGCGGAACGTATCCGGCAGAATATTCTCTTCCGCCCAGCTCCTGGCCCCTTCCGGCTTTTCCCGGAAACGGAAAGGCACGGGAGCGAGCCGAAGCTTCAGCTCCGCAATATTGACGGAGGTAATGACGAACGCGCGCTTCAGCAGCTCCCAACGGCTGAATTCCGTCTCAATGTTCCTGGCCTGAAGGGAAGTCAAAAACTCATGCCCCTCCATCGTTACGCCGCCGCACCGGATGCCGGAACCGTCCCAGTCAAGAGGGTCTATCCTGGCGGTCTCCACATTCATATCATCAACGGCGGACTGTTCCAGCATGGCTAAAAAACCATCGCTCTTCAAATAGGCCCTGACGTACAGATAGGATCCCGCCACCACAGCCGCCGTCAGAACAAGCAACCCCAGCACGCCCCACAGCAGCAGCTTTTTCCAGACGCTGCCGGCACGGGGCTTTTTCCTGCGTATCCTCCTTATTCTGGGCATGACGCCAGCCTATATCAAATCCGGCTCCGGTCAAGCCTCCGGATTGCCGCAAACTGCGGGGAACGGGCATCCGCGCGGCAGGCCTTCCCCGCCTATCGCGGACCGTGGTACACCTTATGCCTTCCGGAAGCCATGGTGATGAAAATCAGGAACAGGGCATAAGCCGCCAGAAACCCCATGGGAATGACCGCTCCATGTTCCCCACGCCCCAGCGCTTCAATGGGCGCGGCCTGCTTCACCCAGATATTCTGCGCCAGCCAGGCCAGGAAAATCGCCAGCAGCAGCGTAGGCGTCACAAACTTCATGATGAAACGGTAAATTCTGGGAATGCGGATGACGGAACCGTCCTCCAGATCCTTCAATCCCCGGTCCACCCCCAGTTTCCAGGAAAACAGAATAATCATCACCATGGCGCTCACAAAGAAGCACAGCGTGCCCAGAAAGAAATCATAAGTATCCATCGCCAGCAGGTTGCCGCTGTACCAGGCAACGACAAACGTACCCGTAGCCGTAAAAAAGCCCTGCACCACCACAGCCATTTTGCGTTTCAGCCCCATGAATTCCTCAATAAAGGATAGGCCCACCTGCATCATGGAAATGGAGCTGGTCACCGCCGCCACCGTCAGAAGAAGGAAAAACAGGCTGCCGAATACCACGCTGGATCCCATTTTTGCAAAAGCCTGCGGAAGCACCATGAAACCCAGCGCGAAGGTCCCCTGCCCGGCGGCTCCGGCCACTCCCAGGAACGCCACGGCGGCGGGAACCGTCATCATGCCGGCAATGCCCACCTCGCACACTTCATTGGAGGCGGCGGCCGAAAAGCCGCTCAGCGCGATATCCTCCTTCTTTTTTACATAGCTGGCATACGTCAGAATCAGCCCCGTTCCTACGGAAAGGCTCAGGAAAACCTGTCCGGCAGCCGCAATCCAAAGCTCAATGTTTTTCAGGCCGTCCCACAGGGTCACCTCAGTCAGCCTCCGGGTTCCTCCGGACATTTCCACCTGCCGCACGGCTTCATCCATGGCTCCCGCCTGGGAGGCCGAGACCATGGAAACCGTCTTCCAGTCCCCGCTGTTCCGGTCCAGCTCCTCCACCAGCACCTTGCCGGGATTCCACATATACCCCAGCCCCTGTTCGATGCTGCGGTCCGGATAAGAAGGATCCGGCGTGCCGATGCACAAAATGCGCACTAGCAGCACCAGGGAAATCAGAAGCAGCAACGGCATAAACCAGCGCGAAAACATTTCGATGCCCCTGCTGATGCCCCGGTAAATAATCCCCAGGTTCAGAAGGATGACCCCGCTGACGATCCAGAGCAGCCCGTTGTCCGACAACAGGGCGCTCCCGTCGCCGTACATGCCCGTGAAACTGAAAAAAGTCTGCGCCGTCCCCTCCGCCGTGGCAAAAACCTCCGGGCAGGTGAGCATCTTCCAGAAATAGCCGCAGCACCACGCTTCCACCACCATGTAATAAAAGGCCACGGAAGAAGGCCCCAGAACCGCCAGCACGCCCAGGAACTTCCACAGCCTGGACCCTTTGGTCAGGTACCAGAACACGCCGGGGGCGCAATGGGCGCCCATCTGGCCGCCGCGCCGCCCGATGGACCACTCCGCCCACGCCACGGGCACGCCCACCAGAACCAGCATGAGGCCGTAAGCCACCATGAAGGCGCCCCCTCCGTATTGGGCAGCCAGCCCCGGAAAGCGCAGAAAATTTCCCAGCCCGACGGCACTGCCGGCCACAGCGAGAATCACGCCTATTTTTCCGGACCACTCGTCTTGTTGCGCCTTTGAGGATGACATGGAGGAAATACTGACAAAAAAAGCTTCATTTTCAAGAGAAAACAGGCTCTTTTGGAACGAACGGGATATCATTGCCGCTTGACTTTCGTCCGTTTTTTGGAATCATTCTTTTAGAACCAAACCAAAAAACAACCATGCTTCTCATAGGAAAACCGGCACCTCATTTCAGCGCTAACGCAGTAGTAAACGGTACCATCGTACCGGATTTCAGCCTTGACCAGTTTAAGGGCAAAAAATACGTAATCCTGTTCTTCTACCCGAAGGATTTCACCTTCGTGTGCCCTACCGAGCTAATCGGCTTCCAGGAAGCCCTGGGCGAATTCGAAAAGCGTGACGTGGCCGTCGTCGGCTGCTCCACAGACAGCGAATTCTCCCACTGGGCCTGGGTCAACACCCCCCGCAGCCA
NZ_CP072046.1_gap10	399565	401350	1785	GCTGGCCCTTCTGGTCTCCCCCGAACGGGAGGACTCCTCTTCCCTCAACGTCAACCTTCTCTTCATTATCCGTTCTCTGGAACGGATAGGAGACATTGCCAAAACCATCGCCGCCACCGTCGTCTTCCTGAAGGAAGCCACGGACATCCGCCACGGAAGAGAAAGATAAAACAATTCCTGCCTGTACGGCGATTCCCTGTTGCCCATACAAAGATCATGATGAACAGCATGATCCGAATTTCGTGCGTCAGAGGCTTCCCCCATAAGTCCTAACGGCTCATCTTCTCAACAGCTGTGTTTTTGCACACCATCCTTCAAATAATCACAACTGCCAAATTATCAGCATACAGGCAATAAACATTCCAGGGATATGCGGCAAAGGATGGAATGGGGCAAAACAAACAGTTTTCCCAGCGCCACAATTACTCTCCGGGAAAAGGAATAATTCATAACGTCAACCGGAGAGACTCAATACAACTGCATGCTCCAGGAAGGCAAGGAAACAAGGCATCTGCCCCTCGTACGCATCCTTTCACCTTCACGGCCAATAGCTTGAAAACGGAGAAAACCGGCCTTTTACTCTCAATCTCTGAAATTTTACAGCCGTCCATTCCCTGCTCTTCTACCATTTTTATTTACATAAAAAAACAAATAATAAAATAATATCTCATATTCATTGATTCATATTGACACTTCCGGAGGATAAGAGTAACTAATCCCTATTATTCCTATCGGAATACAAAAGAAATCTAAATCCATCCCTGTAAAGCACGTCACGATGAACATTTACACCTCCATATCGGAACTGGTCGGGAAAACACCTCTTCTGGAGCCAAGGAATTATGCCCAGGCACATTGTCTGAATGCCCGGCTCCTGCTCAAGCTGGATCACCTGAATCCGGCAGGAAGCATGAAAGACCGTATCGCACTCGCCATGATCAACGAGGCAGAAGCATCGGGCCAGCTCCAATCGGGTTCCGTCATCATTGAACCAACCAGCGGCAACACGGGCATTGGCCTGGCGGCTATTGCCGCTTCCCGGGGATACCGCATCATTCTCACCATGCCGGAAAGCATGAGCGTTGAACGACGAAATATTCTAAAAGCCTACGGAGCCGATATTGTCCTGACGGAAGACAGCCAGGGAATGAAAGGAGCCATTGCCAAAGCCCAGGATCTGGCGGCCACTACTCCGGGCTCCTTCATTCCCAGCCAATTCACCAACCCGACCAATCCCAGGGCCCACTATGAAACGACAGGGGTTGAAATATGGGAAGATACGGACGGAGAAGTAGATATCGTCGTAGCCGGAGTAGGCACCGGAGGAACAATAACCGGCATAGGCAGACTGCTCAAGGAACGCAAACCCGGAGGAATCACCGTCATTGCCGTGGAACCGGCAGATTCCCCCGTATTATCCGCCGGCCAGGCAGGAAGCCATCAAATTCAAGGAATAGGAGCCGGCTTTATCCCAGAAACCCTGGATACGGATATCTATGATGAAGTCATCACCGTTTCCAATGAAGATGCCTTTTCCACAGCTAAAGAACTGGGCGTCAGAGAAGGAATTCTGACCGGGATTTCCAGCGGGGCAGCCCTATGGGCAGCCGTCCAGGTTGCTAAGAGAAAAGAGAATACAGGGAAAAATATAGTAGTGATCCTTCCCGATTCAGCGGACCGGTACTACTCAACTCCCCTGTTCATCTGACATCCCGTTTTTTTCTACCAGATACGGCTATCCGCCTTCAACCGGCTCAACATTCATGAACGCTCATTCCCCAACCG
NZ_CP072046.1_gap11	475744	479340	3596	AAGACGTGCTCCATATCTGTGAGCAGGAGAAGCCGGACGGCGTCATCGTCCAGTTCGGAGGACAGACACCGCTGAATCTGGCCAATGCGCTGGAAGCCCACGGCGTGCCTATTATCGGCACCAGCCCCAGGGCCATTGACCTGGCGGAAGACCGCGAACATTTTTCCGCCCTGTTGAAAGAACTGGGGCTGAAACAGGCAGAGGCAGGAACAGCCACCAATGTGGAGGACGCCGCCGCCATTGCCGCGCGCATCGGTTACCCGGTGCTGCTGCGCCCCTCCTTCGTGCTGGGCGGACGCGGCATGATCATCGTATATGAGGAAAAAGAACTGCGCCGGTACATGAATGAAGCCGTGGAAGCTTCCGAGGAACGCCCCGTTCTGATTGACCGCTTCCTGGAAAATGCCGTGGAGATTGACGTGGATGTCATCGCGGACAGGGAGCGCGCCGTCATCGGAGCCATCATGCAGCATGTGGAACCGGCAGGCATCCATTCAGGGGATTCCGCCAGCATGATTCCCGCCATGGGAATTTCCATGAAAATGCACAAGGAAATCACGCGGGCTTCCAAGGAGCTGGCAAGCAAACTGAACGTCTGCGGGCTGATGAACATCCAGTTTGCCGTAAAAGATGAACAGCTTTACGTCATTGAGGTGAATCCGCGCGCCTCCCGCACCGTTCCGTTCGTCTCCAAATCCATCGGCAAGCCCCTCGCCAAGCTGGCCGCACAGGTCATGGCCGGCAAAACGCTGGCGGAACTGGGCTTTACCCGGGAAATCACTCCGGAATACTATTGCGTGAAGGAAGCCGTTTTCCCATGGGGCCGCTTCCCGGGCATCGACGTGGTGCTGGGGCCGGAAATGAAATCCACCGGAGAGGTGATGGGCATTGATCCGGACCCGGATATCGCTTTCGCAAAATCCCAGGTCAGTGCATTCAATCCCCTGCCGACGGAAGGCAAAGTCTTCATCTCCGTGAATGACCGGGACAAGGAACGGGTGCTTCACATGGCCCGGCAGCTGGCGGACATGGGATTCACGCTGTGCGCCACGCGCGGCACGATGATTCACCTGCTCCAGCACGACATTGAATGCGAACGCGCCTACAAAGTCAACGAGGCGCGCCGCCCCAACATCGTGGACCATATTAAAAACGGGGATATTGATTTCATCATCAACACCCCCGGCTCCCACGACGCGCGGGCGGACGACATCATCATCCGTTCCTCCGCCATTGCCGCCAAAACCTCCTATTGCACCAACCTGGCTTCCGCACAGGCCTGCGTGAATGCCATTGAGGCGCTGAAGAACAAAAATCTTCAGGTGTGCACCATTCAGGAATACCACGCCCAAAACCTTTAATCCCGCACCACCTAAGCATACTTACATCACCATGAGAGCCATTCTCGCACTGGAAGACGGAAGCGTCTTCATCGGTTCGCACTTCGGGGCCACGGGCACGGAAGTGGGGGAAGCCTGCTTCAACACGTCCATGACCGGCTATCAGGAAGTATTGACGGATCCGTCCTACAGCGGCCAGATCGTCACCATGACTTATCCTCTGATCGGCAATTACGGCGTCAACCCGGAAGACGGGGAATCAGGCAAAGCGCAGGTCAGCGGTTTTGTGGTGGCGGAACTGGCGAAAGTCCACTCCAACTGGCGTGCCACGGAATCCCTGGGCCCGTGGCTGGAAAAACAGGGCGTCATCGGCATTGAAGGGGTGGATACCCGCAAAATCGCCAAGCATCTGCGCTCCGCCGGAGCCATGCGCGCCTGCCTCACCACGGAGCTGACGCCGGAGGAAGCCGTGGAAGCAGCCAGAAACGCCCCCTCCATGGAAGGCTGCAATATCGTGGACAAAATCGGTTCCCACCCCATGACACCGGAGGAAGTGGACGCGCTGGTTACGGGAAAAACTCTGCCCCCTGCGGAATACGACATCGTCGCCTTTGACTTCGGCATTAAATACAACATCCTGCGCCAGTTGAGGGAAAACGGCTTCCGCGTAACCGTAGTTCCCGCCCACACGACGGCGGAGGAAGTGCTTGCCATGAACCCGGACGGCGTCTTTCTTTCCAATGGTCCGGGAGATCCCGCCACGCTGACGGACATTCACCGGGAAGTAGCTGCATTGATTGGGAAAGTGCCCATGTTCGGCATCTGCCTGGGCCACCAGATTATTTCCCACGCGCTGGGAGCGAAAACCTTCAAGCTGAAGTTCGGGCACCGTGGAGCGAACCATCCGGTCAAAGATTTGAAAACGGGTAAAATCAGCATTACGTCCCAGAACCACGGTTTTGCCGTGGATCCGGACACCGTGCCGGACAACGTGGAAATAACGCTGATCAATCTGAATGACAATACCGTGGAAGGCATCGCCCACAGGACGCTTCCCGTATTCAGCGTGCAATACCACCCGGAAGCGGCACCCGGCCCCAGGGATCCCCAGTATCTGTTCCGGGATTTCAGGAAAATGATTGCGGCCAGCAAGCGGCAACATGCCCGCTGACGGCTCTGCCCCCCCCTTCCTATAGACCAGAGCATTTTCCTCGCCTCGCTGGGAAAAATGCGTTATTTATGCCCGGAGCCCATGAATTGCGGCTCCGGGAGAGGTTTCTTTTCATTTCATCAACCTCTCCCGCCAGCAAATAACCTGACACACCATATGAGCAAAATCGCATTAATCTCCGGCATTACGGGACAGGACGGTTCCTTTCTCGCAGAGTTCCTGATTGACAAAGGGTATGAAGTACACGGCATCCTGCGCCGGTCCTCCTCCTTCAACACGGGCCGCATCGAACACCTTTACCTGGACGAATGGGTGCGGGACATGAAGAAAAACCGCCTGATTAACCTCCACTACGGGGACATGACGGATTCCAGTTCTCTCATCCGCATCATCCAGACCGTGCAGCCGGATGAAATCTACAATCTGGCAGCCCAGAGCCATGTGAAAGTCAGCTTTGACGTACCGGAATACACGGCGGAAACGGATGCCGTGGGAACCCTCCGCATGCTGGAAGCCGTCCGCATTCTGGGCATGGAAAAGAAATGCCGCATCTACCAGGCTTCCACGTCCGAGCTTTTCGGGCTGGTGCAGGAAGTCCCCCAGAAGGAAACCACGCCGTTTTACCCCCGTTCACCCTACGGCGTAGCCAAGCAATACGGATTCTGGATTACCAAGAATTACCGGGAATCTTACAATATGTTTGCCGTTAACGGCATCCTGTTCAACCACGAAAGCGAACGCCGCGGAGAAAATTTCGTTACCCGCAAAATCACGCTGGCGGCGGCACGCATTGCCCAGGGCATGCAGGACAAGCTTTACCTGGGCAACCTGAACGCCCTGCGCGACTGGGGTTACGCCAAGGATTACGTGGAATGCATGTGGCTGATTCTCCAGCATGACACACCGGAGGATTTCGTCATCGCCACAGGGGAAATGCACACGGTCAGGGAATTCTGCACGCTGGCCTTCCGTGAGGCCGGAATAGAGCTGGAATGGGAGGGAGAAGGCGTGGAAGAACGCGGACGCGACAGGAAGACGGGCAATATTCTGGTGGAAGTGGACCCCAAATATTTCCGCCCTGCCGA
NZ_CP072046.1_gap12	480629	482681	2052	CCCGCCAAAGCCAGCCTGTGGGCACTGAGCCCCCTGCTGGTTTTCTTCCTGCTTTACCTGGTCATCTCCATAGCCGTACAGGATTTTTACGCCGTGCCGGTCACGGTAGCCTTTATGGCGGCAGCTGTCTGGGCCGTTTTCATCACCCGCGGAAAAAGCATGGCGGAACGGGTGGATCTGTTTTCCTCCGGAGTAGCCAACCGGAACATCCTGATGATGGTCTGGATTTTCGTGCTGGCAGGAGCCTTCGCCCAGTCTGCCAGGGACATGGGAGCCATTGACGCCACCGTGCAGCTTACGCTGCGGCTTCTTCCGGACAATCTGCTGTTTGCCAGCGTGTTCATCGCCTCCTGTTTCATCTCCCTCTCCGTAGGAACATCCGTAGGCACCATTGTCGCTCTGGCTCCCGTAGCCACAGGGCTGGCACAAGCCACGCAGGTCAGTGCCGGCATGATGACGGCCATTGTGGTGGGGGGAGCATTCTTCGGAGACAATCTTTCCTTCATTTCAGACACCACGATCGCCGCCACCCGTACGCAGGGCTGCGCCATGCGGGACAAATTCCGGGCCAACATAAAGGTGGCGCTCCCCGCCGCTCTGCTGGCCCTGGCCTGCTACATCCTGCTCGGATGGAACGTGCAGTCCCCCTCCACAGCGGATATCTCCATTGAATGGATGAAAGTATTTCCCTATCTGCTCGTGCTGGTGACGGCCCTGGCCGGAATCCACGTCATGGCCGTTCTGACCATGGGGCTCCTTGCAACGGGACTGATTGGCGTCGGCATGGGGTATTTCTCCTTCATGGCCTGGTTCCAAGCCATGGGCAGCGGCATGACCGGCATGGGAGAACTGATCATCGTCACTCTGCTGGCCGGCGGCGTACTGTCCATCATCCGTTTCAACGGAGGCATCGCGTATATTATCGGAAAAATTACGGCCCATATCCGCAGCAGGCGCGGCGCGGAATTCAGCATTGCCGGGCTGGTTTCCCTGGCCAACCTCTGCACGGCCAACAATACGATCGCCATCATCACGGCTGGCCCCATCGCCAAGGAAATAAGTGACAAATTCCATATCCCACCCAAACGCAGCGCCAGCATTCTGGACACCTTTTCCTGCCTGGTTCAGGGAGTCATCCCCTACGGTGCTCAAATGCTCATGGCCGCCGGAATCTCCCAGGTTTCTCCCCTGCTGATCATGAAATACCTGTATTATCCCCTGATTCTGGGCATCTGCTCCACCCTTGCCATTGCGCTGGCACCGGGAGGGACGGAAAGACGGGGGAAACGCTGAAAAGCCCATACGGAGAAAGGACGGCAAGGCCGCCTTTTTTGTTACCGACATGTTATCCCTGTTATCTTCATGTTACTCAACATATGGGATTCTTGTGCTATCATACATGCATGAGCCTTCATATAGAACCCACGGAAGACGCAGTGGAAACCCTGCGCAAGGAAAGGCGGAAAAATTATATTGCCGCATTAGCGACATCCATTCTCTCCGTCGTTTTGGCAGGAGCCATTCTCTACTCCCTGACCATCATCATCGCCCCTCCGGAAGAACCCAAAGTCGTCGGCTACATCACGCCGGACGATGCGCCGCCGTCGGATACGCCTCCGCCGCCGGAAGTACAGAGGGAAACTTCCTCTTCCTCCCATGCGGAGACGCCCGTCAAGGTCGTGGTGGCAGCGGCCGCCGCTCCGGTGAGCCTCCCCAAGATCGACATTGACCCGCCCGATGAACCTGTCATGCTGGAGGAGGGAACCGCCCTCGGCATGGGGGACGGCTTCGGCCCCGACCTGGGAGACTCCACCTCTGCTTTCGGTACGTCCCAACCCTCCGGAAGCACGCTGGTAGGGACCTTTTACGACACCAAGCAGACTCCTGGCGGACGTCCTACCAACATGAACATGAACCAGTACAGGGAGTTCCTTTCCCGCTTCGTGAACAAAGGCTGGAACGAATCGGAACTGAACCGTTTTTACAAGGCTCCGCAACAATTATACGCAGCCCAGTTCTACATACCCAGAACTCCCGCCAAAGACGCTCCCA
NZ_CP072046.1_gap13	492766	494537	1771	GTGCGCAAAGATGACGGAGCGCGCTACTTCGGCCCCTTTGTCCACTCCCAGGCTCTTTACGCCACGCAGGAATGGCTCAACCGGCATTTCCGGCTGCGAACCTGCAAGACAAAAAATCCGGGAATCCATGACTTCAGGCACTGCCATGCGGATGTGATTCGCAACTGCTCCGCTCCGTGCATTGGCCGCATTTCCATCAATGATTACAACCGGAACTTTGACCAGGCGGTGCGTCTGCTGGAAGGAACGGGCAGAAAAAGCACTCTGGACGAACTTACCAGGGAAATGATGGAAGCCGCCGATGAACTGGACTTTGAACGTGCGGCATACCTGCGGGACATCCGGGACAATCTGGTCAAGGTACTGGAACCCGCCCGGCGGTTCCGAAAAGGAACTCCCGATCTTCCCGGCACCGTTCATCCGGAAGAAGACATGAAGGAACTGGGGGTGGCCCTGGGATTAGAATCTCCCCCAACCATCATGGAATGCTTTGACATTTCCAATGTCTCTTCCAACCATATCGTAGCCTCCATGGTGCGCTTTACCAACGGCAGGCCGGACAACAAGGCCTACCGTCGGTACCGTATACGTACTGTGGACGGACAAAATGACTTCGCCTCCATGTCGGAAGTCATCCGGAGGCGTTACTCCCGCATTCTGGCGGAGAGCGACGCCGTAGCCTCACGGCAGGCGGACATGACCTTGTACCAGTGGCTTAAGAAACTCAGCGCGGAAGGAAAAGCCCCCATCAAAGTTCCAGATCTGGTAGTCGTGGACGGAGGTAAAGGACAGCTTTCCTCCGCTCTGGCCGATTTGGAAGCCATCGGCCTGGGAGACATGCCCATCGTAGGCCTAGCCAAGCAGAGGGAAGAAATATTTTTTCCCCACCAGTCCCAGCCCCTTTGCCTGCCTCACAGCACGGGAGCCCTCAAACTCATGCAGCGCATCCGCGACGAAGCCCACCGTTTCGCCAACGGCTATAACGAACTGCTCTACCGCAAACGCATGCGGGAAAGCGCCTTGGACGACGCCCCGGGCATGAGCGCCTCAAAAAAAAGACTGTTGCTGGAAAAATTCAAATCCGTAACTGCCATTAAAAAGGCGGACCCGGCTTCTATCGCCGCCATCCGCGGCATTTCGGAAACTTGGGCCCGCACCCTGCTGAACTACCTTAACTCATCTTCCAACTCCTGACTTCTCATGCAATTCCTGATTCTGGCCGCCGGAAAGCCTTCTCTAGGCTACGCCAAGGAAGGCGTGGAACTCTATCTCAACCGCCTCAGGCCCTTCGGCAAAACGGAACTCAAGCTTGTCAGGGACGGAAGCTCCCAAGACGTTTCTAAACGTCTGCTGGCCGCCAGCGAGGGTTGCCTGCGCATCGCCATGGACGAACGCGGAGAACTTTGGACCACAAGAAAGCTAGTCGACCTGGCAAAGGACTGGCAAATGCATTCCGTACGCCGCATCGCGTTTCTCATCGGAGCCTCAGACGGTCATACGGAAGAATTGCGGTCCCGGTGCAATCATATCCTGTCCTTGAGCAAATTCACCCTTCAACATGAACTGGCGCTTGTTGTCCTGCTGGAACAGCTTTACCGCTGCCACACTATTCTGGCAGGAACACCATACCATCGGTAACCCTCGTCAACCAACCATTCCTGCACTGGGAAACCTCCCCCCCTTCACAGCAAATGCAGGAAAATCATTGAAAGCTGCCGTAATCAACCCAACCAGAAAAAGCTTTTTAAAAACGCGTGAAGCAGTAAAAAGC
NZ_CP072046.1_gap14	529066	533481	4415	GTTACGACCGCCCCGCGTCCCCCGGGCACGCCGTCCAGGATGGAAACGTCAAGCTCCCCGTAAAAAGTCAGCGTCAGCGTGCGGGGGATAGGGGTAGCGGTCATCACCAGCACGTCGGGGCGCTCTTCCCGGTCAATCAGCTTCTCCCGCTGATTCACGCCGAATTTGTGCTGTTCGTCAATCACGACCAGCCCCACACGCTCCGGCACATTTTTCCCGTACAGCAGGGCATGCGTGCCAACCACAATCCCGCCCTGCTTCCCGAACGACACATGGGATTCTTCCTTCCTGTCCGCCGTCACCAGGGAAACAGGCACATCCAGCTTGTCCAGCATCTGCCGGAACTTCAAATAATGCTGTTCCGCCAGAATCTGCGTGGGCGCCATCATCACGGCGGAATAACCGTGTTCCACAGCCAGCAGCATGGCGCACAGAGCCACCAGCGTCTTTCCGGACCCGACATCCCCCTGAAGCAGGCGGTTCATGGAACGGGGGGCTTTCATATCCCGGTAAATCTCCCTCACGCAGCGCTTCTGAGCCTCCGTCAGCTCAAACGGCAGGGAATCCGCCAGATCCTTCACCAAATGGCTGGAACCTGCGGTCCGCATGCCGGGCACTTCATCCGCCCGCCTTCTTCTGTAGGCCACGTTCAACTGCTGAGCAAGGCATTCCTCCAACGCAAAACGGCGCCGCGCCCGGTCCCGGGCCTCTGCGGTCTCAGGAAAATGAAGATCCCTCAATGCCGTTTTGCACGGAGTGTCCGGCACAAACTCATACACCTCCGGTTCCGGAGCCGGGGAAAGCCTGGACAGCGTCTCCCATACGATTTCCCGCAGCCTGCGGACCGCAATCCCCATGCGGCCGCCATACACGGGAACAATGCGGTTCAAATGAATGGACTGCTCATCTCCTTCCCGGATAATTTCAAAATCCGGATGCACCATGCTGAGCTTTTTCCCATACGGTTTCATGCGCCCGTATACAATCATCTCCTGCCCGGCGCACAACATCCTGGCTACGCCCGGCATGCTGAACCACAGGCAGGAAAAACGGGCCTGCCCCAAAGACTGCTCATCCGCCAGCACGGCTTCCACATACCGGCCGCGGCCCTTGCCGCCCCGTCCGCCCCAGCCTTTCCAGCCCACATCCACCACCCTCCCTCTCAGGCAGACGGGCACACCGGAAGACAAGGAATCATAGCGGTCAAACATGCGGCGGTCTTCATACCTGCGCGGAAGCATGAACAACAAATCCCGTACGGAGGCCATTCCCGCCGCCTGCATGGCCGCCAACTCTCTGGGGCGGATAAAAACGCATTCCTCCAGAGAAGACGTTAAAAGCAATTCTCCAGCCATGAACCCAAGAACGTATCCCTTATCATGCACCATGTGCGCGTACCCGTCAGAGCGCTGCGGCGGGCCGTGTCTCCAGACAGCGCCTGTAATAATCCACGCGGGAAATGAACCAGCTCCATTTATGTCCCGGACGGCCGTTGGTCAGCAGCGGGGCCGGGCAATTCTTCCCCGTCCAATAATAATGGGGTACCACATTACGGAGCGGAATATGGTACTGCTTCATCAGCACTGCCGTCAGCTTGGCGGAGCGGTTCCAGGTAACAATGGGGTTATGGCTCCTTACCTCCCCCATCTCAATGCCGATGGAGTACATGTCTCCGGGGCCGCCCCGGTCTGCGTGGCGGCCCGTCTCATTCAGTGGAATATGCTGGACGGCACGGTACTGGTCCACCGTAAAATGCCAGTTCAGGGACCCCATGGCCCCCCTTTTCAATGCCCGGGCATGCGCCGCGGCGTCACCCTTGGGATTGGCTGTGCTGTGAATCGTGATAAACCGCGGATGCATGGAATGGGCGGCCCGGCGAGCACGGGAGCGCGGGGACATGAAATCACGGTTAATGTACACCTCTCTGGACATCTGGGCCATCGTGCGCGGCACGGGAGGCACATTCTGAATCCTGAAGCTGACGGCGGGCAGGCGCGGGGCGTCCGAACACGCCGCCAGCAAAGCCGGCAGCATCAGAAACACCGCATTTGCCGACAACATTCTAACATTCATGATTCTTCCCTAGACTATCGCAGACGAGCTGGCAAGCAGATTTCCAGTCAAAACAGTCTTTTTCACCCTTTCCGAAACACGGCAGCAGGAAAAAGGGATATCCTGAAGAAAGCCCCCGCGCACAGCCATCCGGCAATCAGGGCAACGCCTTTCCCCGCATGCGGTTTTCATGCCCGGAGAAACAAAACCGCCCCATAAAAAGCCGCACGGGAGGCTTGCCAACGGCTATTTCCGTGCATACACTATCTTCACCATGAGTACCACTCACGAAGCAGCTAAGAAGTGGGTCGAAGAAATCGCCCAGCTTTGCCAACCCGACTCCATCTACTGGTGCAACGGCTCTCAGGAAGAAAATGACGAGCTTTGCAACATGATGGTAGAAAAGGGCACCTTTATCAAACTGAACCCCGAGAAGCGCCCCGGGTGCTTCCTCGCCCGTTCCACCCCCTCCGATGTAGCCCGTGTGGAAGACCGCACGTTCATCTGCAGCGAGAAGGAAGAAGACGCCGGCCCGACCAACCACTGGGCTGATCCCGTTGAAATGAAGGCCAAACTGAAGGGCCTCTTCAATGGCTGCATGAAGGGCCGTACCATGTACGTGATTCCCTTCTGCATGGGCCCCCTGGACTCCCCCCTGGCCAAAATCGGCATTGAAATCACGGACTCTCCTTATGTCGTGACCAACATGCGCATCATGACCAAGATGGGTGAACAGGTTCTCAAGCGCCTGGAAGACGAAGTCAAGGGCGGCGGTAACCCGAAGCGTGACGGTTACGGGACATTCGTTCCCTGCCTCCACACCGTGGGCGCTCCGCTTGCGGACGGCCAGGTTGACGTGCCGTGGCCCTGCAACGAAGAAAAGTACATCTGCCACTTCCCGGAAACGGAAGAAATCTGGTCCTTCGGTTCCGGTTACGGCGGCAACGCCCTGCTCGGCAAAAAGTGCCTGGCCCTGCGCATCGCCTCCGCCATCGCCCGCAAGAACAAGTGGATGGCTGAACACATGCTCCTTCTGGGCATTGAATCCCCGGACGGCACCAAGGCCTACGTCGGCGGCGCATTCCCGTCCGCCTGCGGCAAGACCAACCTGGCCATGCTCGTCCCCCCCGCCTCCTACCGGGAAGCCGGCTGGAAAACCTCCATCATCGGTGACGACATCGCCTGGATCTGGCCCCATGAAGACGGCACCTTCCATGCCATCAACCCGGAAAACGGCTACTTCGGCGTGGCTCCCGGCACGTCCTACAAGACGAACCCGATCGCCATGGACACCATCAAGGAAAACGTCATCTTCACCAACGTCGGTCTGACCGACGACGGCGACGTCTGGTGGGAAGGCATGGACGGCCCCGCTCCCACCCACGCCATCGACTGGCAGGGCAATGACTGGACCCCGGATTGCGGACGCAAGTGCGCTCATCCGAACGCCCGTTTCACCGCCCCCGCCTCCCAGTGCCCGACGATTGATCCCGAATGGCAGAACCCGGAAGGCGTTTCCCTTTCCGCGATCCTGTTCGGCGGCCGCCGCGCCACCACCATGCCCCTCGTCTTCCAGTCCCGCGACTGGACGCACGGCGTTTACGTCGGCGCGACGATGGGTTCGGAAATGACCGCCGCCGCCTTCGGCAACATCGGTCAGGTCCGTCGCGACCCGATGGCCATGCTTCCCTTCATCGGCTACCATGTGGGCGACTACTGGCAGCACTGGCTGGACATGGGCAAAACCGTTGCCAATCCTCCGCTGATCTTCAACGTGAACTGGTTCCGCAAGGACAAGGACGGCAACTTCATCTGGCCGGGCTACGGCGACAACATGCGCGTTCTCGACTGGATTCTGCGCCGCGCCAAGGGCAAGGCTGAAGGCCAGAAGACCGTGCTGGGCGTCTCCCCGACCTATGCCGAACTGGATAAGACGGGCCTCGACTACAGCGAAGAACAGTTCAACGCCAACATGGCTCTCAACCCGAGCGAATGGCAGGCTGAACTGGAAAGCCAGACCGAGCTGTTCGACAAGGTGGGCAAGAAGCTCCCGGCCGAACTGGAAGAACAGCGCCAGCTCCTCATTAAGAGCTTTTCTTAAAAGTCCACCTGACTTAAGAAAAAACTCTTAAGGCAGAGGCCGCCCTTTGACAGGGCGGCCTCTTTTATTCCATAGCAACGAATTTCAAATTCGTTGAATGTTTTTCTATCTTAACCCATTAATAAATAGGTTTTTGAAAATATCCCTATTACAAGATTGGTTTCTTTTTTCGTTTGTTTATTTTCACTGTTCCATACAGAAAACGAGAAAATTATAGATTTTTTTCTTGTAAAACGGATTTGAAAATCGTTGAATCTTTTTG
NZ_CP072046.1_gap15	541468	543832	2364	CGTCGTCATCTTCATCAGCAAGGCACAGCCGTCCCTGCTGCGCCCGGCCGACTTGGAAACCGGAACCGTCAAAAAAGCATCCTGGACCGTTTTGGGCATCTTTGCGGTAGCGGCCCTGCTCTGCGGAGCCGCCCTCTCCTGGTTCGCCTCCGCCTATCCTGACGGACTGGAATGGTCTGTAGCCGGAGTCACCGGGTCGGAAGAAACCAGGCTGGCGGAACCGTCCCCCCTCCACCGGAACCTGGAAACCGTACAGGAGGCCACCGCCATTATGCCGGACTACGCCTTTCCCGCTGATGACGGGGCAAACACCGCGGAAACGGAAGCTTCCTCCTCCATTGTCAACCCTGAAACGAGCATGGCCGGCGTGCTGGGAAGCGCCATTATCGCAGCCCTTATTTTTGCGGCCGGTTTCCTGTTCGGCAGAAAACCGCACAGCCACTGCCCCCGCTGACCCTCCCCATGCCACTGTTTACGGACGCCTCGCAGCAATTCCGCCAGATGGATCGGTTTTCCTGCGGAAATACCGGCATCCACCGTCTGGACGCCCGCATTAAAATCGGAGCTTTCCTCGTCTATCAAATCTGCGTTCTTTCCTGGCCTCCGCAGGAAATTACGGGACTCCTGCCTTTCTTCCTGTTCCCGGTCTGTGTCATCCGCCTGGCGGGCCTTCCCCTGGGCTACCTTCTGAAACGTACCCTGTGGCTGCTGCCCGTCGCCGTCATGATAGGCCTCTTCAACCCTCTGGTGGACAGAACTCCCATGGGAGAATGGTTCGGCATTCCCGTCACGCAGGGCATGATCTCCTTCATCTCCATCATCCTGAGGTGCATGCTCACCATCCTGGGTGCCTTCACGCTGTTGGCCTCCACAGGCTTTGCGCCTCTCTGCCGCGGCCTGAGGCAGCTCGGCGCTCCGCGCATTCTAATCACGCTGATGACCTTCCTGTACCGGTACGCCTTTATCCTGGTGGATGAATGCCAACATATGCTGATGGCATTCCGCTCCCGGCGGGGAGGCTCCGGGCCCATCCCTCTTTCCACGTGGGGGGCTATGGCCGGACAACTTCTGCTGCGGACATTCGGGCGGGCGGAACGCATTTACCAGGCCGTCCTGTGCAGAGGCGGGGAAGATCCTGAATTCGTCAATTCCCGCAGCGTCATCACTGGCCGCGGCGCAGCGGGAGGCCTTCTTTTCTGCATTCTCGTCATTCTGTTCCGCTGTTTCAACATCACCATGCTCGCGGGCCAGTACGCCCGCAGCCTCATCCCATGAGCCACCACCTTGTAGAAACTATTGACTTGTGTTTCAGTTACCCGGATTCCCCTCCGGCGCTGAACGGCGTCTCCCTGCGCATCACCCACGGGGAATCCGTTGCCGTCGTAGGCGGGAACGGCGCGGGGAAATCCACGCTGCTGCTCCACCTCAACGGCCTGCTGACTCCCTCCTCCGGCCAGGTACGGGTAGGGGACATTCCCGTCACCCCCAAAACCGTCGCCCGCGTCCGGGAAAGCGTGGGAATGGTTTTCCAGCAGGCGGAAGACCAGCTATTCATGCCTACTGTCCGGGAAGACGTGGCCTTCGGGCCGCTCAATATGGGACTCCCCCCGGAGGAAATCCGCCGCCGCGTGGAACAGGCCCTGCGGGATGTTCACGCGGAAGCCCTGGCAGACAAAATGACCCATCACCTTTCCGGCGGGGAAAAACGGGCCGTCTCCATCGCCACGGTCCTCTCCATGAACCCGGACATCCTGGTACTGGACGAACCGAGCGCCAAACTGGACCCAGCCTCCCGCCGTACCCTCATCAGCCTGTTGCGCCAGTTTACCCATACCAAAATCATTGCTACCCATGATCTGGACATGGTCATGGATCTGTGCACGCGCTGCATCGTGATGAAAGACGGCTCCATCCTGGCAGACGCTCCCGTTCCGGACATCTTCGCGGACTGCTCCCTGCTGGAAGAAGCGCGCCTGGAACAACCCCTCAGCTACCTCCTGATGCGGCAGGAAAGGCAACGGAACAATTCCGGGGCATTCTGAAAAAACCTCATACAAACTCCAGCCGGGCTTCCGGCAGGGACTTGAGAAAACGCGCCCCATACCTCTTGGTAGCTACGCGCGGATCAAGAATCACCACCATGCCGGAATCGCTCCTGGTGCGGATCAGCCGCCCTACCCCCTGCCGCAGCTTCAGAATGGCTACAGGTACGGAATATTCGTAAAACGGATTCCCCCCGCGTCCCCTGATACTCTCAAAACGGGATTCCACAAGCGGATGATCCGGCACTTCAAACGGCAGGCGCGTGACAATAACGTTGGAAAGAGATTCTCCCGGCACATCCACCCCGGTCCAGAAACTGTC
NZ_CP072046.1_gap16	546070	549313	3243	GCCAACAAACTCTTAATCATGGACGGAGTGTAACGGCATGCATCCCCCTCCGTCAAGGCAAGGCCTCCTGCGGAATCATGTTTTTACCGCGCGTCATCCTGCATCACCAGGCCGGACCACATCCATAAAGTGGGGTCCAGCTCCCGGGCGGCATCCTCCATCAGCGCGCGTCCGGTTCCTTCATCCTCCACCACGGCGAACATGGTGGAACCGGAACCGGACATCATGGCGCCGCGCACCCCGGGCCGCCCCATCAGCCAGCGCTTCACTTCCGCCAGGAATAAATGCTTTTCAAACACGGGCCTTTCCAGATCATTGACCAGCACATGGCCGCCCACATCCTGCTCCCCATAAGGAATGCCGGGCAATTCCCTGGAACCGGACCAGCGGCGGTAGGCGTCCGGTGTGGAAACCCCAAACGACGGCTTCAATAAAACAACCCGGGGACGCCATCCCTTCCACTCCGGCAAGGGCTCCACCTTCTCTCCGCGCCCGGTGCAGCGGCTCGCCGCGCCATAAATGAAAAACCCCACGTCGGAGCCGATTTCCCCTCCCAGCTCCGCCAGACGCTCCCGGGACAAACCTCCGTGTTCCAGCTCATTGAGGGTACGCAGCACGCATGCGGCGTCACTGCTGCCGCCGCCCAGCCCCGCACCATGGGGCACCTTTTTCACCAGGCGGACATGCCACGGCATGGACCTTCCCAGCTCCCGCTCCATCAGCCGTCCCGCTTTCATGACCAGGTTGCTCTCATCCAGAGGCACGCCCGGGGCGTCGCAGCTCATTTCCAGACAGGCCGCCGGGGAAAACTCCAGCACATCGCACAAATCCAGGGGAACCATCACAGTATCCACCTCATGGAAGCCGTCCGGCCTCTTTCCCAGAACGCGGAGGGAAACGTTCACTTTGCACGGAGCCTTGCAACTGATCATACGCCGTGGATTCCACCAAGGGACGGCCTCCGGGTCAAGCTTCATCAAACACAAACGGACGGGCCCTCATTTTTTCTTCGCAAATTCCGGGGGCGCCGCTATAATAAGCGCGACCCCGTTGCACATGGCCTACGACGAAAACAGCATCAAAACCCTGGATTGGAGGGAACACATCCGCATGCGCCCGGGGATGTACATCGGCAAATTGGGGGACGGCGCTTCTCCGGACGACGGCATTTACGTCCTTTTAAAAGAAGTCATCGACAACTCAATCGACGAATTCGTCATGGGGTTCGGCAAAAAAATCACCATTGACGTGACTCCGGACGGCCTGTGCGAAGTGCGTGACTTCGGCCGCGGCATTCCGCTGGGCAAACTGCTGGACTGCGCCGCAAAAATCAACACCGGAGCCAAATATGACAGCGACGCTTTCAAAAAATCCGTAGGCCTCAACGGAGTGGGCATCAAGGCGGTCAACGCCCTGTCCGACTTTTTTGAAATCCAGGCCTACCGCGACGGGGAAACGCGGTCCTACCAGTTCTGCCGCGGAAAGGAAATCCCCAAGGGACGGAAGGACGGCGCCACGGAGGAACCCAACGGCACCCGCACGGCTTTCCACGCGGACCCGGATATCTTTCCAGCGGCCACGCAATTCCGGCCGGAGTATATCGAAAAAATGTGCAGATACTACTCCTACCTCAACAAAGGGCTGGCCTTGCATTTCAACGGCCGCCGCTACATCTCCAAAAACGGGTTGCTGGACCTGCTTGCGGAAGCGATGAGCGAAGAACCCCTGTACCCCATCATCCACCTGGAAGGGCATGACATTGAAGTGGCCTTCACTCATGGCGGCCAATACGGGGAGGAGCACTACTCCTTCGTCAACGGGCAGCACACCACCCAGGGAGGCACCCACCAGGCGGCCTTCCGGGAAGCCATCGTCAAAACCCTGAGGGACTTCTTCAAGAAAAATTATGAGGCGGGGGACATCCGTTCCTCCCTCGTAGCCGCCATCTCCATCAAGGTGAAGGAACCCGTCTTCGAATCCCAGACCAAAACCAAGCTGGGCTCCAACACCATCAGCCCGGAAGGGGAAACCATCCGCACCTTTGTGGGCAACTTCATTGCCAGGGAGCTGGACAACTACCTGCACAAAAACCCGGAAACGGCCAAAGCCCTGGAAGCCAAGATTAAGGATTCCGAACGGGACCGCAAGGAACTCTCCGGCATCCAGAAACTGGCGCGCGAAAACGCCCGCAAGGCCAAAATTCACAACAAGAATCTCCGGGACTGCCGGGTGCATTACAACTCCAAGCACTCCCGCGCCGGGGAAACCACCCTCTTCATTACGGAAGGCATCTCCGCCTCCGGCTCTATCACGACGGCGCGCGACGCGGAAACCCAGGCCGTTTTCTCCCTGCGGGGCAAGCCGCTGAACTCCTTCGGCATGAGCCGTAAAGTCGTCTATGAAAATGAGGAATTCAACTTCCTCCAGCATGCCCTGAACATTGAAAACGGGCTGGAGGAACTGCGCTATGACAAAGTGGTCATCGCCACGGACGCTGATGACGACGGCATGCACATCCGTATCCTGCTGATGACATTCTTCATCCAGTTCTTTCCGGAATTGATACGGGAGGGACACCTTTTCATCCTCCAGACGCCCCTCTTCCGCGTGCGCAACAAACAGCAAACGATCTACTGCTACTCGGACGCAGAAAGGGAGGAAGCCATCGGCCTGCTGGGGAAAAACCCGGAAATTACCCGGTTCAAAGGCCTGGGAGAAATCTCCCCCCAGGAATTCAAGGCTTTCATCGGGGAAGGGATGCGCCTGGACCGCGTCCGTCTGGAAGACTCCCACAAGGTGAAAGACCTGCTGTCCTTCTACATGGGCAAAAACACGCGGGAAAGACAGGAATACATCCTGAACAACTTGCGTGTTGAACTGGATCCGGTCATGGACTAGAGTAAAGCAACGCCTATCTATGCTTACCATTCCCAAGGAAAAACTGCCGATTCACATCGCCTGCATCATGGACGGCAACGGCCGTTGGGCGAACAGCCGTCATCTGCCGCGGCAGGCAGGCCACCGGGCGGGAGCGGATACGGTGGAGCGCTGTGCGGACTTCTGCATGACCCATAATATTCCCTGGCTCACTCTTTACGCTTTTTCCTCGGAAAACTGGAACCGCCCGAAGACGGAAGTGCACGCGTTAATGCTCCTGCTGCACGAATTCCTGAAAAAACGTCTCCATCAAATGATGGAAAAAGGCGTGCGCCTTCATGCCATAGGCGACCTTTCCCGTCTTCC
NZ_CP072046.1_gap17	557798	562558	4760	GTTTCCCGTGTCGCATTTGGCTCCGTCAGACACGTAAATCTCATCCACTTCCACATGCACGCCGTGGGCCTGATAGGCTTTTTTGGCGATTGCCTCCCTCAGCCAGAAATACCCCTGCTCCGGCCCATAGCCGTGAAAACGTTCATGAGTGGACAAATCATCCACGGCCCGGTGCATGGCTTCAATAGCCGCCATGGGAAGCGGCTCCGTCACATCGCCGATGCCGCAGCGAATCAGCCTTTTGGCCGCCTCCGGATGGGATTCGGCAAACGCATTCACGCGGCGCCCTATTTCCGGGAACAAATATCCCGCCTGCAACTTGAGGAAGTTATCGTTAATGTTAGGCATGGTTTTAATAGTAAGCGCCTCATTCCATACCCGGAACGGGACGGAATCAAGGCCCCGTTCCGGCATGCCGTCCTTCCCTGCGTCACGAAACGGCGCAGCTTCCCCCCCTGCCGCAGTTTCCGCCGTGTAAAAGCGGCTGCTCCTGCCCTTTTGAGAGTCCACGCACCTCGCCGACATCCTGTCCTGCCAGATTCTCCTGAGCTTCTTCCCGGCAAAATTCCTAAGAACGGGCAGGCGGATGCCCAGCAAGGGAACCTCTTCATTCTGCGGGGCATCATGGCCCTGAAGACGCCGGCAATCTTCATCCCCCCTTCTGCGCCAGTCCTGCTTTTGAAACCGGAACTTCCAGGGACATGACATGCTTCTCCGGAACGGAAAAACCCGTTTCCCTGTCTAAAAAGAACAAGAAAAAATCTTATGATCATGAATGAAATGGAAATCATCGACGTCCGCGGCCGTGAAATTATCGACTCACGGGGCAATCCCACCGTGGAAGTGGACGTGGCCCTCGCCGGGGGAGCTATCGGACGCGCATCCGTCCCCAGCGGAGCCTCCACCGGAGAGCATGAAGCCTGGGAACTCCGGGACGGGGACGCCAAGCGCTACGGAGGCAAGGGCGTGCTTAAAGCCGTGGAAAACATCAATAAAATCATTGCCCCGGAAATATCAGGGCACGATGCCACCCTGCAGCCGGCCATTGACAAAATCATGATCGACCTGGACGGCACGCCCAATAAATCCCGCCTGGGGGCCAACGCCATCCTGGGCGTCTCCCTCGCCGTGGCGAAAGCCGCCGCCATTCAGCTCAACCTTCCCCTTTTCAAATACCTGGGCGGGCCGAACGCCAAGGTTTTGCCCGTCCCCATGATGAACATCATCAATGGAGGGGCCCATTCGGACTCCCCCATTGACTTTCAGGAATTCATGATCATGCCCAAGGGGGCTCCCACTTTCCGGGAATCCCTGCGCTACGGGGCGGAAGTTTTCCATGCGCTCAAGGATGTGCTGCATGACCGCGGCCTTTCCACTGCCGTGGGGGATGAAGGGGGATTCGCCCCGGCCCTGAAATCAGCGGACGACGCCCTGGAATGCATTGCACAGGCCGTAAAACGGGCCGGGTACACCCTGGGCACGGATATCTTCATTGCCCTGGACGTGGCTTCCTCCGAATTCTATGATCCCTCCCGGAACCTGTACGTCTTCAAAAAATCAGACGGCCAAGGCAGAACGGCGGAGGAACTGACGGCTTACTATCAGGAACTCCAGAAAAAATACCCCATCATTTCCATTGAGGACGGCTGTGCGGAAAACGACTGGCTGGGCTGGGAACAGCTCACTAAAGCCATGGGCGGCAATACCCAGCTGGTAGGGGACGACCTGTTCGTGACGAATGTGGAATTCCTGAATCAGGGCATTTCCCGCCATGTAGCGAATGCCGTCCTGGTGAAAGTCAACCAGATAGGTTCCCTGACGGAAACGCTGGATACGGTGGAACTGGCCAAGGATAACAAATACTCCGCCATCATCTCCCACCGCTCCGGGGAAACGGAAGACGCCACGATCGCGGATATTGCCGTAGCGACGAACGCGGGGCAAATCAAAACCGGCTCTCTAAGCCGTTCCGACCGCATGGCCAAATACAACCAATTGCTTAGAATTGAAGAAGAACTGGGAAATGACGCAGTTTATGGTGGTAAAATTCATATTCTATGATCAAAAATGTGTCGTTTGACTGCAAGGAATGCTCTGGAGACGCCGCTACTACCACCGTTTTACCCTGGCGGAGCTTGAAATCCGCCGGGAGAAACGTGCCCTGATCGTCCAGAGAGCCCTGCGCCTCTTTGCCATTGTCCTGGCCCTGTGCCTGACGATGCTGCTTTCCCTGGTGTGTTTCAAGCCATGGAAGGATCTGCGCTCCCTGGAGCATGAACGTTCCTTCCTTCAGGCTCATCTGGAAAAATCAAGGGAGCAGATGGAACAGGCAAAAAACGAATTTATCTGGATCTCACAGGATCCCCACTACTTTGAAATGATTGCCCGGGATAAAGGCAACCTGGCCCTTCCCGGAGAGCACATTCTCCGCATTGCGGAACCCAAGCGCCTGAAATAAAGCGTTTTTCAGCGGGAAAAGAAAACCATGCACGCGGTTCCTCCCCCTCTCCCGTCGTGGGAGGTTCCCAAACGCTGGCATGCAGAACGAAATACGGGATAAATCTAACGCAGCCTTACTCTGGCTGTCTGTCCGGCTCAGTCTTGTCATACTCCCTCATCAATTTGGCGGACCAGCTGATACTGTCGGGAAAACGGCATGCAGGCGTCGTAGTCAGGTATGTTCCCAGCTTTTTAGCGAGGGAATCCGCATCCTGGTGCCTGGAAAAATACAAATCCCTCTGTTCCTGGGGATCATCCGCCACATTGTAAAACTGCGGAGCGCGGTCCGGTACCAGCAGGTACTTCATATCACCGGCCAGCACAGCGGACGTATAATCCGTACACCAGAAAAAGGTGCGCGGAACGGAAGCTCCCTTGTTCCCCACCAGCTCCAGAATATCCATGCCGTCCAGCTTCCTGGGAATGTGACGGCCATTCGCCTTCAGCAAAGCGGGAAGCAAATCCACGGAGGAAACAGGCTGTCTGCAAACGCTTCCGGGAATCAAACGCTTGTCCGCCGGATATCTGATAATAAAAGGTACGCGAACACCTCCCTCAAAATGCTGCCTCTTGGCACCCCGGAAAGGGGCATTGCAGGAAGAAGCTTCCGGAGCGCCTCCATTGTCCGACAGGAAGACGACGATGGTATCCTTTTCCAAACCGTCCGCTTTCAAGGCATCCAGAATGCGGCCTATTCCCCTGTCCATCGCATATACCATGGCGCAATAAACCCGTCGTTCCCCGTTCTGCACGTTCCTGAATTTGGCGATATCCTCCGGTTTGGCTTCATTGGGCCAATGGGGGGCATTGTAGGAAACGAACATGAAAAAAGGTTTCTTATCCTTTCCGGCTTCCCGCAGAAATTCGACCGCCCGGTCTGTAATATCGTCCGTCAAATAGGTGATGTCCGTCTTATCCGTAAAATTGGATACAATCATGGAGGGATTCAGGCCTTCAGCCTCCTTCTTCACGGGGAAATAATGCCGGGAACCGCCCAGGAACCCCCACCAATGCGTAAAACCGCGCTCCGGCGGCGTGTATCCCTTCGTATGGCCAAGATGCCACTTGCCGAATACCGCGCTCCGGTACCCGCAGGGGGCCAAATACTCCGGAATCAATTTTTCCGTCTGCGGCAGCCCGTAGTGGGACTCCGGAAGATAATCCATCTGGATATTGGGATTCGTCGTGATGCCGTAACGCTTGGGGAAACGCCCCGTCAGCAATCCCATGCGGGAGGGGGAACACATCGGTGCCGTCACATACGCCCGGGAGCAAAACACGCCCTCCTTGGCCAGCCGGTCAATGGAAGGCGTTTTAATCTGCCTGGAACCAGTACAGCCCAAATCCCCATAACCCAGGTCATCCGCCAGAATGACAATCATGTTCGGCGGTGTGGGAAGACGGGGCTGCGCCACTGCCGCTCCGCAAAACAAACCGCATAGAATCAACAAAAGGCGCTCTTTCTTCATCATGCGTTTATCTACGTATCTTAGCCGCCCTATCAATCAAAAAACCTCATTCAGAAATTCCCTGACGCTTCGTTTCCGCAAACCAGATCCTCCGGCGTTCCATGACTTTGCCTGAAATTACGGAACGGCAGAACTACTCTCTCATCTGTCGTAAAAGAGCCGCTATATACTGCCGGGCCTCCGCTTCCTCAATACCCGTACAAAACTCGAATGGCTTTCCTCCCGGTTGCTCCACCACAATTTTATACAGAGTTCCATGATTCCGCCGTATACTGCTTTCCTCGATGGAAATACGGGAATCTTTCTCCAGCAAAAAATGCTGTCGGCGGCCCAGATTACCTACTCCTCGGAACAATTCCCCCCTGCTTGGCGTCAGGATCAGCGTCATGCGGCCAAACAACACATAAAAAGCTCCCGCAAATGTACCAGCCCCAACCAGAACAAAAGGGATTAAAAACAATAGTCCGAACAGATTTTCGCAAGACATTTCCTTCCTCACCGCAAACAGGGCAACGCATGTTATAGAATTCCAAAAAATCGAAAACATCAGTAGAAAAAGTCCCGCACCTTTTGGTTTCTTATACGTTATTTCCAGCCCCCTCGCCGTTTTCGTCACGCTCATGCGGCGGGGAATGGAATCAAGAATTTCCTCATCCCTTTCCTCCTGAACAATCTCTGAAAATTTGCTTATCTTATTGCAGGAGCGGCATAACACCATATCTGCAGCCATATTCACATCTTCCATAGCCAGAAAGGCGCCGCATGCCAGGCACTTCCATTCAGTGTGGATAG
NZ_CP072046.1_gap18	593418	596044	2626	GGAAGACATCAGACAGGCTTCAACAAAAGCCTGCTTGTCAAAACCCTGGACAGGGAAAAATCCCGTCGCTTTCCGATTGCCAATCGTAATCGTACCCGTTTTATCAAGCAGGAGGGTGCTGATGTCCCCGGCCGTCTCCACAGCCTTCCCTGACTTCGTAATAACATTGGCCCTCAAGGCACGATTCATTCCGGCAATGCCGATCGCAGAAAGCAATCCGCCGATAGTCGTAGGAATGAGACATACGAACAGGGAAATCAGGGCGGCAATGCTGATTTCCGTTCCGGAATAATCGGCTGCCGGCTTTAAGGTAATGCAGACGACAAGGAAAACCAGGGTAAAGACAGCCAACAAAATGGTTAACGCTATCTCGTTAGGGGTTTTCTGCCGGGAAGCGCCTTCAACCAGAGCAATCATCTTATCAAGGAAACTCTCTCCGGGACGCGCGGTGACAAGCACCTTGATACGGTCTGACAGAACTTTGGTGCCGCCCGTCACGGAACTCTTATCCCCGCCGGACTCACGGATAACCGGAGCGGATTCCCCCGTAATAGCGCTTTCGTCAATGGAAGCCAGCCCTTCGACAACCTCCCCGTCGGCGGGAATGATATCTCCCGCGACACATTCGAAATAATCCCCTTTTTTCAACTGGGAACTATTGATGACGGTAACCGTGCCATCGACAATCAACTTGGCCGGCGTTTCCTCACGCGTCCTGCGCAGGCTGTCGGCCTGCGCCTTTCCCCGGGCCTCCGCAATCGCTTCGGCAAAATTGGCGAACAGAAGGGTGAGGAACAAAATGACGAAAACGAGGAAATTATAAAGGAAATCCCCTTGTCCGTCGCTGAAGAGGGAATAAACGGTTACCAGAAGCATGATCATCGTGGCGATTTCCACGGTAAACATGATCGGGTTCCTCATCATCATTCCCGGATGAAGCTTGATCAATGACTGCTTCAAGCTTTCCCGTACCTGTTCCCTTTGGAACAGGGAAGTATTATTGGAATTTTTCATATCGTAGATTTCTTTTTCAATTCCAGAAACTGGAACGGAAATATGTAAATATGTTATTGGTGGTAAACGTATTCTACCCTAAATTTACAAACTCAGATGTTCGGCAATGGTGCTTAAGGCATGGACAGGGAAGAAGGACAAAGCCGCAACAATGAAAATCACGGCAAAAGTCATGGCGCTGAACGTTACGGAATCCGTCTTCAACGTTCCGGACGTCTCGGGAATATACTTCTTGCCCGCCAGAAGCCCGGCGATGGCAACCTGGCCGATGATCGGGATGAAACGGCTCAGAATGAGGACAATGCCGCATGAGTAATTCCAGAACCAGGTATTATCGGCCAGCCCTTCAAACCCGGAACCGTTATTGGCAGCGCTTGAAGTATACTCGTAAAGAAATTCACTCAATCCATGAAAGCCGGGATTATTGACCCACCCTCCTTCGCCTTCCACAAACGACGGCGCGTAAACAAACAGATAACAAGCCAGAGCCGTTCCGACGAGAATCACAAACGGGTGGAGCAACGCCACAATGGAAGCGATTTTCATTTCACGGGCTTCTACTTTCTTGCACAGGAATTCGGGGGTTCTTCCCACCATCAGACCGCTGATGAACACGGCTATAATTATGAAGGCGAAATAATTCATCCACCCTACCCCGACGCCGCCAAACCACGTATTAATCTGCATGTTCAACATCTGAATCATGCCTGAAAGAGGCATGGTGGAATCATGCATCCCGTTGACGGACCCATTTGACGTAACTGTCGTAACGACGCTCCACAAAGCTGTAGCCGCGGATCCGAGCCGGATTTCCTTACCTTCCATAGCCCCGCTTTCCTGGACGATGCCCATCTCTTCTATGCGGGGATTGCCGTTCATCTCCTGATACACGTTAATGCAAACGCCAATTAAAAAGGCAAGCAACATCACGCCGTAAATACTGTATCCCAGTTTCTTGCGCTTGAGATAAAAACCAAAGGCCAAAACCATCGCCATCGGAATAATCAGGATGGACCAGCATTCGACCATGTTGGAAAGGTAAGTCGGATTTTCCAGCGGATGGGATGAATTAACGCCGAAATAACCGCCGCCATTCGTTCCCAGCTGTTTAATGGGCACAACAGCCGCGGCAGGCCCTTGGGAAATGGTTTGTTCCACTCCCTCAAGGGTTGTCACTTCCATCTTACCGTCAAACCCCATCGGCGTACCCTGAGTAATCAGGATGAATCCGACCACCAGAGAAAGAGGCAGCAAAATGCGGGTAGAACTCAACACGAGGTAATCCCAGAAGTTTCCAATCGTTTTAGTTGTCTTCTTACTGAGAGCGTTCATGATCCCTGCCATTGCGGCCATGCCGGTAGCTGCCGTAATAAATTGGAACAGCATAATCACGAACAACTGCGTAAAATAGGTCAAACCGCTTTCCCCGCTGTAATGCTGGAGGTTACAATTCACCATGAATGAAATGCATGTATTGAACGCCTGGTGGCACGTCTGTCCGACGTTGCCGTCCGGATTGAGGGGCAGGTACCCCTGGCTGACCAGAAGAACCATCCCCCATACGAACCAGAACAGATTTACGGTCAATAAAGCCCGCAGGAACTGCTTCCAG
NZ_CP072046.1_gap19	597850	601251	3401	AGTTGTTCCACAAGCCCTCCCTGTTCGGAGTAAGTCCAGGAGAAGGGCGTTTCCATGCCTTCCGCCGTGAGGGTGGAGAGGCGGCCTTTGCCGTCATAGGACAGGTGCGTCTGCTGGATGCGGCGGCCGTCCGCGCTTAATTCGTACCCCGCCTGACGGCCGAGCCCGTCATAGCGCTCGGAGACCTGCCAGGCGATGCCGTTTGCCGCAAGGCTGTCTGTTTCCGGTTCTCCGTAGAGATTGCAGGCGAAGGTTCGCATTCCGGCGGCATCAGTGATTTGCGTCAATTGACCGAGGTGATCGTAGACGAAGCTCTGGCCGGGCGTGGCGTCCGAGTAGCTGATTCCCACCAGAAAATTCCGGTAGATAAGGCAGGATGAATGTTTGCTCATCCTCATATAACAAATGTTCCTTCCGGCTTATGCCGGAAGGAACATGGTATAAATAACAAAAATATTAATGAGGAACAGGATAGGGTACTTTTAGTTCATAATAATTAACAAGTTTCCCTTCTTCATTAAATTTAAATTCAAGAAATTTTAACCATTCGTCACCAGGATACTCCGGATCGCTCTTGTTACAACGATAACCCAAACTATCTATGACGGGAGGATTATCACTTCCTACTATACCAACTCCTAAAATATCTATTACTTCTTGTTGAGTTGTTGTCCCAATAACAAAAGACTTGGCTATTGTTTTCTTTTCTTTCCAGGAATATTTTTTAAGAGGGTATTTTTTACATAACTCTTCCGGTGGGCACCTATATAAACCATTCCTGTTTGTTTTAACGGAATGATTATTTAAATCGGATTGATACAAATCAACATCTTCCGAGCAGGAGCAAAGCAATGCGCTACATAGAAAAACAACATTTTTTGATATCATCATATTTTACGGAATTATTTTTTTATCTTGTTGAAACAGATCCCTTCGCTTCCTGTTCCCATTCATTGGCAAATAGAATGCTTACTATGAAATTTGTCTAGAGTTATTATAGAAAATAAAAATAGTGTCGCAAGAGTATTCTGCATCATTCCAATATTTTACAAGTTCCCGTTGAATTTTTCCCACACTTTTGATGAATAATAATCATCTTCCTTTATGTCCTGAGTTTTTGGGGCATTAGAATAACCATAGACTTTCAAAGCCTTTTTACAGAATGAACGAAAGTTTCTATCCATGTATTGCTAGGTGAATGTCTGGGGCGCGCTCCCCTGCAGGAACCTGGCCGTGGCAATGCGGCCGCCTTCCCTGTAGCCGAAGCTTACTATGTTTATTTCAAAAAATAAAAACCTCTCCCACCACTAGGACAGGAGAGGTTTGAATTTAATTATTTGTTTTATCAATTCATTAAAATTTTATTAAAACACAAACAATAAAAGAAGAGGCTAGAACGAATATTATACAACATCAAAAAACCATTCTTTTATTTATAAAATTAATTTTGAGCCATCCCAATATAGATAGCGCATAGCCACACGTATAATAAAATAACAAAAATTGACTTAAATGATAAATTACCTTTCCTGTAATTTTTATATAAATTCTTTATGTACTCAATAAATCCTGCAAATCCACTTCCGAGAAGGATTGAACAAAAAATCACATATATGATATGCTGCAAAAAATATTCACCCCCGTTCCATAATATTATGACAATAAAATCAATTAAAGAACATACAAGTATTTTTACCAACGGGAATTTCCCGATGTACACAAGATAAAATGTGAACCAAATAAAATTTGTCAATAAAGTCAAAACAATAAACAATATTTCTTTCATCATTCTTTATACTTTCTATATGTTCCAGAAATATTTCCTCTCACGTTAAAAGGAGCAGCATAACCGTATTTTTCTAAGGCGGCAAAACGCGTTTGCAGCCAACTATTATGATCTAAATCATAAATATCGCTAATATATGCAGTATAATCTACGGAACAATCTGAATTTACTGTAGCAGTCATCGTCATGTAATATCTTCCTAAAATATAATTTCCTTCACTGGATCTTGTTTGAAGAAGTTACCAGGAATCCAGATATAATTTTTCTCAAAACATTTATGTTCTATCGCATACGATATAGCCAATCTTGCCAATAAATTAATATTATCTTGGAGACCATCTGATTCGCCACTCTCGAGATCTATAATATATTGAGGATCTATTTTTACTCGCCACCTGTCTTTGAAAGATATTTAATGAACATTTCATATGCCAAAGAAGAATCAACCCTTGTTCCTATTAAAGCAGTATAGAGTTCCGGATACCCAAGAGTCATATTCCCTATCCTCCAAAAATCAATACTATACTTATACTTAGGAAGATCAGGATGCGGATCAGGAGCTATTTTTTTTGCCCCCCATGAAATTAGCCCAACATAATCTTTTAAAAAGATAGGGTAATTTTTAACATATGCGAACAAATTCCAGCCGCCTTCTTCCTTGATGGGATCGCGGCTGATCCACCTTCCGTCGTGCGGATTGAGATGCCGGTAGTTGTAGTAGACCAACCCCAGTTCTTCATCGTTGTATTCGCTGCTCCACTGGATGGGCTGGGTGACGTCCCCTTCGGCGGCGACTTCTCCGTAAGGCGTGTAGGTATAGACCGTCCGCAGGTAACCGGCTTTCCCGAAGATTTCCGTGACGTTCCCGGTCAGATCCCACCCATAGGCGTACCAGGTGCCGTCTTTGCGGATGGCCAGCGGGCGTGCAGCCTCAGGCTGCGTCGGGTCCCAGAACAGGAACCATCGGAAGACTCCGCTGACGGCATCTATGGCGGCTATTTGCAGGTAGCCACGGTACATGTAGCGCAGGTAGCTGCTCACCGTCCCGTTGACGCTCACTTTGCGGGTGTGCCGCCTGCCCATGTAGTCGTAGGTGCATTCCACCACGGTTTTGGCGCTTTCATTGACGAAGCGTATCGGGCGGTTTTCCGCGTTGCAGGCGACTTGCCAGATGCCGGTGGATGTCCTGATCAATGTCTGATTGCCGTCCGCGTCGTGAACCGGTTCAAAGACGCTTTCTTCTCCGCGCTCGATGGCGGTGTATTGGTTGAGCGGGCCGGTTGTGTAAGCGGTCGCTTCTTCCGCGTCTTCCCGCGCGGTTTTCCGGTTGCCGATGTTGTCGTAACTGTAGCCGTATGTCTTGCGCTGACGGCGGCGGCGGCGGTCAGTTCGCTCCGGCTGTTGCAGGCAAAGCTGTCGTTGACGGTATTCCCCTGGCGGGCCGTGCGCCGCGTGACGGGCCTTGCCAGGCTATCGTAAGCGTATTCCCTCGTTACGGCTGCATTTCCGGCGGTGTCCGTCATACTGACAACTCGACCGACTAGGTCGGTTCGAGTCGTGACAGTGTTGTCGTGGCCTATTCTAAATAATTTCAAAAAAACTCCTTCCAATATGA
NZ_CP072046.1_gap20	611970	613443	1473	TGCCGTGCTCCACCATCTGCCGCCACCCGCCCCGGTTGTCCACAATGAGCACGCTGCCGCTGGCCATCGCCTCAAAACCGATGCGGGGCCAGTTCTCCGTCGTATCCGTCGGCTGGAGGATGATCCGGCTGTGCCTGTAAAAATCCTGCTGGGAAACTTCCCTTTGATTGCGGGCAATCCGAATCCAGTCGAAGGGCCGGCCTATCTTGGCTTCGCTCCTCTTGTCAAAACCGAGGAAAAGGCCGCGCTTCTCCACGGGGGATACGAATGCGCCGTAGATATGCAGGGTGTTGGCCGCGAATTTGTCGGCATCCTGGCGGGAGATGCGCCCGCAACCGAAGAAATCCTCATCGCGTTCCCGGATAAAGGGAAAGGATTCCGCATGGAAATAGGGCCTGAAGGTCAGGAACTGCACTTGCGGGTCGCCGTTGAGCTTGCGCAGCACGGGCATGGCTTCCTGGCGGACGGCTTCATTCTGATAGAGGAACATGGCGATTTCCCCCTTTTGCATGGCCTCCTTTTCCCTGGGGAAAAGCCACGTCATGCAGTTGATGAAAACTGTGCGTTTCGTATGCCTGCGTATTTCCGGCAAGGCGTTGAGGAAGCCGGCATTGCAGAAACCGAGCACGGGGTCGCCGGGTTGGACGGCCGACCAGTCCGCTGGGGCGTGCATAATGACGCCCAGGGAAACCATCTCGTTGTAAAGAGGCTCCCCGTGGTAATCCCAGGACGGGATGAGATGGACTTCCACGCCCATCTTGCGCCAGACAATGATCTGGTGGTGAAGTTCCGTTCCCGCTCCTCCGTAGAGGCTCGGGAACCCGTTGACGAATAATCTCCTGATTGGACTGCTCATGAACGCTGCTCTTCGTTGCGGAGGGTAAGAAATTTAACCAATGCTCCTGATGAAGGAGGAAAACTCCGGTGTACTGCGGCCCGCACTGCGCAGCGCGGGAATGAAAATGCCATTATGTTCCAGCCTCCTGAGCCTGGTCGTAAGCTTCCACTTGCCGGCGAATACTTCATTCCTCAGGGCAAATCTGGAAGCCGTGAGGATGTCGCGCCCCGCAAGGTAATAAGCCATGCCGCGCAGGGACCAGGCAGCCAGCCCGAAAGCCTCTCCTTCGTACTCCAGGGGAAAGGGATAATCCACGCCCTCCGGAGCCTTGAAAAGCGCCTGCACATGCAGAACGGGAACGAAAGAAGGCCGGTTTCCCGGCTCTCTGCCGACCGTGCCGCCGGCGGCTCTTACTTCTTCCAGAGAATTGAAGACGGCCGGCTTCTCCACGGAATCAAAGGGGAGTTTTTCTATAAACTGCTTGCGTGCGGAAAGCACGGAAAGCTCCAGAGGAACGCTTCCGTCGGAAAGAACAACCTCCCTGTTGAGGATGATACTGCCGGGGGGAAATATCCCGGAAAGGGCGCCTACGCTTTGAACAATGTTCAGGCGGGGAAGGACAATGTCGTTGTTCC
NZ_CP072046.1_gap21	670423	671070	647	TGCAGGCTGCCATGAACCGCGGAGGAGACGTATGGACCTCTTACAACAAAGCATTCCGGGACGCCGTGCTCAGCGGCCAGAATGCGGACGGCAGTTTCCGGAAAAATGACGTAGGATACGTTTCCGGCATGAGCAATAAATCTGAAAACATCTACCGCCAGTGCCTGGCAACGCTGATGCTGGAAACCTATTACCGTTTCCTGCCCGGTACGGGGGAAGGCACCAAGAACTCCTGAGGCATCCCTCCGAATAACGAAAAGAGCGCCGCGGGAAAAGGTTCTGCATGCGAGAAAACGAACCTTCTTCCGGCGGCGCGCAAATTAAATCCTGACTTGACCGCAGAGGTTTCTCTTGTTATTCATATGGTTTCCATTTTCTAACGACGTGAATAACAATTCTTCCATCCTTTTCGGCCTTTTTGATGAATTTCTTTGGGTCCGGTGTTCCGGACGCGGAAGTTTTGCCAATAGTCCGACTGTCAAATCCCTGGGGGACGATTACATCGCTTCCGGAGGGCGTCTGATCGTCATTGATCTGGAAACTTGCTCCGGCATTGACTCCACCTTCATGGGCACTCTTGCGGGCCTGTCCCGACGGCTGCTTCCCATCGGGGGATCCGTCCAAATCGCTTCCCCGAGCGAACGCTG
NZ_CP072046.1_gap22	821359	826148	4789	GGTTGGCTTTCGTCTTCGCGCTGACAGCCGTCCACGCGGAATGGCCGTCCTTGTTGACGGCCCGCACCTTGAAGGAATAAGGCGTCTCAGCCTCCAAATCCTCAAACAGGAATTCCGTCCCTTTGATGGTGGTGTACAGCATTCCGCCGAATTCGATTTCATAGAAATCGGCATTCGGAACAGCGTCCCACGTGGGCTTCAGGGTATAGGCCGCCGCGTTTTCCTCCGTCACCGCAGCATTGGCGGGAGCGGTCAGCGCGCCGGAAGAAAGGCGATGCTTTTCAGCGGGTTCAAACCGGAACCCTTCCACGGAAAGCACCGTGGGGTCCGCCGTAATATCCGCCGCGCCCAGTTTCACCAGCAATTGAGGGTTCCCGGAAATCACCTTTTTCTCAAAATCGCTCCCCTTCGTCGCGAACCTGTTCAGGTTGGGAGCCCGGTCATAAAAATAAACATTCTCCCTGGACTTGAAATCCTCCATGGAATTCGCTTCCGCCAAATTAACGCTGTTTTCCCCGATTTTGGCGGAAACCCCGGACGGCTTCTGCGTCACGTTGATGAGGAACTCCGTAGCCTTCTTCTTCTGGAAGCCGTTGAAATCCCCCATCGCCGGATGAACGGTGACGGTCACGTTGTTCTTGTCGTCCACCCGGGATTCAACCAGAGTGCGGACGCCTTTGCCGGCCCTGTATTCCTCCGTCACGCCGTCGTCGTCATACACGGTGAAGGAAGTGCTGCCGTGCGGATAAAGCTCGTAAATGCGCAGGTTCGGATTAATTTCCGAGACATTGTTGCTCGGATTCGCCATGGGAATAATCGCGCCGTTTTTGACGAACACGGGCAGTTTCCACAGAGGCGCGTCAACATCATTATAAATCTTGCCTCCCTCATACAAATCCCCGGTGAAATAATCAATCCACTGTCCTTCCGGCAGGTAAATGCCGTGGCGGACGTCATTCCCCTCCTCGTCCGCCCTGGTTTCCTGGTAAATGGGAGCCACCAGAAAATAGGGGCCGTACAGGAACTGGTACTGCGTCGCCTTCCCCAGCGTGTAGGGATTGGGATATTCCAGGAACATGGCCCGGATCATGGGCAGGCCGGAAACGGACTCCTCCGCGATGCTGTAGGCGTACGGAAGCAGTTCCGACTTGAGCTTGAGATACCACCGGTTAATGGAAGTATAGGGTTCCCCGAAGGCGTGGGGATACTTTTCATTGGCTCCCCAGCCGTCCATATTCAGCTCCATGGGGGTGAACGTTTTCCACTGGAAATCACGGACATTCACCAGCGGGTTCTTGCCGCCGAAAATGCCGTCCATGTCCGAACAGATGTTGGGCTGCCCGGAAAGTCCGGAGCCGATGTAGGTGGGAATATGGAAACGGATGTACTCCCAGACGCCGCCCGTCTGGTCGCCCGACCAGATGCCGGCATACCGCTGGGTTCCCGCCCAGCCGTCCAGGGAAATGATGAACGGGCGGCTGTTGTCCCCGTAGTAGGTCATGATCTGGGCCACGTCCGTAATGCCGTTCAGCCCGAAAGAATAGCCCGCGCCTACCCAGGCCACGTCCGTCTTCAGCACGCGCACTCCGGCGTCCCGCACCTCCTTCACGATATCCCGCTGGAGCAAAGCGCTGATTTCCGGCTTGGGATGCAGGTCGGACTGGGTCCACAACCCGATTTCCACGCCGTTCTTCCTGGCGTAGTCCGCCAGACTCTTCAAATTCGCAATATTGCCGTCCAGGGTATCCGTCTGGCCGTACCCGGCTCCGTAGCCGTCGTTCGGCAGAAGCCATCCCAGCGGCATGTCATGGGCCTTGTAACGGTCCACGACGGCGCGGCCGGAAAACTGGTAATTATTCAATTCCCCGTTCAGGGATTCCTTAATGCCTCCGTTATCCTTCTGGCTTTCCTTGTACCGTTTCCCGTCCTCAAACAGGATGCCTTTTTCATCTTCCTTCCAGTAATCCCGGTTATAGGCGTTCAGATGCCCCTGGTAAAAGGCGAACTTGGGCAGCAGAACGGGAGCTCCGGTAAGCTGGTAGAAATCCCTTAAAAGACTGACCGGCCCGTCGTTGACCATGAAAAAGACATCCAGATAATTTTCATCATGCGAGAGGTTCACCAGATTCTCTTCCCTGGAACCGAAATCATACTGCCCTTTCTTGAAGGTATGCCACATGACGCCGTACCCGCCGGTGGACCAGTAAAAGGGAGTGGGGGAAGCCACGCCGCCATCCGTCCAGCTGTTCTGGTTTTCTATGGAAATGACCTTTCCCCTGTGGGAAAAACGGCCGTTCTGCACGCCGCCGCCGTAAAAATATTCGTCCGGCTTCGCCTTCAGGGAAAAGCTGGTTTTGCCCTTTTCAAAAAGGACGGGGGATGCCTGCTCCGCCACCACGGAATGATCCTTCAGATTGATCACCTTGAAAAGAGAGGTCTTTTTACTTATCTCAATCCTGACCTTCCCCGTAGTGATGACAACCGCATCCCCCTTCTGGTCCACATCCAGCCGGGAAACCGGCTTCCGGGGATTGTCCGCCAGAATGCGGGCTTCCGGTTCCGCCTTGGGGTCGCGGATAATACCGCCTTTGTCATCTCTGAAAATACGGAAAATGTTATCCCCGTAAAAATCCAGCGTCATCCGGCGGTTGTTGTCAAGCAGCACTTCCACGGCGGCAGGATTGATTTTTCTGGCGCCTTCAACGGCCTGGACCTGTTGTCCAGGAACCGGCTTTTCCAATGCGGCAAGTGCGAAGCCCGAGAAGGAAATGGACAATCCGAAAGCCAGCAGGACGGAATTCCGGAACATGCCATGGTCTATTGAGTTTCCCATCATTGTAGTGTTCTATATTATTCAGCGGAGCGGCATTGCGGAGAGGATGCAAACAGTCGTTTCCCGACGGGCAGCAGACCGCTTTCATTCATTGTGCCGTCTAATGGCGCAGGTTATCTTGCCGCACCATACCCTTTGTCCGTAATCGTAACAAGGTCAAAGACGGCAGTAACGGCGCGCCATTGCTCCACACGTTTATAAAATACCTGCCCACAAAAGGTTACCTTTCCATGATGACATTATTTCTTCTCCACGGCATCACATCGTCAAATGAATCAAGCGCGCTGAAGCCCTTACGGTAACCCCTGGCGTATATTCCCCCGGTACCGGGAACTGCCCGCCTGCGCGGCGGAATGCCGCGGACAACAGAACAGCAGGAAATAATATGCGATTCCTGTTTATTGCCGTTTTGAACAGAAGATTATGTTCTGCATTCCCGGACCGGCAATTAATCCGGAGCGGACCGTTCCAAGAAGAACGCCGCAGGCCATCCGGGAACAGGGGGCGTCACGCTGACAGTCTGAACTCATTCGGGGAACATCCCGTATTCTTCTTGAACATGCGGCTCAGGTGATGGGGATACTTGAACCCCAGTTCATAGGCGATTTCACTGACGGATTTATTGGTGGCGCAGAGAAGCTCCTTGGCTTTGTCCACCAGCTTGAGCTGGATATGCTCCTGGGGCGTTTTTCCCGTCTCTTTCTTGACGAGATCCCCGAAATAGTTGGCGGAGAGATGCAGTTCATCCGCGAAATACTGCACATAGGGCAACCCCTGTTCCTGAGGCTTGTCTCCTTCGAAGTAGGAATCCAGCAGGCGTTCGAACTCCGTCAGCACATCCCTGTTCACATGCTCGCGGGTGATGAACTGGCGGTCGTAAAAACGCATGCAGTGGTTCAGAAGGACTTCTATATTGGCCGTCACGATGGACTTGGTGTGCCGGTCAACGCCACGTTCCAGTTCCTCCCGGATTTCCGTCAGGCCGTTCAGGAACAGATGCCTTTCCCTCTCCGACATATGGAGGGACTCGGAAGCGTCATAGGAAAAAAAGGTATAATCCCTCATCTTGCGCCCCAGGGAAGTGCCGCGGAGCAAATCGGGATGGAACAGGAGCGCGTACCCTTCTATCCGGAAATATTCCCCGTTGTCATCATTGCCCAGCACCTGGCCGGGAGACACGAAGACAAGAGTGCCCTCCTGGTAATCATAATAATGCCTTCCGTACCGCAGGTCTCCGCATTTCAGGTCCTTCAGAAAAACGGCATAAAACCCGTAAGCCTTGCGGACATGCCGCAGCGGCGGGACCCTGGAAAAATCAACGACGCTGACCAGGGGGTGCAGCGTTTCCTGCCCCAAAAAGGAGTTATAGTCCCCTACGGAATCCATGTTCAGAATAATGCTCATGCCCTTTCTCCTGCTTTTGACCGAAGCATAGCAGGCAGGGCCCCGGCTATCCAGTTCATTCCGGCAATCTGTAATCATGGTAGGAAAACCTGTAATCCGTCTATCGGAAAAAATAGAAATCCTATGGTAGTTTTGCAGGCATGGAAACAATTAACGGGCAAAACATGCCATGCAGGGAGCTGGGCAAAAGCGGCCTGAAGGTTTCAGCCATAGGCCTGGGCTGCATGGGAATGAGCCATGCCTACGGAGCGCCCGCAGATAAAAAGGAAATGACGGAACTCCTGGCCCGGGCCGTGGATATGGGATATACATTTTTTGATACGGCGGAAGCGTACGGAACGCACGGGTGCCCTCACGACAACGAAGAACTGCTGGGGAAAGCTCTGGCGCCCTACCGGGACAAAATCGTTATTGCGACCAAATTCGGAATCCGCTTCAGCGGCACGGCAGGAACCGGGCCGTCCCCGCTGATCACAGATTCCCGCCCCGGCACAATCCGCCAATCCGTGGAAGGTTCCCTTAAAAGGCTGGGAGTAGAACGCATCGGCCTGT
NZ_CP072046.1_gap23	827832	829822	1990	GTGGAACTGCCCAAAATCGGCATCCGGGGAAATACGCATTTTCTGATGTCCGATAAAAACAATAACATCATTGCCGACCATATGGCCGCCTGGCTCCGGCAGAACAAACTTGACAGGTGACAGGCACACTCCCCCGCACATTTACTTTCTGCGTCCGCCATCTGTAATCATGGTAGCAAAACCTGTAATCCGTCTATCGACGGGAAGAGAGCCTTTCATGATAGAATGGGAACTGTTTGAGGAAGCAAAGTACATGCCATGAAAACAAACGCCATTATTTCAATAGCCCTTTCCCTGATTTCCTTCAACCACCAGTTAAATGCGCAGCAAATGAACACAAATGATTCTCCGGCCGTTTCAACAGCCCCAGCCCGCCAAACCCAATTTACGGAAGCAAAAAGCATTAAAAGCCACAACGCCAATCCCTGGGGGCTGGTTTACCGGGGAGCCGTCACGGAAAACATGGGAGGCCGCGTCAACATCCATCCAATCACCTATACGCTGAACGGACTGCAAATTGCCGCCCATGTTTATACGCCCGCCGGATATGATGCCTCGAAAAAATACCCCGCCCTTGTCGTGGCGCATCCCAACGGCGGCGTGAAGGAGCAGGTGGCCGGACTTTACAGCCAGCGCATGGCGGAACAGGGCTACATCTGCCTGGCATTTGACGCGGCCTACCAGGGGGCCAGCGGAGGGACTCCCCGCAATACGGACAAACCCGCCAACCGCATGGAAGACATCCGCCGCGCCGCAGACATCCTGCTGCAATATCCCGGAGTGGACGCCTCCCGTCTGGGCATCCTGGGCATTTGCGGCGGAGGAGGCTACACCCTGAAAACCGCACAGACGGACAAGCGTTTCAAGGCAGTCGCCACGCTCAGCATGTTCAACACCGGCCTGGTCCGGCGCAACGGGTTTCTCGACTCGCAGATCAACAGCGTGCAGGAACGCCTTGCCGACGCCTGCGCCGCCCGCCAGCGCGAAGCGGAAGGCGGTCAGCCGGAATACGTGGGAGACATGAAAGGAGTAACGCCGGAACAGGCGGCCCAACTGCCCTTTGACCTCTACCAGGACGGCTACGACTATTATCTGCAAAGCCACGCCCACCCCAATTCCACCTTCCGCTATACCAAAAGCAGCCTGATGGACCTCTTTGCCTTTGACGCGAGCGAAGGTATGCACCTGATTAACCAGCCCCTGCTGATGATGGCGGGCAGCAGAGCCGACACCTTCTACATGACGGAACAATGCTACAGCCGCGCCACGGGAACCCTCAACAAGGAATTGTTCCTCATTCCGGGCGCCACGCATATCAAGACCTACTACGTGCCGGAATACGTGGATCAGGCTGTCGGAAAGCTGGCGGAATTCTTCGGGAAAAACCTGTAAAACTGCTCTCCCAGGTTCATGAATCTTTTATCGTCTGTCCTGTTCTGCCTGATGTCGTGCGTGCTGGCTCTGGCGGCAAATTCCGCCCTTTCCAGCCAGGAATTGACCTCCAGGCAGAAACACATCATCGCGATTGCCGCCTATACCGGCAGAGGGGATTTGCATCAGCTGCAGCCGGCCCTGAATGCCGCCTTGGACAGTGGATTGACGATAAATGAAATCCGGGAAGTTTTAGTGCATTCCTACGCCTATTGCGGGTTTCCACGAAGCCTGAGGGGATTGCAGACATTCATCTCCGTGCTGGATAAAAGAAAGTCCCGAGGCATAGCCGATGCCCCGGGACAAGATGCCTGCCCCACAAAGGACAAACGCAGCCGCTACGATCGCGGGTGCGCCATTCTTGCGGAAATCTCCGGCATTCCCGTCAATGCACCGAAAGCTGCCTATGCCGAATTTGCCCCGGTCATGGAACGTTTCCTGAAAGAACACCTTTTTGCAGATATTTTTGAACGGGACGTTCTGACCTATGATGAACGCGAATTGGCTACCGTATCCATCCTCGCGGCCATAGGCGGTGTGGAACCAATGGCCCGCTCTC
NZ_CP072046.1_gap24	840965	842081	1116	ACTATTCCAACAGCGACCTGAAATTCGGCAACCAGCAAATTGAGCAGATTCTCATGGACGCAGGACTGGCTGAATCCATCGAACAGCTCTACATCCACGACTCCCTCCTTTCCCAGGATCAGATCGGTCAGCTGATGAGTGAAATCGCCAGCATTCCGGAACCCGCCACGGCTTCCCTGGGCCTGCTGGGCCTGACCGCGCTGATGATGCGCCGCCGCAGGGCATAAGCCTGTACCGTCCGCCTCCCTATATTCAAAGGCCGGCTCACAAAATCGTGAGCCGGCCTTTTCCTTATCCGTTCAAACATCTGCCGAAAAAACAGAGGGGAAAAGCTTCCATTTGCTGCGGCAACCTCACGGCCAGCACTTGACGGAAAAATGGCATTCAGTCTCCCCCGGTAGGGTCATTTCAAGAGCTTCCGGCCCCGCCCCACTTCCGTACACGCCCCTTTTTCCCATGCCGGGACAGCCGGAACCGGAGCATGCAAAGCCCGGCTTCCCTCAGCATCCGGAACAGCCCATCCTTTCAGCAATCCATTTCCCCGCACGGTCCGGATCGCTGCGGTTCCGTCCGTCGGCAACAGACTCCTTCCCCGAAACAGGGAAAAGGAGTAGGAAAATGGCTGAGCTTGAACCTTTATCCCCCGTTCCCGTCCATGAACCTTCAAAAACAGCAGCTGCTACTGCGCCTGTTCCGGTATTTCAAAAGCAGAAAAGGAGAACCGCGTTTTTTCAACAAACGGAATATATGCCTTCTGGCCGCCGCCGGCGCCTACATCCTGACTCCCGACGAATTCCTGTTTGACGGAATCGGCAGGCTGGGCCTTCTGGATGACGCGGCGGTCATCCTGGGCGCCGTCCTCACCGTCTTTTTCCCGGACGGGGACTAGAGGGCCGTACCCTCCGCCGCGCCTCGGGCGGAATTAGCGGGACGACACTTTCCGGAACTTCGGAGACTGTCCCATGAATGTCTCCGGATTTTCCAAGAGAAGACGTTCCGTTTCCTGCCGGGAAAAACCGCGCCTGCGTAGCTCGCAGGCCAGAGCCGTCAGCGCCAGGGGATCGGAATCCCCCCAGTCTGCCGCGGAATTGGCCCAGACACGGTCCATTCCGTACA
NZ_CP072046.1_gap25	849302	850702	1400	GGGTTCACCACCACGCAGACGGACCATGCGGGCGTCACGGCCACGCAGACCCGCGCCTACACGGAAACCGGCGTCATCTACGCCAATACGGACGGCCGGGGCAACACGGTCACGACGCGCACCGACCTTGCCGGGCGCACCGTTTCGGTGACGGACGCGGCGGGCAACACGACTTCTACCGCCTACGGCCCCTGGTTTGACCAGCCTGCCGTCGTCACCAACGCCCTGGGCAACACGACCTGCTACGGCTACGACCTCCGGGGCCGCAACACGGCGCAATGGGGAACGGGGACCCAGCCCCTGCTCTTCGCCTATGACGAAGCGGACAGGATGACCAGCCTCACCACGTTCCGGGAGGACGCCGGCGACATTACCACGGATCCTACAGGGCGCACGGACGGAGACGTCACCACGTGGAGCTACGATGACGCCACGGGCCTGCTCATCCGCAAAACCTGGGCGGACGGGACGCATGAGGACACAACCTACAACGCCCTGAATCTCCGCTCCACGCTGACGGACGCGCGGGGGGTGGTCACCACCTGGGGCTACAACCTGAAAAAGGGGGTCAACAACTCCGTCTCCTACAGCGACTCCACGCCCGGCATCCAGTATGCCTACAACCACCTCAACCAGCTGACCCAGGTCACGGACGCTTCCGGTACGCGCGTGCTCACGTACACCCCCTACAACGAACCGGACACCGACGCCATTACCATCGAAGGAGTCTCCTGCCAGCTCCAGGAACACTACGACACTTACGGACGCTCCTCCGGCTATACCCTGAAACAGGGAACCGGTGTCCTCCAGGAAGTCAGCCAGGGCTATGAAGCCGACGGGCGGCTGGCCAGCGCCGGAATCATGCACGGGGGAACGGAGCAACGCTTCGCCTACGGCTACCTGGCGGGAAGCAGCCTGCTCTCCAGCCTCGCGATGCCCGACGGCATCGTCCGGGAACTTTCTTACGAACAGCGACGTGATTTGCTCAGCGGCATAGACTGCCGCCTGGGGGAAACCGTGCTGGTCTCCCGGACCCAGAGATGCGACGCTCTGGAACGCCCGGTCACCCGCACCCAGCGGCGGGGAACGGAGCCTGCACACAGCGACAGCTTCAGCTACAACGGCAGAAACGAGCTCACCGGCGCTGCCCTGGGCGCCGCCCCCTACGGCTACAGCTACGACAACATCGGCAACCGCAAGACGGCGCAGGAACCGGCCCAAGAACTCGCCTACGCGGCCAACGGGCTCAACCAGTACACCGGCATTGAAGAAAGCGGGGAAGCGCCTTTTGTGCCGACGTACGACGCCTCGGGCAACCAGACCCTCATCAAGACGTCAACGGGCGTGTGGACCGTGGTCTACAACGCGGCCAACCGCGCGGTGAGCTTCACCAGCCGGGA
NZ_CP072046.1_gap26	892016	894300	2284	CGGCTGCGACACCTGCGACGCCAAGCTGGAAAGCCTCCGCACCATTGCGGAATGCAAAATGAAGGAAGGCGTCACTTCCTGGCTGCCGACCACCCTCACCCTGTCCCCCAAGGTGCTGGAAGACGTATGCGCCTCCGTGGCGGAATACATGAAGAACCAGGAATTCGCCAAGACTCCCGGCGTCCACCTGGAAGGGCCGTTCATCAACCCCAAATGCTGCGGCGCGCAGAATCCCGCCTTTGTCCGCCAGCCGGATTACGATGAAGTAGCCAACCTGAACTCCATCGCCAAGGTGCTGCTGGTCTCCCTGGCGCCGGAAATGCCCGGAGCCATTGAATTCATTGAGAAAGCCACGGCCAACGGCATCCGCTGCTCCGCCGGGCACAGCGCCGCCACCCATGAGGACTTCAACAGGGCGAAGTCCGCGGGGCTGGCGCACCTGACCCACTACTGCAACCAGATGTCCCCCCTGCACCACCGTGAAATCGGCCTGGTGGGGTCCGGCCTGCTGGACAGGGAAATCAAGATTGAAATCATCTGCGACACCATCCACCTCTGCGCGGACATGCTCAAAACCGTGTTCAAAAACAAGGATTCCGACCAGATGCTGATGATTACGGACTCCCTGGCCTGCTCCTGGATGCCGGACGGCCCCGGAGACCTGGGCGGCCTGCCCATCATCGTGAAGGACGGCGTGGCCCGTCTGCAGGAATCCGGCGCCCTGGCCGGCAGCACCCTCAAATACGCCCACGGCCTGAAAAACGTGCACCGCCTGACCGGGAAACCCCTCAGCGACCTGGTGAAAGCCACCTCCTGGAACCAGGCGCAGTCCCTGGGCCTGGAAGGCCTGGGCAAAATCGCCCCCGGCTTCACGGCGGACATGGTTCTGCTGGACGATGACTTCAATACCTGCAAGGTATTCATCGACGGCGTGGAAAAATACAGCGCGTAACCGCGTTTCCGCGCGCCGGAAGGAGACGTCCCGCCCCTTCCGGCGCGCCTTCCTCCTTTTTACCATATTTCAACATTCACCTCCATGGCTATTACCATTGAAATGCCCCGCCTGTCCGACTCCATGCACGAAGGCACCGTCCTGAGATGGTTCAAAAAAACAGGGGACTTCGTAAAAGTCGGCGACCATCTGGCCGATATTGAGACGGATAAGGCCCATGTGGAGCTCCAGGCCTGCGAGGACGGCACCCTGACGGAAATCCTGGTGCCGGAGGGAGGTTCCGCCGCGGCGGGAGCGCCCATTGCGCTGCTTCAGCCGGAATTCGGCGCAGCCGTCTGCGGCTGCCCCCCGCGCCCGTCCGCAATATGCAGCCCGCTGGCCGCCAGGCTGGCGGCGGAAGCCGGCCTGAACCCCGCCACGCTGCGCGGCACCGGCCCCCGGGGCAAAATCATGGCCGCGGATGTACGGGCCGCCCTGCGCCCCGCGGACGGCCCCGCCCGCCGGGTGCAGACCCCGCTGGCGCCCCGGGACACGCGCCACGCCACGCGCGTAGACAATTTTTACCTGTATTCCCTGGAAGCGAACATGGCTTACCTGGCCGCCATCAGCACGCCCATCGCCGTCCAGTGCGAAAAACTCATCGGCGGCCGCTACAGCCTCTTTGACTACGTGGTGCGCGCGGCGGTGAAAGCATGCGCCAGCGAGCCGGAATGGCTGGCCGGAGACGCCGCCGCGGAATTGCTCATGGTGCTGGACAAGGGGGAAAAATACGTCTTCATTGAAAACGCCTCCGGCAAGACGATTTACAACATCGCCATGGAACGCCTGGCCGCCCCCGCGGCAGGTCCGTTCCCCGCGGGCAGCGTCGCGCCCAACATCCTTCTTTGCGACAGCGGCGTGAACGTGGCAGCCCAGCGCGCCGTGCTTCCGGAAATGCCCCACAGCATCATCAGCATAGGAGGCACCACGCCGAAAACGGGCATTGAAGCGGGGCGTCCCGTGTCCAAACTCATCCTGCCCGTCACCCTGTACGTGAACGCCGGCATTCTGCCGGAATGCAAGGCTTCCAACATTGCCGCCGAATTCAAAACCCTGCTGGAAAACCCGGTTCTTCTCCTCCTGTAGGGATACCGGAACATGCTGCTCTTTTCCTTGAACGTTCCTCTTCCTCCCCCTGTCTTACCAACCATGAAAAAAGTCGCCATACTTGCCGCCCCCGGATTTGAAGAAATCGAACTCATGGCTCCGCTGGACATCCTGCGGCGCCTGAACATGGACGTAGTGCTTGCCGGCGTCCAGTCCGACAAGGTGGTCAGCACCCATGAAGTAACC
NZ_CP072046.1_gap27	896069	898392	2323	CAAACCGTCAGGAATACTCCGGCATCATGCGCCAAGGAGTTTTTTTGATATTGCTTTTCAGTATGAATTTATTAAGTATTCAGCCCTCGTCACACAACGTATTCTTTTTTACCCGGCGGGGGAAAAACCGCCCGGAACGGTAACAAGGGCCATTCATCATCCGCGTCAGGCGATATTCATTATATTTCCTGCAATTTTTCACCATGAAACCAATGACACATACGCAGACAGTCATGCTCCGATTGCTGACCATGTGTATTCCGTTTCGGAACCTGCGTAAAAAATGGCGCACTTTCCTGCGCGATTTCCTGTCCGACTATGACCGGGACGCCCGCCGAAGCATGCGCGCATGGCGCAGGCATCCAGTGGCCGGCCGTACCATCCTTATTCTGGAACCCAACTATTGCCACGGGGAAGTCATCCCCGGTTTCTGCCGCCACCTGCTCGACATGGGATACCGCGTTGATGTCCTGATGCATCACAGCCTGGCCAGACAATCGCCCCTGTGTTGTTTCAAGGAAAACGAGATCCAGATCTTCACAGCCATGTGCACTTCATGGAAGCGCCTGGCCAAAGCTCCCGTCCTCAACCGGTACGAAGCCATTTTAGTATCAACATCCGCCTTTTATGACACTCCGGGATGGGCAGGTTTCCTTCACATGACGGGGCTTGACAGATTCACCAATCTTCTGGCCGTCGAACATGAATTAAATGACATCCCACGGTTCGGGGAAGAAGGGCTTGAACGGCAGGGACGTCTGCTGACGCTGGGCTCCTTTCCCAGGGGCATGATGGTTAATCCGCACTTTTTCGGGGAAATCCCGCCTGCGCCCCGGAACCGCGAACCCGTGTTCATCACCGTAGGGTCCCTCTCCGCACAGCGGAAAAACCACGAACTCCTGGTTGAGGCGCTGGAAACCGTCTGCAATGAAGGGTACAGGAACTTTTCCGTCATCATCGTGGGGGAAGGAGAGCTGGGAAAAATCCCCGGCCATCTGCGCCCCTTCCTGCATGTGGCCGGAAAGCTCGACTTCCCCGCCATGTACGAGGCCATGAGGCGGGCGGACTATTTCCTGCCCCTGCTTGATCCCGGCAATCCGGCGCATAACCGCTACATTACCACCGGCGTCACCGGTTCCGCCCAGCTTGTTTACGGATTCGCGAAAATCCCGGTCATCCATGAGAAATTCGCTTCCTTCTACGGCTTCAACGACAGGAACGCACTCCTTTACAGGGAAGAAACGCTTGGCGGCGCCATGCTCCGCGCCATCAGGCAGACGGAAGAGGAATACGCGGAAATGCAGCAGGCGCTTCTCCAACTGGGCAGGGATATTGACAGGGAATCCCGCTCCAACCTGAAGCGGGCTCTTGCCGCATGCTCCCCCTCCGAACCTCAACAGTCCCGCCAATGACCCAATCCTGCCCGCCACAGCCCCAGGTTTCCGTCATTGTTCCCGTTTACAACCAGGAACGATATCTTGAAGAGTGCATCAGCAGCATACGCCGGCAAACCCTTGCGGAGTGGGAATGCCTCATCATTAACGACGGTTCCTCCGACTCGTCGGGGGAAATCGCCCGGCGTTTTTCAGAGGCGGACTCAAGAATCCGTTATTTTGAACAGAAAAACAGAGGCGTTTCCTCCGCCCGAAATCTGGGCATGCGGCGCGCTTCCGGGCGCTATTTGTGTTTCGTTGACGGCGACGATTTCATCGACGCGGCCTTTCTCAAACATCTTCTGGACGCCTCGGACCGCGGAGCAAGCGATTTGACCGTAGCGGGAAAGCTGTTCTGCGACAGGTTTCCGCCGGATAAAATCCCCGCCCTGCCCACCTGCGGCATATTTCTGCGCCGGGAGTTCCCCTTGAAAAACAATCTGGAATTCCCGGAAGGCATTCACCCCTGTGAAGACGTCCTCTTCTCGCATTTCGTGCTCGCGCTGACAGAAAAAATTTCCTTCTGTCCGGAGGCCGTTTACCATTACCGCCAGCATGAACAGGGCAACCACCACCAGATACGGAAAAGAACCGCCGACATCCTGCCCATGATCCCCCGGTGGCTTTCCCTGATTGAAGAGTTTTATGAACAACGTCATCTCTGGAAAAGAAAAGCCGGCCATCTCGTCCGCTTTATTGAGCATGAACCATTTGAACTGAGGCTGCTTGGCATGCCTTTCTCCCCGCCGGAGCAGGAAATACTTTACAGCATCATCCGGGACTTCCTGACCGCCCATTGCACGGCCGCCGAGTGCCGGAGGGCCTCCCTGCATCTTCCTTTCCGCCTGTTGTTGCAATCCTCCGGCTTTTCAGACTTCGGAAGAAGGCTC
NZ_CP072046.1_gap28	909776	914524	4748	TGCTTGAGTTCCTTCATATCTTTACTTTCAGTAAAAAAGGGGGGGCTTACTGCATGGCGTTGTAGGCGATGGCTCCGGCCAGCACAAGCAGGGCGATAACAATCCACATGACGGTAACGGTGCGGCTGCCCGCAGCGGCGCCGGTACCCTGGATGTGCCCGTATTTGCCCTTAAGCTTGCCTTTTTTCAGGAAACCGTCGTAATTGCGGGAAAGAAGAGTCGTTTCCACCTGGCGCATCATGTCAAGCAGTACGCCCACCAGAATGAGAAGGCTGGTGCCTCCGAAGAACTGGGTGACCAGGTAGGGGATATTGCCCCCGATATTCAGCAGGGAAGGCAGGAAGTAAATGAGGGTCAGGAATGCGGAACCGGCAAAGGTCAGCCTTTGCATGGTCTGGTCCAGGAAAAGGGCAGTGGGGGGGCCGGGACGGATGCCGGGAATATAGCCGCCGTTGCGCTTCAGGTCTTCCGCGATCTGGGAGGGCTGGAACATGGTCGCCACCCAGAAGTAGGAGAAGAAGAAGATCATGAGTCCGGAAATAATGTAATAGCCGGAAGAAGCGGGATTCAGCCAGTCATTCATCTTGGTCGCGATCCACTGCAGCGTAGTGTTGTAGTGGGCGATCTGGGAGAAGAGGACCTGCGGAAGGGAAAGGATGGCCGTAGCGAAAATGACGGGCATCACGCCGGAGTAGTTAAGCTTGAGAGGCAGGTACTGCGTGGCGCCGTTGAACATTTTATTGCCCATGACCCGTTTGGCGTACTGCACGGGAATGCGCCGCTGGGCCTGCGTCACCGTCACGACGAGCGCCACCACGACAATCAGGAAGGCAATCAGGGCCACGAGCAGCATGGCTCCCATGGGAACAACCGCGCCGTCCTTGTACACCAAGGTTTTCCAGGCCAGGGTGACTGCCCCCGGAAGGGCGTGAATAATGTTGACGGAAATGATGAGGGAAACGCCGTTGCCGACGCCGCGTTCCGTAATCTGGTCGCCTATCCACATCAGGAACATGGTGCCCGCCACCATAATGAGCACCGTCATGAGGGCGAACTGGATGCCGGGGTCAATGACAAGCTGGCAGTCCGCAGGAATGTTGAGACCCACGGCCTGCAGGCGTTCCGGATGTTCCAGCGTGCCGACCAGGAACCAGCCCTGCACAAGGGCAATGACGATGGCGATGGCGCGCGTCCACTTGGTCATTTTCTGGCGGCCGCCTTCTTCCCGCACCATCTTGGCCCACTGGGGAACCACCGCAGAAAGGAGCTGGGTCATAATGGAAGCGGAAATGTAGGGCATGATGCCCAGAGCAAAAATGCCGCACTGCTGGAGGCCGCCACCGGAGAAAATGGTCAGCACGGTAGCCAGACCCGCTCCGGGGCCGCTGGCGTTCGCGGAGGCTTCAATCACTTTCTGCAACTCCATGACATCAATGCCCGGCAGGGGAATCTGTACCCCCAGGCGGACGACGACAATCATCGCCAGTGTGAACAAAATCCGGCGCCTGAGCTCCGGTACTTTCATGGAGTTTGCAAATGCGGATATCATGGTCCTGTAATATAAAAGTTGGCGCGCAGCTTGGCTTGCATGTCGCGGCGGTTTGCACCCGGGGCATCCATGGGAACCGCAACAGTAAACACAATGATGCGAACCGGGTCAAGCTGCATGACCCGGTTCGCCAAATGTGATTAGGCTTCGCTAAGCACGGTGACGGTGCCACCGGCCTGGGTCACCTTCTCGCGGGCGCTGGCGCTCACGAAGTCCACGACTACGTTCAGGTTCTTGGTCAGGGTGCCGTTGCCGAGAAGCTTCACGGCGTCGCAGGGACCTTGGACGAGCTTGGCCGCACGCAGGGTGTTTTCATCAACCGTAGCGCCGGCTTCAAACACGCGTTCAAGCTGGGAGAGGTTGACAATGAGGATTTTATCCTGGAAGCGGGTATTGTTGAACCCCTTCTTGGGCAGACGGCGGTGAAGGGGCATCTGGCCGCCTTCAAAGCCCGGCCGAATCGTGCCGCCGGAGCGGGCCTTCTGGCCTTTGTTGCCTTTGCCGCAGGTCTTGCCGAGACCGGAGCTTTCCCCGTTGCCGAGGCGCTTCTTGCGGTGCTTGGCTCCGGGATTGGGCTTAATCGTATGAAGCTGTAACATGTTATTTACAATGGTTGGATTTCGTGGAGGCGGCGGCGCCGGGCCGCCGCCTCCTGATCAGATTAGATGGCCTTTTCCTTCTTCTTGCCGCGGTCGGCAAGAACCTGGTCGCTCGTGCGCAGGGAAGCGAGAGCCTGCAGGGTAGCCTTCACCACGTTGGCGTGGTTGGAGGAACCGAGGGATTTGGCAACAATGTCACGCACGCCCGCTGCTTCCAGCACGGCGCGGATGGTGTTGCCGGCAATCAGGCCGGTACCGGGGGAGGCGGGCTTCAGGAGCACCTTGCCGCCGCCGAATTCGGAGTAGACTTCATGCGGAATCGTGCCGTTGGCGATGGAGACCGGGCGAAGCTGGCGCTTGGCGGCTTCCGTAGCCTTGCGGATGGCGTCTGCCACTTCATTAGCCTTGCCGAAGCCGAAGCCTACGCGGCCTTCCATGTCTCCGCTCACGACGAGGGCGGAGAAGGAGAAGCGGCGGCCGCCCTTGACGACCTTGGCGCAACGGTTGATGAACACAACCTTTTCAGCGAGCTGGGGGCCTTCTTCCACGGGAGCTTCAGCCTGAGGGCCACGGCGTCCGTCACGACGGGGTCCGCGGGGTCCGCGGCCATTCTGGCCGTCACGGCGGGGTCCGCGGGGTCCGCGGCCGCCCGTTGCGGGTTGCTGCGCTTGAGCGGGAGCGGCGGCTTCCGTAGCAGGAGCAGTGTTTTCCGTTTCGTTATTCATTTAGGGAATCTTTCAATTAGAATTTCAAACCGGTTTCGCGGGCGGCATCGGCCAGGGCCTTCACCTTGCCGCAGAACTTGAATCCACCGCGGTCGAAAACGACTTCAGTGACATTGGCAGCCTTCGCGCGTTCGCCGATCAGATTGCCCACCTTGGTAGCGGTAGCGCAGTTGGCGAGTTTGGAAGGATCGGCGATGGAAGCATCGGCCGTGGAAGCGGAGCAGATAGTCTTGCCCACCGTATCGTCGATGATCTGGGCATAGACGTGGCGGTTGGAGAAATAGACAGCCAGGCGGGGGCGGGAAGCCGTTCCGGAAACCTTTCTGCGGATGCGGCGGCGAACCTTGGCGCGGATGGCTTTGCGATTGATAGTACTCATCGTGTATAAATATGTTGTAATAGTTATTACCTGAATTACTTACCGACGCTCTTGCCTTCCTTGCGGCGGATAACTTCACCGACGAAACGCACACCCTTGCCCTTGTAGGGTTCCGGGGGATAGTACGCACGGACTTCAGCGGCAAACTGGCCTACGACCTGCTTGTCGATGCCTTCGACCGTCACTTTCGTGTTTTCAGTCACGGTTACCTTGAGGCCTTCCGGGATTACCTGGTTGATCGGATGGGATTTGCCCAGGTTCAGATCCAGGATGTTGCCCTTGACGGCGGCACGGAAACCGACGCCGACGATTTCAAGGTTCTTGACGAAGCCTTCGGACACGCCGATGACCATGTTGTTCAACAGGGAACGGTTCGTACCGTGCAGGGCGCGAAGCTGACGGCTTTCGCCGACGCGGTCAACGGAGAGCTGATTGCCTTCAACGGTAGCGGTGATGCCTTCCGGAAGCGTCCAGGAAAGCTTGCCTTTGGGGCCTTCCACCTGAACGGAAGAGCCGTTAACCTTTACCGTTACCTTGTCCGGCAATGTGATGGATTTTTTACCAACTCGGGACATATGTTTAGGAAATGTTAATGGTTACCATACAAGGGCGAGAAGTTCGCCGCCGATGCTCTGCTTGCGCGCCTGCGCACCGGTCATCACACCGCGGGAGGTGGAGACGATGGCAATGCCAAGCCCGCTGAGAACGCGGGGAATGTCCTCGGAAGAAACGTACTGGCGGCGGCCCGGCTTGGAGCTGCGCTTCACATCGGTAACGACCGGCTTGCCCTGCGGGGTAAACTTGATCTTCACCTTGATTTGCTTCTTGGAGCCTTCTCCGGTCACTTCATAGTTCCAGATGTAGCCTTCTTCCTGCAGAATCCGGGCGATTTCCACCTTGATGTTGGAGCAGGGAGCGGTAAATTCCTCGTTGCCGGCCAGGCTGGCGTTTTTCAGGCGGGTGAGGAAGTCGGAAATGGGATCACTTAATACGGCCATGGTAAGAAATAGTTAGGCGTTGGCGGTTTGGGTTTCTTCGGCCTTCTTCGGTTCGCGCATGGGGACGCCCAGAGCGCGAAGCAGGTCGCGGCCTTCATCGTCCGTAGGAGCGGAAGTCACGAAAATGATATCGAAGCCGATCTGACGCTTGATCTGGTCAAGTTCGATTTCGGGGAAGATGGACTGGTCGGAGATGCCGACGGCATAGTTTCCGTTGCCGTCAAAGGACTTGTAGGGAAGACCGCGGAAGTCGCGAATGTTCGGAGCCGTAATATTGATGAAGCGGTCCAGGAATTCCCACATGCGGGCGCCGCGCAGCGTTACGCGGGCTCCCAGAGGTTCGCCTTCACGCACCTTGAAGTTGGCCACGCTCTTGCGGGCATAGGTGACGGAGGGCTTTTGTCCGGTGATTTTGGCGATTTCATTAACGGCATCTTCCACGGCCTGCTTGCGGTCCGGGTGCTTGCCCATGCAGGAGGTGACAACAATCTTCTCCAG
NZ_CP072046.1_gap29	915966	919860	3894	TTTTCCGCCAGAGCGACCAGGCCGATTACCTTGGAAGGATTCATGCGGGAGATCATACTGCATTTTTCCGGGCCGCTCAACTGGTAAACCGCAACCGGGAAAAGATTGTTCCGCCCTGCTCTATTCCTTAAATTTCAACTCTTGTTCCTTTTTTGTTATACAAAACCATCAATATGTGTTAAACGTAAAAAGCGTGAAATGGTTCCTCCCCGTCCTGTTGCTTTTTCTGATGCCGGGCTGCTCCACTACGGAGAAGTGCGCTCAGAAAACGGAGCCGTCCGTTCAGGAGGCAGAGGCGCATGTCAAAAATGCGCCCTACCGGGTGCGTGGAAAAAGGTATACTCCCATGAGCGTGGCGGATGCCCTGCAATACCATGAGACCGGCTATGCCTCCTGGTATGGCGGCAAAGCGCGCCGCCTGAAGACATCTTCCGGAGAGTACATCAATCCCCAGCGTTCCATGACGGCGGCCCACAAAACCCTGCCGATGCCGTGCAAGGTGAAAGTCACCTGCCTGGAAACCGGCAAATCAACCGTCGTCAGGATCAACAACCGCGGGCCTTTTCACAGCAACCGCCTGATAGACCTCACCACCGCCGCCGCAAGCCGCATCGGCCTGCATAGACGCGGCGTATCCAGGGTCCGTCTGGAAGTCATCTCCGTGGGTGACGGCCCGCATGAGGTTTCCGCCCGTTAATCCCATCTCATCCTTTTCCGTATATTTATCATTTTACCCTGCATGATTCCGCTCCGCATTGTTCTTGCCTCCCTGGCATGCCTGTACCCGTTCTCTCTGGCTCAGGAGCCTAAATCGGATCCCGATAAAACGCTGATTATCATTTCTACCAGCGATATCCACGGCAATCTGGACAATTTCCCAAGACTGGCCACACTGGTAAAGCAATACCGCGCTAAATATCCGCACGTGCTGCTGGTGGATTCAGGTGATTATTTCATAGGCAATCCCTATGTGGACGACTGTGAAAAACGGGGCGAACCCCTTACTATCCTGATGAACAAGCTGGGGTATGATGTAGTGACCATCGGAAACCATGATCTGGATTACGGGCAGGAGGCCCTGCGCGACCATATCAAGGGAATGCCCTCCACCAAGTTTGTCATTACCAACGCCAGCCTTTCCCCTACTCTGGAAAACTGTTTTTCTCCGTATGTCAGCATCCCGATTAAAGGAACGTCCGTTTCCGTAGGGGTCATAGGACTGGCAGACCTTCAAACCACGGATGTGAGGAGGATGACCGGCATCTCATGGAAGCTGCCGGATGAAGAAGACTACAAGGGAATCACGGACAGGTTCCGGCTCCACCATAACACCATCAACGTCATCCTCAGCCATCTGGGATACGGCAATGATCTCAAAATGATGAAGTATTCTCCGAATATCGACGTCATTCTTGGAGACCATACCCATGTCATGCTACCCAGCGGTCATCTCAGAACCGGAACCCTGCTCAGCCACACGGGACACAGCCTGAGCCATGTAGGCGTTACGGAAATCATTTTCTCCACGGAACATCCCGTCTCCATCCTTTCCAAATCAACCAGGGCCGTTTCTTTGAATGAGGAAATTCCCGATGACCCGGAAGTAAAGGAAATTGTCCGCCGATTTTCCGGAAATCCGCTTTTCAACCAGCAAGTGGGCGTCGCCGGAGAAGAAATCACGCACGTCACCATAGGCACCCTTTTCTGCAAGGCCATTCAGCAGGCCTCCCATTCGGATATTGCCATTTACAACCGCGGCGGAGTACGGTCCAAAAACCATCTTAACAAAGGACCCGTTACCATCAGGGACATTTACGAGCTGGAACCCTTCCGGGAAAAGATCGTCACCTGCTCCATGAGTAAAGCGGACATTGAACAACTGATCCTGTCCAAATTCATGTCTCCGACCGATGACGAAGGAGGCGTTCTGGAAGTGTACTGCTCCGGATTCTCCTACCAGATCATGGACGGTGTTACGCCCAGCATTACCAGCACCTTGAAAAACGGGGTCATTTACACTGTCGCGATGGGAGACTACCTGTGCAGCAATTTCATATTCCCCCAACGGGGGAACGGCAAACCGACGGGAATAGATGTCCGCAAAGCCCTGATTGATTACCTGAAACAAATCAAGGAGCTGCTCAATCCTCCGCCGTCCAAGCTGCCTATCATCAAAGATACGACGTTCGCCCTGTGAACTACGGCCGCAAGCACACGCTACATTCCCGCCAGCCATGCAGCCGGATCCCTATCATGCAGTACCGGAAGAGAAACGGAATATCAATGGTTTCCGCATCCTCCCCTCCGGTGCTTTGGTGACGGACACACCGCCTTTCGACCGTCTGTTTGAAGAAGGAACCGGAAACGGGCTGTATGCCCTGGCGGTATCCAACTGGGAAACCGTTTCGGATCCGGGCGCCTTCTTTATCAAGAACATGGCGCGCCAAGCGCTTACCCGCATGGCGCACGCTGCCTCAGAAAGGCCGGACGAGGTGGATGCCGTTCTGGACCACCTGCTGGCCTCCGCTACGGAAAAAGCCTTTCTGGCGGAGCAATTTCCCCCCGTACCGGGCGCGGAATATGCCACTCCGGACATCATTGCCGGATGGTTTGAAGATTTGCGGAAGGCAATAGCAAAGGAAATCCGCGCCCGAGGCATTACCCCCGCCGAATGGTTGAACGGCCTGGGCGCGCCCTGGAACCAGATAGGCAAGGTATTTTTCCACCTTGCGGAAAACCGGGATGACGCCACAGGCTCCCGCCCTTTTGCTTTCATGGCTACCTTTGCGCATCAAAGCGCTGCGGACAACCAGGTGCGCCACCTCCCCCTTGCCACCGCCCTGAAACTTCATGAAGGGAATTACACCGCCTTGCTGGCCTTACTCCAGCCCTTAAAAGAAGCGGCACGGGAAAGCCCCCTGCTGAAGCGCCTGCTGGATAACGGAAAAATTTATACGCCGATGGCCTGGAGCGCTCCGGAAGCCCGGGATTTTCTGCAGGACACGCCGCTCTACGAACGCGCAGGCATCATTGTGCGCATGGTGAATCTATGGAAAAAACCCCCTCCCAAACTACAGGTAAAAGTTACGGCAGACGCATCCGGAAGTGAAACAACGGTCCATTCTTCCGGGCTTTCCGTCCGCAGCCTGCTGAAATTTTCCGTATCCGCCACTCTGGGAGGCAAAGACCTGACCCCGGAGGAGCTGGGGGAACTGCTCAGCAACGGAGACGGCCTGATCCGCTTCAAGGGGGAATGGGTGCGTGTGGACGCCCGGAAGGTCCGGGACTTAATGGACCGGTGGACTCAAGCGGCACGTATGATGAGCTCCCTCGGCATCCCTCTGGTCCAGGGTCTGAGAATGCTGGTTAACGGCCCTTCCGGCCAGCTTGTACAGATTCCGGAACCGGACGAAGACTGTGTCATGGAACCGGGACAAAACCTCCGGCAGACCCTGGACATCCTGGCGGGGAAAGTCCCAGTCTCCATACCGGAGCTTCCTTCCCGGCTGGACGCCCTGATGCGCCCTTACCAGAAAGAAGGGTTCTCTTTCCTTTACCGGATTACGGAACGGGGTTTCGGCGCCTGCCTGGCGGATGATATGGGGCTGGGAAAAACCCTTCAGGCTATTGCGTGGCTGGACGCATTGCGGAGAAAAGGCCGGCTGGAGGGCCTGCCGGCTCTGATTGTGGCTCCGGCCTCCCTCCTGTCCAACTGGAAAGAGGAAGCGCAACGCTTCGCTCCGGAGCTTATCCTGCGCATCATGCACCCTTCCTCCCCGGACCCGTGGCAGCCGGAAAATACCCTGCGCCGGAAAGACTGCCACGCCGTCATCACTACGTATGGCATGGCTGCACGCACGTCCGCCCTGGCCGAACTGCATTTCCCGGCCATTA
NZ_CP072046.1_gap30	927325	932032	4707	GGCTTCCTCCGGGGCTTCCGCCGCCTGGGTCTTTCCCGCTTCCGTCTGGAACTGCTGGATGATCCCCCGGAAAAAATACGCCTTCTGGTGTCCCGCTACCGGGAATTGCTGGACGGCTCCTGCACGGCGGCCCGGCTCATCCGGGAACTGGATGTCGCGGAACAGCTCGGCACTACGGAGGGCACGCTCCGGCCCAGGTAATGCTCATTTGAACAATGGTCAATCCCTATTCGGATTCCCGGTTTTAATCATACATGTTTAATATTTTATCACTCTTTAAAAGGATACCCATTTTTCTCCCCATGCCGGCCATCTCCTTTTTCACCTGGTCGCTGGTAATGTTTTTTAAATGGTCCTGCACAAATTCATGCGCCTGCATCATATATTTCTCATCATTCCACATGATGAGAAACCGGCGGTAGCTTTTCATTATTTTAACGAAAGTTTTTTCCTTGCCGGTCAAAGCCAGCAACGCCTGTTGAAAAGCCCTGCTGGTTTTGCTCTTCATTTTGGAATTCCATTTGACATTTTTTGATTCTTCCAGCCACAAATTTAAGAAATTACCGGTAGTCCCTTCCTTGTAAACAGCATGGAGTTTAACCTCAGGGCAGTCGGCAATCAGCTTTTTCCAAAATTGCCGGATGAAAAGTTCCTCTGCTTCGGGCGTACTGTCCGGGCTGACCCCGCAGGCGTACAATTCATAGGGATTCACCTTTTCAGGGTTAATCTTCAAAACATGACCCGCCACGTAATCAATCAGGTTATGTTCACGGGGCATCGCCTTGCTGAACTGGATGAGGTACTCCAGCTTCTTCTTATCGCCCGCACCTCCCGCCTTGATGCCCAAATAACGCTCCCAGGCCGGATAATTGTAAGGATTGGCCCGGCACGCCTCCTGAAGCAGCAGTTCCACATGCTGCGGATTCCGGGAATAAAAAGATAAATCGTACATCAAGGAAGATTCACGGGCCTGGGGACCCTGCCAGAAAGCGCAGAGGGCGGAGATAATCTGCACGGGGCCTTTCCACGGCAGTTTATTTCCACCATTGGCCCAGTTCCATCCTCCAATGTTGTTGCCGATCAGCCATTGCCCTTTGGGGTGCTTCCAAATAAAAGCGCAATGCCCCGGCTGCCCGATGGGGTACGCCGGGACGCCTTTGGCTCTTAAAAAACCCGCGGCCCCCTTGGAAACGGCTCCGCACACGCCTCCATATTCCGTATAAAGCTGAAGAGTGATGGGCTTGTTATCGTAAAACGCGGCCCCGGCATGGATGCTGATTCCTCTGTGATTCTTTTTACGGTAGGGAATAAATCCGGTAAATTTACCCCCTGCCTGCTCGGGTTTGATATTTTTCCCTTCAATAAATTGCTGGGCCCATGCCAGATCTTCCAGACTCTCTTTTCCTCTCAGAACCACGGCCCACTCCCACGGTTCAAGGCTGTCGGCCTGCGGATAACACCTGCCATGATGATGGGAATCATGGTAAAATCCATACCTGGCTATACATTCCTCTGCCGTGAAAACATCGGCGATGAGACAGGCCCCCAGGGCGATGTTAAGGTCAACTCCGCACAAGTCCCTGTCTGCGCTATTCCACAGACGGTAAAGAATAGCCAGACTGTTCTGCTGAGCATACCCTGCATGGGCCAGTTTCCGGAAAACTTCCGGATGGGAGACAAGCCACCTGGTAAATGTCCGGTCCCGGAGCTCTCTTGTTGAAAACGCCTTTTCCTGGCTGGCATAACGGAAAAATTGTCCGATATGGCACAGTTGCTCCAATTCCGGATGATGTACTATCCGCCGGATTTTTTCCGGTGAAAGAGTACCGGAATCAAGATGTTTCCGGAGTTGATTCCGTACGCCGTCAATGATGACTGAAGAATAATCCGCCCTCAGCAAACTCTCCACGGCGGCGGCATCCCGGGCCCGGGAAACACCAGATACCAGGAACAGGACGCAGCACAACAGCGTTCTCAGCAGGGCGTTCGCGGTCATGGCTGGTTAATCCTCTTTCCCGAGTTTTCTGTGTTCCCGGAGCATCCCGGGAGAGTACAGGAAACGGGTGTCCTTGTCCATACCCCCGGTCCTTTCCAGAAACTCCACCAGCTCCCGGTCCGTCTTGTAACCGCATTCCCTCAGCCTTTCCAGCGCGCGGCCCCTATTCCCGGGGTGAAGCTCCAGAACGATATTCAACAGGACACCCTCGCTGTTCTCAATATACCAGCGGAAGGACTGCCGGAGGCGGATCAGTTCGTCCACGTTCCGCTCGTACAGGGCCTTCCTGCGCCGTTCCTCTTCCGCACCGCAGGCGGCGAGGTTTTTCGTCTCCCGGTAGCGCCAGTAGGGCAGCGTGTCGACCGGCCTCACGGGATGGAACTTCCCGTGCTCCGCCTCCAGCCCGGCGATGTAGCGGCAAACGGCGGCGCCCTGAAGCATCATCCGCCTGAGGTATTCGAACTCCGCCTCCAGGCAGAACCTCGCGAGTTCCTTCCCTTGCCTGAGCCTCTTGTTCTCCCTGACATAGGTTTCAATCTTTCCAAGATTCGTATATGCCTTAAATTTGGTTTCCAGCTCACTTCCGTTGATCCAGATGGAAAAGTTGTCCAGCCGGTAGTCCTGATAGGGGGCCTTGACGACCATGTTGTTGATGAACAGGGCGTTTTCCAGCTCCTCCGGGGTCATTCCGCCGTCCTCGTCAAACAGCTCCCTGTTGAGCACGGGCAGCGCCTGCTGGTAAAAGTCGCCCAGCTTCCCCTGGTCCAGCAGGTCTTTCAGATGCCGCGTGTCCCCGCTCAGCCGTTCAATCCGGATGTCCATGAAGGAGGGCAAATCGTCGTACACAGCGGCTTCATCCGCGCGGCTCCCCAGAGAAAAGAGCAGGAAGAAGGAAAGGCTGAGGGGAACCATCCCCGACAGGATATTCGCGACCATGGCGGCTAATCCTCCTTCCCGAGTTTTCTGTGTTCCCGGAGCATCCCGGGAGAGTACAGGAATTGAACTCTCTTTCTCATGCCGCCGGTCCTCTCCAGAAACTCCACCAGCTCCCGGTCCGTCTTGTAGCCGCATTCCCTCAGCCTTTCCAGCGCGCGGCTCCTATTCCCGGGGTGAAGCTTCAGAACGATATTCAACAGTGCACCCTCCCTGTGTTTAATATACCAGCGGAAGGACTGCCGGAGGCGGACCAGTTCGTCCACGTTCCGCTCGTACAGGGCCTTCCTGCGCCGTTCCTCTTCCGCACCGCAGGCGGCGAGGTTTTTCGTCTCCCGGTAACGCCAGTAGGGCAGCGTGTCGACCGGCCTCACGGGATGGAACTTCCCGTGCTCCGCCTCCAGCCCGGCGATGTAGCGGTAAACGGCGGCGCCCTGAAGCATCATCCGCCTGATATATTCGAACTCCGCCTCCAGGCAGAACCTCGCGAGCTCCTTCCCTTGCCTGAGCCTCTTGTTCTCCCGTACATATTTTTTAATTTTGGAAAGATTTCCATACGCTTTAAACTTAGCACGCAAATCACCTTCGTTAATACAGGTGGAAAAGTTGTCCAGCCGGTAGTCCTGATAGGAGGCCTTGACGACCATGTTGTTGATGAACAGGGCGTTTTCCAGCTCTTCCGGGGTCATTCCGCCGTCCTCGTCAAACAGCTCCCTGTTGAGCACGGGCAGCGCCTGCTGGTAAAAGTCGCCCAGCTTCCCCTGGTCCAGCAGGTCTTTCAGATGCCGCGCGTCCCCGCTCAGCCTTTCGGGCCGGATGTTCATGAAGGAAGGAAGGTCACCGTACGCGGCTTCATCCGCGCGGCTCCCGACGGAAAAGAAAAGAAACACGGAAAGACAGAGGGAAAGGTAATAGTTCATAAAGAAAATCAGTTGCTTGTTGCGGTGACGATGCCCGGGTCATTTTTGTTCAATCCCTTGAACTTCTGGATCCGGTAGTGCACCGTTCCCGTATCGGGATCGCGCCTGATGGAGAAAACCTGATCCGTGTTGAAATCCCAGAGCACTTTTTCTTTCGTGTACCTGCCTCCTTGGGGGTCATCCGTACATCCGAATATCTGCCAGCGGCACTTCCACGTCCAGCCGATGGACCCCGAGAATGCGTCAATGAGCGCCGGCGGATACAGGCAGTTGGTGCTGTCATAGACTTCATTGGTGACGGAAACCCGTGCGGGATCCGGCGAAGGCGCATGCTCGCTGACCAGGGGATGGTCCGGAAGAGGGTCGGGCTCATAACCGGCATGCTGCTCCAGGGAGTAAAGATTGGTGAAGCTGACGTTCAAGGGATACACGCGCAGGATGCGGAGGGCGCTCAGCCCCGCGGTGCATCCCACCTTGGCCGCTTCTTCCTCCGCCTGCCGGAAAGGACTCTCCGCCCCCGCGTACATCAGCCCCTGGGGCGGGATGAGGGTGAATTCCACCACCTGCTCCACCCCGTCCACCTCCGCCTTCACCTTGAGCGTCTGCCGCGTTTTGGCCAGGGTATTGATGTTGACAGTTACTTGCCCCGGTTTTTCATCTACATCGTCAACTTCGATTTTAAAATATTCCCCTCCTTCCACGGCGGACCAGTCGCACCGGGTGCCTTCGGGAAGCTCTTTGCCGTCCAGCGTGGCGGTCAGGGTGATGTATTCCCGGAGGGTGACGGTCGTTCTTTCCCTGTTGCTTTTGTCTATCTCCTCCTGGGGAGGGTTGCGATCGGGATACCTGAAATATACT
NZ_CP072046.1_gap31	948446	951962	3516	GAAATGAACCCCTTCATCAGATCGGATTTTCCTTCCGCCAAAATCTTCAATACCTGGTCCAGCGGGATTTCACGTCCCAGGATAGTCCGGGAAACGGAGACGGCGGCATGTTCCTTTCCAAGGGTCAGGGAAGGAATTTTCCAGGCCTTGGCCGTTTCCATCACATCATGCTCTCCCATGTCCGGAATGGCGACGGAAGCCACTTTCACGGCTTCCTCCACCCCTGCGGCTTCATCTTCCTCCCGCGCCGGGAAGTAAAGCGTGGCCCGGAATTTGTCGTTGAGTTCCAGCCCTGCCTCAAAGGGCTTGCCAAACCGGGAGGTAAATCCGTGAAGAATTCCCGTCCTGCCGTCCACAATAAGGGTCTTCAATTCTTCATCCGTCATGTCGCGGCCGGAGATAACTTTACGGATGCTGAATTTGCAGGAACGGCAGGAAACGGCGTCCAGCGTGTTTTTCAGGCCGTGGGCATGGCAGGAAGGGCAGTCCAATTCCATTTCCGGCAATTCCACCTGCTGCTGGGCTTCCCGGAAATCCTTCACTCTCTTAACGATTTCCCCGGTCAGGGTCTTAATGCCCTCCATGAAGGAATCCCTCGGCAGGGCGGCCTGTTCCATCTGCTTGAGCTTGTATTCCCATTCCCCGGTCAGGCTGGGGGAGGTGAGCGTTTTCAGGCCGATGCGTTCCAGCAGGGCAATCAGTTCAATCCCGCGGCGCGTCGCCAGAAGTTCGCGGCCGTCCCGGACGATGTATTCCTGGGAAATCAGTCCTTCAATGATGGAGGCGCGGGTGGCGGGAGTACCCAGGCCGCGTTCGCTCATGGCGGCGGCCAGTTCTTCGTCATGCACCAGCTTTCCGGCCCCCTCCATGGCGGCCAGCAGCGTGGCTTCGTTGTACCGGGCGGGCGGCTTGGTCATGGCGTTGCGGATTTCAATCTCACGCAAGGCGGCCTGCTCCCCGTCGCGGACGGGCACCAGTTCTTCCTTGGAGGAAGTGCCGGCCTTCCGTCCGTAAACGGCCTGCCAGCCCGGCTCCACAAGCACCCGGCCCGTGGTCAGGAAAGCGTCCGTCACGCCGTCCTGGTGGGTAATGAGCGTGGTTCTCCGCGTGTCTTCAAACACGGCAGCGGGGAAGAAGACGGCCAGGAAACGGGCCATGACCATTTCAAAGAGTTTCTGCACGTCCCCGGTAAGCTTCTCCATCTTCCCGGTCGGGATGATGGCAAAGTGGTCGCTCACCTTTTTTGTATCAAACACGCGCCGGTTGGGCTTGATGCGCTTGTTGTCCAGAATGTCCCTGGCAAAGGGGGCGAATTCCGGGTTCTGCTCCGCCACCGTGCCTACGATGCCGTAAACCTTGCCCAGATAATCTTCCGGCAGATAACGGGAGTCCGTACGAGGATAAGTGAGCACCTTGTGCTTTTCATAGCATTCCTGGGCCAGCTGCAGCGTGCGCTTGGCGGAAAAGCCGTAGCGGTTGGCGGCTTCCCGCTGAAGGGAAGTCAGGTCATACAACAGCGGGGCAACCGTCGTGACCGGTTTCTTTTCTTCCGTCACCGTGCCGGATTTGCCGCGGCAGCGGTCGCGGATGACGGCCGCCTGTTCCGAATCCCAGATGCGTTCCGCGCGGGAGTGGGGATGATCGTTTTTCTTCCAGTCACGGTCAATCCAGCGGCCGGAGTAAGAGCCGGACTGAACGTCGAATTCAGCCCATACTTCCGAATAAGGCTCCGGTTCAAACGCCTGGATTTCCAATTCCCTCTGCGTCAGAATAGCCAGAGTGGGCGTCTGCACGCGCCCGGCGGGGGTGACGTTGAAGCCGCCGCGGGATTGCAGGATAGTCAGGGCGCGGGTGCTGTTCAGCCCCACCAGCCAGTCTGATTCGGAACGGCATACGGCGGCATTCGTCAGGGGCTTCATGTCAGCTTCGCTGCGCATGCCATGCCATGCGTTGAGGATGGCCTCATCCGTCATGGACTGCATCCATAAGCGCCGCGTAGGCTTGGTCCATTTTCCGTAACGCACCAGATTGTGAAAGATCAGCTCCCCTTCACGCCCGGCATCGCATGCGTTGACAATTTCCGTAACGTCCTTGCTTCTGGCAAGCTGAAGAACCTTTTTCAAACGGTCTTCCGACTGCTTGATGGGTTCCAGTTCAAACTTCCTGGGGATGACGGGCAGATAGTCGAATTTCCACGGCAGGGACTTTCCTTCTTCCGTCATGGGTTTTTTCTGTTCCAGCAAATGCCCCACGGCAGAGGTGATAATGGCCCGGTCATTCTGGTAAAATGCCCCGGACTTGTCCCGGGTGAATTTTCCAAGCTCTTTGCCGAGCACTCTCGCCAAATCAGTGGCGACGCTCGGCTTTTCTGCTATAATTAACGTTTTGGACATATCGGCGGCTCGGAAAAAAGTGCTGAACAATAAAAGCGACGCTGCCCGCACGGGGAAGGGGGCGTTGCATTTGGAGCTGAATTCCTACTCCCCTACCCCCCATGCTTGTCAATAACCAATTATGTATTTACGGGAAAAGCGCGCTTTTATGTCAAAATAACGGATTCCCTCATCTCCATTTTTCCGAAAAGCCGCTCTGCCACCTTGCCAGCCATCCGCTGCCGTGCTATTTACGGGATGATGAAAACTGGTTTTTCTTTCGTCCTTCTTCCTTCCTGCCTCATGCTGCTGGCAGCCTGCTCCCCTACACCGTCCGACCGCATTGCGAAGAATATGCCGGCTTATGAACAGCTCCCGAAGGAGCATCAGGCCAAAGTGGCGCGCGGGGAACTGGAAAAAGGAATGTCTCCCATGGCGGTTCTGCTGGCATGGGGGGAACCCGAACAGAAAATGGCGGGCAGGATGAACGGGAAAAATACGGAACGGTGGATTTACACGCGGAGCGGCACGGGCTGGTCCCTGGGCCTGGGCGGAGGAGGATTCCGGGGCAGGGATTCCGGCATAGGCACCGGGATAGGCGTCACGATGCCCCTGGGCAGCCGCCCGCCCGTCTCCTGCAATGTCCTGTTTGAAGACGGGAAGGTCATCGGCTGGGAAGCCGTCAATGGCTTTTAAACGGCGTTCCCCGCCTTGTATTTCCCATCTGCCCGGCCCGGCGTTTCACGCCGTCCGCGCCGTTTTCCCTATTTGCCGGCGGCCTTGACGATGGCTTCCACCAGACCGTTGATATCGTGTGTTTTCGCTGTAATTGAAGGGGCATGCCCCAGCTCCTTGAGGGTTGCCGTGGTTACCGGACCGATGCTGGCGGCCCTGCATCCCTCCGGCCACGGAAGCCCCAGCTTGAAAAAGTTCTCCGCCGTGGAGGAACTGGTGAACGTCACGATGTCCGCTCCGCGTTCGCGGAAAGCCGCCTGGGCTCCCGCCACATCCTCCGTTTCCGCTTCCGTTTTGTAGGCGATGCATTCGTCCACAATGGCGCCCAGCGCATTCAACCCGTCGTAAATCACGCGGCGCGCTTCTTCTCCGCGCACCCACAGGAATGTGCTGTGTTCAATGGTTCCTA
NZ_CP072046.1_gap32	954290	955358	1068	GTGCTGCTGGCCATGGGCGGCTCTCCGTGGGTGCTGGGGCTGGGCATCGGCCTGTTTGCCGTGACCACAGCCTTCGCGTTCATCACGCTTCCCGTGGAATTTGACGCCTCCGCCAGGGCCCTGAAATGGCTGGACCGCTCCCACCTGATGAACTATTTCGACCATGGAAAGGCCAAGAGCGCCCTGTTCTGGGCCGCCATGACTTACGTGGTAGGAGCGCTTTCCTCCCTGGCCATGCTGCTGTATTACGTGTTCATTTTCCTGAACGCCCGCGGCAGGGAATAATCCCGCGCCGTACGGCGGAGGAAACATCCCCGGGACGCTCAATCCGGAACTGTCCGGGCCGCCTGGCCTTCACCTCCGCTTGAGCGCATGCGCCGCGCCGGGGGGCAATGGAAAAACAGGCATCATCCAGCCCCGCGGGACGACTGGATATTCCGAAAAGGAAGAACGCCGCCCTGCCAGGGTTTTTACCTGGCAGGGCGGCGCCTGTTTCCGGCTGTAGACGGTTCAAGCCGTTTAATGGTCCACGTAAAGAATATCGCCCTCCGGAGTCAGCAGGACATCGTAATCATCCAGATGATCCACCACTTCCACCTTGTAACGGATGACGCTTCCTTCCGTCACTTTTTCCGCTTCTTTGATTCTGCCGCCCGGGTATGGTTTCAGAGCGGCCGCGCGGACCGGCCCCGGAAGGGCCGATACCGCTATTTCCTCCTTGACCAGGAGTATCTTTCCTTCAGGGTCAACTTTGACGTCAAATTCAAAACCGTTGATGTTGAATTCAGCTTCATAAAGTTTTCCTGATCCGCTGAGCTCCCATTCAATGAAGCCGGCCCTGGGCCAGGCTTTTTTAACGGCAAAGACGGCCGCGGAGGATACGGAGGATTCCGGGATATCCGCCCATGATGAAGGAATGGCCAGGGCCATGACGGCAAATGCCAGTTTTTTGCGCAGATTCATCAAATAATAATATCATTATTTTTCATTCCGTTTCCTGAAGCTTTCTTTTAGAAACTCCGGGACACCCCTGCGTTCACGCGGTGGTAGCAGGAGCTTCCCCTCACT
NZ_CP072046.1_gap33	969216	970897	1681	AGGCCGTCCGGAGCCTTTCCGGTACCGCAAGCGGAGACGGTTCCCAGCAAATCCTCCCTGCCCAGAGCCGCGCAGACAGCTTGGGCGCAGTTGTGGCGCCAGGGCGCCGTGCGGAAGGTGGACAGAGCTTTTTCCTCTATGTTCATGTCCTTACTGTAGGCCCCTTCTCTTTCCGGGTCAAGACCCCCTTCCCGGCCATCCGGCCGGAAGGGGGAAAGCGGTTCCTCCCGGCATCCCGCCCCGGAGGAACTTACTTTCCGGCAAGCCTCCGGCTGGTTTCCAGGCGCGCAGCCAGTTCCTCAAAGGGCACAGTTCCATCCAGGCAAAAGCTCACCCAGTTTTTCTTATTCATATGGTAGGCCGGAAAACGGCTGCGATGATCCACAAGCCCCCCGGATTCACCGGGACAAACCCGCAGGTTCAACACCTCAACCCGTTCCCGTGAACTTCCCCCCAGCTTCAACCGCGGCACAGCCAGAAAAGCGGCGTACCATTTCTCCGTATCCTTCCGCCGCACTACTGCGTTCCCCGGAAACTTCCTCCACAGGAATTCCAGTTCCTCCCCGTAAGCTTTCCGGATGTGCGCGATGAGACTCCGGGCAGAAGCCGCCTTAAAAAAATCAGGTTCAAAGCAGCATTCCGCCACATGCCACAATTCTTCCTCATATTCCCAGCGGAGCGTTCTTGTCCGCAACCTGTCCTCCGTTGCCGGGGCGGCATGCCGGATATTTTTCCCGTCCTCCTCATGCACCGTTGCATGAACGGAACCGTCCGCGCGTATTTCCAATTCCATGCAAAGCTGCCCGTTCAGCAATGCCGCCCTGTGCAGAAAACCGTTTTCCACCCGAACGCAACCGAAGGAAAGCAGCTTTTCCATGCACGGCTTCCTGTCCCTGAAAACGCGTTCCACAGCTTTTTCATACCAGCTTTTCCGGGGAATATGGCGAAAGAACATAAGAAAAACAGGGTTAAAGGCGAAAAAGGGAAAGCCTCCCTCCGTTGCCGTTCAGATTCAGACGGAATCATGATAAAACCGCACGAAAACGGCACAAGGATAAAATACCCTGCGGCGCAGCTCCGGGACGCGCGCCGGAAAAACGGCTTCATCTGCCCGTCAGCACATACCACACGAACAGGCTGTTGTGCTTCACGTACCGCCTGAGGAGCCTTCCCGGCTCCCGGTAAATGCGGTACAGCCATTCCAGGCCGTTCTTCTGCATCCACCGCGGGGCCCGTTTCACCGTACCGGCATGAAAAGCGAACGCCGCACCCACGCCCACATAAACCGCGGGGGGCAGCAACTCCCTCTGCTCCGCCATCCACCGTTCCTGTTTCGGGCAGCCCAGCCCCACCCATACCACATTGGCCCCGCTTGAAGCGACCGCCTTCCGCATGTTTTCCAGATCTTCCTCCGTCCAAGGGCGGAACGGAGGGGAATACGCCCCGGCCAGTTGAAAACCGGGGTATTTTTCCTTTAATGCCCCAGACAGGGCTTTCAGCAGCTTTTCATCCCCGCCCAGCAAAAAATGGCGCAAGCCCGGATACTGCACATTCAAACGCACCAGCGCTTCCATCAGATCCGGCCCGCTCACGCGGCGGGCTTCCCTTTCCCCGGGGGAAAGGCCCCTGTTCAGCTTCCACACCACCGGCATACCGTCCGGGCAAATCACATCCATCCGTT
NZ_CP072046.1_gap34	1076676	1080265	3589	TGCCATATTTATTTTTCAATACCCGCCTCCTATGGTCCTCCTTAAATTGAAATTTCTGAATAAAAAACGCGGGGTATTATGTTTGTTGCCTGCTGCGTTTTTGCAGATGCACAAGCAACAGGGCGATATCTGCCGGGGTAATTCCGGGAATTCGAGAGGCCTGCCCGATAGTTGCAGGACGTATGTTGCCCAGCTTGATGACAGCCTCTTTTTTTAAGGCATGGACATGTTCGTAATCAATATCGGAGGGAATAGTTTTATTTTCCATCCGTATGATTTTTTCCGCCTGTTTTTTCTGCCTTTCAATATGCCCTTCGTACTGGATATCCGTAGCAATGGCATCCAAATGTTCCACGTGGAACATTTTTTTCAGTTCTTCAGGCAATAGAGTCCAGTCATTGCCGGGCCTTTTAAGCCATGTGGAGAGAGAAACTCCTTCATGTTTAAGCGCGGCAGCTTTTATTATTCCTTCTTCAACGGCGTTTTTCCTGTCTTCAGCCTTCCGGGCCATTTCACAGGTAATAAGGCCCGCTTCAAAAGCCAGAGGGGCCAACCGCAGGTCTGCATTATCCTGACGCAGCAACAGGCGGAATTCTGCCCGGCTGGTAAACATGCGGTAAGGTTCATCGGTTCCTTTGGTAACGAGGTCGTCTATCATGACGCCGATGTAAGCCTGATCCCGGCGCAGCACCAGAGAAGGTTTGCCCAGGGTTTTCAGAGCGGCGTTCGCTCCCGCCATCAATCCTTGCGCTGCGGCTTCTTCATAGCCGGAAGTGCCGTTGATTTGACCTGCAAAGTACAGGTTTTCCACCAGTTTTGTTTCCAGCGTAGGATGCAATTGCGTGGGAGGACAGAAGTCGTATTCCACTGCATATCCCGGACGGATCAGCTGTGCGTTTTCCAGGCCGGGAATGGTATGGATGAAGTCGCACTGAGCGGAGTAGGGCAGTGAAGTAGAAACTCCGTTAAGGTAGAATTCCTCCGTACTGCGGCCTTCCGGTTCCAGGAATACCTGATGGCTGTTTTTTTCCGCAAAGCGCACGATTTTATCTTCTATGGAAGGACAATACCGGGGGCCTACGCCTTCAATGATACCGCTGTAAAGGGGGCTGAATTTTAAGTTCTTCCGGATAATGTCGTGCGTAGTCTGGTTGGTGTAGGTGATCCAGCACGGCATTTGCTTCATCCGGAAATTTTCATCTCCCCACGTGTTCAAAGTGCAAAAGGGTTCGGAATCACGTTTCAGTATATCACGGGAACGGTAGCTGAACAGGGCTTCCGGGGTGTCTCCGGGCTGTATTTCGCAGACGGAAAAGTCGATGGATCTTCCATTGACGCGGGGAGAAGTTCCTGTTTTAAGCCTTTCCACCTGAAAACCCAGCATGGCAAGATCGGCGGAAAGGCTGGAAGAAGCGCAGCCCATTCGGCCTCCTGTTATGTGTTGAAGGCCCACATGAAGCAATCCCTTCATGAATGTCCCGGAGCAGATAATCACGCTGCGGGCATGGATGGCGCAGCCCAGAGAAGTAACGGCTCCCGTTGCCTGCTGTTCTCCATTGACGAGCAGTTTGACCACATCTCCCTGAAACAGGCGTATGCCGGGGGCGGTTTCCAGAACCATTTTCATTCTTGTGCGGTAGGCTGTTTTATCGCACTGGGCGCGGGGAGCGCGCACGCTGGGCCCCTTGGAAGCGTTCAGCATCCGGAATTGAATGGCGGTAGCATCCGTGTTCAACCCCATCGCTCCCCCCATGGCATCTATTTCCCGGACGATATGCCCTTTGGCAAGTCCCCCGATAGCCGGATTGCAGGACATTTGTCCGATAGTATCCAGGTTATGAGTTAGGACGGCGACGGAGCACCCCAGACGGGATGCTGCCAGTGCCGCCTCAATGCCTGCGTGCCCGGCGCCGACGACGAGAACGTCAAACAGGGGGAAAACGGAAGAAGGGGAGGAGTTCATCAGGATGCGGAGCAGATGGCAAGACGATGCAGAATCAGGCGGGGATCAAGAGAGGAGGACACCAGGGCTTTATCCGCCTTCATGCATTCTTTCAAAGTTTGCTTCAGCCGTTCCGTCTTGAATTTGGAAGCATTCTGCGCCGCCAGAAAAAGCGGATACGCATTGGGTGTACCGTCTTTTTTCAAGGGAATTAACGCGGCCGCATAGGAGGGCAGGGAAGAAATGCGGGCCGTAAATTCCTTGAAATTGGTGGGCTTCAGGTTGAATGCGTCACATAAAAGTCTGGCAGCCAGCAAATTTCTTAACGTAGGGATGAATGCGGCACGCATGATGGTGATGGCGTTTTCACCGCGTTCCAGTTGAAAATCAATCAGAGAGATGGCCGCATCGCTTTTCTTGTTTTCCAAAGCCCGGGAAATTTCAAAAATAACGCCTGTACGCGTCAGCGGAACCATGCGCTCCACATCCTCCGGCATTACGGTGCGTCTGTCCGCTCCCAGATAAAGATCCAGTTTTTCAATTTCGGAAATGATTTGGCGGGAGGATTCGCTGACGCGGTGAATAAACAGTTCCAGGGCGGCAGAGTCGAAATTCATGCCGCGCGCCGCCGTTTCCTTATTAATGAGGGGCATTAAACTGCCTTCCCAGCCTGCTTTCGTGATGTCCGGCTTGTTCAATTCTTCCGATGCGGCGTATTGAAGCAGGAATTTGTTAAAGGAACGGCGTTTGTCAAATTCGGAGGCGGAAATAAGCAGCAGGACGTCCGGCCCCAGGCCGCTTTCCAGCAATTGCCTGAAAGAATCCAGAGCCGCTTCCGTGGTGGAGGAACGCCCCGTGACGGAGTCTCCCAGAAAATTGCAGTTCTTCATCCAGACTACTTTGCGCCCCGGAAAAAACGGGAGGGTCCGCAGAGCTTCCATAACCTGGCGTATCACTTGGGCCGCTTCATCGGAATCACCGCAGGCCGCTTCCAGAATTTCATGGGAAAATTCGTTTGTGCCTTCCGTCAGAACGGCAAAGATGCCGGAAGCCTTTTCACGCACCATTCCTTCATCCGTACCGAAGACGAGATGAATGGTTTGTTGTTGTAAAGTGCTGGAACCCATAAAACCGTGGCCGCATGATATCATAAAGTACGGTTTGTTGAAAGGCGTATTTGTCATTTGAAAGTTTTTTCATTTGAAGAGAAAAGGCTTAAATAGTATCAATGGAACCGGAATGTCGAAAAGCGGGCTGAAGCTTGACAGGCTCCGTTTTCAGGCATCCCCTTGTGATCAAGCCGCAAATCGTTTGATCGTTATTACGGCAGGGCATTTCCATGAGATCGACCATATGGACACGGGCTTTACTTGTCATCATGATGACGGTTATGATGACCGTGGTCTCCGTTGCCTATTGGAGGTGGAACAGTCGTGTTACGGAGAAAAATGTTTCTTTCCGGTCAGAAGTGTTTACCCTGGCCCAGCAGCCCGAATTGAAGGAGGAGGATATTCCTATTTTGCACCAGCTTAATGAGGAATATTCACGCGTTGCCCGGTTGGTGGAACGGGTATTGGTCAGCATAGACACCACAGGCGTGACAAGCGTTCCGCAGCCTTCCGAGGACGGTGATTCCATGATTGAAAA
NZ_CP072046.1_gap35	1095062	1096259	1197	TGTCCGCCGGGTGCGGGCTGTTCATCAGGAAAGTGGCGCCGTTGGCGGCATTCTTCAGGAAGTCGAACAAATCCAGCAGGGAAGGCTGGTGCAGGGCCAGGAAGTTTGCCTTGGTGATCAGGTATGTGGATTTGATCGGACGGGGACCGAAGCGCAGGTGGGAAATGGTGGAGGACCCCGATTTCTTGGAGTCATACACGAAGTAGCCCTGCACATACAGGTTCGTATGCTGGCCGATGATCTTGATGGCATCCTTATTGGCGCCCACGGTGCCGTCGGAGCCGAGGCCGAAGAACATGGCCCGCGTCACGTCGTCCGCTTCCGTGGAATAATCTTCATCATACGGGAGGCTGGTGCCCAGTACGTCGTCGTTAATGCCGATGGTGAAATGATTCTTGGGAGTGTCCAGAGCCAGGTTGTCATAGACGCCCTTGACCATGGCGGGGGTGAATTCCTTGGAGGAGAGGCCGTAGCGTCCGCCTACCACCTTGGGCATGCCGTTGGTGAAGGGCAGCGTGCCGTTGGCCTGGGCGTCGAAGAGGGCCTGGATGATGTCCTGGTGGAGCGGTTCTCCTTGGGAGCCGGGTTCCTTGGTGCGGTCCAGCACGGCGATTTTCCTGACCGTAGCGGGGAGGGCCTTGACGAGTTCGGCGGCGGGGAATGGGCGGAACAGGCGCACCTTCAGCACGCCTACCTTGGCGTTTTCCCGGGTCATCATGGCTTCTACCGTTTCTTCCACAGCTTCAGCGCCGGATCCCATCAGGATAATGACGCGTTCGGCGTCCGGAGCGCCGGTGTAATCCACCAGATGGTAGGAACGGCCGGTAAGTTCCGCGAATTTGTCCATGGCGTTCTGGACAATAGCCGGAGTGGCTTCATAGAAACGGTTGACCGTTTCACGTCCCTGGAAGTAAACGTCCGGGTTCTGGGCAGTGCCGCGCAGAACGGGAGCATCAGGAGTCAGGGCTCGTTCCCGGAAGGAATCCAGCCATTCCTGCTTAATCATGCCGTTCAGGGTATCGTCCGTGATGTCTGCAATCTTGCCGATTTCGTGGGACGTGCGGAACCCGTCAAAGAAATTGATGAAAGGAATGCGGGATTCCAGTGTAGCGGCGTGGGAAATAGCGGCGAAGTCCGCAGCTTCCTGAGTGGAGGAGCCGCACAGCATGGCCCATCCGCAGGAGCGGGCGCTCATCA
NZ_CP072046.1_gap36	1097866	1099332	1466	GCCATCTGGCGGAAAAATTCTGCGGCGGCCTTCAGATTGACCACAAGGACGCTGAAGGCAATGTTCTTTACACAATCGACCTCAGCCGTCCCTGGAAACGCGCCGACTACCAGGACCTGATCCGGGGCGTGGCGGGGGAAGACTGGTTTGACATTTCCCCCGAAGCGCGCCGCGCCCGCTGTGAAGAGCTGGGAGTGGAAATCAGCCCGGATATGAAAGATGTGGATGTTTCCCAGCAGGTGTATGAAAAACTGGTGGAGGAAAAGACCATGAACCCCTGCTTTGTTACCCACGTGGCCAAGGACTTGGTTCCCCTGGCCAAGCTGAACCGGGAAAATCCGGACGTAGTGGACGTATATGAACTGGTGATCAACGGGCAGGAAATTTCCCCCGGCTATTCGGAATTGAACGATCCTGACGTGCAAAAGGAACGCCTGGAGCACCAGGCTGCCGGGGAGACCCAGCGCGTGGACTATGATTTCATTGAAACGCTGGAATACGGAATGCCCTCCGCAGGCGGCATCGGCATCGGCATCGACCGCGTCGTCATGATGCTGACGGGGGCCTCTTCCATCCGTGACGTGCTGCTCTTCCCGCAGTTGAAACGTAAGGACAGTTAATCCGAACCACCGGCCGCATGGCTCCCCGCACCCCGGATATTCTGGACTGCGCTTCCGCCCAATGGATCGGCAAACGCCGCGAGCAGGAAGACGTGGTTAAAAGTCTTCCCGCCGCCGGCGGGATGCTGGGCATCGTGTGCGACGGCATGGGAGGGCATCTTCGCGGAGATTGCGCCTCCTGTGTGGTGGCGCAGGAATTTGCTGCGGTATTTGCGGAAAGCGGCATCGAGGATATCCCGGAACGTTTAACGGCGGCTTTGCATGCTGCCAACAGGGCGTTGGCCGCCATTCAGAAGGAACCGGAGGAATCCGGAACCACATTGCTGGCCGTCTTCATCCGCGACCATTTCCTGTGGTGGATCAGCGTGGGAGACTCCCCCCTGTATTTATGGAGCGGAGCGGACAGCTTTCGCATGGACCGTCTGAATGAAGACCATTCCATGAGACCGATTGCGGATTGCCTTTACCGGAAGGGGAAAATGTCACTTCAGGGTGCGCTTCGGCAGCGTTGCATTCTCCGTTCCGCCGTTATGGGCGGTCCCATGGAACTGGTGGACATCAGCGCCATGCCCCTGCTCCTGCATCCGGGAGATGCGGTGCTGGCATGCTCGGATGGCTTGCAGGTTTGGAGCGAGCTGTTGAGAGAACCTTCTTTCCTGGCTCTTCAAAAGGCCAGGGATTGTTCCAGCAGGGAGCTGGTGGGGATCATTATGGAACAGGTGAAGGATATGCTGGAGCCCCAGCAGGATAATGCCTCCGTCTGGGCTGCCGTCATGCGGAAACCCTGCGAGGGCGGTAAATAAGCTTATTCCGGCGAAGGAAGTGCGGGAGCATGGTTCTGGGCGG
NZ_CP072046.1_gap37	1154990	1159160	4170	GAAGACTATGCTACGGCAGTCAAGGAAAAGCAGATGGATCTGGAACAGGCAAGGAAGCAGGCGGATTTTGACCTGGAACAGAAAAAGATAGCCCTGACGGAGGCGGAAGTCTCCCTGAGACGCCTTCAGAATAAGTACAATGAACTGAAAGCAGACCGGGAAATGGCCTCTTTCAAGGCCCCGGAAAACGGCATCCTGCTGTACGGCGGATATGTGGCGGACAAGTGGGTGGCCATTCCGGTGGCGGAAAAGCTGAAACCCGGCGGCAAACTGGGAGCTTTTGACAAAATCGCCACCATCGTTCCACCAGACTCGGAACTGATTGTCCAGGCTACTCTTCCGGACTCCACCGCTACGCCCAAGGTGGGGGAAACCGTCGTCATCAAAATAACGAACATGCAGATTCCCGGTGTTATTACGGAAGCCAGCCCCATTCCGGGAGCAGACGGCAAGCGCCGCATTATCATCACGCCCAAGGTTCCCGCCAGCCAGATTTTCGCCCCCGGCCTTCCCGTCCAGGTGACCATCAAGGACCAACAGGCCTGATTTCCCTTAACGGATCCCCATGAATAAAGCCGTCCTTTTCCTTGCCGCCCTTGGAGCCAGTACGGCGCTCTGCGCTCCTATTCCGGCGGAAAAAGCGGAAAAAAGGGATACCATTCCCATTGCCAGGGTTCCGGATGTTCCGCCTCCCTCCCGGGAAACTCTGGACGCTTCTATCCGGAAGGCGGCTGACTTTCTGTTGAAAGAACAGAACAGGGACGGTTCCTGGGGAAACCATACGCGCACCAAGGGTCTGAATGTTCTCTGCCCTTATCCGGAAGGCCCCAGATCATTCAGGACAGCCTCCACCTCTTTGTGCGTGATCGGCCTCCTGACCAGCCCCCTGAAAGAAGACCCTGCCGTCAAGGCATCCCTGGACAAGGCGCTGCAGTACCTGCTAACCACGCTGCCCACCCTGAAACGGGGAGACACCCGTACCGTGCTTGGCGTATGGGGCCATGCCTACGGCCTCTCCGCCCTGAGCCGGGCGGCGCGGAACCTTCCTGCGGATGCCCCTTTGCGCGAAGAACTCAAAAAGGTGGCCTCCCTCCAAGTCAAAGCGCTGGACCAGATGGCGGACGTCCAAGGCGGCTGGGGCTATTACACATTTGAAACTTTTTCCAAGCGTCCCATTGGAGAACCCACTTCCTTCCTGACGGCTACAGTCCTTCTTGCCTACAAGGACGCGGAACAGGCCTTTGGCCTCAAAGCGGAACCCCGCATCGTCAAACGCGCCGTCGCCTGCCTGGAAAAACTGAGGACGCCCGCCGGCAGCTACGTCTATTCCCTTTCCCATTCCTTTTATCCCGGCAGGCCCATCAACCGCCACACCGGCAGCCTGGCCCGCACTCCCGCCGGGGATCTGGCTCTGATGCGGTATGACCCGTCCTTTATTTCCAGGAGTCAGCTGGAAGACGGCCTGGAACGCATCTGGAGCCGCGGCGGCTGGCTTTCGCTGGCTGTAAAGAAGCCCATTCCCCATGAAAGCTTTGCCCAGAACGCGGGCTATTTTTTCTATTACGGGTATTATTACGCCGCCCGCTGCCTGGAGGAAGTGGCGCCGGAACACCTGGCGCGCCATGCGGCCCATCTGGCAAGCGACCTCCTGCCCATGCAGGAAGAAGACGGGTCCTGGTGGGATTACCCCCTGTACAATTACCACAAATTCTACGGCACCGGATATGCCTTATATGCCGTCTCCCGCGTCAGAGAATCCCTGTATCCCTCTGATGCGGCAACAACTTCATGACCCATGTTCCGCCCGCTGACGACCATTTTTCTCGCCACCTTGTGCCTGCATCTTCCCGCAGCGCAGGGGGAATCCGTGCCAGAGGAAAAAACGGATGTTATTCCAATCGCCAAAATCCCGGATATTTCCCCTGCAAAACCCGGACAATTTGACAGGGCATTCCGCCGCGGCGTGGATTTCCTGCTGAAAACGCAAAATAAGGACGGCTCCTGGGGCGACCACCGGGTAATCGGCACCTGGAACATCCTCTGCCCCTACCCGGACGGGCCCCTCACCTTCAAAACAGCCAGTACCGCCCTGTGCATTGCAGGGCTCAACGCCAGCCCCCTGCATCATGAACCCGCCGTGCAGGAAGCCATGACCCGTGCTGAAGACTATCTAATCCGTACGATGCACCATCTGAAACGCGGCGACGCTCTGTGCGTTTACAACACCTGGGCGCATACTTACGTGCTGGATGCCATGAGCATGAGGGCTGCAAGACTGGCCCCGGACAGCCTTCGCTACAGGGAACTGAAGGAATGCGCCCGCTCCCAGGTAAAAAAACTTAATGAACTGGCTTCCGCCATGGGGGGCTGGGGCTACCTCACTTATTCCGGCTTCAGCAAACGCCCTGCGGCACAGCCCACCTCTTTCCTGACGGGAACCGTCCTTATCTCCGCCTGGATGGCAGGAAAATCATTCGGCCTTTCCCTTGATGATAAAATATTCACCCGCGCGCTGAAATTCCTCAAATCCCAGAGGACGCCTGCGGGAACCTATGTTTATTCCCTTTCCCATTCCTTCTATCCCGGCAGGCCCATCAACCGCCATACCGGCAGCCTGGCCCGGACTCCCGCCTGTGATTACGCCATCAGGCTCTGGGAACCGGAGGACATCTCCCTGCGCCAGCTTGTGGACGGCCTGGACCGCCTGTGGAGCCGCAGGGGATGGCTGACGATGGCCCTGCATAAACCAACTCCCCACGAGAGTTTCGCCCAGAATTCCGGCTATTTTTTCTATTACGGATACTATTATTCAGGAATGTGCCTGGACATGCTGGCGCCAAACCAGGTAAAGCGTCATGCATCCCTGTTGGCGGACGATATTCTCACCCGCCAGGGAACAGACGGGGCCTGGTGGGACTACCCCCTGTATAATTACCACAAATTCTACGGCACCGGATATGCCCTGTACGCTCTTTCCCGCGCCTGGGACAAGCTGTACGGCCAACCGGAACCTTCTCCATCCTCTATTTCCACACTATCCCGGCCATGATAAATACCATGAAATCGCTTTTGGCGCTCTGCCTGTTTTACAGTGCGGCTTCCGTCTCCACCGCAGAAACCCCAATTAAACATACTTCCTTCAGACCCGGAGAAATCTGGACGGACAACAACGGCGCGCACATCAACGCCCACGGCGGCGGCATCCTGTACGACAAGGGAACCTATTACTGGTACGGAGAACACAAGGTGGAGGGGGACGCAGGAAACTATGCCCAGGTAGGGGTTCACTGCTATTCCTCCAAAGACCTCTATAACTGGAAGGACGAAGGAATCGCCCTGAAGGTGGTGGAGGGGGACCATTCCCACCCCATCGCCAAGGGCTGCATCCTGGAACGCCCCAAAGTGGTTTACAACAAAAAGACCGGAAAGTACGTGATGTGGTTTCACCTGGAACTCAAGGGGAAAGGATATGGATCCGCTTACGCGGGGGTGGCAACGGCAACAAAACCCACAGGGCCATTCAAGTTCCTGAAAGCCGGGCGAGTCAATCCGGGCAAATGGCCCCTGAACATGGATAAAAAGGATCAGACGACCGAATTCACCAAGGAAATGCCCGACTACGTCCGCATCATCCGCAGGGACTATCCCGGCGGGCAGATGAGCCGGGACATGACCATTTTTGTGGACGACAATGGAAAAGCCTACCACATCTATTCCTCGGAAGGCAATATCACCCTTCACATCGCGGAGCTGACGCCGGATTACACGGGGCATACGGGAAAATATGTCCGGGCGTTCATCAACCGCTACATGGAAGCTCCTGCTATTTGCAAACACAAGGGCAAATACTATCTTATCGCTTCCGGATGCACGGGCTGGGCTCCCAACGCCGCCCGCAGCGCCGTGGCCAAAAACATCGCCGGCCCATGGATGGAATTGAAAAATCCCTGCGTGGGGCCCAAGGCAGGCATCACGTTCGGCGGCCAGAGCACTTTCATCCTGCCTGTACAGGGCAAACCCGGAAAATTCATCTTCATGGCGGACATCTGGCGACCCAAAAACGCCATTGACGGCCGTTACCTGTGGCTGCCCATGAAATGGGAGGGTGACCAGATTATCCTGGAATGGAAGGATGAATGGACGCTGGATGACCTGTAAATTCATCTCCTT
NZ_CP072046.1_gap38	1163624	1164476	852	CTTGAAGAACAAAACGTTCCGCATTGCCCACATGGGCGAGCTGACAATGGATGACATGCGCTCCATCACGTCCAGCATCGTGGATATCCTGAAGCTCAAATAAGCCAGGCCCCTGCCCTCTTTTCCGGCTCCGTCCGGAAAAGAGGGCGGAACGCCTCCGCCGGAACATGAACGGAACAATCGCCGGGAACAGGATACATCGCGGATATCCCGGAACTTGTTCATCTTTGATCTTTTCCGCATCCCGGCGGCATTCGTCATCGTCCAAACTTTCAATCAGGCACGGTCTTTCCGGGACAACCCGTTCTTTCAGGACTCCATTTCACGTTATTTGCTGCTGTTCATTGCGGCATGCATTTTGGCCGGGCTTGTTTCCAGCATTCGTGCGCTATATCATCCTTCCCATTACTGACTTTCCGAACTCTTCCTTCCATGTCCACTCTCCATCCCTTCCCCGCCCTGCGCCCTCCTCGGGAACTGGCCGCGCGGGTCTCCTCCCTCCCCTATGATGTCATGAACCACCGGGAAGCCGAGGAAATGGCCTCCGGAAATGACGCCTCTTTCCTCCATATCTGCCGTTCCGACATCGACACGAGCGAAGCCGCCATCCATGCCCCGGAAACCTACGCCAAGGCCCGGGAAAACCTGGAAAGGTTTGTCCGCGAAGGTTACCTCTTCCGGGATGAACGGCCGTCTTTCTACATCTACCGACAAATCATGTGGGGGCGCGTACAGACGGGCATCGTCGGCTGCGCCTCCGTGGATGAATATGCCAGCGGCGCCATTAAAAAACACGAACTGACCCGCAGGGAAAAGGAACTTGACCGGATTGAGCATTTTGACGCCTGCTCC
NZ_CP072046.1_gap39	1195779	1198110	2331	AATTCGCCAAGGGAAACGTGGACTATGTATTCTCCCTGATGAACAGGTTCGCCATGTCCAGACCTGAAATATTCATTTCTTCCTACTGCGAATTCATTCAGATTCCCTACCTGGGCGCCCCTCCCAACATCCGCGCCATAGCGGAAGACAAATTGCTGACCAAAATGGTATTCCGCTCCCTGGAATTGAACGTTCCGGAAGGCATTGGACTTTCCGGAGAAAAAGGTATTCCGGCCCAGGCCCCTTTCCCAGGCCCCTATTTTGTCAAAAAGCGTTTTGGAGCCGCTTCAGGCGGCATCCGGGAAGACAGCATCTGCAGCTCCTGGAAAGCCGTGGACTCATGCGCCCGGCGCCTGATGGAAGAAGGGCACGAAGTGCTCGTGGAACAATACTGCGAAGGCATTGACGTCACCGTTCCCGTACTGGGCGGGGAAAACCCCGTCATCCTGGGATATGTGCAGCCGAAATCCGACAAACCGGGCAGCATCATCACGGAAGACCTGAAACTGCACGACCATCTGGGCTACCAACTGGTCTCCGTTCAGGATATGGAGCAGGACATCGCCTGTGACGTCCGGAAAATCTGGAGCGCTCTGGGGCCGATGGACTATTTCCGCATCGACTATAGAATCGACTTCGAGACGGGAGAACGGCGCATTCTGGAAATGAACATCTGCTGCCACCTGGGCAAAAGCGGCTCCATTTGCCTGGCGGCCGCGGAACACGGTTACTCCCAGGCAGACCTCCTCAAATACATTATCGCCTACAGCATGCACAGGCAGAAGAACCTCCGCCAATACGGCACATGGCTCATCTGACCCGCAGGGAAGAAACGGTTCGCATTCCGGTCAGAGCAAAAGCGGCACTTCACGAATCCGGTATCCGGCTGATTGCCTCAAACACCTCCTGCCAGCTTTCCATGGAAGCTTCCTGGCCGCCCAGGGCCATGCCCCGCTCACGGGCGGCAGCGGCCATGTCTTCCCGGTAGTGGGGCTCCCAAGCCATCTTAGTGGCGTACGTGATGAAATCACCGGGGCATTCGCACAGCCATCCGGTCTTCCCGTGTTCCACCATTTGTTCCCACCCCCCGCGCCTGTCCACAACAAGCACACTCCCGCTTGCCATGGCCTCAAAACCCACACGCGGCCAATTCTCCGTCGTATCGGTGGGCTGCAAAACGATGTGGCAGCGCCGGTAAAACTCCTGTTGGGACAAAGACTTTTGATCATGGAAAGTCTCCACCCAATCGGGAGGCCTGCCGGTCTTCGCCTCGCTCCGCCGGTCAAAACCGAGAAAAGTGCCCTTCTTCCGGACAGGAGAAGCAAAATGCTCGTAAATATGCCACGTATCCTTGCTGAACTTATCTTCATCCTGCCGGGAAATGTGTCCGGCTCCAAACCAGTCCGTGGAACGCCCTGCAGCAAAAGGAAAATCTGCCGCATCAAAATACGGCCTAAACGTCATGAACCGGATGGCCGGGTCGGGATTTAAAGCCCTCAGGCGAGGCATGACGTTTCCCATTACGTTGCTATTTTGATAAAGAAACAGGGAAATATCTCCACGCTTCATGGCTTCCTTTTCCCTGCCGAAAAGCCAGGTCATGCAATTGACGAAAACTGTCCTTCCCGTCCGTTTTCGTATCTTCGGGAGAGCAGCCAGAAACTCTTCATTACAAAAACTGATGACGGGAGCCCCTGCCGGAATGGCCTCCCAATCATAGCCTTCATGCACCGTAACACCCAAATTCATCATCTCCGGATAAAGCCCGGCACAGTATGCATTTTTCTGGGTGGGGATAAGATGCATTTCCATCCCCATCTGTCTCCAAACCTTAATCTGGTGATAAAGCTCGGTCCCCGCACCGCCGTAAAGTGACGGAAATCCAATAATGTAGAGAGAATATGCCATTAATTGATTCATGCCTGAATGATATTTCCCCGGAACTGCATGGAATAGTCTTGCCGCAAGGTTTTCAGAACACTTTAACTATTGACATTCAATAAATTGATCCGAAAAAATCAATAAAACAAGACTAAAGTAAACAATTCCGTTATTTTATCTTCAATGAAAAAGATTAATATTGCCTTCCCATCCTTTGAATTTGGTTCTTGTCCCTCTCAAAAAAGAGCCGATGATGTAGAAATTCTTAGTCCATATTATTTCAGTTGCAAGGGAAGTTGTTCCAACGTTTTTTTAGCGCTTTCACAGCCTTGCTCTGCTGCTTTTTTTAACCATTCAGATGCTTTCTTAAAGTTCTGCGGACAACCTCCCAACCCTTGCAAATAATAGAGGCCTAAAACGTTCTGAGCATTCATGCTACCCTGGGTAGCT
NZ_CP072046.1_gap40	1216442	1220687	4245	GCGCAGGGGAAAGTACTGGAACCTCTGGCGGAACTGTTCAAGGACGAGGTGCGGGAACTGGGCGCCTCCATGGGCATCCCGCATGATATTCTGTGGCGCCACCCCTTCCCCGGCCCCGGCCTGGCCGTGCGCTGCCCCGGCGTGGTCACCAAAGAACGCTTGGACATCATCCGGGAATGCGATGCCATTTTCATCGGCAACCTGAAGAAATACGGCTGGTACGACAAAGTCTGGCAGGCCTATGCCGGCCTCATTCCCGTAAAAACGGTGGGAGTGAAGGGGGACGAACGCTCCTATGAATGGGCCACCAACCTGCGCGCCATCGTGTCGGAAGACGCCATGACGGCGGACTGGGTGGAACTCCCCCCGGCCCTGCTGAGGGAAACCAGCAACCGCATCCTCAATGAAGTAAAGGGCATCAACCGCGTCCTTTACGACATTTCCACCAAGCCCCCGGCTTCCATTGAGTGGGAATGAAGATTATTCCTTTGGAAACATCGGAGCTTAAAAGGATTATTCAAGTTAATAAAACTTATAAGGAACTATATCCGATTTTCAATGAGGCATTCAATTCGACACTTCTACCGCATGTGTGGTGTGAAAGTTGTATTAAAAATTGCATTTGATTATGTGTACAACACGGAGCAATATATGTTTAGCTTTGGTAGCTAAAGAAGGTTAGATATGCTTTGATTATTGTACAAATCCAAAGCGAAGGATATTCATATGAATTATGAAAAAGGATCAGAGTGGAGAAGATGGGAATTACATATTCACACCCCAGGCACTCAAAAAAACGATAATTTTGCTGGTGTTTCCTGCGATGATAAGTGGAATAAATATTACGAGGATATTCATGCGTATATTGGCAATGGAGAAGATCCACTAAAAAATATAGCTGTTATTGCAATAACCGACTATCTGTCCATCGACAATTACAAAAAAGTAGTAGCAGATAGGAATTTGCCGTCTAGTGTTAAGCTTGTATTGCCAAATGTGGAAATGCGAATTCAGCCAATAGCCAATGATTCTCCTATTAATATCCATTTTCTTTTCAATCCGGACATTATTGAATCTGTTGAAGATCGATTCTTTTCTAGAATCAAATTCATATATGACTCAACTAATTTTTCAGCATCCCGAAGTGAATTAATTCGGCTTGGAAAAACAATTAAACCTGAATTGGATGATGATTCTGCCTACATAAAAGGGATAGAGCAATTTGTTCCGTCATTTGATAAAATCCAAGAGATTTTTGCAAACGACAAAAAACTTAGAGAAAACACTATCATTTTAGTGTCGAATAGCACAAATGATGGGGTAAGTGGTGCAATAAATCACTCTGATTATCTGGATGATTTTCAAGGGGACAGTCAACTTAAAGCCTTTAGACAAGCAATATATAAATTCGTTGACGGTATTTTTTCGGCAACGCCTTCTGATATTGCTTACTTTTTAGGTGAAAAAACAAACTGTCCAGCAGATTTAGTAATTAAAGAATGTGGTTCTTTGAAACCATGTGTCCACGGATGTGATGCGCACCAAAACGAAAAAATATTTGAGCCAGACCAGCAGCGATATTGTTGGATAAAAGCCGATCCTACATTTAATGGATTAAAGCAAATTCTTTATGAACCTAAAGAACGTGTAAAAATCTCTCAAATAGTTCCAGACTATAAGGCAGAGTACTATGTAATCGAAAACGTACAATTCGTTGATAAAGATTTTCAAGTTAATCCCATAGTATTCAATGAAAATTTAACATGTATTATTGGTGGTAAGTCAACTGGTAAATCTATTTTGCTTCATAACTTAGCCAATGCTATAGATCCATCGCAAGTTGAAGAAAAAGAAGATAAATCATCCTCTACTACTAGAAATATCGAAAATGTTACTGTAACTTGGAAAGACGGAAAAAAAGACGAGACACGAAAGATCGTTTATGTTCCACAAACATACTTGAATAGGTTAAGCGATGCAAAAGAATCGACAACTGAGATAGACAGAATAATTGAAGAAATTGTTTGGCTCGACTCTGATGTTAAAGAAAAACATAATTTGATGCTTCAATCAATAAAAAAATATAAAATTGCATTAAATACAACTATCCTTGGATTGATTGAAAATCGCAAAGAAATAGATAGTATTAAAAACGAAAAGAAAGAGATCGGGAGCCGAGCAAGTATTGAGGCTCAAATTGAGAAATTAACCTCCCAAAAAGACATCTTGTCAACGGATCCTAATTTATCAAAAGAAGAACTAAATTCATATGACGAAACCATTACAAACATCGATATAGTTAATGAGCAAATTCTTTCTTTGCAAAAGGATCTTACTAATATTCAAAATATTGAGGCTGTAGTTGAAAAGATAACTTTCAGTTTTTCTCTCTCAGATCATATTCAAGAATTATTAAACCGTGCAACAGACGATGCTATTATCGCTGCAAATACAATTTGGATTCAAAGTAAACAAGCTATAATTGGCAATATTTCTAAAGGATTGGATAAAAAGAAACGTCGAAAAGACGAGCTTTTAGAAATTCAAGATAGCTTAAAATCCAAGGTACAAAAAAATAAGATTATCTCAGAACTGTCAAATAACATCCAAAAAGAGAATAAAAAACTAAAATCGTTAACGGAAATAGAGAAAAAAGAAGTGGCTTTGATTGAAAAAGAAAATGCGTATATTTCTGAAATTTGTCAATCGATAGAAAAGTTTAAGCATTTTCACAATCAATATGCCCAAACTGTCAACGGAAAGCCCGAATTCAAAAGTAATGATTTAGAGTTTTCTGTAGAGGTTCCGTTCAAAAAAGAAGCATATGTAGATAAAGTTTTACGGCTTTTCGATAATCGTTCTATAGCACTAAAAGATACTATTTCAATAGATAGTTTTTCAGAAGATCAATATACGGAACCACTTTTAAGAGATTTTATTAATAAAATTCTTGACGAAAAGCTACAACTCAAAAAAGGTAACACCCAAGAAACTGCAATACGAGAACTTTGTGATGACTGGTTTGAAATAAAATATAACGTACAAATGGACAATGATACCATTGATGTTATGTCGCCAGGCAAGAAAGCGCTTGTGCTATTAAAGCTGTTAATAGATTTGGCAGATAGCAAATGTCCAATTCTCATTGATCAGCCGGAGGATGATTTGGATAACCGCTCGGTTTTTAATGATCTGATTCCGTTCATTAAACGAAAGAAAAAAGATAGGCAGATTATTATAGTTACACACAATGCGAATGTTGTACTTGGCTCTGATGCAGAAGAGGTAATTGTTGCTAATCAGCAAGGAAGCAATGTTCCAAACAAGAAGTACAGATTTGAATATAGATCTGGTGCTATTGAAAACAACCTGCCTTTGTCTACTGTGGGCGAAGAAGCGAAATTGGGAATACTAAACTCTCAAGGGATTCAACAGCATATTTGTGATATTTTAGAGGGTGGTGAACGAGCTTTTGAATTAAGAAAAAACAAGTACCATATTTGATGTCATCCGAAACAGCTTCCACAGGAATTGCATCATCATATAAAATGTTTGTGGCAACGTTTTGGCAACAAAAAATCAGATAGCCTCTACTATCTGAATAATGAAAGCAATACAAATAATTTGAGTCAAATCCCATAAACAAAAATCAAGAAAGGAGAAAATAATGACTGAACTGGAAAAATGCATGGCGGGCGAATGGTATGACTGCCATGACAAGGTGTTTCTGGAATTCAAGAACAAGACACACCGGCTCCTGATGAAATACAATTCCCTGCCTTACGACCATAAGGAGGAAAAGCGCCAAGTGCTCAAGGAAATGTTGGGCAGCGTCGGCACCAAGGTATCCATCGGCCATTCCTTCATCTGCGATTACGGCCGCAACATCCATATCGGGAACAACGTCACCGTCAATACGGGCTGCACGTTCGTGGACTGCAACAGGATCACCATCGGCAACAATGTGCTGATCGCCCCTAACGTACAGATTTACACCGCTACGCACCCCATTGATCTGGATGAGCGCCTTACTCCCGTGGAAACGGATGAAGGAGTTGAATACATCCGCCATACCTACGCTCTTCCGGTAACAATAGAAGACGGCTGCTGGATTGGCGGCGGCGTCATTATCCTGCCCGGCATTACCATCGGAAAAGGAAGCGTCATCGGCGCCGGCAGCGTGGTCACCAAAAATATTCCTCCCGACAGTCTGGCGGCGGGGAACCCCTGCAAGGTTATTCGTAA
NZ_CP072046.1_gap41	1355076	1358659	3583	CAGGGATATCAAGCCCGCCAATGTTCTTTTGTCCCCCGACGGAATCGCCAAAATCGTGGATTTCGGCCTGTCCCTGCTTCATAGCGAATCCGACATGGAGCGGGAAATATGGGTTACTCCTTATTACGCCGCGCCGGAAACGCTGTTGCGAGGAGAGGAGGACTTCCGTACGGACATGTACGCTTTGGGTGCTACCATGTACCATTTGCTGGCAGGTGCGCCTCCCCGTGTGGACGCTTCCCAGTCTTCCGATATTCTTCTGGAGAACAAGAAAGATCTCCCTCTCCTGGAGCAGGTGGTGAACGACATTTCTCCAATGACCTGTTTCATTGTGGACAGACTGATGGCTTTTAATAAAGAAGACAGGTTCTCTTCCTATCCCGAATTGATGGATGCCGTGGAACAGGCGCAGGAGGAATACGCCCGGGCCATGCAGGAATCCGGTCTCACCTGGGCGGAACGGCGCGCGGTGGAGGCCCGGCACGCACGGCGCAGGAAATGCCGCATCATCGTTGCCTCCTCCATTGTTTCCGTAGTGGCGCTGGCGTTGGGCGTTTGGGGATGGGCGGAATGGCGGGAGGATGGAGCTCCTTCTCCCGTAACTCCGCCTTCGCCTATTTCTCCTGCGGCGGAAGCAGCCTTGGAAGACAGGGAGGCGGCGGAATCGCGGCTGGAGCGCAGCATACGCTTCGGCAAACTGTTTAACGAAGCCCAGGAATCCCTGAACCGTGGGGATCTGGTGAAAGCCGCCGCCATGTTCGGCGATTTGGCGGCTCAGCCGGACTGCCCCCTGTCCACATCCCTTTGGGCCGGTTTGAACCAGGTTCTGTGCATGTGGGTGCGCGGCCAGTTCCCGGAAGGGGTGGAGCGTCTGGAAGAACTGGGCAGAAAGATGGAAGCCTGCGGGGACCCTGAGGAACTGGAACGTTCCAGGGATATTGGCAACCTGGTCATGTACCTGAGCTCCGCAGACTGGTCTTCCCGGATGCCGGGGCTGCGCTCCAATTCTGACCTGGCCGTGCATTATTATGTGGGCATGGCGCTGAAATCCTGGTACTTTGCCGGGAGATGGACGGAATACGGCGGCTTTCTGGACCGGGTGGCCGCTGATGCGGCGGATGACCGGGACAGGAACGTCCGTGAGCTGGCTTCCGCGTGGCTCAGCAACCTGGAGAAGTATACGGACCAGTACGCGCGCTTGAAACGTCTTCAGGACATGCCGGAAAAAACGGTGGCTGAAGTAGAGGCCAAACGGTCCGCGGCGGACTTCCTGCGGGAACAGATGGTCATTGGGGAAGTTCCTTCCATGTCTCCGGCTTATGCCGCGCTGGAAGGAATACTGGATCATTTGAGGATGCAGTACCAGGCTGCGCGGGACTGGGAGGCTGCGGAAGCCGTGAAGGCGTCTGAAAGGAAAAAGGCGGAAGAGATGCAAAAAAAACTGGAGGAGGAAAAGAGGAGGGAAATCCTGCTGGCCGCCCAATCCAGAAGTTATGAAGACGTCTGCCGGGAAGCGGAGGGCATCATGAAGGAAACCGGTGATTATGAGAAAGTTTCCACTGTTTATGGAGAGGCTGAAAAAGTCATTTCCTCTCCTGCGGTGAAAGCCCGTCTGGCCATGCGCCGGGAAATGACGGACCAGATGCTGCCGTTGTTCTCCCGCATGGAGAAACTTTTGCCCGTACTGTTGGAAAAGAAACCGGGGAAAACTCTGGTGCTCAGAGATGGCTCCAGGGTGCGCCTGAAAGGGATGAAGGGACATCTGCTGACCGTGGAGCCTCAGGACAGCCGGGAAGGAAGCGGTGCGTACCAGGTCAGTTGGAACGAGCTTCCGTTCAACTCCCTGCATGCTCTGGCGCGGGAATGCCGCCAGAAGCAGCCTGCGGAATTTTCTTCCCTGGCGGATACGTATTCCAAGCCTTTGCTTATTTTTGGCAGGCTGACGGGAACCATTTCCTCCGCACAGCAGGAAAAAGCATTGCTTCAGATGGACCGCTCTTTCATTGAAAAATGGAATTTATGGATGAACAGTCTGGAGGCGGAGGAAGGGCTGCCGGGAGACGATGGAAAATCAAGTTGATTCCGGAAGGGAATAAAGTCCCTTGAAAGGCGGCGGATTGCTGTCGCCGGCAGGTTTCTGCCCCCGCCGCGTGTTTTGCCGGCTGCCCCCGGGCCGGAAAAAAGGAAAACCGTCCGGGCAAATGCCTTTGTTCCGGATTTGGAGAAAAGTAATGGTGATGAAGTAAAATTTGCTTGCCTAGGGTACTTCGGACAGGTCTCATAGCCGCATGAGACTGATCAGCTTTCTGACGCTGGCATGCGTGGCCGGCTTCCTCTCTTCATGCAGTTGTGATTGTCATAAGCCCGCGGACTTCGCTCTGAAGGATTACCAGCCTACCTCCAGCAAGCAATTCCGTTAACTTCCCTGTATGTTTGAAATCCGCGAAAAACCGGAAATGGTGGAACGGGCCATGCTCGTTTCCATTTACTTCGATCCCTCCGAGGCCGGGGAAAAACAGGCCATGCTGGATGAGCTGGAAGACCTTGTCTCCAATCTCGGCATCGGCATCGCAGGGAAGCACCTCGTCAAGTCCAGGGACATGCACGCCAAATTCCTGTGCGGCACCGGAAAGGCGCAGGAAGTGAAGCAGCTGGCGCTGGATTGCCGGGCGGATTGCGTTGTTTTTGACAATATGCTCTCCCCTTCCCAGCAGAGGGAATGGGAACGGCTTGTTGACGAATGCGTCATTGACCGTGAAGAGGTCATTCTGGACATCTTTGCCAGGCGCGCCCGGACACGGGAAGCTACCCTGCAGGTGGAACTGGCCCGCATGCAGTATTCCCTGCCGCGCATGGCCCGCATGTGGAACCACCTGGACCGCCAGGGCGGGGGCTCCGGCGGCGGCAAGGGAGGCGGCGGAGCCGCCAGGGGGGAAGGTGAAAAGCAGATTGAAGTGGACCGTCGCCTGGCGCGCGCCAGAATTGAGGCTATTCAAAGGGAACTGGTCCTGGTGACCCGTCAGCGCACCACGCAGCGCAAGGAACGGGAGCGCCAGGCCGTCGCCACGGCCGCCATTGTAGGTTATACCAATGCCGGAAAATCCTCCCTCCTGTCCCTGGTGTCCGGGTCTGAAGTCATGGCCAGGGATATGCTTTTTGCCACGCTGGACACCACAACGCGGAAGATAGAGCTTCCCCATGGGCAGCCGCTGCTGCTGACGGATACCGTGGGCTTCATCCGCAACCTTCCGCACCGTCTGGTGGAAGCGTTCAAGTCCACGCTGGAGGAAGCCGTTCTGGCGGATTTCCTGATTCAGGTGGTGGACGCTTCCGATCCGGAAGCCGTGCGCCATTATGAAACGACTCTGGAGGTTCTCAACGAACTGGGTGCGGGTGACAAGCCCATGATCGTGGTTCTAAACAAGGTGGACTTGGTGCCGGAAGAACGGCGCGGGGCCCTGGAAACGCTGCTGGCGCCTCATTTCAGCGGCAGGGTGGTTCCCATGTCCGTGAAAGAAGGGAATGGTGAGGGAGACCTGCTGAATGCCTGCGTGGAAATGCTGGAAAGCCGTGTCCGGCGCGC
NZ_CP072046.1_gap42	1436359	1437360	1001	ACCGGGGAGGCATGAAAAAGGGGCTGTCCCGGCGGATGCGGAACAGCCCCTGAAAGGAGATGAAGGGAAATATTCCCTGTTTATTTGGCCAGAACCTTGTGGATGGCGGCAACGACGTTGTCCACATTCATGCCGAGTTCTTCCAGCACCTGTGTTCCGGGAGCGGAGAAGCCGAAACGGTTGATGCCCACGGCTTCCCCCTGGCAGCCCAGATATTTCCACCAGAGGTCCGTGACTCCGGCTTCTACGGAAACTCTCCTCATGCAGGAGGAGGGAAGCACGCTTTCCCGGTATTCGGCAGGCTGCGCGTCAAAGCGGCAGAAGCTTGGCATGGAGACGACCCGGATTCCTTCCCCTATTTTTTCCGCCGCTTTCAGAGCCAGTTCCAGTTCGGAACCGCTGGCAAGAATAATGGCTTTCAAGGCTCCCTGTTCTTTCCGGGCGATGTAGGCGCCTTTCAGCACGCCTTCCCGGCGCGTTTCAACGGGGATTCCGTTCAGCGTAGCCACTTTCTGACGGGTCAGGATGAGGGCGGTAGGGCCGTCGGCACGCTGCATGGCGGCCATCCAGGCTCCTGCGGTTTCTTCCGGGTCCGCCGGGCGGATGACATCCAGGTTCGGAATGACACGGAGGCCTGAAATTGTTTCCACCGGCTGGTGGGTGGGGCCGTCTTCTCCCACGGCTACGGAGTCATGCGTCAGAATATAGGTGACGGGGAGTCCGCTGAGGGCGGCTACACGGATGGAGGCGCGCATGTAGTCTACGAAGACGCAGAAAGTGGCGGCGCTTACGCGGAACAGGCCGTCGTAGGCAATGCCGTTGCAGATGGCGGCCATGGCGTGTTCGCGGATGCCGAACCAGAAGTTGCGCCCTTCCGGGGTTTCCGCAGAGAAGTCTCCTGCGCCGGAAAGGTAGTTTTTATTGGAGCTGTAAAGGTCTGCGCTGGTGGTCAGGAAGCAGGGATTCGCTTTAGCGATAGCGTTGATGGCAACGGCTCCGGC
NZ_CP072046.1_gap43	1457985	1458602	617	ATCACAGGGTTGGAAAATGGGGCAGGGGTCCCCGGGGGAATTGTGGAAGGAACGTGCTTTGCCTCTTTCGGAAAAGATGGCAGAGCTTTTCCCTGAAACGAGCAAAAAATGATGTTTCCGCTTTATTTCTCTTTTCAGGGCGTTGAGGGAAAGAAATAACGTCGGCCGGCCGTCTCACAGGGGAACTTCGTTTTTTCAGAGAACACCGGCCTCCCTGGCCGGGAGTTCCGCCGCCCGGTTACTTGGCCGCTTTTGGGGCGAGGGAAGTGCGGCGCCTGTCAAGGAAGTACAAGACGAGCCATTGCAGCACCAGCAGGGACACAGCCAGGAAGACGGGTTGGAAAGGTGTGAAAAAATCTGCTATACCGCTGAAGACGCGTCGGTTAAGTGCATGAATGTTGAGAAGAGAGTTAATGAGGTAGGCGGCCAGGGCATTGATGCCGATAACGCGGAGGGGAAACGCCCATAGGGCCCATTTCCCTTTGTTCCACACATCGACGGCCAGATGAAACAGGGAAAGGAGCGTCAGGGAGATGCCGGCGGCGGCCAGGACGAAGGTGCCTGTCCACATGCTTTTAATGATGGGGTAGAGGCCGTCCAGCATCCTGGCGGCGCAG
NZ_CP072046.1_gap44	1488161	1490959	2798	ATGGCGTCCACCGTGAAGTGGTTGTGGACGTTTTCCATGGGCTGCGTGGCGTACGGGGAGATGATGCAGTCCATGATGTCCATGGGCGCCAGCACCTTCCCCCCGAAGATGGCCGGGGCAAAAAACGCGGCCACCATGGCGGTCCAGAGGAGGCAGCAGAGCCAGAAAGAGCGCCTGGAAAGGGAGTCAGTGTTTTTCATGCTTAAGATGGCGTTCGTCCCAGTGCATGAGGGAAAGGACATGGTCGTACCGCTGGGAAGTGCGCAGGCCGTGGAGAATGAAGGCGATGGTCAGGGCAAGCGCGGACACGGTGAACAGCCCCATGGACAGGACGGCAAGGGGAAGATGGAAGACGTACTCATACCGGAAATAGTCCAGAACCGCCGGAAGGCCCGCCAAGATGGCGAGGATGAGCAGGATGGCGCTGATGATGGAGAAGAAGAACAGGGGGCGGTGGTTCATCAGGACGGAAAAGATGGTCTTGATGACTTTCACCCCGTCCGACACTGTGGAAAGCTTGGAAACGGACCCTTCCGGACGGTCCATGTAGTTGGTGGGCACTTCCACGATGGAATAGCCGTTGTCCAGGGCGTGGATGCTGATCTCCGTTTCCAGTTCAAAGCCCGTGGAAAGGATGGGGAAGTTTTTGACGAACCGTTTGGAGAAGACGCGGTAGCCCGTCAGGATGTCATGCAGGTTACCTTGGAACAGCTTGTTGATGAGCATGCGGACGGCCTTGTTCCCCGTATCGTGCATGGGCCGCTTGTTTTCACGGCTGTAAATGCCGGCGTCATGGCGGTCTCCGCATACCATGTCCGCGTCTCCCCGGAGGACCGGTTCCAGCAGGCGGTGGAGGTCGGCGGCCGGATAGGTCAGGTCCGCATCCACCATCACGTACACGTCCGCATCCACTTCCCGGAACGCCTTTTTAACGGCCATGGCTTTTCCCTTCCGTTTTTCTTGAAGCAGGGCGCCGGAACAGCCTAATTCTTCATAAGTTTTCCTGGCTATTTCCGCAGTTTTATCGGAAGAATTATTATCAATGACATAAATAGCAGCTTCCGGACAGTGGTTATGAAAATCCTGCATCACTTCCCGGATGGTTAATTCTTCATTATAGGCGGGGATAATGATGGCAATGGAAATCATGTAAGACCTTTTGAAAATTGAGTACCTTACCAGAGATTACGGATTGCGAATTCGAAGTCAACATGTTTTTCTGAAACCAAATGGGTTAACAGAAAAGCGCACTTATATCAGGAAGGGAAGCGGTCTTTAATCCGAAGGTGCGGTCGGCTGGTAAATTACTGCTTCATAAAAGATTGATGGGTTGCATGAAGCGCCAGCTGTTTGTCCGGATTCGCAATCCGCTGTTTCTTATCATGCACGGAGGCCGCCTATTAACCGGAACGTGCCTGCCGCCGGGGCCGGAAAATGCCTGACGGATTTTCTCTGCGGAAAGAAAAAAGAACCTGTTTTTTCCATTCTTCCATTCCCCTCCGGGTGGAACGGAATACCCTCCGGATGGGGTGCCGGTCAGGACAGAATGATTCCTTCCACGGCGGCGCGAAGGGGCTCGTCGCTGAATTGCTCCAGGGCATGCTTCAGGAAGCCCTGGGCAATCATGCTGCGCGCCGTTTGTTCCGGAATTCCCCGTGAAAGCAGGTAGAAGATTTCTTCCGGAGAAATGGAGGAAATGGCGGAACCGTGCGAACACTGCACTCTGTCCGCCAGGATTTCCAGGCCGGGAATGGAGTTGGCTTCCGCTCTGGGGCTGAGAATGAGATTGCGGTTGCTTTGATAGGCGCTGGTGTCATGCGCGCCTTCCGCCACCAGGATCATGCCGCTGAAAATGCTGCTGGCTTCGTCGTCAAGTACGTTGGCGTAAAGCAGGTTGCTGGAGGCTCCGCGGTAAAGGTGCTTCTGGTAGGTTCTCTGGTCCAGCTCCTTGTTTTCCTTCAGATGGTTGGCGGAAAGCAGGCGGACTCCTGCGCCGTCTCCGTTCAGGATGCAGAACGTTTCCTGCCTGGCCCATGCTGCGCCGGGATGGCTGACGAGATGTTCCATTTCCGCGGAATCATCCGCCATCATATGGGAAAGCTCCACGGCACGGGAACGGCTGTTAAGTTCCTGAACCAGTGCGTATTTGACAGATGACGCGGAGGAAAGATGGTACTGCTGGAGCGCTCCGCAGAATTGGCGGCCATGGTCTGCGCTAATGTGGCGTTCCAGAATGCGCAGGCGGCTTCCGGTTTCCGCAATGAGCAGCGTGGAGGGAAAAACGGCCACGTTATCTCCGGAGATGAAGTGGAGTATTTCCAGAGGGAGGGAGATTTCCCTGTCCGCCATAATAACCAGCCCGTTGTGCTGGAAGGCCGTAGCCAATGCCGACAGTTTTTCGGAACCGAGCGTTTCCGTCTCTGTTTCCAGGTATTTCCGGGCGGTGTCCGGGCATTGCAGCACAAAGTCTTCCATATCCATTACGGAAAGCCCTTCCGGCAGTTCTTCCGGGATGGAAACGGGGAGCCCGTTGGCGTAAACAATGCGGAGGGCCTCCGGCATGGAGGCTCGTTCCCTGATGATGGGAGCCAAGGTTTCCGGAGCTGCAGGAGGAGCCGCTTCAACATGTTCCAGGGATTCGTTGCCGGGGGCTCCGAAACGCCAGGATTCCATATGGCGGGAAGGTTCCGGAAGCTGTTCCGCCTGCTCCAGGGCATGGCGCCGCCGGGCTTCAAACCATGCGGGAAGAAAGCCTGCGGGGAATTGTTCTTCGTTAAGCAAATGGTTCATTGTTTCCC
NZ_CP072046.1_gap45	1506594	1507824	1230	GGATAAGACGCCCCGGCATCCAGCCTGGTTTGGCAACGGCGTCGAAAGCGCGTTGAAAGTGGTCGTTCCAGCCTAAATCCTGAAGAGTGACGGGCATGAAAATGGAAAATGTAGTTTTGGGAAAGGCCGCCGGCATTTACATGCCGACATCGGATCGTGGGGCAAACCTTCTTCCGGTTCAAGCGTGGAACGGGTCTGCCGTGCGCCATGACGGAGCTTTTCCCTGTGCGAGACGGCATGCGCGCTCAATGATTTGAAAGGCAATTTGCGTTTTAGGCGCTTTTTCCAAAAGCTCCGTCCGGTCCGGGTAAACGAGCAGCACTTCATTTTCAGAGGAGTTAAAACCAATGTCACTGCGGGAAACGTCGTTGGCCACAATCATGTCGCACCGCTTGCGTTCCAGTTTGCCGCGCGCGTAATTTTCCACGTCATGGGTTTCCGCCGCGAAGCCTACCAGAATGCCTCTGAAGCCGAATTCCGCGCGCATGGAGCCAAGAATATCCGCAGTACGTTCCAGTTCCAAAATCATGCGCTCCCCCGTTTTCTTGATTTTGCGGTCCGGAACGGAAACGGGGCGATAATCCGCTACGGCGGCGCTGAGGATGGCGGCGTCGGCGTAGGGAGCCTGGTTTTTGACAGCATCATACATTTCCCGTGCACATTCAACCGGCAGGAAGTCCACGCCGTGCGGGATGTCCAGGGAAGTGGGGCCGGAGATGAGAAGGACGCTGTGGCCTTCGTGAACAGCCGCTTCCGCCAGGCAATACCCCATTTTTCCGGAGGAGTGGTTGGTGAGGTATCTGACGGGGTCAATAGCTTCCCTGGTGGGGCCTGCCGTGATAAGAAAACGCATGAGAGGCATTATGCGGAATCACGGGTAAAAGTGAAGAGTGATCTTGTGCAGCTGCGCATTATGTTCCGGCTTGACTCCTTCCCGCGATTGGGGGAGTTATGAAGGCGTGATTTATTGGGATAATAACGCTACCACACCGCTGGCCCCGGAGGTTTACGAGGCCATGGAGCCGTTTTTAAAAGAACGGTTTTTCAACCCGTCCGCCGGTTACGGCTGTGCCAGACATGTGCGTGAGGCGGTGGAGGAGGCCCGTGCGGCCGTTGCCGCCCTGTTGGGCGCATTTCCTTCGGAAATTGTATTTACTTCCGGCGGAACGGAGGCGTCTAATATGGCTTTCCGCCAGATGGCCGGGGAGCGGGAGGGAGGGATAGGCGTTT
NZ_CP072046.1_gap46	1638558	1639110	552	CCGCCTCCCTTCAGATGCCCAGCCATGACGTCCCTTATTCCCGTGACGGGGAGGCTCCTGCCGATTTGCCGACCATGGTAGATTCCTTTGAACGGGAATTGATTGTAGCCGCATTGAAACGTTCTCCGGGCAATATGTCCGCCGCGGCCCGGGAACTGGGCATTTCCCCGCGAGTACTCCATTATAAGATGCACAGGCTGGGCCTGCAGAAATCATGAAAGGCCTTGACCATCTTCTATCGGCCGTCTCCCGGTCCTTTTATCTGAGCATGCGCTTCCTGCCCCGGGAAATGCGCTCCGGCGTGGCCGTGGGCTATCTGCTGGCGCGTGCCACGGATACGGTGGCGGATGCCGTGGATATGGATTGCCGGGAGCGCCTGGCGCTTTTGAGGATGATGGGGGAGACGGTGGCCGGCGCCGCCTCCCGGGAGGTCGTCGCCACCTGTTTTGGCCGTCTGGGCGTTCTTTCCACAATCCAGACGCACCGGGGGGAGGCGGAATTGCTGGCCCGTTTCCCCGAATGCCTGGCGCTGCTGGAAAACCTTTCCCCGCA
NZ_CP072046.1_gap47	1641050	1644620	3570	CTGTTCCGCGGGGGGGGATTCCTGGGGCGGACAGGTTCCGGAATCCGGCGGCGCCTGTTCCGGCTCCCCTTTCAGGGCGCGTATGATCTGGGCGGGGTACGGCGTGAACAGGGAGACAGCCATGGCTGCCAGGCAGAGGCAGACTGCGAGCTTGAACCAGGTGAGGCGGGGTATTCCGCGGCGGTGCGCTTTCATGATGCTGAAGAAGGAGAATCATTGGATGCCGGCAGGACTTTCCGGGGACGTCTGCCCATGAAAAGGCGTATCAGCCCCAGCGGGGCGGCAGCCAGCAGCATGGCGGCCAGCCGTATTTTCATGCCGGGAAAAACCCGGGCTCGTCCGCGGGCCAGGGCGCGGAGGCTGTCTTTCACGACGGTTTCAACGGACGTGTCAAAAGCATTGCGCCCCGGCATCATGTTTCCGGTGAAGCCGGGGCGGCGCGCCGCTTTCCCGAAGCCTGTGGAAACCGGGCCGGGGCAGACGGCCATCACGCGGATGCCGTGTTCGCGCAGTTCCAGCCGCAGCGCTTCCGACAGGCTGGAAACATAAGCCTTGGTGGCCGCATAAACGGCAAAATCCGGAATGGGCAGGAGGGCTCCCAGGGAACTGAGGTTGATGATATCCCCTCCGTTCCTCTTCATGACGGGGATCAGCGCATGGCACAGGCGGGTGAGGCTTTCCACGTTCAGACGCAGCAAGGAACGTATTTTTTCCCAGCGGCCGTCCGCAAAATCTCCGTAATCACCGGCTCCGGCGTTGTTAATCAGAAGGGTTCTTCCCGGAGGAAGGCTGTCCAGGCGTGAAATGAGCGTATTCAGGGAGGTTTCGTCCGCCAGGTCGCAGGGAAGGACGGAGGCGTGAAGGCCGGGATGGCGTTTTTCCAGGGCGGCGGCAAGCTGGCGCAGGGCTGCTTCATTCCGGGCGATGAGCACCAGTTCCGCCGTATGGGGGGCCAGCGTTCCGGCAAACGCTTCCCCGAAGCCGGATGATGCGCCCGTAATGATAATCCTGTCGTATTGGAGGCGTGCGGTGTACATGGCGGGTTGGAGCAGCCCGTATCATGGTCAATCCGGTGCGGAACCGCAATGAAAAAGGGGGAAGGAGGACGCAAAAAGCCGGCCTCCCTTTTTTAGGCCGGGGCCAGGCGCAGAGGTCTTCAGGTGCATGGAACCGGGGCCGACCTGTTCCGCACTTCCGGGAGGACGGCCGCTCCAATAAAAAACCGCCTGCCGGATGAACGGTAGGCGGTTTGATGGAAAGGGGAGGTTGCTTAAGCCTGTGCGGCTTCTTCCTGAACCTGAACCACGCGGAAAGGCACGCGGGAGGCGAGCTCGCCGTCAACCGTCAGGTCGATGGAGTAGTTGCCCGGTTTTTCAAAACGCAGGCCCTGGAAGTTCATGATCAGGTTGCGGGTGAAGAAAGAGGCTCCTTCCGGGAAAGCGGGAACCGGGAAATTGATCTTGATGGGCATGCGTTCCTTGTCCAGCGGCGTGCCGTCGGCATCAACGATGCTCAGGCCCAGTTCGTGCGTGCCTTCGTCTTCAGGAGTGAGGCAGATGCGCAGGGCAACGGCGCAGACGGGATGCACGACTGGGAACTGGCGGGCAACCAGGGAGTCAAAACCGCCCTGGATGCAGAGCTTGCCCTGGTAGTCGGCGGCGAAGTCACAAAGAGTAGAAACTAAAATATCCATGTTGTGATAATGTTGATGTATTTGGCTAGCTTTCACGCGGAAAGCATGAACATTGGACAGAACTATACTTCCTCCGGACCTATTGCAAGATAAAGCTGTAGAAAATATTGTCATTTCTCCGTGAAATTCCGGTTGCGCTTGAGATGGGGAGGGAATCCCTGTACTACTGGTTCCGGCAACGCGTTTCCAGGCATGATCCAATGGTTTTTTGACATTCCTTCCAAGCTGATTCACTGGAGGCTGAATCTGGTCAGGACGCTGGGCGCCTACGTGCCGTGGCTGCGCCGTGACGACGGCTCCATGAAGGTGCATGCCGGAACGCTGGTGGACTTGTTCGCCACTATTTTAAGCGGACGCCGCCATTTGAGCGCCCGTGATGCGGACGCCGCTCTGGATATTCTGCGCTATACTTTCCCGGAAGTGGAGCACCGCTGGCTTTCCAACCGTTTTGAGCGGTCCATGAGGGCCAGCCTGACGGTTGCGGATGTCCTGGCCTCCGCAGCTTCCGGCAGGGATGAGACGGAACGCATGGCGATAGCTCTGGAAGTGCTCTCCCTGCTGATTAATACGGGAGATGCCCGCATGACAGGGGAGCTGTTTGACCAGGTGACGTACGGTCTGGAACTGCCGGGCACGGCAAACCACCTGAGGCAGCTGCTGATGACACCGGACGTGGAGGCCCAGGAACCGGCGTACAGCGTCGGTTTTTCCTCCGGCATCGGTGCGGAGGTATCCCTCCCGGAGCAGGACAAGGGCATTTCCTTCCGCCTGATCCGGTGTTCCCGCCTGGTGCTGGTGGTGAATGACGGCACCCGTCCCATTGTGGTGCGCGGGCGTCATTTGCAGCCCGGCGGGGTGATGCCGTTGACCAACGGGCAGGTGGTGCTTCTGCCGTCCGGTCCGCTGAGTTTTGAAGACTTTGCGTTTTTTCTGGATTGCAAGCGTTCAGGCAAGCAGGATGTATGCTATATTTCCCTGGACGGAGGCTCCCTGCAAATCAGCCGGGTGCGTTCCCGCGCCAGCGAGGTGCGCGTGAACATGGGGCTGGCGTGCGAGGTGGAGGTGCTGAGGCCGGAAGTGGAATTCGCGGTTGACGGGAAACGGCTGTACCCCGGTGAAAGCGTGCGCATGGCCTATTACTCCTCCTTCACGCTGGACGGGGAAGGGCCTTTCTCCATGGGGGAGGTGCAGAATTCCATGTCGGACATCGGGCGCCGTTTCCGCCTGGATCCCGGAAACCGCAAACTGCGGGTGACCAACCTGCCGGAAAAGGCGCGCAAGGGAGACATGCTGCTGACTCCCGGGCTGGCCCCCGGAGCGGTGCTGGAGGTTTCTTTTTCCAGCGCCACCAATTCCGGCTGGCTGGAAGTGGTGGAGGCCTCCATGCCTCTGCTGCTCAATGGCCGGCCTGTTCGGGGAAGGGTTTCCCTGAGGGATGGGGACGTGGTGCACCTGAATGCCTACCACGCGCTGCGCTGCCGTTTTTCCGCCGGGGTGCTGGATGAAGAATACCATGCGATCAGAACCCTCAGCGTGGAAGGGGTGACCAAGGAATTCCTGCGCTCCGGACGCGTGCTGGACAATATTGACCTGGCCGTGAAACGCGGGGAAATGGTGTGCATCCTGGGGCCCAGCGGATCCGGGAAAAGCACGCTGCTTTCCATGCTGGCCGGCCAGCTGCCGCCCACCCGGGGCTGCATCCGTTACAACAACCAGCTTCTGTACAGCGCCCCGGATCTTATCCGGCCCTACATCGCCTTCATTCCCCGGGAAGATATTCTGGATGCGGCCATGAGCGTTTCCGAGCACATCTCTCAGGCCACCATGATACGCCGTCCGCGGCTGAATCGGTCGGAACGCGTCAGGCGCGTGAACGC
NZ_CP072046.1_gap48	1701039	1705246	4207	TGCCGTTTGACTGGGCCAGCGCTTGTTGGATGGCATTCCGTTCCAGCAAGGATAAATTCAAAACCCCGGCCGGGACAAGCCCATTCTGCGTGTTGGGCGCATTGTCCTCCGGCCGTTCCTGTGGAGCGGCTTCCGGAGAAGTATCCTGCAGTTGCGGGGGAAGATGATGGAGGCCTATGCTGGCGGAATTACTCATGACGACGCCATGTTCCATGGCCGTGCGGAGTTCACGAACGTTTCCCGGCCACTGGTAATTCCGGACGGCTTCAAGGGCGTCCCGGGAGAGGGGCTTGAATTCCTTGTTGTTTTCCCTGGCGAATTCCTTCAGAAAGGCGGTGGCAAGCAGGGGGATGTCTTCACGGCGTTCCCGGAGGGGGGGCATCTGAATATGCACCACATTGAGGCGGAAGTAGAGGTCTTCCCGGAATTTCCCTTCCTGCACAAGCTTTTTCAATGATTTGTTGGTGGCCGCGATAACGCGCACATTGACGGGAATGGATGCATTGGACCCTACGCGTTCAATGGTCCGTTCAGACAGCACCCGCAGCAGCCGGACTTGCGTTCCGGCGTCTATTTCCCCGATTTCATCCAGAAAGATGGTGCCGCCGTCCGCCTGCTCAAAGCGGCCGATGCGGCGTTGTCCGGCTCCGGTGAAGGAGCCCTTTTCATGGCCGAACAGCTCGCTTTCCAATAATTGGGGGGAAAGGGCCGCGCAGTTGACGGCCACGAATTTATTTTCCGGCCTTCCGGAGAGGGAATGGATGGCCTGGGCTACGAGTTCTTTTCCGGTGCCGCTTTCCCCCTCAATCAGCACAGTCGTTTTGCTGGGGGCCACCTGACGAATAATGGAGAATACGTGTTCCATGGCGGCGGACCTGCCCAGCAGTTTTTGCAGTCCGGAGTCCGCCTGGATGCGGGTGGTGAGTTCCTGGTTGGCCGTTTCCAGGTTCCGGGTATGGAGTGCCCGTTTAAGCACCAGCTCCACGGCATCCAGATTCAGGGGTTTGGTGACGAAGTCGTACGCTCCCTCTTTCATAGCTGCTACGGCGGCATCCACGGAGCCGTAGGCAGTCATCATGATGCTTTGCGGAGGGTGGGGCAGGGAGGCAGCGGCTTTCAGCACGTCCATGCCGCTTTCCCCACCCAGTCTCAGATCCGTCAGAACCAGGTCCGGAGATTCTTCCTGCAGAAGTGCGGAAGCCTGGGAGAGATTGGCGGCGGTGTACACTTCATAATCATCCTGAAAACCCATGCGCAGAGCGTCGCGCGTGGGTTTTTCATCATCTACAATCAGCAAAACAGGCATCTTCATGAGGGAATGGAGGATGGCAGGAGCCTGATGGTGCGTTCCACGCGCGGCAGGAAGACCGTGATGGTGGTTCCCTGACCCGGCTGGCTGGCCAGCGTGATGGACCCGCCGTGCTCCTTCACGATGCGGCGAACGATAAGCAGCCCCAGTCCGGAGCCGGTGGACTTGGTGGTCAGGAAAGGTTCATAAATGCTGCCCATGACCTCCGGTGAAATGCCGCAGCCGGTATCCGCCACAGTAATGAATACGCTGTCATCCGTATAACCGCTTTTGAGCAGAATGGTGCCTCCCTCCGGAGGGATGGACTGGTAGGCATTCTTGATCAGGTTGTAAAAGACCTGTTTGATTTGGACGGGGTCCAGGCTGAGGATGGGAAGATTGGGCTGGAGGTCCGTGTTGATTTGGATGCCGCGCTGCTGGATTTCCGGTTCCAGCAGTTTCAGCACTTCCATGAGGATGGTTTCAATGTTGTAGGGTTCCCGGATGGGCCTGGTGGGGCGGATGGCCTGGAGGAATTGCTTCAGGATAACGTCCAGCCGCGTGGTTTCGCTCTCCGCTGTTTTCAGCAATTCCTCCATGTCCGTCCGGTACTTTGGAGGCAGCTGTTTTGCCTTCCTGGCCAGGAGCTGGAGATGAAGGCCTATGGAATTGAGGGGGTTGCCTATTTCATGAGCCACTCCTGCGGCCAGCAGTGTCAAGGCATTCAGACGTTCTGCCTCAATGTTTTCCGCGTTTTTTTTATGTCGGGGCGTTTCATCCCGTATCAGGACCAGGTGGCCCTGGTTTTTGCTGCCGATGGGGGAAATGAAGATGTTCAGGAATCTGTGTTCCGGGTAAAAGATTTCCGTGTCCCGGGAGACGGCGGTCTGGCTCTGCTGGATCGTGTCCCATGAGCAGTCCCTGCCCAGGAAAATACAGAAGTCATCCGGGGTTATTTGCCCACGTTCCTTGTCAAAGAGTTTAAGGGCAGCCTTGTTGACGAACAGAATTTTTCCCTTGTTATCCAGCAGGATCAGACCTTCCTGAATGGCTTCAAATACCTGCTGGAAAAAACCCTGCTGTTCCGCCAGCTTGACAAAAAAGCGCTGGAGGTCTTCCTCCTTGATGTGGTCAATGCGGCCGATCAGCTTGTCAATGGTGTCTTTTTTCATGGCGGCGGGTCCGTTGCCGTGCGGCTTGCTCTTATATATAAAGAGCGGCATGTCACAAATCAAGCTGATGTGACATATTGTCGCGCATTTGCGGCTGGACATGATTCCGGGGGAGAGGGCAGGATGACGGCATGCCTGAAGATTTTCCCTGCATTCCCTTTGTCAGAACGCGCCAGGTAGCTTTTCATGATACGGATGCTTCCGGGGTGGCCCACTTCTCCCGGCTGCTTTGTTTGGTGGAAGAAGTGGAGCACGAGTACCTGCGTTCCCGGGGGGTGGATGTTCTTTCCCCAGACTGCGGATGGCCCCGCGTGCATGTGGAGGCGGATTACTCCAGCTCTGCGGGGCTGGGAGATTGGCTGAGCATAGAATTAAGCCTGGGAACGGTGGGAACCAGTTCTCTGGAATGGAAATTTGCTGTATTTCATTCCGAGCGTCCGGTGATGAAGGGAAGATATGTAGTCGTCCGTGTGGGGAAGGGCGGCAACCCTCAGGCAATTTCGGAATTGGAGAGGGAATGCCTGATTTCGGGCTTTTCAAAAGGAGGGGATGCCTGTAAATAAAGCCTATGTCTTCTAAAAAGCCTGTCGTTCTTGTTATTCGCGACGGCTGGGGCCGCAATCCGTTGGGGCCTGATGTCGCGAAAGAGTACGGTGACGCCACTGTTCTGGCTGATACCCCTTTTACTGATTACCTCCTTGCCAACTATCCCCACAGCCTGCTGGGCGCTTCCGGGGAGGACGTGGGCCTTCCGGACGGCCAGATGGGCAATTCCGAAGTAGGGCACTTGAACCTGGGCGCGGGCCGCGTTGTCTTTCAGGACCTCTGCCGGGTGGATAATGCCATCAAAGATGGTTCCATGGGGGAAAACGCCGTGCTGAAAACCGCTTTTTCCCAGGCCGCTTCTTCCCGTCTGCACCTGCTTGGCCTGGTGAGTGACGGCGGCGTGCACAGCCATATCAACCATTTGATCGGCATCGTCAAATATGCTTATGAAGCGGGTGTCCGCGATATCTGCATCCATGCCATTACGGACGGCCGTGACTGCTCGCCAACCAGCGGAGCCGGCTTTATTCGCCAGCTGGAGGAAGCCGTCAGGCCGTACGGCGCCAAAATTGCCACGGTTGTCGGCCGTTTCTATGCGATGGACCGGGATAAGCGCTGGGACCGCAACAAGCTGGCATGGGATGCCATCGTTCTGGGGCGCGGCGAACAGTGCTCCTGCTCCCCTGCCGAATATGTGGAGCAGTGTTATGCGAAGGGGGAGACGGATGAGTTCCTGAAGCCCGGCATTTTTGCCTATGGCAACGAACAGCGCGTGAGGGACAACGATGTGGTGTTCTTCTTCAATTTCCGTGCGGACCGCGCCCGGCAGATGAGCGACGCTTTCCTTTACCCCGAATTTGACGGATTTGACCGTGAAGTAACGCCCAAAGTGCACTATGTGACGTTGACGGAATACGATGCCAAGTATCCCTCTCCCATTGTTTTTGAACAGGAACAGCTGAACAATATTTTCGGGCAGATTGTGTCGGAAGCCGGGAAAACCCAGCTCCGCATAGCGGAAACGGAAAAGTACGCCCACGTTACTTTCTTCTTTAACGGAGGTGTGGAGACCCAGTTCCCCGGAGAAGACCGCATTCTTGTTCCTTCCCCCCGGGAAGTGGCTACTTATGACCTGAAGCCCCAGATGAGCGCGGCGGAAGTGGCGGATAAGTTTGTGGACGCTGTGGACAAGTATGATGTG
NZ_CP072046.1_gap49	1707773	1709182	1409	CTCCACCTACACGATTGAGGATATTCCCGCCGAACTCAAGGAAGAAGCCGAACTGGCCTACCATGAACTCGTGAGCCGTGTGGCTGACGTGGACGATGAGCTTGCTGAAAAGGTGCTCATGGAAGAACCCTTCACGCCCAAAGAGCTTAAGGAAGCTATCCGCCGCGCCACCATCGCCAACAAATTTGTGCCTGTTGCCGGTGGCTCCGCTTTCAAGAACAAAGGCGTTCAGTTCCTGCTTGACGCCGTGGTGGATTACCTCCCCTCCCCGGTAGAAACCGTTCCCGCCCACGCGGAAAGCACGCTGGATCCGGAAAAGACCTTCGAAATCACCGCTACGGACGATGCCAAGCCCATGGTGCTGGCGTTCAAGCTCTGGGCTGACAAATTCGTCGGCAAGCTGGTGTTCATCCGCGTGTACTCCGGTGTTCTCAAGAAGGGTGACACCGTGTACAATCCCCGCACCCGCAAGACGGAACGCGTGGGCCGCATCATTCAGATTCAGGCTGACCAGCATACGGATATTGATGCCGTGTACTCCGGTGACATTGCCGCCATCGTGGGGCTGCGCAACGTGACCACGGGCGACACCATCACCAGCCCGGACAATGATATCTGCCTGGAACCCCCCACCTTCCCGGAAACCGTTATTTCCATGGCGGTAGAGCCCAAGACCAAGGCTGACCAGGAAAAAATGTCCAATGCTCTGGGCCGTCTGTCTGAAGAAGACCCGACTTTCCGGGTGAAGACTGATGAAGAAACCGGCCAGACCCTGATTTCCGGCATGGGTGAGCTTCACCTGGAAATCATTATTGACCGCCTGATGCGCGAATTCAAGGTGGAAGCCGACATCGGCAAGCCCCAGATTGCCTATCGCGAAACCATTACTGCCCCTGCCCATGGCGACGGCAAACTGGTCAAGCAGTCCGGCGGCCGCGGCCAGTACGGCCACGTGGTCATCGATGTGAAGCCGAACGAACGCGGCAAGGGGCTTACCATTGAAAACAAGATCGTAGGCGGTGCCATTCCCAAGGAATACATGAACGCCGTTTATGCCGGTCTTAATGAAGCCATGACCACGGGCGTCGTCGCCGGTTATCCGGTGGTGGACGTGCACGTTGAAGTGGTGGACGGTTCCTACCACGAAGTGGACTCCAATGAAAACGCTTTCAAGATGGCTGCCATCTTCGCCATGAAGGACGCTTTCAAGAAAGCCAAGCCGATCATGCTGGAACCCATCATGTCCGTTGAAGCTTCCACCCCGACCGATTATCAGGGCGACATCATGGGCGACCTGAACCGCCGCCGCGGCCAGATCAGCAACATGGAAAACAAGGCCAACGCCTGCATTTTGAAGGCTATGGTCCCCTTGTCCGAAATGTTCGGTTATTCCACCGCCATCCGAACCC
NZ_CP072046.1_gap50	1713291	1714828	1537	TGTCCTACACCCCCAAGAAGGGTGCCTACCTGCTGAATAAGACGCTCAAGTCCGCGTTGGCCAACGCCGAGAATAATGCGGAACTGTCCGTTGATACGCTGGTGGTCAAGTCCGTCATGGTCGATGAAGGGCCCACGATGCGCCGCACGATGCCCCGCGCCCGCGGATCCGCCAACATGATCCGCAAGCGTACATCCCATATTACCGTTATCCTGGCCGATCAAGAAGGCTAGGCCTTACCAATCTAACACACATATAGCTGAACTAATATCATGGGTCAGAAAGTAAATCCAATCGGGTTCCGCCTCGCCGTCAACAAGGACTGGCGCTCCAAGTGGTACGCCACGGGCCAGGATTACGCCACCAAGCTGCATGAAGACTTGGTGATGCGCAAGTACATCAAGGAACAGTTGATGTCCGCCGCCGTTTCCAGCATCGTGATTGAACGCGCCTGGAACAGTGTCCGCATCACCGTCCACACTGCCCGTCCGGGGCTTGTCATTGGCCGCAAGGGTGAGGAAATTGAAAAGATCCGCCAGTACCTCCAGGGCCTGTGCGGCGCTTCCACCCAGGTCAACATTGACATTGTGGAAATCCGTTCCCCTGAAACGGACGCCCAGCTTATTGCAGAGAACGTGGCCGTCCAGCTGGAACGCCGCGTTTCCTTCCGCCGCGCCATGAAGCGCGCCGTGCAGGTTGCCATGGAACGTGGGGCCGACGGCATTCGCATCCGCTGCGCCGGCCGTCTTGGCGGGGCTGACATTGCCCGTGCCGAATGGTACCGCGAAGGCAAGGTGCCGTTGCAGACGCTCCGCACTCCGATTGACTACGGCTTTGCCGAAGCCCGTACCCTGTACGGCATCATCGGTGTGAAGTGCTGGGTCAACAAGCGCGATGAAGTCGTCTCCCAGCAGAATTCCCGTCCGTCCGGCCCTCGCGGACCCCGTCGTCCGCGCGCCTAAGAAAGCCGCTACCACATTTGTTCATCACACTTAACACAAGGAGGAATAAGATATGCCTTTAATGCCCAAGAGAGTGAAGCACCGCAAGATGCACCGCGGCAGCCGTTCCGGCAATGCCACCAGCGGTACCTATGTTGCTTTTGGTGACTTCGGCCTTCAGGTGCTCGACCGCGGTTGGATCACCAACAACCAGATTGAAGCCTGCCGTATTGCGATCAACCGTTACCTGAAACGTAAAGGTAAGGTGTTCATCCGCATTTTCCCGCAGAAATCCTTTACGTCCCGTCCCCCGGATACTCGTATGGGTAAGGGTAAGGGCGCCGTGGAAGGCTGGGTAGCCGTTGTCCGCCCCGGCAACATTCTGTTTGAAGTAGGCGGCGTGACCGAATCCCAGGCGCGTGAAGCCCTTCGACTGGCTTCCAACAAGCTGGGCGTATCAACCCGCTTCGTCTATCGTCAAGGCGTTCAACACTAAAGCTACTCATCACCATGTCCGATAAGAACTCCGCCAAAGAACTTCGTGCTATGTCCGCCAAGGAGCTTTCCGCTCTGGTGCGCAGCCTTCGTGAAGAACT
NZ_CP072046.1_gap51	1733011	1733732	721	GGGGAAGGGCGTCAGCACCATTTCGGTATTGTACAGGGTTCCGTGTATGCGGATTTAAGAAAGAAGTGCGCGGAAGAACTGGCCGCCATGGATTTTGACGGGTACGCCATCGGCGGCGTTTCCGTGGGAGAGCCGGAGGATGAAATGCTCCGCGCCATTGATCATTCCGCTCCCTGGCTGCCGGAGGAGAAGCCCCGGTACGCCATGGGGCTGGGCACCCCCCCCCCAATTGCTGGAAATGATTGCCCGCGGCGTGGATATGTTTGACTGCGTAATGCCTACCCGCCTGGCTCGCCACGGCGTGGCACTGACTCCGGACGGCCCCATGCATATCAAGAATCAGCGCTGGGCGACGGATTCCCGCCCAATTGACCCGGAGGGACATCCGCATGTCACGCAATTTTCCCGCGCTTATGTGCGGCATTTGTTTAAAGCCGGTGAAATACTCGCTTTAAGATTGCTTTCTTTTCAGAATCTGGAATTCTATCTCCGGCTGATGGCCCAGGCGCGCGAGGCCATAGCCGCCGGCACGTTCGGTTCCTTCAAGGATTCGTTTATCGCGCGGTATAAAGCAAACGACATTTTATGAATATCTTTATGTTAGCACAGGCTCAGGATGCGGCGGGTGCCGCCGGGCAGGAACCCGCAAATATGTTTCAGCAGATTCTCGCCAGCCCCATGTTCATGTTTGTGATTATCATCGTCCTGTTCTGGGTGATGC
NZ_CP072046.1_gap52	1768677	1771571	2894	GGAATTGTGCGCTGAGGCGCGCTGCGGCGTGGTGGCGATGCACATGCAGGGACGGCCTGAAACCATGCAGGACGCTCCTTCTTATGAGGATGTGGTGCGGGAAGTGCGCGGCTATTTTGAGGAACGTTATGATTTTCTGCTGGCGCGGGGCCTGGAACCGGAACAGATTTGCTGGGATCCCGGCATCGGCTTTGGCAAAACGGCGGAACACAATCTGGCCCTGCTGTCCAACATGGACAAGCTTCAGGTGGCAGGCCGCCCGGTGCTGCTGGGCCTTTCCCGCAAGCGCATGCTGGGCGCCGTCCTGGGGGATGCGGAGCAGGGCCGCGCGCCGCTGAGCACCGCCGTGATGACGGTGTGGGGGCATTTGCACGGCGCGCAGATTCACCGTGTCCATGACGTGGCGGAATGCTCCCGCGCTCTCCGGCTGATCCGGGCCGCTGAACCGTTTGTCCGCTGATTGAGCCATGGAATCCGCTTCTTCCCGTCCGGTATTGACGTCCCTGGCGTCCATCGCGTTTTCCCTGGCGGTGGTGTTCCTTTTTCTGGCGGTACGGGGGATCTGGCCTTTCGGCGGCCGCTTCCTGGAGTATATGGATAACGGGCAGCTGGTTTATCCTACCTTGAAGTATTATGCCTCCGCCCTGATGTCCGGAGCGTTTGACGGAGCTTTTTTTTATGATGTCAATGGCGGCGCGGGAATCCGGGTGAGCCCTACGCTGCCGCATCAGCTGCTGATCCCCTCCACCTGGATTGCCGTGGCGATGGGGGATTCCTTCCTGTTGAAGGACATGGTCTGGGTGATGCTGGCGGATGTGGCCTGCATCTGCGTGACGGCTTCCTGGTTCCTGAGACGCGTGTTTCCCTCCCTGCCCGTATGCTGGACCGTGCTGCTGACGGCGGGTTATGCCGTGGGGGGCTTTTTCCAGACCAAGTACGGGTTCATGCAGTTCCTGGACCATGCCGCCATGTTCCCCCTCTTTGCGCTGGGCCTTTACCGTCTGGTGAACGGGGGGAGGGGCTGGCTGTATGCCGCCGGCCTCTTCCTGCTGGCTACCTCCCTGTACAGCGCGTTCATGTCCGTCGTCACCGGCTGGCTGTTCGCGTGGGCCTTTACGCTGCCCCTGAAGGGGACGCGGGAACGCCGCGTGCGCCTGGCCCGCGTGTTCTGGTACACGGCGGCGGTGACGCTGGCCACCTGTTATTACTGGCTGCCGATGGCGGAAATGAGCCGGGATTCCATGCGCTCCCTGTTTATGACGCCGCCCACGTTTTTTGAGTTGTCATGGCCGTTTGACCCTCCCAAATTCCTGGAACGCCTTTACGCCTGCCTGCCGGGGATGTCATTCGCCGCTCTGGCGGCGGTTTATCTGGCTTGCGGGAAGCAGGCGTCCCCTGCGCCGGATAGAGGGAGGCGTTTGTTTATCCTTCTTCTGACGGCGTCCGTTTTGCCCGCGTTTGTCGAGCCCATCCACCGCGCCGCCCATTTGTGGAGCTACGTGGATTTTCCCGTCCGGTTCGGTTTTATTCCCAATCTGGCGGTAATGTCGTTCTGCGCCTGGATTTTGTCCGGCGGCAGGCTGCCGGGGCCGGCAGGACGGCCGTGGGGGTGGGGATGGAGCCTGGGACTTCCCATAGCGGCTTTTTCCGTTTCCCTGTTTGTCCTGCAGATGACGGCTGCGGATCTTGCGGCGCGTCTTCTGCCGTTGCTGTTTTTTGCATGCGCATGGCTGTGCTGGAGGCATGTGGAAGGCAAAAGGCTGGCGTGGTCCATTGCCGCCGTGATGATGCTGGGGCTGCCCATAGGGGCTGCCGCGTTCTGGAAGCAGGGGGAGGAGGAGAAAGCCTCCGTCCAGGCGCTCAATGCGGAATGGCTGGCGCGCGGCATGAAGGGGTATTCAGGCTTGCTGCGCGTAAAGGACAGGGATCGCCTGATGGTGGAAAACGCGGATTGCCTGGGGCCTGTCCCGGGTATTGGCAATTTCCGGCATACGACGAGCATCGATCATTTCCGTTTTCTGAAAAACCTGGGGTACCGGGATGAATTCACGCGCACATACGGCCAGGGAGGCACTCTGTTTTCCGATTTATTGCTGGGCCATGGTTTTGTGCTGGCGTCCCGGCCCATGGAGGGAATGGAGTGCGTGCTTTCCCGGGAAGGCATGTATTTATACAGGCTTCCGGGCGCCCGCTGGGGGCTGGTGGTTCCCCAGGGCGCGCTGGGGCTGCGTCTGGATGAAAACGCTGATGTGTTCAGCAATCTTAATGCCCTGCATGCCGCGCTCTGCCCATCAGCGGAAGGCCCCCTTTACGTACCCGTAACAATGAGGACGGAGATGAGCGGCCCCTTTTACCGGGCGGGCATTCCGGAATATCCCGGCGCGGTGTACGGGTTCCCGCAGACGGATACGGCGGAACTCCGCGTCAATGGCTGTGCGGTGTCCGTCATGGCGGAGGCGCAGAAGACATCCGGAGGAACGAGCCGCACCTATAACGGGGTATTGGAGTTGAAGCGTGCGGCCGTTGCCGGGGAAACCGTGGTGGAGGGAAGAATGCTGCGGGTTGTGGAGTCTCCTCTTCTGGCGGCTGCGGCGCGTACGCCGGAGCAGGATGTTCCGGTTCTGGGGAAAGAGCAGGATAAGTACGGGCTGGAGGCGAAAGGAAGAGGTGGCCATGTGGAGGTGGGGCTGACTGCCGGAGAAGGGGAGGCTCTCATGGTTCCGCTCGTGTATGACCGGGGATGGAGGGCCCGGCGGAACGGGATGGAGGCGCCTGTGGAAAAGGTGGGGGAATTGATGGCGGTGCGCCTTCTGGAAGGGCAAAACCGGGTGGTGTTTGATTATTATCCGCCTCTGTTGAAAAGTTCTCTGCTGGTTTCCTCCGGAGCGGCCGTC
NZ_CP072046.1_gap53	1776543	1777696	1153	GGCCTGCGGCGTGTTCCGCGTCTCCTTCTTCACCCGTTCCGGCATTGTCCACCACAATGGCCGCCCATCCCTGCCTGACATAATGGAAAGCCATGGCGTTGTTGCCCGGCTGCTGTACGGAAGGCTGGTCCAGATCCGGTGATGTTTCCCCCGCCAGCTCTTCCTTGGTCTGGTCTGACCCGGGAATGCAGAATAGCACGGGAACCGGATTTTTGTCTGAAGCGTTGTTCGGCAGGAGCACCAGGAACGGTACGGCGGCTCCCGGGAAGGGATAGGCTTCCCATTTTTCCACCCGGTAGTGTTCTCTTGGCACGGTTTTTACCAGAACGGGGGCGGGGATATCCGCCTGGGGGGGAATTTCATCAGTTGTTGCATGGCTTTCCGGACTTTTTCCCGCCAGGCGGGGAAATCCTTCGGAGCCATATCCGGGGAAAATTCGCATGCCGGACGCAGTTTTTCCAGCATGGTCTGGACGATACCCCGGGAGGAAACATGCCGCTGGTCGCTCCGGGATGAATGAAGCACCGCCCAGTCTGCCGCCCGGAATTTTTCACTGGGCGGGGTAAGGGAGAAGGAGGGAAGAGAAAGGGATGCCAATAGAAGAGAGAAAAAAACGGCGGGCTGAATAGTCATGAAGCCAGATTGCCATAAAAGAAGCTTCCATTGCAAGGTTGCAGCGGTGGTCTTTTCAGGTTGTTCCTGACGCATCGGAAGCTTGAGTTTTTCCGGGCAGGGCGGTAGTCTGGCCGCCGTCATGATGGCGGGGGGTAAGAGTCTTGGAAGCCCGGAACCGCGGGTATGCGGCCTGGGCCTGGCTTCCGGCTTCGGCATGGGGGCGGCAGTCCATCTTGCCGGGGTAAGGGAAGGGCGCAGAGTGTTGAAGCCGTTGAGCGAATTGTGGGGCGAAGGTAATCCCTGGGGCGATGTATTGAGCGGATGGATTCCAGACAGGGAATTGTTATGCAGCCGCAGGAACGGCCCTGCTTCCCAGCTGGCGCTGCTGTTGGCGCGCCAGGCCGTGGAGGACGCCGGATGGGGAAGGAAGGAATTGAGGGATGCCGCCCTGATTGTGGGCAGTTCCCGCGGGAATGCTTCCGGATGGCTGAGCCCGTGGCCGGGACGGCGGCCCATGAAAATTTTGGCCGTTCCCAAT
NZ_CP072046.1_gap54	1783925	1788751	4826	GAAAGGCGTCAATTGCTTCCGGTGAGTGAAGCCACGGCGTCAAACAGGTCGTCCATGGCGACGGAGGATGAGGTGCGGGCTCCCAGGTCGCGAAGTTCCATGACCGGAAATTCATCTCCCACGATCAAGGCCGCGCGGGCGCCGGATTTGACGGCCTTCTGGAGCTGTCCGTTGACTTTGGTGAGCGTGAGGGGAAGGTCCACACTGTATCCCTGGTCCCGGAGGGCGGAAGCGATGGCAAGAACTTCCGCGCGGCGGCTCTCAGACGCCTGAACCATGAAGATGTCGCAGCCTGCGGAGGCCAGCGCCGCATCTTTCAGTGCTTTGGCATGGGGCGTCTGTTCAATAAGGTGGGTGATGACGGCATCCCCCATGGCAAAGCCGGTTGCCGGCATGTCCACTGCGTTATTGGAAAGGGCGCCTACCAGCGTGTCGTAACGTCCTCCGCCGGCTACGGCGCGCAGGCTGCGCTGTGTGTCAAAGATTTCAAAAACCAGACCGGTGTAGTAGGCCAGCCCGCGCACTACGGATAAGTCCAGCTTGACATAGCCGTCCAGCCCGCGGGCTGTCAGGTCTTTCATCAGGATGTCATAGCGTTCGGACGCTCCGTCGGGCGGGTTTTCAATGAAGGCCACCAGATCGCCGCGGCTGATATGGAAGGCGTCCAGCTTGCGCTGGCATTCTTCCGGGCGGTCACGTTCAAATTTGTCCACAATGCCGAGGAAAGCGGGAATATCCTGTTCCTGCACGCCGTGTTCCGAAGCAAACCTGATCCAGGCTTCCCGGTCAGAGACGCGCACGATGAAGTCGTTTTGCGTAAAGCCCAGTTCCCTCATGCAGTCGATGGCCAGGGCTATCAGTTCGGAATCCGCCCACGCGGAGGCTTCTCCCAGAATGTCCGCATTGAATTGATAAAATTCGCGCAGACGCCCTTTCTGGGGTTTTTCATAACGGAAGCATGAACCGATTTCAAACCACTTGAGCGGTTTGGTGTATTCGCGCTGGTAGGCGGCTGCGATGCGTCCCAGGGATGCGGTGAGTTCCGGGCGGATGGTGATGTCCCGGTGCCCCTGGTCCGTGAAGCGGAAGAGCTGGGTGGGCAGCTCGCCTCCGCTCTTTTTAAGATAAAGCTCCGTGGCTTCCACAGTCGGGCCCTCCCATTCCAGGAATCCGTAACGATGAGCCACCTTCTTCCATGCGTTGAAAAGATAGTTGCGCACGGCGCAGTCCGCCGGTGCAAAATCGCGGAATCCGGGAAGTGGTTGAAAGCGAGCGTCTGGCATAACCTGGAAAAAAGGATGTTGTCTGAGGACGAAACAGTTTACAGAATTCCTATGCCTTGGCAAGTCCACATGCTTATGATGAAGGAATTTCGGTGGAAACCATATGAATGACTCTATGCAGGAGGATGGGGACGGTTATTCCGGTTTTACATGAAATGAGGAAGGGCGGGAAAGGATTGATTATTGGGGACTTTATTGTTTTTTTTAATTATCCGGATTTTTTGCGCGGGCTGTGGGGCATGCGGGTTTAAGTGCCTGCGGATTTGTAAACGGATGTCAAACAACAATATTGAACAGCAAGGGGAAATGATAAGAAGGTGTTCCCAAAAGTTTTTCTGCGTATGGAGCATTGCATCTTTCCCTTTATAGAAAAATGTTTTCCTCCCGCGCTAAAAAGAAAACCGGGGCAGTTTTGTTTGATTTCATAGGAGTATGACGTGAAACGGATGAGTTTTTTTTCTCTTTGGGAATCTAATATCAGTATTGATTATGTGTAAAGAATGTGGATGCGGGGGGGAGCTCTCCCATGAAAGTCACGGCCACGGCATGGACGTCCATGTTCCGGTGTTGGATGCCAATGACCGGCTGGCAGAGCGCAACAGAGGTTTTTTTGCTGCAAAAAACCTTTTGGTTATCAATGTTTTTTCTTCTCCGGGGTCAGGAAAGACTTCCCTGTTGCAGAAGACGGCGGAGATGCTCCGCGGCCGTGTGCGCATGGGGGTTATCGTAGGGGATTTGGCGACGGATAATGATGCGGAACGCCTGAGCCGAGCGGATATCCCCGTAGTGCAGATTACAACGGGCACCATGTGCCATCTGGACGCCCGCATGATTGCGGAGGCCATGAAGAAAATGCCTCTGGATGATCTCGACGTTTTGATTATTGAAAATGTGGGTAATCTGGTTTGCCCGGCTTCCTATGACCTGGGGGAAGGCGTGCGCGTGGTGCTGCTTTCCGTGACGGAGGGTGAGGACAAGCCGTTGAAATATCCTCCCATGTTCCATTCTGCGGATGTTGCCCTGGTGACCAAGTCCGATCTGGCGGATGCCGTGGATTTTAACCGTGACGCCGCCCTGGCCGCCCTGAACAAGGTGGCTCATCATGCGCACGTGATGGAGGTGTCTTCCAAGACCGGCGAAGGAATGGAGGCCTGGTGCGAGGAGATTGTGGAACGTGCGCGCCGCGCCCGGGAAGGCACGATTCAGCATCATGGCCATCACCACCATTGAACAGGCCGCCGCGGCATTGAAATTTGAGATAGCCGGCATGGTTCAGGGGGTCGGCTTCCGTCCCCATGTGTACCGTTTGGCGGTACGGCACGGATTGAAGGGGTTTGTGCGCAATACGGAGTCCGGTGTGGAGATTCATGTGGAAGGGGAGTCCGGCGCTCCGGAGCGTTTCTGGACCGCGCTGATGGACGGCCTGCCGGAGCATGCCCGGGTTTATGGAGTGGAGCGTACCGTATGCGAGCCTGCCGGTTTTGAGGAATTCCGCATTGAGGAAAGCGATTCCACCCCCGGAGGCGTTCCGGTGATGCTGCCGGATCTGGCTCCGTGCCCGGAGTGCCTGGAAGAAATGCGCGACCCGTTTTCCCGCCGGTATCATTATCCGTTTACCAACTGTACGCACTGCGGTCCCCGCTATTCCATTATTGAGACAATGCCGTATGACCGCGCGGGCACCAGCATGAAGGGGTTCCGAATGTGTCCGGAGTGCCGGAGGGAGTACCAGGATGTGGAGGACAGGCGTTTTCACGCACAGCCTATCGGCTGCCCGTCCTGCGGCCCTTCCGTGAAGGTGCTGTTTTCAGATGGTTCCGAACTGGGGTTCGGCCATGGGTTTGATACCCCCGCGGCACAGGTGGCATGGGTGCTGGCGGACGGTTTGATTGTGGCCCTGCTGGGCGTGGGAGGGTTTCAATTGCTGGCGGATGCTTCTTCGGAAGCTGCCGTCAGGCGTCTCCGGCGGTTGAAGGAGCGTGACGCCAAGCCTTTTGCCGTGATGGTGTCGGATGTGGCTGCGGCGGAGAGGCTGTGCCGCTTGTCGGAGGAGGAAAAGCGCCTGCTGGCTTCTCCGGCCGCCCCCATTGTGCTGGCCCGGGGGAGGAAGGATGTGGATCTGGCTCCTTCCGTGTGCATGTTCAGCCGTTTTGTGGGGATAATGCTTCCGTCTTCCCCTCTTCATGCGCTGCTGATGGATGTGTGGGGAAGGCCTCTGGTGGTGACCAGCGGGAACCTGAGCGGCGAGCCCCTGTGCATCTCCGTGGAGGAGGGGCTGGAGAAACTGGGCCATGTGGCGGATGTGTTTTTGGTGCATGACCGTCCGGTAGTGCGGCCCGTGGACGATTCCGTGGTCCGCGTTACGGACGGCAGGGCCATGATGGTTCGCCGCGCTCGCGGATATGCCCCGCGGCCTGTGTGGCGCACATCTGCGGCGGCTCCCGACGTGCTCGCCCTGGGGGCCGGACTGAAGAATACCATCTGCTGGCTGAAAAGGGGCGTGGCTGTCATGAGCCAGCATCTCGGTGACCTGAGCAGTGCGGCTTCTCTGAACGCTTTTGAGCGGACGGTGGAGGCGCTGGGCAGAACCCTGGATGCCGTTCCGCAGGTAATTGCCGTGGACGCCCATCCGGACGGCCCCACTTTTGCCCTTGGCCGGCGTCTGGCGCGGAAGTGGAATGCAACGGTTGTCCCTGTGCAGCATCATCAGGCTCATGTGCTGGCCTGCGCCGTGGAAAATGAAACGCCGTTTCCCGCTTTGGGCATAGCTTGGGACGGGACGGGGTTCGGTACGGACGGAACGGTATGGGGAGGGGAATTTTTTGTGTTGGAGGAAGAGGGTGAGCCGCGCAGGGTGGCCCGCCTCAGGCCGTTTCTTCTTCCCGGTGGGGACGAAGCGGTTCGGGAACCTTCCCGGTGCGCCTGTTCCCTGGCCCGTCAGATGGGGCCGTGGCGTACGGACGGGCTTGATAAGCGTCTGGAGAGGGGGATGCCTGTGCGGAAACGCGAGGTTCTGGAGGCGATGATGGCCCGGAATATCCATTGTCCGTCCTCCTCGTCCATGGGGCGGTTGTTTGATGCCGTGGCTTTCTGGTGCGGTTTTGACGGTGCGGCGGGGTGTGAGGGCCATGCCGCCATGATGCTGGAATCATGGGCCGCGGAAGCTTCCGGGGAAAAAATGCCGGGGGACGCGTATGAATGGGTCATGCATGAAGAAGAGGGATTGCTGGAACTGGATTGGCGGCCGCTGATGAAGTCTGTGGATGAAGATTTGTTGGAAGGCGTTTCCCGCGGCTGCATCGCCCGCAAGTTTCATGAGAGCCTGGTGAATCTGGTCTTTGACGTGGCGGAGCGTTTCTGCCTGGATAGGCTGGTGCTGGGCGGCGGATGTTTTCAGAATGCCTTTTTGCTTGAAGGACTGGCGGGAATGGCCCAGTCTAGAAGGTGCCAGTTGGCTCTGCCCCAGCGGGTGCCGTGCAATGACGGGGGAATTTCCTTGGGGCAGGTTGCGGCGGTCGTACGCCAATGGAAAGGATAGAATAT
NZ_CP072046.1_gap55	1821225	1822530	1305	GGTTTCCACCTTGAAATTGTCCGGGCATTTGACGCTCCTGGGCCACGGCAGGTGGTAATTGTCCGCCGTATTGGAGGGGAGTGCCCCACCTTTTTCCTGTTCCGCGATGAAATCCCTGTCTTCCCGGGAGAGCTGGGAGAGGGGAATGGAGACGGTTTGTCCGCCGGAACGTTTCAGCACGGCTTTTTGGCCGTCCAGCCTGATGAATTCTGCTTCCAGTTTTTTCCCTTGGAGGTTGGTCCAGGTGCGCCCCTGTGCAAGGGGGGTAAGGAAAAGGGCGAACAGAGTTCCCGCCGCCAGGCAGAGGCGTGCGGGCTTTTTCATCAGGGGTAAGACGGGAGGCATGAACATAATTGCGTTTAATGTTTGGGACGCGGCAGCATCAGGAGCAGCAGCCCGCAGAACAGCATCAGGCATCCTGCCGCCGCCAGGGTGGTGGTCAGCGGAACGCCCTGATCCTTGAACCATCCCCCAAAGAAGGAGATGAGGGCGCCCACGCCGGCGGATGTGAGGTTGAGGAGGCCATAGCCGGTTGCGGAATAACGCTCGTCGATATGGGAGCGTAGCACAGGCATGAGGGTGGCGTCCAGCGATCCCTGCGCCAGCCCCTGCGTGGCGACCAGACCCAGCATGAGCACGAGCGGGACGGTGATGTCCCAGCCGAAGATGCCGGGCAGCAGCGCCAGAACCACCAATGGGCCGGATATGGTGAAGGTGATGCCCGGCACCAGGGCGCGGGCGCGGGCGTTGCGCCTGTACCACATGTCCGCCAGGATGGCGCCTCCCAGCACGGCGACGTATTTGGCCACGGAGCTCCACAGGGTGGCGGCGGGGCCCGCTTCCGCGGAGGAGAGCTGGTATTTGTCCTGAAGCAGGGTGGGATACCAGGTGAGAAGGAACCAGTTTCCGGCTCCGGCAAAGGCCACTACGGCCAGCAGCATCCACATGGGGCGTCCGCTCAGAAGGCTGGAAAGGACGGCTCCGGTGGAAAGTTTGGAAGAGGGTTCCTTGATGGCCTGTTCGTCATTGTCCACATTGAGCAGCACCGTTTTTTTCTCCGGTACGGACGGTTTTTTTGCCTGGGCCGTATCCGCCGGGGCTTTGGACGGATCTTTCAGGAACAGGATGAGGATGACGGCGTACGCCACGCCGATGAGGCCGAACAGGGCGAATGTCATGCGCCATCCCGTCCATGAAGCCATGGTGGCACCGAAACCGGCGACGGCCATGCCTACATAGATGCCGCTCATGTGCAGGCCCGTAGCGATGGAGCGCGTGCTGCCGCGGTGGTAGTCCGTAATCAGG
NZ_CP072046.1_gap56	1906197	1910898	4701	ACGTACTCCTCCATCTTCATCGCTTCTCCGGCGGCTCTTTTCTTCTCCCGGAAGCATGGGTTGCATGAAGAAGTCAGACAGGCCATGAAGGCCGGAGCCTGAGGTCTGGCGTTGAGCCGTTAAATCTCTGACCGGGGAAGGCAGAATGCCTTCCCCGGTCTGTTTCTTGGAAAGAGAGGGATGGGGAAAGGCTCTGTATGGAATAACCTCCGTGTTCTTTCCCCGTCCGCCTCCTTCGCTTTTCCTGTTTCCATCATATACGGCTAACGGCTCCCGTATGACTCTTCTGCCTCGCATTCCTCCCTTTTATTTCCGGCATAAGAAAACCCCGCCTGCCGTTAGGCAGACGGGGCCGTATCTCTGGTTTCCTGCTATGTATTTCTGCGGGTGAGATTATTCATCATCCCCTTCCTCCTGTGCCGGAGCGGGAGGGGGCGGCATGTCGTTGTTGCCGCGGGCTGCCTTTCTGGCTTCCCTGCGCGCTTCAAGAGCCTTGGAAGCGTCAGCGTTGAGCTGGGCCATTTCAGCCTCATTCAATTTTCCGTCCTTGTCGGCGTCATACTTTTCTTCAATCAGGATCCATCCGGCAGCCATGATCGGGGCGCGGTTGGGGTCAAGCTGGGGACGAGGACCGTTAGGGCGGTTGCCGCGGGGGCCCCGGTTGGCGTCTTCACGGCGTCCTTCACTGCCTCTGCGGCCTTCCGGTCCTCTGGGAGCGCGGGGGCCTTTAGCTCTGGGGCCATCTCCCGGACGCCTCGGACCGTCCATGTTGGGCATTCCCGGTTCTTTGGGGCCACAGGGAACGGCATGGTGCGGGCCGGGCTGGCCGTGATGAGGGGGAATGGCCTGCAATTCTTCCGGGGAGAGTTTTCCATCGCCGTCTTTGTCAAATTTTTTGATCATGTCGGCGACATAGGCTTCATGACGGGCTTTCATTTCTTCCATGCGCTTGGCTGCTTCCGGGTGGTTTTTGGCCCAGTCTTCCCGCATGGTTTTCTTTTCCTCGTCGGAAAGCTTTCCGTCTCCATCCTTATCGTACTTCTTAAGCATTTCGGCTTTACGGGCTTCCTGGCGGGCTTTCATTTCTTCCATGCGTTTGGCCGCTTCCGGGTGATCCTTAAGCCATTCTTCCTGCATAGCCTTTCTTTCCTCCTTGGAAAGCTTTCCGTCCCCATCCTTGTCAAATTTCTTCAGGATGGCGGCTTTCTTGGCTTCCTGGGCCTTCTTGACGTCGGCTTGCAGAACGGCTATTTCCTCGTCGGAAAGCTTTCCGTCCTTGTCGGTATCGTATTTGGCCAATACCAGTTCTTCTCCGACAATCATGATACCGGGATCGATTCTCTTCATCTGAACCCGTTTTGGCCCCTGGCGGTCCCTGCCTCCAGCATGGTGGCGGTGACCTCCCCTTCTTTCAGGGGGGGGCTGCATTTCAGGAGCATCGGAAGGAGCCTCCGGAGCGGGAGGCGGCGGAGCGTCCTGAGCGAACGCGGAGCATGCGGCGAAAGCCGCGGCGATAATCATTTGCTTGGTCATATCTTTGAATAGTGAGGTTTGATGCGTTTCGAAAAGGAGCGTGCGCTGCGGTGTTTCAAACAGGCGGAAACGTCTCCCTTTGCTAAAAGGAACCCCTGGAATTCATTCCGGTTGCAAAATAAAAGGGCAAATGCGTCGGAGAGGGGGTGCGCCGCTGTTTTTATGACACCTGTTTTCTTCCGAGGGTAAAGAAGGATGAACCCATTGAATATGAAGAAAATTAGTAAGGGAATACAGCAATCGGGCGGGAGCGCGTGCCGCCCGTGTCATAGCGGAAAAAAAATTATTCGCCAGAAACAAAGCGGATGTAGGCCTGCCACCACTGGCTGCCGCCCAGCAGCCAGATCAGAGCGGCGCTGAGGAGAGCGGGGCCAAAGGGGAGGTTTCTGCCAAACCCCATGCGTGAGGCGGCAGCCTGTACAATCCCCAGCAGGGAGCCGAGGAAAAGGCTGAACAGGGCACCCTGCCAGCCGCACGCGCATCCGGCCATCATCAGAATCCAGGCGTCGCCGGATCCCATGGCTTCCCTGCTGGCATGGATATCCGTCAGATTTCCCTCCACTCTCTCCAGTCTTTCCAGAAGAAAAACGTCCCCGTTTTCCATCTCTATCCTGTCGGACCGCAGCGTGACGGAGCAGGGAGGGTGCGTTTTGCCGTCAATGGTGACGGAACCTCCGGAAAGGACGGCCTTGTCCGTAGACCGATGGAAAAGCATGGACCAGTCGTGAGGCTGGCCGTTGACGATGAGCTGAAGTTCCTCCCGCTCGGATTCCGGTTCCTTCAAACTCCACGGGGCGGGAACGTCAAAATGCTGTTTCCAGGTGCCGAACAGAAGCTTCCCCAATTCAATCACCAGCCTGATGACCGCATACCCTGCCGCTCCTCCCAGCACGGATGCCGTGAAGGCGTCCGTCCAGGTCATGACATGGCTGTCCGGCAGGAGGAAAGGATAAATGGCGCAGGCCCCCGTTCCGGCCAAGGCGCCGATAAATGCCTGAGAGCGGAAGACAATCAAATGTTCCGCATCCATGAACATGATGACAATGGCCATGGCAGTCCACAGGCAGAGCAGGACGGCTGCTCCCGCGGAAGCGTCCGCGTATTTCCAGCCAATGGCCGCGAAGAGCAGGGCCGTGAGCAGTTCCACAAAGCAATAGCGGAAGCTGATGCGCGTTCCGCAGCAGGCGGATTTACCCCGGAGAGCCAGCCAGCTCAGAACCGGAATATTCAGGAACCAGGGAATGGGTTTTCCGCATTCCGGGCAGAAGGAACGCGCCGGATCGTTGACGGAAACGCCCCGCGGCATACGGTAGATAACCACGTTCAGGAAGGAGCCTATGCAGGCCCCCATCAGGCCGAAAACCACGGGAATCACCCATGCGGGAAAGGCGTCAGGCATGGGAGGGGGGGGAATAGGTTCGGCTGGGCGTCTGGTTGATGCGGTCAATCAGCAGCCTTAGCCTGCCGTAGTTGCCGCGTTTGATGGGGAAGACGAGCCGGGGCAGGCGGTCCAGGTGTGGTTCGTCCGCTTCATCCGGCAGGGGGCCGCTCTGGATCATTTTCCCCCCAGGCAGAATCAAGTCTGAAAAGTCCCGTTCCAGATGTTCCACCCACTGGTCGGGAAGCTGCGCATTCAGCCGGATGACGATGGTATCTCCGACAAAACGGTAGGAGTGGAAAATCCGGTAAAAACGGTCGATGTGTTCCATGGCTTCCGCCGGATTTTTAGTGACATGGATGAGATGAAGATCGTCTGCGGAAATCAGTCCGGAATCCACCAGTTCCACGCGAATGAAGGCCAGCCAGTTCAGCCAGAAGGTTTTACCGGGGGAATCCAGAAGGACAATCGGGTAAATGGTCGCTTTTCCCGTCTGAATCAGAGTGAGTGTTTCAAACACTTCATCCATGGTTCCGAAGCCTCCGGGGAATGCCACCATGGCGTCGCTTTCTGCCACGAAGTTCAGTTTTCTGACGAAAAAGTAATAAAAATTGATGAGTTTGTCGCTGTGGGCCACCACATGGTTGGAGGTCTGTTCATACGGCAGGGTGATGTTCAGGCCGAAGGAGCGTTGTTCTCCCGCCCCTTCATTAGCTGCCTGCATGATGCCCGGGCCGCCTCCGGTAATGACCATGTAGCCGTGTTCGCTGGCTTCCCTGGCGAATTCCCTCGCCGTTTCATACGCCGGTTCGTCATTCCTGATGCGGGCGGAGCCGAAGACGGAAATTTTGCGGATGTGGCGGTACGGGGCGAAAACGCAGTTGGCGCGGTACATCTCCCGCCCGGAGCGGATCAGGACGGTAAAATCATGGTCCGAGGCGGCGGACTGGGCCATGTTGATTCCCGTTTTGATATACTCTTGGAGGTAGCGGGGATCGTGCCTGGTGGAGGCTATTTCGGAAAGCTTTTTAACGGCGCCTTCCAGAGCCTGGTAGCTGGAATCCATGGACATGGTGGAGGGTCGTTTCTTGTCTTCACCTGTAAAATCCCTGTTGTCCAAAAAATCAGGATGCTTCATGAGTTGGTATGATAGGTTTGCCCTACTATGCCAGATGACGCACATTAAGTCACAGAAAATTTACCGGCGGGCATGAAAAGAGTTGATTGTTGAAAACAGATCGTTACATTGCTCCCCGCACGGGCGTTCCCAAAACATGCCGTTGGTCCTTCAGGCGCATTGGCCGCCATGTCCGTGTTGAGGGGAAACCCGGTACATTACATACGATTATGTCGGAAAACGAAACCACTACTGCAGAAGAAACCGCCGTTACCACGCTGGCCCGTTTTGAGGTTCCCAGCCGTCTGGAAAAAATTGAAGATCCGAATGATGCGAATCATTTGACCTTTGTGGCGGAACCGTTTGAAAACGGTTACGGCCATACGCTTGGCAACTCCCTGCGCCGCGTTCTTCTGGGTTCTCTTGAAGGCGCCGCCATTACCTCCGTCCGCATTGCCGGCGCGCAGCATGAATTTTCCTCTCTGCCCGGTGTGGTGGAAGATGTGACGGAAATCGTGCTGAACCTGAAAAAGGTCAAATTCAAGCATAACGGCAAGGAACCGCGCCTGCTCTCTCTGCGCGTGCATAAGCAGGGCGTTGTGACTGCTGCCGATATTGCCGACGACACCGTTTACCAGGTGGTCAATCCCGATCAAATCATTTGCACTCTGGA
