gap_id	start	end	length	sequence
NZ_CP083178.1_gap1	113719	114298	579	GGATCATATCCTCTTGTTTCCATTGCATTACTCAATTCTTCTGCTTTATTAAATGCAGAAACGAAAATAGGAATAATTAAAGTAGTCATAGAAACAACTTTTTCCTTTAACTTACCATTTTTAAAATCTACACCACGACTTGATTGAGCTTTCATAATTCTATTAGCTTCGTCAAGTAAAGTAGGAATAAATCTTAATGCAATTGAAATAATCATAGCGAAAATATGTACTTTAACACCGATAAATTTCAATGGATATAACAATCCTTCAATTCCTTTGGTTAATAAAACAGGTTTGGTTGTGTTGGTTAATAAGGATGTTAATAAAATCATTATATAAACTCTTATGAATAACGAAATCGATAAAGTAATTGTTTCATAAGTAATCGCAAAACCCTTTGCAGGTCAAATTAAGACTTTAAAATCAGGATATTTTGTGATGATATTAGTGAATTCTCAAGTGTTTGTAACTTCATTAAAAGTTCCAGATTCTGCGTATTTAATTGAATAAACGTTGATTGCAAAAATAAATATTGAAATTATGAAGGGCAACTTTACTAATTTAATCGTTGACCAAATT
NZ_CP083178.1_gap2	130298	131823	1525	GCTAATAGAACTAATTATGACTTATCTAGTCATATGAATGCTACAGGTGAAAGTTTAGAATATCTTGATCCAGTAACAAATCAAAAATTTGTTCCTTATGTTATCGAACCAAGTATTGGATTAGACAGATTAATGCTTGCTATTATTATCGATTCATATGTTGAAGAAAAACTTGAAAACGACAGTAGAATAGTTTTAAAATTAGCTAAAGAAATTGCACCATATAAATTTGCTGTTTTACCACTTGTTAAGAAACTTTCAGATAAGGCCACAGAAATTTATGAAAAATTAATAGACTTAAATGTTTCTGTAACTTATGACGAAGCTGGTTCAATTGGTAAAAGATATCGTAGACAAGATTCTATTGGTACATATTACTGTTTAACTGTTGATTATGATACTTTAGAAGATAATTGTGTAACTTTAAGAAATAGAGACACAATGGAACAAATCAGAATAAATATTGAAGATTTACATAAATATATTTAATTAATTGGAGTTAGATGAGTGATTTTAATCAAATAATTAATAATGCTGATATAGTATCTACTATTTCAAATTTTGTTAATTTACAGAAAAAGGGTAAGGATTATGTTGGTCTTTGTCCATTTCATGGTGATTCAAATCCTAGTATGAGTGTATCTCCAGATAAAAAAATTTTTAAGTGCTTTAGTTGTGGGGTTAGTGGTAATGCTTTAACTTTTTTGATGAAAATCAAGTCACTTAGTTTTACTGAAGCTATCAAAATATTAGCTAGTGAGCAAGGAATTGAATTAAATATAAAAGATCATTCCCTTGATTATTTAAACCAAATTAGTGATGAACAGAAAGAACTTTTAGATATTTTAAGCAACGCAGAAAGTTTTTTTCATGTTAATTTGCTTGCGAATAATAACGCTAAAAAGTATCTTGAATCTAGAAATATTTCACTTGAATTAGCTCGCTATTTAAGAATTGGTTATGCTCCTGAAGATGGAATTGCTAGACTGATTAGTCAATTTAATTATACTGATACAAAATTAAATCGAGCTGGTTTAAAAAATGAAAATCTAAATGAATATTTCAGAAATAGACTTATTTTTCCAATTCACGACGAACACGGCAACACAATCGCTTTTAGTGGCAGATTGTTATACAACGATAAAAATTCTCCAAAATATCTTAATTCACCTGAGACTATTATTTTTAATAAATCAAGTGTTTTATACAATTTTGATCGTGCTAAAGAAGAAGCTAGAATTAAAAAAGAAATTTATCTTTGCGAAGGATTTTTTGACGTTATAGCTCTACTTAAAGTGAATTATAAAAATGCTGTGGCATTAATGGGAACTGCACTAACTAAACAGCATTTAAATTTACTAAGGAATTTAAGAATTAATATTTTTCTAGATAATGACACAGCAGGAGTTAATGCTACACTCCATTCAGTATATTTCTTACTAAAAAATAAATTCGAAGTTTTTGTGATTAATAATCCCTTTGATTTAGATCCTGATGAAATTTTAGTAAGAAATGGTTCTAATGC
NZ_CP083178.1_gap3	294860	297114	2254	ATAATGTGATGATTGGGGAAGCTTTAGCTCATAAATAAACATTAGACGCTCCATTGCTATAAGGTAAATTAGTTAATAATAGGGTTATAACTAATGAACCGACCGCAACACCAACTGAACGAATAAATCCACTGAAACCTAATAGACCAATTGGTGCTAAAAATTTGTATCTAAATTTAAAGTGTATCAAGTGTGTGATACTTAATCATGTTTTTTGTTTTAAATTATTTTTGTAAATATAGAACACATAAGCTGTTAAATTAATAAATCAAGCTAAAATTGTTGAAATTGCTGCTCCAAGCATACCCATTTTGGCAACTTTAATTAATAAAATGTTTAATATCACATCGCAAACATTAGCTACGATAGCTCAAAACATTACATAAACATTTTTTCCTTCAGCACGAATTAGGTAGCTAAGTAATAAATATAAACCTTGGATTATAGTTCCGCCGCAGTAGATGTAAATATAAATTTTTGATCAATATATACTTACTTCTCTTGAAGATTCATAGTATTGTTGAAGAATTTGACTTGGTTTATAATTTGAAATTCCTCATTCATTAAATTTTGTTAGTAATTCAGAATTACTGTCAAGTAATTGAAGTGAGTTTACATCGAATTTAGTGCGTGATGCAATTTGGTCAACTAAACCAGCTCAAATTGTAATGTACATTACTAAAGTTGCAAGAATAGAACAAATTACAGTTGCATAAAAAGCAGTACTTCATAAATCTTTACCAGTTTTTTCTAGTCCTTTAGAAACGCATTTAGTGTAATAAACACTAGTTCCAACTGGAATTAAGTAAACAATTGAGTTACTAAAAATAGTAAAAGGTGAAATAGTGTTTACTGCTATAGCACCTACTTGATTAGATGTCATTTCATTAATTTTCTCACTGAGCACAGTAAAATCGTTATAAGAGTGAAAAATCTGATCAAACTGTTCTCTGTTTAGCCTTACAAAGTTTTCTGGTAAAAAATTGTATAAAATACCAGTTTGAACAGCACCATTAGCAGTTGTATCTAAAAGAAAAATTGTGCTAGGTACAAAATTAAGTATGAAAATTTGATTTATAAATGCAGCCAAACCTAACATTAATGAGGTAGCTAAACCAGGTATAGCAACTATAAAGATAGCTTTTTTGACCGGAGTGTTCTCAAAAAGTAATTTTGCACGAGCTTGTTTATCGACTTTTCCAGAATTTTTTTCTACTTTTTTTGAATTAAAAAAATTCATTAAAACAACCCTCCTTTGTTTGTTTATATATTACTACTTTATTTTTATTTTTATACTAAATATTTGTGATAATTTGTTACTTGAATTAATAATTTTTGTTCATAAATTTTAAAATAAAAAAATGGTGGAGATGCCGGGAGTCGAACCCGGGTCCACACATGAATTTTTTAGCTATGTCTACAGTTTAGATTATTTTTTATTAAATTATATTAGCATTAAATAATCAAACATATTAATACAATTCCTAATTAATTTCATTTAAATTTATTAGAATCAATTTAAACTATCCTGTTGACTCGTTAATCAATTCCCAGGAAAAATTGATCACGGCTAGAATTGCAAATTAGGCAAAAGCTAGGCTTGTATTTCCAGCAAAAGCTGGGTTTCATGCTGAGTATTCAGCTTTTTCTTCTTTATTTCCGTTTAAGAAATACCTAGAAGCATTATAGTCTGCCAAACTACTGCAATAACTAATAGTCCATGCATGTCGAAACCATTACACCCCCATTAGTAATTTTGTAAGATTTTTCTAAGTCTTTTTTCTGTTTCTTCCTTAGCAATTTTATCTCTTTTATCATATTTTTTTAACCCTTTTACTAAAGCTATTTCAACTTTAATTTTAGATTGGTTGTTAAAATAAATTTTTGTTGGAATTATTGTTAATTGTTTAGCTTCATTTTCGAATTTTAACTTAATAATTTCACGTTTGTGCATTAAAAGTTTACGATCTTGATATTCATCACATTTAACATCCATATATTTACCAAAATATGCATCTTTAAGATAAATTTCATCTTTGTAAATTGAACAATAAGAATTTGTCAGAGAAATATGAGTTGCTCTTGCACTTTTTACTTCTCAACCTTGAAGTGAAATTCCGCACTCATATTTATCGATTATTTCATAATTGCGAAGATCTCTTTTATTATTACTTAGAATTTTCATACTAAATAATTATATAAAAAAATGTTAGATTACATCTAACATTATAATAAACTTGCAGCATCCTCATCA
NZ_CP083178.1_gap4	300324	301552	1228	AGTATTATTATTCCCTATTGCGGTTTTACCTATCGCAGCTATTTTACTTAGAATCGGTGCTGATATTCCTGGAACAACAGCTTTCTCAGCTTTTGTTGCAAAATGAATAACAGGGGCCGGAAATGCTGTTTTTGATAATATGCCAATGGTCTTTGCAATAGGTGTAGCTTTTGGATTTACAAAAGAAAATCGTGGTGAAGCCGCCTTTGCTGGATTTATAGGTATGTTTGTTCTTTATAATGTATTAGGAGCAACAATCGATCTATTCTACGGATCAATAAATTTTGGTGCTGCTAATGGTGGTACTGGGTTCAGATCAATTTTTGAAGGAAAATTCGATGCTGCTATGGTACAAAACGTTCTTAACGGTATTATTGTAGGTTCTCTTGTTGCTTGAATCTACAACAGAGCTAATGGTGTTGCTTTACCAAAAGTTCTTGGATTTTTCAGTGGAAAGAGACTTGTTCCTGCATTAGCAATTATTGTAGTTTCATTATTTGTTTTTGTATGAGCAATAATTTTCCCTTGAATTGGATATTTAATCTACATTATTTCAGTTGCTTTACAAAAAGCTGCAAGTCAAGACAGTAACCTTGCTAAAGCAGGAATTATGGGTGTATATGGATTTATTAACCGTTTATTAATTCCATTTGGATTACACCACATTCCTAACAACTTGTTCTGATTCCAATTAGGAGAATGAACAAACGCTGCTGGTGAACCAGTTAAAGGTGACATCTTCATTTTCTTAAATGGTGTTGCTAAAAATAACCCTGGTGGAATTTTCCAAGCAGGATTCTTCCCAACAATGATGTTTGGATTACCTGCATTAGTATTAGCATTTGCAATGACTGCAGAAAACAAAGCTCAAAGAGCTAAAGTATTTGCTCTATATGGATCAGCAGCTTTAGTTTCATTCCTTAGTGGAATTACTGAACCAATTGAATATGCATTTATGTATGTTTCTCCTCTTATTTACTTAGTACATGCTGTTCTAACTGGTATATTTGCATTTATTACAGGTGCATTCGGTATTCAACTTGGATTTGGATTCTCAGCTGGATTCATGGACTACTTATTAAGCTTTAATAAATCATTGGCAATTATTAGAGAAAGTGGATTCGAAGGAGCTAAAGCTGTTCTTGCACATCCATTATGAATCTTCCCAATCGGTGCAGTTTGTGCTGCGACATACTTCTTCGGTGGAGTGTTATTAATTAAAAAATTA
NZ_CP083178.1_gap5	337379	341607	4228	GGTTAACCTGAATTTATCATTTTCTAGAGCTCTTTTAGTTAATTCATATTTAGTTGAATCTTCACTATAATCTTCAATTAAGTCAGTTAATAATCTTTCTAATTCTGATTTTTCACTGTTATATCTTGAAAAATCAGATTCATATCTTTCTAAAAGTGAGTAGTCAACTTTAAGTGAAGATTGAAGTTCTTCTAATTTATATTTTACCACCTCAATATCAACAACATTAACATCGCTAACTTCATCACTAAATTTAATTTCTTCTGTTGTTAAATTTTTTAATTCATTAGTATATTCAACAAGTTCTTTTTCAGTGTTTCTTTTATACTCGGATATTGATACTAAGCGTTTATCAATTTCATTTTTATTTCTGAATAATTGTTCAATTTTATTTGAAATATCATAAACTAAATTTTCTTTTTCATCCAAATATTCATTAATTTGTGGTAGTAAATTTTCTAATTTAAGAATTTGTTCATCAACCCCGAGTAATGAACTAGCATTATTAATTTTTTCACCACCAACAACAACACCACCAACTCTAATAGTGTCACCATCTTTAGTTACAATCATGTATTTTTTATCAATAATTTCAGAAATTTTATTAGCTGATTCAACATCTTCAACCACAATAATATTTCCTAATAAGAATTTAGCGAGCAACTTGAATTCAGGAGCATATTTAACTAAATCGGAAGCGATTGCAATAAAGCCTGGATATCCTTGAATTGCTAAAAGATGATCGTCACGAACACTCTTAGCTTGGATTGAGCTCATCGGAATGAATGTAGCTCTTCCACCACGATTTTTCTTAAGAAAGTTAACCGCTTCTACAGCAGTTTCACTATCTCTAACAACAACATATTGTGTAGCATTATTTAAAACTGTGTCAATTGCAGTATGAAATTCACTATCAACTTCAATTAAATCAGCAACAAGTCCTTTATATCCTTTAAATAATCTTTTATTGTCAAGAATTGTTTTTGTTCCTTTAAATAAATTACTATGACTTTCCTTTTGCTGTTTAAGAATTCTAATATTTGTTTCAATTTCAATTTTTTTCTTATTTTTCTCGTTTTTATCTAATTCAATAGATCTTTTTTGGATTGTGAGGTTATCATTTAGTTTATCAAGTTCATTTCTTTGAGAAGTTAATTTAGCAATTTGTTCATCATAAGTTTTTAATTGGTGGTTTGAAGTTTCGATTAAGTTTTTAAGTGCACTAAGTCTTTCAGAATTACTACTTCTAAGTTGACCTGAAGCAATCAATTCTCTTCTTTGCTTTTCTTTTTCTACCGCGACTGATAAAGCGTTGTAACTATCTCTTAAAGCATTGATTTTTCCATTTTTTTCATTAATTCCGCGTCTTAGATCACTAATATCAATGGTTAATTTTGAACATTTTTTGTTGTATTCATCAATACGTTTTTTGTAATCAACTTTAGTTTCATCTACACCTCTAAGTTTTTCACTTAAAGCATTTAATTTTTCAGTTCCGATAGTAATATCTCTACCAAGAAGTGCGATTTCTACCTTTTTTAATTGTTCTGTTTTTGCAAGAAATAATTTAGCTTTTTCAGCTTGTTTTTGAAGTGGGCTAAGTTGTTTTTCAAGTTCATTAATAATAGTTTTGACTTGACTTAATGACTGAGAAGTTTTTTCAAGTTTTCTTTCTGTTTCAGCTTTTTTAAGTTTGTATTTAGAAACACCGGCAGCTTCTTCGAAAATTGCTCGTCTTTGTTCATCTGTAGCTTCTGCAATTTCAGCAACAGTGCCTTGAGAAATAATCGCTAGAGAAGATTTACCAATACCGGTTTCCATCGCAATCATTTTAATATCTTTTTGTCTCGATGGTTCACCATTAATAAAATATTCACTACCTTTATTTCTTGTAATTTTTCTTGTGATCGATATGTAGTCTTCTTCAAATTTCGATAAATGTTCACGGTTGTCGAAAGTTAGAGTTACATATGCTTTATCCATAGCGGGAATAATTTTTGAACCAGCAAAAATTACATCATCCATATTATCACCACGAAGTTCACGAGAAGACTGTTCTCCTAAAACTCATTTTATAGCATCATTAATATTACTTTTTCCAGAACCGTTCGGACCAATAATTCCTGAAACTCCACCATCAAATCTTAAAACTATCGGATCAGCAAATGACTTAAATCCATGTGCTTCAATTTTTACTAATTTCATTATTTATTCTCCTTAGTTTCCAGATTAAGTTTATTCAACGCATTTTCTGCAGCTTTTATCTCAGCTTCTTTTTTACTTAATCCAATCCCTTCACCATAAACAATTCCATCATGAATTGCTTTGGCAACAAAATGCTTTTCATCAAGAATTTCAACTTGATAAATGACAGACATTTTATTCATCGACTGAAAAATTTCTTGTAAAACCGTTTTTGCATCTTTATTTTCTTTATTATAAAATTTGTCAATTGCTGGATAAAGAAATTTTCCAACAAATTTTATAGTTTCTTTTAATCCTAAATCTTCAAAAATTGCACCAGTGATCGACTCGAATAAATCAGCTTGCACTTTAGGTGAAGTTTTAACTTCTCTAGCTGCTTCTCCACCCGCTGAATAAACTAATTTAGGAAGACCGATCATTTGTGAAATTTCTGAAAGTGATGCAGTACTTACTACTTTAGAACGTAATAAAGTACCTTTTCCTTGTAACATTTTTGGAAATTTTTTATAAATATACGAGGTCGTTATGAATTGTAGCAATGAATCTCCAAGAAACTCAAGTCTTTCATAACTTTGAAGTTTATTATTTTGGCTTTTAGATGGGTGAGTTAAAGCCAAAATATATAATGCTTTATTTTTGGGTTTTATATCGTTAAAATGAAAAAATTCATCTAGATTTTTAGCTTTGATTATATCCATTTCTTCCTACTTTGTTTTTATATTATATATTTTAATATTTTATTTAATAAATGTAAATAATAAAAACATCAACTATTCAGTTGATGAAAGATTATTTAGTGAACTTACGATTTTTTGATTTAAGTTTTTATTCAAACCTAATTTAATTTGATTTAGTGCACCAACATAAGATTTATAGTCACTTGAACCATGACTTTTAATAGCTAGTTTTTTAAGACCAATAACTCAAGCAGCTCCAACATTTCTATAATCTAAAGTTTCAGAGACATCTTTGAATGCACCTTTAAGAAAAAGATAACCAATTTTTCTTAAAGTTTTTTTCATAATATTTTGCTTGATTAAATCCTTAAAACTTAGAATCGCACCTTCAAGTGATTTTAAGACTAAATTTCCACCATAACCGTCAATGACCGCAATGTCAGTTGTGTAATTTAAAATGTCTCTTGGTTCTTGAAAACCAATGTAATTCAAGTTTCTTGCTTGTATTAATTTTTGGTTAGCTTCACGTACAATTTCAAGTCCTTTATAATCTTCAGTACCAATATTTAATAAAGCAACTTTAGGATTTTCAACATTTAATAAAACTTTGGCATATTCATTGGCAACAACACTTCATTCAACAAGAAAATCACTTTTAGTATTTAAGTTTGCACCAACATCTAATAAAAGAAATTTTTTACCCTTAATTGTAGGCATAATTGGCATAAATGCAGGACGAGAAACTCCTTCGAGTCTACCAAGAATAAAAGTACAAAGAGCTAAATATGAACCTGAATCACCGCTTGTTATAACTGCATCAGCCTGATTATTTTTTACTAAATTAATAGCTTCTTTCATAGAAGTGTTTTCACGGAGCATATTTCTAATGTTTTCATCAAATTTAACTGTATTAGGATTATCTATAACACTTATTTGAGGATGTTTTTCTGTTAAAAATTGATCAATTTGAACTTTATCACCAACAAGAACTATTTCAATATTTGGATTTTCTTTAACAAAATAAAGTGATGCTTTAATTGAAGCTTCAACTCCTTTATCGTTACCATTAACATCAAAAGCAATTTTGAAATTCATTATTCTACACCTATGATAAATTGATAGTTCGGCTGATTTCCGTTAATGATTTCAACTTCAATATCAAAATTTCCTTCAATTCAGTTTTGTAATTCAATTGCATCTGATTCACTAGCTATATCACCATAATAAATGCTTATAATTTCATGGTTTGTCTTAACCATTTTATTAATTAATTTTTTAGATGATTCTAAATAAGTTTCACATGAAGCAATTATGTGACCACGGGTAATTGAAATATATTCGCCTTC
NZ_CP083178.1_gap6	419200	423143	3943	TTTGCAGAAAATCCTTTTTCTTCATAAACTCTATCTAATAAAGCAGTCATTTTCTCGCTTAATTGATCAAAAATAATTGATTGGAATTTTTTGTCATTTTCAACACCGAATGTTGAGTTATCTTTAACATTCATAAATTCAGTGTTTTCACCATTGATTTTGAATGTGTATCTTTCACCTGTAAGTGAGTTAACAACGAATGTTTGAGTAACTTCATCGTAGAAATCCACTAAAGTGTTAGTTGTAGAACTACTAATTGCTGATGCATATGCAAATGAGTTATTTCATGGTCTAACTTCATTATTTGGATTAATTGTGTTTGAAACAGCATTTAAGTTAAGTGCTGAAAGTAAAATTGTTCTAAATTCCATTCCTGCACCTGTTGTAGATTGTTTTAACACTTCACCAACAGTTAAGTAATCTTTAGAAGCTCCATCTCCTTCAATGACTGATTTAGAACTGTTAAGTTCTTGAACACTATATCCATATAGAACATCAAAGAACACCGAATCACCATTCATATAAGCTAATCATGAATTATCATTTCCAGGTAATGGTGCAAAGTTTCAGAAGTATCTTCTTGCAATTTGGTCTTTGTTTCATGATTGAGCATAACTAAATCCAATTTCTGTTGCTGCTGCTTTAGCATCACTATTTAATTCATCTGTTCTAATGTTTGGAGACATCCCACTAAGGAATTGGTTTGAAATTTTATCAATTCAAAGGTTTGGTTCTTCAGCATCTTGAGCATATTGTTCGGTGAAGGTTTTAATTGTTGAACTATCATTTACTCATTCTTGGTCATGGTAATGAGTATTTACTTTGTAGTTTACTGCATAAGAGTTAGCATTATATCCTGAAGTATAATATCTAGATGAGAATAAAGTATTATTAACACTTGTACCATATCAGAATAATCCTGATTCTCTAACAGCACCCTCAGGTAAATTTGCAATAGTTTCTCTAATTAATTCAGCGTCTGCTTTTAATGATTGAACATAGAATAATTTTTTATTAGAAGTATTTTCTTTAATATATTCACTTGGAGCTGCTAAAAATGTTGAATCTGTTAAAAGTTTTGGTAAATATTCAGCAAATCTAGATTGTGAATTTGAGTCTAACATATTAAATGTGAAATATGTATTTCCACTAGCATCAGCACTTACAGATTTTGAAGGATCAATTAAGTCATCAAAAGAAACGTTAAATAATGTAAATAAGTATTTATTATTGAATCCTGTAGGTTTTTCAGATGTAAATGTTGATGGTGAACGATCAAATTGATTAGAAATTAATTTATCTGTTTCGAGAGAACTACCGTTTGAACGTCTAAATGTAGCGTCAGCATAAACTAAAGTTCTGAGCGCACTCATTCTAAAGTCATCAGCAACAACTTTATATTTAGTTTTTTCACCATTTTTATCAACTCAATATTGATTTGGTCTAATTCTGAAGCTTAATTTTGTTGATTTTTCTAAATCAGCTGCAAATTGTGCAGAGTTAATTGAACGAGGATTTGAACTGAATCCTTTTACAACTGATGTTGTTCAACCTTTATTTGGATCTACTTTGTCTAATTTATCTTCAACTGAATCAATATCATCACTATCATATACTTTCTCTACTCCATCAACTGTTAAAATGATTTGATCAGCTAAGTCAAATGACATTTTCTTTACTGATGGTCTTAAAATAATTGTTGTTTCCTCAACATTTAAACCGTTAATTTTGGTTTTAGTTTTATATAATGGTTTTCCAACATATTCATATTCAAAAAGTTTTCCATATGTTAACTCTGAAAGTGTACCACTAAGAGTTCCTGAAACCATTGATGATTCAAATGGGTATGAACCTTCAGAATAAGTAGAGTTAAAGAATTGTGTGTAAAGTCCATTGCTTGCAGCTAATTTTAATTCTTGTTTTAATGAAGGATTAATTTGTTCAGCAGCTAATTTATTGGTTCATCCTTTGTTTGTTACGGTAAGAGAAGTCTCAACATTTGTTTTACCATTTGAATTTGAACCTTCATTACTGCTTTCTGAAGAATTGTTTTCTGAACCATTATTTTCTGGTTGATCAGGTGTTTTAGGTGTTTCAGTTGAGTTATTCCCGTTATTGTTTACATTATTCTTTGTTGATTGATCAACAGTTATAACAAAGTCTTTTTCTGCAGGAACTAGCAATATAAGTCCTTTATTAGGAATATATTTATAGAGAGCTACGCTTAGGATAGTAATTTTTTCATTTTCACTATCTACTTTAAACACTAATCTTGATGAAGAACTTTTTTCGTTTTCTGCGGTTGAGTTTTCATCAGCGATTTCGTAACCTTTTTGAAATTCATCTCTATAACCAAAACCTACTTTATCTGTTTCTTTTTTGAAATTTACAGTAAAATCATTTAATTTTAATAGTTCATTTGAAAAAATATCTTCATTTAATACGGCAGCATCTTTATTTATTTTAATAGTTGTTGTACCATCATTATTAATGTAATGATCTATTCTACCGGTTTCTTTTCCTTGTTGGTTAGTAAATTTTAAAAATTCACTATAAGAAATTGTCTTCTTGAAAATTGAGTTTGAATTGAATAAATTAATTATTTCAGTATATTTAACTGGTTGAGTAGTAGGTTTGTCAACATTACCACCACCTAGTGTATTTGGATTTTCTGGAGTTGTTATTTCAGGATTCGATCCATTATTTGGTGTTTCTGATTCAGTTGGTGTGTTAGGATTAGTTTCTGTTTCACCATTTTTATCTGAATTTTCAGGTTGTTCTGGTTTAGTTGAATCTCCATTTTCAGATGTACTTGGTTGATTTTTGATTTCACTTGATGGGTTTTCTGGAGTTGTTGTTTCAGGATTTGATCCATTATTTGGTGTTTCTGATTCAGTTGGTGTGTTAGGATTAGTTTCTGTTTCACCATTTTTATCTGAATTTTCAGGTTGTTCTGGTTTAGTTGAATCTCCATTTTCAGATGTACTTGGTTGATTTTTGATTTCACTTGATGGGTTTTCTGGAGTTGTTGTTTCAGGATTTGATCCATTATTTGGTGTTTCTGATTCAGTTGGTGTGTTAGGATTAGTTTCTGTTTCACCATTTTTATCTAGTTCTTTAGGTTGTTCTGGTTTAGTTGAATCTCCATTTTCAGATGTAACTGGTTGATTTTCGATTTCGCTTGATGGATTTTCTGGATCTGTTGTTTCAGGATTTGATCCATTATTTGGTATTTTTGGTTCAGTTGGTGTGTTAGGATTAGTTTTTGTCTCACTGTTTGGATTTGAACCTTGATTTTCACCATTTTTATCTGGATTTTCATGAGTTGTTGTTTCAGGATTAGATCCATTACTTGGTGTTTCTGGTTCAGTTGGTGTATTAGGATTATTTTCTGTTTCACCATTTTTATCTGGATTTTCAGGTTGTTCTTGTTTGGTTGAATCTCCATTTTCAGATGTACCTGGTTGATTTTCGATTTCACTTGATGGGTTTTTTGGAGTTGTTGTTTCAGGATTAGATCCATTACTTGGTGTTTCAAGTTTTTTATCTTCTTTTTTATCATTACAACTTGCAGATAATACCGCAAATGGGAATGATGTTGCTAAAATTGATGTGTTTAATATTATTAATTTTGAATGTTTTTTCATAACATTTTTAGTATACTATATATATATATATATATATATATATAGTAATTTAACACTAAATATGAATATAAACGTTAATAATTCCACATGCGAATGTAGTTACTTACTTGAAATATAATTGTTTCTAAAGGTGTGTACATTATAATTCATCAATATTACTAATAATTAATTAGTTAGTTAGTTAGTTAGTTATAGTATTTTTGCATTAAAAAAGAAACTAGCAATCAACTAATTTCCTTACTTTCAACTTACATAAAAAATCGTTTGTTCTGGTGTTATTTCATCTTTAGATAATT
NZ_CP083178.1_gap7	533965	538608	4643	GATGAATTAAATGGAAAAATTAACGAGTTTAATAATAAGAATAATGAATTTAATGATCAACTAAATATATTAAAAAAAGAAAATGATGAATTGATTAAGCGAAACGAACAATTGGCTAGAGAATTAGCTGAAGCAGAAATAAAGATTAGAGAATTGATTGCTAATGAAGCTAAATTTATGGCAACTATCAATGCTTATAAAACTGATATTGAGTTTCTAAACAATAAAGTTAGACAAATCGTTACATCCATAAAAGATCTTCTAGCTCAAATTAAAAGTATGACAGAATTTATGACTAACTTTGATATCGAAGTTAGAACACATTGGGAAGGATATTATGAAAGAAAAAGAGTTGATGAAGTTAATATAAATTCAATAGTTAGAATAATTAAAAACATTAAGGAGACAAAAGCTGATTTGGATAAATTAATAGATTCATTCTTAATCAACCTAGATTAAAAATTAATATATAATTCAAAATAAAGGAGTTATTTATGGCTAAACAATTAAAGAAAATAAACTTTAATAACTTTAGACTTTACAACAGTGGTTTAAAAGTTCTTTCATGATTTAATAATTTTGAAGAAACGACAATTGAATTATATAAACAAATTTGGGATAATGATGCAAATTCAGATGAGTTATTAGATTTTATAAATAGTAGCGATAATGATGAAGAAGAAATTAATGAACTTCATAAAGATTTAAGTTTTGATGATGATGAAACTTTTGAAGCTGATATTAAAATTCAAAACAAAAATTTTGAGAAATATGTTAATCAAGCACTTGAATTTTACCTATTCAAAAACGATATTAAAGATAAAAATGAAGTTGGATATATAAGTTCAAATTTATGTCAAGAAGACAAAATAAAACAAACTATTGAACATATTAATAACCCAAAAATAAAGTTTATTTTTAATCCTGTTTTGGGATATATTATTAATAAAAATAATTATGATTATTTAATTTCAAGTTCAGTTTTTGGATATGATAAAATCACAAAAAAAATTGTTTACATTAAGTATTCAAAAGGAACATCACAAGAATTTTATTTGAAGGGTTTATATGATTATTCTATCTATAAAAAAATCGGTTTAGATGTAAAAGACATTTCAATTATTTGTATTGATGGACTTAAATATAAATATGATAATATTGTAAAAAACATAGTAAATTTTGCTGAAGTCAGAGGCGTTTGACATGGTAAAGATAAACCAAAATTAGATAAGAATGCAAAAGATATACAGAAATTCAATTTAAAAATCAATGGATTTATCTATGAAAAAGCCTCACAATTTGGTTCAAAATTTGACTTACCCTTAATATTTTGGGTTGAGAGAAATTTAATCCCTAATGTTTCATCATTTAAAATTTCAGGAGAATTAGAAACAGGATACTTTGTTAATTTCGAGAAAATAATTTCTGACTCTATAGATATTATCAATGAACCTTTCGGTGCAATTATAGACAATATCATAGAAAATGAAAAATACGTAAATAATTATCAATTAATAATTAATGAAGTAGTAAATCATTTTTTAAATTTAAACATAGATGAATTAAAAAATAAAATAAGTTCTGAAAACTACGAAGATCTAAATTTTTATGAAGAAATGACTAAATTAAAATGATTGAGGGGTGAAGAAATAAACTCTCTTTGTTTAATTTTGATGGGGAAAATACATCACCAAAATGGATTTAATTTATATGGTAAAAGAAATAAATTCAATCTTTATAATGTAAAAACAATTGACGATAATTTTGCTAAACTACCATATTTTACAACTACAGAAGCTCTTAATATTATTAAAAATATTCATATAAAAGATAGTATAACTGTTTGATATGATTATGAGGGTTTTAGTTCAATCATTCCATTAATTAATGGTGTAGGACCAAACTTGCAAATTCCAAATCAAGTTTCAGTTATTAAAACAGTTAATGGAAAAAGAATTTGAAATACTAACATAGTGGTTGACACCAAAAACATAAAATTAATTAATTTGGTAGAACTTATTGAAAATATATACGATAAAAATTCAAATGCCTATGTTGTTTTCAACAAAACATACGAAAATACAAGAAATAAAGAAATTGTAAAATTAGTTGTTCAAACCATACAAAAGGTTGAAAGATATGAATACTTGTGCGATATTGAAGATCCCAAGAGACATGAATTTTATGAAAAATATAATTTAAAAGATGATATAGAATTTGTTGAAGAATTTATTAAAAAGGGTTATGTTGATGACAATAATAATGCAGATTATTTAAAATTTAATAAACTAGTAGATCACATAATTAACAATACTGTTGACTTAGCAGATGTTTTTAAATACAACAGTTTAACCAATGAGCTAATTCAAAAAACTGATTATTTTGAATTCATAACTAATGATAAACATATTCAAAAACCTAAAAAATTAAAAAAATATTCATTTGATGATATTAAAGAAAAAATTGTACTTTTAAAGAAGGATATGTCAAAAAATATTGATGTATGTAATGCAAAATTAGCATTTGTTTTCACCAACTATTTGAAAAACAAATACTCTATTAAAAAAATAGAAAATTTTATTACTTCAAATGATTTACAATTGAAAACTCGTATAAAACCATACAAAACTTTAGAAATTCAAAACGGAACAATGGCTATGAACGAAGCTATTAAGAGACATGCTGGTATAACCGGAGAATTTGCTTGACAAGAAATCAGCAAAAGTTTAAAAGAATATTGTGAAAATGATGTTATTGCAATGATAATGGTTTACGAATTAATAATGGAAATTTTTAGAACACTAACGAATAATATTTCTGATTTTGAGTACAAAATAAGACTTGAATCTATAAAAAACGATGGTAAATACATAATAAATGATGATTTCAATGTTGAATTTTTAGACAGATAACTGGTTAATTTAGGACAATAGAATTTAGAATTCTATTGTTTTTTAATATGCTTAAATTCTTGATTTAGATATCACTTTTATATTCAATCAATATAAAACATTAATTATCATATATTTTTTTGAATAAAAGTGGATATTTTCCGGAAATTACACAAATTAAATTAATTAATAATCTTGTATAATTTCACATATTAATATTACATATTAATAAGGAGTTGACATGAAGAAAAAGAAAAAATTAATTATTGTTACTTCGATTTCTGCAATGATTGGGATAGGTGTTATTGCTGGTGTTTCAACCTGAATAGCCACACATAAACCAGAACAAGTTGATCGTGGTGGAAATATTATAGACAAAGAAAAAGAAGATGAAGATAAAAAATTTGAAATTATAAATCCTTCTGATGACAATATTATTGATTTCGACACTGTTGTAAAAGATAATCCAAATGTTGATTTGCCTGAAGAAAAAATAAAATCCAACAATCTAATTTCTAAAGATACAAAAATTAAATACGTTGCGATTGGTGATTCAATTACAGCTGGTTTTGATGGAACATTGGATAAAGACTATAAAGGAAGTTATGAAAATGGTGTTGTAAACGGATTAAGTTATCCGTCTTATTTATCAAGATTATTCAACCAAATCAATAGACTTGAAAGTTTTAACAATTACTCAGTAACTGCTTCGACTATTAATGAGTGAATAGATTTGTTGCAAATAGCAAGCAATTCAAGAAATCTAGTTGACGAATCCAAATTAATAAGTCGCTTTGGTAAGGATTATAAATTATTGGCTAATGAAATAGTTAAACAATTAAAAAACTCTAATTTAATAACCTTATCAATTGGAGCTAATGATTTAATACACACTTTTATTGATGCTATAAAAGAAAGTAACATTACCCAAAGTCTTCAATTAATACTTAATGATAACCCTACTTTCGGTCCATTAATTGAAAATGTAAAGAAAGTATTGGATAATTCGATCAAAGAAGTTTCAAAGAGACTTCAAATTTTTGCTTCACAAATTAAAAGTATTGCACCTCAAGCAAACATTAACTTCATTTCATATCCTACTCCTTTCTTAAAACTAAAATACACAATTGATGACTTTATTAAGAAATTTGCCGGTGATATTGCAAAAGATTTTAGTCTGACAGACTTTTTTACTGATATATTAAATAATACAATCAAATTAACAGCAAGTAAAAACGGTATTAACTACATCGATCCAGTAAATAATGAATTTTGAAATAAAAATTCTCAAAAAATGAGTTCGATTTGGTTTGATATACATCCTAACACAAATGGATATAAAAAAATGGCTGTTGATTTGTTTATAAAACTTACTAACCCAAGTTTAAATATTAAAGATTATGAAAATCTAGGAAATTTTAACTTTTCAAATGAATTCTTAAAAAGTGATTATCAAACTGTTTCTCATCAAATCGAAATCGATGATTACTCTAAAGTTATAAAAGAAATCATTGGTGCTAGTGACTGAGAATTTATAAACAAAAAAGACGATTTTGAACTTCAAATTGATTCGCTGCGTTCTACTGACAATTTTGGTAAAAGAATGTTAAGAGTTAGCGGAAGTTTTAAGAAAATTACTCAAGGTTTGATTTCAACTTTAGTTAAATCAGATTACATTAAAATAATTGATCCTAATGGGTCGCTTCAAAACTTCTTAACAGAAAATAACTTCAAAAGATCTGAACAGATCGT
NZ_CP083178.1_gap8	543547	548047	4500	ACAAGAGAATTCAAAAACATTATTAATAAAATAATTGATGGTATCAACACAGATAACATAAATCTTGAAAATGTAACAACTTATAATCAATTATTTTCTGAATTATTAAAAAACACTGATTTTAACTCTATAAAATCTGATGTTAAAAATCTTGTAAACAACTTATTGAAAAATCACGATGTTCAAATTAACATTTCATTAATTATTGAAAAAGTTATATACAAATTTACAAAAATAGCCCCAAATAACACGGTCAAAAAACTTTCTGAAGATCTTGCAACTAACTTACACACAATACTTGAATATAATGAATTGTTAAACAAAATTATAGATTCTATATTTGATAAAGTGGAAGAAATTAAGGGTGATAATAGTAATTTTGAACAAATAATTTCTGAAATTCCTAATTCAATAACGAATGTAATAAAACAAGTTATTTCAGATCCACTTGATTTTGTTAAGTTTATATTCAATAATCCTTTAATTTCAAACAATTATCATGGGTTAAATTACATTATTCAAAATGGTTTAGAAAATATCATCAATATTCCACAAGTTAAAGTTTCAATCACTAATTTATCTGATTTAATTGATGAAAATTGAGTTGATAGAGATGAAATCAGGAATTTAATTAGTGAGTTAATCACTAATAATAAATTTATTAATTTAGTTAAAAATTCTGCTTCAAATCTTTTAAAATCAAACAAATGAATTAATAAAAACACAATTGATGAAATTGTTTTTGAAGCATTGAAACAAAGTCAACTATTAAACAACTACCAAGAAATTACTGAAATATTAAACTCAGTACTAAAGAGCAATCCTTTAACGGAAACTTTCAATAAAATTCTTAATAATCTTTTAATTGATAACAACATAATTAATAAAAACGAAAAACTTTCTATCGCTTTAACTAATTCTTTATACGATGTTTTAATTACAAACGATTCTTTCGATTTATTAAACAAGATTTTTGAAATTATTCACAATAATTTAAATTCAAGTCTAACTTTTGAACAATTATTAAATCAAATAAAACCTGAATTATTAAGCTCAATCAAGCAAAATTACTACCAAATAGTTAAAAACATCTTTGATTCAAGAGTTATTTCAAAAAATAAAGATGAGATAAAGAGATTTATAAATACACTATTAAATAATTTTGTTCCAAATAATATCGAAAAATGAGTTGATAGAATTGATTTAACAGAATATACATCAAGATATGAATTTAATGAATCAGAAATCAAAAATGCTTTAATTGATGTGTTTAATTCAACTCACATTGTTGATATAACTGATGCAATTATTGATGATATTTCAGCAAGAGAAAATATTTACAAAAACACAAATAGCATTGAAGAATTTGTGCAAACATTATTATGAAATAATCCAACTAGAGAAAAAATTGAGAACTCTTTAAGCTCAATTCTTAAAGAATTTATTAGTAAACCAAATATAAAAAATATAATTAAGAAAATTTTGGTTAAAGAATTAAATGGTCCTACTATAGATTTAATTCTTGAAGGTGTTTCAAACAAGGAAAATCTGGTTTCAAACATAATTGATATTTATAGTGATGTTGATTCAGTTATTAATTTAACTAAAAGTATTGTAAGTTCAATAACTGAAGAGATAAAATCAAATGGTTTTAGCATTTCGATTAGTTCTATAGTTTCAAACATTTTTAGCAAAATTAAAGAAAATAATTTTAATTCTGAAAATGCTAAAGAAATTGGATTCAATTTTATTAAAGTCATTTTAGATTCAAAACTAGTAAATGAAAATAAGGACGATTTAATTAAAATAATTAACAATTTAATTAAATTGCTTTCAAATGAACAAACAATTTCTCAATTAATTGATGGTCTATCAGATTCAGCTAAAAATGAATTATTTAAATATAGTGATAAAGACGATTTAGTTCAAATAATTAAATTTATTGCTACTAACACAAACTTCAATCAAATAATTAATGTAATTACACAAGATCTGCTAAACAATGTTGGTGTTTTAAAACAAGCAGTGAACTTTGATGATTTTATATCTAAGATATTATCTCTTGTGAATTTTGATAAATTAAGAGATGATATTAAGGGATTAATTAATGATTTACTAACAAATCAAAATATTAGAAAAATATTAAAGAAAATACTTAATCAGACATTGACTAGTTATGGCGCAACAAATGATAACAAATTAGAATTAATGATTAGTGATATTGTAAATGAAATTGATGTTTTAGTAAGTGATTTAGAATTGTTAGAACCAATTATTGATAAAACAATTGATTTAATCAATTCAGCTAAAAATAGCGATAATCCTAACTCATTCTTAGCACAAATCCCAACAGAAATATCAAAAATCATTTCAAATAAAATTAGTGAAAATCCATATCAGTTTGTAAATGGTATTATTGAACATAAATCAATCAAAAATAATTTTGATACATTGACTAGAACAGTTCAAGAAATTTTAATTTTCTTAATAAATGATGGAACAATCGAAAATATTTTGATTAAACAAATCAATTCAATCGATCCTTCGAACGAATTATTTAATTATGCGAATAAAAATGATTTAATTGAGTTAATCAGATTCATATTAAAAGACATTGATTTTCAAAATATTATCAAAAATATTATTCCTAAATTATTAAACAATCGTGAATGACTTAACAATATAAATAACATCAATGAATTAATAAAATCAATTTTTAAAATTAATGGAATTATTGATGAAAATAAAACAAACGTCAATAACTTAGTTGAAAAAATAATAACAAATACGCAAGTAAAATCCATTGCAACAAAATCGTTAATATATATTTCAAAACAAAATGAAATTAATCTAAATATAAGCGGAATTAATCAACTAGTTAGCTCAACTTTAGACTCAATAATTCCTATTCTCAAAGAGTTAAATCTTTATGAAGAATTAATTTCTGATGTATTAAACATTCTTAAGGATCCATTAAATATCACAACTTCAATTAATCAATTAATTAATAAACTTAAAAATAAATTGATTGAAAATAATTTTGAAATAATTCAAAAATTATTAGCTTCAAGAATCTTTAATGATACAAAGAATAAAGCTACGTTAAAATCTATTGTTAGTGAATTGCTAAATAAATTAGATAATCCTCAAAATATTAAAAACTTTGTTAAAACATTAGGGTTAGAAAAATTACTTGAAAAATTCAATTTAACAAGAGAACAAATTAGTACTTTAAGCGTAAAAATATTAAACAATAATAATACTATTAGTTTACTAAAAGATATTGCATACAACACAATTGAAAATTCAGCTGAATATTCAACAAGCCAAAATTACAATGATTTAATTAAGAAAGTTTTCAATAAAACTTCAATTCAAAATTCATTCAAAACTAATTTTAGTTCAGTAATCAAGGAATTATTAAACGATAATGAAGTAAGAAATATTATTGTTGATCCACTTAATTCATTATTGACAAAATTAGAAAATAACTGATTGCTTAAAAATACTTTAGATTCTAAATCATTATTATCTGAATTATTAACTGTAGCAAATTCAATCAACAATAATTTAAACTTAACTGATAAATTGATTAATGCCCTAATTGATGAATTCAAAATTAATGGTATTGAAATCAACTTTACAAATGTTATAAATTCTATATCAAATAGTCTAACTGGTGAATTTGAAAATAATTTGGATCAAAAAGTAACTGATTTAGTTAAAATTGTTGCGCAAACAAATATTTTTAGAAATTCAACAAATTATTATGATTTAAAAATTGTTTTAACTAATATTTTAGAATACTTAAATCAAAATCAAATTATTGCTAATGCTTTTGTAAATTCTTTAAGTTCTTCTTCATTAAATGAAATTTATAAATATACTGATGAGTCTTCACTAAAAGCTGCAATCACCATAATTTTTGATAATCAACACCTAAAAAATTCTGTTTTTGCTATTCTAGACTCTGTAAAAACAAAAAATGATAGAATTTCTCAAGCAAGCAATTTAACTCAAATTGTACAAATTTCATTAGATGACGCTGCAATAAGAAATACTATTAAAGATGAATTAAAACTACTTTTAAGAGATATTTTTACAGATCCAACAATCAAAACAATTCTTAATAATGTTGTAAAACACTTCTTTAATTTCGTTGAAATAAATTCAACAAATATCCCTGAAGCAGATTCATTTATGAGAATGATTGTTGATGATCTATATAATTTATTAAATAGACTTGATTTAATTGATAATTTAGTTGATCCAATCATTGATCAAATTGGTTCATCAAACAACATAATTAGTTTATTTAGTTCAATAACATCACAAATTTTTGACAATCTTAAAATTACTGAATACGCAACTTTTAGCAAATTCTTAAAAGATAATTTAGTAACACAAAATAAGAAAACGATCGTTAAAATAATCAGTCATATTATTAATAAATTAACTTCTGATGAAACTAAGATAAGAAGAATATTAGAAAAATTAGAT
NZ_CP083178.1_gap9	549254	553629	4375	ATATAAATGATGGAAACGACAGACATAACCCAAACAAAACCAAAGAGCAAGTACTTTGAGAAGCCTTAGAAAGAGGATATTTAGGTCCTAAAAAATAGAGATCTCATTATGAGATCTTTTTTTGTGAAAAATTGACCATAAAAATAAGAAAATAAGTCTTTAAAAAATAGTAAATCTATATAATATAAAAGAGTAATTTTACTCCTTGGTTTTTAATAACCCTGAATGTCCAAAAGGAGGCTTAATATGGCTAAATACGAAATCATGATGATCGTTGATCCTAAAGCTGACGTTAATGTTGCTTTCGATTTACTTAAAGAAGTATTTGGAAACGGTGTTAAAAAAGCTGAAAAATTAGCTATCAACGAATTATCATACTCAATTAACAAATCAAAACACGCTCAATATGTAAATGCAGAAGTTGAATCAAAACCTGAATTAATTTCTGAATTTGTACGTAGATCTAACATTGTAAAACAAGTTTGAAGACAATTAGTTATCAACCTTGATACAGAAAGTGGTTTAAAACCTGCAAACACTAAAAAAGCTACAAAAAAAGTAGTTCGTAAATCAACACCTAGAAAAGTCGCACCTAAGACTGAAGAATAATTAATAGTTGATTTTAAGATAAGGGGTTAATATGAATAAAGTACTTTTGATTGGTAGAGTTTCATCTGATATAAGGATATTTCAAACTCAAAGTGGAATAAGATATGCTAGAGTAAGATTAGCAATTAATCGTCGTGGTACAACAGATGTAACAGATTTTATTCCATTAGTTGCGTGAAGAGCAAATGCTGATTTTATGGCTTCAAATGTATTTAAGGGAACTTTGATAGCAGTGGAAGGTTCAATTTACATGAGTTCTTATCAAAGAGATGGAGTGAATGTAACTTCATTTGAAGTAAATGTTGATAACATCAATATTTTAGAACCTAAATCAGTTGTTCAATCTAGAATGAATTCATCAAATCAAAATGCTAACAATAGATTTGTAGCAGATATGCCTTCAAAAGATTTTAGTGAACGTGTTCAAAACGTTCCAAATCAACAAGTGCATAGATTTGATAATACCACTTCAAGCCAATCACTATATAACAACACATCAAACAATAGTTTTGCTGGTTTTACAGTTGATGAAAGTTTTTCAAGACCATCTGCACAAAGTGAGATGAGTAATCAAAAAATTAGTTTTACACCAACTGAAAAACTAAACGAATTAAACCTATCAAATAACCAAGCTTCTATGAATCAAGATTTCTTAAACAACCTTGATGATGAAGAAGATGAATATAGTTTTAATAGTTCTTTATTCAGTGATCAAAACTCATCTAATGAAAATGACACAAGTTTATTTGAATTAGATAGTGATGATGATTTGGAAGATGATATTTTTAACCCTAATCACAATTTAGATTTCGATTAATAGAAAATAAATAGGAGAAAAAATGAACTTTAAGAAAAATAAAAAAAGTTTTGGCTCAAGAAGAAAAGTTTGTGAATTCTGTGAACAAAACATGAACTATGTTGATTATAAAAATTTAGAATTACTTAAAAGATACATTAGTGGTACAGGTCAAATTAAATCATCATCAATGTCAGGAACATGTGCAAAACACCAAAGAAGCGTATCAAACGCAATCAAAAGAGCTAGATTTGTTGCATTATTACCATACACAATCGTTCGTGTTCGTGTACAAAAATAATGTTTACTCAGTTTAACTAGGATTTAATCCTAGTTTTATTTTTGCAAAATAAAAAGCCCTAAGGGCTTAATCTCTAGAACCAAAAAGTCTTAGTAAATATCAAATCATATAAACTATGTTAATAAAGATAAATATTGCATCGCTTATAGACTCTTTAATCATATCTTTAGTTGAATTGAATGTAAATTCATTATTTTTCTTACTAATAATGTAAAATGAGAAGAAAATATTTATTCCTGATATTGCAAGTCCAACTAATGAATAAATCATCTCGATTGTACTATTAAACACAAATAGACTTATAATAAACAATACAACAAATCCAATAAGTAAAACTATTGATAAAACTCACATAACCTTTACTTTTATTAACTCAAAATAACCTATAATTCCACAAGCCATAGTTAATAGAACACTAATTAAAAATATTAAAGCAATCAATCAAAGATTATTTGTTGGAATATTATTAGCATACATTGAAATAAATGTTACAAGCGCCATATAAATAACTGTAAATATGTATCCAACAACTAAAACTGGAAACGGCATTTTTTTGTGTAGATAAGAAAATAAAAATAGTCATACAATAAATACTATTGTCGAAACTAAGTAAGTAATGTAAAAACTATAATTAGTGAAATTACTTGCAATAAATCTCTCTACATTTTTCGAAAAAATTCCTAAACCTAAAACTAGTGCTCCAAAAACAAATAAACCTATACCTACAAAAATTAAGGTCAGAGATAAATAAGAACTTTTGGTTTTTTTCTTTGTAATTTCATAACTTAATTCATTCATATAAAAATTATATATTAATTAAATAATATTAAAAATAAAGATAATTAATTTAATATAATAAAACTATGCAACAAAACAGTTATACAGAAAAAGATATAAAGAAATTAAATGGTCTTGAAGCAGTAAGAAAAAGACCCGGTATGTACATTGGTGGAACTGATGTAAATGGTTTGCATCATTTAGTTTGAGAAATAGTTGATAACTCAATTGATGAAGCTCTTGCCGGGTATGCAAATAAAATTATTGTAACCATAAACAAGGATAGTTCGGTTTCTATTGAAGATAATGGACGTGGAATACCAGTTGGTAAAACTGAAGATGGACGTAGTGCTGTTGAACTTGTTTTCACCGAATTACATGCTGGTGGTAAATTTAATGAAGGCGCATATAAAAGTAGTGGTGGACTTCATGGAGTAGGTTCAAGTGTAGTTAATGCTCTTTCATCTAAATTAGATGTAACTGTTTTTAGAGATGGACAAATTTGATACACTGAATTTGAACAAGATAAAATTATAAAAAGAACTAGTTCAATAGGTAAAACAAATAAAAATGGAACCATTGTTCACTTTATGCCCGACTACTCATTCTTTAAGAAAGCTAAGTTAAACACTGACATTATAAGTGAAAGACTTAAAGAAAGTTCCTTTTTAATTTCTAGTTTAGAAATAGTATTAAACGATGAAATAAATGAAACTAGTGAAACATTCAAATATGAAAATGGAATTAAAGAATTTGTTAATTTTATAAACGATTCTAAAACGCCTATAATTGAACCTTTCTCATTCAAGGATGAAAAAAATGGAGTTGAAGTTGAATTTGGTTTTCAATATACTGATACATACAATGAACTAATTTTAAGTTTTGTTAATAATGTTAAAACTCGTGATGGCGGAACACATGAAACTGGTTTTAAAAGTGCATTAACTAAAGTTTTTAACGCTTTTGCTGAAGAAGAAAAAGTTATCAAGGGGAAAAATACACTTGATGGAAGTGATGTTCGTGAAGGACTCACTGCTATTATTTCTCTTAAAGTTCCGGAAAATATCTTGGAGTTCGTTGGTCAAACTAAAGATAAATTAGGTACTCCTGAAGCTAAGGGTATTGTCGAAGATATCGTAACTAAATTCATGAAGCAATGAATCACAGAAAATAAACAAATTGCAAGAAAAGTTCTTGAAAAAATAAAACGGGCTTATGAAATTAGAAATGATGAACGCAAAAGAAAGAATGAATTAAGACAAACTAAAAATATTCTTAAAACTAAGCAAATTCTTTCTGATAAATTAACTCCAGCTCAGTCTAAAAAAGTTGAAGAAAAAGAATTATTTTTAGTCGAGGGTGATTCTGCTGGTGGAACAGCAAAGACTGGAAGAGATCGTAGATATCAGGCAATTTTACCACTTAGAGGTAAGGTGTTAAATACTGAAAAATCTAAGCTTCTTGAAATATTAAAAAATGTTGAAATCAACACAATTATAAATACTATTGGAGCTGGTTATGGAAAAGATTTCGACATTACAAAAGCTCAATATGGAAAAATAGTTATTATGACTGACGCGGATACCGATGGTGCTCACATTCAAATTTTACTTTTAACATTCTTATATAGATATATGCGTCCATTAATAGAACATGGTAGAGTATTCATTGCTCGTCCGCCATTATATAAAGTAACATCAAAAGGTAAAAATAAAAATGAAATCATTTATGCATGAGATGATGATGAACTTAAAGAAGTACTTGAAAAATTAACAAGTTATGAAATTCAACGTTATAAAGGTCTTGGTGAAATGAACGCCGATCAAATTTGAGACACTACAATGAATCCTAAAACTAGAACAATAATTAAAGTAGATATAAAAGATGCTTCC
NZ_CP083178.1_gap10	555688	559019	3331	ATTTTCTCTATGATAAGCAGTTAATGTTTCGTATTTTGTGACTATTTTTCCATTAACTCTTGCACTGTAAGGAAAACTTTCTGAGTTGGAGGTAGTTATAATTTTAAAGTATAAATCACTAAGTGAAACTTTATATATAGGTGTATTTTTATACCTAATTTTTAAAAATGATTTAATACCTATAACATTCTTTGGAAAAATATTATTTCTCGTTTCAATAAATAACTCATTTAATAAATTAAAATCAAAACTATATTCAAGATTAAATCCAAAATTTTTCATAACATAATCAACAACAGTACTATTGTCAATATTTGAAAAATAACCTGTTTTAAGTCACTGAATTCTATTTTTTTGATTACTAATTACTTTCAAATTTTCAAGTTTAAAAGCCTTAAAGCTAGAGATAATTTTTCTATTCTCTTTATAAAATTTTATAAAGAATAATCCTAAAATCACAAAGAAAGAAATAAAAATGAAAAAATTTGTAATTTTTCTTAGAATTATTTTGTCTTTCTTTTTCCTATCTTTTATATTCTTGGATATCTCATTACATGAATCAGTCAAACTATTTACTTCATTTCTGTATTCAATATTTTCATTATCATGATTACTAAAATAATTTTTTAATATTTGATTAATAGATGATATATTTTTCTCATATATATTTTTTATAGGCTCTAAAGTATTATTTTTATAGTCTATTTCATTCATCAATTCCTTTCTAATTATAATTTTACCCTGGTTGTAAAAAAATAATTTGCAATATTTGAAATATGAAAATATTTCATAATTTATACCTTAAAAATTCACATTTAATTAATGGATATTATTTGAAAAATTACTTAAAAATCGTAGCATAAACGATACATTAACTTAATGAACACATTTATTTAATGAATATACAGATGTTAATCTGCTTAATTTTTGCCTTGTTTATCTATAAAATTCGAATTTAACATAAATTAAAATATAATTTAAATATGATTAAAAAAATAAAGTGGAAAATTTACTAATGACGATGATTTAGAAATATTTATTCGTCAAATAACTAATACTATTACTGAAGTTAAACTTTAAGGACTAAGCAATCAATATGATTGCTTTTTTAATTAAATAAAAAGTCACAATGTGACTTAATATTATTCTAACCCTTGTTTATTCTTAAAGTTCATTTTTATTGGACAACCCTTGAAATTAAATGTGCTTCTAAGTTGGTTTTCTAAAAATCTTTGATATGAGAAATGAAGAAATTTCTTATCATTAACATAGAAATTAAATGTAGGAATTTTATCTAAAGTTTTTCTTACAAAGTAGATATTTAATTTTCCACCATTATATGGTGCTGCAGGTTGAATCATTTGCGTTTCCATAATAAAATTTGATAATAAAGAAGGTTTGATATCTCTCTCAAGATTTTCTCTAACTTCATTTAATGTTTCTGTTAATTTATTTAATCTTTGATTGTATTTTGCAGAAATAAATACAAAAGGAACTCATGGGACAAAATGTAAAGTATTTCTCATTTTTTTCTCAAATTGAGCCATCGTGTTAGTTTCTTTTTCAACAAGATCTCACTTATTAACTACCACAATAATCGGTTTATCGTTTTCTAGTGCATAACCAATAATTCTTGCATCAAAGTGTGAAAGTTCAGTTGTAGCATCAATTAAAATTAATGATAAATCAGATTCACTTAAGGAATTCATAGCTCTCATTAAAGCATAATGATCAACTGATTCAACTAGTTTACTTTTCCGCATAATTCCAGCTGTATCTATAACATTGTAAAATTTATCGCCAATTTTTACCTTAGTTTTAACACTATCTCTAGTAGTACCTGCTATATCAGAAACAATTGAACGTTCTTCTTTAGCTAAATTATTTAGTAATGAGCTTTTTCCAGCATTAGGTTTACCTATGATTGATAATTTAAATAATTCTTCCTCTTGTTCTTCACTAAAATCTAGGTTTTTAACAACTTCATCAAGTAACTCACCAACACCTTCACCATGAAGTGCACTAATTCTAAAAATTTCACCACCAAGTTTGTAGAGTGAATAATCAAAATCTTGATTAGATTCTAATTTATTTGCCCCAATAATAATTGGTTTATTAGATTTTCTTAAAATATTCATAATAAATGCATCATCATTAGTTAATTCCATTGTTCCGTCAATTATAAAAACAATCACATCAGCTTCTTCAATTGCTATTTTTGCTTGGATTTGAATTTGTTCCTGAAATGGTTTATTTTCTATTTCAATTCCACCAGTATCAATTATTTTTATATTTTTACCGGTTCAAGTGATAGTTTCATACAATCTATCTCTTGTTACACCTGGTTCATCATAAACTATTGACGATCTTTTACCTACAAGTCGGTTAAATAATGTGCTTTTTCCGACATTAGGTTTTCCTATTATTGCTACTGTATTACGCATCTAATTCCTCAGCTTTATCTTTTATTATATTTATAATATGTTGAACAACTTCATCAAAAGTCATATTTGTACAATCAACTAAAATTGCATCTTCTGTTTTATGTAATGGATCAACTTCACGATTCATATCTTGAGCATCACGCATTTTAACATCATAAAGCACTTCTTCATAGTTGCTACTATAACCAAGTGACAGATTTTGGTCACATCTACGTTTTGCTCTTTCTTCTGGTTCTGCTCATAAGAAAATTTTAACTTCAGCATGTGGCATTAATTTAAATGTAGTATCACGTCCATCAACAATAAAACCTTTATTGGTTTTAGTCATTTTTTGAACATAATCCACAACAAAATTTCTTACTTCTTGATACTTAGCAACTACAGCAGCAGCTTTAGAAACATGTTCAGCTCTAATTTGAGTTGAAACATTTTCACCATTTAAATAAACACTTTCGTCTTCTTTTAGTTCGATCATACCTTCAACTAAGGTGTTCAGTACTGCAGATTTGTCAACTAAATCAACTCCTAATCTTAAAGCATTAAGAGCAATAGCACGATAAAGACTTCCGCTATTTATTGGAGTGTAAGATAATAAATTAGAAATCTCTTTACTTACACTACTTTTACCAGCTCCACTTGGTCCATCAATAGCAACATTAACTTTCTTCATAAAATCCTCATTAAATTATTATCTTATTAATATACCACAATTTTTTAAATTTTAACTTGGTTAACAATAACTCTTGTGGTTTTGGTTAAATCAATAATCGAATCGTCGTCATCTTTTTCTTGAGTATTCAAATCTAATAAGCCACAAAGATATTTAACATCATTACTTTCAAAAGAATAATTTTCCATAAAACTACTGTCATAAATTTGTGAAAATA
NZ_CP083178.1_gap11	560690	561856	1166	ATAAAAATTCAAAAATAATCAAATTTTATTTTGTGTAAAGTTTTTTTAATTAAAAACACAAACCTATTATTCGGTTTGTGTTTTATCATTCTTACTATCTTTTTGCTTTTCTAGCGTTAATTTTGAATGAAATTCCATTTCCAATAGGAATTCCTTTTCATTTTCCAAGTTCTGGGTTTTCAACATTTCTCTTGAGTGCTCCAAGAACAAAAGCACCAATAATAGTACCAACAAAAAGTGAGAAGATGTATCAGTATCATTTTTGAGCAACGATAAATACGAATACTCCCCCGTGAGGAGCAGGAATTGATGCTCCTAAACCTGCTGATAAAGCACCTGCAATAGCTGAAGCTATAATTGATGAAAGGATAACTCTAAGTGGGTCAGCTGCTGCATAAGGAATTGCACCTTCAGTAATAAATGAAATTCCCATTAAATAGTTAATTTTTGAATCATTTCTTTCTTTTTTAGTGAATTTTTGTGGGAATAAATCTGCTGCTAAAGCAATAAGAAGTGGTGGAACCATACCACCAACCATAACAGCAGCCATAATTCATGGTTGATTAATTCCATTTGGATCTAATGATGCTACACCGATAGTGTAAGCGACTTTGTTGATTGGACCACCCATATCAACTGCCATCATACCAGCAAGTAAAGCACCAACACCAATTTTAAATCCAATTGATACACTTGCATTTTTACCAACAATGTATTCAAGACCTAAATTAATGTATTTATTTAAGTAAGCTAATGGTGTATTAACTACAAAGAACATAATAAGAGCAACAATTAATAATCCTAATAATGGATAGATAAGCATAGGTTTGATTCCATCCATTGATTTAGGAAGTCAAGTAAAGGCTTTACCTAGTAAAACTACTACATAACCTGCTAAGAATCCTCCAATTAAGGCACCGAGGAATCCAGCATTTGAACCAGTTTGAGAAACCATAAAGCTTGAGCTTGCTGCTATAGCTCCAGCAGCCATACCAACTGCTAAACCAGGACGACCTGCAATTGAGTAAGCAATATATCCAGCTAAAACTGCTAACATGAATCCAAAAGCAAATTGTCCTGAATCCATAAAGAATTTAGCTACAACTGAGTATGAACCGAAATTTTGACCAACAGCTTCAGTTCCATAGAAAGAGTCAATAAGGAAT
NZ_CP083178.1_gap12	760901	765615	4714	AAGTTTAACTTTTGAGTTGGCTCTAACAACTCCCTCATCCATCATAGCACCAGCTATATTACCAACTTTAGAGTAGAAGAAAATTTTGATAATGTGGGCTTCACCAACTTTTCTTTCCTCATAAACAGGTGCTTTTTCACCCTCTAACATTTTTTCACAAGATTCAATAATTTTATAAATAACATCATGTGAAGAAATTGTTACTCCTAGGTTTGCAGCAGATTGCTTTTGAGCAGCTGTTGGTTTGTTATTAAAAGTGAAGATAGTAGCATTTGAAGCTTGAGCTAATAATAAATCGCTGTTGTTAATTGTTCCTGCAGCTCAACTCACTACTTTAATTACAGCTTCATTATTATTTAGTCCATCAATTTTATGCTTGATAGCTTCCGCAACACCGTGAACATCCGATTTTATAATAACATTTAACACTTTTTTGCCATCTGAATCTAAGGTTGCTTGATTTCTTTGATAAAGCTCATTTTGTTTGTCTATAGCATTTTTTTCAGCAGCTAGCTTTTTAGCAAATTTTTCATCTGAAAAACCAACAAATTTGTCACCTGCCATAGGTATATAATTTAATCCACTAACAACAACTGGCATACCTGGAGTAGCTTTAGGAATTTCAACTCCATTAGTATCGGTTAATAATCTAACCCTTCCATATCTAGAACCCGCAACAATAAAGTCACCTTTAATAAGGGTACCATTTTCAATTATCAATGTTGAAACGGCACCAATTCCTTTGTCGGTTCTAGATTCAATAACAACACCAATTGGGTATCTATTTGGGTTAGCTTTTAAATCTAAAAGTTCAGCTAAAGTATTTATTGCATCAAATAATTCATCTAATCCTTTTCCTTTTAGTGCTGAACCTGTTACCATCATTGTGTCTCCACCATATTCTTCGATAATAACATCATTTTCTGCAAGTTCACCTTTAATTCTATCTAAGTCTTTGTTTGGTTTGTCCATTTTATTAACAAAGACAATAATAGGCACATCTACAGCTTTGGCATGTTGAATAGCTTCAATAGTTTGTGGCATAACACCATCATCAGCTGCAACAACTAAAACAACGATATCGGTTATTTTAGCACCCCTTGCTCTCATTGATGTAAACGCTTCATGACCTGGCGTATCAATGAATGTAATTTTATTTTTCTTATATTCTATTTGGTAAGCTCCAGTGTGCTGTGTAATTCCACTTGATTCTGTAGCTACAATATTTGAGTTTCTAATTTTGTCAATTAAAGTTGTTTTACCGTGGTCTACGTGTCCCATAACAGTAATTATAGGAGCTCTTTTTTGTAAATCTTTTTCTTTGTCTTTAAATTCAACTTCATCTAAGAAATTACCTGCATCAACACTTGTTTCTTTATTAAAATCAAATCCATATTCTAGACATAATTCAGCAATTTCTTCTTCATCTAAAACATAGTTAAGGTTATAAACCTTTCCTTTTAAGAAAAATCTTTTAATAATGTCATTTGTGTTAATTTTAGTTTTTTCTGCGAAATCACTTATTGACATTTTTCCTGTGAAGATAAAAACACCATCTTTTAATTCAGTTTTTACAAATGACATTTGTTTTTTAACTTCTTCAACATTACTAATTCTATTTAACTTTTTTTCCATAAGACCTCCGTTAATTCGTTGTAAATGTTATTATAAACTTCAATGTTTACATTTGTTCTAAAAGCTCTATTCAAAGCTTTTGTTTTAATGAACTGAGACCATAAATCAGGATCATTTTTTAAATAACAACCCCTACCATTCTTTGTTTTGTTTATATCTAACGAAATAATATTTGCATCTTTTTTATAATCAAATCTGATTAATTGTGAAACATCTAAAATTTCATGGGTAACTACACATTTTCGTGTGTAATTATTATTTTTCTCATTCATCATCAAAGTCACTTAAATCTAAATTTGAATCAAGACCATAATTAGCTAAGTCAGAATCAACCTTAAAGTCTCTAAGTTCAATTTTTGCTTTTTTGTATTCTTTATCAACTGATTTTTTCTCTTTTTCAGGTTTTTCTAAGCTTGTTTCATCTTCAAAATCGTCATCAAATTCACTTATCTCATTATCATCAAAAATTTTGTCAAAATCAATATCGTTTAAGAAATCATATTCATCACTGTTTTTTGATTGTTTTTCTAATTCTAGAACATTGTCTTCACTGAAAAAATCATCAAGATTCAATTTTTCTGCTCTTTTAGCTTTTGGTTTTTCAACCTTAGGTCCATTTTCATTTTGAGTTTTTTCAACAGTTGAAATTTGTTGTTCCATAAATTCTGAAACATCTTGTGCAAACTCATTGATATCAAAACTAAATCCTGAGAAGAAATTGTTACTTTTTGTTGTTTTTCTACCTTTAGTTTTTCTGATTAATGGTTTGTCATATTCCTTAGATTCTTTAAATGGAATTTCTTTTTCTAATGCTTCTTCAGTTGTTATTGCTTCTAAATTAACGCCTGTTAAGTTTTTAGCTAGTTCAATGTTAGAACCTTTTTTACCAATTGCAACAAGAATATTTTCTTTATTAATAATCACATAAGCCGAGTCATTATCAGGAGTTTTGAATACTACATCAACTACTTTAGCAGGAGACATTGCATTTATGATAAATTGTCTAAGATCATCAGAAAATGGAATAACATCCAATTTCTCACCTTCTAATTTTTCACTAATTGATAAAATTCTTGAACCATTAACACCAATTATTGAAGCAGCTGCATCAATATTTTCATCATGAATTGATTTAACAGCAATTTTTGATCTCTCACCTGGTTGTCTAACAACTCTAACAATTTCAACTGAACCGTCAGAAATTTCAGGAATATCGTTTTTTAATAAATCTTCAATAGCTTTAGGAGAATCTGTTGAAACTAAACATTGGCTTAGCTTGCTTTCTTCATGTACTTCTTCAAGATAAACATCAATAATAGAACCTGGTTTCATTTGTAAACGTCTGTTTACTTTATTACTTGGTAAGAACGCAGTAACATTATCTTCAAAAATCATGTTATATGAGCCATTGTTATTTTTAGAAAGAACTCTGGCTTTTAATCTTTGTCCAATTAAATTAGAATATTTGTTAAATACTTTTTGTTTTTGGTTCATTTTTAGTCTTTGAATGAATCCATTTCTAATTACCGTTTTAATTTTTTCACTAAGTAGATTAAAATCAATTGTATATTTGACTACATCTCCTACTTGACAGTTTGGGTGTAATTTTGAAGCTTCTGAAATTGTTATAAAAGAAATTCTTTCTGGATCAATTTCTGATTCAAATTCAAAATCATCTTCTACAACTTCCATATTATTGTTAAAAATAATTACTTTTTCTTCATCATTATCTAAGTCAAACACAATTTCAGCTTCTGGGTCTATATCTCTATTGATAGCCTTTGTTGTTTCTTGTGAGAAAAATTCACAAACTTCTTCTTTTGTAAGATTGTTACTTAATGCATATCCTTTAATAACTTTATATCAATCTTTTTTGATTAATTCACTTTTGTTAATAAATGAATCATTTACATCATTTGTTTTTTTAACAGCCATAACCACTCCTAAAATTTAATGTATTTTTCAATATTATTAATGTCGTTTTTTGTTAATTTAATTTTTCTAAATTGTCCATGATCATTTCACTTTAATAAAATTTCGCCATCGTTAAATTCTAATAATTCACCAATATAAATGTCATGTTTGTTTACGCTTTTATTTAATTTCACTTTGATGAAAGAACCTATTTTATCAACTAATTCATCAAATTCATATTCTAATTTTTCACCTTTAGACATAACAGTTAATGCGTATTCATCTTTAAATCAAGTTACAGATTCAAGATATTCATTTAACAAAGTTGTTCATTTATTAACTTGATTTAAATCGTTAGCGTCAACAGTCACTTCAAGGATTTGTTGACCAAATTCACTAATTAATTTTGCATCAATTATTGCATCACCAAAATGATTTTTTAAATCTTCTTTATAATTCAATTTCTCCTCCAAAAATAACAAAAGTTGCATAAATGCAACTCGTAAATCTTGAATGCTTTTAAATTATAGCATAATCGAATAATTATCATTTTTAAATTAAAAAATCACTTAGTGTTTATTTATAACACTAAATGACATTATTTGTTCATCAATTCGTTTTCTTTGTCTTTTACAATTGCAGAAATTTCATTGATATATTTATCAACTTCTTTTTGAACAATTTCTAAAATTCTCTTTTGTTCATCTTCAGAAATACTTTCATCAGCTTTAACTAATTTATTGACATCTTGTCTAGCATTTCTTACTCCTACCTTTGCTTGCTCAGAGTGCTTTGGTAGAGCTTTTGTTAATTCTTTTCTTCTCTCTGTTGTTAATGCTGGAAAGGTAATTCTAACTTGATTTCCTTCATCAACGGGAGTAATTCCTAAATTAGCATTATTAATTGCTTTTAAAATATCTTTAACAGATGATTGATCATAAGGTTTGATTAATAATTGTTGTGGTTCGGGAACTGAAATGTTTGCTAATTCGTCTAATGAAGTAGGTGTACCGTAGTAATCTACTTTTACCCATTTAACTAGTTGAGGATTAGCTCTACCAGTTGAAATTTTAGATAATTCAAATTTAAGATGATGAATCGATTTTTCAGCAGCTTCTTTAATTTGTAATAAATATAATTCTATGTCCATTATTTTACCACCTCT
NZ_CP083178.1_gap13	799618	802131	2513	TTATCCATTTCCATTTTTATCAATAACTTCAGATAATGGATTTGAATTTCAAGCCTTAGGATTAGTAGCCTATAAAAATGACTTATTAATTTATAAAGCACAACCATATTGTTCATTTCAAAGAGGTTCAAATGAACATTTTAATGGACTAATTCGTAGAAAATTCAAAAAAGGATTTGATTTTACAGAATTAACTGATGAAGAAGTTCAAGAACTTCAAGATGAAATAAACAATATGCCAAGAAAAATTTTTGGTTTTAAATCTTCTAGAGAAATGGCTGAACAAGAGTTAAATATAGAAATGATTTTACTAGATCTTTTACCTAATCTTGAATAATAAAATGTGGTCTTTGACCACATATATCCCAATTTCAACCACAATACGTTTTACATAATATTTTGTTGATAAACTTTCCACTCAAACGCCGTGGAGAGGCTTTTGATTTTTTCTGTTATTAAACCACACTTCTAATATGGTTCTTTTTCTCTACGCTCAGTCGCCGCTCTGGCTTTTCTTTTTAAAAATTTATAGGGAAACGTCCTAACGGACTGATCCGCTCAAGCGCCGCGGGGCTTCTTTTCTCAAAAAATCTACCAATTTTACTGTAAAATATTGTTAAGAGAAGCGTTTGCACTTCAAGGTTTAAAAAAGGACAAAACCAAGATTAACTCTTTGGTTTTGTATTTAAGAAAGTTTTTTGTTAAAATAAGTGATACCTTCTGTTTAACTTAATTCACTAAGACGTATAGCAGGATATTTAAGGTAAATTAAATCGTATAGAACTCATGCTGTATATGTAGAATATCAGTAATTTCTAAATGGATCTTCTTTTCATTTAGTATCTGCTTCATTCACATAACTAAACAATTTATTTTTATAGTCAATCTGCTCTTTTCTATCACCGATCATTACAATTGAAGTGGGTTCATGCATTTCTTGAATAATAATTAAGCAGTTACGTAAATAATACAATAATCCATCACTATATCAAATTCTTACCTGAATAGCATCTCTTTTATCCATACTTACTTGAGTTGCTCCTTCAGTTTTGTCAAAAAGAATTTTTTGGAATCCTTCAGTATTTTTTCTTCCGTCACTAAAAACATAATTTAAATTATCTACGGCTTTAATATTTAGATTAGTTGTTGCATCTTTATAGAAAACACTTCTTCTAAATGCATCTCTTGTATCTTTATTATAGAAATTATCCATAATATCGTTGAGTGCTTGATAAGTGCTCTCATCTGCAAAATCGTCTTGATCAACAACTGCTCCTACTTTATCTCATCAACTATTGAATTGTATTATAAACTCAATACCTCTTATAAATCCTGACATCAGAAAAATGTCTGGATTTTCTGTATTTAAGTAATATTCTGCTCCGTCATAAACAAATACATCATTATCATCATAGCTTGTTTTCATATATTCAATATATTCTTCAGGATAAGCTCTATTTGGAGCGATATTATCTCTTCAGTTTTCGTAAATTTCTAGGTGTTTTTGCTGAGATATTTTAAATTGCTCAATTATATCTGCTAAATTTTGTTTAACTTTGTTATAAGTTTCTATTTGAGCCGCTTTACTTTGTTCTAAAGAATTTTGTAATTCATCATTTATTGCTTCAATATCAGCAGATTTCATCGATCCAATATTATTTAATTTATTAATGATACTTTCTTTAGAAGATGTTAAATCACTTCTTATTTCATTATAATGAGGTTGATATTCTAAATCATAAATATAATCACTAATTTGAGTATTAAGTTCTTGATATCTTGCTTCTTGTTCAAGATGTTTCTCATCCTCTAGTTCTTTAGAATTTTTCGCAATGCTAATAGAACCATCTAAATTAGATATTCTTTCAATTAGTTGTTCATAACTTAAATTCTCTTTATCCAAATCTGCTTCTAGTACAGCTTGAGATAAAACATTTTTAATATCATCATATTTTGGTGTTACATTTAAGTTAGTATTCATATAATTTTTAGCTTCATTGATCTTTGCTTCTAAGTCTGCTAGTGCTTGCTTTCTTAATACTTCTTTTTGTTGAGCTTCTTTATATTTTTCTTGTAAGTTTACAAAAAGTTTTTCAGTTTCATTGAAGCTTAGATTTGTTTTATCAATATTTGCTTCTTGATATGCCTGTTTTAATTCTGGATAAAATTCTTTATTTAATTGTGCATCAATTTCGTCAGATAATCTTTCGATTGCTAATATGTACTCATTTTTAAGGTCATTTTCTAACTCTTCATAATATGAAGGTCAATTACTTGATTGTTCGTCAGAATTTTTCAATGCCATATCAAAACGATTTTTAATAGTTTGTGCAAATGTTGGATCTCATTCTTGAATGTAGTTTTCAATTCTTGGATTTAAATAAGTTTGTAATTCAACAATATTGTTTTTTATTTTGTCAATTTTAGCTTTGTTCTCTGCCTCATTCAATTTTTCGATAGTTGTATTAATGTAGTTAGTAAATTCTTCATCATTTAAATCAGTGTCGATTCCA
NZ_CP083178.1_gap14	856277	856895	618	TTACAGTAGAGTTAATTCAAAATAAAACATTCAAATCTATTGCAGAACTAAAAAATATTGCAATAGGGCAAGAAAAATTTAAACCAGTTAATATAGATTGAGAAAGCGAAACATTCAAACCATTAATTATGAAAGGTAAAATTGTAGCTGTTTCTGATGGTGATACAGCAACAATTAGACTTACAGATATACCTGAAAAATTCAGTGAACAATATTCTTTGGGTAATGACTACAAAGTAAGAACTGCTTCAATCGATACACCTGAAAAGGCTATTGGTTCTGGTAGCGATTCAATTAAATCAAAACCTTTTGAATTAACTTTTGCTGAATGATCTACTAAATTTGCTGATGAGAATTTAAAAAACCAAGATGTTATATTTTGATCTAATGGTGAGCAAGATACTTATGGAAGACTTATCGGAGATTTCTTTATCAATAAGAAAGATGAACCTAATGGAAATTATCAATATTCTTATTCAGCTGAAATTGTAAGAGCCGGGTTAACACTACCTTATGATATAAATATAACTACATTTAAGTCAATATATAGAAGTGATAAAACAGCATACAAAACAAACATTTATCCAATAATTTCTGAAGCAGCAGAAGAAGCATATT
NZ_CP083178.1_gap15	862988	867273	4285	AAACGGCCAAGGCATGAGTCTGCAAAACTTTGATTACGGGTTCGAATCCCGTTGGTGCCTCCAGTGCGCTCGTAGCTCAACTGGACAGAGTGTTAGGTTACGGCCCTAAAGGTTGCGGGTTCGACTCCTGCCGGGCGCGCCATATAATTTTTATTACCGATATCTCCATTTTGGAGATTTTTTTATTTAAAAAATGCCACATTAGGCATCTCTGACTGTAAAGTTAATAAACTTAGCTTTTTTATTATAAGTTTTTTTGTTATTATTTTTTTGATACATTTTATTATTAAGATTTATGGACTTGTTTTTAATAACTGGTGTTAAATAATTTTTAATATTTAACATTATTTTGTCATTTTCAGCCATTTTAAGGTAATATTTGATAATATCATCACTAAAGAAATACTGAAAATTATTATACATTTTAATAACATTTGATAACTCATCTAAAATTTTATTTTTTAATACATCGGGGTATTTCATAATTTTACCATTAGTATTAAATTCATCTCTATCAACTATTTTTAATTCTTTTTGTGGATAACATTTAACATCTAAATCATAATCTATGAATTTGATTGTATCATCTTCAAAAATTGGTGTTGATGCCAAATTAATATATCTATAAAATCCATTTTTCTTAATTAGAATTAAACAATTGAAATTTTGTTTTTTAGGCATAAATCATATAACAGGCTCTTTATAAACTCAACCCGCTCCATTTAATTCTGTAACCTTAGTTTTATATAAGATTAAAACTATATGTTTTTCATTATTATAAATGATCTTAGCTTGATTCCATTGTCTATACAAAAGGCCGTTAAACTTATATGCTTGTACTTTAAGAATAGTTCCTACTCTTAAATCGTTTATTTTTACATGCATTTTAACATCCTTTAATAATTAAAGATTCTTACGCTTTGACTTGAATCTTTATCTTCTAAATTTGTTTTATTTTTAATTATTATATAACTATTTTTTTCATCCAAATCATAAACTTCACTAAAAACATCTCTATTTTGAGGTAAAGTTATTATATCATCAACAATTTCATCATTTTGAAATTGTCCATCATTGTTTTTATCTAACCAATAATGTATTACTGAAGAATTTTTAATTTTAGTGCTATCTATGAATTCTTTAGTTATATAAGACTTAAATTCATCCTTATAATCAACATCGCTAGGATTTAAATTAAAATTCTTATCTTTATTTTTTCTGTTAAATATTGAACCAACATATCCTTGAAATCTAAAAATTTCATGTGTCTCAAATTCAGCTAAAATATATGGATTAGACAAATCATTTGATTCAAAAACAAATCCTTTATATTCAGAATCAATTGGTAAATAACCCATTAATTTAATTTTCATTGTATCATTAGGTTCAATAGCGACAGTATCATCGCTTGGATTAATTTTGCTTGTGCTATTTTTTTGAACATTAACAATTTGAGAAATTGTTTTACCATATCCCATTGTTTCTAAAAGTAATTTATAAAATTCTTTAGCTTTATTTACGTCTGTTTGCAGATAATTTTCATATACTAATGAAATATTTTTATTTGTACTAAATAAATTGCTTGCTGGAGATTTTACAACAGGATTTAATAATGTCTTTGAATAATCTACATACAATGAATTTGGAATAAAATCATTATAATAAATTCTATTGTGATATGTTAACGATTCTAAACCATATCAACTACTTCTATAAATTAAATTCTTGTATGTAGTTGAGTCTTTAATAGGACTTTCTTCATAAGGGAAGTAGTAAGGAATAAAGAAATATTTAGTTAATTCTCTAGGAATTAACTCATCGATTGAATAATAATATTTTATCGATTCATTTTTAATATCAAAAATATAAGAATCATCAATATTTTTACCAATTTGAGAAATAAAATAACTTTTTTCTGGATAATTCAAACTTGAGTTTTCATTAGCTATTTTTCAAAGATCATTTAAACTCAAATTTGCAAATAAACTATTATTGTTGTTAATTTCAGGATATTTTTTTGTTGAGTTATAACCAAGTTGTTTCTTGAAATTGTCAACAAAATAACTATTTCAAGTTGAAGTTAAATTTCCATCGTCACTTTTTGTGCTGATTAATATTGTATTTTTATTTAATTCTGTACTATCTGAATTAATACCTACTTCAGCATAAGTTTTAGCTCAATAATGAAGATATTCATGAAAAATAGTTGGAATTATATTTTGAACTTTTGTTTCAATATCATAACCATTTTCAGCTAAAAAATCTGCATTAATATAAATAGTATTAACATTTGAAATAAATAACCCTCTAACAGAATTATCAACTATATTGAAATCATTAATATGAATCGCATTCAAATTAAACACTTCAGGACCGAAAGGAATTTTATTTTTAAATTCTCTTGCTAAATATTTCAATCCATTTTCACCTAGAAGAAATCTTGGTCCGTTTTCATCTTCGTAATAGCAAAAATCAACAAATTTAATTTTTGTGTAGGGATCAATATATTCAATTACTTTTTGAGCATTAAATTGTTTATCATATTTAAATTCAGTATGTTTTATTTTCTCATCATTTTTATTAAAAATTAAATATTCATTATTATAATTATCGCTACTTTTAGAATTATTATCAAATATAGATTCATTAATTAATTTTGAGTCGATATTATAATCATCAGATTTATTCTTATTTACAGTTATATATGACTTTTTTTGATTTAGCATTTGCTCAGTTAAAACCTTAGCTATTCCAAAACTTATTAATATCCCTGATGTACCTAATAATGCACCTATTAAAGTTCATAAAATAATTTTTTTACTTTTTTTCATGGAAATATTATAAACTCATTTTTTGTATTTGTTCTGTTTAATAAAAATAGATATTTCAATTTAATTAAAAAGTGAAATAAAATATGAAAAAACATGAAAATATTAAATTTTTACTCTAATTAATTTAAAATTTAAATGTAAAGATATTTATTCGGAGGTTTTATGTATAAATACAAAGCAGTTTTAGTTTCATCAAGAGAAAAAATAGCGGAAGCTAACACATTAATGGAACTTGAAGGTCAAATAAAATCTTTTAGAAGAGGTCAAAAGAGAGGTGAACACACGAGAGCAAACGAAAAAATCGAAATAATTCACACTGAAAGAAATAATTTAGAAGGTAAAAGAAATTCTAAAGAAGAAATATTAAAAGTTGTTTAATGAAATATATTAAGTAGCGTTTGCTACTTTTATTGTACAATTGTTCTATGAGAATTAGAAATAATCCTAAAGCACCGACCACGTTAGAAAATAGTGATTTTGTAGTAAAAGAGTTTCCATTTGTATTAAAAGAGAATGATGTGTTGGAAATTGGTTCTGGTAAAGGGGAAATGATTTGCAAGATGGCTCAGTTAAACCCAGAAATTCGTTATATTGCATTCGAAAAATTTGAAACAATTGCTGCAATTATTGTTAAAAAAATTAATGAGCTTCAGCTCAAGAATCTATTTGTTATTTGTAAGGATGCTGCAACAATTAATGAATTAATTAAAGGTAAAACAAATAATATTTGATTAACTTTTAGTGATCCATGACCTAAAAAAAGACACGCTAAAAGAAGATTAACTAACCGCGAATTTTTAAAACAATATCAAGAATTATTAACAATAGATGGAATACTAAAGTTCAAAACTGACAATGATAAATTATTTGAATATTCAATTGAAGAATTGAATGAACAAAAATGAGAAATTATTAATATTACTAATGATTTACATAATTCAAAATTTAACATTGGTAATGTTAGAACTGGATACGAACAAAAATTTGCTTCATTAGGAAAAAATATAAACTATTTAGAAGCTAAAAAACCTGCATAATCGAACTGTTAAAAACAGTTTTTATTTTTATTTTTTGCTTTTGTGTCTTGTTTAGCTAGTTGGAAAAAACAAGGAAAATGATACAATTTAATATATTATATATATTAAATAATTTAAGGTGGTTTTATGGCTGAAAAAGAAAAAAATAATTTATTAGAAAATGAGCAAGAAATTAATGAGCAAGAGTTAGAATTCATCACTGATGATGATTTTGAAGATGAAGAACAATCTATTGTTTTTAAAAAGAAACCAAAAATCATTAAAGAAGAAGAGGAAGAAGAAATTCCACAAAATGATGAAAATTATGTTATTCAATCTCAAATAATCGATGAAGGTATTGATGGACTTCAACCAAGAGAACTTGACACAGAAATTAAAACGTCATTCTTAGAATATGCTATGAGTGTTATTGTTTCT
NZ_CP083178.1_gap16	876980	879649	2669	TAATTTAAGATTGTGTTTTAATTTGTATTTAAATGCTCCGTGAACTGAAGGAATATCAATTTCTTTTTCTTGTAGTAAATCTATAAAACTGATCTTTAAGTCTAAGTAAATGTCCATACCTTCACGTTTGTAATTTTTACTTGGATTTACATTTAAAACAATATATAAATCACCTGGTTCTCCACCATTTAAACCTGGACCACCATAACCTTTAACAGTTATAACTTTACCAGTTACAGTTCCTTTTGGAGTTTTAATTGTGACCTTTTTCTCAGATTTAACATAAGCATTACCATGACAATTTGAACATTTTTTCTTAATAATTTTTCCAGTTGACTTACATGTTTTACATGGTTCATTATTAATTATTTCACCAATAATTGTTCTCATTTTTACTTTTTGAACACCAGAACCTGAACAAGTTGAACATGTTTCTATGTCATTGCTTGATTCGGCACCTGAACCATTACAGTGTAGACAAAGTTCATATTTATCTAATTTTTCAGTAAATTCAGTACCATGAATTGATTCCATGAAAGTTATTGTTTTATTTATTTGATAATCTTCACCTTTAATTTGTCTATTTCTGCTTTTTCTTGATCCACCAAAGCCCATACCACCAAAGATATTTTCAAAAATATCTCCGAAATCTGAAGCGAAACCACGTCCACCAAAACCAGAGAAACCGCCAAAACCTGCTTGACCATTTATTCCTTCGTGTCCATAATTGTCATAATTGGTTCTTTTTTGAGGGTCAGAAAGAACTTCATAAGCCTCATTAATTTCTTTCATTTTTTCTTCGGCACCAGCTTCTTTGTTTTTATCTGGGTGATATTGCATAGCTAATTTACGATATGCACTTTTTATTTCTTTTTCTGTAGCATTTTTTTTAATACCTAATACTTCATAATAGTCTCTTTTATTACTCATGTAATATATTTTAGCACAAAAACAATTTAATTGCTAATTTTTAAGGACTATTGCTATATTCTTAATATAAATAAAAATTTTAATATAATTAAACTATGAAATTTAATGACAAAAAATTTATTAAAGATAGACTAATTCCAGGAATAATTTTTTTAGTTGTTACTTTAATAGTTTTAATATTGGTAATTTTATTTAATAATCCAAATCTTTTAAGTGTTGATAATACTTTCAAAACAGTGATAAAAATAATTTGTTTTGCTATTTTTGCTGCTCTTGGTGGGTTTATTTTTTATGAATTTATTTCTAGTTTTCATATTGGAAAAATTCAGAGCATTTTTTTATCAATTATAATGTTAATTACATTTATTTTCCCATTTCATTATTTTAAATTAATAATAATTCAAAATATTTCAAGTACTGATGCCGAATTTTTTAGGCCATTTGAAATGCAAAGGGTTGCATTAGCAGTTGTTTCTGACTATTATTCTGTTTTGATTTGACTTTTTACAACAATTTGTTTTTTTGTGATAAAAATTTCTTCAGTCGATAACCCTGATTATAGATTGATCGGATTTAAGACATTAATCTTTTTTGCGGTTAGTTATTTATTAATGATTGCTTCTAAAATATTAATTTATTCAGTTTATTCAAATTATCATTATTTTATTTTATTTGTTGTTGTTTCCTTTGTTACAGATACGGGTGGATATATTGGTGGTTCTCTTTTTGGTGGAAAAATAATCAAGAAAAAATTAGCACCAAGAATTTCCCCTAAAAAAACTTGAGAAGGAGCTATCGTTGGTTTTGTTTTATCTGCTATTGTCATTACTATTTTAATCTACACATTAGGTTTATTTGAAATCCAAGATACTTCTAAAATAAGTGCAAAAATAATGCAAAACTTCTTTAGAGTTTTATTAATTATTCTTTTACCAATAGCAGCTATTTTTGGTGATTTAATTTTTTCAAGTATTAAAAGATTAAACAACATAAAAGATTTTTCTAAAATTTTAAGAGGACATGGTGGATTTTTAGATAGATTTGATTCACTTTCGTTAATTACTTTTGTAGGATTTGCTATTCTACTATTAATTTAAATTACTCTCACAAATGTGAGATTATTTTATTTAATTAATCATTTTAATTTATTTTATTGACAGAAGGAGTAAATATGAACTTTTATAGAGATAGTCATTTAGCTAGTTTTTTTAAAATGCTTAATTTAGATGATATGAAGAGCTTTAAAGAATCATTTATTGTAGATGACCAAATTATTTTCAAAGAAAACAATCATGGAATCCCTGTTTACAAATTTACTATTGGTTCATTCAGTATGCCTTCTGTTGAGGATTTTTTTACATTATTACTTACTGTTTCTGAAATTAAAAATCAAATTTTTAAAATAAAATTCAACATTACAAGTAAGTTTTTTGATCCAAGTGAAATTAAAAAATATATTATAAGAATACATGAGGTCTATGGCGGATTAAATAATCTTTATACTTTTTTAACTAAAACAGGTGAAATTAAAGCAGATATAAATAATCAAAATTACTTAGTCGAAATTAAAGAAACACTTGATAAAGAAGAAACAACCAAACTTTATGAACCTGAAATTTCTAAAGTTAATGAATTTTTGCATAAAATTGGACTAAATTGATTTAATCTAGTTTTACATGTCAATCAAATAGTAAATATAGAAGAATATAACAAAAAAATAAATGAAAAGAAAAATGAGG
NZ_CP083178.1_gap17	880876	885618	4742	AATTATATGAGTATAAAGATAATTCCTTGTATGATAAAACTAGAGCAGCAAATATTACTGTTTTGGCACTAAATCAACAAGGATTAAAAGAATTATTTGAGTTAGTTACCTTTGCTCTAACTGATAATTTTTATAAGGAACCAAAATTATTTTATGAAGATTTACCTAAGAGTAAAAATTTATTAATCGGTTCATCAGGAATTCAAGGTGATTTAATTGATTCACTCCTTTATTCTTCAAAAGACAAAATAGATTATTACATGAACTATTTTGATTACATTGAAATTCCTGCTCCGCAAAATTTTAGACATAAGGTAAAATATGGTGAATTTAGTGAAAAAGAGATAGAAGAATTACTAAAATATCTTATTTTAAGATCAAAAGAGAAAAATAAAATTCCAGTTGCAATCGGAGATGTTAGATACGAATCTAAGAAAGATTTATCAGTTTATTCAATTTTAGTTAATTCTAAAGGTATTGGTGGTGTAGCTCACTATTTATATAATTATGACAAAGAAGTTAAACTTCAATTACCTTATAATGACTTTTTAACAACTGATGAGATGATTCAAGAATTTAGATTTCTTAATGACATAAAATTAATTGAGGAAATTGTTATAGATAACACAAATAAAATAGCTGATTTAGTCGAAGAAATTGAAGTTATTAAAAAGGATTTATATACACCTAAGTTTGATGATTCTACTACAAAATTACCTGAATTAGTTTATAAAACTGCTCATGAAATTTATGGTGAAAAATTACCTGAAATAGTTGAAGAAAGAATTAAGAAAGAAATCGAACCTATTTTAAAATATGGTTTTGACGTTGTTTACTGAATTTCTCATATTTTGGTTAAAAAATCACTTGATAATGGATATTTAGTAGGTTCGCGTGGTTCTGTTGGTTCTTCATTAGTTGCTACTTTAAGTGGAATAACCGAAATAAATCCATTAGAACCGCACTATATTTGTGAAATTTGTAAACATTTTGAACTAGCAAAAGTACCGGGTATAACTTCTGGTTTTGACTTAGAAGAGAAAAATTGTCCAAATTGTAATAAATTGATGAAAAGAGATGGACAATCAATACCATTCGAAACTTTCTTAGGATTCAACGCGGATAAAGTTCCGGATATTGACCTTAACTTCTCTGGTGATTATCAACCGGTAATTCATGATGAAGTTAAACGACTTTTTGGAGATGGTCATACTTTTAGAGCTGGAACAATATCAACAATTGCCGAAAAAACCGCATATGGTTATATTAAAGCAGTTAATGAAGAACAAGGATTAAATTATTCACCACTATTCATAGAGTTTCTTTCAAAAAAACTTGAAGGGGTAAAAAAGACTACTGGTCAACACCCTGGTGGAATTATCATTATTCCTAAAGAATTTTCTGTTGAAGATTTTACTCCAGTAAACTATCCTGCTAATGATATGAGCAGTACTTGAAAAACAACTCACTTTGAATACCGTGCTATTCATGACAACGTTTTAAAATTAGATATTCTAGGTCATGTTGACCCAATGGCTATCAAAATGTTAGAAAAATTAACAGGATTAAATGTTAAAAAAGACATTCCGGTTAAAGATGAAAAAGTAATTGCTATTTTCTCAAACACAAATTCTTTAGGTATAAAACCTGAAGATATTGGTGGAGAAACAACTGGAGCTTTAGGAATTCCTGAATTTGGTACAGGTTTTGTTAGACAGATGTTAAGTAAAGCTAATCCAAATAGTTTTGCTGATTTAGTATCGCTTTCAGGACTAAGTCATGGAACTAACGTGTGATTAAATAATGCTCATGACTTAATTGTTAATGAAGGTTTAACTCTTAAAGATGTTATTTGTTGTAGAGATGACATCATGATTTATTTAATGGGGAAAGGTGTAGAACCATCATTATCATTCAAAGTTATGGAACAAGTTCGTAAAGGTAAAAGCATAACAGCTGAACAAGAAAAAGAATTGCTTGCTAAAAATGTAGAAACTTGATACATCGAAAGTATGAAGAAAATTGAGTATATGTTCCCTAAAGCTCATGCCACTGCGTATGTATTAATGGCTTGAAGAATTGCTTGGTTTAAGGTTTATTATCCATTAGAATTTTACGCAACTTTCTTTACTACTCGTTGTGAAGCATTTGATTTAGTAACAATGATGAATGACTATAATGCTAATAAAATTAACAATAAAATAACCGAAATTAACTCTAAAGACAAAAAAGATAGAAGTACAAAAGAACAAAATTTAATTCCTACTCTTGAGTTAGCAAGAGAAATGTATTGTAGGGGTTATAAAATAAGCAATATTAATATTTATAAATCACTTGAAGTTGAATGAGTTGTTGATAAAGCAAATAAAGCATTAATACCTCCTTTTAGTGTTATTGATGGTCTTGGATATAATGCTGCTCATACAATAATTACTGCTAGAGAAGAACGTCCATTCCTTTCAATAGAAGACTTTAAAAAACGTACATCAATTAACCAAACTCAATTTAAAGATATGCATGAGTTAGGTGTTTTTGAAGAGTTGGATGAAACTGATCAAATGAGATTATTCTAAAAATTATTGATAGTTTGAGAAAAAGGCCTAAAAACAGAATTAATAAATATTTTTAGTATAATATTTAAGTAAATTAAAGGAGAAACAATGTTAAATAAAAGCGAACTTAAAAGTACAAGAAATAAAGCTATTTGTGTATTAGTGTTAGCATCTATTTCGTTTTTAATGTTAATTTTAGGGTGAATTTTACCAATTTTATGAGTTACTAGATATATTTTTTCTCTTGTTAACTTCATTTTAATGATTATTATTGCTGTTAAATCAAGTAAAATTGATAGAACATCTATGATTTTAATTATTATTGGTATTTTTATTCCACCTGTCGGAATCATTGGATTGATTATTTTACTTGTTAAAATTACATCATTATTAAAAGAAGAAGATGTAAATGAACAAGCACAAATCACTGAATAAAATTATTTTTAATAAGTTGGATTAAATCCAACTTTTATTTTTTAAAACAAAAAACCGACAAATAAATGTCGGTATTGAATTAATAAGCTATTTTTCCTAAAATAACCTCTTTATCTGCTCCTGTTGAACTTTTTAGATTACCGTTTCTTCTTGTATAAGTTAAATAACCTAAGAGTGCAAATTGAGCAGCCTCTTTAGAATCACTGGTAATACCCAGTTTTCCAAAGTCATATACTTTTATTGGTTTTAATAGTTTTTGTAAACTTCGAACTATAAATGGATTATTAGCTCCACCACCACAAACGTAAACTTCATATTTTTTATTTTCTTCAATAATAAATTTCTTATATGATTCAGCAATTATATATGCTGTGAAAAAAGTTATTGTTGTAGTAATGTCATTAGGAGAAATATAATTAAATTTGTTTATTAAAGTTTTAAAATATGAATCACTATATTTTTCTCTACCAGTTGATTTAGGTGGTTTTTGTTCATAATAAGGATCGTTTTTAAGATATTCAAGTAGTTCATTATTAACTTTACCACTAAGGGCAACTTTTGCATCTTTATCATAGTCTAAATTGTAAAAATGTTTCATACATTTATCAATCAAAACATTACCTGGACCATTATCAAAAGCCAGTTCTTTTTCACCAATTACTGAAACATTACTCATTCCACCGATATTTTGAAATAATCTAACTTTATTTTTATCTTTATATAAGATTTGATCTAGTTTAGGCACTAGAGGAGCGCCTTGACCACCAACAGCCATATCGGCTGGACGAAAATCTCCTATTGTAGTAATTTGAGTTTTTTTAGCAATGACACTTATGTCACCAAGTTGTAAAGTTGATTTAGCTTCAGAATTACTTGGATCAATTAAATGATAAATTGTTTGTCCATGACTTGCAATAAATTTAATATCATCTTTATTTAAGTTATTTTCAGCAATAAATTTATTGACTTGCTCTGCATAAAAGTTTGCAATTTCAAAGTTTAATGAACAAAGAAATCTACTAGTAATATTTTCTTCAAATGATTTCATAATTTTTGCTTTTAATTCAGCAGGAATTGGAACCATTTTAAAATTAAGTAGATTCATTTTTATTTTTGTATTTTCCTTAATTTGAACATGAGCAATATCAAGTGCGTCAACACTTGTACCGCACATTAAACCAATTGCTTGAATATTATTTTTCAAAAGTAAACCTTTCAAGTGGTTTAAGATAATCCAAAAGAATTATTTCTTCTTCTACTATTCTACCAACTACACTTTTACCGTAGTCAATATTTTTTTGTTCTTGCAAAATGATTTGTAATTCACCCTTATATTGACCATAATTATTATTACAGATGACAACGTCACCTTTTCTAAGAATCTCAGGAGTGTTGTGAGCAGTAAAATCTTCAGATTTATATTTTACTCTTGATTGAGTTGATCTAACACTGTAATCATTAGTGTCACCACGTCTAAAGTGTGGATTGTTAAATAAAATAGTATTTTCTATTTCGGTGTTATTTTTAATTGAATCTTTTTCTAATCTAAAACTAATAATTGGATTTTGATCTACTTTTGATAGAAGCTTTAATTCTTCTTCAGAAGCAAAAGAGTTCCCAATGATCGTATCATCGATTAAACCTGTAGCTCTATAGAACTTATATTGAGAATCAATTCTCATATTTCTTAATATTTCAAGTGAAACTAACCCATGTGATAATACTCATGGTCCGACTTTAGCTGAATGTGAAGTT
NZ_CP083178.1_gap18	887952	891145	3193	CTCTTTTTTCATTATTCCTCCATTAATCTTTTAATATTGATTAGTAATTTACCTGCCCCAAGTGGAGTATATTCAGACATTTGAATTTGGTAAATTAACTTATTTTTATTTTTAGCAAATTCCTCAATTTGCTCAAATCTATATTTAACTTGAGGAGCTACTAAAACGATGTCAAAATCATTTTGATATTCATCCATTTCTGGAATTCCAATAGCATTTGCACTGAAATTATCAATGTTTAGATTTTTGGCTTCTTTTTCTAGTGAATTAATTAACATTTGTGTACTCATTCCACCAGAACAAATTAATAAAACTTTCATTATTTTACTTCCTCTTTTTTAGATTTTTTAAGTACTATTGATACTACTAAAAATGCTGCAACAAGAATGAAGTAAACAAATACAACTGATAAAATGATATATTTGATTTTTTCGTTATTTGCTGTTAAGACATTTAACTTACTTTCAATAAGTGGGTTTCCACCTTCAAGTAGTTCATATGCTAAACTTGGTTCAAATGCTTTGTAGGCAATAGCACTATAAATTGCTGTAATTACTGCAATAATTGTTATAGAAATAACTAAGATTGATAAAATGTTGTCTTTTTTTGTTCCGACAATTTCATCTTTTTTATTCTTAATCAATCCTCTTACGACATAATAAAGTGCTAAAGCAGCAAATAAAACCATAATAATTACGGTAACATTCATGTTAATATCACCATATTTGTGTGCTTCAATTGCATAATTGCTCTTTCCTGATTGAATAATCTTAGGAATGAATGACAATGTAGCAATAATAGAAAATATTACACTTAATAATGAAAGTACAAATGGGCGAATTATTTTCCCTTTTAACATGTCTTTCCTTTCTATTTAATATTTAGTTTTTTAAATATTTTTATTGTTTTTTCAGCAAGTATTAATGCACTTTCAGCTTGCATGAATTGATCTTCAGCATGAATAAGTAATAAAGGTATATTATTAACTTGTTTATTAGCTTCAGCTGTAAGTAATTCAGCATGAGAACTGTGAACATTTTGTAATAATTGCTTTCCTTCTTTGATTTTTTGATTAGCAAGTTCAAATTCAGATTCAATAGCGTGATCTAACGCTTCTAAGAATAATGCTTTTGCACCACCACTATTAGCAATTAGTTCAAAAGCAATTAATTCTACATTAATTTCTTGATCCATAAATTTTTTCGTACTCCTTTTTAGCTTGTTCATAAGTAAAATTGTTTTCAATCATTAAAATAGATATTTTAACATTGTTGGCAATCTTAAATATTTCTTCAACAAAATCACGTTCTTTTTTAGTTATTTGCATAATCATATTAATACATCTTTCACGTAATTTTTGATTTGAAGGTACAACATTTATCATAAAGTTTTCTTCGACATAACCTAGTTTGATCATCACTGAAGATGAAATCATGTTGCAAACTAATTTTTGTGAAGTACCTGCTTTTAATCTGGTTGAACCTGTTATTGTTTCGGCACCAGTTTCTATTTCAACAGCCACATCAACCCATTTTGATGTTGGTGAGTTTATACTATTACAAATAAAAGCTGTTTTTGCACCGATTTTTTTTGCATATTCTAATCCAGAAACAACATATGGAGTTCTTCCTGATGCTGTTAAACCAATTAGAATATCATTTTTACTTAAATTTATATTCTTTAAGTCGATGATCGCTTGTTCTCTATTATCTTCTGAACCTTCTTGTGGAGTGATTATTGCATCTAAACCACCAGCAATTAGTCCAATAACTTTGTTTTTAACACCAAAGGTTGGATATATTTCAGAAGCATCTAAAATACCGATTCTTCCACTAGTACCAGCACCAATATAAACAATTCTTCCATCAAATTCTTTAAGTTGCTTGTGAGCAATTTCAATAATTTGAGCGATTTGTTCTTTATGTTTAAGCACTAATGGTGGAACAAGTGAATCTTCATAATTGAATTTTTCTACAATTTCAACAGTAGAAATTTTAGATAAATTTGTGGTTCTTGGATTTCTCTGTTCTGTATCTAGTTTAGAAATTTCATTCACCTCAAATTCCTCCGATTCTACACAGCTCTATAAATTAGAATACCAGGAACTTTTGCTGGATTATAGTAAACTGTTTTACCTTGTGCGTTACTTTCTTTAGTGTTGATGTTTCTATCTTGTAAGTAATCTACAAGAGGTGTGTCAACTACTTTCATGTTTTTTGCACTTGATGAAGCATTTCTGTAGTATGCTTTTTTAACTGTTTGACCATTTTTATCAACTTCATCTTTAAATATTAATAAACCACAGTGTGTTACATCAAGTCAATCATTTAAGCTTGAAGGAGCTGCTAAAGTTACAATATCTCCTTCTTTGAAGTATTTGTAAAGAAGTTCATCAGTAACTTTATCATAATTTACATAACTGATTTCTCTTACTTCACTTCCAGTTCCTACTAAAACTTCTTTACCAGTGTCTTTTTTGATGTTTCTATTGAATGTAAGTGTTGTCACTTTATCTTCACCTAAAATATTTTTGTCTACAACATTAGTCATTTGTAAACCTGTAGGTGAGAATTTTTCACTAGCTCAGTCAGTAAAGTAGTGTTTTCTGGTTTCATAACTTACTTTACCATTTACATATCTAGTATTAACTAAGTTTTGCATAAATTCATCTTCAGTATTCGAATTAGAAAATGCATAAATATAATCTAAATATGTAAAGCAATCTAAGTTATCAAGATCAACAACTAAAATTTCAGATGTATTTGGTGATCCTATTAGTCTTTCAGCTGTATATTTCACATCCATAAATTCATTAGCTATTCTTACTAATAATTCATTTTTTGAAATATTTTCTTTTTTTCATTCAGCTGTTTTACTTAAAACATCTTTAATTTTATTTTTTGTAGATGTATATGTTAGGATTGCATAATCATTTTCTGTAAGATATTTTGAGTAACCGTTTACTAATTCAAATGGTGCTCTATCTTTAACAGATTGAATAAATTTAGCAAATTCATCAATTTTATTTTTAAGATCAGCGTTATTTTCATAACTTTTGTGTTCAGAAATTAATGCATTTACTTTATTTAAAAGTTCTTTAGCTTTAGCAATTTCAGCTTTAGATTCATTTAGTAAATGAGAATTTTTTCCTCCACTTAAACTTTCTTTATTGAATTTTTCAATATCATCAATT
NZ_CP083178.1_gap19	893680	895901	2221	TCACAGGTTGATGAAATAATTAGTACAATAAACATTTCTGGCAATTATGATATAGTTCTAAAAAATCAAAAAAATTCAACTAAGAAAAATATTGACATACAAAATAACGTTTTTAATTTTGGGATAAAAATTAAGAAGTTCATTGATGGAAAATCTTTAGTAATAAACTTTAATGATTTCAAAGAAAAATACGGATCTGAATCAACAAAACATTTATTTAAAACTATGTTTTGATTATTGAATAATCGTAGATATAATAGAGGGTTGATTTTTTCAAAATCTAACAACTTAGAAGAGTTATACAAATATAATTTTCCAAATCAGTATTAATAACAAATATTAAATTTCACATTTTTCATATTCTTTAAAATTTTGTAGTTATTTTAAGGATTTTGTTATTTTTAGTATTAAAATAAAAAGTAGAAGGGATAATTATGATTTTAGGAATAATAGTAACAATATTTTTAATATATTTAATGAGTTTACATGGCCCTTTCTATGTATATGGAATCTATAAACCATATACTAAAATTTGGACTTTAGGTTTATACGACAAAATAATAGACAATTCTACTAGTGAACTACCTAAGAATGTTTTTAATGCAATCAAAATTCTTGAAGGCGACACTGAAAATAAAGTTAATAAAGTAATTAAAACTATTTTTATTTATTTAAGTATTAATATTGTAATTTTTGCAATGCTTCTTATTTATGGAATATTAGTAAAATTTAATGTTATTGTTGTTAAAGATAATTTTATAATGGAAACGGAAATAGTTAAAGGTTTATCTCAATTTTGATTCTTTTTAATTTTAGATTTTGTTGAATTATGTTTTACTGTATTTGTATCAATTAACTTTATACTAAATGGAAAATCTAAATTAAAAGCAATGAAAGATAAAATTAAAACAATTTCTGTTATTGAAGAGTATGTTTTAGATGAAACACAACTTGTTTTCGAGAGTTCAAAAAAATTTAATAGTGAACAATATGCTTTTGGTTCAAAAATTGTTTCAATAATGCCTATTTTAGGTTTGATTGTAGATCTTAAAAAAATTGAAAGTAAGTATAATAAAACGCAAATAAAAAATATTTATGAGTCAATTTTCTGATTAGCACAAGAAACTAAAGGAAATAAGGATTATAATTTTTATAATCTTCAAAACTTAATTCAAAGATACAAATCACTTTAATGATTTTTAATGTAGGATATCCTACATTTTTTTAATTTTTGTCCCATATTTAAAAAAAATGTCCCCAATTAATGTATAATACAAGCATATTGAGGAGGCACGAAAAATGAAAAAACAAAATGTAATAAATTTAATTAAGTATCACATGGAAAGAGATGAAGTTTCATTTATTGATGAAGCATTAATAATAACGAAGTATTTTGATAAAATCGGAGATTATCAGCTTAGTGAATACATTATGGGACTTATTTCGGGTAATAATCAATATTATCCTCAGATTAATGAATATAAGAGTAGATTTCTTAAAAAGTTAGATATTGAAAATGTATCCTCATTAAATTTACCTCTATCTATTTCTGATGATATTAAAGGAATAATCAATGCTGTAAATCATGACATAGGAATAAATAAATTTCTTTTTGAAGGACATCCTGGTACCGGAAAAACTGAAGCTGCAAAACATGTAGCAAGATTGTTAAATAGGGTTATTTTAAGAGTTGATTTTGAGAATATTGTAGATAGTAAATTGGGACAAACTACAAAAAACATATCAGATCTTTTCAAGGAAATTAGTTCACTTCCTAATTCCAATAAAATTGTTATTCTTTTTGATGAAATAGATGTTATAGCTTTAGATAGAATTAATGAAAATGATGTAAGAGAAATGGGAAGAGCTACATCAACAATTCTTATGGAACTAGATAATCTAATATCAAAAAATAAAGGTATTGTCATTATTGCCACAACTAATTTGTTTAATAATTTTGACAAAGCATTAGCAAGAAGATTTGATGCAAGAATTAATTTTAATAATTATTCTAAGAAAGATTTAATTGAAGTTGCAGAAAATTATTACTCTTTATTTATAAAGAAATTCAAAGGTTTAACAAAGGATACTAAATTGTTCAAAAAAATACTCGAACTATCTGATGAATTACCCTATCCTGGTGAATTAAAAAATATAATAAAAACTTCACTTGCTTTTAGCAACGTTGATTCAGAATTCGATTATTTGAAAAAAATATATA
NZ_CP083178.1_gap20	897989	902528	4539	AAGTGTAAAATTGAAAAATTTTCTACAAGAACAAGAGAAAGAAAATCTTACAACAATAAAAAATGAGGTATGGAAATTAAAACAAGCAATCGTTTAGATAGTAACGATGGAAAAGGGATAAGATTTGGTGTTGTGGTAACTTTAAAAGATATACACGGAAGAAATAGAATAGACGAATTTGTAAGAAATTTCACATTAAATAGCTGAATAGTTGATGAAATTGATATTGATAAAAAAATCAATATTTATGAAAAAAACCATGAAGAGATCGTATTCGAGACAGAAGATTTAAAATTTTAGAAAATTCAATCTTGTTACTATTTAACAAGTTTTTTTATTATCTATAAAAATATTGTAAACGTATTTAATTCTAAGTATTCAATATATTTATCCAAAAAACATATAAGGAACATATAATTTAATATAATTCAAATAACAAGATTATTAAGGGGTATTTATGAGTAGTAATTTATCAAAACAAACAACACAAAGAGCTGAATTACATAAAAAAATTTGAGCCATCGCTGATGAAGTTCGTGGTTCAGTTGACGGTTGAGATTTTAAACAATATGTGCTAGGAATTCTTTTCTATCGTTTTATCTCAGAAAATTTAGCTGATTATTTTAATAGAGATGAACATGAATCAGGTAATTTAGACTTTGATTATAAAAATATTAGTGACGAAATAGCAAATGAAAATTTTAAATATGACAGTATAACTGAAAAAGGATTCTTCATTTTGCCAAGCCAATTATTTGCTAATGTTGTGAAAAATGCAAATACTAATGAAAATTTAAATGTAGATCTTGATAATATATTCAAAAGTATTGAAAATAGCGCAGTAGGAAATGATTCTGAAGAAGATATTAAAGGATTATTTGATGATATCGATATCACAAGCAATAGATTAGGAAATACAGTAAAAGAAAAAAATGACCGTCTTGCAAAAATATTAAATGGAATTGCTGAGATCAATTTTGATAGTTTTATCGAAAATGACATCGATGCTTTCGGTGATGCATATGAATTTTTAATTTCTAATTATGCAAGTAATGCTGGAAAATCAGGAGGAGAATTTTTTACTCCACAATCTGTATCTAAATTGCTAGCTAGAATCGTAATGGATGGGAAAACTAAAATAAATAAAGTTTACGATCCTACTTGTGGTTCTGGTTCACTTTTACTGCAAATGAAAAAACAATACAGTGAAGGTGTTATTGAAGAAGGTTTTTATGGTCAAGAAATAAATATGACCAACTTTAACTTAGCAAGAATGAATATGTTCTTGCATAATATTAACTATAATGATTTCTGAATTAAAAGAGGTGATACTTTAATTCAACCATTACATATGGATCAAAAACCTTTTGATGCTATTGTATCGAATCCCCCATATTCAATAAAATGAATTGGAGAAGATGATCCTACATTAATTAATGATGAACGTTTTGCTCCAGCTGGAAGATTAGCTCCTAAATCTAAGGCTGATTTTGCTTTCATATTACACTCCTTACATCATCTTTCATCTCAAGGTAGAGCTGCCATAGTTTGTTTCCCTGGAATTTTCTACCGTAAAGGTGCTGAAAAAACAATTTGTAAATATTTAGTTGATAATAATTTTATTGACTGTATTATTCAACTTCCTGATAACTTATTCTTTGGTACATCAATTGCTACCTGTATTTTAGTTATGTCTAAAAACAAAACTGAGAATAAGGTTTTATTCATTGATGCATCAAAAGAATTTAAGAAAGAAACTAATAATAACATTCTTAGCGATGAAAATATTGAAAATATTATCAAAGAATTTAGTGAAAGAAAAGAAATTCAATATTTCTCTAGATATGTTGATAAAGAAGAAATAGAAAATAATGATTACGATCTATCTGTTCTAAAATATGTTGAAAAAGAGGACACTAGAGAAAAAATTGATATCAAATTATTAAACAAAGAAATCCAAGAAACTGTTCAAAGAATTAACGAATTAAGAAATGCTATTGATGAAATAGTTAAGGAGTTAGAAGGAGATGAATAAGATTTGAGATTTGATTAAAAACGAAAAAGTTGAGTGAAAAACTATTGGCGAGATTGGTGTTGTTACCGGAGCTGGAGTTGATAAAAAAATTAATGACAATGAAAAGTTTGTTACATTACTTAATTACATGGATGTATATAAAAACAAATATATTGATTCATTAATTCCTAGAATGCGTGTTACTGCATCAGATAAAAAAATAATTAGTTGCGATGTTAAAAAAGGAGATATTTTTATAACTCCTAGTTCTGAAACTAAATATGACATTTTTAACACTTCAGTCATAACACAAGATTTGAAAAATACTGTGTATTCTTATCATATCATGAGATTAAGATTAAAGACATATAATTGAATAACATCGTGCTATTTAAATTATTATTTCGATAGTCAAAAATTTAAGGATGAAATATATAAATTAGTTCATGGTGAGATCAGATTTACAATAAGCAAATCAGATATAGAAAAGATTAAAGTCCCAATACCTTCGATAGATATACAAAATAAAATTGTAAAAATACTTGATAAATTCAACATTTATGTTAATGAGTTGGAACAAAAGTTAGAGCGCGAACTAGAACACCGTAATAAACAATATAAGTATTATAAGGATAAATTATTAGCGTTTGATAATACAGATAGCCCAGAGAGAGAGAGAGAGAGAGAGAGAGCGTTGCGCGTGGCAAATAAGTAGAGAATATTTTCCTATATTCGAAGAAGCAGAAAAATTTGAGTGAAAAAGTTTAAGTGAAATAGGAAAATTGTATACAGGATTAAAATCTAAAAATAAATATGATTTTACTAATGGAAATTTCAAATATGTTTCATATATAAATATTTTTAATAATGATGAGTTAAATGAAGATTTTTTAGATAATTGAGTTTACATAGATAAAGATGAAAATCAAAATAATATTAAATATGGAGATATTCTTTTTACAGGATCTTCTGAAAATTTAGAAGAAGCTGGTTTAAGTTCGGTTGTCAATTTTTTTCCGAGAGAAAAAATTTATTTAAATAGTTTCTCGTTTGGTTTAAGATTAAATGAACCTAAGGTTTTGATTCCGAAATTTTCTAAATATTTATTTAGATCTGAATTAATAAGAAAACAAATAATTAACATAACAACTGGAGTAACTAGATTTAATGTATCAAAAGAAAAAATTTCTAAAATCAAAATTCCTATTCCACCAATCGAAACACAAAACAAAATTGTAAAAATACTTGATAAATTTTCAGTGTTAACAGAAGGAGCTAAAAACTCTTTACCCAAAGAAATTAAACTTAGAAAACAACAGTATGAATATTATAGAAATAAACTTTTAGATTTTCCTAAAGAATAATAATGGAGGATTTTATGTCTAATCCTAATGAAAATAACTTCAAAAAACTATCAACAATCGCAGAATTGAATACTGGGATTATTTTAGCTCAGTATAAATCTGTTGCTAATGAAGGTAAAAGTTATCAAAGTGAAGAAGCCTTAGAAAAATTTCTTATTAATTCGCTTAAACAACAAGGTTATCAATATTTAGAAAATCTTAAGGAACCACAAGATTTACTAATTAATCTTAGAAATCAAATTGAAAAATTAAATAAGATTAAATTTAATGATAATGAATGAAAGAGATTTAGCGAAGAAGTTTTTACAAATCCTAAACATAATCTAACTGATAAATCTAGACAAATTCAGGAAGATCATATAATAACTTTTACTTTTGATAATAACGAAAAGCAAAACATAAAGCTAATTGATAAAAAAGATTTAAATAATAATAGTTTACAAGTTATTAATCAATTCAAACAAAATGGGATACATTTAAATATTTATGATGTAACTATTTTGGTCAATGGACTTCCGCTTGTACATATTGAACTTAAATCCAGAGGAAGACTCATTTCTGAAGCGTTCTACCAAATTAATAGATATAGTAAAGAGAGTTTTAATACTGTAAATTCTCTATACAAATATGTACAGATATTTGTTATTTCTAATGGAACTATGACTAAGTATTTTACTAACAATTATAATGATGGTAAAAATAGTATGGATTTTGCTTGTGAATGAGCTGATTCAAAAAATAATCCTATTCCTGATCTTGTTGATTTTACAAAAACATTTTTTGAAAGAAGAGTGTTGTTGGAAATTCTAACTAAATATTGTATTTTTACATCACAAAATAAATTATTAGTGATGCGTCCATATCAAATAGCTGCTACTGAAAGAATTTTGTGAAAAATTAAATCAAGTTTTGAAAATAAAAAATATGGTTCAGTCGAAGGTGGTGGTTATATTTGACACACAACCGGATCAGGTAAAACACTAACTTCATTTAAGACAGCAAACTTAGCTAGAAATTTAGATTTTATTGATAAAGTATTTTTCGTTGTTGATAGAAAAGACTTGGATTATCAAACAGTTAATGAATATAAAAAATTTGATAAAGATAGTGTTGAATCAATTAGAGACACTACTGCACTGAAAAAGTCTATTGAATCTAGTG
NZ_CP083178.1_gap21	915847	916347	500	AGCATTAAGATCTTCAAGAACTAAAAACATTTGATCTAAAGACTTGTTGATTTCGTTTTCAAACTGAGCTTGAGATTCTTTATTATTTAATCATTCTTCAAAATCATTTATTAACGATTCCTTATGTTCTGCTTTTAAGAATTCTGCTATTATTTTCTTGTATTTATCTGTATTATTTTTCATACGAGAAAACATTATTGTACAAAGTTTTTTCAAAATATCCTTAAGAGATTCTTTATTTTCTTCAGTCTTAATAAATTCAATAATATTAATATCCGGAGATTTTTTTATTGTATCTACAATTTTTGATGCGTATGGAAGAAATAAATCTAAAGCAGTATTTATGTAATATAATATTTCGCCTTTAAGATTTTCTGTAATCATAGGGTGAGTATTTATAATAGTATTTACATAATTTATCACGAATTTAATTTGTTCGTCAACACTTTGTGTGATTGTGTCCATCATTTCACTTGATATATTTTCATTGGAATTTTTAA
