gap_id	start	end	length	sequence
NZ_CP058981.1_gap1	26506	30925	4419	GAGGATATGAAATTCATCTTAGAAACCGCACATTTATCACCGAGTTCATTTGGGTTTGAACCTTGGCATTTTATTGTGGTTCAAGACAAAGAATTACGCGAACTCTTAAAACCTGTAGCATGGGGAGCGCCTTTAAAATTAGATACCGCAAGTCATTTTGTATTAGGTTTAAGTATGAAAGCACCAATGGTTAAACATGATTCAGAATATATTATGCACATGATGAAAGATGTTAAACAACTACCACAAGAGGTTATTGAGATGTACTCAACATTTTACAGAGAGTTTCAAGAGCGTGATTTTGATTTAGATACCGACAAAAAGTTATTCGATTGGTCGTCTAAACAAACCTATATTGCTTTGGGTAATATGATGACTGCTGCTGCATTAATAGGTATAGACTCTTGTCCTATTGAAGGCTTTCACCAAGAAAAAGCAGAAGCCCTATTAAAAGACAAGTTTGGCGTAGATACCGATAAATATGGTTTATCATTTATGACGGCTTTTGGGTACAGAAAAGCAGATCCTGAATTTGGAAAATCTAGACGAAACTTTGAGGATATTGTAACCTTTAAGTAAACCATGCTTAATGATTATGGCTTTTTTAGTCATTCTGAATGTAATTCATACCCCAACTAACCGTAAGCCTTTTAAATAAAGGGTTTACGGTTATTTTTTTGCTATAAAATAGTTAAGTTGTATAAGACCTTAAAACTTTATAAGTCCTGAACCGTAATTTTTAAGCACTTTATAAACCAACAGGTAATCTAATAAACACCTCAAAACCGTTGACGTCAGTTCGAGTGTCCCGACATTTTCGTCGGGATGTATCGAGAACCAAATAAACAGCATTTTTAAATTGCAATGTTAGAAGTATTAATGAAAATAGTATTACGAATGAAAATCTGTCATTCCTGCGAAGGCAGGAATCCACTAAATCAAATTGAAACCAATAATGAACTCACATAATCGGTTACGGCTTAATAAACACTACTAACACTTTAAAAATTGAATCCCATATGCCTACAAAAGGCATCATTTTTAGTGATGGTATTGAATCCGATTTCTTAAACTTCAATTCTGGTAGTGTTGTGGAGATTGGATTAGCTGATGAGAAAGCTAATTTGGTGGTTTAAAGTTTTATGATTATGGTTTTCCTCATATATATATAGTTCAAAAACATTACATTTAATGACCTCTTATAATTTAAAAATGAATTTGTATGATAAATAAAATTAAACACTTAAAAAATCTTGCTGTTTTTAAGGATTTTAGATGGGATACAGAAGTTAAAAATGAAAAAGATGAAATTATTGAGTTAAAAAAAACTAATATTATTTATGGAAGAAACTATTCTGGAAAAACAACTTTATCTAGAATATTTAGAGCAATGGAAACTGGAGAACTTTCAGACAAATATGAAAACCCAGAATGCTGCATTTGTATAACAGAAAATGATGATGTAGTACAGACAGATTTTACTTCGCACAATAAAGTTATCCGAGTCTTTAATGATGATTTCATAAAGCACAATTTGAAGTTTATTAATAATGCAGATGAAAATATTCAACCTTTTGCGATACTTGGGGCTGATAATAATGTGATTGAAGAGGAAATAAAGGTTTTAAAAGAAAAATTAGGTAGTGATGAAGAAGATAAGGAAACGGCTCTATATAAAGATTTAAAAAATCTTAAAACTATCTATGCAACTGCAAATTCAAGTCATTCTATCGCTGAAACAGCATTAAAAACACAGCTAAATGATAAAGCTATTGGAAACCCAAATGGAATTAAATATAATTATATAAAATTTGGAGATATAAATTACAGCAATGCGAAACTTAAGGCAGAAATTAAAATAGTTAAAAAGGCTAGTTTTACACCTATTTCAGATGAAGAGAAAATATTATGTGAAAAAATATTATTAGAACAATCAAAACAAGATATTCCTGAATTAGAAGATATTATTTTATCATTTGATGAATTTTCAATCAAGGTAAAAGAATTAGTTACAAAACCTATTACTCAATCTAACAAGTTAGAAAATTTAGTAAAGGACGCAATATTGAATAAATGGGTAAAAGAGGGGCGAAAACTACATAAAGATAAATTGAATACTTGTGCTTTTTGTAATAACAATATAACTAAAACTCGTTGGGAAGAATTAGAAAAACATTTTGATGAAAAATCGGATAAGTTAGAGAAAGAAATAATTAGTTTAATTATAAATATTAAACAGGAAATAAAAAGAGTCAATTCAATTTCAATTTTGAAACAAGAGAATTTATATTCAAAATATAATGATGAGTTTGATGGACTAAATTTGGCATTTAAAAACAGTATTATTAAATATCAAGATAGCCTTAAATCTTTAATTATTCAATTAGAAAATAGACAAAATGACATCATAAATTCCAAATCATTTGAATTACCAATCAGTGTTCTTCCTGAAATTGAATTAGGTTTTCAAAAAATTAAAGAGTTACGTTTAAAATCTAATGAATATACCCAGAAGTTAAGTACAGAGCAAAATGATGCAAAAGAAAATCTGCGATTACGAGAAGTTTATCATTTTATAGACACAATTAAATATGACGAACAGTTAACAAATATAGCAAGTCTCAAAACCGCTCTTTTAGAAGAAAAAAAGAAAAAAGAAGAAAAATCAAAGGAAATTGATAATGTTCTAAAAGCTATTGCTGCAAAACAAAGTGAGCTTAAAGATGAGAGTAAAGGTGCTGAAAAAGTGAATGAATTTTTAAATAGTCATTTTGGACATAAATATTTAACTTTAAAAGCAATTGAAGTCCACGATAACAAAACTGGTTTAAAGCAATACAAATTTGAGGTTCATAGAGAAAACACAAAAGCGCATCATTTGAGTGAAGGTGAAATTAGTTTAATTGCATTTTGTTATTTTATAGCTAAGCTTCAAGATATCCATACTAAAGGTAAAAAGCCAATTATTTGGATTGATGACCCAATTTCTAGCTTGGACAGTAATCATATTTTCTTTATTTACACATTAATAAATACTCAAATTTATGAAGAAAATGAGTTTGAACAACTTTTTATTTCTACACATAATCTTAACTTTCTTAAATATTTAAAAAGACTTCCTAATGCTCATAATGATGATAGCAAAAAAGAACCAAAGAAACTTTTTAGATATTTAATTATTGAAAGAAATGATAAAGAGTCAACTATTAAATTAATGCCTAATTTTCTTAAAGATTATGTATCTGAATTTAATTATCTCTTTAAACAAATATATAAATGTTCAATTTTAGAAAATATCAATGATCAAAATTATACTGCATATTATAATTTTGGCAATAATGCACGAAAGTTTCTTGAGTTGTTCCTTTATTACAAATACCCAGATTCTACAAAACCTATTGATAAAATGAAAAGGTTTTTCAGAGATGAAACAATTCCAACAGTGTTAACCGATAGGTTGAATAATGAATATTCACATTTGAGTGGAATATTTGAGAGAGGTGAAGCAGTTGTAGAAGTTCCTGAAATGAATACAGCGGCAAAACTAATTATTGAAAGGATAAAGACTTTAGATAATGAACAATATAATGCTTTATTGAGTAGCATTGGAGTCATAAGTTAACTTGGATAAAAGAAGAATAACAAGTGAATAGGACTAATAATTATTAATATGAAAAACGAAACCCAAATAAAATGCCCAAACTACGGTATATCAATTGATGTGCAGATTTCACACCAAACCCTTAAAAATATTAAAAGCATTGTTTTAATTTTGTGCCTTATAAACGCTGCCTAAATTAAGACGCTTGCTAGAAAAAAGACCACAATTACCCCAAGAACAGCTTACAGAAACCGATTACTTTATTTATTGCTTAGAAGGCGTAGATGATGTAGATACAAACCAAGTTACCGAAGCCCAAAACAACTTAGCGCAATTGGCCTTAAACTACGGCATAGCCAGTATCTATAAAACCTGCGACACTATTGAAGGGCTAGAGGAGAGCTTAAACGCCCTGGTAGTAGACGATCATTACTTTAAGGACTATGAGATTATCTATTTAGTGATTAAGGGGGAAGCCAACAACATTTGTTTAAATGACTACTACTATAGTTTACAAGAAATTGCAGAATGTTTTGAAGGCCGATTAAGCGGAAAGGTTTTACATTTTTCAAATGCCAAAATTCTAGATTTAGATGAGGAAGAGGCACAATATTTTTTAGATATTACGGGGGCTAAAGCGGTTTCGGGCTATGGTAATGCCTATAATGGCATTGCGAGCACAAAACTAGATGACGTCTTTTTTAATTTATTTAAAGACGATGATGATCTGTTAGCCGTTGTAGAAGAATTGCACCAAAGGCATTATAACGCTTGCCAATTACTAGATTTTAGATTGTATTATTAAGGGCTGTATTTTA
NZ_CP058981.1_gap2	43507	45352	1845	CGTCATACCCCCTATCTATTAAAATAGATGGTAACCAAGCTATAGTCACATAAAATGCAGCAGACTGAAGCCCCATATAAAAAGCAATTCTCCAAACTAATAACGAACCGCTCAATTTTCTCATAGCCACTTTAAAGCTTCGGTTTGGAGGGAATCGTTTAATACGCTTAACATTAGGAATCCAAACAATAACAGCTAATGCAGCTAAAATAGCCCAAATACCTAATGAGCCTCGCCAACCGAGGTTAAGCTCTATAGCCAAAGGCACACTTAAGCCCGATGCAAAAGCTGCACCTAGTGATAAAATTCCGGTAAATAAACTGGTGACAAATCCGGCTTTATGAGCAAAGTTTCTTTTAATTAATGCTGGGATCAATACATTTCCAAACGCAATAGCTATACCTAATAAAATGGTCCCTAAATACAGGTTAAAAATACCACCAACAGAACGAATTACAATACCTAATGCTAATAAAACCAATGATCCAAAAATAGTGATACCAATACCAAAACGTTTAGTAAATAAAGGTGTTATAGTAGAAACCACTGCAAATGCAAGTAATGGCAAAGTAGTTAGTAAGCCTAATAAAGTATCAGATAGCTTAACATCAAAACGAATCATGTCTATTAACGGTCCAATACTAGAAAGTGCTGGTCTTAAATTTACAGCCACAAATAAAACACCTATAAGTAGTAGCGTTCGGGATCCTTTATTTAATCCATTTTTATCTAATTTTGCCATAATGTTTAATAAGAGACACGAAGCGTCTAATTACTGCGGGGTTTAATATGCTTTCTTAATGAGTCGAAATACGTTTAAAAAGACAGCAAAAATAGGCGTTTGTTTTGAGAAGCAGCCTTTATTGGTAAAAAAAAGGCAGCACGAAAAACACAAAACCAACCGATAGCTACCCTGTGATATAGTCTCCTTCTACATATTGGTCAGCATATTGCTTGGTAAAATGTGCACCAAACAACAAGATTAAACAAGAATAAGATACCCAAAGCATAATTAGAATAATTGAACCCGCAGCTCCGTATGTAGACCCAGGTTCCATGGTATTAAAATATAAAGCCAATAGATATTTACCAATTAAAAACATAAACGTTGTTAATGCAGCACCTGTACGCACAGATTTCCATTTAATCTTAGCAGATGGTAAATATTTAAACATCGTTGCAAACAATAAATAAATGAAGCCTACAGAAACTAAAAAATCAACAATAAACAGATAATCAAATAAGTTGTCGGGCAAAAACCGATTGAGTTGTTTGCTAAAGGTGCTTAATAATGAGGTTAATACAAAACTGGTTAGCAATAAAAATCCAAGAATTAGGATAAATCCAAAACTCTTCACACGACTCATTAATGTGGCTACTATGTTATTTTTATAAGAAGGTTCTTGTTCCCAAATGGTATCTAATGCCGATTGTAGCTGAAAAAACACACCTGTAGCACCATAAAGCAAGGTTCCAACACCTATAATTGTAGCAAAAATATTGGTCTTTTCTCCGCTTTGGTTTTCAATCATTGTTCTAATAGCGTCTGCGGCATCTGGACCAATAGCTTGTGAGATTTCGCTTAGTAATTCGCCTTGTACCAATTCTTCTCCCCAAAAACTCCCCACCACTTTCAAAATAATAATCACTAAGGCAGGCAAAGACAATACAGCATAATAAGCCACAATAGCACTGAGTTGAAAGGGTTCTCCATCAAACCACGATTTGCCTGCAGAAACTAACAGTTTTGGTAAATGTTGTATTTTAAACTTAGGTTTTTCTGTCATATTTTAATAATAAAAAATACGTAAAGCCTAATGAAAGACTTTACGTATATATAAAGTG
NZ_CP058981.1_gap3	81606	83197	1591	TTTATACCATTGCGCAGCATCGGCTTCTAATTGACCTCCAATTTCACCAATCATTACAACGGCTTCAGTTTCAGGATCATTAATTAATAATTCTACAGCTTCTTTAGTTGTTGTTCCGATAATTGGATCACCACCAATACCAATTGCTGTTGTAATACCTAAACCTTGTTTTACAACTTGGTCAGCAGCTTCGTAAGTTAAAGTACCTGATTTTGAAACGATACCAACATTACCTTTTTTAAATACAAAACCTGGCATAATACCAACTTTAGCTTCACCAGGTGTAATAACACCAGGACAGTTAGGACCTACTAAACGACAGTCTTTACCTTTAATATAATCTGAAGCTTTAATCATATCTGCAACAGGAATACCTTCTGTAATTGTAATAATTACTTTAATACCTGCATCTGCAGCTTCCATTATAGCATCAGCAGCAAATGCTGGTGGTACAAAAATGATAGTTGTATCTGCTCCAACTTTTTCTACAGCTTCTAAAACTGTATTAAAAACAGGTCTGTCTAAATGTGTTTGACCACCTTTGCCAGGAGTTACACCTCCAACTACATTAGTACCATATTCAATCATTTGTTCTGCGTGAAATGTTCCTTCACTACCAGTAAAACCTTGAACTATAATCTTAGAATTCTTATTAACTAAAACGCTCATTTGCTATTGTGTATTTAAAGTTTTATAATTTTCGTTGTGCAAAAATAAGAGATTTATAACGCAAAAGCGTTCTCTTTTTTATTTTTATTTGTTTGTAGGAACAGAGAATCTGCCTTATTTCTTAAATCAGAATAAATAAAATATTATTTTACTCTATTAATTTTGACTAAGAACAATAATACCTACAAGTTTTTAATCTTTTTTAATATTTCTGGAATCTTTTTCAAATATGCTAAATCCTTAAATGAAACTCTAGCTTCTTGAGCAGGACTTCCAAAATAAGTCTTTCCTTCTTCTGTTGAATGTCCTAAACCAGATTGGGCATATAACACCGTTCCTTTTTTAATAGTAATTCCGCTTTTAACTCCAACCTGTCCCCAAATCGTTACATTATCTTCAACAACAACACAACCAGCAATTCCTGTCTGTGAAGCTATTAAACACTTTTTACCAATTACAGTATCGTGACCAATTTGAATTTGATTATCTAATTTAGAGCCTTCTCCAATAGTTGTATCTCCTGTAACTCCCCTATCTATAGTACAAAGTGCACCGATATCAACATTATTTTCAATAATAACACGACCACCAGATTTTAACTGATCGTAACCTGCTGGTCTGTTTTTATAATAGAAAGCACTTGCTCCTAAAATAGTACCTGCATGTATTGTTACATTATCTCCGATAATAGCATCATCATAAATACTAACATTAGAATGTATAAGACAATTTTTACCGATAGTTACATTATGACCAATAAAACAATTGGGTTGAATTACAGTTCCTTCCCCAATTATTGCATCAGAAGCAATTGCGCTATTTGATGCTTTAAAAGGTTTGAAATGAGCTGTAATTTTATTAAAATCTCTAAATGGATCATCTGAAATTAAAAGTACTTTTCCTTCAGGACAATCTACATCTT
NZ_CP058981.1_gap4	245423	246287	864	TTACCAGAATGGATAGTGATGACCTAATGATACCGATACGCCTTAAAACCATGGTTATGAGTCTAGAGAATAAAGGTAAAAAACACCTCGCTGTTGGACAAGTAAAATATTTTAGAGCAGATGGACTTAGTGATGGCTTTGCACGTTACGAAGAATGGTTGAATAAATTAACGGTTAAAGGAAACAACTATTCTGAAATCTATAAAGAGTGTGTAATTCCATCACCTTGTTGGATGTTGCACCGTGAAGATTTTGATGCCTGCGGAGGTTTTAACTCAGAAACCTACCCAGAAGACTATGATTTAGCTTTCCGGTTTTATAAAACTGAATACAAATGTATTCCTTGCGATAAAGTATTACTGCATTGGAGAGATTACAGTACAAGAACATCACGAACACACGAGCATTATGCTGAAAATTCTTTCTTAGATCTTAAAGTTGACTATTTTTTAGAACTAAATTATGATGCTTCTAGACCTTTAGCTATTTGGGGAGCAGGAAAAAAAGGCAAAACTTTAGCCAAAATACTTTTGAAAAAGAACATCCCTTTTTATTGGATTTGCGACAACCCAAAAAAAATAGGGAAACATATATATGATCAAAAGCTATTTAATTTTGATTATTTAGCAGAATTAAACAATCCACAAAGTATTGTAACAGTAGCTAATACCGAAGCACAGCAAGAGATTACAAGTTATTTTGAAACACAAAAAATGAAATCTATGATTGATTATTTCTTTTTCTGTTAAATTTCTCAAAAGCGAAACGAAGTAATAACTTAGCGTTACTTATATTTGAAATATATAAATGCCACATTTAACGCAGTCGGAATTCTTTAGCAATTAATAAAAAAAGAGTATTTGA
NZ_CP058981.1_gap5	304554	308874	4320	GTAAAAGTGGTGTTGGTGGTGGTATTGTAGCGTTATATCCTAATAATTACACAATAGCTGTGTGGAGCCCTAAACTAAACAAACACGGCAATTCTTTTAAAGGTATGGAACTGCTTGAAGATGTCACAACATATTCTGAATTGAGTATTTTTTAATCCTTTAAATTATGGTTTTAAAATCATTTTTGCTTTTCTTTATATTAATTCATAAAAATTTAACAAACACTTTACTACAATATCATTTTCAGGTAAAATATCTTATTTTGCAAAGAGATAGGTCACTTTCAACCTTTCGTTACTAAAACCTTATACTTCTTATATGGCATTAAAAATTGTAATATCTCACAAAACGACCTACAAATACGATCGTAAAGTTTCATTGTCACCACATGTTTTTAGATTAAGACCAGCACCTCACTCTAGAACACCAATAGAATCTTATTCGATTAAAATAACACCAGAAGATCAGTTTTTTAACTGGCAACAAGATCCTTTTGGTAATTACGTGGCACGTTTGGTATTTCCTGAAAAAACAGATGAATTGTCTGTAGACGTAGAAATTATTGCAGATTTAAAAACCATAAACCCTTTTGATTTTTTTATTGAAGAGTATGCAGAAGAATATCCTTTTGTATATACCGATACTGTTAAGAAAGAATTACAGCCGTATTTAGAAATCACAGATAAAGGCAAATTATTAGAAGGCTTTTTAAAAACCTTAGATTATACACCGAGGAAAACGATCTATTTTCTAATAGATATCAATCAGAAAATTTATGAATATCTAAGTTATAATATCCGAATGGATCCTGGTGTTCAAACTTGCGAAGAAACGCTTGATACCCAAAAAGGATCTTGTAGAGATTATGCTTGGTTATTTGTACAAACCTTACGTCATTTAGGTTTTGGGGCACGTTTTGTTTCCGGTTATTTAGTACAGTTAAAATCTGATGAAAAGTCTTTAGACGGACCTTCAGGACCTGAGGAAGATTTTACAGATTTACACGCTTGGGCAGAAGTTTACCTACCTGGTGCTGGTTGGATTGGTTTTGATGCCACTTCGGGGTTATTAGCAGGTGAAGGCCATATACCATTGGCTTGTACGCCTTCTTTTGAAAGTGCAGCTCCAGTTTCGGGTATGACAGATGTTTGTGAAACAGAATTTTTCTTTGAAAATTCTGTAAAACGAATTTTAGAATCACCAAGAGTTACAAAACCTTATACAGAAGAACAATGGAAAGCCATAGATAAGCTTGGAAATAAAGTAGAAAAACAACTTCAAAAAAACGATGTTCGCTTAACTATGGGAGGCGAACCTACGTTTATTTCAATTGATGATTTAGAATCCCCTGAATGGAACACAGCTGCAGATGGTCCATACAAAAGAAAACTAGCTAAAGACTTATCTAAACGGTTATACGAAGAGTTTGGTCATCGTGGTGTTTTTCATCATGCACAAGGAAAATGGTATCCTGGAGAACCTTTACCAAGATGGCAAATAGAAATTTGTTGGCGTAAAGATGGAAGACCTATTTGGTTTGATAAAAAATATTTAGAAACCTTTGCAGATGCTATTGTTATTCCTAAACATACAGATAAGTTATTTTTAGAAACCTTAACCAAATACTTAGGTGTTTCTACGCAGCATATTCTACCTGGTTTCGAAGATGCGTTCTACTTTTTATGGGAACACGGAAACCTACCTATAGACATCGATCCTACCAAGGACAGAGATAATACACTTGTAAAAAATAAATTAAAGGAAATATTAGAAGGAGGAACATCCGAGCCTGTGGGGCATTTATTACCTTTAAATAATACACAAGGAAAATGGTTTACAAGCGAATGGACGTTTAGAAGACAACATTTATTTCTAACCCCCGGGAATTCGCCAATGGGATTAAGATTGCCTTTAAATTCTTTACAAGAGAAACCTGAGCACGAAATTTTTCCTTCTTATGAACCTGATCTATTTTCTAAAAAGAAACGTTTACCAAGTTTTAGAAATATCATAAAGAAAAGGCATCAAGATTATATTGAAAACGGTTTAGCCCCAAACCAACCTAACTATTTTGTAAGAACAGCAATCTGTGCAGAAGTAAGAGAAGGTAAACTCTATTTATTCTTACCCCCTTTAGATTCGGCAGAAAGTTTCTTAGATTTAATTACAGCGATTGAATTTACAGCCAAAGAATTAGATGTTCCTGTTATTATGGAAGGTTACGACCCGCCAAAAGATAACAGACTAGAGTCACTTAAAATCACACCAGATCCAGGTGTAATTGAAGTTAATGTGCATCCGGTAACCAATTGGAAAGATTTATGTCATAATACATTTACTTTTTATGAGCAAGCCAAATTATCGCGTTTAGGAACTGAGAAATTTATGCTCGATGGTAAACATACCGGAACTGGAGGTGGAAATCACGTTACTTTAGGAGGTACAAGTCCAGCTGATAGTCCACTACTTCGTCAACCAAGTTTACTAAGAAGTTTATTAACCTTTTGGCAACATCACCCTGGTTTAAGTTACTTATTCTCAGGATCATTTGTGGGACCAACAAGTCAGGCTCCAAGAATAGATGAAGCTAGAACAGATAGTTTATACGAACTAGAAATTGCCTTTAGCCAAATCCCAAAAGATGGCGAAGTTCCATTTTGGTTAACCGACCGTTTATTTAGGCACCTTTTAACCGATTTAACAGGAAATACGCATAGAGCAGAATTCTGTATCGATAAATTATACTCACCAGATTCTTCAACAGGACGTTTAGGGATTTTAGAATTACGTGGTTTTGATATGCCACCACACCCTAAAATGAGTCTCGTACAAATGTTGCTCGTTAGAACCTTAGTCTCTTGGTTTTGGAAAAAACCATACGAACATAATTTAGTACGTTGGGGAACCGAATTACATGATAAATTCTTAATAGAACATTATGTAAGAGAAGATATTAAAGACATTGTTTCTCAATTAAATAAAGCAGGTTATCAATTTGAAGAAGATTGGTTTAATCCATTTTTCGAATTTAGATTTCCGCTGCATGGTATGGTTGAAATTAACAATATTCATTTAGAATTAAGAGCAGGAATTGAACCTTGGAATGTTCTAGGTGAAGAAATGACTGGCGGCGGAACGGCAAGATATGTAGATTCTTCTCTTGAAAGATTACAGGTAAAAGTTTCTAATTTTATAGATGAACGCTTTGTATTGACTTGTAACGGCGTAAAAATACAATTGAAAAACACAGGAGTTCGCGGCGAATATGTTGCAGGTATTCGTTATAAAGCCTGGAATCCATATTCGGCTTTACACCCAACCATTTCAGAAGATACCCCTCTAGTTTTTGATGTTGTAGATACCTGGAATAAGCGATCTATTGGCGGTTGTACGTATTTTGTAGCACATCCTGGCGGAAGATCTTACGATGCTTATCCTATAAATAGTTTTGAAGCTGAGTCTAGAAGAATCAATCGTTTTTGGGAATTTGGTCATACACAAGGTGAAATTAATCCGGTAGAAAACATTAACCAAGAAACGGAAAGTCCAAATAGATCGGTTGAGAAAAATAATAGTTCAAAAAGTTTTACTTACAAAGAATTACCTATTAATTTTGAATTCCCATATACGTTAGATTTACGTAAAAAATAAAAGATTGGATATTCATCCTATGAAGACCAAAACAAAGACATTATTTGAAAATTATTTTTCAGCATCAAAAAGTTATGATGAGCTACTCACTTCTAAAATGAGTATTAAAGACAATTGGAAAACATTGACTAAAAACATATTGAATATTGGTCCTGAAAACTTAGCGATAAAGCAAACAGAAATCAATTGGCTTTTAGCAGAAAATGGTGTTACTTATAATGTTTATAACGATCCAAATGGATTAAACCGTCCTTGGGATTTAAATATTGTTCCTTACATCATTCATCAAAACGAATGGAACCAAGTAGAAAAAGGAATTCAGCAAAGAGCCGAAATTCTAAATCTTGTTTTAAAAGATTTATACGGTAACAGAGCGTTACTTAAAAATGGAATAATTCCACCAGAAGCCATCTATGCACATAGTGGTTTTTTACGTGCTTGCGACCAGATACAATATAAAAGCGCTAAACAACTTTCAATCTATGCGGCAGATTTAGCTCGTGGTCCTGACGGAAGATTGTGGGTTGTAAATGATAGAACACAAGCACCTTCTGGTATGGGATATGCTTTAGAGAATCGGTTTTCTACAAGCAAAATTATACCAGAATTATATACAGATATCAACGTAGCACAACCCTCTAACTTTTTTAACGACTTCAATACATTGTT
NZ_CP058981.1_gap6	323036	323884	848	CAAATCGTCTTTCTTCTTTTTCTTCAAAATAAAAAACACTGCAATAATAACTATAGGCATAACGATGTAAACAATAACATCAAAAGGATTTGAGACATCTATAGGCGTATTACTTCCTGGTTTAGGTGTTCCTGTTGGGGTTTGTAATAATAAAAACGACATACTGTTTAACATAGTTCTGTACTTTAGAGGTTCATTCTTAAAATACAAAACAATAACTAGGTTAATCTTAAAATTAACTTAAACCTAAATTCACAACCACAAACAGTTTCAAATACAAAGAATATATAATCATATCCAAATATATTCAATCACCTTTTTTACCTATTTTAATAACTATTAAAAATCAGAGCTCTCCCGGGTATGCGTCGGGTATGCCTCGGGTGTAAGTCGGGTATGCCTCGGGTCAGCCATTTATAATTCTAACGGTATTAATCCATTATAATTTAAGCAGTTTAAGTATTAAAACACAAACGCCTACCCTTCTTTACGTAATACAGCTAATGGAGAGCTTTTTAATACCGTTCTAATATTACTTAGACCTATAATTAAAACTAAGAACGCAATTCCAGGCAAAAACACCAAAAACGGAATCATTGAAGGTACAAACGGTTCATTAAATAATAAAAGCGCCAAACAAAGACTACTCAATAAGGCGAGCAGAATACCAACTAAACTCCCTAATAATCCTAAAAATAGATATTCTAATGCTGTTATTTTTAAAATCTGAGCATTCTTAGCTCCAAGAGTTCTTAGCAAAACACTTTCTTTTATGCGCTGATATTTACTTGTTCTTACAGAGCCAATAAGCACTATAATTCCTGTAACAATACTAAAGAATGCCATAA
NZ_CP058981.1_gap7	361023	362351	1328	ACTTATTTCATAACAATCACAGATGGTTATGATTGTGAGGTAACATCTTTAGATATTGTAATTTCAGAACCAGCACCTATAGAAGCTAGTTTAGTAAGAGCAACAACGCAAACCTGTTTAACAGAATCGACTTTAACATTAAGTGCTACGGGAGGAACAGGATTATATTCATATAGTGAAAATGATACTTTCTCTCCAATTATTGGAACATTTACAACATCTACAACCTTCTCAGTTCCTGATGGAACATATTCTTACTTTGTAAGAGATGCTAATGGTTGTGTGACTAATGTATCAAATGAAATCACAGTTGATCCACTACTTCCTTTAGAGGTGACTTTAGAAGCTTCAAATTTAATCATCAATTGTTCTGGTGATAATAATGGATCTATATTAGCTAATGCTACAGGTGGATTAGGAAACTATGTATATATTTTACAAGACAATTTAGGTAATGTTGTTGCCGCACCTCAAACGAGTCCTGGATTCTTTACTGAGCTTTTTGCAGGTGACTATGTTGTTCTTGTAGAAAGTGGTGATTGTGCTACAACATCTACACCTATCAGTATTACAGAACCAGATAATCCTGTTAGTGCGACTCTTAATATTAACAATGTAAGTTGTGCAGGAAGTAATAATGGTTCTATTGAAGTTATTGCTACAGGAGGAACAGGTATCATTAAGTATGCTATTTCACCACAATTAAATCAGTTCTTCGATATTAATACTTTCGAAAACTTAGCTCCTGATGATTATACAATCATTGTACAAGATGAATTAGGCTGTTATTTAACATTAGATGTTACTATAACTGAACCGCAACCTGTAATCTTAAGTATTGTTCCAAACTCATTAATCCCAGAAGTTTGTACAGGTGAACTAGAAGGTGAGTTTAGTATTGCTATTTCAGGAGGAACATTACCTTATAGTGTAAGCTTAGATAGTTATGACGGGCCTTATACAACAGGAAACGCTACTCAAACCGAATTTTATTTCAACAATTTAGCTGGGGGAGATCATATTGTATTTGTAAAAGATGCTGAAGAATGTGAGTCTGAATGGAATATCACTTTCCCAGAATCAGTTAGTATTTTACCAGAAGTTGTTATTGAAAATATTTGCGATAACAATACACAAGGTAATATTGTAACGGTTACTGTAGATGCTTCTATTGAAGATCTTACGCTTCTAGAATATTCTTTAAATGGTGGACCATATCAACCTGATAATGTATTTACAAATTTACCAGAAGGTACAGGGTATTACATTGAAGTAATGCATGAAAATTTATGTGTTCAACGTACTGAATTATTCGATATTGATACCGT
NZ_CP058981.1_gap8	366235	367962	1727	AACTTAGTATCTACACGATGTTCACCAAGAAATTGATCGGACATGGTTCTTATAATTCCACCTTTTACAGCCTCCTTAAACCAACGATTTTCAAATATTTCGCCTGGACTTTTTAAACCATCATCATCATCTGTCATAGAAAACGGTTTCTCGGTTTCTTTAAAAACAAATTTTTTCTCAGACTCTTCTGTCCCACCTGCCTTCTCATTTTCTTTTTTGATAATAGGTTCTACCTTTATCTTAACTAAAGCGGAATCTTTTTTAGTTTCTGATTTTGCTGCAGGGATTCTAATAGATTTAGTCTGCTTATCTGTAATTTGAGCAAAAGCCATTGTACTGCATAAAATGCAGAACATAAATAATATGAGTTTTATAGTTTTCAATATTATAAAAAATTGACTTTTAATGATTCTGAAGTTTAAAATACAAAAATCGTACCTTAATACTTACCTGTTTCAAAATAAACGTATAAAAATAGAAATCATTACAAAAAAAAGTTAAAACTTACCATTAAAACTAATTCTTAACTTTCTATTATACTCTCCAAATAACCAATCTTTATAATTCTGAGTACTATTCATAATACAATAACAATACTGCTTTATTCTAAATGCAATTTCATCTTGTAATTCTTTAATCAATTCTCTTGCATCGTAAACGTCTTGACTATTATCTATACACATTTGAGAATGCTGCGCAATAGAGCGCTCAATAACTGTAAAAGATTTTTTACCTTCATCCATTACCTTTTTATATTCTGATTTTACATCAAAATTTAAAGTGTAAGATTTTTTAAATTTTACTTTAAGATAATCTGGCATTTTATAAACAAAATCTCTTTCTAATAAATCATCTCCAATTATATTTTCTAAATAATAATCAGGATTTTTAAAAATATGTTGCCAATCTACCGGTTGATTCCATGGTCCAAATCGGGCTTCGTTATTCCCTAAATCTATCACCTGAAAAGATTTACGATCTTTATAAATACGACTTCCACGACCAATCATTTGAAAATATAAGGTTAATGATCTCGTTGCTCTGTTTAAAATTATGGTTTCTACAGAAGGTTCATCAAAACCTGTCGTTAAGATACTTACCGAAGACAATACGGCATCTGGCGTGTGTTTAAACCATTTTAAAATTTCTTTACGATCTTGTTTATTGGCTGTATTATCTAAATGTCTAACGTTATAACCCGCTTTTTTAAATGTGTAATAAACTTCTTTAGACGTGTGGATTCCATTGTTAAAAATCAACGTCTTTTTTCCTTTTGCCATTTCCTCATAGGCTAATAACAATTTAGATTGCATTAGGCTATTAGTGTACAAAGCTTCTGAAGATTTTACAGTATAATCACCATTGATACCAATTTTTAAAGACGTTAAACCAACATCATAATTTGAGACTTCTGCATTAGCTAAAAAACCATTTTTAATAAGTGTAGAAATATCATCACCAACAATAAGATTTTTATAATTATCCTTCATTGGTAGTTTAATATTACTACTCAGCGGTGTTGCTGTAACTCCTAAAATAAAGCATTTTTCAAAAAATTTAAAGAGCTTTCTAAACGAGTTATAATGGGCTTCATCAATAATAACTAAGCCTACATTTTTTAATTCAAACTCATTATCAGATAAACGGTTGTTTAAGGTTTCTACCATAGCAACAAAACACTCATACTCATCTTGGTCGTGTAAAGTTTTCACCTTACTGTTAATCAC
NZ_CP058981.1_gap9	393183	396005	2822	CCCGACTGATTCACACAGGGTTTCACGTGCCCCGCACTACTCAGGATACCACTATATCCACATTCTTTACTTATACCGGACTATCACCGTCTTTGGTCAGTCTTTCCAAACTGTTCTAATTCATCCTGCTTCTAATGTCGTGGTCCTACAACCCCAGAAATGCCGTAACATTACTGGTTTGGGCTAATCCAATTTCGCTCGCCGCTACTATCGGAATCACTTTTGTTTTCTTCTCCTCTGGGTACTTAGATGTTTCAGTTCTCCAGGTTCGCCTCCTTGCGGATACTATATCTTCAATATAGTGGGTTGCCCCATTCGGATATCTACGGATCAATTTGTATGTGCCAATCCCCGTAGCTTTTCGCAGCTTATCACGTCCTTCATCGCCTCTGAGAGCCTAGGCATTCCCCATACGCTCTTATTTAGCTTATTGTACTTTTGTCTTTTTAATGAGTTACTATCCACTTAATATCCGAAAATATTAAATAGACTTTGTATCTATCAATAATCTCGTAAGATTATAAATAAATACTATATTTATACATAGAGAGTAAACTCTCTTTATATTATTTCATGTATCTTTTTCAATATGTCAATGAACTTGTGGCAAATTGTTCCTAATATTTAAATTAGTTACAACTTTTTGCCGTTGTGGAGAATATCGGAGTCGAACCGATGACCTCCTGCGTGCAAGGCAGGCGCTCTAGCCAGCTGAGCTAATCCCCCATTTATAAAATCCTAACTTGTAGAATCCTTAATGTGAATTTAGAATTCTCAGTTCTAGAATTTCCTTTAATAGTTAAGTTAGTAGTCTCAGGCAGACTCGAACTGCCGACCTCTACATTATCAGTGTAGCGCTCTAACCAGCTGAGCTATGAGACTCTACTTAATTATTATATATTTTAAATTAACAGCAAGAGAATAAAATAAATATTTCCTTTATATAGAACTTTCCTTATTAGTCGTCTTTCTCTAGAAAGGAGGTGTTCCAGCCGCACCTTCCGGTACGGCTACCTTGTTACGACTTAGCCCTAGTTACCAATTTTACCCTAGGCCGCTCCTTACGGTGACGGACTTCAGGCACTCCCAGCTTCCATGGCTTGACGGGCGGTGTGTACAAGGCCCGGGAACGTATTCACCGCATCATGGCTGATATGCGATTACTAGCGATTCCAGCTTCACGGAGTCGAGTTGCAGACTCCGATCCGAACTGTGATAGGGTTTATAGATTCGCTCCTGGTCGCCCAGTGGCTGCTCTCTGTCCCTACCATTGTAGCACGTGTGTAGCCCAGGACGTAAGGGCCGTGATGATTTGACGTCATCCCCACCTTCCTCACAGTTTGCACTGGCAGTCTTGTTAGAGTTCCCGACATGACTCGCTGGCAACTAACAACAGGGGTTGCGCTCGTTATAGGACTTAACCTGACACCTCACGGCACGAGCTGACGACAACCATGCAGCACCTTGTAGATAGTCCGAAGAAATAAGTGTCTCCACCTAATGCAATCTACATTTAAGCCCTGGTAAGGTTCCTCGCGTATCATCGAATTAAACCACATGCTCCACCGCTTGTGCGGGCCCCCGTCAATTCCTTTGAGTTTCATTCTTGCGAACGTACTCCCCAGGTGGGATACTTATCACTTTCGCTTAGCCACTCAGTCCGAAAACCGAACAGCTAGTATCCATCGTTTACGGCGTGGACTACCAGGGTATCTAATCCTGTTCGCTCCCCACGCTTTCGTCCATCAGTGTCAATATATTGTTAGTGATCTGCCTTCGCAATTGGTATTCTATGTAATATCTATGCATTTCACCGCTACACTACATATTCTAACCACTTCACAATAATTCAAGATAACCAGTATCAAAGGCAATTTTACAGTTGAGCTGCAAACTTTCACCCCTGACTTAATTATCCACCTACGGACCCTTTAAACCCAATGATTCCGGATAACGCTTGGATCCTCCGTATTACCGCGGCTGCTGGCACGGAGTTAGCCGATCCTTATTCTTACAGTACCGTCAGCTTTTCACACGTGAAAAGGTTTCTTCCTGTATAAAAGCAGTTTACAACCCATAGGGCAGTCTTCCTGCACGCGGCATGGCTGGATCAGGCTATCGCCCATTGTCCAATATTCCTCACTGCTGCCTCCCGTAGGAGTCTGGTCCGTGTCTCAGTACCAGTGTGGGGGATCCCCCTCTCAGGGCCCCTATCTATCGTAGTCTTGGTGTGCCGTTACCACACCAACTAACTAATAGAACGCATACTCATCTTTTACCGCCGAAACTTTAAAGTTATTATCATGCAACAATAACTTACTATGGGATATTAATCTTCATTTCTAAAGGCTATCCCCCTGTAAAAGGTAGATTGTATACGCGTTACTCACCCGTGCGCCACTCGTCATCTTCTAGCAAGCTAGAAATGTTACCGTTCGACTTGCATGTGTTAGGCCTGCCGCTAGCGTTCATCCTGAGCCAGGATCAAACTCTTCATCGTTAAATTTTAAGTCTTACGACTATGTCTTCAACCACTAATAGGAATTATTCTAGTACTCTAAATGATTTATTCTCTTGTTCTAAATCAACCGTTTCCAATTGATTCTTACGCTGTCAATTCAATATGTTAATGAACTTATTTCTTTACTCTAACTTAACGTTGTTTTGTTAAGCGGGTGCAAATATAAAACCCTTTTTCCATTCCCACAACTTTAATTTGAAAAAGATTTTAATCGCTTTTTCTAAATAAAATTATCTGACAATGAACGGATTGAAACCAAACTTATCGTTTTTGTTTCGGGGTGCAAATATAGATCCCTTTT
NZ_CP058981.1_gap10	534786	535536	750	ATCACCTTTATGAGAAAATTTATCTCTTGGCCTATATAATGGGAGTACTTCTTGCTTAAAAATTAATTCGGCTTTAGTTTCCGTTTGCATTAGATATTCACGATCAAGTCCAATATCTAAGATTTCCCATTGCCCAATAAATTTAGCCGTATCAGGTAAAAAGAAAACTAATTTAGGAGACTGAAAACTTAATGTATAATTAGCATAAACTACAGCATTTTCATCCTCTACAGCTTCATCTGTATATAAACCCGATGGAATATCAACAGCTAACGTAAAAGCTTTTGATGCTTTAAATTTTTGAAATAGCTCTGCAACCCAATTATTAGGATCTCTATTAAAACCAATACCAAAAACAGCATCTACAATTATATCTTCAATATCAATTTCAATGGCTGTAAAATCATCTTTACAACTCAACATTTCTGGCCACTTTTTAGTAACGTTTTTAATATGGTCGTAGTTAATTAAAAACTCTTGTGTGCGCTTATCACTACAATTCACAACATAGGTTTCTACATTATATCCATGTGTAATTAAATGTCTCGCTAATACTAATCCATTCCCTCCATTATTACCAATACCACAAAATACATGAATAGGAACCTGAGCACCTTGCAATCGTGTATGTATCCAATTAAAAATTTGAGTTCCTGCACGCTCCATTAATTCTGTTGAAGCTATATTTTGACGTTCAGATGTCAAACGATCGCCTTCGTAAATTTGTTCTTTTGAAAATAATTTCATGTA
NZ_CP058981.1_gap11	564270	565054	784	ACGATTAATCGGTAATGGCCGATCTTATTTTTTAAAACTTTCATATAAATTAAATTTTAAACACTAACAATTATGATAAACAAATTTTTAACATTAATACTATTTATAGGAGTTGCCCTATTTACAGGTTGTAGCAATGATGATGATGTTTCATCGACAACAACTACGCCACCGTCTACAGGTGGAATTATAGATCCTGAAGTTGGTGGCTTTAATCAGCCAAACCGTGTATATGTCGATTTAAGTACAGGTAACCAAGTGGTTTCACGTAGAGACTCATGGGAAATTGCTGTATATAATGGTTCTGAAAACAGAGTATACTTAAATAATGCTCTATTAGTTTCAGCAGCAGAATTAGAAGGGATTACTGATATCACTTCGGTTACAGCATCTACTTCTTTAGTTTCTCCATTAACTTTAAACGCATTAGATCAAACATTTACACCAACTACGATAACGATTTCTACAGTAACTGAGCTGATGCAAGGGCTTCCTGTTAGCTATTACCAATATGGAGATTTAGATGCTGGTATTTCATTTACGGATAGTAAAGAAGGTGAATTAACAGGCACAGCATTCGGGGAGATTTCCACTACAAATAGTGAAAATAACGTTTACATTGTGAATTTAGGTAACGACATACCGACAACTAACAATGGCACATTAAACACAACAGGTGAACCTCGAGGTTATATGAAAGTTAGAGTTTTATCTAATGGAAGTAGCTACACTATTCAATACGCAGAATTGAGCAATACTGTCGATTATTCTGAAATTGTTGTCA
NZ_CP058981.1_gap12	566739	569771	3032	TTTTCTCAACTACAGGTCAAAAAGTATATCAAACTAGCTTAAATATAAACTCAGGGTTTTATAATAAATCCCTTGATTTATCTTCATTAGCTAGTGGTATCTATGTCTTACAATTTACTTCAGGAAATAATAGTGTGACTAAGAAGCTTATTTTAAAGTAACCTCAATAAATTAATCATAGAAAGAGAAGAGTTTAAATTAACTCTTCTCTTTTTTCGAAAAAAACAAATCTTAGAATCATTCTAAATAAAAGAATTAAAGTTAATATAACATTATGAAAAAACTATTCATATTAATAGCATTTATTACAATATTACAAAGCACTTATTCGCAACAATTTACCGAAAACACTGAAATAAATTTAACAGGTATTTTATACGGAGAAGCAAAATGGATAAATATAGATAATACTGATAAAGAAGAATTATTGCTTTCTGGATATGACACTAATTATGAGGCTTTTTCAGCACTCTATTCATATCAATCAGGGAGTATAGGATTATTACCTATTACTATTGAACCTTATTACTTTTCATCCATAGGAAAATTAGACTATAATAATGATGGAGTTAGCGATTTTATTATCATAGGATATAACTCATATGATGAAGGAGCTAGTACTTTATATGTAAGTGACGGAAATGGTTCATATACAATTCAAGATATAAATATTCAAGGAACAACTAATGGAAAAATAAAAATAGAGGATTTAAATAATGATGGATTAGATGATATAATTATAACTGGGTCTGATGCTAACTATGATAATATTGCAAAGTTATATTTACAAAATGTAGAAGGCGATTTTATAGAATCTACAGCTCCTTTTTTTGGAAGTACTTATAGTAGTATTACCACATTCGACGCTAATAATGACGGTAATATAGACGTATTACTTACAGGGTTTAGTAGCAGCTATATTCCAGAATCCAAACTATATCTTAATGACGGAACTGCTATTTTTACAGAAAGTACTGCAGTATTAGCGGATGTATATTTCTCAACATCTAGCGCAGCTGACTATGATAATGATGGAGATATCGATATATTAATATCTGGTTTTAATTCTTCTTATGCTCCTTATACAGTATTATATAACAATGATGAGCACGGAAACTTTACAGAAAATACTACAGTTACATTAGAGCAACTTTATTGGGGAGCTTCTAATTTTGTAGACTATGATAATGATGGAGATTTAGACCTATTTTTATCTGGTGCAGATTCTAACACAGTTCCACATGCTAAATTTTATAAAAATACTAATGGAATTTTATATGAAGACACAAATGCTGAAATAGGAATTTATGGTACATACGTTAGTTCTGCCGATTGGACAGATTACGATGACGATGGAGATTTAGACTTTGTTTTAAGTGGTCTTAATAGTGATAATGAACCAATAACTAAAGTTTATACTAACCAACAAGAAAGTCTAAGTATTGAAGATTTTGCCAATACTACTCAATTATCAATTTACCCAAACCCAACAACAGATAAAACTGTTAATCTGGTTTATGACGAGGAACAACTAACCGCTTCTATAAATACAATTAAAATCTATTCTAGTACAGGTCAAAAAGTATATCAAACGAGCTTAAATACAAACTCAGGGTTTTACAACAAATCTCTTGATTTGTCTTCATTAGCTAGCGGTATCTATGTCTTACAGTTTACTTCTGGAAATAATAGTGTCACTAAGAAACTAGTCTTAAAGTAGTCGATTATTTTAATAATATAAAATTATAAAACCCTCACAAAGAATATGTGAGGGTTTTACTTTTTAATGATATTTTTTAAAAATCTTAGTCGCTTCGTTATAAGAACTCTCAAAACACATGGCATTAAGATCGTGTGCTTTTTTCTGCGTAAAATATGAGAACATTTTTTCAGTAGGCATATTACCTGTTAGATCATCTTTTGCCATTGGGCAACCTCCAAATCCTTGAATAGCGCCATCAAAACGACGGCAGCCAGCTTTATAAGCTACATCTACTTTTTCAAACCAAGATGTTGGTGTGGTATGTAAATGTGCTCCAAATTCTATATTAGAATACTGCGGAATTAAATTTGAAAATAAATACTCTATATTTTCAGGATTAGAACTTCCTACGGTATCACTTAAAGACAAAATACGAACTCCCATTTTAGACAAACGTTCCGTCCACTCTCCTACAATATCTACATTCCAAGGATCACCGTAAGGGTTACCAAAACCCATAGAAATGTATACTACAACTTCTTTATTACTCTTATCTGCAATTTCTAAAATTTCAGAAAGTGTAACCACAGATTCTGCAATGGTTTTATGTGTGTTACGCATCTGAAAGTTTTCTGATATAGAAAACGGAAACCCTAAATAATCAATTTCTTTATGCTTAGAGGCATCATTTGCACCTCTTGTATTAGCAATGATAGAAAGGAGTTTACTTTCGGTTTTACTTAAATCTAACTGTGCTAAAACCTCAGCTGTATCTACCATTTGCGGAATCGCTTTTGGAGATACAAAACTACCAAAATCAATAGTATCAAAACCTACACGAAGTAAGGATTGAATGTACTGAACTTTCTTTTCAGTAGGTATAAAATCCTTAATGCCTTGCATAGCATCTCTAGGACATTCTATTATTTTAACCGCTTTATTCATTAGGTCAAATATAGGCATTTTCATATTTTACAACAGTATGAATATCGCAATCCCTACAAACACTATAATCTGCAACCATTTTAAAACCAATCCAGAATTTTTATGCTTTACCGTATAGGTTTTAATCTGGCCTGCTAATAGTGCCACAGAAGAGAAAACAATAAATGAAACCAATACAAAAACACCTCCCAAAACATAAAATTGAACTACAGTATTCATTGTTTTACTAAACAAAAAACCAGGGAAAAAGGCTAAAAAGAAAATCGCGACTTTAGGATTGAGGACATTCATAAAAAAGCCTTTTACAAATAATCCCTTTAAGCTTCTTTTAGAGGAAACATTAGATTCTAAGTTGAGTTCAGCATCTGACATAAAAACTTTATAA
NZ_CP058981.1_gap13	571368	572392	1024	GCACATGCTAGAATTGTCTGAATCTATCTTCTCAGCTTCTATTACTGAGCGTAATGATGAAAATGCTTTTATGCTTTTGGTAGCTAAAAAGCAATTTGATACTTTTTTAGATCAACCATATCTTGAAGGTCTTACTGTTACTCCGGTGATAAAATACCTTAAAGTATTAAATGAAGTTGCTGCTGTAGCTACTGAAATTGATGCTGATCTTATTGTTATGGGATCTAGAGGGCATAATGATTACGATGGTGTATTTACAGGATCTAACACAGAAAAAGTTGTACGCCATAGCAACACACCTGTTTTAATCGTTAAGTCTAAACCAAAAGTTGTTAATTTTGAACATATTGTAATAGCTACTGATTTTTCTGAAGAAAGCGTTCCTTCAATCAAAAAAGCTTTAGAGTTATTAAAGATATTAGGAAAAAAAATATCATTGTTAAATATCAATACTCCTAATTTAGGATTTTTAAGTACTGATGAAATTGACGCAAAAATTGCTGTATTTTTAGAAAAAGCAAAATTAAGTGACGATGATATTTCTATAGCTCGTATCTCTGACCACAGCGTAGAAGATGGTATATCTAGCTTTATAAAGAGAGCACATGTAGATGCAGTATCTGTGATTACACACGGAAGAAAAGGATTAAATCTTTTCTTTGGAGGTAGTATTTCTGAAGATGTTGTGAACCATGTTAAACTTCCTGTTATTACATTTAAACTTTAATTTATCAATTTAAATATTATTATGCAGCATATCATAGATCGTTTTATAGGCTATGTTACTATAGACACAGAATCTGACCCAAACTCTGAAGCAACCCCAAGCACAACTAAGCAATGGGATTTAGCTAATAAATTAGTTGAAGAGTTAAAAGGTATTGGATTGAGTGACGTTACTATTGACGAGAATGCCTATATCATGGCAACTTTACCAAGTAACGTAGATCACAAAGTACCAACTATTGGTTTTATTTCACATTTTGATACCTCTCCTGATTTTACAGGAGCGAATGTAAAACCT
NZ_CP058981.1_gap14	720130	721376	1246	TGCTTTATCTCTTGCAGCATTAGGTATTCGTATAATTGCACCAATCCCAGGAAAAGGAACAATTGGTATTGAGGTACCAAATAAAAATTCGACTATCGTATCGATGCGTTCTGTTATTGCTTCTCAGAAATTTCAAAAATCTGAAATGCATTTACCAATTGCTTTCGGAAAAACCATTAGCAATGAAACCTTTGTGGTTGATTTAGCTAAAATGCCACACTTGCTTATGGCTGGTGCAACAGGCCAGGGAAAATCTGTTGGTTTAAATGCTGTTTTAACTTCATTATTATACAAAAAACATCCTGCTGAAGTAAAGTTTGTTCTTGTAGATCCTAAAAAAGTAGAATTAACGCTTTTCAATAAAATAGAACGTCATTATTTAGCCAAGTTACCAGATAGCGAAGATGCCATTATTACAGATAACACTAAAGTTATAAACACCTTAAACTCGCTTTGTATCGAAATGGATAACCGTTACGAAATGCTTAAAAATGCATTTTGCAGAAATATAGCTGAATACAATACCAAGTTTAAAGCTAGAAAATTAAATCCTAATGATGGTCACGCCTTTTTACCCTACATTGTTTTAGTGGTAGATGAGTTTGCCGATTTAATTATGACAGCGGGTAAAGAAGTAGAAACCCCTATTGCTAGATTGGCACAATTAGCTCGTGCTATTGGTATACATTTAATTGTAGCCACACAGCGTCCTTCTGTAAATGTAATCACAGGTATTATTAAAGCCAATTTCCCTGCGCGTATAGCATTTAGAGTTACAAGTAAAATTGACTCGAGAACTATCTTAGATGGCTCAGGTGCAGATCAATTAATTGGTCGTGGAGATATGTTATATACACAAGGTAACGAACTTATCCGTATTCAATGTGCTTTTGTAGATACACCAGAAGTTGAAAAAATAACAGAATTTATTGGTTCTCAAAAAGCGTATCCTGATGCTCATTTACTGCCAGAGTATGTTGGCGAAGAAGGTGGCATAAATCTTGATATAGATATTTCAGATAGAGATAAATTGTTTAGAGATGCCGCAGAACTTATTGTTACAGCACAACAAGGTTCCGCTTCTTTATTACAAAGAAAATTAAAATTAGGTTATAATAGAGCTGGTAGAATTATTGACCAATTAGAAGCCGCAGGTATTGTTGGTAACTTTGAAGGTAGCAAAGCACGCCAAGTATTAGTACCAGATTTAGTTGCTCTAGATCAATTATTAGAAAACGAATAATAA
NZ_CP058981.1_gap15	723118	724024	906	AGCACAAGACAAGTTTTAGATTCTAATGCTAAAAATCTATCAACAAAACAAATTTTTCTAAACAAACATATTATCTCTTTACATGATAAATATGTATTAGCTTTTGCTTGTATCATTTTATTCTTTGTAGGTGCGCCACTTGGTGCCCTAATTAAAAAAGGAGGTTTAGGACTCCCTATGATAATTGCTATTGTATTATTTTTAACCTATCATTTCTTTGGTATTTTTGCAAGAAATAGTGCTGAAAAAGGCAGTTTTAGTCCTGTTATAGGATCTTGGCTTTCTACCGTTGTTATGCTTCCTTTAAGTATATATCTTACAACACGTGCAACTAATGATAAAGGCGTTTTTCAGTTTGATGGAATATTAGTACCCTTAAAACGTTTATTTAATTCTAAGCAAAAACTTCAACTTTCAGAAAGTGATACTAAAACCTTTAATTCTTATTCAAAATATACTGTTGAGGAGTTAATTGGAATCATAAAACAACAAGACGAGTTTGATTTTGATAAGAAACCTAAAGAAATTGCTATTCGTAATTTATTAAACAGAGGTAAATCACTTGAAGAGTTAAAGCATGAAGGTTTAGAAATCCCTAACGATCTCATTGAAGCTAAAAAATTAATGAAAGGGTATCAAAATTATTCAAAAATTAGCTTAGTTAATTATTGTATTGGTGCTGTATTATTAGCATTACATTTTGTATTAAAAAACAATAAACTTGTAGAAATTTCAGAGTATGCACTTATTATTAGCATCATAGCATTTGTCATTTTCTTCATATTTGTAATCATCAGTGCTTATAATTATTCGAAATTTTATAAAAGTATTAAGTTAAAAGAAAAGCGAATTAACCCGTTACTTCTTTGTTTAACACTCCCTATTTACCCATTAAAATATATTATT
NZ_CP058981.1_gap16	725997	728838	2841	CAAGTTGTTCTCAGTACAAATAGTTTGTAGCGCATCCATATCTCCCATACTACCACACATCTGAACCACCATAACAGCTTTTGTCTTTGGAGTAATAGCCGCTTCAACCGCTTTAGGATCTAAAGTTAGCGTATCATCAATGTCTACTAAAACCGGAATCGCTCCAAGCATCATTATAGCCTCAAAACTCGCAACAAAAGTAAATGTTGGCATAATAACCTCATCACCTGCTCCAACGCCCGCAGAAGCTAAGGCTACAGATACAGCTGCAGTTCCACTTGAAACTAATTGTACGTAATTGGATTTAAAAGTATTTCCTAATTCTGTTTCTAATTCTTTAGCTTTCCAATGGCCATTTCTCATCCCATCAAAACCATAACGCATTAAAACTCCATTGTCTAATACATCATTAACTTCTTTGCGTTCTAAATCACTGAATAACTCAAATCCTGGCATATCAATTTTATTTTTGTTTTTAGATTAAAAACAAAGATACCAATTTACAGAAGTCATACTTTTAAAAAGGCTTATAATTCTATGATGGTTTTTGAAACAGGCAATCTTACTTTTTTGAAAGTTGAAAATATATCATCTTCGGCTCTAAAACCTACAGGAAGTAATAAAACAGAACTAAGTCCATACTGATCTAATTGTAATATTTTATCTAATTCAGTAGGAATAAACCCTTCCATTGGACAACTATCTATCCCTTCTACCGCACAAACTGTCATTAAATTTCCTAAAGCAATATAGGCTTGTTTAGTTACCCAACTTAATTTTTTATCAGCAGACATATTTTCAATCGTAGACTTTAATTCATTTTTAAATGGACTAAGAATAGCATCTGGTGTATCTCTAATAGCTTTTATAGTTTCAAAATGTTCTTCAACATTATCTCCATTAATTTCATTTTGAACACAAAGCACTAACAAATGAGAAGCATCTACGACTTGTCGTTGGCCAAAAGCAATTTTAACCAAATCTTCTCTGACTTCCTTATTTTCTACTATAACGAGTTTTAAAATCTGTAACCCATAAGACAAAGCTGTAAGATTAAAAGCTTCTTTTAAAGTGGTTAATTGTGATTTTGAAAGTGATTTTGATGAATCAAATTTCTTAGTCGCATAACGCCATTGTAACTTTTTTATAATAGACATTTATCTTATTTTTTTCAAAAGTAAACAATAATTCTTTTGAACGATTATGATTCTATTGATCATAAGAGTGAATAATTAAAAAATCTGAATAGATATATCTAATAATTAACGAAAGTTTATTCCACAAAAAAAGCTTCTCTTTTCAGAGAAGCTTTGTAATTTGGGTGGAAGACCGGGTTCGAACCGGCGACTTTCGGTACCACAAACCGACGCTCTAACCAGCTGAGCTACAACCACCATTTTAAATTGGATTGCAAAGATAATAGTTTTGTTATTATCTGCAAATAGTTTTTTACTTTATTTTAAATTAAATAAAGAATCCACAGCAACATAACGTTCAACTGTATAACCCTCAGCATGTTCTACTCCAATTAAACGTCCTAAATTTCTTGCTCTATAATCTATACTATCTGTAAAGTTTCTGCTAGATATCGGAGTTTCAGGCTCTTTACTATTTGGATCAAAAAATTGTGTTTTATAAGCTAGTGCAGAATCTACCTTTTTATCTATAAATCCTGTAACATCTACAACAACATCTGGTTCAATATCTTTCCATTGTATATAATGATAAACTGTTTTAGGCCTCCAAGGATCTTGAACTTCATTTTCATCATTATAAGTCTCTATCTTCTTCAGTCCACTTAAAAAACAAGCATCACTTACAAGCTGACTTCCTTTAGGATGATCAATATGCCTATCATTAATAGCATTGCATATTATAATTTCGGGTTTATAATAACGAATCATTTTAATAAGCTCTAGCTGATGTTCTTTATCATTCACAAAGAATCCGTCAGCAAATCTCATATTTATCCTAGAGTGCACTCCTAAGATCTTAGCGGCATTAAAAGCCTCTTCATCTCGTGTTTCTGCTGTACCTCTAGTTCCTAACTCTCCTCTTGTGAGATCTATAATACCAACTTTTTTACCCTTTGAAACTTCTTTTGCGAGTGTTCCTCCACAACCTAATTCTACATCATCAGGGTGTGCTCCAATGGCTAATATGTCTAATTTCATAAAAAAATAAGTTTTCTAATTGTCAAAAATATTAAAAATAAGGTAGATATTACATTTCTTTTTATTTCGCAAACGTTATCGTCTGTATAAATTTGTGATTTTTTCAAAAAAGTGTAATGAAAACTTAAAAATTCATAATAGATTCAAAGTATGACTTTCGTCATAAATAATACTTGTTAATGCCTATATCTTTACACTATAATTAAAAGTAAGAAAACAATTAAATTATAGAAACTTTATAAAATAAATCAAACATGAAAACAAGAGATCTCACAAAGTACGGACTAAAAGACACCAATGCACATTGGAATTTATCACCTGAAGAATTACAACGTATCACAGTTGAAAAAGGTATGGGTAAGGAAACTGCTAATGGAACACTTGCTGTAAATACAGGAAAATATACAGGACGTTCTCCTCAAGATCGTTTTATTGTTAAAGACGATTATACTGCTGATCGTGTTTGGTGGGGGAAAACAAATAAAGCTATCTCTACAGAAAATTTTGAACTTTTACAAACTGAAATAACAAAATACTTAAGTGGTAAAGAAATCTACGTAAGAGATGCTTATGTATGTGCTGACCCAGAATATAAAACAAACGTTAGAACTGTAACAGAATTACCTTGGTCTAACATGTTTACTTATAACATGTTTTTAAGATCAGA
NZ_CP058981.1_gap17	849234	852301	3067	TGAACCAATAAACTTGAAGTAAAAATAATAAAGGAATAAGACAATATAAACAGATAACAGTTTAATTAAAGAACATCTGTTTTAGCAGGAATTAGAATGAAACAAATATTAAATAGACTCATCAACCAAGAAAACATCTCTAGTAAAGAAGCAAAAAACGTCTTGGTTAACATATCCGAAGGAAAATATAATCAAAGTCAAATTGCATCGTTCTTAACCGTTTATATGATGCGAAGTATTACCACCGATGAACTTCGTGGTTTTAGAGACGCACTTTTAGAATTATGTATTCCTGTAAATTTAGATAATTACGAGACCATTGATTTATGTGGAACTGGTGGTGATGGAAAAGATACTTTTAATATTTCAACCCTATCTTCTTTTGTAACTGCAGGAGCAGGAGTTCACGTTTCAAAACACGGAAATTACGGCGTATCATCAGCATGTGGTTCTTCAAATGTTATGGAATATTTAGGGATTAAATTCAGTAGTGATTCCGACTTTTTAAAACGAAGTATAGACGAAGCAGGAATCTGTATTTTACACGCCCCATTATTTCACCCAGCTATGAAAAATGTAGCACCAATTAGAAAAGAATTAGGTGTAAAAACATTCTTTAACATGTTAGGTCCAATGGTAAATCCGGCATTTCCAAAAAATCAAATGGTTGGTGTTTTTAATCTCGAATTATTAAGATTATACAGTTATTTATATCAAGAAACAGATAAAAACTATGCTATTGTCCATGCTTTAGATGGTTATGATGAAATTTCATTAACAGGAAAAACAAAAGTGATTTCTAATACATCTGAAGTTTTATTTGAACCTTCTTATCTAGGCCTTTCACAAATTCAACAATCTGAAATATTTGGAGGAAATAGCGTAAAAATGGCTGCCGAGATTTTTAAAAGTGTCATCAATAACGAAGGAACAGAAGCACAACATAAGGTCGTTTGTGCTAACGCAGGTTTAGCCATTGCAACAGCAAAACAAATCTCTCATAAAGAAGGTTTTGAACTTGCTAAAGAATCTCTCGTTAGTGGAAAAGCAAAACAGAGTTTAGATAAATTAATTGAATTGAGTAAGCAGTAAGCAGTAAGCAGTAAGCAGTAAGCAGTAAGCAGTAAGCAGTAAGCAGTAAGCAGTAAGCAGTAAGCAGTAAGCAGTAAGCAGTAAGCAGTAAGCAGTAAGCAGTAAGCAGTAAGCAGTAAGCAGTAAGCAGTAAGCAGTAAGCAGTAAGCAAAATTTAAAATACAACTTGGGAAGAAAATAAAATTAAGTTAAAATTAATGTCCCAAATTTCGACGCAGTCGGAAAACATCAAAATTCAGAAATAATGAACGAAAGAACGTAGATGCGTGGCGAAGCCTCAAGCACGAAGTTCTGAAAGTGAGTGATGCTTTAGCAATTTCCTAATTTTGATTGTGATTTTTTGGTTCGTTTTGTATCAAGACAAAATGAACAGAATAAAAAATAAAAAGTTAACCTCATAGAGGAAAAGAACATGAACATTCTAGATAAAATTGTATTCGACAAACGTAAAGAAGTTAATTTACGTAAATCATTGATTCCTATTAAACAATTAGAACAGTCTATATTGTTTTCACGAGCAACGTTTTCTTTAGCTGCTAATTTAAGAAACAGCACATCAGGAATTATAGCAGAACATAAAAGGCGTTCACCTTCAAAATCTGTTATTAATCAAAACTTAAATGTACAAGATGTAGCATCTGGTTATGAAAATGCTGGTGTTTGTGGAATGTCTGTTTTAACAGATGCAAAATATTTTGGCGGCTCTTTAGACGATTTATTATTAGCAAGAGCAAGTTCTAATTTACCGCTTTTAAGAAAAGAATTTATTATTGATGAATACCAAATTCTTGAAGCTAAAGCTTACGGTGCCGATGTCATTTTGCTAATTGCAGCAATCTTAACAAGAGCTGAAATTAAACAGTTTTCAGAATTTGCAAAACACTTAAACCTTGATGTTTTATTAGAAGTTCATAACGAAGAAGAATTACACAAATCTATAATGCCATCGTTAGATATGCTTGGCGTAAACAATAGAAATCTTAAAACTTTTGAAGTCTGTTTAGATACTTCAAAACAATTAAGTCAATTAATCCCTAATGATTTTGTAAAGGTTTCTGAATCTGGAATTAGCTCTATAGAAGCCATTAAAGAATTACAACCTTTTGGTTATAAAGGTTTTTTAATTGGAGAGAATTTTATGAAAACAGATGACCCAGGAAAAAGTGCTACAACATTTATTGAAACATTAAATAAGTAATAATCGTCACTTCGAGTGATTTTAGAAGTACGAAAAAATGATATCAAGAAGAAATAAATAGATTACTGCTTTGGTAAGAATAACAAAAATATAAAGTGTGGTGAAATTCCCGCTTTTGCTAGAATATATGAAACTAAAAATTTGCGGAATGAAATATAAAGACAACCTAGAAGCTGTTGCTAATTTGCAACCCGATTATCTAGGCTTTATATTTTACGAAAAATCAAAACGTAACTTTGATAGTTTTATCCCAAAATTATCAAAATCTATAAAAAAGACAGGTGTTTTTGTCAATGAATCATTAGATGTTGTTATTGAAAAAGTAAAAGAATTCGATTTACAAGCCGTACAATTACATGGTGAAGAATCCCCTGAATATTGTTCTAAATTGAAAGAAAATTGTCAGACTGAACATGGTCTAAGTGACATTGAAATCATCAAAGTTTTCAGTATTAAAGACGAATTCAACTTTAAAGATTTAGCACCTTATGAAACAGTCTGTGATTATTTTCTGTTTGACACTAAAGGAAAATTACCAGGTGGAAATGGTTACACCTTTAACTGGGATGTGCTTAAAAACTATCCTTCAACCAAACCTTATTTTTTAAGCGGTGGTATTGGATTAAATGAAGTTGAAAACGTTTTGTCATTCCTACAAAGCCAGGAATCTAAGCTTTGTTATGCCATCGATGTTAACAGTAAATTTGAACTAGAACCAGGATTGAAGAATATTGAAGGTTTGAAATTATTTAAAGAGAAGTTAGAAGTTAGAAAAAT
NZ_CP058981.1_gap18	886122	888218	2096	TTATAATATGAAATTGATCTACAAAATGAAGAATTTTTGTTTGCGCACCACCACTACAATGTACCATTCCATGTACGGATTCACTATCGTAACTATTAAGGATAGCTTTTATAATTGGAGCATAAGTACGTGTTGGAGATAATACCAATTTACCAGCATCTATAGGAGAATTCTCTACAGCATCTGTTAATTTTGTTTGCCCAGAATAAACTAAATCTTCGGGTACAGCAGCATCAAAACTCTCAGGATATTTTTCAGCTAAGTATTTAGAAAAAACATCATGTCTTGCAGATGTTAATCCATTACTCCCCATACCTCCATTATATTCAGTTTCGTAAGATGCTTGTCCAAAAGACTCTAATCCTACAATAACATCACCAGCAGTAATATTTGCGTTATCAATAACTTTAGATCGTTTTATACGCGCAGTTACTGTAGAATCTACAATGATAGTTCTTACCAAATCCCCTACATCTGCAGTTTCTCCGCCTGTAGAATGAATAGTAACTCCAAAAGATTTTAGATCTTCTATTAATTCTTCTGTTCCGTTAATAATTGCAGAGATAACTTCACCAGGAATAAGGTTTTTATTTCTCCCTATTGTTGAAGATAACATAATATGATCTGTTGCTCCTACACAAAGTAAATCGTCAATATTCATAATCAACGCATCTTGAGCTATGCCTTTCCACACTGAAATATCTCCAGTTTCTTTCCAATACATATAAGCTAATGATGATTTTGTACCAGCTCCATCGGCATGCATTATTAAGCAATAATCTTCATTATTTGTTAAATGATCTGGAACAATTTTACAAAACGCTTTAGGAAACAATCCTTTATCAATATTTTTAATCGCATTGTGTACATCTTCTTTTGAAGCTGAAACTCCTCTTTGCGCATATCTTTTACTTACCGAATTATCCATATTACAATTTATTAGTGTGGTTTTGCAAAAGTAAGGATTGCGTTTAATTATAAGGAATGATTCGATTGGAATTAATAACAGTATTTGAGTTTTTATTCACAACTCTATTTTTCATTAGATTAATCTGCTCTATTTGAAGATATAAATACGTTTTTGAAAGTACTTGAAATGAAATTTACCCAAAATACAAAAAGATAAAACTGAAATATCAATTTTATCTTTTTGCTTTAAAAAATAAACTTAAAGTTAATTATTATAGTTTAAAATCTTAAAAAAGGATGAAAACAACCTCAATTACAATTATCAAACTAAAACAACAACTTTTCGTTTTTGTTATAAATTACTGATTAATAGCACTACAAAAATATAAAATAAACATATTTTAAGACTATTTTTATCTATTACTTAATCTAAGACCTCTCTCTTTTCGATAACTAGTTAATGTCATCGATAAAATACATAAATCATCAAGTTTTAAAAAATTACCATATGTAAACTCACGTATTACATTATTTAAATTAAAAGTTTGATCCTTTTATTTAGTAAACAATAACTCTCTGTATTTTGTTAATGGCCATATTCCATCATCAATCATTAATTCTAATTTGTCACAGTGGTACCTAATAGTATCAAAAAATGGTTTTACTTTATTGCAATAACCATCTGCTTTCTTTTCTAAACTAGCGTCCTTATTACATATTTTACGAGCCTCAGTCATTTCTGTAACAGAAGAATTTATAGCCTCAATATGTGTTGATATACTTTCTATAAGCCCCAATTGAGCCTTTGCGTAATTCTTAAACTCATCACCATAAATGGTTTTAAGACCTTTTACATTTTCAATTAAAATATTCTGATACCTTACCGCTGTTGGCACTACATGGTTCCTAGCTATATCTCCAATAACCCTACTTTCTATTTGTACATGAAGAATATAATCTTCCATTTCTATCTCATAGCGCGCTAAAGACTCTACACTATTCATTACTCCTAAGCTTTCAAAAAGATCAATAGTAGATTTAGCTTTTTTTATTTTAAGTGCTTCAGGGGTTGTTTTATTATTACTAAGTCCTCGTTTTTCTGCTTCTTTTTCCCAATCACCACTGTAACCATTTCCTTCAAAAAGAATTGCCTTAGATGTTTTTATATATTCTCTTAAAACATTGAA
NZ_CP058981.1_gap19	891401	896096	4695	CTTGAATGCTCAAAACACACAAGATAGCTGTAATGCTATTGAAGTGATTGCATCTACTCAAGGAACTACATCTTCAGGAGCTCTTGTAAATGCAGATCGTTCAGATGTGAACGCTGCTTTATACACACCAGACAAGTCTAACGCTGCTGGAGGTTTTTATTCTTTAGGTATAAATGGAAGTATTACCCTAGGATTAGGAGGAGCGGTTTACAACCAACCTGGAACTGACATTACTATTTACGAAACTTCATTTAGTGGAGATAATTGTGGTGGTAGTGATGACGAAATGGCTTTAATCGAATTATCTCAAGACGGTTCAACATGGGTTGAATACGGAACTGTTTGTCGTGATGGTCTTATAGACCTTAATGATGTTGATTTAGAGTATGTAACACAAATTAAAATTACAGATGCTACAACAGGATCAGGTGATGGTTACGATCTAGATGGTATTGAAGCTGTAAACGGCTGTGAAGAAATACCTAGTGAATTTTGTTATGGTTCTACTGCATTTGACTATGTACCTGGATTAAATAGTGACGGAACAACTTTTAATGTTGCTGAACGAATGGATACTAACAAAGCTTTAGGCTTACCAGAAATGGATGATTCAATGAACTTTTTATCATTAGGATATGGTGGTGAAGTTACTATTGGTTTTGATGGTGTTGTTTACAACAATGAAGGACCAGATATCGAGGTTGTAGAAACTACATTTGGTAATGCTTCTTTTTCTAACTACCCAGAATCAGCTGATATTTACGTATCTCAAAACGGTATTGATTTTTATCTTATCGGATCTGTACTTACAGATAACGCAGGAGACTTAGATATAAGTAACGCTCCTATAGCTCTTGCTTATATTACAGAAGTAAAAATTGTAGATACAACGCCTAGCGGTTCTATTTCTGAAGATGGTTTTGATTTAGATGGTGTTATTGCTTTAACAGGTTGTAACGAACTTATTGAGCCTACACCTGCTGGATGTTATCCTGTAGATTATTTTAACTACGTAGAAGGAACTAAGAAAAATGGTGGTGTTATTGACGCTATTAGAACTGAAACTCCTGAAAACACACTTGGTGCACCAGAAGGAACTGATGATTATGTATTTACTACACTTGGTTACGGTGGAGAAATTACTTTAACATTTGGTGGAGCTGTATACAACCAAGCAGGACCAGACTTAGTCGTTGTTGAGACTACATTCCAAAACACTTGGGGTTGTGAAACTTATGGAGAATATGCTGATGTATACGTTTCTGCAGATAACATCAACTTCCATTTTGCAGGTACTGTTTGTAAATCTGATAACGCAATTGATATTTCTGATGCTGGTGATTTTGATTTCATCTACTATGTGAAAATTGTAAACAACAATGAATTATCTACAACTGAAGATGCTTACGATCTTGATGGTGTAATTGCTGTTGGAACATGTGAAGAATTCAATTACGCTGCTTACGCAGATGAGCAATATCGTTTATTAAGTGTTGACCAAATAAGTGCTAATGATTTAGGTGTAACAACTCACCCTAACCCTACTAGTACTGTTTCATATATTGAATTCACTCCAAAAACAACAAGCAATATACTTATCGAAGTATTTGATATAAATGGTCGTAATATTGGTCAAGTTTTCAATCAAGAAGCTTATTCAGGTCAATCTTATACAGCTGAATTTAACGTTAACAATTTAGCTTCTGGACTATACATCTACAAAGTAACAACTGGTAACTCTAGTATTACTAAAAAGTTTGTAGTTAATAAATAAGAATATAACTTATTAGTTATTCTAATTACTATACAAAAAGCCTCCTGAAAATACATTTTTAGGAGGCTTTATTTTTTCTATTAGTTTATCATCTGTTTTAGCTTTCAACTAAAAAATAAGTGCTTATCTTATGTTTAAAAATAATCTATAATTATCTTTAACTATAGCAAGTACACGCTTGAGATAAAAACATCTTATATTATATAAAAAATAATTAGAAAGAGCTCTATGCTGTAATATTGAGTCTTCATACTAAAGAAGTATTTCTAAGTAATATATTTATTACCAATACAGCTTTGACCTAAATATTAGCAAAGTACTAATGAACAATAAGCAACACAAGAAGTAGTTAGTTGTTTCACTATAAAGAATATCTTTTTACATTTACTATATAACAAAGCCTCTTGAAAATGTATTTTCAAGAGGCTTTGTTTATACTTTTTATCAAAAAAAACAATCACAAGTTTACCTAATAGTTCTCTTATTAAAACTGATGACTACCTAAGAGTTAGGAATATAAAAACTATATAAGCACCAAATAAAAGCATTCCTTTTACCCTCCCTATTTCAAAACGTTTTGGTATCATTATAAACGGAATTAAAATAGCAGCAAAACCAATCATCCAAAAGATATTAGTCGATAAGATCTCAGGAGTATTAGGATTAACTACAATAGGTTTTATCATTGCTGTAAGACCTAAAACAGAAGCAATATTAAAAATATTAGAACCGATAAGGTTTCCTAAAGAAATCGCTTTTTCTTTTTTAACTGCAGAAATTACAGAAGCCGCCAACTCAGGCACACTTGTACCAATAGCAATTACAGTAACAGAAATTGCATAATCACTAATACCTATTGATAATGCTAATTCTTCAGCACCTTCCACTAACCAAAGTGAACCAAAATACAAACCTGCAGCACCTATTAACAACCAAATTGTTATTTTAAAATTAGAAACAACAGCTAAATTATCATCAACTTCTTCCAAATTTTCTTTTGTAGATCTTCTAGAACTTCTAATTAAAACTACTAAAAAGACAACTAAAGCTATCAACATAATTAAACCTTCAATCCATGTTAAAACACCATCATTCTTTAAAAAATAGTAAAGCACAAAAGATAATAACATCATCATTGGCCAATTCAACTTGTAAAACTCTTTATCTACAGCTAGTGGAGAGATCATAGCTGTAATCCCTAAAACCAATCCTATATTAGCAATATTAGAACCAATAACATTTCCTAAAGCAATATCAGAAACTCCATCTAAAGCCGCCTGCAAGCTCACTAATAATTCTGGTGCAGAAGTTGCGAAAGACACAACCGTCATCCCAATAACAAGTTTTGATATTTTTAGTTTAAAAGATAGCCCAACAGAAGCTCTTACCAAAAAATCACCACCAACAACCAAAAAGGCTAAACCTACCAACACTAAAACTATACTCATCTTCTATCTGAATTTAATTCACAAAGATAATATTTCATTTGCACACAGACTAAAAACTACACTTTTCGTTAAATAACTATTATTACAGTTTTATAACTGTAAAAATAGTTATATATTTATCCCTCAAGATTAAAACACTTATTTTAACTATGCAAAAGCTCACAAATAAAGAGGAAGAAATAATGCACATACTGTGGAAGTTAGAAAAAGCTTTTGTTAAGGATGTGCTAGCGGAAATTAATACTGAAAAACCTCATTACAACACACTTTCTACCATAATTAGAAACCTAGAAGAAAAAGGTTACGTGAGTTATAACGCCTATGGCAAAACTCATCAATACTTCCCTATTGTATCTAAAGAAGATTATAAAACAAAATTTATGAATACGGCTATTGAAAATTATTTTAATAGCTCTTATAAAAACGTGGTTTCATTTTTTGCAAAAGAAGAAAAAATAAGTGTTGATGAGCTTAAGGAAATTATAGCTTTAATAGAAAACAAAAAATAATTATGGAATATTTGCTAAAAGCTTCAGTAGTAATCGCAGTATTCTATTTATGTTATTATCTACTTTTAAAAAAAGAAACATTTTTTCAGCATAATAGATGGTTTTTATTAATCGGTTTAATAATTGCAATAGTATTTCCTTTAATTGTTATCCCTGTATACATCCCAATAGAATCTACTACATTACAAGAATCTATATTCACAACATCCGTTAATCATTCAACTTTCACAGAAGATGTCGTTGAAACCACTTTTAATTGGAAAGAATTAAGTTTAATAGTATATACAATTGGTTTATCAATATTCTCGATTCAATTTATATTTCAGTTTGGTTCTTTAATAGTTCTACTGATAAAAAACCCAAAATATAAAGATCAAAATTTCACATATATAATTGTTAAAAACAAAATTTCACCATTTTCATTTTTTAAGTGGATCGTTTACAATCCTAAATCTTACAAGGAAGAAGAACTTCAGTTGATTTTAATACATGAAAAAGTACACGCTACACAATTACATTCTATAGATATTTTACTAACGCAATTAGCCTGTGTTGTATTTTGGTTTAATCCTCTAATTTGGTTGTACAGAAAAGAAATACGACAAAATTTAGAATACATAGCAGATTTAAACACACAAATATCTACTAGCACAAAAAAAGAATATCAGCATTTATTATTAAAAACAAGTATTGCTAATCACAATACACTTTTATCTAATAACTTTTATAATTCATCAATCAAAAAACGAATATTTATGTTAAACAAAACGAGATCAAAACAAAAAAATCAATTGAAATACTTGCTTATGTTGCCACTTTTAGCTGGTTTACTCATTAGTATGAATAGTAAAAAGATATATCTAGAAGCTGAACTCCTCAATAACATTGAACCAATTAACACAAAGGATTCAATTACACACGAAAGCATAAAGCTAAAGTTCACCAACCAGATGAATGATGATCG
NZ_CP058981.1_gap20	906455	910933	4478	ATTCTCCAACAATTCTTCAATTCCTTTAACTTTTCGCTGATTTTTCAATCCTATTTTTAAGATTTCAAAAGGATATTGTGCTGCTTCATACTTTAAATCGTCTGTGTTAACTGTATGATCTTCTTTTAAAGCAATTTCTACCCAAGATGTTAATTCATAAGAATTAGAAGTCAAACTAGAAAATTTAGAAATACATTCTTGCAAACTACCTGTAAGTTTATAAAACTCTCTAAACTTCGGAATTACATCATCTTTAATGTCAGCAATTTTATTATTTTCTATAGATAAAATAATGACTTTTTTATCGTAATTAATTTCACTAAAACTTAAAATATTAGGAGAACCAGAATAACGAACTTTGTCGTTTCCTCCAATTATTTGAGGTCTGTGTAAATGTCCTAAAGCTACATAATCAAAATACGTAGGGAAATCTTCAGCACCAATATGCCCTAAAGTTCCTACATAAATATTTTGTTCACTATCAGAAATGGTTCCGCCGGTTGCAAACAAATGTCCCATGGCAATTACAGGCGCATTGGTGGTGTTTATAAGTTTGCATTGGTGTGCAGCAGAGACATAATGGTTAATTAATGCTGTTTTATATTTATCTGTTAATTCATCAAAAGTTTCACCAGCAACAGCACGTCTAATATCACCATCACGTAAATAAGGAACTGCAGCAATAATTACTTTTTCGTTGTTTATTTCAATTTCAAAAACTTCATCTTTAATGTCTTCAGTTGCTTTACCAACTACTTTTATAGACAAAGCACCTAAGATGTGTTTTGGCGCATTTAAAGTACCTGGAGAATCATGATTTCCGCCAGTAATAATAATCGATTTACAAGAGGTTCCGTTTAGTTTTACTAAGAAACTGTAGTACATTTCTAAACTTTGATTAGACGGAGAACCGGTATCAAAAACATCTCCAGAAATTAAAAGCACATCAATCTTTTGATCAATAATATAAGTTTCAATCCAACTTAAAAATAGTGATTGTTCTTCAAACTGAGATTGTTCATGCAATCGATGTCCCAAATGCCAATCGGCAGTATGCAGTACTTTCATATATTAAAATCTGATATTTTCTATTAAGCTTAAGACTGAAGGTTTTCTTTTACAAATGACACTTCTAAATTTACAAAAAACAATTAATTAGTATTAATGTTATTCACAATACTCATAAATCATTAACCTGATATCATCAAAAGTAAAATATTTAAGAAATAGAATTAATAAAAATAAAGAACATTGTTTTTTAAATAAATTGCATTTTTGGAATCAAGGCATAATTTTTTTTACCTGAATTATATGCAATTTTAGAGAAAATAGGAAACAAAAAAAAGCTCCCAATATCTTGGAAGCTTTAATTTCTATTGTGACCTCGACTGGATTCAAATACATATCTAGTCTGTACTATTTATAGGTCTTTATGATGCTTGTAAAATACTGTTGACCGATTTGTTGAAATATCGGTTGATTTTGATTGGTTTACCTTGTCTTTCAATCTTATTACAAAGATACTAAAATCAGAGATTCAAACCTATATAAACGGTACTAAATGCTATGAAGACTTTTAAAAATTAAGATTGATTTGCTGAGCTCTTTCAGCGATTAGCTTATTAAAAGCTTCTTTGTTCTCAGGACTTAAAAAACTATTTTCAATGAGTTGGTGCCACTCTTCCATTCCTGTTTCTATACGCTGCCATATATTTTGCATGGCCTTTTTAGGAATACCACTCCCTTCTATGGCCACATCAAAATCAGAACGTTTTAAACGATTCTTTTTTCCATTGAGATTAAGTGCTAGTTCTTCTGGATCATCTACTAATAATTGTGCTGCAACCATATCATATGCTGGTGCTAAATTATAGTTCCCTGGTACTTCTGCTATCAATGAGAAGTTTTTTAAGTGCATATCATTATTACCTATTAAAAATGAGACAATAACCTGCTCATAGAAACGGATGATATCTATTAAAGGGTTATAGCCGTAGGCTTTTATTCCTTTTGCTATTTGTTCATAGGATCCTCTGTATTTGTACTCTGTTAATCGTTCTGTGAATTGACATGCATCTTCCATTGCTAGTTTACTACCATCGGGTTTGCGGTCTATTCGTCTTGTGAGATATGCAAGCTCTCCATCTTTTAATGGAATTAATAAGAAAGGAACTGTAGCTACACCACAAGCTTTTGCCAGGTGCATGGATAAGGCTTCTATTTGTGGCATTTCAGGGTATAGTGAAAAAGGCGGCTTCAATATGAAACGACCGTTTAAAGCGCCAACGATGGTTAGACGTTTATCGTTATCCTCTTGCTTATTAAACCCTAGAGATAGCTTTGGTTGCACACCTGTAACTATTAAACGTTGGGCAATATTCTCTTTAGCCAACTGATCTATTTCAGACATGGCATAATCTAGTTGTATTACTGGCTTGTTTTCTTGCCAAAATTCTTTGAGACAAGCCTCGTGATACTGGTTATTATTTTCGGTAATTGGTTGGTGACAGGCTAAACAAATCATATCTCACGTACGCTTATGTTGCCGATACAGTCATGACAAGTGTTTAGTAAAAGTCCCATACGGTCTCTAGGGTTAAGCTTCCAGTTTTTGTGTGCAATCTCTAGTAGCCACCCTTCTGGTATTAATCCATCGAAGAAAGGAAATAGGTATTCTGACTGAAACTCCTTTTCTTGTAATGGTAATGATAGCGCAATCGCTGCAGCATTCTTATGATTAAGATAGTCTGTGTGATACTTAAACCTGTATCCTTCATCGGTTTCTTTCAAGATGCCTGCTTGCTCGTTATTGATCCAGATGGTTCCTTGTCTCATTTCTTATAGGTGTTGGAGTTAATGTATGTCCGAAGAATTGTAATAATTGATTGACCTTATCTAGCATTACGTTTGGTTTTCCCTGTTCTAATTCACGAAGAAAACGCAGGCCTAATCCGGTTAAATCTGCAAGATCAATTTGTGTATAGTTGGCTTCTTTACGTCTGTTACGTACAAACGTTGCTATAGCATTATTGCGGTCCCATTCTTTCATAATTATACCTTTATGGGTGCAATTTAGTGATTTTAATCGATATCATACCCTTTAAGGTGTAATTAATATATAACCAAGCAAAGCTATACCCGAAAGGGTCTATTTACAAAGCACTCTCTAGATATTTTATAACAATCTCTTTTTTGATGCCGCTATACTCAGCGAATTCATCTGCCGTGATAAATTGGTGTGCTTCTTTTCCGAAGTAGGTTTTAATTTCATTTAAGAGCTTACGACCGTAGCGTTCACTTCTTCCCGTGATACGCTGAATGTCTTTTGGATATATGCAGGCTCTTACTATTCTCATTTTATACTTTATCTATACACGGTCTATACCTCATCTTGGGTTTGTCTATATGACTTGTTACGGCATAAAACGTATCCATCGGAATGGATGGTTATGTGTATTTGATTTCTTCTATAAATCTACCGTCTTTTGTCTCATAATCAAAATTTTAGAACATTATGGCAAAACAAACAGGAATTATTAAATTGAAAGGCACCATTGGTGATATTTCATTTTACAAGAGTGCAGACGGCTACCTTGCGCGTTACAAAGGTGGTGTTGATGGAAATCGTATTGCGAATGATCCAGCGTTTCAGAGAACCCGTGAAAATGGTTCTGAATTTGGACGTGCAGGGAAAGGTGGTAAAGTGATCCGAAATGCTATTCGGGTGCTTTTGCAGAATGCGAAAGACAGCAGAGTTGTGAGTCGATTGACAAAGGTTTTAGTGGCCATCACTAAAACGGATGCAGTTAACGAACGTGGACTAAGAACCATTGAAGATGGTGATATGAACACCTTGCAAGGTTTTGAATTTAACATCAATGGAAAGTTGGGTGCTACCCTTTTCACTCCTTATGTGACCACCTATGATCGTGCCACTGGTGATGTTGATGTGGATATTGTTGCATTTGTACCAACGGTGCGAATTACTGCCCCAACTGGTACTACACATTACAAGTTAGTTATGGGTGCAGCAGAACTTGATTTTGCTAATGAAGCTTCTGTATTTGAAAGTTCAGAAACCGCTATTCTTCCCTATGATAGTGTAGATACGGCTGCTATGAACCTTACTGTGACTTTGACCGCAGCATCCGTACTTCCTGTGATTCAGGTTGTGGGTATTGCGTTTTACCAAGAGGTGAACGGACAAATGTATCCGTTAAAAAACGGTGCTTATAACGCCTTATCTGTGGCACAAATTGACACTGTGTAATGACTGTGTTGCTCCAGAGAACCTATTATGAAGCGGGTACGCCAAGTGCCCTCTTCTGTAATGGTCAATTTTTAGGCTTTGCTATTGAATTGCCTTGGAAATCTAATCAACGGAATATCTCATGTATTCCTGAAGGTGTATATCCACTAAAAGCGCGGTATTCCGAAAAATTTGGGCCTCATTTACAAGTGCTTGATGTACCAGATCG
NZ_CP058981.1_gap21	1044151	1046063	1912	GCTGTTGAAAAGAAAAAGGAAAAAAACTCTTTCACTCCTAAAGTAGCATTATTAGATTTTAATATTGGTTATTTTGGAGCTATGTTTCTCGGTATCGGATTTATATGCTTAGGTTATTTTGTAATGTATGATTCTAAAGAACCTTTCAGTACCCAAGCAACGTTATTCGCAAGTCAATTAATAGATGTTTACACTTCTAGCTTAGGGCAATGGTCTTATGTCATTATCGGTATTGCCGTATTAACCACTATGTTTAGCACAACATTAACCACTCTAGATGCTTCACCAAGAGCAATGGCAACAAGTATTGAGGTATTAACTCAAAAAAAACATAAAAACGGATATCTATTTTGGATCTTAACCCTTACTATAGGGACTTTAATTATCTTCTTCGCTTTTGCTTCAGAAATGGGGATTCTTATAAAAATCGCAACCATTCTCTCTTTTATAACAACTCCTTTTTATGCTTACATCAATTACAGATTAATCTGTAGTGAACATACACCACCAGAATGGAGACCAAAAATAGCGCTCCGCATTTTATCTTGGACAGGAATTGTTTTTCTTATTGGATTTAGTGCTTGGTACCTCTCTATACTTTAAATTATTTTATTATTTACTTCGTATCTTTGCAACAAGAAATTGATAATTACATGGAAACCACAGTTGCTTCGAATATTTTACCAGAAAGAAAACCAAAATGGTTAAGAGTAAAGTTACCTACAGGAAAAAAATACACAGAACTTAGGTCATTAGTAGATAAGTATAAATTAAATACAATTTGTACATCTGGAAGTTGCCCTAACATGGGTGAATGCTGGGGAGAAGGAACAGCTACATTTATGATTTTAGGAAATGTATGTACACGTTCTTGTGGTTTTTGTGGTGTAAAAACAGGAAGACCAGAAACGGTAGATTGGGATGAACCAGAAAAAGTAGCACGCTCTATAAAATTAATGCAAATTAAACATGCCGTTTTAACAAGTGTAGACCGTGATGATCTTAAAGACATGGGGAGTATTATGTGGGCTGAAACTGTGAAAGCTGTCCGACGTATGAATCCTGAAACAACACTAGAAACTCTTATCCCTGATTTTCAAGGTGTAGAAAAACATATCGACCGTATTATTGATGTCGCTCCTGAAGTCGTTTCTCATAATATTGAAACTGTAAGACGTTTAACTCGTGATGTAAGAATACAAGCAAAATACGACCGTAGCCTTGGTGTTTTAAAATACTTAAAATCTCAAGGACAACGTAGAACAAAATCTGGTATAATGCTAGGTCTTGGAGAAGAACGTGAAGAAGTTATACAAACACTTCACGATTTACGAGATAATGATGTTGATGTTGTTACTATTGGGCAATATTTACAACCAAGTAAAAAACACTTACCTGTAAAATCTTTCATCAACCCTGATCAATTTAAAGAATACGAAGAAATTGGTTTAAAACTAGGATTTAGACACGTAGAAAGTAGTGCATTAGTAAGGTCTTCTTACAAAGCTCAAAAACACATTAATTAATGATTACTGTAGCTATTAATGGTTTTGGAAGAATAGGCCGCCGTGTATTTAGATTAGCGTTACAGCATCCTGAAATACAAATTGTTGCCATAAATGATTTAGCAGATACAAGAACTCTAAGCCATTTACTAAAGTATGATAGTATCCATGGTGTTTTAAAGGATCATATTTCTTGTGATGACAACCATATTATAATAAACGATACCGCAATTCCTCTATACAATAAATCACACCCTAAAGATTTAGATTGGTCTCAAGTAGCACCCGATTTTGTTATAGAATCTACAGGAAAATTTAAAACTAAAACAGAACTTCAATACCATATTGTTAACGGAGCAAAACGTGTTGTTCTCTCTGTTCCAGCTTTAGAAGATGACATTAAAACT
NZ_CP058981.1_gap22	1047070	1048994	1924	ATTGCTTACAATATTAAAGGTGTAATGCATAGTAGCAAAAAAGATTATGATGAAGCCTTAGATTATTTCAATTCAGCTAAAAATTTATTCGAGCAAGAAGATTTAGAAGAATACACTTCAGATGTTTTTCTAAACGAAGCTAAAGTTTATATTGAGCAAAATCGATATGAAGAAGCAAAAATAGACTTAGAAAAAACCATCATTTTAGCTAAAAAATACAATCAACCACGTCGTCTTAGTAGTGCATTAATTCATAGTGGAAAAGTGTATTCTGCTCTAGATAATGATGAAATAGCTTTAACTCAAACTGAAAAAGGATTATCTATTGCGCAAAAGCATAAAATTTCAGAAGATAAAAATGAAGCTTTCTTAACTCTAAGTAATATTCATGAAAAAAATGGCGATTATGAAAATTCGCTCGACTATATCAAAAAGCATATTTCTTTATCTGATTCTATTTTAAATGTAACAAGAAAAAACTTAGCACCTGGAATATCTGGTCAAACGATTAATAATTACAAAGACGCACAAAACAAGCAATTAAAAGAACAAATGGAAGAAGTTACTGCTGCAAGTGCTTTTTCAAAAATAACAACCATCTTAAGTATTGCGTTAATTACCATACTATCTCTGTTAACATTATCGTTATACAAAAACAATAATATTAGGCTGAATTCTAATACGATGCTTCATAAGAAAAATGACGAACTTATAATCGCAAAAGAAAAAGCCGAATTAGCTTCTAAGACAAAAGCAAACTTCCTATCTACAGTAACTCACGAGCTACGGACACCGTTATATGCCGTAACCGGACTTACAGACATGTTATTAGATGAAGATCCTAAACCACATCAATTACCACATTTAAAATCCTTAAAATTTTCTGGTGATTACTTACTTACCTTTATAAATGATATCCTTCAGATTAATAAAATTGAGGCTAATAAAGTTGAAATAGACCCTGAACATTTCAACCTTAAACATAAGTTAGAAAATGTAATTTCTGCACTTAGTAATTCTGCTAACGACCAGGATACAAAAATTCATTTTGACTATGAAAATGAGTTACCAGAAACATTTATTGGAGATCAATTAAAAATTTCTCAAATCTTAATTAACCTGTTAGGAAATGCTATTAAATTCACAAAAGATGGAGACATTTGGGTGAGAACATATAAAATTGACAAGAAGGATAAGATGTATAGTCTTCGCTTTGAAATTGAAGATAATGGGATTGGTATTACAAAAGAAAAACAAGAACACATGTTTGAGAGTTTCTCTCAGGGTTCAGTTCAAATTAATAGAAAATATGGTGGTACTGGCTTAGGTTTATCAATTGTAAAAGGACTTATTCAAATTCTGAAAGGTAAAATTTACCTAAAGAGTGAACTTGGAAAGGGCACAACATTCATTTTTGAAATCCCTTTAGAATACGATAAAAGTGTAGACAAACCTGAAGTCGTAGATGTTAAAAAAACAAATAAGATGGAAAGTTTAGATTTAAGCAATGTTAAAATCCTCATTGTTGAAGATAATAAAATCAATCAAATGATCACAAAAAAGATTCTGAACAAAATGAATCTAAATTGTGATGTTGTAGATAACGGCGAAGACGCGGTAGAGATTGTTAAAACAACAAAATATGATGTTGTATTAATGGATATACATATGCCTGGGATTAGTGGTTTAGAAGCTACTAAAATCATTAGAACCTTTGATAAAGAACTAACAATATTTGCTTTAACTGCTGTAACTCTTGAAGATAAAATGCACGAATTTGGTGATGCTGGTTTTGATGACATCATCTCTAAACCATTTAAGCAAGAAGATTTTGAAGATAAATTACACGCTGCACTTTCTGGAGAAAAAATAATCTCTAGCTTCTTTAGTTAACAAATTTAGTTATAGCACCCTTAAATTGAGT
NZ_CP058981.1_gap23	1068517	1071185	2668	CGATTTCTGGAAGTTTATCGGCACCAAAAACTAAGACTACAATAAATAGTACAAATACTATTTCTGTGCCTCCTATGAATAAAAATGTTAGTTGCTGTATCACGTTGCAAATATAAAGTGAGTTTGTGAATAATACGACTTCAAATAAAGAAATAAAAAAGCCGACTTCAAAAGAAGTCGGCTTAAAGTTATGTTATAATTATTAGTTTCTTACTTTTTCCTTAAACTTATCGAAATCACTTTCTTTAACTTCTTTTGGCCAAGCGTTGTTAGATGTATCTACATCAGCTGTTTCTAAATCCGGATCCACCATAACCCCAACGATTTCTTTATTACTAGCTATAGCTTTGCTAACTTCTTTATCATTAAGTCTCCAAATTTGAGCAGGGTATGTTTCTCTTTTCTTTGTCCCATCGGCATAAGTGTACTCTACAATAAGCGGCATTACCAATCCTCCTGGCTTGTTAAAAGTCACTTCATAGAAAAACTTAGGAGTTTCTTTCATTTCTTTTTGCTCTGCAGGTGTAAAGTTATCCATAATATATTCTTTTACCGTAGGTAAATTATCTATAGCAACTCCATTTTTAATACTCTCATCATAACCTTCAGATCCTTCTTCTATAAAATAAACTAAATCTTTAGGATCTATATTATTACGTTTTGCGATTCTATTTCCACTTTCGTTAGGCGTAGATGTTACAGCAAACTTTTTCACTTCTTTAATTCCTATATCGGTGTAGTCTGTACTATAAAACCAACCTCTCCAAAACCAATCTAAATCAACTGCAGATGCATCTTCCATAGTACGGAAAAAATCTTCTGGTGTTGGATGTTTAAACTTCCATCTATTAGCATACTCACTAAAAGAGTAATCAAATAAATCACGCCCCATGATAGTCTCTCTTAAAATATTTAATGCTGTTGCTGGTTTACTATAAGCATTATTACCAAATTGGTAAGTATTTAAACCTTTAGTCATAATAGGTGCAATGTAATCTTGATTACCGCCCATATATCTCACAATATTTTTAGCAGGCCCTCTTCTTGAAGGATATGCTTTATCATTTGGAGACAAAGCGCCAGGATGCCATTCTCCAAAATCCTGTTCTGCAACATATTGCGTAAAAGTATTTAAACCTTCATCCATCCATGTCCATTGACGCTCATCGCTATTTATAATCATTGGAAACCAGTTGTGGCCAACTTCATGAATAATAACACTAATCATTCCGTATTTTGTTCTATCAGAATAGTTTCCTTTTTTATCTGGACGACCATAATTCCAACAAATCATTGGGTATTCCATACCTTGCTGTTTAGCATGAACAGAAATTGCTTTATGATAAGGATAATCGAAAGTCATTCTAGAATACGACTTTAATGTACTCGCAACTGCTTTAGTTGACCATTGCTCCCATAAAGGGTTTCCTTCTTTAGGATATAACGACACAGCCATTACATCTTTATCTCCTAATTTTACAGCCATCATATCCCATAAAAATTTACGAGAAGTTGAAAAACCAAAATCACGAACCATTTTAGCTGATAATTTCCAAGTTTTTTTCTTTTTACTTTTAGACTTTTCTGCTTTTTCAGCTTCATCTTGTGTAACGATCATTACAGGTTCGTCGTATGATTTCTTCGCTTTATTATAACGTTTCATCATGTCTTTTGTAAAGACCTCTTCTCTATTAGTTAAGACACCTGTTCCGTCTAAAATATGATCTGCAGGTACAGTTATATTTACATCAAAATTACCAAATGGTAACGCGAATTCATCACGTCCCCAAAACTGAGAATTTTGCCATCCTTCTACGTCATTATAAACAGCCATACGGGGGTAGAACTGTGCAATTACGTAGGCACGATTATCATTTTCCTCAAAATACTCGTAACCAGAACGTCCGCCATCCTTAACGTGATCATTTATATTGTACCACCATTTAATCTGAAAAGAAAATTGGTCTCCAGATTGCATAGGCTTAGGTAATTCTACACGCATCATTGTACGATTTATCATATGAGCTAAATCTTTACCTTTAACATCTTTTACCTCATCGATATGAAACCCTCCATCGAAAGATTCTTTTAAATATGATGTAACAGCATTAGAAGACGTAGTTACAGGACGTACAACAGAATTACTAATTAAAGGTGTTTTAGAATCTTTAGCACGCACATTCTGATCTAACTGTACCCAAAGGTATTTTAATTCGTCTGGAGAATTATTTGTATAGGTAATCGTTTCTTCACCATATAACTTGGCTTTGTCATCATCTATTTCGATGTCCATTTTATAATCAGCTTGCTGCTGATAGTATCCTGGACCTGGCGCACCCGATCCTGTTCTAAACATATTTGGAGTCGAAAACTCTTCATACAGTTGCTTAAATTTGTTCTGATTGGTGTGACCTTGCTCGCGTTCTGTAGTTACATCGTCTTGTGCAAAAGAGTTAAATGATGTAAACAGCATAGCACATAAGAAGTACTTAAATAATTTCATAGTTGTAGTTAGTGTTATTAAATATGATGCCTAAAATAATAATTTATGATGGCTTTTAGCCTTTTCACTAAAAGTTTAACAAGCAAGTGTCATTTTCTGGCACGAGTAGAAAGCTCTTGTTTTTGTTTAGAAGTTTTAATCTAACAATATTCTGTTGACTTGGCA
NZ_CP058981.1_gap24	1072321	1073506	1185	CCTTCTACTTCATCATTAGCTATGAGCTGACCATTGATTTCTTTGGTTTGCGCCTGAAGGTTAAGACACAAAACAAATGTTAAAACAAGTATTGTTTTAATTACCTTCATCTAATTGAATTTTAAACATATTTAATTTTTCTAAAAGAAAATGAACTTTATTTATTTTATTTTCATCTTCACAAATCACACTAAACTGAATATCTTCTAAACAATATTGAAAAAATTCGTTTTTATGTTTTTCAGGAATTGAAATCGCTTCAAAAATAGTACTCGAGTACTCGGATTGTAAGAAAGAGATACAAGCTTCATTAGATTCCATCAAAACTCTTGCTTTATATTCTTTTGTATCTCCATTAATTCTATTCAATATTTTATGAACATTTATAGACAACCCTATGCCATAATAATATACAAATTTACCATGGTCGGCATCATACAAACGTTGTTCGTTCTGTGTTGCGGGTAAATCTGTAGAGCCTGGAATTCCTAAATCGTAGAAATTAATATCTGGTTTAATATTTAAATTTTCTAAATCTGATTGTAAACTACCGGTTAAAATTTTACCGACAACAACTTCATTTAGTTCATTTACCTTTTCAATAAGCAATACATTAAATTGACCTAAATTTATATTTGAAAGAGAAATAACAATCTCTTGTTTTTGATATTTCACACCTGAAACAATAATGGTATCGGATACTTTTGCAGGAATCACAAAACTTCCATCCTCATTAGATATCGTGTATTTTAAACCTGTTTTGTTAAGGATATGAAGTCCTTCGACCTCATCACTAGCTATGATTTGACCATTTAAGTCACTTCGTTGCGCATTAATAAAACCAGTAATTAAACAAATAATGATTAAAACAGGTTTACTCTTTTGCATTATTTTCTTTTAAGAATGCTTTACTCAATTGAGAAACACGCTCTAAAAGTTGCATTTCTTTACCCTCTTCAAATAATACCTCATCTACACCTTCTTTTTCTACAAAGTCTGTAAATGCTTCAACTTGCTCTAAAGGAATATCAAAATTATTATGAATATAATTTACACTATAGGTATCTAAAGCTTGTTTAAAAGGAGTAAGTTCTTCTAATTTTCCTTTTTTAGATTTTGGTTTTTTAGTATCTAAATCGACAACTTGTTTTAATAAAAAGCCTGCTACATTAACCAAATCTAACA
NZ_CP058981.1_gap25	1241795	1244933	3138	TACATGTATGTCGTAAAACGAAGCCCATCTTACAGTGGTAAGCGTGTAAGTTTTCAGAATGAATATATAAACAAAAATGTTGAATTTGACCTTTACGCTCCTTCTAACTTAATTTTTAAATTTAAGAGTTATAATGGATTGAAAGATATTGAAACGGACACTATAATTGAAACCAAAAATCATTGGTCTTTAAAACTCTCTGAAGTAAAAAAATTAGATAACGAAACACAAGCGCTTTATTCTGCTAACCGACAATTTATAATTTATGCCTTAGACAGCAATACGGCCAATAATACTAAAGATATTACTTCATATAGTTCAGTTGCTCAAAACTTGTATGACTTCTATCATGCAGAACTCTCTAAAAAAACTAAAAAAGCACTTATTAATCTTATTAAAGACCTAAAAATTAAAGACGATGCTGATTTTGATACAAAAATTAAAACTATAGAAAATTACATTAAAACAACAATCTATGCTGCAGAATATAGTAGTGCCAAATTATCCGATTTAGAAACTATTATAAAAGATAAAGTAGCAAGTGATAAAGGCTTATTAAAACTATATATCGCTTTATTTAATGAGCTGAATATAAAACAAGATATGGTGATAACTTGTAGTAGAGAATTTATGCGTTTTGACAAAGATTTTGAAGCTAACATTTACCTACAAGACATCCTTATATACTTTCCTAAAACAAAAAAGTATTTAGCGCCTAATGAAAATGATTCGCGTTACGGTTTTCCTCCTGGTTACTTAACCGATACTTATGGCCTTTTTATTAAACAAGTTAAAGTTGGTGATTTTGTTTCTGCTGTAGGAAAAATTAAAACTATAAAACCTGTTGATGCATCACTATCTAAAGACAACATGGTTATTGGTGTTAATTTTGACACAGAAGATATCTCAACAACAAACATAACATTGAGTAGAGCAATGTCAGGATACTACGGCATGTTTATCCATCCTTTTATAAATTTAGTTAAGCCAGAATTAAAAAAAGAGTTAGTAGAAGGGTTTGCTAAAAACTTAAATGAAAGTGTCACTATTAATGATTCTAAAATAGATAATGACAACCCTGATTTATTCGGAATAAAGCCTATTATTTTTAATGTCGATTTTACATCAGATGCTTTTGTAGAAAAAGCAGGTAATAAGTACTTATTTAACGTTGGTGCATTAATAGGATCTCAAATGGAACTTTATCAAGAAAGCGAAAGAGTTTTACCATTAGAAAATGAATTTAAACGTACTTACGAAAGAACAATAAACATTAAGATCCCTAAAGGATATACCATTGCAAACTTAGAAGATATTAACTTTGATAATGAATATATTGAAAAAGGAAAAACAATATTAAGTTTTAAATCTTTTTACGAATTAAATGATAATGTTCTTAAAATCACAGCAGATGAATATTACAAAACCAATCACATACCTGTAGCTATTTATGAAGACTACAGACGTGTAATTAATAGTGCAGCTGACTTTAACAAAGTAACCTTAGTGTTAGTAAAAGAATAACATAATTACTTAACAGACTCGCTTAATTTAAGTTCACTTGGCACCATAATAGTTTGCAATTCTAAATCTTCATTATTGATATTTTCTATCAATAATTTAGTAGATATTTCTCCTATTTTGTGTGCCTTCTGATGTATAATTGAAATTTTAGGACTCGATAATACTTGAGTATGCTCATAACCAAAACCAACAACAGATAAATCTTCAGGTATTTTTATACCCAATTTTTTAGCCATATTAATGGCAACAATTCCAGTAACATGATCAATAGACAATATAGCGTCTATTGAAGGGTTCGCTTTTAAATATTTACATATTTTTTCTTCAATATCCATATCAAGCGCATTATCTAAATTTAGAATATTAACGTCAAGATTATGATCCTTAAGAGCCTTAGTATACCCTTCAATTCTTAGTTTTCCTACGCTTAGTTCTTCAATATTACTAACCATAAGAATATGCTTTCTTTTGTCATTTACAATTAAATGCTCAGTAGCGTTATATACAGATTGAAAATCATCTACAATAACTTTATTACACTCAATCTCCTCAACAATTCTATCAAACATTAAAACAGGTTTCTTACTATCTATAGTAGAGATGATATGATCGACTTCTCCCTTTACTTGACTCTCTCTTGCTACGGCAATTATAAAACCATCAACACTGCCATTGGCAAGTAATTCTAAACTTCGCTTTTCCTTATGTAAAGTTTCGTTTGAAAGACAAACAATAATATCATAACCACTTCGGGTAGATTCCATTTCTATACCGTGCAATACTTCTGCGAAAAAAGGATTTGTAACCGTTGGAAGAATAACACCAATCGTTTTAGACTTGTTTGTTTTTAGCTGTTGTGCTATTCTATTTGGTTTATAGTTTAGTTTAGTCGCTAATTCCTTGACACGTACTCTTGTTTTTTCACTAATTTCATGGCTATCATTTAGTGCCTTTGAAACTGTTGAAACCGATATATTTAAAAGTGCTGCTAATTCTTTAAGTGTTGTCATTATTTAAGCTTTTTCGTTAAAATAAAAAAGAGCGTATAATATACGCTCTTTAATATTAGTATTAACAATTATTTAAACTAGTTTTTTACCAGTTTTATTGTTTTAATTCCATTTGCTGATATAATCTTAGCAAGATAAATTCCTTCATTTAATTCTGAAGCATTAATTACAACCTCAGCAGAATTAGGATTTAAAGATAGAACTTGTTTACCTAAGATATCAAAAACTTGCACTAAACTAATGTTTTGATTGTTAGTTTTTACATTCCAAACTGAATTTGTTGGGTTTGGATATACACTAACATTTCCTAATTCAAATTCGTCTGTACTTAATACCGTTGGTGCTCTATATACATATAGGTTATCATACCAAACTTTACTAGGAAGGTTAGAAGTGATTCCAAACTCTTTAAAACCAGTAAAAGTTGTTAAATCAACAGGGATATCAATTGACATCCAACTACCAGCTACTAAAGCAGGAGAAGAACCAGCATTTAAATTAATTTCGAAAGCTGCACCACCTGGTTGGTTTACAAGTTTCAAATTAAAAACAGAAGAAACTAAATCAGTACCAGCTTCAATGTATACATCAACATGTAAATTAG
NZ_CP058981.1_gap26	1267964	1270287	2323	AATTGTAATCACTTGAAACGTTATTTGGACCATAATATGCTAAAGGTGTAAAGCTTTTCCCTACCTGATCCCATTTTGTATAACCAAAACGAGAAGTTACTTTAAGGTTTTCAAGCACATCATATTGTAGTTCAAACTTACCATATAATTTATTTCCGTTACTTTCATTATGAGTATCTTGTAATCTCTGAACGGGATTAAATATTTCTGATAATAACAAGTTACTGTATCCATAAGTCGCAAAATCATTTGGATCTGTATTATATACTGAAACCGTAGGATCGAAGTTTACTGCATTACCCAGAATTGAGTTAAATGAATTTTCTAATATTGATTTACTTTTTATGTTAGCATAACTTGTATTTAAAATAAACTTTAATTTAGAAGTTAATTGAAAATCTATATTAGCTGTAAAGTTTAATCTATTAAAATTAGATTTATCATCACCTCCAACAATACCCCCTTGACTTAAATAACCTGTAGATAAAAAGTAGCTTAATTTTTCTGAACCACCTCTAGCAGATAAAGCATAAGATGTAATACTTGCATCTTCAAAAATCTCATCTTGCCAATCTGTACCAACACCTAATGAAGAAATATCTTGAAAAATTATATCACCACCAGCAACAGTACTACCTTCATTAATTAAAGCAGCATATTCTGAAGCATTTAATAATCCGATTTTCCTATCCACAGATTGAATACCAGTATAAGTATTGAATGAAAAAGATACTTTCTCATTCTTTCTACCAGACTTAGTTGTCACGACAATTACACCGTTACCACCTTTAACACCATAAATAGCAGTTGAAGCAGCATCTTTTAAAATATTTAATGATTCAATGTCTGCTGAATTAATAGAGTTTAAATCATCCAAACTTTGAGGTATACCATCAATAATAACGACAGGGTCTGTACCAGAGAATGAAGGGATACCACGCACCAAAACTGTTGGCTTACTTCCTGGTGAACCACTTTGTACAACCGAAACCCCTGAAGCATTACCTTGAAGTGCTTCCTCTACCCTTGTTGGGTTAAGTTTTTCAATAGATTCTGACTTAACAGTTGAAATAGCACCAGAAACGTTAGTGACCTTCTGTGTACCATAACCTATAACAACAACCTCACTAAGAGACTCCGTGTCTTCTACTAGAGATATAGTTAATGGTTTGTCATTAATAATAGTTATTTCTTGAGGTACAAAACCTATATAAGAAATTACTATTATAGAATTCAACGATAAATCTGTTAACACAAAATTACCATCGAAATCTGTTGTTGTTCCTTTTGATGTATTCTTAAGGATAATGTTTACCCCCGGAAGTGGTTGCCCTGAAGCACCTTCAGTAACCGTTCCCGTTACATCTACATTTTGCCCATTTACTGCCATTGTTAAAATGAAAGCAAAGAGCGCGAAAAGTTTTATTTTCATAGTTCTTAGTTTATATCATGCAAATTATAACATTTTCTTAACGTTATCTTAAAACTAAACACTACAAAAAACATACAAACTAAAAAAAAGCAGATAAAAATACAGATATCATATTAAATACGCTCTTATTTTAAGGTATCTCTATTCTGTTTCATTAAAAATACGATTCGCAATCATTCCTCGAAATAACTAATAAACAAGAAATGTATAGGCATTGTATAGGTTAAAAAAAATATTGTATAGGTGTTATAACTCAATAATATAGCTAGATAAACTATCATCATGGCTTAACTCTAGTTTTTTACGCAAACGATAGCGTTTGACCTCAACACTTTTATGAGAGATATTAAGAAGTGGTGCAATTTCTTTTGAAGAAAGGTTTAAACGCAGATAAGCACAGAGTCTTAAATCACTTGCCGTAATAGAAGGATGAAGAGTCTTTATTTTTTTCATGAAGTCTTTATCAACATTATTAAAAGCTTCTTCAAACAATTTCCAATCACCTGTATTATTTATACTTTTATTAATACGCTTAACAACCTTGCTAACATCGGCAAGCGATTTAGTTTCACTTAACTCATCCTTAATATTACTTAACAACTCATTTCGTTTTACTAAGTTCATAGTTGCCATACCAAGCTCCCTATTTTTATTTTCAATATCTAATTGTAGATTTTTATTTTTAAATTGAATAAGCTGTCTTTGATTTCCTAATTGTTCTAACTCTAGCTCTCTTTCCTTTTTTTCAATTACTTTAATTTGTTTTCTTTCGTAATGTTTTTTGTTATAGAAATATAAAATATACAAAAACAGAAACAATAAAATAATATATAATATTATAGCTATCAAACTGAAATACCAAGGCCTATTAATCGTAAAACTGTAAGACAT
NZ_CP058981.1_gap27	1328624	1330112	1488	AATCTATCATTTTATTAAATCGTGTAAAATCACTTTTGCTTCTACTGCTAAACTTAGATTGTGTTGAATCTATAACTTCTATCGTGATGCGTTCATTAGATTTTACAGTATAATAAATAGTTTCAAAATCGGGGTGCTTAATTATTAATTCGTCACCAATTTTTGCTTTAATATCAAAAGAGCCGTTAAAATCAGTAGTAACATAACGCCCCCCATTAACTAATACTTCTACATTTTTATAAGGATCTCTTGTCTCTTTTTCATACACAGAACCTCTAATTGTAAACGAAGCGTTATCATCTTCAGCATGCTCTAATTCTCGATTCTGCCCAAAAGCTAAAAACCCAATTAGAAAAAATAGGATTGTTATATAATATGTTTTTATAATTCTCACTTAATTATTTATTAGTCGGACTAAGCTACATACTTTATTTGGTTTCAAAAAATGAGTACTCCGTAATTAGTTGCCTTTTACGTGTAAAATAACCGCTTCTACTAAATTTATAAAGCTTCTCACTCATTGAGAACACAACTTTACTCATTCTGACTTTTACACTCTCTATTTTAGACTGAGCTTTACACAATAAATCAAAAACAAAATCTCATGAAAAAAAGTAATTCAACCTTTCTTCTATTATTATTTAGCATCACTATCCTTTTAGCACAGCACAAAGGGAACTATAACGAAATCACTCAAGATATCTCGAGACAGAATATATTAACCTCCGGGAATGCTCAAATTTACAACCCTACAGTTAAAAAACAAATACATCAAAATTTACAACCAAGTAATGTTTTAACTATTGATGTAAAAGCACTTCAAAATGTAAGTGCAACAACATATACTGCTATTTTTAATGTCTCTCAAATAGGCCCAACAGCAGAGAAAACAAACCAATTATTAAAAAAACGAATAGACAGTATTAAACAGCGATTAAAGACCAAAGGCATCACGGAAAACAATATTGCCATTGATGTTATTTCTTTTGTTCCTATTTATGAGGTTGAAGTGACTAAGAAACTATTCAGTAAAACCTATACAGAAGTCCCTAAAGGATTTGAATTGCAACAAAACATTCATATTCAATTTACAAAAACCAATCAATTTGAAGCCATCTTAGAAGCTTGTGCAAAAAGTGAAATCTACAATTTGGTTAAAGTGGATTATTATATTGAAAACATACAAGAAGTCTATAAAAATTTACAAAATCAATTGTTAAAACTTATTGAAGAGAAAAAAGCTTATTACAAAGTTTTAGGTTTTGATATGGCAACTTATAATGTAGCTATTGCAGACGATAAATACTGTTATTTCCCTAAAGATTTCTACCAAAGTTACCAAGCTTATAATAGCATTTCTATTGAAGCTTTAGATAAAAACAAAGGCGTTACAACAGCCAAAAATCAAACCTCATATTATTACCAGCCCTTAACCTATGAAAATTATGATGTGGTTATCAATCCTTCAATTTTAGAACCCGTTGTTCA
NZ_CP058981.1_gap28	1331241	1334588	3347	CTGAAATTAAAGCTTATGTTGAAAAGAAAAGTGAAGTTCGTAAAAGCTTACAAGATGAAATAGCAACCTTAAATTTAAAACGACGTGAATATGTAGCGAAACAAGACAAAGACAATTCTAGTAGTTTAGAATCAGCAATGCTTAAAGCCTTAAAAACACAAGCAGAAAATAAAAATTACAAATGGGAATAATCATCTATTAAGACAAAATAAAAGAGGCTCAATTTTCATTGAGCCTCTTTTATTAATTTTAGTTATTACTATCCTAGTTTAAAGCAGGACAATTACACTCATATTTCTCTCTTCTACAGTTAAAGTTAAATCCTAATGTTAATTGGTGAAAACCACCTGTATTAAAATTCACTGTATTTGCTTGGTAAGAGTACGTATATGCAAAAACAAAATTGTTATAATCTACCCCTATAAATGGAGTGATATATTGTGCTTTTTCGCTATCAATACCAGATCCACTTTGAAATTCAGCAGCATCGAAACTACGTCTATAAGATAATCCACCCCAAATTTTACCAAAATCCATTTCTCTATATACTTTAGCATTAAAATCTATTGAAGATTCTTCAGTTGCATCTCTATACATATACATAAGTGAAGGTTCAATACTCCAGTCACTACCATATCTGCTAAATGTATAACCAGTAGATGCTAAATAAGTTCTTAAATTATCATATTCAAAACCGTCAAGTCCATTCCAATTAATACCTTCATTATTTAGAATATTTTTAGCCGTAAAGTGTGCATAAAAATCTACGAACTGGTAAGAAAAGCCAAAATCAACATTAAAATTTGTAGCACTTTGTTCAATACCAAAAACAGCATCATCAAATTCGCCTGGAGCTAACCAACTTGTTTCATCTAATTTGTATTGTATAAAACCTGCACTTAAACCAAAAGATAACATATTTAAGTCAATCTCATTTCTAGAAAACATCAAATGATATGCAAACGTAGCATAACCACCAACTGTAGAATGATATCCATTAGAGTCATTAAAAATAACCCCTCCAACAGCAACAGGAGAATCACCTATTCTTCCATTAATACTTAATGTTTGTAAACTAGGTGCATCATCTACTCCAAACCACTGCTGTCTTGCCGTCATTCTTACTTTTGCACAATTTGCAACCCCAGCCATAGATGGATGAATTAAATAGTAATTATCTGTTAAATAATCAGAATAAATAGGAATACCTTCTTGTGCAAAGCTAAAATTTGCTAAAAATGCTATAAATGCAACTAAACAATACTTTTTTAATTTCATAATTTTTTATCGTTTCAATGTAAAATGAGCTTTAAATTCTTTGCGTTTTCCTGTGCTTGGCTCATCGTATTCTACTGTAAACCAGTAACCATCTGTTGCCATCGCTTTACCATTATACGTTCCGTCCCATCCATCACCATCTGGACTTAGTTGTTGTAATAACTTACCGTATCGGTCAAATATATAAATTTTTGCATTACTACCAACACCTTCAATGTTCCAAGTTTCATGATTTCCATCTCCATTGGGGGTGAAATACAATGGATAATCTAGCACAAACTTAGATGATGATCTCAATCCACATCCGTTTCTGTCTCTTGCAGTGATCTCATGATCTCCTGATGATACGTTACTAAACACACCTGAGTCTTGCCATGGACCACCATCTAAACTATATTCATAGACTCCGATCCCTACAGCTATGGCTTCTAAAACGTGATTATCAGCAAAAGCTTGTGTTAAGAGATCTATTGTTATACTTGGTGGCTCACTTTCTATAACTTCTGTGCTATCACTGATAACGCAATTAGTCTCACTTGATGTACTGATATCAGTAACATCAACGCTATATGTTCCTTCTTCTAATGGAACTATACTTGATCCTGTTTCCCCTGCCATTTCTACTGCATTAAAATACCATACAAAACTATAATCTGCAGCTGATAAATAAGTATCTATAACCAAAGGCTCTAATACTTCTGTGTCATTAGTGTTTATACAAAGAATATAACGATCATCTAAATCTAGATTTGGTAATGGATTAACCTCTAAAGTTAATTCTGCTACAGCATAACATATAGAAGTGTCGTTACCTGTAGTTGCATCTGGAGTATCATTATCTACTCTTGCATAAATCACTTGTGGATTTACCGTGTTTTCATACAAGGTTGGTAATGGATTCTCTTTTAAATCCGCATCTTCTTGAGTTCCATAATAGGTTACGATATAATTTAAAGGATCTTGAAGATCTAAAATATCTTCATCCATCGTGGTTAAATCGAATTGAGCACTACCATTGGTGTAATCCCCATCAATTTCATCATCACATATTTCATATAATATTGGGTTCATATCTGGATTAGCTTGTGCCGCCTCATCAACTTCAATATAAAAACTCTGTGTACTTATTGAACAACCTGTTACGTTATTTGTGATTGTAACAAAGATTTCTTGTGGGTTACTTGTATTATTATAAGGACTTACTAAGCCACTTACTCCTGCTTCTGCATCAGCTAAACTTTCGTGATAACTTACTATGAATTGTGTTGCGTCTTGACCGCCTAGTACTTCTTCATCTTTTGTTGTTAAATCAAAACTATCAACCCCATCAGTAAACAATTCACATTGTACAATATCTGTAACAGGAACTACTGCTGGTAAAGGATGCACTACAATAGTAAAGTCTACTAACGAATAACACCCTGTACTGTTTCTTGTTATTCTTACATAGATTTCTTGTTCTGGCGTATCTATATTAGTGTATTGTGTTGGATCTGGTATTGCATTATATTCTGTATTCGCATCTTCTTGAGTTTCATAATAACTTGCCGTTACACCTGCTTCTCCGTTTAGAATTAAAACTTCATTTTCTGTTAAATCAAAAACCTCTACACCATCTCCTGTATTTACATCATCACATAACTCGATGTTTGGAATATCTTCACTTGGTGTTGGCGTTGGATTTGGTAATACACGTATAGTCAGTGTTACATAATCTACACAACCTGTATTTGTATCTGTAACTACAGCATAAAGCGTTTGTGGATTCGCATCTAATCCATCTACAGATGTATTAGTATACTGCGTTGGATCTGGTATCGCATTGATTTGAGACTGTGCATCAGCATTAGTTTCATAATACGTTACCGATAAACTTCCATTATTACCTGTAATTTCATCATCTTTTACTGTTAAATCAAAAACTGTAAACTCATCACCTGGTGTTTCTCCTAAATCATCACATAAACTTAATTGTGTTGGCTGGATTGCAACAGGTAAAGGATTAACGATTAATTCTAAACTTGTTATTTTGTAACATCCTCCAGCACTTGTATTATATTCGACTCTTA
NZ_CP058981.1_gap29	1336241	1339102	2861	TTGCTATATCTGGAACAGCATTGACTGTAGGATTATCCCTAAACTCAACTAAAATCGGATCGGAAGCTCCAACGCAAACACTGGCATCAAACTCAGCATAATAAATTCCTGGTTCTGTAACAGTAAGTGTTGTAGATGATTCACCAGGTATTAAAACATCATCTTTATACCAAATATGAATTACCTCTTCTGGAAGACCTGTATCTAAAATAACTTCTTCCCCATCACATAACGCATTACCTGATGCTATCGTAATATCTTCCCCTAAACTACCTCCTAAATCAAAACTTCCTGCCTTAATAAAAACTCCTGAATCATATGAACTATCTCTATCGTCTGCAATCACTAATTTAATCGTATATACTTCATTTGGAATCACATCTGCGTAAGCTAAAAAAGGTACTGTCCTTCCATCAAAAGCAATAGGCGCTCCATTTGATGGGGTATATACATCAAAAAGTTCTTCATTAGCACCACCACAATCTTGACCATTATCAGGATGAACATTGGTTACTAAAATAGGGTCTGTAGTATCAGGTATAACCGCTAGATTAGTTACATTACCTGATGAATCTGTTAACAAAAAAGCAAAAGCATCTGAATAATTACATTCAAATGACCCCATATCGTATTCTTCAGAAGCCATTAAAAATTCAAATTTTATAGAATTTCCTATAGGTATAAATGTAAATTGAATATAAGTAGCGTCATTAGAATCCACCCCTAATAAATCATCTAAGTCATCATCACCAGCCCAAGAACCATCACTTAAAGTTACATTATTAGGACCACCAGCCCTACTAGCATCACCACTAGTTAACAATAAACCTTCTTCAAAGAAATCATCATCCCCATTACTAAAAAAATAACCTATACCATTTGGGTCATCAGGATCAAGTGTCGACCCTGTTGAGTACTCGATATCAGAAACAGAAGCACACGGACTGTCTATTAAAACATCTTCAATCAATTCTTCTACAGTAAACATATCTTGGTCTACCACAAGATTAGGCCCTAAAACAAAAACCGTAATTGTATCAGTATCTGAACAACCTTGGGGATTAGTATCCGTTGCAGTAAGAGTTACTATATAAGTTCCTGGACTTGTAAATGTATTTGTTACATCTGCTCCAGTAGCTATATTTCCATCATCAAAATCCCAACTATAAGTAGCTCCTGTATCATCTAAAGAAAATGTAGCACTTCCTGAGAAATCTACTGTATCACCCGGAAGTACTCCTATTACCCCTGTTGCACTAGGAGCTGGAGTTGTGCTATCAATTGAAGCAACAATATCTTGACATGCTGTTGCACATAAAATCTCTGCAACCCAACCATCAGCAGTCCCAGAATCATCTGAAATAAACTCAACAGTTAAACAACCAGATGTATTAGAACTCGATGCACTAACCTCAAATGGATTAGTAGCCGGAATATAAACTACACCTGAGTAACTTCCTAATAAAGGTGCAGAAGTATCATCTCCATCATAAATATTCATTACATCTTCTGCTCTTGTCCAAAAATATGTAAAATTAAGAATCGTAAACTGATCTGCATTTTCTGGGCAAATTGTAGTTATAAAATTCTCACCATTACCGTAACCAGTATACTGTGTTCCTGAGTCATAAAACATATTTGGCTCACAGCGCAGAAAAACTCCATCTTCCATGGATACGTCTTGAGAAAAACTAAAATAAGAAATAAATAAAGTTAAGAATAGTAATGTTTTTTTCATAAAATTCTGATTAATTATCGCTGGTATTGCCCAATGAGTTGAAATAATAACAAAAAAGCAACTTAAATTTGACACGAAATTTAAACAAATAATATTAGACACATAGAATTTAATAGATATAAAACATAATCTATAGGATGAAGGTATCAATATGATATTTCATACTTTTGCTAAAAAAAATGTTAGAAACAAAAATATCCGTAGTATCAACATCTAATGATGCAATCAAGAAATTTGAGGCCGACAGATTCTTAACCAATCACAACAGCTTCGAATTCAACAATATAGACGACGCTAAAAACTCTCCTTTGGCTCAACAATTATTTTATCTTCCATTTGTTAAGAAGGTATATATTGCATCTAATTTTATAGCAATAGAACGCTATAATATTGTTGAATGGAAAGATGTAGAAAATGAAGTTGCACTTCAGATTGAAGAATATTTGTCTAAAAACGAGGTTGTCGTAATAGAAGATACATCAAAACCTAAAGCAGCAGTCACTATTTATGCAGAAAGCACTCCTAATCCTGGAGTTTTAAAATTTGTATGTAACAAAGTACTTGTTCCTAATTTATATGAGTTTAAATCTATTGAAGAAGCAAAACCATCTCCATTAGCAACTGCTTTATTTCAATTTCCTTTTGTAAAAAATATATACATGGAAAAGAATTTTGTTTCAATCACAAAATTCGACATTATTGAATGGGAAGAAGTCACTTTACAATTAAGAGAGTTCTTAAAATCTTATGTTGAGGATGGAAAAACTATTTTAAATGATGATGCCCCAAAAAAATTAGAAAAAACAGAAAAAGCTATTGAACAAAAATTTGAAGCTTTAGATGATACTTCAAAAAACATCATTAATATACTTGAAGAATACATAAAACCAGCGGTTGAAAGTGATGGTGGTAACATTGAATTTATATCTTATGATGAAACTTCAAAAGAAGTAAAAGTATTATTACAGGGTGCATGTAGTGGTTGCCCATCATCTACTTTTACTTTAAAAAACGGTATTGAAAGTATGTTAAAAGAAATGTTAAATGACAATTCGATCATTGTAAACGCTATAAATGGCTAATTTTTTCTATTTTTAAGTGACAAATAAAAAACTTTAGTGTC
NZ_CP058981.1_gap30	1345721	1350222	4501	TCTTTAACTACAATAAGCATAATATTACTGATACCAATAATGCCAGACATTAACACTAAAGCTCCAACAAAATACCCAACAAAAGATAATATTGAAAACAAACCACTAACGCGTTCAAATTGCTCGGACAGATCAAAATGTCCGATAGCACGATCATCTGTTGGGTCTACTTTATGCCTAGATTTCATTAAATTAAACACTTGTTGCTTTAAAGAGGTAATAGTAACACCATCTACAGCTGTTACAGCCATCCAACCTACATTTTCTCCTCTATTAAAAGCTTGACCAAATGTGGTAAAAGGTATATAAATGGTACTTGCATCTTGCTCTTCATCTCCTTGACTATTACTCATTTTAAAAGTACCTACAACCAAAAAATTAACGCCATTTACTTTAACGTAAGTTCCTAAAATTTCTTCTCCTTTATCGTAAAGTCCATTAACTACACCTGTTCCTATAACACATATTTTACGCTTAGCATTAATATCTGAATAACTAATAAAACGTCCTTGAAGAATATCTAAAGGTTGCTGATTAATATATTCTGGATAATCACCATAGATTTCAAAAGCTCCTGTTTTAGTCCCTCTTGTCACATTGTTAGCACCATTAAAACCACCTAATTGGTTTCGTGGTGATACATATTTTAAATTTGGAATTTGAGCTTTAATCGCTGCAACATCATCTATTTTATAACTAAAACTACGTCCTTTGGGCAGTCCTTTGTAGGGTTTAGATGTACTTTGGGTCCACATAAACATAGAGTTGGTAGCAAAATCACCAAAATCTGACATGACTCCATTTTTTAGCCCATTAGTCATGGCCAATAATAATACAAGAATTGTAATGCCCCAAAAGACTCCGAACGCTGTTAAAAACGTTCTAAATTTATTAGCATTTAATGCTTCAAGTATTTCTTCCCAACGGTCTCTACTAAACATATTATTCGTCTCTAAGTGCTACAATTGGTTTAATTTTGGCTGCTCTATAAGCAGGAATAAATCCTGCAATAGCACCTGCAAATACTAATAAAAAGACTGTAGTAATTGCGATATTAAAATCTACTTGTGGGTATTTTATAAAATCACTTTCAATTTGTGGTCCAACGAGTTCTAATAAACCTAATCCTAGGATTAACCCAAATAAACCAGAAAACATAGTTACAAAAATAGCCTCTTGTAAAATCATACCAACAATAGACATCGGTAAAGCACCTAAAGCTTTTCTAATTCCTATTTCTTTAGTGCGTTCTTTTACAATGATTAGCATAATATTACCAACACCGACAATACCTGCAATAATTGTACCTATACCAACAAACCAAAACACAGCACGTATCGTTGCCACTAAGGAATAAATTTTCTCTGCTTGTTCTAAGGTATTATTAACCCTAACAGCACTTAAATCGTCTGGTGCTACGGTATGAATTTCTTTGATTTTTTGCTCAACCCCTAAAGCTATAGCATTAGATCTTTTTACAGCTTCATCAAAATTATCAGCCATCTTAACGGTAAAGGCCATATTTCTGATATTTTCACCTTGATTAAATACTTTTTGTGCTGTAGAAAGCGGAATATAAACTTGACCTTCTTCCCGGTCTCCACCTGGGTCATAAAAAACACCGACTACTTTAAAGTTCATTCCGAAAACCTGAATATTCTGATTGATTGGGTCTTCACCTTTAAAGATATCTGTTTTTACTTTGTTTCCAATAACAGCTACTTTTTTGCTTTCATTGATATCAGATTGATTTATAAAACGTCCTGAGCCAATATCTGCATTTTCTATAAATTGATTATCTGGCATGGTTCCACGAACTCGGTAATTACCTGATTCATTTTTAAAAGTAACTGCTCCTCCCCAAATCATATAATCCTTAGTTCTGTATTCAAAATAATCACCGTACTGATTATCAATAGCATCAAAGCTTGAATTTTTCAATTGCACATAACGGCCTGGATTTAAACCTTTATAACTTTTAGTGGTTACACCAGTCCAAACAGAAATCTTATTTGTTGCATCTTGTTCAAATTGAGATTTTACACCATTAGAAATTCCTTCACTAAACCCTAGAAGAATTACCAAAATAAAAATACCAGAAGCTACAGATAAACCTGTTAAAAACGTTCTTAATTTATTTTTACTAAGTGTTTCAAATATTTCTTGCCAACGTTCTAAATCAAACATGTGCAGAAGCTCTTATTTGTTCTACTGGACTATCATCTATAATTAAACCATCTTTAAGATTAACGATACGCTTAGTCATGTGTGCAATATCATCTTCGTGAGTCACGATTAAAATCGTTTTTCCTTCGTCATTAATCCCTTGTATAAGCTCCATAACCTCGTAAGATGTTTTGGTATCTAAGGCCCCTGTTGGCTCATCTGCTAATAATACTTTAGGATCACTTGCTAATGCTCTTGCTATGGCAACACGCTGTTTTTGACCTCCAGAAAGTTCGCTTGGTAAATGATGAGACCATTGTGCTAAACCTACTTTTTCGAGATAATGCATAGCGCGTTCAGTTCGTTCTTTACGTTTTACACCTTTGTAATATAAAGGCATAGAAACGTTATCTAAAGCACTTTTGTAATTGATAAGGTTGAAGGATTGAAAAATGAATCCGAGAAATTCATTTCTATATTTGGCGGCTATTTTTTCATTAAGATTCTTAATCGGAACATTATCTAATATGTATTGTCCTTCATCTGCTTCGTCTAGCATTCCAAGAATATTAAGCAATGTAGATTTACCTGAACCAGAAGAGCCCATGATAGATACAAGTTCTCCTTCTTTAACATCAAAATTAATACCTTTTAATACGTGAAGTGAATTACTTCCCATATGGTAAGACTTGTGCAAATCCTTTATTTGAATCATAATGTAGTTAGGTTAGCGGATACAATTATTTTATAACTTGAAAAGTTTTACACCTACAAATTATGAACACCAAATAAACATTAAATTACACCTATATGTAGATATGAATGAAATGATTAGTTATACATAAGACGAATATCTTTAAATAATGTTACAGATATTAATCTATATTTTCTGAATTATCTGTCTTATTATATTTTCGATAAATAATAAAACCTATAGTAGCTACCAAAATATAAGGTACTGCCATTAAAAAAACGATACCATCATTTATACCTTCTGCTGCAGATTGATCTTCTCCACTCTCTAAAACAGCTCTACACATGGCGCATTGAGCATTAGTAGAGATAAAGAAAAAAAATGCAATAAGTGATAAACCGATTTTACGTTTCATAATTAAATGTAATAAGGTGAGATCATAAGATACACAATAACTCCCGTTATTGCAACATACAACCACATAGGAAATGTGATTTTTGCTATTTTTCTATGGCGTGCTCTATCATTAGTAATTCCTCTTACGTAAGTGATAAGCACAAACGGAATAATTACAATAGATAAAATGATATGTGTAATTAAGATAAAATAGTAGATGTATTTAATAGTTCCTTCTCCTCCAAAAGGTGTAGAATCACTTGTCATATGATATGCAACATACATTACAAGAAACACAACAGATGTCCAAACAGCAGTAGTCATTAAGCTTTCGTGAAGTACTACATTCTTTTTTCTAATAGCAACAAATGCACTAATTAGAAGTAATGCAGTAAACCCATTAATGGTAGCATAAATTGGAGGTAAAAATGTTAACGGTGCTACATCAAAACCCAAGTCTTGTAGTTTAACTCGAGATAAAATAGCTACTACAACAGGAATCATTATAGACAGCACAATAATCCACTTATTGTATTTCTTAGCTTTTTCAGTATCAATTGTATCCATATCCATAGGTATTGTAGCTTCTACAGCTAGTTAAAATAATAAGTGAGGCATATTACTCTTTCAGTAATTTAGCAATATCTTCTTTTAAGATAGTGATTTCTTGAGTAATACCATCATCATCTACACCAATAGCTTCTGAAATTAATCCATTATAAAAAATCTTTGGGTTTCCGAAATCATCAACTCTAGATCTTATAAATCCTTCTTTATCAATTAATGCAAAATTTCCCGAATGTTCAAATCCACCTTCTGCAGTATCATCTTTAGCAATGTAAAGATTAAAACCTTCGTTTGCTAACTTATAAATAACAGCTTCATCACCTGTCATAAAATTCCAATTTGGATTTGTTACTCCATATTTTTCTGCATAAGCTTTTAAAACTTCTGGTGTATCTATTTCTGGTGAGATAGTAAAAGAAGCAACTCCGAAATTTTCAAAATCTTTAAAATCTTCTTGAACATCTACCAAATTCCTGTTCATTATAGGGCAAATTGTTGGACACGTTGTAAAGAAAAATTCTACAACATAAACTTTACCTAAATAATCTTCATTAGTAATCGTCTTTCCATCTTGATTTGTAAAACTGAAAGCAGGTACTTTTTTAGATACTCCATTGATCTCTAAATATGCTAAATCACTTTTATTATGCTTAGCACCTTCTACTGATGAATTTAAAA
NZ_CP058981.1_gap31	1354968	1359938	4970	ATTCATCTAAAACAAATTGTCCATATAGGTTTACTTTATTATTCCATTTATATTTTGAAGATAATCCTAAAATAGCATTACCGGCACCTTGACCTGTTTGAAATTCTATAGCTCTAAAAAATATGATAGGATTTAAATAATTAACATCAAAACCTCTTCCATTTGAATTAGCCCATATTACAGATTCAAACAAACCTATATTTAATCGTTTAGAAACATTCCAACTTAAATAATGATTAGCCATATACTTAGTTAAAAATGCTTTATCATCTACAACTTCATCTCTAACATCTTTTAACCACATCCACGTGCTGGTATATTTAATTTTCCAAAATGTAGCATTCAGTTTTAAGTATGGATACGGACTTGAAACATCACTCTGCAATAAAGAACGATAACCATCACCAATAAAATTTTTACCGTGACCAAATTGTACATTTAAAAAGTCTGCTGGTGTATAAGACAAGTAAGCTTCTGCAACAGGGTAATCGTAAGCATCCTCTTTAAAACTCTTTGCTATTCCTCTACCAGGAATAATGGCTGGATCTGGTCCAAAAGCCTTCAAGCTCTCTGCATATTGATTAAAGTAATCCGCAAACCTACCTTGACTTTCATAAACCGAAGCTGATAAATTAAAACGTTTTCCTAATCCGGCTTGAATATTTACACCTCTTGTATTGTTCCAAGTGGTATTAAAATCAGCCTCAGTATCTTTTCCTACTTGTAAATCTAAAATAGGATCTATTGTAAACCAATAATCTTTACCTTGAACTTCTACTAAGTGCTCATTAAACAACTTTCTACCTAACCAAGAATCTGTATCTTTTACTAAGCTTTCTTTTTCTGCTTTAATATCATAATACCTAGCCACATCACTATAAACAAATGGTTTTGATGCGGTATGACTATTAGTACCAATAGCATTCATTTCGTCATCAAACCTTGCGTAATAAGAATGTGTAAAAGGAATATTTAATTCACTACTATATTCAAGTTTCTCATAGGCTTTCAATGCTTTATTAACATCATCAAACTCACTAGACAAAGTAAGATTTAGAGCTTCTTTTTCACTTAACTCCTTTTCTTCTTCAACAGTTAGCTTTACAACCTTTACTGGCTCGGTTAATGGAATATTAATACTAATACTGTATTGAACAAATGTTGGAATACCATTATAAGTTGCTGGTTTTATTTTTGGGAGTGAATCGAAAACACGTTTGCTTTCAATTTTTAATTCATCATAAATAGCATCTATGTATAATGTTCTAAATTCTCCTTCTTTATTAACTTCAAATAAAACTTTAATACCCCCCACATAAGACTCATCAATAACGATTTGAGGTGTTTTAAAATTTTTATAAATAAAACTATTCAAATTGTAGTTGAAACATGATTTTAATTGATCTACTTCAACCGAGTTACATTCCTTAAATACTGGAGATTTCTCGTATGACAATAGGGTTTGAGCATAATCATAAGTGGTCGTTAATAAGATAACAAATAGCACAATGCGCTTCATATAATACTAATTTTTAATGGGCGAAAGATACTTATTTTTTTTAGTAACCATCGATTCTATTTAGGCATAAAAAAACCGCTATATAGAGAATAGCGGTTTCTAATTATTTCTGTTAATTAATTTCTAACTTGATATGTTATAGGAAGAGAATACACTACACCTACAGGAACATCACCTTGTATTCCTGGTTTCATTTTAGGAATCTTATTAATAACACGATTAGCTTCTTTTTCTAAAACAGGATGTGGACCTCTTATTTTTATATCGGTTACATTACCTAATTTATCAATTGTGAATTGGGTAAAAATTCTTTGCTTACCAGATAACCCGTAACCAGAAGCAATATCTACATCAAATCTTTTACCTATTAATTTATTAATTTTATCTGACATACATTTTTTACGGCCTTCATTTGTCTTACGTTTTTCACAACCTGGATATACAGGAACTTTCTCTACGGCAACAAAATCGACAATAACATCATCTGATGTATCTACATCTGGTACATCACCTAAGGTAAATGGGGTTTCAACCATAGGCTTATTGCTCTTTGGTAAATCGATAACATTTTGAACAAATGGATCATCGTCTTTAACAACCTTAACTATATCGATTAAATCGCTACTAGGCAATTTCTCTATAGTTTTTGGTTTAATTACCTCAACGATGTAGGGCGGCACATAATCGATTGTAAGTTTATCGACCTCAACTTCTTCTTCAACAAAGTTGATTTTCTTTTCTTGAAATTGCATTTCAAAAAGTGCATACGTACCCAATAAACAAAGTATCAAACCTATTTGGAAATAAAGGCTTGAGTTTTTTTGTAAATTTGCATCGTGCTTTTGTGATTTTCTCACCTCAGTAGTACTCTGACCAGTACCGCTGAATTCTTTTTTAGAATTTTTCATAATATGATTTTAAATGTTAATATTATGATAAAATCACAATAAGCATACCAAAACGAAAATCCCGCTCAATTAATTTTGAACGGGATTTTTATATTAGAAAAAATTCTATTTTATTCTTAGTCTTGTACTTGGAATACAATAGGAATAGAGAATGGCATAACCACTGCTTTTCCTCTTTGTTTACCTGGTTTCATTTTAGGTAAACCACCAATAACACGTTTTGCTTCTTTCTCTAATCCTGGGTGAGGACCACGAGCTACAATATTTGTAATGTTACCAGACTTATCTACTTTAAATTGAACGAAAATTCTTTTTTTACCAGGAGGTAATCCTAAATCACCAGCTAAGTCTGTATTAAACTTTCTACCGATATATTTATTTACCTTATCGTTCATACATTGTTTTTTAGCAGCATTTCCTTTTTCCTTTTCACAACCAGGAAAAACGGCTACATTTTCAATAACAGAAAAAGGTACTTCTAAATCTTCTTCTACTTCAGCTACCTCTACCTCTTCAACTTCAACAATTTCTGCTTCCATTTCAGTTTCTGTAGATTCAATTACAGTTTCTTCTATCTCAACCTCATCTTCTACAACCTCAATAATTTCTGGCGCTGCTGGTGGCGGCGGTGGTGGTGGTGGTGGGGTTACTATTTGTTCTGTAATTGGTACTTCTTCATCTAAATCATCATCTAAATTTAGAGAGTCTGCAATTACACTTACGGGATCGTAAGTCTTGTGATTAATTGCCATATAGGCTATCCCCATCATTAAGGCTAAACCAACAGCGAAGTACAGCGAACTGTTTCTACTTACGTCTGATTTCGGATTCTTTTTAGGTTCCATATTATTTTTCTTTAATATAACGTTGCTAATTTAACCAATAAATAGTAAAAAAAACAAGGCTTTAGGTTAATTTTATTTATATATGTTTATTTGACTTGCAATTAATGTACCAAAAACGGCACCGATGCTATTTGCAATTAAATCATATGTATCATAAGTTCTATTTTCTGTAATTAGATATTGTAGCAATTCTAATATAAAGCCAAGAAAAATAGCAGCAAAGCATAATTTTAAAAACAAATGCTTTGATTTAAAATAAAGTCCCCAAACTAATGTCAGACACAAGTAAGCAACAATATGATAAATTTTATCATCAAACGATGAACCTAAACTAGGTACACCATTTAGAGTTATTAAACTCGCAACCACTAATGCCAACGTATAGACGATTGAAATCAGTAGAAGTCCTTTTTTAACCAATGATATGTGACTTGTAGTCTTCTGCAGATAATAAACTTTCTATTTGAGATGCATCTGAAAACTTTAATTTAATCATCCAACCACTACCATAAGGGTCTGTGTTTACATTTTCAGGTTCATCTTCTAATCCTTCGTTAAATTCTACAATCTCACCAGATAATGGCAACATTAAGTCTGAAACAGTTTTTACGGCTTCAACAGTACCGAATACTTCTTCTGCTTCTAAAGTTTCATCTAAGGTATCAACTTCTACATAAACGATGTCTCCTAGTTCGCTTTGCGCAAAATCTGTAATTCCAATAGTGGCTATATCTCCTTCAATTTTCACCCACTCGTGATCTTTTGTGTACTTTAATTCTGATGGTATATTCATATTATAGAGTAATTATAAATTTTAGATGCAAATGTAATTTTTTAATAGATTCAATTCAAGCTTAATTTCCAAAATTATATCGTAATGTAATTCCAGATCTAATTGAGGTTTGTGGATATGATGTAGAAATAGCAAATTCAGAAAAACTATAATCAAAGTAAAATATAGCTGATAAATTTTTACTAAAAGCATAATCAGCATTGTATTGTAATGCCCAAATCGTTTGCCCTGCTGTAATTTGATTACTATCTAAATCTAAGTATCTTATAATCGTTTTATTATCTCTTACCGATACATCTAAACTCATATTTAAATCACTTACAATGATCTGACCTGGTCCTGCCAGCTCTGATCGGATTCTTAAATCTTTAAAACGGTAACCTAATCCTAATGTATATTCTTTACCTTGAATTTCTGTCATTAAATTATTATCAAAACTAAGCGACAATAATCTATCTGTTTTAATTTCGGCTAAGATTTTAATAGAGTTCTTCATTTCAAAATCTAAACGAATTAATGGACTAAACTGTTCTTCTAAATTAATGTTACTAAATAAAGTTTCATTTTTTAAATTATTAGATTCGTCTAAAGCATCTTCATTTCCTGGCGAATCAAAACCTAAATCTTTATCGTATTCTGTATAATTTAAATTAGTACTAAATTGATTTATAGTATAATTAGAACGATAACCATGTTGAACAGAAAAACGTTTAAAGCGTTCCTTAAACCATGGTAGTTTCATTAAGCCTGTGTATTTTAAGTTCCAATTAGGAATTGGAATATCTCTAAATGCACTAGTATTTACTTTTTCTGGATCAGAGCCTTGATATGCTGATAAAAATGCTGGTAATAATACACGCTGACTATTTTTACCAAAACCTTGTGGAAAACCATCAGCGTCTGTA
NZ_CP058981.1_gap32	1378496	1381553	3057	TTGCTTGTCCAGACCAATCATCACGTTCTGCTCTTCCTGGGAAAGAACCTGTAATTTCATCTAACAAATCATATTCTTTTTTTGTCATTTTACTTACTTGTAAGTAAGTAAAGATACCTATATCATTAAGTACTTCTTCCATTTTTGGACCAATACCACTTATAACTTTTAAGTCATCAGCTTTTTGAGATGAAGCATCAAATTCACCAATACCTTTCAATAAATGATCTAATTGCTCTGTAGTATCTTTAACAGGCTTAGTAACTATTGTTTCATCACTAGTAATTTTAACATGAGAAGTTCTGACGTCAGAACCAGTTCCTGATAGTGACTCTCCATTTTCTCTCATACGTTTGTAACGCTCACCTGAAGACTTTAATATTGTTTTCACTTCCGCTTGTGCAATCACAGGGAATGTACGTGAGTATAATAGGAATAATACAAAGAAGAAACCTATTGTACCAATAAAAATTCCGATGTCTACAAATGTTGGTGAGAACATTGTCCATGATGATGGTAAGTAATCTCTGTGTAATGATGTTACAATAATCACGAAACGTTCAAACCACATACCTATGTTTACTACGATAGAAATAAAGAATGAGAACAAAATACTTGTTCTAAGTTTCTTGAACCACATAAATTGAGGTGAGAAAACATTAAAACTCATCATACACCAGTATGCCCACCAGTAAGGTCCAGTTGCTCTGTTTAAGAATGCAAACTGTTCGTATTCTACACCAGAATACCAAGCAATAAATAACTCTGTAATATATGCTACACCTACTATAGAACCTGTAAGCATAATTACAATGTTCATTAGCTCGATATGTTGTACTGTAATATAATCTTCAAGGTTACACACTTTTCTCATAATAATAAGAAGTGTATTTACCATTGCGAATCCTGAGAAGATTGCACCTGCAACGAAGTAAGGAGGGAAAATTGTTGTATGCCATCCTGGTACAATCGAAGTAGCGAAATCAAAAGATACAATAGTGTGTACAGAAAGTACTAAAGGTGTTGCTAAACCAGCAAGTACTAAAGATACTTCTTCAAAACGTTGCCAATCTTTAGCTCTACCTGACCAACCGAAACTTACTAAAGCATAAATTTTCTTTTGGAAAGGACGTACAGCTCTGTCTCTTAACATTGCAAAATCTGGTAATAAACCTGTCCACCAGAATACTAATGATACAGATAAATAAGTAGAAATTGCGAATACATCCCAAAGTAAAGGTGAGTTAAAGTTTACCCATAACGAACCAAATTGGTTTGGAATTGGTAATACCCAATATGCTAACCATGGACGACCCATGTGAATAATTGGGAACAAACCTGCTTGGAATACCGCAAAGATTGTCATTGCTTCTGCAGAACGGTTAATTGCCATTCTCCATTTTTGACGGAATAATAAAAGAACAGCTGAAATCAGTGTTCCTGCGTGACCAATACCAACCCACCAAACGAAGTTAGTAATATCCCACGCCCAGTTTACAGTCTTGTTAAGACCCCAAACTCCAATACCCGTAGATACGGTATAAATAATACAACCTATTCCCCAAAGGAATGCAACCAAAGCAATACTGAATACAATCCACCACGCTTTATTGGCTTTGCCTTCAACTGGTCTTGCGACATCGACAGTAACATCGTGATACGATTTTTCTCCTGTAACTAAAGGTCTTCTAATAGGTGCTTCGTAATGAGACGCCATAATTATATAATTGTTTCTTTAATTTATTTACGCTTTTGATGTATTTCTCACTTTTGTATGGTAAAATACGTTAGGTTTTGTTCCAACATATTCTAACAAGTGATACATACGATCATCTTCTTTTAACTCTGCAACTTTACTTTCTTTGTCATTGATATCACCAAATACCATAGCGCCGTTTCCACATGCTGCAGAACAAGCTGTTTGGAATTCTCCATCTTTAACAGGACGTCCATCACGTTTAGCATCAAGAATTGTTTTTTGTGTTTTTTGAATACACATAGAACATTTTTCCATCACACCACGAGATCTAACTACAACGTCTGGGTTTAATACCATACGACCTAAATCGTCATTCATGAAATAATCAAACTCGTCATTTTGGTTATATAAGAACCAGTTAAAACGACGTACTTTATAAGGACAGTTGTTAGCACAGTAACGTGTACCTACACAACGGTTATAAGCCATGTGGTTTTGACCTTGACGACCATGAGCTGTTGCAGCAACAGGACATACAGTTTCACAAGGTGCGTGATTACAATGCTGACACATTACAGGTTGAAATACAACCTGAGGACTATCAGCTGGGTTTTCTAACTCAGCAAATTCACTTAATGAACTACTTAACCCTGAAATATTTTCTTTCTTTTCTAAATCATCTACAAACGTATCTTCTGAAGAATAATAACGATCAATACGCAACCAGTGCATATCTCTACTTCGTCTCATTTCAGACTTACCAACTACAGGTACGTTGTTTTCTGCGTGACATGCTATAACACATGACCCACAACCTGTACAAGCATTTAAATCGATAGATAGGTTAAAGTGATGTCCTACTGAACGATCAAATTCATCCCATAAATCTACATCTGGAGATGTAACAGGAGTTTCTATATGATTAAGAGACACTTCTGGAATTGCATTCCAATGTTTCTTATCTTTAGTATTGAATATCTCTAAGCTAGTTTCTTTTATGATATCTCCACGTCCCATTAAAGTATTATGTAACTGTACACAAGCAAATTCATGCTCACCAGTAGCTTTCTCAATAGTAACGTTTTGTACAGAATTGAAATTTTGGTATAACGGATATGCGTTAACACCTGTTTTCATTTCCTCTTTTAGAGCATTAGATGTTCTACCAAAACCAAATGATAAACCAGCAGAACCTTTAGCTTGTCCTGGTTGAATAAGTACTGGTACTGTAATTGCTTCAGCTCCTTTTACAGAAATCTTAGCATAACTACCATTTAATCCTCCATTAGCAACATTCCAATTTTCTAATCCTAATTTTTCAGCATCTGCTTGAGAAACTGTTAAATAATTATCCCAAG
NZ_CP058981.1_gap33	1407733	1409821	2088	ATAGGAAAAACAAATACAACTGTTTTAAAAGAAATTGAAAATGATTTCCCACATCTTCCTTTAGGTTGCTCAATTATATTAGAGAAGAAAACAAAAGACACTATTCTTAAAAACATTTCGGCTGCAACTTCTTTAAATAAGAATAAATTAATTCAAAAAATTCAACAATTTCAACACGATACTAATTTACAGTTAACCATTGGTAACTTTAGCAAGTTTTACAATATCCCCATACAATCTATTTACAAAAGAGGAAGTTGGAAACGCTTATGCCAACTAGCAGGGAAAATAAATGATTTTAATTCTGAAAACGAAAAAGCTATCGTTTCTGCTATTTCAAACAAATGGCTTTCAACAAATTCATTAAGTTATTTTTCATTCGTTTTAAAAATTACTAAACAGAATTTTAAAGTAACTCTTTCCGAATTAAATCAAAATGAAAACACAATGCTTTTAATGTTACATTATGATGTTTGGCAAAAAGAAGGTGGTTTTGATTCATTAGAAAAAAGTATTAAAGAAATTGGGACAAACACTGTTTTAGTTGAAGAAATAAAAGAAGTTTTAGAATTCTTAATTGAAAATATAGATTTCAAAGAATTACCAATTAATCTTCCATATCAACAACCTTTAAAATTACATAGCCGTTATACTAGAGACCAAATCTTAGCTGCTTTTAGACTTAGTGATTTTGATAAAAAATCGTCTAATAGAGAAGGCACAGCAGAAAATAAGGATTTAAATACAGAACTATTATTTATCAATTTAATTAAATCTGAAGAGAATTTTTCACCAACCACAATGTACGACGATTATGCTGTAAACGAATTATTGTTTCATTGGCAAACACAAAACTCAGCAAGACCAGATTCAGGAAAAGGGTTATCTTATATAAAACATAAAGAGCAAGAAAAGCGAATATTACTTTTTGTCCGTGAAAAAGCAAAAAACGAATTCGGTAATACAAATGGATATGTATTTATTGGTGAAGGCGAATTAAAAGACCATTACGGCTCTAAACCAATGAATATTAATTGGGAACTATTAGAACCAATGCCTCATTATTTATGGAAAGATGCAGCTAAACTTTCTGTTGGGTAAAGTTGTAGATTAATCCCCTTAATTCAAATGAACTATTTTTTACACCCCTTCAGGTCCCCTCAAGGGGACCTGAAGGGGGTTATCCAACTCACTAATCCTCTTTCAATATCCCTAACGTCGCTTCTTAGCCTTATTGCGTTTCTTACCCTTAAATCTCACCTTATCCTCAGGCTTACGTTGATTAAAAGGAACGGCATCATTAAAGGTGTTTTTAGCATCACCTTTGGGTTTATTCTTCTGCCACTTTTCGGTTTTCTCTGGGAGTAGAACGCTTAGTAAATCCTCACGGCCTAATTTGTTTAAGGTCTTTTTAATCCACGCTTTATTTTCATCCTTGTACCAGAAGAAAAAACGGTGTTGTTCGTCCTTTTCCTTTTTAGTAATAGGCGTGTTGACTTTCTTTAAAGTGTAAGGATGGTAACCACTATAATAAATAACCGTAGCAACCGTCATTGGTGTTGGCGTAAAACCTTGTACTTGCTCTAACTGGAAACCCATATCTTTAGTTTCAGCAGCTAGATTAGCCATATCTTCCACTTCACAAGCGGGGTGATTCGATATAAAATACGGAATCAACTGAAGCTTTAAACCTTTCTTAATATTAATCTTATCAAAACGTTCTTTAAACTTATGAAAGTACTTAAACGACGGCTTACGCATTAACTTTAAAACTGGATCACTCGTATGTTCTGGTGCTACTTTAAGGCGGCCAGAAACATGCTTCGTCATCACTTCTTCCGTATAATCATCTAACTCTTTAGGATCGGCATTTTTATTAAATTCTGGCACCAACATATCATGTCTAATCCCCGAACCGATAAATGATTTCTTCACTTTTGGATGCTTATCTACCGCTTGGTATAATTCCGTTAACGGTTTGTGAGACGTATCTAAGTTACTACAAATTACAGGCGAAATACAACTCGGCGCCACACACTTGTCGCAAATAGATTGCACTTTCCCTTTCATCTGATACATGTTGGCACT
NZ_CP058981.1_gap34	1435679	1439244	3565	TATATAAATGCGTGTGTGTATCTGTAATTATCATTTTGTAAAAGTAAAAAAGTCATCTTGGTTTTGATGACTTTGATATTAGTATTTCTTGTAAAATAAACCGAATAAAATAATGTGTAGTTAATCTAATTTCTTCAATAGTTTTTGTGCTGACTTATAATATTCTGCATCTTCTGGTATTGTTTTTAAAACCTCGATCGAAGCTGCATTTTTTTCTTGTTTTAAATAACTTAAAGCTAAAATCCACTTGGCATTATCTCTATAAGCCGAGCTACCATTTATAATTTTAAGAAGCAAAACGTCACCTTCTTTAAATTGATTGGTTTCTATTAAAGCTATACTTTTATAAAGTTGAATTTCTAAATTCGCAAAATCATCTTCTAAAATAATATTAAAAGCAGTTAATGCGTCTTTATAATTTTTAGCATTGAAACTCTCTTCAGCCTCTATGGTAATTTTATCACCAGCACTTCTAGTCATTAAACTGATTGAATCAAAATCATTGTAATCTTCATAGGTTGGATCTGAAACTTGATTGAACATAAAAAATCCTAATAAAACCATTACCGAAGCCGCAACTATATATTTAAAGAGATTAGGTTCTTGAGACACTTCTTCTTTAGATTCACCTGATTCATGCTTATTAAAATACAGACTAGAAACAACATCTAAATTGGCTTTAAAATCTGAAGCTTCCTGCTCATTAGCAATCTCGTGCTTTAAATGAGAAGATAAATCTTTATAAATTTGAAATGCTTCGTTTAATTTAGAATCTGTTTGCAAGCGATTTTCAAAATCTAACAATTCATTTTGAGACATTTCACCAGAGACATAAGCTTCAAACTGTATATAATCATGTTCTTCCATAATACTAATAATTCAGTAGGTTAAATTTAGGTGATGCCTGCACTAGTTTGGTTAATTGCCCAATACACAAGGATTTTTTCTTTCGTGCATAAGCATAAGTAATATTGAGACTTTTAGCAACTTCTTCCATTGACTTAATTTTGAAAGTTGCATTAAGTAAATCTTTACACGCGTCACCAAGTTCTTGAAACATTTCTTTAAATAAAGCTTCTTTATTTTCAAAAACAGAAGTTTCAAAAGACAATATTTGTGCATCATCATCCTTAGATAAAACTTCTTCGTTAATTGTTACCTCTTTTCTCCCACTTTTCTTTAATTGATTTAACCATTTGCGTTTACAAAGCAAGAAAAAGTAAGCATCAAAGGGACAAGTTAATTGTAACTTATTCTGTTTTGCCTGATTATATATTGTAATGATGGTTTCTTGAATAACATCTTGCGCATCGTAAGTATCCCCGCTATTATTCTTTATATAGTTAATCACCTTAGGTGCAAACTTATCGTAAATAGCTTGAGTAATAAATGTATTGTTTGCTGCCAATCCATCAACATACTTTTGGTCTTCGTGTATTTTTTTTGCGCTCATGAACCCATTATTTTCAACGAATTTAAAAAATCTTTCTAAAATGAGGGTAACAATTCTAAACAGCTTTTGATATAAGGGTGTAACAATGAAAAAAACGGAACCTATAAAAAGGCAACTATTTTAGTCCTCTTTCTTATATAAGTACGTATAACATTTTAAAGTCAACAATATGAAAAACTTAAAAAAAATCGCGGTTCTATTGACATTTAGTTTATTAGCAATCACATCTTGTGACAATGACGATGACGCAACAAACAATGCATGTGATGAATCCTATGTAAGTACAGCAATAACAAATGCTTTTTCCTTAGCAAATGGGTATGATGACTTACCAGAGACTATGGACTTAGAGACGCATCAATATCGAATGAAAATAAATGCAAATGGTGAAATATGTAGTGTTGGGTATCAAAATCCAAGTACTTGGGCGGGTAACTACTTAATTTTAATAAAAAATGAAACTACAAATCAGCAAACCTCTGCCAGTCTTTCTTTTTCGCAATCTCAATTAGAATATAAATACATATCACCTCTTATTGTTAATGCAGGAGATATTATTAAAGTAGAACGCACAATATTTGGCCACACACTTTTAAATGAAACAATTGGTAGAATATTAAGAAAATCAGATTTCTCTAATGTTCCTTATCCAATAACACAAGGAAATGTTGAGTTTTTAAGTTCCGATTTTTATGGAGCTGGAGGGCCTGTTCCAAATTTTGCTCAACCTTATATTCCTTTAGGATTTAAAGTGAATTAAATATAAAAATCTTGCTAACATCGTTTGTTATTAGTGAATCAAACACAAATGTTTACGTTTAATTTAGAGGGAGACTATAGTCGGTACTGAAAACTTCATTAACAGTTTTAATGAATGATTTACCTTAAATCTGAAGTACCCACTTAGTCATCAAGTCAGAAATTAATTTTTCTGACTTTTTGCATTCATGAACCCATTGTTTTCAATGAATTAAAAAAAATCTTTCTAAAATGGGGTAACATTTCTAAACCGGTTTTGATATAAGGGTGTAACAACAGAAAAAAGAACCTATAAAAAAGGTAACAATTTAACCACTCTGTTTATATAAGTACAAGTAACATTTAAACCTAATAATTATGAAAACGACAAGAAATCCTTTTTTCAAAAAAAGTACAGAACCTATTTTAATTAAAAAACTATGCAGCCTTTTTGCCCTAATCACAGTAACCGCATTATTAACTACGAGTTGCAATCCAGAAGATGACAACCAAAATGAAACACCTAATATTGCATCACCTACAGCTCAAGAATTTGATAACATTAGAGCTATTGCATTAGAGAATCACACACAAATGTTTACGTTTAACACAGAAGACACTTACATTTCTTTAACCTCAGCAAATGGTGTTCAAATTAACATTAACGCCAATTGTCTTACCGCTAATGGCAATCCTGTTACCGGAGATATTACTTTAGAATATATTGAGCTTTTTGAAAAAGGAAGTATGTTAACCACTAATAAACCTACAATGGGCGTGTTACCAGGAGGAGGTAAAGCTTTATTAATTTCTGGAGGTGAATTCTTTATAGAAGCAACACAAAATGGAACTGTTTTAGATACGACTTGTAGTTTTCAGTTAATAATCCCTTCTAGCCTGACAGGTAGTTCTGACCCTGATATGACGCTATGGAATGGAGAAATTGACGCCGATGGAAACTTAGCTTGGGAAGAAGCTGATAATGAAAATGGAGAAGAAGAAGAAGAAGAAGGAGAAGTTTTCTTAGAAGGCGAAAATTATTATACAAATATTGAAGGGTTTGGTTGGACTAACGTAGATCGTTTTTACAGTGATCCAAGACCAAAAACAACACTTCAAGTACAAGCACCAGAGGGTTACGACAATCAAAACAGTGCTATTTACTTATCTTATGACGGAGAAGCACCTGCTTTAGCTTACTTAGATACTTTTGATGAAGACTTAAATATTTTTAGTGAGCATTACGGACAAATTCCAATCGGCTTAGCTTGTCATGTAATATTTATTACAGAATCTGATGACATATGGAGATACGCAATCAAACCAGTGACAATAGTCGCTAATGATATAATAACATTTAATTTAGGGGAGACT
NZ_CP058981.1_gap35	1489711	1492968	3257	GAGAGGGCCAAGAATATGAATCTAGACAACAATTTGCTAGAGATGGAGAAACTATAGATGACACCCGTGAATTACAAGGACAATCGCCATTTTTAGTAAACGTTGGTCTTAACTATAACAATACAGACTCAGGATTTGAAACTGGTATTTTCTATAATGTTCAAGGTAAAACATTAGAGGTTGTAGGTTTTGGCCAAAACCCAGATGTATACACACAATCTTTTAATAGCTTAAACTTTAACCTTTCAAAAAGCTTTGGTAAGGATAATAGGTCTAAGCTGAGCTTAAAGGTAGACAATATTCTTAACGATGATAAATTAAGTCAGTACGAGTCTTATGGAGATGCAACTGCTAATTTTTCATTAAGAAATCCAGGAACAACATTTAGCCTTGGATATAGTATGAGTTTATAATATTAAAACCTATTAAACAAAAAAAGAGCTGTAATTAAATTACAGCTCTTTTTTTATTTATAGAGTTTATTTAGTTAATCAACTGATACTAAAGTTCTATCATTAGACCATTCTACAACATGTACTACACTGTTGTTTTTATAATCTACTTCTTTTAAAGAATCGTTACCCCAAAAGAACCATTTTCCTACCTTCTTACCAGCTTCATAAGTTGCTGAAGCTAATTTTTTTCCATTAGCATCATAACTTGTCCATTCTCCCTGTAATTTACCATCAGCATCAAATGTACCTACTTGTTGTACTTCTCCATTATCATGGTAATAAGTAGCTACTACTAAATTATCTTTTTTCTCTAATTTTGGATTGATTTTATCTTGTGCGAAAGAAAACCCTACACACAGCATTACTAATAATGTTACTATCTTTTTCATAATTTCTTGGGTTTTTGTATTGTTAATTATTATATCACGAATATACTACAAATTTTACATTTAAACAACACTTACGTAACATTAAGTTAACATTAGAACACTAAAAGCCTTATTATGTGACTATTACATTTCAACATTATAAACTCACAAACTAAAAAATAAATCTTTTATTATAGAATAAGAATAACATCAAAAACACTATAAAAATTATTCTAAATAAAACAATTTTCATTACCTTATAGGCACATCAAAACAAACCTAAAACACTATAATAGTGCCATTTACGGAAACTAAATAAGCTCTACAAAATCAATGATTAACAGACATGACACCACTCAAACACTTAACAATACTTTTTACATTATCTGCTAACCTCCTTATATATTCGCAAAACCACTTAACAGGCTTGGGGGAAACACGACTTTCAATACAAAATGAAATAGATAGTAAATACAACATAAAATTTGAAGCAAGATCTCGTTACAATCTATATAAAAATGAAGTTATAACATTCGAAAATAAACAACTAGACTTCATCCATTTTTCAACTTTCAATATAAATAGTAAAAACCATATAGCCTTAGGTATTCAATATCGCTTAAGAGAAGCTATAGATGGAGAAAGCGATGAGTTTAGATTAACACAACAATATAATTACACAAAAGCTAGTAAACAATTAAGGTTTAATCATAAATTAAAACTTGAACAACGTTTCTTTAAAACCTTAACCATAATAAGGCCGCGATATCTTTATGGCATAGATTTCCCTTTAAAAGGCGAAAAACTTGATATAGGAGAAAGTTATCTTACGACCTATACTGAAGCTTTGCTAAGTGTTAGTAAAAAAATTAAACCAACATTAGACCAAAGAGCAACGGCATTAATAGGTTGGTTGATTTCAGAAAAATCAAAACTTCAATTTGGAATAGAGTATCGTTTAGACAACTACAATATAAATAGAAATGAAAAATTATATATGCTTACATCTTGTAATATAAAAGTCTGAAAAAATATAAGTAAAAAATATATTTTAATCACACTCTACTTAAAATAATAACATTAAGGTAACATTCGCTTCCTCATAAAACGGGTACTTTGCATTCAATTTTTATATACTAAATTCAATGGACAACCTCTATATCTATATGCTCGCTGCCTTAGCTTTTTTAGCTGTAGCAGACTTAGTAGTTGGTGTAAGTAATGATGCTGTAAACTTTTTAAATTCGGCTATCGGATCTAAGGCAGTATCTTTTAAAACAATAATGATTGTAGCAAGTCTTGGTGTCGCTGTCGGTGCTTTAACTTCTAGTGGAATGATGGAAGTTGCCAGGAAAGGTATCTTCAATCCTGGTGAATTTATGTTTAATGAAATTATGGTCATTTTTATGGCTGTAATGCTCACAGATATTCTACTCCTCGATTTCTTTAATACCTTAGGCATGCCAACTTCAACAACAGTTTCTATTGTTTTTGAACTTTTAGGTGCTTCTGTAGCTGTTGCTTTAATTAAAATCTACAGTGATAGCTCACAAACCATAGTAGATTTAAGCACATACATTAACAACTCTAAAGCCATTGAAATTATTCTAGGAATACTACTCTCTGTAGTTGTTGCATTCACTATTGGTGCCATTATACAATACGCTTCTAGATTACTATTAACATTTAAGTTTCAAGAAAAACCATCTTGGTATGGTGCTCTTTTTAGTGGTGTTGCAAATACTTCTATTCTTTATTTCATATTAATAAAAGGAATTAAGAACGCAAGTTTTATGAGTGCAGATATCACAAATGTAATATCATCTAACCCTGTTGCACTTATAGGAATTAGCTTTGTAGTTTTAACACTATTATCTTATTTCGTTATCCATACATTTAAAACCAATATATATACCATTATTATAGTTGTAGGTACGTTTGCACTTGCTGTAGCTTTTGCTGGTAACGATTTAGTGAATTTTATTGGTGTTCCTATTGCGGCCTACAATTCTTACGAAGCATGGTCAATCAGTGGAGCTTTGCCTACAGAATTTGTAATGACAGCCTTAAGCGCACCTGTAAAAACACAACCTATTTTATTACTTATAGCAGGACTTATTATGGTATTAACACTATGGTTTTCTAGTAAAGCTCGTTCAGTTGTTAAAACCTCTGTAGATTTATCGAGACAAGATGAAGTTAAAGAACGTTTTGAACCTAACTTCTTATCTCGTATGATTGTTAGATCTACAATTACAATATCTAATACCTTAAACAGTATATTACCTAAACCTTATATGGAATGGGCAGACAAACAATTTATAAAGCCTAAAGTTATTGCCAAAGCCGAAGATATACCAGCGTTTGACCTTGTAAGGGCAGCTGTAAATCTAATGGTAGCAAGTGTATTAATATCTATTGCTACATCTATGAA
NZ_CP058981.1_gap36	1494799	1496261	1462	CAGAGCAATTAATCGCCTCTGGTCGTAGTAGCTACCAACCTTTAGTTGAAAATGACACTAAAGAAAACAGAGCTAAAAACCGTAGAACACGTATTATCTTAATGCCAAACATTGATAAGTTCTTCGCGTTAATGGAAGAAAAATAAGAAAAAAATCTTTTTTAGATTTTAACACAAAAAAGCATCCTCCCGTAAAATTCGGCATTGGATGCTTTTTTTTATGCCCTAATGTGTAATTTGTAGCAAAATTAAAACTATGAAATCATTCGTTACATACAGTCTCTTCTTTATCTCTTTTTTAAGTTTTGGTCAGAATATAAGTCCTGAAACCTTATTAGATAAAGCCATTACATATCACGATCCAAACGGAAATTGGAACACTTTTAATGAGACCTTTACTGTAGAAATGACGACACCAGAATCTGCAAAACGTACCAGTATCATTTCTATTAATTTACCTGCTGAATATTTTAGCGTTACCGCCACAAAAGATACCGTTACCACCACTTACACTTTAAACAAGCGTAAATGTACCATGAGTTATAACGGAAAGGTTTTAGATAGCTCAGCGGCTAAACAAAAGAACATGACTTGCGATAGAGCTGCGTTGTACAAAAACTACTATTCGTATTTATATGGCTTACCGATGAAGTTGAAAGACGCCGGCACCAATCTTAATGATACCGTTGAAAAGAAAACTTTTAAAGGCAAAGACTATTTGGTTTTAAAAGTGACTTATGATGAAGCCGTAGGAAGCGATGTTTGGTACTTCTATTTTAACCCCAAGACTTATGCCATGGAAATCTATCAGTTCTTTAAAACAGACGAGAATGGTAAAGAGAAACCAGATAGTGGTGAATATATATTACTTTCTGAAGAAACACTTCTAAACGGTATTAAAATCCCTAAAGCAAGAGCTTGGTATTATAACAAAGCTGATAAGTATTTAGGAACTGATACTTTGGTTGAAGAGTAGATTTTCAACTTATGGTTTTAATTAGAATTTGACTTAAAACAATTCTGATTATAAAATTCTAATACGTCTATTAAGTTATCTTTTGAAAATTCTTTATTCTCAACTTTCTCTAACAAAGCAGAACAATCTTTAAAGTATTTTTTCATTGATTTCTTAAAGCTTTTAGCAAAAGGTAGTCCTTTAGTGTAGAGATGTTCTACCTGATCACTATCACCAAGACCAACATAGTAACTATATCTCGGAATATCTATTTCTATATAAATGTTACGACTTTGACTTAAACTTATTTCCTGACCATTATCTAATATTACAGTTTGATTAGGAACCGTATGAAATGGTACTTCATTTAAAAATGAATTAGATAAAACACCGCCTTCATAAACTCTCACATAAAGGCTTAAATTATCTATAGCAACAATTTCCATAATTTCTGGATACTTATCACCATCAATATATTTATAACGGAATTTTCTGTAATAATCGTTTT
NZ_CP058981.1_gap37	1510704	1511396	692	AAGGGAAAAGGTCGATATTATTGGTTTGAGCGGATTAATTACACCATCCCTTGATGAAATGGTTTACGTTTCTAAAGAGCTAGAAAAACAAAATGTAAAAATTCCGTTAATCATTGGTGGAGCAACAACCTCTAGAGCACATTCTGCTGTAAAAATCGCTCCACATTATGCAAATACTGTTGTGCACATCAATGATGCCTCTAGAGCAGTAACCGTTGTTGGTGATTTACTTAAAAAAGATAGCAAAATTTATAAAAATCAGATTCGTGAGGAATATGATTTTTTTAGAGAGCAATTCTTAAAACGAACTAGAAAAAAAGAATATCTAACAATTAAAGACGCTAGAAAAAACAAATTTAAAATTGATTGGACTGCTTCCGAAATTGTAAAACCTAAGGAATTAGGCATTCAAATTATAGAAGATTTTGACATCACTAAACTTGAAGAATTTATCGATTGGTCACCTTTCTTTAGGAGCTGGGATTTACATGGAAAATATCCAGAAATTTTAACGGATAATGTCGTTGGAGAACAAGCCACAGAATTATTTGCCGATGCAAAAGTATTATTGAAACGTATTTTTGATAAAAAGCTTTTAAAGGCAAAAGCCATTTTTGGTTTGTTTGAAGCCAATACGACTAATGATGATGATATTGAGATTAAGGATTGTCATGCTGAGCCTGCCGAAGCAT
NZ_CP058981.1_gap38	1530025	1532899	2874	TCTTTTTATTAGATAATAATTGTCCCCAAGTTTTACCTACTTCATTAGTTACTTTAGATTCTGGTTGACCGCTTAATATATATTCTCTTTCTTCTTCTGTAATCCAACTGTGTTCTTTAGGACCTTTTTTATTGATAATTAACCAAGGAATTAACCATAGGATTCCAAGACCACCGACAACAACAAAAGTCATTTTCCAACCAATGCTCATATACAACATTAGGATTATTATTGGAGCAAGTATAGATCCGATTGATGCAGCTGCACCAAAAAGTCCTTGTGCAAATGCACGTTCTTTTTGTGGAAACCACTCAGCATTACTTTTAGTAGCACCTGGCCAAGGACCAGCTTCACCAAGACCTAACATCATTCTAAATCCGGTTAATGAAACTTTACCTCTAGCTAAAGATGTTAGAGCATCTGCTGTACCCCAAATTAATACCGAAACAACAAAACCTTTACGCGTCCCTATTTTATCATATAATTTACCAGAAAACAGTTGGCTAAAACCATAAGCAATCATAAAGAAAATTGTAATAATCCCTAATTGATCTTTTGCTTGTTTTGAAGCCTCTTCTGCACTTACGTCGCTATCTACGATACCTAACTCATAAGCCATACCTTGACGGTTAACTACAATTGTAGGATCTTCTTTTTTAAAAGTAATATGATCTGCTCTTTGAATAATTTCTTCTCCTCGCTTTGAAATTAACCTATAGGTATTATCTTCAGCTAAATATTGAGCTTGATTTTCTTCTAAACTAACATTTATCTCATCAACTAAGTCATATTCTATGTTAGCGACCCACATATAGTTTAAAGTACCTCTATCGAGATAATTTATAATGGTAATAAGCATAATTAAGCCTATAATTACCCACCTTAATCCTTTTACTTTCATATTTGTTGTTTATTTAATTTATATGTTATAACAATAATGATATAGCTCACTAAAGTGATCTTTCATTTTTTGTTTTGCTAATTGTGGATTTTGTTGCTCAATGGCATCATAAATAGCCTGATGCTCTTCTATACCCAATAAAGCTCTACTTTTACCACAAACATGATGTTTTTCAAAGTTTGTAATAATCTCTGGTGTTATCATTAACATAAACGTATTAATGGTAGCATTTCCGCACGCTTTAGCAACAGCTAAATGAAACAGAAGATCTTCTTCAACTGCATTTTCACCACGGGTTACTTTTTCTGCATAAGCCGTTAAAGCAGATTTCATATTGTCTAAATCAGCTTTAGTTCTCCTCATAGAAGCTAGCCTAGCTGTCTTTAACTCTAGGAGAATTCTTGTTTCAACTAAGCCTTTAAAATCTTGTTCTTCAAGCCTTAAAATATCTTCAATCATTCCATTCATCGCTGTAACTCCTATATTGGCTACAAAAGTTCCACTTTGAGGTTTTGAAGCTAACAAGCCATAGAGTTCTAATTTCTGAATAGCATCTCTTACAATTCCTCTTGATACGCCAAATTTCTCGGACAATGTTCGCTCAGAAGGTAACTTATCTCCTGGTTCTAAATTTTTCATGTTGATTAACTCTCCAATACTAGAGATAATCTCATTTAAAACTTTTGTATTTTCCGATTTTGTAGGGGTATCTAATTTCATATAATTTGTAATAAAGGATGAGTTTTTCAGCCCAAAAATAAGGCAGCTATAATTTCACCTGTGAATTATTATGGTAAAAATATGTTAATAAAAGACTATTCTAAAGCTTCAATCTCGAACGAATCTATGTAAGCTTCATCTGCATCATTGAAAAAGAATATTGCTAGAGATGTGTTTCCTCCAGAATTAAATGTTAACTCCCCACTAACCATAGTTCCTACTCCTGCTACATCTTCGGTATAAGTAATTATACCCACTGTATTAGCTTCTAGCTCATCTATAGATTCCATAGGCTGAACCATCGCAACACTTATGCTTCCATTTTCAGTATCTATCTGATCTCTAAATGCATATTTAAAACTTAATTTATAGAATTTATTAGGTGTAAACTCACCAATTAATTGATACCCCACTCTGTCGCCTTCTTTTGGTAATTTTGCACCATAAGAACCTTCATGATAATTATTTGATGATGTAATTTGAATCACACTTCCAAGATCTGAGTTTCTCCATGGGTCTCTACTATCAATCTCTACAGGTGCATCTCCTGAATCTCCATTATCAAAACCTGCTTCAAGAATTTCAGGTACTAAAGTAGTTGGAATTTCAGGCTCTATAACCTCAATTTGTTCTGAATATGTACTTAAAACACCTAGATTATCTGTAGCAGTTAGTGTAATTGTATAAGTACCTTCTGCAGGGTATGTGTTAGTACCATCTACACCATCATCATCTGTAAAAGTGTTCCCATCTCCATAATCCCAGAAATAACTTGTTGCATTTGTAGATTCGTTTGCAAAAGTATAAGTCAAATAATTGTCTTCATTAACTGAAGCTGAAAAGACAGCTGTAGGAGGTGTTAAGTCTTCTTGAGAATTAGCATCAGGTAAATCAAAGGCTAATGAATCTATTGAAGGATCACAGGCTACTAAACTAGCGCATGTTACAAGTAATGAAACAGCCATTAGTTTATGTGAAATATATTTATTTAATCTGTTAATATTTTTCATTTTTTAATGTTTTAAATTAATATTCTAATAACCTGGATTTTGACTCATTAACCCATCACTTAAATTCACTTCATTTTGAGGCATAGGTAATAATAAATCAGTAGATGTAAATCCAAATCCATTAAGGTTTGAATACGCAGACAATACTGATTGTGCTTTACCTAAACGAATTAAATCGAATAGTCTATGATTTTCAAAAGCTAATTCTACACGTCTTTCCATTAATAAATCGTCTAAAGTTAT
NZ_CP058981.1_gap39	1543814	1546870	3056	TTTTTATATGCTCTGCACCTTTTAGCATCACCATAACCGTTGGCCCATAGTTAGACTTCCCTGTAATATAGTTATTACTTAACTCATTGTGTCTACCCCAAAACTCTACCCAATGATCTTTTACATCCCTGTCTGGTTGTGTAAAGTTTTCAATAACACAATTTGTTACTTTAGAATAATTAGCAACGTTTTCATCGCTGACTTTAAACCTAATAACTTGTTTTGTTGGTGTATATCCGTTTTTAAAATACAACCCCTCCACAACCAAATAATCACCACCTAACTGTAAGTTAGATTTACCTTCAATAGTTACTTCTCCTGGTGTTTCTGCCCTTAAAGTAATAGGTTTACCTTCTTCACCATTAGCAACAAACTTAATTTGAATGTCTTTATAGACTCCATTTTTAAGAACTAACTCATCACCTGGCTTTGCATTTTTTATAGCTTCTTTTAGTGCTTCTTCACTAGAAATTGTAGCACTTATTTTTGTTGTTGTATCTGCTTCTTTACAAGAAAACATCAATAAAATTAACCCAAAAGATAAAAGACAATTCTTCATATTATATATCATTAGTGTGTAACATTTAGTTCGTAATATTTTACTTTAGAAAAAGCACTTTCTGATGTAGAGCTCAAATAATTACCTGCTTTGAAGTAATTTTCGAAAGGCCATTTTTCTAAACTAACATCTTGATAAACCACAGGCTCATCATCATTTAATTGTAATTCTAATCGTGCGTCTGATGCTGTAATCTTAAAATCAAATGCTTCAAAACCAACATAACCCATATTAATTTTTTCATCAAACCAAGTATCACTTGATGTATCTAAAAGAGCATCACCGGTTGTAGATTCATCTATTAAAGATTTTTTATAAACCCATAAATCACCATCTATCCAAGTCATTTTTATTAATGGAGGACCATTGTTTGAAGAGAAACCATGCGCAGACATATCTTCTATAGATAGGATACCATGAATTTGCATTACAATCGTTCTGTGGTATTGCCTACTACTTTCGCTGTCTTCTGAAATATCAACAACTTTTAAACGCCCTTCAATTGTTCCCCCTTCTAATAAAGACCAATTTTCTTTAGAATCAGATGGATTAATTAATTCTCTTAATTCGGTTCTAGAATAAGAACTGTTGGTTGTAGAAATATTAGGAAATGTGTAAAATTCTATTGATGCATCTCCAACGTCATCATACATGTAAGGTTGAATAGCACTATTTGTTCTATAGCGCCCATTTATTAATGATGAAGGTTGATATTCATCTGGACCTCCATTATTATTTTCATCTACAGGTAAAGTTACTTTCCAATTAGAAAAATCAATATCTGCAAAGGTTCCATCTGTATCATCATTCTCACCACTATCATCATCAGGGTTATCTACAGACTCAAACACAAATTCTTCGTAAGCATCCTCACTCTTAGAGCAATTAGCTACAAGTATGGCAAAGAAAAAGAGCGCGTATACAAATTTAAACCTCATGCTAGCATTATTATAAATAAAATTGGTTAACCAGATTGGTTAACCAAAAATATAATAATTTTTCTATTTAAAAAAAGTATTTGAGATAATTCTCTACACATTGAAGGTAATTTAACAAAGATAGGAGATTAACGGCCTAGAGAAAAGAATTTACCTGCTTTAACTTTTTAAAAACACAACCTACTAACTAACAATATTATATAGAATTTATATTGATTTAAAACATATTTCGGCTCAATTTTAAGGTACAAATCACAATAAATTGATAAATACTCACATTGGAAATCTAATTTTCTGAAGTTAAAATTTAGAGACTGACCTAGGTCATTTCCAATAAAAGATATCATTTCTACTTTTACATGGTAAAATACTATATCATGAATACTTTTAGATACAGACCAAAAGATAATTATATTCAAAAAGCAGGTTGGCAAAAATTATACATACTTACTGAACATTGGAAAACTGATATTTCGTTTTACACCGATGACTTAAGATTTTTACACCATTTGATTGACAAATACTTCTTGTGGATATCCAAAAAAGAGAATATTGATGTCATCCAAGAAATTGAACTGAATTTACTTAAAGTAGATAAACAATCTGAATCTTTATTAAATAGAGTTAATAAACAACTGCAATACCTCACCGATTTAATGGGTGATCCTTTGGTTTATAATTCTGATGAATTTAGAAAAGAACACGAGCAATTAGAAGACGACTTAAATCAATTTGTAATAGATTTTAGAGAAAACCGAAAAGAGATTTTTAAAATCACAGAACACATTGTTAAAGGTGAAGAACTCCTCAAACAATTTAACATAAGTTCAAAATCACAACTTCAAAGTTAAAGTCGATTTGTAAAAACCTAAAAAGCAATGAAAAACCTACATCGTATATTAATAGAGATTACAGAGCTTACCTCTAATATTGAAACTAAATATCCAGAGCTTTATAGATCATTAGACGAAAACCCGATAACCATACCTACAAGTCCACACCCACATATGGACAAAGTAATTATGGAAGAATATTTAGAGAGCTTAAAAATAGTATTGAAGAATTACCTAAAGGAAGAAAAAATAAGATTAAGCACACTAAAAAACTAATATCATGGGAGAAATAGCAACATCTAATAGACAAATCACTATGTTTTACAGCTCTAATTCTGTAAGAGCAAAGCAAACTTTAGCGTATGCACAAGCTGAAGGTTTAAAAATAAAAAAAGTAGACATCTTAAAAACAAAACTCACCGGCTTACAAATCGTAGAATTGGCAGAACGCATAGGCCTTGAGGTTTCTGACTTGGTAAATCAGGATCATCCTGTTTACAAAAAACAATTTGAGAATCATAATTTCTCTACCGACGATTGGTTAAAAATGATTCGTCATTACCCTGAAATCATGAAACAACCTATCTTATTATGTGGAGACAAAAGCGTTCTCATTGAAACACCTACGGATATCAATAAAATTTGAGAACTAGTTTATAAAGAAATTATATTATGAAAACAGAAGTCTTATACAATCCAAATATGCACTTCGAACACAAATTGTGG
NZ_CP058981.1_gap40	1552719	1556424	3705	TGAGCGGTTAAGTATTGGAGACAAAGTAATTGTTGAAGGACCCTATGGTTGTTTTACTTTTGATGATACAACCCAACGTCAGATTTGGATTGGTGGAGGGATTGGTATAACTCCTTTTATTGCTCGAATGAAACAACTGGCGAAGCACCCAAATACTCAGGCTATTGATTTATTTCATAGTACTACTGAAATGGAACCTGAAGTATTAAAAAAACTAACAGCTGATGCTACCGCTGCCCATGTGAAATTACATGTAATAATTGATAAACGTGATGGACGATTAACGGGAGAAAAACTTCGTACAATAGTGCCTGATTGGAAATCAGCTAGTATTTGGTTCTGTGGCCCTAAAGGTTTTGGAGCAGAGTTGCGCAAGGATTTGTTAAAAAAAGGGCTATTGTCTAAAAATTTCCATCAAGAACTTTTCAGTATGCGGTAAATAAGAAGGTCTTTCTTATTTTTCACGGCCTAAATAAAACCTTTACCTCTTTTGTGAAATTTTTAAACTTAAAAAAAGGGGGTTAAAATATAGATAAATGATAATGAGCAGTATTATAGCTACAAAATAGGTTTGGTTTTGTAGTTATAAGTTGCTGACTTATATTCTAAAAAAGCTTTATCTATTTTATATGTTTTTTTTAAGGTCTCATTCAGGTCATTTCTAATACTAATCTAGCTAAATATATTTAAGACTAGTAAATTATTGCCACCTACACAATGAATTTGTATTTCAACCTAATACTGAAGAAAAACAGCTTTACCTCCTCTTTATTTCACTTGTAAACATTTCATAATGTTAAAGTTAACCCAAAAACCTTTAGACTGATTCAGGTCAGTGCAGTAGACTCTTCATTCTAATACCTTTGAATAGTAATAATTAAATATTAGAAAAAATGAAAACTCCAAACATCGGAATTACAGACCAAAACAGAAAAGCGATAGCAAACCAATTATCAAAAATATTAGCAGATGAATTTGTACTTTATTCAAAAATCTTAAAGTTCCATTGGAATATTGAAGGCCCAGATTTTCATACGGTTCACATTTATTTAGAAACATTATACCATGAACAACAAACAATCGTTGATAATGTAGCTGAAAAAATACGTATGCTAGGCCATTATGTTCCCGCTACTTTACAAGATTATTTAGATCTAACACATCTTACTGAAGAAACAAAAGGAGGTAATGACAGTCAAAGTATATTTGCTGAATTATTAGAAGATCATGAAAGTATTATTGTATCCCTTAGAGAAGAAATAGAACCTATATCAGACAAATGGAAAGCAGAAGGCATCGGTGATTACATTACGGGATTGATGGAACAACACCAAAAAACTGCATGGATGTTAAGATCACATTTAAAATAATATCATTCAATACAAAAGAGAGTCGCCGAAATTTATAACGCTAAATTTCGGCTCTTTTTTTATACTGACCTAAGTCATTACCAAGCACAATAAGTTATGCTAATTTTATATTGAAATTTTGTTACAACAACAAAATCAAAAGTTAAACACAAAAAAATACAACCATGAACTATAAAAATATAACAATAGCAGGAAGTGGTGTTTTAGGATACCAGATCGCTTTTCAAACTGCTTTTTATGGATTTAATGTTACCGTTTATGACATTAATGATGACGTAATAGAAAAGACAAAAACAAAGTTCAACACTTTAAGTGAAGCATATAAAAAAGATATAAATGCAACACAACAACAGATTGATGAAACATTTAAAAATTTAAGTTACACTTCAGATTTAGCAGAAGCAGTAAAGGATGCAGATTTACTAATTGAAGCAGTACCAGAAAATCCTTCTATAAAAATAGATTTTTATAATAAGTTAGCTAAAGTTGCTCCTAAAAAAACTGTTTTCGCTACAAATTCTTCAACATTATTACCGAGTCAATTTTCTGAAGCCACAGGTAGACCTTCAAAATTTTTAGCGCTTCATTTTGCAAATACCATTTGGCTTCACAATACTGCTGAAATTATGGGACATTCTAAAACAGATCCAAAAGTTTTTACAGATGTTATTGCCTTTGCCAAAGCTATAGGAATGCTAACATTACCGTTGCACAAAGAACAGCCTGGCTATATCCTTAACTCGTTATTGGTGCCATTATTAAGTGCTGCTATAAACTTAATAGCTAATAATGTTGCTGATTTAGAAACTATTGATAAAACCTGGATGAAAGGAACAGGTGCACCACTAGGACCTTTAGGTATCCTTGATGTTGTAGGTATTAAAACGGCCTATAATATTAATAAAATAGCTGCAGAAAAAACAAAAGATCCCTTAAAGATAAAAACAGTAAAATATCTAAAAGATAATTTTATAGACAAAAACAGACTAGGGGTTTCTACCGGTGAAGGTTTTTATAAATACCCCAATCCTGCTTATCAAAATCCTGATTTTTTAAAATAAAAATCAACTAAAATTTAACCTGTTAGTAAGAAGGAAGTAATATTAAGAGAAATAACGAAATACAGATAAAAAAAACAACTGTTTTTTATCTGTGAATCATTAATAAAAATAATAAAACCTGTTAAAATTTAAACTAATTTTGCACGCTATTATTTTGGCTCTATTGGCCTTAAAATTTATTAATGTACTAAAAATGGACGATCTAATTACATTTGCTTTAACTGTCTTTACTGGTTTTTTTGCTATAATGAACCCTATCGCTGGTATTCCTTTATTTGTTTCTTTAACAGAAGGTGCTGATTCAGAAACCAAAGAACGAATAAATAAAAAAGCGACTTTAACAGCTTTTTTAATTGTATCTACATTTGTAGTCTTAGGTAAGTTTGTATTTGATATTTTTGGTATTACTATTCCTGCTTTTAAAATAACTGGGGGAATACTTATTTTCTATATCGGATTCGAAATGCTTCAATCTGTAAAATCGAGTGTTAAACACTTAAAAAATATAGCCTTCGATGAGCAAATAGCAATCTCACCATTAGCAATTCCTCTACTTGCTGGCCCAGGTGCTATTGTAACTGCAATGAATTTTGTAACCGATGTAGATGCAACACGTATCATAATTGTAATCATAATGTTTGGTTTCATCTGTGCTTTAACATATTTATCATTTCGCTTAAGCGATTTTATTGTTGAGAAAATAGGGAAAAATATAATTGGTGTTTTAAATAAAATAATGGGGTTAATTATTGCCATTATCGGTACCAATATGGTTATTGAAGGCATTAAAATCTCATTTAATTTAAGTCTATGATCCACAGAAAAAGAAACAAAAACCTTGGTTTAGCCGAACTTGTTGCCATTGCTTTAGGCGGTATGGTGGGTGGTGGAATTTTCACGGTTCTAGGTATTGCTGTTTCTATTGTGGGTAATTTGGCGCCTGTCGCTATTATTATAGGCGGCTGTATCGCTGCCTTAGCAGCCTATTCTTACGTTAAATTAGGATTATATTATAAAGATGAAGGTGCTACATATTCTTTTTTTAAACGCACCTATCCTGCTTCAAAATTTTCAGCCTCTGTAGTCGGTTGGTTTGTTCTTTTTGGATACATAAGTACCTTAGCATTGTACGCTTACACATTTGCTTCTTATGCTATTAGTAGCACCGATTTCGCTAATGATATTTGGATTAGAAAAAGTATAGCGATAGCTGTTATTGGTTTATTCACATTAATTAATATTTGGAGTGTTAATGGAATGGGGAAAATTGAAGA
NZ_CP058981.1_gap41	1611779	1615539	3760	ACGTTGGGCTAATATGAGGTCTAAGTTGACTATTATGGGCATGGTTATATGGTTAGGTCGTTTTCTTGTTGAATTATATTTCCTTTCTTAAGAACAGCAGAAAAAAGTCTAAAGAATAATCCTAAAATTATAAGCAGAATATACAAGCCTTTTGAGTCTATATTAAGATAAATCTGATTATGAATATCACCATAGTTCATCATAAAAAATATGGAAATAAGCGAAATCACAATGCCAATTATTCCAGAGAATAAAAATAGAGATCCTGCTTTATAATAAGTAGTTACTAATTTCGAATTAAAAAAATCACCTGTTGCAAATATTTTTAAGTTTGAAATTAGCGTGAATACACCATACACAAAAATTAGCAAAGCCAAGGCTTTAGCTAAAAATACACCTTGTGTTGCTAGAGAAGGTTTACCTTGTTGCAAATGCAAAATATAAGTATCAAAAAATAACGCCAATGTTGAAATCGTCAAATTACCAACAATTGAAACAACAAGCGCTAAAAACAATAATATTATAGAGTACCTTATTTTTTTCATAATCAAACCGTTAAATTATTTTCTTCCTTGGCATTTTTCGCTACCTTAAATACCTCACTCAAGACCATAAAAAATAAACCTAAACAAATAAGCATCAAATAAGGACTTAAGCCTAAGTGTATTTTAAATTCACTTTTAAAAACCACTTGCCCTACAAAAACCAATACAGAAGAAGCAATCCCAACACTAGTAAGCAAATAACCAATCTTATAAAAATTAGCAATAACATCCTCATGAAAAGGTTTTACCTTCTGAAAATAACGCAATGTTTTTCTAAACAGATAAACACAATAGATTGTCGCTAGCGCTAAAACCATAAAAACCAAACCAAACATCTGAATTGGTAATGTAGAAGTTTCAAATATAGAATCATCGACATCAACAAATAGATTTAGAAATTCAGGATCTACAAACATATAGACCATTAGAAATAAACATATCAGAATTGCAGGAATACAAGTCACTATCCAAACAAAATCTATTAAACTTTTTAAAATGATTAATTTTCGCATTGTAAATAATTATATAGTTAAGTCGTTTTCTTCTTTCATAGCCTTAGTATCTCTAAGAACTGTACTCATTAGCATTAAAAATAATCCCATTGTAATTATTAATAAATAGACCAATGTTTTTTCACTTAAACCAAGCAAAGCGTGCCGTTTAAAAAAACTATTGCTCACCTCATCAATAACCCATAAAGCAACTGAAGAAAAAACCATAAGTTTTCCCGAATCAAACATACCTCTCATAAGTTCTGTATTATAAAAATTATTTTTTAATAGCAATTTGGTCGCCTTTCTTAATTTCCAAAGAGCAACGACAAATACAGCATAAACCACAAGCTTAAAAAAGGTATAACGATAAAGCATGGCTTCCGTCTTATAAATTAATACATCCTCACTAAAACCAATAAAATCTTGTTTTATACCAAAGAGGGTCGTTGCTAAAACAAAAATCCCTAAACCAATGCTAATTAAAATAAGAATAATAATAACATTTAGTATCAAATAAAGTGTTTTTGCAGAATTCATAATTATCGTTTTACGATAACAAATATACATAAATTATCGAAAAACAATAATTTTATTATTGAAAAACAATGATTATTATATTAGACCTTTCTGGTTTTAAAAACCTAACAGGTATTAAGGTCTTTTCATATATTTGAAACATAAAACATCCATAACTCGCTTTTGATACCCAAAGAAATGATAAAATGGATGTACCATGTGACCGATAAAAAAACAATAAATATAAACACATGAAACCCAATACCATCATTTCCGAAAGTGATAGACCAATTTGGCAAATACCCATTGCTGCGCTATTTTTCACATTGGCTTTCGGGATCATAGCATATAAATTTTTTCTTTGGATAACAACAAACCAACCGCTTGGTATCCGAATTATAGATTTTGAAGGTGTTATTTATTTTGCTGGTATTGGCGCCAGTTTTTGTTCCAGAAAACGTATCCATATAGACATTGCTAATTCCAGATTTAGACCAACTATAGAAGTTGGTCCTATAAAATTTGGCTCGTGGCAAACTATTAAAAACTATCAATATGTTTCAGTATTTCATCAACCAATAGAAGGTGGCGATTATATATTTGAAGTGAATTTGTGGTACGATAACAACAAACATTTTGAACTCTATTTTATTAATAACTACCAAGAAGCGTTCCTTATGGGTTATGAACTTTCAGAACAATTAAACATCGATTTATTAGACGCTACCGTTCCCAACGACTTTAAATGGGTTGATAAGGATGAGTGGAAAGCTAAAATAGCTTCTGAATCTATCGCTTAATACTTTTTTTTAGACCTAACAGGTTTTCAAAACCTAGCAGGTCTTTTACTATCTTTACAAAATGCAAGACACCTTTGTTACCATAGCTAGATTTCAATATTCTTCTGAAGCAGAAATTATGAAAGGCCGATTAGAATCAGACGGCATTCAAGTATTCTTAAAAGATAACATTACCATTGACACCGATCCTTTAGTAAGCAACGCCATTGGTGGCATAAAATTGAAAGTCTTAGCTAAAGACGAAGAAACAGCAAGAGAGATCTTACAATCTATTCAACAATATTCTGTAGATAACGAAGGAGAACCTATCACCTGCCCTAATTGTGGTAAAAACCGTATTGAACTCTATTCTACCATCACTAATTTTAAATCCTTAGTTTCTTTTCTTATTGGTTTCCTAACCGGAACCTTACCTTTCAGTACGCGTTACCAATACAAATGTGACGATTGTAAAACCGAATTTCCGCTTAAAAACTAAGCACCTTATCATAAGCGAGTTTTAACTTTTTAATCACATTTTCTAGCTCATCTTCGTTTAAATGTCCAAAACCAAAACGAATGGCACAGGTGTTTTTATCTTGGTATAAAATAGTTTTCGGTAGAAATAAATCAACTTTCTCTGCTTCTTCTGCGAGCTTCACTAAAGAAATGGTTTCTACAAACTGCAACCATATAGCCAAACCCCCTAAAGGTTTTTCCCAAATGATAATCCCCTCAAAATAAAACGTCAAATAATGACACAAACAATCACGACGTTGCTTATAAGTCACAATATTTTTTTTCTTTAGACGGTAAATTTCACCTTCAGAAATAAGCTCGGACAACATTTGCTCCTGTATTAAATCGCCTTGTTTATCTAATAATTGCAAGTAATTTTTGGCTTCTTGAATAAAATTTTCTGGCGCTACCACAAATCCTGTATGAAAACTAGGAAATAACGATTGCCCTAATTTACCCAAATAAATAACCATACCATTGGTATTAGCACTTGCCATAGGTAACATAGCAGAACCATCAAACTGAAAATCGTAATCGTAATCATCTTCTATAATTGCAAACCCATAAGTTTTTGCTAATTCTAACAACTCTAAACGGCGCTTAGCACTTAAAGTTACAGTTGTCGGATAATCTCTATTGGCACAGACATACACACAACGAATACTTTGTTTTACAAAATGCTTTCGTATATAGTCTACATTTAAACCTTCTTCATCTACCGGAATGGTTCGAATTGTAGCACCTGCTTCTTGAAAAATCATGTTGGATGCATAATTACTTAACTGTCCAACAAGTACCAAATCATTTGGCGCTATTAAAAGCTGAGACACCACATAAAGATTCATCTCAGTACTTCGCGTATTCATTAAATTATTCGAATTAATATGAAAACCTCGTGTGGCATTCA
NZ_CP058981.1_gap42	1735643	1737000	1357	CTACTACAATAATGTCGATATGACGTTTGTTTGCAGGGTTTACAAGATTGATATTATCTTTATAAGTTGTCCATTTATCTTTAATTGGACCTTCTGGTACTTTTGAATCTAAAGCCATATATATTTAAGATTAATGGTTAAAGTGGTGAAATAATGCTACGATAACAAAACCTAAAGGAATGATAATTGAATATGCTAACCCAAAGTTTTTAAAGAATTTCTTTCTACTAGAAGCAACTCCCATTGACTGTAAAGAAGAAGTAAATCCGTGCATTAAGTGTAATGATAAGAAGACAAAAGCTACTACATATGCTATAACTCTCCATATTGGAACAAACTTATGTTGTAACTCACCAAAGTATCTTGTTGGATCTTCTGGTAATACTTCTATATATTTATGGTTAATTTCTGGAACCCAAAAATCAATAAAGTGAAGTACAATAAATGCTAAAATAGCAAGTCCACTGTAAATCATGTTTCTACTCATCCATGATGAGTTTGCTGCTCCATTATTTTTTTTGTAGCTAATATTCCCTACAGCTTTTCTATTTCTCACTTCTAAAACAAACCCAAGTACAAAGTGAAAAATCACTCCGAAAACTAAAACGGGTTGTAGCGCAAATTGTACTAACGGATTGGTTCCCATAAAATGAGATAATTCGTTAAACAAGTCAGCACTAAAAACTGACGTAATGTTAACTGCTAAGTGAATAATTAAGAAAAAAATTAGGAATAACGCAGAAAGTGCCATGGCAATCTTTCTTCCTATCGACGAATTTAGAATTCCGCTCATTGTTGATTTGATTAGTTTTTATGTTTAACAAAGATACACAGCAAATGGGTTTTTGACAACTTCACCGTGTTATAAATAATTTATTTAGAATCAATTTAATTAGCCTTCAATACCATTGTTAGTCTTCCTCTTGAACACATCATAAAATCAATGAATACAACACTTTAGAACACGCTCTATCAATTACAACACTGCCATTATTTCGGCAATTATTATAATTAAGACCAATGAAAAAGGATAAACTGCAGCATAAGCAATTTGAGGGGCTTCAGATTCTGTCATAGAATCCGCAGCACTTAAACCCGGTGTTGATGTCATTCCACCTGTTAAAGCACCTAAAATAGACAAGAAATTAATCTTCATAAAAAAGCGACCTACAATAACTGTTATAATCATTGGCACTAATGTAATAATTGCTCCATATAGAAATAAAACAACCCCATGCTCTTGAATGGCTGAAACCAAACTTTGTCCTGCATTTAAGCCAACGGGAGTTAAAAATAACAACAGTCCAAATTGACGTAATATTTGATTTGCAGGACCTGTCAAATTCCAAATTACACC
NZ_CP058981.1_gap43	1902524	1906785	4261	CAATGTATATTTTTGAATATGCAGAGGAGCATGGTTTTAAGCCAGAACGCCCCGATTATCAGTTAATTGAAACAGATACGGTACACGTGAAACAAATGATCTCATTAAACCATGTGTCTGAAGCTACCGGTATAAATATTGAAGCATTACAGTTTTTAAATCCGGCTTATAAATTAGATATTATTCCAAAGGTAGAAGGAAAAACATATGTCTTAAGATTACCGCGTTCAGCAATTGGAACATTTGTCACTAACGAAGATCGTATTTATGCTTTTGCAAATGCAGAATTTAATAAGCGTGAAAAACCATTACCAGAACTTATTAAAGCAGATAGTAAGATTAGATATCGTGTACAAAGCGGAGATTATCTTGGTAAGATTGCAAGGAAATATGGCGTAAGAGTAAGTCAATTAAAGCAATGGAATGGCTTAAGAAGCAATAGTTTAAAAGTAGGACAACGTCTTACTATTTTCGCTAAGAATCATGGTGTTACTAAACCGGTACAAAAGCCTAAAAAAGTAATCAATACAGCAGGAAAACAAGTCTATAAAGTAGAGTCTGGAGATTCACTTTGGAGTATTGCTCAAAAGTTTCCTGGAGTTTCTGTTGATAATATTAAAGATTGGAACGATATTAGTGGTAATAAACTCAAAATAGGAATGACACTTGTAGTGTCTAAATAAAAAACCAACAAAAATTATAAATTATGAGAGCTTTTTGTACTGTATTATTTTGTGTATTGCTTGTAGCATGTGGAGATAAAAAGGAAAAAGACAACACTATTTATTTACCCGCTTCAAATGGAAATTTAAATACCATTTCTATAGTTGCAGATAATAATGTGTGGGATGGTGAAGTCGGAGAGGAGATAAGGAATATTTTTGCTGCGCCAGTAAATGGTTTACCAACAGAAGAGCCTTTATTTAATATGAAACAAATTCCTACTCAGGTTTTTGACGGATTTGCTGCACGAAGCAGAATAGTACTTAAAATTGAAAAAGGTAATGTAGAATCTACAACTAAAATTGTAAATAATCCCTTTGCTAAACCTCAAACAGTTGCTGTAGTTGGTGGTAAAACAAACCAAGATATCATAAGGGAATTAGAAGAGAATAAGGATAAAATTATTGATGCTTTTAATAAAGAAGAAGTTAACGAAAAATTAAGACGTATTAAGCTTTCTCCATTAACGGATAAGAACATAGAAGAGAAGTTAGGAATCTCTATGAGTATTCCTTCAGTTTATAATATCGCTAAGTCAGACGAAGATTTTTTCTGGCTTAGAAAGAATTTAAGTAATACTAAAACGATAGACCTAATGCTTTATACTGTACCAATGGAAACTATTTCTAAAGGCGATAGTGCAATTGTAGATATTGTAAAGATGAGAAACGATATTACAAAAACTAAAATACCAGGAGAAGATGGTATTTATATGGAGGTTGAAGATGCTTATGCGCCATCAATGTTTGAAACGATTATAGATAATAAGCCAGCATACGAAGTGAGAGGTATGTGGGTAATGAATGGTTTTACAATGGCAGGTCCATTTATCACTTATACCATTGAAGATAAAATTAATAACCGTTACATTGTAGCAGATGGGTATGTGTATGCACCTTCCTTAGAAAAAAGAGATTATATTTTTGAATTGGAAGCGATGATTAAATCGGTTAAGATTAAATAATAATTAAAACTTAAAACAAAAAGAGGCTATCTAAAATATATTTTAGATAGCCTCTTTTGTTTTCTTACAAGAGAAATAAAAGTATTATTCTTTCTCTTTAATATCTGTAGATTCTTCTTTGCTAGCGTCTTTAAATTCTTTAATTCCACTACCTAATCCTTTCATTAATTCAGGTATTTTTTTACCACCAAACAATAAAAGTATAGCAAGACCAATTATAACATATTGCCATGGTCCTATGAATAAAAATATATTATTGAAAATCATAATTTTAAATTTTAGACTACAAAGTTAGTAATTATAGTTTATATAACAGTATTCTTTAGTCAACTTTAAGAGTTAATGGTAGTACTATTTCAGTATTTTAACTAATTTTGTTTTGATGGCAAAAAAGAAAAAAAAAGAAAAACAGTTTACTAAAAAGTTACTTCATAAGTACCGTTTAGTTATACTAAACGAAGATACTTTTGAAGAACGTTTTGCAATAAAGTTAACAAGGCTTAATGTGTTTGTGTTATCTTCACTTTCAGCAATATCACTTATCTTTTTCACGGTTTTACTTATTGCATTTACGCCTTTAAGAGAATATATCCCAGGCTATTCATCAGCTAAGTTAAAAAAGAGAGCTACTGTTTTAAACTATAAAACAGATTCTTTAGTTCAAGAATTAGAGTTGAATAAACGCTATTACGCATCTATCAGAAAAGTTTTAATAGGAGATGTTGCAACCATAGATTTTAATAGAGATTCTATTATAGAAGCAGCTAAAAATGATCTCGATATTTTACAAGTCCCAACAAGTAGAGAAGATTCTCTTTTAAGAGCTAAAGTAGATAAGGAAGATAAATATAATTTGTTTGAGGTCTCAGATGATCAATCTTACGTATTATTTCCACCTGTAAATGGAACTATTTCTGAAGGTTATGACCTAAAAGAAAAACATTTTGCTGTAGATATTGTAGTTCCGTTAAATACCCCTGTAAAAGCAGCTGCAGATGGTACCGTTATTTTTGCTGAATGGACTATAGAAACAGGTTATGTGGTTATTATAGAGCACAATGAAGAGCTTATTTCTGTTTATAAACACAATTCTGCGATTACAAAATCTCAAGGAGATTTAGTAAAATCTGGTGAGGTTATAGCTATGTCTGGCAACGCAGGTGAATTAACCACAGGCCCACATTTACATTTTGAACTTTGGAGCAAGGGATACTCTGTAAACCCAACTAACTTTATTAATTTTCAGTAATGGTATCACTCAAAGCCGCACTTTCAAAACCTTTTGCAAAATACGTCGCAAGGAAAATAAATAAATGGTCTTCTAAACCTTTAGAAACACAACAAAAAGTGTTTCGTAATTTAATTTCTACAGCGGAACACACCGTTTTTGGAAAAGATCATAATTTTAAAAATATAACATCGTTTGAAGAGTTTCAAGCTAATGTTCCAATTAGAGATTACGAAGAACTTAAGCCTTATGTAGAACGCGTTGTTGCAGGTGAAGAAGATATTCTTTGGAAGGGTAAACCTATTTATTTTGCAAAAACTTCAGGAACCACATCTGGTGCAAAATATATTCCTATTACAAAAGAAAGCATGCCAACTCATATTGAAGCGGCAAGGAATGCAATTTTGCTATATATCCATGAAACTGGAAATGCGAAATTTGTAGATGGTAAAATGATTTTCCTTCAAGGAAGTCCTATTTTAAAAGAAAAACACGGTATAAAATTAGGTCGATTATCTGGTATAGTTGCTCATTTTGTCCCTAAATATCTTCAAAAAAACAGATTGCCAAGTTTAGAAACCAACTGCATTGAAGATTGGGAAACTAAGGTCGATGCAATTGTAGAAGAAACGATCCATGAAGATATGAGTATCATTTCTGGAATACCACCATGGGTACAAATGTATTTTGAGAAATTAATAGAGAAATCTAGTAAGAGTGTTGGTGATCTTTTTCAAAATTTCAATTTGTTCATTTTTGGAGGTGTTAATTATGAACCTTATCGTGCTAAATTCGAGAATCTAATAGGAAGAAAAGTAGATAGTATTGAGTTGTATCCGGCAAGTGAAGGTTTTTTTGCGTTTCAAGATAAACAAGACGAAAAAGGAATGTTGCTTCAGCTAGATTCAGGAATATTCTATGAATTTGTAGAGGCAGAACATTTTTTCGATAAAAACCCAAAACGAATTACAATTACAGATGTTAAGTTAAGTGTAAATTATGTAATGATTATTTCTTCTACAGCAGGATTATGGGCATACAATGTTGGAGATACTGTTGCGTTTACATCATTAAAGCCTTATAGATTGATTGTTAGCGGTCGTATAAAGCATTTTATTTCAGCATTTGGCGAGCATGTTATTGGTAAAGAAGTAGAGCAAGCGCTTAAAGAAGCAACAAAAAATACGTTAATTTCGGTTAATGAATTTACGGTAGCCCCTCAAATAAGTCCTGAGGAAGGTTTACCTTATCACGAATGGTTAATAGAGTTTGAAAACGAACTAGAAAATGAAGCTGAATTAATTGAAGCCTTAGAACAATCTTTACAACAACAAAACAGTTATTAT
NZ_CP058981.1_gap44	2027779	2032112	4333	TTTACACGTCCAGATAGGTATAAGTATTTGTTTAAAACATCTCCATGTCTATTTTCTTCACCTGTCCAATGTCTTAACCAAGTAGACCATCCGTTACGTTCAATTTGGTCAACACCTTCTACGTCCATTAGCCAAGATTCGTAACTTGGTAAAGCTTCTTCAGTTATCATATCACCAACTAAAACGACCCAGAAATCATAAGGTAATTCTTTAGAGAGTTCTCTAATTTCTTTTACTTCTTCAAAAAATGAATCTTTTGTAGAGTCTGGTAAAAAATCAGTGGGTTGCCAGATTTTTTCAACAGGAATTAAATATTTTTCAATTAAGGATTGTACATCTTTTTCAAGATGTTGCATCACTTCTAGTCTTACATTTTTTAACGACATCTCTTAGGGTTTTTTTGAGAAGATTATTTCTCGATTGCATTAATAATAGTTTGTTCTACTTGCTGAATTAATTCAGTCTTATCTGTAAAGTTAGTAATTTCTACGGGCTTATGTACCGTAAATTTCATATGATTTCCTATTCCCATAGGGAAATTACCATAGCGCAGCATCTTCCAAGAGTTGTTTACAGTGACCGGAACTATAAGTGCTGACGGTATTTTTTTAATCAACATTTCTAATCCTTTAGTCTTAAAAGGTTTTGGTTTTCCGTCTTTACTTCGTGTTCCTTCAGGAAAAATAACAGCTGCTCTTTTTGTTTTTTCAATATAAGATCCAAAAGTCATCATAGCAGACAATGATTGTCTTGGATTCTTTCGGTCTATTAAAACAGAGCCACCATGTCTAAGATTATGAGACACACTTGGGATTCCTTTTCCTAATTCAATTTTAGATACAAATTTTACATGATGTTTACGCATATACCACATAATTGGTGATATATCGAACATACTTTGGTGATTAGAAACGATAATTAAAGGGCGGTCTGTGCTTAAGTTGTAAGGGGTGTTAAATGAAATTCTTGTACCTAAAAGATTTAGGCAGCGCATAATGAAAAACTGTAAAGTATCTACTGTGTTTTTTAATGCTTTATAGCCAAATACCTTAAAGCTAATCCATTGAATAGGGTGAAACACGACCAAGGTGAAGCCAAAGCACAAATAGAATATAACCGAAAGTGGATAGGCTAATAGTTTTCTCATTCAGCAAAAATATAAAATGTTAGGCATAAAAAAACTGTCATTTTAAATTTTCATGTTGTAATCAACAATATTTAAAATGACAGCCTTTAATAAGTATTGAAACTTTAAGTTTCGTTTACTCTAGCAATACTCGTTATAAGCATCTTTAAGGTTTTCTGCGATTAACTCAGCAGGACGACCTTCAATATGGTGACGTTCTAACATGTGTACTAATTCACCATCTTTAAATAAAGCCATACATGGAGAACTTGGGGGAAAAGGAACCATATGTGCTCTTGCTGCATCAACGGCTTCTTTATCTACACCTGCAAAAACAGTAACGATATGGTCTGGTTTTTTTGCGTTTTCTAAGCTCATTCTAGATCCAGGTCTAGCATTTGCTGCTGCACATCCACAAACAGAGTTTACAACGACTAAAGTTGTTCCTTCTTTTGCAATAGCACTCTCTACAGCTTCTGTTGTATGTAATTCTTCAAAACCAACTTTGGTTAAATCCTCACGCATTGGTTTTACTAATTCTGCTGGGTACATATTTTTTTCTTTTTAATTAATCTTTTTTGAATTGCAAAGATAATGAAAAATAGTGGGCAGAATTCAATAGCTAGTTGTCAGTTTAAATGATGGTATTTTGGTTTTCAATAGTGGTGTAAAACTATCGGCTAAATGTGAGTAGAAAACCATCTGCTGCAACACCTTCGTCTAATATAAGTTGCGTTGCTGTTAAGGTAGTAATTGCGTGATTAATACCATGATTATGTATAACTAAATATCCCACCTCTCCAGTGGTTGTAAGCACTTGAAAATCATAATCTCCAGAAGATAAACCATCATAAATAACAGCTTCGGTGTTATTATTGGTCACTGTTAATTGTAAATTATCAGTATCAAAATCCCATGTTATAAGTCCTATTTCAAAATCGTTATCTACACCAGCGAAACCGCCAGAAACATTTATTAAAGACCAAGGACCATTAAGAGTCGCGTTTGTGTTTTGCTGTGCGTCGTCATCAGAATTGCAGCCAAAAGTAATTAGTGTTAGGATTAGAATGTATAATTTAGATTTCATAATATGAATTGTTGATTGTATTTAAAAGATACCAAATTATATAAAAGGTTGCGTACAAAAACGTAACAAAATGTAATTTCATACAACTAACAAATAGTATCTTTGAATTTCAAAAAAAAGAATAGATGAGTTTTGCAAAATGGATTGGTGGTGCTTTAGGATGGTCTTTTGGTGGTCCTATCGGTGCTATTATAGGATTAGCTTTGGGTAGTTTTGTTGATAATATAGCAGATAAAGGAGCTACTTTACTTAATGATGGTGAAAAAGGAAAGCAAGATCCATACAGAACAACGCAAACTAGACCGCGAACGCAAACCCAATCAGGGGATTTTGAAGTAAGCCTCTTAATTTTAGCTTCTGTTGTTATAAAAGCTGATGGTAAACAAGACCAACGTGAGCTTGATTTTGTGCGTCAGCAATTTGTTAATATGTATGGTAAGGATCGTGCTAATAAATCTTTTGAATTATTTAAACGTATAAGTAAGCAAGAAATTTCTACACGACAAGTTTGTTTGCAGATCAAACAAATGATGGATCATGCATCGCGTTTGCAATTGCTTCATTTTTTATTCGGAATAGCAAAAGCAGATGGTATTGTTACTGAAGATGAGTTGAATCAGATTTATATGATTACGGGTTATCTAGGAATAAGCAACAGAGATTACCAAAGTATTAAAGCGATGTTTTATAATAGTAGTGATAATGCTTATAAAATTCTTGAAATAGATAAGTCTGTAACTGATACAGAAGTTAAAAAAGCATATCGTTCTATGGCTAAAAAATACCATCCCGATCGTGTAGGTCACTTAGGTAAAGAGCATCAACAAGGTGCTGAGGCTAAGTTTAGACAGGTACAAGAGGCTTATGAGCACATTCAGAAAGAACGTGGCTTTAAGTAGATTTTTGATTATTAGATAAATTAAGTAGATTTTACTCTTTTCTCTCTTTTTCTTTTTGGCGTTTTTCTATGTATTTAAAGTAGCGCATAGATTTGTATTTATTATAGATAAAAACACATAGGACAACAAATCCTACTATAATTAATCCGTTTTTGCCAGTAATATAACTCAGTAGTTTCATGATTATTTTTAAAATTTTTAGCTCAGTCGTTTTTTACGGCTAAATCTTTCGTTGTTATTTAGTAATAATTAGCAAAGATATTTGATTTATCCTCTAAACAGGAAGAAGTCATCTTTCATATCTTCAATTTGCGAATCCTCATTAGTTATAATATAATCGATGGCTTTTGAGGTAAATTCATTTCCTTTTTTAGTTAAGGAAACGATGTTTTTCTCAATAAGAATCATATTATTTTTCTGTGCTAAATCTAAGACGCTTCTCGCTCGAACTTTTTGCCAATTAATATGTTCGTAAAGATGATTAACGTGGCGTTCTTCTAGCTCTTCATGATTCTTTAGGTGTAGTAGGAAAGTTAATAAAGATACTTCTGTGCGTTGTTGACGTTCTCTATACATTACGGCAATAATACCTTTTGAAGGTGCAAATAAATAAACCAGTAAGAATACAATACCAAGCATAGTTGTTATTGATCCGGCGATTGACGCATCTAGCCAATGTGCTACCCAATACCCAAATACAGCACTAAATACGCCAAAGCTAATGGCTAAAGCAAGCATTTTCTTTAAATCGGTGGTGAGTAAATAGGCCGAAGCTGCTGGTGCAATCATAAGTGCAACGACCAAAATAGCGCCAACGGCATCAAAGGCACCAACCGTAGTTACGGATGATACAGACATTAATCCGTAATGGATAATTGCTGGTGAAAACCCGAGAGAAGCAGATAGTCCTGTGTCAAATGTGCTTACTTTTAATTCTTTAAAAAATAAGATTAATAGTGATATTGTAACGAGTAAAATTGAACCAATTACCCAAAGTGATTTTGGTCCTACATCTGTACCGCCGATTAATAATCTATCAAAAGGGGCAAAGGCTAATTCACCTAATAAAACGGCATCGACATCTAGGTGTACATCATTAGCGTTTTTTGCAATAAGAATGACGCCAATACTAAATAATGCAGGAAACACTAAACCAATTGCTGTGTCTTCTTTTACTAAGCCTGTTTTCTGAATATATTCAACTAAGACAACGGTAATAAT
NZ_CP058981.1_gap45	2039899	2044057	4158	TGCAAAAATGACTTATCTAACAAATTCTACAAAAGGTAAAATAGAATTAAAGGATGGTTCGTTTATATATTATGATGGTGATAAAGTATTTCATTCATCAGATTTAAAAAATGATAAAGCAGCTCGTTTTGATGCTTATACTTGGATGTATTTCTTACTGTTTCAAAATAAATTAAGTGACCAAGGAACAATTTGGTCTGAACTAGAAACTTCTGAGCTTAATAATAAAATGTATGATACACAACATTTAAGTTTTGAAGCTAATACGGGTGATGCTCCTGATGATTGGTATGTTGTTTATAGCGATCCTGAAACACATATGGTGGAATATGTTGCTTATATCGTTACCGTTAATAAATCTAAAGAAGCTGCGGAATCTGATCCACACGCTATAGGGTATTCTAATTTTAAAACCATAGATGGAATTCCATTTGCTCACAATTGGGAATTTTATGAATGGACTAAAGATGGTGGTTTAGGAAAAGTGATAGGTGAAGCAACGTTAAAAAATATAAAATTTGTAACTCCAGAAGCTGATACATTTACGATTCCAGAAGGTTTTATTGAGAAGTAATAATAATTTACTTGTTCTGAATTAAAGCTTTTATTACAAAGATTAAGATAATCTCTATGCCTATATAAAAGATGCCATGTATAATGGTGAGGTTAAAAAAAGTAACAAACGCTATTGCGGAAAAGCATAAGCAAATACATAGAATTAGACTACTAATAAAATCTTTTGAAAAAGTTGCTTTGTTTTCTTTGTAATCGAAGAAGTAAGCTATTAAAATAAATATTATAGACAAATTCTAATTGATATTAAATCCCTTTTTTTTAAAGGGATTTTTTAGTGGCATCCACAACCATCATCACCTCCACAGGCTTTATTCGATTTTTTCTTAGTAGGCAATACGTACTTTTTTGCTAAAAAGAGCACTGCTAATCCTACAGCGGAAAATGCTAGTGTGTTTTGGATAATAGTGTTCATATATTTCTTTTTTAAAAGTTTTACGTTTTATACTATTACTTCTTTAAATTAAGACTTGGTAAGCCACTAGAGCTACAATATAAGCAAAAGTACTCATGATTACTAATTGATAAATAGGCCATTTCCAAGAGTTAGTTTCTCGTTTTACAATAGCAAGTGTACTCATACATTGCATAGCAAAAGCGTAAAATAGTAATAATGAAATACCAGAAGCAAAGTTAAATAAAGGTCCACCTAAAATAGGGTTTACTTCTCCTGCCATTCTATTTTTAATGGTTTCTTCTTCGTCACTACCAACACTATATATAGTTGCTAGAGTTCCTACAAATACTTCACGAGCAGCAAAAGAACTAACAATGGCAATACCAATTTTCCAGTCGTAACCTAAAGGTCTTATTGCAGGTTCTATAGCATGACCTGCAATTCCGATATAGGAATGTTCTAATTTCTGAGATTCTATTTTTTGATGTAATTCTTCTTTCGTTAAATTCTCAGAAGCATATTTTTCTGTAATAATACTTTCTGCATTATTAAAATTATCTCCAGGTCCGTAAGATGCTAAAAACCAAAGTACAATTGAGATGGCTAAAATGATTTTACCAGCACCAAATACAAAAGCTTTTGTTTTTTCTAAAACTGTTAGTGCTACATTTTTAAATAATGGTAACTTATAATTTGGCATTTCTACAACAAAGAAGCTCTTGCTTTTTAATCCCATTATCTTGTTTAGTATCCAAGCTGAACCAACTGCAGTTCCGAAACCGATAAGGTATAATAGCATTAATGTTAATGCTTGGTAGCTTAAACCTAAAATTCGACCTTCAGGAATTACCAAAGCAATAATAATAAGGTATACAGGTAACCTAGCGGAACAGGTTGTAAAAGGTGTGACTAATATGGTGATTAAGCGTTCTTTCCAACTTTCAATATTACGTGTTGCCATAATAGCCGGAATAGCGCAAGCAGTACCAGAAATTAAGGGCACTACACTTTTTCCACTAAGTCCAAAGCGGCGCATAATTCTATCCATTAAAAAGACCACACGACTCATGTAACCACTTTCTTCTAGAATAGAAATAAACAAGAACAAAAATGCAATTTGTGGAATGAAAATAACGATTCCTCCAAGTCCAGAAATGATTCCTTCTGCTAGTAAATTAGTGAAAGCGCCTTCTGGTAAAGTTTCTTTGACCCATTCGCTTAAAGATGCAAAAGAACTATCTATAAAATCCATTGGTACACTAGACCAATCATAAATAGCTTGAAACATTAATAATAAAATGAGTCCAAAAATTAAATATCCCCAAACTTTATGGGTTAATATTCGGTCTAATTTTATACGTAAATCTTTTGCCGACTTAAGGTCAATAGTTTGTCCTTTTTTAAGCGTTTCGTTTATAAATTGGTAACGCTTTATTGTTTCTTTTTGTTGAAGGCGTTTTAAATCTGTTTTAGATTTTGTTTTAAAATCCTCAACAGCTTCGTAATTTTTTCGGTCTGTTTTACCAAAATTGACATCTTGCGTAATAACCAACCAAAGTTTATATAATAATTGGTTTGGGAATGCTTTTTTTAAATTATCAAAATAGGATTCGTCTATGGTTGACGAATTTAAACAAGGCTCTACAGAGAGTTCTTTATGTTTTATAATTAGTTCTCTAATCTGCTCTATACCTTTATTTTTTCGGGTGCTGACTAAGGCAATTTTTGTTTTAAGTTCTCTTTCTAAATGTGCGATATCTAAAGAAATACCTTTGTAAGCCATTCTATCAGACATATTAATCACCAAAATTGTTGGGATCTCTAAATCTTTAATTTGTGTAAATAGTAAAAGGTTACGTTTTAGGTTTTCAACATCACTAACAACAATGGCAACATCAGGATAATCTTTGCCATTTTTATTTAGAAGTAATTCTATAACAACATTTTCATCTAATGAAGAAGCGTTTAAGCTATAGGTTCCGGGTAGGTCAATAATATGTGCTTTTACGCCTCTAGGAAGTTTACAAATACCTTCTTTCTTTTCAACTGTAATACCTGGGTAGTTTCCTACTTTTTGATTTAAACCGGTTAGGGCGTTAAAAACAGAAGTTTTCCCTGTGTTTGGGTTTCCTATTAAAGCAACATTAATTTGCTTACTCATGCGCAGTTTCAATTATAATATGAATAGCAGTTTCTTTTCTAATAGCTAAATGTGTACCATTTATATTTAGGTACAATGGGTCTGCAAAAGGTGCGACTTGTACAAGCTCTACCGTATTCCCAGGTAAACATCCCATTTCAAGAAGTTTTAATGGAATATGAATAGAAGACACATCTGTAATGATGCCTTGTTGTCCGCGTTTTAATTCTGCTAATGTCAACCTTTGCTTATTTAGAATTGTTTTAAAGAAGCAAAAGTAAGAGAAATTTATTAGTGTAAGAAGCTAGATAAGGAATATTTAACGGCTTTATCCATTTCTTACTGCTTATCAAAATACCTTAAAGTTTCTATGTCTTCTATAAGGCGCTTTATATCTTCAGGTTTAGTACCGTCGTAAAAACCTCTAATTTGACGTTTTTTGTCAACAAGTATAAAGTTTTCGGTATGTATCATATCATATTGATCACCATTACCGTCTGTCTTAACTGCTAAGTAGCTTTTTCTAGCCAGTTCGTAGATTTGTTTTTTATCACCAGTTACAAGGTTCCATTTTTGGTCATTAACACCTTTTTCTAAAGCGTATTTTTTTAATTGGGCAACACTATCAATTTCAGGTGTTACAGAATGTGAAAGCAGCATTACATCATCGTCACCCATAATTGCTTTTTGTACTTCAGCCATATGGCCTGTCATTATTGGGCAAATGGTTTGGCATGTTGTGAAAAAGAAATCAGCGACATAGATCTTGTCTTTGTAATCGTCTTGTGTTATCGTTTTTCCGTTTTGGTTGGTTAAACTAAAGTCAGCAATTTTGTGATATTTTAATTGATATTGAATTGTGCTATCTACTAATTCTTCACTCACCATTCCTGGTTGATAAATGGGTAAATTTTGTTTTACATTAAGAATATTATAGATAATTACAAGGATAATAATTGAAAGTACAGAAAAAAAGATTCCAAATTTTTTATAGCCTTTAAAGAACGCAAGAAATGACATTATGTATGTATTAAAGATAGTTGTCATA
NZ_CP058981.1_gap46	2047776	2048283	507	GCTTATTGTTCTTCTCGGTTAAGCCTGGTTAGGTTGTTAAATCGACCCTTGCAAATTTCAGATAGCACCCATTATTAATTCAAACTGAAATTCAGAGGTAACTTGCATCAGAATGTGTTTTTAGTTTTAAACTGTGTGATCTGTGAGTATTAAAACTTGTATTCTGTAAAAGAAGAGTTTCTTTAATGAGCTTTACTGAAATCCAATATGTATATTTTGTATAAGTATTAAAATTATACTGAGAAAAGATAGGGTGGGTACTACTTATGGTATTAAAATTATTTAGGGACTTAATTTATATATTAACTTATTGTGACTTTGTTTATGGGTTTATACTTTTTTTTTAGTTGAGTTTGTGTATTGAGAAAAATTCTTAAGTTGTGTTTCGGGATTTAGTATAATGATATTATGCAGGGCTTGAGATAAAAGTTTTGACTTTGCCTAGTTTCGATGATCGATACCGTAATGAGAAGTGATTTTGTAATCTGTAGGCTAAAGAATCATATG
NZ_CP058981.1_gap47	2101542	2104997	3455	TCCAACTTACTCTTTTTTCGACATCAACTTTTAAGTTTTTGTCTAAAATATTGTAATCATGAATTAATTTATTTTTACTCTTTATATAAATTCCTTCGATGTTAAGAATTTGATTAATTGTTAATAAGTCCAATTTTGATATCGATGGATCATTATATTCGTCTTTTTTGAAAATAGATAAACCTTTAGTTTCATTAACCATTAAAATGTAATTTATTAAATTAGATTTGCTTAATGAACTTTTTAAGATTTTTTTAAAATTTTCAGGTCCTTTGAGTGTGTCAAAATCAATCGAAATGTTTGATTCGTAGTGAATTTCAATATTTGATTGTGAAAATGAACATATAGGAATAATTAGAAATATGAAGTACAATTTTTTCATAAGTATGTTTAAGCTTGTTGATTAAATCTGTTTGCTTTTTCTTGTTCGCACAACTCAGCGTATAATAATGTCATTTGCACTCTTTGAATCGCGGTCGCACCTGTTACAGAACCCCACCATTGAGCATAATAATGCCCTTGCTCAAAACAGGAGGTGGCTTCGAGTTCATAGCTTTTATTATCCATTTTAGAAGCATTCATGCTTCACATAAACATTACCACAGCCATAAGGCTAAATACTTTTTTCTTCATAATTTAAGATTTTAAACCCATCATATTTTTTAAGACAGGTTAGTTAATAAATAATGTCTCCCTAAAATTTAGGGAATAGAAGTCTTTTAAATTTAGAAGTCATTTGTTCTCTCATTAAGAAAATGAGAAGTAGAAGTCATTTTTTTTTGCTATTGTATTCTTTAACAAAATAAAAAGCTTGCGCAAGTTATATGTTTAAACATTTTTTTGTTGGTTGAAACATAAAGAGTGACTTCTAAATTGCTCTAAATGTGGTTTCCAACGCTGTAAATCTAAAAATAAAAAATAGAAGTAGCCAAGGGAATTATGAGAATTTTCTATCAATTTTAAGTTTACGGTTTTTCCGTAATTACGCTGTGGAAAAACCGTAATTAAAATCGTGAGATAATTAAAAATTTAACAGTTTTGAGTTTGAGTTTTGACGTTAAATTTTTGTGGGTGAATATGTTGTTGCGGTTTTTAAAATAGAATCAATCTTTAAAATTAGGGATTTCAAATAATCATTCACAATAGAGTCTATAAATCTTTAGATCATAACACATTTACTATTAGGGGTTTGGGTAAATATATCTTCTAAAGTGCCACATCCTCTAGATAAATTGAAATCATTTTGGTAGTTATTGTCAAGGTTTTTCATTTCAAAATTAATAGATGTTGCTTTTTTATTTTTAAGTTGAAAACAATTAATAGATCATTTAAAATAAATCCAAAAGAGTATAGAGGCAAGGAATTGAAACTGTTTTGGTCTAGAAAAAAAATCACTTTTATTCCATCATAACAAAGTATTCAGAATAAATATGCATTTTTGTACTTTCAAATTTGTTAATTCCTAGTGATTTTGAGTGCAATCTAAAGGTTTTAATACTCAAATATTTTAAATAGAGATTATTTTTAATCCTGGTAAGAACATTAATTAGTAAACAATAAAATTCAAATAAAAACTTAAAGATGAATCAAAACAAATTACCTGCAGATCCATTAGCACTTATTTTAGGAATATTAGCATTAGTTATGGGTATTGCTGGTTGTTGCTGTTATGGTATTACGGCAATTATTCCATTAGCAATGTCTATTATTGGTCTGGTGATGGCAAATAAAAGTTTAAGAGAGTTTGGCGAAAACCCAGAGGCTTTCAATCCACAGTCTAGAAGTAATGTAAATACCGCAAGGATTATAAATATTATTGCCATTGTACTTAATGGTTTAGTAGTTCTTTTTGCACTTGCTGCACTTGCTTTTTATGGTACTTTAGTTTCATCTGCCGTTTTAGATGGTATCCAAAATGGAAATTTTGAAGAAGATGATTATTATTACGAGTCTGAATACGAAACAACTATAGAGCCAGAGAGTTCTGAAAATTGGGATGATGATGCATATATTATAGAAGAAGAAGAGGTAGATTCAGTTCAGGTTGAAGAATTATAAAAAAGAAGAGAGACTTTAAAATACAAAAACGCGTTTAACTTTTTAAAGTTAGACGCGTTTTTTGTTTAAATAAAACTTGATTTTCATTCGCTTAACGCCAACTAAGCTGTTAGGTGATGTTTTAGAAAAGAAATATATGATTGCCTTGTTATTATTACATTTGGAACGGTAATTGTATTTGTGATGCTTGTAACATAAAAAATGCGTCACATTAATTATATTTACAAACTAGAGGTTATGAGTCGAGTAATTTAAGAATAAATTATATCGGAGAGGTAATTAATAGCGAGCGTATGTGACCGTAAATAACTAGATATAAGAACATGAAACATTTATTTACTATCATATTATTTTTTGTGGGATTCCAAGCGCCTAATGGTGAGAAGCAATCTGCTTTTCAAGGTGGCGAATGGTTTAAGTTTGAAATGAGTTATAGTGGTTTTCTAAAAGCAGGTAACGCAACACTATCGGTTAATGAAACAAATTTAAAAGGAAAACCTGTTTACCATGTTGTCGGAAAAGGTTGGACCACCGGTGCTATAAAATGGTTTTTTAAAGTAAAAGACCGCTATGAAAGTTATTTTGATAGAGAAACAGGTGTACCGTATAAATTTATTAGAAAAATAGATGAAGGCGGTCATACCAAAGACATTGAAATTAATTTTGATCATGATTCTAGGTTAGCACAAGTAAAGAATCTTAAGAAAAATGAAATAAGTACAGTTTCTACTGAGAAAGATGTTCAAGATATGGTATCCATGTATTATCATCTTAGAAACAAAATTGATATTCCATCTTTAAAAGTAGGAGATGAAATAAAGACGAATATGTTTTTTGATGAAGAGAATTATGGCTTCAAAATAAAATATTTAGGGAAAGAAATTATTAAGACTGAATTTGGTAAAGTTAAAGCGCTTAAGTTTAGACCTTACGTTATGGCAGGTCGTGTATTTAAAGAAGAAGAAAGCTTAACGTTATGGGTAAGCGAGGATAAAAATAAAATTCCATTAAAAATAAAAGCAGATTTAGCGGTAGGTTCTTTAAGAGCAGAGTTAGTTGCTTTTAAAGGTTTAAAACATCCGTTTGAAATCATTTACAAAGAATAATTTAAATATGTCAGAGCAAAAAAATTACGATGATATTGTAAAAGCGCTTGAAGAAAAGTACGCAAAAATAGATCAAGATACAGACGACCATTTATATGGTCTTCTTTACAGTAAACCCATAACCTATTGGGACTATATACAAACTGATGCTTTGTTGAATCTGCAAATTCAACGTACCACACTTCCAGATGAAATGGTTTTTATTGCCTACCATCAAATTAACGAATTACTTTTTAAAATGATTCTTTGGGAAATAGCTCAAGTCGCAGAAAAAGAAGATTTAGATGTTAC
NZ_CP058981.1_gap48	2222464	2223434	970	TTGTTACAATTATTAACTATGAAATTAGTTCAAACTAAATAATTAGTTATATTTGTAGTGGGTTTAAACTAAAAACTTAGTTATATGAAGCAGTTAACAAAAGCAGAAGAAGAGATTATGCAAGCCTTATGGTTGCTTAAAAAAGCGAATGTAAAATCGGTTATAGAAACTTTACCAGAACCTAAACCTGCTTATAATACTGTTTCTACCATAATTAGAATTTTAGAATCTAAAGGTTTTGTAAGCTATGAGAAAAAAGGAAAAGGGCATGTGTATTTTCCTGTTGTGGCTAAAGAATCTTACAGTAATCAATCCATTAATAAATTAGTCGATAATTATTTTCAAGGTTCATTTAAAAGTATGGTGTCTTTCTTTGTTCAGAAAAATGATGTGGATATAAAAGATATAGAAGTCTTATTAGATGAAATTAATAAAAAGAACTAATTATGCTTTATACGATACTTCAAATTATTGCATTTCAAGCCTTGTTTTTATTGGTTTACGATTTGTTTTTAAAACGAGAAACCTTCTTTAATTATAATAGAGCGTATTTAATGTTGACTTCCGTTTTGTCACTCATTTTGCCTTTTGTAAAGTTCCCGACATTGAAAAAACTGGCCACTAAAGATATGGTAATTCATTTACCCGAAGTTTTTATAGGGGCTAAAACACCAACGGCTTATGATATTCAAATAGCAGAACAAGTTGGTATCATTTTAGAGCAACCAAAAACCCCAATTTGGCAAATTGTAGCACTTTTTGGAATTGGAATTGCAACACTCATTTTTCTTATTAAAATCACCAAATTATACTGGGTGAAATATAAAAACCCAAAGCGTTGGAAAGGCAATGTGCTTATTGTTAACTTAATAAAGAGTAGTGCAGCTTATTCATTTTTCAATACTATATTTTTAGGAGAACATATTTCTGAAAGTGAAAAATCTACCATTTACGAACATGAAATGGTGCA
NZ_CP058981.1_gap49	2225349	2229777	4428	GTGTGGTTTCAGAAATTGCTTGATTTAGGTGAAGAATCTGAATTTATTTATGAAAAATTGAGTCTGTCTTTTGCGCAAAATTCGGATTATATAGAAGCTATTAATTTCCGAAAAAAAGCTTTAAAATATAGTCCGAATGATGCCAATGCGATGTTTGTAATTGCTGGTTATTATGAAAAATTAAACAATTTTGAAAAGGCAGAAGAATTTATGACTAAATCTTTACAATTAAAAGATCTTCCGCTTTCAGATGAATATCAACGATTAGGCACAATTTTAAATCGTCAGAAAAAGTACGAAGCAGCCATTAAAACATTTCAAAAATCCTTAAAAGAAGATCCTTCTAATATGGTTACTGAATTCTATCTGTTAAGAACCAAAGACGAATATTACGCTGATATTGATGCAAAAATTAGAGCGTATGAGAAGTTTGTAGAAAAACATAAAGAAAATCCGTTTGTTAGGTTTTCAGAATCTAGATTAAAAGAATTAAAGCAAGAAAAGTTTTTAGCTGAAAATTAATATTGTAATTATGAAGTAGAAGGTGTCTTCATAGTTGATTTTAAATGCGTTGTGGTCTATGCGGTATATTCTAGAAAATATTTGTACTTTTCGGTGTTAGAACTGTATTAATGAAACAAATTGTTTGTCTTTTACTCTTATTTTTCACAATGATCTCTTGTGATTATTTCGACAAGAAGAAAGTCTATACCGAAGATTTGCTAGAGGAAGAATTGCAAACCTTTAATTGGAATGAGGTTGATGCTTACCCAACATTTACAAGTTGCGATTCTATGTCTGCAAAAGAAGATCGTAAAATCTGTTTTCAAAATACTTTAATTACCAATGTTAATCAATATTTAGCGCATCAAAATCTTGTTGTATCTAAAGATGTTAGCGATACTATAGTACTTAAAATAATTATAGATTATAATGGTAAATTAGAAGTAGAATCGATAGCTATAAAACCTGAGACGGTTAGTGAAATCCCTGAAATTGATAGTTTATTACGTCAGAGTTTAAAAATTATTCCAAAAATTTATCCAGCAATAAAAAGAGGTCAACAAGTGACTACGGCTTTTGAGTTTCCTGTTAATGTAAATATTAATTAAGTTTACTTTTTAAAGTTCCTGCCTTTCCATTCATAAGTTTTAAAGAAAGATAAAAAGGCAACACTCACATTAAAAATAGGATATAGCATACTAGAAAATAGATAAGAAAGTAACAAGTTTTCTTGCCTAAAAAAACGTGTTGTTTTAAATAGTAATAAAAAGTCGATACTAAATTTTATAACTAATAAAGCGATTATTGTTTGTGATGATGAATAGTTGAAAATAAGCGAAATAATTAATCCTAAAAAAACAAGATTACCAAGTAAGACAATCAATCCAACTAATTTTGAAAACCAAAAATTATAACGACTAGCTTTAGAGGCCCAACGGATACGTTGATGCACTAGGTTTTTAAGATTTTCAGCCGGATTTGTAGTTACTATAGCTGTTTTTGCTTTTAAATAATTTACTTTTTTTGAGTCGTGTTTAATAAATTTTTCAAGTAGAAACATATCGTCACCACTCGCAATTCCATCATTACCTTCAAAACCTTTAACGGATTTAAATTCCGATTTTTTATAAGCGAAATTCGCACCATTACACATAAAGGCCTTATCAATACCAAAACCACCAATTGTAGCACCTTGTAAACTCAAAAAATCTAAAGTTTGAAAACGATTTAAAAACGAATTCTCACCGTGATAAGTTACAGGGGCAACAATACAATTTGGTTTTTCTGTTTGAATACTTTCATCAAAAGTATCAAGCCAATATTGTGGTAAAACACAATCGGCATCCGTTGTAACAATCCAATTATAATTAGAAACTTTAATCGCTGAGGTTATAGCATCTTTTTTAGGGGAATTTGATGTTCGTTCGTTTTTAATAATCCTAATGTTATTAATAGTAGAATTTGAAGCTAGAATTTTTTCGAGAATTAAAACCGATTCATCTTCAGAATCATCATCTACAAAAATAATTTCAAATAATGATTTAGGATAATTCAAGTTTTCAATAGACGCTAATAAATTGGGTAGATTTTCAGCCTCATTTCTAAAAGGAATAACAACAGAAAATTTAGTTTTAGGTTTTAAATCTTCAAGTTTTAAATCTTCAAGTTTTAGATCTTCTACTTTATCAAAGCCATAAGTCAATATTCCTATAATAATGAGATAAGCTATCGTAATACATATGGCGATTAATAGCAGCATTATTCTAATGGTTTTGGGAGTTTAAATTTAATAACAAAATAACTTCCAATGCTACTTGGTAGTACAAAATTGAATAACCACATAAGTGTTGTGATGGTTAAAATCGTAAGTTCATTCACGTTTAAAAAATCAAACAAAAATACGGCAATACTACCTTTTATCACAAAGTCTAAAATAGAAATAGCAGGTATAATAGAGGCTAATAAATACATGCTTGTAATAACGATCATAGCGTCAAAATAGCTAATTTCAATCCTAAAAACAATCAATAAATAATAAAATTGAGATGAAAATAAAATATATCTAAGTAGCGAGTATAAAATATTTGTTAGATGTGTTTTTAAGCTAATCGATTTTAAGAAAATAATAACAGAGCGGAAAGAAAATCCTTTAATTTTAAAATGGTTCTGCTTTGTTAAAAAAAGTAAAAGTAAACCAATCAATAATACAATCACACTATATTGTAAGACTGTATAATAATTGATTTTTATTGAATACCGATTGATAAAAAACAATAAGCCAATACAACCTAATAGTGTTGTTATGATCATTTGTGCTAAATTCCCAAGAAGGTTTAATAGTACAATTTTTGTTCTAAACGGTTTTGTGTAGTACATCGCTTTTGCACCATATTCGCCAATTCGGTTTGGAGTAATTAACGATGCTGTGAGTCCACCTAAACTTTGTTCGGTAGCTTGGTGTATAGAAATTGGTTTTATTGACTTTACAAGGTTTTTCCATTTTAGAATTTCAAAAAACCAATTAAAAAAGCTTAAAAGGATTAAAAAAGTGATGGTTTTGAATGAAAATGATTCGTATTTGTCTAAAAAAGTAATAAATACACTAAATTGTAAGTTTTTGTTTTCAGTCAGTTTAATGTAGATAAAATAAAAAGCAGCAACTACAATACTCAATTTAAAGAGTAAAAGCAATAATTGCTTAGTTTTGTAGTGTTTAATGAGATTCATATTGCAAATAAAATCAAAAACTTACAGATGCAACACGCTTTTAAAAAATACATTTTCTTTTTTGGTATTGTTTTTATAACATTCAGTAGTCAGGCACAATATGGCAACACGGCTAAATGGAAAGCTCTTTTTGCAGTTGGCCTCAACTATCCTACAACAGATGGTTTTGTAAATGGGTCTTATGCCAAATCGGTGAATTTTCCAACTGTAAATTTAGGAATTCAACATATGCTTACTAATCGCTATGGTGTAAAATTAGATTACGGATTTAATCGTTTTAAAAACTCGAGTGATACACCAGATTTTAAGATTAACTACTCTAGGATCAACGCACAATTTGTATTTGACCCAACGGAATATATTGGGTTTGTGCCCATGCGCATGCGTACTATTTTGCATGCAGGTCCTGGTATAAGTTTTGTGAAGCCATTAGGAACTTTAGGAGATAATAAGCAGACCTATGCTAATCTTTTAGGTGGTTTAGAGTTGCATTATGCTATTAACGAAAAAGTTTCTGTTTACACCGATGTTGCTTATATCTATGGCTTAACATCTTTAGATGATTATAATCCGGCCTCAACAGGTCTAGGTGCTTTTAACGGTAGTGTTTTTAATCTTACCTTTGGCTTGGCGGTTTCTTTAGATGGCTGCCGATACTGTAACTAAAGCATGAGTAAAGAAAAAATTATTTTAGGAATTGATCCTGGGACTACAATTATGGGTTTTGGACTCATAAAAGTTGTGGGTAAAAAAATGGAGTTTTTACAATTAAATGAGCTCATGCTTAAAAAGTATGACGATCATTATTTAAAACTCAAGCTTATTTTTGAGCGTACCGTAGAACTCATAGATACATATCATCCAGATGAAATAGCGATTGAAGCCCCTTTCTTTGGGAAAAATGTACAAAGTATGTTGAAGTTAGGAAGGGCACAAGGTGTGGCTATGGCTGCAGGTTTGTCACGCGAAGTTTCTATTACGGAGTACGCCCCAAAAAAGATTAAAATGGCAATTACTGGAAACGGAAATGCAAGTAAGGAGCAAGTGGCTAAAATGTTGCAAAGTATGCTGGGTTTAAAAACCATACCTAAAAATCTAGATTCAATGGATGGATTAGCAGCTGCGGTTTGTCATTTTTATAATGAAGGACGTGTAGAAGTTGGTAAAAGTTATTCTGGTTGGGGTGCTTTTGTAAAA
NZ_CP058981.1_gap50	2244031	2246817	2786	AGTTAAAATTAGTACCTAAATTATAGTTAGCATAATAATTATTTTGCACCAATTCACGGTCTAATAAGTCGGCATTAAAACTTTCAATTTGTCTTTTGTAACCAACATCTAAGGTTTGTAGTTTAAAGGATTTAATATTAAAAGAAAGATCTGTTAAAAGCTGTGTGTAATCATCAGATTCTGTGTTTGCAGAAGTCATACCTGCTGTACCTTTAAATGTGATGCTTGGTATAAATTTATAAGATAATCCTAAAGAAATATTATTAGAGGTTGCGCTATTGTCTGTAATGGTGTTATTGGTAGTTCTGTAGTTATAATTACCGAGTATAGCTACTTTTGTAGATAAAGGAAAGACCACGTTACTATTAAATGAATAAGCTTTGTTGTCTCCATTATCAAAAGTATGTGCTGCTTTAGATTCTAAAGTAGGAGCAAAGCTATTGTTTAATTTATTTATAAAGTTTGTAGCATCTTTTTGGTTGTCGTAAAATTTTAAGGTGTTCTCTGCTGAGGTATAAGCTTCATCTATGTAGCCTAATGCCTTTAGTACATTGGCTTTTCCTAGGTTACCATCAAAAGACGTACTGTCGTTTTCTAATATTTGGTTGTAATCGGTTAAACTCTTTTTAAAATTACTCTTATATATATTTAAAGTCGCACGTAGGGCTAAAACCCAGTTTTTGTTTGGGTTCTCAATAATTAATGTGTCAATTAAATTTGTTGCTGCTTTAAACTTCTTGTTCCAGATTAAAGCCTGTCCATAACGCTCTGTGGTTTGTTTAATAATATTTTGATCTGTGTTGTCATTTAAACTATTAAAAGCTTCAGTACTAATACTAAGTGCTTTCTTTTCTTTGCCATTTAAATGTTCTACCAAAGCTAAACCATTTAATGCTATGATTTTGTGTTCTGGTTGTTCTGCTAATCGATTGTACATGATTTTTGCACTCTCTAGCTTATTCCATATTAAATAGAGATTAGCTAAGTTTAATAAGGTGTCTTTATCATCTCCATATAACTCAAGGTTTTTGGTTAAAAGAATTTCGGCTTTATCATAATTTTGTGCTTGTTGGTTTTGGTAAGCATAACCTAAATAGATATACTTTTTAGAGACTAAAGCATTTGGGTTTCCTGGTGAAACGTCTAAGGCTTTATTTACCATAGTTAAAGCATCTTCATATTCCTTTAAGTTAGAAAGTGTATTTGCAAAACCTAATAGTGCAGCAAAACTCTTTGGATCTTCAGTAACTAAACCTTTATAGTAAACTTTAGCATCAGTAAAATTGCTATTCCATAATAAAGACTCTCCGTAATTTAGTTTTACTTCAAAATCATTTGGGTAATCTGCGAGTAACGCTGTAAATAATAAATTAGCCTCTGCTGCTTGTCCGTTAAGTCCAATAGCACGACCATAACATAAACGTGCCGTTTTATTGTTTGGAAAGTCTTCTAATATTGTACTAAAGAAAGATTCAGCTTTATTATATTTTCCTGTTTCTAGGTAAGTAAAACCTTCTTTCATATCTTGAGCAGTGGCGCTAAAAGCGATGAAAAATAAGCTGATATTAATAAGTGATTTTAATGTCATAATCTCTGTGTAATTTTCTAATTGCAAGTTACGGTGTTATAGTTTGTCATTCACCTACAGCAACTTGCCATCCGTCGAAATATACAGAACATACACGGAAATACGTGAGATATTTGTGTCAGATTTAAACGAATACTAGTTAAAAATGAAGCAATTATTAGCAGCAATCAAATCAAGAAAGATAACACCAGAGCAACTGTTTATGGTAAGTGTTTTAGCTGTAAATGGAGGTAATTATTTATATAATCTTATATTAGGAAGGGTGCTTGGACCAACCGAATTTGCTGATGCTGCCGTATTAATAACTTTTTTATTGGTGCTGTCTTTTATGGCGATGACGTTTCAATTGGTTACCGCAAAATTCTCTGTGTTATTTGAAAATAATGTCTTTAAAAACTTCATTGCTAAAACTTATCAGCAAGCATTTTTAGTAGGAGTTATATTAGGAGTTTTAATCATTATTTTTTCGTCGCAGTTAAAAACAGTTTTTAACACATCTTCTTCTATGATGTTTGTTATTTTTGGTTGCGGTGTGCCTTTGTATTTTTTAATGAGTGTTAATAGAGGAGCGTTTCAGGGTAAAAAAGCTTACAAGTCTTTATCTATAACCTATCAAAGTGAAATGTTAAGCCGATTGTTAATTACATTGGGTTTAATCTTTTTATTCAATATACAATCATCAGCGGTCATTGCTATTGGCATTGTGTTGTCTTTTGTGTTCGGAATGTTTCCTTTCAAAACTAAAAATATCAATTTTAAAAAGTCGCAAGCTCTAGCTTTAGATGATAGCAAACAGATTAAAAACTTCTTTTTGTTAACTGCATTTTACGAGCTTACACAAATCATAATCAATAATAGTGATATCTTACTGGTAAAACATTATTTTGAATCTTACGAAGCTGGTTTATACGCCTCATTAGCCTTAATAGGTAGAATTGTATATTTCATAGCTTGGATGTTTGTAATGTTATTGTTACCTGCAGTAGTAGAGTTGAAGAAAGAAGGTAAAGAAACGGCTTCTGTATTATTTAAATATGTAGGTTACATTGCTGTTATTTCAATTATTATCGTTTTAACATGTTTAAGTTTTCCAGAGTTAATTATAAATATACTTTTTGGAGAACAATATATTTCTATGGCTCCTTTATTATGGAAATATGCCATTGCTACCTCGATGTTTGCTATTTCTAACATCTTC
NZ_CP058981.1_gap51	2257568	2262008	4440	TGAAAGGCTCTAGTATGATTGCTAAGCAAGGTACAGCAGTTAGAAACATTAGGCTAGATCACGAAAACGAAACTTACATTGAAGGCCGTGTTGGTGCTCAGCAAATTGTAATTATAACAGAATACGTTAAGAAAACTTAATCGTTATTTTTTTTATTAAAAAAATCGAAACTAAGAGGTATTAAAAACACCATAAATAAGTATTTTTTGGTTACTAAACCGTAAATAGTTAAAGCTGCTAGTAACACCATTAGTATTATTTTGTACTTATATTTCATTTTGTAAAAATATGAATTTTTACAATTCCTTTTTTTATTCCGAAATGAAATTGCACAGGTTTAAATGAAATAATATACAGGTTTTCATAATTTTATTTAAAGTTCTGATACCTCTTAGTATTGATATAAGATTATTAAATTAATCTCATTATTTATTGATTTAGTATTTGTTGATTGTAGCTTTTAAAGGGGAGTTTTAACAAGACATATCTGCAATTATCTTCCATTCACCATTTATTTTTTTGAAGATGATCATAAAAACACCATTGGCATTTCCAACTTCACGTTTTAGATGATATTCACCCATCACCCAATAATTATCACCTTCAATTTTTGAAATATCATTAATCAAAAATTTTAAGGTGCCGCTTTCTGCTTTTGTCGGATAGCCTTTCTTGTAATTCGCTAAGGTTTGATGCCAGCCTTTAGTAAGTCCATTGCTACCATAAAACTTAAGCGAATCGCTTTTCCAGTAGCCTTGCATAAATCCTTCTAAATCGTGGTTGTTCCAAGCAATCTCTTGTGCTTCCATTACTAAGCGTATGCCTGCCTCAGCAAGTTCGTTAGATTCGCTTTTGTGCGTTGTTTCTGTGGTAACGTCTGCCTTAATACTAATACAGCTAAAACACGATAAGGCTATGGCAAAGACGAGAATATATTTCATAAGAATTGGTTGTTGTTTATCATCTAAAAATAACAACTAATTTTCTAAAGAATACCCTTTTGTTGTTTTAAAAACGCATCGGCTTGATTTTGTATTAGAATCCTTGCCTGCTTTCGTTTGTAGTTCATCAGCGCTTCTTCATCTGCAATTTCTTTGTAGACTTTGTTATTAATTTCATTATCGGTTTTTAAAAGGAGTTGGCGTTCAGCAACCTTTTGCATGGTCCAGGTTTGAATCGTGGTTTCTTGATCTTGTAATTTATAATCGAATTCACCTTTTGAAGCTAATAGTTTGGCTATGATTGGAGAGGTTTCAATCGCTAAAAACAATAGAAAAATAAAGAAGGATGGTAACCAAGGTAATTCGCCTAAAGCGGTAATACGTGCCATTAAACCATCAAAATTATCAATAATAGGTTGTGATGTTTCAATATTAATAGTATAATCTGCTTCAAGCGTTGCTATTTGGGTTTCAAGCGCTTCGATTTTAGTTTTAGTATCAGATTTTAATTCTTGTAACTCGGCTAATCCAGCATCATGCTTGTCGCGCTTTTCCTTATACACAGGACCTTTGCCCAAAAGTTTAGAACCTGCTGTGCCTTCAGCTTCTGAAATATAAGTATTATATAAGCCATTGACTTCCGCTTCTTTGACATCAATTTGAGCATTTAAGCTTAAAATTTCACTTTCAAGCGTAGCAATTTTAGGACTAAACTGTTCCGCAATTTGATTCTGGTTCGCTAAGGTTAAATCATTTTTTTGTTCTAATAAAACTTGATTAATTTCTTTTTCAAAAATCTTTAATTCTAATGGTTTTGAAATGACTACAGCAATAATAAGTGCTAAAAAAAGTCGTGGAGTCGCTTGAAGGATTTCATCTAAAATATTGTCGCGCTTTTTAATCGTTGAAACAATATAGCGGTCTAAATTAAAAATGAGTAAACCCCAAATGAGTCCAAAGAAAATTGAAGTATAGAGATTGTCAAATACGGTAAAAAGGGCATAACTAGCTGCAATGGTTGCCATAACAGCGGTAAAGAAAACGGTAGCTCCAATACCAGCATATTTGTTCTGTTCACCAATGGAGCAGTCGTTTAAAATGTCGGTGTCAGCGCCAGAGCAAAGGATAAAGAATTGCTTTAACATAAGTGTTTGTTTTTTGATTGACCTAAAAATTAGGCTGATTGATTGACTATTAGAACGCTAAAACATACTTTTTGTTACATGTTTAGATGAAAAATGCCTCATAAATTGAGGCTTTAGATAAAAAAGTAATCTGTATTTTTATAAAGTTAGATTTGTAATACCATACTTTTTAAATAATTTTGCTAGTTTAGAAACATGAGATTTTAATTTCTCTGAAGGTCTATTATCTAAGGCTAACTGAAAAGATGGATGCTCTCTATATTTTCCATTATACTCAATTGTAGTATATCTAATATCGTTTTTAACAAGATATACCTCGATATCATCTTGATATTCTGGTGATTTGGCTGGCTTAGACCTAAATTTCTTTGAATCTTTATTTTTTGAGAAAACAAAAGTATTCTTAATTTCAATTGGTGATAGGTTTGCTATTACAGATTCTAAAGTTTTTAATGAAACAGCTTCAAAGTTTTTAAAAGTATTATCCTTACTTATGGAATAAGTACCATCTTCAGAAATAGTAATGTAAACCAAACGTTTTGTTGCTGTTTCTTTAATTGGTTTTTCTGATGTGTAGGTTTCGATTGGTATGATTATTGGATCATTCTTATCTAAAAGTTCTAAAGTTTTGATCATTTTAGGTGAAGATTTTAGTGTAAACATTTCGGTTTTTTCTTCTTCTGGTGTTAGTTGATTGTAAACTTTGTAATAGGATTTTCCATCTTTATTTATTTTAACGTAAGGAGCAAAAGGAGTTATAGGCAATTCTACGGATTTTTGATCTTTTTCTGATAATTTATAGATATAGTGTTTTCTTAGCTCTAACCATAAGTTGTTCATTTTACTCTTCTCAGCTTTTGTTTTATGAAGAAAATGGGGTTTTGTATGTCTAAAAGTTTCGTATTGCTTAAACTTCTTAAGATATTCTTTTTTGATTTCTGAATCATTAAAATAATAATCTTCTATGCTATTAGCATTTGGTCCACCATTAGATGTTTTTTGTTTTGCAGGAGGAGGTGGTGGTGGAAATTTTAAACCTGTATTTTTTAATTCATCATCTGCAATTGGTAATTCTACAGAATTTTCTTTCTGTGTTGAAGTCATACGTTTATAGATTCCAACATATTTAATTAAGTCTTTTTGTTTTACGATAGGATAATTCGCTGTTTTACCGTTGCGTTCGTCTTCTTGAGCAGCTAGCGTTTCTTTTTTTAGTTGTTTAGCCCAATCATTGTATTCTGCCACTTCCTTTAGTGTTGGTTTTTCTTGGATTTCTTTGTCTTCGCCTACTTTTTTATCAGGTGATACATTATTTCTACGATTAGATAGCTTTACAACATACTTTTCATTAACATCTAATTGTGTTAGGATATCTGTACGCTTACCTTTATTATTTGCTGCAATAGCTTTTGCTTCTTTAGCAGAAATTTCTTCATCATTTAAATAGAAAGAAGCACCTTCGTTTTCCATCTCTATTATAAATTCTAAAAAGGAAGGATTGTATATACTTTGAGTGTCATTTGGGTTGGGGCCTCCTTTAGATGTTTTTTGTTTTGCAGGAGGTGGAGGAGGTGGAGGAAAAGTCGCTATTTCTTCTGCTGTTAACTCATTACGTTTTTTGTAATATGTTTTACCATTAAGGGTAATTTGCACATAAGGTTTTATTGGTGAAATAGGTCTTTTTACTTTTGCTTTATTTTCTTTAGACATTCTAAAATATAGGCCTCCTAAATCTGAAAACATATCATCTAACCCTTCTTGTTGTTGCTTTGATTTGTTAATGTAATGTGGTTCAGTAGTTCTAAGCGCTTCATAGATATCGTATTTTTTTAAATAGATTTCAACAACGTTTTGGTCTACATAATTAATTTGCAACTCCTTCGCTTTTTTTAATTCATCTTTAATGTGTTCAACATGGTCAATAGTGGATGATTCTTCTTTTTCAACATATTCCTTTTCAGCAAAACTGTAAAAAAGAATCGCAATAATGGGAAGTACCAATAAAGTACTTAGCCAAATTCTGGTTTTTGAGGTTTGTGTTTTCATAACTGTAAATCGTTTTTTGATTGATGAATAATTGATGGCACTCGTTAATTGATAATCTTGAGTGTTTGATGAAAATTGTAATAAAATATTTTGATACGTTTTTGTGTCGGCTCCTTGTTTTAAAACCGCTTGGTCTGCTAAAAACTCATGATTGAGTTTTATATGATGTTTCAATATGTAAATTAGAGGATGAAACCAAAATACAATCTGTAAGACTTCTAAAAATATAATATCAATACTGTGTAATTGTTTAGCATGCGTTTCTTCATGCAGTATAACTTCCTCTGGTATGTTAAGCGATTCATATC
NZ_CP058981.1_gap52	2265316	2268873	3557	TTGAAATTAAAAAAAGAAATTCAATTAAAAATTATTGAATTATCTAAACTTATGGCGGACTATCAGATTAATAAAATTGAGTCATGTTAAATTAAAATAAATGATTTTCTTTAAAAAAAGCTCCTAATTTTTACAGAATATTATATTTAATTAAAGTATATATGTAATAAGTAATTATATCAAATTTTTGTACGGAAATTTGCATTCTAAATTTAGAAAGTAAAGAACGTATTATGAAAGAGGGATTTTCTAATAAAAAAGCTTTGTTGTCTTTGGCAATTGGTGGTTTTGGAATAGGTCTTACAGAGTTTGTAATTATGGGGATTTTACCCAATGTGGCAAATTCATTAGGAATTACGATTCCAGAAGCGGGTCATTTTATTTCGGCTTATGCTCTAGGAGTTGTTGTAGGGGCTCCTTTACTAACTAGTTTTAGTTATAAGTTTCCTGCCAATCGTATGCTTTTATTTCTTATGGTTTGGTTTACTGTTTTTAATACGCTTTCTGCTTTTTCTACAAGCTATAACATGTTACTTATAATGCGTTTTCTATCCGGTCTCCCTCATGGAGCGTTCTTTGGTGTTGGAGCTGTAATTGCAGGCAAACTAGCCCAAAAAGGGAAGTCAGGTCAGGCTATTGCTATTATGTTTTCTGGACTAACAGTTGCTAATATTATAGGTGTTCCTATTGGGACTTATTTAGGGAATCAATACCATTGGAGTGCTTCTTTTTTAATGGTAGGTGTTGTTGGTGTTATTACTCTAGGAAGTATATTTTATTGGATGCCACATTTTGAAAAAGAAGGAAATCAGCCTAAAGATGAAGATCATAAAGGACTTAAAAATCCTGAATTATGGGGTGTAATTGCACTTACGACTATTGGTACAGGTGGATTTTTTGCGTGGTACAGTTATATAGCTCCTTTATTAACTGATGTGGCTCATTTTTCTGAGAATGTAGTTAGTTATGTGATGATTCTTGCAGGATTAGGGATGTTTTTTGGTAATTTTTTAGGAGCAAAAATGGCTGAAGCGTTTACGCCTTTACGCTCTGTTATGATTAGTCTTTTGGCAATGTCTGCTATTCTTGTTGCTAATTCATTCTTTGCTTCAAGTTCTATTATGGCTCTAATATTTACGTTTTTAATTGGGGTAATTTCTTTCAGTATATCAACCCCTATACAAATGGCTATTATTAATACCGCCAAGGGAGCAGAAATGTTAGGTTCTTCTATGAATCAGAGTGCTTTTAATATGGGAAATGCTATGGGGGCTTATTTAGCAGGTTTACCCATTGCTTATGGTTATAGTGTTACGTCATCTTCATTGGTTGGTTCTTCCCTTGCGTTTTCTGGTGCTGTAATTGCAATTACAATATTGCTTTATCGACAACAAAAAATTAAGAAAAAAAAATAGACAATTAGTTGTTCTAATCTATAGTCGAAAATTGTTTTTAAAATGCTTTTACCTGATTTATGCTTTTAAGAAAATAGTTAAACTTAAAGCACCATGAGCACCAATCACTAAAGATTGTTCTATATCTTAGGTTTTTGAAGTGTCTATTATAAAAATATCATAATCAAATTACGACTGTGAAATCTTATTATAGGTATTGTGAATAGTAAAATCTCTATTAAGTGTATTTACCAGATTTATAGGCTGCTGGAGTTAAGCCTGTAGCAGATTTAAACACTCGAGAGAAGTGATAGCGGTCAGAAAAACCTAAATTAAAGGAGATATCTTCAATAGATTGATTGGTGTGTTCAAATAATTCACAAGACTTAGCAATCTTTCTGTTTTGAATAAACTTGTGAAGAGTTGTATTCATTTCATCTTTAAATAAACGAGCAAAAGAATTAGGCGCCATATTTATAAGAGATGACATTTCTGTATTGCTTAATTTATTAGCAATATTAACTTCGATGTAGCGGATAACTTTTAAAACACGCTCGTCTATGTTAATAGCTTTCCATAATTCTGGACCTATATTAGTAAGCGCTTCTTTAATAAAAGCTTGTAGTTTTAAATTGAAGGTAAGTTTAAAATCGCTATTTTCAATTTTTAACCGCATAGTTAAATATGCTAATCGATCTCTTAAATAATCGGTGAGTTCAATTTTTATAATTCCTGGGTAAACATTATCAAAAGGAACACCTAAATTAAAATGAGCAAAGAAATGAATGAGGAATTTATCTTCATAATCTATTTCATTATGATTGGTGTTTAAATGTTTTCCGGAGACATGGATGCCTTCGTTATAGATTTTGTGTTTAGTGTAATGTGTAGAAAATGAAGTAAAAGGCGGAATGATATAGATGTAATCCGGATCCATATCAAAAATATTGTCTTGATGAATTAATTGTCCACCAGCATTTTTATTCCAATAAATCCTCCAAAAAGGAAAGACCATCTCATGGCAATCCCATAAATCGAGGAGCCAATATCTACAACATAATAGTTTTAATTTAACATCAATAAAATTTTGATGATTCTGTGAAGGATCTCCTAATTGAATGTCTTTTACAAATTTCATAAATCTGTAATGTTTGAATTGGATACAAAAATACAGATTTTGAATATTTAATGAAGCCTATTAGGTAAGTATTTTTGTTACAACAATTTATTTGAATAGATATGAAAACAATAAAACTTCCATTAGAGGTAGAAACAGAACTAAAGAGTGTGTCAACAGTTGCTGGTTATTTATGGCAACGTGAATGGGCAGAACGTAATGCAGGAAACATATCCATGAATTTAACATCTTTTTTTAAGAAAGAAGAAGTTCAGGGTATTGGTACTGAAATACCATTCGATTTTCCTAAAGGAGCTGCTGGATTTGTAATTTACATTACAGGTACTGGATGTTATTTAAGAGACTTAGTGGATAAGTTAGAAGAGGTTTCTTGTATTCTTTATATTAATGAAGATGCAACTGCATATTCAATTATATGGGGAGGAAAACGTGAAAACTTTGGACCAACTTGTGAGTTGATTTCTCACGCTAGTATTCATTTATTTAACTCTATCAATCATCCAGAAAATTTAGCGGTTGTACATACACATCCATTAGAATTGATTTGTATGAGTCACCACGAATTGTTTGATAACGAAGAAGAATTAAACAGACAAATATGGATGATGTGTCCTGAGGTAAAAGTATTTGTACCTAAAGGAATTCACTGTACTCCTTACGCTTTATCTAGTACAGCAGCTTTAGCAGAAGTTACAATGGAAGCTTTTAAAACTAGAAATGTGTCCTTATGGGAAAAACACGGTGCAACTTCAACAGCTCCAGATGTAATGAAAGCTTGGGACTTTTTAGATGTAGCTAATAAAGGTGCTAAAATGTTAATGATGTGTTGGGCTGCAGGATTTAAACCAGCTGGTTTATCTAATGAGCAATTAACAGAATTAGAACAATTTACATAGGACTTAAAAAATTTATATATAATGAGTAGACTTATAGGTAGATTACCAAAAATAGGAATTCGCCCTGTTATAGACGGACGAGAATTAGGAGTAAGAGAATCTTTAGAGGTTCAGACGATGGATATGGCC
NZ_CP058981.1_gap53	2303979	2306077	2098	TGTGCATAAATAGGGTAATATAAAAGTCCTTATTAGGTATTAAAAAACAACAAAGATGAAAGCAATTTGGAATAATAAAGTCATAGCAGAAAGTAATAAAACGATAGTTATTGAAAAAAACCACTATTTTCCTCACGAGAGTATCAATAAAGAATTTTTCAAAACGAGTGAAATACACTCCGTATGCCCTTGGAAAGGAACTGCTTCTTATTACACCATAGAAGTGGATGGAAAACAAAATAAAGATGCAGCTTGGTTTTATCCAGAGGTATCAGAATTGGCAAAAGGGATTAAAAATCATGTGGCTTTTTGGCGCGGTGTGCAAATTGAAGATTAAAATTAGGTAATGAAAAGTACAAAGCTTAAAATACAAAATAGAAAAGGTCTAACTCTAAATGCTAATTTAGAATTACCAGCCAATCAGAAACCAAATTACTACGCCATTTTTGCACATTGTTTTACTTGTAGTAGCAGTTTAAAAGCTGTTAGAAATGTGAGTAGAGCATTAACGCAAAATGGATTCGCGGTTCTGCGTTTCGATTTTACAGGACTAGGAAGAAGTGAAGGCGAATTTGCCGATAGTCATTTCTCTGCAAATGTAGAGGACTTGTTAGACGTACATAGTTATATGTCTCAACATTATCAAGCACCAAGTTTACTTGTTGGTCATTCTCTTGGAGGTGCAGCAGTATTGGTAGCGGCTTCAGAAATAGAAGCTGTAAAAGCAGTTGCCACCGTTGGAGCACCAGCTACAGTAGATCATGTAAAACATTTATTTTCTCATCAGGTTGAAGAATCGGAAGAAAAGGGAGATGTTAAAGTTAATATTGGAGGACGCCCTTTTGTTATTAATCAAGACTTTGTTGAAGAGTTTGATAAAACAGATTTACCAGCACTTGTAAAAACACTGCGTAAACCTTTGTTAATAATGCATTCGCCTTTTGATAAAACAGTAGGTATAGCAAATGCAGAGCAGTTATATAAAAATGCACATCACCCTAAAAGCTTTGTCTCATTAGATAATGCAGATCATTTATTAACTAAAGAAGAGGATAGTCAGTATGTTGGTGAAATTATAGGGACTTGGGCAAAACGATATTTCCCTAAGGTGGAAAATGTAATGCTCGATACCGAAGGAGATCAATTAGTTGGGCATCTTAATATTGTAGAAGATAATTTTACCACTTCTATTCAAACTAAAAATCATACGCTAATTGCAGACGAACCAGCAAGTGTTGGTGGTAAGGATTTTGGACCTTCACCATACGAATACCTAAATGCTGCATTAGCTGCATGTACGGTGATGACTTTAAAAATGTATGCCGAACGAAAAAAGTGGGATTTAAAAGAGGTTTATGTTTACATATCGCACTCTAGAAAACATAGTGACGACTTAAATCTTGTTTTAGAAAAGCCTAAGTACTTAGATCATATTAGTAAAAAGCTAAAATTTATAGGAGATATAAGTGAAGAACAATCCCAACGATTAAAAGAAATAGCATCGCGTTGTCCAGTACATAAAACGATTGCTAGCGAAGTTATTTTTGAAACAGAAATCCTATAAATTATACACGTGCAAGCTATAACCACCAACACCATAACATCCGAACGATTTCTAGAAATAAGACAACAAACGGAACAAATTTGTAGTTCGCTTGAGCCCGAAGATGTTTCTATTCAACCAGCCGATTTTGTGTCGCCACCAAAATGGCACTTAGCACATACCACCTGGTTTTTTGAACAATTTATACTGTCTGATTTTTGTTCAGATTACAAGATTTTTCATGAAGATTATGCCTATTATTTTAATAGTTATTACAATAATGTAGGAAAACGTGTTTTGAGAGCAGAACGAGGTTTAATGACTAGACCTACATTACAATCGGTTTTAGAATATAGAGCTTATGTAAATGAGCACTTAGCACAATTTATAGCGAAAGGAATATCAGAAGAAATTTCAAATATTATTGAAATTGGCCTTCAGCACGAGCAACAACACCAAGAATTATTAATTTATGATATTAAATATATTTTTGGTAATCAACCTTCATTTCCAAAATTGGATTACACAATTCAATTACAGGTAGAAACACAAACA
NZ_CP058981.1_gap54	2345838	2349571	3733	AATTTGTGAAATGAAATACAGTAAGTCTTGATGCAATATTTAAATTAAAACGTTCAAAATTATTTTGAACGTTTTAATTATGTATTAATATTGAAATGAGTTTAGAACCAAATTATTTCTGATTAACGAAATCCATTAAATCAACATCGTTTCCTAAAAGGATTTCTGTTGGGTTAATACGTCCTTCCATTGAATCATTTTCTAATTTTAAAACGCCTCTTGGACAAACAGCAGAACAAACACCACAACCGACACAACTAGATCGTACAATGTTTTCACCTTTTTGAGCATAAGCTCTTACGTCTATTCCCATCTCACAACTGTTAGAACAGTTACCACAAGAAATACATTGACCACCATTTGTTGTTATTCTAAATTTAGAAAACAAACGTTGTTGAAAACCAAGAATAGCAGCCATAGGACAACCAAAACGGCACCAAGAGCGGTTTCCTAAAATAGGGTAGAACCCTGTTCCTATAACTCCAGAAAAAATAGATCCGATATAAATACCATAAGCAGATCTTAAGGCACCAGCTTTAATATAAAAAAGCTGATCTGTTGTTCCTGTAAAATGCATTACAAGTAAAAGTGTAATAACAATAAAGTAACCAATAGCGCCAAATTTAGCATCTTTACCTAGTTCATGTCTTTTAAAGATCATTACAACTGCAAAGACTAAAGTTAAAAAGCCGATAACAGAAATGATAAAAACATCTCTTGTTAACCAGAAATCATTTTTGTCGTAACCTAAATAGGTGTAAATCATAGCAACTGTCATCACTACAGAAAATACTAAAACGGTATGGATTAACCAACGTTCTAATTTCCATGCAGACATCTTTTTGGAAGATAATTGTCTAAAAGAGTCACCTGCAGTTTCAGCTAAACCACCACAACCACAAACCCAAGAACAATACCAACGTTTCCCATATTTAAAGGTTAAAATTGGTGTGATTACAAATATAGATATGATACCAAATAACAATAAGGCAATACCAATATTACCATTAGAGAGAAAACCATTTACAGACCATTCATCAAAAATGTAATAATTAAGAGGCCAAATACTTTTAAGATCGTAGTATGGTAAATCATTATTCATTACGTACATGAATTCAGGAATTAAAAAGGCAAAACCTAATTGAAAAAACATTACTGAAACGGTACGTAATTGTTGGTAGCGATTATGTCTATATTTTAGAATAAATTTATAACCAAAAGCTAATATTGCAACGGTATAAAGTGTTCCGTAGACAAACCATTGACTGGCATTTCTTCCACTTAACAAATGACTTAAAGGATCAAAAAGACTAATTAAACCTGTATTTGCTTCTCCATCAGTCCCCAAGCCTAAATATTTTGGAAAGAAATAAAGTACAATGTAAAATGTGGTTAAAAGAACACCTAGAATCCAACCTAGAATTCCACGTGATGATATGGATTTAAACCAAACACCATCATTTTTTATACCTTCTAGTTTGGTAAGGTAAGCTTCTCTAGAATATATAATAATACCACCGATTATAGATCCTAATGAAAGTGTTAGAAATAAACCTTTATTAGGGAAGTTAGTATTAAAAAGAGCTAATGTGAATATAAATAACCCAATGACACCTATAGCAAGCGCTACTTTTTGTTTTGTTGTAATGTCTAAAGCGTCTGGCTTTGCCAATGACATACTATGATTTAATTTGTTGCTCATTTTATACAGTTTGTAATTGGTTATTGTAGGCTTTTAAAATATCTTTTTCAAATTTTGAATAGAATTCAGGATCAAAATTAGCTTCAGGTAAATGATTTATCACGTAATCTACATCACGTTTTTCGGTAAGCCATCGGTCAAAAACTTCATGGCGCATTCGTATTCCAAAATTATTAATTCCTAAAAATACATTTGTGTTTTTATCGTAAGCTACCGTGATACATTTTGTATCATCTTCATGTTTCCAATGAAAATGGACTTCGTGTTCAGGTCTCCCACGTTCTCCAAATACCCAACCATAAGTTTGATATTCAATATCTAAAAATTTTGCGGAGTTAAACCAATGACCAGGTTTGTATTCTATACGGTTACCACAAAGAGTTTGGGCTAAAGTTTCTCCCATCATTCGGCCTGTGTACCAAACCGCTTCAATAGGTCGTCGGTTTCCAATAGCCTCATGTTGTTCTGCACAATCACCAATACTATAAACATCAGGGATATTTGTTTCTAAAAAACGATTCACTTTTACACCACGTCCTATTTCAATACCAGAATCTTTTAGAAAATCAATATTTGGTGCTACACCAGCAGTTAAACCAACGACATTGCATTCGAGTTCTTCTCCTGTTTCTTCAATAATTACTGATTTTACTTTTCCATTTTCGTCAGAATTTATGGCTCTAAGGTTTGTTGAAAGTCGTAAATCTATATGATGATTTTTAATATGTCTATTAATCATTTCACTTTCACCTTGTGGTAAAACGCCATTCCAAAAGCTATCTTCTCTTACTAAAAATGTTACAGGAATACTTCGGCTATTTAGCATTTCAGCCAATTCAATTCCTATTAAACCTCCACCAACAATTACAGCACGTTTACAAGTTTCTTTATTTGGGGCGTATTTTTCAAGCTTTTCTAAATCTTGTTTGTGGTACATGCCTAGTGTACCTTCTAAATCTTGACCAGGCCAACCAAATTTATTAGGTTTACTTCCTGTTGCTATAATTAATTTATCGTATTGAAGTGTTTCTCCTTCTGTAAAATGAAGTGTTTTTGTTTCAGTTTCAACTTTATTAACAAAACCTTTCTTTAGTTCAATCCTGTTCTTTTCCCAAAACCAATTCTCATAAGGTTGTGTATGTTCAAATTTCATATGCCCCATATAAATGTACATTAAAGCAGTCCTAGAGAAGAAAAAATCGGTCTCACCCGAAATAATTGTAATTCTCTTGTCTGAAAGTTTTCTAACATGCCTTGCGAGTGTAACTCCAGAGATGCCGTTGCCAATAATAACGATATGTTCCATGGTTGATATCCGAATATTCGGTGGGATTTAGGTTAGTGATAAAACATATAGGTCGAAGGTTTTGTTAAAACCTTAACCCATAAGCGAGATTTCTTTAAATTTAGGCATAATTTTTAATAATATGCGATATTTTTTTTACTGCCTTTTTGTTTTTTTGTTTTTTGGTTGTGCTGCGATTCCGTCTCAATCTGCTAAAATTAATGGGGTTAGCTTTGTGGCTTCTAGAGGCGTTGTAGATTCTTCGCATGTAAAACCCTTGGTACAGATAAATGCTAATGCTGCCGCTGTTATGCCTTTTGGATTTGTAAGAGATAAAGAGCATCCCAAAGTGACTCATAATACCAAACGACAATGGTATGGCGAAACCCGTTCTGGAGCAAAGCAATATATTGAAGCACTTCATAACGAAAATATAAGAGTGATGGTGAAACCGCAATTGTGGATTTCTCATGGAGAGTTTACCGGATTTTTAAAAGCAGGTACTGAAACAGATTGGAAATTATTAGAAACCTCTTATTCTGATTTTATTTTAAATTATGCTGAGTTGTCTGAAGAGTTAAATGTCGAAGTATTTTGTATAGGAACAGAGCTAGAAGAATTTATAAAAAACAGACCTGAATATTGGCATCAACTTATTAAAGAAATTAGAACGATTTATACAGGTAAGCTAACTTATGCTGCTAATTGGGACGAGTTTTGGACAACACCTTTTTGGTTAGATCTAG
NZ_CP058981.1_gap55	2351649	2355316	3667	GAAAATTTAAGATCTAAAAATTACGATTTAGAAAGTATGGTTTTAAAATTTAATTTTAGCTTTGAAAAAAAAATAGAATCGTATGAGAACATTAGCTGTTGGTGATATACATGGTGGATTAAAAGGTTTAAATCAACTTATAGAAAGAACAAATGTAAGTTCTGATGATGCCTTAATTTTTTTAGGAGATTATGTAGATGGTTGGAGTGAAGCTGCGCAAGTTATTCAACGTCTAATAGACTTATCTAAAACGAATGCATGTATTTTTATAAAAGGAAATCACGATGTTTGGTGCGAAAAATGGTTAGCAACGGGAGATGTTAATGAAGTTTGGTTTAAAAATGGAGGAAAAGAAACCATTGAAAGCTACAAGGATTTTTCTGATGAAGAAAAACAAACACATCTTCACTTTTTTGAAGCATTAAAATTATATCATATAGATTCTGAAAACCGATTATTTCTTCATGCAGGTTTTACCTCTATGAAAGGTGTAGAAAATGAATTGAACCCCGAAAATTTCTATTTTGATAGAACATTATGGGAAATGGCCTTAACATTTGATAAAAATATTAAGTTAGATTCTTTGATTTACCCTAATCGCTTAAAAAAATATTCTGAAATTTATATTGGCCACACACCAACAACTAATTTTGGTGAAGACAAACCGATGAATTGTGCTAATATTTGGAATGTAGATACTGGAGCAACCTTTAAAGGGAAATTATCTGCAATTGATATTGATACTAAAGAAATTTTTCAAAGTAATAAAGTGATGGATTTATACCCTGATGAAATAGGGCGGAATAAAAAAAAGTAAGTTGCGTTTAGCAAATGTTCTTCTTGTAATAAGCAACTAAATCCTCAGCAGAAGCACCAAACCATTTCTTTAAGTAAATGGTCCAGAAGTGATATTGCACTTTCCAAACACCATGTTTGCGGTAAAGTCTGGCTGAGGTTTTTAATTTTTTATTGATGACGGTAAACTGATCACGTGCATACAATTCATTAATCAGCATATTATCTTCATAAATAACGTAAGCTTCATCGTAACCACCAATAATATTAAATAATGTTTTGGTTATAAACTGGCTTTGGTCACCACCTCTGCTAGCGCGCCAATTAAACTGTGTTAGCCAACTTGCTAACCTAAGCCACCAATGATGGCTATCAAATTGCATTCTAAAACAGCCAGCTTCATTTTCTTTTTGAACTTCGTTAATTATAAATTGATCAAAATTTTTAGGGGGAAAAGAATCAGCATGAAGAAAGTATAAAATAGTTCCTTTAGCATGTTTTGCACCGCAATTCATTTGCTTTGCTCTTCCTTTGGAAGATTCAAGAAAAAGTATTTTTGATTGAATATGCCATCCTGAACTTGATTCAGGATCTCCTATTTCGCTACCTAGTTGTGCGTCAGTTCGAGTGAAATTCCTTTTTTGGAATTTTGTATCGAGAACATTTGAAAAAGCTTCTCGATACAATTCTTCACTGCGTTCAGAATCACTCGAAGTGACGAAGTCTTTAACAATATCCATAGTTCCGTCAATACTTCCACCATCTACTATAATAATTTCTGAAATATTCTTATCCTCAGAATTCTCTAAAAGATGCGTTAATAAATTGGCAATATTATCAGCCTCGTTAAATACCGGAATAATTATACTTATCATATATCTATTTACGAAAAAAGCACGAGAATATTTTTATTTATTTAAATTCCAATTGTAATCTTTGAAGCTTTTTTTAGCTGAATTTGAAATTTTTACATCAGAATATTGATTAAGAAAATCAATTAAACTTCCGTTAGTCTCAAAATCTTTTTTAAACCATTTAAAGATTCTAGAGATTTTTATCTGTTCTTCTGAAAGTTCATTTTTTGTAGTGTCTGCTAAAAATTCTTTTGTAGCATTGGTTAATTGTGTGTCTAATTCAGAAGCCGTAAATGCTGTATTTTGTAATTTAGGGCATGATATAGAAGCGCAAACAATAGCAAAATGAATTCGTGGTTCATGCATTCCTCTAAGTATTTTATGCTCTATATCATTTAAGTTTTGCCAAGTAGTTCCAAACTTCCAAAGGCGTTGATCCCAAGGATCTTTGATGTCTTTGATGCTTTTTGTTGGGTAATTTTTTAAGATTAAATCTATGGTTAAAGCATTATATGCGTTAATCCAATAGGCTAGTTTATCATTGTTACTCCAATCTTCATTAGGTTGATTCGTTTTTAGTAAATCAATATAACTTAGAAGTGTTTTATGTTCTCCTTTTAAACCTTTGTAATTCACGTTTCCATTATCAGAAACGAATTTTTGTAGTAATTTATTAAAAATAGAATGGTCAAAAGCTTCTGTGTAAATAATTTCAGTAGTTTCTGTAATACCGTCGTTGCTTATTGTTCCGTCTAGGCCCAAACTAATTTCAATAGAATTGTTTTCATTAATACTTTGTGCTCCAGAATACGATGAAGCAAAAATTATAGTAACTAGTAAAACTGATAAATATTTCATGTCTAAATGTGTGTTTAATTAGAAAGGTTAAATTATTCTGAAACGCTAGATTTACGTTTCTTTGAAAATGCAGGATATACAGATTGTCCTATAAAATCTTTAGGGAATATGTCATCATCATCAAACCCTAGTTCAATATCTCTTCCGTCATGCGGAATGTAATCTGTTTTAAAAAGATAATCCCAAATACTTAATGTAATTCCGAAGTTTACTCCAAAGCGTTCACCTTTTGGTAATTCTCTAACATGATGCCAAATATGCATTTTTGGATTGTTGAATAGATATTTTAAAATTCCATAATCCCAACCCAAATTAGCATGGTTTAAGTGTCCGATAGCAATGTTGAAGAAATATATGATGGCAACATCTTGTGCATCAAAACCTCCAATAATAGCTAAGGGGATATATAAAATAGACTTATAAACTACGGGTTCCATCCAATGGTAACGTAAATGCCCAGCAAACCCCATTTCTTTTATACTATGATGTACTTTGTGAAAATTCCAAAGCCATTCAAAACGATGTAATAGACGGTGTGTATTCCACTGAACAAAATCTGAAACTATAAAAAAGATAAAAAGCCCTAACCATTTTGGTAGTTCATCGACATCAAATAACTGAAAACTTGAAACGGATAAGCCAACAATTCCTAAAATATCATTAAATACTTCAGAAACCGTGTTAGAGAGTGCAATAAGTATAATTAGGTTTAGTATGAAGAAATTAAAGAACATATAAAATGTATCTAACCAAAAATCTTTTCTAAAAAGGGCCTGTTCCTTTCTCCAAGGAAAAGCAATTTCTAAAATCCATACTAAAATAGAAATAAGGATAAGTCCATAAAAGAAGTTATCCCAATGATAAATATCAATGAATTCATACTTTAGATAGTTCCAATAGCTGGAATAAGATTTAGTGAATATGTCTAGGTATTTTTCCATTTAGATTGTAAAAAAAAAGGGGTGGTCTTTTAATTAATAATCCTTTTGTAGGTTAAATCTGTTTAGACTTACAAATTTTTAATTAATTCTTTAAAAAGAGTAATCATATTTGGTTCTGCTTTCTCTGCCATAGCAATAATTTCAGAAATATCTACAGGTCTTAAATTTTCAGGATCGCATTCATCCGTTAAAACAGAAACAGCGGCAACTTTTAATTTT
NZ_CP058981.1_gap56	2490126	2491744	1618	GCTAAATAAAACGCATACATAAAATAGCTTGTTCATAGTTCTTGGTGCAATAAGTTATGAAAAATACGAAAATTGTAGCATTTTAGATGTGTTAAATCCTAATCCGTTAACTTATATCCAAATCCACGTACATTTATAATCTGAATACTTTCATCCTTACTCAGTTTCTTACGGAGTTTACTAATAAAGACATCCATACTTCTTGCAGAGAAAAAATCATCTGTTCCCCAAAGTTTATTTAGAATAAGTGAACGGTCTAAAACTTGATTTTTATTTTTTACTAAATGAAACAATAAATGAGCTTCTCTATGTGTGAGTTGAACAGGTGCTTCGCTTTTAAATTTTAATTGCTGCTTAGGGAAATCAAACGTAAATGCACCAAGTGTTGTAATTTCTGAAGTTTTCTGAACTTTTGTTCTGCCTACCAAATTACGAACTCTTACAATAAGCTCTTCCATGCTAAATGGTTTTTTAAGGTAATCATTAGCACCGATAGAAAATCCTTCAACCACATCTGCTGTTTGCGATTTTGCAGTTAAAAATATAATAGGAATAGTATCATCTATAGTTCTAATTTCTTTAGCTAAAGTAAAGCCATCTTTCTTAGGCATCATAATATCTAAAACCAGAATTTCTGGTACATCCGATAGATATTTATTATAAGCTATTTCTCCATTTTCGCAGAGTATAACTTCAAAATCACGGGTTTCAAGACTCTCTTTTATAATTTGTCCTAAAGCGGCTTCATCTTCCGCTAATAATAATTTAATTTTATTAGTCATTAGGGAGTGTGATTTTAAATGTGGTTAGATTTTTATTTAAATCGAGAACAACAGAACCATCATGTTTTTCAATAATAGTTTTGGTGTAATATAAGCCAATACCAAAGCCTTTTACGTCGTGCGTATTACCTTTTGGAACACGATAGAATTTATCAAATATTTGATTTTTATTTTCGTTGTTCAGGCTATTTCCGTTATCTGAAATTAAAATATCGAAGCTGTTTTTCTTCGTCTTTAATTCTATGGTTATTATTGTACCTCCATATTTTACGGCATTATCTAAAATGTTATTTAAGGCATTTTCAACATGAAAGATATCTGCATTTACAATTAAACTTTTAAGTTGAATATTACTGTTAAATGTCTTTTTAGGAAATTGAATCTTATACTTACTAACCAAAGCATCAAGTAAACTAGTGATATCAAAATTTTCTTTATTCAAGTCTAAATTGTTGCTGTCTAAAGTTGCGGTTTCAAGTAGTTTTTCGACCATAGTATTTAATTTACCTAATTGCGTGGAAGACATATTGAGATACTTTTTGGTTTTTTCTTTATCATCAATGCCGTTAAAGTTGCTAATGCTTTCAATAGCTGCACTAATCGTAGCAATTGGTGTTTTGAACTCGTGTGTAATATTGCTGATGAGGTCATTTTTTACTTCGGCGAGTTGCTTTTGGTGTTTTATGATTTTTAGGAGGTAGAATAAACTGCTAATTACGGCCAAAACTAATAACGTTGAAATTAGGATGCCTCCAAGAATGCGATATAAAATAGTTTTAGTGGTGTTAGTAAATAGAATGGTTAAAAAAGTACCTTTTGGAAGGAATCTAGATTTT
NZ_CP058981.1_gap57	2501291	2503507	2216	CATACGATTGAAAAAAAAACATTACCCCTATGTTTTTATTATAGATTGTTATTATTGAGTTGTTTAGGTTTTTTGTGGGTTTTTTTATTTTTTTTAGCTTTAAAAATTTATATAAAGAGCTTAAATTTTGATATATTTATCGAAATTTTATGTTAAAAAAGTTAAAAAATTAAACAATACATGAGATTTTGTTGGTTTCTTGATATTATTTTTTGTAAAAGACTAAATCTTTTAAATTATATTTAATGCGTTATTTGTTAGTAGTTTTTACCCTGTTCTCAACATTAACCTATGGACAACTTAGTAATAAACATTGGTTTCCTCCTCTGCACTCAAGAGGAATAACGACATCTTTAGATCATTATGTTTATCTTTCTACTCCAGAACCAGTACCTTTTCAGGTTGTTGTTACTAACGGAAATGGTGTGGCAGTACCAGGTTCACCATTTACAATATCTCAAAATAATCCTGTTTATTTTTTAGTAGGAAATGCTCAACCATCGCTCATGTTAGTTGAGAGAGTTGGTTTAAATGCTCCTTCAGGAGATAGTGGGCTTATTTTTGAAGGGCCAAATGAGTTTTACGTTACATTCAAAATTGTTAATGCTAACCATGGTGAAATTATAGTTTCAAAGGGGAGGGGAGGTATCGGAACCGATTTTAGATTGGGAAGTGTGCCGCAAACGGCAGATGATACTTTTGCTCGTAGAAATTTTGTTTCTAGTTTTATGGCAACAGAAAATGGCACTACAGTAACTGTTTCAGACTATGACACAGGGGTTACTTTTACTACAGCTACAGGGACTACTGATGTTTCTTCACAAACCTTTAGTTTAGATGCGGGTGAATCTGTTGTGTTATCTGGTTATTCTGATGTCCCTGAAAATTTAACCGGATTTATAGGAGCACGCTTATTATCTAATAAACCTATTGCAGTTAATACTGGTAATATTTTAGGGGGTGTTTCAGATGCTTTTAGCGATATAAATTTAGATCAAATTGTATCTGTAGAACAAATTGGAAATGAATATATTTTTATAAAAGGTAATGGTTCAGGGAATTCAGAATTACCTTTAATTATAGCAACACAAGATAATACAGAGGTTTATATAAATGAGTCTACAACACCATATACTACTTTAGCAAATGCGGGTGATTATGTAACCATTCCTCCTACCTTTTATCAAGGAACAGAGAATGAAAATATGCGTGTTTTAACAGATAAGCCAGTTTATGCCTATCAGATTTTAGCAGGAGTGACAGCAGATAGAAGTACAGGGCTTAATTTTATACCACCTATAAGTTGCTCTTTTCCATCAGTGGTAGATTTAATACCGAGCGTAAATAAACTCAATCCGACTTCAAGTGCGACTTATCCAACTGATTTATTTGTGCTAACTACAGTTGATTCTTATATCTATATAAATGGAGGGCTTACAACAGCTCTCCCAGAGCCTGTTTTAGGAAATCCTAATTGGGTGACCTACAGAATTACAGGATACACTGGAGATGTTAAAGCAGAAGCAACAGGTCCAATGTCTATAGGTGTATTTGGGTCTACGGGAACAATAGGATATGCAGGTCATTATTCTGGTTTTAAAGATCAACCGATTGTAAACCCAGTAGAGGTTTGTCCTGAAGATACCGTTAATCTATTTAATGCTATTATAGGAGATGATGTTCTTGCAGGAGGGACTTGGAGTCCTGTTTTAGCTAGTGGAACAGATGTTTTCGATGCCAGTTTAGATGCTACAGGTGTCTATACGTATACTTTTTCTCAAAGTTGTGGTGATACTGTAATTTTTGTTCATGTAGATCCTCTTTCTGTTCCTATACTAACTAGTGTAGAAGGTAATGGTCCAATATGTTTTGGTGTAGATGCTATTTTTACTCTAGAAGGAACTCCAGAAGGGATTGTTAGCTACAGTATAAATAATGGTGCTGTTGAAACCGTTAATTTAGATGCTACAGGAAATGCAACTATTAACTTAGGAGCTGCAGCTACAGAGCAAGTCATAACATTATCTGAAATTGCACTTTCATCATCAATATGTGCTACTGAACTTAATGAAGTTGAAACAATTGTAATAAATGACGTGCCTGAGTTAACAGCGATTACGAGTGAGGTTTCAATATGCGAAAATGAAGACGCAATTTTTAATTTAGAAGGAACTCCAGATGCTTTAGTTACTTATAGTATAAATTCAGGAGCTAAT
NZ_CP058981.1_gap58	2504620	2507596	2976	TTTGTGGAAAATCAAAAAATCAGAATATTTAAAGCTCATTTTTCTTTAAAGCGATAATATATAAATACATTATAAAATAAAAAAGCTTCATCTTCTACAATAAGAATTTGAAGCTTTTTTTAGTGCTTTATTCTAGTTCTGAATGAAATCTAAATCATAAAAAAGCAATATCAAATAATTGATATTGCTTTTAAGGTTTTATAACAAGAAATAAAATTATTATTTTTTGTTTTTCTTTTGTGCTTTAGCATAGGCACTAGCGTCTTTTGTTACTTTTTCTAAAGTGCCTTCAAAAGATTTTTCAAGAATAACGGTTTGCCCATTTTCCTTGTAAGTCGTTGTTACTTTTGCAGAAGCATTTTCATTTATTGTGCCATCATCATTTGTTTCTACAGTTATAGATCTCATAACTTCAACTTCATTACTTGTTAGACCTAAAGCACTTTCTTCGCTATGACCACCTAGTATAGGAGCAATTACTAAACCAATTAAACAAGTTAGCTTAATTAAAATATTCATTGACGGACCAGAAGTGTCTTTAAAAGGATCTCCAACCGTATCTCCTGTTACTGCCGCTTTATGTGCTTCAGAACCTTTAAAAGTCATTTCTCCATTAATTTCTACACCTGCTTCAAAAGATTTTTTAGCATTATCCCAAGCTCCACCAGCATTGTTTTGGAAAATAGCCCAAAGCACACCAGATACTGTAACACCTGCCATATAACCTCCTAACATTTCTGCTATTAATAATGTATTCATACCAAAAAGCATAGGAACAAAAGCAATGACTAAAGGGAATCCAATAGTTAATAATCCAGGTAGCATCATTTCTTTTAAAGATGCTTTTGTTGAGATAGCAACACATTTATCATATTCAGGTTTTCCTGTTCCTTCCATAATTCCTGGAATGTCTCTAAACTGACGACGGACTTCATGTACCATTTCCATTGCAGCTTTACCAACAGCGTTCATTGCTAGGGCAGAGAATACTACCGGCACCATTCCTCCAACAAATAACATGGATAGTACAGGTGCTTTAAAGATGTTAATTCCATCGATACCTGTAAACGTTACATAAGCCGCAAATAAAGCTAATGATGTTAGTGCAGCAGAAGCGATAGCAAAACCTTTTCCTGTTGCTGCTGTTGTATTACCAACTGTGTCTAAAATATCAGTTCGTTCTCTTACAATAGGTTCTTGTTCACTCATTTCTGCAATACCACCTGCATTATCAGATATTGGTCCAAAAGCATCAATGGCTAATTGCATAGCGGTTGTTGCCATCATTGCAGAAGCAGCTAGTGCTACTCCATAAAAACCAGCAAACTCGTATGATGCCCATATGGCAGCGGCAAATAATAATACAGAAGGAAATGTAGAAATCATACCAGTTGCCAAACCTGCTATAATATTTGTCCCTGCTCCAGTAGATGATTGATGTACTATTTTTAAAATTGGATTTTTCCCTAATCCTGTATAATATTCAGTAACTGAAGAAATAACGGCACCTACAACTAAACCAACTAGTGTAGCATAGAACACACGCATTGCAGATATTTCAACTAAGCCTTCACCAAAGAAATGCATTTGCATTGTTTCTGGTAACATCCAATTTACTAAGACAAAACTAGAAATTGCAACTAAAACTATTGAGGTCCAGTTACCAATATTTAAAGCACCCATAACTTGGTCTTCTTTAGCATCATTATTTTTTATTTTCACTAGCATAGTTCCAATGATAGAAATAATGATTCCGACACCTGCAATAGACATTGGTAATAGAATTGGTCCAATACCTCCAAAAGCATCAGAAATTGATCCTCCCATATCTTTAATAATGTAATTACCAAGAACCATTGCAGCTAAAACCGTTGCAACGTAAGAGCCAAATAAATCAGCACCCATACCAGCGACATCTCCCACATTGTCACCCACATTATCTGCTATAGTTGCAGGATTACGAGGATCATCTTCAGGGATTCCTGCTTCAACTTTACCAACTAAATCGGCTCCTACATCGGCTGCTTTAGTATAAATTCCACCACCAACTCTTGCAAATAAAGCAATGGATTCAGCTCCTAAAGAGAATCCAGCTAAGGTTTCTAACACAATAGTCATGTCCATAGTGTTTGTCCATTCACTTCCCATAAAAAACCAGAAGAAGAAAATAAAGAAAGCAGTTAAACCAAGTACGGCTAAACCTGCAACACCAAGTCCCATAACAGTTCCTCCTCCAAAAGAGATTTTAAGCGCATTTGGTAAGCTTGTACGTGCAGCTTGTGTTGTTCTTACATTTGTTTTTGTGGCAATCTTCATTCCTATGTTTCCCGCGAAAGCAGAGAATACAGCACCGAAAATAAAAGCAACTATAATTAACCAATGTGTTGTTGGTACTATAAAAGAAACGATTGCTAATAGTATAGAGACTATTAAAACAAATACAGCGAGTAATTTGTACTCAGCATTTAAGAACGCTAATGCACCTTCGTAGATGTGATCTGAAATTTCTTTCATTTTACCATCTCCTGCATCTTGTTTCATTACCCAGGTTTTTTTTACAAGCATGTAAATTAAACCTATAATAGCCAAAGTAATTGGCATATAAATCATCATTGATCCCATGTTAAATTATTTAGTATTAATTAATTTTTAGCATAGTAAATATAATGAAAATGAAAATATTTTTTACGAAAAAAGCAATATCAATTGCTTGATATTGCTTTTTTTATATTTAAATGATGATATAATCTGAATTCCTAAATTTAGGATCTTAGATTAAATTGTGAAAGTGCGTTTCTTTTTATGTTCGCTTTCATCATAACGTTCTATACATTCATGATAAATTTTAACAGCTTCTACAGCATCTCCCCAACCACCTACATCAACTTTCTTTTTTTCTAAGTCTTTGTATACACGGAAAAAGTGCTCAATTTCTTTTAATCTATGTGGGTTTAAATCACTAATGTCCCTGTTATT
NZ_CP058981.1_gap59	2702469	2706319	3850	TAATCCCGAACCCATACCACGATTGGTTACCATTGGATATGGACAACCTAAATTCCAGTTTAATTCTTTGTAGCCTAATTCTTGAATATAATCGACAACAAATAGAAATTCATCAGCACTATTGGTCATGATTTGCGGAATCACTTCGAGTTCAGAATTATTTTCGAGTTGTAAATCGAGTTTATAAGAGTTTTTTATAATTAATTTTTTATTGAACCTTATGTAAGGAGCGTAAAATGTATCAATTCCCCCAAAATAGTGATTAAACGCATTTCGAAATCGAAAGTCAGTAAACCCTTGTAATGGTGATGATAAAAGTGTAATTGGCATTCCTTATTCTATTTTTAGATTCAATTTTTTGGAACTGCTAAATAACAAAAAACTACCTTATAATCACGATTATATAAGGTAGTTTATAATTTGAAAAGTAAGTTTTACTTAACGCGTTTTAGTGTGATTGAATTTTTGTCAAACTCAGTTGGTCTTACATTGTCAAAACTCAGATTAAAATTCATTGTATCCTTGTCGGTAAATTCAGCTATTGCAAGGATGTTTTGTGATTCTCCTGATTCTATTTTTGTTACTTTTAAGTCAATTTCAATAGGAGTGGTGTTATAATTAACAGTATAGGTCATTTTTCCTTTTTCACCTTTCATAATAAATTTTTTACCTCCCATAACTTGGCCATTAATTTCAAATGCAGCATAACCTTCGTTGTCAAAAATTAAATAACCAATTTCGTTTTGATCCTCACCAATCCATTTGCCAACAAATGTTTCTTTTTGGCTTGTAGAACTTAGTAGAAATAAAGGAATGAAAAAAAATGTAAATAGATACTTCATAATTTGGGATTTAAAATATAGTGTTTAAAAATTCTTCAATGTTAGTTGTGTTAGCTTTTATTAATTCTTCTCTAGCAGCTTTAATATCAATGTTTTTTTTGTCTTGAGACAGTTTAAATTTACCTTCCCAATGGGTGATGGTAATTTCGAACATTACAATATAATCAAGATTTTTATCTAATCGAGGATTATCTGCATTTAAAATATATTTCTGGTCAGGAGCTTCTAAAAATTCAGTCATAGTAATTAATGACTTTTTTAAAGCTGCTTTGTCTGTATTAGCTTTTACTTTTCCTGATAAGTGGACTTTAATATAATTCCAAGTCGGAAGATGCGCCGTTTCAAAAATACTTGGTGAAATATAACATTCTGGACCACTAAAAATAAGTGTTACATCACGATTGTCTTTTAATAATTTAGCTTGTGGGTTATTAATATCAATGTGACCAATTAGCTTTTCGTCTTCATAAATTAAAGGTAAATGTGTAATTAAGGGAAGATTATTTTCTACCGATATTACGGTTGCTAAAGGGTATGCTTTGATGACTTCAATTAAATGATTAATGTCGTTATCTTGATGTTGTTTTGGTGGATACAAATGAAATATAGTTAATGATTAAAAATGGTTCTTAGATTTATTTATGCACCAAACTGTTTAAGATGATGATCTAAATGTTTGTATTGCATTTGTCCCCATTGTTGTGCTGTAAAATAACCAAAAGCAGGATGAGAAGCCCATTCTGTTTTTTCTTTAAGAGCGTGACTTTCGTCAATTAATGGTTTTAATTTTAATATTTCTGCGTTAAAATCTTTAGATTCTTTAGTTTTTAAAACCTTAGCTGTTGGCAATCCCTTTTTCCAAGGTTTATCATTATATAAAGACTTTTTGAAAAATACTTTAGCTAACCAGCTAGGTTTTAATTTGTAGTCTTCTTTTTCTAGCATAATATTAAAAGGGCCTTGGCAATGCCATGCCATTTGGCCGATATTCATTTTTCCCCATTGAGACTTAGAGTCTTTATTTAGAGTTTCAATACGGGTTTTAATATCGTTATAACCGGATTCTTCAAAAATAGATTTCATAATATTTGAATTTAATGACACTCGAAATTTACAATTTTTTATCTTTAGTGCATGTCAGAGAAACCTACTTCGTTTTCAATTAAAAATTGGTCACAAGATGATCAGCCTCGAGAGAAGCTCAGAGACAAGGGGAAAACGACTTTGAGTGATGCCGAACTTATAGCTATTTTAATAGGTAGTGGTAATCGAGAAGAAAGTGCTGTTGCTCTTTGTAAACGCATATTTGCAAGTGTAAATAACAATCTTAATGCTTTGGGTAAATTGTCTATTGCGCAATTAATGGAGTTTAAAGGTATTGGTGAAGCTAAGGCAATTACGATTACTGCGGCTTTAGAATTGGGGAGGCGTAGAAGGCTAGAAGATGCGTTGCGGTTAGATAAGGTTAACTCTAGTCGATCTGTTTTTGATATAATGCAACCCATCATTGGTGATTTGCCTCATGAAGAATTTTGGATTTTATATCTTAATAATTCAAATAAAGTGATTAAGAAAAACCAATTAAGTAAAGGCGGAATCACAGGAACTTTAGTCGATGTGCGTTTAGTGCTTAAAAACGCATTAGAAGTTGGTGCAATAGCATTAATATTATGTCATAATCATCCTTCAGGGGCTTTAAGACCAAGTAAAGCAGATATCGATATTACTCAAAAATTAAAACTTGCAGCTCAAAGTTTAGATATTTCAGTTTTAGATCATCTTATAATAACCGAGAACGCTTATTATAGTTTTGCAGATGAAAATCAAATGGGCTAATCTTTATAATAAAACTTCAAATAAAATCAATACCAACTCGCTGTGGAATTAACGGAGAATGCAGTTGGAATTTGTTATTTTTATCTTTTAGAATTTTCAAGACCTTATGTTATTAGTTTATACTCACAAAATCACACCACGTGTTACTTATACGTTTAAGCATATATGCAGACGTGTTTTAGGAATAGAAGTGAGATTTACATCTAAAGTAGAAGATTTTATTGCACACGATAGCTTAAAAATGTCTTATGCAAAAAAGCCTTTAAGCAATGAATTGTTTGTTAGAAGTCATGACTTGTTATTTGATCATGGTTTATCTGATTTAGAAATCAATGTGCAACAATGGGGTAATACTAAAGGTTTCTTTGCTACAAGTGAACGTAGTGATTTGCCTTTCGATATTTTTGCAGCATCCTTTTATATGCTAAGTCGATATGAAGAATATTTACCTCATGTAAAAGATGAATATGGGCGTTTTTTAGCGTCTGAAAGTTTAGCTTTTCATCATAAATTTTTAAATCAACCTGTTGTAGATCTTTGGGCTTATAAATTAAAAGATGTTTTAATGCAACGTTTCCCTGATTATAATTTTCCTGAACGAAAATACACCGTACAGCCTGTGATTGATGTGCCTATGGCGTATTATTTTAAGCATAAAGGTTTTTTGAGAACCATTGGAGGAACTCTGAATGATCTAAGACGTTTAAAACTTAAACAATTATATTTTAGATATACTGTTTTAATGGGATTTAAACGAGATCCGTATGATACTTTCAGATGGATTATTAGAAAACAAAAGGCTAATAAAACAAAATTTACAGTACTATTTTTAATAGGTGATTATTCTACTTACGATAAAGGAATAAGCACAACAAAAAAAGATTTTATTTCATTAATTAAATCCGTTGCCGATTATTGTAATGTTGGGATTAAGGCCTCTTATTTTTCGCTAAATGATGTTGCTATTCTTAAAAAGGAGAAACTTAAAATGGAAGCGATAACGCATATAGATTTAAATGCGGTACGTCACTCTTTTTCGAAGTTAAATTTACCTGTTTCATATAGAAACTTGGTCGAGTTAGAAATTAATCAAGATTTTACAATGGGTTATATTGATACCTTAGGTTTTAGGGCAGGTACTTGTACACCATTTCAATTTTACGATTTGGATT
NZ_CP058981.1_gap60	2781416	2782231	815	TCAAAATATAATTTTCCAGCAACAGATAAGCCAAAAGGAGTTGGTGTACATCCACATCGCGGATTCGAAACGGTTACTATTGCTTACAAAGGTCGTGTAGAACATGGAGATAGTGCAGGAGGTGGAGGTGTAATTGGTGAAGGAGATGTACAATGGATGACTGCGGCATCAGGAGTATTACATAAAGAATTTCATGAAACCGAATGGAGTAAAACAGGTGGAGAATTTCAAATGGTTCAATTATGGGTGAATCTTCCGGCTAAGGATAAAATGAGTCCGCCAAAATATCAAGCGATTTCTAATGCAGAAATAAAAAAAGTGATTTTGCCAAATGAAGCAGGTAAAGTTGAGGTCATCGCAGGTTCATATGAAGGAGTTGTAGGACCAGCATCTACATTTTCGCCAATGAATATGTTCAATTTAAAATTGAAGAAAGGTACAAAAACACAATTAACGTTTCCAAAACATTATACAACTTCATTATTAATGGTTGAAGGAAGCGCCACGGTTAATGGCGAAGAAGTGTTAGCAGATCACTTTGTATTATTTAGTTCGGACGGTGAAACTTTTACAGTAGAAACCTTAACTGATGTTATTATTTTAGTATTAAGCGGAGAACCAATTAATGAACCTATTGCAGCTCACGGTCCATTTGTAATGAATACACAAGAAGAACTTGTAGAAGCTTTTCAAGATTTTAATACAGGCAAGTTTGGGTATTTAGAATAGTGTAATTAATTATCAAGACCTAAGGAGTAAGTTGTTTAGTCTTCATTTTAAATTTACGCTTTGTTTTAGAAGAAAAAGCATTAAAT
NZ_CP058981.1_gap61	2826464	2830649	4185	CAATACAACAGAAGAGCCAATGGTTCTTTAGAAGCATTGCCAAATAAACATATTGATACGGGAATGGGGTTTGAGCGCTTATGTATGGTGTTACAAAATGTACAATCTAATTACGATACTGATGTTTTTACACCGATTATTCGTGAAATAGAAACCATTACAGATAAAAAATACGTAGGGAAATCGAGCAATTTACCTAAAGAACAAGAGGAAATAAATGTAGCTGTTCGTGTTATTTCAGATCACGTAAGAGCTGTAGCGTTTTCTATCGCTGATGGTCAATTGCCAAGTAATACAGGAGCTGGTTATGTGATTCGTAGAATATTACGACGAGCTATACGATATGGTTTTACTTTCTTAGATAAAAAAGAGCCTTTCATTTACCGTTTAGTAGATGTATTGAGTAAAAAAATGGGAGATGCATTCCCAGAGTTAAAAGCACAACAAACTTTAATTGAAAATGTAATTAAAGAAGAAGAGGCTTCTTTTCTTAGAACTTTAGATCAAGGATTAGTTTTATTAAATAGAGTTGTAGAAGAAACTAAAGGCGATACTGTTTCTGGTGAAAAAGCATTTGAATTATATGATACTTATGGTTTCCCTATAGATTTAACGGCTTTAATTCTTTCTGAAAAGCATTTAAAACTCGATGAAAAAGGATTTAAGGAACAATTAGAAAAACAGAAAAAAAGATCGCGTTCTGCAAGTGAAACTTCTACGGAAGATTGGACGGTTTTAGCAGAAGATGATGTTGAAGAATTTATTGGTTATGATGCATTAGAGGCTAATGTGAAAATTACGAGATACCGAAAAGTGACTTCTAAAAAGGATGGTGAAATGTACCAGTTGGTATTTAATTTAACACCGTTTTATCCTGAAGGTGGTGGTCAAGTAGGAGAGCAAGGAGCATTGCAAGATGCACATGGCGATGTGGTTTATATTTTAGATACTAAAAAGGAAAATAACGTTATTATCCATTTAACTAAAGATTTACCAAAGCATATTAATGAAGGTTTTAAGGCGGTAGTTAATGCAGAACACAGAGCATTGTCTTCTAGTAATCACTCTGCAACACACTTATTACACCAAGCATTAAGAGCCGTTTTAGGAGAGCATGTTGAACAAAAAGGATCCTTAGTAAAACCCAAATCATTACGCTTTGATTTTTCTCATTTTTCAAAAGTAACTTCAGAGCAATTACAAGAAATAGAAGATTTTGTAAATGCCAGAATAGAAGGAAAGCTTCCTTTAGAAGAGCAACGTAATGTTCCTATGGAAAAAGCTATTGAAGAAGGTGCAATGGCATTATTTGGTGAGAAATATGGAGATACCGTAAGGACGATTCGTTTTGGAAAATCTATGGAATTATGTGGAGGAATTCATGTAAAGAATACTGCAGATATCTGGCACTTTAAAATAGTTTCTGAAGGAGCTGTTGCAGCAGGAATTAGACGAATTGAAGCGATAACAAATAAATCTGTTAGAGATTATTATACCGATAATAACTCTGCTTTTCTTCAAATGAAAGCCTTGCTAAATAATGTAAAAGAACCTGTAAAAGCTTTAGTAAGCCTTCAAGATGAAAATGCTGAATTAAAGAAACAAATTGAAGGATTCTTAAAAGATAAAGCAAAGAATATTAAAGGGGAGCTTAAAAATGAATTAACCGAAATTAATGGTGTTCAGTTTTTAGCTAAGAAATTAGATTTAGATGCTGCCGGAGTTAAAGATGTTTGTTTTGAATTAGGAAGTCAGTTTGATAACTTATTTTTATTATTTGGAGCTGAGAATGATGGGAAAGCAATTCTGTCATGTTACATTTCTAAAGAATTGGTAGCGAGTAAAAACTTAAATGCGGGTACTATTGTAAGAGAATTAGGAAAACACATCCAAGGTGGAGGTGGAGGACAACCTTTCTTTGCAACCGCTGGAGGTAAAAATCCAGTAGGAATAGAAGCTGCTTTAGAGGCTGCTAAGGGATATTTGTAAAATAGAAATTACTTAGAGATACACAGAGAAAAGCACAGAGATTTACAGAGGGATATATTGTTTAGCATAGAATGGAAGATAATGTTTTTATCACAACTCTCTCTGTGAAACTCAGTGAGACTCTGCGAATCTCTGTGTAACAATAATATGAATAGTAAATAATAGGATAAACCTTTACGTCTCTGCGACTTTTTTGAGAATACATGAAACTACAAACACAAATACCATTACAACCACAGCAATACAATCAAATAGACTATAACTCTAGATTGCTGTTATTTGGTTCGTGTTTTTCTGAGAATATTGGAAACAAGTTTACGTATCATAAATTTCAAACAGTAGTTAATCCGTTTGGGATATTATTTCATCCTTTAGCGATTGAAAATCTTATAACAAGAGCAATTAATAAGGATTATTACACAGAAGAAGATTTACAGTTTTATAATGAACAATGGTTTTGTTTAGATGCGCATTCAAAATTAAATCAAACCTCAAAAGAAGAATTATTAAAAGTTTTAAATTCTCAACTAGATAAGACTTGTAATGATTTGCTTAATGCAACACATATTGTAATTACATTAGGAACAAGTTGGGTTTATAGACATATAGAATCTGATAAAATTGTTGCGAATTGCCATAAATTACCACAAAAACAATTTTTAAAAGAATTACTTTCAGTAGATCAAATTTCAGAATCTTTAGAAGGAATTATCAGCTTAGTAAAAAGTATTAATCCTAAAGTTTCGTTTTTATTTACCGTATCTCCTGTTAGACATACTAAAGATGGTTTTGTAGAAAATACATTGAGTAAATCTCATTTAATCACGGCGATTAATCAAGTTGTAGAACCCAGACAACATTTGTATTATTTTCCTTCCTATGAAATTATGATGGATGAATTAAGAGATTACAGGTTTTATAATGCTGATATGATTCACCCAAATCAATTGGCTATAGATTATATCTGGGAGAAATTTAAAACGGTATGGTTATCTGATGAGGCTCTGAAAACCTCAAAAATCATTTCTACCATTCAAGCTAAAAAAGCACATCGGCCATTTAATCCCAACTCTGAAGCTCATCTAGTTTTTTTGCAGAAACTTCAAGTTGATATTGAAGATTTACAACATGAATATCCTTTTTTTAATTTTGAGTAAGATTCAAAATAGAGGCTTAAGAAAGTGCTTTTAATTTTTAATAAATTTCAAATTAGTAAGCTGTCCATTTACTTCTAAGGAAACAATATACAATCCATCAGCCAGATTTGAAACATCAATAAGTTTTCTAGTTTCAAAATTTGATAATTCTAATACTTTTTGTCCATTCAAATTAATAATATTTACGTTTGCATAATTAAAATTTGGTGTTTCAATTTTAAAAGTATTTTTAGATGGATTTGGTACCAATTTAAGCGTCTTTTCTAATATTGTAAAGTCATCATTGTTTAAGGTGTCGTCTTCTTCCATGCGAGATACAGCTGCTAATAATCGGATATAAGCCGATTGGTAGTATATGGCTGGTTCACTAAATTCCCATGAGTTGTCAGGATAACCAGTATTAAAATCTAAGTAACTTTTTTGAAGAGGTTGGTTATAAGGCGGAATTAAATTAGTATTAGCAGTATAATCCCCATTAGCACCTCCAACTAAAAAGCCTGGAGCGGGTCCATAGTCTGTAATGTCTTCATTATCCCATTGAGACCCATCATAAAACCAAGTGTGGTAGATTTCTTTAATACTATTTTCTGCACCATAACTATTCATGTTACTTAGGTAAACAAGATCTAATGGATTAACACCATGAAAATAGTGAAGCATTTCTTTTGCTTTAAGATTATAGCTTGAAGTGCTAGAGGTGTTAATATTATATTTTTTAAAAATTAAATTAAGATTTCCTGTATTAGCTTTTGCTTGGTTACTTCCCCAATGGTAGATCCAATCATTAGTAAATCCTCTATATAAATCTAACGTGTTAAATTGAAAATACTCGCTATAATTATTAGAAGCAGCCGTTTGAGCAGAATTAATAATAGTGGTTTTTAAAGCCGTATTTACCGTATTTAAAGTCGTGTAATGTAATAAGGCATCAATATTTGAAATATTATAATTATTCCATGCACCATCAGCAATAACAGCTGAGTCATCAATATTGTCAATTAAATATTGATCGTATGTGTTATTGCCCGTTAAAGCATAG
NZ_CP058981.1_gap62	2831657	2836394	4737	CTGTAACCAAATTGATCAATATGAATGAAATCACTGTGTTGAGCAAAACAAAATAAAGGAAAAATAAAATAGAGTATGTTTAACTTTTTCATCGTTTATTTGTTTGAAGGTTAAATATATAAAACTCTAAATTATTTAGCTTTTAGAAACTCTAACACTTTCTGGTACTAAAACCGTATAATCTCCATTATTTCTAAGTACATCACGTACAATAGAAGAGGATATAAAAGAAGTTTTAGAAGAGGTTAATAAGAATACGGTTTCTATTTTAGAGAGTTTTCTATTGGTATGAGCAATGGCTTTTTCAAATTCAAAATCAGCCGGATTTCGTAAACCTCTTAATATAAATTCGGCATTAACTTCCCTACAGAAATCAATAGTTAGCCCTTTATAAGTAACTACTTTTACTTTAGGTTCGTCTTCAAAAGATTTCTCAATAAATTGTTTTCTTTCTTCTAATGAAAACATGTAATTCTTGTCAGAATTAATACCGATGGCAACAATAACTTCATCAAAAAGTTTAATACCACGTTTTATAATGTCGTAATGTCCGTTTGTAAGCGGGTCAAAAGATCCTGGGAATATGGCTCGTTTCATCGGTGATAATGTTTTGTGGTTTACGTTAAATAAATAGACGTTATAGATTCAAAGATAATTATTATTTCAGAGCTTCTTTAATTGCACTATCAAATAAATCTTGCATACTTATTCCGGCTTGTGCAGCTTGTTGAGGTAAAATGCTTTCATTGATAAGACCAGGAACTGTATTTACTTCTAATAAATAAGGTTCATCATTTTTAAAGATAAATTCACTTCTAGAAAAACCTTTCATGTTTAAGGTTTCATAAATTCTTTTGGCTTCAATATTCACTTTACTTGCATAATCATCAGAAATACGAGCAGGTGTTATTTCTTGAGATTTACCTAAATACTTTGCTTCGTAATCGAAGAAATCATTTTCTGAAACAATTTCGGTGATTGGTAAAACGAGAGTTTCTCCTTTATAAGTAATTACACCAACAGAGACTTCTACACCATCTAAAAACTGTTCTATTATAATTTCATTATCTTCTTTAAATGAGTTGTCAATGGCAGTTTGTAGCTCTTCTTTTTTATATACTTTAGAAATTCCGAAGCTGCTACCAGCTTTGTTTGCTTTTACAAAACAGGGTAAACCTACTTTTGCGACAATAGCATCTTCATCTACAATATCACCAAAATTTAAGTAATAACTTTCAGCTGTTTTAATACCAAAAGGTTTAAGTGTTGCTAATAAATCACGTTTATTAAACGTTAATGCTGCCTGGTACATAGAACAGCTCGTTTGTGGCATATTTAGTAATTCAAAATACGCTTGCATATAGCCATCTTCACCGGGAGAACCGTGAATGGCATTAAAAACACAATCAAATTTTATCTTGGTATCGTTTACTAAAACAGAAAAATCATTTTTATCTACCGGAAATTCTTCATCCAAATCATTCACAGATACCCATTTGTTTTTAAAGATATGAATGCGGTATGCATTATATTTATTTTTGTCTAAAGTGTTAAAAACCACGTTACCACTCTTAAGGGAAATCTTGTATTCGCTAGAATAACCGCCCATTATAATTGCAATATTTTTCTTCATCTTTCAGTTTAAAAAAGCCCGAGTGTAAATGTATAATATATTTTTTATAAACTAAATGAGTTGTTCGTACGTATTTTATATATGTGTCGTTATTATTTCTTAATTTTGCCAACAATTATTTTCTTATGAGTTTTGTTAAGTTTCTTACTAGTAAAGTTTTTTTAAAACAAATTGCATTAGCTATTATAGCTGTTGTAGTTATGTGTTTTATAGCCTTGAAATGGTTAAGTGTAACCACCAATCATGGTGAGTTTATAACTGTGCCTGATTTAAAAGGTAAATCCCTAGAAACTGTTGGGATCGAGTTAAAGGATAATCATTTAGCCTTAGAAATTCAAGATTCTGCAAATTATAATCCAAAATACCCAAAGTATTCTGTAATTGAACAAAATCCAATAGCAGGATCTAATGTTAAGGAGAATAGAAAAATTTATTTAATCTTAAATCCTTCTGGTTACAGAAAGGTTGAAGTGCCAAATATTTTGAAAAGAACCTTTAGACAAGCAAAACCTCAATTAGAAGCCTTAGAGTTTACAATTGGAAAAATAACCTATAAAGATGCCATTGGTGAAGGTGTTATTTCTATGTCACATGACGGAGAAACATTAAAGCCAGGCACATTATTACCATTAACTTCTAAGATTGACTTAGTAGTGGGTAACGGTAAACTTTAAATTTATATAATGCCAAATATTCCTGAAATTTCAGACGATGCAGAAAACGAATTATACGAGCATCATGCTTTTAAAGTTGTTGCTGGTCAACAACCACTTCGTATCGATAAATACTTAATGAATTTTATTGAAAACGCAACACGTAATAAAATTCAAGCTGCCGCGAAAGACGGTAGTATTTTTGTAAATAACGTTCCCGTAAAATCGAATTACAAAGTAAAGCCTAATGATTTTATTACTGTAAAATTTGAGCATCCTCCACATGAAAATCTTTTGGTTGCAGAAGATATTGATATCGATGTGGTTTATGAAGATGATGACTTGTTAGTGGTGAACAAACCTGCCGGAATGGTAGTACACCCTGGTCATGGTAATTACTCTGGGACTTTAATTAATGCCTTGATTTTTCATTTTGAAAATTTACCAAATAACTCAAGTGAAAGACCTGGTTTAGTACACCGAATCGATAAAGATACCAGTGGATTATTAGTGGTTGCTAAGACAGAACAAGCCATGGCACATCTTTCTAGTCAATTTGCTAAGAAAACAAGTGAGCGCGAATATGTTGCTATTGTTTGGGGTAATATGGAAGAAGATGAAGGAACTATTGAAGGTAATATTGGTCGCCATCCAAAAAATAGATTACAAAACGTTGTTTTCGTAGACGATGATGAAGAGCAAGGAAAACATGCTGTAACACATTATAAGGTGATAGAACGTTTAGGTTATGTTACTTTAGTGAGTTGCAAGCTTGAGACGGGACGTACACACCAAATCCGTGTGCACATGAAATATATTGGACATACATTATTTAACGATGCGCGTTATGGTGGTGAACGTATTTTAAAAGGAACAACGTTTACAAAATATAAACAGTTTGTAGATAACTGTTTTAAAATTTTGCCAAGACAAGCGCTACATGCTAAGACGTTAGGTTTTGTACATCCAACCACAAATGAATTTATGAGGTTTGAATCTGAAGTTCCTGAAGATATGACTTTATGTATTGAGAAATGGCGCCATTATGCAAGGCATATGGATGCATAGGTAAACTTATCTTTTATTTATATCAGCATCTCATTTTTTCTACAATAGCTTCTAAAGCTTAATAGAAAAAATGAGTTGTTTTTTTTTATATATTTTATTTTGAATGTGATAGAAGCGTATCATTCAAATAGATCTTCTTCAATTTATTTCTTCAAAAATAAAAAAGTACATTCCTTGGTGTTATTGATGTTTTCTATGTTTTTATTATTTCGATAGGAAATACTTATATCGTTATCTAGATTAGTGTTCAGTAATATTTGAAATTCTTTCATATAGATTGTATTTTTACATAGAGAAAGAAAATAGTTTAACCATTAATAAAACACCTGCTTTTGCAGTTCACTATATATGAAATTAGTATTATCACCAGCAAAATCTTTAGATTACGAAACAAAATTGCCAACTAGCAAAACGACGGATGGTCAATTTTTAAAAGAAGCAGATCAGCTTAATAAAGTCTTGAAAAAGAAATCAGCAAAGGATTTATCAGAGCTGATGCACATTTCAGATAACTTAGGGCAGTTAAACTTTGAACGAAATCAAGAATGGGAATTACCATTTACCCAAGACAATGCCAGACCAGCTATTTACGCGTTTAGTGGTGATGTTTACAGAGGAATAGATGCTTATACAATTGATACGGAGAAATTAGATAAAGTAGAAGATACTGTACGTATTCTTTCAGGTTTATATGGAATTTTAAAACCTTTAGATTTAGTGCAACCTTACCGATTAGAAATGGGAACTAAATTGCCTGTAGGTAAAAACAAGAATTTGTATGAATTCTGGCAAAAGAAGGTAACTAGGGCGTTGAATGAAGAATTAGAAGACGATGAACTTTTTATAAACCTAGCAAGTAACGAGTACTTTAAAGCCGTTGACACTAAAGCTTTAAATGTACCTGTTGTAAATATTGTTTTCAAAGAATTTAAAAACGATAAATACAAAATTGTTGCTTTTTATGCCAAATTAGCAAGAGGATTAATGACCAGATATATTATTGATACAGATGTAAAAACGGTAGATGATATTAAAGCTTTTAATTATGAGAATTATGGTTTTAGCGATGCGTTGTCTTCAGAAAATGAGTTGGTGTTTACCAGATAAAGTGAATATAAATAGCTAATTTTGCAGCTATGTATTATTTCTTACTTTTAGCGCTTAAAGCGTATTGTATCTATCATGCTTTTAAAAACAACAAACCTTTTTATTGGTATCTCATTATATTTATTGTTCCCATATTGGGGCCATTAATATATATTATCACTCAGGTGTATAATAGAAATGACACTCAAAAAATACAAGAGGAAATTACAACCGTTTTAAATCCTACAAAACGGATTAAAGACCTAGAAGCTAAGCTAAAATTTATTGACACCTATA
NZ_CP058981.1_gap63	2896347	2899152	2805	GGATTACAAGATAAGTTATCTGCAATTAGTATTTATCTGCCCAATGGTAATTCTAAAATCGTAGGTTTGTATTATCAAATTTTTAAGCGTTTGGCTTGGGAAAATATAACATTATATGAAGTGGTATCTACAACAAATGAATTTACGGTAGTTGTTGAGGATTATTTAGTAGATAAAGCATTTTCTGTGATAAAAGACTTAAAAATATAAAGTTTAACTTAGTTAGATAAAAATAAATGTACTGCTATGTTGCAAATTTACAGTAGTTTAAATCAATAATAAAAACTATTGCTAAAAACTATTAGTATGCTTATTTTTGTGCGACCAATAAATTTCTGATTAAAATGAATTTACACGAATATCAAGGAAAAGAATTATTAAGCAGTTTTGGAGTACGTATTCAACGCGGTATTGTAGCTCAAAGTGCTAAAGAAGCTGTTGAAGCAGCTAAGCAATTAACAGCTGAAACAGAAACAGGATGGCATGTGATTAAAGCACAGGTTCATGCAGGTGGACGTGGAAAAGGTGGAGGAGTAAAATTAGCCAAAAACCTTAAAGAAGTTGAAGAAATTGCAGGACAAATTATAGGAATGGATTTGGTTACACCTCAAACTTCTGCGGAAGGAAAGCGTGTGCACCAAGTTTTAGTTGCTGAGGATGTTTATTATCCAGGTGAATCTGAGCCAAACGAATATTACATGTCTGTATTATTAAACCGTGCTACAGGTAGAAATATGATTGTATATTCTACTGAAGGAGGAATGGATATTGAGACTGTTGCTGAAGAAACACCAGAATTAATACATAACGAAGAAATAGATCCTGCTACAGGTATTTTACCTTTTCAAGCGCGTCGTATAGCTTTTAACTTAGGCTTATCTGGACTTGCTTTTAAAGAAATGACAAAATTTGTTACAGCATTATATACTGCTTACGATAAATCTGATGCTTCTTTATTTGAAATCAATCCTGTTTTAAAAACAAGTGATAGTAAAATAATGGCTGTAGATGCTAAAGTAACTTTAGATGCTAATGCATTATACAGACATAAAGATTTAGCTGCATTACGTGACTTACGTGAAGAAAATCAAATTGAAGTTGAAGCAGGTGCTTTAGGTTTAAACTATGTTGATTTAGACGGAAATGTTGGTTGTATGGTTAATGGTGCTGGTTTAGCTATGGCAACTATGGATTTAATTAAGCAAGCAGGTGGTGAGCCAGCTAACTTTTTAGATGTTGGTGGTACTGCTGATGCAGCTAGAGTAGAAGCAGCTTTTAAAATTATTTTAAAAGATCCTGCAGTTAAAGCTATTTTAATTAACATCTTTGGAGGTATTGTACGTTGTGACCGTGTGGCACAAGGTGTAATAGATGCTTACAAAAACATGGGTAACATTAGTGTACCAATCATTGTACGCTTACAAGGAACAAATGCAGACATCGCTAAAGAATTAATTGATAATTCTGGTTTAGATGTAATGAGTGCAACTGAATTCCAAGAAGCTGCAGATAAAGTGCAAGAAGTATTAGCATAAGCTATTTTCTAAAAGGTTTTTAACCTTGTAGATATATAAATAAAAAAGAGCAACATTTTAATGTTGCTCTTTTTTTATTTAGGTTTATTAGAATCTTTCTTTTTAGGCATTGGACCTCTTAAATGAATAATTAATCCATTAAGGAAATTTCTTAAAATTTGATCTCCACATTCCATGTATTTCGGGTGGTCTTCGTTTCTAAACATAGCGTTTAATTCACTTTTAGAAATTCTAAAATCTACTAATTCTAAGATTTTTACTATATCATCATCTCTTAGCTTATGAGCTACTCTTAGTTTTTTAAATATGTCGTTATTTGTCATAAATTTTAATTTTGATTTCTAACTATTATAGAAATCATATTTAGATTATTACCATTATAAATATTTATCTCAAGCTAGGCGAAATCTGCTTTTTTATAATTCTCGCATAATATAAGTAAATATAGTTAAATGATTTTGATTAAAAATATTGAATTTATAGTTAGTTAGTTTTTTGGTTAAATAATTGTTTTTCAGTATTTTAGGTTGTGTTGTTTATTTTGTTTCAACACTAATCATATAGTAAAAACAAACTGTTTTTTTATTGTATAATTACTGTTTTAATTTGATAAACGTTTAATAAAATCGACTAAGTACGTTTAATTTTTCGACAAGATACATTATATCAACGACAATAAAATAATGGACCTCTGTAACTTTACAGTATAATTTAATCCCTTATAATTATGACGAATCGCGTTGAGAAATTGAGTTTACTTTCTGAGATGATTGCATTTGCACAGACAGAAGATAGTGTAAATTCTATTGAATATAATTTTTTATATAGTATCGCGAAGCAATTAGATATTTCTAAAGAAGATTTTCAATATTTATTTGAGCATCCTGTAACTTATTTGCATCTTAAATCGCATAGTGAGCGTATTGTACAGTTTCATAGATTGGTTCTTTTAATGAACCTAGATCATAAAGTAGCACCTAAGCAATTGGTTAAAATTCATAATTTTGGATTACGTATGGGGTTAAGCCATGATTCTATAAATAGAGTTCTTGATTTAATGGAGAGCTTTCCAAATAAAATGGTACCAGCAGATTTTTTAATTGATATTTTTAAGGTACAGTATAATTAGTACTAGATCTCTATTTTTTTAATTCAGTAACTTTTTAAGTCTTATTTAGAAGAAACTATTGATTGTTATAATAGAGCAAATTACTAATGACAAAAAGCTAACTATTGTTAATGTACTTTTTTTGTTTTTAATTAAAAATAG
NZ_CP058981.1_gap64	3025575	3027918	2343	ATGATTGTTCTTCGGGAGATACAAATGAATTGGTAAATTTAAATGAATAAATTATGTCAAATTTAAACCATAGAGGTCCAGATAATTTAGGTCCAAAACAGGAATGAAATTAGGGAAATGTAGAAAGACTAAATCTGATACTGTTGAGGATTCTGAAATTAGGCAATGTAGAAAAGGAAGGATAAAAAAATCACATTGTAACCGGTTAGAAAGATTATATCATGAAGAAAATTGCTGTTCCCATAACTCAAAATAACAAAATTGAAAGCTGTTTTGGAGATTCTAAGTTTTATGAAATTTATATTTTCTCTAAAACTAATGATATTTTAGATGTGCAATTGTTAGAGTTAGACAAAAGTTATGACTGTTCTAATGTTGTAAACGTATTGGCAAATGCAGAAGTTACCTTTATGTTATCAGATCATATAGGAAATAAGGCTTTCAATAGATTAAATAAAGCAGGGATTAAGGTGATAAGAGGATGTTCGGGTGATTCTGCTGATGTTATTTTACAGTTTGTTGAAAATGAAATTATAGATAGTGGAACAAGTTGTTCACTTCATAAAAAAAAGAATAAGCAGTTAAAAGACTATAAATGTCACTGCTAATAAAAAAAATAGGAATGCTTAATTGATTTCTATTCACAAAAAATAAAAATTATATTAATGTCTATTAAAGATTCAGCTATTATAGAAGGAGTAAGGGTTAAGTTACCTACTAAGTTTGGTCATTTTGAATTAATCCCTTTTAAAGAAAAAGTAAATGGTTTTGAGCACATGGCTCTTATTAAAGGAGATTTAACCTCAAAAGATACTGTCTTAACACGTATACATTCAGCTTGTGCTACCGGAGACTTATTCGGGTCCTTAAAATGCGATTGTGGTGATCAATTAATTGAAGCCATGAAGATGATTGAGAAAAACGGAACAGGCGTTATTGTCTACTTGCAACAAGAGGGTAGAGGTATAGGTCTAATGAATAAGATGAAAGCTTATAAACTTCAAGAAGAAGGATTCGATACCATTGAGGCTAATTTAAAATTGGGCTTTGCTTCCGATGAAAGAGATTATAACGTAGGCGTAGAAATTCTTAATGCTGTTGGGGTAAAACAAGTGAACCTGTTAACTAATAATCCTGATAAAATTTCAGGATTAGAGAAAAGCGGAATTAAGGTTGTAAAACGCGTTCCTATAATAATACCATCAAACCCATTTAATAAGAGTTATTTAGCGACCAAAGAAAATCAAATGGGACATCAACTCACTGAAAGTAAATTAGAAGATAAATGCTGTGATCACTGATACATTTCAATTAAGACCACATTACGGCGAAGTTGATCAAATGCGATATGTATATCATGCAAATTATCTTACATATTGTCACCAAGCACGTAATGAGTTGTTAAGAAAACTAAACTTAGATGAGGTTGTTCTTGAAAGGAATAATATCATATTACCCGTTATTTCATTTGATATTAGCTATAAAAAACCTGCATATTTTGATGAGCTTATTACGGTAAAAACTATAATAAGAGAAATGCCTAAAGTGCGTTTTAATTTTGAATTTGAAATTAGAAATGAACAAAACATCCTTTTAATTAAAGCGAAGTCAACAGTTGTTTTTGTAGATCGAGAATCGCGTTTACCTAAAAAGATCCCTGAGTTTATTCAAAATATATTCAAAAAGGAATTTTAATAAAATTACATACATCTAGTATATTGTAGCTAGTTTTTTACTTTTGCTGTTTTTTTAGAAATTATGAAATCGAATAAATAGAAACAGGAATGAGGGTTAAATTTTTAAAATAAACCTATTTTTATCAAAATTTTTAAAGAAGTTCATAAAAAGAACACAAAATATACTAGTTAATTGATACTCTAAATACTCTGGTTAGAGAATTTCGTTCTTCTGAACGTTTTAAAAATGAAGCATTTATGACAAATAATATAATTATTGAAAATCAATATAAAAGAACAAGTTTGTTTGAAAAAGATAATGTTAATTATCTCGTACACGTTTTAAAAAGGTTTAATACAGTACCTAAGCTTAACAATATAAATATTATTACTTCTAGTACGGTACCAGATGTATTTAAAATTGTACCAAATGAATCAATTATAATTGGTGCTTCATATTTAAAAAATCCAGTTTTAGCTTTAGTTTATTTACGATACGGAATTGAGTGGCAACTCTGGTATAAAGCATTAAGTAGTAAAAATGAAGATTCTGCTTTGTGTGATATTGCTGCTTTTGAAGTAACTAGAATATTCTACAAATTATTACCAAAAGAAGACAAGGAAAAGTTAAAATCTCTTGATTATTTTTTAATCGAATTATTTAAAA
NZ_CP058981.1_gap65	3091044	3094817	3773	AATTCAAAGTTGTTTTTTTACAAAGAACGGAAATAAACCAAAAAGAATCGTATTAGTTTTAATATTAGTGTTGATAGATTATATTTGCCTCCTAAGATCTATAGTTACTATGAAGCCTATTAAGCTTTTAATTATTTTATTATGTTGTATTGTGGTGTCCTCTTGTATTCCACATAAAGATACGGTTTACTTACAAATAAAGGAAGATGCTTCCAATGATAGTATTGTAAATAACCTTACGGAAATTCAGAAACCCTACCGTATTCAAGTTAATGATATTTTGAACATAAGAGTGAAAGCGCTTGATCAAGAAACGGTATCAATATTAAACCCAGCAGGTGATGGCGATTTAAATGCAAGTAGTGCAGAGCGTGCTTATTTTGATGGCTTTACGGTAGATGTGCATGGGAATGTTAGAATACCAACCTTAGGGTATTTAAATGTGTTAGGGTTTACCACAGAAGAAATTGAAAATCTTATTGAAGCCAAGTTACTTGATGAGCAATTTAAAGAAACTGCTAATATTTTTGTAACTGTAAAATTAGCAGGCTTACGTTACACCGCCAATGGAGAGGTAGGGTCGCCAGGAAGTAATGTGTTATTTTCAGAACGTGTTAATATATTTGAAGCTATCGCTAATGTGGGTGAAATCCCTGTGACAGGAAATAAAAAAGATGTTTTAATTATCAGGCAATATCCTCAAGGTCAAAAAATACATCATTTAGATTTAACGGATATAAAAGTGATGCAGTCTCCATATTATTATATACAGCCTAATGATATAATTTATGTGAAGCCATTAAAGCAAAAATCTATAGGGACGGGGGAAACAGCATTGTCTAGTATAACTGCTATCGCCTCTATACTTTCTTTAATTACTACAGCCGTATTACTTTATTCTAGATTATAATTACCTATGAGAGATTACGACGAAATGGATGACCAAGACTCACAAAGCATGAGTTTTGACTTTAGGGGCTTTCTTTTTAAAGTATTAAACCTTTGGAAGTTTGTTCTTATATGTATAGGTGTAGCTATGTTAATTGCTTATTTTATTAATGTAAGAAAACAAAACGTTTACAAACTAGATTCATTGATTTCTGTAGAGAATGATCAAAATCCCTTTTTTACGGCCAATACTAGTATCTCCTTTAATTGGGGAGGGACCTCGGGTAAAGTAGGTAAAATAATTACCGCCATTAAAACCCGTACCCATAACGAGATGGTTGTAGATTCTCTTCAATATTATATGCAGTATTTAGAAGAAGGGAAATATCGTAAAATTGATATTTATAAAAAAGCTCCTTTCGAGTTTATAATTGATAAATCTAAAGACCAAGTTCTTAATTATCCTGTAGGAATTCGATTTTTGAGTGCTAATGAATTTGAGATTTTTACAGCATACGAAGGCACAAGTGCGGCTTCTCAAAAGTATGGTGATAAATCTAAATCTCATGTCACAATGCCAAATGGGGCTTTTAAAAAAACATTTAAAAATGGAGAAGCTATTTCTTTACCCTTTCTTAATGGTAAGGTGATGGTTAAGCCCGGTTATAATGTTTTAGTTGGCTCTGAATATTTTCTTAAGTTTAGCAATTTTGATGGCATTGTTCATGACTATAAGACGAGCGTTATTGTAGGAACAGTTAATTCTTCTTCAGGTTCTATCTTAAAGTTAGAATTGGCTGGTAATAATAAAGCTAAAATTGTAGATTATTTGAATGCGACTTCTGCTATTTTGAGCGAAACTGAATTGGAGCGTAAAAACTTGTATGCTACAAATACGATTAAGTTTATTGATAGTAGTTTGGCAACTGTTAATACAAACCTCAATGGATTTACAGATGAAATGAATCAATTTCGTAAAGAAAATAAAGTCTTTGATGTTAGTACTGAGATTTCACAGGTTTCAAATAAGCTTCAACAATTTGAATTAGAAAAACAAGTAGAAGCATCTAAGCTTGATTACTTAAGCAACCTTGAGGTTTATTTAAATACAAAAACAGATTATACTAACATCGCTGCTCCAACAAGTGTTGGTATAGATGAAGGTAATATTCTTAATAGTGTCTCTAAAATTGTAGCTTTAGCTGCTGAACGTCAAAATTTAGAGTATACAACTAAAGAAGGGTCAGGACTTTTTAAAGAGTTAGATCGACGTATTGATTCCGAAAAAAATGTTTTGCTCGAAACTGTTGATGCTACTAAAAGAACGATAAATGCTCGAATTCGTACTTTAAATCTTAATATCTCTAATTTAGAATCAGAATTGAGTGATTTACCAGAAGACGAACAACAATTTTTAAAGATTCAACGACAGCTCGATATCAGTCAGGAATCCTATAATATTTATATGGCTAAGCGAAGTGAGGCCGCTATTGTTAAAGCTGCTAATATTTCAGATTTAACAGTCATAGATGAAGCTAAAGATATTGGAGGTGGGTTAATAGGACCTAATAAATCCCTGAATTACATGATGGGCTTAATGTTAGGGTTTTTTATTCCAATGTTTCTTATTTTTATTGTTTACCTACTCGATAATACCATTCATGGGTCTGATGAAATTACCCGTATGTCTAACATCCCAATTCTTGGATTGGTGGGTAAGTATCGCTATAAAAATAATTTAGTAGCTTATGAAAAGCCTAAGTCTGCCGTTGCGGAGTCGTTTAGAGCTATTCGTTCAAGTTTGCAATTTATCTTTAAAAATCAAAAAATTGAAGTAGGTAAAGCGCACACTTTAATGGTTACATCCTCTGTGAGTGGAGAAGGGAAAACATTTACTTCAATCAATATAGCAACCGTATATGCACTTTCTGGTAAAAAAACCATTTTATTAGGACTGGATTTACGTAAGCCAAAAATCTTTGATGATTTTAATATTAATAACGATAAAGGTGTGGTGAATTATCTTATTGGTGATGGTACTTTAGAAGAAATTACAACACATACACATATCGAAAATTTAGATCTTATTCCTTCAGGGCCAATACCTCCTAATCCTTCAGAGCTATTAATGAGCGATCATTTAAAAGAGTTGATTGAGACGTTAAAAGATAAGTATGATGTCATTATTTTAGATACTCCACCCCTAGGGTTAGTAACAGATGCTTTAGAACTTACTCAATATGCTGATGCTACTATTTTTATGGTTCGCTTAGATTACACTAAAAAAGGAATGTTACAATTGGTCAATGCAAAACAGCGTAGTGGGGAGCTTAAAAATGTTAGTTATGTTCTTAACTTTTATAGACATAAAAATAACAGTAATTATGGTTATGGTTACGGTTATGGTTACGGCTATGGCTACGGTTATGGTGTTTATGGAAATGCTTACCATGAAAAGGATAATAATTCGATATTCAAACGTTTTAAGGAATTTGTCAGAAGGATTTAGTTTTGAGACTTGAGACTGTCTAAGTTCATAATTTTAATTATATAGGATAATGATTACTAGAGTACAACTTGTTGTTAAGCGTATTTTTGATATCAGTATTGTATTACTTTTCTTGCCTTTACTCTTTGTTTTTATCGCACTCCTCGTCATTATCGCAACAATTGATAGCAAACAATGGGGGGTTTATACACAGCAACGTATTGGTCAATATGGTAAGTCATTTCAGATTTATAAGATAAGAACCTTAAAAGAAGGGAATCATCAGCTTGGGCACTTAAATACTCACGCCTCTGGTATAGGTGCTTTTTTTCGAAATACAAAACTTAATGAATTGCCGCAATTGTATAACGTACTTAAAGGCGATATGAGTTTTGTT
NZ_CP058981.1_gap66	3098565	3099842	1277	TATTTTAATACAGTACTTATGCACTATCTATACACCATCCATACATTATGTATACACTAGCTTTAGTTTAGTTGCTATGTAGGGTAGATTAAGTTATATTAATCTTTAAGTCTGATTTATAGTGTTTTATGTAATTAAATCGATGAAATGCAGGTGTAGTTTTGTTTTGTTGAATTTTTCTTACGATAATACGTGTTACGTCGAAAATTAATGCGTTTAGTGGGTTGTATTTCAAGGTATTGTGTAAATTGTGAGTAATTATTAATCTGTTGAACCCTAAAATTTACCCCAAATGGAAAAGAAGAAACTATTTTTAACCTCCACTGATATTCAGCATATCACAGGTTTAAGTATGCGTACTGCTCGTAATATAATGCAGTTTATACGTGATGAACGTGACTTAGGATCGCGTCAATTGATTCATATTTATGATTTTTGTGCCGTCTTTAACTTACCTGTGAGTGTTGTCTTTGATTATGTTAATACCAATATATTTAATAAGTGTCCTATTAATGAAGAGCTTGTGCGACGTCAGTATCAAAAAAAGACGCTAGAGGACGGCTATACTAATTATTTACATCATAAGGATTTTGAAGTTTGTATGACTCCGAAAGATTTGAAAAATAATTTGAATGTGGATGATAGCGATAATGCTAATGCTAATGGTGTGGCTTGATGGTTGCTGATAGTTGGTTGATTTAGATTGGCTCTCGACTCAATTCGACTCACTTCGACTTCGCTCAGTGAACGACGCTCAGTGACCATCGCTTCGCGCTAATGCTTCAATTAATGGATAAAAAGATTCTTCGCTTTGATCAGAATGACATTTTTCTATTTAAAAGTCGTTATTAATTCTATAACTTATTTTTTAGTATCTCTATGGAATTACTATATTTACCCAACAAAAAATAAGAGTCAAATTGAGTAAGATAGAAGATGATGGTTGGTTGTATACCATTTCCTCAGAACGTAAATTAATAGATTTTAATTTTAAGGAAATTTGGCGTTATCGCGATTTACTGATGTTATTTGTGAAGCGCGACGTGGTTACCGTTTATAAACAAACCATACTTGGGCCACTTTGGTATCTAATTCAGCCCTTGTTTACTGCATTGACCTTTACTCTTATTTTTAATAAAGTTGCTAATATTGAAACCGGAACCGTACCTCCCTTTTTATTTAATCTTGCCGGAGTTTCTATTTGGAATTATTTTAATACCTGCTTAACGGCTACAAGTGATACATTTAAAACAAACGCTGCCATTTTTGGAAAAGTC
NZ_CP058981.1_gap67	3102524	3103213	689	CAAATAGCTATAAAGGCATTAGGGCTACAAGGTGAGATCATAACCACACCTTTTAGTTATGTTGCAACAACTGGTAGTATCGTCTGGGAAGGTTGTATACCTATATTTGTAGATATAAATCCAGAGTATTTAACTATTGATGAAACTAAGATCGAAGCTGCCATTACATCTAAAACTACAGCAATTTTGGCGACTCATGTCTTTGGGAATCCATGCAACGTAGAAGCAATTGATACGCTAGCAAAAAAATATGACTTAAAAGTTATTTATGACGCAGCGCATTGTTTTGGTGTCACTTATAAAGGAGAATCTATTTTTAACTATGGAGATGTCAGTACTTGTAGTTTCCATGCTACTAAGTTGTTTCATACTGGAGAAGGTGGAGCATTGTTTTGTAAGGCAGATTATTATGATATTATGTATTCTCATCATAATTTTGGGCATGATGGTCCTGATGTTTTTAAGGGTTTAGGTATTAATGCAAAAATGAGTGAACCCCAAGCGGCAATGGGTTTAGCCGTATTGCCATATATTGATACTATTATTGAATCGAGAAAAGCATCTGTCAACTTTTATATCACAGAATTAAATGATTTAAATATGCATTTAATTAAAATTAGAGAAAACACAAATTGGAACTATGCTTATTTTCCAATATTATTTGAAACTGAAGATCAATTACTAATTAT
NZ_CP058981.1_gap68	3111951	3115192	3241	ATGAGTAGTAATGGATTAAAAAAATCACCTAAGAGCATATTAAAAGGAAATACATATCGTTGGAATCATGATTTAAAGCATGAAAATGAAATGAGTGAGCATCAAAAATTTCGTTGTCGTTATAATGAAATTGAAGTTAAGTGCATTTTTAAAACGAAATATTTTAATGCTATTTGGGATCACCATCCCAAATCGCCAACACGTAAAATAAACCTAAAAATAGTTGATAGTATAAAAAAAGAAAAAAGTAGATTGACGCCTTTTTTCTATAGTTTAAGAGAAAAAGATATTCAACAAGTTTACTTACTATGTTATCATTATAGAATTATATCAGTAGAGAATTGTATAAATAAATTAAAAGGTAACAAATGGTATATTGATAATGGTTATAATTTAGAGGATTTATTATCAACTGACTATCCGGAAGTTTTAGATGAGACTTTAGCAGATAAAGTACTTTTCAATAATTAGTTTTTTATTATTATATATTTGTTTCACCAAATTAACTATGATTATAAAAACCCGAATACTACCCAACAAGCAAGAGTTTGCAAAAATAGATGCGCCTCACGAATTATATAAAGAAGCCATCTGTATCTTCGCGGCTACGGGGTTCTTTTTAGATGGTGATACGTATTGGAAAGATACCGTTTGCTTATTGCCAGCTCATGATCATTATTTCAATGATGAGAACTTATTAGTAGACAGTAAACCTAATTTTGAATGGCATTACACTCCTAGAAATATTTCATTTGAGGAAGCTTTAAACGAGTATATAGCGTTGTTAACCGCAATAACCAAAGATCAAATTGGGGATCATCCTGTTATTTTGCCATTATCTGGAGGTCTAGATAGTAGAAGTCAAGCTTTAATTCTAAAAGATGTAAAAAATCCTGTACATGCCTATAGTTATGCTTTTCCGGGCGGTTACCCAGAGCATAAAATAAGCAAGCAGATTGCTAACGTTTGTAATTTTACATTTGAAGCATTTAAAATACCTAAAGGCTATTTATGGAATTGTATTGACGATTTAGCCCAATTAAACCGCTGTTATTCTGAATTTACACATTCTAGGCAGATGGGAGTTTTAGAAGAACTTAAGAAAATGAAAGGTGTTTTTTCATTAGGGCATTGGGGAGATGTGCTTTTTGATCGTGGTGCGCCTGAGGGTACTAAAGAGGAAGACGTAACCAAGTTACTGCTAAAAAAAATGCTAAAACCTGGAGGTTTGGAGTTCGCAGAAGCGCTTTGGAAATCATGGAATCTAGAAGGAGAATTTAAGCCTTATTTAGTATCTAGAATAGAAAAATCTTTAGCCAAAATAAAAATTGAAAATATTAGCGCTAGAGTTAGAGCTTTTAAAACCTCACAATGGGCACATCGGTGGACAACAACGAATTTATGTGTTTTTGAATCTGTACATCCTATATCTATGCCTTATTATGATAATAGAATGTGTGAGTTTATTTGTACCATACCAGAGGTCTATTTAGCCGATAGACGTTTACAGATTGCTCACATTAAACAAAATGAAAAATTAGCTAATATTACATGGCATGCGAATAAGCCATTTAATATAAATAATTTCCATTACAACAAAAGTCCCTACAATATACCATATAGGATAGTTAATAAATTGAAACGAGAATTTAATAGTGCTATTGGTAATCCGTATATTCAACGCAACTTTGAGTTACAATTTTTAGGAGCTGAAAATGATAATCACTTAAAAAAGTATCTCAATGATTCTTCCTTCCAAGAATTTATTCCAAAAGAAATTGTAGATGACTTTTATAATAAGTTTAAAATGGTTGATACCGTAAACTATTCTACGCCTGTAAGTATACTGCTTACACTTTCGTTATGGCATAAACATTATTACACTAAATAAATTATGAAATTATCAGTAGTTATTCCTGTTTATAATGGTGCCAATTTTATTCAGAAATCTTATCAGTCTATTTTAAATCAAGAGTTAGAAGATTTTGAAATTCTTTATGTAGACAATAATTCGGTTGATACATCTGTTTTAGAAATAAACAAATTAGTAAATCAGGATTCAAGAGTTCAATTACTAATACAATCGAAACAAGGAGCAGCACCTGCAAGAAATTTAGGTATAGAAAATGCAAAAGGGGAATATATCTATATTTTTGATGTAGATGATGAGATTTACCCAACGGCATTACATAAAATGATTGCCGTATTAGATGCCAACCCAGACGTGGAAGCTGTGTTTGGTAAAATGGTAAAATCCTATAAAGGGATTTCAGAAACCAAAAAACCAAATGATGAGACTAATAATGTGTTATTTAAAGAGCAACCTTATTGGGGTATGTATTGGTTTGAAAATTTAAAATATGTTGTAGGACCTCCTGCATTTCTGTATAGAAAAACGATTTTTGAGCGTATTGGATCTTATAATGAAAACATAAAAAACACCGAGGACACTGCTTTTGATATAAAGCTTGGAATGACTAGTAAAGTTGCATTTTTAGACACCTATGTATACTTGTATTTTAAGCATTCTACATCAACGATAGAGATGGCGAAAAGAAAAGAAAACCTTGTTTCGTTGCATTGGACGCGGTTTTTAAAATCTCACTTACCTTTTTATTTAGAAAATGATGTACCCCTTAGGTATAAGCAATTATTATACGCTTATTTTTATAAAACTATTGGTAAACGTATATATCAAACAGATGGTTTTTTTAATAGAAATAGTTTAAGAAAAGTACTATTACAAGAAATTGCACCCATAAAATTGCCTTTACTTTTGCGTATATATCTATTTAAACTGACACTATTACCTTTCTCATTTTTACTTAAATTTTATGTTTATTACCTTGTCCCTTTTTACATGAAGAATTTTATAGAAAAACTTTAATAATGAAACGTTTGTTTTTTCTTTATAAGCACGCTTTAAAAAAACTTATTATAATAAGATTGTTTAATGGTTATGTCGCTAAAAATGAAATTATCCAAAAAGATATTGAGCAATCAATAAAAGCTAGGGGCTGCGAAGTGACTCCTAATACTTTAAAGAAAAAGTTTGAACACTTAATGGTTTATTATCCGGATTTTGCATTTATTTTCTTCTGGAGGATTAGAAAAGTAAATTACAGATGGAAAAATTGGTTTACAGCAGAAGTGCCTTGTAAGATCTTTAGAAGTACCAAAATAGCGGGAGGTATGATTTGTTATCACCCATTTGCTACCGTTATTAACGCCAAGTCTATTG
NZ_CP058981.1_gap69	3117485	3118972	1487	CTAGGTACTGATTGGCATCGTATAAGAAATGTCTTTATAGTATTTTTAGTTAGCGGGTTTTGGCACGGAGCGAATTGGACTTTTATTATTTGGGGTGCGATTCATGCCATACTCTTTTTACCGTTATTATTGTTAAAATCTAACCGAAAACATCTAGAATTCACGAAAATTAGATTGCAACAGATTCCTATGCTTATAGTAACTTTTACATTGGTGACATTTGCTTGGATTTTCTTTAGAGCAGATACGGTGAGTATAGCATATCAGTTTATTATAGATATATTTAGTTTTAAAGGAAGCTCGGTCTCTGTATTTATTAAAAGTTCTAAAATGATATTGTTTAGTTATGTTATTGTATTAAGTATCCTTACCTTGCTCTTGTTTGAATTCTTGTCTGTTCAAGACAATAAGAAAGAGGTCACTTTGAACAGGTATTCAGCAATTTTTATTGCGCTACTTATCTGTTTTATGGGAGTGTTTAAAAATCCATCTGATTTTATTTATTTTCAATTTTAAATATGCGTTTGTTTTTAAAAAGAATAGGATTTGTGTTACTGCTTTTTTTTAGCATTTCGATGTGTGTAGCAGTGGGAAGTTTATGGTCTTTACGGCAATCGTCATTTTATAAACCTTCTTTTTTAGTTAATTCTGTTCAAGACAAAGAGTTTGATTATATCATATTAGGATCTAGTACAGGATTAACAACGCTTAATACTCAGGTTATAGATTCTGTTTTGGATATTGATGGTATCAATTTATCTATGGATAATACCGCTTTATCTAGCCAATACTTAATGTTACAACACTTTTTAGCACAAGGAAAAAAAACAAAGTATTGTGTTTTAGCACCGAGCGCTGTTAGTTTTGATGCTAAAAATAAAGATATAAGTGATAACGATTATCGTTTTTTGCCATACGCTTCTGTAGACTATATACATCGATATTATTCATCCTTTTCTAGCCAACCAACACAGTTGCTTTCATATTCTAAATGGTTTCCTGTTTTAGGTGTTTCTTATTTTAACACGGAACTTTTTTATCCCTCTATATTCTCGTTTTTTCAGCCTGAAAAGAGAAATAGATTTGATGCTAAAGGCAATTATACATATCCTTTAAAAAACAATGAAGATATTGCTATTACAACATTTAAAGCATTACCTGTATTTTTTGAAAATAAATTTGTAAAAAAAATAAACGACTTATGTGTAAAGAATAAGATACAGTTAATTTGTTATTTCTCACCAATTAAAGGACGTCAAGTCATTGCTGAGTCTGCAAATTATACCATAATTAACCATAGTGATTTGTTGACGAATAATGCTCTTTTTTATGACGTTATACACGTTAATACTAAAGGGAGACAAGTTGCTAGTGAATCTTTTGCTAGAAATTTGAAGAGTTTATGGAAGTAATAGGAATACTTAGTTAATGAAAGATCAATTAAAAATAGCAATTTACTCAGGTGATATACCTAGCACTACGTTTAT
NZ_CP058981.1_gap70	3129244	3132255	3011	GCTTATTGATGTTTATAATGGTTTTACTTTTTTTAATGAAGATAAATTACTATTGTCTGTTATTGAATTGTTTCAATTATCTCGAAATAAGAAGACAGTTCACTATAAATCTTTTAATGAGAATAAACCATTAGAAGAGGGTAGTGTTTATAGAAATTACTTAAATAAAGATACGGTTCCTTTTTTAATTTGTAATTATGATAATAAAACATACGATGTATTTTTAAAATATACACGTCCTTATATTCCTGTTTTTATAACACACTTTGTTTTGTATGTTTTTAGAAAAAGTTACCATTACCGTTTTCCATTAGATAATTATAAAATTATTTTTTCTTAATTAGATAGTTTGATATTTATTAATATACACTTTATCATTATTTACACGACTTCTTTTATTCTAAAACCTGACTTTATAAATTGAAAACCAATATTACTTATATTAGCGCTGTTGGTTTTCATGCTGCTTTAGGTGTTATAATTTACCTTAATGAAAGTATTGCAAAGCTGTATTTTTTTGCTGCTGTTGTTTATTTTATTTATCGTATAATTACTATCGCTGATGATAAAAGAACTTATGAAGTCTTAAAGGCTTGTGCTTATTTTGTGGGTGCTGAGGTTTTTTTCAGAACGACAAAAGGTTCTGTTTCTTATGAAGCAGGGAAGTACTTAGTGATATTTTTTGTGTTGTTAGGAATTTTTTATAGAGGTCTCTCAGGAAAAGGTTATCCTTATTTTATTTACTTAATGTTTTTAGTACCTTCAATATTTGTAGCTTCTACTACATTGAGTTTTGATGCTAATTTTAGAACCAATATTGCTTTTGTATTAAGTGGCCCTGTCTGTTTGGGTTTGTCTGCTTTATTTTGTTATGATAAACGTATAAGCAATAATCAGTTGTCTCAGATACTTCTTTTTATGGTGTTGCCTATCATAGCACACACAGCTTATATTTATTTTTATGTTCCTGATTTAAAAGAGGTACTCTCGAGTACGGCATCTAACCGTTCAGCAGCGGGAGGTTGGGGAGCAAATCAGGTATCTGCAGCTTTGGGTTTAGGTATGTTTTTAATGGCTATACGTTTATTTACGAAGTCACCGAGCTTAGGGTTAAAAGTTTTAAACGCTACTATTCTAGGTTTAATTGCTTTTAGAGCTGTTACCACCATGAGTCGAGGTGGTGTTATAGCTGCATTAATGGCAACTTTAGTATTTTTATTTTATTACTATAGACAATCTCGTGTGAAAAAACGAAATGAGTTAATTACTATGTTTGGCTTATTTTGCTTAAGTTTAGTATTTACATGGTTTGTTAGTATTAACCAGTCTGGTGGTTTGGTAAGTTTACGTTATTCTAATAAAGATCATTTAGGGAGAGAAAAGGCAAGTTTATCAACAGGAAGAGCAGAGTTGTTTGAGCATGAATTAGAAGGTTTTATAGATAGTCCTTTTTTTGGAATTGGTTCTAGTAGAGCAAAAGATCAGCGTATAGAACAGGAAGGGCAGGGGGTTACTTCGCATAGTGAGTTTAGTCGTACTTTAGCTGAACATGGTATGTTTGGAGTCGTTATTCTTTTGATTCTAATGTTTAAACCTTTAGATATGCGATCAAAGAATAAGAGTAATTACTATTTTTATGCTTTTTTAGCTTTTTGGTTTTTAACCATAAATCATATGTCTATGCGAATAGCGATGCCAGCTTTTATATATGGTTTAGCCTTATTAAATGTTAAAAATGAAAAGAATCCTGTACGTAGGAAACAACTTAAAGAACAACAAATCTAATATTTCTGGAATTCAAATACTTGGTGCTCTGCTTGAGAAAGAAGGCTATAGAATACATTATACTTCTTCTAAAACCAATAAAATAAGTAGATTATTAGATATGGTAAGGTCGTGTGTTGCATTATCTAAAAACATAGACTGCGTTTTAATAGACACTTATAGTACTCAGAATTTTTATTTTGCTCTTATTATTAGTCAATTATGTAGTCTGTTAAAAATAAAATATATTCCCATATTACATGGGGGAAATCTCCCCTCAAGATTAAAAAATAGTCCAAAATTAAGCGAACTAATCTTTAAAAATGCGGCATATAATGTGTCTCCTTCGGCATATTTAAAACAAGAATTCGAATTGTTTGGATATAAGAATGTTGTTCATATTCCTAATGTCATAGAGATTAAAGATTATCCTATTTTAAAAAAAGATTTCGATACTCCAAAGCTATTATGGGTACGTTCGTTTTCAAAAATTTATAATCCTCAATTGGCCATTCAAGTTTTTAATGACATAAAAAAAAGCTATCCAAAAGCTAAGTTGTGTATGGTTGGTCCTGATGCAGATGGTACTTTAGAAGACGTTAAAATGTTAGCGACTCAACTCAATTTAAACGTTGAGTTTACAGGGAAATTGACAAAAAAGGAATGGATTTCAGTTTCAAAAAACTATAATATATTTATTAATACTACAAATTTAGATAACACCCCAGTGAGTGTAATTGAAGCTATGGCTCTCGGATTACCTGTGGTTTCTACAAACGTTGGAGGTATGCCTTTTTTAATTTCAGATACTATAGAAGGTTTATTAGTGCAACCTCAAGATTCTAAAGCTATGGTCAATAAAATTTTAGAACTAATGCTAGATGTACAACTCAGAGAAAAATTAGTTTATAACGCACGTGAAAAAAGTGAGAGTTTTGCATGGGAGGCAGTAAAATCAAGATGGGATTCTATTTTGTCTTAAATTTATGTTAATAATAGTTTGTACTTCTTATATTTACAAGCAGTTTATATGAATAATAATGATTAAGAAAAGCATTCATTTCGAAATTTCTGAACGTAAGATTCTACTTAGAATTTTAGATTTGCTTATGGTTTTTGTAGGTGTCTATTGCTTAAGTCTTTATTATGATTTTGAATATATTGAAGTCAATATTAATAATAGTGTGGCTTTAATTTTATTAGGCGTCTATTTTACAGTTTTTGCTAGTATTTTTGAACTTTACGAT
NZ_CP058981.1_gap71	3178297	3181319	3022	CGGGTAAAATTTGTAATATAGAATTAAGCTTACCTGGTCCCCGTATTTTTGCTACTTCTAATGAGAAAAATTATGAAGTGGCAATGACAGAGACAATTAATGATTTAACAAGACAGCTTAAAAAGAGAAAAGAGATTTATAAAACGCATTAATACATTTTGATGTTTGATTTTTAGAGGGTTTATAGTTTTTAGTGATGATGATAGGGTTCATTTCTAAGAATTGTAAACCCTCTATATAATTGCTCAATAAAGAATAAACGTACCATTTGGTGTGAAAAAGTCATTTTAGACAACCCTAATTTGCCGTTAGCTCTACTATAAACGGCATCTGAAAATCCGTAAGGACCACCAATAACAAATATTAGAGTTTTAATACCAGAGTTCATGTGCTTTTGCAAATAGCCAGAAAACCCAACGGAATCTAATTGTTTTCCGTTTTCATCTAAAAGAATTAAAACATCAGAAGTTTGTGTTTTAGCTAAAATAAGTTCGCCTTCTTTTTCTTTTTGTTGAGCTTCAGATAAGTTTTTAACTTTTTTAAGATCCGGAATCACTTCAAAATCAAACTTAATATAAAAACCTAAACGTTTTGAATAATCGGCAATTAAGGCTTGTAGATTTTTGTTGTCGGTTTTGCCAATGGCTATGAGCTTTATATTCATGATTTCTTTATTTCGAGTGATTCCAATTTTTTCGGAATAGTATTGAGAAATCTTGTTTACATGATTCTCGGTGCAAATTTATTGGTTTTACTTACAAATTTACTTCAACTGACTATAGATTTATTCAAATTTTCAGATTTCAATTCCTATTTTTACAGCAAATAAGTATTTTAATGATTTCAAAAGCGCAATTCGATAAAGAAATAGAATTAATAATCTCTAATGCGATTAGGGAAGATGTTGGTGATGGCGACCATAGTTCGTTAGCTTGTATTCCTGCTTCGGCACAAGGAAAAGCAAAGTTGTTGGTAAAGGATAAAGGGATTATTGCAGGTGTAGAATTTGCAAAGCAAGTTTTTGTACATGTCGATCCTGATATGAAAATTGAAACCTTAATTGAAGATGGTAGTCAAGTGAAACATGGAGATATAGCATTCTATGTTGAAGGCGCTTCACAGTCCATTTTAAAGGCTGAACGTTTAGTTTTAAATGCTATGCAGCGTATGAGTGCTATTGCTACCAAAACAAGGCAGTTTGTTGATTTGTTAGAGGGTACAGGAACTAAGATCTTAGATACACGTAAAACGACACCAGGTATTAGAGCGCTAGAAAAATGGGCTGTAAAAATTGGTGGAGGTGAAAATCATAGGTTTGCTTTGTATGATATGATTATGCTAAAAGATAATCATATTGATTTTGCAGGTGGTGTTTCAAAAGCGATAAATTTAACTAAGCAATATTTGAAGGAAACCAACAGGGATTTAAAAATTATTGTGGAGGCTAGAGATCTTGAAGAAATTAAAGAAATTTTAGATTGTGGCGGAGTTTATAGAATCTTAATTGATAATTTTAACTATGATGATACACGTAAAGCAGTTAAACTAATTGGTGATCATTGTTTAACTGAATCTTCTGGAGGAATTAATGAAAATACATTAAGAAAATACGCAGAATGTGGTGTTAATTATATTTCTTCTGGTGCTTTAACGCATTCAGTTTACAATATGGATTTAAGTTTAAAAGCAGTATAATTTAAGGTCTTAAATATTTAATTGAATAATGAGTAAACCCATAGAAGATAAATTAAATAAAATTCCAGTTGTAAAGATTGTTGTTCGTTTTTTTAAGCAAATTAAGCTTCCTGGTTTTGAAGGGTTATCTGTTTACGATTTATTAGAACTTTATATTATGGGGATCGTAAATGGAGCACTAACTACTAGAGCTAGTGCTATTGCATTTAGTTTTTTTACGGCTATTTTCCCTTTTTTATTATTTGTAATTATCGTAATTCCTTACATCCCGATAGATGGATTTAGAGTGGAGTTTTTAGATTTTTTAAATTCAATATTACCACCTCAAACTTCCGAGTTTTTAATAGATCGTATATTTAAAGATATGAGTAGTAACACAACAGGGGGATTAATTTCTTCTGTTTTTTTACTGTCTATGTTTTTAATGGCTAACGGCGTTAATGCTGTTTTTTCTGGATTTGAAACGTCTTACCATAAGCAATTAAACCGAAATATTTTTAAGCAATATATGTTTGCGCTTGGTGTAGCATTGATTCTTGTTTTCCTATTGTTATTGACCGTTGCTGTTTTTGGTTATTTTCAAATTTATGTTATTCAACCTTTATATGAAGGTTTTAGTGGTCGTTTCCGAACAGAAGATGATGGCATATTAGGATGGATTATTTTTGCAAAGTATTTGTTTTTTGTGATTATGACTTATTTAGCAACCGCTACGTTGTATTATTTTGGAACAAAGGAAGGGAGAGCGTCTAAATTCTTTTCTGTAGGTGCATTGCTAACTACTTTATTAATAATGTTAACGTCCTTTTTATTTGGTATTTATATTGATAATTTTTCTCAATATAATGAGTTGTATGGTTCGATTGGTGCGTTATTAATTCTGCTTTTATATCTGTGGCTAAATTCTAATATTTTATTGTTAGGATATGAGTTAAATGCATCACTTCAGTTTCTAAGAAAACATCCTGGTTCTCGTAAAAAGATTATAAATCATATTTAAGAGATCGCTTTATAAACTATAATAAGTTTTAATTAAGTAGCTTAATTAAAGTGTGTTTTTGATTTTAAATATCTGTAAAACAATGTTTTATTGTTTTGTTTAGCATTCTATTTTTTGGTTTGAATACGTGTTTAGTAAAGCGTTTGATGATCTATAATTATGGTTATTTAATTAAACCCATTACATTTGGGTTATAAACTCTATAAAAACAACAATTATGATTAAGAACACATTTATTCTATTTATCTTATTAATGGTATCGTTTAATCTTACAGGTCAAGACATTCTTGGGAAGTGGAAAACAATTGACGACAACACAGGTAAGGC
NZ_CP058981.1_gap72	3258824	3261439	2615	GTTTATCTGTCATGCTAGTATATAAGTGTTAGCGTGTGTTAATTTTATTTTTTTTAATGCTATAAGTTCTGACAGACTTTGTAAAAGATCTTGTTCAGAACATTTAATTTGATGTAATAATTCTCTAGAGCTTAAAGGTTCTTTTTCTAAGGATTTTATAATTTTAATTGCAATACTGTCATCAGAACCTCTATGTCTTTTTGAAGCTTTTGAAGTACAAACGGAACAAATTCCACAAGCCTTATTAGACTTTTCTCCAAAATAGAGTAGGAGTTGTTGACTTCTACAAACCGAATCATTCTTAATATAATTTATAACCGATTCAATTTGTTGATGCTTTAAAGTATGTTGATGATTTATTGTTTTTGCAATAGGATTGATGGTAATATCGTCTTCCCGTGGTTTCAAAAATGTAACTTCAGAGTCTGTATCGGCCATTTGAAGGCTAATAACGTCATCTTTTTCTAAGCGTTGTAACTGAGCAATGACTTGCTTTTCAGGAAGTTTAGCTTTATTGATTACTAAGCTGAGGTTCACTTTTGTATCATAATCAAAAATACCACCATAGGTTCTTAATAATACTTTAACCAAAATATTTAAATCGAGATGCGTTTCTAAATATTTAAATAGAACAGCATTAGTTGTTATAAACCGAATTTTAGTTCTAAAATTATAGTGCTGTGTTAAAGTAATAATGGCATTACGATCTAACAATAATAAAGTATTGTAAGTCATTGTTGTATTTAGCTTGTAATGACTACAAAAAGATCTAAAATCGAATTGATGAATGGTGTTTTCTCCTTCACCATAAGAGATCTGAAAATAATTACATAATCTATTGTAAACTGTTTTTACGAATTTTACAGAAGGTAAAGTACTTAAAAACTGACTACGTAAATGTTCTTCGTCAATATGTTGTTTTAGTATAAAAGCATGTGCTAATTCTCCATCTCGTCCTGCACGTCCTGCTTCTTGATAATAACTTTCTAAACTTTCGGGTAAGTTAAAATGAATAACGGTTTTTACGTTGGCTTTGTCAATCCCCATTCCAAAAGCAGTAGTCGCAACCATAATCTGTTTTTGACCATGACTCCACTCATACAAGCGTTCTTGCTTTTCTTTATTGGTAATTCCACCATGATAAAATGTAGATGAAAATCCTTTAGAATTTAAGTAATTATGAATATTAGTAGTTGCTCTTCGATTTCGGACATAAATAATAGATGATCCCGAATAGGTTTTTAACAAATAATCGAGTTGAAATAATTTATCGTCCGTATGCATTACATTGTAAGCAATGTTTGGTCTAGCAAAAGAGGCTTTAAAGATATTAGGATTTATAAAATCGAGATTAGCAACAATATCATCAACCACATTATACTTTGCAGTTGCCGTTAAAGCAATACAGTTAACGTGCGGGTGCATTTGTCGTAATACAGTAATGTTTTGGTAAGCGGGCCTAAAATCATTTCCCCATTGGCTAATACAGTGCGCTTCATCTACAGCAATTAAATTGACTTTCATTTGCTGAATTCGATCTTGAACAAGAGATTGTTGTAAACGCTCAGGTGAAAGATATAGAAACTTATAGTTGCCGTAAATACAGTTGTCTAATTGCGTGTCTAAATCTTTGTAAGACATACCAGAAGTTAAAGCAATGGCTTTTATTCCTTTTGCTTTTAAGGTATTAACTTGGTCTCGCATTAAAGCAATTAAAGGAGAAACAACAATACAAATACCATCTTGTATTAAAGCAGGAATTTGAAAACAAACAGATTTACCTCCACCTGTTGGCAATAAAGCAAAGGTGTCTTCTCGGTTTAAAACCGAATTAATTATTTCTTCTTGATACGGTCTAAATGAAGTATGATTCCAATACCGTTCTAAAACTTCTAAAGGATGCATTACTGCAAATTTAAGGACTTTAGAATAAAATCTACTCTAGTTTCTACAGTTCCAAAAGGCACATCAATTAAATTGTAACCAAAACGCTCATATGTTTTTATTAAGTGATGATGAATTTCTATTGCTTCTTCAAAACTTTCATAGCGTTCGCTATCACTTGTAAATATTTCTTGCCAAGGCGATAAAATAAAGATAGAATCGTATTTATGACTGTCACAAGTTTCTACAAAATGGTCCGGATATGTGTCACCAATATAATCCATGTAAGCAATAACATCGGGTAAGCCTCGGTCTAAAAACACAATAGATTCTGTTTCTTTAGCAGCATCTTTATATTGTTTAGTTCTACCTTCTAACAGTTTTTGACTAAATAGAAGTGGTTCTGTTAAAAAAAGCTGCTCAATACCGTCTTTTCTAGCGTCTAAAATTACTTGTCTAGATATTTCATCATAGCATGTTAAGTCACGATTTTTTAATTCGTCAATAATGGTGGTTTTCCCGGTTCCAGGTCCACCAGCGATAATTATTTTTTTTGGATTCAAATTGGCAATATTTTTGATAATAAAAATAAAATATAAAAATGTAAAGTTAAGCGTATCTTTACAACTGAAAAATTTCAATATGGATAATTCTAAAAAAACAGATGAGTTTTACGAAAAACTAAAATCTCAACTTTATGATACGGCTACTTGGCCATCGACATATTTATA
NZ_CP058981.1_gap73	3262497	3266580	4083	TGTGCAGTGCTTTTAACTGCAGAAGAAATTAAGATAGATAACATTCCTGATATTATTGATGTTAATAAACTGATTGCTTTATTAAAAAAGTTAGGTGTAAAAATCAATAAACTAGACAAAGGATCTTATACATTTAAAGCAGATGAGGTTAATCTAAAATATTTAGAGTCAGCTGAATTTAAAGAAGATGGAAAAGGTTTAAGAGGTTCTATAATGATTGTAGGTCCTTTATTAGCACGTTTTGGTAAGGGATATATTCCAAAACCAGGAGGTGATAAAATAGGTCGTCGTCGTTTAGATACTCATTTTGAAGGATTCATTAATCTTGGAGCAAAATTTCGCTACAACAAAGAAGATTTATTTTATGGTGTAGAGGCAGATAAGCTTAAAGGGACTTACATGCTTTTAGATGAAGCATCTGTTACAGGGACTGCAAATATTGTTATGGCTGCAGTTTTAGCTGAAGGAATTACAACAATTTATAATGCGGCTTGCGAACCTTATTTACAACAACTTTGTAAAATGTTGAATCGTATGGGGGCCAAAATTTCAGGTGTTGGTTCTAATCTTTTAACAATTGAAGGTGTTGATCGTCTTGGTGGTACAGAGCATAGAATGTTGCCAGATATGATTGAGATTGGTAGCTGGATTGGTTTAGCTGCAATGACAAAAAGTGAATTAACAATTACTAACGTAAGTTGGGACGATTTAGGTGTAATACCAAGTGTTTTTAGAAAAATAGGAATTACGGTTGAACGTCGAGGTGATGATATTCATATCCCTGCTCATACAGATGGTTATGAAGTTCAAAGTTATATAGATGGTTCTATATTAACTATTTCAGATGCACCATGGCCAGGATTTACGCCAGATTTGTTAAGTATTGTATTAACGGTTTTAACGCAAGCAAGAGGAAGTGCTATTGTACACCAAAAAATGTTTGAAAGTCGTTTGTTCTTTGTCGATAAATTAATAGACATGGGAGCCAAAATCATACTTTGTGATCCGCATAGAGCAACAGTTATTGGTCATGATTTTAAGTCAACATTAAAAGCAACAACAATGACTTCTCCAGATATTAGAGCCGGAGTTTCTCTGCTAATTGCTGCATTATCTGCAAAAGGAACATCTATTATTCATAATATTGAACAAATTGATAGAGGTTACGAAAATATTGATGAACGCTTAAGAGCTATTGGAGCCAAAATAGAACGTGTGGAAGGAAACTAGAAAAAAATATAAAATCATAATAAGCTTCAGGTATTAACTTGAAGCTTTTTTTTTTGCTTAGAATTGAAAAATAAAAAAGCTCTGAAATTAAACAGAGCTTTTAAAAATTGTTGTTTTATATTGTTATTTAGCTAAGACATTTATTGTCTTATTTATAGAGGTAGTGAATTTATCATTTTTTAATGGAATAAAAAATTAAATAACCAAAAATATGTTAATTTAGTGCGGTTTTATAAGTTTTTAAGCATCGCTCTCTAGCTTCTTTGTGATCTACCATTGGCTGTGGATACGTTAGTTCTTGGTAATCTGGAACCCATTTTTTTAGATATTCATGCTTTTTATCAAATTTCTGAATTTGAGTTGTAGGATTAAAAATTCTAAAATAAGGAGCTGCATCTACACCACAACCAGCAACCCATTGCCAATTACCAACATTACTTGCCATATCGTAATCGTGTAGCTTTTCTGCAAAATACGCTTCTCCTAAACGCCAGTCCATTAATAAGTGTTTACAGAGAAAACTACCAACAAGCATGCGTATTCTGTTGTGCATAAAACCAGTTTCATTAAGTTGGCGCATCCCTGCATCTACTAAAGGATAACCGGTTTGTCCTTGGCACCACTTTTTAAATTCTTCTTCATTGTAACGCCATTCAATACGGTCGTATTTGGGTTTAAAAGCTTGGTTTACCGTATGTGGAAAATGCCAAAGTATTTGTGTGAAAAACTCACGCCAAATAAGTTCTTGCCAAAATATTTCATTGGTTTCTGCAATGGCTTTTTTTACCATTTTTCGGATACTTACAGTTCCAAACCTTAAATGTGGACCTAATTTAGACGTAGAATCTTTTGCTGGGAAATCTCTAGTTTCCTCGTAATTCTGAATTAAATGAGGTGTAACTTCAAACGGTTCTATCTTTTGGTTAGAGGTTTCAAATCCTATGTCTGATAAACTTAAATTAGGTAATTTATCATTTTTAATTAAACGATCTAAATAAGGATTGGTATCAAATATTTCTAAATCTATAGTTTTAAACTTCGCTTTCCATGTTTTCATATAAGGTGTGTAAACCAAATATGGATTGCCATCTTTTTTTACAACGTCATCTTTTTCAAAAATAACATGGTCTTTATAAGTTTTAAATTCTATTCCTTGTTCGTCTAATAAGGATTTAATATGATTATCTCGCTCTTTTGCATAGGGTTCATAATCATGATTAGTATAGACTGTATTAATATTATAATCTTTGATTAATTGCTTATGAATAGCTTCTGGTTTACCATGATAAAGCGCTAAACTGCTGCCATATTTATCTTGTAGAGTTTGTCTTATATTTTGAAGTGTTTCATAAATAAAAGTAACGCGAGCGTCATTTTTTGGCAAGTGATCTAGTATTTCTGAATCGAATATAAAAATAGGTAATACTGGGAAATCGCTTTTTAACGCTTCAAAAAAACCGTGATTATCGTCTAGTCTTAAGTCGCGTCTAAACCAAAAAATATTTACTTTTTTACTCATATAAATTCCGCTTTATGAATTGAATTTTTACCCTTCGTATTTACCAAACAATTCTTCTAATTTTTTGGTTCTATAATTAAATATTTCTTCTAATTTAGGTTTAACCAATATGGGATGAACGAGTTGTCCTAAAATTCCCATAGGAACTTTGTAATCTATGATGTCTTCCATTTCAACACCACCTTCAATTTCTTTAATAAAATGCTTATGGTGCCAAAGCGCATAAGGTCCAAAACGCTGCTCGTCTACAAAATATTCATGGTCTTTAACATGTGTTATTTCTGTGACCCATTTTGTTTTAATGCCTAACACAGGTGTAACTATATATTGGATAATTTGACCTGAAAACATAGGTCTATCTGCACCAGAAAGGATATGAAAGCCCATATAATCTGGAGTTATTGTTTTTAAGTTTTCTGGACTTGAAAGAAATTCCCACGCCTGATCAACGGTGATTGGTAATTTTTGTTTTTTATGTAAGGTGTATATTTTCATGGTGATTTTATTTCATTATACGCCTAATATCTGTTTAGTTAAGCGGTGTTTAGAGGCTAGTTATTAAAAAGAACATAACCATTTAATGATGTTGCAATACAGAGCCAAATGATGTATGGCAGTAATAGATATTTTATATATCGTAGTTTGTCATCTCCAAAAGTGATAAATAAATAGATGATGACTAAGGTTAGTAAAATGATATTTATGAATGCAAATGTTGTTAAATGTTGGTTGAAAAAGAGGTAATTCCAACTCACATTTAAAAGTACTGCTATGGAGTAAATAGTCATAACAAATTTTGAATGTCTAATGGAAAATAAAAAGCTTAAATAAATTGAAAAACAAAGCATAATTAATGTCCAAGCCGCTCCAAAAACCCATCCAGGTGGCATCCATGGTGCTTTATTGAGGTTAGAATACCATTCTCCGGTAACTGCGTCTCCCATAAACCAACTGCCAAGAGCTAATCCGCCAAAATTGATAATTAAGAATAATAAAAAGCTATATATTTTTTTCACAATAGTTTAATTTAGATATTTTGTAATTCGAGAACTCAAAGGGTTTGTGATAGAATAAAAATAATTTAAAAATTCACCTTTCTCGTCAATAAGATATTTTTGAAAATTCCATTTAACTGTAGAATTTTGCTTTCCGTTGCTATTTTTATCTGTTAACCATTTATAAAGTGGATGTTGATTTTTTCCTTTGACTTCAATTTTTTCAGTAATTAAAAAGGTGACTCCATAATTAACTTTACAAAATTCTTGTATTTCACTCGAGTTTCCGGGTTCTTGTTTTCCAAACTGATTACAAGGAAGACCTATAATTACTAACGT
NZ_CP058981.1_gap74	3296660	3297381	721	CGTTTTTAGCTGATTTCAAGTAAATTCTTACGTTAATACAAATATTTTATCGATTAAATACGTTAATATGCGTTAATGTGTTAAAAATATTTATATTTGTTGTTGTAATTAAGGGGTTAATTAAATGTTAGTACATAGAATTTTAAAAATAATTATATTGCTCTTGGGGTCTGTATATATACTTCTTCAAAGCTTAGCTTTAGAAGTAGAGGGAGATGCTGTAGGAACATTAGCATTTATTTTGCTCACATATCTTTATTTGGGCTGGACAGAGAATAAGTCAAAACTATTCTCATCATTTTTATTACTGTTTACATCTGCACATATTATAAGTTTTATAATTTGGTTTATGCCAATGGTTGAAGACGGAGAGCCAGATTATCTCTATTATGTAGCTAATATGCTTTGTATATTGTCTTATACTTTACTTATCATAAAGATGTTTATTCACTTTAATTTGAAAGCAGTTTTGTCTCAATTGACTGTTCCTATAGTAATTTTAGTGATTCTAGATATTTTTTGTGTGACGTTAATTTCAAGTACTACAGAAGGTGCTTTTACTTATTATGAATATATACTTGAGTATTTTTATAATGCAGTTATAATGATGCTTTTATCAATTGCATTGATTAATTATATGTATCGAAATAATAATAAATCTATGCTTTTTTTAATAGGAGCTATATTTATGGTCTTTTCAGAAATAATTCAGTTAGCCTAT
NZ_CP058981.1_gap75	3347434	3350829	3395	TAAAGGTACATCTAATGAATTTCATAAACAAAAACGTATTGATAATGATAAAGCAGGAAGTTCTTGTCCTAAAAAATTATTGGCTCTAAGTAAAGAGTTTGGAGCCGAAGGGATTTGTACAGCTTCTAAGAAATATCAGGATATTAAATTGGAAGCATTAGAATCTGAAAAAGCAGATTTATCTTCAAAAGCTTATGCTAATGCAAAAGCTAAAATTACCGAGAAAGCTTGTCTTTGTGTAGGTTTAGCAAATGCCTCTTATTTAGAAAATGAGATTAGCATAAAAGGGCAGGAGCAAGGCGTTGTTATATGCCCTGGTCCTAATTTAGCTTATTTTGATAAGGAAGTCTCTTTGTTTGAAATGATGAAGCATATTAATGGAAATGCATCTGTACTTTCTAATGCTAAGCGTCCTAATATGTTTGTTAAAGAATTAAAGATGTATATCGATTATTTAAAAAATGAAATAGAGACTATGTCTGAAGATCTTTCTGCTAAACAAATAAAAAAATGGAATGCTTTTAAAAGCCATTTATTCGATGGTATTGCATACTATCAAGATGTGTTTGTAGCTTCAGTTTCTTCAGAATATAAAACTATTCAAGAAGAACTTCAGATAAATAAAGAAGAATTGATAGCTGTTAAAATTCCCGAATTAGAATTGGCTTAACTTTTCTATTTAGAATTTTATTAACTTATTGACATAAAAAAAAAGCCTTTAAATTTTCTTTAAAGGCTTTTTTTGATGTTTATTTTAAAAGTTCTTGCACTTTTAATTCCAATGCTCTTCCTCTAAGGTTTTTAGCTGCAATTTTACCATCTTTATCTAAGATAAAAGTGGCCGGTATAGCTGTAACATTGTAAAGTTCTACAATAGGATCTTTAAAATATTGTAAATTAGAAACATGCGTCCAAGTTAATTTATCTGTTTTAATTGCGTTTAGCCAAGCGTTTTTAGGATCTTTTTGATTGCGTGTTCCATCTAAAGATACCCCAATAATTTCTAGTCCTTGATCATGGTATTTGTTGTAGATTCTAACCACATTAGGGTTTTCGCGACGGCAAGGTCCGCACCAAGCGGCCCAAAAATCTATAATGGTCACTTTACCTTTTACATCATTGAGACTAACCATTTTACCATCAAGATTTGGAGCTTCAAAATTTGGTGCTACTTTACCTATTTCAATTTGAGCTGTTTTTAAGTAATCAGCCAATGCTTTGTCGAGATTTATTTTAATGGCAACACCTTCAGGAGAGTTTTGTATATCAGCATCTAGTTTGTTAAAAGCTTCAATATAGTCTTCGATGTTTGTATTGTCTTTAGAGTTTTTTTGTTTTATTAAAACTAAACTGTAATAGCTACTTCTGTTTTTATCAATGAAATTTAAAGGTGCTTCTTTTTGTTTATTTTGCACTATGGTATAAAGTTTAGAAATAGAATCTCTTGTTGTTCTATTTCTTAATTGCATTTTTAAAGCCTCAGCTTCTTTATTTAATTCTTGTAGATTATCATTGTACGTTTTATAGTCTGCATTAGATTTAGAACCAACGACTGTAGATTGTGTAATATCAGATTTGTTAATAGTTATATCAATCTGATTATTTTCTAGCATAAAATCTAACTCTCCTTTTACAGAATTTACAGTTATTAAATGAAGTGTAGGGTTTAATACCTTACCTGTAAAAGTGAATTTTTCATTAACAACGATAGCTGTATCAATGACTCTTGTTCTTCCATTTTGCTGTTTCACTTTTAAATAAGTGCGCACACCATTGTAGATGTTTTTAGCCGTTCCGTTAATAATAAAATCTGTTCTTTTTGGTTCTGTTTTGCAGCTTAAAAAAAGTAAACTAATTATTGCAATTGTAACGAGTCTTTTCATAATAGATAGTTTGTATACTACAAATATAAAAACAATGGTTAAATAGTAGCTCTATAAATTAGAACTCTTAAATGTAGATAATGCTATAGATCTAGAAAAGAAAAATTAATAAGAAAGCAGTACAAACTAAAAAAAAGCTGAACAATCTGAAGATTGTCCAACTTTAATTTATATTCTAACTTTTAGTTCTAATGCCTTTCCTTTGGGTTTATAGTATTACCATCGGGGGTTGTAGCTTCAAAACTTGGTGTTACTTTTCAATTTTAGGTTGATTGGTTTTTAAATAGTTATCAAGTAAGTTTTCTAGTTTTAATTTAATTTCTATTCCTTTTTTAGAAGATTTAATTTCAGAGGATAAGTTATTAAAGGCATCCATGTATTTTTTTGCGTCTAATTTTTTGTTATTTAATTGTTTACTGATTAGGAATAAACTAAAAAAATTATCCTCATTATTATTAATGAAGTCAATGACATATTGAGTTTTTTTATTGTCAATGATTTTCATTTGATTAGAAAGTGAGTCTAGTTTTGTTTTATTATTTTGAGATCTATATTTTCTAAACTCTTTTACAGTTGCAAAAATTTCTTTATCAAGTTTATTAAATCCAATATAAAAACGATCATAATCTTCCTGCGCTTTAGACCCCGTTATTTTAGATTCTTCTATTTTAGATTTATTAATGTCGATATTGATGTTACTGTTTTCAACCATTATAGATAGTTTTCCTTGTATGCCATCTATTGTAACATTGTATAACGTTGGCATATCTACTCTTCCTTCAATAAAAAAGCTTTCGTTCTTAACCATTCTTGTACTCACTATTTTATCTTTTTCTTTATCATCAGAGCTTTTTAGATGAATTCTAACACCATTATAAACTCCTTTTGCAGTACCGGTAATCGTATAATGAGGGAGTTTAGGTTCTGCTTCTTTACAGCTAAAACATAATAGACAAGTAAAAATAAGGAGGCATAGATTTTTCATGAATTAATATTGTTCTTTATTAAAGTGTGCATTGCAAATATAAAAACAATGATTAATAGTATGCTTATAAAAGCGACCACTTAAAAGTTGGCAAGGATAATGTTTAATCAATCGCATAAATTACAATACTTTTGCATTAAAGAATTAGAATATGCATAATGATACCATTGTAGCTTTAGCAACACCCTCTGGGAGTGGAGCTATAGCAGTTATTCGCTTATCGGGAAAAGAAGCCATAACAATAGCATCTAAAAGCTTTAAATCTGTATCTGATAAAGATCTGAATAAGCAAAAAACACATACCATTCATTTGGGTCATATCGTTGAAGGCGGTAGAACTATAGATGAAGTTTTAGTTTCTGTTTTTAAAGACCCTAATTCTTATACAGGTGAAAATGTAGTAGAAATATCTTGCCATGGATCATCTTATATTCAGCAAGAAATTATTCAGTTATTTTTACGAAAAGGCTGTAGAATGGCGACAGCAGGTGAGTTTACACTGCGTGCTTTTTTAAATGGAAAACTCG
NZ_CP058981.1_gap76	3356419	3357903	1484	ATTCAATAAATGCTTAAACGCAAAAGGACACGGAATTACAATTGCTACCTTTTATCACTATGCACATCAGTCAGGTGTCAAACCGCCTAAACAACAGTACAACAACGAAGTTGCAACAAACGTTGCAACTGTTGTCGATACACCCAACCAAGCAATGCCTACAATACCAGAAACGGTATATGAGAATTTGCCACAGTTTTTACAACAAGTTGTAAACCCTGCTAATGGACAGGAAGAAAAGGACATTTTATTGTTAGGCGCATTAACAGCATTTAGTGCGTGTTTTCCTAAACTCTTCGGAATCTATGACCAACGTAAAGTATTCAGCAACTTATATTTATTTGTAACCGCACCTGCTTCTGCAGGAAAAGGAAGGCTTAACCAAATTAAAAATTTAGTAGAGCCTGTTCACAAATTAAAACGAGAACAAGCCAAAGTATTAAAGCAACAATTTCAATCAGAAAACGCTACTTACAATATGAACAAAGGCAAAGATGAAAACTTGGAAAAACCGAGTAAACCGCCAGAGCGAATGCTGTTCATTCCTGCTAACAATAGTGTAACAGGCGTATATCAATTAATTTCTGATAATAAAGGCAGAGGTTTAATTTTTGAAACCGAAGGCGATACGTTAGCACAAGCCTTTAAAAGCGATTATGGTAATTATTCCGATGGTTTTCGTAAAGCCTTTCATCACGAAACTATAAGCTATTATCGCAGAACAGATAGAGAATATGTAGATATTGAAAAACCGTGTTTATCAACAGTATTATCAGGTACACCTAAACAAGTGGCGACTCTAATACCCAACGCAGAAAATGGTTTGTTTAGTCGTTTTATGTTTTACTATATGAATATTAAACCAACTTGGAAAAACGTGTTTCAAAACAGCAATAAAGTAGGTTTAGATGATTACTATAACCAATTAGGTAGCGAGTTTTTAGAACTGTATAAAACGCTTAAAAATAACCCAGAGATTGAAATACGATTAACCACAAGCCAACAACAGCAATTCAATACGTTTTTTGAATCCTTACAAACCAAATACATCAACCTACAACCCGAAGAATACATTGCAACAATAAGGCGGTTAGGCTTAATTGCATTTAGAATAATGATGCTATTCACAGCATTCCGCATTATGGAAGATGGTGATGTAAACGCAACTAAAGAATGTGAGGATATAGATTTTGAAAACGCTATAACCATAATTTCAATTTTAGTGAAGCACAGTAGTAAAGTATTTAATGATTTACCAATAGAGCAGAGAGCAACAAAACGTTCAAATAGAAAAGAACGCTTTTTAGAAAGTTTGCCAAAGCAATTTAGCAGACAAGAGTATTTAGATTTATCCACAAAACAGAATATCCCACATAAAACCGCAGAAGGTTATATTACCAAATTTGTAGAAGCAGGATTAATTCACAGAGAAGCACACAATAACTATTCAAATCCTGCAAGGACGTAATTAAGGATATTAAGGA
NZ_CP058981.1_gap77	3477590	3478730	1140	AATTACTCATTAACACTAAATTATCTTTAGCTTTTAATTTTATGTATTTACCAGGATCATTAATCACTTGCTGATCTCTAATTAATTTAAGGATTTTAGAATCTTCTTGATTTAGAAATTCTATGTCTCCAAATTTTTCTCCAAGTAAAGGAGAATCTTCAGTTACTTTAATAGTAAAAACATAAGAATCTATATGATAATCCGTGTTTAGATTGTTCTTTTTATTCTTTGGTAAGAAGCGAGAGGCAATGGTCATTATAACCAGGCCAATAGCTAAAAATATAAGACCGTACCATGAGAATTCAAAAAAGGTAAAAGATTCAACACCTTGTTTTTTCGCAATTGCGTTAACGATAAGGTTGGTTGATGTTCCCATAAGTGTGCAACTACCTCCTAAAATTCCAGCAAAAGATATTGGCATTAATAATCGAGAAGAAGAGAATCCACATTTTTCGGATAGTCTTGTAATTATTTTAATAAAAATAATAACGACAGCTGTAGTGCTAATAAAAGCAGATATACTCGCTGAAATAAGCATAAATGTTGGAGTTAATAAAATGAGAGGTAATATCTTTAGTTTTTTAATACCATCAGAAAGTAATTGAATCACTCCATTTTCTTCAAGACCAACAGCAAGTATCATTAAAGCTAAAACGGTAACTGTTGCAGGGTTTGCAAAGCCGCTGATAGCTTCTTCTGGAGTTGTTAATTGAAGCAATACCAAAGCAACTATTATAAAAAAGGCAATTTTATCTACAGGAAAAAACTCCGTGATAAATAAGATAATACTTATCCCTATTATAATAAAGACTAAAATTATTGAAAGCTCCATAGATTTTAATGCCAGAATTTAAATTTAGTGACAGAAGAAATAGAAGAGGTGCTCATTAAGATATTTAATTGCTTTGATTACAAATCGAACATTTTTAATTCTTTTTAGATTAGTTTAAGCCGTATATGAGTTAATGAAGCTCGGTTCAATTAGAGATCTTTGTTTTTTAATCTAAACCATCTAAAATTTTCGATTTCGTATGACTAAATTGAGTTTTAACCACCGACTAATTAAAACAATGGCTTTCATTGTTCTTTCATTTTTTACAATATCTACAGTACAATCACAAGCATATACCAAGCAAGAAT
NZ_CP058981.1_gap78	3481703	3484327	2624	AATAAATTCAAGTCAGGTATGAGTAAATTTTCAGAAATAATAAATCAAGATAAAGCTGTTTTAGTCGACTTTTTTGCAGAATGGTGCGGCCCTTGCAAAATGATGAGTCCTATTTTAAAGCAAGTTAAAGACGATTTAAGTGATGGTGTTTCCATTATAAAAATAGATGTCGATAAAAACCAAGCTTTAGCAGCTAAATATCAAGTTAGAGGTGTGCCAACACTACTGTTGTTTAAAAATGGAAAACAAGTTTGGAGACAATCTGGAGTACTTCAAAAGAATGAGATAATTGATGTTATTCGTTCTAAAAATTAAGATCATAAAGACAAGATAATTGATGTCAATATGAAAAACAACCCAGCAGATTTTTGGAACGATCGTTTTAATAACGAAGAATTTGTTTATGGTACACAACCTAATGTCTTTTTTAAAGAAGCGCTAGATAAGTTAAAAGCAGGAACGCTTCTTTTGCCAGCAGAAGGAGAAGGTCGTAACGCTGTTTATGCCGCTACAAATAATTGGAATGTTTCTGCTTTTGATATCAGTAAAAGCGGAAAAGAAAAAGCATTGCTTTTGTCTAAACAAAATAATGTTTCAATAGCTTATGATGTCGTTGGCGTATTAGATTATACAAGCGATAAACAATTTGATGTTATAGGTTTATGTTATACGCATTTCCCTATAGATATTCGTAAACAAGCAAACCAACACCTATTAAAATTTCTTAAAAAAGGAGGTATAGTTATTTTTGAAGCTTTCTCTAAAGCGCAATTAAAAAATAATTCTGGTGGTCCTAAAAACGAAGCAATGTTATTTTCTATAGAAGAGATAAAACAAGAGTTTAAAGGTTTAGAATTTAAATTTTTGGAAGAAAAAATAGTAGAACTCTCAGAAGGTGAATTTCATAAAGGAAACGCAGACGTTATTCGGTTTATAGGTGTAAAACTATAAATGTATTTATACTGTGATGAGTGCTTTATATTATTGTGTTTTAGATTTAGTTATTAGACTTAATACCAAATATCTTTCCGTTGTAATTTTAACTAAATAGAACTTAAAAATTGTAACAAATGTAACGTAGCAAAACTTTCAAAAAGCATAACTTTGTATTATCCAAAATAAAGTTTATGGAAGACATGATTTTTTACGATAGATTGCAATTTGCATTTACTATCACATTTCACTACATATTTCCACAATTAACCATGGGATTATCCTTAATGATAGTCTATTTCAAATGGAAATACCTCAGAAATAAAATTGAAAAATATAACAATGCAGCAAAGTTTTTTATGAAAATCTTTGCCATTAATTTTACAATGGGTGTCGTTACAGGGATTCCAATGGAATTTCAATTTGGTACCAATTGGGCAAAGTTCTCTGAATTAACAGGTGGTATTATCGGTCAGACCTTAGCCATGGAAGGTATGTTTTCTTTCTTTTTAGAATCCTCATTTTTAGTACTATTTATTTTTGGTGAGAAATTAATGGGACAAAAACTACATTTCTTAACTGGTTTTTTAGTCTTTTTAGGTTCTTGGGCAAGTGGTTGGTTTATTTTAGCCACCAATGCTTGGATGCAACATCCTGTAGGTTATGAGATCTTAGATAATGGAAAATTTGTATTAGACAATTTCTCAGCACTTTTCACTAACCCTTGGTTATTACCAGCTTTCTTGCATAATCAAATGGCATCTGTTGTAACGTCGGCTTTTGTGATGGCAAGTATCGGAGCTTTTTATATTTTAAGAGATAAGCATTCTGAATACGGAAGATTATTTTTAAAAACAGGTGTTGTTTTTGGATTAATATCTAGTGTTTTAGTAGCTTTTCCTACAGGAGATTGGAATGCAAAAAATGTTGCTAAACATCAGCCAGGAGCTTTTGCAGCAATGGAAGGTATTTTTGAAACAGAAGATGCTGGTGCAGAAATAGTCCTTATTGGTCAACCCAATATGGTAGAAAAAAAGTTAGACAATAAAATTGCCGTTCCTAATATCTTAAGTTTTTTAACCTATCAAGAATGGCATAGACAGATTCCAGGAATGGATCAATTTGAAGAAGATGAATTGCCAGATAATATTCCGGCGCTGTATTATTCTTATCATATTATGGTCGGTTTGGGTACTATTTTTATAGGGGTTATGGCTTTATCACTTTTCTTTTTATGGCGTAAAAAACTATACAACTTAAAGGCCTTACTTTGGACTATCATGTTTTTGGTACCATTTCCGTACATCGCAAATATTACCGGTTGGTACACTGCAGAATTAGGAAGACAGCCTTATTTAGTTTATGGCTTGTTAAAAACAAGCGATGGTATTTCACCAACGGTTTCATCTGGGAATACCTTATTTACTTTACTCGGTTTTGTTGCTTTATATATGCTTTTAGGATTGTTATTTTTAGTCTTAGTTGGTAAAACTATTAACCACGGTCCAACACCTCAAAAACATTAATTATGGAAATATTTTGGTACATAGCAATAGGAATTGTCCTAACCGTGTTTTTTATTTTAGACGGTTATGATTTTGGTGCGGGAATTATTCATTTATTTTTTGCGAAGGAAGAAAAAGATAAAGAAGTCATTACAAAATCTGCAGGCTTATTTTGGGATTCTAACG
NZ_CP058981.1_gap79	3489162	3492501	3339	ATAAGATTCCGGCTTCAGTCGCTACTATAAATTTTGTTTTATTACTGTTTTTTACATAGTTTAATAAGCCAGCGGTAGAACCAATATATTTAGCTACTCTTAATAAATGAGCTTCCGATTCGGGATGCGCTATAATCTCAGCATCAGGATGTGCTTTATGTAGTTCTATTAATTTTTCCATAGAAAAAGCTTCATGGACAAGGCAAGACCCATCCCATAAAACCATATTACGTCCTGTTTCTTTATTTAAATAAGCACCCAGATTTCTATCGGGTGCAAAAATAATGGGCTGTTCTTTAGGTATAGAATCCACTATTTTTTTAGCATTAGATGACGTACAGACATAATCGCTTAAGGCTTTTATTTCTGCGGAACAATTAATATAAGTTACTACGACATGGTTTGGATATCGTTTTTTAAATTCTGAAAACTTATCTGGCGGACAAGAATCGGCTAAAGAACAACCAGCAAATAAATCAGGAAGTAATACTTTTTTAGTTGGATTTAAAATTTTTGCAGTTTCTGCCATAAAATGTACACCTGCAAAAATAATCATATCCGCATCCGTTTTTGCTGCTTGTTGCGCTAAAGCTAAGCTGTCACCAACAAAATCGGCAATTTCTTGAATTTCGTCTCTCTGATAATAATGTGCAAGAAGAATGGCATTTTTCTCTTTTTTTAATCGCTTTATTTCTTTTACGTAATCAATATTTGGTGTTTCAATATCTAAATACCCTTTTTGTTTCAGGTTTAATTTGGCGGATTCTAATGTTATCATTTCTAATAGGAATCAATGAATAGTTTAAAATAAAGCATACGTCTTTTGCAAAAATAGAGTCTTCCTTTTTTTTAAAACATGATAAAAAACATATAAATATTATGAATTTATATGAGCGATAGTGTGTGAGTGTTGATAAAGTTTTTTTTATAAAAGGCGTTAGGCATAAGATTTATGCTGTAGTGTTTTGTGAATTTAAAAAGTTATAATTAACCAATTCTATGTGATTGATATCGTAATTTTTATTAAATTTAAAATTCTGATGTTACCATATTAATTCCCATAGCGACCATTTTCGTTTTAAGTTTTTCAAATCCTTCATTATCTAATGCTTTAGAGGCATCTTCAATAAAAGTACAGTTAAAACCTTCTTTAAAAGCATCGTAGATTGAAAAATAAACACAAATATCTGAGGCTAAACCGCATAAAAAGAGTTCGGTAGTTCCTTTTTCTTTTAAATAATTTGCCAATCCAGTTGACTTTAAATGTCTATTGTCATAAAACGCACTGTAACTATCAATATTTTTATTTGTTCCTTTTTTAAAAATAGCTTCAAAACTTTCTGTATTTAAATCAGGATGAAATTCAGCGCCTTTTGTGCCTTGCACACAATGATCTGGCCACAGGGTTTGTGGCTTACCGTGAATTTCAATCTCATCAAAATTAGATTTTCCTTTATGATTGCTAGCAAAACTTACATGATTACTAGGATGCCAGTCTTGTGTGCCAATTATCAAATTAAATTTTGGTTGTATTTTATTAATTATAGGTACAATTTGATGTCCATTAGGAACAGGAAGTGACCCATTTGGCATAAAGTCGTTTTGTACATCAATTATCAGTAACGTTTTCATTAGTAGAATTTTTGTACAGGTTTAGTTAAAATTAACTTGGGCAAATTTGCATTAAAATCGCTTAGTGTAAGCAATCACAATATTCATAAAAATAGAGTGAATAAATTTAAGAATATTTTGTCACTCAAAAAACGTAGTGTTAAGAAAGTTCTATTTTTTATTATGAGTATACTTTTTAATAGTGAAATAATAAAGTAAAAAATAGAACGAATTAAAAAAGGAAAAAACGCCAAGTAACATTGGTTACAGACTTAACAAATACATTGTGCTAATTTTGTCATATAAATTAACAATCAATGAAAAAAACTGTTTCTATATTACTGTTATGCTTTGCTTTAAACCTGATGGTGCAAGCCCAACAATTAGTACCTATAACTAAAACAGAGGTCTTATCTAAAGTTTCAGAGAATAATACTTCTATTAAGATTTCTGAAGAAGAATTCAATCAAGCTAAAGCAGATTACAGACAAACCAATGCGGTGTTTTTGCCAAACATTACAGCAAGTCATACTGCTATGGCAACAACAAATCCATTAATGGCTTTTGGCTCTAAATTGAATCAGGAAATTTTGACCTCAAACGATTTTAGTCCAGCGTTATTAAACGATCCTTCACAAATAGAAAACTACGCTACAAAATTCGAAATTCAGCAACCATTAATTAATGTCGATGGTATGTTTCAACGAAAAGCGGCTAAATCTAAAATGGAAGCGATGTCCTTAAAGACGGAACGTACACAAGATTATTTAGCGTTTGAGGTTGAAAAAGCCTACATGCAATTACAGTTGGCTTATAAAGCAGTCGATGTTTTAGAAACAGCATTAGAAGCTGCAAATGCCAATAAACAATTAGCAGATAATAGTTTTAAACAAGGGTATTTACAACGTGCAGATGTCTTAAACGTAGAAGTACGTGTTACGGAAGTTCAAAATCAATTACAATCCGCAAAAAGTAATGTTCAAAATGCCTCAAATTATTTGTCATTTTTAATGAATGATGACACCTATGTGATTTACACACCAACAGATGAATTAAAGGTAACTACAACAACAATAGAGGATAAGTCAATTTCTGAAAACCGTTCAGATATTAAAGCGATGCAATTGGCTTCAAATGCTTATGAAGCTATGAGTAAAGCAGATAAAATGGCTTTTTTACCACGACTAAATGCCTTTGGAAGTTATGAGTTGTACGACGATCAAATTTTTCAAGCCGATGCTAGCGGTTATTTATTTGGAGCACAATTGAGTTGGGATATCTTTCAAGGGTCTAAACGTTTTGGTAAAGCTCAAAAAAGTAAATCGGAATTTGAAAAGTCAAAACTAGAATACAAACAATACGTATCGCAGAGTAACCTAGAACTTAACAAAGCGAAACGTGCTTTTGTAGATGCTGAAAACAAATTGAAATTAACCGCCTTAGCTTTAGAACAATCTGATGAATCTTTAAGAATAAGAACCAATAGATTTAAAGAGGGTTTAGAAAAAACATCAGATTTATTAATTGCCGAAACACAGTATTCACAGAAGCAACTCGAATATTATCAAACCATTTTTGAATACAATTACGCACAAGCTTATTTACAATTTTTAACCAAGGAATAAAACCTCTCGACTGCGCTCGAGGAGACAGAATGTTGTCTGGTTGAGCGCAGTCGAAACCTAATTAATAAACAAATTACAAAATGAAAAAATATATTTACGTATT
NZ_CP058981.1_gap80	3495045	3497730	2685	TTTTGCTTTGGTGTTTGTAACAGGAATTGTGGTGGATGACTCGATTATTATTGCAGAAAACATGCATAGGCATTTTAAAATGAAACGCTTGCCATTTAAGCAAGCGGCTTTATATGCGATTAATGAAGTAGGGAACCCAACTATATTAGCCACATTTACAGTAATTGCTTCGGTTTTACCAATGGCTTTTGTTTCAGGATTAATGGGGCCCTATATGGCGCCAATGCCAATAGGAGCATCTATTGCTATGATTTTATCACTATTTGTAGCTTTAACTATTACACCGTATTTAGGTTATATTTTCTTAAGAGAAAAAGAGAAAAAAGGCGCTGAAAATAAACCGGAAGTTGCGATTGAAGAGACACATATTTATAAGATTTATAACAAATTTGAAAGACCGCTTTTAGAAAAGAAAGGAATGCGTTGGTTGTTTTTATTAGGAACTTTTGCGGTACTAATGGGAACTATGGTATTATTTTTCACCAATTCTGTAGCCGTAAAAATGTTACCGTTTGATAATAAGAATGAATTTCAGATTGTGATTGATATGCCAGAAGGATCTACGCTAGAACGTACAGGTGTTGTGGCTCAAGAAATTTCACAATATTTATCTACACGACCAGAAGTAGTGAATTATCAAAACTATGTTGGGACTTCTGCACCAATAACCTTTAACGGTTTGGTACGTCATTACGATTTACGTGGTGGATCTAACATGGCAGATATTCAAGTGAATTTAATTGATAAAGAAGAGCGTACAGCACAGAGTCATGATATTGCTAAGTTATTACGACCAGATATTCAGAAAATAGCATCTAAATACAATGCGAATGTGAAATTGGTAGAAGTACCACCAGGACCACCGGTAATGTCTACAATTGTTGCTGAGGTTTATGGACCTGATTACGATGAGCAAATTAAAGTGGCTAAGCATGTAGAAAATATTCTTAATAATACAGCTGATGTTGTCGATGTAGATTGGATGGTAGAAGCAGACCAAACTGAATATCAATTTGAGATTAATAAAGAAAAAGCAATGTTATATGGCGTAGCACCACAGCAAATTGCTTATACCATGAATATGGCTTTATCTAACAGAGCGATTACTAATTTATATGATGAGGATGCGGTGAGCCAAATAGGCTTGGTGTTAGCTTTAGATGAAAAAGAGAAATCGACGATTACTGATATTTCACAATTAAAAGTGAAGTCTAAGCAAGGGAATTTAGTACCAATCGCGGATTTAGTAACTATTACAGAAGCATCTGCAGCGAAAAGTATTTATCGTAAAAATCAAAAACGTGTCGTTTATGTGATGGCAGACATGGCAGGGGAGTTAGAGAGTCCGGCGTATGCTATTTTAGGAATGGAAGAAAAGTTAAAAGAAATTCCATTGCCACCAGGTTTTGCTATTAACGAAATGTACTTAGGTCAGCCAGAATTTGAAGATGATTATACCGTAAAATGGGATGGAGAATGGCAAATTACTTTGGAAGTATTTAGAGATTTAGGAATTGCCTTTTTAGGAGCCATCATCTTAATCTATATCTTAATTGTAGGTTGGTTTCAAAACTTTAAAGCACCAATTGTAATGATGGTTGCAATTCCATTATCGTTAATTGGAATTATTCTCGGGCATTGGATTATGGGCGCATTTTTTACTGCAACTTCTTTTATTGGTATGATTGCTTTAGCAGGAATTATGGTTAGAAACTCTGTTTTACTGATTGATTTTATAAACCTAAGAACAGCAGAAGGTGTACCATTAAAACAAGCTGCAATTGAAGCAGGAGCTGTGAGAACAACACCAATTCTACTAACCGCAGGAACCGTAGTCATCGGAGCATTCGTTATTCTATTTGATCCGATTTTTCAAGGATTAGCCATTTCATTAATGGGAGGAACGATTGTTTCTACAGTGTTGACATTATTAGTGGTGCCATTAGTGTATTACATGATAGAGAAGAAGAATTATAAATAACAGGTCGTCATTTCGAGTGGTTTTTGAGGTACGAAAAAATTGTATCGAGAATATGTTAATCAAGACTTCTCGATACAATTTTCTATCGAAAATCACTTGAAGTGACGGTAATAACATAATACAAAAACAACATGAAATTAGTCATAGTTACAGCAGTAGAAGAATTTCAAAAAGAGGTTTTGAAATTATTCAAAAAAGCCAATATTCAGAATCTAAGTAGTTCCGATATTGATGGTTATAAAACCGGACCATCTGTAACTATGGCTTCTAGTTGGTTTCCAGGAGAGCAATTTGGCAATGAATCGCGGTTGTTTTTCTCATTTGCAGAAGATGAGAATATTGATGCGTTATTCGATTTATTAAAAGAATTTAATACTAATGTAGAAACTAATAATCCTATTAAAGCGGTTGTGGTTCCTATTGAAAAATCTATTTAAACTTAAAAAAAAGAAAACATGTTAAATACATATTTTAGAGTCATTGTTGGTGTCATGGTATTACTAAGTGTAGTACTTACCGTTTTTGTAAGTCCAAATTGGATGTGGTTCACCGTATTTATTGGCGTAAATTTAATTCAGTCAGCTTTTACCAAATGGTGTTTATTAGAAACCATTCTGGTAAAATTGGGCATAAAAAAAGAAGGCGGTAGTTGTAAGTCTTGCTAACAACGGTTGCCTTCTTTGGTTTATAAAGATAGATTTGGG
NZ_CP058981.1_gap81	3501604	3505668	4064	TTAGATCTTATGTTTATAAGTCCAGAATCGTCTAAAAGGTAATTGACTGTATTTAGTAAAAACTCTTTGTTACCAAATGATTTTCCTGTCAGTTGATCAAAACCCAATTGTTGAGGTTTATTTCTTAAAACTTCATTTTTTATAACATCTCCATCAGAAATAACAACCATTTTAGTTGCTGTACTTTTAGACTTAAAATTCTTTACTTTAAAAGGTAAAACACGTTGGTCGTAAACAGAAGAAAACTCACCTTCTAAGAGTACCGCTAAATTTTGAGAACCTTGGTTATAGCTTTCTTCGTCTGGCGATTGTGTTACGGCGTCTAATGAAATTGTGGTTGGTGCGCCTTCTAATTTAGATTTTGGTGAACTTTGTAATAAGATCGATTTTTTAATACTATTCTTTAAAGTATCAATTGGACTTGCAAAATCAAATTTCACTAAATTTAAATTCTTAGTAATAGAATGGTTAGGGTTAGATGCTGCTAATGGCGAATATTGCCATTGTAAAGGTTGCATTTGTGCTTGACTGCCTTCGCCAATAGATAACATAATTGGAGCAGAATAGAGGTCTTTTACTAATGTAGGGTTAACTCTTATACCATATTGAAAGAAAAAATCATTGAGGAGTAAATCTTTCATAATAGAAACACCGCGTCCTGCAGCATTGTAAAGACTATCTTTATCCATGGCAACAGCTTCTGTTAACCATAAACTTTTACCACCATTCATTGTGTATTGGTCTAAGACTAGTTTTTCATTTTCAGAAAAAGGGATGCTAGGTTTGGCAGCGATAATTAAGTCGTAATCTTGTAATTTATCTAAAGTGCCTTGCGGATTACTGGCAACACTATCTAAAGTAAATGGAGCTAAATTGTAATAAGGTTTTACGGTTGTTAGAAAATCAGCCATGTAAATATCTTCTAACTCACCATTTCCTTTTAAAATGGCTATTTTCTTAGATTTAGCATTTACAAGTTTGTTAAATCCGTCTGCAAAAGCATATTCTAAAGCTTGAACAGAATTATTAATTTGTTCTTGTAAACCTTGAGTAATGCTTCTTTTTAATAAAGGAATTTTTACTGTTGCTCCTTTGTAACTAGCAAATGCCCATGGAAATATAATATCTTGTGTTACTTTTCCTGTACTATTATCTGTATTGATATAAGGTTCTAATCCGGATTTTGTTAACTCTTCTATATTGCGTTCTCGTGTTGTTTCATCTTCAATAGGGTTGATATAATTGATGAAAATTTGATCAGTTTCAAGTTGAAATTCTTCTATTATCTGACGTACTTCAGTTTGAAGTAATCTAAATTCAGATGAAAAATCGCCTTCCAAAAAGACATCTATAACTAAAGGGGAATCTAAATCGGTAATTAAAGATTTAGAATTATCAGAAAGTGTATAGCGATGGTCTTTCGTTAAGTCAAACCGTTGATATATTGAGCTAGATATTGCATTTACAATGATGAGTCCAATAAGAATAGCAACGATATATAGTATAGATTTATTCTTTTTCATCTTCAGTCTTTTCAAAAGTTATGGCTTCACGATAAGGTTTTAAAGAAATAAGCTTATTATTTTCAAAAATGATTTCTACACATTCTCTATGTTCTGTAAAAGCTCCTGGTTCTATGCCTAATCCATAATTCCATTTATTAGTATCGTGTGCTTTTTTTGCATCATCCCAAGTCAGCCATTCTTCAGGACCTAATAATGTTTTTATTTTCTCTTTTGAAATACCAACTAACGTATCAGATTCAATAGTATAATCAATCATTTCGTAGCGTAAGTTTGGATTTTCTATCCAAGCTTCACTATTAAAATATTTTTGATGGTGATAATTACTTACGATGTTTAGAAGAGGGTAAAACATAAAATAAAAAGCAAAAGGTGTAAGCACTAAACTAATAAGTGCAGTTAACCATTTACGATTATCTACTGTGTTTAAGAATAAAAAAAGCAGTATAAAAACGACGATTAAAAATGTGACTAATAGGGGTGTGATGATCATTTTATTGTTTTTGAATTCTAAGTTTTGTGAATAATAAAAATGCGATTGAAATACTTATAAAATAGATTAAATCTCTAGTATCAATAACACCGCGACTCATACTGTTGTAGTGCGCAGACATACCGATATTTTCCATATAAACAAAGTCGTTTAAAATATTGTAATTAGAAAGACCTTCAAACCCAAAATAAAAGAAGAAACATATAAAAACGGCAATAATAAATGCAACAATCTGATTATCTGAAAGTGTCGAAGCAAATACACCAATTGCAGTGTATGCTCCAACTAAAAATAAAAGTCCAAAGTAAGAACCGATAGTACTTCCCATATCTAAATTTCCTTCAGGATTTCCTAATAATGAAATTGTATAGACATATAAAAACGTAGGAATTAAAGCCATTATTATTAGAGTGAAAGCACCAAAATATTTACCTAAAACAATCTGAAAATGAGAAATAGGTTTGGTTACTAATAACTCTAAAGTACCTTGTTTTTTTTCATCACTAAAGCTACGCATTGTAACTGCTGGTACTAAAAAAATAAGAATCCAAGGTGCCAGTAAAAAGAAAGAACCTAAACTGGCTTGTCCATTATCTAAAATGTTGAATTCTCCTTTAAAAACCCATAAAAATAAGCCGTTGAGTAATAAAAACACCCCAATAACCAAATAGCCAATAGGTGAAGCGAAGAAGGTATTTATTTCTTTTTTTAGTATTGCTAACATAAATTAGTATTCGATCTTAATTATTGTATTTAGACTCAATTATATTTTTAATTAAGTTCTGTGATAGGCTATTTGAGTGATGCAATTTTATCTACACTCCAAGCTTCTGGTTTTGCATTAAACATTGGTTTTATTTTGCTCCAAACGCCTTTAAATAAATCAGAATGCCTATAAGTATTTAAGTCATCATCAGAGTTCCAATAGCTATATGTAAAAAAAATATTGGTATCGTTTTTATCTCGATATAGCTCTAGAAAGTTACAACCTTCAAAATTTCTAATTTTTTCTTTTACTGTTTCAAAATTAGCTAAGAATTCTTCAATTTTAGAAGGTTCAAAACTCATTTTTACAATTCTTACTAACAAAGCTTATTTATTTATTTAAAAAGTTAACGGTTACAGTATCCTTAGTTTTTAAGCCCATTAAAGTGGTTGCACTACCAACAGTGCTATTATTACTTTTATAGACTGCAATTTCTAGATATTGAGAAGAGTTAAATACCGCCATTGCCTTGCCTTCAGCATTACGTATAGAATCTTCACTATCATGATTTAAAATATCACTGTACTTATTTAATATTGTTTTAAACTTATGGTTACGAGCAGAAACTTCATAAGCTCTTCCTTTCTGAATATTTTCAAATAGCTTACGTTTAATATTGGTTACTACATTACCATAATTGTCAATATAAATTACATTTCCAATAATTTGATTTTGTTCGTCATTAACGAAAGGATTTAAGTTTTTAATTGGCTTAATTGTGTTAATAACTTTTCCTATGACTTCTAAAGTTCCACCTCTAGCTATGTGGCATGCCACCTTTACAAAAATATCTAAAACAGGAAAACTTGTTTCTACTCTGTCATGAATATTAATCTCAACAATCTTATCTGGCGTAATATCTGAGCAAATCATACTCATTATACCATTATTAGCACATATAAAGTAATGATCATCTAAAAATACAGCAATGTGTTTGTTTTCAGGACTTAACTCAGAATCTATTCCTATTAAATGAATAGTTCCTTTTGGAAAAGAGCTATAAGCATTTTGTATAATATAAGCGGCTTCACAAGTATTAAAAGGAGATATAGAATGCGAAATATCTACAATGTTAATCTGATCAAGCTCACTATAAATAGCGCCTTTTATGGCACCAGTAGAGTGATCTTTTTGTCCAAAATCAGTCGTTAAAGTGATTATTGCCATAGATTTATTGTTGATATTTTTTTGAGAATTATGATTGTAAAATTGTTAAATTTGTGTGTGTACAATAGAATTACAAAATTAAGAAAAGAAAATATATTAACGCACTAAATAAAGC
NZ_CP058981.1_gap82	3507373	3511230	3857	TTGTAGTACATAATTAAATGAAGACTAGATGAACACCATAATAGATACCAATTTCAATTTTCCAAATCAGAAAAGCGTTTATAAAGGAAAAGTAAGAGAAGTTTACAATATAGACGATAAGCAATTAGTAATGGTCGCTACAGATCGTTTAAGTGCTTTTGATGTGGTGATGCCTAAAGGGATTCCGTATAAAGGGCAAATCTTAAATCAGATTGCAACTAAAATGATGAAGGAAACAGAAGATATAGTGCCAAATTGGTTGGTAGCTACTCCAGATCCTAATGTTGCTATAGGTCATTTATGTGAACCGTTTAAGGTTGAAATGGTGATACGTGGTTACATGTCTGGACATGCAGCTAGAGAGTATAAAGCAGGAAAGCGTATACTTTGTGGTATTGCTATGCCAGAAGGAATGAAGGAAAATGATAAATTTCCTGAAGCAATAATTACACCGGCTACAAAAGCAGAAATGGGGGACCATGACGAAGATATTTCTAGAGAAGATATTTTAAAACGTGGTATTGTTTCTGAAGATGATTATATTGTTTTAGAAGATTACACAAGAAAATTATTTCAACGAGGAACAGAAATTGCTGCTAACCGTGGATTAATTTTAGTGGATACTAAATATGAATTTGGTAAAACAAAAGAGGGTAAAATTGTATTAATTGATGAAATTCATACCCCAGATTCTTCACGTTATTTCTATACTGAAGGTTACCAAGAACGTCAAGATAAAGGAGAAGCTCAAAAGCAATTGTCTAAAGAATTTGTAAGACAATGGTTAATTTCTAACGATTTTCAAGGTTTAGAAGGACAAACGGTTCCTTTTATGAGTGACGAATATATTACATCGGTTAGCGAGCGTTATATTGAACTTTATGAAAATATTACAGGAGATACTTTTGTAAAAGCTGATCTTTCAGATATCCAGAAAAGGATAGAAGATAATGTATTGGTGTATTTAAAGTAATTCAATTTATTAGGAATTATAGTTTTCAAAATTGATTTAAACCTGACATATTAATGTCAGGTTTATTTTTTAGGTCAATTTCTTAATAATTAGCCTTTAATATTTCTGTATGATGTTCAACATGATGTGCTGTCCACATAATAATTTCTCGAACGGGCATTTTTCCCATTAAAGGATGTGGTAATACAACAGTATCTAGATTTTCGTCACTGATACGTCTCGTTTTATACTGTAGTTTCTTTTCTTCAGTTTGCAATCTGTTTAAGAGGTATTGCTTGTCTTGAAGTGTAGGAACTTTCATGTTTCTAGATCCTTTAAAAGTTTTACCTTTAGTGTTTTTTAAGCGCTCTTGAGAACGTTTTACAATAGCGTCATAAGACCTAACAGGTCTATTTGCTCTTCCATATTTTAATCGGAGTAAAAACTTAGGTAAACTTAAAGCGTTGTTTAGTGGAACTATACTTTGAAGTAGATGTAATGTTTGTTGTCCTGTTGTCCATTTTCCGTCTGGGCCATGTGTCCAAGATTCGTCAGGCTGTTGCTCTAGCCAACTAATTAATTCTAAGTGTTTTAATTCTATTAAATTGGCAATATCTTCTTTATCCATAAAGGGGAATTTGATAAAGGAATGTACGTATTTATTAGATTAAAATCAACTAATATTTTAATAAAAAAGAGAGAAATAGCGTGTTTTTAAAAGTTGAAAAGGTTAAGTTTTAAGACCTTTTATTCCTCAACTTCTTTATCTTGAATTATAATTTTATCTTTCTTAAAAATTGGGACTAAATAAGAGAGATTAAAACCAAAACCACCACCAAAACGGCTACTATCGTAAGTTCTATTATAACCAGGGATATATAGATTTTCGTAATTATCAATTTCTTTGTCAGATACAAGTACTTTTAATTGTACATTAAGTCCTGCGTAGAAATTATTAAATAATTCGGCTTTTAATCCTATTTGCATTTCTACCCAAAACGCAGTTAGTCCATTGAATTCTTGACCTTCTTCAACGGAATATTGGTTATCCCAATACTGGTTGTAAACATCGTAAACTGTATAATTATTTAACTTTTGGCTAAACGTTGCTGCTCCGATACGAAAACCTGTATAAATCATGTTTTCCATGTCTAACCAGTTTTGATAGAAATTCATATCAATTCCGGCTTTAAAATAACTACCCGTTGTGGTGTTATTTATATAATCGGTTTCAAGTGTTCGTTCTTCATTTCCAATTTCTCCTGCGATATAAATACGTTTAGTAAGGCGGTAATCTCCCATGATTTCAAATCCAGAATAATCATCATCAAAAAAAGTAAGTGCGAATTTACTTATATCTGCACCAATTCTAAGTCCATACTTTTGTTTAAAAACTACGGTATCTTTAATAGTTTTAGTCTTTTCTTGTTGGGCAAAAGCTATTGTAGAAAACAACAGCATTAAGATTACGCTTCTAATGATAGATACGTACATGTGTTGTGTTTTCATCTTCTATACTTTGTTGTGTTGTTTCTTCAATCTCAATATTAGAAATCCAATTATCACCGTTTGTCTCTGTCTCTCTTGAAACACCTAAACTATTAAAATTACTTTTATAACCACAGGCTCTAGAAACATAAACAAACTCTGTGTTATAGGTGATTTCTATGATGTCTATATTTGAGTTGGTTGTATCATCTTCATCTTCAATTCTTAAATCGGTGTCTTTTTCTAGCACATAGCGTGTGGTTATCGTGGCTTCGACTCCTTCTGCACCTATAATAAGTGGTAATTCTATGGTATTTGCATTTTCATTAAAGAGTAGTGTAGCATCTGACTCTTCTAATGGTTCAATAATATTACCGTCATCATCGGTTACTAAACCTTCACCATAAACGGTAATTCTAGATACGTTTAGTAATTCATCTGTATCTGTAGCATCATAGAACTCAACAATTAGCCGAGGCGTAGTTTGCGTTGTAGAAGCACAAATATCATCGCGCTCACAGTTGATAAGAGCAATGGCTATTAAAAGAATTAAGAATTTTACGTTTTTCATTTATTGTTTTTCAAATAGCACAACTGTTTCTATATGCGCTGTATGTGGAAACTGATCTACTAAGCTCATTTTTTTGATGATATAGCCAGATTCCATTAATAGTTCTGTGTCTCTAGCTTGCGTAGCAGGATTACAAGATACATAAACCAAACGTTCTGCATTTAGGTTTATTATTTTTTTTAGGGTTTTAGGCGCAATACCAGCTCTAGCAGGATCTAAAATAATAGTTCTTATTTTATTGGTGTATTCTGGGTGTTCAGTTAAGAATTTACCAACATCAGCAGCAAAGAATTTTAAACCTTCAATATTATTACGTTTAGCATTCTCTTTAGCGTCTTCAATTGCAGCAGCTACAATATCTACACCAACAATTTTAGTGTTTTCAGATTTATTAGCAATGATTTGACCAATAGTCCCTGTACCACAAAATAAATCTAAAACAACAGTATTATCAATAGCTTCTTTATTTTCTAAAGCATAATCAACAACTTTAGTGTAAAGTTTTTCAGCACATTTTGGGTTGGTTTGAAAAAAGCTTTTCATGCTAATTTCAAAGTTAAGACCTAATAATTCTTCAACAATCTTATCATCACCATAGATAAGAGAAATACTTCCTGTTGTAGCGATTGTTCTATCTCCTGTTTCATCATTAATAGTATGTAATAAACCAGCAACACGATCACCAAGTAATTCTACGAGGTAATTTGCAAATTTATCTAAATCGAACTTAGGTAAGTCGTAAGATGTTGTTACCAAGTTAAATAAAAGTTGATTGGTTTTGTAAGATTTTCTAACTACAAAATATCTAAAGAAACCTTCTCTTTTAGGAGCATGCCAAGGATCTAG
NZ_CP058981.1_gap83	3539764	3543786	4022	ATACGATCAAGAAGACGTGCAAACACATTATAGAACTGACGAATTTATTTTTGGAGAACAAATTTTAGCTTGTCCTATTTTAGAGCCTAATGCTAAAGGACGTAGAATGTATATTCCTAAAGGACAATGGTATGATTTCTGGACAGACAATGTTGTAAAAGGAGGAAAAGAAATGTGGGTTGATGCAGATATAGATAGTATGCCTATTTATATTAAAGCAGGAGCTATAATTCCAAAATATCCTATTCAACAATACGTTGGAGAGAAAGAAATTACAGAAATTACCCTAGATGTTTATTATAAAAAAGGGAAAGAAGAAAGTGAACTTTTTAGTGATGCAAATGATGGGTTCGATTATACTAAAGGGCGTTACAGCTTAAGAAACTTTAATCTAACAGGGAAATCAAATGAATTAATTATTAATCAATATAAGGAAGGCAAATTTGTGACACCTTATGAGACGTTTAAAATTCAACTTCATGGGTTACCTTTTGATATTTATGAAGTATATTTAGATAATGAAAAAGTAGATTATAAGAGTCAAAAAATTGACAATATTGAATATATTATAGTCGATAAGAATTTTTCTCAGTTACATATTAAAGGATTAAAGGTAAAATCATAGTGACTTATTGCCTAATTTTGTGTCCTAATAGTATCGTTGAAAATAATAATATTTACAAAAGAATTAAATATGAAGCTAAATAAAATAATATTGAGTTTTGTGATAGTCATTGTGGCAGTTTCATGCGCTACAAACCCTTTTACAGGGAAAAAAACAATGGCATTTGTTGGTAATGATGAATTGTTTCCATCAGCTTTTGCACAATACAGCCAGGTTCTTACAGAAAATAAAGTTATTACAGGAACATCAGATGCAGAGATGATTACTCGAGTAGGACAAAGAATAGCAGTTGCAGCCGAGCGTTATTTAACAGCGAATGGTTTTGAAGGGTATTTAGAAGATTATAAATGGGAATATTCACTTATAGAATCAGATGAAGTTAATGCTTGGTGTATGCCAGGAGGAAAAATAGCTTTTTACACAGGGATTTTACCTATTGCAGCTAATGAAACAGGTGTTGCAGCAATTATGGGGCATGAAGTTGCCCACGCACTTGCTAATCATGGACAACAGAGAATGAGTGCTGCTTATATTCAACAAGGTATATCTCTTGCTGGTAATGTGGCTTTGGCAGATGATAAAAACTTAGGTATTTATAACCAAGCTTTTGGTATCGCTTCTAATGTTGGAGGTATGTTACCTTTTAGTAGAAGTAATGAGACAGAAGCAGATAAAATAGGAGTTTATCTTATGGCTATTGCAGGTTATAACCCAGATGAAGCAGCAGAACTTTGGGTGCGTATGAAAGCAAATAGTGGCGACTCTTCTACTCCAGAATTTTTGAGTACACACCCTAGTAATGACTCTAGAATAGAAAATTTAAAAGCTTTAGCTCCAAAAGCAAAAGAAGAGGCTGCTAAATTTGGTGTAACATCATTTAGAGCTATAAATTAAAATTTTAATAATATTTGATTACTTTCGAAGCTGCTCAATTTGAGTGGCTTTTTTTTTTGATTTTTTTTGATGAAGTGATGTAAACTCAGTATAAAGTTTCACTTTATCAAGTAAACAATTAACGATATAATTCTTATGGATCAACTTCAAAAAGGGAGTAAAAAACTTCTTAATGCTTGGGCTTTTTACGATTGGGCAAATTCGGTTTATACCTTAACAATTGCTTCTTCCATATTCCCAATATTTTACTCGGCTTTATTTGTTTCACAAGTAGAGAAGAATGTTTCTGCTTTTGGAATGGTTTTTAAAAGTACTGCACTAATTACTTACGTTACAGCATTTACGTTTTTAATTGTCGCTATTTTTTCTCCAATTCTTTCCGGTATTGCCGATTATGTTGGGAATAAAAAGACTTTCATGAAATTCTTTTGCTATGTCGGTGCACTTGGTTGTATAGGTTTATATTGGTTTAGTTTAGATAGTATTCATATCAGTCTGTTGTTTTATTTTATGGGATTAATAGGCTATTGGGGAAGTTTAGTTTTTTACAATTCATATTTGCCAGATATTGCTTTTCCAGAACAACAAGATAGCATTAGTGCAAAAGGTTTTAGCATGGGATACTTGGGGAGTGTTTTACTTCTGGTACTAAATTTAGCTATGGTAATGTTTCCTAACTTTTTTGGTTTTGATATTAGTATTTCTAAAACGTTATTAGAAACAGGAACAGAAAAAGAAATTGCAGAAGCTTTAAAAGAAGCTAAAAATAGTGCTTCATTTGAAGCCATGCGTATTTCTTTTATAACCGTTGGTTTATGGTGGATTATTTTTAGTCAATATACATTTTACATTTTACCAAAAGGAATTTCTAAAGGTGGTAAAGTAACTAAAGATGTTGTTTTTAATGGTCTTAAAGAATTAAGACAAGTTTGGTTACAGTTGAAGCAGAATCTACGACTTAAACGTTATTTAGTCGCCTTTTTTGTGTTTAGTATGGCTGTACAAACTATTATGTTAGTTGCAGTTTACTTTGGAGAAGAAGAGATTGCTTGGGGTGGTGCTGATGCTAAAACATTTGGACTAATATCAAGTATTTTAATCATACAAGTTGTTGCTATTTTAGGTGCGTTTTTAACGTCTAGAGCATCTGCTAGATTTGGAAATATAAAAACATTAATTGTTATTAATTTCTTTTGGATGGGCTTATGTTTTTATGCCTATTTTATGAAAAGTGCTATGGAGTTTTATTTTGCAGCTTCACTTGTTGGTTTAGTAATGGGAGGTGTGCAGTCTTTGGCAAGATCTACATATTCTAAATTCTTACCTGAAACAGAAGATACAACTTCATATTTTAGTTTTTATGATGTTGCTGAAAAAATAGGAATCGTTATCGGAATGGTCATATTTGCAACAATAGATCAGATTACAGGAAGCATGAGAAATGCAATTTTGTTTTTGGTTGTCTTCTTCATAGCCGGAATCCTTTTGCTTTTTAGAGTACCCAAAGAAGCTAACTAGTTTCTTTTGTGAGATGCATATAGAAAAGTATAGATATAAAAAATGGTCAGAATTTCTTCCGACCATTTTTTATATCTATAAATCTGCTTTTTTTAGTTCTTTACAAGTTTCTTCGTTATAGTAGAATTGCCTTGTGTGATTTTCACAATATAAATACCTGTTTTTAAACTTTGAACATTTAATGTACTCGTCTTAGTAATCATGTTATTAAAAACACGTTTTCCAAGAATATTAAAAATTTCAATATTGGTATTAACTTCAGATTTTAAATTTACCGTTAAGTTATCTTTTACCGGGTTAGGGTACAGATTTACTATTTCTAAGGTGTTTTGTTCAACACCTAATGCAGAATAGCATGTGTATGATAAATCATCAAAAGCAACTCTATTTCCAGTACCACTATTATTGTTAATAATTACAGATACATTACCTTCAATATTAATATTTGAAATTGTAACCGTTTGTTCTGTATCCGTGTAAGAAATAGTTCCTACTGAATTTCCATTAACGTTTACATTAAAAGTTCCATCAGATCCAGAAAATACACGTTTAGTTGTTACGGTTAAAGAACCAATTCCACCTGTAGTTGAAGGAAGGGTTAAAACTCCATTTCTTACAGTAATTGCAGCAGAAGGATTAATAATTTGTTGATCTGATCTGGCATCTGTAGCACTCCAACTTCCTCCATTGTCACCTGTCCAGTCTATATTTGAATAAGAACTAATTGAAGTATCTAAGTTTTCAAAAGTTTCAGCTAAACAATCTTCACCACTAACACTTCCATTATTAGTTGTAGTTTCGCAATCTTCATTGCTAAAACCAGATATATTATTTGCTGCATCTTTAGCTTTAACAGTAAAACAGTAATTAGTATCAGGCGTTAATCCTGATGCTGTAGCAGTTGTACTAGCGGAGTTAAAACTATAAGTCCCATCAATATAAACATCATAAGATGTTACAGCGATATTGTCTGTAGATGCTGTCC
NZ_CP058981.1_gap84	3547956	3549185	1229	TACAACATTTCCCATAATAACTTCATCAACCAATTCTGGTTTTAGGTTAATTTTGTCTAAAGCTCCTTTAATAGCAGCAGCTCCTAATTTTGTTGCTGGTACTGTAGATAAGCTTCCCAAAAAACTTCCAATTGGAGTTCTTACTGCTGAAACGATAACGACATCTTTGTTCATAAATATAATATGTTTGATTGTTGTTTGTTGCGAAATTAAACATTTTTTGAGAGATTTGAGAATGTATTATTGATATTAGCCTTCTAAAATTTTAATATTTATTACATTTGATTGTATATGAATGTATTCTATAATAAGTGGTATAAAAACCATGCTCTGGTCTATAAGGTTTTGTTGTTTATTGTAACAACATTGTTTATTGTGTACCTGTTTCCTAAAACAGGAAAATTTAGATATTCTTTTGAAAAAGGAAAACCGTGGCAATCGGAAAATCTATATTCTCCTTTTAATTTTGCGATTAAAAAATCTAAAAAAGAGATTGAAAAAGAGGAGATAGAAATTAAAAGCGGAAGTCTTGTTTATTTTGAATTAAATAAAGAGGTTGAAGATGAAGTGCTATCTGAATATCTGACAAGGTTTAATCAGGTGTTTAAAGACTCTACTGATTTTAATATTGAAAATTTAGAATTATATAAAAAAGGACAATCGATAATTAAAAACCTTTATAGCAAAGGTATATTAGATTCTGATTATGATTATGAAGATGACAGAGCTGTAAAGTTAGCGACAGCTAACAAGGTTGAAAAAGAGGTTCAATATGGAACTTTATTTGAGCTTAGTAATTTAAGACTTCGCGTAGAAGCAGATATGGGAAATTCGATTCCTATAAATGCTAAGAAACGAATGATATCTGTGTTTTTTGATGTTATAAAACCCAATATTAAGCTTAATGAAATTTTAACTAAAAAAGCATTAGAAGAAGAACTCTCTAAGCTGTCTTTAACTAGAGGACGTGTTGAAAAAGATCAGCTAATTATTTCAAAAGGGCAAGTGATTGAAGAGGCTCAATATGATATTTTAAGCTCTTTAAAATCTGAATATGAGTCTCAAGTTTGGAATACTGCAAACTATAATTGGGTACTTATAGCATATACACTATTGGTTGCATTAACACTTTTAATGTTGTTGTTATTTTTAAGTAAGTATAGAAAGGAAGTGTTTTTAAATAATACTAAAGTCACGTTTATCTTTTTCAATATTGCTTTAATGATTTT
NZ_CP058981.1_gap85	3610944	3614963	4019	TAAACACTTCATCTCTAAGCGCAAAAATGTCTCTATTTGAAGGGTTATCGGTGTTAATATTCCTAGTTATAAAAGTGGCCTGCTCATTGTCCTTACTTTGCTCGTATATTTTGGTTTTAAACCAAATACTAAAACTACGCCCTATTTTAGCTAATTTTTGAAAGAAATTGATGTCAAAGTCGAGTGACTTTTTAATGGTGGTATTACTATAATTTTGTTTGTTTGAAGTTACTAAATCACCATCTACTGTAGAATAAAATCCATCTCTCATTGAATACTGTGTTAGTGCATCCGAATTTAAACGCCCTTTAATAGTAAGGCTGTTACTCCTATTCGATTTGTTTTTATAATTAAAATTAAAATTGTGATTATTTGACTCTTTATTAAACCTATTATCAGCTTCATAATCATAGTTATTAGTATTGGCAAAAGAAATTCTTTTGGAAAAGGATGTGCCACGATTATCCGAAAGATTATAAAAATAGTCCGCATTTAAAAACTCTTTCTCTTTAAACTCATGACCTATATTAATGCCAACAACACCTGTTTTTAAATACCCACTTAAACTTTTTGATTGAGCAGCAGTACTGTTATCGTCATCAGACTCATCAGCAATACCATCAGCATTTTCTAAAAATCCCTGAATATTAGAGCCTGTAATATTGATGTTATTGTATTTACTAATAACTGCCAACTGTGTTTTTGGCGAAAATTTATTATAGTTAGCATTGCCAAAATAGCGGCTATCTAATCCCATACCTGCGGATACCTTTCCGAAACCTTGATTCTTTTTCGTCTTTTTCAAGGTAAAATTAATCACAACCTGTTTGTTACCGTCATCGACTCCTGTCAGTTCTGCCTCATCACTTTTTTTATCAATAATTTCAACTTTTGCAATGGCATCTGCCGATAAATTTTTTAATACAATAGCCGGGTCTCCGCCAAAAAATTCCTTACCATCGACAAATATTTTGGTCACTTCTTCACCTTTTGCAACGACTTCCCCATTAGATTCAACCTCTATACCTGGTAATTTTTTTAAAAGCGTTTCTAGATTATCACTTGGGTTCACTTTAAAAGAATTGGCATTAAAAGCAATTGTGTCTTCTTTAATTTGAATAGGAATTACTGCAGATAGCGTTACGGCATCTAATTCATAAGTATCTTCTTTAAGAATGACATTACCAATATCTATAGGTTGGTTTTTATAATGAATAGTCTCAAAATGCGTTATATACCCTAAATATGAAAATTGTAGTAACAGGGAGTCCTTTGGAGTATCAAAAATTGCAAATTCACCTTTAACATCAGTAAGCGCATAATTGAGAAATGTGGAATCCTTTTGTTTTAGAAGCGCTACGGAAACCAATGCTATAGGTACCCTGCTTTCATCATAAACGATCCCTTTAATTGGCGGTTCAGACTGAGCAAATAAACTATTAGACAAGGTCAGAAAAAGTAGTATTAAAAGTTTTGATGTGTTCATTACTAATTAAATCTCTTAAATCTCAAATTAGAGTGCTTACTATGTTTTTTAAAGCCCTTACCTTGCATATGTTTACTTATAAAACAAGTAGTATAAATATGCTTTGCAGAGGTTGTAGAAAAGTAAAAAAGTTCCATAGTTAATGTAACTAAGGAACTCTTTTATGATTTAATTTGTTATTTAATCAAATACTTTAATTTTTCACAACTCTTATTGTTTTAGAGCCAAATTGCGTTTTAATGTTAGCAATATAAATTCCTGTTGCTAAATCACTAATATCATAATTAGTTACTTCACTAAACGTTTTTAATAACTGGCCTGTAATATTATAAAGTTCTACGCTATCGATGCCGTTATTAGAATCTATTTGAAAACTGTTAGTTACAGGGTTAGGATAAACATTAATAGAAGCACTATTTAATTCAAAGTCATTTGTAGATAATGTGGCTCCAGCTGGACCTTGAAAAGCATCTAAATAATATATATTTCCTGTAGCCAGAAAATCAGCATCTGGTTGATCAAATAATAGGTTTACAGTACTATAAGATACACCTTCTGTAAGTGTAATTCCTGTAAAATCAAAGGTATATTCTTGCCATTGATCATAAACAGTAACATCAATTGTTACATTCTTTTGTCCTACTGTTTCAACTCCATCTCTTAAAAACAATCGTAACCTTCTACCAGAACTGCCATCTACATTCGTTGACGGTGCATAAGCTCTTATTTTAAAAATAGCAGCTGATTGATTTGCTGAGGTAATTACAGCTGGTAATTGGAACTTTAATTGTGAGTGTACATCATCTCCTTTTGTAAACTTGGCAACAAATGGACTGCTGTTTCCAGTAGTTGTTGGTGTAGCAACGGCTGATGCTTGTTCTAAAAACTCACCACCTTGTACCTCATTAAGTGATGCGCTAAATGTATCTGGGCTATAGTTATGGTACCATTCATTTCCAGCTTCTAAAACAGCTTCTGCATCCAAAGGTGGTTCAGGCACATTCTTATCAGTAACGTTAAATTTATATAATCTGGCTGCAGTTATTGATGGTGCAGTACCTAAATCTAAATCTGTAATTTCAAATCTAATAGGCGTTGGAGTAGTTGAAAATGTAACAGCTCCAACATAAGTAGCCGTTAACTGCTGGTAGGTACCAGTACCTCCATCGGTAGCGCTATACGTAAATGTTTGTGGTGTTTCAGTCCCAACCGTAATTTTTATAGCCATTGTATTAAATTCTCTTTTTCTAAAATCAAATGAAATAGTACCGTCAGTAGTACCTGATGAAGTTTGAGCAATAAGATCAAACGTTCCTGCAACATCATCAGAACCAGCTTCATCTGCTCTTATTTGAGTATATGCTGATGGATTTCCTCCTATAGTAGCAGCCGTACCAGTAGAAACAGAAGTTACCAAAGGGGAAACCATATTGAAATCTTGATCTACTGCATCCACTGTTATAATAGCTTGTGCAAATGCCAACGTAGTGGCAAACATAAAAGACATGATAAATAGTAATTGTTTTTTCATAATATATAGTTTTAAAATTTAGTTTATCAAAGTTCGTTATACAAGGTGGTTTCGCTTTGCTCATTTCAACCAAAAACTTTTCTATCAAAACTATTATAGTTAAATAATGGGTTTATTGCCTAATGAAGGGCATTCTCAAAATGAGTCTTAAAAGTATAGGCATTTGACAATTTATTTTTTGATAAAACTGAGATAACAATATTTTGTGATGTTGTGAGAAAACAAAAAAGTTCCTTCGTTAAATTTAACGAAGGAACTTTTTTTAATCGATTTATAACAACAACGTTCGTTGCTTTAAAGACTTGAATACAGAATCTTATTCTTTTACAATTCTCATTGTTTTAGAACCTAATTCCGTCTTAATCTTTGCAATATAAATACCTGTTCCTAAATCACTAATATCATAACTAGCTTCTTCGCTATATGTTTTTAATAGTTGGCCAGTAATATTATAAAGTTCTACACGCTCAATACTGTTGTTAGCATCTATTTGAAAGCTATTTTTTGTTGGGTTAGGATAAACTTTAACACTTGTCTCTTGTGTTTCAAAATCATCTACACCTAAAGTTTCATTAGAAAATCTAAGCCAATAGAATCTAATTCTAGCGCTATTAGAAAGGTCTTGTAAAATATTAATATCCAATGTTATCGTTTTAGGAACAGATGTAATAGTAACATTTTGCGAAAATGTTAACGTATCAAATGTCTCATAGGCATTAAGATTGCTTGCACTAGCGTCAGCAGCTAAACTAATCGGTGCGTCAGTTATGCCATCAACAGTCATAGTTACACTCCCAGAATTACCAAATAATTTTCTTACGTGAAAAACAATTGATGTTTCGAAATCTGCTCCAGAAGAAACTACATCAAAACTAATAGATCCATTAAGAACTTCTGGTATAGTTGCATTAAGATGAGCACCATTTCCGTTTGGTGCAAAAGGTCCTCCAGTTTGAGAATAAGCTGTACTTGCTATATTGATCTGCTGTGTTTCAGGATCCA
NZ_CP058981.1_gap86	3657269	3658505	1236	TACGAAAGTAAAATGCATACGTCAACAGCATTTATGTTGTTTTCAATAGCTTATAAAATTTTACACGATTTAAAACCTCATGCTTCTGAAGATTTATCAGTAATGAAGCAGAAATTTGCAGGAATTCCTGAAGTGTCCTTTTTAACACCTTTAAAAGGAATTTCTTGCCAGTTATTTTATTATGATAAATATTTAGGTCATCCAGAGATTATTAAATCAGATAGAGATGTTTTAGATTTTACAGTGGTTTATTTTGAAGCTTTAATTGAAGAAATTCAATTACGTAAAAGCACTTTAGAATACACGGAAACTATTGTAGATAGAACCTATAAGCTCGAGAAATCAGAGTTTGCTATTTCAGGTTGGGATAATGCTTTTTCAGGAACCGCAAAGAGTATTGAATTCAATAAAATTCAGTTCGAACAAATTGTAGGAAACAAAGATGCTAAACATTTTGGCCGCCGTTTAACCGAGCGTATGTTAAGCTATGATTTTGAAGCAAAGAAAAATCCGTTTCAAGAATTAGGAGGATTTATGCCTGTATTTATGGGGTACGGAATTCCAGGAACAGGAAAAAGTATGCTGATTGCTGCCATTGCAACACGATTAAAAGAACATGCCGATAATTTAGACATTCCGTTTTTGTTTCACCCTATGCCAGATACTTTAATTAGTACGTTTCAAGGTGGTTCTGCCGAAAAAATGGTAGAATGGATGAAACCTTTACAAGATCCAACTAAATTAATTTTTGCACCTATAGATGATGCTGAAAATAATTTACAAGAACGAACCTCTCAAGGTGTTTCTGCTGGTGTGAAAGAAGTTATTGGTGTCTTTTTAAGATATACAGAAGGTGCTTATGCCGTTAATTATGGAAATAGCTCAATTGGGTTATTTACCAATTTACCTGAGATGTTAGATAAAGCCGTGATTTCGCGTGTGCAAGGTCGTTTTAAAATTGATGGTGCACGTTCTGAACACGATTTTGTAGATCAAGATTATATTTGGTGGAAAAAATTACAAGATACGATGCCAGATTTTGTAAATATGAAGGATCCTGAAGTCTATAAATATTTATCAGAACAGGGCTTAGCTAATAGTATGGGGGAGATTTTAAATACTATTGATGTGCCTTCTGAAGCTCGTGTTCATGAAACTTTTGATAAGGTAGAAAAGCTTCATGAAACGACTGATCATATGTTTTATGCCGCATTATATAAAGAAATTCAGAAGATA
NZ_CP058981.1_gap87	3723454	3728067	4613	TCTTTAACTTCATAAACTTGCCATAAATCAGGTTCGTTTCGTAAGTCGTTCTTTTTGAGTCTTTGTTTAAGTTCCGAAAGTTGGTTGAGATTTATTTTTATATGGTCTCCATCGAAATCCCCTTCAATTTCCATAAACATATCAAATTCGGAAAACGTTATGAAAAAAGTCCAAGGAAGGTAAACGTCATTATCTTTATTTTCATTTAAATCCACTTGATAAATTTTATCAACTGTTTTTCCTACGATTTGTTTAATGAAGTTGTTAGATTTCAATTTTGTGTTCGTTTTTCAAATTAATGCCAACGTGATTGTGTATGGTTAGTTGCGTGGTTAAGCACCTAATTTAGTAAACATTTACGAACCTGTGAATATTCCGCAGGAATATTCGCAAGTAGTGAAGAACAAAGCAATTAATTATACACGGTGTTGGCAGCCGTGCTTATTTTTTTAATCCTGCGTTGTTGCTAATCAGACACGCATTTTCCACACAGCTTGTATATCCTGCGCTATATTTTTAATATCTAGGAAACTTATCAAATTTCAGTTCTCGTGTTTAATGAATTAGATAATTATTCCAATTTAGTTCCGCAAGAAATTAAAATTTCCGACTCCATTTTTTCTGATTTTACTTACTTAAAAGTCAAAAAAAAAAAATCGCGAAAAAGTAACTAGGCTTTTTTATTGCGATGTAGCTATTTTTTCAACCGTAATTTTCCGTTCTGCTTAATTCCTGCGTTGTGATTTTCATTCCAACGTTTTGAAATTCCAATTTTATTTTATTCTCAAAATTTAGATTTGTATAAGTTCCAATTTAGAGTTGGACTTTGCCGCACACGCATTGCTGCCAACGTGTTTGTGTATGGTTAGTTGCGTGTTTCAGCAACTAATTTAGTAAACAAAAACGAACGCGAGAAAATTCCGAAGTAATTTTCCAAATAAGCAACGACCAAAGCAATTAATTATACGCGTTGTTGGCATTTCGTTGTTTTTCAGTTTTTAATTCCACAACTGGTTTAATAGTGCATTCAGTTCAGCCTTTACGGTCAATTCTTCTACTAGCTTTTCTATAAAGATAGTAACAAACTAACTCCAAAGCCTCTATTGTTTTGTTTTCCATTTATGTATTTAAAAACATCTTGGATGCCATGTTCATAATAGAGTTCTAATTCTAATTCGTTATGAGACCCAATATAATGTGACAAACCAAACCTAACTCCGTAGTCGTCATTTCTTAATCCTTTATCAGCTTTATTTAATTTATATGCATAATAAGGAGAGACCATTGCTCTTATACCTCCTTGTGTATTAATTAAAGAGCCATTAAGAACTTTAACTCCAAAATCAAAAGGGATTCTTAAATAATTAATTGAAAAATCTTCATAGCCTTTAGAATTAAATCCTATTCCTGTTCTAAAAAGAAAGCGATTGTCAATTTCTTTAGAATAAAATAAATCAGCAGTAAATCCTGTTCTAGAATTTAAAGATGAATTACCAATGTTGTTTTTTACAGCTCCTAAGCGTAATCCCAATCCAGGGTCTATTTCTTTGGTTTTTGTTTTAGGTTTTTCGAGTTCTTTAGGAATAATGGTTTCTTCTGGAGTTAGAAACTCAACAAAAACATCTTTTTTTCTAGAACCAGTTTGAGTTTTTATTATTTTATTTTCTGGAGTTAATAATACGTAAAAAGGAATTCCGCTATTATTATACTGTTTTGCTAATTTTGTTCCTTTTTGAGTATCTCTATTAATTTCTAAGGCAATATAATTAGTTTTAATTATAGTTCTAACACTTTCATCTGTATGAATAATTTTTTTCATCCAATTACAAGGTCCGCACCATGGAGCAGTAAAAAATAAAAGTACATTTTTGTTTTCTTGTTTTGCTTTAATAAATCCATTGTCTAAAGACATATTTGAAAATTGAGAATCAACCTTTTCTATTGGCCTAATCTCAACACGATAAGCTAATGTTATACTTCCTCTTGGTTGGCCTTTCCAGCTTCCATTGGCTTCTTTTTCTATTTTTAAATCAATAACATTTGAAGATTTATCTAGAGGAGGAAAGAAAAGTTTATAACTTATTTCGTTTTGATTGTTGAGAGTTGTTTTAGTGTCAAGAGAAATCCCTTCACTTTTTATAACAAACTTTTTCTTGTTACTGTTTTCATCAGATATATAAATAGTTCTAGGGACTTTTATCCAATTTTTTTCTTTGTTTTTACTTGTTATATGTAGAATAGTTTCATTATCCGTTAATTCAATTTTTGTGATTTCTGTATACTTTTTATAATAAGAACCATACTTTGGGTTTTCAATGATTTCTTGAGAAAATAGGTTTGTACATAAAGTCGCAAAGAAATAAAGTAATAATTGTTTTTTCATAATTTGATGTTTAGGCTAATTAAAAGCCTTTTTTGGTGTAAGAAATTATTTTAAAATAGTTTTAACTTTTTTAACCAATTTTAACAAAAAGTCTTAGTGTTTTTGATTTGGTCAGTCAGATGTTTAGTTGCAGAATTAATCACATATGAGTGAGTTCCGCAATGAATGCCAACGTGTTTGTGTATGGTTAGTTGCGTGGTTTAGCAACTAAGTTAGCAAACTTTTACGAACCTGTGAATATTCCGCAGGAATATTCGCAAGTAGAGAAGAACAAAGCAATTAATTATACACGGTGTTACCACCAGTAATTATTTCAGAGATACTTGAATTCGTTTGTTTTCAGGCTCTATTTGAATCCAATTTCTGTTTTCTCGTTTAGGAATACATTCTATCAAACTCAATCCGTTTTTATAATTATCAACTGACTGTTTTCCAAATTTAATTTTCATTTCATAAATTCCTTGTCCTCCTTTTCCAATCCAAGCTCGTGTTACAATTGATTTATTTTTCTCAATATTCTCTTTAGACAAACTTTTTAAGTCGTAAGGAAAGCAATCAACTCCATCACACCAAAAACCTTGAACACTTTCAATTCCTAAATTGTCAAAATCAAGTCTGTATTCCAAATGTGAGCAAAATTCACTATTAAAAACAGGTTCTTTAAAATTATAATTGAACGCACCGCATTTCTGACATTCAGTATTTTCAGATTCTAATTCATCATTTTTGCAACGATTACATTTTCCGTATTCACTATTTATGTGTGAAATAATGACTTTCGCTTCTTTATGGCTAATTCCGAAATCGTCAATAATTTTTTTAACTGCAAATAGTTTTAAATCCTGCTTAACCATTCCCCAAATTTCAAACTTTTGTTCTTCCGACAAATTCAGTTCGTTTATTTCATTTCCGCATTTTTTGCAGTTCAGTTTCATTTGAGTGGTCTTATTGGTGGTAACGTGTTTGTGTATGGTTAGTTGCGTGGTTTAGCAACTAAGTTAGCAAACTTTTACGAACCTGAGAATATTCCGAAGGAATATTCCAGATGAGCAGACACAAAGCAATTAATTATACACGGTGTTGGCATTTCGTTGTTTTTATTCAGTTTTATTTTTTTCTTTATCTGCTTGTTTTTTTTAGGTTATTTCTGGTCATAAGTCCCATAAATATTCCAAAAAATAATGCATTCAATATAAATCTCCATATTCTGAAATCTTCACCGTCAGAATAGTCAAATCCAGTCATAAGTCCAGCATAAACAATTCCAGAAAACAAACCTGATTTTATTATTGCTTTTGTCTGCGTATTCATATTTTTTTAAATTCCTTTTTTAGGTTAAATTTATTTCCAATTGAGTGAGAAATTCCGCATTCAATTTGGGTTTTGCTTTTCAATTCAGTTTCCGATTCCGTAAACGAGCTAAAAGTCAAACGTTTTAATTCACTCACTTTTTTTTATACAACTTTAAATTTCCATTTACCTTTTTGTCAAAATAGTGTTTTTTTAGTTTTTTAACAACTTGTAATTCTGTCAAATTTTAACCCTTTTGCATAATTTTCAATTTAATGTCTTTTAAATCACTAATAAATTTCATTTTAACGGTTCTGCTCAATGAATGCCAACGTGTTTGTGTATGGTTAGTTGCGTGGTTTAGCAACTAAGTTAGCAAACTTTTACGAACCCGTGAATATTCCGCAGGAATATTCGCAAGTAAGCTCAATGAAGCAATTAATTATACACGGTGTTAGCTTTTAGTGCTTTATATCAGTCTAATTTCATTTTCTCGTTTTTTCCAATGAATAAGTACAATAACGAACCTATAAATGGGATAAATATGATTACTAAAATCCAAATTAGCTTGTCATTTTGAACGAACTTATTCTTTAAAATATCAATCAAACAATAAATCCAAAGTCCAATTGATAGAAGAACTAAAGCTTGCCATATAAAAAGTCCTATTGAGAAATCATTAATTAGGTTATCCATATTTTATTTTTTTTATTTCTATTTTGTGCTTCAATTCCACAAGCTTGATAATATTCCGATTATATTTTTTATTCAGCAGAGTAGAAGTCCAGCGTATTTTTATTCATTTCCAGTTTACGATTCCGCATTTTTGTCAAATTCCGCACAGTAATTCAGTCAGGTTTTGAGTGAGTTTCCGCAAATTTTTAAAATTCCACAAGACAGTTTTTCTGAATTATCTTGCTTAAAGTTAAAAAATTGAATC
NZ_CP058981.1_gap88	3731585	3733944	2359	CTAGTTCGGCTTCATACTCATCTTTTTCTTGTCTGTCTCTACCAGAATATACTCCTACTAATCCTATTCTACCTTGACTAAGTGTAATTGCTGTCGCTGAAGGAATTTGTTTAATATCATTATCTTTTTTAATTACAGGTGAACCTGACATTCCAGATTTAGTTTTCCCATCGATATAAAATAAGGGTAACGAGCTGAACATATTTGGTTCAGACGCAATAGTTGCGCCTTTGTATATTGGTAACTTATTTGGCGTAGTACTTGTTTTTAATGGAAACCCTGTTACAAATACATCATCCATTACTCTAAGTTTTACGTCTTTTGAAATTTCTTCGTCAATATTAAAAGAAGTCAATTCGAAACTAGTATTAGCTAATTCTGATGTTATATCTAGAACTACAACATCAATTTCACTGCCAGATGTTGGATGTTCATACCACTTAGGAATATTATTAAATATTTTTTCATCACCTTCACCTTCTGAATTATAGATTTCTAATTCTTTAATTGCAAGTTCATACCAAGAAGAAGTTGATTCTGTTTGTTTAATGCTGTGAACAAACAAATTTAAAAAACAAGGAATGGCGCCTGATGAATGTAAATTTTCTTTTGTTTGGAAATTTTTGAGAGTTACAATATGCCAATTAGTAACTAAAAATGTTTTCTCATCCTTTTTGCATAAAAAACCAGACCCCCATGTCAGATGAGCTTTAGTGTTTTCGGCTAGAACTTCAATTCTAACACATTTCAATGAATTTTCGTTTATTGTCATTTTTTTGCTTGTAGCTAACGTTGTTGTGTATGGTTAGTTGCGTGGTTAAGCAACTAATTTAGTAAACTTTTACGAACCCGTGAATATTCCGCAGGAATATTCGCAAGTAGGGAAGAACCTAGCAATTAATTATACACGGTGTTAGCTTTAGTTATTCCACATTTTCTTGTATTCCTTCATTTGTTTCATTTCGTTACTCATAAAGCTTTTGTCGTTTCTTTGTTCTCGCATTTGATTAATAGTATTAACACAAGCTAATACACCAGTTTTATACCAAGGGAACTCATTTGCCAAGGAATTGAGCTTAGCCATTGCTCTTAATGTTTCTCCTTTTGAGTTAAGGAAAACAGAATGTTCATATCTAAATACGGGACACCAATAATATTCTTCTGCAAGCTTTTCCCAAGTCTCAATATCACAATCTCCTTGTAGTAAAAAAGAAACTGCAAAAACAGAAGAATCTATGTAATTAGGCGAAAACATAAAATAATTTAGTAACGCAATACTTTTTTCTTCTGACTCTTTAATTCTCTTTTCAAGTACTTCATTGAAAATTTTGTGTGACAGTTCCTTATCGTTTTCTGAATTTGAAAGATGTAGAACATTTGCATATTCTATTTTAACTATATCCAAATCAGGTCTTAATTCATAAGCACCTTTGGCATATCGTAAAGCATTATCATAAGAGTCCATTGCCCGATATAATTTTGATAAGGCAACAACTAACCGAATGTCTTGAAAATCATCATTTGTAATGTTTGTTTTTTGAAATTCAATAGCTTTCAAACCATATCTGTCTTTAGTATAGCGTTCTATAATTTGCCATTTCTGTAATTTTGCAAACTCTGATTCATCCCAATGTTGAAAAAGTACCGACCTTCTATCCCAAACAGATTTAATCTGTTGCCATTCAGCGAATGTTCCTCCAAATGCTTCGTGCTCTTCATAAACAGTTCCATCTGTATCCGTTAAATTCAGGTCAGTTTGTAATTCAGGATTTGAATAATATCTATTTAAAGAATCGTAAAGCTCTATTTTGAATTCTTCAGGTGTGTTAGAACTACTTGACATTTGTTTCATCATTCTTAGAAACTCTTGTTGTGCTTCTTTTGGTAAACCAGTACTTTCAAATTTCTCAGTTTTCTTTTTTTTAGTCTTGCCAAATAATTTTTTGAATATGCTCATTTGTTCATTTTAATTAAAGCTAACGTGTTTGTGTATGGTTAGTGGCGTGTTTAAGCAACTAAGTTAGCAAATAAAAACCGAATAGAAAATCCGCGAGGATTTTCGTAAGTAGACGAGAACTAGCCATTAATTATACATGTTGTTGTGTACAGTGCTTTTGTTCATTTTTATAGTTTTCCATAAAATCATAATTCCGATTAATGCTATTAGTAAACCGCCAATTAAAAAAGCCATTCCATAACCTTCAGCGAATATTCCGCAAAAGTAATTCAGATATCTGTTTATTATTCCATCTGAGTAAATTCCAGTAGCAGATATTCCAAATGTCAAAATGAGAACTACCATTGAATTTATGATTCCGAATTTGTTTTTCCAGTTTATAAGTCCAACTATTAAAATTCC
NZ_CP058981.1_gap89	3736492	3740128	3636	ATCGAATTATGATTAGCTTCTTCATATGCTTTTAGACTATAATTAAAATTATTTTTATTAAGACTTTCTATAATAGTATTCAGTTTTTCATTTGATTCGGTTGTTCTTTTAATTTCTAATTTCCCATAGCTTAAAAATAACTGATGAAATTCTGACGACTTTTTAAATTCGTCAAACAAACCTTCTTTTAGAACCTCATTTTCGTTCCAAAAAAGAGGTCCGGAAATTAAGATGTAATCATCTATAAGGTTTGGTTTTTTTTGTATTAAGTATGTACCAAAAAGTGCACCAAGTGAATGTCCTAAAAGGCCTTTTCTTTTATTTAAATTAGGATATTCTTTTTCTATAAAAGGAAATAATTTTCCAGATAGGAATTCAATAAAATTATCTGCACCACCAGTCGTTTCAGAGTTTTTTAGAACTGCATTTTCTCCAGATCCTGATTTTAATATGGGCTTAATACCTTTTGAAATTAAAGCTTTAAATTTCTTACTTAATTTATATTTAGTAGGTGTGAAATCCATGACTCTTTGTTTATTAAAGTCAAACTCGTTTCCTTCAATTGAAATTCCTATTAAAACAATATCTTCTACGTATTCAGATCTATTCAAAACATTGTACGAACCTGTGACAATATCTGATATAAACCACGCATCTAGATAATAGAGAACATTATAACTTCTCTTGTTATCATAATTAGGTGGAAAAGTAATTTTGATTAAATAATCTTGATTTTCAGATGAAATTTTGTGTGATTCGATTATGTTACTTTCTCTTATTTCTTGACCTAGGATGGGAATAATTGTCAAAATATTTAAAATGACTGTTAAGTAAAAAGTGGATGTTTTTTTCTTATTCATAATTTTAATTCAGCGATTTTTTTAAATGTGATGTCTTTATTGATAGTCAAAAAGTTAATATCTTGTACAGTTCTCTCTAATTACTGCCAACCGTGATTGTATAAGATTAGTTGCGTGTTTTAAGCACTAAAGTTAGCAAATAAATCACAGATAGAAAGTCCGCGAGGACTTTCGTAAACTGGCTAAAACCAGCAATTAATTTTATACGGTGTTGTGCATAGTTTTTATTCTTTATCAATAATTTTAGGTTCAGAACTCTTTAACTTTAGATTTTGTTTTAATAAATATTCTTTTTCTCTTCCATTTCCTCCGCAAACAGAACATCTTACTTTAATCTGCGAGCTAAATTCTTTTTCGTTATATTCTTTTATACAAGTTTTACAACTATTATCGTTTTGAAAACCACTTAAACACACACCAGTTCCTTCACAATGTCTACAAGTCCATTTGTCAATATTAAACCTGAACATTATCATTTTAAGAGGTTTGTCAAGTTGGTTTAAAATCCATTGTAAAATATCCATTCTAATTTTCTAATTCGTTAATTGATTCTGCAATTTTTTCTATTTGACCAATTTCGTGATTCCAGAAATAAACTTGGTCAGTCAAAATTCTGTTTCCGCTGTGAGTCAATATAATTAAATTTCCATAACCGTCAGAACCGATAGCAATTCCATTTTCTGGAAATCCATTCCATTCACGAGCATTTTTAGTTTCAAGTCCAATGTGATTACAAGTCCGACTTATTCTTTTTCGGTCAGATTTGTCAAAAAAAGGAAAAAGTTCAAATTCATATTCGTCCGTCACTAATTCTCCTCCATTTGATTTAATCATACGTTTTTTAAATTCAGATGGGAATTTTACGTTCAATTCCGATTCAGTTTCTTTTATATATTTTTCGTCTAATGGAAATGGCATTTTGCGGTTTGGTTAAATTATGCACAACGTGTTTGTGTATGGTTAGTTGCGTGGTTAAGCAATTAAGTTAGTAAACATTTACGAACCCGTGAATATTCCGCAGGAATATTCGCAAGTAAGCTCAATGAAGCAATTAATTATACACGGTGTTGTGTGTAGTTTTATTTTATAATAGAATCAACTATTACTCCACTTTCAGCTATTAATGTTTTAATAATTATCCCTTTTTTATCAAAAAAATAAATATTATCAGTTAAGTATTTATTTTTAGCTTTTAATTCTTGCTTTTTTTCTCCTGTTTCATAGTACTCAATATATTTTCCATTAAGCATATTGTTCTTTAACTGCATCCATTCTTTTATGTTTTCGTTTTCATAATATGTAATAGAAACCCCATTGAGTTTATCATTTTTAACGTCACTTTCTGTTTTGAGTTTGCCGTTTGAATAATAAGTAAACTCTTTGCCATTTGATATTTTTGAAATAGTATCCAATGATACAAGAGTCAATTTTTCTAATGCACCATTTTCATAAAAATACATTGAAGTGTCTTTAACGATTCCATACCACGAGTTTGCCCAAAATCTTTTGGAACCAGTAGAATAAAATTGTTCAATTTTTCCATGGATTTTACCATCTTTAATAAAATGCTTTTCATCAATTTTACCATTTTCGTGATATATAATTCCTTCTCCTAGTTCAATACCATTATTCCAATTAGAAATACTTTTAAGATTTCCATTCTGCCAGAAATCTTTAATTACACCTTGTAACTCTCCATTGTTATATTCAGCAATTTGCTTTATGTTTATTCCATCTTCATAGTAATAATTCCACTTTCCTTGTTTTTTATTTTTTTCTACTAAACCTTCTGAATGAAGAGTGCCAAGATTGGAATAGTAACCTTGAAAGTAGCCATTTTTATATATTTCTTTATAAATTGAATCAGATTTATATGTTTTAATGCGCGTTAACTTTTGGTCTTTATTGTAGAAATTATAAATTCTATTATGAAAGCTATCTAAAACTATTAGTTCTAAAAACTTATTACCATTTGGAAAAAAATAGGTTGAATGAGATTTAGGAAGTTCTTTTTGAAAATTAGGCTTTATCTTTAACCATTCGCCAGATTTTCCATCTTCTTTATAATAGACAAAGTTTTCATTTCTGAATCTATCATCAGAAATATCATCTTTACATGAAAGCAAGATTATCGAAAGTAGTAAGTAATATGTTATTTTCAATTCAGTATGTTGGTTTGATTTTTAATTACACACAACGTGGTTGTATATGGAAAGTAGCGTGTAAGTATACACATACTTTTCCGACTAAAATAACGTTATTAAATAAGCAAAGCAAATTTGTTAGAAATAGAATTAGCTATTTTTTATATACGTTGTTGCCAGTAGTTTTTATATTTTTGTTCTAAATTTTCATAAATGTTATTACAATTTAGTGGTTTTCACGGAACAAGTGTAAATGCTGCAAAACAAATAGTAAGTTCTAATTATGAATCGTCAATAGGTGATGATGAATGGTTAGGGAATGGTGTTTATTTTTTTGTAAATGGCATTAGCTCTAAACCAGAAGAACAAGCTAAAAAGTGGTCTATAGCTGAGGCTTGGGATAAAAACAAACAGGTTAATAAGTATAAAAGTTATTGTGTTATTAATTCTGTTATTGAAGTTGAAGAAGGTAATTTTTTAGATTTAACTAAAGAAGAAGGTGTTGAACTACTAACTTATATTAGTGAATGTTTTGAAAGAAAAATTAGAAAACTTAACAAAAGATTTAAACCAATAGATGGATTATTAGTTAACTTAGCAAGAGATGAAGGTATTTTACCAATAGATGTTGT
NZ_CP058981.1_gap90	3912554	3917116	4562	GGAATACGTTTTTCAGCACCAGAAATAAACGGGCAACCTTTATCTGCACTAGAACAGGTCATAATAGCAGCAAACTCTGAAGTTGGGTTAAATTCTGAAGTAATCGTTTTTGAAAAACATATCACCGGATGTGAATTTTCTGCGTATTTAATACTGTAAACAGGATTGTTTCCTGTTGAAAGTGTATGCACTTCAAAACCTGTGTTTTCTAAAGTTTTAGCAGCAACAGGAAATAAAGCTGTAGCCTCTGTACCTGCAGAATAACAGAATACATTATTGATTTCGTAATATTTAGCAGCAACTTGTGCCCATACTTGAGACAAATGACTTCTGCGTGAATTGTGCGTGCAAATAAAATCTAAATTAACTGACTTTTTTGCTGCTACTTTACTTTGAATAAAGTCTACAAGTGGTTGCAAAATAGTTTTACGTTCAGCTGAAATAGAATCCATATCTAAGGCTTCTATTTGATTCTTTATATTTTGGTATAGCATGATATTTTCTAAAATTTAAGAATTAACAACATCCAGAGCCTGGTTCACAAGACGAAGCATCATTTTGTAAATTTGAAAATTTAAGTTTTGGTTTTTGCTCAGGAATGCCACATTTATCTTTTGCTAAACAATCTGTAAGCTTGCTAGTTAATAAAAAGTTTGTACCGTCAAAATCTAAACCGTATTTTCCAATAGTATCACTTTGGTATTCTACTTCGATTTCTAAGTCTTCAATGTTTAAGACCTTCTCAGAAAGCTCAATAATGCTTAATAATTTTTCAGGATGTAAGCGGTGATCATAATCATCTGCTTCCCATAATTGAAAGTTAGCGACGTTTTCAGACCTTACAGTTCCACCACAATCAATAAAGTTTTTGGTTATTTTACCGACTTCAGTAACATGAAAATGATTTGGAACTAAAGTTCCGTTTGGTAATTCAAACGCGATAGTTTCTAACGATCTTAATTTTGATTTAATTTCTGAAAGTTTCATATTTATATTTACTTTTTTAATTATTATTTAGCAACAATTGCCATTATCGTTTAAATCTTGATCCAGAAAAACATGCAATATGCTTTTCATTTTAGTCCAATTTTCTTTATTTATACAATAACAAACACTTGTGCCTTCAATATTTCCTTTAATAAGGCCTGTTTTTTTTAATTCCTTTAAATGTTGAGAAATTGTGGGTTGTGCTAGACCAATTTCATTAACAAGATCTCCGCAGATACAAGAATCTGTTTTAAATAAATATTGAAGAATTGCAATTCTTGCTGGATGACCAAAGACTTTAGCAATGCTAGAAATTTCATTTTGATCTGGTGAAAAAATTTCGGATTTAGTAACTCCCATAATTTTAATGTATTATTATATTGCAATATTACGATTAATGAGTGATATTACAATTATTAATGATTAAAAACTTGTATTAAATAATTGTTAATTGATTTTAAGGAATCCTTAACATATACATTTTTATGAAGTTGTAATTTTACGATTCATAAAACAACTATAACACAATTAAAAATGAAGAAATTAGTACTTTTTACATTTGCTTTAACTTTGATGTTTTCAGTGAATGCACAAATTGAAACTCCACAACCGAGTCCTTTTACTAAAATAGAGCAGAAGGTAGGTTTAACAGACATTACGTTAGAATATTCGCGTCCAAGCATGAATGGAAGAACCATTTTTGGCGATTTAGTACCTTACGGTAAAGTTTGGAGAGTTGGAGCAAATAAGAATACAATAATTACATTTAGTGATGCTGTAGTTGTTGGAGGTCAAGAATTAAAAGCAGGTGCTTACGCCATTTTTATTACACCTTCTAAAACATCTTGGGATGTTGTTTTTTACAGCGACACTAATAATTGGGGAACACCAAAAACAATTGAAGCTTCTAAAGTTGCTGCTAAAGTGACTATAGAGACAATGGAATTACCAATGAATGTTGAGACTTTTACAATTACTTTTGATAACCTTACTAGTGGTTCTGCTGAATTAGGTTTTATTTGGGAAAACACTATGGCTAACTTAAAATTTGAAGTACCAACAGATAAAACTGTTACTGCTGCTATTGAAAAAGTAATGTCAGGACCATCTGCTGGTGATTATTACGCTGCTGCTGTGTATAATTTAGGTGAAGGTAAAGATTTGGAAAAAGCAAAAGAATGGATGGATAAAGCAATGTCTATGACTAAAGATCCTAAATTTTATCAATTAAGAAAACAATCTTTATTATATGCTGCTTTAGGGGATAAAAAGAATGCTATTGCTGCAGCAAAAAAATCTTTAGCTAAATCGGAAGCTGCAGGAAATGCGGATTACGTAAAAATGAATAAAGATTCTTTAAAAGAATGGGGAGCTAAGTAATTATTTTTAGATTTCAGAATATATAATAAAAGCGCAACTGTATCAGTTGCGCTTTTTGTTTTTAATAATTTAAACCAATTAGCTGTCGAATAGTATCTAAAGTGCTAATGAGCTGTTTACTTTTATCAAAAGTCATAATGTCACTTTCAGTCTTGCCAGTTCTAATAAGTTGATTAAAATGCTCTATTTCATAGCTGTACCCAATTGTTTTACAATCAAAAGTTTTTGTTACCGAATTCCCTTCTTTGTCTGTTAATACAACAGTTGAAGGTTGATGAAAACGACCATTAATTTTAATCGTTCCGCGTTCACAGTGAAATAAAGCTTCGGTATTTGTTTGCGCTAATAATGTACTTTTTAAATTCGCTTTTGCATCTGAATAATTGAATACAACCTCACATTCTGAATCTGCTCCTGAATCGAAAAATTGTGCTTCTGCTTCAATAGAATCAGGTTTTCCTAAAGTTGATAAAGCCGCAAAAACAGGATAAATGCCGATATCTAATAAACTGCCGCCTCCTACAGATTTATCGAAAACTCTTGAGGTTTCGTTATATGTAGGATGAAAACCAAAATCAGCTTCAAGCGTAGTAAGATTTCCAAAATGTTTACTTTTAATTAACTCTAAAACATATTGATAATGTGGAAGAAAATGTGTCCACATGGCTTCCATTAATAAAGTCTTTTTTTGTTTTGAAAGCTGAATCATGGCTTCAACTTCTTCTAAATTCATTGCGAATGGCTTTTCGCATAACACAGGTTTTTGCTGATTTAAGCACAATATGGTATGCTCCTTATGAAAACTGTGTGGTGTGGCTATATAAATAGCATCAATATTAGGATCTAAAACTAAATCCTCATAACTACCATAAGCAATATTTGCGTTAAAATTTTCTTTAAAAGCTTCAGCCTTTTCTATATTTCGTGAAGCAATGGCATAAAAATTACAATTAGAAACTGTATTTAAGTCCGTAGCAAATTTAGTTGCAATTTTACCTGCACCTATTATTCCCCAATTAATGATTTTAGATTTCAATAGTCGTTTTTTTAGGTGTCATGATTTGTAATAGGTTAGCGATAAAAATAACAACAACACAGCCAAATAAATTGAGCCACAGATAAGGCATCCAATCAAAATACCAACCAATAACAACGATAGCTTGAGTTATTAATGCACCAACAAATACAGCATTTCCTTTAATGTATTTAAAGAAGAAAGCTAGTAAAAAGATACCTAAAACATTACCATAGAATATAGAACCTATAATATTTACAAGCTGAATTAAGTTTTCAGCCAAATCAGCAAAACATGCAATAATAATGGCTACGATTCCCCAACCTAAAGTAAACCACTTGGTCATTTTTACCATATGGTCATCGTCCTTTTCTTCTTTTGTATTTCTACCATACAAATCAATAGAGGTAATGGTTGCTAAAGCATTAATTTCTGAGGCCGTAGAAGACATCGCTGCCGATAAAATAACAGCTAATAACAAACCAATTAATCCCGTAGGCAATTGATTTAATATAAAGCGAATAAACATATAATCTCTATCATTGGTCTGCGTATCCTTTGCAGCATCTTTATAAAGTGAAGTTAGAGCTGCTGATTTTGCTAGGTAAACTTCACTTTTAGGATTCTTTTCTAAAGCTTTAACTTCAGAATTAAGAGAATTATATGCCGAAGTATATTCTGGGTCAATTGCTTTTTTTATTAAAAACTTAGACTCTAAACGGTATGTTTTTTCAATACTATCTAACTGAAATAAGTCTTTTTTAATACTTGAATCTTTTGTCTTGGATAGGGCTAAACTTAATTCCTGTTTTTTATTAAATAAAATGGTTTGTTTATCTTGAAGTGCTCTGTAGTCATCACCGTATTGGGAAGCCAAAACGGTTTCTGTAGATTTGTCTATAAAGTTTAAAGGAGAAGGACTAAATTGATAAAAGACAAATACCATAACACCAACTAATAAGATAAAAAACTGCATTGGTACCTTAAATAAGCCGTTGAAGAGTAAGCCCATTTGCATTTCTTTCATTGATTTACCCGAAAGATAGCGCTGTACTTGACTTTGGTCAGTTCCGAAATAAGAAAGCATTAAAAATGTACCACCAATTAAACCTGTCCAAACGGTATATCTATTCTCTAAATCGAATGAAAAATCTAAGATTTCCATTTTACCAGAAGCGCC
NZ_CP058981.1_gap91	3953129	3957494	4365	AATAAGTGGAATAATAACTTATGACGATGATAGTGATGGCTGTGATGCTGGAGATGTAAACTTACAATCTATTCAGGTCAATGCAGAAAGTAGTGATAGTTTATTTGGAACCTTTACTGACCAAGACGGAGCGTATTTGCTATATGTTTCAGAAGGAGAGTTTACATTAAATGCTGAGGTGAATTCTGAAATGTTTTCAACTTCACCTTCGAATCAAATTTTTGAGTTTAATAATTTGGGAAATCAAATAGAACAAAACTTATGTATAGCACCTATAGCGCTATTAAATAACCTTTCTGTTGCTATATACCCATCATTTGACGACCCAAGACCAGGTTTTAACACCAAGTACCAATTAGTTTACAACAACATTGGCTCAACACAATTAAGTGGTTCTGTATCGTTTGAGTTTAATAATTCAAAATTAAATTTTCTTAGCGCAAGTGAAACTATAGCATCACAAACAACAAACACATTAACATTCGATTTTACAGACCTAAATCCTTTTGAAACAAGAACCATAGATTTAGAGTTCAACGTTTTTGCTCCACCAACCACAAACATAGATGATGTGCTTGAAGCGATAGCAGTCATAAACCCAGTTTCAGGAGACGAAACAGAAGAAGATAATGTGTTCACTTTAGAGCAAACCGTTATAGGATCTTACGATCCAAACGACATTACAGTTTTAGAAGGAGAAGAAATTACGATTGAAGAATCAGATAAATATTTACATTATTTAATTCGTTTTCAAAATACAGGTACAGCAAGCGCTATTAATGTAAGAGTAGATAATGTTTTAGATAATAAATTAGATTGGACAACTATGCAGTTAGAAAGTTTAAGTCATTCTGGTCGCGTAGATATATCTAACGAAACAGATGTGAGTTTTATATTTGATAATATTAACTTAGCAGATAGCACTAATGATGAACCTAATTCTCATGGCTATATTGCTTATAAAATAAAGCCAATAAATAGTGTTGAGATTGGAGACGTTATCAGTGGAACTGCAGATATATTTTTCGATTTTAATCCTGCAATAATAACAAATACAGTAAATACAGAAATTGTAGAATCTTTAAGTGTTAATGAGTATAATGCTCAATCTATTCTTTTGTTTCCTAATCCTGCTAACAATAAATTAGAAATTAAATCTAATCAAATTATTGATAGATTATCTATTGTTGATGTTAATGGTAGAGTGTTGAGTGATATTAATATTTTAAATATAGATTATAGCTTAGATGTTACAACTTTAGTTAAAGGTGTTTATTTCTTGGAAATACAATCTGGCGAATCAAAATCAATCAAAAAATTTATTAAGAATTAAGATGTGATGTAGTGTGTGTGTAGTGATACTTATTAGAGTGTAAAAAGCTCATTTATAAAAAATAAAAAACCTTTCAAGATTCAGTTTTGAAAGGTTTTTCTGTTTTCCTCAGTTTGTAAAATTAATTACATTCTACTCTATAGACTTCTCTTGCTTCAATACCTACAAGAGGTACTGAATAATTAGTCTCTTCTTGGCAATCAACTGACTCTCGTTCAGTTTCTGTGTAATTGAGCAACCAGGTTCCTGTGTTCTCCTGTTGGTACTTAGCTTCAATGTAAGTGACTCGTTCACATCCACAGACTTCTTCATCTAAATCAGACTCAGTTGAGCATCCTAAAAAGAGTGCAAAACCTGATGTAATACAGATAGTTAACATTGTTTTTAATTTTTTTTTCATCGTTCAGTAAATTTGGGATTACAAAAGTATATGATATTTAATATTTTCCTATGAAACGTATTAAAAATTCGATGAAATACATAAAATAGTTTGTTTATGAGTGTTTTTTCTTACACTTAATGTTGATAACTCTGCTTTTTAAACAATTTATTTTTATTTTTTAATTATTTCATCTGAAAATAACACCTAATTTTATGATTTCTAAGGGAGTTAGGAGAGAAATAATGATGATTTTGATGCTTAATTTGAAAAATTGAATAAAAAAAACTTCAATAGAATAAATTAGTGCTTTCTAATTTAAATTTTGAAAAGCTTTTTTATTTCATTGATTTTCTTAATTTTAATAAAATGAGTCGTTTATGCTTAAAAAAGTTTTTGCAAGTGCTGTTTTTGGAGTAGAGGCTTCTACAATAACAGTTGAGGTTAATATTGATAAAGGAGTTGGTTATCATTTAGTAGGACTTCCAGATAATGCGATTAAAGAAAGTAATTATCGTATTGCGGCTGCGTTTCAGAATAATGGTTACCGAATTCCGGGTAAAAAGATCACCATTAATATGGCACCTGCTGATTTGCGTAAAGAAGGTTCTGCTTACGATTTAACCTTAGCTATCGGAATTTTAGCAGCATCTAATCAAATTAAGGCGGAAAACTTAGAGGATTACATCATTATGGGAGAACTATCCTTAGATGGAAGCTTACAGCCTTTCAAAGGTGCGCTGCCAATCGCGGTTAAGGCACGAGAGGAAGGATTTAAAGGAATTATATTACCAATTCAAAATTGCAAAGAAGCTGCTATAGTAGACAATATTAAAGTTTACGGTGTTGAGAATATCACTCAGGTGATTAATTACTTTGATAAAGGTGAGCCGCTAGAGCAAACTATAATTAACACACGAGAAGAGTTTTATAAAAATCTCGATTTTCCAGAATTTGATTTTGCAGATGTAAAAGGACAAGAATCTATAAAGCGCTGTATGGAAATTGCAGCAGCAGGAGGTCATAATATTATTTTAATTGGTCCGCCAGGTTCTGGTAAAACCATGCTAGCAAAACGATTGCCTAGTATTTTGCCACCAATGACTTTGCATGAAGCTTTAGAAACAACTAAAATACATTCGGTTGTTGGTCGTGTTAAGTCACATGCCGGATTAATGGCTCAGCGTCCTTTTAGAAGTCCCCATCACACGATATCAAATGTAGCGCTCGTCGGCGGCGGAAGTTACCCTCAACCTGGTGAAATATCATTATCGCATAACGGAGTTTTGTTTTTAGATGAATTGCCCGAATTTAAACGTGAAGTTTTAGAGGTAATGCGTCAGCCTTTAGAAGATCGAGAAGTGACGATCTCTAGAGCAAAGTTCACGGTAACTTATCCATCATCTTTTATGTTAGTAGCGAGTATGAATCCAAGCCCGAGTGGTTATTTTAATGATCCTGATGCACCTGTAACATCATCACCCGCAGAAATGCAACGTTATTTAGGAAAGGTTTCTGGTCCGCTTTTAGATCGGATTGATATTCATATTGAGGTGACTCCTGTACCATTTGAAAAATTAGCTGATGAAAGAAATGGAGAGTCTTCGGTAGATATCCGTAAGCGTGTCACCAAAGCTAGAGAAAACCAAACGGAGCGTTTTAAGGAATTAGAAAACATCCATTACAATGCGCAAATGAACACAAAGCAAATCCGAAAATATTGTAAATTGGACGAAGCTTCAATGTTACTTTTGAAATCTGCCATGGAACGCTTAAATTTATCCGCTAGAGCTTACGATAGAATCTTGAAGGTTTCTAGGACAATAGCAGATTTAGAAGGCTCTGAAAATGTTTTAGGAGCACACATTAGTGAAGCTATTCAATATCGTAGTTTAGATCGCGAAGGTTGGTTAGGTTAATTTTAAATAATAACACTTAATTAGTTGATTTTTAAAATTATAAGTAATTTTACTTAATTAAATAGTTTATGACAGTAATTAGAAAATATAAATGAAAAAACAATACATTTTAATAGCTATAGTGCTAGCGTTTAGTTGTGGAAATAATGAAAAAGAGCAGGTAGTAGTTAAGGAGAGTTTTGCAGAAGTTGAGGTTGTTGATACGCCAGTTTTAAACCTTGAGCAAGCTAACCGATTAGCGCAATTACCATTACATTGTATGGATATAGAATATCCAAATAAGCTGAATCAGACGATTGGTAATGCTTCCGATTTAAAAACACCTAAGGAATTACATCCTGCTTTTTACGGGTGTTTCGATTGGCATTCTGCGGTTCATGGGCATTGGAGTTTGGTTTCGCTTTTAAAACAATTTCCAGATTTAGAAAACAGAGCAGGAATCGAACAAAAATTACTTCAAAATATATCTAAAGAAAACATAGCGCAAGAGTTACTTTACTTTGATGGTGAATTTAATTCATCTTTTGAAAGAACTTACGGTTGGGCTTGGTTATTAAAATTAGCAGAAGAGTTACACACTTGGGATAATGAGGTAGGGCAGGAGTTGGAAGAGAATCTTCAGCCGTTAACAAATTTAATCGTAGCTAAATATTTAGAGTTTTTACCAAAGTTAAATTACCCAATTAGAGTTGGTGAGCATTCTAATACGGCATTCGGGTTAAGTTTTGCTTATG
NZ_CP058981.1_gap92	3994924	3995581	657	TATAATTCTAAAATTTATTACCAAAACAATAAGGTATTATATTAAGAAAATTTAGTGTTATCAATTGCTTTTTGAGATGAATTATACAAAAATAATTGATATTTTTGATATCAGTTATGAAAGCAACATATCAGAAGTATATTTTAGATTTTAAAAGACCTAGTGGAACATCGAGAGGTGTGATGACTACAAAAGAGACTTGGTTTATTCTCTTAGAAAATGAGAGTAAAAAAGGCGTAGGCGAGTGTGGTATATTAAGAGGTTTATCTATTGATGATAGACCCGATTATGAAGCCAAATTAAAGTGGACATGCAAAAATATTAGCTTAGGTTTAGAGCAACTTTTAATTGAACTTAAAGAGTTCCCTAGTATTCAATTTGGATTAGAAACGGCCTTTAAATCTTTAGAAAGTGTAGATCAATTCCAATTATTCCCTTCAAATTTTACAACAGGTCAAGCTAATATTCCGATTAATGGCTTGGTTTGGATGGGAAGTGAAGATTTTATGCGAACTCAGATTAAAGAAAAAATTAAGTCTGGTTTTAATTGCATTAAATTAAAAATTGGAGCTATAGATTTTCAAACTGAATTGAACATTTTAAAATCTATTCGTAAAGAGTTTTCTGTTTCAGATATAGAATTACGTGTAGATGCTA
NZ_CP058981.1_gap93	3998249	4001146	2897	TCTTCTTCATGGCAGTTAATAGCACAAGGAAAAACAATTACCGGTACTGTTACAACAGTTTCTGATGGTTTACCACTACCAGGAGCAAATGTTATAATTAAAGGAAGTACTAATGGTACTCAAACAAACTTTGATGGTCAATATACTATTAAAGCACAAGTTGGAGATATATTAGTATTTAGTTATATAGGTCAAAAAAGTAAAAGCGTAATTGTAGCCGAAACTTCAATCATAGATGTTTCCTTAGAAGATGATATAACTTTAGATGAAGTTGTTGTTGTCGCATATAGTACTCAAAAAAAAGTATCTATTCTTGGTGCAGTTACTAGTGCTAGAGTAAGTAAAGCGCAGTTAAAAAAGAGAGAAAAACAAAGATTTCACAATCAAATTTCTAATCAATTAGCAGGAAAAGTTAACGGAATTATTACTATTAAGGGGACTAATACTTTAGGTGCAACTAATGTATTATATATCGTTGATGGTGTTCCTATTCAGAAAAACTACAATGGTTTAATAGATAAATTAGAACCAGATGTAATTGAGCATATCAATGTTTATAAATCAACTAAAGCAATTGATATGTTTGGAGAATCTGCAAAAGATGGTTGTATAGTTATAACAACTAAAAAGGGAAATTACCGCATTCAAAATGATGAAGATTACGCAAATATTACAGAAAACAATTTTGAAACTACAGAATTAGATCCTTTATCAACGTTTTCAATTGATGTAGATAAAGCAGGTTATAGTAATATAAGACGCATGATTAATAATGGAGAAAACATTCCTACAGATGCAGTAAAGATTGAAGAAATGGTTAATTACTTCAATTATAATTATCAACAACCAACAGATAAACATCCTTTTTCTATAAATACAGAGGTTGTACAAACTCCATGGCATAAAGAAACTCAGTTAGTAAGAATAGGTTTACAGGGTAAAAGTTATAAAAATGATTTGCTACCTGCTTCTAACTTAACATTTTTAATTGATGTTTCGGGTTCAATGGGCTCACAGAATAAATTACCATTGCTAAAAAGTGCTTTTAAATTATTAGTGAATCAACTTCGTAAAAAAGACAAAGTATCAATTGTTGTTTATGCTGGTGCTGCTGGTGTTATTTTAGAACCAACATCAGGTGATCAAAAAGAAACTATTTTAAAAGCTTTAGATTATTTAAACTCAGGCGGATCTACAGCAGGAGGAGCAGGTATAGAATTAGCTTATAAACTTGCTGAGAAGAATTTTAAAACGAATGGAAACAATCGTGTAATCTTGGCTACTGATGGTGATTTTAATGTAGGGGCTTCAAGTGATAGCGATATGCAAACACTTATAGAAGAGAAACGAAAATCGGGTGTGTTTTTATCTGTTTTAGGTTTTGGATATGGTAATTATAAAGATTCGAAACTAGAGACTTTAGCAGATAAAGGAAACGGAAACCATGCCTATATAGATAATATGCAAGAAGCACAAAAGGTCTTTGGAAAAGAATTTGGTGGAACACTATATACTATTGCTAAAGATGTAAAAATTCAAGTAGAATTCAACCCTAAAAAAGTACAAGCTTACCGTTTAATAGGATATGAAAATAGATTACTAGCAGATGAAGATTTTGTAGATGATACTGTAGATGCTGGCGAATTAGGTAGCGGACATACTGTAACTGCTTTGTATGAAATTATTCCAACAGGTATCACAAGTGAATATCTTAAAAAAGTACCTGATTTAAAATATACAAAACAAGAAGTAGCTTCTAATTATGAAGATGAGTTATTTACAGTAAAATTTAGATACAAAAAACCAAATGAAGATAAGAGTATTGAGATGGTTCATGTTCAAGATACCAAAATAGCATTAGCTTCAAACGATATGAAATTTTCTTCAGCCGTGGCTTTATTTGGAATGCAATTAAGAAACTCTAAGTATTTTAATGGTGCTTCTACAGATAAAGTCATTGAATTAGCACAAAACGGAAGAGGAGGTGATGTTGACGGTTTTAGAGCAGAGTTTATTAGATTGGTTAAATCGTATAATAATTTACAGTAAAATATGTGTAAAAACAAAAAGCCCAATGCAAATGCATTGGGCTTTATTTATAATCTAATCTGTCAGAATTATTTTTCTTCAGATAAATTTTTCATTTCATTTTCAACCATTTCATAGAATTGGTCAATTTTAGGCATTACAACAATACGAGTACGTCTGTTTTTTGCTTTATTTTCAGCTGTATCATTTTCAACTAAAGGAACGTAAGAACTACGACCTGCAGCAATTAATTGTTGAGGGTTTACTTCTAAGCTCTCTAAAACTCTAACAACAGCAGTTGCACGTTTTACACTTAAATCCCAGTTATCTACTAATGGAGGCTTGTTGTATGGTACATTATCTGTATGAGATTCTACCATAGCTTCAAAATCAGGCTTGCTATTAATAACTTTAGCAACTTTAGCTAAAATTTCATTAGCTCTAGTTGTTACAGTATAACTTCCACTTTTAAATAATAATTTATCAGCAATAGAAATAAATACAACTCCTTTTTCTACATTAATTTCGATATCCGGATCGTTAATACCAACCGCTTTTTTAAGACTCGTTACAACAGCAAGTGTTACACTATCCTTTTTAGTTAAAGCGTCTTGTAAGCGTGTAATTTTTAAATCACGTTCTTTTAAGCTTTCTAAAGATTTTTCAAGATTTTCAGATCCTTTCTTAGTAAGGATAGTTAAATCACCTTTAGTGTCAATTAAATCTTGATTTGATTTACGTAAATCAGATAATTGATCTTTCATCGTTTCTACTCTTGCATTTGCTGCAGCGGCATCAGATAAGCAACTATTTAATTTTACAGTTGCTGTATTTAATAAATCTTGGGTTTCTTGTTGTTTTTCTTGAAG
NZ_CP058981.1_gap94	4024901	4028103	3202	GACTTGCTTTAATTTGGCTAAAATCATAATCACTATTTGTAGCACCAAAACCTGTTTCGTAACCTAAGTAAAGTGTTGGATAATCATCATTACTCACGTTATATTTAGCGTTAGGATAACTTAAATACTCTTGTCCAAAATTAATACGGGCATCAACGTTTCCTTTAATAATATTATGAGTTTGAAATGTAGCAACACCAAAGGCAGTTTCATTTAAAGGATTATTGCTTGTGTAAGCATCATTTTCATCATTAAAAAAGGTTTGATCTGTAGTATTAAAAAGTGTTTTTCGTCTTTCGTAACTTAGTCCGGCATATAACCTAAATCCATTAAAAAGCTCTTCAGAATAATTTAATGCTACAAAACTTTTATCATATAACTTTATGTAATTATCTTCAAAAAACAGGGTGCTAACGGAGTTAATGATTGGTTTAATGGGATTAAAAGGGCTAAATTGTTCAGCTGAAACACCACCAGATAACATTAAAAACGAATTACTAATGCTATTAAATTTATAAACTAATGAACCTTTTGCACGTAAGCGATCGTCTGAAAACCCATATTGAATATCTCCATTAACTCTAAAGTAACGGTTATAGTCATCATAATTTTTTGAATAGAATACATTAGCATTTGCAGTATAACCTTGAACCGTATTAAATTGAACTGCACTAAGAATTGGGATGTTGAATCCTAAGCGATAATCTTTATGAGAGTTTTGATAAGTATAACCAAGTATGTTTCCTACTTTAAATTTATTTCTTACTGCATCTATAGAATCTAAGTATGGTTTAGACTCACGTAAAGTCTGTATACTGTCTTTTTTTGTATAATCTGTACGCTCTTCATAAGTAAGAGGAACAGGTCTTATAGCATTCCAAAATAACGAATCTTTTTTATTGGCTTCTTTTTCATAAGAAACGATTTCTTTGGTAAAATCTTTTCTAGTAAGTCCGGTATTAAATTCATAATTACTATAAACAGCTGTAAAACGACCTTCGCCTTTAATACCTAAAAGCGCATATTTAAGATCCATACTTTGTGATATAACAGCCCAAATATCATTGGCTTCAGAATAAGAAAAACTTTGCTGTAAAGAAATAATATCTACCATTGGGATTTTGGCTTGAGACCCTGATATATCTAATTCAACAGCATAAATATCCCATTGATCTTCTATAATATAAATAAAACCAGAAAAAACAGGATCGTTTTTACGTTTCGGAATCACTTTTATTTTATTAATAAGGTTTCCTCTATCGTCATAAAACATACCTTCAAGCTTATATTTATAATAACCAAACGCGTTATTTGCAATAGGTGAAATAATTTCGTTACCCAAGCTAATTGTGCTTTTGTAGAAATTATAATCAACATCTAAAGCGCTATTAAAACTAAAGCCATTACTATCTCCACTAACTTTTGAAGCCGTAATTTTTTCTTTTAACTTATCAGGATTCAAAAATTGAATTTTAGAAATTGTTTCTGATAAATAAATAATCCCACTACGTGTAGAATCTAATACACCACCTAAATCACCGATGTCTTGACCCATTATTTTTTTGGGAGCATCAACAATTTTAAGCAATCCTCTTGAGTAGAAATCGGCTTTAAAGGATTCTATTTTTGCCAGATTAGCTTCTCTATTAACTATGGCTTGACGCATAATGTCGTTTGCCGGATCGTTTTCTGAATTAACAACAACTTCATTTAAAGAAACAGATTCTTCAACTAGAGACATATCTAATTGATATGGAAACTTAGTAATGTTTACTTCCTGTTTTACCGTTTTATAACCTAAATAGCTAAAAACAATAGTGTATGTTTTTGGTGTCGAAATATTTAACTCATAATAACCATCGTCATTACTTGTTGTCCCTTTATAGGTGTTTTCTATCAAAATATTTACAAACGGAAGTGGCTCATTGTTTTGATCTGTAATATTTCCTTTTATTTGAGCGGAAACAAGTGTGGTAAAAACAAGAAAAAGAATACTGAGTAGTTGTTTTTGCATAGTGTTATGTTGATTGATGAATTTTATAGAAACGTTAAGGCACGAATCATTCTGATGAGAGCATCAAAAGTTATGCCTTAAAAATATCTAATTTAAATTAATCCTTAATATCATGAATAAGGACTTTATAAATATAGACGAAAGTTTAAAGCAAATGGTTGCCTGAGTTAAATAAAACTTAGGCTAATATAAAATGTGGAGTTGTGAAAGAATTGTAAATTCTTAGAAATTTTTCTTAACGCGGTCTAAATCTCTTTTGTTATCACGATCTTTAATCGTTTCGCGTTTATCGTAGAGTTTCTTACCTTTTCCTAGTGCAATAACAAGTTTAGCTAAGCCTCTGTCGTTAAGAAATAAACGCATTGGTATAATGGCGTTTCCTTTGATATTAACTTCTTTTTCGAGCTTTTTTAATTCTTTTTTATTCAATAATAATTTACGCTCAGCCTTAGCTTTATGATTGTAATAACTACCAAATTTATACTCTTCAACTGTCATATTAATAACAAAGAGTTCGCCTCGCTCATTAAACTCACAAAAACCTTCAGCAATGGAAGCCTGACCAGATCTAATAGATTTGATCTCTGTACCAGAGAGTACAATACCTGCTGTGTATTTGTCCAAAATTTCATATTGAAACTTGGCTTTTCTATTGAGTATGTTAATGTTCTTTTGCATGGACGGCAAAGATAAGAAAGTAAGTTTGAAGTTTGAAGCTAGAAGTAAACAAAAATTTAAGATCTAAATCGTTTGCTTATCTCACAGATTATATTCCTTTAAGTCGATTTTGTGATATTTCTGTAATCAAATCTTTAATTTTGCGACATAACTATTCATAAAAAGAATATTTAAGATGAAGAATTACCTTTTACTTATCAGTTTTGTAGCCATTTTTGCTTGTAAGAATGAAAATTCAAAATTAGAAAACACTAAAGTTATTGAAACAACTAAAAAGACCTTAACGGCTAACGATATTATTGATGAATCTATTGCTGTTTCTGGTGGTGAGCGTTTTACAAGTTCTAGTCTTAAGTTTGAATTTAGAGATGTCTATTACCAAGCATTACGTAAAAATCACGAATATTTACTCGTTAGGTTAACAGTAAAAGATAATGATTCTATATTCGATATGTTAAGTAATGTCGGGTACGAACGCTATAATAACTCAGAATTTGTTCAACTTGAAGA
NZ_CP058981.1_gap95	4032598	4033312	714	GTATTCTGAACGTTTTCTACAACTTCTTTCTCAGATTTCCATTTAGCACTAAGTTCATTACGTTCTTCTTTAAGATTTGCTAAATCAGCTTTTAAGCTTTTTAATTTAGTTTCATCTTTTTCACGTTTAATAGCCTCGTGTTCAATTTCTAATTGCATTATTTTACGATCAAGAACATCTAACTCTTCGGGTTTAGAATTAATTTCCATTCGTAATTTAGCTGCAGCTTCATCCATTAAATCAATAGCTTTATCTGGAAGAAAACGGTTATTAATATAACGTTCCGATAATTCTACAGCGCCTATAATTGCTTCATCTTTGATTCGTACTTTATGGTGTGCTTCGTACTTTTCTTTAATCCCTCTAAGGATCGATATCGCACTTTCTGTATCAGGCTCGTTAACAATTACTTTCTGAAAACGTCGCTCTAAAGCTTTGTCTTGCTCAAAATATTTTTGATATTCATCTAAAGTGGTTGCTCCAATGGCTCTTAATTCGCCACGCGCTAAAGCAGGTTTTAAAATGTTTGCAGCATCCATAGCTCCTTGGCCACCACCAGCACCAACAAGCGTGTGAATCTCATCGATAAATAATACAATATCTCCATTACTTTCGGTTACTTCTTTGATAACAGCTTTTAATCGTTCTTCAAATTCACCTTTGTATTTAGCTCCAGCAATTAACGATCCCATATCTAAGGCAAAAATTTGTTTG
NZ_CP058981.1_gap96	4140847	4141347	500	TTAGACTGTCTTTGAATTCTGCTATGGTGATGTTTTTTTTAGAATGCTCTAATTGATCTAGTTTTGTACTATATTCCATTAGGCGATCTAAAAAAAGATATAAATACTCCGTTGATTTTAAGATAAGCTCAATAAGTCCCACACCTTCCTTGTCTAATTTACTTCTGTAATCCGCTAAAAACATACCTGCGAGATTTGAAATATTTGAAAGCGGGGATTTAATATCGTGTGAGGCAACATATGCAAATTGCTCTAAATCTAAATTTTTTTCCTCTAATTTTCCAACCAAGTCATTTAACTCAAGGTTACGTTTTCTAAGGGTTAATAAATTTATGACTTGTCGCGATAACGCATCAAGAGCCTCTTTCTGGCTAGCACTTAAAACTCTAGGTTTAGAATCTATAACGCAAAGTGTACCTAGCGGTAAACCACTATCTGTTTTTAGAGTGACACCTCCGTAAAATATAACATTTGGTGCATTAACAACTAAAGGATTATCA
