gap_id	start	end	length	sequence
NZ_CP109619.1_gap1	2679	3342	663	AAACTTATGGAAGCGGTCTTCTTAACCAGAGACTTGGTAAACCAGCCGGCAAATGTAATCTATCCTGAAACTCTGGCTAAAATTGCCAAAGAAAAACTTGAAGCTAAGGGTGTCAAGGTTACAGTCCACGGCAAAAAAGAAATTGAAGCCCTCAAAATGGAAGCCTTCCTCAACGTAGCCAGAGCAAGCACCAAGGAACCCAAACTCATTGTTATGGAATACTACAATAATCCCGGCTCCAATGAAAAAATCGCTCTTGTCGGTAAGGGTTTAACCTATGACAGCGGCGGATACGCCATTAAACCGGCTACAAGCATGGTTGATATGTTTACGGATATGGGTGGCTCAGGTACGGTCATCGGAGCAATGCATGCACTGGCCGACCTCAAAGCAAAGGTAAACGTTGTCGCTGTTGTTGCTTCTTGCGAAAACATGATTTCGGGAGACGGCTACAGAAACGGCGATATTATCGGTTCAATGAGCGGTAAAACCATCGAAATCATTAACACCGATGCCGAGGGTAGATTAACCTTAGCTGATGCCGTTTATTACGCTACCAATAATTTGGGAGCTACAAAGCTGATTGACCTTGCAACCCTCACCGGAGCCTGTGTATCGGCTCTTGGCGAACAGGTCAGCGGCGCAGTTACAAACAACGATGAG
NZ_CP109619.1_gap2	7919	10486	2567	AATTTTTTTAAACGGGCATCGGGTAAACTTACAATTCCTACATTGGGGTTTATTGTACAAAACGGATAATTAGCAGCCTCAGCCGGCGCACTTGTAAGAGCCGAAAATATAGTCGATTTTCCTACATTGGGTAAACCCACAATTCCGCAATTTATAGCCATATCTCTTCCTCCATTACTGCAAGTTTAATTTTCCCAAATAAGATATTCGGGGCTGTAAACATAGATGCCTTTTTTTGATTTTAAATTTAAAAAGTCAGTGAAAGCTTTGATATCTGCAAAGTTCATCTGCGAAAGCGTCGAAGCATCAAGATCTTCTAAAATACTTTTTATCAAGGCTTCCGTAAAAGGTAGGGGCTTTTTTATTTCTTTTACGGAATATTGTCCGCTTATGTTTGCAAGCTCTGCAGCATATTTTACCGCCTCGTCTAAAGAGCCTAAAGCATCAACCAATTTTAAATTTAAGGCCTGTTCACCTGAATAGACACGTCCGCCGGCTAATTCTTCAACGGTTTTTTCCGGAAGGTTTCTTCCCCTTGCAACGGTTTCGATAAAGGTCTTATATATGTGCATAACTTCCATCTGCCTTACCTCTTTTTCTTCAGGAGAAGGTTCTTCTAAAACGGAATATGAAGGCTTTTGTCCCGAATAAACCAAATCGCTTGTTATACCCAGATATTTTTTAACGGCTTCTTTAAAAGATGGAGCTGTAGCCAATACACCGATTGAGCCGGTAATTGTGTAGGGGCTTGCAAAAATATAATCTGCAGAAGAAGAAATCCAATAAGCTCCCGAGGCGGCAACGGACCCCATGGAAACTACAACAGGTAAACCTGAGGCTTTAGCTCTGTCTATTGCGCGTCTTATTTCTTCCGAAGCAAAGACCTCTCCTCCGCCTGAATTTACTCTTACAACGATAGCTTTTACAGTCGGATCTCCTTGAGCAATATCAAAAAGATCTACAATCTTGTAACTTACGGCAGAGTCATCTATACGCCCTGTACCGGTAGAAGAGATTGCTCCGTTTATATGAATAACGCCTATCGAATTTTGAGAGGGCATTTCTGCAAAGTTTGCATTATATGAATCATAGCCTATTGTGTTTACGGTTACCGAAAATGTTTTACTATCGGCAAAGCCTATGTTTGCAGCAAATTCATCGACTGAGGCAATATCGGTAACAAAGCCTTCTTCTAAAGCGGCCTTCGCTCCGTTTCCTTCATATTTTTTTATAAGAGCATTATTGTTTTCGGCGAAAGCCCTAATTTTTTCGGGCGGCATATTTCTGTTTGCTGCAATATCCGAAGTGTACTTATTCCATAAATCATCGAACATGGATTTTAAATTGGATCTTACATTTTGAGAAAGATTATCCCGCGAATAAGTTTCTGCCATACCCTTGTAGGTTCCGGCCTGTATCACATTCCACTTGATGCCGAATTTTTCTTCCAATCCTTTAAAAAAGACCGGACGGGAGGCAAAGCCTGCAAAGGAGACTTCTCCCAGCGGATCAATTCCTATACGGTCTGCATAGGAAGCTAAAAAGTAAGAAGGAATGGAATATCCTACAGCATAGGCATATATTTTCTTACCGGAATTTTTAAAGACTTTTAAAGCGTCTCCCAGTTCACTTAAGTGTCCTGATGAGAGGCCTCCCAATTCCGAGAAGTCCAAATAAAGGCTTGTTATCCGTCTATCGAAGGCCGCATTTTTTATCGCCTTTACAAGGTCTGAAACGAGGACTGCCGATTTTTTTCCAATTGCGGGAATGCCTGCGGAAAAAATATCCGATTCCTTTTCTGTAAGAACTCCGGAAGGATTTATCATTAGTACAGCCTCATTCGGTACACGCTCTACTGTTTTTGTGTTAGAGGGTATGCTGCCCATAACCCCCAAAAAGGAAAAGAAGAAAAAAAAGAAAATGATGTTTATTATTATCAAACGTAAAATATTTATTCCACGAAAAAACGCCGTAAAACAACCCGGACGCTTTTTTTGTTCTTGGTTTTCCTGCATGTTTGTCTCCTAAAAATACAATTTAAGGTATCATCATAGCAAAAAACCGGTTTTTTTTCAACTAAGAACGATTTTGGAAATCTTTATGGCAAAGAATATGATAACGGCACTTCCCTTTTTATTAAAAAAAATATACTCTATAAAAATGGAAAAATATTCTTTTCAAAATAGAACGCATAAGTTAATAGCGGGGATTTTTCTTTTTATCGGTTTTTCGTTTTTTTGTTATGCCCAAGAAATTCCTGCAAGCCCGTCGGATTCAGATAAGATAAAAATCTTTAGCTTGGAGGAATGTAATTCTCTTTTCGCAGAATATTATAGAGCCGGTTCTATCGGTGATGAAGATTTGAAAATCTTAACAGACGGAAAAAATATTCTTACAGATTCTCTGGAAAAAATTCTTTTAGAGAATAAAAAAAACAGGGATATAAAAAAACAAAACGAGCTCTTAATTTTATATCTTAAACATGCCGAGATTATTTCTACCATTTATAATTACGGCAGTATGAATCATCAAGGTGAGGAAATAAAAAAGATAGATAAGGATTTAAA
NZ_CP109619.1_gap3	15260	20018	4758	GTTTTAAAAATATTTCTGAAGAATTAAGTATTGTTTTTGATATTTTTAAAAATATATTTTTGTTTGGAAAAATAATTAGATTGATAAGCAAAAGAGCCGGATTAACTGCGAAAATCATTTCAAACCCTGCCCGTACTTTGATTATTTCTTTTTTTATGGTAATAATCATCGGCAGTTTTTTACTTATGCTTCCTGCAGCATCTGCAAAAGGCTCTCCCTTAAATTTTTTAACGGCACTTTTTACGTCTGCTTCCGCCGTATGTGTTACAGGCTTAAGTGTTATAGATGTTTCTTCCGAACTTACCATAGTCGGAAAATTTATTCTGATTGTTTTAATTCAAGTCGGAGGACTAGGCATAATGGTTTTTTCATTTTTCGGAATGCTTGCCTTCCGAAAAAAAATGACGGTCAGTGAAAAGCTCACAATTTCTTACATGGTCAGTGAAGATGACATGTCAAATCTTTTTAAAACATTAAGAGTAATTGTTTTATCTACATTCTTTATAGAAGCCCTAAGTGCTGTATTTTTATTTATAGGGTTTTCACGCATTTTAGGCTTCAATCTTAAAACCTTGGGCTTTGCATTATTTCATGCAATATCCGCATTCTGTAATGCGGGCTTTGCTCTTTTTTCAAACAATTTGGAATCTTTTACCTCCGATATTATTATCAGTTTAACAATAGGCTTTACCATAATTTTAGGCGGAATAAGTTTTGCAGTTATTTATGATGTTTTAGCTAAGGTTAGGACAGATATAAAAAATACATTTTTAAAGAAAAAGAAGACAGATTATTTAATTTCGGTAAATACAAAAATGATTTTAAGCCTTACGGTTTTTATTCTTTTTATTTCTTTTGCTCTTTTTTATTTACTTGAACATCGCAATACTATGAAAGAGATGTCTTTGGGAACTCAATACCTTGCAAGTTTATTTCAAGCTATAACATTGCGTACCGCAGGTTTTTCTACGGTTTCCTTCCTTAATTTAACGAATGCAAGCTTGCTTTTTATGATATTTATAATGTTCATGGGAGGAGCTGCAGGAAGTACAGCCGGAGGAATAAAACTGAACACAATTGCAGTGGTCTTTGCTTTTTTTAAATCTTTTTTAAAAAATCAAAAAACGGTTGTAATCAAAAATGTTTCGGTGCCTGAAGAACAAGTAAAAAAAGCTTTTTTAATTTTCGGTTTCGGACTTGCGGCAATTTCAGTTGGAATTTTTTTATTAACAATTACCGAAAGCCTTCCTTTTTTAGCATTGTTGTTTGAAACCGTTTCGGCCTTTGCAACCGTGGGGCTTTCTACAGGAATAACGGCAGCGCTTTCACCGGCCGGTAAAATAGTAATAATAATCTTAATGTTTATCGGAAGAGTAGGCCCCTTAACTTTTTTAACTGCGGCCGGTAAAAAACAAAAAAATGATGATATAGAATATCCTTATGGAAATATAGCAATAGGATAATGGGAGGAAAATATATGGAAACAAATAAAAACTTTGCAGTCATAGGTTTGGGAGAATTCGGTTCAAGGATTTGTGAAGTTCTTGTAGACGGAGGTGCTTCAGTGGTTGCCTTCGATCATGATATTCAAGCCGTCGAAAGAATAAAAAAAATCGTTCCGGCAGCAATGCTTGTAGAAACTACAAATGAAGAAGCTCTTTTAAAAGCCCCTTTGGATGATGTAGAAGTCGCCATAGTCGCCATCGGCAATAATATAGAAGCAAGCGTTTTAACAACTACTCTTTTAAAGCAAAGAGATATTCCCTATGTTTTAGCGCGTGCCGTTTCACCTCTCCACGCAACAGTTCTACGAAGGGTAGGAGCAAACGAAGTTTTAAATATTGAAATATCGGCAGCAACAAGAATTGCGAGGCGGCTTATTTCTCCCGATGTAATGGACTCAATTGCAGTTACAAAAGATTTTTCGATAAGAGAAATCATTGTGCCGAAATTTTTTATAGGAAAAACAGTCGGTTCCGTTGCTCTAAAAGAAAAATTCAATATTACTTTGATTGCTCTTGTTAGAATGGCTTTGGATATAGATTCTGTCGGTAATCCTGTCAAACAGGAGGTTATGCACTATCCGGAAGATGATTTTGAGTTGAGAGAGGGCGATAAACTTTTTTTGATAGGCTCAAATATAAAACTTGAAGAATTTAGAAATATGTAACGGGGCAAATATGATTTTTATTGAAAAAAAACTATTGTTTATAAGTTTAGTAATCTCATTTCTTTTTATGATAATAACAGCTTTTTGGGCATATAGCGTTGGTATGAGAATCCCTCTCAAAGGAGATTCCGAATTTGTTTTGTTTTTAGGCTTTATATTTTCAGGTTTGCAACTGATCATAACTATCAATATTATAATAGGCGCAATAAAAAAGAAAAAAGATTTTTTTACTTTAATGGAAACTATAAGAGCCGGAGGAATTTTATCTCAAGAAAAAATAAAAAAGCTGGGTTCGGCAGGGTTTGCTTTACAAGAAGCCCTTGAAGCTTCAAGCACAATTACAGCACAAAAAAGTTTAAAAATCGCGAGTCTTAACGGATTGATGAGAAGCTTGATTAGTATGATAGATATACCTATTGTTGTAGTCAACCTTAACGGAGAAATTATAGATGCCTCTCAAAAAATCAAAACGGAAAAAAATTATAATAAAGATTTAAATATTTCGGACCTTATACCTCAAGTAAATATCAGAGAAGCCTTTAAGGAAGCATCAATAAGTCATCTTCCTGTAGAACAAGGGGACAATCTTTTAATACCTGTCTTTTCAACACTAGGCGATATAACATATTTTTTAATTGATACATCTAAGCATGGTGCTTTAACTAAATTTATCAACAACTTTATACCGCCTCAAAAGGAAGAATCTGCTAAGCAGGCAAAAAAAGGATTTTTTAAAATTTTAGGAACCTCTAAAAAATCTTAAGTTTACAACCGATAAACTCCGTCTAATTTTGAGAACATATATCTTGACAATATTATACCATATATAATATTATATTATATATATTATTTTTTAGAAAAGAGGGTGTTTATGTTTAATGGTGCTTTATATTATTTTGCTATGTGTTGGCGGCTTGACAAACGTTTTCCTGTTGTCATTTTATTAAAAGAAATTTTAAATGCCGTAAAAACTGTAATGGCGGTGGTGCTGCCTAAGTTCATTATCGATGCTTTGTTTACAACACAAAATAAAGAAGAAGCTGTTAGGTTTTTACTCATATATGCCGGAACCTTATTTGCAATAAGTCTTATAACTGCAGTTTTAAACCGCTCTACAATTATTTTAAAAAGCATCTCCTTTCAGCGATTTCAAGCCGATATAGGAAAAAAATTAATGCAGATAGATTATGAACGGCTTGAAACTCCCGAATTCTTAAACTTAAAACAAAAGGCGGATCAATATGCATATTCAGGCGGTTACGGATTTGCCGTAATCTTAGAAGACTCCGTCGGTTTATTCGGTAAACTGCTCACTTTTGCAGGTCTTATCTCCGTTATCGCAATGTTAAGCCCTTGGCTTGTACTTGCAGTTATCATAATTGTAGCTCTTAATTCTTTGGTCTTTGCAACAACAAATAAACATGGGATAAAATACCGCATGGAACAATCCGTGCAGGAAAGGCGTATCGGCTACTATTCTAAAAAAATGGAAGATTTTCAATACGGAAAAGAAATCCGTACTTATAATTTAGCTCCGTGGTTTTTAGAAAAATACAATCAGCAAATTAAAGTGCTCGGAAAATTTTATAATAACATAGCCAATACCCGTTTTATAAGCGGCGCCTTTAATTCTTTTACCTTTGCCGTTCAATTAATCATAAGCTATTTTTTTGTAATTAAGCAAACATTAGACTCCACTCTTTCGGTAGGAAATTTTACAATGTATCTTGCAGCAGTAAGTTCGTTCGCTTCAATACTATCCGAAATTATAAAAACCGTAGTTCAGCTTTCGCAGTTCAACACTTATTTTGAAGCTTTTAAAGAATACATTAATGTGCCGTCTATGGAAAATACAAAAGGCGGAAAGCCTATTTTACCTGAAAACTTTGACATTGAATTTCAAAACATCTCTTTTAAGTACGGCACAAGCGAAAAGTTTGCCTTACAAAATGTAAATGTAAAATTTAATTCCAAAGAGCGTATAGCCATAATAGGAGAAAACGGTGCAGGTAAATCAACCTTTGTAAAACTTTTAATGCGCCTATACGAGCCTACCGAAGGCAAAATTTTAATTAACGGTATCGACATAAAAGAAATAGACTATAACCATTATCAAACTTGGTTTGCCGCCGTCTTCCAAGATTTTAAACTTTTTTCTTTTAGCATAAAAGAAAATATTACCTTCGGGAATGATAAAACCGAAGCCGACAAAAAGCGTTTGGAAAATATCGTTTCGGCATCGGGCTTAAAAGAAGTTACCGATAAATTGGATAAGGGCTTAGAAACTTTGGTGTACCGAGACTTTGACGATGCAGGTTTTACGCCCTCAGGCGGAGAAGGGCAAAAGATTGCAATAGCCAGAGCCGCATATAAAAACGCTCCGATAGTTATTTTAGACGAGCCGACAGCAGCTCTAGACCCAAAAGCCGAAAATAAAATCTATGAGCAGTTCGATTCTTTTTTTGCGGATAAGTGTTCTCTTTATATTTCGCATAGAATGGCGGTTACAAAATTTTCGGATAGGACTCTTGTATTCGACAATGCACGGATTGTCCAAGACGGGAACCATGACACTCTTATAAACCAAG
NZ_CP109619.1_gap4	31855	35061	3206	GTAGAAAAAAATAAGTTATAATTTTGAGTAACTAATAAAAAAAAGGCTTAACCATGTTAAGCCTTGATGCTCCACAATGAGCGGTCCCAAAAGGGACGATTTTGATGAATTCTTATTTGAACTCGTTGTGTAATTTAAGATGGATCTTAAATTGTGTATGCTGTTATTATAATACTTTTTAAAGGAATGGTCAAGGTATGAAAAAGGAAATTAAGGATTATTTTCTCGGATTGGATGTAGGAACCGGATCGGTTGGTTGGGCAGTTACTGATACTGACTATAAACTCTTAAAGGCTAATCGTAAAGACCTTTGGGGAATGAGGTGTTTTGAGACGGCGGAAACTGCGGAAGTGAGAAGGCTTCACAGGGGGGCTAGGCGCCGTATTGAGAGAAGAAAAAAAAGAATAAAGCTGCTTCAAGAGCTTTTTTCCCAAGAAATTGCAAAAATAGATGAGGTTTTTTTCCAAAGAATGAAGGAAAGTCCTTTCTATGCAGAAGACAAAACCATATTACAGGAAAACGCTCTTTTTAATGATAAAGATTTTACCGATAAAACCTACCATAAAGCCTATCCTACCATAAACCATCTGATAAAGGCTTGGATTGAAAACAAGGTAAAGCCCGATCCAAGGTTATTATACTTGGCTTGCCATAATATTATAAAAAAAAGAGGTCATTTTTTATTCGAGGGCGATTTCGATTCAGAAAATCAGTTTGATACTTCTATACAAGCCCTTTTTGAATATCTGCGTGAAGATATGGAAGTCGATATTGATGCCGATAGCCAAAAAGTAAAAGAGATTTTAAAAGATAGCTCTTTAAAAAATTCCGAAAAACAAAGCCGTCTTAATAAGATGTTAGGACTGAAGCCCTCCGACAAGCAAAAAAAAGCTATTACTAATTTAATATCAGGCAACAAAATAAACTTTGCCGATCTTTATGATAATCCGGATTTAAAGGATGCGGAGAAAAATAGTATATCTTTTTCGAAAGATGATTTTGATGCTTTGAGTGATGATCTTGCTTCCATTCTAGGAGATTCTTTTGAGCTTTTATTAAAAGCAAAGGCTGTATATAACTGCTCGGTTCTTTCCAAGGTAATAGGCGATGAACAGTATCTTTCTTTTGCAAAGGTAAAAATATATGAAAAGCATAAAACCGATTTGACTAAATTAAAAAATGTTATAAAAAAGCATTTCCCAAAAGATTATAAAAAAGTATTCGGATACAATAAAAACGAAAAAAATAACAACAATTACTCCGGATATGTAGGCGTATGTAAAACCAAGAGTAAAAAACTAATTATAAACAATTCTGTAAATCAAGAAGATTTTTACAAATTTTTAAAAACTATCCTTTCAGCAAAATCCGAGATAAAGGAAGTAAATGATATATTGACCGAAATTGAAACAGGGACTTTTTTACCTAAACAGATATCTAAAAGCAATGCGGAGATTCCTTATCAATTACGCAAGATGGAGCTGGAAAAAATATTAGCAAATGCGGAAAAACATTTCTCTTTTTTAAAACAAAAAGATGAAAAAGGTTTATCTCACAGTGAAAAGATTATAATGCTTTTAACATTTAAGATTCCTTATTATATTGGGCCTATAAACGATAACCATAAAAAATCTTTTCCCGATAGATGCTGGGTAGTAAAAAAAGAAAAGTCGCCTTCCGGTAAAACTACTCCGTGGAACTTTTTTGATCATATCGATAAAGAAAAAACAGCTGAAGAATTTATTACAAGCAGAACCAATTTTTGCACATATTTAATAGGAGAATCTGTTTTACCCAAAAACTCTCTTTTATATTCCGAGTATACCGTTTTAAATGAAATCAATAATTTACAGATTATCATTGATGGAAAAAATATCTGCGATACTAAACTAAAACAAAAAATATACGAAGACTTATTTAAAAAATATAAAAAAATCACACAAAAACAGATTTCAACTTTTATCAAACACGAAGGTATTTGCAATAAAACGGATGAAGTAATTATTCTAGGTATCGATAAAGAGTGTACATCTTCATTAAAATCATATATAGAGCTTAAAAACATATTCGGAAAGCAAGTAGATGAAATTTCTACAAAGAATATGCTTGAAGAAATTATACGATGGGCTACTATTTATGATGAAGGAGAAGGTAAAACAATACTTAAAACAAAAATAAAAGCCGAATATGGAAAATATTGTTCTGATGAACAGATCAAAAAAATTCTAAATCTTAAATTTTCGGGTTGGGGCCGATTATCACGCAAATTCCTTGAAACCGTCACATCAGAAATGCCGGGTTTTAGCGAACCGGTAAATATAATAACTGCAATGCGGGAAACTCAAAATAATTTAATGGAGCTGCTTAGCAGTGAATTTAAATTTACTGAAAATATTAAAAAGATAAATTCGGGATTTGAAGATGTTGAAAAACAATTTTCATATAACGGCTTGGTTAAGCCTCTGTTTCTATCGCCATCAGTAAAAAAAATGTTGTGGCAGACTTTAAAACTTGTAAAAGAAATATCGCATATTACCCAAGCCCCTCCTAAAAAAATATTTATCGAAATGGCAAAGGGTGCAGAGCTTGAACCTGCGAGGACTAAGACAAGATTAAAAATTTTACAGGACTTATACAGTAACTGTAAAAATGATGCGGATGCTTTTAGTTCCGAGATACAATATCTTTTAGGTAAAATAGAAAATGAAGATAATTTAAGGCTTCGCAGCGACAAACTTTATCTTTATTACACGCAGCTTGGAAAGTGTATGTATTGCGGTAAACCGATTGAAATAGGGCATGTATTTGACACAAGCAACTACGATATAGATCATATTTACCCTCAATCCAAGATTAAAGATGACAGTATAAGCAATCGGGTTTTAGTATGCAGCAGCTGCAATAAAAATAAGGAAGATAAATATCCTTTGAAGTCTGAAATTCAATCAAAGCAAAGGGGCTTTTGGAATTTTTTACAACGAAATAACTTTATAAGTCTTGAAAAATTGAATAGGCTAACAAGGACTACTCCAATCTCGGATGACGAAACGGCAAAATTTATTGCCAGACAGCTTGTAGAAACAAGACAGGCGACCAAGGTAGCTGCAAAGGTATTAGAAAAAATGTTTCCAGAAACTAAGATTGTTTATTCTAAAGCTGAAACCGTATCAATGTTTAGAAATAAATTCGATATTGTAAAATGCAGA
NZ_CP109619.1_gap5	59399	61491	2092	AGAACCTTCGGCAAGTTTTCTAATTTCGTCGGCAACAACCGCAAAACCTTTACCTGATTCGCCTGCATGGGCTGCCTCTATTGCAGCATTCATTGCCAAAAGGTTGGTTTGACTCGCAATATTTTGAATGATTTGGCTCGCCTCAAGAAGAGAGGCCGATTTTTCGGCGATTTGCTTTACAATCTCATTTGCAGTTCTTGCCCCGTCTTTACCGACCTTGGTTTGTCCGTAGACTGTTTTGATCAGTTCATTATTTTGGCCAAGTGTTTTAGCTATTTTAACGGTGTTTTCCGCCATGCGCGTAATGACCACAGAAGATTCGTTGATACTTTCGGTTTGCATTTCGATACTTGAAACGAGCCGGCTAAGACGTCCGTTGATTTGCTCCACAGTTGCAACGGTTTCGGTAACGCCGGCAGCCTGAGACATAGCTTTTTCTTTTACGCCTTTAACATTTTCGCCTATCTGTTTAATTGCAGCTGCCGTTTCTTCCATACTGCTCGACAGCTGAGACCCGATAGAGTTCATTTTATCGGCTTCATCTTTTAAAAGGCATATCATTGTATGATTATTTTCGATTGCGGTATTGAGGTTCATCATAATACGCCCAACTTCGTTATTCTTTTTTACTGCCAGCCTGTCGGTAAGGTCGCCTGATGCAATTTTGCCGAAAACGATTTCAAGCCGCTTAAAATAGCGTTTAAGAGCACCTGCAAAAATAAAGGCTAATGTAAAATACAGGACAAACATAAAAAGGCCGATAAGAATCATATTTTTTAAGAGTGTATAAAAAAGCGAAAGTATTTCGTTTTGTTCGATAAAAAGAGCTACTTTCCAATTAACTTCGGGAAGTGAAAAGACCGATACTTTCCATGTTTTTCCGTCAAGCATAATAAAAGCCGAACCCTCTTTCAGTTTGTCTATTTCGTTAAAGGCAGGAATGTCTGTTTCTTTTAATGTTTTTAGATTATAGTCTGTATGTTTCGGATCGGCTAAAATTAATCCGTCGTTTTGCATAAGCATACAATAGCCCGTCTTGCCGATACGGATGCTGCTGATGCGTGAAGCCAAATCCGTAAGATCTAAGTCAAGACCGATGCAACCTAAAAAAGAACCCTTGGAATCTTTTATTGCCCGAGCCAATGCTACGACGGGGCTGCCGTCTGTCGATATATATACCGGCGTTATTATAACATTTCCGTTTGCTTCCGCCGCATTTTTATACCAAGGTCTGGTACGCGGGTCAAATCCTTGTTCATCTTCATCTGACCATGAAGTTACGAAGCCTCCCCAGCGCGTGCCCATATATATTTCTTTAAACTCTTCATAATTTTTATCCATACGAACGAAGAGTGCGGTTATATCCTGTTCCGTTTTGCCGTTATGAGTATATACAATGTCTTTTCTTTCGCCTGTATAGTTATACAGCGTTTCATCGGCATTTTTGACGGCGGGATTCTCAGCAAGCATAGTAACGGCATTTTTTCCGTTCCGGATAAAAAGGGTTATGGATCTTTCAATATTGGAAAATTGCTGTGCAGTAAATTCATCAAATTGGGTAATGTTCTTTTTATATAGCTGAAAGCCCACAACCGCACAAATAACGGCTACGATTGAAATAATTGTTATTGTAATCGCCCGTAAAAGGCGAGCCGTGATAGATGCAGTTTTTTTTCTTACAACACTGTCCTTAGTTTCTTGGGTGGCGGGTAATGTAACTTTTTCTTTCATTTTGTCAAATCCTTTTTTCTATTATTTTTTTCTATTATATAGAATACGTTAATTATATCAAGACTTTTATTTTTCTGCAAGCCTCTTAAAGCGGGTTGATATTGAATTTAAGTCAATAGGGGGGAGGAAAAGAATTATTATGATAATATCAGCCGCTGCAATTATTCTATGAATAAATTATAAAATATTCATTGACATAAAATAAATATTTTGCTATACTGGCAATGAATAAAAGATAGAATATTCATTGAGATATAAAATAAAAACATACTGAGGAGGGGATGGTGGCAAAAGCATTTACCGAACAAGAAAGAATCGAAATAAAAGAAAAGATATTGGAAGCGGCACTGGAGCTATTTCA
NZ_CP109619.1_gap6	116318	119588	3270	CGACCTTTTTTTGCACAAGGGCTTCCGATAATCTGAATACTAAATTGGAATTTATAAAACCGCAGATTGAAGATGCGGAACTTCTCTGTCCTATGGAAATAGAATACAATGAATCGGAAGTATTGGCGCCCGGAGTAAAAGCCTCTCACGAATCATGTCTAAAGCTATTAAAAAAAAGAATAAACAACCATGCCCTATATGCAGTAAAAAAAGACGGTAAGTATATTGCAAAGGCCGGAATAAACGCATCCGGTTTTAGATGGAATCAAATAGGCGGAGTATTTACAATTCCTGAATATAGAAATAAGGGTGTGGGAGCTGCAAACATGATGATGCTGACAAATGACTGTTTCCAATATAACAAAAAGTGTGCTCTTTTTGTAAAAATTAAAAATCCGGCAGCAAGGCAAATGTATAAAAAAATAGGATTTGCCGAATCCTGTGATTTTAGAATTTCATATTTTTAGATTTGTCATCTAATTTTTAAAAGAGTTTATTTTAAAAATTTGCTAAAAAGAACATTGCAAGCAAAGAAGCATATCTGGCCTTTTCTTCAGATATAATTTCAACCTTTGAAAGACGAGTAACATAATACCAAAAAAATCCGAAGTCGGGATCAATGCGGAAGGCATACTCCACAAAAGAATCGGTTTTTACCAAATCTCCAAAAAGAAGGGTAACAACATCATGCAAAATTGCAAAGCAATCTTCAAACGATTCCTTGTATGCGGCAGAATGCTCCGAGCTTATCAGTTTTTCACATAAACAATTTATCCTGTACAAGGTATCTTCTTTACATTCTTCATCATCTTTTTCAACCCAAGTTTTTTGTACAAGAAGCTGAATGTTTTTCCTAAAACTTTCTATCAAGTTTTTTTCGGCATCTACATTGGTTTTATCCGTATAAATTTCAAAAGAAGCGCCTCGGCCGAAGGCCTTTGATATTTTTAAAGCCGACGCAGCAATTTCATTATCGGCAGCATCTATAAATTTAGGAATTTCAAGAACTGCTATATCTTTTATTTCGGGAGACATCAAAAATTCATCACTAAATATCGGATCAACCATGGCTATACCTTGCTATTTTATCAAGATTTTGTCAATACCTTAAAAGCATTTTTTAATTACTTTTTTGAAGGAATAGGATTTTTCCAATACCAACAATCCGTATATTTCTTAAAGAAAATAAGAAACCTTATGATTATTCTAACTAAAAGATAAACAATTTGTATAACTTGAATAATCATAAAATAGTCAAATGCTACAAAATATAGAATACAGCTGATAGGAACCAAAAAGTCGGGGAATGATTCTTTTACTTTTTCTGCTGTAGCCGATAAAACCGATTGGATAAACAGAACATTATAAAATGTAATAATTACTGTTTGCACAAATATCGGTGCCTGTACTTTCCAAACTAAAACGGCGCCTATGAGGGCAGAAAAGAAAAGATGTAAAACTAAGCGGATGCTTATTTTTTTTGTCTTAAAAATAGCTATAAGACCTGTAAGCCAAGCTGCTCCAAAACCCATAAACATAATTATGTATGGAATACTAAACGTAAAAAAAATATTTTTTAAACTGCTCTCTCTCATAAAAGAAAAAGAAGCAAGGGCAGCCATAATTGCAATGACCATAGTTCCTTCACTCGTACTAATGCTTGAAAAATGCATAACCCCGTCTTTAAAACGTCCCCAAAATGTTCCTATTTGTCCCAAATATAAAAACTGATATACGCAAAAAAGTAAAATAGGGTTTGTAACCCTAAAGCAAAGCATTAAAATGCCGGTAAGAAGCCCCGTAACAAAACTGTCTAAAAAATGATCAAAGTATTCGCCGAGCGGGGAACCGGTTTTTGTACGTCTTGCCTGTACTCCATCCGAACAGTCTCCTACAATATAAATCCAGCAAAAAATAGGAATCAACCACAAAAACCTATAAGTATCATGAAGATAATTTAGATAAGCGACAACGAATGAAAGCACAACAAAGCTATTGGAAAAGATAGTTATTATGTTTGCCGGAATTGATTCGGGTAAAATTTTTATAAGAGGAAACACAAAATATCTGTAAACCAGAGGGCTCAGCAATGATCTATCCTCTGCACTGTAGGAGTAATTTTCCATTTGCAGTTCTTTTTAGTGTGCCCTTTTATAGTTTTTAATTTCGGTTTTTATTCGTGAAATTAATTCCGTTCTGGGAATTCTAACTTGCTCCATAGAATCTCTAAAGCGCAAAGTAACCGTATTATCCTCTTTTGAATCATAATCTACGGTTACGCAAAAAGGAGTTCCGACCTCATCTTGGCGGCGGTATCTTTTTCCGATAGCTCCGGATTGGTCATAATCGGTTTTAAATTCCTCTTTAAGCTCATTTCTAATTTCTTCGGCCAATTCTGCAAGTCCGTCTTTTTTCATCAAGGGAAGAACAGCAACGGTTATAGGAGCAATATTAGGATGGAAGTGTAATACGGTTCTCCAATCATCATCATTTCCCTTATCGGCAACCTTTTCTTCATCATAGGCATCACAAATAAACATAAGAACATTTCGCGTCAAGCCTGCCGAAGTTTCAATTATGTACGGGATATATTTTTCGTTTCCGTTATCTTGATCGATGTATTGCATGTCTTTGCCTGAATACTCGGTATGACGTGTAAGGTCATAGTTAGTACGGTTATGCACGCCTTCAAGCTCCTTAAAGCCCATCGGGAATTCGTATTCGATATCATAAGCATCTTTTGCATAATGAGCAAGTTCATCCTTACCGTGCTGATGCCATTGGAGCTTATTTGTTCTTACTCCATATTTTTCATAGAAAGCCCAGCGTTGTTTTTTCCAATAGTCGAACCATTCGTCATCAGTTCCGGGCTTTACAAAAAACTGCATCTCCATCTGCTCAAATTCGCAGGTTCTAAAAATAAAGTTTTTTGTAACAATTTCGTTTCTAAAAGCCTTTCCGATTTGAGCAATACCGAAGGGAATCTTCATTCTATTTGATTGAATAATATTTTTATAGTTTACATAAATGCCTTGGGCCGTTTCGGGGCGAAGATAAATAACGCTTGAATTATCATCTGTGGGGCCGATGTGAGTTTTAAACATAAGGTTGAATTTACGAGTATCGGTAAGCTCGCCGCCGCAATCGGGGCAAACTCTTTTTTCAAGGTTTTCAGGAGGTAAATGGTCTGCTCTAAAGCGGGATTTACATTTTTTGCAGTCTACAAGAGGATCGGTAAAATTTTCAACATGACCTGAAGCCTCCCATGTG
NZ_CP109619.1_gap7	140092	143107	3015	ATAGGGGCTTTTCTTTTTTTATGGAAAGCGAAACAAACCAGAGCTTCCCGATAATAGAAAACAGCCTTTTAGCTAAAATAGAAAAAGAATTTAAATGCGAATTTTGGGCAAAAATTTCAGAAAACCAAACAGCTGTGCGTTTTTGCACTTCTTGGGCAACAACCAAAGAGGCGATAAAAAAACTTTTTGAATACGTGGATGAGATAAAAAGCAATGCGATTAAAAGATAATAAGGGATTCGGTTATTTTAAATTTTTCCTTTCTTATACATTATCCTTGTGTAGATGATTGTAATTGCGGCCCCGACGGGAATTAGCATACTTATGGCCTTTCCAAGCTGGGGCATTGCAATAAAAAGAATCAGCATAAAGGCAAAGGGAACTGCGGCAATCTTAGGATTTTTTGCAACGAATACTACCAGAAGGCCGCCGAAAAGGGCCGGCAAGATATTTTTAAAAGCCGGTGCCATGATGGGAGATTCCAATATGGGTTTTAACTGAGTCAATAAGAGCATTCCCAAAACCAAGATAAGGGTTGTGGTAATGGAAGAAACTGCGACGGCTATTGTGGTAACCACATCGCCTTCTTCGGTATTGGCTTCAACCTTTGCCGTCTCCAAAGCTAAGACTCCGCAGGGCACTTTTAGGTTTGTCAAGTTTCCTGTGATAAAGCCTACATAGGTTCCGCCCGCACCGAGCATGGGGGCAAAGGTAAAGGCTTCAATAATTCCTACCGGCCAAAAAACAACGGCAACACCGAAAAGCCCCCGTAAAAGGAGCCAAAAATTAGGCCAGGTATTATAGTAAATACAGGTAAAAAGAGGATAAGAAAGAAACATTATAATGGCTATTATCATCCATGTTCTTCCCCACCTATGTATGCTTTTTTCATATGAACCGAATTCTATTTGTGTATCTTGCATAAAACCCTCCTATAAGAAGTTCCATAAAAACTTAAACGATTTAAGCTATCAACATGGTAATCGGAATGGAAAAAGCCATTCCGCCCAAAAGGCTTATCGGCATAGCATAGCTTTCAAGCCACTTAGCCCTTGTCTTTTTTACGACTAAACCGCAGACAAGCATTAAAAAGGCCGAAAAGAACATCACAAAAACGGAAATCCAACCCTTAAGCCCGAGCCTGATTTCAGAAAATATCATTCCTAAAAAGGCGGAAATCATTCCCATAAAAAGGGCATCGATGAGGAGCTTACTCCATTTTTCATCCTTGGACTTCATCTTAATAAGATTTTTTTGCATCTTGGGCAGAAAAAGAGCAATCACGACAATCCCCGAAATTATTCCGAGGGCCATAACCCAAGAAATAGTTGTATAGGCTGTTGCATTTGCAATCGGCTGATCCAGAGGAATGTCTAAAACGGAAGCAGCTGTGCTTGCCGCAGTAAGCTCATAGGTTAAGGCTCCCAGTACCGAAAGACGGAGCCAAGGCAGGGGAAGTCCTAAAAATTTGGAAAGGCTTATCATGCCTAGGATGATTGAAATGGCGGGGGCAACCGTAAAAATCGCGGCTCCGGAGATAATTTGCTTTATCTTTTTTTGGGGCATATTGAGCTCTTTTGCCCGCCTCAAAGCCTTTATCAAAAAGAAGACGGACTGAATTAAAACAAAGAGTATCACAATACCTGCAAACCAAAAGAGCACAGAACTATTAACATCAAACATACATATTCCCTTTAATTAAATATCACACATCCAGATTTGCATAGACGGCGTTTTCTTCGATAAACTTTCGGCGGGGCTCGACTTCTTCGCCCATTAGGGTGCTGAAAATTCTGTCGGCTTCAACGGCGTCCGGAAGGGTAACCCTCATCATTTTCCGCCTCGCCGGATCCATGGTTGTTTCCCAAAGTTGGGTCCCATCCATTTCGCCCAAGCCCTTGTAGCGCTGAACAGCAGCATTGTTTCCGCGTCCTATTTGATCCAAAACGGAATCTCTTTCATCATCATTATAAACATACCATTCTTTTTTATTGTGTGAAATTTTATAAAGAGGCGGCATCGCAAGGTAAACGTGTCCCTTTTCGATAACCTGAGGCATGTACCTAAAAAAGAATGTTAAAAGAAGGGTGCGGATATGGGAGCCGTCAACGTCGGCATCTGCCATTATTATAACCTTATGATAGCGTAATTTTTCTATATTAAAATCCTTGCCTATACCTGTGCCGAGGGTCGCAATAATGGGCTGAAGTTTTTCGTTATTTACAACCTTGTCTAGGCGGGTTTTTTCGACATTGAGCATTTTTCCCCAGAGGGGCAGAATAGCCTGCGTCTTGCTGTCCCTTCCTTTTTTTGCAGAGCCGCCTGCAGAGTCTCCCTCAACTATGTAAACTTCACAAGACTCAGGGTCTTTTAAAGAACAGTCTGCAAGTTTTCCGGGAAGGCCGAAACTGTCCAAACCGCTTTTTCTCCTGGTAGCTTCCTTTGCTCTTCTGGCAGCAATTCGGGCTGCGGCCTCGGCGACACATTTTTCCAAAACCTTTTCGACTTCATTAGGATTTTGCTCAAAAAATAAGGTAAGCTTTTCGTTTACAAATGAGTCAACTATACCCCGAACATCGCTGTTTCCCAACTTTGTTTTTGTTTGCCCTTCAAACTGAGGTTCGGGAACCTTTACTGAAACGATGGCGGTAAGACCAGCACGGACATCTTCTCCGGTAAGCTTTTCTTCCTTATCCATCTTTTTTACAAGCTTAGGATACTTCTTTAAAAAGTCGTTCATTACACGGGTAAGGGCTGTTTTAAAACCTTCAAGGTGAGTGCCCCCTTCGCGGGTGTTTATATCGTTTACGAAGGAAAGGAGGTTTTCGTTATAGCCGTCATTGTATTGAATGGCAACCTCGCAGAGAATATCGTTTTTTTCGCCTTCGATAAAAACGGGACTTTTCGGAAAAACTTGTTTTGATTCGTTCAAATAAGAAACAAACTGCGATATTCCACCCTCAAAGGCGAAGGTAACCTCTTTTGGGGTAGAAAGGCGCTCATCCCTCATCGTAAT
NZ_CP109619.1_gap8	166454	169140	2686	CTTGGGCAACCCTCGCCCCCGGTTTCGGTATGTTGGGAACGGTTATAGGTCTTATCGGTATGTTGTTAAACTTGGATGATAAAACTGCTCTCGGCCCTAACATGGCTACGGCTCTTGTTACAACCTTTTACGGTTCTCTTATGCAGAACTGGCTCTTGGTTCCTATAGCAACAAAGCTTATGTACCAAAACAATATGGAAGTTAAATCCAAAGAAATGATTATAGAAGGCGTACTTGGAATTCAAGCCGGAGATAACCCTCGAATTTTGGCTCAAAGGCTTATTACGTATTTGACGCCTTCCGATAGAAAAGCAATTGAGGCGGAAGTATTAAAGGATTAAAATGGCAAGGAAAAAGAAACACGGTCCAAGCGCCGCCGGAAGCGGATGGCTTACCACTTATGCAGATATGGTTACTCTCATGCTTTGCTTTTTCGTAATGCTTTTTGAGCCGTCTGAGGTCGATGTAACTCAGCTCATGGCTCTTTCCGCATCAATAAGCGGTGACCCGACCGGAGGCGGTCTTTCTGTTTCTGCAGGCAGACTTTCAGACCTTGGAAACACCATAAGCTCAATGCCTTCAATGGAAAAAGGGAAAATGCTTGCAAGTGCCTTAAAAAAGGCTGTTTCGCTTTTTGCTCCCGAAATCAAAACAAATAAAATTGCAGTTACAAGCGATGAGAGAGGAATAGTAATCAGCTTGGCATCGGATGTTTTCTTTTATCCCGGAAGTGCAGAGCTTAATATTGCCGAATCCAGAGATACGCTTTTAAATCTCGCTCAGTTTTTATCTTCTCAAGATTTGGCTTCCTATAGGTTTAGGGTTGAAGGGCATACCGATTCGGGCGTAACGGATCCGAATGTATGGAAAAGTAATTGGGAGCTTTCATCTGCAAGGGCAATAAATATTTTGCACAGCCTTACGGACTTCGGAGCTCAAGAATCCAGATTTTCCGTAGCAGGCTACGCAGACACTCGCCCTATCTTTTCAAATGATACGGCAGAAGGAAGAGCCTACAATAGGCGGGTTGATATAATTATTCTTGATGATGCACATTTTTAGTAAAAATAAAAATGTGCCGATTATAATAGTAAGGAGAAAATTATGGCTGATAATGACTTAATGGATGACGATGATATTCAGGAAAATATGGCTTCATCAGTAGATACCAAAAAAAGAGGTGCAGGTCTTATACCCATGCTGATAAAATGGGTTGCTATTGTATTGGTTGCTCTAATATTCATTGTTACCGTTGTAGTTATTACAATGAACATAAGAGATAAAAAAGGCTCATCTCATTCAATATCCCCCGTTTCTGAAGAGTACAGGGAAACAAGGGATGTTTTGCAGTGGTATCAGGCAATCGGTGTTTTGAAGGTACATACGGCAGATAGAATTCCTGCAACCTTGATAGTAGATGTCGCCTTAGGCTATACTAACAATGATAAGTCGACACCTCAAGAGCTTTCTGCAAGAAAGGTCGAAATAATAGACTTTTTACGCTCTTATTTTAAAGGCAAGACTACTGCTGAATTAAGACAGGAAGAAAAAATAAAGATTGAAATAAAGCACGAAATAAACGATAATGTACTTACAAAAAATAAAATAAAGGATGTTCGATTCACGCAATACGATATTGTTGAACAATAAAGGATAGGAGAGCCATGACAGAAGTTCTTTCGCAGGATGAAATAGATCAGCTTCTCACCGCAATAAGCTCAGGAGATACGGATACAGAAGATTTTCGTGCCGTTAACGATACCCGTAAAATAAAAATTTACGACTTTAAACGTCCCGACAAATTTTCTAAGGAGCAGATGAGGACGGTACAGATGATGCATGAAACCTTTGCCCGTCTTACAACCACTTCTCTTTCCGCTCAGCTGCGAAGCATGGCTCATGTTCACGTAGCAACTGTAGAACAGCTTACGTATGAAGAATTTATAAGATCAATACCTACGCCGACAACCTTGGCGATTATAAACATGGATCCTTTAAGGGCTAGTGCTCTTTTGGAGATAGACCCCTCGGTTACCTTTTCGATTATAGACCGTTTGTTCGGCGGTAAGGGACAGGGTTCAAAAGTTCAGAGGGAATTGACCGAAATAGAAAGCTCCGTTATGGAAGGCGTTATAGTCCGTATCCTTGCAAATATGAGGGAAGCTTGGACTACCGTAGTAGATTTACGTCCCCGTTTGGGAAACATAGATACCAACCCTCAGTTTGTTCAGATTGTAACCCCCTCTGAAATGGTACTTTTGGTAACATTGGAAACCAAGGTTGGAGAAGAAGAAGGAATGATGAATATCTGTCTTCCTTATATTACCCTTGAACCGATTATATCAAAGTTATCGACACAGTTTTGGTTTTCGTCGGTCAGAAGGGCTTCGACAGGACAATATGCGGCAGCAATTAAGGATAAGCTTTCGACCGTTGAGGTTGATATGGTTGCCGAGGTAGGCTCCTTGGATGTTTCAATCAGGGATGTTCTTAACTTGAGAGCCGGAGATGTTGTACGCTTACCCAACGTAAGGGTTGGAGATCCTTTTAAGCTTACAGTAGGAAGCAGGCCTAAATTCTCCTGCCAACCCGGTGTAAAGGGTAAAAAATTAGCAGTTCAGATTTTGGAAAAAATAGAAGATATTAGCGGTGATGAATTCGAAGAATTAACATCGGAAGGAGATGA
NZ_CP109619.1_gap9	186181	190540	4359	ACACGAAAAATCAATGCCGACTCCGGGCGGAAACGGCGATATAAAAAAAGTCTTGCCGCTCAAGGACCTTCTTGAACATCTTGCACACGGAGAATTATCCGATAATAATTTGGAACTTTTAGCAGACTATCTTTCAAACGTAAATAAAAAAGCCGAATCGGAAGATATTATCGAACTTAATGACTTACTCGGCGCTATTACCGTAAAACAATTGGCTGTAAATATTTTTGAATCAATCGCACCCGAGTCTTGCAGTTTACCCCCCTACAAAGATATTAACGAGCCGAACACAGAAAGAAAGATTTTGATTTCCCCGCTCATAAACAACGTAAAAGCCCGCAAAAAACTTTTGGAAATCAATGCCGGATTTATTAAAATTGCCCTTGAAAAACAGGATACGTTAATTTATGCAGGATTTTCAAAAGAGCAGGCAAAAGAATATATTGCGACATTTGAAACCTATCTTGATGACAATAAAGATGAAATTGAAGCGTTACGGATTCTTTATAATCAGGAAAAAATCGCCATCACGTATACAATGCTTAAAGATTTGGAAAAGAAGCTGATTGCGTATAATAACCAGTTCAAGCCGGAATTCTTATGGACGTGCTATCAAACGCTGGACGGAGAAAGCGGAAAAGTAAAACCTCTAAACAGAGAAACGGAACTGGACGTTTTTACCAATCTTATTCAACTGGTAAGATACGGATATAAGTTGGATGATGAGCTTGTGTCCCTTAAAAGGCGATTCGGCAGCTATTTCAACCTTTATTGCGGACAGGCTTGGCGTAAATTTACGCCGGAACAAATTGAAATCGTGCGGCAGATTGCAGAATATATCGTTCAAAACGGCTGTATCACGAACATTGAATTAAACAATGCAAAGCATGATTTGTTTGTAAAAGCCGTTCCAATCTTCGGAGCCGACAAACTAAATGCGGAAATGCAGACAATTTCAAAATACTTATTCTACGGAAAGGTAGCATAAAAATGGCAAAAAAAGAAGCAACACAAGCAAAACCGGAACAGGCTCTTACGAAAAAAGTTTGGAACATGGCAGACGTTCTTGCGGCAGCCGGTATCGGATTTACTGATTATATTATTCAGCTGACATATCTCTTATTTCTAAAAATGGATTTTGAAAAAGAATCATACGGTTTAGGCAGTGCACTTCCTGACGGAAGTAAGTGGAAAGATATCGTTCAACTGGATGGGCCAGATCAGCTTGCAAAATATGAAAAGATTCTGGAAGTTTTACAGGCAGCAGACGGACTTATCGGCGCAATTTTTACGGAAGCGCAAAATAAAATTGCAAAACCGGCACTTCTTAAAAAACTGATCGGAATGATTGATGAAGAAAACTGGTTCAGTATGGACGGAGACCTAAAAGGCGCAATTTACGAAAGTATTCTTGAAAAAAACGGACAGGATAAAAAGTCAGGAGCAGGGCAGTACTTTACGCCGCGCCCCTTGATTAATGCTATGGTTGATGTTGTTCAGCCGAAAATTACGGAGACCGTTGCCGACCCGGCATGCGGAACCGGAGGATTCTTGCTTTCTGCGTATGACTATATGCGTAAACAAAGCGACGAACAGAGTAAAGTGGAGTTCTTACGAACGAAGGCTCTTAGGGGAAATGACATTACGCCTCTTGTCGTAACGTTGGCTTCTATGAATCTTTATCTTCACGATATTGGAGTGGACACCACGCCGATTAAATGTGAAGATAGTTTGGAACACGAACCCGAACATCTTGTAGATGTAATTCTTGCAAATCCGCCTTTCGGTGCTCGGCCTGCAGGAAGCGTCGATATTTCGACCATGCGTTCCGATTTGATTGTAACGACAAGCAACAACCAGTTAAATTTTTTACAGCACATGATGGTCATGTTAAAAGACGGCGGAAGAGCCGGGATCGTTCTTCCCGATAATGTGCTTTTTGCAGACGGCGCCGGAGAAATTCTACGCAAAAAACTTCTAAAAGATTTTAATCTTCATACGATTCTTCGTCTGCCGACCGGTATTTTCTATGCAAACGGCGTAAAAGCAAATGTACTGTTCTTTGAAAAAGGAAGCCCGACACAAGAGACATGGTATTACGATTACCGGACAGGGATTAAACACACACTTGCAACGAAACCGCTTAAACGTTCCGACCTTGAAGACTTTGTAAGCTGCTACTGTGCAGGACATGTTGAAGACCGCAAAGAAACATGGTCGCCCGAAAATCCGAACGGCAGATGGCGTAAATATCATGTCGATGAACTGCTTGCACGGGATAAAACCGGTCTGGATATTTCTTGGATAAAAGACGGTTCCGATACAGTGGACTGTTCACTCGCCGAGCTTATGCAAACCATTCAAACCAAAAGCGCAAACATTGCCGCAGCTGTTGCCGAACTTTCCAAACTGATTGAAGGAATTGAAGAATGATAAATCGGAACGAAGAACAAAACTTTAATAAACTTTCAGAAGTTATAAACGAATACAAAAAGCTGCAAATTTCTCAGCAGATTGATTATGATAAATTCTATTTATATTCGATTATCACACATTCAACGGCAATAGAAGGTTCTACCATAACGGAAATTGAAAATCAGCTTCTCTTTGACGAAGGGATAAGTGCGAATAAGCCGATTCACGAACAGCTTATGAACCTTGACTTAAAAGCTGCATACGAAAAAAGTTTTGAACTTGCAAAACAGCATACGCAAATCACACCGGAAATCCTTTGTGAACTTTCAGCTCTCGTAATGAAAAATACCGGCACTGTATACAATACAATCGGCGGAACATTTTCTTCTGCAAAAGGAGACCTCAGATTGGTAAATGTCAGTGCAGGACGAGGCGGAAAAAGCTATATGGCGTGGCAAAAGCTTCCGCAAAAACTGGAAGAATTTTGCAATTGGCTCAATTCGGAACGAAAAAGAATTGCGCAAAAGCGAATAGAAGTTCAATACGCTTTTAGTTTTCTCGCTCATTATAAACTTGTTCACATTCATCCTTGGGCGGATGGAAACGGACGGATGAGCCGGCTCTTAATGAATTTTATCCAATATGAAGCGGGAATAATTCCTTCGATTATAAAAAAAGAAAATAGGGCAGAATATATTCAAAGTCTTTCTTCTTCACAAGACAAAGATGATCCTGCGGAGTTCTTACATTTTATGTTTTCGCACCATATACGGAATTTGAGCGAGCAGATAGAAGAATATAAAACCTCGCTTGAAATGAGCGGCAGCTGATAATGGCAGTTACAGGGAGATTATAATGTGAATACAAATGCATTACGTCAAAAAATATTAGACCTCGCCATTCACGGAAAGCTTGTAAAGCAAAACCCGGACGATGAGAGCGCAGCCATACTCCTTGAAAAAATCCGTGCAGAAAAAGAGAAAAAAATCGCTTCCGGTGAACTGAAACGCGGTAAAAATGATTCGTATATTTTTTTCGGTGATGATAACAGGCACTATGAGAAGTTCGCAGACGGCAGAGTAAAGGATATCGAGGACGAAATCCCGTTTGCCGTGCCGGAGAGCTGGGCGTGGTGTAGGTTGGGGGTAGTGGCAGATATTGCGAGAGGCGGCTCTCCGCGACCTATTGAAGACTTCATTACTGACAAAAAAAATGGTATAAATTGGATAAAGATAGGTGATACGGTTCCGGAAAGTAAATATATAATTTCTGCAAAAGAAAAAATCAAACCCGAAGGTAAAAAACATTCTCGTTTTGTTCATGCAGGAGACTTCCTACTAACAAATTCTATGAGTTTCGGTCGGCCTTATATTTTAAAAATAGATGGCTGCATACATGACGGCTGGCTTGTTTTTGCTGATATAATAAAGTATCTTCTAAAAGATTTCTTGTATTATGCTCTAAGTTCTAAGTACATTTACAACTCATTTTCTTTGGTTGCCGCAGGTTCAACTGTCAAAAATTTAAAGGCTGATACGGTAAAGCAAGTTTTATTTCCCCTTCCTCCACTCTTAGAGCAGAAGCGTATAATTACAAATATAGAAGCAATCTTTGCACAAATCGACCTGCTGGAACAAAATAAAGCCGACTTACAGACAGCCGTCAAACAGGCAAAGTCAAAAATCCTCGATCTTGCAATCCGCGGGAAACTTGTTCCGCAAGATCCTACCGACGAACCTGCAAGTGTTATGCTGGAAAAACTCCATGCTGAAAAAGAAGCTAAAATCGCTTCCGGCGAGATAAAACGTGGCAAGAATGATTCGTATATTTATAAAAATTCTACTGATAATTGTTATTATCAAAAATATACCGATGGCTGCGAGGAAAATATTTCTGATGAAATTCCGTTTACCGTACCGGAAGGATGGATGTGGTGTAGGTTGG
NZ_CP109619.1_gap10	243629	247825	4196	ATTAAAGATGATGACCTGGTTATAGACTTTGCAAAAAAACGTGGGCATAGCATGAGCCTCAAAATGGGTATTACCGCACTCCAAACATTGGACAGGGAACATATCTGGGTATTAAAATCTACGGTCAGCAAGGAAATTCTTACAAAAAAAATAAAGAGTGATCCCGAATGGGCATTGAAGACTATAATAAAGAGTTTTGACAATAACTGCGACATGAAAAGGATTAAGCAGGAACTTGTTCCGTCACTTTTAACGGCAGGTGAATGGACCAGCTGGAATACAAAGGCTAGAAAAGTCTTAAAAGAAAATCCAATGTTCGGTATCAATCCTGATAATATAGACTTTTACAGCGTAAGAGAGCGTCCCATTGCCCCCGAAGAAAAGCTTTCAAACGAATTTAAGGCTCAAAAGAACTTTTTTGCCAGAATTGAACTTCTTAATGCCTATGATGCCTCGGAGGCTTGCGATGACGAATCCGATACCTTCCGCGAAATGCTTGATTATTTTGAAGGCTTCCTAAAAGCCTTTAGTCAGGTAAATGAGCTGGTTATTTGTGCCTATATTCTTGTTAAAGAATTTATTGCAGACAAGCAACAGATCTCGGCCGTAAAGCAATATAATTTTGCAGAGCTTTACAGCCGTATTGAAGATCCGATGGAGGTATATTCTCAAATAAAGGATAAGGTTTCGATAAAGGGTCAAACCCTTCGTCAGAAATTCTTAAAGTACATAAAAAATCTTATTCCCAATTGGGAAAAAGAATATATCAGACTCTTCCCCACGGTTTTATCTTCCGAAATCTTGGATGCTCTGATAGAAGCCGGCTCTACCGATGATGTAAAGAATTTGGTAAAGGATTGTTTTGAAAACTACCGCATATACAGAAGTGCCGTTATTTGGTTCTTTAAAAATATTCAGGAAGAAGAATGGTTTAAGGAGCTCGGTATCAGCGTAGAGCAGCAGCTCATAGTGCTTATTCATATTCTTGATATTACATATCGGGAGATTGCATCGAGAAGAAATACAACCGAAAACCGAAAGATCAATCATCAAGTACATACAATCCTATTCGGAAAGGATGAGCTTTTACAAAACTTTATAATGGAAAGCGATGTAGATACAATAACCAGACTTTATACCCTTATCGATGACATAAAAGATCTTGATCCGGTAATTAAGATGAATATTAGAGCTAAAATTGTTGAAAAGCATAAGGACTTTAAATTCTTTGATATTGAAGAAAAGACTGTTACGGTTCACGGCTTGATCGTTACGGCAAAGATGCTCGATCTTAAAAACAAAGAGCTTATCGAAATCAGGGATGTTAAAATTCCGCAAAATGCAAAGGACATTGGTTTTGCTCTTTCGCTCGGAGACTTGCGGGAAAATGCCGAATATAAGGCTGCAAAAGAAGAACAAACCCGCTTAGGAAATGCCTTAACCCGATTACAGGATGAACTTGATAGAGCTCAGATTTTTGATCCTACAACTGCTACTGCAAAGAAGGTTTACTTCGGCAGTAAGGTAAAAATTCTAAACAATTTGACAAATCAAGAAGAAGAGTATACAATTTTAGGACCGTGGGAATCGGATCCCGCAAACGGAATAATTTCTTATATGTCTCCCTTAGGAAACGGATTGTTTAACCATAAAAAAGGAGAAGAGGTTGAATTTGAAGTAAATGACGAAAAAAGGAGCTATAAGATTATAGATATTTCTATCGCGGATTTGAAATAATTTGATTGAGACTTGCAGATCTTGATTTAGATATGCAAGTCTTCTAACTGCACCCCGAAAGGAGGAAAAAAAATGTTTAAAAGAGTTTCTTTGTGTTTGTTTTTGTTTGTTCTATTTACGCCTATTTTTGCTCAAAACAATGTTAAGACAAATGCTGAAATTGTCATCTTAATGGATACGTCAGGAACTATCCTTCCATACTATGAAGACATTAATAATCGTGTTTTGTCTGAAATTAACGATAAATTTGTAAGGAAGGGCGATACGGTTCATGTTTTATCCTTTAATGCAGATGCACGTTATGAAATGTCGCAAAAAATTAACAGCGAAAAGGATATGTCCAGGGTTGTTTCAAGGTTTTTGCTTCTATACCAGTTGGGAAAAAGCTCGGACTTTTTAACTGGACTTCAATATGCCCGCCAATACGGTTCGAATTTACCCGATACAAAAGAAAAAATACTGATTATAATTTCGGATGGAATTTTCAACCCGCCCGAATCAAGTCCTTATAAAAATTATACTGATGATCAGATAAAAAATGAAATAGGGCTTCTCGCAGGAAGTATCAGAAAAAAAGGCTGGAAGGTCTATTATGTTAAACTGCCTTATCCTGCCGATGCCGTGATACGAGGATTGGACGGCAAAGAATTTTATAATCCCGGTGGCGGATATGCCGGAACAGGCAGCGGTAGTTCGGGCTCTCAAGGGGCCGGCGGCTCAACCGGAGGAGGTTCAACTTCAGGAACTTCCGGCTCTACTTCGAGCGGAGGAGGCTATGCTGGCGGAAGCACAACTTCAGGCACTTCCGGCTCTACTTCAAGTGGAGGAGGCTATGCCGGCGGAAGCACAACTTCAGGCACTTCCGGCTCTACTTCGAGCGGAGGCTATGCCGGCGGAAGCTCAACCTCAGGAACTTCCGGTACCGATCAGGGCGGTTCAGGTAATACCGGAACAGGACAGGGCAGTCTGACCGATGTTTCAAAGGATTTTAAAGAGGCCTCGGGAGCCGCAGGCAGTGAGCTTCCTAAGGATGAGAATGGAAAATTTACAATTACGGACAATGCGGAAGACCTGCCTCTAATCAATTTCCCTGACGAAGGACTTGAAGCTCATGGTAATAAACTTGCTTTTTCTTTTGAGGTAACAAATAACTCCGATGAAGATGTAGAGCTTTATTTAACTCATATTGTTATTGATAACGGCGTTAATATCAGCAAAATACCTGTTGATTCACAAAATACAAAGATAAAGGCAAGCGAAAAGGATGTGCCGATCAGAGTTTCGGCCCTTCTTCCTGATGAATATAAAGAAGGTAATTATAATATTATTATGAGGCTTGAATTCGCAGAGGGAAAGAGGGTTTTACCTCAGGTTATGGAGACTTCCTTAGCCGTTTTCCCGACAAGCTTCCAAAGACTTAAAAATTCTAATGCTCTTTGGTTTATCCTTCTTGGCCTGATCTTGCTTCTTCTCCTTATATTCTTGATTGTCTTCTTTACGAGGAGAAGAGGTTCAAGCTCGTCTTCCAATCAAGTCCGCTATGCGGCTGCAGGCAGTCAGATCAATTATCAGGAAGAGGATAAGAGGTATCCTCATAAGCTCTCGGAGGAAGATGACCATGCAAGCCGTTTAAATGGCTTTAATTCTGCTTCATCTAATACGTCAATCTATTCTGAAACCAAAAACTTTGCGGGTGACGGAGGTTCTATTTATTCTGCAGATAATTTAGATCGGGTTGCCTCACAACGACAGGATGATGAAGTTTTACGCCGCCGTGTCTTAGCTGCTTCTTTTGCCGCAAAGGAGCCGAGAGGGACGTATATGTCTCCCGCCAACTTCTTTGAAACAATAGAAATAAAGCGTAATAAATCCGGCATGACGGAAATTTATGTTTTAAATCAAAATAGAAACATAGGAAGGCGTAATATCCATGTTATGAAACCCGGTACGAGCTTGACTTTGGGCGGAGGCAAAACCGATAACTTCCTAATATTCTTAGTTCCTTTCCCTGCACGTTTGGCTCAAGTTAGATATGACGGGCAAGATTATCATCTGGCTATTCTTAAGCCTAAGTACTTCCCATATGAGAAGTCGAATGTTGTAAATAACTGTATCAGTAAAACCGTTACCATTGTGTCGGATAAGGGATATCATGTTTACTTTACCTTTAGAGAGTATGAAAACCCGACTGAAAAATTGAACAGTATCTTGACGTCGATAAAGTACGATAAGTAATGTTTTGATTATAAAAAAAGCCGCGATCTTATTTTAAGATTGCGGCTTTTTGTTTAATTACTTTCTATGATTCTTTTAAATTTTAGAAAGGTTTTTATTCCGTTTTTAAAAGTTCTGCTATTTCGCTTCTATTCCATCTTAGGGCAACTTGATAAGGTGTTTCTCCTGCCGTATTTTTTACATCAAGCTTTATACCGGGCAGAGCCAAGAGGTCTTTTAAGGTT
NZ_CP109619.1_gap11	250420	254216	3796	ATAAAGGTTGCCGCGATTAAAATTAAAATAAATGCGAGTCTAAATATTTTTTTTGTTGTGAGAATAATATTCTGCATAAGCGTATAGCCTCCCAGCTTTAATATCGGCTTTAGTTAAAAGCCTCTTTAGAAGGGAGTCTTTTAGAAAGGCTCCTTTTAAAAGGGGCTTTTTTTTGAGGCTATCGGTTGATTTTGTTGTCGACTGCAGCCTTGATAAAATCCCTAAACAGGGGATGGGGCTTGTTGGGCCTTGAGGCAAATTCCGGATGGAATTGTACGGCGACAAACCAAGGATGGCTTTTTAGCTCAACGATTTCCACTAAGTTGCGTTCAGGGTTTAGCCCCGAAAAAATCATATCCGAATTATCGAATTTTTCTCTGTAAAGGTTGTTGAACTCGTATCTGTGGCGGTGCCTTTCTTGGATTTCGTGGGATTTATAGGCTTTTTCTGCGAGAGAGCCTTCTGCTATCATACATCTGTATAGGCCTAGGCGGAGGGTGCCGCCGATTTTTACATCTTTTTGATCGGGCATTAGGTCTATGACGGGATTTTTAGCATTTTTATCGAATTCGGAAGAATTTGCTTCTTCGATGTGCAGGGCGTTTAAGGCATATTCGATGGCGGAAATCTGCATACCTAAGCAGATTCCGAAATACGGAATTTTATTTTCGCGGGCAAATTGGGCCGTTAAAAGCATTCCGTTGATGCCCCTGTCGCCAAAACCTCCCGGCACTATAATTCCGTCTGCATCCTTTAAAAAGGCAGCAGCATCTTCCTTAGTTTCTATTTTTTTGGAGTCAATCCAAAGAAGTTTGATTGAGGTTTTATGGTAAATACCGGCTGCCGTTAGGGCCTCTGCAACGCTGAGATAGGCATCGGGAAGCTCTACATATTTTCCTACAAGGGCGATGGTTATTTCTTTTTCGGGATTGTAGTAGGTTTGAACCATTTTTTTCCATTCTTCCAGATTAGGCTCTTTATTTTCAATATTGAAAAGCTTACACAAAACCTTTCCAAGGCCTGCTTCTTCCAGCATCAGCGGAACTTCGTAAATAGATTTTGCAGTTAAGTTTTCGATTATTGCATCTTGGGGAATGTTCGAAAAAAGGCTTAGCTTTTCTCGAGTCGATTTTGAAAGACGTTTTTCGCTTCGGCAAATTAGAATGTCCGGCTGGATACCGAAACTTAAAAGCTCTTTTACGCTGTGCTGCATCGGTTTTGTTTTGATTTCGCCGCATTCTTTTAGATAGGGTAAAAGGCCTAAGTGAACAAACATGCAGTTTTCTTTTCCGACAGTGTAGCGGATTTGGCGGATGGCTTCGATAAAGGGGAGGGCTTCTATATCTCCCACGGTGCCGCCTATTTCAGAAATAACAAAGTCAGCTTTTGTTTGTTCGGCCGTTCCTAGAATTCGGGACTGGATTTCGTCGGTAACATGAGGAACAACTTGAACTGTGCCGCCGTTATAGCCTCCGGCTCTTTCTCTGTCTAAAATGGCTAGATAGACTTTCCCGGCCGAGGTACTGTTAAATTTATGCAGGGGGACATCGGTAAATCTTTCGTAGTGGCCCAGATCGAGGTCGGTTTCGCCTCCGTCTTCCGTAACAAAGACTTCACCGTGCTGGTAGGGGTTCATAGTACCCGGATCTACGTTTAAATACGGATCGAATTTTTGATTGACTACGGAATATCCGCGGCTTTTTAAAAGCATTCCTATAGAAGCTGCCGTTAGGCCCTTGCCTAAAGATGAAACAACTCCGCCTGTTATAAAGATAAACTTAGATTTCATAATTTTCCCCCGACCAAAAAAAAACGGCTGAGCCGTTTTTAGGCTTCCAACCGTGCTTTAGTATAACTTATTTTTGACTTATCCGCAAGGGGGCAGTTTGAATTTAATTATACGAACTGCAATTTAGCAGGTAAAATTTGTGAGTCTATCTAGGTTACAGCTTTTCAATTTCGAACTCGGGAAGACCGGTTATTTCTTTAATTAAGGCTGTATCAAAGTTTTTTAGCTTCATAAGTTTGGCGGTTTCTATTGATTTTTGCTTTAAGCCTTCAGAAAATCCCTTATACCTAGCGTCCATCTCAAAAGTAGACATTAATCTATATTCTTGCCTTGCTTGTTCATTTTGTTTTACTGTTTGTATCATTTCTTCTATCCTCCTTGTAAATTCACTTTTTGCCTTACCTGTTTTAAGGTATTCTAAAAATTCCTTTAATTCTTTGTTTTCAGTGTCTTTAAAGGCCTCTGCATTTATTATAACCTTTTTTGTTCCATCTTGTAAAGATGTGTTTTTATCTTCAAGACAGATGTTTTCAAAAGTATAAACAGGTTTGTTTTTACCGATAGCATCAAAAGTGCAAATCAACAACCCCGATGCAGAGCATCGGGGTTGTTGTTCTCATAAGGTGGTTGCAGTCGGTTTTAATACCCTTTGTTACGACGCAGAGCGTCGGGGTATTAAAACCTCCGCACGAATAAAAATTATAAAGCTGTCATTTAAATCGTTATAGAAATTCCCCTTATCCAAGAATGAAATATCAATGGCTGCTTGGTAAAATCTCATTCTGTTAGGTATATTCTTCTCGTTGCTTACCTGCATTTCAACATCGTAGAATTTACCGTTTTCTGTTTGTACCAGAACATCAAATCTTATGGATTTTGCCTGTTCATAGGTGTTAATATTATGCTGTATTGAAATATATGTAATTTTTCCTATTGTATCGGATAATATCATTTCAATAAGTCTTTTGCATAAATCCGGATTTTGCATGACCTTACAAAACATAAAGTCATCTGTAAATGTTAAATCTTCAAATCTTTTTACCATTTGTGTTCTCCTATTTTTTTTATATTCTCCCTCCTCATTATATTTATAGAAAATATTTGGAAAAAATAGTAAATTAGAAAAAGATTTTTGTAATCAATGCAGTTAAAATTATTTGCCATTCTATTAAAAATCTGTTATAATATTTAGCGTTAAAAGGCGGTATGGTTTGGAACACGGCGGGGTTTTGTCCTATAAAAAGAAGGACGAAGTTTTAATTGATTTTAGTAGTAATATAAATCCTCTAATGGCACCTAAGGGCTTAAAAAAGGCCTTAAGTGCATCTTTTAATAACCTTTTGGTTTATCCCGATATCCGTTACCGTTCGCTAAAAAAGGTAACGGCTCAATATTTAAAATGCGGACCTGAAAATATTGTTTTGGGGAACGGGGCTGTAGAAATAATCGATAATTTTTGTTCAATGTTTAAGAGGGTTGTTTTATGCACGCCCTGTTTTTCGGAATACGGATTAAGGGCTCTTGTTCATAATAAACCGGTTTTAGAGCTTCCTTATCTTCCCGATTTTTTGCCCGATATTGCCGGCCTTGAAAAAAAACTGAGGGCGGGCGACCTTCTCATCTTGGGGAATCCGAATAATCCCACAGGCTTAAGAATAGAAAAAACTGCTCTTTTACAAATTTATTCTCTTGTACAAAAAACAGGGGTTTTTTTGCTTTTAGATGAGGCTTTTTACGAGTTTTGCCCGCCTGACTATGACAGCATAGCTCTGTTTAAAAAAGACGGCTATAAAAATATCTGTATAATAAGGGCTGCAACCAAATTTTTTGGTCTTCCGGGGATACGCTTAGGCTATGCCTGTACCTCAACCGATACGGCAGCCGCTCTTTCTAAAATCGAGATGGCTTGGCACATAAACGCCTTTGCAGAAGCTGCCGCTCCTGCAATCTTTTTTGATGAGGACTTTATAGCAAAAAGCAAGGCCTATATTCAAAAAGAAAGAGTTT
NZ_CP109619.1_gap12	255691	257205	1514	TGAAACGGCTCATGTTGGTAGTATTATCAGTGTATTGGATGAATACAAGATTCCTGTCGCCTATATAACCGAAGGCCAAACAGTACCCAAGGATATAGCTAGGGCTTCCAAGCTTGTTTTGTTAAGAAAACTTACAGGGTTCTCTTTGGATTATATCAATGAAAATTTCAATGACGAAATTTCTATAGTATGGAGCTAAGATGACGGATCAGGCAGAAGATTTAAAAACATTAATGAAAAATAAAAACAGCAGTGATAAGGCTGTGCTTTCAGACCTTCCTCCTAAAAGGAAGACAAGGATTATTGCCGTAACCAGCGGAAAGGGCGGAGTCGGAAAAACAAATATTTCAACAAATATGGCTATTGCTTATGCCAAGATGGGAAAAAACGTTATTGTAATCGATGCGGATCTTGGCCTTGCAAACGTAAATGTTATGATGAACATAATTCCGAAATTCAATCTTTATCATGTAATGAAAAAACAAAAGAAAATGTCGGATATCATAATCGATACGGAGTACGGAATAAAATTTGTTGCCGGAGCTTCAGGGTTTTCAAAGATTGCAAATATGGAAGAAGCCGAAAGGTCCGATTTTATTAAAGAATTGTACACCCTTGCAGAGGCGGATATAATAATAATCGATACCAGTGCCGGTGTTTCAAAAAACGTTCTCAGCTTTGTTGCCGCCGCCGATGAGGTTGTTATTGTTACCACCTCGGAACCTACGGCTATAACCGATGCTTACGGAATTATAAAAATAATCGCAACCGAAGTTGAAAACTATGATTTAAACCTAAAAATGGTCGTAAACCGTGTAAATTCCGCCCTTGAAGGTAAAAAAATAGCCGAACGCATGATACAGATAGTAGCCCAGTTTTTAAACCTAAAAGTCGAGTACTTAGGCTTTATTTACAATGATCCTGCGGTTGAACAGGCTGTCTTAAAGCAAAAGCCCTTTTTTATATCTGCTCCGAAAAGTAAAGCAGCGAGTTGTTTGCGTCACATAGTTGCAAAACTTGAAAAAACGGATTATAATGAATATTCAGGCCTTTCCGGCTTTTTACAAAAACTGTTTGGAAGAAAGTGGGAATAGATTTAAGTTTTTTAATTTAAAATTAGGAGGTTACCGGAGTCGTGGCAAAATTTAGAATTCCCCTCATATGTACAATAGCTGCTTTGGCTCTGTCTTTCCTATTAGGGCTGATAAGCGGGGTACGCTTTTCTACGATACTCTTGCGTTCACTTATCATCTCTTTGATAAGCGGAGGCTTTGTTTTAGGGGCTCAGATTCTTTTGGATCATTTTGTGCCGGATCTATTTCAGCCCGTTAATGCTGAGAAATCGGCAAAAACAGAAACCGGTAAAAATTTGAATATAAGTATCGATGAACCTGTAGAAATGCCGTTTATAGATGATGAAGAATACGATCCGGAATCGGATATGATAGAGGCTGAACCGGTAGATGAGGATTCGATATCGGATGATGCCACAGAGCTGAGTGACGCTGACTTGA
NZ_CP109619.1_gap13	261575	264700	3125	AATAAGTTTGTTCGGTTTCTTTTTTTACCTTTAACCGGGCAAGCCCGTCTACAAATTCTTCCGTAACATCTTCAACCGTAATGTTTTTATTATCAAGTTTTTTAATACCTATAGTAAGCTCATTTAAAAGATTATCAAAATTTTCTTTTGGTATTCTAATACTGATTGTCTGCCTAATATTAGAATGAAAATGCTGTTCATCTTCTTGACTTATATAGGCTTGATATTTTGTTACAAGGTTTTCGATTGTTTCCCTTGTTTTTTTTATATCCTCGGTTTCAAATTCTATAAAACCTGTTTTTATAAGTTTTCTTTCGATATTGTCGTTATCTAAACTTGCAGTATTTACTGCATCAGATTCTTTTTTGTCCTCTTTAAAGGCCGAATCGGATGATGAGCTTTTGGATTCGGCCATGTAACTTTCGGCTCGGGCGCTTTTGCCTGCTTCATAAGCTGCCTTTTTCCCTCCGCACGAAAGAAAAAGATTTAGTACCAGACTTAAACATAAAAAAATAAAGGCCTTTTTTTTCATCTTATTTATCCTCCATAGGCGAAAAGTTTAACATAATTTATTTTATTTTACAATGGGAGCCGTTCAGGCTTTACGTCAATGTTGAGCTTCGCAAAGGATAATTAAGGAGTGTCTTAATGATTGGGACTCATCAGAGGTTATAGGGAATGGTAACAACCAACGGTTTTGTATTCGAATTTTTTTTCAAATTTTACTATTTATTACAAACAATTTCTATAATAATTATGAAAGGGGAAAAGTTTTTCTCTTTTAAAAAATTATGGGAGTTGAAAAATGAAGCAACTATTTAAAATAACCCTCCGCAATGACTATGCTTTTAAGCGTGTCTTCGGAGTTGAAGAAAACAAAGATGTCTTACAGGACTTGCTGGAATGTATATTAGACATTCCGCCTGAAACCATCGCAGACTTGGAACTTCTCGATAAGGAGTTTCATAAAGAGCTTTTGAGTGAAAAACTCGGTGTTTTGGACATCAAGTTAAGACTAAAAGATGGGACCTTTGTAGACATTGAAATTCAAAACAGTTGGCATTTTGATTTTCCTGAAAGAACCCTGTATTATTGGTCTAAAATGTATAATGAAAACATAAAACAAGGTCAAGACTATACAAAACTGCCAAAGTGTATTACAATAAACTTGATAGGAAAAGGCTTTGATAAAAATAAGCGCTTGCACAATAAGTATCTTGTTCTTGAACAAGATACAAAAGAGCCTTTAGTCTCAAAATTTGAGATTCATATACTAAACCTTGAAAAAGCGAGACTCTTAAAGAAATCTCAATACAAGGATAATAAAACAAAACGCTTATTAAATTGGCTGAAATTTATCGAAACTGATAATGTGGAGGTACGTAATATGCTGGCACAAGAATCACAGATGATGAGAAAGGCAAATGAGACTATTACAATAATGGAAATGAGTCCTAGAGATAAATGGCTTTATGATTCCCGTATGAAATACGAGCATGATAGAGCTTCATGTATAAATGAGGGGTATAGACAGGGCATTGAGGTGGGAATATTGCAGGGCGAAATAAAAGGAAGAAAGCAAGGTTTTGCCGACGGTTCTTATCAAAAAGCTCTTGAAACGGCAAAGAATTTACTTGGCTTAGGGTTGTCGATTGAAAATATAGCAAAAGCTACCGGTCTTAGCCAAGAAGAAGTGGAAAACATTTGAAACCACCGCCTTTCTGATTCAGTACTGAAATGACTTTTGCAAATAGGCGGAGCAGATACCCGCATATTTGCAAAAGAACCTTGCGTTTTAAGCTTGTTAATGCTATACTTAACCTATGAGTACGGACTTTTTTTTTCAAGAAATGGAATTTCACATTAACGGAGATGTCCGCAAAAAGTGTAATTTAAAGTCGGCTCTTTTTTCTTCATGCGGAAATGTAATATTTGAAAATATTTCCGAAGTTCATAATTTTGTTTTTAATTTTAATTCCCTTGTAAAGGAAGGCCTTTTTGGAGAAGGTCAAGCTCATTTAAAAGCAGGCGAATTAAATGCTATGGGAATTTTAGATGAAGTTCTTCATTATGTCTTAAGGCTTTACCGTCAAAATATTGATGCCGATTTTTTTGTTAGAGGATATGAATTTATCGAAGAAGAATTTAAAAATAAAAGTCTTCATAGCCTTGATTTTTTATTAAAAGAGTTTTGTAAAGATTTCCCCCCAAAGGATGTTTACACGGATAAGCTCTCCTTAGATGAGTGGTTTGAATCAAATGACGGTTCATCAAATGTACCCAATAAATTGCTTGCCTTTGAAGAGTTTATTCTCCTATATCTTGCAAATAGAAATCCTGCAAATGCACAGTTTGAAGTTTTATTTAATAATTCAAATTTAAAAGCAATAGATTCCTACGGCATTTTTTGGGACACGGTAAAAAGATGGTCAAAAAAAAATAAGCCCATAGGACGCCGATTAGGAAAAGAACAAAGCGGCCTTGATATTCTTTCTTTTTTGGAAGAACCTATGAACCGCTGCCCCGACAGTATTTTAGGCCAGCTTAATTATGTAAAAGAAAACTGGAGCCGGTTTACCCAAAATCTTTTACTCAAGGTTTTGGGTGCCGAGGACTTAATAAGGGAAGAAGACAAGGCCGGCTGGGCTCCGCCTCAAGGAGGAAGCTTTGATGTTCCGGTCTACACCTTTGAAAATCTGTTAAAAGAATACGAGGCTTTTACTCCCGATAAAAATTGGATGCCCAACTTGGTTTTAATAGCAAAAAGCACCTTGGTTTGGCTGGATCAGTTAAGTAAAAAATATTCCGCCCCGATTACTCGTCTCGATCAAATCCCCGATGAAGAGCTCAAATTTTTTGCAGATGCGGGAATTACCGGGCTTTGGTTAATCGGCGTTTGGCAGCGTTCCGAGGCGAGCCGCCGTATTAAAGAAATTTGCGGAAATCCTGACGCGGCCGCAAGTGCCTACAGTATCTATGACTATGACATTGCAGAAGAACTAGGCGGCTGGCCGGCTCTGGCTAATTTACGGGAAAGAGCTTGGAAATTCGGAATCAGAATGGCCGCCGATATGGTTCCCAATCATACGGGACTTGATTCCAAATGGATTATGGAAGACCCGAAT
NZ_CP109619.1_gap14	306517	308041	1524	ACGATGTACGCGCCGTATGCAACCGTAAGCGCGAATAAAACTATGCCGAGAGTGTCCCAAGCGAAACAGAACCAAATGGAATAGCACAAAGTGAAAACCGCCATCATAATTCCGTAGGGCGCAATGTTTTGCGCAATCTCGCCGAATTCCTGTTTCGTTTTGTTATCCATATTTTTCCTCCGAACCGCACTGTATCACAATCACCGTATTTTTTCCAGTACGTTAAATCTTTTTTTCTATAAAAATTTAACGAGCCGGCATGTTGTTTTTTTACCTTTTCGATTTTTCATTTTGCCTCTGTACATAGTTCTTTATACATATATACTATTCCGATGTTCCTGCCGAATTTCCGCCAACAATTCTTCAATCTTCCGTATTCAACAAATCCATGCTTCTTATGAAATGCAATACTTTTTTCATTTTCATCGGATATATCAACGACAAGCTTTTTTATTCCGTTTTGTTTTGCATCATTTTCAATGAGTGATAGCATATTCCTTCCTACACCTTTTCCGGTCATTTCCGGTTTGATGAAATACATGCAATCACCAAGCTCATTAAATGTTCGGATGTTTTTATATTTTTCCAGCATGCAAAATCCGATAACATCGTTTGAGTTATTCATTACCGCGTATGCACAGACAACATTTTCATCAACAAGCGCACTAAAAAAATCGTAGTCAACTTTTTCGGATCGGTATGCGGAGGTTGTGTGTTCGATATAATAATTGAAAATATCGATTGTTTCTTTTTTGTATTTTTCGGTCAGTTTGTTAAAATGAATATCCATAGATTTAATTTGCTCCCATCGCTAACCCTTAAGTTTTGTTTCCGTATCCCACAGGATGATCGCTTTTACCACAGACTCTTCCGCGGTTATTATGCCGTCTTGTGCTTTTGTGTTTAAAAGCTGTATAACGGCTGTTTTTTCTTCATCGTTATATTCAGTACCATGCATATAGTCTTCGATAGAGTGGCTCGTGGTCCGGACTTGCTTATCAACCAGAACTTCGGGGCAGTAGCCCATAAGCCAGAGTATATTCCACACACCGTAAACATAGTTTTTATCATTATGAGGCAACCTGAACAGTTTCCGCCCGAGGAGCTGCTCTATCTCTTCTTCTATGGAATCCTTTTCATAGACAGTCCGTTCCAGTATGCAGTATTTTTTTGAAATCATACACATCCGTTTTATATTATCAATGGAAGCAATTGCAGGTGTCATACAGGCAAACACAAAATCGAATTGATTTTCGGTTGTGAATGTGTCCATCCAGTTTCCATGGATCAGTTTTGCTTGCGGGATATGCCGTAGTTTTTCTTGCGCATACGCAAGCATTTTTGAAGAAATATCGATACCGGTAAGATACGGAGTATATGCGGCAAACTCCGATAAATGCCGCCCCGTCCCGCAGCCGATATCCAAAACTTTGGAATCCTCTTTGAGCAGCTGCCGGTCTTTTATAAGATGAAATACAAAATCATTGGCAAATTGTTTTTGTTTTTTTTCGGTACGTTTATAAA
NZ_CP109619.1_gap15	312723	315320	2597	ACTCCTGCACACGCTCCCACATCTGGGTGTCAATGATAGGCTCATGGTGGTTCTCGAAAATCGCCTGTTTCTCAATGGGGTTCTCTACGCTGTGCTTGGTCTTGTAGGACGGCTTCTCCGTCTTGAAGTTTACCAGACAGCCCGTGTACTCCCTGTTTTCAAGGATATGTACCACGGTATTGGTCGCCCACTTGCACTCATAGCCGGGGTGGTAGCGGCGGGTGCTTCCCGTCCGACGGTATTCCAGCGTTCCCGGCGTGGGGATCTCCTGCTCTGTGAGCATACGGGCTATCTTGGTCGGCCCGTTCCCGGCAAGGCACAAGCTGTAAATCTGCCGCACAACAGGGGCGGCTTCCCCGTCAATGATAAAATTTTCGTCCTCGTCCATAAAGTAGCCGTATACGGGTTTGCTCGTGACGGGCTTCCCGCTCATACCCTTAGACCGTTTTACTGCTTTGATTTTCTTGCTCGTATCTCTCACCAGCCATTCGTTAAAAATGTTCCGCAGAGGGGCAAAATCATTGTCGCCCTGTGCGCTGTCCACTCCGTCATTGATAGCGATAAAGCGGACGCCTTTCTGTGGGAAAATCATTTCCGTATACATTCCCACTTGCAGATAGTTTCGCCCTAACCGTGACATATCCTTGACGATAACGGTGCCGACTTTTCCGGCTTCAATGTCCGCAAGCATGGCTTGAAAACCGGGTCTTTGGAAGTTCGCCCCAGAATAACCGTCATCTGTGTACCATTGCAGATTGGAAAAGCCGTTCTGCTTCGCATAGGTTTCAAGAATACGCTTCTGGTTTGAAATAGAATTGCTCTCACCTTGCAGCTCGTCCTCGTGGGATAATCTCGGATAAAGGGCGGTAATAAGGTTTCGGGTGGTCTGTCTTAACATAGTGTCCTCCATTTCCGACAGCCAGCCCCACTATTCCGTATGACTATCATACCACACGCCGGGGCTGGCTGTACAGTCCTTTCTGCTTCTTTACGTCCCGTCAAATTGCCGATTTTTGTGTAGCAGCTTCCGCTTCCAGCACTTTCAGCATTTTATCGGCGGCGGTGGCGGTGGTGTCCTGCTTGAAATAGCCGGAAACGACAAGGACAGAATTACCTATGCGGATTTCCGTCACGCAATCCGGGCGGCGGGTGCTGCGGTCATTCTTTGGGGTGTTGGTCATAGGCGGCTCTCCTTTCTGTTCATCAGCTTTTTCAGTTGTCCCATTTTCTCCTGCGCCGTGGCTTTTCGGAAGTTGCTCCCGGTAAAGCGGACAGGAGAACACATTTCAATCAGACGGTCATAAATGCGGGCGTGGGCGGTGTCCTCCGGGTGCTGCAAGTCCTCCAGCGTGAGATTAGTCGTGACGATCAGCGGCCTGCCGCTGCGGTAACGGCTGTCAATCACGTTGTAGACCTGCTCTAAGCCGTATTCCGTTCCCCGTTCCATTCCAAAATCGTCAAGGATAAGCAGCGGGAAGCTGCAAAGTCGGGAGATATATTCATTCCTGCCCTCAAAGCTGGCGGCAAGGTCACCCAATATCAATGCAAAGTTTGTCATGCACACGGGGATTTCACGCTCCATAAGGGCATTTGCGATACAGCCCGCAAAATAGCTCTTGCCTGTGCCAACGCCGCCCCATAGCAGATAGCCAATGTTGCGCTCTTTCATGGTTTCCCAGTTCTCCACATAGAAATGGGCGTGTTCCATTTGCGGGCACTTGCCGTTGTCGTTCTCAAACGTCCAGCCCTGCATAGCCGGGTCTGTAAAGCCCCGCCGCTTCAACCGCTCGACAGTTTCAAGGTGACTGCGCTGTTTCTCTGCGGCTTCCCGTTCCTCACGCTCTGCCCGCTGGCAGTCACATTCTGCCGGGTGGCGGTCACGCCCCAGCCATGCGGCGGTTTCTTTGGGGAAATAGCCCTCTTTGGGCTTGTGGCACTTCCCGCAGTATAAAAGCCCGTCCTCGCCGGTGTAGTCCTCCGGCTCCGGCGTGGTGTCGGTCATATTCAAAATCATTTCATCAAATCCATTCGTCATAAGCTCTCGCCCTCCTTACAGGTATAATCGGGTATGCCCTTTTTCGGGGCTTTCTTGGCTGCGTCCTCCTGCGCCCACTTGAAAATCGTGGCTGCATGGCTCTTGTATTTCCTCCCGCTGGAAGCGATATGGCAGGATAGGCGGTCAATGTAATACTCCCACTTGCCGGGAAGCTCTGTTTTCAGCCCGTCAAGCTCCGTATCGGAAAGAATGACATTGTGGTATCTGCCATAGGCGGCGGGGGCGGGGTGTCCCGTTTCTAACTCTCTCTCTTTTTCTATTTCTATATCTATCTCTTTCTCTATCTCTATCTCTGGTGGACAAATGTCCGCTCGATATGGTGGACATTTGTCCGCCCCTGTCTGCGGCAGGGCTTTTTGTTCCTGCAAAGCCAGCCGCGCCCTGCGCTTGCGCTCCCCCTCGGTAGAGGACTGGCCGATTAAAAGCTCAATGTTGCTCATGTAGAGTGCGCCGCTTGGCAAAGGCTCCACAAGCCCCAGCTTCATAAAGATTTTCAAAGCTCTCTCTACGGTACCTACCTGCTGGCGGGTAATGGTCGCAA
NZ_CP109619.1_gap16	318462	322487	4025	CCTCTGTATCTTGGTCTACCCGTCCATTCACACGGGCGGCACATTGTATGCGGCGGCGGTAATACTGCAATACAGTTCCCACCGCTTCCGGCTCCCCGCTGGCGGCTTGGACGATTGTTTCATAGGGGAGAAGCCTATTATTTCTCATATGCCATTCCCTCCATTTCCGCTTGGAGCTGCCGTAGGGCTTTTCGGATATGGTAGCCCGCTGTGCTGCGGCTGCGCCCGTACTGTCTGCCAATTTCGTGCTGTGGAATACGCTTGAAAAAGGACAGGTAAATCATTTCCCGCTCCCGTTCGTCCAGCCGTGACAGGGCTTCCGCAAGTAAACCGCTGCTGAAAATGACCGTATCGCCGCAAAGGGTAAGTATGTATTCCTCGTCCGGCTCCGGGGCTTGGAAATATTCATCTGTCGTGCCTAAAGGGTAGTGCTTTTCGTCTGTGAGGTATTCAAGGGATATTTCTCTTTTGTGCTTCCTGCTCCGTGTCCTCGCTGCGTTGATCGTTGCATTTCGGATAACGACTTTGCAAAAGGCATGGAAAGTGTACTCGATATGTTCCCGATATTCTTCTGTACAGGTCATGGAAAATCCCCCTTTCCTCCCAAAAGGGCTGTGGCTGGTTAGTAGTTGCTTTTTATGATAGTAAGGGGCGGCAGCACTTTAGGCTGTCGCTCCTTGACTGCCTAACTGCAAAACCGGGCGGGGCTGTCAACGGCGGGCGAAGCCCGTTCATCTTGACCGTTGACTGGCTCGGCCGGGTTTGCTATTTATCCGGCAAACTTGAATTTATTTTAAGCTATCACGTTTTACCTTTTTAAGCCTTACTATCATTACCATAGGAATTTCTTTATTGTTTTTGAAACATTCTTCATAAAATCCATCAATGACAAATCCAGCTCTGAAACAAAGGTTAAAAATATCTTGTATGGAACGATGATAATAAATCTGCTCCTCCGGCTGCCCTTCGATCGCTATATCATAGTAACTGTGCGGTGTCATATATTTTTCAGTCAATGTGATAAAACAAGGGTGCTGCGTTGCAAAGACAAAAATCCCGTTTTCCTCCAATAGTTCATAAACAGCCATAAAAAGCGGTTCAATATCCGTAATATCCATAATTGCCATATTAGAAACTGCTTTCGTAAAGGCTCGATTTCTTTTTAATCCTAATAAGCTTTCTCTATTGGTCGCATCCGCTACGCAAAACTCAATTTGTTTTGCATATTGTGATCGCCGTCTTTTAGCCAATTCTATCATTTTTTTGCTGTAATCAAAAGCGACGACCGAAGCGCCTCTCTGTGCAAGATACGAAGAATAATTTCCATTGCCGCACGCAATATCCAAAATGTAATCCGAAGGATCAGGAGAGAGAAGTTCCGTTACTTTGGGACGTACTACCTCTCTGTGAAATTCATTGGATTCGTCACCCATTGCATCATCCCAAAATTGTGCGTTTTTCTCCCAGATCTTTTTGCTTTCCTCTGTTCCCATGTTCTCTCCCACTCCCAAAATTTGCCTTTTTGCTTCCATTAAATCTTCCTTACTATATTCCATTGTTACCCTCCATAACTTCTGATTGTTGCCGTCTTGACTATTATGTATCTTTTCTTTCCAAAATGGTATAGGCTTTTATTTTTATAATGCTGCAAAACTTTTCTTCTGTAAGGTATTCAAAGGATATTTCCCTTTGCCGCCGCTATTGGAAAGCCAAAAGCAGCGGCTTTTTTACGCGATATGACCGAAAAGACTAGAAAGCAGGATATGTCATCATTTGTCATTTCTTCTCAATGTAATAACTGCATGGCATATCAAGCCAAATACAAGAGAAAAACAGCCACCGCCAAATAGTGATGCTCCCCACCCTGCACCCGACATTGTCATAAAACCGCCAACAAAGAAAATACCAATGCCAAGAAATATCCCGACACCATAAAAAAGTCCAATTGCCATATCATACTTATTAAATTGTCGTTTCTCTTTTTTTCACATGTTTCCATTTTTGTTATTACCTCCTTCGCAAAATCGTCCATGTGGACTCCAAAAAGAAAACAAATTTTTTTCAACGTATTTAAATCGGGTTCATTAACATCTCTCTCCCAATTCGATAGCGCCTGCCGGGTAACATTCAATTTCCCAGCCAGTTCTTCCTGTGTCATTCCCGATTGTGTTCGCAGATGACGTATTTGCTTTCCTGTTGTAATATCCGTCTGTTTCTGGTTCAAAATGGTTCCTCCTCTCTGATGCTGATTTTATCAATGATATTTCGCAATAGCCAGCAATGAACGTTTGCATTGCGCAAGATGTTACATTATCTTCTGAAACATATGCCGGATCTTGTCTAAACGGCTGTTCGGGCGGCGTGGCTGAAACACAGGCTCGCCGGAAGTTTCCTGATACCCTTTTAATTCTGTAATGCAGACACTTCTTCCATTTGTATAAAAATTCAAATCATTTCTATATTCACCAATACAACGGGCAGGGATTTCCCCCTTAAAAATAACTTCATCTTTTTCAAGTCTGGTTGATTCAATGATTGCGCAATACTTTGGTGCGTCATTATAAGCCCGTGAAAGATATTCCTGCGGTGCAAAAAGGGTAAAGGAAAGGTATGGTTCCAACAGTTGTGTTCCTGCTTTTTTCAATGCCTGCTCCAACACGACAGGCGCAAGAAAACGAAAATCAGCGGGGGTGCTGACCGGGCTGTAATAAACTCCATAATCAAAACAAATTTGGCAGTCTGTCACTCCCCAGCCATATAAGCCCTGCTCCATTCCATAACGCACACCCTCCATGACGGCATTTTGAAAACTTTGGTTTAAATAGCCGAGAGATACCTCGCTTTTATATTGTGTTCCGCTTCCAACAGGAAGCGGTGTTACAGTCAAACCAATAGATGCCCAAAACGGATTCGGCGGCACTTCAATATGAATCGTGTAGCTCGCTTTTTTTTGCGGTCTTTCCAGATAAATAACCGAAGGCTCTTTCATAGCCACGCCCACATGATATTTTTCTTCTAATAGCGAACAAATAACTTCTAACTGTACTTTTCCCAAAAAAGATAATATAATCTCATGTGTAACAGTATCAATGTCAAAATGCAAAAGAGGGTCTGTATCAGCAATCTCTGTGAGGGCATTTAACAGGGCTTCCCTTTGCTCCGGCTTTTGCGGCTCTACCGTTGTCCGAAGTAATGGCATGGGATTATCAATCCGTGTTTTGTGAGGCAGGAGTTTTTCATTTCCCAGAATGTCGTTCAGTTTCAAAGTATCATCAGCTAAAATAACAATTTCTCCCGGACAGGCATGGTCAACCGGGACGATTTCACCATTTGACGGAATACACATTTCTGTAATCTTTATTTTTTCCTTTTTTGACAGCAGCAGGGTATCCCGTAAATGGAGCGTCCCATGATACAGGCGTAAATAAGAAAGCCGTTTTTTCCGCTCTGTATACTCAACCTTAAAAACATATCCACATAATTCAGACTGAATATCGTCTGTTTCTGTAATGAAAGTTTCTGTAATCGCTTCAATCAGTTTTTCTGTTCCTAAATTGTCTTTTGCACTCCCATGATAAACAGGAAACAAAGAGCAGCATCTGGTTCTTTTGCACTTTTCATATTGTAATTCCTGTATATCCAAAGAATCCTCTGCAACATATCGTTCTAATAGTTCATCGCTTCCGGAAATAATCATATCCCATTTGTCCAAATCAGAAATATCGGTCATGGTTATCTTTGGCGACAGGGAAACCTCCTGCATGACAATCATATCACTGGTAAGTTTATCTTTAATGCTTTGGTAAACACGCCGCAGGTCGATCCCATTTTGGTCTATCTTATTTATAAAGATAATTGTCGGAATGTCCATTTTCTGAAGCGCATGGAATAATATACGGGTTTGTGCCTGTACGCCGTCTTTTGCCGAAATGACTAAAACAGCTCCGTCAAGGACAGGTAAAGAGCGGTATGCTTCGGTTAAAAAATCCATATGACCGGGAGTGTCCACGATATTGATTTTATAA
NZ_CP109619.1_gap17	327086	331193	4107	ACACAGCGGTTGCCATGAATTCATTCTGGAACTGGAGAATGGTTACGATACCGTGGTAGGCACTTCCGGCGGGCATCTTTCCGGCGGCGAGCGGCAGCGTATTTCCATTGCAAGAGCAATGCTGAAAGCGGCACCCATTATCATTTTGGATGAGGCAACCGCATACACTGACCCTGAAAACGAGGCGGTTATTCAGCGCTCTATCTCTAAGCTGACGGAGGGGAAGACGCTCATCGTGATTGCGCACCGGCTTTCTACGATTACCGCTGCCGATTGTATTTATGTCATTAAAGACGGCGTTGTTGCAGACAGCGGAACCCATGATGAGCTTCTTTCTCATCACGGGTTATATGAAACGATGTGGAATGCACATATTGAGGTGAAAGATCATGCTTAAAGTTATTAGAAAGTTTTTTGCGTTCTGCGGTGAAGAAAACCGCCGGAAATTCATCACTTCCATTCGGCTCAATGTTATTCAGGCTCTGTTTGAGGCGCTAAAGATTCCGGCGATTGCGGTGATGATTCGGGCGCTGATGAATGGAACGGTAGAGACAAAAGATATCCTGCTCTCGTTAGGGATTATGCTGATCAGCATTGCCGGATCGGGATTGCTAAAATCAAAGGCCGTTATGTTGCAGACCGAAGGAGGCTATGACACTTGTGCGAAAAAACGGGTGGAGATTGCGGAGCACATGCGGTATCTTCCGATGGGATACTTTAATGCCAACAGCCTCGGGCAGATTACATCTATTACAACTAACATAATGGAAAGTCTTGAAAATATTGCTACCCGTGTGGTAATGCTTGTCTGCGACGGCTTGCTTACAACCTCGCTTATTGTCGTCATGCTGTTTTTCTTCGACTGGAGAATCGCCTGTGTGCTGCTCTGTGGTTTTTCGCTGTTTCTTTTTGCAAACAGCCGTCTCCGGATTGCTTCCGAAAAGGTGTCGGGAAAAAAGATACGCGCAGATGAAAGGCTCGTAGAAAAGGTTCTGGAATACTTGCAGGGTATGACCGAGGTTAAGGCTTACCGGTTGACGGGAGTTAAGAGCAGGGAATTAAATGAGGCAATCTCGGAAAACTGTAAGATCAATATCGACATGGAAATGACACTGGTTCCCCGCATAGCATTGCAGAGTTTTATCGCCAAGCTTACCGGTGTGGCAATGGTAGCTTTTTCATGCGTATTCTATTGTGCCGGAAGCATGGACGCGCTGAATGCTGTTGTCATGGTAATCTCCGCATTTATCATCTATACCAGTTTGGAAACGGCAGGACAATACTCATCACTGCTGCGCGTGGTTGATATGAGTGTTGACCGGGCGCAGGAAATTCTGAACACGCCGCAGATGGATATATCCGGAGAAACGATTGAACCGGCAGTGCGTGATATTACTGCTCAGGATATCGCATTTTCGTATGAGAAACGAAAGATCATCGACGGCATTTCATTGAATATTCCGGAAAAAACCACGACGGCGATTGTCGGCCCTTCCGGCGGAGGAAAAACCACCTTGGTAAATCTGCTTGCACGGTTCTGGGATGTAGACAGCGGAACCGTTATGCTGGGAGACCGGAATGTGAAGGATTACGATATGGATTCCTTGATGGCGAATTTCAGTTTTGTGTTCCAATCGGTTTATTTATTCCACGACACCATCGCCAACAATATCCGCTTTGGTCAGCCCGGCGCTCCGATGGAGGATGTGATCGCTGCGGCAAAAAAAGCCTGCTGCCATGACTTTATCTCAAGCCTTCCCCAAGGATACGATACGGTAGTCGGCGAAGGCGGCGCAAGTCTTTCCGGCGGCGAAAAACAGCGCATCTCCATTGCCCGCGCTATGATGAAAAACGCACCGGTCATCTTTTTGGATGAGGCAACCGCCAACGTCGATCCCGAAAACGAAAACGAACTGGTGCACGCCATCCAGGCGCTCACCGCCGAAAAGACCGTCATCATGATTGCTCATCGACTAAAAACCGTAGAGAGAGCCGATCAGATTATCGTCGTAGACCGCGGCAAGATTGTGCAGCAGGGCACACATGCCGAATTGATGGATCAGGACGGCATATACCGAAACTTTATCGGCGAACGTCGCGAAGCTGCAAGCTGGAAGGTACATAAATAATTTATAAAGACCTCTAAAAACCGTTTCCTTACAGGCTTAGAGAGTCCGTAATCCGATTGGCTTGCGGTTTTTAGAGGTTCTAATAGTATAAGCCAAGATTTTTCAAACGAATCTTTTAAACCAAGTATCCAAAAAATTCATTTGTTCTTCAGTATGAAACCGATGCTCTCCCTCATCAAAAACCGTTAAGTCCGCATGTATTTTATTCGCAAAATTCGTTATTGTTTCTAAAGAAGTCATATCGTCTTTTTTACCGTAAAGAATACCGGTAGGAATGTTCCATGCTATAGGATTTTTTCTGACAAAAGAAAGATATTCCCACGATAAGGGCTCGCCGAACTGAATGTTGATGACTTTTTTTAGTCTAAGTTCTTCTTCGGATATCTTTGCCCGTTTCATCATGTGTAAAATGATATTTTCCATATCGACAATGGGGGAAACAAACAGTGCTTTTTTGATCGGTTTTTCCGATAAGGCCAACATAGAAAAGTAAGCCCCTATACTGTTTGCAATTAATAAGATTTCATTATAATTTGGAATAAGGGAATCAAAATAGTTTTGAAATTCTTCACATGCCTGCCAAGGTAATTCCGATTTATAATCAAACCCTAAAACTTCATAATCGTCATTAAAAAACTTTTTATAGTAAAGCGCTTCGTCGGCAGAACCGCCTTTTCCGTGTATATATACAACTGCATTTTTCATTCAAAGTACCTCCATAAATTCAAAAATCAATATACGAAATAATCCGAAGTCTTTCCGCTCAAACGGTAATTTCTATCTGATTTTGCTCGATCGCTATAATTTTCTGTAAAATCACCTTGCTGAGCTTCAAGCAACTTGATAAAAGCCGATACTGAAGCTAAAAGCTGTTCCGGCAGCATTTTTACTTGTTCAATAACTGTTTCGTAAGACATTGAGGGGAAACTCCTTGTAATTATAATTTATTGGGGCTGCTATAATTCCATGCTCTTCGGATGTTTCGAAGAAACTCCAATTGTTGAAACATTCCATCGTTATTCATTTATCAAAAACTTTTCAGGATTATCCGAAATTTCTAATTTCCCATTGGAAAATGTAATTGCTATTACATCTGCTTTATGAGGGATATGCTTTCCGGCTTTAATTGTTTGCTTCTTTCCTTTGAGCCCCATTTTATCTGCTAACTGATCAAAAACAAAAGCACAGATTTTATTATTTTCATTAAAAGCATTGTCGTAATTAAGTTTTATTGCTCCATCCAGTCTAAATAATTTTGTAAGTAAATCCGAATTAAAATCCAAAGCGCCATTAAGCGTTTTAGATAATAAATCTTTGGGATTTTGGGAATATCCTAATTCAAGCAATTGGGCTGATATTTTTAAGCATGGATATGGTTTAAGCCCCTCAATCGCCGGAGGATAATGGTTGCTTTCAAAATTCTTATAATGAATTTTTGCAATTTCCTCTAAAAAAACTCTGACATCATTAATATCAGAAAAACCAAGTTTAAAGCAATCGCCGATTTCTCCAAAACAAAGATAGTTTCCTCTTAAAATAAGAAAACTCTGTTTAACGGATTCCCGCAAGCAATCTAAATATTTTTTATAGTTTTCATTGTTTTTATTTTGAATCATCTCAGAATTTGAAACATCAATCAACATATAAACTATAAATTTTTGTTTGTCCCAAATGGTTATCATCTGTGACAACTGTTCTTCCCGCACGCTTTCTTCATTATCATAAAGTTTTCGTTTGTCTGGTAATATCCCTTCAATTTTCGCAAATAAATTATCTTCTGTAATCTCTAATAATTCTCCGCATTCTTTACATGAAGAAGATGAAAAATCATTATCACAATTGCAATTACTGCATTTGATCCTTACATTTAAATCAGTATTTTTTGCTAAGGAAACAAAGATTTCTTTTGCAAAAGATTTTCGTATATAAAGTTCTTTTGAAATTAACTGCGGAGTTATGAATCTATCATGTGTATTGC
NZ_CP109619.1_gap18	332844	333385	541	ACTAAAGCACTTAAATGTGTCTGCTCCGCTTCTGTTGGGACAATCAAAGGTAATCCAAGCAAGGGTTCTTTATCTACCTGAAAGTTATCCCCCTGCATTTTTCCTTTATAGCGAAGCCAGAACTTAATCACATTGGAATTTAATACGGCGGTTAAGAATTTAAGATTGAACCGTTTGGTTTTAATAACAAACAATGCGCGTGAAGCATAAAAAGGCTCTGTCGTATAGTAAAACCTTGGAAATTGAGTTCTCCCTTGTGAAATAATTTTTTCATTCCCTGCTTTAAAAAATTGTTCGTCCCTTTCTCTATGCAGATAATAGTAAGGTTTATTTGGTGTCTTATATTTTATTTTTGCTTGCTTAAGATCAGTTTTGAATTTATTAAAATGATTCACAAAATTAGGATAATTAGATAATTTCTTATCTGAAAAATTTTGTGCTGATAAATAAATAATATACTTATCGGTCTTCTGACAACTATATCGGTTAGGTAAACCTGTGTAGTAAGGTTTAATAAATTCTCTTTCCTCATCTGTAAATA
NZ_CP109619.1_gap19	335153	337485	2332	GTCAACGGCATCCCAGCTGATTTTATTGTACAGCGATTCAAAATTTTCAGAGAGCTTATCGTAGGTTAGATACTCAATGCGGGCAGTGGCGGCAGTATCTTTTTCGGACGGCTTAATCCGCGTATCGTAAATTGCCAATTCCTGAAAGTCCGTAAGCACTGCAATAGGCATCTTTGATGTATACGCATACCTCCGCACCTGCAGCGCAGGTTCGGGATTTGTTTTAAGGTCAACGCTCGGCTGTTTTGCTTCCACATACATCTTCCGCTCGCCGCCGTAGCAGAGCGTATAGTCGGGATGCTTTACCTGACCGTTCATCACTACGCGGTCTTCGGTAATGACCTCCTGCCGGTCATGCCGCGCACCCTTCTCGTTTTTGACATCCCATTTTAGGCATTCAAGCAACGGATCGATAAACTTATTGCGCACTTCGCTTTCCACAAAATTCTTGGAAAGATAAAATACCTCATTTTCTTTAAAGTGATTTACCAGCTGCGCCACACGCTCCTTGCGTTCAGCCATCGTCATGTCTTTTGCCTTAATGGACACCTCGACTACTCCTATTATTTGTATATTTAGGGTATTATAGCACACTTATAAGGATTTAGTAAAGAAGAAAATTTAGAGACGAAAAAACTTATAGAAATAGGGAGCGGTTAAGAATTAATTCTTCCTAAAAATCCCCAGTGTTTCGATGTGGTGGGTTTGAGGATAAAAATCGAATAGAAAATGTTTTTCTAACTTGTAGCCGGATACAAGGAGGCTTGCCGTGTCGCGGGCGAAGGTTACGGGGTCGCAGGAGATATAAAAAATCTGACGGGTACCGCTTGAGCAAAGCCAAGACAGGGATTCCTTATCGATTCCGCTCCTCGGAGGGTCTACAAATACCGTATCGAATTTCAATTTTGACTCTTTTGTTTTTGCCCAATTTTTTCCGTCCAAGGCATGATAAAAAATTTTAGGAAATCTGCTTTCTTTTTTTTCTCCGATAATTCCGCTTGATGAGCTGTTTATCAAAAAATTTTCTTGGGCATAAGCGAGAGCGTGTTTATTATGTTCTACAAGATGAATCTCTTTTGCCTGATCATAAGCAAAAAGAGAAAATGTTCCTACACCGGAATAAAAATCCAAAACAGAACTTGAAATTTCTGCGTATTCAAAGATTGTGTTTATCAGTTTTTCGGTCATTTCCAAATTAGATTGAAAAAAGCCCAAGGGATTAAATTTAATCCTTTTTCCTGCAAGCCTTACCTCACAGTCTTTTGCATTATCTTGGGTAAAAATTTTTTCTCCGTCCGAAAAAATGTGGATTCTCGAATTCGGAGTATATTCTTTTAAATTCGATTTTAAAAGATTTCTTATTGCGGGTACTGCAATGGGGCAATCCTTTATCTTTACCGAACCGGAACTTTTATTTTCTTTTAAAGAAAGAGAACCGTCCTCGTCAATGTAAAACTGAAAGCGGGCTCTATAATCCCAGTCCGGGCCGTTTACAAAAACACTTTCTTCAAAAAGATTCTTTGCAAGAGATTGCTTTTCAAAAACAGCTTTTTCCTTATTTAAACTCAAAGCTCTATCGAGGGCTTCAAGGGCCATGCTTTTTCTTAAAAAATGCTGATATTCGTCATCGGCTTTTTGGAGGTTACAGCCCCCGCAAACATAAAAGTAAGGGCACCTAGGTTCCACCCTGTGGGGAGAGTCTTCTAAAATTTTTTCGATTTTTCCCTCGGTATAATTTTTATGTTCTTTTACGATGGAAATTTCCAAAACCTCATCGGGAAGAGAATAGGGAACAAAAACGGTTTTGCCGTCTTTTAAGGAAGCTATACATGAAGCACCGAAAACCATCTTTTTTGTTTTTACGATTTCTTTTTGCATAATTTTTATCTTCTAATCAGCCTGACTATTTTGCAGAGGAGGAAGGTCGGGATGGAGGGCTCGTAAATTTTCGTAAAACCTGTCTTCAATCTTTATACCGTTTTTTGAAGTTGTTCCGAGTTTTCTGTCCTTTCGGATTGAGCCGTGAAAATCGCTTCCGGCAGTTATGGGCATATCAAGGGAAGCCGCCAGTTTTTCAAGCCTTTTACAATCATTGTATTTTGTCGAAGAATTCCAAGCTTCAAGCCCCACAAGGCCCTGCCTTTTAAAATCGGCTATAACATCGGGAAGGGAAGACCAAGATAAATACAAGGACATAGGATGAGCCAAAACGGGAATCCCTCCTGCGGATTTTACGGCAGAAATTGCGGCGGCAAGCTCTGCATTTTCTTTTTCTTCAAAAAAAGGTCTTCCCTTTGCAAAATACTTATCGAAGGCATCCTGATTTTTTTTG
NZ_CP109619.1_gap20	346617	348245	1628	ATTAAGTTAGGCAGTAGGGAAAGGTTTCCGTTTCCAAAAATACCGTCTGCTTCAGGTAAATCGTTTTTGAGGATATCGGCATAACGTTCGGCCAAACATCCGGCCAAGAGAATCTTAGTCCTAGGGTGGGCCGCCTTAGCCTGTAAAACGGCATTTATCGATTCTTCCTTTGCAGAATTAATAAAGCCGCATGAATTGACTATAATAAGATCCGCCTCATCGGGATCGGAGGTGTTTTCCCATGATAAATTTTCCATTATCCCGATTATAAGTTCGGCATCAACCTGATTTTTTGCACAACCGTGCAAATCCATAAAAAATTTCTTTTGAAGCATCTCTAATTAATCGACATCTACAACTATGAATTTAAAGCGTTTGGTTTCATCATCCCGTATCCATTTGAGGTCTTTTACGATAACTTCTCCCGGCCGGCTGACTTCCAAATCAACGGTTTTGCCCCCAGCAACTACCTGAAGTTTTACGGCATTCCCGTTGGATGCCCAAATTCTTAAACCGTTATTGGCTTGAACGGTAAGCTGTTCGGCCTTTTGATAGTACCTTTCTTCCCGATTAGTCCTGTCTGCCTCATATCTGAATAAGCAGTAGCCCCTAAATGTGGCATTTAAGGTTACGGGGTAGGCTGAACCGCTTTCAAACAACACCTTGTAAGTTGCAGCGGCCTGAGAATCGTCTTCGGAAACGACTAAGTCTGTTTCTGTAGAAGGTTTTCCCTCTGAAATACTATTTCCGGTCAAGATAGATACCAGAGCTCCGGACTCCGGGTTATTTTTATCTATGTCTTCTAGAGTAATTTCAACATCAGGTGTTAAATCGTTGTTAAGATCTATTTTAACGGTTTGTCCTAAGCTTATTATTTGATTTCCTGTTTCTGTCTTTAAATTTAATTTAGGACTTACTTTTTCTACTTCAATCTTGTATTCTTTATCTTCTATAGTTAATTTTAAGACATCGCCTTCAAATATTCTTTGTTCATATTTTTTCTGACTTATTTCGTGCGTTTTTGCTTCCCTTTTTTCCCGAACTTCGGTTCCTACATTTGCCTGACTGCGTTTTTGCTGTATGGCCGGTATCCAGCTTTTAAATGCAAAAAATACTACTGTAATTATTACGGCAATAGCCGCCAATACACCAAAGCCTATGATAAGGGGCTTAGACAAAGCAAATCCTCTTTTTTCTAATAGGGCATCCGGCGGCAGGGAAGTTTCTTGTATTTTAATCTGTTTATAAAGATTGGTTATTTCTTCGGGGTCAAGGTCTAAATATTCGCAATAATTTCTCAAAAAACCCACGATATACGGTTCTGCAGGGAAAACGCTGTAATCATCGCTTTCCAATGCTTCCAAATACCTTTTGGCTATATTTGTTTCTCTTGCAACCTGATCAAGCTCAAGATCTTTTTCTATTCTTGTTTCGGTGAGTAATTTTCCGATTTCGTTCATTATTTATCTCCCATACCAAATTAATCGACAAAAAGAAAATCATTAAAGGACTTTGCCGTAGAAGGAGCATCAAAAACAAAGTTTTTGCTGCCTACTCCTGCGTTTATCCTGTAATTATAAAAATCGAATGTAATTTTACCGCCTGAAACAGGAATTGCCTCAATTCGG
NZ_CP109619.1_gap21	502379	503783	1404	ATGGTTTGAGAGAGCCGGGTTTACGGTCTTAACCGAATACTCCGTCGAAGGTGCTTGGGAAGGTTTACGCTCCCGCTGGATTCTTTATGATGAGCAGGGCAGGAAGGCCGATCACACCTATGTTCAGCGGCTTTATTCCGCAGTGGAGTTAAAAAGGCTTATGTTGGCAGCCGGCTTTTCTTCGGTAGAAATATACGGCGATTTTGATTTTTCGCCCTATAACGAAAAGGCGAGAACGATGGTTCTCATAGCAAGAAAGTAGTCTTATTTTTTTTATAAAATACTTGTAAATTACCTCAATTGTTGATATATTGTATTTTGTAAATTTGGGTTGACTCATAGTAAGGAGTTTTGGTATGGAAAATAATGGTATTGACGGTGTTGTTTTATATGAAGATGCAGATCATAAATTTATATGGCTGGGTTCGGAAAGTAAACAGAGAAAGGGTGCTGTACAGACAATGCAGTATCTTATTGTAGACAGGGGCCGGGGAGTTCTTCTTGATCCGGGCGGAGTTCATCTTTTTTCCAGAGTTGTTACGGCTATAAGCCGATTTATTTCCGTGGATAAAATCGATACTATTTTTTTCTCACATCAAGACCCCGATGTTTCTTCAGGTATAGCTTTGTGGCTGGGTATTACAAAGGCTAAAATATATATTTCTTCGCTTTGGGTTCGATTTATGCCTCACTTCGGCATAGTAGATATTTCGAGAATGGTTCCGATACCGGATAAAGGGATGAGTATATCGCTTCCTTCAGGCTCAAATATGAAGTGTATCCCTTCACATTTTATGCATTCTCCCGGGCAGTTCGGTTTATACGATGAGCGCTCCCGTATTCTTTTTAGTGGGGATATAGGGGCCGCAGTTTTTGATGATGACAATGAAACTACTTTTGTAGAAGATTTTGAAAAGCACCTTCCTTTGATTGAGGGCTTCCATGTCAGGTATATGGCTTCCAATAAGATTGTCAGTAAATGGGTAGAATATGTACGCCGTTTAAATCCCCTGATGATTGCACCTCAGCATGGCGCAATATATAAGGATGAGCAGGTAAATAATTTTTTAAATTGGCTTTCCGGTTTAAAATGCGGTACTGATTATATCGAAAACCTGTTTTAATTTAGGAGGTGTGATAAACAGTTCGGCAGAAATTCAGCCTCACTGTTTATCTGCCGAGTTTGCCTTTCGGCAAACGTCGCATTATTGTATGCAGTTTGTAAACAAACTGCGTGAAAAAACTTTTTTCGCAAATTGATATTTGCTGCAAAAAGTTTTTATGGGAGATTCTATGGCTGACGAACAGAACATTGTCGATAATTTTGGTGATCTAATCGATAAGATCGTTGTACAATATAATAAAGGCGTTATTCTTGATTTTGTAACCTCTCATTCGTTTAAA
NZ_CP109619.1_gap22	536620	540788	4168	TGCCGTAAGAGTTGACACTTTCGGTACGGGCGAAGTTCCTGAAGAAAAAATAGAAAAGGCAATAAAAGAGGTTTTTGATATGTCTCCGGCAGGCATTATAAAGACTCTGGATTTAAAACGTCCCATCTATAAAGAAACGGCAGCCTATGGTCACTTCGGCCGCCCCGAATTCTCATGGGAAAAAACCGACAAGACGGAAGCTCTAAAGAAGGCGATTAAATAAGCTTATCTGTTATTTGCATTTACATTTAAGTTTTAAGGGAATTATTTAAATGAAAGAGATCGACGATTTTTTTGAGAGAAATAATTTTGATTATAAAATTGATATCGAATATGCAGCTTCAATCCTTTTGGAAGATATGAAAAAAGGATTGGAAAGCGAAGTTGAGTCTGTTTCTTCTATGGATATGATTCCCTTATGGAAAAATCTTCCCACCGATATCCCTAAGGATAAAAAGGTAATAATCATCGATGCCGGAGGAACCAATTTTAGGGCAGGCATTGTCTATTTTGACAAAAAGGGAGTGCCTGAGATTCTTTCTTTTTTTAAACATCCGATGCCTGCTCTTGACAGGGAAATGACTAATGAAGAGTTCTTTGACAGCATTGCCGAATACTTAGAACCTCTAAAAGATGAGTCTGATATGATTTCTTTTTGCTTTTCCTATGCCATAAAGATTTTTCCTGACGGCGGAGGACAGGCTATTAAACTTTCAAAAGAAATAAAACTGCCCTATATCGGCGATTGCAAAATAAATGAAGGGCTTTTTCAAGCCTTATCTCGTAAGGGTTGGAAAAAAATAAAAAAAATTATAATGGTGAACGATACCGCTGCAGTTCTCCAGTCAGGAATTTTTTCTGAAACCGATGATCAGAGCTTTGACTCTCATATAGGCTTTGTTCTAGGGACGGGTCTAAATTCTGCATATATCGAATACGGAAAAATTGAAAAACTCAAAACTACCGAATTTTACGATAAACCTCAGATAATCGTATGCGAGTCGGGAAAGAGCAATAAGATTCCTCAAAGTAAATTCGATAAAATCTTATCCGAAAATTCCAATTTAAAAAACGAGTATTTTTTAGAAAGAATGTGTTCAGGACGCTATCTTGGAGAGCTTTGTTCAATCGCTTTAAGGGCGGGTGCTGCCGAAGGAATTTTTTCACCGAGGGTCAACAAGATGCTTTTAAATTCCTGTGATTTTTCAAGTGAAGAGATTTCTTTGTTTTTAAAGGAACAAAATCACGATAAAAATATTTTTTCCGGTATAATCGAAGCTCATTCGGTTTCAGAAGACTATGTTAAAATCTATTCCATATGTAAATGTTTTTTTGAGAGAGCTGGAAGGCTTTCAGCTGCCGTAATTGCTGCCGCTTGTATAAAAACCGGTAAGGGTAAATCGTCGGATAAGCCCATCTGTATAAGTGCCGACGGCTCGATGTTTTTAAAAGGTTTTTTGATTAAAGAAAGAATCTTTAAGAGTTTACACACCTGTTTAACCGAAAAAAGAGGAATTTACTTTGTTCTTAAAACAAATGATGAGGCCGTAACCTTGGGTACAGCTCTTGCAGCCTTTTTAAATTAAATAATAAATCTTAATTTTTTTTAATATGTTGACATTTTATTTTCTTTTTGCTAAAATTATACCTGATAAATCGTTATGGTTTATACTTTAGTTATGGGAGATCGAAATGCGTAAATGAGTTTATATCTTCGAAGTAATTTTACTTCCGGCTTATAATACGGAAACAAAAACGAATGACCTTTTGCGAATTTTGCTTTTTCCGCCGCCTTCTTTTTGATTCCTTCAAAATTGTCTTTATAGCCTTTTTGTAAATTTATTTTGAAAAACTCGTTATCTCCCAATCTTTTTTAAATGGAGGAGAGTTTATGAAAAAACATCTCATGGTTATTGTTACGGGTGCCGTGATCGGTATTGCGGCCCTCGTATTGGTTAGGTTTGGAAATCCGGGAAACATGGGCTTTTGTATTGCATGTTTTTTACGGGACATTGCCGGTGCATTGAAACTGCATAATGCAGGAGTTGTTCAGTATATGAGACCTGAGGTAATCGGTCTTATAATCGGGGCCTTTGTACTGGCCTTTGTAAAAAAAGAATTTAAGCCGAGAGGCGGTTCTGCTGCCTTTACCCGATTTACTCTAGGTTTCTTTGTTATGATAGGAGCCTTGGTTTTCTTAGGCTGTCCTTTGAGAATGTTTTTACGCTTGGGAGCAGGTGATTTAAATGCTGTTTTCGGTTTAGTAGGCTTTATTGCCGGAATTGTAATCGGTATCTTCTTCTTAAATAAAAACTTTTCTCTTAGCAGGGCTCATAATCAGTCAAAGCAGGAAGGTGTAATTCCTATAATCTTTGTGCTCGTCTTCTTTGTTCTTTTGGTTGCCTTCCCATCAGCGCTTGCTTTTAGCGAAAAAGGTCCCGGTGCTATGAAGGCTCCGATTTTCTTGGCCTTGGCTATCGGTCTTGTTGTAGGCGGTCTTGCTCAAAGAAGCCGAATGTGTACTGTAGGCGGAATTCGAGATGCAATCATGCTTAAAGATTTTCACCTATTGTGGGGAAGCCTTACTATTTTGGTAACTGTTGTAGTAGGTTCGTTAATTTTAGGTAAGTTCAATTTAGGTTTTGCCGGCCAGCCAGTAGCCCACACAGACGGCTTATGGAATGCCCTTGGAATGGTTTTAGTCGGCTGGGCAAGCGTTCTTTTGGGCGGCTGTCCTTTAAGACAGCTCATATTGACGGGTGAAGGAAACAGCGACTCCGCAATTACCGTTGCAGGGCTTATAGCCGGTGCTGCCTTTGCCCATAACTTCGGCCTGGCTTCTTCCGGTAAGGGGCCGACAAGTGCCGGAATGATAGCTGTTGTTGTAGGTTTGATTCTTACAGCTTTTGTAAGTATCTATTATTCTTTGAAAAATAAATAAGTTTTTATTAGGAGAAGATTATGTCTGATATTATTGTAGATGCTCGAGGACTTGCTTGCCCTGAGCCAGTGGTTTTAACCAAAAAAGCTCTTGCTGTAAATTCTGCCTTCGTTGTGTTGGTAGATAACGAAACATCAAAAGAAAATATAAAACGCTTTTGCGATAATGCAAAGGCTAAAACAAAGATTGAACCTAGCGATGACGGCTGGAAAATTGCCGTATCAAAATAATGAAAGAGTATTTAATTACCTTTCATACACATTATGATTCTCTTGTCTGCATGAGAGCCGTGAACAAAACGGATAATGCTAAGACAGGAGATTTGACTGCAAAATTGGTTCCGGTGCCGCGCTCTGTAAGTTCAAGCTGCGGCACTGCATTAAAATTAATTTTTAAAGAAGGCCTTGCTTTTGATAAAGATTATTTTAGTCAATTTGATTACGATGCTTTTTATTTTTTAAGTGAAGACGGTAAGTACGTTGAAGTGTGATCGGTCATCTCTAAAAACCTTGTTGGATTTTAGAGATGACCAACGAGTTTTTCATAAGTCTTTATATATCAATGACTTATGAAAAACATCGTAAATTAAATTTAAGGAAAGCCTATAAAAACTGATGTTTTTATAGGCTTCCGATAGTGCGATTAAAGGCGGCAGTGTTACGGAAGCCTTCCGATTTGGATGGATTCCATCAATACTGCCGCCGCTTTTTATTAGTTAATTATTTTGTTTTTAACGCATCCAGTTTTTGTTTTAATTCTGCAAGAGCCTTTTCTATTTCTTCATAGGTTTCTAAAGTTTCCAGATGAGCTTTCCCTTCTTTAACGATTTTTTCCAACTTTTTTTGTTCTCCCTTTTTATAATTGTCGGGATTTTTGTAGTTTACAAGCTCCTTAATTGAAGCATCAAGCACCAAAGCCTGTAAAACCGCATTTTTTACTGCAAGGGAAGCTGCTGTGGCTCCTCCTACGGCATCAACTCCCGGAGCTCCGGGGAAACCGACATCCATTTTTTTGACATCTTCTATGGTAAGGTTTTTATACTTTTCAAAACCTTTTCCTGACAAATATTTTTTCCAGTAAGCTTTGTTGCTTGCTGCAGCTCCTATAACATCTGCTGCGATAGATGCCTCCGTGTTTTTCTCGTCATCACTTACTTTGATGATTTTACCTTGGTCATCAACGGTTACATCGATACATACTGAATATCCATATTCATAATTAGTACCG
NZ_CP109619.1_gap23	544002	548645	4643	ATATTTTCCTGCAGAAATTGAAAATCTACCGGTCAAAGGAATTTGTTTCACTCAGAAGAGAATGTCAAGACTGGCTAATGAAAATGGTGATGGTGATGAGATTCCATGGGATTTAGTCATAATACCTGATACAGTAGAATTTGTTACAAGTACTGGCGCCATAGACGTAGTAAGAATTTGTGCAAAAAAAATAGTACCGGGGAAAAAAGCTGTTTACGGATATGGTAATGAAAAAGGGCTCTCTTCTAAGAAGCCTTATCCAAATAATCCTGACTATGAATTTTTCTTTCTTGAAGAATTTGTAGTACCTGATACCGTGAAACAAAAACTCGGAGCATATCACAAATTTAATGGAACTACAGTTATTATTCCTGACAGAATTGAAGAGTTGAAAGACTTTAGCTCAGATACTTTAAAGAGTATAACCTTTCCAAAAAATTTAAAAAAGATAAACGGAAATTATGGTGAAGGTTTCTCCTACTACCGTAATTTAACTGAAATTATAATTCCTGACGAAATTAAACAAATTGAATTTGATTGGTGTAGTTTCAAAGGTACTCATTTAACCTTAAAAACACAAGCTAGATTAAAAGAATTGGGATATACAGGAAGTTTTTAATTACAAGAGCAATCTTGTGAAATTATCAGTTTTGCGGATTGCTCTTATAATAAATTCTGTTTTTAACTTGAAAAATCAGTCTAAATATAGTATCACACAACCCAAAAAGAGGAGGAGGATAATTATGGATGTATATTTGATTATTGGTGAATATGCCACCGGTAAATCGTCATTAATGCGCTGCTTAACTGGAAGTAAGCAGATGGAAGTAAAGGAGCTTAAGATGCTTAAGCAAAATGTCATTAATGCCTATGTGTTTGTACGATCTGCACAGGAAAAAGGTATGCAGCCGCAAGATGTTATTAATGAGGTTATACAGAGTCCTCAAAAGCCGAATGCGGTAGTAGCAACTTTGCGCAGGAAGGCTGTAAATAAGTGTCCTGATGCAATTAGCTATATTACCGCATTTCAAAATGCCGGTTGGAATGTGCAAAAGACCGTGCTGTTAGATTTTCAGGCAAATAGTCCGGCATATATAAATCCTTATATGTTATCTAATGTAAATCAACAGCCAATAAACGTTCCTTCGCAACAAATACGTACGCATTTTGCATTTGTGTAGTAAAGGACTATGTTCAAATTCATTATACTCAGATATAAGTCTTGAAAGAGGATGAACTTGAGCTTGATACTCTTGGAGATAGAAAAACGGCACTCTTTGTTATTATCTCGGATACCGATGAAGCTCATTGCAACGATCTGTTCCAGAGAAATTTCAACAAGTATCATACTTCAGGCACAATCTCAGCTAAAGGCAATCTACAAGGATAATGCCGATACAATTGTTGGTAACTGTGATAGTACCCTATTTTTAGGTGGAAAGGAGAAAACTACACTAAAAGAGCTTTCCGAAACACTTGGTAAAGAAACTATTGACCTTTACAACACATCGGAAACAAGGAGTAATCAAAAGAGTTTCGGCTTAAATTATCAAAAGACAGGTAAAGAACTTATGAGTCAAGATGAGATAACAGTTATGGATGGTGGTAAATGTATCTTTCAGCTTAGAGGCGTAAGACCTTTTCTATCAGACAAATTCGATATTACAAAACATAAGAATTATAAGCTCCTTGAAGACTATGATAAGAGGAATGTATTTGATATTGAGGAATATATTAAACGAAAAGGTAAAGCTAAGATGAATGGCAATACAGTGATTACAAGATTGTAATATTTTCTGTTATAGCTATACAGGAGAGGGTCTATTTGGTATAATAAAGTTTGATAAATCAGGATTTGTAGGAGAAACGCAAGATATGCAACTGTGATATAATGTTCGGTGTGCAAAAGTGTGAATTTTATTAAAAAAAGGAGAGTATTCATGGGATTTACAATAGTACTTTTGAGTTTTGGATTTCTTGCATTACTGCTTTTTTTATTGACAATCTATATCTATTTGAGAATTGTGATAGCTATAGGAACAGACACAGATTTGCCAAGATGGATTTATTTGATTGGATCAAGCCTTAAAGGAAGATTCAGTAGCAGGCAATTTGATTATGTTACTGATTCGACAGCATTGAAAGAGGCTACCTTATTCATTTTGAATTTTGTTTTGGCAAATATTGTTGTTTTCGGCGCAATATATTACAGAACACATCACTTTTCAAAAGCGCTTTATATGTGTTTGAAGGCTGAGTTTTCTATTGTTATTGTAGTACTAATACTAAGTCATGTTATAAAACTGATTATTGTATTGTCTCATCGCTCGAATAAACCGATGTATTTTTATGCTTCATCAAATGCTATAGTTGCGAGTATGTTTTTTGCATGTTTTGCCTTCATGTTATTCTTCTCTTTGACCGGTTTTCCGTCAGATCCAATCGAAGTTCAAGTAGATAAAACGAATGTCATTGTTGGGGAAACAAAGGCATCTGAGCTTTTGTCCGAAGGGTTCACATTTTATGAAAAAACTGCTGATAGCGAGATTGTCAATGAACGAAATGATCATTTTTATTACGGCAAGCTTTTAGAAATTTTTCGTGATGGTAAGTCTTATGGTTTTGTGAGTGTTACGCCTACAGGGAAGGATTCAGATAGCTTAAAGAATTGCGTTATCACATACTATGAGATTGACGCTGATAGTAAGCAATTATCCGAGGTTACCTTTAATCATACTGACTTATCTCAACTTACAATCCAAGATTTTAAAACAAGGGATATAAAGGATATTTTTTCGTTAAATCCCGTAGATTCTGAAGAAATAAAAAATGATACTCTTTTCATTCTTAAGATGCAAACTACGGATTATGTGCTATGGAAAAGATATAGAATCGAGGCTAATTTTAATGAGGATGGAACTGCATATCGTTACGGTGCAAGAGCACAACATGTACAATGGGAGTAAATTTTTATAACACAAAAGGGGAGTAAACTTTTCAAGTATACTCCCCTAATTTATCTTTTGTTATTTCAAATTGTCATTTGCTTGTTTTTGAACGATAGCCTCTATAAGAGGATGTTCATTTATGATGTATAGCAGAAATATGATTTCGCACTTGAAATGTATTTCATTCTATTCTTTCCATCATCACATTGTAATGGAAAACTCCTCTTCAAATTTGAGCAAATCATGTTCTGAAGCACCGGCTATTGATTCATATTCCTGAAAATATTCTTCTTCAATCGGATCATCCAATCCCCATTCTTCAAAATTTTCGCATACATATGTTTCAATTTTCTTGATGTTATCAATCAGTTCCATTTTATTACAACTCCTTATTATACTGTTGTCTATGTTTTTTGCAGTATCATGCACTGTTACAGACAGTTTAATGTTGTTTCAAATGCTATTGATACAATTAGCCGTTATTTGTTTGAACGACCTTATATCATCATTGCGAATTATTATCATAAAATTGGACATCCGTAAGTTCTAATGTTTCAGTATTTTCATAACTGCATTTTTCTTTGATAAGATGATTGGAAACTTCAAAAAGTTTTTTATCCGAAACCATTTCGGTATTTATGCCGAATAATTCAGTATCTGATATTTTATCTGCTCGAGTTTCTTTAATGCTTTCTTCATCTGTTTTTTTACTCAGCGTTTTATTTTTTAGAAATAAATATTCAATATAATGTTGTACTTCCTGCTGCAATTCTTTTGAAAGCAAATTATATTGATGTAACATTACCTCATTACGCCTGTAATAGGCGGTCTCGTGAAATATCGGAGCAAAATATAAGGAAATTCATTAACTTGTCCGCTAAAAACGGACTTTAGAAATGTTTTTTAAAGTTCCTTTATGTAAATTCATCCCTCACCCTACAAAATCAGCATTGCATCCCCGTAAGAAAAGAATTTATATTTTTCTTCGACGGCATGGCGATAGGCTTTAAAAATATTTTCTTTTCCTGCGAGGGCGGAGACCAGCATTACGAGGCTCGATTCCGGGGTGTGAAAATTGGTAAAGAGCTTATCTATCAGCTTAAACTTATATGAGGGGTAAATAAAAATATCCGTAGACTGATTGCCCCGTTTTAATTCTTTTCTTTTTTCGTCCCATGCGGATTCGAGAGTGCGCACGGTGGTCGTTCCTACAGCTATAATAGGCCTTCCTTCTTTCTTTGCTTTTTCAACTGCCTGAGCCGTTTTTTCCGAAATAAAAAAATGCTCGGTGTGCATCTTATGGTCTTCTATTTTTTCCGCCCTTACGGGAAGAAAGGTGCCGAGTCCCACATGGAGGGTTACATATTCAATATCGATTCCCTTATCCCTTATTTTTGAAAGCACCTCTTGGGTAAAGTGGAGGCCTGCAGTGGGAGCCGCAATCGAGCCGTAGATTTCTGCATAGACGGTCTGATAGCGGTCTGCATCTTCTTGGGTATCTTTTCGGTGAATATATGGAGGCAGGGGCATGTGTCCGTATTTATCGAGCCATTCATCATCGATGACCCTATTAAATTTCATACAGCGGAATTCGCTTTCGAGAGGTATCTCGGACTCGATTATTTCAGCTTCCGTTCCGTCTTCAAATAAAAAGGTCTTCCCTGGTTTTTGGCGTTTTGCTTTTTTTGCCATGAC
NZ_CP109619.1_gap24	558760	563334	4574	TTTATCCGGCGAGTTTGCCTTATCGGCAAACGTCGTATTGTTGTATGCAGTTTGTAAACAAACTGCTTGAAAAAACTTTTTTCGCAAATCGATATTTGCTGCAAAAAGTTTTTATGGGAGTGCTTAAAATGAATAAAACAATGGCCTGTGAAGACTGCGAAGCAATAGATGAAGCTTTCGGTAAAATGGGCGAAATGCAAAAAAAAATCGCAATAAAAAAAATAACCGAGATGGAAGAATCTTTGGAAAAACTTGAAGATGAATTGACCGATATTATTAACACCCATTCAAATATATTGACTGAAAATTGATGGAGTTTTTATGAAAGAAAAATTAAAATTTGCCTTACCGGTTTGCTTTATTTTTTTTATTTTGCTAAACCTCCATTCCGAGCTATCTTTTGAATCTGCCGATATAAATACTGAAGGCGATATTTTATTCGATATCAAGGCAGATGCTTATGAGGGTTATTCATATAAAACTCTTTTTAAATATTCGAATGAAAATAATAAAATAGAGCAGCTTACATTTTTTCCCGAAAAATTACAGCTTTTAGGAAACAATAAATTTTTACAGGTTTCAAACCGTTTCGGTATCATAAGGCTCGACCTCAAGTCAGGAGCTGTCGATTCCCATTCCGATTTTGAACCTCTTTCGGCATCCAATTCTTCAAAGATAGGCGCTCTTAACAATATAAAAGCAAGCCCTGACGGAAGATGGCTTACATTGGTCGAGCCGTCTACCCTTGTTTTCGGCCGGCTCGTACTGATGGACACCGATACCGGCAGAAGATATATATTGAGTAACAAAAATGTTCGAAATGATCTTCCCGTATCTTGGTCGCCTGATTCAAAGATTATTTTATATGAAGATGATGGAGTAATTTATTTTGCCAGACCTGAGTGGTTTTCGGAATCCGCTTTTACGGATAAGAATTTTAGAAAACTTTCTCAAGGTAAAATAAAGAATTTAAAATGGATTTCATCTTCGGAATTTGTTTTTTTATCGGGGAATGCTCTTTACAGGGTTTCTTCCACCGAGCTTTTTACAAAGGCTTTTTATGCGCCCTTATTTTCTGCCGGAAAGCTTGCTGCAAAAATCCCTTCGGATTTTTCTCCTGCCTTTGATTCTATTTTTATAGCACCTGACGGCAAGACCGCTGTTTTTGTTAAAGGCAAAAGAAATGTTTACCGGATTAAACTGGATGGAGACGATTATGTCAATGTTTACTCCTCTGATTCTATTCCCTATTTGTTGCTTCCGGGAAACACTGCTGAAGTTTCCGTTCATTGGAAAGATAATTCTCCCATTGTTTTTGCCGAGGGTCTTGCAGGCGGCTCAAAAATTTTAAGGGCATGGCAAATTCTTCCTTCTTCTTCAAGTTTTGAAAAAATCCCCATCATCGAAAAAAGCTCGTTTCTTGCAGCCTCCTCTAATTTTGAAATTGCCGCTTTTAAGGAAGATGAGGGTGTGGTTTTCTATGATACTTCGCTCATGGAAGAAACCGGTGCGGCTTCATGGAAAAAGCTCGATGTTTTTTCGGATGAAAAAATTGTCTCGGCTGTTTGGAAAAATAATTTTACCTTTTTTTTAGGCGGTGAAAATTATATTTACGAGTATAATCTTAACGATAGTTCTTCCGATGCAGGCAAGAAAAAGATTTCCGTTTCGTCAATGCAGGATTATAGTTGGTCGGACTCAGGCAAGGAAATTTTAATAAGTTTGAAGAGCGTCCGGAATAATGAGACGGATGGCGCTCCTCAGGACTCCGATAATGCAGAAGTCTTGCAATATGTTTCAAATTTAAAATGGACTCATTCTTCAAAAAAAATCATGCAAAAGAAAAACGCTAATCTTTCGGATAGAATTTACATAGATTCAAATTCAGGTTATTTTGCTAATATGATTTATATTCGCCGTCTTAAAGATTTTATAACCCGTCCTCTTTTGGAAGATGGAAATTTTTTAAAGGAAAAAGCTCAAAAAAAGATTTCTTATGAGAGTGCCAATTCTTCTTCCGTTTTTTCGCATGGAAGCCGAAGCGGGAAAAAACGGGTTACCTTAGTCTTTGATGCCATGGATGATATGGACGGAATTGCGAGCATTCTTTATACCTTAAAAAAGAATAATATAAGTTCAACTTTTTTTATAAACGGTGAAGCGATGAGGCAAAACCCCAATGCCGTAAAAGAGATTGTAAAAAGCGGACACCAATGCGGCTCCCTTTTCTTCACTACATGGAATTTGAATGATACGGCTTATCGGATAGACGATAATTTTATAAAGCAGGGGCTGGCCCGTAATGAGGATAATTTTTATTCTCTTACAGGTTCCGAGCTTTCCCTTATCTGGCATACTCCTCATTATATTTCTTCCTCCCTTATTGTAAATGCAGGAAAAAATGCCGGCTATGTTTTTATTTCGCCTGATGTGAGGGTAGCCGATTGGCTTAGCCCGGATGAAAAATTTGCCGTTCCTTCTCTTTATAAGACTTCTGCAGAATTAATTGAAGATATAGCCGATGCGGTTCAGCCGGGTTCTATAATTCCCATACGCATTGGCAGAAGCCTTTCAACTAGGAGCGATTATCTTTATTATAATTTACAGCTATTGATAGATGTTTTAACCGAAATGGGGTATGAGATTACCGATGTTAAAACCTTGATGGGGCTTAAGTAAAATCTCTTAATAAGGAAGCCTCCAAACTCTAAACGATTTTGGAGGCTTTTTTAATAGTCTAATCCCTATTTAAAGTGTTTATAGCTTATTGAAGGATCGTAGAGACCTGATCTTTTTTCACCTTTAATGGACGGAATCGTTAAAATAATATCCGGTTCTACCCAGTTGGGATTTGTCGGATCAGGGAGTTTATCCTTATTGGCTTCATACAGCTTACGCCACATAAATGGATTTCCATATACTTCTTTTTTGGCTGCAATATTCCACAAACAGTCCCTTTCCCCTCTCCATGTCCTAATTCTATATTGAGAAGGAAGCTCTGCAAGGCCTGTGTTATCCTTTCCTTTAACTACCGAAAGAGCATCCATTACTCTTTGGGCACATACGACTGCTACATCATAGTTTTCGTTATCGAAAGCTATGCTTCCTGCGTTTAAGGCTTCTTCTGCAGTCTTATAGGCATCGGGGTATTTTTCTTCAGCTCCGTTTGCCTTTGCCCAAGTGAATCTGGTACGTGCCTTGTTCATTTCCTGTTCAGCTTCGGTTTTAGCCAGCATTCTTTGAATGAACTCAGAGGATTGCTGTGCATAGCTTTCTGCAAGTTTGGAGTATTCTATGGCAGCGTCGTAATCTCCTTCATCATAGGCCTTTGTTGCAAGTTCCATATAAGCCCTGCTTTTTCTTTGATATTCATTGTCATCATAGGAGAGGGCAAAAAGAGGTATTAAAACCAGTAAAAATATTAAAATTGTGATAAGTTTTTTCATTATTTGCCTCCTTCTGGTGTTGTTTGATTATTTTCGGTATTTGCAGGTGCATCGCCCTTGGTGTTGATGTTTTCAACAGGCGCTCCGGTCTGAGGTGTTGACAGGTTTTGTAAATCAAGGTCTCCTTCAGTAAAGCCTTCTCCGCCTTCGGTCAAAGGAGCTTCTTTGTCAGCCTCTAAGGCCAGATCCGAGCTTTCCTGCTGCCGTTTTGCAGCCTCAGCCATAGCTCTTTCGGCCTCTGCCCGTTTTAAAGAAACCTCTACGTATAGTTTTGCAAAAAGTTTTGCAGCTTCATCATACGACATGTAGGCTTCCTTATAATCAGCCTTATCGGCAGCCGATTTTCCGCGGTTATATGTTTTGACGGCATTGTTGTATTCTTCCTTTCTGCTTCTTGCAACCTTGATCGAATCACAGTAATATTTACTCTCTTTTGCAGAATCTTTTGCTGTTTTGGCAAATTCAAAGTATCCCTTATTTACAACTTTTTTATAAAGCTTCAAAGCGTCTTCCGAAGATTCTTTTGCCATCTTATGATCTAAGGGGTAATGATCTACGGTATTGATTGAAAACCTTTCGGCATCTGCATAGTCTGACGGGGAATATGCTGCAAAACCGTTAGCTTCTATTTCGGTTCTTAAAGCTGCTGAACTCATCAAATTTGAAAGGGTTTCATATTTGATGACGGCTTCGTCGTATTTTGCTATAGCTTCTTTTAAATTCCCTGTTTCGGCAGCTGTGTCGGCCGTTTGTTTAATGTCATCCGCAGCATTAAAAAAATCGGGATATGCTTCGTCTGCACCCAGCTCTACAGCTTTTTTTCTCGCCTTGTTAACCTTTCCGTTTTCACCTTGAAAAAGTTTGAGTTCGGCAAGCAGGGGATCCTGCTTAACAACTTCCTGTTTAGGCTCTTCTTTTTCTACGTCCGGAGCCTTTACTTCTTCTACTTTCGGCTCAGGCGGAATATCTTGTGTTTTTTGCTTTGATGCACATGATGCAAAAAAAAGCGGCACAAGGATAGACATCAAAATCAGTAATTTATAATTTTTCTTCATTAAATACCTCCCATTTGATATTAACTAATAATACTCTTTTTTTACTCTTTTTTCAAGCTGTAATTTTTTTTTC
NZ_CP109619.1_gap25	578838	583096	4258	TGGTTGAAGAAGGTCAGGAAATTAAGGCCGGTGCAATCCTTGCAAAGATAGCAAAAGAGTCGGTAAAGACAAAGGATATTACCGGAGGTCTTCCGCGAGTTTCGGAGCTCCTTGAAGCCCGCAGACCAAAGTCTCCTGCTGTTCTTGCCGCTATTGCCGGTGTTGTTACCATAAAGAAAGGCTTACTTAAGGGCAAGAGAACTATTATGGTTCGAGACGAATACGGTCATGATGTAAAGCACTTGGTTCCTATCGGAAAGAGAATGCTTGTCCGTGACGGAGATACTGTAAAAGCCGGTGAGCCCTTGTGTGACGGCAGTTTTGATCCGCACGATATTTTAAATATCCTCGGTGAAAATGCCCTTCAAAACTATTTGATGAAGGAAATCAAGGAAGTTTATGATGCTCAGGGTGTTACCATCAACGATAAACACGTAGGTATAATCGTACGTCAGATGCTCCGAAAGGTAAAGATTGTTTCGGTTGGAGATACCAAGTTTATCTTTGACCAGCAGATAGATAAATACCGCTTCCATGAGGAAAATAAGAGGGTTAAGGAAGAAGGCGGTCAGCCTGCAGTTGCCCGTCCTATGTTCCAAGGAATTACAAAGGCAGCCTTAAACATCGATTCCTTTATTTCGGCCGCTTCTTTCCAAGAAACCACGAAGGTTCTTACAAATGCCGCTATTGCAGGTTCTTCGGATGAGCTTCGTGGCCTAAAGGAAAACGTAATTATCGGTCATCTTATTCCTGCCGGAACAGGTATGAAGCAGTACCGAGATATTAAACTTTTCGATAAAAACAAGAGCGACTTGGATATTCAGATGAACGAAATCCTTGAACGCCGTAGGCTTGAAGCCGAAGCTGCTCAAGCTCTCGAAGAAAAAGAACTTATCGAAGAAGAAAACTTTTTGGATGATCTCTAGGATTAGGGGAGGAAGGACACCCCGACAGAACAGGTTTTCCTTCCTCCCCTAAAACCCCTCCTTTCTTTTCCGTCTGCCAAAGGGCTTTCTGCCCTTTGGAATCCCGCAAATTATCATAGGTTTTGGTTTTCTCTTTGGTTGAGATGGAAACAAGAGGATTGGAGCGAATTCAAAGGTTGGGAGGGGAGGGGAAGGTGAAATTCCTACAGTAATTTTTTCCCTATTGACATTTGCTCATACTTGATAATATAATTTCATTGATTATAACTATTTCTTTTAATTTCTTAATTTAGGTGGTCTTGATTATGAAATTTATTAATAATAGCTTTACTAAAGCTTGGATGAACCGTAAGTATAAGCTGTGGATTCTTTTATTTGGTGCATTTTCTTTTTTAGTTATATACATCAAATATTTGATAAAAAAAATTACTAAATCTTCTTCTGCGATGAATCAATATGATGAGATTATTGCAAATGTAAATGAAGAACTTCAAAATACCAATATGATGGAAAATTTGTTAAAAGAATCTTATGAACAGGTAGTCCGTAAGAATGAGTATTTTAAGAAAGTTATGCCTGAAGCTGAGATATTAAAAGAAGCTGAAAAGAATGCAAAAAAAAGATATAATGAGTTGTATCATGAGAAAATAGATTATCTTTGTGAACATAATTCAGTGAAAAAAATAACATTTTTAGATTTTTTTCTTGATACGCTTAAAAATCCTGCGTTTTTAATCCTTTCCATCATTATTTCTTTTCCAATGTACATGCTTCTCTATATATATACTAGACCAATTCAAAAGTATATTTTAGAAAGATTATTTATGATGGTGTTTGTAATTTTTGGAGTTACTTTTATGGTCTTTACTATACTGTATTTCTCTCCTATGGATCCTGCAGTAAATATTTTAGGTCAAACGGCAACTCCGGAACAAGTTGAAGAGTTTAATAGAGTATATGGTTTAAATGCATCATATTTTTCAAGACTATTTACAACTTTTAAATCACTTATAACTTTTGATTTGGGTATCACATATGTTGGAAATATGTCTGTTTCTACTGAAATTGCAACAAAATTCCCTATAACGTTGACTATAGCATTTTGCTCTGTTTTTATTGCAGTATTAATAGCTATACCGGCAGGAATTATGTCTGCTATAAAACAATATTCTTCCTTTGATTATACATTTATGTTTTTTGCATTGATAGGCTTATCTATACCTAATTTTTGGCTTGCCCTATTATTAATTTTGCAATTCTCTATAAAAATGAACTGGCTTCCGGCAACATATATTGTTGGTAATTGGCAGTCTTTAATAATGCCTGCAGTAGTACTGGGTACGGGAATGAGTGCTACAGTTGCAAGAATGACCCGTTCATCTATGCTAGAGGTTAAGCATTCCGATTATATATTAACGGCAAGAGCAAAAGGTTTATCTCCCTATAGGGTAACAATAAAGCATATTTTAGGAAATGCAATGATACCGATTATAACGGTTATAGGGCTTCAATTTGGTGCCCTATTAGGCGGTTCCGCCGTTACCGAAAAAAGTTTTAATATACGCGGTCTTGGCAGTTTCATTGTTGATAGGCAGTTTATACCTGATGTTCCTGTTGTATTAGCGGGGGTCGTATATATTGCTGTTGTTATCAGTGTTGTGAATTTAATGGTTGATATACTATATGCAATGTTGGATCCTAGGATAAAATCAAAAATAAAGAATTCGTAAAATTATAGACTAGATGGGGGTATGCATTGTGGTCGATAAAGATTTCTATTTAAATAAAAGATATTTGAGGCTTTTAGGTAACAGCCTTGAATATGCAACAGCAAGACTCGCATGGCAGGTTTCGTTAGTTATATCTATTATATTTGCTTTTTCTGCGTATAATTTTAAAACCGGAGAAATTGCGTTTGTGCCGGGTATAGTTTTTATAGTATATTTTATTGGTGCGTTTTTACAATATATAGTTTGTAAAAAAATAAAAAAAGATTTTACTAAAAATGGGAAAGTTTTGAGTACAACCATGAAATGCGGTTATATTTTTATTCCCTTTATACTTACAGGTAATTTTTTATTGTCTAATGCCGGTTTTATGCTTATAAAAAAGGAAAAAAGTATTGAATATTGTTTAGCAGTATATTCTTTTTTAATAACATTTGTTGTTATAGTAATATCTCTTTTGAATTTGGCTAAAGAATATATTTCAAACTTTTTTTTTATTGGTATTGGTTTGCTTTTATTACTAGCATTATTTAATATTGTTACTATCTTATTGTCTTCAAAAATAAGTGCAGGTAATTTGGGTAAATTTACAGTTCCATTTGCGATAATTTTAATACTTTCTTCAGCTACAGGTAATTTATTTTCATTTATATTAGGTATTATGATACTGTTCAAAAAATTCCACAAAAATTCTGCAGCTAGTATAGGCTGGATAGATGTTTTAAAACGAATTTTTAGAAATTATGTATCAGTTGTAGGTTTGTTTTTTATAGTTTTTTTGATGTCCATATCAATATGCAGCTATCTTACATTTGATTATGCTTATGCAGTAGAGAATAATTATAGCACAATACAGCAAATTCCAAGTTTACAATTTCCATTTGGAACGGATGACTATGGAAGGTGTTTATTTACTAGAATTGTATTTGGCGCCAGAATCTCTCTTACAGTCGGTATAATATCTACAGGAATTCCTATTATAATCGGTTGCTTCCTTGGTGCCATATCGGGCTATTATGGGAAAAATGTAGATAATGTAATTATGAGATTACTGGATATACTTTATGCAACTCCGGGAATATTACTTGCCATTGCTATAATCGCTGCGTTTGGCTCTAATACATTCAATTTAATAATGGCTTTGTCGGTTGCATATATACCAATATATGCTCGAACAATGAGGGCGACGGTATTGACAATTTCCAATCAAGAATTTGTTGAAGCATCAAGAGCTTGTGGAGCAAAAGATCTTAGGATAATATTTAAACATATTATTCCAAATTCACTTGCTCCTATAATAGTAAGGGCTACTTTGTCGATAGGTGCAGCGGTTCTTTCAACAAGTGCTCTTAGTTTTTTAGGACTGGGCGTAGAGCCTCATATTCCTGAATGGGGTAATATATTAAAAGCCGGAAGCAGCTTTTTGGAAACCAGTCCGCATATAGCAATTTTCCCAGGGATAGCAATAATACTGATTGTTTTAGCGTTTAATTATTTTGGTGATGGTCTTAGGGACGCTTTAGATCCTAAATTAAAATAGGTGATAGTATGGTTGATAATAAAGTAAAAGATACGGTAATAAGTATAAAAAATCTGCATGTTCAT
NZ_CP109619.1_gap26	589360	592809	3449	GCCTGCGGTATCTACGAAATAGAAAACAGCAAGGGCAAAAAATCATATAAAATTTTCCCGTCCTATGACGATCTGCTTTTCTTTTTGAAAAAGAATAAAGATAAACAATGCAAACAAACCGCACCTCTTTTTACTGTTGGGAAATATAAAGAATATCCGCATACACAGATACGTATGTTGACTCCTGCCGAAGTAAAAAAATACATGAGTGAGCGTAAAAACTGAAAGAATTTGAATGAAGCATAAAAAAAATCCTTATACCAAAAACGGAAAAACGTTATTGTTTACTTGCCAAGATAAAAGGTCGCTGGATATTCTGGAAAAAACGGGGCTTTTTCTTAATAAAAGAATATACATAGAAGAACACCTTGCAGGTATCTCATCTCTTATGCTTAAATGCTATGACTGGTTCATAAAAGAATCGTCCAAGCGCATAAAGAAGCCAGATTATGCCGATTATCATATCTGGTGCTCTGTGAGTGCGAAAAGTTGTATGCGTCCGGAAGAAGGCGATGTCGCCTACATTTTGGAAGTCCCCGACGAAGAAATCTTGTACTTCAGCGGGTTTAAATGGGACTACGTGTTAAATCTGCACTATGTTCCTGAAAACGAAGCAGACCTTGCAGCCTACGAAGAAGACATAAAACAAAAAGGCTTTAAAAATTCCTATGAGTTCATTAATGGAAGGTATTCACGGATGTTCTCCGATGAAGAAAAACGGGTACGGGACAGCTGGCTCAGAGTTTTTGATATAGACGATTGGAATATCTTTGATGTGCAGGCAAATATCTGGCACATAAAAAAAGAATGGGTTAAACAGATCATCAGGCCGGGTGAAAGAATCCCCAAATGTTTCGTCTTGGATTAAAGAGATATCTTTGTGTTAATACACTGGTATGGGCAGTCTCTTGACTATGCCTCACAAATGATATAAAGTAATTTTCATAAGGAGAAAACTGAATGAAAAAGCTTGTTTTGATTGCTTTGATTGCTATTTTATTTGTTGGTTGTGGTAAAAAAGAAAAAGGAATTGTAACTATTGAAAATAAATCTTCTTATCCTATAGAGTTTGAATTTGCCCAAAACTATGAATCTAAGATGATAACACTTCAACCCAATAATTCGATTGATTGTGCATGGGAACGTTACTTTCATTTTATCATAAACAAGCCCAGCATTAACATTTTGAAAAAGCAGGAAACAAAAGAAAAAATAGTTATTTTAAACAATGATAATTTATACTCTTACACTGTGCAAAATGGGGTATGTAATTTAACAATGCTGGATAATAACCAATTTCTATTGGCTTTGCCTACAAATTCTCCAACTGATTCAATAACTCTTAATAAAGGTCAATCTAATATTAAGACTTTTCGTTCTCTTTCTGTTCAAAATGTGATTTTTGATAAAAATATTACTATTGGAACTGACCAATATCTGCAATTTAAAAGAGAAGGGAATCTTTTTTATTATAAAAAAACTAGCGGTGATTATTCCATTGCTATAATTAAAGTAGAAATATCAGGAAATAATATAATAATATTCAAGATAAACGGTTAATCAACTATAAAATAACCGGCAAGGAGTCTTTAATGCACATAATCTACGAAACTAATGGCTTAGGTTTTCTTGGTTGGATAACTGATTTACCCGGCGCTTATATTCGGGGGAAGACACTGGAAGAGGCTAGGGGGAAAGTCAATAAAGAAATAGCTTTATATAATGAATGGCTTAATTTTGAAAGAGCTGTCGATATGCAAATAAATGAAGAAATAAAAAAATCCGATTTACACATTGAAGATGCCGATTCCGATATTATATTTGATTCGGAGCTAATCGATTTTGATAAGCAAGAAGATTTTCTTTTTTGGTGTGATAAAGTTTTAATTTCCGGAACAAAAACCGAAGAAATATATAAAAGAATGAAGAATAAATCGCTAATTGACATTACGATGAAGCGGAAAACTTTTTACGGTGACGTATATTGTACAATTAATGATCAATATCGTCACATTGTTAATGTTCAAAATTACTATTTAAATCAAATCGGTACTGAAATGAATATAGCCGATGAACTCCGGCTCAATCGTATGGAATTTATAGGAAAACTAAAGGAAAAATATCTAAAAGAGGGCAATAAGCTGTATCGTAATGAGAGTGAGGGTTGGACGGTTAAAAAAGTAATTCGTAGAACTATTTGGCATGACCGCATTCATATCAGGGCTATAGAAAGAATGGAAAAACGCTTAAGCGGATGACTTGAGGTAGCAGCTCCATTATTACCTCGAATATCATAAAATATAAGGAGGGAAAAATTATGGATTTAAGTTTTAGGTTATCAAAAGATGCAGAGCATATCGCATTAATGAGTAAAGATGTGCAGGAGCTTCATTATAGATTGTATCCTGAGTATTTTAAACCTTTTTCATATGATGAAATATTAAACTTTTTTAAAAAGCAATTACAAGAAGAAAATTGGTTTTGCTATATTGTCTCTTGTGACGGAAAAGATGCCGGTTATGCTTTATTTTATATTCGGGATTATCAAGAAAACCCTTTTAGAAAAGCCTATAGGGGGATACATATAGATCAAATCGGCATAGCGCCTGAATATAGGCGAAAGGGAATCGGCAAGGCTTTTATGAAAGAAATTGAAAAAATTGCCATTAAAGAAAATGCCTCACAAATCGAGTTGACTCATTGGGAGCTGAACGAAGATGCAAAGTGTTTCTATGAGAGTCTTGGTTTTGATACATATATCAGATTTGTTGTTAAAAAAATATAAAGCCCTCCAATTAATAAAGCCTTGATTTTATCTGAAAAAAGACATACAATAAATATAGAGTAGTATGAATATATAAGAAGGAGGTAGAAGCTTGGTTATTTCAAAAGAAGAAGTTAAAGATTCCGTAATAAGACGTTTAAAGAGAAATTTCAGTAAAAGTCTTGATAAGGCTACCCGCCGAGAGATTTATGATGCCGTCGCCAGTACGGTTATGGAGCTTATTCAATCTAACTGGATTAAGACTATGAATGCTCAAGAGAAAACCGGCGTTAGAAGAATGTATTACCTTTCAGCCGAATTTTTGATGGGGCGAGCCTTAATCAATAATATAAACAATATGGGCATTCGAAAAACCATTGAAGAAATTGCAGATGAAATCTCCGAACCGCTTTCGATTATCGAAGATGAAGAGCCGGATGCCGGTTTGGGAAACGGAGGCTTGGGAAGACTCGCTGCCTGCTTTTTGGACTCTCTTGCAACCATGAACTATCCGGGGCACGGCTACGGCATCCGCTATAAGTATGGAATGTTTGAACAAAGAATCGAAAACGGCTATCAAGTCGAATATCCCGACCGCTGGCTTTTTGCCCGCGACCCTTGGGAAGTACGCCGTTCCGATTTGAGCGTTAAGGTCTACTTTGGCGGTATTCCTTCTTCCCGAACA
NZ_CP109619.1_gap27	594983	596337	1354	GTATCGTAAATGCTTTTTTTGCCGCAGTAAATGCCTTTACCGAAAAAGGGGACGGTGTAATAGTTATGCGGCCGGTATATTATCCTTTTTCGATGGCAATTGAAATGAATGAACGTGAACTCGTAAATTGTTCTCTTCTATGTGATAAGGACAATTATTATACAATAGATTATGAGAAATTTGAACGTTTGGCAAAGCAGCCTAAAAATAAACTTTTGATCTTTTGTTCGCCTCATAATCCTGTGGGCCGTGTATGGAAAAAAGAAGAATTAAAAAAACTTGCCGAAATAGCCTTGGAAAATAATGTTATAGTTTTTTCCGATGAGATTTGGAATGATCTTGTAATGCCCGGCTATAAACACACCCTTATGGCAAGTATTTCAAAAGAAATAGCGGCAAATACCATAACTGCGACTGCTCCTTCAAAAACCTTTAATGTTGCAGGACTTGCTACATCAAATATAATTGTCGAAAATGAGACTCTTAGAAAAAAATACGACGAAATGCTTCAGAGGATGAGATCTTCAAGCGTAAATGCTCTCGGCTTTAAAGCCTGCGAAATAGCTTATACCCAATGTGATAAATGGCTTGAGGAACTTCTTCAAGTTCTTGATACTAATCAAAGGTTTGTTAAAAACTATTTTGATTCCAATTTTCCCATGCTTAAAAGCCGATTTATCGAAGGTACTTATCTTCAATGGATTGATTTTAGAGCCCTCGGAATGGATAACCAAACTTTGGAAAATTTTATGCATAATGAAGCTCAATTTTTTACGGATGAAGGTTATGTTTTCGGCTCTGAAGGAGACGGTTTTGAAAGAATCAATGTCGGCTGTCCTACTAAAATTTTACAGCAGCATTTGGAAATGCTCGGTAATGCATTAAAGAAAAAATTGTTATCGTTATAATATCGTATTATTTATAAGGAGTATATATGTCTGAAAAAAAATTATCTTATTCTATGATTTTTTTGGCTATTGCCGTGATGTCTACTGTTTTAGGGCTTGTCTGCATTTTTAACCCTGACAGTATAACAAGAATTATTGTGGCTATTGTCGGTATTTTGTTAATCGTTTACGGACTTGTCGAAATTTATCAGTTTCTTTCGATTAAGATGAATACCTTTTTGGTTTTGGGTATCATTCTTATAGGACTGGGGCTTTTGTGTCTGGTAAATCCAAGTGCCGTTCTCGGTCTTATCGGGCTCGTCCTCGGGCTGTTTTTGATTTGTTTGGGAGCTGTTGAGGTCAAAAAGTCATTCGATCTAAAAAGATACGGTGTGAAGCTGTGGTGGCTTTGGCTGATTTTTGCTGGAATTGTATGCCTAATAGGGCTTTCGGGGCTTTTTAATCCT
NZ_CP109619.1_gap28	611845	614866	3021	TATTTTATTGTTGCCGTTTATAAAGACAGTTTAAACAGCTCTAATCAGAAATTTGTAAAGATTGCAGCTTATTGCCCTGAACTGGTAACTTCGTGGATCGTAAAAGAAAAGTATGCCAAAAGAGATACTGTCGAATTTCAAAAAGAAAATGTAGCAGCAATGGTTCTTGCACAAATTGCAATGGAAACTCAAAGTGAAACAAGCAGGGCCGAGCTGTTTCAAAATGCTATTGAAATGGATTCGAGATATAGTGATGATATAGCAATTTTACAAAATCTTGCTCAAGTCCTGGATGCAGAGGCTGCTTTTTTAAAGAAGCTTGTAACCGAAAAAATTGACAAGAAATTCACTGCAAAAGAAGATATAGATCTTTTGAGTATTCCGTCTTCAGAAGGTGAACCAAGAGTATTGGCATCCGTAAAAGCCGATACCCTTCTTTATGCTTCAAAAAAGGTTGTCTTTGTTAATATTGTCGGTGGTAATGACGATAGTTCTCCTCAGACCGAATGGTACTATGTACAAAATAAACAAAAAAAAGGCTGGGTTCAAGCTTCATATCTTGAAGAAAAATAAGTTTTTTGTTTAGCGAAAACCGTCTTGGCTTTAAAAGGCCGGACGGTTTTATTTTAGATTAGTTCTATATTAGACTTAAGATCTATCGTCAAAATGAATTTTAATTTTTTAAGCTTTTCCGATTTTGTTTTTTCACACATTAATTTTTTTATTTTATTCTGTGCAATAATTCTTGATTTTATTTTGGGCGATCCTTATTCTTTTCCTCATCCCGTAAAATTTATCGGTAGCCTTATAAAAAAAGAAGAAGTCCTTGCACGGTTTTGTTTTAGTTCTCCGAGAGGTTTAAAGTTTGCCGGTTTTTTGATTGTCATTTTCAATGTTAGTTTCAGCTTTTGTCTTGTTTTTTTCTTTTTAAAATTATTATATCCTTACAAGGTTTTATACTTTGTTTTTTCGGTATGGATCAGTTATACATGTCTTGCAGCCCGCTGTCTTCAAAAAGAATCTATAAAAGTTTTTAAAGCCTTGCAGATGAGTCTTGAAGAGGGAAGAAAGCAGATTGCAAATATTGTAGGTAGGGATACCGAGTCTTTGGATGAAAAAGGAGTGAGCCGTGCCTGTGTTGAAACCATAGCCGAGAATACAAGTGACGGGGTTATAGCTCCATTGTTTTTTATGATGCTTTTAGGCCCGGCAGGCGGTATAGCTTATAAGGCCGTAAATACCATGGATTCTATGCTCGGCTATAAAAATGAAAAATATGCCGACTTAGGATTTTTTCCGGCAAAGGTTGACGATATTGTAAACTATATTCCGGCCCGCCTTTCTGCCTTGCTTATTCTTGCAGGTTCTTTTTTTTGTAAATTGCGAAGGCCGGCGCAAGAGGATTCACAAAAAAGAATTTCAAACAAAATAATTCCGAAACTAGCGACAATAAAAAGAGGTTTTAAGATTTGGCGGCGGGATTGCAGAAAACATTCAAGCCCCAATTCCGCTCATCCTGAAAGCGCTGCTGCCGGTCTTTTAGGCTTGAAACTGGGAGGCCCGAACTATTACGGCGGGGTGCTTGTCGAAAAGCCCTTTATAGGGGACGAGGTTTTTGAAATTGAAGATGAAGATATAAAAAGATGCATACAGCTGATGTATGCATCCGAGATTTTTATGTTTGGGCTTTATGCTTTTTTTATTTTTCGGGAATATCTTTTCGGTTTTTAGCTATTTTTGAAATAAGACCGTATTCTACGGATTCTTTTGCATTTAGCCAGCAATCCCTGTCAGTATCCTTTGCAACCTTTTTTTCATCCGTGCCTGTTTCTTCTGCAATGAGTTTATTTATTTTTACCCTCATCTTTTCAAGCTCTTTCGCGTGTATTTCTATTTCGGTTGCAACTCCCTTTATGCCGGACAATGGCTGATGGATAAGGTAGTGGCTGTTAGGCATACCGAAACGGCGTTCCTTGCTTGCAGCAAGGAGTATGATGGATGCTGCGCTGGCAACAAGGCCCATACCTATTATGTAGACGGGTGCCTTGATAAATCTTATCATATCGAAGATTGCAAAACCGGCATCGGCATCTCCCCCGGGGGAATCTATATAAATATAAATAGGCTTTGTTGCCGACAAGGACTCCATGAGTAAAAGTTGGCGTACTATTTTTTCGGAAAGCTCTTTGTTGATTTCTCCGGCCAAAATAATCTGGCGTGTATTAAGAAATTTTTGCATCAAAGCATCGTCATCATTTGTTTTATTTTTTTTCTCTTCGTTAGTTTCATTTATAAAGTTCATGTAAGCTCCTAAAATTTTTTCGTTCACAAAACTAATATACAAAAAATTTAAACTATTGTACAGGGGGTAATTTTTTAAACCCTATTGTACAAGATATTCCAAAGTTTCAATTTTTCGGTCATCTCGCAGTTTTCATAAGAGCCAGTTACCCTCCATTGCCAGTTTCTTCCGACTGTTGAAGGTGCATTCATTCTTGCTTCAGAATTTAAAAACAAAAGGTCCTGCATCTGCACGGCTGCAAAATCCGCCACGGAAGAAAACGCTTTTCGGATTATTTCGGAGGCTAATTCTTTTTTAAATTCATAAGTGTTTAAAATGGAGCAAATTCTTTTATCCGCTTTTTTTCCATAAAGATAGGTATAAATAAATTTCAGCATCTCATCGGAAGAACCTTCAAGCCAACCCATGATTGTGTCGTTATCGTGTGAGCCGGTATATACGGCACAGTTTTTTTTGTGGTTATGAGGCAGGTAAGGATTAGTCATACTTTCCGATTTTAATTCGTTTAAGTCGAAAGCAAATTGTAATATCTTCATCGTCGGGAAATTAAAATCATCTCGTAAGCGGGCAACTTCAGGGGTTATAACTCCCAAGTCTTCAGTTAGTATAGGAAGCTCGCCCCTGTATTTTTCATCCAATGAAATCAGATCCTTTTGTATTTCTTCAAAAAAATGGTGGTCAGGCCCTTTCACCCATTTTCCTTCTTGAGCAGTTTTTGC
NZ_CP109619.1_gap29	758012	761389	3377	AGTCATAAAAATAATAAAAATTATTTTGTTATTGTTTTTTGATAGGTATAGAGTTGAAGATATAAGCCATGGTACAAAGGCCAAAAATAAGTTCCAGACCAAAAAAAGTAAAAAATAGTTTTCTGCTATAAAAATTCTACATACCGATAAAAAAATACAGAAAAAAGACAAGAACATCAAGGCAAAGGTACTTTTAATTCGGAATATATTTTTAAAGTAATGTCTCATTTATTCTCCAACAAAAAGAGCCGGGCGGTCTTTAAAAAAATCAAAAGACCGCCCGTTCCTTTTATTTTAAATTTTCGTATATGCGCATTAAATTTGTTTTCATGCGTTCAAGATAGCTTTTGTTATCTTCAGGGCTTTCGATTGTGTAAATTTTTTCAACCTTGGCTCCAAGCTCTGTTGCAAGTGTTTTTGAAACAAGGGGGCTTGCCGCTTCTTCCGTAAAGATAACCCTTACATTGTGCTCTCTGCAATATTCGATAAGTTTTGCAAGTTCTTTCGGATTCGGTTCGTTTTCATTAAAGATATCGGTTACGGAATTCTGCTTCAAGTCAAAATCTCTGCAAAGATATCCGAAGGCTGCGTGGCCCGTTACAAAGTGCTTGTTTTTTACTTTAGAAAATTTCTCGATATATTCTTTTAAAAGTTCGTCAAGCTCGGCAATGTATTTACTTGCATTTTCTTTATAGCTTTTTGCATTTGCAGGGTCAGCCGTAGTCAGAGCATTTTCAATATTTTTAACCATAATTTTTGCAGAAGAGAGGCTGAGCCATGTATGAGGATCGAATTCTCCGTGATGGCAATGTTCATGCCCCTTACCGTGTTTGTGCTGCCCGGCACAGGCTTCGCAGTCGCAGTCTTCTCCATGTTCATCATGATTGTGATGACCGGCCTTGATTGCTTCAATTCCGCTGCTAGCCTCGACCATAATCAGCTTTTTGTTGTTGACCGCTTTTACGGCTTCATCAAGCCAAAACTCCATACCCAGACCGTTATAGATTAAAATATCGGCCTTCGATAAAAAAGCAAGGTCTTTAGCTTTGGGCTCAAAGTCGTGAGCTTCCATTCCCGGCGGGATGATAACCGAAATATTAACCTTATCCCCTGCAACTGCCTGAGTCAACTCTTTCATTGCATCGAAGGTAACGGCAACATTTTTTTTGCCGTTGTCGGGAATTTCCTTTGCTCCCATCGCAAAGAGATTTACCGATGAAAGAAGAGCAATAAATAAACATGTTTTTAAAATAGATTTCATATAAACTCCAAAATTCCATATTTTTTTAAGACGGAATAGAATATAATACCGTGCCGAAATTAAGTCAATAAAAAATAAGCTAAAATTAACTTTTTATGGCTGAAGTTCGGGCTCCAGCCCCGGAACCAAGTATTTTTCGGGTATTTTAACGGGCCGTCCCGTACTGTCCACACAGGCCCAGGTTACCTTTGCTTCAGCACAGACTTTACCTTCTTCATTTTTTATAACCTGCAAAAAGGTTCCGGAAACTTTACCCAAATCTATGTGAGTAACCTCAATGGCCAGTTTATCGTAAAGTTTGGCAGAGTGTTTGTATTTAATATCTATGTGGGATACATAGAGCATGTAGCCTTCTTCAATCATCCCTACATAATCAAAACCTATTTTTTTTAAAAACTGCATTCTGGCATGTTCCAGATAGTTTAGGTAAACCGAGTTGTTTACATGATTATAAGCATCAAGCTCGTAGCTTCGAACTTCAACATAAAACGTATGCGTCACAATCTTCCCTTATAAAAACTTTTTGCAGCAAATAGCAATTTGCGAAAAAAGTTTTTTCACGCAGTTTGTTTACAAACTGCATACAATAATGCGATGTTTGCCGAAAGGCAAACTCGGCAGATAAACAGTGAGGCTGAATTTCTGCCGAACTGTTTATCACACCTCCTATAAAAACTTTTCTATTTTAACCGTCCGATTTCGTTTGCTTCGTGCATCTTTTCAAGGTCTGCCATTACCTGATCTACTACGGCCTGCTTTTTATCTATGCCTGTAAGGTCTTTATGTTCAGCCTTTACTTTTTCTCTATATTCTTCACAGTTTATAACGGGGCTTGCATCAAAGATGAGCCTATCCTTCCAGACAGTATCCTCGGTCATATCTCCCGAATCCGAAATACGCAGGCAGTTTCCGTTGCTTGAAACCAAGAGCATTATATCTGACATTTTAATATAGGAATCTATTTCTTTTACACCTTTTTTTGTTTCGGGTTTTCCGGGGCGGTATCGGGTTCCTGCAGGATATACAAGAATTACCCTGCCTTCTTCTTTTGCTTTTTCAAGTGCCCGCATTGAAGCAAGGTTTATCATTTTGCTCCGTTTTAATTCTTCTGCCAAAACTTCAGGGTCTTTAATCGATTTGATGGAACGGCTGGGATAGATATAAATGCGGTCATAGGCGCTTGCGAAGGCTGCAACGTAGGGATTGTCTTCTCCCAGTTTTAGCCCGGCCATTGCGATGCACTTTTCTGCAAGCTCCGTTCCTTTAGTACCGGTTTTTTTCATTAAATTTATAAAAGCCGGATAATCCATATTGCTGTAGTGTTCTGCAAGGATTATGCCTTTTTTCCCCTTATTTACCTCATCTAAAAATTCTTTTAGGTGTTCCGGGTGTCTGAATTCGGAATTTTCAAGGGCGAGATCGTCTACCATATCATCAAGAATTTTAGACAGGGCGGGATTTCCCTTTTGTAATACATTTTCGGGCGTAACAGCCGGGTTTTTCATCGTGTGTTTTGCAATTTCAGGTAAAATGTCTTTTACATATTCCATTAAAGTTTGCTGCATTTTGCACCTCCATAAATTTTTAAAATAAGCCGTCAAAATAGTCTTTGTATTTTTGATACGAAGATTTATCGACGGTCAAGCTTACTACAGTATATTTTGAATTTTCTCTTTTTATTACCAATTTAATATCGTGTTTGATGCTCTTTGTTTCAAGATCATAGACGCTGTTTATGATTTTAAATTTTTGTTTTGTTCCTTTTATATCCATATTTTTTGCAAGAATTTTGGATGCCTTGCCCGAAGACGAAAAGTATTTTATTAAAAAATCTTCTTCTTTACCTTTGGCGTCCGGCCTTGTCTTTAGATCTATTGTGTTTACATTTAAAAAAGCTTCATTTCCCATAAGAAAGGTATTGTCTGCTATCTGCTTCCATTGGCTGTCCAACAAAAGTTTAACTCCGTCAACGGTTTTTGTTTCTTTTTTTGCCTTGGAGTTTAAAACGAATTTGGATTCAAGAGGTTTAGCATCTTCGAGAGGTTTAAAATCAAAAAAAGTTTTTTCGTCCCTGATTTTTCCCATTTCGACCAACTCAAATGCTTTTTCTTTATTG
NZ_CP109619.1_gap30	762485	765404	2919	GGGGGTAAAATCCCTTGAAGGCTCCACATGGAGGAGGTGTTTGTCCTTTTTTAAGGCTCCGGTTACCGCATCGTGCATGAGCATAACGCTTTCATCTGCAATGACCGGAATATTTTTTAAGCCTACAGGTCCTGCAAAGCCGACTACCGTTCCTGTAGCTTCTTCGACTTCGGCATCGCTTGCAAGGATTGCGTCCGAGGCTTTAAGGGAGGATTTTAACTTGGCTTCGTTTACTTCCAAGTCTCCCCTTATGCAGACGGCAATTAAAACTGTTTTATCTTCGACTGCTTCAGGGTTGTTAATTTTCTTTTCAAGATTAGTTAAACCTTTATCTTTCGGTATACCTAAAATCTCGGAATTTTCTACCCGGTAAATCAATGTCTTTATAAAAGAAGAACTTTCAGTCTTTAAAAAGGCTGTAAGGTCTTCTATTGTTTTTACATTGGGAGTGTCAATTTCTTCTATAGATAAGGCTGAACCTTGGGGCATATTGCCGTTTCCTTGTTCCTTATCGGGTGCGCAGGCTGCCTTTTCTTCGTTCGCTGCATAACCGCAAGAAGGGCAGAGGAGGAGGGTGTCGTCCCCAACCGAAGATTCTACCATAAACTCCTGAGAACCGCTTCCTCCCATAGCACCTGAGTCGGCTTTTACTCCTATTACCGTAAGGCCGCAGCGTTTAAAAATCTTTATATAGGCCTTTTCAAAACTGAGATAGGCTTCGTCTAAACTTTTATCGTTTGTATGGAAAGAGTAAGCGTCCTTCATCGTAAATTCGCGGGTTCTCATAAGCCCGTACCGCGGACGGATTTCATCTCGATATTTTGTGTTAATCTGATAGGTTAAGAGCGGGTAGTTTTTATAGGAGGATAATTCGTTTTTTAAAAGGGCAGTAAAGGCTTCTTCAGCCGTAGGGCTTACTACCAATTCTTGGTTTAAGCGGTTTTTAATACGCAAAAGTTCAGGGCCCATCGAGTCCCATCTTCCCGATTCCTGCCAAATTTCACCCGGAACAATTACGGGAGGCTTAAATTCGAGGCAGCCTATAGCATCCATTTCTTCCCTGATAATTTTTTCTACCTTTCTAAAGGCTTTTAAGCCGAGGGGCAAATAGGCAAAAAGCCCGTTAGCCAAATTTCTTATCATTCCTGCCCGCAAGAGCAGCTTGTGACTTTCAACAACTGCCTCATTCGGGATTTCTCGTAAGGTAGGCATATACATCTGCGTCATCTTCATAATTTTATCAACTCCAATTAAAAAGATGTTTTGTGCGAAGCACAAAACTCTAAGATAAATATTACGGTTTGATTTCAAGCCGTAATATTTATCGAAACTCCAATAAAAACTTTTTAAGGCGTCTATTTTACCCCTTTTGCTTAAAAAAATCTATAGGCCGGATTTTTTAAACGCTCAAAACTCTAGCATAAAATACAAAAAAGTGATATACTCTGTTGCTTATGGGCCTTGTTTTTGTTTAGATAGCAATAAGGCTGCTTTTAAAAGCTGATGTTTTTATAAGCTGTTTATATAAGTTACTAGGAGTTTTCATGTCTATCCTTTTTTATGCAGAACCGGTTTTAAGTTTTTTATTTTCAATTTTACTAATTATAAAAAATGCCTCAAGTATTGCTGTGATTGCAGTTGTCTTAGGTGCGGCTTATTCTCTTTGGACGGCTTTTTGTATATTTTCTTTTTTTAAAAAGAAGACCGTGAGAGACATGTTCATAATGCGTAAAACTATGGAATATGTGCCGTATATTTTTATGGCCTGCTTTATTATATCCAGAGCCGTTCAAACCGGACAGGATAGGTCTGTGCTTGATGCAATTTTAGCCGTCTATTGGTTTGCCTTAGTTATTTATAATAGAGTGCTTTTGTTTAGATTAAAGGATAAGAGGCTTCCCAAGTATTTCCCGGAATTGCCCGCGATACCTAAGAAAAAACGTTCTCTTATTTCGGAAATTTTAGATTGGGCTGATTCTATTTTGCAGGCTGCCTGTGTAGTTCTCCTTTTTACCGTTTTTGTTTTGCAGCTCTATGTTATTCCTTCGGAATCTATGGTTCAGCAGTTTATGATAGGGGACAGGGTCGCAGGCCTTAAAGTTGCTGCAGGGCCGACCTTTCCTCTTTCTTCATTCCGGTTTCCTCAAATTTATAATTATAAAAGAGGAGATGTAGTTATAATCCGCAATCCTCATTATGAAAATGACCCGAATAACGAGCTTAAATTTTTTACTTCCCAGCTGGTGCAGTACCTAACCCTCACTATGGTCAACATCAACAAAGATGAAAACGGAAAGATCAAGGCTGACCCCTTGGTAAAAAGGATTGTGGGCCTAAGCGGAGAAAAGTTAATGCTTGTAGACGGAGTGCTCTACATAAAAAAAGCCGGAGAAAAGGATTTTAAAGCCTTTGATGAAAGTGCTTATGCCGTTTGGGATTTATCCAAGCTGCCCCAGTCAAGCTTAAAATATGTAAAAGACATAAAAATGAATACCGAAGATTTAAACCGCCTTCAATCGGTAGAGGCTTGGCGGGCAAAGGTCGATTTTGATGAGGCCGAAAAGGAAGCCCTCGCCCTTATTAAAAAGATGAAAGAAATAAAGGCTAAGCCCGATAAGGTATTTTCGGCCAAGGACTTTTTAAACAAGGGGCAGTACCTTGTTATTCAAATGGCAAGAGATAATGAAGCCATAGCCTCAAAGATTTTGACGACGGACGGCGGGCTTATGTGGTTTGAAAACTTTTTAACTTCATGGAAAAAATCTGCCGAAAAAAATTCCTACAACTTATATGAGATGAGAAATGCTCAACTCAATGTTCTTATTAAACTCGGATTTGGAAAGCTCCTTGTACGGAATACCGAACTTTATAAGGCCAATGTCAGCGATGCGGTTTTTTCTTCGGATGCGGAACGCCAAG
NZ_CP109619.1_gap31	858295	862703	4408	GTCTTTTGCATAAATCCGGATTTTGCATGACCTTACAAAACATAAAGTCATCTGTAAATGTTAAATCTTCAAATCTTTTTACCATTTATTTTCTCCTAATTTTTTCATATTTTCCCTCCCCATTATATTTATAGAAAATATTTAAAAAAAATAGTAAAATATAAAAAGGTTTTTATAAATTGGATTAAATTGTGAAAATCGGACTCAGGATGTACATTCCCCAACCGCCACGGATGGCGGTAGTTCCACGCCCGCAAGTTTTAGCCACAGGCTAAAACTTGAAGATTAAAAATGTACAAGGATGTACATTCATAAACGGACACGGATGTCCGTGGTTCCAAACTTCCAAGAGTTTTAGACACAAGTCTAAAACTCTAAGATGAAAATCGGACACGGATGTCCGATTTTCATCGCCCCCCCTTGCCTTTCTCCTCTAAAAGTGCTATAAAATTAGGACTCAAGTCAGGTTATACGATTATGGAAAGCTTAAAAAAAGCACCTCACATAACTTTATATATTCTTTTCTTTTTTTTGTTCTATCTTTCGAGTGTTAAACACATAGAAGTTTTGATAGTCTGGATTTTTATAGTTATTTCCGTTATTTTGATTTTTTCGCCTGAAAGGATTAAAAACCTCAAATCGGTTCTGGGCGTTTTGCCCTTTGTAATAATGATTTTGCTTCCCTTTGTAATCAGGGGCTTTTACAATGTTCCTGTAGAACAAAGATATTTTTCTGCAAAGCTCATCCTGCGGCTGATGTGTGCGATGATGACGATTTCCTTTATTTCTTCAAAATATTCTTACCTTTACTTGGTTGAAGGCGTTATGAAGCTAGGCCTTCCCAATTTTTTAAATCAAATTATTTCCCTTACCTTTAGATACTTTTTTATGGTAAGAACGGATCTGGACAAGACTGCAAAGGCTATGAGTGCCCGCTGTTTTGACAATGCCCGCACCTTTGCAAAGGTTTCAACCTACGGCGAAATGATAGGCGGCTTTTTTTTGAAGGCGGCGGATCACGGCGACAAGGTTTATAATGCGATGAGGGCACGGGGTTTTACCTCCGAAACCAAATTTAAACCCGAAAAAATTGCCTCGCCCTTTTACATAGGCCTTCTTGTCTTCTTTGCTTTGCTTTTTATAGGCCTCACAATAATAGAAAGATTTATGGAGATTCCATGGCTGTTTTAATAGAAAATTTATCTTACACTTATCCCGATGGAAGGAATGCAATCAAGAACATAAATGCTCATTTTGAAAAAGGAAAAAAGACGGCCGTAGTTGGTCTAAACGGCTCCGGAAAGTCGACCCTCCTTTATCATCTTAACGGAACAATTTTGCCTCAAACGGGAAGGGTGAATATTTTGGGTGAAGAGGTTTCTAAAAAGACCTTAAATTCCGTAAGAAAAAAATCGGGCTTCCTCTTCGATTATCCCGACCATCAGCTTTTTTTGACAAGCGTTTACGAAGACATCGGCTTCGGACTAAAGAATTTGGGTATGGGCAGGGGAGAAATAGAAGTTGCCGTTGACCGTATCTTAAAAAAACTGAATATCGAGCACTTAAAGGATTATTCGCCCTATCAGCTTAGTTTGGGGCAAAAGAAGATTTGTGCCATAGCCGGTGTCCTTGTTATGGAGCCTGAAATCATCGTATGCGATGAGCCTTTTTCGGGCCTTGACAGCAAGGTAAAGGCTGCCTTTAAAGCTATCTTGGACGATTTTTCCAAAGAAGGAAAGACGATTATTTTTTCGACCCATGATCAGGATTTTTGTTATGAGTGGGCCGATAATGTTTATGTGATGAACGAGGGAGAATTGATTGCCGGAGGCGATGCTGTGAGCATTTTTAATAATGCGGAAGTGCTGCAAAGAGCGGGTATAGTTATGCCTAAACTTGCAAGGCTTTTCGGCCATAAAAATCCTGCTCCCCGTTCTGTTGAAGATGCCCTAAATTTATTGTAAATAAAAGGAGTTTTGATAAACAGTTCGGCAGAAATTCCGCCTCACTGTTTATCTTTGATTCAGGAGGAATTTATGCATATATCCGATGGAGGATTATCGACGGCGGTTTGTGCCGTAGGTTATGCGGCAAGTGCGGTAGGAATTGCCTTTGCCGTCAAAGGAACAAAAGAAGAGGATATCCCGAAAATAAGTCTTATGGCGGGAACTTTTTTTGCTATTTCGCTGATTATGATTCCGATACCGCCGAGCTCGGTTCATCCGCTCATGTGCGGACTGATAGGAATTATTGTCGGGCGTAGGGCGCCCCTTGCATTTTTTCCCGCCCTGCTGCTGCAAGCCCTTTTGTTCCAGCACGGTGGGATTACCACTCTCGGAGCTAACACTCTGATGCTTTCTATTTCTTCAATATTATCTGCAATTATTTTTTATAATTGGAAAAGCGATAATGTGCTTTTAAAGGGAATGGTTGTAGGAGCCTTGTCTGTTATCTTTGTTGTTTTGGTTTTATCGGTTCTTCTTATGACGGGCGGAAGTTTTGCAAAAGAAACATTTATAGCTATCTTTGTTTCTCATTCCGTAGTTATGGCGGTCGAGGCTGTAATTACCGGTTTTGCCGTCAAGCTTATGATGAAGGCGAGGCCCGATTGGTTTAAACGGAATTTATAGGAAAATCAATTGTTTTTTAGAAGGTAAAATTATGAAAAAATATACTTTAATTTTATTGTTTTTATTTGTTGTAAGCTTTGCAGCTTTTTCTCATGCAATGTTTTTGGAACTCGTCGAACCTGGAGTTTTTCAGGTTGAGTACGATGGCGGAGGCTTTACCCCCGGAACAAAGGTAACTCTTTATTCCGACGGAGGCTTTGATGTAATTCAAGAAGGCGTTGTAGACGATAAGGGTTTTTACCGCTTTGATCCCTCTCTTAAAGTAATGTCGGCCGAAGCTTCGGATGGGGCAGGCCATGTCGCCTATTGGGAAGCAAGCGAAGAAGAAAGCTCGGATGAAGGCGGAACTGCCGCATCCGCTTCCGGCGATTCTTCCGCAAAATCTAAAAAAATCGGGAAAACCAAAAGACCTAGTAAGCTCCCCACAATTTTAACCGTTTTAAATACCTGTGCCATTATTTTTCTCTTTTTTGAATTTAGAACATTTAAAAAAAAGGTCTTAGATAAAAAAGCTTAAAACAAGTGTCTAAAATATCGCCGCTCATTTTAACTTGAACTTTGCTTATAATGAGCGGCAATAGACTATGTAACTAAAAAATAAAATGCCACCGGCAAAAAGAAAGACGGGATAAAAAATGCCTATTGCAGCGATACTGCTGCCGATAAGCATTCCTATCGGAGAAGATATTTGAATCAGCACGGTGTTAAAGGCAAAAAATCTTCCTGAAAATTCGGGTTGCACTTTTTTTTGGTAAAGGCTTGTTACATAGACATTAAAAACTCCCATACTGAAACCTGCAAGCAGGGCGGATGAGCTGATAATACTGCCGAGTAAGATTACATTAAATAAAAAGTTGTTTTCTTTTAAAAACCAAAAGTAAAAACCTAAAATCAAAAAAGAAAAGGCCGGCAAAACCAAAGCAAAAAATCTTATATTTTTACCGGAAACTTTTCGAGAAGCAAGGCTGCCCAGTATATTTCCTATTCCTAAGCCGAAAAAACAAATTGTTGAAAGAAGAGCTAAAAAAGATTTTTCATCTTTTAAAAATTTATTTAGAAAAGAAAAAGCCGACTGCCAATTAAACATAAAAACCGTCTTAAACTGATAGGTCAGTATGTTCGAAAAAATAGGTGTACAAAAAAAGTTTAAGCATGAAGCCAATAATGCAAATCTTAAAAGTTCTTTTTCGCTTAAAACATAGCGGTAACCATCGAAGATCTTTTTTAACTTTGACTCCGCTTTTTTTTGCGCATCTTTCTTTTTAAAATCGTAACGGATAAAAAGCTCGGATAGGGCGGATATAAAAAAAGTTAGAGCATTGATTAAAATACAGACTTCACAGCCTAAAAGCATCACGAGCCCTGCCGCAAAGATGACTGCCAGCATCGAAATTAAGCTCTTACTCATTTCCAAAACCGAATTGGCTTTTTTTAAATTTTCTTTATTTATTATTTCGGGTAAAATTGCTCTGCTCGAAGGTTTAAAGATGGACAGGCAAAAACCTTGCAAAACACTTATAAGGCAAAACAAAAATACCTTTAACTTAAAATCCAAATTTAAAAGAATCAAAAATAGAATAAAAATATTTAAAACAAATTGAGCCGAGTCGCTTAAGTATAAAATCTTCTTTTTGTTAAAGCTGTCTACGATTGAACCCGAAAAAAGAGAAAAAATAATTCTTGAAAATTTGGCAGCAGAATAAACAAGGGCAAAATTTATAGGGTTATCTGTTTGAAGGGCAACCCAGATTGAAATTGCTACGCTTCCTATTTCATCG
NZ_CP109619.1_gap32	864105	865866	1761	TTGAATATAATCTTCTTCTCCCAAGGCCTTATTAAAATCAAAAAAATCTTCGCTCTCAAGCCATGGAAAATCCTTTTGACTTCTTTTTAAGAGTATCTTTTTTTCCGTAGAACTTAAAAGCGATAATGAAGAAAAATCGGTCTGCATTTGTTTTTACTAAAAAGCCGCACCTTTTTATTTTACGTTTAACACCAAATAGGGCTTTTTAAGTTTGTCTCCGATTCGGCATTTTACGGAACTTCCCTTCTTTGTTTCCCCGAAAAGAATCATGTCCGTTAATGGAGTTACAAATTCGTCTTCGACAAGACGGGCTGCATTGCGGGCTCCGAATTCTTCCGAATATCCTTTTTCGGCTAAAAGAGGAATAACGTCGTCTTCAAGCTCAAGGGAAATTTCTTTTTCGGCAAGCTGGGAGCGTATTTTTTCTACTTCCTTTTTGATGATGAGGCTCATAACCTGCATCGTAAGTGGGCCGAATTTTATGATTGCGTCAAGCCTGTTTCTGAATTCCGGAGTAAAGGTCTTTTCGACAGCCTCATCGACGGCCGATTCCGAAATACGCTCTCCTCCGAAACCGATTAAGGGCTTTCCTATATTGGAAGAGCCTGCATTGCTTGTCATAATAAGAATTATATTGTTAAAGGCCGCCTTTCTGCCCTGATTATCGGTAAGGGTAGCATAATCCATAATCTGTAAAAGAATATTATAGATGTCGGCATGAGCCTTTTCTATCTCGTCCAAAAGAAGAACCGCATTTGGGCTTTTTTGTACGGCAGAGGTTAAAAGCCCTCCTTCTTCAAAACCTACATAACCGGGGGGCGAACCTATGAGGCGGCTTACCGTGTGCTTTTCCTGATATTCGCTCATATCGAAGCGGAGGAGGGGAATACCCAGCTCTTCTGCAAGGGTCTTAGCAAGCTCGGTTTTGCCTACGCCCGTGGGGCCGACAAACAAAAAGTTTGCAACCGGCTTATCCTTAGAGCGGAAGCCGGCTCGGGAGCGTTTTACAGCCTTGGTAACCCCCTCGATGGCTGTATCTTGCCCGAAGATTTTTTTTGAAAGGATTTCTTCAAAGTGCCGCAGTTTTTCCGTTTCGTTTACCGAAACCCTTTGTTCCGGAATCTTGGCCGTTTTTGCAACTATCTTATCTATGTCGGAAAGACTTACCTCCGGCAAGGCTGTTTCTTCAAGGCCTTTTTCATCAGCTTCATTTTCGTTCTTTTCTTTATCGGCTCTTATCTTAATCAGGGCACCGGCCTCGTCTATAAGGTCTATGGCCTTGTCGGGCAAAAATCTGTCCCTGATATGAATGGCCGAAAGATGGACTGCCGACTCCAAAACCTCATCACTGTAATGCACCTTATGAAAATTCTCGTAACTTTCGCGAAGGCCTTTTAATATTTTAACGGCTTCTTCTTCATTCGGCTCTTCAATATCTATTTTTTGGAAACGCCTTGCAAGGGCTGCGTCCTTTGTAAAATGCTTATTGTATTCTTCAAAGGTTGTAGCTCCGATACAGCGAACTTTTCCATTCGCCAAAATCGGTTTTAAAAGGTCAGGTGCTTCAATTCCGCCTCCGCCTGAGTTTGCATTTACAATTGTGTGGATTTCATCTATAAAAAGAATAGCATTTTTTTCTCTTGAAATTTCGGATACAATCCGTTTAAGCCTCTCTTCAAAGTCGCCTCTAAATTTTGCTCCGGCCAGCAAATCAGATAGGCTTAAGCTGTAGATATTCGCGTTTTTTAAAAAGCTGGGAAC
NZ_CP109619.1_gap33	887989	892709	4720	TTTGGTTCCTACCAGAGAGCTGGCCGTTCAAGTTGCCGGCGAACTTGAATCTTTTAGAATCGAAGAATATCCCCGTATCGCAACCGTTTACGGAGGAGCTGCGATAGGCCCTCAACTTAGAAGCCTAAAAACCGGCGTCGAAATCATTGTAGGAACACCCGGCCGCATAATGGATCATCTTGAGCGGGGCTCCCTAAAAATCGAAGATATAGAATATTTTATTTTGGATGAAGCCGATGAGATGCTTAACATGGGCTTTATCGAAGACATAGAAAACATATTTTCAAAGGCAAATCCTGAAGCCCGTGTTTTAATGTTTTCGGCGACGATGCCAAAGCAGATACTGAGCATAGCTTCCGACTTTATGGGCGACTATGAAATTGTCGAAGAAGAACCTCAAGAAGAAAGAGCATCTTTAACGGAACAATTTTTTTGGGTTGTAAGGGAAGGGGATAAAACCGAAGCCCTTGTCCGTCTTATAGACACAAGCCCTAACTTTTACGGCCTCGTATTTTGCCAAACAAAAATCGATGCCGATGATGTTGCAAAAGAACTTGACGAAAGGCACTATGAAGCTGCCGCCCTCCACGGAGATATTCCTCAAAGTCAAAGGGAAAAAATATTGGAACGCTTTAGATCAAAAAAGACCCGCATTCTTGTTGCAACCGATGTTGCCGCAAGGGGTATAGACATCGAGGGAATTTCCCATGTTGTAAATTATGCAATTCCTTATGACGGGCCGACCTATACCCACCGTATAGGAAGGACGGGACGGGCAGGAGCGGCAGGGGTTGCCGTCAGCTTTGTACGCCCTAATGAGGTAAAAAGAATCGAGTACCTGCGCAAACATGCCCGCGGAGAATTAAAAGAAGGCAAAATTCCTTCAATCGAACAAGTCATCGAAATCAAGCGTACCCGTATCTTAAAAGAAACGGCTGCCCAAATCGAAAAACGCATTAGCGAAGAAAAACCCGAACAGGGCTTTGCAGCCTTTGCAAATAAACTCACGGAATACGGAGATGCTCAAACCGTTCTCTCCTTTATTCTTCAAATGCAGTACGGCTCGTTTTTATCGCCTGCTCATTATAAAACAATCAAGCCTGTGCGTTCCGAAGGGAGGGCGCGAAAATCGGATGAGGATTCTTTGCGTCTTTATATAGGTGTGGGCCGAAAAGACGGCATCACAAAGCGAAAACTTGCCGAAATGCTAAGCCGGCTTCTTTCAATCCCCGAACGGCTTGTAGATGATATAGAGGTTATGGATAAGTTTTCCCTTGCTACTATGCCTAAAAATGCTGCAAATGATGCTCTGCGCCTATGTAAAAAGAAAAGGGGCTTGCCTCATATGCATATTGATGTAAAAAGTGAGGCTCCGACTAATTACGGTTCTATCGGTAAGGGAAAAAGAGGACAAAAACGGAAAAACGGAACACAAAGAAAAAAAGAAGGCTTAAGCTCTGCCTCAAAGTATAAGCGTAAATAGTTTTAATTTGAAATTTGTAATTTTTGCTTGACAATATTCTATTTTATACGGTATAATCTGCGGTACAGGAGTTATTTTTATGAGTGTTATAAAGGGAATTGTACGGGATAAAAACAAACAGCCTGTCAGTCATGCTAAAGTTGCTCTTTTAACGGAAAGATTTGAAGTTATAATCAGCGGTGAAGCTGATGAATCAGGCCGTTTTCGTTTGGAAGCTGATGCTAAAAAATATCCTTATTTTATCGCTTCAAAAGGTTTTAATGAAAAATTTCTTGATTTTTGGGGCTATAATATAGATCTAAGGCATGACCTTGAGGTAAACCCTCTGCTTGATAAAATAGAAATTTTTAGTTTGATATTCTTTCCTTCCCTCGATGCAGATAATTGCATGATGGTTTATTTTAGGCCTATGAGTTTAAAACAGCTTGTAGGCAAGGAAAAAGTAATTGCACCTGAGCTCAGCACCGATGATATAACCGTTTCCGTCAACGGGGACTTTTATGAAATTGCTACGATGAGGGTTATAAGCGAAACGGTTAATAAAGGGGTTGAACCTATAAGGGCCTATGCCTTAAAAATAAGCCTGGACGGAATCGAATTCGACGGGAAAAATAAACTTGAAATAAGCATTATAAAAGATGACGGTTATGGCGAAGCCGTTTTATTTTTCTAAATATAGGTTTTTAAATAAGATTGGTTTATGATAGATTCCCATGTTCATCTTAGAGACGGCCTTTTATCCGATAAGGAAACTATAGCCCATGCCTTGGCCTTGGCCTGCCCCGCAGGTTTTACGGCCTTTTTTGATATGCCGAATACCAATCCTCCCCTTACAAATGAAGATGCTGTTTTGGAGCGTTTTGCCCTTGCGGAAAAATCTATAAAATCGGCCGGCCTTTCTGCCTTTTACGGTATTTACGGCGGTCTTACTTCAGATATTGCTCAAATAGAAAAAATGGTTTTATTCTATAAAAAATACTTTCCTAAAATAGTGGGCTTTAAAATGTTTGCCGGTCATTCCACCGGAAACATGGGTATAGTTGAAAAAGAAGACCAAAGGAAGGTCTATGCCGCTCTTAAAAAATTCGATTACAGGGGTATTCTTGCCGTTCATTGCGAAAAAGAAAGCCTTATGAATAATTCGATCTTCGATATTGAAAATCCTATCACTCACAGCCTTGCCCGGCCTCCTATTGCCGAAACGGAATCCATAAAGGATCAGATTGAGCTTATGCAAAGCGAGGACTTTAAGGGACATCTTCATGTCTGTCACATAAGCACAAAAGAAGGAATAAGGCTTGTTGCCGAGGCAAAAAAAAGCGGGCTTAGTATTTCGTGCGGGGCTACGGCTCATCACTCCCTCTTAAATATTGATTCTTATAAAAAGTCCGGTATCTTTGTAAAAATGAACCCTCCCTTACGTGAAAAAGAGGAACAGGAAGCCGTTTTTAATGCCCTCATTTCAGGTGGAATTGACTGGATTGAAAGCGACCATGCCCCCCACACATATGAAGATAAGAAAAAAGGCGCTTCCGGTATTCCGGGTTTTGCCGGTTCTCTGATTCTTTTAAAAGAACTGCGCAAGGCAGGCTGCTCCGAAAAAAGACTGGACGAACTTTGCGGTAAGGCCGTAAACCGTGTTTTTAAACTTGATTTGCCTTATAAAGTCCCCTCAAACACCAAAATTGAAGCCTCCCTCCCAAGTTTAAGATCCGGCTACCCCTTCGATGCCTTTGAATTTTTTAAGTAAATGATTAAAGGACGAAAAGCAAATCAGAGTGAAATTAATATTAAATATAGATGCCGTTTTACGCTCTTATGCGTTCGGTTAAATTCGAAGTTTTACAATTTTCCCCATATTCTTTCTTAATTTTGCTTGGTATTTTAAATTTTTTGATATATAATGGAAGAGCAGTTATATTCAGGATTCGGCCTTTATTATAGGAGGTTTTTATGAAGAAGACGTTATTTTTTATTTTGATGATACTTGTTTTGATGGTGTCATCCTGTAATTTATTTTTAAAAGAAGAATACGGCGAGCTTATTTTAAGCTTTGACGGAAGCCTTCCCGACGGAGCCAGAGCCTTGGATTCAAACGGGCTTCCCAGTCTTTTGTCTTCGCCTATGAAAATCAATATAATCAGAGAGAATGGCTATACAATAACAAGAGAATTAGGAGCCGAAGAACCCAAGTCTCTGGTTGAGCTTGTTCCTGTCGGCGAAAAAATCGGAATAAAAGTTATTTTAATCAGTGATCTTGCCGAATGGGCCGGCTATGCCGAGCACATCGTTACGGCAGGACCCAATAAGGTTGCCGTAGAGCTGTCTAAAAGGTCGAAAGTTGCCGCCAATCTGCTGTTCTATTATAAGGGGAAAAATTTTGCAGACAAAAGTCTCGTATCCTTGAGCACACAAAACGGTAAAGAACTGATCAATCGCATTCTTGTCGATAAAAAGCCGGTAACGGCACGGGATAAAATCGGCAGAATATATGTCTTATATCAAGAGAGCAGTTTTCATCTTAAACGCTTTGATGTGGAGGGTAATGAAGATACCGGATTTGAAGCTGCATTTGCTGCTGCACTGCCGTCCAGTGTTACTATCAGCGATATTGATAATATCGCGATTGATATAGACGATAACTATATCTTTTTGTTTAAGGAGAATACCGTCTATTGCTTCAAAGAGAAAGAAGATCATTCGTTTGAATCTTTTAGCAGTGCTGCATTCCCGAGTGCACCGGCATCAAGTGCGAGTGCCGTTGCGGTAGATGATGATGTACTGTTTGCTGTGTATGGTCAGACTTTGTTTGCCTGTGAGTTTGGATTTACAAATCCTCCTCTGCCACCGACTTTACAATTTAAATCGTCTACACTAGCGAGTCAGAACTTGGATAAACTTCGATCGGATCCCGCCTTCGTAAATGACACCCCTGATTGTACCGGGCTTTTTGCGGACGGGGACGATGTGTACTGTATGCTTACCCAGCAGAAAGAGGAAGCAGGAAAAAAGTACGCGCTTGGGCAGCTCGTTCGCTATGAATATTCCGGCAGTACGCTTACCGAGAAAACTAAGATAGGGCTTAATCCTGCTGCTTCAACCGCAGACCCCATCGCCTTTAATGCACAGTATTTTTCCAATCCCATCGGTTTTATCGGCTATGACGAAGAAAATATCTACATTGCTGATGACGGCGTAAATATCGGCTATATAAACGAAAACTGGCATATCAAGGGC
NZ_CP109619.1_gap34	924632	926334	1702	ATTCTTACAAGGCCGTCCGAATAGCCGGTTGTAATAAAAATCCTTTCTGCAGCAGCTATGTCCTTTTTATTATAAAGTTCATTACCTCGAAGGTTTAGTTTTGCCTTTTGTTCTGCAGTCAAGGTTTTAACGGGCAATTCACTTGTTTTTATAAAGCCTTCTTTAATTTCTTGCAATATTCTTCCCTTTAAATATACTTATATAAATATTTAAATTTCGTATTGTACGACTATAAAAATAGTAAGCATTGATAAATCTTAAACAGCATTAATTGTAAAATGTTACATCAAAAACCTATTCCAATGGGAAGGCAAAGCATAACAAATCAATATAAAGCCGATCTTACTTGTATAATCGACCCTAGGATATTATACACTAATTTTTGATTTAATCCAATAACTAATGGAAGAAAAGTATAACCAAAGAGTAGAATTGAGTCTGCTCTTTGGTTATTCGGAAAATTTATTTTTAAATATTATTCATCAAAATCATCATAATCCAAGTCATCATCGTCATCATCATATTCAAAGTCTTCGTCATCAAAGTCGTCGTCGAAATCATCATCATCGTCAAAGTCGTCGTCATCATCAAAATCGTCAAAGTCATCGTCAAAATCATCGTCGTCGTCGAAATCGTCAAAGTCATCATCAAAGTCATCATCGAAATCGTCGTCATCGAAGTCATCATTGTAAGAATCACTAAAAATTAAGACATTATCGAATTTTTCCAATTCAAGATTTTCAAGCATAAACAACCCCTTGTACTACTATTGGTTTACATCTATATTATTATAATAGATGAGAGCTCGTATTTTTGTCAACTAGATAATATCAAATTCTTGTCTTTTTTATATAATTTATTGCCGGATTTTGTATACTATTAGGCCGGAGCGTCCTGTTTCAAAAAATCTTTGTTCTTCCCAGGCCGAAATTATAATATCTTTTCTTATTACGAAGTATGTATAAATAAATCCTTCGGGGAGTACCGGCAGGGCGGTCTCCACCCATTCTTGAGTTTCCGGATCTGTGTAAAAAAGCCGGCCGGTTTCTAAAAGAACGGCTTTAAGGGGGGGGTGATCGTTTTCAGGTGTAAATTCGCATACCGAGGCCGTAATTTCAAAGTCTCCTGCATATGAGGTATTTGAATTTCGGTAAAAAATCACCTGCTTTGTTTTTAAATCTTCCGAAAACATCTCCGCTTTTACGTTTTTTTCAGTCATTTTGAAAATTTTACCTATGCTACTCTCATCTTGAAAGAGGGTAACAGGAGAAGACGCATTAATAAATTCTTCTTGACTTATTACGGAAAAGTTTTCTTTTAATAAGTCTTCAAAAGAAGGAAAGGAAAAATAATCGAATTCTACACGGCCGTCTTGTTCCGTTTTAAAAGCCGCAAACCATTTTTTATTGAATTCCAGGGCTGAAAGCTGTGAAACATTTTTAAGTTTAAAGTGTTCGGGACGGATAAGGCTTAAAAGGTCTCCGTTTACGCTATTATAACGTAAGAGGCTTGAAGGGCTTTCATCCTGAAGAATGGAGGAAAAGATGGTGTTTGTATATAACCTTATAAGGCTTCCAAGGTCGGTCTTATAAAAGCCTTCAGCCGTTTTTGTATAAAATTCGTTTTTGATTTCTATTTTAGGCTCTTCTTCAATGGAAAATGCAGGTAAAATCCCTGCCTTATTTACAAGAAAGAGGGGAGG
NZ_CP109619.1_gap35	1060355	1065182	4827	CCGCTTGGAAAAAGGTGCAAACGTAAAGGCCGAGCTTTTATATATCGACATGGTCCGCAACTTGGAAAAAATAGGAGATTTTGCTTTTAGTATTTCCCGTGCCCTTGCCGAAACCGAATAAGAATTTTTACCACCTACTCTTACAATACAATTCTGTCGTTGCCTTGTCTTTTTAGCTTGCCTTCTTTTTCGAGAAGGTTAAGAATCGGAAGAATGTATTTGCGGGAAAGGCCGGTTACTTCCCGTGCATCGGCTATCGAAATCTTATCCCCTGTTTTGTATTTTGCAAATAATGAATTTACGGCCTTTTTGTAAAAATCCGTATGGTAGTGTAAAAAGTTTTCAAGGCAGATCAGCTTACCTAATTTTATCAGGTCTCTGGTCTCTTTTCGGGCTTGAGGGAGCTTTATCTTGTCTATTTCGATGCCTTCAAAGCCCGCCTTAAAGGCTGCATCCAAAAGGGCCTTTGCATTTTTAGAAATATCTTCACCAGTTCTTCCGCTCAGTTTATAAATATGAGCTTCTTTTTCCAGCTTTTTTTCATCACAAAGTTTTTTTAATACGGTAGTTTTTACCCTTTGCGGAACAGGTAAGTCCACTTCTTCAAGGGTAAAGCCTGCCTGACTTTCTTGAGCCGTTTTTAAAATTTTATTTTCCCAAAACTCAAGCCGCTTTTTTAAAAAACGCCAAGAACCGTACTCGATAACTTCACTCTTATCCGATGTGAGCTCTTGAGTTTTGATTTTAGTATCTTCGACAAAGCCTTCAATATTAAACTTGTAGCTGTGAATGGAAGGAAGTTCCTTATCCCTGTAAACCTCAAAGGCTTCCTTAAACTGTATTCTTTTATAGCTTGGAAAACTTGCAAGCACTCTGGCCGAGGCTAGAATTTCGCTTCCGCCGTGCCTGATTAAAACGGCTCTTTGATTCCAAGCAGAGGCAACGGGTTCCTCTAAAGAAAGACGGCCCAAGCTCCTGTCAAATTGGTTTAAGTGAATGCTGCCTATTGCATGGGCACTTCCGAGGGCTATTTCAATTTCTGCATGGTTCTTAAATCCCCCTTCCTTGTTTGTAAACACCTCATCGATGCGTACTAAAAGTTCTTTTCCGCTTAAAACAAAATTTGAATCTTTTTCAGCTAAGAGCATTCCTCTTTCAAGATTTGTTTTTTCTCCCAGCTTTAAGTTGAGGGCTGTCCGCGTGCCTGGGTCTATTTTTTCCACATCCTTATGATGGTTTTGTATCGATTTAATTCTACATTCTTCATTTGAAGGATATATCTGTAGGCTGTCTCCGGTGTGAAGACCTTTTCCTCTTAATGTTCCCGTAACGGTGGTTCCTATGCCTTTTAGGACAAAGACTCTGTCTACATATAAAAAGGGAGTAGGCGGGCTTTGCTTTTTTGATGAAGAAAGAAGTTTTGTAATTTCGGCTTTGAGTTCCTCGATTCCGCTTCCCGTAAGGGAAGAGACGGCGACGGCAGGAAGTTTTCTTCCGATTATTTTTTCGCATTGGGCATTGGCATCTTCGATTAGAAGTTCAAGCATATCCTTTTCTGCAAGGTCCGATTTTGTGATTACAAGAAGAATGGAGTCTATCTTCATAGCCTTCAGTACACGCAAATGGTCGGAGGACATCTGCATCCAGCCGTCATCGGCTGCCACTATTAAAAGAGCCGCATCCAATCCCCATGTGCCTGCAACCATGTTGCGGATAAAACGTTCATGGCCGGGAACATCTACTATGCCGACAGTACCGTGAACAGGATCTTCAAGCGAAGCAAAGCCGAGCTCTATGGTCATCCCCCGCTTTTTTTCTTCAGGCAGATGACTGGTTTCAATTCCTGTAAGCCTTTTTACCAAGGCAGTCTTTCCGTGGTCTACATGTCCCGCTGTTCCCAAAATATACGGCATTCTTTCCCCCAATCAATATTATCGTATTCAGAGTATTTTAGCATAACTAAGGGATTAGGGGAAGAGGGAGATGATTTGTGCGTGTACTTGACAAGCCGATTTTTTTGTATTACACTTGTAATACGGAGGCTGCCATGACAACAGTAAGACTGCCGGTAGAGTATGAACAAAGGCTTAATTTTCTATCTACCGTAAAGAAAAAGAATAAAAGCGATTTAATAAAAGAAGCTCTTGATATGTTGTTCCGCAATGAAGAAATGGAAATTGATTCGTATGAGCTGGGAAAAGAATATTTCGGCAAATACGGGAGCGGAAACTCAAATCTATCGGTTTCTTATAAGCAAAAAATCAAGGAGAAAATAAATGCTAAATACCGTCCTCATTGATACAGGTCCCCTTATTGCTTTGTTTGATAAAGACGATAAATATCATTTAAGTGTTATAGACTTTATCAAAGACGGTAATTATAGATTTGTATCAACCATTGCAGTATTAACCGAAGTAATGTATATGCTTGATTTTAATATAAAAGTTCAAATTAATTTTTTAGAATGGGTAATGAAAAAAGGGCTTATTATTCATGATATTAATAAAAGCTCTATCAAGAGAATCTCCGAATTAATAAATAAATATTCCGACAGGCCAATGGATTTTGCGGATGCAACATTGGTAGCCGCTGCAGAAGAGCGAGGAATCAATCGGATAATCAGCATAGATTCGGATTTTGATATCTATCGCCTGCACGGTAAATTAAAGATAGAAAATATATTTAAAAAGAGATTTAAATAAGAAATAATTATAAAAATTTTAATTATGTAGGCATATTTTTACGGAACTTAAAAATATGCCTAAGAGCTATTTTTTATTCGGAATACGGTATCTAAGTCCAAGACCAATATGCGGAATCCAATCTATAGATATTTGATCATTTATTTTTTTCTTAAATAATCCGGATTCATTGTTAGGGGCAAAGCTGTGATTCCTTTCTCCATAATAATAAGAAAAACCGATAGCAGGAGCTGCTTCGATAAATAAGTTGAATGCGGATATTTTTTCAAAGTTTACTTCCCATCTTATGGGGCATAATACCGAAACACCAATACTGGCAGGTTTATACAATACCATCCAACTGTTGATATCAATGGCAGTGCCAATTGTGAGCGGACAGTTTTGACCTTTAACTACCGGTTCCCATACAGTAAAAAGAAGGGCACTACGAATATTCATTATTCTAGTAATAAGAGGTATTCCTGTTGAACCTATCAGTAAATCAAATTCTATCAGATCGTTAATTTCATGTGAATAAGATAAGCCTATAAACGGTACACCCAGCCATGCTCCGATCTTATCTTTCCCTCCATTACCGTTTCCATTTGATAAATCGTTAGATTCTGTGAAAATATTTTGAGAAATCAAAACTGCACAGAAAAAAACTGCTAATAATTTTTTCACCTTAAACCTTCCTTCTTAATTATTAAATTTAAGCTTTGAAAAAAATTAAATTGCAAGCCGTTTAAAATCAGTTTTACCATAAGGGTAATGCTAGTGTATAAATGAAGATTTGTCAAGGCTTGAATTTGACAGGCTTGAATTTGGGAATCTTTTGGGAAGAGAATAATCTTGACTGAATGTGTAATAATTGTGTATAATATTACTATGAATGAACGAATGCAAGCAATAAAAGCATTAGAAAAAGCAGGGTATTTTTTAAAACGGCATAGAGCAAATCACGATATATATTGTAATATCGAGTTAAGGTGTTCTATTCCGCTTAAAAGACATAGTTTTGATAAAAATGACTTGCAGTACATTCAAAAAGAGATTGAACAGGGGGCTAAAAAATGAAATATGTTTATACTGCTATTTTTACGGAAGAAAAGGATAAGGTGTATGCACGGGTACCTGACCTTAAAGGCTGTATAACAACCGGTAAAGACTTACAGGATGCAATAAAGCAAATGGAAGATGCAATGTCAGCTTGGCTTTGTGTTGCAGAAGATGAAGGCTTTGATATTCCTAATGCGACGCCTCAACAGAAAATTATACATACTCAAAATGATACACTTTCTATTATCAAAGCTGATACAAAAAAATATCGAGCTATGACATATTCTAGGGCTGTGCGAAAAAATGTATCTCTTCCCGCATGGCTTGCAGAAGCTGCCGAAAATGCCAATCTTAATTTTTCGCAAGAATTACAAAATGCCCTTAAAGCAAAATTGAAGGTTGGGGTGTAGCCAAACAACGATTTTTTAGCATGCCTATAAAATCAATCAAATTAAATTTTCTTCGTAACGCCTTGAATATAAAATTCGCCTTATTTCCATAATATTATCAATTACAACATACCAGACTGTATAATTTCCGACATTTATTCTTCGATACGGATATGGACGTTGCTTTTTTGAGCTCCATATTGCAAAATCTTCCGGGTTGTCAAGTCTTTCAAGTATTGCAGATTCAATTTTTGAAAGTGTATTTTCTGCTGCAATAGGATTCTGTAAATTATTTTGAATATAATTTATGATACCGTCTAAATCCTGTTTTGCTAAAGGAAGATAACGCAAAATATATTTTTTCATTTACCTAACTTTATTCGCGAGTGGATATCTGAAAATACATCTTCATGAGAAAGCCTAACATTGGTGGAAGCAGCCTGAAAATCAGCCTCATCAAGTCTATTTTCTACATTATCTGTAAGACTTTCGTACATATCAAGGCTCATTAGCACCATAGAACCGTGGCCGTTTTTTGTAAGAAACACAGGACTTTTATTTGAAATAATAATATTCTCTATTTCTGAAAATTTATTTCGTAAATCTGAAACAGGTCTTATTTGCATCATTGACACCTCCAATAAAAACTCTCATATCATAATCTTATCATAATTTTATCAAAATATTCAATATGTCTA
NZ_CP109619.1_gap36	1081628	1085367	3739	CTTTGCACCAGTCTACAACAATATCCATTTCAACAAACCGGAGCCATTCATTTACATCATGTTCAAGGTCATTTTTCATATATTAATATTCCTTCGGTTGAAACCGTTTTTTCCAGTGTGGGCCTTTTTATGCGCTCATCAAAGTTTAATACATCGTTTACAATTACATCGCAAGGGGTTGTTCTGCAGTTACGAATAGCCCGATATGCTTTTTGAGAAAGTAAAATCGGATTACTGCTTTTTTCGTCTACAACCACTATCATCGGTTATATTATACACAAAAAATAGGACATTTGCAACGGAGAAAAACACAACAATGCTGTAAATTTCAAGTTGTTCCATTCTCGCGATGTTTTGCCGCAAGGCAAAACTCGAAGCTCGATTAAAAAATATACCTCCTGTATATTTTTTAATCACGAGTTTTAGGCTTTTTGCCTAAAACATCGTATGCTTAAACCACCCGCCATCCATGGCGGGAAAAACACGGATGTACAATTCTTCAGCGGCACGGATGCCGCCGGTTCCACGCCTTACGAGTTTTTTGCGTAAGCAAAAACACTCGAAGCTGAAAAATGTACAAGGATGTACATTTTTCAGCTAGTAACCAAAGTTCTTTTTCGGTAACCTTGGTTCTTTTTAGCAATATGAGCCCATGAACATGGATAAAACATTAAAATTGTGATACTATATACTTAAAGATTAGACTTACAGGATACTTAATATTAGACCTACAGGGTGTTTTTTCCCTCAAAAAAGGAGGATATGATGAGAAAACTTTTAACTTTTTTGAAAACTTTAACGGCGGCGCTTGCCGTAATTGTACTTTTTACAGCCTGTAAACAACTTCTGGATGATCCGGAAGATTTTTTAAGCTATTGGGCGAGTGAGGCCTTTGTCAAAGACCACAGCATCGGTTCGGCAGCTAGACCGGACGGAGCGGGTGTGCCGTGTGTCGGCTCTTCAGACAATGTGCTTATTACGCTTACAGCGCACAACCCGAAAGGCTTTTCACTCGTTATGCCGACTTCTTCGGAACCTGCGGGCATTGTCGAATTTAAAGAACTTTCTTCTCAGCCTGCGGCAGGAGCGGACTATGAACTGAGACAAACCGGTTCAGGCACGCTTGAGCTCACCTATAAACAAGACTTCTTAAAAAGGTACGAACAAGGTTCAGGCAGTTTAAACCCGACCATCACCCTTAAAGCTACAGACGGCAGGGTATTTAAGCAAACCTACACCTTCGGTATAAAATCGAACACTCCGCCGCCTGCACCTAAAGATATCGTAATTGCAAAGACAAACACGTCTCCTTCGAAGTACGTGCTCTGCCTTAAATTCGATTCCGATGAAATGAGAAGAAAGATAGGCAACACCGACAAACCGGTACACAATGATATTGCAAACATTACAATAAAGAAGGACTCATCAAACAACGGCTCATCCTATAAGCTTTTATACAAAGGTGATGATTCGGACTTTCAACAACTTGACGGAGGCTCGTTTATCACGCACGGGTCCGTAGCTAAATTAACCGAAGACATACCGTCAGCACAAGAGAAGTGGGTTTTATACTACAAAACGGACATAGAAATAGAAACCGGTAACGATCTTACAAGGTACTATATAACCTTGCGCGACAGAGAAGGTGTTGTTTCGGATGAGGCTGTCGCAACGATAGCAGCAAGCGGTCCGACTCACACCGTAACATTCAGCGTAGCGGGCGGAAAGGGAACATTGAAAGGCGAGTACGGCAGTCAGAACCAAATAGCCCAAAACGGCGGCGGCACTGCAACACTTACTAACGTTCCAAATGGGGCGCAGGTAAACTTTACCGCAACACCCACAGATTCAAACCAATACAAGGTTGGAGACTGGACTTGTACATCTTCGACAGGCTTTGCAGGAACAAGTGAAAACCCAATCGCTACGCTTACCGTAACGGCAAATACAACTGTAACCGTGCAGTTTGTACAGCTTCCTGCCCTAACCCTAACTAAGCTTGAAATACACGGGAAAGATGCTCAAAACGGTTCCGTTACTCTGCCTTATGACGTAACTCAAGTGACGCAAGGCAATATAACCCTTGAGTTTAGCGGACATCCGGGTATTCCGTTTACCGTAACTCCTGCATTGCCGCTTAACTTAATGCCGGGAGAGACTAGAAACATTACCATAAACGTTGCAGCAAGTCCGGGCGATTATTCGGCATGGTCAAAAACGGTCAGCATAACCCGTTCAAAAAACAGCGTTGCAAACTTAACAAGTTTTAAGCTTAACGGAGAAACCAAAACAGTTCCTTTTGCGGGCGAATACACGGTAGCTTCCGGTACGGCAACAGTAACGGACTTTGCTTTTGATGCTGACAGCACCGGCGCAACGGCAAGCGTAAGTCCTCAAGGAAACGTAAACATACCCGTAGGTTCGGGAAGAAATTTTACAATCACGGTAAAAGCTCAAGACGGTACTGTAACGCAGAACGTAATATTTACCGTAAAACGCAAAGAATACACCGTAAACTACAGCGTAGAGGGCGGACAGGGCAAGATTCAAGCCGGTTCATACCCTCTGACAACAAACAGCAGCCTTTCAGTTGCATACAACGGAAACGTAACCTTTACCGCTCATCCCGATCCCGGCTGGGAAGTAGACAGCTGGAAAGTTGACGGCAGCACAGTATCAAGTCAAACGGGTACAACCTATACCCTTTCCAATGTAACCGGACCTAAAACTGTAACGGTCAAGTTTAAACCGGGCGTATTCGATTTAGCAGGCGGCCCCGGTGCGTGGAAGCGCCTTAAAGAAGAAGTTGAAAAAACGGAAGGCGCCCATACCATCACTATCAGCGGGGAAATAAAGGCAACGACCGACTCGGGTAATAACGGAAAAATTAGTATCCGCAGAGAGCTTATTATCAAGAGCAGCGGCTCTTCCGCCTCTTTGAATGCAAGCAACCTGTCGGGTATTTTTGATGTGAACAACAAGCTCACCCTTGAAAATATAACGCTTAAAAACGGCGCAGAGCCCGGAAACCGTACAGGCGCCGGCGCATACGTAAACAGCACGCTCATTATGAAAGGCTCAAGCGCTATCACCGACTGCTCGGCGCATAAAGGCGGCGGCGTATACATAAGCAACGGTACGCTCATTATGCAAGACTCAAGCGCTATCACCAACTGCTCTGCGGCCGAAGGCGGCGGTGTATACGTGAGCGGAACATTCAAAATGAGCGGCAGTGCAAAAGTCGATACAAACAGCGATGTCTATTTAGCATCCGGCAAAAGCATTGACGTAACCGGCACATTGACAAACACCCCCGCCGCACGGATAACGCCTGACAGCTATACCGACGGCAGAGTCCTTGCAACGGGCGATGCCGAAAAAGCAAACTTTACGGTAACGCCTAAAAACGGCAACGAAAACTGGCGGTACAAAAAGGTCGGCAACGAGATAAAGTTTGTACCGGCAACACTGACGGTTACCTTTACGGAAATAAAATGCGTAGTAGAACATGATGACGGTCCCAATGGAGAATATTATTGGACGATGAAAGTTGACGGGAGTATAGTACACGAACGCCCTAAGAACAACCTATGGGTGGCAGGGGACAACACTACATTGCCCATCAATAAATCCTTTACCCGGTCATTCAGCTACTTCCCTGCAAGTATACCGGTAGATATCGAAATCTGGGAACATGACGATTCCTTTGATGATCATGTTGGTACGACTAAGGCACATC
NZ_CP109619.1_gap37	1088500	1091205	2705	CCCACACCTTTCCTATAACGGCTTTTCAGTCTTCTAAGGCCGGCTGCGTTATAGGTCATTCGGACGGACTTTTAGTATGCCTCGATTCTGACGGAAACACTCTTTTTAGTTTTTACCCCGGAGGCAGCACCTATCAGGCAATCATGGGGGCTGCGATTTCGGAAGACGGAAAACAAGTTCTCTGCTTATGCGGACTCGACAAGCAAAGGGTGGCTCTTATAAATATTTCGGGCCGCCAGCATAAAATAGTATTTCATTCTTCTTTTGAAGAGGATTTAAGAAGACAGGCCTTTGCTTCATTTGATAAAGCGGGGCATTTTGCCGTTTTTGAATCCGCTGAAGGAATAGGTATTATCGATTGTAGAAATTTAACTCTTTCACTTATAAAAGAAGAAGGTTTTATTGCCGGGTTGGGATTTCAAGATAAAAGCGCATTACTTACAGTGCTTCTTAAAAAAGATGATGAATGTTCTCTTTTGTTGATAAACCCTCCCGATTTGATGATTGGAAAAACTAAATTTAAGTCTGAAAATGCCTTTTTAATTCAAAAGGAAAATAAAATTTACATAGGTACCGATGAAAAGATTACTGCATTGGATATACGGGGGCTTTAAATGAAAAAAAATCTTTATATATTTTTATTCTTTATGACTTTTTTATACTCTTATTCTTTTGAATGGCCTGTAGAAAATCCTTCTCTTTTACGTTTGTTTGCTCAAAGAAATGAGTCTTTCGTTTCCCGCTCCTTGGTGTTTAAAGAAGTTGATACGGTTCGAGCTTCTGGCTACGGTAAACATATAATAAGTATCGAGGAAAAAAACAGTACACGCTTTTTTCCAAGCACCTTGGGAAATGCTATGATTTTTATAGATGATGAGGGCCTTCAAAGCATTTATGCCAATCTTTCCGATACGGATTTATTTACCTCCAGAAAAGAAACCGAAGCCGGTTCTATTTTAGGATATGCAGGAAAATCGGCATGGACCGAAGAAAAGAGTTTAATCTTTCAGGTTGCGGATACACGCAATAATGTTTTAATCAATCCTCTTTTATTTATGCCGGCTATTGAAGAAAAAACGGAGCCTCAAATTCAAAATACCGTTTTAATAAACGGCGATAAGCAGACAATCGGTTTGGAAACGGTAAAAAAAATAAAGCAAGGGTCCTATGACCTTTATTCTTCAATCTCCGATTCAACCGAAAAAGGAGGGCCTCAGCTTGCTCCTTTTAGAATTACGGTTTCCATTAACGGAATGAATATATCGGATCTTCCCTTTGAGGTTTTGAGTTCCGACGGTAAGGACCTTTATTTGCAAAATAAAAAATCGTCTTTATCTCTTTTATATGAAAAAGAAGGTACGATGCATTTGGGAAAAATAAATTTACCTGCAGGAAAGATTGAGCTTATAATTACCGTTCTCGACAAAAGCGGAAATCAAAAAAAGGCTTCCTTTATTTTTCAGGTAGAGTAGATTTGTAAAATCATGTTATTTTAAAATAAGGATATCCTTTCCATTTCTTTTTTTATATCGATGTCCCAATATTCCAAACAGATGGGACAGTTGAGCCCGTATTTTTCTAACAGGTCGGACAGCTTTGCAAAGTCTTCTTTTGAGACGGGGTTGTGTAGATCGTTTTTTCCGTCATTGGAATGGAGATGCATGTAGGCTATGTGTTTTTGATTATTGGAAAACCAGCTTTCGATTTTTTCGCCTGAAATTAGGGCATGTCCCCAATCGAGGTTTAATTTTACTTGAGGCAGGGCGACGGCTTCTATAAGTTTTGCAGTGAGGCTGCTGTCTTTTTCGCAGACGTTTTCTAAAACCACGCAGCCCTTAAAGCCGGAATTTTCTACGGCCTCGTTAAAAAATTCCGCATTGCTTTTTAAAAATAAATCGAATTTAAAATCTTCTTTAAACCAAGGCATAATCTGGGTATGAAAAATTATAAAATCAAGGTTCAAGAGCTTTGCAAAAAATAAATCCCTCTTGTACATTTTTCTGCTGTAAGCGGCTATGTCCCTATTAAAAGAAGCTATATTTAAATCGATAAAGCTGCCGTGCATGGATTTTATTCCTTTTAAAGAGGGCAGCTTTTTTTCGTATTCGTTTAAAAGAGAGTATATCTCCGAGTCGGTTAAACAGGGCTCGGTAAAATCTTGAAGTTCAAGTCCTAAATTAAGCTCATTAAAAAGATTAAGATCAAAATCAGCGATTGTCCTAACGGCCTTAATCAGCTTATTTTTCATAAAAAGTTTTTAGTTTTGGCTCTTCAAAATTTTTTCGATATTTAATTCTCCTGCAAAGCAGGGAATGTTTATATCCCAGTTTTCCAAGACCTGAGGATGAACCTCCCCGAATATGCCTATTTGTTCTCCATTGTAAAGAAGACCTGCCTGCCTTCCCGGAATAAATCGGGGGTCGTCGGTTTCGCAAACCTTGTATTCTATTCCGAGGTAGTATAAGAGATTTGCCGCCTCGCTTGCTGCCGTATTAAAGTTGGCATTTTGTTCTGCAGTCAAAAAGCCTAAACTTTGGCTTGTACTTGTGCCTGTGGAGTCGGAGTCGTCAAAAAAGGCAATTTTTCCGGTCTCAAATATTTTGTGCGGATAGACTGCATTTGCAGAACCCATCTCGGCATTTAAAAGAGAGGGGAGGATAGAGTTGCGTACAAACTGATAGTTTTCGGACATCGGGTTTGAAATC
NZ_CP109619.1_gap38	1093212	1097771	4559	GGTAATTGCCGTAAACATAAAGATTAAATTTAAAAAATTAAGTTTTTGTCTGTCGGCTGCACAAAGAATCAGGGCAGCTCCCAAAACAAGGGCTTGTACCGGCAAAAAAGGAACAAAGAGTAAGATTAAAAAAAGGCTTATACCCGAACCTATTCTAAGATATCTGTCTCTTAAAGTCCGGCTTTTTGTTTTTTCCGATTCGTTTTCACTCTTATAATGCCTTACCGCTTGTGAATTATCAGGGACAAAATCGAACCTTTCGGCCTTTACTCTTTGGTACCAGACGGATTGTATTTCAAATTCGGATGCGAACCAACCTAAAAATAAGGCTGTTAAGGTGCCTAAAGAAAATACGGGCGGAATTATGTAGACAGCCGATTTTCCGAACATGAGTAAGACTGCTAAAAGAAATTGCAGGCTGTTTGAAACAAAGGCTCCTGCCAAACTTATACCCATAAAAGAAATTGTTTTTCTCGGAATCTTTCTCATGGCATACATTAACAGACCCGAAGAAAATGTTCCGATTGCTGAAAAAAGAACGATATAAGAAAAAAGAGTTCCCGAAATAAGGGCTTGGCCTAAAACTTTTATAACTAAAAGAAGTACAAAGGCCGGAAAAGAGAAGATGTCTATGCCTAAAATTACGGGCAGATTAGCCAAGCCGATTCTAAAAAAAGGAACCGGCTTGGGTATCATTATCTCGATTGCCGAAAGAAAAAAACAAAATCCTCCGAACAATGGAATAAGGGTATCCGCTTTTTTGGTTTTTAATGACAACCTGAGCACCCGCAGCCGCAAGCATCTTCGTCATGTTCATGACCGCATCCGCAGCCGCCTCCGCATCCTCCGGACATTTGCTGAATCAAAGCCTGCAATTCTTCTTCGGTGGTCTTTTTTACCGATAAGACTTTTACATCAAAATGGAGGGTTTCTCCTGCCAGCGGATGATTTGCATCTATGGTAATCTTATCGCCGTCTATTTTTGTAATTCTTACAATTCGGGCGTGATGACCTTCTCCGGCTTCAAAGTCCATACCGACTTCAAGTTTTACACCCTCAGGAAATTGCTCTCTGGTTGTTTCGACTATCAGATCGTCAAAAACTTCACCATAGGCTTCTTCAGGAGGAACAACTTGCTTAAACTCGGCCCCTTCTTCTTTGCCTTCAAGGGCTTTTTCCAAGCCTGAAATAATCATATTATATCCGTGGATGTACTCCAATGGACCCATTACATCGGACGAGTCAAGGACTTCGCCGTTAGCATCTTTCAGTGTGTATTCCAAACTGACTGTTGTATCTTTTTCTATTTTCATCATAAAGATAATACATATTTTATAAACAAAAATCAAGAGAATATCCGGCAAGAAATCTCGCAAATCCCTATGAAAATCAAATTTTTATCGGTTAGTGCACACAAAAAAACTGTCCTCAAGGCGGAGTTTTTTTCAAATTGAGGGTGGTTAATTTAATTACCGGCACGGATTGCGGTGGTATAAATTCAAGCAAATTTTTTATAATTTACTATTTTTTTCAAATAATAACTATAAATATAATGAGGAGGGGGAAATGTGAAAAAATTAGGAGGACACAAATGGTAAAAAGATTTGAAGATTTAACATTTACAGACGATTTTATGTTTTGTAAAGCTATGCAAAATCCGAGGCTATGCAAAAAACTTATTGAAATGATATTATCAGATACAATAGGTAAAATTGCTTATATCTCAATACAGCATAATATTAACACTTACGAACAGGCTAAGTCTGTAAGATTTGATGTTTTAGTGCAGGCAGAAAACGGTAAATTATACGATGTAGAAATGCAGGTAAGCAATGAACTCAATATCCCTAAACGGATGCGGTTTTACCAAGCTGCCATAGATATTTCTTTTTTGGACAAAGGCAATTCCTATAATAGCTTAAACGACAGCTTTATAATTTTTATCTGTACCTTTGATGCCATAGGCAAAAATAGGCCTGTTTATACCTTTGAAAATCTTTGTATAGAGGACAAAAACACCCCTTTACAAGACGGCACACGAAAGGTTATAATAAATGCAGAGGCCTTTAATAACACTGAGGAGAAAGAATTAAAAGAATTTTTAGAATACCCTAAAACAGGTAAGCCGAATAATGAATTTACAATGGAGATTGAAAAAATGATACAAACAGTAAAAAATAATGAACAGGCAAGGCAAGAATACAGATTATTATCTACTTTTGAAATGGATATTAAAGACAAAGCGGAGTACAGAGTAAAAAGAGAAACGGCTAAACTTATGAAACAGCGAGGCTACCCAATTTCTGAAATTTTATTAATGACAGGCCTACCTGAATCCGAAATTGAAAAGCTGTAATTTTCTATATTTAAAAAGTAAATCTCCGTATATCTAATGAAATTGGTTTATGCTTCTATAAATTACAAATTTGATTACCGTGTCAAAGTCAAGGGCTTCTTACCCCTTGATTTTTTATATAAAATGACTTAAACTTAATCTAATGCAGTTATTGCAGGATTCAACAATGTACCGGAGGACAAAATGTTACCTTTTTATTTTCTTTCAATCACAACAAATTTGATTATGGGGCTTATTCTTGTATTTTTTGACAAGACTGTTAGAGGTGATGAGCCTGCTGACCGTGAAAATAGATATCCCGTTTTAAGGGATTCAACTTTTTTGCTGTTGCTTACAATATTTTCCGGTTTTACGGCAATTTCAAAAATGCTGAGTCCTGTCGGAACCAATATAGTAATATTGGGAGATTTTTTACCCGTAGTTGCAGGACTTGCAGGTTCGATAGTATTTTTAGGGCGATATTTGGAGTCTAATTCAAATATTACCTTACCGGATTTTTTCGGCTTAGTAAAAAATTATGACGAAATAATCGGTTATGTATGTTTGGCTTCTTCCGTCTTACACCTATTATTTTCAAAGGCTATCTTTCTTTAATATTGCCGTATTTGGATTTACAGGTAATAGAGTTTTAATTTATGAAGAGGTTTGCTCTTTTTTTCTTATTTCTTATTTCTTTAAGTCTTTTGGCTTGTTCAAAAGAAGATCCTTTACAAACATTGGATTTGCCGTCGGATTCGGCTATGAACGATGCGAACCGCTTTGCCTTAATAATCGAAACCTATGTTTCTCTTTTAGATAAGCCGGGAGATGACGGCATAACCGTCTCGCATGCCAGAAAATTTGATGTCTTTCCCGTTGAAGGACTTGAGATCGTAAAAGAAGATGGAGAACAGATTCTTTGGGTAAACCTAGGAAAAGGCTGGATTCAAAGATCAAGTGTTCAGCTTTATTCTTCTAAAGAAAAAGTATTGACTGCAGCTAAAAAATTAAAATAATGGCCCTTTTTTGCCGATATAGGAGCTATGAAGTCTTTTGCTGTTTTATCCGCCTATGATATTTCGGAATATTCGTTTAAAAAACTCGAAAACGGTATAATCCCATTTGAAGCCTCTTTCCGTGCGGCTGCCGCATTTCCCGATTGTAAAAAGGTTGTTATTTTAACCTCTGCTTCATGTGAAGCCCCTATCGTTTCCATATTAAAAAATATAAAATCTGACGAGCTAAAAATAGAGTGGAAGGTTAAGGTTTTGGAAAAAATAAGTCCTCAAGCCGTATTTGAAGAGGCTGCAAAAGAAGCCGAAACGGAATCTTCCGGTTTTGAAAATATTTTCTTTTTGCATGGGGATGAGCCTTTTATCGATTTAAATGCAACGGAAAAACTTTTTAAGCAGCATTTGGAATACAGAGCAGAATACAGCTTTGCCGACGGATACCCCGAGGGCCTTATCCCTGAAATTCTTACCTCAGGTCTTTGTCCTATTCTTGCAAAGCTTTCAGAAAACGAAACTTCTTTTGAGCGTTCTTTTATTTTCGATACGATAAAAAAAGAAATAAACAGCTATGATATCGAAACTATGATCGCCCCCTTCGATTTAAGGCATCTAAGGCTCCGCTTTGCAGCCGACTCAAAACGGAATGCTCTTTTATGCAGCCGCTTTACAGGCATAAATGCTGAAAATTATGCAGAATTGATTGAAGAAAAAAAAGCAGAACTTTTTACTCTTCCTGCATATTACGGTATCGAGATAAATTCTTCCTATCCTTTAAAGTCGATATATAAGCCTAATGAGGTTTTAGGACTTGAAGAAAAAAAAGAAATGGATAAGGCTGCTCTTTTTTCTCTTATCGAAAAAATTGCGGAATATTCGGATGATGCCGTAATTTCTCTTTCGGTTTTTGGTGAGCCTTCAATGTATCAGGATTGCCTTTCGGTAATCGAAAAAATTTTATCGTTTCCTAAGTTATCCGTTTTGATTGAAACTTGCGGTTTATATTGGCCTTCATCATTTATAGAACGAGTTGAAAAAGTTATTGCGTCAGCTCCCGAAAGAAAAAACAAGATGCTTCCGGTTTATTGGATTATCTGTATTGATGCGGTCAGTTCAGGAATGTATGCTAAGGTGCACGGCCTTTCCGAAGATGAGGCAAACGTTAAATTAAAACAAGCTCTTACTTTTACCGACAGTTTAAAAAAAGTTTTTCC
NZ_CP109619.1_gap39	1106283	1108185	1902	TAAAGATAGATAAGCAAAAAGGCTCTTTTTTCCGGTCCGTCTGTTTCGGCAAAATAGATGTCTACTGCAAGAGGAATTTCAGGTATATCCTTGTCATACAATCTGTAAGCAAAAACGCCCTCCCGTTTTGCCCACTTTGACAAATGTTTAAATCTTTTTTGAAGGCGGTTTTTAAAAAGCTCCGCCTGATATTGATTTTTTTGCATCTTATTTTTTTGTATTCATCATAACGCCGAGCATTGCATAACCTGAGCTTAAATCTTCTTTTTGGACTATAACCTTATCGGGCACGGTGATTTTGATATTTGTAAAATTCCAAATTGCCTTGATTCCGGCTTTTACAATGGCGTTTGCGGCTTCTTGAGCATATTTTGAAGGAACCGTCAAAATAGCGATTTCGGGCTTATATTCTTTAACTTTTGTTTCCAATTCATCCATTCCAAACACAGGAAGTTCATGAATTTCTTTTCCAATTTTTCTTTTGTCTGAATCAAAGGCGGCACAAATGTCCAGCCCATGTTCTTTAAAACCTTGGTAGCCTGAAAGAGCTGTACCTAAACTTCCTGCCCCTATTACAAAAGCCTTTTTTTCTTTATTCCAGCCTAAAAATTTTTCGATGGCCGTTATCAGTAATTTGACGGGATAGCCTTTTTTGGGCTTACCTACAATTCCCGTAATTGTCAGGTCCTTTCTAACCTGAATGGGTTCAAGTTCCAATTCTTCGGCAATGACCGTTCCCGATATATATTCCAACTTATCGGCCTCAGCTTTTTTTACAAGGTGAAGATAAGAAGGCAGCCTCCGTACAGATGGGGCCGCCGGTACTTTTTGTTTTGCCATAGCATCCTTCTTAAAATAAAAGTATTTATACTATCAATATTACATTCAAATACTTGTAATGTCAAGGAAGCTTACAGGGAAGACGCAGATGATTTTAAATTATCCGGTAAAAAATTGGGCATTAGTCCTTGACAAGCTCTCTATTTTGTAATATTATTGATTCTATACTATTTTATTTAAGGAGAGCCGGAATGCCTTGCGGAAAAAAACGAAAACGAAAGAAGATGTCGACGCATAAACGAAAGAAGAAGCTTAGAAAGAATCGACATAAGAACAAGAAATAAATTAGGAGGGTATACCCCTAATTGTTCAAATATCTATAGCTTTCGGTTAAACGGAAGGGGGGCTCAGCTTTGAAGCCCCTTTTTTTTAGATTTGAGCGGAATATAATGACAAAAAACAGCTTATTAAGTAAAATAAAAGGCCCCGAGGATATAAAGCTCCTTTCCTATAATGAACTTAAAGACCTCGCTGTAGAAATACGAAAAGAAATTCTCACTGTAGTAGGCCATAACGGCGGCCACCTTGCAAGCAATTTGGGTGTAATAGAGCTTACGCTTGCGATTCACAGGGTTTTTTCAAGTCCCCATGATGCTATTGTCTGGGATGTCGGTCATCAGTCATATACGCATAAAATGATAACAGGCAGGCAATCCCGCTTTTCTACCTTACGTCTTTGGGAAGGCCTTTCCGGTTTTCCAAAAAGAGAAGAAAGTGTTCACGATGCCTTTAATACCGGCCATGCTTCAACTTCAATTTCTGCAGCCCTAGGTATTCTTGAAGGAAAAAGATTAAACAAGGATTCCGGAAAGGTTATAGCCGTTATAGGTGACGGTGCTATGACCGGCGGAATGGCCTTTGAAGCTCTTTCAAATGCCGGAGAATTAAAAAAAGATTTAATAGTTATAATAAATGACAATAAAATGTCCATAAGCAAAAATACGGGAGCTTTTTCCGAGTACTTGAGCCGCCTTACAGTTCATGAAGGCTACCAGCGTTTTAAGTACCTCTTTGACAAGGCTGTGGGCTCAATACCCCTTGTAGGAAACAAACTTAATTCCA
NZ_CP109619.1_gap40	1119229	1120032	803	AGATTTTCTTAAAAAAGCCCAGCAAAAGGCCCAACAAAAGAGACAATACCAGCGATACGGCCAAGGTCAATAAAATAATATTCATGCATACTCCAATAAAACTTTATTTCCCTTGTATAATGCCATATTTTTACATTTTGTGCAAGTAATGGGTTTTAAAAATACTTTAAGAAAATGGTAATAAAATTTGAAAATTGACATAATCTTATTTTTTCATTATAATGAGCCCTATGTTAAATCCTGAAAATATACGCAATTTTTGTATTGTAGCTCACATAGACCACGGCAAGTCTACCTTGTCCGATAGGCTTATCGAAAAGACTAAGATAATAGATGAGCGCTATCACCGCAATCAGATGACCGATGATATGGACATAGAGCGGGAGCGGGGCATTACCATAAAAAGCCATGCTGTCCGAATTCCTTATACGGCTAAGGACGGTAAAAACTATGTTTTAAACTTTGTAGATACTCCCGGGCATGTAGACTTTTCCTATGAGGTTTCGCGTGCCATAGCTTCTTGTGAGGGGGCCATCTTAATTGTAGATGCCACTCAGGGTGTTGAGTCTCAAACCCTTTCAAATATGTATCTTGCCCTTGAACATGATTTGGAAATTCTTCCCGTCATAAACAAGATAGATCTGCCTGCAGCCGACATAGATGCTGCAAAGCATCAGATAGACCATGACCTAGGACTTGATTCCGATGCGGCTGTGGCCGTTTCTGCAAAGACAGGCGAAAATATCGATGCCCTTTTTGAAGCGATTATAACAACCTTTCCTCCGCCCAAGGGCTCAAAGGAT
NZ_CP109619.1_gap41	1136342	1138695	2353	CCGCTTTTTAAAAAAAGATGTCTCCGTAAGAAGACAGCAGTTTTCGGTAGTTATAGATTTTCTAAACGTAATAGATTCCCACTATAAGAGCCTCTATCTTTTCGGAGGCCGGCAGGAAAGTCTTCTCGTCGCCGAAAAAAACGTTAGAAGCACATTTCCCGGGCTACGCTTGGTTGGCCGCTTTGCCGGTTACTATCATAAATCGATGGAGCCCCATATTATTTCGGCTATTTCAAAAGCAGCTCCTTCCGTAGTAATTATAGGGAAGGGAGTCCCCGGCGGGAGAAAGTGGATTTACCGCAACAAGGAACATTTTAATTCCGGAATCTTTATCCGTTATGCAAACCTAATCGATATTTTTTCCAAATTTAAAAAACGCCCCTCTGAAAAACTTTTTAATTCCGGATGGGATTTTATAATCCCAGTGCTTAAAAATCCTTTTAGAATATTTACTTTTTTCGGTTATATTTGGTATAATATTCTGCTCTTATTTTATAGACTGTTTAGAAAAGGGTAAACTTTATGGAAAACTTTTTAATGAGTGTATCGATGTTTTTTTATAGGGTGCAGGATAAGGTCAGCATGACTATGTCTTTTTTTGTCATGGCGGCATGTATCATCGGCATTGTTCTTGTGCTCTTTTTTGCAAGTACAAAATTAAGAAAAATAAATGCTGTGCTTGCAATAGTATTGTCAACTGCCTTATCCTGTATTCTAATGATTCCGCTGATGACGGCATTTAATTCTTTTGTAAATAAAAAGGTAGTTAACGAGGTAACTGACAGTCAACTTGCCGAAATTGAGGCGCGCAAAGCTCAGATAAAACTTCTTGCAGCAAATCAAGAATTAAAAGAAAAGGAAAAAGAAATTCTTGATAATAAAATAAACATGCAAAAGCAATCAATCGAAATAAGCGGCTTAGAAGACAGTTTAAGAGTTTTACAAAATACTCAATTGAACATGCAGAGTTTTAAGGAAATATTGGAACTGGGATTATTGGAAGCGAATTTAAAACAGACTAATTTGTATCGAAAACAGTTAAGCGGTATTTCAACAGGAATAGGTTTAAAGGCCGATCAATACTATGATGAAGGGCTTGTTATTTTAACCCACGATATCGATGCAAAATTCGGTGTCGATTTAAAAAAAATTAAAATTACCGTATCAAAGGATTTTCCGAATATTCTTTGGATAAAGGATATTCAGCCTAAATTTTTAGGAGCGAGCAAAAATAAGCACATAAAAGAAGTTGCCGAAATAAGGCGGGTCGATATAAAAAACAATATTAAAACCTATAATATCTTAAACGGTCAATCCGAGGTAAAAAAGGCAAATCAATATGCAGATCTATGTGAACAAGAATACCAAACCCGTTTAAGTCAGGGCCTTGAAACGAATTTTATGAATGATGCCGTTTTAAAGTTGGCCGAAAATTTTATAAAACTTATTTTAAGCCCTCTAAAAAAAGAAATCAGGTTCGATTCCGGTCTTGGCGGAGATACTATGTCATTGGAAGACTATATCGAAACCGAATTAAAAGAAATCCAAGCAAAACGCTTAGAGCTTGAAGATAGCAACAAAACCCTTGATGCCGAAACTCAAACAAAAGAAAAAGAACTTGAAAATTTAAAATCGAAGATAGGTGACTGAGGCCTAAAAGTCGGCAAGTTTAAATTCAAAAAACATTAAAATTTGTAAAGAAAATTGAAAATTTTTGTAAATTTCGTAAATTTATGTTTGACGGGTGAAATTTTGTATGATAGGCTTAAGTTAGACATCGAAGGAAAATATAAACTTAAGAAAATTATTTTGTAGCGATATTATTTTTCCTTCGATGTTCTTATTATAGGGTATGGATTATGAATAAAAAAGTAATAAAAGATCTGTGCATTCTTTTTATGCTGTATATTCTTGTTTTTTATATAAATTCGTATATTCATAAGTTTTTATTAAATAATTTTTATAATTGCTATTATGCTTTATTCGGTAAATATAATAAAATTGTTGACCTTCTAATATCTTTACTATTTATAATTGTTTTATATTTATTGTATCTAAAAGAAATGAAGATAATATTTACTTATAAAAAATTAAATTTCTTTTTTATTGTAAAAAGTTTGATTTATATATTATCAATTGGAATGATATATTATATAATATACTTTATCTTTGATAATGCTTTTCTTTTTAATTTTTTTAAATACTTTAATGATATTTTAAGTGGCAAAAAAAATATTACTATATATGATATTCTGATTTTAGAAAAATCGCTAAGGCCTTGTTTTGAACCTTTTATGTTTATAGCTACAGTAATTATCAGTCCTATTTTTGAAGAAATACTATATAGAGGGCT
NZ_CP109619.1_gap42	1145929	1148863	2934	CGGTTCTTATAAAGTCAATTGTTCCTGCCCCTGTCGATGCGGAAATATTACCGGCTTTTATGTTTTCAAATTTTATAGCACCTGCCGAAGAAGAAAGCTTCATAGTTTCAATATCAATATCGCTTATATTTATGGAACCTGCAGAAGTATTAAAATCTATTTTTTTGTGTAGACCGCTTTTTACCGAAAAATTCCCGCATGTTGTATAGCCTTCAGTAACTTCTACATTTACTTCTTCTATTTTTAAAGAACCCATCTGGGAATTAAATTCGAGCTTTTCAAGACGAGTATCTTTGGGAATATTTATGATGATTTCTCTTTTGCCTGCATTAAAAGAGGTATTTATGTTAAAATTTTCCAAAAAGGAAGCAAAGCCTTTTTTGCTGAAAAAGAAAACGGGCTTTTCCTTTATTATAAGCTTTCCGTTTTCAATCTTTGCCGAAAAATCATCATCCGCAATATTTTGAGTAGTATACTCAATTTTTTCTTCTTGAGAAGCATTTATTAAAACTTTTGCGGCTGTTATGTTTAAAATAATTTCCGAGACGGCTTCATCGGGCGAAAACTGCCGGGAAACTTGAGTATTTTCACCCTTATATGAGGTTTTATGAAAATCTATAATCTCCTCTGCAAGTTTTTTAGGTGCTCCAAGTTCTTCAATTGCCGCCTCTTCGCTTTCGGCATCTTCAAAGTATTCTTCATAAAACTCGATCGTATTTTTTCTGTCTTCAGGTTTTAAAACCGAAAGATAAGAATTAAGTTCAGTTAAAAATTGGTCCTTTGTCATCTTTAATCTCCTAAAGGGCTGTTCCCTTAAAAATCTTGTCTATTAGTTCCTTATAGGACTTCCATTCTCCAATGTAAAGTTCATGCTGCCTTAATCCCGCAGGCGTTATTTTGTAGTACTTACGGTTTCGTCCGTCGATAGGCTGGTCGTAGGTTTCCAAATATCCGCTTGTTTGCAGTCTTTTTAGAACAGGGTATAAGGTAGATTCCGATATTGGAAGAAGGCTTTTGACATCCTGCGTTAATTTGTAGCCGTAAGAATCCGAGTCTTTTAAAAGGGCTAGAACGCAGGCTTCAAGTAAGCCCGTATTTATCGAAAAAATCATCCCGTTAACCTCCTTGCTATATCTGATATTATATAATACTATTTAGTATATTATTTATGTTTATATATTATATAAAATATAATATTATGTCAAGTATAAATATGAAATTTTTTATAAAAATTTTGACAAAATTTTTAATATATGATAGTATGGGTGATAATTATTTATATTGATTGGCGGCTTAATAGGTGCCTTGATTCTATAAAAATTGAATATATTTGGAGGTAAAATATGAAAAAAATAATTTTGATTACTTTATTTTTTATGTGTATTTTGGCTATGGGCTTTTCCGAAGATCCGGCTACCGGTTTATGGAAAAGCGTGGACGAAAAAACCAATGAGGTTACCGGCGTCTGGAACATTTATGAAAAAGACGGAAAATTGTTTGGAGAAATGCTTGTTACAGTAGGTCATGATCCTAAGGAGCTTGCGTCTTCCTGTAAAGAATCCTATAAAGATTTTCCGAAAGCCGGAAAGGTAAATGAAATGCCGCTTGTAGGCACGCCTTTTATTTACGGTCTTGTAAAAAAAGAAACCGGTTCATGGCATAAGGGTTATATCATTGATCCGGGTGACGGCAAGTATTACTATTGCAAAATAAAATTTCACAAGGCTGACGGTAAAAAATTTAAAACCGATACCCTTGAAATGCGCGGAGAAATCGGTCTCGGCATAGGACGCAGTCAGTATTGGCTTAGAACCGACAAGGCAGAAACCGATGAATTGATCAAAAACAATGTAGTTAAGAATTAGTATCAACGTAATTCCGTATCGGGGATAAGGCTTTTTGCAATGGCTGTAAGGGCCTGAGCTTGAGAGAGAGGATAGGGCTCTACCGAGTTCCACTCAGGGTTTAAACAAGTTCCCGGTACAAATTGGGCTAGCCTCCATCTTGCGTTTTTAGGCAGGAGGGAGGCTATTTTTTTTATTTCGTCTTCAGATACGAGGGGCGGAGCCAAAACAGTTCTGTATTCTACTTCCGTTTTTTCGGTATTTGATTTTAGAATATCGAGGGTTTTTAAGAGTGCGGTTTTTGCTTTTTTTGCGGCTGAATCGGTTTTTGAGGCTAAAAGTTCCCCGTACCTTTCAGGCGAAGTCTTTACATCAATGGCTATCATGTCTGGTTGAAGATTGGAAGAGCTTAAAACCTCTTCTATGCGTTCCGGAAAAAGGCCGTTTGTGTCTATTTTAACTGCAAGGTTTAAGGACTTTGCTCTTTCAATGAGCTCGAACAAGGCCGGGGACATAAAAGGTTCTCCCCCCGAAATAACAAGGCCTGAAATAAGGTTTTTCCTTCTTTCTAAAAATGTATAGATTTCGCTAAGCTCATAATAGTCATTGGAGCTTTCCTGATTTGCAGTAAAGGAAGAAGGCGAGGCTAGGGCGAGCTCTGCATTGTGGCAGTAGGGGCATCGTATATTGCAGCCGGGCAAAAAAACCGCCGCTGCGACGCGGCGGGGAAAATTAACTAATGTGGTTTTTTGTAAACCTGCAAGCATTAGGCTATTTGTTCTTTTTTTTCTGAAAGGTTTTCCGAATTTGAAAAATTTAAGGAGCCGCTGATGGGCGGGCAATCACAGTCGGACAGAGTTTTTCCAATCCTTTCGTTTTCAGAAGAGAACATAAGCCTGTGGTTATATTCTTCCCGTTTTCCTTTGTTCCAGTTACGGACCGATCGGTAGTAGCCTACAATTCTGGCATAAACTTCAGTTCCCGTACCATGAACATTTTCAAGTTCTTTTTTTACCTCTTCAATTTCTGCATTGACTTTTTCAATGTCTCTCATTTTTTCCTCCCAGCTTTCGGAATAAACCGTTATTTA
NZ_CP109619.1_gap43	1182716	1186777	4061	AGGTTAAACAGAAGCCGTCAGGGACAGTTGGAGTATCTTACTACAATGGACTATATTCATCGGTATGCAAAAGCCGGAGCAAAGATATTAGAGATTGGTGCCGGTACGGGCAGATACTCCATTGCCTTGGCAAAAGAAGGATATAATGTCACAGCTGTTGAATTAGTAGAGAGCAATCTTGAAGTGCTGAAAAAAAACAGCGTCGGTATTGAAAATATTATTTCTTATCAGGGAGATGCATTGAATCTTGATAGATTTGAAGATAATCAATTTGATATTACATTATTGTTCGGTCCTATGTATCATTTATATGATAAAAAAGAAGTTCATAAAGCCTTGGATGAAGCAATTCGAGTTACCAAAAAAGGCGGAATAATTTTAACGGCTTTTCTTTCAGTATATGCCATTATGAATAATAATTACCTGAAAGAAACTCTTGCAGCAGGTATCGAGATGAACTTTGATGATAATTATAAAGTGAAACATTTTGAAGATCAGTTATTTACAGGTTATGATATCGTGGAATTTGAACGGCTTTTTGAATTACACAATACAAAATATTTAACTACGGCAGCTGTAGACAATATTTTGGAGTTGGCCGAAGGTAGGGCTGATTTTAAAATGTCGGATGCAGACTTTGAGTTATTTGTTAAATATCACTTAGCAACATGTGAAAAGCGAGAGCTGCTCGGTTCTTCAAGCCATTTATTATATATATGCAAAAAAGAAGACTAAATTAATTTAGGTGTTAAATATGAAGCAATATACATCTTACCTTTTTGATATGGGTTCTACCTTATTGGAATTCCATAATCCGAAATGGAATGAAGATGAGATACTTAAAACCGGCCATAAACGCATGATTAGCCATATTTCTGGTATCTACGGACAGTCTATTGCCGATAAAATAGACAAAGAAGTTATTTTACCTTGGTATGACTATGTTGAAAAAGAGCGTAAAATTAAAAGAATAGAATACCGTATTTGTGAAGCCTTGTTTTTAAAATTTGGAGAGTTGGGTATACATATTTCTTATAATGAAATTATTGAAATATTGAAAAAAGATTATCTTGATTTTTATAATCATGCTCATCCGAATGAAAAAGTGATTGATTGTCTTAAATTTTTAAAAGAAAAGAAGTGTAAAATCGGTGTTGTTTCAAACATTATGTACCCCAAAGAAATATATCTTGAAATTTTTAAGAGAGAAGGGCTTGATTTATTTATTGATAATTATACTTTCAGTTATGAAAATGCCTATATGAAGCCTCATTCTTCTATTTTTTTACGAGCTCTTATGTCGCTAAATGCAAAAATTTCGGAAACGCTTATGGTGGGCGATAATGAAAAAGTCGATGTTATAGGTGCAAAAGCCGTAGGATTAAAAACCTGTTTATACGATAAAGATAAAAAGTATAAACAACATCAAGCCGATTTTTATATAAATAATTTTATGGAACTTATTGATAATTAAATAAAAATAGTTTTATGAATTTACCGATTTTAAAAGAACAAATTTCACAATTTCTTGATGAAAAAGGCCGTATTGTCAGATGGCCCAAGAAAACTTATGATAAAATAAATGTCTTAAAATATTTACAAGGAAAATTCGAGTCTGATAAAAAATATTCTGAAATTGAAGTGAATATAGTTTTAAAAACTTGGCACACTTTCAATGATCATGCTCTATTAAGACGTGAACTTTTTGATAAATTTTTATTGGAACGTACACCGGATTGTAAAGAATATTGGGTTAATACCAATAAAGTTATGATTTAAAAGATATTATTATGACTGATGAAGAAAAAGTTAAAGTAAAATTTATTAAAGATGCGAAAAGATATGTAGAAAGTATATTTAAAGAAGATTTTAGCGGTCATGATTTTTTTCATACAATGAGAGTATTCCGTACGGCAACTTACCTTGCAGAAAAAGAAAATGCCGATATTTTTATTGTTCAATTGGCTGCCTTATTACATGATGTAGATGACCACAAACTTTCACCGCACACAACTGCAAATAAAGATAGAGCTGTTTTATTCATGAAATCTAAAAAAATAAGCGATGCTCTATGTAAAACTATTGTTTCTATTATTGAAGAAGTTTCGTACTCAGGTAAAGATTCGAATAAACCGTCTTCAATTGAAGGGATGTGTGTCCAAGATGCAGATAGATTAGATGCTTTAGGTGCGATAGGGATAGCAAGGGCATTTGCTTATGGCGGAAGCCGTAATAGACCAATCTATGATCCGTCTATCCGGCCCCGTATGGGTATGGGAAAAGAGGAATATCAAAATCATGTATCGACTACAATTAACCATTTTTATGAAAAGCTATTTTATATTAAAGATTTGATGAGTACCGATACGGCAAAAAAAATTGCAGAAAAAAGAGAATCGTATATGAAAGACTTTATTTTGGAATTTTTAAATGAATGGGATTTAAAAGATATGTAAGCCTTACAATCAAATTCTGTTAATTTGATGGAGTGAATATGAAAAAAACATTTTTACTTTTGATTTTTTTTAGTTTGTGTATTATAAGTGTCTATTCTTACGAAGCAAAATTTATAAACCCGTTAAATGGAAATGTTGTTATATACAGAGGCGATGAGTATCATGGTAGTGGAAAATATTATTTTATTGAAGATAACAAATAAATATTAATTATTGAAACTGAATGTTATTATGGACCGCAAGTGTTCTGGTATGGAAATGACATTATAGAAATATATATTCCTTTTGGATCCCCTTTTAATGGTTCATATATCTATAATTCTAAGACAAAATCAATATCGAATTTTATTGAAAATATTTTGACGGTGTTTCCTGATGATAATATTTTGGTTTGCAGTGACGGTTTTGAAAAATTTATTTTTATAGATATAGGCACTCAAAAAATTGTGCAGGTGATAAAAATAGATGAAATAACCGGATCTTACTTGTCGATTCGTGAAGCCTTTGATATAAAATTGATGCTAGAGAAAATACTGATAGGAATTTATATTGATCCTAAGTCATTGAAAGAATTTGAAACCGTGAAATATTATAGCTTTAAAAGAGAATTTTAATATAAGAGTAATTTAGTAGCTGCTATGTTAAAATTACAGTTTAAAAAACTTTATTTTTTTTTATTGATACTAACTCTTAGCTTAATACTGATTATAATATTTACAAGTATTTACTTAAATAATAATAACAAGGCAGAATCTTATTTTATAGATCGAATACAGGATTTTGAAGTTTATTTTGTAAATAATAATTATATCTTTGTGAGTTTTTCAGGAAATGGATCCTTTCTTTATGGAGGAATAATACATAAAGATAAATTTAAAAATGAAGAAGATTTATATTTTGAAAATATTAAAAACCGTTTAAATAGTGAAGATAGTTATAAATTTAAGTTAAATGATTATCCTGATAATGCTGTGATATATATTGGGAACTATGATTCAGATAAAAATATGGAAATATTCTTTTATGAATTTATGGGTATAAGTATTGAACTTCCTATAGAAATTACGCCCTTAGGTAAAGTGCAAAAACAAGGTGTATTTAATAATGTTTTCCTTATTTTTTCAATAATAATGAATATGTTTTTTAGCTATATTTTTGTGTTTATTTGTTGTATTTTAGTATTAGCTGTTTTGATGACTCATATGGGTATAAAATTTTCATGGGTTATCAAAAAATAATATTTACCTATAAGAGTTTCAGTACTAATAAAGGAGTTCAAACAAACTGATATTTTTAATTATTTTTTTAAGTGTTGTTTTTTTTCTTTCTCTGTTTTTAATGATTAGGGGTGTCAAAAAATATATGATTTCACTTGATACCTGTTTTTTAAATATGGGATTAATAACAACGATTATATTCATTGAGATATTGATAGGCATAAATTCATATTATTTGGATTTTGTTTTTATACCTATTATTGTTTGGGTTTTAGGTGCGTTTTTTTTGATCTATCTTGTAGTGTGTGAGCATAAAACCTATTCAAATGTACAAGAGATTATTGTTCATCTTAGTTCGACAGGAAGACACGAAGGTCTTTGTGATGCT
NZ_CP109619.1_gap44	1219387	1221505	2118	CATCCTTAGTATAGACCAAAGCCTGCCGAACCTGCTTTCCTTCGGCATTTTGACCGTATCGAACTAACATTTATGAATGAATATATTGCATGTAAAAAGGTTTTATGTCAATGAGTACCGCCTATTTTTGCCAAATTTCTATGGTTTTAGGTAAAAAAGCCCTTTTTAAATTCGTTACAATATGATATAATATTCCTTCTATACATTAGGTAATTGCATATTGGAGAAGTTGCGAAAAAATATGACAATAGATAATGCAGGACTCGGAACTATAATCTCTACAGACATAGTTGTTCTAAATGATCATGAAAGAACATTGGTCAAATATGCTTTTGAACAATTGAATGAAGAATACAAGTCCACTGTTTTGGAAATAGGAAAGAAACTCATGGATTTGGAAAGAATGTCGGTTGCGATTTCCCACTTTCCTTCGATTCATGAGACAAGCATTCTTGCAGGCCAAAAACGCAGTCAAGAAACACTCATAGAAACTTTGTGTAAAACTCCTTCCGATTCCCGTACTCTTTCAATGCCCACAAAAGCCGTATTGGGACGCGGTTTTCTTGTTGCAAAATTCCATATATTTTCTGCCATTACCAAGATCGCTTCAAATTCATCATTTTCGGAAGAAAAAATTGAAGAACTTAGAGCGGCTACTATGAATATCATGTTTACGATTATGTCCGAAGACGTTTATATTTCGATTTTGGACAGCAATATTTTGGATAAACAAAAACGAGAAAAGGTCGCAAATGCCTTAACCTATCTTTGGGAGCACCGTTTGGATCAAAACACAACTTCTTTTGCTCCCGTTCTAACCCGCGTTTGGACTGCCCGTGACACAATAGCTCCGGTATTCGGTACGATGATGGGCACCAGCGAGCTTTTTTTGCTTTCGTCCAAATTGGATGATTCTTGGCAAAGTTTTATGCTTGCAAAACTATCCAATAAGATTATAGGGCAGTCGCTGGAAGAGTTTTTATTCGGCATCTCATATGAAGATATTCTCTATGTACGCAATCAGTTGGTAAGCTGTAAAATACCTGCAATGGGCAGGGAAGATGTTGCCAAGCTCTTAAATAAAAAACTGGATTTTGATAATTCCGACCCTCGCCATTTTTACTCTTCCTATGTACAGCGCCGAAACAATGCCGATGCCCGCAAGCGCCTCAACGCCGCCGGCCCTAAAAATACGATTGAAGACTACTACATCAGCTTTTTATTTGAAAAAGGCTTGGAGCTAAAAGACGGGAAGGCGGAGACAAAAAAGTAAGCCTTATTCTCGTCAAGTATTTTTGGGAAGAATATTGTTTCATTTGCCGGATTAATAATAGAAATTGTTTTTTTGTAAAATTGTCAAAAATTTGGCTAAGTCCTCAATACTTGTAATAAAAGGGAAATATATAGAAACAAAGAATTCTTTTTCGGTAGATGATGCGATATTATCTCCAATTTTATCGTAATTTTGTTCACTGGCATAATCTTTAAGATAGTTTTCAACGCCGTATATTTCGAAGTGAACAGAACTAATTATATTCCAGTCAAAAAGTTGTATTTGATTCCTTGATATCTTTGTTGTAATTGAAACAGTATCAAAATCGAACTCAATATCACATAATCCGATAAAGCTGATTACAGGGATAGGGTACATATCCGGCTGATACTCTCCTTCGGAATTTTTATGATAATGACCATTAAAGAAACCTCTGTTTATTTTGCTGCCTGTATATTGTTTTATCAATGTTCTATGCAGTTCATGTGATTTATGAATTATAGGAGAATAAATTCTATTCAGTATCTCTCGTGTAGCTTCTGCCATAGCGTCTAATTTAACAAATTCCAGCCATTTATACAAGTTATTTTTTTGGCTAAAAATATGTCTGACCTAACTTCTATAGTATGTTTTTAGATTTTACTAATTCCCGGCCTTCAGCTTGTCTATCGTTTTAACCATCGGTTTATACCGTGAGAGATTTTTGTTTGTAAAATTGTCCCATGCCGTGTACATGTGCCCGAGCATCGCAGGGTTATTCTTGTATAAAAGCGAATAGTCGATGAGAGCGTTTACCGCTTTAATGCCCTTGAAACTTGTCGGCAGAACACGGAACCCCTTGTTTA
NZ_CP109619.1_gap45	1222513	1226161	3648	TTAGTATCAAAACAGTATCAATAATGATACTAAAAATATTACTATCATAATCATTCCATTTTTATCTTTAATACCACATCACTATTGCTTAATAATCGCTTTATTTCTTCCTTGCTTAAATTTTTAATCTTCCCAATTCGAGTATATTCCCATGTGTTTGCTCCATAAAATACAACTATTTTGTTTCCGGAGTACAGCATTATATCTCCGGCTTCTGCTGTAATTCTTTTATCAGATGAGGAGTAAGTTTTACCCAGTTCTCCTACCTGCTCGAAATCGCTATATTTAGATAACCGGATGGTTACCTCTCCTTGTTTTAATTCTTCCTTTAGTTCCTTTACAGTATTATTGTTTTCCCATTCAACATCAAGTACAGTGCCATCTATTTGCATGTCTTTTATCATATTTTCATAGGAATCTTTTCCAAAGTAATAGTCTGTTTAACGATTCCTTTTTCCGGTATTTTCTGTTCCTCGGATTTCCTCATGATAGAAATAATCCACGATCACCGGATGTCCCTGCGGGACTCTGCCATAAGGCATTTCATTATCCACAAAGGGACAATCATACTTCTTAGCCATTTCCTCAGCTTTTACTTCAAGCGCTTCAAAGTAGCTGCGGTTATGCTTGTTATAGATCTCATCGTAAAGCGGTACAAGGTCAGGATATTTTCCAGCGATATAATCCATAATCGTCTTCTTGAAACCGCCCCGAAGATTGAGATTTTCGAGCCAGAACAGATCGCACTGACCCTTTACCCGCTCAAAGATCGCTTCAAAGTCCGTGATACCGGGGAATACCGGGGATACGAAACAGACTGTACGGATCCCTGCGTCATATACCTGCTTCATAGAAGCGATACGACGCTCAATGCTCGAAGCAGAGTCCATATCGTTCTTAAAATTTTCATCCAGTGTGTTGATCGACCATGAAACGGTTACTCGTCCAAGCTTCTTCAGCAGATCGATATCCCGTACCACAAGATCAGACTTTGTGCAGATTAGAATATCTGCGTCACTGCCGATCAGCTGCTCCAGAAGTTTTCTGGTATTCTCGAATTGCCCCTCCTGTGGATTGTAGCCATCCGTCACAGAACCGATGACCACCCGCTGTCCGGCATATTTCTTCGGATTTTTAATTTCCGGCCAATGCTTCACATCAAGGAAAGTGCCCCATTCCTCCTTGTGTCCGGTAAAGCGCTTCATAAAAGAAGCATAGCAATACTTGCAGGCATGTGTACAGCCTACATAGGGATTGACCGAGTAACCGCCTACAGGTAGACTGGACTTGGTCATGATGTTCTTTGTTTCCACCTCACCAATGAGGATTCCATCGATTACTTCTGCCATGATCTCTGTACCTCCAACACTTTATTGAATTCTTCCGGCATTTCCTGAATCATATTTTCATCCCCTATGATAGAGACAAGGTCTTCCTTCATAAACACCGGAATGCCGAGCGCGTGTGCCTGGTCCGTCAGAGACCATGCCCACTCCGGCTCCGTATGAACCTTCCTGCTCTGAGCTCCGGTCATGGTGCCGACAACGATCCAGTTGATTCCGGAAAGGCCAACTGTACCGGGATCGTCGAATAACGGCTCAAAGGTAACATGGTAGTGTTTTGCTCTGACGTTTCTCCGAAGCGCGTCAATACGCCACAATTCTGCTTTCCTTGTTACCGTAACGCCAAACCATGCGTTTTCCAGATCGGTATCAAAATTTAGCAGATCGGGGCGCTTGGTAAGAAACAGGAACTGATGCTGTGGATTTTCACGGATCTTTGAAAATACCTCGTCTCTCCACTCCGGCTTCCATCCGGAGAGATCGCTCATGCCGGTAAGAAGAAAGTTCTGCGGACGTTTCTTTTCCATCATCTTGAGCTTTCCCGGAAAGAATTCAGGGTCAGCGAAGTCATCAATCATATGCCAGCGTTTCACATTGTTGCGGGCATAGCAATATGCACACCCCACTGTACAGCCGATGACAATATTCATGTTTTGAATCTGATCTTTGATACAAATACTCATGACTTCTGCCACTCCTCAAGATTCTTTCTGATACGGTCGAGGCATTCCTCAAACCGGGTAATTTCTTCCTCTGAAAAACCTTTGTAGTAAATACTGCCCATCTCATCAGATACAGAATTGTACTCATCCTTTAAGGCATGTGCTTTCTCAGTCAGAAACAGGAGTATTTTCCTTTTGTCCGTTTCAGACTGAACGCGGCTTATCAGCCCTTGATTTTCCATTCTTTCCAGCATCGTCGTAAGAGAAGTTATCGCTAATCCACATTTGATCGAGAGTGACCCAATCGGGATTCCATCCTCCTGCCACAGCACATAAAGAATACGCCCCTGGGCTCCATTGAACGCATCAATATTCTTTTCACTGAGAATCTTCTCAAAGATCCGGTCTCCAAGCTGTTTTATTTTGGTGACAAGAAATCCTCCATTCATTTCCATACAAAAGCTCCTATATAGTAGTTTATCAAATCATACTATATAGGAGCTTTGTTGTCAACAGTTTGTATGTCTAAATAGAGGTAAATTCAAATTTATCAACCACTATTTCCACAAAAGCCTCCCACCAAAATGATGGAAGGCTTTCTAAACAATTTATCTAAATTCAACAACTTCCTTTTAAACCTACTTTTTCTCATTTTTAGTATCAAAACAGTATCACTAAGGAGCTTTTTGCTTCCGTAAACCGTTGTAATATTGTATTTTCAACGATTTTACGAAAGAAACATTTTTGTTACTCTACTCCCACTCAATAGTCGCAGGCGGTTTTGAGGTTATGTCATAGACTATTCGATTGATACCCTTTACTTCGTTTATGATACATGAAGAAACCTTGTCCAAAACCTCGTAGGGAATACGTACCCAGTCGGCTGTCATAAAGTCCGAGGTTTTTACTGCACGCAGGGCGAGGGTGTAGTCATAGGTTCTAAAGTCGCCCATAACACCCACCGTCTTTGTTGAGGTAAGAACGGCAAAATACTGGCTTAAATCCTTTTTTATGTCAGCATGCTCAAGTTCGCTCCGCCAGATAGCATCGGCTTCCCTTAAAATATCGAGCTTTTCTTCGGTTATCTCGCCCATGATTCTTATGGCAAGACCGGGTCCGGGGAAGGGCTGGCGGTGTACCAAATAATCGGGAAGGCCGAGCTCCGTGCCTAATTTTCGTATTTCGTCCTTAAAAAGCGTTTTTAAGGGCTCGATGAGGGACTTAAAACTTATGTGATCGGGAAGGCCTCCGACATTATGATGGCTTTTGATTACGGCGGAACCCTTGGTACCGCTTTCAACTACATCGGCGTAAATTGTGCCTTGGGCAAGGAAGTCCACAGTTCCGATTTTTTTTGCTTCTTCTTCAAAAACGCGGATAAACTCTTCGCCGATTATTTTTCGTTTTTTTTCAGGGTCGGAAACGCCTTTTAACTTGCCCAAAAAACGGCTTTCCGCATTTACGCGGATAAAATTCATTGGAGCATCTCTAAAGGCTGCCTCTACCTCATCTCCCTCATTTTTGCGCATAAGGCCGTGATCCACAAAAATGCAGGTTAAATTTTTACCGACAGCCCTATTTAAAAGAGCCGCAAGCACGGAAGAATCTACTCCTCCCGATAGGGCTAAAAGCACCTTGCCGTC
NZ_CP109619.1_gap46	1245954	1249699	3745	AAAGCTGGGCTATTTGGAGCCATGTTTTCAAAAAATAGCAAAGAGGGCAATATTGGCGGAATCTAAGGGCTGTTCAAACGAGGTTTTGGAAACTTTAGACTATCCTCAAACTCCGCGCCCCATATATCCATTGGATAAGGATATGGATATAAAATTATAATTTAAAATCGGTTGGTGTTATGAATAGAGAGAGTGTGCTGCGATTCGGAATAGATGTCGGCTCGACTACAGTAAAGGTAGTTGTTTTGGAAACTGACGGGACGGTTTTGTTCAGTAAATATCAAAGACACAGAGCCGATATAAGGACGACTATTATATCCGTGTGCGAGCTTGCTATTGAAGCCGTCGAAAAAAAATACGGCGAAGATGTGGAGCTATCCCTCATCGTAACCGGATCCGGAGGCCTTGCCGTATCGCACTGGCTTAAAATTCCCTTTATTCAAGAAGTCGTAGCATCTACTGCTGCTGTCCGTAAGATAATTCCTCAAACCGATGTTATTATAGAATTAGGCGGCGAAGATGCAAAGATTACCTATTTTGAGCACGCCAATATCGAACAAAGAATGAACGGCACCTGTGCAGGCGGTACGGGTTCCTTTATAGACCAGATGGCAGCTCTCTTGGAAACCGATGCTCTTGGTTTAAACGAACTTGCAAAAAAAGCTCAAACCATCTATCCGATAGCCGCCCGCTGCGGGGTCTTTGCCAAAACCGATGTTCAGCCCCTTATAAACGAGGGTGCAAAAAGAGAGGACATAGCAGCAAGTATCTTTCAAGCTGTTGTAAGCCAGACTATTTCGGGTCTTGCCTGCGGTAAACCCATCCGAGGAAAGGTTGCCTTTTTAGGAGGCCCCTTACACTTTTTAGATCAGCTAAGGCACAGGTTTATCGAAACCTTAAAACTTAAAGATGACGAAATTATTACGCCTGAAAATTCCGAGCTCTTTGTAGCCATGGGAGCTGCCTTAAGTGCTGCAGGAAGCTCTAATATACCTAAGGCTTCAAGCTCTCCCTTTCAGCCGCAGGTTCCATTGGATCTAAAAAAGGCTCAATTTAAAACATCCTTAAAAAAAGAAGAAAACAAAGCTCCTCTTATTTTTGAAGAAGAGCCTACAGCTAAACCTCATTTTATAAAACTTTCTCAATTTAAAAAAGATATTTATAAGATAGCATCTTCCGAGATGACTGAGGTTCAGCGCCTTCCTCCTCTTTTTAAAAATGAAGAAGAACTTGAAAGTTTTAGAATAAGGCACGCAAAAGAGACGGCTCCCTCAGCCGATATTTCCGGTGCTTCGGGTCCTGTTTTTTTAGGGCTCGATGCAGGCTCAACTACAACCAAGGCCGTTTTAATCGATGGGGACGGAAAAATCCTATGGCGTTTTTATGATGTAAATGCAGGAAACCCTGTCGAGCTTGCAGTAAGGGTTTTAAAAGACCTGTACAAAATACTTCCTCCAAAGGCATTTATAGCCCGATCGGTTTCTACCGGATATGGAGAAAGCCTTTTTCAGGCAGCTTTGGGTGTGGATGCCGGAGAAGTTGAAACAATCGCACACTACCGTGCAGCCGAATTCTTTTTGCCCGGAGTGGATTTCCTTTTGGATATAGGCGGTCAGGATATGAAATGCCTCCGCATGAAAAACGGAGCGATAAGTTCTATTCAATTAAATGAGGCCTGTTCCTCCGGCTGCGGAAGCTTTTTAGATAATTTTGCCCGCTCCCTCGGAATGAGCATAAGCGAGTTTGCAACCAAAGCCCTTCTTGCAGAAAAACCGGTAGACCTAGGTACAAGGTGTACGGTCTTTATGAACAGCCGTGTTAAGCAGGCTCAAAAAGAAGGAGCCTCCGTAGGAGATATTTCTTCGGGTCTTTCTTATTCCGTTATAAAAAATGCCCTCTTTAAGGTTATTAAATTGCGCGATGCATCCGAGGTAGGAAGTAAGGTAATAGTGCAGGGCGGAACATTTAATAATGATGCGGTTTTGCGTGCCTTTGAGCTTGTTTCGGGAAGGCAGGCTGTCCGCCCCGATGTTGCAGGGCTTATGGGGGCTTATGGAGCCGCCTTAATTGCAAAAGACCAATGGCATGACCTTCAAGAAGAAAATCTTTCCGAAGGAAAAATAAGATCAAATATTGCCGATATGGAAGGCTTGGAAAATTTTAAGGTAAAGCTTGACTTATTACGCTGTACTAAATGCCCCAACAACTGTCTTTTGACTGTAAATACCTTCTACATATCCGGAGTAAAACGCCGTTTTATCACGGGAAACAGGTGTGAAAGGGGTGCCGAGCTTGATAAGAACAGTGGCCTTGAAGAATGTTCATCTCAAGTTTCCGCTAAGGATCACGAAACAGTAAACAAAAAAGATATACCCAACCTCTTTGACTGGAAGTATAAGAGGCTTTTTAAATATAAGCCCATTCCTAAAAATGATGCACCCAGAGGCGAGATTGGAATTCCAAGGGTTTTAAACATGTACGAAAACTATCCGTTCTGGTTTACCTTTTTTACGGAACTTGGTTTTTCGGTTAGAATTTCTCCTCGCTCTACACGGGGAACTTATGAGATGGGGCTCGAATCTATTCCTTCCGAATCGGTTTGTTATCCTGCGAAGATTGCCCACGGGCATATCGAAGCTCTCTTAAAATTAGGAGTAAAAAATATCTTCTACCCCTGTATTCCATACGAAAAAAAAGAAGATGAGGGGGCCGGAAATCATTATAACTGTCCCATTGTTACAAGTTATCCTGAAGTCTTAAAAAACAATATTGATGTTCTCAGGCAGGACGCGAATATAATTTATCTAAATCCGTTTTTGCCATATTACGATAAACACCGTTTAATGGACCGTCTTTATGAAGAATTGGGTACAAAGTTTTCGATAAGTTTGGAAGAGATAAGGAATGCCGTTAATGCTGCTTGGACTGAAGAAAATAATTTTAAAAGAGAAACGGAAGAAAAGGGCGAAGAAGCCTTACGCTTAATCAAGGAAAAAAATCTGAAAGGTATTGTGCTTGCAGGCCGCCCCTATCATATTGACCCTGAAATTAACCACGGCATTCCTGAGATGTTAAACGGCCTAGGTCTTGCAGTTTTGACGGAAGATTCCGTAGCTCACTTGGGAAAAATAGAACGCCCCTTGCGTGTTGTAGATCAATGGAGTTATCACAACCGCTTATACAGGGCGGGGAATTTTGCCTCAACTCAAGATGATTTGGAATTTATACAGCTTACCAGTTTCGGCTGCGGCTTGGATGCGGTAACAGCCGATCAAGTGCAGGAGATAATAGAATCCAAGGGAAAAATGTACACTCTTATAAAAATAGATGAGGGCTCTAATCTGGGTGCAGTAAGGATAAGGGTAAGAAGTCTTTTAGCTGCTGTCAAGGAAAGAAAAAGAAGTAAGCTTATTTTAAGCAAAAAATCGGCAGCCTATGAGCGCATAGTTTTTTCAAAAGAGATGGAAAAACGGTACACCATTCTGGCACCTCAAATGTCTCCCATTCATTTTGACCTTATAGGGGCAGCTATTTCTCATTCCGGTTATAACCTTGAGATCCTTACCGATATAGATCAGACTGCCGTTGAATACGGCTTAAAGTATATAAACAATGATGCCTGCTATCCTGCAATCATAGTTGCAGGTCAGATGATAGCTGCTTTAAAATCGGGCCGTTATGATTTACGCACCACAGCTCTGGCTATTACCCAAACAGGGGGAGGCTGCCGAGCCACAAACTACAT
NZ_CP109619.1_gap47	1278451	1279577	1126	GAGGATATTTACGCAGGTTTAAAGAAACCGATAAAAATATAAAGGTTTTTTGTGCCGAAACCCGTCCATATTTTCAAGGAGCCCGATTGACCGCTTCTTTGGCCTATGACATGGGCTTTGACACGACCGTCATTACCGACAATATGATAGCCCTTTTAATGAGCGAAAAAAAGATTAACTTTTGTGTTTCAGCTTCCGATGTTATAAGCCTTGATGGTTCTATCATAAACAAAATAGGGACCCTTCAAATTGCTATAGCTGCAAGTTACTTTGGTATTCCTTATTACGCAATAGGCTTTCCCGATAAAAATTATGTTTCTGCAAAAGAAGTAAAAATTGAATATAGAAATCCTGAAGAAGCTCTTTACGCTATGGGAAAAAGAACTGCAATTTTACCGGATGATTGTAACCTTGAAAATAAGAGAGGTTCAATCTCAGGGCTTTATCCTGCCTTTGATATAACGCCTTATGAACTTTGTGCAGGTATAATTACGGATAAAGGTTTTTTTCAACCCGGAGCTTAAGCTATAGTTTAAATATAAGACTGATTGCAACAGACTCAAAGAACAGGTCTATGTTTTTTTTTGAATTAATTATTTTTTGTGTAAAATGAGCTTCATCTTTGTAATTATAATAGATTGGAGCTGTCTTCCATACTGCTTGAAGTTTTATGCGTGTTTTTTCGGAGGCTTTAAAAAAGAGCTCATTCTTTAGTTCAAAAGTCCATAATTGTTCGGCCTTATTTTTAGCAAAGGGAAGGGGCTTATATAGATTTTTATGGCTTATAAGCTCTACTCTTATCGTGTTTAAGTAAAGAGGCATATTGTATTCTATCGAGTATGTTCCGGTATAACGGGCTCCGTTTCTATTTTCACCCTCATCATTATCGAAAAACCAAAAGTCGGTATTTTTTGACGGGATGAGAGCCTTATAATTTATAGTATGGGATGTTTTTAAGAGAAGATTTGCCCATTCACTTTCTATTTGGGAGTTTAGATCAAAATAAAGCTCAATCCCGCCTTCTGCTCTTAAAAAAAACTTTGAAAAATACAGAGGCTTGATAACTTGTAATTTATTGATATTTTTATTTTCTGCAATACCGTAAAAATTTAAGGCAGGGTAGGCC
NZ_CP109619.1_gap48	1281536	1285642	4106	AGACTTACAGGAAAACATAAAAAGAACAGACAATAGTAAAAGTAATACTCTTACTTTTTTCAAAGAAACCTCCTTAAAATAATAATCCTAGATATATTATCCTGCTTTTCCCGCCAATAGTCAAGAAGATTTTATCTTTTTATCTATCCTTTTTCTTTAGCTTCGGTAACAAAGGTCGTATATTGGGATAAAAACAAGAGCGGAACAGTGCCTATGGGGCCGTTTCTTTGTTTTGCCAAAATGAGTTCGGTCGGAATAGGTTTTGCTTCATCTTCGCTTGTGTCGGCTCTTTCACGGTGTAAAAACATGACCACATCGGCATCCTGTTCAAGAGAGCCCGATTCCCTTATATCGGCAAGCCCGGGTTTTTTTCCTTCGGCATCCCTTGTCAGCTGGGATAGGGCAACTACTGGAATATTCAGCTCTCTTGCTAGACTTTTTAGAGACCTTGAAATTTCGGCAATCTGTTCATGACGCGGTATACTTGCATTTTCCCCCGTAATAAGGGTTATATAGTCTATAAAAATGATTTTTACGTTATAGGGCGGACTGCAAAGCTGGCGGGCTATGGCTCTTAAATCCAAAAGCTTCATATTAGGCATATCCACAAGGTAAAATGGGGCTTCATAAAGCAGACCGCAGGTTTCGGATACCTTGCCGAAATCTCTGGCCGTTAGGTTTGCAGACCTTATTCTGTTTGAATTTATTTTTGCTCTTGAAGCTATCAAACGCTGTACCAACTGCATATCGGACATTTCAAGAGAAAAAAAAGCTGTCGGAATTTTTTCGTCAATAGCGATGTGGGCAGCCATGGTCATGGCTAGGGCTGTTTTTCCTACGGAGGGACGGGCTCCTATTATGATAAATTCAGAGTCCTGAAATCCGTAGGTCATATTATCCAAATTACCGAAACCTGAAGGAACACCGGTGTATGCTCCCTTGCGTTCGTGTAATTTTTGGAGAACTTCCAAAGTCGGCATTATGACCTCAGCCAAAGACTTAAAAGTTGCCGAATTGCCGGCTTCCGTAAGGTCAAAGATGCTTTTTTGAGCTTCTTCCAAGACTGTTCGGCTCGATATGCTGTCATCAAATACATCTGCAGAAATTTTATTGGAAACTTTTAGCAAATTTCTTCTTATAGCGGCTTCCAACACGATTTTTGCATAAAATTCGTAGTTTGCAGAGCTTGGAACCTCATCCGTAAGCGATGCTATATAGCTTGCCCCTCCGACTGAATCCAATTCATTTACCGAGCGAAGATAGTCTGTCAATATTAAAATATCCGCCTTTTGAGACTGGGTGTCTAATTCCGAAATAGCCTTATATATCTTTTGGTGCTGAGGAGAATAAAAAGCTGCTGCATCTAAAATCGGTCTTACAAAGGTAAAGACATCAGGATCTATTAAAATAGCTCCCAAAACAGCCTTTTCTGCTTCCATATTGTGAGGCGGAAGCTTGTTTTTTAAATTTTTTACACTATCCATTAAAAAAGCCCTCTCAAGCGAGGGCATTTTAACAGATAGTAAGATTAAAATCTAGCCTAAAGAAAACTTAAATTTTAAAAAGTTTAATATCTACGCTTTTATTTTCTTTGATTTCTATTTTTAGCTTGTTAAATCCTCCAGGCCTTCCGCCATTATGGTTGCCGTATCCTACAGGTTCCTTAGGCATGCCTAAAAAGTTTCTATCCAGTTTATCGTTTTCGTTAATGTCTTGATAAACAAAAAAAACATATTCTCCCTGAGGAAGTTTTTCAATTATTGTCATTTCCTTACCGTCTACCTGAACGCTGACAGTCTTTAAAGGCTCTTTTTTCTTAAAAGATTGTGCATCTTGATAGATACTCAAAAACAGTTTTCCTTCGATAGTTTCGATGTTGGTAATATTAAGAGTAACCTCAAATTCGGGTCCTGTCTCTTCCGAATATAGACCCGTAAAAACCGTCAAAAGAATCGTAAAAATAAAAATAATTTTTTTCATCATGTTCTCCCGTAACCTTATTCGGCATTGCCATAAAAAATCTTTACTCGGTATATTTAGATAAAAATATACAACAAGCATTGAATTATAGGAGGAATTAAAAAAGTAATTTCTGTGGCGGATAATTGACAAAAAATAGATGAATGGCCTATACTGCATTATAGAATAAAAAAGGATGGAGCATGTATAAAGAAGTTTTTTACTTTTGGTGTTATTAGAACTGTGGCTTTTGCTGTTTTGCTGAGCAGTTTTTGTATGAGCTGTAAGCAAACGGTAAAAGTTATTAAAGAACCGTATGAGGTAAATACCAATGCAAATCGAATTAAAATACTGGTAATTGGTGAGCATTTAACAAAAGAAAAAGTTTCGTTTTGGGTTGAAAAAGGAGCTGTAGGTTCTGAGGTAAAAAAAGAAGCTGAAAAACTGATTGAGTTTAGTTCCGGCTATGAACTTGCTTCATGGAAATTGAATCAACAAAACGGTGCGGATATAAGCGATAAGGAAAAATTTACCGACGATTCAGTTCTCTTTGCGGTTGCAAAAAAAATAGACGAGCCGCAAAATACCAATATTAAGATTACTATCAAGCAGGTTGAACATACAACCGTATCGGAGCCGGAGTTTACCGTTGGGGTAAAATCATCTTGGCTCAGCATCAAAGAAACAGCAATCAAGCGGCTTAATGTTGAAACAGAGTATGAGCTTATCGGTTGGAAACTTCGCACACAGGACAGTGTTTTTATCAATGATTCATACACCTTTGAAAGCAATACGGATATTTTTCCGGTTGTTAGACAGCAAGGCTCACCGCAACTGAAAAAGTTTACTTTGAGTATATTCGGCGATAGCAATATAACAGTAAAGCGGCAAACGCTGACGATTGAAGAAGGCACAAAGTGGTCTGAGGTTAAACAGGCTGCATCTGATAGTATAGAATGTGCTGAGGAATATGAATGTATAGCTTGGAGAATCGACAATCAAAGCGGTGAGGTTTTAACCGACAACTATGAGTTTACGGCAAACACAAAACTGTTTGCTGAAGAGAAAAAAATTCCTGTTCCTCCGGCCGAAATGATTACCATAACCGTTCAAGGTGATGACGGCATCGAAGTAAAAAAAGATAGTATAGAGGTAAAAAAGAATTCCGTCTGGGCCGATATAAAAACCGCCGTTGCATCATGTGTGGTATGTAAACAATATTACGAATTTCTGCAATGGAAACTGACCAATGGGACTGGAATCGAAATAACAAACGAAACCTCATTCACGGAAGATGTAACTGTTTTTGCCGTGTCCAAGCGAAAAACTGTCACCGTCAGTATTGCAGGAAATGACAAAGTTACGGTAAACAAATCAAGTCTTACTATTCGCTGTGGGTCGCTTTGGTCTGAAGTAAAATCTAGCATTGAAGCTTGCATAAACGTTGAAAACAATTTGAGTATCAGCTGGCTGCTTGGTGATGAAAATGGTACAAGTATAACGGATAACTATTGTTTTGACTCTGATAGTGCCGTCTTTGTTAAAGCATTTGACACAGGAATTTTTAGGCTGGATAACTATGGGGCAATTACTGGATACACTTGTCAACCTGAAAATTTACCTTCACATCTTGTTATACCCGATCAAATAGGCGGAAAAACCATTACAACAATAAACCAGAATGTATTTGCCAACTGTAATGCAATAAAAAGCGTTTCTTTCCCAAAGACTCTCATTAACGTACAACCATATGCTTTTAGAAATTGTAGGGAACTTCAAGCAGTTGAATTTGCAGATGGGGGAACACAATGCTATAGTACTATTTTTGATCAATGCAAAAAATTATCAAAAATTACAATCTTGGGCGGTGTGGTAAAGAGTAACTTCTACTATGCTTTTTCAAGCTCTAGTCAGCTGCATATTTCTGAAATTGTATTATGTGAAGGTGTTACAAAAATCGAAGGTTATGCATTTAATAACTTTTCAGATATAACTAAAATTAGCATACCGGCTACTGTTACTGATATCGATACAAATGCTTTTGCAAATTGTACAAGCCTTAAGACGGTAGAATTTAAAAAAGGTTCCGTCACTATAGACAATAATGCATTTTACAACTGTGACCAAATTACGGAGTTGCGTATATT
NZ_CP109619.1_gap49	1302845	1305833	2988	TTAGGCGAAGAAACTTTGAGGGAAGTATCCAAACCTGTTGAAAAAATAGATGAAAATATTAAAAGCTTAATCGACGAAATGTTTGTTACCGTAAAAAAAGAAAACGGTATAGGCTTGGCGGCTCCGCAAGTAGGAGAAAACATAAGACTTTTTATCGTATTTATAAACGAACAAAAATATGTTTTTATAAACCCTGAAATTATCGAAACGTCTCAGGAAATGTGTTTGATGGAAGAGGGCTGTTTGAGCATACCTAAGGTCTATGATGAAGTTATGAGACCTTCAGCCGTAAAAGTGCAGTTTTTAAATGTTGACGGTAAAATAAAGACCATTGAGGCCTCAGGGCTCCTTGCCAGAGTTATTCAGCATGAAAATGACCACTTAAACGGAATTCTTTTTATAGACCGTTTAAGCGAAGAAAAAAAGGCCGAAGCTATCGAAAAGTTTGAGCATAAAAAGGCTCTTTTTTCAAAAAAGAGGATCCGCCTGAGATGAGAATCCTTTTTGCGGGAACTCCTTCCTGTGCCGTACCTGCCTTAAACCTGATAGCTCGCGAATTTGACCTTTGCGGAGTATTGACAAATCCTCCGGCTCCGGCAGGGCGGAATAAAAAGATGCAGGATTCCGATGCAGCTCTTGCAGTAAAGGAGCTTATAAAAGAAGGTGTTTTACCGGAAAACTTTCCTGTTTTGACACCTCAAAAACTTGATGATAATTTTAGAAAAGAACTCGAGGCTTTAAAACCGGAGCTTTTGGTTTGTTTTGCCTACGGTAAAATTTTCGGGCCTAAGACTATGGCTATTTTCCCGCTGGGCGGAATAAATATTCATCCCTCTCTTTTACCAAGGTGGAGAGGCTGTGCTCCAGTTCCTGCGGCCATATTGGCGGGAGATAAACTTACCGGAATTACGATTCAGACCCTTGCTCAAAAAACGGATTGCGGAAGTATTTTGGGACAGCTTGAAATTCCCTTAAATGATTCCGAAACAACGGAAAGCCTTTTAGCCGATTGTGCCGATAAGTGCTGCCCGCTTTTACGTGATGTGCTTTCGGATTTTGAAAACAAATTAAAGCAGGCAAGGCCTCAGGAAGAGGCAAAAGCTCTTTATTGCTCAATGTTAAAAAAAGAAGACGGGCTTATAGATTGGTCAAAGCCGGCTGAAGAAATTGAAAGAAAAATAAGGGCATTTACCCCATGGCCGGGCTGCTTTACCTTTAAAAACAGCGAAAAAATAAGCATAATTGAAGCTAATTTATATGAAGATGCTTCAAATGAAATGACAAAAAATAAAAAATTTGGTACAATACTGGGTACCGATAAGAAATGCGGTATTTTAATTCAAACAGGAAATGGAATACTCGCTGTTTCGGTATTACAAAAACAGGCAAAAAAAAAGCTTGAATGGAAGGATTTTTTAAACGGCTCTCCGGATTTTTTGGAAGGCGGTTTTGAAACATAAATTTTAAAATATGGATGGTGGAATAAATGGGTCTTGGTGATATTGCAGACAGCATAGAAAGTAACGGAAAAGTGATAGTTATTACTTCTTTAGTAATGCTTGTGTTTTTTATTATTGTTTCTACAATCGTGTTTTTTATGTCGGTAAAAACGGCCGATCAAGTTTTAGTTCCTAATATCGAAGGCGAAAAATTTGAAGATGCGGTTCTTAAACTACAGGTTAAAGAACTCTATCCTCGTCTTCAGTTAAGATTTTCGGATAATACCGAAGATGCAGGGACGGTTTTAGAGCAAAGCCCTCCTGCAGGAACTATCGTTAAAGCCGGAAAAAGAATAACTGTCACTGTAAGCAGCGGTGCCGTTCTTGACAGAGTAGAAAATTATGTGGGAAAAACCTTATCGGAGGTTCAACAGCATTTTGCCTCTCTTTTTACTTCAGGCCGTAAACAGTTGATTTCGATAAAAGAACCGATTATGTACAAATCAAGTTCAATTCCTGCCGGTACGATTTTGGAGCAAAATCCCGCTCCAGATACAAAGATATCCGAAGGCGTTTTTATTGAATTTATTGTAAGCAAGGGCCCTGAAAATGAGAAGGTTTCCGTTCCAAACATGGAAGGGCTTAAACTTGACGATATTTATTCTGCAATAGCTCAAAGTAAAATTTCATTTGTAATAAAAGCCGAAGTCAATTCTTCTCTTGATGCCCCGGTTGTTGTCAGTCAAAGCCAGCCGGCAGATTCCTCTATAGATGCTTACTCTCAAATAGAATTAGGTATGCAATTCCCCGATTCTACCGAAAAAATGGTTTACGGTGTTTATTCGCCTGCTTTGCCTAAATATCCTTATCCGGTAAAAGTTACGGTTGATGCCGTATATCCTGACGGAAAGAGAAATGAGCTTGTAAGTTTTAACCATCAAGGAGGAAAATGCAGCATTCCTTATGGCCTTCCCCAAGGGACGGTTCTTGTTCTAACCGTATTAAACAAACAGGTTCAAATGTTTGAAGTAAAACAATAGGTTGTAACTAAGATAGAATTCATATTGTTTAGAGTTTGTATTCTATAATAAATAAATTAAGGAGACATAAAATGAATAGAAAAATTTTGAGTATTTTAAGTACATTTATGTTTTTGATTATTTTGGGTTCATGTAAAACAGTACCCAAAAATGATCCTAATTTTTTAGGTGACTTTTCTCCTATAGATTTAGGAACACTTATCGGAGGTTCAGTTAAGAGGACAAAGGAAGAGATAAAACCTACCGAATTTAAATTTACTTTTTACCCACGCACAAATATTGTATCTATTGAGCATAAATTTATGATTGATAAGGTTGAAGTTTTTTTGGATCAAGCAGATAGGGAAATATTGATTAAGGCAATGGAAACTTATCTGTCTTCTTATAACGATAGAAATTTGAGTGCCGCTAATGCAAAAAGAAAAGCTTTTTTCGGGAAGACAAAGGTCTCTATGACTTGGGGACTTTTTGGCGGAGGCGCACATGAGGCAAAACCGACATTAAGAGCA
NZ_CP109619.1_gap50	1381750	1386232	4482	ATTTTAAACGGGGTAGATACCTCAATATGGAATCCGTCAAAAGACGAGTATATTCCTTACCGATATAATTCTAAAACCCTTGAAGAAAAAGAAAAAAATAAGGCTGTTTTACAGGAAAGATTCGGTCTCGAAATAGATGCTTCAGTTCCGGTATTCGGCATGATAAGCCGATTGGTTGATCAAAAGGGGATTTCAGAACTTTTCGGGCCCATGTACGGTTCGGCTTTTAAGATATGTTCCGATATAAAGCTTCAAATGGTTGTTTTAGGAGCAGGTGAATCTTGGTGCGAAAAAGAGCTCAATTTTCTTTCACAAGGGCTGCCTAATTTTAGATGTTATATAGGCTATAACGAAGAATTAAGCCATCTAATCGAAGCCGGAAGCGACTTTTTCTTGATGCCTTCACGATATGAACCATGCGGTCTAAACCAAATGTATTCCCTCCTTTACGGAACCTTGCCCATAGTCCGAAAGACGGGAGGCCTCGCAGATACTGTAGAAAACTATAATGAAGAAACAGGCGAGGGTACGGGTTTTGTGCTTGAATACTTGAGCCCTCAAAGTATTTACGATACGGTAGGCTGGGCAGCTTATGCATGGTATAATAAAAAAGATCATATAAAAAAGATGAGAACCAAGGCCATGAGTAAAAAGTTCGGATGGAATATAGCCGCGGAAAAATATTTAAAAGTATATGCCGATGCTATTGAAAAAAAAGCTTCCATGCTATAGACTAAATAAAAAGGAGGAGGTTTTAAAACCGTATTTCTATGATAAAATATGTAACTTCATTTTTTAGAGCTATTAATGCAAATGCTCATCCCGGTGATATAGCTCATGCTGTCGCCCTAGGCCTCTTTTTGGCAATATTACCTAAAAATAATTTAACATTTACGTTTTTGTTTTTTTTATCTATTTTTATCCGCATAAATAAAGGAGCCTTTTTTATATCTTTTATTTTATTCGGCTTTGTAACTCCATTTATGGATGTACTAATAAACAATATAGGTTTTTGGGCTGTTCAACTGCTATTTTTACGCCCCATATTTATCGCCTTAGAAAACATTCCTTTTGTAGCTCTCTTTAAGCTTTCGAACACAATGGTCTTGGGAGGCATAATTTGGGGACTTATACTGTATATTCCCGTATACATCTTAACAAGAATTATAATAGCAAAATATAGAAAATATATGCAGTCTGCCGTAAATGTAAAGGGTGTCGGCCTTTTAGGTAAGATACCGCTTCTTCGCCACTTAACAAAAATATCTGATATAAAGGACAATTTTTAATATGACGGATAAAAATAACGAATCATTGCAAAAAGATGAAATAAAAGCTGCCAAAAGGGCCGCTAAAGAGGCAAAAAAACTTGAAAAGGTAAAAAAACTTTTTAAAAAGCGTTATACAAAAAGATCTCTTAATCGAAAAATCTATAAAAAGATTTTCATTCCGGCAGATAAAGATTTTATCCAAGGTTTTATAGTTTCAAGTACCGATGAAAAAACAAGCAAAGAGTATTTCGAATTCGATAAAACGAAGATAAACGATAAAACCCAATTAAAACGAATAAACAAAATAGCTTTGGAAATAGGCAGGCAAAAGGGAAGGGTAAATTTTCCGGCAGTACTGGGTGCTTTGGCCTGCGTTTTTGCCGTTCTATTCTTTGTATATATTTTTAGAAATGTATTGGCAAAAAAAATTATAGTCGGAGGCTCCGAAGCAGCCTTCGGTGCAAAATGTGAGGTAAGCCTTGTAGACTTCGACTTGTTTAACACTAGGTTTAGAATCCAAGGATATAAGGTTGCAAATAAAAAAGAGCCCATGCGCAATTTATTTGAAATCCAAAATATAGACTTTTATTTTAACCTTCTGGAATTAAGCCGCGGAAAATTTGTTGCAGAAAATATGGCGATTGAAGGTTTTACATGGAATACTGAAAGAACAACTTCCGGAGCCTTGCCTCCCAAAAAACAAAAACCTGTAGATCCCAATAAGAAGCCTAATCCCATTACGGAACTAATCAATGCTGAAGTTAAAAAAGTACAATCCCAAGTATCCGTTGACAGCGGTTTAAAAGCCGTTCAAGATCAAATAGATCCGAAAAAAATTCTTGAACGAGAAAAGGCCGCTTTTAAAACTCCTGAAATTACCGAAAAGATAATAAATTCCGTAGATCCTATGGCTCAAAAATGGATTAAGACTAAGGACGATGTAGAAAAACAGGTTGTAGATACCGTTGAGTCTGTTCAAAAACTGATGGCCATAGATATAAATAATATTAATGATGTAAAACAGCTTCAAGAATTGATAGAAATTATTCAAAAAGTAGTTAAAACAGGGCAGGATGATTTTGATTTGGCGAACAGCCTTTTTAATGATGTTCAAAACGATATAAAGGACGTTGACCGACTGGCACGGGATGCAAGCGAAGCAATTAAAAATGATTTAAACCGCCTAAACAACATTGCCGGGCAAATAAAGTCTATCAATATCGATACCGGTAAAAAACTGGTTGCAGATCTTATAAACACTTTTATAGTAAATACTCTTGGTACATATTATCCTTATTTTGTTCAAGGAATGGAGCTTCTACAAAGCTCTCAAAAACAGCCTAAACAAGAAAAGGAACTTACATTGGCTCAAAAATCGAAAGCTATGGAACGCCTTCCCGGCAAAACCTTTATCTTCGGAAAAGACTCGGTTCCGACTTTCTTGATAAGGAATATTTCGCTTTCAGGTCATCATCCCGAAAAGGATGTCTTTGAAATCGGAGGAAGAGCTAAGGCTATAACTAATGATTACGATAAACTCGGTATTCCTCTTACAATTAATTTAAATGCAGCCCACGGAAAATTAAAAGAAACTGCAGAGGGTATAATCGATTTACGTTCTTATACAAATGAGCTCGTCGATACCGATTTTACATTTGAAGGCTTGGATATGGATATTCCTTCTCCTGCAGATGCCGTTCCTTCTCTTACAGGTATCTTAAAAACCGGAGGCGGTGTAAAGGTTTCTAAAGATAAGGATGTAGTTATCAATGCAAATATGGAAATCATGAAAAGCATTCTTACAGTGCAAAAGTTTGAACCGGGCTTTGTTTTTGAAATCTACCAAAACATTCTATCAGATATAAAAAAGATAAACGTAAAAACAACCCTTACAATCAATAAGGGAGAAAGTTTTACCCTCGATGTCGATACGGATGTGGATAATCAAATAGCAGCTGCCTTAAAAAAAGAATTAGCCCGCCAGGTTGAAAAAGTAAAAGCAGAGCTTTTAAAGCAGGGACAAAAATGGCTTAGTGAACAAAAAGAAACTTACAAAAAAGAAATCGACACCTTTATGTCGGCAGCAAATAAGGCTAAAAAACTTCTTAATGACGTAAAAAATTATGAAACAATATTGGATAAAAAGAAGGCTGAAGCCGAAAAACGTATAAAAGATATTGCCGCAGGAAAAATAAAAGAAGTGCAAAACGAGGTAAAAAAAGAAGCAGAAAACAAGGTAAAAGATCTTTTAAAAGGATTCGGATTTTAATGTCCTTAAACAATAAAGAAATAGATCTGATTCTTGAAGAGCTGAAATTAGAGGGCTATTTTATTCAAAAAATAATTCAGCCCTCTTATACAGCCTTGGTCTTTTATCTTTACAAAGATAAACCTCTTACTCTTTTTATTTCTCTTGATGCCGGAGCATGCCGGCTTCATGCTACACGTAAAAAAATTCCAAAATTCGATAAGCCTATGCGTTTTATGGAGCTTTTAAAATCCAGAATCAAGGGCGGGAAAATTCTAAAAGCGGAACAACTAAACGAAGACAGAATCATACGTCTTCATATTTCAAGCGGAGCAGGAGGCTTTTTTTTATATTTAAGGCTGTGGAGCGGGGCCGCAAACATAGTTTTAACCGATGAAAATAACCTTATAATCGACGCTTTTTACCGCCGGCCTAAGAAGGGAGAAATATCAGGCGGAACTTGGCTGACTCCAGAACCTCAAAAAATAAAAAAACAAGATTATTGTGTTCGCGAGTATGACAAAACAAAAACTTTTAATGAGGCTGTCGAAGAATGGTATATTAATAATGCTCCAAAGGTTTCAAAAGAAGCTCTGCTGGACGAGGCCGAAAACCTTTACGGAACCAAAATATTAAAAATCGAAAAAGCTCTATCAAAACTTAAAGCTAAAAGGGAAGAATTTTTAAATGCTCAAAGTTTAAAAAATGCAGGAGATTTGCTTTTTTCAAACCTTCATCTGATAAAAAAAGGAATGAAATTTATAGAACTTGAAGATTACACAAAAAACGGTGCAAAAATAAATATTATTTTGGAGCCCCTAAAAACACCCCAAGAAAATGCGAATCTCTATTATGAAAAATATAAAAAAGCCGTTTCTGGTTTAGATGCCTTAGAAGAAGATATTATATCGGCCGAAAAAGAAATAGAAAAACTAAAAGAAAAAATAGAAAAAATTAAAACGG
NZ_CP109619.1_gap51	1405846	1408919	3073	TATTGTAACAGCATAAGTATCAAAAGAATTTTTATACTCTTCTAGAGCTGCTCCATATTCATTTAATGTTAGATCCGTTAGACTTTTATCAAATTTTAACATATTGCCACTACCTTCTCCTATTCTATTTACTAATTTTGGTCCACTATTCCAACGGTCAAGTAAATTTTTATTTTCGCCAACAAATATATTATTTTTTGCTGTTCTATTTGCACTAAGAAGTGTAATATCTTCAGAAATTCCTATTGCATTTCCAATTCGAGTATATGCCGTTAAAACACATCCATATCCACTAATAGTAAGGTTACTTTTGCCAAGGGGTTCCGCACCACCGTCTTCTTGAAATAGAGTTGTACTAACATCCAGTATTTTATCTCCATCCGGATCCACATACTTCACAGGATTATTCCCTGCGTAATGATACACATGTAAGTTTACCGTGTTGTATATACCTCCCATGCCCGGCAGGTTTTCATTGTGCTTTTTCGCCTCATCGTCAATGGGCGCTTTAGGAATGTACTCCCCTAATGCCGGATCACCACTCAGCCATCTACTATACTTCGGGTCAAGGTATCTAGCTCCATAGTAGTACAACCCAGTCTCTTCGTCAAGCTCTTTACCCGTAAATCTAAACGGTAATTTATCTAATCCTGCAGCTACCTCTTCTATCCAAAGCTCTCCGTAGGGCGTATACTCGATATGTTCGTATTGTCTGCCGTTCCAGTCTGTTACAAATTGGGCGCTTCCTAAGTGGTCACTGTGGTAGTAGTAGCGTTTTGCTTTCTGCTCTTCATTGTCGCCGTGGTTGTCGGTATGCGTCATCGCAGTTACTAATCTTGAATTTCCCACAAAGATGTGTTTATGCACCCGTAAACCTTGCGGGTTATTCTGGTCTTGCGTTGGGATATGTATCGTAAAGAAGTTATTAAAGTACAGCGTTTCGCTTCTTCCCTCGTCTGTGTATTTAAGTGCTCTTTGCCCGTCGTCTCCGTAGCGGTAGTGGACGGTAAAGTTTCGGTCGCTTGATTTTGTTAAGAGGTTTCGTTCGTTCCAGGTGTAGTTGCGCCTATAAGCAAAGAGGTCTTGCGGGTTTGTCTGCTCGGTTTCTTTTGGGGCGTCAAGACCGAAGCCGTAATCTATTCCGTATACATCTTTCTCTTTTGAAAATATGCGGGCATCTCCTGCGTCGCTACGCAAAAATAAATGCTCGACGTATACCCGATACGCCTCCGCTTTATTTTTACTAGGCTCCTTGTATCTGCTCCACCTATTTCCAAAAGTCCTGTCAGTGGGGAGGTTTATTAATAACTTTATTTTGGCGGACTGCTGCATTTTGTTTATTATTATCATGAAGAGAACAAAATGCAACACCGCGCTTTCCGCTCCAATCTTTTTGCTGCACTTGTCTTTAGAGGCAAGGCTCTTCCCTCCGGTCAGAGCTTGCTTTTTGCTTAAACAAACCGCAAAAAGGATTTTCGCTTCAATCGCTGTCCGAGTGAGATAGTTGGGTTGTGAATAAAAGTAAAGCTTTGTTTTCATATAAAAATTATTTCTATTCTCATTTATAAAATAAGATAATACGAATATCTCCATTAATCGACATAAATACTTCATAATTTATATCCTTCAGTATTTCATCCAAATTATAATTAGAAATAAAATCTTCATTATACATTCGAGAAAAAATACTATAATTATATATTTTATCTTTTGCAAAAGTATTTAATATAACATAAGGTGGAGCAGAATTTCGTTTACCTAATATCCACTCATTTTCAACTTGCACTAATAAAATAAATTTCTTTTTGTATTGCGACTTTTCGATGTGTACTTTCCATACTTTTGCTAAGTATAATGCTGAATAGATACTAAATCTAATTCTTTCTTTCTTATTGCCTATTTTAAGAGAAATGTCAGCTATACTGTGACATATATGTCGCTGAAAATCAAATTCCATATCCTTACCATTTATATCAAACAATTGAATCATATTATTTTTTATTAAATTGGTAATAAAATATTCTCCTTCCGTCATTTATTCACTCTCCAAAGGTTTATTGTTTTCTTATGGTCTGTTAGGGAAGTAAAGACACTTTTGTCAGATAAAAGTTTCTTTACCTCGAAACCTTGTTGGTTGTTACCCTTCCCTATGCCCCTTCCTATCTTCAAAATAGCGGCTTAAGGGCTCTCTGCCCTTAAGAATCCAGAAGCTTTATCATAGCTTTTATTATTGCACAAAATATACAAATAAGCAAGTGTCAGCACCGCGCTTTTCAGGGCTCCGCCGTCGCTTCGGTATCTTTCCGCAGAAATTACTGCGGAAAGATGTACAGCAAAAGCAATTTTTATAAATTGCTTTTGCTCCCTTTCAATCGCTGTCCGGGGGAGATAGTTAGGCTGTGAACAAATGTAAAGTTTTGGTTTCATTATTTTATCTATTTTCCTCTCAACGGTTTTATTAATTACTTGTTACTTGTTACTCTTTCCTCCAAGTTTTTTATTTTCTCACATAATACCATATTTCAACTATTTATACAATTTATTTTAATATCCTATAAATACTAAGTAAATCCGTATGTTCAACATCATTTCCTTCTTCATATATTTGCTTATGAAAGTTTAAAAATTGAGAAGCCTCATAATATGTCGGAAAAAGAAAAAAATTATTAAGATTCTCTTTGTATTTATAAAAAAAATCATATGAGGAAAAAATTATCTCATTGTATATTGAAGAAAAGGAATAATAATCAATATCAAGAATTCCTACATCAAATCCATAACATTTATTATTTATATTATGGTTTTGATCTACACAAATACAGTTAGAGTAAATACTTTCTCTATCCACTACAATCCCCTCAATACCTTTATAGGCTTGAAAAAAAACATCTAAATTAATGTGTTTTATTTTTGCAATATTTAATAACTGTTTAGAGTAACCATTTACTATTTCATCACGTTCAATAATTATCTTGCAACTCATATTCACCAATTACTCACTAACTACAGGAATAGTTGCATTATCTTTTCTAGAAATATTTTATTATTAATGTGTAAGCCTTTCATTATACTA
NZ_CP109619.1_gap52	1410461	1414936	4475	CATTAGCCATGTCCAATTCCCTTTATTATTTTCATGATTCCAATATTTACCGTAATAATGTCCTTCTAAAAAAGCTGTTTCTACAAGAGAATCGTAATCTAATCCTGGTATTCTTTTTTGATAAAAAACTTGAACCTTGGATACTATAAAAATTCCTATTAATATAAGAAAATCTAAAAATACACATAACGCAAAAATTAAAATAGCCATATCAGTACCCGTCTTATCAACGGTCTACATTTAAACTCTACCATACATAATATTGAGTTGTCAAGCTCTTGCATAAAATTATTTTTTTATTATAATAGCTTTCCATGAAATACATAGTTAACAATTCGCATGACCCCGAATATAATATGGCCTTTGAAGAGTACTGCTTTAGGAACCTCCCTTTGGAAAATGAGGAATATGTTTTTTTATGGAGTAACAGCCCCACTATTCTTTTAGGTAAAAATCAAAATACCTATCAGGAAATAAACGAAAAATATATAAATGAAAACGGTATAAAGGTTGTCAGACGTATTACAGGCGGAGGGGCCATCTATCAAGACCTCGAAAACTTAAACTTTTCTTTTGTTACAAAAACAAAAGGAAACGAAAAGATTGATTTTAAAAAATATTATATTCCGATTGTAAATGCTTTAAAAAAAATCGGAGTTGATGCAGAACTTTCAGGCAGAAACGATGTTACGATTGAAGGGCAAAAATGTATAGGGGCGTCTCAGTCGGTTTGGCAGGGACGGGTTTTAAGCGACGGTTCCATTCTTTTTAATGTGGAAATGGAAGCCCTTTCCAAAGCCTTGACTGTCCGAAAAGAAAAACTTGAATCTAAAGGCGTAAAAAGTGTCCGCTCAAGGGTAACAAATATAAAACCATATTTAAAACGCGATATTACAGTTGACCAATTTAAAGACGAACTTTTAAAAGCAATCTTTGAAGTTGAAAATCAAGAGCCTGTCGAGTATAAACTTTCGGAAGAAGAACTTAAAGGTGTTATGAAAATTTATGAGGAAAGATTTTCCCGTAAAGAATGGAATTACGGAGCCTCTCCAAAGGCAGAATATTCTCACTACGAGCGTTTTCCAATAGGCAGTATCGAAGTATTTTTTAATGTTGAAAACATGAAAATAAATTCTTTAAAAATTCACGGGGATTTTTTCGGTACAGCCGATAAGGCAGAACTGGAAGAACTTTTAAACGGCTGCGAGTATTCCGAAAGTGTTTTAACAGAAAAACTTAGAAACACTGATCTAACACCCTATTTCGGAAGTCTGGAAAAAAAAGATTTTATCGGAATGTTTTTTAAGTAAAAACTTTCAAATTAAAAAAGCACCGGTTTTAATCGGTGCTTTTATTTTTAAAATCAATTTATTTTTTCTTCCTCTTTTCTTTTAAATTTCCTTTTTCGAGTAAGAGGGTCTTAGTAGGTATGTCACATACTTCAAGGTCACCGAAATATTGAATTGCTCCGGGGAATCGGTAAAGGGTTTCGACAGCCCACTTATCCCTATTTTTTTCATAGGTTTTAAAAGGTTTACCGTTTAGATCTACTACGGATTTTTTTATAACCGGAGTCATCTTACCCTTTCTTCTTTCCATATTCATCATCATGGAAAGAGGTACGCCGCAAGGAAGCCAATGTTCTACCTCATCAGTCAGGTTTTTAACCGAAGCTATATAGCCTGAAAAGCCGTTAAGTGCCAATAAAAAGGCCGTAAAGCCCAAGGTATAACAATAATCCGAATCAAAGTTTGAAGGAAAGGCAGAGCGCCCTTCATATCCGAAAAAATGAGCATAGGTACTGAATTTTCCGTTATATGTACCTTCCTTTTTCATCTCAGTTATTTTTCTGGTAACCAAATCTATTAAAAGTTTTTCAGTTTCAATGCGGGAAACTTGAACGTTTCCGTGGGGGTCTCTATCCATTAAAAGCTGTAAAGAAATGTTTTCGGGAAGGTTGTCAAAAAGAGCAAAGGCCTTTTTGGACAAGTGTTTTTGAAGCCAAGATTTTTTTCCTGCAAAGGTCTTTAGCTTTGAAAAGGCTGAAGTCTTTTCGGCCATAATATCATTTATTTCTTCAATCAATTCATCCATTTCAGGGATAAATTCTATAATTCCTTCCGGAACCAAAACAACCCCGAAGTTTTCGCCTTTTTGGGATCTTTTTACAATTATATCCACAATGTAATCCGTAACCTGCTGTAAGGTAACCTTTTTTTCGGCCAGTTCTTCACCGATTAAGCAGACATTGGGCTGGGTTTTTAAGGCACATTCAAGGGCTATGTGGCTTGCAGAGCGTCCCATGAGTTTTATAAAATGCCAATATTTACGTGCGGAATTTACGTCTCGGCAAATGTTTCCGATTAACTCCGAATAGAGTTTTGTTGCAGTATCAAAACCGAAGGAAGTTTCGATGTATTGATTTTTTAAGTCGCCGTCTATTGTTTTCGGAACGCCTATAACCTTGGTATCTAATTTTGCCTGAATAAAGTATTTTGCCAAAAAAGCCGCATTTGTATTTGAATCATCTCCTCCGATTATGATAAGGGCATCCAGTTTTAATTTTTTTACGTTTTGAATAGAACTTTCAATCTGTTCCTCAGTTTCTATCTTTGTTCTTCCTGAGCCGATTATATCAAAGCCGCCCGTATTTCTGTACTTATCGATTAAGGCTTTTTTTATTTCGACATAACGCCCTTTTACCAAACCTTCAGGGCCTCTTAAAAATCCGTAAAGTTTGGAATTTGCATTACCTTTTTTTAAGGCATCAAAAAGGCCTGAAATTACGTTGTGTCCTCCGGGAGCCTGTCCCCCCGAAAGAATTACACCGAATTTTAAGGGCTTATGCTCTATTTCCGATTTTCCCTTTACAAATCTGATAATGGGCATTCCGTAAGTATGTGGGAATATCTCTTTTAATTCCGCCTGATTAGATTGTGCGTGTGTAGCCTCTCCTATTTCCGGCTTAATCAAACTCAAAGGTTCCGCAAATACTTTTGGGATTTTCGGTTCGTAATTATAGCGCAATCTCTGCATTGTGGATTCATTCATTTTTATTCTCCCATAAAAATTAAAATTTAATGCGGCCGTTTAAACTCCTTGCAAGGGTCAAACGATCGGCATATTCCAAATCGCCTCCGACAGGTAAGCCTGAGGCAAGCCTCGTTATATTAACAGGCAGGTCCTGCAATATTTTTTGGATGTACAGGGCTGTAGTATCGCCTTCAATCGTCGGGTTGGTTGCAAGAATAACCTCGGTAATTCCGCCTTCATGAATGCGTCTGATAAGCTCACTTATATGTAATTGATCGGGGCCTATACCTTCAAGGGGAGCTATAAGTCCGCCCAAAACATGGAACAATCCTCTATATTCGGGGATTGAAGAAATCGTGTTCACATCCTGAGGAAAGCCTACTACACAGATAGTTGCCCTATCCCTTGTTTCATCCGCACAAATAGAACAAATCTCATCTTCGGTATAAGAACCACATACCTTACAAGGATGAATTTTCTCGTGTAAGGTAGAAACAGCTTCCGCTAAACGCAAGGCATCCGCAGGCCCTTGTTTTAGAAGATGATAAGCGATGCGGGCAGCACTCTTATGACCTATACCGGGAAGGCGGGAAAATGAGTCTATAACGGAATCAATAGCATTCATCTAATTTAATACCTCTTTTAAAAAGGTAAACCGCCTGCAAGACTTGCAAGGGGCCCAAGTTTATTTTGTAAAAGTTCTTTTAGTTTTGCCACTGCATCATTATGAGCCGCCCTGACTAAATCCTGAAGCATAGGAACATCACGATTATCTACAGCTATAGGATCAAGGAAGATAGATTCAACTTCAAAACTGCCTTTTAAGCGGATTTTTACAAGACCTCCGCCCGATACACCTTCAACAACTTCTTGATCAAGGTCTGATTTAATATTAGCAATTTTTGCTTGGATTTCTTTTGCATTTTTCATAATATCAAAAGGATTCAATTTGTTACTCCTCACAAATACTTTTTTATTGTAAATAACTACAATAAGATTAACATTTTTTTATAAATAATACAAGTAAGCTATTTATAAATATTTTTACAAATTTTTTACAAAAAAAGATCTGCGCTGAATCGGACTATAGCCGTTAAATCTAATTGCTTCTATGTGCTTTTTGGTTCCGTATCCCTTGTGTTTTTCATATCCGTATTCCGGATAAATCCAAGAGTAGCGTATCATCATTTTATCCCTTGCAGTCTTTGCTAAAATAGAAGCAGCCATAACCTCATAAACGGAATCATCAGCCTTTACGAGAGCTTTAATCGAAGAGCAATTTTTAATATTGGGAATAAAGTTACCGTCAACAATAATATCCGGTTCTATAAATTTATCATTGTTTAATTTACAGAATTCTTGAAGTTTTAAATAAAGGCCTTCATAAGCTCTTTCCATTGCCAAAAAAGTTGCCTGCAAGATATTTATCTCATCTATTTCAT
NZ_CP109619.1_gap53	1578618	1582215	3597	AAAGTCCATCCGAATCATCGGTAATATTTTTTGCTATAGTGTGTGCGGTCGAAACGGCTTGATTGCCTGATTCGGCAGAAGCGTTTAGTTTTTCGATGGAGTCGACATTTTCTTTTACGGTTTTTGTTACGGACTGAATATTGGAAACCATTTCTTCTATTGTTGAAACGGATTCCGTAACGGCTGCAGACTGACTTTCAATATTCTTTCCTAATTTTTCTATACCTGAGGCCATTTGATTTAAGGTCCCCTGCATCTTTACAACACCTGAAGATTGATCTTGGATATGATTTCTGGCTGAAGAAATATTATCGGTTATTTTTCTGACTGACTCGGATGTTTTATCCATATTTGACAAAAGAAATTCGGCCGTATCTCCTGAAAGGCCTACACTTTCATTAAGATCCCTTATAAAAGTTTTGTTAAAAGTCAAAAGTTTACCGATATCCACCAGCAAAAGAGCTATTTCATCCCTATTCCAGCTTGCAACAGGATCCCTCTTATAATTTCCATCGGCCAAATCCTTTATTATTCTTTGAATCAAAAAAATTCTAACTTCAATAGATTTTATTATAATCCCTAAACTTAGCACCGATAAAATTAAACCGTAAATGAACAAAGGTAAAACGGAATTTATAAGTCTTTCATAAATATTTTGATTTTCAAAACGTACGATAGGTGCAAGTACAAGAAGAATAACGGCTATAATACAAGTAATACTTGCAATAGTAACTTTTTTTATCATTGAAAACGATAGATACTTTTCTTCAACAGGAATAAAGGAAACCCATTTTTCAAAAGCTCTAATAGTACTTGAAGAAAATATAGTACCCAACAAGAATATATTACCTATGGTACTAAAAAGAGAGGATAAGAACATACCTGTTTCCCCAATAATTCCAACTTCCAAAGATATGAGAGGAACAGTAATGGTAAACAGCAGCGGCACTACCAACAAAAAGGTTTCATATCTTAATATATTTCTTTTCGCCTTTTCCGGATTTTCTTCCCAGTTTATAATTGCAGGGAAAAAAAGTTTTTGTTTTACGACAGGACTTAAAACGGCAATCAGCATACCTATTATAAAGACCTTTGAGCTCACAACAGCCTTCAAATTAGATGAACTTCCGACAAAAATAGAAGTAAAAAAATTACCGGCAATCCAACCAAAATTGGTAAATAGATCAAAAACTAAAATCTTTTTTGGCGGAGGGGGAACAATTACATTAACTTTTTCCATAAAACTTTCTCCTTTATTTATTATATCAATTTTAAACCTTTTCTTTAAATTCTTCAAGCTTAAAAATTTGATTTATTATGAATAGAATACATGAGCGATTGGATTATTTACACGGAAATGGAAATGATAACACCCGATGATGTCTATCTTTTATAGTAAGATAAACCGGCCCTGAGCCAAGTTAAAAGCTGAGCCGGTTTATCTTAATTTTGTAATTTATTAATATTAACCTATCTTTTTGCTCTTAAAGAGTTAAAGACGGCCAATAAGGCAACTCCGACATCTGCAAAAACAGCAGCCCAAAGGTTTGCAAGACCGAGTGCGCCCAATGTTAAAAAGCCGATTTTTATACCGAAGGCCAAGGCTATATTTTGCCAAACGATTTTTCTGGTAAACCTTGCCTGCCTTATGGCGGAAGCAACAAGACGGGGATTATCGTTCATAAGAACAACATCAGCCGCTTCAATAGCAGCATCACTTCCTATGCCTCCCATAGCTATACCTGCATCCGAGCGAGCCAATACGGGAGCATCGTTTATACCGTCTCCTACAAAGATAACCGAAGCCTTCTTATTCTTTGCTTTTACTTCATCGGAAATTTCCTCAAACCTTGAAACCTTTTCATGGGGTAAAAGCATTGAGGTGTAATTTTTTATACCCAAATCTTCTGCAATCTTTTTGGCCGATTTTTCATTATCGCCTGTAAGTATTTCTACCCTTGAAAGTCCCAATTTATTTAAATCGGATATAGCTTCCCTAGCTTCATTTTTAAGCGTATCGGTTAAAATCAAGCAGCCTATGTACTCACCGTCATAAGCGGCATAAACTTGAGTTCCGCCTATCTCATCTCCATATAAAGGAATTTCCTTTCCTATGTTTTCGCTTATAAAGGAATTTTTTCCGGCTAAAAGATTCTTTCCCTTGTAATTTACCGAGATGCCTTTTCCTGCCTTTTCGTAATAGTCTGTAAGCTCGGCATTTGGAAAAGTCTTTGTTACCTCTTCGGACAAATTAACTAGAGCACAATCTTGAATAGCTTTAGCTATAGGATGATGAGAATTGAATTCGGCAAGGGCGGCCAATTTTAAAAATTCATATTTTTCTACATTTTCCGCAGGCATTAAGGTCATAACCTTTAGAACACCCTTGGTAAGAGTTCCCGTTTTGTCAAAGACGACGGCATCGGCCTTTGAAAGGGCATCTATGTAATCGGCACCTTTAATCAGTATACCCCGTTTTGCAGCTCCTCCTATTCCGCCGAAATAACCCAGCGGAACCGAAATAACAAAGGCACAAGGACAGGAAATTACCAAAAATACAAGGCCGCGTGAAATCCACGGAGCAAAACTTTCCCAGCCGTTAATAGGCGATGAAAAAATAAGCGCACTTAAAAGAGGCGGTAAAACCGAAAGAAGAACCGCTCCTATCGTAACTATCGGAGTGTAAATCTTCGCAAAGGATGTAATAAAGCGTTCTACCCTAGCCTTTCTGTTTTGTGCGGACTCAATTAGCTCAAGCATCTTTGAGGCAGCGGTATTTTCTAAAGAAGCTGTTGTCTTTACCGTTATAACTCCCGTTAAGTTTACAAAACCTGCAAGTACGGGGCTGCCTTTTTCTGCAGTACGCGGAAGGCTTTCTCCCGTCATAGATGAGGTATCAAGTTCGGCACTTCCTTCATAAATGACACCGTCCAAGGGGATTTTTTCACCGGCTTTTACAAGAACCAAGGAACCGATTTTTACGCTTGCAGGATCTACAAGTTTTTCTTTAGAATCGGAATCATAAAGGCGGGCAAAATCGGGTCGGAGGTCCATAAGATCCATGATTGAACGCCTCGATTTTTCGACGGCCGAGTGCTGTACCACCTCGCCTAAATTGTAAAAGAGCATAACCGCTGCACCCTCGGTCCAGTCACCTAAAATAAAGGCACCGATTGTTGCAACAGACATCAAAAAATTTTCATCAAAAACTTGACCTTTTAAAATATTTTTTACCGAAGTCAACAAAACCTTGTAGCCTGCTATCAGCCACGCTATAACAAATAAAACCGTCGAAAAAGCTGCATAAAAATTCTTAATTTGTATTCCGGCTTCCGCAAAAAAAATACGGGTAAAAATACCTCCGGCAAAAAACAAGGCCGAAATACCGAATTGTACTACCATCTCTTTTAAAGAGCCGTGATGATGTTCGCAGCCACAGCCTGAATGATCGTGTCCGTGATGATCGTGTCCGCAAGCGCAATGTTCATGATGGTCATCATGACTATGCCCGTGATGGTCGTGGTGGTCATGCCCGCTCATACGGCAATCTTTTTCTTCATGGTCGTGCCCACAGGAACAATGTTCATCGTGATCATG
NZ_CP109619.1_gap54	1700360	1704448	4088	CAAGCTATGATTAAAACAATAAGCTCGGAAAAAACAACCGAAAAATTCTTTTTGCTGTATCGAAACCGTAATCCGATAGCCTTAAAAGCCTACATGGATTTAACTGAAATATATTTGGAAGCGGGCAAAAACAGAAGAGCTCTTGCAACCGCTGTTTTAGCTTCCATAATAACTATAACGAACCTTGATGACCTTATCTCAAAAGACGACTATAATTACAAATATACCGAATTTACAAACCTGCTTCACAGACTGAATAGAAGACAAGACGTAATATTATGGGCCGAAAAACAAAATTTTTGGAGAGCCTTTATGAATCTTGCGGATTCTCTTTCGAAAAATGGTAATATCGAACAGGCTTTGTATCTTTATTCAAAACTGGCAGAATCTATTCCTTCGATAAAATATGCCCAGGAAGCCTCATATAAAAAAGAAGAACTTGCAAAAGGTAATAAATAAAGGGTATCTCTAAAAAACTGAAGTTTTTAGAGGTTCCCTAAAGTTTCACGCAAAATTATAGCCGAACCTGTCTAATAGAGGTTTATTTTCCGTAAGATTCTTATAAAAATTTTCCATCAACTCGGCCGTTATTTCTATCGAATTATTGTAAAGAGAAAAAAGCTTTTTATTTGTAATTTTACTTTTAATATGGTCAGCCGTTCTAATAATGTGCCCCTGCAAAAAATCATAAAGGCCTAAGATTTTAATTAAAGAAAGTTTTAAACTTTGAGATAATTTTGTAGGTGCATAGAAAAAATGTTTCCCCATTTTAAAACTACGAAAAGAACGCAAGATATCTTCTTTTGTTATAGAGGGAAGAAGACATCTGTAGATATTTGCAACGGCTTCAGCTTCTTTTTCACTTATATCGATATAATTATGGGCCTTGTATCTAAGAGGATGGAGCCCGTCCTGCTTTAATAAAAATTTTTCAAATTCCATTTCAATTTCGGCATGGTCTCTTTTCATCTCCTCGACCATAGCATTTACATAAGGGTGGCAGCAACTATCCAAACCGAAGTGACCTATAAAGCCCATCATGTAAGAAAATTCATCCGTACTAGGCTCTATTCTAATTTTATTTAATACGGCATTAAAAACATCGGTACAATTTTTATTATGGATATCCTTTGCAAGCTGCAAAACAGGATTATTATTCTTTTTAAAGGGTTTATAAAAATACAAAAAATCAGGGCCCTGTAAGCCAAGATTATATAAATTTTTATTTGAAATTTCGGCAACAATTTCAGGAGATAATAGAGCAAAAACCCTTTGTCCATGTATATAATGTGCGTAAAAATCAGGCATAAGAACCTCCGATATATAAAATACAAGTTCTCTATATTCTATAATATCGGATATCCTGCAAATATTTTTACAATTTTATTTAAACATTAGGCTACCTATACCCTCCGTTATGTTTTAGTTCCTTAAAGAGACTTATCACTATCAGTATTATTATAATTCCCAAAGGAAAGGCGGCTATAATCGAAAGACTTTGAAGCTGGTTTAAATTAGTTCCCACAAGGATTAAGGCTGCAGGAAGCATGACAAAGACTACAGCCCAAAAGGCTCTCAAGCCTTTTTTAGGCTCGGTATGTTTTTCCAAATTCTTTTGAGAATAGGAAGCTATTACAAGGGTAATTGCATCAAAGGTACTGGAATAAAAGGCTATCATAGTAATTATTAAAATGCCCAAAACAATTTTTGCGTAAGGAAGGGTGTTAAGAATTTGCAGGATAACTTGAGAAGCATCCGTTTCCTTTATTGCGGACGCTGCATCAAATATTCCGTGAGCCTGTAAATGAAGCCCATAATTTCCAAGGATTATAAAAGAACAATAAGTCCCCGCTATACCGCAGATAAGACCGCCGATTATGGTATTCTTTATTGTACGGCCTTCTGAAATTTTTCCTATAAAAAAAGGAGTTGCAACAAACCAAGCTATCCAATAAGCCCAATAAAATATTGTCCAGTTTTGCGGGAAGCCGGCCCCTCCTTCTCCGGAAATACGCAAGGGGTCCATCCATGTGGACATGCCGAAAAAGTTTTGAATAACCTTGCCGATACCGGTTATGCTGGTTTCTATTATGTAGATTTTGGGCGAGGCTATAAAGACAAGACCTAAAAGAACACAAAAAGAAACAACCGAAATCTTTGCAAGCTGAGAAATCCCTTTTAAGCCCAATAAAACGGCAGCCGTGTAGACGGCAGCTATTACCAGAAGAATGACAAGAGTCAAAATCTTTCCTTGAGGTATTCCAAAAATAGTAGAAACAGCCAAAGACAAAAGAGGAGTTGCAAGCGAGAATGTTGTAGCAGTTCCGGCCAATAAACCTATTACCGAAAAAACGTCTATCATCTTTCCTATAGGGCCGTCAATCCTGTCCCCAAAAATAGGACGGCAGCTTTCGGACAGCTTTTGCTTTGTTCTTCCCTTGACATGAAGCATATAAGCAAAGGCTACGGCAGGCACTATATGAAAAGCCCATGGTGTTATTCCCCAATGGAATAGAGGATAGGCCGCGGCCCAATCCTGTCTTTCTGCCAGTGAAAGAGAAGACAGACCGAAGGGACTTTCACCAAAATAATAGGCCCACTCTATCAGCGACCAATAAAGAATATCGGCTGCCATAGTCGAGGTAAAAATCATAGCCCCCCATGTAAAATTTCCGTATCGAGGTTTTTCAAGATTCCCCAGTTTTACAGTTCCGAAGCGGGAAAAGGCTAAACCTATGGCGGTAAAAACAAGCCCCAAGCCGAGCAAAATATAGAAAAAACCCAGTTTGTTTACAAAAACAGACCAAAGAGCATCAACTACCTTCATCGATTCTACAGGAAAAAAGAGAACCAATCCCGTCAAACAGATTATAACTGCGAGTGGTAATACGGTTATAAGCCAATCAATTTCATTTTTATCCTTTAACTCAAGTTCCTTTACACCCAGTTCATCTCCGGTGTTCATCATCAGTTACCTCCTACATATAAAAAAAATTTTGCAGGAAGCCTCAGCTTCCGAAAAAAGTTTTTTCAAGCAGTTTGTTTACAAACTGCATAAAATATAACGATGTTTTGTGCGCAGCACAAAACTCGAAGATAAACATGGAGGCTTGTATTTCAAGCCGTAATGTTTATCGTATTTCCTTTATTTTTTTATAATAATCCTTTGCGTATCGGTACATCTTTAAGCCGTAATCTCCAAAGCTTACCCCCAAAGCCTCCTTATAGCAAGTCCAAAGAGCCCATAAAAAGCCTGAAAGAGCAACATAACAATAGATACGCATTCTTTCCTCTTCTTTTACGGGCCTTTCAAAATAAAAAGACATCAAATTCTCAAGCTCTTCATTATCATAATGAGCATATATGGCAAACATAGCTATATCTATGAGGGGATCGCACATAGCGGCATATTCCCAGTCAATTAAATGGACATCGTTTCCATTTATTATAAAATTGTCGGGAACAAGGTCTATATGACATAAAACATGAGGCTTTTCCGTATTTTCAATTAATTCCAAAAGCTCATTCATCAAAAGTCTAACCTCGTGGTAGTCATGATAGAAGATACCGTTTTTTTCGTTTGCAATTTTTTCGTAATAATTTATCCGTTCACGTAGATCAAAAGAATGCGCAACCTTTAAGCCGGACTCATGCAGGCGGCGGGCAACCTTCATACATTTTTTTAAGTCTTCAGGATTACGGGCATCCGCAGTATGGGAGTTGGGAATAAACTTGGTAATTTTTACCCCCTTTTCAGGATCAAAGTAAATAATAGAATCGCTTAAGTTTAAAGGAGAAATAGCCTTGTAGACCTCATATTCTTCCTGTCTGTTTATAAGGGCTTCGGTTCCCTCTCCCGGTATTCTAAAAATATATTCTTCACCTTCAAATTCAAACAAAAACGATTTGTTTGTCATTCCGAATTTTAAAGGTTTTAGATTTGTGATGCTGTGCTCAGGTCTTTTAAATACATTAGATATAAGTTCAAGCCATTTATCATGGGAGGAAATAAGATAGGAAGAGTCAAAGAGGCGAATTTCGTCAAGGGATTCGAATTCATATACTTGGTGATCACCCTGCTTGTTTGC
NZ_CP109619.1_gap55	1706802	1711518	4716	CTATTCTTAAGCGGAACCGTTGCTAAAGTCTTAAAAGACTATAACAAGGGCCTCCCCTACGACGCAAGTCAGTACAAATAAGCACTAAAAAAGGGCAGCTTAAGCTGCCCTTTATCTTTACTTTTATTTCCAAAACACAAGATATGCAAAAAGATTCACAAACTAACAAAAGACTTATTATCACAAATAACCCTAAGGTTAAAACCTTCTATGAAGAAGATAGAACGGGCTTAAAAAACCGCTATGAACTTAAATTTTTAGATTCCAGAGATGAAGTTTTTAAGACGGTAAGGGATTTAATACACTCCAACTGGAAGCTCTTAAACCATGCCATGGCAGGAAATATTCCGCTTCATAAGCACCCTTATAGAAGCATGGCCTTGGAACAGCAGGAAAAGCTTGATACAAATTCTCTTATTCTTTGGGAATCGGCAATGGAAAGGGTAAAAAGAGGCAAAACGCCGCCCTACCCCGATGATGTCTTGGAAGATTTCCAAGAATTGGACTATAACTTGTTTTCGGGCTCGGTAAAATTTTAAAAAAATCTTCCGACATTCATTTATAGGACGAAAACAATTTTGTGAATTTAGAAGAAGAGCCAAGAAGTGACATCATCTATTATTTTTGTTAAAATCATTACATGTATTTCCTGTTTTTCGGACTCCGTATAAGCCTTCCATGACTCATAAGTATAGTTTTTATTTATTCTTGAATGCAAGAGAAGGGCTTTTGCTTTTATTTCCTCTTCAGTCAACTGTGAATAGGTTTGTAAAACGTTAACAACAAAATATGTACTAAGACACTTAATTAGAGGATTTTTTGCCGAATCCGATACCTTAGTGAATAAAGCGGCACTTTTTTCATAATTTTTCATCATTTGAAGGGAAAGAGCCGAATAAAATACAATCCATTCACTTGCTGTTGTTTTTAAAACAGGTAAAGACGAACTAAATTCAAAAACATCTTGATAATTCCCGGAAATCATCTTAGCTGCTGCAAATTTAGGACCCAGCTTTGATATATATTTGGGTTTATTATCCTTTAAAAAGTCACAAAATTTATTCATGGAAGTAAAATCACCTAAAAGAAGGAGAGATTCTGCTAAAAGAAGCGAACTTTTATAGGTAATCCGTTTTTTTGTATAGATTTTTTTCTCCAGTAAGGAGGCCAAAGAAGACCAATCTTCGGATTCAATATATTTGATCAAAAGTCTATTTTTTAAGAACATTATATTTACAAACAAAATAAGAATTAAAAATACAGGCCCAAAAAACCAGTTAGCTTTCCAAAATTCCCGCATAAAAGAGCCGTCAGCATAAAATAGGGGGAGAAAAAAAACGGTAAACAATAATAAAATTAAGACGATATTAAATATATAAATTGTAAGAGGTATTGCCCAAAAAATACCATTTTTATGAAATTCATGTATACATTTGATTGGCCGTTTTATAGCCAAACATCCGTCTAGGATAATTATTTATCCAATTCTCTACTTGTTTTATTTGTATGTCACTATATTTACTTATATCTGCTCCTTTTGGTATAAAGCGTCTAATTAATTTATTAGCATTCTCATTGCTTCCTCTTTCCCAAGAACTATAAGGATGTGCATAATAACAAGTTGTCCTTTTTTCTCCTTCTTTTAAACAAGAGGTTTCAAGGCCTTCTTGGTCTAAAAATTCAGTCCCGTTATCCATGGTTATGCTTTTAAATATTTCTTTAAACTCATCTTTATATTTCATCTCAAGCATATCTATATTTTTTTTAATACTTTCCTGTTTTTTATCGGGGATTTTAAATATTAATTCTTTTCTAGTAACTCTTTCAGTCATAACTTGTAAGCAGCATCTTCCTTTACCTATCACCAAATCCATTTCCCAATGTCCTTTTTCCTGTCTTTTATTTATCTGTTCACTTCTTTGTTCAATACTGCGTCCTTTTATGTTGTTTTTAGCAATTTTGCTTATTTTTTTATATTTTCGTTTAGTTTTATTGCGTTTTACAGGTAAATCTTTGTTTGTAAGCCTAGAAAAATCCCCTCTGTCTATCATATTGTATACAGTTTTGGTGCATATCATAACCGGAAACTGTAAGCCTAGTTCTTTTATTTGTCCTATAGCGGCATCAGGAGAAAATTTATTATCCGCTATACATGTTTCCAAATAATGTAAAAGTTTTTTATCCTTACCTATTTTTAAACCACGGCCTTTTAGTAATTTCATTTTATCGGCTCTTTGTTGTCCTTTTCGTGCCGAGTAAACTGTCTTTTCAAGATAGTCAGGAACTTTTGGATTACGGCTTACATATGGATTTTCTGTTACTTTTATTACCATTCCCCTTTTTATCTCCCTCTGTATCGTTCTTCTATCCCTATTTAAAGACTGTGCAATTTGCCTTGCATTATAGTCGCTTTTGAATAATGCTTCTATCGCATATCTTTCTTTTTCGCTAAGGTGTTTCCATTTTTTACTTTTTATGGTATCATTCTTCTGGTTCATCTGTTCCCCATTATCTTTGTTTTTCCTAATTTCATTATAATGGTTTTTTGGTTCAGATGAACCTTTTTTATTTATTTTTAGGGCAATTTATTTTACAACTTACCGACGATATTAAATATAACAAATAGTACTTTTAATTTCATATAAAATCCTTTATAATAATACATATATTGTATCATAGGAGAGAAAATAAGTGAATACCTACAATGCAGAACATATAAAAGATTTATCGTTTTTTAATAAAAATGTTTATTTGGATAAAAAGTTTTTGCTTTTAATTCCGGAAACACCTCTTACTGCCGAGCTAAAGGCTATTTTAAACGAATGGGATTTTTCTCTCCTTTATTCTGACGGAGAACCTTCAAGTTTTATGAGTGTAAGGACCGATACTGCCTCAGGCAAGGATGTTCTGGACTCAAGCAAGGAAAACGAAATAATTTCCGACAAACTGAAAAAACAAAAGGAAATTATGGAAGAAACGGAAAATAAATTCTGGGACTTTTTACGATTTACGGATAAAATTTTTACCGATTATACTATGAAAAAGATTTTGGAACCTCGTTTAGTTTTTGATAAAATAAAAGAATTATGCGATTTTGTAAAAAGCGACAAAAAAAATATCCTTCTAATAGAAATGCAGAAATACAGCTCTCCGACAAATTATCTTGTCATGCATTCTTTGCGGTCTTCAATTTTTGCCATAATTATAGGACTTCAGCTTAAAATGCCTCCTCATAGGCTCATAGAGCTTGGAGCTGCCTGCCTTTTACACGAAATAGGTATGTTCAGGCTTCCGCCTCAATACTATATGTATGATGCCCCCTTGAGCGAAGAAGGGAAAAAGGCCTTATTTACACATCCTGTCCTGTCCTATAATATTTTAAAAACATCTTCTTTTTCTTTGCCCATATGTTTGGGAGCTTTGGAGCATCACGAAAGAGAAAACGGGCATGGATACCCGAGAGGCCTGACAAGAGAAAAAATTTCAATGTACGGCAAAATAATAGCCGTTGCATGTTCTTATGAAGCTGCTACAGCTCCACGTCCTTATAAAGAAGCTCAAGATGCGTCATCGGGTATTGTGGAGATGATAAAGAATACTAACGGACAATATGATGAAACCATTTTAAAAGCCCTGCTTTATTCTCTATCCTTTTATCCTGTCGGAATGTATGTTCATCTTTCTAACGGAAAAATAGCAAAGGTAATAGATGTCAATCCTGATGATCCCAGATTCCCTATTGTTCAAATCTACGGACAAACAACTCCTACCGGAGACCCCGTTATTGTACAGACAAAGGCAAACGAAGTTACCGTAAAAAGACAGTTGTCAAAAGAAGAGTTAAAAAGTATTGATCGAAATACTGTATAAAAAAGTAAATTTAGTTTATAATCTGAAAAAGAGAGGTAAGTAAATGAAAAAAAATAAGATTTTGTATTCCATATTTTTGGTATTTATTGCAGTATTTAGCCTTTGGGGAAATGAAGGATCGAAACTTTTAGAAGACTATAAAACCGTTCTTATGCGAATAAGATATTCAAAAACTTCAGGCTTTTGTCATGACGGTAAAACAGAAATCAGGGAAGAAAAGGTAAAGGCTTCCGAAAATTCTTTTTTTATTGAACAGAGAAATATTTATTTAAAGGTAAAAAACATAAAAGAAAACAAGGTATATTATACAAGATGCTTTGAACTACAAGAAGATAACGGGAAATTAGCAGCTGCTGCAAATTATCAAATAGAACCGGCCGTCAAAATAACGGGTCATTGGAATTTTTTCAAAATAGGGAAAAAATTAAATATAACGGTATGTAGCGGTGAAAAATGTAAAAATACCGAGATAACTCTTTATGAAATAAATGAAACACCTAAAAATATAAAAGACGGCATATTTTTTGAATTCGATGAATCAGAAAAAAAGGAAGCATTGAATTTTAGTATAAGTCTTAACGCAAAGCCGATGCCTATCATAGATATTAAAGAGGAAGAAGCAAAAATGAATGAAATATTAAGGAAAATGGAAAAATATTTTACGGCAGCTCAAATTAAAGAAAAAAAAGATGTCTTTTATAAAGCCTTGGCATCTTTAAAATAATTTCTATTTTAATATAACCCAAGTGGAACCGGTGCCGCCGTCTGCATTTTTAGGATGACCGCACTCACCTGCCCTTTTATGTTTTTCAAGATAGGAACGGACAAAGGGAGCCAAGACGGCAC
NZ_CP109619.1_gap56	1746406	1750284	3878	TAGAATCTTCAACCACCGTAATATTTTTAATATTTTCTGCAGCGGATATAAAGTTTTGGATGTGCTCCGTAGTCATCTTAACATCAGCAAGATTAACTCGTATAACCACGTCTCCCCTGCCCTTTACTTTTCGCAAAGCATGAACAACATTGGAAACTACAACATTTCTCTGATTTTCGGAAATAACTTTAACAACCTTTCTTGTCATCAAAAGAACAAGATCCACTATTTGCTGCTCGGTTTCAGAAAGAATTTCTTGGCGCCTATCCATTGTCTTATTTATTATTGTATGAAGACGATCGGTTAGGCGTTGCACTTCAAGATTTCCTTCTTTAAAACCTTCTTCACGGCCGCGGTTAAAACCTTCTTTATAAGCATCACGGTTTACGGAATCTTTGTTTTTTTCGGAATCGGCTATTATATCTCTGGCTTTTTGCTCGGCTTCGGCTATAATATCTTCAGCATCTTTTTTTGCATTTTGAGCAATAACTTGAGCTTCATCTGTCTGCCTTTTTACCTCATCAAAGGCTGCATTTTGAGCATCTTCAATAATTTTATCGGCTTCAGCTTTAGCATCGGAAATCATTTTTTCTTTTTGCTTTTCCCATTCGAGTTTAAAATCCTCAGCTTCTTTTTTTAAATCTTCAACAGTCGGACCTTCATAAACCGGAACCTTTTCTTCAATAATTTCTTCAGGTTCTTCTTGAAAAGTTTTATTAAGCTGTAAAAACACTACATCGTTATTGTTTTTGTTTACCTCAAAGCCTCTAAAAATAGTCTTAGCCATAAGCAATTCTCCGTTTTATTTTATACCAATTCATCCTCTTCGGATCTGGCGATAACAATTTCACCCTTATCCTCCAAGTGCCTGATAATCGAAACAATCTTCTGCTGAGCTTCTTCAACATCTTTAACACGTATCGGTCCCATGTATTCCATTTCATCGCGGAGCATGGCACCTGCACGCTTAGACATATTCCTAAATATCTTATCTTGAACTTCGGCATCAACCTGTTTAAGAGCTTTAGCCATTTCATCGTTATTAACTTCGCGTAGAACCTTACTGATGGATCTATCGTCAAGCATAACAATGTCTTCGAATACGAACATCTTCTTCTTGATTTCTTCTGCCAAGTCGGGATCTTCATCTTCAAGAGATTCGATAATGGATTTTTCAGAAGAACGGTCAACAAGGTTAAGAATCTCAACGATGCTGTCGACACCGCCCGCTGCAGTATAGTCTTCACTTGAAACAGTAGACAGTTTCTTTTCCAAAACGCGTTCAACTTCACGGAGAACATCGGGGGAAGTTGTATCCATGGTTGCAACGCGTCTTGCTACATCGCTTTGAATTTCATCGGGAAGATTTTGCAAAATCACCGATGCTTTTTGCGGTTCAAGGTAGGCAAGGATCAAAGCTATTGTCTGCGGATGCTCCTGCTGAATGAAGTTCAATAAGTGCGCAGGATCCGTTCTTCGAATAAAATCAAATGGACGAACTTGGAGAGAGCTCGTGAGTCTGTTTATTATTTCGATAGCTTTTTGACTACCGAAAGTTTTTTCCAGAACATCCCTTGCATAGTCTATACCGCCTGTTGTTATAAAGTTTTGAGCAGTCATTAAATCCTGAAACTCTTGGAGAACGGCATCTTTTAATTCCGCTTCCACAGTTTCGGTTCTTGCAATCTCAAAAACTATTTTTTCGACTTCATCTTCACGAAGTCTTTCCATTATTTTAGCGGAGATTTCACCTCCGAGAGATACTAAGAATATTGCAGCCTTTTGTCTTCCGGTAAGAGAATTAATATCCTTACCTTTTTTTGAACTGCCTCTTTCTTTTGCAGGTGCTACAGCCATATTATTCCTCCATGAGCCAAGTTCTAATTAAGAGAGCAACATCTTCAGGATGTTCTCTAGCCATATTGATAGCATTTTCTTGAAGCTCCTGACGTCTTCGCTCTTCAACCGTCATTGAAACATCGGCATCAGCCATTTGCTGATCATACAACATTCTTTCACGCTCCAACTGTGCCTGACGCAGAAGTTCTTCTTCGCGGAGTCTTTTTCTTCTTTCAATCTCACGGCTTATAATTCTATACAATATAAAGAAGAGCAATATTAATGCTATTCCCGCCAGTGAAAGCAAGAATATGGTTTGCCTTTGCAGAGCCTTAAAATATTCCTTATCTTCCAGTTCAAACTGAGATGTTCTATCAACCTTAACATTTACGACACTTACGGAATCTTTTCGGCTTGCATCAAATCCTATGGCATCTTTAATTATTTTTTCGGCCTGCTTTATTTCTTCAGCTGAAAGAGGTTTATATTCTCTTTCAATCACACCGTTTTTAATAATATATTTTCCGTTAACATCTTTTTTCTTTTCCCAAACACCGTCAATGTTTACCGATACGGTCCTTCTTCCCATTTTCGGAAGGAAGACTTCCTTTATCTGGCTTGAGCTTACAAGATGGTTTTCCTTTGTGATGGTCTGAGTCGAGCGTCCCACTAAATTTCTTGTATCTTGATAAGAAGGAGGAGTTTGTCCCTCGGTTCCCGTAGGCCCCTGGGGATTTATCCCGCTTCCTTCCCAGACAGTCGTTGCATTTTCAGAGCTTACCGTAACCGATTGAACTACTTGAGAATCATCATAAGAAGTCTCAGGATTATCTTCTTTGATAACTGTAGGGCGTATTTCGGTTGTATCGGCAGAACGTTCAGACATATCCATATCAATTTTAACGTTTATATCTCTAACTCTGTCTTCACCGTATATTTTTTGTAAAGGAGTCAATATGTTGGCCCCGTATTGCCTTTCAAGTTTAGCAATAAACTTTTGCTGCTTTTCAATTAGAGTTAAGCGGTCGGCATCTTTCATGATTTCAAAATCGTTTAAAGGAATTCCGGAAGCATCGCTTATCGTAATATCTTCATTTTTTAATCCCGGAACCGCAAGCCTGAGCATCTTTTGAATACCTTCTATTTTCTTTCGATTGGTCGAAATATCGCTTCCGGGTGCAGGAGTAATAACAACAGTCGCAGTTGCAGGAAGTTGTTCCGATTCAAATAAGGCCTTTTCAGGTATTCTGACGACAACATTAGCATCATCAATATCGTCCAATGCTTTTAAGTGTCTCTTGACTTCCTCGGTAATTGCACGGCGTACATCAATCTCACGCTCAAAATCGGTACGCGAATAACGCTCAACATCGAAGAAGGCCCAAGGGCTTGTATTCTTAGGTATCAAATCCTCACGCAGCAAGATAGTCCTCATCCTTCTGGCTGTTGCTTCATCGGCAACCGAGATTATCCCATCGGAAGAGATTGTAGTTGTTACATTTTCTTCATTAATGCGCAATATAATTCTATCACGCAGATCAACGTCGGTTATCGCCATGTCTATTACGGGTACCGATGTCGGTTTTGAAGACCATCTACCGAGAACGACAACCAGCACCAGAGCAAGTACAATTACCCCGATGATGATTCCTTTTTGGAGCTTTGTCCATTTTCCCCAAAGCGTCCCAAACTTTGTTTTTAGATTGTTAAACTTTTCGTTCATGTTTCCCCCCATGTACTGAACGAGCTTTGCAAGACTTTAAATTAAAAGTCTTGCAGCCTATTTTTATCTCGTTGTAGTAATATCATTCCAAGTTTTTACTAAACGGTCGATTATGGTTTGTGCTAATTTAAGCGACAAACTTGCTTCGGCCATTCCCATCGTTATATCATGAACATCGACAGATTCGGGATCGATAATCATTTGTTCTCCCAACTTGTCCATGTTTGTTTGCTTTGCATTCATGCTGTCGAATGCTTTTAAAATTGTCTGTTCAAAACTTGCAGCTTCTTTATTTGCAGCAAGCTCAATCATGTCG
NZ_CP109619.1_gap57	1790512	1793624	3112	TCTATTACTTATAGTTTTGTTTTTTTCATCTGTTGCATCGGGTTCGCTCAAATTTTCATTTGCACAAATTTGGGCGGCCCTGTGCGGCAGAGGGGAGCAGCTCGTTACCGATGTAATCTTTGATTTAAGGCTTCCGCGTGTCCTTGTTGCCCTTGTCGTCGGAATGAATCTTGCATCTGCCGGAGCTTTGATGCAGGCGGTTATGCAAAATCCCTTGGCGGATCCCGGTATTATCGGCGTTTCTGCAGGAGCCAGTGTCGCCGGGGTTATATTGATGCTCGCTCTTCCTCAGTATGCATACTTGGTACCGCCTGCGGCTTTTGTCGGGGCGATATTTGCAGCCTTTTTAATATATCTTTTAGCATGGAAAGACGGGTTTACTCCCGTACGAATTATTCTATCGGGAGTTGCAATCAATGCTCTTTTGGGAAGCCTTACCGGTTTGGTTACCATTTTATTTAGCGACAGGCTTCAGGGTGCGTTGATGTGGCTTAACGGAAGTTTGTCAGGAAAAACGTGGCGGCATTTTCAAGTGCTTATTGTATACAGTATTCCGGCCCTGATACTTGCTCTTCTTTGTATTAGGGCAGCGAATGTCTTATTGCTGGGAGATGAAAAAGCAAAAAGTCTTGGGGTAAGTGTCAACCGCTGCCGTGTATTTCTTTCGATTATCGGGGCTTTTTTGGCAGGGATATCGACTTCGACTGTCGGAATCATCGGTTTTATAGGTTTGGTTATCCCCCATATCATGAGGATGCTGGTCGGTTCGGATTATAAGAGCCTATTACCGTTTTCAATGTTCAGCGGAGCAGTTTTGCTGCTCGGAGCGGATACTTTTGCCCGTACTATTGCTTCACCGATTGAATTGCCTGTAGGAATTGTAATGTCGATATTCGGAGCACCGTTTTTTCTGTACCTTTTGAGAAGTTCCGGTAAAAGGAAATAAGGAGGAACTTTTGTTATGACAGCTGTTTCTGCAAAAGATATTTCGTTAAGATACGATAAAAAAGATGTAGTAAAAAGTTTTTCTGCGGATTTTACACAAGGAAAAATTATTTCGATAATAGGGCCTAACGGCTCCGGAAAATCAACCATTTTACGCAGTTTTGCACGTCTTTTAAATACTGCATGCGGCCAAATATCCCTTTTCGATACCGATATCGCAACAGTATCAAAAAAGGAATTTGCAAAACGATTGGCAATTTTATTGCAGCACAATATCTCGCCTGAAGATATTACGGTAAAAAATCTGATATACTTCGGCAGATGTCCGCATAAAAAATGGTACCAGCAATTTGAAAAAAGAGATGAAGACATTTTACAACAAGTCCTTATCCAAACGGACTTAGTCGACTTTGCCGAAAAAAAAGTTTGCATGCTTTCAGGCGGCGAAAGACAGCGTGTCTGGCTTGCAATGGCATTGGCACAGCAGCCTCAGGTGCTCCTTCTGGATGAGCCTACCACCTATTTGGATATAGGTTATCAGCTGGAACTTTTGGACCTTGTTTACGATTTAAATCGAAACACTAATCTTTCGATTATTATGGTATTGCACGATTTAAATCAGGCAGCACAATATAGCGATGAAATTATCGTATTAAAAGACGGCAAACTTTACAAAAAAGGGACACCGCAAGAAATTTTTACTTCAGAACTTATAAAACAAATTTACGGTATAGACTGTAAAGTTATTTATGACGAAGAGGAACATTTTCCGATCGTATTGCCTAAAAGAAAAGGCAAAATCTAAATCAAAAATCAATTAGGAGAATTATTTATGAAAATTTTATTGACTTATTCAAGTAAAACCGGGAACACCAAGGCTGTAGCAGAAGCCATATTAAAAACTCTTCCTCAGGGAACCGATTTTTTTGCAGTGAGCGAAGTTAAAGACGTAAACAATTATGATGCGGTCATTGTAGGTTTTTGGATCGATAAAAGCCTTCCAAATGAAGAAGCATTAAATTTTATGGAAACGATTAAAAACAAAAAAACGGGCTATTTCTTTACATTGGGAGCTTATCCCGATTCTCCCCATGCGGAAGATTGCCATAAAAGCGCAAAAGAGCTTTTAACAAAAAACGGAAATGAAGTGCTTGCAGGATTCGGCTGTCAAGGAAAAATAGATCCGGCTCTTACCGAAATGTTTAAATCCTTACCTAAAGATCATCCGCACTACATGAATGAAGAAAGAAGAAAACGCCATGAAGAGGCGGCAAAACATCCTGATAAAAAAGATTTTGAAAATGCAAAAAAAGCATTTGAAAATTTCGGAAGATAATTAAAATCTGCCGGTTAAAATTAACATAAGGAGCATTCTATAAATGACTGCAGAAGATATTTTAAATTGTTCATTTAAAGACCGCAAAAAATCTCATCACGATACAGGAATGGGTTCCATGAAATATTCAAAAGGAATGAGGTCTTTGGAAAAAGCCCTTTCAGAACCCAATACACAAAACGGGAAAAAATCCATTTACATCCACGTACCCTATTGTAAAAAAATTTGCAATTTTTGCAGCATGAGGCGGACAATAAACCCGGTACCGGATGACTACGCCGCCCTTGTGATAAGGCAGATTGAAAATTACGGTAAGACGGAATATGTAAAAACCTCAAACATAAATTCGGTTTATTTCGGAGGCGGAACACCTACGACCCTGCCTGCAAAACAGCTTGCCGAAATACTTAAAGCTCTTCAAAAAAATTTTAACATAGCAAAAGATGCCGAAATTTCGATGGAGACTACCGTTTCTGAATTGGATGACGAAAAGCTTAAAATTCTTTTTGAAAACGGTTTAAACAGAATAAGTGCCGGTATTCAAACCTTTAATGATGAAGGACGAAAAACATTGGGCAGAATCGGAAACGGCGAAAATGCGGAAAATTTTTTGAGACGAGCTTTTAAAACCGGCTTTAAAAATGTCAACATCGATATTATTTATAATTATCCCGGTGAAACAAAGGAAATATTAAAGGAGGACTTACATAAGGCCTTTGCCTTAGATATTGCAGGTTTTTCTTTTTACTCTCTCATCGTAATGGATACTTCCAAGATAGGCCGCAGTGTCGATAAAGAAGAATATGCCGAAAAAACGCTTCATCAGGATGC
NZ_CP109619.1_gap58	1797974	1799245	1271	AAGGGGAATACCGGCAGGGCAGCCGTCAATTACAGCCCCCAGTCCTGCACTCCTGCTTTCTCCAAAAGTTGTCAAGGTAAAAAAACGCCCAAAAGAATTTGCCCCCATAGATTACTCCTATAAAAACTTTTTGCAGCAAATATCAGAGCCTTTCGGCTCTGTTCTGTAAGGAAATTTTTTATCGTATCCGCTAAAGCGGATAGCGAATCAATTTGCGAAAAAAGTTTTTTCAAGTGTGTGCCGAAAAGCACACACATATAATAATGCGAAGTTTTGTACTCATAAGTGCAAAACTCGGCAGATAAACAGTGAAGCTGAATTTCTGCTGAACTGTTTATCATACCTCCAAGTTTCAAAACCGCTTAATCTTTTTCGAATATAAGCTCATTTATCACGTGTTCTTTTTTTAAGCCTTTTTTTTCAAACTTTGTTGTAGGCCGCCAGCTTTGGCTTGGAGCGAATTTTTCGTATTTGGATTTTAGATTTGGAGTTTCGCTCAACTGCTCAAAAGCATCCTCTGCATAATTTTCCCAATCCGTGACCATGTAAATATAGCCGCCATCTTTTAATTTTTTTGAAAGCAAATCGGTTCGAGGCCTTCTTACAAGCCGCCTTTTATGATTCCGTTTTTTTTGCCACGGGTCAGGAAAAAAAATATGAAAGCCGTCAATGCTTTCATTATTTATCATATTTTCTAAAACTTCAATTGCATCATGTTCGATAATACGTAAATTATTCAATTTTTTTTCTTCTATTTCGCCTAAAAGTTTTCCCACACCTGCCTTAAAAACTTCTATACCAAGATAGTTTTTATCGGGATTATCCTCGGCAATTTGGGCAGTTGCAGTTCCCATGCCGAACCCTATTTCTATAATTACGGGATTATCGTTTTGAAAAAGAGTTTGAAAGTCGATTGGGCTTTCAATATATGGAATACACCACTTTTGATAAAAAGCTTCGTAATTTCTCTTTTGGCCCTCGGTCATCCGCCCCGTCCTTAGAACAAAAGTTTTTATAGATCGAAAATGAGGCGGTACATCGGTATTTTGAGTAATTTCAGTATTATTCATCCTTTGATACTAATACAAACTATGGTACTTTGTCAAATAGGCTGTATCGCCTTGAGCATTTTGGGCCATACATTGAATATAACGGGTGTCCGGATATTTTTCGAGCAGGGAAGCAATAGAGTCTTCGAGTTTAGAACCTTCAGGCAAACCTTGAACAAAAAGCGGCTGCTTATCGGCCCCCAAAAGAATAAGAAAAAACGT
NZ_CP109619.1_gap59	1814200	1814967	767	AACAAACCCTTCTTCCTGAAAGGCGTTTGATAACCTCATCATCGCTTATATCGAAGTTGATAACGGAATCTATTTTTACGATGTCCTCTAGGGCATCGGCCTGAGCGATTGTACGGGGAAAGCCGTCGAGGATAAAACCTTTTTTGGTGTCATCCCTTTCCAACCTTTCCTTTACAAGGGCGATTGTAAGGTCGTCGCTTACCAATGCCCCGGAATCAATGACAGCCTTAACTTTTTTCCCCAAGTCGGTTTGCTCCTTGATTGCAGCTCTAAAAAGATCTCCGGTCGAAATATGCGGAATCTTATACGATTTTGAAACCTCAAAAGCAAGGGTTCCCTTTCCTGCGCCCGGCGGGCCCAAAAAAATACAGTTCATTTCTCTCTTCCTTTTTTTTAACAATATTCAATAAAGCTCTTACATAAAGAAAAGCTCTTATATAAAGAATCTTAAAGTGCGTGTATTAGTCATCTTAGACAAGTGACCGATTATATATGTTCCCACCATGGCTGTTAAGGCATCAATGGCGGCAGCTACCGAGCCTATAAAAAAGGCTGCCGGACGCAAAATTAAAAACCCGGATTCAAAGCCCCGTCCGTATATAGCGCAAACGGCAACAAGGGAAACATAGGTCCCTGTTATGGGGAAACGGCCTAAAAAGAACGAAAAAAGGGTAGAAATACCGACAAGCCAAAATCTATCCTCAAAACTTATACCCAAACTGGAATAAGAGTTTAAAATTACAATAAAGCTTATGGTAACAACCATC
NZ_CP109619.1_gap60	1817575	1820544	2969	TAACAACCTCGGTTACCAAGATACCGCTGTCGCCTACAAGGGAGCGGCCCGGTTCCAAAATAATGCGCGGACGCTCTTCACCGAAATCATCTTCCAAGTAGCGGCTAATTTCGGAAGCATACTCGCTTAGGTCGTTTGCAGGTGTAACATAAGAAGCGGGGAAACCTCCGCCCATGTTGACCATTTCGAGCTTAATTTCTTCTTCTTCTTCCAAAGAGTCCATCAGGTATTTTGTCTTTGCAATGGCATCGTTCCACTGACCGATATCCCGCTGCTGGCTTCCTACGTGGAAAGAAATACCGTAAGGAATGAGGCCCGAATCTCTGGCCTGAATGCAAAGGTCATAGGCCATATCGGGGTGGCAGCCGAATTTTCGTGACAAAGGCCAGTCGGCGCTGGTAGTGTTTTCAACAAGGATTCTCACATAAACTCTCGAACCGGGAGCAAATTGAGCTATATTTTTAAGGTCGTCCTTACTGTCCGTAGCGAACATTCTGACACCCTTTTCATAAAAATAGGCAATGTCCTTTGCCTTTTTTATGGTGTTTCCGTAGCTGAGTCTTTCAGGGCTTACGCCTAATTTTAGAACCTTGTCAAGTTCATAACGTGAAGCTATGTCAAAGCATGAGCCCATCTCGTTTAGCATTGAGATAATTTCTTCATGCGGGTTAGCCTTAATTGCATAAAAAATATCCGCATAGGGAAAATTTTCTCTTAACTTTTGATAATTTTTTTTGATTGTTTTTAGGTTGATAACAACACAGGGCGTTTCCAGATTTTCTGAAAAACTCATAAAGTGTTTCCACTCAGAATCGCTAATGTAATCCTTTCTTTCCATTAGGCCGACCTCCCAAAAAATAGTAATAATAGCTTACCTTATAAAGCTATTTTGCATAACTGTCAATAGTATTAAGGCATAAAAAGGGCTTTTTTTTAATATTTTCAATCCAAAAACAAAAAAACTTAATATTTTTCTATGATATATGTATTGAATATATTTCAATTTTATGGTACTATAACTATTAGAACATATATTATCCTTGTGTATTCGGAGTCGTTCAAGCGGCTCCTTTTTTGTATGCAAAAGGTATCTTGAGAGGAGGTTGAAGTGGAATTTATTCAAAAAAAAGATATTCCGTACTTTACCGAATGTGAACCTCTTGTCGAAGGGCTCGGCTTTAAACTGGTTGATCTGAATGTCCTTCACAAAAAAGACGTTTGGCAGGTTAAGGCGGTAATAAAATCGGAAAAAGGGGTCGGTATCAAAGACTGTACCTCTGTACACAGGACTCTTCAGCCCCGTATTGAAGCCCTCATAGGCTCGCAAGATGTAACTATGGAAGTAAGCTCTCCGGGAATAAACCGGCTTGTAAAGCGGGCGGTTGAGTTTTATGCCTTTGTAGGAGAAGATGCCCAAATTTGGGATAACAGCATTACTGATTGGCGGCACGGAATTATAAAAGAAGTAAATTCCGAAGGCCTTGTTTTAAATTCTGATAATCAAGACATTCAAATTCCGTATCAGGATATAAAAAAAGCCAGATGTAATCTTTAAGAATAATTTTAGCTTTGTTAAGGAGATTTAATGAAATGTCTGAAGGAATAATTGAGGCAATTCGGGAATTTGCACAGGAAAAAGGAATTGATGACGATTTTGTTTTGCACATTGTAGAGCAAGCTCTAAAAGCATCTTATAAAAAACAATTCGGAACAGATGCAAATGCCGTATTCAATGAAGAAACAGGAAAAATATACTCAAAGAAAATAATAACGGAAGATGCAAAAAATCCGGTTTTTGATATAAGTTTAGAAGAAGCAAAAAAATTGGCCCCCTCTTGCGAGGCAGGTGATGAACTTTTAGTCGAAGTCGATCCGAAAAGCTTAGGTATTAATTCTGTCAAAGTCGGAATGCAAAGAGCAATCCAATGTATCAGAGAAATGCAAAAAGATACCCTTTATGCAGAATACAGTACAAAGGTAGGAGAAATCATAATCGGTTACTACCATCGGGAACGAAACGGAAACATCTATGTCGACTTAGGAAAGGTTGAGGGCTTATTACCTAAAAAATATCAGTGTCCGGGAGATCACTTCGGAAGAAATGCGGCAGCCGGAGAAGAATCAAGAATAAAAGCCCTTGTACGGGAAGTAAAAAAACACCGCCAATCAAACGTAGTACAGCTGATCCTTTCAAGAACCGATGCGGAATTTGTAAGGCAGATACTGGAAGTGGAAGTGCCCGAAATTGAAAGCGGAATAGTAAAGATTCATAATATTGTGCGGGAACCCGGTTATAGAACAAAGATAGCGGTTTCAACTGACAGAGATGACATAGATCCTGTAGGAGCCTGTGTCGGAGCAAAGGGAGCAAGAATTCAAGCAGTTATCGCAGAGTTGGACGATGAAAAGATAGATATTCTACCCTACTCTGAAGACCCTAAAGCCTATATAAAGAGCGCCCTTTCACCTGCAGAAGTCATGGATGTTATGATATTGGATGCGGAAAAAAGAAAGGCCCTTGCAATCGTTTCCGACTCCCAATTATCGCTGGCTATAGGAAAACACGGTTTAAACGTACGCCTTGCAAACCGCCTTGTAGACTGGAACATAGATGTAAAAACCGAAGAACAGTTTAAACAAATGGATATTTACACGGATGCCAGAAAGGCTGTCGAAAACTTATTCACCGATGAAACAAGTGATGAAGATGAAGAATATGAGGAAATTTCCAATGTTTCCGAACTTCCGGGAATTACCGAAGATATTCTTACAGTATTACGTAATAACGAAATTGAAGATATACAAGACTTGATTAACATGGAAGATGATGAAATCAGGGCATTGGAAGGTCTTACTACAGAGATGGCTGATACCCTTCTTGACATTATAGCTAATGCCGTTGAAGTTGTAGAAGACGATGGAGAAGAAAGCGAGCCTGTTTCGGATGATAAGGGTGAAGTTGAAGAATT
NZ_CP109619.1_gap61	1966119	1968421	2302	AATTAAGCCTGCCACCAATACCCTTCTAAAAAAAATAGAAGGCTGTGACGGTTTAAAAACAGGCTTTATTTACGAGTCCGGTTTTAATATTTCGCTTACGGCTCAAAAAAACGGTGAGCGTTTTATTGCGGTCATCCTCGGCGGTCAGGGCAAAAACTTTACCGAAGGGATTTTTAAGCGGGAGCAAAATTCCATCAAACTTATGAATTTTGCATTCGACAATTTTAAAAGTTTTGACATAAGGGAGCACAACAAAATTAAAAAAAGTGTAAGCGTCCTAGGTTCAAACCTAAATGTAAAAACTTCCGCCTTTATACCTCTCCTCGCCGATGAGGACTTTTCGCAAGACTATCTTACGGTTTTTAAAAACGATGAGAGGCATATAGAACAAGTTATAATTTTACCTGATGTAATAAGGGCTCCTCTTTTTGCAGGTCAGCAAATCGGCCGTATAGAATATAGAATTAAAGATTCGGACATTGTGCCAAAAACCATTCCTCTTATCTGTCCGCTCGATATAAAAGAAGGTTCATCTTTTAGAAAATTTATAGACGGCTTTTACCAAAAGTTTTAATCGATAGTTTTATAAAAAGTAGTAAATCTTTCAAATAATACATACAACATAATTGATGATAGACTATAAAAATTCGTCCAATACGGACAAACCCGATATGAGGGAAAGGCTTTTAGAGTACGGGCCTCAAAATTTAAGCGACTCCGATTTGGTGGCCATTCTTTTACGCACAGGCATTAAGGATAAGCCTGTAAAAGAATTGGCCGATGATATTATTCTGCACATAGATAGAGCAAGGCCTGAAAAAATTGAGGGCTATCTGCGTTCTATCCGCGGGATGGGAGATTCAAAGATTTCAACGGTTCTTGCTGCCATGGAATTGGGAAGGAGGTATTATGACAACAAGAACCGCACGATTTCACACCCGACCGATGTAGTCCCTCTTTTACAGCACTATGCAGATAGGGATAGGGAGCATTTTATCTGCGTTTCGTTAAACGGAGCAAACGAAATTATTGCAACCCGTGTTGTGAGCGTCGGCACTATCAATAGAACAATAGTGCATCCTCGTGAAGTGTATTCAGACCCTTTAAAGGACAGGGCTGCTGCAATAATTGCGGCCCATAATCATCCTTCGGGAAATTTGGAGCCCTCAAGTGAAGACATGGAATTGACAAGACGCCTTTACGAGGCCGGAAAAATTTTAGGTGTCAAACTTTTGGATCACATAATCTTGGTACCTAACGGAAATTTTTTCAGTTTTGTACAAAGCGGAACAAGATTCGATATTTAAAAGGAGGCTTAATCAAAAAAGAGGCAGAGGCCGATCACTTCTTTACAACCTCCCTCTTTTAGAGCCGCTGCACAAAAGTTAAGGGTCGCGCCCGTGGTCATAACATCGTCTAAGATTATGAGCTTTTCCGGTAAGGCGGTTTTTAAATCTTCCGATTTTGAAAAAGATTTTTGCCTTTTTAAAAAAATCTTTCCTTTTAGATTGCTTGCACGCCTTTCGCGGGAAAGACTTTTTTGGGAAGCCCCGTCCTTCCGTTTTAAACAACGCAATATTGGAAGATTATAAATCAGTTCCAAATAAAGGGACATATCTTCTATTTGATCCCAGCCCTTGCTTTTTATCTTTTTAGGACGGGGCGGAACCGGCACCATCGGAACGTTTTGAAGTTCAGGCAACCCTTCGACAAAGGAAGCAATGGCAGAAGCATAAATTTCCGCAAAGCCCCTCATGTTTTGATTTTTCCATAAGCGTAAAAGCTCTCCTCCCCTGCCCTTGTAAGGATAGATGGTGTAGACCTTTTTGAGAAAATCGGATTGAACTGAAAGCGGTTTTGCACAATCTTCCTTTTCGGTCTTTCCCCTCTCTTCTGTTTTTAGATTTTCTTTTTCTTTTAATTTAGCCCTGCAGTCCGTGCAAAACTCTTTTTCGGAAATCAAAATTTTTCCGCAAGATGAACAAAACTTTTCAGGATTTTGAAGCCGGAATAGAACAGGCTCGGTAATTTCTTTTTGTAAACATTTGCTGCACAGCGGAATACCTGTTCCGGTTTCTTCCCCGCAAAAGAAACAAACTTGCGGACAAATTATACGGGCATAAATATTCCGCAGATAAGTCAAAGCTCTTAGTTTAAATTTTTTTATCATGATAATACTCCTATTAGTATTATCATAATTTTATAAATCGTTTAGTAATTTTTAAAAAATAATTTATCAAAAGTTTACATTATTTCCATAAACGGAATGAGCACCAAGTTCATTGCATTTTGAAGCACTATC
NZ_CP109619.1_gap62	2092481	2097351	4870	TTCGCGGAAGGTATTTATTCTCTTTTCATTAAAGAACATGTGTTCGGTTCGGCAAAGACCTATACCCTCAGCACCGAAATCCAAAGCAAGCTGAGCATCACGAGGACTGTCGGCATTGGCTCTTACATGGAAATTGGACAGGAAGCTTTTTGCAAGGCCTATAAAGTCCAAAAGACCTGATGTTTCGGGATCGGGTTCAATCAGTTTTGCTTCACCGAAATAAACCGTAGAGTCTCCGTAATAAGGAACATTGAGCGTAATATAATCGCCTTCATTTATTGTAACACCTTCAATAACGGCCTTGTTTCCGCTTATTTTCATATCGGGGCGTACAAGAGATATTTTACCGTACTGCCGGGCAACAACGGAAGCATGGGCCGAATAGCCGCCTTCGTTCGATATAACACCTGTAGAAACCTCTATGCCCTTTACATCTCCTGCATAGGTTGCAGGCATACATAGAATGCATCTTGTGTCCAGTCCCTGAAGTTTTGCAGCTCTTTGAGCTTCGATAAGGGAATCGGCAGTAAAATAGACTCTGCCCACTGCGGCTCCCGGAGCACCGGCTATACCGCCCTTTGATGATTTCATGCCCTTTGTACTCATGATGTCTATAACAGGATGTAAAATCTCGTTTAACTGACCGGGTTTAACGGCACGCACAACATATTCGGCATCTACTATTTTTCGATTATATAAATCGAGCAAAATCTGAACCATCGAGATGGTGCTCTTAGCTTCAACCGATTTTTGTTCGATAAGCCAAAGTCTTCCTGCTTCAATGGTAAATCGAATATTGCGGATATCCTTTGTATAATCTTCAAGCTGCCATGCAATCTGCTGGAGATGCTTTAGGTATTCAGGCTTGATGGAGTTAATATCTTTACCTTCGGCATTTACCTCATTGAATTTTTCGGCAAAGAACTGACCTTGTAATTTCTTCTCACCGTTTACAATATTTCGGCTAAAGAAAGAACCGGAATATGAGTCTTTACTGTAATTTCCATAAACCATGGGCTGAATCAAAAGAGCCACATCATGATCCGAATCTTCTTCAAGGGTTAAAAGACGGGCGATAAGGCGGATTGACTCTTCAAGCTGAACTTTACAATCATCAAAAAAATGTTTAGGTAAAAACTTGGAATATTTATCCATGATGGCTCCCGGTTTTAAACCGATTTTACCCATCTTCATTGATTCTTTTATGTCATGCAAGGCTTTTTCCAAATCTTTAACTTTTTGTTCATTTTTTTCCAACTCTTCGATTTTTAGCACAACTGTTAAAATTCCGTTAAGCAAAAACAGAACTTCATTTGCAGCAAAATCTTCGCCTACATTCTCTTGAAATCCTATTACAGTATCCTTGGTAAGGCCGAAGTTATGCAGGGTGGGATAGCTTGTAATAAGCATATTGGGCGAAATAACTAATTTTAAAAGCAACGGAGAGCCGGCGTCGCCGTATGTTTTTTTTACTTCTGAGCCGAATTTGCTTAAATAGGGAGAAATTTCGGAATATATCTTTACATCGCCCAGATCCTGCGCCACAGAAGCATCAATTATAATACCCGGCAAGATTGGAAGCTTTAGTTCTGCAAATTCGTTTGCCTGTCTTCCTCGGATACCCAATAAATTCTTGTCAACTTTTTTACCGACGATTTCTTTACTATTAAAAAAGTGTATATTGTTTGAAATTTTCATTTTTTACTCCTTAAAATAGATTTAATACGGTATCCGGAGATCCGCGCAAAAATGCTTCAAACATGGGACTGGCTCCCTGCCTAAAATATTTTGACAACTTTGAAAGGTCGTTAATTTCTGCTGCAGAAACGGCAAATTGGATTGTACTTCCGTGTTTAACCTTTCCCCACTTAAATAAGGTATTTATATCTACAATACGCTCTCCGTCATAGTATACCATAACTTCGGCATCTTGGTATTTTGCAGTATAACTTCGTATAATTCTCTTCCATGCTTCAACATTTCCATTATGGAAGAGCTCGTTTGAAACAGGAACAGAAACAAGCTGCGACATCTTTTTAGGTCCTGTGGCCACGGCAGATGGGCGCTCCAAATGTGAAGGAACGGAACTTGCCTGAACCTTAACAGGAGCCGAAGCAGCCTTAATTTTTTTACCGGGCTTTTTGGTAACAGCCTTTTTAACTTTTACAGGAGCAGCTTTTTTCGGTTCAACATATACAAAGGGCCCTGCTTTTACGGATGCAGGAACCGAGCAAGTTTTCTTTTCAAATAGTTTATGAATAGCAGAAATAACGGAATCGGCAAGACCGGCATCAACAGAGCCCCTGTCTTGTTTTCCGACAAATATTAGGAGAAGCTCATTTTTTCTAAATCCCTGAATAACTTGGGCAGCAGCAGGATTTTTCGGGTTTATAACGATAAAACCCAAATCCGGATGATCATAGCCGAAAACCAAATCAATACCGGACCATTTGGCAACCTCAGCAACAAAAGAGGAGGCATCATCCAAAATAAATTTCAAATTTTCAGATACAACTTTATAATTCCATTTATCAAGCAGAGAAACCGAAAGAATGGATCTAACCTGCTCCGGCTTTATCGTCTGTTCTCTTATCATAAGATTTATCTTGTCCGCAATATTTTCTTTGGGATCACAATCCTCTAAAATTTCTATAACAGACTGAATATGTTTAACGGAAACATTAAAATCAGTCTTTTTAGCAAGCGGAACAAAAAAATTAGTCATATTAACCATAATTACTCCTTTTTTTAAACAAAAGCCCCCGAAACGGGGTTGTTCCAGGGGCTTAATTTTGAATCAGTTAAGCTCTAAAATCCTAATTAAATTTCTTTAATTCCTGACTTAGCCTTTCGTCGGCCTCGTCCTGCATCAACAGAGCCTGTCTTTCTTGCCTTAGAGGCACTCTTTTTGGGTCCTCTGCGTTTAGCCGGAGAGCTTACAGACTCGGCTGCAGGAGCTGCAATGGCGGGAGTGCTGTTCAGCATATCGATAAACTGAGAGCGGCCTGCAGCTCCACTGGCTTTGGGATCATCATCTTCGGCAGCAGCAAAGCTCTGTGCAATGTCGGCACGAACTGTGGATCGTCGGCGGCTGAACGAAGCAAATGCTGCGTCGGCAAAGCCCTTTGATACACCGTGCAAGAATTCGTTGAGCACGTTGGCCATTCCGTCCAATGTAGCCTTCTTTCTCTTGATAGATGTAATATCGATATCAAGCAAGAGACCGGGTTGGATATGGAAGGGGTTGATTAAATAATCGAATTTGTTGAATTCTGCTTCTATGAACGAAAGTCTGTCTTCGATAACGCGTCTTTCGATAGGATATTGATAATCATACAAATCCTTCATTCTCTTGCGCATGATAATAAGCTTCTTGCGGAGCTTGTCTTTTTCGTAGACATAGGTTCTGTTCATCTTTTCAACTTCAGTTTCCGGAGCTTTAACAAAGGAGATTTCATCCCAAACCTTAGCGGTATCTTCGTATACGGGCTCACCGGACGGATCCTTGTACTTTCGTTTGATGAATTTCCTGTAATTTGCAGCCAAATCGTTAAAGTCTGTGATTTTGGTCATAAACTTGGATTTGTCGTATGTAGTGCGTACTACATCCCACAAGTGCTGAATTTCAGTTTCGAAAGAGCTCATCATTACTTCATAAGCCTGTCGCTCTGCGAGCAACTGAGCATTGTCATAATACTTGAGGCGGATTTGATACCTTTCATCAGGAAGGTTGGCGATATCGGTGTCATCATATTCTCGCAAGATAAGCTCACGGGCATTCTTTAAGTTTTCGATATACTGATATCCCATCTTTGAGGTATCAAGGATTGAGGTAATCGAGTTGATAGCCGTATTAAATCCGCGGTTTCTGATGTTTTCAAGGTCGATGATCTTTTTAATGTTTTCTCTGATATTAAGCTGATCAAAGGTCTCAGGATCGATTTCAGCTCTTAAGTTATTGATTCTTTCCATGAGTTTCTTTGATACTACATCGTATCTCTTGCTCTTGGGATTCTCAACATCATCATCAGTAATACCATCTACCTTATCGATTTTTGCGAAAATGATTTCGCCGTCAGACAATTCATCCAATCCCTGATCAATTCTCTTGTCCTTTATCTTCTCAATTTCCTTGTCAATTACATCCATATAGTGATTTGACAAGAGGTCTTTGATAAGATATTCGACTGTTGATTGATATTGGAAGATCGGGCTGATAAGTTCCGTATCAAGAATGTTTACGGAAAGCTTAACATCGGTTACAGTCTTTGGTTTGTAGAGGTTGTCTTTAAATGCACACTTTACGATTGAGTATGCGTTTTCACCTCGAACGAAGGCACCTACGTCCGTCTTCTGCCTTAACAATGAGTTTGTTAAGGTTTCCAAATCATTAACACCGCGCTGTACGTGACCCTGTAAGTGTCCGTACATGTTTACAATCGATTTTTCGATTTCGCCTGTGTTAAACTTGTCAGCACCGCCAACTGCATCAAGAAGGGTAGCGATTTCTTTCGGAGTATAGCGGTCTAAAACCTTCATTTCTTCCCGATCGATAAATCCTCGAACCTTTTTGAGCATTTCATCTTCAGCCGTTACCATGTATCGGTTGAACATGTTCTGGTAGTTCTGGTTAAAGTAGTTATACAGCTTTTCCTTAACGCCGCCCATTACGTCCAATCTTTCAAGGACTTCTTTGGGAAGCTTTGTGGTCAAGTGGTGTAACACTTTATTTGTTTCTTCTTCAATCAGCTGATTAACTTCTTTCTGCTGATCTCGATAGTCTTGAGCCAATGAGTTTCTCGAACCGACAGCACTGGGCTTCTCGGGATGGAATACATTCGGGCTCTGTGGTAGATCTAAATTTGCCATT
NZ_CP109619.1_gap63	2105708	2106991	1283	ACTGCCTTTTGTCCCCGGATGAGCAAACTGATACCCTTTTCCAGTAGCCCAATCATAGACTTCTTTCCAAAGTTTATAGGTTACCTCTGTCTTGCCCAGCTTGTAGGGGCTTAATTTTACTTTGCGGCCGGCAATAAATACGCCCTTCCACTTAGCTTCATTTCCGGGTAAGGTAGCGGGGTCAGGCTCAACGCCTGCGATGCCGTTTGCAGGCGGGATTATTTTTACAAAGTCGCCTGCATCTTCAAAAGAGCCTAGATCGGGCTTTACTGTATCATCCTCAACCAACATCTTTTTTAAAAAAGGGTTTGTACAAGATAAAACCGATACCAAAAGTACCGCTAAAAATATAACTAAAGTCTTTTTCATATTCTAAATCCTCCGCTTATTCCGGCGGCCCATATTACAGGATAACCGCCTCTTATGTAGGGCTCTATAAAAAAGTTTTTTACTGTAAAGCGGTAGCCGAACGCCGCTTCCCCCAAACCGAACACAAAGGGTTTTGAAGCCTTGCGGTTCCAGCCTAAGGAAAGGCCTCCTTCCGCTTGGAAAAAAAAGCCCGAATCTACTTTTTTTAATTTTTCAAAGTCATAAAAATTCCAACGGAACAAAAGCGCCGTATCAAGCAAACTATATCTTTTAAATCCAGTCGAATACAAAAGCTTTGCTCCAGCCGAAAACCTGCCGACCTTTACCCAATCAGGCAGAACAACCATTCCGTAAAGCCCCGTGCCCAAGGCACAGTCTTTCGGCACATTCATATTTCCTTCAAGCAAAAGCCCCAAAGACCAATGAAGCCGGTCTTTTTGCATCTTAGGCTCCTCATTCGTTTCTTGAGCAAAAAGAAATAAACCTCTTAAAAATACCATAACAAAGAGTGCTGCTTTTATGCAATTCTTTTTCATACTATAAATATATCAAACAAAAAAACTTAAAGTCAAGGGTCAAAATATCAATTTTGTTAAATTTGTAGAATAATTAGTTTAAGTATAAAAAACTATCAATCAAATTAGTCACATAAATTCGTCACAAATTTTTTATAATTTACTCTTTTTTTCAAATAACTCTTATAAACATAATGGGGAGAGGGAATTTAAAAAATTAATAGGAGAACAGAAGTGGTAAAAAGATTTGAAGATTTAACATTGCAAGACGATTTCATGTTTTGTAAGATAAAAATATATCTTTACACGATGGAACAAAAAAGGTTATAATAAACGCAGAAGCCTTTAATGATACTAAAAATAAGGAATTAATAGAAAAACTGTAATTTTTTACTTTAA
NZ_CP109619.1_gap64	2110834	2115605	4771	TATAGGGCTGCAATCCTTCCCTGTTCGGGTCTCTTTTTTACGTCTCTTTCTCCGCCTGAACCGAAAAGACTTATGACCTTTCCTCCCGATTTTTTTATGCGTTCTTTTATTGAAGGAAAAATTGTCATAAAGGAAGAAGGAGTGTGAGCATAATCGATAAGTACCTCAAAATCTTGCCCCTCATCTATCAGCATCATTCTTCCCTTTACGGGTTTTACAAGAGGCAGTTTTTCGATTATGCACGCGATATCAAGGCCCGTAATTCTTTGTACAGCCAATATCGAGGCAAGAATATTTTTTACATTAAAGATTCCTGCAAGTTTTAATTCGCACCCGTATTCTTTTCTAGAAGAAAAATCGCAAAGCGTAAATTTAATTCCGCTTGAAGACTCTTCAATATCCTTTGCAAAAAGACCTTTATATTCTTCAATTTTTTTTAGGTCTTTAAGCTCGGTGCTAAAAGGGTAGACATTTTTTTGAGTTGCTTCCATAAAATAAGGGGCGGACGGATCTTCATAGTTTACTATTCCGAATATGGGAAATCCTTTTCCCGGATTTTTATCCAGAGCCCTAAAAAGATTGGCCTTATCATATCGGTACTGCTCGATGGTTCCATGAAATTCCAAGTGCTCCTGAGTTACATTCATAAAAACACCTGCATCAAAGATCACATCCTCAAGACGGGCCGTTTTCGGAGAAAGACCGTGAGAAGAGGCTTCAACTACAGCATAGCCGCAGCCTGAATCCCTCATTTGAGCCAGACGCAGCTGAACGATGTTAGATTCGGGAGTGGTCTGATGTTCCGGGTTCGGAATTACATTTCCGTCTATGGAATATTCGACGGTAGAAAAAAAGCCTGCCTTTTTTCCGCAAAGGTTTAAAAGCTGAAAGATAAAAGAAACAGTACTGCTCTTCCCTTCGGTTCCGGTAACACCTATTACGCCTAGTATCCTTGACGGTTCATCATAAAGAAGGGCAGAAACCTTGGACATGGTTTTGCGCACATCATTTACCTGAACAAAACAAATTTCATCACAAGAATGATTATTTAAATCTCCCTCATAAAAAATACAGACGGCTCCGTTTTCGATTGCAGAATTTATAAATTTTTTTCCGTCGGTATGAATCCCGGGAAGAGCAAAAAAGGCAGCCCCTTTTTTTAAGCCCGTCTTATCGTCATAACTGTAAGCCCTAACCTTACGTGAATCATACTCTACAGAATTGATAAGAGATTTATCGTTTCCAAAACAATTTACAACTTCAATAGCTTTGATGCATTCCGCAATCGATTTTGTGTATTCCATATTAAAAAGTATAATTGATAAAATAAAAATTATCAAGTAATATTGATATAAGACATAATTCATGCTATAATTATTCGTTTAATTTGTTTTATTCAATTATGGTAATTATACATTTAATTTTGCGGAGGTAAGGATATGAAAAACAAGTTATTTGCACTTTGGCTCTTTGCAATCTTTATTTTGTTAAGTTCATGTGAAAATCTTTTTTTAGGTAAACCCAAAAATGTACATATTGTAAATGAAATTCTAACTGAACTTAACAGAGTGAGAAGTGACCCTAAAAAATATGCAGAAGAGGAGCTTAAGCCCCGACTGAAATATTTTGACGGAAAACTCTATAAAGTTCCGGAACAAATTCCTTTACAAACAAATGAGGGGGCACCGGCAGTACAAGAATGTATTGATGCTTTGATAAATACAAACCCCGTGGAAGCTTTAAAGCTTGAAAACGGCCTGTGTCTTTCTGCCCAGTGGCTTGCCGATGACCAGGCTAATACGGGAAAAATAGGTCATCACGGCAGCGATGGGTCTTCTCCCTTTGACCGTATGAATCGTTATGGAAAGTGGCTTATAACGGCAGGTGAAAACTGTGCATACGGCACTAAAACAGGGAAAGAAATTGTAGCACAGCTTTTAATCGACGATGGAGTTATGAACCGTGGACACCGCAAAAATATTCTCAACCCGATATTTAAGAAGGTAGGTATCGGTTATAACGATGAGGGCAAAGCCCCCTACGGTGCCGTAAGCGTTATGGACTTTGCAGGGGGCTATGTTTCAAAATAGACTTTAAGCTTCTTTGCCGACGAGGCACATCCATTCGGCTTCGGCGGCAAGGGTTTCTCCTACATAGGCCTTTCCTGCCTGTTTAATCATTCGGGGAGATACACGTAAATTTGTAACCTCCATTCTAACCTTGTCGCCGGGCTTAACCTGAGAGCGGAATTTAACCTTATCGACTGTAGCCAAAAAGAATAAAGAGCCTTCTTCAAAAATTTTTTGAAAACTCAAAGCAGCTCCTCCGGCCTGTGCCATTGTTTCTACAAGGATAACCCCCGGCACAACAGGGTATTCGGGGAAGTGACCCTTAAAAAAGAATTCGTCTTGGGTAAAGACGTGTTCGCTCACACTACCGTTTTCGTCAGCGCTGATAATCTCGTCCACAAACAAAAAAGGTTTTCTGTGGGGGATTAAGCTTTCAATATCTTTTGTAACACTCATATATTTCTCCTTATCTTCCATAAAAATAATATCTTAATATGGCAATCAATATTTGTAACCACATAATTTTACATAAAATACCAAGATTAAACAAGGACTACAAGAAAACGTATCGACTTTAAAGGATTTAATCAAGATTGGTATTTTTCCGTTATCTATTTTGTAGGATTTTTTGTATGTCAAATTCATGAACTGAAGAAAACTGATTGATGGTAAAAGTTTGGCCTGATATTACAGTAATTACGGCATCGAGTAAAACATATTTAGATTTCATTTTGGAACAGTTATCGGAATAATAACACTGCTCGATGTTTCCTTTTCATATCCGAATTTTGCATTATGATAATTACCCCTGCTTGACATTTTCAGCTCTTTTTAGTAACATTGTTATTGATTAGTAGAAGGGTTATGAAAAATATGGATAACAATACGGAAAAGATATTCGCCGATAAGGATGAGCTAAACACACGGACAAAAATTTTGCATGCGGCAAAGCAGGAATTTTTGAACAAGGAGTTTGCAGATACTAACGTGCGCGCCATCGCCGAAAAGGCAGGGGTTACGACAGGGGCGCTATATAACCTTTTTGATAACAAAGACGGCATATTCGAAGCTCTTGTGAGCGGCGTGTTCGACGAATTCTTAGACATAGTAGCGCATCGCGATGTATTCGACGCTGAAAATTTCGGTATGAAAACAAGCGATCTTTCAGCAATTATCGAACTATCGCAACGCCGGTTCTTAAAAATGGTGGATTTTTTTTACGATAATTGGGATGCGATGAAACTGATTGTCTGCTGTTCGAAGGGAAGCTCCTATGAGCGCATTTTTGATAAAGCAATCGATTTAATCGACCGTAAAACACTTCAATGGCTGAAACAAGACGGCGTTAAACTGTCGCGTCGCATACGGTTTTTTATTCACGTCATGGTAACGATCAGCTTTGAAAATTTAAAAGAGATTTTTTATCATAACTTAAAAAAAACAGAAGCAGTGGATTATGTGCTCGATTTTAACGTATACCATTGCGCCGGCTGGAAACAATATTGGATGGAACAAGTAAAGGGTAATGGATAATTTGTAGTTGGTAATGAAACTATTATTCCGACGATTAATTCCGTGAATAAGCCTTTTGCAAATAGACGGTGCAGATACGATGCATGAGCAAAAATTACCCGCAGGTGTGTTGAAAAGCGTACCTCCGTGTACACTTTTCAACGACGAGTTTTTCTAACGAAAAACTTGCTACTGCTTGGCACTACCGCCATCCGTGGCGGTTCTGATACGGTGATTATGTATATTTTAGCAACGTCATAGAGGCTGCTTATGATAAATGGAATAAACATTTTTGAAAATAGGTGGAGCAGATGCCCGCATATTTTCAAAAAATAAAGGAGGTGTCACTGTGGACACATACAAAAGATTATTGAAATATACGCCGGAAAAAAAACACTGCGTGTATATTTCCATTATTTGCTCCGCTTTAGGCGTTGCTTGCCAAATGGGAGCATTTTGGTACTTATGGAAGTTTTTGTACGCCTTTTTGGTTACAAAAAGCGTTACGGACGGATCGTTTTATGCAACGGTGATTGTAGCTCTTATGCTCGGATACTCGGTTGTGTATTTCGCGTCCCTATGGGCATCGCATGTGCTGGGTTTCCGTCTTGAATCGAATTTACGAAAGGAGGCAATCAAACATTTGATGAATGCATCCTTTGCTTTTTTCGATGTAAACAATTCGGGAAAGATTCGCAAAATCATCGACGACAACGCACAGGAAACGCACATGATTGTCGCTCACCTTATTCCCGACAATGTAGCCGCCCTTCTTACTCCGATTTTAATGTTCGTCATTGTTTTTATGGTAGACATAAAACTAGGTATCTTGCTTAGCATTATCGCGATAATCGGCGGTGTGCAGATGATGTTTATGATGGGCAATAAGAACTTTATGCAGAAATACATGGCAGCCTTGGAAAGGATGAACAGCGAAGCGGTGGAGTACGTACGCGGTATGCAGGTTGTAAAAATCTTTAATAGCACGGTAGAATCCTTCAAATCGTTTTACACGGCAATTATCGACTATTCCGATTTGGCATACAAGTACACGCTCAGCTGCCGAAGCCCTTATGTTATGTTTCAAGTGCTGTTCAATTTGTTTGCCGCCTTTACAATCCCTGCAGCAATTTATTATATGAATAAGGGTGCGGACGGAAATCTCATCATCGCAAAAATAGTATTTTATG
NZ_CP109619.1_gap65	2211924	2214946	3022	GGAAATCCCTTCTCAATGGACGGCTCAAGATGTTGCTGCAAGCTTTAAGCTTTCATCAAAAGAAAAGTTTATACCTATAGCCCAGTCTATTTTAGAAACTGCATATAGAGATTCCATTTTAGGCATAAAAAACTATCAAACAAATGCCGTTAAACTGGGTCTTGACTTATCGGGCGGTATGTTGGTTATTATCAAAGCCGACTTGGATGCTGCAATTTCTGCCGATGGAGCAAGCAGCGATACAATAGCCGACTCAAAGAAGGCTGCCATGACTTTAGCCATGGACACCCTCCGAAGCCGAATAGATAAATTCGGTCTTACAGACCCTGTAATTAGACGCCAAGGCGATGATAGAATCTACATTGAAATGCCGGGAGCTGCCGATGCAGATAAGATAAACTCCATTATCATGGGCCGAGGTATTTTAGCCTTCCACATAGTGGATGATGAAGCTACTCAGGCATTTAGAGAATATTACCGAAATAATCCGGGAAAAACCTTTGATGCCGAATACAATCTTTTAAACCCCGAAATTATTCCTGAAGACTGTATGGTACTAGGTGTATATCACAAGGATGCCTACGGTATAGATGAAAGAGACGATAGAGAACCCTTCCTTGTCGTAAAAAAGCAGGCAGGCCTTGAAGGAAAACACCTCGTAAGCGTTGACACTTCGACAGATCAAAGATCCAATAACCCCCTCGTAAATTTTTCACTTGATGCTGAAGGAGCAAAGATATTTGCAGAATTAACTACAAGCAATGTAGGAAAGCGACTTGCCATAGTTTCGGACAACAAGATAAAGTCTGCCCCTAACCTCAAAGAGCCTATCACCGGAGGTTCGGGAAGCATAAGCGGAATGTCTGCAACAGAGGCAAACAACCTTAAAACCGTTTTAAGAACTGCATGGCTAAATGTTCCTCTCCAGCTTGAAACTCAGCAGGTTGTAGGAGCCAGCTTAGGAGACGAAAAAATTAACGAAGGTATTAAGGCCTTGCAGTGGGGCTTAATTGCAGTTTTGGTTTTTATGCTTGTATTCTATAAGGAAGCAGGAATCAATGCCTGTATTGCTCAAATTTTAAACCTTTATATCATGTTCAGTATTCTTTCAGCATTCAATTTAACTCTTACCTTGCCCAGTATTGCGGGTATGATTTTAACCATAGGTATGGCTGTAGATGCTAACGTTGTTGTTTTTGAAAGAATAAAAGAAGAACTAAGACTTGGTAAAACAAGGGAAGCCTCCATAAACGCAGGCTTTGAACATGCCTTTTCTGCAATTATGGACTCAAACATTACAACATTCATTGCAGCCTTCTTTTTATCAATTCTCGGAACCGGACCTATAAAGGGCTTTGCATACAGCTTAGCCATAGGTGTTGTTTCTTCAGTATTTACCGCTTTGTTTGTTTCAAGATTAATTTTTGACTTTGGAACTCAAACATTAAAATTGGAGAAGATTCATATCAGCTGGAGGAAGTTATAAAATGAAAAAAATAATCAGTTTTTCGAAATTTTTCGTTCCGTGCATTATTTTAAGTATAGGGCTTATAGCCTTCGGAATTATAGGCTACTTTACCAAAGGAATAAATTTCGGTATTGACTTTCAGGCCGGTTTTATCGAAAAGGTAAAAATAGCCCCTACGGCAGTAGAACTTTCCTATGAAGGGCCTTTAACGGTTTCCTTTTCTCAAGGTATATCCGACATTTCGATTACTACCACCTCTCTGGATGGAGAAAATAAATCTTATGTCTTTAAGTTTGCCGATAATCCGACTCTTAAAGACTTCGCTGACGGACTTGCCTCTATTGATGGTTTAAAGGTAAAAGTTACCGCTTCGGGAAATGTGCTTCTTAAAAACTTGTTTTCCAATTCGGAATCTTCTTCCCGTCTTTCGGCTAATGTGTTTAGACTTCACCATTTGGAAAAAGGTCTTAAACCGATAAATACCGATGAGGTTCGTCATGCGCTTTCTTCAATACCCTCAGTTTCGGTTCAACAGCTGGGAACGCCTGAAGACAGGTATTTTCAGATAAGACTTGCCGATGACGGAAAATATGAAGATGCAAACAAAGAATTACGCTCGATTATAAACACTGCCTTAAATGCAGCCTACGGAATCGAAAACATTGCAGTTATAAGTACGGACTTTGTAGGTTCCCGTTTTTCTTCTTCATTGGCACAGCAGGCAATATTGCTGGTAGGCGGCGCCTTGGTCTTAATCTTTGTTTATGCGATGTTCCGCTTTCAGTGGAATTTTTCGCTCGCAGCAATTATTGCTCTGCTTCACGATACGCTCATAATGATTATGTTTATCTCGTGGACACAGATGGAATTTAATTCTACGACAATAGCGGCCATTCTTACGATTATAGGTTATTCCATAAACGACACAATCGTTATTTTTGACCGTATCCGCGAAAAGATTCATCTTGAACCTAAGCTGGAATGTAACGAAATTTTGGACAAAGCCCTAACTGAGGTATTTACCCGAACAATTATTACAACCCTTACAACGATGGTTGCGGTTGTTGCACTGTATTTGTTTACCACCGATTCGATGAAGGATTTTGCCTTAGCCTTAATTGTAGGTCTTATAAGCGGAACCTATTCGTCAATCTATGTTGCATCTTATTTTATCGCTCTTACCTCCAAGGGTAAAAAAGCCGGAGAGATGATTACCAGAGGCAAAAAAGCCCCGGGTGAACTTTCAGGAGCGGTTATCTAACAAGATAAAATAAATCTCTGTAGGAATTATTTTAAGTCAAGCGGCCGGTTAAAAAATCGGCTGCTTTTTTTATGCGCTTTGAGCTATTTGTTTTAAGGCCTCGGCAGCCTGTTTGACTTCTTCAAAGGTATTAAAAGAAGAAAAACTAAAACGGACTATGCCCTGTTCTTCGGTTCCGAGTGCCTTGTGTACCAAGGGAGCACAGTGGGCTCCCGGCCGGCTTGCGATGCCGAACTCTTCATCAAGGCGGCGGCTTATTTCTCCCGAGGGAATATCTCCTATGTTTATACCTA
NZ_CP109619.1_gap66	2287747	2289409	1662	AAGGTAACCATTTCCTACTTGGCAGACCCCCCTTGAAACGGAACCGGAGCGGCTCAAGGTTTTATCCAAGATATAACCTACCATAGCGTGTTCCGTAGAATTATTTGACAGGGTTGAAAGATGGGTTGCTATCGTTTTATAAGCCGAGCGGCCGTAGTAGTCATCGGCATTTATAACCGCAAAAGGCTCATTTATCTTTAACTCCGCAGACAAAATAGCATGAGCAGTTCCCCAAGGTTTTTTCCGATTAACGGCCCTTTTTATTTGCTCATCGGTTAAAAACCCGTCCATGGATTGGAATACATAATCGGCATTGCAATTGCGTGCAATCCTATTAAAAAAGCGCTCTCTAAAATCGTTTTCAATATCTTCCCTAATTATAAAGACAACCTTTCCAAAGCCGTTATTCATCGCGTCATAAACGGCATAGTCTAATAAGGTTTCATCATGCCTTCCGACAGCAGCTATTTGTTTTACTCCTCCATATCGGCTGCCCATTCCGGCAGCTAGAACCAAAAGAGTGGGTTTCATAAATACACCTCCCATAAAAATTTTTTACAGCAAATATAAATTTGTGAAAAAAGTTAGGTTAAAATCCAACCTGTCCCATAATATCATATAATTAAAATAAATAAAAGATATTTCCAAATTTTCCCCGACGGTTGACATTATTATCAAAAAAATACTAAAATATTCCTTATAAAATTATAAAGCGAGAAAACTATGGCTATTATAATAAAAACAACGGGGAAGGCTATCCCCAAAAAAATAATGCACAACAGCGATTTTCCCGCTTCTTTAGATACTTCGGATGAATGGATCAGAAGCCACACAGGGATAGGAAGCCGCTACATAGCTTCCCAAGAAGACACAAGTGCATCCCTCGGTGCCGAGGCCTGTAAGCAGGTCTTGGCAAATGAAAATCTAAATCCTCAGGATATAGACTTAATTATCTGTGCCACAGCCACGGCAGAATACCAAGGCTTTCCGTCGAATGCCTGTCTTATCCAAAAAGAACTGGGTGCAAAAAATGCGGCATGTTTTGACCTATCGGCAGCGTGTTCAGGCTTTTTATACGCAATAGATACGGCAGCAGCCCTTATGGAAAGGCACGGCCGGCGTTATGCCCTTGTCTGCGGCACCGAAGTTTTAAGCAAAATAATCGATTGGCAAGACCGTTCTACCTGTGTACTATTCGGAGACGGAGCCGGGGCAGCCCTCCTTGAAAACACCTTTGATAATTCAAAGAGAGGCATAGGTTCGGTAATTTTAGGTTCTGACGGAACAGGTTATGAAGCTCTTTATATGGGAGATTATCTAAAAATGAACGGAAGAACCGTCTACAATTTTGCAGTTGGCGTTATAACCGAAACCGTAAAAAGCCTTCTTCAAAAAGAAAACATCAATATGGAAGATGTAGACTTGGTTGTATGCCACCAAGCCAATAAGCGTATTTTAGAAGCCGCCGCAAAAAGGCTTAACACCGATATGAGCAAATTCGCATGCAATATGGAAAACTACGGAAACACTTCGGCCGCTTCCATTCCGATAACCCTCGATGATTTGAGGCTTCAAGGAAAATTAACTGAAGGAACAACAATAATTACGGCAGGCTTTGGGGCTGGGCTCACATGGGGCGGAGCCGTAATAAGATTCTAGAAT
NZ_CP109619.1_gap67	2291859	2292838	979	TCAAGGCACAAGTAATCGAAGAAGCCAAAAAGAAAGGAATTAAATTCGATCTTATAGTTTACAGCTTGGCAAGTCCTGTAAGAACCGATCCCGATACAGGCATAATGCACAAGTCCGTCTTAAAGCCCTTCGGAAAGACATTTACCGGCAAGACGGTCGATCTCTTTACGGGAGAACTAAAAGAAATCTCCGCCGAACCTGCAAACGATGAAGAAGCCGCTGCAACCGTTAAGGTTATGGGAGGAGAAGACTGGGAACGCTGGATAAAGCAGCTTTCAAAAGAAGGTCTTTTAGAAGAAGGCTGCATTACCCTAGCCTATTCCTATATCGGCCCTGAGGCCACTCAAGCCCTCTACCGAAAGGGCACCATAGGAAAGGCAAAAGAACACCTTGAAGCAACTGCCCACCGCCTAAACAAAGAAAACCCGTCAATACGGGCCTTCGTTTCGGTGAACAAGGGCTTGGTAACAAGGGCAAGTGCGGTAATCCCCGTAATTCCCCTATACCTCGCTTCCTTGTTTAAGGTTATGAAAGAAAAAGGAAACCACGAGGGCTGTATCGAGCAGATTACCCGCCTTTATGCCGAAAGACTCTACCGTAAAGACGGCACCATCCCCGTCGATGAAGAAAACAGAATCCGTATCGACGACTGGGAGCTTGAAGAAGACGTTCAAAAGGCAGTTTCGGCTTTAATGGATAAGGTAACAAGCGAAAATGCCGAAAGCCTAACCGACCTTGCAGGCTACCGCCACGACTTTTTAGCCTCAAACGGCTTTGATGTAGAAGGCATCAACTACGAAGCCGAGGTAGAAAGGTTCGACAGGATTTAAACTGAAAAATTGGTAATGGATAATTGGTAATTGATAATTTAATTACGCATTACCCATTAAATATAAAAGGTATTGAGTGGAAGATTATAATAAAGAGTTTAAAATCGATATTCCTAAAAAGCAAAGTGCACTTAAAGCTGAAATCATCT
NZ_CP109619.1_gap68	2345901	2346484	583	CTCTTCTCGCCCGTAGTCAGAATTATAGCAGTTCCATCCGGCAACAAAACAGAGCCATGCACAAACGAAAGCTCACTATCCAATTCCCATTTTTTCAATAAACTTAATTTTAGGTTATTCATATTTTTATCTCCTTATTTGCTTCAATATACTTAATCCTTTCAGCCGATCTTCTTCATCAACTAATCCTTATTTTTTTATATCCTAATTATATCATTTTTCATTATTGTTTTTAAGGGGGAAAGATGAAAAGCTGGCAGTAGAAAAAATACCTTAAAAAGGATATAATGGTATCAAATATGTAATGCAATGAGAATTGTGAACGGAGAGATGATAAATGGCAATAGACGGTGTAAAAATTATAGACAGTGATGACGGGTATGATATTTACAATACCATAGTAGAACGATATAAAGACGGTGAAAATATCGACACAATAATTGAAGATATTTTAAATGACGAGCATAACTTCTGCATAGATCCATTTTACACGGAAATTTACTGGACTGCATTTGCCTATTCTTTATGGAAGGTAGGGCATTTACCGGAAGAGATAAAGAATAAAGCGTTAGAAATAATTGCA
NZ_CP109619.1_gap69	2352882	2354926	2044	TAAATTCTCCGGAAACTTATATATTATTTTCAGCTCATTATTGTTTAATTCTATGCAATAATCTTGGGAGCCGTCCTGTCCTGCTGTAAAAGATACTATTATACGATTTTCTTCATTTAAACTTGTAAAAGCTATATCTGAATCGCTCAATTCATCTTCCATTTTTATAGAAGCAATTTTGTTTGCAGCTTTATCGAATACCATTATGCGTACACAATTTTCGTCCAGCCGTTTTGCAGCCCAAATAATCTTATTTGAATGAAGAGATTGATAGATAATGTCAGCGTCGCAGTTTATCATTTTTTCAATCTCGGCACTTGGTTTTCTGTTGATGTCCTCTAAAAAACAATCTTTAGTTTTGCTATAGAATTTAATATAAATCATAGTTTGTTGCTTTCTCTCTAATCCTAATCTGTTTTGTAACTGCCGACGAAGACAAACTTTTCGGGATTATTCTTAATGTAATCTATCAGCTTATCGCCAAAGTCCTCGTTTTCATAGAAGAACCTGTCATGCTTATCTAAAAAATCATAAAGAGCTTCTTCATCTTTTTCTTCCGCTTTTGAAAGCATATCCCAGCGCTGCTTCCTATCAAAAGAAACATCTCCGCCGAAAAATTCTATCACCTCCAGCAAGTTATTATATAAATTATCTATGCCGAAAAGTTTGAAAGCCTCCAACGCATCTTTCCACACAATACCGGTGGAGTTAAAAAACAGTTGATGATGCCCGCCGTTATCAGTTTCCGCTGCATACCACTGCAAGGCTAATAAGTAACGCTGCTCCGCAGTAAAATCTTTAGCCGATTTTAAATACTCTTCATAAGTTCCGTAAATATTTACGGTGCACCACATTGGGTTGGTAAGTCGATAAAGGTCAATTTCCTCACCCATTTCTTTAATAACTTCTACCGTTAGATTTTCATTAATTGTTTTCATATATAATACTCCGATGTTTGATTCGTGCGGATGGTTTAATACCCTGTTGCTGCACAACGTATGCTCTGCGTCGGGGTTGTTGATTACCGTTTGCTGCCAAATTGCATCTGCACATCCTTTGTCTACAGTCTTAAATGACTTTCCCCCGGTGTATTTGCATGTGCAACACCTCTTGCATGAACATCTCCTCTGCCGACATATTTTATATCACCAGTTATAGGATCTCTTTTCCCGGCAAGAGCCTATCGGGTCTTGACTGATATAATTCCCTGAATTTGGGCCGTAATGCCGGAATCTATGATAGACCAATCTATACAGAGTAAAAGACTAAGCATTTTAATAGACAAAACGGCTCAAATCATTTTCAATAAATAAGTTAAATGATTTATTTATAATATGTATTTGATTTTTCCCTATATCATGAAAATATACAGAAGCTTCATATGGTCTGATATATAACTCATCCCCATCACTATTCAACCACAATTCCCCAATTTTAATATATTCCTCCCGTAATTCTAACATATCAAAATCAATAAGAATACCTTCCATTTTTAATTGCGAAATACAATAAAAAAATGTAATTACATCACTATGCAATAATTTATAAAAGAATGATGAGGTTAATTTTTCTTCGGTTAAATTATTTTCCACAACATCACTTTTCAATAAGTGTTTTTTTATTACGGCAAACAAGTTAGGGTAACTTTGCTTCAATTTAATAAATTTCAAGTCAAAATCAATAATATCAACTTTGTCACAGTTCAAGGAGATATCATCTATTTGCTTTCTCCATCCTTCCATATAATTGACTTGTGAGTTTTCGTTATAAGATTGATTTATAGATTTTAAGTATTCACGAGCCGCATTTTGAGATATTAGTGCGGCACCCATTAAACCTTGCGACATCTTAGGTTTTATCTTTAAATACCACCGCGGCGACAAAAATTGTTTTGCAAATTTTTCATTTTGTTTCCACCAATCAATCCATTCTTCGGGTAGGAATAGTCCTTCAGATAAATGTTTTAGTCCGTTTATTATATTATTCGTTTCCATAATGACTTCTACTATAAAACCTCTATATTTGATTTTGCAGGGGCACGAAT
NZ_CP109619.1_gap70	2485755	2490445	4690	AAAAAGTTTTAACCCTTGTTATGTTCGATGTAATTCAAAGCGGTTATTATGAAATAGGCTCGGTAATTGCCTTGCTTATAATTATAATTTGTTTAATTGTAAATTTAATTTACTTTTTAGTTTTAAAGAAAAAATAATTTTTAAAATGCCGGAGGTTTTATGTATTTGGAATTAACAAACCTAAGAAAAACATATAAAGAAAAAAATGCGGTAAAAAATATAAGCTTTAATCTTGAAAAAGGAAAGCTCCTCTGTCTTTTAGGACCGTCCGGCTGCGGAAAAAGTACGGTATTAAAATCGATAGGAGGTTTTTTAAAACCTGACAGCGGAAAGATAATTCTTGACGGCAAAGAAATTACAAATGACCCGCCTGAAAATAGAAATGTTTCTACCGTTTTTCAATCCTATGGACTTTTTCCTCACATGAATGTTTTATCGAATATTATTTACGGTTTAAAATTTAAAAAGATGCCTAAGGCTGAACGAGTTAAAGCCGGAATAAAGATGATAAAAACGATGGGCTTATCGGGTTATGAAAAAAAACATATAAGTGAACTTTCAGGCGGAGAACAGCAGAGGGTTGCTCTTGCACGCAGTTTGATTATAAGGCCCAAACTTCTTTTGTTGGACGAGCCTTTAAGCAACTTAGATGCAAAGCTTAGAATCAATATGCGTAAAGAAATAAAACAAATTCAAAAAGAATTTAATATCACTACAATTTTTGTTACCCATGATCAAAGCGAAGCATTTGAAATTGCCGATAAAATTATTTTGATGAGCAATGGAGAAATTATTCAGGAAGGAACAGCCGAATCTCTTTATAATCAACCAGCAAACGAATTTGCTCTTGACTTTATCGGTGCAAACAATAAAATAGAAAATTCATATATCAGGCCTGAAAAAATAAAAGTATTTACATCATTACCGGAAGAAGATACGGAAGATTTTGAAGAAGCCCAAATTAACAATATTATTTTTAAGGGTGAAATAATAGAACTCTTTCTTAAAACTAAAGAAAAAGAATTAAAAGCTATTGTTTTAAACAATGACTGCAATTATCAAAAGAATGAAAGAGTTTATATTACCTATATTAAGGAGAATTTAAATTGAAGATACTTCACTGCCTTGCACAATTACCGATGAAAACAGGAAGCGGGGTTTATTTTAGCACCCTCGTCGAAGGAATGATAAAAAAAGGATATGAAAACGCTGTTCTTTACGGCACACAGCTTCCCTTTGCCGAAAAAATTTTTAATGAATCTTTACCCGATAAATTACAGGGAAGCGTAAAAGAATATCCCATCAAATTTTTATCCGATTATGAGCAGGAAGAAAAAACTGTTTTTAATGCAGACATCCCTTTCCCGATTGCAGGCATGAGCGACATAATGCCCTATACCTCAACCGTCTATTCCGAAATGAACGATGAGATGTATCAAAAATGGATTTCGGTTTTTGAAAAAACTCTTCTCCGTGCAAAAGAAGAATTCAATCCCGATGTCATTATAAGTCATCATCTTTTTATTTTAACCTCTTTGGTAAAAAAAATATTTTCCGGCAAAAAAATAATAGGTATAAGTCACGGTACGGATATCAGGCAGATTAAAAAAAATCCTTGGATAAAAACACAATACATACAAAACTTGGATAAACTCGATTTATATTTTACCGTAAGCCCTAAGGATATTGCAGAAGTGCAAACTATTTTTTCGGCAAACCTTGAAAAAATTAAATTGGCAGGAGGCGGCTTTAATCCCGACATTTTTAACGATAAGGATAGACATGTCTTTGACGGAACATTTAAACTTTGCTATGCAGGAAAGATATCCGATTCAAAAGGCGTGTTTGAACTTGCAAAAACTCTTCCGCTTATTTTAAAAAAATATCCTAATACGGAATTGACTCTTATAGGAAACGCAACCGAAGAACAAAAAAACATTCTTTTAAAAAACGCAGACTACAGTGAAAATTTAAAAATAGTAAATGCTTCATCTCAAATATGTATGTGTAAAATTTTAAAACAAAACGATATTTTTATTTTGCCTTCGTACTATGAAGCCTTAGGTCTTGTCGCCGTTGAAGCCTTAGCCTGCGGTCTTTTTACAGTTACGACAGAAATTGAAGGACTTATAAACCTCCTCGGCGAAAAAATCAACACAAGCGGCATTATCGAATTTATCAAACTTCCTCGCATTTACGATGTGGACAAGGCATACGAAGAAGATAAGCCCGCCTTTGTCGAAGCCCTTTCCGAAAAAATCATGCTTCAAATGGAAAGACTTAAATCCCAAAAAGATTTTTATTCCCCTGTTTCGGCAGAAATAAAAAAACATTCTTGGGAAAGTATTATAGATAGGGTTGAGAAGGAGATTAAAGGTACTTTTTCTTATTAATGATATTAATGTGTTTACCTATTGCATAATATATATATATATATATAATAAGTATGTTACTGATTTACAGAAGATATGACTCTGAAAGTTATAGTTAAAAATCCGAAACTATCACTGATAAAGCACGCTTATTTCTGTGCGCAAAAGGTAGTTGCGGAGTAAATGAGCATAATCGGTACTATAAAACAGGAGACAAAAATGTGCTTCATATTAATTTTTATTCTTAAAACCATCCAGACGGCAGCCTCAACAGGTATCTTATATTTTTTTGGATTCGCTATCGATAAATTTACAAACGATCCTTCTCCGGAAAAAATTAAACTCATTATATTCTATGCTCTGCTTGAAATAATTTTTGTAGTCATTCATCACCTATGTCAACGAGGTGTATTTTTTATACGCAAGAAATTTGCTCTTCTTTATAGTCAAAATCTTTCAGACGCTATTTTTGACATTCCTCCTGAAGATTTTTTAGAGCATGAAACGGATTATTATTTTACCGCATTTAAAGATCAAATACCTAAAATACAAACCTCATATTTACTTGGACGCATTAATATCGCTTCAAGTTTTGTAGGAATTTTGTTGACGGTCTTTGTTTTGGTATCATTCCATTTTAGTTTACCGATTATTATGCTCTCGTCTTTTATAATCGGTAAATTAGTTACAAAAATCATTGAGCCTCACATTGACAAAATCTCTTCTCAAGAAATTACTCTACAAGAAGAATATAACGCCAAAACAAGCGAAAATCAAAGAGGTCTGCCGTTTTATATTCTAAACGGAAAAAGGAATCTGCTTTTTACCCGTCAAGTAAGCGCAAATAATAAATTTGAAAATCAAAGCTGCAAAATAGAAATTAAAAAAACGGTTTTTGAGTGGATCATGATTTTGACTTCAATGTTTTTAGCGGCAGCCGGACTAGCATTTGCAATTTTTTTGTTTACAAAAAACAAAATAACAATCGGTATGCTTAGCTCTACTATTTTATATATGAATATTTTTTCTCAAAAACTTGAAGAACTGCTTAATCTTTTTATTGAAGTCCGTTACGGGAAAACAAGTAAAGAAAAAATAGACGGAATTATAAAAAGTAAAAGAAATAAAATTTTATCGGCAGAGGAGTTTCAAACACTTAATTTGAGCGATGTTTCTTTTTCGTATAATACAAAAGACGGAGAGAGCATTCCGATTCTAAAAAATATAAACTTACAAATCAACAAGGGCGATAAAATATTATTAACGGGGAAAAGCGGCAGTGGAAAGTCTACCTTGATAAAGCTTATATTGAATTTACTAAGACCCGATACCGGTAAAGTATATTTTAACGATAAACTAATTTCAGATAACGAATATCCGCCGTTTTATTTTATTAATCAAAACTTTCATCTTTTTAAAACATCGATTGAAGATAATATTTTCTTTGGAGATAAAAAACAAAAAGAGCCTTATGAATTTGCACGGCTTGAAAAGTTTTACGATAAGGATATAAGCGCATTAGATACTGACGGAATGCAAATATCCGGAGGAGAAAAAGAACGCACCGCATTAGCTCGGGTTTTTGCAGGTTCATATAAAAATATAATTATGGATGAAACCTTTGCAGGTCTTGACTTTGAAAATTATAAATTTATTCAAAACAAATTTTTGGATGATAAAGAGTTAACATATATTGAAATTTCTCATCGTGAAATTGACACTGCAAAATTTGATTATATATTTAATCTGGAGGGAGGAAAATTAAATGTTAAAACTGTTAAAGAAAAATAAATTTCTATTTGGTATAACCTTTGTACTTGTTGCAATAACAGCCTTTTTAAATACCTATTCATCAAAAATCTTACAAATTACTATTGACAAAACTATTGAAGGAAATGGAAAGATTGAATATGTTTTGCTATTTGCTGCATTCGGCCTTTTTGCAGCTCTGGTACTATTTATAGAAAACTTAGCCGAAACTAAACTGCGAAAAGATTGCAGATTGGCACTTAGAAACAATATCGCAAATTATATGGCTTTTGAAAATAGAATTGAACATTATCAGGACAAAACAAAATACTATGAACTTTTTATAAACTCTTGTGATTATTTTTCTTCCGAAGCAATTTGTAATCTAATGGATGCCCTTTATAATGTAAATGCAATTATATTCGGTCTTGTAACAATGTATTTTATTTTTCCGCCGTTTATTATTTTTTGTTTTGTTTCAATGTCTTGTTCATTTTTAATGTTTAAAAAAATTGATCCTAAACTTGATGAACTCTCAAATACATTTATAGACAAAAGGTCTGATTATT
NZ_CP109619.1_gap71	2673683	2675615	1932	TGCTCCTCTTATGGCCCCCCTAGGCCTTGCTACCGTTCCTCTATCGGCCTTAACCGTTATGGCAATCGGAGCAGGAGCAATGACCGTTTCTCATGCAAATGACAGTTATTTCTGGGTAGTCACAACCTTCGGCGGTTTAAAAGCTGAAGACGGATACAAGACGCAAACCCTTATGACCCTTGTAATCGGTATTGCCGCAATTATAGGCATATTTATCATATCCTTATTTTTATAGAACGATTTAAAAGAGGTTAAAAGATGAAAAAGATACTGCTTATCCCCGATTCCTTTAAGGGAACAATGAGCTCGGCTCGAATATGCACTTTGATGAAAAATGCGATAAAAGAAATTTTTCCTGAAGCTCAAACTCTTTCAATCCCTGTCGCAGACGGCGGGGAGGGCAGTGTCGATGCCTTTTTAGAAGCTATAGGCGGCATAAAAAAAACGGTTAAAGTCAAAAATCCTTTTTTTGAAGAAATGGAAGGCTTTTACGGTATTTTAAAAAATGAAGATCCGAATGCCGAAAAGACTGCCGTAATTGAAATGGCCGCCTGTGCGGGCCTCCCTCTTGCGTTGGGAAGGCTTAACCCATCCCTTACCACGACCTATGGAGTAGGTGAACTCATAGCCGATGCCCTTAAAAACGGATGTACAAATATTATAATCGGTTTGGGAGGAAGTGCGACAAATGACGGAGGCTGCGGAGCTGCAGCAGCCTTGGGAGTTAAGTTTTTTGATAAGGAAGGAAAAAGTTTTATTCCGGCAGGCGGAACCTTAAAAAATATTGAACGCATAGATATGACAGGCCTAAACCCCCTTGTAAAAAAAGCAAGGTTTACGACTATGTGCGATATAGATAATCCTCTTTTCGGAAAAACCGGAGCAGCCTACATCTTTGCTCCGCAAAAAGGTGCAGACCCCGGCATGGTTGAAAAACTCGACCAAGGCCTAAAACATCTGGCCTTGGTTGCAGGAAAAACCGAATCCCTCAATTCCGGTTCTGAAGCGGCAGAAATCCCCGGGGCAGGGGCTGCCGGAGGCATGGGCTACGGAACTCTCGTCTTTTTAGGTTCCGAGTTAAAAATGGGAATTGAAATTGTTCTTGATACGGTTGACTTTGAGAAAAAACTGGATAATACCGATTTTGTTTTTACGGGAGAAGGCAAATTGGATAGTCAAAGTTTAAGAGGAAAGGTTATTGCAGGCGTTGCCCAAAGAGCCAAAAAGAAAAATGTGCCTGTAATAGCTGTCGTAGGCGATGCAGAAGAGGGCATAGACGATATCTATAAAATGGGAGTTTCTGCCGTATTCAGTATAAACCGTCTTGCCGTACCTTTCAGCCAAGCAAAAAAAACAGCCGAAACGGATTTGACCGCAACAATGAAGGATGTCTTACGGCTAATCGGAATTTTTTCCATATGTTGACAAACCTGCTCATTTAGTGTAAGAATTCACATTTTAGGAGAAATACCATGCTTACAAATCCCCTCATTTTAGCAGCCGTACTATTCGGATTGACCTATATTTTGATGATTACCCTGACAAATCACAGACCTATAGTTGCCTGTTCATCGGCCCTATTTTTCGTACTTTTAGGAATACTTCCCTATAATGAAGTTTTTTTTGCCATTGACTGGAATGTTATTTTAATGATTGCAGGAACAATGGGCTTGGTTGCCCTCTTTACCGAATCTAAAATGCCTCAACGCATTGCAGATAAGATTATAAATGATGTTCCGAATGTAAAATGGATTATAGTATGTTTATCCCTATTTGCAGGCTTTATTTCAGCCTTTATGGATAATGTTGCCACAGTCTTAATGCTGGCTCCTATTGCGGTTGTTTTATCGAAAAAGCTCAACATGTCGCCTGTTAAACCCATAATTGCTATTTCGATTTCGGCAAACCTTCAAGGAGCAGCCACCTTGGTAG
NZ_CP109619.1_gap72	2678940	2683780	4840	CCTGAAACAACTTCATATTCCGTTTCAGAATTATCAAACTGTGTTTTTTCATACACAAGTTTTGAAAGAGCTGCAGCAGGAGCTCCTGCGGGTAATACAACCTTAGCTTTAAAGCTGTCATTTACAGATTTTTCCTTGGTTCCGCCTGCAAATAGTAAGCTAAGACCAACAAACAAGAAAAAGAAACTCGAATATATTTTTTTCATACTTTCCTCCAATGCCGATTTTCCGGCCGGATAAGAATACTACAAATAATCTTTTTAAGTCAAGAGATTAACTTGGTTTAACTTATGCCCGAGGTTTACCCAAAACATTTAAAGCTATTTTATCGTCAGGATTTATTTCTAAAACGGTTCTAAAAAAGGCTTCCGCTTCTTCTTGTTTTCCCTGTTTTAGAGCGAGGGTGCCAAGATTGGAAATAATTTTTATGTTCTCGGAATCTAAACTCAAGGCATTTATAAGATGTTTTTCGGCTTCATCAAAAAGTTCTAACTCCATCAAACAAATTGCAAGCTCATTGTAAACATCGCAAAGAGGTTCTTTGTCTGAAATTTCGGAATTTTCTAAAAGTTCAATGGTTTTTAAAAAAGAAGATCGGGCATCTTCCCAACGGCCCATTCGTCTTAAAGCCCAGCCCAACAAAAACCAAGCATTCCAAACCTTAGGATTTTTTCGCAAAAAAAGCTTTATACTTTCGGCGGCTTTTTCTTCTTCGCCTAAATCAATACATTTATAGGCTTTTTGGAAAAGCTCATCGTCAAGAGCTTGTTCCGAAATAGTTTTAAGCAACTCGGAAGCCTTAGCTTTTCGAAATTCGGCTGTTTCTGAAGAATCATTTTCTATTTCCAAATATGTTTTTAAAAGGGATTTGGCTTTTATATAGTTTTTCTGTTTTATAAAAAAATATGCAGCATTAAAAAAAACACCCGGCAATGGAGGCTCAAAAAGTATAAGCTCTGAATAAAGCTCTTCGGCTCTTTTATTAAAGCTCAAAGCATCTTCAAAAAGTTCTCTCATCTCACAGAATTGAGAACGCTCTTCCATCAAAAGAGCAAGGTTTAATTTGGTTATACCGTCATCCGGATTTAAACCTTCAAGAGAAAGTAAAATCTCTTCAGCCATATCAAAATCATTATTTTTGATTTTGATAATTGCAGCCTCAGTCATTTCTTTACGGATATCGGGACGGAGTAAATTAAATATTTTTCGATAATATGTAATATGGGGATTTTCCCTGTCATAGGCAAAAACGGTAAGCATTCCGGCTAAAATCATTTCCGGCTTTATATTTTCGGCCTTAAAATCTTCTTTTAGGCCGGGTTCGGATAATTGAATAGGAAGAGGAATTGAAGACTCGAGATTTTCAAAAATCTTGCCGGCTTGTTCAGCCGATATTTTTACATATAAAAGCGAATCGATAGGATTTTGCATTTTATCTCCTAAATATGGTAATTTGAAATTTCAGCAGGTCATTGTTAAGAAATTTGTTCCGGAGCAGAATCAGCTGGGGGCGGCGTTAGAGGAGCCGTATTGGTACCGATTGGAGAAGAAACAGGCGTAAAGGATGAAGCAGGAGCCACATCTTCCAAAAAGTCATCTCCAAAACCATCCGAAGCAGGTTTACGCACAACGGAAAAATACTTATTTAAGTACATCTTATACATCATTGGGATATTCTTCGGATAATATTGAACTGCAAGAGCAACCAAGTCTTTTCTGCCTTCAACAGGTTCGGTTCTCACAGTTTTTCCTTTTATTCCAAAAACAGACTGCGGATCATCAAAAGCAAAGCGGAGAATTACTTCTTTATTTATTAAAAAGTTAGCAATACCGACAAGAAGAATTTTAGCGCCCGAAAAAGAAAGGTCCCTAATAAGACAGCGTCTGGGAACGGCATCAATATACACAACCGTTCCTTTTTCTACAAGACCTATTTTTCTGCTTATCTCGGGAGTGATAACAACTCGCTCATTTCGGCGTTTTTGTGAATTGATATTAGCTTCAAGTAAGATGCCTAATTTTTCTATTAAATCATCCGGAGCTCTCTGGGTATATTCGAAGGTTATTAAAACAAGATCTTGGTTTCCGGCTTCATAAGAAGAAATACCGACCAACTTAGCTGCAACAAAAAAAGAAAGAGAATCTTTTCCTTCAGTATCAAAAAAGGCAAATCTTATATTTACGGATGTTATGCCGCTCCTCAACCTGGCCAGAAAACCGCTTTTTTTGCCGCAAATTATTTTAGCCTTTGTCATAGAAGCCGAATTGATAATACATGGCCATTGTCCGCCGGAACAACGAACAAAAACCTGTTTAGGCTCAAAATTAAGGGTAGAAACGACTTCTTTTGAGAAAGTTACATCTATATTTTTATATAGATTATAATATCTGTTTAACTGCTGACTTGCTGCAAAGGCCATACTTATATGATAATAGTTATTTGTTAAAAGGTCAATAAGGCTAAAATAAAAAACCCGGGAACACTACGGCACAAAAAGAATTAATCTACCGCTGCTTCCTTCCGGATCTGACGGGGTTCGAAAAACCTTTTTTGCATAGGCCCCGGGACGGAGAGAGAGGGATTCGAACCCTCGGTACCATCTCTGGCACACACGACTTCCAATCGTGTACCTTCGACCACTCGGACATCTCTCCAAAAATAAGGAATGCGTTTACAGTACAATCTTTTCTCCGTCATAAAACGGAGAGAGGGGGATTCGAACCCCCGGTACCTTGCGGTACAACGGTTTTCGAGACCGCCCGATTCGACCGCTCTCGCATCTCTCCAAAAATAAAAAAGCCGGTTGAAATCTTCAGCCGGCTATTAACGAGGCTAGGCGGGTTCGAACTGCCGACCTTCAGATCCGCAATCTGACGCTCTATCCAGCTGAGCTATAGCCTCAAAAAAATATTCGGAGTAGGGGGGATTCGAACCCCCGGTACCCGTAAGGGTACAACTCCTTAGCAGGGAGCCCGATTCGGCCGCTCTCGCACCACTCCAGAGTTTGTACAGTTACAAACATTAACGGAGCGAGAGGGATTCGAACCCCCGGTACCTCTCAGCACAACGGTTTTCAAGACCGCCGCCTTCAACCGCTCGGCCATCGCTCCAAAATGTAGGGTATATATTAACCTAAAAACAGGGGTTTTGTCAATAGGTAAAATCCGGTTTTATTTTTGAAAGTTTATGCGACTTTTTAAATATAACAATAAATATACCTAGGCCGCTAGTCCTCTGATATTCGATGGAAATTTATCTTCCATTTAAAAAATATTAAGTTTTTTAGATTATATTCCCTTGTGAATCTACGCATAATAATTTATAAAATTTAGAAGGTCTCCCTCTATTCGGATTTATCTTATGTGAAAACTCTCTTACATATGAGTTGTCTTGTAATTCGTTTAAGATTCTATTCGAGGATCTGATTGTAACATTCAGTATTTGCGACAAAATTTTTGCAGTTATTACATTATCACCGGTCTTTTTTATATATGATATTATCTTGTATAGATAGATTTTATCGATTTCCATTTTTTCCGCAAGATTATCTATACGGGGGTTCGCATTATAAACTGTACACCGTCTATCACCAGTTAATGGACCCGTTATACATTGGTTTTCGGAAATAAAAAAACTACAATTTCCTCCATATTTTTTGGCTAAATCAAAAGAATTGAGCGAATTACGCTTTGACTGGCTTATAGTTTTCCCGCTCCCATAACCTATGGTAATACTCATATTTTCCATTTTTAAAAAGTTTTGCAAATTACAGCTCGTCCTATCATGTATAAAACAAGGTAAATCTTCGATAGTTGTAAGCAGATAAAATCCCTTCTCCTTTTTTTGTAAAATAATTTCAGGGTTGCGGTCTTTTATAAACAGGCATAAATTTTTTTGTAATGTTAATTGAATAATATCATTTTCGAGACACCCCGCCTTATTTAACGAAATTGAATCTGCATATATATAAGCCGAAAAAATTTTATTGTTTATCATTTTTTTTATTTGAATTTCATCTATAATTTCTTTAAAAAAATCCAGTAAATATGTTTTTGAAGGGTAAATAAAATGATATTTTATTTGCTCGTTTTTAAAATCACTCAAGAGCATTCCGAATTTTGTAATCGATAAATCTATCTTTTTTTCCCGCCATAATCGTTTATGATTTTCAAAAACGGTCGATATAATTTTTTCGGGAGTTCCTATATCCCACGGAAACATATACGGCCTTTTATTTTCAGGAAAAACCGACTCTAATCCAAGATCTCCATTTTTCGTTTCAATATCTATATATACTCTTTCAGGTTTTATATTTTTATTTAAAACAAAAATTTTTAATATTTCTTTGTATATATTTGCGATATCATCCGTTATAGTATAGCAAGGCTTATTACATTCTTTTATTTTATCTTCAACGTAATTATATAGCATAATACCGCTAAATACAAAAGCATCGACTTTATCATAATTTTGTTGAAAATATGTAATTATATCAAGGTTATTTTTTACAACCAAAAATAATAAAATACAGTCTTTAGATATATCTTTTTCAATTTTTTTTAAATATGTTTCATATCCTTCGCTTATGATCAAACCTATAGTTATTTTCGTATTTGTACAGTTCATCTATCAAGTCCTATTTTCTTTACGGCACAAGTCTTGTTATAACATAGTATATGAAAAGATACAAGTATTTTATATAATTTATAATAAAATTTTGTTGACAGAACAGACGATTTCTATTAAAATATTAAAAGACATTAAAAGACATAACTTTTATTATGAGGAGGAAAGGTATGGATTATTTGAAGAGAGCAAAGGAATTATCCGAACAACTTA
NZ_CP109619.1_gap73	2777922	2778422	500	GCTATCTCGTTAGTTTCTTCCTTTATTAAGGCTAAAATCTTTTCGGGATGAGCAAGGAGGTCTTTTAAGTGAGCGATTAGAACCTGCAATTCCTGTAACTCTTTTCGGAGGTCTTCGATTTCCAAGCTGGTCAAACGCTTTAGCTGCATATCGACTATGGCCTGAGCTTGAACATCATCAAAGCCGAACCTTTCCATCAAGCCGTTTTTTGCCGTTTGCGTATCGCGGGATGCCCTTATTATTTTGATAACTTCATCTATATTGTCGATGGCGACGATGAGGGCTTCCAAGATATGAGCTCTTTCTTCCGCCTTACGCAAATCGAATTTTGTTCTGCGGGTAACGACATCGACTCTGTGCTCAACAAAGTATTTTACAAGAAGTTTTAAGTTGAGAGTTTCAGGTCTTCCGTTTACAAGAGCAAGGTTTATAACTCCGAAAGAAGATTGCAGAGCTGTCTTTGCAAAGAGCTGGTTTAAAACAACCTTTGTAATAGCCCC
