gap_id	start	end	length	sequence
NZ_CP022123.1_gap1	12117	17043	4926	GGAGCTGCCTCAGATGCAGTTGCAGCCACAATTATTGTATAATCCATACAACCTAAGTCACTTAATTTTTTATATATTTGAGCAACCGTAGATCTTTTTTGTCCTATTGCAACATAGATACATTTTACATCTTGTCCCTTTTGATTGATTATAGTATCAATAGCTATTGCAGTCTTACCTGTTTGTCTATCTCCTATAATAAGTTCTCTTTGTCCTCTACCAATAGGAACCATACCATCTATTGATTTTATACCTGTTTGTAAAGGTTCAGATACTGGCTGTCTTGCTATGATACCTGATGCTTTTCTTTCAATAGGCATATACTTATCAGCATGAATTTCACCTTTACCATCAATAGGTTCTCCTAAGGCATTGATTACTCTACCAAGTAAATTTTCACCAGCAGGAACAGATACAACTTTACCAGTTGCTCTTACTTCATCTCCCTCTTTTATAAGAGAGGCATTACCAAGAATAACAGCTCCAACATTATCTTCTTCAAGATTCAGAGCCATTCCCATTACTCCATGAGGAAATTCAAGAAGTTCTCCAGACATGACATTACTTAAACCAAAAATTCTTGCAATACCATCTCCTACTTCAAGAACTGTTCCAGAAGTTTTTATTTCTAAACTTTTTTTGTAATTATCTATTTCTTTTTTTATAATAGAACTTACTTCTTCTGGTCTAATATTCAAATTGTTACACCTCCATTTAAGACCTTAACTTTTTTTCCAATTATCTAACTCTCTACGGATAGAACCATCAATGATTTTATCACCTATTTTAATGATTCCACCACCTAGAATATCTTTATCAATTTTTATTTCAAGATTGATTTCTTTTCCAGTTTTTTGAGATAATTTATCAATAAGTTTTTTCTTTTGTTCATCAGTTAATTCTTTTGTAAAAGTAGCTTTTACATCTAAAATTCTATTCTTTCTGTAATAAATTTTTAAATATTCAGCAACTATATATTTTATACAATTCATTCTTCCTTTATCTAAAATATATAATAAAATATTTAAATTTTCACTATTATCTTTTCCAAAAATTTCATTTAAAACTGATTTTTTTTGTTCATTATCAATTAAAGGATTTAAAATAAAATTCTTAAACTCTTTATCTGTTCTATAAAGAACCATAGCCGAATTTAACATTTCATAAATTTCTTTAACTTGATTTTTTTCTTCTGCAATTTCAAAAATTGCTTTAGAATACCTTCTTCCTACTTGTGATTTTATCATTTATCTTCGCCTACCTCTGCTATAAATTTATCTATAAGCGAAATTTCTTGAGCATCATCAACTTTTTCTTTTATGATTTTTTCAGCAAGTTCAGCAGCTAAATTTTTAACTTCTCTACCTAGTTCTTCTTTAGCATCATTTTTAATTTTTGTAATTTCTAATTCTGTTGTTTTTAAAATATTTTCTCTATTTTCTCTAGCTTCTTTAATAAGATTATGAGCTTCTTCTTCTGCTTTTCTTTGAGCAGCTTTAACTATTTCAGTTGCTTCTTTTCTTGAAGAATTAATTTGAGTTTCAGCCTCTTTTAAAAGTTGTTCAGCCTCTTTTTTATTTTTAGTTGCTTCAACAAGTTCAGCTTCTATTTTTTGCTTTCTTTCATTTATTATCTTTGATATAGGTTCTTTAAAATATTTTTTTACAATAAATAAAAGAAGAAAAAAGTTAATAATTTGCCAGAAAAAAGTAGAATCAATAGATATTATTGGCACAATACCTTCCCTCCTTTCATCAGGTTAAATTGTAAACATATTATCCTAATTGATTTATGAAAGGATTTGCATAAAGTAAAATTAAAGCTATAACTAGTGAGTAAATACCAGTAGATTCAGCTACTGCTTGTCCTAAAATCATTGTAGATATAATACTTCCTCTTGCTTCTGGTTGTCTTGCAACAGATTCAACTGCTTTTCCTGCTGCATACCCTTCTCCAATTCCTGGTCCTAATCCTGCTATCATAGCAAGTCCTGCACCTACTGCTGAACATCCTAAAACTATTGTTTTTGCTGTTAATAAATCCATATTTTAAATCCTCCTAATATTTTATTTTTAAATTATTATATTATTTTTATCTTAACTCTAATCAGTATACTCTGCATCTCCTATTGAACCTTGAACATATACCATAGAAAGAGTTACGAAAACAAAACTTTGTACTAATCCTGCAAATAAATCAAAGTATAAATGCAGAGCTGCTGGAACAAAATAAGGTACTGCCATATAAATAAGTCCCATTATAACCATACCAGCAAACATATTTCCAAACAATCTCATAGATATATTTAGTGGTTTAGCGAATTCTCCTACCACATTCAGTGGCAACATAACTGGTGTGGGGTCTGCAAAACCTTTTAAATATCCAAATACTCCATTATTTTTTATATTTATTGATATAAATAATGTTGTTACAATTAAAGCTAAACCAATTGTGGTATTCAAATCAGCTGTTGGAGCTCTAAATGCAGGATAAATAACAAATACACCATTTTTTATACTAAACCATGGAATAGGGAAAAATGTTATTATATTTGATAAAAATATAAATAAAAATAAGGTTGCAAAAAATGTATAATATTTCTTTTTCCAAACTCCTAATATTTGCCCAATAGTCCCATCTAAAAATTCATAAATCCCTTCAAGAACTGATTGAAATTTTCCAGGTATTAATTGTAAATTTCTAGTTCCTAATTTAAAGAATAAATAGAAAACAAATAGAACAAACCAAGTTGTAACCACAGTGGAACTAATAGGAATACCAAATATTGAAAATATAATATCTGGTCCAGATACTAAAGGTCCTGATGTAAATTCTATTGGTCCTAGTATCACTTTATACCTCCTTTCAAGAATTAATTATAGTTTAATTATTTTAAAAGACTTTTAATTTTTTTAAGAATACTTATAAAATAAATTGAAAGTTTTACATTCAATGTTCCTATAAACCCACTTAAAAAAAGTTGAAAGTCATTGGTAAAATATAATAATATACCTAAAAATAATAAGTGTAAGAAATATCTTTTTGCATAACCTATATAAGCAATTCTTTTAGCAACTTTTACATCTTTTGAATAAGCAATTGCTTTACTATCTTGAGAAAGCATATATAGAGCTATAACAGATATAGCACAACCTCCAGAAATTCCAAATAAAAGGTATTTATTTTGAAAAATTAATCCAAGCAAGAAAGTTACAGTAGTAACTATTATAGTTATTTTAAAAAGCTTCTTAATTTCTTCCATCTAATACCTATCCTTTTTAATTTCTATAAACTATAAAACTGAATATTCCTTATATTATCATAAATAGAAAAAAAATAAAACTTAAAAATTTTTAATTTAATTCTTTTTCTATTAATTGAGCAATATCTTCTGCAAGTTTATGAACGAGTTGTTTGTTATCTCCTTCAGTCATTACTCTTATCAAAGGTTCTGTTCCAGATTTTCTTACTAAAATTCTAACTTCATCTTTATATTTTTGATTTGCTTCATTAATAAAAAACATTATTGCTTCATTTTTATCCCAAGTATTCTTCTTAGAATTATCAACTTTTACATTTATTAAAGTTTGAGGTGCATCTTTTATTGCTGAAACCAATTCATGTAAATCTTTCCCAGTATTTCTAATAACTTCAACAAGCTTTAATGAAGACAATACACCATCTCCTGTTGTAGCATAATCTTTTAAAATAATATGTCCTGATTGTTCTCCACCAATAACAACATCTTCTGCTATCATTTTTTCAAGAACATATCTATCTCCAACATTTGCTCTTAAAAGTTCTATATTATTTTCTTTTAAATACTTTTCAAAACCTATATTACTCATAACAGTTGTAACAACCTTGTTATTTTTTAACTTTCCATTTTGTTTCATACCAAGAGCTAAAATTCCTATAATTTTATCTCCATCTATAACATTTCCAAATTTATCAACTGCTATAAGTCTATCAGCATCTCCATCATAAGCTAATCCTAAATCTGCTTCATAACCTACAACAACTTTTGCTAAGATTTCTGGGTGAGTTGAACCACATTTTACATTGATATTTCTTCCATTAGGAGCATCATTTATAACAACAAGTTCTGCTCTTAAATCTAAAAATACATCTTTTGCAGTTCTATATGCAGCACCATTAGCTGTATCAAGAACAATTTTCATATCTTTAAAATTACCTTCTACACACTGAGTAAGATAATTTTTATATTGGAAGTATTCATCTTCAGCATATTTAAATTTTCCTACTTTATCTCCAGCTAATGGATTAGCTAAAATCTCATCTAAATTATCCATATAATCTTCAATTTGATTTTCAATTTCATCAGAAAGTTTATATCCCTCTGAATTAAATATTTTTATTCCATTGTCTTTTGCAGGATTGTGTGATGCAGAAATCATAATTCCAGCTTTAGCATTTTTTATTTTTGTTATATAGGCAACTCCTGGTGTAGGAATAACTCCAACAAAATCTATATAGATTCCCATTGAAGTAAGTCCAGCTGTTAATGCAGATCTAAGCATGTAACCAGATATTCTAGTGTCACTTCCCATAATAACTTTTATTTTTTCTTCATTTGGATTATTATTTTTTAAATAATAACCAAGTGCATAACCAAGTCTTAATGCTTTATCAACTGTTAATTCCCTGTTTGCTTCTCCTCTAATTCCATCCGTTCCAAAGTACCTTCCCATAAAAATCTCTCCTTTTTTATAGATTTTAAATTTTATTTCTTTTTAAATTTATTTTTGTAGCTATAATTCCTGTTATTAGACCCATAATTACACCTAATCCTAAGAAAATAACTATAAAAATTATTATTGATTTACTATTTAATGATATATTTCTAAATAGTAAGAAATATACTACTATAAGTTGTAAAAGATTATGAGTAAATGCTGAAATACA
NZ_CP022123.1_gap2	26871	29243	2372	AGACCAGCAAATTTATTTGTTGCAACTTTTATAGGTAAAACAAATGTGTTAAATGGAACTTTAAATAATTCTGTGTTAAAAATTGCTGGAAAATATGATGTAAGTTTAAACAATGTTAAAGATAAAAATGTTAAAGGAAATGTTGTTATTTCAATAAGACCAGAAGAATTTGTTATTGATGAAAATCAAGCAAAAGATGGAATAAAAGCATTTATAGATAGTAGTGTATTTTTAGGTTTAAATACTCATTATTTTGCACATTTAGAAAGTGGAGAAAAAATTGAAATAGTTCAAGAATCTAAGATTGATAGTATAATCCCAAAAGGAGCAGAAGTTTATCTAAAAGTAAAACAAGATAAAATAAATGTTTTTACAGAAGATGGTTCAAGAAATATTTTAGAGGGTGTTAATAATGATGCAATAGGTGTTGCTTATGCTAAGTAAGAAAAAAGATATATGGATAGTAATTTCATTATGTGTTTTAGCATTTTACATAATATTTATGATCTACCCTTTGGGAATTTTATTTAAAAATGCAGTTATTGAAAATAATGGAAGCTTTACTTTTGCTTATTTTTCAAAATTTCTAAGTAAAAACTATTATTTTTCTACTATATTTAATTCCTTTAAAGTTAGCTTGGCTGCAACAGCTTTAACTTTAATAATTGGAACACCTTTGGCATATTTTTATAATATGTATAAAATAAAAGGAAAAACATTTTTACAAATTGTAATAATATTATGTAGTATGTCAGCACCATTTATTGGGGCTTATTCATGGATTTTATTATTAGGAAGAAATGGATTAATTACAAATACTTTAAAAAACTTAACAGGTTTTAATGTTCCTAGTATATATGGATTTGGAGGAATTTTACTTGTTTTGTGTATGCAACTTTATCCTTTAGTCTTCTTATATGTTTCAGGAGCTTTAAGAAATATTGATAATTCATTATTAGAAGCTAGTGAGAATATGGGGTGTACAGGAGCAAAAAGATTTTTTAAAATAATTATTCCTTTATGTATTCCAACAATATTAGCTGCTGCTCTTATGGTATTTATGAGAGCTTTTGCAGACTTTGGAACGCCTCTATTTATTGGAGAAGGGTATAGGACTTTCCCAGTTGAAATTTATAATCAATTTATGAATGAAACTGGTTCAGATAAGAATTTTGCCTCAGCTGTAAGTATTATTGCAATTATAATAACATCTTTAATTTTCTTATTACAAAGATATATAAATGGAAAATATAAATTTACAATGAATGCTCTTCATCCAATTGAAGCTAAGGAAGTGAAAGGGATAAAATCTGTTTTAATTCATTTGTTCTGTTACTTAATAGTTTTTATTTCTTATGCTCCTCAACTTTATGTAATTTATACATCCTTCCAAAATACATCTGGAAAACTTTTCAAAAAAGGGTACTCTTTAAAAAGTTATACGGAAGCATTTGGTAAATTAGGAAATGCTATTCAAAATACATTTTTTATTGGTGGACTCGCATTGATTCTAATTATAGTTATTTCTATTTTAATTGCATATCTTGTTGTAAGAAGAAATAATTTTGTTAACAAAACAATAGATACTTTATCTATGGTGCCTTATGTTATTCCTGGTTCAGTTGTAGGTATAGCTTTGGTAAGTGCATTTAATAAAAAGCCTTTTGTTTTAGTTGGAACATTTTTGATAATGGTAATATCTTTAATTATAAGAAGAAATGCCTATACTATAAGATCTTCTGTTGCTATTCTTCAACAAATTCCTATTTCTATTGAAGAGGCAGCAATCAGTTTAGGAGCTTCTCGTATGAAATCATTTTTCAAAATAACAACACCAATGATGATAAATGGTATTATTTCAGGAGCACTTTTAAGTTGGATAACAATAATAACTGAACTTTCATCAAGTATAATTTTATATAACTATAAGACAATTACATTAACATTACAAATATATGTTTATGTATCAAGAGGAAGTTATGGAATAGCTGCTGCAATGTCAACCATTTTGACGTTAATGACAGTTATATCACTATTAATATTTATGAAAGTATCAAAAAATAAAAATGTAATGATGTAGAAAAAACAAGGAGATTAATATTAATCTCCTTGTTTTACTTATTATATGTATACATTCCTAAACGATTATTAACAATCCATAAAAGAGGAATAAATATTTTTTTTGAAAATGGTAAGATTTTTGCCATTTTTTTTGTAAAATTAATAAGTCCTATTTGTTTTAGTTTAGGTTCTAATTTAACAATTTCACTTCCATCTTTTACTCCCCACTTAAAAACAACATTATCCATTTTCTTTAAAGTATCATGTTCTTTACTAAATTTAACAGTACCTTTATATAATAAATCTAAGTG
NZ_CP022123.1_gap3	43323	44586	1263	AAAATGCCAATAGATAGTATTAATGGCTTGGTTTCTCCAAAACATTATGAATAAGGCTAATCTAACAAAGGGTAGTCTAAGAAATTTAAAAAGTTTTTGGTCTAATATATGGGATTTTGCAATGCTAAATGATTTATGCAATAAAAAGAATTATCCTAAGTTATTAAAGTTACCAAGCATTGAAAGAGGTAATAAGACAAGTATAAGAGAAAGAATATTTACAGAGGAAGAATTAGAAATCTTATGGAATAATTTATAAAAAGATAAAAGAAAAATTGTTGATATAGTCCTTATACTGTGTTATACAGGTCTAAGAATAGGCGAATTATTAAATATTAAAGTCAAGGATATAGACCTAAAAGAAAAGACAATAAAGATTACAAATTCTAAGATTGTGAATGGTATTAGAACTATACCAATACATGATAAATTACTTTCTTTAATATCAAATAGAATGTACAAAGGCAATGAATATTTATTTACTACATTAGATAACAAGCACTATAAGTATGATTCGTTTGATAATCATTTTAGAATATTATGTAAAGACCTTAAATTGAAATATCATACACTTCATGATACAAGACATACATTTGCTACATTGTTGGTAAATGCTAAGGTAAACAAAGAGGTAATAATTAAGATGATAGGACATAAGAGATATAAGACAACCTTAGATATTTATGTGCATAAAAATTATGATGATATGAAAAGAGCAATTAATCAGATATAAAATTTTATTAAAAAAGAGGATTAATTTTAGCTTGACATATTCATACGAATATGCTATAAGTAGTTAAGAAGATATGCTCATAGTGTAGTGAGCAGTATAATCAAAAGAAATACACGGGGTTCGATGATATGTTCGTAGTGTAGCGAACAGTATAATCAAAAGAAATACACAAACAGATGAAAGAAAATCCTCTATATTAGGGGATTTTTATTTGAGTAAAGGGGATATAAAATGGAGTTTTATCTATTGACAAAAAAATTTTATGAAAAATATTCAAATTGTAAAGAAATATTAAAAAAAGAAAATAGACCCTATACTATTTGTATTATTGAGATTAATAAATTAACTTTTGCTATTCCTAATAAGGCACAATATAAATCATAAATATTCAATCAAAACTTTTAATAATCAAGGTTTAGATTTTACAAAAGCAGTTATTATAATTGATAAGGCTTTTATATCTGAAAAGAATGTGTATATAGAACAAGAAGAATATGAAGAATTATCAACCAAAAAATCTCTTATAAAGC
NZ_CP022123.1_gap4	46476	47318	842	GAGAGACAATGAAATCAAAGATTTGATTAAAGACTTAAAAGTTGATATGAAAGATAGATTAGATTATATCAAAATGGATATTAATTATCTTAGAAATAGAGATTGTAAGGGAAATAAAAAAGAATAAGATATAAAAAAAGTTCAGTAAAATAATTAGCTGAACTTTTATTATAATAATTTTTGTTATCTAACACCAGTTATTTAATAATATTTTAAAATAATGATTTTTAATAAATAACAAATAAGTAACAAAAAAAGTATCAGAATACAAAAAAGCCCTCAACTTTTTTCAAGTTCGGGCTTTTTTGTAGAAATTAAACTATAATTAAGGAAACGATACAAGATAAATATAACATTATTTATTTAGTTTGTCAACAACTTTTTATATAAAATTATATTTTTTTATAGTTTTATACTGAAATTAAAAGAAAAAAATATATTTGAAAATTAAAAATTTTTATAATTTGATTTTTATTTAGTCTAATTAAAAAATTTTTTTAAATCTAAAAAAATTAATAATATAATTTGCATTAGAAGAGTAATCATGTTATACTTTTCTATATATTTACTTATTTATTAGGAGGAGAAATGCAAGAATTATTTGCTAAATATGGAAGTACAGGAATTATTGTAGTTGTGTGGATTGCTATTTTTTATTTTTTAATAATTAGACCTAATAAGAAAAAGCAAAAACAACAACAAGATCTTCTTAATTCTTTAAAAGAAGGAACAGAAGTAATAACTATTGGTGGAATCAAAGGAACAATAGCTTTTGTTGGAGAAGATTATGTTGAAATCAGAGTGGATAAAGGAGTTAAATTAACTTTTAGAAAATCTGCTAT
NZ_CP022123.1_gap5	56684	60022	3338	AGGAATTGATTTAGCTTATAGAGCTGGGAGAACTGGAGGTACTATGCCAACAGTTTTTAATGCTTCAAATGAAGTTGCAGTTGAATTATTTATGAAAAAGAAAATAAAATTTTTAGATATTTATAGAATTATTGAAGATGCTATGAATAGTCATCAAGTAGTAAGTTTAAATACTGATAATGCTTTAAATATTATAAAAGAAGTTGATAGAGAAACAAGAAAGAAAGTGAGAGAGCAATGGGAAAAATAATTGTTATAGAGGGTACTGATTCAAGTGGAAAAGAAACTCAAACAAAATTATTGTATGAAAGAGTAAAAAAAATATATGATAAGACTATAAAAATTTCTTTTCCTAATTATGATAGCCCTGCTTGTGAACCAGTTAAAATGTATTTAGCAGGAGCTTTTGGAACAGATGCAACTAAAGTGAATCCTTATCCTATATCAACAATGTATGCTATTGATAGATATGCTTCTTTCAAACAAGATTGGGAGAAAAAATATATTGATGATTACATTATAATAACTGATAGATATGTAACTTCAAATATGATACATCAAGCCTCTAAAATTGAAGATATTAAAGAAAAAGATGAATATTTAAGGTGGCTTATAGATTTAGAATATAATAAGAATGAAATTCCAGAACCAGATATAGTTATTTTTTTAAAAATGCCAATAGATAAAGCAAAAGAGCTTATGGAAAATAGAAAAAATAAAATTGATGGTTCAGAAAAAAGAGATATACATGAAGTCAATGAAGATTATTTAAAAAAATCTTATGAGAATGCAACAGCTATTTCAAAAAAATATAATTGGTGTGAAATAGAATGTGTTGAAAATAATAAAATTAAAAGTATAGAGAAAATAAATGATGAAATTTTCTCTAAAATTAAAAAGATAATAGGAGGTAAAAACAGTTAATAAAATTATATAGAAAAATCTGCTAAAGTATAAAAATGTATGAAAGGTAGTAGAAGATGTATAAAGCACTAAAGATAGAATTAAAACTAACATTAGCACAGAAGATAAAAGTATGTCAGACTATTGGAACTGAAAGATTTATATATAATGAATATATTAAATATAATCAAGAACAATATAAATTGGGTAATAAATTTGTTAGTGCTAATGATTTTTTTAAATATATTAATAATATATATCTTCCTAATAATCCTGATAAAAAATGGATAAAAGATGTTTCTTCTAAGTCTGTTAAGCAGGCTATGATTTATGGAGAGAAAGCATTTAAAAGATTTTTTAAAGGTTTAAGTGCTTTTCCAGTTTTTAAGAAAAAAGGTAAAAATGAATTAGGTGCATATTTTGTTAAAAATAATAAAACTGATTTTGAATTTTACAGACATAAAATAAAGATACCCACATTAAAATTTGTAAGAGTAAAAGAATATGGATACATTCCTAAAAATACTAATATAAAAAGTGGTACTGTAACTAAAATAGCAGATAGATATTTCTTATCACTTATTATTGAAGTAAAAGATATAGTCAAAGCTAAAAATACAGGTACAAAAGGTTTAGGAATAGATTTAGGTATAAAAGATACAGCTATATGTTCTGATGGAAAAGTATTTAAGAATATAAATAAAATTAAGAAAGTTAAGAAGTTAAAAAAGAAACTTAAAAGAGAACAAAGAAAGATGTCAAGAAGTTATGAATATTCTAAGTTTAAAAAAATAAAATTAAAAGAATTAAAAAATTTTAATAAGAAAAAGTTAAAAGTACAAAAGATATTTTATAGATTAAATTGTATTAGAGATGACTATAATAATAAGATAGTAAATGAGATAACAAGAGCCAAGTTAAAATACATTACTATTGAAGATTTAAAAGTATCTAATATGATAAAGAATAGACATCTATCAAAAGCTATACAAGAACAGAATTTCTATGCGATAAGAACCAAACTAATCAACAAATGTAAAGAAAGAAATATAGAACTAAGGCTAGTAGATACTTTCTATCCAAGTTCTAAAACTTGTTCTTGTTGTGGTAGTATTAAAAAAGATTTAAAATTAAATGATAGAAATTATAAGTGTTGTAATTGTGGTTTAGAAATAGATAGAGATTACAATGCAAGTATAAATCTTGAAAAAGCAAAAGTATATAAGATTATAGCTTAAAGTTATAATTGAAATAGAGTATATATTCTCAAATAATATAAAAAGGAGAAAGCTACTAACAAAGCAAAAGAGAATATATATATGTACCGATGGCTAGTCGGGAATTAACGACTATGGAGAGTACAAGGAACTATGAGTAGATACGAAGTATCGAAAGTATACTCATTGAAGTAGTAATATTCTAGTGTATTAAATATATTTTAATACATTTTTAGTAGCAGGATAAATGGCATTTTTAATTGCAGTAGTAATGCTAGGCTTAATAATATTTGTACATGAATTAGGGCATTTTTTAACTGCTAAACTTTTCAAAATGCCTGTGAGTGAATTTTCAATAGGAATGGGACCACAGGTTTTTTCAGTTGACACAAAGAAAACAACATATTCTTTTAGAGCAATCCCAATAGGAGGATATGTTAATATAGAAGGAATGGAAGTTGGAAGTGAAGTAGAAAATGGTTTTAGTTCTAAACCAGCTTATCAAAGATTTGTAGTTTTATTTGCAGGAGTTTTTATGAACTTCTTAATGGCTTTTATACTACTTTTTGCAACAGCTAAGATAAGTGGTAGAATAGAGTATGATTCTAATGCTATCATTGGTGGTTTAGTAAAAGGTGGAGCTAATGAGCAAATATTAAAAGTAGATGATAAAGTTTTAGAATTAGATGGAAAAAAAATAAATGTATGGACAGATATTTCAGAGGTTACAAAAGTATCACAAGATAAGAAAGAAATATCTGCTTTGATAGAAAGAGATGGTAAAGTAGAAAATTTAACTTTAAAATTAACAAAGGATGAAGAAAATAATAGAGTTGTGTTAGGAATTTCTCCAAAATATAAAAAGATTAATTTATCAACAATAGAAAGTTTAGACTTTGCAAAAAATTCTTTTAATTCAATAATAACAGATACTGTAAAAGGTTTTTTTACTCTTTTTTCAGGTAAGGTTAGTTTAAAAGAAGTTAGTGGACCCGTTGGCATTTTTAAAGTTGTAGGAGAAGTTTCAAAATTTGGTTGGTTATCTATTGTAAGTTTATGTGTGGTTCTTTCAATAAATATAGGAGTGTTAAATTTATTACCTATACCTGCACTTGATGGAGGAAGAATTATTTTCGTACTTTTAGAGCTTTTTGGAATAAAAGTTAATAAAAAATGGGAAGAAAAATTGCATAAAGGTGGAATGATACTTTTATTATT
NZ_CP022123.1_gap6	105793	106403	610	CTTCAACTTGTTTTGCTTTACCATCTTCATATTTGAATACATAGTTTACTAAATCTCTTGTTACTATTGCTTCATCTTCTACACTTAGAACAGAAGATTCTCCAACAGGAATAACAACATTTCCAAACATACCATCTTTGATTTCTCCATCAGGGTTATTAAGAGTTAATTTAACTTTAAAGTTTTTAGTTGTGCTATCAGCAATAGGGTTAAGCTCAGTAATTTTTGCTTTATATTCTTTTCCTAAAGCATCTATTTTTACATCTATTTCATCACCAAGTTTTACCTTAGAGATAGCTTCAGGAGTTATACCTACATAAGATTGCATTTGTTTATCATTTAAGATAGTAAATAGAGTTTCTTTTGCAGCTATATCATTTCCTTCTTTTATAAATAAATTACCAACAATTCCACTTATATCAGCTTTAGCAACAAGTTTAGAATAACTATTTTGAGCATTCATATATGCAGCCTTAGCAACTTCTAAATTTCCTTGAGCACTAGTAAATGTTGCTTCATAGTTTGAAAATTCTAAATATGAAATTAATTGTTTATCATATAGAGTTTTAAACTTTTGATAGTTATTTCTAGCTATGTTATAGTTAGCAGT
NZ_CP022123.1_gap7	107783	111222	3439	TAGGCTTTAGCACCTTTAATTCCTGCTGATATAGCTCCACCTGTGAAAAGAGGTTGAGTAACTTTTAAAGTTTGAGTATAACCTTTTTTCTTCGAAACATAGTTTCCTCCACTTTGAGTTAAAATATTTCTTTCATGTTCTCCTAAAGTAACAGCACCACTATAAGTTACTGAAGGTAAAGCTTCTTTAAAAGCCTTGCTTACATTTAGTTTAGAAATTTCTAAACTCTTTTCAGAAATTTTCATCTCTTTACTGTTATTAAGTGATAAATCTATGGCTTGATCTAGAGTTAAATCTCTAGCTAAAGCTACATTTGCCAACAAAACAAAAAATGTTAATAATTTTTTCATTTTTCCTCCTACTAATCTATATTAATATATAATTTTTTTTATGCTCTTTTTTATAAACTCAAGATGATCTTTTATATCATCACTTCTATACATTTTTTTTACTTCATCCAATGTCTTAAATGTAAATCTATCACTATTAAAATCAACATTTTCCATTATAAGAAATACTTCAGCAATACTAAATATCATTTTAGAGCATTTCTCTATATCTTTTTCTTCTATTCTAATATCTTTCTTATATTTATTTAAAACTTCTTTTATTAAATCTATCATAGAGCAAGCAATTATCTTTAATTTTTTAAAATTTTCTTCATTAAAAACTTCATAGTTTCTTTTTAAATTTGTTATCACTAGTTCTAATTTTAATTCATCATCAGTTAAATTTAATAGAGAATTTATATAGTAATCCAAGCACTCATCTATATTTTTTGAATTTTCTAATAAATTATTTTTAAAAATTGTAATATTTTTAATATTTTTAATATATTCATCTAAAATTTCACTTAACATTTTATCCTTTGAAGGAAAATAAGTGTAGAAACTTCCTTTAGATATATTTAGTTCTGATGTTAATTTACTTATTGATAAACTACTATAACTTTCTGTTATTATCATATCTTTTGCTTTTTCTAGGATTAAATTTTTTTTATCTATATCAGAATTCATGTCACTTTTAATTTCTCCTTTTTTGATATTTTTAAATTGACCATATAGTCATTGACCACTTGGGCAATTGGTATAGTATCAAATATAATAATTTAAGTCAAGTATTTTTTATTGCTAAATAGAAAAATTTTATATTATTTGAATAATTTTTATTTGCTAAAATTTGAATAATGATATAAAATATAATGAAGTTTTTACAAAAAGGAGTTAGGAAAAAAATGAAGATTTTACACTATCTAAAAAGGTTTATAATGTTTGTGATAAAAGAAATTTTTTCATTCTTTATAAAGCTATTTCTGTTTTTATTTATTGTTGGGATAATTATAAGTGCAGTTATTAAAAGTTTTGAAGAGAAACCAACGGTAGCTATAAAAAATAAAGCTTATGTTTTAATAAATCTTGGGGATAGTTATAATGAAAGATTATTAAAATCAAATTTATTTGAAGATGATTCTATAAATTTTTATACTTTATTACAAAGTATAGAAACTATTTCTTATGATGATAGAGTTGAAGGAATTATTTTAAAATTAAATGGCGATTCTTTAAGTTATGCTCAAAGTGAAGAGCTGGCACAAGAATTATCAATGGCAAGAGCAGCTAATAAAAAAATAATTGCATACTTTGAAAATGTAGGTAGAAAAAATTATTACTTAGCTTCTTATGCAAATGAAATATATATGCCAAGTGCTAATTCAACTAGTGTAAATATATATCCTTATTTTAGAGAAGAATTTTATATAAAAAAATTAGCAGATAAATTTGGTGTAAAATTCAATATTATTCATGTTGGAGACTACAAAAGTTACATGGAAAATCTAGCTAATAGTACAATGTCAAAAGAGGCAAAGGAAGATACTGTTAGAGTTTTAGATAAAAATTATAATAATTTCTTAGATGTAGTTTCACTAAATAGAAAGATAAGTAGAGATGATTTAGATAAAATAATAAAAGATGGAGAATTAGTTGCAGCTTCTTCTATAGATTTAATGAATAATAACTTGATTGATAAATATGCTTATTGGGATAATGTTATTTCTATGGTTGGTGGAAAAGATAAAATTATAACAATCCAAGAGTATGCAAAAAATTATTATAAAGAAGGAAGTATGGATGATTCTAATAATATCATATATGTAATTCCTTTAGAGGGAGATATTGTTGAATCTCAAACAGAAGTTTTTGCTGGTGAAGAAAACATCAATGTAAGTGAAACTTTAGAGAAATTAAATATAGCAAAAGAAAGTGATAAAGTAAAAGCTGTTGTTTTAAGAGTAAATTCTCCTGGTGGTTCTGCTTTAACATCAGATATAATAGCTGAAAAAGTTAAAGAGTTAGCAGAAGAAAAACCTGTATATGTTTCAATGTCAAGTGTAGCAGCTTCTGGTGGTTATTATATTTCTGCAAATGCAAATAAAATTTTTGTGGATAGAAACACAATAACAGGTTCTATTGGAGTTGTAAGTATACTACCAGATTTTTCAAAATTGATAACAGATAATGGAGTTAATATAGAAAAAATATCTGAGGGAGAATATTCTGATTTGTATTCATCAGATAGTTTTACAGAAAAAAAATATAATAAGATATATAATTCAAATTTAAAAGTTTATGAAGATTTCTTAAATGTTGTATCAAAAGGTAGAAAAATAGATAAAGAAAAATTAAAAACTATTGCAGAAGGTAGAATTTGGACAGGAGATGAAGCTATTAAAATAGGTCTAGCTGATGAAATAGGTGGATTAAATGCAACAATCTATGCATTAGCAGAAGACAATGATATGGATGAATATGCTATTGTAATAGCAAAAGATAAATTTGAATTAGGAAATATTTATAAGAAATATTCAAGATACATTAAGATGGATACAAAAGATTTAATAAAAGAAAAGATTTTTAAAGATTATTTATATAATAAGCCAGTGACATATTTACCTTATGATGTTTTAGATTAAATATTGAATTATTTATAAAATATGTGTATAATTAAGAATATGTAAAAGTTTTAGGAGGATAGAAAGAAATGGTTAGAAAACTAAAAGGAGCAAAAACAGCAGGAGGAAACCAAGCTGATATTGTTAAACAAGCACAAGTAATGCAACAACAAATGTTAGAGGTTCAAGAACAATTAAAATCAAAAGAAGTTAGTTCATCAGTTGGTGGAGGAGCCGTTTCAGTAAAAGTAAATGGACAAAAAGAACTTATAGAAGTAAAATTATCTGATGAAGTATTAAAAGATGCTGCAAATGATAAAGAAATGTTAGAAGATTTAATACTTACAGCTGTTAAAGATGCAATGGCTAAGGCTGATGAATTAGCTGAAGGAGAAATGGCAAAAGTAACAGGTGGAATAAACATTCCTGGTTTATTCTAGTTTAAGAGTAATGTTAATTTAAGTGAAAGGGCTGTTGCAAGTTAAACTA
NZ_CP022123.1_gap8	122828	126987	4159	AGATATTAAAGGAAATAGAGGAGGCAATTATGAAAAAGATTTTATCTTTGATTTTCTTATCACTTCTTACCTTAGCATTGGTTGCTTGTGGTGGAAAAAAAGAAGAAGCTACAAAAGAAGGTGGAGAAACAAAACAAGAAGCAAGAGTAATTAAAGTTACAACAAAATTTGTTGATGATGAACAAACAGCAAAATCATTAGTAAAAGTTGTAGATGCTATTAATCAAAGAAGTAATGGAACTTTAGAATTACAATTATTTACAAGTGGAACTTTACCAATTGGTAAAGATGGTATGGAACAAGTTGCAAATGGTTCAGATTGGATATTAGTAGATGGTGTAAACTTCTTAGGAGATTATGTACCTGATTACAATGCAGTTACAGGACCTATGTTATATCAAACATTTGAAGAATATTTAAGAATGGTAAAAACTCCATTAGTTCAAGACTTAAATGCACAAGCTCTTGAAAAAGGAATTAAAGTATTATCTTTAGATTGGTTATTTGGATTTAGAAATATTGAAGCTAAAAAACCTATAAAAACTCCTGAAGATATGAAAGGTTTAAAATTAAGAGTTCCTACTAGCCAATTATATACATTCACTATTGAAGCTATGGGAGGAAACCCAGTTGCAATGCCTTATCCAGATACTTATGCAGCATTACAACAAGGTGTTATAGATGGACTTGAAGGTTCTATTTTAAGTTTTTATGGAACAAAACAATATGAAAATGTTAAAGAATATTCTTTAACTCGTCACTTACTTGGAGTTTCAGCAGTATGTATTTCAAAAAAATGTTGGGATAGTTTAACTGATGAACAAAGAACAATAATTCAAGAAGAATTTGATAAAGGTGCTCTAGACAACTTAACTGAAACACAAAAATTGGAAGATGAATATGCACAAAAATTAAAAGAAAATGGAGTAACTTTCCATGAAGTTGATGCTGAAGCATTCAATAAAGCAGTTGCACCAGTTTATGATAAATTCCCTAAATGGACTCCTGGTATCTATAATAAGATTATGGAAAATCTTACTCAAATCAGAGAAGATATTAAAAATGGAAAATAATTATTTATTAAATTTTTGTTAAATACTAATCTTATAAAGGCTGTTGCAGTTTTTAAATATTTGCAACAGCCTATTTTAAGATTTTAAAGAGAGGTTTATATGAAAGATTTTTTAAAAAAGTTTGAATTATATATTGGAAGTATTTTTATTAGTGTAACAACTGTTGTTGTTATAATGAATGTATTTACAAGATATTTCTTAAAATTTACATACTTTTGGTCAGAGGAAGTTGCAGTTGGATGTTTTGTTTGGACAATATTTTTAGGAACTGCTGCTGCATATAGAGAAAAAGGATTAATTGGTGTTGAAGCTATCATTGTTCTTTTACCTGAAAAAATTAGAAATGTTGTAGAATTTTTAACTTATATATTGTTAACTTTGTTAAGTGGATTGATGTGTGTATTTAGTTTTACATATGTAATGTCTTCTTCAAAAATAACAGCTGCTTTAGAACTTTCTTATGGTTATATAAATTTTTCAATAGTTATAAGTTTTGCACTTATGACATTATATTCAATAATTTTTACAGTAGAAAGTTTTAAAAAAGCATTTTTAAGTAAAACTAATTAATAAGGGAGGACACATGGAAGCTTTATACCCAGTAATTGTATTATTTGTATTATTCTTTTTAAATATCCCTATAGCTTATGCTTTAATGGGATCAGCACTATATTATTTTATATTTTTAAACACGACTATGTCTATGGATATGGTTATACAACAATTTGTAACATCAGTAGAATCTTTCCCTTATTTAGCAGTACCATTTTTTATAATGGTAGGTTCTGTAATGAACTATTCAGGAATAAGTGAAGAGTTAATGAACATGGCAGAAGTTCTAGCAGGACATATGAAAGGTGGACTTGCACAAGTAAACTGTTTATTAAGTGCTATGATGGGAGGAATTTCAGGTTCTGCAAATGCTGATGCTGCTATGGAATCAAAAATATTAGTACCTGAAATGATAAAAAAAGGATTTTCAAAAGAATTCTCAGCAGCAGTTACAGCAGCATCTTCAGCTGTTAGTCCTGTTATACCACCAGGAACAAACTTAATTCTTTATGCTTTAATAGCTAATGTTCCTGTAGGAGATATGTTTTTAGCAGGTTATACACCTGGTATTTTAATGACACTTTCAATGATGATAACTGTTTATATAATTTCTAAGAAAAGGGGCTATGAACCTTCAAGAGAAAGAATGGCAAGACCTCTTGAAATAATAAAACAAGCTATAAAATCAATTTGGGCTTTAGCAATTCCTTTTGGAATTATAATGGGAATGAGAATAGGAATCTTTACTCCAACTGAAGCAGGAGGAGTTGCTGTATTTTTCTGTTTCTTAGTAGGTTTCTTTGTATATAAAAAACTAAAATTACATCATATTCCTATAATTTTAATGGAAACTGTAAAAAGTACAGGAGCAGTTATGATAATAATTGCTTCAGCAAAAGTTTTTGGTTATTATATGACACTTGAAAGAATACCACAATTTATAACTAATTCTTTAATGAATTTTACTGATAATAAATTAGTGTTATTAATGGTTATAAATTTACTTCTATTATTTGTTGGAATGTTTATAGAAGGAGGAGCTGCACTTGTTATTCTTGCTCCACTTTTAGTACCAGCAGTAAAAGCTTTAGGTGTAGACCCATTACACTTTGGAGTAATATTTATAGTTAACATAATGATAGGAGGATTAACTCCACCATTTGGTTCTATGATGTTTACTGTATGTTCTATTGTTGGTGTGCGACTAGAAGGATTTATAAAGGAAGTATGGCCATTTATAGTTGCTCTTTTAGTTGTTCTATTTGTAGTAACATACTCAGAATCAATAGCATTATTTATACCAAACTTACTGAGATAACAATATAACTTAATATAAAAGGAGTTGTAATGACTCCTTTTATATTAAAATTAGGAGGACTAATGGAAAAATTAGAAAATATTAAATGTTACTTACTAGATATGGATGGGACTATTTATTTAGGAAATGAATTAATAGATGGAGCAAAAGAGTTTTTAGAAAAATTAAAAGAAAAAAATATAAGATATATATTTTTAACAAATAATTCTTCAAAAAATAAAGATAGATATGTCGAAAAATTAAATAAATTAGGGATAGAAGCACATAGGGAAGATGTATTTAGTTCAGGTGAAGCAACTACAATTTATTTAAACAAACAGAAAAAAGGAGCAAAAGTATTTTTATTAGGAACTAAAGATTTGGAAGATGAATTTGAAAAAGCTGGATTTGAATTAGTAAAAGAAAGAAATAAAAATATAGATTTTGTAGTTTTAGGTTTTGATACTACTTTAACTTATGAAAAATTATGGATAGCATGTGAATATATAGCAAATGGAGTAGAATATGTAGCAACACATCCTGATTTTAATTGCCCATTAGAAAATGGAAAATTTATGCCTGATGCTGGAGCAATGATGGCATTTATAAAAGCATCTACTGAAAAAGAGCCAATAGTTATAGGAAAGCCTAATAAACATATTATAGATGCAATTATAGAAAAATATAATTTAAAAAAATCTGAACTTGCAATGGTTGGGGATAGATTGTATACAGATATTAGAACTGGAATAGATAATGGTTTGACTTCAATTTTAGTTATGAGTGGTGAAACTGATAAGAAAATGTTAGAAGAAACTATTTATAAACCAGATTATGTTTTTGATTCAGTAAAAGAATTAAAAGAAAAAATAGAATAAAAGTTGAAAATATACTATAATATAAAAACAATTATATTTTTATGTTATTAGGAGGTAAAAAATGGATTTATTGAAACTTATGGGAGATAGATATACTTGTAGAAGATATTCAAATGAAGATGTTAAGGAAGAAGATTTAAATAAAATTTTAGAAGCAGGAAGAATAGCACCAACTTCTCATAATAATCAACCACAAAGAATTTATGTTGTAAGAAGTGAAGAAGCAAAAGAAAAATTGATGAAAGATTTCGCATACAATTATAAAGCTCCTTGTTATTTAGTTTGTGGTTACAATATTGATGAAGTATGGAGAAATGATTTAGATGGAGATAGAGAAAGTGGAGATATAGATGTTTCAA
NZ_CP022123.1_gap9	314663	316798	2135	CTTCTATGGTTAAAATCCACTGCAACAATTATTAATTGTTCATCTTGAATGTCGACAATTAGGCGATAATCCATTATTCTATATCTCCATAAGCCTTTTAAATTTCCAGTTAAAGCTTTTCCATGAAGTCTTGGATTTTCAGTATTCATTAAATTCTTACTTATATAGTCATACAATAATTTTCTTGTATTTTTATCAAATTTCAAAATCTTTTTATTGACATTGTCTGGAATCATTATTCTATATCCCATTCTTTTGTTGCCTCCTCAAATGGAATTAAATTTAATGTTCCTTCAGATTTCGCTTTTAAATACTCTTGAACACTTTTTAAATCATATTCTTCTTCAATCTTTTCAAATATAATATTTTTAATATATTGAGATAAATTTATCTCTTTACTTTTAACATAATTTTTTAGTATTTCTTCTTCTTCTTCATTAAATCTAATTGAAACAACTGACATATAATCACCTCTTTATTATCTAGTTGTTTACATTGTAATACTTTTTAAAAATAAAGTCAATTTTTATTCTCAATACATAATACTACCTTTTATAAACTTTTCCCAAAAACTTTCATGTGTTAAATCTTTTAATTCTTTTTTCAATTTTCCTACCTCTTCTATTCTGCCTTCAGATTCTGCTTTTTTTATAGCTTTTTCTAGTTCATTTATAACTCTTTCTTTCTCTAATTTTCTAAACCCTAATGGATCTGGATTAATAATATTACTCATATATATTCCCCACCTTAAATTATAATAAAGATAAACATACAGAATTTTTTTAATTACCTAAAAATGTACTAAGTTCTTTATTCATTTTTAATTCTTTACCAAAAATTTCAAACATTCTTTTTACATCATTTTTTATACTAACATTAAACATATTATTTTCTTGAATACTTTTTTGTATTCCTTTTAATTCCAAATTCAATTCTTCAAAAATTTGTTGATTATTATAGTTTACATTATCTAATTTTTTTTGTAACTCTAAATCTGCTTTTTCTCTTTCTTCTTCAAAAATTATCCTAACTTTTTCAATTTTTATTTTTCTGTTTACACCAAATAAATCTAATTTTTTTAATAATAACATAATAAAATTACTCAAAATTATTCTAATAATCATTTCTAGTGGAAACCAAAACATTTCAGGAATCATAAATTGTTTTTGAATATATTCTCCTAATATTCCAATAGCGATATTTACAAAAATCCCAGCTACTAATTGTAGTATAGCATCCATTTTTTCAAGAAAAGATTTAGAATTATCAAATAATATTTTTATTGCATCCACTACTGTAATTAAAAGTTGTTTTGCTATTTTTAAGATCTTTTTTAAAGCACCTTTTACTATTTCTATTATGATATCAAAGAAATTTTTTAAGAATTTTTTTATCCCATTAGGAAATATATTAGCTAAAATTTTTCCAATTTTTGAACTTACATACTCAATAATCTTTTCAGCTGAATTTTTTAAATTTTCTAATGTGCTATCTTCATTATTTTTATTTTTTAAATTTTCTTTTATTTCATAGATTATAGGTGGAACTAAATAATATATTAGTTGACCTGAAATCATCTTTCCTACTTGTTTAACAGTTTCTTTTCCAGCATCTTTTGCAACCTTAGCTTTATCAATATTTTTATAAGTTACTTCTCCTTCTTTGTCCTGAGATTTTTTTATCCCTTCTTTTATTTTTCTTTTGACCTCAGGCTTTACTTTTCCATTTTCGTCTAAAATTCCTTCATCTTTTAATTTTTGAGTAGTTTTAGGGTCTCTATTTTTCCCTCCCTCTAGTTTTTCAACTATGGCTTCTGTCATTTGTTCTGGAGTCGCCTTATAAGTAATATCTATTTTATTTCCATCTTTATCTTTTATATAATTTCCATTTTCATCTTTAAGGAAAACTCTTGCATCTCCCTTACATTGATTAGCAGTTCTTCCTAACATTTGAAAATTGTCCTCTGAGTTATAAAATTCTTTAATTGCCTTTTCTCCACCCTCTTTTAAATATTTTACATGTACTTTTGCTTGAGCAAGTGTCAGAGTATGATCAACATCGATATTTTTAGCATTTCCTATTTCATCATAATCTTTTCTATATTTATTTTTTCCCTTTTGTATCATATCCTTATC
NZ_CP022123.1_gap10	422360	425960	3600	TAAATATTAAAAATATAAGATAGACTATAAAATCAAATATTAGTTTCAATATTATCACAACCTTAGTTATTAGCTTTAATAAAGAAAATAAATGAGTAGCGAATGAAAAATTTTAGATGAAAAATCAAATAGAATGAGCCGAGTAATTGTCGGCATGTTTGAAGCCAACTTGTTGGCAAGTTTTGCCGAAATTACAGCGAATTCTTGATTTTTTATCGTTAAAAAATTTTACTCAGCAACGAATTATTTTCTTATTAAACAAGTTATGAAATAATTATAGCATAAAGAGGGAAATATGGTAAATAAAGTAAAATTAGGAATAAACAATTTATATTTATTTGAAAACAATAATGGTGATTACTTATTGCTTGATACAGGTTTAGCCTGTAAGGAAAATTTAATTTTAAATAAAATAAATAAAGTTATTGGAGATTATAATAAAATCAAAGTAATAGTAATTACCCACTCTCATTCTGACCATATTGGAAATTTAAAATTATTGTTAGATAAAATTAAAAGAGAAGACAAAATTGTAATAATACATAGTAATGCTAAAGATATTATGCTTTCTGGAGAAAAAATAATTCCTAATGGCTTCTATAAATTTTCTAAATATATTTCTAAAAAATTAAAAGCCAAGTCTTCAGGAAATTTTCAAAAAGGTTTTGAGAATCTTGAAGAGAAAGATTTTAAAGATGTAAACTTTTTAGATTTTAAAGATTATGAAGAATTTTCTTTAAATAAATATGGATTTGAGAATTTAAAAGTAATTTATACAGCAGGTCATTCAAATGATTCTATTTCACTTGTCTATAATGATGAATATTTATTTTGTGGAGATATGGTTCAAAACTTATTTTTTAAATATCCATTGATTCCCCTTTTTGGAGATGACATTAAAGAATTAGTTAATTCTTGGAAAAAAGTTATAGATAAAGATTATTCAAGAATTTATCCTGCAACTTCTAGGAGCTATATTTTAAGAGGAGATTTAATTAAAAAATTGGAGAAATATGAATAAGATAGAATTTAAAATTATAAAAGGAAATGAATCTAGTGAAGAAATAAATAAAATTTTAAACGAAGAAGATATGGAAAGTTCTATACAGATTAGATATATAAAGTATCCCACTCTTTTTGATTCATTGAAATTAGATGGAGTGAAAGACCCTCTTATTGTACCTGGAATAGATACTACAAATAATAAGATAGTTGGTTTGGGTGCTTGTACCATATTTGAAGATAATATTGCTTACTTAAATTCTTTTAGAATAAGGAAAGAGTATAGAAATAAGGTAAACTTTGGAAATGGATATAAAAAGATTATAGAGGAATTAGAAAAAGAAGGAATAGATACAATTATTACAACTATTTTAGATGATAATAAAATGGCAAAAGAAATACTTACAAAACAAAGAAGAAATATGCCAATTTATGAATTTTATAAAAATATAACTTTTTATAGCATAAAAAATATTAAGAAAAATAATATAGTTGTAGATGATTTGTATATAGCAGAATATAAGAATTTTAGAATAGAAATTAAAAATAAGCCAAATAAAAAGTATTTTATTGAAAACTACAAAGGAATATATAAATTTTTATATAAGCTAAGAAAAATTATTTCTTTCTTTGGTTATCCAGAACTACCAGAAAAAAATACTGAAATGAGATTTTTATATGTAGACATAATTGCCAAAGATAACAATTATAGTAATAGTTTAGAAGTTATAAAGTTTTTACAAAATTTAGGCTGTTCTTGTGATTTTTTTATGATAGGAACTTATGAAAATACTTCATTAGATACACAACTAAAAAAAATTAAATCTTTTAAGTATAAAAGTAAACTTTATAAAGTTTATTATGGAGAGGATAAAAACAAGGAAAAAGATATAAAATTTAAGTTTTGGAACTTATAAAAGAGGTGAAATTAAATGGAATTAAAGGGTGATATAGTAAAAATAAATGAAATTTCACAAAGTGAAATAGAAGAAATGTATATTCTAATGACTGAATTTTATGATAATGTTGAGAAAGAAATATTTTTAAAGGATTTTAAAGAAAAAGATTATTGTATTATCTTAAAAGATGAAAAAAATACTATAAAAGGCTTCTCCACTCAAAAAATCATGAAATTTAATTTTGAAAATGAGGAGATTTATGGAGTATTTTCAGGAGATACTATAATAGATAAAGAAAATTGGGGAAATTTAACTCTATTTAAAGTCTTCGCTAATTTCTTCTTTCCATTTGGAGAAAAATATAAGAATTTTTACTGGTTTTTAATAGTAAAAGGCTATAAGACATATAAATTTCTTCCTACTTTTTATAAAGAATTTTATCCAAATTATAAGCTAGAAACTCCTGAAAGATTTAAAAATATAATAGATTTATTTGGTGAGATAAAATACCCAGACGAATACAATAAAGAAAGTGGAGTTATAGAATACAAAAGAATAAAAGATTCATTGAAAAAAGGAGTTGCAGATATAACTGAGAAAGAATTAAAAGATAAAAATGTTCAATTCTTTTTAGAAAGTAATCCTAATTATGAGAAAGGAAATGATTTAGTTTGTATTACTTCTTTAAAAATTGAAAATCTAAAAGAAAAGACATTAAAAATTTTATTTTAATTGAGAGGAAGGTTATGTTATCAAAACTTTATCTGTATATTATTCATAGTATGTTTTTACTTTTCTACAAAAAGGAATATAGAAAATATATGAGTAGTGAAAATATTTTAGAGATACAGGAAAATAAATTAAAAGAGATTTTAGAAAATAATAAAGATACTCTTTATGGAAAAAAATATAATTTTGATAAGATAAAAACTATTCAAGATTTTCAAAAAGAAGTTCCACTTACAAAATATGAAGATTACTTACCCTATATAGAAAAAATAAAAATGGGAGAAGAACATATTTTAACTCATGAAAAAGTTAAGATGTTTGAATTAACAAGTGGTTCAACTTCTACAAGTAAATTAATCCCTTACACTGATAGTTTAAAAAAAGAATTTCAAGCTGGGATAAAAGTTTGGTTGTATTCACTATATAAAAAATATCCTAGTTTAAAATTTGGAAAAAGTTACTGGAGTATCACTCCTAAAATAGATTTTCAACCCAAAGAAAAATCGGTTATTCCAATTGGTTTTGAAGAAGATAGTGAATATTTTGGAAGATTTGAAAAATATTTAGTGGATTCTATCTTTGTAAATCCTAGAGATATTAAAAATGAAAAAGATATGGATAGATTTTACTTCAAAACTCTTTCAGCCCTTATTGCTGAAAAAAATATTAGACTTTTTTCTTTTTGGAGTCCTAGTTTACTGCTTTTATTAATAGAATATTTAGAAAAGAATTCTGAAAAGATTTTAAAATCTCTCAATAAAAAAAGAAGAGAAGAAGTAAAAAAATATATAGAAAACAAAGAATATTATAAAATATGGAAGGATTTAAAACTTATTAGTTGTTGGGGAGATAGTAATTCAACTGAATATCTAAAAAAGATTAAAGAAATTTTTCCTAATACAATAATTCAAGAAAAAGGTTTACTTGCAACTGAAGGTTTCATCTCATTTCCAGATACTGAAGAAAATCT
NZ_CP022123.1_gap11	433645	435800	2155	AGGCTCTATTCCAGCATGCTCACAGGCAAACATCTTACCAGTTCTACCAAAGCCCATAGCTATTTCATCATCAATCAAATGAATATTATATTTTTTTGTTAAATCTCTTGATGCTTTTAAAAATCTAGCAGAATATATTTTTATTCCTGCTGCACCCTGTACTATAGGCTCAACTATCATACAAGCAATTTCATTATGATTTTTTATAATTAAATCTTCCAATTCTTTTATACATTCATCTTCAAGTTTAATAAACTCTTCATTAGATAGTTTAGAATCTATATAAGGTACTCTAACTTTTCTACCTTCTTTTATTAAAGGTCTGTATGTTTCAGTAAAAATATCTACATCTCCAACTCCTAATGCACCTATTGTTTCTCCATGATAGGCATTTTCAAGAGAAATAAATTTTGTTTTTTGAGGATTTCCAGTTTGTAAGTGATATTGGAAACTCAATTTTAAAGACATCTCAATACAAGAAGAACCATTATCAGAAAATAAAAATTTGTTAATTCCCTTAGGTAAAACTTTTGTAAGTTCTTCACATAATTCTGCTGCTGGTTCATGAGCAAAATTAGCAAAAATAACATGCTCTAAAGTATTTACTTGTTCAGTTATAACTTTATTTATTCTTTCATTACAATGTCCAAATAAATTTACCCACCAACTAGATATACAATCCATATATCTATTTCCATTTTCATCTATTAAATAAAGTCCATCACCTTTTTTTATAACTAAAGGAGGATTTTCTTCAAAATCTTTCATTTGTGCACAAGGGTGAAAAACATATTTTAAATCTTTTTTTTGTAATTCAGATAAATTATTAATCATTATATAAACTCCTCTCAATTTATTAATAAAAAAGCCATTACAAATTTTTTATAAATTTTTATATTTGTAATAGCTTTTATATTTTAATTAAAAAATTTTTCTATTTCTTCATTAGAAATTTCTTTTTGTCCATTTTTAATAATTAGATAGTTTTCAATTTTAGATAATTCTAAAATTACTTTTATATTATCATCTTCAAAAAATTGCCCTTTATAATTATTGAATACTAAACCATGTAGCTTAATTCCCATAGTATTAAGAGCATTTAAAGTAAGCATAGTATGATTTATTGAGCCTACTTTTGTTCCACAAACTAAAACAACAGAAAGATTAAATAATTTTATTAAGTCATAGATATAGAATTTATCTCTAATTAAAGGAACATAAAGTCCTCCAGCTCCTTCAACCAAAATATTAGAATATTTTTTCTTTAAATCTTCAAAATGTTTCTTAACATTTTCTATTTCTATTGTTGTTCCTTCCATTTCAGAAGCTAAATGTGGTGAAACTTCTTCTTTTAAAGTGTAAGTTACCATAGAATCATCATAATCAACACCTATAAATTTTGTTAAAAAATCTACATCAGGTGCTGTTAACTTTCCATCTTTTGAAAAGCAACCACTTTGTATAGGTTTATAATATTGAAAATTATGTTTCTTTAAAGCTTTATATAATAGAGTACTAACATAAGTTTTTCCAACATCAGTGTCTGTACCTATAACAAAGAAATCTTTAAATTTCATAACCTAGCTCCTCTATCATTTTTTTATCAGTTTCTATTGTTGTTCCAGTAGTTGTTAAAAAGTTTCCAGTAAGTGCAGAGTTAATTCCACATCTTAAACCAGTTTTTACATGTTCTCCTAATTTTATTCTTCCACCACCATATCTTAAATAAGTTCCAGGCATTATAAAACGATAAATAGATATAGTTTTTAAAATTTCTAATGGCTCTACTGGCACATTATTTTCAAATGGAGTTCCTGGGATTGGAGTTAAAACATTTATAGGTACTGAACATATTTCTAAGGCTCTCAAATCTAATGCCATATCTATTCTATCCTCAATAGTTTCCCCTAGTCCAAATATTCCTCCACTACAAACATCTAATCCAACAGCTTTTGCATTTTTAATAGTATTAATTCTATCATCATAAGTATGAGAAGTACAAACATTAGGATAGAATCTTCTTGAAGATTCTAGGTTATGATGATAAGTTAAAACACCTGCATCAGCTAATTTTTGTAGGGCTTCTTTTGTACATATTCCATGAGAAGCACAAAGTTCTAGTTTTCCTGTATGTTCACCTATATATTTATAAATT
NZ_CP022123.1_gap12	450507	453704	3197	TTAAATTAAACCCAATTAAAGAATTAATTAAAGGAAAAAGAGTTGTAGTAATAGATGACTCTATTGTTCGTGGAACAACTTCAAAAAAATTAATAGATGTTTTATTTGAAGCTGGAGCAAAAGAAGTGCACTTTAGATCAGCTTCACCAGTTGTTATTGAAGAATCATATTTTGGAGTAAATATAGATCCTAATAATAAATTGATGGGGAGTTATATGAGTATTGAAGAAATTAGAAAAGCAATAGGAGCAACAACATTGGATTATCTTTCATTAAAAAATTTAAAGAAAATTTTAAATGGTGGAGATGATTTTTATATGGGTTGCTTTAAAGAAGATGAGGAATAATAGGGAGGAGTAATGATAAATTCTTATAAAGATTCAGGTGTTGATAAAGAAGAAGGATACAAAGCAGTTGAATTAATGAAGAAAAATGTTTTAAAAACTCATAATAAATCGGTTCTAACAAATTTAGGTAGTTTTGGAGCTATGTATGAATTAGGACAATATAAAAATCCTGTTTTAATTTCTGGAACTGACGGAGTTGGAACTAAATTAGAAATAGCAATGAAACAAAAAAAATATGACACAGTTGGAATAGACTGTGTTGCTATGTGTGTAAATGATGTACTATGTCATGGAGCAAAGCCATTATTTTTCTTAGATTATTTAGCTTGTGGAAAACTTGATGCAGAAATTGCAGCTCAATTAGTTTCAGGGGTTACAGAAGGTTGTTTACAGTCTTATGCAGCTTTAGTAGGTGGAGAAACTGCAGAAATGCCTGGTTTCTATAAAGATGGAGACTATGATATAGCAGGTTTCTGTGTTGGAATAGTTGAAAAAGAAAATTTAATAGATGGTTCAAAAGTTAAAGAAGGAAATAAAATAATAGCAGTGGCTTCAAGTGGTTTCCATAGTAATGGATATTCATTAGTAAGAAAAGTATTTACTGACTACAATGAAAAAATTTCTTTAAAAGAATATGGAGAAAATGTAACTATGGGAGATGTCCTATTAACTCCTACAAAAATTTATGTAAAACCTATATTAAAAGTTTTAGAAAAATTTAATGTAAATGGTATGGCACATATAACAGGTGGAGGATTATTTGAAAATTTACCTCGTTGTATGGGAAAAGATTTATCTCCAGTAGTATTCAGAGATAAGGTAAAAGTACCTGAAATATTTAAGTTAATTGCTGAAAGAAGTAAAATAAAAGAAGAAGAATTATTTGGAACTTTCAATATGGGAGTAGGTTTTACTTTAGTAGTAGAAGAAAAAGATGTTGAACCTATCATTGAATTATTAACTTCATTAGGTGAAACTGCTTATGAAATAGGGCATATTGAAAAAGGAGACCATAATTTATGTCTGAAATAAATAAAAAAAGAATAGCAGTTCTTGTATCAGGAAGTGGGACAAATTTACAATCAATTATTGATAATGTAGAAAATGGTAATTTGAACTGTGAAATAACTTATGTTATTGCAGATAGAGAATGTTATAGCTTACAAAGAGCAGAGAAACATAGAATTAAAAATTTATTATTAGATAGAAAAATTATTGATAATAAGTTAGCTAATGAAATTATAGATTCTACATTAAAAGAATCTAAAACTGATTATATAGTCCTAGCAGGATATTTATCAATTTTGACTGAAAAATTTATTAAAGAATGGGATAGAAAGGTTATAAATATACATCCTTCATTATTACCAAAATTTGGTGGAAAGGGTATGTATGGAATAAAAGTTCATGAGGCAGTTATAAAAGCTGGTGAAAAAGAAAGTGGTTGTACTGTACATTTTGTTACTAATGAAATAGATGCTGGTGAGATTATAACAAATGTAAAAGTCCCAGTATTAGAAGATGATACTCCTGAAACATTACAAAAAAGAGTTTTAGAACAAGAACATAAATTATTAATAAAAGGAATTAAAAAAATATTGTAGTATTTAAAAAGGAAAGCCTATGAAAAAATTAATAATTTCTATGTTTTTATCTTTAATACTTTTTGTTGCATGTGACAAATTAAATCAAGAAGATTATAAAAAATTTTCTTATGATGAAAACATTTCTTTGTATGGGACACCAGAAAATAATCAAAGAAATTGGAACTTGTCTTGTGATGGTTCATATTGTAAAATAACATATTCTGTTGGAACTCCATTAAAAATTTATTATAAAAAAGAACTTACTTTAAATGAAGAAGAGAAGAAAAAAATTGTAACTGCTTTAATAAAAGGAATAAAAAAAGGTAAAGATTTTAGTGGAACACAAGATTATAGTCCAACTAATCATCTTCTATTAAGTAATAATAAAGAGTATCATGGTAAAACTGAAAATGAAGAATTTTATAAAATTCTAAATGAACTGCTAGGAGAAGATTATAGTAACATTATTCAAAGATATTAAAAAATAAATATGAAGGGAATTGATATGAAAAAAAGAGCTTTAATTTCAGTATATGATAAGACAGATATATTGGATTTTGCGAAATTTCTGATTAGCAAAGGAGTAGAAATTATTTCTACTGGTGGAACATATAAATATTTAAAAGAAAATAATATTGAAGTCATTGAAGTTAGTAAAATAACAAATTTTGAAGAAATGTTAGATGGTAGAGTTAAAACTTTACATCCAAATATACATGGTGGAATTTTAGCATTGAGAGATAATGAAGAACATATGAGAACTTTAAAAGAAAGAAATATTGATACTATTGATTATGTTATAGTAAATCTATATCCATTCTTTGAAAAAGTTAAAGAAGATTTATCTTTTGAAGAAAAAATTGAATTTATTGATATAGGTGGACCTACAATGCTTAGATCTGCTGCAAAATCTTTTAAAGATGTGGTTGTTATTTCTGATATAAAAGATTATGAGCTTGTAAAAGAAGAAATCAATAAATCTGATGATGTTTCTTATGAAACTAGAAAAAAATTAGCAGGAAAAGTATTTAACTTAACTTCTGCTTATGATGCAGCCATATCACAGTTTTTATTAGATGAAGATTTTCCAGAATACCTTAATATTTCATATAAAAAGAGTATGGAAATGAGATATGGAGAAAATTCACATCAAAAAGCTGCATACTACATTGATAATATGTCTGATGGTGCTATGAAAGATTTTAAACAACTTAATGGAAAAGAACTTTCATACAATAATATTAGAGATATGGATTTAGCTTGG
NZ_CP022123.1_gap13	455985	457738	1753	CTTATCCAGTTGTAATAAAAGCAAGTGGACTTGCAGCAGGAAAAGGTGTTGTGATTGCACAAAACAGAAAAGAAGCAGAAGATACTTTAAATGATATGATGACTAATAAAGTATTTGCAGCAGCAGGAGATACTGTTGTAATTGAGGAATTTTTAGATGGTGTTGAAATTTCTGTTTTATCTATCACAGATTCAGAGGTAATAATACCTTTTATATCTGCTAAGGATCATAAAAAAATATCTGAAAAAGAAACAGGGTTAAATACTGGTGGTATGGGAGTAATAGCACCTAATCCATATTATACAAAAACTATTGAAGAAAAATTTATACAAAATATATTAAATCCTACTTTAAAAGGAATTAAAGCTGAAAAAATGAATTTTACAGGAATAATATTTTTTGGTTTAATGGTTGCAAATGGAGAAGTGTATTTACTTGAATATAATATGAGAATGGGAGACCCTGAAACTCAAGCAGTTTTACCGCTAATGAAATCAGATTTCTTAGATGTAATTAACTCAGCTTTAAACAAAGATTTAAAAAATATAAAAATTGATTGGGAAAATAAGTCAGCTTGTTGTGTAGTTATGGCAGCAAGAGGATATCCAGTTAAATATGAAAAGGGAAATCTTATCAGTGGTTTAGAAAAATTTAATATAAATAATTCTGATAATAAGGTTTTCTTTGCAGGAGTCAAAGAGGAAGATAATAAATTCTATACTAATGGTGGTAGAGTTTTAAATGTTGTTTCTATTCAAGATAATTTAGAAAAAGCTATTGAAGTAGTATATAAAAATGTAAAAGAAATTTCATTTAAAAACAGCTATTGCCGTAAAGATATAGGAACTTTATATGTACCTGTTAAATATTAAAATTTATTTTAAATAAAATTAAAAAATTGAATTGCATTAAAATTTAAAAATAATGTAATTCAATTTTTTTGATGTTCTTTTTAATATATGTTACACTTGTGATACTAGACATAGGATATGGAGGTGGGTTATTATTTTAAAAATAGATAGTAACAATAAAGAAATGTCAATATATGAGTTAATCAAAAAAAATATTCAATCTGATGGAAGATTAAAAAAAGATTTTAAAATCCTTGATGAAGATGTTTGGAAAAGCAATGATGATGGACAAGAAGATGTTCAATGTTTAGAATATATTGATAACATGATTGAAGCAGATATAGAAAGTTTATTAGATATTATCTTTAAAATTAAAGATAATAATTATGATGAAATTGAAAAAGAATTAGAAATTTATTTTGAAAATTATAGAGATACAATTTTAATTTATAGAGAACCTTTATACAAATACTTTGGCAAAAATAAAATTTCTATATCATCACTAAATAATATATATAATTTTTTCAAAAAAATGTTAACTAAATCAAGAAATATTTTTATAATTAAGATTTCAATAATAATATTAAACTCTTTAAATTTAGAATACAATATTGAACTTTTAGAAATCATAAAAATATTAGCACTTTGCAGTGAGTTTACACTTTTAGGGGTTCTTTTGATAAAGACTTTAAAAAACATAGATATTAATAAAGAAATTTATGAATTAGCTAAAAAAGTTTATGCATGGGGAAAAATGGCTTGTATTTTTTATTTAGAAACCAATACCAATGAAATAGAAGATTGGATTTTAAATGAAAGTACAGAAGAAAATATTCTATATAACTTTGCAGCTATTACTTATTCTGACAAAGCAGATATAAGAAAAAAACTTAAAAAGACAT
NZ_CP022123.1_gap14	459374	459884	510	TGGCCATAATTTTAGAAAATACTGTTATACTACTAGTTGGACTTATACCTTGGAATATTGCAATGGATGTACCTCTAAAAGCAATAGGTGTTGGATTTATGTCTGGACTTTTTGCTTTCTATTTATATTTCCTGCCATTATGGAATTTATTTTTAAATTTTATAAAAGAAAAATATAAAATAAAAATTTAATTTGAAAATTAAAATAAAAAGTTGACTATTTTAGTATGAATTTATATAATTATATCATTGAGGTGAAAAATGAAAAAAGCTAATTTAATGATTGTTGGAACTTCATCAGGAGCAGGAAAAAGTTTATTTGTCACTGCACTATGTAGAATTTTTTATAAGGATAAATATAAAGTTTCTCCTTTTAAATCACAGAATATGGCACTTAATTCATATATTACAAAAGATGGAAAAGAAATGGGAAGAGCACAAGTTGTTCAAGCAGAAGCAAGTAGCTTGGAACCTGATGTAAATATGAACCCAATTCTTTTAAAACCATCAA
NZ_CP022123.1_gap15	465763	467629	1866	ATCAAATAATAAAGAAATGATAGAATCAATTAGGGAAAATTATGAACAAGGAAAAAATATTTTAGCTGAATGTGGTGGCTTTATGTATTTAAGTAATGGTATAGAGCAAACAGATGGAAAAATATTTAAGATGTGTGGATTAGTTCCTTGTGTAGTAAATATGACTAATAGATTGGATATTTCAAGATTTGGTTATATATCAATAAATAATAAAAATGATATTGAAATTGCAAGAGGACATGAATTTCACTATTCAAAATTAAAAGCTGTACTAGAAGATACAAGAAAATTTAAAGCTACCAAAAAAGATGGTAGAAGTTGGGAGTGTATATTTAATGAAAAAAAATTATATGCAGGCTACCCACATATACATTTTTTTGGAAGCTATAAATTTATAGAAGAGGTATTTTAAAATGGAGAATCCACAGAATTTATTTTATTTATGTTAAAAATTATAAAAGAAACTTTAATAGAAGTTGGAAATACAAAAAGCGACTGATAAAAATAAAGAAAAAATAAAATTATTAATAGAATATTTAGATCAAAATAATTCTATTAACAATAAAGAAGCACAAAACTTGTTAGATATTTCAGAATCAGCAGCAAAAAGATTTTTAAATAAATTAGTTAAAGAAAATATTTTAGAAGCTGTTGGAGAATATAAAGCAAGAAAATATATAAAAAATAATAAAAAGAATGAAATGGAGTGATGATAATGAGTTATATAAAAGTACCAGGAGATATTGAAAAAAGAAGTTTTGAGATTATTGAAGAAGAATTAGGAGATAAAGTGAAAAAATTCTCTGAAAGTGAAATGCTTATAGTTAAAAGAATAGTTCATACTTCAGCAGATTTTGAATATGCTGATTTAATAGAATTTCAAAATAATGCAATAGAAAGTGGTTTAAAAGCATTAGAAAAAGGATGTAAAATTTATTGTGATACAAATATGATAGTGAATGGGCTTAGTAAACCTGCACTAGCTAAATATAATTGTTCTGCTTATTGTTTAGTTTCTGATAAGGAAGTAATTGAAGAAGCTAAAAAAGAAGGGCTTACTCGTTCAATAGTTGGAATGAGAAAGGCAGGAAAAGACCCTGAAACAAAAGTATTTATTTTAGGAAATGCCCCTACAGCACTATATCAATTAAAAGAAATGATAGAAAATGGTGAAATAGAAAAACCTGCCTTAGTTATAGGTGTTCCTGTTGGCTTTGTTGGAGCAGCAGAATCAAAAGAAGAATTTAAAAAACTAGGTATTCCATATATCACAATAAATGGTAGAAAAGGTGGAAGTACAATAGGTGTTGCTATACTTCATGGAATTATCTATCAAATATATAAAAGAGAAGGTTTTCATGTATAAACTCCTATAAATTAAAGGAGAAAAATGAAAATAATTAGCAAATTTAAAGATTTTTATGATTATAAAGTAGCAAAATATGGAGTAGATGAAAAATTAGTCTATACTAGAAAAACTTATTATGATTATTATAAAATATTACATATAAATATACTTACAGATGAAAATGGAAGAGTTTCAGTAGAAGATTTTAATAAAAATTTAAAAGAAAATATTAAATATTTTAAACCCAATAATTATAATAAAGTGCTTATTATTGGAGAAAAAATAGTACACCTATTTTTTACTGAAAATAAAGTATATACTCATTTTGATATAAAAAATCCTAAAGATATAGGTGGAGAAAAAATATATAGATATTGGGCTTATTATACTGACAAAAAAGAAATTACTTTTAATGATGGAAAAAAAATTGAGTTTTTTATAACCTTTAATGATATTTGGAATGACTTATTTTCTTATGATAGAAAAAGATTTTTATCATATCTGAATATTCTAAAAAA
NZ_CP022123.1_gap16	468719	469308	589	TAAAGTAGCAAAATATGGAGTAGATGAAAAATTAATTTATACTAGAAAAACTTATTGTGAGTATTTTCAAGTTTTGATTGGAAATATAAAAAATATAAATATAGATTATAGAATATCAGAAGATAATTTTAATAAAAATTTAAAAGATGTTACAAAACCTATAGATGAAAAAAATATTCATAAGATACTTTTTATTGGAGAAAAATTAATACATTTATTTTTTACTGAGAATGGTGTATATACTCATTTTGATATAAAAAATAAAGAAGATTTAAGGAAGTTGTCTGACTTTGAATATAAAAAAGAAATTACTTTTAAAGATGGGAAGAAGTTTAATGTTTACAGTAGATTTAGAGAGGATTGGGAGTATTTACTATCTTATAATAGAAAAAAATTAATAAATCTTAATATAGATAAAGATGATATTATATTAAATGAACCATTGATTTTAATAGAACTTATTGGTACCTCTAAAAATAATAGATATCTTTATACTTATAAATTTACTTATAACCCCTATTTATCAAAGTTAGGGATATATATTGATGAAGATTTTATGTGGCAAAGTCTAGTTGAATTTTTATCTAAT
NZ_CP022123.1_gap17	655653	658416	2763	TGATAATATGAAAAATTATTTAAAGCATTTTAATATAGGTTCTTTTGATACTGTTATTTCAAATCCACCATTTTTTAAAATTAATGAAAATGTGAATTTTCTAAACAATTTAGAACAATTAAGTATTGCAAGACATGAAGTAGAAATTAATTTAGAAGAACTTATAAAAATTGCCTCTGAACTTGTAAAGGATAGAGGATATTTTTATCTTGTTCATAGAGCAGATAGATTAAGTGAGATCATGAGTAGTTTACAGAAATATAAATTTGAAGCTAAAAAAATAAAATTTTGTTATACAACAAAATATAAAAATGCTAAAATAGTTTTAATAGAAGCTATAAAAAATGGGAAAGCTGGTTTAACTATTCTTCCACCTTTAATCATTAATAAGGAAAATGGAGAATATACTGATGAAATACTAAAAATGTTTGAATAATGAGGGAAACTATGCAATATGATAATTTTGTTATGAAAGTGCTTTCAACAGCCAATACTATTGGTAAAATACTATTAACAAGTGGTGCTGAAACATATAGAGTTGAAAAAGCAATATCAACTATATGTAGAAGATTTGATTTAAAAGCAGAAACATTTGTTACTATGACATGTGTTTTAACATCTGCAAAAAAAAAAGATGGAGCTACTATTACAGAGGTCAATAGAATTTATACTATTTCTAATAACTTAGATAAAGTTGATAGAATACATAAAATTCTTCTAGATATCCATAGATATGAGCTTGAAGATTTAGAAAAAGAAATAAAAAAAATTCAGATACAAACTATTTATAAGAAAAATATTTTATTAATATCATACTTTTTTTCAGCTGCTTTTTTTGCTATTTTATTTGATGGTAAATTTAATGATTTTTTAGTTGCTGGACTTGGTGGGATTGTAATATTTTATATAGCTAAATATGCTAATAAATTAAAATTAAATAACTTTTTTATTAATACATTAGGTGGCTTTTTAATAACTATATTATCAATTCTTGCTGCCAAAGTTGGCTTAGTGTCTACACCTTCATATTCAGCTATTGGGGCACTTATGCTTTTAGTTCCTGGTCTTGCACTTACAAATGCAATACGGGACTTAATAAATGGTGATTTAATTGCAGGAACTTCAAGAATGGTTGAAGCAGCTTTAGTTGGCTCTGCATTAGCTATAGGTACAGGTTTTGCATTATTTGCAATGTCATATTTTTAATAATAAATTAGGAGAAATAATATGAATTATATAGAAGTTTTAGCTGCTACTTTTTCAACTTTTTTCTTTGGAATAATATTTAGTCTTACAGGGAAAAAACTATTTTATAGCAGTTTTGCTGGTGGTTTAGGCTGGTATACTCATTTATTGTTTTTCAAAGAATTAGGTTACTCTAAAACTGCATCTTATGTGGTTTCTGCCATGATTATAGCTATTTTTTCTGAAATAATAAGTAGACTAAAAAGGACAACTGTTACAACAACTTTAATTCCAGCATTAATTCCATTAGTTCCTGGTGGTGGAATATACTATACTATGTCTTTTTTTGTTGAGAATAGATTACCTGAAGCATTTGAAAAAGGTAGAGAAACTATTTTTTTAACAGTAGCATTAAGTGTGGGTATTTTTTTAATTTCTACTTTTTCACAAATCCTTAATAGAACTATAAAATATACAAGGGTTTTAAAAAAATATAGAAAATTTAAAGAGTATAAGAGAAGTCATAAGGTTTAGAAATGAAAGGATATAATTATGAAAATTTTATTAGTTAGTGGTTTTTTAGGAGCTGGAAAAACTACCTTTATAAAAGAAATGGCAAAAAATATAAATTTGGAATTTGTTGTATTAGAAAATGAATATGCAGATATAGGCATTGATGGAGATTTTTTAGATGAAAAAAATCTAAATGTTTGGGAAATGTCAGAAGGTTGTATCTGTTGTTCTATGAAAGGAGATTTCAAATCTTCTATTAAAAAAATTTACTCTGAAATCAATCCTGAATATTTAGTTATTGAGCCAACAGGGGTTGGAATGTTAAGTTCTATCATAGAAAATATAAGAGAAATAAATAATAATGATATTGAAATTTTGAGTCCTTTGACATTAATTGATATAACTTCATTTAATGAATATTTAGAAACTTTTAATAATTTTTTTATTGATAATTTAAAAAATACAGGAAAGGTAATACTAACAAAACTAGAAAATTATAATCCTTTTGATATAGAAAATATAAAAAATGAGATCTCTAAGATTAATAATAATTTAGAAATAATAATAGATGATTATAGAACTTTTTCAAAAGAATGGTTTGGAGAAATATTAAATAAAAATATTGATAACAAAATTATTGATAAAAATTTTTCTTTAAAAACACATATAAATTTAAGAACTTTTTCAAAAGAAAATATTAATTTAAAAACTATGGATGAGTTAGGTTTACTTTTAAATAGATTAGTAAATGGAGATTTTGGAAAAATTTATAGAGCTAAGGGGATAGTAAAGGTTGATGGCTATTGGGGAAAATTTAATCTTGTCTACAAAAATTTTGAAATGGAACCTATAACAGATGCTAAAGGAACTAAAATTGTTATCATCGGTAATAATTTAGATATTGATAATTTAAAAGATATATAAGAGGTATTATGGAAAAAGAAAATATATTGTCTGAATTAAGAAAAAATATTCAAGAAGATAAATTTATAAAAATAGTTTTTTCAGATAGACAAAATGGAGAATTTAACAAAATTATTATAAAATCTTTATCTCTAAAAAATG
NZ_CP022123.1_gap18	660245	663111	2866	TTAGAAGCTGGTATTTTTTCTCCTACAATGAAATCAACTGATATTTTAACAAGTGGTTCTGTTGGTTATATAATTACAGGAGTAAAAACTATTCATGATACAAGAGTTGGAGATACAATAACAAGTGTTAAAAATCCTGCTCTATTTCCATTAGCTGGGTTTAAACCTGCTCAGTCAATGGTATTTGCAGGAGTATACCCATTATTTACTGATGACTATGAAGAATTAAGAGAAGCCTTAGAAAAATTACAATTAAATGATGCTTCTTTAACATTTGTACCAGAAACTTCTATTGCCTTAGGTTTTGGTTTTAGATGTGGTTTCTTAGGTTTATTACATATGGAAATTATAGTTGAAAGATTGAGAAGAGAATATAATATAGATTTAATTTCTACTACTCCATCAGTTGAATATAAGGTTAGTATAGATAATCAAGAGGAAAAAGTTATAGATAATCCTTGTGAATTTCCTGACCCAGGTCGTGGAAAAATAACAATACAAGAACCATATATTAGAGGAAAAGTAATTGTTCCAAAAGAATATGTTGGAAATGTAATGGAGCTTTGTCAAGAAAAAAGAGGAATTTTTATTTCAATGGATTATTTAGATGAAACTAGATCTATGCTTAGTTATGAACTTCCTCTTGCAGAAATTGTTATAGATTTTTATGATAAGTTAAAATCAAGAACAAAAGGATATGCTTCTTTTGAATATGAATTAAGTGAATATAAAGTATCAAATCTAGTTAAAGTTGATATCTTGGTTTCAGGTAAACCTGTTGATGCTTTTTCATTTATTGCTCATAATGATAATGCTTTTCATAGAGGAAAAGCTATCTGTCAGAAATTAAGTGAAGTTATTCCAAGACAACAATTTGAAATTCCTATACAAGCTGCCTTAGGCTCAAAAATAATTGCTAGAGAAACAATAAAAGCATATAGAAAAAATGTTATTGCTAAATGTTATGGTGGAGATATTACAAGAAAGAAAAAACTTCTTGAAAAACAAAAAGAAGGTAAAAAGAGAATGAAGAGTATAGGAAATGTTGAAATCCCACAAGAAGCATTTGTTTCAGTATTAAAATTAAATGATTAAATAATAAATTTGGGGGCTATAAATTGCCCCCATTATTTACAATAATTTAATATTCATTTGTCTACAAATTTCATGAACTTCTTGTGACCATATAGATGCTTGTACTTCTCCTATATGTAATTTATCTAAGAAAAACATACATATACGAGATTGTCCTATTCCTCCACCTATTGTATAAGGTAAAACTTTGTTTAAAATCATTTGATGATAAGGTAAAGATCTTCTATCTTCACAGTTAGAAATTTTTAATTGCTCATCTAATGACTTTTCATCAACTCTTATTCCCATAGAAGATAATTCAAGTCCTATTCCTAAAAGTGGATAGTTAAATATTATATCACCATTCAAGTCCCAATCATCATAGTCAGGTGCTCTACCATCATGTTTTTCACCAGAAGATAATTTTCCACCTATCTTCATCAAAAATATTGCTCCATACTCTTTTGCAGCAGCATGTTCTCTATTTTTAGGAGTTAAGTTAGGATATTTATTTTCAAGTTCTTGTGCAGTTATAAAAGTAATTTCTTCTGGTAACTTTTTAGTAAGTTTTGGGTATTCAGTAGTTATATATTCTTCTGTTGCTTTAAATACAGAATAAATTTTTCTAACTACCTCTTTTAAATATTCTTCATTTCTATCTTCCTTAGAAATTATTTTTTCCCAATCCCATTGGTCAACATAATAAGAATGAATAAAGTCAGTATCTTCATCTCTTCTTATAGCATTCATATCTGTATAGATACCTTTATGATTTTCAATATTATATCTATACAATGCCATTCTTTTCCATTTTGCAAGAGAATGAACTATCTCAACTCTTTCTCCACTTTTAGTATCAAAAGATACAGGTCTTTCTGTCCCATTCAAATTATCATTTAAACCAGATTCTGGAATAACAAATAGTGGTGCTGAAACTCTTAACAAATCTAATTCTTTTGCAAGGCGACTTTCAAAAAAATCTTTAACTTTTTTAATAGCAATTTCTGTTTCTAAAATATCTAAACTTGAAATGTAAGCCATAATTTAACCCCCAATATATTTAAAATTATGGAAATAATTATAGCACTATTTATATATTTTATCAATAAGAAATTAGTATTAAAATACTTAAATTTTAAAAAACTCACCAATTAATTTATATAAATTATAATGATCATCAACTCCACCTAGTTCTCTAACAGAGTGCATAGAAAGTAAAGGACTTCCAATATCTATTCCTAAAATCCTTATTTGTGATTGTTGTATAGGCCCTATTGTTGAACCACCACGAACATCAGAACGATTTACAAAAGTTTGAATAGGAATTTTAGAATCTTTTGCTATTTTTTCTATAACAGATTTTGAATACCCATCAGTTATATATGATTTATTAGCAGCCATTTTTATAACAGGTCCACAATTAATTTTAGGTTCATTAGTTGGATCTGATTTTTCTAAATAATTAGGATGTATAGAATGTGCTGCATCATTTGAAATAACAAAAGAATTAGCTAAAGCCTGTTGATGTTCTTCAAAACTTAGCTTCATTGCATTTGAAATTCTTTCCAATATATTTTTTAAAGTTGGACTATCTGCTCCTTGAATTGAGTTAGAACCTATTTCTTCGTTATCATAACCTACAACAACACAAGTATTCTTTTTATCTTTATTATCTACTAATGACATTAAACCAGCATGAAGTGCTGCAAGATTATCCAATCTTCCAACTGATATAAATTCTTCATTAGCTCCTAATAAGCAACCTTTTTCTCTTGAATATAGATTTAAATCA
NZ_CP022123.1_gap19	667192	668656	1464	TGTAACTCTCCACCTGATAAAGTTTCAATATTTCTGTCTCTTAATTCCTTAATATTCAATAAATTTATATTATTTTCAACTATTTCATAATCTTTTTTAGTATAATTATCCCAAGAGTTTTTTAGCAATGGAAATCTACCTAATAAAACATAATCAAAAACAGAAATGTTAGGAATTATTATACTCTTTTGTGGAATATATGAAATAAGCTGAGCTATTTTCTTATGAGTAAGTTCTCTTATATCAGTATCCATTATTTTAAAAGATTCAAATTTACCATTTATATATTTAATAATATTTTTAGCCAATGTTGATTTTCCACACCCATTTGGACCTATTATTCCTGTTAATTTATTTTCATCTATATCTAAGCTTAACTCTTTTAGAACTTCTTTCCTTCCATAAGAATAATTAAGTTTTTCTATATTTATTATTGCCATTATTTCCTCCTACTTCTTTTCAAAGCTAAATATAGAAAGAATGGTGCTCCTAATATAGAGGCTATAACTCCTATTGGAATCTCAACAGGTGCTAGAATAATTCTTCCTAATGTATCACATGTCAATAAAAATATACCTCCATAGATTAAAACAAAGGGAATTAATCTTTTATTTAAGGGTCCAATAATATTTCTCATTATATGAGGTACAATAAGTCCTACAAAACCAATCATTCCTGTAAAAGCAACAGAATAAGCTACAACAAAAGATGATACTATAAGTAAATGAAATTTTAACTTTGCTATATCTATTCCTAATGAATGTGCTTGTTCATCACCTAACATCAGTATATCAAGTTCATTTCTTTTTGCATAAAAATATACACTAGAAAATATAAGTGGAATTATTAAAAATACTATTTGATTCCAACTAGCATTACCTAAATATCCCATAAGCCACATAGTGATTTTAAATGAATCTTCTCCTATCATATAGATAGCAAAAGATGTAAAGCCTGCTAAAAATGATGATAAAGTTATTCCAACAATAAGTAAGGTATTAACCTCTATTTTATTCCCCCTTTTTGAGATTTTAAAAATTAGAAGTGTACTCACCATACAACAAATAAAAGCAACTATTCCATAAAAAAATTCTGGCAACTTTAAAAGATAAGCTATAACAGCACCAAAGGTTGCACTTGAAGCTATACCTATTATGTATGGATCAGCAAGTGGATTTTGAAATATTATTTGTACAACATTTCCACTTGAAGCAAGTAACATTCCAACCAAGAATGCCATTAAAATTCTTGGTAATCTCAAATCAAATAGTATTGTTTTAGTGTATTCATCCATAGGTGATAAAAATAATAAACTTTTTATTGGAATAAAAACACTCCCTACTGATAGAGAGAGTGTTATTACTATAAAAGTTATCATCAATGACATTAAAAAAAACTTTTTTTTCATCTTGTTTCCTTTTATTAAAATTTATATTTAAAACCTGCATAATAATTTATTCTTGG
NZ_CP022123.1_gap20	669702	670666	964	AAACAGTTTTGAAATCAACATTATTTGTGCTTCTTAATTCAGTTAACAATGCATTAAGTTTATTTGTCATAGCTGTTCTTGCTCTTGGAGGTAACATTGGATTTCTAAGAGCAGCTCTTAATCCAGCAGCTTGTCCTGCTAACATTCCTTTATATTCTGTAGTATAATCTTCAATAGATTCAGAAGGAATATCTGTTCTTTGATAAAAACCTAAGACATTTAAATCATTTTTATCTCCTATTTTAGTGTTATATGTTAAAGTAAATTCATCTTTTTTTATTCTATTATTTTCTTTTGCTTCTTTATCATTACCACTTTGTCTTCTATTATCATCTAATTCTTTTTGAGTTAAGAAACTAGGATAAGTGTATTTATCTCTATAACCACTATATTTAAAAGCTATGTTGCTTGTTTTACTGATATTATAATTAATTCTTCCAGAAAAATAATCAGAGTTAGTAAAATCATAATCTCTATATCCATGTTTTCTATTTTTTGAATAATTTACATCAAAATCAAAATTTCCAACACTTGTTCCAGCAGAAACATCAAATTTATTATTTGCAAAACTTCCTACTTGATATCCTACTCCTCCACGAACATTATTATTTCCTTTGTATTTTTTAGTTATAATATTAATAACTCCTCCAGATGTTCCACTTCCATATAAAACAGCTCCTCCACCTGGTATAACTTCTATTCTTTCTATTTCATTTATATTAACAACATCAATAGGTACATTCATATGTGAAGTATCAAGCATATTTGCAGGAACTCCATCAACTAAAAGTTGAACTGTTGCTTTTGCTTTTTGATAACCTTGTCCTCTTACATCAACTGCTGGATGTAATCCTTCTTGTATATTTACACCAGGAACTGAATCTAAAACTTCTGATACAGAAGTATATCCTTTTGTTTCAATATCTTTTGATGTAATTATAAAAGGTGATGTTGTAGAGTTTCT
NZ_CP022123.1_gap21	675303	679020	3717	ATTATTATATTTTGTAATATTATTAAAATATGAAAAATATTCATCCTCTGTCATTTTATCATTTGTAGCTATTCTAAATGTTGAAATTAATTTTCCTTCATCATCATAAATTCCTGTAACTATATGAGTATTTCCTATATCAATACCAATAATCATTTGTCAACTCCTTAAAAATAAGTTATTTTTTTCATTATAGCTACATATATAAATGTTGTCAATATTTTGTCAATATCAATATTATGTCTATACATTTTTATTTAAAAAATATATTAATTATTATTTTAATAAATTGTATCATTTTAGTTAAAAATAATTATTTGACTTTTTAAAATTTCATTGAAAACTAAAATTATATATGTTATTATTAAAGTGTTGTTTAAAACAAAAATTAATTTAATTAAAGAGGTGTAGTTTTGAAAAGAATAAAATTTGTATATATCTATTTTTTATTCTTATTTTACTTAATAGGAGGTCATTTTATAAATCTTCCTTTTATTAATAGAGGAATATATGATAAAATATATAAGTACTTAGGGATAATGTTAATTCCAACACTTCTTTTTTTTATTTTATATGGTTTTGTATTTTTGATAAAAGATAAAAAATTAAGATTCTTTTGGGAATTGAGATTATACTATGCATTTATATTTTTTATTATTGCTGTATATTTGTATATTTTATTCAGTTCAGGTGTTTATTTTATAAATGTTAAAAATTTTGAAATTAATGAAGAGTTTTTAAGAACTTTAATTAATAAATCTTTATTTGAATACAATATAGGTTATTTACCTACATATATTCTATATGAGTTAATAAACATTAGCTTAAAATTTAATCAATATCCTTTTTACTACTTTTATTATTTTTTAATTGGATTTGAAGTTTTTTTAATTATACTTATGATTTTTACTCCTATGAGAAGAAGCATTATAAAATCCAATATAAAAAGAAAAAAAGAAAGACAAAGAGCAGAAATAGAAGCTGAGTTAATGGAACAAATTAAGATAAAAGAGGATTTAGAAAGAAAAGAAGCATTAAGAATACAAAAACATAAAAAAATGGAAGAAGATGCTATAAAGAAAAAAGCTGATAATTTTGAAAAAATGAAAAAGAATAAAAGAGCTTCTAGGAAGAAAAATAAGGAAAAAACATCAGAAGAAGAATTACAAAATATAATGGGAAAAGTAACTTTACAAAAAACAGTAACTATTAATAGGGAAGATTAAAATGATTTTAGCTTCAAATTCACAAAGAAGACAGGAAATTTTAAAAGATGCAGGTTTTAATTTTAGAGTTATAACATCTAATATTGAAGAAATAAGTGACAAAGAAAATGTTATTGAAAGAATATTAGATATAGCTGAAAAAAAATTGGAACAAATTGCAAAAAATAATGTAAATGAATTTATTTTAGCAGCAGATACTGTTGTTGAATTAGATAAAAATATTTTTGGAAAACCTAAGGATAGAGAAGAAGCCTTTAAATTTTTAAAGTTTCTATCTGGTAAAATACATAGAGTTATAACTGCTTATGTATTTAAAAATATTTCTAAAAATATTTTAATAAGAGAAGTTGTTATAAGTGAAGTCAAATTTTTTGACTTAGATGATGAAACAATAAACTGGTATTTAGATACTGGCGAGCCTTTTGATAAAGCTGGAGCTTATGGTATTCAAGGCTATGGAAGAGTACTTGTTGAAAAAATAGATGGGGATTATTATTCTATAATGGGTTTCCCTATTTCAAATTTTTTTAAAAATTTAAGAAAAATTGGTTATAAAATAAGTCAAATAGATAAAATTTAATGATGAGGTGCAAAATAATGAAAAAGTTTATGGGCAAAATTTTAGGAATATTTTCAGATGATTTGGGTATAGATTTAGGAACATCTAATACATTAATCTGTATGAAAAATAAAGGTATTATTCTAAGAGAACCTTCTGTTGTTGCAATTTCTACTAAAACAAAAGAAATTTTTGAAGTTGGTGAAAAAGCAAAACATATGATAGGAAGAACTCCTTCTACTTATGAAACTATAAGACCTTTAAGAAATGGAGTTATTGCTGATTATGAAGTTACAGAAAAAATGTTAAGATGTTTTTATAAGAGAATAAAATCTGGAACATTTTTAAATAAACCTAGAGTAATTATCTGTGTACCTGCTGGAATAACTCAAGTTGAAAAAAGAGCAGTTATGGAGGTTACAAGAGAAGCTGGAGCAAGAGAAGCATATTTAATTGAAGAACCTATGGCAGCAGCAATAGGTGTAGGAATAAATATTTTTGAACCAGAAGGAAGTATGGTAGTTGATATTGGTGGAGGAACATCAGAATTAGCTGTTGTTTCTTTAGGTGGAGTTGTAAAAAAATCTTCTTTTAGAGTAGCTGGAGATAGATTTGATACTGCTATTGTAGACTATGTAAGACAAAAACATAATTTATTAATTGGTGAAAAATCAGCTGAGGATATAAAAATTAAAATAGGTACTGTTAGTCCAGAAGAAGAAGAAATGGAAATAGAAGTTAGTGGTAAATATGTTTTAAATGGTCTACCAAAAGATATTACTTTAACATCATCTGAATTAATAGATACTTTATCTGCACTAGTTCAAGAAATTATTGAAGAAATAAGAGTAGTTTTTGAAAAAACTCCTCCTGAATTAGCTGCTGATATTAAGAAAAGAGGTATATATATAAGTGGTGGTGGAGCATTACTTAGAGGAATAGATAAAAAAATTGCTGCTGGTTTAAATTTAAAAGTTACTATATCAGAAGACCCTTTAAATGCTGTTATTAATGGTATAGGTGTGTTATTAAATAACTTCTCATTATATAGCAAAGTTCTGGTCTCAACAGAAACAGAATATTAATATTAAGGAAATTTAAATGAGTATAAAAAATCAGGTCGAAGCTATTATTTTTTTAGGTGGAGATGAAAATAAAATAAAAGATTTAGCTAAATTTTTTAAAATTTCTATTGAAGATATGTTAAAAATTCTTTTAGAATTGAAAGATGATAGAAAAGACACTGGTATAAATCTTGAAGTTGATTCAGAAATAGTTTATTTATCAACTAATCCACTATATGGTGAAGTTATTAATAATTATTTTGAACAAGAAACTAAACCTAAAAAATTGTCATCTGCTTCAATAGAAACTTTATCCATAATAGCATATAAACAACCTGTTACAAAATCAGAAATTGAAAGTATTAGAGGAGTTTCTGTTGATAGAATTATTTCTAACTTAGAAGAAAGAAAGTTTGTTAGGAATTGTGGTAAGCAAGAAAGTGGAAGAAAAGCTAACTTGTATGAAGTAACTGATAAATTTTTATCATATTTAGGTATAAAAAATATAACAGAATTACCTGATTATGATTTATTAAAAGAAAAAATTAAAAGTATGGAGAATATGACTACTAATGAGGATTAATAAATTTTTATCTACTCTTGGCATTGCTTCAAGAAGAGCTATTGATAAATATATTGAAGAAGGTAGAATTACTGTAAATGGTAATACAGCAACAACTGGAATGGATATAAATGAAAATGATAATATTTTTATAGATGGTAAAAAAATTAAAACCAGTATAAATGAAGAAAAAGTTTATTTTATGTTAAATAAGCCATTGGAAGTATTATCTTCTTCAAGTGATGATAGAGGTAGAAAAACAGTAGTTGATTTAATTAAAACTGACAAAAGAATTTTTCCTATTGG
NZ_CP022123.1_gap22	724605	726467	1862	CCCTTATAGTAGCTTTATATTCTTCAATTATATTAGATATTTTTCTATCTACAATAGTAATTTTCACATTCTCTTTTGCATTTACAAGAGTTTGATTTATTGCTAATTCAAAAAGGCTTTTTCCACAATCTTTAAAACCTATCAATAATATATTAGGAGTACCTATTAAATTTGAGAAATCATCAAGAGAAAAATTTTCTCCTCTTTCTTCTTTTATTTTACTCCAATCTTTTTTTAATCCACTTGTTTCATACAATTTAAAATTTTTAAGATTGATTAAGTTATAAGATATTAAATCATAGATATTAAAATATTTTATATCAAAAATTTTAATTTCATCCATTTTATGTTGGACAATATTTCTTATATATTTATTTACAGTATTCACATATACATTGACTGTTTTATTTTTTTTCTTTTTACTTTTACCAATAAGTTCTGAAATTAATTTTAAATAGCCATAATTTCTAGGTTCATCTTCAAAACAAATAATAGTATCCACAGAGGCAAAATTATATTCTGAAGAAATTCTTATATTTTCATCATTCAACCCAGATATATAATCTATAGTGCAAGTCATTACACCTAATCTATTTAAGATATCTATATCCTTTTCTGCTATTCTTTCAGGTAACACACATAAAATCTTTTTCTTATTTTTTAAACCAATATAATTTTTCATAAATGAAAGGCTATAATCATTGTATCCCATAACAATTATATGCTCCTTAGAAAAATGAGTAATTTTTAATTTAATAGCTGTATATAACTTATTAAAAATAGAAAATGTTACTAATAAAGTACTTATTGGTGCAATCCATATAGCAAGCTCATAAGTTAAAGGATTTTGTTTCGTAAAACCTTCTATAGGAACAAAAAGAAATAGCTTTAAAACAGAAACAGAAATAACAGAAATTTCCTTTAATATACTATCATATTTACCATGATAAACTTGAAAACTTCCAATTAAACTTAATACAAATCCTAGAATATATATAATCCATAGATTTTTATTAAAATAATGTTTTATAATATTTGAGATTTTTTTCATCTACTATTTTCTCCTTCCAATAGAATTTAGCTCTGCTTCACTCAACCTTCTATTTTTTAAAGTTTTATTTGCAATTTGAGAAAGTTCATCTGTAGAGTACATATTTATTATAACTATTTTATCTTTACTTTCATTATAAGCAACTTTTTTATTATCTTTACTTATTACAGGAAGTGATATAAAAAAGTCATTATTACTACTATAAAGAGTTCTTATAGGTTCTCCTGTAACTAAGTCTGTTATAACTGTATTATTTTTAGGATTACTTGAAACATAATATTTTCCATCAAATGACATATTTATAGTGTTAAATTTTAAACTTCCAACACTAGTTTTTATTTTATTATCAGCATAATACAAAACTTCACTATTTGGTTTTGTAATAAATAATTTACTATCTACTTGTCCATATATTGCTCTAATATTATTATTTTCACTATTTATAGCCATAACTTCTCCATCTATTTTTTGTATAATCTTTCTTTCTTTAAGAGAGAAAATGGTTGATTTTTTTGTAATATAATTTATGGCAACAAAATTATCATCATTACTCATCATAAATGAAGTAGCTTCTCCATTTTCTTTATCTTCAAGTGAAAAAAGGAATTCTCCTGTTTTTGCATTATGAACAAATAATTGATTATCAGGACCTAATGTATATAGAAAATTACCATCATTACTAAATTGTAATTCTAAAATATAGGGTAATATACCTTCTTTAACAATATGAGATTTTGTAGTATATATTTTTTTATCTTGTTTCACATCAAAAACACTAGCAGAAGCCCCATTTGTACTATCAGATAGTGCC
NZ_CP022123.1_gap23	730856	734856	4000	TTTAGAAAGTCCTGGAATAAAAAAATACTTTTTTAAATTTCCACCCAAAAATGATTCTTGAAGATGAAAATTATCTACCCAACCTTCAGCTGAAAAATATTCTAAATTAATAATAAGTTTTGAGCTTTTTAATGCTTTATCCATATATTCTTTTGGAATTTCACATCCAAAAGTTTCTATTATTAAATCAGCAGAGTTTTCTATTTTAGAAATATCTTTATAGGCTATAATCTCTATATTATTTGATTTTTTTATAAGATTTATTTCCTCTGTTTGATTTATAATAAATCTTAATTTTTTACTTGGATAAATTCTTTTAAATTCTCTTGCTAATCTATAAGCTACTCCAACATCACCATAATTATCAATAACTTCACAGAATATGTCTATATTATTTATTTCCATTATTCTTGTCTTTCTTGTTTTACCCTTTTAGTTGTTGTATCTGTTTTATTTGTATTTTCAGTTACTTCTGTTGTATCAGTTGCTTCTACTTTATTATTTTTTATAGTTTGTTGTTCAACTACCTTTTTAGGAGTAGGTTTTTTTGCAGTTGTTTTTGCTTTTTCTTTTGTTTTATTATCTGTTACTTTTTTATCATCTTTTTTTACTTTTGTTTCTGTTGAAACTCCAGTTCCAACTGATACAGAACTTCTTCCTCCTCCTAAACCAATGCCTGTTCCAACTCCAAATGAAGTTGTACAAGCTGTCATTAATAATATTGGTGCTACTAAATAAAGTATTTTCTTTTTCATAGTAAATCCCCCTCTTAAAATAATTAAATTATATCTTCAAAATTAACTTCTTTAACTTCCCCCAAAGTTAAATCATTTAATTTCAATTTACCAAAACTCACTCTTTTTAAATAACAAACTTTGTTATTTACTGCTTCTAGCATTTTTTTTACTTGATGAAATTTTCCTTCTTTAATAGTCAAATAAATTTTATTATCAGATATTTTTTCAACCTTTGCAGGTTGAGTGATATAATTTCCTATATCAACTCCCTGCTCTAGTTTCAAGATATCTTCATCTAAAATATTATTTTCTATTTCAACATAATAAACTTTGTCTATATGATTTTTAGGAGATAGTAATCTGTGATTTAGTTTTCCATCATTTGTAAAAAGAAGTAAACCTTCTGTATCTTTATCAAGTCTACCAACAGGAGCTAAATCTTTTCTTATCACCCATTCTGGTAGTAAGTCCATAACAGTATCTTCTTTAAAATCTTCTGTTGCTGTTATATATCCTGCTTTTTTATTCATAATATAGTATCTAAATTCTTTATATTCTAGTCTTTCTCCATTATACTCTATAATATCAGAACTTTCATCTATATTATCTTTGGCTGATATATCACTTATTCCATTAACGGTTATTTCATCATTTGAGATTAACTTTTTAACTTCTTTTCTACTTCCTATACCACATTCAACTAAGAATTTATCTAATCTCATTAATCTTCAATCCTTTTTCCATCTTTATACTCATAGTGTTCTACAGCACCATCTTTATATACATATTTAGCTGCTCCCTGTAAAACTCCATTTACATAAGTAGTTTCTTCTAAATCTCCATTTGCAAAATAGTATATTGAACTTCCATTTTTTTGATTATTTTCACCATATATAAAAATTTCTCTATCACCATTTTTATATAATTTTTCAGCTTCTCCAACTCTTTTATTATTAGCAAAGACAAATTTTATCTTATCACCATTAGGTAAATTTTCAACTGCAGGTCCATTCATAGCACCATTTTGATGTGTAAATTCAATAGTTTTTCCATCTTCATATTCTATAATACCATTTTTTGTATTTAAATAGGTATCATTATTTAAAACATCTTTAAAAGTAGTAACAGTCATAGTATCTAGATCATAAGATTTTAAATCATAAGAAGTAAAATCATCATTTGATACTAATTCTTGACGAGTTGTTGCTTTATCACCATTAAAGAAGTTTTCTATAATTTTATTATCTTTAACTTCAACCACAACTTTTTTAGTTTCATCATCAATGCTTTTATAATTATAGACTTTTTTTCCAGTTAATTTATCATAGATTCTCTTATAGAAAGGTCTAATATCAACTTTTGCATATCCTAATGATTCCAATGCTCCAAGTCTTTGTTCTTGCCAAACTTCTTGAGGGTCTCCACTTTCTTCTTTAACATCTTCCACTTTCTTATCAGTATTTTCAAAGTTAAAAGTAGTTTTAACTTTATCTATATCCTTACCTTTTTCATGACTTTGGTAGGCAGAATAAGAATAACTAATTGCAAAGGCAACTATAATTGAACCTATTAGGAAAAGAATAAACTTCTTTAAATCCTTATTCACCTTTATCCTCCTCTTTTTCAAGTACAGTTCCTAATGGTTTCACAGTTTCTCCAACTTCTTCTTTTTCTTCTTTTTTATTGAAAGCATTTAAAGTTAAATAAGCTAATCCTATTGAAATTATATATAGTAATATTTTAAAGTAAGATACAGAAATATATTTGCTTACTTCTCCACCAGGTAATTTTACATATAAAACTATATAAAAAATTACTAAGAAAGCTATATTTCCAAAAATAGAATATTTTAAAAGATTTTTATTTTTAGAGAAACTTGAATAAATTAAAAGTCCTGCTAAAGCCAAGAATAATATTCCAGAGAACATTAAAATAAATCTTGCATTTTTAGCTTCCTTGCTAAAATCAGCTAATTCACTTATACCTTTAAAAAATCCTATTGAATAATTCCCAAAAAATGGAACTTTTATTGTTATAACTCCTAGGAATAAAGTATTTAGTATAGACAGTATTCCTCCTCCCATTCCAAAAAGATTTTCTTTTCCTTCTGGTACATTGTTTACAAAATCATTAACTTTATTTGTCATTTCTTTTGCAGTTTCTTTTACACTTTCTTTATCTTTTAAGCTAGTCATAGTAGATTTAAAATCAAAACTTTCTTTGACAGCTACATAAGTTGTAAATTCTCCATCTTTCAGTTCCTTAGAAATTTCTGTTATCTTTTTTGGTTCAGGTGCTTCAATATTAGCTTTTTTAAGTTCAGCCAATTTTGTTTTTATAACTCCTGCTGCTACATCTTGTATGCTTTCTTCAGTTTCAGCTGTTGTTGTAATACCTTCAAAATCTGGAAAAGATATTAAAAATTTTCCACTTTCTAATTGTCTAACTACTGCAATATAATTTGTTGTTGCCATACAACCCCTCCATTTTAAATTTTTTTATTATTACTATTATACCAATTCTTTTCAATTTTTGAAATATTATTTATACATTTTTTCTCCACTATTCATTATTTTTTCTAAGAGAAAAATCTTTTTTTGCATTTTCCATCCATTTATCTTGTGAAATCATGGCTTTTCCTACTGCTACAAAATCTAATAAGTTATTTTCTACAAGCCAACTAGCTTGGCTTTCTTTTTTTATTTTACTTACTCCTATAACTGGAATGTTTATATGCTTTTTTATCTCAGTTCCCATATATATTATCCAATCTAATGGAAAATCCTTAGGGAAATTATTTATTTTTACTTGTCTTTTATATTCTGGATTAGGTACTCCACTTGAAACATGTAATATATCTAAACCATAGCCTTCTAAAATTTTAGCATTTTCTATACCATCTTCAAGTTCAGGCTCATTTCCTCCCATTCTGTAACCAAGAATGAAATTATCATCAAATAAATATTTTGTATTTTCTATTAATTTTTTTGAAAAATAAAGTCTTTCTCCATATTTATCTTTTCTTTTATTCCAAAGTTTCGAATTCAATTGAGAAATTAAATAAGTATGTGCTCCATGAATTTCTATTCCATCAAAACCACATTTTTTAGCTCTAACAAAAGCTTCTTCAAAAAGTTTTAGAATTCTATCTAATTCTTCTTCTGAAACCTCTGAAATTTTTTCTTTAAAACCTGCATGGTGAATTTGTATCATACAAGGCACATCATATTTATGAATTTCATTAGCAACTTTAGTAAGTCCTT
NZ_CP022123.1_gap24	740576	741998	1422	AAACTTCTTTTCTTTCCTCATAAATTTAACTATCTGTATGTATACTTTTTCTCCATATACTTCTCTATTAAAATCTAATATATGGGCCTCTAAGCTAATTTCTTGCTTTAAAGTTGGATTATATCCAACATTTACAACTCCATATAACACTTTTGAATTTTTATCTCCTACTTGTAAAAAAGCTCCATATATTCCAAAAGGAGGATATAATCTATTATCCATTTTTATATTTGTTGTTGGAAAACCTAATTCTCTTGCTATTTTTTTACCATGTATGACTTCTCCAATAACTAGCATTGGGTGGTCTAAAAATTTTATTGCTCCTTCAAAATCTGAATTAGCTATTTTTTTTCTTATAGCTGATGAACTTACTAACTCTCCATCCAGTGTAACAGGTGGTAATTCAGTAACTTTTATATTGTGAACTTCTGCTAAATATTCTAAATCTTCTACTTTTCCTACTCCACCTTTACCAAAAGAAAAATTAAAACCTATAAAAATTTCTTTTACTTTCAATTTATTTTTTAAAATTCTAACAAATTCTAAAGGAGTATATTCTAAAAATTCTTGATTAACTTTTTGCATTATAACAACATCTACTCCCAAAGATTCAAGAAGATATAGTTTTTCTTCATTTGTATTTATATACTCAAACTTTCTCTTAGGAAATAATACTTCCATAGGATGTTTTTCAAAAGTAAATACAACAGCTTGTTTTCCGTTTTCTCTGGCTGCTTTTATAGTTTCTTTTATAAGTTTTTTATGTCCATAGTGTACCCCATCAAAATTTCCTATAGCTACATAAGTATCATTAAAATCAATATCTGTTGTCAATATATCATTTACTACTATCATTATTTCTATTGCTCCTAACTATTCTTTTCTTCCTCTAAGAGAGAATTATATATTTCTTCTATTCTTCTAAAACGATTTCTTATCCCCGACTTAGATATATTTATCATATCTGCTAAACTTTGTAAAGAGTCTTCTGGATTATTTAATCTTAAAAAGGCAGCTTCTTCTAAGACTGGACTCAAACTATTAAGCCCAATTTTTTCACCTATATACTTTATCATTTTTATTTGATAATTTCCAGTGTTTAAAGTTTTTGTTTCATTAGCAACTTCCCAATTCATTTCTCTAATTGTTTTATTTTTTAAGTTTTTTATAATAGTTGTTTCTTCGTACTCAAAAAAATGTTGAAGTGCATCCATTAAAACTAATATATCCATTATATCCTCTGAATTTCTTAAATATACTAAAATTTTATTTTTTTTATTTGTTTTAAATATTTTTTTCTTTTTAGAAAATAAAATATTGTAAATTTTATCTGCTAATTCTACATTATCTACAAAAAAATCTAAGGAGTATTCTTTCTTAGGGTCTTTTATATAACCACAACTTAAAAAGAAACCTCTTATA
NZ_CP022123.1_gap25	749412	752183	2771	ATCAAGACTTTTAGGTATACCTACAACTATCAAATTTGTATCATTTTCTTTACAAATCTCTGCAATTCTTTTTACAGATTTTATTTTTTTTCTATTGATAGTTTCTAATGGAGAGGCAATTACACCCATTATATCTGATCTTGCTACCCCTATTCTTACATCACCTATATCAAGTGCTATATATCTTTTCATCCTACCTCTTAATTTATTATACTTATACTAACTTAGCTTCTATGATTTCTCTTACTTCTTTAAAAGCATCTAAAAGTTTTCCCTCATCTTTTCCACCAGCTTGTGCAAAATCTGGTCTTCCTCCACCTTTTCCACCTGTTATTTCAGCTAGTTTATTTACTAAATCTCCTGCTTTTACTTTATCTGTTAAAGTTTTTGTTACTCCAACTGCAAAAGATAGCTTGTCTTGTGTACTTGCTAAAACTATAATTGCCTTTTCATTGTTATCTTTTATAGTATCTATCATAGTTCTTAAATCTTCAGTTGATTTATCTTTAAAAGTAGCAATTAATACTTTTGCTCCACCAATTTCTTCCATATCAGAAATAACAGACTTTGTTTCAAATAAAGCAAGTTTTTGTTTTAAAGTTTCTAATTCTTTTTCAGTATCTTTTAAAGTTTCTAATGTTTTTTCTACTTTTTCAACTAAATTTATATTAGTTGCCTTTAATTTCTTTTCAATGTTATTTAAAATATCAGCTTCTTCCTTTTCAACTAAATATGCCCCATATCCAGTTTTAGCTTCTATTCTTCTAACTCCTGCTGCAATACCACCTTCAGATACTATTTTAAATAAACCTATTTTTCCAATATTATCTATATGTGTTCCACCACAAAGTTCAGTTGAGAAACCAAGTACATCTACAACTCTTACTACATCTCCATATTTATCACCAAATAACATCATAGCTCCAAGCTTCTTAGCTTCTTCTATGGTATGATGACTTACAGCAACTTCTATACCTTCTCTTATTTTTTCATTAACTATATCTTCAATCTTAGAAAGTTGTTCAGCTGTCAATGCTTCATAATGGCTAAAGTCAAATCTTAATTTTTCAGAATCAACTAATGAACCTGCTTGTTGTACATGAGTTCCAACAACTTCTCTCAAAGCCTTATGTAGCAAGTGAGTTGCTGTATGGTTTTTAGCAGTATCTAATCTCTTTACAATATCTACTTCTAATTTATAAGTTTTATTTTCTTCTGCTATACCTTTTTCAAATTCAACAGTATGGATAAATATATCTTTTTGTTTTTGTACATCTAAAACTTTTCCTACAAAGTTATCAGAGCAAATTTTCCCTTGATCCCCTACTTGTCCACCTGATTCTGCATAGAAAGGAGTTTTATCAAAAATTAATAGATATTTCCCATCTTTTGCTTCTCTTAGGCTTAAAAGTTTCCCTTCATCTTTTGTTTTTTCATAACCTGTAAATTCTGTTACTCCATATTTATCATAAAATTCTTCAATAAAACTATCTTGACCTTTTTCCATTACTACTTCTCTTGCAGATCTGGCTTTTTCTTTTTGTTCTTCCATTTTAGCTTCAAATTCTTCTCTTAATACAGTTATTCCTCTTTCTTCTGCAATTTCTTCTGTTAATTCATAAGGAAAACCATAAGTATCATAAAGTTTAAATGAAACTTCTCCATCAAGTTTATTTTTTCCATTAGCAAGTAGATTATCAATTTCTTGATTTACAAGTTGTATACCTTGATCAAGAGTATTAGAGAATTTTTCTTCTTCTATTTTTACTATTTTTCTAATATTTTCTAAGTTCTTTCTTAAATCTGGATAAGCTATTTCAAATTTTTCAACAACCTTATCTACCATTTTATACATAAATAAATCTGTATATCCTAATAATCTCCCATGTCTTACTGCTCTTCTTAAAATTCTTCTTAGAATGTATCCTCTACCTTCATTTGAAGGTATAACTCCATCATTTACTAAGAAAGTTACAGCTCTTGCATGGTCTGTTATAACTTTTAATGAAAAATCTATTTCAGGATTTTTACCATATTGACTTCTTGTAATTTTAGCAGCTTCTTCAAGTATAGGAAATAATAAATCTGTTTCAAAATTATTGGCTTTTCCTTGTACAACTGCCGCTATTCTTTCAAGTCCTGCTCCTGTATCAATATTCTTTTTGGGTAAAGGTTCTAAACTTCCATCTTCCATTCTATTCCATTCAGTAAATACTAAGTTCCAAATTTCTATAAAACGATTATCTGTTCCTTCATCACCAATTTTAGAATTCTCATCTCCACCATACTGAACACCTAAGTCCACATGTATCTCAGAACAAGGACCACAAGAACCAGTAGGTCCTGCTGACCACCAGTTTTCGCTTTCTCCCATTCTTACTATTCTTTCTTTTGGAAAATTACATTCTTCTATCCAAATTCTTTCTGCCTCATCATCAGTTGTAAAAACTGTAACCCAAAGTTTATCTTTATCAAGTTTTAATACTTCTGTTACAAACTCCCAAGACCATTTTATAGCTTCTTTTTTAAAATAATCTCCAAACGAGAAATTTCCTAACATTTCAAAAAATGTGTGGTGTCTTGCAGTTCTTCCAACATTTTCTAAGTCATTTGTTCTTATACATTTTTGATAAGTTGTAACTCTTGGACAAGGTGCTTCTTTTTGTCCTAAAAAATATGGTTTAAATGGTACCATTCCAGCTACTGTCAAAAGTAAAGTTGGATCATCTGGTATCAAAGATGCACTTTCAAAGTGTTTATGCTGTTTTTGC
NZ_CP022123.1_gap26	755120	756724	1604	CTTATATTACCTTCAAGAACTATTGTTTTATTGGCATTATTATAATTTGCCTTATCAGCCAAGATAGAAAATAATTTATTTTTTATAACTACTCCATCTTCCAATGTTATATTATCCATAGTGATAGTTGTTTTAAATTTATTTGCTAAAACTTCTACACCTTTTTCTTCATTTTTAGCATACATAGGTTTTGTAGAAATAAGCTCTTGAGTTGTTTTATTATACTTTAATTCAGAAGCTTTTATTTCCCAACCATTTGGGCTTATACCTAAAATATTTGTATCTAAAGTTAAGTTTCTATCTTTATCAAGAAATACATTATCGCCACTTAAAAGCATTCCTTGTATTTTGGCTTTTGCTTTTTCAAACTTACTTTCTTTTTCATCTATATAGTCAATTTCTTTCTCTGCTTCTACGTGATAATCATCACTTTCATAAACTGCATTGACTGTTTCTATAATTTTTCTTATATCTCCAACTTCTTTATCAGAACCAAAGTAGTTTAAGTAACCTAAAACTACTGCTATTACTCCCATAGCTATGTATATTATTTTTTTCTTACTCATCAGTTCCTCCGATAAGAATCTTTTTCAATTCATTTAATTTTAATAAACTTTCCAATGGACTCATGGAATTTAAGTCCATATTTTTCAGTATATCTAAAACTTTAACCTCATTTTCAGATAATATTTCTGTTTCTTCTTCTTCAAAATCTTCTTCAAATCCAGTTCCAAAAAGCATCATTTGTTCTGCTTTTATTTTATTTTCTATTAAATTTTTTCTAGTTTCCAATTTTTTCAAAATTTTTCTTGAACGATTTAAAACTTCCTTTGGAACACCAGATAATCTAGCAACTTCAATACCATAAGATTTATCTGCTCCACCTTTTACTATTTCTCTTAAAAAGACAACATTTTTACCATCTTCTTTTACTTCCACTCTAAAATTTATTGCTCTTTCAAGCTCCTTTTCAAGTTCTGTAAGTTCATGATAATGAGTTGCGAATATTGTTTTAGCTCCTATTATATTATGAATATACTCTGTAATAGCAGTTGCTATTGAAATTCCATCATAAGTTGAAGTTCCTCTACCTATTTCATCCAAAACTACAAAAGATTTCTTTGTAGCACTATTTAAAATACTTGCTACCTCTGTCATTTCTAACATAAATGTAGACTGTCCTGTAAGTAAATCATCACTTGCTCCAACTCTTGTAAAAATTTTATCTACAATAGGTATCTTAGCATAATCTGCTGCTACATAACTACCTATATGTGCCATTATTATATTTAAAGCTACTTGTTTCATATAAGTAGATTTTCCAGACATATTAGGTCCTGTTAATATGATTAAATTATTTTTATCATCTAAAATAATATCATTTTTAACATAAGTACCACTTGGAATTAAATTTTCAACTATTGGATGTCTCCCACCTTTTATTTCTAAAATTTCTCCCTCATCCATTTCTGGTTTAACATAAGAATTTTTAGTTGCTATATGAGCAAAATTAGAAACTATATCTAAATTTGCTATTCTATTTGCTAATTTATATAGACTATCAATATGCTCTTTAATTTCAGAAGTAAGTTGTTTAAAAAGTT
NZ_CP022123.1_gap27	759504	762615	3111	TTCTTTAGGTAGTGATATTAAAGAAATTGAACCTATTGAATCTATTCATTCTGATGAAAATTCTTCTGTCTTTGTGAATGATAATTCAAAATCTGTTTCTGAGAGTTCTTTTGAAGAAAATTATAAATCTAAAAATTCTACCATAATAAGTACAAATAAAGATTTAAAAAATAATAAAAAAGAAGAAGATGGTAGAGAAGATAAGTTTGAAGAAATCAATGATAGAACAAATAGAATAACAGCCTTAGGTTCTGCTATGGGAGCTGTTGATTTAAGCAAAACTCCTGCTAAAAAATTTAGAGTGGGAGCTGGTGTAGGACATTCAGCTAATAATCAAGCAGTTGCTGTTGGAATTGGTTATGCTCCAACTGAAAGATTAAGACTTAATACAAAAATTTCTACAACTACAAATTCTACTAAATCTAATAGGTCAAATGGTATTTCAATAGGAGCTTCTTATGATTTAGATTGGTAAATAAAAAGCTATTACATTTTTGAACTGGTTTGTAATAGCTTTATTTTTACTATTTAATTAATTTTGAGCTGGTAAATCACTTACTTGCCCTTGTCCACCATAAAGTGCTATATAGAAATCTGCTGCATTTTCAATTTCCCATTTTCCATCTATCTTTGTCATTTGAATTTGAACATTTGATTCAGAATATTCTAAATCTTTTTCATTTTTTAATAATTCAGTGAAATATTCAACAGCTATTTTATTAAGTTCTTCTTCTGTTGGTTCAGCACTTGCAGTATTTTGCAAATGAGCCGATAATTCATCCATATATCTACCTAAATTTACTGCTTTTACAGTTACATCTAATTGAGCACTATCTCCATTTTCTTCAACTTTATTAACTTTATATGTTGCTTTATTGAATAGTTTAGCTAATAATTTTGTACTTTCTAGACCTTCTTCTCCATTTTTAGTAACTTGTTCTTTAACTTCTTTAACTTTTTCATCAAAAGCTTTTTCAGAATCTTTCTTTCCACAAGCTACTAACATTAAAAACATACATGCTAGTATTATATAACGAAATATTTTTTTCATATTATTATCTTCTCCTTATTATAAACCTATTAAACTTCCAGCTCCACCTAAAGTTGCTGATACTAAATCATTAGGATTTGTTATTACCCAACCTTCTTGAGATTTTTGCATTTGTACATTTACTTCTGTTTCAACATATTCTAAATTTTTATCATTTAGCACATTTGTAAAAAAATCAACAGAAAATTGATTAAATTCTTCCTGTTTGTCAGCTGGTACATTTTCCCCATATTTTTCTGTAGCTGCTGCTATATATTCATTTACATATTTCTCCAAATTCACTGCTTTTACAGTTACATTTAATTCAGAGTTATCACCTTTTTCTTCAACCTTATTAACTTTGTATGTTGCTTTGCTGATTATTTCTGCCATTTTTTTTGAACCTTCATCAGCACCTTCCATTTGTTTAGTTAATACAGAATTGAATTCCTTAAATCTTTCCTCAAATGCTTTTTGTGAATCTGGTTTTCCACAAGCCACTAACATCAATAATGCAAAACTTAAAACTAGATAACGAAAAATTTTTTTCATTTACTTCTCCTCCTTAGAATTTAACAATATTTATATATTAGCATATATCTAAGAAATTTTAAAGGGTTTATTATGATTAATTATGAGGTGCTCTTACAAATTCTTCTAAACCTCCAAATATTCCAACTAAAACATCATCTGTATTTATTACTTTCCATTCCCCATCAATTTTTTCCATATGAACTTTTATATTTGTTTCAGTATAATCTAAATCTTTCTTTGATAAATCTGAGAAATAATCAACAGTTGCCTTAGTAAAAGCTTCTTCCCCCATATTAGTTTCTATCATAGGTTTTAAAGATAACATAAATTCACTTAAATATTTTGTTAAATCTACTGCTTTTATAGTTATATCAAGTTCAGATACATTTCCATTTTCTTCAACCTTATTAATTGTATATGAAGCTTTTTGCAAAATTTTTGCCATCATTTTTGTGGCTTCATTATCTCCTTCATTCATTTTTTTATCTATTTCACTCATAGTTTCTTTAAAACCTTTTTCAAATGCTTTTTGTGAATCTGGTTTCCCACAAGCCACTAACATCAACAATGCAAAACTTAATAAAATATAACGAAAAATCTTTTTCATAAAATAATTCCTCCTTAAAAAAATTTATCATATACTATCATAAATTTAAGAAATTTTAAAGTGCTATTTAATCTTTATAGAACAACTATACCTTATAAAAATTGATAAATATTTTTACAACTATGTTATAATTATTCTATATAAATAATAAAAATGGAGTAGGTGTTTAGAAACATGTTAAAAAATAAATCAAATTATGAAATAAAATTTGTTGATGAAATTACATTAAAAAACAAAATTATTGATAAAGATAATTTTTTTGAAATTGGATATTGTGAAGAATTAGAAATATATATGATGTTTGTTTTTATTTTTTGGATTGCTGGATATTACAGATATTACAAAATAAATGAAGAGGATTATAATTTATACAAAGATAATCCTCAATTATTTTATAAAAAATATGAAAATGAAATTAAACAAAATAATGATGGTTATACAGAAAATTTTATTGGCTCGCAAGCTCTTAGAGATTATGATGGTGCAAGGAATTTCCAAAACTCTTATCCTATGAGAGAAAATGTTGAAAATCCATTTCAACATTATGTTTATATAAATGGTGTTTTATTTGCAAGAATAGTATGGGAAATAGGAGAATTTTTTATTCCACCATTTCAAGAAATTATTATTAAAGATGGGACATCTGAATTTCCATTGAGAAAATTATGTAAAATAAAAACTGATTTATTAGGAAATCCTATATGTTATTATTTTCCTATTAATAATAAATCCAAAAATATAGAAGATTTAAAGTAAGATATTATTTATTTTTAAACCACTATTTTTCTCAAACTTTTCAACAGACATTCCCTGTGAAAATTCTCCTAAACCTAAAATTTTAGAAAGTTTTAAATAGGAATTAGTAAGATGAATAGGATTTAAAAATAATTCATTTCCTTTTTTTTCCATAAAAATCATAGGATTTGAAATTGCTTTATTT
NZ_CP022123.1_gap28	781970	786831	4861	ATCCAATCCATATTTTTCCAAATGTTTTCTAACGGCTTCTATTGACATTTTTATTCCTCCTGTTATTCTATAATATATTTTCATCAAGTAAAAAATCTACTAATCTTATAATTTTAATTCCATCTTGTATTCCTAGATAACTTTCATCATTAGTAATTACTATTTTTTCAAAGTTATCTTGGATTTTGTAAAATGGTGCTATCTCTCTTTCTCTTGTACTTGAATTAGCCATATTTTCAGTTACTTGTATATAGATTTTAGTATTTATATTTGTAGCTATAAAATCTATTTCATTTTCTCCTATTTTTCCTATTGCTACATCATATCCACGACGTAATAACTCAAAATAAACAATATTTTCAATAATATGTCCTATATCCCTATTTCTAAATCCTAGTAAATAATTTCTTAAACCAATATCAACAATATAATATTTTCCCAGTGTTTTCAAATACTCTTTTCCTTTAATATCAAATCTTTTTATTTCATAAAATATATATGCTTCAAGAAGAGTAGAAACATAAGACTGTACTGTCTGAACAGCAGGTTTAGTTTCAATTAATTTTTCATTTAATAAAATATTAGAAATAGAATTAATAGAAGTATTATTTCCTATGTTATCTGCTAAAAACATTATAATTTTTCTAAGCAAACTTGAATCTGTTACTTGTCTTCTACCTCTTTGTTTTTCACGTTCTAAGATATCCCTTATTACGACACTTGAATAAATGCCATCAAGAATAGTCAAAGCCTTATCTAGTTCTAAAGGAACTTCTGTAAGACTTGGCATTCCACCAAAAGTCATATATGCTTCAAGAAGTTCTTTTATTTCATAGGTTTCACCATTTTCATTTTCAACTTTTCTAGTTATAGCACCTACTAAATTTTTCTTTTCAATAATTTTATATCCATGAAAATCAATAAATTCAATAAAAGATAAAGGAAAAACTTTAATCTCAACACTTCTTCCTGCTAAGTAAGTTGCATATTCACTTGAGAGTAAAAAAGCATTGGAACCAGTTATATAAATATCACATTCAAAATCTACCCTAAATGAGTTTATAGCATCTTGCCATTCTGGAATTTTTTGTATTTCATCAAAAAACAAATAAGCTTTTTTATCTTTTGGTAAGTTATTTTTTACATAATTGTATAAGTTTTCAACAGTCATTTTTTTAAATTCTATTGACTCAAAATTTATTTGTATAATCTGTTCTTTTTCAACTCCATTCTCTAAAAGGTGTTTTATCATTAATTTCATTAGACTTGATTTTCCACAACGGCGAATACCTGTAATAATTTTTACAAAATCAATATCTTTAAATTCTATAAGTTTTTCTAGATAGTGACTACGATTTTTTAGTTCACTTTCTTTTTTTAACATATTATCACCTCTAAAGAAAGTATAACATAAAAATTTATTTTTTAAAAGTTTTTAATATTTATACTAAAAAAATATTTTTTTTAGAAGTTTTTAGTATTAATATAAAAAACTTCTATTTTTTTTAAATGAGTTAAACACAGGCTCTTCCAGAAGACTGGTATTGATTTTAATCATTTTTTCTTTGTCTATTTCCTTATCCTTCTGTATTCCCTGTAAAAAAATAGACAATAGGATTCCTATCTATCGCCTTAACTGCTTACCTATTCTGATTATTTCCACCGATACAGTTGGGGATCTGTTCCTTATTTTCATTTATTTCTCCTTAATTTTAAGCATCAAAAAAGGAAGTATCAGCAATTTGCTTTTACTTCCTCTTGGTGGTTTTATTTAGTTGTTGTAGTGCTATAAACTAGGAGTTGTCTATTTCATTCTATCTATCAAATTCTTTATTTTAAGTTCTATCTGGCTGATTATTTCAGTGAATTCTTCATGTGATTTTCCAGTTGGATCATCCAATCCCCAGTTATCATCAAATGCTCTTCCAATGCTTCTGCAATCTGACTTCTGCATGAATTATGGACACAAATGAAAGCTACTTTCTTCATACCTATCCCCTTATTTTCTTTAATGCCTTTATCACTTCATCCTTGCTTAATACTTTCCCCATTGAAACAACTTTATTATCAATAACTAGAGCAGGTGTGCTCATAACCCCCATTGCTGCAATCTGACCAAAATCAGTAACATGATCAATTTCATCTGTCATGCCAAGTTCGCTAAGTGCTTCTTTCACATTCTTCTCCAATGCATTGCATTTATCACAACCGCTACCAAGAACTTTGACACTTGCTCCTGATGAAAGATTTTCCTTCGCTGCCTCAACACTTTCTTCATTACAAGTTCCTCCACATGTGCAGTTAGATTGTTCCTTAACCATTTCCTTTTCTTCTTTTTTCTTTCTAAATAAGCTCATAATTTCAATCTCCTTTTTTCTTACATTTTTCTAAACTAATAGATACTGAATTTTATTAAAGAAATACCCTACAATAACAATTCCAATAGCACATATTACAATAAAAATCCAAATTAACTTCGGTTTTACTGCTTTTCTAAGCATAATTATTGATGGTAAGGAAAGTGTAGTTACACCCATCATAAAGCTTAAAATTGTTCCAAGTTGTGCACCTTTTGCAAGTAGCGCCTCTGCTACTGGTATCGTACCAAAAATATCTGCATACATAGGAATACCAACCAGCGTTGCCAGAATTACACCAAATGGATTATTATTGCCAAGAATCTTTTCTACCCAACTCTTTGGGATCCAATTGTGAATAACAGCTCCTATTCCAACGCCAATCAAAATATAGAGAAATACTTTCTTAAACGTCTCTATAACTTGTTGTTTTGCAAAAGAAATCCTTTCTTTTTGCGTCGGTTCATCCATATTGATATCGACTGCATTCGTTTTTCGAACAAATTCTTCCACTTCATTTTCTAAATCCAGTTTTTCAATAATCGTTCCACCTATCACTGCAATAATAAGCCCTACAATCACATATATGATAGCAACTTTAGAACCAAAGATACTCATCAGTAAAACAAGGCTCCCTAAGTCTACCATTGGTGATGAAATCAAAAAGGAAAATGTCACACCTAATGAAAGCCCCGCACTGGTAAATCCGATAAAAAGTGGAATAGACGAGCAAGAACAAAATGGTGTCACTGTGCCAAGCAATGCTGCAATACAGTTTGCCCATACTCCATGAAAACGCCCCATAAGCTTCTTGCTTCGCTCTGGTGGAAAGTAGCTTTGAATATATGAAATCATAAAAATCAAGATGCAAAGTAGTATAGTAATCTTCAAAACATCATATAGGAAAAACTGTACACTTCCCCCCATTCTGGCTGAAGTATCAATTCCTGCTTTCTCTAATAAATTTCCAATTAGCGTATTCATCCACTTCATTCCCAGAATCTGGTTTTGAACAAAATCCCAAATCATCATTGACTGCACCCGCCTTCTTCTTTGTAGCAAGATAATCCTTCAATAAAAGTTTTAAAAGTATTCAAGGTCTCACAATTCAAGGAATAATGATGCCATCTACCTTCTTTCCAGTAATTCACCAATCCACATTCATTTAAAATTTTCATATGATGAGATAGTGTTGGCTGTGTAATTTCAAATGCCTCCAATAGTTTACAACCACATTTTTCCCCATCGGAGAGCATTTGAATAATCTGCAATCTGTTACTATCTCCCAAAGCTTTACAAATTAATGCTATATCCATTATATTCATATTTTCTCCTTTACATAGATAGTTGTCTATGTTTAGTATTATAAACTATACATAGATTGATGTCAATGTTTATTTTTACTCTTATTATTGTTCAGAAAATTCCCATCACACTTAGTTCCAAAACAATCCAAGCCAAAAGAAAAACATCTACCGTTTCTGACAGATGTTTCACTATAAAGTTTCATCAAAACAACTTAAAACTTACTAGATATTTTTTCTCATTTTTTATACTTGAAATAAAAAAGAAAAGATAATTATTACTTATACTAAACTAAAATTTATCTATTAAATTACATTGTAACATAAATAAAAAATAATATTAAGAGGAAATAATCAAATTTAAAAAAAACTTCCACTCATTAATGGAAGTTTTTTTAAATTCTAAAGTAATTTAGGTGCATTAGAATTAATTTTATCAACAATATCAACAATTTTTTGTAAATCATTCTCATTTGTAAAAATATTAAAAATTGACTTTCCTAAAATATCATTTGAAAGTTTAGGAATTTCATTTTTTGAGTAGGCACCATATTTTACTATATTTTCAATTATTAAATTAATTAATTCAATTTGGTTAGAATTAAACTTTTCAGTATTTAAAAATTCAGAGAACTCTTTATTAATAGCTTCTCTATCTAAACCAACCAAAGAACGAATAAAAATTCCAAAACTTTCATTTTTACCATAGACATTAGATATTTTTTCAATTTCAGAATTATTTTCATTTTTTAGACTTTCAAGATCAACTTCCTCATTACTGTATAAAAGTTGTTTTAATTCCTTTAAGTCCTCAACATCCAATTCTATATTATTTCTTAGTTTTTTTATAGAAAGTAAATTTTTATTATTATCTAAATATTTTTGGAATTTCTCTTTAGAATTAAGATAAACAGAACCAAAAGTATGTATATTTTTTTCTGTTATTGAAAGGAAAGTATCTATAAAATTTCCCACTACATAATTTAAAGGTTTTCCTTTTGGATCCAAAAATATTATTAAAGGTTCAATAATATTTCTTAAATTTTCTAGTTCTAAAATATCAATATTTTTTAGATAATCCTCATCTTTTATTATTTTCATAATATAACTCGCATTTTTTTGAATTTCTTTTATAGTTCCCTTTTTAGATAATTCTTTTGTAATATCAGAAATTTCTACTTTTTCATTCTCTATTTTTTT
NZ_CP022123.1_gap29	800819	804659	3840	TAAAACTATAAGGAGGAAATTACATGTGGTTTGTTTTCGCTATTTTATCATCTATTTTTGCAGCATTAACTTCAATTTTAGCAAAAATTGGAATTGAAGGTGTCAATTCAAATCTGGCAACAGCCGTAAGAACTATTGTTGTTGTACTTATGGCTTGGTTTATGGTTTTCATAACTGGAAATCAAAATGGAATTGTAGATATAAGTAAAAAAAGTTGGATATTTTTAATTCTGTCAGGATTAGCAACTGGTGCTTCTTGGCTTTGTTATTATAAAGCATTACAACTTGGAGAAGCTTCAAAAGTTGTTCCTATTGATAAATTAAGTATAGTTATAACTATTGTCCTAGCCTTTATATTTTTAGGAGAACAAATCACATTAAAAACTTTAATTGGTTGTTGCTTAATTGTTACAGGAACTTTTATTATGATTTTGTAAAATTAATTATTATAATATTAAGTTTAGCTAAATAAAGTTTATTGTATTTACTTATATAATATGATAAAATGATAGCATTATTTACTAAAATAATCTAATAAAGGTGATAGTTAAAAATATGAAAAAAGTTTATGATATGACAAAAGGAAAAATTTGGACTATAATCCTATCCTTTTCTTTACCACTTCTTGGAGCAAGTTTAATTCAACAATTATATAATACTGCTGATATGATATTTGTTGGAAATTTTGTAGGAAAAGAAGCAACAGGAGCTGTTGGTGCAAGTAGCTTATTATTTACTTGTATCATTGGACTTTTTACAGGAGTTTCAATAGGAGTTGGGGTTGCTGTTGCTCAAAAAATTGGCTCTAAGAACTTAGAGATGGCTTCCAAAGTTTCTCACACAGCTATAACATTTGGTATAATTGGTGGTATTATTTTAACTTTCGTTGGTTTCTTTTCTGCTGAGTTTTTATTGAGCTTAATGAATACTCCAAAAGAGATAATGCATGACTCTGTTATATATTTAAAGATTTATTTTTTAAGTATGTTACCAATGATTTTATATAATATTGGTTCAGGAATTATTCGTTCAACTGGGAACTCAAAAACACCTTTCTATATACTTATTATAGGTGGACTTACAAATGTACTTGCAAATTATATTTTTATAGTAGTATTTAAAATGGGAGTTTCAGGTGTTGCTATTGCTACAACCTTATCTCAAACATTAACAGCTATTATAGTTTTAACTTATTTATTTAAAAATAAGACTGCTATTAAATTTAAAACTTCTGAATTGAAAATAGATTTTTCATTATTAAAACAAATTCTTTATTTTGGTTTACCCGCTGGAATACAATCAATGCTTATAACATTTTCAAATATAATAGTTCAATACTATATAAATGGTTATGGTGGAGATGCTGTTGCTGCCTATGCAACATATTTCAAATTAGAAAATTTTATTTGGATGCCAATAGTTGCAATAGGACAAGCCAGTATGACTTTTTCTGGACAAAATGTGGGTGCTAATAACTATAAAAGAGTAAAGAAAGGTGCTTTAGTTGCTATACTTTTATCAGGTGGTTTAAGTATAGTTATTGCAACAATAATACTAACATTTTCTCATACTTTTATGAGAATTTTTATAAAAAATGAAGAGATTATCTATTTGGGAAGTCAGATAGCTTTAACAACTTTTCCTTTCTATTGGCTATATTCTATATTAGAAGTTTTAGGTAGCTCTTTAAGAGGAATGGGGTATTCAATAGTTTCAATGTATGTTACTACTATTTGTCTTTGTGGAGTCAGAATAGCATTACTTTATTTAATTTCAAAATTTAATCTTGATTTTAAATCAGTTGCTTATGTTTATCCAATGACTTGGTTTTTTACAGCAAGTATATTTATAATTGCTTTCTTAAAAATTATAAATAAAAAGGACTATAAATAGTCCTTTTTATTTATATACTACTTTTTTTCTATATATTTTTTTAATTGACTTTTGTGTATATATCCATAATCAAATGGTGTTCCATCTTCTCTTTCAAATTCAATATAATACCATTCTCCTTTTTCTTTAAACTTTGTCACCAATGTTCTATTTTTTAATTCTGCTATCAAATCTGAATTTACTGTTGCTTCATTTCTTACATTAGCATAACCATCCTTTGATGATACAGTATAAGTTTCTGGATGTAATTTTACTTGACTTCTGTGGATATAACCATCAGTCATATCTGAATACTTGTCATTAGGTTCAGCCCCTACATAAAACCATTCTCCTTTTTCATGCCAAAAAACCATTTCATGATTATTTTTTAATTTTTTTATAACCTTAGATTTTGAATTAGGCTCTTCTCTAAGATTTGCATAGCCATCTTTTGTATCCACAACATACCTTACAGCAAATATTGTTAAAGATGATAACAAGAATAGTATAACTAATAATAATTTTTTCATAAGAACTCTCCTTAAATTTTTTTAATTGTTAAAGATATCATTTTTATATAAAAAAAGGTAAGATAAATATTTATTTTATTCATCTTACCTTTTAATATATGGATATTTATTGACAGACAATTTTAAAAATTTACAGTATTCTCAACTACATTTTCTGAATTTACTTTTGCTAAAATACTGTTTTTAGTTGGAGTCATAAGCTCATTAATTAACTCTTCAACACTGATTAATTTTTCTATTCTATAACCATTTTCTCCTGAGAAAAATAGTCCTGTGTCAACCTTTCCATTATATGAATCACTTAGGCAGTTTGCTATACAGAATCCAACTTTTCTTGCCTCTTCTCCTAAGTTACAAGGAGTAACACAATTACTGTAACATTTTATAGTAGGGTTATCATGAGTTAAATTTTTTATAAGATTTGTTTTAACAGCTCTTCCTGGGTAACCTACAGGAGATTTTACTATAACAATATCTTCTTTTTTAGCATTAATTAAAATATTTTTAAATTCTTCACTTGCATCACATTCATAAGTACCAATAAATCTTGTTCCTAATTGCACTGCATCTGCTCCAAGTGCCATAATTTTTTGGATATCATCATTATCCCAAATCCCACCAGCAGCAATTATTGGGAAATCTCCCCATTTATCTCTTTCTTCTTTTACTTCAGGAACTATACTTTCTAATTGATGTTCAGGTAGGAATAAATCATCAGCTTTTACTCCTTGATGTCCACCACTTTTTGGTCCTTCAACTATAACTGCATCAGGTAATCTTCCTGCAGCTTTCCATTTTTTACAAATTATCTTTAAAGCTCTTCCTGATGAAACTATTGGAACTATTGCAACATCTGGATAGTTTTCTACAAGTTTAGGTAATTCTAAAGGAAGTCCTGCACCTGTAACTATTATATTTGCTCCTGCTTCTAAAGCATATTCCACGATTTTTGAATAATCAGTAAGTGCATGTAAAATGTTACAAGCTAATGGTTTATCTCCACAAATCTTTCTAGCATTTTTAAAAAGTTCTAACATAGCTTCTCTTGAGTTTAAAGCATCTGCACCTATTGGTCTTCCATTTACAACTTTTTTACAATATTTTAAATTATCATAATAACCAGTACAAATTCCACTTATTGTCCCAAGTGCACCATTTTTTGAAACATTTCCAGCTAGTTGATCCCAACTAACTCCTACACCCATTCCACCTTGTACTATTGGTTTTTCTATATAATATTTTCCTATTTTTATTCCCTTTAATTCTTTCATTTTTCCTCCTTAAATTTTAATTATTAATAGTTAAATTTCTAAACAAAAAGAAACTTAACAGGAGGAGCTCTTTCTGGTTTTTTACTAAAATAATTTAAACTATAATTTGAGATTGTATCAATGAAATTTATATATAAAACTTTTGAAAACTTTATTATTTTTTTAAA
NZ_CP022123.1_gap30	836977	840656	3679	AAAAAGGTTTACTAAAAGATGAAATAAAAGAAATTCTTAAAAATTATTCTGAACCAAGTGAAGAAAAAAACTTTTTAGAGTTTTTATTAGAAAAAATATAGTATTTTGGAGGAAATATGAGAAGAAAAAATTTTATTATAGTTACACTTTTATTTCTATTTATCAATATTTTAAGTATTGCAGTAGAAAATCCTGCTACTTTATCTGATGGTCTAGGTTTAGTTGACCCTGCTTACTAAGAAGCATTAAAAAAACTATAAACCAAATCTTGAAAATATTGATAAAATATTTAACTATATAGAAAAAAATATAAAGAATAAAGGAAGAACAATTTTTTATTCTAAATTAGAAAAAGAAAAAAATCAGATAATTGTTACTGATGAAAATAACAATGTTATTTTTGCTAAAAAAATACTAGAAAAACTAACAGAAATGACACCCTATTTTGAATGTAAAGAAATATATCAATTAAAAAATGGTAAAACTTTAAACTATTCAGAAATGTTAGAAAAAAAGTAAAAATGAAATCTGAAACTTTAATGAAAATAAAATTTAATAAATAATTTAAATAATCTACCAAATGATATTTACTCAGATATTGAATATTTAAAATTTGAAGTTTATGATAAAAATAATAACTTGCTACAAAAAATGAACTATAAAAATAACAAAATAAATGGCTCAGTAAAAAGATATTATGGAAATGGAAAAATAGTAAAATAAAAACTAGAATAGTTTTAGATAGTAAAAAATAAAATTTATTTAGTACCTTTTTCTTAAATTTTACTATATATGAAATTTAAGAAAAATGATATAATAACAAATATATTTAGATAATAGGAGGGGAAATTATGTTCGTTTTAAACTATTTTGATAATAAAATTCTACATATTTTATTTTATATTTTTATAAAATAAAAAATTCTAAATTTAAATTGAATTTTTTATTTATAATTAGTCTTTTAAATTAAATGAGAGGGAGTTGTGGAAAATGATTAATAAAGAAAATAACAATAATAAAGTAATGGAGGCTAAAGAAATTGCAGAAAAATATGGTTTAACTAATATGGTTATGGAATTAGACACATTTATTCTTATGAATAATAACTATAAAGTACATATTTTAATGATTGGAGGATATAGTGCTGGAAAATCAGCATTATTAAATAAATATATTGGAAAAAATATATTAAAAGAAAATCAACAACCTGAAACTGACATTGCAACAGAACTATATTTTTCAGAAAATGAAAAGATTATTGCAAATCTACTAAACGGAGATAAAAAAGAAATCTCATCTTTAAAAAATGTTGATATAGATACTACTAAAAATATTGAGTATTATCTAAATAGCAAGATTATCAACGAACAATCTGATTATATAATGGTTGATACACCTGGGTTTGATTCAGGAATTGAAAAACATAATAAAGCTTTAATGCAATATATAGACTATAAAACAGCATTTATAGTTGTAATAGATTGTGAAAAGGGTACTATTTCTGAAAGTACATTAAAATTTATTAATGAAATAAGCAATTACAGCCTGGATATTGCTGTTATTATAAATAAATGTGATAAAAAAATTGAAGAAGAAGTTCAAAAAGTAAAGGAGCATGTTGAAAATTTGCTTTTAACTTCAACTGGAAGAAATTTTCCAATTATTTGTACATCAATTTATGATAATGATGTTGAAAATAAAATTAAAAACCTTATTAGAACATTTAATCCTCAATATCTTTATGATAAACATATTACTTCTGAATTAAATAAAAAATGTAATTTAATTATTGAGGCTTTAGAGATTATAAAATCTAATGAAGCTTGTGATATTACTGAAATTGAAGAAGAAATTTTAAAAAGAGAAAATGCTAAAAAGAAATTACTTGAACAATTAGATTTACAGAAAAAAAAGTTAGATAATAAAATTCATAATGAAGTGAAAGAACATATTTTATCAATTATCTATTCCCAACTAATGTCTAATATTGAAATGTTAGCAGAAGCTTCAAAGGGAGGAGTTGAAATGCTACAAGAAAAAGTTGTTGAAATAATTAGACCTATTATGATTTCAGAGGTAGAAGAGTATTCTTCAATTGCATATGAAGACTTTGTAAAAAATCTAAATTATAGTTCTTTAAATATTTATGATAATTCTGATGAACTAAAAGTTGTTGTTGAGAGTGTTTATGAAAAATTGAAAAATCTAACTCCTGACAATAGTTCTGTTCTTCCTATTGTAGATGAAACTAAAAAAGACAAATTAATAAAAAATAGTTTAAATACATACAGAATTGTGGGATCAGCATTAGCTATTACAACTAGTGTAGTATCTCCTCCACTAGAATTATTAATTGTATTTTTACCTGATATTATAAAAGCAATTAAAGTGCTTACTGGTACTACTAAGGAACAACAATTAATAGAGGCAATTCAAAATAAAATTATTCCCCAAATTATTAAAAAATTAAGAAATGAATTGGATAATTCTTTATCAAAAGTTGAATCAGTGATGATAGATAATATTTCAACTAATATAAAAGAAATTCTTGATATTGAAAATAATGCTTTAGAAATTGCTTTAAATAAAAAAGAAAAAGTTGAAGCAGATTACACTAATTTTATAGATTCTATTGATCAAGATATTGAAAAAATAAGAGGGTAGGTGTTTTTTAATGCAAATAAAATATGAAGTAGTTGTTGATAAAATTTTAACCGGTTTAAATGAATATAATGGATTTTATTCAAGAGATTATTTTTTGGATATTGAGGATAGAATTCAAAAAATGAAAAAAAATATAGAAAATTCTAAGCAAGAAGGAAGATTACTTAAAATTGGAATTGTTGGAGAAGTAAAAGCTGGTAAATCTTCATTTTTAAATGCTTTAATATTTGATGGAAATGAAATTTTACCAAAGGCAAGTACTCCAATGACAGCAGCTCTTACAAAAATAGCTTATGCAGAGCTTCCTTCTGCTAAAATTATATTTTACAGTGTAAAAGATTGGGAAAGAGTTCAAGAACTTTCTAATGAATATGATAGAGAGTTTGACAAATGCTATTTTGAGTATAAAAAAAAATATGAAGAAAAACAAAATCAATTTTCTGGAAGAGGGATAAATTATTCGTATATAGAACCTTTAAAATCTAAAGAAGAAATGAAAGATAAAATTAAAAAGGAAATTTCATTGAAATTATCTTCTTGTAAAGAATTAACTGATATGTTTAATAAATCAAACAAGAATTTAACTGATTATCTTGGAAAGACAATGGAACTTAAATTTGAAAATATGAAATTTGAATTAAATAACTATATTGGAGCTAATGGAGAATTTACTTCTATTGTAAGGCATGTTGAATTAAAAATGAATAATGAAATGCTTAAATCGGTTGAAATTGTTGATACTCCTGGACTTAATGATCCCATTATCAGCAGAAGTGAAACTACAAAAAAATTTCTAGCTGAATGTGATGTTGTATTTTTATTAAGCTATTGTGGACAATTTCTTACAAAAGAAGATATTACTTTTATGTCAAAAACTCTACCAAATGAAGGAATTAGGAATATTATCATAGTAGGTAGTAAATTTGACTCAGGTATTTTAGACGATAATAACTCAAAGGATATAAAAACAGCCTATCATTCATCAAAAGCAATATATGATAAACAAGCAAGAGAA
NZ_CP022123.1_gap31	941256	945839	4583	TGGAAAAAAAGAAATTATGGATTTAGTTGCTCCTGTTGGTAGAGTTTATCATGCCGGTACATTATCTGGAAATCCAATAGCATCAAAAGCAGGTTTTGCAACTATAAGCTATTTAAAAGAAAACCCAAATATTTATGGAGAATTAGAAAAAAATGTTAATTATTTAGTTGATAATATTGAAAGTCTAGCTAAAAAATATTCAATTGATGTTTGTATAAATTCTATGGGATCACTTTTTACAATTTTCTTTGTTGATGTAGATAAAGTTGAAAATCTTGAAGATTCTTTAAAATCTAATACTGAAAATTTTTCTATATATTTCAACACTATGCTAGAAAATGGTATTGTTGTTCCACCTTCACAATTTGAAGCTCATTTCTTATCAATAGCTCATACTAAAAAAGAGCTTGATAGAACTCTTGAAGTTATAGAAATAGCATTTAAAAAGATAGGTGAAAAAAGTGGCAAATAAATTTTTTCCTGTTTCAATAGATTTGAATAATAAAAATGTTCTAATTATTGGTGCAGGAAAAATATCTCTAAGAAAAGTTGAAACATTATTAAAATATAATTGCAACATTACTGTTATAACAAAAGAAATTTTAGAAGAAAAATTTTTAGAATTAGAAAAGAATAATAAAATAAAAATTTTTAAAAATCAAGAATTTAAAGAAAAATTTTTACAAGATATTTTTTTAGTTGTAGTTGCAACTGATAATGAAGTACTGAATAAAAATATTTCTCAACTATGTATGAATAAAAATATTTTAGTAAATAATATTACTTCAAAAAATGATATGAATGTAAGATTTGCTAGTATCTATGAAAAAGATAATATACAAATTGCAATCTCTGCTAATGGAAATCCTAAAAAAGCAGTGGAGATTAAAAATAAAATTAAAAATATTTTTGAAAAATAAATAAAAAAAAGTGTAATTCAGTTGAATATTGTTTTACACTTTTTAATATTACATTATCTAATTTTCAACTAACGAGTTAGGTAAAGTAATAGAGAACAAATTATAAATAATGTTGCAACAACTTCTGTTGCTCTTGCTAAAGGTCCTCCATCTTTATTTATTCCAAATATAGTATTTGAAGCTCCTAGCCCCATACTTGCAGTCATTCCATGACTTCTATCAGGTTGTATCAAAACTAAAACTATTAATACAAAAGCTGATAAAAATAATAAGACATTTAATAATGTTGACATAGCTCCTCCTTTTAGATTTTTATTTAACAGAAAAATTATAACATGTTAAACATCTTTTTTCAATAAATAATAAATAAACTTGATTTATATATGAAAAAAATTATATAATAAATAAAATTTCTATGTTTTAACAAGGAGGGAATATGGCTTTTTTTTGTTTAATAGTACTTACATATTTTATAGGAGCTATTCCAAGTGGAGTATGGATAGGAAAAGCTTTTAAAGGTATTGATGTAAGAGATTATGGAAGTAAAAATAGTGGTGCTACAAATTCATATAGAGTTTTAGGAGCAAAATTAGGTGTAGTTGTTTTAATAATGGATGTCTTAAAAGGTTTTATACCTCTTTATATTGCTAGTCACTTTAACCTAATGTACAATGATTTAGTTATTTTAGGTTTAGTTGCAATTTTAGCTCATACATTCTCTTGTTTTATATCATTTAAAGGTGGAAAAGGAGTTGCAACTAGTTTAGGAGTATTCTTATTTCTAATTCCTGTTATAACTTTAATATTATTAGCAATTTTTATTTTAGTTGCTTATTTTACTAGATATATTTCATTGGCATCTATAACAGCAGCTTTTTTATTACCAATTTTTACTTTTTTCACACATAGAGATTCATATTTATTTGCATTATCAGTTATAATAGCAATTTTCGTTATATATAGACATAAGACAAATATTTCAAGATTACTTAGTGGAACAGAAAATAAATTCAAATTTTAATATTGGAGGAATAGAATGCACATTAGAGTTAATAGACAAAATTTTTTATCAGCAATTAGAATTGTTGAAAAATCAATTAAAGAAAATAAAATAAAACCTATACTTTCTTGCATTTATGCTAAAGTTAAAGGAAATAAAATATATTTTACAGGGACAAACTTAGACACAACTATAAAAACTTCTATTGATGTAAATGAAGTTATAAGAGAAGGAGAAGTTGCTTTTTATTATTCTATAATAGATGAGTATTTAAAAGAAATAAAAGATGAATTTGTTGTTTTAAGAGTTGAAAATGGTAATATTCTATTTATTGAAACAGAGGACTCTACAACAGAATATGATGTATTCAGTGCTGAAGATTACCCTAATACTTTTGAAAATATTATTTTAAATGAAAATAATTTTAAGTTTGAAATGCCTAGCCAAGAATTAGTAACTATTTTTGAAAATGTTCTATTCTCAGCAGACACTCCTGATAATATAGCTATGAATTGTATTAGAATTGAGAGTATTTTAAAGCATTTACATTTTGTATCAACTAATACTTATCGTTTAACATTCTTAAAAAAGAATATAGATAAAGATATTCCAGATTTTTCAGTTAGTGTTCCAGCTGATACAATTTCATCAATTATCAAAATTATAAAAGGTTTAGATAATGAAGTAATAAAAATATATAAAGAAGATGCTCATTTATATTTCCAATATAAAGACACTACTATAATAACAAAATTAATAGAATTAAGATTCCCTAACTATGCTGAAATATTATCAAATATATCTTATGATAAAAAATTATATATAAATAATGAAAAATTAACTAATTTATTAAAAAGAATTTTAATTTTTTCAAGAAGTAATTCAGAATCTAAGTATTCATCAACTTATGAATTTAAACATAGTGAAGAAAATAATAATAATAAAATGTCTATTTCTGCTTTAAATGAGATTGCTAGAATAAATGAAGAGTTAGATGTAAATTTTGAAGGTGAAGATTTAAAAATATCTTTAAATTCTAAATATTTATTAGAGTTCATTCAAAATATACCTAAAGAAAAAGAATTAGTTTTAGAATTTATGTATTCAAATTCAGCAGTCAAAGTATATGAAAAAGATAATGATGAATATATTTATATATTGATGCCATTAGCATTAAGAGAGTAGCCAAGCTACTCTCTTATTTTTAATTATTCTCCATGATATTCTCTTGCTTTAGGTGGTTCATAATTTGCAATAAAATTCCCAATTTCTTCAAATGAATTAGTAAATAAAATCTTATCTCTTGCCTCTTTTTTCATATAACCTTTTTCTACCATTAAATCATAAAAATCTCTAATGTGATTATAGTAATTATCAAAATTAAAAAATATACAAGGGCAAGGATGTAGAGCTAAAACTGCCCAAGATACAACTTCTGTTATTTCTTCTAAAGTTCCAGGTCCTCCTGGTAGTGCTATAAAGATATCTGCTAAATCTGCCATCTTCTTTTTTCTTTCAGACATAGTATCAACTTTTATAAGTTTTGTTATTCCATCATGTGCTATTTCCCTTTCTGAAAGAAAATGAGTTATAATTCCTGTAACTTTTCCTCCATTTTCAAGAACAGAATCAGCAATCAGTCCCATTAATCCTGATCTTCCTCCACCATATACAAGATTATAGTTATTTTTTCCTATCCATTCTCCAAGTTTTCTAGTTACTTCTTGATATCTTTCATCAACTCCAAATGAAGCTCCACAATAAACTGTAACATTTTTTTTTCTCATCTATTCCCTCCACTTGATAAAATTCTATTTTTAAATTATAACTGACTAAGAAAATAAAAGCAAATTAAAACATATTAGGTAATAAACCTAAAGCTGAAAATATCAATGTGTATCTTATATTTTGCATTACTTCCTTAGAAGTTTTATCTTTATATTTATACTTATTATCAAATTTTCTTAAAATTAAAGAAATAATATTTATAATTATATAGGCATAAGTAAAAGCAATAATATCTGTCTTATCATAAGTTCCTATTGGTGTACCATGTCCTCCATAATATTTTTGAATAAATTCCCCACCAACAACAAAAAGATATATAAATAAAAACCATAAAAAATGAAGAAGATATTTTTTTCTAGCGATTAAAAAAACTGCTCCTGTTGAAAAAAGCCATAGTCCATCTGGAAGTGAATATATAACCCAAGTTGGAAATAACTTTCTATATAAAATAGCAGTTTCTCTTGCTAAAAGAACATAACCATTTATATTTAAAAAATGTATTAAGTTATAGTAATAAAGATTTTTACTTCTATATAGGAGATAAATTAAAACTCCAATAAGCATAGGTAAAAATACTAATATGAATTTAATCTTTTTCATTTTATTGCCTCACTTATTTTATTAGTAATAGGTTATAGCTTTATTAAAAAAATGTCAACAAAAACTTTACTTTATATATACCAAATATATTTTTTGTGTTATAATATACTTTATATTAGCTTTAGTTATTAGAATAATTCGCAATTAGTTTAGTTAGTATATTTGGTATATATAAGATTACAAAAATTATTTGAATATTTTAATTTTTTTATTGAGGTCATATATGGATATCGTCAATTTAATACTCACATTAATAATAGCAATTCTGGGAGGAT
NZ_CP022123.1_gap32	952742	957264	4522	AAAAAACAAAAGTTTTTGATAGTGTTGATGTAAGTGTAATAACAGCTATGTTAAAAACAGTTGTAAGTAATGGTACTGCTTCAAAAGCAAGAGTTGTGGATAAAAATGGCAGACCTATACAACAAGGTGGAAAAACAGGAACAACAAATGAACACAGAACAGCTTGGTTTGTTGGAATTACTCCTGAATATGTTACTGCTTGTTATATAGGTAGAGATGATAATAAACCTATGTATGGTAAGATGACAGGAGGAAGTGCTGTTGCACCTATGTGGGCAAAATATTATCAAACTCTTATAAATAAAGGATTATATACTCCTGGAAAATTTGAATTTTTAGAAAACTATTTAGAAACTGGTGATTTAGTAAAACAAAATATTGATATATATTCAGGTTTATTAGATGGTCCTAATAGTAAAGAATTTACTGTAAGAAAAGGTAGACTTCAAGTTGAAAGTGCAGGTAAATATAAAAATGGTATTGCCTCTGTCTTTGGTTTAGATGGAAATGTAACTGATGGAGCAGGTATTGATATGTCTGAAGGAATGATAATTGATACTGGAATTGAAAAAGGCACAGTTACAGAAGGAGGTACTGGTGAGAGAACTACTGAAACTGGAACTCATAATACTCCTTCTACTTCAACAGAAGGAACTACTCCACCTGTTCAAAACAATAATTCTAATAATAAAGATGGAGATAGCCTAACAAATAGACTTTTAGGAGATTAAAATGTCAGATTTGAATAAAAAACAATTTGAAGCAGTTGAAACTGTTAATGGTCCTGTTGTAATAATAGCAGGACCTGGAACAGGTAAAACAAAAACTCTTGTTGAAAGAACTGTAAATATTCTTGTCAATAAAAAAGTAGAAGCTAAAAAAATTATGATTACTACTTTTACAAATAAGGCTGCAAAAGAATTGGAACTTAGGATAAATGAAAGACTAGAAGAATTAAATGAAAATATAGATATAAGTGATATATACTTAGGAACTATGCATTCTATATGGGCAAGACTTATACAAGAAAATATCACTTACTCTAATTTTTTTGATAACTTTGAGCTTATGAGTGGAGATTATGAGCAACACTTTTTTATTTATTCAAGATTAAAAGAATATAAAAAATTAGAAGATTATCAAAAGTTTTTTGATAATCTTTCTTATAATGAGAACAAATATAGAAGTGATTGGAAAAAGAGCTCTTTTCTTAGAAATAAAATAAATGACTTAAATGAGAATGCGATAGATATTGAAAGTATACAAACTTCTGATAACTATATAAATTTTATAAAATCTGCTTATAAACTTTATGAAAAACAACTTTTTGAAAATAATATAGTTGATTTTTCTTATTTACAAGTAGAATTTTTAAATATGCTTTTAAATAATGCTGATTTTTTAGAAAAAATAAATAATCATTTTGACTATATTATGGTTGATGAATATCAAGATAGTAACAAAATTCAAGAGAAGATATTACTTTCCATTTCAAAAAATAAAAAAAATATTTGTGTTGTAGGAGATGAAGACCAGTCTATATATAGATTTAGAGGAGCAAGTGCAGAAAATATTTTAAATTTTTCTAAGTATTTTAATGAAGATGAATGTAAACTTATAGTTTTAAATGAAAATTATCGTTCAGTAAATCATATAGTTGAATTTAATAATAAGTGGATTAATGCAATAGATTGGCACGGGAATAGATTTGAAAAAAATATAGTATCAATGAGGGAAAATGATTATATGACTTCTAATGTTTTTCATATTTCTGGAAGCACCTTAAATGAAAATATTAGAAATACTGTAACTTTTATAAAAAAATTAAAACAAAACAATAAAATTACAAACTATAATCAAATTACTGTCTTATTTTCACATTTTAAAGATAGGTCTGCAAAAAAACTGGAAGATGCTTTAAAAAAAGAAAATATTGAAGTTTATTCTCCAAGAACAAAAGTTTTCTTTGAAATGTATGAAGTAAAATTAACTTTTGGTGTAATTTTAGCTTGTTTTAAAAAATATTTCCCAGAAGAAGCTCTTGATACATATTTATTAGAATGTTTAGATTTAGCAAGATTAGAAATTAGAAAAGATAATGAATTTTTAGCTTGGATAAAAGGAAAAATTGAAAATATTTCTGAATATAGTTTTAACTCTTTAAATGAAATTTTTTATGAATTATTAAGTTTTTCTTATTATAAAAATGTTTTAAAAGAAGAAAGTCCTATTGAAGCTAGAGCTAATCATAATCTGGCTATACTTAGTAAGATATTTAAAAACTTTCAAAAGTATGTACATTCTAAAAAAATAAGTATTGAAGATGATTTTTCTATAATTAAATATTTTTTCACAAAATATTTAGAAATCTTAAAACAGTCAAGGGTTGATGAAATTTTTTCTGAGGAAGATTACCCTAATGACTGTATCCCATTTTTAACTATACACCAATCAAAAGGTTTGGAATTTCCAGTAGTTATTGTATTTTCTTTATATACTACTCCCAATGTAAGTGGAGATTTATCAAGACAGACAAGTATAGATAGACTTATCAATTCAAATTCTAAAATTTCTGAGATAGACAAAGAATATTTTGATTTTTATAGAAAATTCTATGTAGCTTTTAGTAGAACAAAAAATTTATTAGTTTTAAGTTGTTATGAAAAAGGAGTATCTGAAAATTTTAAACCTTTTTTCTATTCAGTTCGTGGAGTAAATAGTTTACAATTTGATATAGATCAAATAAATTTAGATAAAGTTAGTAAAAAAGATGAAAGAAAGATTTTATCTTATACAACTGATATTGCACTTTATAGATATTGTCCTATGAAATATTTTTTAGTGAGAGAAAAAGAATACTCAACTTTTGATAAAAAGGTATTTAATTTAGGGATAATAACTCACAAGGCAATAGAACATATAAATAAATCATTTTTACAAAAACAGGAGATTTTTTCTGATAACTATATAGAAGATTTAGTAAAAAATATTCATAAGTTTCAAAATATAGATTTGGATAGCAATGTTGAGAGAATAATAGATACTGTAAAAAAATATATTAAAGATGAAAAAGATAATTTTAAATGTATAAAAAAGGTTGAAGCCTCTGAATTTAGAGTTGAAGATAATTATATTCTATATGGACAAATAGATTTAATTTTAGAAGATGAAAATGAAATAAAAATTATAGATTTTAAAACTGGAAAATATAATGAAATTGAGTTTTCTTCTAATTATAGGCAACAATTATCATTATATAAGTTACTTCTTCAAAAAAAATATGATAAAGATATAAAAACTTATCTATATTATTTAGAGGAAGATGAACCTAAAAAAGAAATTTATATTGATGATGAAGATTTAAAAGAAGATTTAGAAAATATAAATAAAACAACACAGGATATTTTAGATAAGAAATTTCCTAAAATTCCATATAATCAAAATATCTGTGGGCTTTGTGAATTTAAAAACTATTGTTGGGGGATACAATGAAAATAGTACATTGTTCAGATTTACATTTAGGTAAAAGGTTTAGTGGAAATAAAGACTATGTCAAAAAAAGATATATGGATTTTTTTAATGCTTTTGCAGTTTTTGTTGATAGAGTAGAGGAAATAAAACCTGATGTATGTTTGATTGCAGGAGATATTTTTGATAAAAGAGAAATTAATCCTGATATACTTTCTAAAACTGAATATCTATTTAAAAGATTAAAAAATAATGTAAAAAAAGAAATAATAGCCATTGAGGGAAATCACGATAATTCTAGAATTTTAGAAGAGTCTTGGCTTGAATACTTACAAGAACAAAATATTTTAAAAGTTTTTTACTATAATAGAGATTTTGATGAAAAAAATTATCTAAAAATAGATGATATAAATTTTTATCCAGTAGGCTATCCTGGTTTTATGATAGATGAAGCCTTGACTAAACTTTCTGAAAAACTAAATCCCCAAGAAAAAAATATAGTTATAGTTCATACTGGAATTTCTGGAAGTATAAACACTTTACCTGGATTGGTTTCCACTTCTATATTAGATTTATTTAAAGATAAGGCTATATATATTGCAGGTGGGCATATACATTCATTTACAACTTATCCAAAGGAAAAACCTTACTTTTTTGTTTCAGGTTCTTTGGAGTTTTCTAATATCCAAAATGAGAAATCTGATAAAAAAGGCTTTATCTTATTTGATACAGATACTCTAAACTATGAATTTATAGAGTTAGAGCATAGAAAAAGAATAAAAAAAGATTTCTCATATACTAATTTTTCAAATTTAGAAAATGAGTTTGAAAATTTTGTTAAAGAATTGAATTTAACAGGTGAAGAAATCTTAGTTATTTCTGTATCTCTAAATAACAATGACTATATAAATACTGAAAACTTAGAAAATATTGCTGAAATGAATGGAGCTTTAAAAACACATATTTTAATAAAAAATATTTTAAATATAGGAGCTAGTGAAGAAAATAATTCTGATTTAAGCATAGATGAATTAGAAAAAAATTTAATAAATAC
NZ_CP022123.1_gap33	965376	968174	2798	AAGGAGATTATGGTTTATTCCAAAGTATTAATCCAAAAACTCAAAAAACCTTTGATAATGAAAATTGGGTTATGAAAGCAATGGAAGCCCAAGGATTTATCAAAGATAAAAATGGAGTATTTATTGTTCCTGATAACAAAGAAATCTCTATGCAAATTCCAACTGCTCTCATTCCTAAATGTCCTGATGATAATTCAGATATGACAACAAATCTCAGAGTAGATAATTACTTTGTAGAAGATGAAGGCTGGCATAAAGCTTCTGAAGCATACTATAATTTTCTAGAAGAAAATAAAAATAAACATATTTTATTTGTAGAACTTGGAGTTGGAGCAAATACTCCAATGATTATAAAATACCCTTTTTGGCAAATGACAATAGAAAATGAAAAAGCTGTATATGCATGTATTAATTATGGTGAAGTATTTTGTCCACAAGAAATAGAAGATAGAAGTATTTGTATAGATGAAGATATTGGATCTGTTCTGGAATTAATTAAATAATTGAAAAGTTAAAAAGGAAAAATTTTGATTTTTTCCTTTTTTTATTGCACAGAATATATTATAATATAAGAGTAAAACAACTGACCGATTGGTCATTTTTGGAGGAATAAAATGAAAATACGAAATAACTTAATTTTTCTTTCATTTATTTTATTTTTATCTTGTTCCAATGTAAATATTGAAAATGAAAATAAAACTATGATGGAAGGATTAAAAGAAAAAGAAATAAGTACTGAAAATCTAAGAAGAGAAAAAGAGGGAATGTTAAGTTTAGATGAATGTGTAGATTTAGCTTTAAAAAATAATTCTCAAATGAAATTAAAAGAAATAGAGGCTAAAATAGCTAAAATTGATAAAAAAATTTCTTTTGGTAATTTTTTACCAAAGATTTCTGCTATGTATTCAATCTCTGAGTTAGATAGATATGTGAGTGCAACTATTCCAGCACCTGATATAACATTAGGAATTTTAGGCGGAATAACTTTGCCATCACTTCCAGCTACATTGACAAGTAGAATGGTAGATAAAGATTTTAAAAATTATGCATTAACTGCTCAACTTCCAATTTTTGTTCCAGCCACTTGGTTTTTATATTCAGCAAGAGAAAAAGGAGAAAATATCAGTTTATATACAGAAGATTTAACTAAAAAGATGATAAAGTTAAAAGTTATAAGTGAATATTACTATATTTTAGCCTTAGAAAGTGAAAAAAGAGTTTTGGAAAGTGAATATGAATATGCGAAAAATTTAAATAAAAATGCAAAATTAGCACTAGAAGCTGAAAGTATTTTAAAATGGCAAGAAGAACAGACAGAACTTTTAATTAAACAAAAGGAAAATGCTATTAAGAACAATAAAAGAGATTTACAGATTGCTAAAATGAATTTAATGAATGATATAGGTTTAGATTTAAATGGAGATTTTAGATTTGTTATTCCTGAAGATACAGTTTATAAACTTCCTCCACTTGAAGATGTAGTATATGATGCACTTATTAATAGTAAACTTATAAAAATAAGTCATAATGTAGTGGCAATTAGTAAAGATAAAATAAAAATTGCAATGAGTAGTTTTTTACCTCAAATTAGTTTAAATGGTGGACTTATTGGAACAGGTTTAACATTATTAAATCCTCAAAACATTATTTTTGGAGCTGTTATGGGATTTTTATCATTATTTAATGGTTTTAAAGATGTGAATGAATATGAAAAAGCGAAGTTACAATCAGAGGCTGCTTATATACAAAGAGAAGAAGTTATTATGAATACTATTATATCAGCAGTTAATTCATATAATAATGTTCAAAAAAGTATAGAAGATAAAGAATTGGCAGATATGAATTATAATATAGCTGAACAAAAATTTAAACAAAAAAAATTAGAAAAGGAAGTTGGAAATATTACAGATGCTGATTTATTAAATGAAATAACTGAATTAGAAAAAGCGGCTAGTCTTAAAGAAAAAGCTGACTATAAATACAGTGTTTCAGTTGAAGCATTAAAAATATTAATTGAAAATTAGGAGCTGAGTTTATTATGAAGATAAAATATATATTACTTTTTTTAATAATTTTTATTTTTACAGCTTGTAAAAAAGATGTAGAAGAAGAAATTATAAGACCTGTAAAAATCCAAGAAATAAATTCTATACAGGATGGAAGTTTTAATATTGATTTTCCTGCACAAATTTCTCCTACACAAAAAACTGTATTAGCTTTCAAATATGCTGGTAAAATTAAGAGTATAAATTTTGAAAGTGGAGATTTTGTAAAAAAAGGTCAAGTTATTGCAACAATAGATGATAGTGACTATAAAGTTAATTTAGAAGCATTTTCTAAAAAATATGAAGCAGCTAAGGCTGTTGCTCAAAATGCAGAAGTACAATTTTCTAGAGCTGAAAAATTATATAAAGGTGGAGCTCTTGCAAAAAAAGATTATGATAATGCTATTATGCAAAAAAATGTTGCTATTTCAACATTTAAGGAAGCTAGTGCTGGACTTGAAAATGCAAGAAATACTTTAAATGATACAAAAATAATAGCTCCCTATGATGGATATATAGATAAAAAAATAGTTGAAGCAGGTACTGTTATTCCTGAAGGAGGTCCTGTCATTTCTTTTATATCAAATGAAATAACAGATATTTCTGTAAATGCTTCATTAAAAGATCTTGAAAATATTAAAAATGCTAGTAATATAATTTTTAAAGACAATTTATCAGAAAAAGTATATTCTCTTAAAATTAAAAGTATTGCTCAAAATCCTGATTCTATTAATTTAACTTATCCAGTTACAT
NZ_CP022123.1_gap34	1057003	1058296	1293	TATTTGCTTCTATCCTCTCTTTAATAAAATTTAAAATTTTTAAATCATTTTCCATATTTATCCCCCTTTTTTCTTTAATATTTATATTTTCAACTTTTTCAAGTTCATCTAATTTTTTTATTAAATTTTCTTTATCTTTCATTAGGAATTCATTTACATCTTTAAAATTTTCTAAAATATTTGTACTGACACAATTAATTCCTATTTTGTTTAGTGCTACATATAGTTCTTTTTGAGCCTCTTGTCCTCTTACATCACTATCAAGCATTAAATAAAATTTATTTTCAGGCTTATCTTTTTCTAATCTATTAACAAATATATTAATGTCAGTTATGCTTCCCAAAGATATAGCTTTTCTATTTACTTCAGCCAAAGATAAGGCATCTATTTCACCTTCAACTATATAAAAAGGTACCTTTTTATTTTTTTCTAATTCCCAGTAATTGAACATAGAGGCTTCCCCAACTTTTATATACCTAAAATTAGATTTTTCATTGATATTTCTTGCAGTATATGAGCTCTTTGAAGTAGGAAAAATTATAACTTGCATAGGAAATTTCATTTTTCCTTCTTTAAAATTTGGATCATAGCCTATATTATGGTAATCTATAACTTTTTTTGAAATACCTCTTCTCTCTAAATAATCACAATTTTCCATTCTTTTTTTACACTCATAAAAATAAAAAACTTTTTCTCCATATGTATCAATTAATTCTTTCTCTACCTTTTTTTCCCTTGCATAATCTAATTCTGCACTTGTTCCTTTCTGAGAATATATTACATTAATATCTTTTATTAAACCTCTATTATTGTAAAGTTCTTCAGCTTTTTCAACTTGTTCTTTAAATGTTTTAAGACCATATTCTTGACCTACTAATTCAAATATATTATAAGTTTTCCCACAAGCAAAGCATTTACATACATTAGCTCTTCTATAAAAACTCATACTTGGATGTTTGTCTTCATGTGTTTCAGAAAAACATCTCATAAATTTATTTGTATTTACTCCCTTTAAGTTTAGGTACTCTTCCAGGAAAGATTTTAATTTTTTTATCTTTTCTTCTTCTTTAGTCCCCATATTCTCTTTCTCTACCTTCATCTTTTTCTTTCTTTTTATTCTTTTTCTTTATAACTAAGTCATTATCATTAAATATTTTTAATTCTTCCTGGATATTTTGATCATCTAGTTTCTTATCTTTATTTAGGTCCAAAACATCTTCATCTGTAATTTTAATCTCTTTCTCTTTATTTGTGTTTACTTCAACTTCTTTTTGAAAACTATTTTTATCAACT
NZ_CP022123.1_gap35	1251475	1256286	4811	ATAAATCGTTTTATGTTAATATTATAATATAAAAACATCAAATATACTAGGAGGTAAATTATGGAAACGAAAAAATATGGTTTAGGAACAACTGCTATACATGCAGGAACTTTAAAAAATTTATATGGAACTCTTGCAATGCCAATATATCAAACTTCTACTTTTATATTTGACTCAGCTGAACAAGGTGGAAGAAGATTTGCTCTTGAAGAAGCTGGATATATTTATACAAGATTAGGGAATCCTACAACAACAGTTTTAGAAAATAAAATTGCAGCTCTTGAAGAAGGAGAAGCTGCTGTTGCTACATCATCTGGTATGGGAGCTATATCTTCAACATTATGGACTGTTTTAAAAGCAGGAGATCATGTTGTTACTGATAAAACTTTATATGGTTGTACTTTTGCTTTAATGTGTCATGGACTTACAAGATTTGGAATAGAAGTCACTTTTGTTGATACTTCAAATTTAGATGAAGTTAAAAATGCTATGAAAGAAAATACAAGAGTTGTTTATCTTGAAACACCTGCTAACCCAAATTTAAAAATAGTTGATTTAGAAGCACTTTCTAAACTTGCTCATACAAATCCAAATACTTTGGTCATTGTTGACAATACTTTTGCAACTCCATATATGCAAAAACCTTTAAAATTAGGTGCAGATATTGTTGTTCACTCTGTAACAAAATATATAAATGGACATGGAGATGTAATAGCAGGTCTTGTTATAACAAATAAAGAACTTGCAGATCAAATTCGTTTTGTAGGTTTAAAAGATATGACAGGAGCAGTTTTAGGACCACAAGATGCTTATTATATCATTAGAGGTATGAAAACTTTTGAAATCCGTATGGAAAGACATTGTAAAAATGCTAAAAAAGTTGTTGAATTTTTAAATAAACATCCAAAAATTGAAAGAGTTTACTATCCCGGACTTGAAACACACCCTGGTCATGAAATAGCAAAAAAACAAATGAAAGATTTTGGAGCAATGATTTCTTTTGAACTAAAAGGTGGTTTTGAAGCAGGTAAAACTTTACTAAATAACTTAAAACTTTGTTCATTAGCAGTTTCATTGGGAGATACTGAAACTCTTATTCAACACCCAGCATCTATGACACACTCACCTTATACAAAAGAAGAAAGAGAAGCTGCTGGAATAACTGATGGCTTGGTTAGATTATCAGTTGGTCTTGAAAATGTTGAAGATATTATAGCAGATTTGGAACAAGGACTAGAAAAAATTTAATTTTACTCATTTATCTTCATTCCTTACTTGTTTATGGTTGTTGTAAACTCTATTACAACAACCATTTAACAAACATATAAATTAGTTTTTTAAAAATACGGTATATAGTAGATTTTAAACATATTAATGAAACGAAAGAGGTAAATATATGGAAAATAATGTAGAAACTAGAGGAAGTTTTAAAGGTTTGATTCCATTTATAGTATTTATTTTGCTTTATTTAGGAACTGGAATTTTTTTACATATAGCTGGAGTAGAGTTAGCATTTTACCAATTACCTGGACCTGTTGCAGCTTTTGCTGGAATAGTTGTTGCTTTTATTATATTTAATGGAAGTATTCAAGAAAAATTTAATACTTTTCTTGAAGGCTGTGGGCATCCAGACATAATCACAATGTGTATTATTTATCTTTTAGCTGGTGCATTTGCAATAGTTTCAAAAGCTATGGGTGGTGTTGATTCAACTGTTAATTTTGGAATTACTTATATTCCTCCACATTATATAGCAGTTGGACTTTTTATTATCGGAGCTTTTATATCAACAGCAACTGGAACTTCAGTTGGAGCAATAGTTGCTCTTGGACCAATAGCTGTTGGGCTTGGTGAAAAAAGTGGAGTTCCTATGCCACTAATTTTAGCTGCTGTAATGGGTGGAGCAATGTTTGGAGATAATCTATCTGTTATTTCTGATACTACAATAGCAGCAACTAAAACACAAGGTGTTGAAATGAGAGATAAATTTAGAATAAACCTGTATATAGCACTACCTGCTGCTATTCTTACAATAATTTTACTTTTCTTATTTGCAAGACCTGATGTTGTACCAGAAGCAGTAACACATGACTATAACTTAATAAAAGTTTTTCCTTATGTTTTTGTACTTGTAATGGCATTAATTGGAGTAAATGTTTTTGTTGTTTTAACATCAGGAGTTTTACTTTCAGGAATAATTGGGCTTATATATGGAGATTTTACTTTATTAGGTTATGGTAAAGAAATATATAATGGCTTCACTAATATGACGGAAATTTTTGTACTTTCACTTTTAACTGGTGGCATGGCTCAAATGGTAACACATCAAGGTGGTATACAATGGGTTATTAATACAGTTCAAAAGTTTATAGTTGGTAAAAAAAGTGCAAAAGTTGGTGTAGGACTTTTAGTTTCACTTGCTGATATAGCTGTTGCAAATAATACTGTTGCAATTATAATAACTGGTGGAATTTCTAAAAAGATTTCTGAAAATAATGATGTTGATTTAAGAGAAAGTGCTGCTATTCTTGATATTTTTTCTTGTATATTTCAAGGAATGATACCTTATGGTGCACAAATGTTAATACTTTTAGGTTTTGCAGGAGATAAAGTTGCCCCAACACAATTAATACCTTTATTATGGTATCAATTGTTATTGGGAGTTTTTACACTAATTTATATATTTGTTCCTCAAATAAGCAAAAAGGTATTAAATGTTATAGATAAAAAATAAACTAAAATAATTTTATTTTACTATTTATAGTAAATATTGTATAATAAAATTACAAAGAAATTTAAACTATATATTTTTATGTTAAGGAGGATATGGATATGAAAAGAGTTATGCAAACAATGGACGGAAACCAAGCTGCAGCTTACGCTTCCTATGCTTTTACAGAAGTTGCAGGTATTTATCCAATAACACCTTCTTCACCAATGGCTGAGTATGTTGATGAATGGGCTGCTAAAGGAATGAAAAATATTTTTGATGTTCCTGTTAAATTAGTTGAAATGCAATCTGAAGGTGGTGCTGCTGGTACTGTCCATGGTTCTTTGGAAGCTGGTGCTTTAACTACAACTTACACTGCTTCACAAGGGTTACTTTTAAAAATTCCTAATATGTATAAAATAGCAGGAGAATTATTACCAGGTGTAATCCATGTATCTGCTCGTTCTTTGTCTGTTCAAGCACTTTCAATTTTTGGGGATCACCAAGATGTGTATGCAACTAGACAAACTGGTTTTACTATGATGGCTAGTGGTTCTGTTCAAGAAGTTATGGATATGGGAACTATTGCCCATTTAGTTGCAATTAAGTCAAGAGTTCCTGTTCTGCATTTCTTTGATGGTTTTAGAACTTCTCATGAAATTCAAAAAATTGAACTTATGGACTATGATGTTTGTAAAAAATTAGTTGACTATGATGAAATTCAAAAATTTAGAGATAGAGCATTAAATCCTGAACATCCAGTTACAAGGGGAACTGCTCAAAATGATGATATATACTTCCAAACAAGAGAAGCTCAAAATAAATTTTATGAGGCTGTACCAGATATAGCTGCGTACTATATGGAAGAAATTTCAAAAGAAACTGGTAGAGAATATAAACCTTTCAAATATAGAGGTGCACCTGACGCTGATAGAGTTATTGTAGCTATGACTTCTGTTTGTCAAACAGCTGAAGAAACTGTTGATTATTTAGTTGAAAAAGGAGAAAAAGTTGGACTTATAACTGTTCATTTATATAGACCTTTCTCTGAAAAATACTTCTTTAATGTTTTACCTAAGACAGTTAAAAAAATAGCTGTTTTAGACAGAACTAAGGAACAAGGAGCACCAGGAGAACCACTATTTTTAGATGTAAAATCAATATTTTATGATAAAGAAAATGCTCCAATAATAGTTGGAGGAAGATATGGATTATCTTCAAAGGACACAACTCCTGCTCAAATAAAAGCAGTATTTGATAACTTAGCACAAGATAAACCTAAAACAAACTTTACAATAGGTATTAATGATGATGTTACTTTTACATCTCTTGAAATAGGGGAAAGATTAAATGTTGCTGACCCTTCTACAAAAGCTTGTCTATTCTTTGGACTTGGAGCAGATGGAACAGTTGGGGCAAATAAGAACTCAATAAAAATAATTGGAGATAAGACTGACTTATATGCACAAGGTTATTTTGCTTATGACTCTAAAAAATCTGGTGGAGTTACAAGATCTCACTTAAGATTTGGTAAAAAACCTATTAGAGCAACTTATTTAGTATCTAGTCCAAGTTTTGTAGCTTGTTCTGTTCCAGCTTATTTAAAACAATATGATATGACATCTGGACTAAAAAAAGGTGGAAAATTTTTGCTAAACTGTGTTTGGGATAAAGATGAAGTTTTAGAATATATTCCAGACAATATCAAGTATGATTTAGCAAAATCAGAAGCTAAGTTCTATATTATCAATGCCACTAAACTTGCTCATGAAATTGGTTTAGGCCAAAGAACAAATACAATAATGCAATCAGCTTTCTTTAAACTCGCTGAAATCATACCTTATGAAGAAGCACAAAAATATATGAAAGAATATGCTTATAAATCTTATGGTAAAAAAGGTGATGATGTAGTTCAACTTAACTATAAGGCAATAGATGTTGGTGCTTCTGGTTTAATTGAAATTCCAGTTGATCCTAATTGGATAAATTTAAAAGTTGAAACTATAAAAAAAGTTGATAAAAATAATAATACTTCTAATTGTAAAACTGAATTATTAACTTCTTTTGTTAAAGATATAGTTGAACCTATCAATGCTATAAA
NZ_CP022123.1_gap36	1266635	1267749	1114	TTTAAGAGCTTGTATATTATCATAGAAAACTTGTAGGTCTTTTACTTCTAACATTGCCATTATTCATCTTCCTCCTTACCTAAGTATGCTTCTACAACTTGAGGATTATTTATAACCTCTTTTGGATCACCACTTGCCAATATTTGTCCATAGTTTAGAACAACCAATCTTTCACAGATACCAAGAACTAACTTCATATCATGTTCTATAAGTAAAACTGCTATTCCAAATTTATCACGAATTAATTTTATAGTATTCATTAAATCTTCTGTTTCTTTTGGGTTCATTCCTGCTGCTGGTTCATCTAAAAGAAGAATTTTTGGTTCTGTTGCCATAGCTCTTGCAATTTCTAATTTTCTTTGTTCACCATAAGGAAGATTTCCAGCATGCATTCCTGCATACTTATCTAAATCAAATATTTTTAAAAGAGCCATTGCCTTTTCTTTAGCTTCTTTTTCTTCTCTCCAAAAATTTGGAAAACGAAGCATACCAGATAAAATTCCATATTTCATACGGAAATTATATGCAGCTACAACATTATCTAAAACTGATAGATACTTAAATAATCTTATATTTTGGAAAGTACGAGCCAAACCTTTTTTTACAAGAGCAGAAGTTGAAGTTTTAATAACATTTTCTCCATCTAGTGTATATTCTCCTGAACTTGCATTATATACACCTGTTAATATATTAAATACTGTTGTCTTTCCTGCTCCATTAGGTCCTATTAAACCAATTAATTCTCCTGAATTTATCTCTAAATTAAAACTATCAACTGCTTTTAAAGCTCCAAAACTAATTGATATGTCTTTTGCGACTAAAAGAGGTTTTTTATTTTCCATTTGTTTCACCTCTTTTTAATTTTTTAGTAAAGTATGAAATCACTTTACTTATTTGGAACTCTTCTCTTCCAAGTAATCCTTTTGGTCTAAATAACATCATTATAATTAAAATTAAAGGATAAACTATCATTCTATATTCTGCAAAACTTCTTAAAACTTCTGGTAATATAGTAAGAACTATTGCTGATAAGATTGAACCAGTGAAACTTCCCATTCCTCCAAGTACAACCATAACAAGTATATTTATTGAGTAGTTATAGTCAAATTGTTTT
NZ_CP022123.1_gap37	1269503	1273298	3795	TATTCATATTATAAAGCAGAAGTTGTTTTTATCTTTTTATTTTAATTTTATTTTGATACTACTGAATCAAATGTGTAATCTCCATTTACTATTTTAATTATAGTTATACTCTTTACAGGGTTATTTTTTTCATCAAAAGTTAATTGCCCTGTAATACCTTCAAATTGAATTTCTTTTATAGCTTTAGCTACTGCTTCTTTATCAGTTGTTCCAGCTTTTTCTATTGCTGCTTTTAAAAGATAAGCTGTATCATAACTTAAAGCTGAGAATGCAGAAGGTTCATCATTATATTTTTCTTTATAGTTTTTAATAAAGTTTTGTATTCTTTCATTACTATCTTTTGTTGAATAGTGATTAGCAAAGTATACATTTTCTATTGCTGCATAAGAAGATGGATCTACTGTTTTCACAACTCCATCCCAACCATCAGAACCAACTATAATTGATTTTAATCCAACTTCTCTTGCTTGTATAGCAATTAATCCATCTTGTTCATAATAATCAGGTATAAATAATACATCTGGATTTTGTTGAGCAATTTTTGTAAGTTGAGCCTTGAAATCTTTATCTCCATCTGAATATCCTTCTCTTGCTACAACTTGAATTCCTTGTTTTTCAGCTTCTGCTACAAAAGCATTAGCAACTCCATCTGAATAGTCACTTGAGTTATTAGACATAATAGCTACTGTTTTTGCTCCTAATTTTTCTTTTGCAAATTTTGCTAAAACTTCTCCTTGATATGGATCTGTGAAACATACTCTAAATACATTAGAACCTGCTTCTGTTATATTAAGTTGTGTCCCAGTAGGTGTTATCATTGGGATTCCATCTTGTGCTGCAACTTCTGCAACAGCAACACTTGGTTTTGAAGTAATATCTCCAACTAATGCAACCATTCCCCAATCAACTAATTTATTATAAGCATTTACTGCTTCTGTTGAATCTCCCTTTTCATCTAATACATTTAATTCAACTTGTTTTCCAAGTATACCACCATTTGCATTTATTTCATCAATAGCTAATTTTAATCCATTAGTTGCTGATATTCCGTAGATTGCAACTGGTCCAGTTAATGGTCCAATAGCTCCAATTTTTATTGTTTCAGCTTCTGTTGTTGCTGGTTTATCTGCTGCTTTTTCTCCTCCACAAGCTGCTAAAAAAAGTGAAGCCCCTAATAATGTAGTTAATAATTTTTTCTTCATTCTATTTCCCTCCAAATTTTAATTTTTAATATGTAAGGCATACTATATCAAAAAAAAGGAAAAAAGTAAAGTATTTTTTTAATATTTTTGTATCAATAAAAAAGACAGTTTATTTAAACTGTCATTTATTGATATTTTACTTTATTTTTTGAATATTTTTATAAACTTTAAAATTCCAAACTATTATCATTTAATAAAAAATCATATACATTCATAGTGACTATTCCATCTTCATCTCTTTTAACTTTTATTACATCTTTAACTAAAATTATTTTCTTGAAAGAATCATTAATATTAGTTAAAGAAGCTTTTTCCTGTTTTACTTTTTCTTCTGTGGGAAGACTTAATGCAGATTGTATATAATATCTTTTACTTCCAAGATTTGCAATAAAATCAACTTCTAATTGTTTTTTCTCTTTATTTCCTTTGGAAGTTAAGATAGTCTTTGTTACCATTCCAACATCTACTTTATAACCTCTAATTTTCAGCTCATTGTAAATAATATTCTCCATTAAGTGAGTTTCCTCAACTTGCCTAAATTCTAATCTTGCATTTCTAAGTCCTACATCTTCAAAATAATATTTTAATGGTGTTCCAATATATTTTCTTCCTTTAACATCATAACGATATGCTTCATTTATCACAAAGGCATTTTTTAAATACTCAATATACTTTCTAATTGTATTTAAACTTATATCTGATTTTATAGAGCTCTTAAATGTGGATAATATCTTTGAGGGATTGCTAAGTGAACCTACACAAGAAGCTAAGACATTTATTAAGTCATTTAATTCTTGAATTTTTTCAATTTTATTCCTTTCCATTATGTCTTTTATATAAGTTTCTTCAAATAATCTTGTTAGATAATTTATTTTTTGTTCTTCTGTTTTCATCAGTAATATTTGAGGTAAACCTCCATATGTAACATAATCTGCCCACCCCTGATATCTATCACCTTCATAAGCACTCATATATTCCTTAAAACTAAGTGGATAAATATGAATCTCATCCCCTCTTCCACGAAATTCAGTAAGTATATCGTGAGATAGAAATTTTGAGTTACTTCCAGTTACATAAATATCAACATTATCTTTATGTAATAATGAATTTAAAACTTCTTCAAATTCTTCTAACATTTGTATTTCATCTAATAAGATATAATATTTTTTATTATCCACTATTAATGAATTTATCTCCTCCAAAATTATATCTGGTTTTCTATATTTTTTATTCTCTATTCTATCTAATTCAAATTCAATAATATGTTGCTTATCTGTAAGATTATTTAACAAATAAGATTTAAAAATTTTAAAAACTAAATAAGATTTTCCACTTCTTCTGATTCCAGTTATAACTTTAATCATTCCATTATCTATACGATTTATTAACCTTTGCAAATACAAATCCCTTTTTATTTCCATTAATATTTCACCTCACTGAAAAATATGGTATAATATTCCCTTAATTTTCATTATTATATCATAAATAAAAAAACTTTTAAATAAAAAATAAGTTGCTATAAGCTATTTTTCTTCTTATAACAACTCTATTTTAATTATTTTTATCTTAATGAAAAATAAAGTGTATTGTAACCTTATTTTTCACTAAAACTATTTTTCTTTATAAATATGTATAGCATTAGCTTGATGTAATGGAGTTACAGTTAAATCTGTAATTTGAATTTTTTCTGGTAGATTTACAACATAGGCTATTGTGTCTGCTATATCTTCTGCATATAATGGTTCTATTCCTTTATATACATTGTCAGCCTTTGTTTTATCTCCTTTAAATCTTATTAAACTAAATTCTGTATCTACAAGTCCAGGTTTTATATTAGTAACTTTTATTTTCTTATCTATAAGCTCTGATCTCATTGCATCACTTATTGCTTTCACAGCAAATTTTGTTGCACAATATATACTTCCATTTGGATATGCTATTTCTCCTGCAACAGAACCTATATTAACTACTGTACAAACTTTATCTGTTGCTATCATAAGTGGAAGAATAGTATTTGCAATATATGTAAAACCTTTTATATTAGTATCAACCATTCTATCAACATCTTCCATATTATATTCGTAGAATTTTTCAAGTCCAACTGCAAGTCCTGCATTGTTAACTAATATATCTATTTTTTTCCATTCATCATCTAATGAATTTATATTTTTTAAAACATCATTATAGTTTCTTACATCAAAGACTAAAGTTTTAACTTTTACTCCATATTGCTTTTCAAGTTCTTCTTTTAACTCATTTAAAATATTTTCTCTTCTAGCACATAGAATTAAATTTACTCCCATCTGTGCTAATTTTTCTGCTGTTGCCTTTCCTATTCCACTACTTGCTCCTGAAATAAATGCAATTTTTCCTTTAACACGATTTTCTTCCATGATATCCCTCCTATATCTTATTTTATTATAGCCTATAAAAAAATCTGGCTAGTAGCGAACTATTTTTTACAATTATGATGGTTTTGATAGAACACTTATCATTTCTCTAATTTCAGTAAACCTTTTCTTTAAGTATTCTTCACTTTCTGCATAAGCTCCTAGTGCATCAAGCGATAACTTCATATGTTCTTCTGCTCTAT
NZ_CP022123.1_gap38	1344067	1348294	4227	AATAATACTTTCATTTTTATTTGCTATTTTTTCTTTGAAAAATCTCTCCCATTCATTTTCAGAAAAAATAATATTATTTAATTTTTCTAATTTATCTTTTAAATTTAAAATTAATTCTTCTTCATTATGAATATTCAAATACTCATAACCTTGATTTTGTAAATTTTTAATAAATTCTCTTTCTAAATCTGCTTCACTTTGATAAGTATACACTGGTATATCCTCTTTTACATATTCAGTCACCACTGTACTTTCAAGTGTTGATATAAGCATATTGTAATCTACTGATGACATTTCCCCCTCCAAAAATTTTAGTCATTTATATTTTTAAAACTTAATAATTTTTCTCTATAATATTCATATTGCTTTTGTCTTGCTTCTATCTCTGCTGGCAACCCCTCTGATATATCATTACATAATTTATCAAATCTATCTAAAATATTAACTATTCTTTGTTGTTCTTCTAGTAATGGTAGAGGGATTAAAAATTTTTTAAATTTGTCCATATCCACTGATGGAAAATTACCTATTTTTATATTTTCTTTACATTTTTTTGATAAAATATAAGCATAATGTTTCAAGAACATAGGTAATAAAATATTTTTATACTCTCCTTTTACTATTAAACAAGTAAATCTTTGATTACATAAAAATTCTTTTGTTATTAAAGCGTATTCTCCTATTGTTGCTGATGTTGAAATTATTAATGTATTTTCAGGAAATAATTTTCCTTTAATACCTTTTTTATTCACTTTTTCTATTGAATTTTTAAGTATTCTTCCATTTGTATTTATATCCTCTATTTTAAACCAATTAATATTTCCATTTAGCCAATATTCAGGATTAGATTTTGATGGAGTATAACCATTTTTTAATTCAAATATTTCTCCTAATTCAAGCTCTATATATCCAAAAATATACATAAATAATTTAATTATGTCTTGTCTTGTCTTGTCTTGTCTTGTCTTGTCTTGTCTTGTCTTGTCTTAGGCAGAGTACAATTTTCTATTTTGAATGTCAAGAGAAAATTTCTATAAAATTCATATTGTTTTTGTCTTGCTTCTATTTCAGCAGGAAGTCCAATATTTAAGTCATTACATATTTTTTCAAAGTTATCTAAAACCTCTACTATTCTTTTTTGTACCTCTAATGGTGGTAAAGGGATTTCAATCTCTCCTATATCAGTTGCATTTGTATGAACTACTTTACTCTTTATTTTCCCTTTACTTTTTTGTTTTTGTGCATTTTCAGTGGATAAAACATAAGATAAATAAACTGGGTCTTGTTTATGTTTCATAACCAAAATATCTCCACCAACCAAACATTTTTCTTTTCCTATATATGCAGTTGATTTTCCTATTTCTTCAACACTTTCTCCTGTAATAGCAAATAAAATATCTCCATAATCTATATATTTTTTATTTATTATTAAATTTTCATCAGTATAAGATTTAGTTTTCTCAAATGATATTCCATAATCTGTATAAATTTCTCCATAACGGATACAAGGGATTCCTATTTCTCTAATTTCTTCTCTTTTTATTCCATTTCCTCTATACATTTCAGTAGCTATATCTTTTAGTTTAACTATTTTTACTTTATTTTCGAATTTTAATAAATAATCTCTATACCAAGAATATTGGTTTTTTCTAGCTATTAATTCTTCATTTAATTTTTCTTTCAATTCCTCAACTGATTTTGTATAATTATCTAAAATCTTTGCTATTTCTTCTTGTACTTCTAATGGAGGTACTGGAATTACAAGATTTTTAATATTTTCTGTACTTAAATTAGGTTGTGCTCCACTTACAGAAGAAATTTTTAATATTTCCAAACCTTTACTTAATAGAAAATGATACAAAAATCTATTATTTAATTTTACTATATTGGGTATAAATTTCCCAACTCTTTGATTTAAATAGAATTTTTTACTTGTATTATTTATTCCTATTTTTCCTGTTGTTGCTCCTGACATTGCAATTACAATATCATTTTTAGATACAATATAGTTACCTAAATTCTCTTTATAATCACCTAATAAAAAATATTTTAAATCTTCTTCATTAATAATACCATTAGAAATATTAGTAATTCTCAAAATAGCTTCTCCATTTTCTTTGAATAAAGTACTTTTAAATGCAAAACCATTTTGAAAATTACAAACTTCCCCTAACTTTTTATACTCCACTCCATTAGGACATAACTCTTTTATCAATTCATCTAATTTACTCATTTCTTCCCTCTTTTTAGAAATTTTATTTTTACTTGTAACTTTACTTATTATTCTTTCTTTAAAAATCCTTATATTTCAATAATTTTCTTCTCTTACTAGAAAGTTACTAGAAAATACTAGAAAGCTACTAGTTACTTTTTATTTCTTAAAATACTTTATATTTCAATAATTTTTTTCTCTTACTAGAAAGTTACTAGAAAATACTAGAAAGTTACTTGTTAGTTTTATTTCTTTAAACTATAAAACTGTGTAGGATCTTTTGGATTTGTTCCATGCCACTCTAATAAACCTAATGTTACTAATTTTTTTAGATACATACGAGTTGTTACAGTAGTTTTATTTATATTTTTTGATAAATCAGCTACTGTAATTTTTTTATTCATAAAAGAAAATTTTATTATTTCCTTTTCTATAAAATTTAACTCTTTATATATTTCTTTATCAATTAATTTTTTTAAATTATCATCTATTCTAACATTTCTATTTAATATATTATTTTCTAAAACAAGTAAAACATTATTCCCTGGCTCTGAATAAACTGGCTTCCTTAAAAAGAATTTTTCCATTTCACTATATATTCTTTTAACACCTTCATTCATTTCCTTAACCCAGCCAAATTCTGACAGTATTCTAGCTATTCTAGGATTTCTAGAATAACGCTGTGTCAGAATATTTTCAATAGTAACAATATTAGGCAATTTTCCTGGGCTATGTATTTCTATTCTATCATCAAACATAATAAATCTTATATATTCTCCTCTGATAGAATAATTTCTATGTGTTAAAGCATTGACTATACCTTCAAACCAAGCAAATTCTGGATATTCTGGCATTGATTTAAAATTCCCCTCTTCACCATCTAAATATTGAAATTCTCTTAATTGAGTTTTTATAAATTCTTTTACTTCCATTATTATTTTTGGAATAGCCTTGTCAAATGTTTTCTCTTTTATTATATTTATTTCAGTTCCAACATTAGCTTTAACTCCATCATATCTAATAAATTTTAATCTAGCTTGTGGTAAATATTTAGTTGGTTCTTTAGCAAATAAGAGAACACAAGCATTTGTTAAAAATCCTTTTTTTATAAAATTTCTTGATTTCAATATGTCTTCTAAAGTTGAATTTGTTAAGTCCATATTTTTTCTATAAGACTCAACTAACTCTAAGTCAATATCCTCTATTGAAGAATCTTCAACTACTTCATCTTCAAAATATCTTTGTCCTCTATCATATTCTAATTGAGTTATTTGTTCATGATTTAATTTTTCTGTTTTATCAAACTGTCTTAAATAAACATTATTATCATATGACTTTATAACTTTATCATAAACTGGCTCAACTGAAATTACTAAAATTTTATCTTCTTCTCCATTTTTATTTTTTACATCAAAAGTTTCATATTTTGCTAGGAGAGGAGTGTCTTTCAATTTTACAAGAGATATATTTTTAAACTCTTCTATTTTATGTGCTTTATAAGTATTAAAACCTGTTATTTCTCTATTATCTTCAACACCAATTACCAATGAGCCTCCATCCGCATTAGCAAAAGCAACTAAATGTTTTAATATATCAAGAGGTTCTATTCTTGCACTTTTTCTTTCAAGATATTGATTCTCAGAAGAAGATACTAAAAATTTTATTCTATTATTCATAATTATCTCCTTATTTTATCTCAATTTCAGCAATAATTTTATCTATCTCTTTTCTTAATTCTTCCTCTCTTGCAACAATTCTTTGAATTTCTTTATTTAATTCAACTATATCTATTTTTTCACTTGTATCTTCTTTTTCAACATAAGTTGAAACTGATAAATTGTAGTTTTCTTCAACTATTTTTTCGTATTCAACAAGATTTGAGATATATTCTATATCTTCTCTCTTAGTGAATTTTTCTACAATATCATCAATATGTTTTTCTGTCATCTTATTACTATTAGTAACTTTTACAAACTCTTTTGAAGCATCTATAAATAATACCTTATTATCAATCT
NZ_CP022123.1_gap39	1353843	1356234	2391	TTACCTTCTTTTTTCTTTTCTTCTTTTTTCTTTAAAACTTCTTCAATAGTTAGAGTTGAAGCTGCTCTTTCTTTTTCTAAACTAGTTTTTATCTTAGTTATCAGTATATCAAGCCTACTTCTTTTTTCTCCAATATAGAAATAAAATTCATCTAAGTTAGGAATATTATTTTTTTCCATATGTTTTTTAAGTGTAGGATCATTTTCAATTTCTTTTAAAGTCATTCCTAATTTAGAAGCTTCTTTTTCTAAATTATCTTTACCTATTTTTGTTACAGTTTCTTTATTTTCATCTTTTAAAAACTTTCTAATTTTTCCTTTAGCACCGTGTGTTACAACTATATCTAACCAGTCTATACTTGGTCCTTTTGAGTTTTTAGAAGTTATAATTTCTACCTTATCTCCACTTTTTAATTTATGGTCGATAGTTACCATTCTTCCATTTACTTTTGCTCCAACACATTTACAACCTACCTGTGTATGTACCATAAATGCAAAATCTAGTGCTGTTGCTCCAACTGGAAGTTCTATAATATCTCCCTTAGGTGAAAAAGTAAAAACTGTACCTCTATCAATATCTCCTGTTACACCTTCAATAAAGTCTTCAGTTGAATCAGATTCATTTTGAAATTCTATTATATGTCTTAACCAACCATAAATATTATCATCTTTACTACTCTTTTTATTTTCTTTATAGTTCCAGTGTGCTGCAATACCTTCTTCAGCTATATCATCCATATCCTTAGTTCTAATTTGAATTTCTATAAATTTACCTAAAGGTCCAACTATTGTTGTATGTATAGACTGATAGTTATTTGATTTTGGTACTGCTATATAGTCTTTAAATCTACCAGGTACTGGCGTATATTGACTATGAACTATACCTAAAACATGATAACAAGTGGCTTTATCCTCTACTATTACTCTAACTCCCATTAAGTCATAGATATCATCAAATTCTTTACCTTTTTGATACATCTTTTTATATATGCTATAAAAGTGTTTAAATCTACCTTTTACTTCTGCCTTTATACCTAAATCAGATAGAGTTCTAATAATAGTTCTAATAAAGTTTTCAATATAGTCTTTTCTTTCTTCTTTTGTGTTATCCACCAATCTTTTTATTTCTAAAAATTCATCGTGATGTAAATAACTAAATGCCATATCCTCAAGTTCTGACTTAATCTTTGCCATACCTAGTCTATGAGCAAGTGGAGCATAAATATCTAAAGTTTCCTTTGAAATAGATTGCTGTTTTTCAGGCTTCATGAATTTTAATGTTCTCATATTATGAAGCCTATCAGCTAGTTTTATAAGGATAACCCTTATATTTTCTGCCATTGCCAAAATCATTTTTCTTATATTTTCTGCTTGATTTTTAGTCCCATTTGGCAAAGCTTTTAATTTTGTTACTCCATCAACAAGAGTGGCAACTGTATCTCCAAAATTATATTTTATATCTGCTATTGGAATCAATGTATCTTCTACAACATCATGTAATAAACCTGCCACAATGGTATCAGTATCCATTTTCATATCCATCAAAATTTTTGCAACTTCAACAGGGTGGATAATATAATCATCCCCCGATTTTCTGTATTGTCCTTGGTGGCTTTCTTCAGCAAAACCTAATGCTAATTTGATTTTATCAAAATCTAAATTTAGATGATTTGCTCTTGCTTTATCTAATAATTGTTCCCAATAGTTATTCATAATATACCTTCTCTCTAATTAATATTGCATTAATGTAATCATAGGATATTTATTCAATTTCTCTCTTCCTTTTAAGTCAACAAGTTCTATTAAAAATGCTAAGCCTGCTACAACTCCTCCTAATTCTTCTACTAATTTTATTGTAGCTTCAACAGTTCCTCCAGTTGCAAGCAAATCATCAACAACTAATACTTTTTGTCCTGGTTTTATTGAATCTTTATGTAAACATAATTTATTTGAACCATATTCTAAATCATAAGCATATTCTATTACTTCACGAGGTAATTTTCCTGGCTTTCTAACTGGTACAAAGCCTACTCCTAAAGCATAAGATACAGGGCAACCAAAAATAAATCCTCTTGCTTCTGGCCCAACAACTATATCAATATGATGGTCTTTTGCAAATTCAACTATTTTTTCTGTTGCATATTTATATGCTTCTCCATCATTCATAAGTGGTGTTATATCCCTAAATATTATTCCTTCTTTGGGGTAATTTTCTATTGATGCTACATATTTTTTTAAATCCATTTTTTCTCCTATCCTTATATTTTATTTCTTAAAATCTTTTTTAAATTTTCTAATTTTTGTTTATTATTTTCTTTTGTATACAATTTCTTTAAAAGTGCATACTCATCTAAATTATCTTCATTATTAACAATATATTTCATTAAAATGT
NZ_CP022123.1_gap40	1360162	1361505	1343	ATATCGTCAATCTCTGCTTTTATTTTAGCCTTAATATCCCTTGCTAATTCTTTCCCATCCATTAACATAGTTTTTCACCTATTTTTAAAAATTTTCCATTGATTAAGTCCACACCTGACATTTGTTTTTTATTTTCTGGTTTAGCAGAACTTATTATAAGGCTTCCATCAGCTGTTTTTACTACAACTCCTTTTCCTTTTAGATATTCAACTACTTCTCCACAAGTTGCATTATTGTAAACTTTATCATTAATTTTTGTTTCATATATCTTTATTATTGTTTCATTCAAATTTGAAAAAGCTGTTGGAACTGGGTTCATTCCTCTAATAAAGTTAAAAATTTCTCTACTCGTTTTAGTCCAATCTATTTTACAATCCTCTTTTTTAAAAGGTTTCACAAATGTCACCAATTTCTCATCTTGCTTTTGAGCTTTTACTTGTCCTTTTTCTATAAGCTCAATAGCTTTAAGTAATAAATCTGCTCCTATATCTTTTAGTCTATCATGCAGACTTAAAAATGTGTCTTCATCTGTAATTTCTGTTTTCTCTTGCAAAATTACAGCTCCTGCATCTAACTCTTCTTCAACATACATTATAGATACTCCACTTTTGTCATCTCCATTTATTATAGCTGCATTTATAGGTGCTGCACCTCTAAATCTTGGTAATAATGAAGAATGTAAATTTATTACACCATACTTAGGGATATCTATTATCTCTTTTGGTAAAATTTTCCCATAAGCAACAACTACTATTAAATCAGCTTGCATATTTCTTATTTCTTCAATTAAAGAGCTATCCTTAAAATTTTCAGGTTGATAAATCTTTAAATTATTAGCCAAAGCAAACTCTTTTATTGGAGAAAAATTTATTTTTTTACCCCTAGCATTAGGTTTATCAACTTTTGTAAATACTGATATAATTTCATGTTCCTTATAAATTTTTTCTAAACTGGGAAGAGCAAATGTAGGTGTTCCCATAAAAATAATTCTCATTCTAATTAACAAATCCTCCACTAATCTTTTTTAATTTCTTCAACAATTTCTATAAAAGATTTAATATCATTAAATTCTTTATATACAGAAGCAAATCTCACATAGGCTACTTGGTCAAGTTCTCTTAATTTTTCTAAAACTTTTTCTCCTAACTCCTTGCTACTTATTTCACTTATCAAAGAATTTTGCAAACTTCTTTCAATATCTGTAATAATTTTATCTAACTGTTCTCTACTTACATTTCTTTTTGCTGTTGCAAAGGTAAGTCCTCTTAAAAGTTTTTCTCTTTCATATTTTACACGTCTGTTATCTTTTTTTACTACATATATTGGACTTTCTTCAAATCTTT
NZ_CP022123.1_gap41	1538624	1541968	3344	TTGAAGCAATAGATCCTGTTTTTGATAAGAGTGCATACATAAATAGTATTAAAGCCCATCTAGTCCATAATGTATCCTTTATTCCTCCTGTAACTTTAAAGAATGAATAGTTATCTAAGTATTCTAAGAAGTTTAACATTATTATCAGTACAAATACCTCTATTGCTTGTGCAAGAAGTCCATTAAGTGCTTTTAAGGTAATATCTTTTGTCTTATCAAATCCTGCAAAAGACATAAGAATATATGCAAAACCTGACATAAAATAGAATTTAATAAATGTTGTTACTATATGTACATATAGCATTAAGAAAAATATTAAATATGCTGCTATGAACATCAGTCCTACTGTTGTTGCTGATTCTAGTCCTGAATAGTCCAGTGCTGCAAATCCTACTGCTGTTAATATTCCTCCTGCTATATCTCCAAACTCTACCCCATACTTATTTAATATTTTAAAGTCTAAACTTGATGAAGTTGAGCCTGTTGTAGCAAAATTTCCTAATTGTACTGCTCCTTCAAATAATGTATGGAACATTATCTCCTTATACTCTTTTATTATATAGAAAAAAAATGAATAATACAAAACCTTTTTTATTAATTTCATAAAAATATTTACTCCATCGCTTTCGTCAAATAAAAATGATAAAGAAATATCTATCACAACTAATGCTCCAAACATAGCTATAACTGTTGGTTCTAAGTTTTTAATAATCTTTCCTGCGAATTCCACAGCAGCGGTTAATATAAGCTGTACATCAACTCCTAACATAATCTAACCCCCTTTTAAGTGATTTATTACTGGGATTAAAAGAGTTAAAAAATAAGCTATTAATATATAGAATGTAAATTTTTTCTGACTTATCTTTCTTTCCTTATACATACTTAAGCTCCAAATACTAAAAAACATTGAGTAGTACAAGAAGTTATTTATATATTTAGGGAAAAAACTTATTACTGGCATTCCAAAAAAATTAATATCTAATAATAAAATTATTAAAAAAGTATAGACAAATACAATAAACTCAATACTTTCTTTAAAATTTATATTTCTCTTTTTTAACTCTTTATAAAAATGAGGTATAAAAAGAAGTGGAACAAAAGCTGGAATTATCTTACTTAAATGTGCTATCTTTACCTTATTTAAAATAACTCCAAATACTACTATTGCAATAAAAGTATAAATATTCTGTAATTGAAATATATTCCTAATTCTTTTAAACATCTTTTTCTCTCCCTTATCTTATTTTTTTAAAATCAATTCTTAATCCCTTTTTAGCATCCTTTTCTGACATCTTTTTAAGTTCTTCATGTATTCTCTCGTTTTCTTCTTCCTCTTCTTTTTGCCTTTGTTTAACAGTATCTTTCTCTGTTTCTTCTGCAGCACTAACATTTGCAACTAATTGATTCTGGTCTATTAAAAGTTCCCTTATATCTATCATAATAGTTGCCATATATGCTGTTAAACTTCCAAGTGCTTGGGTAACTTCTACAATTCCATCAGCATCATTAATATCTCTTGTTAATCTCATTATTTCTTTAACTCTTTCTAAACTAGGCATATATCCTGTTTGAGTTTTTTCATTTAACTTTATAATGATTTTCTTAACATCATCTCTCATCTTTTCTACTCTTTCTTCAACTTGTTTGGCTTGTTTTTGTGTCCATTCTCCACCTTGTTTAAACTCACTTTGATTAAGAGAAAAATGTTTAGATATATTATCCAGCTTAGTTAAATTCTCATTTAAAGTCCTATCTGCTTCTACCTTATAGTTTTGCAATTTTAAAATAATATCTGAAATTCTATCTATATTTAGATTTTTAATATCTTGTCCTAACTGTTTTAAATTTCTTGCTTCATTTTCTAATTGTTTTAATTGATTTGCTACTTGCTCTATTTCTTTTAACTTTATTGTTATCATCTCTAAATTCATTCCTGACTGAGTTTTTTGCATAGTTTCAAGTATCTTTATAATTTTCTTTAATGAACCTCCTCCACTACCTTTTCCTCCAAATATTCCAGCCATAGAAGTCATAGATATAACAATCATCAAAAATATAATTAACTTATTTTTCTTTAACATATCTTCCTCCTTTTAGTATGGTATATCCATACCAATTATTAAAAAAATAATTTAGTCTACTATACTAAATTCTACCCTTTTACTTAACCATTTATTATTTTCTAAATTATTTAAAGTATCCATAAAGCCAAGTCTATCTTTTACAAGATACTCATTAGGATCTTTATATTTCCCCAATATATTTGTACTAATACAATTAACCCCTATTTCTTTTAATAACTTATACAGTTCTTTTTGTGCCTTTTGTCCTCTTTTATCATTATCAAGCATAAGATATATCTTATTTTTTGGTATATCTTCTTCAAATTTCCTTATTAATAATTGAATATTTTGTATACTTCCTAAAGCCAGTGCTTTCCTATCTGTTTCTATAATACTTAAAGCATCTATCTCTCCTTCAACAATATAGAAATCTTTATTAATATTTTCTTTTTCTCTTAATTCCCATAGGTTAAATATTTGAGTGTCTCCTACTTTCCTTATTTTATCTTTTGCATTTTTATCTATATTTCTAGCTGTAAAACAGCATAGAAAAGTTGGTATAATTATAGCTTTCCATTCTCCTTTTTTAAAATTAGGGTCATAACCAATATGATATTTTTCTTGTACTTCTTTTGAAATACCTCTTTTAGTTAGATAATCACAACCTTTTAAATTATCCATACACTTTTTTATATATTTCTCATATCTAGGAATTAAATATATAAGGTTTTTCCTTTCTTTATTATTTTCAACATACCCTTCATTTTTACTTAATTCTATAAAAGTATTCTTTTTAGAGTATATAGTCTTGTTTGCATCCTCTATAAGTTCTCTATGGTTATATAGTTCATCGACTTTTTTAGCTCTTTCTTTAAAATCTTCTATTCCATACTCTTCTCCAACAAGTTTGAAAATATCATATTTTTCTCCACAAGCAAAGCATTTACAAATCTTACCTGGTGCAAAGTAGCTCATACTTGGATTTCTATCTTCGTGTTCCTTAGAAAAACATCTCATTAGCTTACTTGTATCTATCCCTTTTAATTCTAAATATTCTCCTAAGAAATTCTTTAATTTTTTTAAATTATATACTTTCGCCATAAGACAACCACTCTCTTGTAAAGTCATTAGCATCCCTATAAATTTCTTTTAACTCCTTTGCCTTGTTCTGTTTAGCTAGATCAGAACTAGCAATTAAACTTAAAGTTTTTTCCTTTAAATCAAGTTCAAATAGTCTACTGCCTTTCGTTGACTTATAGTAATACTCTTTCTTTTTAGTAG
NZ_CP022123.1_gap42	1546147	1546950	803	TAATTTTTTCTAATTTGATTTAGAGCTTGAGCTATTATTACTGCTTTCATTCCATATCCTGCGATGTATGCAAGAGCTTTTTCTAAAATTGGGATTGTTCCAAATGCTGCGAACTCATCTAGCATCAATAGAAGTTTATGTTTATGTACTTCTTCTCCTGATTCAAAATCCATTTCAGGTGCTAAAACTCCTATTACTTGAGTAAGTAACATTTTTAAAAGAGGTGCTAATGTAGCCATATCTTGTGATTCTACAACAACATAAAATGATACTGGTGTTTCATAGTCCATTAAGTCTTTTATTCTAAAATCAACATTAGTTGTATTTTTTCTAATAATAGGGTCTTTAAATAATGTTAATTTAGACATAACTGATGATATAACAGAAGCTCTTTCTTTAGGGTCTTTGTTAAGCATTTCTGCTGCTGTTCTTGCTACCACTGGATGTACTCCATCTGGTATTCCTGACATTTGTTGTTTAGAATATATCTTTTTCCAACTCTTTATACATTCCAAATCTGATGTTAAAGGAATAGTCATTAAATCTTGCCAAGCATCATCTAGTGGTCTTGAAGTATCTGTAAGAAAATCTACTACATCTCCTATGCTTCCCATTCTTCCTTCATTCTTTGCCTTATATAAAACATATAAGATAAGTCCAACAAGCAATGAACTTGCACTATTAGCCCAGTGGTCTCTTTGTTTATTTTCTCCTGGATCAGTTAAAATATCTGCAATAACTGTTGCTCCTTTTACTTCTTTCACTGTTCCCAGTTCTACCTCTGCAAGTGGGTTATATGATAC
NZ_CP022123.1_gap43	1576741	1580772	4031	TTAGAAAATTATGACAAGGCTATTCAAGATTTTAATAAAGCTATTGAATTGAACCCTAATAATGCTTTGACATATTATAATAGAGGTAGTGCTTATAATAATTTAAAAAATTATGATAAGGCTATTCAAGATTTTAATAAAGCTATTGAATTAAATTCTAACAATGCTTCTTATTTTAATAACAGAGGTAGTGCTTATGGTAATTTAAAAAATTATAAAAAGGCTATTCAAGATTTTAATAAAGCTATTGAATTGAATCCTAACAATCCTTCTTATTTTTATAATAGAGGTAATGCTTATGGTAATTCAGAAAAGTATGAGGAAGCTATTCAGGATTTTAATAAAGCTATTGAATTAAATCCTAACAATCCTTCTTATTTTTATAATAGAGGTAATGCTTATGGTAATTTAAAAAATTATAAAAAGGCTATTCAAGATTTTAATAAAGCTATTGAATTGAATCCTAACAATCCTTCTTATTATTATAATAGAGGTATTACTTATGAAGATTTAGGTGAATCTGATAAAGCTATCAATGATTTCAACAATGTTATTAAATTAGATCCTAATAGTAACTTTGCGATGGAACTAAAAAAAGTTATATCAACATTAAAAGAAAATGAGAAAAAGGAAAATATTCAACAAAATAATAAAATTATTTATACATCTAAAGATAAAAAAAATTATGAAGAAAGAAGTGATGAAGAATTTCAAAAAGTAAAAAAAGATTTCTCTTCACTAAAAGAAAATGATAATGACTTTCAAGAAAAAATATCAACTGATGAAGACGAGAGAAATAAAAAAATTAATAAAAATTTTGAGGATGCTTTAGATTTACATCTTAATGCAGAAACTGATGAAGAATTTCAAAAAGCTGAAGAGGACTTTTCTTCTTTTATAAAAACTTATAAAGATTTCCCAGATAAACCTCCTGCATTAGAAAATCTTCTTACAGAAGCTTCTTCATATTTAGTTGCTTCAAAGTTTAGAGTAAAAAGATTGGTAGGCTATTTAACATTTGCAGATATTTTAGGTTGGAAAGGAATATGGCAAAAACAAAATACTGATGTTGGAAAAATAGATAATATTAGAAAATTACTTTCTATAAAAGATAATTTAAATAAAAAATTTTTAAATGATGAAAGTTTTCATAATGTAAAACTTATTTCAGATACTTTTGTAATATACTCTAGAAGTTTTGAATTGAGTAATAAACTTTCAAAAGAGTTAATCAAACTATGTTTAGAAAAAGAGCTTTTAATAAGAGGAGCTACTTCTTATGGAGAATGTTATAATAAAGATATGGTATATATTGGACAAGCAGTTGATGAAGCAGCTTCATGGCATGAGAAGGGAGAAGAAATAGGTATCTTTTATACTTCTTCTGCTAGATTAAGTAAAAATTTAAATGATGATGAATTAGAAAAATATTATTTAAAAAATAATGAAGTTAATACAAAACATGGAAAGATAAAAACTTATTTTATTAATTGGTATAATGAAACAACTGAAAAAAAATTTTATGAAATAATGAAGAAAGAGATAATTTATCCTGAAATAAGTTTAAAATACTTTAATACAGAAAATAGATTAAATGAAATTTTGCATCCTGAAGAAAAGGAGAAAAAATAATGTTAAGAATAGGTAATGGTTATGATGTTCATAAATTAGTTGAAGGTAGAAAATTAATGCTAGGTGGTATAGAAGTCCCTCATACAAAAGGGGTTTTAGGACATTCTGATGGAGATGTACTTTTACATGCAATAACTGATGCAATAATTGGAGCATTAGGTTTGGGAGATATAGGACTACATTTCCCAGATAATGATGAAAATTTAAAAGATATTGATAGTGCTATCTTATTAAAAAAAATAAATGATATTATGAAAGAAAAGAACTATAAGATAGTAAATTTAGACTCTATTATAGTTATACAAAAACCTAAATTAAGACCATATATAGATAGTATTAGAGATAATATTGCAAAAATTTTAGAAATTGATTCTGAACTTATAAATGTAAAGGCTAAAACAGAAGAAAAATTAGGTTTCACTGGTGATGAAACTGGAGTTAAATCTTATTGTGTAGTCTTATTGGAGAAAGAGAAATGTTAGATAAATCATCTTTTAGAAAAACAGTATTTGCTTTTTTACTTCCTATGGCAATACAAAATTTAATAAATGTTGCCATATCAAGTACTGATGTTATTATGCTTGGAAGATATAGTGAAGTTGCATTATCTGCTTCTTCACTTGCTAGTCAAATACAATTTATTTTAATTTTATTATTTTTTGGTATAGGCTCTGGTGCAACAGTTTTAACTGCACAGTATTGGGGTAAGAAAGACACTAAGACCATAGAAAAAATTTTAGCTATTGGTATAAAAATAGCATTTGGTTTAAGTTTATTTTTCTTTATATTTGCATTTTTCTTTTCAAGAAGTGCTATGAGAATATTTACTAATGATGAAACTACTATCCTAGAAGGGATTAAATATTTAAAAATAGTTAGTTTTTCATATTTAACAACTTCTATTTCTATTGTTTATTTGGTTACTATGAGAAGTGTTGAGAGAGTTGGAGTATCAACAGTTGCTTATGCAACTTCATTTGTCAGCAACTTTATAATTAACTACCTTTTAATTTTTGGAAACTTTGGTTTTGCTAGAATGGGAGTTGAAGGAGCTGCAATAGGAACTCTTGTTGCAAGACTTATTGAACTTGGAATAGTATTTTATTATAACTCTAAAAATCATCATTTTGTTTCAATAAAATGGAAATATATAAAAAGTTTAGACCCTATTTTAAAAAAGGATTTTATAAAATACTCTGCTCCTACTATGATGAATGAACTTCTATGGGCAGGTGGGACAGCTGCAGGAATTGCTATCTTAGGTAGATTAGGAAATTCTATTGTTGCTGCTAACTCTATAACTTCTGTTGTTAGACAATTAGCAATGGTTTTCGCTTTTGGACTTGCAAATACAGCTGCAATTATGGTTGGAAAAGAAATTGGTAAAAAAGATTTTCATACAGCAGAAATCTATGCAAAAAAACTTTTATTGTATTCTTTCCTTTCAAGTCTTTTAGGTGTTGCCTTACTTTTAATTATAAAACCTTTCATTATAAAGAAATTTGCTTTGAATGGAGAAGTAGAAGATTATTTAAATCTTACTTTAAATATTTTATTTTACTATATACCTTTACAAAGTATTTCAGCAGTTTTAATTGTTGGAGTTTTTAGAGCTGGAGGAGATACAAAATTTGCACTGGTTGCAGATGTTTTGCCTCTCTGGTTTGGTTCTGTGTTAATTTCAGCTATTGCAGCCTTCTATTTGAATTTACCTGCAAAACTAATCTATCTTTTAATAATGTCAGATGAAATTATTAAACAACCTCTCATTATTTGGAGATATAGAAGTAAAAAATGGATTAATAATGTTACAAGAGAGCTAAATTGAAAGGAGAGATTATGCAAAAAGGATATACTCAAATATATACTGGAAATGGAAAAGGAAAAACTACTGCTGCTCTAGGACTTATTACTAGAGCAGTTGGTAGTAACTTTAAAATATTTTTCTGTCAATTTTTAAAAGGTAGAGATTATGGAGAACTTCATACATTAAAAAAATTTGAAACAGTTACACATGAAAGATATGGTAGGGGAGTTTTTATAAGAAGTAAAGAATATGTAACTGATGAAGATAAAAAGCTTATGAGAGAAGGCTATGAAAGTTTGAAAAATGCTCTTTTAAGTGGGAAATATGATATAGTTATAGCTGATGAAATCTTAGGAACATTGAGATATGATTTAATAACTGTTGATGAGATAAAATTTTTAATTGAAAATAAACCTGAAACAACTGAACTTGTTTTAACAGGAAGAAACGCCCCAGATGAACTTATTGAAATGGCAGATTTAGTAACTGAAATGAAAGAGGTTAAACATTACTTCCAAAAAGGAGTTATGGCAAGAAAAGGTATAGAAAAGTAGGTGCTATTATGATTACAACCTTATGTTATTTAGAAAAA
NZ_CP022123.1_gap44	1594033	1596317	2284	TAATCTCTATCTATTTCTAGTCCACAACATTCGCAATGATATATTCTTTCTGATAATTTTAGAGTTTCTTTTATATTTCCACAGCTAGAACAAGTCTTACTACTTGGATAAAATGTAGCTACTTTTACAATCTTTCTTCCATACCAATTTGCTTTATATTCTAGTTGTCTTACAAATTCACTCCAACTTACATCTGATATACTTTTAGCAAGTTTGTGATTTTTTAACATTCCTTTTATATTTAAGTCTTCTATACAAATTATATCGTGGTTATTGATAATTTTTGTACTCAACTTATTTATAAAGTCTTTTCTTTTATTTCTAATTTTATTATGAATTTTTGCTACTTTTTTCTTTTGCTTTTGATAATTCCTACTATCTGAAAGTTTTTTATCGCTATCTTTAGCAAATTTACATCTTCTTGATAGTTTTCTTTGTTCTCTTTTCAGTTTTTTCTCATATTCTTTTGATAGCTTTAAATTTTCTACTTTTGTACAATCGCTCATTGTTGCAAATTCTTTTATTCCTAAATCTATTCCAATATTTTTATTAGTCTTTGCTAATTCTTCTATTTCTTCTTCACATAATATTGAAGCAAAATAATGGTTAATACTATTTTTACTTATTGTTACTGATTTGATTATACCTTTTATTTTTCTATGTAATTTGATTTTGACTAGCGATTTTAGTTTAGGAAGTTTTATATATCTATCTTTAATATGTATTGTGTTTTGATTATTTGTAGTATAACTTTGTACTGGATTAGATTTACATTTATATTTTGGAAAACCAAAATCTTTATTCTTAAGAAAATTTTTATAGGCTTTTTCTAAATTTAATTGAGTATTAGCAAGAGCTAAGCTATCTACTTCTTTTAGATAAGGATATTCTTCTTTGTATTTAGCAGGAGTAGGATATTTAGTTTTAATTCCTATTGATTTATATTCTTCATAAGCTTTCTTTCTATCATCTAACATAAGGTTATGAACTTTTCTAACACAACCAAAAGACTTAGCAAAAAAGCTAATTTGTTCTAAGGTAGGGTATATTCTGAATTTATATGCTCTTTTAATTATTTTGGTCTTCATTATATCCACTCCCTTATTTTTATCTTTTATCATTTTTAGTATACCATAATATCTAATAAAAAACAAGAAAAAAGCAATTCATCTCCCACTTATAGAAGTGGGAGACTTCTTGCTAGATATTGTTAAAATGCAACAGTCTTTTTGTATAAAAAGGAAAAATAAAAATGAAAAATAATAGTAAGGCATATTTTTTGATAATAGCAGCTGTAATAATATGGAGTCTAAGTGGTTTATTGGTAAAAGCTGTAGATGCTGATCCTCTTTGGATAAGTCTAATCAGATGTTTAGGAGGAGGAATTTTTTTATTGCCCTATATATTTAAAGAAAAAATTTATCCAATGAAAAATATTCTTTTTGGTGGAATATTTATGGCAATATTTTTACTGTCACTTACAATAACTACAAGAATTTCAAGCTCAGCCATGGCTATATCAATGCAATATACAGCTCCTATGTATGTAATAGGTTATGGCTTTTATAAAAGTAAAGAGATAAAATTTGATAAATTTATAGTATTTTTACTTATCTTTGCAGGAATAATTTTCAATTCAATAACTAGTATGAATGGTGGTAATTGGTGGGCAATAGTAAGTGGAATAACAATAGGGCTTTCCTTTGTTTTTTATTCATATAATTTACAGAAAGTAAAAAAGGGAAATCTTTTAGGAATAGTAGCTCTTATAAATATTATTTCAGCAATATTTTACGGAGTTCTTCTTATATTCAGATACAATCCTCCACCATCAAATTTTGGTGAAATAATTATTTTAAGTATTTCAGGTATAGTTATATCAGGAATATCTTATGCTTTATATGGTGAAGGTTTAAGAGATGTATCTATGGAGAAAGCTATGATAATTTGTTTGGCAGAACCTATTTTAAATCCTTTATGGGTTTATTTAGGAAAGGGAGAAATCCCATCAATGACAACAGTTATAGGTTCAATACTTATACTTTTAAGTGCAATTATAGATATTGCTTTTTCAATAAAGAATAATAAAAAAGAGAAAAAAGTATCAGTACATAACTAATAAAAAACTGTTACAAATTAATGACAAAAATCATCAGTTTGTAACAGTTATTTTTTTAAATTAAAATGTTAAATTCTATTCAAATTGTACAACTAATGAAGCATCATGAACAACTTTCTTTTCTCTATCCATAGAAGCAACTGCTCTTATTACCCATTGTCCTGC
NZ_CP022123.1_gap45	1626273	1628947	2674	AGCATATATGCCTATCACTTTCTTTTCCATTTTACTTACCTCCAAAACAATATATTTTAATAGTAGGTATTTTTTATAATTGTAGTCCTGAATCTTAATCTAGTCAATATGAATAAAAAAATAAAGAAATTGAACTTTAAAAGTTCAATCTCCTTATTTCATAATATTATATTTCTTCTATACCTATATTCTTTAAATAATAATATACTCCATCATAAAATTTAGTTTGCATAGTTTCATCTTCTGAATCACCTTGTGGAACAAAAATTATAAAACCTTGTCTTGCTCTAGTCAAAAGAACTCTATAAGTATTTTTTAAATAAATTCTAATTTCTTCTTTATTAATATTTTTCCAACTGTCTCCAGTAAAATTATAGTATTCAAAGTTTTTGTCATATCTTAAATTAGCATCCCAACATACTATAGTCCAATCTAATTCAAGTCCTTGAATGTCAAATTCTGTTGCTGTTTCTTCTAAAAAATATGATGATCTAATATCAGTTTTAGGATTAAGAAACCATTTCTCTGCTTCAACTTTATTTTGAATCCAAATCCCGTATTTTCTTAATCTTTTAGCACCAGAACTTGCTATCATTCCATATCTTTCACTACCTTTTGCTTTTGATTTTATCCAAGTTTTAGCAGTATTTATATCTCTTGTTAAAAAAATAGGATAATCTTTTCTTATTTCCTTATATAATTCACTTGCATTCAGTATATCATTATCTAAAAGTAACTTTACAAAATTAGAGACCTTTTCACTTCTAAAAGAACGTAAAGAAACTGATAAATGTAAATTTTCTTTTTCTGTATAATTTATATCTTTTACTAAATCTTTAAAATTTTTGCCTTTTAAGTATTCTTCTTCTACAATTTTATCTGAAATATATACATCCCAATTTTGATATTTATTTCTTATTGCCTCAAACCATCCAGCTATTCCTTCAGATTCACCTTTATTTATTTCTTGTCCTCCACCAATTAAACATATAATAACTGCCCAATCTTTATGTCTATCTAATATACTTACTAAAAAATCTGGTTCAGACATTTCAAAATTTTGAATTCCTTTTTTTCGCCCCATAAAATCTTTAAGATTCTCTTTATCCCATGCTCTTTGTGCTTCATCAAAAACTACAACTTTTTCAAAAGGTGCTTCATTTGTTGAAATGGCATCATCTCTAAAATGATGTATTTTTTGAATAAATTCTTCTGCTTTTCTTAAAGATTCTTTTTTTGTAGTCTTGTTTCTATAGACATCATCTCTAGCTAATGCCTCACGTAAAACATCAACCAATGGACCATTTCCTGAAAGGAAAACAGCATGTTCACCTTTATCTATTTTTTGACGTTCTATTGCTATATTAAGTCCTGCTAAGGTTTTTCCAGCTCCTGGAACTCCTGTAATAAAACAAATAGATTTCCTATTGTTTGCCTTACTGCTATCTATAATTTTATTTATTTCCTCTGTTGTCTTATTTAAATTTATAGCACTAGCATCATTTCTTGAAATATCCTTAACATTATGTCCATTATATAAAACTTGAGCAGCTTCAATAATTGTTGGAGTTGGCATATAAATTGAATCAACCCATTGAATAGGATTAAATTCCTTCTCATTGTAATTTTTTATGATTTCTTGAATATAGTTATGAATATTTAATTCATTACAACAATGAGTTTCAAGAATATTTTCTCTGATTTCTTTTATTTCTTGATATTCTTCTGCTGCCCCTGTAGAAACTAGAATAGGGACTAAAAGTTTATTATGGCTTTCTTTATGAAAAGAATTTAAATCTAAAGCATAGTCTGTAACTTGTTCAATTGCATAGTTTGGGTAAGTTTTCTCACCAACTTTAAATTCCAATAAAAAAATAATTCCTTTATAAATAAATACATTATCTATTCTATTTCCAATTCTTGGAATTGTGTATTCAAATAAGATATATCCACTCTCAAAATAAGAAAGTTCTCTTTTTAAAATCTCTATTTCTCTTTTCCAAGTATTTTTTTGTAAGTCTTGTGCTGAAAATTGGTCATTGCTAACTATTTCTCCAAAAATAGTTAACTCATCTTGTTTTAAAAATTCTTTTATACTATTTGAATAGTATGCTCTTTTCAAAAATTTTCCCCCTCCTTAAGAACTTTTATTTCACTAATACTTTCACTTTCTTATCTTCAAACACTCTAAATTTTTCTAATAAATATATAGAAATACAGTTAATTACAAATGATGGCACTATTTCATATATTACATTTCCTAAACCGCTTGTTTTCCAAGCTATAACAGTTATTGTTGCTATTATCATAGATGTTAAAACAGTTTTCCAATGTAAATTTTTCTTATACAATGTAAATAGAATAACTGGTGAGAACACTCCTCCAAAACCTGCCCAAGCATAAGAAACTAATTCTAATACCTTAGAACTTGGATTCATAGCAAGCATACTTGCTATAACAAAAATAACAATAACACAAAGTCTTCCTACCCATATCATTTCTTTATGAGATTTTTCTCTTTTAACTATATACTTATAGAAATCTTCTGTTAAAGTATTTGATGATACTAAAAGTTGAGAAGATATTGTTGACATTATTGCAGATAAAATTGCTGCAAACAATATTCCTGCCATCCAAGGATTAAATAACTTATGGATTAAAAATATAAATACCT
NZ_CP022123.1_gap46	1631634	1632135	501	TCTATTGTATCACAATTTTATAGTATAAAAAAATTTCTATTATAAAGTATTTTTTGAGATTAAATATAATTTGATTATAGTAAAAGTATTAATTTATAACTTTAATTATTTTATTTTGGCTCCATCTTTAAATGCTTGCCCAACCTTTTCTCCAAGTATACGATATGAATTTGTTATTGAATCAAAAGTTATCAGTTCTAATTTATCTACATCTATTTCACCTTTTTCATTTAGAACTCTTTCATCTGCCAATGTATTTATAATTTCTGCAACTACTCTATAATCTCCTAATTCTTCTTGAATATCTATAACTTTACATTCAAGTGTTAATGGAAATTCTTCTATTATTGGTGCATCAATATTTTTACTTTTTACTATATGTACTCCCGATTTTTCTATTTTATCAACTTTGTTTCCTGACACTATTCCAAAATAATCTGCAATATCTTTTGTAGATTTAGTTGCTAAACTTATTGTAAATGCTTTCTTTAATAAAATATT
NZ_CP022123.1_gap47	1633890	1637019	3129	TTTCATTTGCAAGCCATTTTGTATAGGCTTCTGTTGTTTGAGAAGTTATTCCCAATACTCTATTTCCAATTATATGTTCTGTCCAAGTAATTTCTTGTTCAACAGCTGTTTTAAACATAGAATATATTGTTTCAGCTGAGAAGAAATTAGGGAAATCATTTTTTATTTCTTTGACCATACTTCTAAAAAGTACAACATGTGATAACTCATCTCTATTGATAAGTCTAATAATATCAGAAGTTCCTACCATCTTATTTCTACTTGCAAGTAGATAGAAGAAGTTAAAACCATTATAGAAATACAATGATTCTAATAAGTAGTTTGCTATTATAACCTTAGCAAAATTTTCATCTGATTGTTCATCTATAAAATCTTGATATATCTTTGCAATAAAACTATTTCTTTCAAATAATACCTTATCATCTCTCCATTTATCATAGATTAAATCTCTACTTTGTTTTGGAAGTATAGACTCTATTATATATTGATAAGATTGAGAGTGTATAGCTTCTTGGAAAGTTTGTATAGCCAGTAACAAATTTACTTCTGGTGCTGTTACATGGTCTGAAATATTAGGTATATTATTAGTTTGTATACTATCCAAGAAAATTAAAAACGATAATATTCCATCGTAGGCTTCTCTTTCAGGGACAGTTAGATTTTCATAGTCATTTTTATCCTGTGTTAAATCAACTTTTTCTGGTATCCAGAAATTTGCCATCATAGTTCTATATAGTTGATTAGCCCATTGGTATCTAACATTATTTAAGTTAAAAAGGTTAGTTGAATTCCCTTTTATTATTCTTCTTGCATTTAATGTATCATCACCTTCTGGATTAAATAATTTCTTTCTATCCACTACAGCTTTCACACTCCTCTTTATCTGAGATATTATTTGTATTCTTTTGTATCGTTCTTATATAGTAGACACTCTTACACCCTTCTTCCCAAGCAGTCATTAAAGTGTCATATATATCTTTAGCTTTAATATCTTTATTTAAGTCAAACACCATTTCCATAGACACACCTTGTGTTACCCAAGAACCTATTTTTGCCATTATTTTTACATAACTAATAGGATTTACATTTTTAAATTCTGGATAGAACCAAGCTCTATCTTTTAAATGTTTAACTGTTCTAGGTATTGCCCCTCTTTGATTCTTTTCAATAAAAAATCTTGAAAATGTTGGAGTTACAGAGGCAGTTGACCCCATTAGCAATGATGTTGAAGTATTAGGAGCTATTGCTGTTAGCTCTCCATTTCTTAATCCATTAGTTTCAACTAAATAAAAGGCTTCATTCCATTCATCTTTAAATTTAGAGTTAGTGTCGTACCACTCTCTTTTCTTACCATAAAATATACCTTGATCCCATTTAGAACCTTTAAAAGCCTTATATGCTCCTCTATCTTTTGCTAATAATGCAGAAGCTTTTATTGAGTAAAGTGCTATTCTTTCAAATAATTCATTAATTTCATTGATAGACTCTTCATAGATCATATATTCTCTTGCCAAATAGTCAGCAAGTCCCATAGCTCCTACACCTATTGTTCTATACAGTAAATTATGTTTATTTGATTCTTTTAATGGTGTTACTGTTAAATCTATTGTATTATCCAAAGCTCTTACAGCTAAAGCAACATGTTTTTCTAATTCTTCAGAAGTAAGTTCTGCCAAGTTTATAGAAATCAAATTACAAGTGTGAATTTCTCCCATTTCACTTCTTCTTATAGATGTGTTTCCATCTTCTTCTTCAACAAAATTTATAGTTGGTTTAAAGTTTGAGAAACTTTCCATACATAAATTTCCATTCCCTATCATTCCCATATGAGAATTATGATTTACTTCATTTGCTCTATCTTTAAAGAAGATATATGGCATACCTGTTTCTAATTGAGTTTTCATTATGCTTTTAAATAGCTCTTTAGCACTTAAAACCTTTTTTAACTTTATATTAGGATCATTCTCTATCTTTTCATATAAATTTTCAAATTCATAGCCATAAAGCTCACAAAGTTCAACTCCATATTTTTTTCTTATTTCATATGGATCAAGTAAAGTCCAAGGCTCATTATTTTTTACTCTTTTCATAAATAAGTTTGAACACACAACTTGTGGATAAATATCATAAGCCTTTCCTCTTTGGTCCCCATTTTCTGTTTGAAGCTCCAAGAAAGTCTCTATATCCAAATGCCAAGTATCAAGTGCAACTGTTACTGCTCCTGCTCTTCTACCTTGTTGATTTACTGCAACTGCTGTATCATTTATTATTCTTATCCAAGGTACAACTCCACCACTTGCATTGTAATATCCATTTACCATAGATCCTTTTGCTCTTATTCTTGAAACATTTACTCCTACTCCACCACCATTTTTACTTATTCTTGCTATTGAATCAATATTATAAAAAATAGATTCTATATTGTCATCTATTGCAGTTATAAAGCAAGATGATAAATTTCCATGAGGTATTCTTAGATTAGCAAGTATTGGTGTTGCTAGTGATAATTTTCTAAGAGACAGTGCATTATAGAATTCCTTTACAATTCCTACTCTTGCTTCTCCCTCTTTTTCATTTAATGCTAACATCATAGATATAGCCATAAATGTTTCTTGTGGTAATTCATAAGTTTTCCCATCATATTTGATTAAATATCTATTAACAAACATATTTGCACCAGCATAATCATAAACCATATCTCTATTTACATCAATTAACTGTGCAATTTGATTTAATTCTTCTTCTGTATATGAAAGTAATCTTTCATCATAAAGTCCAAGTTCAGTCATTTTTCTTATTGTCTTAGAAAAATCTTCATAAGAAAATCCTCTTGAGTGGTAAACTTCTCTTTCAGCTTCCATCATAAGTAATCTTCCTGCAACATAAGACCAATCACTTTCTTCAAATGTTGTCATAGCCACTGCTGTATTTATTAAAGATGCTTGTATTTTTTGAGTTGTGATATTTTCTTCATAGATTGAGTCTATATTACTTTCAAGCTCAACCATGTTTACTTCTAAACCATCACAAGCTCTTAAAAGTTTCTCTCTTATCTTTTCAATATTTAAGTCTTCAACTATGTTATCTCTGTTGATAACTTTTCTTCTCTCCATTGCCATTAAATCACCT
NZ_CP022123.1_gap48	1639450	1642864	3414	AGTCTTGCAGTCAAGCTCTCTTATGCCATTGCACTCTATGGTTGATTTCCATCCAACCTGAGAGAACCTTTGAACGCCTCCGTTACTCTTTCGGAGGCGACCGCCCCAGTCAAACTGCCCACCTAGCACTGTCTCCGTGGCTACAAACCACAGATTAGAATTTCAGCATTGAATGGTTGGTATTCCACCGATGACTCCGATACAGCTAGCGCCATATCATCATAGTCTCCCAACTATCCTATACATGCAATGCCAAAACCCAATACCAAGCTACAGTAAAGCTCCATGGGGTCTTTCCGTCCTACTGTAGGTAACCGGTATCTTCACCGGTAATACAATTTCACCAGGCCTCCCGTCAAGACAGCGCTCAAATCATTACACCATTCGTGCAGGTCGGAACTTACCCGACAAGGAATTTCGCTACCTTAGGACCGTTATAGTTACGGCCGCCGTTCACTGGGGCTTCAATTCGGAGCTCTCACTCCTCCTCTTAACCTTCCAGCACTGGGCAGGTGTCAGCCCATATACATCGCCTTCCAGCTTAGCATAGACCTGTGTTTTTGTTAAACAGTTGCTTGAGCCTCTTCACTGCGACCCTCGAGTGCTTTGTATCGCATGGATACTAACACCCAAGGGCTCCTCTTCTCCCGAAGTTACGAGGTTATTTTGCAGAGTTCCTTAACGAGAGTTAGCCTGTCCGCCTTAGATTTCTCATCCTGACCACCTGTGTCGGTTTACAGTACGGGCAGTCATATATTAACATTAGAAGCTTTTCTTGGCAGCGTGGGATTTGCGCATTCATCTTACGACTGTATATCATACCTCAGATATAACTTAATGGATTTACCTACTAAGTCACCCTACATACTTCTACGGACACAACCGATCGTCCGCGCGCATACCCTTCTGCGTCCCTCCATCACAATAAATGACTGGCACAGAAATATTAATCTGTTTTCCATTCGCCTACGCATTATAGCCTGGGCTTAGGTCCCGGCTTACTCAGGGAAGACAAGCTTTACCCTGAAAACCTTGGTCTTCCGGCGAGGGGGATTCTCGCCCCCTTTCTCGCTACTTATTCCTGCATTCTCACTTCTGATACCTCCAAAGTCGGTTACCCTTCTTCTTCAACGGCCTACAGAACGCTCTCCTACCAATCCTTACGGATTCCACAGCTTCGGTTTATAACTTAGCCCCGTTACATTGTCGGCGCAGAGACTCTCGACTAGTGAGCTATTACGCACTCTTTAAAGGTATGGCTGCTTCTAAGCCAACCTCCTAGTTGTTTGTGAATCTCCACCTCCTTTCCCACTTAGTTATAATTAGGGACCTTAGCTGGTGGTCTGGGTTGTTTCCCTTTTGACAATGGAAGTTAACTCCCATAGTCTCACTCCTGAGCTATAAATTATGGTATTCGGAGTTTGATTGATTTCAGTAAGCAATATGCCCCCTAGATCATTCAGTGCTCTACCCCCATAATTGAACACTCAAGGCTGCACCTAGATGCATTTCGGAGAGAACGAGCTATCTCCTGGTTCGATTGGCTTTTCACCCCTAAACCTACCTCATCCCCCAACTTTTCAACGGCGGTGGGTTAGGACCTCCACTGTGTCTTACCACAGCTTCATCCTGGACAGGTTTAGATCACCAGGTTTCGCGTCTACGCCAAACGACTAAATCGCCCTATTAAGACTTGGTTTCCCTTCGGCTCCGTTATACTTAACCTCGCCGTTTAACGTAACTCGCAGGATCATTCTCCAAAAGGCACGCCATCACCCAAATGGGCTCTGACCGCTTGTAAGCACACAATTTCAAGTTCTATTTCACTCCCCTCCAGGGGTTCTTTTCACCTTTCCCTCACGGTACTATGCGCTATCGGTTAGTAAGAGTATTTAGCCTTATGAGATATGGTCCTCACTGATTCACACAGAATTCCTCGTGTTCCATGTTACTTGGGAGCAAAGTTATATGTGTAAGGATTTACTTATACAGGACTTTCACCTTCTGCGGTTCACCTTTCCAGATAATTCTAATTCATCAATACACTATATTGAATATCTTACAGTTCTTCATCACTCTGTCCCACAACCCCTTAAATACAACGGCTGTATCCTTGACATATTTAAGGTTTAGGCTTGACCCGTTTCGCTCGCCGCTACTTCGGGTATCGTTTTTACTTTCTTTTCCTCGCGTTACTTAGATGTTTCAGTTCACGCGGTTCCCTCTTTCGTATTAAGACTCCATCTTAATAGATTGCTCCATTCGGAAATCCTAGACTCTTACGTTCGATTGCAACTTATCTAGGCTTATCGCAGCTTACCACGTCCTTCATCGGCTCTTACTACCTAGGCATCCTTTGTGTGCCCTTAATTATTTTAACCTATTTTTTTGACAGCTAACTCTAAGAAATTGTTAGAGTTAATTTTTTTTCTTGTTTGTTCTACTATATAGTTTCCAATGTTCAGCTTTGCTAATGTTCCACAGCACCACGCGCTGTGTCTTGTAATTATAGTCGTGCATTCTGCACTCCTTAATTACTAAGAACATTACCAATAGAATAGAGAAAGACACATTCTCCTTAGAAAGGAGGTGATCCATCCGCACGTTCCCGTACGGATACCTTGTTACGACTTCACCCCAATCGCTAATCACACCCTCGGAGCATCCCTCCTTACGGTTAGGCCTGCTACTTCAGGTGCAACCAACTCTCGTGGTGTGACGGGCGGTGTGTACAAGACCCGAGAACGTATTCACCGCGACATTGCTGATTCGCGATTACTAGCGATTCCAACTTCATGTACTCGAGTTGCAGAGTACAATCCGAACTAAGAATAGTTTTCTGAGATTAGCTCCACCTCACGGCTTTGCGACTCTCTGTACTACCCATTGTAGCACGTGTGTAGCCCAGCGTATAAGGGGCATGATGACTTGACGTCATCCCCACCTTCCTCCTGCTCATCGCAGGCAGTATCGCATGAGTCCCCAACTTAATGATGGTAACATACGAAAGGGGTTGCGCTCGTTGCGGGACTTAACCCAACATCTCACGACACGAGCTGACGACAGCCATGCACCACCTGTCTTTAGGTTTCCCCGAAGGGACACTGAAACATCTCTGTCTCATTCCTAAGATGTCAAACGCTGGTAAGGTTCCTCGCGTTGCGTCGAATTAAACCACATGCTCCACCGCTTGTGCGGGTCCCCGTCAATTCCTTTGAGTTTCATACTTGCGTACGTACTCCCCAGGCGGATTACTTATCGCGTTTGCTTGGGCGCTGAGGTTCGACCCCCAACACCTAGTAATCATCGTTTACGGCGTGGACTACCAGGGTATCTAATCCTGTTTGCTACCCACGCTTTCGCGCTTCAGCGTCAGTATCTGTCCAGTAAGCTGGCTTCCCCATCGGCATTCCT
NZ_CP022123.1_gap49	1795792	1796808	1016	ATAATTTTTAGTATAAGTTCTGATATACTCATATTATTAGCTTCTGAAAAATCAGTTATTAATTTTTTTTCTTCATCTGTAACATTTAATGTTATAATAGCCATATTTATCACCCCATTTTATTTTGATTACTAAATAAATTATAAACTATTAGAAAATAAAAATCAAATTCATTAATTTATTTCTTTGTTTTTTTATCAAAATAAGCAACTATAAAAATTGTTGATATTATACATATAAAACCTATTAAATCTAAGAAACCAAAAGACACACCTAAAAATAATATTGCACAAATAGTTGCAGCTACTGGTTCAATACAAGCAATTATACTTGCTTTTGTAGGTCCTATAATGTTAACTCCTGTTAAATAAAGAATAAATGCAACTATTGTTCCAAAGAATACTATTAGTAAAAAGACAAAAAAAGCTGTAAAGTCAAAAATAACATCTATATTCCAAGGTTTTACTACAAATGTAATAAATATTCCACCAATTATCATACCCCAAGCAACTACTATTGGAGGTCCATATTTTTTTAAAAGTTTTTCAGGCTGTACAGTATAGATAACAACAGATAGTGCTGATAACAGTCCCCAAACAAGAGCTTTAAAAGATATTTGTAAACTTGTTACATCTCCATGTGTTGCCAAAAGAAAAACTCCAAAACTTGAAAGTAAAATTGCAATAATCTCATATTTTAAAGGTTTTCTTCTTTCTTTTAAGCACATAAAAATTAAAACCAAGGTTGGTCCAAAATATGTAAGCACTGTTGCTATTGCAGCATTTGAATACTGGATAGCAGAAAAATAAGTATATTGTGTACCTAACATTCCAATAAAACCAAATAAAAGGATTTGTAATAAATCCTTAGGATTTTTTAAAATATCAAAAATCTTAGAGCCTTGTTTATAATATAAATATCCCAGTAATAACAAACCTGCAAATACTAATCTATATGGTATAAGCCAATTAGTAGTGATATTTTTATAAAGGAATAAAAAACTTCCCATTACACCA
NZ_CP022123.1_gap50	1866107	1868395	2288	TTCTAAAATAGAGGATAAAGTAGAAGAATTAATAGAGCATAAATTCTTCCTTGAAGTTTCTTCACCTGGACTTGAAAGACCATTAAAAAAATTAGAAGACTATATTAGATTTACAGGAGAAAAAATAACATTGCACTTAAAACATAAGTTAGATGATAAAAAACAATTTAAAGCAATAATAAAAGAAGTAAATGGAGATAATATAATATTTTTAATAGATAAAAAAGAAATTGAAATAAAATTTAATGAAATAAGAAAAGCTAATATTTTATTTGAATTTAATGATTTTTAAAATAATAATGGAGGTAGAGTAAGACTATGAAGGCTAAGGATTCTAAAAATTTCTTAGAAGCATTAGATGAGCTTGAAAGAGAAAAAGGAATTAGCAAAGAGAGTGTACTAGAGGCCATAGAGCTAGCACTTTTAGCAGCATACAAAAAGAACTATGGTGAAGATGAAAATGTTGAAGTTGTAGTAGATAGAGAAAATGGAGATATAAAGGTTTTTGCAAGTAAAATTATTGTAAATACTGATGAACTTTTAGATCCAAATAAAGAAATTTCTCTTGAGGATGCAAAACAAATAAAGAAAAGAATAAAAGTTGGAGACACTCTAAAATTTGAAGTAAATTGTGAAGATTTTAGAAGAAATGCAGTTCAGAATGGTAAACAAATAGTTATCCAAAAAGTTAGAGAAGCTGAAAGAGAACATATCTTTAACAAGTTTAAAGAAAGAGAAGACAGTATAATAACAGGCATAATTAGAAGGATTGACAATAGAAAGAATATTTTTATTGAAATAGATGGAATAGAGTTAATACTTCCACCAGCTGAACAATCAGTTTCTGATGTGTATAGGGTTGGAGAAAGAATAAAAGTATATGTTTTAAGTGTAGAAAAAACAAATAAATTCCCAAAAATATTGATTTCAAGAAAGAATGAAGGACTTTTAAAGAAACTATTTGAAATTGAAATTCCAGAAATAACATCAGGAATAATTGAAATAAAATCAGTCGCAAGAGAAGCAGGTTCAAGAGCTAAGGTTGCAGTATATTCAGAAGTGCCTAATATAGATACAGTTGGAGCTTGTATAGGGCAAAGAGGAGCAAGAATTAAAAATATTGTTGATGAATTAAATGGAGAAAGAATAGATATAGTTGAATGGAAACCAGTTGTGGAAGAATTTGTTTCAGCTGTTCTTAGTCCAGCAGTTGTATCAAATGTTACGATTTTAGAAGATGGAACAGCAAGAGTATTGGTTGCACCATCACAATTATCATTAGCAATTGGAAAGAATGGACAAAATGCAAGACTTGCAGCTAGATTAACAGGAATGAGAGTTGACATTAAAGTTATTGAGAATGAAACTTTAAAAGAGGAAGAAAATGAGTAATACTCATATACCAGAAAGAACTTGTATAATTTGTAGAGCAAAGAATGAAAAATCTAAATTATTTAGACTTGCCAAAGTAAAAGAAACTTTTTATGAATTTGATAAGGAGCAAAAAAAACAATCAAGGGCAGTATATATTTGTAAATCACTTAATTGTTTAGGAAAATTAGCTAAACATAATAAAGTAAAGCTTGATAGTCAAGACTTGATGTCTATGTTAAATATAATAAACAAGGCAAATAAAAATTATTTAAATATATTAAATTCAATGAAAAATTCAGGAGAATTAGTTTTTGGAATAAACTTACTTTTTGAAAATATTGAACATGTACATTTTATAGTAATGGCACAGGATATTTCCAAAAAGAATGAAGAGAAAGTACTTAGAAGAATAAGTGAGTTAAAAATTCCGTATGTTGTAGTAGGAACTATGCAGGAATTAGGGAAAGTATTTAATAAAGAGGAAATAACAGTCATTGGAATAAAAGATAAGAAGATGGCAAGAGGATTAATAGAAGAATGAATAAAAGATTAAAGGAAGGTGAATATATGAAAGTAAGAGTTCATGAGTTAGCTAAGAAATATGATATTAAAAATAAAGAGTTCTTAGAAATATTGAAAAAAGATATAGGCATAACCGTTACATCTCACCTATCTAATTTAGATGAAGACCAAGTAAAAAAAATAGATGATTATTTTGCAAAGATGAATATGCTTAAGGTAGAAACTATTGAACCAGTAAAAATTCATAAAGAAAAGAAAGAGGAAAAACCTATTAGAAAAATAATAGATGAAGATGAAAATGATGAGGGGGAAGGATACTCTCAAAAAAATAATAAAAAGACAAAGTTTCAACAATCAAAAAATAAAAAGAATAATAATATAACTTTTGATGA
NZ_CP022123.1_gap51	1968654	1971464	2810	GAAGAAGCTATAAAAGGTGGAGTGAAAATAGTTCAGTTGAGAGAAAAAAATATATCTACAAGAGATTTCTATGAAAAAGCTTTAAAAGTAAAAGAAATCTGTAAAAATTATGAGGTACTTTTTATTATAAATGATAGATTGGATATAGCACAGATTGTTAAAGCAGATGGTGTTCACTTAGGACAATCTGATATGCCAATAGAAAAAGCAAGGGAGATTTTAAAAGATAAATTTTTAATTGGAGCAACAGCAAGAAATGTAGAAGAAGCTAAAAAAGTTGAACTATTAGGAGCAGACTATATAGGAAGTGGAGCTATTTTTGGGACAAGTACAAAAGATAATGCTAAAAAATTAGAAATGGAAGAATTAAAAAAGATAGTCACTAGTGTAAAGATACCAGTTTTTGCTATAGGTGGAATAAATATTAATAATATAAATTTACTAAAAACTATTGGGTTGCAAGGGATATGTTCAGTGTCAGGGATATTATCAGAAAAAGATTGTAAAAAAGCAGTAGAGCTTATGTTAAAAAATTTTAATTAAATAAGGAGATGGTGATATGTATAAGACTCAAATGGAAGCTGCTAAAAAAGGAATTTTAACTAGGGAAATGAAAAGTATTGCAGAAAGTGAAGCTATGGAAGAAAAAGTTTTAATGGAAAGAGTTGCAAATGGAGAGATTGCTATTCCAGCAAATAAAAAACATAGTTCTCTTTTAGCAAAAGGAGTTGGAACAGGTTTATCTACAAAAATAAATGTAAATTTAGGAATTTCAAAGGATTGCCCTGATGTGGATAAAGAATTAGAAAAAGTAAAAGTTGCCATAGATATGAAAGCAGATGCAATAATGGATTTGAGTTCATTTGGTAAGACAGAAGAATTTAGAAAAAAATTAATTGCTATGTCTACTGCAATGGTTGGGACAGTTCCTGTTTATGATGCAATAGGTTTTTTTGATAAGGAATTAAAGGATATAAAAGCAGAAGAATTTTTAGATGTGGTAAGAAAACATGCAGAAGATGGAGTAGATTTTGTTACTATTCATGCAGGATTAAATAGAGAAGCAGTGGAGCTTTTTAAAAGAAATAAAAGAATAACTAATATTGTTTCAAGAGGAGGTTCTCTTATGTATGCTTGGATGGAACTTAACAATGCAGAAAATCCATTCTATGAAAACTTTGATAAACTTCTTGATATTTGTGAAGAATATGATATGACAATAAGTTTAGGAGATGCACTAAGACCAGGTTGTCTAAATGATGCAACAGATGCCTGTCAAATAAAAGAGTTGATAACATTAGGAGAATTAACAAAAAGAGCTTGGAAAAGAAATGTTCAAATAATAATTGAAGGACCAGGGCATATGGCAATAGATGAAATAGAAGCAAATGTAAAGTTAGAAAAGAAACTTTGCTATAATGCACCTTTCTATGTATTAGGACCATTAGTAACAGATATTGCACCAGGCTATGACCATATCACTTCAGCCATTGGTGGAGCAATAGCGGCTGCTGCAGGAGTTGATTTCTTATGTTATGTAACACCAGCAGAGCATTTAAGATTGCCAAATTTAGATGATATGAAAGAAGGAATAATTGCCTCTCGTATAGCTGCTCATGCTGCTGATATAAGTAAAAAAGTTCCAAATGCTATTGATTGGGATAATAGAATGGCAAAATATAGAGCAGATATAGATTGGGAAGGAATGTTCTCAGAGGCAATAGATGAAGAAAAAGCTAGAAGATATAGAAAAGAGTCTACTCCTGAAAATGAAGATACTTGCACTATGTGTGGGAAGATGTGTTCTATGAGAACTATGAAAAAAGTTATGTCAGGTGAAGATGTAAATATTTTAAAATAATTAGGAGTGGAAATGGCAGAGATTAATGGAAAATATGAAGAAATTAATGATATTAATTTGCTAGATTATTTAATAAAAAATAAATATAGGGCAGATAGAGTCGTTGTTGATTTGAATGGGGATATAGTAAAAAAAGCAGATTTTGAAAAAATTAATATAAAAAATACTGATAAGATAGAAATTGTATGTTTTGTTGGTGGTGGCTAAGATATGGATTTAAAAGAAGAAGATTTACTTAAAAGAAATGTAAAAGGTATATTTGAAAAATTGAAAAAAGCAAAAGTTTGTATTTTAGGTTTGGGAGGCTTAGGCTCTAATGTAGCTGTTTTACTTGCAAGATCAGGAATAGGATACTTAAAATTAGTTGATTTTGATATTGTTGAAGCAAGTAATTTGAATAGACAACAATATAGAATATCTCATATAGGATTGAAGAAAACTGAAGCAATGAAAACTATTATAAAAGAGATTAATCCCTTTGTAGAAGTTGAAACTTTGGATATAAAAGTAGATAGAAAAAATATTTATTCAATAATTGGAGATATAGAAATTGTTGTGGAAGCTTTTGATAGTGCTGAAACAAAAGCTATGACAATAGAAGAATTATTAATAAATAAAAATAAAATAGTAGTATCTGCCTCTGGAATGGCAGGTTTAGGTTCAGCAAATGAAATAGTTACAAGAAAAATTAAAGATAATTTTTATTTAATAGGGGACAATTATTCTGACTATGAAGAATATTCAGGTATTATGTCAACAAGAGTTATGCTTTGTGCTGCCCATCAAGCCAATATAGTTTTAAGATTGATATTGGGAGAAAAAGGAGAATAAATGAAAGATAGTTTTAAACTTGGTAATAAAGAATTTAATTCAAGATTTATTCTTGGTTCAGGTAAATATTCAAATGAACTAATAAATAGTGCTATAAATTATGCAGGTGCAGAAATAG
NZ_CP022123.1_gap52	1980987	1985730	4743	TCTCAACTATTGATGGACTTAATACCTTAGTTAGAGGACAAAAATTACCAATTTTCTCTGGTTCAGGACTTCCTCATAATAATGTTGCTGCACAGATAGCAAGACAGGCCAAGGTGCTTGGAGATGATGCAAAATTTGCTGTTGTATTCGCTGCAATGGGAATTACTTTTGAAGAAGCACAATTCTTTATAGATGATTTTACAAAAACAGGAGCTATTGATAGAGCAGTTTTATTTATAAATCTTGCCAATGACCCTGCTATTGAAAGAATTTCAACCCCAAGAATGGCACTTACTTGTGCAGAATACCTTGCATTTGAAAAGGGAATGCATGTTTTGGTTATCTTGACAGATTTAACTAATTATGCAGAAGCACTTCGTGAAGTATCAGCAGCTAGAAAAGAAGTTCCAGGAAGAAGAGGTTATCCAGGATATCTATATACTGACCTTTCACAAATTTATGAAAGAGCAGGAAAAATTAAAGGAAAACCTGGTTCAATTACTCAAATTCCAATTTTAACTATGCCAGAAGATGATATAACTCACCCAATTCCTGACCTTACAGGGTATATCACAGAAGGGCAAATAATTCTTTCAAGAGAACTATATAAAAGTGGTATTCAACCACCTATATTTGTAATTCCTTCACTGTCAAGATTGAAAGATAAAGGAATAGGTAAAGGAAAAACAAGAGAAGACCATGCTGATACAATGAATCAAATTTATGCAGGTTATGCTTCAGGAAGAGAAGCAAGAGAACTTGCAGTAATTCTTGGAGATTCTGCTTTATCTGATGCAGATAAAGCCTTTGCTAAATTTGCAGAAAATTTTGATAAAGAATATGTAAATCAAGGTTATGAAACAAATAGAAGTATAGTAGAAACATTGGATTTAGGCTGGAAACTTTTAAAAGTTATTCCTCGTACAGAGTTAAAGAGAATAAGAGTTGAATATTTAGATAAATATTTAACAGATAAAGACTAGGAGGGATATTATGGCTAAGCTAAAAGTAAATCCTACTAGAATGGCTCTTTCTGAATTGAAAAAAAGACTTGTAACAGCAAGAAGAGGGCATAAACTTTTAAAGGATAAGCAAGATGAATTGATGAGACAATTTATAAATCTTATTAAAGAAAATAAAAAACTTCGTGTAGAGGTTGAAAAAGAGCTTTCAGACTCTTTTAAGTCTTTTCTTCTTGCTAGTGCAACAATGAGTCCATTATTTTTGGAAAGTGCTATATCATTTCCCAAAGCAAAGATAGTATTGGAAATGAAATTAAAAAATATAATGAGTGTCAATGTTCCTGAAATGAAGTTTGTTAAAGAAGAAATGGAAGGAAGTATTTTTCCTTATGGTTTTGTTCAAACATCAGCAGAATTAGATGACACTGTTATAAAATTACAAAAAGTCTTAGATAATCTTTTATCTCTTGCAGAAATAGAAAAATCTTGTCAGCTTATGGCAGATGAAATTGAAAAGACAAGAAGAAGAGTTAATGCTCTTGAATATAGTACAATTCCTAATCTTGAAGAAACAGTAAAAGATATTAGAATGAAACTGGATGAAAATGAAAGAGCAACAATAACAAGACTTATGAAAGTAAAACAAATGTTACAAAAGGATGCTTAAAAAATTTAATATTTTTGGTAACAAATGTTACAGAGATTTTAGAAAAACCATTATATACTTTAATTATAATAAATTTAATTTACCCCTCTCCAGCTGATTGAAAATTAAAAAATATTTTCAATCAGCTTTTTTTGTTAATAAAATATAAATAATGTTATAATAGTAATAGAAAATAAATTTTTGAAGGAGGGTTGGGATGAAAAGAATAGGAATAGGAGTAAGTGATTTTAAACATTTAATAGAGGAAGATTTTTATTATTTTGATAAGACAAAATTTATAGATGAAATAATACAAGATGGAGCACAGGTAAAATTATTTACTAGACCTAGAAGATTTGGAAAAACATTAAATATGTCTATGTTAAAATATTTCTTTGATATAAAAAAAGCTGATGAAAATAGAAAATTATTTAGAGATTTATATATAGAAAAGACAGATTCTTTTAAAGAACAAGGACAGTATCCAGTAGTATTTTTATCATTAAAAGATTTAAAAGCAACAACTTGGGAAGAAATGGAAAGAAAAATAATTATTACTCTTTCTGATTTTCTTTCTGAATATGAATATTTATTAAATGAATTAACTGGAATTAATTTTGAAAATTTAAAAAATATTATTTATAAAGAAGCAGGTATAGATGATTTAACAACTACATTAAAATTCCTAACAAAAATTCTATATGAAAAATATAATAAAAAAATAGTAGTGCTAGTAGATGAGTATGATAGCCCATTAGTATCAGCCTATATAAATGGATATTATGAAAAAGCCAAAAATTTCTTTAAAACTTTTTATAGTTTAGTTCTAAAAGATAATAACTATTTACAAATGGGAATTTTAACTGGAATAATAAGAGTTATTAAGGCTGGAATATTCTCAGATTTGAATAATTTAAGAACCTATACAATATTAAGTGATGATTATACAGATAGTTATGGATTAACAGAAGAAGAAGTAGAAAAAAGTTTAAAAGACTATGGAATAGAAGCAGAAATATCAAAAGTAAAAGATTGGTATGATGGATATAAGTTTGGAGATAGTGAGGTATATAATCCTTGGAGTATATTAAATTTCTTACAAGATAAAAAATTAAGAGCTTATTGGGTAGATACATCAGGAAATGATTTAATAAATAATGTGTTAAAAATGAGAAATAAAAATATAATAACAGCCTTAGAAAGATTATTTAATGGAGAAGGATTAAGACAGAATATATCAGGAACATCAGATTTATCAAAAATATTAAGTGATGATGAAATATGGGAGTTATTATTATTTAGTGGATATTTAACAGTAGAGGAAAAAATAAATCAAGATAACTATATATTAAGATTGCCAAATAAAGAAGTAAAAAGTTTATTTAGAAAAACCTTTATAGAAACATATATAGCAAGAGGAAGTAAATTATCATTTTTAATGGAATCTCTAATAGAAAATAAAATAGAAGATTATGAAGAAAATTTACAAGAAGTATTATTAGCTTCTGTAAGTTACAATGACACCAAAAAAGGAAATGAAGCATTCTATCATGGATTAATAATGGGAATGGGCTTATATTTAGAAGGAGAGTATATAACAAAATCCAATATAGAAAGTGGTTTAGGAAGATATGATTTTTTAATAGAACCAAAGAATAAAAGTAAAAGAGCCTTTATAATGGAATTTAAATCAACAGATAGTATAGAAAAATTGGAAGAAGTATCAAAGGAAGCCTTAAAACAAATAGAAGATAAAAAATATGATATATCATTGAAGCAAAATGGAATAAAAGAAATAACATATATAGGTATAGCATTTTGTGGAAAACAAATAAAAATCAGTTATAAATAGTAGCTAAATATAAGAGGAGGAAATTTTTATGGATAAAAAAGTGCAAGTTTTAGATTTTATTAAAATTAATCCTGCTGGAAATATTACAATACTTATAGATAATTTTGATATTTATGATAAAAATATTCCAAAATTATCAGAAGAAATTATGAAAGAAACTAATCTTTATGCAGAGCAAGTTGGCTTTATTAAAGATGGTCATCTTCAAATGATGGGTGGAGAATTTTGTGGAAATGCAAGTAGGTCTTTTGCAAGTCTTTTAGCTTTTAGAGATAAAGCTTTCTCTAAACAGAAAAATTATAGTATAACTTGTTCAGGTGAAAGCTTAGTTTTAGATGTAAATGTAAGAACAGATGGAGCTCAAAACAAATTCTTAGCTAAGATTAAAATGCCTAAATTTATAAGTCTTGAAGAAATTAATGTAGATGAATATAAATTAGGCTTAGTTAGATTTTCTGGAATAAATCATTTTATTTTTAATATTAAGGAAAATAAAGAAACTAGTTTTGAAAATATTATAGATTTAGTAAAAAAATATCTATCTAATGAAGATTATTCTGCTTTTGGAATAATGTTCTTTGATAGAGATAACTTGTCAATGAAACCTTATGTTTATGTAAAAGAAGTAGGAAGTGGAGTATATGAAAATAGCTGTGCTTCTGGAACAACTGCATTGGGATACTATTTAAAGAAGTATAAAAACTTAGATAGAGCTAAGATTGTTCAACCTAATGGTTGGTTAGAATATATTATTGAAAATGATGAAATATATATAGATGGACCAGTTGAAATTATTGCTGAGGGTAAAGTATATATTAAATAATAAATTAAAGTTCTAAATATGAAAATAAGAGAGTTACATTCCAGATTTTAGGATAAAAATTAAATAGAATGAGCCGAGCAAATCTCAGCATGTTTGAAGCTGCCTTGTCAGCAAGTTGGCTGAATTTGCAGCGAATTCTTAATTTTTATCCGTTAAAAAATCTGGCTAGTAACGAACTATTTTCATATTAGATATTTAAAGAGAGGTAAAAAATGTTTCTTATGATAGATAACTATGACTCATTTGTATATAATCTTGTGAGTTATTTTTTAGAAGAAAATATAGAAATGGAAATTATTCGTAATGACTTAGTTGATTTGAAGTACATTGAAGATTTAATAGAAAAAGATAAATTGGAGGGGATAATAATTTCTCCAGGACCAAAAAGTCCAAAAGATTGTGGACTTTGTAATGAAATAGTTAAACAATTCTATAAGAAAGTAGCAATATTTGGGGTATG
NZ_CP022123.1_gap53	2022409	2026604	4195	GATTGGAATTTAAAAAAATATAATATTAATGAAAATGAACTAATTATCTCTGAAAAAGATAAAAAAAATATAAGTTTAAAAGAATATAAAAAAATAAATAGTATTGAATAGGAGAGAAGAATGAAACTGATATTTGGAGCTAATGGTAAATTAGGTACAGATTTTAAGGAATTATTTGATTCTACTGGAGAAAAGTATATTGCTACTGATAAAAATGAAGTAGACATAACTAATGGTGATTTTTTAAGAGCATATATTAAGACTATGTATCAAAACTATAAGATAGATACAATTATTAACTGTGCTGCATATAATGATGTTGATAATGCTGAAATAGAAAAAGAGTTGTGCTATAAGGTAAATGCAGAAGCACCTGCTAATTTAGCAATGATAGCTTCAGAAATTGGTGCAACATATATAACATATTCAACAGATTTTGTTTTTAATGGGACAACAACTAATTACTTATACAATGAGAGCACAGGATATACAGAAGAAGATGAAGCTCACCCACTATCAACTTATGCAAAAGCTAAGTATGAGGGTGAACTTTTAATATCACAAATAATGGAAAATACTGAAAACACTTCAAAAATGTATATAGTTAGAACTTCTTGGGTATTTGGAAAAGGTAGTATGAATTTTGTTGAAAAGATAATAGAACTTTCAAAAGAAAAAGATGAATTAAAAGTGGTAGATGACCAAGTTTCTTCTCCAACTTATTCTAAAGATTTAGCTTATTTTAGTTGGGAACTTATAAAAAAAGGATGTGAAAGTGGTATTTACCATTTTACAAATGATGGTATAGCTTCAAAATATGAAGAAGCACAATATATTTTAGAAAAAATTTCTTGGAAAGGAAATTTAATTAGGGTAAAAAGAGAAGAATTAGGTTTATTGGCAGAAAGACCTAAATTTAGTAAATTAAGCTGCAAAAAAATTAAAGAAAAGTTAGGAGTTTCTATTCCTAATTGGAAAGATGCAATAGATAGATATTTTAAGGAAAATAACAAATAAAATAATTGAATAAAGGGGTAAATAATGCAAAATAATTTAATGAAAGTTGAAGATGAATTTCAAGAAGAAAATGAGATAAATGTTTACGATCTTATTAATATTTTTATAAAAAATATTAAATTATTTATTAGAGTAACAATTTTAGGAATTATAATAACTTGTTTATATGTAGGAGTAAGAATAATATTTTTTAAAAACAACACAATTTATATTAATTATACTCTTAATTATGCTGAATTAGAAAGTTATTTAGGAGGGAAAGTTTATTATCCTAAAAAGTCTCCAAATGAAATTTTATTAGAAGATAAATATTTAGAAAAATTTTTTGAGAATAAAGAATTAAAAGATTATTATGAAAAAAATATAAAAGAAAACAGAGATAATATAAATACAAAAAGGCGGTTTTTGATAGATAATAAAGTTTTAGAAAATATACCTAGAGAGGAAAACTTAGAAATTAAAGATAGCCCAATAATACCAGATTCCTATAAGGTGATGGTAAAAATTAATAAAGGATATGATAAAGATGGAAATATTTCTTATAAGATTTTGGAATCATATCTTAATATATTAAAAGATTATTACAATGAAAATATCTTTAAGTACATCAATAATAGGAAAAAATATTTAGAAAGGGCAATACCTATTTTAAAAAAAGAATTGACAGATAATGCTATTACAACAAGAGTTGTAATTACTGATATGATGAATAATGAAAATAACTACTTAAAGTATTTTTTTCCAACAAAAGTATCAAATATTGATTCATATTATCCTGAATATATAAAACTTGAAAGTGAATATCAATCTATAAAGACTTTGTTTAATTTGGAATTGAATAAGACAGAAAAATTTATAAGATATGATAGTTCAATTATTATAGAAAAAGAAAAATCAGGAAATGTTGTAAAATTAGGAGTGGGTATATTTATAAGTTTATGTTTAGGAATACTAGCAACATATATTAAAGAATTCTTTGAGGGGTATAAAAAAAATAAAAAGGCTTTATAATGGGAGAGGTTATGAATAGTATAAGAAAATTGATAAAGTTTTTAATAGATATATTTTTATTAAATACATCATTAGCGATTTCTGTTTTTTTAAAATATGATCAAATACAAATAACAGAGAAAAATTTAAAATTTTTAATATACTATAATCTTTCTTTTTGTGTTATATATTTTATTTTAAAAATATATAATAATAGTTGGAGATTCAGTGGTGTTTCAGAATATACCTCTTTAATAGGTTTAAGTGTATCTATAACAATTTTATCCTATGTATTAAGTAAATACTTAGGACTAAACACAAAAAGTAGTTTATACTTTGAAGTTTTTATTATTTTTACATTTTTACTAATACTTTCTAGATTTTTAATGTTTTTAACTAGAATGAAAGGAATTATAAAAAAAGATTTAAACCAAGAAAATGTACTTATTTATGGAGCGGGAGAATCTGGAGTATTATTAGTAAAAGAATCTAGTATAAACCCTAATTTTCCATATAGAATAATTGGTTTTTTAGATGATAACCCAAATAAAATAGGTGGAAAAATATATGGTTTAAGAGTTTTTGGTGGTTTAGATAAAGTTAAAGAGGTTGTTGAAAAAAGAGATGTTTCTAAGATAATTATATCTATGCCATCAGTAAGTCAAAATAAAATTTCTAATATTTTAAAGGAAATTAATAAAATAGAAGATTTATCTGTAAAGATATTACCAAATGTTGATAACTTAATAGAGGATGGAAATTTAGCTACTCAACTTAGAAATATAAAATTAGAAGATTTATTAGGTAGAGATGAAATAAAAATAAATACAAAAGAAGTATTTGAGTTTATTCAAGATAAGATTATATTTGTAACTGGTGGAGGAGGAAGTATTGGCTCTGAACTTATTAACCAAATTGCAAAATATAACCCTAAAAAAATTATTAATATAGAAATAAATGAAAATGCTTCTTATCTTATGGAACTGGAGTTAAAAAGAAAATATCCATATTTAGACTATAAGACCGAAATTGCTAGTGTAAGAGATTTTGATAAATTAGATATGTTATTTAATAAATATAGACCAGATATACTATTTCATGCTGCTGCTCATAAACATGTTCCACTTATGGAGAATAATCCAGAGGAGGCTATAAAAAACAATATATTTGGAACTAAAAATGTAGCAGAATGTTGCTTAAAATATAAATTAGAATCAGTGGTTTTAATTTCAACAGATAAGGCAGTAAATCCAACTAATGTTATGGGAGCAACAAAAAGAGTTTGCGAAATGATATTTCAAAAATATTCAGAAAAATCAAGTGATACAAAATTTATGGCAGTTAGGTTTGGAAATGTTTTAGGAAGTAATGGCTCAGTTATTCCAATATTTTCAAAATTGATAGAAGAAGGTAAAAATTTAACACTTACTCATAAAGATATAATTAGATATTTTATGACTATACCAGAAGCTGCTCAATTAGTTATAGAGGCAGCAACTATAGGTAAAGGTGGAGAAATTTTGATATTAGATATGGGAGAACCTGTAAAAATATATGATTTAGCTAAGAATATGATTAAATTATCAGGTTCAACTGTTGGAATAGACATAGTAGGTTTAAGACCAGGAGAAAAATTATTTGAAGAACTTCTATATGATATAAATTTATCAGAAAAAACATCAAATAATAAAATATATATAACTAATATGGAAAATGAAAAAGTAAAAGTTAATATAGAGGATTATTATGTAATTCTTAGAGATTTAATTAAAGAAAATGATATTATTGGAATGAGAAAAACTTTAGCTAATATTATTGGAACTTTTAAAGGGAGAGTGGAATAAAATGATTAATTTATCTGTTCCTAATTTATCTATGGATATTTTAGAAAACTTAAAAGAATGCCTAGAAAGTGGATGGGTTTCTACAGGAGGCAAGTTTATACCTGAATTTGAAGAAAAAATAATAAAATATATGAAAACAAAATATGCTGCAGGAGTACAAAGTGGAACAGCAGGTTTACATATGTCTTTACAAGTTTTAGGTGTTCAAAGGGATGAGGAAGTTATTGTTCCAACTCTAACTTTTATTGCAGCAGTTAATCCAACTACATATCTTGGAGCTACTCCTATATTTATTGACTGTGATGATAGTTTATGTATGGATCCTATTAAATTAGAAAAATTTT
NZ_CP022123.1_gap54	2076228	2079911	3683	TAAATCAGCAAAAGCTGCTGTTGAAGCAAAAGGTGGAACAGTTGAACTAGTTGAAGTTAAAGGTTTTGAAAGAGCAGAAACTAATAAATAATTTTAATCTGAGGTAGGTGAATATATGACTTTAATGGAGAAATTTAACTCTAGATTAAGTAGTATAGTAAAAATTCCTGAACTTAGAGAAAGAATTATTTTCACATTACTAATGTTTTTAGTTGCCAGAGTAGGAACTCTAATTCCTGCTCCTGGTGTAGATGTGGATAGATTGTCATCAATGGCTTCACAAAGTGATGTACTTAGTTATATAAATATGTTTTCTGGAGGAGCTTTTACAAGAATATCTATATTTTCGTTAGGGATTATCCCTTACATTAATGCTTCAATAGTTGTAAGTTTACTTGTATCTATTATTCCTCAACTTGAAGAAATTCAAAAAGAAGGGGAATCTGGAAGAAATAGAATAACTCAATGGACAAGATACTTGACAATAGCACTTGCTATTATTCAAGGAGCTGGAGTTTGTCTTTGGCTACAATCTGTTGGACTTATCTATAATCCAGGACTAAGCTTTTTTGTAAGAACAATAACAACTCTAACAGCTGGAACAGTATTTTTAATGTGGGTTGGAGAACAAATATCTATTAAAGGAATAGGTAATGGAGTATCACTTATTATATTCTTAAATGTAATATCAAGAGCTCCTTCAAGTGTTATCCAAACAATTCAAACTATGCAAGGAAATAAATTCTTAATACCTTTATTGGTATTAGTAGCATTTCTTGGTACAGTTACAATAGCTGGGATAGTATTATTTCAACTTGGTCAAAGAAAAATCCCTATTCATTATGTTGGAAAAGGATTTACTTCAAAAGGTGGAATAGGAGAAAAATCATATATACCATTGAGACTTAATACAGCAGGAGTAATGCCTGTAATCTTTGCCTCAGTATTTATGTTAATACCAGGAGTTATAGTAAATGCACTACCTTCTACATTATCTATTAAGACAACTTTATCTATAATATTTGGACAAAATCATCCAGTTTATATGATAATGTATGCTTTAGTAATAATGTTCTTCTCATTCTTCTACACAGCATTAGTTTTCGATCCTGAAAAGGTTGCTGAAAACTTAAGACAAGGTGGAGGAACTATACCTGGAATTAGACCAGGAGAAGAAACTGTGGAATATCTTGAAGGTGTTGCTTCAAGAATTACATGGGGTGGAGGATTTTTCTTAGCTATAATTTCAATACTACCATATGTAATATTTACATCTATGGGGCTTCCAGTTTATTTTGGAGGGACAGGAATAATAATTGTTGTTGGTGTTGCATTAGATACTATACAACAAATAGATGCTCATTTAGTTATGAGAGATTACAAAGGATTTATTTAATAATTATTATATAAATGAAATAAAACTGCATTTATAATTTATAAAATTATAGATGCAGTTTTTATATTGTAAAAAAACCATTTGCTATGCAAGTGGTTCAGAAAAGCTAAAAGGCTATGATGCAATATAAGTTCTCCTTTAATAACCTTAAATATACTATTGTATATGAACTTCTAGAAAAAAGTCCTGAATTAGATGTTAATTTTAATATATATCAAAATATTCTTTAAACAATAAGACATAATAATTTTAAAAGATTTGAAAATATTGTAAAGAAAAATTTAGCTAAAAAAGAAAAAGTATCTAAACAAATGCTTACAGCTTTAAAAACTTTAAAGAGATATATAAAGTATATTAAAATATATTTAAGTCAAATATATGAATAACTTAATAGAAGGTTTAAACAATAAAATTAAGTCAATAAAGAGAATAACATTTGGATATTTAAATTTTGATAATTTTAAAAAGCACATATTAATTCAATAAGGTGATTTAATTAAACAAAAAAGAGATTCTTTTAAGATTTTATTCTCAAAAAAATTCTTTTAATTATGTTAATTGCAAATCTAAAATTTTTATCAGTACTATTTGACAAACAACTAATTTATTATACAACTCATTTCTCAATTTGCATATAAATGTTTTGAATGACAAATGATTAATAAAATGATATAATAACTTATACTATATATTTTATTAAAATTAAAGGAGAGGTGAGTTTATGAAAAAAACAATTTTAATGTTTTTTACTTTATTATCTGTTTTTTCATTGGCAAATGACGAAATTATTTCAGAGTTAAAAGGACTTAATGCAGAATATGAAGATCTAGTAAAAGAAGAAGAAGCTAGATTTCAAAAGGAAAAAGAACTTTCTGAAAGAGCAGCAGTTCAAAATGTTAAATTAGCTGAATTAAAAGCAAACATTGAAGAAAAATTACTAGCAGCTCCTGAAGAAAGAAAAACAAAATTTTTTAAAGACACTTTTGATGGTTTAGTGAAAGATTATTCAAAATATTTAAGTCAAATAGATGAAAAAATAGCTGAAAATAATGAAATAGTAAGTAATTTTGAGAAAATTCAAAAAATAAGATAGTGAGGGGGAAAAATGAAAATAAAAGAAATATTGTTAATTTCTTTAAGTGTAGTATCCTTAATTGCATGTAGTAATAACAAAATAAATAATGAAGATAGAGATGCTATGCAGATATTAGAAGAAAAAAGAGAGTATTATGAAGAATTAGATAAGAAAAAAGAAAAAGAAGCAAAAGGTTACCAAGTGGAAATGACAGCTGAGGAAGCCAAAACAGAAAAAGAAAAATTAGCTAATATGACAGAAGATGAAAAACTTAAATATAAAGTAGATAAAGCAAAAGAAAAAATAGATAATATGTTGGATATAGCTAAAAAAGCAAGACAAGAAGAGATAGATGTTGAAGAAACAAAAAATCAAGTTGAAGAAGCTTTAAAAAATATTACAGAAGAAAAATAAAGGGAGGGGAAAATTTTGAAAAAGATATTACTACTATCATTATCTTTATTAATACTTGCTTGTACTAATATGGATACAAGTACAGATGAAAGTAAAGAAGCACAAATATCAAGACTTTTAAAAGAAGCTGATAAGAAAAAAGAAGAAACAGCAGAAGTAGAAAAAACTGTTGTAACTGATAATGGAGAGGAAGTTACAGAGGAAGAAGTTGCTGTTCAAAACAAGAAATCACATAAAGGAATGACAAGAGGGGAAATAATGGAATATGAAATGACAAGAGTTTCAGATGAAATGAATGCCCTACAAGCAGACGTACAACAATATCAAGAAAAGAAAGCACAACTAAAAGCATACCAAGAAAAATTACAAAAATTAGAAGAATTAAATAATGCAGGAATAAAATAAGAGGGGGGAAAATATGAAAGATTATAATAAAGTAGAAAGTTGTCTAAAAAGTTTTTTAAAGAATAATAAAAGACTAAGCTACTCTATGGCACTATTAATATCATTTTTAATTAATGGTGGTTTTTCTTATGCTGATGAAGCAATACAAGTGCCATTAAGAACAGAAATAAAGACAAGAATAGAAAAAGAACAAGAAAATATATCTCAAATGCTAAAAGAAACAGACGAAAGTATGAAAGATATAGAATTAAAAATAAAGAAATTGACACAAAGAGGGGAATTTTGGGTAAAACCATTAGAAAAATCATATCAAGGATTTATCTTTGCTAATTGGGAAAATTATAGCAAAAATAAGAACAAAACAGAAAGTAACTTTAATGGACCTGAATATTC
NZ_CP022123.1_gap55	2081302	2084709	3407	AAACTCAACCTGATACAAGTTCTAATTTCTTCTATAATTCAACTTGGAATGTTAAAATTGGGGGATTAGGTGGAAATACTCAAGATGGAACATATGGAAATAAAGTTTCAGCTGCTACTCAAGCTGATGGAGGAGGATTAACAAATAAGGTTGAAGAAAGTATAGGATTAAATTTTGATTATAAATATCATCTTACAACATTAGTTGAAAAAGAAATTAAAAGATATAAAGTTGAGTTAGAAAATGATGCAGAAAGATCAATAGGAATTAGAGCAGGAAATGCAAAAATTAATTTAACTGAAACAGATACTTATAGTTCAGTAAAGATAAAAGGTTCTAAAAATATAGGTCTTCTTGCAGATGGAGCAACATCAGAATTAAAATATACTAATACTAGAAATGCTCTAAATTTAGATGGAGGAGAAGGCAATATTCTTTTTGCATCAATAAATTCGGGGAAACTTAATGTAGAAAATAAGTTTGAATTAAAAACTTCTGGTGGTTCTGATGAAACAACTGGGGCTAAGTTTGTATCTGCTTATACAAAAGGATCAGGTTCAAAAGTTACTTTTAAAAAGGGAATTTCTTTTAAACATACAGGGAATGAAAGTATTGGTATGTATGCAACTGATAGTGGGGATATAACAGTAACAAATCCAACAACGGTTACTTTACCAACTGTAACAGTAGGTTCTGAAATAGATAATTCAACTTTACCAAGTGTTGCAACATCACCAACTATTAGTACAAAACTTTCTATTACTGGAAGTAAAAGTGTTGGTTATTATGCTAATAATGGGGGAACTATTGTAAATACAGGTTCAAGCACAAAGGTAACTGATGGATCAGCTCTAGCTTATGCAAAAGGAGCTAACAGTAAAATTACTATATCTAACTCTTTACTTGACTATTCTGGGGAAGGTTATTCACTTTATACAGAAAATAGTGGAAAAATTGTTGCAGATAATAGTGTCTTAGTATTAAGAGGAAAAGCTGTTGGAATGAAAGTAAACTCTATAAGTAGTGGAGATATTTCATTTACAAATGGAAAAATTGTTATGATGTCTAATGATGCTATACCATTTGTTGCTAGTGATATTACAGGTACTGTTAATGCAAGTGATATAAGAACAGGTTTAGGGCTTCCTAGTAATATTATAATAGCTAAAGGTAAAGAGGGAGGAACAGTATTTAACAAATACAAAATAGCAGCTGTTGATGGAATGGCAAACTTAACTATAGATTACGATTTAGATAAGACTTATGCAACTGATGATAATAATGAAACAAGTTCTGATAATAGTAAAAAAGCTTCTTATGCTCTATTTAGAAGATATTTGATTCAAAGAGCTAAGGTAGAAGCCAATGGAAAAACTATAAAAGCTATTCTTAATAGCACAGATTTGACAAAATTAGATGCTACACAAGTAGTAGGACTTGAAATGAGTTCAAGTAAAAATGCAAATAATGTAAATGAAACAGCTATTAATTTAGTTAACTCAAAGATAATAGCAGATAGAAAAGATGGAGGAACAGGAGCAGTAGGGGCATATATTAACTATGGTTTAGTAAATATTGATGCTACATCAAAAATAGAAGTAGAAAAAGATACTTCAGCTGGAAATACAGCAAATAGTGGAGCAGTAGGAGTATATGCAGTAAATGGTTCTAAAGTAGATAATAAAGGTAATATAGAAGCTGGAGGTACAGATTCAGTAGGTATTTTAGCTTTAGGATATGGAGAATCAGGGGGAGTCGCTCAAAAGAATCAGTTTGGAGGAAAGACTGGAGAAGGAAATATAACTGTAACAAACTCAGGTTCTGTAACAATGGCTAATAATGATGCTATTGGTATTTATGTAAAAAATAATAATACAACTACTGTGAGTACAAACCATAAGGTTACAAATAGTGGAACTATTGAAGTAAAAGAATCTGCTTCTAAGACAGCAATAGGAATCTATGCAGATAAATCAACAGTAATTCCTAAAGATGGAACAATAAAAATAGGAAAGAAAGCAGTGGGAATTTATGCAGATGATTCAGCTATTGGAAGTGGAACTGATAATCTAGGAAAAATTGATTTTGCAGGAGAAAGTGGAGTAGGTATTTACTTAAAAGGAAGTTCTTCAACTTTAACAGGAAGTAATGTTACTTTAAAACAGTCAACTAGTGGAACTTTTAAAGGAAAAGTAGGTATACTTGTTGCAAGAGAAACAGCTTCAACAATTACAACTGAAGTAAAAACAAAAGATGGTTCAGACACAATAGATGATGTAATTGCATATTATTCAAAAAATAATGGAACATTAACTGTTCAATCAAGTTTTGAATTAAATAAAAGAAGTGTTGGTATATATGGGGCTGTCAATGGAAGTACACCAGAAAATTTAGTGTACAATGGTAGTAAAACTATGAAATTAGGAGAAAAATCAACAGGAATATTTGGAAAAGGTAATATAAGTTTTGCTTCTGGTTCAAATATAGAATTAAATGGAGAAAAGTCTGTTGGAGTTTTTGCAACTGAATCAACAGGAATAATTAATTCAGAAGGTAATCTTAAATTTAGTAAAGAAAAGTCAATAGGATTATATGGATTAAATGGAGCTACTATTAATGATAAAACAGCTTCAATGGATTTTAGTAATGCAAATGCTAAAAATAATATAGGAGTATATTTAGCAGGAGCTAAGTGGAATGATAATAGAACAGCAGCATATACATTTAACTCTGATCATTCTAAAAATAACATATATTTATTTGCTCAAGGAAGTAGAATTAATGGGACAGATACAGGAAGTACAGTTACTTTAAAAAATGATTTTCAAGTTGCCCCAGGAGGATCAGCTAGTTCAGCAGAAAAAACTATAGGTATGTATTTTGATACAACAGTAAAAGGAGGTACTTTTGCTGAAAATAAAGTAGATATGACAAATGCAAATGCAAAAGTTAGTGTAACAAATAAAGGTATTGGATTATATACAAAAGCTGAAGCTACTAGTAGTGGTAAAAATAATATAATAGAAAAAATAAAGGTTTCTTCTACTGGAAAAGATAGTGTTGGTGTTTATAATAAAGGTAATTTAAAACTTTCAGGTACAGATGGATTAATTGAAGCTAAGACTAATGGAATAGGAATTTATGGAGTAGCAGGAAAAATCACAGTTGAAAATACACATAAAGTTGAAGTTACTGCAGCTGGAACAGGAATGTATTTAACAGGTAACAGCTATTTAGATGGAGGAAAACTAAAACTTGAAAACAAAACAGTTGGAACATCAGCTGCTGGAATCTACTATAAAAAAGGTACAAGTAGTGATGAAGTTACTCATAATACAGATTTAGAAGTAGTTTCAGGTAGCAACTTACTTGCCCTATATGCAGATGGAGGAATAAAATTAAATAAT
NZ_CP022123.1_gap56	2091756	2092366	610	AAGAAGTGATAACATCAGATGAAATTCCAAACTCTTGATCTCCCATCAAGGCTTCTCCACTTAATTTCAATAAGATTTTCTTGTAAAAAGGGCTTTCCATATTTCCTCCTCTAATATTTTTTATTTAAAAAAATAGAGGATGCAAAGTTGCATCCTCATAAATAACTATCCATTGATTTGAGCAGCAACTTCTGCAGCGAAATCTTCTTCTTTCTTTTCTATTCCATCTCCAACTTTAAATCTTTCAAATGATAGAACTTTAATATCTCCTGCATATTGTTTAACAGTTTCTTTGTTTTCAGCTCTTACATAGATTTGATCTACTAAACAATTTTCTTCATAGAATTTATGCATTTTTCCTGTTAATATTTTTTCAATTATGTTAGCAGGTTTTCCTTCTTCTTCTAATTGTTTTCTAGCAATTTCTTTTTCATGTTCTAAGTCAGCAGCAGTAACTTCTTCTTCTGATAAATATTTAGGATCCATTGCTGCAACATGCATAGCTATGTTTTTAGCTTTTTCTAGGTTTGCTTCTGTAGGTTCACCAGACATTTCAACGATAACACCTAATTTTCCACCTAAGTGACTATAAGTTTGAACAAAACCATCT
NZ_CP022123.1_gap57	2095762	2097088	1326	AACATTTCTGATTTTAATAATCCAAAGAAGCATTCCATTAATCCATTATCTAAACTGTTTCCTTTTCTTGACATACTTTGAGTTATCTTCTTCTTTTTCAATCTTTCTTGATATGAATAATGCTGATACTGCCATCCTTGATCACTATGAAATATCAAATTTTCATAGTTTTCATTTTCTTTAAATGCTAAATTTAACATATGATTTATCTGCTCCAAGTTAGAACTGCGCGAAATATCATATGAAACTATATATCTTCCATAAGTATCTAATATTGGAGATAAGTACAACTTTTCTCCTCTTAAATTAAATTCTGTTATATCTGTAAACCATTTTTGGTTTAGAGCTGTTGCTTCAAAATCTCTATTAATATGATTATCAGCTATTTTACCCACTTGACCTTTGTATGAAGAATATTTTCTTTTTTTACGAATAATACTTTGTAAATTAAATTTCTTCATAAGTCTTTGCACTTTTTTATGATTAATATTGAAACCTTGATTTTTTAATTCTAATGTTACTCTGCGATAACCATATCTTCCTTTATTCGCATAGTAAATTTCTTTGATTTTTTCAATAACATCTTTATTCTTCTCATCAATATCTTTTTTATCAATATAGTAATAATATACTGATCTTGATATTCTAGCAATCTTTAATAATATTTTGAAAGAGTATTTAGCTCTAAGTTCTGCTATTACTCTTACTTTTTCTTCTCTTTTAGCTCCCTTTCTTGAACTAGAGCTCTCAATTTTTTTAAGTACTCATTCTCAGCTTTAAGATACAAATTTTCTTCTTCTAATTTTTTAATTTTTTCTTTTTCAGATAATTCTTTGTCATTTTTCTTAGGTTTAGTCATAGATTTTGGTTTCCTTCCTTTTTTCTTCTCTACAACATTATACCCGTTTTTTTAAATTTTGAAAGTCAATTATGTAAAATCCCATTAGAAGCTACCCAATATCAATAGCAACAGAATTTATAGACTCATGATTAATTAAAATTCTATTAATTGTTTGTAATTTAAAATCTTTGGAATAAATTTTATTTTCATCATTTCTTAAAATATCATATCTATGTTTTCTAATTAAAGCAATTAAATATTCAATAGTAGATTTGGAAACATAAAAAGAATTAGCTAGCGAAGAAATAGTTTCACCCTTTTTTCTTCTTTCATATATTTCAATTTTATATTCTCTTGTTAACTCATGAAAAAACTGCACCTCCAATCTTATGTCCAAGATTTTGGGAGCAGTACAATTTTATTAAAGTATATCTAATAAAAGATTTACTATATTTAAAATATTTTGATAAGAAAGAATTGATAAA
NZ_CP022123.1_gap58	2101485	2104206	2721	GAAACCATTGAAAAACAGAGAAATAATATAAATATTAAAGAAATTTTAAATCAAAATAATTTTGATTCATATATATATCCATCTCGTTATAATGATGAAAAAGAAATGACAAGATATTTTTTATTTGAATTTATGACTGTAACAGAATTTAAAAATATAAAAAATTGGGAATTGAAATTAGAGAATATAGAAGCAGATGGAGCTATTTTTGCTATTTTAACAGATTCAGATGAGGAAATAAAAGAAACTATAAATCTACTACAAACAAATAGTCAAAATGTAGATCAATGTGTATTTATAATTTTAAAAAAATATAAGGAAATTAAGGATTTGCTTTTAGAGTTTAATGCAGTTTCAATATTAAAAGATGAGGCAATAGAAGATAGAGTTCTTTTTTCTGAATATGAAGTTATTTATGATGATTTACTAGAGGTGATTTATAATTATATTTCTATATATGTGCGTCCAGAAAATAAAGAAGCTATATATATTTATAAAGGAGAAAAAAAAGAAATAAATAAAAAAGCTGAACTAACAGAGCTACTTTCAAAAATATGTGACAATATTTATTTTGAAACCCCAATTATAAATAATGAATCAATAAATAAAAATGAGTTAACAACTACTGCATTAATAAATAGAAATAAAATTATAACAGCTCTGCTTAGAAATGAATTAGATATAAATCTTGGATTAATTGGAAATGGACAAGAAGTTTCAATCATGAGAAGTACTTTAGTAAGAACAGGAATATTGACTTTGAACACTAATACAGTTGAATTAAATTTTAATACAAAAAATCCTAAAATTAATAATTTGTTATCAGAAATAATTAGATTTATATTTAAAGCAAGAGATAATGGAAAAGTTTCTTTTCAAGAAATATATGATTCTTTATTGTTAGCAAAAAACAATATTGGTTTAAGAAAAGGACTTATTCCAATTTTTTTAGCAGTAGTTTTTCATAAGTATAAGAAAGAAATTATTATAAAAAATAATGCAGGAGAACTACCTTTAAATATAGATACAATGGAGCAAATAGATGCCTCTCCAAAAACATTTTATTTATATTATTTAGAATGGAATAAAAATAAGAAAAATTTTATTCTTGCAATGGAAGATTTATTTAAAGATTATATTATAGAATCAGAAAAATTACTAAATTCTTATAATTTCATAGCTTTAGCCATGAAAAGATGGTATATATCTCTTCCAAAAATAGTAAAAGAATTAAAAAAAGATATAATTGATAAAACTCCATATGATAAAAATTATCTTTCTATGTTATCATCATTACGTAAGGGTATAGATGGACAAACACTGTTATTTGAACAGTTAGTAAAAGATTTTTCTTATACAAAATTTGATATTAAATTAATTGAAGATATAACAAATTCAAAGAATTTTTTTGATAATCTTTTATTTGATATTAAGAAAAAAATTATAAAAAATATAAAAATATTATTTTTAAAGGAAAATGAAGACTTTGCTGATAAGTATTCTCTATTCTTCATTATAAAGGAATGGTTAAAGGAACTAAAAGAAGATATTTATACACAAGTATTTATAAATGGAACTGATAAATGTTTACTTCTCTTTAAAAACATTACAGAAGATGAGGAAGAATTTATTGATAAGTTATCTAAATTAGCCACAGATTTAAATATTGAAGAATGGAATATATCTACATATGTTCAATTTAAAAATAATTTAATAACATATAAAGAAACTGCTGAAAACTATATGAAAGATAATGAAAAAAATGAAAATTATCAAGAGGTTTTAGATGAAAATCAATACAAAATTTTATTTTTTGATAAAGAAGGAAAACTAGTAGTAAAGAAATTTCAAAAAACTGAAAAAAATCCTAGAGCAAAATTATTATATAATTCAATAGAAGCACAATTAGAAGCAATGGGACAGTCTTTATCAGAACAAGAAAAAAGACAAGTTTTAATAGAAATATTATGTAGTATATTTTAATAAATATAGAGGGGGAATAAATGATTTATTTTGATAATGCTGCTACAACATATCCAAAGCCAAAAGAAGTTTATGACTTTATGGATAATTTTTATAGAAATTATGGAGGAAGTTATGCTAGAGGGAGTTACAATTTAGAGAATCCTCTAGTAAATATAGTTTTAGATACAAGGGCTAAAATAAAAGAAATATTAAATGCTAGAAATAAATCTGTTATATTCACTCCAACAGCAACAATAGCCTTAAATATTGTAATTCAAGGTCTTATAAAAAAAAATACAACTAAAAAAAATGTTTATATAAGTCCTTTTGAACACAATGCAGTAACAAGAATATTAGAATATTATAAAAATAAAGGAGATATAGAACTTAATATTTTAAAAATTGAAAATGATTATAGTTATAATTTAGAAAAATTAAGATATCAATTTGATGAAAAAAAACCAGATATATTAATAGTATCACATGCAAGTAATGTAACAGGGCTTATTGCTCCTGTTGAAAAATTAACTATACTAGCAAAAGAATATTCTTCATTTACAGTAGTAGATATGTCACAAACAGCAGGACTGGTTAGTATCAATCTAACTTTAGAAACTATTGATTTTGCCGTATTTGCAGGGCATAAAACACTTTATGCACCTACTGGAATTTCAGGCTTTTTAACAAAGGAGAATATAGAACTGGAAACTATTTTATTTGGTGGAACAGGCTATGATTCAGCAAATTTAGAAATGC
NZ_CP022123.1_gap59	2106464	2108115	1651	AATAAAATGTTTAGATGAAGGAGTCAATATACCAGATATAAAAATAGCTTTTATTTTAGCGAGTACAACGAATCCAAAGGAATATATTCAAAGACGTGGAAGAGTTTTAAGGATAGCTCCAAATAAAGAATATGCAGAAATTTATGATTTTATAACCTTACCTAGAGATTTAAGAGAGGCAAAAATTTTAAGTAAGGAGAAACTAGAATATGATATTTCACTTCTTGCTAAGGAAATGGCGAGAATGAAAGAATTTAGTAGCTTATCTAGAAATAATCTATCTTGTAAAAAATTAATCATGAGTATAAATGAAGTATATGAGGGTTTTAATCTTGATTTAGATGTAGAGTATAAATAATATAATATATAGGAGGGAATATTTTTATGTTGAATGAGTTTAGTGAAGAAACTATTTTAAAACTTATGGAATGGGTTGTAAAACTTGAACAGGAAAATTTGAATCAATTAGATGATGAAGATAGGAGTACAATAGTAAAAAAAATTTATGATAAATTTAAGGAGGAAATAAAATGCAACTTAAATCAATAAAGCTTATAAATTTTAGACAATTTAAAGATTTAAAAGTTTCTTTTGAAAATTCAAATGTTGGAAGAAATGTGACTCTTATTTTTGGAGACAATGGTTCAGGAAAAACAACTTTAGCAAATGCTTTTATTTGGTGCTTATATGGACAGAATGATTTTGAAAAAAAGGAATTATATAATATACATATGAAACAAATAACACCCATTGGTGAAGTGACAGATATTGTTGAAGGTGAATTAAAATTTGAACATAGAAAATTTCTTTATACTGTAACTAGAAAAGTCTACTATAAAAAAATAGATAAAGATACACTGAGAGAAGAAATAAATAAATTAGAGATTTCTAAATGTAATGAAAATGGAGATTGTCTTTATTTTGATGAAACTGATGCTCAAAATGAAATAAATAAGGTTTTACCTAAGGCTTTATATCCCTATTTTTTCTTTAGTGGTGAAAAAATAGAAAAAATGAGTAGGGATATACAGAGTCAAAAAAAAGAAACTGATTTTTCAAATGCTGTAAAAGTTTTATTAGGTTTAGAAGCTATAGATAGAGCAATAGATCATCTTGCTTCAAGAAAAAAAATAACAGTTAAAGCAAAATTCGAAGAGGATATAAAAGATGATGGAAATGAGAAATTACAATTATTAAAAAAAGAATTAGAAGAAATAGAAAATAAAATAGAATATTTAAAAAATGATATAGATAGATGTGATGGTGAAATTGTTTCAGCAGAAGAAATTATAGAAAAAGCAAAGAAAGAAATTGAAAAACATTCAGAGGGAGCAACACTTCAAAGAGAAATAGAAGCTAAGAAAAAACTAAAAGAAAGTTATGAAGATTCAAGAAAAAAAGAAACAAGTAATTTTTTTTCAATATTTAACAATAGTTATTGGGAATATTTTATAAGAAAATTAGTTTGCCAAGTACTACCTAATTTAAGAGATGATATGGTAAAAGGAAAGGATATTCCTTCAATTTCAGTAGACACTATTAATTATTTGATAGAGCATAAAAGATGTTTATGTGGAGCAGAAATTATTAAAGATACAGAAGCTTATAAAAAATTAGAAGATTTATTAAATTATATTCCTCCTAGATCTAT
NZ_CP022123.1_gap60	2144897	2146070	1173	ATGCAGGTATAGGAATGGTTCACCAAGAATTTTCATTAATCCCAGGTTTTAAAGTTAGTGAGAATATTGTTTTAAATAGAGAGTCAACAAAAAATAATTTAATGACACACCTTTTTGGAGAAGGTATAAGTAAGATAGACCAAAAAGATAATAGTAAAAGAGCTCAGGACGCTATTTCAAAATTAGGAGTAAGTTTAACAGGGCAAGAACAGATAAATGAAATGGCAGTTGCCTATAAACAATTTACAGAAATTGCTCGTGAAATTGAAAGAGAACATACAAAACTTTTAGTTTTAGATGAACCAACAGCTGTTCTAACAGAAGATGAAGCACAAATTTTATTAGAAACAATGAAAAAACTTTCTAATAAGGGTATAACTATAATATTTATAACACACAGACTTAATGAAATAATGTCAGTTTCTGATAAGGTAACAGTTTTAAGAGATGGTCAACTTATAAATACAGTCCCTACAAAATCTACTAATGTAAATGAAATTACAGAATGGATGATAGGAAGAAAAGTAGGTTCATCATCTGAAGGAAAAAATATAGATAACTCTAAAGCAGAAACTCTTATGGAAATAAAAGATTTATGGGTTGATATGCCAGGAGAAATGCTGAAAGGACTAGACTTAGATATTAAAAAAGGAGAAATTCTTGGTCTAGGTGGTATGGCAGGACAAGGTAAAATAGCCATAGCTAATGGAGTAATGGGGCTTTTTAAATCAAAAGGAAATGTAAAATATAAGGGCGAAGATTTAGTCTTAAATAAACCAACATATCCACTAGAAAAAGGAATATTTTTTGTTTCAGAAGATAGAAAAGGTGTAGGTTTACTACTTGATGAAAGCATAGAAAGAAATATTGCTTTTCCTGCTATGGAAATAAAAGGTTTATTCTTAAAGAAATATTTAGGACTTATAAATGTAATAGATGATAAGGCTGTTACAGATAATGCTAAAAAATATATAGAAAAATTAGAAATAAAAAGTATGGGTGAAAAACAAAAGGTTGCAGAATTAAGTGGAGGTAACCAACAAAAAGTTTGTATGGCAAAGGCTTTCACTATGGAACCTAATTTATTATTTGTTTCTGAACCAACAAGAGGTATAGACGTTGGAGCTAAACAATTAGTTTTGGAAACATTAAAAGAATATAATAGAGAAAGAA
NZ_CP022123.1_gap61	2152956	2156517	3561	CTTGCTCCTTCTAACATTTCTAAAATTTCTTCTTCTTTAATACTTTTTTCTGTAAATCTTCTGTGTGAACGAGTATGTTTAATATTATCAATTATCATTTTGAAAGCCTCCTATTTTATTTTTAAGATATATCTATAATGATATAAAGTTATCTAATTATATTAGAAATTTAATATTTTTACAAGAAAAAAAGGAGTTATTGCACTCCTTCCAGCTTTTGAGTTAAATTTTATTAAAGAGAATTTACTAAAGCATTAACTTTTGCTGCTAATCTAGCTTTCTTTCTAGAAGCAGTATTTTTCTTTAAAATTCCTTTACTTACAGCCTTATCAAATTCTTTGTATGCAACTGATAATGCTGCCTTTGCAGCTTCAACATCTTTCACTTCTAATGTAGCTAAAACTTTTTTAGCCATAGTTTTAACTCTTGTTTTAACTGCTTGATTTCTAACTCTATTTCTTTCTGCTACTAATATTCTCTTTTTAGCTGATTTTGAATTTGCCATTTAAAAAACCTCCAAATGTTATAATAAACATAATATAAATCAAAATAACATAATTAAATTAATATTCAATTAAGCTTCAAAGAGACACATATTTTACAATGGACCTTTTACATTATATCACTTTTTTTACTAAATTCAAGTAAAAGTTTTATTTAGTAATAAAAAAGTCTGCTTTAAATTTATCTATATCATCATAGATTTTATCACTTAAATAGTAATATCTTTCAGTATATTCATCAGCTTGCCCTTTGTTATATACTTTAGAGATTTCTTTAAAAATAAGTTCTAAATTTTCCATAACTTCAGCTACAACATCATCTTCTTTACCTTGTAGGTTTCTAGCCACAACATTTTCTTCAACTTTTAAATTGCTACTAACATCAATAAATTTAGTTTCTTGGATGAATCTATTGATATTATTTATTGCATCTCTAACTTCTGGTTTCATTCTCTCACTCCTTAAATAATATTTTATGCTTCAATTATACTATAATTTTTTTATTTTAGGAAATCAATTGTAATTTAAAATAGAATAATCTATAATTACTATAAAAATATTTAAAAATAAATGGAAGGAAAATATGAAAAAGATAGCAATATTTTTATTTGAAGGGGCAGAGCTATTTGAAATAGCAAGTTTTACAGATGTGTTTGGTTGGAATAATGTTGTTGGTTTAAAAGAGTTTAGAGATATAAAAGTGGAAACAATTTCATATAAAGAAAGTATAAAATGTACTTGGGGTGGAGAATTAAGAGCAGAAAAAATTATTACAGAAGATAATGTTGAAGACTTTTTTGATTATGATGCTTTAATTATTCCAGGTGGCTTTGGAAAGGCTAATTTTTTTAAAGATAAGAATAATAAAATTTTTAAAAAATTAATTAAATATTTTTTTGAAAATAATAAAATTATTGTAGCTATTTGTAGTGCAGTTATAAACTTATTGGAAAGTACGTATATAAGAGGTAAAAAAGTTACAACTTATTTGCTAGATAATAAAAGATATTTTAATCAATTAAAAAATTATAATGTTATCCCTATTGAAGAAGAAATAGTTGAAGATAATAATTTATTTACTTGTTCAGGACCAGGTAATGCCTTAGAATTATCTTTTAGACTTTTAGAAAAATTAACATCCAATGAAAATGTTAATATTATTAAGGATAATATGTTTTTAAAATAAAAATATTTTCTTTTTATAAAATATATGGTATCCTAAACATATAAACTTGAAAGAGGTGGTAGAATGAAAATAGGAGAAAATAAAGTTGTAACATTGGAATATAAGGTATATGATGCTGATACAAAAGAGTTATTAGAAGATACTACAGAACTAGGACCATATTTCTATATTCAAGGTATGGGACAATTTCTACCTAAGATAGAAGCAGCATTAGATGGAAAATCAAAAGGACATAAATTAAAAATTGAGATCCCTATGGATGAAGCTTATGGGGATTATGATGAAGAATTAGTTGAAGAATTAACAAAAGCAGATTTTGCAGATTTTGATGATATCTATGAAGGAATGGAATTTGTTGTTGAATTAGAAGATGGAACAGAAATGATAGCTGTTATCACTGAAATAGATGGAGATAAAGTTTACACAGATTCAAATCATCCATTCTCTGGAAGAAATTTATTATTTGAAGTAGAAGTAGCAGATGTGAGAGAAGCTACTGATGAAGAATTAGACCATGGACATGTACATTTTCATGGATTTGAAGATGATGAAGAATAATTTTAATTAAGTATCTTTTATGAAAGGAGCTAGGTTATGAAAATAGCATTAGGAGCAGATCATGCAGGTTTTGAGTTAAAAGAAAAAATAAAGGAATATCTATTAAAAAAAGGTGGAATAGAAGTTATAGACAAAGGAACTAACAGTAAGGAAAGTGTAGATTATCCAAAATATGGACATGCAGTGGCAAATGCAGTTGTTAGTAAAGAAGTAGATTTTGGAATTTTAGTTTGTACAACTGGTGTAGGTATTTCTATTGCTGCAAATAAAATTAAAGGAGTAAGAGCTGCACTTTGCACTGATACAACTACTGCAAAATTAACAAGAGAACATAATGATGCAAATATTTTGGCATTAGGTTCAGGAATAGTAGGACAATTTGTTGCATTAGATATAGTTGATACATTCTTATCAACTTCTTTTGAAGGTGGAAGACATCAAAAAAGAGTGGATCAAATAGAAGTAGAAGGTTGTAATTTATTTTAAGTAGGTGATAATATGGCAACATTATTTACAAAAATTATTAATAAAGAAATTCCAGCAAATATAGTATATGAAGATGATGATGTAATAGCTTTTAAAGATATTGCACCAGTAGCACCAGTTCATGTACTTGTTGTACCAAAAAAGGAAATTCCTACAATCAATGATATTACTGATGAAGATGCTTTGTTAATAGGAAAGGTATATAGAGTAATAGGTAAATTAGCTAAGGAATTTGGAATAGACAAAGATGGTTACAGAGTTGTATCAAATTGTAATGAGCATGGAGGACAAACAGTATTCCATATTCATTTTCATTTGATAGGTGGAGAAAAATTAGGAACTATGGTCTAGGAGAAAGAATGAAAAAAATATTTATACTAATGATAATGGTTTTAGGCTTAGTGGCATGTGGAGAAAAGTTTCCATATACAAGTCAAAGTAAGAAAGAAAAAATGATAAAAGAGTTACAAGTAGCTATTGAAAAAGCTGAAAAAACTAAAGATGATAAAGATGTACAAGTAGTTATGGAAAAAATGGGTGAAATAATAAAGATAGCAACTGAATTAGAAAAAAGAAGTTCAGAGGGAGATGAAAAAGCAAAAGAAGAATTAGACAAGTGGGATAAAATTTTAAAAGAAATAAAACCACAAGTGTAATTTGTAGAAAAAAGTGTAGTTATTGTATTAACTACACTTTTTTATATTCTAACATAATCTAACTTGCTAACAGTGTTAGAATATGTTAGAATATGTTAGAATAAATAAATATTGGTGATGTTATGGAATTAAAAGAAAATATAAACATTGAATTTAAAAAGGAGTTTACAGC
NZ_CP022123.1_gap62	2271312	2275584	4272	GATATAGATAGTATTTCATCATTAGCTCCAAAAATCTCTTATATGGGAGTAAAAATTCTTGATGATTTTAAACCTTGTAAAAGAATTCATATTAGATTAAAAAATGGAGAAGGATATGAAGTATGTAATTGGGGAAAAATTTCTTATAATTATGTTGACTTCTCTGGAGATATTGATAAAGTATTGGAAATAGAATTTAAAGAAGTTTTTAATAAAATAAAGTCTTTTATTGAAAATGGAGAAAAGAAATATAATTTTGAAAAACAATTAGAAGAAATAGAATCTAACTATAATTTAGAAAAATCTGAAAGATATAATTTTATTTTAAATAAGATTATAGAAGAAGAAAAATTGTATTTATATAAAGATGATGAAAAATTTATAGTTAATGTAGAAGAAAAAGCTATAAAAAATTTAGAAATATTTAAAACTATCAATTTTGAAGAAGTAGATTTCTATGTGTTCTATGTTGATTATTTATCTAAAAAAGAAAATCAATATAAAAAAGTATTAGTAGGCTTCAATGGAATTGATGGCAAAGAAGTAACTATATCAAAGTTAAAAGATGATATAAATGAGATTAGAGATAGCAAGAGTACATTTATTTAAAATATAATTAGGAGTAAATATGCAAACTTTGAGTATTAGAAAAAAGGTAAATGAAACTATTATTATCCAAAATTCTAAAAGAGCATTTAAATATTCATTAACTACTATTATTGGAATGTGTTGCCCTTTTAATCTTCTAGGAATAAGTTCAATTGATATTACTTATAAATTTTCTTTAATATGGATGTTTTTAGTTTTATTATTTGCAGTAAGACCTGCCTTAAAAAGAAGAGGAATTAAAGTTTTTTTAAGGGTAAATAATCAAAAAATTACAATAAAGAAGCAAAAAGTATTTGGAAAAGTTACAAAAAGAGATAGAGCAAATATTTATTTTATAGAGGGAAGATAATGAAAATTTTAACATATAAAAATCTTAATATGGGAGAAACTATAATAAATTTTTTAATTTTATTGTTTCAACAAGCAATATTTTTTGGATTTATATTCATTTATGTATACTTAGATTATACAGTTTATATTCAAAAGGATTATGAATATGCAGGGATAATAATTCTAGTAATTCATAATATTGTCTGTCTTGTAATAAACTTTTTTTATTTAAGAGCGGTTAAAAATGCGATATTTAATTTTTTTACTTATGAAGAATATAAAATAAATGAAGATAAATTATATTATGAAAAGAAATTAAAATTATTTAAAAAGGATTTCTGTTTAAGAAAATTTGAAATTAATTTATCAGACATAGATGATATTTCTATATTACCACCAAAAGAATTTTATCATGATAGATGGACAAAAGATATTTTTGCAAAATATACAGAGTATTTTAAGCCTTGTAAAAGAATAAAGATAAAATTAATAGATGGTAAAGAATATACTGTTTGTAATTATGTGAAAAAAAGAGAGTATAATAAAGTTTATAATGAAGCAGCAGAGGCAGTATTTCAGACAATTGCTAATAATATAAAAGATTTTATTCTTGAAGAAAAAGAAAATTATAGGTTTCAAAAAGAATTAGAAAATTTGGAAGAAAAATATAATCTACCATTAGAAGAAAGATATAATTTTATTTTAAATAAAATTATAGATGAGGAAATATTATTTGTAGCTAGAAAAGATGGTAACTATATTATCAATGGAATTTATGATGCAATAGAGTATTTAGAAATATTTAAAACTATCTATTTTGAAGAAATAGATTTCTATGTGTTTTATGTTAATTTATTATCTAAAAAAGAAAATCAAGATAAAAAAGTTTTAGTAGGTTTCAATGGAATTGATGGCAAAGAAGTAACTATATCAAAGTTAAAAGATGATATAAATAAGATTAGAGATAGCAAGAGTACATTTATTTAGGAAAAGAGGTGAAATATATGTTGCCAAATAGACTGATAATAACAAAGAAAAGTAAAAGAGAAGAAATATATAAAAAGTCTGAAAAGAAATGGATTATAGATTTTGAAGATAAAATAAAAAGTTGGAGTGATTTTTATGATATTGTTCAAAAAGAAATGGATTTCTGGAATTATAATGAAAAATTTAGAAAAGATGCTTATACATACAGAGATATTGTAGGTGACTTAATAGTCTTTGAAAAAATGAAAGAAAGAAAAAAAGAAGGAATGGTATTTATTCTTGATTATACAGAAGATTTTAAAAAAATTAAAGATTGTGATACAAAAGACTATGATAAAAGTACAATATATAATGATTTAGTATATAGTCTATTAGTAGAATGGTATAGAGATAATAGAATTATGTTTAAAGAATGGAATGCCTCAATAGATATTGAAATATATATTTTAATAGATGATGAGTTAATAAAAAATAAGGATATAAATTTTAATAATGAACTAATAATAGCTACTGAAAGTGACAGAAATGATGTAAGACAACAATATAAAAATTATGATAAAACAAAAATTCGTTTTTTTGACTATGATGAAATAAAAGATTTACCTAATATCTTTTTAGATAATAAAAGAGTATCAGAAGCTGAAAGGTTTATATTTTTTTATCAATTAGAGAAAATAAAAGCTAATAACTCAAAACAATTAAAAGTGGAGATATCAAATTCAATGGGAATATTTCATAGCCTTAGTATATATCTATTAGTTTACATAATAGATAAAATATTGATAGAAAAATTTATAGAAGAAAAAGAAATAAAAATGTTTATGATATTTGCTAATGAATTAGCAGAATGAATAGAAGTTTATAATTGGAGAATTTAAAAATAACATATCTTATGATGTTATGTTATAATATAGAGTAAAAAAATTAAAGAGGTGATAAAATGAAACCAATAGTTGCAATAGTTGGAAGACCAAATGTTGGAAAATCTACTCTTTTTAATAACTTGGTAGGAGATAAAATAGCGATAGTGGATGACCTGCCAGGAGTAACAAGAGATAGACTATATAGAGATACTGAATGGAGTGGTTCTGAATTTGTAATAGTTGACACAGGGGGATTAGAGCCAAGAAATAATGACTTTTTAATGGCAAAAATAAAAGAACAAGCAGAAGTTGCAATGAATGAAGCAGATGTTATTTTATTTGTTGTGGATGGTAAGTCAGGGCTTAATCCACTAGATGATGAAATAGCATATATATTAAGAAAGAAAAATAAACCTGTTATCCTATGTGTAAATAAAATAGATAACTTTTTTGAACAACAAGATGATATCTATGATTTCTATGGTTTAGGTTTTGAATATCTTGTGCCAATTTCTGGAGAACATAAAGTAAACTTAGGGGATATGTTAGATATAGTTGTGGATATTATTGGAAAGATGGATTTCCCAGAAGAAGATGAAGATGTTTTAAAATTGGCAGTAATAGGAAAACCAAATGCTGGGAAATCTTCTTTAGTAAATAAATTATCAGGAGAAGAAAGAACAATAGTTAGTGATATTGCAGGAACAACAAGAGATGCTATTGATACTTTAATTGAATACAAAGATAATAAATACATGATAATTGACACTGCAGGAATAAGAAGAAAATCAAAAGTTGAAGAAAGTTTAGAATATTATTCAGTATTAAGAGCATTAAAAGCTATAAAAAGAGCAGATGTTTGTATTTTAATGCTAGATGCTAAAGAAGGACTTACAGAACAAGATAAAAGAATTGCTGGGATTGCTCATGAGGAATTAAAACCTATAATTATTGTTATGAATAAATGGGACTTAGTAGAAAATAAAAATAACACTACTATGAAGAAGATGAAAGAAGAATTATATGCTGAACTACCATTTTTATCTTATGCTCCTATTGAATTTGTTTCAGCTTTGACAGGTCAAAGAACAACAAATCTTCTTGAAATATCAGATAGAATTTATGAAGAATACACAAAGAGAATTTCAACAGGACTATTAAATACTATATTAAAAGATGCAGTTTTAATGAATAACCCACCTACAAGAAAGGGTAGAGTAATTAAAATTAACTATGCAACTCAAGTTTCTGTTGCTCCACCAAGATTTGTTTTATTCTGCAACTATCCAGAGCTTATACATTTTTCTTATGCAAGGTATATTGAAAATAAATTTAGAGAAGCTTTTGGATTTGATGGAAGCCCGATAATGATAAGTTTTGAGAATAAAAGTTCAGACTAAAAAAATTTTTTAAAAAAAATTTAAAAATTTTTAAACTTTTTTATATAGGGTCTCGTCTAAAGGTTATAGATAATAAAATTTTT
NZ_CP022123.1_gap63	2278971	2282251	3280	AAATTGAAAAATTAGGAACAGGAAGTTTAAGACTTGCAGTTGTTAATGGAGATGTTGAAAAAGGAAGTTTCATGTCAGGGCAAGTTGCTGCTATGGTTAATGATGAAAGAACAACAAAAGAAATTTTAGAATTTTTAATGTATGATTTAAAACTTGAAACAGAAGTCTTAAAAAGAAGACTAGAAAATTGGGATATTTAAAAAAATTTTTTCTTAATATTTGCAATATTTTATATACTATGTTATACTTTTTTAAGGGTGAGTAATAAAAAATGATAATAAAAATTTGATATTAAACTTTTTTGTAGGTGAAGTTATATGAGCAACCATGTAATAATAAAAGGTAAAAATGATAGATTAGTAATTGCTTTAAATCCAGATATTGATTTTTTAGATATATGTGATATCCTAAAAACTAAAATATTAGAAGCTAAAAATTTTATTGGTAATAGTCGTATGGCTATTGAGTTTAGTGGTCGTGCTTTAACCAATGAAGAAGAAAATAAGTTGATAGGAATTATTACAGAGAATAGTAATATAGTGATATCTTATATATTTTCAAAAAGAACAGATTCTGAAGAAGAAATGGATTTAGAGAATATTAATCCATTAATTGAAGAGGGAAAAACCCACTTTTTTAGAGGAACATTGAGATCAGGTTCTAAAATAGAATCTGATGGTAATGTTGTTGTACTTGGAGATGTTAATCCATCTTCTATAATAAAAGCTAGAGGGAATGTTATAGTTCTTGGACATCTTAATGGTACTGTATATGCTGGTTTAGGTGGAGATGATAGAGCTTTTATAGGAGCTATTTATTTTAATCCTATTCAACTTACTATTGGTATGAAAACCATAACAGACATTCAAGATGAAATTTTAGATTCTTCAAGAGTTAATAAAAAAAGTAGATTTAAAGTAGCTCGTATTAGAAACCAAGAAATAGTTGTTGAGGAGTTGATATAGTATGGGAGCAAGAGTTATTGTGGTTACCTCTGGAAAAGGTGGAGTTGGAAAAACAACAACAACTGCAAACATAGGTGCTGGTCTTGCTGAAAAAGGTCATAAGGTTTTACTTATTGATACAGATATAGGACTTAGAAACCTAGATGTTGTAATGGGATTAGAAAACAGAATAGTCTATGATTTAGTAGATGTTATAGAAGAAAGATGTAGAATTAGTCAGGCATTTATAAAGGATAAAAGATGCCCTAATTTAGTGTTGTTGCCAGCAGCACAAATAAGGGATAAAAATGATGTTTCTCTTGAACAAATGAAAAACCTAGTAGATTCTTTAAAAGCAAGTTTTGATTATATTTTAATTGATTGCCCAGCAGGAATAGAACAAGGATTTAAAAATGCAATAGTTGCAGCAGATGAAGCAATAGTTGTTACAACACCAGAAGTTTCGGCTACAAGAGATGCAGACAGAATAATTGGTTTATTAGAAGCAACAGGAATAAAGGATCCAAAACTTATTATTAATAGAATAAGAATTGATATGGTAAAAGATAAAAATATGTTAAGTGTAGAAGATATACTTGATATATTAGCAATAAAGTTATTGGGAGTAATTCCTGATGATGAAGCTGTTGTAATTTCTACTAATAAAGGTGAACCCCTTGTCTATAAAAGTGATTCATTAGCAGCTAAAGCGTTTAAAAATATAGCTAGTAGAATAGAAGGAATAGATGTGCCACTATTAGACCTAGATATAAAGATGAGTCTATTGGACAAAATAAAATTTGTACTTAAAAGGTGATGGTTATGTTAGGAATGTTAGGTAATATATTTAAAAAAGAAAATTCAAAAGAAGATGCAAAAAATAGATTAAAGCTAGTTTTAATCCAAGACAGAGCAATGTTACCATCAGGTATGTTAGAAAGTATGAAAGATGATATACTACAAGTTTTATCTAAGTATGTTGAAATAGAGAAATCTAAACTAAATATTGAAGTATGTCCTTATGATGAAGATCCTAGAAAAATTGCATTAGTTGCAAATATTCCAATAGTTAGTCCAGCTAATAGAAGAAAATAACCTTTATATTTATAATGAAGTATGTTGAGAGAACTTTTTGAAGATTCAAAGAGTTCTTTTTATATTATAAAGATAAAAACTGCACCCTAAATCTTAAAAATTAAAGGTACAGTTTTTTAAAATATTATTTTACATATCCTTAGTTACAACAACATCAACACCAGTGTTAAATACATTTTTTATGACAATATCTCCTCTTTTTACAGGTGCAGTTAGCTCAATATTTTTTAATTCTTCCATCAATTTAAAATTTAATTCTTTTGGAATAGATTTTTCAGTTTTTACTGGACATCTCTTATCCAAAGCATTTTTTATTTTAACTGTTGAAGTAACTACTCTTTTTGGAGCAGTTAATTCTTCTTTACCATATACAGCACCTCTTGGACAGGCATTTCCTTTAACTTCATAAGTTTCTTTATTAACACTTATGTGACAACCAACAGGACAAACTATACATATCATTTCCTTTTCCATTATTTATCCTCCTCAACTACTTCTACAACAATTTTGTTTGCATCAATTTTTCCAAGTACAGTCTTAGATAGAGTTATTTTTTCCATTTCTCCTGGAGCCATATGATTTTTCTTAACTGAGTGTATTACAAAATCATTTGATTTAACTACTATCTTAACATTTTTATATATTTGTCTAACTCTCATAGAAAGTTCCAAATTCTTTTCTATATTTTCTATTCTAAATTTTTGTGGAACAGTATATCCTATTCCGTTTCCTGTTTGAACTTCAATATATTCTCCATCTGCAACTTCTCCTTTAATATACTTAGCTGCTGATTTACCTGCTTTTCTTGATTCAATACTTACAAAATCAACTAGGTCATGTACATGGACAACATTTCCAGAAGCAAATATACCTGGTATACTTGTTTCCATAAGTTCATTTACTATTGGTCCATTAGTTCTAGGGTCAATTTTAATTCCTGTTGCTCTTGAAATATCATTTTCAGGAATAAGTCCAACAGATAGAAGTAAAGTATCACATTCATATTCTATTTCAGTTCCTGGTATAGCTTTTTTATTTTCATCAACTTTAGCTATTATAACTTTTTCAACTCTATCTTTACCTATAATATCTACAACTGTGTGACTTAAATATAGTGGAATATCATAGTCATCTAAACATTGAACAATATTTCTCATAAGCCCACCTGAGAATGGCATAAGTTCAGCAACAGCTAAAACTTTTGCACCTTCAAGAGTAAGTCTTCTTGCCATAATAAGCCC
NZ_CP022123.1_gap64	2359263	2363732	4469	AATGAGTGAAGTAAAAAATATTGAAGCAGAATACCAAGCATTAATGCAAAAAGAAGCAGAAAGAAAAGAAGAGTTTAAACAAGAAAAAGAAACTCTTGAAAAAGAGGTACAAGAATTAAAAGAAAGACAACTAGGAAGAGAAGAACTTTATGCTAAATTAAAAGAAGATTCAAAAGTAAGATGGCATAGAGATGAGTACAAGAAGTTACTAAAAAGATTTGATGAATACTACAACAAGCTAGAACAAAAAATTGCTGACAAAGAACAACAAATAGCAGAATTAACAAAATTACTAGAAGTATTAAATTAATTGGGAGGAGAATATGAAAAAGTTTTTAAAGACTATTCTATTTTTGTGTGCAATATCATCACTTGCCTATGCAGAAGAAGCAACAGCAGTTGCAACAAGTAGTTCAGGAATGAGTGCAGAAGAACAAAAAGAAGCAATGGATATCTTAGACAGAATGAGAGAAAAGATAGAAAAAGAAGAAGCAGAAAAAGCAAAACTTGCAGCAGAAGCAAGAGAACTAGGGGTATCACCTAGCGAAGTAGCATCAATGGATAATGTAGAAGAATTGCTTGAAGCAAAAAGAGCTGAGGAAACAAAACCAAAGACAGAAGCAGAAAAATTAGAATTAACAAGAAAGAAAGCGCTAAATAAGTTAGATTTCTATGAAAGAGTAGTAAGAAGTGTAGCAAGAGAAGAAGCAGAAGTTGCAGGATACTATGAAATAATGGGGGAAGAAAAAGCTAGACCATCAATTATGGATGAACAAAAGGCAGAAGTTACAGAACAAGCAAGTCCAGCTGAAGTTCCACAAGAAGCAGCACCAGCAGAAGCAAATGCACAAGAAAAAGCGGTAGAACAAACAAAATAATAAAAAATATATAAAATACTAAGGGGGCAAAAGTGAAAAATAGAATATTATTTGGAACAATGTTAGCATTACTATTAGTAGGCTCAGTTTCATTTGCAGATGATGATGCAGATAAAAAGAGACTATTAGAAGAATATGACAAAATGCAAGCAGAAAAAGCAAAAGAAGCAGAAAGATTAGCAAAAGAAAATCCACAAGCAACAGAAACAACAGAAGTTGTAGGAGAAAATGGAGAAGTAGTTGTAACAGAAGGAGAAGAAGTTGCAGTTGCTCCAAAGAAAGCTGAAAAGGATATGACAGAAGCAGAAAGAATGGATGTAGAAGTTCAAAGAATCAAAAAAAGAATGATGGAAATAAATGACAAGATTGAAAACTACAATAAAACAAATGAAATGATAGACAACTTAGAAAAGAATGTTGGGGAATTAGAAAGAAAAGTAAATTACTAAAAAGGAGAGAAAGAATATGAAAAAATTAGCGATATTAGCATTAGGAGTACTATCATTAGTAGCATGTACAGATCAAAAAGTAGTAAACTACAATACAGCAAGATTAGATGTGATAGAAGATTACCTAAGAAATCATAAATATGTAAAACCTTCAGAAAACTTAGATAAATTAATAGAAGAAGGAAAAATAGAATATGCAGAAGAATATGTATCATTAGAAAAGGAGGCTAAACAATGGGAAAGAGAAAAAACTCAACAACAACAATAATAGTAATGTTGTTCTTATTAATATTTTCTTTACCAGCATTAGCAGCATTAACAACAACTCAAATGCGTGAAAATAGTATAAGAATAAATGCACTTGAATTAAAGAATATAGATATATTAAATTCAGAAGCACCAAAAGAAATGACAATAGTATTAGATGAAAGAGCATTAAATTTTGATTTTGATAAATCAAATGTAAAACCAGAATATTATGATTTATTAAAGAATATAAAAGAATTTGTAGAACAAAACAACTATGAAATAACAATAGTAGGACACACTGACTCAATAGGAAGTAATGCATATAACTTTAAACTTTCAAGAAGAAGAGCAGAAAGTGTAAAAGCTAAATTATTAGAATTTGGATTAACAGAAGATAGAATAGTAGGAATAGAAGCAATGGGAGAAGAACAACCAATAGCAACTAACGAAACAAAAGAAGGAAGAGCTCAAAACAGAAGAGTTGAATTCAAGTTAGTTCAAAGAGAAACTGTTCAAGGAACAATAGTCACTCCAGAAGCAAGTGAAAATAAATAGGGGGTTGAGATGGTAAATAATAATCTATATAAAGTAGAAAATACTTTACGTTCAATAGCAAAGAGATATAAGAGTGTAAAATATTCACTAGGTTTAGCAATATTATTCTTAATGATGGGGGTTAGTGCATTTTCAGAAGAAGTTGTAGCACAAGAAGCAGTAGCTCAACAAGAAGTAATGACAAATGAACAAATAGCTTCATCAAAAGATAATTTAAAAGATTCAATAGGTGGCTTAAAATCAAAAATAGATACAGCAAGAGCAGAAAATGAAAAAGGCTTAGCAGGTTTAAGATTAGAGTTAATACAATTGATGGAACAAGGAGATCAAGTAGTAAAATCACCTTGGATGTCATGGCAATTTGGAGCAAACTATATGTACAATAAATGGAATGGTACATATAAAGGTAGAGGAGATAAGGCTGAAAAATACCCTTATGAAGGTTTATTTACAAGAAGTACAAATGCTTTTGTAAGATCTGCTAATATACAAAATAAGGCACAACTTGAAACATTTAATAAGTTATTATCAGATATAGGAGAAACAAAATCAAATGGAGTATCAGCATTAAATACTGACTCAGCAAATGATGGTAAAGAATATGGACTATTAGAAAGAAAATTAATAGAAGAACAACCACATACAATACAAGTAAGTGCAGCAATTCGTCCAAGAAATATAGTAAAGACAGATGTACAATTAAATGTTACATTTAATGAAATAACAGCACCAAGACCAGGAGCAGAGTTATCAGCACCAAGTACACCAAGTGCACCAAATATTAATATACCATCATTTTCACCAGTTGCACCAAATGTTGAAGCTCCAATTATACCAGCACCACCAACATTTGCTGTAGTGCTAGGAGCAGATTGTAACCAAAATTGTGCAAGTAATGGAATTCCAAGACAACTTACACAAGCTAATTTTTTAAATAGTGGAGTAGGGAAAGATAATCATCAAAATCAAAGATTAGTTCTTCATTATACATGGAGTCATGGGATATTAGCAGAACAAAGATATGCTTTTAAAATGTATCGTGATGGAAATGGAATACATTCAGATTTCCCTGGTAGTTCAGAACTTAATGCAATAACTCATGATACTGCAACTGAAATCTATTTTAATTCTTATAATTTTGATAGAAATGGTGCTAATGAGTTTGCAAGTGGAGTACAAAATTCAATGGGAACAGATAAAAACCATCAGTATTTCTTTATTGGTGGATCAAGGTTTTGGGAAGTAGATAATTTTTTAGCTGGACATCCTAATTTTACTTTTAATGCAGGAAGAACTGTAAACTTAGGTGGAATATTATCATTAGGTATGGTTTCTCAAGAAAATGATGCAACTTTAACAAATAAAGGAACAATAACGGATGCAAAGGAAAAAGATGATCCTTGGATAAAAAATATGCCTTATGATGCTTCTGGAGCAGGAGTTGGTAAATATTTGACAATACATGGACCAACAGGTGATTACTATGTTTCTAGGAGCACAGATGGGTATGTTGGATATAAAGTAGGTATAGCACAAGTTGAAGAAAATAGTGTTGCTGGTTGGGGAGGAGCAGCATACGGTATAGCTAACGGACAATTATTATTGAATGAGGGAATCATAGATTTTAGAGGAGAGCGTTCAATAGGAATGTATGTTTACAGACCTCATCAAAGTACAAGTGGATATGATTTTGATTCAAGTTATGCCAAACTTCAAAATAAGGGAAAAATATTTTTATCTGGTAAGGAAAGTTATGGGATGAAATTTGCTTCAAATGCAGATAGTTCAGCTGAAATGACAAATGAAGCAGCTGGAGTTATAACTCTTAGAAAAAATCCAAATTCAACAAAAGGAGATTTAGCAGATAGAGCAGATAACTCAGCAGCTATGGCATTAATGGCAGATGCAAGTGTATCTAATAAAGTAAGTCTTGCTTCAGGAAAAGCAGTAAATAAAGGAAAAATTAATTTACAAGATAATATCTCAAATGCATTAGGAATGTTTGTAAATATTGATTCAGATATGACAAACCAAAATGAAATAAATATAAGTGCTCTAGCACAAAAAGATGGTAATGGTAAATATAAGCCAAATGTAGGAATGAGAGCAGATCAAGTTGAATCTCAATATTCAACAGCTGCAAGTTTTGATACAAAAGTTATTAATGATACAGCTGGAAAAATTAATATTACTGGACAAGCAGGATTAGGAATGTTTGCTAGTGGTAAACAAAATACTGGTACAGCACAAGCTGTAAATAGAGGTACAATAACTATTGATAAAAATACTGAAACAGCTGATGCTAAGAAATCAAAATTTAATTTTGGTATGTTATCTT
NZ_CP022123.1_gap65	2366744	2368498	1754	TAAATGAAGGTACTATAACTGTTGGTTATGAAAATTCAATAGGAATGTTTGCTTCTGGTATAGGTTCTACTGCTGAAAATAAAGGAAATATAGATATAACAGCTAAAAATGGAATAGGAATGTTCTTAGAAGCTGGAGCAAGAGGAATCAACAGAGGAAATATTACAATAGAAGCTGGTGCGGAAAAAGCAATAGGAGTTTATGCAACAGGTGAAGGAACAATATTTAAAAACTATGGAACAATAGAAATAAAAGCTAATAACTCAAAAGGAATTGTAACAGCGAATAAAGCTTCTGTAGAATCTGGAAGTATAGAACCAACAATAGCATCAGGAGTAACAGGAGCTAAAACAACACATGAAATAATTGGAACACAAGCAGGAAATAAAATGTTTGGTGATAAAGAGCTTGTAATAAAACAAGGAGCACTTTCTCCAACAGTTGTAAGACAAGGAAATCAAGTGTTAACACCAGATACAATTGATGTTAATGGAACAAATTTACAAGTAAGAAATTCTAATGGGATAGTTACAAATTTAAGTAATGCAGGAAGATTAGATCTAGGAGGAACAGCTTCAAGAATAGGAATGTATGTAGATACATCAGGAGTTAATTTCACTAATCCAATACAAGGTCTACAATATTTAAGTGGTTTAAAGAAAGCAGACTTAATAATAGGTGCAGAAGCAGCAGAGTATACAAATGCTAAGACTATAACAGTAGGAAAAAATATTTTAGCAAGGTATAATAAAGCGATAGAAAATACAAGTTTAGATGAATGGGGAATAATTTCAGGATCATTAACTTGGGCAGCAGCGCCTGGACAAATGGATGGAAGTGGAAAATTAATTAGTGTTATAATGACAAAGACAGATTATAAAGCATATGCAGGAAAAGATAATAATGCTTATAATTTCTTAGATGGATTAGAACAAAGATATGATAAGAATGCCCTTGATTCAAGAGAAAAGAAAGTATTTAATAAATTAAATGGAATAGGAAAGAATGAAAGAATCTTATTATCACAAGCTTTTGATGAAATGATGGGACACCAATATGCAAATGTACAACAAAGAGTACAAGCAACAGGAATAATCTTAGATAAAGAATTTAATTATTTAAGAGATGAATGGAGAACAGCTTCAAAAGATTCAAATAAGATAAAGACATTTGGAACTAAGGGAGAATATAAGACAAATACTGCAGGAGTTATAGACTATAAATACAATGCTTATGGAGTAGCTTATGTACATGAAAATGAAGATATTAAGTTAGGAAGAGGTATTGGATGGTATACAGGTATAGTTCAAAATACTATTAAGTTCAAAGATATTGGAAACTCAAAAGAAGAACAATTACAAGGTAAAGTTGGAATACTTAAATCAGTACCATTTGATGATAATAATAGCTTAAACTGGACTATATCAGGAGAGCTATCAGTAGGATATAATAAAATGCACAGAAAATTCTTAGTAGTAGATGAAGTATTTAATGCAAAAGCTAAATACTATAACTATGGAATAGGAATAAGAAATGAAATAGGAAAAGAAATTAGATTGAGTGAAGGCTTTACGTTAAGACCATATGGTGCATTAAAAGTAGAATATGGAAGAATTTCTAAGATAAGAGAAAAATCTGGAGAAGTTAAATTAGAAGTTAAGAGTAATGATTATATTTCTGTAAAACCAGAAATAGGAGCAGAATTAGCATTCAAACACTACTTTGGAGCTAAGACATTTAGAGCTGGTTTAGGG
NZ_CP022123.1_gap66	2386709	2391449	4740	CTTATGAGGGAGATATTAATATTACTGATAATTCTGAGCTGGTATATAAGATGTATGCAAGGAAACAAAATACGTATTTTGTAAATAAAGTATATCCAAATATAGATTTAGATTTTTTGGATACAAATATTATTCAAAGAGCTAAAGAAATGGCAAGAGTTAGAAATATAAATCATAGTTGGATAAATATGACTGATGAAGAAATGCTTAGAAGTGCTAATTTAATCCTTACAGATCCTGAAACAAATAAAGAAGGCTTAATATTAGCAGCTATTTTACTTTTTGGAAAAGATAATTCAATTATGTCAGTATTGCCACAACATAAAACAGATGCAATTTTTAGAGTAGAAAATAAAGATAGATATGATGATAGAGATGTTATTATTACTAATTTAATTGATAGTTACGATAGATTGATTCAATTTGGACAAAAACACTTAAATGACTTATTTGTATTAGATGGAATACAAAATGTAAATGCAAGGGATAGAATTTTAAGAGAAATTGTATCAAACACTTTAGCTCATAGAGATTATTCTAGTGGATTTCCTGCTAAAATGATTATTGATGAAGAGAAAATTCTAATAGAAAATAGTAACTTAGCTCATAGTATAGGAGAGTTAAATCTTTTTAAGTTTGAGCCATTTTCTAAAAATCCTCCTATATCAAAGGTATTTCGTGAAATTGGACTAGCTGATGAATTAGGGTCAGGAATGAGAAATACTTATAAATTTACAGAGCTATATTCAAATGAAAAACCAATATTTGAAGAGGGAAGTATTTTTAGAACAATAGTTCCTATTAGAAAAATAGCTACTAAAAAAGTGGGTATAAAAGATGTCGCTCAGGATGTCGCTCAGGATGTCGCTCAGGATGTCGCTCAAAAAAAAGAAGATATATTATCTATAATATTAGATGAAATAAAGAAAAATCCTAAGATTAGTAGGAAAAAAATTGCAGAAAAAGTTGGAGTGAGTGTTAAAACAATAGAAAGATATATAAAAGAAATTCAAAATTTAAAATTTATTGGAAGAGGAAGCAATGGTTATTGGAAACTTGAGGAATAATTTTATTTTTAGAAGATATGATATATAAAAAAATTTGTATAATCTTATCCAATATAAGAATAAATTAATTTGAGATATTGTAAAAGAGCAAGTAGAAGTAAAAACTTTAAAAGCTCTTTTTATTTTAGTTATAAAAAATAGAACTTAAAAAATAAAAAATCATTTATTTTTAGATAAAAAAATAAAATAATATAGAACTTTATTTTAGAAAATTTGTTTTATTGTGCAATTTTTCATATGGTGGTATAATCCTTATCAATTCAATAAGGAATGGGGATAGAAAAATGGATTGGGAATTTATAGCAAAGTACACACCAGAGTTTGTACATGCTGGAATACTGACATTAAAAATAGGTGGAATAGGAATAATACTTTCAATTATAGTTGGAATTTTAGGAAGTTGGATTTTATATGAAAACTTCAAATTCTTTAAACAGATTATAATTGGATATATAGAACTAAGTAGAAATACACCTCTTCTTGTTCAATTATTCTTTTTATACTTTGGGCTACCAAAAGTTGGTTTAAGATTTAGTCCAGAGGCTTGTGGAATAATTGGTTTAACATTTTTAGGTGGAAGTTATATAATAGAAACTTTTCGTAGTGCACTAGAAACAATAGATAAAATTCAAAAAGAATCAGCTTTAAGTTTGGGTATGACTAAATGGCAAACAATGAGATATGTCATTTTACCTCAATCATTTGTTATAAGCTTACCAGGACTTACTGCAAATATTATATTTTTGTTAAAAGAAACTTCTGTATTCAGTGCAATATCTTTGATGGATATGATGTTTGTAACGAGAGATTTAATAGGACTTTATTATAAAACAGAAGAATCTTTATTTATGCTTGTAGTAGGATATTTAATAATATTATTGCCTCTTTCATTATTAGGAGTATGGCTAGAAAGGAAGTTAAAATATGTTGGATACAGTAATTGATTTATTATCAATGGGGACAAATTTTGAAAGACTTCTATATGGCTTATGGGTAACAATAAAATTAAGTTTGATATCAGCTATATTTTCAATAATTTTTGGAATATTATTTGGGCTTTTTATGGTAATAAAAAATCCTATAACAAAAATAATTTCACAAATATATTTACAGGCAATAAGAATAATGCCACCTCTTGTATTACTTTTTATAGCATATTTTGGAGTTACAAGAATGTATGGTATCCATATTTCAGCTGAAACAAGTGCAATAATAGTATTTACTATTTGGGGAACTGCTGAAATGGGAGATTTGGTAAGAGGTGCTATTGAAAGCATACCTAAAAGCCAAATAGAAAGTGCAACAGCATTAGCTTTAAATAAAAAACAAATATATCTATATGTAATTATTCCTCAAATTATAAGAAGACTTATACCTTTATCAGTGAATCTAATAACTAGAATGATAAAAACTACAAGTTTAGTTGTATTAATAGGAATAGTTGAAGTTTTAAAAGTTGGACAACAAATAATAGACACAAATAGATTTCAATATCCAAATGGAGCAATATGGATATATGGAGTAATATTCTTATTATATTTCTTGTCTTGTTGGCCATTATCAATATTAGCGAAATTTTTAGAAAAGAGATGGAGTAAAATATGAAACAGTTTGATAAAGTGGTTCTCTCTGCCAAAGATGTTATAAAAAATTATCAAGAACTTGAAGTTTTAAAAGGCATAAATTTAGATATACATCAGGGAGAAGTAGTTGTAATAATTGGAGCTTCTGGTTGTGGGAAAAGTACATTTTTAAGATGTTTAAATGGCTTAGAAGATATTCAAGGTGGAGATATAATCTTAGATAATGAAATAAAATTTTCAGATACTAAAAATGATATGACAAAGATTAGACAAAAAATTGGAATGGTTTTTCAAAGTTATGAATTATTTCCACATTTAACAATCTTGGATAATATCTTATTAGCACCAATAAAGGTACAAAGGAGAAATAAAGAAGAAGTAAAGCAGCAAGCATTAAAATTACTTGAAAGAGTTAATTTACTAGATAAACAAAATTCTTATCCAAGGCAGTTATCAGGTGGACAAAAGCAAAGAGTTGCAATAGTTAGAGCACTGTGTATGAACCCAGAAATAATGTTATTTGATGAGGTTACAGCTGCACTTGATCCTGAAATGGTAAGAGAAGTTTTAGATGTAATGCTTGAACTTGCAAGAGATGGAATGACAATGGTAATAGTAACTCATGAAATGCAATTTGCAAGAGCAGTTGCAGATAGAGTTATATTTATGGATAATGGAAATATAGCAGAACAAGGAGAGGCAGAAGAATTTTTCTCTAATCCAAAAACAGAAAGGGCACAAAAGTTTTTAAATACATTTAGTTTTAAAAAGTAAAATAGTTCGTTGCTAACCAGATTTCTTAACGGATAAAAATTAAGAATTCGCTGCAAATTCGCTAAACTCACTTCGTTCAGACACAGCGAAATTTGCTTGGCTCATTCTGTTTAATTTTTATCCTAAAATCTGGAATGCAACTCACTTATTTTAATTTTTATAAAAATTTTTTTAAGGAAAGTTTAGGAGGGTATAAAATGAAAATTTGGAAAAAGATTTTAAAATTAGCAACAGTTGGGGTAGCAGTATTTGCATTAGCTGCTTGTGGGAATAAAACAGAAGAAACTAAACCAGAAGCACAAGCACCTGCACAAGAAACTACTGCTAAGGCAAGAACAGTTCAAGAAATTAAAGATAGTGGTGTTATTAGAATAGGAGTATTTACAGATAAAGCACCTTTTGGTTATATTGATGAAAATGGAAAAAATCAAGGATATGATGTTTATTTCACAGATCGTTTAGCAAAAGATTTAGGAGTAAAAGTTGAATATATTTCTCTTGATCCTGCAAGCCGTGTTGAATATGCAGAAACAGCAAAAGCTGATATAGTTGCTGCAAACTTTACAGTTACACCTGAAAGAGCAGAAAAGGTTGATTTTAGTTTACCATATATGAAAGTATCATTAGGAGTTGTTTCTCCTGATAAAGCAGTTATTAAAAGTATTGATGAATTAAAAGACAAGACTTTAATAGTAAGTAAAGGAACTACTGCTGAATATTATTTCTCTAAGAATCACCCAGAAATAAAATTACAAAAATATGATTCTTATGCAGACGCTTATAATGCTTTATTAGATGGTAGAGGAGATGCTTTCTCAACTGATAACACAGAAGTTTTGGCTTGGGCAAAAGCAAATCCTGGATTTACAGTTGGTATTGATTCATTAGGAGATGTTGATACAATAGCTGTTGCAGTTCAAAAAGGAAATAAAGATTTATTAGATTGGATAAATAATGAAATCAAAGAATTAGGAAAAGAAAATTTCTTCCATGAAGCATATAAAGCAACTCTTGAACCAATTTATGGAGATTCTGCTGATCCAGATTCAATAGTTATTGAAGGTGGACAATTATAAGAATAATTTAATAAAATAATAAAAAATGCTATTACAAAATTAACTGTAATAGCATTTTTTCTAATTAATCTAAATTTATATAATGAGTTGAACCAGAATCAGTTTCAGAAGTAGCTTCTATTTCTTCTGTTGTTGGACTTCCAGAATCTAAATCAGGCATTTGAGTAGATGGAGCAGAGTATTCACTAGAACCATTAGAGCTTCCACCATTTTTTTCATATTTTACTATAATATCTACTA
NZ_CP022123.1_gap67	2515727	2517425	1698	TAGCAGTAGTAATCCCATCTCTTATAACTTGGAAAGGCTCAACATTAGTCAATGACATTAAAGGTGAAAACTGGCTTTATACAGCAGCATATAGAAAAAGTTTAGGACACAAAGTTTTTAGATTTGAAGCAACAGCTGATGGGGTAGAAAAAGTGTCTTGCCATTATAATCCCATGGTAGAAATAAGAAGAGGAACTGTTTATGAGTATCAAGATGCTAAAAATATTGCTTTGGCTATTGTGTCTCCTGATAGAACTAAAGATCCTTTCTTTGCTCCTTCAGCAGGAGTTTATTTAACAGCAGTAATACTACATGTCTTGTACATGGTAAAGAACAGAATAGCTAATTTAGCTGATGTATACAATTTTATAACCTCACCACAATTTTCAGAAGATCAAAAGTTACAACAAATGATAAATTCTGAACATAATAGTGATGGACCAGAAGATTTATTTTATAAAATCTATAATGATATTACTATTTTAAAGACAGGAGAAGAACTTCCAAGGACACATCCTTCTGTTTCAAAAATTGGAGCAGAAATGGCTGATAGAGCTGATAAAGAAAGATCAGGAATAATAGGTTGTGCAAAAATAGATTTAGAAGCCTTTATTATCCCTACAATAGCAAGAAATACTGCTTATTCTGACTTTAGAATTACTGATTTAATGAATAGTGAAGTTCCAATGGATTTATACTTTGTAACAGCTCCTAATTCAGTTGATATAACAGCAGTACTTTTAAAATTATTCTTAACTCAAATTCTATATATTTTAACAGATAGTATGGAATTAAATAAAAAAGGTGAAAATATTGCATTTAAACATAAACTTTTACTTTTATTAGATGAGTTAACAGCTATTGGAAAAGTTGATATGCTTCACAAATCAGTATCATGGATAAGAGGTTGGGGAATGAAAGCACTTGTAGTTATTCAAGATATGAAACAGTTAAAAGAAGTATATGGAGAAAATAACTCTTTCTTAGGAAATATGTCTACAACACTTTATTATACAACAAATGATGTAGACACAGCAAAATATGTTCAAACAAGATTAGGAAATAAGACTGAAAAAATTATAACTAAATCTTATTCACAGGGACTTTTCTTTAGAAAAGTAAACTATACAGAAAGTTATGTAGGAAGACCTCTTATGAGAGCAGAAGAAGTACATACTATGGACGAAAAAGAAGTTATTATATTATCAGCAGGAAAAAATCCTATTCGTGGTAAACAAGCTAGATGGTATGAGTTTAATGAATTTAAGAATAGACTTGCTAGAGAAACATATTTTACAAAAGCAACTTCTTCAGATGTAATAAAAGAATATAAAAAATGGGAAGACCTAAAAACTAAGTGACACATGTGTCACTTAGTTCAAAAATAAAAATATTAAGAACCATTAATAAAGAAATATTTTATCTTAAGACACAATTAAAAAACATAAAAAAATAAAAAGATAAAAAAGTAAGTGACACATGTGTCACTTAGTTTAGGAGAGTGATTATGAGTAAGAAGAAGAAAACCTATGACCAAAAAATTGAAGAGTATACAGAAAAATTGAAAATAGCTCAAAGAGAAAAAAAAGAATTTATTGAAAAAAAAGGTAGACAACTGTGGACTAAATTAAAAACACCATTTATGGAAAAAGAAAAAGCTATAGAAATTTTATTAGTAGATAAAGATAAACTAAATAT
NZ_CP022123.1_gap68	2519702	2521394	1692	TTAATAGAACTGATATTGAATATATATGGGGCAGTAGATATATCATGCTTGAGAAAATAACCATAAAAAAGATTTTAGACAAATATTACAATAAATGGTGGGCAGCAAGATTATCATTTAAAGACATGTTTATAGAATTTTTTTCTAAAAACGAAACTACAAATCCTAATCAAAGTGCTATGAATGCTGCTATTGAAGTTAGAGATGAAAAAACAAAATTAGATGAAGACAGAGATATTGTTGGATATTATACTACTACTGTAATTCTAAAAAATAAAAATAGAGATATTGTAGAAAGACAAGCTCAAGAGGTTAGAACATTGCTTTCTTCCTTAGGATTTGTTGTACAAATTGAGGATTTTTATACTTTAGATTGTTGGCTAGGAGTTATGCCTGGTAATAATTATTTCAATGAAAGAAGACCTTTTATGAATTCTAAGGTACTTTCACATATGTTACCGATCAATTCTGTTTGGGCAGGAAATAAATGGAATAAACATTTAGATACACCTCCTCTTCTTTATTGTCAAACAACAGGAAATACTCCTTTTAGATTGAATTTACATTATACTGATGTTGGTCACACTCTTATAGTTGGACCAACAGGTTCAGGAAAATCAGTTTTATTAGGAACAATACAAGGTGCTTTTTTAGGTTATAAAAATGCAAAAGTTATTGGCTTTGACAAAGGAGCTTCAACAAAGGTATTAAATAGAGCTTATGGAGGACTTTTCTATGATTTAGGAAAGGATAATATAAGATTTCAACCTTTAAGAGGAGTAGGAATATTACAAACAAATATAGATATAGAGTTTGAAAAAATAAAAAAGAATAATAGAAATTTAAGTGATGAAACAATAAGAAAAAAAGCTGAAGAAATTGAAAAGAAGAGAAGTGATATAGAAAAAGAATGGTGTCAAGAATTTATTGAAAATTTACTTGAAGACAATCTTGTTCAAATTACCCCAGAGATAAGGCAATATATTTGGAATGGGCTTGTATCTTTAGGATCTTTATCACCAGAGATGAGGACTTTATCTTCATTTTCAAACTTAGTTGGCGGTCAATCAAAAACTATTAAAGATGCCTTAGCTCAATATTGTGGAAAAGGTCCTTATGCAAAGTATTTTGATGGTAATTCAGACTTTTTAGAAAACAATAACTATACAATCTTTGAAATGGAGCAAATAGCTGAAGCTAAAAATGCTATTACACCAGCATTGAATTATTTATTCCATAAAATAGAAACAGATATGATAGATAAAATTAGTCCAACTTTAATTACATTAGATGAATCATGGTTGTTTTTGGATAATCCAAGATTTGAAAGTAAAATTAGAGAATGGCTAAAAGTTATGAGAAAAAATAATGTGTCTGTTGTATTCGCAACTCAATCGTTAGCTGATATAGCTGAAAGTAAAATAAAAAGTGCAATATTGGATGCTTGTTATACAAGAATTTATCTTCCAAATACAACAGCATTATCAGAAGTACAAAAGGGTTATTATAAGATGTTTGACTTAAATGATAGAGAAATTGAAATAATATATCAATCAATTCCAAAAAAACATTATTATTTTAAGAATCCACAAGGTTCAAGACTGTTTGAATTAGCCTTATCTCCATTAGAATTAGCTTATGTAGCAGCTTCATCTGGAGAAGATAAAGAAAAATGTGATGAATTGGCAGAGC
