gap_id	start	end	length	sequence
NZ_CP011060.1_gap1	1426	3507	2081	AAAAACACCTTCCCTTTGTATCCCATCAACAAATGCCTCCACCATAAGACCAATATTATAAGATGAATACCCAAAAGTTCTGCTACCTAAAGGACTATCGGGAGCAAATTTAGTATCTGCTACAGGTGCCATATTTAAATTAATGCCAAGGCGTCTAAGCTGTTTTCCAAGAATTTCCCCAATCTTATATGCAAGCTGAGCATCTCCGGTCCTACCAACAAATTCCATGGCAGGAAAATTATAAACACCCAATTTCTTATTCTCACTAGCTCTACTAACTAGTCCCCCTTCTTCATCAACAGCAATCAAAATGTCAGGGCCAAGATATTTCTTCACCCCCTCAATCAACTCTCTAGTTTGTCGAGCATCCTTGAAATTTTCCCTAAATAAAATAATTCCTAATGGATTTACCTTTTCTCTTATTTTATTAAGTTCATCTCTACTAAGTGCTTGCACAGCACTAGGATTGGTGACATTCCTAATGCCAATAAACAAACAACGTTCTCTCAAAATATTTTTAAAGTCAACTCTTCCTAAAAATTCATCAATATCTACGAGATCAAATTTATCATTTTCAAAATAATCATAATCTATTTCGGGGATGGCTCCTAGTAAAACCAAACTCGAAAATAAAAGTCCAAATAACACAAATCTAAACATCCCATTTACCTCTCCTAAATACCAAATCATATTTATTCTTCAACGCATTATTAAGAGCATTATTTAAATATTTAGCAATATCAAATAGATCATCTGCAAATTTATCATTCATGTAATTACTCATAATAAGCGTATCAACAAACAATTTTGCAGGCAGAAACCTATCTCCTCTATTAACCTCAAAAATCAATGGATTATCTACCATTCTTACAACTTCCCAGGTTATTTGCTCAATTGCAGTATATTTACCAAACTCTTTATCCTGTTCAATAATCCTTATAGGCATATCTGATATTATTCTACCTATATTTTCTATCAAATATTCTAAATTAAAAAGTCCTGTAGCACAATTAAACAAAATCTTATTCCCACTACATTCAGCTTTTAGTACAGTTTCTTTAGAAATAGCACTACCAATATCAACACATGTTAATGAATTGTCATCATCTAAGACTAAAACTCCTCCCTTTGTATCTAGTGGGGTTTTAACACTAAATTCAAAGCCAGCAGAACTGTTAGTTATAGCCATTATGGCAAGAGTCTTTAAGTTGACAGTAAAACCAATATTATCAACATTCCCAATATACACAAATCTTTTTCCGGAATTATAAAGTTTAAAATAAATATCTTTTAAAACTTTAAAATTTTGACCATGGCCAGCAGGTAACGCCAAAAGAGTTTCCTCTCCGCTATTGTCATAGGTAAAATACTCATATTGACCATCATTTAATTTCTTATAGCAATAAACCAACGGCTGAATAGCTGTAAAAATATCTGTCTTTTGCAAACCACAACAATTTAAATCTTCAATCAAATTATCATCAAAAATATTATCTAAAAAACTAGAAATTAATTCATAAGTCTTAAAACTTGTCATTTGAAAAATTGAAGGCTTAATACTCTTACCATAAAGTTCATAATATCTCTTAGAAAGCATTAAAAGGTGTCGGATTTTTAATGCTAAGAATGAAAATCCATAACTACCATCTTTGTTAACATATGCGGGTATTATTCCCTTTGGCAAATTCCCAAAAGACTCCTTAGCTTCAAATATTTTATTTGCATATAAAAGATATAATTCCTCATTAAAATCATTATTTTTAAGTATATCGAAATAACTAGTTGCAGAACCTCCATTCAAAATACCAAATGAAAGATAAGGATAAAGCAATAAACCTAGTCTTTCAAGCTCATCGCCAGTAAAAACATAAAAATCGCCTTCTGATGAAAATAAAAATTTTGTAAAATCATCAATATATTTTTTCAAATTATGCTCAACAAGTTCTTTCTTAAATTTTAATTTAACAGGATGATCAACAAGACTTAAAATACTGCTATGACTCTCATTGGGAAAATTTTTAAAAGACTTGCTTAAAACTTTAAGTTTATGCATATTAAGCATATCAAGCATTTTTTTAGAA
NZ_CP011060.1_gap2	5707	7492	1785	CTTCTCTCTCTAATTGGCATTAAAAATTGGTTTAAAACCTCAAAAAGTCTCTCTTTAACTTCAACATCTCCAACTGTACCTTTTTTATATCTAGTCTTAAGCTCACAAAGCTCATCAATATTACTATTAAAAAGATCATGATAAATAAAAACAGGATTACCATCAACTTTTCCTGGTATATCTGCTCTTACCCTTTTTGGATCTGTAAACATAGACATAACCTTCTTGCGCAATAATTTCTCATCATCACTTAAAAATATTGCATTACCAAGACTTTTGCTCATCTTAGCCTTCCCATCAATTCCCACAAGAGCCTGGGAATCTGTAAAGATAGCTTCAGGAATTGGAAAAAAATTCTCTCCATAAAGATAATTGAATTTCCTAGCAAGTTCTCTTGTAAGTTCAACATGGGCTTCATTATCACGTCCAACTGGAACTAAATTAGCCTTTGCCATCAAAATATCTGAACTCATAAGAACAGGATAACCTAAAAGTCCATAAGGAACCTCAGATAGTCCAGCTGCAACACTCATGTCCTTTATACTAGGAATCCTTTGCAAACGATTAACCATAACAATCATTGAGAGTATTAAATTTAACTCTAAAAGCTCAGGTATAGCTGATTGCAAATAAATATTAACTTTCTCAGGATTAATTCCACAAGCTAGATAATCCAAGACCATTTCTCTAACATTAACAGGTATTTCACTAATGCTCTTTAAATCTGGCTTTGTAGTAAGAGTATGCAAATCTGCTATAATAATATAAGTCTCATATTCTTCCTGATACTTTAATCTATTCACAATAGAACCGACATAATGCCCCAAATGAAGAGAGCCTGTAGGCCTGTCTCCTGTAAGCATAACTTTCTTCTGCAAATTTAACTCTCCTTATTCCCTACATTATCAACACTTAAGATCTTTGAACCACTTAAAAACACAGAAAAAGGCTTTAAACATTCTATATTATCTACTATTACTTTTATAATAACTGTAAAAGGATAGGCTATTAAAAGCCCCACAATACCCCAAAGCCATCCCCAAAAGAAAAGAAAACAAAGCAGTAAAAAAGGAGAGAGATCAAGCCTATGTCCTTGCATCTTAGGCTCAAGAATATTCCCAATCAACATTTGAACAAAAGTATTATATATAAATATATAAAGCACCAAATCTAAATTAGGATAAAACTGCACTAAAGCGGCTATCACAATAAAAAAAACTGCTAATATTGAACCTATACTTGGAATAAAATTGAACACAAATGTAAGCACGGCCCATACACGAGGAAAATCTTGTCCAAATAACTTCAAACCTATAAACACTAAAAACCCTGTAAGAAAACTAACAAAGACCTTTATTCCCAGATATTTACTAATTTGATTATTTATCGTACTTAAAGCCTCAATAAACATACTCGAAACAGACGCCCTAAAAGCATTCTTAACCTTTATGGCAAAAATATGTATTTCTGATAATAAAAAATACAACAATAAAAATAACACCACCAAACTACTTGCAAATCCAATAATCTCATTAGATATCCGTGTTAAAAAAGGATATATATATTTAGAAAAATCTATATTGCTAATAATAGCACTATCCAACTTATATTTCTCAAGAATATCTACCATAATAAAAATTAACTGTTTTTGATAATAAGGCAATTGCTCAATTAAAATTGTAACACTATAATAAACAAAACTAAACACTAAATAAGAAAATAAAAAAAGAACAAAAAAAATCACAAAAACTATTAAAACCCTTGGTATCTTGAGTTTCTTAAGAA
NZ_CP011060.1_gap3	9249	12950	3701	CTTTACATGATGGAGCAGTCATAATTAGCAATAATAAAATAATTTATGCTGGTTCTTTTCTACCACTATCTAATGTCGAATCTATCAGCAAAACCTTTGGAACAAGACACAGAGCAGGTCTTGGGATTTCTGAAAGTTCAGATGCAATAACAATAATAACATCCGAGGAAACTGGTTCTATTTCACTCACACAAAATGGAAAATTAGAATATAATTTAAGCTTAAATGAAATCAAAAAAAAACTAAATCTTGCATTAATAGAATGAAGAATGATTATAACTAAAAAACTTATACGTATAATGAAATTATTATTTGAAGATTGGCACAATAAAGCTATATCTATCCTAATAGCCATTATTATGTTCACGACATTTTACTTTAATAGTATAGAATCAATTACAATAGAAAAAAAATTCAATATTTTATTAGAAGATGAAGTTACACTAGGCAAAATGCCTGACATTAACAAAATATTACTTACAGTCAAAATTAATAAAAAAGACTTAAAATATTTAGACCTCGATCGAATAGCTCTATTAGTTGAAGCTAATAACATAAAAGAAGCAGGGAAATACGAACTACCAATAAAGATCAAAAATTTTAATCCCATACCTATTGTGGAATATAAGCTTTCAAAAAACAAAATTGTACTAACCTTAGACAAAAAAATTTCAAAATTAGTTAAAGTTGAACCTAAATTTAAACTACTTGAAAAAGAGGGTAAAGGAGAATATTTCATTGCTAAATATAATATAGTGCCTGAAAAATTAACAATACATGGTCCTGAAAAAGTTATCAAAACAATAAACTCAATCAAAACCAAAATAAAAGAATTTGATATAAGCACTGTATTTATTTCAGAACATCTTGAAGTAATTTCTCCAGACCCACTCATAACACTTGACAAAAACCACGTAATAGTCAACATTACGCTAGGTAAAAAATATATACAGACAACAATAAAAAATCCTAATTTAATTTTCAATAACTTAAAAGATGGACTTGAAATAAAAAATCAAGAAAAAATCTTAGACCCAGAAAATGAGACGTTTATTAAGATAAGAAGCGGACTCTCAGAGAAGATAATTAAAATGCATATAGCTAACAAAGATATTAATCTCACTCTCGATTTAAGTCAAATTGAAATTCCTGGTATTTACAATGTCAACACAGACATAATACTTAAAAATAATGCTCATGGTATAGAAGTGTATGAATATGAACCCAAAACAATAAGGGTCGAAATAATCTCAACCGAGCAATAAAATGACAAAATCAATAGGATGTGATATAATAAAGGTCACAAGATTTAATAGTTTTTTACAAAATAGAAAAAAATTAGATAGATTTTTTACACAAAGAGAAATTGAAAACTTAGAAATGAAAGGGAAAGGGATTTTAGAAAGTCTAGCTGGTAAGTTTTCAGCAAAGGAAGCATTAATCAAGGCGCTAAGCCCACTAATAAATACCAAAATAAAATATTCACTTAAAGATATTGAAATAATTGCTTTGCCAAAGGGTAACATAATATTCCAATTACATAACGATATCAAAGTCTTGATTGAACAAATGGATCTAAAATTATATTTGACAATTTCACATGAAAGGGAGTATGCTATTGCATTTGTAATAGTAGAAGATTAATTTATGAGTAAGATATCATATTTTACAAAATACGAAATTGAATGTCCTTTATGCAAATACAAATTTAGGAAAGAAGAACTATTAACAGGAAGCGGCCGACTAATATCTGGAGAGCTAAAAGTTGATTTAAAGAGAGAGTATATAAAAAATGAAAAATATGGCAATATCTACCCCAGGATATATTCAATAACAGTATGTCCTAATTGTTATCTGGCTGCTTTCCCAAACGAGTTTAATGCAATAGAAGTTGTTAATAATAAAATAAAACAACTTCTAATAGGCAGCACTGATGAACGTAAAGAAATAAAATCAATTTTCAAAGATAACCTAAACTTTGATGAACCAAGAAGACTTCAGGAAGGAGCTGCTAGTTATATCCTTGCCATAATGTGCTATGAACACCTGGATAAAAACCATAATCCAACTCTAAATCAAGCAAAATGTGCAATAAGATCAGCCTGGGTATTTGAAGATCTAGACAAGGAACACCCAAACCAAAATTATAACTATTTGCAAAAAATATTTTATCATAAAGCAGCATATCTTTATAAACTAACAATTGAAAAAGAGCAAGACAATTCAGAGCCAATTAATGCCGAAACAGTGTTTGGTCCTGATACAGATAAAAATTACGGATACGACAGTGTTTTATACCTATCAAGTCTGCTAGAATATTTTTATGGTAATAAAGAAGATAAACAATACAGATACAATCAACTAGCCGACATAAAAACTCTACTTTCTAAAATAGCCGGAATGGGAAAATCATCAAAAGAAAAACCTTCAATACTTTTGGATAAAATAAAAGAAGTTTATTTTAAAATCTCAAACGAAATAAAAACTTTCAAATAAATGAAAAAAATACTTGCAGAAATAGCATATGATGGTTCGCTATACTATGGATTTCAAATCCAACCAACAAAACCAACAATTCAAGGAGAAATTGAAAAGGCATTAGAGAAAATAAGTAAAACAAAGGTTAAAGTCCATTCAGCAGGCAGAACAGACAAAGGAGTTCATGCAAGAGGACAAATAATATCTTTTTATATAAGAATAAATATTAAACTTAAAAATCTAAAGACAGCAATAAATTCTCTCTTAAGAAAAGATATTAGAATAATAAAATTAAAATATGTAGCAGATGAATTTCAACCTAGGTTTAATGCCAAGAGAAGAAAGTATAGCTATTACATACTCAACAATGAAAACCATTACCCTTGGGAAGGGTATCAAGCTTATTATGTAAAGAAAAAACTAAATATTAACAGACTAAATGAAATGGCTAAAATGCTAATTGGAATACACGATTTTACTACCTTTTCATGCATAAAAGATCAGACAAACTCAAAATTAAAAAAAATTTACTTTGCTAGATTTAAGAAAAAAAATAAGCTTATAATCTTTGAAATCATAGGCTCCTCATTTTTATGGAAAATGGTAAGATCAATAGTAGGGACAATAATTGATATAGAGATAAAAAATGAACCTGTTTACACTTTTAAAAAAATTTTAAACTCAAAAAACAGAAAATTTACAAGAACAACAGCACCTGCAAAAGCTTTATTTTTAGATAAGGTGTTTTATGAATAAAAGCAAACTGCTTAAAAAATTGATACTTCTCAAAATACTTGAAAATAATATATCGGGAAATATTTATAGCAAACAAGAAGAGCTTAAAAAACTCAAAAATAAAATAATAAAATCTAGAAACATAGAAATTCTAAAACATACAGAACAAAAAGATATAAAAGAAAATAATAGCCTCACAAAATCAATAGAATATAAAATAAACAAAAATGACAAAAAAGATTTATTAATAGTATATATAGACAAAAAATATTTAAATCAAAATACAGAGATAATAGTAAAAAAATGGTGTGAGAGTATTAACATATTTAATTATAAAATAATAGACAACTCTAATGCTCTAACCTTAGAGATCAAGAATCAACAACCTAAAGCAATTCTTGCTTGTGAAGAAGTAGAATTATTCTTAAATCAAAACTTAAGAATTCAAATTGTGAGAGGATTTGAATTAAACTTTAAAGGAATTCCAA
NZ_CP011060.1_gap4	48659	50272	1613	AATGCAGCCTTAACACATTTATATTTAATTATATCTATCCATTTTGAAGCACCAAGAACAACACCTGGATTTAAAGTATATTTATTATTAGTCTCAATAATATGAATATTACTAAGTCCCAAAATTTCAATTGTACGCATTGTAGCACTTGCATTTTGAGGTTGGAAAATATCTTCAAGAACAAGTGTTAAATAATTTGTTCGATTATTTAGCACTTCATTTATTCTCTCTCGCCTTTTCTGAGTGATAAATTCAGACAGAATTGCTATTCTCTTAAATGTATCATCGCTCACAAAATATAATTTTAGATAAAAAACCAATAAAATCCAATTAAAATGTTAAAAAATAAATTATTTTTTATATAATATTAAAAGTGGAAGTAAAAATCGAAGAATCTTGGAAAGAAATATTAAAAGCTGAATTTTGCAAAGGATATTTCAAAAGACTTGTAAATTTCATAAAAAATGAATATAAAACTAAAAAGGGTAAAATATTTCCACCTCCAAAGTTAATATTCAATGCATTTGATTCTTTGCCATTTAAAGACATAAAAGTAGTAATACTCGGGCAAGATCCGTATCATGGTAAAAGACAGGCTAATGGTTTAGCCTTTTCTGTTAATTCAGATATCAAAATACCTCCATCACTACAAAATATTTTTAAAGAAATAGAGAGAAGTTTAAAAATTCAAACTATTCCAAACGGAGACCTAACACGATGGGCAACGCAAGGCGTATTTTTACTAAATTCAATATTAACAGTAGAAGAAAGCCGTCCATCATCTCACAAAGACATTGGTTGGGAAATTTTTACAAACGAAGTAATAAAAATTATTTCAAAAAACCTAAATAATATTGTGTTTATGTTATGGGGTAATTTTGCAAGAGGAAAAAAAGAATTGATAGATGCATCAAGACATTTAATTCTTGAAACAAGTCATCCATCCCCTTATTCCGTACATAATGGCTTTTTAGGATCAAATCACTTTAGTCAAGCTTTAAGATATCTAAAAGAACACAATAAAAGTCCAATAGACTTTCAATAACGCCGACTTGCCTAATAACGCATCAAGCAAGTCATTTAATTATTTTTCTTTATCTGAAGTATCCTCATCAAGAGTATCTTTATCTTGCTTTATGTCATCGTTCCAAAATGTTGAACTTTTTTCATCTATCTTAACATCTCTTAACAAACTATTATCAACTCTTTTGGTATTAATAAAAGACAATGCAATCACAAAAATAAAAAAAAGCGTAATAAAAAATGCTGTAATTCTTATCGCAATATTTGAAGATTTTGCCCCAAAAATAGAAGAACTACCACCTCCAAACACCCCTCCAATACCATCACCTTGTTCATCTTGAAATAACACTAACAAGATAATCATAAATGAAGTAATAATAAAAAAAACAAATATTAAAAATCTAAATAACTCCAAAATAAACCCCTCTATTTGGCCACCTTATTAACTATATTCAAAAATGAATCGGCCTTTAAAGATGCACCACCAATCAACGCTCCATCAATGTCATTTTCCCCCATAAGGCCTCCCACATTATCAACATTAACAGAACCACCATACTGAATAATAATGTCATCTGCTGCTGAGGTTG
NZ_CP011060.1_gap5	56471	60664	4193	CTTTAATTGCATCTTCAAAAGAATCTTTTTGAATAAAACCAACAGAAACCTTTGGTTTGCCTCCAACAGGCACAAAAATAATGGTAGGAAGACTTTGAACACCAAGCACCATAGAAACTTCCTGCTCCTTATCAGTATCGACTTTATAAAAATCAATCTTATCTCCATATTCTTTTGAAAGTTCATCATAAATCGGAGCAAGCATTTTGCATGGACCACACCAATCAGCATAAAAATCAATTATTGCAGGTTTTTTACCCTTAAAATCCCATTCTTTATTATTTTTATAATCAAAAACCTTATCGATAAATTCCTGCTTAGTCAAACTAATTACCATATTTTCTCCTAATTCAATCGATTTTTAATTATAACATAAATACAATATAATTAATAAGGAATTAGATACAGGAATGAACTTGATATTAATAAACCCAGATGAATTTGAAAATGGACTTATGCTCAATGACTTAAGAGTAAAACACATTAATGAAATATTAAAACTTAAAAATAATGAGACATTTAAATTTGGCATTCTTGGAGAAGAACACATTTACTCATGCATATACCAAAAAGATACAAAGCTTTTTTTTAAAAAACATCATAAAATAGCAAAATCAAATAAGCTAAAAAAGTTAAAAGTAATAATTGGTTTAGTACGGCCAATTGCAGCAAAAAGAATAATCACACACCTTGGAAGCATTGGGATATCTGAAATTATTTTTTTTAATGCTTTACTTAGTGAAAAATCCTATTCATGTTCCAAGCTCTTTAAAAAAAAAGAATATGAAAAATATCTAATAGAAGGTGCTATGCAAGGTGGAATTACCTACATACCAAAAGTCAACATTATTAACAATCTCATAGAAGTTCTAAACAATACAGAATATGATAAATCTGATACCACAAAAATATTACTTGAGAGAGAAAGCAAGAACAAATTAGTTGATCTAAATATAGAAACAAAGAATACCGTTGTTATTATCGGGCCAGAGAGAGGATTTATAACAAAAGAAATAAATTTAATCAAAGAATATGATTTTAATGCATATAACATTTCATCAAATATTTTAAGAACAGAAACAGCTACAATCGTAGCATCCACTATTATCACATCAAAAATGAATAGTAAATAATACTTTTAAGAAACATTCAAGTTAAATTCAGCACTCAATTTACTACTGTCTGATTCACAAGCCTATCATAAATATAAAGTTCAATTATCGAACCTTTTAATGCTTCATACGGCAATTTAATAAGTCCGCCCCTAGATCTAAAAGAATAAAGTAAAGAACTATTTCCATTAGAATCCTTTACTTTAACCATTATATCTACACTAGATGGATATATATCTAATTTATAAGTCAAGATCCCAAAAATACCTGTACCATTATTTTTTGGTTCATTAATAGTAATTGTTAATTTATCTAAATTTTCGACCTTGCTACCGGGAGATAAAGATTGAAAAATAACACTTCCAAAATCACTCCCAGTTGACAAATTCACATCAAAATTAATTTCATCATTTAAAAGAGAAATAATCGCATCTTTATAATAAAGTCCAACATAATTTTTTACATATCTAGTAGGGGCTTCTTCTTGACCCTTACTTACTAAAAATTGAAGGTCAACTAAACTTGCAATCTTAGTACCTGGAGATGGTTCCTGCCGGATTATTGTCCCCTTTGAAAGGGTGCTCTCAATTTCAATGGGTTTTAACAAATGATAAAGTATCCTATTATTGTTAATTGAATTAGCTTTTAAATTAATAAGCACATCATCAATATTTTTTCCAATAAAATTATCAACCTTATTGATCACAGCCCCTTTACTAATAAAGATCTTAACCTTACTATCAAGCCTTAAAACAGTACCTGCCTTAGGACTTTGATCTATTACCTTCCCCTTATCAAGAGAGGTTGATGAAAATTTAAGCTCAACATAAGGAATAAGCTCTTTATCTTGAAGCTCAGTAATTGCATCTTCAATATAAAGTCCACTAAGATTTGGAACAACAACAATATCACTGCCCTTTAAAAAAATAAAAAATATCGCACACGAAATAATTAAAGAACCAAAAATAGTAAGTACTAAACCATTAGCTACATGCTTGGGCAAAGTGGGAATTTTGCTATCAAAATTTAAGTCATGTTCATGCAAATTATTCCTATTATTTAGATTTTTACTATCTAAAAACAATTTATTATGTGGTAGTTTATTATCACTCAATACTATATCATCTCCTTATGTTTAATCTTTAAGAAAAAATTTTACCTATTAAATCTCTATTTCCATTATAAAAAGACTTATAATCCATAACCTTTCTCCCAGCTCTTTGGAGCTCTAATAGCAATAAAATTCCATCTCCCGTCTTAACCAAAATACCTCTACTAGGATCAAACAAAATAATTTTTCCTATTGCTTGATCACTATAATCATTAGTCCTTATAAAATCAGCTCTATGAAAAATAATTTCATCATCATCAAGCTTAGCTCTTGCAAGTGGCCAAGGATTGCACGCATTAATCTTATTCTTAATCTCAAATGCACTCAAATTAAAATCAAGAATTCTATGTTGCTTATTGAAAAAAGAACAATATGTTGCCTGTCTTGAATCTTGCTCAATTCCAATATTTCCTTTATCTAGTTTACTTAAAGCTTCCAAAACAAGATTAAAGCTATTTAAAGAAACATACCTGAAAATATCAGCACTTGTATTAAAGCTTTTTATTTCAAACTGACTCTGTGATAAAATATTACCACTATCCATCTCTAAAGCCATTTTTTGCACAGTAATCCCACCAACAGTATCACCATTTAAAATAGCGGTTTGAATAGGAGAAGGTCCTCTATACTTTGGCAAAAGAGAGGGGTGAACATTAATACAACCCATTGGAAAAATATCCAGAAATTCTTGCCTAAATATCTTTCCATAAGAAAAAACCAACATAAGATCAGGATTTAACCTCTTAACTATTTCTACTACATCGGAATTAAGTACAACAGGCTCTAAAACAGTAATATTCCTATTAGTAGCTTCCACCTTAATGTCATTGGCTCTTAAAAAGAGACCGCGGCCACTAGGCTTATCAGGTGCAGTTAGCACACCAACTACATTATGCTGGTCTGCGACTTTCTTTAAAACCTCTAAAGCAATACTCTCAGAACTTGCAAAAAAAATCCTCAAGTCTTAACAAGCCTCCTTCCTTTCATATAAGGCTTCAACAATTTATTCCTAAGTTTATCTTCATAATAATCAATAAAAAGCACGCCTTTTAAATGATCCATCTCATGCTGAACAACCCTAGCTAAAAGACTTGAACTTTCAATCTTAAAAAACTTACCATTCTCATCATAAGCCTCAACCGTAATAGATTTAGGCCTTAAGAGATCATAATAAACTCCAGGAATACTCAAACAACCTTCTTTATAAACACTAAGTTCAAAAGAAGTTTCCGTTATCAAAGGATTAATAAAAACTAAAGGTTTAGACATTACATTTTCTCTAACCACAAAAATAGACAAATCGAGCCCTACTTGAGGAGCCGCTAAACCAACACCCTTATTAATATCCATTAAATTTACCATTTTAAAAGCAATATTTCTAAGTTCATCATCAATATTTAAAACTGCTTTTGTCTTTACTCGCAGTAAATCATCAGGATAAAAAACTATTTCCATAAAACCCTCAAAAAAATTTAAACTCAAACTATGACTTTATCTGTCCAAAAAGCTTCCATTCCTCGTTCTCTGCTTCTGAGAAATAAATACTACCTTTCCTAGACTTAGGAAAAGCGTAAAGTTTACCCTCTTTTTCATCTTTAAATACTAAAAACTCCTTAAGCTCTATTTTTGAAGGAAGAAGTTTTTTGTCTTGACCATTCATTCTGAATCTCCAATGGCCATCCAATGTTTTATAAAAAAAAACCTTGTCATCAAGAGTATTAATTTCATAATTATTCTTTTTCTGCACAATATCATCTAATTTAAAAACTCCTAAAGCATAATTTAAAAACTCTTGATTGCACTGAACAGTATCTTTAATAGAACCAACATACGCGGCCTTAATTTGTTCACTCTTAGAATCAACAAAAAATAAGGTAGGGCTTCTTTTCAAATTAATCTCACCAAAAATTTCATTATTCACATCAATAATTAAAAAAACATTGTTCTTAGCAATAGCTTTAAGAATTTTA
NZ_CP011060.1_gap6	191194	193911	2717	GACAAAATATCTACAGCATCTCCAATCTGCCCTAATGCCTCATAACACTCAGCAGCATTTACATACAGTATTGAGTTTTTGGGATTGGTTTTTATCAGATTTTTAATAGCTGATAATGCCTCTTCATACTGCCCCTGTTCTTTTTGAAGGAGTGCAAGGCCAAGTATAGCAAACATATCGAAATCAACATCAAGAGCTTTTTTATAATAAATTTGTGCATTATCATACTCTTTCAAGTACCGATACGTATCCCCTACTCTTGTTAAAACTAAATTATTCTTTGAATCCCGCTCTATTATCGTAAGCCAATATTTTAAGGCTTCATGATACTCTTTATTTCCTCTATAGCAATCAGCAAGTCCAAAAATAGCATAAAAATTATTAGGTGAGATTTCCAAAGCTCTTTTAAAAAAATAAATTCCCTTACTAAATTCCTTTAATTTTCTATAACAATTCCCAATCGAAGTTAAAACACGAACATCGATCTTAACCTGATTTATTTCATACATCTTAAGCCAATATTTCAACGCCTCTTTATATTCCTTAAAGTCATAATACAAATGTCCAATACCAACAAGAGCATAATCATTATCAGGCACAAGCTCTAATACTCTTAAGTACGATTGCCTAGATTTTTGAAAATTTTTTAATTTTCTATAAGAAGAAGCAACTCTTGTAAGAACCGTAATATTTTCAGAATCATATTTTAAATATTCTTCCCATACATCTGTAGCCTTCTTATAATCACCTAAACTCCTATAACAATCTCCCAAACCAAAAAGCGCATAATTATTATTTGAATGTTTAGCAAGGCATCTTTGATAATAAATTATAGCTTTATCAAAATTTCTCTTCTTCCTTTCAATGTCTCCAAGTCCAACAAGAGCATAATTATTATCATCATCCTTTTGTAAGATATCATCAAACAATTCTTCTGCTTCAGAAAGTCTCTCTTCTTTTATTAACTGATATCCCCTTTTGGATTTTTCAGTAACATCAAGAAGCTCATTATCAGAAATTTGCGAGATATCCCCAAAATCACATAAAAGTTTCTTGTCTAACATAAATACCCCTTCTTAACTGGTTTATTAAAGACATAACATTCACTTCATATATGCTATTTAAAAAAAACATATAAGTCATATTCATATATAAACATATCAAGATATTAATAAATCTTTAACATCCAATCTCAATAAACATATTATATAAAAAATTAAAAAAATATACTTAATTTTGCATACTTAAACTTATTTATTTGTATTGCAAATAAAGCCTAGTAGATAAAATTCATGGGCAATTATAACAAAAAAAATCAAAAGTAGGATAAAATATTACTACTTTACTAGGAGAAAATTAAGATGTTTTTAGAAAAATTAAGTCCCATTGAAAGCAAAATAAAAATACTTGAAGAAAAATTACAAGACATAAATTTAGTGAAAAACCAAAAAGAATATGCAAAAACAGTAAAAGAATATAACTATCTAGAAAAAATTAAAGCAAAAAAAGATGAATATGAAAACATATTAAGCCAAATCAATGAGAATCAAAAAATTTTGTCCGAAGAAGAAAACTTAGAAATGAAAGAACTCGTAAAACAGGAATTAGCACATTTAAACCTCAAAAAAGATGAAGTTGAACATATGATCAAAATATTACTCTTACACCAAGATGAAAATGACAGTAAAAATATCATTATTGAAATTAGAGCTGGAACAGGAGGAGAAGAAGCTGCACTTTTTGCACATAATCTTTATGAAATGTATACAAAATATTCTGAGAAAAAAAAATGGAAAACAGAGCTTATTAACTTTAATGAAACGGAACTTGGTGGATTTAAAGAAGTAAGTTTTGAAATAAAGGGTAAAGATGTATTTAAAAAATTAAAACATGAAAGCGGGGTACATAGAGTCCAAAGAGTTCCTATAACAGAATCCAATGGAAGACTTCAAACCTCAGCAGCAACTGTTGCTGTGCTGCCTGAAGTTGAAGATACTGACATTGAAATTAATGAAAAAGATTTAAGAATAGATGTTTACAGATCCTCTGGTGCTGGGGGCCAACATGTAAACACAACAGACTCTGCTGTTAGAATTACACATCTACCCACAGGAATCGTGGTACAATGTCAAAATGAAAGAAGTCAGCACAAAAATAAAGATCAGGCTATGAAAATATTAAGAGCCAGACTTTATGAATTTGAAAACCTCAAAAAACAAGAACAACGCTCAAATGACAGAAAGCAACAAGTAGGTTCAGGTGATAGGTCTGAAAGAATTAGAACATACAATTTCCCACAAAATAGAGTAACAGACCATAGGGCAAATATTAGTCTTTATAAACTAGAAGAAATTATGCAAGGAGAACTTGATTTTCTTCTCGACACACTAGCTCTAAAATTTCAAGAACAATCACTAAAAGATAATTCAATTTAATTTCTTCTAATGACAATAAACGAAGCAATAAAGAGTTCAAAACAACATAACTTAAATACTCTTGAGATTTTATTACTACTTGAAAAAATCTTAAAGAATCGAAAAGAATTAATTCTGGCAAATACAAATAAGACTTTAACAAAACAAGAAGAACATAAATTACTGAGTCAAATAAAAAACATAAAATCAGGCACACCCATAAACTACATACTTGGAACAAAGGAATTCATGGGAATCAAGTTTTACATAAACAAACATGTGCTAATTCCTAGAGCAGATACA
NZ_CP011060.1_gap7	227829	232520	4691	GTCAAAATAATAACTTGGTCCATCATTACCACTAAAGAGTACCCCTTTATTGTAAAGTTCAATAATGTTTTTGCTTGCCTGCTCCATTTTATCAACATCTTTAGTATAAACACCTAAGGATACATACGCATTATACTTATAAAGAGCATTACGATGATTTGAAATATTAAAATCCATACCTCTCATAGTTATATCATCTTCATGAAACCCATAGCTAACAAAAAAATTCTTTATCGTCAAAAAATTTGCATTATTTAACTTATTAATCTCATCTACAGTATTCCCACCCAACTCATACTGCAAATTCCAACTTGCAGAAGTTGAGAGCACCTCTTTTTCACTCAAGCCCTTAACAGTAACATAATTTCCATTTTTAATTCCAATATTCTTTATGCCACTAGATATGATAACTGATGCTACCACAAAAACTAAAGACGATAATAAAATTAATAACCTTTTTACCAAAATAAATCCTTACCTCCCGGTTTTTATAAATTTTTTTTAAAAAATTATAATATTGTCAAATTAAACAATTTATTTTAGCATATTATGCTATGTTAATAAACCGAAAAATATCGGTAGCACCAATGGTAGCAATTACCGATGAACACTTTAGATATATGATAAGATTATTATCAAAAAAAGTCACTTTATACACTCCAATGATTTCTGCAAAATCAATTATCATGGGCAATTTAAATAAAGTTGTAAAACAAACTCCCACTGATTCTCCAATTGCAATTCAAATAGCAACAAGCTGTGAGAATGATGCTGCAAAAGCTATAGAAATTCTTGAAAATAAATTTAATTTTGATGAATATAATCTTAACGTTGGCTGCCCATCATCTAAGGTCCAAAACGCAAACTATGGGGCCTGTCTAATGCAAACCCCAACCCAAGTAGGCAAAATCTTGAAAGCCATGAAAAAAAATACAAATAAACCTGTCTCAATCAAACACAGAATAGGTATAAGAAATAATAAAAGAGAATATCATGAAGAAAACTACACAGAACTGCAACAATTCGTAGAAAAAATTATGGAATATGAAATAAAAAATTTTACTGTTCATGCACGAATAGCCATATTAAATGGATACTCTCCTAAAGATAATCAAAATATCCCAAAACTTAGACATGACTTTGTATATCGATTGAAACAAGAACATAAAAATATATTTATTGAAGTAAATGGAGGAATTAAGAGTAGCGATCACATAAAAACACATCTATCTTATGTAGATTCCGTCATGATTGGAAGAGCTGTAGCAAAGGATCCATATTTAATTGCAAAAATTTCAAGAGAATTCCTAGAAGAAAAGGAAAAAATTCCAACAAGAGAAGAAATATTATTAAAAATGGTAGAATATATCAAAGAGTACGATGAATGCCTTTCAATTAGCACTATACTAAAACACATAATGAGCATAGTATTTGCCAAAGAAAATGCTTGTAAATTTAGACAAACTTTAAGTGCACCTTTTCCTAAAAATCTTAAAAATCACGAAATACTCTTAAGTGCAATTGAACACTTAAGAGAAGATACTTTAAAATCTAATTCTTAGGGGATATATAATCAAAACCTGTATATTTAACCAAATTCTTAGGTATTCTAACTCCGCCTCTTTCATCCTGAAAGTTCTCAAGTATAGCAATAATAGTTCTTGTTGAAGCTATTGCTGTTCCATTTATCATATGTACAAATTTACTCTGGCCATCATCCTTATATCTAATCTTAAGGCGCCTTGACTGATAATCTGTACAATTTGAGGTTGAAGTAACCTCCCCATACTCGCCATTATCTCCCCTACCCGGCATCCAAGCTTCAATATCATATTTCTTATAAGCTGGTGCTCCAAGATCAAAAGAGCACACATTTAAAACTCTATACGGAATCTCAAGTTCGGTAAAAATCTCTTCCTCTAATGCTAAAAACTCATTGTGAATACGATCAGAGTCTTCACTTTTGCAAAGACAAAACATTTCAACCTTACTAAACTGATGCACTCTATAAAGTCCCTTAGAAAATTGCCCAGCTGCTCCAGCCTCTTTGCGGAAGCAATGAGAAAGTCCTGCCATTCTTAGCGGGGACTTAAGATCCAATATAGTATTATAATAATATCCGCCAAGAGTAATCTCAGCTGTACCAACAAGATATTTATCTGTATCTTCAATTTTATAAATATTACTCTCAGTGCCACGGGGATTAAATCCAATCCCATCAACTATAAATTCCCTTGCAACATCAGGTGTGATAAATAAATCAAAACCCTTGAGTTTAAGTTTATTTAAAGCAAAATTAATCAATGCAAGCTCTAAGAAAACGGCTTCATTTTTAAGATAATAAAACTTATTACCGCTAACCTCACCTGCCCTTTCAAAATCAAAAAGATCCAAATCAATTCCAATGGCTAAGTGATCCTTTGGTTTAAAATCAAATTTTGGAATATTTCCTGATAACTTTAACACAACATTCCCATCTTCACCCTCACCAACAGGAACATCAGGAGCAGAAATATTTGGAATTTGCTTATGCTCAATTAAAAGTCTAGATGCTATATAATTCAATTTCTCTTCCAAAACTGCTATTTCGGACTTTAAAGCCTTGCCAGTCTCTATTAAATAATTCCTACGAGAATCATCCATTTTTTCTTTCATAGCATTAGCGTTTTCATTCCTTGCCGCATTCAACTCGCCTATCTTAGTAACAAGTTTTCTGCGCTCATCATCAAAAGAAATTAACAGATCAAGATTTAACTTTAACCCTCTATCTTTAATATTTTTCTGAATAAGCTCTAAATTATCTCTTATAAACTTCAAATCAAGCATCACAGAACTCCCAAAAATCGATTTAACTAAAAATAAATTAAAGTCAAACAAAATGAAAAATAAATTATATTAATTAGTATAAGAAATATTATATAATATTTGATACTAATAATAGTATAAACTTAATATACGGAGAAAAATTGTCTTTATGGTAAAATCATCAACGGCTCAAAAAATATTTATTTTAATATCATTACTGGTAATCTTTATAGGATGTACAAAAAAAACAAAAAAGATAAGCTTTAATGACATTGACACACTATATAACGAAAAAGATGAAATAATAATTCAATCAATTTTAGCAGAAGAAGAAAACGAATTCTTCAAATACAAAATTAGAATACCTAAAGTAACAGATGGTAGAACAGAAAACAATAGCATAAAAACATTCAATGATGAAATTGAAAGTTATGCAAATGAAATAGTCACAAACCTAGAAAGTGCAACTCAAAACACTAAACAAGATTCTAAAAAACCAACTTTAAACATAGACTATGAAATCTACCATGGATATGATATTTATACAATCATAGTAAGTGCCACTCAAGTAATCAATGATACATCTATCACAAACCATAGAAGCTATTATATTAGCAATCATGGGGATTATATTTACAACATAGACGAAATCATTAACACAGAAGAAGCATTTCCATACTTTACTCAAAGAATCAAAGAACAAATTGAAAAAACATATCCAAATAAATTATTATTTGATTTGCAGCAAGCAGTGATTTATTTCGAAAATAAAAAAATCATAATAAAATTCCCACTTTATGTATTTAATTTAGACGATACAAAGAATACCGAAAACATGTTTGAATTTAATGAAGAGGAAGTAAAAAAATACATAAAACAAGGATAAAATAAAGCATAAATGAAGAAAAAAAAATTTTTCAGTTTAATTTCAAAAACTTACTTAGAAGAATATGATGCTGAAGGATGCTATTTTCAACATGAGAGCGGATTAGAAATATTTGAATTAAAAAGCAGCTCATTTAAAGAAAATGCCTTTGGAATAGCATTCAAGACTATTCCCCTAAATAATACTGGAGTCGCTCATATTTTAGAGCACACGATTTTTTGCGGTTCAAACAAATACAGAATAAAAGATCCTTTTCTTTATTTGATGAAAGGAAGCCTAAACACCTTTTTAAATGCAATGACATTTCCAGATAAAACTCTCTATCCAGCAGCATCTACAATCCAAAAAGATTATTTTAACTTATTCAAAATATATGCCGATGCTGTTTTTAATCCATTGCTTAAAAAAGAAGCTTTCATGCAGGAAGGTTATAATATAAACCCAAATAACTTTAAACTATCTGGCATTGTTCTAAATGAAATGAAGGGTAATTATTCCAACAAAAATTCTTTAATTAATGAAATTGCCACCAATTCTCTCTTTTGTGAGGGCACTTATAAGTACGACTCCGGGGGCAATCCTATCAATATCATTGACCTTACATACGAAGAATTTATTGAATTTTATAACAAACACTATACACTAGAAAACTGTAAAATATTTTTATTTGGCAATATTGAAACTAATAAAAATCTCAATTTTATTGAAAAATATATAATTAGACCTTACACAAAGGAAAAATTAAATATTAATTATAACATAGATAAAACTGCAAGATGGAAGCAGGGTAAGACATTAAGTTTTGATATCCCAAAAGAAACTGAAAATACACTCGGAGTATACGTAATAAATTGGTTATGTACTGATATTGAAAATATTAAAGAAAATATCGGACTCGAAATTTTATCAGAAATTCTCCTAGACAGCTCATGTCAATTCACTATAAACATGCTAAAGAGTGAAATTGGTGATGTAATAGCTGATGTTAGTGGTATCAACA
NZ_CP011060.1_gap8	315484	318281	2797	ATCCAGACTCCAAATTATTCACAAAACAATCAATAAAATCCTCAAAATTACTAAAATAACATAAATTGTTTAAAGATAAATTTTCACGTCTTTTTACTTCTTGAAATTCTTCACCAATTAAAAATACTTTATCAAAATTCATTAAGATAACTTCTCGCATAGCTGTTTTATGTGCTTCATACGCAAATTTTCCAAGTTCTTTAAAAGAACCAAGAATAATAAATTTTTTACCCTTAATCTCAAAATCTAAAATCATCTCCTTTAAAGCCATAAATGAACCTAAATTACCATTATAAGAATCATTTAAAACCAAATAATCCTTTACTCTTAAAAGCTCTGCTCTACCCTTTTGGAAATCAGCATTCAGCAAACCATTACGAATCTCATTTTCGCTCATTCCAAGCAATAAAGCCAGATTAATGCAAGATATTGCATTAAAAATGTTATGCTTACCGGGCAATAAAATAGAATAATCAAATCCTTTATAAGTAAAATCATAAGAAAATTTATCATTTAAAAATGCAAATGACTTAATTTGAAGACTATTGAAATCAAAATAAAAAATATTAATCTCTGGACTAATAGATTTAGCTATTTCTCTTAAACGCGAATGATAAGGACAACTCTCATTTAAGATTACCATCTGAGTACTCTTAGTAATTATTTCACTCTTCTCAGAAGCAATCATCTCTAGATCTTCAAAAGCCTGCATATGAGCATAACTTATATTTGTTACAATAACGATTTCAGGCTCTAATATTTCAGAAAGAAGATTCATCTCTCCAACATAGCTGATCCCAACCTCAAAAACAGCATACTCTTCATCCCCCTCAGTTCTTAAAATACTCAGAGGCAACCCAATATCCGAATTCAAATTTCCCCAAGTCTTGCAAGTTTTATATCTCTCTGACAATATGCTGTAAAGCATTTCTTTTGTTGTGGTCTTTCCATTACTACCAGTAATAGCTATTCTCTTAAAATTCGTTCTTTTAATAAAATGCGCTGCCAAATTTTGAAGACACATGACTACATTACTAGTGAGCAAAAAAACCAAGCTCTCATCCTTATTTAAATACTCAACACACAAATGCTCATAATCCTTAGAGCAAACAAAACATTTAACACCAATATCAATTAAATATTCAACAAAAGAAAATCCATCTACCCTATCACCTTTGTACGCAAAATAAAGACTAGCTCCACTATTCTCATCATTTATCTCACGACTGTCAAGCGAATAAAATGATACTACTCTTTGCATACTGCTTAAATAACCAACAAATTTAACATCGCCTAAAGAATCTAAAATGTCTTTAATTTTTATATGCACCAAACACCCTCATAACTCCTATCGTTTAATAATATTTATATCCTTATTATCCTTTTTTTCTAAATTCAAATAATTTTGACTAAGCTCTTCTATCCTATCAATACTTTGAAGTTCATATATTACGGTTAATAATCTAAGGTTTTCATCAATAATATTACTTTGCTCATCATTTAAATCATCAAATTCGCGCAGCTTTACAACATATCTAAAATTAAGATAAATATTTAAGCATATTACAATTGTTAATATCAAAATCAATAAACAGTACAATCTAACTTCAATTCTTCCTATCTTACTCATATAACTTTCTTATGGCTCTAAGCTTAGCACTTCTTGAGGCATTATTGCATCTCTTCTCTTCAAAGCTTGCAATTATAGGCTTTTTAGTAAGTATACAATATTGTTCTTTACTTAAACCTTTAAAAAACTCTTTTACAATTTTATCTTCCAGTGAATGAAATGTAATAATAGCCAAGATCCCATTCCTTGATAAGCTTCCTACCCATAACGGCAAGCTTCTCTTTAAACGAAAAAGCTCATCATTAACATAAATTCTTAACGCTTGAAAAGTTTTAGTTGCTGGATTTATCTTAAGCTTTATTCTAGGATACGCTTTACTAATTATACCCTGAAGCTCTCTTGAAGTTTTTATTTTCTTAATCTTTCTATATTCCAAGATAGAACTAACAATTCTCTTAGAATAATGTTCACCACCAAACTCATAAATTAAGTTTTCAAGTCTTACCTTATCAAAAGTATTGACAATATCATAAGCACTAAGACCCCCAGCACCAGGATTAAGTCTCATATCTAATCTTTCATCTTCAAAAAAAGAAAATCCCCTACCACTCATTTTGTAATGAAACATAGAAATGCCAAGATCAGCTAAAATAAAATTGGCTTTACTACTTAAAGAATATTCACTAAAGAAATCATCAAACCAAGCATTAAAATATGAAACCTTTCCCTTAAATTCTACAAGAAACTCTTTTGCCCTATTTAAAATAATATCATCCCTTTCAATCCCAATCACACTTATGTTTTGATATTTCCTCAAAACCGCACTTGAATGACCACCTTCCCCAAGAGTGCAATCAACAAAAATAAATCCATCATTTACATATACAATCTCTAAAAGATTAATAATTTCATCAAGAAGTACAGGGGTATGAAAAATATTACCCATTAAGTGTAAACCTATAAGTTAAACTATTCTCGGTATTATAAACATCTCCATATTTGATCTTAATTTCGTTATGACCGCTAGTAAACTCAAGATTATTTATCTCAATATTCCCACTATTTCTTTTTATATTAAAAATATCCAAATTATAATTCTTATCTCCAGAAACAACATATGAATTATCATCTAAAGATATGCTTTGAAAATCAGCACGAAAAATACTGTTATTATTTAGGAATACTTCAAAATAATAAATACCATTAAGGGCTTTGGAAGCATTAACA
NZ_CP011060.1_gap9	423097	424399	1302	AACTTTAATGTTGTATCCTTGTCTTTTAACCTCAACTTCAAGCTTCTTAGCAGCAATATATGTATGAGCAACTCCCACAGGACAAGCACACACAGCAACTACTTTTTCTAACTTAGAAGCATTTGAAGTATCATCTGTAAAAGTTTTATCGACATTTTCTATATAAGAATAAATTTCATCAGGACTATTTATAACCTTTAACATATTTTTAAAATCATCATTTTCGAATAATTTGGCTATGAAAGCTATTGACTTAATATGGGCACCACCTTGCTGGCTTTTTGACATACAAATTAAAAATATTAAATTAACAGGAGGATTATCATCAGACCATTTTATGCCATCACCTTTTATATAAAGCAATGAAATAAAACTTGAACTTACAACATCTCCTATAAAATGCGGAATAGCAACTCCATTTTCCCAAGATGTATCACCAATATTTTCTCTATCAAGTAAGCCCTGAAGAAATCTAGCTCTATCATGTGTATAACCTCTTTTACTTACTTGATCAACTAAAAAATTAATTGCCTCAGCCTTGGAACTTATTTCATTAGATACAAAAATAAGTTCCTTCTTTAAATAATTTAAAAACATAACCTCTAACCTCCTAAGTACTTAATTCAATTCTATCATAGTACAAACAACCTAGATTCCCCCCCTCTTCTTTATTTTCAAATTATTTTATATTATTTAAATTGATTTAATGATGAAAAAAATAATCGAATTTTATTTTTTACTGCTATGTGCCAGTTTATACTCTTCAAATAATGAAGTACAAAAGATAGATGAAACAAATAATAAAGAAAGTTTACAATCAACTAATCTTGAAAATAATTTTTTCTCAGTAGAGAGAGGATTTATATATTCAACAGGAACGGGGCTTGGAACAGGATTTTTTCTAAATTCAAAAATAAATCACATACTATTTAGACCCTATTACATATTTGCCATTAACAATATTGATTTCTTAGCTACTTGTATGATTCTAATGATTGAAGACTATAACATATCCAAAAAAGTTAAATATTCAAGCTCTTACATTGGCATAGGAATAAACTGGCATATTATAAATTTATCTAAAAAAATAAAATATTTATCTTCTACCATGGGTATTGGGGGACGATTTTACCTTTCAACAAACTTAATAGGAGATCTTAAATTTTATAGCAAATTACCTTATGTAATAGAGCCATACATATTCTTTGAATTCTCTACAAAAAAAGCTATATCTTATTTAAACATCTATTCAAAAATTGAGTGTTTATTTATTGATACATTCAATATTTCTTTTGATTTTGG
NZ_CP011060.1_gap10	425565	429231	3666	TATTGTTTCATTTGTTCTTTTATACTCGAGCCTATTTCTATTTTCAAATATTATCTCTTAAATAATATATTAAGCTTAGAATTTTATCATTTCATGAAATTTTATCACTTAATAACCGTATTTTCATTACTAAATTTATTTTTTCTAAGCCTATACATATGTGATTTTCAAATAAAATCAATAACTTACACTATTTACTTAATTTTCACTTTTTCAATGATCTATAGCTCTTTAGTCCCTATTAATGCTTATGACCACACATATGATTTCCTCTCTTCAACAAAAAACAATAAATTTTATGTTTATTTATTCTTATTATTAATACCAATAAACTTTTTAGTAGCATGCTTAAAGAAAAAAAATCTAAGCTATCTCTTACTCTTTGTATCAATATTACTAATAGTATTAGGAATTTATCTCAATTCCATAGAAATACCTTATGCATTCATCCCAATCTTAATAGGAGTACCAATGTACTTAAAAGAATCAGGCAAACTTTTCTTCTATTGGCTATAAACCTTAAGAAATCAACACAAAAGATAAAGTCGATACGCCTACAGGCAAAAACAAATTATCGTATTTCTCAAAATCAAAAAGCTCTACAAGCACCGCTCCCATCCCAATAACTGATGCTAGTATAAAATTTGGGAAAAAATAATAACAAACAATAAAAGCAACCAAAAAGACAACAACACTGCCTGAGAATGTTTTATTATTTACAAGTTTAAAAGATGGAATTAGTTTACCAAAAAGACTTGCAAGACCATCTCCAAGACATGCAGAAAATATCCCAATATAACTAAAAGGCTCAGCTATAAGAAAATAAGTACAAAACATACTCACTACCAAAAATATTGGGGAGAGAGATATTCTGCACGAAGACACTTCTCTAGACTTTACTATTATTTCTGATATACCTTTAAGAAAAAATAAATTTATTTCCATGATTCTAAATATTTCCAAAATTAAATATGCAAACAAAAAAAATAGGCTAGACGCAAGACCTATCCAAAAACTTACTTTATAAAACAATAAAAATATTAAAGTAGAAATATGAAAGAATTTTCTATAAATCTCATATTTAATATTTTCGTTACAAAAAACTTGATTAAACATTAATTAATTTTCCTTAAAATGATATTAAACTTTAAAAAAGAATTTGCCTTTATAATCTCATTAACGATCTTATCTCCATAAGCAAGACTTGGTGGAATTATTATAACCCTCTCCTCCCCCTCACACATATCTGACAACATTATGTCCCAACCTTCAATCACTTGACCACTACCAACCACAAGCTCTATTGGTTCACCCCTGTCAATTGAACTGTCAAACTTTACTCCACTTAGTAAAAATCCCTCATAGTCTACTTTTAAAACATTGCCATTCTTAACATGCTTACCATTTCCTTTTTTATTTATCTTGTATAAGATACCACTTTTATCTCTTTGAAAATCTTTGTAATCTTGGTCAATTATTGCAAGCTGAGAAGCCATATATTTTTCAGCCTCTTCAATTTTTTTTGCCTCATAACTCTTTTTCAATTCTAAAAATCCTTCATTATCAACTTTAAAAGCTTTTGCATCCTCACCAACACGAATAATCTCAACTCTCTCTATTTTATCTCCTTGACTTATACTGCGAACCGTATCCATTCCCGAAATCACTTTACCAAAAATTGAATGCCTAAAATCAAGGTAAGTAAGATTATCTTTAAGCGTAATAAAAAATTGACTCCCATTAGTATCAGGACCAGCATTAGCCATCGAAACAATTCCTGGCTCATTATGACTCAAATCTTTATTGAATTCATCGGGGAAAACATAACCAGGCCCTCCAGTACCAGTTCCTGTAGGATCTCCTGTTTGAATAACAAAGTTATCAATAACCCTATGAAAAACAATATTTTCAAAATAAGGTCGATTTGTAACAGAATTTTTAATAGCACCCTCACTAAGACCAATAAAATTCATAACCGTTAGAGGTACAATTTTATAGTAAAGTTCAACTTCTATAGTACCTTTATTTGTCTCAATTAATGCAAATATTCCATCTCTTTCCATTAAACCTGTCCTTTTGCTACCACAAGCTACTAGCATTAATATCAATAAAAAATATAATAAATATCTACTCACAAGTGTATTCCTTAAGTTAACATTTAAATTAAGTTTCCGGCCCTAATTGTACAATTTTTTACAAAAATTGTACAATTAACTAGCAATTTATCATTATTAAGTAATACTATTTACTAAGATAATTAATAAGATTTGGAATTTATAAATGTTGAATATTAGTAATGAACTCCTTATGAAATTCTGTAATTTTATATATGAAAACAGCGGAATTCGATTTGATGAGAAGAATAAGGTTGTATTAAAAGGCAGAATTAATGATGCAATACATGAACTTGAAAATATCAATACTCCAAAACAATTATATGACTTAATAAGTTCTGACAAATTAAAAAAAGAATACTTCTTAGATCTAGTTACTACTAATCTAACACGATTCTTTAGAAATGAGGCTCATTTCTCAACCTTTGAAAAATTTATAATTCCAAACTTAATAAAGATTAAAACTCAAGAAGGCAAGAACAGAATTGTTATATGGTCTGCTGGATGCTCAACGGGAGAAGAACCGTATTCACTGGCATTTGTTCTTAAATATCATCTCCCAAAAAGTTTTGACTTTATTATTATCGCCTCTGATTTAAGTTTAAAATCTCTAATGATAGCAAAAGAAGGATATTACTCCGTACAAAAATGTGAACATATTCCAATGCAATATAAACAATACATTAAATCTCACATAGATGGTTATAGGGTAATAGAAAATATTAAGAAACACATACGATTTGATTATCATAACTTAAATTTTGAAAATGGCTTTTCAAATATTGATGTTATTTTTTGCCGAAATGTACTCATATATTTCGATGAAAAGTCTAAAATAAAGGTCTTAAAAAAATTTTACTCCTCTATGGCTATGAAAAGTTATTTATTTATTGGTCACTCAGAATCACTCTTTGGGCTCAATCTTCCTTTCAAATTTTTAAGAACACCTTGGGCCGTAATATATGAAAAGAATGATAACGGTATCCCAGAAAGAAAGTTTCAGTTCAAAAGCAGATACAAATTATGATTTGATACAAACAGACCCATAGGAGCAAAACAAAAATGCAAAAAAAAATTTATGTGCTCGTTATTGAAGCTTCTTCTGTTAATAGAAAGGTTATATCAGACATCATAAACTCATCTTTAAAACTTGAAGTTATTGCAACTGCAGCTAATACAGACTTTGCTCTTAAAAAACTTAAAAAACACCCAGATGTAATACTACTCAGCTTAGAAACAGAAACAATTCAAGAAATCGCTTTCATAAAAAAAAAGCAAAATATCAATAACAATCTCCCTGTCATTATCCTCTCATCAAATAAAGATATAGCAAAAAATGCTATCTTAAAAGGTGCTGACGACTTCATAATAAAAACCAATGATAAATTAGAGAGCATAAAAGATAAAATTATTGATTTACTCTCAGTTTACGGAAACAAAACTATAAAAAATAAAATCATAACTAACATCAACTCCACATTCAAAACAATCACGAATAATAGAATCGAAGAAGACAATCTAAGTACAACAGAAGCAACAGATAACAATTTGA
NZ_CP011060.1_gap11	562104	566561	4457	ATTTGCTTTCTTGGCACTTGAGGGATATTATTGTTGGAATATTCATAATAATAAATTTTCTGATTTTAAGGTTGGTATAGGGTTTGAGTTTGAAGTTATCTAGATAACAAATAAATTTTTGCATTATTTAGTTTTTAATTTACTCATGATGAATATTTTTACTGTTTTAACTTTATAGATCTTTCTTAAGCTTGTGTGAATTATTTGAATTAATGTACAATAAGATGACAATAAAATAAAGATTTTCTGTCAAAATAGGGAGTTTGAAAATTGAGTTTGCTTATTAAAAAATCAATAGGAATTATTGCCTGTCCTGGTGGGAGGGTATTTGCAGATAAAATAATGGAAGAGCTAAAGAAAATATTTTTAGATACTGAGAGTAAAGTTATTGAAAAAATTTCGCAAACTTCTCATTGTTTAAAAGAAGATGTTTTAAAACTTGAAGGAATTTTGTCTCCTTTTTTAGAAGGGTTTGGATTTTCTAACTCAAGATTTGATGAGGCTATGGAAATTCCTGTGAGTTTTGTTAAGTTTGCTAATGGTGAATTTAAAGCAGAAATTTTAAAAACCATAAGAAATAAAGATATTTTTATTGTGCAAGATGTTTCTAATACTTATCCAGTTAATGTAAATAATAATGAAAAAGTAGTAATGACAATTAATGATCATTTAATGAATTTGATGACTACAATAGATGCCTGCAAGCAGGCTAAGGCTAATTCTGTGAGTGTTATTGTTCCTTCTTATCCTTACTCAAGGCAAGATAAGAAGCATTCAAGAGAAGGATTAACAGCAAGTCTTGTTGGGAGGTTTCTGGAGGAATTAGGAGTTAAGCATATTTTAACATTAGACATTCATTCAAAAGCTATTGAAAATGTTTTTAGAAAAACGTATTTTGAGAATTTAAATGCATCTTATGAAATTTTTGATGCTTTAGCTGAATTAATAGATATTAGAGATTCAAATTTAGTAGTTGTTTCTCCTGATACGGGAGCTGTTAATAGGAACAAGTTTTTTGCATCTAGTCTTAAAAGGCCCTTAGCTTTGCTTTATAAGGAAAGGGATTATTCAAAGGTAACACACAATGTTAATGATTCTAATATTTCTGTTACTAAGCTTTTAGGAGATGTTGAGGGTAAGAATGTTTTTATGAGTGATGATATGTTGGCTACTGGTGGGACTTTTATTAAGGCTGTGAAACTGTTAAAAAGTATGGGAGCTAAAAAGATTATATGTGCAATAAGTCTGCCATTTTTTAATGGGAATGCAATTAGATATTTTGATAAAGCTTATGAGGAAGGCTATTTTTATAAGATAATTGGAACAAATGCCGTTTATCATGATGATAGACTTATTAGTAAACCTTGGTATTATGAAGCTAATGTTGCGCATCTTTTTGCAGGTGCAATTTTTGCAATTCACAATAGGGTTAGTTTGCAAAAAATTCTTGATAGAAGTCATGATATTCAAGCTTTAATTTCTAAGAGTTAGTTTGATGGATGTACTCAGTATTGATATTGGTACTAGTACTTTGAAATCTGCTTTAGTTAATTCTCATCATGGGGTTTTAGAGAGTTTTGATGTAAATTATTTTGAGTATTTTAGTGTCGATTTTGAGAACTTTGATTACAAAATATGGCTTTTTGCTTTAAAGAGAGTAATTTCTAATTTTAGGCATAAAAAAATAGATTGTATTTCTATTAGTGGCATTTCTCCATGTCTGATAGCTCTTGATTCAGATTTAGTTCCTTTGGAAGTTTTACATTGGAATTCTTCTAAGGTGGTTGATAACTTTAAAGGGAAATCGGCTTTTTTACCCCTTGTTCTTAGTACACTTGAGAGGGGAATTTATGGTAAGGTTAGATATTTTGTATCTTGTTTTGAATATTTTATTTATTTGCTTACAGGTAATCTGATTACAAGCTATCCAAGTTTGTCTTATATCCCTTTTATTTGGAATAATCTTGAGATAAGAGAGTATAATCTTGATACAAATAAATTCCCCCCTTTCTTAAAGATGGGAGAGATTGCTGGTCGGGTTACTAATGGTGCGAGTATTGAATTTGGCATTGATAGTGGTATAGAGGTAATTAATGCTGGAATTGATTATTTAAGCGTGCTTGTTGGAAGTGGGGCATTCTTTTCTGGAATTGTATCTAATAGGACAGGTACAAGTGAGGGTTTTAATTTTGTCTCAGATGCATATTTGTCAGGCTTTTCTTTGGAGTATCCTTATTTTTTAGATAATTTATTTGTTATTGGAAGAATAGTGCCTTCTGGATACTTATTACAATTACTTAAAGATAGATTGTTTAAAAATAAAAAGTCGTTTGAAGAATTTCTTGAAGACATTGCTAAGGCATATGATTTAGGTGATGTTTATTTTTATCTAAGCAAGAGGGAGCTTTTCTCCGACCATGTTTTAATAGATTTGCAAGTAAGAGATGATTTGAGTAAAGGTATTTTTGGCAAAGTAGATAATCCTTTACAGATAGGAGCTGCAATGCTTGAGTTTTCTTATTTCTCCTTTTACAATAAAATACTTCAGCTTAAATCTTTTAAAAGAGATGTCTTAGATATTTTTGTCAGTGGTTCTAATTCGGATAATTTGTTTTTAAATGAGCTAAAAGCTAATATTATTGGTAGGGATTTAAAGATTTTTGAATTTAAACATTCTGAGATTATCGGTAATGCGATCTTAGCTTTCTGTTGCTTAGGGGAGTTTGATAGTTTGGATAAGGCATTTAAAAAGCTTGCTAAATTTAAACAGGTTATATCTTTTAATGCTAGTATGCATGATATTTATTTAGAGAAATATCACAAGTATGTCTCTAATTTTAATTTATTTATTAATAGTTAATATATAAGCATCTTTAAATTCACTTGATCCTGATATTTTCTTAAGATCAAGTTTAGCCTCTGATATGGTTTTGTAAGGCCCAGATCTGACCCTATAAGTGTCTTTATCATTTACTGTTGCTGAATAAATCTTTGCATGTATTTTATATTTCATTAATTCTTGAATATTGTTGTCAGCAGAGATTGGATCTGAGAGTGATGCAAATTGTATGTAGTATTCCTTTCGAGGGTCATATTTGTTTTCAAATTTATTATAGTTTTGTTCTTTTTTGGTTTCTTGATCCGTTTTTGCAATGGTTTGAGTTTTTTGAGATGTGTTTTTCTTTATGTGTGTTTTTGTAGGTTCATGTTTATTTATGACTTGTGGTTCTTTTTTAGTAATAATTTTTTTATTATTTTGATTTATGCTACTACTCAAATTTTTATCTTGTGTGGGATTTTGTGTGAGATCAATTATAATTTCATTTGGCTTTTCAGTTATTGATAAGGCTTTTTTATTATTTTCATGTTCTATAACTTTTTCATCTTTTGTTTCTTGTAAAATAATATTTTTACTTGCAATGTCGGAGGCTAAGTTTTTATTTGGAAAGAAAATAATTATTCCAAGAAATATAATTGTACAAACGATTACAATTGAAGTTAATGCTACTAAAAATCCTTTATTGTTATTTTCATTAAAATCTTTCATCTATGTGACCTCTTTCATCTTTGCCCTAATCTCTTTTTCTAGATGCTCATAGCTCTTACTGTTAATTATATTTATTATTTTTGAATTTAGAATATTTTTATTTAAAAAAATATCATCTTGCCACTTAAGGATATTGATAACCAAATTTTCATCAAGGTTGCGGCTTGCTCTTAGTCTTTTCTTTATTATCTCATCATTTGCTTTTATTATAAATATATGCCCGCAGAACTTTGCAATATTTAATTTAAAAAGTAATGCAGCATTAATTATGATTTTATCAAATTCATTCTTTAATATTATTTGTTCTATTTCTTTGTATATAGCGGGATGTGTTATTGCTTCTAATTTTTCTAGTTTTTCCCTGTCGTTAAATACAATATTTCGAAGTTTTACTCTTTCTATTTCATTTTTATTATTTAATATTTTTTTGCCAAATATCTTAACTACTCTATCTTGTTTTGCTTGTAGGACTATGTGTCCAATTTTATCTACATTTATTTCATGAAAGCCATACCTACTGCAAATGATTTTTGAAGCGGTATCTTTACCAGTTGATATTCTACCAGTTATGCCAATTATCGATGAATTTCTCCCCATGATTTTCCAGTCTCAATATTTATCCTTAAAGGAAGCTTTAAAGGATAAGCATTTTCCATCATTTCTTTGATTATTGTTTTTGCTTCTTCACATTCTTGCTTAGGTGATTCGATTAGTATCTCGTCGTGTACTTGTAAGAGTATTTTTGATTTGAGATTTTTACTTTTAAATTCATTATATACTCTGACCATTGCGATTTTCATTATATCAGATGCGCTTCCTTGTATTGTACTATTTATTGCTATTCGTTCAGCTCCTGAGCGTTCCGAGTGATTTTGACTATTAATTTCTTTTATATATCTTCTTCTTTTAA
NZ_CP011060.1_gap12	597323	599582	2259	GATTGGAAAATAAAATAGTTTTTGTTACAGGGCATAATGTTAGAGATTTAGTAGACATTGTAGAGCATCTGACCATTATTGGTAATAATAATATTCTTTTTTCAAATTCAATTTCTTATATTAATAATAATTATAAAGTTAAGATTGTAGATAAATTACGCGGGGAAGAGCTTTATTATGAAAAGATAAAAGATGGATTCAAGGCAATTTACTTGGAGAGTGGGTCTTGCGATAATGATGTTGATCTTGAGTTTTTCTTTTTGTATATCACTAACAATAAATTAAAGGATTTGGTTGATGTTTAGTTTAAAAAGATTTTTTGGGCTATTTAATGTTGATTTTGCCTATAATAGAAAATTATATTTGTATTTTATTATTTCAATCTTTTTAGTTTTTCCTTTAGTCCATATTTTTTTTAAAATTTATGGGTTTGTTAATTTAATTGACCTTCTCTTGATTGATAACAATAGATTATTTTTTTTCGTTTTATTTTGTGTTGTGTATATTGTGTCAATATACAATATGTTTGATCATTATAAGCCGATTCATGATTCGCTTAGAAATGTGTTTTATTTATCTCTGCCTGTTTCTACTATAGATAGGTATTTATTTGTTTTAGTTAAATTTTTATTTATTTTGCCTTTATTTTTGGGTGTTTGTTGTTATATAGGTTTGAATTTAACTGTGTTATTAGATAAAAATTTTTTTATTGGAAGCAAAATAGGGTATCCTTCTTTATATCTTCTTTTTCTATTTTTTAAAGAGACTTATGTTATCTATTTAATCGGATTTCCTATATTTTTGTTATCTAGGATAATATTTAAAAATTATCCTTTTTTTAAAGCTATTGTCATTGGGAGCTTATCTTTCACATTATTGGTTGTCTTTTTTTATTTTGTTATCTTTTTTGTTAATAGCTACTTATTTAAAGTTGTTTACGATTTTGGTATTTGGGGGGAGTATTATTTCATTAAGTCTATTTGTATATTGTTTGCAGGATTTATTTATTTTTGCGCATATTTCATTCTTAAAAATTTAGGAAACGTAAATACTAAAATTAATTTTAGTATTTACGTGGGAATAATATCCTTTTTTGCGGCATTGTTCTTTTTATTGTTAGCATTTTTAGCTATTTTTGTGTATGTGTTTAATTCTTAAATTGAAGTAATTAGTGTTTATTCGAATGAAGTGAGTGTTGACGTTATGTCTAGCATTTTTATTAAGATGATATTTTTAAAGGTAGTTTTTGTTTATACATAAATTGTATCATATGGAAAATTTATTTTTAAAGAGAGCAGGAGAATATTATTCTTAAATTTATAAATCTTTTTGTAATTATATGTTACCTCAAACAATTATGGTGTTAAAGATTTTGATTTAAGTGTTTTTAAGCATTGATATTGGTTGTTTGAACTTATTTTTTTGGAGGGTATTAATGATAGATAATCTAAAAATTTTGGTAGTAACAGGTGGTGTAATTTCTGGGATAGGTAAAGGAGTTACATCAGCAAGTATAGCACGGTTATTTAAGGATAATTTGAGGATAACACCAATTAAATGTGATGGTTATTTAAATACTGACCCTGGAACTATTAATCCTGTTGAGCATGGAGAGGTTTTTGTTCTTGATGATGGCGGAGAAGTTGATATGGATTTTGGTCATTATGAGAGATTTTTAAATCTAAATTCTAAGTCTAATTGGAACATTACGATGGGTAAAATATATAAAAATATTCTTGAAAATGAGAGACATGGAAAATATTTAGGTAGAACTGTACAGCTTATTCCCCATGTTACTGATGAGATTAGGGATACAATTTTTAAGATTGCCAAAGAGGAGTGCAGTGAACTTTTAGTAATTGAGATTGGTGGTACTGTAGGGGATATGGAAAATATTTTGTTTATTGAAACAATGAGACAGATAAGATATGAGATTGGGAGTGATAATATTGCTTTTGTGCACTTAACTTATATCCCAAATCCTGCTGGGATAAATGAGCAAAAGTCTAAGCCTACTCAGCAGAGTGTCAAGACTTTAAATAAAGCTGGCATTTTTCCAGATTTAATTATTGCAAGAAGTTCTCAACTTTTGACAAAGCAGATAAGACAAAAAATAGCAATGTTTTGTAATGTTGATGCTGAGTCCATTGTTGATAATACTGATGTTTCAACTATTTATGAAATACCCATATCTTTTTATAAACAGGGATTACACGAAATTTTGGGTTCAAAATTAAAAATAAATGTTAAACCTAAGGT
NZ_CP011060.1_gap13	608906	610254	1348	TGCTATCTTAAGTCCGTAAGTTTTTACGTTATATTCAAATAAAAATTTTTGATATTCTCTTGTTCTGTATGCTGATACTATTTTTATTTGTAAGCCATTTTTTTTTCCTGCCTCTACAAGACTAATTAAGTCATCTATTAATATTTTTCTTATCCTTAAGTTTTCTTTTCCAATATTTTTTAATTCTTTGAAATCTTTTAAATAAACTAAATCAGTTGGGTTGTATTCTTTAGGAATCGGGATTTTTTTATTTACAAGTATTAAGAGATCATTCTTTTCTGCTTCAAGCAATGGGTTAAGCTCTTTTATAAATTGAATAGGATTGTCCTTTATTTGTTTTTGATAAGATTTATCTAAAGTTTGTATAGTTTGAAGTACGATTTTTAAGTCTTGTTTTGATATTGAGTTTGCTTTTAAAGTCAAGTTATTAACTAATAGTATTAGTGAAAGAATATTTAATGATCTCATTAGAATGTAATTATATTATAGTTTGTTTTTGTTATGGGAGTAATTTTTAAAATTTTATTGATGTTAAGTTTAAATTTAGTTTATAGAAATAATAAACTAAATAAAATATATTAAATAAATTTGATAGTTATTATTCAATATTAAGAGAGTTATTGGTATTAGCCATCTCTGCAGCTTGTGAGACTTTTTATTTCAATTGGTGCATTTTAATAATTGGATTTTATGATTGCTTATTTAGGTCTTGCGCAAGTGCCAGGAACCTTTCTTGTTAATAGGATAATTTTTCTTTGTTTGATTGTTATATTGGCATTGAGTTTAGTGTTTATGCTTTTCAGGCGTTTTCTAAGGGAAATTTACACATATTAAGCAAGCGCTTACTTATTCTTTGCTTCTTGGAACAATTATTGGAATTATTTTTATGTATCCTTTATTTTCTCAAGGGAGATTATTAAGCTATTCGTAGAAGAAAAAGTATTAAAATTTTAGAATGGATTATTTAAGGATTGTTTTTGTTCTCTATATTTTTATACCTTATTCTTTTTTATCTGCCATGGGTTTTAATAGTATTAAGGACGTAAAGATACCTTTAGTTATTACTATATTTGTTGTATTAATGAATATTATTTAAATTACATTTTGATTTTTGGGTTTAAGATGGGAATAATTGAAGCAAGAGTATGTTACTTTGATTGCTAGAATTATCTAAAGGGCAAAAAGTATGTTAGGGCATTGGGAATGTTTGGGGGGTTATTTTGTGATTTTTGGTGGTCTTTATTCTTTGCTTAATATCTAAAAGTTGTGCCTATTATTTTAGTAATTTAAATTATTATGAACTTGTTAGCACCTTTATCTTTATTTTTGCAAGTATTGTTGTTTTTGA
NZ_CP011060.1_gap14	642009	643985	1976	TTGAACCGCAATATAGACAAAGTAGAAAAAAAACAGGTGTTGAGATTTTTTTTACAGGTCTTAAAGGGGGCCATTCTGGTGCGGATATTCATATTGATTTAGCAAATTCTTTGAAATTGATGTTTTTTGCTTTAAATACCCTTAGAGCAAACATGGAATTTGAGATTGGATATATATCTGGTGGAGATAAAAGTAATGCGATTCCTAGGGAGGCAAAAGCATTAATATTAATTGAAGCTGAGCATTATGTTTTATTGGAGAGAGAATTAAAGTCATTTAAGCGTCATGCACAAGAGATGTATACTCTTGATTCTGATTTTGAAATTCTTTTAAGGAGAGTAAATTTTTCTGGTAATGTTTTGGATGATATGTCTCAAGATAAGCTTTTAAATATGGGCATGGCATTTTTGCATGGGGTTCAAAAGGTTGAAAATTATGATGAAAAACTTATTAGAACGTCTCTAAATTTTGCTAGTCTTTTAAAGGTTGGTAATGAGTATCAGTTTATATTTACAATAAGGTCTTTGTTAGATATTGAGAAGGAATATATCTTTAATCATTTAAAGGCTATTAGTGATCTTTCTGGTGCTAATTTAAGAATAGTTTATGATTATTCTTCCTGGAAGCCAGCTGAGAATAGTAAACTTTTAAATCATCTTAAGAATGTGTATAAAGATATGTATTTAAAAGAGGCTAAAACTGTAGTGATTCATGCTGGTCTTGAGACTGGAATAATATCTGCAAAATTTGGAGGAATAGATTCAGTTACAATTGGACCTTGGATTAAGTCTCCCCATACACCACGGGAACGGGTTGATATTGCTTCAACTATTAGGGTTTATAATTTCTTGAAGAGAAGTTTAGAGACTTTATAAATTTTGTGTTTTATATTGCTTGATTTTGAATATATGTTTCAGTTGACTTACTCTTTGAATATATATAAAATAAGTTTACATGTAATTGAGTATAGTTGAGTATAATTGGTGGTTGTAGCTCAGTTGGTAGAGCGCCGGATTGTGGTTCCGGACGGCGCGGGTTCAAGTCCCGTCAGTCACCTTTTATTTTTGTTAGACTGCACCCATGGCTCAATTGGATAGAGCGTTGGACTTCGAATCCGAAGGTTGCAGGTTCGAATCCTGCTGGGTGTGAAACATTAGTTTTATACTTGAAAAAGCTTTTTAAGTTTTGTATACTACCTAAGGTATGCAGGAGTGGTGGAACTGGCAGACACGCTAGACTTAGGATCTAGTGCCCTGGGCATGTGGGTTCGAGTCCCACCTTCTGCAAGAAATGCGAAAGTAACTCAGGGGTAGAGTGTCACCTTGCCAAGGTGGAAGTCGCGGGTTCAAATCCCGTCTTTCGCTTAAATTTAGTAATAATTAACATTAGTGCATTTTAATTAGAGGAATAATGTGATATTAAATGATGATGTGAAATTGATTCCTGGTTCTAAGGTTGAAGCTGTTATTAAAATTTCAAAAGAATTTGTTAAAGGTAAATACAACGAGATTTTACAAGATTATTCTTCTCGTCTTAAGATTAAAGGTTTTAGGATAGGAAAAGTTCCTTTTAGTATTATTGAAGGCAAATATTCTGATAATATAAGAGCTCTTACTATAGAAAAACTTATTCATAAGTCTTTAGAAGAATTTTTTAAAAGTGCAACTTATAAACCATTAGGTTATGCTGTTCCTAAAATATTAGATGAAAAATTAGAAATAGATTTCAATAAAGATTTTGAGTTTACTGTTGTTTATGAGGCTTATCCTGAATTTGAGATACCTGATATCTCTAATGTTGAGGTAGAAATTCCAGAAGTTACCGTTTCTGATTCTGATGTAGAGGACGAGCTTAAATTATTACAACTTGAAAATGCAATGGTTGTTGATGATAGTGGTGATGTTAAGGTAGGCAGTATTGTTAGAGTAGATTTTGTGGAACTTGATGATTCTTTAAGTGAGATCTTAACAACTAAG
NZ_CP011060.1_gap15	841223	844301	3078	GGAACTAAAATTGTAAATGGCCATAGGTTGCCAAATATTGCCGTGGGTTCTGCTTTTGTTGTTGATAATCTTAAGGGGTATGCTTTAACTAATTATCATGTAATTAGTTCTCAGGTTGATAATGATTACAAAGGAGTTTCCAATCTTTATGTCAGACTTCCAAGAGGCAAGGGCGAAAAACTGCCTGCAAAAGTAATTTCTTATTCAAAGAAAATGGATCTTGCTTTAATTAAGGTCTCTTTTAAATTAGAGCATCAATTTAATTTAAATTATTCTTCGAATATTAATATTGGAGATAGAATTTATGCTATGGGTTCTCCTATGGGATTTGAGAAGACTATTACTTCAGGAATAATTTCTGGAAAGAATAGAAACTTGTTATCTGTGGGTGATTCTTATCAAATTGATGCTGCTATTAATCAGGGAAATTCTGGTGGGCCTGTGGTAAATGAAGGTGGCGAATTTGTTGGACTTACATTTGCTGGAATTTTACATTCACAAGGTCTTAATTTCGTTATACCTTCAAAATGGGTTTTAAAGGTCTTGCCATTTATGTATGAAGGTGGAATTTTGAGAAATAAATGGTTGGGATTTACTTTTTCTGAAAGTTTGAAAAATTTGGAAATATCATATATAGCTCCTAATTCTCCTGCAGATATTGGTGGGTTGAGGAGTGGAGATTCTATTCTTAGTGTTAATTCCTTGAAATTTGATAGCTTAAGAGAGCTTCAATACTATATTTTGCAAAGGAGATCTATGGTGAGAATTAGGTATAGAAGAGATAATAAAGAGTATGAGAGTTATTTGTATCCACAAGACCGACCAGAAGATATTATTGAAAGTATTGTAGAGAGTGATTCTTTTAAAAATTTGATGGGAGCTTTTTTGGGATTAAATTTGAATTTGATTTCTGGGAGAGAGTATAGAGTTGCTAAGGTATTTTCAAATGGTCTTGGTGATGAACTTAATTTTAGGGCAAATGATGAAATTTTTGTTTATTCTTTTAACTATCTTATGGATAAGAGATTATTTGTCTTATTGCTTTATGTTAAAAGATTGTTTTCAGGATATTTAGGAGCTCCTTTGCAGCTTGTTATTCCCTTTGATTCTCTTATTTTTGTATAAAAAATTATTTAGTATGTTTGGAGTTGATTTTAATGAGCTTTTATTTGAAATTAGTTAGTGGAGATACTGAGTCCAAACTTGATAATATTGTTTCTATTAGTCATTTTGATTTTCAAGATAATTTAAATTTAATGCTTATAATTGGTCCTATGGGTAGCGGTAAGACAGAATATGCTGCTAAGATTTATAAAGATTCTCTTATTATTAAGAATAAATCTCCTAAAGTGTTAAATTCTATTACCAAGGGACGTAGAAACAGAGCTAATGTATTTTTTATTAGAAATATTCTTGATAAGAAAAGATTTAAAAATTATCCTCTAAATGTTATTCCTTATAGGGGAGGTGGGAGTGATAGGGTTGATGGAGTTGATTTTGCAGGTAGTTCTTTTGATGTAGGCCAATTAATAGATGAAAATCCTGAATATGGGACTTTTATTATTGATGAAACTTGTTTTTATGATGAGCGTTTGGTTTTTATTTTAAATAAAATCGCATTGGATTCAAATGTATTATTTATACTTCCTACTTTACTTTATAATTTTAGAAAAGAAATGTTTAATAATACTGCTAAACTCTTAATAGAATATTCAGATAAGATTTGTCGTCTTGGTGCTTATTGTGAGCATGTTGATTGTATGGATGAATCTTTCTTAACATACAGATATTATTTTTATGGAGGAAAGGAAATAGCTGCACCCTATTTTGATCCTTTGTTGATTGTTGGTGGTGATGAGATTGTTGAGTCTGCTATTTATCCAAATTATGCTACAAGGTGTTCTAGGCATCATTATCTTGTTGGTAGAGAATATTTTTTTACTGTTCTTAAACCTTTTGCATTATTGTATGCTCAAGGTGATAAAAAATTGCTTGAGAGAGAAATCGTGGATTTAAGCAGTAATGCGAGGAATGCAAATTTTGAAAATTCTCTTTTGATTGAATCTAGAGGAAGATATGATATTGCGGTTTTGGAAAATTTGTTAAAATTACCTTTTTTAGCAGAGAGAGCTTTAATTACACTTTCATTGGAATGTAATATTCTTAGTAAGAGAAATTTGAAAGAGCTTATTGATAAATTTTCTCTTAGTAAGGATTATATTCAAAAAGTAATTGTTTCAAAAGAGCATAAATGGATTTTTTAAAAAATATTAATAATAATTTGGTCTTTTTTGAAAGAACTCTTTTGTTTTTTCTATACGTATTAATTCTCTTTTGATTATGTCATAGTAGTTAAGTTCTTTCATTTCAATTCTATGATATTCATCTTCCCAGTTTGTTATTCCATCGCTTTGCATTTTAGTAAATTTATACTTATGCAATTGCTCGTGGTACTTTAAAGCTTCTGTATAGTAACTAGCAGCTAGTTTATAAAAATTCGTGGCTTGATTTAAGTTTGCAAGAATTCCCTTCTTTTTTGGGGTTTTATAAAAATATGTATGTCTTGTATCAAATAAGTTGCCTAAATACAGATGTTGCTTAACAAGAAGCAGATTTACATGCATTTTAAAGAGAAGCTTATATTTATTCCATTCTTCTCTTGTTTCTACTTTTGATAAAGAATAGTTTGGATTTCCAAATGGGTATTTTAATGCATTTTGTAAAAAAAATATATTTCTTTTATAATCATCGGGGGTTTTTTTCATTTGCTCATTGAAAATGACATACCATTGTTCAGCATAGAAAAATTTTGATGATGCATTTATATTGGTTATGAGTAGAATTGAAAATATTACTAGACATAATACAAAAAAGTTTTTATAAAACATGCTTTGTATCCTTTCCTTTATTTTAATAATATTAAAATTTTATTAAATCAAAAATTTTTATTGTGCTTGTTTCTAAGTCTTCTTTAGTTAAGTTTTCAATGTATACAATATCAATTAAGTCGTCAAAAATTTTGAGCATTTCTGTGTATCTAGAACTGATGTCTTTGAATTTTGCTTCTTCAAATTCAAA
NZ_CP011060.1_gap16	854467	855801	1334	GAGTTTTGCGCATATATTGATGTGGTTTCTAATTTTGCGTATTTAGCTAAGAAAAATGAATATGTAAGGCCCACTTTGACTAATAATAAAGAAATTATTCTTGAGTGTGCCAGACATCCTGTTGTTGAGCATTATATGAAGGGAGTGGAAGCTTTTACTAGAAATTCCGTAAGGATTGATGGTGAGAAATATTTTTGTTTAATTACTGGTCCTAACATGGCAGGCAAATCAACTTATTTGCGTCAGACTGCTTTAGTTGTTTTAATGGGACATATTGGTTCTTTTGTTCCTGCCAATAAAGCCATAATAGGGATTACAGATAAGATTTTTTGTAGGATCGGAGCAAGTGATAATATTTCCAAAGGTGAATCTACGTTTTTAGTAGAGATGAATGAAACGGCTAATATTTTAAGAAATGCAACGCAGGATAGCTTAATAATTATGGACGAGGTTGGAAGGGGTACTAGTACTAATGATGGGCTTGCTATTGCATGTTCAATTGTTGAATATATTTTAGAAGATATCAAGGCTAGAAGTTTATTTGCAACCCATTTTCATGAACTCTCAGCTATTAATCATGATTCTTTTGTTAATCTTTCAATGAAAATTGAAAGACAAGGTAATGAACTTATCTTTTTAAGAGAGGTTGAAGAGAAACCTTCTCTTAATTCTTATGGAATTTATGTTGCTCGCATAGCTGGGATACCTTTAAAAGTTATTAAGAGGGCTAATATTATTCTTAAAAGCTTAACTAGTCGAGAGAACTTGTGTGTGTCGGAATTTTTTACTTCAGCCACTTCTGTTGTTAATGATGGTGAGGACACAATGGAAGAAGATTTAAGTTATGAGTTGGATCTTAATGCTTATTTAGAGCTTAAAAATTTGATTTCTAAAATAGATATCAATAATATTACTCCTTTTCAAGCGATGAATTTACTAAGTGAAATAATTTTAAAGACTAAGATGTAAGCATGTGGATGTGGAATTGGGTCGTATTAAAAAACATATTTCTTCCCCTTTGTTCTTGTTGTCATAAGAATTATGTTTACTTGAATGCTCTTTGTAAGGATTGTATTGAATTCTTTCATTTTGATGTTAAGTCAAGAGATGATTTTTGGTATTTTTTTGAATATAAAAGTGAGTATAAGAACTTGCTTCTTGCTTACAAGAGAGATGGACAAAGATTACTTGGTCAGTTTTTTGCAAATGGGATTTTGCAATTTCTGATGAGCATTGATTTTGACCTGGTTGTTAGTGTTCCTTGTAGCTTTAAAAGAAAGATTTTTTACGGCTTTGATCACATGGAATATATTGGAGATTTGTTAGGTAATAGT
NZ_CP011060.1_gap17	875257	877668	2411	TCATAATTTTTTATGGTGAAGTAAGTAGTTATTATTTTCATCCTATTGTTCCTTCACTTTTTATATCTATATCTTCATTTTTGATAGTTAATCTTTTTTGTCAAAGATGTAGTAAAATTTAGTTGTATGTTGTCTTTAAATGATAAGAGTGTTGGTAAATATAGAGTTATCGATGTTCTAAAGAATGACAATGGTAAAAGACTTGATGCAGTGTTAATAAAGTTTTTAAAATTTCCTAAATCTAAAATAATGAGACATATTAGAAATGGAGATATTCTTTTAAATAATTTAAAGGTTACTTTTTCTCATAGAGTTTTTAAGGATGATCAAATTTATTTATATAAACCTTTACTTCAAGGTTTAAGTTTAAGCAAGATGACAGTCAAAGATGAGGATGCTATATTAAGAGATGTAAAGAGAAGGATAGTATATGAGGATGAGGATTTGCTTGTAATTAACAAGAGAAGAGGAGCTTTGGTTCATGGAGACAAGTATTCACTTGGTGCTTTAATTAATTCTTATCTTTTAGATGAAAATCTTGAGTCTCTTAGTTTTAAACCTTCATCTGTGCATAGATTAGATAGGAATACCTCAGGGCTCATTATTTTTGCAAAAAATATAGATTCTGCAAGAATTTTAAGTAGGGCATTTAGTAGTGGTATTGTTACTAAAAAGTATTTGGCTTTGCTTGATGGTGAGATTAAAAAACCTTTGACTTATAGGAACTTTTTATATCGTGATAGGATTGCAAGAAAAACCTTCGTTGTTAATGATGAGGGCAGATGTAATGCCATAACTGATGTTAAACCAATTTTAGTCTCTAAATCTTCAACGCTTGCTGAGGTGTCAATTAGGACGGGGTTTACACATCAAATAAGAGCACAATGTGCTTTTAATAAACATGCCTTGATTAACGATAAGAAATATGATTCTAAATTTAAAAAAAACAATTACTTTTTACATTCTTTTTTGATAAAATTTAACCAGTCTTTATTTTTAAGAAATGAATTTTTTGTTGAACCTAGTTCAGATTTTTTAAAACAGATAAGTAATATTTTTGGTGTATATGATTTTAAAGGATTTATTTAATAAGTTCACATTTAAGAATGCCTTAGGTGCAGTAAAAGATATTTCAATTGCTATGAAACATAAGTTTGTAAAGATTAAGGTTTATTCTTTAGTAGGTGTTGCTGGTACTGGAAAAAGTTTTAGATCTCATTTAATAGCAGATAAATATTCTATTCCTTTGATCATTGATGATGGTGTTTTAATAAAAAATATGAAGATTATTGCTGGGAGTTCTGCTAAGTTTGAGAATAATGTGTTTGATGCAATAAGGCGTTCTATTTTTGAAGATGATGCGCATAGAAATGAAATTGTTGAAGCTCTTCGCAAAGAAAATTTTAATAAAATATTGATATTGGGAACAAGTATTCGCATGATAGATAAAATAACAGCTCGACTTTTATTGCCTAGTTCTTCCAAAATTATTTATATAACAGATATTTCTACTAAAAAGGAAATAGAGAAAGCAAGAATTTCAAGAGAGATGGGCGAACATGTTGTTCCAGCAGCTGCCTTTGAGATAACATCTATTAAGCCAAGTTTATTATTAGATTCGATTCGAGTTTTTTTTAAAAGCAAAGGGTTTTTATCAAAAAAACGGAACTATATTCGTTCTATTGTAAAGCCTCATTTTCATGAAGAGGGGGGAATTTTATCTGTTTCTAAAAATGCTGTAAGACAAATTATTGAACATTGTGTTTCTGAATATAATAGAGATTATATTGTCTATGATTTGAAAATTAAAAAGAGTCAGGGCAGTTATTATTTTAAGCTCTTTTTAGATATTCCACTTAAGAATGATTTACTTAATGGTGCGGAAATGCTTAGGAATTATATTATTGAAAACGTACTAAAATATACGGTAATTAATATATCTGGTATTGATGTTATCATACATAGATTTTATGATCAAAAATGTAATTTGGAAAAAAAAGATGAATGTTGACTTGGATAATATAAGTAATGTCTTTTTGGTGGGCATTAAGGGCTCTGGACTTTGTTCACTTGCGTGTTTTTTAAATGATAAGGGGTATTTTGTAGAAGGGGTCGATGTTCCTTTAAAATTTCATACGGAAGATATATTAAAGAGTAATAATATAACTTATTATGAGAATATTGATGAATTTTCACTCAAAGTTCATAATAAATCTTATGATGTTTTAATATATTCACCAGCTTATGATAAGGATAATTTATCTGTTTTGCTAGAAGCATGTGAACTTGGAATTCCTATTTTATCTTATCCTGAGGTTCTTGGTAAGATTTCTAAAAAATATTATAGTATCGGAGTTGCAGGCTCTCATGGCAAAACTACCACAGCGGCATTCTTAGGTATGCTATTTAAT
NZ_CP011060.1_gap18	885841	887500	1659	TTATCTTTTTTTGTTATAGTTTTCTGTACGTTATTTAATTTCTTATTCTCTTTTTGGGTATTTTTATGTTCATTTTCTTCAAATTGAATGTCATTGATCCATTCTTTTTTAAGGACCCCAATTGATCTGGCATATCTTTTACTTGTCTCAATTATTTCTCCTGCAACGAAATATTTTACAGAATCTGTGTTAATAAGTGAGCCAGGATGAATTACTACATTTTGGGCTTTTATTGTTTTATATTTATTTTTTAAGCTTTTAAAGCAAATATAATCTTTCATGCCTCTCATTATAGATTTTAAGTAGCCTTCTTGATCAATTTCATGTGTGTGTACTATTGGTATGTTGAAGCTACTTACAATATTTTCAAGTTGTCTTTGTACATTAGTAATCTCTTCAAGACCTTGTAAGTCTAGGTAGTTTTCTTTAGCAAAGTCTTCTTTGTTAATTGCTTTTTTGTAATCTTCAAATATATTAATAAATCCTATTAAATCACCTAGTGGATTTTTGTATTTCAGATGAGCTTGTCTAGCCTCTATTTCTTCGTTTTGAGGTAGTAAGAAAACCCCACTTGTAGATAGAAATGATAGTCCAATTGTGGTTGGATATATTGCTTTTTGATAGTTTATCATTGCTTCAACTAAAGCCCTTGAATGTATTGGTATTAGAGGAAATATTATCATATATTTTCCAATTTCCGTAAGCTCATTTTTTTCATTTATTGCATCTAGGGATTTTAATATGTCACTTGCTGTTTGAATAGATTTAATTGATGGTTTGGAAATGAAGTCAAATTTTGTAAAATTTCTAATTCCGATATCTGCCATTCTTAATATTACTTCCGAGAGATCTGTTCTGTATATTTCTTCCTTTTGATATTCGTCTCTTAATTGATATTCATCTCTTTTATATAGTCTGTAACATGTTCCCTTTGAAAGTCTTCCTGCTCTTCCTGCTCTTTGTGTTGCAGATGATTTTGAAATTGGTACTTCTTGAAGTGAGTAAGTGTGTGTTTTCATCTGGAATTTATTTGTTTTAACTTTCCCGCTATCAATTACTATCTTAATATTTTCAATTGTAATTGAAGTTTCTGCAATATTTGTTGATACTATAATTTTTCTTTTGTTCTTTGGGGTAGGCATAAATATTTGTTCTTGTGCTTCTTTTGCCATTCGACCATATAGAGGCAAGATTACTAAATCTTGTTTGGAGTTTAGTTCATAAATTGCTTTTATTGTTTCTTTTATTTCCTTCTCTCCAGATAGGAATATAAGGATATCACCTTCTTTTTTTTCTTTAATTATGCCGCTAATTATTTCTTTTATTTTTAATATCATTGACTTTGATGTGTTAAGTAGTGGTGGATTATAGATTATTTGTACAGGATAAGTAATTGTTTCTATATTAAGTATTGGAGCATTATTAAAGTATTTTGAAAATACTTTTGTATTTATTGTGGCAGATGAGATTATGACTTTAAAATCGTTTCTTTTTTTTAAGATATCTTTAATAAGTCCTAGTATGAAATCTATGTTTAAACTTCTCTCATGAGCTTCATCTATTATTATTACGTCATATTCATAAAGTAGAGTGTCTTTTTTGAGTTCTTGTAATAAAACCCCGTCGGTCATTAATTTAATTTTGGTTTTGGGACTTGTA
NZ_CP011060.1_gap19	897579	898229	650	GTGCTGATGGGTTTTCGTATTTTGATGTTATGTGATGCTCTTAGTGCTCTTGCAATTGAAACCACTTTTCTTATAAAGTTCATCTTCTCTTCAAGATCTATGTTAATAAGTTCTTTGATCTCTTGTGGATATTCGTTTAGATGGATTGATTCTTTTTCATCTTTTGTTTTCAGATTTTGATAAATTTCTTCTGTTAAGAATGGAATAAATGGTGCAAGCATCAACATTAAGTTCTTTAGTGCATAGTATAGCGTTTCATAGGCATCAATCTTATCATTATCATTCTCAGATTTCCAGAACCTTCTTCTTGATCTTCTGATGTACCAATTATTTAGCTTATCTATAAATGCAAGAAGTTCTTCTATTGATTTTGTTAAATTATATTTATCTATTTCTTCATTTAATGTTTTTTTCAGACTTTCAATTTCGCTAATTATCCATTTATCAAGGATATTAGTTTTGTATAGAACTATGTTACTGTTAGGTTCAAATTTATCAATTATTGCGTAGGTTATGAAAAATGAATAAGCATTCCAGATAGGGATTATAATATTCTTTAAAACATCTTTAACCCCATCATCGCTGTATTTTAAGTCATCAGCTCTTACTACGGGACTCATTACTAGATAGAGTCTTAAAGCATCAGCCCC
NZ_CP011060.1_gap20	921780	922280	500	CCTCACTTAGTACTCTAAATATTGGTTCTGTTTTTGAGCCCCGCATCCATAAACTTGCAATTATTTCCTGTTTGTTATTTTTAAATAAAACTTTAAGACCTCCTGAGGAGTCACCTGTTCTAGAGATGTTTTGATTGATACCTTCATAATTGATAATTTCATAATTATGGATTGGTAATTTGTGTAAGACTGTATTATTGTTGAACTCTTTTTTTAATAATTTTTCGTAGTTGGATTTAAGTATTTCTTGATTTTCTACATTTATTTTAAGCATGGCTTTTTCTGATGATACTTCTACATTGCTATAAAAATTTATTGTCTTTAATATATCATTAATAGTGTAGTGTTCGTTATATGAATTATTAGATAGTGCACACCATATTTTATAAATATTTTTGATTTTAAGCAGTTTTATGATACTAAAGAGTGTTGCTAGTGGGTCTCTTACTTTTGAGGGGTATGTAATATTTCCTCCATTTGATCCTTCTCCAAAAATTTTA
