gap_id	start	end	length	sequence
NZ_CP089520.1_gap1	112739	115736	2997	TTAAGGGTTTATATGGAAAATATAAACAGCGCGCTAGCGACGAATCTTTAAGTCCTGACGACCGCGATAAGTGGAGAGAGGCTGCGCTTAATTTAGAATTTAGGAATCCAGACCTCTTTAATGATTAGCATTCTGAGCTTTCAACTCGCGCTCATATCTCTGTAGATTTTCAATCAAATCGTCGACATCCCCGTTCATTGCAGCGGGGATGTTGCTACGGCTGTAGTGAATGCGGTGGTCGGTGATTCGGTCTTGAGGGAAGTTGTAAGTTCGAATCTTCTCCGAGCGGTCGCCAGTTCCAACCAACGAGCGTCGCTCGGCACTTAATTTGGCGTTTTCCTCGTCGATTTTCATCTGTAGTAAGCGCGAACGAAGCACGCTCATAGCTTTCTCACGGTTTTTAATTTGCGATTTTTCGTCTTGGTTTGTAACTATCATTCCAGTCGGCAAGTGTGTGATTCGCACTGCTGAGTCTGTGGTATTCACGCTCTGTCCGCCGTGTCCGCTGGAGCGGTAAATATCAACGCGCAAATCGTTCGGGTTTATCTCAATGTCTGCTTCTTCTGCTTCTGGCAAAACCGCCACCGTTACAGTTGAAGTATGGACGCGACCTTGGCTTTCAGTTACTGGAACTCGCTGAACTCGGTGTACGCCACCTTCGAACTTCAATTTAGAGTATGGCGCGTCGCCCTTGATCATGAAAATAACTTCTTTATAGCCGCCAGAATCATTGGCTGATTCGCTAATTAGTTCTACTTTATAGCCGTTAGATTCGCACCAACGTAAATACATGCGGTATAGTTCCGCTGCAAACAACGACGCTTCATCGCCGCCTGCACCAGCGCGGATTTCCATGATAATATTCTTCTCATCGTTGGGGTCTTTTGGGGTGAGAAGGATGAATAATTCTTCTTCTAATTCGGTCAATCGAGCTTCGGTTTCAGTAATTTCAAGTTTCGCCAGAGCGGCCAATTCACCGCCTTCGTTAGCTAATTTTTTGGCCTCTACTAAGTTTTTTTCCAGGTTTTCTCGCTCTTCGCCTTTGGAAATAAGCGTCTCTAATTCTGAAAATCGTTTATTTTTTACCGTAAAATCTGGTGAGCTGTAAGCATCGGGTTGCGCTAAAAAATTGCTCAAATCAGCTCGTTCATTTTTTAGAGAATCCATATCTAAAGAAATCTTTGCCATATCTATAAAATTATATCATACATTGACAAATGTTTCTCAGTATTGTATTATATAGACATAATGAGAGAATGCAAGGGTGATTCGCATGATTTGGCTTACGAAAATACTGATAAGTTGGCGCTTTGCGATGTTGGAAAGTCGCCTGAACTGGTGCAATGTATTGAAGATCTTCCAGAGGATATGCCAGCAAATGATTCGAGAGTTGATTTGATTGTGAAGAGTTTGTTTGAGATTGATACTCATCCAATAGAGAAGCCAGTTTCACTATACGATTTGAATGAATTAATTAAAGGTAATATTGCCGGTGAAACGAAAATATCTATATATGAGGGTGAGTGGCCTGACATGAGAGCGATTCCGGAATCTGATATTCCGTTGCCGGTTGAATTATTTGTGGCTGCACCGATGATTAAAGATTGGCGAGAAGGGCGAGTGTCGGAATCAAAAGGTGGAAAAAGTAGCCGCGATATTATTAGACAATACGCAGAAATGGATCCGAAGACTAGCCCTCCAATACGCAAAGTAGATATTGTCGTGGATTCTGATGGCGGAGTATTTTTGGCTCTACAAGGTGACGGCGCTCACCGCTTATGTGCTGCAAAGATGCGGGGAGACCGTGAAATATTATGTCGCGAGATAAGTGTTGTCAGATTGAACTAGCGTAAAATAAAACCGCCCAGTGATTGAGCGGTTTTTGAACTGTCGGACTAATTTGTTAGATTATTTAGTCTTTTTGTCTGATTTTGGAGAATCAGTCTTAGTTGCTTTTTTGGCATTGGCTTTCTTTGCTTTGTTTGCCAAAGCTGCTTTACGAGCTTCAGCAGCTGCTTGACGAGCCTTAAAGCGATCAACACGACCTTCGGTGTCGATAATCTTTTCTTCACCAGTAAAGAATGGGTGTGAAGCTGATGAAATGTGAACCTTAACTAATGGATATTCGTTGCCGTCTTCCCATTTGATGGTTTCGGTTGTTTGCGCTGTTGACTGAGTCAAGAACGCGAAGCCCGCTTGTTCGTCGCTAAATACGACAGGGCGATAGTTCTGTGGGTGAATACTGCTTTTCATAACTGCTCAATTGTACATAATTTATCGGAAAATGTCAAAAGCTCGTAACCTTAACTTTGCTATTCTGGCGAAATTATGACATAATATAGGTATGATTGAGTTACCGACCAGTCCTGACGCTTTGAGTGAGTTAAGTCCAGTGGCGCCGCCAAAGTTATTATTGCAGGCTCAAGACGCTAGTCGAGATAATCTTATGGTCTATGTAAAAGCGGATGATTATTTGCGCACGGAAACGAGCGATCCTTCATTCATGAAAAGTCGACGCGAAACAACTGAATATAAAGCTCTGAATGAATTTTTATATTTTATGAAAATGGTTGAGCCTTATGTACCCGATCACATAAAGGATGATGCTAGAGAATTAAGAAATGAATTGGTTTTTTTGGGCATGTCGGAATTGCATTTTGCGGCAACAGCGCTAGCAAAAAGACTTAGGTACCATTTAGAAGTTGATAATAAGCCAGTCTATATTGACGTAGGAAATTCGCTAAGTCAGTGTCGTGTTAAAAACGAGATGAAAAGTAGTCAGTATATTTTAAGTCTGGTCTTATCTAAATTTCTAGACGATGAATTCGAAGAATATGAAGGTAGGCTGAAAGTGTATGGCGGCAGGGGTGAGATTGACAAGAGCTCTAAGATTTTATTTATCGATGATTGGATTATTGGCGGCGATCAGGTGAGAGAGCGAATTTCAGTATTTGGAGCATATAATAACCCCGGGGCTCATAAGGTGAGTGTATTAGT
NZ_CP089520.1_gap2	121304	125035	3731	TAAAATTGGACTTAAGGTTAATGATGAACTTATTAAGATAAACGGTCAGCCGCTTACAGAGGCGGAAAAATTGCCAGTTATAACTAAGCAAAACGCTGGCAAGAAAGTCAGGGTTGAATATAGGCGTGATGGCAAAGAGTCATCTGTTGACGTTCAGTTGAATGATGAAAAGTCCGCGAAGGGAAGCGGATATCTGGGTGTTATTCCGGGGCAGACGGAGAAAATGTATAGCACATGGTCGGCTCCTATTGTGGGTGTTGCGACTACTGGGCAATTGTCATACGAAACTATCAAAGGCGTTGGTGTGTTATTGGTAAAAACCGTGCACGGATCAATTGGACAAATATTTGGTTCCGCAGAATCAAAAGAATCTGCACGAGCTGATTTGGCCTCTGTCAGCGGGAGCGTAGCAGGACCAATCGGCATACTGGGAGTATTATTCCCGTCAGTCGTTAATTCTGGAATTGAGCAAATCATTTTCGTAGCGGCGTTAATTTCACTGACGCTGGCTGTGATGAATATTTTACCGATCCCAGCGCTTGATGGCGGTCGCTGGTTCACGATGACAATTTTCCGCTTATTTAAGAAAGATTTAACAAAAGAACGTGAAGAAAATATTCAGGCAACTGGTATGTTAATTCTATTAATCTTAACAATTTTGGTGACGATCAGTGATGTTGGAAAACTCTTCTAAGAAATTAAAAAACCGCAAATGGTGGCTGATTTTGGTGCTTCCAGCTTGGGTTTATGGCGTATTTTTAGTAATGGAGGTTGTCGTTCCATTGGCGGTTGGTGTTTTGATAAAAATCGGAGTACCTCTCGGTTCTGTGAATTCAGTTATTCTTAATACGGTACTTTCGTTTGTTATATATATGTTGTCGCTAATTATCGTGATTGGTGTGCCGTTTTTGGTTAAGAAGCGCCGAACAACTTTGAGCAATTTGGGCGTGAATGACTGGCCGACGTTTTTGGAAATATTTATTTCTCCGTTTGCTTTTGTGGCTTACTTTTTACTAACAATGGTTACGATGAGTATCGCCAGCGGTGTTTTCTCGGTGGATATACAGCAAAAGCAGGCCATACCGTTCAGTCAGAGTATGCTGGCGACTCATTGGCAATTTATCATGGCGTTTGTTGTATTGGTGGTGCTGGCGCCAATTGTTGAGGAGCTTTTGTATCGCGGATATCTTTATGGCAAGTTGCGCAATTCTTTCTCGATTTGGCTATCAATTATCGTAACAAGCATAGCGTTTGGCGCGGCACATCTTTGGGTTGGTCCGGATTCGCCATTGCAATGGGCAGTGGCAGTTGATACATTTACTTTAAGCCTGGTTATGTGTGCAACTAGGGAATATACTGGCGCAATTTGGGTGCCTATTATGATGCATATGATGAAAAACGGAATAGCTTTTTATTTCTTGTTTATCAATACGAGCGTAATTAATCAGACGGAATCGTTATTGCCATTTATATTTATGTAAAGGAGAAAAATATGCGAATGACACAACTTTTTACTAGAACTTTGAAGCAGGCGCCAGCGGGCGAAGTTGCGCGAAATGCTCAGCTTTTGATTCGTGCTGGCTACGTGCATAAAACAATGGCGGGTGTTTATTCGTTTTTACCGCTTGGGTTAAGGGTTCTTGAGAATATCAAGCAAATTGTTCGCGAGGAAATGAATAAAATTGACAGTCAAGAATTGACTATGAGTACTTTGCAGCGTAAGGATTTATGGGAAGAAACTGGCCGCTGGAGTGATGAATTGGTCGATGTTTGGTTTAAGTCTAAGTTGCAAGACGGCACAGATGTTGGCTTTGGTTGGACGCACGAGGAGCCGATTGTCGATCTTCTTCGCAATTACTTAAAGAGCTACAAAGATTTGCCAATTAGCGTTTATCAATTCCAGAACAAATTGCGAAACGAACTTCGCGCTAAGAGTGGAATTATGCGTGGTCGTGAATTTGTGATGAAGGATATGTATTCAATTCACGATAGCAAAGAGAGTTTGGATAGTTACTACAATTCAGTCATTGAGGCATATAAGCGTTGTTATGACCGATTTGGAATTGGCGATGAAACATATGTGACGTTTGCTTCTGGCGGCGCTTTTACGAAGTTTAGCCATGAGTTTCAGACGATTTGCGATGCTGGTGAGGATTATATTTATCTTCATCGCGGTAAAAATATCGCTGTTAATGAAGAAATTTTGGACGAGGCAATTGAGGAGCTCGGCGTTGATCGTAGTGAGTTGGAAAAGGTGAAAACTGCCGAAGTTGGCAATATCTTTAATTTCGGTACGCAGAAATCCGAAGAAATGAAGTTGGTATTTACTGATGCCGAAGGTAAAGAGCGATACGCTTACATGGGAAGTTATGGCATTGGAATTACGCGAGTTATGGGCGTGATTGTTGAGAAATTTGCCGATGATAGAGGGCTGGTTTGGCCGGAAAATATTGCGCCGTTTAAGTTCCATGTCGTTGCAATTGGTGAAAAAGGGCAGGAACTAGCAGGTAAGTTTTATGACGAGTTGGCTAATGGCGGCGTCGATGCACTACTTGATGATCGCGACGAGCGTCCAGGCGTGAAATTTGCCGATGCTGAACTTATGGGCTTGCCGTGGCGGATAACGATTGGCGATCGAGCGATTGACGGCGATGGCTTATTTGAATTGACGGAACGAGCAACTGGTGAAACGCGAAAAATGGATTATCAGCAATTGATAGATTTTTGCTTGAATCGGTAATGCTGATTATATTGACATAATAAATAGCGATTGATATACTCAGATAGACTTAATCAAGGCTAATTAAAAACACTATATTTAGTGTAGATCGTAAGACTAATACCACTACATACAGTAGAGGAGGAAATTTTTATGAAAAAAACTTATCAAATTACAGAAGCTGGGAAGGCTGATTTAGAAAAAGAATTAGCAGAATTGAAGGGGCGACGCGGTGAGATTGCTGAAAAAATTGCAGCAGCGCGAGATTTTGGCGACTTGAGTGAAAACGCGGAATACGACGCTGCGCGCGAAGAGCAAGGCTTGCTGGAAACACGAATTTTGGAAATTGAAGATATTTTGCAGAACGCCGAAATTATTAAATCCAACGGTAACTCAAGCGTTGGCTTGGGCAGTACAGTCGAATTGCAGTGCCCAGAAAGAACTGTATCTTACACGGTGGTTGGACCAGTTGAAGCCGATCCGTTGGCTGGACGAATCTCAGATCAGTCACCAATTGGTAAGGAATTGATTGGTAAGAAAATTGGTGACGAAGTGACGATTAAAACGCCAAAAGCCGAAATTACCTACATTATTAAGTCGATATCTTAAACCTAGCGGGATCTGCCGCATATAATGTGCTATAATTATCTCTGTTATGGCTACACTTCAAGATTATCGCAATGAACGACTACGAAAACTGGAAACATTACGTCAATTAGGCATTGAACCATATCCAGCAAAATCAGAACGAACTCATACTTGTGCTGAGGTTTTGTCTAAGTATGATGAGCTAGCTGGTAAGGAAGTTGTTGTTGCAGGTCGTGTGGCGTCTATTCGCAGTTTTGGTAAATTGGCATTTATTAAATTACGTGATCAATCTGGTGATGTGCAACTTTACTTGCAACGTGATGACGTGGCGGAATTAGACGCTGCGCGCGGTGTGCTTGGAATGAAGCAACTTAAATTGCTAGATACGGGCGATTTTATTGAGGCGAAGGGCGTGATGACCACG
NZ_CP089520.1_gap3	130551	134030	3479	ATGTTGAGGCGGTGAAGAGTGAGCTTGGTAAGGACTATATGGCGTATTCGGTTCAGGATGTACGCAAGGCTATGATTACTTTTGTGAATATGGCTCAAATGGCGCTGATTGGGTTTGGTGGTTTGGCGCTTTTGGCGAGTGTTTTTGGAATTGTTAATACGATGTATATTTCGGTCTTGGAGCGAACTAGTCAGATTGGGTTGATGAAAGCTTTGGGTATGCGAGGTCGCGATATCGGTAAAATGTTCAGGTATGAAGCGGCGTGGGTTGGACTTCTTGGCGGCTTAATTGGTGTTGGATTAGCAAGTTTGATGTCGCTATTTAATCCTATGATTGCTAGTTTTCTAAAGTTGGAACAAGGCACGAATTTATTAGTCATTAATCCTCTGCAAATGGGACTTTTGATAATCGGGCTGATGATTATGGCGGTACTTTCTGGCTGGCTACCGAGCCGCAAGGCAACAAAATTAGATCCAATTGAAGCGTTAAGGACGGAATAGGAGAGTTGTTATGATTGAGCTTAAAAATGTGACGAAAATTTACGGCAAAAAGAAGAATCAATTTGTGGCGCTAAATGATGTGAGTCTGCAAATTCCGACTGGTGTGAGCGTGGCGATTTTGGGAAAATCTGGTTCGGGAAAATCGACGCTGATGCACGCAATTTCTGGCTTGGATCGACCGCAGCAAGGCCAAGTGATTATTGACGGTCAAGACATTTTGAAATTGAAACAAAAGCAAGTTGACGAGTTTCGTGCGAGAAAAATAGGTTTTATTTTTCAGAGTTTCTTTGTCCAGGGTAATGAAAGCGTGGCGGATAATGTGAGTTTGCCGCTGGAAATTGTGAAAATGCCAAGAAGTTTGAGAGAAAGCAAGATTAATGAGGCGCTGAAGGCGGTGGACTTGTATGAGAAACGCAAGAATCGTGCAAAGGATTTGTCGGGCGGTCAGAAGCAGCGTTTGGCGATTGCGCGGGCGATTGTCGGAAACCCGCAGATCATTTTTGCAGACGAACCTACGGGAAATTTGGATAGCGAAACTGGCGCGAAGGTGGAAGAATTGCTATTCAATTACAACAAGCAAGAAGGCACAACTCTGATTATCGTGACACACGACGTTGATTTGGCTAAAAAATGCGATTATCAAATTCTGATCAAAGACGGCATGGTTAAGGGGTCTAATATGCCGCAAGAAGGTAAAAGTGGACGTTGATAGCTATGCGGAAAGCTTAGCGGTCCAACTGCGAAAAGGATTTTTGGTTTACTGCGTTTTACTGGTTTGTTCTAATAAAGCGCAGTACGCTGGCGACATCGTTAAGCAATTGAACGATTCGGATTTAACGGTGGTCGAAGGTACGATTTATCCGCTATTGAATAGGCTGCAGAAGGACGGATATTTGCAGCACGAATGGCAGGAAAGCGAGCAAGGTCCGCCGCGAAAATATTATTCATTGACAAATCACGGCGATCAGTTGATTCATGAACTTAAAGATCGCATAAATATGTTAAATAATTCGCTTGACAACTTAGAGAAAGGAATAAAATAATGAAGGAAATAACCAGGATTCATCTGGCAAAAACGGCGTTTAGTGTGGAAATTGACGCTAAGAAATCGCTAGAAAAATATCTTAATTCGATTCAGAAAAATATGCACGCCGACGCGGAAGCGATGAAGGAAATTGAGGCACGAATGGTTGAGATTTTAGTCGAGCGTGGCGTGATGAAAGAGGGTATTATTAGCGACGATGACGTTTTGGCGATTAAAACTCAAATGGGCGAACCGCGCGATTTTTCGGATGATAGCGAGGATTCAACTGATGAATTGACGGATAATAACGAGAAGCCAGAAAAGCAATTGATGCGCGACACGGACGGGGCTGTCATTGGCGGCGTGTGCGCGGGAATCGCGGCATACTTTAATATCAATCCGTTGTGGGTGCGACTGATTGCAATTATCTCGCCGTTCGTGACATTCGGTACAATGGTGCTGGTTTACCTCGCGATGTGGGTGTCAATGCCACCAGCAAAAACCGCGTCGGACAAATTACGAATGCGCGGGAAGCCAGTAACTTTGGCTGCACTTAAGGAAGCTTCCGCTGATGGAAGTTCAATTACGTCTGTCGGAAAAACTCCAATTGCGAAATTTTTCCAATATTTTGTCGGTGTTATGGTGCTACTTACGACGCTAGCGGTGCTGTTTGGGCTGATTGTTGGCGGAGCGCTCGGCGTTTCTGTGGTTGATATGTTCGGTGGTTTGGGTATGCAAATGTGGGCGTGGGGAGTATGGACTTCCTTGGCAATTGGCGGAATCGCGGCGGTGATATTTGGCGCAATTGCAACGCATAGCATATTCGCCTGGAGGGTCAATCGAATATCTGTGATTGCAATGATCGTGTCGGCGTCCGTTGTTTTTATGAGTTTGGCAAGCGCTGCAATATTTAGCGCTCACGCTGGCTTGGAATATGCACGTGAATCGCAGCAACTCACGAAGAAAGTGAATATCGATATTCCAGATACGACAAACGCTAATTCAATTTTTATCGATATGCCAGTGGGGAATGTTTCGCGAATAAATTCTGACAAATTTAAGGTGGAAGCGGAGTTTGTGGATTTACCAAAGGCGAATAAGCCAGAAATTAACGTGCGCCGTGATGGCGATAAAATCGTGCTGTCCGTTTCTAAAAAGTGTAACGCGATATTCTTTGACGGTTGCTTGAATTTTTATAAGCCGATAACTGGCTTGAAAATTTATGCTCCTGCGGGCGTGAATGTTAGCGGTTTGTTTTATCAAAATTCGATTGAAGCAGAAAATTCCGAATCTTAAGCTTGCACATTTGAATGATTTTACCGCTAATGCTACACTTGAAGGATGAAAGGTAATTTTTAAGCGTGGCTTAGTGTTGTTGATGCTGCTTAGCTTTGGTGTGATTTCTCACGTTTAGATATGATTGATTTTTCATATTGCTACATGTAGAATAAAAGCATAATCAATATAACTAAAATCTAAGGGGAGTGAATTATAGTGGAGCGAGAAAACACAAGAAAGCCTGCGTCAAAAGCTTTCGTGCTAAGTTTTTTTGTGATCACAATAATACTCATAATATTATTGTTTTTTATTAAGATTTCACCACGTGGAGTAATTGATCCGAATGCAGTTTCTATTCGTCAGGATTCGGGCGAGATTCAATATAAATATGCTGATGGTAATTGGCAGAAAATAGTTTCGCTTGAGGATTTGAAAAATAAGGATAACAGCACTAATAAGGAAGATAACAAGAAAGAATCTAGTAAAACTGATAGTCGCGAAATTGAGATTCAGAAGAACTCCCTGTACATCCAGTGGCGATATACCGGGGAATCTGAATGGAAAAATATCATAGCCTACTCAGACTTAAAGGGCAAGGATGGCCGAGACGGTATTAACGGCCAGAACGGTAAAGATGGTAAAGATGGTCGAAACGGAGCTAATGGTGCTACAGGAGC
NZ_CP089520.1_gap4	135277	137201	1924	GGCGATTATTATTGGCTCAATTCCTATTGCGATTGTCGGATTATTATTCAAGCATGAAGTAGAAACGGTTCTGCGCAGTTTGTGGTTTGTGGCATTCGGGCTTATTGGCTGGAGCGTTGTTATGTGGCTGGCTGACAATCGTGCGGTAAATAACAAGCGTGGCGAAACTGAGACGAGCTGGAAAGATACTCTGGCTATTGGCGCGGGGCAGTGCTTATCGCTCATTCCAGGAGTTAGCCGTTCTGGCGCAACGATTTCAGTCGGTTTATTCCGTGGATTTGACCGCGTGTCGGTTACGAAGTTAAGTTTCTTCTTGGGTATTCCAGCGCTGTTCGCAGCAGGACTATTGGAAGTTGTTACCAAATATAAACACATTTCTGGTGGCGTTGGCTGGACTTCAACCATAATCGCCACGGTAATCTCATTCGGTGTGGGATATTTAGCTGTTTCGTGGCTATTGAAGTTTATTCAGAGTAATAATTTTCGCCCATTCATAATTTATCGATTTGCATTAGGTTTGGTGTTATTGGTTATGCTTGGCGCGGGAGTGATTTCTCACGTTTAAGTATGATTGATTTTTGATTCGACTACATGTAAAATAAAAGCATAATCAATATAACTAAAATTTAAGGGAGTGAATTATAGTGGAGCGAGAAAACACAAGAAAGCCGGCATCAAAGGCATTTGTCTTGAGCCTGTTCGCTATAACAATAATATTAATATTGCTACTATTTTTTATCTTTTGTAAGATGATGCCACGTGGCGGTTTTGACATAGATTCTATATCTGTTCGTCAGGACTCAGGCGAGATTCAGTATCAATATTCAGGCGGCGATTGGAAGAAAATCATATCTCTTGATGAGCTCCGTGGTAAAGACGGTCGTAGTATTGAAGTCCAAAAAGGCTCTTTATACATCCAGTGGCGATATACCGGGGAATCTGAATGGAAAAATATCATAGCCTACTCAGACTTAAAGGGTAAGGACGGCCGAGACGGTAGAGACGGCAAGGACGGTCTTAATGGTCAGAATGGTAAAGATGGGCGAGACGGTATTAATGGTAAGAACGGTCTTCATGGTCAGAATGGTAGAGATGGCCAAAAAGGCGATAAAGGCGACACTGGTGCGGCGGGTCCCGCTGGGGCAACTGGAGCCATGGGAGCTACCGGTGCGACTGGTGCTACAGGGGCAGCTGGCCGAAATGCTACAATTTCTGTAACCAATAGCACTCAGCCTTGCTCAACTGGATTGACTATTACCGGAAATGGTACAAGTAACCTAGGTTTGCAATTTACAGGTAAGAACTTTCCTGCGGGTGGTAAAATAAATCAAGTACTCGGTAAGAAAACTGATGATGACTGTGACGTTGAGTGGAAAGATACGTACGAAATTCGCGGAACTGGTATGCCTGAGGGTAATGTTAAGGCTGGTGTTGGTACATACTATACTGATACAGCTGCTACAAACGGTGCCATTCGCTGGATTAAAACTCGTGGTAGTGATAAAACAGGCTGGAGGGTTGTATACGGCGATACTGGCTGGAGAAGTGTTCCTCAAATTCTCTCAGCATCCATGAAAGCTAGCGTGGTTAAGGTTCGACGAATTAACAATACTGTTTATCTGTACGCAGCTCTTACGGGCTGGGCGTATAACTGGAACGGTGGTGGTGCTTCGTTGCCAGATGGGCTGAGTCCTGGTTACCAGATGCAAGGTCCTTCTGCTGGACGACGGGGTGACTCGTACTTGACTTGGATCGTTCAAACTGGTGGACAGATTAACGCTGAAACACCTGGCGCTCAGAGTCCAACACCACCACTCCCTCCAATTGTTAGCGTATCGTATGTGCCAAACGACAATGTTCCATGGCCAACAACGTTACCTGGCACGGCTATGTAAGTAAATTATTTACACTTATCTAAAAAGCC
NZ_CP089520.1_gap5	147231	149296	2065	CGATTGCTACGGTTGTTTTCGTGGTAATTTCTTCGCTTGTGGTCTTTAATACTATTCGCATGGCAATTTTTAACCGCAAGGACGAGATTGAGATGATGAAGTTGATTGGCGCGGAACGCAGCTTCATCAGAGGTCCGTTTATCGTTGAGGCCATAATGTATGGATTTATCGCGGCAATCATTGCGACAATAGCCGGGTATAGCTTGCTGTTTTTTGCCCATGATCCGATGGTAAAATATGGCATTCCCATTGATAATCTTTTGAGTCATCTGATGGTTTATGGGGTGCTAGTTTTCTTGGGCATGATCTTAGTCGGCGCATCAATTGGCGTGGCGTCATCTTGGGTGGCAACTCGTAAGTATCTAAAGCTGTAAAATAAAGCTGTAAAAAGTCCTTGACATACTGATTATGCTTATGCTAACATAGACGTATGAAACTACGGTCCACCACACCAGTTTCGGCATCATTGGTCAGCAGAGCGTCTCTGGTGGCGATGTCTGCATTGCTCGCTGGATCGGGCATTTTTGGCTTGGCATCACACGTATTGGCTCGCGATTATAATGCTGAAATTCAGACAAAACAACAAGAAGCAGATAATTATAATGCCGAGGCTTCGCGCTTGGGTGAGATGGCTGATAGTTTGCAAGCGGAACTTGATAAGATAAACGGACAGATATCAGCTATTCAGGCGCAGATTTCTGATAGTCAAAAGAAGATTAATAATCTTAATGAACAAATAAAGAAGAATGAAGCGTCTATTAAGCAGAATCGTAAAGCGATGGGCCGTATCTTAGCAGACTTGTATGTCGACGATCAGATTTCGCCGCTAGAGATGCTTGCTAGTTCGAAAAATATCAGCGACTATATCGATAAGCAAGAGCAGCGCAGTTCTTTGAAGACGTCATTGAACGATAAGATTAAAGAAATTAAGGCTTTGCAGAAAAAGCTAGAAGAGAATAAGAAGTCTGTTGAGAATACGCTTCGCGACCAAGAATTGCAGCGCAATGCAATGGCGGCTAAGCAGTCTGAAAAAGCAAAATTGATTGCTGATACGAAGAATGACCAAAATAACTACGCGGCATTGGCTCAGAAGCGTAATTCTGAGGTGGCTAAGTTGCGAGAAGAGCAGGCTGCAGCTAACCGACGAGCCCTTGGTGGTAGTAATGTCTCCATTCCGGGTGGCGTACCTGGTGGTGGTGGTTATCCTGGCGTTTGGGCAAGTGCTCCACTTGATGCTTATGTTGACCCATGGGGATTGTATACGCGTGAGTGCGTGAGTTATGTAGCTTGGAAAATTCACAGCACTGGACGATATGTTCCGCATTTTGGTGGTGCGGGTAATGCAAACCAATGGCCATCTACTGCAGCGCGTCACGGTATTTCTAGCGGATCGACTCCAAAGGTTGGTTCGGCGGCTGTAATGAATATTGGATATTACGGACACGTTATGTACGTTGAGTCTGTTAATGGTGACGGAACTATTACTGTTAGTGATTACAACTTTGCCTGGGATGGTTTATATAGGCATTACACACGCTCAGCTTCAGGATTGACATACGTTTACTTCTAATTAGCATAAAGTGATACACAAAAACGCTCGTGTTAAACGGGCGTTTTGTAGTATAATAAGTATATGGTTACGGGAGAGAAAAGACAGCAATTAAGTTGGTTTTTGACGCTTGTTATTGTGGCTATTGTTAGTTTTGTGGCGGGAGCTCGCTCTGATGCACTGTTTGCTAATGTGGCGTCGGTATTTGGCATCAGAACTTCAAATAAGACGATTGACTTATCTAGTGTTCAAAAAACATATCAAGAACTGATTGCTAATTATGACGGAAAATTAGATACTCAAAAGTTAATTTATGGTGCCAATCGTGGATTAGTCGAAGCGGCAGGTGATCCCCATACGTCGTATATGGATCCGGATGAGGCAAAGGAATTTGACAAGTCATTAAGTGGTCAAATTGGTGGTGGAATTGGTGCGGAGATTGGTCTTAGAAATAATAAGCCGACTATCATAAAACCTCTAGAAAACAGTCCAGCTCAGAAGGCGGGAATTAAGGCT
NZ_CP089520.1_gap6	192206	196130	3924	ATAAGCGCGGATATGATAATTCCTAAAATTAAGAATGGGACCGCCTCGACAATTACGCTTAGCGTTAGCGTGATGAAATCTTGTAATGACGGAAGTAATTTATTGTACAATTCTGCAAATTCTCCGTTTAATAACATGACGCCGAATCGTGAGCTGAATTGATAAATAGAAATTATAAGGACGCCAAAAACCACCCAACCGATCAACTCGCTGTTGGCTGATAAAAACTTTTTTATGCGACCGTCTGGCGATTTTTGTGCCATATATAAAATTATACTCCATGCTTATATGTTATACTAAATCAATATGAAGCATCTTTTACATTCACATCATCCGTTTCGGATTTTCTGGTTTTCGGTCCTATTAACCTTAGGTTTGGGTAGCTTAATTTTTAGCCATATGGGCGTTAGCGGTCTTTGGCTATTTACTATTTTAGTGGTTTTGGAAGTTACGTTTAGCTTCGACAACGCGGTGATAAATAGCAAGGTCTTGGCGGGAATGAGCCAAGTTTGGCAGAAAATATTCTTAACTGTTGGTATTTTCATGGCTGTGTTTGTTGTTCGATTTATATTGCCAATTGCTATCGTGATGATTGCAAGCGGCCACGGATTTATAGATGTTGTCAATATGGCGCTTCATAAGCCTGTTGAGTATGGCGAGATCCTGCATGAGGCGTCGCCGATGATTGACGCGTTTGGTGGTGCGTTTTTGATTATGATTGGGCTTAGTTATTTCATCGATTACAACAAGCGTGTCCACTGGATGCGACATGTTGAGCCGATTTTAGCGAAGGCTGGGCGATTTGAGAATTTTAAGGTGTGTATAATGCTTAGCGTGGCGGCTGTCTTGTATTTTACGGTTGAGGCGCCGCATAAATCTTTGGTGTTGATTTCAGCAGTTCTTGGAATTGTGCTGCATATTGGGTTGGAGCTATTCGGGTCATTTTTTCATGAAGATGACGCGAAGTCCGTTAAGATTAAAACTGGTTGGGCGGCGTTCGCTAGCTTGTTATATTTGGAGATTCTGGACGCTAGCTTTAGTTTTGACGGCGTGATTGGTGCGTTCGCCATTACCAACAGCGTGCTGCTAATCGTGGCTGGACTGGGCGCTGGGGCAATTTGGGTCCGATCGCTAACCGTATATTTGTTGCGAACAGGTGCGCTTAGTAAATATAAATATTTGGAAAATGGCGCTCACTGGGCAATTATGGCGCTCGGCGTGATGATGATTGCCAAATTATTCCACTTGGAATTGCCGGAATGGGCGACGGGCGGCTTGGGTTTGTTGTTCGTGAGTTTAGCGGTCGGCAGCAGCATATTGGAAGCCCGATCTATCAATCTGCAAGAAGCTGCGGCTACAAAATTACATCAAGCCGAAGAGCAATTGAAGAACGGCGCGTCAAAAATTGTGCCGCGAAAACGACGCTAGAATCTGGTTTAATATTTTATACTGAACGGCTCGATAGTTCCGTTGATGAACTTCTCGATCAAATTAACTGATTCGGGTAATATCCAGCTTTGGAGAATCTTTTGCTCGTCTGAGTTGAATTTACCCAGGACAAAATCTACGTCACCAACTTGACGTCTGAGTAAATTGTCTGTGCCAATACGAATGTGCCAAAAATCTGATCCAACGTGAGCGTGAAGGGATTTCAGTCCGTTACTGCCTGCGTCTCGTCCGCCTTTACGAGTTCTAATTTTACCAAAGTCCAGCGCCGTGTCATCGTGAATAATTAGTAAATCATCCAATGTCAATTTGTAAAAATCTAAGATTGCTCGGGCGGAAATTCCGACCTCGTTGTAAAAAGTAGTTGGCTTAACTAGTAGGATTTTTTCTCCAGAAATATTGAGTTCGGCGATATCGGCGGAAAATTTCGGCTTATTCGAAAAGGTTTTTCCCTGTTCTGATGCAAATTTATTAATAGCCAAAAACCCGGCATTATGCCGCGTGTTCGTGTATTTTTCGCCTGGATTTCCCAACGCTAAGATGACTTTCATAGACTTAGTATATCACCTTGTGAAAATGACGTATAATAAGCATATGGCAAAACGTGACGATGATTTGGAATTTAGCATTAATGCGCCGTTTGATGATGGGCGAGCGGTTATCGATAAAGTTCCGTTATATTTGGTGAATGGCTCGTTGGGTGCTGGGAAAACTAGTGTTCTTGAGTTCTTATTGCAACAAAGTGATTATAAGGGTTCTCGGGTGATTGAGAATGAATATGCTAATGAAAACGTTGACGGTTATCGATTGGAAAAGCTGGCGGATATTGTGACGACCTTGGCTGGCGATTGCGTTTGTTGTTCGTCGAAGCACGCATTAACGCGAATGTTACTTGACTTTTGTCGCAATTCCCCCGCCCCAGTGTTTATTGAGGCGACTGGTGTGGCGCGAACGATGAATTTGGTCGAGAAATTGATTAATGCACAAATATTCAATAAGTACGAGTTGGCGCAGAGTTTTTATGTTATTGATGCACATGAGATTTTACGTGGAATTGAGCCGGCGCATGAAATTGAGTTGCAAGCGGCTGATATGATTTTAGTGACCAAAGAAGATTTGCTAAGTGACGACGAGCGACTGCAGTATGAATCTAAGCTGAGCTCCCTGCCTTACGGAAAAATATTGAGCGCGCCACGAGGCAGATTTGATATCAATAAAATGACGACGCCGTCGGGGCTACTAACGTTTTTTGATACGTACGACGGTGAGCTAGTCGTGCCAGACAATCCGACGTATGCGGTGCTGGATGTTTCTGGTATGAAAATTGCTGCGGCGACTCTGGAGAAAATTTGGCTGGAACTTTTTGATACTTATAAACTCAGGCGAATGAAGGGCTGTTTTATTGATGATAATGGTGTGCGGCATCATTTGGAGGCAACGGAAAATCAGATTCAAATAGCTAATTCTGCGACGGAAGAGCCAGCAAAAATTGTGCTAATTGGTGAACGTGCGGACGAAATTACGCGTGAAGTTTTGTCTGCGCAATTGATGATGTTTGAATAAAAGTTTACTTTCGTCGTTTCCGACTCGTCAGCATAGACACGCATCTATGGAGCGAATACAGCTAAGATTCGTTATAAAAGAAAATAGCCCGCTCGAAAACGTGCTCAAGCCGAAAACTGGATTCAATATTGAGTCTATTTTCGAGCGAGCTATTTTCGAGCGGGCTTACTGATCATCAGCAGGAGGGTTGTTATCCCTCTTGCCTCCGTACCAGATACGCCGGTACGTAGCGGTACCAGTCGCTGCAGCCCCGAGAGCTGCTCCGATTGGAGCAGTTATGACAACGGGAACTCCCGCTACCTTACCTACGACTGCTCCTGCGAGGCCTCCTGCGAGACCTCCCGCGAGGCCAGCTCCAGCGACCATCCCAAGCGCGATGATCACCATTGCTTTTAGAGCTGCTTCTCCCATGATAACTCCTCTTCTGGAGTCAGGCGGAGAAATAAACTCTCCGCAGAACGGTGCGTCGATTTGACGCAAGCTAACACACGTTGTGAAAGCTAATATATGTATATCACTAATAGAACAAAATGTCAATGGATTTTGTCAAAGATGTGGTATTATATGCCTTTTTCGGCGTTTTTGGCCTGCTTGTAGGCTTTGGTGACTGGCGCCAGACCGCGCGCAACGCGTTCACGATTGGCCTTTAATTGCTTTTCGTCGCGGAAAGACATTTTAATTGGTGTTCCTGCAAAATTGAAAGCCTCGCGTAAAGTTCGCTCCAGATAACGCTTGTAGCTCCAGTGGACAAATTTCAGATTACTACCGTAAATAACAAACCACGGCGGAGCAACGTCCGTCTGGACAATGTAGCGCAGCTTCGGGTGCGAGTTTTTCAGACCAGCTGGCGGATGTGCGGCGATGGCTTTCTGTAAAATGTCGTTTAAGGCGCGAGTTTTACATTCTTGGCGACGG
NZ_CP089520.1_gap7	209820	214487	4667	GGATCCAGAGGCTCGTCTTCACTGACTACTGGTGTGATATTCTGGCTTTCCTTCGTCAATCGAGAAATCTCCCGGTTTTTTGCCGCGATGTCACCCGCGTAGTAACGCTCGTAATACATCTGATAATATTTCTGCCAAGCGCTGTGGTATTGTTTCCATTGGTCGGCTGAAACTTGAGTGTGGATGGTTGAATTTTGAGTTTGAGCGGTTTGGTTTGCGGATGCGGAGTTGTTGTTTTGCAGATTTGTCTGGGTTTGGGTAATTGGCGCCGTTCGCATAGCGTGATTTACGGTATCTTTTTTCGGCTCTGGCTGTGGCGTTGTTGAGATTTGCTGATGTTTGAATATTTGCGCCTTGGGCTGTTCTGGTCGGACTTCGGGTTTTGATTGTAATTGAGCGGAAAATGGCTGTAACTGAGGTTTTTCTGGTGCGGAACTCTGCTCTTCTGATCTGGAATAAATAGCGTCAAGCTGTCCACGAATAACATCTGCAGCGGCATTTTGCGAAGCTGTAGAGTTGCGCATTGGCGGCGTGAGGGGTTGGCGCTGATCTGGTACCGGCATGCCCACTCGACCGTTTGATTGATCATCCGTCGGATACATAACTTCTTTAATTATACGTCAAATCGACATCAAATAAAAGTCGTGCTTGTGAGAAATTGCTAGTTGTGCTACAATCGTACGGTAGCTTGGAGCGTTCTCTTGTGCCGCGGTGGCGGAATTGGTAGACGCGCTAGACTCAAAATCTGGTGAGCAATAGCTCGTGCCGGTTCAAGTCCGGCCCGCGGTACCAGAGGCAGCTTCAGGTGATAATCGTCCATTTTGGGCGATTTTTTATGCAAAGAAAACTGACGTCTATGGCGAACATGAATGAGATTAGCATCCCGACTACCGCTCCGGCCAGGGTGGGGATGGCGATGATCATCGCGATTGCCACGACCACGATGACGAGGGGTCCGATTTTTTTCATGACGCTTCCTTTCGAGAAGTGTTCTTGCACTCACGACCAAGGGCTACTTTCGCCCTTTGACAAGTCACGAAAGCTTGTTAGTATCATATAACTAATTGTACGTAATGTCAATCGGATATTTATAAGAAGCTACATTTTGCAAATAGCGGTGCTGATTGCTGCTAGCGGTGCTTTCGGCGACCAAATCAAGTAGCTTGCGGCGCGGGCGCCGACGGTTCCCCGCCAAATTGCCATTGGTGCGTCCCATTTTTGGGTGACGACTTCTCCGCTGTGGGCGATTATTAAATTGTCGGCATGAAAAACGCAAATTGTTACGGGATATGTGATGGTGAATTTGTGAAGCGCTTCAACGAGTTGTGACAATTGAATGCTGAACGTAATCATTTTTGGATAATAAATTGCGCGGAATATTTTCTGAACTTGTGCCAGACTTGCTATGAAAACCACGTGCGGATTGTCCAAAATTTCCTGAAAACTATTCTGCACAAGGTCAATCGCGTCTCGCGTCAGCACGACGGGAATTTCTGATTTTTTGATCAATTCTTCGTAGACAATTGCCGTTTGACTATTCCGTCCAGCGTCGCCGCATAATAGCAATACGTCTGCCCATCTTTCCAGCACCAACGCCTCGTCAAGTGCTTCGTTTGCCAAACTTCCCGACTGGTTCGTCGGTGCGAATAAAACGTCTGTCATATTCGCGGGAACATTTTTTTTCAAGGCATCAGGGAGTAAAACGCGAGCCTCACCTACGCCAGCCTTGAGCGCCTCTTGGTAACTTTCTGCCACCGCCAAAAAGCCTAATTTGTTACCGCCGATGATTCCTAATTTTCCTGCTTGGTCGCGTCGTTCTGGCTTGTTCCATTCGACATCTGGAAAAAGTGGCTTCCCTGGTTCTTGTTTTTGCCAAAATTTCATATCCATTACAAATTTACCTCAATGCTCACCGGGCAATGATCGCTGCCCATTTGTTCTGGATGGATTTGCGGATTAGTAACGCGATTTGCAATTTCACGCGACGCTAGCCAATAGTCAATCCGCCAACCGACATTTCGCGCTCTGGCATTTGCCCAGTGTGTCCACCAACTGTACGCGCCAGTTTTTTCGGGGAAAGCCGCCCGGAAAGTGTCAATAAATCCAGCGTCCAAATAGTTCTGAAAACCTTCCCTCTCCTCATCAGTAAAGCCGTGTTTGCCAACGTTAGGCTTCGGATTTGCTAAATCAATCTCCTGATGTGCCACGTTCATATCGCCACAATAAAGGACTGGCTTTGACAATTCCAATTCTTCCAGATAAGCCAGAACTGCCTTGTCCCATTTTTTATATCGCAAATCTAATCGGCTCAAATCCCCTTTTGAGTTCGGAGTGTAGCAATTGACAACCCAAAAATAGTCAAACTCGGCGGTGATAATTCGTCCTTCGTCGGCTGGATTGCCGTATTCGTCGCCCGTTAAATCAAATTGCTTAATGATGTTTAGTGGAAAACCGTCGCGCCAATTCAGAGGTGGGATTTTAGAGAAAATTGCCGTGCCAGAATAGCCTTTTTTGGCGGCGGAATAGAAATGCTCGTAATAATTTGGCAGGTCAATTTCAACTTGATCTCTGGTGGCCTTAGTTTCCTGCAGGCACAGAATATCTGGATCGTACGTGTCGATGAACTTTGCGAATTCACCCTTGTTGATAACTGCGCGAATACCGTTTACATTCCAGGAAAATAATTTCATAAGCTAATTATATCTCATTGTGATATAATCCATCTACAAGGAAAGGAAAAGATCCTATTATGCTTAATCTCTTTGCAAAAAATAAACGACCGCTACTTACAAAAAAACGAAAACGAGGATTAATTATTTTTGGCTGTATAGTTGTAGCCTTGGGGGTTATTGGCTATGCGGGTGGCTTAATGGAACAGTCTAGACTTGAGAGAGATAATGTGTCGATAGTAGTTTCTGAGATAGATGACGACATTAAGCTTGATTATCATACGACTAAGCGTGAGATTTCTGCTAAAATTTCTGGCATTAGCACTTTTGCTGAGGTGAAGGTTGCTGGAGATAGGGTTAGTGTATACAACAGTAAGGATACGAGCGGCTTCATTAAGTATAAGATTGAAAATATCAAAGAAGGCGACAGCGATGTAAACATTTCTATTGTTGATGGCAAGCGTCGTGGTGATAAGACAATTAAAATCCATCGCCAAACAAAGGATGATTATGATAAGCAGGAGCTTGAGAAAGCTCTTAGTAAAACTGAAGAAATAGTTAAGAAAGCAGAAGAAGATTCTTCTGATGAAAATATTTCTCGTGCCAAATCAGATATTGATAAATTGCCAGAAGATAAACGCGGACAATTCTCTGAGCGTATTGCTAAATTAGAAAAAGCCAAGCAGGAAGAAAAAGAACGTGCCGAGAAGGCTAAGAAAGAGGCAGAAGAAAAGAAGAAGCAGGAAGAAGCGGCGGCGGCCGCTCGGGCGCGCCAGCAGCAGATTAATGCTCAGCAACAGACTACTAGATCTCAGCCTATACCACGCCAGGCTGCTCCTGCCCCACAGCCATCTCCTCAGGGTCCACATTTCCGTAGTTGCAAGGAGGCTCGCGCCGCTGGATATAGCCACATGCGTCGTGGCGAGCCTGGATATTCACCCCACCTTGACGGCGACAATGACGGTATTGCTTGCGATAAGCACAAATAGCCTATATCCATGAGTAACGAAAATCTTTTTGCTATACTGTAGATATGAGTAAGAAAGACGATAAAAAACTAATTGTTAATATGATTTCTGAAAGCGAGTTTACCGTTCAAGGTCATGGCGTACATACGGCCTATAAAGAGATTGCAGACGCGCTTCGTAAAAGAAAAGATATTGATATTGAAGTAAATTCTGATCGTCCTGCTGACATTGTTCATATTCAGACTATGGGTTTATACTCGTTCCGGCATTTGATGAAAAAAGGTGGCAAAAAAGTCGTTTCTGCTCATCTTGTGCCGGATAGTTTTATTGGCTCGCTTAAAGGTGCGAAATACTGGAAGCCTTTAGGCCGAGCGTGGCTGAAATTCTTTTATAAAAAGGCTGATTTGGTTTTGGCTTGCTCCGGTATGGTTGCTGATGAATTGATAAATGATATGCACGTGCCAAAGACGAAAGTTCTTTACAATACGATAAATATGTCGAGATATAAGCATTCTGCTGCGGAGAAAAAGTCGGCTCGGAAGAAGCTTGGCTTGAAGGATAGCGATTTTGTAGTAATGGGAAATGGTCAAGTTCAGCCACGAAAGCGTTTGGATATTTTAATAAAAGCTGCCAAAGAAATGCCAGATGTAAAGTTTTTCTGGGTGGGAGGAATTCCGTTTAAGAATTTAGGCGCGGATTATAACGCCATGCAAGATATGATTAAAAATGCGCCGAATAATCTCACTGTAACTGGTGTGATACCTCTGGAGAATGTTCGTGACTATTATGTCGCTGCTGACGTTTTTGTTCTGCCCGCTATGCAAGAAAACCATCCTATGTGTGTGTTGGAGGCGGCTGGCGCTGGCTTGCCGATCATTCTACGCGATATTCCGCAATATAACGACACATTTAAGGGCGACGCTGTTATGGCGAAAACGGACGATGAGTTCTTGGAGTTGATCAGTAAATTGCGCAAAGATAATAAAGCTTATAAGAAAGCGCAACTTGGTGCTGAGAAAATTGCTGAGCG
NZ_CP089520.1_gap8	221416	223500	2084	CACTGGACGCAACAGTTTTAAAGAAGTTAAACGACTTGCGGGCGAAGAAAATCTAGGAGGAAAAATGAGCAAGATTGATGTGACAGAATTAGCCAAAAGCCTGCGGGAAAAAATCGCGCAGCTGGAGGCGACAGAAGGTTTGGAAGATGCTGGCGTGGTTATTCGCGTTGGTGACGGCGTGGCTTGGGTTCACGGTTTAAGTAATGCTGGCTATAGTGAAGTGCTAGAGATTGAAACTGATGGCGACACGGTTGAGGCATTTGCCCTAAACTTGATGGAAGATGAGATTGGTGCGGTGATTCTTGGCGGTGAAAATAAGGTCAAGGCTGGCGCTAGCGTTCGTCGCAAAGGTTCGGTACTAGACGTTCCTGTCGGCGAGGAACTGTTGGGACGAGTGGTTGATCCGCTAGGTCGACCTCTTGACGACGGTCCAGCGATTAAGACGAAGAAACGTGGTTTAATTGAGCGTCCTGCTATTGGTGTGATGGGTCGTAAATCAGTTCACGAACCTCTGATGACCGGTATTATGTCGATTGACTCAATGTTCCCAATCGGTCGTGGTCAGCGTGAGCTTATCATTGGTGACCGTCAAACTGGTAAAACGGCAATTGCTATTGATACGATGATCAACCAGGCTCGTCAAAAGACTGGCGTGGTGAACGTTTATGTGGCGATTGGTCAGAAATTGTCGAAGATTGCTCGATTGGTCGACCGATTGAAAGAAGAGGGCGTGATGGATCAGACGATTATCGTTGCGACTAGTCCGTCTGACGCAGCTTCCCTACTTTACTTGGCACCTTACGCTGGTACAGCTATGGGTGAATATTTCCGCGATAACGGCGGTCACGCATTGATGATTTATGACGATTTGACCAAGCATGCGGTGGCTTATCGACAGATGTCGCTATTGTTGCGCCGCCCACCAGGACGTGAAGCCTACCCAGGTGATGTTTTCTATTTACATTCACGACTATTGGAGCGTTCGGCTAAATTGTCTGATGAACTTGGCGCGGGAAGCTTGACGGCTCTGCCAATCATCGAAACTCAGGCTGGCGACATTTCCGCTTACATTCCGACCAACGTGATTTCTATTACCGACGGTCAGATTTTCCTGGAAACCGACTTGTTCTATCAAGGCATTCGCCCAGCCATCTCAGCCGGTCTATCAGTTTCTCGCGTTGGTGGCGCGGCTCAGACGAAAGCCGTTAAATCTGTTGGCGGAAACTTGAAGCTCGGTCTTTCTCAGTTCCGCGAATTGGCATCATTTGCTCAATTCGGTTCAGACCTTGACGACGCAACAAAGGCTCAAATTGACCGAGGTCAGCGACTCACTGAGCTTCTGAAGCAGCCACAATATCAGCCAATGAGCGTCTGGGAGCAATTTGTTAGTATCCACGCTGTGACTGGCGGTATGTTTGACGATGTTCCAGTTTCTAAGATTAAGGACGCACAGTCTGCCCTATTGACTTATCTCTGGAAAAATTCTAAAGATGCTATGCGTGAGCTAAACAAGGGCGACAAGCCTTCGGACGAGCAATTGAAATTGATTGACGAAGCTACGAAAGAAATAGCGAAAGGATTTGAGGAGTAATTCATGCCGAGCACTCGCGCGCTGAAAAATCGCATTCGTTCGGTGGACTCGACTAAGCAGATCACCAAGGCTATGCAATTGGTGGCGGCTAGTAAAATGCGTCGGGCTCAAGAGGCAGATAAGGCTTCTGCGCCGTACACAATGGCGGCGGAAGAACTACTGTCTTATTTAGCGAGCCAAGGCGCAACTGACAACCACCCGCTGTTCGTTAGGCGAAAGATAAATAAGCGATTGATTATCGTGGTGGCTAGCGACAAAGGTTTGGCTGGCGCATATAATACCAATATTTTGAAGAAGTATTTGGAGCTATTGAAGCGTGATGATGAGCGCGGAATTGAGAACTTGACTTTGGCTATCGGTCGCCGGGCTTCGCAGTTCGCAACACGCCTTAAAGATACAAAAATTGTCGGTACGTATGAAGATTTGCCAGATCAGCCGTCTGGATTGACATTCCATACGATTTTAAATACGGCGATAAATATGTTTAAGAATG
NZ_CP089520.1_gap9	230731	231740	1009	ATAAAATCATATCGTCATAATCAAATAATGAACGCTCGGACAGAATATTTACGTATTTTTCGTAAACGTCAATTGCGGCAGATAATTTTTCTGCGGCGGTAAAATCTTTCAGGACAAATTCGCCATTGGCATTTTTTTCGCACCATTTATTTTTCCAAGCAGTCAGTGGTTTTGTTGAGTTTTCATCAATCACTTCCTGGGCGGCGTGCGCAATGCTCAGTGCTAAAACGTTGGCATATGGCGTGATTGAGGCTGGCAATTTTGAGTTTTTCTCGTCAGGATTTTTGGTGGCTAAATTGGCAATTTTCTCAGCTATCGGCGCAAACATTTCAATTGTCTTTTTCGATATTTTGGCGGAAAATACTTGCTGAATGTCTGGCGCGATTTCGGCGATTGTGCTTTGATTGTCCTCAATAATTGCCCGTAATTCTGGCGGCGTTAAGCCGCTTTGCTTGAACTCGGAAATTATTCGGATGAGGTCTTTAATATAAACGAATTCCCCGTTGTTTTTCACGCTTAATGGATTCCGCCAATCAAGATCTTCAAGTATTCCAGAGATAATTTGATATTGCGTCAATTCGTCGACTGGCTGAGCGTCAGCACCACGGAAAAAATACTCGCGATGTTGATTAATAATTTCCGTGCCGAAGCTGTGAAATGTATGAATCGCAATTTTATACGCGTCCTCGCCGATAATCTGACGGAGCCGTTGGCGCATATTTGTGGCACCACTTTCGGTAAACGTCAAGCATAAAATACTGTTCGGTAAAGTGTCGGTTTGTCTTAGGATTTGGGCAGTGCGCATACTTAGAAGCTCGGTTTTCCCCGTTCCTGGTCCAGCAATTACCAAAAGCGATCCGTGAATATAGTCGACTGCTTGTCGTTGATTATCATTTAATTTAGCGTAACGAGTATTGAAATCCATAGTTTTATTCTACCATGCTGGCAGGCTTCAGAACGCGATATTAAAATTGCCATTTGCAGAATTCATCCAAGGTTTTAGATTCAG
NZ_CP089520.1_gap10	234228	238783	4555	TGGTGACTATGCCGACTCTCATGTGGACGCTATTTCCTCCCACGCCGAAGCATCGAATAAATCCGAAGAGATTCTGGCACGATACTTTGCTGGCCGTTGCGCCTGTTGCTTTAATTACTGGCGTGACTGTCGCGTTCACCTATTGGATTACCTCTGTTATGTTCCCTGGTCACGCTGCAGAAGTCGCAACGATGACCGTACTTACTGCAACTTTGTTTGGTGTATATTTGGTGTTCTTGGTGGGAATTATGCTGGACGTAACCATCGATAAATCCGCCAAACGCGCTCGCTTGCTTTATCTTCTGTCGGTGATCATCGTAGCAGCTGGAAGCTTTGGTTTTGGCTTCTTGCGCAACTTCTTTGACTTCACTGTACCAAATTTATTCATAATGTGGCCAGCAGCTGGCGCAATTGTCGTAGCGATGTTAGCCCAGCTATTCATTGCTCGCCGGGCTGGCCGGCGAATCGTTCGATAAATATAAATACTAAGGAATGCAGCTAGATGCATTTTTCATAGGGGTTAAAGAATATTTTACTTGGGTGCGTTTAGGTATTATTGATTCTACTAGTACATTTTTATTCGGCTACCAGTATTTGAATCAGTAAAATACCTTCCACTTTCGTCAAAATGGAATGTTAGGTCTGTACCTATAGGCATGTCGTATACTGCCAAAACGGCGGGCTCAATATTTGCAAGGGTATTGAAATCTACAATTATGAGATTATTTGGGTTATCTATATATTCTTGAGTGTCAGTATCTCCTATTGCTCGCCATCCACAATCGGCTGGATTGGCTCCTTCTTCTCTAAAAAGCCATTTTAGCTTAGATTTTCCCTCATAGATCGACTTAGTTATAATAGCGCCCCCAGCGTTTTGTATAAGAGGAACCTCTTTTTTATTAAATAATTTCATAAAACCTCCGTGACTTTATCCTGTATATTTTTATCCAAAACCACAAGGTGTTCAATGTGCGGCGTCCTAGGGAAGAAATTGTAGCCTTGATGGTGTACGATTTTGTATTTTTCCTGAAGTAGGCTGACGTCTCGCGCTTGCGTGACAGGATTGCAACTCAGATAAATAATCCGAGGCGGCTCTGTTTTCAGCAGTCTATTAGTAACATCCGAGTGAAGTCCAGCGCGCGGCGGATCAACGATGACAATTTGCTCGCCCGTTATACATTCCAGAGATTTTTCGCTCGGCGCCAAAATCGCCTTGGCACTCGGTCGATTCAGCTTGGCGATATTCCTCTGCATTTCCGCGACGGCATGTTCGTTAATCTCCACGAGCGTCACGTCATCGCCTCCAATTGTCAAACCAATTGTCCCAACTCCAGAATAAAGGTCAAGTATCGGCAATTTTTCATTGCAATTAATCCACGCTTTCATATCGCTCAGGGCTTTTTCGTAAACGGGAATGTTGACTTGGAAAAATCCTTCGCAAGCGTAGTTGAATGCGACGCCTAAAATCGTGTCGCTCAGTGTCGTGTCGCCGAATTTGTTCAAGCGTTCGGTGATTCTGCTGGCTGGGCTTTTGGGGTTGGAATAAATTATCTCGCCGCCCGCAGCTGATAGTAATTTGGCTTCATCGTCGGAAATCAGGTTTTCTATCTTATCTTTTACGTACAATTGCCAGACGGCGTTTCCCTGTTGGTCTGAGCGAATCAAGAGTGTTTTTAATTGGCGCGCGACAATCGGTTTTGTTCGTAAGAGGTCGCGGATTTCAATTGCCAATTTATTTATACTCGGATGCGCCAAGCTGGTTCCGTCAACGATAACTTTTCCTTTGCCGCCACGCTTGAAAAACGCCAAGTCCAGAGTTTCTTTTGTGCTATTTTCTGTTGTGTCGCCAAACCAACTGAACTCAACTTTATTGCGATAATTAAATTCCACGCCGTCAGAAAAGACCTTGATTTTTTCAGGCAATGTGATGTTATGAAGTGAAAAAGCCTCTTCGATTAGCGAGATTTTCTGGAATTGCTCGCTGGACATCGGCATTATTTGCCAAGGACTGGTGCTTAAATAGCTATTTTCGTCCCGCGGCGTAATTCGCTCTGGGCTTTTCTCGATAATTTCTGTCACTACCCCTTCGACGAAGTGTGATTTTTTCTTTGTCACGCGAATTGTTACAAGTTCTTTTGGTAATCCTCCCCAGACGAACGCTTTGCGACCGTCGTCAAGTGTTCCGATAGCTTGCCCGCCGCCAACGATTTTTTCCAATCTTAAAGTCTCAAAAATTTGTTTTCTCATTAGATTATATTATATCAGGATGTGTGGATTTTTTCTGTCTGGCGTGCTATAATCGTCATTGTCCTGGCAATAGTGGGACGTCGCCAAGTGGTAAGGCACTGGGTTTTGGTCCCAGCATTCGCAGGTTCGAATCCTGCCGTCCCAGCCAAGAATTTTTCGCACCTGAGAGGTGTTTTTTATTTGTTAAGTATCAATTCGTTTTATCTCAGTTAAAGCTTTATTATAATACACAATGTCGTCGCCTTCTTCTGGTGTCCGTGCTTCAAATCCCATCTTTTTCCAGAACTCCTTAGCTCCCTCATTGTGATTAAATACTAGCAGAGCAACTTTATTGATGCCTTCTTCGCTTAATGCTTTTAGAGCTGATTCGGCCAATTTTCGGCCAATCCCTTGTCGCTTATATTGCTCGGCAACCGCGGTGTGATAAACATAGCCACGTCGGCCGTCGTGTCCGGCTATAATCGCTCCGGTGATCTCGCTTTCTTCTGCTGCTACAAAACATGTTGTTGGGTTGCGGTCTAAGAATCTGCCAATTCCCTCTTCTGAATCGTCCAGGTTATTTAGGCCCATGCCTGCATTTGACGTCCAAAGCTCATAGACATCGGGATAGTCGGTAGCTGTCATTGATCTGATTTCCATAATTATGTCTCCTCCGGGAAAATATTATAACACTCTACCAGCTAATTTTCGTCTGGTCCACCATTTATGGATTTCGCTGGTGGCAATTGGAATGGTTAGCGCCAACAGGTTAACAACAACGATATGAGCAATGTCAACCTTATGAATGTGTAAGATTTCACCAAGTGGTCCGAATAATACCAAAGCCTGCAGTGTTAGTGACATTGCTATTCCAATATAAAACCCTCGGTTCATTACTTTTAGGCGTGTGAAGACGGAATCTTGGTCGCTGCGAGCATTAAATGCATTTGCCCATTGACTGACCACCAGGGAGATGAATGCCAGAGTTTGTGCGTAATTGTGTCCGTAATGCTTTTCAAAGAATACATAAGTAATCAGGGCTATTGCTGCCATAGTTCCAGCAGCTACAGCCATTCGCCAAACCATAACCTTATCTAAGATTGGTGCGTCGATATTCTTTGGTAGCTGTTTCATAATATTTTTTTCGGCAGGTTCCAGTCCGAGCGGAATTACCATTGACGTGTCGGTAACTAAATTGACCCATAAAATCTGTACAGGCTCTAGGGGTGTTTTAATACCAATTAGCAGCGCGCCTATCATTGTAATCAGCTCACCCGTGTTGGTTGACAGTAGATAAAACAACATTCGCCTTATATTGGCAATAATCGTTCTACCTTCCCGCATAGCATCAATGATCGTCTTGAAATTGTCATCCAAAAGGATTATTGCACCAGCATCTTTCGCGATATGTGATCCTGAACCCATAGCAATTCCCACGTCCGCTCCAGATAAAGCTGGAACGTCATTTACTCCATCCCCAGTCATGGCAGTAATATTATGACGTTTTAAAATTGTTAAAATACGATACTTCTGCTCCGGTATGACGCGTGAAAAAACCTTTGTTTGTTTAATTATCATATCTAATTGGTCATCGGTCATTTTTGACATTTCTCGGCAGTCAAAAACCTCCTCTCGGTTCTCAACCATACCTAGCTTTTTGCCAATTTGATATGCCGTTTCAAAGTGATCTCCAGTGATCATTCGAACCGAAACGCCAGCTGAAATTGCCGATTTTATAGCACGAGAAGCCTCTGGGCGCAAGACGTCAGCCACCGCCACGAGTCCTGTGAATTGTAATTTTTGGTGTGATATTTTAGAAAAGTCGGTCGGTATTTCTGAATTTTCACTAGTCGCCAAGCCTACCACTCGATAGCCTTTTGACGTTAGGTCAGTGATGGATTTTTTGGCAAGTTTTAGATCTGTTGTTGTTAACTTGCAGCGTTTGATAATTTCTTCTGGTGCGCCTTTATAATATATTTTATAGTTCACACCATTGTGCCAGATTGTGGCAGACATTGAGAATTCTTGATTGAACGGTAATTCTGCTGCAGGTAATCCACGTGCCTTTGTGTTATTTTTTCGAGAAAAATTATCTAGTGCGATATCTAACGGGTCATGACTTTTGCTATCGCCGTGATTGACAAAATATGTCATTAATTCTGGAAGATTATTATGTTTTTTAAGAGTCCATGTTTCTTGTACTGTTAATAGGTTTTTAGTGAGAGTTCCGGTTTTATCTGTTGCGATAGTAGTGATTACGCCAATAGTTTCAATTGCACGCATTTGATGAACTAATGCTTTCTTTTTCGCCATTCGTCGCATTCCTAGG
NZ_CP089520.1_gap11	249203	251180	1977	TAACTGAAATTTCTCGTAACACCTTTAAGTTCAGCGTTAAGGCAACTGCCAAGGGTGGCGCATCTATCACCAGCTACACATACAACTTCGGTGATAACAACATCAAGACAACTAACTCATCAGAAATTCAATACACTTACGCAAAAGAAGGCAACTACAAAGTTACTGTAACTGTCAACGGTAAAGAAACTGGTGAAGTTAAGCGACAGAGTGAAGGCTGTACAAAGACTATAGTTGTCAAACCAGAGCCAAAAATGATCGTTTGTGTAATTGAAGAAGGTGGCAAGAAGTACACTAAGGAGATTAAGAAGGAAGAGTTTAACGAAAAGATTCACAAGACTAACTTGGACGAATGTAAGGAAACTCCTACTCCTACACCAAACACCCCTTCAACACCAACACCTAGCCCAGAATTGCCAAAGACTGGTGCAAGTGACGTGATCATGTCAGCACTAGGCCTAGGTGGACTAACTACAGCTACTATCGCTTACATCGCTAGCCGCCGCCAAATGTAATAAGCTAAGCTAGCAACGAAATACCCGCTGAGATAGCGGGTATTTTTTATTGGGGATGAAGCTGTTGAGTCTATAATTGTTTTCGACCTTCTAGTGCGTGCGTCAGTGTAATTTGATCTGCATACTCAAGGTCAACGCCGACTGGAATACCTCTAGCCAAGCGTGTGATAGTTATACTTAATCCAGCTTCTTGGATGTAGCGCTGTAAGAATAGTGCAGTAGACTCACCCTCAACTGAAGCGTTCGTAGCAATAATAATCTCCTGAACGTCGTCTGTTTTTATACGCTCAATTAATTCTGGGATATGCAATTGTTCTGGCCCGATATTGTCAATTGGTGAGATAACTCCACCTAGGACGTGATATGTCCCCGTAAACTGCCCTGTCCTTTCTATGGCGACAATATCTAGCGGCTCCTCGACCACACAAACGAGTTTTTTATTCCTATTCGAATCTGCGTATAAAGGCGACACATCGTCATCTGAGTCGATTAACGCAAATGTCTTCGGGCAGGTTTTTACGCGGTCGTGCAATCGGTCTAATGAATGCGCTAATTGCTTTGCGGATTTGGGATTACGGCGTAAAACCGCGTAAGCATATCTTTCAGCCGTACGCGGTCCAACTCCAGGCAAATTACCAAAATCATCAATTAAAGCCGTCAACGCCTTTGGTAAAATATCGATTGACATGACTTTAGAATGGCAAGTTGCCTAGGCCGCCCATCAATGGCTTCATAGTTTCAGCAGCAACTTCCTGAGCCTTTGTCATGCCATCGCGAACTGCGATTTCGATCCAGTGTTCTAACTCTTCGATATTCTCCAAATCAACCATTTCTGGGTCAATCTTTACAGACTTGATCTTTAACTCGCCAGTGATTTGTACGATCACAGCGCCATCGCCAGCCTCAACTTCGATGATTTCTTTACCTAATTGTTTCTGTGCTTTGCGTAATTGTTGCAGCATTTTTACCTGATCAAACGCCATATTCCTCCTTATTTAACACTTACAATTATACCCTATTTGCGGTCGGATGTGTAGATATAGAAGCGGTCACCGTCTTTATGATCGTTCACCAAAATGGACGATACGTGGCCTTGATAGCTCTTAGGAACTTGTGATTTTGCGGCATGGCTCACATATAAAGTCTGCCCGACGTTTGCTGGCGCTGTGTGAATAATTGATATTTGGTGATAGCTGTGCTTTTTAAGTGCTTCGTAAATTGGTGACTCTTCTCTGCTGACTAATAGCGAGAATGAATCTGTCGGCGCGGTATTTTTACGGAGTAGAGATAAATCTTTGTTAAAGCGTGAAACTGCTTCTGGGAAATAACGATAACCGTCAATATAGCGGAAGCTGCCACCCACCACCATAACGATGATTAGCATTGATATAAGAACCAGTCCTGTGCCGCGAGCGTATGGATTGCGCGGGAAAAGCCCGTACCACATGTTCATTAGAGATTC
NZ_CP089520.1_gap12	253009	256323	3314	TGAGAGAACCTTTATTTTTGCTGAGCTCTTCAATTCGATCAAAGCTATCCGTCAGAATACTTTCCAGACTGACCAAATCTTGCTTGGTTGATTGGTCTGATACGCTGAAAAGTTCAGCTTCGGCCTTCTCTAATAATTCCTGCGTGGTCGTCGATTCGTCATAGCCAAGTTCAGAAATATCACCACTCGCTTTTATTAGGCGCCTGCGAACTGCTGCTTGCGCAATCATTTCCGCGTAAGCCGATGCGTGTGCTGCCGTTGGGACGTAGTTTGTTAGCTCTGTTAGATATGCCGAGCCGCCAACCAATTCCAGTTCGTCCTTTCGCTTCAATTCGTCGGTTAGGGTCAGAAGGTCGACAGGCTTGTGTTTTTCAAATAGCCGCATCATTCCAGCGAAAATCAGCCCGTGATTCTTGTCGTAAAAATCGCTAGGGTGAGTAATTTCTGCGGCGTCCGCCAAAACTTCCTCGTCAATTAAAACCGCCCCAAGCAAACTCTTTTCCGCGTCTAAATTTTGTGGCGGTATCTTCCCTTTTACTTCTTCACTTTTATCTGCCATTAAATATCCTCCAGCTTAACTTCTTCGCCACCACCCATTAATTCTGCAATTTCCGCCAATTTTTCGTCCTCTGGCGGTTTCTTCTCTCCAATTATATCAATTTCCAAATCTATCTCAGTTTCTTCTGAGATAATTTCTGAGATCAATGGTTTGTTTTTCGCGTCGTCCAGCTTTTTCTTATAAAACGCGGAACCTGCGTAAATTGTCAATTTTTCACCGTCAAACGACCACTGGCTTTTCTGCAATAATGACACCAGCCCGAGGGATTTTTCCTTCGCTCTTTCAATGACTTTTTCCCAATTTAGCTCTATTGGCGCGTCAGTTTTCTTTGGTTTTGCGGCGGGTTTTTTTGCTGGCTCGGCGGATTTTTCTTCTTTTTTAATCGGCTTTTCGGTCGGTTTTGCTGACTCTGCGGGCTTAATTGGCGTTGGTTTTGCGGCAGGTTTTTGGGACGCAGCTTGAGTTGTATCTTTCTTTGTCGCGACTGGCTTTTCTGTTGGCTGAGAATTGCTATTCATGAATATCGTCAATAATTTCAAGTCTGGGTGTGGGTGTCGATCAACCTCGATCAGTTGTTGAACCAGCCCAATAAGATTCGGATTTTTTCGTAACCTATTGCGAGCAATCGATAATAATTGATGCGATACAACAACTGAATTCGCACCGCTATTTTCTAATTCCTGAAAGATGTTTAAGACTTTCTCATTGTCGTCGGATGGATATGAATCCAACAAATTTCCGAGCATCATCGTGTCACTCAGTCCCAAATATTCGGTAACCATACTCGCGGTCAGCGGCTGGTCTGGAGTTGCTAAAATTGACAATTGGTCAAGCGTACTAATACCGTCACGGAATCCGCCACGGGAGCGCTCAGCAATTAACCTGGCAGCATCCTCTTCAATTGCGAATCCCTCTTTCTTCGCTATATTCATTAATTGGCGCGTCATAATTTCCGTCGGAATTGGGCGGAAGAAAAATTGTTGGACGCGACTAAGAATAGTGGCTGGAAGTTTGTCCGCGTCGGTTGTGGCGAGGATAAATACAACGTGCTCTGGCGGTTCCTCTAAGGTTTTTAATAGCGCGTTAAATGCTGGTTTTGACAGCATGTGAACTTCGTCGATGATATAAACTTTTTTCGGCGCAGAAACAGGCGCGACTTGAGCCTTTTCCCTTAAGGCTCGAATGTCGTCAACACCGTTATTGCTGGCTGCGTCAATTTCAATAATATCCAGATGTGAAGAATTTTCGTCGTATGGTAAGTGATTGATTTCGTGTGCCAAGATTCGTGCTACACTAGTTTTTCCCACGCCACGCGGTCCGGTCAACAAGTACGCATGAGCAATTTTTCCCTGCCCTAACGCTTGACGTAAAATACTAGTCACGTGATCTTGACCTAAAACTTCATCCAAACTGCGACTGCGATATTTACGATATAGCGCCTGACTCATCCCCTCATGCTCCTCATGAGATAATTATAGCAGAAAACGGCATTTTTTATGGATAGCGCAGATCGATTTTGTGTTTTGTTTCGGCGACATAAAAACGTTAGTAACTATTAGGGTCTGACACGGTTGGATCTTCAAGTATCTCGTCATTTTCTTTTATCTCAATATATTCATCATTGCTATGCGGCTTGATGAGCTTAGTAAACTCAAACGCATATTCACCAGAAATATTCTTTAGTTCTCGGCTCTGATCTATTGGGCCGGCGTAGTCGGTCATAACTAGTATAAGAAAGTATCCATCCTTACCGCCGAATAGATGAAAAGTCGTATCTGGACTAAGTGGTATCAGTGGTGTGAATTGTCGAACATAACCCAATTTTTCGAGAATTGGAAATGCTTCAAAAACTACCGACGGAAATACAAAATTTGAGTAATTGTTATGAAATTATATCAGGTAAGATGGACAGTTTTCAGACATATCCAGGTCTTATGGCTCAGAAATCAGTGAGGTGATCGCGCAAATCGTTGCCGTTCATGGTTTCCCATGAGTTGTCTACAATAACCTGACCGCCCTTGCTCTCAGGCAGCCTCCAATAGACGGTATTCTTGCCCAGGGGTCCACCTGTGGCTTTGACGTGTCCATGTCCAGGACTGATGCCTCCGTAATAGGCACTGATCTGTCCTCCAGACATGTACACAATAGCAGGCTGTCCGTCGAAGTAAGCCATGATAACTCCTTCTGGAGTTAGGTAAATAAATGGTAATTTTTTGTATTTTAAAATAACGTTAATTGCTCGGTTGGTAAATCCAGCTCAATTTCTCTATCAACTTTTTGCGCCCGATAGCCAATAAGCTTTTTAATGTTGTAAGCCAGCAGCTGACCGTCGTAGTCAGTGATGACAATTGAGCCGATGACACTGCGTACGTGTCCAACCAATTGACTGTAATTCTTCATTAAAACGACACGAGACAAATCGACGCCAGCGGTTTGAAAATAATCTTCACAAGGAATTATTTCGGATTTCGGAAACAACACGCCAATTTTCTGCTCAATTTCAAGTAATTTTTGTCGCAATTCTCTCTCGCCGGCTGCACGGTCAAAAGGTAGTTTTATCAATTCCATCTTTTTATGAACTGGCAGAGTTTCAGCTATTCCGTCCAGCTTAGAAATTTTCGCCTCGTACTGCCTGGCGATCAATGCCGAAGAAAATGTTTCTAATTTTATAGCTAATCGCGCTCCTTGCTCCAACAATCTTCGAATTCCACGCTCTTCTTGCGAGATTCCAACTTTTATGACGTTCGGCGCGAAA
NZ_CP089520.1_gap13	273446	275951	2505	TGGTGAATACGAAAAATATAGTTGGCACAATTTGATGAGCCCAACGATTATCGGCGCAGATCGTGTAATTCTTTATCGCAATGCGCTTGAAAATATGAGCCGAAATCCAAACATCCCTCCATTATTCCGTGAGATTTTTAATGGTGCGACACTTGGATTTACTGATTCAAATACGCTTAACTTATTTCTTCGCGAAATTGATAAGATTAAGCAGAGTTCTGGTGACTCTATCGGCGACGTTTATGAATACCTTCTCTCCACTATGGGATCTCAAGATAAGCTTGGTCAGTTCCGAACACCTCGCCATATCATTGACATGATGGTTGAGCTTATTGATCCAGACAAATCTGATAAAATTCTAGACCCTGCTTGTGGCACCGCAGGCTTCCTCATCTCTGCATATAGCTGGATTAAGAAGAAACACATTGAAAAAGAACGTTTGAATAGTGAGGATATCGAGAAAATTCATCGTAACTTCTATGGTTTTGATATCGAGCCAAATATGACACGTATCGCTCGTGTAAACTTGTTCCTACATGGGTTTAAATCCCCTCATATTATTGAGCATGATACTCTCAGCTCGGAAGATTATTGGGATGACCGTTATGATGTGATTATTGCGAATCCGCCATTCATGACACCGAAAGGTGGTATCGCCCCGCACAAGAAGTTCGGCATCACCTCTAAACGCGCTGAACTTCTGTTCGTTGATTATATTGCTTCCCATCTAAAGCCGAATGGTCGAGCGGCTGTAATTGTTCCTGATGGTGTTCTGTCCAACAGTAGCTCTGCACACAAAGCACTCAGGAAAGAAATTGTTGAAAATAAGAAGCTTCAAGCTGTGATTTCTATGCCTTCGGGCGTGTTTAAGCCATATGCTGGTGTTTCTACAGCGATTTTAGTTTTTGCTAACTCGAATAATGAGAGAACCGACAAAGTTTGGTTTTATGACATGAAAATAGACGGATACAGTCTTGATGACAAGCGCTCAAAACTCAAGACCAGTGATGTCCCAGATATTCTTGCAAGGTTTAAAAACCTTGATGGTGAGAAAGATCGTAAACGTAACGAGCAATCCTTTTTCGTAGATAAAGATGAAATTATAAAGAATGGCTATGACCTAACGATTAATAAATACAAAGAAGTCGAATACAAGAAAGTTGAATATCCACCAACTTCTGAAATTATTGCGGAGATTAAGAAATTAGATCGTGAGGCTTCCGAAAGTCTCGCTGAACTTGAAAAATTATTAAACGAAACAAATCCGGATTTGTAGGTGTATCATGAAGGTAAAATTAGGCGATTTGATCGAAGAATACTCAGAAAGAAATATAGACAATAAATACAAGCCGGTTGCCGTAGGTAAATATGGAATTAGGGCGCGTGAAAGTATTTACTCGAAGGAGCTAGCAAAAGATTATTCCAAAAATAAACTAATATATAAAGGAACCTTAACAATTGGCATGGGTTCTAATCAGATCGATATTGGAATATTACGCGATGACGAAATATACTCCGTTTCTCCTGCATATCATACGTATAATATTAAAATTTCAAACTATGACTATTTAGATTACTTATTGACGGCGAACAATAACAGAATGTTTTCTATCTACGCTAACAGGGGAAGTCGTCAAGGTAAAACACTTGACTTAAAAAGATGGCTTACTGATGAGTTGCGTCTCCATGACGAAAAAGACCAAAAAATAATTGTCCAAACTTTAAACGCCGTTAAGCAATTAATTAGTCAAAAAGAAGCCGAGTTAGTAAAACTAGACAATCTTATCAAAGCCCGATTTGTCGAGATGTTTAATAGTGAGACAAAGCGTGAGTTGCTCCAGAATCTTTCAATCGGAAAAAGCGGATACGGTGCAGCTTCAGCTTCGGTGCCATACAATCCTAACCGTCCAAGGTATATTAGGATTACGGATATTAATGACGACGGAACCTTAAATAACGATTATGTCTGCTCAATAAATAAGAGTGACGATGGAGTCTTTAGACTTCAGAAAGGTGACTTTTTATTTGCTCGCATGGGAGCAACCGTAGGCAAAACTTACTATTATCGAGGAGGAAACCAAATATTTGCCGGCTACTTAATCCGCTTTAAACTAGATCTAGAGAAAATCTTACCAGAATATTTATATGCCTATACGCAGACGGAAGAATATTTAGACTGGGTAAAGCTTAACCAAAGCGGCGCTGCACAGCCTGGAATAAATGCGCAAAAATATAGTTCTCTCCAAATCCCAATAGCAGACATAGCCGAACAAACCGAATTTGTATACTTTGTTAAACAAATCGACAAATCAAAATTTGCCGTACAAAAGTCACTCGAAAAAACGCAACTTCTATTTGATAGTTTAATGCAGGAGTATTTTGGCTAAAAAATTACTCCTTTTGTTAGTGGGGGTTCTAACCTAACGAAAGGAGCTATTAATGGAGGACACCATTAAATATATTTTGGTGGATATGGACGAATATCTCACCGCAAATCAGTCGCAG
NZ_CP089520.1_gap14	281428	283299	1871	GAACGGCGTTTCGATAAATTCTGGGTCTAGCGGATTCGGCAAAATCTCGGCATTATCCGGTTTTTCCGTCCATAGCTCATCGATAGATTCTTCATCAACAATCGAACCGTAAAGCAGCGCAAAATGCTGCTTGTTCAAAATAAATTCCGCAAAAACATGAGATTTGTCCGTTTGAATTTCCAGCCGACGCAGTGCTTTGACGGGCGTATTATCGTCCGCCAGTTTGTATAATCTAGCTATTTTCAGCACTGTCCGAGGTAATATTTTCACGCGATTTGCTCCCTATTTTCGAAGCCCTACAGCTTTTTGAACGCGATACAAAGTTTCATTAGCGACGACATTCATATCTTTTTCACTGGAAGCCAATTTCTCTTCAATTGCTCGCTCATCAACCGCCGCAAGCCGATTCTGGAAATTCTCCAAAAATTCCGCAACTTCGTCAGCCACAATTCGCTTGAAATCGCCATAACGATCCATTCCAAAGTACTCGTTGGCGGTCTGCTCCAGAGTAACTTCCCTGCCAGCGTCTTGGCGAACCAAAGTCAAAATCTCCAGCAAATTAGAAATTCCTGGCTGATTTTCCTTGTCGTATTGAACTTTGCTAATTGAATCTGTTGTTGCGCTCATTATTTTCTTATGTGCTGATTTTGGATCGTCAGAAAGGAAAATAATCCCCTTGCCGCTCTCGTCAGATTTGCTCATTTTCTTCGCTGGATTCACGAGATCTTTAATCCTCAATCCTTGGTCTTTTCCGAAGAATTGATGTTGCTGAATTACGGGTTTCGGCACGATAAATAGATCGCCAAACTTACGATTCATTCGCTCGGCAATATCACGCGTGAACTCCAAATGCTGAGTCTGGTCGTCGCCAACTGGCACGTAAGTCGCGCCGTAAAGTAGAATGTCGGCAGCCATCAGGACGGGATAGTTAAATAGTCCAACGGAGGCATCGCCTTTACTTCCCTTATCCTTAAACTGTGTCATTCGGCTCATCTCGCCAAATCCAGTAAAACAGTCCAAAATCCACGCCAGTTCACTGTGCGCCGAAATGCGACTTTGGCGGTAAAGATGAATGGAAGAATTGTCCAGTGGCAATCCGGCGGCGGTATAAACTCGCGCGTTATTCAGGATACTGTCGTATAGCTTACTGTGGTCGATTGGCGTCGTAAAACTGTGAAGGTCTGGAATGAATAGATTGATATCGTATTCGTCCGAGCGACGCTTAGACATGTTGATAATTGGCAAAATAGCCCCAAAGTAATTACCTATGTGGATGTTGTTGTTAGCGCGCACGCCAGTGAGGATGACAGGTTTTGATGGTTTCATTAGGTATATTATAACATTATTCGATCGTTAAGTAATGGGGCGATAGTTGTTGCTTTATAATCTTTAAAGATTTTTTATATACATACTCTATGTCTTTTTCTATTTTTTGCAAAACATAACGAGCTAAGAGACCCTACCACCTCATATTTATCTGGCGAATTCCGGTAAAGGTCTATTGTTTCACGAGTAATGACATAATGTTATTTTGTAGATCCCTGATGCCCGTGTCTTACGGAATTTTCCATAATTCGTCGTCAATATTATCGTGCATTCCTTAGTCTTTGGCTCAAGGTAGGTTTTATCAATCGTAACTATTTTCCCGCCAGACACCCTTTCATAACTCCCGACAGCTTCTTTGCGCATTTGTCGGTTATTTCATGCCGCTGAGTTGCCATTGACGTATGGGTGATATTGTTATGATCTTTTGCTAATTTCTTCAGGTTTCTCTCGACAATCAGCGGGTCAAGTTTGCCAGACAAAATAGCAATCGGAAGAGTGAGTTCGGCGATATCACTCATTGTCGTCTGATTGATAATCGCGGTGTT
NZ_CP089520.1_gap15	299023	303165	4142	CATGATTACTTCTTATCCTTTCCACCATGTTTACGGAATTTACGAGTTGGACTAAACTCACCGAGCTTATGACCAACCATGTTTTCGGTAATCAGCACTGGTACGTGCACCCTACCGTTGTGAACAGCAATCGTTCGACCAACCATTTCTGGGGTGATAGTCGAAGCGCGCGCCCACGTTTTGATAACGGTTCGATCGTCAAGGCTAAGAGCAGCAATTTTCTTTGCTAGCTTTACATCGACGAATGGACCTTTCTTTAATGAACGACTCATCGTGATTTACCTCTTCCTCTTCGCGTCGTGACGCGTGCGTACGATTAATTTATTCGAGCCTTTACGGCGACGAGTTCGATAACCTAATGTCAATTGGCCCCAAGGAGTACGTGGTGCTTTACCAGTACCGTGGCGACCACCGTCACCACCACCATGTGGGTGATCTGCTGCGTTCATAACGACACCGCGAACAGTTGGGCGAATACCCTTGCGGCGCTTACGACCAGCTGAACCGATCTTAACATTTTGGTGCTGAACGTTACCGACTACACCGATAGCAGCGGTAGCTTCCAAGCGAACTTTACGAACTTCGCCAGATGGCAATTTGATAGTTGCGTAGTTGCCTTCTTTCGCCATCAACTGAGCTTTAGCACCGGCAGCGCGTACCATTTGTGCGCCCTTACCAGCGGTCAACTCAATAGCGTAAATCATCGTACCAACAGGAATAACTGACAATGGCAAGCGGTTTGAAACCTCAATTGGAGCTTCTTCACCAGTTCGGATAGTTTTACCCTTAACCATTGATGTGTCAGCCAAGATGTAGTGGTACAAATTGTACTGATCCTTAACTCGAGCAATACGAGCTGAGCGGTTTGGATCGTATTCGATTTCTTCAATCGTCAAGGTCAAGCCTGCTGGCAAATTGTGATTCACCAAGCGGTAGTGACGACGAACGCCGCCTCCGCGATGGCGAACAGTAATTCGACCTTGGTTGTTGCGACCGGCATTTTGCTTTTTAGCTTTAATCAGACTTTTAAGAGGTTTTCTTGTTGTAATGTCTGACAAATCCTGACTCGTCATGCCGCGACGAGCAGGAGTGGTTGGATTGTAAGCTTTCACTGGCATTACTTGGTCTCCTCCATCTGCTGCTCTACTGCGTCAAACACATCGAGCTTATCGCCTTCTTTCAGTGTCACGTAAGCCTTCTTCCAATCCTTGCGCGTTGTTGTGCCAGGATAACGATTCTTGCCACGTGAGAAGCGTACAGCTTTGCCGTCTTGTACTAAGGTTTTAACCTTAACTACAGTAACGCCAAATTGTTCTTCTACTGCTGATTTGATTTCGTTCTTATTCAAGTTAAGTGGAACTCGCAGCACATATACGCCGTTAGCGCTCTGTGCGTAAGCCTTTTCACTAACGCGTGGGATAATAATCGTCTGTTTCATATTACGCTTCCTCCTTACCCAACCATGCAGTAATTACAGGTAGAGCTTTCGGTGTTATAACGATTGTATCCGCATTCAGAATGTGATAAACGCTTAGATAATTAGCGCGAACCACCAAAACGTTCTGAATATTATTTGTAGCACGCATAAGTTCTGGCGTCTTCTCATCTACAACGATCAGAACACGGCGCTCGAACTTATTGTCAGCTAGGAATGTTGCGACTTCCTTGGTCTTGCCAGTAGTCTTAACATCTTTAACGACAATTTTCTTAGCTTCGTTAGCCAAGGTTAGTGCTTGACGGACTGCCACTTTTTTAGCAGTCTTTGACAATTTTTTAGTGTAGTTTTCGTTACCGCGTGGGCCAAATACCACACCACCACCGCGCCAGATTGGGTTACGGCTTGAACCAAAACGTGCTCGACCAGTTCCCTTTTGCTTCCATGGTTTTTTACCGCCACCAGAAACTTCGCCGCGCTGCTTGGTTGTAGCGCTAGCTAGGCGTGCGTTTGCCAAGTAGCTGTCGTATGCCAATTTCAACAATTCGTGATTTGGCACTTCCACAGCAAAAATGTCTTTAGGAAGTTTGGTTGAATCTGCCATTACTTGTTACCTCCTAAAATAATCAGCCCCTTTCGTGGTCCAGGAACAGCGCCCTTAACCCCGATTAGATTGGTCTCTGGATCAACATATGCCACTTCCAAGTTCTTAACAGTAACACGTTCGTGACCCATATGGCCAGCCATCGTCTTACCCTTGAAAACTTTTTGTGGATACATCGAGCCAATTGAACCTGGCTTACGAGTATTACCTTTACCACCGTGCGTCTTACGATGACGCTTAAAGTTGTGACGTTTAATGGTTCCAGCGAAACCTTTACCTTTGCTGGTTCCGGTTGCATCGACAAAATCGCCGACTTCAAACGCGGAAACATTAATTTCACTGCCGACTTTCAGATCCTCTGGAATCTGGTCGACACGGAATTCCCGAATATGTTTCGGGGTCACTTGGGCTGGCTTAACGTGTCCAGCCACGGCCTTGCTCAGGTTCTTACCCTCTCCAAAAGCTACCTGTACCGCATTGTAACCGTCGGTTTCGACAGTCTTCACCTGAGTAACGGTGACAGGGCCGGCTTGGATCAGCGTTACCGGAATGGCTTTGCCGTCTTCAGCCAAGAGCTGGGTCATACCAAGTTTGGTACCGAGAAGTGTTTTCACTTTTCCTCACTCCCACTTAAATACTCCTGATGATGTGCGGTTTCTGGATTCTGAGAGGATATTAAATATAAACACCCGTTCATAACCAGACCTGCTCATTCACCAAGGAGAACAGTTGATATTACGCGTAATAGAAATTACCTCGTAATTATAGCACATGAAGCGCTAGACTGTCAACGAGTCCGACTAAGGTCAGCCCTCTGAGGAATCTGATTTTTTATAAATAGTTGCTAAGTCTGGACCAAGAGCACGCACTTTGCCTGTTCCCATAACTTGAGCACCCACTAAAACTGCCATTTTCGTGTCTGCGGAATATTTTTCTGCTAAATAATCAAGCACGTTTAGTCCGCTTGGGTAACATAAATCCGGAAAGGATTGGCGTAGCTCACCTAGATTTCCTGTAGTAAGTTCGGCCTTCTCTCTACTGTGCGTAAGCTTTGCTGATAGACATAGAAATGCATAGCCATCTTGTTGCAGTGATTCTACGTCTCTCTCGATCCGCCGAGTAGCCTCTTCCAAGTCATCCCCGAACATTTTCTTATTGACAGCTTCCAGGGCAGCTTCTTGTTCGCGCTTTTCTCTGTCTGCTCGCCGTTGCCTGATTGCAGATTCGGATTGTTTAAGAAGCTTTTTTAATTTCTCTTCGCGCTCCTCGTCAGTTAAGGCAAAAAACTCTTCACTTTTAGATTTCTTACTCTCGTAATCATCTATGCTCCCACATGATATAGCTCCTCGGACGCTCGCTTCGCTGAAGCCAAGACACTCCAGTATAGCTAGCCTACCTAAGTTTGAAGCTCCAGGCTGAAGATATTCACGAAAGAGACTGTCCTCATCTAGGTCATTGTTGGACACTTGACGGCGCAGAGTAAGAATCGTCCCTTCAGTTGGCTCAGCATACCTATCTATTATGCGATCCCTATCTTCTTTAGCAATTATCCCTGACTTTATACCTTTATCTACTACCTGTGTTGTTTTTTGCCTACTGAGGCGTCTTGCCTCTGACTCTACTAACATACGAGATGTAGTCGTTATGATTTTATAGCTGGGATCTTCCCGTAAATTGTCAGCATTGTCGAAGACAGCCAAGGCTTCTCTCTGTTGAGGATTCAACTCCTCTTCTGGTGGAATTATGGGCCAAGTATCTGGACGTCGTTTGTTAAAATACTCTACAACCTCTTGATCTGATGGCAGATCCGGCCCATAATTAACCTTTATATCAGCAGCTTTAATACCGCCTAAACTAGTTGGGATCGACGGAGAGTTAAATCTAGTATTTTCCATGTTTTTATTATACTAAAAAATAGCTAGAATGTCAATCATAGTATTTACATTAATAGCGGAGATTATTGATATACCCCTTAGTATTTCGTAAGCATAAGCTAAATCATCACGCCAACCGGCGTAAACGAAGTCAGAATTGCCATGAAAATTATCGTGACATACCAAATTTTCCGATTGAATTGGTATTTCTCAATCTTTAAGACTAATA
NZ_CP089520.1_gap16	315129	316287	1158	CCAAGAACTTCATCATCAATTCGTCGTCGGCTTCAACAGCATTTTCGACCAATAGAGAACGTGCATTCTTAGCTTTTTCAAGCATATCAGCTGGAATTTCGCCAACTTTAAGCTCGTGGTCTGTGTAGTCGTCGTAGGTGTAAGCCTTCATGTCAATCAAGTCGACAACACCGTTGATGGTCTTCTCAAAACCGATTGGCAAGTGAACCGGGAAAGCCTGCTTGCTCAAACGGTTGTGAATTGACTCAAGAGATTTGTAAAAGTCGCCACCTGTCTGATTAATCTTGTTAACGAAACAAATACGTGGCACGCCATACTTATTGGCCTGACGCCAAACAGTTTCAGACTGAGCCTCAACACCCATCTTACCGTCAAAGACCGTAACTGCACCGTCAAGCACGCGCAAACTACGCTCAACCTCGGCGGTAAAGTCGATGTGTCCTGGGGTGTCGATGATGTTAATCTTATGATCTTTCCAGAAACAAGTCACAGCAGCTGACGTAATAGTAATACCACGCTCTTTCTCCTGTGCCATCCAGTCGGTGGTAGCACCGTCACCTTCACCACGAACCACACCGATCTTATGCGTCAAGCCAGTGCGGTACAAAATACCCTCAGTTGTCGTCGTTTTACCGGCGTCAATATGGGCAATAATACCAATATTTCTAAAATTCTTTAGCGGAACATGCGTCTCTGCCATAAATTTTCCTTTATATTACGTTAATTTGCCGAGATTTTTGGTCAATTTTTTGGCACCAAAAAACTACTCTTGCGTTTTATTATATCAGTTATCTATGTTTTTGACTAGCTCTGAGCTGGAGGATTTTTAGACTCGTTATCGCTCTGAGCTGGTGCCGCAGGCGGATAGTTGGCTGGAGGCTGCTCTATAGGCAGCTGCGCGTATGTTGGCGGATATTGACCAGGTTGATGTTGATAGTAATTTTGTTGCGGATATTGTTGTTGCGGCGGAATTGGTTGTTGATGTGGCTGCTGTGGATATTGAGGCTGCTGCGGGAATTGTCCAGTGACAGGATATGGATAAGCATTCATCTTTCGACGGTTTCTGAGAGAAACTGCAATCGCAATAATCGATACTGTTACGAATAGTACTCCCGTCGAAAGAATCGCTACGACCACAATTACGACAATAGTGTCATC
NZ_CP089520.1_gap17	319360	321014	1654	AGCGCGTTCAGCCGCCAACTTTTTACCGTCTAGCATTGACTTGTTGATCAAACGCTGAACCAGCACGCTTTGGTATCGGCGATCAGGCTTAAGTTCACGCTGCAACTTCTTGGTAACTTTACGAGGCATGATTATTTATCCCCTTTCTTTGTACCGTACTTAGAGCGGCCCTTCTTACGGTTGTTGACACCTTGAAGGTCAAGCGCACCGCGTACGATGTGATAACGCACACCCGGAAGGTCAGGCACACGACCACCGCGGATCAAGACCACAGCGTGCTCCTGCAAGTTGTGACCTTCGCCACCGATGTACGCCCAAACTTCATAGCCGTTATTCAACTTAACACGAGCAACTTTACGCAAAGCTGAGTTTGGTTTCTTTGGCGTCTTAGTCGTCACACGCACACAAACACCACGCTTAAGCGGTGCATTCTGGTCGTAATAACGTGTTTTTAGGGCGTTATGAATACGACCTAGTGCTGGCGACTTGGACTTTTTCTTAGCCGTTTGGCGCGGTTTGCGCACCAATTGGTTGATTGTTGGCATCCAATTTCTCCTTGGTTGATTAACTAATTATGGCAATTTGCCTTACGGTTTGGATTCAGCAACTCCGCCCCGTGTCTATACCTTTTCTGCCGAGATTGCGATCTGTACACATTCAAAACACCGCGCACTCCGAAAAGAGGAAACTCTGCGTCTATTCTAGCACAGTTGATAACAATTTGTCTAGCGATTGCTACTATTACACTGTCTTTAAGTGATTAATTCGCTCTAGGTATTCAAGCCAAACATAACACTAAGCGTCCTAGTTGTAATTTCATTATATCACTAGCATATTAAAGTAAAAACTCCACCCCCGTCCGTGGAGTTTTTACTCGACACGGCGAGAGTGGAGTGTCACTCCACAGTTGTTTTGAGGCCAAGAATGTCGTTGTACATACTTGGTGAAAGCGTGATTCTCGCTCCGGCTGACTCCTTAAAGGCGTCAGCTATTATCGGGGCAAGTCCTTGCCTTGACATGTCATCCGAGATGACGACGTTAGGAGGTAGGGCTGTGCAGTCCATCAGCACCCAGCCATAGGACCAGATACTGTTGCCGCAGGCGTAGGAGTGTTGCCAGTAAGCTACACTCCTAGGTTCTGGTGTCTTAGGGACGTCTATAGACATAGACGCCTCTGAGACGTCTGGTCGAATGTCGAAGGTGATCTTAGAGATCGGAATCTCTAAAACATACGATCCATTGTTGCCCTCGAAGGCAACTAAAATAGATGTACCCGACGTCCACTCTCCTGCTCCTTTGATGTAGAACAGACCACCGTAATCTACCCGACCGCTGCCGGCGGTAGTCCTATCCCCTACGGATATGGGATATTCCTTGCCAGGCTCTAATCCAAAGCTAGAGACGACATCGGATAATGTCGCGTCGGTTCTCTTCTCTTCGCATTCACTAGCCTGCATCGCATATGACAGCATATTGGTCAGCGACCACGCAAGAAACATGGATAGAAAGACATATAACATTCTTTCAACCTTGAGTCTAAGCTTGGCTGAAGATTTATCCTTCCCATCGTCCATATTTCTAATCTCTACCTCTTTCTGGGACGTCATCGCATTGATGACAAAGATGGAGATTGTCAGACCGGTCAGGACCGCAA
NZ_CP089520.1_gap18	325609	330553	4944	TATGCATCACACCAACTGTTGTTCGCTCCTCAAATGGTTCACCGGTGCGACCGTCAAACAATTGACTCTTACCGTCACGCGCCAAACCAGCTTTTTCTAGCTCATCAGAAATCTTCTCACTTGGAACACCGTTAAATGATGGAGTTGCTACGCGGTAGCCCAATGCTCGAGCCGCCATACCAAGGTGAGTTTCAAAAATCTGACCAAGGTTCATGCGACTTGGCACACCAAGTGGGTTCAAAACTACGTCAACTGGCGTACCATCCTCTAGGAATGGCATATCTTCAACAGGAAGAACTTTCGCCACAACACCCTTGTTACCGAAGCGTCCGGCCATCTTGTCACCAACGCCAATCTTTCGTAATTGCGCAACGAAGATCTGGATTTGCATCAAAACGCCAGCCTTCAATTCGTGACCATTTTCACGACTAAAGATCTTAACGCCAACGACTTTACCGCCGCCCGCGTTGTTCATTCGCTGTGATGTATCGCGAACGTCCTTAGCCTTTTCACCGAAGATTGCGCGAAGCAGACGTTCCTCAGAGCTCAATTCCTGCTCGCCCTTTGGTGTAATCTTACCAACCAAAACATCGCCAGCCTTAACCTCGGAACCGATTTGAACAATTCCGTTCTCATCCAAGTGGCGCAAACTCTCCTCGGAAACGTTCGGGATATCACGCGTCACAATCTCTGGACCAAGCTTCGTCTCACGAACCTCAACGGTGTAATCTTTAATGTTGATGCTTGTCAATCGATCATCTTCAACCAAACGACGACTCATAATAATCGCATCTTCCATGTTGTAGCCGCCCCATGGCATAAAGGCAACCAGAAGGTTTTTACCTAGGGCAATTTCACCGCCAGCAATTGAGGCACCTTCAATCAGAATATCGCCCTTCTTCACCTTGTCGCCACGCTCAACGCGGACTTTTTGGTTGTAACAACGATCGTCATTATTCTTCACGAAGTGCTTCAATGTGTAAATCTTTACGCCGTCAGCATATTTAACGTGAACTTCATCGGCATCAGCGCGAACGACTTCACCGTCAGCGCTAGCTTGAATCAAGTGACCACTATTCTCAGCCACAGCCTTTTCAATTCCAGTACCAACAGTTGCGGATTCTGGACACAATAGAGGAACAGCCTGACGTTGCATGTTTGATCCAGTCAAGGCACGGTCGACACGAGTCTTTTCAATAAATGGCACCAGCGCCGCAGTCGAACCTAGAATCTGGCGGTGAGCTGCGTCCATGTAAGTAACCTGGCTAGCATCAACTTGTGATGGTTGCATGTTACTGCGAGCGTTGACGCGCTCGTCGCAGAAAGTTCCGTCTTCATTAAGAGCCTCGCCAGCATCAGCGATAACCTCACCAATTTCCTGTGAAGCATCCAAGTAAACAAGTTCGTCAGTGACTTTTCCGTCTTTCACACGAAGATATGGAGTCTCAATAAATCCGTATTCGTTAACGCGCGCATAAGCCGCCAAGTTCAGCACCAAACCGATATTTGCACCTTCTGGCGTTTCCACTGAACAGATACGACCATAGTGAGTTGGGTGGGCGTCGCGGACCTCAAATCCAGCGCGCTCGCGAGTCAAACCGCCAGGACCAGTCGAGCTCAAACGTCGCTTGTGACTCAACTCTGACAATGGGTTAACTTCGTCAAGTAGCTGTGACAACTGGCTTGAAGTGAAGAATTCACGAACAGCCGCAACAATCGGACGAGCATTAATTAATTGACTTGGACTAACACTTTCCAAATCCGCCACGCTCATGCGATCCATCGCGTTGCGTTGCATTCGGAGCATACCAACGCGGAATTGTCGGGCAATCAATTCACCTACCAAGCGAACTCGGCGGTTACTCAATGCGTCAATGTCGTCAGCTGGCTCCTGAGTATTGTTCAAGCGAATAACTTCACGCAAAATCGCCACCAAATCGCTCATTTGCAATGTACGATTTTCAGCCGTATTAGCGACATCCAGACCCAAGCGCTGATTCAATTTATAACGACCAACCCGCGAATAATCAAACCGCTTGAAGTCAAAGAACATTCGCTCAATCATCTGACGAGCGTTATCAACTGTCGCCAAATCACCTGGACGTAATCGACGATAAACCTCAATCAACGCCTCATTGGCACCACGAGAAGTGTCCTTGTCTAAAGTTTCGTCAATATACTTTACGTCACCAGTATCAATATCAGCGAACAATTCCTTAATTTCGCTAGTCTTTGGATAGCCCAAAGCGCGCAACAAAGTTGTTGCCGGTATCTTACGACGACGGTCGATCTTTACGTAAATCGTACCGTTAGAAGCCGTCTCAAATTCCATCCAAGCTCCACGTCCTGGAATGATTTTTGCGCCGTAGTAATTACGTCCCGCTACTGTTTCAGCAGTGAAGAAAACACCAGCAGAACGAATCAACTGGCTAACAACCACACGCTCCGTACCGTTGATAACGAACGTACCGCGATCAGTCATCCATGGATATTCACCGAGGTAAATTTCCTGCTCTTCAACTACACCAGTTGTCTTGTTTGTCAATTCAACTGTTGCGTGTAGCGGAGCTTCAAATGTCAAGTTGTTTTCTTTGGCAAATTGGTCAGTGTTTTTTGGCTCGCCAAAATAGTATTTGCCGAACTTTAATGACAACTTCTGACCGGTATAGTCGTCAATTGGGTTAACTTCTGAAAATATCTCACTCAAGCCTTCTTCGACGAACCAGCGCCAAGAATCTTTTTGGTGAGCGATCAAGTTTGGCAGCGGCAGGGCATTATCACCAGAGGTGAAATAGACGCGCTCGCTGCTTGTGGTTGGTTTTTTTGCCACAGGCGTAAACACTCCTCGCTTTAATTAGTGGTTAATAGACGGCTGTGAAGATCTCTAATTCATAGCCCAAAATCACGATTTGCCTACTCGCAATTTTTACCCGCCATGAATACACTACTTCTATAACTACTCATTATGACGAAAAACGTCAATAAAATCAAGGGTTTTACTAGTGTTTTTCGATATTATCAATCAACATATCATGAACTTCGTCAATCGTCCCGTCAGCCGAAACTACCGGAATTCCGTACGCCTCGGCAATCTCCAGATATCCATCGTCGACTTTTTTCTGAAAATCTTGCCCGCGCGACTCAAAAGTGTCAGGATTTTTCAGCTCGCCGCGCATAGAAATTCGCGATTCCCGCTTCTCTCGGCTCAAACTTAAAATAACCATAACATTTGGCTGCAAATATTTTTCATCAGTAAACAGTTCCGTCAATCTCAAAATCTCTGATTCATCAAAGCCCTCGCCTCGCCCCTGATAAACCAGCGTTGAGATATAATTTCTCGCGCTCAAAACAATCTCCCCACGTTCCAACGCAGGCTGAATTTTTTCCCGCCACAATTCACGCCGAGCTGCAGAAAATAGTGCCACATTCACCGCCGCAGAGCGCGCCAAATCGCCATTTTTAATAACTTTTCGAAGTTCATTTGCTATCGGAGTTGATTTTTCCGGATCGTCACTTCCCGGCTCTTCAATCACGCAAACCGTTCGCCCGATTGACCGAAAATATTCCGCCAATTTCGCGACCTGTGTAGACTTGCCCGTTCCGTCATTACCCTCGATAACTATATATTTTCCCGCACTACTCATCACTACCTCATAATCACAGTGTGTGGCCTATTCAGATAAATCATCATCTTTTTCACCTTGCCGTCAACTTTTATAAAATGCGTATGTTGGTGCGCCATTGACCTAGATTTACTTCCTTGCGCCCGAGCGTAAATCGAATAGCCGTTATTCTCAAACTTCGCAATCTGATTCATATAGTCAATTTTTTCCTCATCGCTCAAATTCGCCAATGAATCCACGTGCCGTTTCGGTATAATCATCAAATGATCATCCACGCCGCAGCCATCCCAAAAATTATAGCCAAATCTATTCTTAATAATCAGGCAATGCGCAGTTTCATCAACTACCTGATCTGTGTGATGCTTTACCAATTGACAAAAATCGCAGCCGTCAGACTTATGCTTTCTCCTGTGATCGATATATTCTTTTTCTTTCGTTCGCGATCGAAACATTGAACCTGCCATCATCACAAAATCCCCTCGCTTAGACCCGGAATTTCCATCGGTTTATGACGATTATCCTTAAATGCCCGCGGCAACATCATTTCTGGACGCCAAGTCTTTATCAATTCATCCAAATCGTCAGTGTGCTGATATTTACCGCTCATTCCGCCGCGTCCACTAGCATATCCGCCGTCAACCTGACCAGTGTGATGAAAAATCAATTGCCCAATACGTTCGCCAACAGGCAAAACTACACTCTCATGCTTATTCAAATTGTAAATCTCAAGCGTAATCCGATTGATATATCCCGGATCAACCCAGCCAGCATCAAAACACACCGCCACGCCGTTTCGCCCCCAAGAGCTACGACTTTTCACCTCAGCCGCGCCGCCATGCGTCCGAATTCCAACAAATTCGTGCGTGTGTGCCAAAATTCGCTCACCAGGCTTCAGTACGATTATCGGATGCTCTGGCGGAATATTCTTAAATTCCCGAAAACCGTGCCGGTCACACCATTCGGCATGCGGAATCGCCTTAAGTGGACCCTTGAAGTATCGATTGACATCGGACTCGTCAAACGGATTATAAACTCGTGAAATCTCATCATATTCCTGTTTATAAAAATTAAAGCCTAGCGTAAAATCTAAGCTGGCTTCCGATACGTTTTTTGGGTTGAACGGCGTACAGACAATTGTCCCGTCTTCAATCGCCGCTAATATGTCTTTATTTGAATACACGCTCACTAAACACCTCCCATTGCGTGATTTTTCTACCAATTCTTATTATGGCAAGTTTACGCATTCCTATCAAGCTTTCGGTAAATTTTACAGCATGTTAAACTGAAATTATGGAAAAAGCCATTATTGTAGCTTACGATA
NZ_CP089520.1_gap19	334008	336828	2820	ATCGCCCAATTTTACTGGCGGAATAACTTCAACTTCAGCCGTAAATTCCAACTCGGCGCCCGGCACAAACTTTTTCACTTCAACACTTGGTCGATCCAAAGCCTGCAATTTTTCCTGCAAAAACGCCTCAGCTACCGCCTTTGACAAAGCATTCTCCAGAACCTGCTCCTGAAGCGCATTCGGATCAACGTGCTTAGCGGCTATACTTGCGGGAACTTTTCCTTTGCGGAAGCCTGGAACTTTGATATCGCGGGCTAACTTCGTCAAGGAAACTTGTTCTGCGTCAGCCAATTCGCTAGCACCCAAAGAAATCGTCAATTGAACTTTAGTATCTGATAGTTTTTTTACAGTAGTCTTCATAAAGACTAATTATAACAGATATCAGGCTATACCTCAAACAGAGCGTCTTCATCGCCATCATATCGACGATCTTTGACAATTGTCACAATTCGTTCAGCGCCAACCTTTTGTTCATCGGATTCCACCAAGTTTCGAACCGTGTATGCGCCGCTAGCAATCTCATCCTCACCCACGAACACCGCAAACGGAATTTGCTTTTTTAGCGCCGCTTTTATCTGCTTGTCAATCTTTCTACCAGTGATATCCAACTCCGCTCGCACGCCTTCGCTGCGCAATTTTCGCGCCAAATCGTCCGCGCCAGCCATAGATTCTTTTGACACCGGAATTATATATACATCTGTTTTAGACGCCAATTTAGGCAACAAGCCGTGCACTTCCAAAAATTGTTCCATCGTTGTCGCGCCCATGCCAACGCCGACCGTAGCAATCGGTTCAACGCCAAATAGCCCGACCAATCCGTCATATCGTCCTCCACCAAACAACGCTCGGTTATTCTCTGGCGAATTGTCAAAAAGCTCAAAAACCATGCCTGTGTAATAATCCAGTCCGCGCATCAGAGTAACATCAAACACCGCATTCGTAATGCCTTTTTGGCTAAGCAATTTCATTACTTCGCGAAGCTGCTTGACGCTTTCATCTTCCATCAATTCGCCCGGTAAATCATCAACAGATTTCATACTGATCATTTTTGCTAGCTTCGGCAAACCCTCTGACGCTTGATTGCCAAAAATCTCAATGGCCTGACGCTTAAATTCTTCGGCAGGAATCTTATTTTTCCTATCAAGCAGCTTCATCATCATCGTCGAACCAACAATATCAAGCTTCAAAAATTGGCTCATCAAACGATTGATCAATTGGCGATTATTAACCCTAACCGTAAACATTTCCTGCTTGGCGCCAAAATTCATCACGCTAGCGTGACTCAGCTCAATAATCTCCGCGTCCGCCGCCGCGCCGTCCACGCCAAACAAATCCGCATTCAATTGCCAAAACTCACGCTCGCGTCCGCGCTGTGGTCGTTCATAGCGCATAAAATTAGCAATAGAATATAGTCGCGCAGGCATCGCTAATTCCTGACGCCTAGCCGCCACCATTCGAGAAATTGACGGCGTCATCTCAGGACGAATCGCCACCATTCGACCACCACGATCCTCAAAGGCATATGTTTGCTCGCCCGCCAATTCCTGACCTGACTTCGCCAGATAAATATCTAGCGGCTCCAGTAGCGGCGCGCCGTATTCTTCATAGCCAAAACTCTCAACCGTCTTGTGCCAAACATTAAAAATGTAATTCTGCAGACGCTTTTCCTCTGGAAAATAGTCTCGCGAACCTTTGTAACTTTGTGTCGATAAACTGCTCATGTTAGCTCCATTATGTCATTATTTCTTATTTATAGCAATCAAAAACGCCGAAGCAGAACTCGGCGCGTACAATCAAAAATCAGAGTCCTACCTCGGCAACACGTGTGAACGATGGAATTTAGGTAAAATCATGATACTATTGTAGTACATTTTGCTGCAGCCAACAATACATCGCCACAGTCGCTGCCGCACCGACGTTTATGGAGCGAGTCGAGCCGAATTGCTCAATCGCCACAATCTGATCCGCAGCGCCAGCCAGCTCTGCAGAAATCCCCGGCCCTTCTTGCCCAAATACCAAAACCGCACGCTTCGGTAAACTCGTCTGCGACATATTAACACTCCCAGGAATATTATCAATAGCAATAATTTCCCTATCTTCAGTCCGCATTTTCTCAACAAACTCTTCCGTCGTCGCCAGATACGTAATATGCAGATATTTATCCGTCATCATGGCACCGCGCTTATTCCATTGTCTACGCCCAATCACATAAATCTGCCGCACGCCAAACGCATTAGCGCTCCTGACAATTGTCCCCATATTAAAATCCCGCTCGGTATTTTCCAGCGCAATCACCAAACCGTGATCTTCAGAATCCAGCTCGCTTATAATCTCCGATTCGCTCCGACCCTTAAATTTATCAATGACATTTCTCTTATCTTCCATCTCTGTTATTTTAGCAAAATTCCTGAATAAATAACAAAAGTCGAGAGCCTTCTATTGACTTAATTACCATAGAATGGTATAGGTAATATTAGTTTTCGTTGACGAGTTGAGCAAATCCTTGTCCGAAAACGCTCATTGACAAGCAGCCAAAACACAAGGCGAGTTTTTACTTCTTCTAAGAACCTTAAAGAGATAAAATCTCGTCTTGTGCATAAAGAATGCACGTATATCACACTGAGGGCGAGAAAATACCAGAAAGGTGAAGGGTCGTGAATAAAAAGACCAATACGACGGCACTGGAGAATTTTCTTCGTCGAGCAACCGCGTCTGTCGAGGGGAAGAAATTAACCCTAGACTATATCCCGAAAGAAGGTCTGATATCACACGCGATTGCCACTGATGTAGAAGTTAGGAAACTTCTCGTCCAGCTAAGCG
NZ_CP089520.1_gap20	351755	353098	1343	GTCAATACTGCGTGGGCGAGGCTTAGCAAGGTCGGTATCACGCAAATGTCTGTCTACCGTTATAGCCAGCACCGCTGATACATTACGATTCAGCTTATTTAACTCATTTAGTATATCTTCGTTCATAATTTAATACCCTCTCATCTGTTGAGTTAAATTATACTGCATTATTTTCTATATTTCAACACCAAAATGATAACTTATCACAGTAATGTTCATTGATAATAAGAGTGTTTTTATCCTATATGGAACACTGTCATACTTATCACCATAAGTATTTAATTTTACATAAATGTTTATGCTTTACTCATAAGACATGTAGCGCTTAAGCGATATATGGCAGCTCTGCCGTCTTGACGAAGCCCCAGACCTCTACTGACCAAGCAGTAGTCGTTCCGCCCCCCATCTGTTGAGTTAAATTATACCGTCTAGAAAACACCCTTTTCAACTAAAAAATAAAAAGATCGGCGGGAGAAATTTCAAAAAGATAATTCAAAGGATTTTTCTGGTGGGGAGAGCGGGCGCGTGCGCCCGCAGGCGTTGAGGCTGAGCCTGCACAGCTCAGCTTTTACGCTCGAAATAGGTTCGAGCTTTGGCGTACATTGCCACCAATTTGAAATTAAACATGCTCAGCTTATCTGGGCTATTTTTATTGTCTGGTTTTAGAATATTAGCATTTTATTTATATCTCGCTTATACTTAAACTATGAAAACCTGGCAAGATGTCGTCTCCCTTTATCAAATTTATCCGCGCAGTTTTCTGGACACGGATGGCGATGGAATTGGCGATTTGAACGGAATTACTGAGAAGCTGGATTATTTATCATGGCTGAACATCGATTCGATTTGGATTTCGCCATTTTTCACATCACCACTGACCGACTTTGGCTATGATATCGCAGATTATCGATCTATTGATCCTACTTTCGGCCAAATGGAAGATTTCCAAGCGCTACTTAAAAAGGCTCACGATCTCGACATTAAAGTTATGATCGACCTCGTTCCCTGCCACACTTCAGATCAACATCCGTGGTTTCAAGAATCCAGATCTTCGCGTGATAACCCCAAGCGAGATTACTATATTTGGCGCGACGGAAAAGATAATAGAGAGCCTAACAATTGGCGAAGTTTGTCTGGCGGCAGTTCGTGGGAATTTGACGAGCTCACCGGGCAATTTTACCTGCATTCGTTCCTGAAAACACAGCCAGATCTGAATTGGGATAATCCTGAAGTGCGTGCTGAAATGAAAAACATAGTGCGATTTTGGTTTGATCTGGGAGTTGATGGAATGCGCGTCGATGCAATTTGGGGAATTTCCAAAGATCCCGACTTTAAAGACGATT
NZ_CP089520.1_gap21	372885	376777	3892	AAGCGCCCACTTCGTCACCAAATATGACGAATCCTCTCGCGAATATTTATTGAAGAACATTACAGAGTTGCCAACCCTGGATAAGATTTGTATCTTACAGGACGTGACAATACTCGCCCGCGCTGGATTTGAAAACTCGGCGTCACTACTTCCATTGGCATTGTCGCTAAAAACCGAAACCAACGAAAAAGTCTTCGGTATGGCGGCTGGCGCCTTGACGGAACTGCGAAAGTTCGTAGACGATAATGACGCCGCCAGAGATTCATTAAAGAAAATTTCTGGAGAATTTGCGCATGCCACATTTAAGGAATTAGATTGGGATGAAAAAGCTGGAGAATCGGACGACGACCGCGAACGACGCACCACGGCTCTGAGTTTGATGATTTATAGCGAAGATAAAGAAGTTTTGAACGAGGCAAAAACGCGTTTTGATAGTAATAAATTGGAAGACTTACCGACAGAAATTCGAGCTTTAATTATCAGCGCAAACGTGAGACATTTCGAGACGACAGAGATGATTGATAATCTCTTTGCTGCATATAAGAACACGCCGTCAAATGACCTGCAGAATGATATTGCAATTGGACTAACTTCCACCAAAAACCCTGAAACAGCAGAAAAAATTCTTGCCAATATTAAAGATTCCAATATTATCCGCCCGCAAGACGCCAGCCGTTGGTTCGTGTATTTGATTCGGACCAGAGAAAGCCGCCAGATTGCTTGGAATTGGCTAAAAGAAAACTGGGCATGGGTCGAAGAGAAATTTGGTGATGACAAAAGCTATGACGATTTTATTCGCTATGCTGCCACAGCCCTATTGACAACCGACGAACTTGACGACTTTCGACAATTCTTTGAGCCGATGGAAAATATTCCAGCCCTAACCAGAACGATTAAGTTGGGGATTACAGAAATTAAAGCACGCACTGAGTTGATTGAGCAAGATAAGGCGGATGTGCTCTCTGCTTTGCAAACAACACTGTGATATATTATGCCACATTTTTGACAAAATCTATTGACATTTTATCCTATTAGTGATATAAATATATTAGCTTTTGTTGATGGAACAAATGTTTTGTCCGAAAGCGCACCTTGACAAGTTGAGAGAGTTTATAAACCGGAGGTGAGATTTTGCGATATTTTAAGAAGTATCCCGAAACCTCATCTTCGGTCGTTCGCCATCCGGGCGTCGATCAGTGTTTTTTAACACGAGCGTCCGCTCGGATGAGGAGAGAGTACTGACATGCCGACTTTTATTACGGATGAAGTTAAAGCCCTCTTCAGGGAACAACACGGCAAGGGGGAGACAGACGCTCACGAGATCGCCGCATTCCTCGACGATAATCATATCAAGGAGGTGTGCGAGCGTGTCAAGGAAGCAGTCGTCGACCAGTACCTTCGTACGGGCGACAAGATTACTTATGTGCAAGTTGACGACCCCTTGTCAACGCAAGCTGTCGCAATGAGCGAGGAGTGTCACAACACACTCCTCGCCGCCCTCAAGTCCCTCGAGGATAGCACCGAAAATGTAGTCCTCAGAGGAGGACGCGAACCCGCACCTTGGAGAGCCTCCATGGACGGACATATTGCCGTTTACTTCTCCTGGAAGTAGACTACGATCAAGCGAACATGGCGAGTCCGTAGAGATTCGCAGCTCTCTCACTTGTCAGTTCGCTCCATAGATGTGTGTCTATGCTGATGAGTCGGAAACGACGAAAGCGAACAATTTATTCCAACACCACACACTCTTTAGCTACGGGCGGATTTCCATCAACAGAAATTGCCAGCATTTGCATATCACAGCCTTCATACTGCGTATTTTTGGCAGTGAACATCTCTGCAGAAAAACGCATTTGCTGCTGTTTTTTATTTGTAATCGCCGCCAAGCCATCGCCGAAATCGTCATTTTTACGATATTTGACCTCTGTAAAATATAAAACATTATCTTTTTTGCTAACAATATCAATTTCGCAATACCGCGTCCGCCAATTCCGTTCTATAATTTCATGACCATCGCCTACCAACCAATCCGCCGCCGCTTGCTCACCTTTATCACCAATTTGACGCGTCGTGTCTTTTTGCTGGTTTTTAGATTTTCTATCGTCAGACGCATTTTGCGAATTCGCCCCAGTATTAGCGTATTTAGCCAACGGCGCAAAACTCAGCCGATGTAGCGGAGTTACGCCCAGATTATCAATAGCCGCTCGATGCTTCGCCACGCCATAGCCAACGTGCGAAGAAAAATCATATCCTGGATAAACATTATCCTGCTTCGCCATGAATTTATCGCGAGCCACTTTAGCAATAATCGACGCCGCCGAAACGCTCGGAATCAGACCGTCGGCTTTCGCTATAATTGTTACATACTTTTCTAGCGGTGTACCCGCCAAAAAATTGACCGTCCCATCGATAATAATTTCATCAAACGTCGAGCCATTTTTCTGACATTTCGCTTGGATTTCTTTGACTGCACGCCGCGTTGCCAGCTTAAGCGCCTCGCTCATCCCTATTTCATCCAGTTCCTCAGCAGAAACCCAGCCCAATGCCCAAGCCGACGCTTGCTCGCGAATTTCCTCATCGAGCAATTCACGTCGTTTTTTGGTCAATTTTTTACTATCATCAAGCCCTTCAATTTCAGCGCCGCCCAAAACCACCGCGCCAATCACCAACGGTCCAGCCCACGCGCCGCGCCCGACTTCATCAATTCCCAGAATCACCAGACAATCTTCCCTTTTTCGTCATAAAATCCGCAATAATCCAGCCAATCCAAATTGTTGTCGCGCCTAATGTATTCGCCAAAATATCCCAATTCGTGTCGTCCAATTTTATGCTCGCCAAGCCCACTTTGACCATAAATAATTCCGCCAGTTCGTTAATGCAGCCCAACGCTGAAACTAAAGCAAATACTGAAAACGCCATCACCAACCAGTGCGCCCGCCATTTCATCGACGAAACCAAATACACCCAGAACAGCCCCGTAAATAGACCGCCACCCACAAAGTGAGTCGTAAAACTAGTGTCCTGTCCGTCAATTAACGGCGATGGCAAATACCAAGATATGAAAAACAACAAACACGCTACGTAAAGTAGCCAGCGATATTTTTTCTCATTATCAAAGCCGTTTTTCTTCAAAACATAAGGAGCCGCCACAACCAAAGTCGTCGGAACAAGGACGGATATATAATGAAATATTGCCATATTGAGATTATAACATGAGAAAACCGCCCCAGATTAAGAGACGGTTTTATGATTAACCAATTGACAATTACGCGTCTTTATGGCGAGCTGCAACTTCAGCAGCCTTAGCGTCAAGCTCTGCCTGAGCGGCATCTTTTTCAGCTTGTTTTGCAGCAGCAGCCTGAGCAGCTTCTTCCTTCAAGCGTTCAGCTTCCGCTTCTGCCTTAGCGTCATGAATATCATTAACAGCAGCACGATCGAAATTCTTAGCCGTCAAGCGAGCTGACTTACCGCTACGCTGGCGAAGGAAGCTTAAGAACTTGCGGCGAACCTTAGCACGACGAGCAATCTCAATCTTCTCAATCAGTGGACTGTGCATCAAAAATGACTTTTCAACGCCAACGCCTGAAGCAATTTTTCGAACAGTAATGCGTGATGTGTGTGATTTTTTATTATCGGTGCGGATGACAACACCCTCGAACATCTGAATACGCTCTTTGTTGCCTTCCTTAATTTTCTGGTAAACGCGAACTGTGTCACCGCTGCGAGCATCGACAACTGCTTGCTTTTTTTGTGCTTGGTTGATTTTGTTGATTAACTCAAAACTCATAATTTTTCCTATCTTCCGAACTCGCTCCGACTGGCCACGCAGTTGTACCTCTGCGGCTCCACATCAAACAAGGCTCGAATATTTAACTCTCGTACAATTACATAA
NZ_CP089520.1_gap22	480779	484899	4120	ACGAATACCAAGCGAATCCGCACAATGCCGAATGACGTTAGAAAACTTCTCCGTCACCGGCGCCTGGATAAACTCTCGGACTTCACTAATTCTCTTCTCTACCTCTTCAATAGCTGTCGCTTTATCTACGCCGTTGTTGATTTTATCTTGAATCATAACTTCTGTCAGTGGCAAGCCATTAATCTTCTCATCAAATACCGACTCATCCAGCGGACCACTCATAGTTGGATATTTACCTTCTGACAATATTTCGCCATTTTCATCAAAAACACTCAAATCCTCAGCTTCAGAAATTGTCAAAAATGTCAGTGCGGAACCTCGCTGATTATGCCACGGCTGCGAATCAGTCTGATCTTTACCGTACAATAACTTGTCGCGAAAAACCTCCAGATAAGCATCTATAACATTGCCCCATTTATTTTCTCTTACAAAAGGAATCTTTTCTAGGACACTCGCAAGCGCTGCCGCTGCCAAATTTATATGAATAATATCTTTACGAACATCCTTTAATTCCGCTTCGCCTCGTTCCAGATAATTGTATATGTCCTGAATTTTATCCGGATTATTATATGCAGGATCGGTCTTTTCCCCGACCCTAACATTATACCCCTCGTGTCTAAGGTTTATAATCTCCTCATTAAGTTCTTCATTAGCCTTGCAATCAATTCCATCAAGAAAATCGCCCATCCCCACTGCGGTATATCGTTCATTCCCAAAGTTTTCCATGCCAAAAATTATAGCATAATTTATGTGATATACTTAAAACATGATAAAAATTGCCATCATTGAAGATGATCCAACCATTAGCCAGATGTATCGCATGAAGTTTGAATCTGACGGGTTTGACGTCCGCTTGGCCGCCAATGGACAAATTGGCATAGAAGTAGTCGAAAAGTTTCAGCCAGATATTATTTTGTTAGACTTACAAATGCCGGAAATGGACGGAGCAGAGGCTTTGAAGCGGATTAGGTCTAAAGATTGGGGAAAAACCATTCCCGTTATCATCCTTACCAACCTCGGCGAGGAAGAAGCTCCACACGATTTGAAGAAATTAGGAATTCATAGCTATATCGTAAAGGCAAATCTCACGCCACGCCAAGTTGTCGAACAGGTCAAAGCTGCCATAAAAGCTGCCTAGTTTTTTGATTGATTCGCAATTTTTAGACAAGCCGTAATCACATTATCAAACAACGCAGAGACTGTTAACGGACCAACTCCGCCCTTTTTTGGTGTAATAATTACATCATTGCGCTGACGCACTTCTTCAGACGCATCACCAATAATTTTTCCATTTTCCGAAGCAGTTCCCGCATCAATAACAACTGCTTTAGGTTTAATCATTCGGCTTTTAATCAGCCCCGGGACTCCAGTTGCCGACACGATAATATCGTAATTTATCAATTGAGATAAATCGTCACCTTTTTCAAAAACCGTCACATCAACACCAGACTTCAGCCACATTTTCTCAAGAGGCGCACCGACCAAACGACCTCGCCCGACAATTGCAACTTTTTTATTTTTCAAATCAACACCATATCCAGCCAGTAGCCAACTAATAGCCGTTGGTGTAGCCGCCTGAAAAATCGCCCTCTTGCGCAAACCATCAACGTCTTTATCTTCTCGAATACTCTCGAGTAATTCATCAGTCTGATCAGAATTACTAATCGGCAATTGCAGAATTATTCCTTGAACGTCGTCTCGATTGTTCAATTCTTGAATCACCTCCAAAGCACCGCCCGCAGGGACTCGATGAATCTCCACGTCAATCAAAATATCGGCGCCATACCTCTGTTTCAAACGCATGTACATTTCAATAACCGGATTTTCGACATCAGTAACAATTGCCAAACGAGGATTAATATGCCAAGCCTGTCTTAAAGCTCGCACCTGTTTCGCCTGACGCTCCTTAATAAATCCAGCTAGTTCTGAGCCATTTAGTTCTCTCATTGTCATTAAGTATAGCAATTTTACCATCTTGAGTACAGATATAGTATGTGCTATAATTTGAGAAGCTTGGTTTATGGCGGATGTAGCTCAGTTTGGTTAGAGCGCTGGATTGTGGCTCCGGAGGCCGTGGGTTCGAACCCCATCATTCGCCCCAAGTTTTACGACAATTTATTCACACCGATAAATTATTTTCAATAAAACGGTAGACATTTTTATTAATTGTTGTATAATGAAATCGTGGGCCAGTAGCTCAGCTGGTTAGAGCACCTGCCTCTTAAGCAGGGTGTCGAGGGTTCGAGCCCCTCCTGGCCCTCCAAAAAATAACCTCACATTGAAGTGGGGATTTTTTATTTATCCAAACGGATTATATCCGCGAGAAGGCGGTTCACGAAAAGTAATTCGATTAGCGTTAAACGACTGGCGAGAATTGTTCACGCCTGACGAAGCATTATTATTCTGCAAACTATTAACTCGTCGATTCCCACCAGATAAACCAATGTCATCAGAATTATTAACACTCCTCGACCGAGACACTACACTTATTTCCGCACCAAACGGCCTTCGATTGCCGGAATTATTAGCAGATATCGAGGATTCATAACCCTTAATATATCGACGCTCTGAATTCAAACTACGATTAACAATCGGCGCTCTGCCCGTAACTCCATATGCACTAAAACCATCAACTGACCTCCTCGAAGGACCAGATAATCTCATTATCATTTCCCGCGTCATTTGCGGCTTTTTGTTCGCATCCATATATTCCCCATTAGTTATATGAAGTGGCGCCCCGAGTAGGATTCGAACCTACGACCTTGAGCTTAGAAGTCTCCTGCTCTATCCAGCTGAGCTATCAGGGCGTATTCACATTATAACATCTTTCTGCTACAATAGTAAAAGCTTGCGGGTGTAGTACAGCGGTTAGTATGCAAGTTTTCCAAACTTGAGATGGGAGTTCGATTCTCCCCACCCGCACCAAGTTAGACAATTTCAATCCATAAAGGGCATCGATGGATCCATATATTTATACAGAAAAGCCAAAATACCAACCGCACGATATTGAAGATGCGTCCGATTTTTATGATGTAATTGAACGAAGTAGCTTGACGCACCAATTGTCTGAAAACCGACCATACGTCTACTGGACAATGGAAATTTATGATAAGTCCAATGGCATTAAGGGTGGCGGCGGACTTGGAGTTTTAGCGGCGGACACGCGACGTGTAGCTGAAAAATTGGAAGTTCCATTCGTAGTAGTGACGCCGTTTTATCGTAGCGAATCACACCAAAAAATTACCGACCTCGCACAAGAAGAGTTTTCGGAATCCGTTTCACCTCAAGATTACGGATTTGAATATATTGACGAAGTTTTCGTAAGTTCAAACGGATTCCCAGACGCAAGCTTAAGCATTTTCAAGAAGACGCTCGGTTCAACACAATTTGTTACAATTTCAGAACCGAACTTTGGACAATTGTACGAAGGTGACGGATCCGGCGACCATAGATTATACCAAGAAGTAGCGCTGGGATTTGGCGGCTATAAAGCATTAAAACTCCTCGGTATTAAGCCAGCTGTTATTCAACTTAATGAGACCGCAACGATTTTTGCTGCATTGGCACGACTAGACGAGCTGTGTGCTAACGGAATGAATTTATATGAAGCCATCGTTTATGTTCGTAAACACACACTTTACACAAACCACACGCTTCTTCAGGCTGCCGAACCGGAATTTCATCGTTCGCAATTTGAAAAATTAGTTCTGCCAAATATAAAAAGTAATGCTGTGCGTTGCTGGCTAATGGAACAATTCCGTAATGACAGACTGAGGCCGAATCTTTTGGCAATTGAACTTACTGAAGCGAAGAATGGTGTAAGTAAATTACATGCCCGCGTAGCAAATTTCCGCGACCGTAACAACGACAAAGTTAAATTTCAAGCCATTACTAATGGAATAGATCTTGAAACGTGGGTGCTGCCTGAAACGCTGCAAACATATCGCAATCATGGCATTATCGATAAATTTGGGCTGCCCACAAATGATTTTTCTGAAAAATTAGACTCGCTGAGTAGCGCGGATTTGAGATATTTGAAAAAACTCGGTCGAAAGGAATTGAATCGAGTCCTATTGAGTCGCCAAGACCAGTACGGAAAATCCATACAAATCCCAGAAAA
NZ_CP089520.1_gap23	604732	605650	918	ACGCAATCCCTGGCCATTTGTTGAAACAAATATAATTGGCACATATACCATTCTAGAGGCTATTCGAAAACATAATAAGAGACTACATCACATCTCAACTGATGAGGTTTTTGGTGATCTAGAGCTTGATGATCCAAATCGCTTCACGGAAGATACGCCATATAAACCATCAAGTCCCTACTCCAGTACAAAAGCTTCCAGTGATATGCTAGTTCGTGCCTGGACCCGTAGTTTTGGTATTAAAGCAACTATCTCAAATTGCTCTAATAATTACGGGCCATACCAACACATTGAAAAGTTTATTCCACGTCAAATTACGAATATCTTAAGCGATATTAAACCAAAACTTTATGGTACCGGTGAACAAGTACGCGACTGGATTCATGTTGATGACCATAACTCAGCGGTTCATTTAATCCTAGAAAAAGGCGTTCTAGGAGAAACCTACATCATTGGCGCAGATAATGATCACGTTAATAATAAGATGGTGATTGAATTGATTTGTGAGCTAATGGGTAAAGGTAAAGATTGGTACGAGCATGTCAACGATCGTCCAGGTCATGATATGCGCTACGCAATGGACTCCAGCAAGCTACGCCGCGAGTTAGGATGGCAACCGCAATACACAGACAATAAAACTGGCATGCACGATGGACTAATGCAAACTATCGACTGGTACCGCGAACACGAAGACTGGTGGCGCACCCAAAAAGACGCCGTTGAAGCAGCTTATGCAAAACAAGGACAATAATTATGTTTGACCCAACTAACTACAATGAACTTACAGTCACTGAATCGTCAATTCCAGGGTTATTTGTCATTAAATTACCCGTACATGGCGATAATCGCGGCTGGTTCAAAGAGAATTATCAAAAAGAAAAAATGGAAGCCTTAGGTTTACCGTCGTTTAATATCGTA
NZ_CP089520.1_gap24	617081	620352	3271	CATTTTTAAATAGTAAAGTTCCCCAATGTGATACAAACGGCGCAAAGCCAGCCAGTGAGTTTGGAAGACCCGATATGACTCGCGCTCAGTATGCCACATCGAAAGGATGGCATAGTCCTCCATACACATGCCTCCGTGATTATAAAACAAAAGACGGGAGAAGCGCCGCTCAATTAATCTTTGATATCTCTCAAAAATATCATGTAAACCCACAGCTTTTAATAGTTTTACTCCAAAAAGAACAAGCCCTAGTTACTGACACGTGGCCAACTCGTGGGCAATTCAAAAGCGCAACTGGCTATGGATGTCCAGACACCGCCGAGTGTGATAGTAAATATTTTGGCCTAGAAAACCAGCTAGAATGGGCAGCGAAACACTTTCACTACATAATAACACGCAATCCTAATTGGTATTCACCATATACAACAGGCGTAAATTTCGTTCGATGGAGTCCGAATGTTGCTTGCGGAGGATCTAATATAAATATTCAGAATTGGACAACCGCCGCTCTTTATAGTTATACACCATATCAACCAAATGCCGCTGCTATGTCATCTGGGTATGGCGTAGGTGATGGGTGTAGCGCCTATGGTAATCGTAACTTTTATAATTACTTTACGGACTGGTTTGGAGATACCAGATCAAGCAGTTCGTTCTCTTGCAAAAACGGACAGAATATACCTAACGTAGAAACTGGTGCTAGAATTATACCGACTAGAATAAATGGGAATAATGACACATTAACCATATCCGTACCTAATAATACTAGCAGTAAATGTGCCGAAATGCATACATGGGCCAATAGTAACTTACAGACATGGTCTCAACATACAGCGACAAACTCATACACCTTCAATCAGCAGTACAGTAAGGTTATATCAAGGAAGGTTAATAGCAAAAATACCGTATTAACAAAGGTTGACTACAATGGAACTGCAAGTGGTAGAGTTGAGTTTCATACGTGGACTCAAGATGGATTGCGTTGGCTAGCTCACACTGCAACATCTGCCGGACCTATTGATCCGCTATTTTCTGAAGTTATAACAGCAGATACTGATGGCGATGGTAATGACGAATATTATCTGATTAATTATGAGCAGACTAATTCCGGCATGATTGAAGTGCATGGTTGGAATAATAATGGAACTAGTTGGTTTAGACACACAGCAACAAGCCACCCTTCAGCTAGCATGAATACAGGAAGAGTTATTGCGGCAGATCTTGATGGAGATAAAAAAGATGAATTCATATATGTTAAATACGACAATACTACGAGCGGTCTTATCGAATTTCACGTGTGGGATTCTTCATTAAAAAACTGGGTACGTCACACCGCAAGTAATTACCCAGAGTCTGGCTATGTAATAGGGTCAAATGACATAGTAGTAGCCGATTTGCAAGGAAGAGGAAAAGACACTATCTATTATGTCAAATACAGAGGTACAACCAATAATACTGTCGAAGTACATGGATGGGGCGACGGTCAACAATCATGGGCTAGCCACATATCTACATCATCAGGAATATACTAAGTATAATAACTCATACATCTTTACATCGTAAATAATATAAATAACCGCGGCAGTACAACTTACTATCGCGGTTATTTATAATTAATAGTTAACGTTATTCGGGCAACCTATAGCCCGGACCAAATTGCTCAAAATTATCATTATAGAATGGATCCCTCTTCAAGTATTCACCCCATCTCTTACGCATCTCTTTTTGGGCACTCTCTAGTTCGCTAGTATCTCTCTCGCTCGTGTTTATGCGACCAACACTCTTAGACTCATAATGGAATAACTCCGCGTATGGAGTGTAGACATTATAATAGCCTTCTTTGCGTAATTTAAGGTTAAGATCTACATCGTTATACGTTATACGAAGTTTATTATCAAACCCACCCACCTTATTGAACTTATCACGACTAATCATACAACAAGCACCAGTTACTGCCGATACATTACGAATATTGGCGGTATAAATATACGTAAATATATCTGTGCGCTCATCCTGACCATAAAACGGATGGAATGCGATATCTCTTTCAGATAAGACTATTCCAGCATGCTGTATTGTCTTATCCTCAAATATAAGCTTAGGTCCAACCATCCCTATTTCTGGACGCTGAGCATGCTCAAGCAATGACTGGATCCAGTCGTGAGTAATAACCTCCGTGTCATTATTAAGGAATAGCAGATATTCTCCACTAGAATTATTTGCACCATAGTTACATGCATCTGAAAAATTGAATTTCTTCTTGTATTTAATAACATGCACATTGTCATTATTATCTATTAATTTTTCATAAAAATCATTTACTCGAGAATCTGTAGATCCCGTATCTACAATTATTATTTCAAAATATGGATACGAAGTATTTTCAATAATTGAATCTATGCATTTTTTTATATATCTAAAATTATCCTTGGTCGGTATGATAATTGACACCAACGGATTTGTCGGGATTACATATTTTTTACGCCAAAATCCTAATGCAACATGAGAATCTATATAAGCATTCTCTCTTCTTTGCCTCACACTACTACGAAGGACATTCTTTTGATTTATATAAGCATATGGTTTACTATCAGCATTCATAGCAGTAGACGTCTCAGATTTACGCCAATGATATAAAATTTTCGGAATATGATAAATATTATTAGTTTTAGTAGAAATCTTCAAAAATAAATCCCAATCTTGCGCGCCATGTGTGCCGACGGTAAATCCATTAACACCTCTAATTATACCTGCTTTTATGGTAGCAAAATGCGTTACCATGTTGCATGAATTCATAAAATCAGGACTCCAGTCGGGTTTAAAAAATGGTTCTATATGAATACCGTCACTATCGATCTTGTCTTCATCCGTATAAATAAGATCTACATCAGGATTTTTATTTATAACATCAACCACTTCAAACAAGGCGTTGGGAGGTAAAATGTCATCATGATCGAGTAATGATATATAGTCACCCTTAGCCATCGAAAGAGCTGTATTAGATGACTTTGATATATGACCATTTTCTTTACGAAATGTAGCCTTAATATTATTATACTTTTCTACATATTCATTTATAACACTCTTTGTTTGATCGCTAGTAGAATTATCATCAGAAATACACAACTCCCAGTTGTCATAACTCTGAGATAGGACAGAGTCAATACAGCTACGCAGATATACTGGATTTGTATTATATGTCGGCAACAAAATACTAATCAATGGACGTTGCTTAAATTCCTTGGAACATTTTCTTTGTAACTTAAGTTGC
NZ_CP089520.1_gap25	677438	677938	500	CTGTTATTTGCACATTCATCTCATGAGCATAGGTAATATCCAATTGCGTGTTCAGAAGGGCTTCGTCCAATTTTTTCTCTAATTTTTCTGACGGATCTAGAGCGAGGATGTCCTTCTGTTTCTCCTTATAATTGATGCCGGTTGCTTGAAGCGCTTCGCCCATTGAGGCATTCGCAGTGGTCAGCACTGCAACCAGAGAACTATTGGTGGTTTGTAAACTGGTCGAGCGGAACTTATTATTGTATTTTTTGGAAATAGTGAGTAATTTATTAACACGCGCTGCAACTTGTGATGGGCTAGTATTTGGCATAGAGTCTTGTGAAAAAACAAATATCGCGATCAGGGTTATCAAGCCGATAAGGCTCAAAATAGCGATGATAATTTTGGTTTTTTTATCAAAACCTTCCGCTGGCGGAGGTGTGGCAATTTGATTTAGGTAATCGATACCTTGAGGTTGGTTGTTCAAATTGTCAGGATACATATTTCTATTTAACCACAAA
