gap_id	start	end	length	sequence
NZ_CP103952.1_gap1	40344	41754	1410	TCGCTCTATCTTAATTAAAAGGTTGCGAGAGCTTGCATTTTTGAATCGTGGTATAACGATCATTTTTGAAGATGATCGTGACGTCAGTTTTGATAAAGTCATCTTTTTCTACGAAGGAGGTATTCAATCCTTCGTTAGTTATTTAAACCAAAATAAAGAAAGTCTTTTCCCAGAACCAATTTATATTTCAGGAAGTCGAACTGGAGATGATGGTGACATTGAATTTGAAGCAGCTCTCCAATGGAATTCTGGATATTCTGAATTAATTTATTCATATGCAAATAATATTCCTACGCGTCAAGGAGGAACCCACCTTACAGGATTTTCTACAGCACTAACTCGTGTACTTAATGCCTATATTAAAGCTCATAATTTAGCTAAGAACGATAAGCTCTCGTTGACGGGAGAAGATATTCGTGAAGGACTCACTGCTGTAGTTTCTGTTAAAGTTCCTAATCCTCAGTTTGAAGGGCAAACTAAGCAGAAACTAGGAAATAGTGATGTAGGTTCCGTATCACAACAGATCACTGGAGAAGCGCTAACAATCTTCTTTGATGAGAACCCACAAATTGCGAAGATGATCGTTGAAAAGGTTTTCATTGCAGCTCAGGCTAGAGAGGCAGCAAAGAAGGCTAGGGAGCTGACGTTAAGGAAAAGTGCTTTGGATAGCGCACGACTACCTGGAAAGCTTATTGACTGTTTGGAAAAAGATCCTGCAAAATGTGAAATGTACATTGTGGAGGGGGATTCCGCTGGAGGATCTGCTAAGCAAGGTAGAGACCGTCGTTTTCAGGCTATTTTACCTATCCGAGGTAAGATCTTAAACGTTGAGAAAGCACGTTTACAAAAGATCTTCCAAAACCAAGAAATAGGAACCATCATTGCAGCTTTAGGTTGCGGTATTGGATCGGATAATTTTAATTTAGGTAAGCTACGCTATCGACGTATCATTATCATGACAGACGCGGATGTTGATGGCTCTCATATTCGTACTCTGCTATTAACGTTCTTCTACCGCCATATGACAGCATTAATTGAAAATGAATGTGTCTATATAGCTCAGCCTCCTTTATACAAAGTAAGCAAGAAAAAAGATTTCCGTTACATTCTTTCAGAAAAGGAGATGGATGATTATCTATTAACTTTAGGAGTTTGTGACAGTAAACTGGTGTTTAAAAACGGAGATCGTGAGATCAGTGGAGAAGCTTTGGACAGCTTTGTCAAGCTTATCTTGAACATAGAAAACTTTATCGTTGCTTTAGAGAAAAAAGCTGTTCCTTTTTCTGAATTTTTAGAAATGCGCAAGGAAACCTTAGGCTATCCTTTATATTATAGCCCTCCGCAAAGCGGGAAGCAAGGTGGACGCTATTTCTATTCTTCCGAGGAAAAAGAAGAAGAGATGGCATCTAG
NZ_CP103952.1_gap2	66611	68536	1925	GCTTTTGAAAATATGATAGCAAAAAAGCCCTCTTATATTATCGAGCATGCAATTAAAGGTATGATGCCAAAAACTCGTTTAGGCAAGCGTCAGTTAAAATCCTTAAGAATACTGAAAGGGGATTGTTATCAAGAGTTTAAGTCTCAGAAGCCGATCGTATTAGATGTTTAATTTGGGGTAAATTGTGGTAAAAAATACAATAGAAGAATCAGTAGCTACCGGAAGAAGAAAACAAGCTGTATCTAGCGTTCGCCTTCGTCCTGGAACGGGCAAGATCGATGTAAATGGAAAAGCCTTTGAGGAATACTTTCCATTGGAAATTCAAAGAGTTACTATCCTCTCCCCATTAAAAGTTCTTGGCTATTCCAATGACTTTGATCTAGTGATTCGTATTAACGGTGGTGGAATCCAAGGACAGGTTATTGCGACACGCTTAGGATTGGCTAGAGCTTTATTAAAAAAGAATGTTGATTCTAAACAAGAATTAAAAAGTCACGGTTTCCTTACAAGAGATCCTAGAAAGAAAGAACGTAAGAAATACGGACACAAGAAAGCTCGTAAAAGCTTCCAATTCTCTAAACGTTAGAGTTTGCCGTTATTTTCATCAAAAGCAAGCGAGAGTCTTATCGAATTTCATCGCTTGCTTTTTTTATTTTCGTCTAAAGTACTTTCCTAAAAATTTTCTAGCTAGTTTCTTTTCTAAAAGAAAATCTTTCTTCTTTTTGGCATTCCAAAAAATGCCTTTCCTTCTGCACTCAGAGTATAAAATTTGTCTTTCTTAAACTCTATATCGACGCCTAGAGAGAAAAGAACAACCTTTCCTAAATTTTGAACCGCATGAATCAAATGCGTCGGGTTTTTCTTTAACATTACGTGGGAAATTTGTGTATTCTGATCATTTTTTAAGAAAACAAAACCTCCTGGAGGGAGATCTTCGAAATACTCTACTAGATCACAATCTTTGAACTGATCTCTAGCATTTCTAGGGATACTTAATCCATGTGCTTGAAATAAAATATTTAAAAAACCAGAACAATCTAATCCATAATCTATTAAGGAGTGGTGGAGACATCGTCCTCCCCAAACATACGGAATTCCCAAGAAATTTTCAGATTCTTTCAGCAAAAGATCTATAGAGAACGGTTCATTACAAAAACGCACGTGGCTCACATTACAATAAGGGACTTCCTTATCCAGAGGGAGCTTCATTCTAATTTTCACCTCTTTAGGGAGGGATACTTTCCCTTGAGAATCTATGGCTAATGGAGACCCGTAGGGCAAGGGGATATGCCAAGGTTCTAAAAAAGCATCGAAAGACTTAACGATTGCATTAGGTAAAATATATTGAGATAGAAGAGCAAAAGATGATTGCGAGGATATATTTCTGACTGGATAGGGGCGCCAAAAATCGTGATCACGGATTAATTGCGAGTAGGCATAATAGGAGAGCTTACCAGCAAGTAAGCGCTCTCCAAACAATAACTGCGTCTCCAAATCTCCATGTGCAGATGAAAGATCCGAAACAGATGCATACAGTTGATAATGTTTCATCTTTCCTAACCATAATTAAAGATGTGCCCATATGGAGAATATCTAAAAGTAAAATTAAGCTTTTATGCAAGCTTCAATACTTTGAAAAACGTCATCAGGAGATGCCTCAGAAGGGATACGTGTTAATTTCCCTAGCTCTTGATAATAGTCGACTACAGGAGCTGTTGATTTCTCATAACCCTCAAGTCTCTTATGAATCACCTCTAGAGTATCGTCAGAACGACGAACTAATTTAATTTGACATGTAGGGCACTCACTAAATCCCTGACTTTGATTATACACATATTTACAAGAAGGGCATATGAACCGAGAATGAATCCTACGAATAATCTCTTCATTAGACACATCTAATTGTATGACACGATAATCAGCGT
NZ_CP103952.1_gap3	118378	119378	1000	TATTCAATGACTGTTCTCTTATCTTATATGGCCCACACAGAACTCAGAAATAAAATAAAAAAATAAAAATTGAAAACTATTTTTTATGCAAAGAAGTCTAGCTCTCTCTTTGATTCTCTTATTTCTATATTGAGATATGTCCACATCGATAAAAAACCTTTTAGTTTTATCATTCTCATTCTATTTAGAAAGAAAAATCACAATATTTTTCCTTGTATGGATAAAGAAACCCTAGAAAACATTTATAAGCACTTCCGTTATCGTTTTTTTAAATTAAGTATTCTCCCCGCATTTTTAGGATTATTGCTTATATGCACTCCTAATACACTGAACTATCAAGCTCCTAGTGTTATCCTTTCCGATAGGATCTGTGGCAGCCTGCTCATTCTCTTAGCATGCATTTCTTTCTATAAACGCTCTGTGCTTTGGTTTGGCGTATTTGTAGGCATTTGGGTCTCTCTTTTTCCCTGTTTTCCAGAACGCTCTTCTATCGTATTTGCAAACGATACTCTGATAGGCTTTGCTATCTTTGCTGTTGTCTGCATTCCTCCTACACGTCCGGAAGCTTTGGAAGTCGGGCCAACTCTACCTGAAGGGATTTCCTATAACCCATCTTCTGGAGGACGTCGCGCTGCTGTTTTGATATTAAGTTTATTAGCCTGGCTACAGTCGCGGTATTTAACAGCATCTGCCTTAGGAATATCCTCAAGTAGTTTTGAGCACGACTTCTTTGTCTATGCCATGATGATGACCGCATATTCTTTACTTGTTGTACTCTCTCTATCCGGAGGAGAGCGTCGTTGGCATACGCGCCCTAAAGTCGTCATAGCAACAGCCATTACCCTCCTATCCACCATCATTCTCACTTTCATTCCTATTGTAACTCAACAACTCACTCTAGATTGCTGGTTATGCTTATTTCTAACCTTACAACCAGCTTTGGCGTTTGTTTTTGCTTACGATGAATTCAGAGCAACATTTAACTATCTCGCACGATTCC
NZ_CP103952.1_gap4	120688	122352	1664	GTTTTATAGTCTTTTCTTGCCAACCTTAAAATATATTTATACAACTGTTCTTTCGTCGTAATGTCCAAAGAAGAAAATGGTTCATCTAAAAGTAATATTGGCTTTGGAGATAAGCATTGACAAGCTAAAGAGACTCTCTGTTTTTGACCCTCAGAAAGTTCATCAGGATAACAATCTAATAAATCACCTAAATTGAAGCTTTCGACTACCTCAAGCAACTTTTCAGAGGATATACGGAAACGCTTATGTTTCCCTCCTAATTCCGAGTTTAGGTGTATATTTTTCAACACAGTCCGCCAGGGAAGCAACGTATGTTTTTGCTGCATATAAGCAACATCTGTTTGTTGCACAGGTTCCCCTAACCAGAGAATTTCCCCTTCGGCTGGGGATAAGAAATTCGCTATTAAACGAAATAAGGTAGTTTTCCCAGTCCCAGACACCCCTAAAATAATGGTAATCTTTCCTGGATGAGATACAAAAGAAGCGTTTCGAAATATTAACTTGTCAGAATAAGAATAGCTAAGACTTTTGACTTCTAACATGTAGAAACCACAGAGTTTAAAGTGAAGTCAGCTTGCGGTTACCAAGACTTGAACTTGGGACCTCGACATTATCAGTGTCGCGCTCTAACCAACTGAGCTATAACCGCGAGTTTGGAGACTAGGAGAGTCGAACTCCTGACCTTCTGAATGCAAATCAGACGCTCTACCAACTAAGCTAAGTCCCCGTCTATTCTTCTCTTATTGTGATCAAAAAAGAAAAAGTTATCTTAATAACTAAGAGATTTAACCTCAATCAAAGAATTAAGAAAAAAACGAATTAATGGGTTAAACAGATTTCTTGGAGCACACTTTTCAATAGAGAATCCGTGTAAAACTTACTAGTTTCACTTTGTAATTTTAGCCAGGCTTCATTACTTGACGACTCTAAAGGATGAGGTATAAGAATATTTACTCCTAAACAAGGAATGCCAAATTCATAACATACCTGAGCAACGGCTCCTCCTGCACTATCAAAACCTTGAATTTCGGAATGAATTTGTTGAAGCGATAGAAAATAATTCTTAGACATGGAGAAAGCCTCTCCAGTAGCTATAATGCCTTCGGTAAGACCATGTTCTGTAGATGTTGTAGGTTTTAGATAGCCATAGGTTTTTAGTAAACGCTCGATAGAATCTTTATGCATAGCAATAAACTGTCTTCCCCCAATCTTGGCAGCCTCCCTATACGCTTCGCTAGTCGCAAAAATACTCTGATGGATGTTTGGAATTTCAAATCTCTTGAAAAAGGGGCGTACATCAGAATCATAGTTAACATAACCATGAGAAATCAGAACATTCCCAAAACGCCCCGTTTCTGAGCGTGAGTAACATGTCCCTATAATCAAGATAAGATCGACTCTATGCTTGAGAATCATATTACAGCTAATAACAGCAGCAGAAACTTTATTTGGCCAAAAAGAAGACATTACTAAATACTTCCCGAAATAATCTCCAGAATAGTACGTTCTCCTCCCCTCTACTGTCTTCTTGCTATTCGCAAACCAAGGAATAGGACACGCGGAATCTGAAGATTCTGAAACTTCGGGAAGAGCAAAGATAATGCCTATACGAGATAAAGGAGCGTGGTTCTCACTAAAAATATCTATAGGAGCTGATTCTAAAG
NZ_CP103952.1_gap5	138273	140177	1904	CAGCATCATCCTAAAACGTGCGTTGTAGGCGTCCCAAAAACTATTGATGGAGATCTTCAACATCTATTTTTAGACCTTACCTTTGGATTTGATTCAGCAACAAAATTTTATTCCTCCATTATTAGCAACATTTCTAGAGATACGCTATCTTGCAAAGCGCATTACCACGTGATCAAGCTTATGGGACGCTCTGCATCGCACATTGCTTTAGAATGCACTCTACAAACCCATCCAAATATCACTCTTATAGGAGAAGAAATCGCAGAAAAGAATGTGCCTCTAAATACGATAATCCATAAAGTCTGTTCGATCATTGCTGATAGAGCCGCTATGGGGAAATACTATGGGATTATTCTTATTCCTGAAGGCATTATCGAATTCATCCCTGAGATTAACAACCTTGTTAAAGAAATCGAAAGAATCCCTGAAGATGCGGATAAATTTTCTTCTCTATCCCGTGAATCTCAAAAATTACTAAAAAGCTTCCCAGAAACTATCGCTAAACAACTCCTTAATGATCGTGATGCTCACGGGAACGTCTATGTATCTAAAATCAGCGTGGACAAATTGCTTATCCACCTTGTAGATAACCACCTGAAGAAACATTTTAAAAATGTTCCGTTTAATGCGATTTCTCATTTTTTAGGTTATGAGGGAAGGTCGTGCCTACCCACAAAATTCGATAATACCTACAGCTACGCCCTAGGATATGGCGCAGGAGTTCTTACGTATAACCGCTGCAACGGCTACCTCACTGTCATCGAATCACTGATTAATATTGTAGATAAATGGCGGCTACGCGCTATGCCTATTGTAAAAATGTTCACAACAAAGAAAAAGTCGGATGGAACTATAAAACCTCTGATAAAGAAGAGTTTAATTGATATTAGCAGTCCTGCTTTTATTAAGTTTAAACTCTATAGAAAAATATGGGCTCTAGAAGATTCTTATCGTTTTTTAGGACCATTACAAATTGACACCCCGCCCAACTCTCATTCCGATCATTTCCCTCCTCTTACTCTCCTCCTCAATCATAATGAATGGCAAAAAAGGTGTTCTATATGTATGGAAATTCCTGACTGCGATTATTAATTTCCGCTAGCGATATAACAAGATGATACCATGAGAAATTCGAGTTTATTCTCGACGAATTCTTTTTAAAAAATTAAATTCGCGCATAAATACCCTCTTAAACCTATGGAAAGTAAAACTGAATGAGCACTACATGCCATAAACATGAACATCGTCATGTAATTACATTTAACATCCTCAATAACATTACAACTTTTGGTGTTCTCCATATACCTGCACAGGTTTCTCCTCCCTATCCTTTGGTCATTACCCTTCACGGATTAGCCTCAAGTAAAATAGGTTCTAAACGCACTCACGTACACCTTGCTGAAAAATTGTCAGAATGTGGGATTGCGGTTTTACGCGTTGATTTTCCGGGACATGGGGATGCAGAAGGCGATCCCTATGACTTCTCGTTCAACGACTATATCTTAAGTGCAAATGAAATTATTTCTCACGGCTACGGCTTAAACCATATCGATACAAAAAATATAGCTGTTTTTGGTTCTTCATTGGGAGCTACTTTATCTCTCTTAAATATGTCTAGCCTACACTATGTAAAAAGCCTCGCAGTGTGGGCCCCGACCATTCAAGGGGCTGTATGGCTACAAGAAGCTATTCATCTTCCCAATAACCTGATTTCACATTCTCCATCCTCAGAAGATATTTTTTATGGAGGTATGCGCATCAATAAAACGTTCTGTTCGCAATTCATTGAAATGGACGTAACTAAGGAAATCCCGAAATTTTCTGATTCCCTATCTATCCTCTACATGCAAGGACAAGAGGATACTGTCGTATCCTTACATCACCAGGAAATCTTTTCTGAGGCT
NZ_CP103952.1_gap6	313795	316300	2505	TAGCTATCAGACCCTGAACATAATAGTTCCAAACAGCAATAACATCTTCATCGGGGATCAAAGACCCGGACACTGCATATTTATGAAAAAGTTGTCGAATAGGAGACTCTATAGGATAACAACGGAAAATATCCCCTAAAGAAACATAAACTTGGCTACCACCATGTGCTATAAAATTTCCTAATAAATCTTTACCAGCACCGGGAGGACCAAATAAAAGAATGGAAGAAAAAGGTTTAGTATAGAGTTTTATACTTTCAGCTATCAATTTATCGATCATAAGATATTTTAGATCCTATTTTGCATGTTTCTCCGCACTTTAGTTGATTACCTTGAAAAATAATAGCCCTAGCATATAAAAATTCTCCCCATGGACACTTTTTATTTTTTATTACCTCAAGCTTGTATACTCTTGTTAGCAGCAGATGCCTTAACTAATGTTTTAGTGTTAAATCACGTATTGGCACGTTATTCAAGAAAAGAACGCTTGTCACTGTTAGTACGAGAAAGTGTGTTCGCTCTTTTTAGCATGTTTGCTTTATATGAAGCAGCCTGGGGCACCTTGTACGTGTTAAAAACTCCCCTATGTGCAATACAAGTTGTAGGGGGTATTGCCGTCACATTGACGGGAATGAGGGCTATTTTAAATCTAAGTAAAGAAAATAGTTGGAAAGGTTTTACTACCCCCTCCTCCCTATCTATGGTAACACCCATTGCTTTGCCTCTAATGATCGGTCCTTCTTGGCTAGCAGCTTGTTGCATTTTGATAGGGAAACGCTACAGCTTTGCTTCAATTTCTCTTATTCTCATTCTTTCTTGGGTCTTTATTTCTCTAACTACTATAATCTTACAAGTTTTTGTCAGCGGAGGAAAAGATAAGGCAAAGGTACTCCTTGCCACCCAAACAGTGCTTGGTCTCTTCGCAACGATCGTGGGTACCCAACTACTCATGTCCGGATTACAACTTGCCTTCTTATAAAAGAGACATTTATGCTAACTCTGATTAATCTTAGCTTATTATTTTACGTACTTTTTGATTCTCCTGGATCTGTTCCTGTTTTCGTATCTCTGTTAAAGCGCTTCTCTGCCAAAAGGCAACAACGTATCATCCTCCGAGAATGTATTTTTGCTCTTGTTACCCTACTACTTTTTGTCACTTTCGGAAGAAAATTCTTCCAATTTCTTGACATTTCCTTGTACGCATTTCAGTTTATCGGAGGGGTTCTACTCTGCTCGGTTTCATTGAAAATGATGCTTGTACCCCCACCAGTAGAATCAGACTCTTCTGAACCACAATCAGAACCTATCTTCTTTCCCTTAGCTTTCCCTGTAATCACTGGCCCTGCTGTAATTACTTCTCTACTCAGCTATATGGAAGAAGCTTTGTTATCTAAAGAAATTATTTTCAGTGCTATGATAATCGCTTGGGTACTTTCCGTATTTACTTTACTAAGTTCGAGCTTTTTTAATCGAATTCTGGGATCTTCCGGGTTAGTAGCCTTAGAAAGATTATTCAGCATTGCGTTATTATTAATGTCTGCAAACCTCATGCTTAAAGGTATTTCAATAGCATTTAACATAGGATTTTATATTAAGTAGTGTAGATAAATGAAAAGAAATGATCCCTGCTGGTGTGGAAGCAAACGCAAATGGAAACATTGCCATGCCCAGTCCCCTCAAATATCTTGGGAACAACAAAAACAATATTACGCTTCGCAATACGATATTATTTTAAAGACTCCAAAACAAATCGAAAAAATCCGTTATGCTTGTCAAGTAACTGCACGTATACTTGATGCTCTTTGCAAAGCATCTAAAGAAGGTGTGACTACAGAAGACCTAGACCAACTCTCCCGTCAATTACATAAAGAATATGACGCAATTCCAGCACCTCTAAATTATGGCTCTCCTCCTTTCCCAAAAACGATTTGCACTTCACTTAATGAAGTGATCTGCCACGGCATTCCTAATAATACCCCCTTAAAAAACGGCGATATCATGAACATCGATGTTTCTTGTATTGTTGATGGGTATTACGGAGATTGTAGCAAGATGGTAATGATTGGAGAGGTCTCTGAAATAAAAAAACGCGTCTGTCAAGCATCTTTAGACTGTTTGAACGCAGCAATTGCTAAGTTAAAGCCCAACTTACCTCTATACGAAATCGGTGAAGCCATAGAAGCTTGTGCTGATAGTTATGGATTTTCTGTAGTCGATCAGTTTGTAGGTCACGGTGTGGGTATAAAATTCCATGAAAACCCTTATGTTCCGCATTACAGGAATCGTAGTGCTATACCCTTAGCTCCTGGAATGATATTTACCATAGAACCCATGATCAACGTAGGGAAAAAAGAAGGGATTATAGATCCCAAAAACCACTGGGAAGCAAGAACTTGCGATAATCAACCTAGCGCACAGTGGGAACACACCCTACTGATTACTGAGACAGGTTATGAGATACTAACTCTTCTAGAGAAATAATCTCTTCTTCCAGAGATTCTATAT
NZ_CP103952.1_gap7	458624	462993	4369	AGCACATGCTAGTCCTGACACCCAACGCATTTCCATGGCTACACGATGATTAATGTCTTCAATAAGGACTACCTGAGGATGATTAGGCGTTTCCCAATCCCCTTTGACTTCTTCAAAAACCTTGACAGCGCGAGCAGCATCCCCCAAGGAAAGATAAGCATCAGCAAGGTCTAATTTCACGGTATAGTATACGTAGACCCAAGCCTTCGCATTTTCCCCACATAAAGTGATCTCTGAAAATTCATCTAAAGCTTTTATAAACCAGCCGATTTTTCTTATCATTTCTGTTTCTACATGACCTTGGAAATAGTATACCAAAGATAATAATGAGGATTGGGGGAATAGTTCTTGAAAGTGCGATAAATGTAATAAAGCACTCTCTTTCCCTGAGAGATAGTCGTCTATATCATAAGCAAGAAGATATAAGCGATCTCCATACAAACGCAGATCAAGATGATGACAATAAAGATCCAAAAGCTTTTGATTCGACTGCCTACGTGTTAATGCCCAAACTAACCTAACCGTTGACTGCAATGCAGAACGCTCTTGTGAAAAGATATTTGTTAGAGCTGAACTTGCTTGAGGATCACGATAATATAAAGCAGCAAAACAACATTTTGCGATATCCTCGAATGAGGATGAGCAAGATAGCCGTGTTGTATAACTTGCCTCTTTAAATAATTCTCCACGCCGAAAAGCTAACCATAAAGTTAGCACCCGACTATATTCAGGATTCTGTGATTGCTCTAAAGTTTTTTGTAGATACTGTTGTTCTGTTATCTCTATTTGGTGATCAATAAGGGTAAGTATAGGACTCGCATTACGCCTTCTATGACGATGGATCATATCATAGATAAAATAGTGATAGAGCTCCTCAAGAGCTACTTCACTACTACCTAACAACTCACATAACTTCACAACAGGAGATACAAAACTAGGATCTTTCTTTAGAAATAACGCGTCTATAGATTTTAAAATTTTACGATGTAGAAATGAGACATGAGATTTAGAGTTCCACTCTTCGCACAAATCTATCTTTTTCTGAAGAGCGTAGGAAAGAAATAGTCCTAAACCAGCCTCTTTGCGACTCCAACTTTTATAAGCTCGGAGAAAGAAATCTTCGGCATCACTGTACTTCTGTTCATAACAAGAAATACATCCTAGATACTCATACACCCGAGGTAATGTGACTCCCAACCTAGAAGCATGATCCAAAATTGACACAAAAATCTCTCGAGATTTCGTGAAATCCTGTTTCTCAAAACTATAGCAACCTAAGAAAAAACTATATTCTGGGAAATACGTATGTTCAGGGACAAATACAGATTCTCCGGCAAGCAGTAAGCGCTGCATGGCGGAGAGGTTCTTCTGCTGATGGTAGATTTCCAATAACGAAAAGTAACCGTAATAAAGTAATGTCGATTGTAAATAATTTCCTTGATCTATCAGAACCTCTAATTCACAAATGCCTTTTTTCTGATTCCAAGGAAGGGTATACAAGGCATGCGCAAGGAGAAGTACATCAACCTCATGAGCACGTTGTACCTCGCCGCGTGATATTCTCAATACTAAGTTGTCAATAGATTGAGCATAGTCTTTTTCAGCTTGACAGTAAGGGAATAGTAAAGCTTCACAAGAATCTCCAACTTCTCGTGATTTCTTAATTTTCAATCCTAAAACAATCTTTTTTAAGAAATTTTTTTCTATATCAATGACCTCGGGATGAGGACTACAGGTTCCCTTTGCAATAGCTTGAGAAAGCTTCTCGCATAATGCTAAAGCTTCGTCGTAATTTCCTCGTTCTTGCATTACAAGAATCTCTTGCTTGCGATCCTCATAACTACTATGTAAAGTCATGCTATACAGTTCGAGTAAGAGATGGTCTTCTAGTGTGTCTCTTCCCCTCTCTATACTATGAAATTGCGTTATCAAATCTCTTAAAGAAACCCCATCAGGATTTAATTTCTGCCAAGCAAGACGTATTTCCGACCTAATGTGAGAAGGCATTGTCACTACGGACAATAACTTTCTGATGATCTCTTTACTGGTGGCTCTATCTTCTTGTTTGATTCTGACCTGTACATACTGACGCGTTAACGCCGCTATAGTTTCCCAATCTCTAGGAGACAATGCTGTTTTTTCAAAAATAATACGCTCTACAAATGCTGAGAAAACTTCATCACAACCATTTCCAGACTTCAATGCTGTATACACGTCTGCACAGTAATGACCAAAAGGCAATTGCTGAGTTGGAGCAGCCCAAACACTCCCTACACTCACAATTAAAAAAAACTGAAAAATGCGTAGTAACGGATGGTGATATACTTTCATGATAGATATCTCTCTACCATAGTACTGGCAGGAATTAGAAAAAATCACAATAGTTCAAAAAAAACAAACTATAGGTGAACCAAAAGTATAGTAGAAGACTCTATTACTAAAAAAGAATGTTCTGTTTGGAGTTTTTTATAAATTAAATGTCTACAGAACCTCTAAACTACCTACAAAACACAAAAAGAAAACGCGCACATGAAAATGTACAAGCTCTTCTTTAAAAAAAAGATATTAAGCTGATGCCAACTAACCTACTGATAAACAAAGAAGTATGAAAAATTAAAAACTAGTAGTGATTCTCTGTTTTTCTTTTCTCTAAAAAAATTGTTGCATGAATTTGAACAAACAAACTAATTACAAACTAAAACAAGTAAAAATAGTTTAAAACAACAACTAGAGGACGCTTTTCATGGCGCTAAAAGATACGGCAAAAAAAATGAGAGATCTGTTGGAAAGTATCCAACGTGACTTAGACAAGGCCGAAAGAGGAAATAAAGCAGCAGCTCAACGAGTACGTACAGACTCTATCAAGCTAGAAAAAGTTGCTAAAGTATATAGAAAAGAATCAATCAAAGCTGAAAAGTCTGGCTTGATGACTCGCAAGCCTGCGACAAAAGCGAAAAAGGCTGCTGCCACTAAAAAAGCAGCATCTAAGCCTAAAGCAAAAGCTAAGCCAAAAGTACAAGCTAAAGCTGCCCCTAAAGCTAAAGCCCCTGCAAAAAAGATTCCAGCTAAAGCAAAAGCTAAAAAAAGCTCTAAATCTCGCTCCCTAAGAAAATAGTTTTTTCCTTGTCTTGGTTTTTAGAGGGTAATTATATTTTATAACTTGCCCTCATTTTCTTTTTCTCTTAATTTCAAAAGATTATCCCTAGAAACGCTTCGTTATGATAAAATTCTGCAGTAATTTTTAACTGCTGAGTGGACGCAGAGTAATTCTATCTCGCAGGCACGTGAATTTTTCACATAAAATTCGATTCTAAAATTAGAGCCCTTACAAATAGACCATGCTTACAGTCGCCAATTGTAAACACTTTGGCATTTGCGGCGGGTGTTCCTCGCCTCACTCTGCCTACTCCGATTCTTTAAAAGCTAAAGAACGTATCTTACACGAGCTCTTTGCTCCTATTTTCCCTGCTTCAGATATTCTACCTATCATTCCATGCCATCCTCTTTTGCGGGGAAGAAATAAAATGGAATTTTCTTTTTTCCAAACTAAAGAGGGTGAGAAAAGTCTAGGATTCATTACGCCTACAAAACCGAAACAAGGCATTCCCATTACAGAATGTCTTATGATTCATGAACATGCAATGGATATTCTAGAGATCACACGCACATGGTGGAAACATCATCCTGAGATTACAGCTTACTATCCTCCCTTCAATAAAGGCTCTCTGTGCACCTTAACTGTACGCATTGGCAGCCCTGAACACACGCTCATGGTCATTCTCACAACATCTGCAAGAGAAGAATATGCCGTCGATAAAAAGATTATTGAAGAATGGAAAAATATGCTGATACATTCCGATCTTCCCATTGTTTCTATTGTATGGGAAGAACGCGTCAGCGCGAAAAGCGTTCCTACCTACTTCCGCTCTAACCTACTTTACGGAGAAGCATTTATTAAACAAAAGTTAAGCTTACCTAAAGATGGAAATTCCGCGGTATTTCATGTGCGGCCGAGAAGCTTCTTTCAACCACAAACTCTCCAGGGAGCAAAAATCATAGAAATTGCCAAAGAGTTTATGGATCCACAAGGATCCGAAACACTCTTAGATCTCTATTGTGGTGCGGGAACTATAGGGATTATGCTTTCTAAATATGTAAAAAAAGTTATAGGAGTAGAAATTGTCCCTGACGCTGTAGATTCCGCAAAAGAAAATATCTTAATAAACAAAAAAGAAAGTCTCATTGAAGTACATCTAGAAGATGTAAAAACTTTCTGTAAACGGCATCAAGATCATCCTGCTCCTGACGTTGCTATCATTGATCCTCCACGCTGTGGTATGCAAAACAAAGTACTGAAATACTTAATCAG
NZ_CP103952.1_gap8	467649	471774	4125	CCTATCAACCACATAGTCTATATGGAGTCTCATAGGGATACCTTATCTTAAGGGAGGCTTGGCATTTAGATGCTTTCAATGCTTATCCTTTCCGAACGTAGCTACTCGGCTATGCTTTTGGCAAAACAACCGACACACCATTGGTTCGTCCATTCCGGTCCTCTCGTACTAGGAACAGCTCCTTTCAAGTATCCTGCGCCCACAAAGGATAGAGACCAAACTGTCTCACGACGTTTTGAACCCAGCTCGCGTACCGCTTTAATTGGCGAACAGCCAAACCCTTGGGACCTTCTCCAGCCCCAGGATGCGATGAGCCGACATCGAGGTGCCAAACCGCCACGTCGATATGAACTCTTGGTGGCGATCAGCCTGTTATCCCCGGAGTACCTTTTATCCGTTAAGCGACGGCGATTCCACTTTCCACCGCCGGATCACTAAGCCCGACTTTCGTCTCTGCTTGACTTGTAGGTCTTGCAGTCAACCTATTTTATACCTTTACGCTCTACTCGTGATTGCCAACCACGATGAAATAAGCTTTGGGCTCCTCCGTTACTTTTTAGGAGGATACCGCCCCAGTAAAACTGCCCGTCTGGCAATGTCCATATTCCAGATTCATGGAATTATGTTAGATTCCCAACTTGTTAAGACCAGTATTTCAACGATGACTCCCACTCTCCTGACGAAGAGTGTTCTCAGTCTCCTGGCTATGCTACACATAACAAATCAAGAATCAATACCAAAGTACAGTAAAGGTTCACGGGGTCTTTTCGTCCTTTTGCGGGTAAACAGCATCTTCACTGCTACTACAATTTCACCGAGTCTTTCGTTGAGACAGTGCCCAGATCGTTACACCATTCGTGCAGGTCGGAACTTACCCGACAAGGAATTTCGCTACCTTAGCACCGTTATAGTTACGGCGGCCATTCACCAGGGCTTGGGTTCAATGCTTTGCCTTGCGGCTGACATATCCCTTTAACCTTTTGGCATTGGGCAGGCGTCACACCATATACTTCCCCTTAGAGGTTTGCATAGTGCTGTGTTTTTGTTAAACAGTCGCCTGGGCCATTTCTCTGCGGCCCCCCGGAGCTCATGCCGTAAAGGCAATCACCCTAAGAGGCTCCCCTTCTTCCGAAGTTACGGGGATAATTTGCCGAGTTCCTTAACGAAAGTTATCTCGCGCGCCTTAGAATACTCATCTCGCACACCTGTGTCGGTTTAGGTACGGTCACCATCAACAGCTAGAAATTATTTCTTGAAAGCCTTGCGCCACACTATCAGTTCCTCCGAAGATTTCCCTTAACCACAACCTAACCTTATGTTAGCGGATTTGCCTACTAACCGGTCTCATTGTGATACGGACATTTCCAATCGTCCGCGTGCTTAACGTACTCCGTCATTCCATTGCTAAAGTTTTAGGTGGTACAGGAATATTTAACCTGTTGCTCCATCGTCTACGCATTTGTGCCTCGACTTAGGGGCCGACTAACCCAGGGAAGACGAGCTTGACCCTGGAAACCTTGTGCTTACGGCGAGGAAGATTTTCACTTCCTTTATCGTTACTTATGCCATGGATCTTCACTAGTATCCGCTCCAGCACTCCTTACGGTATACCTTCACTGCTGAATACTACGCTCTCCTACCGCGTATATATAAATATACACCCGCGATTTCGGTTTTATGCTTGAGCCCCGATTATTATTGGCGCAATGATTCTCGATTGGTGAGCTGTTACGCACTCTTTAAATGATTGCTGCCTCTAAGCCAACATTCCAACTGTCTTAGAATCATCACTTCCTTACTCACTTAGCATAAAATTTGGGACCTTAATCGGCGGTCTGGGCTGTTCCCCTCTCGACAACGAAGCTTAGCCCCCGCTGTCTATCTCCCGGACTCGCTTTTGGTATTCGGAGTTTGATTTCCGTTGGTAAGCCGGTAGGCCCCCGCTAGAATTCAGTGCTCTACCCCCAAAAGCTTAATATCCGAGGCTAACCCTAAAGTTATTTCGGAGAGAACAAGATATCTCCAAGTTTGATTGGCCTTTCACCCCTATTCACAACTCATCCAAACATTTTTCAACATGTACTGGTTCGGTCCTCCACAAGGTCTTACCCATGCTTCAACCTGGTCATAAATAGCTCACTTGGTTTCGTGTCTAAATCAAACGACTAAACGCTCTTTTAAAACTCGCTTTCGCTTCGGCTCCGGAATGTAGATCCCTTAACCTCGCCGTTTAACTTAACTCCCTGGCTCATCATGCAAAAGGCACGCCGTCAACCATGACTTCCTAAGAAGTTATAGGTCTTCGACCGCTTATAAGCTACTGGTTTCAGGTTCTATTTCACTCCCTTAACAAGGGTTCTTTTCACCTTTCCTTCACAGTACTGGTTCACTATAGGTCATTGACTAGTATTTAGACTTGGAGAGTGGTCTCCCCAGATTCAGACTAGGTTTCACGTGTCTAGCCCTACTCAGGTATCGAATAGAGTCTCTTGTTTTTTCGTCTACGGGACTATCACCCTGTATCGTTCTACTTTCCAGAAGTATTCAACTAAAACTTAAGATCCCATGTTATCGACCCTACAACCCCACATTAAAAATGTGGTTTGGTCTTCTCCCCTTTCGCTCGCCGCTACTCAGGGAATCTCTTTGATTTATTTTCCTCTGCTTACTAAGATGTTTCAGTTCAGCAGGTGTCGCCTTATACGTCTATGTATTCAACGTATAATGGTAGATGATTAATCTACCGGGTTGCCCCATTCGGAGACCTCCGGGTCATAGCTTTATACCAGCTCGCCGAAGATTACTGCAGGTAAACGCATCCTTCATCGCCTGTCAATGCCAAGGCATCCACCAATAGCTCTTAATAACTTGGTCTGTAAATTATTGATCCATGCAAGTTAACTTCACCTAAAGACATATATTCTTAAACGTCTATTATTATATGTGAATTTACTTGTTACCATATTATTTACATAACATACTTGATCGTAAACTAAATGTTTTGGAAACAACGCTTAACAATGCAAAAGAAATAGAATACAAGATTAAAAAAACGCTTGCCCAACCTAGTCAAACCGTCCTAAGACAGTTATCCTTATCCTTAAAAGGAGGTGATCCAGCCCCACCTTCCGGTAGGGCTACCTTGTTACGACTTCATCCCAGTCATCAGCCTCACCTTGGGCGCCTCTCTCCTTTGCAGGTTGAGTCAACGACTTAAGGCAAAACTAACTCCCATGATGTGACGGGCGGTGTGTACAAGGCCCGGGAACGTATTCACGGCGTTATAGCTGACACGCCATTACTAGCAATTCCGACTTCATGTAGTCGAGTTGCAGACTACAATCCGAACTGGGGCCAGCTTTGAGGATTTGCTCCATCTCACGATATTGCTACCTTCTGTACTGGCCATTGTAGCACGTGTGTAGCCCTGGGCATAAGGGCCATGCTGACTTGACGTCATCCTCGCCTTCCTCCTGGTTAACCCAGGCAGTCTCGTTAGAGTTCCCACCCTAAGTGTTGGCAACTAACGATAAGGGTTGCGCTCGTTGCGGGACTTAACCCAACACCTCACGGCACGAGCTGACGACAGCCATGCAGCACCTGTGTATCTGTCCTTGCGGAAAACGACATTTCTGCCGCGGTCAAATACATGTCAAGCCCAGGTAAGGTTCTTCGCGTCGCATCGAATTAAACCACATGCTCCACTGCTTGTGCGGGCCCCCGTCAATTCTTTTGAGTTTCACCCTTGCGAGTGTACTCCTCAGGCGGCATACTTAACGCGTTAGCTACGACACGGATAGGGTTGAGACTATCCACATCAAGTATGCATCGTTTACGGCAAGGACTACCAGGGTATCTAATCCTGTTTGCTCCCCTTGCTTTCGCGCCTTAGCGTCAGGTGTAAATTAGAAAAGCGCCTTCGCCACTGGTGTTCTTCCACATATCTACGCATTTCACCGCTACACGTGGAATTCCCTTTTCTCCATCCACCCTCTAGAAAGATAGTATTAGATGCTGGCCTGGGGTTGAGCCCCAAGATTTAACATCTAACTTTCCTTTCCGCCTACACGCCCTTTACGCCCAATAAATCCGATTAACGCTAGCACCCTCCGTATTACCGCAGCT
NZ_CP103952.1_gap9	491431	492470	1039	ACTGTTCCCATAATATTCTCCATTCGAGACATATATTGTGCCGAAGAATAGCAATAGAGGTCTACCATTCTTTATTATAAAAAAATATTGTCTGGAAAAATCTTTCTTCTAGACAAAAGTTTTTTTGTTCCTATGCTAGTTTTCTTAATCTCATTACTCAGGAAGCCATGGCCTTTCTTATCTTATTACGACACGGAAAATCCGTCTGGAATGAAAAAAACCTTTTTACAGGATGGGTGGATATCCCCCTGAGTCAAAAAGGTATTGACGAAGCAATGCTTGCAGGCGAGGCAATCAAAGACCTCCCCATAGATTGTATCTTTACCTCCTCTCTTGTGAGGAGTTTAATGACGGCATTGCTTGCTATGACACATCACAATTCTAAAAAAATCCCTTACATTGTTCATGATGATCCTCAACACAAGCACATGAGCAAGATCTATAGTGATGAAGCAAACCACATGATCCCGCTTTACCGTTCCAGTGCACTAAATGAAAGAATGTACGGAGAGCTCCAAGGAAAAAATAAAAAAGAAACCGCTGAGCAATTTGGAGAGGAGCAGGTAAAATTGTGGAGACGTAGTTATAAGACTGCCCCTCCTAAAGGCGAAAGTCTTTACGATACTGGGCAACGCACTATCCCCTATTTTCATGAAACTATTTTCCCTTTGTTGCAAAATTCAAAAAATGTGTTTGTGTCTGCACATGGAAATTCATTACGTTCACTCATCATGGATATAGAAAAATTAAGTGAAGAAGAGGTAATCTCTTTGGAGTTACCCACAGGAAAACCCATAGTGTATTTATGGACCGGTCACACATTCGAACGACACCCAGAACCATTTGGTTAAACAACCAACAAGCGATTCCTCCTTCTACTTCAGTAAGGGAAAGCTTTGAAACCTATGCTGATCCCTTTTCTTTGATACCTTCTTCAGCAATAAAGCTCCTGAATGAAACTGAAGAGGCTGCCCGCAAGCTTGTCGGTTGTTCTAAAGAAACTCATACGTTTCATTTCCTCCCACATTTCCCCCATGCT
NZ_CP103952.1_gap10	499166	502239	3073	CGGCGCTTCTATGATTGTGGAAGCAGTCTCTTCAGCAGGAATACGCCCGGTATCTGAACAGCTAAAAACAATTACCGACCTCAACGTTCCTTTTGTCATTACCTCTAAAGGTATTGAGCAGCATACCGGACTCCTCCTCAGTGAAATCGTTGTCGAGATTTTCGGTAGTAAGGCTTCCCGATATCTCGGTTATCTCAGTGGGCCTTCTATAGCACGAGAAGTCCTTAAAGGCTGTCCTTGTTCAGTTGTGATCAGTGCGTATGACCCTGACACCTTGAAAAAAATACATAATGCTTTTCTCACTCCGAAGTTTCGTGTGTATCCCAATAGTGATCTTAAAGGCGTAGCTCTCGGTGGTGCTCTGAAAAATATCATAGCGATTGCCTGTGGAATTTCTGATGGGTTCCAATTTGGAGATAATGCTAAGTCAGGATTGGTAACTCGTGGTCTTCATGAAATACGCAAATTTGCCACGATCATGGACTGCCGCCCCGATACTCTCAATGGCTTAGCAGGTCTTGGAGATCTTTGTACTACCTGTTTTTCTTCACTAAGTAGAAATACCAGGTTTGGGAAGCTAATAGCTCAGGGATTAACCCTTGAACAAGCAAAAGCAGAAATCGGCATGGTTGTGGAAGGTGCGTATACAGCCCTTTCAGCATATCAAATTGCTAAACATCACAAAATCGATATGCCGATAACTACAGGAATCTACCGCGTTTTATACGAGAATCTAGATATCAAAGAAGGTATTGCTGCACTCTTACAAAGAAATACTAAGGAAGAATATCTTTAAACATGGAGATACGCTCTATTAGCTCATCTCCTTAGATAGAAGCCTCATCCTACTGAGTTTTCATTTGTACATTTTTTTACCATTTGTTAAAGATGAATTTATAACGCATAGTAAATAAGGTCATCTACTAAATGAATAGCAAGCTGAAAAAGCACCTACGTTTAGCATCACTCTCTCTCCTAGCTTTATCAGGAATGTTCTCCTCCTCTACCCTTAATGCTATGCCATCGGGGAATCCTGCAAGTCCTGTAATTCCTAATATTAATCCCGAACAAAAGGGAATGTGTGCTTTCGAAATCTGCAATAGCTACAACCTCTTTGCAGCACTGACCGGAAGCTTAAAAATAGGATTTTCTGGTGATTATGTTTTTTCAGAAAGTGCACGAATAAGTAATGTTCCCGTAGTGACCTCAGTAAGCACAATGAATACAGGTCCCTCACCTACAGTTACCTCAACAACAAAAGACTTCGATTTTGATTTAAACGATTCTAAAGTTAGCTCTAGCTGTGTCTTTGCTTCAGTAGCTATCCAAGACACCTCCCCAGCAGCTATCCCACTTTTAGATATTAGTTTTGATGTAAAAATCGGCGGCTTAAAACAATACTACCGTCTTCCCCTTAACGCTTACCGAGACTATACCTCTTCTCCTCTAGCCTCCGAATCACAAGTCACCGACGGCTTAGTAGAAGTTCAAAGTAATTATGGTTTCGTTTGGGATCTAAGTTTGAAAAAGATCCTTTGGAAAGATGGCATTTCTTTCATAGGGATTGGTGCAGATTATCGTCATGCAGCCTGTCCAGTCAACTACATTGTTGTGAATAGTCAAGCAAACCCTGAAGTGTACTTCGAAGACTCTAAAGGGAAAATAAGCTACAAAGAATGGTCGGCAAACATCGGCATTACCACCTATGTCAACGATTACATTCTTCCTTATATTTCCGCTTCTGTAGGGAATGCTTCAAGGCAAGCCCCTGCGGATAGTTTCACACGTTTGGAAAGCCAATTCACCAACTTGAAATTTAAAGTTCGCAAAATCAATAACTTCCACCGAGTAAACTTTTGCTGCGGGGCTACCTGCTGCGCATCTGACAACTTTTTCTATAATGTTGAAGGTCGTTGGGGTTGCCAACGCGCCATAAATATAACCGCAGGTCTCCAATTCTAATAAGAACTAATTAACGTACGATACACGTTATGCATCAGTTTCAATGATGCTGCAACTAAACTCCACTCTTGCTGCATAGCTCGCATCTGAAGTTCCAACATGAGTTGGTGTGTTTGCGCAAGGTCTCCATAATTTTGTACGTCAGCAAGGCAAGTATTAAAGAAATTAAGTAAGCCTCCTTTGGCTGTTCCTGTAGCGACATCTATCTCGCCATCAACAACCTTATGCTCTAAATCTTGCAATGTAATTATAGAAAAATCCGACCCCATAATCTTGTAAGAAGCTTCATACTCATTATTCCCAGGCATGAAAATAAGCGAGTTCAGATTCAACATCAGATTTTTCATCTGTGTTAACATAATCACTAACTCACTGTCATACCCGCTAACGATATCCTGAAGTTGTTTTTTCTGATCATCAGTAAGCGTGTCATTCCCCTGAATGTTTTTAGAAATTTGCTTCAGTAGAGCCTGAGCGTTCTCAGCGCTTTTAATATCATTTCTTAACTGCAGACGCTCCTCTTCATAGCGATCTACTATCATCTGATAGCCAAATTTAAAATTTGCGGTTCCTGATGTCTGAGAGATGTACGATCCTAAATTATAAATAATAGGAGCAGAGTTGAAAGTCTTAATAACTTCTAAAAACGGACTAAACAGGTTCTGAGCATATCCTGAAAGGTTCAGCTCCCTTCCTAAAGCATATAAAGCTGTCTCTTGAGCAGGAATATATTTATCTAAAAGAATATAAGCAAATGCCGATTGAAAAGGCATCTTATTGACTATAGAACCCTCGACAGGAGCAAGCTCAGGAGCTGTCGTCAAAGCCTGTGGCGATGTCCTTTCTAAATGCTCTTGGAAAATCTTATTTGCTTGCTTGCGTAGCTCCTTATTCTCTTTTTCTGTCAATACTGTCTGCATCACCGCAATCTCAAAGCCCGTATCTAAAAAATCACGATTTAAAGATGAGACAAATTCCCTACGCAATCCCAATTCACTCGCTTCCTTGAGTAAATCTTGCATGATTTTTAGATGCGAAGCTACCTCATTCATTTTTGTATAATCAGCAGCAACTTCTGCAGGTGATACACGACGCTCTGCAAATTTTGGAC
NZ_CP103952.1_gap11	536028	539558	3530	TAGGGTTTTGTGCGCTGTTAAATGAATGAAGTTTTTTAGTCTAATTTTTAAACATGACGAAGTCGTACCGAATAAAAAAGTCCTTGCTCCGGAGGCTTTTTCAGCTCTGCTTGACGCTAAAGAACTCTTAGAAAAAACAAAAGAAGATAGTGAATCTTACACTAGGGAAACAAAAGAAGAATGTGAAGTATTACGTAAAAATGCAAAAGAGCAAGGTTTTAAAGAAGGCTGTGAACAATGGAATTCTCAACTTGCCTATTTAGAAAAAGAAACTCATAGTCTTCGTAATAAAGTTAAAGAAGCTCTTGTTCCTTTAGCGATTGCTAGTGTAAAAAAGATTCTTGGTAAAGAATTAGAAATTCATCCAGAAGCCATTGTTTCTATTATTGCTAAAGCATTAAAAGAACTCACTCAACATAAAAAAATTATCATCCACGTAAACCCCAAAGATCTTGCACTTGTTGAGCAAAATCGTCCTGAGTTGAAAAAAATCGTTGAGTATGCTGATACATTGATCATTGCTCCTAAAGCGGATGTGACACAAGGAGGTTGTGTCATAGAAACAGAAGCAGGTATAGTAAATGCTCAGTTGGATGTACAATTAGCTGCTTTAGAAAAAGCGTTCTCTACTATACTAAAACAACAAAATCCTGTAGATGAAGCTCAACTTAAGCAAGAAGTGCCTGCTGATGACGCTCAGGACAAGCAAGAATAAAGGTATTTGACATCATGCGTTTCATTTTTCGTACTTTCCTGTGTATGTTTATCTTGATCGCACCGTGGTGTCTTGCAGATAACGGATTATACGATACCTCTTGTTCGTCTCGTTGTAACTCCCCTAAACCTACAGAGTTGCCTGTTGTTTCTCAACAACCTGAAGTAAAAAAAACTTACCCGCAACCTACATTTCGAGAAAGAGTCACAGCTGATGATGTTCTTCCTCGGGGACACCTGTCCGAAGGAAGTTTTTCCGATACCTATCCTGATCTGACTACTCAAGCAGTCATCTTAATTTTCCTTGCATTATCACCGTTCCTGATGATGCTGCTCACATCATATTTGAAAATTATCATTACTCTAGTTCTGTTAAGAAACGCTTTGGGTGTACAGCAAACTCCCCCCAGCCAGGTCCTTAACGGGATAGCCTTAATTCTTTCTATTTATGTGATGTTCCCTACCGGAGTTGCTATGTACAACGACGCTAGGAAAGAAATTCAAGGAAATGCGATCCCTAGAGATTTATTCTCAGCAGAAGGAGCAGAAACAGTTTTTGTCGCACTAAATAAATCCAAAGAACCGTTACGGTCATTTTTAATACGCAATACGCCAAAAAGTCAGATCCAAAGTTTTTATAAGATTTCTCAAAAAACATTTCCCCCAGAAATCCGAGAACATATGACTGCTTCGGATTTTGTGATTGTCATTCCTGCTTTTATTATGGGGCAGATTAAAAATGCTTTTGAAATAGGCGTTCTCATTTACCTACCGTTCTTTGTAATAGATTTGGTAACAGCCAACGTGTTGGTAGCTATGCAAATGATGATGCTTTCGCCATTATCTATTTCGCTACCTTTAAAATTACTTCTTGTTGTGATGGTGGATGGTTGGACGTTATTACTTCAAGGTCTCATGATTAGCTTTAAATAGGGATATGCCGTGATAGCACTTGCCGCAAGCTTTAAATCCATGCTCTTTGAGTATTCATATCAGTCACTGTTACTGATTTTGATTATCTCTGCGCCTCCTATTATCCTTGCCTCTATTGTTGGTATCATGGTTGCAATTTTCCAAGCAGCAACACAAATTCAAGAACAAACATTTGCCTTTGCAATTAAGCTCGTTGTTATTTTTGGCACCTTGATGATTTCCGGGGGATGGCTAAGCAATATGATTTTCCGTTTTGCTTCTCAAATCTTCCAAAACTTTTATAAATGGAAATAAACAGCTATGGCAATCTCTTTACCAGAGCTTGTTTCTGTTTTTGATTCTAAATACCTTGATTACATTTTGCAAAAGCCTCCAGCCTATGTTTGGAGTGTCTTTTTGCTGCTTTTGTCTAGGTTACTGCCTATATTTGCTATAGTTCCCTTCCTTGGAGGAAAACTCTTCCCCGCACCAATTAAAATTGGCATTGCGCTTTCCTGGGTCGCCATCATCTTTCCTAAAGTACTGATGAGCACCCATATAGCCAATTATCTTGACGACGATATGTTCTATATTCTCATTGTCAAAGAGATCTGTATTGGTACGTTAATCGGTTTTATTCTTTCTTTTCCTTTTTATGCTGCACAATCTGCAGGATCCTTTATCACTAACCAACAAGGTATTCAGGGTTTAGAAGGAGCGACATCGTTAATTTCTATTGAGCAAACCTCACCTCATGGGATCTTCTATCACTATTTTGTGACTATAGTGTTCTGGTTATCAGGCGGACATAGAATTGTCTTAACGATTTTACTACAATCTCTAGAGGTCATTCCTATTCATAAATTTCTCCCTATGGAGATGATGTCTCTAGATGCTCCTATTTGGGTTGCCTTAATTAAAATGTGCCAGCTATGTCTTATTATGACGATTCAGCTTAGTGCTCCAGCAGCTGTAGCTATGCTCATGTCTGACTTGTTCTTAGGAATTATTAATAGAATGGCTCCACAAGTGCAGGTTATTTATCTCCTTTCTGCCTTGAAAGCATTCATGGGTCTATTATTCCTGACTCTTGCTTGGTGGTTCATAGTCAAACAAATCGACTACTTCACACTAGCATGGTTTAAAGAAACACCGATCATGCTTCTCGGATCCAACCCTAAAGTCCTTTAGGGAGAACCATCTAAACTATCTATATTGAAAAAATATGCAGCGAAAAAGCCACGAAATTCCAGCAGCTTATTTCGCTAAGACTCTATAAATTTATAGAGGTTTCTGAGAAGAATCATTGCCCTTATTGTCCCCTAGTAAAATCAGAATCAAACATAGGACTAAAAACCAGAGTGTAAAAGGGAAAACATTCAAAAAGAAGAACAACAACAAGCCACAAAGAAGAGCATTCTTTGCGGGGCCGTTCTTCGCATAATAGCTCTGAAGATTTTTCAAAACCGCGCGAATTTCAGAATAAAAACCTAAAACCACTCCGCAGGCGACAAATAATCCACCTACCCAAGAGACAAAATCGGTAATAATACCAAATAGAACTAGCGCTCCACTGATGGCTTCTCGAGCGTGATGAGAAAAGAACCTCTTCATTCTTCCTACTTTAGGATTGGCATGCAAATCCTTCACCTTACGCTTCAAAGACTCAAACTGAGAGGACGACTCTTTTGAAGAAGAGTTTTCTTTTGGTGTCTCATCTGCCATAGCCTTACCTTTAAAAATCTTTTTTATTTAAAAATACTTATAATACTCAATTATCAAAAAAAATATTTAAAGATAAATAAGAAATTTTTAATTATAATTTATTACTCTTTGGGGAACAGCGACATCGAGAAACAGCTCCTGTTTCTGGATCAATGAGATAGAGATAGTCTCCGGCATTT
NZ_CP103952.1_gap12	566786	569430	2644	TCCCATCGTGGTATGGCTTTAGGATTCCTTCCCGATATTCCTGATATCCCCATGGCAAGCTTTAAGCCTGATCCAGGATCCCTAATTATCTTGTATTCAGATGGAATTACAGAAGCTCATAATAAAGCTTTAGAAATGTTTGGAGAAGAACGACTGAAAAACGTTGTAAAAACCTTAGTGGGTAAAAGCGCTGAAGATGCTATGCATTCTTTAATACTATCTGTGAAAACTTTCGTAGGGAATTGCCATCAACACGATGATATTACCTTACTGATCCTTAAAATATCGGACTTATGAAACAAACTTTTACCAAACGCATTTTGTTGTTTCTTTTTTTGGTAATTCCGATTCCTTTAATTTTGAATCTGGTCGTCCTATCCCTATTTTCTTTTTCAGCAGCAAAAAGCAATCTCATGGAAAACCTCCATACCCATGCGACAAATTTTAGCTTAGAATTTGAAAAAAAACTTACCATCCATAAAGTTTTCCTGAAACGTCTAGCAAATACGTTAGCACTAAAAGCCTATTCCTCATCTTCAGAAGATTTCTATTCTCAAGCTTATAACGAGATGTTCGCCTTATCCAACATGGATTTCTCGCTGTGTCTTATTCCTCTAGTACAGGGAAATATAAAAACAAAAAATCCCCACGATCCGTTTATCTACTATTTAAAAGAGCATCCTGAAATAAAAAAGAAGCTGAGCATGTCTGTAGGAAAGGCATGCATCATTACTGTTCCCTCAGGATCAAATACGCATTCTACAAACTATCTAGTGATTACTGAAGATATCGAAGTATGGAATTCACCAACAAGCGCGGGATTGCTTGTTAGCTTCTACCCTATGGATTTCTTACAAAAAGACCTGTTTAAATCCCTACACTTAAAAGATGAAGACATCTGCCTTCTAAATAAATACGGCGAGGTTCTCTTTGCATCATCTCCTAAATTCTCCTCAGAAGTATTTTCATTAGATATTGCAGATCTCCCTAAAATCACTGCGAGAAAACAAGCCATCCCTCTTGAAGTCGCACCAAAAATCCTTCACGAACAAAAACTGATAAGCGTAAAAATACACAATAAACGCTATCTAGGGCTTGTTTTGAACAAGCTTCCCATTCAAGGAACTTACACCCTATCTATTATTCCTCTCTCTTGGTTTATTATTAAGGCTATCCGTCTCCCTCTAAATGTAATTTTCTTTTATTCTCTAGCTTTTATCTTAATGGGATGGATCCTTTCTAAAATTAACAAACGATTAAATCAACCTATTCAGGAACTTACCACATGCATGGAAGCGGCATGGAGGGGAAATCATAATATCCGTTACGAACCCCAGCCCTACGGATATGAAATTAATGAATTAGGAAACATTTTTAACTGCACATTGCTATTGTTACTCAACTCTAGAGAAAAAGCAGAAATCGAACGTCTTTCTGGAGACAAGCTACAAAAAGAATTAGCTATTCTTTCTTCGCTGCAAGAAGCATTACTCAGTCCTCATTTCCCCGAGTTTCCTCATGTTTCTTTTATTTCGAAACATCTCCAAGGCATGCAAAGATCTGGTCATTTTTACGGATGGAAAACCTCAATTCCTGAGCAAAGTTTCCTAGGTGTTATAGGCCTTGCTGGTGATATAGGATTGCCGTCTTATCTTTATGCCCTATCAGCACGAAGTTTATTTCTTGCCTATGCGAACCTTTCTTCTTCTTTAGAAAACATTTGCTCCAATACTTTCAAAGCGTTTGAGCAAACCACGGAAGGCGATGAGGCCACTATCTCTATGACATTTATTCGCTACTGCTCAACTGATAGAAATTTATCTATCTTATCAGCAGGGGAAACACCTCCTGTAGCCTTTTTAAAAAGACAAGACACATTTTCTCGTCTTATCTCGCCCTCAGTCCAAAACATACACCCCGGGGATATCCTAGTGTGTATCACAGGAAATAAAGAACTTACAGAATACCTCTTGCGCTTACCTATTGAAGATTTGATTAGAGATCCTTTAGCACCTCTAAATTCAGACAACTTTATAGAAACTCTTACAGATATGCTAAATAAAGAAACTCAATCACAAATAGATGGAACTCTAAGCTTCTTATCTTTCATCTAAATGAAGATTTGTAATAGTTATACTTTCACTTCCAGGTTCTTTAGGTCCCTTGCCTAACCATAAGAGTACCCCTGAAACCATAAGAGCAAGAACACCCAGGAGTACAGCTCCAGAGACAATGATGACAAATGCTGGAGAGGTGACAGCAAGACAGATAACAACTACAGCTATACCAATAATCACAAACACTACAGAGCTCTTACTGATTTTTGATAATGTAGCTTTATGATTTTGCCCAAACTGTGCAATGGTCGGGCAGTAAAACTTTAGATGTTCGTGTATATTCATTCCTTATACTCATCAGATCAAAAATTCAAACGGAACATGTTAGTCATGTACGCCTTTTCTTACAAAATGATAAAAACTTCTTTCCGATACCCTTAAGAAGGTTTTTTGCTCTTGTTGCATTCCATCTTTCTCATCCTGTGAGCACTAGTACTCTTACTGTTGTACAGTGACCTTATTCTGATATTTTCTTTAGGGAATCGCTTACTGACAGAAACCTAGAATTCGTGATAAGAGGTAGAAAA
NZ_CP103952.1_gap13	577253	579977	2724	ACTTAGCTGTAAAGTTCACAAACACCGCTTGTCCTTCCTTACGCAATTGAGCAAGTTTCGTAGCTGAAAACGGTTGCCAAACGTTATTCTCCTGAACAGCTACAGTTTCTGTTGCTTCGACAAAATGCTTTGAAGCAACAAAACTTAAAGATAGAGCTCCTGCAACACATCCTAAAAATAATGTTGAAGCAATCACCCTGTGTTTCTTAGGAGAAACTGGCGTACCCCATTTCCCTAAAATCCAAGCGCCTATACCTGCAAGCCATAATCCTGCAAGGAGGATAATTAACGCTGTAGTACTTGTTTCTGAACCAAAGATCCACGCTAACCAAGTTACCGTACCTAATAACATAAACCCAGTAAGCTGCTTAAACGTACTCATCCAACTTCCAGGTTTAGGAAGAACGGAGAGCATCTTAGGAAAGATAGAAAATACAAGATATGGCAATGCCATTCCTAGGCCTATCGATGTAAATATCATCAATTGCTTAATGAACGATAAAGACATCACCAAACCTAGTATAGAACCTAAAAAAGGTCCTGTACATGGTGTAGTTACTAATGTTGCTAACACTCCGTTAAATACAGCTCCTACAGCTTTATTTTTAGAGCCTCCAGACTCTGTGGATTGGAGTTTCCCTCCAAGAGAAGCAAACATCGTGCCCATTTCAAATAAGCCTAGAGAACTCAAGGCAAACAAGAAGAACACTATAACCAAGGTCGCGACAAACATAGGCTCTTGAAGCTGGAAGCCCCAACCAATGTTATGCCCTAACATTTTTAAAAGAGAAGCAACCCCTGCTAACCCCCAGAAACAGCCCACTACACCTAAAGTGAAGCATAAGCCATTGATAATTACGGATGAGCGGTGCTCGCCAGCAGATTTAATTAATCCGTAAACTTTAAGAGTAACTAAAGGCAAAACACAGGGCATAATATTAAGAAGAAGTCCCCCGAGGAACGCCATGGCAATAATCGTGACATAATTCCATAACGCGGATGTTCCCGATTCCGATTCACTAATTTGACCACGAACTGCGAACGATTCCACCTCGCTACCCGTTTTATCTGTAAGCAATAGAATCCCTTGCAACTCCTGATTTTTCTGAACTCCTGAAATGGTTTTTATCTTCAGTTTCCAAGCTGTTCCTGAATCTTCACTAATCGCTTCTTCAGAATAAGCGAAAATCTTATCGGCCTTCTCTGAAATAAACCAAGCCTTCTCAGCACGGTTTTTCTGTCCGGAAATATTTAAAATGATCTCGCCATCTTGACTACGTCCCAAAGTAATTGTCTGATCTTCCAATAGACGGGGTTGTGTTTGTAAAGTTTGAGCGAACTCTGCAGTTCTTTCAGGATATAAGATCACATCGCCGTCACGATAAGGTAGGGATAATTCTAGATCAACATTTCCCGGGACACAACTCTCTCCACAAGCCAACCATTCAACATGCGCTTTTAACACCACAGATTCTTGATTATCTAAACTCTCAGGAGCACGAATATCTGCAACTATAAAAGCATGATCGTCATAACCAAAGAATGTCGTGCCCTCCTCCTCAAAAACTTTAGGAGTTGGCCAATGCTCTTCTTCAACTATGAATCCCTTGGGCAAATTCCAATTAATTCTCAATGGACTACCCACTTCGCCAGGATTCTTCCAATAAATATGGCTTCCCTTAGGAGCCGCTATCTTAATCCCTAATCTGAATATTCCGCCTTTAGGAATGTGGGATCCCTCAGAAATGAGAGTAGCACCTGGTGAAGCCGTCTCTACAATAGGCTCCGCAGCACGCAGTTTCTGACCATACCCAGTAAAGGCAGGCACAGAAAATAGAAATGCTACCAATATAGTTTGAAAATGCTTTTTGATTTTATTCAAAATAACTCCAACTATTTCTAAATCAGGTAGATAATCATACACTATTTATAATTTTGTTTTTACTAATGCTTTTGTAAATCTCTTTAACAAAACCTACTTGGCTCTATACCAGAATTTTGATAGGATCGTCTTTTGTACGATCCCCTCATTATGTAAAGAATTTTATACTCTATGTTGCAATTCACCCATAATCCCATTATCCAGGCTTACACAGAAGCTGACCTTTTCGGTAAGGGGATATTCTTCAGTCTACTGATTCTTTCCCTTTGCACTTGGACAGTACTACATCAAAAGCTTGCTATTCAAAAAAAATTTCTGAAATCAGGAAAATCTCTTAAAGACTTCTTGATAAAGAATCGTCATGCTCCCCTGTCCTTAGAAATTCACCCGGAGTTAAACCCCTTTGCTGACTTATATTTCACTATTAAACGGGGAACTTTAGAACTTCTTGATAAAAATCGTCAGCAGGCACCAGATCACGGCCCGGTATTATCCGTTGAGGATATACAATCCTTAGAGACCCTACTTGGAGCCGTTATGCCAAAATATCGTGCACTTATGCACGAAAATAACTTTATCCCTGCCACAACAATTAGTCTAGCGCCCTTTTTAGGCCTTTTAGGAACAGTTTGGGGTATTTTAACAGCTTTTTCGCATATCAGTTCAGGAGAAGTTGGAGGAACAGCCATGATGGAAGGGCTTGCAACAGCTTTAGGAACGACAATTGTAGGATTGTTTGTTGCTATTCCCTCTTTAATAGGGTTTAATTATCTTAAAGCTCATTCTTCTCGGTTAATTCTAGAAATAGAGCAGACAGCGTATTTGCTGTTAAATTCTATAGA
NZ_CP103952.1_gap14	718457	720859	2402	ACGGGAGTGAGCATTTTGCAAGGACCACACCATTCAGCAAAAAAATCTATAAGCACTAGGCCCGAGGAAATGAAGGAATTGAAATTTTCAGCGGATACAACTTTGACCATAATTCTCCAATAAGTTCAGGGTATTCGTTTTGAATTCTATATGCAGCTAAGAAGACTTGAACTTCCATGAGCCTAAGCTCACTAGAACCTGAATCTAGCGCGTCTACCGGTTCCGCCATAGCTGCATGAAGGCAGATTGTAGACATAGGTTAAAAAAAACACAATTCAGAAACTTTTTCAAAGAAAAAGCAGAGACATTTCCTATCGATTCTCAAGATCCTTTATTGAGGATCTGAGGGTGTTGAACTATGCCTAGGAAAGATATGCGTATTCAAAGAACCTTCAGACATCCCTGTTCGGGTTATTCATATCTGTTAAGATCTTCTAATTGTGTTTAATCATTTGATTTGAAATGCTTTGAGAGACTGTTATAGACAGTTTTAAGATTAAAAATTTTCGAGGAATGTTATGGAAACGGAACAACATACAACTTCTGAGAATATGAAACAATTTTTTCAAAATCTAGAAAAGATCAAGCTTTTCCTAAAGGAACATGCAGGCGAACATCCAAAGCTTCAGGAAGCTTTTGATATGTTCGATAAAACATTTAAAGTAGAGGATTAAATAAGATACATACTTCTAGTTGATGTTTAGGCTGCTGTTTATCTATTTTAGATGCTTGTGTACGGTAAATCAAAGTTCCGGGACTTACAACAGTAGATCCTAGAGGATGTGTTCACAGAGGATAAAAATAAACAGTTCTTTGGATATTGAATAACTCTTGTTAACACATTTGCAATAACAAACAAGCTATGATGTGGGTATTTAACTTAAGAATATTGACGTCATAGCTTTAAAATTCTAAATAATAAACACGATTTCCCAATGGTGTTCTTGGGTTGTTCTAGTTTCATTGCGATACGTTCAATAAAATGCCCCAGCCATAGTCTTAAAAGTATCCTTCAGTAACACTACTCTTCGCTTTATTGCGAATCATCAATTTATCTTTTTAATTCTCGCAATGGCTAGTAGCTTTATGTTCAACATAATTCTCGTGTTATGCTAGTATGATTGATTTAATGTGAAACAGTGCTAAACTATTCTTGAGTTTATTGCTTTAGAAAATAAAATTTCTTCAGTAAACCAGGAAAACTTTTAATTTGCTTCATTAGCTGAAAAAGGGATGAGCATGAATATTTCTGGAAGTATCAAACAGAAACTTCTCCAGTTTTTGGGAAAACAAAAAGCACCAGAATTGTTGGCTACGTATCTATTTTACCTAGAACAAGCTTTAAATATAAATCCTGTGGTTTTTGTCCGCGACAAAATAATTTTTAAAACTCCAGAAGATGCCATTCGAATTCTCGAGGAAGATAAAAAGGTTTGGCGCGAAACAGAGATACAAATTTGCTCTGGGAAACCAGAAGTTAACGAACAGACAAAAAGAATCTATATATGTCCTTTCACTGGGAAAGTATTTGCCGATAACGTGTATGCTGATCCTCAAGATGCTATTTACGATTGGCTGTCATCCTGTCCTCAAAACACAGAGCGTCAAAGTGGTGTGCGCGTAAAGCGTTTCCTTGTGTCCGATGACCCAAATATGATCAAAGAGTATATCGCTCCTCCTAAAGAGCCAATTGTTAAAACTGTTTTTGCTTCTGCTATCACGGGAAAGCTTTTCCACAGTTTACCAGCACTTATAGAAGACTTTACCTCTTCATACTTGCGTCCGATGACGTTGGAAGAAGTACAAAATCAAAACAAGTTTCAATTGGAAGGTACTTTCTTATCTTTACTACAAGATGCTCTCGTGGAAGACAAAATTGCTGAGTTTATCGAAAGCTTGGCGGATGATACAGCCTTTCATGTGTATATTAGTCAATGGGTAGATACAGAAGAGTAACTAATTCTTCTCAAGAAACTGTAGATATAGGTGCCGAACTTGGCAAAATACTTCCTCAAGGAGTTGTTTTGTTATTGTTCGGTGATTATGGTTCAGGGAAAACAGAATTTGTGCGCGGTGTTGTACAAGGGTATTTAGGAGATGCTTTAGCTCAAGAAGTTGCTAGCCCCTCATTTTCTCTTTTGCATGTGTATGGTAATGAACCACGAAGAATCTGCCATTATGATTTTTATCGGATAGATGCCGCTAAGGAAAATCAAACAGATCTTTTTCAAGATGCTGACGAGGATGATGTTCTATGCGTGGAATGGCCAGAAAGTATAACGTTGCCGCAATTTCGAGAGATGATACAGGTGCAGATTCATCTGCTAACCACTGAGCAAAGAGAAGTTAGCATAGATGCCCCGCCATCGATATTGTTAAAATTGCTGAAGGAATAAAATAGG
NZ_CP103952.1_gap15	796464	798383	1919	CGTAGATTGTGATGAACAAGATGGTGAAGCAAATCTTGCTTTGATTGAATGGCTAGAGAAGATCGATGATGTTGATGAAGTATACCATAACATGGCCTAAGGCTTTTCTAGATTAGAGAAAAGCCTTGGCTGTCTATCGTCTACGAGCGTCGTTGCGGTGGTGGGGGAGGAGATCCCGTAGCTTGAGATAACGTTTTGGATAACTGTGTGGTCAGGTTTCTTGCCGCATCAGCTAGCTGTTTCCCTTGCGTAGATTCAGTATCGGCGCTGTCCATAGCTTCTTGTAGTAGTCGTGATCCCTGTTCGAACATCTGAATTTTTTTAGCAACACTACTTAACGCTTGTGTGACGTTTTTAGCTGCTTCGGGAATGCCTGAAGAAGCATCTCCTTTTGTCAAAGTTGCTGTTTGTCTAGATCCTGCTACAGGAGTCGACAAGGCTACCTGTTGTTGTGGAGCTGGGGTCGATACTTCTCTGCCCACAGAGGGAGTCGCAGTCTCTAATAAGTTAGATAAACTACTTGCAACATCTCGAGCAGCTCCATGGAGATCGGGAGCCCCTTGAGGAGCGACTGTCTCAGCTGTTTGCGCTTGCGGAAGTACGGAAATTGTTGCAGATTGTTGTTGGACAGGTCTGCTTGCGATTACCGTAGTTTGGGCAGGCATTGGTGCAACAATACCCCCGGATCCTGTTCGCTCTTGGAAGGCTTTAATCAGGTTACCTACGTTTGTTTTTTGAGGAGTAATGAGGTTCCCTTGAGCATCAAACGATTCATCCAGATGGGCTCGTAGCTGAGGTAGTAAATGTTCTAAACCTCCAGGGCCATCTCCAGATGTAGCTCCCATTAAATTACTTGTGCGTGATCCCGTCTCTGTTCTGGTGGGTGATCCAGTCTCTGTTCTGGAGTTGCTGCTAACGATCGTTCCACCTTCGTCTATATTCACTCGTGTTGCAACGAATATACCTTCAGGTTGCGTAGGCTTTGGAGTCTTGCCTGCTTCAACGTCTCGAATTACCTCACCTAGATTTTGATTTACAGAAATAGCCTCTCCTTTACTGCCCTCAGGATAAACAACATCTAAGTGCTCACGGACACGACCCAAGATATTTCCTAATTCGTTACCTTCGTTGTCATTAGATTCTCGTCTTTGGACTCCTCCGCCCCCACCTTGGTCATTATTTAACAATACTGTAGGTCTGTAGGTGCCATTTTCCGATGTTCTGACAACAGTACCCAAATCTTGGTTTCCTTCGTGGTGTTCGCCATTTTGATCATAGACCGTATCTAAATGTTGACGAACATTTTGCAGAACTTGCTGCAAGCTGTCTTTTGGCATTCCTGTAATATTCACACCTCCTTGAATTGGTGGTGGTGGTCCAGGAGGCCCAGGAGGCGCAGGAGGAGCTGGTTCCAAGCTATCGAAGCCATTACCTTCATCCTCGAAGTGAATATCCGTATCGTCTTGAGTGCTGGTACTTTCTGTTTCTACATCGTCAAAGTTTGCTTCTTCTACATTTTGGTCATTATCCACACCAGCTTCAGAGGTGTCTGTAGGTTGCGTAGTTGTTGAGTTAACGGTAGTCGTTGTTGTTCCACCAGTTACGTTTACACTAGTACTGATGCCTCCCAAGTTAACATTGATAACAGGTTGAGGATAGGCAACAGGTTGGGGTTGCTGTTGCGTGGGGGAGGAAGTTTCTCGAGAGAATACAGTGCCCTCGTTTGGTCTTTGTACGTTATTCCAGTTAATTCCTTTCAGACCACCAACATCACCCCAGATGGCTCCAGATTCACATTTAGTTCCTCGACGCCATACAGACGGTGTATAGTTGCTACTCGATTCTTTAGCATTCCATGGGCCGTAGAGAACTGTGGTTTTAAATTTCATGCTCATAAGCAGGTGATCATAATGACCGGT
NZ_CP103952.1_gap16	827987	829804	1817	GGTCAAGAATCTTCTCGAGGTATGGCACAAGTAAATGCCGAAGTACCCCTCAGTGAAATGTTTGGGTACACAACATCTTTAAGATCCTTGACTTCCGGAAGAGCAACATCAACAATGGAACCTGCCTTCTTTGCTAAGGTTCCTCAAAAAATTCAAGAAGAGATTGTTAAGAAGTAAGGAATATATGAAGCAGCAAAAACAGAAAATCCGTATTCGTCTGAAAGGATTTGATCAAGGGCAACTAGATCGATCAACTGCAGATATTGTTGAGACTGCTAAAAGAACAGGCGCTCGTGTAGCAGGTCCTATTCCGTTGCCTACAAAGAGGGAAGTGTACACCGTGCTGCGTTCTCCTCACGTAGATAAAAAATCTAGAGAGCAGTTTGAAATTCGTACTCATAAGCGTTTGATAGATATCCTAGATCCTACAGGAAAAACTATAGATGCTTTAAAAATGTTAGCTCTTCCAGCAGGAGTTGATATTAAAATCAAAGCTGCATAAATTCATCTGACTCGGCTATGCATTTGTTAGAGAAATTTAAAGCTCAGAGAGTATCTCTTCTCTCAAGGGAGCTCATTTCTTGTTGCGATTCTGCTATTGCTTCTTCTGATGCAGGCCACGTTTATCAATTGCTCTTTAACACAACAGGCTCTAATCTGTCCTATAAGGTAGGGGATTCTCTTGGTGTATTTCCAAAGAATCCCGTGCATGTTGTTGAGAAGATCCTTGAGTGTCTAAGTTATTCTCCAAAACAACTAATACAATCTCGAGCATCTTCTCAGATTTCCCTCTATGATTTCTTGAGATGTCATACGAATGTAAATAAATTACCCCCAAAGCTGAAGTCTTTTTTCCCTGATCTAGAAGAGACGATGACTTTCTATGATGCAATACAAAAATACAAACCCCATATTCCTGTGGAATTGTTTGTAGAGAGTGTTTTGCCCTTATTGCCACGATTTTATTCTATAGCTTCAGCTCCTCATCCTAATGAGAATCAAATCGAACTCTTGGTCAGACTTGTGAATTATTCAGGAGAATATGAGCAACGCTACGGTGTCTGTTCTTTCTTTTTGTGTAAGGAATTAGAGTTAGGCAAGAGCTGTAATGTGTTTGTACAACCAACCAAACACTTTACTATTACAGATGATATACAAAATAAACCTATTGTCATGATTGGGTCAGGAACAGGAATCGCTCCTTATAAAGCGTTCGTACAACAACGTATCTACAATAACGATGCTGGTATGAACATGCTCTTTTTTGGAGAACGTTTCGAAAAAGCAAATTTCTATTACCAAGATTTCTGGAAAAAAGCCGTCGAAAATGAGTTTTTAAAGCTATTTCTCGCCTTTTCTCGTGACGGCGATCATAAACTTTATGTGCAAGATCTACTCAAACAACAAGCAGACCTTGTTCTCCAAGCTTATGAAGAGGGCGCCTACTTCTTTGTATGTGGAAGTAAGGTATTAGGAAACGAAATAAAAAAAACTCTAGCAGATATCCTAGGAAAGAATAAGCTCTCCCAATTAAAGGAAGAGCACCGTTATGTTGCTGATGTGTATTAACCGCAGTACTCCATAATTGTCAGTATACAAAAACATTGAACACCATCGCCGCAACCAAAATCACTTAATCCCTCTCCTGAAGTCGCAGTAATGCCTACAGATCCTAAGGGAATGTTCAAGGCTGAAGCAATACTTTGTCGCATTGCAGAGAGTTTTGGGAGGAATTTTGGGCGATTCCCCTCAATAGTAATGGCCACATGAGAAATCATTTGGTTCGATTTCAAAGATTTTATAGCTTCAGATAAATA
NZ_CP103952.1_gap17	923858	927468	3610	CTGTAACTACAGGAGTGTAGGGGGTTCTGTTATTGGTTACGGTTACCGCTTTTGAGGAGGTAATCGAGATATTTTTTCCGGAAATTAGCCCATGCTTTCCCGTAGAGATGTTTTCATTAAGTACAAGCTTGGAAAGATTGGATAAGGTAAGAGCTTCTGTAGCTGAGATTAATGAAGCACCTTCTTTTGCAGGAGCATGACATTGCGTAAATGTTAATGAACGCCGTTTCCCAAATATGCTAAGGTTTGAACTTGATCCTAAGAAAGATGAAGGGAACTTTGCTCCATAGACATCTTCGATGAAACAATTAGAGGTAAGGTAAAAAGCTTCCCCTATATCATACAAAGGAGGCGTAAGGTTAGTTTGATTTATGGTTTGGGCAGCAACCCACCCAGAGCTGCATAAGCAAGCCAAAAAGCAAAAAGAAGAAGATCTTAAAGAAAGAGGCATGCCTCAACCCTATCGTTAGTAATATTTAGAATCGAAATTTACTTCCTACATTTATATTGTAATTGCGAGAAGATTTACGTAGCTCGCAACTACCATGGCTAAAGATTTCAATATTATTATTTACGGCTGTATGTGTAGACCCTTCTATTAACAGACCTTGTCTATCTAGGTTTGTTGCTAGGGTTTTCCATCTAGCGCCGTTGGCTAATAATAACGTTGTACATCCGGGGTTTCTCCTCCATACATCGGGAACATAGGATACAGCTAAGCTGTAGAAATCCGGGTAGGAGTGAGAACGTCTATCTATTTTAAAACCACAAGGAATCGCTAGGTTAATTAAACGAGAGGAACAGAAAGATCGTGCTTCAGCGAGTTGTTCTCTGAAGGAGCCATGTTCCGCGTAACCAATCTGCACGTTCACAAAAGGAACGAATTGATTTAGGTGTAATTTACCAGTGTTCAGAACAATAGGCAAGCTTCCGCCTACTTCTCCTAACCAGCAATTGTTATCCCAATTACCGCTTTCTTCAGGGATGAAGGTATAGCGTGTTTTCATATCTTCATTAGTATGGCTGTAGTTGATTCTTGCAGCGAACGTTGTGAAGATCGTATTGCTTAATGGGCGTTTTATAGATAGATAAGCGCTACCTACTAGAGCTTGTGATTTTGTTGTGGAGACCACGTAGTCTTTAGATTTTCCGAATACCTGAGAGAAAGCTACGCCAAATACAGAATCCGATAGTGTTTGTGAATTTGCTCCAATGACGTAGCCACCACTAATACGGCGGAAACCATGAGATACAGAATTGCGATCGTGGTGGAAAACATTAGAGATTCCCGCTACCCATAATCCTTTGCTGTAGCCAAAGCCATCACAGCTTGCTGTAGCGAGTGCGTTCATAGAGCGTAGATCTATGAAGGCCCCCCATAAGCTATTAGGAACTAAAGAAGCTTGACGTTCAGGGCTGGGAATAAATCCTGTTTTTGTCCAAGTAGCTTTTAATACTTTCTTTTTATTGGCATCTCCATTTGTCCCGTCTTCCCAGCTGAGTTTCCACGAACCTTGGTATCCATATTGAGGATCTGCATCTCCTCTTGGGGTGAGTTGGAGATCGTTGTTCGTTATTTTACTGTCACCTGCTGTTGATAGAGAAAGGAGTTTGAGCGTGACTGTATTTTGATTGAATAAATCATGGTTTTCATAGGCATTCCCAGAAACATCGTCTAAAGAAATGTGTCCGGTGATTTTAATGGTACCATTCGAACCTTTTACATCGATTTTAGCTCCTTCTCCAGCTTGTGTCAGAGAACCAAGATTGATGTGTAGATCCTTTATTGAGATTGATCCATCAGTATTGGGTTGATTGGTCGCAGAGGCTGTAGTGGTTGTAGTCGATGTGGCGCTACTTGCCTCGGCAGTAGCCATAACCCTGGCAGCTGCTGCAGCTGCTCCAGCTTCTACACTAGCAGGAGTGGCATGGGAGTTAGTGGTAGTTGATAATGAGGTACCACTATCCATGAGGAGGATAGAATCAGATTCCTGATCAAAGGAAACCACAGATAGGCTAGCTTTATCCGCTAAGACGAGTTTCCCGCCGCCTAGAACCACTTTCTGATAAATAGTTGATGCGTTGGGAGTATCTTCTGTGGAGTTTGTGTGAGCTCCAGAAAAGAGAACTGTTCCAATATAATTAGTAAAGGGAGCAGAATCTCCTCTATCTGGGTTGATAGTTAGAGTATTAGTGCCATTAGGGGCTGTTTCAGGAAGAGTAGTTACAATAGGATCATAGAAACAGAGTTTATGATCTCCGGAAGCAGCAAGCAACTTAATAGTAGCTCCCTTATCTAGAGTAATGGCATTTCTTTTGAGAGATCCATCATTGGTGTTGAGATTGTCATAGAAAATCATATTGCCGTAGTCAGCGGATAGGCTGAGATCTCCGCCAGCAGCAATATAGATCGCTCCACCGGTTTTTGCGGTGTTGTTGGTAAACACCGTTTTTCCTGAAGAAGTAATGCTAACTTTTTCTCCATAAATAGCTCCGCCTGCATTTGCTGCGAAGTTATTAGCAAAGAAGATGTCGTGTTGGTTCGTTATAGTTAACCCAGTAAATTCAATGGGAGCGGCTTCAGATTTAGATTTTTCTTTTTCCTCTTTCTCTTTCTTTGTTGCCGCAGTTGCCTGGGTACAATAGATTGCTCCCCCTTGACCTAGTACCTCACCAGAATCCCCGATTTCAGGAGATGCAGAATTGTTCTGCATGATTAATTGTGCGTTGTTCGAGAAGTTAATATTCCCTTTAGAGTAAATACCTCCGCCAGATTTAGCGTTATTCGCATCGAATTGTACAGAGCCGTTGTTTGAAAAGTTAACAACAGTGTTGATAACCCCATTTTCAGCAGGCGGTGGGGGAGTTTGTGGATTCACAGAGTGGATAGCACCACCGAGCTTTTCCGCAGAGTTGGATCTAAAAAGAATGGATGGGCAACGCGTAACATTCAGACTTGTGGAAGCCCCTATAGCACCTCCGTTGGCGCCCACGTTACTCAGAAACTGTAATGATTTTGTTACATTGCTAATGTCGACTACTTGTCCCCATAAAGCCCCACCATTATTTCCCGCACGGTTATTCTTAAATAGGACGTTTTGAATGTCTTTGAAGAATATAGGTGACTTAGAATATACCGCACCGCCTTTAGGAGTAGTTACAGTACTACTATTGGTACGTCCGATTAATACTGCACAATTAGAGCAAGAGAAGGTCTTGATTCCTGTGATGGTATAGGAGAACGATTCAGGAGTTGACGTAGGGATAGAGCTTAAAGCAGCACCGTTTACCGATGTGCGAAGATTAGTAAAGGTTAAATTATGACCTTTTCCTACAATTGTCATGGACCCAGCAGAGTTAAAAAAGCAACTTGAAGGAGTTGCTGCCATGGAGTTGTCGAGATTTAAAATATTTAGGTCTCCTGACAGGATCGCTGTTGTTCCTTCTAGATTTGACGTAATCGTGTAGGGAAACATTTCTCTAAGATAACCGTCATAAGTTCCGTTAGGAACTACAATTTCCAAAGAAAAGGCTTGGAACGAACAAGGAAGAGTCAGCGTTGTAGAAACTAAGAACTTACGGAAAGACGCTTTCATTTGCTAGACAGGAT
NZ_CP103952.1_gap18	1043821	1048607	4786	TTTCTTACTTACAAGATGCCTACCTAGGCTCTAAAGTTCGTCATGATATTACGATTTCTGAGAGACGGTGTCAGATATACTCTTTGATAGAAGATCCGAGCAAATCCACTTTTTCAATTTTTTGTAAGGGAAAAAGTTGCCAAGTGGTTGAGGGGCCGAGGTTACGGTCAAGCTCCTTAGATTCTTATAAAGGGCCGTCTAACGATGTCATTATTCATGGAGAGCGCGACTCTTTGCGTATCTTGTCCTCAAGTCTCTATATGGAAATTTTTTCTTTACAAGGAAAAGAAAGGTTTTGGGGAAGTAATTTTTTGATTAATATTCCCTATCAAGACGCCGAAGTCTCGGTTGTTTTTGAAAAATGCAATTAATAGTTTATTATTTTTTTTCGAAAATGGAAGAGAAAATAATCTTATAATTGTTTTTAAGAATTATTTGTATTAAAATTATCCTTTTTGTAAGAGGAGAGAATGTTGTTATGGAGCTTCTTCCCCATGAAAAACAAGTAGTAGAGTACGAAAAAACGATAGCAGAGTTTAAAGAAAAAAATAAAAAAAATTCTTTACTGTCCTCCTCAGAGATACAAAAATTGGAAAGGCGCTTAGATAAGTTAAAAGAGAAGATCTATGCAGATTTGACTCCTTGGGAACGCGTGCAGATATGCCGGCATCCTTCGCGTCCTCGATCAGTGAATTACATTGAAGGCATGTGTGAGGAGTTTATAGAGCTTTGTGGAGATCGTACATTTCGTGATGACCCTGCTGTTGTTGGTGGATTAGCGAAGATTCAGGGCCAGAGATTTATGCTTATTGGCCAGGAAAAGGGGTGTGATACCTCATCCCGCATGCATAGGAACTTCGGCATGCTCTGCCCCGAAGGCTTTCGTAAGGCGCTACGTCTTGCAAAAATGGCTGAGAAATTCGGTCTTCCTATTGTCTTTTTGGTGGATACTCCAGGGGCTTTCCCCGGTCTTACTGCTGAAGAGCGTGGTCAAGGATGGGCGATTGCTAACAATCTTTTCCAACTAGCTAGATTAAAAACCCCGATTATCGTTCTTGTTATTGGAGAAGGGTGTTCCGGAGGGGCTTTAGGCATGGCGATCGGGGATGTGATTGCGATGTTAGAACACTCCTATTATTCTGTAATTTCTCCTGAAGGCTGCGCCTCTATTCTTTGGAAGGATCCGAAAAAGAATAGTGAAGCGGCTGCTATGTTAAAAATGCATGGTGAGGATCTCAAACAATTTGCTATTGTGGATGTTGTCATTAAGGAGCCGGTAGGTGGTGCTCACCACAACCCAGCTGCTGTATATCGCGATGTTCGAGATTTTATACTTCGGGAATGGTTACGACTCAAAGACCTATCAATAGAAGATTTGTTAGAAAAGCGATATCAGAAATTCCGAACTATAGGTCTCTATGAAACTTCTTCTGAAAGCAGTCCTGAGGCATAAAAAGCATCTCACGCTATTAGGTTTTTCTTTGCTTGCTATCTTAGGATTGACCGTGTCGTCTCAAGCAGAGATTTTTTCTCTAGGTATTATTGCAAAAACAGGACCTGATGCTTTTCTTCTTTTCGCTCGTAAGGAAAATAATCAACTTATCAAAGCTTCGCAGTTAAGCCAAGAACAGATTTTAGAGAGATGGTCCGACATCTCTCCCAATTCCGATACGATCACCACAGCAGAGGCACATGCCTATATTTCTCGTTATGGAAAGCGAGGAACATCGATAACTAGCAGATTATCATGTTTTATTTCTCGCTATATAGATTTGTCATGTTTTGGTTCCCTAGCTTTGTTTTTAGTTATTGTGGCGATTTTTAAAGCCGTGACTCTATTCTTTCAGAGATTCCTCTCTCAAGTGGTAGCTATTCGCGTGAGTTGTGATCTCCGCAGGGATTATTTTAGAGCATTACAAAAGTTGCCGATGACCTTTTTCCATGCTCATGATATGGGAAATCTTAGTAGTCGTGTGATTACAGATTCTACCAGCATCGCTCAAGCAGTAAATTCTTTGATGGTGAATTATGTCCAAGCGCCGATAACTCTAACATTAGCTTTAGCCGTATGTTTATCGATATCTTGGAAATTTTCTCTTTTAGTGTGTATTGCTTTTCCTGTATTGATTCTTCCTATTGTGATCATCGCGAAGAAAATCAAAGCCTTGGCGAAGAGAATACAAAAAAATCAAGATCAGTTTTCTTCCGTACTTTTAGATTTTCTTGCGGGAATAGTCACCGTAAAGGTTTTCCGTACGGAAGCATTCGCATTTAAGAAATATTGTGATCAAAATAGTCGAATAGCCGCTTTAGAAGAAAAAAGTACTGCTTACGGACTCCTCCCACGTCCTTTACTGCATACAATAGCTTCATTATTTTTTGCTTTTGTTGTCATTATTGGTCTTTATAAATTTCATATTGCTCCCGAAGAGCTTATTGTATTTTGTGGTTTATTATATCTCATCTATGACCCTGTGAAGAAATTCGGAGATGAGAACACGACCATTATGAAAGGTTGCGCTGCTGCGGAACGGTTTTATGAGGTGCTTTCCCATCCTGATTTGTATAATGAGTCTGAAGATAGTCAAGAGTTTCTGGGGTTAACAAGAAATTTAGAATTCCGTGATGTTTCTTTTTCTTATGATAATGAGAGGAAGGTTCTTAAGAATCTTAGCTTCACTATCAATAAGGGCGAAGCTATTGGTATTGTAGGTCCTACAGGAAGTGGGAAGACAACAATCAGTAAATTGCTTCCTAGGTTATATGAGGTCTCTCAAGGAGATATCCTTCTAGATGGCGTTTCTATTAAGTCGTATAGCAAGTCTTCTCTTAGAGATCATATTGGTTGTGTCTTACAAAACCCCTTTTTGTTTTATGACACTATTTGGAATAACCTTACTTGTGGTAAGGATATCCCTGAGGAAGATGTCATCCATGCATTGAAGCAAGCTTCTGCTTATGAATTTGTGCAGAAGATGCCTCAGGGAGTGCATAGCCTTCTTGAAGAATCAGGGAAAAATCTTTCTGGAGGGCAGCAGCAAAGATTAACAATAGCGCGAGCGTTGTTGAAAAATGCTTCGATTTTGATTTTAGATGAGGCGACTTCTTCTCTAGATGCTATTAGTGAAAACTATATCAAAGAGATCATAGGGCAGTTAAAAGGCCAGTGTACTCAAATCATCATAGCACACAAGCTCTCCACTTTGGAGTATGTAGATCGGGTAATTTATTTAGAACACGGTAGTAAAGTGGCAGAGGGAATGAAAGATGAACTTTTGTCGTCTTGTCCTGCTTTCTTAAAAATGTGGGAATTATCGGGAACTAAAGACTGGGAAACTTCCCCATCTGTAAGTCCAGAGTTGATTACACCACTTTCCTTCAGTTAATCGGCGAAGACCTGTAGACCTGCTATAGGATAGAGCATTCGATAATGTCGTAAATAGTTGAGGCGAAAGCACAGGAAAGTTTTTCAGATAACACATGCTTGTGCTGTTTAATATAGTCTCTGCCATCTTCTGTGGTATAATCCGAAGTGATTTTCAACATCATACACCGTAGATTCACGTTTTTACATAACTCGGCGATAGCATATCCTTCCATATCTACAAGCTGAAATGTGTCGTGGAATCCGTATGTATAAGGAGCATGAGCAGAAACTAAGGTCGCTTTAGGTAGGCTAGGAAGAGCTATGACTGTCAATTCAGGTGTAGTATCGAGTTGGTTAGGAAGATCTTTGCTAAGCTGAGATACTCTATCAATAGTATAGCACGTTTGGAGAGGGAATCTCGGGGAGCAGGCCCCTGCAAACCCCACATTTACACAGGAATCATAATTTTTTAATACGGTATTTGTTAAAGCTCGAATAACACCATCTTTTCCCCACTGGTCGAGGATAATCATATCTATCAATATAGACATATGCATATCTGGACATCGGTAGAAATTCTCTGTGAGTTTTGTGAAAGCAAAATCTTGAAGTAAGGATTGTGCTTCGCTTCTGTCTGCTAAGACAAGGAGAATTTTGCAGAGATAATTAGATGGTACAGCTGACATAATTTGCTAGTGTGTGCAGAGCTTTTTTCCCTAAGTTAGATAATACGAGAGTTTCTTCATTAACATAAGTAGTTATAAATTCTCTAATGACAGCTGTGTCTTTATTTCTGGAGTATTCTAAGGCTTTGTTTTCAGAACCTTCAGAGTCTTTCAGTGCAAGAAATAAGGATTTTCTCAATGCTAAGGTCAGACGATTTACAACATCTTGGGGAACCGTCTTTGATACAACAAGACACCCTAAAGGTAGAGGAAGTCGTGTCTTCTCTTCCCATAACTTGCCCAGATCTGCTCTTGGGAATAGTTGCGATGCGTAGTGAAACTTTTCTTCATGGATGATAGTCCCTGCATCTACAGTACCACGAAGAATAGCCTCGATAATTTCGTGATATTTCATAGGGATAAGCTCTGCCTCAGGATAAAATATCTTGCAGAGAAGGTGAGCAGTTGTTGTGATTCCAGGAGTTGCTATTGTTTGGATAGGTGCTTGAGGATCTAAAGCTAAAACTAAAGGACCTACTCCGTAGCCAATAATCGTCCCTACTTCCATAAGAATATAATCATCAGTGACTTTTGGGAGTAGTGCCGCTGATATTTTGACTAAAGAACAGCGGTGCTGTAAGGCTAATTCATTTAACGTTGAGATATCTGCTATCCTAATTTGATTTAACAAGGTGGATTCCTTATCCCGTTCTAAAAAAGAACGAAATAGGAAAATATCATTGGGGCAGGGTGA
NZ_CP103952.1_gap19	1053407	1057068	3661	TATAGTGATTTACTGAACTTGATTAAAGAAGGGGATTTCACCTCTGTAAGAGACATTACTAAGTTCTGTAACATAATTATGGAAACACCTGTCTGTAAATCTTCTAACGAGATGCAGATGTTATTTAACTTCTTTAAGGGTGAAGGCGGAGCGATCACTCTCGTGGTATTGCATGAGTTAATGGGGATATTAACAGAGACATTAGGCTTGCCTCTTCCTGAAGGCATAAACTCTTTCTTAATTGCCATTAAAAATTTATATGAAACTACCCACCCGGATGGAGTATCCAATGTAGCGACTGCTGTTTCTATACTTTCTTTAGTTTCTGGGGTATTGCAAAGCGAGACAACACGACGTGTTATGCAGTCGTGTTATGATGGCTGCGCAGATTCTTGTTCAGGAAATTGTGGGTGCGTAGGTTGTGGATGTGCAGAAGGAGCTGGTGGTTGCGGCGGCTTTGGTTCATTGTTATGTGGTCTTTTTGCAGGGTGCTTTAATTTAGATACCCGCAGAGGAGCGATTACGGAAGATGAATTCAGAAAACTAGAAACAAAATACAGCTCAGCTGTTGTTTTAGTCGCTTTAAATAACTTAGGAGTAAATACGGTAGATCTTTTAGCTGGTAAACGTGTAGGTTTGCCTACTCTAGATCAAATTAAAGTTGAATGTGACCTTGCTTCAAAAGATCTTAATAAAATTATTAAAAGTAAAAGCAAAGAGATGTGGGGAGAAGCTGCGTGCAATTATGCCCATATTTTATCACGTCCGCTTCTTAAGGAAGGCATTATATCAGGATTATCTAATCATCACATCGTGATTAATAACGATAAATTGCGTGGAAAAGTCATGATCGATTGTTCTTGGGGATCACAAGGATTTATTGCGACTAATGAACCCTTTGATGCTGAAAGATTGGTCAGTTCTCTTGTTTCTCTTGTAGTTATGAAAGCGGAATCTGAAGATGCAGATGCAAAAGTTCATCGTAGGTTAGGTGCTTCTGATGCTTCTAGTGTTATGACTCATGTGTCTAGGATTCTTTCTGCGGCTGTATCGTATGGGGATAATATTTGGTTATCTACGGAAGATCTTATGACTTTAGTTTGTATTGTTTTAGCTCATAAGAATCTTGTTGTAGTAGATGAAACTGGTTCTGATAAAACTAGAATACATAGAGATTAGGAAATTAAACAACTATTGGAGATGGTTCAAGAGAAATATGTTCAGTTAGAAAGAAACAAGCGTAGTGATATTAGAGCGAGTATGAACGCTTCTGTTTTATATACTCATATAGCTAGAAAGGTATCACAGAAAGAAAATAGCAATCGCACCTTGAAAGACAGAGCAAAAACTGAGGTTAGGGATAACCTAGTTATCAAGATGTCTATGCCATGGATGAGAGCTGCTGGATTGGTATTAAAAAAACCAGACCAGTACGGACGTGCTGTTGTAGGCCAACCTGTTGTCAGATCCCTCAACAATCCTAGAGGTATCTATATTCCTGAGGAGTATCGCGAGACCTCCGTGTAATATAATTTTTTTAAAAAAATCAAATTTCGAGCATGTAAGCATTCAGCTCAATTCCGTTCTTAAGTTCTTAAGCCGTAAAGAGTAATGAGAGAACGGAAGAGCATCTGTTACATGCTCACTTTCTTAAATTCAAATTTTTTCTATACATTTCTTGTCTTCTTATCTAAGCTCCTTAGTACTAACTTTGTAAGGTCAACAACTTCGGGTTAAATTCCCTTTATTAGTTATTTTAATCAAGGAGACATAGAAATGACAGTACCCACAAGTAGGGGTAATACAAACCCCGCTTTTACTTTTGATGATGGTAACTCAGGAATATTCGGAAATTCTTCACGTCAGGGATCTAGAACATTGACAACGCTCCCTCCTACGATTACGACGCAGTCTGCTTCCAATGGCGAAGTACAAACAGCGGCGAATAATCAAGCACTTTTAGATATGATCATACAAAGTATTGGTGGTACTTCAGGTCACAATTCTCACCAACTTATTTCTTTACTTCAGAGCCTTGCAGGAAGTCCTGTTTCTCAGATACAAAGCCCACAAGATTTGGTCAATATACTCCATAGACAAGACCATGCAAATATGGAGCTATTGATTTCAGCTTTAATACACTTAGCAGGTAGAAACACGAGAGGTTCTTCTAGCGTGGGGAAGGTGATGCACCTCGTCGATGCGTTAGGAGGTTTAGCTGGACCCGCAGGTGCTGCTGCCGTCTCTTTGGCCTCTCTTATTTCTGCTGCTGTCAATAGTGAACGAGCTAGACGTAGCGGAAGGTTCTGTTATGATTACTGTCATAAGTGCTGTGAGAGAAATTGTTGTTGTCCTGCATGTGGATGTAGCCAGGGAGAGTATGGTTGTGGAGTTGTAGGAAGATTTTTGTGTGGTCTATTTGGGAATTTTTGTGGAGTAGAAGTTGATGTTAGAAGAGATTTAGAGGAAGAGCTGCAACGTATAGAAAATGAGTATTCTAGTACGATATTGCTTTTGGCTTTGAATCGTTTAGGAGTTGATATAGTTGCTCTCTTGTCAGGAAATTCCACAGTTCGTTTGCCTTCTTTAGAGCAAATTCGCGAAGAATGTAGTAAATGTTCTAGAGACCTGCCCAGGATTTTGAAAGACAAAACAAATACTATGTGGTGTTGTGCTGCACAAAGTTATAACCGTATTTTAAAAAATACTTTTTTACGATCAGTTTTTGTATCAGGAATGGGAAGTTCTTGTGATATCGATAGTGTACAGTTGGGGCAGTGCGTGCGTATTCTTCATGAATGGCGAGGGGATGAAGATGTTATGGCTGCTTCAGAGTTTGATATGGAAAAACTGGCTCTTAGTCTTCCGGATCTTTCTGTGATTTCTCGTCGGCATTCAGAAATAGGACCTTTAGGAGTGGTTACATCTGCCTATGTTATGCAGGATTTAGGGAAAGTTTTAATGAAAGCATCTCATGGTGGAAGACAGGTTTGGCTGGGTGTGAACGACTTAATGACAATCATGTGCATGATTTTAGCCTATCGTGGTATCACCGTTGTATCTGATGAGATTCCTCTTGAAGAGTCAAGAATATGTGATAGGTTAGAGATGCGTACGTTATTTAATGATATCGATAATCGTCGTGTGATCAATGAGCGTACTCAAAGGCAGTTAAATCAAGAACCACAGGAAAACCCTTACCTTAATCTTGCTAAGAAGTGTTTTGATAAGCGTAGTGCGCAAATGGATAACATTCAAAATCTTAGTGAAGAATCCAAACAAGAGATTTTACAGAAAATTTCTAGAAAATGGATGTTATTAGCTGGAGTCCAACAAAATTCTGTTGTAACACAACAACCCATTAGGCAACAGCAAGCTCCTATAGTAACACGATCTACAGCTTCTGGGCTACAGTTGGCTCGGTCTAGATTGAGTACAACAGATCGCGATTATGAACAAGAGGGAGCGCGTCCTCGAAGTGTACAAAATAAATACGGAGATCAACTAGATAGCCGTAAGGACCAACACGCTCAAGACAACAGTGAAGGAGAGGAAGTCAATAAAGCTTCTCATACTGTCACAATAGAAGAAAAGACTAGGGTTTTATGAGTAAATGAGACGCTTCTTCTCGAGGATCTCCAAAAGAAGAAGCGGTAACCTC
NZ_CP103952.1_gap20	1058983	1063057	4074	TTTGAAGTTCATGAAAAATATAGATTTTTCTCAGTTGCTAGAGCTTGTTAGAAAAATGGTCTTGGATGGTGTTTGTCCTTGGACAGATCGTCAGGATTTTGATTCCATAATTCATCATATTCTTCAAGAGTGTAAGGAGCTTTGTGAAGCTGTTCATGAAAGGCATCCTGTTGAGGAGGTCACCTCCGAAGCTGGGGATGTCCTTACACTCGTGTTGTTGTTGTGTTTTAAAATGGAGTCCCTAGGAATGACTTCTGTCGGAGCTATTGTTAATGAAGCCTTTGCTAAAATCCGTCGTAGAGCTCCTCATGTTTTCGATACGAGTAAAACAATTTCTTATGAAGAAGCAAGGAAGGCGTGGACTCTTGCTAAACTTGAAGAAAAACGAGAAAAATAGACTGTTTTTCCCAAGGCTTTCCTCTTTAGTAAAATTCACCAAGTATGCTATCAAAGAGCAGTAAGTTGGGGACCTTTTAAGAAAAGAGACCTACGAACCGGGTCAGGACTGGAAGGTAGCAGCCCTAAGAAGTGTTTTCTTTTGCTAGGAGTGTTTCTCCAGCTTACTCTTTTTCTCTCTAGATTGTCTTACACAGATAGCATTCCAATGTTCGTAGAGTTAAATAATATGTGTAGTGCTATAGGTGCCGCAATATGACGTTCTTTTTCATACAGAAATCCTGTAAATAGAGAAAAGACAAGAAGAACAGGGACGAACACTAAGCTCCCCCAGGAATGCTCTACGTGAGTAAGAGCAAAGATTACCGAAGAATACAGAAGAGCATAAATTCTATTCATTTTATTTTTCAGAAAGGTTTGTAGAAAGCCTCTGAAAAATATCTCCTCAGCAAAGGGGATCAAAACCCCTAAACTGAAAATAAACCCGCCATCATACATTGTTGATGTTAAGGTATTTTGAACTTCTCGAGTGAGCGTTTGTTCTTGTATAGCTTCGAGAGGTATGATGAGCATCAATCCTTTGTTTAGCACTAAACCGATGATTTGCGTAACAGGAATAACAATTACCCACATCCGGATAGCAGAGATTATAGCTTTAAAAAAAGTAGCTTCAGGCTTGTTGCTTGAATAAAGGACGCTTCTTGTAATTTCAATAGGTAGACCTAAGAGATAAAAGATAAACGCGCATGATAAAAATATTCCATAAAATGAATGCGTGGTTACTTCAGAGTGCGATCCTGCAAACAAAGGAATCCATCCTGGAAGAAACAAAAGAACAACTCCAACAAGAATATGTCGTAGTTGTATGGGGGTTTTTTCTGCAGGTTTTGGCCAAACAAAAAAGTTCCTTGATACTACCGCTGCTAAAGCTAGCAATACAAGAAGGAATAACCAAGAATGCATCATAAGTTACGAATAATTTGCACAGACATAGCCTTCAACTCTGGCGACGACTTCTCGAAATAGACGTTGATGCATCAAACCCATAGGTGTGGCTTCGAAATTTTTTGTTTGCCACCCATAACGGTGATAATCGCTGGTTGTGATAGCAAGAGGCTGGCTAGATTCAATAATTTCTTGATAAATCAAAGAAACTTTGTTGTGACGAATATCAAAAACACGAACACGAACAGATGCTGTTATGGAGTCGTGACCAAACATATCTTGAGAAGTTTTTTGCTCCAGAAGTTCTGTAGCGACAATAAACTCGGCGGGGAGCAATTCTGCTACTGCTTGAGGAGAAAACTCAGGAACCACAGGGGAATAAAACTGTGAAATGATCTGTGGAGACGCTGTATGTTTAATTAAAAATACTTTATCAGAGGCATGGAGTCTCTTGCTAATTTCCTGAGTGAATTCTGCTTGTAAGTTCCATGGAAGGGCTTCTGAGGCTTTGCCAGCACGATAAAATACAGGTAGCATAGCAACAACACCTTTTGCCTTACTCCCTGATTTATAAAGCTTAGGGTGATAGCTTCCTGATGCTGGTAGAGAACAGCTAGTTAGGTTGATAGACAAAAGTCCACAAGAAACTAATAAAAGTAGTTTTCGCATAGTTGCTGTCCTTAAATTGACGCATACCCTTAGGGTATGGGATTTTATTTTATAAAGCCCTCTTTCCTTTTGCAAGGATCTATATTTTCCTCATGAATGGGGCTGCTAACTTATTACCTCTGTTAAGTTATAACAAAGAAAAAAATAAAAACAAGTCCCGACTCACAATCATAGGAAACTCGAGATCACCATGCCTTGGATTTTTGTTATTTTGATAAAGAAGAATCTGCACTGTGATATTCGCAGGGACATTCCCAGTCTTTAGGGATTAACGTACACCCGGGAATTAATAATGCAGGGGATGAGAATACAAGAATAGAAAGAAACCATTTCATTACTATGCTTATCCTTACAATGTCTTTTTCTATCGATTCATAATATTAAGCACGGTTTTATGCAAAGTCTATTTACTACATTTGCTTACAAGAAAACTAGGAGTGCTGAGCTAAGATCTCTAGGAGATGAGGTGAAGAGATCATCCACATGCCCGCAATTTTGCGGACATGAGATGTTTCGCAAACAACTAAACAGTTTCAGTCTTTTTAGAGAGTGAATTCACTTGCTGAGTTGCTATTTTGCGTTGATATTGAGTGTTCTTGAGTGAGGTCAGTCCTGCTCTCTTCATGTACTTCGGAAGGCTATTCAGATACTGTGACATCATCAAGACTGATCTTTCTTGGAGTTGTAGAGTCTATTCCGATGATATCTTCAAGCGTGTAAGGTTTAGATTCTTTACTTTCTTTAGTCTCGCTAGTTGTTGAAGAGGGAATGGGTTCCATTTCGATTAAACTCGGAGGTTGCTTTTGCATAGAGAGTTCTTTACTACAACGGTGCTTATGAATTGCAATTAACACAGCTATAGCAAGTAGTATGGCCGCTACAGGTAGTGCGAACAAACCAGCAATGCCAGTTACAGTAGCACTAATTATACCAGCAGCAGTACATAACGTTGTAGCCACTATGGTGATAATCGAGAGGATTGTTAGCTTATCTATCTTTTTAAGAGATTCTGGAGTCTGTGTGTTTGAAGTTACTATAGGGTTTATCGATGGGTTACTTTCTATCGATGCAGGTATAGAAGTTGTCATAGTTTTCACCTCAAATAATGTTTTCCGAGACATGCTAGCAAAAATATAATTATAAGTCTCTGAATAAGAGTGAGTTATTGTTTCTATAAGTGAAAGAGGGTAGAGAGTTTTTTAAGCAAAAATACCCGAAATTTCATCGTATGCGAGATGCTATCTGGAACAGCTTGATGACAAAAAAAAGAACCCAGAAAGGTGTCTGGGTTCATTAATCTTTCTCATTTGGAACAGGAAATGTACGTTTTACTCTTGTCTAAGAAGCTCTGCTCCTAATCCTTGAGCGAAATCAGGCTCTGTATTAGCAAACCCTAATACTGGGCCTTTGCTAGATTCTCCAAATGGGATGAGGGAAAACTTAGTTCGTGACCTTTGAATAACTAGGATTAAAACTACAGAAAGAACCAACGCAGCTACAGGTATAGCCCATAAAGCTCCTATCCCGGTAACTACCGCAGCGGATATACCCGCAGCAGCTACAAGTGTTCCCACGGCAACCAAAAGAACGGAAAGGGCTCGTACCTTTTTTGATCCCCTATCATATGATTGGGGAGTGATGAATGATTGTTGATTTACCCCAAGAGTATTTAATGAGGTCTCCGAAGATGCAGGAGATAAAGACATGCTAACCTAAAAATAAAAGTATTAATTATATATTTTAATATAAAGTAGGTTTTAAGTCTTTTATTTATAAGTGTATAATTTCATTAATCATCAGTTTGTTGATAAGAGTATTCTATAGGCATACCCCGCTCCTTGACTACTACTACTGTTAAGGAACTGTTAGGGTGTCTCTCAGAAAACTCCTGGAGGGCTACCACGAGAGCAGCTTTTGCTGCTTTTAGATGTGGATGATCAAAAGGCAGGTCTTCATCATCATAGGGGTCTCTTCGGATCGACTCCGAGAATAGTAAGGGGATTTGAACCATGGTGGCCGGGATTTCCCCTAAAATAGCTTCTTCAAAGCATTTTATATAGGTTT
NZ_CP103952.1_gap21	1065784	1068310	2526	ATTAAAATTCATTGTGAGCATCAACCTCGGGTAAATAATATCTCCGCTATAGCTTTCCCTCCTTTAGAGGGTGAGGTAATGCAAATAGCTTTAGACGTGGAAGGTATAGCCTGTGGCTACGGTTCTGCATGTTCTTCTGGAGCGACTACAGCTTTTAAATCCCTAGTTGCTATGAACATGGAACAGGATATTGCTGTAGCCACGTTAAGGTTTTCTTTCTCTCATTTGTTATCTCAGGAAGATCTTGAGTTGGCTATAGAGAAGATTGTGAAGGTAGTTACGCGATTAAAAAGTGCTTGGTAAGACCTACGAGAGCAGATTCTTAATAGAGACGCTTTTAATGCCATATAATGACACTTCTTTAACTTCTAAAAGAAGGTTATCCGTAATTACCGATGTTCCAATTTCAGCAGGGGTATCTAGCAATTGTAACACTAATTGGGCTAGGGTTTCTACTCCATAACGTGTAAGTTCAATACCTAACTCTTTTTGTAGGTCTTCTAAGGGCGTATTTCCAGGGAATGTTCTTTCTATTACAGAGACGGTTTTAGGTTTTAGTTGAGCAATGTTGGTCGTATTAAATAGGATGTTAAAAATCGCACTTAAACTAAGAATTCCCATAGGTTCTCCAGAGGAATTCAAAACAACAGCAACACTAGAACGATTATCCCTAAACTCTTTTAAGATACGTATTAATTTAGATTTTGCTGTAATGAACCACGGTGAATGGAGGTTGTGAATTAAAGCGTCATCAGGGCGTTTGTTTACAAAATCTTTGGGAAGCGCTATCCCTATCACATTTTTACGTACCTTGTGATAGACAGGGATAAATTCCATGTCAGTATTTTTAATCTTACGGCGTAAATCTTTCACATTTGCTGTAGAAGGCAACATCGTTACTTGGTCTAAAGGAAGACATACTTGCTCTGCGGACGTTGCACTCAAAGAGAAAATATTCGTCGCAATCACATTAAAGTCTTGTTCTTCATGATGTGTTTCTAAGGCTTTCTGAAATTCATCACGACTTAATGTGGAGTTCAGTTTTTCTTTTTTGATTTTTAACAGGTAATACACTCCTTCAGTGAGACTACCTATAAACTGAATTAAGGGATAAAACACATAGTGGGAGTAATATAAGATGGGGGCACCCCAAAGTGCTAGTCTCTCAGGAACTTTACGTGATATCGTTAACGGAAGAAGTTCAGCAAAAATGACTACAAGGAAAATCTGAGTAAATGGAGCATAATCAGGGGAAAAACCTAAAGCTTTATAACAGTTCCTCGAGGATTCAGAGCCTACTTGAAGCGCTATATTCACACCGAGCATTACCGTTCCGAATAGGCGGTAAGGACGGCGAATAAGAAAATTAATATAACGAGCTTTTTTGTGGTCTTTGGTTAAATAATATTGCAGGCGCACGCGATTGAAAGAAACGCAAGCCATTTCCATCATGGAATAAAATCCCTGAAGGACAATGCATAGAAAATTAATTCCAAGCCAAAAGAAAGGAGAGTCAGTCATGCATTTTCCTTATATAGACTCGGCGTATGCGATTCGGCGCAGCATCCAAAACTTGAAACATAAGATTATTCCAAGTGATCTTTGTTCCTGTGATGGGAATGGATTCCATCTGCTCAGTTAACCACCCTCCTAAAGTCGCACTATTGTTATGAGTGGGAAGATTAATATTAAAAATCTCACTAAGGTCACTTAACTCTAAAGTTCCTGCAGCAATAATAACATCTTTCCCAGACATTGTATAAAGAACTTTTTCACTTCGTTGATCTATGATTTCTCCTGAAACAATTTCAAACAAGTCTTCTTGAGTAATCAACCCTTCAATAGAACCATATTCATCAATAATCATACCGAGAGTTTCACCTTCAGCAGCAAGATGACATAAGGCAGTTTTTGCTGATATCGTTTCAGGCATGTAGTAAGGCTTTTTCAATAAGGGTAAAAGGTCTTCGGAAGACTGCAAAGGCTTGCCGTGGAGTAGCAAAGCTTTTGCTGTACAGATGCCTAATAAATTTTGCAAATTATCATTGCATACGGGAACTCGTGAGCAATGCTGTTCAGAAAATAGATCGTAGAGATTATCTAGGGGCGTTTGAATGTCGTAGAATAACACATCTTGTCGGGGTTTCATGCGCTCTTTTACACTACAATCACTAAGAGATAAATAACCATACAGTAGACGGCTTTCATCTTGGTTGACAACACCGAAGTCCTTACAACTTTGTAAAACTTCTTTCAACTCTTGAGGTTGGATAATATCCGTTTTCTGAGACGAAAGAATCCATTGTACAACATAATTAATCCCGCTAATCGCCCAATAAAGTAACGGCCGAAGAACTTTAGTAAATACTAAAATCAAAGGAGCGACAAAAGAGGCGATCTGTGTGTTATAAGGTAGAGCTACAGCTTTGGGTAAAATCTCACAAAGAACTAAAGTTAGCGCTAGGGGAAAACCGACAATAAGTAACCAAGATGCTTGATCTCCAACAAGTATAGCAACACAGTTTT
NZ_CP103952.1_gap22	1084031	1086103	2072	AGTGAGAAGCAGTTCTCTTAAATAGACCTCAGAAAGATCTTCGGGATTAGCTTCTAGGGTGATTTCTTGAGCGTGGGGAGCGAGCGTTTGAATTATGTTGTGAAGATAGTGTGGAGGAATTAATGAGGGTGTTCCTCCACCAAGAAATACAGTATCTATGAAATGCGTGTCCTTGATCGTAGAAAGTTTTTGCAAACCCTCTTGAAGAATCGCATTACAATACAAATTTACCGATTCAGAGTTGTAAGGAATCGTATAAAAGCTACAGTAATGACACTTCTTTGAACAGAAAGGAAAATGGATATAAAGGGCTAAAGGCGATTTACCATTCATTAGCATCGGGGTCAACAATGCCCCCACGTCTCCAACGATTTCGGTCGCTAAAAGGATCCTCGTCATCGTCACTAGAGTAATCGATTTCTGCAGCACCTTCTTCTCGATCTTCATCATGAAGATCGATTTCTACGGTCTCACCGGGATCAATATCAATTTCAGTTTCCGTAGCTTCCACAAACTCCATATCAGACATACTTGGCCCGTCAGGATATACCGTTTTTGCAGGACTGCGTCTTGGAGTAACAAACTCTTCAACTTCACCACTTTCTTTTAGAAGTTGCAGACGCTCCTTCTCCTCATGGATTTTGTTTTCTAAAGAACGCATTTCTTCTTTGTGACGGTCGATTTCTTTTTTAGGAACCAAACCCAATTGCATCCACTGGGTTAAGTCACGTAATTCAGATTCGAGTTTTTTTAGACGTTCACTTTTCATCTAGTGGGCACCATCCTGTATTCTAGAGAGCAGATGTAATGTATCCTTTGCTTTTTTTCAACTATAGAAAAAAAACAAAGATTGTTTTTTTTGAAAAATAAAAATTTGCTATGAAACGAAATTCAGATCGCATCTATCGAGAACAAATATCATATGGATTCAGAGTTTGCTGGACAAGTCCATTCTTCGGATATGGATTGGATCGAGGCTATGTTTCAAAAATTTCTAAATCATGAAACATTGGATCCTTCATGGAAATATTTTTTTGAAGGATACCAATTAGGTCAGGAAGGTGCTGCCTCAGCATCTTCAGGAAATGAAGAAGCATACGCTGCTCTGCAAGAAAAGAAAGCTCAATTCCTTTGTATGATATACCGTTATTATGGTTATTTACAAAGTCAGATTTCTCCCTTAACTTCCGTTAATCCTTCTCCTTTGATTCAAGAAAAGATCAAGAATATAGATCTTAATGAAATTGTCCCTTCTTTAGGTCTCCTCCCTCAGCCTAAAGTTCCTGTGCGTGATTTAATCCAAGCATTAAAAAACTTTTACTGTCGTAGTATCTCTGTAGAAACCCTTGCGTGTTCTCCTCAATTGCAAGAGTATGTATGGAAGCTCATGGAGAGTAAGCCTCCTCAACGATCTCCAGAAGAGCTTTTGCGTTCCTATCAAGATATATGTAAGGCAACCTTTTTTGAAGAGTTCTTACAAATAAAATTTACAGGGCAGAAAAGGTTCTCCTTAGAAGGGTGTGAAAGTTTGGTCTCCATGCTTGAACATCTTGTTCGCTACGGTGTTACTCAAGATATCACAAGTTACATTCTTGGTATGGCTCACCGTGGGCGGTTGAATGTTTTAACTAATGTTTTAGGCAAGCCTTATTCCCAAGTGTTTATGGAGTTTGAGGATAATCCTCAATCTCGAGGTTTAGATACAGTTGGTGATGTGAAGTATCACAAGGGATATGTAGCTAGATCTCTTGGTAAAAATGGTGAGGAAGTGACATTCGTCATGTTGCCAAATCCTAGCCATTTAGAAGCTGTGGATCCTGTTGTTGAGGGGGTTGTGGCAGCTTTGCAACATCAAGCGGATTCTGGTAAGGAACATTCTTGTTTAGCGATTCTTGTTCATGGCGATGCCGCATTTTCAGGACAAGGAGTCGTGTATGAGACTTTACAATTAAGTCAGATTCCTGGGTATTCCACAGGGGGAACGTTACACATTGTTGTAAACAACCATATAGGATTTACTGCTCAGCCTAGAGAATCACGCTCCACACCTTACTGTACAGATATTGCTAAGA
NZ_CP103952.1_gap23	1130573	1134415	3842	CAAGATCCCGAACTCCTCGTTCCATTTTTGAAGCTGTAGCGAATTTATCGTTGATTAACTTAAAGAAGGTATCAGCAACTTTATCAAATTTGAGATCTTCGGGGATAGACACTCCATCAGCTTTTAATGATGCCATAACATTAGGGAATTTATCCTGGAAAAAACTATAACCCGTAATTACAGCTTGAAGATTGCGAGTTTCTGACATCATCACCTGTAACTTTATGGGGGAAACAGAAGATCCTTCTGATTTTAAATCTGCAGACATCCCCTTAAGAATAAAGGAAGATACAGTCCCCATTTCCTCATAGTTGTAGCGTGTCTGCAACATCTGAAGTAATTGCTCACATGTATGAAAATCTGAGGTCACTTGAAGATAGAGAGAACGCAATCCTGGAGCAGATGTTTGTAAAATATTTGCATACTCTTGCGAGGCAAATAGAATATTTTTACCACCAACAACAGCTTGGCGATTCTGTTGCATGTGAGTTTGTTGTGCTTTGATTAAAGAGTTTTTTAAAGCCCCTTTAGACGCTGGTGTTGTTTGAACTAGGTAATCTAAGGCAATACCTTGAAGGGCAGGATCAGAAAACTTAGATTTTACAAGATCTAAGATGTCTTCTTCAGAAGAATCATCATGTAAAGAATCTCGGATACTGCGTAAATCTTGGCCTGAAATTTCTGCATTGTTTTCGGTATATTTATCAGCAAGATCTGCATCAGATTTATCGCCAGTACTTTCAGATTTTTTTTCTGTTTGCGCAGCACCTTTTCTTCTGGATTCTAAGGTTTGAAATTTCTCTTCTTTCTTCCTAGTGCGCGTTGCTGCCTGAGGATTCGTTAAATCCTGAGAATCCCGAATCATGCTGATGTCAGATTGCTCTTGACTCGCTACAACTTCTTGGGCATCAGCTTTTGCTGCTGCAGCTTGTACTTGTGCAACATCAACAGCTTGTGCACCACCTAAGCCTCCGGCTCCTCCAGATGCTGCCATATGTCCTCTTTAAGAATTGACAGATTAGAAAATCTGAATTCTTCCTAATGGCTGGATGCGAATCTCTGGGAGAATCTCTTGGTAAGAAATCACAGCGATATCAGGGAATTCTGTTTCTATTAATTTCCTTACATATCGTCTTACGTCAATTGCTGTCAACAGCACAGGAGGCTGACCTCTTGGAGGAGTTGGCGTAATTGTATTTCTCATAGATTTTAAGATTAGGTTTACAGAATCAGGATCCAAAGCAAGATAAGATCCTGCAGAGGTTTGTTTAATGGCTCCACGGATCATCTCTTCAATTTCTGGATCGAGTAAATAAACTGAGATTGCAGATTGTCCTTGGGAAAATTTGAAACTAATGTAAAGTTTCAGAGAAGAACGTACGTATTCAGTTAGCAATACAGTATCTTTTTCAGTTTGAGCCCATTCACTTAAGGATTCTAAAATTGTACGTAGGTCTTTGATAGAGATCTGCTCTTGGACTAAACGTTTGAAAATTTCAGTAAGCTTTTGCAGAGGGATAAGTCGCGTAACTTCTTTAACAAGATCTGGGAACGAGCGTTCCATAAATTCAATCATAGAGCGTACCTCTTGAATTCCTAAGAATTCTTGGGAGCTTCTATGGAAGAAGTAAGACAGATGAAGAATAATCACCTCTAAAGGTGTCCAATACTTAATAGCTGCTTTTTCTAGAATAGCTTTAGCATCTTCACTAACCCAAGCAGAAGGGAGACCCGCAGCATTTTTATAAGTAAGGAAAGGAAGATTGTATCTCTTAAGATTTTCTTCAACTTCGTTAGTTAACACATGGTTTGCAGGAATTTTTCCTCGAACGTAGGGAACTTCATTAAGAAGAATCATGTAATCATAACCCTCTAGAGAAGGAGAGTCAGTGCGCACATGAATTCCTGGGTAACGAATACCAATATCTTGATACAAAGCTTGACGCATTTTCGGGATCATATCGTCAACGAAACTTTGACCAGACTTCGTTTTTTGTTGAATCAACTTAGATAAGTCTTTTCCTAATTCTAAAATTACTGGCAACGTTAAGGAGTAATCATCCGGGTTATCTCCAGCTGCTGCAGCTCCGTCTGAAGCAGCTCCTACTGTTGTTGATGCTCCAGAGGCACCCTGTTTAGAAGCACTGTTTTTCTTCGCAAGAAGGATAACACCAAGAATACCAAAGATAAGAGAGAGTATGGAGAATGACCAAAGTGGGAACCCTTTAAAAAAGCCCACGCCTAAAGTTGCTGCAGAGGCTAAGAGTAAAGCTCTAGGTTCTTTAACTAACTGAGAGGAAATCTCTTTACCTAAGTTCGTGTTTTTATCACTAGAAACTCGAGTAGTAACGATACCAGCAGTTAAGGAAATCAGTAGTGAAGGAATCTGAGAAACTAAACCATCACCGATAGATAACAGAGTGTATACGTGAGCAGCTTGAGCTAGGTCCATGCCGTGCATAGCCACACCAATAGTCAAACCACCGACAATGTTAATTAACGAGATCACAATACCTGCGATAACGTCCCCTTTAATGAACTTCATGGCACCGTCCATGGCTCCATAGAGTTCACTTTCCTTTTGAATCATGCCTCGTTTATCGCGGGCTTGTTGTGCATCAATCATTCCGGCACGCAAGTCAGCATCAATAGCCATTTGCTTACCAGGCATAGCATCTAATCGGAATCTTGCAGCTACTTCAGCAACACGCTCAGCACCCTTGGTAACAACGATAAATTGAATAATCGTAATAATTAAGAAGATAATAAATCCAACAACATAGTTCCCTCCAACTACGAAGTCTCCGAAAGCTTGAATGACGTGACCGGCATAAGCTTTAAGAAGAATCTGTCTAGAAGAAGAAATGTTAATACCTAATCGAAACATTGTTGTGATTAGGAGTAGCGAGGGGAACACCGATAATTGTAAAGCGCTAGGAATGTACAAAGCCACCATCAATAGGAAGACAGAAACAGCTAAATTGATAGTGATCATCAAGTCGACAATAGTCGGAGGTAGGGGCAAGATGATCATCAAAACGACACCGATCATCCATAAGGCAAGGATGAGGTCACTCGATTTGTTGATCATATTTAGGGCTGCATCCCCCCCAAAGGTTCTACTGACAAAATTGAGTAGCTTATTCATTATAGATTATCGGGTTGGTTAATGTTTTTATTATTAGGGTTTTGTGCATTAAGGGAAGTGATATAGAGAAGGATTTCTCCAATAGCTTCATACGTTGATTCTGGAATAAACTTCAACTCTTTTCCTTCATCCCAAAGCTGATGCGCTAAAGGCACATTCCTCATAATAGGAATGCCGTATTTTTCAGCTTCTGTGATGATTCTTTTTGCACGCAAATTAATTCCCATAGCAATAATCCATGGAGCTTTATATTTTTCCGGCATATAGCCGATAGCTACAGCGATATCCTTAGGGTTTGAAACGACCGCACTTGCATGTTTAATTTGAGAGGAGGTATCTTCATAGGCTATTTCTTGCGCGATTTGACGGCGGCGTCCCTTAATTTCTGGATTACCTTCTGTATCCTTAAATTCCTGTTTAACCTCAAACTTTTCCATTTTTAGTTCTTTAGCAAAGTTCTTCCTTTGATACACTAAGTCCAGAACAGCAACGACTAAGAAAAAAATACCAATGGATGTGACTGCTTTATAAAGTATCTCTTTAAAGATAATGGCAATGACAATTGGCGAGACTCCGGCAGTCTCAACGATTAGTGGGACGCGGTTTTTCAATGTGACATACAAAATCAAAGCAGCGCCGAAAATTTTCAAAATAGACTTTAATAACTCAATTAACGTCTTTACTTTGAATTTTT
NZ_CP103952.1_gap24	1138455	1139683	1228	ACACCTTCAGAAACCAAGCAACCGTAAATTGTACCTAATTGTGATGACTTAAAGGTTTCTTTGATTTCAGCAGCACCAAGATTTCTCTCTTCAGCAATAGGATCGAGTAATGCTGTCATCATTTCTTTAACAGCATCTACAGCATGGTAGATAATGTTAAATAAATGCACCTTAACGCCTAAGTTTTTGATCAGAGATTCGGCGTGGCTTTCTATACCCGTATGGAAGCCAATAATAACAGCTTTAGATGCTGCAGCCAAACGAATATCTGATTCAGAAATTTCTCCAACGCTACTAGAAAGAATTTCGGCACTTACTTTATCAGAAACAATTTTCAAGACAGAACTGGCCAAAGCTTCAATAGATCCTTGAACATCAGCTTTGATAATAAGCTTAAGGATCTTTTTATTTTGCAGCATAGCGTCAAAATTAGGACGTTTCTTCTGCAGAGCAAATTTCTGTTGTCCAGCAATTCTAGCACTAACAATTTCCTTAGCTGTTTTTTCGTTTTTAACGACAACAAAAGGATCGCCTGCCTTGGGCATGCTAGATAGCCCTGTGATTAAAGCTGGGACAGAGGGGCTGGCCGATTTCATTAGCTGGTTATGTTCGTTATGCATGGTTTTAACTTTGCCATAACAATCATTGAAAACTAATGCCTCACCAAGATGTAGGGTACCGTTTTGCACTAAAATAGTTGCTACTTCACCTAAACCTTTGTGTAGCTCGGATTCGATAACAATTCCACGAGCACGAGCAGATGGATTTGCTTTGAGTTCTAAAACTTCCGCTTGTAGAGCAAGCATTTCTAAAAGCTCAGATAAACCTTCACCTGTTTTTGCAGAGGTATTAATTGTTACAGTTGTACCTCCCCATGCCTCTGGCAATAGGTTGATTTCAGAAAGTTGTCTGTAAACGGTATCTGCATTGAAATTCGGTTTATCACACTTATTGATTGCTACAACAATAGTGATGTTTGCCGCACGAGCGTGTTTGACGGCTTCCAAAGTTTGTTCTTTGATTCCTTCATCTCCGGCAACTACAAGCACAACGATATCGCAGACTTCCGCACCTCGAGCTCTCATAGCAGAAAAGGCTTCGTGGCCAGGAGTATCCAAGATAGTAATATTTCCAACAGGTGTAGAACAACAGAAGGCTCCCATATGTTGTGTAATAGCCCCAGCTTCTACTGCTGCCACATTACTTTTTCTTAGCGAGTCAATTAAAG
NZ_CP103952.1_gap25	1148932	1149432	500	TGCCTTTTCTTATAGCTATGTTTGATTTATTGAAATCCTCGTTCCTTCTTCGTGGTGCCTCTTTCATTCCAGGATGGATTGATAATTTAACAGCTCCAGATGTTTTATTCTCTTGGACTACACCAGTTTGGTTTATTGGTAACGAATTTCATCTTCTTCCTATCCTGTTAGGGATTGTCATGTTCGTCCAGCAAAAGCTTTCAGCTTTGAAGAAAAAAGGACCTGTTACAGATCAACAAAGGCAACAGGAAGCCATGGGGACGATGATGGCTCTTTTGTTTACCTTCATGTTTTACAATTTCCCTTCAGGTTTAAATATTTATTGGTTTTCTTCTATGCTTCTTGGATTGATCCAGCAGTGGGTTACTAATAAGATTTTAGACAGACAGCATCTTAAAAATGAAATCACTGTTAATAAGAAAAAGCAAAGGTAACAACTGAAAAAAAAGCTTTTTTATATTAAAAAAGATATAAGAAAACTATTTAGATGAGATAGTTTT
