gap_id	start	end	length	sequence
NZ_CP003409.1_gap1	1379	3050	1671	TAACTCCTCGGGAATTCTCCTGAGGGACCATTTCAGAGCGGGTGTTCTGTAGGGATCAGAACCCTCGTCCAGCTTCAAAACCCACTTGCCGTCTCTTCCGGAAAGGTTGAGATAGTATACTTGCTGGAAACCGCCTTCGTCCGTGGAGATCACCTTCAGAAGATAATCACCATCCCTGTACACCTTCTTCACGACGAAAATCTTGTTTTTATCTTTGAACACCTTTCCTTCCAGCTCTTTAAGTTTTTCCCAGGTGACATTGCCTTCGAACACACTGTGAGCCATGGTGTTTTCACCCTCCATCAATCTTTTTACAGTTCCATTTTTTACTTTTCTTGCAACGATCAAAAAGGTCTTTTTTCCTTGAGATTTCCACTTTCTTTCGTAGCGAGTTTCTACATCTCTTTTGAAGTTCTCTTCGAACACATCTACGACAAAATACTCTGAGCTTTCGAAAGTATCCAAAACTTCCCGTGCGTACCACTCTTCATCGGTTGCAAACTCCACCGTGCCATCCATTTCCAGGACGGCAGAGAGCGTTTGCAGAAAATCATAACTTGTGATTCTTCGGTCTTCGTGCCTCTTTTTCGGCCATGGACATGGAAAGTTGATGTAAACCTTCTCCACGCTGTTGTCGGGAAACAACTCCTTCAGACCGAATCTGGCATCTACCTTCACGAGTCGAACATTTTTCAAGTTGTACCTTTTGAACTTTTTCTGTGCTTTCACGAAGGACGTGATGGACACCTCAAAACCAACGAAGTCTTTCTCCGGATGTCTTCTTGCAAGTTCTGCCAGAAATTCCCCGTTTCCAAAACCAATCTCAACCACTATCTTTGCCTTTCTGCCGAATATCTCAGACCAGTCGAGAGGAAATCTGGGAAAGTTTTGAGGCTTCAGTTCGTATTCTGTTACAACCACCTCAGCCACCTCTCCACTTCTATGAGATTCAGTTTTTTCTTCTTCGCGTATTCCACAACTTTTAGATATTCGTCTCTGGTGACAAACCTATCGAGTCCATATTCTTTCGCTCTGTACGCTGGGTAGAACTGCGCCATGATGTTCACAAGTGGTTTCGGCTCCAGCGTTGAAAGCAGATCGATCACACCGAAACTGTCTTCAAGGAAACCGGGAAGAACGAGGTGTCTCACAAGAACTCCTTTTTTCATAACACCATTTCTTATCACCGGTTCTCCCATCTGATCGATCATAACCTTCAGAGCTTCCAGGGCGAATCTTGGATAATCTTTCACACCAGAGAGCTTTTCTCCAAGTTCGGGATCGCTGTACTTGAAGTCTGGCATATAGATATCGACAAACCCTTCAAGAGAAATTATGGTATCGACAGATTCGTATCCTCCACAGTTGTAAACAACAGGAATTTCTTTCTCCATTCTCTCGAAGGCATCGACAATGAAAGGTATCTGGTGAGTGGGAGTCACCAGGTTGAGATTTTCCACACCCATGTCCTGAAGTTCCGTGAATATCCTCAGAAGATCTTCAACAGTGATTTCTTTTCCTATACCAAGCTGACTGATTTCATAGTTCTGACAGTAGACACATTTGAGATTGCAATAGGTGAAAAAGACGGTTCCGCTTCCACCGCGGCCAACGAGTATTCTTTCCTCTCCAAAGTGAGACCCCCAGGAAGAAACGACGGGAGAGTTTGCT
NZ_CP003409.1_gap2	20665	21800	1135	TGTAAAACCAAACATCACTTTTCTGGTAATTTCTATGAACTACAAACTCGATGACGTGAAAAGAATCGTTGAAAGATTCTCCACCGTGAAACCAACTCACATCATTCTCACCAAAATGGATGAAACATCGGTTTACGGAACATTCGTGAACATATCGGAAATCACGGGACTTCCCATTGCGTTCGTTACAAACGGACAGAGGGTCCCCGATGATATATTCGAAGCGAACCCTATGGAGCTTGCCAGGATTGTCGCCGGTGAGGTGTTGAATTATGCCAGATCAAGCGGAACATCTGAGAAAGACTGAACCGAATATAATAAGTGTTCTCAGCGGTAAGGGCGGTGTTGGAAAGTCCGTGATAGCTGTCAACCTTTCCCTTGCTCTTAAAGAGAAAGGGTTGAGAGTACTTCTGTTCGATGCCGACGTGGGATTTGGAAGTGTCGAGATCCTTCTCGGTTTCATGGCCCCCAAGACCCTGAAAGATTTCTTCAAGTCAAATGTGAGGATAGAAGACATCGTTTTTGAAACAAAATACGGTGTGGATGTTCTCAGTTCAGGAATAGACATAGAAGATCTCATTCTTTTCAATTTGAGCGATCGCCTGCGCTTCTTCGACGAGTTTGCCAGACTTCTCAAGAAATACGATTACCTCGTGATAGATTTTCCACCGGGGTACAACGAAAACCTGGATGAGTTTTACATTCAATCAGACTTCCCCATTCTCGTTACCACCCCAGAACCAACCTCGATCATAAACACCTATACTCTGATAAAGCTTCTTTCGGTAAAAGGAATAACACCCGAAGAGATATTTCTGGTGATGAACATGGCTAGGAATATGAAAGAAGGAAGAATGGCAGCCGACAGATTGAAAAGGGTGGTCGAAAGGTTCGTTGGTTTTACGATAAAAAACTACTTTGTGATAAAAGAAGATCAGGTCGTACAGAAGAGTGTGTCTTCACAGGAGCCGTTTGTACAGTTTCACAGTCATTCACAGCCATCCCTTGCCATCTACGGTCTGAGAGAAAAGATCTTGAAGGAACCCGTTCAAAAGAAAGGTTTTCTGAGCAAGATAAGACAGATGCTGGGAATAGGGTGAGAAAGAATGGAGTACTACACAGAGCTCGTAAATGC
NZ_CP003409.1_gap3	24996	29067	4071	GAGGGTTTTCTTCTTGAATTGAAAGGGCCTTCTGTTGAAGAAGCAGATACTTCTTTTCAACTTCCAGACGTAAGAGAACAGCCTTTCCAGAACAAGGTGAACGTTTTCTCTCTAAAAGAAGAAACAACGGTTCACGAGGGTACAACAAACCAGCAACAGATCTCTATAAAAGAATGTTCCCTTGAGAATGAAATACGATGTAAAACAGGAACTCCAGAAATTCTAATCTCCGGAATTCACCTTTTTAACCCTGAACTCTCGGACGTATCGTTCCACAGCGAAAACGTTCATTTCATAGTAGATGCGAAAACGATCCCGTCTGAAGAGATGGATGTTTTCTCAAATACCGACATTCCAATCTTGTGGAGAATGAGAGTAAAAAGAGAGGTGCTCGTCGACAGAAAAAAATAGAAGGAGCACTGAAAGTGCTCCTGAATAGTCTGAAAGATAGAAAGATTGACAGGATCAAATTTGTCGGTTATTACAAAAATGTTCCTGCTGGAAAAATCAGCTTGTTTTCTTCTGATCTTCTCGTTGAGATCGATAAAGGTCCTTCTAAGAATCTCGTCGTTTTTGAATTAGAAATCAACGGAGAAAAGAAGCACGTTTTCATCTCTGTTCAATGAGCTTTGAAAGTTCTTCGACGTTTTCAAGCACTATTTTGAAAAACTTGAAGGCTTCCGTATCCACTTCGGAATTTCGGTCCATAAAGTAGTACATCACCTTCTTTTTAAATTGCTCCCTTTCCTCGGCAGACATCTTGAGAATTTGAGTGACTATTACTTTGATTCTCGAATCTTCCTCCATTACTTTAACTATTTCTCGTATTTCCGGCTTCATCACTCATTTTTGTTATTTTCCAGAAAGACTTTGAAAGAAATACCTGTTCTCACATCATCCCCTATTTTGATTTCAATGAAACCCGGTACAACGAAGAGATCCTTTCCGGATTCTTCCAGAAATCTTCTTGCAACTGCCAGAGCCTTTACTGCCTGGTTCACTGCACCAGCACCGATAGCCTGAATCTCCACCTTTTCACTCTTGGTAAGGGAACCCGCTATCGCACCGGCTACCTTGTTGGGGTTCGAGTTCGAACTGACCTTCAGGATTTCCATCCTACCATTCCTCCTTACTCACGGGTTTCTAATCTGCATTTTATCATAAAAGAATTGGAGATTTCAAACTTGTTCCAAACTGACTTCTCTCAGGTATCTAGCAGCATCTTCTGGTGGCACTATGTTTATGTAAAATCCCGTTCCCCATTCGAAGCCCGCTACTTTTGTCAATCTCGGGAATATCTCTATGTGCCAGTGGTAATAATCCTTGCCTTCAAGACTCGTAGGAGCGGTGTGGATCAAAAGGTTGTAGGGCGGATTATCTAAAGCGGCGTATATCCTGTAGAGAACGTTCTTCAGGATCTTTGCAAGAGACCCAACTTCATCCTCAGATATCAGGTGAAAGCTGTTCATGTGTCTTTTTGGAAGAATCCACGTTTCGAACGGAAATCTGGCAGCGAAGGGTTCCAGAGCTATGAAGTGATCGTTTTCCTCAACGATTCTCTCCCTCTCTTTCTTCTCCTCGTCTATGATATCGCAGAAAGGACATCTTTCCTTGTACTCGTAATATTCCTTGGAACCGTCGAGTTCTTCCTGAACCCTCTTTGGCATGATGGGGAGTGCGATTATCTGGCTGTGAGGGTGGCTGAGAGAAGCTCCTGCGTCCTTTCCGTGGTTCTTGAAAATCAGTATGTATTTTATTCTCTCATCCTTCATGAGCTGCTCGTATCTGATCTTGTAAGCCCAGATGACTTCTTCCACGTTTTTGTAATCCATAACGGCAAGGTGAGAATTGTGATCGGGAGTTTCAACGACCACATCGTGGTAACCAAACCCCATCGCTGCATCGTACATACCTCTTCCGTATTTTCTCAAAGGCACGTCGGGATCAACCGCTGGGAACTTGTTTGGAACAACACGCACCCACCAGCCGGGTGTGTTGGGTTCTGTGTCGGCAGGCCTGAAGGCGAAAATCTCCGGTGGTGTGGTGTGTTCATTACCGTAATCGAAGGGACAGAAGCCCTCCCGTACTTCTTCTACTTTCGTTCTTGCAAAATCGTGGGGCCTTTTCGCTCTCTCGGTGGCTATGATAACCCACCTTTTTATAATGGGATCCTTCCTGAATTCGGGCATGCTTTCACCTTCCAACCTTTGCAAGGGCTTTTTTGTAAAGATCAACGTACTCTTTGGCAGACCTGTCCCAGGACAGATCCGTGTTCATGGCGTTTGTCATGATTCTTCTCCAGTGATCTTTTTCCCTGTAGTAAAAGTGCAAAGCCTTCGAAACAGCCTTCAACAGATGAGCAGAATCGTACTTCTTGAATCCAAAACCCGTTCCTTCCATCGATTGTGGATCGTATTCTTTCACAGTATCTGCCAGGCCTCCCGTGTATCTCACAACGGGGATTGTTCCATATCTCATGCTGAACATCTGTCCCAAACCGCACGGTTCGTATCTGCTCGGCATGAGGAATATGTCCGCACCAGCGTATATCTTCTGCGCCAGCTCGACATCGAATTTTATGTTCGCTGATACTTTGTCTGGATACCTCTCCTGGAACTTTCTGAAGGCGTTTTCGTACTGTTCGTCTCCCGTTCCAAGAACAACGATCTGAAGATCGAAGAGCATCAGATAATCCATCACATCAACCAGAAGGTCCAGACCTTTTTGAGGGACGAGTCTGCTTATCAACCCGGCTACAGCCGTTTCCTTGTTAACGGGAAGTCCCAGTTCTTCCTGGAGTTTCACCTTGTTTTCCCACTTGAGTTCAAGACGATTCACATCGTAGTTGACGTAAATGTATCTGTCCGTAGCTGGGTTATAAAGCTCGTAATCTATTCCGTTCAATATACCGTAGAGATCTTTCGAACGCATTCTCAGTACACCCTCGAGTTTCTCGCCGTACTCTTCCGTCTGAATTTCCTCGGCGTAAGTGGGGCTAACCGTGTTTATCACATCGCTGAACACTATTCCACCCTTGAGGAAATTCAGCTGTCTGTAGAACTCAAGGCCGTCGATAGTGAAAACATAATCGGGAAGGCCTGCAAAAGAGAGGTACTTCGGATCGAACACGCCCTGATATCCAAGGTTGTGTATCGTCAAAACCGTGGCCGTTCTGGAAAAGTAAGGATCGTCCCTGTAAACGGTTTTCAAATAGACAGGAATCAGAGCGGTTTGCCAGTCGTTCACATGGACGATATCGGGCTTCAAATCAAGATGTTTTACCAGATCCAGAGTAGCTGCGCAGAAGAAAATCGCCTGTTCACCAAGATCTGGCCCCGCATAGACATCTTCCGCGGAGAAATAGTAATCGTTGGCAACGAAATACGTTTTCACATCGCTACCGGGAAGAACGGATTCGTATATATCGAACTTTTGATCGGTTTTGACATGAGAAACAGAGAGACCTTCGGCTACTTTCTTGATCTCATACCCAAATTTCTCTGCATTTTTTTCAACGATTCTGTGTTTCGGCATAACTATCGTGACATCCACCCCGTGTTTCTTCAAATACTTTGGAAGAGTTCCAGCAACGTCCGCCAGTCCTCCTACTTTTGCGAACGGAAAAACCTCGTAAGAAACGAATACTACCTTCATTTTTTCACCTCCAGTTTCAGCGGTGCGTCGTGTGGAAAAACTAAAAGATCGATCCTTCCAACTCTGTCAAGGAAGTTCTTAACCTGAACACTTCCGTACCCTTTGATTATATCATAGTAGCTAAGCCTGTTAGGTGTTATATCCCCCGTGATCAGCACTCTTCCCGCATTCTCCGTATCGAGAAGAAAAGAAAGGTGCTCTCTGGCGTGCCATGGGGTGTGAAACACCTTTACTTTTTCATCGAACAGCGACTCTTCTCCCTTCAGAAGCACCACATTCTTCCACGAAGAGATCACTTTTGAATAGATTCTTCCCACGATCGTACCAAAAGAAAGATAGTTCTTCGTTTTGTAAGCTTCATGAACATAGAAAGTAGCATTCTCGAAGAGGACAGAGTTGAAGATATGATCGAGATGC
NZ_CP003409.1_gap4	31721	35900	4179	TTCGACCTGGGGATTGAGTCTTTTTCGAGTGATCATTTCCACAAGCGAGAAGATAATGCGACCACCATCGAGCGCCGGAAGTGGCAGAAGATTCAAAACACCCAGACTGATTGTTATCACGGCCACAACTGTGAGGACTGCCTCCAGACCCGTTTTGGATGCCGCGCTGATCACGCCCGCCAGTCCCACCACTCCCACTATCTGTCCTGTCTGAACATTCCTGAAGAAGTTCTTCAGAGAAGAGGCAGTCGTCAGTAACACATAGTTGCACGCCTTCACAGAAAGATTCACCGCTTCCAGAGGATTCTTCGGTTTATAACGGGGAACACCCATCTCCAAGAGATCGGGCGTTTCGAGGATGTTCTTCAAAAATGAGGCCTCCACGTTTTTCTCTATCGTGCTGTCACCCCTTTTTATCACTACTCTGACGCTGCCTGAAAGTCCTCTCCACCATTCGAGATCATTTCCCTGCAAACTCACCATCATGGCGTCTTTTCCCAGTGTCAGCCTCTGATAAAGCACCACCAGATCCTGCCATCCTTCTATCTCCTGATCTTCCACCCGGACTATACGATCTCCCTTTTTAAAGACGAAAAGCCCTTCTTTAAAATAAATGTCCTTTTTGAACACAGGAGCGAGCCCGGAGAAGGATATTCCGATCATATATCGGGCCGGAATTTCGTTGAACTGCTTCAGAATTCCCTTTACCGTTCCTCCTTCGAACTCAAGAACCACGTATTCGTTCACAAATTCTTTGAGAACAGATGTGTCTCTGTTTCCGTTAACTGAGACGAGTTTTCCCGAAGGAGTTCCTTCTGCACTTTCGAGAACGAACTCGTACGTTTCGGGATACATTCTGGGGATTAACCTGAGAGATTTCTTCTCACCATTCCTGATGATAACCAGTTCAACAGGCAGTCCTTTCTGAATCTCGTTCGAGATGATCGACGTGTCGAAAGCGATCTTTCCGTTTATGGAATAGACGACATCTCCTCGCCTCAGTTCAGCTTCTTCTGCGGGACTTCCCGGCACAACTTCATCTATCCCGGGAAGCGCGATTCCCCAGTTAAGAGTGATAGGGAGAAAGAGGAGATAACCCGCGAGTATTGAAAAGAGAGGACCCGCAAGGGTGATCAGAAATCTCTGCCAAGCGGGTTTCGCGTAGAAACTCTTTTCTTTCTCTTCCTCGTCTGCTATCTCTTCTCCTTCTTCGCCGAGCATTCTCACGTATCCACCTATGGGAAAGACGTTTAGTCTGAAGGTAGTTTCCCTTCCCTTCACAGAAAAAATCTTTGGTCCAAATCCAATCGCGAACTCCAGAACCTTCACTTTAAAGAGCCTCGCAAAAAGATAGTGGCCGAGTTCGTGGACCATTATGACACCCGTCAATATCAATATGAAGTAGACGATAACCATTCTGTCACCCTCTCCGCTTTTTTTATCGCTTCGAAATGAATTCGCTCCACATCATCCAGCGTTCGTGGCTGTGGATATCCTTGAAACTCTTCGAGAGTTTTCTCTATCACTCTGTGGATACCACCGAACCTTATTCTCCCCTTCAAAAAGGCTTCGACTGCCACTTCATCTGCCGCGTTGAAAGCTGTTCTCAGAGCGTAAGAATCCTTTATCTCTTTCAGAAGAAAGAACGCAGGGTATTTTTCGGGATCGGGATCTTCAAAAGAAAGGCTGATGGTCCTCAGAAAAAACGGTTCAAGAGCGACGCGTCTCGGATAGAAAAGAGCATAACTTATCGGTATTCTCATATCCGGTGGTGATACCACCATTTTGACGTTTCCATCGGGCAAAACCACCGCTCCGTGAACCAGCCCCTCTCTGTGTATCTTCACTTCTATCTTCTCGAAGGGCAGCTCGAAGAGCTCCATGGCTTCCAGAACTTCGAACGCCTTGTTCACCATTGTTGCAGAATCTACCGTTATACGGGCTCCCATATTCCACACGGGATGCCTGAGCACGTCTTCAGGTCTTGCTCTATCGATCTTGGAAATCTCCCAGTCTCTCAAAGCACCTCCAGAAGCTGTCAAAACCACCTTTTCCACTTCTGGTTCTATCACCTGAAAGATGGCACTGTGTTCACTATCGACCGGAATGAGTTCAGTTCTTTTCTCTTTGAGTTTTTTCTTCACCAGAAATCCGCCGCACACGAGAGATTCTTTGTTTGCAAGGCACACCCTTTTCGAGTGCTCCAGAGACGAAAGCACCGCCCTCAATCCACTGAATCCCGAAACTGCTACCATTGTGATGTCAGGCTTCAGCGCTTCCAGCATCTCTTCTATGGAATGAGGACCTTTCCAGACGTTGATCGAACTGTCTTCGAACTCCACATCACCCGTGACCGCCACGTTTTTCACGTTGAATTCCTTCACGATCTTGAAGGCCAGCTCCAGATTGCTGTGAAACGAGATGCCTATCAATCGAATTCCCTTCACTTTTTTCAACACATCGAGCGTCTGAGTCCCTATGGATCCAGTGGCACCCAGTATCACGAGGGTTCTTTCTTCCATCTGAAGTAGATCAAACCTCCCTTCTTCACTTCTATTGTGACTCTATCCCTCACAGCTTCGTTGCTCACACCGTAGGGTTTTGTGATGGGCATAACGGCATCCTCAAGGGTGTATTTGAAGCCTTTGAGAGTCACACCTTCTGCGTCGCCACCGAGCGGTAGTATGGACCACTTTTCCCCAGGAACAGCGGAAAGAGTTTTTGCTCCTTCCACGTAACCAACCGTAAGAGAAGATGATTCAAGGGTTGTGTTTTTGAAGCGTTTTAACAGGTAGAAAAGAGCGAGCACCATGTCGAGGCGTTCTCCCTTCCATCCGAAGACAACCTTTTCTTCCTCTTCAAACTCTCGAAGTGCAAGTTCAAGGTCTATTTCGTCCTTCTCTCTTGGAAATATCTTCAGCGTTACCCCGTGTTGTTTCAACCACTCCATGGTTTCCTCTTTCGCCGAATCGGCATCACCTATGAAAAGATCTGGTACAATGTTTCTTGTTCTCAGGTAGTTCGCTCCTCCGTCCACCGCCACAATTTTTTCACAACGGGAAACATCCACGAACTCTTCGTAGGAACCGTTTGCAAAAATACACACCATGGATTTCTACTCCTCCTTCTCGTTCAAGGCCCTGATATAATTCTATCAGGAGGCGGTGTTTTCGATGAGAGTGCCGGGAAACATTTCTGTTCAGACGGAGAATGGAAAGGTAGTGAAAATTATCTTGGGATCGAACGAAACAGAAGGTCCGGAGGAGATTCTCCGCGAAATAGAAGAATACCTTTCAGGTCAAAGAAAAAGCTTTTCATTCCAGGTAGAGATCAGAGGCACACCCTTTCAGAAAAGAGTCTGGGAAGAAGTTCGAAAAATCCCGTACGGTGAGACGAAAACTTACAGCGAGATAGCAAAAAAACTCGGAACGTCCCCCAGAGCAGTGGGACAGGCTCTTTCGAAAAACCCTCTTCCTCTCTATATACCGTGCCACAGGGTGGTTTCTAAGAAAGGACTCGGTGGTTTCAGCGCAGGCTTGGAATGGAAGAAATACCTGATCGATCTGGAGAGAGCCAGGAAATGAAGAAATTCCTTTTATCCCTCCTCATAGCTTCACTTTTGACTTTTTTCTTACTGTGGGGTCTTTATTTCTTCTTCACAAAAGACCTTCCTCCTCCCGAGGAGAAACTTGTGCCGACCATCAGACTGTTTTACAGTGACGGAACTCCACTGCTTGTCTCCAGGAACATCTGGATAGATCTCTCCGACGTTCCAGAGAAATTCGTTGAGATACTCCTCACCTCCGAGGACGAGGAATTCTACAAACATCCAGGATTCGACCTCATGGGATTTCTGAGGGCGTTGATCATTGATATAAAGACACTGAGTTTCTCACAGGGCGGAAGCACCATCACACAGCAACTCGCCAGGACGCTTTATCTTTCGATGGACAAATCCATCGTCAGGAAATTGAAGGAAATCTTCATATCCTTCTGGCTTGAACGCATAAGAACCAAAGATGAAATCCTCGAGATGTACATAAACTCCGTCTATATGGGGAACGGAATATACGGATTCCAAACGGCCTCTCAACTCTACTTTGGAAAGGACCTCTCTGATCTTTCGGTACCGGAGATGTGTGTTCTCGTGGCTCTGATCAAATCCCCCGAGAATTTCAA
NZ_CP003409.1_gap5	100665	105246	4581	AAGCCCTATTCCTTTCAGCTCCACCCTTCCTACTTTCAAAACAGCTCCACCGATACCAACAGTGAGCATCAAAGCGGTGATCATGAGGTTTCTTGGCTTAGAGAAATCCACCTCTGCGTTCACCATGGTTCTCACACCGACGGAGGTGATCATACCGAAGAGGATGAGACTCACTCCTCCCATCACCGCCTGAGGGATTGTCTGGAGGATAGCCCCGAACTTCGACACAAAGGCGGCGAATATGGCCACAAGGGCTGCTCCTCTGAGAACGGAAGGATCGTACACCCTCGTGAGGGCCAGCACTCCCGTGTTTTCACTGTAAGTGGTGTTCGCAGGACCTCCAAGAAGACCGGCCACAGCCGTTGCGAGTCCATCACCGAGGAGTGTTCTGTGAAGACCGGGCTTGTCGAAGAAATTCTTACCGACAACCGCCCCGTTGGTGGTGATGTCTCCAAGATGCTCCATGAAGGTAGCGAGGGTCACCGGGACGATCATGAATATCGCTCCGTAGTCGAACTTCGGAAGCATTACTTTTGGTACGCTGAAGAGAGGTGTGCTCACTATCACACTGGTATCGATCTTTCCCATGAAGAGTCCTGCTACGTATCCAACAACGACTCCTGTGATCACTGGGACCATGCTGAAGAAGCCTCTCGTCATGGTTGAAACGAAAACGACAGTGGCTATGACGATGAGGGCAAGCGGCCAATCACTCGATGCCATCTGGATGGCAACGGGGCTGAGCGTGAGCCCTATCACCATGATCATACTTCCGGTGACAACGGGAGGGAGAATCTTTTTCACCTTTTCCGGACCAACTGCCTTCACTATCAAAGCGTACAAAACATAGAACAGACCCGCCACGAATATTCCGCCCGTCGCGTAGGCGAGATCTCCATAGATCTCTTTCACTGCCAGAATCGGAGCGATGAAGGCAAAGCTCGACCCAAGAAAGACTGGTACAATCCCGCCTGTTACAAAATGGAAGATGAGCGTGCCGATTCCCGCGGTGAGAAGCGCTACAAGAGGATCGAGCCCCGTGATGAGAGGGACCAGAACGGTGGCACCGAACATGGCAACGAAGTGCTGAAGTGCCAGCAGGAACCATCTCCATCCACTGACCTTGGTAACCGCTCCTTCGAACTCCATGGGAACACCTCCTGACATTTAAAAATAAAGGCTCTTTGAATCAAAGAGCCTTCAGTTTCTGTTTTTCAATTTTTCTCTCAAAACGAAAAAGACGAACTTTGAAACCTGCACCGGTACCTTTCTTTTACTCAAAGGAGACTGGAAAAACCTGTAAAGCCACTCCAGGTTCATCCTCTGAACCCATTCCGGTGCGCGTTTCTTTTTGCCCGATACGACGTCTATGGATCCTCCAACACCCATGGCGAGCTTCACGTTCAGCTGTGGAAAGTTCCTATATATCCACTCCTCCTGACGGGGAACACCCATCCCGACAAAGAGAAGATCGGTTGAACTTCTGTTTATATCTTCAACGATTTTCGGTGATTCTTTTTCGGAGAAGAAACCGTCGTGACAGCCCACAACTCTCACACCCGATCTCTCCAGTACTTGTTTTGCCTTCTCAACGATTTCCCTTTTCGTTCCGAGAAGATACACCTTCCAGCCTTTTTCTTTCGATCTTTCACAGAGGTGTTTCATGATCTCTATTCCAGGCAACCTTTCAGTCGTCTCCCCTGTGAGAGTTTTCATAGCCCAGACAACACCGAAACCATCGGGTACAACGAGGTCCGCAGAGTTCACGATAGCTCTATATCCTGCATCTTCTATGGCTTTCAAAAGAATCGAAGCGTTCATGGTGACAACGAAGGTTTTAATGTCTTTCTCTATCCTCTCCTCGATCGCGTTCAGGAATTCCCGCCTTGTCCCCGATAGAACTTTCGTTCCGAAAAGTTCGATCTCTTTCACCCCGTTTTCCTCCAAAAAAAAGCGGAGGGAAGACCTCCGCTTTCTGCTGGTGCCGAGGGCGGGACTTGAACCCGCACGGGGAAACCCCCACATGATCCTGAGTCATGCGCGTCTGCCAGTTCCGCCACCTCGGCACTCCTCTCCGTTCAGATAGTTTAACATCTTCTTCCATGAGCGTCAAGAGTTTTTCTTCTTTTCCAGTATCATCGGCTGAACGATCAGCGTGAAAACGGCCCCAACACCTATTCCGAGCATCATAAGCAGAGATATGTTTTTAAAGAGTGCGAGTTCAGAGAAGAGAAGAACAGCGAATCCCGAGATCAAACCCAGCGCGTTTGTGAGAACAGATGGTCCCACGTTCTTGACCACAAGGTACGGATCTCTCAGTCTCCTCTCTTCTGAAGCAATGTGAATGGAATAGTCTATCACAAGACCCATGAGGATACCGGAAGTGATCGACGTGGAAACATCCAGACTGATGCCAAAGAGGGCCATGAACAGGAAGTTGAACACCGTTGTGAAAGCGATTGGTATCATCACACTCAGTGTAGTGAGCGGTCTTCGGAATATGATGAAGACCATAACAAAGATCAGGATGGACGCAAGAACGATGCTCTGTATCTGTGATTTCATGATGCTTTCGTTGATATCGTTCCAGATCAGAACGGATCCCGCCACGTAGTGTGACCATCCCGTTTCGCTGACTACTTCGTTGATCAGATCTACCACTTTCTTCACATGCTCGTATCCTTCCGGAGTGAGGTTGACGATCAACCTTATCCTGTTTCTGTCTCCAACGAAAGTTTTGAGAAACGGGTTCGTTCTGGAGAGCGTGTACATTATCGGAACGGGAATGTCCACAGGAAACACCACACTGGAGACGTACTCGCTCTTTTCTATCTTTTCGATCAGCTCTTTCAAAATTTTGGAATCTGTTCCAACGAACGGAACATTTTTTTCCAGCACCAGATAGATCGGCTCTCTCGTGTTGAACTTTTTCACGATGAGGTCGTAAGCCTTTCTGAGTTCGGAATCCCTCTCAAAATAGGACACCATATCTGAACCCACCTGTACTCTTTTGAGCAGAAACGGTGAAAGAGCCGCCATCACCAGGAAAACAACGAGGACGATCAAAGCGATCTTTCTTCCCACGTACTTCATTCCAAAGCTCCTTGGAGTTCTCTTTGGAGTGTAGTTTCTGAAGATCTCCACACCTGATGTGAATATCACAAGCACCACAACAGCGAGTCCGGAAGAAACCAGAATTCCGAGTTCTCTGAACGCCCTTATATCGATGAAGACGAAAGACATGAATCCCGCTGCAGTGGTGAGCATCGAAAAGAGTATGGGTTTGAAGATGTGCTTTACCGCCTCTCTTTTATCACTGAACCTGAACAGCGCGTTGTAGAAGTGAAGCCCGTACGCAGAGCCGATGATGAGGAGGAAGGTGATGGTCATCACGGTCATGGTGTTGAGGCTCTTTCCCATAGCGAAAAACACAGCGAATACGAAAAACGTGGACAGCACAGGAACTATCAAAGAAAAGAGCGCTGCTCTGAAGGATCTCAACTGATAATAGAAGAGAAGAAAAATCACAAGAAACATGAAGACAGGATAAACAAAAGTCTGCTTCACCAGTTCTTTGAAAAGAGCGCTGTCTATCACCGGTTCACCAAAGAGGTAATTTTTCTCGAAGTAGCTGGACACGAGCCTTTTTATCTCGGGTATTTTGTCCCTTGCATTGACACCTTCTTTGAATATCACGTTCAGAAGCGCGTACTTCCCATCTTCTGTGATGAAACTCTTCGCATTCGGGTCGTTCAATACGTCTTTTGAAATCTTCTCATCTTTGAAGTAATAGTCCATTCTGAAACCAGAAAGCTTTGGAAGGTTCACGGGACTCATAACACTCGAGATGTCTTCTCTTTCCTCCAGAGCTCTGTGGAGTTCGTACAGAGTCCTTGCGTCTTCGAAGAAGTTCTTATCGCTTTCGACAACGATCACAATCGAAGAACTACCGCCGAACTCCTTGTTTACACGAAAGAGGTTTTTCACGTTTTCGTTCGTAGTCTTTTCGGGATCTCCATTGTAACCTGGAAGGAACACCTCAGGGCCGGTCTCTATCTTTCCAAGGGAGAAAACAACAAGAAACGAAAGAAAAACCAGCACCACGTATGTTGTGGTGAAAAGGTACCTTCTCATGCTACCTTCCCTCCCTCGACAGAGCTTCCACCATTCGATTGAATCCTTCGCTCACCACTTTGAAGTCTTCCTCGGAAAATTTCTCAAGAACACTTTTCAAAAGACTTTCGAAGTTCGAAAGAATCTCTCCGAAGATTTCCTTTCCCTTTTCGGTCAAGACCACCCGGTACGTCCTTCTATCAACGGGGTCCATCTCTCTGACGACCAGGCCTCTTTTCTCCAAAGAATCCACCACGTTCGTTACGTTGCTCTTCGTTGTGGAGAGAAACTCCGCTATCTCTTTCATCTTTTTTGGGCCGAAGAGAGCCACGTAGAGGAACGCGTAGAGCTCCGTTGTTTTCATGTCAGAGATCTCTTCGTTCGATGGAAGATAACTGGAAAACCTCATCACCAGCGAAAAGAGTGTTTTGAATATCTCCAGAGCATCCATGTCTTCACCTCCCATTT
NZ_CP003409.1_gap6	110521	112351	1830	CAACGTAGTTTGAAAAGGTTGCCGGGTACGGGATGAGACTCGGTGGATACTTGTACACGTTGCCCCCTGCCTCGAAAGAGGTCTTTGCGATCCAGTAAAACGGCCACACTGAGAGAATCGCAAAAAGAACAAGAACCACATAAGTCAAAACCTTTCTGATTTTAGGCATAATAGCTCTTCAAACCTCCTTCCCTGAACAGGTAGAAGTTCAGAAGCGAAAACGCAATCACAACGAAACTGAACAGAACAGCGGCGGCGTTCGAGTATCCGAATTGGAGATATTCAAAAGCTCGATTGTATATGAAAATTCCCATTGTTTCCGTTGCGTGAACCGGGCCACCTTTTGTCATGGCGTAAATCTCTCCGAAGACGTTCAAAGCCGCTATAGATGACATGGTTGAGCAAAACAGGATGTACGGTTTCAGAAGGGGGATCGTCACTTTGAAGAAGACCTGAGAAGGCTTCGCACCGTCAACCCTGGCAGCTTCTATCAATTCCCTGGGGATGCTCTGGAGCCCCGCCAGATATATGACCATGTAGTAACCGAAGCCCTTCCACATGGTGACAAACATGATAGCGAAGAGAGCTATCTTGGGATCCGAGAGGAAAGCAATCGGCTCGTCTATAATATGAAGTGATTGGAGAAGAAAGTTGATGAATCCTTTTTCTCTGTACATCCACTGCCATGTGATCGCAGCGATGGTGATGGGAGTAACCACTGGAAGAAAGATGAGAGTTCTGAAAAGATTCCTACCCCTTATGGCCCTGTCGAGCAGGACCGCAAGCAGTATAGAAATGAGCTGGAGCGGAGGTACAACAAGCAGGTACAAAAGACTGTTTTTGAAGGCGTTCCAGAATAAAGGATCGCGAAGCAGATCGACGTAGTTTTTCAGTCCAATATAAAGAGATTCTCCCACTATGTCGTACTGGTAAAAAGATATCTTGATACCGAACACGAGAGGATAATATATGAAAAGCACCATGAGGAGAGTTGGGATCGTTATGAAGAAGAATGCAAGAAGAAGCTGTTTTTTTCTCAGACTCTTGTAGTACCTTCCTGGCATTCTCTCTCTCCTTTCGAAAGGGAGGGGGACACACCCCTCCCCATCTTTTTTATTTCGATTGCTGAGTCTGAATGAGATATCTCCAGTACTTCGCGGTCTCTTTGAGCGCCGTTTCGGGATCTTTCTGTCCAAGGAACACCTGAATAATGGCATCCTTCAGTCTGTCGAACGCTTCTTTTCTGAATGGTATGTCATCGTTGTAGAACGTGATGTTCTCAAGATACTTGGCTCCCATGATTCTGGCTTTGGCAGCGAGCGTTCCATCGTCTTTTGAGAACCACGGATCGTTCACCGCTGCTTTGAGAGTCGGGAATATGGTCACGAGCTTACAGAATGCGATCTGGTTCTCGAGGTTTGCAACGAACGCTGCGAATTTAGCGGCTTCCTTAGGATTCTTGGATCCTCTGACTACGTTCAGAGTTGAGTACCATCCACTCATTCTCACACCCGGTTTTGGAGCTGGAATAGGAGCAACATCGGATTTTTCGTATATTTCCGGAGCGTTCCATTTCACTCTGTCCGCGAACTGAACACCAGTGATCAACATGGCGAGTTCTCCAGCCTGATAGAGTTCTGTTGCTCTCGTCCATTCTCCACCCTGGACGATTTCACTCGGGATGTACTTCTGTTTGTAGAGAGTGGCCCATTTGTTGAGAGTGTGAGCGTATTCCGGTCTGTCGAAGAGCACTTCTTTTATTCTGTTGTTTTCATCCACCGTGTAGAGATTCAATCCGTCCCAGTTGAAGATCGCAGAGGGATCTTGGAA
NZ_CP003409.1_gap7	114003	114702	699	GATCTTGGAATATCTGTAAGTCACATCTGGTGAGTTTTTCCCAAAGGCAAGATTTCCCGGAGACGAGGGAACGTATTTCAACACCTCAAGCTGGCCACCCTCGTGATCGGAACTGATGAGAAAATCTCCTTCCTTCGATAGAAAACTCATGAAATCCATTAGAAGGTACTCTTTCGAAAGAACTCCTGGATAGATCAAAATACCGGCCGGTCTGTATTTTCTGATTATTTCCTTGACTTCTTCGTTGAAGTCGTTGAAACCGCAGAAGAACAGCTTTCCAAGATCCACGTCCACCACTCCTTCATTTCAGAATCTTGCCGGCGAACTCGTAGTCTTCCAGAATCCTTTTCCAGAAGGCTTTTGCTGCACCGAAGGCGACCGTCCAGAGCCCTCTTTCATCGAAGAGAACCTCAACGTCAGAGATGTGTCTTTTTTCGAGGTGATCCCGAACGTTCTTTGCCAGACCGCTGTGAAATTCCGGGGAAAACAACGTTATGTCCCCACCAAAAATCACGGTTTCGGGATCTAGAAGATAGCTAACGAAAGAAGCAACCTCCGAAAGCTTCGAAAGAAGTTTCAAGAGTGAATCGGAAGAAAGGTTTTTCAAATCTACTTCATCGAGTGTGGCTGGTTCAGACAGAATGGGCGGCAGGATGTCAATTTCAAATTCACCTGCAGCACCGTTGGAACCCTGGTACA
NZ_CP003409.1_gap8	118996	123734	4738	ATGAGATAGATAGCGAGCGGAAGGTTCAGGGAGAGAAAGTTCGAAACGAAGTTCACGTTTCCTATGGTCGCCTTCACGGTTGCCCTCGAAAAGGGACTCCCCACACTTCCAAGAAAAACATCGACACCGCCGTAGAAGTTCAAAAGCGCGTCGAAAGCTATGAATCCCGCAAGAGCCACACTGACCGTGAGAAACCTTTTTATTCTTTCTTTTGTGACAAAGAAGTTCGAGATGAAGATCGATGTGAAAAACATGAGAAGAACGTAGATCGCTATGTCAAAAGAATATCTGAAATAGACAGGATTATCGCGATAGACATTTATCGTAGATAAAAGAGCGGAGATAGCGAAGGCAAAAAAAGCCACGTGGGCCATGTTGAATCTGATTTCCAGTTTCTCCTTCCTGAGAATCTTCATCAGGATCATGAAGAACATGACGCTCAGAAACACCGTGATCAAAGCGTACTTTGGAACGCTGAACTCGTACGTGAGTTTCCTGGACGAGAAAAGGGCAACGACAACGTACATGATGTAAAACAGAATCTCCATAAGTTTTCCCTCCCGCTCAATCGTAATGAAGAAGCCTGAGGCCTTTGATGAGAACAAAAGAAAACACAACGGCTAAAACGAGCGTCACCACACTCATCACGATATTTCCCAGAGCTCCAAAGCTGAACCCACAGAACACAGCGTGCGTTGCTATCATGATGAAGAGAGCTCTTTTCACCCCGAATCTTCGGGAAAGCTTGTCGTACATGTGATCCCTGTCTCCTCTGAAGATCGATTTTTTGTTCCTGTACCTCCTCAGAACACTCGCCAGAAAATCCAAAAAGAAGATCCAGAGAGGAAAAATCATCGTGAGGAATGTATCGAAAGAGGCAAATCGATTCTGGGAAAGAACGATCGCGGATAGCAAAACAGCCATCAGATAACTTCCCGCATCGCCCATGAAGATCCTCGCGGGTGGAAAATTGAAAACAAGATAGCCAAGAGATGCACCGAGAAGGGAGAGAGATAGGTTTTCGAAGAACACGCCTCTAACCAGAAAGAAATAGGAGAGCGCCGACAGAGCCACAAGACTTCCACAGAGCCCATCCATACCGTCCATCATGTTCACGGAATTTATGAGAACAACGACAAAGAACAACCAGAAAGCGGAAACCAGTAAATTGTCGAGGCCGATGAATCGCCACACGAGCAGAAGCGAAATGCCGAATTCTGCGATCAACCTTGAAAAGGGAGAAATAGAGAACAGATCATCCATCAATCCCAGAGCAAGAGCGATCGATGCCGAAAGAAGAACCACCGTGTCGTTCCACAAGAACGGAAGGACCCCCACAAATATTCCCAGCCCACCCAGGTAAGGTGTTTCTCTCCCGTGGGGCTTCAGAACACCATCCGGCCTGTCCACAATGTTCAGTCTTTTCGCAATTCTTCCGAAGAACCAGACACCGAACAGACTCAAAAGAAAACTCAAAAGAAAAGCCATTCCTTCACCTCGGTTTCACGGTGACGAGTTTTTTCCCATCGACGACGAGGTACTCGAAATCGAACTTTTTGAGTTCTTTCATGACTTCTTCTATTCCTCGACCTATATGTTGCGATTCGTGTGCGTCCGAGCCGATCGTTACGACTCTCCCACCGAGGTCGTAATACATCTCCACTATCCAGTAGTCCGGGTTGGGTTTCCCGTGCTTGAAAAGACCAGCGGTGTTGATTTCAAGGGCCCTTTCGTTTTTCACGAGGAACACCAGAATCTTTTCTATCAAATCTCTGTTCGCTTTGAAATCCGCCTTCGCGTATCTTGCCGGATAGTCCAGGTGTGCAAGTGTGTGGAATTTCACCCTTTCCATCACAAAGAGCGTTCGCTCAAGATAGTCTCTTGCGAGCTCATCCGGTGGAAGGTTCTCATCGTACCGATGTATCCCAAGAAGAAGGTAGTCGAAACCCTCGGGAAAAATCGCCTCTCCCACACCATCCCAGCTGATCTCCGCTCCCTTCGGAAGATCGTATTTCTCCATGGTGAGAAAGTACTCTTCAACGTTGAAATCGTGAACGAGTTCTCCGTTTTCGTATTCGTAGTGATCTGTGATACAGAAATGTTCGATGCCGAGCTTCTGCACTTGAGGGATTATGCCGTCTATTTCTGCCTTTCCGTCGTAGGAAAACGTGGAGTGAAGGTGCATGTCTATCATTGTGATCCCTCCAGGACTTTTCTCAAATAGACAAAAATCGGGTGCGGTGCTCCCACTTTGCTCTTGTACTCGGGATGAAACTGAACACCAACAAAGAAAGGATGATCTTCAAGCTCAACAGCCTCTATGAAGTCGGATTTCGCAGACACGACGAGCTTGTACCCCTCTTCTCCCGGTTTTTTGAACAGCTCTGGAAACGCCTCCTCATTGGCTTCGTATCTGTGCCTGTGCCTTTCGGAAACTTCCTCAACTCCGCCGTAAACTTCGTAGAGTTTCGTTTTTGGAAAAATTTTCACCTTTTGGGCTCCAAGCCTCATCGTACCACCGAGCTTCAATATTCTCTTCTGCTCCTCCATGAGATCCACAACAGGATAAGGTGTGTTCGGATCGAACTCGGTGGAATTGGCCTCTTTGTAGCCAAATACGTTGCGTGCGAACTCTATGACCATGAGCTGCATACCGAGACATATTCCAAGTATGGGCTTCTTGTTTTCACGTGCGTACTTTATAGCTTTTATCTTGCCTTCTACACCTCTTCTTCCGAATCCACCGGGTATGATGAGGGCATCGTATTCGTCGAGCACTTTCTTTACTTCTTCGTCGTTCATGTCTTCGAGCATCTGACTGTCCACCACGGTGGGCTTTTCTATTCCTGTCAGAAAGACCGACTCTATGATGCTCTTGTACGCGTCGTCTGTTCCAAGATATTTTCCAACGAGCGCTATCCTGTAGGGTTTGAAAGCTTTGGGATAGGACCAGTTGAACGTGGATTTTTTCAGCTCAACGTTCAATTTGGAAGCAATCTTCTCGTGCAAACCCATATCTCTCAGTATTTCTGGAACTTCATACACGTTCTTCGTATCGGGCAGGTTTATCACAAAATCGCGTGGAACACCGGAGAAAAGGGCCACCTTGTTCATACTGGGAACATCAAGGGGAAACTCGCTCCTCACGATGACCATATCCGGTGTGATCCCTATTCTTCTCAGAAGTTGAACGGATTGTTGAGTGGGTTTCGTCTTGAACTCGTTGGTCGTTCGAAGGTAAGGAACGTACGTGACGTGAGCGAAAAGGAAGTTTTCCTTTCCTTCTTCCATCTGGAGTTCTCTCACAGCCTCCAGAAAGACTTCCCCCTCGATGTCTCCAACGGTACCTCCTATCTCAACCACGAGGAGTTCCGCCTCGAGCGCCCTTATTCTGTCTTTTATCTCCTCGGTGAGATGCGGCACGATCTGAACGGTGTTCCCAAGGTATTTTCCCTGTCTTTCTTTCTCTATGACGCGAAGGTACACCTGCCCTGCCGTCATGTTGTTCTGCCTCGTCATGTCTCTTCCAAGGAATCTCTCGTAGTGACCGAGATCCAGATCCGCTTCGTAACCGTCTTCGGTGACGAAGACTTCTCCGTGCTGGTTGGGATTCATGGTACCAGCGTCCACGTTGAGATAAGGATCGATTTTCAACACGTTCACATCGACACCGTGTTCTTTCATCAACCTCGCTAAGGAAGCCGAGAATATTCCCTTCCCAATACCGCTGAGGACTCCTCCCGTCACGATCACGTATTTCTTCATCCTATTCCCTCCTTCTCCTCAATATGTTATCACCTGGAGAGTAAATTTCTCATTTCCTTAACATGAGAGCACATCGGGATTGTAACCCGATGTGAGATTATGGTATAATCATGCCAGATTTTCTTGTCAGGAGGTGGTATTTTGAAGCGGGTAGTTATCACGGGTATGGGGATCGTGAGTCCCTTTGGTGTTGGAAAAGAGAAAAATTTAGAAGGGCTTAGAGAAACCAAAGTAATGATAGATCGAATATCTTCTTTTGATGCTTCTAACCTTCCCGTCCAGATCGCCGCAGAGGTGAGAGATTTCAAACCGGAGGAGTACATAAATCCGAAATTAGTCAAAAGAACAGATCGCTTCGTTCACTTCGCTCTGGTCAGCACGAAAGAAGCCGTGGAAGACGCCGGTATAAACTTCGAGTCGTACGCCGACAGGACGGCCACCATCATAGGATCCGGCATGGGAGGATTTCTGACGCTCGACAGCGAGAACAACAAATTCCTGAGTCAGGGTCCAGGCAGAGTCAGTCCGTTCTTGATTCCGATGATCCTCATCGACATGGCTTCCGGTGTCGTTGCAATGGAATACGGACTGAAAGGACCGAACTTCTCTTCTGTGAGCGCCTGTGCTTCTTCTCTCCACGCGGTGGCTCTCGGTGCTCTCCTCATAAGACACGGGTACGCGGATGTGGCAGTCGTCGGGGGAACCGAGGCAACGATTGCTCCACTTCCCATCACCGGGTTTGCCAACATGAGAGCACTCTCAAGGAGGAACGACGATCCAAAGCGTGCTTCCCGTCCGTTCGATAAAGACAGAGACGGCTTTGTGATGGGTGAAGGCGGTGCGGTTCTCATACTCGAAGCCGAGGAAGTGGCAAAATCGAGAGGAGCGAAAATTCTCGCGGAGATCAAGGGAGTGGGTATGACGGACGACGCGTACCACTTCAGCGCTCCAGATCCGGAGGGCAGAGGGGCAG
NZ_CP003409.1_gap9	129646	131562	1916	AAACCGCTAAAAAGATCACAAAAGCAGAAACGACAGCCGAGTTCAGCAGAGATGAAACGAGTATCTTCGAAATCATCACTTCACTCGTCTTGACGGGTAAAACCTTCGGAAGCGGCCACACTTCCATTTCCTTTCTCCACAACATAGCGCTCATCGTCGCATTGTAGAGCGCCGCGATACCAATTGCAAAGATCAACCCAAAATCGGGACTTCCAACGAACGTCATGAGAACACCAAAACCGATTGGGTACAAAAGAAGGTAGAGCGATCTTTCTTCCCGGAGGAGCGTGATGAGATCCTTCTTGAAAAACCCCTTACCCGGAAACCTCGTGGGTTTTTCAGCGGGCATTCTTTCTTTACGCAGAACAGGTTCGAACACGACAGTTGTGGAAATCACCCGAAAGACGAGGAAAGTTCCAAGACATATCAGAATTTCATAGAGAAGAAAGATCGGATTTTCCCTTGAAAAAACAGCGTACGCGAAAACGTTCCAGTTTGAGATGAACCATCTTCCAAAAGATACGGAGAAATCAGGGAGGTTGACGAGTATCAGAAACAGGAACACGGCAAGAAGTTGAATCAGCGAGTAAAGCTTCCGTGACAGCGAGGTTCTCAAGAGCCTTCCAAACAGAACTGAAAGAATGGCTCCCCCGAGGAGCAGAAAAACGGTGTGAAACACTCCGGTGACGAAGGGCATCCAGTTGTTCATCAAAAGAGAATACATGAAGAAATTAAGAACCATCATTATGAGAATGAAGGACTGATAGAAGAGGGATATCAACAACTGATAGATCACTATCGTGCTCCTTTCAATGGGAAGGGTGAGCAGAAACTCGATCTCTCCCTCCAGAACGAACGAATTGGAAAGATAAAAAGACACCCCGAGAAGAAACATCACAGAAAACATGGTGGTCGAAAAAGAAAGTGAAGCAGAGAAGGCTTCTTCTCCGAACTCTTCGAGTATCGCTTTGAAATTGTTCCCCATGAGCGAGTAGAACAGAAAACCTGTCATCAAAACGGAGATGAGAACAGAGTACAACCCTTTCCTCCCACGAGCCGGAGCGTATCTGAGCAAAACAGAAAGTTTTCTCATAGAAATTGTCTGCGGAGACCCATCCCCTTTAGGGGATTGGGAGGAAGCAGACATGTGTACCACCTCCAGATTCAATAGTGTTAATATATAGACGAGGTGATTGAACAAATGACTGTAACTCTGACCTGTAGATTCAAACTTGAACTTAGCAAAGACCAAAAACAGCAGTTCCTGGATATTGCGACGGCTTACACAAACGCCGTCAACTATGTGCTCGAACAAAACTTCAAGGATAAATCGACGAACGTTAAAAAGCTCCATAGACTTTACTACAGCACAATTCGTGAAAAGTTCAGCCTTCCAGCTCAAATAGCCATCAATGTGAACAGAGACGTTTCTGCAATGTACAAAACTCTCTGGGCTCAGTTCAAAGAACTCAAGCGTCGAAAACCCGATTCGAAAGCAGTCAAGAAATTCTGGGATAAACCACCGAAGCGAAAGAGCCTGATCGTCAAATACACATACAACCGAACTGCAAGCTTCAAAAAAGTCAACGGAGAGTGGCATGCTTCTTTGTCCACGCTTCAAGGACGAATCAAATGGATCCCGATGAAAGGCTGGTCCAAACACTTTGAGTACCTCGAGTCTGGCAAGATCGGCGATCCGATACTGACTTACGACAAATCATCCAAAACCTTTTTCTTGCTTGTTCCCGTAACACTTGAAGTTCAGGAGCAGCCACCGAAAGAAATCGTCGGTGTTGACGTTGGAGAAAGACACATTGTTGCTGTTGCTTCTACCAGAGGCACCAGGTATTTGATAGACCTTCCTGAAGAGTTCAAACAAAGAAAACAACACTATCAGCGTCTGCGCTCTGAGCTCA
NZ_CP003409.1_gap10	142667	146327	3660	TTTCTGGTGACCGCTTCCCTGCTTCTCATGATGGGAACCAGCTGTGAATCGAGGGTTCAGGTGCCGGTGCCTCTTCCCAAAGTGGATGTCGAAATGCCGAAGGTGGACCTCGGTTTCAAGGTAGTGGAACCAACGGGAACAGAGGATTTCTTTGAAGATTTTGAAGCTTACGGCCAGGGTCAGGTTGCCCCGTTTGGGCCCTGGAAGGTACTTGGAAAGGCTCCACACGTTGAAGAAGGAGTACAAGCAGATAAAACCATAGGCAAGGTCCTCAAAGTGATCATAGACCGTGGAGTTTTCACTCCAGGAGAGTGGACGAACTTTATCCTTGAGTGTAACCTGAAGAGAGAAGGATCTGCAGAGGGAAGAGTGTACTTCAGACTGTCCGAAGATGGAAAGAAAAGTTTCTACGTGATTTTCTCAGAGTGCGGTATATCTCTTCACAAGTTCGCAGGAAGTATAGACATGAAGATAGCGGAAAACAGTAGTTTCAAATTGAGTGACAGAACCCCAACCACGCAAGCTATTCCCCTTCAGGGGGATAGGTTTGTTGTGGTGTTAATTATCTTATGATATAATTGAATGGGGTGATAGGTATGCATATCAAGAAGACAAGGTGGAGTCATTATAATCTGAACTATCATTTTGTGTGGATACCTAAATACCGCAGAAAAATCCTGGTCGGCTCCATAGCTGAAGAACTTGAACGAATACTCCGCAACACAGCAAAACAACACGGAATAGAAATACTGGCCCTCTCTATTCAGCCTGATCATGTTCATTTGTTTGTATCGGCGCCTCCAAGATTTTCACCGGCTGAGATAGCAAACCTGTTCAAGGGCGTTTCAGCGAGGAAACTGCTGGAGAAATTTCCAGAGCTTAGAACCAAAGAGGGCCTTTGGGCTCGAAGTTACTACGTTGGAACAGCCGGTAATGTTTCTGAAGAAACTATCAGGAGGTACATCGAGGAATGTCAAGACGTGTGATACGAACCTACAAACTCGCCGTACCAGGACACCTGAGTCAAACATGCGAAGAACTCAACCGCACTGCAGCAAGAATCTACAACAAAACGATGTCTATTGTGCGAAAGATACACCGAAAGAAAGGCTTCTGGCTGTCCTGGCCTGCCGCAGACAAATACATCCTCCGCTGGGCAGAAAACATCAAAATCCACGTCCACTCAAAGCAGGCATTTGTTCAGCTCTACTTTCAAGCCCTCAAAGGGTACTTCAAAGCAACCAAAAAGAATCCAGATGCAAAACCTCCCTACAAGAAAAAACGCTATCTGCCGTTCATATGGAAAGAAAGCGCTGTAAAACTTCTGCCAGACGGTACCCTAAGACTGTCTTTGGGCAAAGAACGAGAATCATTTGTTGTACAAACACCTCTCAAACCTCCCCTTCGCATCAAACAGGCAAGACTTGTCTTTGAAGATGGATACTATCTCCACCTTGCGATAGAGGTGGAGATTGAAGAGAAGAATGCTGGCTCTGGTGTTATGGCGGTCGACCTTGGAGTGCTCCGTCCCATTACGTGCTTTGATGGAAAAGAAGTCATCAGCTACCACGGAGGAGTCCTCAGCAGCACTCTTCGCTATCGAAACAAACGCCTTGCAAGTTTTCAGTCTGCCATAGCAGAGTGCAAGAAGGGATCAAGAAGGTACAACAAGCTTGTTCGTGCAAAGAAAAGAGTCCTGAGACGGCTCAGAAACCAGATCAACGACATCATGCACAAGATCACAAGTAACTTCATCGGACTGTGCCTCAGAAAGCAAATCAGAACCATCGTGATAGGAGACGTCACAGGGATCAGAGAAAGAGCGGACTACAGCGACAACGCGAACCAGAAGATCCACCAGTGGCAGTTCAGAAAACTCATCGAGATGATAAGGTACAAAGCAGAGCAGTTCGGAATCGAAGTGAAACTCATCTCAGAAGCGAATACAAGCAAGACGTGTCCTGTCTGTGGTGCAAAGAACAAGCCGAATGGAAGAAGATACCACTGCAAAGCCTGTGGTTTTGAGTATCACAGGGACGGAGTTGGAGCAATCAACATCTGGAAAAGGTATCCTGGCACAGGCCAGGTAGTAGCGGGCTTGGCCCCCGTCAGAGGTGTGAGGTTTCATCCACACCTCTGTGGCCATGGAGCATCTTTGGCTCCATGGAAGGTGGCCTGAGAGCCACCAAAAGTCCCATCCCCTTCAGGGGATTGGGAGGAGGTCAAAACGTGAGAGTAGAAACGATTGAATAAAGAAGGGGCTTTCGCCCCTTCATTTTTGTTCTTGATCTGCCTGTTCCTCCACGAAAGTCGGCTTTCTCTTCACCTTTCTTATCACGTAGAACTCCAATTCGTCTCCTTCCTGTATATCGTCGAATCCCGCGAACTTTATTCCACACTCCTGCGGTGCTTCAACTACGTTGACGTCCTCTTTGTAGTGTTTCAAACTCTCTATTTTTCCTTCGAAAACGAGCTGTCCGTTTCTGTAGATTCTCACAAAACCGTTCCTGTCGGCTTTACCATCGAGCATTTGAACTCCCGCCACTTTTCCTACTTTGGATATCTTGAAGACCTTTCTTATCTCGCCATGACCGATGACTTCTTCAACTTCCTCTGGCTCCAGCATACCTTCGAGTGCGAGCTTCAGATCTTCGACGAGTTTGTATATGATGGAGTAAGTTCTGACATCGACGCCTTCCTGCTCCGCGAGTCTTCTCGCCTGGTTGTTCACCTTCACCCTGAAACCGAGGATGACTCCATCCACCGCAGCGGCGAGCATCACGTCGCTTGTACTGATCTCACCCACTCCAGCGTGAACTATGTTCAACTCGATTTCTTTGGACTGGAGCTTGTTTATCGCATTCTTCAAAGCAGCCACAGAGCCGTACGTGTCCGCCTTCAGAATGAGATTGAGCACCTTCTTTTCCTTCTCCTGCATCATCTTCATGAGCTCCTCGAGGTTTATGTGCTTCCTCGATTGTTTTTGGGCTTCGAGCCTTTGCAGTCTCTTTTCCACGATCTCTTTGGCTTTTTCTGCGCTTTCAACCACGTAGACGTTGGAGTGCACGTCGGGAACATCTTCGAAGCCGAGGATCATAACGGGCTGAGATGGATAGGCTTCTCTGATGGGTCTCATGTTGTCGTCGAAGAGATTCCTAACTCTTCCGTACGTATTCGAAGCAACTACCGCGTCTCCAACCTTCAGAACACCATCTTTCACGATCGCACTCGCAACGGGTCCCATCTTCTTGTCCAGTTTGGACTCTATGATCACGGCCCTCGCGGGTCCTTCGGGGTAACACTTTATCTCGTTCATCTCCGCGACGAGAAGGATCATCTCCAGCAGTTCATCGACTCCCTGACCGGTTCTTGCTGATATGGGAACTACTATCGTGTCTCCACCCCACTCTTCGGGGATGAGTCCCAGCTTTTCTACGAGCTCCTGCTTCGTCTTTTCCACGTTAGCGTTTGGCTTGTCGATCTTGTTTATCGCCACGATGATCGGCACGTTGGCGGCCTTGGCATGGTTGTAGGCCTCTATCGTCTGTGGCATCACGCCATCGTCCGCCGCCACGACGAGAACCACTATGTCCGTCGCCTGAGCTCCTCTTGCACGCATCTCGGTGAAGAGCTCGTGGCCGGGTGTGTCTATGAAGGTGA
NZ_CP003409.1_gap11	211310	213358	2048	TCGACAAAAACAGGTACTCGAGCGCGTTTCTGGGGGGATTCTTTTCTTTCTCCACATCGAAAAGGATAGTCAGCTCTCCTTCGGGAACTCCCGTGATCCAGGTGATGGGAACGTACCTGTCTTCGTATGGGCGGTAGAGTATCGGAAAGGAAAGAGAAATCTTGAGCGCTTTTCTCAAATCGTCCCCCTCTTTGAAAACCACTTCCTTTCCTTCAAAAAGATCGAAAACCCAGATTTCAAGACCTCCTGGGATTTTCTGTGCGGGGAACAGCGAATCTATGTACCTGTACAGGCGCTCGTGATTTCGAACACCGTTCAGCGTGTCACCGATTCTCATCAGTATTCGAAGAGCATCCACCATTGAAAGCTGATCTATGCCTTTCGTGAAGAAAGGATCGAGAAGCTTTTCAATGTTCTTCCATTCCTTCACCAGAATCGAGTACGTCCTGTTAGTAGATCTTGTAAGGAAAAAAAGAGCGCAGGGAATGGAGGAAATTCCACAGCACCTCACCGTGAAATCGACTTTCGAATCTTTTAAAAATTTCAGCACCCCTATGACTCCCAGATAAGCACCGCTATCTCCACCGAACGAAATTACCAGGGTAAAATCACTCCCCTTAGATTTTTAAGTACCTTTCTATAGATTTCTTCGTACTTATCAAAGGCGTTCCAGGGCTCGTTCACATCGTGCATCACCACAAAATCCGCCTTTGAAAGTTCTTCTCTTTCCAGGAGAATCTCCTTCCACCTGTCCATCACAAAGAACATCTCGAAATGATTCTTAAATCCGTCTTTTCTCTCTCTGTTGAAAGCGGAAGCTACGACGAAGTCTGCTCCGAGTTCCCGCGCCTGAGAAACCGGTGTGGGTGCAAGAACCCCACCATCCAGACAGGGAGTCCCTCCTATCCAGATCGGCTCGAAATATCCCGGCACAGAACTGCTCGCTACGACGGCATCTATCAGAAATCCTTCTGTCACAAGGAGAGAATCCATGTTTTCTGTATCGAAGACCACAACACCGAGCGTCTTCTTGCAGTCAGAAAATTTCTTTCTACCAAAAGCCTCTTTGAGAACAGAAAACAGCAGGTCCGCCTTGAAAAGAGAGCGCTGAAACAATCCTCTCCAGGTGTTCTCCGATTCCGTCTTCTTCAGGTCTTCGAAGTGTTTCTTCATAAGGGAAAAGGTGATGTCTTTCACCAAAGCGGGCTCTCCGTAGAGCGCGTACAGACCACCTACAACGGCTCCTATCGATGATCCGGTGATCACATCGAACACGTCTCCAGATTTCTCCAGGAAAGCAACGTGAGCCGCCCCTTTGACTCCTCCCGCCGCGAACGCTATTCCCTTTGTCACGCTCATCGCCCCACAAGAAGAATGATTCCCAAAAGAAGAGCAAGAGCACCAGCGCCGATCACCATCAGCGTACTGGTATCCATCTGGAGCGAAGATTTCTCTTTTTCTTCCACCCTCTGGGAAAGTGCTGTCAAGTCCGAAGAGAGCCTTTCGATCTTCTTTGAAAGGTCGCTCACCTGCTTTTTCAGATCCTGGATTTCACTCTCCATTGTCGTTCTGTTTTGCTGATCTTCAGCGACGGATTCTTCCAGTCCGGAGAAACGTTTATTCAGGTTTTCCAGATCGCTTTTCAGGTTTTCCACGCTGGACTCCAGCATCTGAAATTTTGCTGTTGTCTGAAGGATACTCTTTTCCAGATCAGAGACCTTTTCCTCCTGAGCGGAGACTCTGCTGGAAACGACAGAAACCTTCTGGTTCATTTCGTTTTTCAGATTCACCACATCCGAGGAGAGTGAGTCCAATTCTTTGCGAAGCTGGTTCAACTCTTCTGAAAGACTTCCTGTTCTTCCCTTCAGCATGAGGATATCCTCGCCCGCGTCCTGTTTCCATGCGAGAAGGTTGCGCGTGTCTGAGCTGAGCTGAGTGATTGCTCCTTCAAGAGAGGTCATCTCTTTTGACACGTTTTCCAGATTCTTTTCCAGAAGAGTCAGTCTCGAGGTATTCTGTTGTGAACTCTCTTCAAGCTTCTTGAGGTT
NZ_CP003409.1_gap12	272916	275419	2503	CGCTCGCACCGGAGGCTTCTCCGTAGAATCTCCAGGGACCCGTTCTGTATTCACCGCCGAGAAGGAGTGCTATCTTGTCCGGGTTCAGATATCCTCCTGTTCCAAGGAGCCTGTTCAGGCTCATGTCGTCTATCAGTGCCTCGAAATATACCCTTCCCGCACCGAAATTGAACTCAACCCATCCTCCCATGAGGGCGTTCGCGTTCTCTGAAGGATCCCTCCAGGGAGCCCCCTCCTGGTACTGCCAGATCTCCTGTACGGCGATCGTTGGGATAGGAACGAAGAAGTAGTAAGGATTGAACACCTCGTTCAGATAAACCACGGCGTCCTCGTAGGCGATCTTCAAGAATCCAAGGTCGAACACCACCGTTCTGTAGTTGAAGCTCTTTTCGTCGTTTATACGAAGCCAGAGTGATTCAACGTGCCAGTTGTTTCGGGAGTAATTCAGAGAAAACCCGGGAAAGCCGTAAAAGCGGGAGTTGTTGTCCAGAAAGAGTTTGTCGATCCCGGGACCCCTCTCCTCGTTCAGGATCCCCGCCTTCAGCTTAAAGGGGCCTACCTTCCCAGAAAGGTTCGCCTCCGGGATGTAGTAGAACTCCACTAGCTTTTTGAGTTCATCGATGATACCGGTGTGAACTATCCCGAAGCCCTTGCCCACACCGGCTCTGCAGTTGAACTGCCAGTCCTCGTCGAGCCACACACTCTCGGACAGCTCTCCCGTCCATTTGAAGCCGTTCTCATAAGAAAGATCGAAGGAGACATTCATACCGGCGAAGATGAGAACCGGCAGAGCTATCAAAATTGAAACCAATCTCCTCACGTTACCACCCCATGAAGTCTCTGACGTTGCTGATTGTGTTTATCACGGTGTTCACTATGGAGAGCGCCTCTGTCACCTGTATGAGCGGGTTGTCGGGAACGAAGACCACATCACCCGGTGCGACGTTCGGATTCACACCTCCACCCTTTCCAGAAAGAACTCCTGAGAGATCGCAAACGGTGACCTCTCCCTGAGGTCCTCCCTTGAATAAGAATATCCTGCTTGTGGCGGCTCTGTCTGTGAACCCACCGGCCCTCATCACCACATCGAACACCGTCGAGTACCTGTCCACCTTCACGATACCCGGTGTCCTCACGTTACCGAGCACGTACACGTAGTTCGTTTCAACGGGTGGTACGTACACCACGTCTCCTGGCTCTATCTTCACCTTCTGCACCTCGTCTATGTTCGTGAAGTCGTAAGTCGTTTCATTCTCTCCCCTTCTCAGGATCACCTTCGTCTTCAGGGCCCAGTTGCTCAGCCCACCGGCCTGTGCTATGAGCTTCAGAAGTGTCACGTCTCCTTTGAGCTCGTACGCACCGGGTCTTACCACCTCTCCCACGACGTAGGCGAAGTTCTCCGTCTCAAGAGGCACGAAGACCACGCTTCCGCTCTCAAGAACAGGCCCACCTGTGTTGATCACGTCTTCATAATACACTTCTTTCTTCTCACCCGATGGACTCACAACGACGATCCTGCTCGATCCCGTGCTCTTTACACCGCCCACCTTGCCCAGGACGTTCCTGAGCGTTGGTGTTTCCTCGTCTTTGAAGGTCACGAGCGTGTTCGTGATGCCTTCTCCGAAGACGTAAACGTGAGGTCTTTCGGTGTATTTCACGTACACGAGGTCACCGTCCTTCAGCTCGAACAAGCTGAGCTGGCTTTCAGGAACGGTGATCTCACCGCCGTTTCTCAGAACGACCACGTTGCCCGCTTCGAAGAGAGCGTCTTCTTTGTACCCTCCCGCCTTCACAATGGCTCTGTCTAAGAGAGCCGACTCATCGGGCTCGAAGACAACCATCTGAGGCACCTTCACAAAGCCGTCCACGTAGACTCTGACGGCTTCTTTCACATCCACTTCGACAACCGCACCGTCTTCGAGCGAAAGATCGGTAACTTCCGCCAGTTCCTGCACCTTTCCGCTCGAGCGCACCTTCAATCCCGCTATGTACTTCTTCTGTATTTTTCCGAACCTCGCGAGGGCTTTCTCAAGTGTGATGTCTTCGTCTTTCGCAAAATCGACGTATCCGTACACGTCCCCGGTGAAATAGACCCTCTTCGTCTGTATCGTCTTCACGAGGATCGTGTCGCCTGTTTTGAGAGAAACATCCTCCGTCAATACCTTCTCTGGATCGAAGCTCTTTTCTTCACCGTCTCTCAAAAGTGAAAGACTCTTCACAAGAGAGAAATCCTCGATCCCGTACTTCTTCAGGGCCGTCGAGAGTGTGAAGGGTTCGTCCTTAGCAAAACTCATCCTTCCGTTCCTTGTAGCATTGTCTCCCACCATGTAAACGAACCTGTCCGTGTATTTCTCCACGTAGACGAACACTCCGTCTTCGAGGGGAATCTCTTTTTCCACTATCTCCTCTGGGAAGTATTCCTTTCCAGACAGTTTCACGGAGACAACCTGACTTTCATCGATGAACCCACCGGCCTTCGCTATGAGGTTTCTCAGCGTGAACG
NZ_CP003409.1_gap13	330988	335762	4774	GCGTTCTCTTCGCTATGATCTCCAGATTCACGTCTTCCGCGAGCGGTTTGTTTCTCGTGTGAATCTCGAGTATCTTCTTTCTTCCGAGCATGTCAGGTGGATCGACCACGATTTTCTTGTCGAACCTTCCGGGCCTCAAAAGTGCAGGGTCCAGGATATCGGGCCTGTTTGTGGCCGCCATGACTATGATGCCCTCTTTCGAATCGAATCCATCCATCTCCACGAGAAGCTGGTTCAGGGTCTGCTCTCTTTCATCGTGTCCTCCTCCAAGTCCCGCTCCCCTGTGTCTTCCAACGGCATCGATCTCATCGATGAAGACGATACATGGAGCGTGAGCCTTCGCCTGTGCAAACAGATCTCTCACCCTCGCGGCACCGACTCCGACAAAGAGCTCCACGAAGTCAGAACCGCTGATGTGGAAGAACGGCACGTTCGCTTCGCCCGCAACTGCCCTCGCAAGGAGCGTTTTACCGGTACCCGGAGGCCCTACAAGGAGGATCCCCTTGGGCATCCTTGCGCCGATCCTGTTGAATTTAGAGGGATCTTTCAGAAATTCAACTACCTCTCTGAGTTCTTCTATAGCCTCATCAGCGCCTCCAACGTCCTTGAAGGTGACCCTCTTGTTCCCAGAGGGTTTGTACATTGTTGCCCTGCTCTTTGTGAACGTGAACGCCTGATTGTTCCTTCCAGAGAGGCTCCTCATGATGAAGAGCCACACGACAATGAAGAGTATCGTCGGTATGAGAGTGCCGAGGACGTTTATCCAGAAGGAGCTGCTTCCGCTTCTCTCTCCCGAGACTTTTATTCCCTTTGAAACCAGTTTTTCTATGAGCTGCGAATCGTTCACGGCCCACGGAGCGTCCACTTCGTAAACTCTACCGTCTTTGGTGTAAACTCTCAGTACTCCGTCGTCCCTGATCACAACTTCTGAGACCACGCTTCTTTCGTCCTCGACCATCTGAACAAAACTCGTGTAGCTCAGCTTGGACACAGGTGAGTTTTCGACGTAGAAAAATCTGGCGAGCCAGAAAAGTGTGACTATTATGAGTATCGTGAACAGTAGATTCCAGATGTTAGACCTGTTCAAAATATGTACCTCCTTTCACATAACCGACAGGGTATTCCAGAAGTTCCACAACCACATCTTCTGGCAAAAAGTCTGATCGGGCGATCCCCGGAACCCAGAGAACCCGATCTTCTTCATCGACGAGGAGAGGAACCCTGTCTCTGTAAAAAGTTGGGACTTTTTTCTCGATGAAAACATCCTTCAGCTTTCTCTCCCTGCCGTTGACTATTATTCTATCACCTTCTTTTCTGTTTCTGACCCAAAATTTCATATCGTTTCTGTTATTCACCACTCTTATTTTAAACCCTTCCATCTCCAACATGTCACCTTTCACTTCAACACGGTATTTTTTCTTGAAAACTGTCTTCCCCACAGCTACATAACCGAAAGATCGTTCCACGAAAATTCCGCTCCAGAGCTCTACTCTCTTCGACTTCAAGGTTCCGATCAGTTTTTCATACTCTGGTACCCTTCCGTACATCTCTTTCAACACCCATCTTGTGACTTCGAGGAAAAGAAAAAGATCTTCCGGCTCAACGAACACGGCGTAGTCTTTGTAGAAATAGACATTCCTCTCAACAAAGTCCTGCACAGTTCTTTCAACGAAATTTCTCAGCAAATGGGTGACAGAAACCAGTCTATAGACGGCATCCTCCACAGTTGGGTTCAATTCTTTCATGAGAGGGACTATTCTGTGTCTGATGAAATTTCTCGTGTATTTGACGTTGTAGTTGGTCTCGTCAACAACGTAAGGAACATTGTTCTTTCTGGCGTACTTTTCTATTTCACTCCTTTTGAAGACAAGAAAAGGTCTGATGAACTCTTCTCTTTTAGGAGAGATGCAGGCAAGACCAAGGGGGCCTGTTCCTCTTATCAGCCTGTGAACGACCGTTTCCAGAAGGTCGTTTTTGTGATGTGCGAGGGCGATTTTCGAGGCTCCGACTTTCTTTGCCGTTCTTTTCAGAAAATCGTATCTCACCTCTCTTGCGATCTCTTCCAATGTCTTTCCCGAATCTTTCCAGAGAGAAGGAACATCCACCTCTGACGTTTCTACAGGTATGTTCCACTGGCGACAGATCCTTTCCACGAACTCCCTGTCTCTTCTGGAAGACTCTCTTATCCTGTGATCGAGGTGAGCCGCTGTGATCTTGATCTTCAAAAGGGGGGAGAATTTTCTCAGAACGTACAGGAGGGTCATCGAATCTATTCCGCCGGAGACTGCAACAAGCACATGTTCTCCTTCTTCAAGCAACCTTTCTTCCTTCAAAAAGCTCAGAAATCTTTCTTCAAATTCGTCGGAAATGCTTCACACCCCTCCATTAAAAAGAAATGGAGCCAGCGGTGGGACTCGAACCCACAACCTGCGCATTACGAATGCGCCGCTCTGCCGGTTGAGCTACGCTGGCCTCCCTCTGGTTTCTATTTTACCAGCCGCACAGGAATTTTCAAGACCTCCTGGGTTGTATAATATCCAAAAAGACCGGGAGGGAAGATCATGACAATCGGTATCGTCGGTGTTGGTAACATGGGTTCGATCTTCGCAGAGAAATTTTCGAAGGAGGCCGAAAGGATTCTCCTTGTTGAAAAGGACAGTGAAAAACTCTCTCGATTCAATGCTCCTCCATACGAAATTGCCGATCTGGAAAAAGTTCGTGAGGCAGATCTGATAGTCCTCGCAGTCAAACCTCAGGACGCTCCCATCGTGCTTAGCGCATTGAAAGGTTTCGACGGAATCCTGCTCTCGATAGTTGCCGGCTTGAAAATCGAAGAGATAAGAAAGTACGGTATTCACAAGGTGGCAAGGATTATGCCGAACGTTGCTGTGAGAGTGGGAGAAGGGGTGCTCGCCACCGCCTTCAGCGCTGATATGAGCCTTGAAGAAAGAGAACTCGTCAAATCACTCCTTGAGAAACTCGGTTTCGTCGTTGAAATAGAGGAAAAGCTCTTCTCAGCCGTCACTGCCCTCACCGGAAGTGGCCCCGCTTTCATCTTCGTCGTGGTGGAGGCGTTCCTCGACGCCGCGCTGAAGATGGGCATTCCGCTCGACACAGCGAAAGAACTCGTTTACAGACTTTTCAAAGGCTCAGCGGAGCTTTTAATAGAGACGGGCGAACACCCGGCTCTGTGGAAACACAGGGTGAGTTCTCCAGCCGGAACGACCGTAGAAGGGCTCATCACAATGGAAAGGTTTGCTGTGAGAAGCGGTGTTATAGAATCTCTGATCTCTTCTTACAGAAGGGCACTCGAACTGGAGGAAAAGTGAATGTTTCCACGAAAGGAACTCCTGAAAGACGGTTCTCTGCTCCTGATAAGAGAAGCCAGCATCTGGGACGCGAAAAGAATCGTGGAGTACATGAAAGAAGTAACATCGGAAACGGATTTTCTGATCACCCGTCCAGACGAGGTTTACGACGTTTCCACGGAAAGGAACTACATAAGAATGTACAGAAACAACCCTGGAAAGCTCATGATAGTGGGCGAGATCAACAGAGAAATCGTTTCTCTGCTGACCTTCACGGGGTTCGGAAGAAAGAGGACGAGGCACGTGGGAGAAATAGGTATAAGCGTGAAGAAGCGGTACTGGGGCATTGGAATCGGAACCAAGATGATCACAAGCGCCATAGAATGGGCACGCAGGAACGATTTTATAAGGATCCAGCTCGAAGTTCTGAAGTCGAACGAAAGGGCCATAAGTCTCTACAGGAAACTTGGCTTCGAACTCGAGGGAGTAAAGAGAAAGGCCGTCAGAAGGGACGACGGCTCCTTCGAGGATGTGTTCGTTATGGCGCTTCTTCTGGATTAGAAAAGTGTGAACTGTTCCGTCTCTGGAAGGCTTCCGAGAACACCCAGGCTTCTCATCAACTCTATGTGATTTTTGTTGACCTTGGTCCTCTTCATGAGATCTTCCACCGAAGTGAACGGCTTTTCTTCCCTGGCTTTGATTATCGATTCGGCCACGCTGTCACCCAGTCCCGGAAGCTTGTTGAACGGAATTCTCAGCGAGTTTCCTTCTATGAGAAATTTCTTCGCGTCGGATTTGAAGATGTCGGGCGGTAGGAAGGAAAAACCTCTCAGTATCATTTCCAGAACGACTTCCAGAACGCTCTCTTCGTTTTTCTTCTGAACATCTTTACCGGTCATCGCTTTGAGTTCTCTCAAGCGCCTCTTTATGGCTTCCTTTCCTTTAAGGACGAGAACCGGATCAAACTGATCACCTTTTATCGTGAAGTACGCCGCGTAAAACTGAAGAGGATAGTGAACCTTGAAGTAAGCGATTCTGAAGGCCATACTCACATAAGCCACAGCGTGAGCCTTCGGAAAGAGATATTTGATCCTCTTGCATGATTCGATGAACCACTCTGGAACCTTCAACTTTCTCATTTCACTCTCCATTTCTTCTGTTATACCCTTCCCTTTCCTGACGTTTTCCATGATCTTGAAAGCAAGAGAAGGTTCCATTCCCTTGTGTATGAGGAAGTTCATGATGTCGTCCCTACACGAAATAACATCGGAGAGCTTGGCGTAGCCGAGGTTTATCCAGTCGCGCGCGTTGTTCAACCAGACGTCCGTACCGTGTGACAGTCCTGAGATCCTCACAAGCTCGGCGAAACTCTTCGGTCTCGTCTCAACAAGCATTCCCCTCACAAACTCGGTTCCAAACTCCGGGATTCCGTAAGTTCCCACGTCGCTCTCCAGCTCAACGGGATC
NZ_CP003409.1_gap14	342553	346393	3840	GCGCCGGCCACTCCAAAGGTGCCCACCTTTCTTCCTTTGTACTCGGATCCAAGAGCCTCACAGGAGTCTTCCACCACCGCGATGCCGTACCTCTGACAGACGTCGAGAATCCCGTCCCAGTCGAGGGGATGCCCAAAAACATCAACGGCCATGAAGAGACGGGGTTTTCCTTTTATCTCAACGTTTCCCTGTTTGAATCCTTTGAGGCACCTTTTCACCGCCTCCTCCAGTGTTTCTGGAGAAACGTTCAGAGTTCTCTCATCCACATCCACAAAAACAGGGACTGCCCTTTTCATGAGGATTACGTTAACAGAAGCGATGAAGGTGAAGGAAGGCACAAGGATCAGATCTCCCTCGTCGATATCGAGACTCTCCAGGATGAGATGGAGCGCAGCTGTTCCACTGCTCACCGCCCAGCCGAATCTGGCACCCGTGTATTCGGCCACCATCTCTCCAAAACGCTTCGTGTATTCACCGAGACTGAGCCTTCCGCTTTTTAAAACTTCCACTACCCTTTCGATGTCCTGCTCGTTTATATCGGGCCTTGATAACGGAATCATCGATATCACCTCGTCTCAATGATATCAAAAAATCCCCCTCCACCGGAGGGGGAAAGATCACCAAAGGGGGCTGTATTAACATTGAGGGGAGGTTCTCTATCTCTGATAGATGAAGCTCACGAAGACTTTCGCTCCATTCCTGTAAATGTAAAGGGCGATGTAGTCACCATTTTTAACAATGGATGTAACTTTCTTGAGATCCTCTACAGAGTTTATGTCATACCTTTTACCGTTCACGTACACTGTGGTGATTACGTCTCCCTTCTGTAGACCGAACTTCCCGGTGCTCTCCTTCACTATGACCCCGTTTATCTCTTCCGGGATCGAATAAGTCTCCCTGTCGGCCGGCGTGATGTTCGACACTGTGATACCAAGGGCATCGATTTTTTCCTCACCAGTCGTTGTTTTCTCTTCTTCAGATGAGGAACCGAACGTCACCTGAACTTTCATGATCTTTCCCTTTCTCTCTATAGTGAGAACGGCAGTGTCTCCCGGTTTGTAAGTGTGTATGATGGAAACCAACTCTTCGTGACTTCTCACATCCTGATCGTCAACCTTGAGGATCACGTCCCCTTCTTTGAGCCCGGCTTTTTCAGCGGGAGATCCTTTCTGAACACTCGTTATCAGAGCACCACTCGTAGATTCAAGCCCCAGAGCTTTCGCCGTTTCTTCGGTGAGGTTCATGACCGTCACACCGAGGTAAGCCTTCTCAACCTTCTTTTGGGTGAGTATGGTGTCGAGGAACTTCTTCACCGTGTTGATCGGGATGGCAAAACCGAGGTTCACAGCTTCCTGAGGGTTGACGATGGCCGTATTTATGCCTATCACTTCACCGTGTATGTTCAGAAGGGGTCCTCCGCTGTTTCCCGGGTTGATCGCCGCGTCGGTCTGGATGAGTCCCACGTAGTAACCACTTCCATCTGGCTTTGGAATCCTCCTGTTGGTAGCGCTGACCACTCCCACAGTCACCGTGTGCTGGAAGCCGAGGGGGTTCCCTATGGCTATCGCCCATTCGCCGATCTTTACCTTGTCAGAATCACCGAATTCCAGATAGGGGAATTTCTTATCGCTGGCTTTGATCTTTATGACCGCGATGTCGAGCTCTTCATCTCCTCCTATGTACTCCGCGTCGTATTTGCTTCCGTCGAGCATGGTCACAGTGATGTTGTCCGCTCCACCGACCACGTGGTAGTTTGTGAGTATGTAACCTTCTGGGTCGAAGATGAAGCCCGATCCGAGGCTGGCAACCTGCCTTTCGAAACCGGGTGGAAGTTCACCGAACCACTTTTTGAAGAACTGCTCAAAATAAGGATCGAAGAAGGAAGTCTTCACCGTCTTCACAACATCTATCTTCACAACGGCCGGTGCACACGCTTCGACCACGTTAACGATGGGGCTTTCGTAGTCGGGATTGACGTATGGAAAGACGCTGGTGAGCATCAGTACCACAGCGATGGTCAGAAAGAATTTCTTCATCTTTTACCCCTCCCTTCGAAAGGTTTCCGGTTTCTTAGACAAACACCCCGAAGGACTGGTTCAAAAACGTGTGGTATGCTTAATATTAGTCGGGAAACCAGGAGGTAGAAAGGATGGGACTCTTCGATTTTTTGAAAAAGGGACTCCAGAAGACGAAAGAAACGTTTTTTGGACGAGTGGTGAAGCTCCTCAAAGGAAAAAAGCTGGACGATGAAACCCGCGAGGAGCTGGAAGAACTTCTCATTCAAGCGGACGTGGGAGTCGAGACAACGGAATACATTCTGGAGAGATTGAAAGAGAAGGACGGAGACGCTCTCGAGTCTCTCAAGGAAATCATTCTGGAAATTCTGAACTTCGATACGAAGCTGAACGTTCCTCCTGAACCTCCGTTTGTGATCACGGTTGTTGGTGTCAACGGAACGGGAAAGACCACCTCTTGCGGAAAGCTCGCAAAGATGTTCGTGGATGAAGGAAAGAGTGTGGTGCTCGCTGCGGCGGATACTTTCAGAGCGGCCGCCATAGAACAGCTGAAGATATGGGGAGAACGTGTCGGTGCCACGGTGATATCCCACTCGGAAGGAGCAGATCCGGCCGCCGTTGCCTTTGACGCGGTGGCTCACGCTCTCGCCAGAAACAAAGATGTGGTCATAATAGACACCGCCGGAAGACTTCACACGAAGAAGAATCTCATGGAGGAATTGCGGAAGGTTCACAGAGTTGTCAAAAAGAAGATCCCCGACGCTCCGCACGAAACGCTCCTCGTGATAGACGCCACCACCGGCCAAAACGGACTTGTTCAGGCAAAAATATTCAAAGAAGCAGTGAATGTCACCGGTATAATTCTCACAAAGCTCGACGGAACCGCGAAAGGCGGAATAACTCTGGCCATTGCCCGGGAACTGGGAATTCCCATAAAGTTCATCGGTGTCGGAGAAAAGGCAGAAGACCTGAGGCCTTTCGATCCTGAGGCCTTTGTGGAGGTATTGCTTTCAGAATGAGCAAGTTCTGGGAAAAAGAATTCACCTGCCCTTTCTGTGGAACGAAGTTCAAAAAGAAGATGGTCTTTTTCGACTCCATAAAGATCAAAGCCAGAGATATCGACTTGAAACCTGTTTTTGAAGATGTGAACCCGATGTTTTACGAAGTGGTGACCTGTCCGAACTGTTACTTTTCTGCGTTCGACAAAGATTTCGAGACCATCACCATAAAAGGAGAAGAGACGGAAAGAAAGCTGAAAAAACTGCTCGAAGAGGCCAAGAAAAAGGTCGAATTGAAAAACGTGGAGAACCACGTGGAAGCGATCAAGCGCTACGCTTTGAGTGGAATGGTGTACTCTGTTTTGAACCAGAGAAAAAAAGTAGCGATCTCTTATCTGAAGATCGCCTGGCTGTTCAGAGAGCTGGGAAAGTCAGAAGAAGAAAAGCGCTATCTCGAAAGAGCTTTGAAGGAATTCGAAAGCCACTACAAGTACGACTATTACCAAGAATCGGACGAACCCATGATACTCTTCTATCTGGGTGTTTTGAATCAAATCCTGGGCAACAGGAAAGAAGCCGCGAGGTGGTACGAACTCCTCCTGAGAAAGTACGACGGCAAATCCCTTTACGCGAAGGTGGGGAGGGAAAGATGGCAGGAATTAAGAAGATCTTAATGTTTTCTCTGATACTGATATTTCTCGCAGCATGCGTATCTCCCGAACTGGAGGAAAAATTGAACAATTTAGAAAACCAGATAAGACAGCTGAACACTCAGATAGACTCCATCGAAAAGAAGATGCTGGACTTGGAAAACAAGATGAAGGCAC
NZ_CP003409.1_gap15	347535	351534	3999	AAGGACCCCATGCTCCTTTTCTTCTCCAATATGGGTGAGTTCGAAATCAGTTTCTACACGGAGTGGGAAGATGGAAAATTACCGGAACACCCCGCCTTCAGACTCACAAAATCCGGCAAAAATCCCTGAAGATTGGAAGACAGCGGCCGCGGACACCACCATCTTCCCCCTGGGTTCTGTTCTCTACATACCAGAGCTCAGAGACACCCCCAGTGGTGGAGTCTTCGTTGTGGAAGACATCGGCGGAGTTATCATGGGAAGAAAAATCGATATATACCTGGATAGCATAAGAGAGGCGCTCCAAAACAGAAAGATCGTGTCCAGAGTCTTCGTGTGGAGGGATTGAGATGTTCACGATGCGTAGTGAATACGCGCTCAGGCTCATGATCGTGATGGCAAAAGAGTACGGAAACTACCTTTCGATGACAGAAATACTGGAGAAAGCGAAACAGTCAGTTCCAAGGGAATTCGCAGAAAAAATCCTGTACACCCTGAAAAAAGCCGGGCTGGTGAAAACAAGAAGAGGGAAAAGCGGTGGATACATGCTGTCGCGTCCGCCAAAAGAAATAAAGGTTTCTGAGATCGTGTTTCTTCTGGACAGGAAGTCGAAGGTTTTCTTCGACATGCCTGGCTGTCCGGACGAGCTGGACTGCGTTATCAGGGCCCTGTGGAAAAGGGTAGAGAACGAAATAGAGAAGATTTTAAGCGGTGTGACTCTCGAAGATTTGGTGAGAGAACAAGAAGAGAAAATGAAACAATGAAGCCCGCTTCCAGCGGGCTCATTTTACTTTCAGGCTGAGTTTTTCTTCAAAAAAGACCTTCTTTCCATCCACCTTGAACTCTTTTATCCCCGTTCTCTGAGCGTATTCCCTCAAAACTTCCTCGATCTCTTTCTTCTCTGCCCTGAGTTCTTTCATGAGATCTTTGATCTCCACATACCTCTTCACCAGCTGTTCAATGGTGGGATTCTCCATGCGCTACACCTCCTCACAGATCGACAGTTTCTCTGTTGAACACAGGTACTCTCCATCGTATTTTACCCTGAACACGTCGATATTAACACCGCTGTTTAGAGCGCGCCAGAAAATCTCTGAAAAAGCCGGGTCAACGCTTCTGTTCGGAAGAAAACAGTCGCTTTCGAGGAAAACCAGGATCAACAAAAGAGCCTTAAAACCGCTTTTCACAGACCTGATCAGCTCCTCGATGTGTCTTCTTCCGCGTCCTGTGGGTGCGTCTGGAAACATCGCGACACCATCTTCTTCGTACGTACATCCCTTCACTTCCACAAAGGTCCTCCTGTCGATCAGGAAATCGAACCTGCTGTTTTCAAAGCGTTTCTCGCTTTCTATCGTGGAGCCCGGGAACAGTTCTTCCAGAATCTTCCCGGCCACGATACTGTGGAAACCCGAATGGACAAAGACGAATTCATTTCTGTGTTCGACTGCCAGAAGGTCCCAGCCGGTCTTCCTTCGATCGGATTCTGCACGCTTCAGGAGAACTCTTTTTCCTTTTTTCAAAAGCGGAAGGCGCCCTGTATTGTGGATGTGTATCAGGGTCTTTTTCCCTTCGACAAGAGCAACTCCCGTAAATCTGCTCTTTCTTTCCAGAAAGATCCCTTCCGTATCAGCTGGAAGTATCAGTCTCATCTTTGAAGCACCTTTTCGATCTTCCCAAAAAACAGTGTGTGGAATCCATGATCTTTGTAGAATTTATCGATGATTTCCACGGGAAGAACGAATGGTTCCACGTTGCTAGCAAAGGTCACAGAACATTCGATCAGCGTGTGGGCTTCTTTAATGGGAGCGGTGAATCCTTCCAATTCATCTAAGTGAAGAAGTCCCTTTTCAAACTTGTTCTCCTGGTATCCACTCACACGTCCAAAGTAATTAAGCGCTTCTCTGTATTCTTCGCTTAGAAAGTTCAGGGTGAATCTTTTGCTCTCCTTCACAAGACGCCAGGTGAATCTCTGAGGTCTCATAGCAGAGATGAAATACTCTTCCTCCCATATGATCCCGAAGAAACCCCATCCAATCGTCATGCCGTTAACCTTGTTTCCCGCCTTGCTCGTCAGTATTACTCTCCCTTCTCTTAGATCTTCCAACAAGCTCTCGTACACGTTCATTCCCCCTTTTCAAAAGTAGATACACATCGAGAATTCTGTACACAGGGCGCCTCAGAGTGACAGAAAGGGTACTCAACATGAAGGCCCTGAACGGGATGTACTTTTTCACCTTGACTCTTCTCAAAAAGAACACAGCGGAGAATCTGAAGATTCCTGCCATCAGAAAGAGCAGCTGAAGTCCAAAAATTTCGAAACCGTGGAGATTTACGTAAATACCAGAGAGAAATTTCGCCGTGATTCCTCCTGCGAATGAGCCTATAAGACTTCCAGCGCTGGCAAAAGACGCGTTCAGACCGAAGAAAACGGGATCGGACTCGAAAGCAACCTCCATAGGAAGGATGGCAAGCGACAGGTTTATGGCAGACCACGCGATGGAAGAAAGGAAGGCGTCCGCTATCATGAGAGTTCTGTAAGTATTGGTGTTCATGAAGAACCACATACCGGAGACGAAAGAAGCAAGGGTGATACCGAACTCGGCTATCGTTTTGTGTCCTACCCTGTCAGATACTTTTCCAAGAATCCTGTAAACCAGCATCGCCACAAAGTTGTTCACAATCATCATGTAAGCGATGTACGTGTAATCCACACCCAGGTTCTTCAAAAGATGATAGTGATAGAAAGCAGAAGAGAACGTGACTGCCATGTTCCAGTAAAAGGTGAAGAAGACAAATTTCATGAAGTTTTCGTCCTTGAATACCACTTTGAGAGGAATTCCCGTTCCTGTTTCCTTAACTGGAACGTCCGGTATTTTGTTCATGGCAAAGATAGAAAGGACGGTTCCCACTGTGGAGATGAGAAGCACAAGAACAAAACCCGAAGAAAAATGATCAACTATAGAAGAATAGAGGTATATAATGAGAGCATTTCCTATGGATAGAAACATGTTTCTGTTTCCAAACACCCTTCCTCTTTCCTCTGGAGGAACGAGATCTCTCATCCATGAGTTCCACGTACTGCTGGAGAGGGCCGCGAAGATCTGGGAAATCACGAGCGCAACGATGAAAATCAACGGTTCTGTTTTCTCAAGCAGCAGAAAAACGACGAGAGAAGCGAAACTGAATCTGCTGAAAGCGTTGAACACGTTGACCAGAAAACGCCTCTTTCTGTATTTCTGAACAAAGAAAGAGGCAAACAGCTGAAAAAATTGCATCATAGGAGGGATTGCGGCAGCGACACTCAGGAGAAACTCGTCCAGATTGAAAAGCATCGCAAGACCTGTGAACACAGGTCCCTGTATTAGAAGCGCGTAGAACAGAGAGAAGACACCTTCGAGTGTGAGAAAGAGATAGGCCTTCTTCATGAACGAGGTCTCCAGAAGAATCGTCCAGTCTTTTTCCTGTACACAATCTTTGCCATCGTGTAGCATCCAAGAAGATCGAAAATGAGATCCAGCATGGTGCCGTCCAGACCTTTTTGTGTGTTGTAGCCAGGCAGTATCTTATCCGTCGTGAATTCGGCTATTTCCCAAAGGACCCCGGAAAAGACCCCGAGAAGGAATGACATCAAAACGGCACCCGGCACCTCGTCCCAGAATCTCGACTTTTTCGTCAGAATCTGGTAAAAAAAGTACGTTATGACAAAAGATCCGTAGAAGTGAAGTATCTTGTCCCAGAAAAATATCTTCTCGTAGAAGTTCAAAAATTGTCCCATCACAGAGTGGAGAAATATCGATGAAGAGAGCATCAATTTCGTTCTCTCAGGTATCTCCTGATGGGTTATCTTCTCATAAACGTATGGTGAAAAACCACCGAGCCAGAATATGAAATATCCTATCGTTTCAACGATTTTGGCTCGAATGATGGAAAAAACAACTGGAATTCCCAGGAGAGCCACTAAAACCCTGTTCAATTTTTCTTTCCGCTTTTTCACCAGTACTT
NZ_CP003409.1_gap16	524206	526366	2160	AAAACTCGCACAGCTTGGAAAGAAGGTCGCACTTGTCGAAAAAGATGCCCTCGGGGGAACCTGTACCAACAGGGGATGCATTCCAACGAAGGCGATGCTCACAGTCTCCCATCTCATGGATGAAATGAAAGAGAAAGCTTCAAAGTACGGCTTGAAAGTCTCAGGAGTCGAATACGACGTCGCCGCCATAATGAAACACGTTCAAAAGAGTGTGATGATGTCAAGAAAGGGAATAGAGTACCTGCTGAAAAAGAATGGGGTTGAAGTCTTCAAAGGAACGGCCGTCGTGGAAAACAAGAACACGGTTGTTGTCCAGGAAACGGGAGAGAAACTGGAAGCAAAGAATCTTGTTCTCGCACACGGATCCGTTCCCTCCGTGTTTTCTCCCTTCGATATCGACGGAGTCTGGACGAGTGATGACGTGTTCAATTTGAAAGAATTTCCAAAGTCGCTTGTGATAATAGGCGGTGGTGTCATAGGTGTTGAATTCGCAACGTTCTTCGGTTCTTTCGGTGTGGATGTGACGATCGTTGAGATCGCAGAACACATCCTCCCCTATGAAGACTCAGATGTGGCAGAAGAAGTGAAAAAGGCCCTCAAAAGGAAGGGTGTTAAGATCCTGGAAAAAACAAAAATTTCCTCCCTGAGCAAAGTCGATGACGGCTTTGAAGTCGCACTCGAAAATGGAGAAACCCTTAAGGCAGAAAAGGTCCTGCTCGCCGCAGGAAGAAAGCCCAACATACCGGAGGACGTGAAAGCTCTCGGAGTGAAGATAGAAAAAGGAGTCGTCACTGATAGCAGGATGAGAACGAACGTGGAAAACGTTTACGCGATAGGAGATATCAGAAGTGGAATCATGCTCGCTCATGTGGCCATGTACGAGGGAATAGTCGCTGCAAAGAACATCGCGGGAGAAGAGGAAGAAATGGATTACTCGGCCGTTCCGAGTATCATCTTCTCCTCTCCGGAAGTGGCATCTGTCGGTGTGAGAGAAAAAGACGTGAACCCCGAAGAAGTTGTGATCTCCAAGTTCCCAGTCTCCGCAAACGGAAGGGCAAGAACGATGCTTGAAAACATAGGGTTTGCCAAGGTCATAGCGGACAAGAAAGACGGAACGGTTCTCGGCATGAGCATCGTTTCACCATCGGCTACCGATATGATCATGGAAGGTGTCATAGCCGTGAAGTTCAGGATGAAAGCGGAAGTTCTGGAGAAAGCCATTCACCCGCATCCGACTTTGACAGAAACCATACTCGGGGCTCTTGAAGGGGTCTCAGGAAAACCCATTCATCTGTGATACATGGCAGCACTCTTTCTTTAAAGGGCAGACACCGCACTTCGGAGTTTTGCTGCAAAATTTTTTCGCGTGTTCCACTATAAGCCCGTGAAACTCCTGGTAAAGACGAACATCTTCTGGATAGTGAGTCATGAAAAGCTTTTGCACTTCGTCGTAGTCGTTCAGCTCGATGTTGAAGATTCTCTTCAAAAGTCTTCTTGTGTAGCTGTCAACAACGAAAACCGGTTTTTCCAGGGCGTAGAGCAGAATGGCATCGGCGGTTTCTTTGCCGATGCCTTTTATTTTGAGGAGTCTTTCTCGTAAAATATGTGTTGGAAGATCTCTCAGACGAGATAGATTGTAGTTGTATTCTTTGAGAAATTTCAACAGTTCCTTGAGGCGCTTTGTTTTGATGTTGAAGAACCCCGCTGGTCTTATGAGCTCTGCTACTTTCTCCTCGGGAAGAGAATCCAGTTCTTTCAGCAGGTTGTTTCCTTTGACTTCGTTTTTGATGTTTTCCATGGCACGTTCAACGTTCTTCCAGTTCGTGTTCTGGGTGAGAACTGCTGTTATTACGATTTCCTCAGGTGTTCCGGGCCACCATTTCCCAACCGATCCGTGTATTTCCAGTAACTTTCTGTAGAGTTCTGTCAGTCTCATACTTAAAATTATACGGGGGGTGAACCAGATGAGCATCATCTACAGGAGAAGGAGTATCAGAAAGTATCAGAAAAAGGATGTTCCGGACGAGCTGGTGAAAGAGATCATCCGTGCCGCCATGCACGCTCCTTCCGCGTGCAATCAACAACCGTGGCATTTCGTTGTTATCAGAAACGAAGAAACAAAAAAGAAAATCGCGGAGATCCACCCTCATGCACAAATGT
NZ_CP003409.1_gap17	529393	531159	1766	CTTTTACTCACGTTGATCTTTACGGAAAGTACACCATCCTCTTCTTTTTCCCTAAGGCAGGAACGAGCGGCTGCACGAGAGAAGCCGTCGAATTCTCCAAGGAAAACTTCGAGAAGGCCCAGGTAGTGGGGATCTCCAGAGACAGTGTTGAAGCATTGAAGAGATTCAAAGAAAAGAACGATCTCAAAGTGACTCTCCTTTCAGATCCAGAAGGAATTCTCCATGAGTTTTTCAACGTTTTGGAAAACGGAAAAACAGTTCGATCCACCTTCTTGATAGACAGATGGGGCTTTGTGAGGAAAGAATGGAGAAGAGTGAAGGTCGAAGGACATGTTCAGGAAGTGAAAGAAGCTTTAGATCGACTGATAGAAGAAGACCTTCCACTGAACAAACACATAGAGTGGAGAAGGGCAAGGAGAGCGTTGAAAAAAGACAGAGTACCGAGAGAGGAGTTAGAACTTCTCATAAAAGCAGCTCATCTTGCTCCTTCGTGCATGAACAACCAGCCGTGGAGGTTCGTGGTAGTGGATGAAGAGGAACTCCTCAAAAAGATACACGAAGCACTTCCCGGTGGAAACTACTGGATGAAGAACGCACCCGCTTTGATAGCGGTTCATTCGAAAAAAGACTTCGATTGTGCACTCCCAGATAACAGAGATTACTTCCTGTTCGACACTGGGCTTGCCGTGGGAAACCTCCTTGTTCAGGCAACACAGATGGGCCTTGTGGCTCATCCCGTTGCAGGCTACGATCCTGTGAAGGTCAAAGAAATCTTGAAAATCCCTGAAGATCACGTGCTGATAACCTTGATCGCTGTAGGATACCTGGGAGACGAAAGTGAGCTTTCCGAGAAACACAGGGAGCTGGAACGCTCAGAAAGGGTGAGAAAAGAGCTCTCCGAAATTGTCAGGTGGAACCTTTAGTCTTCTTTTCTCAGAACGAGTGACGCTGTGTAAAAGACAAACATAAGACCAGCTAAGAACATGATCACTGCGGTGATAAGGTACCTGCTGAACGGAAATATCTCAAAGCCCAATGAGTACCTGATGAGTTCCACACCATATTTCACAGGTAGGAAGTAAGAGACAACTCTCAGATAATCAGGGAGGAACGAGACCGGAAAATAAACACCTGTTAGAAACATCATAATGGTGAAGAGAATCACAGCAGCATCCGTTGCCACATCGGATTTCTTGAACAGAATTGATATCAAAGCTCCAAGCGCGATGAAGGATAGAACAGAACTGACGACGGATATCAAAAAGAGAAACACGTTCAGTTCGTAGCTTGCTTTAAAGATCAAAGTTCCCAGCAGCATTATGAGAGCGGTGCTCAAAATTCCGTAGAACATCCTCGCTGAGATGAGACCAAAGACAAAGGAAAAGTTTCCAACGGGAGTTGCTTTGAGCCTCTTCAAAAAGCCTCTTTCACGATAGCGGGAGAACACGTCCACGGTTCCAAAGAGCCCGATCGAGAGTAGAGATACGGCGATCACACCCGTGAGGGTATAATCGAAAGATGTGAGCTCTCTTGCGGTTTTCAGAACTTCTTTTTTCACCATGATGACGGGATTCAGACCGTTGAGGAGCCTTGTGACCTTGTTTTTGAGGGAGATTTCCCAGGAGTCGAGAAGCGATTGATAGTATTCGTCCGTTGTGTTTCTTATAAAGATGATTCTTTCTTTCTCCACCACCGCCACTTCGTGGTAGTAGCCCTTCAACTCCTCGAGCGAGGTGTAAACATCTCCAAAATCCGAAAGATCGTAA
NZ_CP003409.1_gap18	577592	579317	1725	TTCAAATTCCCACGCGCCTTGAAGAATAGAATCACGAACTCGAGTTCATCTTTGTCGAGAAAATCGAACGGGCTCGCTTTGAAATGTCCCCGCACAGTGACATCGTCTCTTTTGCAGTGAAGCTCTGTAACTATCATTTCTTTTCCGCAGACCGGACACTTGGGCAACATATTTTGTCACCTCCTGCAAAATATTTTAGACTATCACCAAATATTTTGTCAAGTCCCCAAAAATTTTTCTGTGAGGATTCTTATTGCTCCCTTCTTCACCGTGAAATGAGTCTTTCTTTACATATAATTAGCGTTACCTTATTTGACTCTTAATCTCCCGATGATACACTTACACATGAAAAATGAGAGTAATTCTCAAAAAGGAGGTGAGGAAAATGTTAGTGTTGATACCGGTAGATGTGTTGATTTCGATCCACAATGAAAAGATAAAGCAACCTCAAAAGAAATAAGTGTCGTGCCCCTGCGTCCCTGTTTTTTAACCAGGCCTCGAAACGAGGCTTTTTTTGTTTTAAAATACATAGGGTGATACTGTGTTTCTTCCCACAACACGTGAGGAAATGAAAAAATTAGGCTGGAGAGAGCTCGATGTCATTCTTGTCACAGGTGACGCTTATGTGGATCATCCCTCCTTCGGTGTTGCCCTCATCGGTCATTATCTCGTCTCTCACGGCTTCAAAGTGGGAATCATAGCTCAGCCGGACTGGAGAACAGAAAAAGACATCACACGTCTTGGAAGGCCTCGTCTTTTCTTCGGTGTCACCGCTGGAAACGTTGACTCGATGGTGGCGAATTACACGGCCTCAAAGAAAAAGAGAAAAACGGACGACTACACACCGGGTGGATCTGGTGGAAAAAGACCTGACAGAGCAACCATCGTCTATACGAATCTCATCAAGAGATTCTTCCCGGAAGTTCCCGTTGTCCTTGGTGGATTGGAAGCGAGCCTCAGAAGGTTCGCACATTACGACTGGTGGAGCGAAAAGGTGAGAAAATCCATCCTCATCGATTCAAAGGTGGATCTCCTCGTCTATGGAATGGGTGAGAAGGCAGTTCTTGAGATTGCACAGATTCTTTCCAGAACAGGTGATATAGAAAAGTGCAAAAGTGTTCGTGGAGTTGTCTGGTGGTCCTCTCAAAAACCTGAAGGAGGCATCGAACTACCCTCCTACGATGAAATCTCAGAGAATCCCGAAAAATACGCCGAAGCGTTGAAACTTCAGACCTGGTATACTGATCCATACAAGAACATTCTGATCTACCAGAAACAGGACACAAGATATGTTGTTCAGAATCCCCCGCAACTTCCACTTTCCCAGGAGGAACTCGACCGGCTCTACCTTCTTCCTTTCGAAAGAGAAGTTCATCCCTTCTACGCAAAGATGGGAAGAGTGAAGGCGATAGAAACGGTGAAGTTCTCGATAACGGCCGTGAGAGGTTGTTTCGGAAGCTGTTCTTTCTGCGCCCTCACACAGCACCAGACGACCCACGTTTCCTACCGCAGCAAAGATTCCATTCTCGAAGAAGTGAGGATCCTCACAAAGAAAAAGGATTTCAAAGGTACCATCACGGATGTTGGAGGGCCGACTGCGAACCTCTACGGTTCGAGCTGTTCCATCAGAGAAACGAAAGGACAGTGCCAGAAGTTCTGTTTGTATCCCAGCGTGTGCAAGATTGTCCGACCGAACCATGACGAATTCATCTCTCTTCTCGAGTC
NZ_CP003409.1_gap19	591761	592906	1145	TGAACTCTTCTATCAGCTTCAGTACAGTTGTTCTGAATAGCAAAATTGCACCAACAGGAACACTCAGTGTGACCCACGTGTAGCTGAAGTTTGGTATCCCCACGAAGGTTCTGTATCTTGTTTTATAGGAAAGATAAAAGCCCCACACGATAAGATAAACAATGAAAGCAAGGATAATGATGTAATTCACTACCCTGATGATCTTTTGAGTCCTTTCGGAAAATTTCTTCACAAGGATGTCCACAGACATCATCTTGTTTTCACGCCAGGCCACATCCACCGCAAAGAAACAGGCCCAGGCAAAGAAAAAGCTACTCATATCAACAGCCCAGTTTATTGGATGCTTTAGAAATCTGGCAACTCCTGAAGCAAAAACGAGAACAATCATAACCATAAGGAGAATCTTGGCGGCGTGTTTTTCAAACTTCAAAAGAATCTGGTCCACTTTTTTCACGTCTCTCACCTCTGTCTGAACAGAGTGAAAGCCCGACCCAGAAAGGGCCGGGCAATTGATGATTACTCTCCCTTCACTTCCTTGATCAACTGGTTGAGAGCATCCTCAAGACCGAGATTCTTGTAAGCCTGTTTTGCCCTTTCCATAAAGGCTTCCTTGTCGATTTCAGAAGCTGGTATCACTGTCATACCCTTTTCAATACACTTCTGTTTGTATTCTTCTTCGAGTTCTTTCATGATTTTGAGAGAAACTTCGATTCCCGCTTTGTCAATCTCTTCCTCAATAATCTTCTGATATTCCTTGGGCAGGCTGTTGAACCAGTCTGCGCTGACGATTTCGAAGTTGATGAGAAGGAAGTGTCCCGTTTCAGACATGTACTTCAAAACTTCGTATAGACCACCGTTATAAACATTCGCGTAAGTGAGTTCTGCTCCATCGACCGCTTTCGTCTGAACCGCTGTGTAGATCTCTCCGAAGTTGACGGCAACAGGGATGGCACCAAGAGCTCTTATGGATTCCTGCCATGCAGGCGCACCGGGAGTTCTGATTCTCAAACCATTCAGGTCTTCCGGTTCCCTGATGGGTTTGTTTGTCACAAAGTGTCTGTAACCCTGCACCCAGTAGAAGGAGAGAACCTTTATACCGAATTTCTGTTCCAACTCTTTCAACCACTTCTGCATTGTTGGAGATT
NZ_CP003409.1_gap20	593972	596736	2764	AGATTTTTTGAAGAAAGTTCTCAACACCTTTGTTAATCAGGCTTCATGGTAACTCTCCACCGGATAGTCGATCTCCTCGAGTTTCTTCAAAACACTGTCCAGATCTTCCGTTTCAACAACCACTTTCTTCTCTTCCACGCTCACTTCGTAGTTTTTAACGCCCAGTTCTTCCAGCGCCTTCGAAATTCTCATTTTGCAGTGATTGCAGGAAATATCCGGAACGTTGAGTACGTACCTCATGGCAGCACCTCCTCAGATTTTGATCGTTCACTCTCTCACCCTCATAGAGTTGAGAGTCACAGTGATGGAACTGAAAGCCATGGCGAGTTCTGCGATCACCGGATGAAGCAATCCCATCATCGCCATTGGAATGGCCACCACGTTGTAGAAGAAGGCCCAGAACAGGTTCTGTTTTATGATTCTGAAGGTTTTTCTCGACACCTCGATGGCATCGACGACTTTTGATATACCACCCTTTGTTATGATGATGTCTGCACTGTCGATGGCAAGGTCTGTTCCTGAACCTATTGCTATTCCGACGTCTGCCCCTTTCAAAGCAGCGGCGTCGTTCATACCGTCTCCCACCATCGCAACTTTCTTTCCCTGAGCCTGGTAAGACCTCACAAGGTCCAGTTTTTCAGAAGGCTTCACACCCGCGTGGAACTTCTCTATCCCAAGTCGCCTTGCAACCGCTCTTGCTGTCTTTTCGTTGTCTCCCGTTATCATGACAGGTTCTATTCCCATCTCCTTGAGCCTTCTCACGGCCTCGGGACTGTCTTCCCTGATAGGATCTTCTATCGCAAGAAATCCCACAACTTCACCGTTTCTTCTCACCTCAACCACGGTCTTTCCCTCTTCCAGAAGAGACTCGTACTTTGAATAATCCAGAGGCTTCCCGACAAAATACTCTTCTCCTTTGTAACGTGCCCTCACTCCTTCTCCTGGGATCTCTTCCACGTTTTCTACCCCAACCACATCCTGAGAGAGTTCAGAAATTGCCTTTGCAAGAGGATGGTTCGAGTTTCTCTCTATACTCGCAACAATTTTGATCAGTTCAGCGGAGAGATTGTGATCCACCACCTTTGGACTACCCTCGGTGAGCGTTCCTGTCTTGTCTGTGAGCACCACTCCTATATCCTTCGATGTCTGAATCGCCTCGGCGTTTCTTATGAGAAGGCCCTTCTTTGCAGCAAGTCCCGTTCCCGTGACGAGCGCCATGGGAGTTGCAAGACCAAGAGCGCACGGACACGCTATGACGATCGTTGCAACGAAGACGAAGACAGAGAAGGTCAGCGGGTCACTGGTTTGTATGATCCAGGGAAAGATTTCTCTTGCCTTTTCTACAAAGGGTAGGAAGGTTTCGTAGTTGAAATACCACACCAGGGCACTGACTACTGCAAGAATAATGATCGTTGGGACAAACCACATGGTGATTCTATCGGCCAGAGCCTGAATCGGCACCTTCGAACCCTGCGCTTCCTGAATCAATTTGATCATTTGAGACAGAAAGGTGTCTTCTCCTATTTTTGTGACTTTTATTTTGATAGGACTCGATACGTTCAAAGAACCGCCGATCACTTCATCGTTTTCTTTTTCAAAACCGGTATGGATTCTCCCGTTACTACAGATTCATCGATTGAAGATTGGCCTTCCACGATCACTCCATCCACGGGTATTCTTTCACCGGGTTTCACGAGTACTATGAACCTTTCTTTCACTGCCTCTATCGGCATCATTACTTCTCCTTCATCGGTGATGACGCGGGCTTCTTTTGCTTGAAGTTTCAAAAGGGCTTTGATTTCCTTGCTGGCCCTGTCACGCAGGTAAGACTCTATGAAACGTCCGGTGATATGAAACGCAACGATCATCGCGCCGATGGCACCAAAGGACATCACAGGAAGTCCCACACTGTCAAGAACAGCCGTCACCCAGGAAGTCACCGCACCGAAGAAGATGAGTGTGTCCATGTTTGTGTGTTTGTGTGTGAGGGCTATCCATGCACCTCTGATCGTTCCCCTTCCCACGTAGAACGTAACGAACGCACCAGCAAACAACTCTATCCAGGTGAAATATGGCACCTCAGAAACAAACATGTGGTAGATCATGAGGAGGGCAAGGGGGGCTGTGACGAGCCAGGCAAGTATCAGATTTCTCTTTGACTCTTCGTATCGCTTTTTTTCCACATCTTCTGGAGATTCCGTTGTTACTCCGTATCCCACTTCCTCCACGGCTTTTTTGATCTCCTCGAGGGAAATCTCTTTCTCTGCCACGATGAAACCAGTTGAAGTAGCAAGGTTCACAGCCGCGAACTTCACTCCGTCGAGTTTTCTCAGGGCCTTTTCAACGGTCTTTGCACAGGTAGCACACGTCATCCCTGTCACAGTGAAGGTTTTCTTTATTTTATCATTATTATTCACAGCACGATCCTCCATCATCTTCTGATCGACCATCCTGCCATACCTCCCTCGCCCAGGTTTCTGCAATGCACGCTCCCATGGTGATAGCAACTTCGAGGATCTCTTTTATTTCATCCTTTGTGGCACCCATTTCGATCGCTTTCTGATAATATCCCTGAGCACAGGGTTTGCACTTTTCCACAACCGCTATGGCTAAAGCCGTCAGCACTTTGTACTTTGCAGGGATAGAACCGTCAGCGAAAGCCTTGTTTCTCATTCTTACAACGGCACCACTCACTTCAGGGAATTCCTTTCTCCAGCGTTCAAATTCACTCATCCTGGATCCTCCTTTTCATTCTTTCGTACTC
NZ_CP003409.1_gap21	778449	779454	1005	TTCTTTTCGCTTGAAGCGGACGCCGTTTCTTTCTTTTTCTCACTCTTCCTCGAATCTGTTATGTAAAAACCGCTTCCTTTGAAAATAATTCCCACTCTTCCTATCGTTCTTTTCATTTTAGCACCACACTCTTCACAGATAACCTCCGGTGATTCGTTTATGCCGTGCATGACCGTTGTTTCGTATCCACATTCTTCGCACACGTATCTATAGATTGGCATGTCTTTCACCTCCTTCAATAATGCTTTGTCTTCTTCGATAAAAAAATGGTCGGGGCGACTGGACTTGAACCAGCGACCTCCTGCTCCCAAGGCAGGCGCGCTAGCCACCTGCGCTACGCCCCGATCCATTTTTAAATGATACCATTAATCTGTCATCGGTTCAACTCGTTTTTTTCTCTGATAATATATTATTATGAAAACTCAGAGATAGGGTGGAGACTGATGAAAAAAGTTCTCATCGTTGACGACAGCAAATTCTGGCGGCTTGTCGTTTCTGATATCGTAAAAAACATCAAGAAAGACGTAGAGATCCTCCTCGCAGAGGGTGGAATGGACGGGTTACAGAAGGCTTTGAATCACAAGCCGGATTACTTCATCATCGATTACAACATGCCTGATTTTTCTGGGCTGTATCTTTCTGTTGTTTTGAGAGAAATGAAAGCTTTCAAAGACTCAGGAATAGTAATATTAACGGCATCCTCTGACACGATCAATCCCTTCTGGGCGAAAAAGAGTGGAGCGAATCTGTTCATAAACAAAGGCAAAAAAGAGGAAATCGAGAAGGAACTTCAGGTTTTTCTGAACACTCCATACGAGTCTCTCAAAAACTATGAGAGCAGCGAGTCAGGAAACGTTTTTCATATCGTTGAAAAGCGATTGAAAAGGGAGATTCTTGAGAAAGAAATTCTTTCTTATCTCAAGTACTCCCGTGACGAGAGATACGTGATTTCCCTTCTTGCCGTGTTGTTCAGAAATTTCTCTCTATTTGGAAGCTTCAGAGCGC
NZ_CP003409.1_gap22	831039	835771	4732	TCCAAAACGGCTGTAGATGGAGAAGACATCACTTTCAAAAATGGGTTTGTCTCCACAGCAGGTACTGTCTATGGAGATGGGTGGTGGATCACCGTGGAACCAGTCACTGGCAGAATGAGATTGTACGGGGGGAGATAGCTTGCAGCTTTTCTACAATGATATCCTTTCCCTGAATTGGTGTTCACATTGTGTGGAGATATCCCGTGCGAGAATGAGAGGGTCCAAATTGAAGCTGTTAGATCACAAATTATCTCTTCTGGAAATAACAGATGAGGAGAAATCAGATGAAATTATACTGAATCTTTCAAGAAACGTGAAAAAAGATCTTGAAGATATAGTCGTTGCGAACGTGTCCATGGAGAACGTGCTGGTGATGAATATAAAAGTTCCTCCTACGTTGAACAGGCAAAATGCTGTAGAGTATGCCACGATGGAAATATCAAGAAATCTTGGTATACTCCCTGAACAGCTTGTTGTTGCTCCTCTGGATATTCACGGTGGTGAGGGATTGTTTTTTGTTTCAAAGGTTGACCAGGTGAAGAGTTTTGTAACAGACCTCATGAAAAAAGAGTTCCCAGAAACGGATGTGGTTATTCCCGATATCGTTAAATATCTTGAAGTGTTCGAATTCTATTTTGGGAAGCGTTTGAAAGGAACCAGTGTTCTTACGGTGATTTCTTTCTTGAGTGACTATTATTCCATAGTTGTTCTCGAGAACAACCACTATCGTTCTCTCAGGTTGCTTTTTTCGATGTTCTGGGACTATATGGACATTGTGGTGGAGAACACGGGAGTTCAGCCCAAGGAATTGATGGAAGGAACAGTGAATGTAGATCTTGACTTTTTACAACCATATTTTGGTGATTTCCTGATTGAACTCGACAGAGAAGTCAAAGTGTCTTTGGATGAAGTTAATCTGAGCAGGGTCGATCAGTTCTTCTACATCGTTGATCCCCCAATCCTTTCACCAGTTCTTTCTCAGACGCTGGAAAAGTTCGAGGGAGTAGCGTTGAAGCAAGGAATCGTTCCTTCTTTTAAACCTGGTGTATCCTTAGGAACCCTTGGTTTGATGATAAGGGGGGGCAGGGAAATTGGAAAAGTTAAACATCTATCCGTTTAAGAAACGAAAGGTAAAGTTATCTACTTTTCTGGTACTGTTGGTCGTCATGTTGCTTCCTCCTGTTTCCTTTAATATCTACTTTAGTTATGCGAAAGAGCAAATGATAGAAAGACTGCAAAGTGATTACTCCGAGGTTTTGAGAGCGTATTCTGTGAAGCTTTCGAAAGATTCTTCCAAAAATCTGGAGGAAATCTCCCGTGTGGAAAGCGTTTTTATGAACCAAATAAAATCATTGGAAGTGAGAGTCAATCAACTGAATGCTTTCCTTGACAAAAGGAAGAAATGGGAAGATTTTTTGAAGGTTTTGCTGAACATTTTTGAAGATCAAAATCGAACTCTGTGCTATCTTGATTTCTCTCAAGAAAAAGCCATTGTTGAGTTTTACGAAGTTTCCAAAAACGTTGTAAGTAGTACTTTTCAAAACTCGAATGTGAGTACAAGTCTCCTGTTTGAAGAAAAACTACCGGAAGGTTTTTATCTGAGAAAGTACAGGCTTGAGTACAGGGCGGTGGGAAAGTGAGGGGAATAAACAGAAAGTTCGCTATCTGGTTCGCTGTTTTGACTCTCCTCGTGCTGGTCTTTGGACTTGTGGTGCCAGATTTTGTGATCTTCATGTCCAACACCAAAAAACTGGAACAGAAACTTCAAAACCTGGCACCTGCTTTCAAGGTTTTCACCTTGAAGCAAAGGGAATACGAGGAAATAATAAAGACGATCATGAGTACACCTGAGTTTCAATACAATTTCACCGAAAAAGAAATCAGTGTTGAAGAAGTTGAAGATCTCTTAAAGGAACTTGCTGAGACACGAAGGGTGACAGTGAAGACCTTGACCATTGATGCGAAAAGAGTTATACCGATCAATTTCTTCGGTACCCCAATATCTCAACCCAGTGTGAAGATCACCCTTGAATTAGAAAGGGTGAAACAATGAACCGAAGAACGGTGATTCTTCTCGTAATTATGGGGGTTGTGTGGTCATTTGTTCTTTTCTATTTGTTCGCTGGCAACAGGGAGTCCGGAACTCTTCAGGTGGAAAGGCCAACGGATTTTACGGCGCTGGTGAACAAAATACAGATCAACCCCTTGCTCAAGAAAACGGCTCAGGAAAATCCTCCAGAATTCTCGTACAGGGTTTTCAATCCCGCGACGCTCAGCTTTGGGAAAGAGGCAGCCGACACTCTGATCGTGACGCTTCCTCCTCTGAAGTATCGATTCCTGGGTTTCATAAGAACAGGTGATGGATTAAAAGTATTTCTCTCCGATGGAGAAAAACTCTTTGAGGTGTCGGGCGAGAGCCCATCTTTTGGAAATTATGTGGTCACCTACGTTTCGAGTCTCGGTGTTCTGGTTCTCGACGTGGAAAATGGTAGATTTTTTCAATAAGATGAGGAGGGGTGGTATCTGTGAGGAGAATACTTCTTATTCTTGTCATGTTGATGTTCAGTGTGTTGTTCTCTGCAGAGCTCGTAGGGGTACTTCCTAAGATAGAGAATGATCGAGTGATCATAAAGATTCAGGTTTCTTCACCGGTTGAAGATGTTTCGGCAGAAATGAATTCTTCAAAGACTGTGTTCTCCATTTTCATGAAAGGGGTTCAAATGAAGATCAGCAGATTCATGGTTCCCGTTGGTGTTGGTCCTGTTGAAGGTGTACGAGTGGTGAACGTTGGCAATGGAGTTATGGTGTCCGCGAGTCTGCTGGTTCCATTCCCAGGAAGCTACCGTTTAGAAGACAAGACGATAGTGATGGAATTTCCAAGAAGTAAGGAAAGAATCGATGTGTCCTTTGAAAACATGCCTTTTGAAGATATGGTAAAGTACCTCTCTGAGAGATTGAATCTCAACGTAATCGTTTCAGATAGTGTCAAAAGTGCAACAACGAGTTTGAAACTGAACGATGTCACACCCGAAGATGCGCTGAGAGACCTTCTCGTTACATTCGGAGAAGTTGCCTACGCTTATTTTCCGGATGGGACTATGTTCATAGGAAAATACGAAGAAGTATCCGGAAGGTTTCAGAGATTCTGGGGTATATACAGAGTAGAGAATCAAACAGTTGCCGACAGGATAAAGAGTCTCATTTCTCAGGAAGCCATGATAGACTACCTTCCGTCAAAATCTGTTCTCTTCGTCTATGGAACTTCGGAAGAACATGACCTCGTGGCGAGCCTTCTTTCTGTTTCTCCACCCCTTCAGCAAAAAGAAGTTTCCTTCTCGGTAGATTCAGCGAGAGTGGAAGAACTCCTGACCGCTCTCAAAAGTGTGTATCAGTTCGAGTATCATCTCTTAAAGCCGGTATCCAGAGTGATTCTTGTGGGAGATTCTGAGACGATTTCGAAAGTGGAAAGATATATCAGGATTTTGGAAACTCGTGAGCAGGTGTCTGTAGAAGAACAGGTCCAGATTCCGGCTAAAAAATTCGTTTTTTATGCCTACGACCCAGAATCCGCTGCTTCGCTTATCACTTTGCTCCTCGGAATAGATGCCCAGCCTTTCAAGGACATGAATCTGGTGGTGTGCCAGGTGCCGATAGACAAGGAGCAGGAACTGGTTGATTTCATTGCAGAAAACAACCTGGAACTCGGTGAGATGTTCTATCTGGATATCAAAAAAGGTGAAGAGGACTTTCTCAGAGAAGTGGCACAATTTCTTGGAGTACCGGATTCAAGGCTGAGATTTCTCAACATTGATGGTGAGAATGTAAAGGCAGGACTGTCAGTTTCAAAAGCAGTCTATGAGAAAGTATCCCCCATTCTGGAAAAATTGTTGTCACTCAGAAGAAAGAACTTCATCGTGAAAAGTGTGGAATTGAAAAAGGAGATTCAGCAGGAAATGATAGACGCGATAACGAGAATGTACGGGGTTTCTATGGAAAAAATAGGGAACTTCCTCTTCATAGAGGGAGCCAGGAGTTCCGTTGAAAACGCTGAAGAGCAGCTGAAGAAACTTCAGATTGAACACACACAATTTCTGAAAATCGCCTTAAAAACTGAGAATGTGGAAGATTTGAGCAGATTCATGAAGGAAAAGTACGGTGTTGAATTCGAGTACTTTTCTTCTCTGAAGATGGCAATGCTGAGTGGGAAGGAAGAAGAAAACGTTCAAAAGGCCGCTGAGGAATTGCAGATAATTTCTTCGGAGGAGAGGATCATAAGGTTCGTGAAAAAAACTGAGAATGTACCGATCGATAAAGCGAAAAATGTTGTTTCGCAACTGTACAGTGTATCAATAGAAGAGTTAGGGAATGAACTTGCCGTCATCGGTGAAAGAGAAGAAGTCGAAAAGGCTGCTGATCTTCTTCAGAAAATCTTCTCTTCCGAAGTAGAGATCTCGCGTGACTTTGTGAAGTTGCCCAGCTGGATTGATGAACAAGAGAAACTCCTCGAAGTTGTGAAAAACAGCGCCGGGATCACTTACGAAATACTGGACGGAGTAGTTTACTTTGAAGGGACAAAGGAGAATGTCGAAAAGGCAAAGGAACTCTTCTCAGACATAGTGGAAAAACTTGGAGAAGTACGTAAGGAAGAAACAGTGGAATTCCTCGAAGTGGATTCTTCCTTCCCTGTTGAAGAATTTATAAACCTCTCCAGCAAGCTGTATCCGGATGTTAC
NZ_CP003409.1_gap23	854365	858927	4562	AAAAAGATCATCGTGATTCCTACCCAGATAACAAGAAAGTACGTTACCAGTCTTGGGAGGAGATACCTTCTCACGAAGTTCAAGATCTCTGACCTCCTTTTCTCTTTAAAGGACCGGGGGTTATCCCCCCCGGCCCCCGTTTGAAAGATATTTTACATCATTTTCTACCGGTTGGTTTCAAGAACGGGAGCATGTACTTGAAGTTGGGCCAGTGATGGTACGGCTGTGCATACATGTTCTCCGCACCAGGATAGTTCGTCCAGTAGTATTCATCCCATGCGATGACACCCGGGTAGTTGAACGTTGGTATCGTCGGCATCTCTTTGACAAGAAGCTTCAAACCTTCAACTCCAAGTTCGATGAGCCTCTTTGTGTCTCCCCAGGCTGTCTTCTGTATCTCGTCTATGATCTTGTCCATCTCAGGATTGCTCCATCTTGCGTAGTTGCCCCATGGGGCGTTTTCTCCAATGGGTCTGATGTATTTGGAGTGGAACGGCTCGAGTGTTCTGAACAGATCTGGATGTCCTCCCCATGGCTCCGCCGCTGGCCAGTCTGTTGAGACTTCGAATTCTCCTCTCTGATCAAGAGTTGCCGCTGCATCCGTTGTCTGGACCGTTACATCGATACCGAATTTCTTCCACGCCTGAGCGGCTGCAAAGGCGTTTCTGTAACCCGGGTGAGCCGGATTGGTTCCCGTGGTGATGGTAATTTTCCAGAGTTCACCGTTGGGCAGGTGCCATTTTCCATCTTTGTCTCTGTAGAATCCGTTCTTTTCAAGAAGTTTTGCTGCAACATCGGGTGCGTACTTCCACCATCCGGGTCCAAAGATCCTCTTGATCAGTTCTGGATTGTCAGGAACGGGGTATCCTCTTTTCTTTGCGTATTCAGCCAGTCTGAAGCCTGCTGTTGGATCATAAGGTTTGAACTTTTCTCCGTTTCCAAGGTCGAGTTCGAAGTTCTTCAGCCAGTCTTCGAGTTTTGTGAAGTACCAGTTGTAGTATGCGGTTGAAAGTGGTATGTGGATAGGCGAAAGCGTTACGGCACCATCGAACGCGTTGGCGGCATATTCAACGATGTCGATCGCAAGTGTGAGTGCCCATCTCACATCAGGATTGTTGAAGGGTTCTCTGGCTGTGTTGAAGTGAAGCCCTGTCACACATGGGTCGATGTTGACGGTCCACGGGAAGTTTCTTCTCCAGGCCCTTGCAGTTTTGACTCTGCTGAGAACGGCTTTGAGGGCTTCAAGTGTGAGGTCAGCTGCATCGAGCTGGTGCTGTGCCATGGCGAGAACCTGCTTTTCGGGACCACCATACGTGATGAAGAGCACGTATTTTGGTTGTGGCATGCCATATAGCATTCCTGTTGGTGTTCTGTCCCAGTCTTCTCTTCTTTCCCAGAGCGTCCAGTATCCTCCGGGATCGTATCCTTTGAGAACGTAAGGTCCTGTTCCAACGGGCGGATTGAAATCGAACGTGAGAGGATCTTCCACTTTCTCAAATATGTGCTTTGGAAGAGGTCTCAGAGCGCCCCATCTGTCGAGGAAGTAGGTGTGGAATCTGGAATTAGGCTCTTTAAGCTTGATCACGACCGTGTAATCGTCCACCTTCACGATCTCTTTTACCTGCTGCATCTGGGAGTTGTACCCCATTCCCGGTGTGTTTTTGACGAGCTCGATGGTATAAATTAGGTCATCTGCTGTAAACGGTACACCATCACTCCAGTAGACACCTTTTCTGAGTTTTATGGTGAGTTCTGTGAAGTCGGAGTTGTACTTTGGAGGTTCAGCGGCAAGAGCGTTGATGATCTCTCCGGTGGCGTACTCAACGCACCAGAGTGGTTCCAGAAGGAGATTCTGGATACCCCTGTCGTTCCAGACCCAAGTAGCCCAGATGTTGAAGTTACCGGGGTTGGCAGCTCTACCCGTTAGGTTGTCGGCTATGAACGTCTCGTTTCTGGGAATCCCTGGTGGAAGCTGCTGTGCAAAGAACAGGGTGAAGATGGAAACAACGAACAGGATCACAAGAAACTTCCTCATGAAAACTCACCTCCCTTGATTGTATGTTATATTTTTTCCTTTCGGGAAATATTTTAATGTAAATCTCCCTGAAAAATCAAGATCCATTTTTCATGAATAACGGAAATTGTTGAGGGTCGCAAAGAATTATTTCAAAATATTGTCGTTTTTCTCCATTTTTCTCTTTTTTTCTTTCTGGTATCATATTTCCGTACACAAATGAAAAAGGAGGTTTCATGTTATGAAAGGGTTGACTGCTCTGTTGTTACTTCTGATCGGGTGTGTTTCGTCCTTTGGCTCACAGGATGTACCCTTGAGAGTGCTCGCAGAGAAGTTGAACATTCACATCGGATTTGCAGCAAGGAACAATTTCTGGTCTCTTCCCGACGCAGAAAAGTACATGGAAGTTGCAAAAAGAGAGTTCAACATCCTCACGCCCGAAAACCAGATGAAGTGGGACACCATACACCCGGAAAGAAACAGATACAACTTTGAACCTGCCGAAAGACACGTCGAATTTGCCCTGGAAAACGACATGATCGTGCACGGTCACACCTTAGTCTGGCACAACCAGCTTCCTGGATGGATCACTGGTAGGGAATGGACAAAGGAAGAACTTCTGAGCGTTCTTGAAGACCACATAAAAACGGTGGTGTCTCATTTCAAAGGTAGAGTGAAGATCTGGGATGTGGTGAACGAAGCGGTGAGCGACTCTGGAACCTACAGGGAAAGCGTGTGGTACAAGACGATCGGTCCTGAATACATTGAAAAAGCGTTCAGATGGGCAAAAGAAGCCGATCCAGATGCGATTCTCATCTACAACGACTACAGCATAGAAGAAATCAACGCAAAAATCGAACTTCGTCTACAACATGATAAAAGAGCTGAAAGAAAAGGGAGTACCTGTAGATGGAATAGGATTTCAGATGCACATAGACTACAGAGGGCTCAATTATGACAGTTTCAGAAGGAATTTGGAGAGATTTGCGAAACTCGGTCTTCAAATATACATCACAGAGATGGATGTGAGAATTCCTCTCAGTGGTTCGGAAGATTATTACTTGAAAAAACAGGCTGAAGTTTGTGCGAAGATCTTCGATATATGCTTGGACAACCCTGCAGTTAAAGCGATCCAGTTTTGGGGATTCACAGACAAATACTCCTGGGTTCCCGGCTTTTTCAAAGGGTACGGAAAAGCGTTGCTATTCGACGAGAATTACAATCCCAAGCCTTGTTATTACGCGATAAAAGAGGTGCTGGAGAAAAAGATAGAAGAAAGAAAATGAGGGGGCGATGCCCCCTTATTTTCAGCAGTATCTCTTTTTCATTTTGTCGATAGCTTCCCAGAGACCGAGAATGTAGGTTGCTCCGAGTGCCCTGTCGTAGAGTCCATAGCCGGGACGTGCCTTTTCACCCCAGATCAGCCTTCCATGATCAGGACGTATGTACCCTTCGTAGCCTATGTCATGGAACGCTTTCATCACTTCAAAGAGATCGTGAGAACCGCAGAAGGAAGGATGTGCAGTTTCGTAGAAACTCTTCTCACCGGTGAACTTCAGGTTTCTCACGTGTGCAAAGTGGATCCTGCCCATCTTTCCGAAATATCTGATCATCTCAGGTATGTTGTTCTCAGGATTTGCTCCGAGTGATCCCATGCAGAACGTTATTCCGTTGTAGGGGCTGTCAACAGCTTTCAACATTCTCTCTATGTTTTCCTTGTTTGTTATAATCCTTGGCAGGCCAAAAATACTCCATGGTGGATCATCCGGGTGTATTGCGAGTTTCACATCGCATTCTTCACAAACGGGGATAACTCTTTCGAGAAAATAAACCAGGTTTTCGAAGAGTTTTTCTTCATCTACGTTCTTGTAGAGTTCGAAGGTTTCTCTCAGTTTCTCCAGTCTGTCCCATTCCCATCCTGGAAGGACGAAACCCTGAGAGCCCTCTTTCACTCGTTTTATGAGTTCGTCTGGTGTTACCCCTTCGATGAGACGGTGATCGTACTCCATCGTTTCAGAACCATCCGGGAGTTTTTTGTGTAGATCCGTTCTCATCCAGTCGAATACGGGCATGAAGTTGTAGCAGACTACCTTCACACCGGCCTTTGCCAGGTTTCTGATCGTTTCCTTGTAGTTCTCTATATACCTGTCCCTTGTGGGAAGACCCAGTTTTATGTCTTCGTGGACGTTCACACTCTCGATAACTTCGAGTTTCAATCCCGCTTTTTCAACGGTTTCTTTCAGCTTCATTATTTTCTCAAGTGGCCAGACTTCTCCCACAGGTATGTCAAACAAAGCCCCTACGACTCCTTCTACTCCTGGGATCTGACGTATTTGTTCCAGTGTCACGGTATCGTGTTTTTCACCATACCATCTGAAGACAAGCTTCATTCATTTTCCCTCCCAACGACTTCTTCGAGTGTTTTCCTCACAGCTCGTGGCCCTGTGATCATTTTCTTGAACAGTTCTTCTATTTTTTCTCCAAGTCCTACTTCGTACAGGTTCACTCTGAAAAGCTGCTGGCTGGAAAGGATCGGTTTCAGATGATC
NZ_CP003409.1_gap24	882172	884807	2635	TTTTCGAGACCCACCACACATCCGAAGGTGTTTTTCACTCCGAGTGTCATAACCATTTGGGAGTGGGTCTTCAATTTTGGAAGATTAACCACCTTGTCTGCTTCAAGAACCTTCCTGGAAATTTTTATCTTCTGAAACACTTCTCCGCTGACTTCCACAGGATCATCCAAAGGAACACATGGAACGCCCAGTCTTTCACAAACATCCTCAACACCTGTGACAGAAAAACAGCCTCGCAAGCCCTTCCGCTTCAGGGGAACGGGTAAGAGGCTTGCTTGTTGGTCATGTTCGTGTTATGATTGGGTGTTGTCGCTATCGATCCAACCGGATCATGTGCATCTTTTTGTTTCTGCGCCTCCTCGGTTAGCTCCGGCACAAATAGTCAACCTGTTCAAAGGGGTGTCTTCAAAAAAGCTTCTCGAAAAATTCCCGCACCTGAGAACAAGAGAAGGATTGTGGAGCAGAACATACTATGTGGGCTCAGTGGGCACCGTTTCAGAAGAAACCATCAGGAGGTACATTGAAGAGTGTCAAGATATGTGATCAGAACCTACAAAGTCCCTGTGCCGGTGGAATTGTATCCTTTGTGTTCCGAGCTGAACAGGATCGCCGCTCGGATCTACAACAAAACCATGTCGCTGGTCAAAAAGATCAAAAACAAGAAAGGTTTTTGGCTCTCACCGAACACAGCGCAAAAATACATCCTTCGCTGGTCGAGCGCTATCGATATCCACACTCACTCCAAACAAGCCATGGTCCAGCTGTACTTTCAGGCACTCAATAGCTACTTTGTTGCAGTCAAAACAAATCCACATGCAAAACCGCCATACAAGAGGAAAAATTTTCTGCCGTTCATTTGGAAAAATCAAGCCATCAAGCTTTTGCCAGATGGGAAGGTCAAGCTCTCGATGGGACGCAATCGAGAGCCATTTGTAATCCCCACAACGTTGCCAGCCGGTACAACAATCAGGCAAGCCAAGTTGGTTTACGAAGCCGGTCGGTATTATCTTCACCTTGCGATAGAGGTGAAGAGTGAGCACAAGAGAGGCCAGAGCCAGAAAGTTATGTCCGTAGACGTCGGAATACTCCGCCCGATAACCTGTTTCGATGGTTCTGAGGTGATTTCATATCACGGTGGTGTTCTCAACAGCATACTCAGATACCGAAACAAAAGACTAGCAGATATCCAGGGGGCTTTGAGTCGATGCCAAAAGGGCTCACGAAGGTATAAAAAACTGTCGAGAGCCAAAAGAAGGGTGCTGTACAAGACGAGAAACCAAATCAACGACGTGCTCCACAAAATCACGAGCCACTTCATCGGTTTATGCGTGCAAAAGAACATAAGCACCATTGTCGTCGGAGACATTACGAACATAAGAGAACGCACAAACGGCAACGATAATTTCAATCAAAAACTGCACCAATGGGCCTTCAGAAAGCTCATGAGCCAGATAGAATACAAAGCGCAAATATTCGGCATCGAGGTTGTGCGCATTTCTGAAGCGCATACAAGCAAAACGTGTCCTGTATGCGGCACTCAAAACAGGCCGTCTGGACGAAATTACAAGTGCGCCGGCTGCGGTTTTGAGTATCACAGGGACGGAGTTGGAGCAATCAACATTTGGAAAAGGTATCTTGGGACGAAGTCCCAAGTAGTAGCGGGCTTGGCACCCGCCAGAGGTGTGAGGTTTAACCCGCACCTCTGTGGCTATGGAGCGATTAGCGCTCCATGGAAGGCAGCCTAAGAGCTGCCAAGAATCCCATCCCCTTCAGGGGATTGGGAGTGTCAAAAGAACCTTATCGGATGGTGAAAACAGGTGAGAAAAGTACTTGTCAAGGAGTTCTCTGAGCCTTGTGCTGGCTTCCTCGTAGTTGGAGACGTTCAGGAACCAGACCTTTTCCAGATGACATCCCTCCCGTCTTTTATGGTCTCGATACCGGATGGGATATTGAGCTTTCCTTCTTTTAGTATTTCGATTATGAGATCTTTTGGGAGAGCCGTTTCGATCCATATTTCGGAGATATCGACGATTTTTAACTCACGGACCGCTATTTTCTGAAGTGCTTTTTCTATTCCTTTCACGTATTTTTCCTTGTCCATCCACATCACCCCAAAACAAAAAGGGGGCATATGCCCCCTTCGTTTCTATGGATTTCATCAGAAGTTGATTTCAAAGTTTCCTCCAACGGGGATTGCGATCACGTTGTTTTTCTCGTAGATTCTCATTTCAACACCTGCACCGAGTCCAACTACGAGTCCTTCAAAGTCTCTTGTGTAGCTGGCACCAACACCAAAGACCCAACCGAATTTACCAAAATCGAACTTGGCCATAGGCCAGCTGGGTCCACCGAATCCCCTTATGACAACTCTGGATTCTCTGTCGAGTTCAATGGAGTATTTGAAAACAGCAAACAGATCGAGTGCGTTCTGACTCGGAGTAGCATCAACAGAGAAAAGAGGAGTAGCATCAGTACCAAGAAGATAAGCAAAACCAAGCCCAAGACCCAGCTCCATATTTTCTGCTACCGGATATGTGAGATCGAGACCAAAATCCAAGTAATTAGCGGCCGTAGCATCGGAAGTTGTAGATGTCGCAGAAACAACAAAATTATAATTCCCAAAAACGCTGACCTT
NZ_CP003409.1_gap25	897418	899991	2573	AGAGACGCTTGGATTCCTGTCATCGCAGAAAGATACGAATTCGTGGACGACAAAACTCTGAGGATCTACATCAGACCTGAAGCAAGATGGAGCGATGGGGTGTCTATCACCGCAGAGGATTTTGTCTACGCTCTGGAGCTCACCAAAGAACTCGGAATAGGCCCCGGCGGTGGATGGGATACCTACATCGAATACGTGAAAGCTGTTGACACAAAAGTGGTTGAATTCAAGGCGAAAGAAGAGAATCTCAATTACTTCCAGTTCCTTTCCTACTCCCTCGGTGCACAACCGATGCCCAAACACGTCTACGAAAGGATCAGAGCACAGATGAACATAAAAGACTGGATCAACGACAAACCTGAAGAACAGGTTGTTTCTGGTCCTTACAAACTCTACTACTACGACCCGAACATCGTTGTGTACCAGAGAGTTGACGACTGGTGGGGCAAGGACATCTTTGGACTTCCAAGACCCAAGTATCTGGCTCACGTCATTTACAAGGACAACCCGAGTGCCAGTCTCGCGTTCGAAAGAGGCGACATTGACTGGAACGGACTCTTCATTCCGAGTGTCTGGGAACTGTGGGAGAAGAAAGGCCTTCCGGTTGGAACGTGGTACAAAAAGGAACCTTACTTCATTCCCGACGGTGTGGGATTCGTGTACGTAAACAATACCAAACCTGGTTTGAGCGACCCAGCTGTGAGAAAAGCGATCGCTTACGCTATTCCGTACAACGAAATGCTCAAAAAGGCTTACTTCGGTTATGGAAGCCAGGCTCACCCGTCCATGGTGATCGATCTCTTCGAACCGTACAAGCAGTACATCGATTACGACCTTGCAAAGAAAACCTTTGGAACTGAAGATGGAAGAATCCCGTTCGATCTCGATATGGCAAACAAGATCTTGGACGAGGCAGGGTACAAAAAAGGACCTGATGGTGTAAGGGTTGGCCCCGATGGCACGAAACTTGGTCCGTACACGATATCTGTTCCGTACGGCTGGACTGACTGGATGATGATGTGTGAGATGATCGCAAAGAATCTGAGAAGCATAGGTATCGATGTAAGAACTGAATTTCCAGATTACTCTGTATGGGCAGACAGAATGACGAAAGGAACGTTCGACCTCATCATATCCTGGAGTGTTGGTCCGAGCTTCGATCATCCGTTCAACATATACAGGTTTGTGCTCGATAAGAGGCTGTCTGCTCCTGTAGGTGAAGTCACGTGGGCTGGAGACTGGGAAAGGTACGATAATGATGAGGTAGTCGAACTCCTCGACAAAGCAGTTTCTACACTCGATCCTGAGGTGAGAAAACAGGCGTACTTCAGAATCCAGCAGATCATCTACAGAGATATGCCGAGCATACCCGCGTTCTACACGGCTCACTGGTACGAATACTCGACGAAGTACTGGATCAACTGAGCGAGGACAATCCAGCCTGGTTCAGACCTTCTCCATGGCACGCGGACACCTGGCCGACTCTCTTCATCATCTCCAAGAAGAGCGATCCACAGCCCGTACCGTCCTGGCTTGGAACGGTTGATGAAGGAGGAATCGAGATACCCACCGCGAAGATCTTCGAAGATCTCCAGAAAGCGGCCATGTGATCTTTCCCCGGCCCCACTTCGGGGCCGGGTTTCACAAAAACAGAGTGGGGAGTGAGAATTGAATGGGATCGAAATCGATGTTCAAGTACCTTTTGAGACGTTTCATCTTCCTGCTTGTTACCTACATAGTGGCAACCACTATTGTGTTTATACTTCCAAGAGCGATTCCTGGGAATCCTTTATCTCAAATCCTTTCCAACCTTTCAAGGGTGGCTCAGGCGAATCCAGAGGCTATAAGAGCAGCTGAGAAAACGTTAATGGAAGAATTTGGTCTCGGGAAACCCTGGTACGTTCAGTATTTCGAATTCATCACCAAGGCACTTCGAGGAGATCTTGGAACATCCATTACTTTCTACCCCAGGAAAGTCATTGACCTGATCATTCCAGTTATTCCGTGGACACTGGCACTCCTTCTTCCAGCAACGATAGTCGCCTGGATTCTGGGTAACAGCCTCGGTGCTTTAGCGGCTTACAAAAGAAACACATGGATTGACAAGGGAGTCCTTACAACTTCCCTGATAGTTTCTCAGATCCCATATTACTGGCTTGGAATGATATTCATCTTCCTTTTTGGAGTTAAACTCGGCTGGCTTCCTGTTCAAGGGGCTTATTCTCAGGGAACGATACCGAACCTGAGCTGGTCGTTCTTCGTTGATGTTTTGAAGCACTACATAATGCCCTTTGCATCCATCGTCGTTTCTGCAATGGGTGGATGGGCGATAGGAATGAGGCTCATGGTGATATACGAGCTTGGAAGCGATTATGCGATGTTTTCTGAATACCTTGGTATGAAAGACAAGAGAATTTTCAAGTATGTCTTCAGAAACTCCCTCCTCCCACAGATTACGGGACTCGCTTTGAGCTTAGGAGGGGTTTTAGGAGGAGCCCTCATCACTGAGATCGTGTTCAATTACCCTGGAACGGGATATCTACTCTTCAGGGCTTTGACTACACTCGATTATC
NZ_CP003409.1_gap26	904265	906505	2240	AAAGAAAAACGATGTTGCAGTTGTTGTGATCAGCAGGATCTCCGGTGAGGGATACGACAGAAAGCCGGTGAAAGGTGATTTCTACCTCTCCGATGACGAGCTGGAACTCATAAAAACCGTCTCGAAAGAATTCCACGATCAGGGTAAGAAAGTTGTGGTTCTTCTGAACATCGGAAGTCCCATCGAAGTCGCAAGCTGGAGAGACCTTGTGGATGGAATTCTTCTTGTCTGGCAGGCGGGACAGGAGATGGGAAGAATAGTGGCCGATGTTCTTGTGGGAAAGATTAATCCCTCCGGAAAACTTCCAACGACCTTCCCGAAGGATTACTCGGACGTTCCATCCTGGACGTTCCCAGGAGAGCCAAAGGACAATCCGCAAAGAGTGGTGTACGAGGAAGACATCTACGTGGGATACAGGTACTACGACACCTTTGGTGTGGAACCTGCCTACGAGTTCGGCTACGGCCTCTCTTACACAAAGTTTGAATACAAAGATTTAAAGATCGCTATCGACGGTGAGACACTCAGGGTGTCCTACACGATCACAAACACCGGGAACAGAGCTGGAAAGGAAGTCTCACAGGTTTATGTCAAAGCTCCAAAAGGGAAAATAGACAAACCCTTCCAGGAGCTGAAAGCGTTCCACAAAACAAAACTTTTGAACCCGGGTGAATCCGAAAAGATCTTTCTGGAAATTCCTCTTAGAGATCTTGCGAGTTTCGATGGGAAAGAATGGGTTGTCGAGTCAGGAGAATACGAGGTCAGGGTCGGTGCATCTTCGAGGGATATAAGGTTGAGAGATATTTTTCTGGTTGAGGGAGAGAAGAGATTCAAACCATGAAAAGGGGGTAATATGATGAGCAGGCTGGTTTTCGCTCTGCTTCTCTTTCCTGTTTTCATTCTGGCTCAAAACATCCTTGGCAACGCTTCTTTCGATGAACCAATCCTCATCGCAGGTATGGATATAGACCCACCCGCAGAGGATGGTTCCATAAACACAGAAGGAAACTGGGTATTCTTCACCAATTCAAACGGTGAGGGAACGGCTCGAGTTGAAAACGGCGTTCTCGTGGTTGAGATAACAAACGGAGGAGATCACACCTGGTCGGTTCAGATCATACAGGCTCCCATACGTGTTGAGAAACTCCACAAGTACAGAGTTTCTTTCCGAGCCAAGGCTTCCTCTCAAAAGAACATCGGGGTGAAGATAGGAGGAACGGCCGGAAGAGGATGGACCGCGTACAACCCCGGTACCGACGAATCCGGCGGCATGGTCTTCGAGCTCGGAACAGATTGGCAGAAGTACGAGTTCGAATTCGTCATGAGACAGGAGACCGATGAAAATGCTCGTTTCGAGTTTCAGCTTGGAAGGTATACCGGCACGGTCTGGATAGACGACGTAGTGATGGAGGACATCGGTGTTCTCGAGGTAAGCGGTGAGGAAAACGAAATCTACACCGAGGAGGATGAAGACAAAGTGGAAGACTGGCAGCTCGTTTGGAGTCAGGAGTTCGATGACGGTGTTATCGATCCGAACATCTGGAACTTCGAGATAGGAAACGGTCATGCAAAAGGTATTCCAGGCTGGGGTAACGGGGAACTCGAGTACTATACAGACGAAAACGCGTTCGTTGAGAACGGCTGTCTTGTGATTGAGGCGAGAAAAGAACAGGTTTCCGATGAGTACGGAACCTACGACTACACCTCAGCCAGGATGACCACAGAAGGAAAATTCGAAATAAAGTACGGAAAAATCGAAATAAGGGCAAAACTTCCAAAAGGAAAAGGTATCTGGCCCGCTCTCTGGATGCTCGGAAACAACATAGGAGAGGTCGGATGGCCCACCTGTGGTGAGATAGACATCATGGAAATGCTTGGCCACGACACCAGAACCGTTTATGGAACAGCACACGGTCCGGGATATTCCGGTGGTGCGGGTATAGGTGTTGCCTATCATCTTCCAGAAGGAGTACCGGACTTTTCCGAAGACTTCCACATTTTCTCCATCGAGTGGGACGAAGACGAAGTGGAGTGGTACGTGGACGGACAGCTCTACCACGTCCTCAGCAAGGATGAACTGGCCGAACTCGGTCTTGAGTGGGTTTTCGACCATCCGTTCTTCCTCATTCTGAACGTTGCCGTGGGAGGCTACTGGCCAGGTTATCCCGACGAAACCACCCAATTCCCGCAGAGAATGTACATCGACTACATCAGAGTCTACGAAGATAAGAATCCTGAAA
NZ_CP003409.1_gap27	960955	965264	4309	TGAAGAGAGGGTGATAGCGTGCGATTCGGTTATTTTGATGACGTCAACCGTGAATACGTGATCACAACTCCTCAAACTCCGTATCCATGGATAAATTATCTGGGAACGGAGGACTTCTTTTCCATCATATCTCACATGGCAGGGGGTTACTGTTTTTACAAAGACGCGAGACTCAGAAGAATAACGAGGTTCAGATACAACAACGTTCCAACGGATGCTGGAGGAAGGTACTTTTACATCAGAGAAGAAAATGGAGATTTCTGGACACCCACGTGGATGCCTGTGAGAAAAGATCTTTCCTTCTTTGAAGCGCGCCACGGTCTTGGATACACAAAGATCACAGGTGAAAGGAACGGCCTGAGAGCCACCATCACCTACTTTGTGCCAAGACATTTCACAGGGGAGGTCCATCACCTTGTTCTGGAGAACAGAACGAACACGCCGAGGAGGATAAAACTTTTCTCCTTTATAGAGTTCTGCCTCTGGAACGCTCTCGATGATATGACGAACTTCCAGAGAAACTACAGTACGGGTGAAGTGGAAATAGAAGGTTCTGTGATTTACCACAAGACAGAATACAGAGAAAGAAGAAACCACTACGCGTTCTATTCTGTGAATCAACCGATAGATGGTTTTGATACAGACAGAGAGTCCTTCATAGGTCTCTACAGCGGTTTTGAAGCTCCTCAAGCGGTGGTGGAAGGAAAACCCAGAAATTCCGTCGCGAGCGGGTGGGCACCGATCGCTTCACATTACTTAGAGATAGAACTCGCTCCATCCGAAAAGAAAGAACTCATCTTCATTCTCGGGTACGTAGAGAATCCAGAGGAGGAAAAATGGGAAAAGCCCGGTGTGATAAACAAAAAGCGAGCAAAAGAGATGATAGAGAAATTCAAAACAGGTGAAGATGTTGAGCACGCCCTGAAGGAACTCAAAGAATACTGGGACGACCTTCTTGGAAGAATACAGGTAGAAACCCATGACGAAAAACTCAACAGAATGGTGAACATCTGGAATCAGTACCAGTGTATGGTCACGTTCAACATCTCTCGAAGCGCTTCGTACTTCGAGTCTGGTATCAGTAGAGGAATAGGTTTCAGGGACTCGAACCAGGATATCTTAGGTTTTGTTCACATGATCCCGGAGAAGGCAAGGCAGAGAATACTCGATTTGGCCTCTATCCAATTCGAGGATGGAAGCACTTACCACCAGTTCCAGCCGCTCACCAAGAAGGGCAACAACGAAATAGGAGGAGGCTTCAACGACGATCCGCTTTGGCTCATTCTCTCAACGAGCGCTTACATCAAAGAAACGGGTGACTGGAGCATACTGGACGAAGAGGTTCCCTTCGACAACGATCCGAACAAAAAGGCATCACTCTTCGAGCATCTGAAGAGATCTTTCTACTTCACTGTGAACAACCTCGGTCCCCACGGTCTTCCATTGATAGGAAGGGCCGATTGGAACGATTGTCTTAACCTCAATTGTTTCTCGAAAGATCCCGATGAGTCTTTCCAAACAACCGTCAACGCTCTCGACGGAAGGGTAGCGGAGTCCGTCTTCATAGCGGGGCTCTTCGTTCTTGCTGGAAAAGAATTCGTGGAGATCTGCAAAAGACGAGGACTTGAAGAAGAAGCGAGAGAAGCAGAAAAACATGTGAACAAAATGATCGAGACCACTCTGAAATACGGCTGGGATGGTGAATGGTTCCTCAGGGCGTACGATGCCTTTGGGAGAAAGGTGGGAAGCAAAGAGTGTGAAGAAGGTAAGATCTTCATAGAACCACAGGGAATGTGTGTTATGGCAAGTATCGGTGTGGACAACGGATACGCGGAAAAAGCTCTCGATTCTGTCAAAAAATATCTCGACACACCCTACGGACTCGTTCTTCAGCAGCCGGCGTACAGCAGATATTACATCGAGCTTGGTGAGATCTCGAGTTACCCACCGGGCTACAAAGAAAACGCGGGGATCTTCTGTCACAACAACCCATGGGTAGCGATAGCCGAGACTGTTATAGGTAGGGGAGACAGAGCCTTTGAGATCTACAGAAAAATCACACCGGCTTATCTCGAAGACATCAGCGAAATACACAGGACTGAGCCGTACGTCTACGCTCAGATGGTTGCCGGAAAAGATGCACCGAGGCATGGAGAGGCAAAGAATTCCTGGCTCACGGGGACTGCTGCTTGGAGCTTTGTAGCGATCACTCAGCATATACTCGGGATAAGGCCTACTTACGACGGCCTGGTGGTGGATCCCTGCATCCCGAAAGAATGGGAAGGATTCAGGATCACAAGAAAGTTCAGAGGAAGCATCTACGATATAACGGTGAAGAATCTCTCTCATGTTTCCAAAGGAGTCAAAGAGATCATTGTTGATGGAAAAAAGATAGAAGGACAAGTACTTCCAGTTTTCGAGGATGGAAAGGTGCACAGGGTTGAAGTTGTGATGGGCTGACCTTTTGTTCTCCGATGATATAGTACAGACGAGGGGGTACTCCCCCTCTTTTTTTGTGCAGAGAGTTTTGATAGAATAGTTAGGCACACGAATCAAAACAACAGGAGAGGTGATGAACGTGAAAAAGTTCCCTGAAGGATTCCTCTGGGGTGTTGCAACAGCTTCCTACCAGATCGAGGGTTCTCCCCTCGCAGACGGAGCTGGTATGTCTATCTGGCACACCTTCTCCCATACTCCTGGAAATGTAAAGAACGGTGACACGGGAGATGTGGCCTGCGACCACTACAACAGATGGAAAGAGGACATTGAAATCATAGAGAAACTCGGAGTAAAGGCTTACAGATTTTCAATCAGCTGGCCAAGAATACTTCCGGAAGGAACAGGAAGGGTGAATCAGAAAGGACTGGATTTTTACAACAGGATCATAGACACCCTGCTGGAAAAAGGTATCACACCCTTTGTGACCATCTATCACTGGGATCTTCCCTTCGCTCTTCAGTTGAAAGGAGGATGGGCGAACAGAGAAATAGCGGATTGGTTCGCAGAATACTCAAGGGTTCTCTTTGAAAATTTCGGCGACCGTGTGAAGAACTGGATCACCTTGAACGAACCGTGGGTTGTTGCCATAGTGGGGCATCTGTACGGAGTCCACGCTCCTGGAATGAGAGATATTTACGTGGCTTTCCGAGCTGTTCACAATCTCTTGAGGGCACACGCCAAAGCGGTGAAAGTGTTCAGGGAAACTGTGAAAGATGGAAAGATCGGAATAGTTTTCAACAATGGATATTTCGAACCCGCGAGTGAAAAAGAGGAAGACCTCAGAGCGGCGAGATTCATGCATCAGTTCAACAACTATCCTCTCTTTCTCAATCCGATCTACAGAGGAGATTATCCGGAGCTCGTTCTGGAATTTGCCAGAGAGTATCTACCGGAGAATTACAAAGATGACATGTCCGAGATACAGGAAAAGATCGACTTTGTTGGATTGAACTATTACTCCGGTCATTTGGTGAAGTTCGATCCAGATGCACCAGCTAAGGTCTCTTTCGTTGAAAGGGATCTTCCAAAAACAGCCATGGGATGGGAGATCGTTCCAGAAGGAATCTACTGGATCCTGAAGAAGGTGAAAGAAGAATACAACCCACCAGAGGTTTACATCACAGAGAATGGGGCTGCTTTTGACGACGTAGTTAGTGAAGATGGAAGAGTTCACGATCAAAACAGAATCGATTATTTGAAGGCCCACATTGGTCAGGCATGGAAGGCCATACAGGAGGGAGTGCCGCTTAAAGGTTACTTCGTCTGGTCGCTCCTCGACAATTTCGAATGGGCAGAGGGATACTCTAAGAGATTTGGTATCGTGTACGTGGACTACAGCACTCAAAAACGTATCATAAAAGACAGTGGTTACTGGTACTCGAACGTGGTCAAAAGCAACGGTCTGGAAGATTGAAAAGGGCGGCCTAGCCGCCCTTTCTTTTTGATGCATTATTTTTCCCCCTATTCGTTCATTCTGAGTGAATATCCTCGATTATTTTCATTTAACGAAAAAAAATCTCCCGTTTTCTCCCGATAACTCACTTGCAAAGAATTTAAAAGTCTGGCAAAATATCAAATAGGTTAATTTGATTATAACGTCATTTAACTGATACTTAAGGAGGTGTTTTTGTTATGAGGAAGTACTTTGCTCTGTTGCTTGCAGTTCTTCTGGTTGGTGGACTCTTCGCTGTGAAAATCACTATGACATCTGGAGGGGTCGGAAAGGAACTCGAGGTACTGAAAAAGCAGCTGGAGATGTTCCACCAGCAGTACCCAGATATCGAAGTGGAAATCATTCCGATGCCGGACA
NZ_CP003409.1_gap28	981050	984696	3646	CCCTGTTGAAGTTCAGTACGTTGATTTTGGAAGCATCAAATCCAAATTCCTGACGGCGGCTCCACAGGGACAGGGTGCAGACATCATTGTTGGAGCGCACGACTGGGTAGGAGAACTCGCCGTCAACGGTTTGATCGAACCCATTCCCAACTTCTCTGATCTGAAGAATTTCTATGACACGGCTCTCAAAGCTTTCTCTTACGGTGGAAAACTCTACGGAGTCCCGTACGCCATGGAAGCGGTTGCTCTCATCTACAACAAGGACTACGTTGATTCTGTTCCTAAGACCATGGACGAGCTCATAGAAAAAGCAAAACAGATAGATGAGGAATACGGAGGAGAAGTCAGAGGTTTCATCTACGATGTCGCCAACTTCTACTTCTCTGCGCCGTTCATTCTGGGTTACGGAGGATACGTCTTCAAGGAAACACCTCAGGGACTCGACGTGACAGACATTGGACTCGCGAACGAAGGAGCAATCAAAGGAGCGAAACTCATAAAGAGAATGATCGATGAAGGTGTTCTCACCCCTGGTGACAACTACGGAACGATGGATTCCATGTTCAAAGAAGGTCTCGCGGCTATGATCATCAACGGACCTTGGGCTATAAAATCTTACAAAGACGCGGGTATAAACTACGGAGTTGCTCCCATTCCTGAGCTCGAACCGGGTGTTCCTGCCAAACCATTCGTTGGTGTTCAGGGATTCATGATCAACGCCAAGTCTCCAAACAAAGTGATCGCCATGGAATTTCTCACGAACTTCATTGCGAGAAAAGAGACCATGTACAAGATATACCTCGCAGATCCAAGACTTCCTGCGAGAAAAGATGTTCTCGAACTCGTCAAAGACAATCCCGATGTTGTTGCGTTCACTCAGAGTGCTTCCATGGGAACACCGATGCCAAACGTGCCGGAAATGGCTCCTGTCTGGTCTGCCATGGGAGACGCTCTCAGCATCATTATCAACGGACAGGCCAGTGTCGAAGAGGCTCTCAAAGAAGCTGTGGAGAAGATCAAGTCGCAGATAGAAGAATAATTCAAAGTGACGCCATTGTGATATAGTCAAAGAAGAGGGGGTTTTCCCCCTCTTTTAAAAATTCAGGGAGGTCTGATCGCTGTGAAAGGGCTTCTCAAAATCTTTCTGATATTGTTTCTTGCTGTATTCAACTCAGGAATGGTATGGGCAGGAATTTTCCTGCTTCAAAATTCTTATTATGAACTTGGAATCGTTCTTCTCACGCTTCTCGTACTCATAGATTACTTCATTTTCAATCCGAAGGCTTACCCTTACAGATACACCATTCCCGCTTTGATATTACTTTTTGTGCTCGTTCTCTATCCCATATACTTCACGGTGAAGGTTGCGTTCACCAATTATGGAACAGGACACCTCATGACGAAACAAGAGGCCATCGAGAGAATCCTTTTCGACCCGAATTACACTTATGTTCCAGAGAACGCTGAACCTGTTGAATACATGGTCTTCTCCGTGTTCGATGGTCTGAATCCTACCGAAGATTTTGTTGTTCTCTTCGAGAAAGATGGGAACATCTACATCGCGGAGCGCCCCGTTGTCACAAAAAGAAGTGGTAAAGAGATCCTTTTGAGAGAGTCAACTCTCTTTCCCGTGAAGGATGGGACCGCCGAAGTGAATGGGAAGGTTTATGAAATAGTCCCCTGGCCCGCTTCCATAAAAGAGGTGAACGCCGTCTATTCAGACGGTAAAATTTACAAACCGCTTTACTCACCTGAAGAGGTTTCCCTGAAGAGGTACGAACCTTTCTTCAAGGTAAATGTGGTTCAGAAGTATCTCAACAGGGCGGAGTTTTGGCTCGAGGATCAAAGCTACATGTTCAGAATAGGTGAAAATGGGGAATGGAACTTTTATCCGGTGAAGAGGATTTACTCTCTGTCTTTCGAAGAATCCCTCGAAAACGGAAGGATAACAACGAAACTTGTGGTGAAGAACAATCTCACTGGAAGGCATCTCGTTGAGAGAGAAGGTGCTTTTTACGATTACGATGAAAATGGAAGGGAATTTTTCGTGATTGGATACATGGAATACATTGGTTTCAAGAACTTCTCCAGGATATTCACCGATCCGAAGATCGCTGGTCCTTTTTTCAAGGTTTTCACCTGGACGTTCACCTGGGCAGCCCTCAGCGTTCTTTTCACGTTCGCGATAGGTTTTTCCCTCGCTCTCGTTTTAAACGATAAAACACTGAAGGGAAAGAACGTGTACAGGACGTTACTCATTATTCCATGGGCTGTGCCAGCTTTCATTTCCGTTCTCGTCTGGAGAAACGGGATGTTCAACGAGACTTATGGAATTCTCAACCGATTTGTTCTTCCGTTCTTGGGATTGGATCCGGTGAAGTGGTTCAACGATCCGTTCTGGGCGAAGGTCGCAGTTCTCACCGTCAACACGTGGCTGGGATTTCCGTACATGATGGCCGTCTCACTCGGAGCTTTGCAGAGCATTCCAGAGGAGCTCTACGAAGCCGCTGCGATCGATGGTGCTGGAAAATGGAGGAGATTCTGGACTATCACGTTTCCGCTTCTGATGACCACTGTGGCTCCTCTGTTGGTCGGAAGTTTTGCTTTCAACTTCAACAACTTTGTGAACATATATCTGCTCACCGGTGGAGGTCCCGCAATGGCTGGAACCACGACTCCCGTTGGTCACACAGACATTCTGATCTCCTACGTTTACAAACTCGCGTTTGAAGGAGGAAGGGGGCAGGACTTTGGTTTTGCCAGCGCCATATCCATCATCATATTCTTCCTCGTTGGAGGAATCAGCTTTGTGAACTTCAAACTCTCTGGTGCGTTTGAAGAGGTGAGTGAATGATGGTGAGAAAAAAGAATAGATGGCTCACGTATGCTCTTCTAACACTTCTTGTTGTTGTGGTTCTCTTTCCCATCGTTTGGGTTGTTTCTACCTCTTTCAGGAGGGATGAGGCGGCTTTCTCCCCGAAACTCTTCTCGTCTCGTCTCACCCTTCAGCACTACAAAGATCTAGTGGTCCCTGAAAAAAACCTTCCCGTTCTCATACAGGAGATGCAGAACCTCGTTTCCAGAGTGGAACCTTTCGACAACGTTTCCAGAGAGAAAGCAGACCGTCTCATCGAAGATCGAATCAGAAGATTTGAAAATTACCTCGCTGAAACGAAGAATCTTTTGGAGGATGTCAACGCGAGAAATTCGAAAATAGAAGAGACGCTTTCCCAGAGGTTCTCCGATGTGTTGTCTTACACAAAAGATGTTCTGGAAGAGGCAAAGAAATTGACTCAGGAGCAGATGGATAAAACCCCATTGCCCGATTCACAGAGGATCGCTGTTGCACTCTATGAAATATTGAAGGGTAAAAACTTTAGAAGTGCTGAATTTCAGGCTTTGAAGGACGTGATCGAGAAAGTAGTGGGTTACAGCGTTGAGAATCAGGACACTCTGAACGATGCTCTTTCTGAACTTGGACTGGTTTACGAGAAAGAGGTAGGAACGTTCATGAAAGAAATTGAAAAACTCGAAGGTGAAATTGAAACCCTTCAGAGAGAAATAGCCGTCCTTGAGAAGCAGAAGGAAACCCTTGAAAAAGAAATCTTGGAAAAACAAAAAGTACTCGAGGTTTTGAAGCCTGACA
NZ_CP003409.1_gap29	1006869	1010710	3841	CAAGAACGAACTCGTCACCGGTGGCTTTCTCTCTCCTGAGGAGTTCTCTCAGGCGGTTTCGATCGCTCAAATGACTCCAGGTCCCGTTGCGATAAACCTGGCAACTTACACGGGATACAAATTCTTTGGTCTGATAGGTGCTGTGTTGAACACACTCGCTTTCCTTGGGGCTCCCATTCTGGTTATCACCACTGCTATTTTCCTCAGAAAATACGTGAAGCTTCAGAGAGTGAGGTTGATGAAAGCGCTCGAAGGGGCCACCACAACCCTTTTGATCGTGACGCTCCTTTCGCTTCTCAGTTCCGTTCAGAATCCTGTGTTGATCCTGCTTTCTGCTGCCGCTTTTGTGTGTTCTTTCTTCAAGGTGCACCCTCTTTTCATCATTTTTGGGTGTGGAGTGATCGGAGCGATCCTCGGTTTCTGATAAAATATCACAGGAAAAGGAGGTGCTGAGAGTGGCAGAACTCTCGACGAGATACAATCCAGCTGAGATAGAGACCAAATGGTACAGATACTGGGAAGAAAAAGGCTACTTCACACCGAAAGGTGTCGGAGAGAAATTCTCCATTGTGATACCGCCTCCAAACATCACCGGAAGGATCCACATGGGGCACGCTCTGAACATAACTCTCCAGGATATCGTGGTCAGATACAAGAGAATGAAAGGGTACGATGTCCTCTGGGTACCCGGAGAAGACCACGCGGGTATCGCTACGCAGAACGCGGTGGAAAAGTTCCTTCTTCAAACACAGGGAAAGACGAGGGAGGAAATCGGAAGAGAAAAGTTCCTTGAGATCACCTGGGAGTGGGCTAACAAATACAGGAGGGAAATAAGAGAACAGATAAAGGCTCTTGGAGCCTCGGTGGACTGGACAAGGGAGAGGTTCACACTGGACGAGGGGCTTAGCAGAGCCGTAAGGAAGGTGTTTGTTGAGCTCTACAGGAAGGGTCTGATATACAGAGGAAAGTACATAGTGAACTGGTGTCCAAGGTGTAAAACGGTGCTCTCGGACGAGGAAGTCGAACACAAGGAACACAAGTCCAAACTCTACTACGTGAAGTATCCCGTCAAAGATTCCGATGAGTACATCGTTGTGGCAACCACAAGACCCGAGACGATGCTCGGTGACACGGCCGTCGCCGTTCACCCGGAGGATGAAAGGTACAAAAACTTCGTCGGTAAGACGCTCATTCTTCCGCTCGTTGGAAGAGAAATACCCGTTGTCGCGGACAAGTACGTTGACCCGAAGTTCGGAACGGGTGCGGTGAAGGTAACCCCTGCGCACGACCCGAACGACTATCTCATAGCTCAAAGACACAACCTTCCAATGATAGAAATCTTCGATGACAACGCGAGGATAAACGAAAACGGTGGAAAATACAAAGGACTGGACAGGTACGAGGCGAGAGAGAAAATAGTGAAGGATCTTGAAGAACAGGGCTTTCTCGTCAAGATAGAGGATTACACTCATTCTGTTGGGCACTGCTACAGATGTGACACGGTGATAGAACCGAAGCTTTCCGACCAGTGGTTCGTTTCCACAAAACCGCTTGCCAAAAGAGCTATTGAGGCCGTAGAAAATGGAGAGATAAGGTTCTTCCCGGAGAGATGGACGAAGGTCTATCTGAACTGGATGTACGAAATCAGGGACTGGTGTATCTCCAGACAGCTCTGGTGGGGCCACAGGATTCCCGTCTGGTACTGTCAGGATTGCGGCCATCTGAACGTCTCCGAAGAAGACGTGGAAAAGTGCGAAAAGTGTGGCTCCAAAAATCTGAAACAAGACGAAGACGTACTCGATACGTGGTTCTCCTCCGCACTCTGGCCGTTCTCGACCCTCGGCTGGCCCGAAGAAACCGAAGATCTCAAGAGGTATTACCCAACCGACCTTCTCGTTACGGGTTTTGACATCATCTTCTTCTGGGTCGCAAGGATGATCATGATGGGATACGAGTTCATGAACGACAAGCCTTTCAGTCATGTGTACATACACCAGCTTGTCAGGGACAAGTACGGAAGGAAGATGAGCAAATCCCTCGGAAACGGTATCGATCCTCTCGAGGTGATAGACGAATACGGTGCCGATCCGATGAGATTCACCCTCGCGATACTCGCCGCTCAGGGAAGAGACATAAAGCTCGATCCGAGGTACTTCGACGCTTACAAGAAGTTCGCGAACAAGATATGGAACGCCACGAGGTTTGTTCTGATGAACCTTGAAGATTACAAAGAAGTTCCTCTCGAAAACCTCAAGACAGTCGACAAATGGATTCTCACGAGACTCAACAAAACGGTGGAAGAAGTCACAAACGCTCTCGAGAACTACGACTTCAACATCGCAGCAAGGACCATTTACAACTTCTTCTGGGATGATTTCTGTGACTGGTACATAGAGGCTTCAAAGCCGAGGTTGAAGACCGAAGAGAGGTACCTTGTTCAGACGGTGCTTGTGAAGGTGCTGGATGCGTCCTTGAGACTCCTTCACCCGTTCATGCCGTTCCTCACAGAAGAACTCTGGCAGAAACTTCCTGTGGCCGGTGAATCCATAGCGATAGCGAAGTGGCCAGAGGTCGAGAGAGAACTCATCGATGAAACCGCAGAGAAGGAATTCACCAGGCTCATGAACATGGTGCGTGGTGTCAGGAATGTGAGGGCTGAGATGAATCTGCCGCAGTCTCAGAAAGTGAAGGTGTACATCAAGGGTTACGAGATCACGGAAGAGGAAAAACTTCTTCTCGAAACCCTTGGAAACATAGAAGAAGTGAGTTTCGTGAACGAAAAACCACCGAAGACAGCAACAGCCTACGTTGAGGAAGAAATAGAGGTCTACGTGGATCTTGGAGGGCTCATAGATTTCGAAAAGGAAAAAGAGAGATTGAAACAGATCATGGAGAAGATCCAGAAAGAAATAGATCGTCTGGAGAAGAAACTCGCAAACAAAGACTTTGTCGAAAAGGCACCTGAGGAAGTGATCGAAGAAACGAAAGAAAAACTCAACACCAACAGGGAACGTCTCGCAAGGCTCGAATCCATCCTCAGAGATCTAGAATGAAAAAGAGGGGCCAAAGCCCCTCTTTGTTTTTCAGTGATGTTCGTGGTGGTGATGATCGTGAACTTCGTAGTCTGAATCTTTCAGTTGTCCTGAGAGATACTGGTTCACCACTTCTTTCACCGTTCCAGATGCACCCCTTATCACTTTTACACCCATGGCTTCGAAGGCAGCGATGGCTCTTCTTCCGATACCTCTCACTATCACCAGCTCCGCTCCTTTTTCTTTCACAAAATTTGGGACAGCACCGTGAACATGATCCTGTGCAAGAGGGTTTTCTTCAACACTGATATCCACTATCGTGTTGTCCTTCACCTTCACGAATGCGAAATACGGTGCCCTACCGAAGTGTTCCGATATGGGAGAATCTTTTCCTCTGTTTTCGGAGACGGGAATGGCTATGATCATTGTCTCACCTCCTCTCAGGGTTCGGGTTTGGTTTCCGTTTCCTTTGGTGACAGATGATCTTCGGCCAGGAGAGGCTTTATTATCTCAAAGGCTTTCTTCACAATTTTGTTCTGCGCAACCAGCTTTTTTATATAGGAAGCATCGGGGAAACTTATCGCTCCTGTTGGACAAAGGTTCATGCACGTCTGACACGCGACCATACAGTTGTAAGGACGCGCCACTATCACTTTTCCCTCTTTTTTGTCGAAGTCGAACACTCGTCTTCCGCAGGTTACAAAGCAGATTCCACATGTCACACATTTATCGTAATCGATGGTTGGGTACCACTCTATTTCTTTCCTGTCCACGCCCCACCATGGGACTTTAGAAAGATCACGAACTTC
NZ_CP003409.1_gap30	1057925	1060406	2481	CCTTTTCTGTGTCCGTGATGAACCTGTTCAGCGCTACCACGACGGGTAGATTGAATTTCCTCAGGTTTTCCAAGTGTACCCTGAGATTTTTGAATCCTTCTTTGAGGGCTTCCAGGTTTTCCTCGTGTATGTTTTTGAGGTCCGCACCACCGTGGTATTTCAGTGCTCGTACTGTGGCCACAAGAACGGCCGCGTTCGGATAAAAACCACCGACACGGGAAACAAAGTCGATGAATTTTTCGGCACCGAGGTCTGCTCCAAAACCCGCTTCCGTGACCGTGTATTCGGAGAGCTTCATGGCCATCTTCGTCGCTATGATGGAATTGGTGCCGTGCGCGATGTTGGCGAAAGGTCCGCAGTGTATGAGCGCTGGAGTTCCTTCGGTTGTCTGAACAAGGTTGGGATTTATGGCATCTTTCAAAAGAACGGCCATGGCCCCCTGAATTCCAAGATCAGAGACCCTGACGATTTTCCTGTCAGTGTTGAGCGCTACGATTATTTTTCCAAGTCTTTCTTTCAGGTCCTTCATGTTCTCGGACAGAGCAAGAACGGCCATCACTTCGGAAGCGGCCGTGATGATGAAACTGTCTTCTCTTGGAAATCCGTTCGCTGAGCCTCCAAGACCGATCACTATGCTTCTCAAAGCACGGTCGTTCATGTCCATGGTTCGCTTCCAAAATACTCTTGTTATGTCTATCTTGAGCTCGTTGCCGTGTTTTATGTGCGAATCCAGAACGGCCGCCAGCAGATTGTGGGCGGAGGCCACGGCGTGCATGTCTCCGGTGAAATGAAGGTTTATCTCATCAGAAGGAAGAACCCTCGACCTGCCACCTCCTGTTGCACCGCCTTTCAATCCAAGGGTGGGGCCGAGGGAAGGCTCTCTCAGAGTAACTATCGATTTCTTACCGATTCTGTTCAGAGACATGGAAAGTCCTATGCTGGTGGTAGTTTTTCCTTCACCTGCAGGGGTAGGAGTAACTGCCGTTACGAGGATCAGTTTCCCATCTTCACGATTTTCAAGGCTTTTCAAGAATCTGTGGTCTATCTTCGCTATGTAGTGGCCGTAAGGATAGAGAACGTCGTCTTTCAATCCCAACTGATCGGCGATCTCTTTGATCGGTTTCAAAATTATCACCTTCAAAGTTCGAATTTTTCTTTTGGAGCGTGTTCTTTGGCGATTCTGTCCAGTATTCCGTTGACGAATTTTCCACTGTTCTCCGTGCCGTATCTCTTGGCTATTTCTATGGCTTCATCGATGGTCACTTCTATGGGGATGTCCTTTTCGAAGAGCAGTTCATAAGTGGCGAGTCTCAGAACGTTTCTGTCCACAGCTGATAGTCGGTTTAAAGACCACTTTTCTAGGTATCGGGAAATGAGATTGTCTATCATGGGAAGGTTTTCTTTTATACCTCTTATGTAGCGCCTGGCATCTTCCTTTGCCTTTTTATCGTAGGTTTCATCCAGAATTTCCTCGAGAATTTGTTCAAGATCTTCGTCTCTTCTGAATTCATGCTGAAACAGGGCTTTGAAGACAGCAAGCCTCATTCTTCGCCTCGGTGTTTTCATGTCTGGATCTCCTTTCCAGATTTTATTCTTTCTTTTCTTCATCCTCCTTGATTTCTTCTGGTTCTTCTTCCAGCTCCTCTTCTTTCTCAAAGACGTTCTCCACCGTGACGTTGATGGATTCCACTTTCATGGATGTCATCATTTCGACGTCGTGTTTGACTTTTTCGGTGAGTTTGGAAACGTATTCCGGAATCGACTCACCGTAGGGTACATCGATTTTGAACTCGATCACAAGGCTGTCATCGGGGTTTCTGGTAACATCGAGGCTCTTCCTGATCTTCTTGATAACCTTTGAACTCACATCCCCCAAAAACTCTTCGATGCTTCTGATTGCGATTTCTTTTATCACTCCGTCGGATATTTCGATGTTCTTGTATTCTTCCGCCATGAGGATCCCCCCTTTTTATGCTCTTCCAACGTACTCCCCTGTTCTCGTATCAACTTTTATTTTATCACCAACTTCGATAAAGTAAGGTACAGTGATCTTCAGTCCAGTTTCGAGGACTGCTGGTTTTCCTCCCCCGGAAACAGTATCACCTTTGAAGGAAGGTTCTGTCTCTACCACTGTCAGTTCAACGGTGGTTGGAAGCTCGATTCCTATGGGTGTTCCTTCGTGAAATACAAGGTCCACTTCCATGTTTTCGACCAGGTAGTATTTTGCATCGCCTATTTCCTCTTCACTGAGAGCGTACTGCTCGTAGTCATCAAGTGTCATGAAATAATAGTGATCTCCGTCTCTGTAAAGATACTGGGCTTTTCTGAAAGAGAGTTCTGCTTCCGGTACCTTATCACCGCTTGGAAAGTTCACTTCCCTTACGAGTCCTGTTTTCACGTTCTTGAGTTTTGTCCTGATGAGTCCGCTCCCTCTTCCCATGAAGTGTTTGCTCGCCTCGAGGACTCTGTATATTTCTCCAT
NZ_CP003409.1_gap31	1202459	1206278	3819	CGCCTAGAGCAAATTGCTCCGCTGATCTTTCATTACTATCTCTCGGCCACACTCATGGAACTCATGTTTCAGACGAAGATAGGAGAATACTACGCAAGACAGAACGCCATGAAGAACGCCACAGACAACGCCCAGGAAGTGATCAGGGAGCTGACACTGGCGTACAACAAAGCGCGTCAGGCTTCGATCACCCAGGAACTCATAGAGATCGTTACGGGAGCAGAAGCTCTGAAGGAAATAGAAAAATGAGGTGATATGGCATGGCAAAGGGTTCGAAAGGATTCATTGTGAGTATTATGGGACCTGTTGTGGACGTGAAATTTCCCGAAGAGGAACTCCCGGATATATACAACGCCCTCGAAGTTGTAAATCCCCAAACGGGGCAGAAGGTAGTGCTCGAGGTGGAGCAGCTCATCGGCGATGGAGTTGTTAGAACGGTGGCTATGGATTCAACAGACGGTTTAACCAAAGGTCTGGAAGTGGTAGATACAGGAGCTCCCATAACAGCACCTGTGGGGAAAGAAGTCCTTGGAAGGATCCTGAACGTGATAGGTGAACCTGTCGACGAAGCAGGAGAAATAAAAGCCAAAGAAAGATGGCCCATTCACAGACCAGCCCCTGAGCTTGTGGAACAATCCACAGAGATAGAAATCCTCGAGACCGGTATAAAGGTGATCGATCTTCTCGCTCCGTTCCCAAAGGGCGGAAAGATCGGTTTCTTCGGAGGAGCGGGCGTTGGAAAGACCGTGCTCGTTATGGAACTCATCAGAAACATCGCAATAGAACACAAGGGATTTTCAGTGTTCGCAGGTGTCGGGGAGAGAACAAGAGAAGGTAACGAACTCTGGCTCGAAATGCAGGAAAGCGGAGTTCTTGGAAACACCGTTCTCGTTTTTGGCCAGATGAACGAGCCCCCGGGAGCAAGGTTCAGAGTGGCTCTTACCGCCCTCACCATCGCTGAGTACTTCAGAGACGTAGAAGGAAGAGACGTTCTTCTCTTCATAGACAACATATTCAGGTTTGTCCAAGCTGGAAGTGAAGTCTCGGCACTTCTCGGAAGAATGCCGTCTGCTGTGGGATATCAGCCCACCCTCGCAACCGATATGGGAGAACTTCAGGAGAGAATCACTTCGACGAGGAGAGGTTCCATCACATCCGTTCAGGCCATATACGTTCCTGCGGACGACATAACCGACCCGGCACCGGCAACCACCTTCGCCCATCTTGATGCCACTGTGGTTCTGTCACGAAGAATAGCAGAACTTGGACTTTACCCGGCGGTTGATCCTCTCGACTCCTCCTCGAAAATTCTGGATCCAGCGATCGTTGGAAGAGAGCATTACGAAGTGGCAAGAGGTGTTCAGGAAGTTCTTCAGAGATACAAGGACCTTCAGGATATTATCGCCATACTCGGTGTGGAGGAACTCTCTCCGGAAGACAAACTTGTGGTTCACCGTGCCAGAAGAATTCAAAGGTTCCTCAGCCAGCCGTTCCACGTAGCAGAAAGGTTCACAGGTCGTCCTGGAAGATACGTACCCATTGAAGAAACAATTAGAGGATTCAAGGAGATTCTCGACGGAAAACTCGACGATGTACCTGAACAGGCGTTTCTCATGGCCGGAAACATCGACGAAGTTAAAGAAAGAGCAAAAGAAATGAGGAGTTGAAAATGTGAAGGTAAAAATCGTTACACCCTATGGGATCGTGTACGACAGAGAAAGCGACTTCATTTCTTTCAGAACGGTGGAAGGATCCATGGGAATCCTCCCCAGGAGGGCTCCCATAGTAACCCAGCTCTCCGTGTGCGATGTAAAAATAAAATCGGGTGATGATGAATACCATCTGAAAGTTGCGGGTGGTTTTTTGCTCTGCGATGGAAAAGATGTGATCATAATCACGGAAGAAGCCGGAAGAGAAGAAGACATCTCCCCTGATAGATTCATGGAAGCAAGGGAAAGAGTGGAAAGGGTGAGACGATTCTTCCAGTCTTCGTTATAGACAGCGCTGTCACAGTTGGCAATTGGGAACTTCCGTTTCCTGTAAGAACGATCGGTATAAAGGTCTACATCGACGATAAAGAGTACACAGACGACGTAGACATCGATAAAGAAGCTTTTTACAGTCTTTTTGGAAAGGCAAAAAACTTCAGAACAGCCGTCCCCTCTCCGCTTGAAATGGAGAGGGTGCTTCGTGATATAATTTCTGAAGGTTGTACCCGTATATACTGCGTTCACCTTTCTTCAAAGCTGAGTGCTTTCTATAACGTTGATGAAGAGCGTAACCGAACGTCTAAAAGAAAAGTTCCCATCGGTGACATTCAGGGTTATTGACACCAGACAAGTTTCAATAGGTGCAGGATATGTTCTTCTAAAGTTGATGGAATCGGTGAAAGACGGCAGAGAGGATCTTGAAAGAGTTGTTCAGGAAGCAAACGAAAGAATAAAGATCCGCTTCTCAGTGCTGGAATTCGATTATCTCATGAAGAGTGGAAGGGTAAAAGCGATAACAGGAATGCTCGGGAATCTCATAAAGATACATCCCATTCTGAGCATTGAAGATGGAGAACTCAGAGTGGTAGCGAAAAAACGTGGTTTAAAGAATGTTGTAGAGAAAATTGTTCAGGACCTGAAAATAGACGGAAGAAAAATGCTGGGACTTGTTTATGCCGGGGAAGAAATGAAGGAGATCGTTCTTGAAATAGAAGAAAAACTGAAAGACGAACACATCGAAAGGGTGGACATCGTGAGATTGCCTCCCACCCTTGCTGTTCATTCTGGTCCCAAGATGTTCGGAGCAGGTGTATTCATACTGTAAGGGAGGTGCTTTTATGGAGTACAGGATAACGGGAAAGGGTGTAGAAATTTCCGAAGCCATCAAAAATTATCTGGAAAAAAGGCTCGATAAAATTGACAGGGTGATTTACGATGATGACCTCGTTTCCTTCAACGTTAGAATAGAAAAAGATGGTAAGAATCAATATGTGGTTAAGTTCAATATGAATCTGAAAGGGAACATCATCAATGTAGAAGAAAGACACCCGGATATTTACACCGCGATAGATTTTGCCTCGGATGCTCTAGAAAAACAGGTGAAAAGATTGAAAGAGAGGCTGAAGAACCACCCTCATAGAAGTTCTGCACTCGTTGAAACTCCTCTTGAAGAGCCAGGTGAATTTTCCCCATCTGACAAGGTCTCTTCTGTAAAAAGAGTTTCTCTTCTCAACCTCGATCTCGATGAAGCAGTTATGCAGATGGATGAGTTGAACCATCGATTCCTCGTTTTCAGAAACGTCAATACTGGCGAAATAAATCTCCTCTACAGGGACGAAAACGGAGACATTCATCTCATCGAGATGGCAGAGTAAACCGGAGGTGTCAAGGATATAAGAGAATTTCTCCTTAATGTTCAATCAGACAGTCTGTCCTACGCTGTAATGAACGATGGAGAACTCGAAGAGATCTTTTTCGATGAGATAGAAACGATCGCAGGGAAAATTTACCTTGGAAGGATCGAAAAAATTGTACCAGGACTCGAAGCAGCCTTCGTGAAAATTGGAAAGGGCAGGAACGCCTTTTTGAAACTCAGCGAGATTAATGAAGCCTACAGGAAAACTGTTCTGAAAGGACAAGAAGTAAAAGAAGGCCAGAAGATACTCGTACAGGTGAAAAAGGATGCTTCGGGAAAAAAAGGACCTCAGGTAACACCCCAGATAGGGATAGCCGACAGATTCGTTGTCATATTTCCTTTCAAAAAAGTGATAGGTGTTTCAAGAAAGATAGAAGATGCTTCAGAAAGACGCAGATTGAGAACCATAGCCTT
NZ_CP003409.1_gap32	1217214	1219697	2483	AAGAAGAAGAACTGATAAAAAGAGACATAGAAACTTCCCAAAAATTTCCTCTCTTCATTCTGATCACAGGTGAACAGAGGGTGGGAAAAACGAAACTCGCGTCTGTTCTGGTCGATGAATTGAGAGAAAGAGGATATATGATTCACCAGATCTCATCTCTTGAAGATCTCCGTGTATGGTACGATGCTTCAGACGAACTCGATCTTCTCACCAAACTCGACGACGGTCAAAAAAAGGTGATCTTGATCGACGACTTGTTTGAAGGTTCAGACTTGTTATCGTTTCTCGAGGAGTTTTCCGGACTCTCCACTATCACCAAAATAATCGTTCTAACAACTTCTACAAAGGCTTTTCAATTCTTCCACAAGGTGTACAGGCTCTCTCCTTTCACAGTTGAGGAAACTCGTATCTTTCTTGAGAGAGCGATTGGAAAAATCAGCGAGGATCAAGTTAAGTTGATTCACAGTCTCAGCAAGGGATTACCGGGATACATGGTAGAATTGTTGAAATTCTTCAACAAATCCAATCTCAGAGAAAACATCGTTGGAATCTTAAAACCTCTTCTTCGAGAGCTGGATTCCGCAGAAATCAGAGAACTGAGCGTTCTGGGACAGAAGTTCACCGGAAGCGAATTGAGGGTTCTTGAAAAGATAACCGGAAAAGACTACCATGACACTTTGATGTCCGCATATGATTCTGGTGTGATAACGACAGAAGAAGGACTCTACAGATTCGCACTTAGAGAATTCTGGAAATACTACTACTACAACAAGCTTTCAGAGAACAAAAAGAAAAATCTCCACGAAAAACTGTTCGAAAATCTCCCGGACGACCTCGCAATAAAACACGCTCTATCTCTGGAAGACCCAAAATTAAAGTTTTTCTACGTGCTGAGATACGTGAGAAAGCACTTCTGGGATTATGAAAAGACCAGATCGCTCATTGAATACCTGAGAAGACTGGAAGAGTTTTTCGAAAAGCCCTATTATTCCATAGAAAGCTTGAAGATGAAGCTTATTTTCAGAATAGATCCTCTGGGTGTAGAAAAGGAGAATTTTCATTTTCGCAGATTCAAAACCCTCAGAGAAATAGATGTTGAATCGATCTTGCAAAAAGACTCACTGTCTTATTATGATCTATACAATCTCGTCGTTCTTTCCCGTTTTCACATAAGAGCGGGAAAGAAAGCCCCTCAGGAAATTCTCAACACCATCAAAAGAGAGCTCAAAGAGAAAAACTTCTCCACAAGAGAAAGGCTTTATCTGAAGGCTCATCTTCTCTACGATCTCTTTTCTTCAACTGAAGATCGGGAAGCACTGAAAGAGATGATGAACATTGCCACCTCGGAAGGTTTCCTCGACCTTCAAGTGATGGGTTACAGAGCTTTGGGAGTTCTTTCAAGAACGAGAGCGATGAGCAACTACTACTTCCATCACTCTTTAGAGCTTTCAAGAAAAATAGACCCATCACTTTCCATCGTGGACGAAAGCAATTTGACATGGAGCTTGCTCTACGAGGGAAAAATAACGAACTTCCTCGTCCAGCTTGAAAGACTGAGAAAACAGGCAAGGCTCTTTGAAGACATGCCCATCCTTTCTTACACCTACTTTCTCGAAGGGCTCTACTACATCCACAAGAAAGATTTCCAAAAAGCAGAAGAAGTCTTCAGAACAGAACTCGAACTGGAAGAAAGACACGGAATAGAAAGAAGAGCACTCAGAGGACTGGTCATTAACTATCTGTTTTCTGGAGACGTTGAATCCGCTAAAAGTCTTCTGGAAAAGGATGAACCCGAGTTCGATAGATTCGGATTCGATTTTCTCAAGAGGCTGGTTCTTGCAAAAGACGATTCAGAGCTCTTGAAAATCTGGAAAGAAAGGCTTGAAACTCCTCAGAAATTCTTCAACGAAGAAATCGCTTACGTTTTTACAGAAAGGTTAGCAAAATTGGATCCAGAAGGCTTCGAAGATTTTCTGCTCGAACTTGAAAGGGAAAACGTCGAAAACTCTTCAAATCTCACACTCGCTCTGGTTTATGAAACCTTTTACAAATTCTACAGTGCCCTTGGAGAAAACTTCAAAGCCAAGCGTTATCTCAGAAGGGCGATTTTTGTTTACAACCTGATAGGCTTGAGAGAAGTTTCGGTCAAGCTGGAAGTGGAAGAAAAAACTCAAATTGAAGAGAAAAAAGCACCGTTTTATCTATTGCTGGGTTTCATAGAAACAGAAAAGGAATTTTCTGATATGATGGAGTTTGCTTCGGCAAGGCTTTCAGAAGTAATTCCATACGAAGTTTTTTCAATTCGAATAATTGAGAGAACAACGAAAAAGGTGATGGAAGAATATTCAACATCTCCAATCACTCCACCTATGGAGAAGGACTTCCTCGAAATTTCACCCTTCAGAACGGTCATGTCCTTCCATCTCGATATGAAGCACGACATGATCGTTGGTGTCGAGACCAACCTTGAATGTGACGAAAAG
NZ_CP003409.1_gap33	1221935	1223600	1665	TTGGGAGCAACGAGAACAAGGTCAAGCCCCTTCTCCCTTGCAAGTTCCAGAGCTTTTCTGGTTGGCATGACACCTATCATCTTCCCATTTTCGTCCACCACTTTGACTTTTGGAACTTTTATCTGCTCGTTTCTCGGAAGATCCGTGTTTACACCGATATCTATCGCCTCCTTACACTATAAAAAATAGCGGGCAAAAAGCCCGCTTCCCCTCGAAGCTGAATCTTTCAGGGATATTTACCCTGGTAGCCTTCTGCCCCAGGGTGGGAAGCCGGGCTGGCCTCCACTTACTTTTTTAATGAAATCTGGTGGGCCGTGCAGGACTCGAACCTGCAACCCCCTGATTAAGAATCAGGTGCTCTACCTATTGAGCTAACGGCCCACCACATATTCCTTCCGGGAGTGGTGCCCCCGGGAGGAGTCGAACCTCCATTTGCGGATTAGGAATCCGCCGTTCTATCCGTTGAACTACGGGGGCCCCCGCTGGTGGAGCCGATGGGACTTGAACCCACGACCTCTACCGTGCCATGGTAGCGCTCTCCCAGCTGAGCTACGGCCCCACCTCGTCTTTATATTATAACACAATCCTTTTCCTTTGAAAAGACCAGTTCAGACGCGCCGAAGAAGATTATAGCATGAGCATGAAGTATGTTCAACCCCTGTTTTTAAGAAAATCTGGATCTTTAAAACAAAAAGCCCGGTCAGTCAAAATGACCGAGCTGAAAATCCAGGTTTCAACGGTACGAGCTGGTGGCCAGGGGCGGAATCGAACCGCCGACACCTGGATTTTCAGTCCAGTGCTCTACCAACTGAGCTACCTGGCCACCTAACATCTCTGGTGGGAGCGGCAGGACTTGAACCTACGACCTCCTGCTTGTAAGGCAGGCGCTCTCCCCCTGAGCTACGCTCCCACCGCATTGAATATATTACCTTAAAATTTTGAGTTAGTCAACCTCTGGCTCTTCCGTCAGAACGCGCTTTTGCTTTTTCAGGTTCTTCAGAGCGTACATCTGAAGATCTGCGTTTTGAACAATTCCTTCCACATTTTCACCGGGTTTCCAGGTCTCTATTCCATAAGAAAATTCTACCGGGAGTCCCACAGGGTTGAAAATTAATTTTTTCTCAAGTCTTTTCACAATGTTTTCAACAGTTTTTTTGTCGGTATCCGGGAAAGCAATAAGAATTTCGTCTCCGCCGAATCTAACCGCACAATCGGTTTTCCTGATGTTTTTGATGATCTCACTTGCAACGTACTTCAAAAGTTTGTCGCCCATTCTATGAGAATTTGAAATCATCCAGATCGATGATGAGAAAGGAGATGCCCTTTCCACTCTTTCTTTTTTGCCTTTCCATTTCCCTTGGGAGCCACTCCTCAAAGAAGTAGTACCTCGTGTAAAGTCCTGTGAGATAGTCTTTTATGGCTATTTCTTTTAATCTCTTGAAGATTTTTGTTACGCCAAAAAAGGTAACCACTATCCCAACAAGTATGATATTATATCCAAATGTTCCGTTGATCTCTGTAAGTAAAAGCCCCCCTGTTATGATAGAAACTCCAAGTTCCAGAAAATAACTCCCCAGGCTCCTTGCGTACTTTCTCACGATAACGACGAAGAAGAAAAGAAGCACAGCAGCCGTTAAATGGGTGATCATCTCTATCAACGAGGCT
NZ_CP003409.1_gap34	1330821	1333106	2285	CTCTCTGAGATTTTCCGCTTTGTTCGCTACAAGGATGGTATCAACGTTGGATTTCCTGAGAAAATCGGCAAGCGATTCATCTTCTTTTGTGATTCCTCTTTTTCCATCGACAACAAACAGAACGAGATCAGCTTCTCTGATCATGTTCAGGGTAATTTCCTTCATCTTTTGGGAAATGATGTCCTGTGGATTGTCGAAGACTCCACAGGTGTCCACGAGTTTAAAGGTTTTCCCGTACCACTCTACAATATCTTGAACGGGGTCACGGGTGACCCCTTCTTCGTCTTCGACAATAGCCTTTTTCTTCCTCACCAGTTTGTTGAACAGAGTAGACTTTCCAACGTTTGGCTTACCAACTATCAGAACCGTCGCCATATTTCACTCTCCGTTCTTTTTGAGAAGGTCTCCAATGGATTTCTGAGAACTCTCCTTCTCCACCATTTTTTTGTACTCCTCTATGTTCTTTCTCTCTTCATACCGCTTTTCGCTCAGTATCATTCTTCCGCCTAACACCTCGTCGGGGTCTATTCTGAGAACAACGAGGTTTAAAACCTTTCCCGTTTCAGGCTCGCTGAGAAGATGGTTGTTCGGCACGAACCCCTCCAAATCGTACTCTTCGACTTCCACTACCACTCCCGAGTTCACGATCTTCTTTATGGTTCCACTCACAATGGAGTCTGTTTCCAACTCTTTGAGTGCACGTTCCCATGGATTTTCCTGGGTTCTTTTTATGCTGAGAGTGATCTTTCTGTTCTCTTTGTCTATCTTCAAGATCTTCACTTTCACCTTTTCACCGATCTTTAGAATTTCTCCAGGTTCATCAATTCTTTTCCATGAAATTTCAGAGACTGGAACGAATCCTTCGACTCCTTCTTCTAACTCGACAAAAGCTCCCTGTTTTATGATTCCTGTCACCTTTCCCGTCACCACGTTGTTGACATTGTACCTGTCTTCGATGTTTTCCCACGGATCTCCCTTTGCCTTTTTGTAGCTCAAAGTGAGTTTTCTGTTTTCTTTGTCTACATTGATAACTTCAACCTTCACCAGATCTCCTGCACTCACCACTTCTTCAAGACTTTTTCTTGTGTTCCCCCAGAAGACTTCAGACCTTGGCACAAGTCCTTCCACGCCGGGCTCCAGTCTCACAAAAAATCCGAACGGATGAATCGAAATCACTTCTCCATTCACCACTTTTCCAACCGGGTACTTCTCTTCCACTTTTTCCCACGGATCGGGCATGAGCCTCTTCAAACTGAGGATGACGTTCTTTTTCTCCTTGTCCAGTTCGATAATCTTCGCTGTTATGTTCTGGCCAGGTTTCACTATGTCTTCAGGAGATATTCTGGTGTCGTAGCTGAGTTCGCTCCTGGGAATGAACCCCCTCACTCCCTCTGAAATTTCAACTTCGACACCTGCGTTACTGATCCCTTTCACGGTACCTTCTACGATGTCTCCCACTTTCTTCTCTGAGAAGAACTCCTCGATCTTCTTATCCTGGAGAGCTCTTCGCGAAACAACGATTCTTGGTCCCCGTTTCGTCTGTACCATTTCCAGAATGATGACTTCTATTTCTTTTTCAGGTATAGGATCGTTCCTTCTGAGGAGGGAGTGTGATCCTGGAAGAAAGGCAGAGACTACTCCTTTCAATAGAACGTTGTATCCTCCTTTTGTCTGCGAGACGACGCGGGCTTTCACAGGTTTCTTTTCTTCGTAATCTTTTCTCAACTCTTCAAGCGTTTTTCGAAGAACTGGTCTCCTCTCCGAGAGAATAGATCTCTCTTCGTAGTTCAGATTCAGTATTTGAAGGGTGAGATTTTCGCCCACCTTGTACTCATCTAAGGATTTGATCAGTTCGTTCACCGGTACGAATCCCTCGCTTTTTCCCCCGAAATCCACCACCACTCCATCGTCTTCCTTGCCGATAACCACACCTTTTACAATCTGTCCCCTTCTGAACTCCTCAGGCTCGTATTGGCTGAGGATTTCATCGTTGAATTCAAATGGTTCCATCTCTCTTCCCCTCCATCTCTTTCAGTTTTCTGACAACGTTTTCTATCAGAGAATTGGGTGTAGAAGTACCGCTGAACACACACACCGTACCATATTTTACTACGTCCGCTGGTAATTCGTCAGGTGATTCTATCCAGATCGTCTTTGAGTGTTTTGAAGCGATTCTGAAGAGTTTCCCGGTGTTGGAACTGTGCTTTCCTCCGACCACTATGGAAAGATCACAGATCTTCGAAAGCTCCTCCACTTCTCTTTCTCGGTTCACAGTAACAGGACAT
NZ_CP003409.1_gap35	1526135	1530609	4474	TTCCCGAATAAACGGTGACTTCTGAGAAGACTTTCAAGGAAGGTATAACGGAGAGAACGAGTAAAAAGATGTAGTTTCCGAGTTTGATGAACTGTCCGGAAAGTACTGAAGAAAACGCATTTGGTGCAAGACCATGAGTCTCTCTAAGCCAGATGTGTAATGGAAATATTCCACTTTTTGCTATACCGGCCGCGCTCAAGAGCAAAAACACAGCCATTTTGAACCCTATCGAAGTGTCGTTGAGCATACCCTGTGCTATGCCGTGTATGTTCAACGTTCCATATCTCTGATACGCGAGAAACGTTCCGTAGAGGAAAGCGTACGTTCCCACAGCACTCATGACCGCGTACACAACGACTGCTTTTCGTGCCTCTTTCTTTTCCATGGGAACGATCAGTAGCGAAGAGAGAACTGCTATCTCCCAGAAAACGTAGAGCGTGATGAGATCAGCAGCCATGAAGACACCGAGTGATCCCGCCGTTACCATGAGCAGGAACATATTGTAGCTTGCTCGATACTTTTGAGTCTCAAGCCACTTCGTGGAAAAGAGCATCACGGACACAATCACCAGAAGACTGACAAAAGAGAAATAGAAAGATACGTTTGTCCATTCAAACTGGATATTTAAACCGAACAGGTCCAGCTTCTCAAAAGTGCCCACCTTCAATGTGAAGACGTACAGAATAGTGAAGAGCCCTGCCAGAAAATTCAGAAGCGCTCCCATTTTCCAGCTCATCTTCGAGACGAGGTAGATGAAAATGGAAAGTGTGAGGAGAACTAATGGGAGAAGACCCAGTGCCACGTCACATCCCTCCCTTCACCGCAGAAAAGACACCGTTCACATAACTTTCTGTGTCCAGAAGGGCTTTTGCCATCTTTTGTGTTCCTTCAAGAAACACATCGGGCTGCAGAAAGACGACAACGAGAAGGATCGCGAGGGCAAAAGAGAAAAACCCGATCGTGAGAGGTACTTTCGATCTTTCCTCAAAGGTTTCTTCTTCGAACCAGAGTCTCACGTTCCATCTGATCACGTATCCAACCTCAATGGCTGTAGCTATGAGAAGCACAGCCGGAAACAGGAAATCTTTCGTTGAGAAAGCTTCCATGATCATCCTGATCTTGCTCTGAAAGCCTGCGAACATTGGAAACCCTACCAGAGAAAACGTGGCCATGCTGAAAGAAATTCCAAGCAATTTGTGTTTTCTGAAAACTCCATTCAGATCTCTGTAACTGTAAACCAGAAAACCTGCCACGAGAAAGATCACGAACTTCGCTATAACATCGTTCGTGAGATGAAAATACGCAAGATTCAAGGCATTTTCCGTTCCCTTAGATATCATCGCAGCCACAACTCCGGCTTGTGCAACACTCGAATAAGCGAAAGTTCTCAACAGTCTGGACTCTCTGAGAGCCGCCATTTCACCGGTCAGGATCGTAACGAGGGAGAGAACGTACAGAGTGTTCAATCCACTGCCATGGAATACCGTTCCAAAGAGTCTTCCGAGCATATAAAGAGCAGCGAACGAAACGGCCGTTCCGAGAACGATCGGAGAGACCTCGTTTCCACCATAAACTCCGGGGACCCATCCGTTCAACGGGAACAGTTTCGCCTCAACTCCAAGACCGATCGTGTAAAGCATGGTCACCGCAAGTAGAGAGCTTCCAGAAAGTCCAACCATTGCGATGTGCGCCATATTCAAACTTCCCGTTGCGCCGTAGGCGAAGATCGTTGCCAGAAGATAGAACGATCCAGCAATGCCACCGAGTATCAGGTATTTGTAAGCGTTGTAGAAATTTTCTCTCTTCGCGGCTATCGTGACCGCCGTTATCGTGATTATTTCCATGAAGACGAACGAGTTGAAGAGATCTCCCGTCAGAACGAATCCGTTCGTGGCCCCCAGAAGGAGCATGAGAGAGGTTTCGTATCCTTTCTTTGTCTCCACCGGAAGAAACGAAACCATTAAAAAGATGAGATTCACGATCAAAGCAGCGTAAAAACTGGCATCGTCCAGAACGAGGTTTATACCAAACGGCGGTTTCCAGTTTCCCATGGCATGAATCTCCACGACGCCCGGAAACCACTTGCTGAGAACTACGATCACGTTGAACAGAGCCACCAGCGAAAACAGAACATCTGACGCCTTTTTCCAGAAAAGCGAAACGAAAGCCGCGAGGAGTGGCACAGCCACGAGCAGGCTGATCATTCTTTCACTCCCTTCATCTCTTCGAGATCAAGTGAGGAGTGTTTTTCTTTGATCCGAACGAGAAGAGAAGCTCCGAGTGCCAGCACACCAACACCTATGACGATCGCTGTGAGAACGAGAGCCTGTGGTAGAGGGTCAACGAAGTTCAGCGAGAAGTTCATGACTCTGTCTGTGTATATGGGTGCGTCTCCTTCTCTGTAACCAAGCGCTATTATGAACAGGTTAACAGCCGTATCGATGATTGTGAGTGAGACGAGATGCTTGAAGAGATTTTTCTGCGTGAGCAAGCCGTAAATTCCTATTCCCGCAAGGAGAATGGATATCACATAGATCATCTCGAATCACTCTCCCTTCCGGTGTATCTCTGATATAACTCCGGAGAGTTCCGATCCGACTTTGAGACCGATGATGATGTAAACAACGGGAACCACACCGGCACTGAAGAGATCTCCTACTCTTCCCGTAGACAGAAAGTTGTAAAGGAAAGCACCGCCGGTGAGCAGACCGATCAGTCCCACGAGAACGTAGAGAGCACCCATCGATCCTTCGAGAAGCTTTGCTCTTCCTTCGTTCAATGTGAATTCTTCGTTCGAGAGATATAAAAGCAGAATCGCTGCGGCTATGACGGTACCTCCGGGAAATCCACCACCGGGTGAGAGGTGGCCGTGAACGAATATGTAAACACCGAACATCAGGATCAAAGGCAGAAGGATTCCTGTGCTCACCTTGAGAATGAAATTCGGCTCTCTTCTGTATTTCATCCTCCTGCTTCCTCGAAGGATCGTTCCCACACCGATGGCAGCGGCAAGAAGCACAGTCACTTCTCCCAGAGTGTCGAAAGATCTGTAGTTGACGACAATTGATGTCACCACGTTGGCACTTCCGTCTTCTAAATTCGATTCGCCGTATATTCTTCTTTCAGAAGGTACTTGCAAGTTTCCCTCGATCCATTTTCTGGAATCAACGGTGTTTACATCCTTCGCCAGGTAATGAACGGAGACTCTTCTGGAGAGATCGATCTTTCCAAATGGTTCCAAAGTGGTGATGAACGAAAGCATCACGTAGACGAACGCGGCCGATATAAGAATGGCGAAGAATCTTCTCATCTTTCATCATCCTTTCCCATTTTGAAGAGTGTGATGAGAAGAACAGCCGTTGTGAGACCCGCGCCAACCGATGCTTCCGTTATGGCAACATCGGGAGCTTTCATGATGATGAAAAGAAACACCGAAAGGAGACTGAGCGATGAGAAGGCTATGACGCTGTCCAGAATTTTTCTCGCTTCAACTGCAAAGAAAGCAGCGATCAGCATCATACCTCCAGTCAGCCATATCAGCAGATTCATCCTTCATCACCACCTTTGTATTCGTCGATGACCGTGCACTCACACGGTTTCACACCAGAAAGGTAAGAAGCTCGAGCCAGCACAGAACTTCCAACAGGATTTGTAAGAGCAATGAACGCAATGATAACGATGGCTTTCAGAAGAAATTCCGGTTTTGCGATGCCGATTCCCAACACGGTTGAGAAGGTTCCAAGAGTCGTGGCCTTGGTACCCGCCTGGAGTCTGTTGTAAACGTCCGGCATTCTGAAAACACCGAGACCTCCGAGAAAGTAGAAAAACGCTCCTATCGCTATCAGCACCTCTCCGATAACCTCGTTCATTTTCTCCCCTCCAGATAGCGGGATACGATGATCGTCTCCAGAAAAGAAAGAAGGGCGTAAACAAGGGCGATATCCAGATAAATTGCTCTGTCGAAGACGTAGGCGAGGAAGACTATGAGTCCTGTCAGCATAACGTTCATCGTATCGAGAGCCGCTACTCTGTCAGAGGAGGTGGGACCTATTATTACCCTGATGAATGAAAGCAGAACACCGGCTCCAACGAGAACGAAGAACAGCAAACTCATTCGAACACCCCCTTGATGAGTCTTTCGAATTTTCCGGAAATGTATCTTTCTTTCTCTTCGGTGGATTTCACTTCGATCCAGTGGACGAAAATCCTGTCGTCTTTCACATCTACACTGAGCGTTCCAGGGGTGAGGGTTATGCTGTTGGCAAGAAAGAGGCGGGAAGCATCTTTTTTCAGATTCGTTTTTAATTCAACGAAGCCCGGTTTGAGCGGAAGGCGTGGATTCAAGACCCTCAATGCAACATCGATGTTGGCTTTCACCATCTCTATGATAAAGATGGGAAGGAACATCACCGCGTACCGGACGATCCTCAGTGGTAGTTTCGCATCGAATCTGATACCGTGGTACTTTCGAAAA
NZ_CP003409.1_gap36	1566135	1569692	3557	TATTCTGGAAAGATCTCGATCTGTCTTCCGTCACTGTCTATCTGTTGAGTGAAATACCCGTGTTTGTAAAGAAGACCTACGGCTATGAGAGGAAGGCCAAGATCACTGGCTGATTTGAGGTGGTCTCCGGCAAGGATACCGAGTCCTCCAGAGTAGATCGGAAGTGCTTTCGTCAGTCCGTATTCCATACACATGTAAACTATCTTTTCGTCCCATTCGGGATAGTTCACGTTGAACCAGGTGTCTTCCCTTTCCATGTAGTCTGTGAATCTCTCGAGCGTCAGTTCGTAGAGAGCGATGAAGTCCTCGTCTTTCGATAGTTCTTCCAGTCTTTCCTTTGAGACTTCTCTCAGTATTTTGACGGGATTTCTGTGTTCCTCCCACTTTTCTGAATCGATCATTCTCCAGAGTCTCTGAGCAGGTCTGGACCAGCTCCACCAGAGGTTGTAGGCAAGGCTCTCGAGCTCTTTCAGGTTCTCGGGAAGTTTCTCCAGCACAATTTCTCCTCCTCTCAGAGAGGTTTCTTTCAGAAGTATTCTACGTTGATTATAAGATGGCGTCAATTAAAAAATATTTCTGTAAACCAGAATATAGACATGATTAATGAAAGGAAATCTGAAAAGGACAGACTCCTCAGGGGAGGGTGATGAAGAAAATTCAGAACCCAGCCACTTCGTAGAGTTTGTAGGCTATCTCGTGTGTTCTCTTCTTCAGTTCCTCGAAGTTTCCACGGAAGATTTTCCACAGGATCTTTGTCGTGTAGAGAAGAGAGAATCTGGAAAGCATGTTTCTGAGCTCTTCCGTGTTTTCGCTTGGAACTTTCACCATTATTCTGTCAAGCCACTCCTCATAAACACCGATGTGCAGTGAAGAACCTTCTGTTTCGTCTATGAGAGAATTTATAGAGTGAACCAAATCGTAGAGATGGAAGTACTTTGTGAGCTGAGAGATGAGTTTTTTGTCCACGTCCCAGTTGAGCTCTGCGGGTACCGGTTCATAATAAGAAAAAAAGACCACGCCGTTTGGAAAATCCGCCGATGAGATCTCGAGTTCCCTTTCCATGAAAGCCTTGTTGTCGTAGTAACTCATCATAAAAACCGGCACCTTTTTCATCAGGAGTTTCAAATCTTCGGGATGAACTTTCAAGCTTCCAATTTTCATGTTCAGGTTGAGTGAAACCTTCTGTGGTTTTACAAAGAAATCGAGTCCTTTGTGAACTATGTGTGTCATCTCCCGCCCTCCCTGTACCATTCGATGAGATCAGAGAGTATCTTCTTTGAGAAATTCATACCATCCTCGCTTAAAAAAATTTTACCATTTTTCACCTTCAGATAACAAGGGTACTTTTTCTGTAACTTTTCTAGCAGGGGAAGGAGAATTTTCACCCGGTTTAACTCTACTCCTTCCTTTATCCTCAAACCCATGAAGACTGTCTCCAGCGCTTCCTCTTCTTCTGTGTTTTCGTGCACGTATTCGTAAGGTAATTCTCCTTTGGTGATTTTTTCCTCGTACTCTTTAAGATCAGAGGCGTTCACGTATCGAAGCCTTCCGATGTGCCCACCTGCGGAAACACCGAGTCCCAGATAGTTTTCATTTCTCCAGTAGAAGAGGTTGTGAAGAGATTTCTTCCCTGGTTTGGCAAAGTTCGAGATCTCGTATCTGAGAAATCCTCGTTCTTTCAGAAATTCAACGAAAAGGTCGTGCCTCCTTTCCACATCGTCTTCTTCGGGGAGTTCTACAAGACCTTTCTGAATGAGATCGAAAAGTCTTGTTCTTTCGTCTACCTCGAGGAGATATAGCGAAACGTGCTGAGGGGGAAATTCTTCAAGGAAACGGAAGTCTTTCTTCAGTGTGATGTCGGTCTCACCAGGAAGTCCAAGAATAAAATCGAAATTCACGTTTTCGAACTGTTCCAGAACTATCTTCGCTTTTTTCTTGAGGGTTTCTTCTTTGTAGAGCCTTCCAGCGTTCTTCAGCACAGTGTCATCGCAGGCCTGAACACCGAGACTGATTCTGTTGATTCCGATTTGTTTGTAGATTTTCAGTTTCTCTGTTTCAACAGACTCCGGGTTGACCTCGATGGTTATTTCATCTGGTGTGAAACCTCTGGAGACTCTCTCCAGTTTTTCCAAAACCATTTTCAAAAAAGAAGGAGGGACAACGGAAGGAGTCCCTCCACCGAAGTAGACGGTTTTTATCTCGCTTTCGCTGAGTACTTCTTCGTAGAGATCGATTTCTCTCAGGAGATGAGAGAAATACTCGTCAAATTTTTCAGAGACAACAGAGTAAAAATCGCAGTACACACACTTGCTCTTGCAAAAGGGAACATGGACGTAAACAGCGAGTTTCATGACTTTTTGCTTTCGATCAGCTCCTTCAGTTTTTCAAAATTCACTTCGTACTCGTAGAGAGGTGTCCTGTCACCTTTTCTTGCAAGTTCCTCGAAGGTCTCTTTGTTCTTGTTCACGTAGAATATTCCAAGCGGGAGTTTTTCAGTTTCAATGGCTCTTTTGAAGGCGAGTTCTCTGTCTGTGGGGTCGTGGTCTTTCAGATAGTACGTGTTTTCCCTGTACCATTCGTAGGTGTTCAACTTGTTGAAGGTGACACAGGGCTGAAGAATGTCCACCAAAGCGTATCCCTTGTGTTTCATCGCTTCCTTCAGTATGTCTTTTGTGAACTCTATGTCTCCTATGAAAGTTCTTGCAACGAAGGAAGCATCGAGCGCTATGGCAACAGCCAGAGGATTGAACGGTTCCAGAATCACACCGTCCACCTGCACTGGTGTTTTGAAACCTTTCAGACTCGTGGGAGAAGCCTGACCCTTCGTGAGACCGTAAACCTGGTTGTCGTGGACTATGTTCACGATATCCGGGTTTCTTCTGATCGTGTGTATGAAGTGGTTTCCACCTTCACCGTACATACATCCATCTCCACTCTCTGCGATCACGAGAAGGTTCGGATTCGTCGTCTTTATCGCCGTTGCCACGGGAAGTGCCCTTCCGTGAAGTCCGTTGAACATGTTAACTCCAACGTACTGGGGCATCTTCGCCGCCTGGCCTATACCCGATACTATGACCACCTGTCGTGGATCGACGTTCAGTTCCTCCAGCGCCTTCATGAGAGCGGTCCTTATTCCGAAGTTTCCGCACCCCGGACACCAGGCGATGTCCCTGCTTATGTATTCATCCAGCCTCATTCACAACACCTCCGCTATTTTCTCTTTCAGCTCTTCGACGGAGAACTGAAGACCGTTGTACTTTAGGATTCTGTCCTTTATATGGAAACCCGTCACCTGGCGGATCAGATTCGCGAACTGCCCTGTCGCGTTTCCTTCCACTGCCACAACTTTCTCGGCCTTTTCGAAGTATGTCGCGACGGACTCATCGATCGGCCAGACCTGAGAGAAATGAAGGAGCGCCACACCGTCAAGGCCTTCTATCGCTTCCTTTATCGGCTCCAGAGTGGAGCCCCATGCCACCAGGAGAACGCGGTAGTTTTCATCACCGATCAGTTTTGGTTTCACAATTTCTTTTTTCAGAGTTTCCCCTTTTCTGAGT
NZ_CP003409.1_gap37	1584135	1587504	3369	GTATGAAAGAAGAACCTCAACTCAAGGTTGTGGAGGAAAATCACAAGGTGGCATGTCATCTTTACAACTGAAGGGAGGTAGTGGGTATGAAAAAGTTAGTCTGGTTGTTTTTGATCCTGACAGTAACGCTCTCCTTCGCGGCAAAAGACATCATCGTGGTGGGTACAACGGACAAAATCAGAACTCTCGATCCTGCCAACTGTTACGATTACTTTTCTTCCAACATCCTTCAAAACGTCATGGTTGGATTGGTTGATTACGAAATAGGAACAAGCGTTCTCAAACCCGTTCTGGCGGAGAGATGGGAAGTCGATGAAACAGGAACGGTTTACACGTTCTATCTGAGAAAGGATGCAAAGTTCGAGGATGGAACACCCATCGATGCTCACGTCTTTAAGTACTCTTTCGACAGAGTGATGAAACTGAATGGAGATCCGGCATTCTTACTCTCTGATGTCGTCGAAAAAACAGAAGTAGTGGATGACTACACCTTCCGTGTAACTCTGAAGTACCCATTCTCCGCGTTCGTCTCTGTCCTCGGTTACACCGTTGCGTATCCGGTGAACCCGAAGGTCTATCCAGTCGATTCCTTCTACGAAGGTATTCCATCAGCTTCTGGACCCTACAGGGTCAAAGAATGGATCAGAGATGTGAGAATCGTTCTCGAAGCGAATCCGAACTACTTTGGTGAAAAGCCAAAGACAAAGACCATCGTGATCAATTTCTACGAGAACGCTTCCACACTCAGATTGGCACTCGAGACGGGAGAAATCGATGTTGCTTACAGACATCTCGACCCCAGAGATGTTATCGATCTCGAGGGAAGAGAAGACATCGTCGTTTACAAAGGTAACAGTCCACAGATCAGATATCTGGTGATCAACGTCACACAGCCCCCGTTCGACAACGTGAAGGTGAGGCAGGCACTAGCTTATGCGGTGAACAGAGACATCATAGTTGAAGACGTGTTCGTGGGGCTTGCAAAACCGTTGTACTCGATGATCCCGGAAGGCATGTGGGGACACAAGGACGTATTCCCGAAGAGGGAGCTCGAAAAAGCGAAAGCTCTTCTCAAAGAAGCAGGCTATGACGAGAAAAATCCTCTTGTGATAGACCTGTGGTACACACCTTCACACTACGGAACGACAGAAGCGGATGTTGCCCAGGTGTTGAAGGAATCGTTCGAAGAAACGGGTGTCATAAAAGTGAATCTCAAGTACGCAGAGTGGTCCACCTACGTGGAGTACTTCCTGAACGGAACGATGGGTTTCTTCCTCCTCGGATGGTACCCCGATTACCTTGATCCGGACGATTACGTGTGGCCGTTCCTCAGTGAAAGCGGTGCAAAATCCCTCGGTAGCTTCTACTCGAATCCTGAGGTAGAAAACCTGATGATAGAAGCAAGGAAATTCACTGATCTGGAAAAGAGAACAGAAATCTACTACAAAGTCCAAGAGATCCTTGCAAGGGATGTTCCTTACATACCGCTCTGGCAGGGAGTTGCAACCTGTGCAGCGAAAAAACAGGTGAAAGGAATTCTGCTTGAACCCACACAGATATTCAGATACTACATACTCTACTGGGAAGATTGAACTCCGCCGCCCCTTCCCGGGGCGGCTTTCGGAGGTGCCGTGATGTCCCTTAAAAACTACGTGATAACAAGAATCCTCCTTGCTGTTCCCATGATATTCATTCTTCTGGCACTCATATTCCTGGTGCTCAGGATCATACCCGGGGATCCGGTGCTCGCTATTCTCGGAGGAAAAGCACCGAAGGAAGTCATCGAACAGAAGAGACACGAGCTCGGTCTCGATAAACCCATCATCGTCCAGTTTTTCGATTACATTGGAGATCTTCTCAAAGGTGATCTGGGAAAATCTACACTGACGGGAAGACCCGTTTGGGAAGAAATAAAGGAGAGATTTCCCGCGACTTTGGAACTGACACTCTTCGCTTTCATCGTAGCCGTCCTCATAGGTATCTTTTGGGGGAGCTTCGCTGCGTACAAAAGAGACAGCGGTGTTGATATAGGTGCCAGGATGTTTTCAATGGTGATGTACGCGGTTCCGGTTTTCTGGTTCGGTTTGATGATGCAGTACATCTTCGGAGTTATCTTGAGATGGCTTCCCGTTGGTGGGCGATTGTCACCCACTATGAATTTGAAAGTGATAACGGGTATCTATTCGATAGATGCGCTTTTCACAGGAAATTGGGAAGCACTGAAAGACGTCTTCGAACATCTCTTACTTCCGGGACTCACACTCGGACTCGTGATCTCCAGCGTCTTTGTCCGTATGGTGAGGAACAACACCGTTCTAACACTGGCCCAGGATTTCGTGAAGGCGGCTCGTGCCCGCGGTTTGAAGGAGAGGGTAATTCTGTTCAGGTACGCCCTGAAAAACGCTCTGGTACCCATCTTCACGATGATGGGACTTCAGTTTGCACTCCTTCTGGGAGGTGCGGTCCTCACAGAAACCACTTTCTCCTGGCCTGGTCTTGGAAGTTATCTTGTGATGAAGATCAGATACAGGGACTTTCCTGCCATACAGGGCACGGTCGTTTTCTTCGCTTTGATCGTGGTGGTGATAAGCATTCTCGTCGATGTGATCAACGCTCTGATAGATCCCAGGGTGAGATATTGAAAAGAGCGGGAAGGCCCCGCTCACAGTAATTTTTCGAGATTCTTCTTCACTTCGTCTATGAACTCTTCGAGAGTGACATACTTGTCGATCGGTGGTTCTGTGAAAGGCTGAAGGTCCTTTGTGATCACATCGGATTCTATGGTGTTTATCACAGCCTTCTCCAGTTTGTCTGCGAATTCACACACCTCCGGTGTTCCGTCGAGTTCTCCCCTCTTCCTTATAGCACCTGTCCACGCGAAGATCGATGCGGTTGGATTCGTCGAGGTCTTTTCTCCCTTCAAATATCTGTAGTAGTGTCTTCTCACCGTGCCGTGGGCTGCCTCGAACTCGTAGATCCCATCGGGAGAGACGAGAACCGACGTCATGAGACCGAGACTGCCGAAACCTGAGGCGATCATATCGGACATGATGTCCCCTTCGTAGTTCATGCAGGCCCAGAGCATGCCGCCCTCACTTCTCAAAATCTGCGCAGCCGCATCATCTATGAGCATGTATCTGTAGTTCACTCCGGCTTTTTCGAGTTCTTCTTTTCTTTTGTCGACCTCTTCCTGGAATATGTCTTTGAAGTACGCGTGGTACACCTTGGAGATCGTGTCTTTCGTTGCAAACCAGATGTCGACCTTTTCAGAGATAGCATAGTTTATACACGACTGAGCGAAACTTCTGATCGATTTCTCCAGGTTGTGCATCGCCATGACAACACCGTTTCCTTCGAATTTGTGTACGA
NZ_CP003409.1_gap38	1588565	1591804	3239	GCAAAGAGTGTGGTTTTTTCATCTGTGGCGTACAGCTCAACGAAGACGAAGTTTGGAATCAGAATTTCCTGGAAATCTTCTTTCGGGAATACTTCTTTCTTGAACAGATTACAGTAGTAACAGGTTGGACTCGAGAACATCATGATCAGCTTTCTCTGGGTGATGTTTGCGAGTCTGTAGGCATCATCTAAAGTGAGGGCCAGTGAGATCACACTCAAAGCCAAAATCGCGATGATTAAGAACCTTTTCACAGTACCATCCTCCCATCAGTATGTGATGAACCTCCCCGTGAGAATGAGCACTCCAACGAGAACGAGTGAGAGAGAACCCACTACTTTGAGAACATTCATCCACACAGGTTTTTTGAAACTGACGCGGTTCAAAAGTCTGTTGACGAATCCTCCCATCAGTATGAACGGAATCGAAATACCCAGAGAGTAAAGGAAAAGAAGTACTCCTCCCTTCACCGGTTCTCTTCCACTCGCCACTATCGCGAGGATACTCCCCAGTATAGGACTCGAGCAGGGAATCCACACGAGTCCCACACTACCACCGAGTAAGAAACCATTCAGGAATCCTTCCCCTTTGTAGCGCCACACGTTGGGATTCTTTTTCATCTTCACAAGTTCAACATCGAACAGGTAAAACAATCCAAAGACTACGAGAGCAAGCCCGGAAATCCACGTGAGTATGTAAGTAGGAATGAAATTTCCAAACAGTCCAAAAAGGACTCCTATGACTGAAAAGAGAGAAGATATTCCCACGAAAAAACCTATGATCTTCAGGAAATCTCCTTTCGAGGCAAAGAGTACGCCAAGAAAAGCGGGGATCAGGGGCAGGACACACGGACTGAAAAATGCGAGAAAGCCATATCCGAGAGCCATCCAGTAACTCACTTCTGCGACGGCGAAACTCATGTTCTCTCTCCTCTTCATTTTTTCTACTGAAAAAGCCCAAAATAATTATAACACAGAAACACCCCCTCACAGCGAGGGGGCTAACGATTCAGTTTGAATGGTAGTACAGAAGCTTCACATCGATTTCATCGAGGGATTTCACGAACTTTTCATGGTCGATGTTTTCCACCCTGAGTGTGGCAAGGTAAGAATCCTTCCCTTCTTCGAAAAGTGTTGCGATGGAGATGATGTTCCCGCCTGCTTCGTAGATTCTCTTTGCCACTTCGAGAAGTTCACCCGGTTTGTCTGGCATTTCCATTGTGTACCTTATGGTTCCTTCCCTCTTGGTTCCGAATATCTCTACGAAGACCTTGAAGATATCAGTCTGTGTGATGATTCCAACAAGATGTCCCGCATCGTCAACTACGGGGAGTCCACTTATATCCTTCTCCTCCATTATCCTTGCCGCGTCTTCTATCGGTGTGTTTTCGTTCACTGTGACGACATCTTTTGTCATGATCTCCTCGATTTTGAGCTTGGAAAGAAGATAGTGGAGTTCCCAGATGTTTAGTGTCGTGGCTTTAGAGGGAGATGCGTAGAGAAGGTCCTTTTCTGTCACGATACCGACGATCTTTTCATCCTTCATCACTATGAGGCGTTTGATTTTGTTCTGTTTCATGAGTTTGAGGGCCTCAGAAAAAGAGGTCTCTGGAGCGATGGTGATGGGATTTCTCGTCATGAAATCCTTGACAAGCATGTTTTCCCCCCTTTATGCAACACCGAGATAGGCCTTTCTGACCATTTCGTTGTCCAGAAGCTCACTGGCTTTTCCTTCGAGAACGATCTGTCCAGTCTCGAGGACGTAACCGTAGTGGGCAACCTTCAAAGCACCAAGGGCGTTCTGTTCCACAAGAAGAATCGTGGTTCCCTCCTGGTTGATCTTCTGGATGACCTCGAAAACTTCGGAGACCAGGATGGGAGCAAGTCCCAGTGATGGCTCGTCCATCATCAGAAGTTTTGGTCTGCTCATCAGCGCTCTTCCGATCGCAAGCATCTGCTGTTCTCCACCCGAGAGAGTTCCTCCCAGCTGCTTCAGTCTTTCCTTCAGCCTTGGAAAGAGAGAAAAGATCCACTCGAGGTCCCGTTTTATACCGTCCTTGTCTTTTCTGTTGTACGCTCCCATCATGAGGTTTTCGTACACTGTGAGTTCTGGAAAGATCCTTCTTCCCTCCGGAACGAGGGCTATCCCCATTTTGTTTATCACATGGGCAGGCTTGTTCGTGATGTCCTGACCGTTGAAGATGATCTTTCCCTTCTGAGCCTTCACAAGCCCCGCGATGGCAGAGAGGGTGGTTGTTTTTCCCGCACCGTTTGCTCCGATCAGCGTTACGATCTGACCTCTCGGGACTTTCAGGTCTATTCCCTTGATGGCGTGGATCGCACCGTAGTAAACGTGGAGAGACTGGACTTCAAGGACGATGTCAGACACTCTCCCACTCCCTTCCGAGGTACGCCTCTATCACACGTGGATCGTTCTGAATCTCCTTCGGCGTTCCTTCCGCTATGATTCTACCGTAGTCCATCACTATGATTCTCTCACAAATTCCCATGACCACTTTCATATCGTGCTCTATGAGAAGCACCGTTAGGTTGAAGTCCTTTCTGATCTGTTTTATGAACTCCATGAGGTCCTCTGTTTCCTTCGGGTTCATACCCGCGGCGGGTTCATCGAGGAGGATCAGTTTCGGCTTCGTTGCAAGGGCGCGGGCTATCTCCAGTTTTCTCTGCTCTCCATACGGAAGCGAGGAAGCCTTCTCGTACATCACCTTTTCGAGTCCTACCCTCTTGATGAGGTCTTTGGCTCTTTCCACCATTTCTTTTTCTTTCTTCAAATATCCGATTTTCGTGACAGCCCTCCAGAACCAGAAACGTCCTTCTCCCTTCTTCTTTTTTCCATGTTTCACCAGGATCCTGTCTGCGTCCGGGTTGGAAAGGATATGGTGCTGTGCCACAAGGACGTTTTCCAGGACAGTCATGTCGGAGAAGAGCCTGATGTTCTGGAAGGTCCTTGCAATTCCAAGGTGTGTGATCTGATAGGGCTTCAGGCCAGTGATGTCGATTCCATCGAAGATGATTCTACCCTTTGTGGGAGTGTATATGCCCGTTATCACGTTGAACACGGTTGTTTTTCCCGCACCGTTTGGTCCTATGAGTCCGACGAGTTCTCCTTCTCTGATCTCGTTGGTGAAATCGTCCACCGCTAAGAGTCCACCAAACTGCATTGTCACATGATCCAGAAGGAGGAGAGGTTTCTTGGAAAGATCCGTGACCGTCATTTCTCTT
NZ_CP003409.1_gap39	1596119	1599193	3074	TTCTTTTGAAAGTATCCAGAGGAGGATCCCTGCGATCGGAAGAACGATCAAGTAGGCTCTGGAGATTCTCTTTAATATCGCTGCTACCGCTGAGCCTGAAAGGAGCCACAGAGAGTAGATGTTGATATCTTTCATCAGAACCAGAAGTAAAGCGCTACCAAACAACACATCATGGAACACTTTCTACAACCTCCTGAACGGTCATGTTCTCCCGCACTCCTCTCACGATCACGTGGTTCTCTTCGAGTAGCTTCACCTTTTCCAGAAGATCGAGGAGATCTTTCCTCATGAGGAGATAGCTCCTGAAAGGCTTCGTGTTTGGATCGCGTAAACCGTATGGTATGACAAATACTATCAATTTTGAAACCTGAGACCTCACTCTGAGAAGTAAGGGAAGCTCCTGCTCCGTCAGGTGTACGCAGAAAAGGAGAACAGTATCTGAAGGATCAAATACGACCGTCTCCAGGACACTCTTCGTATCGAAACGAGAATTGTCCGTTCCTCTCACGGTGGCGAGCAGTTCAAAATCCATCACCCAGTCTCGATCGTGATTTTTCCAGATTTCTTCACCTATGACTGTTAATTCCACAGGTGTGTGACGTTCTTTCAGGTCTTTCACCACGCTCGCTACAAACCGCACCGCTTCATCTTCGTAGTACCTCCTCAGTTCTTTCCAGACTTCTCCCAGCTGGACATCTTTTGGAAGGTTCAAATCGAGAAAAATCTTCACCCTTCCCAGCGCGGTGTGATCGTGTTCTTTCACGAGCAACCTTCCATATCTCGCGGAGGCCTTCCAGTGTATTCTGTTCATCGGTTCTCCGTTGTAATCTCTGAGTCCCTTCAGCATCGTGTTGTCGTCGAGAAGCCTCTGGGGACTTTTTCTACCCGGTAGGAGTTCTTTCAGGGCCTCTTTGTAGAATTCGATCGGCACGTACTCGGGAAAAACGATCACCTCGTCCTCTGCGTTGAACTCCTTTTCCACAGAAAAAGTTGCGAACGTGTCTTCGATTTTTATGGAAAATCCCTTCAGGATCTTTCTTCCACGTGTTCCAAACGAGAAAATGAACACCAGCTTTTCCGAAGAAGATGGTCTCAGAGAAATTTCTTCGGTATCTTTTTTGAAAAACCTGACGGGAGAAAGACTCGGATTGAGTTTCATCGAAATCCGCAAGAGGCCGGAATAGCTGATCTCGTAGATCATCTCTGCTTTTTCATCCACGAAGAGTCTGGTTTTTGTGATGTGTCTTTCTACCTTTATCCTTGGAATGGCTTTCAGAGTCAAGAAGAGATCCAACCACCTTGTTGCGGTAAAGAAAACCATCAGAAGAAAAATGTTGTTCTGTGTGAGGATCCATACTGCAACGGAAAAGATTGTGAGAATCACAAGTGGTTTCTTCCTTACCCTCATTTGACCACCTTCACGCGGTCGAGAATTTCTCTCACTATATCCTCCTTTTTCTCCCTTTTGAGTTTGGACTCCGCAGACTGGATCACTCTGTGGGGTATCACGTACACAGCGGCTCTTTTCACGTCGTCTGGAAGGACAAAATCTCTCCCATCCATGAAAGCGAGAGCCATGGAGAAGTGCATGAGGGCTATACTTCCACGGGGGCTCATGCCCAAAAGAAGCGACGGATGATTTCTTGTGGCACTGGCTATATCGACGATGTATTTCTTCACTTCATCACTCACAAAAACATTCCTCACCTTTTTTTGAAGTTCTGAAAGCTCATCAGGGTTCATGACCGGTTCCAGCTGACTTATGGGATGTTCTTTTTCCTGGGATGTGAGCATCTGAATCTCTGCTTCTTCATCGGGATACCCCATCTTCACGCAGATCATGAAGCGGTCGAGCTGAGCTTCCGGGAGGGGGAAGGTCCCTTCGTACTCGATTGGGTTTTGCGTGGCGATCACGAAGAATCTCTCAGAAAGCCTGTGTGTGATTCCATCCACAGTCACCTGACCTTCTGCCATTGCCTCAAGGAGCGCAGATTGTGTTCTCGGCGTTGCCCTGTTTATCTCGTCCGCGAGGAGAACATCGGTGAACACGGGCCCCTTTTTAAAGACAAAGTCTTCTTTCTTTCTATCGTATATGTACAGACCGGTGAGATCTGTTGGAAGGAGGTCCGGTGTGAACTGAACTCGTCTGAAGTCCACTCCAAGGGATAGCGCAAGGGCTCTTGCAAGCATCGTCTTTCCAACTCCTGGCACATCTTCCATGAGAACATGCCCTTTTGCGAGAAGCGCTGCGACAACAACTTCGATGGCTTCTCTCTTTCCTTTTATCACCTTTTCGATGTTGTTTATCACCCGCTCTATCAACCCAGGATCCCTCCAGAATAGTGTTTGCATACTTCAAAGTATACCAGTTTTTCTATCAAATTCTCAATTTTTAGAATACACGTTGAATTTTAATGCAGAAATTTCACCAGTACTGGTGTATAATTCTTCAGAAGAAAAAATACCCCAGGAGGTGTTGTTGTGAATCTAGAAGACAAGATCTCAAAGATAGGCCGAAACATGAAATCCTCCATCATCAGGGAAATTCTCAAATTTGCTGCGGACAAAGATGCCATTTCTTTCGGAGGGGGAGTGCCCGATCCTGAGACTTTTCCGAGGAAAGAACTTGCAGAAATCGCAAAGGAAATCATAGAGAAAGAGTACCATTACACCCTTCAGTACTCCACAACGGAAGGCGATCCCGTTCTTAAACAGCAAATTTTGAAACTTCTGGAGAAGATGTACGGTATCACAGGACTCGACGAAGACAATCTGGTATTCACTGTTGGATCCCAGCAGGCGCTGGATCTCATTGGAAAGCTCTTCCTCGACGATGAGAGTTACTGCGTCCTCGATGATCCCGCATACCTCGGAGCCATAAACGCGTTCAGACAGTACCTTGCGAACTTCGTGGTGGTCCCACTCGAAGACGACGGAATGGATCTCAATGTTCTGGAAAGAAAGCTTGCTGAATTCGACAAAAACGGGAAGATAAAACAGGTGAAGTTCATCTACGTTGTTTCGAACTTCCACAACCCAGCTGGAGTCACGACTTCTCTGGAGAAGAGAAAAGC
NZ_CP003409.1_gap40	1639246	1643539	4293	TCCCGTAGACAAATCCACCTATGTGTGCCCACCAGGCTACGCCGTAAGATCCGACAAGACTGTTCATCACCTGTATGAAGAACCAGATCATGAGGTAGTAGAAGGCTGGAATCTCAACCAGCGTCAGGAAGAAGAAAAAGGGAAAGAGTGTCACAATCCGTGAGTACGGAAAAAGAACGAAATACGCTCCCATGACTCCCGAAACAGCACCGGAAGCTCCGACCATGGGAGTTGTTGAATGAAGCGTAAAAACGAACTGGGTGAGTGCGGCAAAAATACCGGCAGATAGATAAAACAGAGTGTAGCCAACATGGCCCATCTCGTCTTCTGTGTTGTCTCCGAATATCCAGAGAAACCACATGTTACCCAGGATGTGCCAGAACCCTCCGTGGAGAAACATGTGAGTTATGAAAGGAAGAAGGGAAAAGCCGAGCGCTTCTTTTACTCTCTCAACCGTGTAACGAGCTGGCACGAGGCCATATCTGTACATGAACAGGAGAAGTTCTCTGTCGTTCAACATGAGTTCATACACGAAAACAACCACGTTTATCAAAATCAAAGCTATCGTTACGTAAGGCTTCTTTCTACTTGGGAGAACATCGTAAAGAGGAAACACGATATCACCTCACAAGATAATCAGATATGTTCGCCCTTTCCACCACTTCCGGTAATATCTTCGATTCGTCTCCCGTCATGATCACAACCACACCCGGACCGTGTCCTGCTGAAACGCAGGCAGAGTGTACCACAACACCTATCGATACTGCCCCTTTTCTGTACTTTCCAACTCCATAGGAATTGTCGTGGTCCTGAATTGCGACGATGTCTCCAAGTTTCAGATCCGCTACTCCAAGATCCTCAGGATTCGATGCCATTATATCGTAGTCGGTGGAAGCACTGCTTGAGGCGCCGATCCCGGATCCCATCATGTGCGCTGGAATCTTCGCAACAACAGGTACATGGATTTTCCCATTCTTTTCCTGTATCCCAAGTTTTTCGAAGAGATCTGGGTCGATGTTCATCACCTTCACATCCGGATGATCCAGAAGCTTCAGTCCCTGCCCCCAGGCCTTTATCAATATCTTATCCCCCACCATGAGCTTTCCGAGTACTTCTTCTTCGAAATAAACGAGAACGTGGTTCACACCTCCGTGTTTTCCCGTGACGAACCCTCTGCTTCCCTTCGCGTCTCCAGACATCACGATCACTTCGTTTCCTATACACGAAAGGGTCATCAGCGGTATTTCCTCTTCCTTATTCCTTGCCATGACAGACACACCCGGTTCTACGTGGTCTCCTGCCCATCCGTAAGCACTGTCACCCACTTTCACGTTGTAGGTGATGCCCCCAAGCACTGGAATTACCCTCACTGTCCCTTCGGTTGTTACACTGTAAGGAGACCTCATTTTCGCTGGAGCGATCTCTCCAACAACCGAAATTCGAACGAGTCTGTCTTTGTTAGTTCTCACAAATCTCACCTCCAGTGTGTGGTATCATTGAGTAGATAGGGAAAACAAGGAGGTGACACTTTGAAATTTTACATCACCACCCCAATCTACTACGTGAATTCTGAGCCTCACATAGGAAGTGCCTACACCACTATTGTAGCCGATATCATCGCTCGCTACAAACGTTTCATGGGTTACGATGTGTTCTTTCTCGCGGGAACGGACGAACACGGCCAGAAGGTCCTGCAGGCAGCCCAGCAGGCTGGAAAGGACCCGCAGGAATTCTGTGACGAACTGGCTGAAAAGTTCAAACAGCTCTGGAAAGAACTGAAGATCACGAACGATTATTTCATCCGAACCACAGACGAAATGCACATGAAAACCGTCCAGGAATTCGTTGCGAAGATGAAAGAAAACGGAGACGTCTACAAGGGCATCTACAAGGGATGGTACTGTGTCCCCTGTGAGACGTTCTGGAACGAGGACGAGGTTATAAAGGAAGGAGAAGAACGTTTCTGTCCGGAGTGTAAAAGACCCGTCAAATGGGTGGAGGAAGAGAATTACTTCTTCAGACTTTCGAAATACAGAGATCCTCTCCTGAAGTACTACGAGGAGCATCCCGATTTTGTGGAACCGGACTTCAGAAGAAACGAGATGCTGAAGATTCTCGAAGGTGGTCTCAAAGACCTGAGCATCACCAGGACGACCTTCAAATGGGGCGTTCCCATGAAGGACGATCCGGAACACGTGATCTACGTGTGGGTGGACGCGCTCATAAATTACATATCCGCTATAGGATACGGCTGGAACGATGAGATGTTCAATAAATGGTGGCCTGCAGATTTGCATCTGATAGGAAAAGAAATAAACAGATTCCACTCCATCATATGGCCTGCGATGCTCATGTCGGTTGGACTCCCACTTCCAAAAAAGGTGTTCGCACACGGGTGGCTCACGGTGAACGGCCAGAAGATCAGTAAGTCCCTCGGCAACGCTATAGACCCCAGATTCTTCGTGAAGAGATACGGCAACGACGTGGTGAGGTATTACCTGATACGGGATATCATGTTCGGAAAAGACGGCGATTTCTCGGAGAAAAGGCTCGTCCACAGATTGAATTCCGATCTCGCGAACGACTACGGAAATCTCCTTCACAGGATCACGGCTATGATAAAGAAGTATTTCAACGGAAGACTTCCTTCTCCTTCTGCTCAGGAAGGGCTCGATAGCTGGCTGAAGGAGAGATTCTTCGAAACAAAAGACGCTTACCATGAACTCATGGATTCCTACCGGCTCACAGAAGCCCTGGACAAGATATGGGAGTTCATAGCAGATGTGAACAAGTACTTCAATGACACGAAGCCCTGGATACTTGGAAAAGAGGGAAATATGGAAAGGCTCGGAACGGTGCTGTACAACTCACTGGAGGCCGTGTTCAAGGTGGCTCTGATGACACTCCCGGTGATGCCAGACACCTCCAAAGAAGTGTTCAGGAGAGTGTCCTTTGAAGAAAAGCCTTCGAAGGAACATCTGGAAAACTGGGGAGTTCTGAAGTCTGGTTCCACAGTGATCCACGGCGAACCTCTCTTCAGAAAAATCGACGCGAAAGACTTCAAAAAGGTGGTGGAGACGGTGTCGGTCGAACAGAACGTGATCACAATAGATGATTTTTCCAAAGTAGATCTCAGAATTGCAAAGGTCCTCGAAGCGGAGAAGGTTCCAAATTCCAGAAAACTTCTCAGATTGATAATCGATCTTGGAACGGAAAAGAGACAGATAGTGGCGGGAATTGCAGAACACTACAAACCCGAAGAACTCGTAGGAAAACTGATCGTCGTTGTCGCTAATTTAAAACCCGCAAAACTCATGGGCATAGAGTCTCAGGGAATGCTCCTCGCCGCAAAGTCCGGCGATACCTTGAGACTTTTGACTGTAGATGGAGAAATCACACCAGGTGCGAAGGTGTCCTGACGGAGGGATGTGAATGCCAGAGATCCTGATAAACAAACCCGTAGAGGATGAACTTGTTGAGTCTTATCTTCTGTACTCGATGAGCGTTATAGTGGGAAGGGCCATTCCGGACGTTCGGGATGGTCTCAAACCCGTTCAGAGGAGAATTCTCTATGGAATGTACGAACTCGGTCTCAAACACAACTCACCCACCAAGAAGAGTGCGAGAATCGTCGGTGAAGTGATGGGTAAGTACCATCCTCACGGTGACGCACCCGTGTACGATGCCCTCGTGAGGATGGCTCAGCCGTTCACGATGAGGTATCCACTCATAGAGGGTCAGGGAAACTTCGGTTCCATAGACAGAGACCCTCCTGCCGCGATGAGGTACACGGAAGCGAGACTCACGAAGCTTGCCGAAGAAATGCTCGAAGACATAGAAAAGAACACGGTGAACATGGTCGACAATTTCGATGGCACGCTGAAGGAGCCGGAAGTCCTCCCATCCAAGGTGCCAAATCTCATAATAAACGGTGCCTCCGGTATAGCGGTGGGAATGGCCACAAACATACCTCCACACAATCTCTCCGAGACCGTGGATGCCCTGATTTATTTGATCGATCATCCAGAAGCCACGGTTGAAGAACTCATGCAGTTCATAAAAGGACCGGATTTTCCCACAGGAGCCGTGGTAGTGAACGCTTCTGAATTGAAGAAGGTTTACGAAGAGGGAAGAGGCAGGATCATCGTCAGAGGAAAGGTGCACGTCGAGGATGGAAAGAGAGTAAAGCGAATCGTCATCACGGAGATTCCGTACGGAGTCAGTAAAGCGGGTCTCATAGAACAAATAGCAAAAATAGCGAAAGACGACGAATCACTCCCAATCAGGAACATA
NZ_CP003409.1_gap41	1644839	1647443	2604	CCGTTCAGCTGTACAGGATTCAGAGAAGAGGAGGAACGGGTCTCAGAAACATCTCCGATGTGAACAAAACAGGGTACGTAGTAGCCGTGAGATACGTGAGGGGCGACGAAGAGATAGTGGTGGTCACAAGAAACGGCATGATGATCAGATTTCCCGTGTCTGAAATCGGTGTCATCGGTCGTGTGACAAAAGGCGTGAAACTCATCGAACTTGGAGACGATACCATATCGAAGGTGGCGGTGGTGAAAGATTGAGGAAACCCATAGAGCACACTGCTGACATTGCTTACGAGATATCCGGGAACTCTTACGAAGAACTTCTGGAAGAAGCGAGGAACATCCTTTTCGAAGAAGAAGGGATTGTCCTCGATAACGAAGAGAAAGAGAAAACTTATCCTCTTGAAGAGATGGAAGACGTTTTCTTTGACACGGTGAACGACTGGATTCTTGAGATATCGAAAGGATGGGCTCCCTGGAGGATTAAAAGGGAAGGAAACGAGCTAAAAGTAACTTTCAGGAAGATCAGAAAAAAGAGGGGACCGAAATAAAAGCCCTCACATACCATCTTCTGAAGTTCGAGCACGATGGCGATGTTCTGAAAACGAAGGTGGTGTTCGACACTTGAAAGATCTCACTGAAAGGCAGAGAAAGGTACTTCTGTTCATAGAAGAGTTCATAGAGAAAAATGGATATCCCCCCTCGGTGAGGGAGATTGCGCGGCGCTTCAGAATCACCCCGCGCGGCGCTCTTCTCCATCTAATTGCTCTGGAGAAGAAGGGTTACATCGAAAGGAAAAACGGCAAACCGCGGGCACTGAGGGTTTCGAAAAGCATAAGGAACAAAATACCTCTGATTGGAGAGATTCGTGCAGGTGAAAAAAGAGAAGCCATCGAATATCTGGAAGATTACATAGAAATTCCCGAGAGCTTTCTTTCGAGCGGTTACGATCACTTTTTGTTGAAAGTAAAAGGAGAAAGCATGATAGAAGAACACATCTGTGATGGGGACCTCGTTCTTGTGAGAAGACAGGATTGGGCGCAGAACGGGGATATCGTGGCGGCGATGGTTGACGGAGAGGTGACGCTAAAAAAGTTCTATCAGAGAGGTGATACGGTAGAGTTGAGGCCCGCTAACAGAGAGATGTCGTCGATGTTTTTCAAGGCGGAAAAGGTGAAAATCCTGGGTAAAGTGGTGGGAGTTTTCAGAAAACTCTAAGGGGGGATAGGATGTTTCCCTACAAGATTGTGGATGATGTGGTGATATTGATGCCGAACAAAGAGCTCAACATAGAGAACGCACATCTGTTCAAAAAATGGGTCTTTGACGAGTTTTTGAACAATGGTTACAACAAGATATTTCTGGTCCTTTCGGATGTGGAGAGCATAGACAGCTTCAGTCTGGGTGTCATTGTAAACATTTTGAAGAGTGTCAGCAGCAGTGGCGGCTTCTTTGCACTGATATCTCCAAATGAGAAAGTAGAGCGAGTCCTCTCTCTGACGAATCTGGATCGCATAGTGAAGATATACGATACGATATCGGAGGCCATGGAGGAGGTGCGAAGAAAGTGAAGATCGCTATTGCATCGGACCACGCAGCCTTTGAACTGAAAGAGAAGGTGAAAAACTACCTTCTGGGCAAGGGAATAGAAGTGGAAGATCACGGTACCTACTCCGAGGAATCCGTTGATTATCCGGACTATGCGAAAAAAGTCGTTCAATCCATTCTGTCGAACGAAGCGGATTTTGGAATCCTTTTGTGTGGTACAGGACTCGGGATGTCGATCGCCGCAAACAGGTACAGGGGCATAAGAGCGGCTCTCTGTCTTTTCCCGGACATGGCAAGACTCGCGAGATCGCACAACAATGCAAACATCCTCGTTCTTCCGGGAAGGCTCATCGGAGCAGAGCTCGCTTTCTGGATAGTGGATACCTTCCTCTCAACACCCTTCGATGGAGGAAGGCACGAAAGGAGAATCAGAAAGATCGATGAGGTTTAAAGAGCTGATCTTTCCTTTGAGAGTCGAAGAGGAAGAACTCGTAGAAAAATTTTACGAAGAGGGATTCTTCAATTTCGCGATAGAGGAAGATGAAAAGGGAAAGAGGGTGTTGAAGATCTACCTTAGGGAGGGTGAACCCCTTCCTGATTTTTTGAAAGATTGGGAGATTGTTGATGAGAAGATCACCACTCCCAAAGACTGGATAGTCGAGCTCGAACCCTTTGAAATCGTCGAGGGAATATTCATAGATCCAACTGAAAAGATAAACAGAAGAGATGCGATCGTGATAAAACTGTCTCCCGGTGTGGCGTTTGGCACAGGTCTCCATCCCACCACGAGAATGAGCGTCTTCTTCCTGAAAAAGTATCTGAAGGAAGGAAACACTGTGCTCGACGTTGGATGTGGAACGGGAATACTCGCCATCGCTGCCAAAAAACTCGGTGCGTCTCAGGTGGTAGCGGTCGATGTGGATGAGCAGGCCGTCGAGGTGGCTGAAGAGAACGTTCGAAAGAACGACGTCGACGTACTGGTGAAATGGTCGGATCTTCTCTCAGATGTGGAGGGTACTTTCGATATTGTGGTGTCCAATATTCTGGCTGAGATTCACGT
NZ_CP003409.1_gap42	1648560	1651902	3342	GGTTCTGAGGAGGATGGTGAGAGATCTGAACATGGACGTGGAAATGATCGAGTGTCCCATCGTGAGAGAACCGGATGGCCTCGCGATGAGCTCAAGGAACGTGTATCTGTCGCCCGAAGAAAGGCAGCAGGCGCTTTCGCTCTATCAGTCTCTGAAAATAGCGGAGAATCTCTATCTGAACGGTGAAAGAGACGCAGAAAAGATAAAAGAAGAGATGATAAAACACCTTTCCAGGTTCGATAAGGTGAAGATAGACTACGTGGAGATCGTGGACGAGGAGACTCTGGAGCCGGTTGAGAAGATCGATCGAAAGGTGATCGTCGCGGTGGCTGCCTGGGTTGGAAATGCAAGACTCATAGATAACACGATCCTGGGGTGAGAACGTGAAGAGGTTCCTTTTGATCTCCGACTCACACGTTCCCGTGCGCATGGCCAGTCTTCCGGATGAGATACTGAACTCTTTGAAAGAGTACGATGGCGTGATAGGCCTTGGAGACTATGTGGATCTGGACACGGTGATCCTTCTTGAGAAATTTTCTAAGGAATTCTACGGAGTTCACGGAAACATGGATTATCCAGACGTGAAAGAACACCTTCCGTTCTCGAAAGTCCTGCTTGTAGAGGGTGTCACCATAGGAATGTGTCACGGGTGGGGTGCCCCGTGGGATCTGAAAGACCGTCTTTTGAAGGTCTTCAACGAAAAACCTTAGGTGATACTCTTCGGACACACCCACGAACCGGAGGACACGGTGAAAGCGGGTGTGAGATTTCTGAACCCGGGAAGCCTCGCTGAAGGCTCTTACGCCGTCCTTGAACTGGACGGGGGTGAAGTACGATTCGAGTTGAAGACCTTGTAAAAGAGATCGTCGAGGACATAAGAGAAACCGTGAAAGACGGAAAGCTCTACGTTGCCTTCTCCGGGGGAAAGGACAGTTCGCTGGTGGCAATCCTGGCGAAGATGGCCCTCGGAGAAGAAAGGGTGGAGCTCGTCACCGTGGACTGGAGCCCTTACACCTACGAGAGATCGAGAGAGATTGTTCGAAACTTCGCAGAAAAACACGGCTTGAAACACACTTTCATTCCTTCCAACAGGATGCAGGAGAAGGTCTGGAGACACGGTCCATCCTGCAACGCCTGCACCCGCGACGTGAAGACCGTTTTGGTGAAAAGATACGCTCAGGGTCACCTCGTTGCGAGCGGTGCAAACGCCTCCGACAGCTGGGGAAAAACGGGCCTGAAGGTCTTCGACGGTGTCTACTCACCACTCTGCAGGGTCGGTAAAGAAGAGATAAACGAGATGCTGAAGTTCCTCGGACTGGAAGTGAAGAAGATCGGTGAGTCTGCGGGAAGAGAAGGATGCAAACTGAAACACCTTCTGAAGATGCTCATAAACCCGGATTACCACGGAAAAGCTGTTTCTACTGCAAACGAGATCCTTCTCAGAGTTCTCGAAGAACATGGCTTCAAGCCGGAACTCGCCAACGTGAAGATCATCGGGCCGCTTTCAAGAAACATCGCCCTCGTGAATGTGAAACCTCTTCCACCAGAAAAGGTGATGAACGAGATCGTCGAAAAGCTCTCCGCAGAAGAGACGATAGACGGGGTCATCGTGGTCGATGGCCCTATGAAACTCGTGGTTCTGGCCAGTCCCGCGATCTACAGGAACGAAGAGTCAAGAAAGTGGATAAAGGAGGGAAGGCTTCAACCGGAGTTCGCCTTCCCCATCGAGATCGAGTGGAGAGAATCGAAGAACAACAAACTTCGCACCTTTCAGGTGGTCGATGCCAGAAAGGAGTGAGACTATGGCCTTCAGATGTCCCCTTCTGCTCTTTCTGAGAAAGATATTCAAGTTCAGAAGAAAACCGAAGTTCATCGTGAAGAAGAGCTGAGAACGGCGACGTTTTCCAGGCCGAAGGGCAGCAGGATGTATCTGTCCGTGTGGTGCTCGAAATCTATGAAGCTCTTCGGTCTTCTGAAGGTCTCCTCGAGAACGTCTGCCTTGTGGTTCGCCTCTATGAGGTTGAACAGTGTGTTTGTGAGGACGAGTTGGAGTTCGTTTTTTCCATTTCTCAGAGCATCTGTAATATCTATCATGAAAGGTCTCCAGAAAAGAACGCCCAGGAACTTCCCGTTCAGAATCACCTCGACCGAGGCCGCCTCCACACCGTTCAGCTTGAGGAAGTATCTTTTCCCCGGGTCTTTTTTACACTCAAATATCTTTTTGAGCGTGAAGGATCCCACATAGAACGGGTACCCGTCCCGTGTGATGTCCCTGTGATCCGGTACCTTGGGTGCATCGATCACGTACCTCGTCTCGTCCACGTTCACAAGTGAAAAATCTCCCACAAGATATATCGTCTCCACCTCTGTTGGCCTGTGATTCTCTGGATCTTTCACCCTCGTGTGACACCCCGGGCCTGTGATGTTGTTTTCTTTTCTTCCCTCCAGAACGACAATGTTTTTCCCCACCTGAACAAGTTCTGTAATGTCCATCTTTCCGAAGTTCACATCCAGGAAACACTCCTCCTCGGTGAAAGTGCAACCCTTCTTTTTGAACACCGCTTCGTGGCCGTTCACCGTGATTCTGTCAAGATTTTCCGCGCACTCAACGACGAGAAAGAGTTTTTGAGGCTTTTTCCTGACCTCGAAAGAGTACTCCACCCTGAACGGTGTACCATCCGGTAACCTGTAGAACTCGTACCAGATCTTCGAGACGAACTCGTTCCTGAAAACCCTTCCACCCGCTTCAAAATACTCCACCCTGTCCACTGGAAGAACGTTGAAAGAGTTCATCTTCACTTCGAAATCGTTCAGTGCCGTCTCGAAATCGAATTCTTTCTCCAGAAGAACTCCTGTTGAAACCACTTTCTCATCTTCCGCAGGAACCTCCTCGTCCGTTACCCAGATACAAACACTCGACGCTGGGAACATGACAAACTCGTTTTCCTTCAGCTCCACCAATTTGAAATTGAACAGGTCTATCGCGTACGTGTGTTTTCTCTTTTCCTTCAGTTCCAGATGGCAGTGCACTTCCCGGTCGATGTCCGTGTTCGCAAGAAAGAGAAGATAAGATCCGTCTTCCAGCACTCTCTTCTGCGCGATCACCGCTTTTGCATTCTCTTTCGTTTTCGTATCCAGAACATCCACAGAAAAGAAGGGTTTGAGTTCTTCGATGAGATCTTCGAGCGTTTCAAAAACACGAGCCTTTTTGAGGAATTCGATTCTTCCCTTCTTTCCTTCCACTCTTTCCGGGAAGAACCTGCCGTACCTGAAATCCTTCAAAACAAAGACCTTACCACCGTTTTCTGCCAGTGAGTTCAAAAGTTCCACAGTAGAACTTTT
NZ_CP003409.1_gap43	1736727	1739469	2742	CAAATTATTTGGAAGTTAAAAAGCGGTTTAGAAATATCTTCAGAAACAAGAACACGGCATATCCTATAGCAAGGCCAAGAGCGCTTCTGTAGATAGAAACCACCAGAGGCGTTTTAACATGACAGAACGTGTTGAACATCGAAACGAGTGCAACGCTGCCAAAACTCTCTCTGAGAAAATCGTATTCTCTGAATCCTTCCAACCAGAAAAACGGGTAGCACACAATTTCCTTGAAACGGGGCCGAACCATCAAAACACTCTCCAGCCAGTCTCTGAACTTTCTTTCAACTTCCAGCACCCATCCCGAATTTCCCGAACGCATAAGATAATAGAAACCCACAGGAATGGCAAGGAAAAGGAGAGGCAGGTACTTTTTCCAGTTTCTTCTGTTCTTCCAAAGTCCTGAAAGAAAGAGAAGCCCGGGAAGAAGCACGAGTGAAAGTTTCACTCCGCGGAAGTCCAGGATACCGTTGAGGTGGTACAGATCGCTGAGACTCAGAGACAGAGAGATCGACAGAAAGAGAAAACTCAACACTTTCAACCATTTCTTTTTCGGCACAAAATACGCCGCCAGTGTACCGGAAACAAAAAGGAGAGACACGAACCATTCCCTTGAAAAAGGCAAAACGAGAACTATAGATAGAAGCAGAGGGTTCAGAGAGATTATCATAAGAATGGGAGGTATCAAGAAGATCCACTTCGGGAAAGGCGGTTCAGATTCTGGAGGAGCCGGAAACGGTACAACTTTTCCTTTGAAATAACTGGAAAGCCTCTGAACGAGGAACTCTTTTTCGTCTATGTCCCTTATCCAGAGAACCTCCACACTTCGTTCAAGAACGGCTCTTTTGTACCTGTGAAACAGCGCTTCTTCGTCCAGATTTAGCTTTTCTATCTCTTCGGGTTTCACCGTGTGAACACGAAAGAAGAGGCCGTCTTTCTTCAAAAGCACGACTTTTCTTGCGAAATCGTAAGATGGATCGAACTCTACAATCCCAAGCCATTTTCCTTTCAATTTCTCTGCCAACTCTTGAGGTTCCCAGAAGAGAGGTTCACCTTTGAGAATCACGATCTCGGCTTCCGGTGGCAAATCTTTTCTGCTCGAAAGGTCAAAGAGAACCACTCGCTTTCCATCGATCATGTCGTCGAACAGAAAGGAAAATTCCATCCCTTTCCTGTCATAAGCCACCCTTTCTGGAAGAAAGAACACGATGAGAACAACAGAACTCACCAGAAAAATGAGAAAAAGACTATTTCTCAAGTTTGTAAACTTCTTCACCCATCATCACCTCGACTTCTTCCCTAGTCCAGCCGAAGATCAAACTCCCTTTCAGGGAGAGTCCGCCGATCTGGATTTTCCTTTTTGGTCCCAGATACACGGGAACGGGCCTTTCTCTCACAATCACTCTGTGCGGTCTGTTCACCACAAAGAAAGCGGTACTCGTGTTACCGAAAGTATCCGTAGCCTTCACAAAGACAACGTGATGCCCATCTGGTATCTTCTGGACTTCTCTTCCATCGCAGATGTATTCAACTCGAAAAGAAGAAGCGTCTTCTATCTTCTCCGGAGAGAGAACGAGTGGAGGAGTGGTGTCTCTCACATCGATCTCCATTCTCAAAAAGTTTCCGGATTCATCGCAACCGATAAGGTGATAGACACCAGGAAATTCTGGAGAAAACACAGTGATCTTTTCTCCAGTTGATGGAAGAAACCAGTTCACAAGAGGTGGTAGAATGAGGCTTTGGCCGAACTCAACAGAAGATTGGTACGATCTTTCCGCGAAAGAAACAGGAAGAGCTTCGAATGAGAGACTGGTGGATTGTCCCAGAGAGTCCACCACTTCTACTTCGAGCCTCGTGGCTTCCGTGGTTTGGTACCACAATTTGCCTTCCCTTCCATTCCAGAGTGTGACGAAGGTAGAATCGTCAGTCACATTCAGAAAGATCACCGTTCCGATAAGAGGATGCCACACCTTTGAATATCTCACCTCAGGAGGCTTTGGAGTGACGTCTATGGTGCCTTCTATTCTCCTTGGAACCTCAAATTTTTTGAAGAAGAAGGAAAGATAGTACTCGAGCTTCTCTTTTGTAATAGATCCCTTTACAACGACCCTGTCGCGTGAAAAGACTTCAATGGGAAATGCGTCGTAAACGAACGTGAGATCTGTGCTGTCAAGAAGCTCGGCGAAAACATCCTCGGGAATTCGGATATCCCCCACATCGACTCCGATCGTCACACCGTTGCTCAAGACAAGGGCCGTGCTGTCTGGAAGATCAATGGTGATACCTCGAACCTTCGGAGGAGTGTAAATTGTCTCGAGAGAGGCTTTGAAGGGCTCCAGGTCGCGCGAATTTTCAAAAGGGAAAGTTCTGTTCGTCAACGAAACGATGCCAGTGTTGTTGTAAGTGTTGAAGAGCACTTCCTTAGAAAACAGAAGAAGAGACGAGAGAATGAGAATCAGGAAAGAAATTCTTCTAACCATTCATCACTCCTCTCTTTTAAAAGGTTCAGAACGCTGAGAAGATCATCTGGAAGAGGTGCCCTGAAGTCCTTTTCCTCCTCGGTCCACGGATCGATGAACTTCATTCTATAGCTGTGGAGGAACTGTCTTTTTAAACCGTATCTCTTTCGAAACTCTATGTTGAAATGTCTGTCACCGTAGGTGTCGTCTCCCACAACGGGAAAACCTATTTGCGAGAGATGTCTTCTTATCTGGTGCTTTCTACCCGTGTGTATCTTCACCC
NZ_CP003409.1_gap44	1749404	1749904	500	AAAGAACACATCTCGCTGCTCCACGAAATGGGTGTTGTTTTGAGAAAGAAAAAGGGCATTCAACCTGCGCAGAATCCTATGGAACAGGCCTTTCTCACACTCAGAGTAGGATACGATCAGTTCTTCGAAGAAGACTTTGACATGGAATATTTTGCGAAAGATTTTATGGAAAAATTGAAAAGAATGTATGAGGTACTCGTTTCAATGTTATAATAAATACCGTGCAAAAACCTTTCAAGGAGGGACGAAACATGAAGGTAAGAGTTGACGCAGATGCCTGCATTGGATGTGGAGTTTGTGAGAATCTCTGTCCTGACGTTTTCCAGCTCGGTGACGATGGAAAGCCAAAGGTCCTCCAGCCCGAAACGGATCTTCCCTGTGCGAAGGACGCCGCTGACAGCTGTCCAACCGGAGCTATCAGCGTAGAAGAGTGAGGTAAGGGGTGGGGTTTTCCACCCCTTTAGAAATTTTTCAGATCTGTTTCTTTTTCTCCGTTGATT
