gap_id	start	end	length	sequence
NZ_CP116967.1_gap1	49163	53192	4029	TGCCTCAATATTGAAGTTTGAAATAAGAACAGTTTAAGCCTAAAATACCTAATAAAAGGTACCCATTTGATCCAACCACAACACAATCTTCCCTACACGGATATGCTGAGCCGGTGAAAACTCAAGCATTCCAGCGCTGCCCAACATCCCAGCAGAGGCCAGATATTCTCCCCTGCCCAAGAAGCAAAGCCCTATTCATTGGTGCAGGGATGCTCATCTTTATGCTGATGGGTTGTCCTCAAAATAACTCCGGGCTTGAAGAAGAAAATATTCAGCTCAAAAAGCAGGCCATCAAACTGGAGTCGGTTATTCATTCCCTCCAAGAGGGAAACAAAGTTATGCAGCAACAAATCGACTTGCTGAATCAAGAATCTAGAAAAACTGCAGAATCCTATGAATCTCAGCTACGAGATGCAGAAGTGACCCACCAGGAACAACTTCGAGACGCACAGGCTCAAATGGCTGAATTGGCGAATAGCCCAAAAAAAGATGGAGCCAGGATTAAAACCTTGGAACAAGAACACCGAAAGTTGGAAGGAGAAAACAAATGGCTCAGGAGCCAACGGGACCAGATGAGGAAGACACTGACTCTTCATCAAATTGGTGGTCAAAGTCAGGAGTTGCCGTTTCCCTATTCCTCGGCTTCAGAAATCATAGAAGGCGCACTCACAAAAAATGGCTATTCAATACTTGCCAGCATGCAAACAGATCAAAAGGCCGTCTATATTACTGATCGCAAAACGTCTCTTCCTCCTTCGCTGGAACTATCAGGCTTTCGCAACCAATACCTCCTCGCGATTGAGAAAGGACCTTCCGATCATACTACTATCTGGGTCCGTGCCGAATTTGAAAAACTTTCCAAAAACGGGCAGATGTTCTCAGCCCAGCAATCTGAAATCACCGACATCGAATTACGCCTCATTCAAGAAATCCATCAAGCCCTGTCTACCGGAGCGGCAGCCCAGGCCAAGAACTTTTAAATTCCTGGCAAGCAGAAGCCCTCAACCCAGCATTCAACCAATCTACCCAAACTCCTTCTATCGACCAGGTCACTGAAAAACAGAACCAATTTTGCCGGTTACAGTCATGGGTTCGTCGATGGCCCCTGAGACGCGAGGAGATAGCCCTGGGCAAGCAACTCGGCTTCCTGTTTGACAAGTGAACTCGCCCCAGGAAACACCTGACCGATAAATTCCACAAATACATTAATTTTGAGCAGGAAAAAATCATATTCGGATTCAGATGTTCGAGGATGGGCAAACCAAAATTCAACGAATTGTTCCAAGGAAATCCCATATTGATCCAAAATAGCACAGGCACTGGGAAACATTACCTTCACATCTCCACCCCATGAGAGAATCTCATATGGTAAATACTGAGTCGCATACACATGAAGCCCCTCCTTCATTTCGGCATCCCATTGGCTAGGAACATCCAGCCGGCCACTCAGGACTTCACTGACCAATGCCATGCATTCTCTATATTGGCGGGTTAATACATCACGAGTTTCCCGAGAAGGCTCGACGTTTTCTACTGGACAGGTTGCTGCCTTCTGAAGATTTGTGGCGGGCGAAGGTACCCGAGCAGGCACATGCACAAAGGGCTCCATCATCTTCAATACCGTTTTCATTTCCCGACAAATGAGCGGTATTGTCTTATTATCGACTTCTAAGGCGATGCCTTTCAGATTGAGTAGACGAGATTCCCTTATCACCCGAGCCAAAAGCATAAGTAATTCGTCCGGAATGGGAGCTTCATGGGCGTCGATCCAATCCGGAGGATTCTCAAATGGTCCTGACCCCACATGTGTCGGTATATGCGGATGGCAATCCAGACCTGCGATATGAATTTGGATCACTCTCTCCAGGGGAAATCTCTTAAGAAAATCTTCGAAAAATGATTCCAGGCACTGGTTCCGCCAAGCACCCGAATATCGATAGACCGTCCAAACATGCCCTAGATCCAGGACCAACCCACAGGGCGCTTTGCCGGTAATGTTGGAGAAAAATTCTGCATACGGCATTTCACCCATCAAAAAATAGGTTAATGGTGGGTTCTCCAAAAGCAGCAATGGCGAATTAGCCTGGGGCCCCCATGCACATTCATCAAGCTGCAACTGAACGTTCCACGCCTGGTAAGCCGTAATGTCAGCAGAAGCTCTGGTAAAAACAGGAGGCAAATAGGTCCCAAATGAAAGACCGGCTATTTCTTTGGCCGCACATTCTTGATTGACCCAATGAGCCTTTAACATTCGAAGATTGCAGGCGATAGCCCGTAATCGCCCTTGAGAATTGTATGCGGTGTCCCAATCAGGTTGCGTGACCCAAACCCCTTCGGCATGGTAAGCCAAAGGAGTGTCAGGAAACCGAGCTCGAACCATCTCCAAAGCTTCAGAAGCCGCATGAAAAATTTCAAGATAACCCATAGGGATTTGTTCACGTCGAAGTTCCTGATACAAGTCAAAGACATCAGGAGAATACACATCCACCGATAAGCCCACACCCAGAAATGGAATCCTGCCTGCGCGCCGAAGAAACTCTTCATGGACAGCCTCTCGACGTGATGGGTCGGTTGAATAGCTCAAACGTTTCTTCATTTCAGGGACTTAAGAAGCATTAGGAAGGAACAATTTCCGAGGAGGACATTTAAAAAATGCCCGTCCGGCAAGCTCAAAATTACAAGAACGAAGAAGGATTAGGAAGGAGGCGTGATCACAGCCGCGTGGCGAACGCGCTGGGGTTGCCATTGTTCGCTACTTTTTCTTTATTGTCAGTAGCAGAACACTCACACCCATCGCTTACACTTCCCAAGAGTCTTCTAAGATCAGTCGAAGGCGCAAAACCTCCGGGAAGGACCTGAAATTAGGACGCTCGAGACGCTCGAAAGGATTGTCCGGCTTGGAGATACCGGTGAATCCCGGCCGCAGACTTTCTTCCTTCTGCAATTGCCCAGACAATCAGTGACGCACCCCGCTTGGTGTCTCCGGTGGCAAACACCCCATCCACACTAGTCATGAAGTGTTCATCAACGGCAACATTCCCTCGAGGATCATATTGAAGCCCAAAAGAATCCAGGAGGCCGTTCTTCACCGGCCCGATAAACCCCATCGCCAACAACACCAGGTCCACATTTATCTTGATCTCGGACCCCGGCACAGGAACCACCTTCCCATTCTCAAAATTCACACGGGTCGCATGCAAACTAGTCAGATGTCCGTTTTCCCCTGAAAATTTTGTGGTGGCAATACTCCATTCACGATCACACCCTTCCTCGTGGGCATGAGACGTTCGTAATTGCATCGGCCATAAGGGCCATGGTGTCGACACAGCCCGAGTCGGTGGCGGTTGGGGTAGTAACTCGAATTGATGGGCTTCCAGGCACCCTTGACGATGAGCCGTTCCCAGACAATCTGAGCCGGTATCACCACCACCAATAATGACCACCCGTTTGCCCTGAGCCGATATGTGCTCCCCAGGAACGGTATCCCCGGCCACTCGCTTATTCTGCTGGGTCAGATAGTCCATGGCGAGATGAACGCCTTTAAGGTCTCTCCCTGGAACCGGCAATTCTCTCGGTTGCTCAGCTCCCATTGCAAGTAACACGGCATCATATTCATGACGGAGGTCCTGAACGGTGGCGTCCACACCCACACACACGCCAGTCTGAAACGTCACACCCTCCTTTCGCATTTGCTCCAAACGCCGGTCTAATACCCACTTCTCCATTTTGAAATCCGGGATTCCATAGCGAAGCAAGCCTCCAATCCGATCAGCCTTCTCCAAAACTGTGACTTCATGCCCCGTCCGGGCTAATTGTTGTGCCGCGGCCAATCCTGCTGGACCCGACCCGACAATCGCAACGCGCTTCCCGGAAGAACCAACCGGTAACACCGGTTCGACCCAACCTTCCTCAAATCCTTTATCAATAATATTCCATTCAATGACACGAATGGAGACCGGATCGCTATTAATGCCTAACACACATGCCGATTCGCATGGAGCCGGACATAGGCGCCCGGTGAACTCAGGA
NZ_CP116967.1_gap2	179359	181301	1942	TGACCGGCGGATCGTACGATCTGACCTACGATACAAGACGGAATTCCGTAGCCGGATCAACCAGCTTTCTTTTCAACCCGGCCTATTCAAGCAATGTACTCTTTAATCTGACGCAACCACTTCTTCGTAACTTCGGACCCTCGATCAATAACATTCAAATCACGCTCGCACAAAACGCAGCTGATGTGGAACAACTGACACTCCTTAACCAGATCCTGTCGGTGATCGCCCAGGTCGAGCAAGCGTATTGGGAACTCGTTTTTGCCCGGGAGAATCTGAAAGTCGCTCGCGCGACCTTACAGGCCGCAGAAGAATTGCTGGCCAGCAACCGCGCAAAGGTTAAAGCCGGGGTGATGGCCGATGTAGAGGCCCTTCAGGCTCAGGCAGGGGTAGCCAACCAGGTCGAACAAATTTTGCTGGCCCAAAAAACCGTTCTGGATCAGGAAGACCAACTCCGTTTACTGCTCAGCAAATCGGAATTCAAACTGACCCAATCCACACCCCTTGTCCCGCTCGACCCACCCATTCAACATCTTCAGGAAACCCCGCTCAAAGAAAACCTGGAGCTAGCATTCGAGCATCGTCCGGACATTCTTCAAGCCAAAAAGAACATTGACACGTCCAACGTCAATACCCGCTTTGCCAAGAATCAGCTTCTACCCGACCTCTCTTTTCAGGGCAGTCTCGGTCTCAGCGGACTGGGGAAAAATCCCCGGGATGACTGGGATCGTTTGGGCAGCACGGATTTTTATAACATGGGAGGAGGACTCGTCCTCAGTTACCCCATAGGAAACCGCTCAGCGCAGAGTCAATATCAACGCCGGATCCTGGAAACTCAACAAAGCCAGGTCTCTCTCCTACGTGTTCGCCAACAAATTATCCTGGACGTCAAAGAAGCCATCCGTCAGGTACAGACGAGCTTCAAGCGCACCAGAACGAATCAAACGGCTCGCCAATTGTCCGAAAGGCAACTCAACGCCGAGCAGGAACGCCTCAATCTCGGGCTCAGTACCACTCGATTAGTTTTGGAATTCCAAAGAGATCTTCGAATAGCTCGAGGTAGGGAATTACGAGCCATTCTGGACTACAACCAATCATTATCACGTCTTCGCCTCGTCACCGCCTCTACACTCGATCATTACAACATTGAAATTCAGTAAAGAAAAAAATGAAAAATCCCCATAAAGATTCTCACCCCGGTGATATCCCAGGCTCAGGTTAAGACCACCACACCATTCTCCTTGCGGGAGGCCTTACCAAAATAACCACACCGGCCTTCCTTTACAAAGCTGAGTAAGCTTCCAGCAAAGGGAGTCCTTGTTACGTATCTCTCCTTTTTCACTCCACTTTGTCTGAATGAAATCATGCCCCTATGCGCAAAGCTAGCAACCCTCTCACCCCGCAATTTATCTCTTTCCTGTCTTTCTATTTCCCAGGCCTTTGCTAGACTTGTTACCATACAAGTAGAGATATGAATAAAACATCTTGGATTTTGATCATCATCATACTTGCGGCAGCGGTGGGTGGTTGGGTGTATTATTCCCGGTCGACTGGTCAATCTTCTCCTGAAACCGCACGTCACAACGTGGTCGAAGTTGTCCGAACCTCGCTTCAAACGAAGGTGTCGGAGACCGGTACGATTATGCCTTCTCAAACCATTGAAATTAAATCTCAATTTTCCGGCGAAGTCGCTCAATTGTTTGTGAGTGCGGGGCAAGAGGTTCAAAAGGATCAGGTCTTAGCGATTATACGACAGGAATCCAGCCAGGCCCGCCAGGTGGCCCAGCTCAGAGCAGGCATCTCGGAGGAACGTTTAAACGTGGACACCGCGCATCGGGAATGGATCCGTGCCGAATCCCTCTTCAAAAAAGGGTTTATCCCTCAAAAAGAATTGGAACTTTCGCATCGGGACTATCAACAATCCCTGGTTCGTCTGGAGTTG
NZ_CP116967.1_gap3	189429	191560	2131	ATCTCGTCCTTTCGTCGAAAAGTTCAATTGCCCATGCTGAGGTTGTTGCGATGCTGATGGCACAGCAAATCGTGGGCTCTCATAATTTAGGAGCAATCGGATTTCCCACCCATGAGTTGGTAACCAGTTGCGAGCCATGCAGTATGTGCCTGGGAGCGATTTCCTGGTCCGGCGTTCGGCAAATCGTCTGTGGCGCCAGAGGAAGTGACGCCGAAGCGGTTGGTTTTGACGAGGGCCCCAAACCTGCAAATTGGATGTTGGAACTTGAGCTGAGGGGGATCGCCGTGACCACGGATATTGCGCGAGGCAGGGCCGCGTCTGTCCTCCAGCAATATGTCCAAAACGGCGGAGAAGTGTATAACGGCCGGAAAAGGTAGATGAGGGCCCTATTTCACTTTCCCAATTTCAAGGAGAAACGTTGATGACTCCTGCACAGAACACATCAAATGCTTCACACGCATCAACCATTACTCTCGCCATTGATATTGGCGGATCCGGCATCAAGGGCCTCCTCCTCAATCAGTCCGGTCAACCTCTGTCTGAACGGGTACGAATGGTCACACCAAAACCTGCCACGCCAAAGGCCATTGTCCCCCTTATTTCGGATATCGCCAAAACTCTGGGCCGGTTTGATCGAGTATCAGTGGGTTTTCCGGGCGTCATTCATCAGGGACGGGTGAAAACAGCCCCCAACCTGGACGCATCCTGGCCTGGAACCGATCTCGTGGGAGAACTGGAACGACAACTTAACAAGCCGGTTCGGGCGGCGAATGATGCGGATGTGCAGGGCTACGGAGCAATCAAAGGCCAAGGGGTCGAAATGGTCATTACCCTGGGAACCGGATTTGGAACCGCGTTATTTATAAATGGGCACCTCGTACCAAATTTGGAAATTGCCCACCACCCCTTTCGAAAACAAGAGACATACGAAGTGCAATTGGGTGCCAGCGCACTGAAAAATGTGGGAAAAAAGAGATGGAATCTCCGGTTGGCCAAAGCGATTGATATATTAGATCGAGTGATTAATTTCGACCATCTCTACATTGGCGGGGGCAACGGCAAAAAGGTCACCATTCCACTGCCCTCTCATGCCACAATCGTCTCCAATACAGCCGGGCTCCTCGGGGGAATAGCCCTCTGGGCCGATCCCAATGTGGTCATTCCATCTAAGCCTAAGGTCCCTGGGAAAGGAACCGCACGAAAACAGGCTCCTCGAAAAAAGCCATCAAAAACCCTCCGGAAGAAAAAGAATTGACTCTCCTACACGCTTTTCCACCACTCAGCTCGTTCCACGCCACGTGGTGCCTTACCTTCATCCTGAGGGAAATCGCCTAACCGGCACACGCCACCATGATTCCTTACGGGTTACCTCAACTTCTCTGGGTAGGTCTGGGCGGGTTTTTAGGGTCGGTAGGCCGATTCGTGATCTCCGGCTTCTTTAACCGCCTAAGCCCGGCTCTTGCCTTCCCCATTGGTACGTTGGCCGTGAATATTCTCGGCTGTTTCCTGATCGGGTTACTCCATGGGTGGGCCGAGTCCCGGAATATCCTCGGAACGGACACCAGAATTTTTCTGTTTATCGGCGTTCTGGGGGGATTCACGACCTACTCAACCTTCGGATTCGAATCCCTGGCACTCCTGAAAGACGGGGCCATGCTCAAAGCCTCCGCCAATATCATCATCCATGTCTTCGTGGGTCTAGCCGCCGTCTGGCTGGGTGATACATTAGGCCGCCTGTAAGCCCAAGGCCTTTCTTCCCCATTTCAATTCATAAAATACATTGGAGAGTGGATTCCTTCTGTTGAAGCCACTTGGCGGGAAGGGGGTGAACACGGTACAACCATTATTCGTCTTTTTCACTATCCGAATGGGCAGCATCCCTGAATATGTCCTTAAAGAAACCGGTTTCACCTTCCAGCTCTCCCCATGCCGATCTGATCATTGAAGGCGCGCGGCAAAATAACCTCAAAAACATTTCGCTCCGTATCCCGCACAACGCCGTCACCGTGGTCACCGGTGTGTCAGGATCCGGGAAATCCTCTTTGGCCTTCGACACCCTGTTTGCGGAAGGCCAGTGGCGCTATGTGGAATCGCTCTCCTCCTATACGCGCATGTTCCTGGACCGCGTCAA
NZ_CP116967.1_gap4	201546	205667	4121	GCCATACGACCTCGCCACCAAGTCAGCAAAACCCGGCCTCCTCCTCTATGACTCGAAAGATCTGGTCACCCACGCGGTCTGTGTCGGCATGACGGGTAGCGGCAAAACCGGCTTGTGTATTGGCCTCTTGGAAGAAGCCGCGATCGACAATGTCCCTGCCATCATCATTGACCCCAAAGGCGATATCGCCAATCTCTTATTAACCTTTCCTGAGCTCCATGGCAGCGATTTTCTTCCCTGGATCAATCCCGATGATGCAAAGAAAAAAGCCCTCACACCGGAAGCGTTTGCGGACAAGGAAGCGGCCAAATGGAAATCTGGGTTGGAGGCCTGGGGGCAGGATGGAGCCAGAATCGCGAAACTCCGTGAAGCCGCGGAATTTTTGGTCTATACTCCTGGGAGCACGGCAGGACTACCTGTGTCCATTCTCCAATCGTTTGCCGTGCCTTCCCCAAAGATTCTTGAAGACGCAGAACTCTTAGGGGACCGGGTGGGCATTACGGCGACCAGCTTACTCAATCTGGTTGGTCTGGATGCCGACCCCCTGCAAAGCCCCGAACATATTCTGCTGGCCAATGTCCTGAAAACCTCATGGGAAGCCGGACTGGACCTCACGCTTTCCTCGCTCATCCAACAGATTCAAACCCCGCCGTTTTCCAAGTTGGGCGTGATGGATCTGGAATCGGTTTTTTCCTCGAAGGATCGCTTCGCGTTGGCCATGCGTTTTAATAATTTATTGGGAGCACCAGGGTTTTCTGCATGGCTGGAGGGCCAGCCGATGGATATCGATCAGATTTTGCATTCCCCAACCGGCAAGCCCCGCATTGCTATTTTTTCCATCGCACACCTGAATGATACTGAGCGCATGTTTTTTGTCAGTCTCCTGCTCACTCAAATGGTCAGTTGGATGCGAAGCCAATCGGGCACCACCAGTCTGCGCGCCCTGCTCTATATGGATGAAGTCTTTGGCTTCTTTCCGCCGATCAAAAATCCACCATCCAAAGCTCCGATGCTGACCATGTTGAAACAGGCTCGAGCCTATGGCCTGGGCGTCGTGCTCGCGACTCAAAACCCGGTTGACCTGGATTACAAAGGATTGGGCAATACGGGAACGTGGTTTATCGGACGACTCCAGACTGAACGGGACATGGCCCGCGTACTGGATGGATTGGAAGGCGCCGCAGCCAACAGTCAAGGAAACTTCAACCGCCAGAAAATGGAGCAGATTATCTCCGGCCTCGGGAACCGGGTGTTTCTCATGAACAACGTCCATGACGACGGGCCGGAAATTTTTGAGACCCGTTGGGCATTATCCTATCTTCGAGGGCCGTTAACCCGGACGCAAATTAAAACCTTGATGGATCCGGTAAAAGCTGCGATTTCCATTTCTACGGCCTCATCCGCTTCCCCAAAAAGCCTAACCGCCGCTTCTCAATTTTCTGCCGGGACACCTTCCAAAGACGGCACCACGCATCCACCGGTTCTGCCTCCGGACATCCGCCAACATTTTGTGCCCATTCGGGGTGCGAGGCCCGCAGACGCTTCACTCATCTATCACCCAAGGCTCTATGGTGCCGCATCGGTCCATTACCAGGATGCCAAAACGAAATTGGATGAAGTCCGTGAGGTTCAAGCTCTTGTCGTGATAACCACCGGTGCCGTACCGGTCCATTGGGATCAAGCAGATCCTCTCGATATTCCACCCGCCGATTTGAATACATATCCTGCTGACGGAGCACAGTTCGGGGAACTACCGGGCGCCGCCAGCCAGGCAAAATCCTATAAGGGCTGGGAAAAGGATTTTGAGGATTGGGTCTACCGAACACAAACCTTGGACATCTTCAGAAATGCCTCGTTAGGGGTGACTTCCGGCCCGCATGAATCGGAACGTGATTTCCGCCTTCGATTACAACAGCTCGTCCGCGAACGTCGGGATGAAGAGACCGACGCACTCCGAAAAAAATATGCCGGGAAAATGACGACTCTCGAAGATCGAATCCGGCGGGCCGAACAGGCCGTTCAACGGGAATCCGAGCAAGCCAAACAACAAAAACTCCAAACAGTGATTTCCATCGGCGCGACTCTCTTGTCGGTATTCATGGGCCGTAAAACCGTCAGCCGATCCTCGATGGGTCAGGCCACATCTGCCGTTCGAGGCATGAGCCGAACCATGAAAGAGGGAAAGGATGTTGACCGTGCCGAGGAAAACGTGAACGCCCTTCAACAACAATTGGCTGCTTTAGAGGCGGAACTCCAAGAAGAAATTCAGTCCCTAACCGCTCAGTGGGATGTCGAAACCATTCCCCTGGAGACTCTCAATATGCGCCCCAAAAAGTCGAACATTTCCACAAAGTTGGTGTCTTTGGCGTGGGTTCCGTATTGGACAGACACCAGCGACCACCAGACTCCAGCGTGGCTTTAACCCCCATAATTTTTCCAACTAATGATTTGGCGATTCGGGTTTCTTTTGAAGCGGCACATCCCGTATCCTATCGTGTACGGCTGATGCTTCAGCATCAATAATCGACTGAAGTGGAAGCGATCGGCCCACCCCTCACTCACCTTTCACCCGCGTGTTCATGTATTCGATTGTTTATCAGGAGGTCTTGCCATGGAATTGATTCAACAACTAGTCAGCAGTTTGAACATCAATGAAGGCCAAGCCAAAGGCGGCGCCGGTCTCCTATTCAACCTCGCGAAAGAAAAACTGGGCTCAGGCGAGTTTCAACAGCTCGCCGAGAAGGTTCCAGGGGTCAAGGACCTCTTAGGAGCAGCTCCCCCTACCTCCCCGGCAGCCTCTGCGGGGGGCGGCATGATGGGAGCATTAGGAGGAATCGCCGCTTCACTCGGAGCCGGGGGGTTAGGTGAAAAGGTGGGGGGATTGGGAAATCTCGCCAATTTGGCAAGCGGGTTTTCGCAACTTGGATTAAGCCCTGATATGATTGGAAAGTTTGTCCCGATCGTCCTTTCCTTTGTCCAGAATCAAGGCGGGGATTCCATGAAGGGTCTTCTGGAAAAGGTCTTGAAGCCCGGCCCGTCGACAACCTGATGATTGGGCCAATGAATATGAACCATTTGCACAAGGATGACATGATGTACCCTCAATATTCTCCAGTAGGTTCTCGCAGACTCTTTCCTTACCTGACATGGGGGATCATCCTCTTGAGTCTGAGCACGGTTGGTTGCCAGAGCATCTATTATGATGCCATGGAGAAGATCGGCTATCACAAGCGCGACTTGATGGTGTCCGATGTGGAAAAAGCCCGTGACGCTCAAGAGGACGCCAAAGAACAATTCAAGTCGGCGCTTGACCGCTTCACCACAACCCTGAATATCAAGGGCGGTGAGTTACAGGAGAAATATGAGGTCCTGAATGCGGAATACGAACGGAGCGAAGCCAAAGCCCAGGCGGTTCGAGATCGAATCGCGTCGGTGGAAGATGTCTCGGAAGCCTTATTTGATGAATGGGCCGCTGAACTCAAAGAATACTCCAGCCCGGCCTTGCGGAAGAACAGCCAAAAGCAACTCACACAGACTCGGGCTCAATATGCTCAACTGATTAAAGCCATGAAACGTGCCGAATCGAAAATGGATCCGGTATTAGTCAAGTTTAAAGATCAGGTCCTCTTCCTCAAACACAATCTGAATGCAGAAACGATCGCGTCATTAAAAAGTGAATTGGTCTCCGTGGAAGGCAATATCGCCTCCCTCATTAAGGAATTGAATGCCTCCATTAAGGAAGCCGATTCATTTATCGCCTCAATGGAAAAAGATAAGTCATAACAATTTGGGCCGTTGCCCATCTCAACGCGTCACTCGCACTGCCCACCAATAGGTCGGCGAAGGATGCATACAGTGGGTCATCCTGAATCACAAGGAGGGTCTTCGTTGGGCATTATTTCCTGGATCGTATTCGGCCTCATGGCAGGAGTCCTGGCAAAGATCATCATGCCGGGAAAAGACCCTGGTGGAATGTTCATCACCATCCTGATTGGAATCTCCGGCGCAATGGTGGGAGGATTGATCAGCACCTACTTTGGCTATGGCGAGGTCACCGGATTTAATCTGCCAAGTTTTGGCATTGCCGTGGGTGGATCCTTTCTGCTCCTTTTTGCCTACCG
NZ_CP116967.1_gap5	206830	208006	1176	TGCCGCTGGTCGTGAAGTTTGACACCGCGATTCATCTTCCGACTCAACATCTTGACCTGAAGCAGCTCACCATTGAATCGGATCCTGCCCTTCGCCTCACACTTGCCGGAACAATCAACGAATTCTTAACCCAAAAAGCTGTGAATCTTTCTCTTACCGATACGGATCTTGACCTTGGAAAAATTATGGCTCTCGCCAAAGATTTCGTACCGCCGGAATTTGCCACGGCTTCAATGGGGGGAAATCTGTCTCCCTCATTCACCCTCACCGGGTCACTTCCCGACTCCGGATTTGAGGGGACCATCCACGCGGGATTAGACGGAAAAAATGTCGAATTGCATCTACCAGGCCACGACCTGACCGTGGGACCGACAGATCTGGCATTCGCTGCCAAAAGTCTTCAGATCAAGGAGAACGTCCCCTTGATGGGAAACGTCTCGGCGAAACTTTCTATTTATGATTTGGCCTTTCAAGCCTATGGAATACAAAACTTTGGGTTGAGTCTCCAGAGCGACTACCAGGCCTCCGGACCTTTTTCGGGAAACCTGCAGATCTCCGGCACCACAGGATTCCCCGGCGACCTACTTGGCACGCCTTTCACTCTTCCTTTTGCCGTGACCCTCGATACCAGTGGCAATCATCACACCCGTCACATAGAGGTGAAGCATCTGAACGCAGACCTTAGCCCTTATGCGACCTTGCAGATGAACGGTGTGATTCAACCTCATCCTGCCCCGAAGGATGGCATGGATGCCTCGCTGAAACTTCGTCTGTCACCAAAGATTAACGCCTTACTCTCCCTCATCCCCAAGGACCGGCTGCAAGGACTTGTTCTCCGGAAAGGATCCGAGCCGGATACCTTTGTGCTGCACGCCACCGGAGCACTTCATCCGGATTTCCGCCCCGAGTGGGCAAAAGCGACGGCGGCGCTCAAACTGTCCTCTCTTCAAGCTCAACTGAAACCCTTCGGTGCAGAAGGCACCATGCACCAACTCACCTTCCTGCTTTCTTCGGGGTATCAGGAAACCAATGGTGCAATTCAGGGAACGGTCGGCTTTTCGTCAAATTTCTCTGACCTCCATGCGGCTGATACGATGACAATCGGAACCAGCCATGTGATCCTGAAATCTAACTTTCAAGGCCATCTCTCGCCGACCTATCAACCCACGAGTCTTC
NZ_CP116967.1_gap6	223208	225588	2380	ACATTGGAAAGGATCGTTTTGGCAGCTATCGATACTACGGTAGCCCTGACATGGCCGTGGTGAATGCGGATTTTGAAAGTCTCCCAGAGGAAGTTCGGAAGAGCTACAACATCAAGAAGGAAATTCTATGGGAATCGGCGGATTGCTCTGAAGGTGAACTAACGGCAAAAGAAGTAGAGTTTATTCGTAAGTATGAGTCCAATAATCCTTCGATAGGGTATAACCGATGGCCGAAATTTAAATAGGTCCGGATCCACCATATCAAACGCACGGTATGTCATAAGCAAATAAAATACATCGTTGCACGGATACCACTCATGCCAAGTGCTACTATTAAAACTTTTCTTGTCCACGGAGACCCCAAGTGGCTCCGAACAGCAGAATTGTCAAACTGGACAGGCAAGGCTGTCGCCGGTCCGCGAATTGGATTTGATATTGTGCTTGCCTGTGATGAATCGCAAAATTCATGCAGGGGGTCAAGTCTGTTGTTGAGATTTTCGTGCGCAGGTTGGAGAAGCAGTCTGCAGGCAAAGGCTCCAAGAACCAGGTGGACAGGTGACCCCATATTTACATACTCATACTCAGCTCTCGTGCCTATATGCTGTTCTGGTATTGCCGGGTCTCGCCCCGGCAGGCGAGGCCCTTTTGTTTCGGCAAAAGGGCCCAAAACCATTGACGCCCCGTCCTGCCGTATTGGATGGGACGGACGCAAGATAAAGAGCGGACCAACTCGCGGCGCTCAGACAGGATCCGCCAAATACCAAGAGCGTCCATCCCTGGGGCCGGCCGGCAGGCGTCAGAGCGGGAAAAGATTCACAACACGTTTCCAGGCCGAGGATTCAAACCTTGGGATAATGGGGTTAGGCATGAGTATTGATAATTGTTCTATGTGTGGCTTTTGAAGGTTCCAGCTATGGCTGGAACACCGCGTTGAAATTCCATGACGCCCTTTCTCACCTCATTGCCTGAGACAACCACCGCATTACCCTCTATCCTGTTGCGACGGATGATCCCAAGCATCATGCATGCCATTTAAATTAAATCAATAGTCATGCCTGACCCCCCTATCTTTCAATTGTCTGTTTAATTATTGAAGCTACTGTATCAGGGCTAATGTTACGTTCTTTACAATATTTTGATTGAAACCAAACCGAAAGTTGTTTTTGACCTTTGCTTGCATTACAGCCGCGGCAACAAAGTACAATATTTCCTCTAGTGATAATTTTTGCATCATTGATTATATGCTCCCAACTTGCGGCAGTTTTAATAGATACCTTTGCTAGTGTAAATTCAACGCCACAGTAGACACACTTTTTATCTCTTTCCCTTACTTCCTTTTCAAGCCAGTCTGGAATATTCCAATTATTTGACATGAGAACAGAGGTCACCCATACCTTAGTTCCGCAAGCAGTGTCGAGATGGGATCAAAGAAGATGATTCTACTATAGTTACCAGCCCATTCATGATCTACACCTATAGGGCACATAACTTTTGAGTTTAGCGGCAGCCGTAGGCTGTCCGCTGAAACGAATGGTTCGGCGTCTGCTCACGGCACTAGAAAAAGAGCTCGAAGCATTTCTTGAGTGCGGCACGAAAGACCTCGACTGATAGGAACTTGGCACTGCCCTTCAGCCAACGAACCGCGCGCGATGGTTCTGCGGGACTGGCGGGTTGGGCTGATAGGTAATTCTCGATAGCGGTGTAAATCTCTGAGAATCCGTGTACCAGATCAGCACTTTCGAGCTGCGCAATTTGAATGTCCTCTATGGCCCCCTCGTGTATACGAAAGAAGACTACACATGGAAGCGTTGCTTGGCCTTCGATTCCAAGTGCACGGAAAAAGTGCGTGTTGAATCCCTCCACGGCGGCTCGTGTACCAGCATGCAAGTAGAAGACGCTCAACCGAGTGCCGGACAGACGATCAAGCTTGGCAAAGACGCCCTGGTTCTTGAGAATCTTGCGAAGCTCTTGATCTGTGAAGTCGTAGAAGATGAAAGCGAATGACCGCGCTCGGCCTTGAGCCAGGTGTTGAGCGCAGATCTCATCAAAGCGCGCAAGGAACGATTCCAGGCCGTGGCCTATGCCGTTCCCGTTGCCTTGTTCGAAGATGGGGATCATAATTCAGACGCCGAACAATGTTTAGACGGATCCGCATAAGAGCCGGATCTGCCCATTTCTGTCCGTATAACACGCCATCGAGTTTTCTGAAAATAACGACATGCACGTTGCCATTTTAATGAGTTCACCCGAATGGCATCCGGTCGCGTCTTCTTCCCTTAAATGTTCATGCGGTTCCCTGATATTTTCGGTCACTCGGGTGTGCTCTCGAAACCCTGGACCGCACAATACAGAAAGCCCCTCAATGCAACGTATTCTTGAA
NZ_CP116967.1_gap7	323287	326484	3197	AAAACCCGTTGGGTTCCGTGCCCCATTGCGGATACAACGGCAACGCCACTTGTTCCACCCGGATGGCATAGTACAACGGATTCCAGCGATCTTCCGCCCAGAGCCCGTCATCGCCCACCTTCACCAACCCTTGCAGCCGGATTTTGCCCACGCACGCCGCCATACACCGCGTCTCCATCGGCTCGCCCCCCGTTAAGGGGTCTTTGCCTTCCACCCGCGGATAGCACGCAATACACTTCTCACTCACCCGCGTCGTCCCCCGGTACATCGGCTTTTTAAACGGGCATTGCTCCACACACTTCTTGTACCCCCGGCACCGGTTCTGGTCGATCAACACAATCCCGTCTTCCGGCCGCTTGTAGATGGCCTTCCGCGGACACGCCGCCAGACACCCCGGATACGTACAGTGGTTACAGATGCGTTGCAGATAGAAGAAGTACGTCTCATGCTCCGGCAAGCTGCTGCCTTGCATTTTCCACGGCTCTTCTTTCGTGAACCCCGTCTTATCCACCCCTTCCACGATCGCCCGCATCGAGGTCGCCGTATCTTCATAGATATTCACAAACCGCCATTCCTGGTCGGTCGGGATATAGCCAATGGCGGCCTGCCCGATCTTGGCGCCCGCATCAAAGATCGTCATTCCTTCAAACACCCCATATGGCGCATGGTGTTTGCGGCCCACCCGCACGTTCCACACCTGCCCGCCCGGATTGACCTGCTCAATCAACTGCGTGATCTTCACATCGTAGAACTGCGGATAGCCCCCGTACGGCTTCGTTTCCACGTTGTTCCACCACATGTATTCCTGCCCTTTGCTGAACAGCCACGTCGACTTGTCCGCCATCGAGCAGGTTTGGCACGCCAAACACCGGTTGATGTTAAAGACAAACGCAAACTGCCATTTCGGATGCCGCTCCTCATACGGATACAGCATCTTTCGTCCTAACTGCCAGTTATACACTTCAGGCATTGTCGTCCTCCGTTTCAGTGAAAATTTCGGGGCTGCCCAGGCAGCATCGGCCAACCATCAGGTTGGCAACCCCCCGGTATCAACCCAATTTAACTGTCGCATTTTTCTTACAGCCATCGCTTCATTCACGATAGAACCTAACACACTCAGATCTATCGTTTTGAGCAAGACTTCGCAGCGCCCTAGTTGTTTCACGGCCTGCAAGTCCACCAGGCCTTCATACGCCGTAAAAATTACGGTAGGAGTGGATGAAACTTTTCTCACTGCCCGCACGGTTTCCACCCCATTCATCCCACCCATTTTATAATCCACCAAGATCACATCAGGTTCATCCCTATTATCTCTTAAAAATTCCATCAAGGCCTCTCCCGAATCAAAGGCACGTACCGTGCATTCCAACCGAGAAAGTTTTTTCGCAATGTTTGAGCGAATCACCTCATCATCATCCACCACAAATACATAGGGTTTGCTCACCGACAGGTCCTGGTAATTGGTTGTGATTTACATCGATCTCAACTGTCATAGCATCCTCCAAAGGATAATCACCGTAAGATTCGCCACGTAAGTAGAAGGAGGCTGGGGGAGGTATTCGCAATGTTTCTTTCTAGACGGCAATCAAGAAAAAAAACCCCCAGCCTCCAACTCACCTACACTTTGATCTTAATATGATCACCCTTCAGCCATTTGATCATGAACTCATTTTCCTGACCTGGCGTAAACCCGGTCCGGACCGGTTCCCACGGCCCCCGTCCGCCAATGCCACCATCCTCCGCTTTCGTGATCCGGATGAGACATTCCTTTGGCGTCGTATTGACCGCATGATGATCAATCGCAAAACCCCATTTAAATTTCCAGGCAACTGGATGTTTGCCCGGCAACGAGTCGGTTTGATGCATCGGCATCAGCCAACTGCGGGTAAAGGACTGCTGCGCTCCATACCGGAAGTTCGATTGATAGCCGGTATCCAGTGCAATCGCCCGTCCGTCCGGCCGCGTTTCATGCCCCTTCACCGACTTCGCCGTCGACACGAATGGCGCATGTTTGGCCATCGTGACATGGTACGGGAAGGCCGGGTTATACTTCGCCCGGATCATCAACCGTGCCACCTTGTAATAGGGGTCGCTGGGCTTCCAGCCACGATACGGCCGGTCCACCGGGTTCCCATCCACGTAGACATAGTCCCCGTCGTTGATGCCGCGATCTTTGGCCGCTGATGGGTTGATATGGATTTGATGTTCACCCACCCCCGGTGTCCGCTTATCCATCCGATAGGCATCGCCAAAGTTGGACTCATACATCTGCACCCAGTCATTCACCGACCATTGGCTATGCACCCGATGCCGGGTCTTCGGCGTCACGCAATAGAACTGATACCCCTTCTCCCAAAGCGGATTGGCGTATCGTTTAATTTCCGCCCATGGCAACTTGATGTTGCGGACGGTTTTGTCGTCATGATGTTGCGCCGTGATCGGCACACCATAGTCATCCGGCCGGATATACGGATTGGATGACATGATCGCATTCGGCAAGTAAGGAGTGGCCTCTGGCCCTTCACGATGAACAATGAAGTTTTCCCCATACTCAATGGCTTCCGGCTCCACTCGGTAGGTCTCCACGCGTCCGCTGCGGGTCCACATCGGTTTCGATTCGTTGGTCTCTTCCCAGAATGGATGTCGAGGATAGGTCCTGGTCATCACCATCCAGCCCTTTTCCGATTTCAACATCGTGTCCGCGTTATACCCATAGGAACAGTTACCGGCATCCAACAATCGTTGGAGGTACACGTCCACGCGATTGTCATACACAAATTTGAAGTAATCGCGGAACCGGCCATCCCCCGTCATTTCGGTGAGTTTGGCCGCGACGCCCGCCACCGTATCCAAATCGTTCCGCGTGTCATACAACGGCCGGATACCGCCTTTCCATACTTGGAACCATGGATTCGACACCGTCGCCGTATGCTCAGGATAGGTAAACTCCATCCAGGTATTCACGGCAAACGACACATCAAAATGGTTGACATCCGAGGTCATTTCCACTTCTTGATGCACGAGACATTCATTATGCGGATCCACGTTCTTGACCATGTCATAATGGTGCTTCGAATTATTCAACACATTCACGTTGGCCACCCACCGGAATTTGCTCGGCGTCGGCATATGTGTCTTTCCGGTAAACACCCGTCGGCCATACTTGGGCGTATTCACAATCAAGGCCGTATCACCGT
NZ_CP116967.1_gap8	525670	528709	3039	TTTTTGTGATTTTGATCACGTTAGTTGTCATTGAGGCAACTTCAATACCATCCGTATGTTCGATGCCCTTACGGATTTCCTTGAAGATAACCAATTGGCTGAAAACAGATATTTCTGTTTTCAAAACATTGAAACTGTGGATATGGCATTTCAGGCACCACCCAAGGGTATCCATTTGGATACATATTTTATCTATTTAGATACATGTCTTGGTTGACGACTCCCTGTATTTGAATGTCCCAAGGTCGATCATTGAAGGTCTATGTCTTGTTTTTTAGTCCGAATGCTCCATGGTTCGTCTCAAATTTTTCAGGACAGGACTGATGGATTGAGATTCTTTTTCTGAGAGAGAAAATGAAAAATCCAAAAAATCCAAGGCGGATATTGGAATTGTCGGAGGGGTTGTTGGTTTGAATAAAAAAGGACTACACCACGCCAAGGCGATAGTCTGAAAGGCCGGTGACGCTTGGGGAATGAAGGTGAGGAATAGAAGAGTTAAAAGAAAAAGGTCATTGCTAGAATTTCACTTCCTGGCCTTCTTTCAATATCGTGACGTGAGGGATGTCCAGACGGCTTATTTCATCAATGATTTGGTCTCGTACGGTAGGCTTCATATGGTAGACGTATAAGGGCAGATCAGGTTTCCCGATTTTTCGATATTCGTGGGCTAAAAGAGTTGGCGTGAGATGTTTACTTCGAGAGGCCATATCTTTCATTGAATCGGGAAAGGATACCTCAATAAAGACGCCTTTTAAATTTGGTATTCGGGCCGCCTCTTGCCAAAGGTTTTCCGTTACATAGGTATCTCCACTATAAATCCAGGCCACCTCGTCATCCTGAATAATAAACCCTGCCGTTTCGACGGTATGGTTAACGGGAATGGGGGTTACTCTAATTTTTCCAGGCAAGCGCCATTCCCGTTTGGGCTTTAACTCCTCTCCACGTAACATGGAATAGTGAGATTTTGGAAGATGGAAGAAATTCGGAAATACTAAATCGTTAAAGACATGCTTCTGCAGTCCAACTAAAACCGATGGTAAACTTGCCACCACGATTTGATGATCCACCCGCCCCGACATATTATCGACAAGCGGGGGAATGCCTTTGACGTGATCTAAATGCAAGTGGGAAAGGAGAATATGTGTGATCCGCTTTTGCTCCTTCAAAGTGAGTCCTGAAGCTAATGTTCCAGCGTCTACCATCAGCTCTTCATTGACTAAGAATCCCACGCTCCGACAAATATGCCGACTGGTCGGTCCATTCAAGAGTAGATCTGACCCATGGGCTCCCAATACCCGAATGTTCACAAAAAATCCCTTGAATGACAGCAATGATCCATACCCTTGCCTTCCTGTTGTGCCATATTCAAAAAATGCAGGGATGAGCGACCAATTTCAAGTCATGGAATCCTAGGGGTACCCACCTCTCTGATGGAAAGACAATCCGAGGATCTGTTCTTGTTTTTAATTTATCCCATTCCAGGCCTCCTGTCTGTGATATTCATCACATTCTTGGTGTGATTCTCTTCGCACTTCATCAACGCCCTATTTCCTTAAAATCTTTCAATAGCACCAAACCAAAATTGTTGGGTTTTATTCCCATAATCTATTGATATAAATCGTCTTCCGGGTAACTGAAAGACTTCCGTTTTCTTTGAGAGCCTTAAGGGTCCGACTCAAGGTTTCCCTGGAGCATCCTACCATGTTGGCTAATTCCTGGAAGGATGGACGATTGGAAATCAATAATTGTCCATGAGTCTCCACCCCATCCTGGAACTTTGCTAAATCAAGAAGACAGCGACCCACACGCCCATACATATCAAACATCACGAGACTGCGAACTTGTTCGCTGACTTTTCGCAATCGTTGGGAAAGGTTTTTGAGAATTTTTATAGCAATGTCTGGATGGTGCTTTAAAAGTTCCGTCAATGCCTTCCGTCCCAATAAAAAACATTCACTCGGCTCCACCGTTACCACTGATGCAGATCGAGGAGCTGATTCCAGGATGGCCATCTCACCGAAAAAGTTCCCCGGACCCAAGTGCGAGAGGATAAATTCCTGTCCGTTTTTCCCGGTTAACAGCACCTTAACTTTGCCTGACAAAATAATGAATAACACTTCGCCTGAATCGCCTTCCTGGAATATGACATTTTTGTCGGAGAACTTTTGGCGACTCCCGGAAGCGGCCAACAGATTGAGTTCCTGATCCGTTAATTCGGAAAAGAGTGGGACATTTTTAATCGCTTGTTTGTACATCACCATGACAGGAAATTTCCTGGTGAGTTATTCTTCCATTGGATTGAGCAGGGATTCGTTCTTCTTCGAAAAAAGCACAATCATTCCGACATCAGCCCATTTTTAGATTTCAAATGGAGCCATCATGCAAAATTATTTTAATAAAGACAACACCCTTGTGCATGGCAACTACTATCCACTGAGCCTCCCCAAGGAATCACGCTTGCTTGATCAAACTGGTGACCATCGCCGAAACCATCGTCAGGGTGGCCAAATCTTCCTCATGATTTCAATGGATTTTTTCTTGTGTCTCTTTTGTCTGATGATGAGATAACATCCACAATCACCCTCGAAAAGTCGAATAAACTCCAAACGTTTCCCAACATGTCATGCACAGTAACGTCCTTCTTGTCAGAAGGATCGGCAATCCGGGCTTGCCCCTATGGCCAAAAACTCCTTATGCTGACTTGAGGAATCCTTGTATGGGAATTCGTGATCTTAATACATTGATTGACCTTATTTGTGCTTTTGATTATTTTGTGCTCGAAATAGGGAGTGCATCCTCACCAAAATCGAAGGAAAATGGGTTGAAAATTTTCCTGGCCAATCCTAGAGGGTTTTGTGCGGGGGTCGATCGAGCTATTAAAATCGTCAATTTATCGCTAAAGACATATGGTGCACCAATCTATGTCCGTCATGAAATCGTGCATAGCCGCCATGTGGTCGAATCCCTACGCGAAAAGGGTGCTATTTTTGTTGGAGAATTAAATGAGGTACCCGATGGCGCCATTGTCATTTTCAGCGC
NZ_CP116967.1_gap9	582396	585043	2647	GCTTGGAGATACCGTCCATGATACGTTGCGCTATTTTAGGTCTGGGCATTCGATCGAACAGATCGCCAGTGAGCGCGGCTTGGTCGTCAGCACCATCTATGGACACATGGAACAAGCCATCCAAGCCGGTGAACCGGTAGACCTTACCCGACTGTGGACATCGGAGCAGGAATTAGAAATGGCAGAAGCCTTCGGGAAAACGGGGTTTGGCAATCTCACCGGAGCCAAAGAGCTACTCGGTAATCTCTACGATTACGGCCAACTTCGGCTCTTCCGCGCCGTTTATGGGAAAAATGGGTAGTGAGTGAATCAGATCCCATTTCAGGTATTTAATATTCCAGGTGGGTGCCTATTTCAAGCGTATTGGGGAGGAGTGAAAACGATGTGTACGTTGGCTGCAAGTCGAAATATCAGAGGAGTGTCCCCGGCAGGCGCAGCCGGTTTATGTTGCCCCCGAGTTTCATTCTGGTACATGAAAAAGGTCAGACCCGGACGAGCCCTTTTATCCGCAGGATAAAAGGGCTCGCTAATGGGCAATCACACTAAGGAGCGAGGTTGATTTCGACGTTGAAGAAGTAGTCGTTGGCGCCGTTTCCTGGCCTCATAATATCTACGGCATCACTCGGATCGGCTTCCCCTCCTAAGGGAATTTTAATAGCATCATTCGGTTGATCAAGAAAACTATCAAATAGTATTTGCTCGGGTATTGTTCCTAACCGCACGATTTCCAGTTCACCCGGAATTTCCCAGTTGAAGAGCGAACCTGAAGCAGATTGGACGATGACGGAAGTGGGCGTGGCGGAAAAAACGTGGGTAACAACCACTGGAGCGAGGTTGAGATTGCCAAGATCTGCGCAATTGGCGTCGGGGGGAGATGAGCAAGGGTCAAACGTCTTTGGGTATTGGCCGAATTCAATAGTGTCGCCCGCATTAATAACACCGTCCATGTTGGCATCAACAAGCTCCGAGATTTCAACGTCGACTTGCGGGTCATACGTTCCATCCCGATCTGTATCGATGTATGCCCGGGAAAAAACATGCCTCGCGATGACCTCGTTGCATTCTGCATCCAGAGTGATCGTTCCAGCACCATTTGAACTTGCTGGGAATATGTCCCCGTGGTTAGCCAGGTGATTCTGGACTGCGTTACCACTGACGGAAATTTTCTTAAAAACCCCTTCATCCGGGTCAAAATGGCAAATCTCCACTTTTGGCATCTTGGCAGCTTCAACTTGCCCTGTTCCTAGCATACACACACCCGCAAAAGCTGCACTGAACCATACCGATGTCCTTTTACTTCTTCGATCGACCAAATTCATAACATCCTCCAAATATGTGGTTATGAATCATACATCGGTTGGTTATTCAAAAAAGGAAAGTCCCACGGAGCAAAATAATTTCATCCATGGCCGAAAACAGTTAATACCAGATGACCCACCCTCCCATTAAAAAGTCGCGCACGTTCTGGCTTAGGATGAGTCAACCAATGGTCAGGAGCAAAGCCCCTGAACGGCACCATCACAAAAACACCAGGTTTTTAAAAGAGATTCCGTAGGCGGCATCGCCAATCAGCGGGGAGAGTGGCCAATACTATCAATGAGGACCTGGAACGAGCCATCCAAGCCGGTGAGCCGGTAGACACCACCCATTTCCATGACACCAGAGCAGGAATCAGAAATGACAGGGGATTTTGAGAAAGCAGGTTTGGAAATTTCCCCGGCGCCAAAGAGCTACTCGGCAACTCCTACGATTAGGGCCCGCTCCGCCTCTTCCACGCCGTTCATGGGAAAACCTGAAATATTGTAATGCAAACAAGAAATGACTTTTAATTCATATAGTTTTTAATTCAAGCGTCATCCTGAGCCAGCGGCGAAGGATCTGAGCCCAAATTAAAGACGCTCTGGGATGTAATATCCTTCCAGGAACTTGTCCTGATTTTGCTTAAGGCCCGCTGTGCCCTTCTTAGGGAATATGAGGCTAACGCCTTGTGGAGCAGCGGTGCGGCATAGCCGCGTCCGTCTGCATTGCTTTGCTGAAATTTCCCATCATTGATATACAATCCTGCGGAATTTTCAAAAAGGCTCGTCCAGCAAGGCCGCAGGTAATTGGGCGGGCGAAGTGTACGCTAAGTACGTGAGCACGAAAGCGTCGAGAACGCCGCTGGCGACTTTTTTCAACATCCTGCTAGTGGTCATGTCCGTGCTCATGAGTATGCCCATGCTCGAGTTCTTGCTTTGTCGCTTCTCGCACACTCAGAACTTTAATATCAAAGTTGAGCGCGATACCGGCCAGTGGATGATTGGTATCAATGGTGACTTTATCCCCATCTACTTTCACCACCATAATTTGCTGCGTCGTGCCGTCCGGTGCCTGGGCCTCAAATACCATTCCCGGTTCAACCGATTCTACCCCCTCAAACGCAGCCCTTTCGATGCTCTTGATCCCGTCAGGAATGACTTCTCCATAGGCATCGGCAGGCTCAATCCTTACCTTCAGAGCATCACCCTCTCCTTTACCGGCCAGCGCTTTCTCCAGCCCGGGGATGATATTCCCCGCACCATGCAGGTACACCATTGGCTTTGACCCATCTGAACTATCCAACACCTTACCGGCATCGTCAGTGAGCTTATAATTGACGCTGACTACC
NZ_CP116967.1_gap10	752067	756075	4008	CCAACACTTCGTCGTGGTCCAAATTCTGGCGTCCTTCCTTCAGATCCGTTCCCCGGTAGATATGGATGACTTCATCCGTAAATCCTGGAGCGGTCCAAATACTGGTGAGCAACTCCAACTGACCGGCCTGATAGCCAATCTCTTCCTCCAGCTCGCGTGCTGCACAGATGAGCGGGTCTTCCTGGGGATGCAGTTTGCCCGCGGGGATTTCATAAATAAATCCTCCGGCTGCATGGCGAAATTGCCGAATGAGAATAACAGTACCGTCACCTTTAATCGGCACGACAGCCGAGGCGCCAGGATGGCGAATGACTTCTAATTGGGTGAATTGCCCATTGGGCAATTTCACCGTTTCGCGGTTGAGAATTAAGACTTTTCCGGCATAGATATGTTCGATCGACACAGGAGTTCTCGTTTCAGTCAGATTCAGGAATACTACAATAGCATTTTAAGATTTTGGACGTTTGTAAAACGGAAGCGTGACAATCTTGGCTTGTACCCGTTTTCCACGAATGTCGATTTCAAGCGACATGCCTTCCTTGCACAGTGCAGGGGGCACAAATCCTAAGCCAATCCCTTTTTGCAAAATTGGCGAAAAATTTCCACTGGTGACCTTACCCACCAATTGTCCATTGCTGAAAATAGTCATGTCGTGGCGGGGAATACCGCGTTCCACCATTTCCAAGGCAGCAAGCTGACGAGTGAGACCATCCCTCTGCTGTTTGCGTAGCGCGAGGTGCCCTTCAAACTCGCCTTTATCCCAGGCTACTACCCACTCGGAACTGGCTTCCAGCGGGGAGGTGTTCTCATCCATATCGTTGCCATACAGCAAGTAGCCCACGTCTAATCGCAAAAGATCTCGCGCCCCTAGCCCTGCGGCCTTGGCTTCGAATTCCGCGCCGGCCTTCAAGAGTCGATCCCACGCGGAGGCCGCTTGCGCCGCAGGCACATACCATTCATATCCAAGCTCTCCGGTATATCCCGTTCGACTCAGCAACCCGGAAAACTCCGTGCCCTCCAATGCCAAACAATGGCGGGTCTTCAGGGTTTCGATTTGCATTCCTATGAGGTTTTGCATAATGGCTTTTGATGCAGGCCCTTGAATGGCAATTTGGGCCAACTCTGTTGATTGATCATGAATGATCGCTCGCGGAAATTTTTCCGACTGATGTTTTAAGAACCATTGGAGCATCTTTTCCCGATTGGAGGCATTGACGCAAACCAAAAACGAGGAGGACCCGGTTCTGTAGACAAACACATCATCGAGAATGCCTCCGGAGGATTGACAGACCATGCCATATTGAGCCTGCCCTTTCTGGAGGCGACTGACGTCATTGGTACTGACCCATTGAAGAAAGGCTTCAGCCTGGTCTCCTGATACCTCGATGCGTCCCATGTGACTGACGTCGAAGAAACCAGCCGATTGCCTGACCGCAAAATATTCCTCAAGGACACCAGTATATTGAACGGGCATGAGCCAGCCGGCGAAATCCACCAGCTTGGCATTGAGGGCACGATGGGCGTGAACGAGCGGAGTTTCGTTCATCAACGCAGGTCGAGCAGTTCGACTTCAAAGATGAGAGTGGCATTGGGGGGAACCGCTGCTCCGGCCCCTCGGGAACCGTATCCCAATTGAGGCGGGATTACCAATTTGCGGATACCGCCGATTTTCATCCCTTCGACGCCCTCGTCCCAACCCTTAATCACCCGGCCCTCCCCTAATCGAAAGGAAAAAGGTGAATTACGATCTTTAGAGCTATCGAATTTTTTTCCGTCGGTGAGTGTCCCCGTGTAATGGACGATGGCGGTTTCTCCCGCATGGGCTTCACGCCCGGAACCAATGGCGAGATCGACATACTGTAATCCGGAAGGCGTGGTCACCATCGCTTCTCCCGCAGCCTTACCGGACAAAGGATTCAATACAAATATCATGAGAAGGATGATCCAAGACCCTATAATGAATACGGGTAATCGAAAACCTGATTGTAATGTCATACCGTTTTTCATGAACCTCTCTCTTTGCTAGTGTGAAACGTATCCGATGCCATGCCCATTGATGGGCGAGACACGTCTTCGTAAAACAGCGCTATACTGGCCGTATAGCCATGCAAAAAATTCTTCCCGCTCACGGGGCCAATTTCTCCACCTGCAAAAAACCCCGCTATCGGCATGGTCCCCATTTGTTGATGCAGAGTGGACACATCATGGTGAGGAGTTTCGAAAAATCGCCGTCCACGCCCATTACAACTAAATAGCAACGCGCCTTTTGGCAGGCTGTCCGGATGGGTCACTCGCTCCTTCGATAAAAGTAAATGGAAGTCTTCACTCGCGGCATGAGCATCCCGCACATGGAACTGAATCGTCTGGCCTTCCTGAACAAAATCCGCGATGGCGAGACTCCCAGATTCTCGATCGGCTCCTAACAGGCCACGGATCAAAAAGTCCCCCTGACCGAATTCCGGTCGATGTTCGTCCATAGCAATACCCACTTGGAGTCCGTACGCCGCTTGTTGTTGTTCGTGTTCATCCAACGCTTTCAAGGTGGTTTCCAACCGTTCCAACGGCGGGATTCCCCCAAGCTCCTGAATGACATTCCGATCGACCTTGGTCACAACATACCGTTCACCAATAGGTTGACACCCTTGAGACACCACCGTCCGGATTTCCAATCCACCCTTAACAGCCACGCCTACGACCCCGGATCCAAGAATGTCTCGATTAAAGACCAGGCGGCTTTCTCCGACATCCATGCCTCCACTGGCAATTCCCCCAATAGCGGACGAGCCGGGAGCATGCTCCTCCAACAAGGACAATAATTCATCTATGGGGGTAGAAAACGGATCGGCAAAGAGGAAAAACGTGTAAGGATGGGTAGTGGCTTCTAATGCCACCGGCCAGCCATCCAGTGACGCTCCCTCACCCTCTAAGTTTGGCGTTAACTTGAAGGGCACCACTCGCATATCAGTGCTTCTCAGGCCCCAGAGCACCAGACCAGGATGTTCTTCAATTTCCTGATCGCCTCCAATGACCCCTTGTCCCATACACCCCACCAGTGCCTGAGGACGAAGGTTCTCGTGGATGATATCGACCATGCGCTGAATGTCTGAGGAATAATGGGGAGAAAAAAAGACAAATGCGAGATGACACTCCGCTTGGCCTAATGCCTCATACACTGATGCGGCTACCGCATTTGCGGCTACTTCAGGATGAGCTTCTTTGGAAAGGGCAACGTGACACTGCATCATAATTCAATTGTTATAAAGTCTAGCAATCCCCGCCAAACGATGTCCATGAAAGAGGTTTGGTAAATTTTTCCCTCTATTCCTACCCCGTCCCGATAAAACCAAAGAACATTCACCCTAGACGTAATAAGTTGCTTACTGAATTGGGCGACCATAGGCATTTAAAATCGAACGGAGTCTTTCAACCGAGATTGCCTCAAAGCGTCGTCCATCTCTTCCTGTAACCGTTGTGGCTTGTAGCAAGGCGTTGAGAATGGCCTCTTCGGTGGCCTCCACCGTGGCTTGAAACAAGGGGTTGATATGGGTATCGGCAAGATGAGCCATAAAAAATGTCCGGTGTTCCGGATAATGAGGAATAACATTGCCGGTAGAAAACGCCAGGACAAAATCTCCACTGCCATGATGGGAGATGGACCCGGTTCGCGCCAATCCTATGGTAGCCCGGCGGGAGAGTCTAGACAGTTGGCGTGCATCAAGCGGAGCATCCGTCGCGATGATGATGATAATAGACCCGCTGTCCTGCCGTCTTTGAGGGGGGACCGCTCCCGGAAGCTCGCCCAGAGCTGCCACGATCGATTCTTCCAGTTCTTTGTGTGAAACCATTGGCAGATCCGTATTATAAACTTGGCCCACCGGCACTCCCGCGATCGTTAGTTCATGACGACGGCCATGGTTAGCATTCACCAACACGCCGACACGATATCCTCCATCTTCAGATGGAAGCACTCGAGAGGCGGTACCAATGCCGCCTTTAAATTGATAGGAC
NZ_CP116967.1_gap11	884738	886291	1553	ATCATAATGGTCCGCAACCATAACGATCCTTGTCGACAAGGAAAGGGCGTCTGCTCTCATGGCCTTTGGAAATCCCGAACCATCCAGTCGTTCATGATGCCGTTCAATCATTTCCAATACTGCTGGACTGGTATCCGGAAAGGATGCCATCAGCTGTCGCCCTACCTCCGGATGTCGTGGCCCCAACTCGGGATCCGATTGGATTTTCATTCCAACCGCACTAAATCGTACATTCATGGGTAACGCGCGATAACCCACATCGTGGAACAACGCTCCACGCCCAAGCTCAAGTAATCCCTCAACTTCCAAACCCAACTGCCGGCCGATGAGTAGGGAAAGGGTGCATACGTTGAGGGCATGTTCAGACAGGCCCCACGTGGCCCCGTTACTGCCGACCACATCGATTAACGACATCGCCATTTTGGGATGTTGTATGGCCGTGACAATACTCGTGATCATTGCATCCGCGGTTTTACGTCCGGACTGCCGGCGATCACTCAGTTGCCGGAACAATTCATTCCCCTGTCCAAGGGTTTTTTGATATGCCCCTTCAATCTTACGCAAATGATTCTGAAATTCATGGTAATCCTGTCGCCGGTCCAGGATTATGGATAGGGAAGATTCCTTTATCAGTGGTCCGTCGTCGTCCGGGTGATCGAATGTTGAATCGGAAATGGCCTCTGTGTCTTCCTCCCTACTGACGCTCTCATCATGATCCAGGGGCCGCCGGTTTTCATCCGGAACATCCTCAACATCGAACGAGGCCGACCGTTCAGGATCGTGGAGAATGACAACATTTTGGAGAGCTTGAATGGTCGTCAGATCATCAGAGGATTTGATTTGAAAGGTATTCGTGGGAAAAGGATGGCTGAACCAGGACCCTTCGAGTTTGACAAACGTCCCGATCCGAAGATCCCGGGTATCTTCAACTTTAAAGAACGGCATAGAACAATCTCTTTTTCAGCTAAAATCAAAACATCAATCTGGGGAATGACTACAAATATGGGACTAAACAGAAAGCTCCAGTCTTTTTCGGAATATTTTCCATATTGGTTAAGTCTTGACACCTGCCGACAGTGAATAAAGCCTTTTCCTTTCATGCCGGGGAAGCCTCATCACACCAACTTGACCCTTTTTTAAGCTCGGTTCCCGCTTCCCAAGTCTTTTCTTGGATCAATGTCCCCTTTCGGGTAGACTTGGTTTCGGATGATTCTTGACATTCCTCTCAGGAGACCCAAACGATGCAAGTTCCTCCCATCGGTCCCACCAATCTTCCAGATTCTATTCCTGAGGCATTTTTCGCACTCTCCGCCATCGCCTCCGATCATGTGGTCATGCAAATAAAAGAAGGAGAGGGTTATCGACAATACACCTACGGGGAAGTGTCACGGCTCATTCGGGGATTGGCGAGCAGTCTCCATGAACACGGATTTGGTCCGGGCCACCGTGTCGCACTCGTGGCTGAAAATCGCCCGGAATGGGTGATTGCTCATCTCAGCATCCTCACCGTCGGCGCCACAGCCGTCCCACTGGATATTCAGATGCCACAGGAG
NZ_CP116967.1_gap12	888755	892146	3391	TGAGAAACTCCAATGGTCGCATTTTGCGGGGTTAAAGACATTTCAAAAATCTGGCGTTTGGTTTGGGGCAAACAATGATGTTAACTGAAATTTCACAAATGGGATTGATTTAAATGTTCGAAAGATGCCGGGCTTCGGCCAGGCAGCCGAGGTTTTGCCTCATGCGTCGAGGAGTGCAACCTTTATTGTGTAGGCAAAAGGACCCGAACCCAATGACGCCCCGACCCGGCTCATCAAATTAGGCGGACGCAAGCCACGGAAGAGCATTTAACTCGCTGAGCTCAGACAGGGCTCGGCGAGTTTCGAGAGCGCCCACCCTGTGGGCCGGGCGGAGGGGGTCCGCCTGTGAGGGACGAGGGAGCTACGCAACCAAGAAGTCTTTGGAAAATTTTATAAAATAAGAGGAAGGCCTTTTGAAGATTTGTTGATTCTTTTACTGGAGATTCGTTGCGTGATAGAAGTTTAAAAAACTGTCATGTTGGGTATTACGAGGCCTCTGTAAACTACAATATCCTTCAAAACAAAAGTTGAAAGATTTCTTCCTATGGTCCAAATGACCTTGTGGTCTTTTTCAGAGGATCATGAATCAAGAACCTCCCGAAGAGCCCACGCGAGATCCTTGATCAACAGCGGCTTTAAAAGAAAAGCCCGTATCCCCATGGCTTTGGCCTTTTCCGATGTCATACTGTGACTAAACCCCGTACACAGGATAATAGGCACGTCGGGTCTAAGTTCTAACAATTGACGCGCCAGAGCTTCCCCGGTGATATGCGGCATCGTTTGATCGGTCACCACCGCATCAAATCGAAAGGGATCGGCCCGAAAGGCTTCCAGAGCTTCAACGCTACTCGTACGCACCATAACCTCATACCCCAACCCCTTCATTGCCTCCTCCCCAAGCCTGGCAAGGGGCTCTTCATCTTCCACAAAAAGAATATGCCCTCGGCCCATAAACACATCTTGTGACAATGGAAGATTTTCCTTTGGATAATGGGCCGCCTCCATCTCCGGAAAATAAATGCTAAAAATAGTTCCCTGTCCGGGTTCACTCTCCACCTTAATTACACCCCCATAACTGATGACGATTCCATGGACTACGGCCAAGCCCATTCCCGTCCCTTCACCGACCCTTTTCGTGGTAAAGAAGGGATCAAAGATGCGTTGGAGGACATCCGGAGTCATACCCGTTCCAGTATCTCGAACAGTCAGGCATACATAGGCACCTCCCTTTAGGTCAGGAGCTGCGCCGATCCCATCAGGTTCACCAATCACACGCTCCAACTTCAATTCAAGAAGACCTCCGCTTCCCCGCATCGCATATTCGGCATTGGCACACAGGTTCATCAACACCTGATGCATTTGGATGGGATCTCCTAATATGATCGAGGTCGCCTCAGTGAAATGTTGACGAATGTCGATGGTCGCCGGGAACGTGGCACGAAGGAATTTGCCAACCTCCTTGACCAACACTTGAAGGTCAAGCGGCTGCTGCATTTGCTCGGTTTGTCGACTAAATGTCAAAATTTGTTGCACCAATTCCTTGGCGCGCTGCCCGGCTACCAACACCTCATCAAGATTCTTTTGTGCCCTGTCATTGTCCCTGGCACTCTGTTTGGCAAGTTCCGTATAGCCAATGATCGCCATAAGAATGTTATTGAAATCATGGGCAATACCGCCTGCCAAGGTCCCAATAGCCTCCATTTTTTGAGATTGGCGAACCTGATTTTCCAACTGTTTCAATTGAGTGATATCCGTGTTGGATCCAAACCATTTCACCACCTGCCCCTCTGGATTAAAAACAGGAAGAGCCCGCCCGAGATGCCATCGGTAGGCATGGTCTGACCCCCGCAGTAGGCGAAATTCGATTTCGTAGGGTTGGTTGGTTTCACGTGCCCGGTCCCAGCAATCCAGACATCCAGGCAGATCATCCGGATGCAGAAACCGCTGCCACCCATGACCGATCATCTCCTCAAAGGATGAGCCGAAATACTCGAGAACCCGTCGATTGACATAATCTAAAGTCCCATCTGGGCGTGCCGTCCATACCTGCTGAGGAATCGCTTCACTCAAGAGTCTGAAACGTTCTTCACTCTCCTGGAGTACCGTCTCTGCCTGCTTCGTCTGAGTAATATTAAAGATGACTCCACGCAATTTCACAGGCTGATCATGTTCCACCACCACGGTCACCAGGTCCCTCAGCCAGATCACCTCCCCGTTCTTCTTAAAAAATCGGTATTCTAATTCATGGTTTTCTTTCCTGAGAGTGGCTTCCCGGCAAAAATCCATCACCCGGCTTTTATCAGCTTCATGAAGCCGACCCCAGAAAAAATCGGAATTCTCTAACCATTCATTTACAGGGTACCCTAACAAACGCTCGGCCTGTTGACTCACAAAGGTAAGCCGATAAGAAGGGAACTCACACTCCCATACAATCCCCTCCAGTGAATCGACTAATGTCAAAAAATCCTCTCTCGATTTATTAATGGCTTCTTCCGTTTGTTTGCGCTCGGTAATATCTCGAAAGGTGACGACGGCTCCGGTCAGATTCCCATCCTGCCAAATGGGCGTGCTGGTATAATCCACCGGGAAACTGGTGCCGTTTTTGCGCCACAAGACTTCATCTTCTACCTGCCGAAAAACCCCGTCAGAATAGACCGCATACATTGGGCAGTCTTCACTGGGATAAGGAGAACCATCGGATTTGGAATGATGGACGGTTCCATGCATAAAGGATCCAATAAGCTCCTGGGGCGCATACCCCAACATTTTTGCCCCAGCCGGATTGACAAAGGTTGTCCGACCTTGTAGATCCAATCCATAGATCCCGTCACCAGCCGAGGACAGGATCAGTTCGTTCTGACGTGACAACTGCTGAGCCTGCTCCTCTGACTTTTTCCGTTCCGTAATATCATGTGTGACCGCCAAATGTTCGATTTCATTCGTGATGGGGTTCTTGAATGGCACCGCATACGTTTCTATCCAACTTCTGGTGCCTTTGAGGCTCTGAACCTCAAATTGAAGGGTCTGTTTCTTCCCCTGTATTACCTCGTGATGCATCCGCTTAAAGGCATCCAGATACTCAGGCACGACGAGGTCAAAGACAGAACGTCCAAGCACATCATCGGCATTTGTCGCTTCAATTAAATCCAACCCCGCAGGATTAATGTGGAGCAGAGTCCCATCGGCGGCAACCCGTTTAATGCAACCCGGCCCCATTTCAAAAATAAGGTGTAATAAGGTTTCACGTTCTGTCCGTTTCAATTCCGCCTGCTTCTGCTCAGTAATATCCTCCGAAATTCCCAAAAGATATTGAGGGATTCCCTGACCATCTAAGATCGGAATTTTTTTGGTATGCAGATACCGTGTCCCATGAAATCGGGTGTGAATGACT
NZ_CP116967.1_gap13	943442	946140	2698	ACGGCTTTCTGCCGGAAACTACCAATTCCCACAAGGATGCTCTGGTGGGCTTGAGTCAGGCTACTGATTGGGATGTGGAGGGAATAGAGGGCGAGATATGGCGCAAGCAACGGTTCGTCGAGGAGCCAGGCAAGAGGAAATGAGAGCAGTCCTAGTAACACCCCTCCGCCAACCCCTGCTACGAATTGCAACCGGATGAGGGTGCTACCAACTGGAAGCCAGTTTTTGGCTTCCCCAATAAACTTAATCGCCGGACGTGCAAAAAATGAGTTGATCCCGAGCTCCACCCATCCAAACAACGTCGCAGAGAGGACCAATAAGCCATAGCCATCGGTTCCGAGTCGTCGGGTGAGGAACCCGGCGGTAATGAGGCCCGTAAGGGGAAACAGGAGCCCGGCGAGAAAGACTCGGACTGTCCCATCAACAAGATGACGGCCTGGTTGGGACGACAAGGGACTCACTGGGAATACTCTGGTTGATGTTCCACATACAGGGCTAATGCTTCCCCGATTCGACGATGAACCGCAGGAGAGGGATGCCGGTCAAATCGACTTGCCATATATTCTTCAGTGGTAAATTCTTTACCGAGGTAGGATAAATCAAGATACCTGATACCGTCATGTATCAGTCTGTCAGGAAGAGGACCCCAGGCGTTTTCCTCCATTCGTGGAAGAAGCGCAATCAATGAGGAAAGATCATATTGATTTGCTGTCTCGTTGAATTGTTGAATGTAACGGTAGGAGTGGGGAATCTCCCCGCGTGAAAGCAGTGGGTCAAGGTATTGAGGTGGAGAAACCCACCGTGACCCTATATCCCGGAGCACATACAGAAGGCGGATTCCTCTTAAGGCCTCTCCAACCGGAGAATCAAGAAGACTTGCGATTTTTTGACCAACCAGATAACCAGCCGAGTCAATGGTGGGAGTCCGGTCGAGATTCAGATCAGGCGGAATGATAGCCATAACAACCAGGTCCGGCTGTATATTCACTATACGGTGTTTTAGCATGGCGGCCATCTCTTTGACGCTATACGCCGATACACCGAAATTAAACACTTTCACGGTCCAGAGATTCTGGTGTTGATTCAGCATAAGTTCCAGAACTTCGGTGAACGTTTCCTCAGTTTTGGGAACACCCTCCCCAAATGTGACGGAATCACCCACGATTGCAATACGATATTCCTGGGGTTGTTTGGTGCCATAGACCATTCCGGGGACTTTCGAACGCAATCCCAGGCTATCCGTGTTAATGAAAACACGACCTCGAGCTCTGGCCTGCATAAGATTAGGTTTATGTATGTAGGAAATGTCCTCGCTCGGTTCAAATGAGGTATAGATCGGATCATGAATATGATGCTCCGAATATCCCCAGATCCTAACCCCAACTTCCAAGAGGGGTAAGGTTACGAGAAGCAGATACCCAGCATAAAAAAGAGTTCCTTTCAATCGTTTTGGCATTGATGCTGCCATCTTCAAGCCATCCGTTGCGGACTTTGGCCAGCCCCAATCATGTAGCCTATAAATTCCCCGGCTGCATGACAACACACGAGGAGTGCGAGTAGAGGCAGACTTGCAAAGACTTTCCCCAAGACCTGCTGTGTGCTCATTAGAGACCGAAGAGTGAACCCCAAAAGATAAGGAGGCAGAATTGCGGTAAAGCCAAGACGAAGCATACGGCCCAACCCCCCCAGTTTTTCAGGCTGAAGTCCTGCGATAGATCGCCCGTTGTGAAAATGAGCGGTGAAGGTCCCCCCAAAACCATGTGACTGAACATGGGAAACAAGGAGGCGGTCAGCAGCAATATTCACTTCCCCTTCTTGGCGAAGTTGTCGGGTACACAACATTTCCATCACCCCGAGTTGGGAAGCCAATCGCGAAACAACCCGACGCTGATAAGAGATATTTGCCTGTAAACAAATTCGCCCGGAAGGTCCGTTTCTAATCGGAGATACGAATGGCGCGAACACTAGAAAAACATTTGCCCAATCCATTAGTGAAGTGATGGCTCCATTTTCAACCACCCCACCAATTCCAGTAGGATCGGGATAATCCTTGTGGACTTGAATGACCAGCTCACACCATTTGGGGGCAACCCGACAATGATCCTCCGTAATGGCTATGATTTCTCCTTGTGTGTGAGACATGCCGAGCTTCCGGAGACCGAAAACGGATGCGCCCGGGTTCTTGAACCACATGAGTTCCTTATAGGACGCTTTGCCCATATCAGGAAGCCCTCGGCCATGACCGTCCGCCATCAGAATTCCAGCTCCGACCCTTTTGGATTGGCCCAAAAGAGAGTCTAAACAAGCGCGTATTTCCGGCCAGGGTTTTCGTCGTTGCAACCACGATTGAGAGGGGTATGGTTGAGGTTGAGGCTGTCGTGTGGCTGTGCGAAGAACTTGATTCGATTTGCATGATTAGGAATCCCTTGTTTTCGACGAACAACTCCGTGCGATCTCTTGATAACATTGTAGAGTACGCCGCGCCGTGTCCTCCCATGGGAAATACGGCAGCTCGTGCAAACCCTTCTTGCCGATACCGGTCACCTTCAACTTATAATTGTCTTTCCGACCACAAGCATAGAAATAGAGAACGCCCCCAAGAAGGTTATCCATGCAAAAGGTGTTGCTCGGTCGTACGATGACTGTGCCATACCCGCAGTTGCGTCGGATATCGACGCGCATCAACCATCCTTTAAAA
NZ_CP116967.1_gap14	955678	956851	1173	ACAGGACAGAAATCGAATCTTTAAGTCCTGAGAAGAGAGTCCCGTCCAAATCCGCCACAGCCGGACAATTGGAATAAGAGGCGACCCCAGAGCAAACATGAAGCGCCATGGCAGAGACTTTTGCCGGGCTCTGGCTCCGGCGAAGAGACGGCCATTATAGAACTGAGCTGGCACCCAGGAAGACCATAGAGAAAAATTCGTATGGGCGACACTCGCTGTCGACTCCATATACAATCGATGCCCCTTTCCACGAAGATCCCAGTGGAGAACTGTCTCGGCTTCCATCATGGCATCCAATTGATCGCCATAGCCGAGCAAAATCTCTCGCTTGTAACTGGTATTATGCCCCGGCAAAAAATCAGCTTCCCTGGAAGGTGCAGGTGCCAGCCAGGGACCGTAGCCAATGAACAGATCTGCCCAACTCACGGCAGTATTGGGATTGGCATTTCTGACCCCGGGTCCCACGGCAACCCAGGGGCCCTGATGGGAGGTAATAAAATTCTCCGCCCATTGCGGATCGGGAAAACAATGGTCTTCAGCTAATGCCACAATCGGGGCTGCCGCTTGACGAATTCCCGCAGCGTTTGCCTGTCCAATGGACTGAAATTTCTTGATCTCGACCACCTGATAACAGGCAAACTCATTCAATTGATCCACCTCCAGGTTCAACTGCACCTTCGAAGGCGTCACGATTACTAGTTCCAATGACGAACGTGCGGTTTGAGACCGAAGATGCGAAACCGTTTTTCGGATGGTGCCATACCCCGCAGGAGTTGCCAGAATCACGGAAAGAAGCGGAGCCTTTCCCCGGTCCATATCACGTGTAGGAACTTGTTGGTCGTTCACTTTATTCACCTTCGCCTTTTTTTCATGAGCCTTTATAAAGGATACCACCCAAAACCGTTCTGAGCCCGAATGATCCCCTTCGCCTGTCTACAAGTATTCTTAATAATGGAAGTGTCAAAAAGTATCTCCGTGCCGTGCACGGGCAGACAGACGGTAAGTATCGGAGACCACCAACGGAGGACCACATCCCCTTAGCACACCGTCAAAATCCACGAGCCATTCAAGCCAACCTCTTGGCAAAGTACGGTTGCGCCAGAGCCGCCACAAGAACACCGGGGACCCAACCCCGAGTATAGAGCTCTACCCCGGCGGCAACGAGCTTTCCAC
NZ_CP116967.1_gap15	959987	961376	1389	CGAAGGAAGGGACCATACAGGCACGGCTCCAACGACCTCTCGCCGAGGCGCACATGCAAAGAAGCGACGCGGCAGGTAATCGGCCCAGGGTTGAAGGCCTGCCACTACGATGTTTCCCGATCGCTCGGAATGTCTGGTTCGCCCTCGCAGAATAGCGACAGGTACGCGAAGCGCAACCCATGGCAAGACCCACGGGGCACATCTCTTGGCTGCATGGTCCAGGCCGGCTGGCGCATGCTCATAGAGCCACCACGCCCAGTCGTTGAAGCGGGGAATTTTCTGATTAGCCATGCCCATTTCCAACTCCCAGAGACTCATTACGCCGATGACCAACCTCAAGCAAACAAGGGCGACGTCACCGGCGTTCCTGTTCTAAAAGCCAAAAATGATGCCCGGTGCATTTTTTTGGATTTTCAACCAAACACTACCTAGGGCATCTCGGTTATTGGTAATGGGTGGATGACCGGAGCAACTCATCCGCTCGTCAATCGGTAAGATGCCTCCGTTTCCTGACGTTCGATACGTCTCGGAACAAACCGTTCTTTCTCATCGAGATGGTACAACGCAACAGTGTTGAAATATTTCACAGAGATCAGCACACACTTCGGACGTTTGGATATGAATGAGAGCCGCCGCTGGATCGAAAAAGCTCCTCAGGTACCCATCACCCGATGAGGTATCCCAAAGAATCCCTTCTGTCCTTTCCGGCGGCCTATGCGGACAACATGACCAGACTTTTCAATACGAGCCTGTGGAGACATTGTCATCGCTTGATAATTAGGATATCCGGATTCCTTGGAAATGTCATGATAGGTTGCAAGCAAAAGTCACCTGGTTTTCCATATCCCCCGCCCTATGAGAATTAGCGGTCGTCGTTGACTACAGGAGAAACCATTTTTTGATCCGGCCACGCAAATGCGTCATAAGCCGATCGAATATGAGAACGATATACGCGAAATTTCCCGTTTGCCTCCCTCGGGATTGTGTCCACCAACACTACCTGGAACTGCACGTCCGACCCCAGCAACGCCATCACCGGTTGAACCAACGCTGCCATCTCCTGGGCTGAGGGTGTATGAAACGGGACGACTTTCATCATGATGAATTGCAAGCGTTCCTGGGTCACCTGAAACTCTCGAATCCAGGGGACCTTTCTGATACCCAACTCATAGGGATGGACAACCCTGTCGCCGGGAAGGACGAAATAATCGATCATACGTCCCTGGATTGATCGAATCGTCGAAAACGGTTGTCCGCATCCACAGGTTTGGCTTCCCTTTGTGACGACATCGCCAAGTTGGTATCGGATCAGCGGCATCGCAAACGAATGCAAATCGGTTCCAACAAGCTCTCCCCTCTCTCCTTCACCCGCCGGAGCCCCATCCCGCA
NZ_CP116967.1_gap16	963460	966139	2679	TCCCGTTTTCATGGAGAAGATAATGCGCGGATGGGAGCCGCCTGATTGAACGCAAGAGGGTTTTCGGCGCTTGAACAAATCCGACCGCAAACAACTCTTTCATCGCACCGGCATCAACCTGACGGTCAATACACCCGCTTGCAAGGATAGACTTCAACTCCGATCCAAAAAACAGAGCACCGGGTTTGATGGCATAGCAGAGGGGTTTGATACCGAACCGATCTCGGGCCAACATGAGACGACGATACCGGGAATCCCAAATGGCGAAGCCGAACATACCTCTCAGAAAATCCACACAATGCACCCCATAATCCTCGTATAAATGGACAAGGACTTCGGCATCCGAATGTGTCCTGAAACGATGACCTGCAGCCTCTAGATCTTGCCGCAATTCTTTGTAGTTGTAGATCTCTCCATTGCAAACCACGGTGACAGAGTTATCCTCATTGGAAATTGGCTGATCGCCGGTCTCCAAATCTATGATCCTCAGTCGACGGAAGCCAAGACCGATACCCGGTTCAACAAAGTACCCATCCCCATCCGGTCCACGATGGGACATCATGTTTGTCATATGATGAAGCATATCCCGATCGACCGGCTTCTTAGGATCGGAGTACACCACACCGCACAATCCGCACATAGATACTCCTACTCTTGTGTGTCGGGTATCTCTTAGCCAACCCTCGGTAAAATGGGTTTGTTCCGGGTCCTAGTTGATGGGTTTCAAATTAACGATTGAATAAGCGCATTTCTATGGTCAGAAACTATCGTCTAGCCAAAGGCTAGGTTTTCGAACCTCGCATCTCGCCACAACAGGTACCCTTACTGATCATCGGCGCAAAAAGCGGGAATGTTGATAGGGCCCTCGATGCCTCCCCAAGCATTATGAAAGGGTCGATGAGAATCGGGTGTGGCTCCGGCTACGCTTTGCCAGAAATCCCTCATCTATCATCGGTTGGCGACCGGACTCAGTCAGGAGGTAGAGCCGATGTAGCCCTTCAATCCAGAGAGATCGGCGACTCTGTGATTCGTCCGCATGGATTGCAGACAAGCGTCCTCCGTCCCGAAAGATAAGGCCCGTGTGTGAGAAGAAGTTCTTCACTACGCCGTTTACGCTATTCCAACGGATCAACAGATCAAAATACGAATTTGGATTGTCAAACAGAGCATTTCCCCATTTTCGTTTATAGCGAAGTAATCCGTCATGCAGGGAAGACCGAGCGGCTCTAAAATTTACCTCAGCAAACCCCAACTGGCGGGCATGCTGGATGCTGTAATAGTAGAGCGCGGCCATAATTCCTCTTTTTTTCAGCGGGAGTTCATCCGAAGCCATGCCTATGGCCAAAAGGTTAAATGTGTCCTGATTTCGTTCATAGAGAACACCGGCAAGTGGCTGATTATCTCTCATAACCCAGAGGATTCCCCCTTTTTGAATAAAGCGCCGTAATTCCTGCCGGCCTTTGATGATGGCCATGGCTCCGTGACGGTCCCTCGAGAAAGGGACGTACATGGAATCAAAAAACTCGTCAAATCGCTCCTCCCCTTCGGTGACCAATGGCTGCAACTGATGTTTGCGGACCAGACGCATATCCTCGCGGATACTTCGATTCCGACGCACTACCTCATCGAGATCCCCAGGAACGGCGAGCCGCATGTCAATCCATTCAGGAACCACGAGATAATCCCTTCCGAAGAATTTTTCCGCTGACAATCGGTCTGCACGAACGATAGTCAGATCGGCTGCTTCATGCAGGCGATCCAGTAGAGCCGGCAGGTCCCGAAATGGCACATTTCCTACCAGCTCGCGTTGGGGCTCCCCCATGAAAAACCTATTGGGCAAATAGGCAACCCAGGGATCATGGCCCGCCACCAATAGTGTCCCGATTTGCCCGGATGGAAGGGTGGGCCCGCTCAACAACACAACTGGAACCCTACCTAACCCCAGGCACGCCCACGCGTAAAAACCATATCGCGGAATCAAGGCTTGTGCCTTGCCGGAAAGGCGGGAGATGACCCACTCTATCATCATGTTTTTTAAATGATTCATCCTATCCATGCCCACTGTTTTTGTTTCGACTGGCCGCAACCACATTCGCGAGGTTCCCTCTGTCGTAGTTTCAACACAATCATGATAATGTCGCGCTTCAAGATGCTGCTCCCGTGGTGTCTCTGAGAGAACCCTCGTTAAGATTGACCCTCGAAAAAATTGCATGGGTCTTGCCCGTGCCATCAGCCGGCCACGGCTTAACAATCTTGATCGACAGATCGACCTCACCAAGGAGCTTGCGGATATGACCCAGAACAGTCAGATGGACATGCGAACCGGGGTCTACGTCCTCGATCCCTGGATGGCCGACGAGGGCGTGACAGGTGAGCTCGAGCCGAAACTTTTTTAGGCTTTCCTGATACAGTCGGTACTCTCCGAGGTGGAGTGTTCCCGCGAGGTGGTCAAGTATCTTTCGGGTTGTAAGGAGACGCCCGTCTCCGAGTAACATTGAGGCTCGTTCCCGCCCTTCAATTGAACCCATCAAAGGGAGTTGCCGACCGCAGGAACATCCACCTGATCCAGCTATGGCCAGATCGGCCGTGTTGTAGCGTATGAGTGGCATGGTCCGGGCGCGCAAATCTGTCACGACAATTGTCCCTAATTCGCCCGGAGGTGCCGGTATCCCATCCCGC
NZ_CP116967.1_gap17	970528	974306	3778	GCCCAGCGAAGTTCGTGAGGGATCCGGGACCATATACGGGCTCCAATTTTTATAATTCTGAATTCGTCCCATTTTAACTTCAGGTGAATGGATATAGATCCAGTTATCAGGGAATACGTCTTCGCGGTTAACCACCAGGACCACGGTTAAATAATCCCGATACCGCAGGCCAAGCGCGGCCTCTACAACCTTCTCAGGGGGTTGAGGATCCATGGCCTCGATTAACTCGCGCAGAGGCATGGTGGACACAAAATCGCTTCCTTGGAATTCCACATGCTCCCCTGATGAGGCTCGGGCGGAAACACAATCTACGCGCCCATGGCGGTGCCTGATACGCTCGACTTTCATGCCTTTTAATGTCTGAGATCCAAACCCAGCCACCAATTCCTCGCACCGCTCCCACATCATCCCCGGACCTAAGCGAGGATAATGAAACTGCTCAATGAGCGAGGTCACGATTTCACCCTTCTTCCCACCCCTTTGACCAAGTAGGGCATTTCGAACCGCTTCTTTCAACGAGAGGTTTTTGATTCGTTGCGCGGCCCAATCGGCTGATATCTCAGTACAGGAAATTCCCCAGACTTTTTCCGTGTAGGTTTTGAAGAATATCTGGTACAGGCGATATCCAAAACGATTAATAACCCATTGTTCAAAATTTTCTTCCTGGTCATTGGGAAACACCTTGACCTTGGCATAACTGAAACAGACCAGAAGAGCCTCCACGACCCCCAGTCCGGCCAACGCATTAGTGGCTTTAAGTGGATAGTCAAAAAAATGTTGGTTGTAATGGATCCGGCTTATACGAGGTCGAAGGAGAAAGTTGTCACCAAGAATTTCATTCCATAACTCTGTCACCATCGGCATTTTCGAAAAAAATCGATGGCCACCGATATCAAAACGAAAGTCCCGATAGTTGACCGTTTGTGATATGCCTCCTACCTGTTTCCCGGCCTCAAGGATAAGAGAGGAAGAACTGTTCTTCCCAAGTTCATAGGCCGCCGTAAGGCCTGCAGGACCGGCGCCAATTACCACTACAGGATGAGATGCCACTACTGCCTCCCTGACGTTCTATTGATGTCGAAGGATTCAGGGACAAGAGCAGGCATTGTCGACCCCTTCCGGTTGCCCCCATAAAAAACATGGCGTGCCACGCCTATGGCAAACGCCAAACCGCTATACAAATAATACAGCCAATGCCAGGGAACACTCTGCAGGGCAAACCGGAACCCACGCTTTTTTTGAAAGAAGCGATAGAGGGGCGCATTAATGATCACCAGCGAAGCCATGATTAAGGCCGCCACCGCCAGCAATGGACCCCACCAGATCGCTCCCAGCAAGGCCCCCACGAGCCCATATGTCAACACGACACAAAGGCGCTCGGAATGCCGGATGTTTAAGTCATTGGTGAACCTACGATCCCGAAGAATTAATTCTGTCCAAGGGATTGCGCGGTAAAAAAAATCAGCTTTGAGCATTGAACAGATGCCCCATCGTTTCAAATGTTTCACATGGATATCTTTACACAACTGAATCCGGTGGCCGGTTTTTTTCAATCGATAGCCCAACTCAATGTCTTCAATGGAAGGACGACGATAACTTTCATCAAACCCGCCTATTTCCAGGAAAGTATCACGGCGGATGGCCCCGCAAGCACCCCAAAACGTCGAAGCTTCCCTTTGGGCTTTTTGATGGACGTAGTGGTGAAAGAGGTTTTTGTATTGGGACAAGAAATTTGGTTCGCCAGGAGTGTCATCGTACGACCCGATCAACGCAGTGAGGTCTGGATTATTGTGAAAGGTTTCTGCCACCCGGCCCAGAGTATCGGGATGCACACACACATCGGCATCGACAAAGAAGAGATATTCGCCTTTGGCCTGAAGTGCCCCAATGTTTCTGGGGTATGCCGGTCCTCCTGAAGTAATAGGAAGTCGAATGACCTGAGCTCCAAACTGTTTCGCTACTTGCCAGGATCCATCGGAGTCACCATCGGCAACAACGATTATTTCCATTGGAGGCGGCTGTAAAGCAGCCAGACTTATCAGGCATTGACGAAAGGCCTCGCCCCCGTTGTACACAGGAACAACAATTGAAATAGATATTTCCGGCAAGGAAGATCTCAACGTACCACTGACTTTCTGCTCTTCGTCATTTCGAAAAATCTTGTTCATATCTTAAGCCTAATTGGCCTGACCAACGAAACTGTCTCGGTGAAAGCACCTCACAGACACTTAAGTCCAAAAATGTGGGCAAATACCCCGAAATTTCAGGAATGGCAGGATCCGAGCCAAAATGAAAGGGGTGTTGATGGTCAATTCTTTTACTTGCGCAAATTGATGTCAACAATTGAGGGAACCCATAACTCATCTACCTAGCGACCAGTCCTCAATAGGGTTGCTTTTCAACCTCACAAAATCTTTATCGGTTGCCAGAACGTAAACCCAAGAGAAATAAGCAACTATCCTCTAAAAATGGGTACTTATCGGACAAGAAAGGTCATAGTCCTCCGGCTCATGGGTAACACATTTTTTTATTTTCAAAACAGGATAATCTGTAGGAGAACATAATGGAACTATGAGAGTTCTTTGATGGGGAATCGAGGTGGTTGCGGGGGAGGGATTTGAACCCTCGACCTTTGGGTTATGAGCCCAACGAGCTACCAGGCTGCTCCACCCCGCGAGTCGATAGTAGAGGAGGGGCGGCTGAGAAGTCAATGCAAAAACAGGAGTGTAGCAGAAGAAGACACTATGGTATCTTCACCGTCCTATGACCTTTGCCGGAATTATTGCCATCTTGCTGTTTCTTGGTCTTATCATTGGCGATTGGTATCAATTTACCACCTTGAAAAGTTGGGCCTGCCAATATGGCTGTCCATTGGCTCACAGGAAGAACGCCCTGGACTCTCAATCTGCTTCTTCGATTGCCACTGTCTTTCAAACTGGAGCCCTTGCCTTGCCTCACGGAATTGCCCGCTGGGTCGCAGACCGACAGGTCATCGTGATCCGCCCATACTATCAACTCTTTTCCCTGCGGTTTCGCACCGCATGGCCATTAAAGGGGACCATCGATGTAAGTTCAGATGACAACCAACTCCTGCTGCATTTGTCCAAGCGTATTCCCTGGTCATCAGCAATTCTCACCCTCTTATGGTTACTCTTTGTCATTGGAGGCACTCTCACGTTTGTCGTTCTGTTTATTCTTGATGGAGGGATAAGCACCGTCGGAGGAGTATTTTGGGTGGTCGGGATGACCGCCTTGGGCTTATTAGTGCTGGCAGGAGGCTTGATTCTGTTGTCGTTTGCCTACCGGCTTGAGGATTCCCGCCTGACTCAGGTTTATCAGGAATTACTGGACGTCTTGACTCCTCCCTTGAAAGATTCGGATAAGTCGGCGACCCCTTAAAAAGCTTCCCAAACACAATGACAACCCTCTTAACTCTACATGCAGCCCTGAATGCTTTAGCTTAGGGAAGTGTTTCAAGAAGATCTTTCTTGGCTTTTGAAAAGTTCTCGACCCGGAACGTTGGCAATTCATACGCCCAGCCTCCCACACGCTGATTGAAATCCTCAACTTCTCGCTGAACCTCTTCCGGTTTTTTTAATATTGAGTCTTCTTTGGAAGAAAGCTCTTCTTGTAATTCTGCTGTTTTCTTGGCTTCTGAAGATTCAGGGGCCTTTTCGTCTTGAGCAGAATCTTGCGCTGGAACCATTTCCCCATTTTCTGTGGAAGGGGTAGCATCCTCAGGTTGAAGCAGTTTTTGATCATATTCCGCAGAAAATTT
NZ_CP116967.1_gap18	978365	979385	1020	CTATCGTGCCGAGGACCGTATGGTGAGTAGGAGATTTTCCTTCCAATTCCGCAGGTGTGCCATCAAACACCACTTTCCCCTTCGCAATGATCATTGCGCGCGTACAGAGTGCATGGACTTCTTCCAAGATATGCGTTGAGAGAATAATGGCCTTCTCTTTCGCCATGGCCCGAATCAGCGTTCGAACCTCATGCTTTTGATTGGGATCCAATCCATCGGTCGGTTCATCTAAAATCAAAATTTCCGGGTCATGAAGGATCGCCTGAGCCAGTCCCACGCGGCGCTTAAACCCTTTCGACAAGGTTTCAATCGATTGGTTCAACACCGATTGCAAATTTACCTTCTCGACCGTTTCCGAAACCGTTCGCTTTAGCGTCTCTCCACGATATCCTCGCATCTCCCCAATAAACGTAAGAAACGAGGCTGGAGTCATATCCTGATAGGCCGGAGCTCCCTCTGGCAGATACCCTATACGCTTTTTGGCATCGATGGGTTGAACGTCAATATTATGCCCACAAATATGCACTGCGCCGCTGGTCGGCGTGAGAAAACCTGTGATCATTTTCATGGTTGTGGATTTACCTGCTCCGTTCGGCCCTAAGAACCCGAGCACTTCTCCTTTTCCTACGGTAAACGACACACCATCCACTGCGACAATCGGCCCAAATGTTTTTCGCAAGTTTTCAATTTTAACCATGATTTCCATGCTACCCTCTTTATCTCAATAATTTCATGAAGTGATCTGTGGGACCTGCTGTGCTCTCGCTTTTTGATTTTTTCAACCCCCTCTAAAATCAATGGAGATACAATGGGGGCAACTCTTTTACATGTTTGTGAGATTCCGGTGGCTTGGCTGTTATGGCCGGCTTGACTGTTTCCCAAAACTGCCGCCCATCCCAGTTCTGTTTTTCTGCCGAGGTCGTGTATAAGGTCCGGTCAAGGTTCCAAATGGCCGCAGAAATTGCTGCCGGATCAGGAACCGGGTGACTCAACAGACGTTCCACTGACTTCAGGCTTCGA
NZ_CP116967.1_gap19	982018	983741	1723	TTGATATCCTGGTCGTCAGCCGTCACCGTGGCATAATGACCTCCTCCTACTCGAGCAATGTCTTGAAGAGACGGAATGTCCAATTTGGGAATAACCACCGTTCCGTCCTGATCTTTGAGGAATCCGCCTGTCTCCGGAATAGGAGCCCCATCGACCGTCCCAATACCAAGCACCGACACACGCACCCCTTGATGGTGTAACTCACCTACCACCTTTAATGTGGCAGGATCTCCCTCGCCGTCCGTCAGCAATAGCACATCTCCGCGCGCCTGCCCGACGTGCTGAAGGAGTTCATGGGCCTTCTGCAAGGCAAGATCGGTACGGCTACCTTGGAGCGGCATGAGTTCCGTCTCGAGAGATTGCACAAGGGTCACTATGGTGTTGGCATCATTGGTTAATGGCGAGACGACGAACGATTCACCGGCATAGACCACAAGAGCCGTTTGTCCTTCTTTCCGCGCCATAAGCATATCAAGAATCTTGTGTTTGGCTCGGGTCAACCGTGAAGGAGTCACATCCTGCGCATCCATTGAACGGGATAAATCCAAGACCATCACCAACGCCGATTCCGCCCGGAACACGGGCTGGGGTAATTGGGACCAGACCGGCCCGGCCAGTGCACAGACCGCCACAATCCAACCTGATCCGAGAAGCATAAGAGGGATGCGATGCCTAGCTCCCTCCGTTCCCACCAACAAATGCGGGAGTAGATGGGCATCACACACTGATTCCCATATCTGATCCGTTGTCCCCTTCCTGGCGACTAGTAGAAAGAGTCCGAATAATGGAAGTAATCCCCATAGCCATTCCGGTCGTAGAAAATGAAACATTTCCATCTTATCGTCCGGCTCCTGCTTGTGCGGAGATCGCTTCCGCTCTCCATCTCGATCGGAGAACCCAATTTCTATTCCAGATGAAAGACATGGCCATTGCACAGGAAAGGGCCAACGCGAATCCTAACGGCCATATATATAATTCGGTCGTCGGTCGAAACAGTTCCGTTTCCGTAGCCGCCGGTTCAAGACGATCTAATTCTTCATACACCCTCGTAAGTCCCTCGGTGTCTTTGGCACGCAAGTACAACCCTCCGGTACGTTGGGCAAGGTGGCGAAGGGTATCTTCATCCAAATCGCGAGAAGGATTCACCGTCTGTGTGCCGAAAAATGATTCAATCTCCATTCGATCCGCGCCAACTCCGATAGCATAGATTCGAATACCTTGTTCCTCAGCCAAGGCCGCCGCTTGTGTGGGCGAGACTTCCCCCGCGGTATTGGCCCCATCAGTTAATAGCACTAAAACCCGGCTTCCGGCGGGTTGTTCTCTGAGCCGTTTCACAGCAAGGCCGATCGCATCGCCAATGGCGGTTTCCTGTCCCGCCAAGCCGATTTCTGTTTCCGTCAACATGGCCTTGACGGTATCCCGATCGAATGTCAAAGGTGTCTGCACGTAGGCCTGGGAACCAAATACAATCAACCCTATACGATCGCCAGTTCGGCCAGCGATGAACTCCCCGGCTGCGGCTTTCACCACCTCCAAGCGGGTGACTTCCTGTCCTTTTACCGAAAAATCCGGAATCTTCATGCTGCCGGAGACATCGACTGCCAACATCAGATCACGTCCACTGGTTGGCAATCCTACAGGTTCGCCACTCCACTGTGGACGGGCAGCCGCAAGAACCAGAGCGGCCCAGATTAATATCCCAACCCAAAACAACGTTGAATGC
NZ_CP116967.1_gap20	1031328	1036315	4987	TATGCGCCGAACCTACCGCCGGGCGACTTGTGTGCCGTCGAAACTCGCCAGCGGGATCGCGAAGGCCAGCGCCAGTGGTGTCGCTGCTTGGGGAAAAGCGAAAAAAGAAAAAAATTATCGTCTATTTGCAGAGAGCCTCCAGACGAATGTGGATTTGGCACTCGAGCGGGCACAAGCCATTGACTCCAACCGGCATCCCTATGACGTCTTACTTGAAGACTATGATCCCGGGACGACCGTCGAGGATTTACGCCACATGTTTGGCGCGCTGCAACAAGGTTTGACTGATATCCGGCGCCAGGCTCTGGACAAAAAAGGATCGGTTGCCTTCAACGATTATTTCGATAAGGCTACACAATTGGCGATGCACCAGGATGTCGTTAAGGCGGTGGGATACGATACGACACGGGGAGCATTGCACGAGGCGGAGCATCCATTTTCATGCCGGGTGGGCAGCGGGGATGTGCGTATCGCCACACATGTCCACGAAGAGGATCTGCTCAGCGGGTTGTCGGCCACCATGCATGAACTCGGGCATGCGCTGTACGAGCAGGGTATCCCGGAGGGACCTGGTGGATCAGCCGTGTATGCGGCCACGTCAACCGGGATGCATGAATCACAATCCCGCCTGTGGGAAAATATGGTTGGACGATCCCGTGGGTTCTATCGGTGGCTACAGCCATTGTTCGCCCGACATTTTCCTGACAAAGACTTTGATCCGGAATTGGTCTTCCTCTCTTCCAACCGCGTGACGTCGGGAAGCATTCGGATTTTTGCGGAGGAAGTTTCCTACAACCTGCATATCATTTTGCGGTTTGAAATGGAGGTCGCTCTGTTGGAGCGACGCATCACGGTTGAGGATGTTCCAACCGAATGGGCTCGATTGAGTGAGCAATTCCTGGGAGTGCGACCAAAGGATGACGCAGAAGGTGTGTTGCAGGATGCCCACTGGGCAGGTGGGGCCTTTGGATATTTCCCGAGTTATACTCTGGGAAATCTCTATGCGGCCTCGCTCTTTGCCGTCTTACGCGAACACTTCCCGGATCTGGAGCAACGCATAGAAGAGGGAGATTTTGCGACCATTCTGAATTTCTTGCGGGAACAGATCCATTGCCATGGCCACCTGCATGAGACGCCCGACCTTTTACGAAAGGCCGTGGGAACCCGTGACCATGTTAAAGATTTGTTGAGCTATCTCCGTGAGCGGTATGTCAATCCTTGAATGTCTTTTCCCTCTCATCCATCCTAGGGAAGATGATTATTCTTTTGATGCTGAATTCTTGTTTCGAAAATATTGTTTGTCGATTTGGTAGGCATTGAGTTTGCGCAGGAGTGTCCGTCGACTTATTCCGGCCTGATTGGCCGACTCGGAAATGCGACCACTATTTTCTGATAATACGGTTTCCAAATACTCCTTCTCGAGAGTGATGAGGTGTGGCTCGAGGTAGGCCGCCAGCGTGAGGGACGGATTGATGGATCGAGTGTGATCACCTTGGGTTTGGACAGGTTGGTCCACACTTTCCGTTTCAGGAGCTGGAAGAGCCGATGAGGATCCGGGGATATCCTGGGAATACAACACTTCGGTCAGGTCTTCCGCAGTCAATTCCCGGGTGTGCCCTTTTAACACCAGGCGTTGGGTGAGGTTTTCCAGTTGCCGCACATTGCCTGGCCAGGTCTGCTCCAAGAGTAGATCCATGAAGGATTGGTGTAATTCCGGACAGTCCATTCCATAGTCCGCACACACGCGTTTCAGAAAATGCCCGAACATATAGAGGATATCCTCCCGTCTCTCTCGTAACGGGGGCACTTCTAACCGGATGACATCCAACCGGTAAAAAAGGTCTTCGCGAAAAGAGCCGGTTTGGACGGCGTTGGCCAATGAGGCATTCGTCGCGGCAATGACACGCGCATCAATGGGCACCTCATGATGAGATCCAACCGGTCTCACGGTTTGTTCTTGCAATACCCGCAAAAGACTGAGTTGGGTTTGAACCGGCATATCCCCAATCTCATCCAGAAGAATTGTTCCGCCATCGGCATACCGAAATAACCCTTGCTTTTGTTGGTGGGCTCCGGTGAAAGCCCCGCGTTCATGGCCGAACAGTTCCGATTCAATAATTTCTGGACTGATCGTGCTGCAATTGACCGCCACAAATCGTCCGGTTCGCCCGGACTGCCGGTGAATCGCCCGAGCCAGTAAGTCTTTACCCGTTCCGGTTTCCCCCACAATTAATACGGTGGCGTCAGAGCTCGCGGTGCGGGTGATGGTTTCAAAAATTTCCCACATGACTCCGTTACGGCTGAGAATGCCTTCAAAGCTTCCCAGTCTTTTACGGGTATCACGCAAATCCGGTGTTTCCGGAGAAAACTTCTGATTGGTCTGAATGGCCTCTATGGCTTGATGCAACTTTTCATGTGAATCCTCATAGATCACATCCGATGCCCCGTTTTTCAAAACCGAATGGACATAGGCGGCATCGGCTCCCGGTTTAAACACTAAGACATCAAGATAGGGTCTGTGTTCTTGTATGGTGGTCATCATGTCAAACACTTGCGAATCCGTGAGATATTGGCCATCCAATATAACCAGGCGGGTCTGAGGTCCAATTTTTAAAGTCTTCACATTTTCCGGCGTTTCCAACCGGACGACCCCAAGGCCTTCTCGACTCAAGGCGTGTTCCAACTCCGGAGTACCAAAGATAAGAATAGAATAGTAATCTGGCATTGAGACATTATTGTCTCATAAAACTTAAATGAGTCAAGTATGTCCCAAATTTAGAGACATGATAGTCCCAAAATTCAACAAATTACCCATTTTGGGGGATTAAATTCTGGAATCAATCTTGCTCTATTCTGGGTGAGGGTTAGTTTTTGTGATGGCCTATATCCAGAGAGAAATTTTGGGAAGGTTGTGAGGGGATCTGGTTTTTCAATCCGGTGATCGAGCCAAGACCTTAAACCTGGTTGCGCTTGATGACCATTCTTGGGCACTTTGAATCCGGCTATGCAGTGAGTTCGCATTCGCCGTTTAAATGACGAAAACGAAGTGAATGTTTGTGTGGGTTTTAGCAAGAACTCAAACACTTACAAAATTGAAATTTCGGTGTGAATAACGGGATGTTCATGCCAATTTTCACTCCCTTTAATTAAAAATAAAGAAAAAATAAGGTGTTGACCACCGAGACTAGGCTTTTACAGGAGCATGGAAACGTGGCAAAATTTTTTTGGAAGGATCAATGATGCAAAATCAGACGGAAATTGAAGAAAGGTTACACCGGAGAATTGGCAAAAGGACTATTACCCAACGGCGCTTAGATATTCAACCGGTCAAACGGCATGAAATGGTAATCGCGGCCAATATACTCCGGTCTTCTGCAGAGTGGTACCGACCTTTTCTTCATGAAAAAGACATGGCTCAACATGAGGTGGATGAATCCTGGGGAGAGAAAGAGTTCTCACGGCGGCAGTTTTACATCGGACGGTCCGAGGGTGCGCCGGTCGGTATTGTCTCCACGCAGTCAGTCGGAGACATGGCGTATATCGGATACATCTATGTTTATGATCACCAAACAGGCAAAGGGTTTGGGCCTCAATTACTTAAGCATGCCCGAGATGTGGTCTGGCAGGAGGGAAAACGAGGCATGGTGTTAATTGCCCATCCCAAAGCCTTCTGGGCCACGCGTTCCTACCGCCGGTTCGGCTTTGAATGCATTGCGACCACTCGTGACCAAGTCTTAGAGTGGCGCGGCGGTTGGTTGAAACCCTACTATGAAGAGGGTTTTGAACTGTACCAATATCTGTTCTAACACTCCTTTCCTCACAAACAAGATATTCATTATTGCTGATGGGTTCTTCTTCCATTTGTCTGTAAGCGGGGACAGGATGGAGGAGTTTATTCGATATGTCCCCACCAAAAGGAGATCTGCATGGAAAAGAAAAATCCGGTGGTAAAGAAAGCCCGGGTAGGGAAGAAGGCACCGGTGGCTCTGCTCGGCTATAGCTTGGAAACAATGGAAGCTGCAAAGGAACACGACATTCCCTTCGTTGCGGTAGTGCCGGAGGGTTTTGACATTGCATTGAAAGAGGATGGGGTTGATGTGGTGACCTGGGACTTTTATGTCCACAATCAGAACTCAGACCGACTCTACGAAAAATTGGTGGAGCGGGGGGTGAGCCATGCCGTGCCCCTCTATGAAGAAACGGTGGAATGGGCCGGGTCCCTCAACACTCGTCTGCTCAAGGATCCACGTGCCTTTCAACGGGCATTGCTGTTCCGTGACAAGGCTATGATGAAGCGTAATGCGCAAATGAACGGCATTCGAGTCGGGGTGTTTGAAGAGATTCGTTCGCGGGAGGAAGCGCTCGCGTTTTTTGATGACATCAATGAGGCCAGGCTTCGTTTGCAGGAGGAAGCCCCCGAACCGGTTCATCTGAAACCCCTGTCGGCGGCGGGTAGTGTGGGCCATGTGTTTGTTCGAAGCCGGGAAGACATCACCTCCCTTCCCGACGATGCCTTTCCATGTTTGGCCGAAAGCCATTTGGCCGGGCAGGAATTTTCGGTCGAAGCCTTTATCCATAAGGGAAAAATCGAATTTATGAATATTACCGAGTACGTGCATCTGGGCTATTCCCAGATCGTGCCGGAAACGCCGAAGCTCAGCAAACAGCGGACAAAAATTCGTAAGGCGATTGAAAAACTTTTGAAGGCATTTGGCATCGTAAATGGTATGATTCATCCAGAATATTTCTTGGACCAGGAGGGGGAATTGCACTTTGGGGAGGTGGCGGCCCGTGTTCCCGGTGGCCATATTTTCGAACTCATTCAGCGTGCCCATGGCTTTAATCCGTATGCGGCTCTGTTGTTATGCTCCGATCCCAATACCTCCAAAACAGAATTAGACCGGTTTTTTCCAAAAGAAAAGGACCATAAAATTTTTGCGGCCAACTTAATGGTGTATCCTCGAAAAGCCAGCGTCCATCAACTGCA
NZ_CP116967.1_gap21	1039069	1041167	2098	AGTTGGGAGGAGCGACAGTTACGTATTATTTGATCACTTCAGGCATGGCCATTGTACTGGGGATGATTCTGGTCAGTCTCATTAAGCCTGGAGTGGGAGCCGATATTGCCGCAGCGGTGGCCCCTACCGGACTTGCGGCGGCGGTGAACATCGGATGGCTGGATCTCATAAAGGGATTCCTTTCCCCGAATTTATTCGCGTCCGCTTCACAGGGTGAATTGCTGCCACTGGTAATCTTTTCTCTGGCATTTGGGGCGGCGCTGACAACGGTCGGGGAAAATGGCACATTGGTGCTCAAGTTTTTTGAAGGTATATTCGGGGCGATCATGAAGTTGATTCACCTTGTGATGTGGATCGGTCCCATTGGCGTGTTTGGCTTGGTGGCAGGGCGTTTAGCAAGTGCCGGGGGACTTGATGGTATTGTCGCGTTGTTAGTGGGTTTAGGGTTATTCACGGTTACCGTACTTTTGGGATTGGCGATCCACGCAGGAATTGTTCTTGGGCTTATTTTACATGTAGCCGGTCGACGTCATCCCTTGGCGTATATGCGCGCGCTTGGCGCGGCCCTCACCAGCGCGTTTGCCACGGCGAGTTCGTCTGCGACTTTGCCTCTGACCATGGAAGGGGTCGAAAGTGCCGGGGTGAGCAGTCGATCAAGCCGGTTTGTCCTTCCAGTCGGTGCGACGGTCAATATGGATGGATCGGCGTTATATGAAGCGGTCGCCGCGGTGTTTATCGCGCAAGCCTGGGGGATTGACTTAAGTGGAGAGGCGCTTATTGTCCTGTTTGTGGTGGCGACGGTGTCTGCCATTGGCGCTGCAGGGATCCCAGAAGCTGGGCTTGTGACGATGGTCGTGGTCTTTCAGGCAGTCGGGCTTCCCCTCGAGGGTCTGGGGCTTCTCTTGGCCATTGACTGGCTGATCGATCGGTTTCGGACCGCAGTCAATGTCTGGGGGGATGCCGTGGGTGCCGCCGTGGTCGATCGATATATTACCGCGTAACATCGAATTCCCTCATCTTCTTGGGTTATTATCCACTTCAATAGTGAGCTTTTGCGTTAGAACAAATGGCGAGGGCTCAAAAAAATATACATAACCTCATTTTAGGTGAACACGGCATGGAATCAAAAATCACGTATCACAAAATTGCATCTCACGAAGCCAAAAAGGGAACGTTTGATAAGTGTGTTTTGCTGTACTCGGGAGGACTGGATACCTCCATTATGCTCAAATGGATTCAGGAAGCGTATGCCTGTTCCATTGTGGCGCTTACCGTCGATGTGGGCCAATTACATGAGGATCTTGAGGCGGTCAAAGCGAAAGCGATCAAGCTCGGTGCCGAGGAGGCGGTCGTCATTGACGCCAGGGAAGAATTTGCTGAAAAACTTCTGTCCCGGGCAATTAAAGCCAATGCCGATTATCAGGGGGGATATCCTCTCTCGACTCCCCTGGCCCGAGTGACGCTCTCTGAAATTGCCGTTCGTGTGGCCAAAGAACGGGGAATCAAGGTCATTGCTCATGGCTCCACGGGAAAAGGAAATGATCAGGTTCGCTTTGAAAATTACATTACGACTTTGGATGCGACTATGAAAGTGATTGCGCCGGTGCGTGAATGGAGTATGGGCCGGGATGAACAGATTGATTATGCCAAACAACACGATATTCCCATTAAACAAACTAAAGAGTATCTGTATTCGCATGATGACAATATGTGGGGCTCGACTAATGAGGGAGGGGATATTGAGGATCCCGCCCGCATTCCTGATTTACGAAAATTTCTGCAGGTGTGCATCCCCCCGGAACAGGCCCCGGATGAACCGGAGATTATCGAAGTCGGGTTCAACAAAGGAATCCCTTGTTCAATCAATGGTGAAGATCTACCCCTTTGTCAGGTTATTGAACGTGCCAATGCGGTAGGGGCAAGGCATGGGGTAGGCATTGTGCATTTGACGGAGGACCGCCTGGTTGGATTGAAGGTTCGTGGCGTGTATGAAGCTCCGGGAGCGGAAATTCTGATCAAAGCGCATTTTAATCTGGAAAAACTCGTCAATACCCGTGATTTAAACGAACTGAAAAAAATCATTGATGAAAAGTGGGCC
NZ_CP116967.1_gap22	1047786	1049428	1642	TTGGCATTGAGTCCATCTGGGGTTTAACGGGTGTGGCCATTCTTACGGCCCTGGTTCTCACGGAGCTCGCGTCTAATACGGCAGCCACCAGTATGATTGTGCCGGTGCTCATTGCCATTGCCCACACGGCCAATTTTTCTCCTGTCGCTCCCGTACTGGGAGCGTGTATGGCTGCAAGTCTGGCATTTGTGTTGCCGGTTTCTACTCCCCCGAATGCCATTGTGTATGGAACGGGAAGGATCCCGATTCTCCGAATGGTGCAGGCCGGATTGTTGTTGGATGCAATTGGTGGGGTGTTAATTTGGGCCACATTACGGATAGTGGGTCCACTTTTGGGAATTGTTTGAGCTTCTCAACCTAGGAGATAGACCTCAATTGATTTTTAAATAATGTTCCGACATAATCCTCGCTTCCATTTCACCTGACCCAAATAACGTGTCTTTAAACTCTTCTCACATACGGTTTGCTCTGTTAACCCAGGATCCCGATCTCAAGTCGCGGGTTCAAGTTCCTGACCTTCAGAACACCATTACGGTAGTGGATGACTGCTCTTCCCTAGAAGCGGCCATGCGCTCTCAACAATTTACCGGCGTGATTCTGGATGAGTCCGGAAAGAAATTTTTTCCTGCCTTGTCGGCACTGAATGGACAATTAAATTTGTCCAAGACGTTTATTTATGCCGGACCCTTGCCTGCCTGGAGCACCATGAATCAGATCCGGCAGGTTATGGGAGATCAACCATCGGAAGAGGGAGCTATCGATCCGAAAGATGTGAGCCTGGCCAGTTATGTGGAAAAAAAGCTGGGGGATTTTGTTCGAGCGATGAATGTCGGCTCAGGGAAAAACCTCTATCCCACCTTAATGAGGGCTGTTGAACGGCCATTAATTGAACTCGCCTTACGGGAAACGCATGGCAATCAGATTAAAGCAGCTCGTCTTCTTGGACTTAATCGCAATACACTCAGGAAAAAGATTACAGAATTTCAAATCTCCGTCAATCAGTTAAAGCAATCTACTGCCGGGAAACGCAAGAAGACCGAATCGGATTCTTTGGAATAGTCTTTCCCTTTCCCCTTGAAAAATAAACCATTTCTTGACAAGGCCTGCAATGCAGTCTAGCATATGGCCGGTAAGATATAGGCGCGTAGCTCAGGGGGAGAGCGCTACCTTGACACGGTAGAGGTCGGCGGTTCAATACCGCCCGCGCCTACCATTATCTTTCTCCAATAAAGCCTGACAGGTATCCAGCTTCCTTATTTGAGGGGATGGTGCCTTTTCTTGCGTTCAACACGGAATGTAGATCCTTTTCTTTTTAGGTGTTTTTACTCTAATGGAATCTATCAAGGTATCACTGGAAGGCGAAAAAAGTAGCCAGGCTCTTCCCAAAGGGATTTCGGCCAAAGCGGCACTAGAGAAGCTGAAGGGAGCCGTGCCGCCTGAGGTGTTGGCCGTGAAGGCCAATGGCGTGGAAATAGACCTCCTGGCTTCCCTGGAAAACGATTCTATCTTGCAGCCCTTGATGTTTGATTCTCCAGAAGGAAAGGAAATTTATCGGCACAGTAGTACGCATATTATGGCCCAAGCGGTGAAGGAATGCTTTCCTTCCGCCCAATTAACGATTGGTCCGGCCATCGAGGAAGGC
NZ_CP116967.1_gap23	1074870	1077795	2925	AGGCATCATTGGTATTCTGGGAGAAGGGGAGGACGCGATTCTCAAAGTCCTGAACGGCGAGCCTCTTGGTGAAGAACGGTTCATTATCAAAGAGCAGGGAAGGGTCACCAAGGGCACCAAAAATACGCCGGCCCTGTTAGATGCGCTCTCCGTGGATATTCCTTATCTCACGTCAATCTTTCCACAATACCGTGAATATATCGGCGAATGTATCGGCGTGCAGAGCAAACGCGGCTGCCCGTATGATTGTGCTTTTTGTCTCTATCCCTATATTGAAGGCAAACGGGTGCGCTATCGCCCGGCGGAAAATGTGGTGAAGGACATTGCTCAGTATTACCATCAATGGGGAGCCAGACGGTTTTGGTTTACCGACGCGCAGTTCATCACCGGCAAGGATGCCTACCCCCAATGTACGGAAATCCTGGAACGGATCATCTCTCAACAATTACATATTGAATGGTCGGGATACGTCCGGACCTCCCTGATTAATCCAACGTTGGCCAAACTGATGGTGCAATCCGGAGTGGGAGATTTAGAGGTCGCGATCACTGCAGGCTCGCAAAAGGTCCTGAACAGCATGCATATGGGCTTCAAGCTTGAACATTTGTATGACGGATGCCGATATCTAAAGGAAGCGGGATTCAACGGGCGGGTCATTCTCAATTATTCCTTGAATTCCCCGGACGAAACAGAAGAGACGCTTCTCCAAAGTATCGAGTCCTACAAAATAGTGGCCTCGATATTGGGAGAAGACCGGGTGTTTCCCTTGATGTTTTTCCTAGGAATCCAGCCCAATACGGATTTGGAGCAACGATTATTGTCGGAAGGGTATTTATCGAAGGGCTACAACCCGCTCAGTTTGACGCCCTGGAACATCAAAAAGATGCTGTACAATCCGGCGCCGCTTAATAAGATCATTGCCAAGGCTTGCCTGGCGGCCTGGGGTCGGAAGCATGGTTCGAAAGATCCCCGTCCCTGGTCTGGCAGCTTGAGCCAGAGTGCCACGCAGCAACAGGGACACACCTATGCTGACACAAGCCTATCGAAAGGATTTGAAACCAATTCCGGGCGTGATGCCCTGCTCACCCTGGAAGAAATTCTTCGTTCCCGCCGCCCATCCGATTCCCAGCCGCTTTCTCCTGCCCCCGAACCCAATCCCTCGCGTTGATTTTTCTGTAAATTTATGGAGCGCGAAACCAACAAACCTGCAGAAAGATTAGGCTAGATCCCCCATCTTCATGGGTGATTTTGTGTGGAAACCAGTCTGTTACAAACGGAGGAAGGAGGTATTCCCTATCAAATGAATACCCACGTAACACGTTTAAACGTTCCGGAGGTTTAGGGTTTACCCTTTGATTGTAAATTCCATGGTGCCGATAACGTTAACGGCATGCAACGCTTGGCCCGGAGAACCATAAAAAATCTTGACCTGATACTTCCCCGGTTCCCATCCCTCTGGCGGCTTTGAAATAAGAAAGTATCCGGATCGCTGATTCATTTCCAGTTCGATCACGTCTTTTCCGACTGGCGTATTCGACGTCACTTGCCCATCCTTCATTCGAAACCATGCAGCTGCGAATTGACCAGGGGCGTCTAAGGGTTGCGCCTCGAAGACAATGTAAAACATCTGCGTGTCTAATGGGAATTCCGAAACGCCCGGGTTAACGGGCTCAACATACGCATCCCCCGTAGTCATCCATCCTGGCCGTCCAAGGGAATCCCAAGGTGTGTCGTATCCCGTCGCCATGGTAATCCACGTAAAGACACCTTGCGGGCGTTTCCAATTGACCTGGTCAAACGCCATATCTTTGATCATGTCGTCTTTATTGGGTGCCAGGGTCGAGTTACCAAACGGATCGTCCGCCCAACAGATGCTGCTGAACAGGCCAATAAGAACAAGGGCCGTCGCAGTGCGAAAAAAACAGGAAACGCCGACAACCTTACGAAACAATTTCATAAAAATACTTTCGACAATGTGCATGGTCCACCTCCTGGTGGGAAGGCCTTCTCTGTCTAATCTTTATCTCATTTTACAATACTTGAGCCACAAGTGTTGCGCAATCGGGCGGCAATAACGACCGGGAAGGAAAGAATGTTAAAAATTGGAAAGAACGATTATGGGAGAGGAGCAGGCACACGGGAACCTTCAATCCCTTGCCGGCGACTATCGACAATTCTATCGGCAACCTCGGCAATGTGTTTTTCCAGAATGAGACGGAGATGGCTTCCAGGCCGGTAATCCGCGGGCGCCATGAAATGGACCCGGTCCGCGTGGAAGGTAAGCTGATAACATTTTTCGAATGACCGACGGGTCTGATCCTCCGGATTATAGACCGCCAAGGCGAATCCGCCATTTCTTTTCATGACGGTAAAGCAGGGGACGTCTGTCGGTCCATCGCCTACATAGATCATTTGTCGGAACGGCACCCGGCGGCTTTCCTCAGGCATATGGTCGTTCACATCCTCTTTTAAATCCGTCAGTCCTTTGTTGACCCGAAACAGGAATTGGGTTTTCTGCGTATGACTGATGGTGCGTTTGGGGAAGCTGATGTGCCCGTCTTCCTCGTCGAACTCACAGCCGAAAATGGCGCGGACCTGGCTGGCGACCACGCTTCCTTCCAAAATAGCCTTGAGTCCGGAGCTGACAACATAATGTTCCAAGCGGATGGGCACTTCCTCGTATTTGGGTTTTTTTAAGATCCCATTGAGTTCTTCAAAAAATGAGGGGACCCCTGGGAAAAAGGACAATTGGTTGCCCATGCCACGGAGGTCCTGATTGGAAAGCGTCCGGATGCAGGGTTCTTCCAGCATTCGTTTCATATAGGCCAACTCCTGATCATAATCCCGGGCTTCGATCAGGGCGGTACAGCTTTTCCAAAATGTGGACGGGTCAAGTTCAGCGTGCCGCAGAATCGTGTGATCCTG
NZ_CP116967.1_gap24	1084262	1089090	4828	GTGTGAGATCGTTAAGCGCTTCCATCCAATTTATATGAATTTGCATTTCAACCATCCGGATGAGTTGACGCCGGAGGTCAAGGAGGCTTGCGGTCGATTGGCGGATGCCGGGGTGCCCTTGGGTGCCCAAACCGTTTTGCTGAAAGGCGTCAATGATGACCCGGAAATCATGAAACGGCTGATGCATCAACTGTTGTTGGCCAGGGTAAAACCCTATTACCTGTATCAAGCCGATCTCACCAAGGGGACGAATCATTTTCGGACTCCGGTAGAAACGGGGTTGAAAATAATTCAATCTCTTCAGGGGCATACGAGTGGCATGGCCGTTCCCCACTTTGTCATTGATGCGCCCGGAGGTGGCGGAAAGATCCCGCTATTGCCTAACGATTATTTATTGAATTTGGATGAGAACGGGGCCGTATTAAAAAATTATGAAAATAAAACCTATCATTATCCTCAGCCATCATCGGGAAACGGGCGTGAACTCCCCATGGTCGGCGCCCCTGCATCCCAGGATATGTGCGGTGCCGGCGCCATGGATGACTATTAATGGTCGATTCTAGGAAGACCGGCATTCTGTCCTTTCAACACCTTCGTGCGCTGGTTCGTCAGAAGGTGATCCGGGCCGATGTGCCCATCACCTCCCGGCAAATTCAACCGGCCAGTCTCGATTTACGTCTGGGAACGAAGGCCTACCGTCTCCTGAGCAGTTTTCTGCCAGAACCCTCAGATCAGCAGTCCCAGTTTACCATTGAGGACCTCTACCGGTCCGATATGGTGATGTACGATATGGATCTGACCAATGGCGCAATTCTTGAAAAGGGCCATGTCTACCTCGTGCCCTTGATGGAAAGGGTGAAGCTGCCCAAAGATATCCGCGGTCGAACTAATCCAAAAAGTTCCACGGGGAGATTGGATATTTTTACCCGCGTGGTGACTGATCTCCATATGGGCTTTGATGAAATTCGCTCCGGGTATGAAGGCCCGTTATTTTTGGAAATTGTGCCCAGGTCGTTTACCATACGTGTGCAGGCCGGGTTGGCTCTCAACCAATTACGATTAATGTCCGGCAAACCCATGGTCTCGGATTCAGGGTTGCGAGCTGTTCATCGCAAGACCCCGTTGCTGTATCACAATGGAGATTCCGGGAAAATGGATCTGGCCTTATCGGCCAAGGAACTCCGGGTAAACAACGGTCTATTTTTAAGTGTCGATTTGCAAGGATCGAATGAACATTCCGAGGCGATTGTGGGGTACCGGGCAAAAAAGAACAGTCATGTGATTGATCTCAGTCTGGTTGGCCATTATGCGGCCTCCGATTTTTGGGAACCGCTAAAACGCAATGCCACCGCTACCATGCTGTTGGAGCCGGAAGAGTTCTATATCCTGGCATCCAAGGAACGAATCCAGGTTCCACCTGGCTATTCATCGGAAATGGTAGCGTATGAAGCCGCCTGCGGGGAATTGCGTACCCATTATGCGGGGTTTTTCGATCCTGGGTTTGGCTATGCCAACCGCAGCCGGAAAGGCACCCAGGTGGTCTTGGAGGTCCGTCCTCACGACGTGCCTTTCCGTATTCATGATGGACAGACGTTTTTTAAGGTCGTTTACGAGAAGATGCGGGATATTCCCACGCAGTTATATGGATCGGCGTTAGGGTCTTCCTATTACCAGCAGGGGCTTACACTCAGCAAACATTTTAAGTGGTAACCATGAGTACAGAAACCGAACAACCTCAGTCGACCGACCCTGTTGCCCCAAAGCCAGTACCTCCCCGTCCACCAGTCAGGGATGAGGACCCGGAGGATCAAGAAAACCTGCAGATGCAGGTGGCCATGCGTATGGTGGGGTCCGCCATGGTCTTTATCGGGTTTTTGCAGGTTTTTCTGTCCGCCAGTACCGGTGCCGAAATCAGCATCTTCCCCATGATTATTTATTTTTCAGGAATGGCCATGTGGGCCTATTCCTCCGTGGACAACCTCACTGTCCGTTATACGGTGATGGCGGTGTCTCTGCTTTGCGCGATGGCATTTATGCATTTTGGGGAAGTGTTATTTTGGCATAAGTATCTGATTTACTGGGGCACCATCGGGGTCGTCGTGTTTTTTATGTTCAAAAATCCCAAGAAACCCGCCGGCTCGTAGCCCAACGTTCTTAATTCTTAGTCTTTCCAATCGTGCGTCAACCATTAGGTTTTTCATGGGCATCGCCGTGATCATTCCGGTCTTGAATGAACAGAAGGTTTTGCCAGCTTTGTTGCCCGTCTTGATTCCGCTGGGGTTTGAGGAAATTATTGTGGTAGATGGAGGAAGCCGGGATGGTACGGTGGATGTGGCCAGAAAGATGTTGGAATCGATATCCGACTCCCGCTATCGGATCATTTCCGGTCCATGTGGGCGGGCTTCCCAAATGAACGCCGGGGCAGCTTTGGCCAACTCCGAAATTTTGGTATTTTTGCATGCTGACACCCAATTGCCAGACAATGCCAGGCAAATGATAGCAGCCGCCATGGATGATCGGCAGTGTGTCGGTGGCCGGTTTGATGTACGATTTCCACGGGACACTGGTTATGCATGGATGGTGAGCCGGCTCATGAATCTGCGGTCACGCTGGTCGGGGATTTTCACTGGCGATCAAACCATGTTTGTGCGACGTTCCGTGTTTGAAAAGTTGGGGGGGTTTGCGAATATTCCTCTTATGGAAGATATTGAATTCAGCCGCCGGTTGAAGCGAGTTGGCACGATCGCGACTCTGCGAGCGAAGGTCATCACGTCGTTTCGACGGTGGGAACAGCAGGGCCCTCTCCGCACAATCGTGCGCATGTGGACGCTTCGCGCGTGGTATTGGCTAGGATGGGATCCGCGCCGCCTTCAGCAATATTATGACACCGTCCGGTAAAGACCCAGCTGTACGTCGATCACGTCCTTCGCACCAGAGCCAGGGTGGGAGACGCCGATCTCTCCCGCCTGCGACATCGGCGATTATTGTATTTGCGAAGGCACCGGTTGCCGGTCAAGTCAAAACCCGCCTGTGTCCTCCTCTCACGCCTGATGAAGCAGCCAGTCTCCACGGAAGTCTCGTCTTAGATATTCTGGAGCGATGCCAATCTCTCAGGGGCTATGATCGCATCCTGGCCGGAACGCCCTCTCCCCATCATCCCTTCTTTCGGGCCATGGAGGCTCGATTCAAGATTCCGGTCTGGGATCAAATAGGGGACGATCTGGGAACTCGCATGGCATCAGCATTCAAACAAGCGCTCGGTTCCCCCATATCGTTCGGTTGTGGTCATTGGAACGGACATTCCCGGCATAAACGGTCCACTCCTTATAACGGCACTAGACAGTCTTCACGATCATGATGTCGTGTTAGGTCCCACCATGGATGGCGGGTATTATTTAATCGGGCTGCGCACTCCCGTCCCGGAACTGTTTGAGAACATACCGTGGTCCACGGAGCAGGTATATGCCATTACAGAGCAGAAGGTAAAAATGCTGGGCCTATCGTTAAAAACCCTACCGAAACTTCGTGATCTTGATACGGTGGAGGATCTTCACATGTGTATCCGGGATTCGAAAGATCGGCAGAATCAGATGTTTTCTTCTCGCACCAAAAATGTGTTGCAGGAGTTGGCCAAGCGATTGACCAACCGCGAATAAGGGAATAATCCTCATTTTTGAATGACGGGAGTATCTACACGAGTACCACAGGAGAGATGAGAAATGATTGACCGTGTGGCGTTGATCACTGGCGGGGCCAGAGGAATTGGACGGGGTATCGCGCTGGACTTGGGGGAGAAGGGTTGGAGGGTGGCTCTTTGCTATCGTACCAGTCGGCAGGAAGCTGAAGAAGTCAAGCGTGGCATCGAGGGACGGGGTGGAAAGGCGTTGGCCATTCAATGTGATGTCTCCGACCCTGTTGCGGCAACACAGCTTGTTCAGCATGTGGAAGATGCCTGGGGCAAGATTGATGCGCTGATCAACGGGGCCGGGCCTTACCATCGCATCTCACTGTTTGAGGAAACTGTTGAGGGATGGTCGGACATGTTCACCAATAATCTCCACCCGATCTTTTATCTCGCGAAGGCCGTGGCGCCGGGGATGAAAGCCAGAAAATCTGGCCGCATTATTTCGTTCAGCATGGCCAACGCGGACAAAATGGAGGCCCAACCGCATGTGACCGCCCATTATATTGCTAAAGCCGGCGTGCTCATTCTTACCAGGACCCTGGCGAAAATGTTGGCCCCGGATGGCATTACCGTGAATGCGATTTCACCGGGATTTATCGATTCCGGGAGCGCGTCACCGGGAGAGCTGGATGGTATGGCTAAGAAAATTCCGGCAGGATATATTGGTCAGGTTGAGGATACCGTCCAAGCCGTTCGGTATTTCTTATCTGACGAAGCTCGATACGTGACCGGAGCCAATCTGCACGTGAGCGGCGGCTGGGGAGTCTGAAGCCTCGAAGCTGTCATCAATGAGCAGAATACAGGCTTTCTCGATAATTACCCTCCCTGTGCCATGCTGGACAACGGGAAAGCATCTTTCAATATCTTGCCTCTCGTCCTGCTTCTTGCTCCTACCCGGGTCCATGCTTTTCCAACCAGGTGATTCCAAAAATCTCCCCAAAGTGGTGGGCAAGTTGTGTCCGCACCCTGTGTGATTCTATTGGTCTCCCAAGGTTCTTTGCTATGGAAACCATGGTACAGCCTTCAATCCCGCATGGTGATAAAAGAGTGAATGGTTGGAGATCGACGTTCACGTTTAAGGCAAATCCGTGCATGGTCACCCCACGGGAAATTCGTACGCCGATGGAGGCAATTTTTTCCATG
NZ_CP116967.1_gap25	1090356	1093107	2751	ACGTGAGTGGCAACCTCTAGATCCCGCCCGCGATCTCCACGGCGTTTTGCCCATGCCAATAAGTCGAGAGCCACCGCAGGCTTAATATCTTTCGAATCCAGCACGATTCGTTCAAGGAACGTGAGGTTTGCTTTGAGGAGGTGAATGAGGCGATCCATGCCCGGAGGGCCGCCCCACACGGAAGCCAGTTCCAAGGCTTTGATCCCGCCTTTTAATTTTTCCCAGGCAGGACGATACAGGAGTTGATCCCACAGGCCATAGCCCTGTGCCACATCGGCCAGGGCCCGATAAAATGGTTTTAGCCCGCCGCTGATTCGGTGTTCCAACGTGTGAAACCCTTTAACGGCCGCATCATAAGAACCATGATTGAAATGGTAGCAAGTCTCGTGTCGCAGATGCGGCGCTTCTTCGTCCCAAGGATTGGCAGAGGCTTCAGATTGCGACAACAATTTGGTGATCGCTTCGACGGCCTGGTCAGCAGATGGAAAAGGATGGCCGGGAAACGACAACACTTTGGTGGAAAAGGGAAATCCTGTCAGCACCATGGCGGAAGCCATGCCAACGGTCGCGCCGGTAATATCAATCACCAGTTCCCCGGGCATCACGTTCCAGGTCGTTAACAAAGGGCCAAGCCCATGAGCCAGGGCTTTCTGGCATGCAGAAAAACTTTCAGGGGAAGGAGTGAAGATCCAGTCCCAACGCTGAGGCATGCGTGACAAGGCCGGAGGGATCTGAGATTCCACGACCTGTTTATGGGACTCATGCAGAAAAAAACATACCATGTCAGGATTCAAGTGCCGAACAATGGCGATGGCGGACGTAGGGTCGGCTTGAATGGCGAGTAGGAGTGCTTTGGTGGGGATATGGGCACTCACAATGAATCGACTATATCATCGGTTGAGGAGTCCGGCAAGAAAACCGATGCTGGATATTATGCTCTCAACGTGGAATCCCGGTATTTTCTTCGCACAGTGTGAAATTTGATTCCTATCCTGATAGAATCGGCCACGATGAATATTGATGCGGTCATTCAGGCCTTTGAAACCAGTGCCGATGTCAAAAATGAATTTATCCGAACCCACGCGGAACGTGTCGTTGAAATTGGTCAATTGCTGATCCGTGCATTTCGTGAAGGCCGAAAGGTCTTGCTCTTTGGGAATGGTGGGAGTGCGACGGATGCCTCGCATCTTGCCGCGGAATTTGTGGGTCGGTACCGACGCGATCGAGATCCCCTTCCTGCCCTGGCGTTAGCCTGCGATATGGCTGCCATTACCTGTATTGCAAATGATTATGACTATACGGATATTTTCTCCCGGCAAATAAAGGCGCATGGCCGCAAGGGGGATGTGGCTATTGCCATTAGCACCAGCGGGAACTCCCTGAACGTGATCCGCGGTGTGGAAGCGGCTACGGACAGAGGCCTTGTCACCGTGGCCTGGACAGGCGCCACCGGGGGTAAGGTGGGAGATCTCGTCGATTATTGTTTTCGGGTCCCTTCTTCGGTGACGGCACGTATTCAAGAATGTCATATTACGCTGGGTCACGTGTTGTGCGAATTTATTGAAGAGCGTCTTTTTGGTGACCAGGGCTAAATCATTGCCGACCGGTACGTCTCCGAAGCTGAATCTCGCCCGGCTTCGCACCTACCCGCTTCAAACCCGTCATTCCAAAGTGAAAATGGCGGATTTTGGTTCACCCTGGCAACGTGCTGGTTCCTTTCAAGCCTTCCTTAAAACCTTACCGGATATTTTAGCAGGCAAAACTTTCAGAGCCGTGGTGGCGGCGATCGTGAATGCCAGACGACGGGGAAAACCGGTGATCCTCGGCATGGGCGCCCATCCAACCAAGGTCGGTCTTAATCCCATTGTCGTGGACCTGATGCGCAAGGGTGTGATTACTGCCGTGGCCATGAATGGAGCCGTCATTATTCACGATTTTGAGATAGCCTACCTTGGGCAAACCTCCGAAGAGGTCGAAGCCGAAATTGATTCCGGACGATTTGGCATGGCAGAGGACACGGGGCGCATATTAAATGAGGCGATTGTGCAGGGATGGCAACAGGGTTTGGGTATTGGAGAAGCGGTCGGCCGGTATCTGTTGAAGTATCCCAGGCAATTTCCACATCGGGGAAGGAGTTTGCTGGCGGCCGGTGCGCAACTTGGTCTTCCCGTCACGGTGCATGTGGCGATCGGGACCGATATTATTCACATGCATCCCCAGGCAAATGGTGAAGCGATTGGTGGCGGCTCGTTATTGGATTTTCGCAAGCTGGCCGCAGTGGTGTCGAAGATGGAAGGGGGCGTGTACATCAATTTGGGATCAGCGGTCATGATGCCGGAAGTCTTTCTCAAAACCGTAACGTTGGGGCGAAATCTGGGACGAGCCTTAAAACAGATCACAACGGTGAATATGGATTTTCTCCCCCATTACCGGCCGATGACCAATGTTGTCAAACGGCCAACGCAAAAAGGTGGAAAGGGTTATGCGCTGACCGGTCATCATGAATTGATGGTTCCGCTTTTGGCCGCAGCCGTGCTGGAGGCGCTTGGCAGGTGAGGTATTCTCAGGTGGCTGCGACTTTATTGATACGGGATAATCAGGTGCGGGCTTAAGGAGGAGAACCCTCATGAAAAAGAAAATTCTCATTGTCGATGATCATCCCGACATTGTCCTCATGCTGACAGACCGCTTAGAGGCCTTGGGTTATGACACGATATCCGCTGGAAATGGCCAAGAAGCGTTGGAGAAATA
NZ_CP116967.1_gap26	1103439	1107914	4475	TCCTTCGTCCGGATTCTCCCGAGGAAGCACAGGCGCTCGTTGACCAGTATGCGGCTCATGAACCAGAAAGATTACAGCAGGATTTCTTTCATTCCCTGTTAGCGGCCTTTACTGAGGATGAGGTGGCTGCCCACCTCGCTGAGCTTAATTTAAGCCGCTTGATGGTAGATGTCCCGGATGATCGGCATTGGATCGTGTACGGGCGTGTGTACTGACCTGGAAAGATCTTGACGCTTTAGACCCGTAAGTCTTAAAGTGCCTGTTCGGTTGGGGGATCGTCTAGGGGCAAGACATAAGATTTTGGATCTTAGAACCCAGGTTCGATTCCTGGTCCCCCAGCCAGTCAATTTCCTCTTTCCTTTTAGGCACATCACTTACTTCTTCAGTTTCCTTTATTTGCTTGCCGGACTCACTGGTCCAGGATTTGGGGCAAGTTTCTGACAACCTTACCTATGTTGATTGCCTCTTTAGAAACCGAGCCTGAGATGAGCATATCGAATTGTTGTGGGGCCATTCCGATGCTCAAGTGTTATTTTTAACGAATAGTCAGATTTACCATTCTCAGGACCAACGACTGAACCATCTACCGGTGGATAGCCCCGCAGCTAGGTCATCTAGGATGGGTATTCAATGTTCAGGATGAACTAAGACCTGGTACAGAAAAATTCTGTAGCTGCTTTACGGGCAATGAAAGTTTTAAATGTCTCGTTCTGAAAGGTTTACCTCCGGAAGGGGATCCTTACAGGATTGAATCCTCTCATTCTGTTGCGTATGAGCGTAAAAATTCGAATCAAAAGGATTGAGAAATTTTGCCCAGATTCTATTTCTTCTTTGGGCAAAGGTACCATCGGCGGTAGCGGCCCTAAACTATCAAGTAGCAACGCTGTGTGGCATATAAGCCGATAGCTATCGTGAATCAAATGGAAGTGGAAAAACCAAGGGATAAATTTTGACCCAAACCTGAGGATTAAATTTGTTTAGAAAGTTAGGCATAGTGTATTGGCGTTATTGACCCCAGGCATAGTGATAAGACAAAAGGACAAGTACTTGGAAAAAAATCAACGGATCTCTTGAAATATTCACCAAATTTCCGTGCTGACTTGGCTTTTCATAGATTACGTAAAAAGATATGTTCGCATGGTTAACACGGTTTATTGAGCATCACCCCCACCTCCATCGTTTTGCTCTTTATATTTGGAGGCTGTTTCCTCCACGGGTGGCAGGATTTTTTAAAGGGTTGCTTGCCAGAAGCTGGGTAGTGGGGGCAATAGCCGTCATGATCGACGAAAATTCATCCCCTCCGGAGGTGCTCTTAGTTGAGCACAGTTATCGGCCTAAAGGGGCATGGGGTCTTCCTGGCGGGTCTCTCGAATCGACTCCCGGAGATCCGACCAGGCCAAGCAATACTTCATCGCCTGACGATGTTATACAGGCAGCTCTTTGCAAGGAAATGTCCGAAGAACTCGGTATCGCCATTAGGGTGAACAGTCTCCTTAGGATTGATGCTATTCCTTATCTTCCGGAAGAACCCGGCCCCTTTCGATTGCACTTTTACTTCCGCTGTGCTCCACAGGACGGGTTCGCAATTTTCCGTGCGAGACTGAATTCCGGGCACATACGCCCCCGCTCTCCAGAGATCAAAAATATACGGTTCGTTCCTTTGCCTGAATTAAAAAAGTACGACATATTTTCAACCGATCTGAGATTTTTGAATGATGATCTTTCAAGGCTTGAGCCAGCCCTTGCTACATTAAAATCCGACTGACATTTAATTTTTGGATTGTGTGGAAATCTTGCGATGGAAATGTACAGGCTCAACCAGTTTTCAGGGAACCTGAATGTAAGGAAAATCATCGACCAAAAAACGTGTGTTTCCAAAGTGGGCTAACATGTGCATGGCAAGTGAACCAAAGGAGTCTCATTGGTAAAGGGGAGGGACTAAATTCAAATCTTCATTGGGTTTTCCCCACTAAGAATCCGCGTGATGTTGGAAGGATTTCACGGCAGGAAGCATTTAATGTTCGCACCAGAACAACAACCCATTTGGGATTGCTCTTCTTCAGCTCATGCTGGTGCAACCGATTCTCTTTACCTCACCGCTCAAAACAAAGAGCCATGCCCATGGGGCTCATACGTTCTGATACTCCAACGGCCTTTCCTTTTTTGATTCTCGCCACGAGAGGTCCCGAATAAATCCGGAATAGGAAGGATGTGTCCCTGTCATCCAGGAATTTAAAGAGAGTTCGATGGGGAATTCCTCCCCGCTTTTTCTTAATCCATGGAGTGTGACCGTTTTCCCGATGACATGAGATTCGCCTGTTGTCTGTAGCCGTTTCATGCCTTGGGTATGAGCTTCCCGGTAGCGACTGGGCATGATCAGTGTCAGTGGTTTTCCGAACATTTCCTCGGCGGTGTATTCAAACATCGATTCAGCAGCCTTATTCCAGGACATGATGCGGCCGGTGTGGTCGGCTAATACAATGGCATCAGTGGCTGCCTGAAAAACGGCTTGAAAGCGGATTTCGCTTTCATATAAGGCGTGCCGGGCGCGTTCCATTTTTTTTGCCAGGGCATAAGCCTTGAGTGCTTGACGCACCGTGGTTCTAATTTCTGAACGGTTGATGGGTTTATGGAGATAGGCAAAGGCGCCCTGTTCCTCAAGGGGGCCGGTCACATCATCGAGAGTGGTGTAACTCGACAAAATAATGATGGGAAGACCTGGCACCGCTTTTGTCATCTTCTCTAGAACGAGTAATCCATCCATGTCAGGGAGTTTGACGTCAAGGATTACCACACTAGGCGAGTGAAGTTTTACGCATTCCAATGCGGTGCCGCCTGTTGAAGCCACATTAATGTGATGCCCGTCGGCTTCCAAAAGGTCTCGTAAAGCCAGGACAATATCCTGTTCATCGTCGACAACGAGAATGGGGGAAGAGGAAGAAAATGGTATCGGGGATGCGTGTCCCATGGTTTGACCTCATGTCTGGGGTAATTACCCCTCAGCGCCGATGTTCCTGAGAGTGGGCTTATGATGTTTGAACACGCAATCTACGTACCAATTACGGTATATGTTGAATCGGTCCGGAGATAAGCCATTGGAAAAAATGTGATTTTGTGAAAATTTTGCAAGGAAAAGCTTCTGTGTTATTGATTTACTTATATGAAAAAATGAAATTTTGATATCTGTTTGGATACATACAATTATCCAAATGGATACACAACTCTGACCTGTATACTCTAGGAGATGGAACTTACCGACAACTGTGCTGGCGAATTTCCCCTGACTTTTCGCTCTGTTTCCTTTAATAGACCAAGTATCTGTCTCCAAACCTCCACATTCGGATTCCACCAGACGTTAAATTGAGAAGACCGCTGGCCCCATTCGGCTTCGTTCCCGGAATCGGCGTTTTTGCCATGTATGACAGAACCGTAATAAGTGGGATACGTATCCTGTGGGGTAGGGTGTGCATGGGAATCGATCCAGGAAACCTTTGCAGGTCCAGGGATTTTCGGCGAATTGGTTCGGCTCAATGAGTCATCCAGGGCAGGTTTGGCCTCGATGTGATGTGGCTTGAGTTCACCCATTGGTTATGGCACTCTCCACTGTTGATAAAACAAGAATTATGGCAGGTTCATGCGGAAATTGGGTGTGTGGCTATTTACTGGAATGAAAGCCTGGGATAATGCCCACGGCTCTCTTTCCTTGGGCTGTATATAGTTTCCTCATCCGCTCATTCCCATGAATGTTTAAGCGCTGGCGGATATGGTGAATTGGGAATGAACATGGATATCCCCATCCAGGAACGGTTAATTGTCGCACTTGATGTTCCCTCCTTAGAGGAGGCCCGTCAGTATGTGAAGGATTTAGAGGGTGCCGCCTGGTTTTATAAAATCGGCCTGGAATTATTTCTGGCGGTTAATGCGGATTTTATCAAGGAATTACGTGCACAAAATTGCCGGATCTTTTTAGATTTGAAGATGAATGACATTGATGAAACCGTACGCCGAGCGGTGAATCTGGCGGCGGATCTTGAAGTTGATTTTCTTACCATATTTGGAAATCATGCCACAGCCAAAGCTGCAGTGCTGGGTCGGGGCGCCGGGTCCATACAGATTTTGACCGTTCCGCTCCTGTCGAGTTGGGGGGAAAAGGATCTTCAAGATCTGGGGATGTTGAGTGTGCGACCAGGAGAGCCTGCACGTTTTCATTCTCTGGATGACTACGTCTTATGGCGAGCCGAAATGGCGATGGCCCAAGGGTGCGATGGTTTGATCGCCTCAGGAAAATATGTAGGAATTCTGAGAGAACGGTTTGGTGGGAAGGCGCTCATTGTCTCTCCAGGTGTGAGACCTGCCGGACAGAACACCCATGAACATCAACGTTCGTTAACTCCATTTGAAGCCATTCGAGCCGGGGCCGATTATTTAGTCGTCGGGAGACCTATTCGCGATGCGGACAATCGACGCAAAATGGC
NZ_CP116967.1_gap27	1114633	1116855	2222	CGACACCTGGTCGGTCAGTTCCATCCCCTACCCGTTCAGCCGAGACGAAAACCGGAGGAGAATCCCTCTCTCCCATGGAACGCTATAATCTGGGTGGCCTTTTTGTCTGCGCGATTGAACGAGCGAACGATCCCGAGTTCAAGCGGCTTCGTGCCGTGTTTCGTCATTTGGATCTTCCCTCGCAAGAAAAAGATAACCTTCTTCGCTTGTCGCAAGGGTTCACGATTCCCAAATTGTTTGCGGATGGCGTGGAAGGGGACAAAGTCAGTCAGATTCTGAGGGATTTCATCCGGTTTGCGTTGGCGGAGGGGGGATATGAGAAAAAATGGCGGGATGAAATCAGACAGGTTGGGGTGTGGTTGGGCTACTTCCCCCAGCAGTTCGAACAAATTGAACAGAAAGTTTTGGCGAAACGGTAGTGTGGTCCCGGCTACCCGAGATCGCGGCGGCCTTCGATGGATTTGAGTAGGGTGACCTCATCGGCATATTCGATATCCATGCCGACCGGAATGCCATAGGCGATACGGGAGACCTTGACCCCCAAGGGTTTTAATCGCTTGGTCAGGTAAATGGCGGTAGCCTCTCCTTCAATCGTGGGGTTGGTGGCCACGATGACTTCCTTGAATGCTCCATTTTGGACCCGGTTTTCCAGGTCATGGGTGCGGATATCTGCGGGTCCGATGCCGTCCAGTGGAGAGAGCGCTCCATAGAGCACGTGATAGAGGCCTCGAAAGGCCCGGCTTTGTTCGATCGCATACAGGGTGCTGGGTTCTTCCACCACGAGGATGGTCGTGGAGTCACGTTTCGGGTCCAGGCAAATCTCACAGAGCGGGCCTTCGGCAATATTCCGGCATTGGGTACAGAAGGAGACCCCTTCTTTCACATCACGAATAGCATCGGCCAGCCGTAATGCCTCTTCTTTTTCCGTCTTCATGAGATGAAAGGCCAATCGTTGAGCCGTTTTTTGCCCAATGCCTGGCAATCGTACGAGTTCCCGGCTGAGGCGAGCGACCAGCCCTTGAGGTTGGCCATTGGCTCTGGTGTGTTTGGTCGGAGTGGTTTCCAGCATGATAAACCTCGCTTGGTAAATTAGAACATGCCGGGAATGCCCATCCCTCCGGTGAGGGATTTCATTTCTTCGGCCATCAGCTCTTTCGCCTTTCGCAACGCTTCATTGGAGGCGGCGACGATTAAGTCTTGTAACATGTCATGGTCGCCGGATTTCAAAACTTCCGGATCGATGGTCAGCTTGGTTAATTGCATGGCGCCGTTAGCTTGCACGGTCACCATCCCGCCTCCGGCTGACGCCTCGACGGTTTTCGTGGCAGCCTCCTCTTGAATCTTTCCCATTTTTTCCTGCATGGCCTGGGCTTGCTTTAAGAGATTGCCCATGTTGGAGAATGGATTTTTAGACATTAACGTACCTCCTCGTTTTGCGGGGTTCTTTCTGCCGATACGACTTCTCCCCCAAATAGTTCCAATGCTTGTTTCACCAGTGGGTGGGCTTTCACGTTTTCAATGAGATCCTGGTCCTGCTCAAGTTTTTTTTTTGCTCGTAATTCCCCGGTTGACGGCGGGTAAGCTTGGCCATCTTGAAATTCAATGACTTGGACTTTTATCGGCCGACCGGCGAATTCCTCACATATTTGACCAATCAGCACGCGGTTTTCGGGTTTGTCCGTCCTCCAGCGAGCAATCGAATCTTTTTTGGAATAACCCAGGACGACGGAGTCTGCTGTCATGGTTACGACACTCCCCTTCTCCAGGAAGCTCCCGATATTAGGATGGTCATTAATCATGCGCTCAACGACGAGTTCCCAGTTTAATGTCACGGGTGGGCCCGACGAAGGTTGAGCAGCCGTTTTGGGAGAGGCCACCGAGGTTTCGCTGTTGGCAGATGAGGCCGTTGTCGGTATCGACTTTTTCGCACCTGGTGGTGTTGAGGAAGGAAACATCGTTGTGGCACCGCCACCGGGCCTGGGACGGGTCTGGCTTGGAGGAGTCACCGGTTTATCCGCAGGCGCTTGGACTTTAACAGGGTGTGCGGGAGGCGGAGTCGAGGCAACGGGTGTCAATACCTTTGCTTGTAGGACGGATGCTTGAGGGGGTGCGCCGGCCTTCTGTTCAATCATGGCGGAGTGTACTGTCACAGGATCAAGCATCGCTGCGCGTACCACGGCGGCTTCAATTAGAAACCGTGGATGGGAGCTTCCTCGAAGACT
NZ_CP116967.1_gap28	1127775	1132096	4321	AATCTGATAGCCAATTTCCTTTGCGGCTTCCAGATTGTTTTTTAAAATGGTTTCTTCCTGGTCGCGTTTTCCCACAAATCGGCCCGTATTGACGTCCACCACCGTCATGGCCTCTGTGTGATCAATAACAATGTGTCCTCCGGACTTAAGCCAGACCTTCCGACTCAGGGCTCTGGTAATTTCCAATTCGATCCCGAGGTGATCGAATAATCCTTCCTGCTTCTTGTCATAGAAATGAACGCGCGCCGCTTGTTCGGGAAGATAGCGACGGACAAAATCTTTCACTTCCTCAAAGTCCGCTTTAGCGTCAATTAATAGTCGATCGACTTTTTTGGTGAATAGGTCTCGCACCACCCGGAGCGGGAGGGACAGATCCGTATGCAAAAGGGATGGAGCAGGTTGGCTGTTGGCCGCTTTAAGCGTGTCTTCCCATAAGGCGCTCAAGAATCTGACGTCTGTTTGCAAATCCTCTTCTGGTACGTCTTCGCACACGGTCCTGACAATGTATCCATATTCGGGTTTCCGGATACGCCGCATGAGATCTTTCAGCCGATGACGTTCTTCGTCGTTCGTTATTCTTCGCGACACGCCAATATGGTCGACATTGGGCATGAGCACTAAAAAACGCCCGGGGAGTGAGACGTACGTGGTAATCCGAGGTCCCTTCGTGCCGATGGGGCCTTTGGAAATTTGGACAAGAAGTTCTTGTCCTTCTGTCAACAGGTTTTCGATGGGACGTGCGGTTTGGCGTCGAGGGCGCGGCACCTCCTGACTGCGTTCATCCTCTTCACTGTCCACAAGTGTGTCCCCCGGTTCGGTTCCGACCGATAGATCAGATACGTGGATAAATGCGGCCCGATCCAGCCCGATATCGACAAAGGCCGCTTGCATACCCGGCAAAACTTTAATGACCTTGCCTTTGTAAATGTCCCCGACAAAATCTTTTTTTCTTGGACGGTCGACATACAATTCTGTTACGACACGATTGTCGAGCACGGCAACCCGTGTTTCTTCACGAGTGACACTAATCGCAATTTCTACTCCCATAGTGATCTCCCTACATTCTCAGAAGGGACCAGAAGCTATTTTTCGTCAACATTCTTGGTGAAGAGATGTCGCTGAGGTGGCTGAGCCAATTTGTTGGATCTGCCTGTCCAAATCTGAAATAGCTTTGTGCCCATTCTGTCAATAATTGTAAATGAATATTGTTATGGAACCATTTGAGAATGGTTCTGTGTGCCCACTTCCTTGTTCCCGCAAGTATGTGAAAAAATCCACGGCTCTGGGACTTTTCCAATTCATATTCTCCGTTGTTTCCCTCTTTGTGCGATTTCCTGGCCCACGCTATCAAAATTAAGCCATAGGGTACATGATACCTAAAGGAGTGACAGACGTCTCCGTTTCACGTTGAGCAAGAGTCCCAGAGCTGTAAGATTCACAACCATGGCGCTGCCTCCATAGCTCATGAGAGGAAGGGGAATGCCCACAACGGGGGCCAGACCGGATGTCATGGCAATATTGACGACAACTCCAAAGGCTATCATGGTTACCACTCCGACAGCCAAGAGAGTCCCGACAATGTCTTTGGCTTTCAACGCGATTTCTAAACCCATTAAAAATAAGAGAATATATAGGGAAAGTAAGACTATTGACCCAATAAAGCCCCATTCCTCTGCGAATACTGCAAACACAAAATCGGTATGGCCCTCAGGAAGAAATTTAAATTGGGTTTGGGTTCCCCCATATAATCCCTTTCCCAATAATTGGCCTGAACCGATGGCGATGCGCGATTGAAGCCCGTGATAACCTTTGCCACCAGGATCAGAATTGGGATCAACAAAGCTGAGAATCCTATCCTGTTGGTACTCATGAAGGGAGCCCCAGACCCCGCCCCAGGCAAAGGGGAACAACATTAGGGCTGCCAGAATCACAAACCCAAAGGCCTTGGATTTCATGCCTACCGTGAGAATCACCACAAGAAAAATGGCCAGAAAGCCCAAGCTACTTCCCAGGTCAGGTTGCTTGAGGATAAGCAAAAATCCTGGAAGTACGATCAGTCCAGGTATGATCAATCGACGAACCCAGCCTTCACGGGTGGTGGCCCCATAGTAGGCTGCCAGCATGAGTAGCAATGGAATCTTAATGAATTCTGAGGGCTGGACCGCAAAGGGGCCGAGAGGAATCCATCGTTGAGAGCCCCTACTGGTTTTCCCGGCGATTAACACGATGATAAGTAAGATCAGTCCGATCCCATAGAGCACATATGACAGCCGGGCGAGCTTGTGATAGTCAATACCGACCGCGACCAGAAAGGCTAAGGAACCAACCATCATCCATGTGGCCTGCTTGAGATAAATAGGGAATCCGGTCCCCGACTGAGGGTTGGTCACGCTATAAATGGATAGGATGCCCAAAGAGATAATCGCCATAATGACACCCAGGAAACACCAATCGAAGGTATCCAGTCCGCGGCGATTCACATTGTCGTTCATTAATGACATGAGATGCGTTATTCTCCATCCTTACGAGAGCAAATTCCTTATCAAAGAGAAGGCTCTTGGGTTGTCTCAAAGCCCATATAGGCTTCGATGATGGTCTTGGCCAAGGGGGCGGACGCTGAGCCTCCATGCCCCATGTGTTCAACTAATACCGCCACGGCAATCTTCGGGTGTTCGACGGGAGCAAAGGCCACAAACCACGCATGGTCTCGAAATTCTTTTTGAGGCTCCTTGTTTTTGTCCTTGTCTCCATCCGGTTTCAGGGCGACAACTTGCGCCGTTCCAGTTTTGCCTGCAATGCTCACGAATTCTGATTGCGCCAGTTTGGCTGTACCCTTCGTGACGACTGCCGCCAATCCTTCCTTGATATGGGCAAACGTTTGGGGAGGAATACCCAATTGTCGAATGGGTGGCTCTGGCTTTTCTTTGAGTGTGCCGGTTCGCCGAAGTCGAGAGGCTTTGAGCAAACGGGGTTGGACCACTCGTCCATTGGTTGCTACGATGGCCGCAACTTTGGCCATCTGAATGGGAGTCACGGTTAAAAACCCTTGTCCAATAGAAATGGAAATGGTTTCGCCAGGATACCATGGTTCCCGTTTGACCCTTTTTTTCCATTCTGAGGATGGAACAAGACCCGACCGTTCGGAAGGGAGCGCAATTCCGGTTTTTTCACCTAATCCGAATTGACGAGCATAGGTGGCGATGGGATCAATGCCCAATTGATTGCCGGCTTTGTAAAAGTAGACATCGCACGATTCCGCGATAGCTTTGGTTAAGTCGACCTGACCGTGGCCTCCCGCCTTCCAATCACGAAAGACTCGCCTTCCAAAAGGAAAGGTTCCATGGCAGGGTACCATTTCCTGTGCGCTGAGGGTGTGAGTCTCCAAGAGGGCTGCGGCCATAATGATTTTAAATACCGACCCTGGAGGATATTGCCCTTGAATGGCGCGATTGGTGAGAGGGTGGCGTGTATCCATGAGAAATCGTTGCCAATCCTTGGCACTAATCCCTCCTGAAACATCATTAGGATTAAACCCGGGTTTACTCGCCAGAGCCAGAACGTCCCCATTCCACGGATCCAGGGCAACAATGGCCCCCGCTTCCTGTCCAAGAAGGTCCTCTGCGAGGCGCTGAAGTCGAATGTCGATCGTCAGGTACAGGTCATCCCCGGCCAGGGGACGACGAACTGAGAGAGATCGTTTTGGATACCCCAAGGCATCGACTTCAATCACTTCCTCTCCGGTTTCTCCAAGAAGATATTCATCAAATGTTCGCTCCACTCCATTTTGCCCAATGATGCGTCCTCCCTGAAGATGGGAAAATTCCGGGTCTTTAAGCTGTGATTCGGAAATTTCACCCACGTACCCCAGGACGTGCGAGGCGTAATTGTTAAGGGGATAGTGACGCTGATATTCCGGCTGAATTACCACACCGGGGAGTTCAAGCCGGTGCGATTCTATGAGTGCCGCCTCTTTTAGCGTAATGTCGGCTTTGATCTTGACTCGGCCTCTTCGGCTTTTTATTGAAAGTTTATTGGAAATCTCTTGTTGGTCAATATCTATGTAATGGGGTAACTGAGCCAAAAGGGCCTCACGGTCCTGTATGTCTTCCAAAGAAACATACAGTTGGAAGCTGGGGATATTATTGGCGAGGAGTTCACCATTCCGATCATATAGAAGTCCTCGAGCCGGTTCTAAGACAATGGATCGAGTGCGATTGTCGCGGGCAAGTTCTTGATAGTGCAATCCGTCTCGCACCTGCAATTGCCAAAGGCGTAACCCCAGCAACACCAATAGCATCAGAAATCCGATTTTGACGAATAT
NZ_CP116967.1_gap29	1327934	1328660	726	CCGTGAAAGGGAGCGCTTCCTTAAACGCTTCTCCAAGCTGATGCTCTTCGATAATCCCGTTAAAGGCGGTAATAAATACGATCACCGTGAGTCCGATAATTCCCACCTCCGCCAGGTGAAAGGCCAAGGCAACAATCAGCCAAATGCCGGCAATCGCTTGAATAATAAGCTTGGCCGTGTCCCCGGAATCCCGTCGTTTCTGTTGTTCAGTTTCGAATTCCACCAAAATGAGGCGAACGGGATCCGGGAGTTGAAAGCCATAATCAAACCATCGTATTTTTTCAACAAACATACAGGTTAACAATCCCGTGGCTAAAACTGGAATTGTCACAGGTGCCATGCGCAAAAAGAACTCCATAAATTCCCAGCCCGCCTTGTCCGCGATCAATAAATTTTGAGGTTCCCCCACGAGAGTACAGACTCCGCCCAAGGCTGTTCCCACCGCTCCATGCATTAATAAATTTCTAAGAAAGCCTCGGAAGCTGTCTAAATTTTCGCGGTGAAGCGAGCCGATTTCCTGATCGCTTGTCGAATCATGAGAGGTTTGAGACGATTTACCAGAGGCCACCCGGTGGTAAATGTTATAAAAACCCAAGGCGACGGCAATGATGACCGCCGTGACCGTCAAGGCATCGAGAAATGCCGAAAGGAAGGCACCCATAATGGAAAACAAGAGTCCCAACAAAATTTTTGAACGGACGCCTAATAAAATTTTCGTAAACAGAA
NZ_CP116967.1_gap30	1336179	1337356	1177	CTTTGGCGCCCGATTCTAATGCGCGGAGGCGGGTCTCACGGTCGTCTTCTGACGTGAGCACCAAAATCGGGAGAAATGCGTGCTTGTGAATAATATTGAGTTGTCCCATCACCTGAAAGCCATTGAGTTTGGGCATGCGGATATCAAGGCAAATCAGATCGGGATTCAGCTCCTTAAACAGTGGCAATACCTGAGTGGGATCTTGAGTTGAATGGACTCGGCTGTACCCGGCGTTTTGTAAAATGCTCTCCAGGAGCATGATATTGGTCATTTGATCATCAACGATCAAAATGCAGGCGTTATGGCATTGCTGTTGGGAAATCATTGAAGTCCGTCTGACATCAAAGGATCAACGTATTCATTGAGCATGAGGTCGGGTGGACGGCTGCCAACCATAAGATTGGGTAGTCGTTGCATCCATTCCTGAGCGATTCTTTCCGCCTGGGGATGGTATTTATCTTTTGTTTATGTCGGTCAAAACGAATGAAACTTGAAGTAACGTGCCTTTTGATTTGGAAAGAAGCCTGGAGCAGGAAGGAATGGTTTGGAAGAGGAGTCTTGCGCTAAAAGTGGTGAAGAGACAAAGGCGAGGATTTTTCTATACCAACGCTTTCCCCCATTTCTGTCTTTTAAAAACATTCTCGAGTTCGGTTCGGGTTTGTTAAAAGGCGTCTTAAAGTTGGGTTTCCCCGTCAGGTGGAACGGGTCCCTCTCCGACCTTGCCGATGATCTCGATTTGTAACCCAATTGGGCCAGTTCGACATTGATGCTGTTTTTGGCTCGGACTATGCCGGCTTCCAAACAAGTAAATCCCGCCTACATCAGCAGGACCAAGGTACAGGTCAGCATCCAGGTCAGCGGTTGAAACGTTGGTGTTAGTGGCATGGGATATTCTCCACACGGGATCCCCAGACACGGAGGCTCTTTACAGGATGGGGCCGAGACGGTTGCGAGGGCATTGTGATGACGGAATGGCCAAATTTCACATGGAATACGTCTGATAACTATTCGAAGCGAGGACACGCGGAGACCCTTGAGGGGATCGGGTCCCGACACTCGCTCACAATGATGAAGACCCTGTCCGGCGCGGTTATTATCATTCTCCCCGAAGGCCTATAGGAGTGTCTATTGTCGAGTCCTGGGCCCTGGTCATGGACGTCAATCGGGCAAACAGTTT
NZ_CP116967.1_gap31	1523831	1527266	3435	GTGTGACCCGTTTATAAATAAGGTCGGAGGTTAACACCAGTTCCGTTGTGGGCGGGAAGGCCAGGAGTAGTCGGAGGTCGGCGAGTGCGGTTTGGACTTCCTGCGTAAATTTGATGACTTGTGCTCCGAAGTCTACTGCCTGGAGGCGCAGACGAATAAGGTCTACTTCGGCAATGAAGCCTTTTTTAAAGCGTAATTCCCCGATTGTTAAGATCCGATGAAACCGCTCCTGATTATCTTTTGCGAGATTAAGACGCCGGGATGCCAATTGAACCTGGTAATACGTGTCTTTTAGTGTGAGCGTTAGTTGACGAATGGCATCCGTGAATGTCGCCTCGGAAGCCTGGATGCCATAGCCCGCACTTTCCATCCGATAGCCCCGTTTCCCTGCAAGCAAAAACATCTGTTCGAGCTGCGGAGTAATATAGCGAGTGCCTTCAAAGGTTTGCTTACCGGTAAATGCGGCTCCTCCATAAAGTAAAAAAGTCGGGTTGGGAAAAAGTTTCGCTGTGATGGCGATTCCCTTGGCATTATCGATCCCATATTTCGTCATTAATAGATCAAGATTTTTTTCCAAGAACAAGGATAAGGAATCGTCCAAGCTCAAGGTCACCGTGGTGGGAACTGTGCCTGATGCCTGCTTTGAAGCTTTGGCTGAATCCGGTTGCGCCCATGCCGTTTCGAATTGAACCCCAACTATGAACACCGTAAGAAACAGGCAGTGGATGAAACGTATGAGGAATGTCATGTTGGTGGCAGGAATTGATAATCCGGGGACGCCTGGATCACCACGAAGGGGAGGAGAATGGAGAACAAAAGCTACCCAATGGCAATCTTTCCTTCCGCATTTTGAATCCTGGGAACCGGTGGTGGGAGAAGAGATCCCAGGAAAAAAGGAGTGTACCATATCGCCCTGGAACCCCTGAGGGCAAGATAATAATTTTACCGATGTCGGAAAATTTTGCCGTAGAAACGCCTAACATTTCCCCATCCCTTCGTTTGGAATAGCTTCTTGTAAAGAAGACCTTGACGTGGTCTTCATAAATTTAACTGTGCAAGAGGCATTCCATAAATTAGTTTCATTGGCAAAGGGTGGGCTTACAAAACCTTTATAGTAAACAACAGGGTTTAAGCCGATTACAGTTGAAATGAATGGGTTCAGGTTGGAGCAGGAAGGAACTCCAGGGATAGGCTGTTCCGGAAAGGGACAAACTGTCATCTCCCTGGTGAGTGGATGCAGGCGTGACGATGAGTGGTTAGCTCACCCTCACACTTCTTGGGACACCTTGGCACAGGATAGGGGGACCCTGAAGGAGGAGATCAATAATAATATTAAACCCATAAGACTACCCCCGCATTGTTTTCTGGGGGATGTAAAAGGAGCAAGCGTAATGGAGGGGGATTTGCGAATAATTTTCATTTAGCAATGGTGATACTGGGGACATTCCCTCGTGGGGCATCGGTGACGGTCATTTGAAATAGTTGGTACAGCAAGCGGAATGCCTCCTGATTCCATGATCGCTTCTCCTCATCGGCGATGGAATAAAAATGTCCCTCATGGGTGACGGAAAGTTTAGTATTAGGGCGTTCAATAGAGGATTCGATAATGTCCAAGACCCGGACTGGGTTTTCTGAGACGATTCCCGTTCCTGGATCCGGATCCACATGATACTCCGGCTCACTCGCGATGGATCGACCCAGAAAATTGAGAATGCCGTGAAAACTCCGGAGCCGAAAGGCCCCTTGTATCGGGTATTCGCCTCCGGGGTTGTCGGGTCGGATATCGACCAGGATATCGTTCGGCGGCCAACGATCCGCCTTGGCCTGCAGGGCCAACCGCTCTCTATTGGAGATGGTGGTGGGGTCGTAGTTCGTAATCACGGTATGCCCGATCGACCGTTTTTGAATGGTAAAGATCTGCTTATCCGCATCCACAATGACGCGATAGTTATTTTCCAGGGTTTGAAAGTCTCCGGCAGAAAAGGAGGATAAGGGCAGGATCCATTCCCGGTCATATACCAAGGGTTCTATATAGAGCTGATTGTTGTCCTGTAAACGGGAAAGATGAAGGACGATTTGTCGAAATTTGGGATATCCGATCTGATCCGCAGGTCGATTATAGTAGGCGGTTTCATGATTGTTTGTGGTCGTACGGATTTCCCCTGCCATGAGCCGGAGGAGTAAATCAATGTCGACCCCTTGTCTCAGCAGGAGGGTCAATTTTCCTTCCCGGAGAGGGGTTAGGAGTCGCTGGGTAAAATCTTCTCCTTCAATGGGACTAATGGTAAACGTGGGATTTTCGGCGATGCTGCCCCCAAAGACGGGTGCCAATGCAAATCCGCCATCTAACCCCCCTAACGGTGGGGTAGCCCCGGCCGAAAATTGATAATTGAAGGTGGCGGCAATGCTGGAAATGGCTGTGAAATGCACCGGTTGATGATGATGGGATCTGGCAATATTGAGGAGCAATTGTTCGACGAGGGATCTGGTGACCGAATGGTCATACGCAATGACCACATGTTCCAGAGCTTTCGGGGAAAAACAGCCGGATAGCATAAAAGGCAGACTCCAGAGCCAGAGCATGATGCAGGCCAAAAAAGAGCTTCGCGTTTGTTCTTTTTTCACGGTGTCCTTTTCCATCAAGTGGGGTTTTTTCCCCTATGTTGATCCTTACAACACACACAGTATTTCCCTGTCGATGGTGGGCTTGGAAAACGGAATCTCGTGGAGCGATTTTTTTGTCCGTTCACGGGCGGAGAGTCACTTTGACGTAACCAAAATTCCTGTAATGCGAGAGTATCAAAGACGCGGTTTCTGTCAAGGGAAGAGGGCGTGACGATCCTGATTTCACCTGACCTAGACTGCCTTTCCTTTAAAAGTGGTGTCTTCATCCCGGGTAGTTTTTTTGCCGGAGATCCTACTTTCAGACCATGACCTTATTTCTCATAATTTCCTGAGCATCAGTTAACCCAAAAGGCTGGAAAAAAGCGTGGCCAGTCCCAAAAAACTAAAAAACCCTGCCACATCGGTTACAGTGGTTAAGATGATTGATGATGATTGAGCCGGATCTTGTTTCAGAGATCGAAGAATGATGGGAATGATTGCCCCGGAAAACCCCGCCATGACCATGGAGATGACCATGGAGACGCCGATGACCATGGTTAAGCCCCATGATCCGCTCCAGAAAAATACGGCCGTACAGGTCGTCGCGGCCACTGCTACTCCATTGGCCAAGGCGACATAGGATTCTTTCAAGGTCACGCGGAGCCATTGGGAGGGACGGATATCCCGCAACGCTAATCCACGCATGACTACCGCGAGCGCTTGAGCCCCTGTATTCCCCGATTGCCCGGCCACGACAGGGAGCAAAACGGCCAAAGCCGTAAATCTGGCAATGGTGTCCTCAAATAACCCCACCACAAACGCTGCCAAAAA
NZ_CP116967.1_gap32	1529853	1532353	2500	GAGCTGGACGATCAGAGAGAGGATATTCCTCATGGTGCCGGCTGGACAGATAGATTTTGCTGGGCGATCGATCATCCTGAGAGAGAATGTCCTTACCCGAGTGGTATTTGGCGTTGTTGAGCCCACATGTTATCCCGTGGGGTTTTCTCTTCCCCTGGGCCCTCAGGCATTAATTGAGAGGCAGATGAGAAGGTTCTGTGTCCTCAGATGGCTCTCCCGATGCGGGGACCTGGTTCAACGGGGAGTCCGGAAGAGGTTCGGGTTCGATCGAAGATTGTGAGGGTTGGGCCGGTTTTTCGGGGACCTGCCGTGTGAGTTTGTTGACTTTAATGACCGGTGGGTCAGTCACAAATGGTTCGTATTGTTTGACGTCCAACGTGACTGAGTCCTGTTCTTCCACAAGCAGGTCAATCTCTGGAACCTGTTTCCGAAAGGTCGCCAGGATGGTGCCATTTGGCGTGGTGACAGTCATTAACAATCGGTCCTGCTGGCGTTCCTTATGTGTGACGGTCCCCGTCAGGGGATGGACGGTTTCTTGAAGGAATTGGGGTATATAGGGCTGGGCATATCGGGCGGCAAGAAATGGTGCTCCTAAACCCAATCCTACTCCTAAGACAAACACCGCCATGTAGACCATCAAGGATTTCATGTAGATTTTCTCCGGTATTTCAGTGGAACGTTCCAGCTTTTCCTGTTCAAAGGAAGACAATATCCACGCGGCAGCGAATGAAAGATTGGAAGCATACGAGACCGTCCCCCCAGATCTCCTGCGTCCTTCGGGCCCTGCTCATTTTTTTCTCTCAAGTCTTTCGTATATTTCTGGAGATTCTGAATGCCGCCCGTTTGGAGAAAAGCCAGGATTCTGATTAATCATACACAATGACCATCACAAAGATAACAACTAACATGCCGGTCTTCTTTAAAAGCCTTTGCCGGTTCCCCTCAGATTTTAGAAAAAACCAGGACTTACTTTGTTAGGAACCGTTCTTCATTTTTTAGGATCGTTGAAGCTGGGACCGGTTCTTTCCCTCCGCAACGTCATGCTTCAATGTCATGAATTCCATAGCCAGAGTCAGTCCATTTTGTCGGTAAGGGAAGTATGCTTAGCGTGATACCGATCTTTAGTTGATCTTCCCCAATAATACCAATTGAGAATTGCCAGGCAAATAGCTAACACCATTACTCCGCCAAATACGAAGAGCATTATGGTCATGGGTGTTGTGCCTCCTGGGCATCATGAGAAGATTGTCATATTTCGAGTCTGATGCAGATGAGTCTTATCTTCTCCCTTCTCAACGCTCTGGCCCAGGACCCTGTAACTCCCCCTGCGGAGCGCCGGTGTTGAGCCGCATCGGAAAAGTTGGCTTAACACTGGCTTTAATCCTTCTTGTAGAAGGACTCCAGAGGGACAGGATAGAAATGCCCTCTTCAAAAGAAGGGCAGTAGGGAGGAGACTCTTTGTCGACTGGCTCTGATTTCAGGTGTTTGGAAAATCAAACCAACCTCCAAATTTTCCAGATCTGTCAGTTTGAGCCTCACTTAACGGTGATGTTATTTGTGACTAATACCACCCCAATCACATCTCGGACCAGTTCTTCGGCTTTGGTGGCTTCCGTGATGGTATCTACTAATCCATTTAAATGGACCCGTCCTTTAAAGGTCTCCACATGAATATCCATGCCACTGACCGCAGAATCACCCAAAAGCGCCGTTTTGACTCATTGATCTATTTTCGTAATAGCTCGTCATAAGATTGCTCTGCTTAACGGTCACGGCCAGCAGGGGCAAACACTCCCGCCAGGATGGCGATGCCGATCAGCATAAGGATCAAACCGACAATCCATGCAAGAAGGGCAGGGTTGACGATGACCAACCACCCAAGGATGATCAGTAACGCTGCCAGGACGATGGACGCCACATGCCCCAGGCCTTGGGTCATGGCTGACAATGCGGACAAGAGGTTATTCACCTGATTCACTCCTTCTTGCAATCCTTAGCGAACCCGGGATTGCACTTTTCTCATATTCTTCTTTAACGGTTCCATTTGGGTTTGAATGTGTATCCCAATCACATTTTTTCCTAAATAGCGTTCGACGACTTCCTTTGCACGTCCTTGTACTTGAGGCCCCAGCACATCGGCGCTTGCCTGCGGGGTCACAGTTAGGCGGCAATGGAGATGAATGCCATCTGATCCTTCCTTGACTTTGGTCGAACTTTCCAAGATTCCTTCGATCTTTCCCGCTTCCCGATTGACCAGGTCTTGAATGCTCGCCCGGGAGGCGGTGATGTGTCCCAGATTGTCCTTTTTCACTGTCACTGCCGATTTTTTGCTGGAATGTGGGATGAACTCTACGAACAACAGGCAGAGGCCCAAACACAGCAGCCCAAGGCATACGCCCACTACACTCCACCAATTTGTTCCCTCTAATTGCGTCAATGGGATGAAGACCTGATGCCATGGGGATGGCATCATCTGTTCAGGGTCCCACATGCCCAACAT
NZ_CP116967.1_gap33	1544916	1549629	4713	CAAACGATTGAATTCCTCTCTCGCGATTATCGATAAGCGGCGGGAATCGCCGAATCAGGCTGAAGTGATGAATATTATTGGTGATGTTCAGGATAAGCATGCGTTATTGTTTGATGACATGATTGCCATACGGCGGGAACCATTGTCCAGACAGCTCAAACCTGTATGGATAACGGAGCCCTGTCGGCCTGGGCCGGGAGTACCCATGCAGTCCTGTCTGGTCCGGCACTGGAGAGGTTGCAATCGTCTTGTCTCCGTGAGGTAATGGTAACAAACACCATTCCTTTAAATGGGAAGGATCAGCAATGTCCAAAATTGAAGACTCTCACAGTTGCTCCTTTGTTGGGTGAGGCGATTTTGAGGATTCATCGTGAAGAGTCGGTGACATCCTTGTTCGTATAAATTAGCTAACTGTTCATTCACTCTCATTTAGAAAAGGGCAAGACGATGAAATATGAACTTGAAGTTGAAAAACGGGATCAGGCTGGGAAAGGCGTGGCGCGGCAACTACGGCGACAAGGAAAAATTCCTGGAGTTCTATACGGAGGAGGGAAGTCTGAATTTGTGGCCATGGACCATAAGACTGCCCGCAATCTGGTGATTTCTCAGGTTGGCCACACTGGGTTGCTGACTGTTCGGATTTCTGGGGGGCAAGAACGGATCGCCGTCCTTCAAGACCACCAAATTGATCCCATTACCGGTGCGATTCTCCATGTGGACCTCTTTGAAGTCTCGATGAAAAAAGCCATTCGCGTTAAAGTTCCCGTGACGATTATCGGAGAAGTCCCTGTTGGCGTGAAAGAGGGGGGGATTTTGCATCAGGTAATGCGCGAACTTCACATTGAGTGTTTGCCGGCTCAAATTCCGGATCATATTGAAATCGATGCGTCAGGATTTGGTATTGGTGATGGTATGCATGTGAAGGAAGTGACCGTCCCGACGGGTCTCAAGATTTTGGATGACGAGGATCTCATGGTTGCCCATGTTGCCACGAAGATGTCCGAAGCGAAGCTAGAGTCCCTCTTGGCTCGCGAGGTGACTGAAGGGGTGGCTCCAGTTGCCACAGCAGAAAAGGCTGCAGAGGGGGCTCCCACTGGAGCGGCTGTGGCGGCGGCAGATAAAACGAAGGCCGCATCAGACAGTAAAGCAAAGGAAGGCAAAAAGTAGCCCTTGCATGTGGTGGTGGGACTTGGAAATCCGGGAGAGTCCTACAGATACACGCGACACAACCTTGGCTGGATGGTTCTTCAGCAGGCGGCTGATCGTTGGAGTGTGACTTGGGCCAAGCAGGAAGATGGGTTTCTCGGTCAAGGTGAAGTTAAGGGCCATCCGGTTTTGCTTCTTCTTCCCCTTGCGTGGATGAACCAAGCTGGGGTTGCCGTTCGGTCTGTCCTTCAGAAGTTTTCTCCCAACTCGCCTGATCTTATTGTTGTCCACGATGATCTGGACCTGTCTCTGGGAATGATCAAGATCAAAACCAGAGGTGGCGCTGGTGGCCATAATGGTCTGCGTTCTGTTTTGTCCTGCCTGGAAACGGAAGAATTCTCCAGGATTAAGGTTGGCATAGGGCGTCCTCAGAACAATGAAAGCCTGGCAAATTTTGTGCTTTCACCATTTTTATCAGAAGAGTGGGAGCAGGTTGGCTCAATTCTTCCGAAAGCGGTTGATGCGTTGGAATGTCTTATTTGTGAAGGGCCGGCTATTGCCATGAATCGATTTCATGTGCGGTCCTCGGAGACAGGTCTGTAAATATTCGTGTATTGATCATTCTGCCTGGCAGAAGTGGATCAACCTTCCCGTTGAATTCGTGGGTTGAGCTGAGGCAGCCTCTCTCATTTCCAGGCTCTTTGCATTAGGAAAATGACCTTGGGACCTCAAAGGATTTGGAATGTGAGCGGAGGGAATCTCGCCGACGTGAATTGGCATTCGGTAGGACATTGAGATCAGATGAAGGGGTGATGGGATTTTCGACTGTTTATAAAGTGCATCCCTTTTGGGGAGGGACCTGTATATCCCTTTGGGGTGTGGATACAGAATTCGACCGTCTACCGCTTGTTTTTAAGTGCTAAAAAGCCCAATTTCACTGAAAAACAATGGCAGGCTTTTAGATTCTGAATTGGCGGGTTCTATTCCTGAGAGAGGTTTGACACTCCAATTTACCCTATGGTAGCTTGTGTCCCCTTTTGTGATACAACACGATTGCTCTGCCTGAAAACTAGAAAAATACTGTCAGAGGGAAAGGTTACGTATGAAATTGTATGAATCACTGTGTATTCTTCGTCCCGTTCAAGCGGAAACAGAAAATGAGCGAGTGATTGAAAAAATGAAGGAAGTCCTGAGTCAGGCTGGAGCGAATATTTTAAAATTCGATAATAGCGGGAAAAAGAAGCTGGCCTATGATATTCAACATGAGCGAAAGGGGACCTATATTACGGTTCAATTTGAAGGCCCCCCAACGGTCGTCTTTGAGTTGGAGCGCTTTCAGCGTATGGAAGACCAGGTGATGAAATTCATGACTGTGCGGCTGAACCCAAGTGATTTGGTAGCGGTAGGTGAAGCAAGTGTGGAGGAAGCAGAAGATGGTGGGATTCAATAAAGTCATATTGATTGGAAATCTGACTAGAGATCCCGAGCTTCGGTATACACCCAGCGGCACCCCTGTAGTTAATTTCCCGTTAGCGGTCAATCGTCGGTACCGTCAGGCCGATGATCAAAAAGAAGAGGTGTGCTATGTTGATATTGTCGTGTTTGGACGACAAGCTGAACATTGTGGGCAGTACCTCAATAAAGGTGACGGGGCCATCGTTGATGGTCGCCTACAACAACGGCGGTGGGAAACGGACGACGGGCAGAAGAGAAGCAAACATGAAGTCGTTGCTCAAACAGTAACGTTCTTGCCGAAAAAGTCCTCCTCGGGCACCTCTGGGGCAGGAGTGAGTGAGGAGTCTAACTATGATCCGGAAGAGTATTATCCAGACCCCATGCCCTAATTTTTAGCCTAGGAGAGGTTTCTGTGGAAAAAGGACGATTGTTTCAGCGGAAAAGAGTGTGCCGCTTTTGCTTCGATAAGACGCCATTGGATTACAAGGATGCAAATTTATTGAGGAATTTTCTCACGGAGCGCGGACGAATTATTCCTCGTCGGACCTCGGGGAATTGCTTGCGGCATCAAAGAAAATTAACCCAAGCGATTAAGCGTGCCAGGCATGTGGCTATCCTTTCATTTGCAGAAGAGCACTGAGGTCACCAGTATTCTTCGAAACGGGGCAGGTAGAAAGGTGTGGTTGTTAAATGTCTATAGCCATCAATCTACTTGATGTTCCCCCCACAGGTCTTCAAATTCATCATGAGGTGAGCCCCTCGGACTTATTGCTCTCCCATGATGAGGGAATCCCTATTGGGAATTTAAGTTGTCATGGAGATCTTTTTCTGACCGGGGAGCGGTCAGCACATTTTCAAGGGAAAATATCCGGAAGGATGGCCAGGGAATGTGTGCGTTGCCTGGATCAATTTGAGGAAGATTTATCCCTATCGTGTGAGGTGGAATTTAAAAAGGCCGTGAAAGCGGTCAATGTGATTGTGCCGCACAGGGATAAAGGCAAAGGGGCAAAGGGGCGTGACAAATCCGTCGATGATAATGCGACAGAGGAAGATGTATACCCTATTACAGGAAATGAAATCGACCTTCTTCCGGCTATTCGAGAGCAGGTCATTCTTGCTACCCCCCTTCAATCTTTATGCAATGAAAACTGCCTCGGGTTGTGCCAAGTATGCGGGAGCAATTTAAATGATGGCATATGTGGGTGTTGTACCCCAGTGACTAGCTCAGCACCAGTGCCAATTCAGCAAACAATATCAAAAAAACATCCATCAAAGCGCTCCTCTATTTCTGCTCGAAGAGGATCGTGAAGGCATCAGTCACCTCTTAACAGAAAAGTTGGACTATTATGGCAAATCCTAAACACAAAATTTCAAAAGCCCGGAGAGATAAGCGGCGATCTCATCTCAAACTCACCCCGCCAAATTTGTCTACGTGTCCTCAATGTCATGAGCCCAAGCCGTCTCATACGACATGTTTAAATTGTGGAACCTATAAGGGCATCGCCATTATTTCGGTGGAAGAGGGATAAACGGTATTTTCCTTCTCGAGTCCGTCATCTTTTAACACCAAACCCATGAAAATAGCCGTGGACGCGATGGGGGGGGATCATGGATTATCTCCCAATGTCGAAGGAGCCATACAGGCTACAAGGGAATCCTCTCTCTCGATTATCCTGGTCGGGGACGAACCGTCTCTCCAATCTCATCTGGACAAACTCGGCGGCACCAAAGCCGGCATTGAGATTTTTCATGCGCCACAGGTTGTGGATATGCATGAATCTCCTGCGTTGATTGCCAGAAAAAAACGAGATTCTTCCATATGGAAAGCCACAGAATTAGTTAAAAATAAGCAAGCTGACGCGTTGGTGAGTGCCGGAAATACTGGTGCTACGATGGTGTCAGCATTTTTTCTTTTGGGATTGATCCAAGGGGTAGAACGACCGGCAATCGCCGCGACATTGCCGACTCGCCAGGGTAAGGCAATCATGCTGGATGTCGGCGCCACTGTTGATTGTACGGCTCGCCAACTTTTCCAGTTTGGGATAATGGGGCATGAATATGGTAGGCATCTCCTGGGAACTGATCGTCCAAGGGTCGGTCTATTGAGTATTG
NZ_CP116967.1_gap34	1554077	1556632	2555	TTTATCAAAGAAAAGGTCTGAAAGAATCATCGAGTACTGTGCGAACTTGCGGTTCGTCCATAGTTGATCACGGGCGTCGAGGAGGTAAAGCCCCGGGTTCATTATCTGGGTTTTCCAGCCATGATATGTAGGGAGTACCTCAATGACTGAATGGAAACCACGACGTGTGGTTGTGACAGGATTGGGATTGGTTACACCTCTGGATATTGGTGTATCCAACACATGGGATAAATTATGCAAAGGCCAATCCGGAATCGGACCCATTACCCGATTTGATGCCAGTCAGTATTCGGTGCAGATTGCGGGAGAGGTCAAGAATTTTGATCCCTCGACGTTTATTGAGAAAAAAGAAATCAAAAAGATGGATACCTTCATCCATTTTGCCCTTGCCGCCAGTCAGGAAGCGGTGGATGATGCCAAGCTTGTCGTGAACCCGGATGAGGCGGACCGTGTGGGAGTCTATATTGGAGCAGGCATTGGAGGTCTTCCGGCCATTGAACATTATCATAAGGTGTTGCTGGAACGTGGCCCCGACCGGGTTTCCCCATTTTTTATCCCGATGGTCATTATTAATTTGGCATCCGGTCAGGTGGCGATCCGTTTTGGTGCTAAGGGTCCGAATGCCTGTACGGTCACGGCCTGCGCCACAGGGAATCATTGTATTGGGGACGGATTTCGACTGATTCAGCGGGGAGAGGCCGATGTGATGCTGGTGGGAGGAGCGGAATCGACCATTTGCCCTACAGCGGTAGCTGGATTTGCTGCGGCGAAGGCGTTGTCCAAGAGAAATGATGAACCGAACCGGGCCAGTCGGCCTTTTGATAAAGACCGTGACGGGTTTGTCATTGGCGAAGGTGCCGGTGTGTTAATTCTGGAGGAATTGGAGCACGCCAAATCTCGAGGCGCGCGTATTTACGCCGAGGTGATCGGCTATGCCATGAATAGCGATGCCTTTCATATTACTGCCCCACCAGATGATGGAGCCGGTGCGGTAACCTGTATGGAGCGTGCGATTCAGGATGCGGGAATCGCCAAAGAATCTGTGGGATATATTAATGCTCATGCCACGTCCACATTTGCCGATCGGATTGAAACCCAGGTTATCAAACACGTCTTTGGGGACCGGGCCTATTCCATTCCTGTGGGTTCTACCAAGTCCATGACCGGCCATCTATTGGGGGCTGCCGGGGGAATTGAAGCGGTCTTTTCTATTTTAGCTATGCACCACGGCATCATTCCTCCGACGATCAATTTGGAAACGCCAGATCCCGAATGCGACTTGGATTATATTCCGACTCATGCCAGATCCTGTGCCATCGATGTCGCCATATCCAATGCATTTGGATTTGGTGGAGTCAATGCCTGTCTAGTATTCCGGCGTTGGAAGGGCGAATAGGCAGCATGGTCCCTTCCTGATTAGATTGTTTCGAGAGAGGTGCCTCTCAGGACGTCGGATGCAGTTGCCCCGACCTCGCCCCGAAAAGATATGATATACTACAACGTTTTGCTCAAGAAGTAAGAAAACAACAATCATGCGTGTCAATATTACCAATTCTTTGTAGATCTCGTGGCTGCTCTTGCATTTGAAGACATTCAGGAATCGTTGGAGTATAAATTTAAGCAGCAAGCTCTGCTATGTGAGGCGCTCACCCACCGTTCCTTTTCTCAAACTCAACGCCAGGCGGGGAGTCCCCACAATGAACGGTTAGAATTTTTAGGGGATGCGGTGTTGGGATTGGTTGTCAGCGAAAGTCTTGCGGCGATGTTCCCGGATTCTACAGAGGGCAAACTCTCCAAGATTAAAGCGGGGTTAATTAGCCGATCCACTCTTTCGAAAGCAGCGAGTCGTCTCCAGTTGGGGCAGTGGTTACGATTGGGTCGGGGGGAGGAAGCGACCAAGGGCCGAGAAAAAATATCACTGTTAGCCAATGCCCTTGAAGCGATCATTGGGGCGGTGTATCTTGATGGGGGGTTGGATGCCGCGAGAGCCTTTATTCAAAAAGTTTTGACCGCGGAATTTTTTTCATTACACAACAGTCCGGTATCTTCAGTGGGGTGGGATGGGAAAAGCCGTCTGCAAGAATGGACGCATAAACAATTTGGAGCAAGTCCCCAGTATCGACTTGTTCGGGAATCCGGCCCGGATCATCAAAAAGTTTTTGCTGTCACGGTGGAAATACAAGGGAAAATCATGGGTCAGGGAGAGGGTCGGACGAAAAAAGAGGCCGAACAAGCTGCGGCAGCGCAAGCGATGGCTCAGGCTGGGCTTGATGTTTCAGACGAGCCAAATTATTCAATCAAGAAATCAACAGATTAGCCATGGAGGAGGAATTATGAGGGGTGTGTTGCAGCCACGGACTTTAGCCAGCGGTCTACGTCAGCTCATGATGGTGATCGGACTGTTCACCATTGTCACTGCCGGTGGTTCTCCTGTCCCAAACAAGGCGGCAGCGGAAGAAGGAGCGAAGGCTGAGACCAAGGCACCTCACGTTCTGATTAAGACGAAATTTGGAGAAATGGAAGCCGTGTTATTCCCGGACTTAGCACCCAAGCAT
NZ_CP116967.1_gap35	1562215	1565877	3662	TCATGTCTACCGGGAAATTATGTCGGCCTCCCTTTCTCTCGAGGGAACTCAAACGGTCGCGTATCTAGGGCCACCTGCCACGTTTACGCATCTGGCTGCCATGCGGAAGTTCGGGGGATCGGCCGACTATGTGTCGGTCAATAGCATTAAGGATGTGTTTGATGAAGTGGAACGGGGACGTATGCGGTTTGGCGTGGTTCCCATAGAAAATTCAACGGAAGGGGTGGTCAACCATACGTTAGATTTGTTCGTGGACTCACCCTTGTTGATTTATGGTGAAGTGATGCTGGAAGTGTCTCATCACTTTCTTTCGAAAGCGGAAAAATTAGAAGAAGTTAAGACGGTCTATTCTCATCCGCATGCCCTTGCCCAATGCCGAAACTGGCTGGAAACCAATTTGCCTTCTGTGAATTTTGCGGAAGAGCCCAGTACGGCTCGGGCTGCTGAGCGGTGCGTGAGTGATTCAACAGCAGGGGCCATTGCCTCCGAATTAGCTGCCCAGCTGTATGGGTTGAATATTCTGCGATCACGAATTGAAGATAACATTAATAATTTCACCAGGTTTCTCATTTTATCCCAAAAGGGAGCTGAACCAACCGGTCGTGATAAAACCTCGATCATTGTCTCAGCAAAGGACCGGGTTGGAGCTTTGTATGACCTGATCCGCCCGTTTTCATCGCACGGCATTAGTATGACCAAAATTGAATCACGGCCTACCCGACGAAAAGTCTGGGAATATTTGTTTTATATGGATTTGGAGGGACATCAGGACGATGATCGCCTGAAGAAAGCCCTGGAGGAAGTCAGGTCTCGTTGTTTGATGATGAAGGTTCTGGGTTCGTATTCTTCTCATCAGTAGAGTCTGGCCCAACCTGTAGCCCTTGAATGGTGGGAATCCGGAAGGGGCTGGCGAAAAGGATCGTCTCAAGTAGATATAGAATTTTTCTAATTTTTTCCGCATGTGTACAAAAGAAAGAATGTAAGCCCATGCCATTGCGTGTTCATCCCACAATCGCCTCGTTAACCCCATATTCTCCAGGGAAACCTTTGGACGAATTGGAGCGGGAACTAGGAATAACTCAGGCAATTAAACTGGCCTCAAATGAAAATCCTTGGGGTCCTTCGCCGAATGCGCTACAGGTTTTAGCGGGTGCAGCCGCGTCGCTACACCGGTATCCGGATGGCGGGGCTCACTACCTTCGGCAAGCGTTAGCCGAGCGGTGGAAGGTTTCCGATGATCAGGTTCTGGTGGGCAATGGGTCAGATGAAATCATTAGTCTCTTAGTTCGCGCGTTTCTCTCTCCTGGTGATGAAGCGGTAATGGCCGATCTGACGTTTGTCATGTACAGGCTCTCTGTGTTGGGAGGGCATGGTGTGCCGGTAGAAGTGCCCTTGAAAAATTGGGTCCATGATATAGCGGCCATGGTTGACGCGGTCACCGACCGCACGCGGCTCTTTTTTCTCTGCAATCCGAATAATCCTACGGGCACCATGCTGACGGCACGGGAGATCGATGGCTTTCTCTCCCGACTTCCCGATCATGTGGTCGTCGTATTTGATGAGGCGTATTATGAATACGTGCGACATCCCGATTTTCCTGACAGCTTGCAATATGTTCGTGACGGGCGGCCGGTTGTGGTACTACGGACATTTTCAAAAATATATGGATTGGCAGGGTTGCGAGTGGGTTATGGGTGTACGACCAAAGAAATCGCCGGATATGTGAATCGTGTTCGTCCCCCTTTCAACGTGAATAGCTTGGCTCAAGAAGCCGCACGAGCAGCCCTTTCGGATGACGATCATGTGGCCAAAAGCCGGGCTATGAATGAAGCCGAAATGACGTTTCTGCAAGAGAGGCTGATCACCATGGGCTTAGAGCCCGTTCCCAGTCAAGCCAACTTTTTGTATTTCAATGTAGGGATTGATGGAAGACGTGCGTTTGATGCCTTGCTTCGGGAAGGCGTCATTGTTCGGCATATCCGTGGGCCAATGCTCCGAGTGACGATTGGGCAACCGACCGAAAATCGGCGCTTTCTTGAATCGTTAACTCGAGTGCTCTCCACTCTGTCCTAGCGCAAGGATTCTGATTCATTTAATGGTTATCGTCTTAAAACCCGAAGCCACAGAGCAGAATGTTGATCACTTAATTGATCGTCTTCGTTCGTTAGGGATGGTCACTCAAATCACGAAGGGGAAAGAACGGACCATTGTAGCAGTGCTTGGCGATGACCGGGTGCTGCAAGGACAACCCTTGAGCGTGTTTCCCGGTGTGGAAAGTGTGACTCCGATTCTAGCTCCCTGGAAGTTAGTGAGCCGTGAATTTCAAAAACACGATTCCGTCATCGACGTGGCCGGCGTGAAAGTTGGGGGAAGTCGGATCGTGATTATGGCCGGTCCTTGCGCAGTGGAGAAATTAGAAATTACGGTGGGCATTGCCCAAGAAGTGGCTAGAGCCGGTGCCACCATTTTGCGTGGCGGCGCGTATAAGCCTCGTACATCGCCCTATTCCTTTCAGGGGTTGGGACAGGAAGGATTGGAGTTTTTGGCTGAGGCCAGGAGACAAACAGGCCTTCCGGTAGTAAGTGAAATTTTGGATGCTCGTGATCTCGGACATTTTTTGGAAAAAGCGGATGTGATCCAAGTTGGCGCCCGCAATATGCAAAATTTTGAACTGTTAAAAGAGGTTGGGGCCTATGACAAACCCGTTTTATTGAAACGTGGGCTGTCGGCCACGATTAAAGAGTTACTCTTATCCGCGGAATATATTATGTCCCGTGGCAATCGGAATGTCATGCTGTGTGAAAGGGGAATTCGCACCTTTGAGCCTCAGTATCGCAATACGCTCGACTTAAGTGCGGTGCCCACCCTGAAAGAAATGACGCATTTGCCTGTTATTGTTGATCCAAGCCACGCAACCGGGAATTGGAAGCTTGTGGCCCCTTTGGCCAAAGCCGCAATTGCGGCTGGAGCTGACGGCTTGTTGATTGAAGTCCATTCTAATCCTGAATGTGCCTTGTGCGACGGAGAGGAATCGCTGAAGCCCAGCCGGTTTACCCAACTCATGAATGATTTACAAAAGGTGGCGCAGGCTGTCGGCCGGGAACTTTGATTGTTCTCTAGTGATTCCGACACTTTTGCCTTGCATCATGTCGACCTCCCATTCAGAACCGTTGTTCCGGCACGTGTCCATTATCGGGATAGGCCTGCTTGGAGGCTCTCTCGGCCTTGCACTGAAGGAACAGGGCTTAGCCAAAACGGTCGTCGGGGTCGGTCGTCGACAAGAAAATCTCGAACTAGCCGTGCGAATGGGTGCCATTGATCAATTTGTCCTGGAGCCACATCGGGCGGTGAGCCGATCGGATCTAATTGTCCTGGCCACTCCTGTAGAGACTTACCTCTCCCAAATTGACCTGTGGGGAAAAGAGCTGGCCCCGTCGGCTATCGTGAGTGATGTGGGGAGCGTGAAGGGCCAACTGGTCTCAAAAATTGAAGCCCGGTTGCCTCCTTCGACATTTTTTATCGGCGCCCATCCGATTGCCGGAAAAGAAAAATCGGGGGTGGCGCACGCCGATTCGCATTTGTTTCAAGGCGCTCGATGTATTCTGACTCCGACTCCCCATACGAATGCCCAGGCTCTGGAAAGGGTTCGTCATCTTTGGGAT
NZ_CP116967.1_gap36	1590985	1594955	3970	TGTATGGAGGAAAGATAAAAGTCCCGGATGGAGGAAAGGTCGAAGTAGGACAGAAGTTTGTGGAGTGGGATCCGTATTCACTCACCATCTTGACTGAAGTAGGGGGGAAGGTGGCTTTCGGTGATATTGCCGAAGGAGTCACCATGAAAGAAGAGGTTGATGAAGTCACTGGTTTATCGCGCCGGGTCGTCATCGAGCAGGCAGGGACTAATTTACGTCCGCGGTTGTCCGTTAAGGACGAGTCAGGAAAAACCGCAAAGCTTTCCTCTGGATCCCCCGCGCGATACCTCCTGCCAGTAGGAGCTCATATTTTTGTGGAAAAAGGATCGACTGTATATCCAGGAGATGTGCTGGCGAAAATACCTAGAGAAACGACTAAGACAAAAGATATTACGGGAGGTTTGCCTCGGGTAGCTGAATTGTTTGAGGCGAGAAAGCCTAAGGAGCATGCGGTTGTCACCGAAATTGATGGAGAGGTGTCTTTTGGTGGTTTTGTGAAAGGCTTACGAAAGGTCGTCGTGGATAACAAGATTGGTGATGTAAAGGAATATTTTATCCCTCGTGGCCGACACGTAAATGTTCATGAAGGTGATTGGGTAAGAGCTGGTGAACCATTAATGGATGGGTCCGCTAATCCACATGATATTTTAAGCGTCTTGGGGCCAAGGGAATTGCAAAAGTATTTGGTTGATGAGGTGCAAGAGGTTTACCGCCTTCAGGGAGTTGTGATTAACGATAAACACATTGAGGTCATCACCCGCCAAATGCTTAAAAAGGTGAGAATTGAAGATGCTGGCGATAGTGCGTTCTTGCCTGGCACTCAGGTCAATAAATCTGTGTTTGATGATGAGAATGAAAGGGTCATTTCCGAGGGCGGGCAGCCGGCGCTAGGTAAGCCTGTCTTATTGGGAATCACAAAGGCCTCGCTGAGTACTGACAGCTTTATTTCCGGGGCCTCCTTCCAGGAAACAACCAGAGTTCTTACGGAGGCGGCTATTAATGGACGAACGGATGATTTGCGTGGCTTAAAAGAGAATGTGATAGTCGGAAGGTTGATTCCGGCTGGAACAGGTTGGGGGGAGTATCGCGAAACTTTTGTGCCGAAGCGGACGGAGGAAGATGTAGTTCTGACTTCCGAGGATCAGTCAAGTTTAAATAAAGTTCATTCGTCAAGTGAAAAATAATGCTAAATGGGATGTTTAAGATGAAGTGGCATCTTGACATAACGGAAATGAATCTATAAGATCACCCGGTTCGCCCCAATTAATTTTCGAATTCTTAAATTTAATAAAAAGAAATTGAAATTGGAAATGATATGCCTACAGTCAACCAATTAATTCGTGTCGGCCGTAAAGCCATTAAGGCCAAAAGCAAGAGTTCGGCTTTAAATCAGTGTCCTCAGCGAAGGGGGGTCTGTCTTCGTGTATATACTACGACTCCTAAGAAGCCAAACTCGGCATTGAGGAAAGTAGCTAGGGTTCGATTGACGACGGGTCTTGAGGTAACTGCTTACATACCAGGTATGGGTCATAACCTTCAGGAGCATTCAATTGTTCTGGTGCGTGGTGGTAGGGTGAAGGATCTTCCTGGTGTCAGATATCATATGATTCGTGGGGCATTGGATGCCGTTGGTGTTGCTAACAGGAAGCAGGGGCGATCAAAGTATGGTGCAAAGCGCCCCAAGTAGTAGGTCCCGCGCTTTTACCTTCGCTTATTTAATTTAAAATTCGTTAATTCTTTAGGGGAAAAAATGCCACGTAGGCCACTCGTTCTTCGTCAAAAGGTTGTTCAGGATGCCAGGTATAAGGATCAAGTTGTTGGCAGGTTTTTGAATATTCTTCTACAGGACGGAAAAAAGAGTACGGCTGAGCGGGTTTGTTACGGGGCATTTGACATTGTCAGGGATAAGACTGGGGATGAGCCGCTTAAGGTCTTCCATGCTGCATTGGGAAACGTCAAGCCAATGGTGGAAGTGAAGTCAAGAAGGGTCGGAGGAGCGTCTTACCAGGTGCCTGTAGAAATTCGTCCTGTGCGCCAGGTGGCTTTGGCCTTGAGGTGGATTAAGCAAAGTGCGTTGGCTCGAAGTGGTAAGAGTATGAGGGAGAAATTGGCGGCGGAATTAATGGATGCTGCTAATAATAACGGTTCTGCGGTAAAGAAGAGGGATGAGACGCACCGGATGGCTGAAGCCAATAGAGCTTTCGCTCATTACCGGTGGTAGGGGTGGAATATTGGTGCTGCGTGGGGAGCTTGTCATTCCCTAAATGGAGATGCTTTTTCTCTGTTTATCGATAATGAGCTTTGCCCTTGCTGGCATCGTTGTGTGAGGAATTTGTGTCAACAGACTTCATTTTAAGTCGGACTCGGAATATCGGCATTATGGCCCATATTGATGCCGGCAAGACTACGACCACCGAACGTGTCCTTTATTATACGGGGGTTTCGCATAAAATTGGTGAGGTCCATGAGGGCGCGGCGACCATGGATTGGATGGAGCAGGAGCGGGAGCGAGGGATCACGATTACTTCCGCCGCCACAACCTGCTTCTGGAAGGATAATCGGATTAACATAATCGATACTCCGGGTCATGTTGATTTTACTATTGAGGTAGAGCGGTCGCTTCGAGTGCTTGATGGAGCCATAGCTGTATTCGATTCGGTTCAGGGAGTGGAGCCCCAATCGGAGACGGTATGGCGCCAGGCAGACAAGTACCAAGTTCCACGAATCGTGTTTATGAATAAAATGGATCGAGTGGGCGCTGATTTTTTTGCAAGCGTTCAGTCTTTGATTGACCGGCTTGGGGCCAAGCCGATTCCCGTGCAATTGCCATTAGGAAAAGAGGATGGTTTGCGAGGGGTAATTGACCTTTTGCTTATGAAAGCGCTGGTTTTTGATGATGAAACTCTTGGTGCAGCTTATTCTGTCCAGGAAATTCCCGATGACTATTTAGAGTTGGCAAAAGAGTATCGCGAGAAATTGTTGGATTCAGTTGTTGAGTTCGATGAAGTGGTGATGGAGCGCTATTTGGCCGGGGAGATTCTGGCTGTAGATGAGGTAAAGCGGGCAATACGGGCAGGGACGATAGGATTAAAGATTAATCCAGTTTTTTGTGGATCGGCATTTAAGAATAAAGGGGTTCAGCCGTTGCTTGATGGTGTGGTTGATTATCTCCCTTCTCCTGTAGACCTTCCTCCCGTTGTTGGTGTTGATCCTCATTCCGAAGGGGAGATAACCAGAAAGCCTGAAGATAGCGAGCCATTTGCTGCTTTGGCTTTCAAGATAATGTCTGATCCTTTTTCAGGTCAATTGACGTATTTTAGGGTGTATTCGGGGAAATTATCCGCCGGATCCTACGTGTATAACGTCGCAAAGGGGAAAAAAGAGCGAATAGGGCGTCTATTGAAAATGCATGCCAATAAACGAGAAGAGATTGATGAGGTTTCTGCTGGTGATATTGCGGCAGCCGTAGGTCTCAAAGATACTCGAACTGGTGACACTCTATGTGATGAGAAACATCAAATTTTGTTGGAAGTAATAAAATTTCCTGAGCCCGTTATTTCTTTGGCTGTTGAGCCAAAGACCAAGCAAGACATGGATAAGTTGGGGTATTCCTTGGAAAAGCTTGCTCAGGAGGATCCTTCCTTTCAGGTGAAATCAGATGATGAGACGGGGCAAACGATCATTTCTGGTATGGGGGAATTGCATCTTGAGATCATTGTTGATCGTCTTCTTCGTGAATTTAAAGTTCAGGCAAATGTCGGGAAGCCTCAGGTAGCTTATCGGGAAACCATCAAGGGAAAAGCGGAAGCTGAGGGGAAGTATGTGAAGCAGACAGGTGGTCGTGGTCAGTACGGCCATGTGTGGCTGAGGGTGGAGCCGGCAGAGTCTGGCGTCGGTTTGGAGTTCGTAAATAAAATTGTTGGTGGAACGGTACCCAGGGAATATATTGCTCCAGTGGAAAAGGGAGTCC
NZ_CP116967.1_gap37	1598907	1603097	4190	GATCGGCTAGAATTGCACTTTTGCATTATGTGGATGGGGAAAAACGTTATATCTTGGCACCTTTGGGTTTGAAGGTCGGGGATTCAGTTCAGGCTGGTACCGGGGTAGACGTGAGAGTGGGAAATGCTTTGCCCCTTATGGAAATGCCTCTTGGTATAGTGGTGCACAATGTAGAGTTAAAGCCTGGTAAGGGTGCCCAATTAGTTCGGAGTGCAGGGGCTTCAGCTCAGGTGATGGGCCGGGATGAGGGTTATGTTCAGATTCGGTTAACGTCTGGTGAAATGAGAAAAATACTCGGAACGTGTATGGCCACGATCGGTCAGGTCGGGAATGCTGACCATAATAACGTTACTATTGGGAAAGCTGGTAGGTCTCGATGGTTAGGGCGTAAACCGCATCAACGGGGAGTCGTGATGAATCCGGTTGACCATCCCCATGGCGGTGGTGAGGGAAAGTCCGGCCAAGGTAATCCGCATCCTGTTTCACCATGGGGTCAGCCGACAAAGGGGTTTAAAACAAGAAAGCCGCGAAACCAAAGCTCGCGTTTTATCATTGCAGGTAGAAAGAAAAAGTCCCGTTAATTTAAGGGGGAACCGATGCCAAGGTCAGTCCATAAAGGTCCATTTGTCGATGACCATATTGCCAAAAAAGTTGAAAAGGCCAGGGAGGGAAGAGAGTCCAAGGTAATAAAAACTTGGTCCAGACGGTCGACAATTATTCCAGATATGATCGGTTTGACTTTCGCTGTCCATAACGGAAAGAAATTTATCCCGGTTTTTATTACCGACAATATGGTGGGTCATAAATTGGGTGAATTCGCTCCAACGAGATTTTTTAAGGGACATGGTCATGCTAGGAGTGAAAAGGCCGTTGCGTTAAAATAAAAATTTTACTGTTTTAATATGTCATAGGTATTTGAGCAAGGTAGAAAAAATATGGCGGAAGCTAAAGCAATTCTTCGACATGTAAGATTGGCCCCACGTAAGGCAAGGTTGATTGTTGATATGGTTAGGGGGAGGAATGCGGCTGAAGCATTAGCCATATTGAAATATACCCCAAGGTCAGCGGCCAGGGTGGTTGAGCAATTACTCTTTTCTGCAGTATCTAACGCCGGTCAGAAGGATTTGGGTGACCCTGAAAATCTTAGAATCGCCAGAGCGTATGTGGATGGAGGTCCAATTTATAAGCGCTTTCGCCCTCGATCAATGGGAAGGGCTAACCCTATTCATAAGAGAACGAGTCATATAACAATCGTTGTGAGTCCGGCTGGGTAGTGGTGCCTATTTTTCAAAATTTGGGAGTGAAGGGGGAGAAAGAATAGATGGGTCAAAAGACGCACCCGTATGGTTTCAGATTGGGTTATACCAGAACATGGCATTCCCGATGGTATGCAAAAAAGGACTTTGCGAAGTTGCTTCACCAAGATTTGTCCATAAGGGACGTGGTTAAAAAACGCTTATATCATGCTGGCATATCCAGCGTGGAAATAGAGCGATCTGGTAACCAACTTAAATTGATCATTCATACTGCTCGTCCCGGAATTATCATAGGGAGGAAGGGCGCTGAAGTTGATAAATTGAAAGCCACGCTTGAAAAAGAGTATGGCAATGAAGTTTTTGTAACGGTGAAAGAAATTAAGAAGCCGGAGTTGGATGCTCAGCTGGTTGCAGAAAATATTGCCACCCAATTGGAAAAGCGTGTCTCATTCCGTCGTGCATTGAAGCGAAGCGTTGCTTCTGCTCTGAGACTTGGAGCTTTGGGGATTAAGGTGTATTGCGCTGGTCGGCTGGGAGGACATGAAATTGCCAGAACTGAGTGGTATCGAGAGGGTCGAGTTCCCCTTCATACTCTTAGGGCGGATGTTGAATATGGATTTGCCGAGGCCAAAACTGCCATGGGGCAGATTGGGGTTAAGGCTTGGATTTTTAAAGGTGATGCTCAAATTCCTTCTTTGGAAAAGTCGGAGCCTTCATTAGGTTTTTTATAAAAGATGCTATTGATCTAAGCGATTGGAGTATTTGAAAGATGTTAGCTCCGAAAAGAGTTAAATTCAGAAAGGTTCAAAAGGGCCGGATGCGTGGAAAGGCCTACCGGGGTGGGGAAATAGCCTACGGAGTATTCGGTCTTAAAGCCATGGAGCCAGGAAGAATTACGGCCAGGCAAATCGAAGCTGCTCGTATCGCAATGACCAGACATGTCAAGAGGGGTGGTAGGATTTGGACCAGAATTTTCCCTGATAAGCCTATTACCAAGAAACCTGCGGAAGTCCGAATGGGAAAAGGAAAAGGAAACCCTGAATATTGGGTTGCACCCGTAAAGTCAGGAAGGATTTTGTTTGAAATGGATGATGTTACGCAAACCATTGCAGAAGAGGCATTGCGTTTGGCAGGGCATAAATTACCGGTGGCCACAAAATTTGTTGTTCGTGGAGAAATACCGGTTTTGTAAGTATTGGATATGGAAATGGACGAAATAAAAAATTTAGAAAAAAGTGAATTGTTTGAAAAAATAAATAAATTGAAGCAGGAATTGTTTCATTTTAGGAGTCAATTGGCATTAGGACGCATGGAAAATCCAATGCGAATACGTGAGACAAGAAAAGATATAGCCAGGGTTAAAACTGTTCTCCGCCAAAAGGCTAATTAGTCAACCAAGACTTTGAAAGAAAGTTATTTAATTATGACACAGAACAGGGCTTTGCCCCGATCACTTACGGGAAAAGTAGTTAGTAATAAAATGCAAAAAACCGTTGTGGTTGAAGTTATTCGCATTGAGCGTCATTCTTTGTATGGGAAAGTTTTGAGAAGAAAGACAAAGTTAAAGGCTCATGATGAAGTGGATCAATGTCAGATCGGAGATCAGGTTCATATTGTTTATGCGCGACCTTTAAGCAAAACCAAGCACTGGCGAGTCTCTGAGGTTTTAAATAAACGAGTGGCTTCCTAGAATTCTGGATTAGGTGTTTTAAATATTTCTTCGGTTATTAAGTAATAGAGATACCTACATGATACAAAATTATACTTATCTTGATGTGGCCGATAATTCAGGCGCAAAAAATGTGATGTGTTTTCATGTGCTGGGTGGAACGAAGCGCCGGTACGGATCTTTAGGGGACATCATTGTAGTGGCCGTCAAAGAGGCAATCCCAAAGGCATCGGTAAAAAAAGGTGACGTCATGAAGGCCGTCATTGTTCGAACTAAGAAAGGCCGTCGAAGAGAAGATGGTTCTCATATTAAATTTGACCGGAATGCTTGTGTATTAGTTAATGCTCAGGGTGATCCGGTTGGGACTCGTATTTTTGGACCCGTTGCAAGAGAATTGAGAAAGAAAAAGTATATGAAAATTATATCTCTGGCTCCAGAAGTCATTTAGGGTGAGTTATTATGGCTGAAAAATTTAGGATAAAAAAAGGCGATATGGTTATGGTTATCGCTGGCAAGGAGCGTGGTAAGACGGGGAAAGTTCTCCAGGTTCAAACAAAAGATGCCAGGGTCACAGTTGAAAAGCTTAATATAATAAAGCGGCATACAAAGCCAAACGCCAAAAATAAGCAGGGGGGAATCCTTGAGCGTGAGGGTTTTATGGCGATTTCCAATGTTATGGCATTTTGTGAATCTGTTAAGAAACCTTCAAGAATTAAAATGAAAACTTTTGATGATGGACGGAAAGTCCGTGTTTATCAAAAAGCTCCAACTGAAGTTTTGGATAAAAGCTGATGAAATCAAAATCTGTAACCAAACAAGCAGTCAAAGCAAAAGAGAAGGCGGTCGGCTCCTCCGCGGTTAAACCGAAGGATTATATTCCACGGATTAAGGCGATGTACCATGAAAAGGTTATTCCTGCCATGATGAAGGAATTTGGGTATAAAAACCCAATGCAGGTACCTCGAGTGGAGAGGATTGTCTTAAATATTGGTATGGGGGAAGCCGTTCAAAACGTAAAATTATTGGAAAGTGCCGCGGCTGAACTCGAACAAATAACGGGACAAAAGCCTGTATTGACTCGGTCAAAAAAAGCCATCGCTGGATTTAAGTTGCGTGAAGGAATCCCGATCGGGGCGAAGGTCACCTTACGGGGCGCAAGGATGCATGAGTTTTTTGACCGGTTGGTGTCGGTAGCCTTACCTAGAATTCGTGATTTCCGTGGTATTTCCCCAAAAGCTTTCGATGGACGAGGGAACTATACGCTC
NZ_CP116967.1_gap38	1681505	1682306	801	GAATCGGTGATGCCGAGCGCGAAAAACAGGAAGCCTCTATTGCGCAACAACGCCGTTCCCAAGTCGGGACAGGGGAGCGGAGTGAAAAAATCCGCACGTATAATTTTCCCCAAAATCGCGTGACCGACCATCGGATCGGGCTGACGTTGCACAAATTGGATCGAGTGATGGAAGGCGATCTTGACGGGTTAATTGCGGGCCTCAAAGCCCAATGATGTCTTTCGTGTAGCGCCAGTCCGTCTTCTTTCAACGGTTCAACGCGTATGTGCTTTTTGAGGCTCAGATGCCCCCCTTCACTTCCTATTCACAGTTATATCGTGGTGCGGTTGAGACGCTGATTCACGCCGGGATTGCCAACGCCCGCCATGAGGCGCTGTGGATTCTTGAGGATGCCCTTGGTATTACGCGATTGCAACTGCATGCCAATCCAGACACTCCCGTTGATGCGGAAGTCTGTCAGCGGGCTGTGGCCTTGTTTCAGCGCCGTGCCTTACATGAACCACTTCAATATGTATTAGGGAATCAAGACTTTTTTGGTTTGGATTTTCTCGTTCAATCTGGTGTGCTCATTCCAAGACCTGAGACCGAATTACTGGTGGAAGAGGCAATTGGACTGCTAAGGGCTGACGTGCGTCCGGTAATTCTGGATGTCGGAACGGGTTCTGGATGTCTGGCGATCAGTCTGGCGGTCAACCTTCCTGCAGCGGTAATTATCGCCTCAGATAAGTCAGTCTCCGCGCTACGTCTTGCGCAGGCCAATGCCATGCGCCATGGAGTTGCGCAACGAATTTTATGGGTGGC
NZ_CP116967.1_gap39	1761486	1764766	3280	CTGGGGGTTTCACCAACAGTCTTTTGAACTTTTCCTGGAACATTGGTCGTGGTCAAACTTTGCCGGGAATTGATATCACGCCTGCTCCATGTCCATCGGGCTGTCAGTTCGATCTCACCGACCCGACATCTGGATTCTAATTTAAATTTCAGCCTTGACTCGGGTACTATCTACACGATAGGCGCACAAAAAATAATCCTTACGGAACTAAGAGGAAGAGAATAGGCCGTTCTGTTTCTGGGGAATCCAGACCTGGTTCCAACTCTATAGGGCTCAGCGCTTGGTAGCAAAACGCGTTGGACAGCGATACCTGCTGGTTCGTTGCCAGGACCAGTTCGCTGCCAATTCCTGGACCTGATACGGCGTGGTTAATGCTCACGGGACTTTTTGGCTTAGAAACCTATGTCTCCCGGAGCCGCTCTATCCGTTGCCTTTTTAAGAAAACAGTGTAAGAGGTCTGCATTATTTAAAAGCTTTAACTGGTTCCGGGACTTTTATCTTTAAAAGAAGTGGAGAATGCCTTCATTTTTAGGATCCGCTTTTTTGCAGAAGTCGTTCGCTTCGTTTGAGTAAGAATCCTTCATTCGGCTCTGTCGGGTTTGCCATCTAAAGTGCCTCAGATCATAATGCGACTTTTTAAACGTGTGCGACTCACCCATTTCGACAAAGGAGGATTCATGATGAATCTGAAATTTCCTGCAAGGGATCGGCGTGTTCCATTAATGATGGGTCTGGCGATGGTGAGCATGCTGACCTTAATCCTTGGATGTCAGCAGCAGCACAGAGTCGATTCGGTTGTCATTAAACCCAATACCTGCCCGCTTCCGGAAGACTTGTCGACAGACGATCAACATAAAGTCAAGAAATTTGGTGCGGAAATATCAGGTCTCATGACTAGCTTGGCTGGAGGCAAGCTGGATGCCGATGTACAAAGCGCCCTCAAAAGAAATTATCCGGACGCCGGAGATGTCAATCGTATTTATGCCATGAGTTATGCCGCTTGTGTCTCTTGCCGAGTGGATCCGAATGATGTGAAGGGATGTGCCCAACGGTTCGATGACATTATTGATAAATTTACCCCGCAGGAAACCGCTCCGAGCCATCCGGCGAAGGGGTATCGTTCCAAGCTCCTGGAGCCTCTGCGAGGCGCGAAGTAGTTTTTCTCCATAAGGACATGGTTCTGCGGAGCCTTCGGATTGATGTTATGACAGCGTCATTTCCCCCTCCCTTATTTCCTCTCAGCCATTTGCGCCCAGTGGGATTACGCCCAATGGGATTTAGATGTATTCAGTCCTTCTTGGTCAGGCGAAGGGTTCTGACTTCATAAGCTTTTTGGTTTAACCATTTATGCCAAGTCATTCCTCGCTCTCTGAGATTCCCATTCAGTTTGCCAAAGGGGTGGGGCCTCGGAGAGCCCGCCTGCTGGAAAAATTAGACGTGCAAACATTAGAGGATGCCTTCTGGTTTTTACCCTGGCGATATGAAAACCGATTGGAAGTGTTGCCCATCGGGAACCTTCTTCCAGGCATGAAGGCCACAATTAAAGGCAGAGTGCAGAAAGTGTGGGTGAAAACCACGTATCGAAGGCGTCTGGTCGTGGTCACAGTGACGGTGAGGGATGAGACGGGTCTTATCGAATGCGTGTTTTTTAACCAGCCCTATTTGGAGAAAACCTTTGCACCTGGCGTATCTCTGTTATTGACCGGTCCGGTCTTGTCCAATTCTTCTGCTAGTTCCCCGATGACCATGCGCGGGCCGGAATATGAATTGTTGGATGAGGACGAATTGCCGGACATGTGTGGGGGCCGGATTGTTCCCGTCTATCATGAGACAAATGGGTTGAGCTCCAAGCAGATTCGACGAATTATTCGATCAATTTTTGACCATTATGCCCATCAGTTACAAGAGATGTTGCCCTTAACGATGCGAACACAACTCGGAGTGCCAACCCTTTCAGAGGCATTACCCGTCTTACACTTTCCCAATCAGGAGCGTTCGGTGGAGGCATTGAATGCCTACGCGACACCAGAACACCAACGCCTGGCATTTGAAGAATTGTTTCTCCTGCAATTGGCACTCGCCATGCGGCGTCGAGGGCAGACTCAGGACCTTGAAGGTATCCCATTCGCTGTTCGCAACCCGTTGGTTAAACAGCTGAAAACCGTGTTGCCCTTTTCGCTTACTTCGGCGCAAGAACGTGTGATCAAGGAAATTAGCCATGACATGGGACGGCCAACCAGTATGAACCGCTTGCTGCAAGGAGATGTCGGGTGTGGGAAGACCGTGGTGGCTCTTCATGCCATCGTGATGGCCTGTGGGTCCGGATATCAAGCTGCCCTGATGGCCCCAACAGAAGTGTTGAGCGAACAGCATTATCTGTCATTGCTTCCCCTATTTGATGCTCTGGGTGTACGGAGCATTTTGTTGAAGGGCGGGCAGACAGGACGCGAGCGCGGGAAGATACTTGCCGGAATGCAGTCAGGTCAGGTGCAGGTGGTGGTGGGTACACACGCCTTGTTACAGCCGGATGTGCACTTTGCCAAGCTTGGGTTGGTAATTGTTGGATGAGCAACACAAATTCGGTGTGCTGCAGCGCGCCCAGCTTCGTGGGAAAGCGCCATGGCATCCCGATGTGTTGGTGATGACCGCCACGCCTATCCCCAGGACCCTGGCGATGACGCTGTATGGGGATTTGGATGTGTCGGTGATTGATCAGTTTCCTCCAGGGAAAAAACCCGTAAAGACGATGTTGTTCCCCACCGGTCAACGGAAAGACGCGCATCGTTTGATGCGAAAAGAATTGGAAGCGGGGCGGCAGGCTTATGTGGTGTATCCGCTCGTTGAACCATCAGAAAAAATTGATTTACAGGCAGCCATTGAGGCTGCCGAGCAATTACGGGAAGAATGTGCTCCATTTCGAATCGGTTTGCTGCATGGCCGATTGCCATCCCGCGAAAAACAAGTGATTATGGCCAAGTTTAAAAAGAAAGAGATTGATGTGTTGGTGGCCACCACTGTTGTCGAGGTCGGGTTGGATGTTCACAATGCCACGGTCATGCTCATTGAACATGCGGAACGGTTTGGATTGGCGCAATTGCATCAATTGCGGGGCCGGGTAGGGCGAGGTCTTTCTCAAGGCTATTGTATGCTGATTCATGGCCTTGGGAAAATTCCTCCCTATTCCCCTCAAATACCCTTGAAGCTTGAGTCCAGTCGAATGTCGCTCGATGAGATCGGCAGGCGTTCCCAGGGGGAAGCGTTTTCCCCTTCTACAGCGAGG
NZ_CP116967.1_gap40	1839281	1844074	4793	GTCTCGTGCCTCCTATTCTCTTCACCAGCGGTGAGGTGTATGACGGCTGGGGGAGGAATATCGAATGGGACAGCCAGGGGCAGTTTATCTATGCGATCATGGAATACTATCGTTTTACGGGTGACAGAGACTTCCTGGAAAAGCATTTTGATGCTGTTCATCGGGCGATGAAGTACATTGTCACGTTGCGGGAGCGTACGCTTGATCCGAAACATTATGCCCATCTCGAGGCAGGAGAGCGGCTGAAGGGCATCCTGCCTCCGTCTATCAGTCATGAAGGGTTCATTACCCCGATGCACAGTTATTGGGATGATTTCTGGGCCATTCGCGGTTGGGCGGACGGGATTGAAATGGCGGAAATCCTAGGCCGGAATTTTTTGGCCGACTGGGCGAGGACGGAGTCGAAAAAATTCACCACAAGCGTCAGGGAGTCCATTGCAAAAACCATCGCCTGGAAGTCGCTGGACTATATCCCTGTGGATGCGGACAAAGGCACTCCAGATCCGACCTCTATTGCTATAGCCATGTTTCCCACGGAAGCCTGGCACGTTCTGCCCGCGGATATTCTGGACCGGACGTTCCGGAGCTATGACCGGATGGTGAAAAAACGGGATGCCGGTTCGACCCCCTATTCCTATACGCCTTACGAGGTGCGGAATATTCTGGCTCTCGCGACCCTGGGGTATCGCAAGGAAGCTTTCGACCTGCATGAAATTTTGTTCAAGGGCAGGCGTCCGGCCAATTGGAATGAGTTTGCCGAAGTTGTGCTGTCCGACAGTCGCAAGGGTGTGTATATTGGTGATATGCCACATACGTGGGTCGGGGCAGGATATGTGAATTCTGTCCGGGGCCTCATTGTGATGGAAGAGGACAAAAGTAAAACGTTGAACCTGCTGTTTGGTACCCCACGGGAATGGCTTGTGGGCGATGGCATTGCCCTTTCGAATTTTCCCACGCATTTCGGAAACCTGACGATGCAGGCGAAATGGGATGACAACGACCAGAGACTGACTCTGGATGTGGATATGCCAAAATTCACGGACAGAACCATTTATGTTCGCTGGCCAATCCACAAGAAGGGTAAGCCTAAGCAGGTTGTCGTTGAGGGCGATGACAGCTCCCGTGTGGATGATCACGGTATCTGGTTGTCAGGCAATACGTTCACGCTGATGGCCAAATGGTAAATTGTGGTTTTGGTGTAAGGAGTCAAGGGTAAGGCGTGAGGCGTAAGGGATGGGATAAAAGGCTGTAGATTATGCCCCCTGTCATGAAGGTATTTTCCTGACTTTTGGCGGAGGTTTGTCATGGCTCAGGACCTGCTTTTTCAGGACTCTCCTTTGTAGTTTGTCGTTCACCAGCCATCGGGGTCCATGTTCCTGGTCGTATAAGAATATATTAAATTGTGGAAGAATCCTGCCGCCGCATGACAATGGAAAATGAAAATTGTGGGAGCCCGGTGGGTGTGGGTCACACCCGTCTGTCAACACCCGGTCAACGTGCACATTCACATTCATAATGAGACGTGAGGAGATCGCTTGATGGTTATGGCTTGGCGTACGTGTAAGACAAAAAATCTGGCGATTATCGGGATGCTGTGTGTGGTGGTGGGCCTGCAAACCATTCATGCTGCGGGAGCCACCACCGTGCGTCACGCCAAGAATATGAGCTTTCCGTCACAGTGTGCGGAAGAGGACAATGTGAATATTCCGATCTATGGCGGTTTTGTGTCCGACTATCAAATCACCGCGTCCTTTCCCACTTATTATCCCCTCCAACGCGGGCAGAAGGATCTCTGTATTGGGGATCTCACCAACTGCGAACAGGCGTGGGATATGCGGCCAACGGCGCAGATCGCTTATTACGATGCGGCGCAACGGACCTTGAAATTTGTCTGGCAGTCGCCCGGCTTCTATTGGTATCCCATTGAAACGCCGGACGCGGACAATGCGAATGTCGGACAATATGTGTCGCTGGCGTACCCGCCGACAGACCGGTATTGGGTGGGCTTAGGTGCACCACCGGCCATGGCCTATTATGACGCGCTCAAACACAATCTCATGTATATTGTCCGGGATGAAAAGGGGCAGTGGCGTCAGCCGGAGATTGTCGATTCCACCGGCGATGTCGGGAAATTCGTCTCGCTGCGTATTAGTCGGGATAGGCGGCATCACGTCGTGTATTACGATGCGGATCATGGGAATTTAAAATATACCTATAAACCCAATCCAGATATGGTGGGCGGATGGGCGACTCCAACGATTCTGGACTCAAACGGCGATGTCGGGAAGCATGCAGTCATGGCGATAGGTCCCACGGGCAGCCTGCATGTGGTGTATTACGATGCGGACACGAAAGATTTAAAATATGTCACCAACGATGACGCGCATGGGTGGTCGGCGCCCGTGGTCCTGGATGCCGCCGGGGATGTGGGTACCTACCCCTCAATGAGCGTGTACTATGAGGGTTGGACAGAGAAAATGAACGGGGCCTATGAAGGGCATTATCCGCATATCACGTATTACGATGCGAGCAACGGACATTTAAAATACATCTATCAGGATGCACGGGGATGGTCGACTCCGGTCGTGTTGGATGCGTCGGGAGATGTCGGGCAATATACGTCCACGGCGTTTGGTCCTGATGGGGCGCTGCATGTGGCATATTATGATGCCACGAATAAGGATTTAAAATACCTGCACAAAGAAGCTGACGCCGAAACATGGCCGGCGGGGATCGTTCTTGATGCGGTGGGAGATGTTGGCCGGTTTGCCTCGCTGGGGGTGACGGCACGAGGCTATCCGAATATTGCCTATTATGATGCAGACAACCAGAGTCTAAAATTTCTCGCAAAGACAAAGGCGACCGCGCCACGGTGGGATACCCCTCAGGTCATTGCATCCGGTGCCGCTGTGCAGTATGCGAGTTTGGTGACTTCGGGTTTTGTGGACATCGCGGATCTCGACGGTAAGGACATCTATAATGACGGCGATGTAGCGGTTCGAGTCATGGATGTGTCCGGGTGGCCTTATGAATCGGGGATGGCCGTCAATATTGTGGGTGGGCAGTCGGAGCCGGACCACGATTTTATCCAGTTCCTTAAACGGACGGATGATGCTCATGCCCCCCCGCAAATATTCGTGCTCTATGCTAATGGATATGCAAGGATTATCACGCAACCCCCGGTGGGACGGGAGGAGCGGGTTTGTTTCGGATCCTCGATGATTATCGGGCCGGCGTCAGAGGACTCCTTGTTTCCGTTCACTCCGATTGAGAGGCTGGATATCGATCCGCACACGATGTCCATCAATGTGCAATATAAAAACGGATCGTCCGCGGTATTGCAGCTCCAAGCCGAACCGGGGAAGACGACGGTTCGGGTAACGGATGTAACGTATGACACCCTCACCGCGCCGTTTGTCACCATGCGTTCCATGTGGGTGGCCAATGATAATAGCGATATCTCCCGTATCCGGGCCGCATCCTCTTCCGGTGATGTGCAGACGTACACGATCGATCCGACGCATGAGGAATGGACAATGATCCCAGGGGATTCCTGGAGTTTTGACCGGCCGGCTTATTCACGGCACAATACCTCGAGTCCGATTTTCACAATTGATGTATTGCGACCATTAGGCTACCTTGTAACCCGGCAGGCTGAAGACTATCGCTCGGGTACCCTGTTGAAATCACCTCGCAAGACGGCGTCCGGGGGACAAACGATACGAGGGACGGGGGAAGCGAACTATGTGTTGAACCTGACCGAAGACATTACGAATCCAAGCCTTCGCTTGCGATATACCAAGGGCAACGGCTCTGATGATAAGGTCAATATCTCTGTGGATGGCCGACGCCAGGCGACGATCGAGATGGAAGTGGGGGGCAACCTGGGTGATTATGGGGTGACCCGTGAAATGCAATTATCACAGGCCCTGTCTGCCGGTTCCCATACGATCACATTGGAGGTGCAATCGGATACCGGAACTTTGGAATTGGACTATTTTGTCATTCACAGCCAAACCAAACATCCGAATCAGTAGAAATTCCGAAGGTCCATCGATTATCAGGTATTTCTGCCCTGGTACCCGTGTCCGCCATCGAAGGTGAACTCGCGCATGAAGCGAAGTTAGTTCGTGTGATCAGGTAACCAGCCAGGGGGTGCATGGTCCGCTGGTTGGTGGAACATCCTTTGCTTCTTCAATCGTCTGGCCATGCCTTCCGCCGAGTATCCCGGCTAATCCTGTCCATTCTGAAATACCGTTCCACCATTCCGTTTCCAACGACAATTCGTTCAATACCCTTGTCCGGTCCTGATTCCGTTATCTCAGGCAGAATCGTAGGGGCATTCTTTTGCTGATGGCCAATAGGCGGGTATCGAGCCAGTAAAGGCGGATGGATTGGGAGGAGGGTCGGATATTTCACTGAATATCTCCATCGGAAATGGTTCATGTTTAATCTGGACGATCTATAGTAGAATTCATTTTCGTAAGCCAAGAGTGGATAGGGAGATTTTGGTTAGTTTGTCATAACAGGGCATGTTCATCGCTGGCCTGATGTAAAGCCAGAGAGAACCATAGGGCTGTTTCCGGTAGCGTTGCCTTTTTACTGAGCCTTTTTGCAAAGGGGTCTGGCATGCGAATTAAAAAAATCACTATGCAATTGACGCTCGTCACCATGTTTCTCCTTACAGGATGTGGAGGAGTGCAGTCGGGACAAACGACGGTTTTGAGGGGTTCCCAGTTGCCGGAACAGCAACGTTGGAAGGTTTCCACCAACGCGGTTCTTCCATTGAACGT
NZ_CP116967.1_gap41	1845414	1850349	4935	ATTTCCTGAAGGATCTTTTCCTTGGATGCTTTAGAAAGCTTTTGCATGAACTCATGAGGTGATTTATGAATGTCTTTTTGTAAAAAGGTCAGAACAATTTCATAAAGGGGATTGGTGGATATTGTTTTTCTGCGATTAAACATACCCCGTAGTTTTTTTAACAACCCCATACAAATCCTCCACAAGTAGGGGCTAGGTTTTCCACACCGGGAGATTCATGAAGAAAAATACTCGGCATGGAATCTTTCCTATTCTCTGCTTTGCCCTCACGAATTTACTTGAGGCTGTTCTTCAAATACCGTTTCTGGCAGATGGGGATTGGTTAAAACCGGCTTTCCGTGCCAGGGCCGAGGCAATCCCATAGCAAGTGAGCTGTAAATACGCCTTAACGGCCTATTTCTTTTAATATAGCCAGGATTTGTCTTATTGGCCAGAGAATGAATGTCGCCGAATAAAGGAAGCAGGGAGGTTCACCCTAGGTGTCTTTGGGAAAAATGGCGATATCGTGTCCAGCGATTTCACTGCGTATGATGAACGAGCTGAAAAAGTCGACTACAGCTGTCTTACCAAACTATCTCCATCTTTTCCTTCACTGGTTTTTCTGCACACGATTCCTTTTCCCCATCCCGTGAAGCATGAGCGGAGAGTGGCGAGGGGAAGATTTTGAATTCCGCACGAATGGCAGGGTGGTCGCTAAGAAAATCTCCATACTTTTCATTGGAATTAGGAGATTGTCTGCCTCGGTTAACAGGATGCCGGAAACGTTGATCTTCCCCTCCGGAGCCGATTAATTCAATCCTGGCTCCTTCACCTCCTCGGTAGAAAATGTAGTCCACTCGATTTTTCCAGTAGCCATTGGGTTCTGGACGTGCATTGCTGTCATTGAGGGCCAACTCATCAAGGAGATAGTCTTTTAAAATTTCATAGTCTTTTCCTGAAGCCTCATTTCCCCCATGGTCATATTGCGAATTAAAATCCCCTCCCAAAATGAAGGCCCGATCTTTCGATAATTTTTTGATACATTTTGCAAGGAATTTAATTTGCTTTTTTCGAACGGCTCGGTCCTCCTCATCTCTCCCGGCATCCAGGTGCGTATTATACACGTCAAATTCTGCACCATTCGGAAGACGAACCGGGACTCGAAGAAGCCCTTTGGTCGACCAGCAATCATTTTTCCTATCCAACCATCCTTCACAATCTGGAAGCGGTACCTGTGTGACTCCCTCTTCCATAGCTTTAAAGTAGGGTGAAGCGATGGTTAGCCCTGACCCATAGGGGACACGGAAAGGAATGCCAGGACTATCAAATAACTGAAAACCAACATTGGCGATTTTAATGGGAAGGGTGACCAGCCATAATGGGGCCAAAGCTATCCGTGGACCGTTTCCCTGTTCTATGAGCTCATAGGTGAATTCATGAACAATTTGCCGGTGAAATTCAAAATCCTCTTGTAACAAAATGAAGTCATAATCCATGAGCAACCAGGCCATCAAACCACTTCGGGTATCATCATTTCTCACAGGTATACCGACATAAATGGAATTCAGGATCGGAGAAATTCCATGAACATTGTAAGACAGAAATCGAACAGTACAAGGCACAGGTATCGATGATTCCGATTGTTCCGGAGAACATTCTTCTCGTGGTATAAAACCGTCTGCCCTTGAAATTTCATAACCGAAATCCGTTAATAAAATGCTCAGTAAGAAAACCCCTCTCATTACGCATTTTAGTATGGCCATATTCCACAACTCCTTTTCTTTTCCCGACCTTATATTCATATGACTAATCCATCAGAGGAGCTAGGGTACCCAATTCCCCCAATTAAACGGCCCCTACTTTACTTACCTCAGATTAAAAAGCAAGTGTTCCTCACATAATCTTCCGGGTTTTTTTCAATGGAAGGAGCAGAGGATGGCAACATGCACACGAGGGCATCAATTTCCCGCTTTCAAGGTGAAGCGGTCATGGCCAATATCTGCTAGGACTGCACATTGGCTGAATTAGCTGAACAGTTTGCTGGACAAGAAGGATCTTTTAGCCACCGCGTTCGGATCCGGTCAATAACTGAGTGAACACCTATGATCAAAGTTAGGGCAGAGCCCTCGGTTTTCCGCCAATGTGATGTGTTGGCCGTACCAGATGGACAGCAAAGGGAGATGGGTCGAAAATGTGTTGGTCGAACGGCTATGCGTGGCGTGAAGTATGAGGATGTAGACTTTTGGGCGTGAGGCTCCTGCAGCGCTACGCGTGGGACTCACGCCCGACTTCCACCTTAAGCACTGCAGCAGGAACATGTTAGCCCCAATCGGGTTTTACAGGTAGGGGGGGAATAGTGTTGCGAAAGAGTCCCTCCGCCACAGCTTAATATGGGGAATAGGGTTGCAGGGGGCCCCAACGCAGTCGATCATATGTCCGCAGACGGTTCATTTGATTTAAGTCATGTTGTAGAGCCTCCTGCTGGTAACGATCGTGTTGTTGCCGTTGTTGTATACGCTGTTGTTGGTACCACGCATCGAAGTTTTGCGACGACGCTGGGGAAGAAGGGATAGGGGTTTGATCATAGAAGGACCTTGGGGGAGTTGGGTGAAGCTGTGAAGCCGGTCGCCAGGGATCTTCGCCGAATTGGGCCCAGGTACTCCCAGCCATACCCAGGAGACATACAAAAAATATAAGTGCTCGCATGCGGTAGCCCTCCTGTAAATGGGAAAAAAATGTTCCCAAATGGCCGATTATTTGGATTAGGGGGTAGCGTGGCAAGATTCATAAATAAAGGCAATTCATCATAATAGGTAATAAAAGGAAAGTTTCTGATACCTTCGCTCGTTGCTGTTCCCGCTGCGGCTCGTTGAAGGTCTTTTCCCGGGTGGCAATCTCCTCCCGCACATCATCCGGCATGGCCAATAATTACTGCCCGACCATAGAAGTTTTCTTATCAACCTCCAGTTCAGAAAGTGTGAGAGTGCCGTTCTCATTACGAATCAGACTGATTCCGATCCCTTTTGTCCCCGTATTTTTCTCCATGGTTGTCAGCATGGCCCCCAGTTGGGCCAACGTCTCAGTTTTTACGGCCATCTAAGGGCTAATTGTTGGAGAGAGCGGCAATCGTGACCCTGAGGAGGCCTACCCTGGACTTGTTAGGAATATGCCAGCGATGTACGGAGAGGGAAGCTCTGCATTGGATTGGTTGATGGAGAGTGTGAGAATCTAATTTCGTGAGGGCATGGCTCATCCCCCACTCCCACGAGGGGGCCATGCCCCCTCGTACCTTCGCATAGCCGAGGTCATACCATGAGGCAAATATTTCTATTATCCAAGTTTCTTTGGCGAACGCGCTCCCCGAACCGGCCTGATGTAGTGTTCAAACTCAGGGGCTCTTGCAGGTATTGTCAATTTAACGCATGTTTGGCACACTCGGAGCATGAATTCCAAAACGCCCGGCTTCAACGGCATCGTTTCCGACCGAAATTATTCGTCATGTGATGTGGCTGTACCATCGATTTTTTTCGGAGGTTTCGGGATGTGGAGGAGCTTCTAGTTAAACGATGCTTTATCGCCAGCTATGCCCTTCGCCCATAATGTCATGAATTTTGCCCTGTCTATGTAGGCAAGCTCAAGAAACGACAAGGTCGTTCGGATGTACTTGCCAACTCGATAACATGTGTTTTTTCATTCAGGGACAACAACACTATTTGCGGTGAGCCGTGGACTCAGACGATGATAGAATGGATATTATTGTGCAACTCCGACACATTTAAATGCAGGCCGCCAATAATCGTCTAATGCGAAGCCGGGCCTTTCGAGTCTGAAGGGAATCAGTGTGTGCGTAAGGGGTGAGACAAAACCCTTATCAATGTGATCACATCACGTTAATGAACAATGCCCTACGATGGGCAGGAGACCTGAGCATGGCCAGCACAACTGGTATGAGAGGGGGAGGCTTCTACGATGCGCACTCATCGGGGCAGCGCGCGGCGATGGACGAGTTCCTTCCCTGGGTGGTAGGCGCCATGGCCGGTTTACCCTTGCCGAAAAACGGCACGCCGATCGCGCTGCTTGACCTCGGTTCGTCGGAAGGCGCCAACGCGATTCATGCGATAGGGGCGATCATCGAGGCGTTGCGCGAACGCACCTCGGCCGACATATGGACGTTCTTCGATGATTTGCCGACGAACGACTTCAATCAACTCTTCGCCAATCTTTTTCCCGATGCGACATCCTCGAGTCGCATTGCCGGCATCTATCCCGCTGCCGTCGGCGGTTCGCTTTTCGAGCGGGTCGTTCCGGCGTCGAGCCTTGACATCGCGACGACCTTCAATGCGGTAGGCTGGATGTCCGCCTTACCCCAGACACGCCTGCCGCGGTTTATCTCCCCTTCCCCACCGGCGCAGCGTGCGTTTCGCGAGGGCGTATCTGTGAGCCCGGAGGAAAGAGCGGCTTTTACTAAACAAGCCCATGAAGACATCCTGAGTTTCTATCGGGCTCGTGCCGCGGAGTTGAAGCCCGGCGGAAAGCTACTCGTTCAAGTCTTCGGACGCAATGACGAACACGACACCGCAAATGGAATTATTGACGGTATAAGCGATGCGATGCTTGACATGGTGGAGGAGGGTCGCCTGAGGCGCGACGTCTACGAGAATTTCGTCTTCCCCGTCTACTATCGATCGCTTCCGGAGTTGTTGCCGCCGACCGGAGAAAACGGGGAGCCGCCGGCATTCCGCGTCGAGAAGGCCGAGGCCCGGGATTGCCGAGTCCCCTTCAACGAGGAATTCGCCCGCAGTGGGGACCCGCGCGCTTGGGCGGAAAGCTACGCCGGGTTCATTCGGGCGTTCTCGGAACCTGTTGTAACGTCCGGCTTGCCCAACACCCCGGATCGGCCGCAGCTCATCGACGAGCTGTACGCCCGAATGACAAAGCGATTCGCGGCCGATCCCG
NZ_CP116967.1_gap42	1852209	1853660	1451	CCCGGCTCTACACCTTGAATAAAGAATATCCCAAAAAAGATAGAGATAAGGAGATTACATATCTCTTCTTGAAGCAACTAAACAACTCTCAAGATGTCGTTAAACGTCTGACGAAGGACCTCTCGCCAGAAGATTTTGCACGTGAAGTAGCTACAAGAGCAGATGGTAACTTCTTGTACGTGACCTATATGCTTCCCATGCTTCGGCAATCGGACGGAGAGATCAACCTTCAATCCCTCACTTCTCTTCCCAATACCTTGCCGGAATTATATCAAGCGTTTCTACGTCGAATTTTCTCTGATCTTCAAGAATGGGACACACAGTACAAACCCATTCTAGGCCCTCTAGCAATTTCCCAGGAAGCTCTCAATGAGAAACAACTAGCGAGTATTGCCGGGACGTCGGAGAGCGCTATTCGGGTCCGGCTGGCAAGGATCCGAGAGTTGCTAGACACGAATGAACATCAACCACGAACCTCTCAAACCTGGGGGATCTACCATCGCTCTTTTGCTGACTTTCTCCTAGATAAGGATATCTCCGATGTCTTCTGGTGCGAAGAAAATGAGCAGCACCAGAGAATCATTGCATATTGCAAAGGCAGCAATCCGAAATGGGCAGCGGTTGACTGGAGTAGAGTTGACGACTATGTCCTTGACTTTCTAATCCATCATCTCTTCGAGGCTTACAGTTCAATCGATGATGAATTGACAGGGTTACTTAATTCTGGATTTTTGCCATCGAAACTTAAACGCCGCGACATTATTGCAATCCTCGATGATCTTCGAATTGCTTTGAATGGCTCTAAAGTCTTGGCCTCACCAACACTTCTCATGGAGCTGGCCTGGCTCTTTGTGGGCTTCCGAGACCGTTTAGCCCAGCAGATTGCACCGTCGCTCATACCAATTTACGTCAAGCTTGGACAGGTTGATCGTGCAAGGGTACTAAGCACTGAATTGGACAAGAGCAGTGATACATTCTCTGAGGAGGCAGTTGAAGCCCAAAAACAAATGGCTCTCGCGTTAGCAGAACAGGACCGAGTTTCAGAGGCGATGGAGATTGTCAGTTCCTTTAAAGACAAGTGGGAAAAATGGCACCTCGCTGATGCTGTAGTAGGTCGTGTAGCGCTCGAAAATCCGCGCCTCGCTGCGGAACTCCTGGAAGGGATACCAACTGACGTAACACTTTCGGCTGACACTTGTGCGGCGTTGGCACGCCATGATGACTGTCTGGCAATTGCCATTGAGCGCGCGCGTAAATCAGGCCCCCAGATAGAAGCCATAGCGCTCCAACTTGCTAGCCGGGATCTCGAAAAAGCTCGGCAATTAATTGAGACTATGGATTCTTACGATGAAGATATAGGAGGAGTACGATTTACCCGAGATAGGCATAGCGTACTTGGCAAACTTGCTTGCTTAATTGCGGAGTCTGATCCTGCTGTTGGGTGGGGATTA
NZ_CP116967.1_gap43	1870488	1875402	4914	GCTCGCGCGTTCGGTATCACCGAGCAGCACCGCCCCGAACACTAGGGGAGCGCTGATCATCTTTCGCTTGTTCGCGTCGTTGGTACCGGCAAGCTGGCGTTGCATGTGCGCTAGGAGATCGGGAGAGCAGGGCTCCCGAGTGCACCAATCTACGAGACTCTTGCTCAGATCGAATAGCCTCCGCTCGTCGGGGTCCTCGAAGGCGGTGTCCCGCGCGAAAACCTGTCCCAATATGCGTGCCAACCCCGAGAACTGGCTGTTTTCGCCGTCACGAATCGGATCGCGTTGTCCGGCGATCTCGGCTTCCCATGTCGCGAGTGCCATGTCTACCTCTCGGGCAGCCCAAGATGGATTGGCCCGTTTCAGTTGCACGGCCAGATCAACCCCGAGGCGCACATTGGCCAGATTCGCTACGCTCGAGGGTGGGACCTCCTTGTCGGCGTGAACCTGGAGATCATCGGACACTCCCGTTACGAGTTCCGAGATCGCTCCTTTTTGGATCTCCACCATTCCTTCCTTCGTATGCAGGCCTTTCAGGAGGTTGCGTGCGATGGCGCCTTGTTCCCAGTCGTTGGCCTGTGTTGTGGTTGCGGAAAAAAGATCCGATGCCCTTATCGCAACTTCAATCACGCCTTGCTCGCGAGCACTGCCACCCGGGACTTTCACTTGTCCCACGGAGAACAGGACTTGGCCGATGCGTTGCCAAGCCTCGACGCGCGCGGTGCTCGCTCCCGACCCGTCTTCCGAGGCTTCTCGCTGAAGCCGCTCCCAGAACTTCGGAAGAGAATTCGCGATTTGCTGGAGCAGTTGGCCGATTTCTTCGTCGAAGCTCTCTATTCGACCACAGGACTCACAGATCATCGTTTGGTAACGAGAGATATCTGTCGCCGCGTCCGGTGTGGGTAGATATCGAAACCAGCGACTCCCGACTTTTTCAAGCTCCGATGGCTGATACGCGCGTAAGAGCCCAAGCATCATGGCCACAGCAAGTCCGCGGTCGTTTGGATCGTTAAGTTCATCGATCAACTCACCCAACCACCGATCGGCCAGCATGAGGTCGAAGCTCATCGCGGCAAGACAGCAATTCAACCGTGAGTTGAAATCGCTTGCTTGAGATGCACGCTCGTACTCCGTTTCGACCTCGCCGCGCAAGGTCTCGAAATCTTCCGCCTGCTCCAGAAGAAGCCAGCGATTCGCACCGACAGCCGATAGATCCAGCCCGACTGATTCGCGCCGTTCTGGACTTCGTGCGACTTCGAGCTGGTTGATGAGCTCGCCCGACCAGGGGGCGGTCTTCGCGACAAGTGCCTTGATTATCGACTCCTTTAGGACATCCGCAAATTGCGGCGGTTCTTCGTCACCCCTGCTCGGGCGCCGAGCGGAACTTCGCTTAGCAAGCGCTTCGACGAGGGCTTCCCTTGACGCTCTGCCTTCCCGCCAGAGTCGTAGCGCCATCCGCCCGCGTTCGTAAACGTTCGCCTCTTCAGCGAGGTCTTCCAGGTGGATTTCTTTCGCCGCTGCAGCACGAGCCTGGGACTCGCCGTACTCCTCTGGAAGAGTGTTGACTTCCATATCTTGCAAGCCGTTCGCGATTAGCTCTCGAGTCAGACGATCAGCTCGATGGTGTATTTCGGGATCGTCGATGCGGCGCAGCCAAGCTAGTCCTTGATCTATCGAATGGATCGAGGGATCAGGGACGGTGGCGTCTGCTTGGCACGTCTCCAACGCAGCCTCTGCATACGAGTGCCAAGCAGCGACGTTTAACCGGTGGAGAGCGTTGCTCAGCTTGGCCATCGCCGCCGGTCGCAGTGAGCGTCCTCCCGTGGCTTCGGCCAGCGGCGGTGGAAGCTGATCCGTGATCTTTTCGCACGCTGCCCAAAGAACCTCGTTTAGGCCGGAGCCTGGATTCTTGGGCGCTTCGTCGACATTGGTTGAAGATCCCGTACCACTTGGCTCACGACAGTCGTGGGACCGCCTGTCGCCAGACTTCGCAAGCGCATCGAGCAGGTCTGCCATGCCGGTCAGGATGTCGGCGTGCACGGCAATGCTGCCCGGCTGCAGTGCTGGGTCTTTCTCGGCTTCGTCACGGGAACCCTGGACGAAGTTCATCGCTTGTGAGCGTCGCTCTGCCGCGCGGAGGAAGACGTTACTAATCCATAGCGGATCGAGTTTCTCCGCCCGAACGGATAACGCAAGTAGACGAAACAGCGCCTGCGTAAGTCCTGCCCAACAGTGGGGGTAACCGCCCTGAAAGAGCCACTGATAGGTCACCTCGGCCAACGCTCGAAAGGTTTCCGGGTCAACTGAGTTGCCGTTGGCGCCCTCCGAATGAATAAGCAGGGCACGCAGCACGTCACGCCATCCGGTACGCTCGTTCGGGAGCTGGTCCAGCGGGCTCTCGAAGAGGCGTGTTGTCAGCTTGAGCGCAAGTTCCGGTTCCAGCATGGCCACTCGAGCGAGAAATTGAAGCACGCCCGTATGAGAATTAAAATCGAAATTGCTGCCTTCGCAAAGATCCACTGAACCTGCCTTGGGAGATTCTCTTGGCGCCCACGGGCGCCGGGAAACGTTGCGTAGCAGCTGAATCGCTTGCTGGTTCGCGCCTAAGTCCATCAACCGCTCAGTGGTGAGGAACGCTGACCAAGGAAGGAGGGGCTCGCCATGGCCCGTCCAAGCGCCGTCCGGCCCATAGCCATTGCGATCCAAGATCGTTGCGGGATCCTCGTCGAGAAGATCGAGCACGTATCGGCCAGCCGTCCAGCGCTCGGACGCCAGACTCGAGAGCTCGACACACCGTTCCAGCATCATAAGGAGGTGATCATCTGAATTGGCGTGAGCAGCCGCGCGGGCAACTGCGGCGCAATCCGACCGCGTTTGTGCGATGCCTATGGTGGACAACTGTCGCGCGGCGAAAGGGCCACGCAGTAGCTCTACGACAGCCTTGAGCTGTTTCGACTGGAGCAGATGCATCGGCAAATGTCTGAGGGCGTAGAGGTTGCGCGAATGGAGCCAATCGACGCTCCCTTGTTTCGTGCAGGAGTCCGCGATCAAGGCGTGATAGTGATCTGGCGATCGTAGGGGATAGGGGTTCCGAGTACGATCCTGGCTGAAGAGGAATTCTGAGAAGGAACGATGGAAGAGAACGATTGTACGCTCGCTACCTTCTCCAGCCTCATCCAGGAAGGGCATGAGCTTGCTCAGAACCTCCTGTACGTAGAGCACATCGACACCACAGAATTTGACGACTTCGTCGACTGTCAGTGGAGCCAGCGCGACACCGAGAATGCCGAGGACGGGGACATAGTGCTCTACCCAATCGCGGGCGTCTATAGACGAGCGAATCCGTTCGGTCAGTAAGTAGCGATGAATGCCGTCGAGCCCGTGTGGCATCCCTTCAATCGGACTCAGCAGCAATCTAAACTTGCCATTGCTGGCATCCGCGATGATGGTCTCGAGCAAATGATGGAGAAAGAGAAAGTTCGCACCGCTCGTGCATGCGAGTTTGTGAATTAGCTCTTCGGCTGGCTCCGCCGCGACGGGAGACTGCTCGTACGCGCTGATCACCCCCGCCTCCGTTAGGCGATGGTGGGTCCACAGTTCCGCCTCGAATTGTGTGTTGAGTGCGCTTTCCTTCTCGGTCACGTCTATGTAGGCCACGGAATCGGTTGGCTCATCGACGCGGAAACGATTGAGGTGATCCCCGGGTCTGCTGAGCAACACCCACGTCAGCTCGGCGGCACTCTCCGGTATGTCATCTACCAGTGGGATGAGGCGCAGGATTTCGGGAGATTGATCGATTCCATCAACGATGATGACAACGCGCTCTCCCTTTTGTGTCACCTCGAGCCTGCGCAGTGGCTTTATCAGAGCGTCCTGAATCAGTTGGGCTGGCGGCATCCCATCAGTTAGGTCGCGAAGCTCGTCAATTTTCAGGGTCATTGCTTGCCCGGCGAGTTCACCGATTGCCAGGTCGACCTCGATTAATGCGCGGCAGAAGGCCGAGAGGGAGAGTTGTCCGACATGCGCTCCAGTGACTGTTCCACCCCTAAGAACTCGCTCGACGCGCACATTGGCACGCACGTTGACCCGCTCGTCCGCGAAGATATCGGAGCCGTACAACGCGCGCAGCTGCAATCCGATCGCAACTAGGAAGTTCTTAGGATCTGCCCAAACGACTCCGTCGGTACTTCCCGAACCTGCGAAGTAGCAGGGACAGTTCCAATGCGCTGCCAGCTGCCCAGCGAAAATACTCTTGCCCGTACCGGGCGTGCCGACGACAAGGATTGTATTCGACGCAATGGAACTGGAACGTCGATCAGTGGCCGTGAAAGCCTTGTCGAGCCTTCGCAATAACCATTTGCGAGGAACTGCCTCCCGGATCCGGCTCCTGACGTGAGCCGTTGCACCAGCGATCCACATTGGTTCGTCTCTCTGCAGCGTCGTCCAGCCCGACTCACTCATCGGTAAGTCTCCTCTAGCATGCCTATGCTCTCGGCAACCAGCCGAAATAAAAACCTACATTGCAAAAAGTTCGTAGCGACCAAATTGGCTTCGCAATAGGAAATTGAAGCCTTCAAATCTGCTAATGACAAGCATTTTATCCGATTTGCAATATGTGAGTTCATCAACAAGATACTGGCACATCAATTCGGAGCTAAGTTTCTCTGCGAACTGAGGGTTTGGGGATTCAATATTTTCCCTAATGATGTTAGTTAGGTGTGGTAATCTATGATGAATCGTTTATGCCATTTATGTTTCCGGTGAAATTTTATAGTCCAGCCTTAAATGAAGATGGCGGCTCATCCAGTGTTCATTGAGCCTCCCTAGCCCAGGTACATTGATAAGACGGAGGATTACAGAATCTTTATGCATGGACATGTAAGAAGCTTAGTGTTTTGAAGGTGACCTCATGAA
NZ_CP116967.1_gap44	1877480	1882042	4562	CAACGAACGGTTAGAGCATAGATCACAATGGTACTTAGGACGAGCAAGAAGCCTGTTGTGATGTTGTCCATAGAGGGAGTGTAGAAGAATAAATTTCCAGATGGCAAGGTGGGGGGGCATCTTGGGAAGGGTGGCGGTACCTGAAGGAAAATCGCGTTGCCTTAATGTGCGTAATTATATGAAAATATTATGAAATTTAGTATGGTCGTTTAAATTTTCTCATAAAAAAATGGATGGTACGTTTTCCAAATGGACATCCTGATTCTGTTCGCATCCCTCGTCGTCATTTTGTTAGGGGCGGAGGCGTTTACCAACAGTTTAGAACATTTTGGAGAGCGACTCGGGATTTCGGAAGGCGTCACCGGTTCGGTATTTGCGGCGGTGGGAACCGCATTGCCGGAAACGATGGTGCCTATCTTTGCCATCCTGTTGTCTTCTGGTTCTGAAACGTTGCGGCACGAAGTGGGGGTGGGGGCTATTCTGGGGGCCCCCCTGATGCTGTCCACATTAGCCTTCTTTCTGTTGGGGTTCTTTGCCGCACGGAAAAGAGGGTGGCATGGCACGTTAAATCCTGAGCCGATCGGATTCGCTCGTGATCTGCTCTGGTTTAACTGGGCGTTTTGTCTGGGAGTGATTGCCGTGTTTGTTCCCCAGGAGTGGGGTTGGGCACGGCCTGCCATTGCGGGTGCACTGGTTATCCTGTATGTGGTGTATTTGTATCAAACTATTCGATCTTCAGCCAATTTAGTGGATGATGGCCATGGAACCGAGGCGGATCATCCGCTTTATATGACCATAGCGGGGCTTCCCGATAATTTAATGGTGATCTTGTTTCAGGTGGGATGCGGCCTGGGCCTCATTGTGTTAGGGGCGAAGGGTTTTGTGTATGGGATTGAACAGCTTGCCCCCAGGTGGGGCGTTTCGGCCTTAGCCCTGTCTCTCCTCATTATTCCAATTGCGACTGAATTGCCTGAAAAAGTGAACAGCATTATTTGGATCCGGCGCAATCGGGATACCCTGGCTGTCGGGAATATTACCGGGGCCATGGTCTTTCAGGGGAGTTTATTGCCAGCCTTGGGAATTATGCTGACAGCCTGGGTTCCGCAACATGAAATTCTCATGGGAATGGCGATGACGTTGGTGGCGGCCTGCTATTTGACCTGGGTGTTACGGCGGGGCGTGTTGAAGCCCATTCACCTGGTTATGAACGGTCTGTGTTATGTGGTGTTTGTGGTTTCGGTGCTCTTCTGGTAATGCCTGGTCTTTGGGTTTTTTAAACATGATGCGCAAAAGAATAAGAGCACAGCGATGGCCCTTCCGATAGTTGTTGTCACGCGACGTCTCCCACAACAGGCTTGGGAGGTATTAGGGGCACAGGCCGATCTTGTCTGCTGGGAGCACGATTGCCCCGTTGATCGGAAATGGTTGTTGGATCATCTTCCCGAGGCAGAGGGTCTGTATTGCCTGTTGACGGACCGGATTGATCAGGAAGTGCTTCAGGTTGGGAAACGGCTTCGGGTGATCAGCACCATGGCCGTCGGATATGATCATATCGACGTTGCAGAATGTACGATTCGTGGCATTCCGGTTGGACACACACCAGGGATTTTAACTGAAACAACGGCGGATTTGGCTTTTGCCTTGCTCCTTTCTGCAGCCAGACGAATTGTCGAAGGGGTTGAATATGTGCGACAGGGACAGTGGAGAACCTGGAGCCCTGATCTCTTGCTGGGACAGGATGTGCATGGTGCGACATTAGGCATTGTGGGATTTGGCCGGATCGGGCAGGCCATGGCCAGGCGCGCGCAAGGATTCCAAATGGATGTGCTAGCGGTGCCGTCACCGAATGGTGTGAGTGGGTCACCGCAGTCTTCGGTCTCAGTGGAGTCTGGCACTCAGCCTATTGCGAAACCAACAATACACCGGAAAGGCTCTGTTGATAAGACGAGTCAGGGCGAACCGATAGGGGCGTCATTTCACGAGGTTGGTCTGCATGAAGCATTAGCACGGGCGGATTTTGTGAGTCTGCATGTCCCCCTGACCCCTCACACGCACCATTTGATCGGGGAAGCTGAGTTTCGAGCCATGAAGCCTTCAAGTATTCTGATCAATACGGCTCGTGGAAGCGTGGTTGATCCAGAGGCCCTGTATCACGCCTTAGTGCAGGGCCATATTGGTGGGGCAGCTTTGGATGTGACTGATCCGGAGCCCATTCCTGAGACACACCCGCTCCTTACGCTTCCCAACTGTCTGATTATCCCACACTTGGGGAGTGCGTCTGTGGCGACAAGGACCAGAATGGCCTGCATGGCCGCGGAGAATATCGGTGCCGGCTTACGCGGAGACGCGCTTCCACACTGTATCAATCCTGAAGTCTACCGTGTGTCACGCAGTCCCGAGACCGGGATGGTATGAATCTCTACGAAAATTGCTAGATGACTATTTACACTGGTAAAGGAGCTCGATGATATGGGAGACATCACAGGTCGATCTGACGATTGGCGGTTTCGTCAGGAGGAGAGATCATGATTCACATCACACCACCGGCCGTGGAAAAATTGAAAGCCCTGATCGAAGAGCACCCCGAGGATCCCATTGTGCGTTTAGCCGTTCGGGACCGGGATGACAAAGTCCTTGTTTTTTCCATTACTCTTGAAGATGCTGTGACACAGGAGGATTCGGTCTTAGATATTGAAGACCTCATCATTGCCATAGACGGCTCTTGTGCACAACGGCTGGAGGGCGTCACGGTTGATTATGAGGAGGCTGCTGGATTCAGCTTCCACCACCCGGAACCCCCCGATCCTTATAAATTAAACCTGATCCTACCTGAATGAGGGAGACAGAATTGGATAGGGTCTTCATTGAACCCGATTGCGGGAATATTCTTCATCAAGGATTCTTGCTAAGCTTAACCGGTAACCATACATCCCGCGATTATTCTTATGATGGAAACATTTTTTGCAACCTGTCCTCGTGGCTTAGAAGATGTTCTGAGCCAGGAACTTCAAGAATTAGGCGGGCAGGAGATTCGATCGACTCCTGGCGGCGTTGAATGCCAGGGCGCTTTTCCTCTTTGCTACCGGCTCAACTTGGAAAGTCGGATTGCCAGCCGTATTTTGTGGCGGGTGGGGCAGGGGTGGTACCGGGATGAGGAGGACCTGTATCGCCTCGCCTCAAGTCTTCCCTGGCCTGAATATTTTTCCGTGGATTGTCACATCAAAGTTCGGCTCATTGCTCAACATTCTCCACTGAAGAGTCTGGAGTTTGCGACGCTACGAGTGAAAGATGCCATTTGTGACCGATTTGTCCGGGCGACACAGGCGCGCCCAGAGGTAAGTAAACGACAACCCGATATTCAAATTGTGGTCTTTGTCGATGCAGAGCATGTGGTGTGGTATATCGACACCTCGGGAGATCCGCTGTTTAAGCGGGGATGGCGGAAAGTGGCGGGAGAGGCGCCGATCCGAGAAAATTTGGCGGCCGGCATCCTCAGGCTTTCAGGTTGGACTGGTGAGCAAGTCCTGCTTGATCCGATGTGTGGCGCAGGCACATTTTTAATTGAGGCGGCGTTGATGGCCAAAGGAATTGCTCCAGGCCGTGGGCGTGAATTTGCCTTCCGGTATCTACAGAATTTTAATTGCACGATCTGGGATCAAGTACGCCAAGAGTCGATCAAATCGATACTCCCCGGTTCGGGTCTATCTATTGTGGGGTATGATGAGGATGTGAATGCCTTGGCCATGGCCAGAAGAAACCTGGAAGGCTTGGGGTTTGAGGAAATTCACTTAGGTCAGGTGGATGTATTGGATGTGACGCCTCCTGGGCCAAAAGGTATTCTCGTTACGAATCCTCCTTATGGAGTGAGAATGGGAGACCGGTCGGAGCTGGAGGAGTGGTATCCGAAATTTGGGAATCTGTTGAAGCAGCGGTTTGCGGGGTGGAGTGTCTATGTCCTCACGGCCGATTCGCGACTTCCTAAACTGATTCACTTAGCGCCATCACGTAAAATCCCCCTGTTCAATGGCCCGTTGGAATCGAGGCTGTATGAATTTCAGATGGTGGCCGGAGGGAACCGGAAATCGGCAAGGCAGGCCAGGCAACAGGCAGTGATCAGGCCAGGTCTTAAATGAGAGGTTTTCCGGCCATGTTTAAGAGTGAAACCCAGACATCTTCAATGCATCGCAACACATAAATCCATTCGTCACAGGTCTTCGGTCGTTTAAAAAGATGGCAATTGGGAGGGAAAGAAAAATCTTTTGAGTGACGTGGAGTCTCCTCCGAAAACAAGGCCACCGGAATTAACTGTAAGCGGCGGTCGCGTTGGAGGCCCTTAATAATTTCTTCTCCCGACAAATCGGGGAGATGATTGGAGAGAAAAATCAGGTCGGGTTGTGGGGCATCCACAAAGGGGTACTCCTGATTTAAAAAGGCCGTACCTTGTTCGCCATCTTCCGCCTCAAAAATTTCCACGCAGATGATTTGGGCCACCGTCAGTGCTTCTTTGAGGGCTTCTATCTGAGCGATATCATCCTCGATGGTCAGGATCTTAAATGTGTTTT
NZ_CP116967.1_gap45	1917501	1918466	965	TTCGCGCGACTGTCCGACGTGATGGTGCGGCCAATGGTGCGATATCGACATTTTTTGCCGGTATGTTAGGTATGAGTACTATGAATATTTCCACCAGTTCGATTGCTGCATTAGGGACTTCAGGAGGACCTGTCCCACCGGGAGTGGCCGATGTGCCGTTTGCAATTTCCACTAACTGGTTCAACGGAGTCGCCAACTGCGATGGGGGTATACAATTTTCTCCGACTGGGCCGAATGGCTGTGCGGGATGGCACGTTTTTGATCAGAATCCGGCTAATGCGAATACGCTCCGAAATACTATTGATGGGTTGAAAGATGGAAGCTATCAAAGTCCAGGGATCATCCCAGGGCAGACTCACTTTACGTTTACCGGTGGAGAAGTTGCTTCTGCCTTTCCCAATCTGATCGATCTCTGGGATGCGAAGAAACAATGGAATAGTGATACTGGACAGTATGAATGGGATATCAATCTACCGGTATATCAAGATGGAGGATCTTGTAGTAATCCCAGTGGTTCTATCACCATTGTGGGGTATGCTAAAGCGGTGGTGACCAACGTCAAGAAAAAGGATATTCAAGCGGAAGTGAAATGTGATGGTTTCTTTGATGGAACGCCAAATCCCAACCAGGCTGGTGGGGGCGCTGGGGCGCTTCAGCCCTTATCGGTTTATCCAAGATTAGTGTCCTGATGATGGGTGGACAGACTGGAGCCTGAGAAGGGTTCTCTGCGACTGTTGTTCACCGGACTGGAGAAGTCAAGGCCAAGCCTCTGGAAATTTTTTAATGGTCTCCTTCTCAATATTTTTCAAGGTTCAAATCGTGAGTCTCCGCATGTATGCACATGCGCTTCCTGCCTGAAAAAACATCTGACGGAGAACTCATTTTCGTTCCGTTGTTGGTCCCGAGTGAATTTCAACGGCAATGTCTCTATCCTTCCATCATTCTCGCTTATGGGAGCATCCCTA
NZ_CP116967.1_gap46	1941051	1942227	1176	CTCTTCCCCTGCGGCCGATCCTTTGATTCTTCCTTCGCCTGTTCGAATCGGATGGATTGGTGTCGGAGTAATGGGCGCGCCAATGTGCGAACATCTCCTTCGTGCGGGGTATGCGTTGACGGTATTTACCCGCACCCCTTCTAAAGCGCAGGTGTTGTTGGATCAAGGCGCCCGGTGGGCAGAATCTCCGGTTGCCGTAGCTGCGGGAGCCGATGTGGTTTGTACAATGGTGGGTTTTCCTCAGGATGTTCGTCAGATTTATCTCCAACCAGATGGACTGCTGCCGCAGGCTCGCCCTGGTCAGGTTTTCGTGGATTTCACCACTTCTGAGCCGACGCTGGCTCGTGAATTAGCCAGGGTGGCCGCTTCAAAATCCGCATCGGCTCTGGATGCGCCGGTTTCTGGCGGTGACGTTGGGGCCAGAGATGGCAAGTTGTCCATTATGGTGGGTGGAGATTTAATGACATTTGAAGCGGTCAGGTCGATTTTGTCCGTGTTTGGCAGAACCGTAGTGTATCAAGGCCAAGCAGGATGCGGGCAGCATGCCAAACTCTGTAATCAAATAACGATTGCGGGCACGATGATCGGTGTGTGTGAAGCGTTATTGTATGCCCACAAAGCCGGGTTGGATGGTGAAATCTTGTTGCGTTCCATATCCAGAGGGGCTGCGGGATGCTGGACACTTGACCATCTGGCACCTCGGATATTGAAACGGGATTTTGAGGCCGGATTTTTTGTGGAACATTTTATTAAGGATATGGGTATGGCGTTAGATGAAGCCAAGCGAATGGGCTTACTTCTGACAGGGCTTTCACTGGTTCGAAAGCTCTATGTTGCGATTCAAGCCAATGGTCACGGGCGTTCCGGGACGCATGCGTTGTTGTTGGCGCTGGAAGATCTATCTCCGACTTTTTTACCTGCAGATACCTCTCCTTCCGCTTTGTCAAAGTAGTGCAAATCCCTATCCGCATTTTCTCCAAGGTTTATTCCTATGAATACGGGCCAGGCTCCCGCTCTGCTGGACTAATGCTCGGTCGTGACGAAAATACGCATTAGCTTTTTTCGGCCAATGTTCCTAGAAATAAAATTGCTAACCCGAGTCTTTTCTTTTGTGTTTTATCTTCGTTATCTCTTTCCCTTGATCCTGCCTCACTGTGGTTGGTGAATTTTGACGGG
NZ_CP116967.1_gap47	1950308	1954267	3959	CCGAAATGTTATTCACACCCTGTGAGTCAGGTTACGGTGGTGGAAACGCATATTTCGTGGGTATTGCTAACGGGTCAGTATGTCTACAAAATAAAAAAGCCGGTGTTGTTTTCGTTTGTTGATTTTTCGACACTTGAAAAACGGAGATGGTTTTGTGAAGAAGAGGTTCGTCTCAACAGACGGTTAGCCCCACAGCTTTATCTGGGGGTGGTCTCCATCACCGGGTCCCCTTCAGATCCTCGTATGGATGGCGACGGAAGCCCTTTTGAATGGGCCGTCAAAATGAAACAATTTCCTCCCGATCAGGAGTTTCAATATCTTCTTGAGACGGGCAACCTGCATGAATCTATGGTCGGTCAACTAGCCATAGATATTGGGACGTTTCATGTCCGGATTGAACCTGCAGGAGAGTCCCTTTCCTATGGAGAGCTGGATAGGGTATGGGGACCTATAGCAGAGTCCTTTGAGGGCATTCCTCTGGCAGCCCTCCCTACGCGGATTCAATTCTGTATGAAGGATATCGAGGAATGGACAAACCAGGAATGGAAACGATTGAGGCCAAAACTCAGAGAACGCAAATCTTCAGGGCAGATTCGAGAATGTCATGGGGATCTTCATTTAGGAAATATTGCGCTATTTGATGGCCGGATTTGTGTGTTTGATTCCTTAGAATTTAAACCAGAGTTGCGATGGATTGATGTCATCAGTGAAGTCGCGTTTTTGGTCATGGATCTAGAGAGCAGTAAACGAGTGGATTTGGCCTATTGGTTTTTAAACTGTTATCTGGAAGTGACTGGTGACTATGCCGGGATGAGTGTATTCAGGCTGTATGAGGTTTATCGGGCACTCGTTCGAGCTAAAGTGGCTGGCTTGCGTCTGGCTCAGGTCGAATCAGGAGGCCCGGTACAGGAGGAGATCCTTAACGAGATAATTAGATACGTGGAGTTGGCCCATCGATTGATGATGCCTGCTCCTCCAATGTTGATCTTGACGCATGGAGTATCCGGAACTGGGAAGACGACGGTCTCGACGGAAGTGGTGAAAGCTATGGGTGCCGTGCGCGTAAGATCCGATGTGGAACGGAAACGGATTCATTCCAAACAATGTAAGGTCGGCGCTGGTCCTGAAACATCAAAGAGGTTGTACGCGTCAGATATGACTCGTGTAACCTATGATCGGTTATGGGATCTTGCCAATACGATGTTAGAGGCAGGGTATTCTGTCGTTGTGGATGCTACATTCCTTGAGGGCGCACAAAGACAATCATTCATCCGACTCGCTCATGAACGACACGTGACCATTCTCATATTGGACGTTTGGGCGCCAGATGAAGTGTTGGCGGAGCGAATAGCAAGTCGGGCCAAGCAACAGACCGATGCCTCCGATGCAACGATTGGAGTCATGGAGGAGCAAAAGGCCAAAGAGGAGCCCTTAACCCAGGCCGAACAAGACACGACCATTCGCGTGGATTCGACCGATTTGGAAACGTTTAGATCTACGATAAGGAGCTTTATTGAACAACGAAGGAATAGTGAAACTTAAAGACAAGATAGTATAGCGAGAGTGATTCGATGATCTGATCCTGGCACGATATTCTCGCCCAGTAGGAACTTATGGCAGGGTTTGTAGAGCATTGAGGGGGGGCGTCAGTTTTCAATTTTAGAAGTGCATCCGGAAGATCAAAAAGGTTAGACATCTTTAGCAGCCCTAGTTCATCTTAACGCTGGGAGGCATGTGAAGAATGGCCGTGAAGGGTGTATCAGACTCCGTCTAATTCCTTTGCAGGTTTGTATGAAAGATTGCTTTTTATACAATCTATAAGTATCTGGTGCGAGAGATTGTTCCTGAACAAATTTTGATGTTATAGGTCAAAAAATCGCTTGGCTAAACAAGGTCACACTATTCCCTACAGAACCCGCCCCCCATCCAAATTGCGTCGCTAATGCCCCGAGAGGAGTTATCGGGTCATGTTCATAATAGACCTTTAACACAGTAAACTGTTGTACTGTTGCACCGGTGCCGGGAACATAGACCAAATAGTCGTAAAGATTTTGCGGCAAATCACAATTCGGAAGCGCTGGTGCCGCTACGCCTGAGCCGTTTAAGCCTCCTTGTTCAACGACCGTACAGGTAGGGTTATTGTTCGCGACGGTCCCGGCGGTAATTTGGGCTAAGTAAATATGATATTTGGATGGATAATTTTTGAAATCCAGTGCATTGTCGGTGGAGCCCAGAAGATCCATCATGTTCTGATTGGTCGTCAGGTTTCGTGAAGCTAAGCTTGCGCCCTCTCTGGCTAGTTGAGTGAGTGCGTTGCGTTCGTTGATAATGCTTCCATATTCAACAATCCCAAACGCGACAAAGAGGAAAATCATGAGGGAAAAGGCGAGTTCGATGGAAGCGGTTCCCCGTTCATTCCGCCCCCTCTGTATCAATGATGTCATCATGACCCGCCTCCTAAGATGAAATTTTCATTGCGGTAGGTCCCCTCGGATGAAATGACGATGGAATCGCCTGGTCCAAATAACCCACCAATCAATTGAGTGAAAAATTGATGGGTGAAATTTACCCGGACTCGCATAAAGGCTCCGGCACCACCGGCGCTTGCCGTTGCCACCACTGCCGGATCATCAGGATCGGTCCAATCGGCATCGACGGGGAAAATGAAAATGTCTGAAGGGTCAATATCCATGACTGCCGAGGCACTTTGTTGAATCGCTTGTTTGATTGAATTTTCACGGGATAAGGCATTCCCATTGCCATCGACTGAAGTCGCCCCCACGGTTCCAATACGAATGCCCTCTCGTACTGCAGACGTGAGGGTGTTCTGGTGCACAAAAAACCAACCCATTTCTGCTACGGCGAAGAGAGCGGTGAGAAACACCAGCATGGTCGCTCCCACTTCCACCGCCGAGATTCCCGATTCGCTCTGGCATGGAGACATCAGTTTCCGAAAAAACCTGATCAAGCTGTTCATTGGGGAACCCTCCTGCATGTGGACCCACCATCTTTGTCACGCGTGTTGTATTGGCAATCGTGTGCCATTGTGGTTCCCTAACTTATAAGGACGAGTTTGAGGATATTGGCAATTTGTTGAAAAATTCCTTCAAGTTCTGATGAATCAGGGGTGTAATAGACAAATTTCGGACCACTGGAGAGAGCGCTCAAGAAGTTTTGGTCTATATTCCCCAAGCCGATGGTATAGATTTCAATGCCTTGAGCTTTGATTGCTGCGGCATTGTCAATTGCCATCTGTTTAGCGAGATAGTCTAGGTACCCAGCGAGTGGACCGCCGGGAATATTGCATTGCTGGGAACCGTAACCGGAAATTGGTCCATAACTACCCATTCCATAGGTGGGATCTGAAAAGACATACCATCTTACGTTTAATTTGTTGGTGCCGCTTGGGCCGGAAGTATTTGGACAAGATGTACTACCTGATGTTTTTCCATCGCCTGTCCTGTAAGTTTTGTCCACACTAAATGTCGTGAACTGGTAGTCTGGTCGTTGCAAGTTTGACCATACAGCTGTGCCTGAACCATCAAGGGCGGCTACGGCATCATAATCGGTGCCATTATATTTAAACTGTCCACGAAAAGCCGTGGGGTTTCCATCGGAAAAAAAGACAACGACTTGCTTGGTCCGTTCATTGGGGGGGACGCCTGATTGATCGGACCACGGAAGGGCAAGGGCTTGAGCTAACGCATCTTCGGCATTTGTCCCCCCAGTGGCATTAAGACCATTAATGGCCGTAGTCATGGGGGAGACGTATCCATGATTCATGTCATATAATTTTTGGACCCCTGAGGCAAAGGATATTAGGGCAAATCGATTATCAGCTTGTTGATCGGTGAAGTTTTCTACAAAACTTTTAGCCCCATCTTTCAGGTCGCTGATGGGGCTGCCTCCCATTGACCCCGACACGTCAAGAACTAAGGCGATTTCCGCGTTACGGAGTT
NZ_CP116967.1_gap48	2087860	2088926	1066	GAGGAACCATACGCGATATCACGGAGCGCAAGTTGGCGGATGACATATCAAGGCGGAACCACGCTCTGTTGGATGCGGTCCTCGAAGAAATGAGTGATGTGGTCTACGTCAAGGACCAGGATGGTCGTTACCTCCTGGTGAATCCCTCGGGCGCGGAGATTATGGGAAAGGCCATCCATGAGGTCATCGGAAAAAACCGATGAGGAAATATTTGGCACCCAGCCGCATGCGTTGTTTGTCGAGGGGGATGACCATGTGATGCAATCTGCGGGAACTCAGACATTTGAGGTCGAAGTTCAGGAGCAGCATCCTGTGTCCCGAACGTTTTTAGTGACCAAAGACTCGTTTGGATCGTTACCGGATGGTCAGAACGGGGTCTTGGGTTTTGCTCGCGATATTACGTTCCGAAAAGCCGCTGAGCTCATCATTCAGGAACGAGAAAAACGCTTCCGGGCCATTATGGAAAATGCCTATGATCTGATCACGGAAACCGATGCAGAAGGACGGTTCCTCTATGTGAGTCCAAATTTCAAAGAATCTCTCGGGTACAGCTCCCAAGATCTACTTGGTACGAGTGTCTTTGCCCCGGTTCATCCTGAGGATCGAGACAGGGTGGTGGGGGAGTTTTGTCAAGGCATGAAGACCCATGGTTCCGGCCGTTCGGTCTACCGCTATCGGCATCAGAATGGGGAGTACCACTGGTTTGAAAGCACCGGGCGAGCCTTTCAAACGGCACTTGGGGAACTGCGTGCTGTCGTCATCTCGCGAGATATTACACAGAGAAAACAATGGGAAGATGCGCTGGAGGCAATTGTTAAAGGCAATGTGATCCCCGGCTCTCCAGATTTCTTCGAAGTCCTTGTCGGTGAATTGGCGAAAGCGCTTCAGGTGCCTATGGTGTTTTTGTCAGAGCGGATTGAGGCAAATGCCAGCAAAGCCCGGACATTGGCTTTTTGGAACCACGACCATTTTGAGCCCTCAACGGTGTATGATTGTCTGGGGGGACCTTGCGAACTCGTACTTGGGGGTACCTCTGTGGACCAGCCTTCCGGTGTTCAACAACTCT
NZ_CP116967.1_gap49	2106065	2110028	3963	AAGGCAGTGCGCCGACCAATAGCATGGAGAGAACCAGTTTTTTGGTCAATCCTTTTTTTCTTTTGGCGGTTTTGGGTTCAGGGTTGTCCACCGGACACCGTGCCTTCTACAGGAGGGATGGCGGGGAAGGACAATCGGAAGGTGGTCCCTTTCCCCAATTCGCTTTCGACTTGAAGATCCCCATGATATTTTTTGACAATGGTTTTGACGTTATAGAGTCCGAGGCCCGTCCCCTGGCCTTTCGGTTTCGTTGAAAAGAAGGGATTGAAAATCTTTTGGAGGTGTTCCGGGGAAATGCCACAGCCGGTATCGCTGATAGCAACCTGAACGGTTCCATTGCGGTGTGAGGTGGTAATGGTGAGGCTGCCTTTTTCCTCCATGGCATGAATGGCGTTGGTAATCAGATTGATGAATACCTGGAGGATTTCTTCGGGTTTCGCCTGGACGGTCAGGCCGTTTTGGTAATGTTTCTGAACTGTGATCTCCCGAAATTTTGTCGCAAATCTGGAAATGCTTAAGGCTTCATCCAATCTGGCATGGAGGTCGATTCTTTCGAGTTCCTGATGGCTGGAGGTGCGAACATAATCCGTGATATTTCGTGAAATGGCTTGTATGCGTTGAGCCGCTTCATGGATGCTGGCGGCATGGAGCCGAATGCGATCAAGATTGTCTTCCTCTTGAATTTCCTCGGCCATCGCCAAAATGACATACAACGGGTTATTGATGTCATGGGCAATCCCTGATGCAAAGGTTCCCATGCTGGCTAATTTTTCGGATTGAAACAGTTGTGTTTGGATAAATGTTTGATGTTGGATCAACTCTGAGAGAACTTTGGCAGCGGTTCCTCCAAGCACTTCAGCCCCGCTGTGTTTGTGCTCCGTAATGTATGAAGGAAGAATGGGATCCCCGGTCACGTCAATAATTAGATTCAGCTTGTCTTCCTGAATAAGTTTCAGAGGGTGAGAGACGGTCGGAATATTGTGAAGCCTGGCCAGTTGAAATCCCAAGGCGTGAGGATTTGTGTCGGCAATACCCAGGAGACGGATGTGGGGTAAATTAAGAAAGGATTCCAACATGGCCGTTCCCCCCTTGCCGGCTCCAAGAATGGCAATGTTAATTGGGGGCTCAACGGTCGTCATGGAATCCCTCCTTGATTGTTGGCGTGGAGGAGGATGGAAGGCTAAAGTCGGGTGGGGAGCTTGAGAAGTTTCTCCATGTCTCAACGGTCATATGGTAGAAAGCCCTATCCTGAGGATAGGGCTTTTCTCGATATACCATAGTCTTCTTCATGGGGAACCATTTACCCGCGAGAAGAAAATCGAAATCTGAAACGTTCGTTCTGTCAGATTACAGGCGATTGAGATCTCGTTTTTCCATGGCGGTGGCCACGGATTTTAGGAGCTTTTCTTTTTCAACCGGTTTTACGAGATAATCCACAATCCCCTGCTTGAGAAATCCCGTGGCCATTTCCATATCCGGGAATCCCGTCAGTACAATGAGTGGAACTCGGGGGTATTGCTGTTGGAAATAATTAATGGCTTCCACGCCGTTGATTTTTGGCATGCGAATATCGGAAATGATGACGTCCAACATTAAAGGATTTTCGCCTTTCTGTACTTCCTGAATAGCCTTTTCCCCATCCTCCGCCTCGATGACATCATAGCCGGCCTTTTCGAGCGTCATCCGTACAACTTTTCGGACATCGGGTTCATCGTCCACGACGAGAACCAGGCCGTTGGTTTTGTGTCCTCCAAACATTGCTGCAGTTGTTTCTGCCATTACTCTTCTCCTTTGGTGTTAGGTGAGTAGCCTGATTGGATTTTCAATTGGTCAGAGGGAAAAGAAAAAAGTTCTTATCTCTTCTGAAAGCACAATATTATCGTAATCAACCGATAAGAGAAAGGGTTAATTTGGCCTTATAATCTGGCATATTGGGAATGACAACCGCGGATAGCGGGTAAATCGCCTTGGCGTGCCCAATATTATTCCCGAAGACTGCTGGGAATAGTCCAGTTTCCCTCCCTTCAGTTCATTTCGGTGTCTCCAAGAAAGATCCTTCAACATTTTAGAGAATTCTCTTTCCTCTGAGGGCGAAAAGGGAACGAGCATTTTTAAAATGTGTTGGCAGCGGGTGGTATTCGCTGCAAGACTGGAATCCTTCATTTTGTCTCCTTGCTAAAAGGGCAGATCCAATTTAGGCAGGTATGCTCGACTAGGGAAGGAATCGTGGAAAGGGATGGAGTCGATTCGGGTGAAAATAGGATAGAGGAGTGGACACCATATGGCCCTTCGGACAAATTGGCAGTCCTTGCCCAGCTACAGAAAATATGCCAGCTATGTTGGCGATGGAGAAGAAGGCGCCCGGGAGCGGGGAGGCATGAAAGATTCTGGTGTGCCGAATGGCAGACTTTCGACATAGATGGAACTCGATGGAAACGCAAAACTGGCCTTCTCGCCCTCGACGATTTCCTTGATTTTGTATGCCAAGCGTTCTTTGGCTTCCAACCACTCACCCCACACAATGGTCTTCGTAAAACAATACAGTTTAATGTCAATGCTGGAGTTACCGAATGAATCCAGAAAAATAAATGTTTTGGTCTTTTCGGGATTGGTTTCAAAGTCACCACATTCGTAAATATAGGCCGAAATGGCTTGGATAATATTTCGAATTTGGTCATGAGTCGAGCGATACTCGATCCCGATCATCCAATGAATTCTCCGGTTCGTCATGCGGGAGTAGTTGATTAACGCTTCATTGGCCAATTTGGAATTGGGAAGTGTGACCAGGGCTTTGTCGAATTGACGGACCTTTGTCGCACGAAATCCAATTTCTTCCACCGTGCCTTCTACGTCAGGCGTTTTGATCCAGTTGCCTTTTTCAAAGACCCGGTCCAAAAATATCGTGAATCCCGCGAACATATTCTTAATGAAATCCTGAGCGCCGAGGGCGACTGCCATGCCGACCAGTCCCAAGCTACCGAGGACCGCCGCGACATTGAATCCCCATTCCTGAAACACCGCGGCAATGCCTAGGCAGACCACCACGAACTTTGCGACCTTGAGGAAAAACCCCTTAATGGTTTCGTGCATGCTTTGGCTGCCGAAGAGTGTGATGGATCGATCCAGTAGGGCGGACAGCGGATCCAGTATTCGAAAAATAGCCCAAAAGATCGTGAAGGCAATCAAGGACCGGATGATTTGTCCAAAGATCGCACCCAACGCGGGCGACAAGGAGATGACCTGTCCGGAAATGTACAGACCAATAATGACAAACGTGAATTCAAGCGGGCGTTCAATGGCTTCCAGGATGCGATCGTCCATGTCCGTTTTGGTTCGTCCGGTAAATCGTCGCAAGAGACGTGAAAAAAGACGGAAAACAATTCGACGGACAAACAAGAATGCCAGAAATACACCTAAGGCAAGAAAAATATCACCCAGGGTGGTATGTAAAATGCCGATCTGCCAGACCGTCAGAATTTCTTGCCAAAAATCTTGAAGCATCAACCGAAGGTTCCTGACATTAATAAAAAGATTGAAGATTGCTTGAATGAAGGAATAGGTTGACTGGCAGGATGAAGCCGGGCGTGTCTCTGAATAACATTGCTGGACGGATCGATGAATGCGGATCAATTAGGTTGTGAACATGTTCACGGGAAGGGTAAAAGAATTCGAGGTAAAGGTCAATTTTCATGGTGAATTCGGAAAGAAATTTCGTGGGTATGAAAGAGATAGAAGTGGAGTGGCCGACGTCAGTCGGTCTGGGCCCCATTTCCTGGACTCTCTGAACGCATGTGATAGGATAATTCGTATTGGCACTGTTTATGATGTACCTGAGTGAGTAGGAGAAAGGAAAGCCGGAATGGCATCAAGTCATCAGGTCTGGATGAGCGTGACATTGGCCTTTATTGGACTGATGGGATGTGTAGGAAAGCAGGAATTTGTGGACGCTCAGCAAGCGGCTAT
NZ_CP116967.1_gap50	2211941	2213028	1087	TTCGAAAAAATCTTGAGCCTTTTGCCGGAGCTTACAAAGAGGTGTCTGAGCTGAGTAGCACATATGCACAACGGATTATTCAATCCGAGCCGGATCAAGCTGACGTGTTACAGGAGGAAGCAAATCAAAAAATGACTCAGGCTGTCACCAATCATGGGCTTTCTGTCGAAGACTATAATTTCATTTTTCACACGATCCAAAGTGAGCCTGAACTTCAAGAGGAATTTATGATCGCACTGCAACGAGCTCAGTGAACATAAGTAATTTATCGGTCAATTCCTCGATCATGCAAAAATATGAGGTCTGCAGAAGAGCGGCATGATCGGGAAGGCCTGGAGGAAATAAAGAATGATTATAACGCATTTTAAGCTGACCATACTTAGTTTCATTTTCACGATAGGACTCGTTGTGGGGTGTTCCGATTCATCCACCGATAAAAGTCATTTCGACTCCAAGAGTGAACATTCCGGATTCATGGCAAATGTAGACGGGGCTGTTCATGCCGAAATATCGGGAAATGGAATTGTGACATACCTACCGCCGAAGGAACGGGATCCTGTGACCGGAAATCGTCCAGGTTACTATATGCTCTTTAACAATCTACCCACAGATACCATGGAAGGGCGAGAATTAGTCATTATATTTCGGATACCAGATGGAGCCCGGCCTGGCCACTATAACTTGATGACGCCCGATCCTCTCAGGGTGGGACATAATTTTGATGTACAGGTAGAAGCCGTAGAACAAGGCCAATCCATTCCTTACCAAACGAACACGGAGGGAACAATTACTTTGGATAACTTTGCTCCTGACCGCATATCTCCAGAGGCAAGTAGGATTAAAGGCACCTTTCAATTTGTTGCAGAGAACACTGTTGGAGAAAAGGTTTCAGTAAATGGGGCATTCGATTTTCCCTCGAAAGAGAAAGTGGTATCTTTGAATGCAGGGTATTCTGTTAGGGAAGGGTTAAGGATCTAAAGAAAAATTAGAAATCACCCTCCCGAAAAGCATTGCAAATTTTTTAAATTTTTCTCCGGCTATTAGAAAGTGTTGCCGGGGTTAGGGTGGTTCAAGAGAAAATTTAATA
NZ_CP116967.1_gap51	2306042	2306913	871	CTGAAATTATTTTAAGGATTAAAATTAGAAATGCTTGAAAAGCTAGGATGAGAGGAGGTGAATGTTATGGGTGGTATTATTGAAGGCGTGCTTGCCAGTGTGGGACTATTGGCGGGAGTGATCGTAGCCCTCACGGCTTTGTTAGTTGGCGATGGTCCAAGCTCATCAGAGCTGAAAGGGTCTTACCGGAAATCCCGTACCATTCTCCCCAGTGATGAGCGGGTTGCTGCCTAACGCAGAGATCTTCAGGCCCGCTTAGTGGCGGGCCTTAATTGATTTTTTCCTTGCTTCTGTTCCTGCTTCGGTCAAGAGAGAAAGGAGAATGTCAATTATGAAAAAATTTAGCGTTGTTGCAACAGTAGTGTTAAATCTGGTGTTGATTGGGTCACTGGCATTTGGAAATCCCGGTCTACTCCCGAAGCATCCGGGCTATCCCATGGGTAATTTCAAAGACCCCGTTTTAGGCATGCCGACGGCAAATGACCCGGGGCAGAGTCCCCCATCGCTTGAAGAGTCATTGAAACAAGCCGCTGCGTTTCATGATGCCCATGCCATCAACCCCATGGAGGAGACTCGACCGAATATCGTGTATGACACGCAGAAGACCGTTCCCACGGGATCCGGTAATAATGAAAAGAGCAAAAAGTGAATGGCGGTATGACGGGTCCCTATGTCACCATCAATCTGGAGTCAGGAACAGGGGCATTGAAAGAGGGGATCATTTGATCCCCTCTTTTTATGAGGGATGGTCGAAAGGCCTGAGAAGCTGAAAGATTATCGTTGGCAAGGGCATGCGTTACATCCGACGGCTAAGGGGTCAGAAAGGCCCGGCGAAGGGCCACCAGAAATTCATTAATGCGTGGCAGATCAC
NZ_CP116967.1_gap52	2312376	2314913	2537	GCCATTCTGGTATCCGAGGATGGAACATTTTATTCTCATACCGGCGTGGATTGGCATGAGGTCCTGGAATCTATTGAAACCAATTTGGAGAAAGGACGGATTGTTCGGGGGGGCTCGACCATTACCCAGCAATTGGCGAAGAACTTATACCTCTCGACCTCCCGGGATCCGATTCGCAAAGGCAAAGAACTTCTCATTACCTGGATGTTGGAATCGACCTTGAATAAAAAGCGTATTCTGGAACTCTATCTCAATATCATTGAATGGGGGCCGGGCGTGTTCGGCATTGAGGCCGCCGCCCAACGCTATTTCCACAAGCCGGCCTCCCGGCTTTCTATGGATGAGGGCGCCCGCCTGGCAGCGGTCATTCCCAGCCCGCTTCGGCATCAGCCCACGGAGACCACAGCATACGTGGAAAAGAAAAAAGAACTCATCCTCCGTCGCATGTCCACACGGTAAAGCCGGGGTTCGTCCGGTAGCCGAGGTCCTTTTGTTTCGGCAAAAGGACCAAACAGCGGTTGCACTCTACGAGATGCAACAAACAAATTGACGCCCCGCCCGGCCTCATCGGATGGGACGGACGCACATTACGGAGGGCGGACCAACTCGCGGAGCCTGTCCTGAGTCTGGCGAAGGGCTCAAACAAGGCCCGCCATGTGATAAGAGCGTCCGCCCATGGGGCCGGGCGGCAGGCGTCGAGAAAAATTAGGTATATGAGCAATTCTACTTCGTTTGGTTATGTATGGGAGATACAGCTAACCGGCGTGGTGTTTCTGTTGTTGGCTGAGCTGGCCTCAGTAATGAAACCGTAGCTGAGCAATGAGAAGGGCATCCCCCTCTATGCGATAGACCATGCGATGCTCATCAGTAATGCGGCGTGACCAGAATCCTGAAAGTGCATGCTTCAATGGTTCGGGTTTACCTATTCCTGTGAAGGGTTCGCGTTGGGTCTCCCGTATCAATTTGTTGATTCGTTCGAGCATGCGTTTGTCCTGCTTCTGCCAATAGAGATAGTCTTCCCATCCTTCGTCTGCAAAAATCAGCTTCACTTGGCCAATTTCCGCTCAACACCTTTGCCGGCGGTCAATTGGGCCGCGGCCGAAAGGAGGCGTTTGGCGTTGGCAGGCGTTCGCAAGAGGTAGGCGGTTTCCTCTAACGCCTTATAATCTTCCAGCGAGAGCATCACGACAGACTGCTCTCCGTTGCGGGTTATGATCAGGGGTTCGTGATCGTTGCACACGCGGTCCATGGCGCTGGCTAGATTTGCGCGAACGGTCGTATATGTCACCGCATCCATAGTTAGCTCCTCCTATATGTACAGATTACTGTACAGTCATAAAGAAAGTTTGTCTAGAGTGGTTTTTCGGGTGGTCTATCGGGAAGACTCCAGGCTCTGACTAGAATCCAGGCGTGCTCATACAGATATCGTTTTCTCTTCCCGTTACCGGCTCAACTTTCCATGGAGAAGGGCATCCGTTTACCGACGGTCTTTTCCAGCACTCTTCGGCACCACCTACCGAAACAACTTCATGTGTAGAAAAGAAAAAAGGAGCGGATCGAATGCAGTAACCGCATTATGTCTAGCGGGTTAAAATCCCGTCCAAAGAGTAGATCGGGTGCTGTCCCTTACCTGACTGGACAGATTGCGAAAGAATTATTCAGACCTTCCCCGACTTTCCTCTTGCTCTCCGTTCGATCGTCAACGATATGACCTCTACGGGGTAGTAAACTGCGTAATTTTACAGCTTGGTGAATCGGGTAGAAAGGGCATTCCTGGACGGAACTGCTCGGCGCATTGCTTGATTGCCAGTGCAGCATCAGCAGCCCCTTGGTCAAAGGTGACCTGCCCGGGCGTCATCCAAATCGGCGATGTGGCTGAGTGGGGGTGCTTACTCTCTTGTGAATGGTCTGTGGCCTTGATACCTAAATCGAGCGCCGTGCCATTGTTCCCCACGATGCCGGTGTTACTCACGTTGTTGACTCCCATGCGATGACAGTTGTTGCATAGATTGTCGTTGACTTCGACCTTGTAGGCTTTCCATGAGGCGAAATCAGCGCCGACAAAGGAATAGGGCTCGGGGTCGCTGTTGAAGGTGATATCACCCGCACCGGGTAACTGGTTGGGGCCTGATATTTGGGCAAGATACGGGGATCGGATGATTGGCCCATTGTCATGGCAACTCACACAGGGGAATTTGCTGTTGACAATTTGTGACGGTGTCATCCAGAAAGCTGGATTGCCCACTCCCTTGGAAGGCGCCTTGACCTTACCGTCATGACTCAAGTGAAAGTCTTCCAGTGCTCCCTGATAGAAACACGTTTTGCCATTGACTTTATTGTGCTGGATGATGGCCACGTCGCCATACTGCCCTTGGGGTAGGCCCATCTTTCGGGCATGCGCCACCACATAGGCGTCCGGCGTATTGACTAGCACCCGGAAGCGGCTCCCACGATCACATTTTCCGTTGAGCACGTTCGGACGATCACAGGTGCCGTCTGGATAGGTCGCAGTAGCCGGAGTGAGATGATCGGTTGGA
NZ_CP116967.1_gap53	2331396	2335095	3699	TAGTGGCCCTGTCGCGTAGCGCGGAAAAGAGGGCCAAATTAAAGCAGCTAGGCGCTGATTTCGTGTTTGATCCCATGGACAACAACCTCATTGAAATGGTGACGGCGGCACTGAGCCCGCGTAAAGTCGATCTCGCGGTGGATAACGTGGGAGGCGTACTGCTTCCTCAGGTGGTGGCTCTGCTTGGACACGGCGGGCGGATCAGCGTCGTCGGCCGGAGCGGAGGAATGGTGCCGAAGTTCAACACGGCGACCCTGTTTTTCCGCCGGAATCGAATAGGCGGGGTCTCGGTTGGAGACTTTACCGCTCAGGAAGCGTTCGCGGCGTGGGAACACATTGTCGGTCGATTGGATGCCATGGGGCAGCGGCCACAGGTGGACACCATTGTCCCTTTCGAGGAGGTGAAGACGGGGTTTGACCGATTGGCCCAGGGGCCAATGGGAAAAGTGCTGGTGCAGGTAGCTGATTAAGAACAGGCCGACTCACACCCTGTCGTCAGTTGTGAGAAGACGATATCTGATGACAATTCCGTTTTTGTAATTATAGAACGACAACTTGCTTTATTTCGTTGATTGATCAAGAATTTGTCTTGTTTATTTCAACCCGGTGAATGAGCGTTGAGGCTAGCGAAGAGGGCGGTTATGCTGATCCGCATAAGACACTGAAATTAAGGAGCACACGCACAGCCATTGCCTGAGGTGGCTCTGAAGATCGCGTATTCAGGAAAAACGATGGTGAGGTATACAGACCGGAAGTCGCAGGTTCGCAGCTTATGCGGGTCCGTCTAATGCTAGTTAGGAACTGCAAGAACGGAAGCTCACGGAAATGAATCAGAGATTTATCGGATTGAGATTTCACATAGACACAAATCGGATTAATGCGAATCAAAATTTGGAGCATATGAATCGGCTGGAACAGTGGGCAGCCAATGATGTGATAATGCTGGAGATGGCTGAGGTTGCGCAAACCGAAGCTATGGCAGGCGGAAACGAACGGCGGGCGGCGAAAGCGCTCAATTCTATTTACTCCGAAACGTTAGCCTCTACATCACAAGAGCGAAAAATGTTAGCGACAATCGAGAGGATTCTATTCCCCGAAGGGGCAGATGATCAGAACAAGCGCAATGACGTCGAAATCGTATTTAATGCGGCGAAGTATTGCAGTATTCTTGTAACTGCAGATGGCGATTCGAAGACCCAACCTAGGGGGATCTTGGGCAACGCAGAAGCTTTGAAAAAGGCTGTCGACGTCGAAATTATGCGGGACGCAGAGGCAGTAGAACGCGTCGAAAAAGGAATTCGCGTTAGAGATGCGCGTTGTCGGAGACGTTTTGAGCGGGAAGGTACCCTCATTCCTTATTGGGTAGGGCAGGATTGAAAAAATGTTTTCTAACAGTGTGTTCAGGACGCTTGTCCGCTCCCTTCCAGCGCTGCTGTTCCGGTTGGTCGTGGTCAAGCGCTGTTAACATCACAACGTTTAGTGGACCGCAGGCCGCGGACCATAGGCAAAAAGGAATGAGGGTGGCCGTTCCTGCTTGAAGTGGGATGGAGGGAAAATTGGTGAGCGGTCAGCTGAAATCAGCCCGCGGCAGGGGCAGATCTCCAGTAGTCTGCTGAAGCCGAACGTGCGGTTCGAACAGATGAGCTTTTGACCCGCTACTCAAATGCGATTTTAAAAAAAGAGAAGGAAAAAGGTATGAGTTATCCTTATAAAAATGAGATCCACAATTTGGTTAAGGATGACTGCTGGAGCGGTTTCTTCCGCGATCCGGAAAAGAGCCCACGAGAGTTCCCACTTAGGCTCTCGGATTGTATTGGTCGAGCCGACTTTTGTTACGAATTTGAAGAATCTGGAAAACTATTTATAGAAGATGACGATGCGCCCCGAGCGATCAACAATCTAATCAAGTACTGGAGGTGGTGCTTAGAACATCACGAAGAAAGACCAATTGTTTTGATACATATTATAGGAGACATGGGCGGGATTCAGATTGACCATTGTCAGTTTTTGAAAACCCGCATGGAGAAAGATCTGACAAAAAGCAAATTTCGTTATCACATAATCCAGATCGAGGGAAAAGCTAATGCCTGGGCCACTCCTGAGAGCTGGCTTGCCGAAGTGCGAAAGATTCTATCTGAAATTGCTTCGAACCGATCAGGGCAATGAAATGGTATGTTCCTAAAGGCGGGAAGCAATTTTGCGCAGAAGTTTCATTAACGCACTTCCAAATATATAATAATGACTATTTTATATTTACCGATTCTTTCGGAGGCTCAGCGCCTAACAAAGTCTTTACCTAACCCGCGCAAAAAGCCACACTGTCCAATTAATTAAGACCTTTGCCTCTTTTTCCAGCACCAGCGCCGTCAGTTGGGAACACATCTTCAAAAGTAAAGGATCAGATGAAAATGGCGGAAGTATTATATAAAATCCCTCTTACACGTTGGGTGCGAGGAACCATGGAAAGAAATAATGCCGTGGGAAACGACGACATGGAGACATGGAGTAAATTTTGGTTAAAGACATACAAAGATTTAGGAGGCAATAGTGACAATTCAGGTTCGAAAGAATGTCCCAAGTATGCCGCATATGGTTTATGGCGATTAGGCCGTATTTCCAACAGTGGGAAGGGTTTTCAAAACTGGACACTCGAAAGAATTAATGAAAAACTAGGGAAGAACGCGACTTATGCAGTCTTCGCGCTGGATCTGCTGGAACGAAAGCGTGGTGAACATGGTGGGGGGGGGAGTGTGGTCTAAAGCAAAGCTCTGGGGTAAAGTTCAAAACCGCTATCTGAAGAAATTTAAAGAGACGCCAGCACAAAGTGAACAAGGGGCAGTGAAAATAGCATTGGTCTTATTCACCGAAGGCCAGACTCAATCAAGGTCACAAGGATAATAGCTACGGCCTGCAGCGCAAAATTCAGTCTTCACAGTCAAAAAACTGGGCAGAATCAGATCCCAGAAATTAGTGTTTTATACTCTGAGCGGGGCCGAACACTGTCCGTGTCTGGAACTGTTTCTCAGAATCAAGGCATAGGTGGTTGTAACGTATGGCGAAATCCTTCCACCGCATTGGCGTGATTACCGGAGATCCTAGACTGACAGATCCGACCAAACGCAATGCGCAATATAATGAAGAGGATACGGCGACGCACAATGCGATGAAGGCCGCCTTTCAGGAGCTTTCAGATTATACGTTTCTGTTTTATGACGACCATGCCCGTTTGTTTGAGCAGCTTCAGCAGGATCGTCCGGATCTAGTCGTCAATTTTTGTGATACGGGCTTTCGCAATGTGCCCGCTCAGGAACTCAACATTCCGGCTTATCTGGAGATGCTGGGGATTCCGTATACCGGAGCGCCGCCGTCGGCCATGGTTATCTGTTTTGATAAAGCCATTGTCCGACTCGTGGCGCAATCGCATGGCATCCCGGTTCCGCGTGAGTATTTTATCGAGGGTGGAGCGTCGCTTGAGGCCCTTCCCGAATTTTATCCTGCGTTGATTAAACCCAATGCGGCTGATGGGAGTGTGGGTATTACGAAGGATGCCGTGGTCCGGTCGCCGGAGGAAGCGCGAACTTATCTGGACTGGTTACGCTCGACACTTCCAGGTCGTGATGCGCTGATGCAGGAATATCTCCCCGGCCCGGAATATGGCATCGGAGTGATCGGCAATCTTGAAACGGGTTTCTGTATCCT
NZ_CP116967.1_gap54	2351350	2352745	1395	CCGCCGGCCATGGCTCCGACAATTAGAAACGGTTCTTCACCGGTTGTGATCGCGTCGGGTAACGGGGCGTCCGGTGGTTCATGGGACAGATCCTGCCCGCAGGCAAAGAACCTGATAAACGGTCGGCGCTGTTGTGTCGCCTGGTCACGAATTGTCCCCCGCAACATCGGGTAACGGGATTCGAGCGCGTTGAGGATTGCGTGTGGGGTGACAGGACCCTCCATCTCCAGGTTCACCTCGCCGTCGATACGTGCAAGTGTCCGCAAATGGGCTGGAAGGATAACTCGAATCGTGCTCACGGTAACGCCTGGACTTCGACTGATAAGACGGGTGGAAGATCGCGAACGATGCCCATCCAGCTATCTCCCGAATCGGCCGAGGCATACACCTGTCCGCCGGTGGTGCCGACATAGATCCCGCAGGGTTCGAGCGAGTCGACAGCCATGGCGTCACGCAAGACATTGACGTAGCAGTCCTGTTGCGGCAATCCATTTGTCAGTGCTTCCCATTCGTTTCCGCCTGTCTGGCTGCGGTAGACGCGCAATTTCCCCTCCGGCGGATAATGTTCAGAGTCGCTCTTGATCGGTACCACATAGATGGTTTCGGGCTCATGGGCATGCACGGCAATGGGGAATCCGAAATCGGAGGGCAAGTCTCCACTGATTTCATGCCACGACTCGCCTGCGTCATCGCTCCGCATCACATCCCAGTGCTTCTGCATGAAGAGCACATCCGGGCGCGACGGGTGTTTGGCGATGCAGTGCACACAGTGGCCGACTTCTGCAGTGGGGTCGGGAAGTTCATATGGCGATTTCAGTCCGCGGTTGACCGGCTGCCATGTCTTGCCTCCGTCCTCGGTTCGAAACGTGCCGGCTGCCGAAATGGCGACGAATATCCTTTCCGGATTGCCGGGATCCAGAAGGATGGTATGCAGGCACATTCCCCCGGCGCCCGGTTGCCAAAGGTGCCCTTTAGCGCTGCGCAGGCCGGGAAGCTCCTGCCATGTCTGTCCGCCATCGGTGGAACGGAAAATGGCTGCATCCTCAACCCCCGCGTAAATCGTGTCCGGGTCGGTCAGCGATGGCTCCAGATGCCAGACACGCTTGAACTCCCAAGGGTGCTGCGTGCCATCGTACCACTGATGGGTGGTGAGAGGTTGTCCCGTTTCCGTTGAGCTGTCATACACGAACTTGTTGCTCTCCCCCTTGGGCGTATCGTCCGGTGCCGTGGTCGGCTCGCCGGGTGGTGTTCCCGGTTGAAACCAGGTTTTGCCGCCATCATCGGATCGTTGGATGATTTGCCCAAACCAGCTGCTTGACTGCGAGGCATACAACCGATTCGGGTCGGCTGGAGATCCCTTCACGTGAAACAACTCCCATCCACCAAAAAATGGAC
NZ_CP116967.1_gap55	2440944	2445007	4063	TTTAAAAAGATTGTGCTGGTACCAGGCTTCGAACAGTTTCCATGTATCTGGTGCCGCAATGTTGCTCACCCCTTGGATGTCACCGACATTGTTGCTTGGATCGCCCCCATACAAGCCCAAGCCATACAGAAAAACCGTACCCCTCCAGCTAGGAACTAATTTTTTTATATCGACGGTGAGCAAAAGATCCAGATCGCCGGTGAGAGTGGTTTTTCGATGCACGCCGCCGGATATATTGGAGAGGATATCCATCGTATTGGTGACTTCCAGGAGGAGTCCCTGATCCTTTAAACTTTTTTGGGCAGCCTTTGGTTTTTCGATGATCTTTTCCAATTGTTCAACCGCCTGACTTTCTTCAGAATAGGCTGGCATCGGAATCAACAATACCAAAAGGAATAGTCCATACACGGTTGTAAGAATCATTCTTGTTGGGGAGAGTCTCATGCTGGTGAATCAGGTTCGTACCGGCTTGGACCTTCAGATTTTGTGGATGAGGCTAATGCGTGTGAAATCAAATATTCTATTGATGCCGTAAATCAGCCCGTGAAGGCAGGCAGGGGCAGCACTGGTTTGTGGCCTGCTACCATTCCCCATGTGCGTTTCCCGGTCCCTAGGCTTTTTCATCTTTCTGGTTGGCCAGGGTCGTTAAATAGTAGTCGAGATGTTTGGCGAATAATTGCCGGTCCCGTTGACTCAGGGCCGACGGCCCACCGGTTTCGACACCGCTGGCCCGGAGGGTCTCCATGAAGTCCCGCATCATGAGGCGGGCTTGAATCGTGTCGGGTGAATGCATCTCCCCGCGCGGATCAAGCGCATGCCCACCCTTCGCAATCACCTCGGCGGCAAGCGGAATGTCAGCGGTGATCACCAGGTCGCCGGCCTCGAGCCTTTTCACGATTTCGGAATCCGCCACATCAAATCCATCGGCGACTTGGATGGCCGAAATATAGGGTGACGTCGGGGTATACAAGAGGCGATTGGCGACAAGCGTCACCTGGACCGCCGTCCGGTCTGCGGCGCGAAATAAAATTTCCTTTATCACCTTGGGGCAGGCATCGGCATCAACCCAGATTGGCATGGTCGCCCTTTATAGTTGAGGAGTAAACAGGAACCGTGTTTTTTGGATGTTGTAAAAGTCCATCCGGATTAAAAGAAGATGAGGACGATGTTGTTTCATAAGAACGGGAAGTGCACGTTCACTCACACTTTGTGACCCAGACCCCGACATGAAGGCTTGAGCCTGGGGGCCCAACGAAGGATCCCTCGATGGGCGGTACGGATTCGGGCAATCTTGCGACGGCCACGGCAATATGATCGGTTCCGGCCATGGTTCCACCAGTGGGATCAAATCCCTTCCACCCGGCCCCTGGCAGGTAGACTTCGGCCCAGGCATGGGTGGCGCCATAATCGGTTGCTGATGGTGGGGCGTGAAGATACCCGCTGACAAAGCGCGCGGCGAGACCCAAGCACCGTGCGGCTTCCATAAACAGCAAGGCAAAATCACGGCATGAGCCGGTGCCGTATTCCAGTGTTTGCCCCACCGTTTGAACGCCAGGTTCTTCCCGCACGCGATAGGACAGGGTTTGGTTGATGTGGGTACCTAGCCGCTGCAAGAGTGTGTAGGTTTGAATCGGTTCAGTGGAGTGCCAGAACCCGGCTATCCATTCAGTCAGTTGAGTTTTGGTGTTCGGCTCAGGAAAAGCCATGTAGGGTAATAGCATGATCCGGTCATCGGGTTGATAGGCAAACGGATAATTAACCGCGTAGTCGGCGACGAGAAAGTCCAGTGGAGCCTCATTGAATTGCTGGATCAAGACTTCGCTCTCAATCACGAGCTGGTTGGCAGGCACCTCGAAGGTGGCCGTGGCCACCGAATTGCCTTCCACGTCCCGATGCCACAGCAGGGTAGCCGGCGGTGTGAGCTTCAGGTTTAACGACTCAATGTGCAGGTCATAGTCTTCCCTCGGACGCAGACGCAAGTAATGCGGTCCGAGCGTCACCGCTCCGGAAAAATTATAATAGGTCCGATGAAGAATCTTATAACGCTGCATCTATTAGCCTAAACCCTACTTTCAACGGCAACCAGGCCTGGTTTAAGTGACTACCGGTAGGCACGTCTTTTTGAGTAATAAATTAGCCATCAACCCAGAGAACCTCTTTGCCCAGTTCGTCGTTTCGTCGACCGAGGATGACATGAGCTGTCTGGATATATTCTAGCTGATTTCGAATAGCCGGAAGTTTGGCATGGTCATAAATCCAACTCTCCCCGGGCTTCTTCATCTCAAGTGCAAGTAAATTGTCCGTGTCCGAGCCTCGTTTATGAACAATGAAGTCTGGAAACACCGTTGTCGCACGGATCTCACAATTTTCGGTTTGACGGCGTTTTAGGTTTAGACGTTTGGGATCATCAAAGTGCCGATTGTATTCATAGTCGACATTGAAGCCTTCAGTTACCATTTTACCGAGGTACCGGGCGAGATGATGCGAAAGTGCGCGCTCTGTGACATTCAAGTCTAGATGTTGCGGCTCGTTCTCTATGAGTAGGTTGATAGCCTTGTTGACCAGATTATTGTCGATAGCTTCACGATTCATTCGCGGTTCACTTACAAGTAATCCATAATTAGACCGGTTTGAATAACGAATAAGATATGGAGTGCAGATTTTTTGTCCGTATGACAGGTCACGGGGCTCTTGCCTAGGCCTTCTTCTCAAGATTTTCCGCCATTCGCAGAGTTGGAGTGCCTCAGGAATTGTGGGCTTCGCTTAGGCGAAGCCCACCATTTCGATCGAAGAATGTGTCTCGCCTATTTCTTTTTGTCCTTTTTTTTCTGTTGATCGGCTTTTTGCTTTTGCGCTTTGTCTTTGTCTTTTTTTCCGCCTTTGTCTCCCATGGTGTTCCTCCTTTCTTTCTAAGATTGACCGTCTTTCCGTGAAGGGTGCTCCGAACTATTTATTTGGATCCTGTGATTGGCTATTTCCCTAATCCTTAGGATCAACGATTAAGCTTACCATGATACTGGGGTAAGAGATCCGTTTAGACGCCCTTTCAATCCATCGACGGGCTTTCCAATTTTTAGACCATCCTTTCTTTCGTCATGCCCCTCTTCTTTTTTCATGGGGGTGTACCAGGATTTTGAGCACAGCGGAAACCAAGACCTCCATCCGTGTGGGTTGGTAAAGCAGAAGAGCGCAATGCTGCTCTCAGATATTCGTCCTTGGCGTTCCATGCTCCACCTCGTATAACTTTTTGGGAACCCGCGACGGTCTCATTCGCATCCCGGTCTGGATTCCGCAATTCATCCCAGGTATCTGCCGTCCACTCACTCACATTTCCGGCCAAGTCATACACTCCATAGGGACTTCTATCCTTTTCGAATGTTCCGACCGGAGAAAGTTTTGACACGTCAAAGTCTCCAAATGTGGCGAAATTTGTGTATTGGCTCGTCGGTGGCTCATTGCCCCATGGATACATGCGTCCGTCGGTTCCTCGTGCGCTTTTCTCCCATTCATCTTCGGTCGGTAATCGCTTCGTGGCCCAATGGCAGTAGGCTTTGGCCTCCGGCCATGTCACGCCGACGACTGGGCGATTGGCATCCCGGGACATATTGATATGATCCCAATATTCCGGGGATGTTCGACCGGTGACCTGTAGAAATTTCCCATACCGTTCAATGGTGACTTCATTTTTGTCGATGAAGAATTCTTCCACATAGACGGTATATCGACTCCCTTCGGTAATGTCCCCGGTTCCTGAGCGTGATTCTAGATTCGTTTCAAACTGCCCTGCAGGGATCCGAACCATCGGCGCACCGTCTGCGCCTGAAATTTCTCGTGATAACGAGTCGCTCCCCGATGGTTCCACATGCCATCCTTTCAGTGCGATCGACAAAACCGGTGTGGAAACTGCATATCCCAGACGTCCCTGAGCATCTGTCACGACTCCGATCACTTTGCCATTTAGCAGAAGGGGGCCACCCGAATGGCCTTCCTCCACTAATGCCTGAAACATCAGGTATGGCCCTTTACTCCCGCTGATATTTCCGGTTGAGACAGTCCAGGGAGC
NZ_CP116967.1_gap56	2627214	2631145	3931	GGCAAATACCTGAATAGGTTCCGCCTGAAATAGATTCCGGGCGGCATTCACACAATAAATGCCGATATCCCACAGCGTTCCTCCACCGGTCTCTTCCCGTAACCGGATATTATTTTTATCTTTGACCGGAAGGCTAAATGCAGATTGAAAGTACCGGGGTGTGCCGATTTTCCCTGATTGAACCATTTGTATGGCCCGAAGGTTGGCCTCTTCAAAATGAAGCCGATAGGCGACCATTAATTTGACATCATGATGGTCCGCTGTGCGAATCATGGTTTCACATTCCTTGACTGATAAGGCCATGGGTTTTTCGCACAATACATGGACGCCCGCTTTGGCAGCTCTGATGGTATATTCGCAGTGCAAATGATTGGGAAGCGCAATATACACCGCATCAATTTCTTCCTTTTCCAGGCATTCTTCATATTGTTCATAGGAATAGAGACCGTTGATGCCGTATTTTTTTCCCAATTCCTTCAATTTTTTGGGATCATCGGAGATTAAAGCTGCCAATGCCGAGTTTTTCTTTGCATGTCCAAATGCCGGAAGTACGGCGACTTGAGCGATATAACCCAATCCCACCACCGCGTAACGAATTTTCCTGGTGGGAAATGTCCTTTTGAGCGATCGTGCCATCTGGGAGCTCCTTGAAATCGTGTCAAAAGAGTAAGACCGACCAATTACCTAAAGCTTGTATCAGCGTTTTTATCGAAAATGAACTGGAAAGAACCCTGGTTCCAAGAAATATCAGCCGAGATTGACAATACAGGCCTGGAAGAGAGTCCAAAGAGAGAGGAAGGGTTGCGAAGGGGGGAACAAAGTCAAACGGGAAAAAGCCCAGATGGCTTTTTCCCGTTGACGGAGGATGAGGTAATTTTATTTATTTCCGGAAGAGGTCTTACTATGGATTCCACCCTCTTTGTTCCATTTGGGAGTGCCGTCATCCTTCCGGACCGCCAAAACTTTTCCATTTTCTTTCAGGGTAACTTTGGAGGCGATAACCAGACTTTCCCCATCCCGCATGATTCGTGATCCGGTCACCTCCACTTTATCGCCTTCCTTAATTTCGATTCCCTGCTCCTTAAGATAGTTATCAGGGGCGATGCGCACCCGTTCTTTTCCCGATGGGGTTTTGACATCCACCACTATTAAACTATCGGTAGTGGTCACTCCGGGCTCAAACATGTCGTGATCCACATTTTCCACAGTCCCTTCTACCGTTTCGACTGTTGCAGGATTGAAATCCTTACTCTGGACGGTAGAAGCTTGCTCACGGCGCATAGCTGCGTGGTCTTTTGTTGTTCGTTTTTCGCCAATAGGGGCCTCGGCTACCTGAACCAACATTTTATCATCCTGTTTGGTCAGCTTCACCTCCGCCCAGGGAATCGAATAATTTTCCGCCCCGATCCCGAGAGTCCCGCCAAATGTCCCTCCATATGAGAGTACAATGTACGATATTTGGCCTGTGGTTTGATCGATCAGTAAATCTTTGACTGTCCCGAGTTCTTTGCCCGCCTTGTCAATAACCGTATTCCCGATAAGGGTGTTGGCATTGAGAAGAAGTTCCCTGGATGGTTGGCCTGACTCGCTCAAGGCTAAGGACATACCTCCTCCTATAAGAGCAAAGGCTAATGCCATCCCGAGAGTGCCACTATTTTTGCGTCTGGTATTCATCATGATAATTTTCCTTTTGTAAGAGTTTGGTAAACGATGGTGATTAAATTTGGTTTTTTTGATTCATGAGATTATGTGGTCACGAGCCGAAGAAACGTGCATAGTTTTCTCCCTTTGGTTATGAGAAATAATTCTTACGTTTGGATTAAGTTCATCCACTGCGTTTTCAGATGATTATTATTCTCTCCTCCCGCCCCGTCTTCAGCCTCAGCTTCCTAATAGACTTACGCACGCGACTCACGAGGGTTTACCTGTTCAAGCCTTCCCGCAGCGATTCTTAGCTTATCTTTCTCTTGAAAAAGGTATAGATTTTCCACGTGAATCTATTTGGTTTTGAAAGTGTTCAGTAATGGGAAATGATATATAGGAAATTTGTCCGGGGTTCTGATCCCTCAACAAATCATGAACCGTTACCGTTTCCACTGGACCAGTCGTGCCAAAAATAGAAAGAAGCATCACTATTGTGCCTCCTGCCAGGCTAAGGGTTAACGCCAGTCCGACTAATTCTTTGGTGGTCTTGAGTGAGTTCATAAATGTTTTCCTAAAAGTGAGATTCTGAATGTTCATAAGGCCCCCCTCCCATTTTCTTCTATTCAGATTGTAGAGGATCGAAAAAGAAATGGGACTGAACAAAACCCTTGCATCGGATGCTATCTTCCCTTAAAAATTCGACCGGACTGTAAATAAATCCTTTTTCCCAGGGTTCTTGTTAGATGCTTTTGTTTTTTTTTCGGACGATAATGTCTGGAGGGAGTATGGAATCAAATTAAGAAAAGAGGTGAAAACCATGAACCAACCAAAAATGGATATGTGGCCGGTGGTTTTGGGAATTATTGTGATTCTTCTGATGAGTGCCTCTCATCTTCCCCAGGGGATGTCAGGGTCAGGTGTTCCAATGCCGTCACTTTCAGTTAAAACAGTTGAGCAAAATTCACCGGGATTGAATAATGGACCTCAGGACACACAGCCGATCATTCCACCGAATGATTCGGAGATGGTTGTGAAGCCGGCAATTCCACCAAATCCTGATGCGGTGGTGACTCCACCTGTGTTGGATTCGGAGATGGTGGTGGATCCGACCACCGGAGAGCCCATGTCCGAAGAAAAATTGGAACGGCTGACCCCGGAGGCATTGGAGAAAAACGCTCCCGAGGAGAAATAACGGCAGATTCCTCATTAGCAGAGGAAGAATTCTCCATTGGGTCTGTTTTATATTTTTTTCAGGACCACCCTCTGCAATAAAGATTCAATTTGGCGTCGGGTGGGATAGGAAGATTGGGAGCCATAACCGGTGACAGCGTGGGTTGAGGCGGCAACCGCATATACGGCGGCTTGCTCTGGTGGTTGATGTTCCAACATCGCCACACTGAAAGCTCCCGCAAACGCATCACCCGCTCCGGTGGTGTCCACCGCGTGGACCTCCGGAGCGGATATGACAAACTGGTCATCCGCCGTGGCAATTGCGCATCCCCCTGTTCCCAATTTGACACAAACTCCTTTATTTCCGTGTTGTCTAATTCTCGAAGCCGCTTCCAACGCGTGGTCATGATTTTCAATTGGGATTTTTGTCAATCGCTGAGCCTCTGATTGGTTGGGAGTCAAATAGCAGCCGGATTTCAATAATTCCTCATCCAATCTCTCAGACGGTGAAGGATCCAGGACAATGACCATTCCACATTCCTCAGCTTGTCGAACTGCCTGCTTGACAATGGGCAGGGGGACTTCCAAATCCACAGACAATACGGATCCGGTTGGAGCCGTGTGTATGGCGTTTTTGACAAACTCTTCATCCTCTTCGGACCAGACGGCATTGGCATTCGGTGCCATGATTATCCCTTTTCGGCCGTTTGGTTGAACCATGATGACTGACACTCCTGTGGATTCATTTTTAATACTTCGGATAGTGGATAAATCGACCCCAAGTGTCCGTAAGGGGTGAAGGGCGATTTCCTGAAGGGAATCAGATCCAATACGAGCAATCAATTGAGCCTCGATGCCCAGATTGCGGGCTAGCCAGGCCACATTGGCGGCCTTTCCTCCACCAGCCATAAGAAAATCCTGACCCAATAGTGTTTCCCCCGCTTCCGGCCAGCGATCCGCACGAAGTTGGATATCTACATTCACGCTTCCCAGGGATATGATTCGAGCGCTCATAAAGGAAAATCCTGTTGTGTCGGTGTTCCAAAAACATGGCGTGTTCCACGAACGTTGATGACGAGAGGAAAGCTCGGTCCTGCAGATACGTCAAGACGCAGGC
NZ_CP116967.1_gap57	2638261	2639638	1377	TTGCCCCGGCACCGGTGTAGCAGCGTGTGGAGAGGGGAGAAAAGACGCGGTAGTCGGGGTGGTTGGAATGTTGGCGGGCGCCTGGGTTTTTGTGGGGATGTATCCGCTCTTGGTACCTCTTATTCGCGATTACGGAAATTGGGGAAACATCACCCTTCCTGATGCAACAGGTATCCCCGCATGGGGGTGGATTTTGTTGATTTGGCTGGTTACCGTTTGGGTCAATGTCGCTTTGCCGCATTCTCGTCCCACTATACAAGAAAAATCTGCAAAGACCGCGTTGCACTAATCGAAAGCGGGAATTCCAGGAGATACGTCTATGACAGTCGAAGCCGGCTGCCATCGGCCTAGGAGTCGGGCGAGGCAGAAGCGGTATACCTGTGGGCTAGTTTAGGAGGCAGATGAAAATTGAAAAGCGTTTGTAAGCCACATTTATTTGGAGATCTGTCTTACTGCACGCTCGGGAAGGATGCCGGCTGATATCTTGTAAAAGAAAAAGTGGATATCGTACATCCGGGAGGCGCAGGCCATAGAGAGTTGGATGTCTCGGGAACGGGATGGACAGTCGTGAACAAGAAAATATATAGGAATTGAGACTTGATAGGAACAAAGGACCCCTTCAATAATGGGTGTTGGCCGATCGTCCGATCTCCCCTTCGTCCGATCGGCCCCTACCCCTCACTAGATGGCATTCCCTGTCCCCTAGTGATTCTTGTCTGTCATGGAGCTGTCCTTATTTTAATCTCATCACATACCTTGTTGACGTTTTTCCCTTTCTTCTGCCTTTTTATCCTCACCCGTATATCCGGGCGAAGTTTCGCCTGGTGGTAAGCTGCTTGGACTACCAAAGCTGGATCCTTCTTCGCCGACTCCGCCGGGGCGTGCAGCCTTTTGTTCCTCCGATTCAAAAGGTTCGGTATTTTGGCTAGAGGGACTTTTGGACTCTATTGAAGATCCCATGTTTTGATTATCCTGCATAGCCGGATCATTAGATTGGTCACCCTGTCGGTTCATCTCCGATTGTTCTGCATACACAGAGACACTCGTAAGAACAAGAAAAGCTGAGAGTCCAACCATTTTCATTAGTTTTTTCATTTTAATTCTCCATTTTTATTAATTGTGATTTTTGTACATCTAAGTTAAGGGTGTGAAATTTACCCCTGGGCCCCAAAGACCCAGGGGTTGACGCGTTCCTTATGGTCGATATCCATCAGGTCGATAATCATAATCCTTCCCGCTGGAACGCCGGGATTGATACTGATCGGCCCCCTGCCTCTGAGGATCATACTGCCTTCTTGAGGTGGTGGTATTGTACCGGTCAGCCGACCGATCTTTGGAATCCTGGTAATTCCGTTCACGACTTTGAGAATACATGGA
NZ_CP116967.1_gap58	2641863	2645618	3755	AGCCGAGATGTTTGTGGTTGAGAATTCGTTGGGTTTTAACCAGCTCTTCATAAAATTCCGGCAATGGCAAGCGGGTAGGGAGCACCGCATGTTGGATGTCGTAAAGCCGGTAATCCCGCGTCTGAACTCTTCGAGATTCCTGGTGCCACGTCTCCGTCCCGGGATAGGGTGTGTTGACACTTATATTGACAACCTCCGGGACCTCCAAACACCATTGACGTACGGTTTTAAATCGATCCTTATCCCAGGTGGGATCGGCAATGATGTTAATGGCCACGGTGATACCCAGAGAGCGGGCAAATTCCAGGGCTTCAAAATTTTTGCCAAGTGAGATGCGTTTTCGATGTTGGATCAATCCATCCTGATCTATGGCCTCCAGCCCTATAAACATATATTTCATTCCCAGTTCTTTCCACAGGCGGAAGACTTCTTTATTTCTCAACAGGACATCCCCACGGGTTTCCAGATAATAGGACTTTTTAATACCCCGGCGGGCTATTGCTTCACCAATGGCCATGCCATGCTCTGCCTGAATGAAGGCCACATCATCCACCAAAAACACTCCAGGTTCACGAATGCCCGCCAGATCTTCCACGACCACCTCAGGACTAATTGGACGATAACTTCGGCCATAAAATGTCCAGGCACTACAAAATGAACAATCCCAGGGGCATCCGCGAGTTAATTCAATGGATGCGCATGGGTCCAATACACCAAGAAAATATTGGCTCCGGTGACGAAGTAAATGCCTGGCCGGCCTCACCTCATCCAGAGACTTGACGAATTCAGGAGGGGGTCCCTCGGCTTCTCGTGTGACCACACCGGGAAGCCGGTGAACATTGGAGCGGTCATGTTGAATTGCATTAAGCAGTGGCCCGATTACCGGTTCGCCTTCCCCTTTGACAATGGCATCGATAGCTCCGTCTGCATGCTCCAGAACCTCTCTGGCGACAAAGGACAGGCTGTGTCCCCCGGCCACGATAACAATATTGGCAAACGAGGCCTTGGTCATTTTGGCGAGATCGATGATCTCGGGAACATTCGGCAAATAATTACAAGAGAGCGCCACGACATCGGGGCACCATTCTTTCAATATTCTGAAAAAATCCCGGTGTGTTTCCACCTGCAAATCGATGAGCCGCACGTCATGACCGGCCTGTCTGGCTGCTCCCGCGACCAGTTCCAATCCCAAGGGCTCCAAACGCAGAAAAATTTTGGTATACATCAACGGACCGGGATGAACGGCGAGAATTTTCAAGATAACCCTCCTTCACATTTACTCTGTGACCACGATTTCGATTCTTTTTGCATGGGTTGCTGATTTCAGCCAGGGTTTTGGTGAGTGTCTGCCATTGGTGCAATCAGTTATGGTCTCTCCAGACAACCATCTACACACAGGAGGCGTGGGAACCTATGGTCGATACGAGTATTAAAAAAGTCCAATCAGATCATTCTCCCAAGGGTTCAATGGGGCAGAAATATTTAGCCACCGGCGTTGGATTAGCCATGCGACTATGGGAACAATTGCCTGTTGGGCAAACACAGGAATCTTCATCCAGGGATTACGAGACTATCGGATATGTGATCCACGGTCGTGCTGAGCTGCAGCTGGAAGGTCAAACAATTTTGCTGAATGCGGGAGATTGTTGGGTGGTCCCCAAAGGCGCGAGTCACAGCTATACCATTCTTGAAACATTTACCGCCGTTGAAGCGACCCACCCTCCAGCCCATGTGCATGGTCGCGATGAAATCCCCCCCTCTTGATGGGTCGGCTGTCCCTGCGCCAGGAAACGAGCGTGAGCTATTACTGATTGACACCGGGAAGCTGGTGTTCGGGAGCATGTTCCACCTTCTGGAAAATTTTTAAGGCCTCAGGCATTTGTTCCTGAAGACGTGTAATTCGCGTCTCATGGCTTGGATGGGTGGAAAGAAATTCAGAGGGGGCTCCCTCACTTCCTTGTTGCATTCGTTGCCACACCCGAACCGCTTCTTGAGGATCATATCCAGCTCGGGCGGCCAGAATCAGCCCAATAGAGTCGGCTTCGGATTCGTGCGTTCGACTGTAGGGGAGGAGGATGCCGACTTTTGTTCCCAAACCTAAGGCGGCCATCGTGGCCTGCCCCACAAGAGGGCCCGCACCACTTGCGCCCAGACCCACCGCAGCAGCAGAGAGCCCGGCTTGAGCAAGCACCTCCTGACTCATACGCTCCGAACCATGCCGCGCGAGGGCATGGACGACCTCGTGTCCAAGAATGGCCGCCAGTCCGGCATCGGTTTTCGCTACGGGGAAGATTCCCGTATAGACGGCAATCTTCCCGCCCGGGAGGGCAAAAGCATTCTTGGTCTGGTCATCTTTGATCACGGTGACCTCCCATTTAAAGGCCTTGGCGTCTTCCGCAAATTTGGATTCTTTTGCCGCTTGGATGATCCTTTCCGCCACACGTTGAACCGCTTCTTGTTCCTCAGGAGATTGAGAGAGCTGAACCTTCGGATCGGATAGAATTTGTTGAAAGGCCTGTTCTCCCATCTCTGTGGCCTGGGATTGCGGAACCACGACAAGTTGGGAGCGATCGGTATACGGAACGGTTTCGCACCCTACCGCCATGCCTATCAAAATACACACAATACAGAAATGTTTAACCTGCTGAAGACGAGTATTCCTAACTTGGTTATGCATGGATGTTCTCACTTTTTTCGGAAAAATTTTTCGTTCGTTCCCTCGGTTTTGTTTGAAAATGTAATAAGATGATGACGGTACAGGACAGGAAAATGCAAAAGACAAGTGACTTGTGACTGGTGGAGGAAATGTCCAGATTGTCGACAATCAGTCTCCTTTCCCGAAGCGTGTGATGTGAAGGCAGTTGGGCAACTACTATGATTTCAGAATTCCGGACGGCAGGGATGGTGGCGTATTCAGGTCAGGATGTGTGATCTGTTGGAATGGGGCTTAGGCTGGAAAATGACGAATGGCAAACTCAATACGATCCTGGACCGAGGTGAGACCTTGTGCAGATTGTTCTACCAGGTGCAAGCGGGGAAGAAGTCCGGAGCGATTCGCAATTTGAATATTCAACCCTGGGCGGGCGTTCACCTCCAACAGTAAAGGGCCCTGATCTCTATCCAGGACAATATCAACTCCCAGATATCCCAATTTAAAAATATCGTAACATTGGGACGCCAATGCCAGAAGATTCCTCCAATTGGGAATGACAAGACCCGTGACGGAATTATTCGTATCAGGATGTTCGCCGACGATATCATTCAAAAACACCGCGGTTGAAGTTGTGCCGGTTGCCATATTCACACCAACTCCTAAGGCACCCTGATGCAAGTTGGCTTTTCCATCTGACATCCGGGTGGGCAGGCGAACCATGGCCATGACAGGCACCCCGAGAAGGACAATGATCCGGATGTCCGGAACCCCCTGATAACTAATAGATTCGAATATAGGGTCAAAATTTACGCAATATTCTATGAGGGCAGTATCGGTCGCTCCACCTAGGCTATACATTCCACTTAACACGTTGGAAATATGATGCTGCAGTGTATCCAAGGAGAGGATCACCCCATTGGCTTTTCGATATTTATCCTTAACCAGGCCCTTGATGACCACGATCCCATCGCCTCCGCTTCCATGAGCGGGCTTAATCACAAATTCGGTATGTGTACGTAATAATTTGGGAAGATCGCGGATTTGTCTTTCAATTTCGATTTTTCCGTAAAGTTCTGGAACAGCCATGCCTGCTTGGGAGCAG
NZ_CP116967.1_gap59	2646736	2649942	3206	CTTCATAGGAATCCGGATTGTTTTTGGTAAATCGTCGAATCAGACTTAATGTTAACGAGTTGGTCTCCGCAGACTGTTTCTTGACTTCCGAGAGAAGAGCCATGGCAGCTTGAAGAAAGGCACCTTCAAGATCGGGGAGGTTTCCCTGTAAATCTTTGGGCTGCTGAAGAGCATCCGTAAACTGTTGAAATTCCGTTTCCCAATTCTTCATTTGGCGAATGATGCCGCGATAATAAAGAATCTGGACCCCTTCTGCATGACGTTTCGACCAGGTGACCACCCGGTTCGGTCCTTCTGATTTTTCCGTGACGCCATATTCCTGCCCAATGAAAGATTCTGTGGTGATGATATACGGCAGAATGGATTGCGGGGTAAACATGGACACCTGCACAGGCCCACCTATAGCTTGAAAGCTGATTCGGCTCTCCACGTTCCACACTTCAGATGTACTGTCGGGATTGAGCGGGAACCCCAGCACGAGGACTTTGTACAGAAAAACGGAAAGGCCCAAAAGAGAAAGTAGGAAGATCAGGGATATGAAATGAAGTCGGTTCACTTTGTCGTTTGAGAGGAGCAGTCGGATTTTAAAAGATGGGTGGTGGAAGAATCGACGATAAAATGGTGTGCCAAAAACATTCGCCCAATCAATAATGGATATTTGTAATTACTGCGATCGGCTAGATTCACTTCCGTGGTTTCAACATGTCCTCCCAGACAGAGATTCAATAGCACAACCGGGCGCTCAGAGGATTCCTGCTTGTGTCGTTTGATTTTGACAGTCCGGTGAACCTTGCGTTCGAGAGTGACCTGTGTTCCGTCCTGGCTTGTGAGGTCAAATTTGACCCAACGTTCATCATTTCGGGAAAAAGTGGATAAATTTTCGGCGTGCAAAGAGGCACTCATCGCTCCGGTGTCCAGTTTGGCCTCAAGACGAATTGCATCCGGTAAGAGTATGGCTTCCTCCACCCAGCCAGCGCGTATCGGAGAGTCCTTCGCCATAAGGGGTGTGGCAGGTTGGAAAAGGGCTGCCCAGAAGGTCAATATGAATGCCACGGGGAGTGGTGCCTTCAACAGAAAAACCGTCATGAGCAGAAACCTGCGGCTCAATAGCATGGAAGATTTGGAGAAATCCAAACCTTTATCCTTATTCTCCTGAAATTTGGTTGCAGATACCGGGAATGTTCTAGAAACGAAATTTCCTTGGTAAACACCAGGGTGTTTGAAATGCATTTGGGGCTGAATTTCCGCATAAGATATCACAATGTCATATGGAAATATAGTTTGATCTAGGAAAAGGCCATGGAGTGAAGGCAAAGAAATGAAGGGTTTTCCGACATAAATCCTTCCGAGTCCCCTCTTTGATAAAGGCAAAGGGAAGGTTGTTTCTGCGCTGTTTTGAATACTTGATCCGGTGGTGTTTGCCTGATAACCCACAGAACTTGCCCACCGACACTCTACTTCCAAAGGAGAGGAATTCCAAGCCTATGCCCATTCAAAAAAGACTACGAGTGGAAGTGCCCATGAAAAATCCCGAAGAACCGATATGAATAACTGGTTGAGGCAGATGAGTAGTTCCATGCGCTTATAGAATATGGATGCGGCCTCGATTGTCATCCCTTATCACTGTTTCAGGCTGCACGATGAGTACCGCTTCACCGCCCGATTAGATCAAGGGCTGTTTGCAGATTTTCCAGGGAATAGGGCTTTACCAGAGTGGTGGTCGCTCCGAGGGAGTACGCATGGTCAATCACATTCCGATCAGAATGCGTCGTCGTGAAAATAATGGGAATAGTTGCGAGATCATATGTCGTTCTTAAGGTGTGGATGAATTGAAAGCCATTCATTTCCGGCATCCGATAATCACAAATCACAAGATCAAATCCTGAGGAGCGCAATATGCAAAGACCTTCGTGACCACCAGCCACCTCATGACACACACATCCTAAGGAGGATAGTCTGGTTGTTAAAATTTCACGATGATCCGGATTGCCCTCCACGATTAAAATTCTCATTTTAAGTAGCCTTTGAGTTATGTGGGGCTTGTCGATTCATTACCCCTCTCCGTCAGTCGAGGGGAGTGTCAATTCTGACAGCACCTTTCTTCTTCGGCCTCGACTGCTCATGATAGAAGTGTATGGTCTCTTTCTTCATTATCACTATTTTCATGTGAATTGCCATGAACAACACAACGGAAGGAATTTTGATTTTCGTCCTTAAGTGGTTGACGGCTGTACGCGACATGGTCTTCTCATGAGCCATTCTGACCTATGGCATTGGCACTCGTGGGGGTGTTGCAGTCGTCCGTCCCTCAACAGGGAAGAACCCGGACAAGGAGATTCCGGTGTGACAGCCTGAGTCGAATGGAGCAAACCTTATACATTTGATTTTTTCTGATTCCCGATTTGTCCATTGGTCGGTTTACGACGATCATGCTACTCATAGGGAACAAGACGGCAATTGAGAATCTGGTATGAAGGATTCAACGTTTGATGTTGGACACTCAACAGTTTTTCAATTGAAAATTACATTCACTTCGCGAGGAGGTGTGCGATGAAAAGATTTTTAACTGTGTGTATGGCAACCGCGTTCATTTTGGGTACGACAACCCTGGGAATGGCCGGACAGGGAATGAAGGACGTTTCCGCTGAGGAAAATGTCCCTGAAAACATTCAACGAAGCACGCCATCCGCTGAGCCCTCACTTGGCGAGGGCAGTGGGCCTGGAAGCCGGTCGGATCAATTGACCGAAATGGAAGATGTGGATGCTAAGAATCCTAATCTGTCCAAGAAGGAAGGGAAGGCCGCACAGGCCGCTAAGGAACTGCAGGACAAGGGTCCTCACGCTCCAATTTCCAGTCAGAGTTCATCCCAGAAAAGTCACTGATGCACTGAGGTGAATTGCAGCGTGTCGCCGTGATGAGTTGGCCGTCAATGTGGGTAACCGGATTGACGGCCAATTCCTCGGTATCACAACCTAACTCAATTCGTGAATGTAGGTGCGATGTGCGGAAAGCTGGTGTCAATGGTCGTCTGGACAGGATAAAAAGAATACTGACTTAATTAAGAAGAGGACATGACATGTTAAGAGATCTCAATAAAATGAAGAACTGCGTGCTCCAGGGTACAGATGGAATTATCGGTACTGTAGCAGACGTCTATGCCAATGATCAGACATGGAAAATACATTATCTCGCTGCTGACACCGGG
NZ_CP116967.1_gap60	2654232	2656827	2595	GATTAATGAAAGGGAAAAAAGAAAAGAACCCAGTGTCCCGATAATGATATTCGTAAAATAAAATACCTGCCCGGTTCCCGAGAAAAAAGTTTTCAGCGTGGCGAAGGGATTACTCTTAATATTGGTGGAAACTTCGTAAAGCCTGCGGGAAATGTCTTCGAGGTCCACCTCATACCGGTGAGCCAAAATGGAAAGATATGTCGGGACTTTTTCAAAGAAATTTCGCAGTTGATCGACAAGAAGTGGTCCTATCCACAGGACGAGGCCACTGAACAGCACGCACATGATCATGGCCATGAAGGCCACGGCGACCCATCGCGGCAACCTCCAGGCCTGTTCCACGTAATCCAGAGTTGGGTCAGCCAGGTAGGCCAAACCCAGACCAATTAAAACCGGTACAAGAATGGCCTGTAATTGCAAACATAACCAGAGGAACCACACAACCACCCCGAGTATACACAATTCACGAACGGCCACGACTTCCCAGAGATGGAGGTTCCTGGAAAGTTTTCTTCTGGTTGTGGAGGGAGCCGGCAATGGCATACATGATGTCCAATACGAATGTCCTGGCAATTATTTACCATTCTCATCTCTACCAAAGTTCAGGATGCTCCTACATGGATAAAACCTCGCGGACCCTTCGTAACTTGTCTATTTGAATGAACAACGTCAGGAGACATCATGGGGAATCAGGAAGAGATGAGTCGACAAAAATTTTTCATTAAAAGATTTTCCATTGAGTGCATGCTCCTTTGAAGGAAGGAGTAAGTGGCCGGAGATGGCATTGGATTTTTTAACGTGCCGGATGGAGGACAGAATGGTCGGGACATGGGCGGTCAGTCTCACTAAAGCAGGTAGCCATTCTTTACAGGGAACCAAAAAACGTTCACCTGTGACACCTCCGCCTGAACCTGAAAAAAAATCTCCGCCCATCGGTCCTCCTAAGCGGGATCCGAAGCCGGAGCCGATTCACGATCCACCCATGCCGCCATCGCCGGGATCCGATCCTGACGATGAACCTCTCCCAATTGGTGACCCGCCTGATACGTCGGATCAGCCTATTCGTATGAAACTCACGGCAGGCGGCTTCCTTGCTGGACGGCCGTTGAGTTATTCCCTAAACAGGGAGGGGTTCACTGGCATGCACACACGTGATCCCATAATCTGTGATCCTCTTCAACCTCGTGAAAGGAGGTTTCTATGACGATATTAAAATGGGCCGCCATTTTCTTTGTCATTGCGCTCATCGCGGGCGGGTTTGGTTTCTCAGGAATTGCGGAGGGAGCGGCCGATATTGCCCAAGTATTATTTTATATTTTTCTCGTACTGTGCGTGGTGATGGTCCTCATCGGTGTGTTTGTGGCCAAAAAAATTACATAATGTCCTCCTGGGGACAATGATTAGCATGACCGGCCAACAGCTCTATCTCACAAGCTGGCGGGAGGCGCGAACATGAGAAATTATCTTTCCTGATAAAGAGGATGTTATGACGAATCAAGAAAAAGCCAAATTGATTGCGCCCTGGATCAATCCTGCAGAACGGGTCACGGTGGATTTTAACGATGTGACAGGATTGAATGCTGAAGTGTTCGGATGCACCGAAAGCGTGGTTTATTTGTTATTTCAAGAAGCGTTCCCGCATATGAAAGAACAAGTCACCATTCCGTTGAAAGCGGTCCAGGTGGAAGAGGATGATGGACATTATACCCGGGATCCCGATGCCCCTCTTCAATGGCGATTGCGACTCCGGGTGAATCAAAACCGTCCGGAAGGAATATGACATCGCTCACACCGCACGCGGAGTAGGTCCAACTCTACTTGATCCATTGGATATGTCGATTAGGAGGAAAGAATTCGGGAGGAAGAATTAGACGATGGGCGGACATGACCCCCACAACTTGTCCATTCACAATTTGTTGGGTTTCGGGCTATCGTGAAAGTAAGATCCTCCCAATAATTCTATTTTAACGAAAGGAGAAAACGATGAAATTAATAGCAAAGGAACGCATGAAAGTAGGAACTGCCGTGATGGCCTTGTGCTTGGGCATACCTGTCCTGGCGCAGGCGGACTCATCCTATGATTACAGGGATCGATCGCATGTCGACACACGCGGGTGGTCGGATTCCCGTTATTATGATGCCGATCATGACCGGAATCGCGATCGAAATAATGATAACCGGGGGTATTACACAGACCAATATGGTGATCTGGATACCATGGAGGATCAGGACAATAACCACAGGTATCGGGGAGAGGGATATGTGACTCAGGACGGATACCGGTCCACCGCTTCCCATCCACGGAACCCGAATGATCTTCGGCGTGCCGACCAAACCATTCGGCGAGATATCCTTGCCGAGCTGGGCGAGGGCACCGATAGAGTTCACGTTAGTGTAGAAAATGGCGTCGCGACGCTATCCGGCATGGTCTTAAATCGTGAAGCCATGATGGAAGCGGAGGAGGCTGCTTATGATGGCGGCGCGCGAAAAGTGCGAAACGAATTGCAGGTATTTCGATATGATGAGCGACCGTGGGGAGAGATGAGTGATAGGAGTTTGGCCAAGGCTGTGAGGGAAGAATTGGCGTGGAGTCCC
NZ_CP116967.1_gap61	2664867	2669749	4882	CTTGCACGTCCGGATAGAACAAGGTCGTGCGATTCTGACAGGACAGGTGGGAAGCGTGTATGAAAAAAGTCGGATTGCCGAACTGGCATGGGTCGAGGGTGTCCGGTCCGTGGATGTGAGCGGTATCGTCATTAATTGGGGGTCGCAGGATCCGATGATGCGGACTCAGCGTCCCGTGTTTACGGACAGGGAAATTTCCAATGCCATTCAAAAAGTGCTGGCGTATGATCGTCGCGTCGCTCCATTCGGGATCAGTGTGACCGTAAAAAACGGGACGGTGACCCTGAAAGGAAATGTCCCCTTTCTCTCCATTAGACGTGAGGCTGAGCAAAACGCCAATAATACTGTCGGGGTGCAATCCGTGAACAATCTCATAACAGTCCAGTCCAAAGCGACTCCAAAAGATGCCGATATTCATGCCCGGTTATTGGCCGCGTTTTCACAAGATCCTGTCTTGGAGCCCTTCACTCTTGGGGGGGCGGTCAAAAAGGGAGCCGTCCTGCTGACGGGGACCGTCGATTCAATTTATGAACGAAATCATGCCGAAAACGTGGCTTCCCGGATCCGAGGCGTGACAAGCCTGACCAATCACATCAGCTTTTCAAATCCCGAAATCGAAAAAACGGATTGGGAAATTCAACTGGATTTCGAAAACCAGGTGTGGTGGAGCCCATTCTTATCGAGCCAGGATATTGTGGCGACGGTGGAAGATGGGAAGGCCACCTTGTCCGGATCAGTTCAACATATGCACCAACGGCTGATGGCGGAACAGCAGGCGTTTGAGGCGGGAGCCTCGATAGTCATCAACCGGTTGCGAGTCGGAAAATCTCTCCCTGCTTCTAAGTTGTCAGGCCAAGAACTTTATGCCCGACGTTGAAATTCCGGTCGGGCAAGTTCAGGACAAATCCAATTCACGCTGACCCACATCGTTTCAAGTGTTGGATGCCCCAAAGGAAGGGATGAGATCCGCTCCATGGTTGGATTACGTAATTAACCTCAAGGGTTAAGGAGAGTGGCGCAAAAAACCGGGATGCGTAAAATTGAAAGAATTTTTTATACCGTTGTTATTCTCATCACCTATAGGGAGGTCGATTGTTATGAAATGCACCATTAGCACCCCTGGCCAACATGTGGTTCTGACACTCACCGTGGATCTCAGTATTAATACCCCTAATTTGAGTCGAACCGATTTAATATTGGATCGTGTGGTCTCGTCACCGATTTCCATCCTCATTTTAGATTTACGGTCCTTGTCATGTGTGAATTCCTTTGGGACCTGGACCATCCTCCAGATTGTATTTAAAGCCAGGGAGCAGGGGAAAGGTGTGTTCCTTTACAACGTACAACCTTCTATACAACCCTATTTGAAAGAAGCGGGAATACTTGAACTGTCCACCACCATTGATACCCAGGAGGAGCTTGGAAATGTGTTGGAAGGGAATTACCGGCTTCCGAGGTCATGTGCAAATGGGGGAAACGTGAAGACCTCATTTCAGGAAAGCCAAGTACCATCTGCCGGAATAGCATCGTTGTAGAAAAAGCGCCAGGCTTCAGAAAGGTATTTGTCTTGTTGCGAGGCGTAGGGACCCAGAAGGAAGACCGACGAACAGAATATGTTGATCCCGTGTAAACGACTGGGCAGGGATACCAAGGGAGAATAAAATCGGATGATCTTCGGCGCATGCGCTTTCGTTGAAACTGTGAGGTAGGGTAAAGTTCACACGCACTTTCCAGAAAGCCGAAGCTTCCAGTGACTAGAAAAAAAACCCCGTCCAAGGATCGATTAGGCCCTTCGCCTTCCCTCCCACCGAAACCATCTTCAACTGTGCAAAAACCACGGAAGTCCCTACGCCCCTCAAAGTCTCCTTCTTCTGCACCAACCCCTTCACCACCTCCCCAGGGGGGAATGACTGATGCACCGTCCAACGCTTTTCCCATCGTCGGGATCGGCGCTTCGGCCGGAGGACTCGAGGCATTGTGCCGGTTCTTTTCAACACTTCCAGACAATAGCGGAATGGGGTTTGTGGTGATCCAGCACCTGGCTCCCGATCGCGAAAGCCTTATGCCGGAATTGCTGGCGCGGAAAACCTCGCTGCCGATTCATGTCGCGGCAGATGAAACGCTAGTCGAACCCAATCATATTTATATCATTCCGCCCAATACGCAATTGAGCATCGATGGTGGGTTTCTGCGAGTGGACCGGCCTTCACAAATTCATGGCTTTCGAACGCCCGTTGATAAGTTTTTCAAATCCCTGGCCGAAGATCAAGGTCCATTTGCCATCGGGGTGATTCTGTCCGGCGCGGGGTCCGACGGAGCAGTCGGGCTTCGATTCGTGAAGGAACATGGCGGGTTAACGATTGCCCAATCAACGGAAACGGCCCAATTTTCCGGAATGCCGACGAGTGCCATTCTGACCGGATTAATCGATTATATCCTCCCGGTCGAAGCCATCGCGGAGGCGCTGATTCTCTATGCGAAATATTTATACGATCTCCGGGACGGAAAGGGCCTGGAAACCCTTCGTGCCGAAGCGCTGACTCACTTAGAGGTGATTTGCTCGCATCTGTACCGTCGGACCGGACACGATTTCCATGGTTACAAACGGAATACGATGGGTCGGCGGGTTCAGCGGCGCATGCAGATTCTGCACATTACCTCTCCCGCGCAATATGTCAGACGATTGCGGGAGGACCCGGAAGAAGTCGATGCGCTCTTTAAGGAGCTGTTAATCGGTGTGACCCAATTTTTTAGAGATCCGGAAGCCTTTGCGTTTTTCTCCGACACGATCATCCCTAAGATCGTGAAATCCAAACACAACAATGAAACCATCCGGATCTGGATACCGGGTTGTTCGACGGGAGAAGAAGTCTATTCGCTCGCTATCCTTTTTTATGAATACCTCCATCGGGAACATCTTAACATTCCTCTTCAAATCTTCGGGACGGATATCGATGAGCGGGCATTGGATATTGCCCGCCGTGGGCAATATCCGGAAAGCATTCAGGAAGATGTGCTGCCCGATCGACTGTCCTTGTTCTTTGAACAGGACGGGTCCTGTTATCGGGTTGCCAAGGTGATCCGTGAGGTATGCATTTTTTCCTTTCATAATCTCGTCGGTAATCCCCCGTTTTCTCGCATGGATGTCATATCATGCCGGAACCTGTTGATCTACATGGAACCCACTCTTCAGAATCAGATGTTTGCCGTGTTTCATTATTCCCTCAACCCGGAGGGCTACCTGTTTCTCGGCGCGTCGGAACAGGCGGAAGACCAAACCCGATTCTTTCGCCCCGTGAATAAACGCTTTCGGGTATTTCAACCAAAAGAGATCATGCGCCGCACGTTTCCCAAGTTCCCGATACAGGGACCGCGTGGCACCATGCCCACTCCGAAACCGGCTTTTTTCCCCCAGATTCAGGATCCCTTCATTCACACCTTCGATCAACTGGTCAGAGAGGAGTACGGCCCTCCCGGGGTGTTGATCGATAAAGAGTGCCAGGTGCAATACGTCTCCGGCCGGACCGGGACCTATCTGCAGCTTCCCTCCGGTTCGGTCAACGTGAATTTGATCAATATGGTCATGCCGGATTTGCGTATGCCGTTGCGATCCGGCATTTTGAAGGCCGTGAAAACCGGCAAGGAGGTGGTCCTCCCCAATATTCAATTGACCGTGAATGATGATATGCAATCTGTGGATATCATTGTCCGTCCGCTTTTTCATGCCAAGCAATCGTCCGATCTGCTGATGGTGGTCTTCCGTGAGAAAGGGCTGATCCGGAAACCTTCCAAAGACTCGAAGAAATACTCGAAAGGCGAGCACCGGACGATAAAGGAATTGGAGCAGGAAATTGACTCCACCAGGGAGCATTTGCAAACGGCGCTGGAAGAACTGGAGACCTCCAACCAGGAATTGAAATCTTCCAATCAGGAATTGATGTCGGTCAATGAAGAACTGCAATCCGCGAATGAAGAATTGCAAACGTCTACCGAGGAATTGCAATCGATTAACGAAGAATTAGAAACGGTCAATGCTCAACTGTCCGGAAAATTGGAGGAATTGGATCACGCCAATAGCGATATGGAAAATCTTTTCCGGACGACGAATATCGCCACATTATTTCTCAATGCCGACTTATGTATTCAGAAATACACTCCGGCGGCCCAAAAAATGTTCCAGTTTTTAGATACCGATATTGGCCGACCCATTACACAATTGTCCTCATTTTCCAGAGACGAAACGTTATTGGCAGGTATTCGGGACGTGCTGCGCACCTCACGGCCCAACGAACAGACTCACCGAATTTTTCAAGACCCTCGGACATTCTTCACACGAATGACTCCCTACCAATCCAGTGACGGTCAGACCCAGGGAGTTGTGCTGACTTTTGTGGATATTTCGAAGCTTCGCCAGGCGGAAGATCAAGTGCTCCGTTTCTCTCAACAACAGAAAGTGATGGCGGAGTTCGCACAGTTGGCGCTCCAGGAAAGAGATGTGCAGAAGGTCATGGACGAATGTGTCAGACTTCTGAGTCAGACCTTACCGATTGAAATGGCTAAAGTGCTGGAAATATTGCCGGGAGAACGGTCCCTCCTTCTTCGCGCCGGGGTAGGATGGAAAGAGGGATTGGTCGGCCAGGCCGTGGTGAGTGCCGATCAAAACTCCCAGGCAGGGTATACGCTGATAAGCCAAAAGCCGGTTATCGTCAAGGATCTATCGGCGGAAAGCCGGTTTTCCGGTCCTTCCCTATTGATTGATCATCAGGTGGTCAGTGGCATGAGTTGCATTATCCGGGATCAGGCAGGCAATCCGCATGGAGTCCTCGGTGTGCATACAACATCACATAGGGAGTTCCGGGAGAAGGAGGTGGAGTTCCTCCAA
NZ_CP116967.1_gap62	2700897	2704342	3445	AGCGGGATGGTCGAGCCGGTCTTTGACTTCCTCCCAGAGACCAACTTGCTGGAGGACATTTTCCATGGCGGAGGCCAGGAGCGTGCGGTCATACGTTCCGTGTTCACGGAGGGGAAGTTCCAGATTTTTGCGAATCGAAAAAGGGAAGACGGTGGGTTTTTGAAAAATCATTCCCACGGTACGACGCAATTGAAGGACATCGGTCGTCGGGGCGAAAACATCCAGTTTTTGCATGTGCAGGTTCCCCGAAACCAGGCATCCTGGTATCAAATCCGTCAAGCGATTGAGGCTCGTGAGAAAACTGGTTTTCCCGCAACCTGAAGGCCCCACTAATGCCGTAATGCATCCCCGGTGAATGTCAAAAGTGACATTCTGAAGGACCTGACGACCCTGATAGGCGATAGAAAGATTTTTCGCACGAATATGGGGGATAGGGTCACAACAGGGTTTCGTGGATGGGTAGGGAAGCCACGCTCTCAATCCGGACCGTTCGTCGGGATCAGGGATTATGCGGGAAGTTGATTGAATGACATCCATCGTGTGGCCATCCGGGAAGAAAAATAATTAATGATGAACAAAAGGCCCACTAAAATGAGAGCGGCGGCATAGGCATGGGGATTGCCCCCGGCCACATTCATGGCCAGGTCGTAGATGTGCACAGCAAGAGATCGTCCTGAGTCCATCAACGATTCCGGCATCCGGTCCACGTATCCACTGGTAAAAATCAAGGCTGCGGTTTCTGCAATAGCTCGGCCGAGTCCGAGAATGACTCCCACGAGAAGGCCTGGCATGGCCGCAGGGAGGAGAATGGTTCGAATGGTGGTCGGCTTGGAAAGGCCAAGGGCTGCTGCGGATAATCGTTGCTCATCGGAAATGGCGCGAAAACTTTCTTCCACTGTGCGAATTAAAATAGGTAATACCATGCAGGCCAATGTCAGCCCTCCGGAAAGAATGGAAAATCCCAATCCGAGGATTTGGCAGAACAGGGCGTTGCCAAACAGTCCGAAGACAATTGACGGTACGCCTGCCAGCACATCCAGTGAGCCTCGGATCAGTCGGCCCAGGACATGATCATGACGGGTGTATTCGGCAAGAAACAGTGCGGTCCCCAATCCCAGAGGTAAGGCCACTCCCATACATACTCCGAGAATCAACAATGTGGATACGAGGATGGGGCCGATTCCGCCTTCCCGCCCCGCATTCTGTGGAGCAGAGAACACGAAGCTGAAGGACAGATGGTTCAACCCGTTCCAGAGTAAATCACCTAGTAAGCAGAAAAATGGTACGGCGACCAGGGTGGCCGCCATCCAGATAATCGCGGTCGTGCCATATTCTTGTAGGTATCTACTTCGCCGGAACATAAAAATTCCGATGTCGCAAGCCCTCTGCCACGCTGACCACCAGGACGACGAGTCCCATAAGGAAAAGACCACTGACAAACAATGCGGCCCGGTGATCGGCCAACGCATAGGACATTTCCAGGGCAATGTTTGCTGTCAGGGTTCTGATCGGATCAAACAGATGGGACGGGGCGCGAACGACGTTTCCACAGACCATCAGAACGGCCATGGTTTCTCCTAGCGCCCGCGCCAATCCCAACAGGATACCGGTGAAGAGTCCAACTTTTGTGGTGGGAATAATTACATGCCAAATTAATGACCCTCGGCTGAGTCCCAAGGCTGAGGCACTCTGAATATAGGCGATGGGAACGTGGGCAATGCTCGCGAGGGCCACTAACATGATGGTGGGTATGATCATGAGCGTCAGGATGAGGATGCCGGCCAGCAGACTCGTTCCTGGAGGGTGCCAGCGGCCGATGATCGGGACCAGAACCATGAGACCCCAGAAGCCGAACACGACTGAAGGAATTCCTGCCAGGAGTTCGACCATGCGTCGGTACCATCGGCTTAGTAGAGGGGGGGCATAAAAGTGACAAAAGATGGCTGACAGAATGCCGAGAGGCGCTGCGAGGAGAACCGATCCGGCGGTCGTCAAAAGGGTACCCCAAATCATAGCCGTCAGCCGATACGATTCATCATTCGGGGACCAATCGGGGTCGTGGAAAAAACGCGCAAAACCAATGTCCTGCAAGGCCGGCCAGGATTCATAAAGGAGAAATGCTACGACCAGGAGCAAGAGTCCACCAGCCATCAACGCGAGAAGGCGCACACTCCACGAGAGCAGGAATTCACCTTTGGAGCGGGACGAAATATTGTTTGAGAATGAGATCATTGGCCTGAGAGGACCGCGCGAAATCAATAAAGGTTTTAATGAGTCCTGTCGGAAGAGACTTTGTTACAAGCGTCAGGGGACGCGAGAGGGGAAACGTGCCTTCCCGGACCGTTTCAATCGTGGCCGGAATGTGGTGCAGGGGTAATAATCGGATCGGTATGCCGTGGGTAGCATCATACTGTGCTGTTCCAATGGAGACATATCCAATCGCATGAGGGTTGCCGGCCACGGTCTTTATGCCTTGTTCATTGTCTCCGATGACCACATGAGCGTGAATGTCGCGATTGGAGATTTGGAAATAGTCCAGAAATAATTCCAAGGTGGAACGCCCTTCTGCTTTGTTCACGACGGTAATGGGTGCATCAGGCCCGCCAACCTGGTTCCAATGGGTGATTCCCCCGGTGTAAATAGCCTTGATTTGGTCATCGGTTAATTCCTGAACAGGATTTGATCGATGCAGGATGATGGTGATGCCATCATGGGCAATGACGGATCCATGCAGCTGGTGTTCTTGAGATTTAAGCGCACGAGATGCCATCCCAATGTCCGCGACTCCATTCATGACGTCAGTAATGCCGCGAGAAGAACCTCCCGTTTGGATATCGACCCTGATATCCGGATGACGTGTCTCAAATTGTTTTCCGATTTCCGCGATCAGGGGAGCCATGGTACTGGATCCGGTGATGACAAGCTTGTGTCCTTCAGCCTGGGCAAGCGATTCACCTGACAAATCTATCGTGCAGAGGGCGATGACTCCTATGGTTGCAAAAAGGAGGGCGGCAAGAGAAATATTTTTCACCATAGGTCTTTTCAAACAATCCAGGAGCGATCTTAATCAAAAGAGATTTTACAGCATCCAAGGTTGATGGCTTTTCCACTCGTTGAATCGGCGACATTGTCCGGGAGTGTGTAGATCATGGTTTTTCCCTCCCGTGTGGCTTCCACCAGGCCGTTATCCCGCAACACGCTTAAATGATGGGATAATAAACTTTGTTCCACGTCCAATTGTTCCATTAATTCCCCGACATTTTTTTGTCCGGACATAAGAGCTTCAAGGACCGCCAATCGTGTTGGATCTGACACCACCTTTAATTTGCTTGCACAGGAAGGAGAAGTGTTTTTGATTTTCATTTCACGGGAAAATAATGAATGGGAAGTCTAGATAAATGAATGTATATTCATATGAACAGAATTTAATAAGAACGGTCGTTAT
NZ_CP116967.1_gap63	2900101	2901028	927	GCCTGCGCTGCTCGCCGAATCCAGCGGGGGGCAAACTCGCCTGGCTCAAACAGTGCCCGCCTTGTTTCTGATTTCGTCTCCGCGTCTCGGCCACGCCGAAATGGCAGACCCACTTGTTTTCTTGGTCCAGCATGCGGGCGGAGCGACCGAGATTCTGGTGAATCAGCAAGAGCCCAGTGCGGGATAGTTAGAGTTAGGGGATTTGCCATGAATCCGTGGCAAAATTCTCGGGTAGCCATGGCAGGGGAGGGGAAAGGTTTGCCATTCAGTCGGTACCAACTTTAGGAATAGCCCAAAGCATTCAGTAGGTTCATGTAGATCATTGAGTCAGCCATCAGGAAATTGACAAATGCGATCTGCCTGTTTAGCCTTTCGGTGGTGCTACCAGGAGCTAATCTGCACGGGGAACCGGGATGAGAGGAGAACATACATGCGAATCCAAGACATTCCAGAAATTGACCGATTAAGCACGCCAGAAAAAATTCTGCTCGTCGAGGAGCTCTGGGATCATATAGCGTCCGATCCATCCGCCGTTCCAATTCCCCAAAGTCATGCCAACGAACTCGAGAGACGACTTCACCGTCAAGAGACCCAACCCGGCCCCCTGCTCTCTTTGGAAGAATTACAAAGCAGAATCGATCGTCGTAAATGACCTATACGCTTCGGTTCCTGCCGGAAGTGGAGGACGATGCCGTTGCCGCATACATTTGGTATGAGCAGAAGGCGCCAGGTTTGGGTGCGGAGTTTTTGCGTACCTTTTATGGGGATGCCGGGAAATTATCAGAAAATCCATTATTGTATCCGATCCTACATCTCAAATTTCGCCGTCGGTTGCTTCGGCGATTTCCGTATGCCATTTACTTCGGTACAGAAGAACGCGAAATTGTGGTATTCGGTTTTTTTTCATTGCGCCCGCGATCCTCGGGG
NZ_CP116967.1_gap64	3095031	3096337	1306	ACTCCCATTACAATCTCTGTATCGGTATGTGCCCATAATGCTTGCGGCGCGAGAATGGGTGGATTTTATGAAATGGCATAGAACGTGAGCTATTTGCCAAAAAGGGCAAGGAACTCATTGGGATGCTCACCACACCAATAACGAGTGGATGGGCTAGGGGAGCAACAGGCATGTCAAAACAATGGTGTAACCGGAATACCTTTGAAGTCGAACGATACCAAGAAAAGATCAGGTTAATTGATCGTGTGCCTCCCTTTCATGAAATCCACCAGTCTCTCACTACCTCCCGATTATTGTGTATATAGGGAAAATGGTGTTTGCATTTAGCAGGAATCGTTCAAAACCAACTGATCTATCCCCCCTTCGTTTCCTGACAGATTCGCTAAAAGACTTGGGGGATCAGAGGTCCTTGAAATGCGGAGTGCGCTTTTCTAGAAAGGCTGCCAGCCCTTCTTGTTTATCTTCGGATTCGCAAAGTTCTCCAAACAAGGTTGCTTCTACCAGCAAACCCTCACGAAGTTTCAAATCCGATCCCCTCTGAATGGCCTGAAGGGCTGCTCGAACAGCACTTTGACTTTTTGAGGCAATCCGACTGGCAAGTCCGATAGCCTGCGGCATCAAATCTTTATCAGAGAAAACCTCAGACATCAGTCCACATGTTTTGCCATCCTCTGCTGAGAGCGAATCCCCCGTCAAAATCATTTCAGTAGCTTTCGATTGGCCGATGAGGCGAAGCAGGCGTTGGGTCCCGCCGAACCCAGGGATCAGACCAAGATTAACCTCCGGTAGCCCGAGCTGAATTCCTTCAGCAGCTAATCGGAGATGACAACACAATGCCAATTCCAAGCCTCCGCCGAGGCAGATGCCATTGATGGCTGCGATAATCGGTTTTGGCGAAGCCGCGATTTTATTAAAAATTCTTTGGCCGGTGAGGGCCAGTTTTTTCCCTTTTGGCTTGGATCCGATTTCTGCCAACATCCGGATATCGGCTCCTGCAATGAAAAACCGTCCTGTTCCGGTGATGATGATGACCTTGACTGGATCATGATTGGCCAGATCGTCCAGGGTTGATTCGAGTTCACTAATCCCTTGGGGTGTAAGCACATTTGCGGGAGGATGGTTGATCGTCACCGTCGCGACATGATCTGCCGGGTGTTCGGTTAGCCATATGCGAGGAAGTCCACTCATGGTCTTGTCTCCTCTGGAGAGTCGTGCATCTTTGGCCTGCATGCCATAGCCGAAGCCTTAAGCCATACTTTAATAATATAAATTTATTATAACATAATGATAGAATATTATTAGTTTA
NZ_CP116967.1_gap65	3097483	3101014	3531	AGCCGGCGGCAAACCCAAATGAGGCGCGTAGGACAGATGGCTGCGGATCTTTTTGCCATGGAGGCCCTGTCCTGGCTGGTGTGGCGTATGGCCGATCAACATGCGTATGACATTCGTATTGAAGCCGCCATTGCCAAAATCGCGTGTTCGGAAAAGGCGATTAATTTTCTCAAAGGTGCGCAAACAATCTTTGGAGGGATGGGATACGAAAAGGCTGATTCCAAGCGGGTTCGGGGAGAGCCGGCCTTCGGGATTGAACAATTGGTTCGGGATATCGAAATGTACCGTATCGGGGAGGGAGCCACGGATATTCTGCGACCCTTTGTGGCCCGTGAAGCCCTGAACCCGCATTTGGAGCAAGCCAGGAATTATCTGGACGCAAAAGGCAAAGCCCTTGAACGTATCCGGGAAGGGGTGCATGTCGCCCAATGGTATCTACCCCGATACCTTGATCTGTGGAAACGGAAGCCACTTCCTTCCCGTCTGGAAATCGGTCATCCCAAAATTCGCAAGCACTTCACATATGTCGAACGGGCAAGCCGCCGTCTGGCCAGAGCCATCTTCTACATTCTGGCGATTCACCAGGAAGGGATTCGTGATGATCAGGGCAGGCAAAATAGGATTGAGTCAGTCGGGGAAGATTTGTTGATTATGGCGACCACGGCGTTATGGGCTGAACGGCAGTATAGCCGGGAAGGTGATCCCCGGGTCTGGGACTTGTCGGATGAAATATTTCATGCCGCTCGTGAGCGGATTGACCGGATGATTCCGGAAATTATTCATAATGATGATCCCGTCGCCGCAAAGGTCGGAAAGCGGGCGTTCCTGGGGCAATACCCGTTCCTAAATCACGGCATCATTCAACGGGGACTCACCGATTACCTGTCTCCAGTGCCGGCATCAGTTCGGCCAGAGAAAGATGCCTATAAGAAGCAACACTCAGAGAAAACCGTTCTCACTCCCCATGCCTGATCGCCTGATAGGTGACCTGCGGCCACGAGCGCTTCGTAATCACGGTGGGAATGGACTGATCGGGTTCCTTCCTGATGTTTCTTTAAGTAGATCTTAAAGGATTGCTTCCGGTCCCAACGAACCCCAAAAGCATCATGCCATTCACAACAGAGATGGAGATTCTTTCTTTCTCCCTGGTCCGACGTCTGCCGTTCGGCCCCATGGGAGGATGCGCTTTTTCTTGGCGGGCCGTGTCTGAGCCTGGCGAGTTAGCCCGCCCTCTGCCCTGCATCTGCCCAATTTGATGAGGCCGAATGGGGCGTCAATGGTTTTGGGCCCTTTTGCCTCCACAACAAAGGAGCCGCCCTTCGGGACGCACCAAACAATACCTCGCTGCCGGGGCGAAAGCCGGCAACACAGCACATCACGTGAACACGAGAGTTGGATACACACATGCGATGCATTCCCCTGCCAGCGGTTTTTTTCTGCCCCTAGATGGATTTCCGATCCACATCGTCAAGCTATAAGGTCAGAACCATAAATTGTGAATAATCTCTCATTTCCTTAATCATTCGCCAAAAATCCCAATCAAAAGTTTCTTGACATTTTTCCTGCCTTGTTCAAGAATCTTCCGACATTGAGACTGACTTCTTTTGTGCACTCATGGAATTCCTCGGGAATTCCTGAGTGGGTAAAAGTGCAGGAACAAAGTTATGAAAGAGCATCGATGATGGCATATGGCTCACAACCAGTGATGAAGTGTTTTTTTGATAGGAATACGCAGATCCGGGCTTGCGCGGATTTACCTAAACCTTATTAATTTTTTATGCGAACTCGCTTACTAGTCATGAATGGCCTCAGAACCGTAGACCTTTATTGGGTCGAGCACCGGGGCTCCGACGTGTATTGCGGAATAACCAGAGGCCAGGGAAAGCGATCGTACCATGAGTCTGGTCAAATACATGATACATTTTCAGGATCGAGAGCAAATGAAGTGCGGCACGTACCATTGAGGGATCTGAAAGGTCAGTTTCACCTGGTTTCTGTGAATATAGGTGATGCAGCAAAATATGTAGAGTGGGCTAAGGACGCATTCGAATATTCTGGTCGTTCGAGTGATGCCGTGTTGCTGATCGACGCGCGATCTATACCTGCCAATACACAAACCAATATAGCCGTGGGCCTTGTGGAACCCAGGAACGGTGAAGCTTTGGCATGGCTATTTTCTCTTTCAGGGGACCTTGGTGGATTATCTTTTTCCACAACTCAAGGAATGATCATTTCGTCTGTTCAGCCTTGGGTCTATGCCATCGTGTCATGGTCACAAGAGAAGAAAGAACATTAACAATGCCACGCAGGCGACCTGCGAGTTTGCCGCGCTTAATGGTTGGCGTTGTGCTGACAAGTTTGCATAATAGGGACTGCTGATGACGTATTACGCAAAATTCGAGACCGTCTTGCTCAAGGGGCATGACGAACTCAACGAGCGGTGGGTGCAGGATCGCATCGCTGAAGATCCGGTGATTCTTGGTCTCGGCGATGTCGTGTTGAAGGACAAGGAGCGCATCCAACCGCGAGCTGGTCGACTTGATCTCTTGTTGCAGGACGCGGAAGCAAATCACCGCTACGAAGTCGAGGTCCAACTGGGCGGCACGGACGAAAGCCACATCATTCGGACCATCGAGTATTGGGACATCGAGCGGAAACGCTACCCACAATACGAACATACCGCGGTGATTGTAGCCGAAATTATAACAGCTCGATTCCTGAACGTGATTAGCTTGTTCAACGGAATGATCCCGCTTGTGGCAATTCAGATGAATGCACTGAAATTCAACGACAAAATTGGGCTTGTTTTCACCAAGGTTCTCGACCAAATGACACTTGGCCTTGTCGATGAAGACGAAGAAGTGCAAGAGGCAACGGATCGTGCTTACTGGATCAAGCGTGGTTCGCAGAAAACGGTGGGGATGTGCGAAGAATTGCTTGAAATTGTCAAGACGCTCGATCCTGCGCTCGAATTGAAATACAACAAGTTCTACATCGGTTTGGCAAAGAACGGGCAACCTTGCAACTTTGTTGTTTTTCGCCCCAAGAAAAGTTTTTTGCGGCTTGAGCCCCGCCTGGCGAAATCGGACCTGACGCAAGAACAACTTGAGACTGCTGGACTTGATGTCATGGATTACGATGATCGGTGGGGCCGTTATCGTATTCGCTTAACTCCCAGCGACCTGAAGAAACAAATCGAGGTGCTGACCCAGGTCTTAACGCAAGCCTTCAACGGCTCAAACCCCTGAAGTCACCAGAACGAGTCCATGCACTGAAGCCGTCGATTTATTCGGTTTCAAATGAAGAGTCCCTTAGCTGCACCCCAAGGGATCCCCGCGGAGGAGCGAATTGACGTGAACAGATGGAACATCCCTGATTGGCTCGAGCGAGAGGTTATTAAACGAGACCGCTATTGTGTCTATTGCGGAGTTGAGTTCATAACTACGAACGTATCAAGGCGATTCAGGTCATCTTGGGAGCACATCATCAATAATGCGCGGATACTCACTCGAGGAAACATTGCCAGGTGCT
NZ_CP116967.1_gap66	3104372	3108410	4038	CATAACTATGCCGGTAGTCGATTTCGTAGTGGTCCTGGATGATCAACGGGGCGCCTTCCGGTAGATTCGTCTCCTGGCGTTTCTCCATGGGTTTGCCGGTTGTTTCAGAGTGTTTCATGGTGTGGTTATGTCCTCTCCAAGATCGAAACGGTGATATAGGTCCCGGTGCCCGCATGACTATGGATGAGTCCACGTCGGGGATCGCGAAGTTGTAATGCCGGACTGCCTAAATGCTTCTCGATCGTGCCTTGTAGTTGCCAAAACGCAAAGACGGCCTGCATCAGACCTGTGGCTCCGACCGGATGGCCGCAGGCCAACAGTCCCCCGGATGGATTCACGGGGAATCGCCCTTGATCCGGTAACGGCAAGTCATACTCAATCCCCGGCATGAACGGGATACCCTTTTCAATAAAACTGCCGCCTTCCCCATATTTACACAACCCCAGGTCTTCATAGGTTTGAATTTCAGAGGAGGTATACGCATCGTGAAGTTCGACAAAGCTTAAATCTTCCAATGGATTCCGGATGCCGGCCATTTCGTAGGCCAGTTTTGCCGCCATTCGACCACCGCGAAAGGAATGCACCCCGGGGTATTTGAGCCGGGCATAATCGGATTCCTGCTCGTGCGGAAGCAGCGGAACTTTTCCATGCGGCCGGTCAGCCATGCGCATGGCATCTGACCCTGATCCTATGCCGGTGATGTGCACCGGCCGGTCACAGACCTGTTCCGCAATGGTTTCGTCAGCCAGAATGCAGACGGCTGCTCCATCGGACATGGTGCAGATATCTTCCATGGTCAATGGGGTGGCTACCATTGGGGATTCCCGAACCTGTTTGACGGTGAGACGTTTCGCCTTCTGCGCATAGGGATTGTACAGGGCATTCAGATGATTTTTGACGGAGACCATAGCCATCTGTTCAACCGTGGTGCCAAATTCATGCATATGGCGATTGACCATCATGGCATAGTACCCGCTGTAAAACCCGCCGACCGGAAAGTCGAAATTCGTATCGGAAGCCAACGCAATAAATTCGTTTCCCTTCCAGGTGTTGACCCGGGACATGGTTTCAAATCCATACGCCACACAGCAATGCATTCGTCCGGAGGCGATCGCTTCCCAGGCTGATTGAAAACACAGGCCTCCCGTGGCTCCGCCCCCTTCGACCCGTTTTGACGGTTTAGGGCACAGTCCCAGGTAATCGTGTGCCATGCTGGCGGCTTTGAGCTGTCGGGTGAAATGATCTGAAAAATAGGAGCCGACCCCGCCATCAACCATGTCTTTCGATAAGCCAGGTACGTCCTGGAGGGCGGCGTCATAGGCTTCTTTGACCATCAGACGGAAATCTTTATCCGGATGGGCTTTGGCGAATTTTGTGATCCCACCACTGATCATATAGACCGGTCTCATCGGGGCAGTCCTTTTACGAATTCCACAATGCGTGACATCGAGGTACCGGGAGGGAACAGGGCCCGCACACCGTTTTCCATCAGAGGGCCGACATCATCAGAGGGGATAATGCCTCCACCGAAGACGACGATATCCTCGGCATCATGCGTTTTTAGTAATTCCAGTACCCGTGGAAACAGAGAGGAATGGGCACCGGAATGAATGCTGAGGCCTATCGCGTTCACGTCTTCTTGAATGGCGATATTGACGACCTGCTCGGGGGTTTGATGTAACCCGGTATAAATGACCTCCACGCCGGAGTCTCGTAGGGCTCGTGCCACCAGTTTCACGCCGCGATCGTGGCCATCCAAACCAACCTTTCCGATCAGGACTCGAATGGGCGTCGTCGCTGTGGTCATGCTGTTCTCGCTTCCTCTGCAGGTTTCAAGAAGTATTTGCCTTCCGTGTCTTTGTGGACGTACCCCATCTCGATCCGGGGGTCATGTTCAAAAATCAGGAGCCATCCTTCTTCGTAGGCTTGATCAAGAATCCATCGTTTGGTTTCCAGCGTCTGTAGCGGAAAGAGGTCGTAGCCCATAATGTAGGGGAGCGGCAGGTGAGAGACCGTGGGAATACAATCACCTAAAAAGAAGGCCGTGTGTCCTTCGGATTCAATTTTAATGCTTTGGTGGTATTTGGTATGACCGGGGGTAACCACCATCGAGACACCGGGCAGCCACTCGGTCGTACCTGTGACAAACTCACACTGGTGATGTTCCAGAATAGGAATGAAATTTTCCTGACGGTAACTGGCCTTGGTCCGTTCATTCGCCTTGATGGCATCCTCAAATTCTCCGCGTTGCACCAGATAGCGGGCCATCGGAAACGTCGGGATCGTCTGTCCTTTTTCATTACACCGCGTGTTGCCTCCGGCATGATCGAAATGGAGATGGGTATTGATCACCATATCGATATCCTTCGGGGCAAGGCGGAAGTGGTGTAAGGCATCATGAAGGGAGAAGGATTGATCTACGGCAAACATTCGATGAAATTTTTTGTCCTGTTTTGAGCCCAGTCCCGTATCGACGAGGATGTTCTTCCCATGTGCCTGAATCAGCAGACAGGTCAAGCTGAGCGGGATGCGGTGGTGATCGTCGGCGGGACAACATTTCTCCCAGAGCACTCTGGGGACCACCCCGAACATTGCTCCGCCGTCAAGCCGGAACCGGCCGTCTGTCACAGGATAAATGTTAAATTGTCCAAGTTTCACAGGATTGGTCCCTTCTGTTTTGAGTTAAGGGTTTTCCGGCTACAGGAACAAGGATGAGATCTGTATGCCGGTTTGCTCTGTTACCTCCTTGCGAATTGGGTCCTAAAGGCCAACATGGCTTATGGTCCTCAGGCAGCGACAACAGTTCATAACACCACAGGTTCACGATAGGTTCCAAAGACTTCCTTTAAGGCTCCACACATTTCTCCCAATGTGGCCTTGGCTTTGACCGCGTGCATCAGGTGTGGCAACAGATTTTCGCCGGATTGCGCGAACCATTGAATTCCATGAAGCGCTTCAGTCACTTTCTTGGGGTCCCGTTTGGCGCGAAACGAACGTAATCGTTCCCGCTGATACTGTTCGACTTCCTTCCCGATTCGCAGGGTGGGAATGGTGTACTGCTCCGACTCAACGTACTCATTGACCCCGACGATGATGCGTTCTTTCCGGTCGATTTCTTCCTGGTAGTGCTGGGACGCCTCCAGAATTTCTCGTTGTGGGAACCCCCGTTCGATGGCGGCCAACATGCCACCCATGGCATCCAGCTTGCGAAAGTATTCGCGGGCATCTTCTTCCATCCGGTTGGTGAGGTGTTCAATAAAGTAGGAACCGGCCAGAGGATCAACCGTGTTGGTGACCCCGCTCTCATGAGCAATGATCTGTTGGATCCGTAACGCCAGCGTTACGGCCTCCTGAGTGGGCAGAGACAGCGTCTCATCCATGGAATTGGTATGGAGCGATTGCGTGCCGCCGAGCACAGCCGCCAGAGCCTGAAGGGTTGTGCGCACCACATTGTTCATGGGTTGCTGGGCCATGAGGGAACAGCCTGCTGTCTGGGCATGGCAGCGGAGCTGAAGCGAGCGTGGATTGTTGGGGTGGTATCGGTCTTTCATTTCCTGCGCCCACACGCGTCGTGCAGCACGAAACTTGGCAATTTCCTCAAAAAAGTCGTTATGCGAATTAAAGAAAAAGGACAGTTGCGGGGCAAAGGCGTCGATCGGCAATCCTGCCTGAACGGCGGCATCGACATAGGTCAGCCCGTCATACAGGGTAAAGGCCAGTTCCTGCACGGCCGTGGATCCTGCTTCCCGAATGTGATACCCGCTGATGCTGATGGGATGCCATTTCGGTACGTATTCACTGCAGTAGCCGATGGTGTCCGTGATCAATCGCATGTGGGGAGCAGGCGGAAACAACCATTCTTTTTGTGCGATATATTCTTTGAGAATATCGTTTTGAAGGGTGCCATTGAGCCGATTCAGGGGGATGCCTTGCCGTTCAGCCAGAGTGAGATACATGGCGAAGATTACCGCGGCCGGGCCATTAATCGTCATGGAAACCGATACCCGATCCAAAGGGATTCCGTTGAAGAGTGTGGCC
NZ_CP116967.1_gap67	3110047	3112680	2633	ACAGGTTTGTCTGCTTTAGAACTTTTGTGATGGCGTGAACCGGGGCCATGGTAAACCACTCCGGTGCTAATGCGGCGCCGGCATACCCGATGATTCGTGCCAACGGTTTGATGCCATGGCGTTCGGCCTCTCTTTCTTCCATCAGAACAAGGGCAGCCGCACCGTCATTGCAAGATGGGGAATTGCCGACTGTCAACACGCCGTCTTCTTTGAACGCCGGCTTCAAGCTGGCAAGTTTTTCAAGATTCACGCGATTCGGTTCCTCATCGTCGGTGACGAGAAGGGGCTCGCCTTTTTTTTGAGGCACTTCGACGGAAACAATTTCCTGTTTGAATGCGCCATTCGCGATGGCCATGCGGGCCCGGCGGTAGCTTTCAATCGTAAAGTCATCAAGGGCCTGCCGGCTCAGTTGATACTTGGACGCGCAGAGTTCCCCACCCTGACCCATATGGAAATCGTTATAGACGTCCCAGAGTCCATCCTTAATCAGGCTATCGACCAGTTCCCCATGGCCCAGCCGGTAGCCTTGTCTGGCCCTGGTCAGGAGGTAGGGGGCGCCGGTCATGCTTTCCATGCCTCCGGCAACCAGAATGCGGGCTTCCCCTAATTTGATGGCTTGAGTGGCCATAATGATGGCCATGAGACTGGATCCGCAGACCTTGTTGATGGTGGTTGCGCCCACTGAGTCGGGCAGGCCGGCTCCAAGCGCGGCCTGCCGAGCGGGTGCCTGTCCGAGACCGGCAGCCAGCACGCAACCCATATAGACCTCGTCCACCAACGCCCCTGACAAGTGAACGCGATGTAAGCTTTCCCCAATGGCCAGGCTTCCGAGTTTCGTCGCGGGAACCGGGCTGAAGACCCCCTGAAAGCTTCCCATGGGAGTGCGGACCGCACTCACAATAACCGCATGTCTAACATCCTTCATGAGGTGACCTCCCAGGACGGTTGTTCCAGGACAGATTTCACCATGAGCATAAATTGATCTGCCGTGGCTCCATCGATGACCCGATGATCAAAGGCAAGGCTCAAGTAGGCCATGGGGCGGACTTCAATTGACTCGTTCACGACCACTGCTCGCCGCTGAACAGCGCCAACTCCAAGAATGGCGATTTGCGGTTGGTTGATGATCGGAGTGCTAAAGAGGCTGCCAGTCCCTCCATGATTGGTGATGGTGAAGGTTCCTCCTTGGACTTCCTCGGGCTGGAGTTGTTTGCTTCGTGCCCGTTGAGACAGATCAGCGACTTCTTTACCCAATTGCCGAAGATCTTTTTGAGCGGCATGTTTGACAACGGGAACCAATAATCCTTCTTCTACGGCGACAGCTATACCGATATGCACGGCATGCCTGAGGATCAGACCTTTGGCAGACCAGGAGGAATTGAGAATCGGAAAGGCGTTGATTCCCTGCGTGACCGCTTTGATCACAAAAGGCAGATAGGTCAGGTGCAACTTCTGTCTAGGGGGTTCGATTGTTGTGAAGTCGGCTTCAAAAAACGTCACCACGTGGGCTGCGGTCTGTCGACTCTTGACCATGCGTTCCGCAATCGTTCGTCGCATGGAACTTAAGGGAATCACCTCTTCATCAAGGGAAGGGGACACTGATGCGGGTTGTCCCTTTAGCGAATCGCCGGACTCTTTTCCGGGCAGGCCCTGCTTGTCCAGGTACTCCAGGATGTCCTTTTTGGTAATCCGTCCATTCATGCCGGTTCCGGTGATGCGGCTGAGGTCCACCTGGTGCTTCGCGGCAAGGTCTCGAACAGCCGGTGAAAGGAGTTCAGGGGATCCTGAGATCGTTGACTGGCCGTGACCGGACGATACCGGTGATTGAATTGTGCTTGTCGGGGAATCACCGTTTCCGGATTCGGAATGGTAATCGAGTCGCGCGAGAAGAGTGCCCACCGGGACCGTTTCCCCTTCCTGAATCAAAATCTCGGTTAAGGCTCCGGTCGCCGGTGAAGGAATATCCAATGCGACCTTATCGGTTTCCACCTCTAACAGGGATTCATCTTTTTTCACCTGTGCCCCCAGCGGAACGAGCCATTTCACAATGGTGCCTTCGGCAATGCTTTCACCTAACTGCGGCATGACGATGTCGGTGGCCATGAATTGCTCCCCTGTGTAATCAATAGGCCGCCAATTGGCGGGCGGCAGTGATGACGTCATGAGCGTTCGGAAGAAAAAAGTCTTCCAGCGGGGGACTATAGGGCACGGGAATATCGGGGGCTGCGATCCGCATAATCGGCGCATCAAGCGCGTTGAAGCATTCTTCAGCCAGAATCGCGGCAATCTCTCCACCGATGCCTCCGGTCTTCGTATCTTCGTGGAGAATAATCACTTTGCCCGTTTTTCGAACAGAGTTTTTGACCGTGTCGGTATCAAGGGGGCTCAGGGTACGAAGATCCACGACTTCCATGTCGATCCCCTCCTGATCCAAGGCCTCTGCTGCCTCTAATGCCACGTGGACCATGGCTCCATAGGTGATGACGGACATCTCGCTTCCTGTCCGTTTGATCTCCGCTTCTCCGATCGGGACGATATAATCTTTAGCAGGAAGCATCTCCTTCACGCGCCGATACAGAAATTTATGCTCAAAATAAATGACGGGGTTATGATCACGGATAGCGGCTTTCAAC
NZ_CP116967.1_gap68	3136652	3138953	2301	CACGTCCAATATTTCCCACTACTTGAGACCTGGAATTGATACCCATTATCCGACAGCCAACTCCACCACATGCCCCAAGGTCGATGTTTTTTTTTCCGTCGAACCACCAGCCATGGTTTCTCGTCAAACTGAGCGGTGCTGTACCCACGATCTGCCCGTCATTGGTCATATCCTCAACCGTGCCGCCAGTCACGAGCACTCCGATATCCCGGATTGCGTAGGTTTCCCCGGCTGTAGCAGGGGTAGTAAGGGCAATGGAGGCCGTGAGAATAGGCAAAAGAAATCGATCCACCAACCAAGTCATTATTTTTTTATCCCTTTCACTGTCCAATGCCTGGGCTACTGATGAGTTGACAAATATGTTCGGTTAACCTATCTGGTTCGTTGCTTTTTCAAGTTAATGGGCAACCTCGGCCTGCTCATCGTTGGTCCAGTGGCATTGACACGCTAATCGCTCCGGCTAAATCACCTTCGTGCGCTCCTTCTTTTGGATATCCGGAAATGTCCAATTGCCCGGCTGGTTCCCCATGACACTGCAGACAATCATTCTCATAATAGATCGGAATGAGGAGGCGGAGGTTGTTATCTCCTCCGGGCACCTCGCTAATCGTCACAGATTGACTTGGTTGGGTCAACAATCGTTGTAACACGGCAGCTTCATAGGGATCCGGGGCATTCTTCGGGTTTCGTGGTTGCAGGGTGGTCTGTTTGAGTCCAATGCCAGACCTACTAGTAAACCGTTCAGAGACGCGACTGCCAAATGTGGCGGGAATGAAATTTTTAAACCCGACTCCCGTTTGGTTTATAACCGGCTGTGCTTCAGCGACGATTTCTTTGCTTGAGTTCAATAACTCACCTAAGGCTACAATCACGTTTTCTCGCAGATGGGTCAGGGCTGGTTTCGTGAGGTCGACTCCTGTGCGGATACGAAATTCCTCAATCACTTGTCGTTCAAACACCTCAGGGGTGAATCCTTTGTTGTCTCGATTGGGATCATTGATTAAGTATTGATTCCGGTCAATGACGACCCGACCTGCGCTGAGGAGCATAGCAATAAGCCGGGCTTCTTCCTCTGCTTGATAGGCCGACATGTTCATTCCGGCAATCGGATTCGATAAGATGAATAAGCTGAGAATGACACTTGCCAATAGTCCTCGTCCATAAAACTGCATGACATTCCCCTTTGTCTTATGCCTGGTAAAATCCAGGGCTTTTTCCGTTTTGCCTTTTGTGCAGGAGGTGCTTGCAACAAGTCATGAATAAGTGGTTATTCTCCACCGGAACTCCAGTTCTGGATTCGGCCAGGAAACACCCCTTCGAATGAAACAGGTTGGTTAATTCTCGACGAGGGGCATGAGGACGTCAACCTCATGCCTGAATACTGTAATGGCATAAAGTGGTTCCAATGTTCGTTCGATCTCTTCAAAGATCCTGTGCGCAACTGATTCAGAAACCACTAGGAGCATCTTGGTTGTCTGGTCACTTTCCAGATTGCCGCTTCGGTGTCCATGTGTGCCGAATCCTGAAGCGACCTCTTCGATCGTATAGCCCTTCGCTCCCGCCCGTTTCACCAGATCCTTGAGATTCGGTACCAAACCACTTTCGGCAATGATGGTAACCAGAACTGCCTTGACTGCGGGCATTTTGTACCTCCATGTTTATCAATTCAATTAAAGTCCGATGATCATGGTTGGATATGAAATCTGTCGATTTTTTAAATGTATTTCCCTTGATGAAAATGGAGTGCTTGATCATATTGTTTTCTTACACGAAATCCGTCTGAATGAGCCATCCACCCTATTCGGGCGGTAGGGGAGCTGTAGAAATTCTCATATGACCCCACTGAACATTTTACGATCATCTGCCAGAGCCCCCCCTGCTTTGCAGGATGGTGAATAGCAATCCGGGGCGAGTTTGAGGTCCCGAGTCAGAAATTGGAGATTGTTAAAGAAGCCACACAATTGGGTGGGGAATTGCCGAAGCCCTTATCAAATCTAAAATAACTTGTTTCAAATAACCAGAGTTGTTCAGATTATATCTACCCAGTCTCAACGGAGTACCACCCCGTTCCCGTGGAGTGTGTGAAAACCTCTCCCTGGGATCGATTTGTTACAAGAAATAGACCTAATTCATGTAACAGGTGGTGGCCGTTTTTACTTTTCCTTAACAATTCCATGGTTAACCAACGGGTATCGCTCTGGTCAGTGCCGTGGCAATCATAATATAAACGGGGATGCCGATCGTCACGTTATATGAAAACGTCAGACCTAACGAGGCTGCCAATGGCAGGGTCGGACTCGC
NZ_CP116967.1_gap69	3158921	3159843	922	TTTGCCTTTCTGGTTGTCGTCTTCGAGTGAAGCGGCAACAGTGTTTCTCGCTGATAGAGGTGGGGGTGGGAAAACGCCAACATCATTCCCTTGCGTGTTTGGTGTACAAGGATTCTGGGCCTTACTCGCCCGAACTAGTAGGGTAACCGGATATTAATTGCATAACTGATACCTCAGAAGACGACAGGGTGTTTGGAACCGGCACAGAAGCCAGGGATGATATTTGTCCAACAGCATTGGAGTTCCCTGAATATAGGAACAAAGAGAAAAAGTTCATTTCTCAGTTCTGGGTAGGCCATGAGCGGTTTTGCATCGCGCGTTTAGTGCGAATTCGCTCCAAGCGGTAGCGCTGACAGGAATCAAGATAAGATGGTGGACTGTGAACTCTAAACGGGTATGCCTGCGTGTTTCATAAGATGGTCAAATCCATGGTTGCCGGTTTTTAGCCACGACAATGATATTTTTGTGCCATGGACTGGTACCTCAGGGCCAGTCACTTCACTGGTTTTTTTAATGCGGGTCAACTTCATTGGGAGGCAGACTTATATCCTTGCGATTGCCCCATAAAGGTGACCAATTAGTGAATGGGTAGGCAGGATGTGGATGATCAATATGATACTCATTTTTTCGGTGTTTGGCCGGGAATTTTTTAGGACTCCGAGTAGAAAAATAATTGCACGCCGATAGTAATGACCAGGAGAGCCCAGAGGATTTTGAATGCAAATTTGACGCGGGCGTTGGTCTGCAACGCGACATGAGATCGTGGTATGAACTCGCCGGCAAACCAGGCTAGACCACCTGCCAAGGCCAATGTGCCCATGATGTTATGGTGAGTCTGAATGTCGTGGCCGCCTGGGTGGAGGCCATGCATGTGGCGAAACAACATAAGCCCACCGACCAGTGCAAAACCCGGCAGAAGCGA
NZ_CP116967.1_gap70	3205329	3208876	3547	AACTACATTCGGCTAGTGCCTCGACCAACGTGATTTCTGTCAATCCATTCATATCCTGGATGCCGCTGCAGGCCTCTCCCAATAACTGAGCTTCAGTTTGATGGTCCGGCGGGGGGCCGTTCTGTCCGATCCCCACGGTGGTGCATAAGGTTGCATCGCAGGAATACCCCAACTGAATGTTGGGATCATTGGGATTATTTTCGTTGCTTGATTCATAATAACCGCAGACACTTTGACAGAGCGCCCCATCAGGATCCAATTTTGTAGTCTGTTTCCGGGTTGAACAGAGGGCATCCACTATCCCCAGGTGAATCAGGTATGCAGGGGAGGTCGGTGAGTATTATTGGGCCACCGGCGGGGTTATACGCTGCCGACCAGACATTGTCGCCTCGTCCATGGCGCTTTTTGGCACGGGAGGAAGTGGTGACGGGAGGCGGGTCGTTTGCGTTGCAACTTTGATCTCCTTGACCAATTTGGAACGGTCCATCATAGACCGGACATTTGCACTCCACAAGGTTACGGCCGGCCGCATCTTTTTCTCCCGTGCGGTAGCAAGGCGCTGTCATGCAACCCGCATAGACACCTTGATCCCTTCTATCTGTACACTCTGTCGAAGTGTCTTCTCCCATGCTGACGTAATCGCGTTTGTACCGTTCTGAATACACGGATATCAGGTCGGCGCCGGGAACCAGTAAATTGGTATTGATCGCTTCACATACCGGTGGGATTCTTCCGCTATTCAGGCATTCTGCTCCTTGTTCTCCGCAGGCTTCAACTGTTTCCTGATAGATATCCAAATTGGAAATGGCATGAATATCGACGAGGTAGGACATCTTAGGAGATACCTCATCAGTAGAGATTTCGAAACACGTGCAATTAGCCAATGTTCCATCAGGGGAAAGCGTGCAGGGCAAAGAGGGGTTTTCATCACTATTCCCTGTCGGGGCATCGGGGCCTGAGTAATAGCACAGGGCATAAGAAAATGGTCTGCCGGATGGCGGGGTACATTGCAGAAAATTCGCTGCGGACGTCCAGACATTCGCATACGCAGGACCAAAATCTGTGGTTACCGTATCATTGAAAGTATATACATCACTGAGTCTCACGCCACGGAGGATCGACTTACTATATCGATGTCCATAGTTACTGGGATTGGTCTTTGAAGAAATCCCGTCACGGTGATCCCTGTCGCCGGCATAGAGATCATTGCCATTCGCCAGCATGATACCCAAAAGAATACTCAATCCGAGAAATAAGTGGCTCGCTTCCCGCCAACCCAAGCCTAAACTGATGAAGTGTTTCATATTCAACCTCCATTCCGGACATTCCTAAGCCACAAATTCTAGCGCTTCGAAATGCTTCCGGTTTTTGTGGATCACTTTCTTAATGATCTTTCTACAGCTTTTTTCCTTGTAAACGGATCGTAGGCTTCGAATCCGATGCGCACCAGGATTTTTTTCTATACAATACTCATCAGGCTTTTCCTGTTGGTATATTGCCGTTTATCCGCAATTGTGCAACGCATCTGATGTGATGCCTTCCCTGTAAGTTCATCTATCTGACCGGAATAAACCGGATTTTTAATCGGTCGGCAGGAAAAGTCAAGGAAATTCTCGTCGAGCTCGCTTTCCCGTGGTTGTGTAATCGGTGATGAACAATCTCATTGAATCCCTCGATCTTCAGCCCATGATTTGTTACCTTCTCTTTGAGAGTGGGTTTTAATCGAGGTGGGTTGTAATAACATTTGCACGGCAGGCTGTGCGATGAATGGGCAACTCTTTATTGCAAGCTATGAAAAGGCGGACATGAATCGACGAATTCAGGGAATTAAGAAACCGGAGAACAGCCCAGGAGAAAAAAACAGGATCTTCCGAGGACTGATCGGCCTGCTGGTGTGTGTAGGTCTGCTCATGATTAATCCTGGACCCGGCCAGGCCGTAGTTGAAGACGATGTCAGAGTCCTTCGTGAGGATATGGAGCAGGTGAAGAAGGATCTTGCTGAAATTAAGAGCATCCTTCAGAGTGCGATAAAACGGCCAAGTCCCGAGAAAAGCACTGGCACCGTGGGTGTGACCGGGGGTGCGATGCTGGGGGAAACCGATGCGCCGGTGACGATCGTGGAATTCTCGGACTATCAATGCCCATTTTGCCAACGGTATTCATTGACGGTGTTCCCTGTGCTCAAACGTGAGTATATTGATACAGGAAAAGTTCGGTATGTCTTCAGAGATTTTCCCTTGAGCAGCATTCATCAACAAGCGGGAAAGGCTCATGAAAGTGCGCACTGCGCCGGAGAATTCAATAAATACTGGGAGATGCATGATGCGTTGTTTCAAAACCAGAATGATCTCACCGTTCCCTCGTTGAAACAATATGCGGCGGACCTCGGACTGGATTCTACGACGTTCGTGGAATGCTTAGATAGCGGGAAATACCAAGTTGCTATTCAGAAGGACGTTGATGATGGCGGAGCTGCGGGAATTAGAGGAACCCCATCGTTCTTTATTGGGAAAAGCGGCTCAGGAGACTCCATCACCGGAACGATTATCCGTGGAGCTCAACCGCTGGCGAAATTTCAAACCATTATCGAGCAGCTCCTCAGTGATCATGGGTCTGACGCTGGTGGTGTTTCCCCTGAATCCGATGAAAGTCCCCCCGCTCGTCTACCTTAGGCCCTCAATGGAGGCTGTTCGGTCAATCACTCCCTCGTGAGTTCACTTTTTCCGGGCAACCAACTCATCCAATCCGTTTTCAATAACCCAGGCTCACGTCGTTCAGTCGATTGCCGCATTGGTATGCTCATCTATTTTACCAACCAATAAATATTCTAGTTGGTGGCGCCTTTCAACCGATTCAATCGATCTTCTTTTAATTCAATCCAGAGTGATTTCTCTCTCTCCACCGTGACGGAACCGGGTTTGAAGCCTTTGCCTTTCCTGACGAATTTCCGCAACGTATAAATCACTTCCCCTTTGCCGCATTTTCGCAAGTCACTAAACCACAGGGTCAGCGTCGCCGCATCCTTTAATGTCTCCGGAGGCACCATGGCGCCCTTCTCCAAGCGGACAACCACGTGCGAACCGGGTGTCCCTCGAGCGTGAAGCCAGAGATCATCCGGATTGGCGACCTTCAATGTCAGATGATCATTATCCTTCGCCGTTTTTCCGACTAAAATAGGAAGCCCATCGGCAGAGATATACGTCCGGTAGCCCTGGGCTGGAGCCGGTCGGCCTTTGGATACCCCCGTCCCCTGGGGAATCGAGGAAGCTGGTTTTTTCTTCGTTTCTGGTAAGACCTCAGGATCCACAATCCCTTGTTCTAGCTGAGACAACTTCCTCTCCAATCGGGCCACCTCTTTTTGGGCCTCCTCTACGCGGGGTTGGAGATGTTCCTGGGCCCCGATATATTTATGATATTTCCGAAAGTAATCTTCCATGTTCCACACCGCATCCTTAGCCGGGTCAAGCGGGAGCGTCAGGGTCGGCAGGGCCGGATCATAATAATCAACAATCGTGATGGCCTCTTGTCCCTTTTTGATCTCATGGAG
NZ_CP116967.1_gap71	3225535	3227721	2186	TCGTGAGGCTCGTTGAAGCTGTTGGACGCTTTGGCGCACCACACTGAGATCGGTCAGCTTGGCACCGGTAATACCGGTAAGAGAGACATAATAAATAAAGCCATGTGATCGCTTGATCACAGCACGTCGTCGTTCCGCCGTGCTGGTGGGAGCAAGCAGGAAAATACACACCGGTCCTCCCGCCGCTTGAGTGGCGTGATAAAGAAGGTCGGATTCTTCCGGAGGCAAATCCGGCACGATGAGTCCATCGACGCCCGCGTCAACGGCATTGGCACAAAAATCTTGGATCCCCATGGCCATGAGGCTGTTGTAATAGGTCATCAAAATAAGGGGAATAGACGTTGTTTTTCTCAGGTTGGCGACAGTGGCAAGGATATTTTTAAGCGTTGTCCCTGAGTGCAGGGCCCTTTCTGCTGCTTGTTGAATCACCGGACCATCGGCGATAGGATCCGAAAATGGCACACCCAATTCGATCAGGTCGGCACCCCCCTGTTCCAACGCTAATACAAGAGATTCGGTCATTGCCAAGGTCGGATCGCCAGCCATGATGTATGGGATAAAGGCTTTTTTGCCCTTGGAGTGGAGTTGTGCAAATGTGCCTTGAATGCGATTGCTCATATCAGAACATTTCAAATGTGATGGAAGACCTGGCGGCTTTCCTGGCCTGGTGATTCTCGGGCCACTGAGTTTGCCCGCTCCTAGAGAGGAATCCCGCGCATTTTGGCTAATTGTTGAACATCTTTATCTCCGCGCCCGGAGAGATTCATGATTAAGATCTGTGACTTTTTCATCGTGGGCGCCAGCTTGACGACTTCTGCAATGGCATGGGCACTTTCTAGTGCGGGAATGATGCCTTCTTCCTTGGCGAGCAAGTCGAACGCGGCTAAGGCTTCAGCATCCGTTGCGAAGGTGTACCGGATTCGTCCGGTATCATGATAGTAACTGTGTTCAGGACCGACTGCCGGATAGTCCAATCCGGCAGACACTGAATGTGTGGGATTGACTTGACCGTCCTCGTTTTGGAGAAGATAGGTCATCGTGCCATGTAAAACGCCGGGTATTCCTCCTGCAAAGCGCGCGGCATGTTTCCCGCTATCTATCCCGTACCCGCCGGCTTCCACGCCGACCATCTTGACTTGTGTATCATTGACAAACGGATAAAATAATCCAATGCTATTGCTGCCACCGCCGACACAGGCAACAAGACAGTGAGGCAAACGACCTTCCAGTGCAAGGATTTGCTTTCGGGTTTCTCGACCAATCACGGATTGAAAATCCCGAACCATCATGGGGTAGGGATGGGGGCCCAGGACCGATCCAAGCAAATAGTGAGTCGTGCTGACATTGGTGGTCCAGTCACGCATCGCTTCACTGATGGCATCCTTGAGTGTGCGGCTTCCGGAATTCACCCCCGTCACTTTTGATCCAAGTAACCGCATTCGGAAGACATTCAATGCCTGTCGTTCCATATCCTCGGTGCCCATATAAATTTCGGCCTCTAGACCGAACATGGCCGCTACCGTAGCCACCGCTACCCCATGTTGTCCGGCTCCGGTTTCGGCAATGACGCGTTTCTTTTTCATTCGTCTGGTAAGCAAGGCTTGCCCGACGGTATTGTTGATCTTGTGCGCACCGGTATGACAGAGGTCTTCTCTTTTGAGGTAAATCTTGGCTCCACCAAGTGTTTTGGTGAGACGTTCGGCGAAGAATAGGGAAGTCGGGCGACCGACAAATTGTTTCAAACAATTCAGAAATTCTTGTTGGAAGGGCCGGCTTTTTTTTGCGGCACGATACGCCTGTTCCAATTCATGGATGGCAGGCATCAGGATTTCCGGAGCATACTTGCCTCCAAACTGTCCGAAGCGCCCGTGTTTATCAGGTATGATTGCCATAAAATGTTCTACTGAAAGAGGAGGTAAAAAGAAAAGAGTATAGCGATGGAATGGCTAACACACAAGACGAACCGATTGGATAAAATCCCGAATTTTGGCCGGATCTTTACGCCCAGGACTCTGTTCCACACCGCTACTCACATCGACCCCATAAGGTTGCACTTGGCAAATGGCTTCTTGAACATTTTCAGGAGTTAATCCTCCTGCCAACAGCATGGGAACGGCTTTGGCTACTTCGCCCGCAAGCGACCAATCGGTCGTGTGCCCGGTTCCTCCGTACGCGGTAGTAGAAAA
NZ_CP116967.1_gap72	3257911	3258695	784	GAATGATTTTCACACAAAATGAGTTGTTTGCCATGACCCCGGAATCAAAAGTCTTGCCACAGGTACCTCTTACCTCAAAAATTATTGAACAGCATGGTCTGTCCGAGGATGAGTATCAGCAAATCCTCAAGCATCTTGGTCGTGAGCCGAATCTCACTGAGTTGGGTATCTTTTCTGTGATGTGGAGTGAACACTGCAGTTATAAGAGTTCACGCATTCATTTAAAACGATTTCCGACCGAGGGTGAGCGAGTGGTTCAAGGGCCGGGAGAAAATGCCGGTGCTGTGGATATTGGAGAGGGACTTGCAGCAGTGTTTAAAATGGAATCGCACAATCACCCGTCATATATTGAGCCGTTTCAAGGGGCGGCAACAGGTGTGGGTGGCATTCTACGCGATATTTTTACCATGGGAGCACGCCCGATCGCATTATTGAATTCCCTGCGATTCGGTGAATTGGACCTTCCCAAAAATCAGCATATTCTTAAAGGAGTCGTTTCTGGAATTTCTTCCTATGGGAACTGTATGGGAGTGCCAACGGTTGGTGGAGAAATTACGTTTAACGATATTTATTCAAAAAATCCATTAGTTAATGTCTTTTGTCTGGGTATCGTGAAAAAAGATCGTCTCCTGCGTGGCTTAGCTAAAGGTACCGGAAATCAAGTGCTGTATATTGGTGCGAAAACAGGACGAGACGGGATTCATGGCGCCACCATGGCCTCGGATAGTTTTGACGATGCATCTGACCGGAAGCGTCCGAATGTACAGGTCGGTGATCCCTTTTT
NZ_CP116967.1_gap73	3263623	3266460	2837	ACTTTAGCCAATTTGGGTAACCTGTCGGCCGATGCTGGCGAATGGGAACGCGCCCGGGCGTATTATCTTGAAGCTTTGGATTTAATGAATCAGTTGTCCGACTATGCCGGAAAGGCAGTGTTACTCTCCGATTTGGGATTAGTCGCGAGGGAAACGGGCAAGGAAGAGGATGCGCTCGCCTTTTACCAGGAATCCTTGATCTTAATGCGTCGGGTCGGGAATGAGGCCGGACAATCCGATGTCTTTCGTATGATGGCACGGTTATATTTAAGTCAACGACGATTTGAGGAGGCGCAATCCTGTATCTTGACCAGCCTGGATGTTGCCAGACGGTTGAAAGATGAACTGCGAATGGGCGGTGCCTGGTATGTTCTTGCCAGTTGCCATGAAGCCCAAGGTCAATGGAGCCAAGCCGTGCATTACTTACAAAAAGTTGTACGCATAGACCAAAAATATCAACTGCCAAAACTCAACGAAAATACACAGCGACTACGGGCTTTAGAATTCCAGCTGAGCGCCAGAACTGGAACAACTCATGAGTGAGTCTTGCACTCCTTCAACTCTATGGCCTGATGCCAAAATTTATCTTGTGGATGAAATTCACGGGTGGATGGATATCGATGCTATGGAAGCTTTAACCCTTCCCTTACCGGACGAGGACTGGTTGCTTGAAATTACTGCCGACGGCAAGCTGGTGTGCATGGCGGGATACGACCTGGAGGATATGAAAAGCATGCTGTCGGATGGGACGCCAGAGGATTTAGGAACCGACGAACTTGCCAAACAAGCCAAATTTTACCTACAACAGACTGTTTCCAAATACCGGCCAAAGCTCATGCGTCTCGGTTTCACCGAACGGATTGAGATGAATGAGTCGCATGTGGCCGCTTACTATGAACGCCCGGTGGACTTCGGAGACCTTGCTGACCTCCATCAACAAATCAAGACCTGTCTGACATGGTTCTCAACGCACTAACTACATATCCGATTCGCACAGCGAGCCATTCACTCAGATTAGCCAAATCTCTGTGAAACCGATTCCAATTTCCATTAAATCCTTCAAGCAATTTCGAGAGGCCGTGTATGCCTTTCGATTGCCAAGAATTATTTTCTCAGCATTAGATTTAAATTTATTTACGAAGATGAATGATCGGGTTTGGACGATTCCGGAGTTAGCCAAACGAGTACGGGTGAGCCAACGTGGACTCGCAATCTTGTGCCGGAATCTTGCCAGTGTCGGATTATTGGTCAAGTCACAATCAGGATACCGTCTTGCTCCGTTTTCCAAACGCTATCTCCAGGAATCCAGCAGGGACTTTCAAGGAGACTATCTGGCGCTCATGCAGCGTCAATGGAGCGAATGGTCTCATTTAACGGAAGTGATTCGTGTCGGTCAGCCACTGGACAGCCAGGAACCGGAAACCACGGAATATCGACGATCGTTTTCCTGGGCCATGCATCACCGGTCGATCCAACCGGCCAGGGAGGTTGCCCAACAGATTTCTCTGAAGGCGGATCGCACCCTACTGGATTTAGGCGGGGGACCTGGCACCTATGCTCTGGCCTTCTTAGCGCAAAATCCAACACTTCACGTTACAGTGATGGATAGGCCTGCCGCTCTGGACGTCGCGCGTACGCTGGCGGAACAGTCTTCTTTGGGTAGTCGCTTGACCTATCAAGCTGGTGATTTTTTAACAGCACGCATCTCAGGAACCTATGATGTTGTCTGGTATTCCAATGTCCTTCATATCTATTCTCCTGCAGACAACTTGAAAATTTTCAAAAAAATTAAACGAATTCTCAATCCTGGTGGACGGCTGCTCATTCAAGATACCTTTTTGCAGGATCCAAACGAACTTCAGCCCCTTGAAGCCAATCTCTTTGCCGTCTCCATGTTGCTCTATACCCAACGGGGCAACACCTATTCCGTGCGAAATGTTCGAGAGTGGCTTCAAAGAGCTGGACTCACTCATTCACGGCTTCTTCATCTGAAAAAGGGAACAGGGGATTGGGAGGGTCAATTGGTTGAAGGACGCCTTCCGCGTTCTGGATAGCCGTTCTGTATATCCATTCATATCCCAATTCCTTATGGCCTATAAAGCGTGAATATGCCTTGATTCAGAGTCCTTCCCTCTCGTAATTTTATAGGGGTGTTTCAATCAAGATTGGGGAGTTCGGACGTTGGGGACACACTCTGGGCTGGAGAAACTGATGTGGGTGCTGGAGAACTTGGGAGATTCACAAGAAACGTGGTTCCCCCTCCTTTCACACTTTGGACCTCAATACTTCCCCGATGTTCTTGAATGATTTGATGGGCAATGGCCAATCCTAAACCTGTTCCCTCATGTTCCTGACTCAAGTGCTTTGTGGTGAAAAAAGGATCAAATATATGGTCGATGTCTTCCGGATTTATCCCTTTCCCAGTATCGTGTATGTCCACCTGCACCCAACCCTGAGCCACACCTGATCCAATCTTTCGAGTCCGCACCGTTAACACCCCACCCTCCGGGAGCATGGCTTCCACGGCATTAAACAACAGATTGAGGAACACCTGCTTCAATTGCTGCCGATCGGCAAATACCTTTGGCAACCCATGAGCCAAATCTGTCTCGACAACAATTAATTCATGAGAGGGTCGAATTCTGAGGGTATACAGACAGGATTCCACAATATCATTGAGATCTTCTTCCTTGAGAAACGGTTCGATGGGTTTGGCATAATCCAAGATCTCTCGAGTGAGCCGCTCAATTCGAAACACATCTTCTTTGACGACCTTACTGAATCGAACCAGAAACTGTTCATCATCCTTTCGTTCAGGTGCCAGATCCACAAAGGCT
NZ_CP116967.1_gap74	3268164	3268991	827	CCATGCGGTTCTCCTAAAAAATATTTGATAGATAGAAAGGGGCGATCTTATGCCACTTGCTTCAGAATCTCTGGCAGCTGGTTTCGGATAGAGCATGGTTCTGCATTTTGGATGATTGGCTTTTGCGCTGGTGTGCAGACAATAGGTTTGTCTAAAACAACGAGATACGCTTGTCCTGCAAAAGTTGAAAAAATACCCGCATTCGTACAGCCCAGGGTGGCGATGATCGATTCCCATTGGGTTTGATCATAAAAACAAAATTGCCCTTCTTTTTCGGCCTGTCGGATTTTCCCGTAATTATTCAATAGATCCCGTGCTTCCTCTCGTTGTTGTGGGAGAACAGCACTACTGACCAGACTCTGGTAGATGCCGGAAAAGTCCCCATTCGGTTTTAAATTGGAAATAACGATTCGTCCCCCTGGAGCGAGAATACGATACAGTTCTCGTAAGGTAGCGCCTGGATCCTGGACATATCCAATCACCAGATTGGAGACAATCCGGTCGAATCGGTTGTCGGGAAAGGGGAGCGGCTGACCTAAATCTACGTGCGCCCATGCCTTTGAGACGAAGGGTGTCGGCGAGGTCATGCCATGTTGGCAATTTGTGGTGGCGGCACGCATGGCGTTGTTAGCCCGTTTCAACGCGTCAGGAACGACATCAATCCCCACATATTGAATGTACTTCTCTAGGAACGGGATCCCAGTCGAAATGGTAGAGGAAAGCCTATTCAAAAAATATAAGCCGGCATTGCCATTTCCACATCCGGCATCCAGAAACCGTTGGCCAGGAGTGATGGGGCCTAAGACATGAAATACATGATCAAGAAG
NZ_CP116967.1_gap75	3403950	3405469	1519	TACCCAGGGAAATCACTAGTGTTACGGGATTACCCGGTAACACATTGGTACCCGCAGCGGGGGTTTGACTGATAACATTGCCGATGGGCACCGTGGCACTATTGGCTGTCGTCCCTGTCCCCACCGTGAGATTTGCTGCTGTAATGGCGGTTTCCGCCGCCGCCTGCGCCGACCCCACGACATTTGGCACCGTCACTCCAGATATCACGAGATCCACTCGACTGCCCGGTACCACATTGATTCCGGCTGCCGGATTCTGACTAATCACTTCGCCGATGGGCACCGTGGCACTATTGACGGGTGTCACAACCCCCACAGACAATTCCGAGCTAATAATAGCGGCCTCTGCTGTTGCTTGTGGGCTTCCGACCACATTGGGGACCTCTACGGCACCTGCCGTTCCCGGTAAACCACAGATGAGAAATAGCAGGCACACAAGAAAGCCGAACGGTAAAAGAATCGAGGCATGATCTTTTTGCAATTTCTGACAGGTAAAATTCAACATCGTTTCGTTCTGATGCAGAACTTTCATAAGGTTCATATCGTTGACTCCATTCAGCAAGAATCAGCTGCCCAGTCCACAGCGCCCCAGGCTCGCCCTGGTTACACCCGCTACCTGCACGCCTGACCCATGAATTGCCGTTGCTTTTTTCGGTGAAATGAAAGAAAAGGGCTTCGTTGTCTCTGCAATGGGGGAGGGTTGGTCGTGTTGAATATCAGATGGGTGAAAGCTTTCTGATCAGGAACACGGAAAAAATAAAACCCACTATAACATGGGAGGGTTGACGCGTTCCATCCTTGGCAGGTTGGCCTGCTGAATCCCCATCCGACCGGAATTTTTATCTACTGAATCTCCCAGACTGAGGAAGCCGAACCGGGGAATCCCACGGCCGAAATTGACAATCCGTTCATCAGCCAGACGGCCACTGTTCCACTCGGGTCATTGCGCCAAATGACATCCGCCTTGCCATCCCCATTCACATCACCGACTTGAGAAATTTTCCACGCTAAGGGTACCCCCCCAGGAAAACCGGGGGAAGCAATCGTGGTCCCATTCATTAACCAGATGGCCGTGCTGCCATCGCTCTGATTGCGCCAGACCAGATCGGCTTTGCCATCCCCATTCACATCGCCCACGCCCGCAATCTCAAATGCCGTCGATGCACTACCGGGAAAGCCGACCCCCGTGATAGTTAACCCGTTCATCAGCCAGACGGCTACGGTCCCGGTGGTATTGCGCCAGATGATATCGGCTTTGCCATCCCCATTCACATCGCCCACCCCCGCAATTTGCCAGGCCAAAGACAATCCGCCAGGAAACCCGGAAGAAGCAATGGTGGTCCCATTCATCAGCCAGATCGCGGTGCTACCATCGGTCTGGTTGCGCCAAACCAGGTCGGCTTTGCCATCCCCATTCACATCGCCCACGCCGGCAATCTCAAACGCCGTTGATGTACTTCCGGGAAAGCCCACGGATGTCACTGAAACCCCGTTCATTAACCACACGGCCAACGTGCCG
NZ_CP116967.1_gap76	3492341	3495689	3348	AAGCCCACTCGATCCGACTCCAATCAACACATCCCCGTGTGTAATTTTTTCCGGGCCCAACATCTCGGACCGTTCCACCACCCCTACCGCAAAACCCGCCAGATCGTATTCACCCTGCGGGTAACAGGACGGCATTTCTGCGGTTTCTCCACCGATCAAGGCACACCCGGCTTGCCGGCATCCCTCGGCAATTCCCTGAATAATCGCTTCTCCGACTTCCACTTCCAGATGACCCGTCGCGAGATAATCCAGGAAAAAGAGCGGCTCCGCTCCGCTCACAATGATGTCGTTGACGCACATCGCGACCAAATCAATTCCGATCGAATCATGTCGATTCATCAAGGTGGCCATCTTGACCTTGGTCCCGACGCCATCCGTCCCGGACACCAGAACCGGCTCACGATAGCGGTCGGAAGGAAATCGAAAGAGCCCGCCGAACCCTCCGATGTCTCCCAAGACTTCAGGACGGAAGGTGGACCGAACCATGGGACCGATTCGTTTGACAAACTCATCGCCTCGCTGAATATCAACTCCCGCTTCCCGATAGGTGGCCATGGCGTATCCTTAATCTCCGTCGTTCGGTTCAATTGCTGAAAACGTCAACTCGACTAATGTTTCAAGATGTGCCGTCTGGGGAAACATATCAAATGGTTGCATGCGCTGAACGGTATAGCCCTTTTCACATAACGACTTCATATCCCGGGCCAATGACGGAGCGTCGCAAGAAAGATAGAACAGTTTCGGGACTTGCAAGATTCCCAAGCGGTCTATGATTTTTGGATTGAGCCCCGCACGTGGAGGATCCAGAAGGATAACATCGTAGGCGCCGGATTTGACAGTCATGAGATAGGATTCGACTGAACTGATCCGCACACGGCACCCTGTAATTGCATTCATGCGTAACGACTCGCGGGCATCGTGGATGGCAAACGGATTCCCCTCCACACAGGTTACCTGGGCACCCTGACTCGCGAGACTGAGACCCAGAGGGCCGGTTCCGGCATACAATTCCAAAATCCGTTGCCCTTTCAAATTTCCCAGCCATTCCTCAACCCTCTTTCCCAACAATTGAAAAACGTCCCAGTTGGCCTGCATGAATGATCGAAACCCCATTTTCAAGCGCAACCCTCCAAAGGCTTCCCATACATGATCCGCTCCTCGCACAATCGGCTCATGCCGCACGCGACGTCGCGAATCATGTTCCGGTGCATCCGCGCGCTCATAAATCAACCCTTTGATGTTGGCGATCTTAGAACAGGCATGCATCAGACGTTCGACGTGTTCTTTGGTTACGGCCCGGCCACGGAATACCAACAGGCCGCCTTCCTCCAGTTGGGACCATCGGATTTCCACACTCTCCAGATTCATCCCCTCCATGACCAAGGAGCGAAGGCTGGAACGGACAGCGTCAATCACCGACCGCAATCTGTCGTCCACCAGAAAACACGTGTCAACCGGCAGCAGTTGTTGCGTTCCTGATTCGAAAAAACCCAGAAAGAATCCGTCGGGCCCTTCCCCGATTCCCATTCGAAGGACTTGCCGATAGCCATAGGGCCTTGGAGACGGGATCACCGGAGAAATCAGCACATTGGAAATTTTTCCAATCCGACGGAGGGTATCCTCCAGAATCAATCGTTTTTGAGACAGTTGGGCTTCGTATTGGATATGCTGAAGCTGGCATCCTCCACATCGCCCGACGACCGGGCAGAGAGGAACAACCCGGCTGTCACCCGGATCGTGGACCTGGAGGATTTTCCCTTGGCTCACGCCTTTGCGCCGACTGAGAATCTCCACCTGAAGAGCTTCCCCGGGAATGCCGCCGCCACACAACACCACCTGACCATCCACTCGTCCGAGACTGAATCCGCCGGCCACCAATTTTTCAATGTGGAGGGGATGGGAAGATCCGGGAGATAAGGTTTCAGTAGAAGAGGGAGAAGGAGTCCTGCGAGACTTAATGTTCGGGCCGGAGTTCAACATGAAGTAACTTAATCTTTCTGTGTAAATGACTACGCTCGATTTTCAGTTCATCAGCGGTTTTGGAAACATTCCAATTATTTTCCCGGAGTTTGAGAGATATGACTTCCCGCTCAAATGCATTCCGGGCTTCCCGGAGCGAATCATAGTTGGTGCCCACGGCGAGGGAAGGCACCCCGCTTGGGGCCCGACCCTGAAGAAACATCTCAACATCGGCCGCATCAATGATGGTCTTCGGCACCATGATTAATAAGCGTTCAATCAAATTCCGCAGTTCACGAATATTGCCCGGCCAATCATGCCGCTGCAACGCCTCCATGCCTTGCGGACTAAACTCTTTAGGTTTCATGCCCTGTTCTTCAGAATGCAGTCGCAAAAAATGCTGCGCGAGTTCAGGGATATCGTCTCGACGCTCCTTGAGTGTCGGAACCACAATCGGCAACACATTTAGCCGGTAATACAGATCTTCACGGAACGTCCCTTTCCCAATCTCTTCCGCCAAATCTTTATTGGATGCGGCAATGACCCGGACCTGGACATTGATGAGTTTTGTTCCCCCAACCCGCGTAAATTGTTGCTCTTGCAGGGCACGCAACACTTTGGCTTGCGTGGCCAGACTCATGTCCCCGATTTCATCCAAAAACAGGGTTCCTCCGTCCGCCAGCTCGAACTTGCCACGTTTCATGGAGCTGGCCCCACTGAAGGCCCCTTTTTCATGCCCAAATAACTCACTCTCGATTAATGTTTCCGGAATCGCCGCACAATTAATTTCCACAAAGGAACGATTATGCCGGGGACTCTGCAAATGTATCGCGCGGGCGACCAGTTCTTTCCCTGTCCCATTTGCCCCGGCAATCAGCACACGACTATTGGCTGGAGCCGCCATCGCGATCAGTTCGCGAAGCCGCTCCATAGGAGGAGATGAGCCCACCAGTTCAAATCGTCGTTCCACCTGAATTCGGAGATTCAGGTTTTCCTCTTCCAGCTTGCGTTGGTGCAACGCATTGCGCACTAATATGGTGACTTTTTCCAGGTCTAAGGGCTTTTCCAAATAATCATAGGCGCCCAATTTTGTAGATTTGACGGCGGTTTCAATGGATCCGTGACCCGACATCATCACGACCAGGATATTGGGAAATTGGGTGCGCAATCGTTTCAATGTTTCCAGCCCGTCCATTTCCGGCATCCAGATATCCAAAATGACTAAATCCGGCACCTCACTCCGGACAAGCTTGAGCGCCTCAAGTCCGCTCTTGGCTACCAACACTTGATAGCCTTCATCCTCAAGAATGCTACTTAAGGTATTAAGGATGGCTGGTTCGTCATCAATCAGGCAAATGGTCTCGGCCACAATACTCCCTCCATCAGGTA
NZ_CP116967.1_gap77	3500427	3503070	2643	TCCCGTCTGATCGTGGATAGATTTCCGCAGTACAGCCTGTTCAGCCTTCATCCACTGATCCAGTTCAGCAAACAGAGAAATGGAATCGCCTGTGAAAGGTCCGATCATCACATCCAGACGATCAGCCAGCAATCCATCCGCGTCGGCAATCTCAAGTTTTTTATCTGCAATGGCCCGCGAAAGGATTTGATTAATCCGAAGCTGTTGCCCAACTGATCCGCCCACGATTCCCAGAATCGAGTTTTTCAAATAGTCCAGCTCCAGTTCAATCGAGACCTTCACTCTGACTCCCTGTGCGGTTGCCCAATCAGGTCGCTGAACGGAATAATCATAGGAAAAGGCCGGCTCGCGTGGTTCCCGATATGGACCCATCACATTCAAGACAATTAAATCTGACTGCATAATTCCATCCCTTAAACGATGAAAACGTGGATCTATTCTACAGAAGGTGAAGAAACCCGTGACTTTGACGATATTTGAATGAGAGCACCGCTCGAATTCCCTTCGAGGGGGCCCGTCCACCCTTGTAATCCATTTTTCAGAAGATAAATATTGGGATAACTATGTCGACTCAGAAAATCGCAGGCAAGACGACTCCGGTCACCACCCGCGCAATACACCAGGATTTTTTCAGATTCAATCGGAAGTTCCGCCTGGTAGCGTATTTCTAAATCCTCAACAGGAATCAATCTAGCACCAGGAATCCGCTGTTTGGCATATTCGGCTTTGGTGCGGACATCCAACACGAAAACATTCGATGAAGAGGAAGATGGCGCCAGCCATTGGGCTGCATCCACGCCGGAAACCTCATGATACAGCAGGCCATTTCTAATCAACGTATCGGAGACGCGCTGTCCTCGAGCTAAAAGTGCCGTCTGGATGCGTAAAGGCTCTACGGCTGATTCAATTTTTCCAGAAAGTGCGCCCACCTTTTGCTCAAGGTTATATTGCTCACGTTTGAGGCGTATAAGATCCTGATGGAGTCGCCTAACAGACCAGAGCGCCACACTCGCGAGACACAAACCGAGACCGCCGAAAATTATTCCTAGGCTATCCATCTGACCAATTCGTCTCTTTTCCTCAGAGACAGCCCTTCTCCATTCACGATTCACCCATCGGTCATGTTGCGGTTTTACCGCCCTAAAGGAATTTGTGCTTTACAGGACGAATGTCTCCCAAATATGTTTGGCGTGAGACACTCTCGCTGTTGATAGAATATGTAAAAAACAGAAAACCACTGTAGGAGAAAAACATTCAGTGGAATATTGATAACTGGTCGGGGCGAGAGGATTTGAACCTCCGACCCCCGCGTCCCGAACGCGGTGCGCTACCGGTCTGCGCTACGCCCCGATCATTACGAGTCTACCGATCAAGAAGGAAAAGGCTCATACGGAAATCCATGAGCATCGGCAACGGCTTGACATGTTACACGACTACTGAACACGTTCAATCCATTTCGTAAGCCAGGATGGTTGCGCAGGGAACCTTCCAACCCTTCTTCGACCAGCTGGACTATAAAAGGTAAAGTGGCGTTGGTCAAGGCTAAAGTCGATGTATACGGCACAATTCCAGGAATATTTGCGACGGCATAATGCAGGACTCCATCGACAACATAGACCGGATCGCTATGCGTGGTCGGACGGGTCGTCTCCGCACACCCACCCTGATCAACCGAAACATCGACCACCACTGATCCCGGTTTCATGTCAGCAATCATGGGTCTTGTGATCACCCGAGGCGTTCGTGCCGCAGGAAGATACACGGCTCCAATCACAAGATCGGCACGAGAGAGAAAGTGGTGAATCATGGACTGGGTGGAAGCCACTGTGACGAGGCGTCCGGGATAGTGATCCTCCAAAGTGCGTAACTGCCATAGATCCAGACTTAACACCGTAACGTTGGCTCCCATCCCCACCGCAATTTTGACGGCAGAGGTACCCACGACCCCCGAGCCCAATACCACGACCTCCCCTGGCGGAACTCCGGGCACCCCACCTAACAAGACCCCGGAACCTCCACGTTGCTTTTCCAAATAATGTGCCCCAATTTGTACCGACATTCGTCCGGCAATTTCACTCATGGGACGCAAAAGAGGAAATTGTCCCTTTGCATCCTCAGTCGTTTCGTAGGCGATGGCTGCGCACCCGATCCTGAGCAAAGCCTCTGTCAAGGCTTTAGAGGCCGCCAGGTGCAGGTAAGTAAAGACCACATGATCTTTCCTCAGCAACATCCACTCTTCAGATTGCGGCTCCTTGACCTTCACAATGAGTTGAGCCTCTCCATACGTCGCTTTCATGGTTTGGGCCAGAACGGCACCTGCTTGCCGATAGAGGTCATCACTGAACCCACTCCCCTCTCCGGCTCCCTGTTGAATGACGACCCGATGCCCGCGACCACACAATTCCTTCACCCCATGAGGAGTCAGTGCCACACGAAATTCATGATCCTTAATTTCTTTTGGGACCCCAATCACCATATTCTTAACCCCTTTCACCTCTTTGTGGCTCTGATGCCGGCCCACATCCTATTCACCAACCATCTACCATTTATCCAATAAATACGAGGACTTTCCAGCCGACCTGTTCCCGTGACCTGGACAGGTTCCTGAATCCTCAGGTAAGATCGGCTCTTTATTTTCCCTTT
NZ_CP116967.1_gap78	3594681	3599575	4894	TCGGGCGGCCGCCTGTGCGATAGAGATGTCTGTGCACAACCGAAAGGTGAAAATGCCGCGAACGTCACGCAACGTTCCCTATTCTACGACGATCACCGCTGAGGGTTCTGGGCTCATTTTCATTCCAAGCCCGGATTCCTCCCATGGCTGTAAGACCGGTCCCTCATAGGTATACCCGCCCTGTACTGGATCTATTGACAGGAGAAGCGGCATATCAAGATCCAAAAATTCAAACCCTCCCAGCCCCAAGGCCAAACTGAAAGAACACCCCATGGCCACCCGACTTTCGACCATACCGCCAATCATCAATTGGAGCCCGCACGATTTGGCCAAACGGGCAATCTCCCCTGATTCCACCACCCCGCATTTAGTGATCTTGATATTGATCACATCCGCAGCCTGTTCACGAATCAACAATTCCGCATCATGAAGCGATCGAACCGATTCATCCGCCGCAATGGGGAAAGGACTGTCCCGGCGAACAGAAGCCAGACCTTCCCGGTTATTTCGGTGTACGGGCTGCTCTAGCAACAATACAGGAATGGACATTCGACTCATCGACTCGATGAACTGGAGAGCCTCGGAGACGGTAAACCCCTGATTGGCATCAACCACAAATGAGGCTTCAGGGAAAGCTGAAAATACGGCCTCAATCCTTCGAATGTCGGCATCAACATCCTGACCCACCTTTACTTTAAATACTCTGAATCCTTGACTAAACCACTCTTTGGCATTGCACACAACTTGTTCGGTTTCTCCAATCGGCAAAGTAATATCCGTTTCGCGAACCCGAACATCCGCTCCACCCCAGAGGGCCCACATTGGAACGGCCATCTCGCGACACAGGGCATCAAGAAAAGCCGTTTCAAGGCCGCATCGGACCGAAGGCATCTCTCGGGCCACCTCCGCCAATTGATGTGCCAGCTTCCGCCAATTCCAAACCGATTGCCCAAGGATACACTGGGCGGCGGCAGGAAATGCGGCCAGGCAGGCAGCCTGGTCTTCGCCAGATATGTCCGGAAACGGCGCCATCTCCCCATACCCGCACGTCCCGCTCTTGAGGGTCAATCTGATGAAAATATTGTGGGCGACCGACATGGAACCTGAAGCCACCACGAAAGGAGCATTGAGAGGCAATTGAACCGGCCAGGCTTCAATGGCCGCAATACCGAGTGCTTCCGATTGCATCATGGGTGAAAGAATAGACTCCCAATCACATGTGTGAATAACAATGGGGATGAGGAGATTCTGCAACCTCGGAGGTCAGAAACCAAACACATAATTCCCGTCATGGAACAGAACAACCACTCTGACAACACAATGCCGAGAATCTCCGTCGTGGTGGGCAATAAAATTGGCCAATATGGCGAATGATAATGTTGATTGGTTACTGATTACCAAACAATCCCTTCAACATCTCCAGGGCTTTTTGCGTTTCTGGTGGAAGATTTTCCAAATTCTGCCCTGGCAGAGAAGAAACGCCGCTTGAATTTACCGGATCGGCATTGCCGGAACAGACAATTTCTCCATTTATTTTTTGGCAGACATTATCGGCTTTTTCAGAAGATTGTTGAATTCGCTCAGGAGAATCACTAAATGATGCCCCGGACAGGCCGGACTCAAGAACATAACCGTCCGGCGGGCCATAAGCCACCGTCATTTTTTTTGTTCCCAGATATCGCTGTTCACTGAAGAGCGTGCTTCCATCCTGGCTCTTCGTAATGGTAATGATGGGGAATCCTTCAATTTTTTTGTGTTGTTCATGCAACCCATTCCCAAATGGGAGTCCCTTCGCCCATTCCTCCATGTAATCCATCCAGGCATGATAGAGCTCCTTGCTCCGCTCGCCGCCTGGAATGTCGTCCCATGCCGCGGCGCAAATGTGCCGAACATCAAAAACCTCTAACGTATACCATTCACAAGGGATGCCCCCTTGTCGACCAGTTTCCCCCGTTTTCGTGACTTTCAGGGAGATCCCGGGAGAACTCCCGGAAGATTGCGTTGTCAATGCTTGTTCCAAGCGAGTTCGTTCTTCAGGAGAAAGCTCTTTATTTTCCACTGCCTTTTCTAGACTCATGCGTTGTTGATCCCGGATGGAATTCATGACATCCCCCAAGACATTGTTCATTCCCTGATCTTGGGTGGAACCCGGCTTAACTCCCAATTTCTGCATCATATTTTGGCTGGATTGTTTCAGAGCCTCCATCTGTTGCTTAGTGATGATCGTATAGGTCTTGGCCTGATGCCTGACGTACATCATCTCCTGGCGATCCAGAAATATCTGCATATCATTTTGGCTGTCTATCGGTGTGGAAGACGTCCGTTTGTCCTCTAACTTGTCCGGAGCAACATTAAGGCGCATCCAATCTTTCGGTATGGCAACATTGACAGATCCTTCTTCCGAGGAACCATCGGGATATGTGGTTTGAAAACGGTGGACGTGGGAGGTCGTCGATTCTTCAGCCCACACCATAGAGGGAAAAAGCCCAGCCAGCAAACAGAAGAAAATGGTGAGTTTCATTGTTGGTATTTCCTTTTGGAGCATCCGGAATTACACAGAGGACAAGGCCTATTTTCTGAATGAAAGGAAAAAAATCTTTTCGATCAACCGATTGCTTGCCAACTTCGTGGGTTGAGATTGCCAAAACTCCTATTCCGCTGTTCTCACATCTGACGAGGGATCTTAAAAAAAAATTGGGGAAGGCAGAAACTCCACCCTCCCCCCTGGATGATCACACTACCGGCACTCGACCTTTGGACTACAGGAGGCCACCCAACGATTTAGCCAACCCTTGCACCAGGGGATCCTTGGTTTCTTCCCATTCTAAATTAACCTGTTCGGCAGTCGAGGCCACACGGGCTTGATGAATCTTTTTCCCCTTGCTAGTTTTCTCAGTTAATTGCAAATCGGTCATTACGGCAAATGTCACATCTTTAGTTAATGAGCCCGTGACCAATTCCGTCGCCCCCACCAAAAAACCGCCAATGCCTGCACCAAGAGCCGCGGACCGGCCCGTTCCCCCCAACCCATAGCCTACAGCCCCTCCGACGGCTCCTCCGCCCCAGGCGGAACCATAGCCAGCATGGACGGCTGTCCTCAAGGCAGCAGGATCGGCTTCGCCCACATACAAGACATTCACCTGATAAATATAGGCAGCCTCCTTGGCATTATCCACGATTTTGTATCCCCTGTTTTCAATGGCCTTTCGCACCGGGGTATCAAAATCAATTTCTTTGTCTGAGGTGTTTTTGATTTCCAAAAATGCACTTTTTTCTATTTGGTTATCCAAATCCAAAAAAATAGATTGCGACATCTTGGTCTGGACCTTTAAATCTTTTTTCTCCAGAGCAACCTGAGTTGCCGAACAGCCTAATCCTACGAGCATCACACATCCAGCGGCCATGAGCACAATCTTTTGAATGCCAGGGACCCGTCCCATCATGAGTTTCTCCTTTGTAACTTATAGGATTTCTTGAGGAAACGAGCGGGATTATGCCACATCCATAGGACGTATTGAACCCCTCAAAAGCCTATTTTTACGAATGAACCCCGTGAGCGGCCGCGTACCGTTGACCTCTCATTTCTGTTCGTTAAAATGGAGGGGGTTCCTACCTCGATCACCCATACCGGTCATTGTCCCATGGAAGCGCGGTATTGGAATATCCGCGCACTTCCCAAAATCCCTTTTGATCGCGATCGGAAAATGTAATTTTTTTGACCCATTTTGCCCCTTTCCAACCGTAGCGTTTGGGAATAATTATGCGTACGGGTCCACCGTGATCTCTGGTCAATGGCCTTCCATTCCAATGAGTGGCCAGAAGTACATCCTCATCGTCGCAAACCTTTAGAGTAACATTGGTCGTGTACTCATCAAACGCTTCAAATAACACAAACTTTGCCTCGGGCAAGGGACGAACCAATTCCAAGAGATGCTGAAATCTCACACCTCTCCATTCATTATCCAACATGGTCCAGGACGTGACACAGTGAAAGTCAGCAGTGATCTGCACCTGAGGCTGCCGTTCAAAGGCTTCCCAATCCCAGGTCAGTGGATTGGCCACGCACCCATCAATACTTAAGGCCCATTCAGCCAGCACGATCTCCGGCTTACAGCCCAAATCCAGAACCGGAAAATTATTCACCACATGTTGGCCGGGCGGAACCCGTTCGTCCTGAGGTTCATCCACCTCTCGACAGGAGAATTCTCGCCGATGTTGAGCTACCTGTTGCTTCGCTTTCACCATCCGTTCGTTGGGTTCCATTGCAAGCCTTTCCTCCTCCACTCAAGGAGAGATGTCTTAGGACCACTAACTAGACTTCTCATGTTCATAACCTTAGAGCTAAACGCCAATCGACGCATTATATCGGGGTTGTCGGCTCAGCAATAGTCAAAGAACCCAAACCACACTCCCCTACACCCTCCTGCTCTCTTATCGTCATGATTTCCTTCCCTCAATGCTTTTTGAGGACAGGTCCCGCCGGTCATGCGGTAGAGAGCCACAGGATATTTCCTGATCTCATAGCCAAGCTATTTATTTTTCTGATAAATTACACTATTCGTTCACAACAGCCTGGAAGCGTCCGGTTATTTACCCCCTCATTTTCAACCGCCCTCTTTTCCAGCCAACTGTTATATCAGCCATAATTTTTGCGGAGGATCAGTCTCATGGCACTGCATGTATTAGCCCGGGTTGTATGTTGCTCCTTGCTGGTGGCCTCAGCGATGACCACGTCTGCGCAGGCAGATTCTCAAGAGGGAGGCTCACCCATGACCGTTTCTGAAGGAAAGTCCATCTCAATGGAGTACACATTGACCCTGGAAAACAAAGAAGTACTCGACTCCAACGTAGGAGGAGAACCTCTGACATTTACTCAGGGATCTCACCAAATTAT
NZ_CP116967.1_gap79	3607886	3612664	4778	TATAGACCGGGAGCAAGCTGTGAATCAGCTCGGACGACATATCCATACACAAACTCACCAGGCCCAGCGCCCAAATACTTGTCGGGATTCGTGGTCGATCGGAATGAGAAGATTTGAGAGAAGTTACAGGATCAACCATAGCAGGGCTTGGAGTGTTCTATTGCCCGAAGGGAAGGCCTTAATGGATCATCAGGCAGGGGACACCTGAGGTCCCCGCTATGATAATTGCGCAACACACTCCTCATGCATGGCTTCCACGTCAAGTCTTGAGGGTCCCAAGAATACCATGTTACAGCACATCTGCTGTTGGCAGAAACCATAGGGAATCATCCCCCGGCCAGTGCGAGGATTGAACAGCCTTGCGTCAAACGCATGGCGAAACTCTGGAAAAGACACGGTCTGAATTCTGGCAAGCATCGAAAAGAAAGCCCCAATCACCGGGAAACCGCGGTCAATTTGACGCACATTGAGATGCGCCATCAAAAAAGTTGGATAGACGGATGCATTCCACCTGGCGTTAATTTCTGCAAGAAACCACCTTTTTCTTCCGGTACGGAGATCCGCATGTTCCACAAAATCAAAACCGACCAATCCTGTGAAGCCATCTTCCTGCAGCCATCGTCCCAATACTTCAGCAGCTCGACTCATGTCATTCAGCATGTGTGCTCCGGAGGGAAAGACATTTCCAATATGCCCCAGATGAAGATTCAAGCGCTGATCGGATATCCCGACCACGTTCACCGCCCCCCCATCAGGCTGGACATCGACAAGAATATTGGGGGAGAAGGCGACCTCATACAATACCTGCACGAGATAGACCGGTGATAAGGGCCTTCGAGAGATGAGCTCCAATGCCTGTCGCTCGCTTTCGGCATTATCCTCGACAAGGAAGATCCCGGACCCGCCCCTTCCTTCGGCGGATCGAATAATCACCCGGCCCGTCTCAGTAACGTAACGACGAATTGCCGATCGAAGCATAGCCACATTCTTGGCTTGGCCATCAGACCACTCAACAATTTCGCCCCGGGCAACCGGAATACCAAGTTCCTGAGCCTTTTGATACCCCACGTGTTTGAGATTCGCCGCAAAGGTCACTTCAGGATTGCCGCCCATGAACTTCACGGTCTTGCCAAGGATGTTCTCCAACGCTTGGGCCATCACATACCCCTTCTGCGACACTCCATCCGGATTCAGAACAACATGGTTTTTGGGTGAGATCCGCTCACAGATTCTGTGCAAGGAGTCGACAGAGGGGCAGAAGAGATCATTTTCCAGGCATTCGCCAGATACGGGGCCGGGCTCAATTTCAATAATATTTCCCAGTTCCGGCCCGACACCCAACTCGTACAGAAATCCCATATAGGATGGGTCAATCTTACTTCTTGTCATACAGACCACATCGTGCCGCCTGGCCATGACGAGCGCCCGTTGATCGTAGGCACGGAAATTGGGAGTACGCATCTCCAAGGGAAGATTCTTTGCGAGTGCAACCGGATCATGCACAAAAATGTGCGTCATATCAGACCCGCCGAGGGTGGAAATAATAAGTGTCATTCCGCCCTTATGTCTTTCGCCCGATCGATTCCACCATCAGGCAGATCCTCTCAGACATCAGCTTCCCCGCAAGCCGGTGACCGGCAGCGTTCCAATGGCCCTTCCCTAATTCACGGTTCTGAAATCCATGCAGGAACACACCATGCTGTTCAGCATAGGTGGCAAGAGGTTCGGCCAGGCTCAGTAACTCGATGCCTTCCCGTTTCGCCAAAGCCTGGATGCGCCGATCAGGATACAAAAGATCCGGCACGCCAAATTGACGGGCCAATGCCTGTCGATGTTGCACGTCGGGATGAACCTGGTCGGGATTCGAAAGGCTGAAAAGAAGAAATCGGCGTCCCTCCTCATCTACCTCTCTTTTCATCTGCACGATCAATTGTTCGGTAACCTTCCAGGCATTTTCCCAGGATGGGTCCGGCTGGTCGAGATAGACCAGTAGATCGAGACGAAGAGCGGGATCTTCCCAGTCCTTCATCTGCTGTTGCTGAGCCCTTCCTTCCAGAAAGGATTTTAATTTGTATTTGGCGTGGCGAAACACCTGTAGCACGCGGGAGACTTCAAAAGCTTCGGCACTCAGCGGAAATTGTTGAAGCCAAAACTCCGTCGTGTGATGGAAGGAATTGTCAAGGACGAGACGTCCGTCGTTCAGGATGAAATAGGGGATATTGGTTTTCCCGTTTAGTTCTCTCAGGTTCCCACGTATATCGTTCTCTGTATAAAATGCCAGCAGGACGAGATCCGGATCATAGGCAGAAGCCCTATGACGCAGCACCAGTAATTCCTGGGCTGTACTGAAGCCGGACACACCGAAATTCATGACTTCTACCTGACGCCCGGCGAGGGAGGGACAATCTGACAACTCGTGTGCAAGCCTGACCCCATAGATGTGTTCTGTCGGGACCTGCATCGCTTCCGTGTAGGAATCGCCCAGAAGCGCAATCCGGAAGGTCCCAACAGGCTTTTCCAGAGTGTGCTCACGGTCGCGCAGCCCAAAACTATTGATTCGAATGTAGGCTTCACCTTCATTGGAATACAGACCTTCCGCCCCCGGTTTATGAGCATAGCCGGTCAGATTGTCAGCAATAAAGAAAGAGGGGTAGGAAATTCCGAAAAAGTAAAGACCGATTTCAACGAGGACAAAGGCCATTCCACATCCAATGAAGACTAATGCAATGTTTCCTGCCCACTTCCTCACCACCCGCTCTCATGCCCCTCATTTTTCCATATCATTTTTAAAAATCGACCCTCTGAAACAAGGCGAGATTTCCCCATAGGCACTCTACCCGTACCGGAGCTTGAGGATAAAAATCCAACCAGCCAGAAACAGGGTCACCATATTGGCGATGACTAACGGCCAATCATGATTGATCAAGCCATATACGCTCCAGAGCATCAAGCCCGAAGTTAAGATTGAATACATGCTCAGGGAAAGATCTTTGGTATGTTTCGTTTTCACAATTTGAATCGCCTGGGGAAGAAACGACGAGGTTGTGCAGGCCCCCGCGACATATCCCATAATCGTCACCCAATCCATGTTGCCTCCTCTGTGAGATGTCCCATTAACCGATGCGGGTTTTTCAGTGGACCACTCTGGTCAAATTTCCAGACGTGCCATATACCGCCGCGTTGGAATGGGGGGACGTTGAATCGCCGGAAGAAAATGACGTATGGTGTGTGCCGATCTTGCACAATTTTCAAACGAAAGGATTCTTAATCCAATGACCTTGCAAGCTCATGCGGAAGCATTGTATTCAGGCATTCGATCACTATTGGGACAGCATGACGCAAAACAGGTTCAAGCGAAACTGGAACATGACCTGCGCCATGTGGTTCCAACCTGGAACCATACCACACCTGCCTGTCCCGGATGGTATTGGTTTAAGGCGCAGGGCGTCAGTGAACCACAACTATTGCACGTGACTCATGGCCGGATTGATACCAAACTCATGGCCGATCTGGGTCCGCCGAATAATCTGGTGGATGTTCAGCGCATCAAAGGGCAATGGGCGGGGCCCCTTCTTCCCCCAACCTAAGCGGGAGTAGGGACTTTTGAACGGATCCGCTGTGCTCCAGATTGCTCTGCCATGAAATGGTGAGAGATGAAAATTGATGGCATGCAACAGTCTCTCGGCGTGTCTTCTTTCTTCAGCCAATCCCAACTGTCACGTTCTTCCACTCACATCGACTGTTCAAAGCTGATTGAAATCCTGATATTTGTGGACGACGCTTACCACATCCCGTAGTTTCTTCATCTCCGGGGAGTTATCGTAAATCAACCACAGTCGGTCTTGGAGATTGCCAATGAGTGCGACCGTTGGTCTATGGTGAATGGACCCAACTCCCCACACAACCTCAGTGAGCACCGGAAATTCAATATCAGAAGAAGACCGAATTTTCGACGTGGCGTTGGACAGATACGTCAGCAGAATCGTCATCACCTCCAGATCCCCTTCGGATCGCAAAATCCGTCCCAATCCCTTGGCTGCCGCCGCTCGAATCGAGACCGGTCTGTCCTGGCTTTCGAACAACCCTTGCAGGTGCGGGACGACGTCGAGTCCAAGACCGGAAATGGCAGCAATGGCTTGTTCCGGAGCCTGCCCCTGTTCAACTTCTTTCAGGAGATACGGAAGGGCTTCGGGATCCGGGAACTGACGGAGCAAATCAAGAATAATCAATTGACGGGTTTGGGACGTCTCGGGATTGGTCAGCACGGACACCAGTCGATGGGTTTGCCCCCATTCACTGAGGAGCATAACCGGAAAATCAAACCGTTCAAGTTCCCGGGTGAGTTGCTCAAAAACAGCAACTCCGGAGTCTACGTCCTGCGCCTCGCGCAGAATACGAGAATCCTGCTCCATCGAGGGGTGTACTTCTTTGTGCCAACTCAGGTCCCTCCCCTCAAGGAGATACGATAATTGGCAGGCCGGGCCATGCCAGAGTCGATCGGGGGTATGGGTCAACTCATTATCTCCGCCAAAGCGAGCGACGCTTTGTTGGTGTTTACGCTCTTCGCAGATGATGTGGAATTCCACATCATGGGGTTGAGTGGCATCCGTGACCACCTGAAATCCCAGCTCCTCGAATCGCCGCTGAACCACCTGGAGGATAAGCTCGGGCGAGATAAAACCCTTTTCGGTCAGTGCCAGGGCGGAAACCCGGATGGTTTGAATGCGGGAGAGCTGAGCTTTTTGTTCAGGTGTGAAAGAGGCGCGGCGGGCCACACT
NZ_CP116967.1_gap80	3627929	3632632	4703	CGTATCGAGGAAAAATTGCGGGCCGGGGCCGTGCGCTGCGTGGTGTGCACCTCATCTCTGGACCTTGGGGTGGATTTCAGCACGGTGGACCAGGTGATTCAGGTGGGAAGTCCAAAGGGCATTGCCCGCCTGTTGCAACGGGCCGGCCGCAGCGGCCATCAACCGGGCGCCGAATCCCGGGTGGTGTGCGTCCCCACGCATGCATTTGAACTCGTCGAAATCGCCGCGGCCCGGCATGCGGCGGAAGCCGGGTTTTTGGAATCCCGACCCCCTCTCCGGTCGTGTCTGGATGTGCTCGCGCAGCATCTCATTACGATCGCCCTGGGCAGCGGATTTGAACCTGAAGCGATGCGCGAAGAAATTGAATCCACAATGGCGTTCGTCGGCCTTCAGGACGCGCAATGGCAATGGGTGTTGGACTTTATCACCCGGGGAGGCCAAACGCTGCAGGGCTATCCGCAGTTCCATAAAGTCAACGAGAGTCAGGGGGTCTATCGGGTGGAGGATCGACGTCTTGCCGCCCATCACCGGATGAGTATCGGGACGATCACCAGCAACACGGCCATGCAGGTCCGGTGGCTACGCGGTGGGCTCCTCGGTCATATTGAAGAGGATTTTATCGCCAAGCTCAGAAAAAACGATCGCTTCCTCTTTGCCGGCCGACTGGTCAAATTGATGATGGTCCAGGACATGACCGCCTACGTGCAGCATGCGACGAACGGCGCGCGAACGGTCCCTCGATGGCAGGGCGGGCGCATGCCGCTCAGTAGTGAGTTGGCCGACAGCGTCTTGGCGCTGCTCGGACGATCGCGAACGGAGGACGTCCCCGACCCCGAAATGCGGGCCATCCGGGATCTCCTGACAATCCAAAGCCGCTGGTCTCGCATCCCCGATCCCTCCATCCTGTTGTGCGAGATGGTGAGGGGACGGGAAGGGGTCAGCCTGTTTTGTTACCCCTTCGGCGGGCGCCTGGTGCATGAAGGCCTGGCGACCCTCCTGGCCTACAGGTTGACCCGCCTCCGTCCAATGACCTTCAAACTTTCCGCTAACGACTACGGGTTCGAATTATTATCGAAAGAAAACCCCGACCTGGACGAAACACTTCTTGCAAAGATGTTGACGACCCAGAATTTGTTGGAGGATCTTCACGGGTGTATGAACACCACAGAACTCGCCCGGCGGCAGTTTCGGGATATCGCGCGCATCGCCGGACTCGTTTTTCAGGGATATCCGGGAAAGAATAAAACCACCAAACAGATTCAGGCCTCCAGTAGTCTCATTTACGATGTGTTCACCGCTTATGATCCCCACAACCTTCTTCTCGATCAAGCGTGGCGCGAGGTCTTGGAGAACCAACTTCAATCGACCCGACTGGCCGGGATCCTCGAGCGCATCGTCACTCAAACCCTCGTTCTGACCCATCCCAAACGCCTGACGCCCCTGGCCTTTCCGCTCTGGGCCGAGCGAATACAAAGTCAAACGATTTCCAGCGAAACCTGGCGGGAACGCGTGCTGAACATGATTGCCTCGCTGGAGAAGGAATCCCCCGAGCGTCGGAATGTCAAAATGGCACGCGTGCTGACCGGTCATCGCAGATGAATGCCAGGCAAGCCGGTCATCATCAAGAAATGGTCATTGACTGCGCGGGAGAAACCCTCATTCTCCATAGTAAACGAGCCATCTATCGTCCCTTCACCAGGACATTGCTGGTGGCTGATATCCATCTGGGGAAAGAAGCGGCCTTCGGACGGGCCGGCCTGGCCATGCCGTATGGGATTCATCCCTCGAATCTTCTGCGTCTTTCACAACTCATTGCCTGGTGTCGCCCGGATCAGCTGATCGTGCTCGGCGATTTAATGCACACCGCCCCTGGGCAGGACGAAACGTGGCCGGATGAATTCTTACAGTGGCTGAAATCTCATTCGTCCTTGGACATCGCCGTGGTGGCCGGCAATCATGATCGGGTAAAGGGCCGGGAGATGTTCGGGTCGCAGGTCAGGTGGCTCCATGAACCCCATGTCTCGGCGCCCTTTGCCTATGCCCATCAACCCATGTCTTGTCAGGGACTGTTTACACTCGCCGGGCATCTTCATCCCACCTATTTACTTGCCAGCCGTGGAGACCGTCTCCGGAGCCCGGTCTTCTGGTTTCGGCCCGACTCTGCGGTCCTCCCTGCCTTCGGGACGTTTACCGGGGGATACAATATCTCACGCATTCCCGGCGACCGAATTTTTTTTATCGGCACCGAGGAGATCATTGAAATTCCACCACGCTGAACATCATATCCATCGGCTGGAGAAGGCCGTTCCCAACGATGAAGGTGAGCGAATCAATATAAAGAATCGCCCCTCGAGACGACCCGAACGATAGTCGCACAAAACGTCTGGTTGGAACGTATTGCCCATCTATGCCAAAATGAAAAATGGAGGCGAGTCTATGGCAACGATGAATGTGTCGGTTCCCGATCCCATGAAGGACTGGGTGCAGGGTCAAATTGCAACGGGAAAATACGCGAACGCCAGCGATTATGTTCGTCATCTAATCCGGCGGGATCAGGAAAAGGTCGAAGTGTTACGACGGACACTTCTTGAAGGAGACCGCAGCGGTGTGAGCCGCCGGAAAGTTGAGGATATTATGAACGATGTGAAAAAACGATGTGCAGACCATGAGTGAGTATCAACTCTCTAAAAAGGCAGACCAGGATCTCCAGCGAACCTATGAATTTTCCATCCAGCAATTCGGACAAAACATGGCGGATGAATATTTCCTCTCCTTCAGGGATTGCCTGCTGCAGTTGGCCGACAGTCCAACATTGGGAAGAGATTGCAGTGAAATCCTGCCCGAGTATTTTCGCTTCGAATGTGGCCCCCACTCAATTTTTTACAAAATGGGAAAGAAACGGATTGTGATCGCCAGAGTCATCCACCAAAGTATGAATCCGGACATCCACATGTAACCGGGGTGGATCGCTCCGCCACTCTCCCAGGAAACTCCTCTCCTCCCATCCTTCCTACCGAGATCATGTCCAAAGACATCCTTCGATAAACACATGAAGTATTGCCTGCAATTACACGATCACCAATGGCAATTGATCGACCAGGATGCGCCGGACCTGACGCCGGTGGTCATTGACTTTGTGTCCGGCAGAACCGCGTACCGGAGAAAATATGGCCACGCCGGTGGGGAGGCTATCAGCAAAGCCGTCGGCATCAAAAAAGGCAAACGCCCGACAATTGTGGATGCCACCGCCGGGTTGGGCCGTGATGCCTTTGTCCTGGCCACCATGGGCTGCCGCGTGCATATGATCGAGCGATCGGAAATGATCGCCGCACTCCTGGAAGACGGCTTACGTCGCGCCGCAGCAGATGAGAAAATTGGCGCGCTCATCCAAGACAAGCTGACGCTCACCTGCGGCGATAGCCGTCAGGCGCTACTCCAGGTCCCGTTTGCACCCGAAGTCATCTATGTCGATCCCATGTTTCCCATAAAAGACAAAACAGCCTTAGTCAAAAAAGCCATGCGAATAGTCCAGGATATCGTCGGCCAGGATACCGATGCCGATGAATTACTCAAGGTAGCTCTCACGATTGCCACCAACCGGGTCGTCGTCAAGCGCCCCGCCTATGCCGATCATCTCGCCGGCATCAAACCCCAGGCCTCAATCAAAACAAAAAAACACCGCTTCGACATCTATCTCATTCCCAAGCAGCAGTAGCAGTCATCCTGCGCCACTCTGTCCTCCTCCACCTTTTTGTCATCCTGAGGGAACCGAAGGATCTAGCAAAGCAGCGGCCGCGACAACATAAGCACCGACCTTTCGCCCTTGCACCAGCTTTCCTTATCAACCGACAGCAGTGACCGATAGAACATATGCCAAGGTCCACGGACTCATCACCTTCAGGTCAATCGACGCCTGCCGGCTGGCCCCAGGGAGGGACGCTCTTCGCATGTAGCGGACCGTGTTTGAGCCCTTCGATTTTTACTGTCCTCCTCCTCCGTCACCCCCGACAGTTGTTATCGTGGATCTATCTTCCCCTCATGAAGCTCCCCTGGCCTGGTGGCATGGCCGAGCAGTGCAACCGGCACCGGGAGAAAGGCGGGCAGTGTCTGAGCGCAGCGAGTTTGCCCGCCGCCGGTGTCGGTGAAACGCGCAGGGCACCCGAAGGGCCATGCCACGGTCAACATGGTTTTGGCCACTTTTGCCGAAACAAAAGTGGCTCGTCGTACGGGGGCGAAACCCCGAATACCTTGACCTCGGCTGCCGGGCCGAAACCCGGTATCAATCGAACCCACACAAAGCACCTCCGTCATTGATCATACGACATCCATCTATACTCACCTCCTCCCCACCACCTGCAGGTCGGCCAACCAGGCTGACGCCAAAATTACCAGACGGCCCGTAGTCCCGACGCCTGCCGGCTGGCCCCCGGGAGGGACGCTCTTCGCATTTTGCGGACCTTGTGTGAGCCCTGCGAGTTGGTCCGCTCTTCAAAAAGTTAGCGGCCCTCCTCTTCAATGAGGCCAGACGGGGCGTCAATGGTTTTGGCCACTTTTGCCGAAACAAAAGTGGCTCGTCGTCCGGGGGCGAAACCCCGGCATTATTTAAACCCTCAACTTCTCGCACACCTTCGACATTGTTCAGCAACCACCAATTGCCGGCTCCTTACCAACCAAAATGCTGTTGACCTATATGCATAAATAGA
NZ_CP116967.1_gap81	3635975	3640762	4787	TCTGAGCGGAGCGAGTTGGTCCGCCCTCCTTGTCCCAGCGTCAGCACGATGCAATGGGGCCGACCTGGGTGAAAATGGTTTTGGCCACTTTTGCCGAAACAAAAGTGGCTCGGCCGCCGGGCCGAAACACGACTCTACAAAATTCTGTACTTTAGGGAATTGGTTGGGTACATTCTTCTAAGTAATCCCTTAGAACGAAAAAAGAGGAGCAAGCCATGTCAACGGCAAAACAAATTATGAAAGAAATCTAATGGTGCGGTGCTTTCTCGCGATATTATGCGTTTTGTTCGGCGGCACTAGTTGAATTGAATTCTAGCTTATTTGGAAAGGTGTGCGTATGCGGCAAGCTTCAAATAACTTTGCTTTACGTTCCTTAGACTTAGTAGTTAACTGAGAGAAAAACGATGAAGAGCTACAAAGAGATTAAATTATTTCTCGCCCAGTCATTACTGGAATCCTTCCCGCAGTCAGAAGGGGATGAAATCGATGCCATGGTCACACATTGGCTGCAATCACAGAGTCAAGAGATTCCGTTTCTTACTCCATCCATGAAAGAGCACTGCATTGCATTGCTCCAGCCTCCTCGCCCTCTAATATCACGTCCAAAAAGAGTAAGAGAGTCAAGCGAACCATATCAGGTCCAACTTCCCATCGATTGGGAAGACATTCCCTTCCCACCTGTAAAATATCCCAAATTCACATTCATTGATCTCTTTGCTGGCATTGGTGGTTTCAGAGTTGCAATGCAAGAACAAGAAGGCAAGTGTGTATTCTCAAGTGAATGGGACTCATATGCTAAGACAACATATGAAGCCAATTTCGGAGAAGTCCCATACGGAGATATTCGCAAAATTAGTGAAGAGAGCATTCCTGACCACGACATACTCTGCGCTGGGTTTCCCTGCCAACCTTTCAGCTTAGCAGGGATTTCCGCTCGCAATTCCCTCAATACTGCACACGGATTCGCATGTGAAACACAAGGCACCTTGTTTTTTGATATTGCTCGAATCATTAAAGCAAAGAGGCCCAAAATTGCTTTCCTTGAGAATGTGAAGAATATCGTTGGCCATGATTACGGAAAGACCTTTTCTGTTATCAAAAATACCATAGAGTCCCTTGGATACAGTTTCTCGTATAAACTGATTGACGCAAGTCCATTAGTGCCGCAAAAACGAGTGCGCTGCTATATGGTGTGCATACGTGATGACGACAGAGGGTTTCATTTCCCAGTGATTGACGGACCCCCTCTGGCTCTGAAAACCATACTCGAAGATAGTGTTGATTCCTCATTCACCATCTCTGCGAAACTTTGGGCTGGACACCAGAGACGCACGACTCGCAATCTTGCACGAGGTACAGGTTTTTCGGCTTTTCGCGCTGACCTTAATAAGCCATCAAATACGATAGTGGCAAGATACGGAAAAGATGGAAAAGAATGCCTGATCCCTCAAGGCCGAAAAAACCCAAGAATGCTGACGCCAAGAGAATGCGCTAGATTACAGGGCTTTCCTGAAACCTTTGTTATCCCAACGGCCAAAACTTCTGCTTATCGTCAGTTTGGGAACTCGGTAGCAATCCCAGTAATCAGGCGGATTGCAGAGAGGCTCGTCAAGCATCTACATAATCGAGCATAGGAGGACTCAATGAGGTTTGGAGCTGTGCAGAAAATTAATTTAGGCACAAGTGATGGCGCGTATTCTCTTGTTACTGAGCGAGAACACGTAGATTCCCAGATTACATTGACCGATTATGAAGCGGAAATAGTGTTATCTCATTTCGGGAAAGACAACATTCATGTGGGCAACGTGCAATCAAATAAGTTTCTTTCCTCCAAACTATTCCGCCTATTTCCAAGCGGAAAACCAATCAAGCTGAACGTCGTATACCCCAAACCGGAAAAGACTGAATTGAGGTTGTACATTTCGTCAAGAGCGGGCTTCAAACCGAAAGGCGGAGATATCTGGTTCATGTTTCTTAAAGACGATTCCATCTGGATTGGGGCAATGGCAGAGCCTTTATGGAGAAACAAAGCTTCAGAGGTCAAAGCCGACGAGTCTGATGACATATACCAGAGAGAGGTCAATGATACAGATAGGGTGCGTATTGCAAAACTGAAGGGACGCGATATATATGCTCGGGATAGGAATATCGCTGTGTCACGAATGAAACTTTCAGGGTATACATGCGAGTTTGATCCTTCACACAAATTATTTTCATCCCGATTCACTAAGAATCCATACTTGGAAGCTCATCATTTAATTCCAATAGGCTTGCAGGGATCATTCAGTCAGTCCCTGGATACAATTCACAATATCTTTTGCCTATGCCCATATTGTCATCGTGCAGTGCATAACGCAGAAAATTCAGTGGCGCGTAGTATTCTTGCCTGTCTTGCCGAAAAGCGACCAGTTCATAAAAAGTTCGGCCTAACTGTCCCCCAACTCTTTGGCCTTTATGCAGTGGAGGAGATTGACTAGGCGTTTGACGTCCTTAACTAAGAAGCATGGGTCTTGGAATATGGGGTTGTGGTAAAGACACAAAACCGGAATTTCTTGTACGAAGCGTTCTCCATCGGAATGGATACCGGCTTCGTCTCCACGCGAAGGAGCTACCAGGGAAACCTGATATTGCTCTAGCAAAGCATCGCAGTGCTGTATTCGAGCATGGATGCTTCGGCCAACGAGACAAACGTTGCCAAGATGACTCAACTCCCAAGAGCCGCAGGAAATTTTGCTTCAAAGATTTACGGATACCGTTTTAAGAGATGTGAAGAACCAAGCAGTTCCACGAAAACATGGCTGGACAATAACAATTGTATGGGAATGTGAGACCGCAAAATCGGATAGACTAAAGATTGGATTAATCAGAGAAATCGAAGAATCATCAAACAATCCGCTCAATCCAATCAATCTCTACAATCCAAGTGCCGCTCAACCGTTCGTACAGATCTGATCGCTAGGCGGAACCCCACCTACTCTTCCACCCCTTTGGGAGGTGACAAAATTCCACCACGGCGTGACCTTAATTTTGTGGAAAGGTCAAAATTGAAGCAGCCTTCTAGGTGCTAAAAGATTTCGGAGACGGACTGAGATCTTTTCCAGGTTCTTCGTTTCGCATTCCCATACAATGATAACGCGCCACTTCAGTTTTCGAAGAGCACGTTCCTTAGCCCGGTCCCTGGTAACATTCCCTTCTAGTTTATTACCCCAGAAGTTTTGTCGTGTTTTTGGTAGCGTGGCGTCCTTACATCCCTTATGCCGGTGCCAGAAACAGCCGTGTACGAAAACCACAGTCTCGTATTTCGGTAGGATTATATCTGGTTTTCCTGGCAGGTCTTTCCGATGGAGCCGGAAACGGTAACCCATGCGGTGCAAGATCGAACGAACCTTCCGCTCCGGGCCCGTGTTGATCCCCTTGATCCGGCTCATGTTCCAACTACGGCGTTGCTTCGTCAGATTGTCCATGGCACGTTAGTACACTGGAAGTAAAAAAATAACCTAGCTTCTAAAAGTCCCAAACAATGGCATAAACTTCTGGGCAGTTGAGATCAACTGTGGTGACTCAAAAATCCTGCAGTTAATGGTAATTTTTTGATGTGTTTCAGGGAACACTGGCTAAGGCAAGCTACAAGGAAGGAAAAAGACTTAGGATTCTAGCTAATTTTAGACCCGGCTTTCCACCTTACCGACAGCATAGCGAGCAAGATCACAAATAGCAGCTCCACTCAATTCTCCGTTATCAGGCAAATCGTCATCTCCGATTAAAGCCACCATCCCTTTTAAAGCCTCATAGAGCAATGAGGCAGTTTCCTTGTCGATATCAATACTTGTTTTTTCCATAACCTGCCCTCCCATGTTTGAAAGATGCTACCACTCCATACCTAGCGATGCAATCCAATCTTCAGGTGATTTTGGAGTATATGGTCGAGTATGGCGTCGGGAATAGTTTTTGACATAGTCCTCCGTTAAAGATGCAGTGTGCCCTTTCTCCCATGTCCATTAGCTATGAGTCGACCCCGTACTTAAGAGTCGGGTATTGCCTTCACACATCACACCAGTTTTGCCCCTAATCTCCCTCCCCCACCTCTATTGGCCGCCATCCTGTTGGAGTGGGAGAGACTTCTACTTTTCGATTTTCTCTGGTCGCCTCATCCTGACTCAGAGATAAGTCTGCCTTTGGCGCGGCCGAGGAGCGGAGTCAACTTCAAAGATTCGGCGAGGACGGTTTAAGCCCTTCGGCTTCGCTCAGGACAGGCTCCTCGAGTTCCGCTTCGGAACAAACCCCTACAAGGGCGAGGGAGTTTCTGACTTTTTATTGGGTTGGTGGCCGGGTCGTGACTTCATACGTTAAACTGCTTCTGGCCTGGGCTGGTCCTGCTTAATGGGAAAGTCGACACGCACACGCGAAGGAACATAATGGGAATGTTGAAAAAAGCCACCAGCGGCGTTCTCGCCGTTTTGTCGTACTCACGTACTGAGGGTAAGCTCCGGGCGCCAAAATGGCTGTGGCCTTGCTGGATGACGTTTTTGAACATTCCCGTCAGCTGCTGATGCCTAAATTTTTCTCGTGCATATTCCGGTGATTTTTGCGATTTATTCAACAAGGCCATAATGGCCGGTGCTACGATCGCGTTCGCTCACGAAAATATTCGAATCCAACTCTCACCCATTCGTGGGACAGAGAACCATGAAGTCACGGGAACACAGACATGAACAATAATTATTGCCTGCGTCGAATTCGTTACATCCTGGATTTTGGTGATTCCAAAATGATTGATGTCTTTGCTC
NZ_CP116967.1_gap82	3701126	3702965	1839	CGTTCCAGCCAACGCTGCATTTGGTTTAATTCGTTCATGGCTTCCTTAAAATACAATCGTACTTCATGCAAATCCAACAAAGAAGATTTCAACGTGAGGAGGCTTCCCATAAGAATAAGACGATCTTCGGTCGTTGATTGGAGACGGCTCACGTGATTGGTCAGATTCTGAATATCATTGAGGACATCGGTGTTGAGACTCTGGTCAAAGTCATTTGACAGTTCCGCAATCATTTGTCGAGTTTGCTGATATAATTCGATATCACGATTAATGCCTAATAACAGGATATGGAGAATCAGGTCCGTGATGGTGCTGTTTCCGATTCCGCCGAACCGATCGATCCTTGCGAGAATTTGTTCCGGAGGCAGATATAGTTCATTGTGAAGGAGAATGAGAGTTTCTTTCACACAGATCGCGGTAATATAGGGATCCTTAAAATCATGTAAAGCCGGGCGTGGGAATCGAAGAAACAAGGCGTGTGAGAAGGTTTCCACACTGACACCCCCGGCTTGGGATTTGACTTTGTCCAGCAAAGCGTCATCCAAGTTCAAGGGCGCAAGGAGCTCCGGCAGCTCTTTGGTCAAGTCGGGATTATCAATATCCAGTAAACGGACGGTCCCATCCCCAAGCCATGATGCGGAAGGTCTTTCCTCGGTCAGTTGGAGCAAACCCTGCTCTTGGAGTCGGAAGCAATGTATCTGCACTGGGAGCACTCTCCAATGCTAATAGTTCGTATCAAAGTCTTCGGAAGCCCGCAATGAATGGGAAATGGATACCGTTCAGAGCAGAATCGATAGAAAGGGCGGATGTCGTTTAACCAACCTGCTTATATGCTGAAGCCTGCATGCCAATGCCATTTCGAAAAGGTTCGAGAATTTTTTCTCGAGGAAGACCATAGATACATCCCCTCTCCTTTTAGTCGGCCGGAAGGTGCTATCCGATCGAATCGAGACTAGCCCAGTAAGGCTAACAGGACAAGAGGCGCGAGAATCACTCCCAATGCCCACTTCAGGCAAAGATTCTCCTCTTCGAGTTCGACAAGACGTTCCGATAATTGACCGGTCGCCGGAAGCACCTCTACGTTTAATGGAGCTGCTGATACAGGACCCTCTTGAAAGCTTTTGGTTTTCCCTTGAGGCCTGTCATCCTGTAAAACCGCATAAAGCCGTGTACCCACTTTTTTGTCATGATGATCGCGACCTCGCATAGGTTGCTGCCCGGCAGGCCTGTTTCTGTTTTCCGGCTTCCCAACATCTTCAGGCACTGATGGGTCTGAACCTTTGTGTTGGTCAGGTATCGCAGCTCCCAATGGATTGGGAATGATCTCATCCAGCGGATTGGTCCCGATGGTGCTTCGTTTGCTCATAAACCAGATCTCCTTTGCAAAACAGCGAAAATGGTCTCCCTATACTCCGGATCGGCTTTCCTGTCTTTTCACTTCTTTTGCCAAATCCCGATAGTCTTTGGCGCCATTCCCCTGAGGATCGTAAAGAGTCACGGGTTTTCCAAATGATGGACATTCTGCCAACCGAATACTTTCCCTCACCACGACCTGAAACACCTGCTTGCCAAAACGCTCCCGAAGTTGGGCAACCACTTCTAACGCATGCCGCGTGCGAGCATCAACCCGGCAGGCCAGAATTCCCGAAATCGCCAAATCCGGGTTCAATCTGACACGGATGGTCTCCACCGTTTGAAGTAAGTGAGCTAATCCGCGCAAGGCCATCACATGGGCCTCTACGGGAATGAGAATTTCTTTGGCTGCGACCAACGCATTGATGGTAACAATGCCAAGCGTGGGCGAACAATCAAGAAGAATATAATCCCATTGATCGGACA
NZ_CP116967.1_gap83	3725410	3727641	2231	CTCATCATGCTCATCGGCCTGTCTGCAAAAAACGCGATCCTGATCGTGGAATTCGCAAAAATGGAATATGAAAAAGGTCGTTCTCTGGTGGAGGCAGCACTTACGGGAGCCCGGCTACGCCTACGGCCGATCCTGATGACCTCGCTGGCCTTTATCCTGGGAGTGGTTCCTCTGGTTCTCTCATCGGGGGCAGGCGCACACGGGAGAATTCTTCTCGGGGTGGCCGTGATCGGAGGGATGATCGCCGCCAGCTTTATTGCCATTTTTCTTATCCCTGTCGCGTTTTATGTCGTAGAACGGCTCATGCACCGTCATGACGAGGAACTCCCCCCGGACCCTGAGGGCCCGACATCCGAAGACTATGAGTTCCTGGAGGATAAAGATTCACTTAAAATATCCTCACAACACAAAACCGGACAGGCTTCAATTCATCTTCAGGGAGAGCACTGATATGCCAAAATGTAGTGCCATGCTCCTGAGCCTCCTGATCGCCTTCGGCTGCACCATGGGGCCGGATTACAAGCGGCCCGATATTCCGACGTCCGATTCCTGGCGGCTCGCACCCGACACATCTGAATCCATCGCCAATATACCGTGGTGGGAGTTGTTCAAGGATGAAGAACTTCAAAAACTCATCCATACCGCTTTAGAGGAGAATCTTGACCTGCGAGTTGCGGCCGCGGCGGTTGAGGAATTTAACAACCAACTGGTCATCGCTCAATTCGACCTCGCCCCTTCCCTGGATTATTCCGGCGATGGCTTGTTCTATCACAACACGAATAATGGACTCTCCACTGGAGGCGGATCGATTCTCCCTGGGCAAGCCGCTGGAAGAAGCGGACGCGGGAACCTTGACTATTCGAGGGAATCCTTCATGGGGGGCATCAAATGGGAAGTCGATCTTTGGGGAAGGATTCGCCGGAACGTCGAAGCCACCAGAGCGGAATTACTGGCACGAGTGGAAAACCAGCGCGGGGTCGTCATCGCGCTGGTCAGTGACGTCGCCCAATCCTACTTCACCCTCCGTGCTCTTGATCTTCAGGTGCAAATTGCCAAACGCACGCTCAAAGTCTGGGACGAAGCCGTGAGACTCAGTCGGTCGCAATATGAACACGGGTATGCTTCGAAGTTGGATCTGGATCGATTCGAGGCCGAACAGGCTGGCACGAGAGCACAGTTGGCAAATCTGGAGCAGCAGGGAGTTCAAGCAGAGAACCGGATTAGCGTCCTATTAGGACAACGGCCGATGGCCATCCCGCGTGGGTTTGGGCTCACGGAACAACCTCTGCCACCGGAAATACCGGTCGGATTGCCTTCTAGTCTTCTGAGTCAGCGCCCCGATATTCTGGAGGCGGAACAGAAACTCATCGCATCCAATGCAAATATCGGTGTGGCCCAGGCTCTACGCTTTCCTCAATTCAGTATCAACGGCGGTGGTGGGGTAGCTGGTTTTCAAATAAATTCCATGGGAACCGGACCGTTCGCAACGGTTGGAGTCGCAGGCACCTTGACCGGTCCACTTTTCAACGCGACGGCACTTGGCTACGGGGTGGGAATTGCAACCGCACAAGAACAACAGGCCCTTGCCCGGTATGAGTTGGCCATTCTCAATGCGTTTAGAGAAGTTGAGGATTCATTGATCACGATTACGAAAACCCGCGAACAACGTGAGGCACAGGAATCCCAGGTTGCATCCCTTAAGTCCGCGTTGAATTTCGCAGACAAACGTTACCGGGGAGGGTTTGCCTCCTACCTGGATGTCTTATCAGCACAACGGGACCTCTTTCAGGCCGAACTGAGCCTGGTCTCAACCAGGCAGCAACATCTAAGTTCCATCGTCCGGCTCTACAAAGCCCTGGGTGGCGGTTGGACCCCTTCCGAGGGAGAACAACAAGGATGAGAGCTCTCCCTCAACGTTGGACTGCTCCAGGAATCGGAACATGGTCGGAGAGGGTCAATTGGAAGGAAAGGATAAATTATTAGAACACGCAGTTTTTTTTCGAGAGAATCATTCTTCTGTTCTCACAAACAGGAGGCTTCATTCAGGGGTTATTGAGATTCTCCACCTGCAACAACAGAAGGCAGCTTCTTAATTGTCTGAATACGTGAGAGTGGTGACAGGCTGTTCATCCCGTTCCTTCGACGAAATTTTGGATTCTCATCATCACTCACATACTGGTATGGCCAGGTGCGGTGTGACGGCCACAGACCACGCATCGGAGATGGCTTTT
NZ_CP116967.1_gap84	3746465	3748825	2360	CACGCCGGTATCGCGCCACGGTTCAATCTTCTTTTCAGGCACACCGACCCACATCTGCCCAACGCACAAGCCGGTGACAAACCCCACTTCGCCATCCACCGAGATCGTCTTGCGATGGTCACGACTGAGCCAGCCAAAAGGTGAGTCCCAGCGTGGCGGGTTATAGCCACGCACTTCCACGCCGCCCGCGCGCAAACGATTCCAAAAAGCGCGCGACGCTCTACCGAATCCGCCCATCCAGTCGTAAATAAGACGCACGCGCACGCCTTCCTGCGCTTTACCGACAAGCGCATCGGCAAACATTCGACCCGCATCATCTTCGCGAATGATGTAGTTTTCGAAGTGAATGTACCGTTTCGCCCCGCGGATTGCCTCGAGCCACGCCGGATAATTCTCGCACGCGTCTTGGAGCAGTCGGATGGTGTTGCCTTCAATCAGGGGTGCGCCGGCGGCGCGCGAGAAAGCCTGGTTTGCAAGTGAGCGAATGGGTAAAATCGCGGCGCGCTCATGGTTGGGAAGTTGTACGGCGGCGCCCATGGTCAGTGTCCCTTCACATCATCGCCATTGACGGCGGAGTTCGCACTATACGTGGAAGCTTGTTCCCGATATTCCTTTGTGGTTCCGTTGAACCATTCACCGGAAGCAAAGTTCTGTCGCCGGCAGCGCATCAACTGGGCCGACATATATCCATATTTAAGGACGTGTCCAAAAAATCCGGAAAAATCAGTGCTTTAGATTTTCCAGTTGAATCAGGTCCTCATTAGCTGCCTATCAGGCACGGAAGGGTATCCATAAGGGATCGGCCAAAGACAGGTCACAATGGGAAAGTGTGAGGAGAATAATCAGATCCATCCCATTACAAAAAAGGACTCAACTGTGCGTTCCCTCAAGGAGACCGAGGAAGGGCCTCTTTCGTTGCCCGCCAATCACGAAGCCGCTGGGATAACCTGGTTGCCCAGTACTCAAAGGCCTGCTGAACATCATCCCATGAATCCATTGAGCCATCCAGCGTTCGACCTCCCATTCGACGATCGACGGCTGCCGCCAGCAGGGTGCCGGTGTCTCCATCGGTTAATTTTCCTTCAACAGTGGCCCGTCCCACAAACGCCTGCGTGCCCGTGGCAAGTCCCGTGGCTGCCGATATCACACCAGCCGGTGGGACAAGAGTGGTAATAATATCCATACCAACATCGGCTGGCACGGCTTCGGTTAAAGCCAGCTCTAATCGTAATGCTCCGGGTACTAATTTCGGAACGACAAGAAAATCTTCTTTGAGTGCCCAGATCATCTTTGAACGGAGATCTTCACCCAGTTTGTGTAATTGTTCCTGGGGAACCGACGATTGCTTTGACAATAAAACGGTAACCGGGTCCACGTATAACGTGCGATAAGTGGAAAAATCAGCTTGAGGATTCTTGTACACGAGAAGCGATTCCCCCTCTTCTCCCTCTTGGAGAAGGGAATAATCTCTGATAAATCCTGAAGTCTGCACGTTTCCAGCCTGTTCGGTCTTCGCGCACCCTGCAACAACGAGGACGATCGTAAGTACGCTTGAGAATCCGAGTCTCTTAAGCCGGTCAACCTGCCTGAATCCCGGCTTTCCGCTGCGGCAATCGGAGGATGTTATGTCAACCATTCATGAATTCCTTTCATTCCTCTGTCTAAATGTCTTAAGGAAAAAGGGATCAGGGATGCAGAATGAAATCGGCGAAGCATTTCGAGCACGCGTTCAGGCACTAGCCCGGCAAATAGTTATATTTCTTCCAAACCCGGCTTTTTTGAAAAATACCTCAATTGTTTGCATTGGTAGCCTTCCTGATCACTTCGAGCAAAGTATTGGCCTGGGGATTATTCACACTACGCCGCACCAATATATCGATCGTTTTGGTTGGTGTTTGATAATAACTGGTGTTTAACGTATCCCGTGCGGCGACAACTGCCCCTTCGAGTGAAATGCCCGCAAACAATCCCTTTGCCTTGGAAAAGGATAAAAGATCCACACTTAAATTTGGCGCCGTCGATCCCTCAACCCCTCTCCCGATTGGTCCAACCGCGAGGGAAGCATCGGCACCCAACTTCAAGGTCGTACTCATCAGGGAATCGATGCCCTTTTGCGTCATGACCAACAACACGACTTCCGAAGCTTGTCCGCCGAATTGGAATCCGAAACTGGCACCACCCATGGTAAAAAAGGCAGGATAGCTCCATTCATTGGTTTTTTCATCACGAGCGATCAACACACCGCTTCCCCCCGACCCGCCGACAAAAAAGGCTCCTTTAATAAATTGGGGAACAAGTAAAATGCCGCGCGCGTTCTTCATATAATCCCGGAACCACTGCATGTCCGGATCCGCAAGAAA
NZ_CP116967.1_gap85	3768809	3773711	4902	CTGGTGGGAAAACTGCCGGAAGGAATCTCTCCAACCTTAGGGCCTGATGCGACCGGGGTCGGGTGGGTCTTTCAATATGCCCTTGTGGACGAAAGCGGAAACCATAGCCTGGCCGATCTTCGCTCGTTTCAAGATTGGTATTTGCGCTATTGGTTGCAAAGTGTGCCCGGCGTGGCGGAAGTGGCAACCATCGGCGGGTTCGTGAAACAGTATCAAGTCCAGGTCGATCCGGTGAAACTACAGGGATATGGTATCGGCCTTCCCCAGGTCATTCAGGCTGTCCGACGCAGTAACAATGAAGTAGGAGGACGGGTCATTGAGGCCAGTGAACGGGAATATATGGTACGCGGCCGCGGATACATCCAATCGCTTGACGATCTTCGAACCATTCCCATCGGAACGGACGGAAAGGGGACGCCCATTACCGTCCACGATGTCGCGACCGTGACGTTCGGTCCGGATCTCAGACGTGGCATTGCTGAATTGAATGGAAAAGGAGAAACCGTCGGTGGAATAGTGGTGATGCGTTATGGCGAAAATGCGCTTGAAGTCATTCAACGGGTCAAAGAAAAAATAACAACCATCACGCCCTCCATTCCCGAGGGCATCCGTATCGTTCCGGTGTATGATCGCTCGGAATTAATTCTTCGGGCCATCGACACCTTGAAAGAAAAAGTCATTGAAATCACCATTGTCGTGAGCGTGATTAGTCTCCTCTTTTTATTTCACTTTCGCTCCGCGCTGGTTCCCGTCCTCTTACTGCCGGTGGCGATTCTCTTGTCGTTTATTGCGATGTATTATTTGGGCGTCTCCTCGAACGTCATGTCACTCTCGGGCATTGCCATCGCCATCGGAACCATGGTCGATGCAGTCATTGTCATGGTGGAAAATGCGCACCGTCGCTTGGAGGAGTGGGAATCCCGAGGACGTTCAGGCTCACGGGATGACGTCATTATTCAAGCCGCCCGGGAAGTCGGCAAGCCTCTCTTCTTTTCTTTGCTCATTATCACCGTCTCGTTTCTACCCATATTTACATTAGAAGCGCAGGAAGGCCGTCTGTTCAAGCCGCTGGCCTACACCAAAACATTCGCCATGTTCTTTGCGGCGCTGCTGTCCATCGGATTGGCTCCCCTCTTGATGAAATGGTTCATTCGCGGCCGGATCATGGCTGAAGGACGAAACCCGTTGAACCGGTTTCTTGTATGGATCTATACCCCTCTTTTGAAAGGTGTCCTGAAAGTCCGTTGGCTGATCGTCGGCTTGGCCATTCTCGGTATGATCCTCGTCGTTCCCGTCTACCAACAGTTAGGCTCTGAATTTATGCCCCCCCTGAACGAAGGCACGATTCTGTATATGCCCACAAGCATTCCGGGCATGTCCATCAAACAAGCCTCCACCATCCTTCAAACGCAAGACCGATTGTTAAAAGAATTTCCAGAAGTAGATCAAGTGATGGGCAAAATGGGTCGGGCGCGCACCGCAACCGATCCGGCTCCCTTACATATGGGCGAGACCATCGTGACCCTGAAGCCTCAGAAAGATTGGCGACCCGGTATGACGTGGGACAAGCTCATTGCCGAAATGGACCAAAAGGTGAAATTTCCAGGGATGGCAAATATTTGGTGGATGCCGATTCAAACTCGAACCGAAATGCTTGCCACGGGCATTCGCAGCAGTTTAGGGGTTCGAATTCTGGGGCCCAAATTAGAAGAACTGGAACGCATCGGGCTACACATTGAAAGTCTGCTTTCCACACTTCAGGGTACCAGAAGTGCCTACGCCGAACGGGTCACGGGAGGGTACTATGTCGATATCCACGTGAACCGCACCGCCGCGGCCCGTTATGGCCTCACCGTTGAAGACGTGCAGGATGTCATTGAATCCGCTATTGGCGGGAAAAATATTGCATGGACCGTTGAAGGGCGAGAACGCTATCCGATTAATGTTCGATACCCGCGTGATCTGCGACAGGATGTGGAAGCGCTCAAGCGCGTGCTTGTCAGCACGCCACACGGCGAACAGATCCCTCTCGCGCAACTTTCTCACATCTCCACCACCACGGGACCGCCTTCAGTGCGAGATGAAAATGGATCGTTAGCGAGTATGGTATTTGTCGATATTGCAGGCGGGGATCTCGGCACCTATGTCCACAAAGCCAAAGACCTGGTTCAGAAGCACGTCACCCTTCCACCCGGGTATACATTACAATGGGCCGGTCAATATCAGTATCTGGAGCGGGCACAGGAAAAACTCAAGATTGTGATTCCCCTCACGCTATTTCTCATATTCCTCCTCCTGTATCTCAACTTTCAGTCCGTCCCCCGATGTCTGCTGGTATTGCTATCGGTGCCGTTCTCGTTGGTCGGGGCCATCTGTTATGTGGATTTCCTGAACTATCCTCTCAGCATTGCCGTATGGGTCGGACTGATCGCCCTGGCAGGAGTGGCCGCAGAAACCGGCGTGATCATGGTGATGTTTTTGGACGAGGCCTGTGCCCGCCGGCAACGGGAGAATCGCATGCACTCTTTGGCGGACCTTCGTGACGCTATCATTGACGGTGCTGTCTTACGAGTCCGCCCAAAAATCATGACCGCCTCGGCCATCATCCTGGGTCTGCTGCCCATCATGTGGTCCCACGGAACCGGCGCAGATGTCATGAAACGCATCGCGGCGCCGATGATCGGCGGAATGGTCTCGGCGACGGTGCTCACACTGTTGGTCATCCCCGTCATCTATTTCATCTGGCGTCAGCGGCAATTACAATTAATTCATTGAAAATTTCTGATAAGGGTTCATGTCGACAACACACCAGATTGTAAAAGCTCCATCATAGGTGGAATATCAACTTCACAAGAGGAAGGCAATTTAATTCATGATGCAACCATTCACTCACATACGAGAGGCAAGCTGTCGCCTGAACTGGCGTCTCCTGGTTCTTATAGCGCTATGGACAATCACGGCCTGTGCCACCGCACCTCAACCGCCGCAAAACGAACCTCTCCCGCCACCCGAGCAAGCGAGTCCTCTGGTCGCGCAACTGCTCCTGGATGGCAATCGTCTGTTTGCCGAACACCGGTGGACCTCTGCGATTATAAAGTACGAAGAAGCCGTTCAAGCCCAGCCAACATTGGCCGAAGCCCATTACAACCTGGGCATGGCCCTCTACAAAAAAGGGCCCGTTTCAGCCGCGCGTCCCCATTTTATCGAAGCGGCCGATTTAGCTCCGGGGCATCCCGTCATTTGGAATGCTCCCCCGTTCAGAAAATATGGCACGGTTGAGTCAAGCACACCAACATCGGCACCAGATGGTCATTTTGGACATCAGCATTGATCCGCGCCAAACATCTTTGGTATGCCCGGATATAATGAGAGATCACGCATGAGCAGCAACAAGGATAGTCATGACACTCGAATGACGCGGCGCTCGTTACTGAAAGGGTTTGGTGCGCTTGGAATAACGGCGGCTTTGGGTCGCCTCCTTCCTTCCTATGTTCTGGCCGGCACAACCAAGGCAAAAGCGGGATATCCTTCAGAACTACATGGAAAGACCATTGATTTACGCATTGCCGAATCTCCGTTTCAAATCGGAGAGTTGACCGGAATGGCCAAAACCATCAACGGCACGTTACCCGGTCCTTTAATTCGATTGAAGGAAGGTGACAACGTAACACTCAATGTCACGAACCGGTTAATGGAAGATACCTCCATCCACTGGCATGGATTGCTTCTTCCGCCGGACATGGACGGTGTGCCGGGCGTCAGTTTCGCCGGCATCAAGCCGGCCTCGACCTTCCGCTATCGCTACCCCATCCGACAAAGCGGAACCTATTGGTATCACAGTCATTCCGGCTTCCAGGAACAATCGGGTGTTTACGGACCGCTCATCATCGATCCGATCGAGCCGGATCCGTTTCACTACGATCGGGATTATGTGGTGGTGCTCTCGGATTGGACCTTCGAGTCGCCGGAGTCGGTCTTTGCCAATCTCAAAAAGCAAAGTGACTACTATAATTTCCAGAAGCGCACCGCCCCCGAGTTCTTTTCCGATGTGTCACGAATGGGATTGGGGCCTGCGCTGCAGAACTATCTGATGTGGGACCGGATGCGAATGGACCCCACGGACTTCGCGGACGTTACCGGGTATATCTATACCTATTTAATGAATGGAATGGCACCTGACCAAAATTGGACAGGGCTCTTTCGTCCAGGTGAACGAGTGCGATTGCGCTTCATCGCCGCCACCGCCATGACCTTTTATGACGTGCGCCTGCCGGGACTCACCATGACCGTCGTTCAGGCGGACGGACAAAATGTGCAGCCTGTGGCGGTGGATGAATTACGTATCGGACCAGCCGAAACCTACGATGTGATCGTCCAACCAGCCGAGGATCGGGCCTATACAATTTTTGCCGAAACACTTGATCGAAGCGGCTACGCACGAGGCACACTGGCTCCGAGCGCTGGAATGACCGCCCCACTCCCCGACCGTCGTCCGCGGCCTCTCCGGACCATGGCTGCCATGGGCATGCACATGGACAGTATGGACATGGGGGACATGAACAAACATGATCAGCACGGCGGGGCACACATGGAGCCTCCGGAAATGGACAAGTCCAAAAACCACGCCACAGAACACCTGCATGACATGCACGACATGTCAGACTTTCCACCGGATGAATCGCGCCAATCGGAAATTCCCGGCAATACACCAGTCAAACATGCTCCGGGTCATCATGGTACCGGCAATCAATCTGTCGCCGAATATTCGCGTCAACAGCTGGATGAGCCCGGCATTGGGCTGGAGAATACCGGCACACGGGTGCTGGTTTACACCGATTTGAAAAGCCTTGCGCCCTATCCCGACCAGCGGGAACCTGGGCGCGAAATTGAGCTCCACCTCAC
NZ_CP116967.1_gap86	3774761	3779582	4821	CAACGTGTACGAAAGTTCACAACGGGTTCAGGACTGAATAACCTTGAATTGGGGTTTCGGCTGCGTTATGAAATCCGACGGGAATTTGCCCCCTACGTGGGAATCTCCTTGGACAAAAGTTTTGGAGATACCGCCTCGCTTGTACGGCAAGAAGGAGGAAATCCCAGTCAGATACGATTCGTGGTGGGTGTAAGGCTCTGGTTTTAAGAATAGTTATACCGCAATATGCGCCTGCAAATGATTGTGTAGCCGGAGCTTTTCTTTTCCAATAGCACAAAACATCTACAGCCTCGCCATCACACTATTCAAGGGTTATCGACAGTTTTCTTGGGAAAGTCGTCCAGTTATCGTGGGAGACAGGAATCGGCATTATTCTATTTTTCAATGAGGATGTGACCGGCAGCCTCAGGAAAGGAGGAGTGATTCATGGCACATCAACACCAATCTTGTATAGAAGCCTGCGTGCGCTGTGCTCAGGAATGCGAATCATGCGGGAATCAATGCTTGGGTGACATGCCCGACTGTGCCAGGCTTTGTATAGACTGCGCAGATCTCTGTTGGACCTGTACGGCATTTATGAGTCGAGATTCTCAATTCAGTGCGGAACTCTGCGACATTTGCGCCACAATTTGTGACGCCTGTGCCAAGGAGTGCGAGAAACATGACAACGAGCATTGCCGACGCTGTGCGGAAGCCTGTCGCCGATGCGCGGAAGAATGTCGCAAAATGGGTGCAGGAGCAAAAAAACAACCTGTGGGCGCCGGGCGATAGACTTCGTTGACTACTCATCGGGCAAAGCCTCCGGAGGCATGCCCGATGAGGTCGATCTCCCTTCCCTCCATAAAATCTAGTTCTTAAAAACTGGACCATTTCCCGAATTTGATTTTTTACCTGTATCTTGGAATGGGCCAAAACCGGTAAGGGTGATCTGCCTGATTCTATCGAAGATTCGATTGAATATTTAATTAGGCATATTTTCGAAGTTATCCAGTTCGACCATGGAGAAAATATCCTAGACTCTTTAAAAAAAGACACAACGTGTTTTATAGGATTTACAAATGATCAAGATCTCCATGGCCGGGTTAGGGTGGCCAATTCTGGTTTTCGGATTGGGATTTTCCGGATGTGCTATCCCTTTCCATGATAATCAGATGGATGAACTGCCTAGACCGAACATGTATCCTCAGAAGGGAATCCCAACTTTATTTCCGGATCTCCAAAATGAGAAACACCTGCACACGGTACCGGCAGAAGGTCAGACCCAGGCGGATGACGAGCATGACGACGGAACCCTTTCACTTCCGCGGCTCAAGAATCTCGCACGGAAAAATAATCCTACCTTGATACAGGCCTGGGTTCTGGTCGAGGGAGAACGGGCCAAGGCTCTTCAGGCGGGCCTCTACCCAAATCCGGTCGGTGGTTATTCAGGAGATCAGATCAACGTCAAGAACACCATTGGAGAATTTCAGGGAGGATTTATTCAACAAGAATTTGTCACGGCGGGAAAACTCGAATTGAGTCGTGAGAAATATTTAGCACGAGCTTCCGCCGCTGAATATCAGGCCCTTGCGCAGGAATATCGTGTGATGAACGGGATCGTAATCCAATATTATCGCCTTTTGGGATTTCAGGAGCGGGTAGACATCCAACGGGAGCTTCTCAAAAGTTGGCAGGATCAGCTCTTGACCGTCAAGGAAATGTTTAATGTCGGCCAAGCCAATGAGGCTGATCTGCGCCAGGCCCGAGTGCAACTTCAACAGCAACAATTGTCCGTGCTCATGGCGGAAAATGAATTCCAAATGGAAAGGGAGCGCTTAATGGCTCTCGTGGGGACGTCCCTTCCCAATCAAGCGGTTTCAGGAATGCTGGCAGAAGATCTGCCTCCCATCCGATTCGAGGAGGCCCTCAAGAGGTTACTGCAGGAAAGCCCTGAACTGGCCCTGGCGCATGCCAATGTGCGATCGGATCAAATTATGGTTCAGCGGGAACAGGCGGAACCTATCCCCAACATAACCCTTAGAGGTTCGGCCGGCCGGAATTATGTCGAAACACAGACGGTCTATGGCATTCAAGCGTTTATCAAAATTCCCATTTTTGATTGGAACCAGGGAACGATACAACAGGCCCGGGCCGATCTCCGCCGACAAGAGGCCCAAGTCACACTTACGGAGCTTCGATTGCGCCGAAGTTTAGCCGAACAGTTTCAACAGTATCTCACCGCCCTTCAACATATTACGAGTTATCGGGATTTTCTGTTGCCCGAATCAGAGGCACGGTATCGCGTTCAATTACAGAGTTATCAATCCGACCGTGAAACCTGGCCGGAGGTGCTGCAAGCTCAACGGGATTTCTTCATGCTTCGATTGGAATATATCAATCAGTTAATTGCCTGGCGAACCGCCAGAGTGACCATTGAAGGACTGCTGCTCATTGACGGCCTTCAGGCACCGCAGGGTGTGACACCGCCTGGGCACCTTGATGCGAATCCCAAACCCAGATAAGCATCAATTTCCCCAAGACGCTTTTTTCTCTATGGAGATTGTACAATGAGCGATGGCGTGACACGACGACAGATTTTGGCAACCGGAGCTGCACTGGCCGCAGGAACCTTGTCGGCTCAATTGGGTCAAGGTGAGCCACTCGATCCCTCCCGGTCCCGCACAGACCAAACCCAGACAGCCAAAAATTCCAATAAAAAGTTTTCCCGTTATTCACGCTATCGTCCCAGTTTCGGAGGGCCTCCGGACTCCGATGAATATCTGGGAAAACTTGTTCCTGGATTGCGAAAATCCGGGCTCGAACCCGTCCCACTCGAAACTCCAGACCTGGAAAAACTTTCCTGGAAGATGGTGAATGGTGTAAAGGAATTCGAGCTGCGATGCACACCGGTAAGCCGGGAATTTCTTCCCGGGAAATTCATGCATGTCTGGGGCTTTAACGATAGCATGCCCGGGCCCACCATGGAAGCCTTTCAAGGGGAGCGAGTTCGCATCATCGTCCATAATGAACTGCCGGAACCCACTTCAGTTCATTGGCATGGATTGGAACTCCCGGTGGAATTTGACGGGGTCCCCGGTGTCACTCAACATCTGATTCCAGCTGGCGGGACGTATGTTTACGAATACGATCTGCACCAGACCGGCACATTTTTTTATCATAGTCATGTGGCCATGCAGGAAGCTTTCGGTATGGTGGGATTTTTTATCATTCATCCCCGCGTGGCCTACGATCCTCCGGTGGATCGTGATTTCGGACTTATTTTTCAGAATTTTTTTATTCCACCCAATTCGACAACGGCGGATTCCATGCGCATGGACTGGAACTGGCATACCATCAATGGACGCAGCGGCCCTTATACCACTCCCCTCGTTTGTAAGCATGGTGAACGGGTCCGCATCCGATTGATCGATTTCAGCCCAATGCAACATCACCCGATTCATATCCATGGCCACACATTTTGGTTGACAGGCACCGAAGGCGGACGCATTCCTCCCACTGCCTGGATCCCAAGAAACACCACCCTGGTGGGCGTGGCGATGGCGCAGGATTTTGAATTTGTGGCGTTCAATCCGGGAGATTGGATCTTTCATTGTCACATGGTGCACCATATGATGAATCACATGGTGCGCCAGGTGGGCCCGCGCATACGCGGGGAAGAAGAGGTGTCGAAATATCTGCATTCTCTTCCTAACCGACCTCCGGCAAAACCCGTCCTGGAAAGTCCGGCGTTTGGCGTACCCGGCTATCCACAAAAAATGCAGAGTATGGAGATGAGTCAGGAAGCCATGCAACAAATCAACGCCCGGCGGGAAACTCGCGGGATGCGTCAAAAAATGGCACGAAGGCGTCAAAGGTTTAATGACGGTCATGCGGGTCTTGCCGGATGAATTCTATGATCTCGTCATGCATAGCGATGAACACATTCCTCCGGGCGCCATTTTTGAAGCCATCGCAAAAGGCCAGTACCGGAAACATGGCCAATGATTGTTCAACTAGAGGACAATAGGTTGAATCTGCACGGTCTTTTCCCTTTATCCATTTAGCAATCGTCAGCTCATTCATAGCCCCCACAACTGGATTTGTCTCCCGACGAGGATTATCCTTCTGCCTTTTCCGTGGCCGAATGATAGATGCCACACATTCCACGCGCATTCATAAAGTTCTGACCTGAGAACAAAGCGTATCCATCATTATTGACTTATACTGGCCGTTCAAAAATCAAATATGCCATGATTAAATCATACCGTCGGGCAGATGGGAAAATTGAAATGACCACAAAAAAAATATGGGGTTGGCATATACTTGGTGAATCGGAACCCTCATAGAATTCAATTTCAGCACTGTGTAAATAAAAAATTCAAAGGAGCCGAAACATGGCACACGGCTTCACATCGATAATCTTTATCACAATTACCACGATCACTATGATGACCGGATGTGGGTCCGGCCCCCCTGCCCAATTGGTCGAAAAATATGGTCCACCCGCCCAATTAGTTAAACAGCATGATCATGTTGCCTTGGCAAAATGGTACGAACAGGAAGCCGCCGCTCTTCGACAGCGCGCAGAGGAATTGCGTGCGATGGTTGGGGAAGTTGGTGATTACGATTCAAAAGAATTTCATGAAGACAAATTAACCATAATCATGCATGGAAAAGATTTAGCTGATGATTATTCGGACGCAGCCGATACGGCTGAAAAACTTGCACAAATCCACAGAGACCTCCAAGCGACTAAATAGCCCGCGCCCCGGGCCCGACGCAACAGACCTTCCAGCACTCTGTGTTTGGGAGTGAGAATTTTCAAAACGAGCAGGAGAGCCG
NZ_CP116967.1_gap87	3787368	3791239	3871	GCGCCAATGAAACGCAGACTCCCGATACTGTTGGCAATGGAGATCTGATTGGTCGCGGCCGTTCGGCCTGCCGCCTCCGACAACTGCGTGGCCGTCACCCCTTGTTCAAGTAGTTTATGTTCGACCCAGGTTTGAATGAACGCCATAGCCGGCCCCTGAGCCTGAAGTCTTGCGTAAAATTCCTCCACAAAGGGTGCGGTCAACGGCACATCGGCATTGGCGAACTCGGCGAGCAACTGAACAAGCTGTTTCGGTTTCTCTTCAGCCGTCGCGTGCATGCGGTCGGCCCAACTGATCGCCGCGTCGCGCTCCTCGCGCCGACGGGCAATACGCAACCCCACGCGACGAAGGTTTTCCAATAGCGCCAACTGCAGCATAATCGGGAATGCCCACAATTCACCCAGTTGTAACGGTTCAACGGTCTGGTAGGCGGCGACGAAATGGGTGGCATTGTCGCTGTCGACACGACCATCCATATGAGAGATCAACTCCAACGCCAGGTCATAGATTCTGGGAAAACCGGCTGACGGGCCATCAGCCAGTCGCGGCAACTGCCGGCTGTACCCTCGCGGCAGATGCCGACGTGCCAGAACGATCTGCTGCTCAATAAGATAAAAATTATCAAGCAACCATGCCTCTGCCGGGACGATACGTTGTCCGGGCGTCACGGCGGCTGTCACAAGGTCATACGCCGCCAGCAGCACACGCTCATTGTCCGCCAGCCGTGGTAATAACCTGTCCGGGCCAGGGTGCGGATCGATTGGATGCTGTCCAGCGAGCGTGACCGCATGACGTTTCAATTGCTCGATGCTGAACAGCTCCGAGCGCAGCAACTCTGTATCCCCTGCGTCACGCAACACATTCCGTGCAGGTAATAAATGTCCGAAATTTTTTCCGAAAATATTAATGACGATGACATTCTCCTCGCTCGAACGTTGGATCGTCCGCGCAGTAACGGCCTTAAACCTGGGTTTGGCAAAATGTCATGCTCCGTGCTTTCAGCACGTCAGCCAGTGACCTGTTGGTGGCTAATTTCTACATTGTTTTGGCTGGGATTGAGATTCGGGTTAAAACGGACAGTGGATGAGTACCGCTTTTTGCTGGAATTCAAGGCCAAAGGTTTGGAGCTTGCTCGAAGTTGATTAAGCCCCGCACAGGCCTCAAGCCGTTTGGCTGCGGATTGCTATAGCTTTAGACCCACGCTCCTGTCAGCTTAATCCATGTTAACACTATATTCGTCTATGGAGATAGGGAATGCCATGGCACGATGGCGGGTGAGAAAACTGTTGCCGAATGCCGTGATTCAAACTTTGGGTCGGCTTCCCCATGACAACGGGATTTCACTATACTGAAACAACGAGTTCATCTTTTAGCGCCAACCGAACCGAAGGGTTATATCTTATGCCACTGGGGACGTCTCTCTCAGGCCAGTTCACCTTCATACTCTCTTTTGTTGATAATAAGGACAATAACAATGGCACAAGAATCTCATACTCCCAAGGATAAGCCCCGGCGACGGGAATTAAGCATGGCCAAGGTCGCGCAGGTGAAAGACCCTGTCTGCGGCATGATGGTTGATCCGCTTACCGCTGCCGGAAAATTCGAGCATGCGGGAGCCATGTATTACTTCTGCAATCCGCGTTGCCAGGACAAGTTCAGCCATGATCCGGATGGCTATCTCACCGGAAAACACCAGCAGTCGATGGATACCGAAAATGCGAAGCCGGGCACCACATATATTTGCCCGATGTGTCCGGGGGTGGAATCTTCAAAACCGGCTGCTTGTCCGAAATGCGGCATGGCATTGGAGCCGGATATGGCCGTTGCACCGGCAACCAGGACGGAATATGTCTGTCCCATGCATCCTGAAGTGGTACAGGACCAGCCCGGCTCCTGTCCCAAATGTGGCATGGCGCTTGAACCGAGGGAAATTACACTTGAAGAAGAAGACAATCCCGAACTTAAAGACATGACGCGACGGTTCTGGATCGGTCTCGTGTTGGCGTTTCCGGTATTTATTTTGGCCATGTCCGAAATGATTCCCGGCCAACCCCTTCAGAATATCCTGCCACCTTCGGTCCTGTCCTGGGTACAGTGGGCATTAGCCACGCCCGTGGTCTTATGGTGTGGATGGCCGTTCTTTCAACGCGCATGGGCTTCGCTCGTGAATCGCAGTCTGAACATGTTTACACTGATTGCATTGGGAACCGGCACGGCCTATGTCTATAGCACCGTGGCGACGATTGCGCCTCAAATATTTCCTGCCTCATTCAGAGGAGAGGGTGGTGAGGTCGCCGTGTATTTTGAAGCCGCGGCCGTGATCACCGTCCTTGTGTTATTGGGCCAGGTCCTGGAATTACGGGCACGCAGCCAGACAGGCAGCGCCATTAAAGCCCTGCTTGGCCTTGCACCAAAAACCGCCAGGCGAATTCTCGAGAATGGCGAGGAGGAAGACGTCCCACTGGATTCCGTGCATCCGGGAGACAAGCTTCGGATCCGCCCGGGAGAAAAAATTCCGATCGACGGAGTTATTCTTGAGGGTCAAAGTGCTGTCGATGAATCCATGATTACCGGAGAATCCATACCGGTGGAAAAAAGAGCAGAAGCTCAGGTTACCGGGGGAACCGTCAATGGCACAGGGACATTGGTGATGCGAGTTGAACGAGTAGGCCGGGATACCGTCCTGGCGCAAATTGTTCGCATGGTGAGCGAGGCCCAACGCAGTCGGGCGCCCATTCAACGGATGGCCGACCTGGTAGCCGGCTATTTTGTGCCAATTGTTGTAGGGATAGCGGCGCTGACTTTCTTGATCTGGGCGTTTTTCGGTCCGGAACCGCGCATGGCTCATGCCCTGGTCAATGCCGTCGCCGTTCTCATTATTGCCTGTCCATGCGCATTGGGCCTCGCCACCCCCATGTCCATTATGGTGGGAACCGGACGAGGAGCCACAGCCGGCGTCCTAATGAAGAATGCTGAAGCCCTGGAGCAATTGGAGAAAGTGGATACCCTTGTCGTCGATAAAACGGGAACCCTCACAGAAGGCAAGCCCAAACTGATGTCAGTCGTTTCTCACACCGATATGCCGGAAGAGGACCTGCTCCGATTGGTCGCCAGCCTGGAACGCAACAGCGAACATCCTCTGGCCTCCGCCATTGTGAACGGGGCGAAAGACAAAGGGCTGGAGTTATGGAAGACTCAGGACTTTCAGTCGAAAACCGGCAAAGGCGTGACCGGTACTGTCCAGGACCGGAATATGGCACTCGGAACACGGAAGTTTTTGGAAGAAGAGTTTCACGTAAAGCCCGAGACCTTCGGGCCGTTGGCAGACAAGGCCGAGGACCTGCGCCGTGATGGCCAAACCGTCATGTTCGTGGCCATCGAGAACCAGATCGCCGGCCTCATCGGAGTCGCCGACCCGATTAAATCATCAACGTCGGAAGCCATTCGCCTGTTACATGAAGAAGGGATTCAGGTAGTCATGGTCTCCGGTGACCATCAACAGACCGCACAGGCGGTTGCGAAGAAGCTCGACATTGATGAGGTGAAAGCGGAAGTGTTGCCCGAGCAAAAGAGCCAAATCGTGAAGCAACTACAGGCAGAAGGGAAAACCGTGGCCATGGCCGGAGACGGCATCAATGACGCACCGGCTCTCGCCCAGGCTCATGTCGGCATCGCCATGGGAACCGGCACGGATGTGGCCATGGAAAGTGCGGGGATCACGTTGGTCAAGGGTGACCTGCGGGGTATAGCCCGAGCGCGCAAACTTAGTCAGGCGACCATGCGCAACATCCGGCAAAATCTCTTCTTTGCCTTTTTCTATAATGCCGTCGGAGTGCCGATTGCCGCGGGTATTCTCTATCCGGCATTCGGC
NZ_CP116967.1_gap88	3833971	3835988	2017	GATGAAGGGTTACCGAAGACGAGTGCCTCATGGCCTGGCGAGGCCCTTCGATTTTCTCAGGATGACATCGTCGACGATAGGGAAGACCATGCAATCAAGGCCTGGAATTCTACACATCAGATCTTCTTCGACTCCGAAGAAATCTGCCGTGCATAGAAGAATGAAGGGGGCTATAATAACAATATCCCAGTGAAACCCTGACGCTTAGGCATTCAACCATACAAAGGTTGTGAGCATGGCCACCAAACTCTATTCGATGCAGGACACGACCTTTTTCGCCGATTCCGCCCGCACGCTTGCACACGCCGGAGCAGACCGGTTAGCGATTGAAGAACCGCTTGAAATTCGACTCGAGTATTGGGCCGACGGCCAGCCTCATCGGAAAAGCATTTCGATTACCATGCGCACTCCCGGACACGATCCGGAGCTGGCTGCGGGATTTTTGTTTACCGAGGGCATCATTACTGAATGGAACGACATCAAACAGATTCGTTCATGTGGACCATTCGTCGAAGGGCAGGACTTTCAGAATATTATGCGGGTCAAGCTGCACTCCACGGTGCCGGTAAAAACCGCGACGATGGACCGGAATTTTTATACCACCTCCAGTTGCGGCATCTGCGGCAAAACTTCCATCGAGGCCCTCAAAATTAACAATCCATTTGGCCAAAACATTAAAATTCTGACTTCCCCTTCCGTCACACAAGATATGTTATTCTGCCTGCCGGAACGCATGGCCGGGCAGCAACAGCTCTTTAAGGAAACGGGGGGCTGTCATGCTTCCGCTTTGTTTGATGAAAAGGGCGCGTTGCTCTGTCTGCGGGAAGATGTCGGACGGCACAATGCCCTGGATAAAGTTCTTGGGTGGGCCTTGATGAATAACCATCTTCCCCTGCATCACCATATGGTGCTGGTGAGCGGTCGGGCCAGTTTTGAACTCATGCAGAAATCCGCCATGGGCGGTATCCCGTTGGTCGCCGCCGTGGGCGCACCCTCCACACTCGCGGTGCAGATGGCACAAGAATTCAACATGACCCTGGTGGGGTTTTTAGACCATCAACGCATGACGGTCTATCACGACTCCGGACGCATTCAAACCCACCAGGCTCCACAACCAGAGGACACAGGTGGACGAACAACGCGACATACCGGAAGCCCCGTCAACCCCGACGTGGAACATCCCGATCGAAGATGGCCACGACCTTAAACTTGACGCGCCCTCCACGTGCGCCGGCGGCATCCCCGCCATTCTCACTTCCCTCAAACATACCACGCACGAACTGGGTTTCATCCGAGGTGGCCAGGCCCTCCTCAAGGTTAATCAAAAGCAAGGATTTGATTGCCCGGGCTGCGGCTGGCCCGATCCGGATGGAGCCAGGGCCATCACCGAGTTTTGTGAAAACGGCGTCAAAGCCGTCGCCCATGAAGCCACGACCAACGTCATCACCAAAGAATTTTTCCAACGATATTCCCTTGAGCAACTGGGCAGGCAATCGGATTACTGGTTAGGACAGCAGGGACGCCTCATCCGTCCGATGATCAAACGGGCTGAGGATACACATTATCATCCCATCTCCTGGGACAACGCGTTTGACACCATCGCCGGGCACCTCAAAGACCTCGACGATCCCAACGAAGCCATCTTCTATACCTCCGGGCGCACCAGCAACGAAGCCGCCTTCCTCTATCAACTCTTCGCGCGACTCTATGGCACCAACAACCTGCCCGATTCCTCCAATATGTGTCACGAGTCCAGCAGCGTGGCGTTAAAAGAAGTCATCGGCATCGGCAAAGCCACCGTCACGCTCGACGATTTCGACAAGGCCGACGCGATCTTTATCCTGGGACAAAATCCCGGCACCAACCATCCGCGTATGCTCGCCACTCTACAAAAGGCCGCCAGGCGAGGCTGCCAGATCGTCAGCATCAACCCGCTTCCCGAAGCGGGCACGACCCGGTTCATCCATCCGCAGGAAGTCACCCGCTGGCTGGGCCAGGGAACTCCAATCGCCACACT
NZ_CP116967.1_gap89	3839657	3844086	4429	GATCATGAATGGCACCAGCACCGAGGTAAACCGGCCAATGGATGTAATGCCGCCCAATATCACAAGCCCGGTCATTCCCATCAACACCACGCCGGTGACCCAGGGTTGGACCTGAAAGGTCGACTCAAGAATGCCGGCCACGGCATTGGCCTGCGTCATGTTGCCGATGCCAAACGCCGCACAGGCCGTGAACAAAGCAAAGAACCAGCCTAACCAGGGCAGCCCGGCACCGTTGGCTAGATAATACATGGGCCCGCCACGCATCCCGTATGCCCCCTGCTCACGGTATTTCACCGCCAGCACAGCTTCGCCATATTTGGTGGCCATGCCCACCAGGCCGGTCATCCACATCCAAAAGACGGCACCGGGCCCGCCGAGCGTGATCGCGGCGGCCACGCCGACAATATTTCCGATGCCCACAGTGGCTGATAAGGCCGTCATGAGCGCCGCGAAATGGCTGATGTCGCCATTGCCACCCGGTTCTTTGTGAAAAATTAATTTCAGGGCATGCGGCAGGACACGAAACTGCAAGCCCTTCAACAGTATGGTCAGATACAACCCGGTGCCGACCAACAGAAGCAACATGGGCGGACCCCACACCCATCCGGCTATGGTTGCTACGAAAGATTCAAAGAAGTCCATGGGGCCTTCTCCAATAGCGGAAAGGTCTGAGATAAGGGCTCGAAGAGATTCTCATCAGCAATGGCACGCCCACCTCTGACACGGCATAGGCGGCGGAATTGTTTGCAGGAAATAAACAGTGAAACGTCGTGCGTTGAACTGTCAGGAACGGGAAAGAGGAATAATTGCGAGGCACCGCTTATTCTACCAATGAGGTGCATTGTGTAAACAGGCCTGGTGTTAATCGTTGTGGCATGGCACTTCACAGAAATGAGGCGTGCCCCGTGCAGGGTAAAACTTTCAATGGGGCATTCACACATTTTTTGACGAACACCCCCACCCGGCAAGACCCTCGCCAACTTGTCATGCTGAGCCCATGGCGAAGCATCTGTGCCAAAATTGACGATAGCACGGCTCAGCAAGATCCTTTCTTCCACCTTGCCCTGACTTTTGCCGAATGGGTCAGGATGACAACGCTCATGGGATACCGGGATGTTAGGTATGATCAGAACGGGGATATCAACAATGATTTTCTATCGGAAACATTGAGGGTTGGTGCAAAAGTTGGAGACGAAAAAGAATGTGAATTCTTTTGAGATGATTTGCACCAGCATCCCTTTGACTTCTCGCCAATGACAGCCATCACATAAAAAGCTTTGATTTTTGGCGTCGGCAAAATGCAGACCATGAGAAAAATTTTTCATCCCCAAATTTTGTGTATAACCTGGTGAATACTGTCATGCATTGCGTGTTTTTCTAAGGAATAAAAAGGAAATGAGCAGATTGCCTCTGTTTTAAGCATTGTATAAAGATTTTTTTATGCCCCTACAGGCAGTGGTGTAGGTTTTTTGGCGTAGGAGTAAAGGTAGAAATAGGACTTTTTTTCTTGACATGCGTCTCCATACCGATGCCCATTGATGTCCGTCAAAAAGAATACGCTGTCAATGATTTTCTTATCCACAGAATTTCTTTAAAGATGTTGATAAGACGGCCATGATGTCTGAGATTTTCAGGCCTTCGGTGAGGATTCATCCCTGCAGAACCAATCCCAAACGGAGTCGAAGTCTGCACCCGATTCCTGGACACCGCCAGGTTGGCATGGGAAAGAATGAAGGCTTTGAATCCTCTGATGAATCTCGGTAAGGTAGGCCTCCCTCGCTGAAAGCAGGAGATAACACATACATCCATATTGAACGCGGAGCGATCACCATGAAGGTCAGTGCCCTTGCAGGAAAACCCACCCAACCGTCCATGCTCGCCAACATCCCCCGGCTGATCACCGCCTATTACACGGGACGGCCTGACCCGTCGGTACCGGAACAACGGGTCGCTTTCGGCACATCGGGACACCGCGGCTCCTCCTTAAAGCTTTCCTTTAATGAAGCGCATATCCTGGCCACCACCCAAGCCATCTGCCTGTATCGTCAACAACAGCATATTGACGGCCCTCTCTTTTTAGGCATGGATACCCACGCGCTTTCGGAACCTGCCCTCGCAAGCACGCTCGAAGTACTCGCCGCCAATGGTGTGGTCGTGATGGTAGACCGCGATAACGGGTACACCCCGACACCGGTTATTTCCCATGCCATTCTGACCTACAACCGTGATCGAAAAACGGGATTGGCCGATGGCATTGTCATCACGCCCTCGCACAATCCGCCTGAAGACGGTGGTTTCAAATACAACCCGCCCCATGGCGGGCCGGCTGATGCCGACGTGACCACCTGGATCGAGAAACAGGCGAACGCGTTGCTGGCCGATGACCTGCGCGGAGTTCAGCGCGTTTCGTATGAGAAGGCACGACGCGCCTCAACCACACACAAGCATGATTATGTCGGCGCATATGTTGACGATCTGGGCGCCGTGATCGATATGGAGGCCATCCGCGACGCGAAGTTGTCCATTGGAGTGGATCCCCTCGGCGGAGCAGGGGTGGACTATTGGGGACCCATCACCGAGCGTTACGGATTCCCGGTCACGGTCGTGCATGAAGACGTGGATCCGACCTTTCGCTTCATGAATCTGGACTGGGATGGGAAGATTCGGATGGACTGTTCCTCACCCTACGCCATGGCCGGACTGATTGCCTTGAAAGACCGGTTCGACATTGCCTTCGCCAACGATACCGACCATGATCGGCATGGAATCGTTACGCGCACGGCGGGCCTGATGAATCCCAATCACTATCTCGCGGTGTCTATTTCATATCTGTTTACCCAACGCTCCGGCTGGCGGAAGGATGCCGCCGTCGGAAAGACGGTGGTGAGTAGCAGCATGATCGATCGAGTGGCCGCCAAGATTGGTCGGCGTCTCGTTGAAGTGCCGGTCGGATTCAAATGGTTTGTAGATGGACTGCTTGACGGGTCCGTCGGTTTTGGAGGAGAAGAGAGTGCCGGCGCATCCTTTTTGCGTCATGACGGAACCGTGTGGACGACCGATAAAGACGGCATCATTCTGGATCTATTGGCAGCAGAAATGATGGCCAAAACGGGTCGCGATCCCAGCCAACTCTACCTGGACCTCACCAAGGAATTAGGCGTCCCGGTCTACCAGCGCATCGATGCCCCGGCCACACCGGCGCAGAAGGCTATACTCAAAATACTTTCACCAGAGCAGATTCAAGCGACCGAACTGGCAGGGGAAAAGATTACCGGCATTCTGACCTCGGCACCGGGAACCGGCAGTGCCCTTGGGGGGCTGAAAGTCATGACGGAAAACGGATGGTTTGCCGCCCGCCCCTCTGGAACAGAGGATGTCTATAAAATTTATGCGGAGAGCTTTCGAGGTGACACGCATCTCAAGCAGATCCAGGAAGAGGCGCAGGCCCTGATTACCAAGGTTTTGAAATCAGCATCGTAATCAACTCCGTGTATTAAAAATCTTTAGGTTGACCATGCCACGTTTGTGCTTACTGGGTTTGGATGCCGGTGATTTCGACTATATTCAATCCCGAGCTTCTGCCTTACCGTGTTTACAGGAAAAATTGAAATCCGGAAACCTGGTCAAGCTTGATGTCCCGAAGGCCTTGAGTGGCTCCGTCTGGCCGACATTTTATAATGGAGCCGATCCAGGCGTGCATGGGATGTACCAGCACCTCGTGTGGGATGCAAAACGTATGGGGCTTCGCCGGATTGGAGCTGATTGGTCTTTTTATCATCCGTTTTGGCAGGACATAGAAAATACAGGCCACCATGTCGTCATCCTCGATGTTCCCTATAGTTTTCCAGTTGCCCTGAACAAGGGTCTAGAAATTACCGACTGGGCCACACACGGGCAAACCTATCCTCTTGGGTGTAGCCAGGAACGTGTAAAAGCCATCATCCAGAATATGGGCAACAGCCCTATTGGACGAGAAACCCCTATTCAAAAAACGTCCGGAGAACTGAAGACGATTCAACAACAACTGATCGCCAGTGCAGAGCTAAAAAGCCGTTTGATTATAGAGTTAATGCAAAAGGTGGAATGGGATTTATTCGTTGCCGTGTTTGCAGAAACACACCGTGGAGGACATGTGTTTTTCAGTAATGAAGATGAAAAGGCATTTGGCCCTGACACTCCGTTATTAAAGATTTACCAAGCCGTCGATCGGGCCTTAGCAAGAATTTTTGGTCATGTAGACGAGGAGACCACAATCGTCGTGTTTTCCGCTCATGGTATGACGAGGGATTATGCCCAGGGCCATATAGTCCGCCCGCTTATGAAAAGGATTAACGAGATTTTTCTAGAGAAATATTGCGGGGTTTCCCCTAAACGAAGGTTTCGAATGAACGGCCTTGTTCCCTACCTACGTAAGGTGGTGCCATCAAGA
NZ_CP116967.1_gap90	3879447	3880358	911	CTGAACAGACACGGTTGCCACAATATCCACCGTTTCTTTTTCTCCATCACGATCCACATCCATGCCAAAATCCAACCCGGTCCGGTGAAATTGCTCAAAAGAACTGGGTACCTCTAAGGGAAATCGAACGATTTGATAGGGCACCAGTTGGCGCTCCAACGTCGTGCCGGGTTTCGATCCATAATATCGGATCCCTGCAACATCCCGGAAATAATAACTATCCGACGGCCCTTGATTCCCAGGATTGGTATCGTTGAAAACGGTGACCTTCACTCCTTCTAGGATTTCGGTCCCTATAACTTTTGAAACATTCGTAAACCGTGAATTCTCATTCTTAATCTGGACCATGCCCCCTTCGATCATCGTGCCCTGATACACCCATTCATTCCCTACCTGATCAGGAAAATACTCATGACTGTTATCTATTACAATTTTCGTGGAATCAGCGGAATAGACCGTGCCTGGGAGAAACACCAGGGAAAGGCCAAGTACAACCAAGGTTCCAGTTGTGGACAAAATTCCACGCGATGTAAATGAATTTTTCATAGGCAGAAAGTGATGTGAACCTACCATAGGATCATTAAAACCGGCAAGACATCAACCAAGATCAACCTATCCAGGCCGCATTCATCGTGAAAACCCCCAATTTTGCTTGACAGACTGTGCAATGATTGACAATTTCTCTTCCCTATGCAGTACTAGAAACCAAGGAGACCCAATGGCAATCAATGCAGAACGATCCCAAGTCAGTCCAATACCACCCCCTCATCTCGCTTCTACACTTTTTGTATGATGTGGCGGGAATGACACGTGGGGGCGCCCAGATATGAACGAACCTTTTTGCCAAACACCTGAGGACAAGGTGAGTACCCGTTCGAACGTCATGGTGTTTGGCGGATCCGGAATTATCG
NZ_CP116967.1_gap91	3958673	3960134	1461	AACACAACCCCTTAATCAATACCTTAGTGTACCCTGAATGTCAGCAAAATAAAAAGACAAATGCTTCATCTATACTAAAGAGAGATGCTCCAACCTGGATTTTTCAGGTAAGTTCCTTTTCAAGATGGGGGCCTTGCTGAGAACCTCTAATTCGCTATTTCACCTCACAATGAATGTTGCATGAAGACACACACGTATCCCATTGATGCGGTAGTTCCAAAGCTACAGCAGACCCTCAGGCAACACCCAATTGTCCTTCTGACCGCTCAGCCGGGTGCCGGGAAAACGACACAGATCCCGCTGGCCCTTCTCAAAGAGCCGTGGCTGACAAAAAACATCATCATGCTGGAGCCGCGACGGTTGGCCGCGCGTGCCGCCGCACGCCGCATGTCCGATCTTCTGGGGGAAACCGTTGGCACTACCGTTGGATATCGAACGCGGTTGGATACCAAAATCAGCCCGAACACAAAACTGGAAGTGGTAACCGAAGGCATTCTCACAAGAATGCTTCAACACGATCCATCATTACAGAACTATGGCCTGGTCATTTTTGATGAATTCCATGAACGCAGTTTGCAAGCCGATCTGGGTCTGGCCCTCTGCCTGGAATCCCAGAAGGTATTTCGAGAGGACCTTCGGCTGTTGATCATGTCGGCCACACTCGACAGTGCGGCCATTTCGCAACAATTGAAACAGGCTCCAGTGATCACCTGCGAGGGCAGGATGTTTCCCGTTGAAACCCGCTACGTCGGAAAGCCGGATGGGATAAATTTCGCCAGACAGGTGGCCCATACCATTCATCGTCTGCTGAAGACCGAACAGGGCAACCTCCTGGTGTTTCTTCCAGGTGCGGGAGAGATCCGCCAAGTGGAACGGCTCCTGGCAGACCTTCCGCTTGACCCACATACTCGCATCGCTCCGCTTTATGGGGATCTATCCGCTCAGGCCCAGGACCAGGCAATTCTTCTACCGCCTGCCGGATGGCGCAAAGTGGTCCTATCCACTAATATTGCCGAATCCAGTCTCACCATCGAAGGTATTCGTCTCGTCATCGATACCGGACTCATGCGCGTACCACATTTTGATTCACGCAGCGGTATGAGCCGGCTGGCCACCCTCACGGTCTCCCAACAATCGGCAGGACAACGTCGCGGGCGGGCGGGACGCCTGGAACCCGGCCTGTGTATACGGTTCTGGTCTGAAGCCGAGCAGCGTACCCTCACCCCCCGAACCACACCGGAAATTCTTGATGCGGATCTCACCTCGCTCGTGTTGGAGTTGTCTCAATGGGGAAATCACGATCCCCAGGAATTATTCTGGCTTGACCCTCCTCCTTCCGGCGCCATCGCTCAGGCACGACAGCTCCTTCACTCCCTTGGCGCATGTGATACCCATGGCCACATCACCGATCATGGCCGGGCGATGGCCGACCTCCCCATGCACCCGCGTCTCGCGCATATG
NZ_CP116967.1_gap92	3985224	3985729	505	ACTGACCAATTCTTAGTTACCATTTAGTGAAAAAAGTATACATTTGGGTGGTTTCTGCAACACCCAGAAACAAAAAGGCCTAATTTCAACTAAAAACTCGCCCTTTCTCTAAGTTATTACGTAGTACAAATTTTGCATGGTTTAATACTAAAGATTCACAGGAACTTATGCGTCATCAACAAACACTTGAAACATCATCATTTTTTTCTGGCATTGGTCTCCATTCTGGTAACCCAGCCTCAATTGCCATTCATCCAGCTCCGGTTAACACCGGGGTGGTCTTTGTGAAACATGTAGCTGATCAAATCCAGTCATGCCCAGCCAGCATCGCCTTTTTAGGACAAACCGATCATTGCACCACACTTCAAGTGGGTGATTTTGACATACAGACGGTTGAACATGTGTTAAGTGCACTAGCTGGCCTGGAAATCGATAATGCGTACGTGGAATTGCTTGGCAGTGAAATCCCTGCAGCAGACGGCAGTGCCACTCCATTCGTCGATTT
NZ_CP116967.1_gap93	3988482	3989707	1225	GACAATCCAACAACTTGCGAATCGACTGGAACTCAGCGACGAGTTTTTTACCAGCCCGGAAGGATATGAAAACTTCCAAAATAGCATGATTTTTAATCCACTCTTCGCTTGTCGTGACAATAGGTATATCAACGATGGCAATGAATATTGGGAATTACTGAAACTTATCGAGATGCGGCCAAACAGATTGATGATGTTTGATGGACGATGTTTTCATTCTCAGTACATCCAATCCGGCCACTACAACCAGGCCTTTCGGGTGAACCAAATCCTGTACCTCAGTCAAAAGGAAAAAATGCTCTGATTCTTTAATACCTCCGCCCCGCCTCCCCGCCCAACAAATCTTCTTTTGTTTTTATGAGATTTCCTACTCCTCCTTGTCCAAGCTTGAACAAATATCAAAACTTCCTAAGGGTTCTTTGTCTACATCTGGCTTACAGAATAGGAAAGAATATTCATCTCAACCACCGGTGAAAAAAGAAAAAGGCGATCTCCGAACGCATATAGATCCAGGCCATTGATGCTCTGCTCAGATCATCCCGGTCCAGTTCCCTGCAAGTACGCTTTTTCCTCGTAACCTTTCATCACCAGAAGAAACAGGCAGGCAACAAGAAACATGATGCCTGCAAAAAACCAATAGTAGTCTGGGCCGATCAACGCAACAGTCCCATCTGAATTCTGAATCCAATAATTTACAAAGGCGGTAAATCCGTTCCCTAAAGACACGGAAAGCAAAAATAAGCCCATCAGGAGCGATTTGAGTTTGAGTGGAGCCTGTGTATAGGAAAATTCGAGACAGGTAATCGACACCATGACCTCCGCCGCCGTAATCACCACGAAGGCCAATAACTGCCAGGCAATCGCCGGTTCCATCCCCGACTCAATTTGTTGCTCAATATAGGCTGAGATCAGAAACGCCCCAACCGCCATAAAAAAGCCCATAGCAATTTTTCGCAAAGATGTGAGGCGAACCATTTTATTCAAAACCGGATAGACCACATAGGTAAACAAAGGAATAAACACCATGATCAAGACCGGATTCACTGCTTGAATTTGCGAAGGCAACCATTCAACACCCATCCAGACCCGATCCATATGTTGCGCTTGAAGAACCCACGCTGAAGAGGTTTGGTCATAGAGGGACCAAAAAAATGCGACAAACACATAAATACCGGCCAACTTCCCAATCGCCCGCCAGGTCTGTGGACGAGAAAGCGCTTGAAAT
NZ_CP116967.1_gap94	3993305	3998064	4759	CTCCTGAATTATTTGAGACTCCGCCGGACTTTCAATCTCTGGTGGATACCGTTGCACTCTCCGGTATCATCGCGGACATCTGGATTAATCCCGATACCGAAGCGGCCATTGCCTCAGCCCGTAAAAATAGTCAGGGTCGCTTATCCGTGCAACCGGAAGATTGGGAACCGATCCTTGGGCACATGATGACGGGAATTCCACAAATTGCCAGTTTTTTTCACAGCCGGATTGGGAACTTCGAAGACATCGCCCACATCCAGCAAGTAGCCTTACAACAGTTGAACTCCACTGATCCTCAATTATTCAACTAACCAGAGCCAACTCCCGCCACTCTGACTCAGCCGTTCTTCCCCACCCCGTCATTCTCAGTTGCCAGACACAGTTGGTTCCGACCATTGTCTTTTGCCCGATACAACGCACGATCTGCACGTTCAAGCCAGGAAAGCACGGTTTCACCAGGAAGTAACTCCGCCAAACCGATCGATGCCGTGACCGGAATGGTGATATCTTGGCAAGAAAATCCCTCTCCTCTCACGGCATCCAGCAACCGCTCACCCAGTCGTTGACTCAGTTCCCCATCGGCTCCCTGAAGCAGGACACAAAATTCCTCCCCTCCATATCTGGCAATAAAATCAGTTTTTCTGGGAAAAGTCGATACCAGACGTTTCGCCACCTGCTGTAGCACCACATCCCCGGCCGGATGGCCATAGGTATCGTTCACAAGCTTAAAATGATCGATATCAACCATCAAAATGCAGGCCGATGTCCCAGAGAAAAAACTCATACTGGCCGTTCGTTCTAATTGAAGATCCAAGGCTCCACGATTATACAGCTGCGTCAGAGCATCCAGCGTCATTTGCTTTCGCGCGCCTCCCAGTTCCTCCTCAACAAGACGTAATTTTTCTCCAAGATTTTCCAATCGTTGTTGCTGGCGTTCTTTTCGTTCATCCACAAGAGCACTGATGCCTTCCACTACAGCCAATAAGGCCTGCTTCACATCGTGAAAAGAACCGTCCTCGGTTGCCGTGCGCAATTGAACGAGATGATTGGTCACTTTTTGATCAGTTTCCTGATCCTCGACAAACGCGCGCCCCATAATATTGGTAAATTCGCAAAGAACAGTTCGCATATCTTGGAGATTTCGGGTCACATAGGATTTTTCCTGTTGACGATGTCCATTAACAAATTGCGTGAGCGCCCCCCAATCACGGCGTGGGCTGGCCTCGGGTTTTTTGGAATCATCCGCATCAATCTGAGTGCCCACCAACACATGTCTCGCCCACCGTTCAAACTCTTTTTCTATATCCTCTTCCGACAATTGATCGAGTTCAAATGCATGACGGCCGAGACATCGCAAAACCCTGGCTAAGGCTTCAAAGGCCTTGTCGGACTCTTCGGAGATCTCTGTGGCCCGAGACCCGTTGGCGACCGGCTCTTTTTGGCCCCTATTCTCATTAGAGTGATCTTTTTTCCCAATGGACCAAGATCCTAACATTCCTTCCTCCTCTTCTATTCACTTCTGCCTCTGCCTGTGTCGGTGACCATCCAGCGAATGCATGGAGAGAGTGGGGTAACGGTTTGATTCCGTTATCGGCAATTCCTCTATGTCTCTTGAGTCACTTTTTGTTATGCTCTTCGCCAAGAGTTACAAAACACCATGTGTAAATGACTACCTTGATATTCCATTTCATCGTTCACGCGCATTTTTCCCTACACCCGTGAATCAACGTTACGCGATCTCCAGCAGACAAAATTCCCATTTCAAACGATGGGTATCGTTACTTGACTCTCATGGGATTAAACGTCATCGCCTCTGTCTCGTTTCCGGGAATAAACTCCGGAAGGAAATCGGAACGCATTCTGGGGTAACTGTCCACGAAATCTTACTTCCGCCATCTTGGACCTCCAGAGATGACCTTCCTTCTCAGGCCCTCCAGTATGATTTATCACATTCCCTGTTTCAGGAGTTGGACGTGTTTGGGACGAAAGAACCGCTCCTGGTCTGCGGTGTCCCCGAAATGTCGCGAAGAGATCTCAGCCAGGCCCCCAATGGATTGGAAGTCCTGTGCCCAATTGGAGACCCTGGGAACCTTGGAGCCTTACTTCGGTGCTGTCGAGCCTTTGACGTGCAAACGGTCGTGCTGCTTCAGGAAGCCGTACACCCCTTCCACCCGAAGGTCATTCGTGCCAGTAGCGGTGCGGTGTTTGTCCAGTCCTTGGAGTGGGCAGGCTCCATCACCGACCTGGATACCCCGGAAACCTTGCAATGGATTACCGCATTAGATTTACACGGCACGAATTTGTCTACGGTACAATGGTCTAAACATGTTCGATTACTTATTGGCGAAGAAGGCGTAGGTCTTCCACCCTTTCAGTTTTTGGAACGCCTGTGTATTCCTCAAATCCATCCATCGATTCCATTAAATGCGACAGTCGCAGGCAGCATCGCCCTCTATGCGTATCGCCAACACCACTCACCGCCCTAACCAATTGCGATCCCACCAACTATGAGGCACTCCGTCCCTAGTGGTAGCACCATGCAAACAGAGCAACATCCACACATCTTACCCACACACCATAGCCGCTTCAGGATCAGGGTCTTACGATGATTCAACCAGGCAGATATCGTCACTATAAAGGGAAAGAATACCAGGTTATTGGCGTCGCCAAACATTCCGAAACTGAAGAAGATCTCGTGGTCTATCGGGCACTCTATGGCGAATTCGGCCTTTGGGTCAGACCGGAAAAGATGTTTAGGGAAAAAATTGAAATAGGGGGAAAACTCGTCTTCAGATTTGAATGGATCGACGGTGCCAACGCCGGTACAGACACCACGACCAAACCCTGAGAAGGGTAACCGGAATCCGTCTGATCTGACAGGCCGCCTTCCATTTTGCGTGCCAGCCCGGCCAGACACCTCATTTATGATTTGGCTTCGGGAGGCTCGTGTGAATTTCCCCAGTCAAAGACCGTGCCTGCCATGCACCTTGTTTGAAAAACAATCTATAGAATTCTCCATCGACTCTCACAACTGTTCTGCCAACACCGCACGCGTTTGTTCTTCTCGATAGGCATTCAACCGTTTGGAGAGAGAAACATCTGCCAAGGCTAAAATCGCAGCAGCCAACAACGCCGCATTCACCGCTCCAGCACCCCCTATCGCCAAGGTTCCTACAGGTAAACCTTTGGGCATCTGCACAATGGACAAGAGGGAATCGAGGCCTTGCAGAGCCTTTGATTGCAGGGGGACACCCAACACCGGCAATTGAGTTTTGGCCGCAATTGCCCCGGCCAAATGGGCCGCCCCTCCAGCCCCGGCAATATACACTTGCACTCCACCAGTTTCCGCCTCACGAATATAATCCCCCAAGGCATCTGGAGCCCAATGCGCAGAAAACACCCGATTCTCATGAGTTATATCCAGTTTAGTAAGCATTTCACCGGCTAACCGCATAGTATCCCAATCCGATTTGCTGCCCATGAGAATTGCAACCCGAAATGATGACTCAGCCATAACCTCTTGTACTCCTTCTTACCTTATCTATTCGTAGATGACGAGGGATGGGCGAAAGGTCCATGGTTTCTTAAACGGGCTTACGATACCGCATCATGACCCAAGTTGACCATATAACAGGAACTGTCTTACACTAAATTTCCTCTGTTTTTGTAAGATTTTTCTTTAGGAGCTAAAAAAATTTTCTCGCGGGATTTTATATACCGGAGAGATGCATTATTCACCTCATTCATAATGGGAGAGAAAAATTATGGCAATTCGTCTAGGAGATGAGGCACCGAATTTTACAGCAGAAACGACGCAAGGTACCGTGAATTTCCATGAATGGCTCGGTGACGGATGGGGCATACTCTTTTCACATCCGAAGGATTTCACCCCCGTGTGCACCACGGAATTGGGAACCATGGCGAACATGACGGAAGAGTTTAAAAAACGAAATGTGAAAGTGTTGGCTATCAGCGTGGATCCGCTCGACTCCCATAAAGGTTGGATTAAAGACATTAATGAAACTCAACACTGCACGGTGAGTTATCCCATTATTGCGGACCCCGAAAAAAAGGTCGCGAACCTCTATGATATGATTCATCCCAATGCCCTTGATAATATGACCGTTCGCTCGGTGTTCGTAATCGGGCCGGATAAGAAGGTCAAATTAACCCTTACCTATCCCGCATCAACTGGCAGGAATTTCAACGAAATTCTTCGCGTCATTGACTCACTGCAATTAACGGCCAAACATAAAGTTGCCACACCGGCAAACTGGAAAGACGGAGAGGATTGTATTATCACACCAGCCGTAACGGATGCAGAAATCCCCGCACTGTTCCCGAAAGGTCATCGTGCAGTAAAACCTTATCTGCGCTTTACCCCGCAACCCAACCGTTAGAGCTTCTGAAAAAATTGAGGCAGCGCCATACACATGTGGCGCTGCCTGACACATCAACCTTTCCTCTCCCCATCCCCTCCCAATTGCTGAAGTCGTCAGGTTCTCACATGCCTTCTAGCCCTATACACCTTCATCACGACTATTTCACGGATTACAGGGGGGTACCTCAGAATCGCATGCGCCCAAGGACCACACATATTCGGAAGAACAAATGCACTCAAGTTCTGCACGGGGTAGACCGCGGACAGACAAGTGAAATATCCCCCTCAGGACTCGCTTCCGTTCAACTCTCCTCAGAAGACGCTTGAAAATCGAGAAACACCTGTAGGCATTCAAGAGAAAAGTTGAAAAAGGACAAG
NZ_CP116967.1_gap95	4099527	4101327	1800	AGAGTGGCGGTTCCCGTAATGGCCGGATCCGTGCATCCTTGAATGGTCGCCTTGGCGGTTTTAGAAATTTCGTGGTTTCCGTAATGACTACATCCCCCAACTACCGCCAACAGAAAAGCCGCAAACCCGACCATCCGACTTGTTCTGAATTGTTGTTCCCGCATGATGTCCCTCCAATGTATTTATGAATAAGATCTGTAGATGAAATCCTTTCACCCGACTGCGTGTGTTCTTAGGAACATAGATGGCAATCCTTATGTGCCTCCGAAAGTACGGAGATAGGCGATGATCTGCCAGGCCTCCTTGTCCGTAATATACTGCGGCATGTACGCCACCATATCGGTTCCATGACTCCCATGAATTAGAATCCAGAACAGTTCCCCATCACTTCTGGCTGCCTGCCAGGCCGCATCCGCAAAATTGGTTGGCATTTTGATATCAGGAGGAAAGGTTCGACCCGCGGTTGGTGCCCCTGTCCCCTCCCAGCCATGGCAAAAGGCACACCAGCCTTTGCCTTCATAGAGTGTTTTACCGCTCGCAATAAATTCCTCGGTGGGAGTGAAGGGATTCGTAAAAGACAAAGCCTGTTCCATGCGATCGGATGGGACTCGTGGCTGAAGATCTCCGGCACTGCCCGCCCAAGCCGAGGCACAGGCGAAAGAAACCGTGGCAACAATGATCCAGACTCTCGATTGCATCTTTTGCCTTAATATTTGCATCAGGATTGTCTCCTTGGTTCGTGATATAGACTCGCCCTTATCCTGTCTTTGAAGGTTATTCCAAATTACATGCCAATGTTAAAGTGGGGTTTTTCTACTGTTTTCAGTTTTCAATCATGGAAGTGAGGCAGTTTGCCTCACTCCTTAGAGTACCCAGATGGACAAATTTCCCCAAACCAGTGTCGTGTGGTGTGAGTTCGCAATCCGTATGAAACTGAGACGGAACATCCAACCATGTTCTTTTTTTTAAGGACGCGATTTGGCTTTACAGGCCGAACCTATTACAGGAAGGGCTAGTCCCCTAGAAACGAAAGCAAAACCAGAGAAGGCAGGAGCCCCGTGTTGATGGAAGGGTGAGAAATGTTGATGGATAGCAGAATGACTGAGGATAATTGTGGTATCTAGCTGTAAGACCCCGGAGAATGAGTCGATACGGGCTTGATCATGCTAAGACCAAGCCTTTGCTGATGTTGAAGGAAGCAGAGACGGAAGTTCTTACAACAATTTTCCGTCGGATTCGTCCTTAGGCGCATCTAAGGCTTGGAGTTCCAGCCCTTCAATTTCCTGCAACGTTTTCCCGGCGATGCCTTGCAGGTCCCCGTACATGCCCACGGTCGCCATCATCACCCGATCGATTTGCTCTTCACGTTTAGCCCATTGCTTCATAATGACTTTCCGCTCTTTATCAAGATCCTCCTTCATCGAGGAGAACCCTTCGACGATCGCTTGAACCCGTTGCCGGAAGCGCGGACCCATTAAATACTGATAGACCATTTCCATTTTGGTTTGCTGCCCTTCCGAGGCCTGCCTGGCGCAAGCCACCTCCATGAGCGTATTACGCATGGCAATAGCCAGGGGAAGGGCAACTTTGGGATGAGTGACCCAGACGCCGTCGATGAATTCGAATGTGTCCACTTCTTTGGGTAGGGCCTGACTGACGATGATCGCAATTTCAGCTTTGGCCTGCCGCTGATCCTCACGTAACTTGATGAGCCAGACATCACTCCAGTTCTTGGTTCGCTTCGATTCCCACAAGATGGTTCCGCAGGCTTGGCCGAAGGAGCTGGCAACCCGGTGCAGC
NZ_CP116967.1_gap96	4104724	4108280	3556	TGATTCAAAAAGTAAAAAGTGGAGAGAATGGCCCTCACAGAAACCACAGTGGTCTCTCGAGGAACATCACAATCTGAACACTGATGGACCGGACTGGTGGTATGATTCCCAAAACAACGTATGGAAAGAATGGCCAAACAATCACCACGAAACCTTAGAATGCCATAAAAAAATCTATTTAAGTGGGCCCCAATGGTGGTTTGATTCAAAAACTAAGGAATGGAAACCGTGGCCAAAATAATCCGTGGATGCTGACCATCGAGTAAGTTGCTTAAGACTTTTCATCACATTTATCTGGGCAGCCCGATTTGGTAATGGCTCACACCATTGCTCATTTCGGGCAGTCTACTTAAAAGAAATAGCCAGAAAATTACGCCTCCATCTGAGATCCCATGATGGTCCATACCCATGCCCTGTACTTCAGGCTCCCCATCTGGTCAAAAACCCCTTCTCTTCAATTCCAAAACGCCTCCAAAGCAGGAGATGGTAAACGATTTTAAACCGGATCAAATAATGCTTGGTCCCATCTCATTTGTTCTCCCAGTCCTTCACCCACACGTCACCCGTCCCGATGGAATAGACCCATCCATGCAGGCGCAAATTTCCCCGACGCAATCCTGTTGCAACCGCCGGATGCGTCTTCAGATGATCGAGTTGAACCAACACATTTTCCCTTATGGCAGCGGCAAATTCATCTCCCTGCAAATGCGTGTATAGATTTTTCATAATTCGCATTGTGGTCTCGGCATGTTGCAGCCACGCTTTGACAGCAGGAAGCTCCTGAAGTTTCTCCTGATGCAACAAGGCTCCCATCGCACCGCAATCCGTATGTCCACAAACGATATTTTTTTTACTTGAAGGACGGAGATCCCGTATTCAATAGAGGCGGTGCTTCCCCCGATGGCCGCACCATAGGTCGGAATTAAATTCCCCGTATTTCGAATAATAAACAAATCCCCCGGTTCGGTTTGGGTGAGCAAGCTAGGATCAATCCGTGAATCCGAGCAGGTCACAAATACGGCTCTTGGCTTTTGATGACCGGACAACCCCGCAAAGAGCTATTTCTTTTTTAAAAAACACCTCTTCCTGAAATCTATTCAACCCTTTCAATAATTTTTCCATTTGCTCTCCCTGCTAAACAATTGCTCTTGTTTTCTTTTGTCGACCATTGGCCTTTCACGGGCTGGCTGGGTTACATTGAATTGACCATTGATCAAACCCAAGGCTGCTTCTTGCTTGTTCCCGTGTATCCATTTTAGACGACAAGAGAGATGTAGTCCTCTTTTCTTTTGCCTTCATGACACAGCCAACCTTGGATTATGACCATTTTCGTGCAACGCTCCTAACCCTTCAGAGAGAATTGTTAGCCGTATCTGCCACCGGGCAGGAAGCAGCCCAACCAGTGGAACTGGACCAAACTGCAGTCGGGCGCGTTTCACGGATGGATGCCCTCCAACAACAGGCGATGGCTCAAGCCGCCCAACAACGTCGACACATTCAATTGCAGCGAATCGAATCAGCCCTCCAACGTCTTGAAAACGGCAAATTCGGCTGGTGTGTGAGGTGCGGAGAAGAAATATCCAGAAAACGATTAGATGTGGATCCCACCGCCCCCCTCTGTATTGCTTGTGCCGATGGAAGAAACCCATAAGTGTTACAGGTCCTGCTCACCGACCCGTCGCCCACCAGAATCCACAAACGAACGAGGAGACCTGTATGAAGAAATCTCATACGGAGACGGTTGACCAGACCTGGCGAACCATTTCCTATCATCCTACTTCTTATTCATTCTGAATCCTCACACGGGAACCTATCACCATTTCTCCTGCCTGCCCACTGTGTTTCAAACCGCAATCCACATTAGTGGGAAACGACCGGTGCCGGGCATACTTCTCCTGCGGGCATTGTCGACTCATTTTCGTTCCACCCGTCTATTACATATCACCCGAACAGGAAAAGGATCACTACGACCACCATGAAAACCATTCTGACGACCCGGGCTATCGAAAGTTTTTAAACCAATTAGCCGAACCACTCCACAATCGCCTGAGACCCCTTAGTTCCGGATTGGATTTTGGCTCTGGTCCCGGTCCAACCCTCGCGCTCATGCTTCAAGAATCCGGACATACCCTGTCGATTTACGACCCCTTTTATGCGTACAATCCTATTCTCCTGGAACAGACCTATGATTTCATCACAGCCACGGAAGTGGCCGAGCATCTTCACCATCCCGGACCGGAATTGGACCGGTTATGGGCCCGACTGAAGGTTGGCGGCATCTTGGGAATCATGACCCAACTGGCGCCATCCGATCGACCGTTTCTCGATTGGTATTACATCAAGGATCCCACGCATGTCTGCTTTTTTTTACACGAGACCTGGGGATGGCTGAGCTCAAGATGGGGAGCGGAAATCATCTACTTGAAAAAGAATGTCGTCTTGTTTCGTAAACCGTCGCACTCCCAACCCGGATAGATCCTCACTCGCTCCAGATGTTGCCTATGCCTTCCGACATCGACATCGCCATCATCGGCGCAGGAGCAGCAGGGCTGGCAGCCGGAATTTTCGCGGCGGAAACGAACCCGAATCTCTCAATTGTCCTTCTGGACAGTGCGAAAACTATCGGGGCCAAGATCCTGGTTTCTGGAGGTGGACGCTGCAATGTCACCAACCAACGTGTCACCGCTTCCGACTTCCACGGGAACAGAAAGTTGATTGACCGGATCCTTCGACGCTTCGACGAACAGGCCACCATTCGATGGTTTAGTTCTTTGGGGATCCCATTAAAAACCGAATCCACGGGAAAACTGTTTCCTGTGAGCAACAAAGCCCGAACAGTGCTCGATGGGCTCCTCAGGCGATGCGAGGCACTGCGCGTTGCTCTTTTGACTCACCACCTCGTTCAAGATCTGTCCAGAGAAGGGGAGGAGTTCTTAATCCAACATTCCCAGGGAACGCTTCAGGCTAAACGGGTCATTCTCGCGACTGGCGGCCGGTCTCTTCCCAAAACCGGATCGGATGGATCAGGTTGGGGGTTGGCCCAACAGTTGGGGCATACCGTCACCGCCACCTATCCTGCCTTGGTACCTTTGCTCCTTGAGCCTTCGTTTTTCCATGCCACCCTTTCGGGTATTTCTCATGACGTAACGCTCACCACTACCATTGCGGGAAAAACCTTCGATCGACGCACCGGCAGCTTATTGTGGACACATTTCGGCATCAGTGGACCGGTGGTCTTGGATGCCAGCCGGGTTTGGGTTCGCGCAGCCGCAAAGGGAGAAGCTGTCCGCCTTCATCTCCATTGCTTTCCTCACCTCACCAACCAGGATGTGGAGAAATGGCTCATGCAGGCCGCTTCCCTCCCCGGGCGAAAACTTGTTCCCACACTGTTAGCCGAGCGGTTACCCGCGCGTGTAGCCGGCACGCTGGCCGGCATTCAAAAACCTGGGCTTTCTGACACTCCAATTAACCTCTTGTCCAAAGAAGCCCGCCGCAATCTGGTCCGGACACTCACCAATCTTGACCTTCCCATCATCGGATCACGCGGATGGAACTT
NZ_CP116967.1_gap97	4208419	4212892	4473	TTCTCCTGTGGGTTCAAACCCCGGCAGCTTGGATTCTTCGAAGTACATTAAACTGCCAAAACTACCAGTGTAGGAAGCAGCTGGAATGGGCACAGGGCTTATACCCTGCAAAGCTTGCAGGGTTTCATAATTATTACGACAACGTGTCAAGGCTCCTTGGCCTAAAGGAAACCGGACAATCCGGTCTGGAAGTTTCCCTACAAGCGAACTGGCCGTTCCCACACAAGCGCTAATACCTGCTTCATCCGACGGCTCCACCCCATGTTGACTGGCAATATTCCCGATTATCCCTGAAGACGTATTTGACCAAGAGTTCCCTAAGATCAAACCATATGATTCACCTTTCACGATTTTTCTCAGGGTGGATCGCCATCCTTTAACCGAAGACCTCCTACTTCCCTCCTGGGTCACTGTTTCGATGGGACCAAGAGCAGGATAAAACTGGAGCCTAGTTACTATTCTCCATGGACTTCCTTCCAATGAAGTTTCAAGTCCCCGTTGGCATAATTCCTGGGAACCAATATTAAACCGAAGAGAAAATGGATCTTCCCTCATTCCCAAATAGATCATCCCCCTCGGAGTTAACAATTTCAGCAGGTTTGACAAAAAGGTCTTCCCCTGGGGGAAAACCATTCCATCGGACTCAAACCAAAACCGGGAGTTGGAAAGACAAATCAAATCAAAGAAGCCTTCCTGACAGGGAATTTGGTCTTTAATCCCATTGATGGAAATCGCTTCAATACGGCGACCGTCCTGATGGGCACGGGCCACGGCGCATCTCTTCATGGCCTCGTTTTGAAAGACTCCTGTCACATGTGAAAACAAATAGGAAAGAGCTACCGTCGTGGTTCCAATCGAATCATCAAGATTTAACACCGCATCTTGATCAGTCCTTCCCACCCACAACATCCAAGCGGTCTGGGCACCAAAGTGGATTTCCCAAAACAGAGCTTTTCGCTCGTCCGGGTCCAACTCGTTCAGAGTGATTCCAACACCATCCCGCCACCCATGCTCTTCTACTAAATCGGCCAGACGGTCATATGTCGTTGATGCAATCACCTCATGTCCTTACGAAAGGAAATCATTTCTTGAAAATTGCGCAGAAGGCGCTTCAACTTCATTTTGATTAGTTCTCCGCTAAACCGGAAATAGTAAGAGAGGTGCGTAGGATGTAACGTTATGGCTTTTTTTTGCAACTTCCAGGCATGACTTTCTCCCTGAAAAAAGCTACTGTCAGCCCATTCGGCATAAATTTTGGCCTTGCGTATTTTGTAGCTATCAGAAGAATATTCATTTCGGTACATTCGCAACAATTGAAATTGTGCCCCATATTCCTTTCTCAGGCTTCCATGGCTCCTTGAGTGTTTAAGGACCCGATACTGACCAACATATTTAGACGATAAGTAAATTTTTGTTTTTCCTGCAGCCCGGATCCACAAATCATAGTCTTCTGCTTTGAGGTCTTTGTTCCCAGGCTGGAATCCCCCAATTTCCTGAAAAATTTCTTTCCTGATTAGAGAGGTCGACATCCCTATCAAATTGCCTTCCATTAGTAAGACCTGCTTGAGATTCCTGGGCTGATCATACAGGTCTGAAGGTTTTTGACCAGAATCAAGTGTTCGACCCAGTTCATCAATTTTCTCCATGAAACCAGCGACAACCCCGACACAAGGATGTCGTTTCACAATATCCATTTGCCACTCAAGTTTCCGTGGAAACCAAATATCATCTGCATCACAAAAAGCCACATAGCTCCCGAGACTCCATTCGACTCCCACATTCCGGGCAATGGCTACACCCTGGTTCTCCTGGTGAATGCATTGAATTTGATGGGCATATTCCTCCAGAATTTTCAGAGAAGAATCTGTAGACCCATCATTCACGGCAATAATTTCAAATGGGGTATAAGTTTGACCTAAAATCGATTCAAGAGTTTCACGCAAAAATTTGGCAGCATTATAGACAGGGACAATAACTGACACTAAGGGGAAACTTGCCAATGAATATGAATGTGAAGTCATTTTTGCTTAGGATTAAGGCGGATTTCTGGCCACGTGGATCACCTGTATTCGCTTATCCCGACCTGGGTTCACGCTAAAGATTCCGGAAACATTATTACCAAGTGCCTCCTGTACCCATTCAGTCAGAATCTTTTGGTATCTTGGTGTGGCCAAAATCCACACACCTCCCTTCCCATCCTGCACCGCCTTTTGTACGGTGTCCTTATTATGCAGAATTAAATTTCCCCACCGGTCTTTCATTCCTCGGGCCTGGGAATTCTCCCTAAATAAGGAGGACTGATCGTCATAAAATATGTAATTCTCATGAGTAAGATAAAATGACGAAGAAGGGACGGCATTAACAATCAGATCGCCAGCCTTCCAAGCTTCATTTATATAGTCGGCAGGACCTCTAACATCGGATCGCTGATAGTAGTGAACCGAAACTTCTTCGGAAACGTTCATCCGAAAATTCACTTCCGCTTTTCCGATATTCATAATATGGGCGAAAGAGAAGTCTTCCGAGCAGAGCAATAATCCAAATGACAAAAGTACTACCGCAAACTTAGGTACTCTTCCCAAAAATGCATTTGGAGATAGCGTATGATCCAGCCACGTTTTCCCTGCCAGCGCGCCTTCAAACCACAAGAGAAGAATCAAGGGATAAAGGAAAAATGAATATCTTGTGGAGTTGTACATCGTATTGATCACTCCCAAGATTAGGATACAACTAACTAACACCAAAAGAAGAAAGTGTTCAGTCACAAATTGTTGGGAATTTCTTCGACCCCACAACACCAGCAAACCGAAAAGACATGAAAGCGTCATTAAATAGGGCATCACATCAAGCCAGAGAAAGACAAACTCCTCCATCACTCTTGGATAATGAAAGACAATGGCAAAAATCTTATGGAGAGATAGGCTTTCTGCTTCGTGTAAAACAATATTGCCGGTAGTCGCGAGAACCCCAACGGTGAGCCAAAAACCAAGGCATGAAACCAGGAATATTGCAAAACTCCTTTCAAGAGACTTTCGGAAAACCAACCGTGGATCAAGGATTTGAGTGAAATACGAAACAAGCAGAATGCCCGCCACGACTCCAAACAACTGCAATAGGCCGGATCCAATTAACGCTAAGGCAATGGATTTTTGCCGCCAATCCCATAAAGAATTTTTCATTCCCATATAGGCGAGTCCTATACCCATCAGAAGAAGTGCCACATACCCCACACCCCAAAGGTCTCCTCGCAGAAAGACAGACTCCCATAAGGAAATGTCCGGAAGGAGAAGAATGCCTCCCCCATTATGAGGAAGAACGAATCCTTCGGGGTACTCGCTTCCCGAATTTCCAGAAAAAAGCCACGACCACATCTTCGGAGAAACAATATTCAAAAGAAGAATGGCGCTAGCCCAACCCCCATACCGAAACTGTTTTTCAAGGCTTACCTCTCGAAACAATAGGGGCAGGAACAACAAGCAAGCCATGAAAATCGCACCCTCATAAATGACGGTGCTAATGGAGGCAATGACATAGGACCAAATAATTGCCCGCTTTCGTCCAAGAAAAAATCCTTCATAAAAAAAATAAAGAAACCAAAGAAATGCACATTGAAACATAGAATACATTCGGGCAAATCGAGCAAATTCCACTTCCCAAATTGAAACACAGAAAAAGCCTACTAGGAGAAACGCTCCTGCGTTTCCAATTCGCTTTCTACCCAACAAAAAGAGAGGGGGGATCGTTAACAGATTAAACAGGACTGCTGGCAATCGAAGTGCATATTCATTTAGCCCGAATAGACCGGCACTTGCTGCTTCAAAGTACTGAAAGAGCAAACCTCGCCAATACATGCCACCACTGGGATATATTGGGATCCCCTTTTGCTGAATCAGTTCAACCGATTTGGCGATATAAAATTCATCCACAGCCAGACACCAACTGCCTAACGCATCAAACCGGGCCAAGATTCCGACAAAAAAGCCGACAAGACAAAAAATGGCACAACCTAATTCACTTTTTGAAATGGATACACCTGGAGAGGAAGCTAGTGAGAAATTCATAAGAACCCAGACAGGAAATCGTGTTAGCCTTATCTAACTTCAGACCATCGCTCTCTTACTTGAATTTGCTTTGGCTACCATTCTTAAGATTTTGCCTTTAAGAGATCTTTAATGGTGTAGTCTTTCATCTTCCTGGCATGAGTGAAAACGATCATTTCACCAAGAAGGCCGACGGAGGCGGTTTGGACCCCGAGTACCATCAATAGGACACCCAGGATTAACAGTGGGCGATCGGTAAGCCCAGTGAGACCAAAGAGTTTTTGGATGGCCAAAATCAGAGAAATGATCAGACCCCCGGAAAACAACCCTGCCCCAACCAAGCCGAAAAACCGCAATGGTTTTTTGGTGAATTTGAATAGAAACGCAACGGAAATGATATCGAGAATCCTGCGAAGATACACCCCCGGCCGTA
NZ_CP116967.1_gap98	4214077	4218902	4825	TTTCCCGAATTTCCGTGGATGATGCGTCACAATTAATTCAGCAATTCTCGCTCCGGACAAGGTTGCCATAGCGGGAATAAAGCGATGAAGTTCAGAATATAAAGCCACGCGTTTAATAATTGAGGCACGGTAAGCTTTCAGGGAACAACCGTTATCGTGAATAGCCACGCCGGTGATCTTGCCGATAAGCCAGTTTGCAATGAGAGAAGGAAATCGGCGAGATAAAAACTTATCCTTTCTTTCCTTTCTCCATCCACAGACGACATCAAAACCCTCTTGTATTTTTTCTAGCAATCGGGGAATATCAGTGGGGTCATTTTGCAGATCTCCATCCATGCTGATAATGACCTGTCCTCGTGCTGCCCTGAATCCGGCGGCCATAGCCGCGGTTTGTCCAAAATTTTTTCGAAAACGAATCACGGTGACCCCAGGGTTCTGTTGATGGAGTGTTTGAAGTAACTCGAAAGTCCGATCTTGGCTTCCGTCATCCGCGAAAACGATTTCATAAGACTGCCCATTCTGCTCACATGCGGTTCGAATAGCCTCATAGAGAGGCTGGACGGATTCCTCCTCATTGTAAATGGGAACCACAATAGAAAGGAGAGGTCGCATAATCATCAAAGCCTTTCATCCAAGATGTACCAAATGAAAGTCCGATTGGTTGAAGAAACTATGGGAATATGGCACTCAGTCGTATCATGGTTTCTTCCCCTTGCATTTTCATTTCCCGCATATCGTCGCAACAAAATTTATCTCGCGGTGGATTCAATAAGGCCCGAGTTGAACCATATGCTCTTCAGGAACCAGGAATTCTGAGCCATGTAGGCTGGAATACAAACAACACAGAAATCATAGTTTCTCTGAGAACCGGCAAAAAAGAATATGTAGGTATGTTTCGGATACGGAACGAGGAAACTAAAGGTACTTAGACAGATACCCGCACAGAGGAAAAAACATGAGTCGGCATGAAGAGCCTGTCAACGCCCGATCGGCTCTCTTCTCCAGGATTATGAAAGACGTGGTGCCATCGACTTCCTATTGCCCCACCACCATTTAGATACGCGCCTTCCTCAAATCACAGTGGGACCCAAACTCCTGGCCACCGTGACAAGGCCATTCCAATGACATTTGGAGTGTGAGTCCCTGGCGACATCTACCAATTTATGATGTGAAGTTGTTGTGAAAGATTATAAGGGTATCCAGGCCGGGCACTACCAGATGCGTGTGTGGCTCACCATGGTAGGGTGCCAGAGGGCATGAACCGTTCTTGGCAAAAGACGTCATCTGCGAGCCCAGCTGAAATCTACAAGTGCGGAAAAGAGAGGAAGGATGCACTTATTGAAACTGATAACGGCAAAGCCCTAAGTTTGACGGAAGCACGACCGATCGTGGAACTACTTACTCCCATCACCTAGACTGTTAGAACGCTGGTTCCGTTCACAATACAGCCTGAATGGGGTAGCATTGCTCAAAGATTGGCCCCTTGTAGCGGCTCCTGTATGCCCTCTTCCAATGTTGACCCCTGAAAAAAAGCCAAGAAATCATTGAAGCCCTCCACCCCACCGAGAGCCAAAGGGGGTACTGAAAGGGAAATTAAGGAAGGGGTGTGACATTCAGATTTTTGGGAGGCTCGGGCGGTACATTATCTAAGCCTGCGATGGGATGAGTGCGGAGTCTTATCGTAGTTTGATTCCAAGCCGGTTCTTCGCTGTAATACCATTTCCATTCGTTTCCGTCCCGAAAGATAATATTCCTCTCTACCCCGTTTGATTGTACGACCCGTTCATTTTGAATAGTTCTCATATCGTTAAGGTGAGTGGTAGCAAAATACAGGTTGTCATTATTGCTACCAGGATGATTACCACCAGCGGGATCGTAAATTAGTGTGATAGTATTGTTATCATCGTGTAAATAGGCGTCGAGCCCAGACCAGCCCCAATTGAGTGCACTTACTCCACCCAGTTCAGTGAGGCTCCATGCATTGGATCCTCTAGAAGCAGACTTTAGCTGTCCACCCTCAGCAGTAGTGACGTACAGACCGAATTGGCTACCATCAAACACCCAACCTGCAGCATAGACTTCGCTCCCACTTGAGGAATATGTGCCACCGACTACCCCTTCCACCGTCCAACTTTTCCCGTCGACCGACGTGGCTCCATACACCCGAGAATCAACGCTAATATTACACCCACAGGTTCCTCCTCCTCCAAAGTTACAGGTCTGAGAACCCCCTGGCGATTCGACACCAAAGTATCCGTAAAACTTCCCCTTCGAAGGAAGGTACTTAATATACGCGGTTCGGATTCCTTCTTCCTGGGAGCTTACGGGTACAAAATCATGCGGTTTCAACACTGGATTACTTGTGTATTTCGTAAAATTCACTCCGTCCGAACTGGTGGCAAGACCAAGAGATTGGTGGTTAACATCACCATCCGTATTCCAACACCCGTTAAACCCTGCGAGATAATGCAAGTAATAGATTCCGCCAACTTTCGAGATACCACTCACTGCGATGCCAGGCTTATTTTCCCAGGCAACCGCGGTACTATTCTGTAAAACAACTCCTTTTTCTGTCCAATCAGACAGTTTTTCAGGAATTGTGTCCAGTGCATGGGCCTGCTCCATGCTTGTCAAAGTAATTATTCCTAGTAGTAAAATTCGTGCTGCAAACATATTGCATCGCCTCCTTAAATTTTCAATCTTGGTATTCTTCGAGATCTGGCTCAGTCCATTTTCATGCTCTTGCAACTTCTCCTCATCATTAACCAAACTAACCAAACTGGGTATTAAAATTTTGAGTTCTTTAGCAATCCTTTTGACTGACGCAAATTCCAGGCCATTACTGTTTTTTAGTTTCGAAAAGTTTCAAAAATTGAACCTTTAGGTCCTGCAACTCAACTCCTCCCCCTTCGGAGAAAAAAACCAAATCTTGATGCCCCTAAATCTTGGTTATCGAAGTAAAAAAGGTTGTAGGTAGGTGCAATAAGTAAGAGGGTGATTCCACATAAGAGGGAATAAGAGAATGAGAAGCCCAGACCGAAAAAATATGAGTAGTAAAAAAATGGGAAAAAGCGAATGGAATAGCATTCAGTGCTAATACGTAGGCAGAAAAATGCCCATTTGAGTTACCCAAGAAATTTAGACGAGAGCTGTCCGAGGGTATTCCTCAGCGTGAACTTCCCCTTAATACTAGAGCACTCATTGTAAGAGAATAATTCCCTGCGATTACGACCTACCCGCTTGAGTCATAGCCCTGTTCAAGAAAAATCCAAGGGGGGGGATTTTCTAATGCACTATGAGGACAAAGCCAATTATATTCCCGGATGCCAAACTGTGATCGTGACCTTAGCGTCACCGCCAAGGCTGATTTAATATACTCCTTCCTAAATCGGCTATTGAAGCCTTCATAATACGCAATGGCAGTTGCCTTAGCCCGGTTAGGAAAAATCCAACTCAGTTCATTATGGATTCCATGCTCCAAAACCGGAACACCATACTTCAGCGGCATGTGGCTACTCCCATAGCAGAACAGGCCGTGAGATCACTCCACCTTTCTGAGCTTTCAGCACACAGCACGCGAGGTCTTAATGAGCCAAATCTTCCCTCATAAATAGGTTGCGAGTGAGCCGGCTTTTTCCCATTACGGTTGGTGCAAGGTTTTGGGGGAGGAAACCGAGTACGATAAATCCGACAATAGATTTGTAGGAGTGTTATTCGTGAACAAAATTGATGCCGGGAAAGATGCGTTCATCCATCGCGAAAGCGGTGGAATCCTATAAGTTAGACTTTAATTTCATGCAGTATATTTTTCCTTGGCAACACAATTTCTCCCGCCTGAACCCATAAAAATGAAAGTAGTTCCTTTGACTTAAATCAAAAACTCTTTAACATGTTTTTAATGGAGCAGGGCGAAACAAAACGAAGGCTACTTTTCTCATTATTAACTTTATTGATTATCTTTTTGTTTCTTGAGTCCACGGTGCGGGGTATTCATTTATACTATCCGCTTTTTGAAGATAAAATTTCGTTATCGATAGACCATCCTCAATTTCATCACTGGCATGTTCCAAATGCCAGTGGAACAAGTGTCGCTGCCACTGGGGAATTCCATGTTCCCATAAGAACGAATTCTCATGGAATGCCAGGTAAAGAACGCTCACTGTTAAAGCCGGATGGCATATATCGTATTGCACTCCTTGGTGATTCTTTTGTTGAGGGATTCGCCACTAAAGAGGAGGACTCCATCTCGGTATTACTTGAAAATTTGCTCAATAAATCCTCGACTAAAAAACACGAAGTCTTGAATTTTGGTTCTAGCACATTTTCCCCATCTCTCGAATACTACCTGCTTCTCAACCTCGCGCAAAAGTTTCAACCGGACATGGTTATTTTATTGTTTCACGTTACAGATGTTAGGGATGATTGGAAATACGAAAAAAGTAAGGTTTTAGACCGCGATGGAAATGCAATGGGGATTGATGGCACAAGTAGAAAAAGCATACCTTACCAAATTTTAGAAAAGTCGGCTTTCATGAGAACGGTTGTCCAGAAAACCAAAAAATTATTAAGGCAAAGACAATTGGACGTCGGCCAGGTGCCTGATTTAACAGAATCTTATTTTGCTATGTTTAAAGATTCGTACACTCGTTCAGACCAGATGGCTTGGGATTTAACAAAATCCTACTTAAATCGCATCAAAAATTGGTCTGATGCCGCCGGTGTTCCATTCCTTCTAACAGTCATACCCGTTGGACCACAAGTCGAACCTGTACTGAAAAATACAAAAGGAAAACTGCTTTTCCCTAAAGATTGGCAAGATTTAAAA
NZ_CP116967.1_gap99	4230385	4233593	3208	ATGCGGCACACCAAGGACAGCGACCTCGGCAACTTCTGTGAGTTCCCGTATGCAGTTTTCCACTTCCACCGGGGCATACTTTCTCCCGCCACAGTTTATGACGTCGGCTTTACGACCGTGAAAGTAAAAAAGGCCTTCGGAATCTTTGTGGCCCATGTCTCCGGTTCTCATCCAGCCTCCTGGAGCAAATAACGCTTTTGTTTCATTAGGGAGGTTATGGTAGCCATGACACACGTGCGGACCCCGCACAAAAAACTCGCCCTCAATCCCGTCATCGACCACGCATCCGGCATCGTCCACAACGGACATTTCAACACCGGGTATCGGAACGCCAATGGAATCTGGATGCTTTCGAGCCATGGCGTCAGTAAGGATCGTGCAGGTGGAGGCCTCCGTCAGGCCATAGGAATTGACCAAATCCACCTCCGGGAAACGCGCTTTGATTTCCCAATGAGTTTTGGGGTCGATCGCCGCGCTGGAATTCATCAACAACCGCAAAGATGGCAGGTGATCGGCATTAAACTCTGGATAGACCATCAGCATTTTAAACGTGGCAGGAACCGCACGAAAGCAGGTCACAGCCTGCCCACGAATTCTCCCCACGAGGTCCGCAGCATCGAATCGCTCCACCAGCACAATCTTGCCGCCCACCTCAACCATGGGTAGCATCTGGCTGACTAGGGCGCTTGAATGACTGAGTGGCATAACAATCGCAATAACATCCTCGTGCCGATAGCCGAACGCTCGTCGTGCATTTCCGGACGCAGCTCTGGCATTGGCATGCGAGCGCATAGCACCTTTCGGATTGCCTATCGTTCCTGAGGTATACATGAGTTCCGCGATATCATCAGAGGCGGGAGACAATTCTACTGCCCCCGTAATGTCAGGAACGGCCGGCCCTTGCACCCACGTATGAAAACTTTCGACATGAGCCCCAACATCACCAACAGCTATGACACGTTCTAACGCGGGGAGAATATTCCATACATTCGCAAATTTTTCCCAAAGCGCCTGGTGGACGATAGCAAACCGTGCACCGGAATCCTCAAGGAGAAAGCGGATTTCCTCAGGTTTAAACCGTTCATCGATAGGATGAACGATTCCGCCAATCGCTGTCACCGCAAAATAGGTAAGCACGAACTCAACGCCATTTGGCGCCAATATTCCCACGACCTCCCCCGGTCGGACTTCCCATTGCCGGATCAACTGGCAAGATAGGCGACGTATACGCCTGGCGAGTTCAGCATACGTCAATTGCTCTCTCTCCGTGACGAGCGCGATTTTTTCAGGCCACAGACGCTCCGCCTCAGACCAAACCATGGGAAGTGTGTTCATCCTTCTTTAACCTGCTTGCGTTTTTCGACGACACGAGCGGGGTTACCCAATACCACGGTCCAAGGCAGCACATCCTTGGATACGACGGCACCGGCACCGACAATGCTGTTTTGGCCAATGGTCACCCCATCAAGGATTTTCGCACCGATTCCAATCCAGGCCCCGTCCTCAATCACAATCCCCTTCGACACCCGAGCCTGATGAATCACAGGCGTGTCGGGATCGTCATAGGCATGGCCGCCACCGAGCATATACGTGCCTGCTCCGATCGCAACATTGGAACCTATTGTCAGATGACTGCGGGAGACCAAAAAACAGAAAGGCCCAATGGAGACAAAATTGCCGATCGATATCGCAGAGTCATTACAACTGAGAATGCTATTTCGCCCCAATAGGATTTGATCACCAAGAACGATGGATGAGCTCGGTCCTTTCGCATCGAGTACGACAGAGTCATCAATCATCACTCCCCGCCCCAACCGGATTCGCTTAGGACAACGCAGCACGCCCCCCGCTCCGAAGACCGTCCCTCGACCGACGGCTTCCAGAAGGCCGGGATAGCATTTCCCCCGCATAAAATAACCGATAGCACCCGGCAATCGACCAAGCAAACCCGTGTAGAGCTCGTATTTGGCCAAGGCCACAAGGGATTCCTTGCCAACAAAGATATTAAGGTATCGCCGATAGGGGGAAAGAGTGGCGTCCCCAAGCGATTCAACTAGCGGTCGCTCATTCATGCCGGTGCTCCTTGCAAACAAACAACATAGGCATTTAATCCCTGGATTTCAGGACTTGCCCGGGTGCAGCAAGACTCGCGTCATCGTTGGCATAACCTCGCCCCCCATCCCGTTGCCTGAAGAAATGGTTATCATGGCGCTACCTGATACCTCAAAAAGGAGATGAAGCTTGGCATTCTCCCATTTTTTACAATTCAACCCTTACTCGTACAAACCCCCAGAAGGTTTTCCTTGACTAGAGATACCCATGTTCTTCATACCAGCGAATAGTTCGTTTCAGCCCCTCATCTAAGGGAACCCGTGGAGCGTAACCAAGAACACGTTTCACCTTTTCAATTGAGAAGGCCCGATTATTTTTAAAAAAACTCACGCGTCGTTTGTGCAAAGGAGGTTCAATGCCCAAAGGTGTACACAGGGACTCACACAGGGTGGCTAGCCATTCCACCGGTCGCAACGGAATATGCAAACGTGGAGGTGGAACCTGAAATTGCGCGGAAATCCGATCTACGAGGTCATGTAACGGAAGGTATCCGTCCCCTCCGATGATGAAGGCTTCTCCCACAGCCTTGTCATGGGTCGCGCAGAGAAGGAACCCTTCGATGACATCGTCAATGTAGGCCGGATGAAACAAGACATTGCCCTTGCCTATATAGATAAACTGTCGCTTTTTGATGGTACGAAACAATTTCAGCATGCGCAGATCTTCAGGGCCGTACAGCGAAATTGGCCGGACAACACTAATGGGCAACCCTGTTTCCTGATGAAATTGCCAGACATATTGTTCCGCCTTGAGCTTCGTTTCCTGATATAAATCGGTGGGGTTGAATGGCGTTCCCTCATGAGCCGGGATCGCCTGAACATCGCCATGGACGCCAATCGTACTGCAATGAACCACGCGGGCAACCCCATACTTCCTGGCGGCCTTGAGGACATTTTTTGTTCCTTCCACATTCACGGCATACGCGTCGGCTTTATCCGATCCCCCTTTCCGAAAGTTGGAGACCAAATGAAAGACTTTCTCCACCCCATGAACGGCCTGCTCCACATCCGAGAGATTGCGGATGTCTCCCCATATGACTTCACTCCCGTTATCACGTAAGGCTTCACCCTGCTTGCTTCCCCGGTGCCCAAATACG
NZ_CP116967.1_gap100	4263876	4268221	4345	GGCGGTTTGGCTGATGAACGGTTTGACCATCACATCCACGGGCTTTCCCGGAGCCACTTCCACAGACTGGGAAATTCAGTAGCACTAATATTACAAACACAAGAATGGTAACGACATAAGGCCCCGGACCTAACCTGAAGAAGGGACGTCTGAAAAATTACCACACGGGAGGACGAGGCGAGACCTTAACCTCAGACGACGGGTCAATCATAACCGGAAGGCAACTGCCGTACGGACAAACCAGCAGGTTAGACCCTCTCACAAACACCAAGCAGGCTTACCCCCACCTTATCTGAAAAAACCTCCCGCCCATTCTTCACAAATTCTCTCCCTTGCCCCGACTACCTCGAATTTTGCTGATTTCTTATCCTACCTTGAAGGTCAAACGCGGCCAATTCGAGGATATCGGAAGTTTTTTCTACTCTTTGAAACACGACATGGAAAATTGGGAATCCATCCTCCCTCAACCGTAGCACTCATTCCGGTATTTAGCAGAGAGCGATCACCTAGGCCTGCCTTTTCCTTTGATAGGATGCCCGGATGCAAACATTGGTGCGAGTGTATTTCCTCCTTTGCCAATAGAGATACCTGATTGCCACCAGAAGGTATGAAGGAGAAATTCTCTCCCTGGGGGATCCAACATTTCTCTAGCAGCCGAAAGAAAAAAAAAGGCAATTTTCTTCTGGAGATCGCACCTTCATTCACAGAGCTTCATATTTTTGCATCAAACACAATTTCCTCCAGTTGGTTTAAAGATTTTTCTCTCAAAAGTTTTTTGTACTTCCCTATCGCTGCTACCCCTAAAGTTTTTCTTTACAGGTCCGATATAGTTCGGCAGACCGTTTGGAGGTCTAGGGTACAAACCAGAGCAACAGACGGCAAAAGAAAGTCCGCCAATTCATGAAATCCTCTTCCCGAAACGGCACACCTATTGTGAAGTAGGGTCGCAAAACCAGGAGTCAGGTCCCCAAGCCTGATCGTCCGGCCACCGAGGGAAGGCGTCATTCGCAGGGGGAGGAGAGGATGAGGACTTCGGTCCGAATACCACAAGGAGTCGACTATGGTCCGCCCTATGATCCCCTGGAATTTCGCCACCAGAACTGTTGCAGGCCTTGCATTCCTGTTCATCGGATTATTCAGCAGCCCGGCCTTCTCAGCATCTTCGGTCCAACTAACCTGGGACGCAAGTCCGGAACCGGATTTAAAGGGATACAATGTGTACATGGGAACATCCCAGGGGTCCTATAACACCACAAAAAATATCGGACTCAACCCTTCCTTTGTTTTTCAGAACTTGTCGCAGGGAATGACCTATTATTTTACAGTCACGGCATATGATCAGACAAACAACGAAAGTCTACCCTCGGAAGAAGTGAGTGTGAAAATTCCCGATATCATTACACCGACAACCCCTGGAAATCTCACGTTGACTTCAACATCAGGCACCCAAGTGGCCTTTTCATGGACAGCTTCAACCGACAATGTCGGCGTAACCGGATATGATGTGGCCCGGAACAATGTGACCATCGGGCAATCTACCACCAATGCCTTTGTGGATAAAACGATTAGTCCGGGCATGACTTACCTCTATACCGTCAAAGCCCGGGATGCCGGCGGGAATGTATCCGCATCGTCAAGTCCACTTTCCGTATCGGTCCCACTCGTCCCACCACAAGATATGATCTCGCCGTCGGTACCCCAAAACCTCACGTTGACTTCAACATCAGGCACCCAAGTGGCCTTTTCATGGACAGCTTCAACTGATAATGTCGGCGTGACGGGATATGATGTGGCTCGGAATAATGTAGTCATCGGGCAACCCACCACCACTGGCTTTGTGGATAAAACCATCAGTCCGGGTATTTCCTATTTCTATACCGTGAGGGCTCGGGATGCCAACGGCAATGTATCCGCATGGTCGGCCCCCCTGCAGTTCACTACTCCCCAGGTAATGGCCCAACTGGAAGTGTTCGTCAGCGGTAGTGGATCCGTCCTTTCGACTCCTGACGGAATTAATTGCCCACGACGAAGTTGCTCAACCAACTACCCAAATCAAACTGTCGTGACCTTGACCCCTAACCCAAGAAATGGTTGGACATTTTCAGGATGGTCCGGCAGCTGTACCGGGACTGCAACATGTTCATTAACACTCACGGGAAACAGAACCGTTCAGGCCCATTTCACGAAGGGTTCTCAGGCAGGTCCTGGCAAAGACTCTCGAAATGTTAAAAGACAAAGACGAACGAGATGACTCTCACACCCTTCACCATTCCCTGGATGGCGGGCATGAGTAAAAATTATCCGAGAAATTAGGGGTGTCAAGAAACAAAACTGTAGGCCGTCGCGGATGGGCATTTCGGGAAATTCAAAAATGAGGTGTCCGGTCCGGAATATCAGAAAGGACTTCAATCGGGGTCAAGAACCGAATGTCCCTGCACAGATGGCGGGTAATAACAGTTAGGACATCCAAACGGCCACCGCACACGAATATAGCACGGAAAATTACTTCCCCCCTTAAGAAAAAATCCGGCAACCACCCATTAGTATTTTCATTCGTGCCGCGCCCCCACGCGGCACACCTACTCCAACAAATTCCTTCCATCCAAAGACAGATTTCAATTGTCTACAATAGTCGATTCCAAGTGCGACCCCGCCCTTTTCCTTGCTGCCAGGACTGTTTGGTTTTGACCTGTAAAATGACTTCAAAAGTTTTTCTTGTGATGAAATATTGGGTAGTTAGTGATTTTGCGAATTCATCTTTTGATATAGAAATCCAACGACTTCACATTGTTTTCTCCATCCGGGGCGGCCTATCATTGTATTGGTTCGTCCAGGGTACAGAAGTTTCGTTGGACATATGGCAAATTTATGGGAAGTACGATATCAACCACTCAAGCGTGCAACAAAAATGAGGCCAATGACAGGCCATTAAACCTGGGAAAAATTTTAGACGGAGGAAGGTCCCCGGTCCATGCGCCCTTCAATTCACGAACAGGAGGTCAATCAAACAGTATGGCTAAACTGATCGAGCAACCCACAAGAATTAAACCTGCAGGGAATAAACCCAAACTCATCGATGAATTTATCGGACGGGTCAATAGCGGCACAGACCAGATCAGCATAGCGCGAATGCAAAGTCCTTCCGGATGGGAAGAGCCCGGCCAGACACCGGAATTCGATGAATATACGCTCGTCCTGTCCGGTCAATTACGGGTGGAAACCAAAGAAGGGGTGATTGAGGTGAATGCCGGTCAGGCGGTCATCGCCTATCGCAATGAATGGGTCCGATACAGCACCCCTGGCCCTGAGGGAGCTGAGTATATCGCGGTGTGTACCCAGGCCTTTTCCCCGGAGACCGTGCATCGCGATCCCTCGTGAATCTTTGCCGATTCACACCGGCTCGGTTTCATTGAGTCGACGCATCAGAAGAAGAGGGACTGGATAATCCCAAATCCAATGTTGCAAGAGCAAAATGGGACGCGTTACTCCATAATGTGGATTGGGAAGTGCCACCACTCGCCATGTGCAGAAGGGACAGTTTGGTGAATAAGAGATTGATCGAAAACCCACCCCCTCTGAAATAACACAAGCCCTAGACACAAAACGGAAAAGTCGAGACCGATTAATGTTTATGCCTATGGCCTCTGCCATATCGGAAATTAAATGACAGGCCTGGCTGTCCCCAATATCCCGAACCAAATCCATAATATTGTGAAGCGGTCCAGGGAGGCTGAAGATAGATTCCGAATGGCCGCAATGGCGCGTAGGCATAGGGGGGAACATAAGGAGACCGTGAGTATCGCGGGGCTGGTTTATAAACCCGAGCGTCACGAGAGGCGAACGATTCCTGACGGTCCACCTTCTTTTTGAGGTCTTGCACAGTCCTCTCCTGGGCATTGAGTTGTGCTTCTAACTTAGTAATGTGATTTTGTTGAAGCTCCAGCAACACATGCATACATCGGGTTTGAGCCTCACCAGTGTATTCGGAGCATTCCCAGGGAACATTGGGTGCTTGAGCGATGACGTCCGAACCATTCATCAATACCCACAACCCGATTCCCCACATGCAGACGGATAAGCCCAACTTTCTTGATCGAATAGACCTGGTCAGTCGTTGTAAAATCCATGAATGCATGATTTCCCTCCTCTGTGAAGGTACAAAGATACTGTATCATGGCATTCCAAAATCCGACAAACGGACAACCGCTCAGTCATAATCCATGTGATCCCTCATATCGTTGACAGGATGGGCAGAAATTCGTAGCCTTGCCCATACACCACATGCTCACATTTCTTTCATCTTCTAGCTAATAGAGAAGATTCAGACGCACCTGTCTTCCGAAAA
NZ_CP116967.1_gap101	4271416	4274157	2741	CAACCAGCTGAATGGCCAAGAGTCCTTGGCCATGAACATCTACTGAAACAGATTTTCCAGAACCTCCTGGCCAATGGAGTTAAATTCAACCACTCCTCCCCAAAAGTTCTGAACATGAATTGGAAACAGGAACCTCATGGCATGATCACCTTCACCGTCAAGGACAATGGCATTGGAATCTCTGAACACTATCAGGATAAAATTTTCCAGGTTTTTGAACGATTGCATACGAACAGGGAATATGAGGGAACCGGCATCGGCTTGGCTATTGTCAAAAATGCGGTGAGCAGGCTTGGCGGAGAAATCCGCGTGAAGTCCGAATTGGGCAAAGGCAGCATTTTTTCATTTACGGTACCGATTGGAGAAAATTATGATGATGCATGAAAGCAGGAATTTAACCATTTTAATGGCGGAAGATAATCCCCACGATGTCCTGGCCACCAAACGTGCGTGGGAACAATTCGGCTTTGGGAATCATCTGCATATCGTGTCGGATGGGGAAGAATGTCTGGAATACCTGTTTCATCAAGGGAAGTACCTGGAATCGAACATCTTTCCTGATCCTGACCTCATACTCCTGGACCTCAAACTCCCAAAGCTGGATGGCCATCAGGTTCTCAAAACGATACGGGCGAACGATCAGTTCCGATTTTTACCTGTCATCATTCTCACGAATTCAACCCTCGAGACCGACCGGAACAAAGGATATGAATACGGGTGCACGGCGTTCCTCAAAAAACCGGTCGGGTACGCCAACTTCGCCAATCTCTTGAAATCCCTACGGACCTTCTGGAGTTGCGTGGAACCCTATGCCAAGCCATTAACAGCCTAAACGAACGGGTAGCCCATGTCCCCAGTGCAGGATTCCGGATTATCAGCTCTTCTCATCGAAGACAATTCCCATGAGCGAATCGCGATCCGCCGCTCCCTGAAGCAGGACGTTCACACCCTTCTTGAATGTGAAAGTGCGGAGGAAGCCATTCGCCATCTGGAACATTCTCCTTCCAAATTTGACGTCATCATCGCCGACTTCAAACTCCCAGGCATGGACGGCCTCACACTGTTTCGCACCCTGCGGCAGATGAAATGCCTATCTCCATTTATTCTCTTAACAGGGAATGGATCCGAACAAATTGCCATTGAGGCCTTCAAAGCCGGAGTGAATGACTATTTGGTTAAGGCGTCCGAAAGCGACTACTTGAATTTATTGCCGGCGCTCGTGACGGAAGTCATCCAACATCATCGCTTGAAAATTAAAAATGAGTTGCTGGAATTGTCACTCAAAGAAGCCCAGGAACGGTTTCACCAATTCATGGAGCACTATCAGGGGATTTTTTGGCTGACCGACTTTCAAGAACCAAGAAGGTTATTGTATGTCAGCCCGACCTATGAAAGGATTTGGGGGCGCCCGGCTCTTCAACTCGCTCAAAACCCGTTGGACTGGCTTGAAGCCCTTCATCCCGACGATCAGGACCGAATCAGGAACGCCTATTTGAAGCTGAATATCAGCGGAGAATATAACGAAATTTATCGAATCGTGAAATCAGACGGGTCGACACGCTGGATCCATGAACGCGGCCTCATCAATCACAATCAAGGGGGACATCCGTATCGGATCACCAGGCTGGCTGAAGATATTACCGACCGCACCACGATGTCAGAAGCTCTTCAGGCCAGCGAGGAACGCTTTGCACAGTTCATGGCCCATCTTCCGGGTTTGGCCTATATGAAAGACGAACAGTATCGTTTGACATATCTGAATCCGGAATTTGAACAGGTGTTCAATATTAATCTCAAAAACTGGATAGGCAAAACCGTTCACGACGTCTTACCTCCCGACACGGCGGCAAAGCTCCAATACGATGATGACTGGGTGCTCTCTCATGGTCAATCCCTGGAAATCATCGAGGACATTCCACTCCCTGACGGCCTCCATCAGTATTTAACCTGCAAATTTCCTATTCTCCAACATGACCGTCCACCAATACTGGGAGGTGTATCGATCGATGTCACCGGCCAGTTCAAGGCGGAAATCCAACGGGATCATATTTTTTCCCTATCCCTGGATCTCATGTGCAGCATCGGCATTGACGGGTATCTGAAAAAAACCAATCCTGCCTTCGAAAAACTTCTTGGATACACCCAGGAAGAACTGCTATCCCAACCATTAATCTTTTTCACTCATCCGGATGACCGGCTATCCACCCAGGCAGCATTCCATCAACTCGCTGAAGAGAAAGATGTGGTGGATTTCCAGAACCGCATCCGTGATATCCGTGGCAATTACCTCTGGCTGGAATGGCGTGCCACTCCCCAGCTTCAGGAAAAATCCATCTATGCCGTTGCGCGGGATATCACCCAGCGGTATCACGCAACCAAAGCGCTCCGTCGGTATGAACAAATTGTGTCAACCAGTTCCGACTTTCTCTGCTTTTTAGATGAGAAGAATTGCCTGCAGGCCGTGAATCATGGATTTTGTGAATATTTCAATCTTCCTGCGCGGGAAATCACCGGTCGTCACATTCGGGATTTTGTGGGAACGGAACTATTTGAATCTCAACTCCAAAGCCATTTAGATGACTGTCGGAAAGGGCGGGTCGTCTGCTTTCATCAGGATCTGACCTTTCCTGAAGAAAACGTGCGTTTCATGGAGGTAAGGCTGAATCCCTATGTCGAGTCGGACGGAACGATTTCAGGCGTGACCGCCATATGGAGAGATCTCACCGAGCAAAAACGTCTGG
NZ_CP116967.1_gap102	4277224	4277849	625	GATACGGCGCGGGACGCCTTCCATATCGGATTGCCGGGAAAAGGTGGCGAGGGTGGGGGAATTGTCGGGGAGATCTCAAACCGGTTAACCGTTGCCGTATGGTCTCCCGGCCTCAACGAGAATGGCAATTCATTCGCAGGGCCATACGCACTCGAATGATGTACCACCAAAATCGGAATTTCAATTTTCTGATTCGTAATGGTGGCAGTTTGTACAGCCAGATGAAATCGATTCGTTTAGGAGACTAAGAGGAACGGAGAACCAGATGACGAATGCCGTCGACAAGTTGGCTGGCAATGCCATTTTTGGTCAAATACAAGGTAGCTCCTGCTTCCAGCATGAGTCCTTGTACGTGTTTATCTTCCTGGACAGACAGGCCGATAATAGGGATCGAGGGGAATTCTCGTAAGATGCTTCGGGTCGCCTCAATGCCATTCATCTTCGGCATATTGACGTCCATCACAATAATATCCGGGCGAAGCGTTCGTGTGCTTTCAATGGCTTCCAGACCATTTTGTGCCTCTCCCACGACCAGAAAATCAGGTTGAACCTCCAATAATCCCCGCATGCCTTGTCTCACAAGGGCATGATCGTCGACGAGAAGAATTCGAATTCCCTTTTCCCG
NZ_CP116967.1_gap103	4282188	4283598	1410	TATTCCGATAAATTCTTTCTCCTTCCATAAAAACCGCCCGTCGCATTTCAAAGACCTTTTGCCCTTTATCCCCTAGTGGTTTGGCCCATGCATACTCGTTCAACTTCTCAGGCGTACAACCGTTGCCCATCCATCCTTCTGCTTTTTCTAGCGATATGGTTTGTCGGTCCTCCACCCTCCATTCATCCGAAACCCCTACAAGGCGTCCCTGACGGCCCACCATCGCCAGAGACCTGCACCGCCCACGCACCGGTCACGAACGAATGTATCGAAGCCGGTCTTCGGAGGAGGCGTGAATTGCTCCGGGCGGAACCCGCATTCCAGGTCAATTCCCCCGCGACTCATCTCAAATTGGCGGAAATACTCAACCAGCAGGGAGATCCGAACGGCGCCATTGAGGAATATCGGGCCGCCATTCAACTCGATCCCGATCTTCCCGGTGCATTTCAGGGTTTGGGAGCCGTCTATCTTGATCAACACGAATGGAAACAGGCCGAAGGAGCGCTTGATAGAGCCACACAATTAGGGAGCGGAAATAGTCAGACTGAATACTGGCTGGGACGGTCACGATTGGCACAACAGAAATTTCACGAGGCTCAGCAGGCATTCAGCACAGCGACAAAACTCAATCCCTACGATGCGGAGGCCTTCTCCGATTTAGGTCTGACCTACATGGCCCAAGGTCACCCCACCCAAGCTATCAAGGCTCTTCGCCAGGCCATTAGCTTGCGACCGGATTATTCAGAAGCCCATTCCCGCCTGGAGCTGGTCGATGCCTTTAAACACAACCAGGATCAACTCGTCATTGAAACCGCAAAAATTCTACACTTTCTTTTCAGAAGGGAATAGAGTTCTCCTTCGTCCGCAAGCTCAACCCTCATGTGAGGTGAATGAAATTCGCCCGACGCCCTTTGCCTTCTTTTCCAATAAGGCTAAAATCTCCACGAGATCCCCGCCCCCGTCAAGAAATCATCGCTTCCATGAGTCAGGCCGCCTCCCACGCGCACATCCAATTGAAGATTGTCTGTCAAATGATAGAGCACTCCCGTTTGGAGAAAATTTGCACTCCCACTCGCCACATCTCTGGGATACAATCCGAAATATTCCACGAACCCGGTTAATCGATCCCGAATGGCTGCGCTCAGTCCCAGGGACGAAGAGACCTGCACAAACCGTGTGCCCTGAGAAGTAGGACTGCCGACATTCACCGTCCCGAATAACCCCACTCTTTCATTCACCGCATACGTCAAAATCGTCCGGAAGAGCGGGTCGACCCGATCCGAAGAAAAATCCTTATCACCCGTGGGAATCGACAGCCGGCCGACGAAACTCAACCGTGGTCTAAACCCCTGTTGCTGAAGGACCTGAACTTTAAATCCCAAGGCAAGATCATTGAACCCATTCACATCC
NZ_CP116967.1_gap104	4307606	4309578	1972	CACGAGTAACACAACCCCTTCGATATACTTCAAGTAGTACGGAAGAGCCAAACTCATGTTTTCCGAGAAAACTGTTTGCACCGCCCCATATAAGACGAACGCCCCGGCAGCGAAAAGAACCTGGCTTGAACGGAGCAAAAGGTTACCAAGGGAAGCGGGATTTAAAACCACGGTTAATCCCAAAGTCATTGCCACCACAACGGAGAAAACATTCGGAACGCCCACAGTCACCGCGGGAGCGTAAAAGATGAGCAGCAAGATGAGCAGACCATTACCGGGATTTCGAACGATTAGGATCGTGGTCAATGCCAAAAATGCTGCAGATCCGACAAATCCAAGGCTCAGGACCGAGCACATGAAAACCAGTCCCCACAACGCCAGCAGCATTGCCATGTCCAGCCAAGCAAAACCTGAATAGATGCCCCCATCCAACGTTGCTAAAACCGTATCCTTATGCCAAGGCTGACTTTCGTGGGAAAATCCCATATTCAATATGTCTTGTAATAGCCTACTCTTAATTTCCCATAAACTATCACCTAACTCAGTTGACAAAAATTTATTCGACAGGGCAGATCAGACAATGGGATCCTGTTTTTGAACCAGAACAAAATTTTTACGTAATATGAGGCTCGTTGGATTTAACCCCCGACAATGCGAGACGGTAAATAGGAAACGTAGTAGATGAATGCCAACATATTCCACACCATTAGGATACTTTCTTTCGCACCAATACCTCTTGAACATGCGTGAGACAAAAAGCAGGGCCATCGTGTGCCTATAAATCATGACGACTGAGTGTAGCGCTCACGCCAATTGTAGTTTGCATGAATGACTTTTGCAGGAACACCAGCAATAAGGGCACATTCTTCATTGTGCTGTCCAACCACCACGCTACCGAGCCCAATGGTATTGTTGGAACCTATCGAGGAACCAGGTGCAAATCGAGAAGCAGAACCGATATAGCAATCAGAGCCAATTGAAATGGATCGATCCTTAACACCTATGCCGTGTGTCCAAAATTGACTATGGGAACCTGCGATCCACGATTGTGACCCAAGGTTAAATCCTCCTGTTGGATCAATGAAATGAGAAGAAGTAACCACGCTTCCATTTCCAAGATGACAAAATCGGCCATAGCCGTCCTTAGCAAATCTCTTCTCTGCAACCCAAGCTCCACAGGAAATCACATTGTCCCTGCCCATTGAAGCTCCGGCACCAATTCTCAGACGATATGGCCCAACAAACTTATTGAACTTACCAATATTCGCCGCGCGAATATCCGCGCTATCTACCGCAATAATGGTCATGAACCCAATTCTGGAATTGTTATCGATTGAATATCCAAGCAACGTTTTATAAAGCAGCCGACGCATGTACTCTACTGGAACGACACTGATTATGATTGCGAGCCATAGCTTGACTTTTTTCATACTTATTTCCTCTTTTCTCTACCAATCTTCATTCACATAATTACTTGTGACCCTCCCGTGAGTTCATCCCGGAAAGTGCGCTCTCATAGCAATCATGAATTTGTTCGCATACCTGTTGCCATGAAGGCATTTCCAGTGCAACGGATTGCAGTTCCTCGCTACGGGGCTTTTCCATCTCTGTTGTGATGAGTGAAGCGAGACCTTCCGGAGAATGGGGATCGAATACAGAAATCAGGTGCTGTAAAGGGCTTGCCACCGGAACATTTTTTGAGGCGATGACCCGGCAACCGGCAATAGACGCTTCATACAGGCTTAAGGGCATGACCTCGGAGAAGCTGGGAAGCACAAAAAGCTTAGCTGCACGATAGGCCGACGCCAGAATCGGATCATCATGGGCCAGACTTCCGGTAAAAATCACCTGCTTATTGGCTTGTGCGCGGCAACGGGAAATATACTCCTCCTGCTCTGAACGAATGTTACCTATGATGACCAGGGGATACGGCATACGTTTCATCGCACAAATCAGGGTAAGTTGATTCTTC
NZ_CP116967.1_gap105	4327327	4329926	2599	AATTATCGAGAGTGGTCAGTTCTTTATCAGGATGTCGTCAACCGCCGCCGGCGCAAACACGCTGCCACGCCGTTGCAGATGTTCTTCAACGATGTGCGTGAGAAGACGATCGCTCCGCCGAAGGTTGCGCCCCTGGGCGAATGTCGTATAGCGGTGAATGCCGGCCAGCATGCCGCTGTGCGTCGCCACCCGATAGAGAGCGTCCGGTGCGAGAGGCTTTCCGTTAACCGTCACATCCGTAATCCGGCTCTCTGAGGGACGCTGGTAATCCACCGTCCACCCCATCCCCGATGTTTGGATTAAGCCACCGACCATGGCTAATGGGTCAGCGGGTTTCTGGTTCGTCGCGCTTTCTTCGAGAATTTTGCGGATCTGCGCACCGCTCAGCTCTAAGGTCACCAGTTTTGATGGGTGCGGCAGCAGGGTATAGAGGGTTTCGCGGGTGATCGGCCCCGCACGGAGCGTTACCCCGTATCCGACACCCGGCAGCAACGCCACATCGGCGCCGGTCTCCTGACGCAGGATCTCGCCCACCAGTTGGTCGAACGGACTGGCTGTCTTGTACTGCCGGCCAATATCCTCCCCAGCCGTGCCCACAACCGCTTCAAGTTGTTGACGATGCGGTTCGCGCAGCTTATCGATCATCGCCGACACATCCGGAGCGGGCTGACATTGATCATTCCACAGCACGTGCAGGGTTTGTTCGACATCGGCAACCCGTTTGTCATTCATCCGGACCCGTAATTCATCGACCAGCACCCCATTCGAAAATGCCTCCACCAACCAGGTGTCGCGAATTTTTTCCGGCGGTTCGGTCCAATTGTGCGAATGGCCACTGAGAATAATGTCGATACCTTTGACCTCTCGCGCCAGTTTCCTGTCAACGGCCATTCCCTGGTGTGACACCACCACCACGACATCACTCTGTTCCCGCAATTCGGGCAGATACCGGCGAGTTGCATCAATGCCATTGGAAAAAGACAGCGACGTAATATTTTCGGGGTTGGTGGTATGGCCGGTATTGTGGTAGCCGAGCGCCAGAAAGCCGACTTTGACGCCCCCAAGGGTCACCACCCGCCAGGGTTGTCCGAATACCGGCTCACCGGTCTCGCGTAAGGTGACATTGGCCGCCAGCATGGGGAAATCGGCCAGAGCAGCCTGTTCTCGTGTTCGGTCCCACCCGTAGTCAAAATCATGGTTGCCGAGTGCGAGGAAATCGTAACCCAACACATTCATCAGCCGGATCACCGCCTCACCCTTGGTGAGATTCCCAAGCAGATCGTCAGAAAATGTATCGCCGGCGTGAACCGCAAATACATTCTCATCACCGCGAGCTTCACGAAGTTGACGAAGTAAGGTGGCCTGACAAGCAAAACCACCCGCCCGCCCGGTTCGTGTAAGGCCAGCTCCCCCTTCGCCGGAACCACCGGTTTGCGCGGTCACATTGTCGGACGTTACTTCAATGGGATAATAGCGACCGTGAAAATCGTTCGTATGGACGAGGATAAATTCGTTCGAAAAGGCCACACCCTCATTGAAGCCAGGAATGACCATTGCCAAGATTGTTACGAGAAATAACAGACTCCGCCGCTGTACACCGATGAGGATGTGTCCGCTGTTGCCATGACGGTCTTCCGTGAAGGGAGGTACGATTCCGGAGTTCATTTCTTGAATGAAATGTATGCGTAATTGTCCATTTGCAAATTGATGTTCACGGTTGCGGCAGACACCGCAATCTTTACATCCGGAGCGATGTCGCTCGCGGCATACCCGTGGTGGGCCGCGGCTTGTCCGCACACGTAAATATCAACCCCTGCTTTTTTTAACTCTCGAATTAATGCCAGATCCGGATTCTGCGTCTTCCCCAGATCTTTCACGTAAGAATTGGCATGTTTGGCATAGGCTTCGTGCGTCAGAGCCGCCTTGGTGGCTGCCCCGTGCAGGATGACAGCCATTTTGAAACCATGGTCGATCCCTGCCGACGCTTGGGTATATTGATTGAGGATCAATGCCGCCCGGTCGAATCCTTTGAGCACACCACCTGATTTTTCATCGGAGGTAATGTCAATGATCACTTTTGAGTTCTTCTGTGGAGGAAGCGCGGCGTCGGGTAATACCACGATTCCGCCGTGGTCTTTAATGACAGGATGTTTATATTCGGGATTTCCGATCGGATCGGCAAAAACGGGGGTGGCCATTCCCAATGCCAGAATGCTCAGGAGAATAATTTTCATAGAATAATTCCTTTGTGAATGAGGTGTTTGTATTCATCGTGGAATGTTCGCCTTTGACAATCCCACCATACCACTTCATGCCGTTGTCAAAACTATTTAAAACCCTTGAGTGATGGGCGAAAGTCGGACTAAAGGAGATGACATGCGGCAGGTTCAAACCAAAAACCTGCTGCACACGAAATGAGGGAATGGGTCAGATGGTCGAAACCCGATTGACGAAATTTCGAATTGTAACTGAGAAAAAAACAAATAATAAGAAGCGCTGGGTTGCGAAAAAGGCAGGTCTTATCGAACCGGCAAGGCGTGAATGTGTAGAACGGCCATGCCGGATTATGGCACCAACAGCATCATCATGACCCCAAAAA
NZ_CP116967.1_gap106	4477733	4479445	1712	CAAATTGATAGGCGCCTATATCATAACCAGCAGTGGAATTTCGTGAAACCCCGTCCATGTCGACCTTCACATCTGCTAGAACTAATCCAGCACCAATGGCTGAACTAGTCTCTGTAATGTGAAAATCAAAAGTATCTATTTTTTTTAAACCATGTCTATATGAGTCTCCAATAAGATTACCGCCTGCAATTGCGGATGATTCATAAATTTTCATTAACTCACTTGGGTTTTTTGAAACCCCTAAGATAAGATTGTTTTCAATCTTGGAGGCACCTGTGCCATCGACAACGAGCAATACGGGTTGAGTGTTAGTCCCGACAAGCAAATTATTTTTTACAATAGACTGGCTACTTCGATCCCCAAGGAGGATTTCTCCCTTTGAATTTGAATAAGAAGTATTATGATATACGATTGTGTTGGTGGCATCATAGAGGACCTCAATCCCACGGGCGTTGTTCCAAAATACATTATTAATGACTTGGTTGTTGATCCCCTTCGTGACAATAATTCCGGCCAAATCATTATCATGGATGCGATTATTGATGATACGATTGTGGCTAGGTTGATTATTAGTACTATACATATGGATGCCATATCCATGGCTGTTATAAATTTCACAATCCTGAACGAGATTATAATCACCATTCAGATAAAACCCATAAGACTTTTCCCCACCACCGTATCCTGCGGTTCCCTGCCAACTGTCATGAAGCTTCATGTTGATAATCTCAATATAATCTGCCTCGCTGCCCAGTAGCGCGCTATCGTTTGTATTTTTAACTTCGCCATTGATAATCCGCAAATGATGACTGCCGGTTCCCATCGTATACCCGGTTAACCCATGCCCCGGCCCTCCCCCGTCAACCGTCAATCCATCCATGATGATGTATTGGCTGTCGTCCTTGAAACGGAAAACAGAAGTACCTGGTAACGATTTAATAATGACTTTTTCGTTTTGATAAGCTTTAATTGTGGTTGCATTTTCCCATGATATGCCATTCGGCGGCTCCCACAATTTGTGGTTTCTAGTATAAGTGCCCCCTCGGATATAAAGGGTGTCACCCGGTAATAGGAGGCTTACCCCCTTCTCTAGCGTAAAAAATGGCGCCTCTATGGTGCCATAATTTTTGTCATTTCCATTACTCGCAGCCACAAAATATTCTTTGGCAATAGCTTCGCCTACTCCTGCAATGCCAAAAAATACAATTAAAACAAATGCATATGGGCGGAAAGATTTCATGGACCCGTGATGATTATTACAATATTCCATTTCACTCCCCCAGATTCCAAAATTAATGATCATTCGTCTTCTCCCTTTGAAGATTCGACAAAATCACTCAAAACTTTAGTTTCAAACTTCCGGGGATCTACACACTTTACTATATTTTAGGGTAAATTCTTCAAACTCAACAATTCCTAGTCTTCAGGAATTAGCTGAACGTGAATTTGGAACAGGACGCTTAACTAGAGTAAACATTGGAGGTCTATCGTAAAGCAGATTGGAAGAATTCTATTCTGCAAATAGGAGAAAGTAAGATGGCTATACGAATGGCCTATATTATTCCTTCCTGTTCTTGTCTGTCGACCTTTACCGTCAATGAAATGGCAGAGATTCAAGGTAAAGGCCATAAATTAGTTCTGGCACCCCTGTATAAATCAGCGGGCTCTATTGTCCATCATGGAAAAGTTGGAACCTTGAAGCCGGAGGCTGT
NZ_CP116967.1_gap107	4518211	4519963	1752	GAATAAATACTTCTCCCCTCACCTTGAGCTTAACAATGAGTTGATTTCAATTCCCGTAAACGCGGACAATAGGATTCAAGCCCAAGCAATCGTTGATTGTACTCCGCTACGTCTTCCTGACGGGCTATACATATGAACGAGATACCACTTAGAGTCAGACATTTTATCTTTTGTTCCTTACATCAGATCATATCAGAAAATTCAACTAACTCAACGTCTTACTTGTGGTTTTCCTTACCGAATTTTCCGGCAATCATTCGGCAACCAGCTGCTTTCAGCAGTTCCCAGGTCAGGCTAGTGGCTTGGAGCGGACAAAAGGATGTATTATGCGCTCTGGCTTTTGAACACGGCACTGAATCTTTTATCACAACACGATATGCCTAGGGGGGAAATGGATGTCGCCCACTGTCCCTATACCTGGCATTTGAGCAGTGACCGCTGGCTGGCTCGCCCTGTGGGATAGATCTTTACATTTCTGCTCTTGGTATTAATAAACAATAAAGAGGGAACATGGTCGGTGTGAGTTTGTTGTTGTGTTAAAAAATCAGAGAGGCCTCGTTGCCATCTAGACCATTGTGGTGTAGCGCAACGAGATCCGAAGGTAACCGAGGATCCTTCTGGCCACTCAATAAAAGTCGTCATGGGTTTGTCAGGCCCATGATTCGGTGAACCCAATTCGTAGGTTTTCGGTTCCACGACTCGATTATTGATAAACTCGAAACCGTCGTGGGGATCGACAAGCCAAGAAAAAGGCCCTAAGTATCAAATTTCAAACCGGAATCAGAAACCCTTCTTCTTCAATGATGGGCTCGACAATAAAGACTGTCTATCCCTGGGTCACGGCCTCAATGACACTGAGATGATATATAGGTTTCAGCCCACCCTTCCTTCCAAATAGATGCTGACCTATATAGGGCAAAAGAGGCATTGCGCATGAATTACTTATTTCAGAAAAGTATTACTTCCTAAGCTTGGATTCCTTTACAATTTATAATAAGCTAATCACAACAAGATGATTGCCTTAGTCAAAGGTTATCATTCTTGGAGAAAGACTCATCAAATCCAGATAAAGTTAATCGCCGACCCTACCGAATTACCTAACGGTCCCAACTCTGAAGAAACTCAAGATGGAGCGATCAACTTAGTAGGAGGTCCACAGATGAACAAGATGACCCCAGTTACCAATAAAAAACCGAAACGACTCAAACACGTTGCTGTAAAAATAGGCCAGACAATAAGATCTTCACACAGATCTTGCCTTGTGGGAATGACCTGCTTGGCACTGGCAATTGGATGTTTCAGTTTCATCAAACTGGCCACCGCCCATTCAGGGCTTGAGCCGGAGATTCAAGAAATCACTGAGAAACTGATCAAGGATCCAAATAGTGTGGATCTGCTGGTTCGTCGTGGGCAAGTCTATCGGTCCAATGGGAAATACGTCGAATCCTTGCTTGATTTAGAACGGGCCTGGCTGCTGAACCGCGAGAACCGTACTGTTGTCTTACAACGCGCACTGACTCTCTCTGCCTTGGGCCGTGACAAGGAAGCCGAAAGCGCCTTAGATTATTTTCTTCAGGAAGAGTCGGACCCGAAACGAGTCTTTGCCTTGGCCGAACGCGCGAGCATTCATGCACGAAATGGTCAAACTGAACTGGCGATTACCGACTTTAACTCAGCCATTCAGTTGCAACCTACAATTGAGCTATACCTTGTTCGGGGGAAACTCCAGGAATCCCTGGGAAAGCTTGAGGA
NZ_CP116967.1_gap108	4528130	4530699	2569	TAGCATCCTGCACCCAAGACCTTCCAAGAAATGGAACGAAGGTTTCTTGGGGCTTTTAATTCTTATATTCTATTCGTTGATGTTTCGGGCTTTTCTGATATCAAAAACTCAGAATACTTTTTTTAGGCACCAAGATCCTTACCCACGTGGCACACCTGCAAGGTGGGACAGCCCTGTCCAACGGGTATAGGTCTCTGAATTTAACAGAACCATCTTGATGGGGCCTCCATTATTATCGTAGTTAAAATTTAAAGCCTTCCCCTCCCTGTTTTTACCATACATGAGGCCTTTTTTGTACTTCCTTAATTAATTAAAAATAGTTGTCAAGAAGTAAACAAGTAAGTGGGGAGCAATGCCGGGAGAGGTATCAATTCCACCTCATTATCCCCCTCATAACCCCCAGCTCTCAGATGCGATTCCCGACTTCCTGGACCTAATGAAGAGTTTCATAAAGCTTGGTGCCCACAGGCTTGACGTGACCCCCGTTTCTGGTAAGAAACGGGAATCACATTAAGCAGAACTTTCCCTTTAGTGAGGGGATTCAAGCTAATCTTGAATTTCCCAAGCCGTCGACGGGCTCCCGATAAAGCCAACGTCCGTCCTGGTCGACCCGTCCATCAGCCACACGGCCACTGCGCCGCTCGTGGTATTGCGCCAGATGATATCCGCCTTGCCATCCCCATCCGTATCGTCTACTTGTCTGATTTGCCACGCTGAGGACACACCACCCAGTGAATCCTTGGAGAAGGGCACTTCTTTCCCATTCAGCAACCAGACCGCGGCACTGCCATTCGTATGCCGCCAGACTAGGTCGGCCTTGTTATCACCATTTAAATCCCCGACTCCCTTGATGATCCAAGCCGTTGACACGCCGCCGGGAAAGCCAGCATCAGTTATGGTCGAGCCGTCCATCAGCCACACGGCCACCGCGCCGGTTGTACCATGGCGCCAGATGATATCGGCCTTGCCATCCCCATCCGTATCGCCCACCCCCGCGACCTGCCACGCCGAGGACACACCACCCAGTGAGTCTTTGGAGAAGGGCACTTCCTTCCCATTCAGCAACCAGACCGCAGCACTCCCATTCGTGTGCCGCCAGACAAGATCGGCCTTGCCGTCACCGTTAAGGTCCCCGACCCCCTCGATGGCCCAAGCAGTTGACACGCCGCCGGGAAAGCCAACATCAGTTCTGGTCGCCCCGTTCATCAGCCATACAGCCACCGCGCCGCTCGTGGTATTGCGCCAGATGATATCCGCATTGCCATCCGCGTCCGTATCACCCACCCCCGCGACCTGCCACGCTGAGGCCACACCACCCAGCGAGTCCTTGGAGAAGGGCACTTCCTTCCCATTCAGCAGCCAGACCGCGACACTGCCATTCGTGTGCCGCCAGACAAGGTCGGCTTTGCCATCCCCATCTAAATCATGCCGCACAGCACTAGATGATGACTCAATCAGCCGGACCGCGCTGCCATACTTACCGAGGAATTCATTGCCAGCGGTTCCGTCCCAACTGATGGTCAGCACCACGATACCATCGCCGCCGGAACTCACCTCGCTCCACCGCGCCACATAGCCATTATCATTGTCCGCCGGTAGGCGAGTGGAGCTATCTCCAGACCCTGAAAAAATCACACCCCCGGCCTCACTAGGATTATCGGAGGCGACTGAACTTGTATTCATTCGGCCAGCCGTTCCGGAAAGAGTCACCAGGGCGGCCCTATTCCACGCGTAATTGTTTCGATGAGCAAAGAAGCTCAGGTCATAGGTCTTAGCAGGATTAAGCCCGCTAAAGGTCAATACGACCGGATCGTTCACATTTGGATCGTTGTAGGAAAGCACACCCTTTCCGCTGACCTTGCCATCAAAGATCGTAAAGGCATCTCCGGTAGTCGGATCTGCCCCTTGAGTAGCCTGGGCAGTACCGTCATATATGCCCCCGGTCACAGTCAGGGTCACACCGGTATCAAGGCCTGTAGTGAAATCCTTCAGTAGACCAGTGCTGGGTAAGCCTGAGCCACCGTTGGGGGAAGTGATCTTTGTGATATTTGTTTCGAGCTGTCCAGTGCCCCAGGCGAGGTCATTGTAGGCCGTAAACCCTGCCGCAGCGGCCATAGACCCCGTCCCCATAGCCAACATAGCTGTCGCTAGTGATCCCGCTACCCACCATGATGTTCGACACGTATTCCTTTTCATAAATCCGCCTTTCTTTTCTCTCCCGGAGTTAGACCATACTAAATAACATCTGTTCAATATTAATATCTCTCCACAAATGATCCTTCCCGGCCAATTGTTTGAACACAACTAAAGAGTATGCATAAGACCGTATGCTACAGCTACATTTTCCCTCTCGAACGTATTAAAATGTTGGGGATAGTAAAGTCTCAAATTATTCGATTTCATAAAACGCTATAAGTGTTCTCCTTGTCACCACCTCCTTTGTGTCTCTACAGAAATTAAGTCGATGGACAATTTCGAAAAATGCAGGATTTTTATCCTAGCTCAATACCGACAAACTACTTGGAAAACTATGAGCATCTTTCTTCCAAATTAGTACAGCAAAACAGCT
NZ_CP116967.1_gap109	4552557	4553057	500	ATACCAAACTTTCCTTACCTAGAAACAATCCGAATTGCGCTACGGTCATTTACCGTTCCACAGATATATTGACATATGCCACAACCCACACATACCGAATCATCTACACGAATGTGATAGGAGGCAAAATCCATCGAAAGTGCCTCCGTAGGACATTTGGACACACATGCATTACAGCCAGCTCCTGCCGTACACATTTTTGGCAAAATTTTCGCCACTCCCATATTTACCTGAAAACGATCCGCAACGGGCAAAAGAGCCTCCGTAGTGCACGCATCAATACAAGGAAGATCTTCACATAATTTGCATGGAGTTTCTCCTGGATAGATAACGGGAGTATCATTACTCAATAACACTTGAATTGCATCGTGAGGACAGACCTCGACGCAATCAGCGCATCCAGTGCAGCGCTCCAAAAATAACTCCTCATCCACAGCCCCTGGGGGACGGAGCCAACCCGGTTTCTCTGGAACAGGCTGCTCTTTTTTTATTGGGGAGGG
