gap_id	start	end	length	sequence
NZ_CP109552.1_gap1	10050	13161	3111	TCGCCTCCTCGGCGCTGAGGATCTTGTCGCGCTCGATGTCCCTGCGGACCTCGTCGGGCGACTTGCCCGAGTGCTTGGCCACGAGATCCTCGAGCAGCGACCTCATACGCAGGATCTCGCGAGCCTGGATCTCGATGTCGCTGCCCTGACCGCCGCCCTCGGTGTAGGGCTGGTGGATCAGGACCCGGGCGTTCGGCAGCGCGAACCGCTTGCCCGGCGTGCCGCCGGCCAGCAGGATCGCGGCGGCCGAGGCCGCCTGCCCCAGGCAGACCGTCTGGATCTCGGGCCGGACGAACTGCATGGTGTCGTAGATCGCCGTCATCGCGGTGAACGAGCCACCGGGCGAGTTGATGTACATGCTGATGTCGCGGTCCGGGTCCAGCGACTCCAGCGTGAGCAGCTGCGCCATCACGTCGTTCGCCGAGGCGTCGTCGATCTGGACTCCGAGGAAGATGATGCGGTCCTCGAACAGCTTGTTGTAGGGGTTCATCTCCTTGACGCCGTACGACGTGCGCTCGACGAAGGAGGGAAGAACGTAGCGGCCGTTGATGTCACCCGGCCGGATCAGCTCACTCATCTCGGAAGCTCCAGTCACGAGACGGCGCCCTCGGAGGGCACCTGGCGGGCGCTGCGCACCACGTGGTCGATGAAGCCGTAGTCCTTGGCCTCCTCGGCCGTGAACCAGCGGTCCCGGTCGGAGTCGCGCTCGATCTGGTCGAGCGGCTGCCCGGTGTGAGAGGCGATCCGCTCCGCGAGCGTCTTCTTCACATAGAGCATCTGCTCGGCCTGGATAGCGATGTCGGCCGCGGTTCCCCCGATGCCGCCCGAGGGCTGGTGCATCATGATGCGGGCGTGTGGGAGCGCGTACCGCTTGCCGCGGGCACCCGCGCAGAGCAGGAACTGCCCCATCGAGGCGGCCAGGCCCATGGCGACGGTGCACACGTTGTTCGGCACATACTCCATCATGTCGTAAATCGCCATGCCCGCGGTCACGGAACCGCCGGGGGAGTTGATGTACATCCAGATGTCGCGGTCGGGGTCATCGGCGGCGAGGAGCAGGAGCTCAGCGCACAGCCGGTTGGCCACCTCGTCGTTCACCTGGGTGCCGAGCACCACGATGCGCTCGCGCAGCAGGCGCTGGTAGAGCTGGTCCTCGAGGCGGGAGGGGCCACCCTCCGGGCTCCGGGCCTCGAAGCCGGAACCACCGGTCGGGAAGAAGGTCGGCGGGCTGGTCACAGCGTCACCTTCCGATGCGTCGTAAACGATTGGCTTTGCTTGTGACCTTAACGCGCGGCGCAGACAGGTCATGCCCTCGCGCCGTACTGTTCGCTGACGGCGCATGCCCCGCTCTCGGTCGGCGAGTGATCGAGCCCCGATCGGCCCCCGCCCGCGTTCTCCGCGCTCGACGCGCCTGACAGCGCGACGACGGGCGCGCCGGACCGCCGGGGCGCCCGGTCTCGTACGGCCGCTCGACGGCACGCCGACCCGGAAATATCTAAAGGGATTTGCCGCGAATATAGCCGGAAACCCTCGTCGCACCCGCGGGCACGACGAGGGTTTCGGCGTTGTCCCGGCCGTGAGGCCGGAGGAATGTCCCGGCCGGTGCGGCCGACGGAACGGTGTGGCCGGAGGAACTCAGCTCTCCCCGGCCTCGCCGGCGGCCGGAGCGTCGGCGGGCTCCTGCGCCTCGTCCACGCCCACGGCCTCCTGCTCGGGGTTGAGCTCGGCGTAGATGGCCTTGAGGTCCACCCCGTTGCCGGCAGTGTCGGTCACCTTGGCCGCGTCGCCGATGAGGGTCTTGGCCTTCTCCCGCACGATCTCCATCATCGCCAGCGGAAGCTGGTTGTTGTCGGCGAGGTGCTGAGCCAGCGTGTTCGGCGCGACACCCATCTGCATGGCGCGGCGGACCACGAAGTCGGTGAGCTCCTGCTCGCTGACGCCGATGTCCTCAGCCTTGACGATCTTGTCGAGCACGAAGCCGGACTTGAGGGCCTTGGCGGCGTTCGCCTCGTACTCGGCGAACAGCTCCTCCTCGGTGGTCTGCTGGAGACGGAGGTACGCCTCGCGGCTCAGCCCACTCTCGGAGATCTGGTGCTCCAGGTTGTGCTTGCGCGCGTCGATCTCGGCGGTGAGCGCGCTCTCCGGCAGCGGGATCCCGATCCTGTCGAGCAGCGCGTCGAGGGCCTTCTCGCGGCTCTGCACGACCTGGTCGACGAGCTTGTTGCGGCGGGCCTGCTCGCGGATGCTGTCCTTCAGCTCGTCGAGCGTGTCGAACTCGCTGGCGAGCTGCGCGAACTCGTCGTCCGGCTCGGGCAGCACCTTCTCCTTCACCGACTTGACCGTGATGATCACGTCGGCCTCCTCGCCGGCGTTCTCACCACCGACCAGCGTGGTGCGGAAGGTCTTGTCCTCGCCGGCCGCCATGCCCTGAAGCGCGTCGTCCAGGCCCTGGAGGACCGAGCCGGCGCCGACCTCGTACGACACGTCGGCGGCCTGCTGCTCCTCCAGGTTGCGGCCGTCGATCTCTGCACGCAGGTCCATCACGACGTAGTCGCCGTTCTGGGCCGGGCGGTCCACCCCGGTCAGGGTGGCGAAGCGCTGGCGCAGGCCGTCCAGCTGGGCGTCGACGTCCTCGTCGCTCACCTCGGCCGGGTCGACCACGATCTCGGCGCCCTCGTAGCCGGGGATGTCGAAGGCGGGACGGACGTCCACCTCGGCGGTGAACTCGACCTGCTCACCATCCTCGATCTTGGTGACCTCGATCTCCGGCTGGCTCACCGGAAAGACCTCGGTCTCGTCGACGGCCTGGCCGTACAGCTTGGGCAGCGCGTCGTTCAGGGTCTCCTCAAGAACCACCGCGCGGCCGAAGCGCTGCTCGATGATCCGGGCCGGCACCTTGCCAGGACGGAAGCCGGGCACGCGCACCTGCTGCGCGACCTTCTTGTAGGCGGCCTGCAGGCTCGGCTCGAGCTCCTTGAACGGCACCTCGACGGTGAGCTTGACCCGAGTAGGGCTGAGCTCCTCGACAGCGGTCTTCACGGGGTGATCTCCTTGGTCCAGCAGCTGGTGATCGCGGGCACGTCGTGCACGGCAACCGCGGCACAGTAACGC
NZ_CP109552.1_gap2	89089	92733	3644	GCGCCGCGCAGCAGGCCCTCGCGGACGAAGCCGGCCTTCTCCGCGACCCGGATCGACGCCAGGTTGCCGGCGTTGGCCCGCAGTTCGACGCGGCGCAGCACCGCGGTTCCCAGCAGGCGGCCGGCGAGCCCCCGCACCGCCTCGGTCGCGTACCCCCGGCGGCGGTACGCGGGGTGCACGCCGTACCCCACCTCGGCGATGCCCGCGCCCCACTGGGCCTTGAACATGCTGATCGATCCGACCACCCCGTCCCTGGCGTGGATCGCCAGGTGGATGCCCTGTCCCGAGCGCCACAGCTCGTGCACGCCGTGCGCCAGCCACTGGCCGATCCCGGTGGCGTGCCCCGGCGCGCCGGGCGGCAGCGCGGTGGTGTGGGCGCCGTCCTCGATGATCGCCCGAACCTGGCCCGCGTCCCCCGGGCCGAACGGCCGCAGGATCAGCCGCTCGGTGTTGATCGTCAGCCGTTCGTCGAACAACGCATCGCTCCATCACATACGGGGATTTTTCGCCCGCCGACGGTTAAGTAGGGCACGTCCTCACCGCTTTCGATGTTTGGGGCAGGCGGTTCGGGTACGAGGCACGACAGTGACCCTAATCGGGAGGTGAGGTCATGAGTATCCAACGCGGCAGCGACAAGCACGGCCGCCGCCTTGACGAACAGCAGAAGCACGAGACGCAGGGCCTCGTGCAGGGCTCCGGGACCAGCCGGGCCGAGGAATGGCGCGAGACCGAGCCGACGCAGCAGCCCGAACAGGACATGTCGCCACCGCGCCGTCAGCCGCCCGGCCGCGAGCCGGGGACGCCGCTCGGCATCACCCCCGCCGACGTGGAGCGCCGCAGCCACCTCGCCACCTGGCTCAGTGACGCGGGCTTCCCCGCCGACCCCGCCAAGCTGCTCGACCACGCCGAGCGCAGAAACGCCCCCGACGCCGTGATCGACGCCGTACGGCGGCTGCCCGAGATGAGGTTCCACAACATCGGGGAGGTGGCGGAGGCCCTCGGGCTCGGAGTGGAACGCCAGCGCTGGTAGGGAGACCCGGTGAGACTCGACTTCATTCGCGGACTGTACGAGCCGGGCGGGCCGTACGCCTCGGTCTACCTGGACACCGACCGGTCGTCCGAGGGAGCGGCCGACGTCGTCCGGCGGCGGTGGGCCCACCTGCGTGAGCTCCTCGCCGCGGAGGGAGCGCCGCCGGAGGCCCTCGATCCCATCGGGGAGCTGATGCTCGATCCCGTCTGGGCGGTGCCCGGTCGCGCGGTCTTCGCGAGGGAGGGCGAGATCGCCCTGACCGAGCCGCTCGCCACCCGGCCGCGCCGCCAGACCGCACGATGGTCGCCGCTCCCCCACGTGGTGCCGCTGCTCGCGCAGCGCGGCGAGCACGTCCCGCACGTCGAGGTACTGGCCGACCGGGCCGGAGGCGACGTCGCCGTCGTGGCCGACGGGCGGCGGCGTGAGATGACGGTGGAGGTGGCGGACCCGGACCGGTCACTCCAGAAGACCGGCCACGGCGGCTGGTCGCAGGCCAACTTCGACCGGGAGGTCGAGGAGGGCTGGCGCCGCAACGCCGTGGCCCTCGCCGAGGTGGTGGAAAAGGAGGCGCACGGCATCGGCGCGGAGGTCGTGGTGCTGGCGGGCGATCCCAAGGCCCGCGCGCTCGTGACCGACTACCTCGCCAAGGACGTCTTACGGCGGCTGACGGTGGCGGAGCACGGCAGCCGCGCCCCAGGCGCCGACCTGGACCACTTTCGGCGGGAGGTCGCAGGGGCCTGCCGGGCCTGGACCGAGCGGCGCTGCGAGGAGCTGCTGAACACGTACGCGGCGGGCAACGCCGTGACGGGCCTGGCGGAGACGGCACGCGCGCTGCGCGACCGGCGGGTGGGCGCGGTGCTGATGCACGACGACCCGTCCTCCACCGCGACGATGTGGATCGGGCCCGAGCCCACCCAGTTGTCCACCGATCCGGCCGAACTGACCGCGTGGGGAGTCGGGGAGCCGGTGCGGGAACGGGCCGACGCGGCCATCGCGCGGGCGGTGGCCGCGACGGACGCCGAGCTGTGGTTCGTCGATCACATCGACTCGCCGGACGGCATCGGCGCCCTGCTCCGCTTCTGACGCCCGCGTCAGGCGACGATCAGCACTTCGAGCGTGCGGGGGCCGTGCACGCCCTCCACCCGGTTCAGCTCGATGTCGCTGGTGGCGGAGGGACCGCTGATCCAGGTCAGGGGCCGGAGGGGGTCCAGCCGGGCGACCGCGTCCGGGACGCCGGCGACGATCTGGCCCGCCCGCACCACGCACAGGTGATAGTCGGGCACCAGCGTCAGCGCCCGCCGCCCCTGACCTGGCCCGGCGTCGAGGACGATCGTCCCGGTCTCCGCGACGGCCACGGCGCAGGTGGTGAGCACGCCGTCCAGGGCGTCGAGATCGGCGGCGGTCCGCGGCGGCTCGTCGGCGACCCGCTCGGCGCGGACGGCGGCCGTCCACGCCGCGGGGAATCCTCCGGGCACGGCGACCCGCCGCGCCCCGCGCTCGGCGAGGGACCGCGCGACGCGCTCCGGCACGCCCGCCTCGTCCACGACGTGGACGACCGCGCGATAGTCCCGGAGCCGTTCCTCGAACAGCCTGATCTCGTCCGGCCTCCCGCCGCGGGTCTCAGGCGGGCTCTCGGGCGGGCTCTCGGGCGGGGTTTCCGACGAGGCCGCGCCCAGGGGCTCGGACGGCGTCCCGGATGGGCCGCGGTAGGCACGCGGGATCTCGACGTCGGGCACGCCGGCGACGGCCCGGCGGACCCGGGCGAGGATCAGGTCGCGGGAGCGGCTCATCGGCGGCCTCCGTCCGTGCGGTCCCACCAGTCACGGAAGGACTCCCGGGGCACCTCGGGCAGGTCCCGGGTGTCCGTCCAGGCCGCCAGTGGCCCGGGCAGGCGCCGGGGCGCGAGTCTCCGCAGCCGTCCCCCGATCCGCTGCATCCGCGCCAGCCGTCCCGACCGCCGCAGCACCCAGCCCGCGGCGGCCATCCCGGCGCGTTCCGGCCAGGGATGCGGTGCGCGGGCGCGCAGGTCGACCAGCACCGACGGGATGTCGATGGCCACCGGGCAGACGTCGTAACAGGCGCCGCACAGCGAGGAGGCGTACGGCAGCGAGCGGTCCAGCTCGGAGCTCATGCCGCGTAGCTGCGGCGTCAGGATCGCCCCGATCGGCCCCGGGTAGACCGACCCGTAGGCGTGGCCGCCCGTCCGCTCGTACACCGGGCAGACGTTGAGGCAGGCCGAGCAGCGGATGCAGCGCAGCGCCTGGCGGCCCACCTCGTCGGCGAGGACGCGGGTGCGGCCGTTGTCGAGCAGCACGAGATGGAACTCCTGGCCCTCCGTCGCGCCCGTCCACATCGAGGTGTAGGGGTTCATCCGCTCGCCCGTCGAGCTGCGGGGCAGGAGCTGCAGGAAGACCTCCAGGTCGCGCCAGGACGGCAGCACCTTCTCTATGCCGACCACGCTGATCAGGGTGGTCGGCAGCGTGAGGCACATCCGCCCGTTGCCCTCCGACTCCAGCACGACCAGGGTGCCGGTCTCCGCGATCGCGAAGTTGGCCCCCGAGATCGCGACCTTCGTCTTCAGGAAGCGCTCGCGCAGGTGCAGCCGGGCCGCCTC
NZ_CP109552.1_gap3	153968	154838	870	CGCGCCTGGCGGGCCTACCTGCGCATGCAGGGGCGTCTCGCGGCTCGGCTCAACCGGGAGCTGCAGGCCGGCTCCGGCCTTTCCCTGGCCGACTACGAGGTCCTCGTGCACCTCACCGACAGCGCCGACGGGCGGCTGCGGCCGTTCGAGCTGGAGCGCGGCCTCCAGTGGGAGCAGAGCCGCCTGTCCCACCACCTGACCCGCATGCAGCGGCGTGGCCTCGTCCGCCGCGAGGAGTGCGCCGAGGACGGCCGGGGCGCGTTCGTCGTGATCAGCGAGGAGGGCCGCCGCGCCATCGCCGCCGCCGCCCCGGGGCACGTGGAGACCGTACGCCGCCTGTTCTTCGACGGGCTCACCCGCGAGCAGGTCGCCGCGCTCGAACGGCTGGCCGCCGCGGTGCTCACCCGCCTCGACCACGACAGCCCCGGCGACGACCGCGACCACGATCTCAGCTGATCAGTCCTTCGGGGAAGACGACGCCGGCGACGCCGGGGACGGTCCGGACGACCATCTCGGCGATGCGGGCCGACCGCTCGTCGCCCGGACCGTACAGCTCGACGACGCCGCTCCGCACGGCCGCGCCGAAGGACGCCGTTTCGGCGCAGTCGCGCAGCGCCGCGAGCACGTCGTCGCGGATCCGCCCGTCCCCCTGGACGAGCAGCCCCATCAGGTCGCGCCGGCTGACGATGCCGACGAGGTCGTCGTCACGCACCACCGGGACGCTCTTCACCCCGGTCGTGATCATCAAATCCAGGAGGTCCATGACGTCGGCCGCGTCGCCCACAGTGGCGACGCGCGGCGTCATGACCTCCTCGACGAGCGCGGGCGGCCTGCCGGTGGGCAGGGCCTCGGGACGCAGGAAGGCCCGGG
NZ_CP109552.1_gap4	175248	179530	4282	GCGGGCCCGGCCCGATCGGCCTGTTCGCGTACGGAGCCGTACGCGGCGGGGTGCCCGTCCCGGACGTCCCGGGGCCGTCGTACCCGCTCGCCCACTGAGCCTCACCCGCCGAGCCTCACCCGCTGAGCGCCGCGTCGGCGGCGGGCCGCCCGCGTACCGGTTCCCGGCCGGTGCGCGGGCGGCTCTTCTCTCTTACGGCCCGGCCCGCGCGCCGATCAGACCGGGTGATCAGACCGGGTGGTCAGACGGGGTGATCAGAACCGGGCGACCATGGCCGGGGTGATCGCGGCGGGCCCGGCGCAGCCGGACAGGGCCAGGGTGAGGTCGGTCTCCGCCAGCACGCAGCGGAGCACGTGCTCCACCCCCGCCTGGCCGTCCAGGCCCAGCCCGTACGCGTACGGCCGGCCCAGCAGCACGGTCCGCGCGCCGAGCGCGAGGGCCTTGACGACGTCGTCCCCGCTGCGGACGCCGCCGTCGAACAGCACGGTGAGCCGGTCGGCGACCGCGTCGGCGACGGCCGGCAGCGCGTCGGCCGCCCCGATCGACCCGTTGACCTGGCGCCCGCCGTGGTTGGACACGACGACCCCGTCCATCCCGGCGTCGGCGGCCAGCCGGGCGTCGTCGGGGTGGAGGATGCCCTTCAGCACGATCGGGCCGTCCCAGTGCTCGCGCAGCAGGGCGAGGTCCGGCCAGGTCTTACCGGGGTCGCCGAACAGCCCGACGAAGTGCATGACGGCGGCGTCCGGGTCCTCGTGCACCGGCCGCGCGAGCCCGGCCTGGAACGCCGGGTCGGTGAAGTAGTTGGCGGTGCCGACGCCGCGCAGGAACGGCAGGTACGCCTGGTCGAGGTCGCGGGGCCGCCAGGCCAGCAGCGGCGTGTCGAGGGTGACGACGAGCACGCTGAACCCCGACGCCCTGGCCCGGGCGAGGAAGCTGAGGGTGACTTCGCGGTCCCGGCCCCAGTAGAGCTGGAACCACCGTTCGCCGTCCCCCATGGCCGCGGCGACCTCCTCCATCGGCGTGCTGGAGGCCGACGACAGCACGAAGGGCACCCCCAGCGCCGCGGCGGCCCGGGCGGCGGCCGGTTCGGCGTCCGGATGCATGATCGACAGCACGCCGATCGGCGCGAGCGCCAGCGGCGCGGGCAGCCTCCGGCCGAGCACGGTCACCGACAGGTCGCGCCCGCGCACGTCGCGCAGCATCCGCGGCACGATGCGCCAGCGGTCCAGCGCCTCGCGGTTGGCCCGCTCGGTGCGCCCGCCGCCCGCGCTGCCGGCCACGTAGCCGACCGGCCCGGGACCCAGGCGCCGCTCGGCCATCTCCTCCAGCCGGGTCAGATCCGTGGGCAGGCGCGGCACGACGCCGGACATGCCGTTGAGGTAGATCTCGTACTGGAAGTCCGCCCAGCTCACCGCGCCTCCATTCCTGCAGATCACTGCCGTACGGCACGCTACCGGAACCGATGCGTCGATAGAGGGACGGAAGGGGTCACTGAGACCACACACGTCCCACAGAAGGCGGTTCTTTACCGTGATTGTGCGGGAGCCCTGCCAAGGAGCGGCCGCGGCAGGGGCACACCCTGGAGAGCGCGTACGCGATCGGCCAAAGGGTGATCATGCCGGGTTACTTAGCTCGAACAGCACAGGCCGACGCCTCGCGGGCCCTGCCCGGGAGGTCGCCCGGTCGCCTGCACCATGTCTTCGAATCCCGTTGCGACCTGACGCCGTCGGCGACGGCCCTGGAGTGCGGGCGGCTGCGCTGGACGTACGCCGCGCTCGACGCGCGGGCGAACCGGCTCGCGCACCTCCTGCGCGACCTGGGGGCCGGATGCGGCTCCCGGGTGGCGATTTTGCTGCCGAGGTCGCCGGACACCTACCTGGCGCTGCTCGCGGTCGGGAAGGCGGGCGCGGCGTTCGTGCCGCTCGACCCGCAGTCGCCTCCTGACCGGGCCGGCTACATCATCGGCGACGCCGGCGCCGACCTCGTGCTCACGACGTCCGCGCGGGCTCCGGACGTCAGGGCGCCGGGCCGCCGCGTGCTCGCCCTCGACGCCTCCGCGGACCTGATCGCGGCGGCCCCCGCCACCCGTCCGGGTCCCGGCCCGCTCGATGACACGGCGGACGACGACCCGGCCGCGTACGTCATGTACACCTCCGGGTCGAGCGGGCGCCCGAAGGGCGTCGAGGTGGCCCAGTCGAGCATCTGCAACTTCCTCGGCGTGGTGCCGGAGCTGTACGACGTGCGGCCGGCCGACCGCGTCTACCAGGGAATGTCCATCTCCTTCGACTTCTCCGTCGAGGAGATCTGGCCGACCTGGGCGGCCGGCGCGGCCCTCGTCGCCGGCCCGGCCGGCTCCCGGCAGCTCGGCGCGGAGCTGGCGGACTTCCTGGACCAGCACAGGATCACGATTTTGTACTGTGTCCCGACACTGCTCGCGACGCTCCCGCGTGACGTGCCGTCCCTGCGCGCGATCCTCGTCGGGGGCGAGCCCTGCCCGGCGCCGCTGGTGGAGCGGTGGAGCCGGCCGGGGCGGCGGATGCTCAACACGTACGGGCCGACCGAGGCGACGGTCACCGCGACCTGCGCCGAACTGCTGCCGGGACGGCAGGTCACCATCGGCAGACCGTTGCCCACCTACACCGTCGTGCTGCTCGACGAACGGCGCGACCCGGTGCCGGACGGCGAGGTCGGCGAGATCTGCATCGGAGGTCCCGGCGTCGCTCGCGGCTACGTCGGCCGTCCCGACCTGACCGCCGACCGCTTCGTCGAGCATCCGCTGGCGCCCCCCGGCGGCAGGTTGTACCGCACGGGGGACCTCGGCCGGCTGACCGCGACCGGGGAGTTCGAATATCTCGGCCGCTCCGACGCCGAGGTGAAGATCCGCGGGCACCGGGTGGACCTGGGCGAGATCGAGAACGTGCTGCTGGAGGACGCCGGCGTCGCCGAGGCCGTGGCCGCCCTGACGCCCGCGCCGGGCGTGGACGGACCGGACGGGGAGCTGGCCGCCTACGTCGTGCCCGCGGACGGCCGGGCCGGCGACGAGGCGCTCACCGGACGGCTGCGCGATCGTCTGAGCCGCCGGCTGCCGGCCTACATGGTGCCGTCGTTCCTGGACGTCGTGGCCGCCCTGCCCACCATGCCGAGCGGCAAGGTGGACCGCGGGCGGCTGCCGCGGCCGACCGGCCGCCGCCTGATCGGCTCCGGGCCGGTGGCGCCCGCCGAGGGCTCACTGGAGACACGACTGCGCGCCGTGTGGGCGGAGGAGTTCGGGCTCGGCCCCGAGTCGCTCTCGGTCGAGGCGGACTTCTTCACCGACCTCGGCGGCCACTCCCTGCTGGCGGCGCGCATCGTGTCACTCCTGCGTACGAGCGAGATCGGCGCGGGGCTCGCGGTGCGCGACCTCTACGCGAACCCGACCGTACGCCGCCTCGCCGCACACCTCTCCTCGCACGGGGGTCTCGGGAGCGTACGCGCACCGGCCTCCCGTACCCGCCCGGGGCCCCTGCGGCACGGCGGCCGGGCGGTCGCGGCCGCCGGGGCCGCGCAGAGCGCGGTCGTCTACCTGCTGCTCCTCATGGTCACGTTGCCGGTCTCCGTCACGCTGTACGCCTGGACCACGCACCACGCGGGCCCGATCCCCGGCGGCCACAGGCCGCAGGAGGGATGGCTGCTCCTCCCGGGAACGGGGACCGACCTGGTCGGCGCGCTGGCGCCGGCCGCGGCGACCGCGTACCTCTGGGTTCGCTGGCTGCTGCCGGTGCTGCTGGTGCGACCTCTGTCGGCCGGCGTCCGGCCGGGCCGTCACCGGCTGTGGGGCGCGACCTACCTGCGGCTGTGGACGACGAACCTGCTGCTGTCCCTCTCTCCGCTGCCGACGCTGAGCGGCTCCCCCATGATGGCCGCCTATCTGCGGCTGCTCGGCGCCGAGGTCGGGCCCGCCACCGCCATCGCGACCGCCGACGTCAACCTCCCGGCGATGCTGCGGATCGGCGAGGGGGCCTCGGTCGGCTACCGGGCCTCGCTGCACGCCTGGCTGGTGGAGGACGGGTGGGTGGTCGTCGCCCCGGTGGAGGTCGGGCCGCACGCGTTCGTCGGGAACGGCGCGGTGCTCGGGCCGGGCGCTCGGGTCGCCGGCCATGCCGCGCTCGGCGACCAGTCGGCCCTGACGCACGGCGAGACGGTGCCGCGCGGAGGGCGCTGGGCCGGGTCGCCGCCGAACCCCGTGGAGTCCCTGGGCCCGGACGTCGAGGCGATGCTGCGCGCCCCCGCCGGCCCCGGGAGC
NZ_CP109552.1_gap5	205780	207245	1465	TCTCAGGATCTTCGCCGCTCTCCGGAACCTTCTCGCCGACAACCCGCCCGATCTCCAGGCCTGGCTCGTCTCCCGGAGACCGACGAGCGAGGTCAAGCTGTTCGCGGAGGCGTTGAGCGACGCCGCCGTTCCACGGGTGTCCGATGCAGGGGTCAGGACGTCCTCGCGCGCGACCCGATCGCCGGACCAGCCCCGGCCCACCGCCAATCCCGGTCAGCGAGTGCTTGTCGAGCGGGCCGTCGTGCCACAGCCGGTGTCACAGCCCGTGCCGTCCCCGGCCTCCGGTGCTGCGCCCGCGAAGGGCGGTACGGACAACGCGTTGCCCGGCGATGCGGGCATCGGCCCGGCCGGTTCCGATCTGCGGTTCGCGCCGCCACCGTCCTTTGCCGGGGCACCGCCGGCTGAGACGCCGTCCGTGGAAGTGCCGGTGCCCTCTGCAGAGGTGCCGTCTGCGGAGCCGATGCCTGCGGAGGAACTGGCCGGGGAGATTCCGGCCGTTCCTCGCCCGCGCAGGCCGCTGTCGCCGGGCGAGGCACTGACACCGGGCGAGGCACTGTCGTCGAGCGAGGCACTGACGGCTCCGCACCTGACGATCGGGGCGGCGAGTTCGGACGACCGGCCGGTACGGATCGCGCTGGACGCCCTGCGCAAGCATGTGGCGATCTTCGCCGGTTCGGGTTCGGGGAAGACCGTCCTGATCCGGCGGCTGGTGGAGGAGTGCGCCCTGCGGGGAGTCTCTTCGGTCGTCCTCGATCCGAACAACGACCTGGCGCGGCTCGGCGACCCCTGGCCCGAGCCGCCCGGCGAGTGGGGCGAGGGCGACGCGGACAGGGCGGCCGACTACCTGGCCGGCACCGACGTGGTCGTCTGGACGCCCCGCAAGGAGCAGGGACGCCCGCTGAGCTTCCAGCCGCTGCCCGACTTCGCGAGCGTGGCGGACGACCCCGACGAGTTCGGCGAGGCGGTGGACGCCGCCCTCGCCGCGCTCGTGCCGCGGGCCAAGGTCGACGGGAGGCCGGCCAGGGCACACCTGGGCCGGGCGGTGCTGCGCGAGGCCGTCGTCCACTACGGACGCCACGGCGGCACGGCGCTCAACGGGCTGGTCGCCCTGCTCGACGACCTGCCGGACGGCGTGAGCCGCCTGGAGGGCGCGGCCAGGCTCGCGACCGAGATGGCCCAGCACCTGCGGGCCGAGATGATCAGCGATCCGCTGTTCGCGGGGAAGGGCGTTCCGGTCGATCCCGAGGTCCTGCTGACGCCGGCGGCGGGGAAACGGGCCCGCGTATCGGTCATCAGCCTCACTGGTCTCACCTCCGACGCACAGCGGCAGAGCTTCGTCAACCAGTTGCAGATGGCGCTGTTCTCCTGGATCAAGCGGCACCCCGCCGGAGACCAGCCGCTCGGCGGGCTCTTCGTGATGGACGAGGCGCAGACCTTCGCGCCGTCCGGGGCGACGACCGCCTGC
NZ_CP109552.1_gap6	208306	209409	1103	GAACACGGCTGTCAGCGCCGCGCAGGCGGAGCCGGCGACGACGACCGTGACGGCCATGCGCAGGCCCGCCGTCCGGCCCATGTCAGCGGCCCTCGGGGATCCGCTGGAACTCGTGCAGGGCACTCACGAAGGCGTCCGGCTTGACCGCCAGACCCCCGCTGAAGGGATGCGCGATGTTCCAGGCCAGATACACGCCGACGCCGAGCAGGACCGCCATGGCCGTGACCGGGATGAGCGCGAAGCCCCGGGGCCTCGCTCCGGCCAGGAACGGGAAGACGATGACGAGGACGCCCGTGACGAGCGTCAGAAGGAGGACTCCCGGCGGCGGCGCCGTCCCCGCGTCCGCCGCGCGCTGCCGCCGGGCGGCGAACAGGTCGGCCATCCGGTCCAGCACCGCGCTCTTGGCGTCGCGGGCCTCGTCCGTCGTCACCGGCAGCCCCGCCACGTAGGCGCGCAGGGACTCCAGCCGGTCCGTCCCCTCCGGGCTGAGCCGCCCGGCCGCCATCAGCGGCCACTCGTCGTCGACGACGTACCGCGCGTACTCCCGCAGCCCCTCGCGTAACCGGTCGGCGTCGGGGACGGGCAGGGGCGCGGCGGCCCAGTAGGTCTCGACGAGTGCCTGCGTCTCCGTGTAGGTGTTCTGCCGCGCCGCGTCGGCCGAGGTCCACGGCACGACGATCGCGATGGCGAACACGAGCAGGAACAGCGAGGAGAGCATCGACCCGGCGTGACCGGCGGAGGCGCCGCCCGGGTCGCGGTCGTCGGTGCCCCGGCCGAGCGTGCGGAAGAGGACGACGGCCACGGCCACCAGGCCGACCGCCGCCACGACGGCGAGTACGCCAGCGAGCATGACACCTCCAATTTGACGATTACTTTAGGTCACATGACTAGCACATGAAGTAACCACAGACCAGCGGTTCCGGATAGAGTCCAGTCATCGCCTGGGGCCGTAACAGAAGAGGGGCGTGCGCCAAAACCCCCGAACAGGCACTAAAGCGTCTCGTTACGGAAAAATCCCGAAATCGGATAGTTGGAGCTTCTTGACGAATTTTGTGCGCCGACAAAAACTTCCTTCGACCTGCGTGTCCGCTCCGGCCGACCCC
NZ_CP109552.1_gap7	269154	273753	4599	CGGCCCGCCGTACGAGGCCGGGGACGACGGCGGCGGGCAGCGCGACCATCACGTGGAGCCCGGCCGTGTCGCCCCGCACGTACGGCCCGAGCGCCTCGACGATGGCTGCCCTGCGCCGGGCGTACTCCAGCCGCATCCTGCGCAGGTGCCGGTCGAGGTCACCACGTTCCAGCAGGGTCGTCACGGCCCGCTGGACCGGCCCCGACGTGCGGTCGGCGACCCGTGCCCGGCGCTCGGCGATCCTGGCGAGCAGATCCGCCGGGGCGACCAGCCAGCCGAGCCCCACGTCGGGGCCGAGCGACTTCGACAGCGTGCCGAGCAGCACCACCCGCTCGGGGTCGAGCCCGTAGAGCGCGGGCAGCGGCGCGACGTCGTAGCGGAACTCGGCGTCGTAGTCGTCCTCCACGACGATCGCGCCGGTCCTGCGGGCCCAGGCGAGCAGCCGCTCCCTGCGGGGGATCGGCAGCCTGCCGCCCAGCGGGAACTGGTGCGCGGGGGTGGTGTAGAGCACCCGCAGGTCGTCGGGGAGCGCCTCGGCGATCACGCCCTGCTCGTCCACCGGGCAGGGCACGACCTCGGCGCCCCGCGAGGCGAACACGCGCCGGGCCGCCCCCCAGCCCGGCTCCTCGACCCCGGCCCGGGTTCCCGGGCCCAGCAGCGTGGCGGCGACCAGGTCGAGGCCGTTGCCGGTGCCCCGGGTCACCATGACGTTCCCCGCGTCCACCGGCACCGCCCGGGCCCTGCGCAGGTGCCCGGCCAGCAGTTCGCGCAGCTCCGGGTGACCGTAGGGGTCGGGAAAGGCGTTCAGCGGCAGGTCGCCGGCGGATCGCCAGGCCCGCCGCCAGGCCGCCCGGTCGTAGCCGGACACCCACGGCCGCCCCGGCCGCAGGTCCACCATGTTCCTGATCACCGGGTCGCCGATCAGCGGGTCCCCGGGAGCGACCGGCGCCGTGGCGTGGTCCGTGGCCTGGTCCGTGGCCTGGTCCGTGGCCTGGTCCGTGGCCTGGTCCGTGGCCTGGTCCGGGGCCCGGTCCGGGGCCGGGTGCTCGTACGGCAGCGCGTCCTCGGCGACGTAGGTGCCCGAGCCGTGCCGCCCCTCCAGCCACCCCTCCGCGTACAGCTGCTGGTAGGCGTCGGTGACGACGGTCCTGCTGACCCCCAGCAGGACCGCGAGCCTCCGGGTGGACGGCAGCCGCTCCCCCGCCTTGAGCCCGCCCGTACGCATGGCCTCCCGCAACTGGGCGGCGACCTGGACGGCGAGCGGCGCGGGCCCGGCGCGGTCCACCGTCACCGGCACATCGATGGTCAGGCGCACAGTGTTCTCCGCAAAAGTGGTCTCCCCGCAGCGGCCAGAAGTGGACATGTTCCACCAGTCCACCCTGGACATAACGTAACGGACATGCTCTCCGCGACCACCCGCACCACCCTGAACCGCGCGAAGGACCGCGCTCGCACCGACCGCGCCGACCTGTACGCCATCCTGGACGCCGGTCTCGTCTGTCACCTCGGCGTGCTGGCCGGCGACTCCCCCATGGTGATCCCCACCGGCTACGGACGGATCGGCGACACCCTCTACCTGCACGGCTCCACCGGGGCCACCTCGCTGCGGGCCGGCTCCGGCGGCCAGGTCTGCGTCACCGTGACCCACCTCGACGGCGTCGTGCTGGCCCGCTCCGCGTTCCACCACTCGGTGAACTACCGCTGCGCCATGGTCTTCGGCACGGCCCGGCTCGTGGACGACCCCGATGAGCGGCTCGCGGGGCTGCGGGCGATCACCGAGCAGCTCGCGCCCGGTCAGTGGGACGTCGTCCGCCCGCCCGACCGCAAGGAGATGGCCGCCACGGCCGTGCTCGCGCTGTCGCTGGAGGAGGCGTCGGTGAAGGTGCGGCAGGGACCGCCGAAGGACGACGAGGAAGACTACGACCTGCCCGTCTGGGCGGGCGTGCTGCCGCTCGCCGTCTCCTGGGGCGTCCCCGAGCCCGACCCGCGCCTCACCCCCGGCATCCCGGTTCCCGAGCACGTCGAAAAGCGGCAGTACTGACACTAAACCTAACTGAATCATGACTTTTCATCGCAATGGAGGGTTCGTCACTAAGCTACGGTCTCGGATTCGGCGGGGGCCCCAGGCGATGAGGAGACCGTTATGTACGGCCAGACGGACGCCTGGCGCGTCCCCGGCTACACCGAGATCAGGGAACTCGGCGTAGGGGGCGGCGGGCGGGTGGTGCTCGCCCGGCACGATGCCGACGACATCCCCGTGGCGATCAAGTACCTGTCCGACCAGCTGATGACGGACCTCCACTTCGTCGCGCGGTTCCGGCACGAGGCCCGGCTGCTCGCGGCGATGGATCCCAACCCGCACGCGGCCCGTTTCTACGAGTACGCCGAGACCGCCCGCGGCGCGGCCATCGTCATGGAACTGGTCGACGGCGTCTCGCTCCGCGCGATGCTGCGCTCGGAGGGGCCCACCGGCCCCGAGGCCGCGCTCACCGTGCTGAAGGGCTCGCTGCTCGGCCTGGCCGCGGCGCACGAGATCGGGGTCGTTCACCGGGACTACAAGCCCGAGAACGTCATGGTCGAGGCCGACGGCAACAGCAAGCTCGTCGACTTCGGCATCGCCGTCCAGGCCGGGGAGGGCGTGAGCGCCTCCGGCACCCCGCCGTACATGCCGCCGGAACAGTGGTCCGGCGGCAGGGCGGGCCCGGCCGGCGACGTCTACGCGGCCACCGTCGTGTTCTTCGAGTGCCTCACCGGCAGCCGGCCGTTCCGCGCCCAGAACATCGCCGCGCTGGCCCGCCAGCACCAGGCCACCCCTCCGCCGGTCGACGAGGTGCCGCCGCCGCTGCGCGGGCTCGTGGAGCGCGGCATGGCCAAGCGGCCCGAGGACCGGTACGCCTCCGCCGAGGAGTTCCTGCGGGAGCTGGAGACGGTCTCCACCGACGCGTACGGCCCGGCCTGGGAGGAGAGGGGACGACGGCGGCTCGCGGCGCTCGCCGGGCTGCTGGTGCCGTTCTTCCCCCTCAAGAAGGACGTTCCCGAAGCGGGCACGGCCCTGGCCGAGACCCGGCTGGGCGGCCTGCTGGGCCAGGCCCGGATCAAGATCGGCCTGACCCTGGCCGGCATGGTCGTGATCGCGGCCGGCACCGTGGCGCTGGTGCAGACCGTCAGCGGGACCACCCTGCAGGCGGGCACGTCGATCGAGACGCCGAGCCCCCTCGGGATCGACTCCTCGTCGCCCGGCGACGCTCCGACGGAGGAGCCGGAGGACTCGGACGACTCGGAGCCCTCCCCCGCGCCCTCGCCTGCCTCCACCAGCCCGAAGCCGGTCGCCTCGCCGACGCCGGTCGTGCGGCCCACCGCGACCGGCCGGCCGAACGTGAACCCCACCCTGAACCCCACCGTGAACCCCACACTCAGACCGACGCGCAGGCCGACCGTGAAACCGACGGTCAAGCCCACCGTACGGCCCACTGCCCGGCCCACGACGCGGCCGAAGCCCTCGGCGAAGCCCACCTCGCAGCCCGACCCCACGGTCACCGCGACGATAGACCCGCAGCCCACGACGCGGCCCACCCCCGCGCCGACCGCCACCCGCACCACCGCGCCGCCCACGACGCGGCCCACCCCGACCGTGAGCGAGCCCGGCGGCAGTTCGCCGCCGCAGGAGGTTCCCCGGTGACGACCGGCCTCGTTCCCGCCACACTTGCCGTGGAGCGTACGCGCGGACGGCACCGGAGGCGGCACAGATGCGAGAAGGCGTGACGGTCGCGGGACACCGGCTCACCGGCCGCACCCGGGCCGGAGAGGCAGGCGTCTGGACGGACGCGGTCTCCCCCGGCGGCAGGCCGTCCGGCGTGCTGAGGTTCGATCCCGCGGCGGCGGCCCGGGCGAGGGAACGGCTGGTCGCGACGGTCACCGACGACCTGCGCCTCCAGCGCGGCGGGGCCGCGGGGCTGCTGCCCGTCGTCGACCTGGTGGCCGCGCGCGACGAGCTGTGGCTGATTACCGGCCGGGCGACGCCGGTCCTCGACGAACTGCTGCGGTGGAACGGCCTGCATCTCGACGCCGGCAGCGTGGCGGCCGTCCTCCTGGAGACGGCGCAGACGCTCGCCTCCGTACACGCCTCCGGGCTGACGCACGGCGCGTTCGGCGCCGGAACGGTCGTCGTCACCGAGGACGGCGCGGCGCTGCTCGCCGAGCGCGGCCTGGTGGCGGCGCTCCGCGGCGAGCACGTGCCGCCGGAGCGCGACGTCGCGGCCTGGGTGACGCTCGCCCGGCAGCTCGCCGCAGGGTGGGTGAACGGGCCCGAGGCGGAGCTGCTGCACCGGGCGATCACCGCCGCCACGGCCCACGGGCTGGCCGCCGCCCGCGACACCCTGCTCGCCGGGCGCGACGGGCTGCCGCCCGGGTTCATGGCGCGTGACCGGCTCGCCCAGGCCGCGCGCGACTTCCCCGGCCCTGCGCCCGGCCCTGTTCCCGGCCCTGCTTCCGGCCCTGCGCCGGTATATGTGCCGGTATCTGGGCCGGTCGTGCCCGCCGCGGGTGAGGCGGTGACCCTGCTCGACCTGCCCTCCGACCCGCCCCCCGGTCTGCCCCCCG
NZ_CP109552.1_gap8	276159	279238	3079	AGGGCGCGGAGGACTCGAAAATACCGCTACACTTTCTTCGTACGCCGCGAGCGGCGGACATGGTGGGTGTAGCTCAGCTGGCAGAGCGCCAGGTTGTGGTCCTGGATGTCGTGGGTTCAAGTCCCATCACTCACCCCAGCAACGAACGGCCGGTCCTCACGGACCGGCCGTTCGTGTTTCAGGGACCCGTGTTTCAGGGACCCGTGTTTCAGGGACCCGTGTTTCAGGGACCCGTGTTTCAGGCAGGTAGCGACGCGAGCAGCGCTGACGCGGGCAAGTCAGCCCTCTTTGCCCCATTGGTGGACATTGCGGGTTATGCTGCCTGACAACCGCCGCGCGGGGGCCCCGGCGATCTCTGACGTCTTCGACGGAGGCCGGATGAGAGGCGACGACCACACCGCCCTTGGGTTGAGTAAGCGGGAAAGCGAGGTCATGGAGCTGATCGCCACAGGTCACTCCAATGGCGAGATCGCCCAGCGGCTGTTCCTGAGCGAGAAGACCGTGAAGAACCACGTGAACCGCATCTACGCCAAGCTTGGCGTGGAGTCGCGGGGCAGGGCCATCTGCCGCTGGCGCGGCGAGGCGGACCCGCCCGGGGAGAGAGCCGAGCAGTCCTCAGAAGCCCGGTCCTCAGACAACCCGTGCTCAGACAACCCGTGCTCAGACGCCGGTGAGGCAGGCGCGGAGACCGGCGAGGCCGTGCTCAAGCTCGTCGGGCTGGACGGACAGGGCAGGGCGTAGCCGCACCGACTGCTCGCCGCAGCGCAGGACCAGAATCGCCCGCTCCTCCCGCAGCCGGGTGACCAGCCCGCCGGGGTCGGGGACGTCGAAGGCGCACATGAGCCCGCGGCCCCGCGCGTTGGCGACCAGTCCGTCGGACTCCAGGCCCCGCAGGGCGCCCAGCAGCTTCTCGCCCAGGATGGCCGCCCTCGGAATCAGCCCGTCCCGCTCGATGATCTCCAGCATCCGGCGGGACCGCACCATGTCGACCAGTCCGCCTCCCCAGGTGGAGTTGATCCTGCCGCTCACCCGGAACACGTTGTCCGGCACCAGGTCCACTCTGCGGCCCGCCATGATGCCGCCGACCTGCACCTTCTTCGCGAAAGCCACGATGTCGGGGGCCAACCCGAGCTGCTGGTACGCCCAGGGCGTGCCGGTGAGACCCACCCCGGTCTGCACCTCGTCCAGCACGAACAGCGCGTCGTACTCGTGACACAGGTCCTGCATCGCCCGCAGGAACTCGGGACGCATGTGGTTGTCGCCCCCTTCGCCCTGGATCGGCTCGGCGATGAAGCAGGCGATGTCATGGCGGAACCTCTCGAACGCCTCCTTCGCCTGCGCCAGCGCCCGTTCCTCGGCGCGTTCGACGTTCCCGAGGTGGATCGCCGGGACGTCGACGCGCGGCCAGTAGAACCGGGGGAACCGGTCGGTCTTGACGGCGTCGGTGTTGGTGAGCGAGAGCGCGTAGCCGCCGCGGCCGTGGAAGGCCCGGGTCAGGTGGAGGACCCGGGTGCCGAGGCCCGGATGGCGGCCGTGGGCTTCATTCCAGCGGCTCTTCCAGTCGAAGGCGCACTTGAGGGCGTTCTCCACGGCCGCCGAGCCGCCCTCGACGAAGAACAGGTGCGGCAGTTCCGGATCGCCGAGCACCCGCCGGAACGTCTCGGCGAACTCGGCGAGATGCACGGTGTAGATGTCGGAGTTGGCGGGCTTGTTGGCCGCCACCCGGCCGAGCAGTGCGACGAACTCGGGCTCGCCGGCGAAGGGGTTGACCCCGAGCGGCGACGAGGCGAAGAACGTGTAGAAGTCCAGGTACCTCCGCCCGTCGCGGGCGTCGACCAGCCAGGAGCCCGCGCTCCGGTCCAGGTCGAGCACCAGCCGGAAACCGTCGACGAGCAGGTGCCGTGCGAGGGCGTCGTGCACAGCGCTGGGGTCCATGTCGCCTCCGCGTCAGGCTGGGAAACGAGATGATTCCCTCACACTGGGTCATCTATGTGAATGGTTTCCGCCTTAATACCATCCAGGAAGGATATTTTTCCGACCACAGACCCACCCATCCCAGGGATGACGAAACGGACGTGTTTGTGTACGTTTGCTTCAGATTCGGTGGTTGAAACCGAGTTCGGCAATCTTTTCTGAGGCAGGGAACATGATCGACCGTACTCGCCTGGCCCGGCTGCTCGACCGCGAGCGCCGCCTCTTCCGGGAGCGGAACCCGCGCTCGGCCGTCGCGTACGAGCAGGCGAGGGGGCATCTCTTCGGCGGCGTGCCGATGACGTGGATGAACAAGACGGCCGGCGGCTTCCCGCTGTACCTGGCTGAGGCCCACGGCGCCCGCGTCACCGACCTCGACGGCCACGAGTACGTCGATCTCTGCCTCGGCGACACGGGCGCGATGGCCGGGCACTCCCCGCAGGCGACCGTGGAGGCGGTCGCCGACCGGTTCGGCCGCCGGGGCGGCGCCACCGTGATGATGCCGACCGAGGACGCCGCCTGGGTCGGCGCCGAGCTCGGCCGCCGGTTCGGCGTGCCGTACTGGAGCTTCTCGCTGACCGCCACCGACGCCAACCGGTGGGCGATCCGGCTGGCCCGGGCGATCACCGGCAGGCCGAAGATCCTGGTGAACAGTTACTGTTACCACGGCAGCGTGGACGAGGTACTGATCGTGGTCGGCCCGGACGGCCGGCAGGTGTCCCGTGAGGGCAACGTCGGCGCGCCGGTCGACCCTACGGTGACCTCCCGCGTCGTGGAGTTCAACGACCTGCCCGCGCTCGAGCGCGAACTGGCCTACGGCGACGTCGCGGCGGTCCTGATGGAGCCCGCCCTGACCAACATCGGGATCGTGCTGCCCGAGCCGGGCTACCTGGAGGGCGTGCGCGAGCTGACCCGGCGGTACGGCAGCCTGCTGATCAACGACGAGACCCACACGTTCTCGGCCGGGCCCGGCGGCTGCACGAAGGCCTGGAACCTGCGTCCCGACATCGTGACGATCGGCAAGGCCGTCGGCGGCGGCATCCCGAGCGGCGGGTACGGCCTGTCGGCCGAGGTCGTCGCCCGGATCGAGGCCATGGACGGGCTCGAC
NZ_CP109552.1_gap9	385723	390032	4309	CACGGTGACGGGCCACGTGTCCGGGCGGGACAGATCGACCACCCGGAGGCGTGTGCGCTGAAGCTATGGCGATCGGCCGGAAGGCCGTCGTGAGTCAGACGTGGGATCCGAAGCGTCCTGGGCCGGAGATCCGGGCGGGGTCGCCCACCGTGATCTCCTCCCCAAGTCCAATCCAGCCACCGGTCGGCGGCAACAAATAGGACACTACAGGACGAGTCAGGACGTAGCAAAGTAAATCGGGCATACGGCGCGGAAGATCTACCTGTCCGCTTGTTTAGCCGGGCGGCAACGTCGGCGGCGCCGGGCATTCCGCGCGATCCGCCGCAGGCGCTCCTTCATGAAAGTAAAACGCCGCGGCCCCCGCTCGGCGAGGCGCGGCCGTCGCGAGACGGAGGAGAGGAAGAGCGCAGCGGCCCACGAGTCGGCGGTCAAGAAGGGGCAGGCGACCGACCGGCCACACGGCAGGCGGTCGGACGGATGCGCAGGTGAGGCGGCCGGCAGAGCGGGCGCGGCGGAGGCGAGCGTGGAGGGGCGGCCGTCCGAACAAGGAACTGCCTCGGCAGGGAGCGGCCTTTCGAACAGGGGCCTTCCGAACAGGGGGCCTTCCGAACAGGGGGCCTTCCGAACAGGGGGCCTTCCGCCGGACCGGCCGGGCCGGAACATGCCGGAGCCGGGCAGTCCCCCAACTGCCCGGCTCCGGATCAAAGCGGTTCCGCCAGGAATGCCCTCCCCAAAGGCACCGGCGGGTCCCCCGCTTTCCGGACGCGGTTCCCCCATCCGCGCCCTTATCGAAAAAGTCTGTCGCCCTCTCCCGAGGACCTGCTTCAACAGTACAAGCCCGCTTGCCATGAAGTCGTCATACGCAGGTCGGCTTTCGGCCTGCATACGGGCGGGGCCCCGCCCGCACCCGTGCTAGTCGCCGAGCACCAGCCTGACCTCGGTGCCCCGCTGCAGGGACCGGCTCACTGTGCAGTGCCGTTCGTGGACCCGTCCGGCGACGGCCTCGAAGACCTCCCCCGAGTCCCCCGGCGGCAGTTCCACGTCGTACGTCACGGTAACGGACCGCAGCAGGGTCGGGCTCTCCTTTTCCGCCGAGACCTCCACGGCGAGCCGAGCGAGCCGGTGGCCGCGCGTGGCGGTGAGCGGCTCGACGGTCATGACGTTGCACCCGCCCACGGCCGCCAGCAGCAGCTCCACTGGGCTGAACAGCCCGTCACCGGAGCCCATCACGATCTCCGCGCCGCTCTCGTTGCGAGCGACGAAGCCGTCCTCGGTCCGCTCGACGCGTACAGAGCCCATGGCTTCAGCCTACTGGCAGAGCCAGCCGGACGAGCGTGCCTCCGCCGGGAGCGGGACCGGCGGAGACGCTGCCGCCGTGGCTGTCCACCACCTGTCCCACGATCGCCAGCCCCAGCCCCGAGCCGGGCAGCGCCCGCGCCGAGGGCGCCCGGTAGAAGCGGTCGAAGACGTGCGGCAGGTCGTCCGCCGAGATGCCGGGGCCGTGGTCGCGGACGGTCAGCACGCCGTCCCGCAGGGACACCTCGACCTCTCCGCCCCCGGGGCTGTACTTCGCCGCGTTGTCGAGCAGGTTGCCGACGGCCCGGGCGAGCCGGTCGGGCACGCCGCGAACCACCGCGGGCTCGACCGACACCGAGTAGGCGGTCGCGGGCCAGTGCCTGGCCGCCCGGGCGACCTCCCGGGAGACCAGCTCGTCGAAGCGCACCTGCTCCACGAGTACGGCCGGCTCCTCGTCGCGGGCCAGTTCGACCACGTCCGCGACCAGCGCGGTGAGCTCCTCGAGCCCGCTCATCACGGCCCTGCTCGCCTCGTCGCGGTCCTCCTGGGGCAGGTTGCCCCTGATCAGCAGCTCCACGTTGGTCCGTACGGCGGTGAGCGGCGTGCGCAGCTCGTGGGAGGCATCGGCGACCAGGCGTTTCTGCGACTTCGCGGACCGTTCGAGGGCGTCGAGCATGGCGTTGAAGCTCCGGGCGAGACTGCTCAGCTCGTCGTCCCCGGACACCTGGATGCGGGTGGTGAGATCCCTGGTCGTGGCGACCCGTCCCGCGGCGTCCTTGAGCGCGTTCACCGGCCGCAGCGCGGCTCGGGCGGCCAGCCAGCCGAGCGCCCCCGACAGCACCAGCCCGCCCACCGCCACGGCGACGAAGGGCCAGCCCAGGTCGTCGACGTCCGCGAGGGCGGCCAGCACGCCGCGGGGAGGCGGGTCGCCATAGCCCTCGTACGTCCCGTAGTGGTCCCTCGCCCACTCGACCCGGCGGCAGGTGATGAAGTACGCGGTCACGATGACGACGATCACGCTGACCGCGGCGGCCAGCGCCGAGGCCATCGCGAGCCGCCAGCGGAGCTTCACCGCTCCTCCCCCACCGGCTCCGCTACCCGCTCCCCCACCGGCTCCCTGAGCGCGTACCCCAGGCCGTGCACGGTGTGGATCAGCCGGGGCTCGCCCCCCGCCTCGGTCTTCCTGCGGAGGTAGCGGATGTAGACCTCCAGGGGGTTGGAGCCGGGCCGGAAGCCGTAGCCCCAGATGCGTTCGTGGATGACCTGCCGGGTGAGCACCTGGCCGCCGTTGCGGATCAGCAGGTCGAGCAGGGCGTACTCGGTCCTGGTCAGGTCGATCAGCCGGCGTCCGCGCCGGGCCTGCCTGCTGTCCGGCAGCAGGACGAGGCCGGCGAAACCCGCCTCGGTCGACGGCGCGGCGCGGCGCAGCAGCGCCCGCACCCGGGCGAACAGCTCCTCCAGCGCGAACGGCTTGACCAGGTAGTCGTCGGCGCCCGCGTCGAGCCCGGCGACCTTGTCGCCGATCCCGTCCAGCGCGGTCAGCATGAGGACCGGCAGCCGGTTGCCGTCGTCCCGCAGCGCCCGGCAGACCTCGATGCCGTCCATCCCCGGCATCAGGACGTCGAGCACCATCAGGTCCGGCGCCGAGCCGCCGATCACGTCGAGGGCGTCGAGACCGTCTCCCGCGGTCGCCACGCCGTACCCCTCGACCCGCAGGGCCCGCGCGATCGCGTCGCGGACCTCCGGCTCGTCGTCGACCACCAGCACCTGTGTCTTGACCACGCCGTCATTGTGACGTGGGGAGATGAGAGGGTGCTGAGCAGGGCCAGCGGGCGCTCAGGCGTCGGGGTGTCTGGACAGGTAGTCGACGTAGACCGGCCGGAGCGCGTCGCCGAGCTCTCCCTCGCCCGCCGCCATGGCATCGCTGAGCAGCGCCGACACCCTGCTGAGGTCGTTCGCGGTCTCGTCGGTGTTCCCGCTGGCCGCCTCGGCCGCCGGGATGACCTTCAGCAGATCCCACAGGAACCCCAGGTCACCGTGCCGTACGGCGTAGTGCACGGCCCGGTCGTGCAGTTCCTTCGCGGACAGCGACTCCAGCTCTTCCACGTCCATTCGATCTCACCTCCAGTGGAGGTTTCCCCGATGTTTGCCGCTTATACCCGGCGCCGGGAGAAAGCCGTGCCGGGGAGCCGCGCCCGCCGCGCCCCGTTTAGGGCGGGGGACCGGGGCGTACGGCTCCGGTCGTTCCCCGGACACGGAAATCGCGCACTCTTTGCCGCACCATGGAAGGATCGTGGACGTGAAGGTCATACTCAAGATCGTTGTGGTGGCCGCGGCCCTGTGGGCGTCCACCAAGCTGGTGGACGGCATCACCGTGAGCACCGGCTCCACCGCCAGGCAGATCGGCACCCTCTTCGCGGTCGCGCTGATCTTCGGCCTCGTGAACGCCGTCATAAAGCCGGTCATCAAGACCATCGGATGCGCGTTCTACGTGCTCACGCTGGGCCTGTTCGCCCTCGTGGTGAACGCCGCGCTCCTGCTGCTGACGAGCTGGCTCGCCGAGCAGCTCCACCTTCCCTTCCACGTCAGCGGATTCGTCGCCGCGTTCTGGGGCGCCATCGTCGTGGGCGTGATCAGCTGGGTCCTCAACATGCTCCTCGGCGACGACTGAGCGCGCGGCGGCCGTTGCGCGGCGGCGCGTCATTTCCAGACGGGTGCGGGCCGGGCGGCGAGCACGCCGGCGGCCAGTTGGACGACGCAGACGCCCAGCCCGGCGAGCAGGGGCACGGTCCAGCCGCCCGACACCTCGTGGAGCACGCCGAACGCGAACGGCCCGAGCGCGGCGAGCAGGTAGCCGCCCGTCTGGGCGACCGCCGACAACGCCGTCACCGAGGCCGGATCGGGCGCCCGCACGGTGATGACGAGCAGGGCGAGCGCGATCGCGGCGCCCTGCCCCAGCCCCAGGACGACCATCCACAGCCAGGGAGCCGTGGTGGGCGCGAGCAGCACTCCG
NZ_CP109552.1_gap10	427757	428291	534	CGGTGCGGGGCTGCCGAGCAGCTCGGAGACGGTCACGTACGTGAAGCCCTTGCGGTCGAGTTCGTCGAGCAGATGGGGCAGCGCCTGCACGGTGGTGGGGTGGATGTCGTGCATGAGCACGATGTCGCCCGGCTTGGCGGCGGCGCTGCGCTGGGCGATCACCGTCGGATTGCGGTTGAGCCAGTCGAGGGTGTCGACCGCCCACAGGATCTGCGAGAGTCCCTCCTGCTTCGACTCCTCCTCCACCGACTTGTTCGTCGCGCCGTACGGCGGGCGCATGAGCCGCATCCGCACACCGGTGATCTTGAATACGGCCTCCTGGGTCCGCTCCAGCTCCCGCCGCATGGCCTCGGTCGAGAGGCCGGAGAGCGAGGCGTGGTCCCAGGTGTGGTTGCCGAGCTCGTGCCCCTCGGAGGCCATGCGGCGGACGAAGTCCCGGGTCTCCCCCGTGATCATCTGGCCGAGCATGAAGAACGTGGCCCGGGCGTGATGCGCGGCGAGCAGGTCGAGCACGTGCCCGGTGTACTCGGCGGG
NZ_CP109552.1_gap11	449013	450576	1563	CCTCGGCCAGGCTCTCCAGGACGATCACCAGCCCGGCCGCGCCGGCGTCGACCACGCCGTTGCGGGACAGCACGTCGAGCTGCCCGGTCGTGCGGCGCAGCGCCCGCCGCGCCTCCTCCGCCGCGAGGCGGGCCACCGCGGCCAGGTCGTCCGGCGCGTCCCGTACGGCCCGCGCGGCGGCGGACAGCACGGTGAGCAGGGTGCCCTCAACCGGCCTGGCCACCGCCGCCCTGGCCGTCTCGGCCGCCCTCGCGAGGCCGGCGCGCAGGTCGGCGCCGTCGCCCCGGGCCGGGCCGAGCGTGTCGGCGAGGCCCTTGAGCGCCTGGCTGACGATCACGCCGGAGTTGCCCCGCGCGCCGAGCAGCGCCCCGCGGGCCAGCGCCGCCCAGGTGGCGCCGGCGTCCGCGCCGACGGGAAGAACGTCCAGCGCGTCGGCCGCGGACAAGAGCGTGAGGTGCAGGTTCGTCCCGGTGTCCCCGTCCGGCACGGGGAAGACGTTGAGCGCGTCGATCTCCGCCCTGGCCCGGCCGAGTGACGTGGCGCAGTGCCGGGACCAGCGCCGTACGGCGGGGGGATCGAGCTCCTTGAGCATCCGCCGTCCTTCCTTCCGCGCGCTCCGGCCCCGCGATGCGCTACCGTTGGCGGGTACGAGACTATCCCCGTTCGCCGGGCTCCCGTTTGGCGTGGACCGGCGCACATCGGATATCCTCGTGTGGCCAGCCGGTTGTCCCGGCATTGCTCGGATGAGCCGCTGCACCGGCGCCGGGCCGATCGACTGATTCAAAGGAGCGATTACCGTGGCTTCCGTCTGCGACGTCTGCGCCAAGAAGCCGATTTTCGGCAACAACATCTCCCACTCGCACCGCCGCACCCGCCGCCGCTGGAACCCCAACATCCAGACCGTGCGCGCGGTGGTCAACGGGACGCCGAAGCGGATGAACGTCTGCACCTCCTGCATCAAGGCGGGCAAGGTCACCCGCTGACCTGCTGACGATCCCGCCGGAGCCCGTCACCCATGCCGGTGGCGGGCTTTCGCGTGCCCGCACACCCGATGCGGGCTAACGTGGATCATGTGAGCATTCCCCTCAGCGTAGGCGCGTCCACCGGTCAGAAGACAGCGGCGACGGTGGCGGCGGCCGTGTTCCTCGTGATCTCCGGCGTGGGCGCGCGCGTGTTCCTCAAGGTGGCGGACGAGGTCTTCGCCGGCCCCGATCCCCTCAACGCGGCCGACGGGGCGAGCCCGGGTTTCGTCATGCCGGTCGTGGCGTTGATCGCGCTCGCCGCCGTGGGGACGATCGCGACCGTCCTGTTGCGCACGATCAGGTACGGCGCCCGCCTGACCGGTTCCGTACTCGACGTGCAGGGCGCGTTCACGAGCGGCAGCGCCGACCTCGCGACCGCGGACGTGTGGCTGGACTCCGAGCCCGAGTACGAGCGGAGACCGGGTGGCGAGGGGAGGCGGCACACCGGGCGGCGGATTCCCCTGCTGGTCGCCCAGGGCCCCTCGGGCCCCCGGATCAAGCTGCGCCTTCGCGATATGAACGGCGCCCTGCTGCCTCCGCG
NZ_CP109552.1_gap12	522451	524429	1978	GGCGAGTGGAGCGCCTTCGTCGCCGGGGTGAAGGGCGGCGAGTTCGACATCTGACCGCTGAGCGGATCGGACCCATCGCGATGGCGGGTCCGACGCCCTTGCCTGTCAAGGGGGCAAGTTCACGTGGTCGTGAAACGGCAGCGTAGGGCGCGCAGCGCGACGCGGGCAGATCGGGTACTCAGGAGCAACGCGATGAGTACGGCGCGGAGCGCGTGCTGACGCTGGTAGGCGGTCAGTAGCCGATTCGGCACCCCGTGCGGGGTCAGGTGCTGCGCCCACAGATGGTGACGATAGGCACCTGCATCGGTCGGGGTATGCCGACGGCGCCGGCGGACGCTGACTGGCGAGGTCGTCGCCGCCACCCTGCTCAACCTGGCTGTGCTCAGGACGAGGGATACGACAGCGTGCCGGCCCGGACCATGGCCCAACTGCCGGGCCCGCGGCCGCCGGGCGAACGAGATTCCTATCTGGTGGCCGAGCAGGTGCTGTGTGACCGGCTGGCCGGCGCGCTCGGGCCTGGCATGCTGAACCTGGCCGATCGTAACTTCTTCTCCATGGCCCGCCGGATCGCCTTTTCCGCGACCGGTGCACAGCTGATCTGGCGGGTCAAGAACGGGAAGAAATCGGTCCCAGGGAAGATCATGCGGCGGCTGGGCGATGGGTCCTACCTGGTACGGCTGCGTGAGTCCGATGGCATGGTGTACCGGCGGCGCAGGCAGCACGGTGACCTGAGACTGCCTCGGTTGCCCGACACGACCGCCCGGCTGGTCGAATTCGACCTGGTCGCCGAGGAGCGATCGGGAAAGACGAGTACCAGCCGGTTGCGGCTGCTGACCACCCTGCTGGATATCGAGGTGGCCCCCGCTGATCAGATCGCCGCCGGGTACGCCGAACGCTGGCAGGCGGAACCCGCTTACTACCAGCTGAAATGCTCTCTGCGCGGGACCGCGCTGTGGCCCCAACTATTCCCGGCGCGGGGGTGTTCGTCGCCGACCGGTGTGGAAGAATTAATACAGGTTTTCGAATCGCTTGAGGAGGGGTGATGGATCTGTTCGACATTGATCCTCAGTGCCCCCCTTGTTCGAACGGTGATGACGACTGGTGGGATCGGCTCACCGCTAACTCACCCCTTTGGTCTTCCGAGGATTCGCTCGCCCGCGAATATGTACCGATTGTCGATCCCGATGCGCGGAAGCGCGCTCGCCGGTTCGACGACTCGGCGAAGTCGCCCGGATCTGCTCGTCCATCCACGATTCGTGGTGATACCGCGTCCGGTGCTGGATCCACCCACGATGCGACCGCGAGCGATGCTTCTCCTGGTGCCGGGGATGCCGGCAGCGGCACTCACGCTGGCGCTCCCGTCAAGACGTCCGGTGGCGATTCCGGTGGCGATTCCGGTGGCGATTCCGGTGCTGCGTCCGACGGCACCTCTGACACTGGCCAGGGGGATGCAGGCCGGGTCGACGATGCAGGCCGGATTCGGGATGCCAAGGGCGCGTCCGGAGATGCTTTCGGCGGTGCTTGCAGTGGTGCTTCCGGCTCGGGGTCGCCGTCGTGGGTGGTGGTGGCGGCTGTTGTCGAGGCGGCTCGGGTGGTGGCGTTGGTGCCGGTGCCCGGGGACGCGGGTGTGTGTCTGGCCGAGGCGGAGGAGTTGCTTGCGGTCCGTGATCGGATCACGTCGGCGCTGGCGGCCCGGGTGGGTCGTGTCCACCGGGCCGGGGAGGCGAAGAACCACGGCCATGCGTCCACCAAGTTGTGGCTGCGGTCTGCCGGGGGGATGACCCCTGCGGGAGCGGGCCGGTTGGTGACGATGAGCACGGAGCTGGATCGTCTGCCGCAGGTGCGTGAGCGGTTCGCTGAGGGCAGTTTGCCCGAGGGGGTCGTGGAGGCGATCTGCACCGCCACTTCCGGGTTGACCGACGACCAGGCCACCACCGCTGAGCGGATTCTGCTGGAGTTGGCGAACTCGGCGGGTGCG
NZ_CP109552.1_gap13	671644	675251	3607	GCTCCACCTCACGGTATCGCAACCCTCTGTACCGGCCATTGTAGCATGTTTGCAGCCCAAGACATAAGGGGCATGATGACTTGACGTCATCCCCACCTTCCTCCGAGTTGACCCCGGCAGTCTCCCATGAGTCCCCACCACCCCAAAGGGCGTGCTGGCAACATGGAACAAGGGTTGCGCTCGTTGCGGGACTTAACCCAACATCTCACGACACGAGCTGACGACAGCCATGCACCACCTGTACACCAGTCCAAAGGAGGCACCCATCTCTGAGTGTTTCCGGTGTATGTCAAACCTTGGTAAGGTTCTTCGCGTTGCGTCGAATTAAGCAACATGCTCCGCCGCTTGTGCGGGCCCCCGTCAATTCCTTTGAGTTTTAGCCTTGCGGCCGTACTCCCCAGGCGGGGCGCTTAATGCGTTAGCTACGGCGCAGAAGTCGTGGAAGACCCCCACACCTAGCGCCCAACGTTTACAGCGTGGACTACCAGGGTATCTAATCCTGTTCGCTCCCCACGCTTTCGCTCCTCAGCGTCAGAACTGGCCCAGCAAGCCGCCTTCGCCACCGGTGTTCCTCCTGATATCTGCGCATTTCACCGCTACACCAGGAATTCCGCTTGCCCCTACCAGCCTCTAGCCTGCCCGTATCCACCGCAGACCCGTAGTTAAGCCACGGGCTTTCACGGCAGACGCGACAAGCCACCTACGAGCTCTTTACGCCCAATAATTCCGGACAACGCTTGCGCCCTACGTATTACCGCGGCTGCTGGCACGTAGTTAGCCGGCGCTTCTTCTACAGGTACACGTCAACTTCGTCCCTGCTGAAAGAGGTTTACAACCCGAAGGCCGTCATCCCCCACGCGGCGTCGCTGCGTCAGGCTTCCGCCCATTGCGCAATATTCCCCACTGCTGCCTCCCGTAGGAGTCTGGGCCGTGTCTCAGTCCCAGTGTGGCCGGTCGCCCTCTCAGGCCGGCTACCCGTCGTCGCCTTGGTAGGCCATCACCCCACCAACAAGCTGATAGGCCGCGAGCCCATCCCCAACCGAAAAAACTTTCCACCACCATCACATGCGAGAAATGGTCGTATCCGGTATTAGACCCAGTTTCCCAGGCTTATCCCAGAGTCAGGGGCAGGTTACTCACGTGTTACTCACCCGTTCGCCGCTCGAGTACCCCGAAGGGCCTTTCCGCTCGACTTGCATGTGTTAAGCACGCCGCCAGCGTTCGTCCTGAGCCAGGATCAAACTCTCCAAACAATGTCTGAAAAGAGAACCCATGGCCGGCACCCCCCGGCTAAGGAAAGGGCACCGTCAAAGGAATCCGCCACCAACAACGGTGACGGGGTCATGCATGATTCATGCACTGGCTTTTAGCACACTGTTGAGTTCTCAAGAAACGGACGCGACCACCATCATCCAAGACCCTTGAACCAGGTCCCGAACTCCGGGGCGTTTCGTTTCGTTTCGCTTGTGGTCTTAATCCTTCCCGACCGGCCATTCCGTGTCAAATCCGCTCGTTTCAGAACCGACTTGACCCGAAATCCGCCAACCGACAGGAATTCGACCGCCCCGTTTCCGAGGCAACCCCTCCAACTTACCCGAACCCTCACCCCGGCGCAAAACCACCGGTGCGAAGACCCAGAAGCCACAGGAGACGCCGGCCAACCGACCCGCGCACACGCCAACACAACCACCAAGGTGATCGAAGAGGAGTGCGCCGGACCGCGCCGACACCAGAAGATTACCAGGGTTCGGCAGCACCATGACCCAGCCCGAGAAGAACGCTCCCGGGGCCTGCCCTATTCCCGCAGGTGGGCGGGCACGGCATCCGGCGCGTACGGGATCTCAGGAAACGCACAGGCGAGCGCGGACAACCAGATCCGGCCCTCAGGCATCTACTTAGCGCTGCGGCGATCACGCCGGTGTGGCGCGGAGGATCGGGGAGGTGCGACGTGCGGGACAACTCTCCACGGTCGCCCGTCGTTCCTCGTCCACCGACGGTGACGGTGACGGTGACGGTCCCGCGAGGACGTCGCCTGCCCTCTCAACCAAACGTCAAGCCGCCCGCAATCGCCCCGCGGTACGTACAAGACGCGGAAGTCTCCGTTCGGCGCCAACCCGGCCGCCCGGACTTCCGCCGCTGGAGGTGGCCATCATCATGCGGTCGGAGTTCGACGACATCCGTGCCCACATCGCGGCCGAGCCGGCCCGCCCGGGCGACCTGCTCGAGCTCGCGCACGCCCTGCTCGACGATCTGGAGCAGCTCCGCATGCGCGAGGCGATCCTGCGTTCGCACTATCTCGGGCTGCTCACCGCCGCTCGCGCCACCGTCGCGGCCGACGCCGTCGGAGACCAGGCGCCGCTGACCTTCCTGGAGCACGAGCTGGCCAGGCACGGGCAGCTTCCCGACGGGGAGCAGGCACCGCGGATCCTGGCGGACGCCGCGGGCGCGGAGGCCATGCTCGCCCACCTCGACGAGCCGGCTCCCCCGCGGTCCCGCGCGCCCCGGGGCCCCCGATGCGGCGGCGTCAGCCGCCGGCTCCGGAGCTGAGCCACCCGCCCGTCCCGGGCACGCCGCTCGCCCCCGCGGCCGTCGCTCATCCTCCCGGGATGAGGTCGTGCACGAAGACGACGTTGGAGTAGGCCGGATTGTCGGTGTATCCCTGGACGTTGCCCAGGTAGGCCCGCTGATAGGTGGACACCCACGGCACGGCCACCACCGCCTCCTGCTCGACGAGCATCTTCTGGAGGTCGGCGTACGCCTTCTCCGCCGCCCCGCGGTCGCTCGTCACGAGTGACGGGAGGGTGTCGATCCGCTCGTCGAGGTTCTTGTCCTTCAGGTAGGTGAGGTTGAAGGACACCGGTTCGGCGCTGTGGAAGACGTTCAGGAACCACGAGTAGGCGTCGGCGTAGTCGGGATACCAGTACATGACGAAGATGTCCTGGCGTTTCGCGGGATCGGTGGCCTTGCCCCGGCTCCACTGGTCGTTCCACTGCATGGCCTTGGCCTCGACCCGGACGTTCAGCGGGGCGAGCGCGTCGGTGAGCAGGCGTACGAGCAGCGCCTCGTCGTCGTCGCCCTCGGCGTAGGTCAGCGTGAGGCGCAGCGGCGCGCCGCCGGGGCCGTACCCCGCCTGGGCGAGCAGCTCGGCGGCGCCGGCCAGGTCCTGCCGCGGTCTCTGGCCGGGCACGTGACCGAGCAGGCCCTCGGGCACCAGGCCGGACGCGGGCGCGGCCGCTCCCTTCATCCGGGCGATCAGCCCGTCGTAGTCGACGGCCTTCTGCACCGCCTTGCGCAGCCGTACGTCGGCCAGTGGGCCGGAGGCGGAGTTGAACAGCACGAGCAGGTTCTGGAACGACGGCACCTGGATCGTCCGCACGCCCGCGGTCGCTCTGGCTCGCAGGAACAGCTGGGTGTTCAGCCGCTGCACGTAGCTCGCCTCGCCCCGCAGCAGCATCCGGTACGCCCGGTCGGGGTCGGGGGTGACGCGGAACTCGACGTTCCGGTAGTGCGGGCCGTCCCAGCCGCCCCAGTAGCCGTCGAAGGCCCGCAGGACCAGCTCCTTCTCCCTGCCCTTCTTCCAGCTCGCCACCGTGTACGGCCCCGAGCC
NZ_CP109552.1_gap14	679052	682198	3146	GGGGATGCCGTACATGAAGCAGGGCGCGGGCCGCACGGGATGGAACAGCGAGCCGGGCCGGGTGAGCAGTTCCAGCGGGCGGAAGTGGCCCTCGTTGGGCTGCTCGCCCGCCCCGGCGAGGAAGGACACCGCGATCCGCACCGCCGCCACCGTCGAGGGCAGCGGGCAGTTCACCGGCCCGCCCACCTGGTCGGGGCAGCCGGTCAGGTCGACGGTCACCGACGAGCCGTCCACGACGACCTCGACGCCGAACGGGATCGGCCGGTCGGTCACGCCGTCGGAGTCGATCACGCTGGACGCCTGGTAGACGCCGTCGGGCAGGCGCTCGAACCAGCCGCGCACCAGCGCCTCGCCGTGCGCGTACATCCGGGCCACGCACCGGCGGAAGACGCCGAGGCCGTGCCGCCGCACGAGCGCGCCGAGGGCCTCGGCCCCGGTCCGCGCCCCGGCGACCATCGCGTTGATGTCCCCGATGACCATCTCGGGCATCCGGCTGTTGGCGAGGATCATCCGGTAGACGTCGCTGACGAGGCGCCCGGCGTCGTACAGCTTGACCCCGGGGAAGATCGTGCCCTCCTGGTGGACGTCGATCGTGTCGGTGCAGTAGGGGTCCTTGCCGCCGATGTCGAGCCAGTGGGCCTTGATCACCGAGTAGCCGGCCAGCACGTCCTCGTGGAAGATCGGCACCACCATCGCCGCGTCCTGGGGATGTGAGCCGGTGCCGTACGGATCGTTGTAGAGGATGACGTCGCCGGGGCTGAGCGCGGCGGGCCCGCCGACGCCGTCGACGGCCTCCCGGACGCAGAAGCCGAGCGTGCCCATGAACGCCGGCAGCGTCGGGGCCTGCGCCAGCATGCACATGTCGGCGTCGTAGAAGGCGACCGCGAAGTCCAGCGCCTCGTAGATGATCGGCGAGAACGCGGTGCGGATCAGCGACTGCTTCATCTGGTCGGCGGCGGCGCCCAGGCCCTGCCGGATGATCTCGGTGGTGACCGGGTCGGCGCCGTCGCCCAGCCCGGGGTGGACCTCCGCGTAGCGGGTGCGGACGACGGTCATCGCCGTTCCTTCCTTGTGATCACGAGGCTGCCGCTCTCGTGCGTCTCCACGGCGAAGCCGGCGTCCACGTAGGTGGTCGCGGTCGGCTCCACCACCAGCAGGGGGCCCTCGGCCACGCCGCGCAGGTCCTCCCGGCGGACGACCGGAGCCTCGGCGAAGGACTCCCGGCGGAACGACCACAGCCGCGTCGTCCGCCGCCCGGCCCCCGGCTCGCCGGACGGCGGGGCCGGCACCAGGGGGCGGGCGTCGTCGAGCACGACCCGGCTGGTCGCCCGTACGGTGACGACCTCCAGCGGGTCGGGCAGGGTGTGGCCGAAGGCCCGGTGGTAGGCCTCGGAGAACCGGGCGGACACGGCCGCCACGTCGTCGTCTCCCAGGCGCACCGGGATCGTCAGCGTGTGCTCCTGTCCCCGGTGGCGCAGGTCGAGATCGACCTCCCGGACGGCCTCCGGCTGCGCGAGCCGTTCGAAGAGCGTCTCCGCCAGCCGTCCGACCACCGGCAGCGCCGCGTCGTCCAGGGGACGCACCAGGGTGCGGGCGGCCGAGCGGACGACGTCGGCCTGCACCAGCCCGACTGCGGAGAAGTTGCCCGCGTTGGGCGGCACGACGACGGTGTCCACGTCGAGTTCGTCGGCGAGCAGGCAGCCGAACACCGGCCCGGCGCCGCCGAAGGCGACGACGGCCGCGCCGCGCGGGTCCACGCCCCGCTCCACGGTCACGCCGCGCACGGCCTGGGCCATGTGCGCGGCGGCGATCCTGATCACGCCCACCGCGACCGCGTCCACGCCGTCGATGCCGGTCGGGCCCGCCAGCGGCGCGAGCGCGCGGGCCGCCGCGTCCTCGGACAGCTCGATGCCGCCCGAGATGTGCCCGCGCGGGATCATGCCGAGGTGCAGGGCCGCGTCGGTGACCGTCGGCTCGGTCCCGCCGCGCCCGTAGCAGGCGGGCCCGGGGTCGGCGCCCGCGCTGCGCGGGCCGACCCGCAGCAGGCCGCCCGCGTCGGCGTACGCCACGGACCCGCCGCCCGCGCCCACGGACCGCACGTCCACCCAGGGGCTTTGCAGCGGCAGGCCGACGACCTCGCCCTGGTAGAGCAGCGGCAGCCGTCCGTCCTCGACGAGCGCGGTGTCGAAGCTGGTGCCGCCGACGTCGGCGGCCACCGCCGTGCCGATCCCGAGGGAGGGCCCGAGGGAGGCGGCGAGGCGGGCGGTCGCGGCGGCCCCGGCCACCGGGCCGGACAGGATCGTCTCGAACGGCCGGGCCGCGGCCTCGGCCAGCGTCAGCGCCCCGCCACCGGAGCGGGTGACGAGCAGGTCGCCGGCGAAGCCCCTGGCCCGCAGCTCGCGGTCGAGGTCGTGCAGGTAGGGGCCCATCCGGTGCCGGACGAACGCGTCCACGACCGTGGTGCAGGTGCGCTCGTACTCCCGGTACTCCCCCGAGACCTCGTGCGACAGCGAGACCGGCCCGGTGAACCCGGCCCGCGCGAGCAGCTCGGCGACCCTCGTCTCGTGCGCGGCGTTCGCGTAGGAGTTCACCAGCACGATCGCGACGGCGTCCACGCCCTCTGCCGCGAAGACCTCCGCGGCCCGCCGCACGTCCTCCGGCTCCAGGTTCCGTACGACCGAGCCGTCGGCGGCCACCCGTTCGGTCACCTCCAGGCGCAGCCGGCGGGGCACGAGCGGCGGCGGCGGGGTCCAGAACAGGTCGTAGGGATCGTCGCGGTCGCCGCGGCGGATCTCCAGCACGTCGCGGAACCCGGCCGTGGTGATCAGGCCGACGGTCGCGCCGCGCCGTTCGAGCAGGGCGTTCAGGCCGACGGTGGTGCCGTGCACGAAGTGGCGGCAGCGGGCGAGCAGGTCCGGCGGCACGGCCGCGTCGACCGCGCCGAGCACCCCGCGCTCCGGCGCCGCCGGCGTCGTGGGCCGCTTGGCGACCCTGATCTCGCCGGTCGCGGCGTCGTGCAGGACGAGGTCGGTGAAGGTGCCGCCGACGTCCACTCCGATCACGGTGGTCATGCCCGGCACGGTAGGACGGGGCGCACGCCGCGTCGATGTGTCCTCACGACGACGTGATCGGCGTTGTTGTCCCCG
NZ_CP109552.1_gap15	714869	716929	2060	GCATGCCGAGCAGCTCGGGTCTGTGGTCGACGGCGAGGCGCTCGGGGACGGGCAAGGCGCCGTCTTCGGCGACGGTCAGGGCGTGGTGTTCGGCGGCGAAGGGGCCTTCGGCGTACTTGAACACCACCGAGGTGCCGTTGGCCAGGTGGAGACGTTCCACGCCCGAGCGTGCCCAGACGCGGATCTCCTCGCGTTCGGCCGGCCCCTGCCCGAAGTCGTCCAGCAGCCGTGCGAGCAGAGCGTTCACCTCGATGGTGTCCAAAATCCCTGGCCTTCCTTACTTATCGGGCGGTGGGAACACGGCAGGCTTCGACGGCCGCGATCCAGCTGTCCTTCATGGCGGCGAGCTCGCTGCGGAACCGCTCCAGCGGAGCACCGTAGGGGACGACCGCGCCGCCGGTCTGGTTCGGAACGGACTGGCATCCGTGCACGAGCCGCCCGCCGAGCGCGGTGTGGGCGCGGACGAGCTCCAGGCGGCGAGTCTCGTTGAACCAGCCGCCGTGGTAGACCTCGTCGAGCAGATCGCCCTCGGCGTCGGTGAGGTCGAACACCGCCCGGGTGATGGAGTTGAAGAACCAGGCCGGGCCGATGTTGGAGATCTCGCCGGTCAGCTCGACCTTGTTGAGCGCCATGAAGGTGCCCGCCTGCCTGAGCATCGTCAGATGCTTCTCGGTGATCTCCGGCATGCCGAGGTCGGCGAGGTGCTCGGCGCGGAACACGTAGCGGTACACCTCCCACCCGATCTGCAGGACGGTCGCGGCGTCGCTGGTCGGCGTGGCGTTGACGCGGATGTAGTCGAGCGCGAGCTGCTCCAGCGAGGTGTCGGGCGTCTCGTGAGCGTCGAGCATGTCGCGCTGCACCTGCGGCCAGGGGATGACCAGCCAGGTGTGGTTGGTGAACTTGAAGAAGTAGTCCTCGGGGTCGAGGGTGACGCGGTGGCCGTCGACCGTGATGCCGGGGATGCGGTTCCAGCGCGGGTCGAATGCCTCGGGGAGCTCGACATGGATCTTGTCGTGGATGGCGGTGGACACTCGGGTTCCTCCGTTCGGGGGTGGGTTTCGCCGGAAGTCCTAACGGCTCCGGGACTGGGTGATTACTGTGGTTGTCCTGGAACTGACCGTACGGAGAGCGACGTCCGTGCGGCACTGACCGGCAGTACGAGTGGCCACCCCTGCGGAGCGGGAATGCCTCGGCATAACAGCGCAACACGGACCAGCGGTAAGGGTTTGGAAGGCCGGGTGTCGGGCCATGTCCTCAAGCTGCTGCGCGAGGCCGTCGGAATGACCCAAGAACGCTTCGCCGAAGCACTGGGCGTGTCGGTCGCCGCCGTCCAAGGATGGGAGTCCGGTCGGCGGCCCCTTGCCGCGATGTCCGCTGGAGAGTTCTCTGCGCTGCGGTTCACGCTCTTGCGTCTCAGAGCGCCTCAACGTTTGCTCGACGCCCTGACACTCGCCATCAACGCAGACCAGTTCATCGGCGACGCATTGACGTCTCGCCCGGGAGAGGTCCAGGCAGACGCCCATCTCCTAGGGTCATGGGTGGTCTCCAGACCCTTCACCGGCCTCATCGTCTGGCCATTGGCCGCCATCCCTCCCGACGACTTTCCCGATGCTTCATCGCGGCGTGGACCGACCCCGGCAGGGCCGACGCTCAGCGCCGAGGAACGGCGCCACCTCTCACAACATCTCCAGGCAGCCGCGGAACGTGCCGACCGCCGGTCAGAGGCCGGCCTCCTACTCGCCCGACAGACCTATTACCTCCTCGGATTCGGCTCCTCCGCAGAGACCGCCGCATGGCTGGTCGAGCGATATCGCAAAGACCGACGGATCGTCCGGTCAGAGCGAGGATGGTCGGCCGCATGGCCCCTCGCACGCTCCACTGCGAGTGCCCTCACCCGTCTCGGCGACCCCGAACCCATGCGGGCGTTCATCGCCGAGCGGCTCGGCGATGACGTCAGCGAAACCGCCAACCTCAACTACTGGGCATTCTGGACCGGCGAACTATCCGGAGACCGGCTCAGCGACTCCTTCATGGCCGAAGACCCGATCACTGCCTGGCGA
NZ_CP109552.1_gap16	719350	720692	1342	GTCTGCCTGATCCAAGCCAAGCGCTGGAAGGGCCTCGTGGGACTCGATGCCGTACACGCTCTTACCGGCGTTATGGCCGACCACAACGCAACCACAGGCGTCCTCGTCACCCCCTCATGGTTCGGACGAGCAAGCGAACAGTTCGCTCAACGCAACCGCATCACCCTCATCAACGGAGCCGAACTGAAGCACCTCCTTAAAGAACACCTGGGGCTTGACGTCATCCCTGGAGTCACTCCTCCCCGCAACGCTCGACCATCTGACAACACACAGACCGGTCGACCCGGTTCCTGAGGAGTGCTCCACAGAGACGCGTTCGCCAGGTAGCGGGCTGGACCCGTCACCTCCATGTGGAGAAATCGGAGCTAGCCGCCGCGGCCTTCGACTGCCCGCAGGGTCTGGTTGATGACGCAGCGGTTGATGCCCCGCCTGCAGTTGCCGTTGAGGGTGTTGGTGAAGACGCTGACGCTCGACACCTGCTGGATGCCGGCGAAGGTGACGGCGCTGTTGGCCGCCGGAGCGTTCACGTTGCGCCGCCCGGCCGCGACCTGCCGGGCGGGGCTGCCGATGCTGGGCGAGTTCGAGGTGCCGGTGCCGCCGGTGCTCTGCGTCGCCCCGCGTCCATGCCCACCACCGTGACCATTGCCGTGAGCACGGGCATGAGCGTGGCGAGCTGACCGCAGGCTCGGAGGGATCGGCGCGGCTCCGGCCGGCGGCACGAAGAAAAGCGGCAGGCTGATGACGATCAGGCCGGCGGCCACCAGACCCGCCGCGATCGAGCCGGTGATCGAGCCGGTGCTAGGGCCGCCAATCAGGTCAGGGCTCTGGCGGGTGATCGAGTCGGCGACCGGACCGGTGCTGGGGCCGGTGGTCGGGGTGGCGGCGGGCCGCCGCGCTACGGCGGTCAGGCCGCGGAACCGTCTCGCCCTGTCGCTCATCCGCATCCCGTCCGCCGATCGCCCCGCCACTCGTCCGCTGCTCGCCCTCGCTTCCGCCCGGCGGCGTGGACGGCCGTCCGGCTCATACCCCGCGGCCCGGAGCACCTCCCACGGCAGGCGCTCTGCTGCGCGGCCGATGACTCAATCTTTGCGGCAGGCCGGGTTAGATGCCCGATATGGGCGAAGGCCCGGGCCGTTCACCCCGGCCCGGGCCTTCCCTGTTTCACTCTGCTCCGGTCACGGCGTCAGACGCGCGCCAGCGCGGATCTCAGCCTGCGGGACGCGCGCTCGACCTCCCGGCGCGCCTTCTCGACGCTCCGGACCCGGCCGGCGAGCCGCTCCTGCTCCGCCTCGCGGTGCAGGGTGCGTATTCGCTCGTCTACCAGTTCTTGGTGCAGATACAT
NZ_CP109552.1_gap17	726145	730102	3957	GCCGGAGTCGGGGAGCGGCCCGCCGTACCAGGTCTCGATCATCCGCCGGGCGATCGAGACCTCGGTCGGCAGGAGCAGCTCACCCGACCGCACCTGGGCCTCAAGCTCCTCCCGGGACAGCCAGCGGGCCTCGGCGATCTCGTCCAGGTCGGGGCGCAGGTCGGTCGTGACGGCGCGGGCGAAGAAGCCGAGCATCAGGCTGCGCGGGAACGGCCAGGGCTGACTGCCCAGATAGCGGGGGGTGGCGACGGCGACGCCGACCTCCTCCAGGACCTCGCGCACCACCGCGTGCTCCAGCGACTCGCCGGGCTCGACGAACCCGGCGAGCACCGACATCCGGTTGGCCGGCCACGCCGGGCCGCGCGCCAGCAGGACGCGGCCCTCGTCGTCGTGGACCAGCATGATCACGGCGGGGTCGACGCGGGGGAAGTGCTGACTGCCGTCGCGCGGGCACACCCGCATGTGCCCCGACGCGGTCACGTCCGTACGGCCGCCGCACCTGGGGCAGAACTCATGGGTGGCGTGCCAGGCCTCCAGGGCCACCGCGTAGACGAGCAGCCCCGCGTCGCGGTCGTCGAGCAGCACCGCGGCCTCCCGCAGGCCGGCCACGTCGCCGGCGCTCCGGGCCGGCTCGGGCAGCGGCGCGTTGACCGCGAAGTAGGGCACGCCGTCCTCGTCCACGCCGAGGAGATAACGCGTGCCCTCCGGCGCCTCCGCCGGAGAGGTGAGCACCAGCGCCGCGCCGTCGGTGAAGCGGCTGATCAGCGTGCGGCCGTCGTGGACGAGGAGAACCCTCGTCTTCTCCGCCTCCCAGGCTCGCCGCAGCCACTCCTCGTCGCCGCGCAGGGCCGCCGACCGGTCGATGGCGCTCCTCGCGAGGAGCAGGGGGCCGAGCAGTCCGTCCGCGATTTCCACCCCGTCATCCTTCCACTGCCGCCGCCGCGGCAATCTCCCCGCCAAGCCCGTTCCCCGCGTCGCCGCGCTAGGATGCAGTCACTTAGGTTAGCCTTACCTATCGGAGGGCCGGTGCGGCTGTACCTCACCACGCTCAACCCGACCGACTCGGTGACCGGCGGATTCCTCCCCGCCGCGGCCGCGCTGGGCTGGGACGTGACGATACTCACCGACCAGCCTGATCGGTATGCCGGGTACCCCGGATGCGAGGTCGTCATGGCCGACGTCCGCGACGCCAGGGCCGTGATCGACGCCGTGGCCGCCCATCACCCGCCCGGCGTGATCTTCTCGAACTCCGACCACCTCCAGGCCCCCGCCGCGCTCGCCGCCGAGTATTTCGGCCTGCCGGGCAAGGACTGGCGGGCCTGCGTCACCGCCAAGAACAAGGCGCTGACGCGCCGCGCCCTCGCCGCCGTGGAACCGGTCAGGTCCGTACGGATCCCTCCCGGCGGCGATCTCCCACGCGACCTGCCGTACCCGGTGGTGGTCAAGCCCGCGCTCGGCGTGGCGAGCGAGGACGTCGTGCTCGTGGATGGTCCGGACGCGCTGCGCGCGGCGGTGGCGGAGATCCGGGAGCGCCGTCCGGCCGAGGTCCTGGTGGCCGAGGAGTTCCTGGACGGGCCGGTGCGCACACTGGAAACCCTGGGCGACGGGGCCGGTGACGGCCGTCACGACGGCGGTGCGCGGCGGGTTCTCGGCGGGTTCGCGACCACGCTCGGCCCGCCGCCGCGATTCATCGAGGAACGCCTGGACTGGCGGCCCCCGGACCCCGGGCATCTCCCCCACCTGTCCGCAGCGCTGGACGCCGCGGGCGTCGGTTTCGGGGTGTGCCACACCGAGTACGCCGTCACCCGGGACGGCCCGCGGATCATCGAGATCAACTATCGGCTCATCGGCGACACCTGCGACTTCCTGCTAGCCGACCTTCTCGGCGCGCCCCTGCACGAGTGGATCCTGCGAATCCACGCGGGCGAACCCCTCTCCACGTTCGACTTCGACGCGTCCGGCGCCGGTGCGTTCGGCGCCGGTGCGTTCGGCGCCGGTGCGTTCGACGCCGGCGGCCCGCGTCCGGCGTACGGGTCTGTCGTGAGCCTCGTGGCCGAGCGCTCCGGCACGGTCACCGCCGCACCGCCGGATCTTCCCCCGCCGGACTTCTCCCCGCCGGACTTCTCCGCACCGGGCCTTCCCGCGCCGAATTTCTCCGCGCCGGGCCTTCCCGCGCCGAATTTCTCCGCGGCGGGCCTTTCCGGGCCGGGCATCCCTGCGGCGGGCGCCGGGGACGGCGTACGGCTGTGGCACCGGGCGCTGCGCCAGGTCGGCGATCACGTGGAGGTGACCGGCACCAACCGCGACTATCTCGGCCTGCTCCGCGCCGTCGGCCCGGACCGGGAGCGCGTCGACGCCGCGGTGGACGCGTTCCGGAAGGAGCACCCTTGGGTGCTGGCATGACGGCGGAGCACTATCTCGCGGCGCGGGTGCTCGACGCGCTGCTGCGGGAGGACTACGGCGGCGTCTCCTCCCGGGTGACCCGCGACCGGGACGGCGTCGCGATCGTCCTCGCCTCGGGACGGCGGGCCGGCCTCACGCCGGGCAGCCCGTTCCAGGACTTCTGGACGGCCCCGGACGAGCGCCTGCGCCTGGCCGAGGTGCTGGACACGCTGCGGGAGGTCGCCGACCCGGCCGACGCCGAGGGGGTCGCCGCCTTCGCCCAGGAGTGCCGCGAGACGCTCACGGCCCTGAAGGCCCGGCACCGGCTGCGCGGCGAGGTGGCCCGGCGGCTGCGCGAACGGGACGGGCTGATCCGCTACGAGTCGCTGGCCGCCTCGGTGGACCATCCGCTCTATCCGACGGCCCGCTGCCGCCTCGGCGTCTCTTCCGGCGACCTGCCGTCGTACGCGCCGGAGTTCGCCCCCGAGTTCACGATGCGCTGGACGGCGGTGCCGAGGGAGCTCGCGACGCTGTCCCGGCCGGAGCCGCCCGCGTGGTGGCCCCGGCCAGGCGACGTGGGGCTGCCGCCCGGCCTCGCCCGGACGCACGTGCTGTTCCCCGTCCATCCCCTGGCGGAGCCGCTGGTGGCGGGGCTTCCCGGGGTGCTCCCCGAGCTTTCCGGACTGGTGCCGGGGCGCCGTCCGTACCTGGACGTGCGGCCGACCCTGTCGATGCGGACGGTCGAGGCCGGCCCGCGCGTCCATCTCAAGCTGCCGCTGCCCACCAGCACGCTCGGCCTGCGCAACCGCAGGTCGATCAAACCGGGCACGCTGCGGGACGGCGCGCTGGCCGAGTCGCTGCTGCGCCGGATCCTGCTGCGCGAGCCCGGCCTGCGCGCCACGCTCGCCGACGAGCAGACGTACGGGCACGCCGGGCACGAATATCTGGGCTGGCTGGTCCGCGGGCTGCCCGAGGGCGAGATCGTCCCGGTCGCGGCCCTCCTCGCGCCCCTGCCGGACGGGGACGACCGGCTCGTCGCGCACGAGGTGGCCGGGCGGCACTACGGCGGCGACGTGCGCGCGCTGCTGGACGACTACCTCGCGGCGCTGTTGGCCTGGAACGTCGCGCTGTTCGTGCGGTACGGCGTCGCGCTGGAGGCCCACCAGCAGAACCTGGCCCTGCTGTTCGGCGACGGGCCCATGCGGCTGCTGGTCAAGGACAACGACGGGCTGCTCGCCTCCCCCGGGCGGCTGCGGGCCGCCGGGCTCGACGCGCCGGACTTCAGCGACGCGCGCATGCTGACCGACGACCCGTACGCGCTCGCCGACGTCTTCGTGACGATCACTCTGCACCTGGCCGCCATGGCGGTGGCCCACGGCCTGCTGCCCGACTCCGGCGCCGCGCTGGTCCGGCGGGCGCTGACGGCCGCGCTGGAGCCGTACGGGGACGACCCGATGGCCCGGCTGCTGCGGGCCCGCACGCTCGACGCCGCCCGCCTCACCGGCAAGTCGATGGTGGTCGCCGGGACGCTTGTCGCGAAGGAGCGCACCGGGGCCCGGGACGTCAACAAGTTCT
NZ_CP109552.1_gap18	762849	767360	4511	CTCCAGCACGAACACGCCGTCCCGGACGCGCAGCGCGGCCAGCGACTCCCGCTGGCGGAGGGCGATCTTCACGACCGCCACCTGCCCCGACCGCTCCAGCGCGTCCCGCAGCAGCACGTACGGCTTCGCCCCCTGCCCGTCGGGCTCCAGGTAGTACGACTTCGCGAAGTAGATGGGGTCGATCTGGTCGGCGGGGGTGAACTGCAGCACGTCGATCCGCCGCGAGGTGGTCAGCGGCAGGTCGGCGAAGTCCTCGTCGGTCAGCACGACCATCTCACCGGTCGGAAGCTCGTACCCCTTGGCGATGTCGGAGTACGGCACCTCCTCGCCGTCGACCGAGCAGACCCTCTTGTACTTGATCCGCCCGCCGTCCTCCCGGTGCACCTGGTGGAAGCTGACGTCCTTCTGTTCGGTCGCGGAGTACAGCTTGATCGGAATGGTGACCAGACCAAACGAGATGGCGCCTTTCCAGATGCTCCGCATGGCTACATTCTCGTCTCTGTGTTCGAATACCGCTATGCTGGGATTCAAGGGAGTTACCTCATGGGCAGGTACCCACTACGGCCCTGCCGTACCCGATCGAACGCGGTGCAGGGCGACGTCCACGGCCTGATTGAGCCGCTTGAGATCGGGCAGAGCCCCTTCTCTGGCGGGCTGCCGAAGGCGATCTCACCAGGGCGATCCCAGGGATGCCCGCCGGGGGCCCGGCGGGAGGAGCGGTGATGACGGAGAAGGTGCGGGTGAAGGTCGAGGACCGGATGCTCGTCCTGACCAACCTGGACAAGGTCCTCTATCCCGGCACCGGCTTCACCAAGGCCGGGGTGATCGACTACTACACCCGGATCGCCCCGGTCCTGCTCCCACATCTGCGCGGCCGGCCGCTTACGGTCAAGCGCTATCCGAACGGCGCGGACGGCGCGTTCTTCTTCGAGAAGAACGCCCCCGGCCACACGCCCGACTGGGTCCGTACGGTGACCCTCCCCGCGCCGGGCAGCACGAAGAACCGCGAGGAGATCGAGTTCGCGGTCGTGGAGGACCTGCCCACGCTCGTCTACTACGCCAACCTGGCCGCGCTGGAGATCCACGTGCCGATGTGGCGGGTGGCCAAGGACGGCGAGCCGCAGCCGCCCGACACCCTCGTCTTCGACCTCGATCCCGGGGCGCCGGCCACGATCGCCGACTGCTGCCGGGTCGCCGTCCTGCTGCGGCGGGCGCTGGCCGAAGACGGCCTGGAGAGCCATCCGAAGACCAGCGGCAACAAGGGCATGCAACTCTACGTGCCGTGGGACCGCGGGCCCGGCACCTCCGACTACGCCAAGGCGCTGGCCCGGCGGATGCAGGAGGAGCACCCGTTCGTGACCAGCGTGATGGCCAGGAAGGAAAGGCCGGGCAAGGTCTTCATCGACTGGAGCCAGAACAATCCGGCCAAGACCACCGTCGCGCCGTACTCGCTGCGCGCGGGCCCGCTGCCGACCGTGTCGACGCCCCTGCTGTGGGAGGAGGTCGAGGCGTGCGAGAACCCGGAGCAGCTCGTCTTCACCTCCTCCGACGTGCTGAAGCGCGTCGCGGAACACGGCGACCTGTTGGTGCCTCTCGGCGCTTAGCCCGGCCGTACCCCTGGCCGTAGTGTTGGACCTGTCGCAGCCGCCCGTCGAACGGAAGGAAGATCACATGCCCGAGATGGAGCCCCTCGACGAGGTCGCCGAGGAGATCTCGATCGAGGCGCCGGAGGCCGACGCGGTCGAGCAGCACCAGCTCGTCAAGGGCGCCGAGGACAGGCGCTGGCCCGAACGCGTTCCGTTCGAGGCCGACCCGGCCGACGTGACCGAGCAGGAGCGCACGGTCGACCTCGACGACGACGACTATCGCTGATCACAGATACCGCCACGTAGGATGAGGCCCCGGGGCGGGAGCCCCCGATGCGCTTCGTGCAAGGAGACTGCCGTGACCGCTACCCCGGACGCCAAGCCCCGGGGCACCCGGCTGCCCCGGATGGCCCGCCGCCGCCAGTTGCTGAGCGCGGCGCAGGAAGTGTTCGTGGAGAACGGCTACCACGCCGCGGCGATGGACGAGATCGCCGAGCGGGCCGGGGTGAGCAAGCCGGTGCTCTACCAGCACTTCCCGGGCAAGCTTGAGCTGTATCTCGCGCTGCTCGACCTGCACGTCGACGACATGGTGAACCGGTGCCGCCAGGCGCTCGAGTCCACCACCGACAACAAGCAGCGGGTGCAGGCGGCCATCGGCGCCTTCTTCGACTTCGTGTCGAGCCAGGGAGAGGCCTTCCGGCTGGTCTTCGAATCCGACCTGCGCAACGTGGCGCCCGTACGGCAGCGCATGGAGCGCTCGCTGTACGAGAGCGCCGAGGCGATCAGCCAGGTGATCCAGGAGGACACCGGCTGCTCCAGCGACGAGGCGCACCTGCTCGGCGTCGGCCTGGTCGGCATGGCCGAGGTGAGCGCCCGCTACTGGCTGAGCAGCCACGGCTCGATCCCCAAGGAGGCGGCGACGCAGCTGATGGCACGCCTGGCCTGGCGCGGCATCAGCGGCTTTCCCCGCACGGGCTGACCGGGCCCCCGATTTCCTGTTCGCTTGAGGCGATCACAGGGCTCGCCGCGCCGCGGGGCGAGGACGATGGGGAAGAGACCAGCCCTCGCGAAAGGGGAGCCTGATGGAAATAAAGATCGGCGTGCAGTCGGTGCACCGCGAGCTCGTGGTGGAGACCAACCTGTCGGCCGAGCAGATCGAAGAGGAGCTCCGGAAGGCGCTCGCCTCGGACAAGGGCGTCTTCTCCCTCACCGACACGAAGGGCCGCCGGGTGGTCGTCCCCGTGACCTCGCTCGGGTTCGTCGAGATCGGCGAGGACGAGACGCGGCCCGTCGGCTTCGGCGGAACTCTCTGATCTGGACGGTCCGGCTTGGAGACCGTCCGACTTGGAGACCGTCCGACTTGGAGACCGTCCGACTTGACTGTCTGACGCGCGGCCGGAGCCGGCCGGCGGCGCGGATGTCCCGCGACGCGCGGCGTGCCGGCGGCCGGATCCGGCCGCCCGGGTCAGGACCGCCCGTAACCGCATCCGCGGGGACGGCGGGTGAGATCCGCCCGATGCGGATCGTCCCGTCTTCCGCTGATCGTCGGACAGCCCGTGCTTCCTCTCCGCAGGATCGCACGGGGAGTCCAGCTGTTCGGCCCACATCGTGTCAAGGAACTGCCGTAGCGGCGCGAGGCCCTCATGCTCGCACCGTACATCCGTTTGCCGGGTGCGCGAATCACGAACGGCGAGGTTTCACCCGTTGGGGGTGAGGCCGAGAGCCGTCATCCGCCTGCCGTGCTCCTCGGTCAGCCGGGCGAACATCCGGCCGACCTCCGCCAGATCCTCGCCCTGCTCGCCCACGAGCAGCGCGGCGAGGTGCGGACGGGCGGCCGCCAGCCGCTGCCCCTGGCTCAGCGCCTCGCCGACCATCCGGCGCGCCCACAGCGCGAGCCGCCCGCACAGGCGCGGATCGGCGTCGAGCGCGGCGCGCATCCGCTCCACCGCGAACTCCGAACGGCTCCCGTCGGCCAGCACCTCGTCGACCAGGGCGATGATCGAGGGATCGGCGTGGCGGGCGGCCTCGCGGTAGAAGTCGCCCGCGATCCCCACGCCCACGTAGGCCTTCACCAGCGCCTCGTACCAGTCCTTCGGCCTGGTCTGGGCGTGCCAGGCGTCGATCGCCTCGACGAAGGGAGCCATCGCCTCCTCCGGATCGGCCCCGAGGGAGGCGATCCGGTCGCGCAGCACCCGGAAGTGCCCGTACTCGGTCGCGGCCACGTCCCCGAGCGCCGCCCTGTCGTTCAGCGTCGGCGCGAACAGCGCGGCGTCCTCGGCCAGCCTGAGGAAGGCGGTGAGCTCGGCGTACGCGAGGACGCCCAGCAGGTCGACGATCCCGGGAGACGAATCACTCATGGATGCAGCGTAAGGGTCGGCGGGGCGCCCGCGGAGCCGCCCGGTCCGGTCCGGCGGAGCCCCTTCGGCACCCCGTACGGCCGCCCTCAGGACAACAACTTTTAGTGAGAAGACGCGGAAATCGGTTCCGTGTTGTGGTATCGAGTAGACTGGTTCGTGGAAGTGCGACCGCACTGGCCAACAACCAGCACTGGCCAACAACCGAGCCGACCCGGGGTCTCCCCCGGACCTCAGGAACCAGTGGATGCCGCGGTCGCTGTTCATGACGAAGGCGCGACTGTCCGCGAGGACCCGGACCGGGAAAGATCTGCCGGCCGGATGTCCCGGAGGGCCGCCTTTCGCACAGATTGAGGCAGGCCACACTGACAACGACGTTCCGAGACCTGGGAGTCATCCCGGAGATCGCCGATGCGCTCGAGACCGAGGGCATCACTTCACCGTTCCCGATTCAGGAGATGGCGCTCCCGCTGGCGCTGGCCGGCCAGGACGTCATCGGGCAGGCGCGCACGGGCACCGGCAAGACCTATGCCTTTGGCGTCGCCATGCTCCAACTGGTCGGCAAGCCGAG
NZ_CP109552.1_gap19	772452	773836	1384	CCCTTGCGCGGGGCCGGCCGGTCGAGATAGGCGAAGCGGTAGCGGCGCCGGCAGTCGAGCCAGGTGTTCAGGCGTGACGGAGTGCAGGTGTAGAGCCGCCTCGGCATGCCGTCGAGGCCGAGCTGCTCCACGGCCCTACTCGTCGCGGTTCAGCGCGATGCCGGACACGCCGGTGCCGTCCACCAGCGGCGACGTCGGCTCGGCCTCCTGGGCGCCGGTCAGCGACCCCGACAGCCAGCGGTCGAACTCCGGCTCCAGGTCGCCGATCCTGCCCTCCTCGCCGTGCGCGGGCAGCACCCTGGTCTCGTGCGGCAGGGTGAAGAGCCGCTCGCCGATGGAGGTGAGCTGGTCGGCGAGGGCGGGATACTCTCCGCCGAGCTTGCCGGGCCCGTCCATGAGCAGGGTCTTCCCGGTGAAGACCGCCGCGAGATCCTCGCAGTAGAGCGAGACGCCGCCGGTGGTCACGCCGGGGGTGGCGAGCACCTCGAGCTCGACGTCGGCCACGGAGAACAGTCCCTCGTCCTCCATCTCGATGTCGGGCCAGGTCTCCTCCCAGGTCTGCCGCCACAGGCGCCTGTCCTTGGCGTGGACGGCGATCACCGCCTCGTCCCTGGCCGCCACCTCGATCGCGGCGCCCACGTGGTCGGGCAGCCCGTGGGTGCAGATGACGGCGAGGACCTCGCGGTCGCCGACCTTCTGCAGGATCTTCTCGGCGTCTCGCGCCGGGTCGATGACGATCACCTCGTCGTCGTCGCCCAGGATCCAGGTGTTGTTCTCGACCTTGTGCTCGTCGCCCTCGATGTCCACGAGGCCCGAGGTCACCACTCGTTCGATACGCGCTGTCACGGCTCAGAACCTTACTATCCCCGGCGCTTCGGACCTGCTTTACCGCACATCCCCATCCGGTCTCGGCCCGTCCAGTCTCGGCGAGAACGCCCCGAAGGGCGGGTCCACCGCCTGGTCCTGGTCCCGCAGGTCACGCAGCGAGAGATCGGCCAGCGCGATGAAACAACCGGCCTCGGCCGGCCAGGTGACCGTCCACAGCCAGTTTCCGAGGGCCTCCCCGACGTAGACGGCGCGGTCGTCCGGCACGCCCGGCCCCGCGCACCACAGCGCCGTCGGGTGGCCGCGTACGTCGATCTTCGCGTGCGGCGGGCCGGCGTCGAACCCGGCGCCGGGATCGGGCCCGGGCAGCCCGGCGTACGCCGCCCCGAGGCCGATCCCGGGCTCCTCGGCGACGATCAGCGTGTCGGCGGGCCCGTGGGTGATCGACGGGCCGGTCAGCGCGACGACGCTCGCCCGCGCACCGGTCCGTTCGTCGCCCACCTCGGCGAAGCCGGTCACCAGCCACCCCGTGGGAAGCGGCCAGGGAAGCCACACGGGA
NZ_CP109552.1_gap20	776028	780564	4536	GCCAGGTGCGGCCGCCGTCGTCGGACCGCAGGATGACCGAGACCGTGTCGCCCGAGCCGGGGTCGGCGAGCGCCACCACCCGGTCGCCGCGCGCCGCCACCGCCCGCATGCCGCGGACCTTGTCGGGCGTGCCGATCTGGTCGGTGTCCACCCGCGTCCAGCCCGTGCCGTCGGCCGACACCCAGGCCACCGGGCCCGCCGTGCCGTCGCGCAGGGTCGTCGCGCCCACGGCCAGGAAGCCGGTCGCGGTCCGCGACACGTCGGTGATCCTGTCCTGGCTCCAGAACGCGGTCAGCCGGGCCGGGTCGACCGCGGTCCAGGAACGGCCGTCGGAGGAGACCCACATGCCGCGGGCGGCGGGGCCCGCGGGCCCCGGCGCGTCGGTGCCGACCGCGAGCCAGCGGCCGTCTCCGCCCGCGACCCGGCCCACGGCCGCCGCCGCGGTCTCGTAGCCCGGGGCTCCGGTGACCCGGCCCAGTTGCCAGTGCGCGCCGCCGTCGGCGGAGACGAGGAACAGCGGACGCGCGAGCGCGCCGGTCATATCGCTGCCCGCCGCCACGACGGTCGAACCCGCCGAGGCGAACGCGTTGAGCACCTGGCTGGAGCCGTTGCCCGGCAGGCCCGGCGCCGCGAAGGCGGTGTCGCCCGACTGGCCGTCGCCCGCGGCGAGCCGTAACCCGGTCGTGGCCGGTCCCCCGGACCACTTGACCACCGCCACGCCCAGGACGGCCGCCACGACGAGGACCGCCGCGACGACCACCGGCGTGACCAGCCGGGGCAGCCCCCGGATCGGCGAGCCACGGCCCGGCAGCACCCGCCTGTGGTGGCGCCCTCCGCCCGGTCTCGGCGGCCCGACGGCCACGAGCACGTCGTGCCGGGCCGGGCGGCCTCCCGGCGGGCGGCCGATGCGCTCGACCGGTCCGGGCTCGGGTCCGAATTCGGATCCGGGCTCCGGTCCGGACTCCGGTCCGGGCTCCGGCTCGACGGGGATCTCCGGGCGCATCCGGATGCCCGGCTCGGGCCCGTCTGTCTCGGGCTCGTCGAGCTCTGGGTCGTCGAGCTCTGGGTCGTCGAGCTCTGGGTCGTCGCCGTGGCCGTGGCGTGAGGCGGGCTCCGGCGGTGTGTGCGCCCACACGTGCGCGCCCCCTGGTGGAGCCGCCGGGGGGCGCAGCGGGCCGGACGGCGGAGTCTCGATCTCGGGGGCGCCGGGGCCGTCGGGGTTCTCGCGCGGGATCTGCGCCCGGCGCGGCCGGGGCGGGCCCGAGGCGACCAGCTTGTCCGGCCGGTCCACGACGCGCCGCCGCCGGCCTCCTTCCTCGGACGGGCCGGCCGACCTGGCACCCTCGCCGTGCCAGGTGGTGGAGTCGTGCGGCGGGCCCGGCGGCGGGCCCGTGGCGCCCGGGGCCGTGCCTCCCGAGTGCGCGGCGCCGTACGGGGCCGAGTAGGGCCTGCGGCCCGTCCGGGGCGGGTGGCCGCCGGATAAGTGGGGCGGGTCCTCCGCCTCCGGCCGCGGCGCCCAGTCGTGCGCCTCGCCGCGTGACTCCGTTTGGGGTTCGTGGCGCGGTTCGGGGCGCGGCTCCGCGTCGCCGATCCTGCGGTAGGGCCGGGTGTCCTCGTCGCCCCCGGCCAGGACGTCCCCGGGCAGGGGCTCCTCCGGTAAGGGCTCCTCGGGTAAGGGCTCCTCGGGGATGGGAGCGGCGAAGGGGGGCAGTGCCCACGGGGAGGGACCCGGCGGCCGGTGATGCAGCTCCGGAGGGGGCGCGGGCGTCTCCTGTTCACCGGGCGTGCGCCGGCGGTCACGTTCGTCGGGGCCCGAGGCCACGCTCAGTACCTCCTCCCCGGAGAGGATAATCCGGACCGTTCCACCTCTATTACGGCAAAGCGATCACAGTGATACCCCATCACGAATCCAGAGCAACACGGGAAAGCCCAGGGGACCATACCTCTCTAGTGAGATTTATCGGGAGAGAGTCTGAATTGCCCACTTTCGGGCGATTATTAGGACACCAAACCCGAAAACCGCGAACTGGACGGCCGATCCGATCAGAGCCTGCCATGGGACCGCGCCCTGCTCCAGGGCGCCGTTCATGTCGCCGGAGGCGGCCACGAGCCCGAAGGCCACGACGTTGTTCGAGACGTGCAGGGCGATCGGCGCCTCCAGCCCGCCGGTGCGGACGGCGAGCCACCCCATGAGCACGCCGAACACGAAGACGTAGACGATCCCCCAGCCCGTGTAGCCGTGCGAGGCGGCGAAGGCCACCGCGCCCAGCAGGATCGCCGGCCACGGATTGCGGAAGTACGCCCCGAGCGCCTGGATGATCCAGCCCCGGTAGGCGTACTCCTCGGCCGCCGCCTGGAACGGCACGAGCAGCACGATGACGATCAGGGCCGGGAGGAACGCCCCCCAGCCCGCCCAGCCGTACCCCGGACCGGCTCCGGCCGACAGCAGCATCCCGGCCTCGGCGGCCTGGCCGAGCACGACCGAGACCAGCGCGACCAGCAGGCAGACCGCCAGCCACCGCCACCGCAGGCGCAGGGCCACCGAGGAGAGCGATCCGGGCGGCCTCCGCTGGAACACCCACGCCGCGCCGAGCACCAGGGGGAGCAGCAAGGCGATGACGCCCAGCTGGAACCCCAGATCGAGCACGGGATCGGCGAACAGCCGGGCCCCCGACTCCGTCATCGGCACCCCGGACACCAGGGAGACGAGGTAGGCCACCAACCCCGCCCCGATGGAGACCACGACGAAGGTCGCCACGATCGCCAGGGTGCCCGCGATGGGCCGCCACCAGCGGTTCAGGGCCGTGCGCGCCATCTGGTCGTACGGCGTGCCCGGCGGCGGCGGGACGTCCCAGCGCGTCCGCGCGGGCGGGCCCCAGGCGGGAGGGCCCCAGGCCGGATACCGCCCGGGGTGCCATCCCGGCGGCGGGCCGGCCGGCCACGCGGTCCCGCCCGCGTACGGCCCCGGAGCCAGGTAGACCGCGGGAAGCCGACGCGGATCCGGCTGTGTCTCGCTCATGTGTCCATTCTTCGCGGCCCTCGAACGCCCGCTTCAGGAGGGCGGGGTGAAGGCGCTCGTGCGGGCGAGCCCGGCGGCGCGGCCCCGGGCCGCGACCACCAGCGCCATCTTCCGCGACGCCTCGTCGATCATCTCGTCGCCGAGCATCACGGCACCCCGCTTCTCGACCGTCGTGTAGTACTCGTAGGCGTCGAGGATCAGTTCGGCGTGGTCGTAGTCCTCCTGGGACGGGGAGAACACCTCGTTGGCCGCCTCGACCTGCGAGGGGTGCAGCACCCACTTGCCGTCGAAGCCCAGCGCCGCCGACCGCCTGGCCGACCGCCGGAAGCCGTCCAGGTCGCGGATCTGGAGGTACGGCCCGTCGACCGCCTGCAGGCCGTACGCCCGGGCGGCCATCAGGATGCGCATGAGGATGTAGTGATAGGCGTCCCCCTCGTCGTATCCGGGGGGCTGCTCCCCCACGACCAGCGTCCGCATCCCGATCGAGGCCATGAAGTCGGCCGGGCCGAAGACCAGGGTCTCCAGCCGGGGCGAGGACCGGGCGATGTCGTCGATCTCGACGAGCCCCCGGGCGTCCTCGATCTGGGCCTCGACGCCGATGCCGCCCTCGGGCAGCCCGACGGCCCGTTCGATCTGGCCGAGCAGGGTGTCGAGCCAGACCACGTGCGAGGCGTCCCGGACCTTCGGCAGCATCAGGCAGTCGAGCCTGTCACCGGCGCCCTCGACCACCTCGACGACGTCCCGGTAGGTCCACCGGGTGGTGAGGTCGTTGACCCGGACGACGACCGTCCTGCCCGCCCAGTCGCCCTGCCGCAGGGCGGCGACCACGTTGCGGCGCGCCTCCTCCTTGGCCCCCGGCGCGACGGAGTCCTCCAGGTCGAGGAAGACCTCGTCGGCGCCGAGGCCCTGGGCCTTCTCCAGGAACCGGGGGTTGCTGCCGGGCACCGCCAGGCAGGAACGTCGCGCGCGCATGAGCCCTACCGTAGCGAGATCCCGCGGGTGAGAGCCCGCCGCGGCACGGCCCTACACGCGAACGGCCTGCGGCGCCTCGGGTACGTGCCGCGCGGCGCCGATCCGCGTGGTCGCCGACTGGGCGAACAACGCGCCGGCGAGCACGATCGCGCCCCCGGTGATCTGGGCCGCGCCGAGGTGCTCGCCGAGCAGCACCCAGGCGATCAGCGCCCCGGCGATGACCTCCACCGACGCGACCGTCGCGCCGACCGCCGCCGACAGGCGCCGCACGGCGGTGACCCCGGTCACGTACGCCACCACAGTGGCCACCACGATCATCCAGAGACCGGCCGCGGCGACCGGCACGGCGTGCCCGGAGACCTCGGCCGTGCGGGTGAACGCCGCCCAGTCGATGTGCCACGGCCGCGAGACGGGCAGCAGGACCACCGCCGAGCCGAACATGCCCCAGCCGATCAGGCCCAGCGTGTCCACGTCGTCGCCGAACGAATCACTCATCAGGAAATATCCGGCGCAGCAGGCGGCGGCCAGCAGGCCCAGCAGCAGCC
NZ_CP109552.1_gap21	807664	810483	2819	GACGCCCACCTCGAGTGAGAAGGTGTGGGAGCGCAAGGAGCGGGCCGAGGACAAGAAGGGTGCCTCGCCGGGCTCGCGCGGGGTGTATGGGCCCAAGCGCCCGCCGGGGGGCCAGCGCGGCCGTAAGGGCACGCGGATGGAGATGACGGCCAGCCCGGACCGAACCCGGACACTGCCGGCGCCGGACCGGTGCGGCAGCTGCGACGCTGAATTCGGCCACGGGGCCGAGGTCGGGTTCGTCCGCGCCCAGGTGACCGAGCTGCCGCAGGTCAGGCCGGAGACGATCGAATACCGGATGCCGCCAGCCCGGTCAGGCGTGTTACGGCCCGAACGTCAAGACCGCGGTCGCGCTGATCGCCGAGATCGGGCACGCCAGTATGGAACGCACCGCGCTGCTGATGAAGCTGATGTTCGGCCTTGCCCTCTCGACCGGGTTCGTGGCCAAGGTGGATGCCCAGCTCGCCGCCCGGCTGGCCGGCTTTGAGGAGCAGGTCAAGGCGCGCCTGCGCGCGGCCGAGGTGGCCGGGACCGATGAGACCCCGGTGTCGCTGGCCGGGAAGGTCGCCTACATCTACGGCATGCACGACGGCAAGGTCGTCTGGTACGGCGCCGGCGCCACCCGCGGCCACGCCACCATCAAGGGCTTCGGCCTGCTGACCGGTTTCACCGGCATCCTGGTCCGCGACGACTACGTGGGCTACTACTTCCTGGACAGCCTGCTGGCCGGGGTGCAGATCTGCCTGGCCCACATAGTGCGTGATCTGCGCCGGGTTCACGAGGCCGATCCGGTACGAGGCGCCTGGGCCGGACAGCTCCGCACCGTGCTGCAGGAGGCCGTCCACACCGCCAATCAGGCCGTCCGCGACGGGAGAACCGATGTGAACCCGCGGGTCATCGCCGACATCCGGGCCCGCTACCTGGACCTTGCCGAGCAAGGGATCAAGCTCAGCCCCCACCACGCCGGACGGCCCAAGAACCAGGCCCGAGTCCTGGCCGAACGCCTGAAAGATCGAGTCGACAAGGCCCTGCTCTTCCTCACCGACCTGCGGGTCGGGGCCACCAACAACGGCAGCGAGCGGATCCTTCGAAGGGCCAAGACCCAGATGAAGATCAGCGGCTGCTGGCGCAGCATGAGCGGCCTGCAGGCGTTCTGCCGCGTCCACACGTACCTTGTCACCGCCACCAACCACGGAGTCGACGCCTTCCGCGCCCTGCGCGACGCCTTCCTCGGCAGCCCCTGGGCCCTGCCTCAAACAGCTGCATAACCCAAGCTCACAGATACGTGTGAGTGGTTACCTCACCGCAGGGCGGCGGGGCCATTGCGGGTCCGCAGTTGGTCCACCGCGGGTCCACCGCGGGTCCTCCGCGGGTCCACCGCGGGCGAGCCGGAAACCGCAGGCGACAACGCGCTGCATCATCTGGCACTTCAAAGCGACAAATCACTCGATGAATGGCTGAAACACATGAGCAGACCGCCGACATGTGATCCCAGCTAATCGCCGCTCAGGGGTGTTCACGGCGCGCTGGCATGGGAGAATTAAGACAGGCTTTCGAATCGATGGGGAGGTGTGATGGATCTGTTCGACTCTGACCCTGCGCACCCTCATCGTTCGAACGATAATGGTGATGGCGACTGGTGGGATCAGCTCACCGCCAAATCGCCCCTCTGGTCTGCCGAGGGCGCTCTTGCCCGTGAATATGTGCCGATCGTCGAGCCCGGAGCGCGGAAGAACGTGAGCCGGTTCGACGAATCGGCGGAATCGCCCAGCTCTGTCCCTCCATTCGATGCTCATCGCGGCCATGCGCCCGGTGCTGAACACCCCCGTGAAGAGACCGCGAATGGTGTCGCTTCTGACGGCGTTTCTCCTGACGGTGTCTCTCCTCACAATGTCTCTACCGGCGGCGTCTCTACCGGCAGCGCCGGATGCGCCGGATGCGCCGACGGCGGCACTCCCGCTGGCGCTCCGCGAGATGTCTTCAGCGATATTCCCGACGAGGTTCCCGAGGGTGCGTCTGACGGTGCCGCGGGCGCTGGCCGGAACAATGCGGGCCGCGACCACGAAGCCGGCCGGGATCGGGGTGATCGGGACGTCGGCAGCGCACCCGGCAACGCGTCTGGTGGTGCCTCTGACGGTGGCCTTGGCGGTGCTCGCGGTGGTGCTTCCGGTGGTGCTTCCGGCGCGGGGTCGTCGTCCTGGGTGGCGGTGGCGGCTCTTGTCGAGGCGGCTCGGGTGGTGGCGCTGGTGCCGGTGCCCGAGGACGCGGGTGTATGTCTGGCCGAGGCCGAGGAGTTGCTTGCGGTCCGTGATCGGATCACTTCGGCGTTGGCGGCCCGGGTGGGCCGTGTCCATCGGGCCGGGGAGGCGAAGCACCATGGGCATGCGTCCACGAAGTTGTGGCTGCGTAGCGCTGGGGGGATGACGCCCGCGGGGGCGGGCCGGTTGGTGACGATGAGCACGGAACTGCACCGTCTGCCGAAGGTCCGCCGCCTGTTCGCGGAGGGTGGCCTGACCGAGGGGATCGTGGAGGCGATCTGCACCGCCACCGCGGGGTTGACCGACGACCAGGCCACGACCGCTGAGCGGATTCTGCTGGAGTTGGCGAACTCGGCGGGTGCGGCGGAGGTGGCGAAGGCGGGGCGGTACCTACGCGCGGTGCTCGACCCTGACGGGCATGAGAAGGACGAGCAGGCGGACTTCGATCGCCGGTTCTTCCGGGTCCGCCGGCGTAGGGGCGGCGGGCTGGAGGGGGAGTTCTACCTGCCGGTGGAGGCCGCCGCGCGGTTGCAGCACATGCTGGACGTCTACGCCAAGCCGAAG
NZ_CP109552.1_gap22	811755	815161	3406	TGGAGCAGCGGCGGGCTGACCGACCTCAACCTGCTGGGGCCGGCGTGCCAGTTCCACAACCGCGACCGCTACCGCCACCCCACCCGCTACACCCGCCGCGAGATCGGCGACGACCGCTGGGCCTTCACCTACCGCAACCCCCGAACCACCCGACTGCGCGTGTAGAGGCGGGGTGCACGGGAATCGGGCGCGCCGTCAGAGGGCGGGCCAGTCAGAGGGCGAGGCGGGCGGAGGCGACGAGGATGCCGTCCTCGTCGCTGTAGAGCCACTCGCCCGGGACGAAGGTGACCTCTCCGAAGGAGACCGGGACGTCGACCTCCCCGAGGCCGGACTTGGCGCTCTTGCGGGGATTGGAACCAAGGGCCTTGATGCCGAGGTCCAGGCCGGTCAGCGCCACCGTGTCGCGTACGGCGCCGTTGACGACGACGCCCGCCCAGCCGTGCTTCACGGCGGAGGCCGCGATCAGATCGCCGAGCAGCGCCGTACGCAGCGATCCGCCGCCGTCGACCACCAGCACCCTTCCCTCGCCCGGCGTCCCGAGGAGCTGCCTGACCAGCGCGTTGTCCTCCAGGCAGCGGATGGTCGAGATCTGGCCGGAGAACCGGGGACGCGAGCCGTACGAACGGAACTGGGTGAGGCAACTGCGCAGCGCGTCGCCGTGCGCGTCGTAGAGGTCGGCGGTGGCGAAGCTCATGCGGGGAATTGTGCCAGCGCGCCTCGTCAGGGCAGCGTGCGGCTCTCGCCGACCGCGAGGTCCCACAGGTCGCCCGGGTCAAGACCGCGCGACTCCCAGGCGGCGCGGGCCTCGCGCACCGGTTCCAGGAGCGGCTCACCGGACAGCACGAAGGTGCCCCAGTGCATCGTCGCCATCCGCCGGGCGCCCACGTCGAGGCACCCCTGTACGGCCTGCTCGGGATCGACGTGGGAGACCTTCATGAACCAGCGGGGATCGTAGGCCCCGACGGGCATGAGGGCGAGGTCGATGCCCGGATAACGCTCACCGATCTGGGCGAGCCGTTCCCCGTAGGCCGTGTCACCCGCGAAGTAGACCCGGTGCTCGGAGGAGGTGAGCACCCAGCCGCCCCACAACGTCCGGCAGGTGTCCCACAACGTCCGGCGGCTCCAGTGGTGGGCCGGGACGAAGTCGAACGACACCTCGCCGAGGCGGGCCGACTCCCACCAGTCCAGTTCGGTCACGTTATGGAAGCCCCGGCGCCGGAACCAGCCCGCGAGCCTGGCGGGCACGAAGACGGCCGTGTCTCGCGGCAGGCGGCGGATGGTCGGCGCGTCGAGGTGGTCGTAGTGGTTGTGGCTGATCACGACCGCGTCGATCTTGGTCAGGTCCGACCAGGCGACACCGGGCGGGGTCAGCCGCTGGCGCACGCCGGGGATCTTCCGGGACCACACCGGGTCGGTCAGGACGGTCAGCCCGCCGATCTGCAGCACGAACGTCGCGTGGCCGACCCAGGTCACCATGGTCTCGGTCGCCGCGGCACGGGACAGGCCCACACGCTGGACAGGAATCTGGTCGCCGTCGCCGATGTCGGGCCTGAGCTGCCCGTGCCACATGACGCTCGTCACCTCGCGGAAGTCCGGGAGGGGAGCGGTCAGCCGGTCGGCGAAGCTCGACGGCCACCGGCGGGGAGTGGTGGCGGGCCGTACGACGACATCGGAAGAAACGGGAATTTCTGGGGCCTCAGGGCTCTCCGGCTGAATCGTCTGCGACATGGGGAACTCCCTTCCGCTCTCATGATCCCCACGAGAACGGAAACATTCCTCCTACGACCGGCGGATTCGAGTTCTCCCCCACCAGGGACGCAGCCGGGGATAGCCGCCGTCGTCGAGGTCGGCCATCCGTTCGAAGAGGTTCCACGAACCCGGATGGCCGCACAGGACGAACGAGATCGCCGAGGCGACGAGGTACAGAACGACCATCGGCAGGCCGACGCAGACGGCGTACTGCGTGGCGTGGCGCGCCTCGTGTTCGAGCAGCCGGCCGCTGAGATAACCCTCGCCGTGCTTGGTGAGGATCACGTTGCCGACCGTGAAGGCCCCGGCGACCGGGAACGGGATCCGGTAGCCGTGCGCGTAGACGAGCCCCCGCTCCCCCCTGCACGTGCGCGCCCGGCCCAGCCTCGCGATCAGCAGGCCGAGAGGCGTGGAGAGATTGGCGTAGTTGACGACCTGCCGGACCCGGTGCGACCGCCGCATGTCCCCAGAATCGGCGACTCTCCGGCGCCGGGCAAGCTAGGCCAGCTACCCGGGCCAGCTACACAGTGAGCTGCACAGCGAGCTCACGCCCGGTCGTACGACCGCAGCAGCCAGGAGCCGGTGGAGCGGGTCACGGCCACGGCGGCCGCGACGGCGAGGACGCCGCCGTAGAGGTACCAGTAGCCGGCGGAGTTCCCGGCGATGGCGAGGTCGCCGGCCCGCTGCGGCGTGGCCAGCACGAACGAGACGAGGAGCCAGCCGGCGGCCGGGACGAACGCGCCCAGCTTGCCGCCCATCATCCTGCCCATCGCGTACGGCAGGGCGAACAGCACGGCCAGCCACGCGATCGCGGCGATCGGCAGCCTGCCCAGGTACCACGCGTGCTGGAAGCCGCCGACGACCCCCAGCACGAGCCCCAGCAGGAAGAGCATGCCGTAGGCCGCACCGGCCACGGCCCCAGCCACAGGACCAGCTACAGGACCAGCCGCAGAGCCGGCTGCAGAGCCGGCCTGCGTCTCCTCGGTCTCCTGGGTCACCACATCAACCTAGCCGATGCCGGCGAACAGGTCGCTCTCGCGGTTGTAGGGCTCGCCGATGCCTCCCGCCTCCGGCGGCACGCCGATGCTGGGCGGCCCGGGCACCCCCGCGCGCAGGATGTAGTGCTCGACCCCGAGGATCTGCTGGCCGATGTTGTTCGACAACGCGAACCAGGGCGCGTCGACCGCGATCTGGGTCGCGTGCGCCCGCATCGCGTCGATCTTCGCCTCGACGTACGGCCGGGCGTCGATCTCGGTCGTCACGTCCTCGTCGGGGCACGCCGGCAGGTCCTCGACCGAGTCTGGCACCCAGAAGCCGACGCGGGCCTCGCGCATCGTCTCCGCCGTCCGCCGCAGCACGGACCTGGGCATCGCGGTGCAGTAGAACTTGGCGACGCGCCACGGCTGCCCGCCGGGGTGCTCCGGATCGGCTGCCAGCTCGAAGGCCCGCCGGGAGACGCGGTGCGCCTGGATGTGGTCGGGGTGGCCGTAGAAGCCGTTCTCGTCGTAGGTGACGAGCACCTGCGGCCGGACCTCCCGGATCACCTTGACCAGCTCGGCCGCGGCCTCGTCGAGGCCGGCCCGCCAGAAGCAGCCGGGGCGGTCGTTGGCCGCCCCGCCCATCATCCCCGAGTCGCGCCAGCGGCCGGCGCCGCCGA
NZ_CP109552.1_gap23	840119	841539	1420	GCCGTCGGCCCCGGTGGGAACGTCGGTCGTCGAGGGGAACTGCTCCGTGGTCGCGGGAGGCTGCTGGCCCTGCTGGCCCTGCTGGTCCTGCTGTCCGCCGGTCGACGAGGGCGGGGTGGTGGCGTGGGTCGGCGTGGGCTTGGTGGTGGTGTGCTTGGGCGTCGGGGTGACGGTGATGGTCTTCGTCACCACCGGCTCGGCGGTCGGGCTGGGCGAGACCGGCGGCGTCTGCGTGACGGTGACCGTGACGACGTCGCACTCGTCGCCCTGAGTGGGGTCGCACGGCTTCACCGGGTCGGCGGTCGCGCCGAGCACCGGGCTGATGACCACGACCGCCAGCGTGGCGATTGCCAGCGACGCGGCGGCCGAGGACGCGGCCCTGATGTATGCGCGTCCGATCACCGATCGCCTCCTGTCAGCGTGTGCGAGGTCAACACCGATTGTAGTTCGGTCCACGGGACCGCAAAGCCGGTCTCAGGGAACGATTCCGCGTCCTATCCGGAAAACAGCTATCTGGGCAACAGCTGTCCGGGCAACAGCTATCCGGGCAACAGCGTCTCGATCGCGGCGACCACCGGCAGATCCGCGGGCAGCCAGGCGACGTCGTACAGCTCGTGCGGCTCCAGCCAGCGCAGCGCGAGGTGCTCGATCGGCCGGGGGACGCCCGCGGCGAGCCCGGCGAGCCAGACGTGCATCACATGGCCGTTCGGCAACGGCCAGTCCCCGCCGACGCGACGCGAGACCACGATGTCGACGCCGAGCTCCTCGGCGCACTCGCGCACCAGCGCGGCGCGCTCGTCCTCCCCCGGGTCGACCTTCCCGCCGGGGAACTCCCAGCCGCCGCGCAGTTCCGGCGGAGCGGACCGCTGGGCGGCCAGGAGCCGGCCGTCCGCCACGATCGCGGCGCCCACGACCAGCCTGCCGGTCACGTCTGGGCCCGCTTGAGCTGCGCCAGCACGGTGTCGTTGCGGAGCGGCCGGGTGAAGCCGACGATGTTCGGCCGGTCGCGGTAGGTCGTCACCTTGATCGGCCCGCAGAGGGTGCACCTCGCCTCGATCATCGTTCCGGGCGAGACGACCATCCCGACGTGCCCGGGGTTGTCCTTGGACGTGCCGGGCCCGGCGTCGAAGAAGACGAGGTCGCCGGGCTGCTCCTCGCCCTGTTCGATCCGCGTGCCGAAGGGCCACTGGCCGAAGGTCGTCCGCGGGATGCTCAGACCGGCGTTCCGGTAGGCCATGTAGATGATCCCCGAGCAGTCGAAGGCGTCCGGGCCGGTGCCACCCCATCGGTACGGCTTGCCCCGCTGCGCCAGAGCGTATTGGAGGATCTGGCGGACGACGTCGTCGGGGGCGCTGTCGACGAACCCCGAGTCGCAGGCGGGGTCGGCCTCGGCGGGCAGGCCGATCTCCCCCGTCGCGGC
NZ_CP109552.1_gap24	931817	933973	2156	ACCGGCCTGCTCGACGAGTGGTCGCCCATGGTCAAGGGCTGTGAGATCAACGACCACCCGTACGCGCCCGCCTGCGTCCGGTGCCGTCGGCTGGCCGCCGCCCACGGCGACGACCTGCCGGTCGCGTGGAAGCACCGCGAGGACCGGTACGGCGAGAAGCTGGCCACCCCGGACACCTCCGTCGGCGACCTGATCGGCGACGTGGACCCCATCAAGATCGCCGAGGGCCGCACGCTCGGCGACCCGGAGACGGTGCACTACGGCCTGGTCCCCCGCACCAACAGGGGCGTCTTCTCCGTCAACGAACTGCCCGACCTGGCCGAGCGCATCCAGGTGGCGCTGCTGAACGTGCTGGAGGAGCGCGACATCCAGGTCCGCGGCTACAACCTCCGCCTCCCCCTGGACGTCCTGCTGATCGCCAGCGCCAACCCCGAGGACTACACCAACCGCGGCCGGATCATCACGCCGCTCAAGGACCGCTTCGGCGCGGAGATCCGCACGCACTATCCCCGGACGGTCGAGGACGAGCTGGTCCTGATCCGCCAGGAGGCCGACCTCGACGCCCTCGGCGCCGACCTGCCCGACCACCTCGTGGAGGTGATCGCCAGGTTCACCCGCCTCGTCCGCGAGTCGACCGCCGTCGACTCCCGCTCGGGCGTGTCGGCGCGCTTCTCGATCGCCGCGGCCGAGACCGCCGCCGCCTCCGCCGTACGGCGCGCCGCGCTGACCGGGGAGGAACGGCCGGTCACGCGGGTGTGCGACCTGCCCGGCGTGGTCCACACGCTGCGCGGCAAGGTGGAGTTCGAGGTCAGCGAGGAGGGGCGGGAGGTCGACGTGCTCTCCCACCTGCTGCGACGGGCGACCGCGGAGACCTTCCGCGGCACGCTCGGCGGGGCCGACCTCACGCCGCTGCTGGACCGGTTCGGCGAGGGCGCGCGGGTCGAGTCGGGCGATCTGGTGCCCGCCACCGAGCTGCTGCGCCGCATCGGCCGCGTCGAGGGGCTGTCGAAGATGATGGCCAGGCTCGGCATGGGCGAGGGCGACGAGTCACCCGGTCACGCCGCCGCGGCGCTGGAATTCGCCCTGGAGGGGCTGTATCTGATGCGCAGGCTGTCCAAGGACGAGACCGACGGCGGCATGGTGTACCGCACGTGAGCTACTTCTACCGGGATTACCACGACGGGCCGGATCCGCTGGCTCCGCCATACGACGTGCGCGCGGCCCTGGACGAGATGGGCGACGCCGTCCTGTCCGGCTCGACGCCGCTCGACGCGCTGCGCGACCTGCTGCGCCGGGGGCTGCCCGGCGCGCCGGACCGCCGCGGCCTGGAGGATCTGCTCCGCCAGGTGCGGCGCCGCCGCCGGGAGCTGCGGGAGGGCACCCGGCTCGACGGGACGCTGGAGCGGGCCCGCGCCCTGCTCGACAAGGCGATCGGCCAGGAGCGGGCGGAGCTCCAGGGAGAGTCCGAGGGCCGGGGGGAATCCGGGGATTCCGCGGACGACGCCCGGTTCCGTGAGGCGATGCTGGACGCGCTGCCCTCCGACACCGCCCGCGCGGTGCGGGAGCTCGCCGGCTACGACTGGCGGTCGGCCGCCGCCCGGCGGACGTTCGAGGAACTGCGCGACCTGCTGCGCAGGGAGGTCCTCGACAGCCGGTTCCGCGGCATGCGGGACGCCCTGGCGAACCCCGATCCGGCGGCGATGGAACAGGTCCGGCAGATGATGTCGGACCTCAACGACATGCTCGACCGGGATGCCCGGGGCGAGCACACCCAGGATGACTTCGACCAGTTCATGCGGAAATACGGGGACATGTTTCCCGAGAACCCGCGAAACCTGGACGAGCTGGTCGATCAGCTGGCCCGCCGCGCCGCCGCCGCCCAGCGGCTGCTGGCCTCGCTCACCCCCGAGCAGCGCGAGGAACTGGCCGGGCTGATCGACCACACGCTGGAGCAGGCCGGCCTGGCCGAGCAGATGAGCCGGCTCGGCGACGCCCTCCACGCCCGCCGCCCCGACCTCGCCTGGGGCACTCCCGAACGCGTGTCGGGCGAGCGGCCGACGGAGATGGGCGACGCCGTGACCGCCCTGCAGGAGCTGGCCGACCTCGGCGACCTGGAGAGCGCGCTGCGGCAGGACTACCCCGGCGCCCGGCTCGAC
NZ_CP109552.1_gap25	979785	981257	1472	GCCCACCTCCTGCTGGACCGGAACGCCACCGTGACGGTCTGTCACTCCCGTACGAGGGACCTGGCCGCCGTCACCTCCACGGCCGACGTGGTCGTCGCCGCGGTCGGCCGCGCCGGCCTGATCACCGCCGAGCACGTACGGCCGGGAGCGGTCGTGGTGGACGTCGGCACCAACCCCACCGAGGACGGCGGCCTGGTCGGCGACGTGGACGCCGTCGCGGTCGCCGAGAGGGCCGGAGCGCTCACGCCCGTGCCCGGCGGCGTCGGCCCGGTGACCACCGCCCTCCTGCTGCGCCACACCGTCCACGCCGCGGACCGTACTTGTCCCGGCCCCCGCTGATCAAGCCGTCGTCGCGCAGGTCCACCCCGCCGCTGGGAGGTAAGGCGTCGCGCCCACGGCTCTTCACTTCGGAACGTGTTCCGAAGTAGTATGAGGCATGACCATGCCGACTGTCCCGTTCTCCGACTTGTCGAAGCACTCCAAGCGCGTCGCCGAGACGGTGGAGCGGGTTCACCGCGTGCATATCAAGCGGCGCGACGGGGAGGATCTGTTCATCTCCACCGCTCGTCACGACCGCGAACGCGAGGAGACCGCCGAGGTCGCGGCCCGCATGGTCTCGGCGCTCCTGTCCAGCGAAGAGGGCACGCAGGTCGTTCTGCACGCCCTGCCCCGCGTCTTCCCCTGGGTCAGGCACCTGTCCGGCGACGAGAGACAGCAGTTCATCCAGGACCTTCTCGATGCCACTCATGACGCGATAGATCTGGACGTGCACGCGACACTGCACCGGGTCATCGTCGAGTGGCGGGCCACAGCCCGAATACTGGCGAGTCCGGCTCTGACCGCACAGCTCACCCGGCCGCTTCCGGACGAGGACCACGGCGAGGTGCTCGCGCCGTGAGCCCCAAGCGCGGAGACGCGGTGGCTCCACCGCCGGTCGGCGACGAGTGGCATCTGCGCTTCGCCACCAGCGAGGCCGCCAAAGGCTGGAGCGACCTGTGCACGGATGCGGCCGGGAACACCCGGCGCTGTTTCGAGGCGTTACGCGCCGACCCGCTGTCACAGAATGACCCCGACCGGCAGCATCGCCTGCGTGGCCGCCTTGCGACGGGATCGCTCGGCGGCCGCGACTACCCCCAGTGGGAGTACGAGGTCACCGCGGGCGGTCGTGTCCGCTACCTGGTCGACGAGTCCCGGCGCACCGTCTACCTCGTCTACGCCTCGACTCGCCATCCCAAGGACACCGACGCCTGACCGCGACATTCCCCCAGGGGCCACTACAAGCGCCGCTGCCGACGCGAAACCCGTTTGGTAGCGTCCCCCGAGGAAGGCGGAACCCGGCCACCTCCTCTTCTCCGCGGCGGGGCGGCGCAGCGCCGCCGGGAAGGACATGTGCCGATGTCTGAGGAACCGACCATCTAGCAGATCCGGTTGTGCGTTTATGCGACTGCCCAACAGGCCGAAGAGATCAAGGA
NZ_CP109552.1_gap26	1031697	1035891	4194	AGGGTGCCGTGCAGGAGGACGTCGACGAGTTCCCCGGGAGACGAGCCCAGGTCACCGGACGCGGGAAGCGGCCGGGTGAAGAGCATCCCCAGGAAGACCGATGCGACCTTTCCGGGTTCCAGGCGCAGCGACGCCCGGTCGGGCTCGATCAGCTCGACGATCGCCTCGCGGGTCGCCTTCATCGACGCCTCCCTGCCACCGGGTGGCCGGTCTCCGGAGCCTCGCTCGCGGCGGTGTCCGCTGCCGTGCAGGGCGCCGATCACGGTCCCCATGCGGCCCAGGTGGGCGCGCAGCGCCTCCGCCGCCTGCGTCAGCCGATCGGCCAGCGGTTCGTCGAGGGAGATCGAGGCCAGTTCGCGCAGCACGTGGCCGGGGTTCATCGCCTCGACGAGACACGCGTCGAGGAGTTCGTCCTTGTCGGTGAAGACCCGGAAGATCGTGCCCTCCCCGATGCCGGCCGCGCGGGCGATCTGGCTGGTGGTGACCGCGGCGCCGTGGTCGGCGACCAGGGGAAGCGCCGCGGCCACGATCATCTCTCTGCGTTGTTCGGTGCTCATCGCCGGGGCTCGCCGGCGGGGTGTCGTCGTCTCTGTCATGTGATCCATTGTGCGGAGTGAGTACTCACTCCGTCAAAGGAAATACGTCATCGCTCCCGACCCGCACACGGTCGCCGCCGCCGAGCACCCGCCGCCTGCCTCGGAAGCACCCCTGCTTGCCGGCCTTCTCTCAGGCCCACTGAAGTTGTCAGTCCTTCGCGCCGCGTGGCCAGGGCGGGCCGGTCAGTCTGGCAAGCCTGTTCCAGGTCAGTCCCAAGTGCGCGACGCCATGCTGAGCTCATGGACCTGACCGACGCTGTCGAGGCGCTCACCACGACCGTGACCCCGGGGCGCCGGATGCCGGGAAAAATCGGGATGGGCATCCTCCTGATCTGCTGGCTCGCGCTCGGGGTGCTGCCGTTCGTGGCCGCGGTGCCGGACTTCAAGCTGGCGACCGGAAAGATCGGCACTCCCGGCACCCTCACCGTCGTCTCCTGCGTCGCCCTCGGCCAGGGACGGTACGACTGCAAGGGCAGGTTCGTCCCCGACGGCGGTGGAGACGCGGTCGCGGTGGCCGCCTCGCCCGACTCGGAGGCGGGGGACGTGACGCGGGCCCAGCTCACCCCCGAGGGTGACCGGGCGCTGCCTTCCGGCACGAAGGGCGTCCTGCGGGCCATGACGCTCCCCGCCACCGGCCTCGGCGCGCTGGCCTTCCTGCCCTACGTCCTGCTGTACGTCTTCAAGGTCAGGCGGGGCCGCAGGACCGCCGTGATCGCGGGATCGGTGGTCGCCACCCTGTCCCTGGTGCTGATCGTGGTCGGCCTGGTCGCCGCCTACTCCTGACCGCCCTGGCCCGCCGGCGCGGCCCGGGCCCCTGGAGGGGGCTGAGGATGGGCGTGGCCGCTCATGGTCACCCGTGCAAGCAGAGAGGGCGGTCCCGCCGGGCGGAACCGGACTTACCGACGCCCCCGTAGCGGATCGCATGACAATCGTGGCCGGCCCTCGCCGTGCGAGGGACGGAGCCGCGTCCCCCGCTCCGCGGCGATGCGGGTTCGATCCCTGTCGAGAGCCGGCCCTTGAGCAGCAACCGAACGGCCAGTGGCCCTAGCGGAGCGCTGTTGCCGGGAGTTACCGCCATCCAGCGTTCGGATGCGGGCCGAGCATCTGACAAGAGCCCTCATTTGTGGTTCGGCGAGCCGTAAGGGGCCGTAAGGGGCCGTAAGAAGCCCGCAATCTCCTGGGCCGCGGATCATGGCACTATCTGGATGCGCTGCCGCAGTGCGTGACCGGTCTCGGTTCACATGTAGAGAGGACAGTTCATGCGCAGCTACATTACGGAATTCATCGGAACGTACTTCCTGGTTCTCACGGTCGGTGTCACGGTCTTAACGAAGACGCCCTTGGCACCCGTGGCCATCGGCGCGATCCTGATGGTCATGGTGTACGCCGGAGGACATGTCTCCGGTGCCCACTACAACCCCGCCGTGACCTTGGCCGTGCTCCTCCGCGGCCGGATCAATCTGGCGGACGCCGTTCCCTACTGGATCGCCCAGCTAGCCGGCGGTGTTCTCGCCGCGCTTACCGCTACCTATATCGTCAATCCCCGCAGCGTGCCGACGCTCTCGCCCTCTGGGCGTGAGCTGGGGGTCGCGCTGCTGGCCGAGGCGCTGTTCACGTTCGCGCTCGCGTACGTGGTGCTGAACGCGGCCACCAGCAGGGACCACCCTGGTAACAGCTTCTACGGCCTGGCCATCGGATTCACCGTGACGGCCGGCGCATTCGCGGTCGGCGGCATTTCCGGTGGCGCCTTCAACCCGGCTGTCGCCGTCGGCGCCGCCTCCATGGGGCTTCTCGCCTGGTCCAAGATCTGGATCTGGCTCCTGGCCGACCTGGCCGGCGGCGCCCTGGCCGGAGTCGCCTTCCTCGCGCTCAACCCGAAGGAACGCGCCCCGCTGGAACTCTCCGCGACCTGACCGCCTGGAGCCGACATGATCAGCGCGCGCGAAGTCGTCGAGCAAGCAGGCGTCGATGTGAACAAACTGATCGACCGGCTCACCTCCGCCGCCGCAGCGGAGCTGAGCGCCGTCTACCGCTACACAATCCTGACCGCTTATCCGCTCGGCTTCGCCGATGAGGAACTACGCCAGATCCTCAAAGACATCCGCGATGAGGATCGCCACCACTTCGACGCACTCATCAACCGCATCTACGAACTGGACGGAACGCTCCCCGAGGACATCCGGCAGTTCCTGGGAAGCGGGCATGCGTCGCCGTGGGGATTCCCCAGCGACGCGCAGGATCCGGTCACGACACTCATCGAAGACGTACGACGCGCCGTCCACCCCTACGGCGGCCTGTGCGACCTCACCGAAGGCAGAGATCAACGCACCTTCGTGCTGGCCCAGGCGATCCGCAACGAGAAGATCGAACACATGGCGTGGCTGGAAGAGTTCCTCAGCACAGGACCGCCTGCGCGCTTCCGCCCCGGCTTCCGCGGCCGCTCCCCCTTCCTCGCCCGTCTGTCTGTCGCCTCCGAGAGGACCGAGCCGACAGCGTGACCTCATCAACGTACTCCTGCAGGATCCGGGCACGCGGTCGCGCGAACGCGATGCGATCTCCTCCGCCGCCTCGGCCTGATCGACATCACGAGCAGGGCCTGTCGGCCTTCGGCCTGCGGGACGCGGAAGCCGGCGCACGCTGGAGCTACCTCAGCAAGCCATCGAGGCACTACGTCAGCACCACGCACGGCAGGCCGCTCAGCGTCTCAAGGCGGGCGAGGCATGGCAGGATCACGGCCTGACCTTCTGTACCACGGTCGGCACTCCCCTGGACGCCCACAACGTCCGTCGATCCTTCCGGGCGATCACCAAGAAGGCCGGACTCGGGAAGGAGTGGACTCCTCGGGAGTTGCACCACTTGGGCACCGCTGCGATTAAGCGTGGGATGTTTGTACGCTCAATGATGACCATGGTGGGTCCGTGCAGGTATGTGCCGGTCGACAGCATCGCAGCACACCGTGAACCCGCTGTGCCGGGGACACTCCACCTCACGGGAGGTCGGGCAGAAGTAGATATCGGGACAGCCGCAATCGAAGAAATCCGGAAGCGGACTGGGTAGGTCGGGGCTGGACATGTCGTCTAGCATGCCTGATCGGCGGCAGACCCGTATCGGCGAGGCCGTCCCCCGATTGTCCCTAGCGCGCCATTTCGGCCTCAGGCTCCCGGAACTCGTCCACGGGCGAAACCTCGCGCAAGCCGTGCCGGCGGTGGAACCGCTTCAGTGGCCCGGGCGCCCACCACGCGGCCCGACCCAGCAGGGTCATCATGGCCGGCAGCATGAGACACCGCACGATGCTGGCGTCCAGCAGGACCGCGACGAACAGGCCGAGGCCGATCTGCTCGATCTGGCCGACCTTCGCTGCGGCGAAGACGGCGAACACGATCAGCATCAGCAGCGCGGCCGAGGTGATGATCCAGCCGCTCTTCTGCAGGCCGTGCCGGACCGCCGTGTTGCTGTCCTCGCCACTGTCCACGTACTCCTTGATCCGGCCGAGGATGAACACCTCGTAGTCCATTGAGAAGCCGAACGCGAAGGCGAACACGATCAAGATCACGAATGGGCTGAGCCCACCCACGGTGAGCGTGTCCAGCGGGCCGGC
NZ_CP109552.1_gap27	1077040	1077687	647	AAGATTGGCCTGCTCGGCCGCGGCCCTCACCTCTGGACGCTCGTAGAGCTCCGCCTGCCGCGCCTCCTTTTCCTCCTTCTTCTTGAGGAGCGAATATGAAGGGTCGAATCGGCCGTAGAACTCAGCGGCCTTGAATGTGATGCCCTCCCACGGAGGGTTGCCGATCATAACGTCGAAGCCAGCGTCGGCTCGCCTCCTGCCCTCGCTGTCGAAGAAGACCTCAGGAAACTCGATCTCCCAGTGAAAAGGCCGGACCTGCTTCCGGATCCGCTGGGTCACCCCCTGCAGGTGCGGAGATAGCTCCTTACCTCCCTTGATGTCCTTTCGGCCGTTCCGCCACTGGGCGCTGTTACCCCTGAGCCGTTCCTCGAAGAACGGGGCGACCCACCAATCTCCGAGCTCCCGGAGTCGAGTGAAGTCATCGCCCTTCAGCAGGCGGGTGAAGCGCTGTTCCTTGGCCCGGATCTGGAGCCGGTCGTCTGAGGGGTCCGTGGCGAGGCTCCGCCGTACCCGAGTCACCATGGCAAGGTCGGGTTCCGGCATATCGAACAGCGTTCCCTGGAGGTCGTTCTCCGGCGTGGCGCCCACCTTTCCCTCGCGTCCGCCCTGCGCCAGCGCTGGGACGCCTTCCCAGCTGTCAAAGCTCG
NZ_CP109552.1_gap28	1263363	1264684	1321	GATGCGCTCCAGGAACTCGGCGGTGACCGCCATCGCGTAGGTGTTTCCGGTCTCGGCCGCCGTGCGCCACACACCCGCCGCGTCGGCTGTCCTCCCCACACGTTCCAGCCCGTCCGTCAGCCTCCAGAGGGCGAACGCGTCACCGCTCCGCGCCACCATGTCGGCGTAACTGTCCGATCTCAGCAGTCTCGCCGAGGGCCGGGCCATCTCCCAGATCCAGCGCGCCGTTTCGACCGCGCCCTGCAGACTCGACACCAGCCGTACGGTGAATTCCCAGGTGGGAGGGGGAGCGGCCCCGGAAAGTACGGCTGCGACCTGGGTGTGGCTGTATCCGATGCGCCGGGCTATCTTGCGCAGCGACGGGTTGCCCGCCCGCTCCCGCAGGTGCGCGAGGTGCTGCACATATCGCCGATGCTCCGGAGTCAGGCCCATGCGCAGGTGATTGCGCGCCCGCCGCCTCCGGGCCTCGACCGCGGACGGGGTCGTCTTGAGCAAGCGCGCGATCTCGAAGGTCTGGAAACCCTCGGCGGTCAGATAAAGGATCTGTGCGGTCCGCCGGTCCAGGCTGCTCAGCAGATGCGCGGCCGCGGATCGCTCGGCCACCTCGTCGGCGACGTCGCCCGGCCCGGCCTGATCGGATGCGACAAGAGGCAGCGCGTCCACCGCGCCGTCGAACTCGTCCAGGGACGTCACCGGCACCCTGCCCCCGCTTCCGGTGGTGCGGTTGAAGATCCGGGCGACGCTCCGTGCGTGCGAGGTGACCCACGGCCGCAGGTTTCCGTTGATCGCGTTCCAGCGTCGGTACGTGGCGAGGAGGGTCTCCTGTGTCACGTCCTCGATGTCCTCGGGTTCCAGTTCATGTTCACGCAGGGCGTCGCGGACCCAGCGTGACCCGAGCGGGTAGAAGTCCTCGAAACGGAAGGGGATGCGCGCGCCGTAGCGGATGCTCTGCTCGGCGGTCGACCGGCGCAGCGCCCACTCCTGCGGGTCTCCCCCGCAGGCGCGAACAAGCACCTCAAGCAGCTTTTCCGAGGGGATGCTCCGCCCGGAGAACGCCTCGCTGAGCGCGGCCGGACTGTAGAAGGTGCGAGCAGACAGTTGCCGTAAAGACGGATCCCCGGCGTCCGCGCGCAGCCTGCGGAGGCCTCGGGCGAACTCACGAGCGACCTCTTCGACGCTGACAGGGGCGCCCGCTTCCTGGTTGCTCTGCTCCCCCTCCACGGGGCGGAAGGCCCGGACAGGTGCGGGACGCTCCCGCCTGCGCAACGCGACGGCGATGTGTTCCCGGCCCTGAGACGTGACCTTGTAGTACCTCCGGCGC
NZ_CP109552.1_gap29	1266171	1269674	3503	GGCACCTGGACTCCGTCGGCGAAGCCGCCCGTGTTCAGCAGCCCGACGTACCGGGGGCGCGGCGCGCGGGGGTCGATGAGAGCGCGGGTGCGCGAGCCCAGCCCGTCCGCGCCGACCAGCAGGTCGCCCTCGGCCTCGCTCCCGTCGGCGAAGATGCCGCGGACGCCGTCGCCGGTGGCCTCCGCGTCCACGAGCCGCCTGCCGTAGTGGACCCGCACGCCCCGCCGTACGGCCTCGTCGCGCAGCGCCCGGTAGAGATCGGCGCGCGCTTCAGCGTGCGGCTCGGCTGCCGCACGGTGGCCAGATGCCTGCCCCGCGCGTTGCGGATCTCCATCAGCGGCGTGTCCATGCCGAGGTCGCGGACGAGATCGTGCAGGTCGAGCACTCGCAGGGCCTCCAGCCCGTTGACCGCCAGCGTGAGGAAGGCGCCGACCCCGTCGGCTCCCCGGTCGTACGCCTCGAAGACCTCGGCGTCGAGGCCCGCGCGCCGCAGTGCCATGGCCGTGACGGGACCCGCGATCCCGCCGCCGATGATGATGGCTTTCTTGGTCATGTTATGACTATACATACTATGACTACAGCACGGCGAGAATACGATGGAGCCCATGCCGACGCGCCGTTCCCCACTGGCCATGGCGCTGTTGTCGCTGGTCTGCGAGGCGCCGATGCACGCGTACCGCATGCAGCAGATGATCAAGGAGCGCCACAAGGACGACGTGGTCAACGTCGCGCAGCGCAACAGCGTCTACCAGACGATCGAGCGCCTGCTTCGTGACGGGCTCCTGGCCGTACGCGAGACTGCCCGTGAGGAGAACCGGCCGGAACGCACTGTCTACGAGGCCACCGAGACCGGCCGCGAGACGCTGCGGCAGTGGATGCGCGCCATGCTGTCCACCCCGGCCCGCGAGTTCCCCGAGTTCCCCGCCGCGCTCGCCTTCCTGCCCGTACTGCCGCCCCAGGAGGCGCTGGCGGCGCTGCGGCAGCGGATCGCCGCGCTGGAGGCCCGGCTGTCCGCGCTCGACGCCGAGATCGCGGACGGCCGGACCTTCCTCGCCCCGCTGTTCCTCGTGGAGAGCGAATATCAGAAGGCCCAGCTCGAAAGCGAGCTCGGCTTCGTCCACGGCCTCGCCGGCGATCTCGGCGAGGGCCGCCTCGACTGGGACTACCGCATCTGACGCGGCCGGAGCCGGCCGCGCTCATGAGCCGTCTCAGAAGTTCGAGATGACGTGAGCGAGCACCCCCGCGATCGAGCCGGGGTCGCTCGCCTCGTACGCGCGGGCGTGGGTGGCCTCGGCGATCTGCCGCAGCGCGCCGGTGTCGGCCTTGCCGCCGTAGGCGATGGTGAACACGCGTACGGCGGGCTTGCCCGAGTCGCCGATGGCGCGCTTGAGTTCGTCGAGCGTGGGACCGCCGGCGGTCTCGTTGCGGCCGTCGGTCAGCACGACGACGGCGTTGATGGCGTCGCGGTCGTAGTGGTCGCGCAGTGACTTCACGGCGTCACCGATGGTCTGGTACAGCGCGGTGGCCGCTTTGGGGTGAAGTGCTCTGATGTCGGCTTCGAGGTGCTCGCGGTGGGTCCGGCCGTCGGCGGCCCTGGCCTCCATCTCGGCGACCTCGTCGTCGACGACGCGCGTACTGGAGAAGTGCCACAGCCCGACCCGGTCACGGCCGGTGAACCCGTCCAGCAGGGGACCATGGGCCTTCTTGACCAGGTCGAGCTTGCTCGGCTCGCCGGGCGCCCGATCGGGATCGTCCTTGGCGTTCCAGTTCATCGAGCCGGAGGTGTCGATCAGCACCAGCACGTTGGCCGGCTTCCTGAGCTGCCGCCAGACGGTCAGGAGCCGGTCCACCCAGCCGGCGGGGGGCTCGGCGAGCTGTCTGGGCAGGGGGACGCCCGGGGCGCCGTTCCTGGTGATGTTCTCGGTGATCTCGTGGGACGGGCCGCGGAACCCCAGTTCGGTGAAGCGGTCCCGGGCGGGCTTCCACGTGGTGAGGACGTGGAGGAAGTCGGCCGCCACGGCGCTCTGCGCGGGGGACAACCCGTTCAACGGGATGTAGGGGTGGTCGGAGTACATCGTGCCGACGCCTCTGCTGTCGGTGGGATCGATGTCGGTGGGATAGAAGGCGACGAGCCTGACGCTCGGCGGGTTCCTCTTCGCGCAGCCGGGCTCGTCCGACCGGCTGCCGCAGGGATAACCCTCGTTGTAGGCGACGACGCTGTTCTCCTCGACGGTGACCGCGGAGATGTAGTCCGTCGCGTGCCCGGCGTCGTCGGCGCGGCGCAGGTTGGCGAGGAAGGTCAGGGTCGTGTCGCCGTAGTGGACCACGGCCCTCTCGATGGCCTGCACCTTCTTCCGGTTCTCTCTGTCGGTGAGGTCGCTCGTGACCAGTTCCGCGACGGTGCCGGTCTGCGTGTAGAACGCGGCCACGGTGGCGTTCAGGCCCGAGGTGGAGTATTCGGGGTTGGTCTTGCCGAGCGTCAGACGGTCCTTCCTGATCATCGCGGGCAGGTCCTTCCAGCCGATCTTCCTGCCGGGCCAGCCGTGGTCTTCGGCGATCGTCTCGGGCATGGCGATGGTCAGCGGGCTGGTGACGATCGAGGGGCCCGCGGCCTCCGGCAGCAGCTCCAGGGAGTCCTTCCCGGCGGCCCGCTGCCGGGCGACCTGCAGCCACAACCGCGCGGCGGGCGCCCACACGTCCGGGCGCGGGCCGTCGGTCGCGGGATTCCACCCTCGGGCCAGCGCCTGCATGGCGATGCCCGAGTCGACGCTGTCCGCGACGACGGTCACGCAGCCGCCATGGCTGGAGCGTGGCCCGTAAAGCCGCGCGATCTCCCGGAGGATCGCGGACTTGTCGGTCGAGGAGGCGATCCGCAGCTGCGCGGTGGGCCGCCCGCAGGCCGCGAGCGCGGAGTCCGGCGACGCCGGGACCCCCGATGCGGAGACCCCCGCACCCGGGACCCGCGCCGCGGTGTCATCGCCGTCCGCCCGGAGGCTGACGACCGTGGCGGTGACGACGACCACCACGACCAGCCCAGCCGCGACGCCCGCCGTCCACCAGAGCCGCGGTGCCCGGCCAGGCCGTACGGATTCGAAGTCGTCGTCCTCCTCTTCCTCCTCGGTGCAGGCGGCGGGAGGGCTCCAGGAGGCCAGGAGGTCCTGTGCGGTTCCCACCTGCTGTGCGGCGAACTGCTCCGGCAGGCTGGTGGCGCACAGCTCGACGAATGCCTCCGCGAACCGCCGGAGTTCGTCCGCACCCTCGCCGGCCTTCTCCGTGAGGTCGCGCAGCCGCTCCCACGGCTCGGTGTCCGCGACGCCGTGAAGTTTGAGATACGCCTTCATCGGTTCCGGTGACGGCAACTCCCTCCCGTTGGTCAGCCGCGAGACACTGCTCTTGTCGTAGTTGATGAGGCGGCCGATCTCCTCCAGAGTCCGGTAGCCGTCGCGCCCACGCGGGGGACGCAGGACGAACAGGGCCCACGCGAGCGCAACGAGCGGGCCCCT
NZ_CP109552.1_gap30	1276912	1278129	1217	TGATCGCGTCGGTCGTTCCGGGCCGCGGGTGGCGCGACCTGCTCACGGACGTCGCCCAGGGGCTGCGCCGGACATTGCGGGCCCACCCCGGCGCGGCCGCCGTCGTCGCTGTACGGCACGCGTCTCCGCAGGTGTTCGAGCGGGCCGTCCCGACGGTGCTGGCCGCCATGAACGCGGGCCTGCGAGTGGCCGACGAGGAGGCGCTGTATCTCGTGCAGTCCCTTTACATCCTCGTGACGGGCCACGCCCTCGCCGAGTTCGGCGACACCCCCGAGCCGCCGGCCGCGCCCACCGCGTACTACGACGCCTGGTTCGGCATCGCCGTCTCGACGTTCCTCGCTGGCATCGAGGCGCGCTACGGCGCCTGAACCCCCCTGCCGTACGGAAAGGAAGCCCCATGGTCTCCGTCGCGCTCGTCCTGCTTGTCCTGGCCGACGCCTACTTCGTTCTCACCACGCTTGTGGACCTGTTCCCGTTCAACAACGTGCGGGAGGCGAGGCGGTCGGAGCAGGTCGCCGAGGTGGCGATCAACGCACCGGTCATGGCGCTCCCGGCCGTGCTTCTCGCCTGGGCGGCCGGCGCCGGGCTGCCCGCCCTGGCGTACGCCGGCGGGGCGCTGGAACTGCTCGCCGTCCTCAACGGCCTCGCGCTGTGGTGGCTTCCCTACCTGGCCGCCGTGACGGTCCCGTGGGCGACGGCGGGCACCGAGGAGAGCTGGGCCGCGTTGCACGCCCGGACGTACGCCAAGACCGTCATCGTGCTGCCGCACCGCGGCGATCGCCCGCGCCCCAACCTGGAGCACATGATCCTCCACGCGCTCATGCTCGCGGCCGCGATCTGCACGTTCGCGGCCGCCCGTACGCTCTGAGACGCGAAAGAGGCCGCCGCGGCCGAACGGTCGCGGCGGCCTCTCGGGACCGGATCGGCGGTCAGTTCAGGCCGAGCAGGTTCTTGAGGGGCTCCAGGGCGAAGTAGACGACGAACAACGCGCCGACCAGCCACAGCAGTGGGTGGAGCTCCTTCGCCTTACCGCGGAAGACCTTGATCACGATGTAGCTCACGAAGCCCGCGCCGATTCCAGCGGTGATCGAGTAGGTGAACGGCATCAGCACGATGGTCAGGAACGCGGGGATCGCGGTCTCGAAGTCGCTGAAGTCGATCTCCTTGACCTGCGTCATCATCAGGAAGCCGACGACGACGAGAGCCGGGGTCGCCGC
NZ_CP109552.1_gap31	1298252	1299530	1278	CGGACGTCCTCTTCTCCGACATAGACGTTGACAAAACGCCGAATCTTGCCCGTCTCATCCAGGATTCGACCTCCGATGCCCGGATAGTCCGCATCCAGCTTCTGCAGGACGTCGCGGAGCGTTCCCCCCTCCCCGCTTACCTCCGCGACGCCGTTGGTGTACGTCCGTAGAATCGTCGGAATCCGCACGGAAACGCTCATTGCTCACTCGCTTTCGTTGCTGCCGATGGGCCTGTGATAACGCTTTCAGTCGGCGAATGCCGCACGGAAGGCGCCGAGGGAGGGACGGATGACCGCGGACGGACGGGCCTGCGCGGCCACGGCGTCAAGTGTCTTGAGACCGTCGCCGGTGTTCAGGACGACGGTTTCGGCCTCGGGATCGAGGCGGCCCTCGCGCACGAGCTTGCGCAGCACGCCGACCGTGACGCCGCCCGCGGTCTCGGCGAAGACGCCCTCGGTCCTGGCCAGCAGGCGGATCGCCTCGACCACCTCGCCGTCGTTCACGTCCTCCACCGCGCCGCCCGTACGGCGGGCGATGTCGAGCACGTACGGACCGTCCGCCGGGTTGCCGATGGCCAGCGACTTGGCGATGGTGTCGGGCTTGACCGGCTGCACCACGTCCTGCCCGGCCTTGAACGCGCGGGAGACCGGCGAGCAGCCCTCGGCCTGCGCGCCGAAGATCCGGTACGGCCGCTCCTCGACCAGGCCCAGCTTGATCAGCTCGCGGAAGCCCTTGTCGATCTTCGTGAGCTGCGAGCCGGAGGCCACCGGGACGACGATCTGCTCGGGCAGCCGCCAGCCGAGCTGCTCGGCGATCTCGTACGCCAGCGTCTTGGAACCCTCGGCGTAGTAGGGCCGGAGGTTGACGTTGACGAATCCCCACTTCTCGCCCAGCTCGTCGCCGATGAGCTCGGAGCAGAAGCGGTTCACGTCGTCGTAGGTGCCGTCGATGCCGACCAGCCGGCCGCCGTACACCGCGGCCATGGTGACCTTGGCCGCCTCCAGGTCGGCGGGGATGAACACGCAGGAGTCCAGCCCGGCCCTGGCCGCCGCGGCGCCCACCGCGCCGGCGAGGTTGCCGGTGGACGAGCACGACAGGGTGTGGAAGCCGAAGGCGCGCGCGGCCTCGACCGCGATCGCGACGACCCGGTCCTTGAAGGAGTGGGTCGGGTTGCCGGAGTCGTCCTTGACGTGCAGCGACCGCAGCCCGAGCTCTGCCGCCAGCCGGTCGGCCCGCACGAGCTTGGTCCAGCCGGGCTGCAGGTTGGGCTTGTCCGCC
NZ_CP109552.1_gap32	1349182	1353234	4052	TAGGTGCCGGCTCCCGCCGCCGCCACCAGGGAGGTCACGTCCGCCGAGGCGCCGTAGACGATCCCGCTCGCGGTCACGTTGTCGGGAGTGTCGCCGACGTCCGCGGCGGCGGCGCTGATGGTCTGGTAGCCGCTCGCTCCCGGCGCCTTGATCAGCACCTGCCCACGCTGGGCGATGTTGGGCGCCAAACGGTTGTTCGCCGGCAGGCCCGGGGTGTCGGTCGTGGTCTGGCCGCGCCCACCCCAGTACAGCCGCGCGTACGCCACCTGGGCGCCCGCGGTCAGCGTGAGGTCGGCGGTGCTGGAGTTGAACGTCGAGGAGTCGGAGTCGACGTCGACATAGGTGGACGCGACGTCGTTGTTGCCCACCCCGTTACGCCGGGTCGTACAGTCGGACACCGCAGGCGGGTAACAGGTCAGCACGGTGTTCGCCGCCCGGGTCACCGCCCCCCGGTAGTTGTCGACGTAACGCTGGGAGAACGGAACCGGCGCCAGAAGGGCCTTCGACGTCCTTCGCAGCGTTTCGGACGTGCTCGCGGTCTCCGTCTCGGCGGACGACCCGCGCCGGGCCGGCCGCCGCTCCGCCACCATCCCGTCGGACGCATCCTCGGACGCATCGTCGGACGCGGGAGCGGAGGTGGTCCCGGACGTGGTCGCGGACACCGGGCCCGCCGTGGTGCCGGATGTGGTGGCGGCCGTGGTGCCGGCTGTGCCTGGCTGGGCGTCGGCCGATGTCCCCGCACCGGCGGCCTCACCGGTTGCCTCACCGGTGGGCGTATCCGTGGCTTCGGCGCTCGGGGCCGCGTCGCGGCAGGTCCGTCCGGCGGTCGTGTCGACCATCGGGATGGTCGCCTGCGTGGCCGGCTTCTTGATCGCGTAACGGACCGTCACGCTGTCACCGGCCGGGAGGTCACCCGTCCACCTGAGCATCGGCTTGTGGAAGGACAGCGCACCACCGCTCGCCCGCGCCTCGCCCACCGCCGCCTGCCCGGGAACGCCGGAGAGGTCCTCGGTGAAACCCGCCCCCTTCGCGCCCTCCCGCCCGGTGTTCGCGATGAGCACGGTCACAACGGCGCGGTCGCCGTCCGGGCGTGACTGCTGCCGCAACCGCAAGGTCGGACCCACACGATCCGGACCACAGTCGATGACGACGGGCAGATCTCCGCTTCTGGGGCGGAAAGTAGCGAAAGAGGGGTGCACCAGCGGCCCCAAACCAATCGCACACGCGACAGAGCCCACCAGACCACCGGTGAGCAACCTTCTGCGCATGCCAGACCTAGCCAGCAAATGGACCTCCCCGGATCCTTCACGGCACAACAGCCGATTTCTAGGAGAAACGGGGGGTCGCTTCTTCGCCACGTCCTGACCTTGATCGTGACGCTGGGAGGATATCCTTATAGAGGAGCAGCAAACATCCGGCCAATTGCGTCGATGACTGCCGTACTCGGTCATATCTGAAACGGCGGTAGCCATTTATCTGCTGAGGGTGCCGATTTCTTGAACGTGCGAAAAGGACACCGGCCCTCGCCGCACAGGTCGCGTTCGGCTCGCGGGCAGCGGAAGGGCCGGAGACCGTCTCCGGTCTCCGGCCCTTCCGGGGTCGACTGCGTCAGCTCCAGGCGAGCATGCGCAGAGGGTCCTCCAGCATGGCGCCGACGTCGCGCAGGACGTACGAACCGAGCTCGCCGTCGACCACGCGGTGGTCGAACGACAGCGCCAGCGTGGTCACCTTCCGGACCGCGAGCTGCCCGTCGACCACCCAGGGCATGTCCCTGATCTGCCCGACGGCGAGGATCGCCACCTCACCCGGATTCAGGATCGGCGTGCCGGCGTCGACGCCGAACACCCCCACGTTGGTGATCGTGATCGTGCCGCCGGTCAGCTCGGCCGGCTGGCACTTCCCGGCCCGAGCCCGCTCGGTGAGCTCGCCGAGCGCCCGCGCCAAATCGGGCAGCGACATCGCGTCGGCGTCCTTGACATTCGGCACGATCAGCCCGCGGTCGGTGGCGGCGGCGATGCCGAGGTTCACGTAGTGCTTGACCACGATCTCCTCGCCGGTCCACGAGGCGTTCGCCATCGGGTGCCGCTTCACGGCCGTGATCAGCGCCTTCGCCACCAGGAGCAGCGGCGACACCTTGACCTCGGCGAACTCGGGCAGTGTCCGCAGCCGCCGCACGGCCTCCATCGTCTCGGTCACGTCGACCTGGAGCCACTCGGTCACGTGCGGAGCCGAGAACGCGCTGGCCACCATGGCCTGCGCGGTCGCCTTCCTGACCCCTCTTACCGGGATGTACTCCTCCCGGGCGCTCCCCGTGGTCACTGAGGTCACCGGGGCGGGCGCCGCCACCGCGGCCTCCACGTCGGCCCGGGTGATCGACCCCTGCGGGCCGGTGCCGGTGAGGGCCGTCAGGTCGACGCCGAGGTCCCGGGCGAGCTTGCGCACCGGCGGCTTCGCCAGGACCCGAACCCGGGCCGAGGCCGCGTGCCCGTTCACCGGCGCGGCCGACACAGAGGTCGCGGGGGCCGGTGGGGCGGCGCGAGTGGCCGAAACAGGCGCGGACGAAACAGGCGCGGACGGAGCAGGCGCGGACGGAGCAGGCGCGGGGGCGGCGGGTTTGCGGGGGCGGCGGCGGGTGGCGGACGTCTTCACGCCGTACCCGACGAGCACCGGCCGGCGCTTCTCCTTCTTCGGCTCGGCGCCGTCCGCCACGTCCGGCACCAGGTCGCCGGCCAGTGCCTCCCGGCCGGCGTCGGCCGGGCCCTCGCCGTCGCCCGTACGGACCGAGATGATCGGGGAGCCGACGTCGACCGTCTGGCCCTCGTCGGCCATCAGAGCCGACACCGTGCCCTCGTACGGGCAGGGCAGCTCGACCACGGCCTTGGCCGTCTCGATCTCCACGATCGTCTGGTTGATCTTCACGGAGTCGCCCGGGGTGACGTGCCACCTGACGATCTCGGCCTCGGTCAGCCCCTCGCCGACGTCGGGGAGCCTGAACTCGCGGAGCATCGGATCTCTCCCCTCAGTAAGCGAACGAGCGGTCGACGGCGTCGAGCACCCGGTCGAGGTCGGGCAGGTAGTGCTCCTCCAGCCGGGACGGCGGGTACGGCGTGGAGAACCCGCCCACTCGCAGCACCGGGGCCTCCAGGTGGTAGAAGCAGCGCTCGGTGACCCGCGCCGCGATCTCGGCCCCGAACCCGGTGAAGACCGGAGCCTCGTGGACGACCACGCAGCGGCCGGTCCGCGTCACCGACTCGGTCAGGACCCCGGCGTCCAGGGGGTTGAGCGAGCGCAGGTCGATCACCTCGATGTCCCGTCCGTCCTCCTCGGCCGCCGCCGCGGCCTCTAGGCAGGTCTTCACCATCGGCCCGTACGCCACGAGCGTGACGTCGCGGCCCGGCCGTACGACGCGGGCGCGGTCGAGCGCCAGCCCGGGGGCGGCGAGGTCCACCTCGGCCTTGTCCCAGTAACGGCGCTTGGGCTCGAAGAAGATGATCGGGTCGTCGCAGCGGACCGCGTCCTGGATCATGGTGTACGCGTCGGCGGGGTTGGAGCACGCGACCACCCGCAGGCCGGCGGTGTGGGTGAAGTACACCTCCGGCGACTCGGAGTGGTGCTCGACCGCCCCGATGCCGCCGCCGCAGGGGATGCGCACGACCACCGGCAACTTCAGCGTGCCGAGCGACCGCAGCGGCATCTTGGCGAGCTGCGTGATGATCTGGTCGGCGGCCGGGAACACGAATCCGTCGAACTGGATCTCGCAGATGGGCCGGTAGCCGCGCAGGGCCAGGCCGATCGCCGTGCCGATGATCCCCGACTCGGCGAGCGGCGTGTCGATCACGCGGTCCTCACCGAAGTCCTTCTGCAGGCCGTCGGTCACCCGGAAGACGCCGCCGAGCTTGCCGACGTCCTCTCCCATCAGGAGAACCTTGGCGTCGTCCTCCATCGAGCGGCGCAGGCCCTGGTTCAGCGCCTTGGCGAGAGTCAGTGTGGTCATCGCTCGAATCCCGCCAGGTAGGTCAGATACTGCTCGCGTTCCTCGTCGAGGAGTGCGT
NZ_CP109552.1_gap33	1354766	1355450	684	GGACGGGCCCGCGGACGAGGCCACCCTTTCGGAGGTCCGAAAGATGGCCGAAACCCTGCTGGCCAACACGGTGATCGAGGACTTCGCGATCAGCGTCGCGGAGTGAAGTGGTGCATTTCACAACGCCGTGCCCCTGACTTCCCCCTCATAAATGGGACATAGGTCGTCTTAAACCCACCCATGAGGCACGCCCCGAATAACAGGACCGTGATTTTGCGGTTAGCCCTGATTCATCGGGGAAGCCTACCGTGGTGACCTTCGACACCGGGGAGGGGTCCGGTGGATATTGAGTTCTCGCTGGCCATGCCGAGGGATGCGATCGGCATCCCGATGGTCCGCCGTGTGGTGGGGAACGCGCTCCGGTCGCTCGGGGTGACCGAGGAGTGCGTGTCCGACATACTCCTGGCCACGTCCGAGGCGTGCGCCAACGCCGTCAGGCACGGTGGCCCGGCCAACCGTTACGAGGTCATGGCCACGATCGGCAACGGCCGCTGTGAGTTGCGCGTCGCCGACGGCGGCCAGGGGCTGCACATGATTCCCCGGCAGCACCCGCCTGCCGAGACCGAGCACGGCCGGGGAATCCTGATCATGCGGGCCGTCGTGGACGACCTGTCCTTCGACATCACGCCCGGCCGCGGCACGACCGTGCGGATGTGGAAGGAGCTCGACTGGGCCGAGGACGCC
NZ_CP109552.1_gap34	1387924	1392407	4483	GTGATAGTGGCCCGGCTCCAGGTGGTCGATCAGCCGCCATCCCAGCCGCAGGTTTCCGCAGCCGATGTCGAGCACGCGGTCGCGCGGCGTGAGGCCGTGCCGGACCAGGTAGTCGAACTGCAGCCTGCCGATCCGCAGCCAGCTCTCCCTGCCGTGGCTGCCGATCGCGGCGTCCGCGTCCATCCCCGCGATGTCGGCGCGCATCACCTCCCGGTAGTAGGAGACGTGGTCGGCGGTCGTCAGCCGCAGCCGCGTGTCGCGGGTCATCCGCCGCAGATGCGGCCAGACCTTTCCGGGGTGACGCAGAGCGTAGGCCACCTGGTAGCTGAGCCGTGACCGCGGCCTTTTCACGTATGGCTGTCGCTGCATGCCCCAACGGTAGGCGCGCGGCCGGCGAGGTCATTCGGATTCACGTACGGCATCAAGGAAATTTTGCCCGGAAGAATGTCGCCGCCACGCCGGAATTCCCGGCGCATCCCGAATGACGACGTGCCGTTTTGGACGATTGCGGCGAATTCTTGCCCTCGATGCCGCTGAGGGTTGTATTCCGTCGTGAGAGGCTTTCTCACAAGCGCCCGCCTCGCCGGGCGCGACCCCGCGGCTCATCGCCAGCGAAGCCGCCCGGTGTTGTGATGGCGAAAACCGCGTGAAGCCCGCCCTCCTCGTTCTTCGCGACGAGGAGGGCGGTGCCGCGTCCCACGTCCGCACCGAGGCGGAGAGCCTCAAGCGCCGCTGCGAGCGGTGGCGGCGCTCAGCCGCCGAGGACGGTGAGGTCAAGCCTCGCCAGGCGGTCGGGGTCGGTGAGCACGTCGATGGCGGCGATCCTCCCGTCGGTGACGGTGAAGGCCATGACGGACAGCGGCCGGCCGTTCGCCACGACGACGACTCCGGCGGCTCCGTTGACCAGGGCCGGCCGCGCGTACGGCGAGAGCGAGCCGAAGGTGACCGCCTGCTCCGCCACGGCCCGTGCCCCGGTGACGACGGTGCTGTGGCGGGCCCGCGCGACGCCGCCGTCGGACCGCAGCGTACGGTTCCAGCCGGTCGACGCGGGCGAGGTGGCGGCCCGGCTCGCCGCGCTGGCCCTCGGCGCGCCGGCCGGTCTGGTGCCCGACCTCGCCGGGCCGCGGGTGTATCCGATGGAGGATCTCGCCCGCGACTACCTGAAGGCGGTGGGCAAGCGGCGGCTCGTCACGTCGATGCCGGCTCCCGGCCGGGCCGCCCGCGCGTTCCGGGCCGGCGCGAACCTGCCCCTGGACGGCGCCGACGTGGGCGTGCGGACCTGGGAGGAGTTCCTGGCCGGGCGGGCGAGGTGACGCGGCGCCCGTGTCCCGTCACGTGTCGGCCGGTGCGCCGAGGACGGTGGGCCGGGGAAGCTGGAAGTCGGCCGCCTGGCGGGTGAACAGGCGGGCGTACTCTCCGCCGAGCGCCATCAGTTCGTCGTGGGTCCCCTGTTCGGCCACCCGGCCGTCGGCGAGGACGACGATGTGGTCCGCGCCGCGCACGGTGTTGAGGCGGTGCGAGATGAGCAGGCTCGTACGGCCGGCGCGAAGGTCGCGCAGCCGCCGGTGGACGGCGTGCTCGGCCTCGGGGTCGAGCCCGGAGCTGGGCTCGTCGAGGATGAGCAGGTCGGCGGTGTCCGCGCGGAGGAGGGCGCGGGCGAGGGCGACCCGCTGCCACTGCCCGCCGGACAGGAGCACGCCCTGGCCGGGGTCCTCGTCCGGGTCGGCGGCGAAGAACCGGGACAGGATGGTGTCGTAGCCGCGGGGAAGGCCGGCGAGCTTGTCGTGGATGCCCGCCCTGCGGGCCGCCTCGTGGAGGCGTTCGGGCCGGTCGAGGGAGCCGACGTCGCCGACGGCGACGTTCTCCGCCGCGGTGAGGTCGTAGGCCATGTAGTCCTGGAACACGGCCCCGATCCGGCGGCGCAGGTCGTCGATCCGCAGGTCGCGCAGGTCCGCGCCGTCCCAGCGGACGCTGCCGCGCTCGGGGTCGTACAGGCGGCACAGCAGCTTGACGAGGGTGCTCTTGCCCGCGCCGTTCAGGCCGACCAGGGCCACACTCCGCCCGTACGGGATGGTCAGGTCAAGGCCGCGGAGCACATACGGATGGCCGGGGTCGTACCGGAACCACACGTCGCGGAGCTCGATGCCGCGCCGCAGCGGCGCGACGGCGCCACCGGTGGCGGGTTCCGGCAGGTCGGGCCCGCTGGTGACGACATGGGTGTAGTGACCGGCCAGGACGAGCGCCTCGTTCAGGTGGGCCAGCTGGATCACCATGCCGGAGAGCGACGACTGGGTGCCCGCCAGGGCGGCGGTGAGCACGGCCAGGTCGCCGATGCCGGCGTGACCCGCCGCGATGCGGGAGACCAGCACGATCAGCGCCGCGCCCGCGATGACCGTGCTGAGGGCGGTGAGCGCTCCGTTGTAACGGACGGCCGCGAGGTCCACCCGGCGTTCGGCCCGCTGCTGGGCGTCCAGTTCGGTCAGCATGCGTCCGCGCAGGAAACCGCCGATCCCGAACAGCCGGATCTCCTTGGCGGCCTGATGGTCGAGTAGCAGCGCCTGGTAGAACATCCGGCGGCGCTCGGCGGGGGCCACCTCCCAGCGCAGGTGCGCGCGGCGGCGGCTGAGCCGCAGCTGCATGACCAGTTCGGGTACGGCCGCCGCGGCCACGACGGCGGCGAGAGGCGGGCTCAGCGTGGCGAGCGCGCCGAGGAGACCGGCGATGGTGACACCGCCGCGCAGCACGCCGAGCGCCGACTCGGTGATGAGCTGCGGTGCGGTCTGCGCGGACTGCTGGGCCATCTGGAGCCGGTCGTGGAACCCCGGGTTCTCCAGTCTGCTGAGGCCCTGCATGCGGCACACGGCGGTGAACAGTTCGTCGCTGGTCCGCCAGGCGATGCGCCGCCGCTGTTCCTGCTGGACGTACCCGGACAGGTGGGGCAGCAGCGCGGTCAGCGCTCCGAGCACGGCCATGGCGGCGGCCAGCGGGGCCGTCGCCGGGCCCGTCCCGGTGGTCAGGCGGTCGATCAGGAGCTTGGTGAGCCACGTGATCGCGACGGGAGCGGCGCCGCCCAGGGCCGCCATGGCGAGCTGGGTCAGGGCGAGCCCGGGCCCGGCGCGCCAGACGAGCGCCAGAGTGGGCCGCAGCGGCCCGAGCCGTGCCCTCACATCGGCCATGTCAGGTCGGGGACGGCGCGGAGAGCAGCGGCTCGGGCTCATGGCCGCTTGCGGCGATGGTCGCGTCCGGGCCGACCAGGAAGAACGACGGGTAACCCGCGACCGCGAACGCGTCCGCCAGCCCGCCGCCCTCGTTCTCCACGACGACGGTCACGTCGCCGGTGAGCGCGGCGAGCAGACCGGCGGGCTCCTCCTCTCCCGTGACGACCACCGCCAGGGTGCGTACGCCGTCGGCCGCGGCGTCGCGGGCGGTCGCGGCGAAGCCGGGCGCCTTGGGCAGGCAGTGCCGGCAGTCGGTGCTGAAGAACCCGACGAGGGTGTGCCCGCCCGCGAGGTCGTCGGTGGTGACCTTCGTGTCCGCGACCGTGAGCGCGGAGAAGGCCGGAACCTCGGCGCCCACCGGGAGCCCGAAGCCCTCCCGCGCCCTCCCGGCGGGGAGCTCCTTGGTGATCTTCCGGAGTTTCCGGATGATCGCCGCGGTGAGGAGCAGGTTCACCAGGACGAGCCCGCCGAGCACGATGACGGCGGCGACCAGGACGGCCATGGGCGTTCCCTTCGACAGCGGAGAGGGCTTCGGTGGTCGTTCGGCGATCGTTCGGTGTTGCTCGGTGGTCAGCGGAGGAGGTCGAGCAGGTCGTCGAGGAGCACGACGGCGCCGACGGCGACCGATGCGCCGAGCAGGCACAGCGCGGCGGCGGCCGGCGCGACGGCCGCGCCGGACCCGGCGGACCCGGCGGACGTCATGACGGCTCCGGCAAGTGCGCACGCGACGAGCACGCCGTTGCGTGCCACGTCGCGGAGACCGATCGGCCCGTCCGGCCCGCCGAAGCATCGGCAGGGCCCGGCCGCGCCCCGCCGCAGGGCTCTCGCCAGGACGACGGCAAAGCCGAGGAGCAGGGCCCCCGCGAGGAGGAGGCCCGCGGTGGCGTCGCCGTCGAGGCCGGGCGCCGCCAGCAGGACGACGGTCCCGGCCTCGGCGGTGACGACGACCACGGCGGCCGGCGCGGCGAGAGGCGTGGGAAGGCCGCCGAGTCGCCGTACCGCCGTGGTGAACTCACCGAAAGCCCGCCGCGTCCGCAGCTTCGTGAGGACGGAGACCAGGAAGACCTCCGCCAGCACGAGCCGGATGGTCAGCACGGCGTAGACCATGACGGCGTGGACCACGGATGTGTCAGCCGGCCTCAGCAGTACCCGATGTTCTGCCAGGCGCCGCCGCAGCTGCTGCGGAAGTACGTGATGCACAGGAAGCCGGTGGGGTTGGGGTAGCAGTCCTTGTAGCGGTTGCAGCCTCCCGTCGGCCAGTATTC
NZ_CP109552.1_gap35	1396582	1397930	1348	GAACTACTCGGCCGCCGGCTCGCCCCGGGTGGGGAGGGCGGCGACGCGGTGGCCGCGATCGCGGCCGCGTGCGGACGGCTCCCGCTGGCGCTGGCCCTGGTCGGCGCGCGGGCGCAGCTGACCGGGTTCCCGCCCGAGGCGATCGCCAGGGAGCTGCGCAATCCCCGTGGACGGATCGCCGCGCTGGAGATCGACGTCGTCTTCTCCTGGTCCTACGACGCGCTCAGCGGGGACGCGGCGCGACTGTTCCGGCTGCTCGGGCTCGTCGCGGGCGCCGACATCGCGCTCGCGGCCGCCGCCGCGCTGGCCGGCCGGGCGCTGCCCGAGGTCCGGCGTACGCTGGCCGAGCTCACCGACGCCAGCATGGTCGTGGAACACGCGCCCGGCCGCTACCGGATGCACGACCTGCTGCACGCGTACGCCGCCGAGCTCGTCCGGGCCGAGGAGTCCGAGGCCGGGCGGCAGGCGGCGCTGACCCGGCTGCTCGACCATTACACGCACACCGCCTATCACGCCGAACTCGTGCTGAACCCGGTGCGCGCGCCCATCCCGATGGCTCTCGGCACGCCCGTGGACGGCGCCGAGCCGAAGCCCGTGCTCGACCTCACGGCCGCCGTGCAGTGGCTGAAGACCGAGTACGCGGTGCTGCTGGCCGCGCTGCGGCAGGCCGAGGAGGAGGGGATGCACCGGCACGCCTGGCAGCTGAGCTGGGCGCTGGACACGTTCCTGAACGACGAGCGGCGCTGGCACGACGAGGGGGCGGCGTGGGCGGTCGCGCTGCGCGCCGCGACCGCCATGACCGACCGGCCGGCGGCGGCGCACGCGCACCGCTTCCTGAGCGCCGTCCACGGCAGGCTCGACCGGTTCGAGGAGGCGCACGCCCACATGCGGGAGGCGCTCCGGCTGAGCCTCGCCGCCGGAGACCGGGCGGGCGAGGCGGAGAACCGCTTCGTGCTGTCCTACGTCTACTGGCTGCAGGGCGACGGCGAGCGTGCGCTCGACCAGGCCGGGCGGTCATTGTCGCTCTTCACCGAGATCGACGACCCCTACTGGGCGGGCAAGGCCGCCCTCGCCGTGGGCTGGTACCTGTCGGAGCTCGGCTCCCTCCAGGAGGCCCTGCCGTACCACCTCCAGGCGCTGGAGCTGCAGCAACGGGCCGGCGACCGGCCGAACGAGCTGGTCACCCTCGACACGCTGGGCCTGCTCCACCAGCGGCTCGGCGACCCGATGAGCGCGATCCCGCACTTCCGGCGTGGCCTGCGACTGGCCGGCGTGACGGACAACCCCGCCCTGCGGGCCCAGCTGCTCGGACACCTCGGCGACGCGAGCGAGGCCGTCGGCGACCCGG
NZ_CP109552.1_gap36	1399261	1402082	2821	GTTCTCCACGGAACAGTCATGGGCCGAGCGATTCTGGCAGTTCTTCCGGCTCGGAGCCGAGCACCTGCTCGGCGGAGCCGACCACATCCTCTTCCTGCTGGCGCTCATCGCGGGATCACGCCGCCTGCGCGAGATCGTGCTCGCGGCGACGACCTTCACGCTGGCCCACTCGGTGACCTTCGTCCTCGCGGCCCTCGGCCTCGTACGACTGCCCGCGTCGTTCGTCGAGCCCGTCATCGCCCTGTCGATCGCGGTCGTCGCGGGCTGGCACCTGTGGCGCGTCTGGCGGCGCCGATCGCACGCCACGGATCTGGAGACGGCCGGTCACGGTCGCCTCGGCCTCGACCGGGCGGGCCGGACCCGGCTCGCGGTGGTCTTCTGCTTCGGCCTCGTGCACGGGCTCGGCTTCGCCGCGGCGCTGGGGATCGACCAGGCCTGGTCGTGGACGCTGCTGTGGTCTCTGCTCGTCTTCAACGTGGGCATCGAGGCCGTCCAGCTGGCGATCATCGTCGCCGTCTTCCCGCTGCTCGCCCTGCTGCGTCACCGCCGGCCGGTCGCGGGGCTGTGGACGACCGGGGTGATCACGGCAGGGGTCTCCGCGATGGGCCTGGTGTGGTTCGTGCAACGCGTGCTCGGGATCTGAGATCGCAGCACGGTGCCGTTCCCGCCGCCGGGCAGCGGATCACTCGTCGGGCAGCAGGTATCGCCAGGAGAGCACGAACACCTTCCCCGAAGCGGTCGTGAAGGTAGGCCGGGCGTGGTCCGGCCCGGCGGGCACGGCCTTGACGACCGCGCTCGCCGCCTCGCCGTCCAGGTCCTTCCGCCAGACCGGGTCGGCCGGGCCGTCGGGCTCGGGGACCTTCGCGGGCCACGGCGCCGGCTCGCCCTCCGCCGAGACGACCCCTTCGGCGACCATCCGTACGCGCGGGCCGGTGTAGGGGGTGCCCTCCGTGTCGGCGCGGGCCGCCAGGCCCTCCATCAGCTTCTTCGCGTCCAGCAGTTCCTTGGGATAGAACTCCGCGACCTGTTCCAGGGCCTCGGCCCGGACCTCCAGCATCTTCCCGTCCTTCCCCCGTACGGCGAGGACGGTGGTCGGCACGTCCGCCACCGACGGCGCCCCGGGGCTGGGCCGCGCGGTCGGCGGCTGCCCGGTCAGATACCTCTCTATCGCCGTGACCGTCTCGCCGGTCTCGGCGTCGGTGAGCTTCAGTTGCCTGCTCGCGTCCGCGATCACCAGGCCGTCGGCGTACAGCACCACCCGGGGCGGACGCAGCACGTTCACGGTCGGGGTCACGAACCCGCCTTCGGCGCCCCACAGGGCGACCGGCGTGGCCGGCGCGTCCTCGGCGGGGGCCGCCGTTGTGGCCGACGTCGCTTCTCCACATGCCGCTGCCAGCGACAACACCGCCACGAGCAGGATCGTTCGCAATCTCATGCCCCAGAAACGTACGTCCCCTCCGATGGGTTCACCAGCACCGGCCGCCGGTCGCCGCGCGGGTCGTGACTCGCCGCGGAGAATGTCCGCCTGCCGGCCGCCGCCGGGCGGGAGCGCGACGCGGGTCACCGGCCGCGATCCCGCCCGGCGACCCTGAGGACGAGCGGGGCGAGGACCGTGACCGCCGCCGCGAGCACGGGAAGCCCGAAGGCGAGAGCGGCGAGCAGCGCCCACGGAGTCTCGAACGGCGCCCGAGGGGGCGGCTCCCAGTCGATCGGGGCGGTCATGGGCCATGCCAGAAGCAGGCCGATGACGCAGCCGACGGCCGTGCCGATCACCGTGCCACAGGCCGCCCCGAAGGCGGCCCGGCAGGTGAGGAGCATCCGCAGGCCGCCGCTCACGCGGTCGAGGACGCGCGCCGGGCGCACCGTACGGATCATGGCCAGAGCGCAGGCGAAGGCGACGAGGACCGCCGCCGCGATCACCACCCTCCACCCGGTTCCGGACTCGTATCCCCGCTCGACGGGCGTACCCATCCGGGCTTCGGGCTCATAGGTCGCCCTGCCCTGCGCGTCCACGGCGGACTGGATGATCATCACGGTCGCTGCAAGGGCGGTCGCCGCGACCGTGGCGGCCACGGCGGCGGGCCGGCCAGCCATGCGGCGGGCCGCCGTCCGGAACACCGGAGGCAGGCGTACGGCCCGCCGGCCAAGGACGCCCAGCAGCCACGGGGTGCAAGGCCCGATCCCGACGACCAGCAGCGCTCCCCCGGCGATGCCCGCGAGCGTGGTCATCAGCGAACCGAAGTCGTCATAGTGCTCGTCGATGCGCGTGTTCCAGGCGACGAGCGCCAGCACCACGACGCCGCCCGCCGCCACGACCAGTCCCCTGAGCACATGAAGGCCGCGTCTGCGACCCGATCGGGCCGCACGCGTCGCGAACCAGATCGAGCCGCAGACCGGCACCACGGTGCAGCTCAGCAGCATGACGAGGGCGACGGTTATGAACACGATCACACAGCAAATCGTAGGTAATGAAACGCTTTTTCCGCCGAACTTCTGGCGATCAGCCGTTGATTTCGGAATGAAACACCGGCGCCGGCGGAATTCGCTCCTCGACGGACCCGCCGCTACACGTCCCGGGAAATGACCTCCTGCATTTCCGTCACCCAGGTGGCCGGATCGCCGTGGCCGTACGTGAGATAAACCTCCCGGGCGAAGCCGGAACTGCGGTAGCCGTTCTCCTCGATCCATTGGGCGAGCCGCTGGGTCGTGGCGTCCGCCTGTTCCATGGTGCCGTGGTGGATGACGGTGGCCGCCTGCTCGATCGCGGGCAGGTCCACGATGTCGAAGTCGTAGGCGCCGCCCGGCTCCGCGTTCACCGGGG
NZ_CP109552.1_gap37	1415546	1418905	3359	GAGACCGTCCGACCTGGCGGCGCACGCCGCCCGCCGGGTCCTGGAGGACAACGGCCTGCGGGCCGCCGACCTCGATCTGCTCGTCTACGCGGGAGTGTCGTCCGACGCCGTGGAACCGGCCACCGGGCACATCGTCGCCGCCAAGATCGGCGCCTGCTGCCCGGTGTTCGACGTACGCAACGCCTGCAACAGCGTGCTGAACGCCATCCAGGTGGCCGACGCGCTCATCTCCGCCGGCCGTCATCGGCGGGTCCTCGTCTGCTGCGGAGAACTGCCCACCGCCGGCACGCCGTGGACCGTGGCCGACGCCGAGGAATACGTCACCGTCGCCGCGTCCTACACCGTCTCCGACGCCGGCGCCGCGTTGCTGCTGGAGGCCGGCGCCGAACCGGGGGTGCTCGCCCACCGGTTCTCCGCGTACTCCGCCGGATGGCAGGCGGCGATCTCGGCGGTGGACAACCTCACCACCGACCCGTCGGCGAGCCGGCCCACGATCGGGCCACTCGTAGTCGACTCCGCCGAGCTGGTGCGCGGCATCGAGAACATCGACTACGCCGTCTTCCACAAACCCCTCGCCGATCTCGGGCTGACCTGGGACGACTTCGCGGCCATCTGCGTGCACCAGGCGACGCTGCCGACGCTGTGGTGGTTCTGCGACCAGGTGCGCATCCCGCAGGGCAAGGTCGTCGTCACCATCGCCCAGCACGGCAACCTCGTCGCGGCGACGCTGCTCGTGCAACTGGCGCGGGTGGTCGGCTCGGGACGGGTGCGGCGCGGCGACCTGGTCGCCCTCGTCGGCCTGGCCAGCGGGGCCAGCGCCGGAATCGTCGTCGTACGGTGGTGATCCGGTGACCACGCAGGTGACTCCTCCGAGCGGCTCCGGCCCGGCCGAGCCGGTCAGCGAGCTGATCGTCCGCGCCGAGCGCTGGTTTCGCGAGCAGCCCGACGTGATCGCCTGCCAGCTCGGCGGCCGCAGCCCGGCGGCCACCACCTACGGGCAGCTGTCGCGGTCGGTGGACCATGCCGTCGCGGTCCTCGCGGAGGCCGGGATCCGCCCGGGCATGCGCACCGCCCTGCTGGTGCCGCCGGGCCCGGAACTGGGCGCGCTCGCCGTCGCCCTGCTACGGCTCCGCGCGGTGCCGGTGCTGGTCGATCCCGGGCTGCCGCCCGGCGCGATCAGGCGCTGCCTGCGCCAGGCGGCGCCCGAGGCGTTCGTCGCGATTCCCGCCGTACAGCTGGCAAGAAGGCTGCTGGGCTGGACCCCGGACGTCCGCGTGTCCGTCACGATCCCCTCACGCACCGGCCCCTCACGCACCGTCCCCTCGCGGCGGCCGCGCGGCGCGGCCTGGCCGTCCCGAGAGTCCGTACGCGACCGCGTTCCCGGCTTCGGGCCGGGCGGGCCGGATCTGTGGCACCCCGCCGGGCCGGACGACCTGGCGCTGATCGCGTACACCTCCGGATCCACCGGCCCGCCCAAGGGCGTGCCGCTGCGGCACCGGCACCTGGCCGCGCAGCTCACCCTGCTGGGTGAACTCGGCACGGTGGAACCGGGAACGCCGGTGTTGTCGACGTTCGCGCCGTTCGCCCTCGGAGCGGCGGCGTTCGGGGCGACGGTGGTCATCCCGGACATGGACCCGCGGCATCCGGCGCGGGCCGACCCGGCCGCCCTGGTCGCCGACATCCGGCGCTACCGCGTGGCCGGGATGTTCGCCGCTCCCGCGCTGCTGGACCGGCTCGCGCGGCACTGCGCCACCCATGATCTGGTGCTGGACACGCTCGGCGACGTGGTGTCCGCCGGAGCGCCGCTGCCGATGCCGGTCATGGACCGCCTGCGCGGCTGCCTGCGCGACGACGCGCGGGTGTTGTCGGTGTACGGCGCCACCGAGTGCATGCCGGTCGCCGCGATCGAGAGCCGCCCGCTCGCCGGGCACGCCGCGGCCACCGCCGCCGGGGCGGGCACCTGCCTCGGTCTCCCGCTCCCGGGCGCCGAGGTACGTGTCATCGCCCTCGGCGACGACCGAATCGAGCGGTGGAGTGACGATCTGGTCGTGCCGCCGGGCGCCATCGGGGAGATCGTCGTGGCCGCCCCCACCGTCAGCGACCCCTACCTGGACGATCCGGAGGCCACCGCGCTGGCCCGGATCCGCGACGGGGACCGCGTCTGGCACCGGATGGGCGACGCCGGGCGGTTCGACGAGCAGGGCAGGCTCTGGTTCGCCGGGCGCAAATCGGAACGGGTCCGCACCGTTGACGGCGACCTGCACACCGACCAGGTCGAACCCGTCTTCGCCGCCGTGCCCGGGGTCCGCCGTACCGCGCTGGTCGGCGTCGGTCCCGCCGCTGCCCGGCGTCCGATCCTGGTCGTGGAACGCGAACCGGGTTTCCGGGACGACGCTCGCGTGACGGCCGGCATCCTGGACGTGGCGGCCCGCCATCCGCACACCGAGGGGATTCGGGACGTGCTGTTCCATCGCGGGTTCCCGGTCGACGCCCGGCACAACAGCAAGATCCGCCGGCATGAGCTCGCCCGGTGGGCCGCGCGACGCGTACGGCCGGGCCGGCGATGAGAGTCCTGGTGACCGGGGGCGGGGGTTTCCTGGGTGAGGCCGTCTGCCGAGGGCTGGCGGCCCGCGGTGACACCGTCCACGCACTGCAGCGTCACCACAGCCCCGCGCTGGCGGCGCTCGGGGTCGCCCAGCATCTCGCCGATGTACGCGACCGCGCGGCGGTGACGGCCGCCGTCGCCGGCTGTGAGGCGGTCGTGCACTGCGCCGCGAAGGCCGGCGTACACGGACGGGACCGGGACTACGAGGAGATCAACGTGTCGGGAACGCGGAACGTGCTGGACGCCTGCGCGCGCCACGGGGCACTTCTGGTCCACACGTCCTCACCGAGCGTCGTCCACGACGGACGGGACCTGGAGGGCGTGGACGAGTCCGTGCCGTATGCCCGCCGTTTTCCCGCCGCCTATCCCCGGACCAAGGCCGAAGCCGAACGGCTCGTCCTCGCCGACGCGGCGGCCGGGCGGGTGACGGCGGTCGCGTTGCGCCCGCACCTCATCTGGGGGCCGGGAGATCCGCACTTCCTGCCGAGGCTGGTGGCGGGGCGCCGTCTGCTGTGGCTGCTGGGCGAGACCGACAAGACCATCGACACCACCTATGTCGGCAACGCCGCCGACGCCCACCTGCTCGCCCTCGACCGGTTGCGTCCCGGCTCACCGGTGGCCGGCCGGGCCTACTTCGTCACCCAGGGCGAGCCCTGCGGCTTCGGGGAATGGCTCGGCCTGCTGCTGCGCGCCGCCGGGCTGCCGCCGGTGACCCGCCGGGCGCCCGCCGGACCGGTCCTGCGGGCGGCCCGGC
NZ_CP109552.1_gap38	1426453	1428385	1932	TGGCGCTCCCCCGGCCGGGCCTCGGCCTTCCCTGACCCGGCTCGGCGACCTTGCCGACGACATGCGTGCCGCCGGCGTGCCGGTTGAGCTGACGGTCAGAGGTTCGGTCGGCGGGCTGCCGGCGGCGGTCGACCTGGCCGCCTACCGGATCGTTCAGGAGTCCCTCACGAACGTCATGCGCCACGCCACGGGCGCACCCACCCGTGCCCTCGTGGTGGTGGATGAGGACGCCGTGCGTCTCACGGTCGAGGACGACGGCGCCACCCGGCCCGCGTCGCGGGTACACCCGCCCGGAGCGCCCGAGCGGGCCGGTTACGGCCTGATCGGGATGGCGGAGCGGGCCCGGCTGTGCGGGGGCGATCTTGAGGCCGGGCCCCGGCCGGGCGGAGGCTTCCGGGTTCAGGCGTGGCTGCCCCTGGTCCGGGCCGTGAGCGCGGCGTGATCCGCATCCTGCTGGCCGACGACCAGTCGCTCGTACGTGCCGGGTTCCGGCTCATTCTCGAGACCGAGGGAGATCTCGAGGTCGTGGGCGAGGCCGCCGACGGGCGGCAGGCGGTCGCTGCCGCCCACGAGCTCCGACCGGACCTCGTGCTCATGGACATCCGGATGCCCGTGCTCGACGGGATCGGCGCGACGCGTGAGCTGGCGAGGGCCGGCGCCACGGCCAAGGTCCTGGTGCTCACCACCTTCGACGACGACGCCCTCGTCCACGACGCGCTGCGCGTCGGCGCGAGCGGGTTTCTTCTCAAGGACGTGGACCCTCCCGACCTCGTCCACGCCTGCCGGACCGTCGTCCGTGACGAGGCGCTGCTCGCGCCGGCCATCACCCGGAGGCTGATCGAACGGTTCCTCGCCACCCCGCCGCCGGGCCGGCCGCCGGCCGCGTTCTCCCGGCTGACGGCGCGCGAGCTCGAGGTGTTCACGCTGATGGCTCGGGGTCTGGACAACCAGGAGGTCGCCGACCGGCTGGTGATCTCCGCCACGACCGTACGGACGCATATCACCCGCATACTCGCCAAGCTCGGCCTGCGTGACCGGGTGCACGCCGTAGTCCTCGGCTATGAGTCCGGGCTGGTCCGTCCCGGCGAGGGTGCCTGATCAGATCCAGCTCGGCAGCCACACGTGCAGTCGCCAGCCCTCGTAGGAGATGGTCTGGCCGGTCCGCACCGGCCAGAAGAGCCGCCGCGACGGCGAGCCCCACGACGACCCCCACAGCACCCACGCCGCCGGGTTGAGGCGGGTGTCGCCGTCGTCGCTGACGAACAGCGCCAGGCCTTCGCCTGGCCGGGTCAGCCGTTCTCGATGGTGAGCAGGCCGCGTCGGAAGGCGGCGGCGACGGCAGCCGCCCGGTCGTTGACGCCGAGTTTGGTGTAGATGTGCAGCACGTGGCTCTTCACCGTGGCCTCACTGACCTCGTGAATTCACCGGCCACCGGGTGATCGTCACCTAGCGTCACATACGGCAAGAGGTGCCGCTCTGACCTGGCATGATCTGGATTGACTAGATCTTGATCCTGCAGGAGAACGGCACCTCGGAAGTGAAGCGTACGACACCCGCCGGGTTGCGGCGGAAGATCAAGCGTGTTAGAGAGCAGCGCCGCCGCCGGAAACTGGAAACGCGCACGTCAGCATGGTCGACCGGACTGGAGATGACCGACGGCGCCACCGGGCTGGTTCCCGCCGCCGGCGTCCCTCTGCTCCGGCTGTTGGCCGAGGAATCCGGCGTACGCGGCCACGCCTCCACGGCGCTGCGCGTGCCCGCCTTCCACCCCGGGCACGACCGCGGGCAGGTCCTGGTCGATGTCGCGATCGGGCTCGCGATGGGCGCGACCTCGGTCAGTGCCGCGATGGACACCACCGCTGCGGCGAGCGTGGTAACCGGGGCGGTCGCCTCCGGCGTGACCGCCTGGCGGCTGTTCGGCGACGAACTCGA
NZ_CP109552.1_gap39	1430307	1433804	3497	TCGAGCGAGGGTTGAACGTCAGCGCCGACACGCCCCCGAGGATCGCCACCATGGCCAGCGAGCCGCCCGCGGTCCAGGCCGCCCGCGACAGGCGCCGGAAGACGACCAGGCCCGTGACGAACCCGGCGCCGACGGCGAACAGCGCGGCGCGTATGGCCAGCCGACGCAGCCCCTCGATCACGTCGGTCTCGATGGTCGTCGGGAGCCGGTCGGCCCACCGGGGGTTCTTGAGGATGTCCTCGGCCATGTCCGGATGGACCGCCTCGATCGTCAGGCTGAGCCGTAGCGGACCTTCGTGGGTGTTGAAGTTGAGCGTCCCGAGAGGCCGTACGTCGACGACGGTCTCCCCGTGCAGGGACGGCGAGATGGACATGCCGATGTCGGCGGGGCCGACCGGTGTGTCCACCCTGGCGCCGAGCGCCAGCCCGAGCCAGCCGCCGACCACCGCCGCCAGCATGACCGCGAGTACGGCGGCTGTCCGGCTACCGGCCGCCTTCCGGGCGAAGGCCCTCAAATTGGAGATCTCCATTGTTTTCGTGCATACCCCGCGTCGCTTCGATACGCGCCCGTATGCCGGACAGAATGACCCTCTGGCCGCGCTCGGAGGACTCGTCGTTCCACCGACGCGCCGGTCACCGCGCGTGCGAGGGGGTACGGCGCGAGCGCCTCCTCGAACCCGGCCTGTCCGACCCTACCTCTCCTGGTCCGCTACTCCCCGGGCACGAATCCGCCGGTCACCGTACGCGGCTATCGCACGGCCACCACGCGGTGAAACGATGGGTCGGTGATCGACGTCCCGCTGAGAAGGTTCGAGGAACTCGTGGCCGAGGCGCTGGACACCATTCCCGCCGACCTGGCGAAGGTGATGGACAACGTCGTGGTCGTGGTGGTGGACGACCCGCCCGAGCCCGGGCTCCTCGGGCTCTACACCGGAATTCCGCTGACCGAGCGGGGCGACTGGTACTCGGGGGTGCTCCCGGACCGGATCGAGATCTACCGCAACCCGACGCTGGAGATCTGCGCGACCGAGGACGACGTGGTCGAGGAGGTCCGGGTCACGGTCGTCCACGAGATCGCCCACCACTTCGGCATCGACGACGACCGGTTGCACGAACTCGGGTGGTGACCCCAGGCTTTTGGGCTGGGGATGACCGACCGCTTGAAAAAGTCGTCATCGGTGGGCACTGTAAGTGACATGGTGACCACGCACTGTCAGATTCTCCGGCCGCGGCGAACACCGGCGGCCGTCGCCGGCGAGGCGATCTTCGCGGAGTGAGATGGCGGCCACCGAACCCGGCAGGCTTTCCGGCCGGCACCGCCGTCCTCCCGAGACCCGCGTCACCTACCGCGAGGTCGCCGCGATCCCCGAGTTCCGGTCCCTGTGGCTCGGTCAGGGCATGTCGCTGCTGGGTGACCAGCTCGCCCAGGTGGCGCTCGCCGTGCTCGTCTACAGCCGTACGGCGTCGCCGCTGGCCACGGCGTCGGTCTACGCGCTGACCTATCTGCCGCCCATCCTCGGCGGTCCCCTGCTGGCCGGGCTCGCCGACCGGTATCCGCGCAGGCGGGTGATGCTCTGGTGCGACCTGCTGCGCGCCCTGATGATGGCCGCGATGGCCGTTCCTTCCACGCCGTTCCCAGTGCTGTGCGCGCTGGTCTTCTGCGTGGTCCTGCTCGGCGCGCCGTTCTCCGCCGCCCGCGCCGCGCTGCTGCCCGAGGTGCTGGAGGGCGACCGGTACGTCGTGGGGTCGGCGCTGCAGAACATGACGAACCAGGCCGTACAGATGCTGGGGTTCGCCGCCGGGGGCGCCGCGATCGCCGTGCTGGGGCCGTACCGCGCGCTGGCGCTGGACTGCGTGACGTTCCTCGGGTCGGCGCTGGCGATCGTCGCGGGGGTGCGCCGCCGTCCGGCTCCTGAACGGGAGGACGGCGAGCGGCCGTCTGTGTGGCGGATGACGCGGACCGGCGCCCGGCTGGTCTTCGGAGAGCGGCGGCTCCGCACACTCGTGCTGTTCGCCCTGCTCTGCGGGTTCTACGTGCTGCCGGAGGGGATCGCCGCGCCGTACGCCGCGACACTGGCCGACGGGCGGGTGCCGGTGGCGGTGATCACGGGCCTGCTGATGGCGGCGATGCCGACGGGGACGGTGCTCGGGGCCTTCGTCTTCGGGCGGTTCGTCACGCCGGCGGGCCGGCTCAGGGGAATGGGCTGGCTGGCCATGCTGACCTGCGCGCCGCTCGTGCTGTGCGTCGTACGGCCGCCGCTGGAGTGCGTGCTGGCCCTGTGGGTGCTGTCCGGCGTCGGCGGGGCCTACCAGCTCGCGGCGAACGCGGCCTTCGTCCAGTGCGTGCCGCCGTCCGGGCGGGCCGCCGCGTTCGGGCTGGTGCAGTCGGGCCTGATGGCCGCCCAGGGCGCCGGCATCCTCGTCGGGGGCGCCGCGGCCCAGCGGCTCGGTCCAGAGCTGGTCGTGACGCTGGCGGGGGTCGCCGGGCTGTGCGCCGCGGCGGTGCTCGCCGTGCTCTGGACCGAGTCGCGTGCTGAGATCATCGCCAAGGTCCGGGCCGCCGCCTGAGGGATCAGGCCTGCGGCGTGTCCTGGCCGCCCTGGCTCTGCGGGCCGTCGGTGGACGGCCGGCCGTCGTACGGGTGCTGCTCGTAGCTCCCGGTGCCCGAGGCGCCGGTGTGGGCGGACTGGGACTGCTTCTGCTGCCAGCCCTGCTGGACGGTGTCCCACTTGGCCTTGGCGTCGTGCCAGACGTGGCCGTCCTTGTTCTTGTTGATCAGGTCCTGGACGATGGAGGTGGGCTTGCCCTCCTCGGGGAGCAGCAGCCACGCGACGGCGTAGATACCGAAGCCGAGGCCGCCGAAGAAGCTCGCCACGGCGAGGGCGAGGCGCAGGATGTTGGCGTCGATGCCGGTGTACTCGGACACGCCCGAGCACACACCGGCGACGATCCTGCCGTTTCGAGTGCGGTGGAGCTGCTTGACCGAACCGTTGGTGTTCATCTCGTTCATGCCTCCACAATGCCTTCTGGGGGTGCGGGCGCACATCGGGATTCCCCCTGGCCCTACCCCGAAGCGGCCCCGATAGCCTTGCCGTCATGGACGACCTCCTGGACCTCGACGACCAGCTCGATCCCGAGCATCGCCTGATCAGGGACACCGTCGCCGACCTGGTGTCCGGCAAGGTCCTCCCCTATGTCGGCGAGTGGTTCGAGCGGGGCGTCTTCCCCGCCCGCGAGCTCGCCCCGGCCCTGGGCTCCCTCGGCCTGCTCGGGATGCACCTGGAGGGGTACGGCTGCGCCGGGCTCGACGCGGTCTCGTACGGCGTGGCCTGCCGGGAGCTGGAGGCGGGCGACTCCGGCCTGCGGTCGTTCGTGTCGGTGCAGGGGTCGCTCGCCATGTTCCCCATCTGGAAGTACGGCTCGGAGGAGCAGAAGGAGGAGTGGCTGCCCCGGCTGGCCTCCGGGGAGGCCATCGGCTGCTTCGGCCTCACCGAGCCC
NZ_CP109552.1_gap40	1482505	1485876	3371	TAGAGGTCAGGGCGGCCGTTGGCGATCGAATGCCCCGCGCCGCGCACGTAGACGAGGGTCGACTCGGGAAGCGTGCGCCGGTACTCGTAGGTGACCGCCCATTTCAGGTAGTCGCACTCGCCACGGACGATGAGCGTGGGCACATGGACGGTCCGCAGCTTCGGACGCGGGTCGGGGACGGTGGCGGCGTCGGCGGACGTCATCTGATTGGTGTAGAAGCCGGGCGGGTTGTCGTGGACGGGGGCGGGCGGGCTTCCGGGGCATCCGGTGGCGTCCTTGGCCGTGATCAGCAATTCGCGGAAGTAGCCCTGGTGCCGCACGGCGAGCAGGGCGATTCCGGCGACGGTCGGGGGCGGGTCGTCGCCGCTCTGGCGGCGCAGTTCGCCGAGCGACTCCCTGAGCGCGGCCAGCCCGGCCCTGGCCTCGGCCAGCACGGTGTCCAGCCGCCCCGCGTCCGCCGCGACCACGATGGCCCTCGCATGTCGCAGGGCGGAACGGCGCAGTCCCGCCGCCAGCCGGTTCCGCTCCGCCAGCACGACCGTCGCCGTCTCGCGGCCGAGCCGATCCCGCTCCCAAGCCACGGCCGCATGGCGCCGCGCACGCCTTGACCCCACCGCCAGGCCGAGCCCCCACGCCACCGCCGACGGGACCGAGACGCCCAGGGCCAGCACCGCCCACGCGGCTGCCCGGTCTCCCACGATCCCCGGCCCGCACGCCAGAGCAAGCCCGCCTATCGCCCCCACAGCCGCCGTGGCGAGAGCCCCCCACCGCCGGCGTGCGCGAGGGCCGTACGCGCCCAGCGCGTAGAGCAGCGCCAGCTCAACCCACAGGCACCACAGGAACACGTCCCCTGCGGGCTGCTTCGTCCAGCCGAGGAGTCCGGCGCCGAGCAGGACCGGATAGACCGACAACGCCGCCGCCAGGCTGAGAAGCGGCGCCCGCCTGCGCAGGCCGAGCGGCAGGGCGTGCGCGAAGAAGAGCGGCACCAGCAGGGCGGCCTCTCCGGGGAGACTCTCCGGCGGGTCGGTCGTCAACAGACTCGTACCGATGGACAGCGCCACCGCGAGGATCGCAAGCGCGGCGTCCGACGCCTGCCGGCCACGCCACTCGTACGACGTCGATGCCGGGCCCTCGTCAGGGGTGAGCGGGAATTCGGCGCGCACGGCCCATCCCCGGTCGTCCGGGCCCGCGGACAGGAACCCTCCGCAGGCGGCCACCGCCGTCCTGAGCCCGGCGAGCCCGTATCCACCACCCATTCCACGTGCCACGTCCGCGTTGTCCACGACCGGCTCGCCAGGATCGTTGACGATCGTGACGACCAGGCGGCCGGGTTCACGGTCGACGCCGACCCGTACGGCGCCTCCCGGCGCGTATCGCAGGGCGTTGGTCAGCGCCTCGCGAACCACCCGGTATGCGACAGCGGCGATCTCAGACGGGGCGCTCCCGGCTGTTCTGACGTAGGTGAGACGCGGCTCTGGCCACGTGGCGGCCAGCGCGTCCACGTCGGCGAGATCGGCCGAGCCGCTACCGGTGCCGCTGGTGGTCAGCCCCTCCAGTTCCTGGGTGGCCAGGCGGCCGGTCTCAGCGGCGTACCGGGCCGCCTCCGCCACGAGAGCCGGGTCGGCGAGACGCAAGGCGGAGGCGGCACCGACCGCGATGCCGGTGAGTCTGTGGGCGGCGGTGTCGTGAAGTTCGGCGGCGATCCGGTGCCGCTCGGCCTCGGCGGCCACGCCCGGCACATCGGGCGCGGCCGCGCGGAAGACGGCCACGGCCCGGCGTGTCGCCCGGCCGCGCCGCCGCGCCCTGCCCAGGGCCCAGGTAACCGCGGCGAGTCCGGCGGCCAGCAGGGTCACGCCGGTGACGGACCTGGGCGACTCCCCGAGGGCGCTCGCCGTCCCCACGGTCAGCACCAACGCGACCACGACGCCCCCTGCGGCCACCCCTGCCGTCTGCCGCAGGGCCAGGCCGTACAGCGCCACGGTCACGATGAGCGGCACAACCCACCACAGCCAGCCCGACAGCACGCCGAGCAAGCCTAGTGATTCCGTACGTGACAGCACAGTGCGAGGTGTTCGAGCAGCACGCCCGCGAGAAGGCGGCGTGGGAGAAGGACCGCGCTGAGCTGGAAGACGGTATCCGCGTCGTGGCGGGGGTGGCAGGGCTTAGCGGGGAGTGCCCTCAGTGTCTAGCTCAAGTTGGCCTTGACCTCCCCTCCGGGTGGACGGGTGCTTCCTTCATTCGTACGAGTGCCAAAATCATCTCCGGTGGGGAGTTTCTGGACAGCGAGCCTCCCTAGCGTGGCCGTTATGAATTGCGCACTGCTCAGAGGGGGCGTGGCCTCTGCCGTGACGGTCGGCCTTCTGCTCACCGGGCCCGCCGTACAGGCCGTGTCAAAGCCCGTCACTGTGGCCCTGCCCCAGCCGACAGGTCCACGCGAGATCGGCACTGTCGCGCTGCACCTGCGTGACGGCTCCAGGGCCGACCCGTGGATCAAGGCACATGACCGGCGGGAGCTGATGATCAGCCTGTGGTATCCCACGCGTCGTCCGGACGGCCACCCCGCTGCGCCTTGGCTGCCGCCTCGCGCCGCCGAGGCCTTCTATCGCAACAACAGCCTCTCGCCTGCGACTGTCAGCCTGCCTTCGACCCATGGCCGCGAAGGGGCCCGTGTGGCGGGCCGAGGGCTGCCCGTCGTACTGTTCTCGCCCGGCAACGGCGCCGACCGTTCCATGAACACCGCCACGGTCGAAGAACTGGCCAGCTGGGGCTACATGGTGGTCACGATCGATCATCCGGGCGATGCCGGCGAGGTGGAGTTCCCCAACGGCACGGTCACCGGCCACGTCCTGAAGCCAGTCCCGGTGAGCCGGCTGGACGAGAAGGCCGAAGAGATCAAGGTGCGGGTGGCTGACACGCGCTTCGTGCTGGACCGGCTCAAGGAGCTGAACAAGGGGCGGAACCCTGATGCTGAAGGCAGGAAGCTGCCGGAGGGGCTGCGTGGCGCGTTCGACCTGAGCAGGGTCGGCATGTTCGGCCATTCCGCGGGAGGCGCGACGGCCGCCGCGACGATGCTGGAGGATCGGCGGGTCAAGGCGGCTCTGAACCTGGACGGACCCGCCCTCGGCAAGGTGGCCGCCAAAGGACTGGCAAAGCCGTACATGCTCATGGAGGCCGAGATCTTCGACAAGCCCATCCGCGGGCAGAAGGCATTCTGGTCCCGGCTGAAGGGCTGGCGGCTGCACGTGAAGACCAAGGGGGCCAAGCACAATTCCTATACCGACCTGCCGCTGCTGTACGAGCAGGCGGCCCCGGTGATCGGCCTGTCAAAGGAGCAGTTGCGAGCGATAAACGGGACACTGTCGGCGGCGCGT
NZ_CP109552.1_gap41	1489023	1492195	3172	TCACGCTGAGCCCTTCACGGTCCACGGGCAACCGCACGAACCCGGCGTCGGCGCCGCCGTCGTGCAGGAGCCTCACCACCTCGGCGGCGGCGACGGAGACCAGGGTGAGAGGCACGTCGGGCACCCGCTCGGCCCAGAGGCCGACCCATTTGGCGGGCGTCACCCCGGGCACGTACGCCAGCCGGAACTCCCTGTCGGTCACCTCGTCAGCGTACCGATGCCAGGGAAGGCGGCCGCGCGCCATACCCTTGACCCCATGACCAAGCTCAAGAGCACCCAGACGATGAAGCCCGCGACCGCGGCCAAGAAGCTGGGTGTGCTCCTCTCGGCCACTCCCGCCGAGTTCCAGGAGGGAGTCGTCTCCAGGGATGAGCTGAACGCGCTCCAGGCCGATCCGCCGGCCTGGCTGGCCGACCTGCGGCGCGACGGGCCGCACCCCAGGCAGGTCGTCGCCGTGAAGCTGGGCGTCTCCAACTCCGGCCTCGCCAGGGGCGGGATCACCGGGCCGCTCACCACCGCCGAGATCGACGCCATCAAGGCGGAGAACCCCGAGTGGCTGCAGCGCGAGCGCGAGGTTCAGGCCGAGGTACGCAAGGAGGCCCAGCGCCTCAAGCAGCGCGAGTCAGCGGCACCGGCACCGCCCGAGTCGTCACGCCGGGCACGGTAGCCGCTGTCGGCCACTGCTCCCGTCGAGGGCGCCTGAGCAACCTGGTGCTGGTTTTGGGCTGATCAAACTCTGTTCCGCGGGCGGCCCTGCCTACCCGCTTCCACACTCACCGATGACTACTCTCCGTGAGTATGTGGACGCAAGAAGTTGAAAAGTCGTACCGGACAGGCTCCGGGACAGCGCGCAGGAGCGTGCGGGTGTGCACCGTGTTCGCGATGGGCGCCGCTCTGCTCACCGCCGGAGGCGTCTCCGCCGCCGTGGAGAGTTCAGCGACCGTGATCGCACAGCCGGCCCGGTCTCTGCCTCCGCAGCAGAACGTCCCGGATCTGGACGTTCCCGGCCCTCCGCAGACCGTCACCTATCCGCCGGACGGCAAGCGCCGCTTCCACCAGAGCACGGTGACCATTCAGGCTCCCCCGTACACCCGGATCACCGGCCTGAATCTGCGCTGCTCCTGGGCCTGCCCGTTCGCCATCGCTCCCGACGGCAAGTCGGCCACCGGCACGTTCAACGTCAACACGTGGGACTTCCTCTACCCCTACGACGTGGAGGTGGTCGCCGACGCCAACGCCAACGTGCCCCTGGCAGGCGGCCAGTTCAGCGGCACCTTCACCCTCGACGGCGATACTCAGCCGCTGACGGTGAACTTCAAGCCCGGCGTCCAGGCCGTCATAGCGGCCAACCTCAGGAACACCAACCCCAGGGGCGGCGGCGTCCGCGTGATCACGGTCGACCCCGGCAGCAAGGCCGACACGTCGGGGCTGCAACCAGGTGACCTCATCATCGACATGGCGGGAACGCCAACCCCGACCGTCAATGATCTGGACACCTTCCTGGACCAGAAGCGCGCCGGCACCACCTATCCGGCGACCGTAATGCGTGGCGGCACCACCGTCACCCTGCAGCTCACCTTGGACAGCTAGAGCACCGGAGGCTCCATCGAGAGCGTGATTGGTGTGGCGGTGGAAGTCAGCGCGTGCGGGGCCGCCGGAGCGGACAGCGAACCGACAGCGGCCGGCCAGCGGCACGCCGGAGGATGTGCCCCTGACCCCCTACCGCGTGATCATCGATCCCAAACGGGAGAAACACGATGCCCCGTCACACCGATTCGCCCCCACCGTACGCGGACACGATCGGCGCCCGTCGTCGCCCGCCGACGCCTCGTGCTCCCGAAGCCGGGGCGCATGCCTCCGCTGGCCTGAACCATGACGATCGCATGTCGCTGCGCCTCCCGGCCACGCTGCTGCTCGCTGGACAGCTCCTGTTCGTCCTGGTCACCCTGCTCCACACCGGTGGGCCCGCCAACGACCACCCCGCGGTGTTCGCCGAGTACGCCGGCAGCCGGGCGTGGACGGCCGTGCACCTCGGTCAGTTCTCGGCCATGGCGACCCTGCTCGCAGGGCTGTTCGCCCTGTTCTTCGCCTTGGAAGTTCCCGCCGGATCGGCGAGATGGGCGGGGCGATTCGGCGCCGCTTCGGCGGTGGCGACGCTGTCGCTGTACGGCATCCTCCAAGCGGTGGACGGGGTCGCCCTCAAACAGGCCGTGAACGCCTGGGCCGGCGCCCCGGACGCCGAGAAGGCGGCGCGCTTCGCGAGCGCCGAGGCGATCCGCTGGCTCGAGTGGGGAGTGAGGAGCTACCACGACTTCGCGATGGGCCTGGCTCTGCTCCTGCTCGCGGCCGCCGTCGCGAGGGCGGTGGGAGTCCCCCGGCCGATCGCCTACCTGATGGGCCTCTCCGGCCTCACCTACCTGGCACAGGGCTGGGTAGGCGGCGACGAGGGCTTCACACAAACGCAAACGATCTTTATCGTGCTGGCCTTCGTCCTCAGTCTCGCGTGGATGATCTGGCTGATCGTCGTCGCCTGGCGAACGCGGGATTCCAGGACCGTGTAGCCGTCACCGGCGGCCGCGCCGCGGCACCGGGGATCACCCGTTTCGAGATGAGCTACGACAGCCGCTTCGGGCTCTCGATAGGGTTGGGGGTCTGCTCGCCCCTCCACGAAAGGCCAGAGATCACCAGTGGCTGATTCGTTCGTTCACCTGCATGTTCACACCGAATACTCCATGCTGGACGGAGCGGCGAAGATCGGCAAGCTGGCCGAGCGGGCGGCCGCGCTGGGCATGCCCGCGATCGCGATGAGCGACCACGGCAACATGTTCGGCGCCTACGAGTTCCAGTCGAGGATGAAGTCCGCCGGGGTCAAGCCGATCATCGGCATCGAGGGGTACGTCAGCCCCGAGTCCCGCCACTACAAGCAGCCGGTGTTCTGGGGAGAACCCCACCAGCGCAAGTCCGACGAGCGCACCGGCCTCGGCGGCGACGTGTCGGCGAGCGGCACCTATCTGCACAAGACCATGTGGGCGGTCAACGCCCAGGGCCTGCGCAACCTGTTCAGGATCTCGTCGCTGGCCTCCCTCGAAGGCCACATGAAGAAGTATCCCCGCATGGACGACGACCTGTTCGAGCAGTACCACGAGGGGATCGTCGCCACCACGGGCTGCCC
NZ_CP109552.1_gap42	1543610	1546716	3106	GACGACCCGGACGGGGGCGGCATGACCGAGACGACGGAACGGGCCGGGTTGCGGCTGACCCAGCAGGCGCACGGCGGCGGCTGTGCCTGCAAGATCCCCCCGGGTGAGCTGGAGACAATCGTGGCCGGGCTCGTGGCCCCGGATCCGTCGGCGTACGCCAACGAGTTGGTGATCGGGCTGGACGACGGCGACGACGCGGCCGTGGTCAGGATCGAGGGGGGCAGGGCGGTCGTCGCCACCGCCGACTTCTTCACCCCGGTCGTGGACGATCCGTACGACTGGGGGCGGATCGCGGCGACCAACGCGCTCTCCGACGTGTACGCCGTGGGCGGCGAACCGGTCGTCGCGGTGAACCTGCTGGGCTGGCCGAGGGAGACCCTGTCGATGGACCTCGCCCGGGAGGTGCTGCGCGGCGGCCTCGACGTGGCGCGGGCGGCGGGCTGTCACGTCGCGGGCGGGCACAGCGTGGACGACCCCGAGCCCAAGTACGGCATGGCGGTCACCGGCCTGGCCGACCCCGAGCGGCTGCTGCGCATCGACGCGGGCCGGGCGGGGACGCCGATCTCCCTCACCAAGCCGCTCGGCGTGGGCGTGCTCAACACCCGGCACAAGGCGACCGGCGAAGTGTTCGCGCAGGCGGTCGAGGTGATGACGACGCTCAACCGGGACGCCTCGCGGGCGGCGCTGGCCGCCGGGGCCCGCTGCGCGACCGACGTGACCGGCTTCGGGTTGCTCGGTCACCTCTACAAGCTGGCCAGGGCGAGCGGCGTCACGGCGGTGGTCGACGCGGCGGCCGTGCCCTATCTGGAGGGCGCGCGGCAGGCCGTACGCGACGGGTTCGTCAGCGGCGGCACGCGCCGCAACCTGGACTGGGTGCGCCCGCATCTCGAGCCGGGCGGCCTCGGCGAGGAGGACCTGCTCCTGCTCGCCGACGCGCAGACCTCCGGCGGCCTCCTGGTGGCGGGCGAGGTCCCCGGCGCACCGGTCGTCGGCCGGCTCGTCCCGCGCGAGACCGCCGTCGTACGACTCGCCTGAGGCCAGGTCAGGCCAGGTCAGCGGCCGGGGACGGGGGCGGGGCGGCCGGCGTCGAGGCGCTCACGCTGGGGGACGACGGTGTATTTCGGGTCCTTCGCCGAGACGCGGCCCGCCTCCAGCACGCCGAACCGGGTGCACAGCGCCCCGGCGGTGATCGCGAGCCCGGACAGCGCCGTGAGGGTCCGGCTGCGCCCGGCGACCGCGGCGAGCAGGCCGCCGCCGAGGGTGAGCGCGCGCGAGGCCCGCATGAGCGTGCCCGCCCTGCCCGTCCGGTACGGCTCGCCGAGCAGGCCCAGACGACGCTCCATCACCTCGCCGGCGACGACCTCGGTCACGGCGCCGGCGACCGCCGCCGCGCGGGCGGGCCCCGCCTGCGCCCTGGGGGTGGTCAGCATCAGGGCCGCGCCCGCCGAGGCGAGCGCGCTCCCCGAGAACAGGAACGGCAGCTCCCGCATCCCCTCGTGCCACGATGGCACGGCGGTGTCGGCGAGGAGGACGGCCGTGTACGTCGCCATCGCGAGGCCGCTCAGGCCGCTCGCCACCGACGCGGCGTCGCCCACCGGGGTCAGCAGGCCGGTCACCGCCGAGCCCGCCGCGACGCCGGTGAGCCCGCTGTGGGCGGCCAGCGTCCAGGAGCCGACGCTCATCGGCGAGGTGGGCTTGAACACGCGGAGCATGTTCAGGAAGCGCTTGGGCCTGCCCAGTTCGGCGACGAGGAAGACGGTGCCGGCGCTCGCCGCGGCGAAGGCGGTGGCCCGGGCGGCCAGCCCGAGCCGGTCGTGCCCGGCCACGCGGGCCGCCGCCGCCATCGCGCCCGCGGCGCCGGACAGCCCGCCCAGATAGAGATATGTCGGCATGTGGGGTTCGTGCCAGATGGGCTGCTTGACGACCGGCTGGCCGTAGTACGACCGGAACGGCGCCTCCGGCACCACCTCGCCCTGGCCTTTCGGCATCAGACCCTCCCCACCGAACCCGAACCCACCGAACCCGAACCCACCGAACCCGAACCCACCGAACCCGAACCCATCGAACCCACTGAACCGATCACGGCTTTCTGCCGGCGAAGCACACGGCCACGCCGGCGGCGAGGGCGAGCGCGGCGCCGCCCGCCCAGCGCCACATCGCGGGCAGGTCGCGGGTGGTCACCACCGGGTCCGGCGGCAGGCCGTACGTCTCCGGCTCGTCCATCAGCAGGAAGAACGCGCCCGTGCCGCCGACGCCGTTGTCGGGGCTCTCGCCGTACAGCCGGGCGTCGGTCATGCCCTCGGCGTGCAGCCGCTCGACGCGCTCCTGTGCCCGCTCCCGCAGTTCGTCCAGCGGCCCGAACTGGATGGACTTGGTCGGGCACGCCTTGGCGCAGGCCGGTTCCATGCCGCCGCGCAGCCGGTCGTAGCAGAGCGTGCACTTCCACGCCCGGCCGTCGTCCTCCCGGCGGTCGATCACGCCGTACGGGCAGGCGGGCACGCAGTAGCCGCAGCCGTTGCACACGTCCGGCTGGACGACGACGGTGTCGAACTCGGTGCGGAACAACGCGCCGGTGGGGCAGACGTCGAGGCAGGCGGCGTGGGTGCAGTGCTTGCACACGTCCGACATCATCAGCCAGCGGCCGTCCTGCTCGACGAACGCGACGTGCCGCCAGGTGCTCGCGCCGAGCGAGCCGGTGTTGTCGTAGGAGGTGGCGCGGAACACGAACCCGTCGTCGGGCACGTCGTTCCACTCCTTGCAGGCCACCTCGCACGCCTTGCAGCCGATGCAGATGGTCGTGTCGGTGAAGAAACCAACGCGCTCAGCCATCGCGGTACCTCTCGATCAAGTCGAGCAGCGCCTGGCCGCGCGGGCGCCGTCCCGGCAGGACGTCGCAGGTGCCGGCCTTGCTCTCCTGGATGTAGACGTTCGGGTCGAGCACGACCGACACCAGGTCGTTGACGACGTCCCCGGTGACCACGCCGCCCCCGCCGTAGCCCCAGTGGTAGGGCATGATCACCTGATGGACGGTCCTGCGGTTGACGCGCAGCGGCCGTACCCGCCCGGTCACCAGCACGCGCAGTTCGATCGCGGTGCGGGCGGTGAC
NZ_CP109552.1_gap43	1550897	1552344	1447	TCCAGGAAACCCGTCGCGAGGAACACGCCCGTGCTGGCGCCGACGCCCCTCTTGTCGTAGCGGTACGTCGCGATCCCGGCGGCGGCCAGCGCCTCGGCCAGTTCGCGGGTCACCTTCAGCGGAAGCCGCCGATGGTCGGAGTCGCGGTCGACCGGCCCGGAGCCCGGAAGGAGCAGGGCGGCCGGGAACGGGCCGTCCCCCTCGGGCAGCGTCAGCGTGCCCGCGAACCGCTGGCCGGCCGAGTCGAAGGTGAGGTCGATGTCGCGCATGTCCTGACCGTGTCTTTCCGTGTCGTTCTGTGTCGCCGCCAGTGTGGATCTCGGGGGGTCCTCACGCCCCGGTGGGGGCCAGTGCGGCCACCACGGCCCGGGGGTCGTCCACGCCGAGCAGCAGCGAGTCGTACTTCTGCCCCTCCAGGTGGATGCGCACCGCCGCCTGGCCGCCGCGCACGTCCACGAACTCCCTGGCACCGGGCCGGTGCCAGGTGCCGAGCTTACGTGCGCCCGGGATGGCGAGGCCGGTGCGCAGTCCGCGGACGGCCCGCAGCGGCACGCCCTCGACGACCTCGACGGACCGGACCGCCGAGCGGGGCACGCGGAGGTCCCCGCGCAGCGCGCCGACCTTCTCCGCGGCGCTCAGGCGGACGGCTACGGCGTCGGCGGTGATGGTCACAGTGCTCATGGGGCGGCTCCTTCGTCGCTTCTGTCGTGTACGAGGCCATTGTTATCGACTATGAGAATGATGTCAATTGTGAGAACATAGGATCATGGCCACAGCGGAACTGCTCCTCCATCCCGTCCGGCTACGTATCGTCCAGGCGCTTCTCGGCGACCGGACACTGACGACGGGAGAGCTGCGATCGGAACTGCCCGATGTGCCCACGGCCACGCTGTACCGCCAGGTTGCCGCGCTCGTGGAGGGCGAGATCATCGAGATTGTGGCGGAGCGGAAGGTCAGGGGCACGTTCGAGCGGTCCTACCGGCTGCGCACGGCGAACGCGCACGTGACCGCGGAGGACGCGGCCGGGCTCGGCGCGGACGACCACCGGCAGGCGTTCATGACGTTCGTCGCGTCGCTGCTCGCCGACTTCGACCGGTATCTCGACCGCGACGACTTCGACCTCGGCCGGGACGGGGTGGGTTACCGGCAGGTGGCGATGTATCTGAGTGACGAGGAGTTCCGGGAGTTCCTCCGCGATCTGGCCGCGGTCCTGCGTCCCCGGCTCGCCAACCAGCCCGCCCCCGGCCGCGTCCGCAGGATCCACTCCACGATCGTCATGCCCGCCCGGCCCACCGCGTGAGATCACGTGTGCGCATTCCCTGTCACATCGAGGAGAGAAGCCCTGGTCAGAGGGAGAAAGATGGTGGTGTCTGTTTCGCCCGCGCCCGTACGACGTGTAGGTGAGACAAGGCGGACCGGCGCGATCGGCCCGCACAGTGAACACAAG
NZ_CP109552.1_gap44	1731771	1732838	1067	GGTGAACGTCCTGGAAGACGAAGGAGACCATCCGGTAGAGCTCCCGGCTGCCGAGATCGCGCAGATCGACACCGCCAAGGGCGACCGAACCGTGGGTCGGGTCGAAGAACCGTGGCAACAGCTGAACCAGCGTGGACTTTCCGCTCCCCGACGGCCCGACGATCGCGGTGACCGTTCCCGGCTCGAGCACCAGGTCGATCCCGCGCAGCACCTCGTGATCGGCTTCGTAGCCGAATCGAACCTCGCGCAGTTCCACCCGGTGCCCCTGTGGCGCGACCGGGTGCGCGGGCTCCGGTAGCGACTGCACCGCGAGCACGTCCCTGATCCGGCCGACCGCGCGCCGGGCGGCCTGCATATCGTCGAAGCCGTGGCCGAGGGCCGCCACCGGAGCGGTCAGGCCCAGTCCGAGCAGCAGGAAGGGCAGCAGGCCGGCCGGGGTCATGCCAGCGGTCGTGATCAGAGCCGTACCACCGATCAGCACGACCAGCAGCACGAAGGGCGGCGACAGCGCCAGCTGCATCCCCGCAGCGATCCCGGAGATACCGCGCACCCACCGCAGAAAGATGCCGACGAAATCGTCCACGGCCGTGCGGAATCCATGGTGGGAGCGCTGGGCTCCGCCGAACGCCTTCACCACCGAGATGCCCTGCACGAACTCGACGACGGAACTCGCGATCCGTCCCATGGCCGCGTCGAACTCCTCCTGCTCGCGCAGCCGGGTCGGGGTCATCATCAGGGGGACCAGCGCCACCGCCAGCGCCACCGGGATCAGCGTGATCAGCGTGAGCCGCCAGTCGACGGTGAACAAGTAGATCAGCGACATCAGCGGCACCACGAATGCGGAGACGAGCTCGCCGGGGGCATGGGCGATGAACGGGTGCACGGCACTCACGTCCTCCCCCACCACCTTGGCCAGCGCGCCGGTCCGGCGCCGGGAGAACCAGCCGATCGGCACGCGCCCCAGCCGCGCGGCCAGTTGCCGGCGAAACGACAGTTGCACCCGGCCGTCGAGAACATGCCCGAGTCCGGACGACGCGGCTGTGAAGAGCAGTCGGACGAACAAGCCG
NZ_CP109552.1_gap45	1869361	1872836	3475	CCCGCATGGCCCGCGCCGTCGTGGTCAGCGCGACGGTCAGCAGGCCGCCGCCGAGCAGCATCATGCCGACGATGACCGGCCACTGGAAGGGCTCGGGCATGTACAACCCCAGGAACCAGGACTTCACCGGCGAACCGACCAGCTTGAACCCCATCGCGACCAACCCCTGGGGGAACAGCGCGATCGGCCACAGCGCCCAGCAGAGGCCGCCGAGAAGGCGCCACGGAGACCGGGGCGCCGCCCGCAGCGGGAAGGCCAGGGGCAGCTCGACGACCGCCGTGGTCGGGCCGCCCGCCGGGCTGTTCAGCGCGAACACTCCGTCGAACGCCCCGAGCCTGCGTTCGATCCCGCGCAGGCCGGTGCCGCGCCCGGGGTCCGCGCCGCCGCGGCCGTCGTCGGTCACCGTCACCCGCAGCGCGGGACCCCGCGCGCTCACGTCCACCCACGCCTCGGTCGCGTCGCCGTGCCGGGCGGCGTTCGCCAGCAGTTCGCTGACCGCGAAGTACGCCGCGGACTCCAGCGGCGCGGACGCGCGCTCCGGCACGTCGACGGTCACATGCGCGCGCAGCGGGCTGTCCAGGGCGAGGGCGCGTACGGCGTCGCCGAGGCCGCGTTCGGCGAGCACGGGGGGATGGATGCCGCGCACCAGCCGCCGGATGTCCTGCAGCGCGGCCGCCGAGGCGTCGCGCGCCTTGTCCAGCAGCGCCCGGGCGGCCCGCAGGTCGGTCTCCAGCAGCTGCTCGGCCGCGCCGATCGTCATCCCGATCGCGACGAGACGGGCCTGGGCGCCGTCGTGCAGGTCGCGTTCGATCCGCCGCAGCTCGGCGGCCTGCGAGTCGACGGCCTCGGTGCGCGCCGCGTCCAGATGGGTGACCCGCCGGGCCAGCCGCGCCTTCTCGGTGGGCCCGAGGAGCACGGCGGCGACGCCGCCGTGGACGCGCAGGGCCCACGGCGCGTACCAGCGGGCGACGCCCGCCGCGAGCAGGATCCACACCACGCCCAGCGGATCGCCCCCCGCCACCCGGACGACGCCGTACGCCGTCGCGAGCAGCGGAGCGGCGGCCACGAGCCCGCAGGTCACCGGCGCGGCGAGCAGGTAGGCGAGGTCGCGCCAGGTCGCCGGGTCCTTCATCATCCAGTTCCACCGCTTGTTGAAAGCCGGGATCGTGGGCTTCTTGTACAGGGTGCGGCCGTCGCGGTACCAGCCGTCCGCCTGCGGCACCGGCGGGAGCGGCGCCGGCAGGTACGGGGCGTCGACCGGCATGCCCGACCAGCGGCCGGACAGATCGCGCGCCAGCCCGGTCACGGCCCGCACGAGCCGTACGGCCGGGGACACGACGAAGACCATGCCGACCATGAAGGTGAGCAGCGCCGCCGTCAGCATCACCAGGGCGGTGGCCAGGCCCAGCAGGGCGAGACCGGCGAGGGCGACACCTCTGCGGAGTGCGACGAGAGTCGGGCGAGCTGCGTTCATGCGTCCAGTCTGCGAGTTCCGGGCGATTCCGCACAGTGGCCCCGGACACCCGGCAGGGGTGGGGGAAAGTGCACCCCCGCCGGGTCCGTAACCGCATTCCGGGCGGCTCGCCCGGTTCCTAGCGTCGTCGGCATGGCAATCATCACCGTGGACCACCTCCGCAAGACGTACGGGGCACGCGTGGCGGTCGAGGACGTGTCGTTCTCCGTGGAGGAGGGCGAGGTCTTCGGCATCGTCGGCCGCAACGGGGCCGGCAAGACGACGACGGTCGAGTGCGTCGCCGGGCTGCGCACCCCCACGGCGGGCACCATCGATCTGGACGTCGGCCTGGGCCCTGCCTCAGGCGCGGATCTGAAGGAACAGGTCGGCGTGCAGCTCCAGGAGTGCTCGCTGCCCGACAAGATCCGGGTCGGGGAGGCGCTGTCGCTCTACGCCTCGTTCTACCGCCGGCCCGCCGACTGGCGGGCGCTGGCCGCCGAGGCCGGGCTGGACCTCCGCGCGTCGTTCGCCACGCTCTCCGGCGGGCAGCGTCAGCGGCTGTCGGTCGCGCTCGCACTGGTGGGCAGCCCGCGTGTGGCGATCCTCGACGAGCTCACCACCGGCCTCGATCCGCAGGCGCGGCGGGAGACCTGGGAACTGGTCGCCCGGATCAGGCAACGGGGAGTGACGGTCCTGCTCGTCACCCACTTCATGGAGGAGGTGGAGCGGCTGTGCGACCGGGTCGCGGTCATCTCCCGCGGCCGGGTGCGGGCGGTCGACACGCCCGCCGGGCTCGTCGCCCGCGCCGGCGGCGAGCAGCGCCTGGTCTTCCGTACGGACAGGCCGCTGACGGACGAGCAGGTCACGGCGCTGCGGGCGCTGCCCGAGGTGACGTCGGCCACGGTGAAGGGCGCTGTTGAAGGCGCTGTGAAGGGCGCTGTGATGGGCGCTGTGGGGAGCGCTGCTGGGGGAAGCGCCTTGGGGAGCACAGCGGGGAGCACGGCGGACGGCGGGGAGGTCGTCGTCGCCGGCGACGGCGACCTGCTGAGCGCGGTCATGGCCGTGCTGCCCGCGTCCCTGATGCGTGGCCTGCGCATGGAGCGCACCACCCTCGACGACGCGTTCCTCGCCCTCACCGAGCCGTCGCACGGACCCTCATATGGGCCCTCGCCCGAACCGGCCCGTTCCGTCTCCCAGGAGGAATCATGACCACCGCCCGTACGCCGGTTCTCGTCCGGATCGCGGCCGTGGAGGCCCGGCTCTTCCTCCGCGAGCCCGCCGCCGTGTTCTTCGCGGTCGTGCTGCCGGTGGCGCTGCTGCTGACCCTCGGCGCCACGATCCCCGGCTTCCGCGACGCGGACCCGTCCCTGGGCGGGCAGCGCTTCGTGGACGCGCCCTTCACCGCGATGATGGTGCTGCTGTCGGTCGTGACGCTCGCGCTCAGCGCGCTGCCGGCGGTCCTGGTGGCCTACCGCGAGCGCGGCGTGCTGCGGCGGCTGTCCACGACGCCGGTACGGCCGGGCGCCCTGCTGGCCGCACAACTGCTGATCAACGTGGGCGTGGCCGTCGTGGCGACGGCGCTGACACTGGGGCTCGGGCACGTGTTCCTCGGGGTGCCGCCGCCCCGCTCGCCCTGGGCGTTCGCGGGGGTCTTCGTCCTCGGCTCGACCGCGATGCTCGCCATCGGGCTCCTCCTCGCCGCCGTGGCGCCGAACTCCAAGGTCGTCCAGGGGGCGGGCGCCGCGCTCATGTTCCCGCTGCTGTTCCTGGCCGGGATGTGGCTGCCCCGGCCGCTCATGCCGGAGGTTCTGCGCCGGATCAGCGACTTCACCCCCACCGGGGCCTTCGGGCAGGCGCTCACGGACGCGCTGGGCGGCGGGGGTCCCCAGCCCGTCCACCTCGCCGTACTGGCGGGCTGGGCGCTGGCCGCCGGGCTCGCGGCGGCGCGGCTGTTCCGCTGGCAGTGAGACCGGTGCAGTGAGACGCGGGCCGTCCCGTGCCCCGCCGCGGGGGCGGGGGCAG
NZ_CP109552.1_gap46	1876432	1877429	997	CGGCCGGAGGGGCTGGCGGAGGTCCTCGGCCGTCACCCGCACGCCATCGCGGTGCTGGCCGGGCACGCCCACACCGCGGCGGCCACGACGTTCGCCGGGCTGCCGCTGCTGGTCGCGCCGGGCGTGGTCAGCACGGCGCTGCTGCCGTCCGAGACCTCGGCGCACCCGCCGATCGACCGCGACCTGCCTCCCGCCGTCGCCCTGCACGTGCTCGACGACGGCCGGGTCACCACCCACTTCCGGCCCGTTCCCTGAGCGCTGTCCCTGAGCGCTGTCCCTGAGCGCTGTCCCTGAGCTCTGGCCCCGAGCTCTGAGCCGTACGGCCCGCGCCGGGATCTTCCGCGCGGGCCGTACGGACGTGCTGGCGGACTCGGGCGCCGACGGCGCTCAGGCGTCGGGGATCCACGAGCCGTGGAACCCCGCGGGCACCCGCCGCGGCAGCCGTACCGACGCCACCTGGGACAGGTCCGACGCGTCGAGCACGAGCAGTTCGGCGCCGTCGTCGGCGCCGGCGATCGACAGCAGCCAGCCCGCGTCCTCGCCGCCCCCGCCGCCCCCGCCGCTGTCCCCGCCGGCGGTGCTGCCGGCGGTGCTGTCGGCGGGCACGAACACGGCCTCACCGGGCGCACGGTCGCCCGTCTCGTGGGCCAGGCTCGTGCCGGCGCCCGTGTCGTACTTCACGATCGCGTCCTTGGTGACCGCGTAGAGGTAGCGGCTGCGCAGCCCGGTCAGCGTCTCGTTGACGGTGGGGAACTCGACCTCCCGGTCGTCGAGGGCCTCGTCCTTCGCCACGCCGGTCGCGGGGTCGAGCAGCCAGCGGTGCAGCGCCGCGCCGCCGGTGTGCGCGGCGGGATTGGCCCTGCCGCCGATGGTCGGCCAGAAGGCCTGGAACGCCCCCGGCGCGTAACGCACGGCGTCGACGACGATCCGCCCGTGCTCGTCCTCGCTCGCGTTCCCCACGTGGAAGACGTAGCAGGGGTCGATCTCGAACCACTGG
NZ_CP109552.1_gap47	1928782	1929514	732	GCGATGCCGCCCGCCGCCGGACGGGTCGGCAGCGACGTGTTCGCCTCCGCCGTCGGCCAGGTGGCCGTGGCCGCGGGCAAGGACGACACGCTCCCGATGCTGACCGGCGTCCGGATGGAGATCGACGGCGACACGGTGACCCTCGCCGCCACTGACCGCTACCGGCTCGCCGTACGCGAACTGAAGTGGCAGCCGGAGCAGCCCGGCTTCCAGGCCGTGGCGATGATTCCCGGCCGTACGCTCGCCGACACGGCCAAGGCGCTCGGCGGCAGCGGTGCGGAGGTCGAGATCGCGCTCAGCTCCGCCGGCGGCACCGGCGAGGGCATGATCGGGTTCTCCAGCTCCGGGCGGCGGACGACGACCCGGCTGCTCGACCCCGAGTTCCCCAAGTACCGCTCGCTGCTGCCCACCGAGTTCTCCGCCCGGGCCGATCTGTCCACAGGCTCGTTCGTCGAGGCCGTCAAGCGCGTCGCTCTCGTCGCCGAGCGCAACACCCCCGTACGGCTGGCCTTCCGCGGCGGCGAGGTCGTCCTGGAGGCCGGCAGCGGCGACGAGGCCCAGGCGGTGGAGGCGCTTCCGGTCGACTTCGACGGCGACGAGATCAACATCGCGTTCAACCACCAGTTCCTGCTGGAGGGCCTGGGGGCGATCGACTCCGACATCGCCCGGCTGCAGTTCACCACGCCGACCAAGCCGGCCATCCTCACCGCGGGCAAGCCTGTGGACGAAGGC
NZ_CP109552.1_gap48	1934956	1935478	522	CACCGTCGTACGGCTCGCGCAGCCGTGGTCGCTGCGCTACCCGCTCGTCGACGGGCAGGGCAACTTCGGCTCGCCGGGCAACGACCCGGCCGCGGCGATGCGGTACACCGAGTGCCGCCTCGCGCCGATCGCCATGGAGATGCTCCGGGACATCGACAAGGAGACCGTCGACTTCCAGCCCAACTACGACGGGCGGTCGCAGGAGCCGGTCGTCCTTCCGTCGCGGTTCCCGAACCTGCTGGTCAACGGGGCGGCCGGCATCGCGGTCGGCATGGCGACCAACATCCCGCCGCACAACCTCCGGGAGGTCGGCGGCGCCGTCATGTGGGCGCTCGAGAACCCCGAGGCGTCCGACGAGGAACTGCTCGACGGGGCGCTCGCGCGGGTCAAGGGCCCCGACTTCCCCACCGGCGCGCTGATCGTCGGCCGCCGCGGCATCGAGGACGCCTACCGCACGGGCCGCGGCTCGATCATCATGCGGGCCGTCGTCGAGGTCGAGGAGGACCCCAAGGGGCGGCAGTG
NZ_CP109552.1_gap49	1940324	1941858	1534	TCACTTCCTTGTAGCGCGGATCGACGGACGATATGCCGAGTGGGGGGCCGACCTCTGTGATGTCGAGTTCGACGCAGACTCCTTCGTGGAGCAACAAGGGGGGCGCGTGACCGGCACTGGCGTATGAAAGTTGGCGTAACCAGGGGTCGTAGACGAGGTACTGACAGGTGACGATCGGCGGGGCGACGCTCTCGGAATGCATGGTCATGGCCTGCGTCCATTCGTCCAGGCGAGTGAGGATCTCGGCTGGCGGGAGTTCGGCATGGGCGAGGGTGCCCAGGAGGACCCGGAGCTGCCCCATGAGCGCCGCCGCTCGGGGACCTCTGCCTTCGACGTCCCCGACCACGAAGGCCACGCGGCCAGCGGACAGGGGAATTATGTCCCACCAGTCACTGCTCATCTGGCTGGGCAGTTGAGTGCTGTGGCCGGGGTAGTACCGCAGCGCCGTGTCGAGCCCGTCGAGCCCGGGCAGATACCGGGGCAGCAGGTGTCGGATTAATTCCCTCGCTGTCTCAGCCTGCTGCTCCAGGAGAAGAGCGTTGTCCGCGAAGAGCTCCACTCGGGAGGCGACGACACTAATCAGATCACGCTCCGGCAGGCTAAGGACCCTGGTCGTGGAGCCGAGCGCCAGGAGCCCCAAATTGGCACCCCGTGCACGGAGCGGAGTGATGATGGCGGACTTCACGCCGACCCGGTCACACCAATTCGTGGCGTTCATGAGGGTAGGGGTGAGGATCTCTTCGGGAGGAGCGTCGGCAGGCCATATGTCGGGGACTGAGACCTGACGCGACTCAATGCGGATGAGGCAGCGATCGCCGAGACGTGGTACTAAGACGTCGATGACCTCCTGAAGGCCTTCGGTGAGATCCGTGGCGGCGTTGAGTAGATGGCCGATCTCTTCCACGAGTGCCAACCGTTCCTGAGCGAAGTCGTCTGGCGCCGACCTGGCGAACAGGACGACGCCGGTGACTTGCCCTGTAACGCCAGTCAGTGGCATTGCTTGGGTGCGGACCCTGGCTCCGGCACCCTCAAGGGTCCCTTCCCACAGACATCCGCTCTCGCAGACCTGGAAGATGATCCCGGCTGCCGTCATGCCGTCCTTCTCGCCCATAGCCGTCAGGAACGATGGAGGGGACCCTAGCTCATGAGGGCCGAAAACCTGCTCAGCGAAGGGATTCCAGCGGAGTGCATTGCCGAAGCGGTCCAGGACCACAACGGCCATGTCCGTCTGGTCCAGGATCGTGGCGATGGATAAGGCGTCTGGCCCGGACGCGTAGGCCAGCGCGGTTGCCGCCAGGCTTGCAGAGATCCGGCGCCTAGGTCCTTCTGTCTGCTGCTTAACATCCACGAGATAGTCGAAGACGGTCACGAAGTCACCGGAGCCGGTCGGGGAGAGCAAGGCAGTGGTGGTGCCGGGCATCGGGATCGTCGCCCATTCCCAAGCGGCTTCCAATGGCTCAGGAAGCAGGAGGCGGCCACCCCGTTCAGCCAGATACTCCTCGTGGAGCTCCTCAAGCATCCTTTTCGGCAAGGG
NZ_CP109552.1_gap50	1942929	1947749	4820	AGACGAGACGTACCCGTTACGGCAAGGTGTGTAATCTGCGCGGTGGTCGGCCCAGCCGTGAGTGCCAATTGTTATGGGGCGGAGCTTGGCACCAAATATGCTCCTCAGCCTGGATCCACCGCGTGATTTCTTTGATCGATTCTCGGTCCAATTCCTCTACGAGGGCCGTTTCCGCTGGTGAAGTGTTGTTTCCGGGCATGTGAGGGCGGCTGCGCGCGGGTCGCAGCTTGTCCACATGTCCGAGGGCTTGGGAGCGGGGTTCATGCGCCGATGGCGCGGGTGACCGTCGTGGTCGTGGTGGAGCCGGCGGTGACCGAGGGCTTCGGCGGGTCAGGCCACCAGCGTGGGCGGCGGGTCGTGGACGGCGTCGAAGACGTTCATCCACGCGCTCTGCCAGCGCCAATGCCGCGGCAGGTGCAGGGTGATGTGACCGCGTCCGTGGCGGGCGATCCGGGCGGGCACGCAGATCAGGTGACGGCGCAGGGTAGCGCCGCGGGCACGGGCGTGAACGGGTCCGGCCAGGCAACCGGCGGCGCGCAGCAGATTGTGGGCGATCGCGGCGCAAGTCAGCCAGGCGGCGTTGGCGTTGAAGTCGCCTGAGGGCATGTGGGCGAGCGGGCCGCAGGCCAGGTCGGCGAAGATCTGCTCGACGATCGCGTGGTCACGATGCTGCTCTTCGGCCTGGAGGAGGTGGAACGGACTGTCGGTGAACACCGCGTGATACCGGTAGGTGCTGAACAACTCGTCCTGGCCGATCCCGGCGTGGGGGTTGAGCCGTTTGACCCGGCGTACGATCAGCCGGGCCGTTGTGGCCTGCTTCTTCTTCGACGCGAACGCCGTGTAGGGAACTTCGGCGATCTCGGCGTCGGAGACCCAGCATCCGGCCTGCTCATCGAAGATCGCGTCCGGGTAGGCGATCGCCGTCCAGGCGTCCTGATCGATGGCGGCGATCGCCGCCTTGATCTTGCGGTCCATCTTCGCGGTGACGGAGAAGTGCGCGCCCGCGCGGCGGCAGGCGGCGATGACGCCCGCCGCGTAGAACGCCGAGTCGCCGCGCACGAGGAGGATGCCGGTGGCGCCCGCCGCCCGCGCGGCCGTTATCGACTCGGCCGCGAACGATTCCGCGCCGCGGGCGGAGTTCGCCTTCCCGCCGCGTAGCCGGGTGCCGGTGATGACCGGGGCGGCCAGCGGCGTCGACAGCACCGAGGCCAGCACGTTCAACCCGCGCACCAGCACACTCTTGCCCTGGATTTTGGTGTGGCCGAACCCGGTGCCCTGCTTGGCGTATCCGTAGGTCCGTTTCTGTGTCGAGTCCACATCCAGGAACGCGACGGTGCCGGCTCCGGGAAGCAGCGGCGTATGCGCGGCGAGCCGGGCCGGCAGCATCCGGGAGACCTTGCCGAGCTGGCGGACGTTTCCCCAGTTCATGCAGCGCAGGAACGAGCCGAGGGTGGACGGGGCGCGGATACCGTCGAACAGCGTGCCCATGCCGCCGTGCCGCAGCGTGTCCAGATCGTCGATGGAGTCGGCTCCGGCGAGCATCCCGGCGACGATGGACCCGATTTTCAGCGGCGCGTTCACGCCGAGCCGGTCGGCGATCGCCACGTGCTCGCCCACCAGTGCGGCCAGGCCGCACCGCTCGGCCAGTCGCATCGCCGGCACCAGCCCCGCGTACGCGACCAGGTGCTCCTCATCGAAGCTCGCATGAGTGTTGGCCGGGGCGTGAGAAACTAGCACTTGAGAGGTGTCCTCTTGATCTGGTTGACGGAAGCCTGAAGAACTCCCATCATCCCAGGTCGGAGGGCACCTCCTCCTCATTTCAAGGCATTTTCCTCAGATTCGGCTCGGTGGATCCAGGCTCAGAAAGCTTCAGGATGGGGAGGGTTCGGGCGCATAGGCTCCGTGCTTGCCATACCGCTTCATGAAACGTGCCCAGTTGGCGGCAGCCGCCCACCGGCAGGAGCGGGACGACCCCAGACTCCAGAAACATCTGCGCTGGCCGCATGCGGCACCACCTCCTGGAGAAGATCACCGACCAGGGCCTCCTCCCGGACGAGACGGCGTCGGTGCGCGGCCTGACCCTACAGAGGCGGCCCGGCTCCCGGTGTAGGGGCGGGCCGCCGACGTCGTGTGGCAGGAGACCGCTTTCCCCAACGATGCGGGGTGGTCGCTTACTCCTTTGGCGGGTACAGCTTGTCGAACGACTTACCGATCAGCGCCGAGCACCACCGGGCCACGCTGTGCGCGCTCCCCCCGACAATGGAGGACACCATGCCGGCGGCTTCCTGGAACTGGATGGCTGCCCCGGCCACAGTAAGCAGCACCACGGTGTAGACGTACCAGACAAGGACTAGGCGCATTTGCTCCGGGGTCAGGCCGGTTGAAGACACGATCTCTTCGACATGCGCCGACTCAAGCAATGCGGCGACGTCCGAGGTGACCACACCGCGCTTGTTAGGCACGGCCGTGGCGGAAGCGGGCGGGCTGGGCGGCGACAGAGGCATCGCTTGCAGGATCCGGGCGAAGTCCGGTAGCCCGGCGAACGCCGTGTCTAGCTTCGCGGTGAGCGCCGCCAGCGCATCCCCAGCGAGTTTGAGGTCGCTGAGAGGAGCCCTAGTTAGTTCCCGAATGGCCTTCTTGGCGGGGGACTCGGCCAGCAGATCAGCGAAGGGGTTCGCGCGTTCTGGGAATCGCAGGCCAGCAGTGAGTTCGGTGAGCTGGGTTGCGGCCGTTTCCCGGAGGGCCTTCTGCACTGGGGACTCGACCAGTACGTCGGCGAACAGGTCCACGAACCGCGAAGACTGGAGGTCCAGCTCAATACGAGCGCTTACCCGTTCCACAATGTCAGCCATCGTCCGAGGGGGCATCACGGACTCTACGAGATCACCAATCCGCTGCTGAAGGGACGTGCTCGACGGTGCCAGGGCCTTGAACAGGTCCTCCTGTTGCCGTAGCTCAGCGGCGATTCCGGTGATTTCCGAACCCGGGTCCGCCGTCTTATCGGTCATAGCGGGACTCTAGCTGCCCCAACCGACAGCCCGTCTCCGCCTGACGGCGGACCGGACCACGAGGAGTCCCCACGCAGATGGTGCTCGATTCGTGATACGAAACGCCTGTGATTCTGCAGTCACGTCCTCGTGCAGGAACACCAGGGCCTCCACGCCGACCGCTCCCGGCTCCGCATTTCCACGCCTGAGTCGAAGCCGCCACCTGGAGCCGCTGGCAACGGCCGCTTGCAACACGGCCGCCTCGGGCCACTCAGCTTCTGTCTCCTCGACGGCACGGCGGCGTCGCTGTACAAGCACCTCCCGACCCAACCCGCTCGAACGGGGGGACTCGGCGCGCTGGCTGAGCTGTCAGCGACGGCCGTCTCCGCCGGCCTCCGCGCCCTCGCTAAGCACGGCTTGGCCGAACGCCGGCAGGGCGGGTGGGCGCGTGAGTCCTCCGACCTCGCCCGCGTGGCCGAGCAGCTCGGTCGTTGCCGCGGTGCTTGCGGATCCCGCCCCGCCCAGGGAAGCGGCGGTTGCGACGCTCGCGCTTGGGGGGACTGCTGGAGGCGGTCGAACACCGTCTTTTCAGAGGTGGCCGCAGCGGCCAGCACCTCGCTTGCCCACGTGGGGTTCGTCTTCCCGTCTTCACTGGGCGTCACCGTTGAGAAGTCGCAGCAGGTCTGGCGTCGAGACCCGATAGAGGTCCCCGATGCGGAGGGTCCGGACGGGGAACTCGTCCTTCTTGGCCAGCTCGTAGGCCTTGGTGCGGCCGATGCCGAGGATCCTTGCGGCGGTCATGAGGTCGAGCGTCGGCGGCAGATCCTGCAGGTCCCGGAGGGTGATGTCCTTCATTCGATGCCCCCAGCCTTTGCCGATGCCTCACGGATACGCGCGACCGCGAGCTTGCAGTAGTCCGCGTTGAGTTCGATGCCGATGAACTGCCGGTCGAGTTGCCGGGCGGCAAGAGCCGTTGTTGCCGCTCCGGAAAACGGGTCCAGGACGGTGCCGCTGGGGCGGCAGCCGGCGGCAATGGCGCGGAGCGGGATGTCGATCGGGAACGGGGCGAAGTGGGCGCCACGGTAGGGCCTGGTGGAGATGGTCCAGACGTCGCCGGGGTTGCGGCCGTCCGGGTTGGCCGCGTTAGTGGCGCGGCCGTTCGGGCGGTTGGCGGTGCCGGGCAATGTGCCGGCTGGCTCCGGCGTGCCGGTCGGCGGCCAGGTCGTTTGGATGGCGTTGGCCTTGGTCCCGCCGCGTCGTGCCCGGCGGGAGAGGGATCGGTCGCCGGTGTACTGCTCACGGATGGCGTCGAGGTCGAACCAGTAGAAGCGCTGTTTGACGAGCAGGAAGATCAGCTCGTAGCGGGTGGAGAGCCGGTCCAGGGCCGACTGGGGCATGGCGTTGGGCTTGGACCAGACGATCGCGTTGCGTAGGATCCAGCCGTCGCGCTGGAGGGCGAAAGCGACCCGCCAGGGCATGCCGAGCAGGTTCTTGGGCGGCACGATGCGACGGGAGCGGGGCCGTACGGTCGGCTGCCGCTGGTTGTAGCTGGTGCCGCGGGCGTAGCCGTCGGAGTTGGCGGCGTACATGTCGCCGAGGTTGAGCCAGCAGGTGCCGTCGTTGGCGAGGACCCGCCGGGCTTCGGCGAAGGTGGCGCGGAGGTTTTCTACGTAGTCGTCCGGTGTGGGCTCCTGGCCGTACTGGCCGCGGCCGTAGTCCCGCAGCCCGTAGTAGGGCGGGCTGGTCACCAGGCAGTCCACGGAGCGGTCGGGCATCTCAGACAGCACGTCGCGGGCGTCGCCGAGGTGCAGGGTGGTGTGGTCGTCTCGCCAG
NZ_CP109552.1_gap51	1965552	1967277	1725	AAGCGTGCGCTGCGGCCGGAGTGCCGCAGGCCAACTGGTACCGAAAGAACCGCCGCAGTCCGGCTCCGGCCCGTCCCATCACCCCACGCAAGCCGCACCCCGCCGCGCTGTCGACCGCCGAGCGTGACCGCGTCCGAGCGGTGCTCAACGAGCGCTTCGCCGACGCGGCCCCCGCCACGGCGTACTTCACGCTGCTGGACGAGGGCACCTACCTGGCGTCGGAGTCCACGATGTACCGGATCCTGCGCGAGCATGGCGAGGTCGGCCGTGATCGGCGCCGTCAGGCCACCCACCCGCCCAAGACCATCCGAACTGTTCGCCGACGCCCCGAACCGCGTATGGGCATGGGATATCACCAAGCTACGCGGCCCGGACAAGGGTGTCTGGTACCACCTGTACACGATCATCGACATCTACAGCCGCTGCGTGGTCGGCTGGATGGTCGCCTCCCGCGAGTCGGCCGCGCTGGCCAAACGGCTGATCGCTCAGACCGCCGTCAAGCAGAAGATCAACCGCGACACCCTCACCCTGCATGCCGACCGCGGCAGTTCGATGAAGTCCAAGACCGTGGCCGAACTGCTCATCGACCTCGGCGTGGCCAAGTCCCACAGCCGCCCCAAGACATCGAACGACAACCCCCACATCGAGGCGAGCTTCAAAACCCTCAAGTACTGCCCGGCCTTCCCTGGCCACTTCGGCTCGATCGAGGACGCCCGCGCCTTCTGCCAGACCTTCTACACCTGGTACAACCACGACCACTACCACTCCGGGATCGGCTACCACCATCCGGTCGACGTACATTACGGTCGCGCCGCCGTCGTCCGTGACCGACGCGCCCGCGTTCTGGCCGCCGCTCAGGCAGCCCGTCCCGAACGCTTCGCCTCCGGCGGCACCCCTACCCCGCCCGACCTGCCCGGCCCGGCATGGATCAACAAGCCCAACAACGACGACACGAACGAGCAGAAGGACGCGCCGGAGAAGCCGACACAGAATTAGCCCAGCTCAACTGCCTTGATCAAATTGACAGGTTCCGCTTTCTCCTGGCTGTGCGCACTTGGCCCGGGCGGCCTCTTCTCCGCGCGCAATCCGGAGGGCGCACTGCAGTGGCAAGCAGGCCGACTTCTCAACCTTCTCTCGATCGATCCCCTATCTCCATGCTTTGACCCTTCCTGTGGCATCCGCGAGCCGGGTGCCGGCGTCGCGGGCCAGGGGACGGAGACCTATGTCCCCTGGACGGCGCAAAAGTTTTTGCGATCATCGCGAGGGGGCGTTGTAACGAATTGATCGCTGTAGGTCTATTGCTAGTGGGTCAGTTCTACTTTGGGCTGTATGCCGGTTGAGTCGCTCCCTCGTGATGACGGGAGTCCATTAGACCCGGGTGGTGGTCGCTGCCACCAAGCCGCCGACCGTCCCTGGGCGAGACCATGGGGCGCGGACACACCGCTATGTCGACGTCCAGGATAGTGGAGGGCGCTGCTTGTGAACGCCGATGGCAGGGTCCGTCTCACGGCGCACCAAGGTCAGGTCTTGGTGACAGTTAGATATCAGATAGTTCACCACCAGAGGAGAGAACTCGATGCTAGAGACATTGATCGAGATCGCAGGCACGACTGTGGTGGCGGCCATGGCAACCAACGCATGGGACTACACCCGCGAAAAGGTCATCACGCTATTTCGCCGCGACCAGAACGAGCAAAGGCTTGTCGAGGCTTTATTGGACCACAA
NZ_CP109552.1_gap52	1994356	1998625	4269	ATCGCCTTCCTGGGGGGCTACCGGGTCGACGGCCTCGGCTCGGTGACGGGCGCGGCCGGGCTGTTCGGCTTCATGGCCGCCGCCGCCGTGACGGAGGAGCTGATGTTCCGCGGCATCCTGTTCCGGATCGTCGAGGAACGGACCGGCACGTGGATCGCGCTGGTGCTGACCGGTCTGGTGTTCGGCCTGATGCACCTGGGCAACCAGCACGCCAGCCTGTGGGGTGCGATCGCCATCGCGGTCGAGGCGGGCGGCATGCTCGCCGCCGCCTACGCCGCGACCCGAACTCTGTGGGTGCCGATCGGTGTGCACTTCGGCTGGAACTTCGCCGCGGCCGGCGTCTTCGGCACCGAGGTCTCGGGCAACGGCGCGACGCAGGGGCTGTTGCACGGCGTGACGTCGGGCCCCGCCCTGCTCACGGGCGGCGACTTCGGGCCGGAGGCGAGCCCGTACGCGGTGGTTTTCGGCCTGCTGCTGACGGTCGTGTTCATGTGGCTGGCCCGCCGGCGCGGCAACGTGGTCCCGCTCCGGCGCGGCGCGACCGCTACCCTCGCACAGTGATCGATTTACGGCGGGTCACGGATCTGTGGCGGCGGTGCGACGTCGTGGTCCGGGATCTGCCGTTCGGGCTGCTGCTGGCCGTCGCATCGCTCCTGCCGGCGCTGCACGGCAAGGGGACGCAGGTCGGCGACCTGCCGATTCGTCCCTTCGACGCACTGGCGTTCGTGGTGATCGCCCTGGAGTGCCTTCCGCTCGCCGTGCGCCGGCGGTGGCCGGCCGTGTGCCTGGCCCTGGTGTCGCTCGGCTTCGTCCTGGACCAGATCCGCGCCTACCACGTGCTCGCGAGCAACGCGATGCCCATCGCGCTCATCAGCGCGGGCACCCATCTGGAGCGTCACCGGCGCGTCGCCGTGGTCCTCCTCTCCGTGGCGTACGTGCCGCTGGCGCTCGCGCTCGGGCGAATCGGTGCGCCCGAGAAGGCGGAGGGTTACGCGGTGTTCTACCTGGCGCTGGCGCTCGCCTGGGGCATCGGGGCCTGGCTGCGCTCCGCCCGGGCCGCGGAGGAGGAACGCCGCCGGCATGTCGCCGAGACCACCCGTGCCGCGGAGCGCACCCGGATCGCCCGCGAGCTGCACGACGTCGTGACCCACCATGTGACGGCGATGGTCGTGCAGGCCGAGGCCGCCCGTTACCTGACCGCGGCGCCCGATCGCCTCGACGCGGCCCTGAGCGCGGTCAGCGACACCGGCCGGCGGGCCATCGCCGACCTGCGGCACCTGCTCGATCTGCTCAACCCCGACCACACCGACGTCAGGATGCCGTCTGTCGGCGAGCTCCGCACGCTCGTGGAGCAGACACGCCGGGCCGGGCAGCCGGTGGAGTTCGCCGAGGACGGGAGGCGGGCGGAATCGGCCGGCAGCGCCGAGTTCGTGGCCTACAGAGTCGTGCAGGAGTCCCTGACGAACGCCCTCAAGTACGCCCAGGGCAGCCCCACGGCGGTCCGCGTGCGCTATGGCGAGAAGGAGATTGTCGTGGAGGTGAGCACCGGCGGTTCCGCCTCCCGGCCCGGCTCGCCCGGCGGAGGCGGGCGGGGCCTGGCCGGGCTCCGCGAGCGGGTCGACGCACTGGGCGGCGAGTTCAGCGCCGGGCGGCGGACGGACGGCGGCTTCGTCGTACGGGCGCGAATCCCCGCGGGGAGCCCGTCGTGACCGCGCCGGTCCGGGTCCTGGTCTGCGACGACCAGGCGCTGATCCGCACCGGGTTCGCGACGATCATCGATGCCCAGCCCGACCTGGAGGTGGTGGGCGAGTGCGGCGACGGGCGCGCCGCGGTCGACCTCGCCCGCCGGCTGAGCCCGGACATCGTGGTGATGGACGTGCGGATGCCGGTGCTCGACGGCATCGGGGCGACCCGCCTGCTCGCCGGCGCCGGGGTGGCGGACCCCGTCAGGGTGCTCGTGGTGACGACGTTCAATCTGGACGAGTACGTCTACGAGGCGCTGCGCGCGGGGGCGAGCGGTTTCCTGCTCAAGGACGCCCCACCGGCGCAGCTCCTGCACGGCATCCGTACCGTCGCGGCCGGTGCCGCGCTGCTGGCGCCCGAGGTGACGCGGCAGCTCGTCGGGAGGTACGCGGCGCGCATCCGTCCCGCCGCGGGCACACCGGACGACGTCGCGCTGACCCCGCGTGAGCTGGAGGTCCTGCGCCTCATCGCGGACGGCCTGTCCAACAGTGAGATCGCCGCGACACTGGTGCTCAGCCAGGAGACCGTCAAGACGTACGTGTCACGCATCCTCACCAAGCTCGACCTGCGCGACCGCGTGCAGGCGGTGGTCTACGCCTACCGCAGAGGCCTGGTGACCTGAGACCCACCGGACGGACCGGGTGAGGCGCCGGCCGATGGCTGCCTCAGGGGGACGACTCGCCTGACCGGAGGAGCTACGTACGTCGGGCTGCACCTCCAGCTCACCGGTGATCTCCCTTACGGCAGCATCACCATCCGCACCGCGCGGAGGCGACGCGGCCATGCTGAGGGATGCGGCGGATGATCGCGATCCTGGCAGGATGAGCGGCATGGAACGTGTGCTTGGAATCGGCGGATACTTCCTGCGCGCCGCCGACCCGGCGGCCCTGGGTGCGTGGTACCGCGAGTGCCTCGGCCTGGACGCCGACGAGAACGGCGTGTGGCGTCAGGAGGCCGGGGTGACGGTGTTCGCGACCTTCGAGTCCGAGACCGATTATCTCGGCTCCCGGGCCCAGCGGACGATGCTCAACTTCCGGGTCCGCGACCTGGACGCGATGCTCGCGCAACTGCGCGCCAAGGGAGCGGACGTGGCCGAGGAGACCGAGGACATGGAGGGCGTCGGCCGGTTCGGCTGGGTCACCGACCCCGAGGGCAACCGCGTCGAGCTGTGGCAGCCCAGCTGACGGTGCCTCAACGCGGCCTCCGGTCACCCGTCGTGCCTGCGATCCGGCAGGGGGAACGTACGGCTGTCGCCGCGCCGGAGCCGGGCGTGCTGACCGTGCACCACGAGGTCCAGGGCGGTGGGGCCGTCGTCGGCCCGGGCGATCCGTACGCGGGCCGGGTCGGCGTCGACGTCGAGTTCCGCGCCTCGGTAGCGGAGGCACAGCGACAGCGTGGTGAGCTGTTCGGGGAGCACCGGGTTCAGGTGCAGGCCGTCGGGCCGGGCCTCCAGATCGAGGTAGCAGCGCTGGACCAGGTCCAGCGTGCCGGCCATGGCGCCCAGGTGGACACCCTCGGCGGTGGTCCCTCCCTGGACGTCGGTGATGTCACCCGTCAGCGTCTCGGTGAAGAACCGCCATGAGCCGGTGCGGTCCGAGCGCGCCAGCACCCAGGCGTGCACCACGGCGCTCAGCGTCGAACCATGGCAGGTGCGGGCGAGGTAGTAGCGGATGGTGCGGCGGGTCAGGCCCGGCGCCGCCGGATAGCCCAGCCGGTCGAGGATCTGCCGCACCTCCCGGGCCGTGAGCAGATAGAACAGCATGAGCACGTCGGCCTGCTTCGACGCCCGGTAACGGTCGGGGCTGTCGCCGGCGGCCTCCAGCGCCCGGTCCAGCCGGCGCACGCCCCGGTAACGATCCCAGTCCAGCTCCGCCAGGTGCTCGTATCCGGTGAACTGGCTGATGACGCCGTCGTGGAAGTCCACCCGCATCCGCCGGGTGATGTCCTCCCACCGCTCGGTCTCCACGTCCGTCAGGCCGAGACGGCGGCGCAGGTCGTCCCGCGCGCGTCGCGGCATCAGGTCGAGCGCCTGACGGGCGCGCAGCAGCAGCCACACCGTCATGATGTTGGTGTACGCGTTGTTGTCCAGGCCCGGGGACGCCGCGCCGGGACAGCCGTCGTGATACTCGTCCGGGCCCATCACGCCCCGGATCTCGTAGCGGCCCGACCCGGGATGGAGCCGCGCCAGCGAGGCGAAGAAGCGGGCGATCTCGACCAGGAGATGGGCGCCCGTCCCGGCGAGGAACTCCATGTCGCCGGTGATCGCGTAGTGCTGCCAGGCGTTGTAGGCGACGGCCAGCCCGACGTGCCGCTGGAGGTGGGTGTGGTCGGGCGTCCACCGCCCGGAGCGGGGGTTGAGGTGGAACCGCTGGGTCTCGTCGCGTCCGTCGCTGCCGCTCTGCCAGGGGAACATCGCCCCCCGCAGGCCGGCGGCGCGGGCGGCGGCCCGGGCCTCCGGCAGCCGCCGCAGGCGATAGCGCAGCGCCCCGCGGGCGATCTCGGGGAACCGCAGGGTCAGCCAGGGCA
NZ_CP109552.1_gap53	2003325	2003859	534	GTGCTGGCTCCTCTCGTGGGCCCCGAGGGGCGGGTGATCGGCCTCGACCCGTCGCTTCCGATGATCGAGCATGCGCGCCGGCGCTCACCCGGCAACTGCTCCTACGAGGTGGGCGAGGGGCAGGCGCTGCCCTTCCCGGACGCCTCGTTCGACATTGTGGTCTCCAGCCTCGCGGTGCATCACATGCCGGGCTCGGCCCGAGGCACCGCCGTGCAGGAGATGTTCCGCGTCCTGCGGCCGGGCGGACGGCTGCTGATCGCCGAGTTCCGCCCGCCGGTCAACCCCCTCGCCGCCCGCCTGGCCGAAATCGTGGCGGGTCCGGCGGTACGGCCCACCATGCCGGAACTGCTCGCCACCCTGGTGCCCGGCGCCGGTCTCCGCGTCGAGAGCACGGGCACCGTCGGCCCGGTGCTCTACTACGTGAACGCCGTCCGCCCTCCCGCCACCCGCTCCTGAATTCCGGAGGCCGGCCGCTCCTGAATTCCGGAGGCCGGCCGCTCCTCTGTGCGCGAACAGGCGTGTCGCCGGAGATCC
NZ_CP109552.1_gap54	2005072	2007140	2068	CGCCGTGCCGCCGATCCCGGCCGACGGCTGGTGCATCATGATCCGGCTGTGCGCGAGGCTGATCCGCTTGCCGTGTGTGCCGGAGGCCAGCAGCACCTGCCCCATGCTCGCCGCCATCCCGAGCGCGACGGTGACCACGTCGTTCGGGACCAGCTTCATCGTGTCGTAGATCGCGAGGCCGGCCAGCACGGACCCGCCGGGCGAGTTGATGTAGAGGATGATGTCGCGTTCGGGGTCCGCCGAGGCCAGCAGCACCATCTCGGCGCACACCCGCTCGGCCATCTCGTCGTCGACCTCTCCGGTCAACAGCAGTGTCCGTTGCTGGAACAGCTTCTCGTTCAGCCGATCCCGGTAACTCGTGCTCGATGAAACAGGCATGCCGCCTTTGTATCCGCCCCACCCCGCGAACCGCCGATATGTCTGCCGAGGGCAGACGACCCCCGCGACCGGCTCGCGCGGGCGGTCAACAGCTCTCCGTGGGCTGGTGACGTCGTACGTATGTGGGGACCAGGGTCCCTCCTGACAGGGGAGGAAGTCCCTGGGGCCGGGCCGGGCGACGGCCGACGCTGGGACCATGACCCGAAGCGTCGCCGAGGCGTGTGACGTCCTGCTGCGTGACGGTGGCATGGCGCGCATCCGCCCGTTGCGGCCGTCGGACCGCGCGGCCCTGCACGCGCTGATCGCCCGGTCGTCCCCGCGTTCGGCGTACCTGAGGTTCTTCGCCGGTGGCACCGCCTCGGCCCACGCGTACATGGACCTGATCACCGGTCCGGATTACGGCGGGCACGCGCTGGTGGCGTTGGCCGGCGGTCTCGTGGCCGGCGTGGCCGAGTGGATCCCCGGCCCCGGCGGGGCGGAGGCCGAGGTGGGGATCCTGCTGGACGACCGGGTGCACGGCCAGGGGCTCGGCACGCTTCTGCTGGAGCACGTCGCACTGGACGCGGCGGACGCGGGCGTCGAGGACCTGGTCGCCACCGTCCTGCCGGAGAACCGGGCGATGCTGCGCGTCCTGCACGATCTCGGCCTGCCGGTGGAGCAGCGCTACGAGCGGGGACAGGTCGAGATCCGCATCGCCGCCCGGCCCACCGAGAGGCTCGTGGCCGAGATCGAGGCCCGGGCGCACGAGGCGGAGCGCGGGTCGCTGGCGCACGTGTTCACCCCGGGCTCGGTGGCCGTGATCGGGGACGTTCTCGACCCCGGCGGCCTGGGCAACCGCGTGCTGCGTGACCTGGTCGCTGGACGCTTCCCCGGCCCGATTCACCCCGTCGACCCCCGCGCGGCCCAGGCGTCCCCGGCGGCCGAGGTGTGTGGCCTGCCCGTCCGTTCCGGCGTCGCCGTGGTGCCCGGGCCGGTGGACCTGGCCGTGGTCGCCGTACCGGCCCCCGCCGTGCTCGGCGTCGCCCGCGAATGCGCCCGCCGCCGGGTGCGGGCCCTCGTCGTGCTCACCGGCGGCTTCACCGAGGCAGGGGACCGCGAGGCGGAACGTGAACTGCCGCGCGTCTGCCGCGAGGCGGGCATGCGGCTGGTCGGGCCCGGCTGCCTCGGCGTCGTGAACACGTCCGCCCGCCTGCACGCCGGGCTCCTGCCCGTACGTCCCGCCGCGGGACCGCTGGGCCTGATGGCGCAGTCGGGCACGGCCGTGGTCGCCCTGCTCGAAGGGGCCGGACGGCGCGGCCTCGGTGTCTCCTCCTTCGCCTCGGTCGGGGACAAGGCGGATGTCAGCGGCAACGACCTGCTCGAATACTGGGAGGACGATCCCGCGACCCGGGTCATCGCCCTGCACCTCGAATCGTTCGGCAACCCGCGCAGGTTCCGCCGCATCGCCCGCAGGATCGGCACCCGCAAACCGATCATCGTGACGAAGGCCCGCCGCGACGCCCCGGAAAGCCCGGCCGCCACGGGCCCCGGTGCGGCGAGCGAGGACGCCGCTGTGGACGCGCTGTTGCGCGCGTGTGGTGCGATCAGGGAGGACAGCGTGCGGGGCATGCTCGACACCGCCCGCTTGCTGGCCTCCCAGCCGCTGCCGGACGGCCCTCGGGTGGCGATCGTGAGCGACTCCGGACCCGCG
NZ_CP109552.1_gap55	2067412	2072389	4977	GGCGAGCAGTTCCTCCGCTCGGGCGGCGAGCGCGCCCGCCGCGCCGTGGTCGCCGTCGAGGGACGCGATCCGGGCGCTCAGCGCGAGAAGGATCAGCTCGCCGCGGGCCTGCGGCCGCGCGGCCGTCGCGCGCAGCCGCGCCAGCTCTCCCGCCGCCTCGGCGTGACGCCCCTGCCGGAGCAGCTCGCGCGCCGCGTACAGCTCCAGCGTCCTGGCCGGCTCGGACTGGCCCAGCCGGTGGAGGTCGGCCGCCGCCCGGCGGAACAGCTCCTCCGCCGCGGCGTGCCGGTCGACGAGCGACTCCACCAGCCCGCGCACCTGGAGGACCGCGGCGGCCGCCAGGTTCAGGTGGAGGTCCCGGGCGTGCCGGTCCGCGGCGTGGAGAACGGCCCAGGCCTCGGCGACGTCACCGGCCAGCGCGAGCAGCCGCGCCTCGGTGACCAGGACGGGCAGGAGCATCGCCCGGTCGGCGCCGAACCTGGCCGACAGGCCGGCGCACAGCGACAACCCCTCCGCCAGCGGCGTGGGGGACCACTGCGCCAGCTCGCACAACCCGCTGAGCAGGCGGTTCTCCTCGTACCTGTCGCCGAGGGAGCGAGCCCGGGCCAGGGCGTCGCGCAACGCGGCCTCGGCCGCGCCGAAGCGGCCCTCGCCGATGCGCAGCAGCGCCTCCAGGTGGTGGAGCCGGCACCAGCCGAGGTCGTCGCCGGGGTCGGCGGACAGCAGGTCACGGAACGGCCCGGCCGAGGCGGGCCGGGTGCCGAAGCGCACCGCCAGCGTCTCGCGCTGGACGGCGCACGTGAGCCGGGTGCGCGGGTCGCCCGGCAGCATCCGCTCGGCCACGTCCAGCGCGGCGTACGGCCGGTCGGACTCGCCGCGGGCCAGCCCGGCGTCGCAGATGCGTACGGCCAGTGGCCGGTGGTCGGGGTGCCCGGCCGGCAGCAGGTCGCGCCCCCGCTCCAGCAGGGCGATGGCCGCGGGCAGGTCCTTGCGGTGCAGGGCCCGGGTGCCCTCCCCGACGAGGGCGCGGGCGGCCCGCTCGGTCAGCGCCGGCAGCAGCGGGTCGTCCGGCCGCACCTCGCGTTTGAGCAGGCAGGCGGTCTCCAGATGCTGGGTCAGGTCGCCGTGCGACGACTCCTCCCCGGACGAGGACCAGACGGAGACCTCCGCAGGCCCGGAGATCTGCTCGGTGATCTGCTCGGAGATCCGGTCGGCGAGAGCGAGATGCCAGGTGGCCCGCAGGTCCTTGCGGGTCATGGCGTAGACCGTGTCGCGGGTCAGCGTCTGGGTGAAGTGGAACGACCCCGCCGCCTCCCCGCGCCGGACCAGGCGTCTGCGGATCAGGAGCCCGACCGTCTCGTCGACGTCGAGCCGGGCCTCCGGCCGGACCGCGCAGAGGCCGCCGAGCTGGTCGAGGGTGAAGGCATGGCCGATCGTCGCGGCCCGTTCGAGCACGTCGCGCTCACCGTCGTCGAGCAGGTCGAGCCGCGCGCCGAGCAGCGCCTGGATGGTGCGCGGCAGCGGGGCGTCCTCTCCCTCCTCGGCCAGCGTCTCCAGCAGCAGTTCGGCGAACAGCGGGTTGCCGTCGGAGCTCTCCGCGACCCGCCGGCACAGGGCCGGGCTCGCGGCCAGGGCGTGGGCGACCACCTCGTCATCCGGCGACCGGAGCGCGGCGAGCTCGGCGACCAGCCGCTCCATCCGCGCCGCGTCCAGCGCCCCGAGCTCGAACGCGACGGCCCGGCCGACGTCGATCCCCCACGAGGGCCGCGCCTCCAGCAACTCGGGGCGGGCCACCCGTACGACCAGGACCGGCACGTCGACCAGCCACGTCGTGAGGTCGTCGATCAGGTCGAGGAGGGTCGGCTCGGCCCAGTGCAGGTCCTCCCAGACCACCACCAGCGGCTCACGCCGGGCCAGCGCCTCGAACAGCGCGCACACCGCCCGCGCGATCTCCTCGACGCCCGCGTCCTCTCCCGTACGCGGCGCGCGTGCGGCGTCCCCGGTCACCAGGCCGCGCAGGGCGGCGCCGCTCGCCTCCTCCAGCGTGTCCGGCCAGTCGTCGCCGAGTGACTCGACCATCTCCGCGATGGGGCGGTAGGTGATCCCGGCGCCGTACGAGCGGCACCTCCCGGCGAGCACGACGACCCCGGCGGGCAGTTCGTGGACGAAGTCGCGCACGAGCCGGGACTTGCCGATGCCCGGCACGCCGAGCACGGTCACCACCCGGCACCGGTGGTCCCGCACCGCCTCGCGGTACGCCGCCCGGAGCCGCGCGGTCTCCGCGGCGCGGCCGATGAGCGGGATCTGGGCGTCGCCGTCCCCGGCGTCCGGCTCCAGCGAGGTCACCCGCCAGGCCCGCACGGGGTTGCTCTTGCCCTTCAGCGTGAGCGGCGGCACGGGCTCCAGCCGCGCCTGGGCGCGGACCAGGCGCGCGACCTCGTCCCCGACGAGGATCTCGCCGACGTCCGCGGCGGACTGCAGGCGGGCGGCCGTGTTGACGGTGTCGCCGATGACGCGCAGGTCGGCTCCCGGAGTGGCGATGACCACCGCCTGCCCGGCGCTGACGCCGCAGTGCACGTCGAGCTGGATGCCGTGCGTGGGAGCGAGGCCGTCGCTCAGCTCCCGCACCCTCTGCAGCGCCGCGTGGGCGGCGCGGACCGCCCGGAGCGCGTCGTCCTCACGGTTTGCGGGGATGCCGAAGACCGCCATGATCGCGTCCCCGATGTACTTCTCCACGACGCCGCCGTGCTCGCTGATCCCGGAGGTGCACGCCTGGTAGTACCGGTCGAGGACGTCCCTGAGGAGCTCGGGGTCGAGCCGTTCGGCCAGCTCCGTCGAGCCCACCAGGTCGATGAAGACGACCACGACGTTCCGGCGCGCAGGGCGTGCCGCCCCGGTGGTCAAACGAGCTTGAGCTCCTGGCCCTCGACCTCACCCGCCGCCTCGTCCAGGCGGGTCTTGATCGAGTTCAGCAGCTCGACCTCCGGCCTGCTGAGCTCGGCGAACACCTGCCGCTGCCGCTCGTTGAGCAGGTCCACCGGGTGGCCCGCCTCGCGCAGGGCCGTCAGCGGGTCGAACGGCGCCGGCCCGGTCTGAACGTCGTGGCTGTGCAACGGCCCACCTCCTGGTCGTGCCTGGCCTGACGGCCAGTGTGGTACGCCGCCAAGGGTAGGGACGCGGGGTTCAGGGCCAGTATGGCGACGCCATGCCGCCGCCATACCGGCCGCGTACGCGGTCTCAGCGTTCCCGGTTTCCGCGCGGTCCGGCGTGCAGTTCGGCCGCGAACCGGTGGGCGAGCGGTGACATCGCGTACGACAGGGAGTGGGCGGTCACCTCGGCGTCGGCCGGGGTCTGCGAGATCGACAGGACGCCCGCCTCCAGAAGGGACTCGACGACCCGTTCGCCCGGCTCACCGGTGCCGTCCAGGGCCTCGACGAGCTCGTCGTGCCCGAAGACCGGGCCGCCGAGCGCGCCCAGGGCGAGGAACGCGGCGCGGTGCGGCCACGACGGGTGCGCGTAGGACTCCTCGAACCGCCGGCGCAGCGACACGTCCCCCGCGGCGAACTCGTCCAGCACGTTCTCGGTCCGGTCCAGCCGCTCGGCCAGCGGACCGAGCGGCAGGTGCCAGAGCCCGGCGAGCCGGGCCCCCAGCAGGCGCAGGACCAGCGGCGACAGGCCGTACCTCCGGAAGATCCGCAGGACGGCGGGCAGATCGCCGGCCACCCGGTCGCGGCCGATCATCCGGCTCAGGAACTCGACGCCCTCGCTCGTGGACAGGTCCCCGAGCCCGATCCGGGCCACCGACTCCAGCCCGCTGAGCCTGCTCCGGCTCGTCACCAGGACCCTGCTCGACGTGGTGCCGGGAAGCAGCGTGCGGACGCTCGCCTCGTCCGGCGCGTCGTCGAGGACCAGCAGGACCTTCCGGTCGGCGAGCCACGACCGCCAGACGGACGCCAGCGCGTCGTCCTCGCGCACGCCGGCGACCTCCAGCCCCACGCCCTCCAGGATCTCCCGCTGGACGCCGGCGGCCGGCCGGGGGACGCCGTGGCGCCGCAGCGGGATCACCACGGCGCCGTCCGGATAGCGGGGGGCCAGCAGGTGCGCGACGTGTACGGCGAGGGCGGTCTTGCCGGCCCCCAGCCCGCCCGTGATCACCGTGACGGGAGCGGGCTCCTCGAGAACGCGCCGCACCTCCGCCGCCCGGCCGGAGAAGTCGTCGACGTCGCGGGGGAGCCGGTTCGCCAGGGCCCGTACGGGACGGGCGGCGGGGCCGGCCGGGCCGGGGTTCCGGGTGCGGGAGGGCCCGTCACCGCGAAGGATGGTCTGGTAGAGCTGCCGGATCAGCGGACTGGGATCGATGCCCATCTCGGCGGCGAGGTGCCGCCGGACGCCCTCGAAATGGGCCAGCGCCTCGGCGGCCCGCCCGCACCGCGACAGCGCCGTCATCCTGGCCGCCGCGACGCGCTCGCGGGCGGGAAACCGCGCGGCGACGACGTCGAGGGAGCCCAGGGCCTCGACGTGGCGGCCCAGTTCGATCTCCAGCTCCACCCAGTCCTCGTAGACCGACAGGAAGAGTTCGGTGAAGCGGCCCACCTCGGCGGCCACGAGCGGGACATGGCGGAACTCCACAAGCGGCCGTTCGTGCCACATGCGGACGGCGTCGCCCAGTTGCGCGGCGGCGGCGGGGAGGTCGCCGCTCCGGACGGCGGAGCGGCCCGACCTGCTCAGTTCCAGGAAGCGCAGCAGGTCGAGCTCCTCGCGGTCGGCGCGCATCCGGTAGCCCCACCCCTGGAAGCTGATCCGATCGCCCACGATCTTGCGTAGCGCGGACACGTAGACCTGCAGGTTCTTGCGGGCCGTGCGCGGCGGCGTCTCGCCCCACAGCGAGTCGATCAACTGCTCCGACGGGATGACCGCGTTCGCGTGGCACAGCAGTATCGCCAGGAGCAGCCGTTGTTTCGGCGCGCCGATGACGGC
NZ_CP109552.1_gap56	2075614	2080074	4460	TGGCGAACACGGTCAGGCGGGTGGCCGGGCCAGCGGGATTCCGGCGCCGAGGGGAAAGGCGACGGCGGGGACGTGGATCGGCACCTGCTTCTCGCCGATCTTGAAACCCTCCATCCCCCAGCTCACCGTGACCTCGAAGCCCCCGCCGAGACGGAGGGTCACCAGCCGCCCGTCGCGGATTTCCGCGTCCAGCAGCCCGATCGTGAACGTCAGGTCGACGGAGAATGTGATCGTGAGCACCTTGCGCTCGTCGGCGTAGACCTCGACGTACGGGCGGTGCTCCGAGGTGATCGAGTGCGCGGCCAGTTGGACCGGCTCGGTCTTCCCACGGAGGCCCTTCTCGTGACTGCGCACCGCGGCGGCCCGCAGCACGCGGGACTTCTGCCACCCGGCCGCCAGGACCGTCCCGAGAGTGATCCCGTGGAGCAGGCCGGCGCCGGTCTCGGGCAGCTGAGCGACGAGTCGCCCGGCGAGGCCCGGGGCGTCGCGGCAGATCGTGCTGATCACCTGGGGGTCGCGGACGACGCTCGCCGCCGCCGCCACCGCGCCGCGTGCGCCGTCATAGAGCGCGAGGGCGGCCGTGCCCGGATTCGGGTCGATGGTCAGGTTCATGACAGGCCTTCCCAGATCTCCTGCCGGCCCGGGTCCGCGAGCCCGTCTCCTCGCCGGAGAACGCGACCGTCGGCACCGCCTCGGGGCTCGCCTCGGGCGACTCCTCCGACTGCGGCGACTCCGGTCGACTCGGTGAGGGACTGTCGTCGGGGCTCGCCGGTGGACTCACAGGTGGGCTTACCGTGGGGCTCACGGACGGGCTCACGGGGGACACCTCGCTCAGGACGACGTCGACGGCGTCGCCGATGGTCAGCTCGTCTTCGCCGGGTGGTGGGTCCTGGTCCTCGACGATCTGGTCGTCGCGCGCGTCATCCGCCCCTCTGAGCGTCAGCCCCCGGTCCGCCGCCATCCGCCGCGCCTCCGCGACCGTACGGCCGATGAGGTACGGCACCTCGGTCGAGCCGTCGAGGAGCAGGCTGACGGCCTGCCCGTAGGCGAGCCGCCCGCCGGGCGCGGGAGTCTGCTGGGCGACCTTCCAATCGCCGGTGGCCTCCGGCTGCTGGGTGGTCACGCCGAACCCGGCCTTCTCCGCTTCGGCGGTGGCGGCGGTCAGCGTCATCCCGGTCAGGTCGGGCACCTGTCCTTCCAGGTAAACCTGGACCCTCGTGATTTTGAATTCGTTGCACGACACCGTCTCCGCGCTGCTCACGAAACTCGTCCCGGGAGGCACGGGATCGGGCACGGTCACGACCCCGTAGCCGAAACGGCTGTGGAGCGCCTCGACCGCCTGCTCGTACGTCTGACCGCTCACGTCGGGCGGGGGCGGGCAGCTCGTGGCCTGCGCCGGCGTGGCCCAGAACGCGGCGGCGGCCAGGGCGAGGGCCACGGTCAGACGTACCGGCATCATCGTCTCCGGAACGGTGGCGGGCTTCTCGAAGAAACGTCACGAAGAATCGCGGTCACCTCGCCCGAGTATCTCCCGACTCATATGCGCGAGCGCAGGCCCCGGTCCGGTGAGCGGACCGGGGACGCGCTTTTCCGCTGGGCCGGGCTCAGAGCAGGTATCGCAGCCAGAGGTACGGCGTGGCCAGGGCCACGGTGACGACGGTGACCACCAGGCCGTACTTGGTGAACTCCCAGAAGCTGATGCGCGCGCCGTTGCGCTCGGCGATGCCGAGGATGACGACGTTGGCGGAGGCGCCGACGGCGGTGGCGTTCCCGCCGAGGTCCGCGCCCAGCGCGAGAGCCCACCACAGGACGTTGTGGTCGCCGGGCACGTGCTGGGCGAGGTCGGCCACGATCGGGCTCATCGTGGCGACGTAGGGGATGTTGTCCACGATCGCCGACAGCCCGGCCGAGGCCCAGAGCAGGACCATGGCCGTCACGCCCGGCCGCCCGGCCGTCGCCTCCGCCGCCGCCTGCGACACCTGGGCGATCACGCCGGTCTCGACGAGCGCGCCGACCATCACGAAGAGCCCGGCGAAGAACACCAGCGTCGGCCACTCAACCTCGCGCAGGGCGTCGTCCGTGGTGACCTTGGTGACCAGCACGAGCAGCCCTGCGCCGAGCAGCGCCACGACGGACGGCTCGTAGTGCAGCACCGGGTGCAGCACGAACGCGGCGATGACCACCCCGAGCACGGACAGGCTCTGCACGAGCATGACCCGGTCCTCGATGGCCGCCTTCTCGTCGAGCTGCATGATCTCGGCCGCCCGTTCCGGGTCGTACCGGAAGGCGCTGCGGAACAGCACCCGGCACAGCCCGATGAACACCGCCGTCAGCACGATCACCAGCGGCGCCAGGTGGACGAGGAAGTCGTTGAAGGTCAGGCCGGCGCGGGAGGCGATGATGATGTTCGGCGGGTCGCCGACGAGCGTCGCGGTGCCGCCGATGTTGGACGCCATCGCCTCGGCGATCAGGAACGGCGCGACCGGCAGGGCGAGGCGCTCGCAGACGAGGAACGTCACCGGCGCGATCAGCAGCACGGTCGTGACGTTGTCCAGCAGCGCCGACGCCAGGGCCGTGATCACCAGGAGCAGCACCATGAGCCGGAACGGCCGTCCCCTGGCGCGTTTGGCGGCCCAGATCGCCAGGTATTCGAACACGCCGGTCTGCCGCAGCACACCGACGATGATCATCATGCCGAGCAGCAGGAAGACGACGTTCCAGTCCACGCCCGACTCCTGCGAGAAGAACGCGGAGCCGGCCGCCGTCGCGTGGACCAGCAGCATGATCGCGGCGCCGCCCAGGGCGGCCTTGACCCGGTGGATCTTCTCGCTCGCGATGAGGACGTAGGTGGCGGCGAAGACGATCGACGCCACCCAGGCGGTCACCGTCATCAAGATCCTCCGTGGAAACCCCCGCCTTCAGGCGGGGAGGAATCGGACTCCTTGCGGAGCGGGGCGGGGGTAGGCGTTTCCCCGGAAGGCGAACCGCTGTGCGAATTCACGCGAGCGTCAGCTGATCGGGTGGCATGATGTGCGGGGTGGCGCAGACGGTGAAGCGGGCCTACAAGTACCGCTTCTATCCCACCCCCGAGCAGGCGTCCGGGCTTGCCCGGACGTTCGGGTGCGTGCGCCTGGTCTACAACAAGGCGTTGGAAGAACGCACCCGCGCCTACACCCTGGAGGGCCGCCGCGTCTCCTACGCGGAGTCCTCGGCCGCGTTGACGGCGTGGAAGCGGACCGAAGAGCTGGCGTTCCTGGCCGAGGTGTCGTCCGTGCCGTTGCAGCAGGCGCTGCGGCACCTGCAGGCCGCCTTCGCCCACTTCTTCGCCAAGCGGGCCAGGTACCCCACCTTCAAGTCGCGGAAGAAGTCGCGGGCGTCGGCCGAGTACACCCGCTCGGCGTTCCGCTACCGCGATGGCCGGCTCACGCTGGCGAAGATGGACGGCCCGCTGGACATCGTGTGGTCGCGTCCACTCCCGCAGGGGGCGCAGCCGTCCACGGTGACGGTGAGCAAGGACGCGGCGGGGCGGTGGTTCGTGTCTCTCCTGGTGGAGCAGACCATCGACCCGCTCGACCCGGTGGGGAACACGGTTGGCGTGGATGCGGGGATCACCGCCCTGGTGACTCTCTCGACCGGTGAGAAGATCCCCAACCCCCGGCATGAGCGGGCCGACCGGCGCAAGCTGGCCAAGGCGCAGCGGGCCCTGGCCCGCAAAACCGCGGGCAGCAGCAACCGGGCCAGGGCCAGGGTGAAAGTCGCCCGCCTGCACGCGCGGATCGCCGACCGGCGCCGGGACTTCCTGCACAAGCTGTCGACTCGACTCGTCCGCGAGAACCAAACGGTCGTGATCGAGGACCTGACCGTCCGCGCCATGGTCAAGAACCACTCGCTGGCCCGCGCCGTCTCCGACGCCTCCTGGCGGCAACTGCGGTCGATGCTGGCGTACAAAGCCACGTGGTACGGGCGGGAACTCGTGGTGATCGACCGGTGGTTTCCCAGCTCGAAGCTGTGCTCGGCCTGCGGGGCACTGCGGAAGTCGATGCCGCTGAACGTCCGGGCCTGGGAGTGCGCCTGCGGCGCGGTCCATGACCGGGACGTCAACGCCGCCAGGAACGTCCTCGCCGCCGGGCTGGCGGAGAGGTGAAACGCCTGTGGAGCTGGTGTAAGACCTCAACGGAGTCCTCTCGGACGAGGCGACCGGCAGCGAAGCAGGAAGACCAACCTGTGAGGGTTGGAATCCCCTCCCTTCAGGGAGGGGGGATGTCAAGCGAGCCGCTTGAGCAGCGCGGAGAGTGTCACCGCGCCCAGCAGGCGGCCGCCGTCCAGCACCGCGACCAGGGGACTGCGGGTGCGAGCCATCAGCGCGCCGATCTCCAGAAGGGTGGCGTCCGGGTCGGTGACCGGCAGCTCGCGCGGACGCTCCGGCAGGGCCTGGCGGACCGTGCGATCGCCCAGCGCGC
NZ_CP109552.1_gap57	2110741	2115290	4549	TCTCTCCGCCCTCCCGGATCCGCACGCAGCGCCTGTTGCCGACGTCGGCGTACCAGACGGCGCCCTCGGCGTCGACGCAGATGCCGTCGGGGTGGTCCTCGCCGCTGTCGGCCCAGACCCGGCGGCCCGCCAGGCTGCCGTCGGCCTCGATGTCGAAGGCGGTGAGGCTGTTGCCGTACGAGTCGGCGACGATCAGCGTCGAGTCGTCCCGCGTCACGGCCATGCCGTTGGGGAAGGCGATGTCGCCGGCCACCTGGCGGGCCGAACCGTCGGGGCTGACGTGCACGATGTATCCCGGCGCGAACGCGCCACCGCCGAGCATGTCGAAGCCGATCCGGTTGACATAGATGTTGCCGCGGCCGTCGACGACGATCTCGTTCCAGCCGCGGCCGAGACCGGTGAGGTCCGCCTCGGTCACTAGAGAGCCGTCGGGTTCCCGTCGCAGCAGCAGCCCCCGCGCGGAGTCGACGATCATCAGCCGTCCGTCGGCCCGCCAGTCCGTGCAGAGCGGTAGCGAGTCCACCCGGGCCACCACTTCGTGCCTGCCGTCCAGGTCGAGCGCGATCACCTCACCGGCAGTCCAGTCGGAGAAGTAGAGGCGGCCGTCGTGCCAGCGTGGCGACTCGACCAGCCCGAGGCCCGTAAGCCACGTACGCAGTTCCGGCATTGACGGCTCCCTCCGCGACGTCCACTCCGCCGCTGGGAGACGACAGTACGCAACCCCTACGACAGTTTCCGGGGCATCGCCGGCCCAGGAAGCCGCGCGGGTGCCGATCGGCTCGCCGAACACCGGGGCCCTGCGGGCTCGTGGAGACCGGTGAGCCCAGGCCCCCGTACGCCTTCGCCGGGACGTGGTCGTCTCCGGCGAAGGCGCGTGGCGCGTCGGCGTCTCGGCCGCGTCGCCGCGTCGCTCAGACGCGGGTCCACTTCTGGTTGTTCTGGCCGTTGCACGACCAGATCTGCACCTTCGTGCCATTGGCGGTGCCGCTCCCGGACACGTCCAGGCACTTGTTCGCCCCGACCGCGGTGATCGTGCCGTCGGAGTTGAGGCGCCATTTCTGGTTGTTCTGCCCGTTGCAGTCCCAGATGATCACCGAGCTGCCGTCGGCGGTGCCGGCGTTGTTGACGTCCAGGCACTTGTTGCCGTACACCCGCAACTCAGACGCGCTGGTCGAGGCCCATTTCTGGTTGTTCTGCCCGTTGCAGTCCCAGATCAGCACCTGCGCGCCGTTGGACTGGGAGGCGCCGTTCACATCCAGGCACCGGCCCGAGGCGACCCCTCTGAGCGCGCCCGTGGCCGGAGGAGTGGACGTGGGGGTGGAGGTGGGGGTAGCCGTGGGCGTCGCCGTGGGTGAGGCGGTGGTCCCGGCGACGGTGATCAGGATCGCCTCCCGCGCGGGCACGGTGGTGGCGTAGCTGTTGGTGAAGGTCCCGGCGTCGGTCCCCGTCCACAGATTCCGTACGGTGGCCGCGCCGCTCAGGCCGAGGTCCGACCAGCGGACGGTCATGGACGCGGACGAGGTGGTCCGGTTGAGCAGGAGCACGGCCCGGCGGCCGGTGCCGGAGAGCACCTTGCTGTAGACCTGGCGTCCGCTCTGGTCCTCGGCGACCTTCACGCCCTGCCGTCCGAGCGGATCCTGGTCGACCGCGAGCACTTCCCGGTTCGTCAGGATCGCCCGGGTCTCCGCGCTCATCGTGGCGATGTTGTTCCCGGCCAGCAACGGCGCCCCGGAGATCGCCCACAGGCCCATGTGCGTACGGTTCTGCGCGGCGGAGAAGCCGTTCATGCCGACGATGAGCATGTCGGGGTCGTTGTAGTGACCGGGGGTCTGCGCGTTCGGGTGCTGGGCGGAGTCGAAGTTGGCCAGCATCCGGTCCATCGAGGCGTTCTCGCCCCAGTAGATGATGTCCCCGCTGGTGCGCCACATGGTGGAGATGGCCGGCGCCCAGTCCCACGGGTTCTGCGCGCCCCAGTTGCAGACCGACAGCACCATCGGCCGTCCGGTCTGCGCGGTGGCGCGGTCGATCGCGGCGCTGATCGCCTGGTAGGCGGTGCGGGCGTTGAGCCCCTCGGCCTGCCCGCCGCACCAGTCGACCTTCACGAAGTCGAAGCCCCAGCGGGAGAACTGCAGGAAGTCCTGGTCGTAGTGGCCCTCGCTGCCGCTGTTCGGGGCCGCCGGCCGGCCGGTCGGGTAGTAGTAGCCGCAGCCGTTACGTCCGGCGTCGGTGTAGATACCCGCCTTGAGGCCCTTGCTGTGGATGTAGTCGGCGATGGCCTGCATTCCGCCGGGCCACTCGGCGGTGTCGACCGTGATGTTGCCGGAGGAGTCCCGCGTCCCCTGCCACCAGCCCTCGTCGATGTTGACGTACTCGTAGCCGGCGTCCTTCATCCCCGAGGACACCATCGCGTCCACCTGGTTCTTGATCACGTTGTAGTTGATCTGGGCGGCGAAGGTGTTCCAGGAGGCCCAGCCCATGGGAGGTGTCGCGACGGCCGCGACGGCCGCGGCCGGCACGGCGACCGTTCGCACCGCGCCGGCCGGGACGGCCCACGCCACCGACGCCAGGGCGAGGACCACGACCTGTACGGCGACGACCAGCCGCGACAGGGGCCGGGTGAGGGATGGCGCCGGGGCCGGGTGACCACTCCCGGCGTCGTCGGAACGGCGTCGCCGTACGGGTCCGCGTAGTCGCATCGTGCCTCCTCGTCTCTGAGGTGCTCGTGTCGGTGGGGTTCACCGAGTTGGAGAAAGCGCGGCGTTCCACGCACTGCGCGGGTGCCCGGCCGAGCCGGAGCGGGGTCCGGTGTTAGCGTTAACATCACGCAGTGTCGGCACCCTCCCCGGTGGAGAGGCAGGTGGTGGTGGCGCCGAAGGGAGCGAATATGACATCTCGGGCACCGTCAAGTGGCCGGCCACCCGTCCCGCCCGACTCCCTGCTGCGGCGTCCCCGCCGTCCCGCCGGGGGTGAAACGTTCATCTGCGGTAGGCTCCCGGCGCCGTCGGCGACAGAACAGGACAAGGGGGACAGGCGAGATGGCTCTGGAGATCGAGAGCCGGCCGTCCGACTCGCCGTACATCGAGCGGGTGTGGCGGAGCACCAGCCAGGACGTCAGCCGGATGACGTCCGTGGCGACGGCGCACTGGGACCTGGTCGTCTGGGAGCACCGCGGACAGGTCAGCGTGTCGGTGCAGGGCCCGGAGTCGAGGGCAGCCAGGGCCTCCGTGCCCGAGGACGCGACGTTCTTCGGGATCGTCTTCGCGCTCGGCACCTCGATGCCGCATCTTCCGGCGAACCGCCTCGTCGACGCCATGGCGGAGATACCCGACGCGACCCGCAGGACGTTCCACCTCAAGGGGTCCGCCTGGTGTCTTCCGAGCTACGACAACGCCGAGATGTTCGTCCGCCGCATGGTGCGCGAGGACATTCTGGCACGTGACCCGGTCGTCGCCGCGGTGCTCGGCGGCGCGTCCCCGGACCTGTCGGAGCGCACCCTCCAGCGGCGCTTCCTCGCGGCGACCGGCCTCACCCGCGGCGCGGTGCGGCAGATCGACCGTGCCCGGCGGGCGGCCGTGCTGATCCGGGACGGCGTGCCCGCTGTCGAGGTGGTCCACCGGCTCGGTTACTTCGACCAGCCGCATCTGGCGAGGTCGCTGGCCCGTTACGTCGGGCAGACCGCCACGCGGTTGAGTGAGCGGGATCCGGCGGAGCCGCTGTCGCTTCTGTACAAGACCTGAGCACCGCCGTCCTCCTAGCCTTCCCTTCGCCGCCGTCGATACGGCGAGCGGCGCGAACCGGGCGCCGCCGAGGAAAAGGGGAACGGAGCAATGGCGAAGATCGTTTCGAGTTTCTTCATCTCGCTGGACGGCGTGGTCGAGTCGCCGGACCAGTGGCACTTCCCGTACTGGAGCGACGAGATGGGCGCCGCCGTCGAGACGGGCATGCGGAACGCCGCGGGTTTCCTGATGGGCCGCGCGTTGTACGACGAGTGGTCGGCCTACTGGACGACGACCGACCAGGACCCCGAGGTGGCGGCGACCTTCAACAACGCCCGCAAGTGGGTCGTGTCGAACAGCCTGGAGAGGGCCGACTGGTCCAACACCACCCTCGTCTCCGGTGACGTCGCGGGCAGGCTGCGCGAACTCAAGGAACAGATCACCGAAGGCGACATCCAGATGTCCGGCAGCGCGACGACCGTGCGATGGCTGCTGGCCAACGGACTGCTCGACGAGTTGAACCTGCTGGTGCACCCGATCGTCGTCGGCCGCGGCCGGCGGCTGTTCGAGGACGCCCCGGCGCACAAGCTGAAGCTGGTCAGGTCCGAGACGTTCACGACCGGGGTGCTGCACCTGTCCTACGTCCCCGACGCCGGCTGATCGGCTCACGCGCACGCACCGTCTGCAGGCGCACGCGCCGTCATGGTCGTGTTCGGATAGCGTCGGGGCATGCGGCTTCATGTGGGATGCGCGATGTGGACGCACAAGCCGTGGCAGGGGCGCCTCCTGCCGCATCCGCTCCCGCCCGGAGAGCGCCTGCGGGCCTACGCGAC
NZ_CP109552.1_gap58	2125813	2128031	2218	CGGGGTCAGGCAGCGGCTCCGCCTGGAGCAGGACCGCCCGGCCGCCGTACGGGAGGCGATCCACGCCTGCCGCACGGGCGGCTCGGTTTTCGTGCTCGGCGTCTTCGCCGGGTTCGTGGACGGGTTCCCGCTCGGCGCGCTGATGAACAAGGGCCTCACGCTGCGGGGCGCGCAGCAGCACGGCCAACGGTACATCCCGAAGCTGCTCGAACTGATCGGCCGGGGAGACCTCAAGCCGTCCCACCTCGCGACGCACACGATGACCCTCGACGAGGGGCCCAGGGGCTACGACCTGTTCAGGAACAAGAAGGACGGCTGCGTGCGGGCCGTGTTCCGCCCCTGGATCTGAGCCGTCGCCGGCCTGGGCAGGCGTGAAAGCGACCCGCCGCCCCGTGACGGGACGGCGGGCGCGCGATCTCAGCGTACGGCTGGGGCGGCCAGCCGTTCCGCCTCCTGGTGCAGCGCCTCGATGAGGACGAACTCCAGCCGGAGCTCCTCGTCCACGAGGCTGTCGAGGACGTCCATCCGGGCCTCCTTGTTTCCAAGACGTCCCGCAGCGCGCGGTGGTTCACCGGGTGCCCGGACGAATCCGGGACGGGACGCGGGCGACTCCCCCGCTCGGAGGACGGCTACCCAGGACAGGCCCGGCCTCACTCACATCCGTCACAGAAATTGACACTCGTCTCAGCGGCAGCCGAAAAAAAGAGGCGGAAAAGCCGGAGACATGTGGGGAGACGGCCGATCGTGGCCTATAGTGAGAGGTTCGCGTATATCTGAGAAACAGATATCCTCGTGAGGAGTTTATCACAGGAATGGGTGATCGTCAAACAGACCCCGCTCGCGCCGAGGCCCTGCGGCGTGAACAGGAGTACGTCTCCATGCTGTACGAACGCCTCGACATCGCCCGCGACCGGGCGGGCCGCGGGATGCGCGACGTACTGGCCCGGGGCGCCTCGGGGAACAGACAGGCGCTCGTGGAGCGGGAGGTGACGGCGGCCGAGCACGCCCGCCGCCACGCGCGGTTGTCGGCCGTCGAACGCGGCCTCTGCTTCGGCCGCGTCGACGACGGCGAGGGCCAGGCCCTCTACATCGGGCGCGTCGGCCTCCGCGACGACGACCACACGTCCGTGCTCGTCGACTGGCGGGCTCCGGCCGCGCGCCCCTTCTACGTCGCGACCCCCGGCGACCCCGGGGGTCTCGTACGCCGCCGTCACCTGCACACCCGGGACCGCAGGGTCGTGGGAATCGACGACGAGGTCTTCGACCTCGACCGGATGGCCGACGCCGACCGCCGTACGCTCGTCGGCGAGGCCGCCCTGCTCGCGGCGCTGCGGCGGGGGCGCACCGGACGCATGGGCGAGGTCGTCGCGACGATCCAGCGGGAGCAGGACCGGGTGATCCGTTCGGGCCTCGCGGGGGCGCTGGTCGTGCAGGGCGGGCCGGGCACCGGCAAGACCGTCGCCGCGCTGCACCGCGCGGCGTACCTGCTCTACACGCACCGCGACACGCTGGAACGGCGCGGCATCCTCGTCGTCGCGCCCAACGCGACCTTCTCCCGGTACATCGGCCAGGTGCTCCCGGCGCTGGGCGAGACCCAGGTGGTGCTCACCAGCCTGGGCGGGCTCCACCCCGGGGTGCGGGCCGAGGCCGAGGACGGGCCGGCCACCGCCGTCGTGAAGGGCGATCCGCGCATGGCCCGGGTGATCGAGGAGGCCGTACGGGACCGGGAGCGTGTGCCGGAGGGCGACCTGGAGGTGCGGATCCCCGTCCGCACGTCCCTGCGCGGCGGCGTGGAGGTGGTGGTCGAGGAGATGACACTGCGGGTGGACCACGCCACCTGCCTGCGGGCCCGGGACCACGCCCGCGGCCTGCGGCGGCCGCACAACATCGCCCGCTGGGCCTTCGTCCGCCGGATCCTGCCGGCGCTGGCGCGCGATGAGGCCGAGCGGCTCGACCGGCCGCTGGAGGACGGCGACCTGCGGTACGCCGCCACGGCCCTGTGGGAGCACCGGCCGGTGCGCGACGCGCTCGACGCCCTGTGGCCGGAGATCACCCCGGAGCGGCTCGTCCGCGAGTTGCTGTCCGACGAGGGGCGGCTGCGCGCCGCCGCCGGGCCGCACCTGACGGAGGACGAGCGCGCGACGCTGCTGCGGCCACGGGAGGCGCCGTGGACCATCGGCGACGTGCCGCTGCTCGACGAGGCCGCCGAACTGCTCGG
NZ_CP109552.1_gap59	2171358	2172763	1405	TGGTATGACGGGCTGGGCTTCGCGCTGCTGGCGCTGGTCGCCTGGCCGGGCATGGAGGCGTTCCTGGTCGCCCGGCTCACCGTGCTCTCGCTGGCCTATCTGCCCGCGCGCCAGGCGCACCAGCCCCGCGACCTGACGTGGCTCGTCGACGTGGTCAGGCAGTGGGCGGCGCCGTCGCTTCTGCTGGCGCTGACGATCGTGCTGCTGTGGTGGGCGGCGCGAGCTGCAGGGCGTGTACGGAGGCCGCCAGCGTCAGCGGCACCGCGACCGTCAGGGCCATCGCCGGAATCGCGATCCCCGAGTCGTTGAGCAGGAACCCGGCGAAGGCCGCGGTCAGCGCGCCGATCAGCCCCGCCCGCAGCTCGGGGGCCCTGGCGTAGGCCAGGCTGAGCGCCGCCGCGCCCCACCGCGACGGCCGGGCCAGCACGAGGAACAGGAACGCCAGCGCGACCACCGACAGCAGCGTCAGCGGCAGGTTGCCCAGGGTGTGGAGCATCGCCCCGAGCTTGCGGCCGACGACCGAGCCGCCGTCGCCCCCGATGATCTGCTGGACGAACGCCCCGAGATGGGTGCGCTGATCGGCGGGGCGCAGCCAGTCGGCCACCGCGATCAGCGAGATGAGCGCCGCGCCCGCCAGCCCGATCACTATGAGCCGGAGCACCGACACCCGCCTGCCCGCGGCCAAGAGCACGCACACCGCCACACCCATGACGAACGACGGCACGCCGCCGAAGTCCGCCCCCCAGGTCGGCCAGCCGTCCCCGGCGATCGCGAGCAGGCCGTACGCGACGCAGACGGTCACGGCGAGCCTCGGCCGGCGGCGCAGCGCGTGGGCGACGGCGGCCAGCAGCAGGATGGTGCCGGTCGAGTAGACGGCGAAGGCCATGTTGCCGAAGCCGTAGAACCGGCCGCCGGTCACGGGCTCGTACCCGGCCACGGCGTTCACCTGCAGCCGCGAGCCGGTGACCACGTCGGCGAGGAGCGCGAGCGAGCTGACCCCGGCGACCACGGCGGGCGGCCCGAGCACCCGGCCGCGCCACGGCCCCGCGTACGCGAGCCCCGCCACGAAGGCGGCGAAGGCCACGATCGTGCCGAGCAGGGCGGGCATCGGGTGCCGGAGGCTCCACCACGGCACGAGCTGGGCCAGGAAGATCGACACCGGGAGCGCGGCGCTGACCGTGGCGACCACGCGGGTGGCCGTGAGCATGCGACGGTGACGCCTGACCACGATCGCGGCGAGGCCGTAGAACAGCAGTTGCGCGCTGACCAGCGCGATGAAGAACGGCTCCCGGACCTCTCTCAGCACCTGGCTCGCCAGGTCGGCGTCGGCCAGCCCGCGGACCGCCCCGGCCGCGCCCGGAGCCGCGCCGCCCCCCGACCACGCCCTGCCGACCACGCCCTCGGG
NZ_CP109552.1_gap60	2361877	2363246	1369	GAGTAAGAGAGAGAAGGAGGCCGCGTGAACGAGGCGGTCGAGCTGACACGCGAGCTGATCAGGATCGACTCGGTGGGCGGGGGCGAGGTCGCGGTGGCCGGCCCGCTCGCGAGACGGCTGTCGGACGCCGGTTTCGCGGTGCGGACGCACGAGCACGCGCCCGGCCGCACCGGGCTGATCGCCCGCTGGGGGGCGGGCGAACCGGTGACGCTGACCGGGCACCTCGACACGGTGCCTCTGGGCGGGCAGGCGTGGCGGCACGCGCCGCACGGCGCGGAGATCGACGGCGACCGCCTGTACGGGCGCGGTTCGAGCGACATGAAGGCCGGCGTCGCCGCGCTGGTGGTCGCCGCCGAGCGGCACGTGCGCCGCGCCGGGCCGAAGGTCGCCCTGGAGATGGTCTTCACCGTGGGCGAGGAGACCGGCTGCGAGGGCGCGGCCGGCATGGTGTCCGAGGGCCTGGTGAGCAGGTCGCGCGCCCTGCTGGTGGCCGAGCCGACCGCCAACCGGGTGCTGCTCGGGCACAAGGGCGCGCTCTGGCTGGAGGCGACCACGCGAGGCACGACGGCGCACGGCTCGATGCCGCACCTCGGCGACAACGCGATCTACAAACTCGCCCGCGTGATCGGCGTCGTCGAGAAGTTCGACCCCGGGGTGCCGGAACACCCCTGGCTCGGCCCGTCCACCGTGAACGTGGGAACCGTGCGCGGCGGGATCAACGTGAACTCCGTGCCCGACCTGGCCGCCGCGACCATCGACCTGCGCACCGTCGCCGGTCAGGACCACGGACGGCTCCGCGAGCGGTTGCAGGCCGCGCTCGGCGGCGAGGCGACCCTCGACGTGCTCGTGGACCTGCCCGCGATCTGGACGGACCCGGACGATCCCTTCGTCCGGGCCCTGGTCGAGGCGGGAGCGGGTGCGCCCGGCGACCGCCCGGCCGCCAGCTACTTCACCGACGCCTCGATCCTCGCCGCCGCCTGTGGCGGGGCGCCCACGGTCGTGTGCGGCCCGGGTGAGCCCGAGCAGGCGCACGTCACCGACGAGTACTGCTTGGTCCACCGAATCGAGGAAGCCGTCGAGATCTACACCGCCGCCCTCGCGCGGTTCGCCTGATCGTGTGACGGCCCCCGGCGACCAGCCGGGCGGCGGCGCCGTGGGCGTACTGGAGGGGACTGCGCAAGCTGGCGATCGACGGGTTCAACCATGAACGTGCAGGCCACCGAGAAGAACGACGCGGAGTTCGGCCGCCCGTCGAATGAGAAACCGTCGTGTGCGGTCGGTCTCGGTCCGCCACGGAGCTTTCCGCGTGCGGTTCACCCGCCCACGACGCGCTTGAGGATGCTCACGAACAGCGGAGCGAGTACGGCGA
NZ_CP109552.1_gap61	2368644	2370474	1830	GTACGGCCACGCCCGTGATCGTGGTGAGCAGACGGCTGCGCAACGACCTCATCCGCCCATGGTGGCCCCGTGAAGGTAAGCGGGGCGCTAACCGGGCGGTGGGTAACCTGCTCGTCACCATGAGTGACAGCAATCTTGTCCGGCTTCTGCTGACCAGCCAGTTCTCGATCAAGTTCGGCTTCACGCTGCTGATGCCGTACCTCGCGGGGCACCTCACGCACGGCCTCGGTCTGACCGCGTCGGCGGTGGGACTGATCCTCGGGATCCGCAACGCGAGTCAGCGCGGGCTGGCGCTGGTCGGCGGGCAGCTGGCCGACCGGTTCGGGTGCCGGGCCGCCGTCGTGACCGGGTGCGGGCTGAGGTCGGTCGGGTTCGGGCTGCTGGCGTTCGCCGACAGGGTGCCGGCGCTGGTGCTGGCCTCGGCGGCGACCGGTTTCGCGGGCGCGCTTTTCGACCCGGGCATCCGCACCATGCTGGCGACGGTCGCAGGCGACCGTAGGACCATCCTGTTCGGCCGTTTCAACGTGGCCGGGCAGGCCGGGCTGCTGCTCGGCCCGCTGGCCGGGCTGGTGCTGGCCGCGGTGGACTTCCGCATGGTGGCGCTCGCCGCCGCCGCGGTGTTCGCCGTCCTCACCATGGTCCAGGCGGTCGCGTTTCCCGCCGTCGCCGTCGCGGCCCCCGGGGAGGACCGCGCCGGATGGCGGAGGGTCCTGCGGAATCGCTGCTTCCTCGTCTTCTCCCTCGCCATGGCCGGGTCGTACCTGCTGCCGTTCCAGATCTACGTCACGGTGCCGCTGGTCATGGGCCGCACGCTCGGGCCCGAGCAGGACTTCGGGATGGGCGAGCTGTTCGCGCTGTCGGCGGTGCTGGCGATCGCGTTGCAGGGGCGGGTGGGTGCGTGGGCCGCGAAGCGGTGGTCACCGCCACACTGCCTGGCGGCCGGTCTCGTGGTGATGGCGCTGGCGTTCGTGCCTCTGGTCGCGTTTCCGCAGCCCGTCGTGCCCTCCGTACTCAACGAGGAGGTGGCCGAACATCTCGCGATGTTGCCGATGCTCGCCGGCGCGGCGCTGCTGGCCGTGGGGACGATGCTGATCTGCCCGTTCGAGATGGACGTCATCGTACGGCTGTCGCGTGGGCGTCTCGTCGCCACGCACTACGGCCTCTACTCGACCTTGTCCGGCGTCGCGACCGCCGTGGGCAACCTGCTCACCGGTCTGATGTGGGAATCCACGTACCGGTGGCTGCCGTGGACGGCCTTCGTGGCGCTGGGATGTGGGTGCGCCCTGGGAGTGGCCCTCCTCAACCGCCGACGACCGCTGACGCTGGCCTGAACGGCGCCCTTGGGTAAGAACGCCGCTCATCTCGCGCTGAGCGGGCGTTAATCATCGCCCTCCTACCGTTGCCTCATGCTCACCAGGAGAAGCACGAGGCGGCTTCCACTCACTTACTACTACTCGCGCGAGTGGGCGAGTCCTGCTGGGTGCGGTGCCAACGAACCTCGCCGATGACGGCGTCCCGTTTCCTGTCTGGAGTGTGCGCATGGTAGCCACATCTGCTCCCCCTCGGCTGCGACAAATGACGAACAAGGTGCCCCTCGTCACCGCGACCTTCTGGGTCATCAAGATCCTTTCGACGACGGTCGGGGAGACGTTCGCGGACTACCTGTCAGTCAATGTCGGGCTGGGCCCGGTAGTGACCGATGGTTTGGTGTTCATCGTCCTGGCAGCGGCCCTGGTGCTGCAGGCATCCACCCGCCGCCACACCCCGTGGATCTATTGGCTGTCCGTGGTACTGGTGAGCATCTCGGGTACGCAGATCACCGACTTCCTC
NZ_CP109552.1_gap62	2377274	2382125	4851	TCACGACCGCCCGGCGGACGGGCTCCGGCTCCGGCGCGACGCCGAGCTCTCGGAGGCCGACGGCCGGCTGGGGGTGAGCGGGCCGGCGGGCACGCTGCGGCTGCGCGATCTTCCGCCCGGAGCGAAGGCGGCGCTGTCGGCGCTGGCCACCGCCGATGTGACCGAGGCGGATCTCACGGCGACGGTCGTCGCGGGCGACGGCTTGGCGGGGCTGCTGCGGTGGAACATGCTGCTGCGCCAACTGGCGATGAACGGCCTGCTGGAGTATGCCGCGGACGGCGTCCGGCTGCGGCCCGCCGGCACCGGCCCGGTGGAGCCCGCCGCGCCCCTCGACCCGGACACCAGGGTGCGGCTGTCGCGCTTCGCCGTCGCCACCGCCGAGGACGGCGTGCTCACCGTGCGCTCCCCGCGGCACCCCGGCGTGGTCGAGCTGGCCCCGGCCGCCGCCGGGCTCCTCGGCGCGCTGGCCGACTGGACCACCCCGGCCGAACTGCCCGGGGACGAGCGCGCGCTGCGGTTCTTCGCCGGGGCCGGCCTGCTCACCCGCACCGGAGAGGAGGACGATCGCTCGCACGCCCAGTGGTCCCCCCGCGACCTGTGGCTGCACGCGCACAGCCGGGGCCCCCGGGTCGCCGCGAGGTATGGCGGGTCCTACCCGCTGCGATCCCGGTTCGGGCCTGAGCCCGCGTCTCCTCCGGCGTTCGGCGGTTCCCGGATCCCGCTGCCGCGGCCCGACCTGGAGCTGGTCGCCAAGGCCGACCCGCCCCTCACCGAAGCCCTGGAGCGCCGCCGCTCCGTGCGCGAGCACGACCCCGCCGAGCCGATCACGGTCAGGGAGCTCGGCGAGCTGCTGTACCGGTCGATGCGGCGGCGCGATGTCTTCACCGGGGACGACGGGCAGCAGCTCGCCGACCGGCCGTACCCGTCCGGGGGATCCGTCCACGAGCTGGAGCTCTACCCGCTGGTGGTCTCCTGCCAGGGCGTCGAACCGGGCCTGTGGCACTACGACACGGCCGACCACGCACTGGAGCGAGTGGCCGAGCCCGGCCCGGCGACTGGGATCCTGGTGGACCGGGCCAGGGCGGCGGCGGTGATGGAGGCCGACCCGCAGGTGCTGCTCGTGGTCAGCGCGCGGTTCGGCCGGGTGATGTGGAAGTACGAGACGATCGCCTACTCCCTTGTGCTCAAGCACGTGGGCGTGCTCTACCAGACGCTCTACCTCGTCGGCACCGCCATGGGCCTCGCGGTGTGTGGCCTCGGCGGGGGAGACGCCACCGACTTCGCCACGGCGAGCGGGCTCGACTATCTCACCGAGGGAAGCGTCGGCGAGCTGGTCGTCGGCAGCAGGCGGGGAGCATGAGATTCCGGTTCAAGGCACTGCAGCGGATGCGGGAGCCCGACGAGCTCGACTCGCCGACCCTGCTGGCCTCCCCCCGCGGCTGGATCGCCACGTTCGTGGTGCTCATCGTCGTCGCGGGTGTCACCGTGTGGGCCTTCGTCGGCCGGCTGCCGATCAACGTGTCCGCCGCCGGCCTGCTCACCCATCCCGGCGGTACCGCCCTGATGCAGAGCCCCTACTCGGGGATGGTCCGCAAGCTGTTCGTCCACCCCGACGACTCGGTCACCCAGGGCCAGCTCGTGGCCGAGATCACCCCCGTGAGCGGTCAGCCGCACCTGGTCACCAGCCCGTTCACCGGGCACGTGGTGGCCGCGGCGGTCGACGACGGGCACATGGTCGCCGTCGGCGAGAACCTGCTGACCGTGGAGCGCACCGACGCCCCGGACGACCGGCTGGTGGCGATGCTGTTCGTGCCGGCCGACCAGACGCTGGGCGTGGTCCCCGGCCGGGCGGTCGACATCGCGGTCTCCACGGCGCCGCCGGGATCGTTCGGGCTGCTGCGCGGCCGGGTCGCGTCGGTCGGCACGTATCCGCTGGTGCTTGAGGAACTGTCCGACCTGGTCGGTGGGGAGGCGGCGGCGCGGGCGTACCTGAAGGGCACCCCGCCCCGGTTGGTGATCGTTGACCTGGACCGGGATCCGCGCACGGCGTCCGGATACGCCTGGTCCACGAAGGCGGGGCCGCCGGTGCGACTCCAGTCACAGGTGAACGTCACAGGCTCGATCGGTCTGGGCAGTCAGACGCTCTTCGACCTGCTCCTCGGACGCTGAGGCGCGGCATGGCACGGATGAGCGCCGACCGGCGGCGACCACGGATCGGACGTCCGCACGGTGCGGCGAGCACGACCAGAGAGAACCTCCTCCGGAGGAGACAACGATGAGCCAGGCCACGGCAATGCCGCCCCGGACTCCCGAGTCTCCGGGGTCCGCCGACGCGCCGGCGCCGCGGCGCCCGGCCGCACGGGGTGGCCCTCGGCGGCGCCGGTGGCGGTGGCGCAGCAGCACGCCGACCGTGATCCAGATGGAGGCGGTGGAGTGCGGCGCCGCCGCCCTCGCGATGGTCCTCGCCTACTATGGGAAGTTCGTTCCCCTGGAGGAGCTGCGGTCGGCCTGCGGCGTCTCCCGTGACGGGGCCAAGGCCTCCAGCGTCATCGCCGCGGCCCGCCGCTACGGCCTGATCGCCAGAGGCTTCCAGATGGAGGCCGAGGACCTGGCGACCGTCGTCAAGCCGGCCATCATCTTCTGGGCGTTCCAGCACTTCATGGTGGTGGAGGGGGTGCGGACCCGGTTCGGCAGGAAGGCCGTCGCGGTCAACGATCCGGCCGGCGGCCCCCGTATGATCGACTGGGCCGACTTCGACTCCGGGTTCACCGGGGTGGTGCTGACGTTCGAGCCCGGCCCCGACTTCACGCCCAGCGGTCATCCCACCCGTGTCGGCCAGGCGCTGCTGTCGCGGTGGATGCCGTCGGGCCGGGCCCTGCCGCTGGTCCTGCTCGCCAGCCTGCTGCTGGTGGTGCCGGGCATTGTCGGGCCGGCGTTCAGCCGGGTCTACATCGACCGGATCCTGTCCGGCCGCGAGCCCGGCTACCTGCTGCCGCTGCTGCTGGCGATGGGTGTGACGGCGCTCGCGGCGTTCGTGCTCACCTCGGTGCAGCGGCACTACCTGCTCAGGCTGGAGATCCGGCTCGGCCTGGTGAGCTCGGCCCGGTTCTTCCGGCATCTGCTGCGGCTGCCGGTGGAATTCTTCCTGCAGCGCCGCCCTGCCGAGGTCGCCAAGCGGGTCCAGGCCAACGACACGGTCGCCGAGATCCTCTCCCGGGACCTGGCGATCACCGTCGTCAACCTGGTGCTCGTGCTGTTCTACGCCGCCGTCCTGATCCGGTACGACCTGCTGCTCGGCCTGGTCGGGGTGGCCATGGCGCTGCTCAACATCCTCGTGCTGCGGCACGTCTCCCGGGCACGTAAGGACGCGGCGGCGGCGCTCCGCGCCGACCTCGGCAACCTCACCTCCACGACCTTCAACACCCTCCAGCTGATCGAGACCGTCAAGGCGACCGGCGCCGAGCCGACCGCGTTCCAGCGCTGGGCCGGGTTCCTGGCCAAGGTCGTCAGCGCCAAGCAGCGGCTCGGCGTGGCCACCGCCACGCTCACCGTGGTGCCCCCGCTGCTGGCGGGGATCAACAGCGGGCTCATCCTGCTCATCGGCGGGCTACGGGTGGTCGACGGGGTGATCAGCGTCGGCATCCTGGTGGCCTTCCAGACGCTCCTCGGCGCGCTGTCGCGGCCGGTGACACAGTTGACCAACCTGGGCGGCCGGCTCCAGGACATCTCGGCTGACATCAGCCGCCTGTACGACGTGGAGCGTTATCCGGTCGCGCACGCCTTCAAGCGGCGGGAGCGGCCCGAGACGCCGGGCCGCGGGCGCCTCGACGGCTGCCTGGAGTTCGAGAACGTGTCCTTCGGCTACAACGCCATCGCCGCCCCGGTGATCAAGAACCTGTCGTTCTCCGTGGTGTCCGGCCGTCGGGTGGCGATCGTCGGGAACTCGGGCAGCGGCAAGTCCACCGTCGGCAAGCTCGCGGCGGGGGTGTATCCGCCGGGGTCGGGGCGGGTGCTGCTGGACGGCCGTCCAAGGGAGGAACTGCCCCGGCCGGTCGCCGCCGCGTCCGTGGCGTACGTCGACCAGGACATCACCCTGTTCGAGGGGACCGTACGAGACAACCTCACGCTGTGGAGCGACGACATCAGCGACGAGGTGGTGGTCGAGGCGCTCCGCGACGCCGCCATCTTCGATCTGATCGGCGCCCGCCCGGGAGGACTGAACAGCACCGTGCGGGAGGGCGGCCGCAACTTCAGCGGCGGCCAGCGGCAGCGGCTGGAGCTGGCCCGGGCGCTGTCGGTGCAGCCGACCCTGCTGATTCTGGACGAGGCGACCAGCGCGCTCGACCCGGAGACAGAGCGGATCATCGCCGACAACCTGCGTCGGCGCGGATGCGGCTGCCTGATCATCGCGCACCGCCTGTCCACTGTCAGGGACGCCGACGAGATTCTCGTGCTCGACCAGGGTGAGGTGGTCGAGCGTGGCCGCCACGAGGAGCTGGTCGCCCTCGGGGGCCACTACGCCGAGCTCATCGAGAACGCCCAACGTAACGGAGGTTGACGTGACCGAACCGCCCCGGGGCGCCGCCGTGTCCGAAGCGCCGCAGCGGTGCTGGTGAGAGAGCCTGCGAGAGAGATGGTGCGCCGGTGACCGTTTTCGCGCCGTTCTTCACAAGGGCGGCGACGCCCGTGGACTACTCGGCCGACCGCCTGCTCGTCCTGTCCGACCTGCGGGAGGTGCTCCTCGTCGAGCAGGGCGCGGTCGACCTGTTCGCCGTACGGCTGGAGAACGGCCGGCCGGTGGGCCGGTGGAACTTCCTGTGCCGGCTGCGCCAGGGCGCGCTGCTGCTCGGC
NZ_CP109552.1_gap63	2537739	2542294	4555	CTCGACTGGCCGGAGCTGTCGAGCTATCCCGGCTTCGGCCTGGTGCGCACCCGTGCGGATTTCGACCAGATCCTCGCCCGGCACGCCGAGCGCGCGGGCGTGCGGCTGCGCGAGGGCGTGAACGTTACAGGCCCGCTGCTGGACGAGCGCGGCGGCCACGTGATCGGCGTCACGGCCAGGGCGGACGGCGAGGAGGTCGTCTACCGCTCGCGCCTGGTGGTCGCGGCCGACGGCAACTCGACCCGGCTGTCGATCGCGATGGGCCTGCACAAGCGCGAGGACCGTCCGATGGGCGTGGCCGTGCGCACCTACTACACGAGCCCCCGCCACGACGACGACTACCTGGAGACGTGGCTCGAACTGTGGGACGGCGACCGGCTGCTCCCCGGCTACGGCTGGATCTTCCCCATGGGCGACGGCACCGCCAACGTCGGCCTCGGCCTGCTGAACACCAGCGACGCGTTCAAGAGCATCGACTACCGCGACCTGCTGCGGCGCTGGATGAAGAACACGCCGCCGGAGTGGGGCTTCACCGACGAGAACATGACGGGCCCGATCAGGGGCGCCGCGCTGCCGATGGGATTCAACCGGCAGCCGCACTACACCCGCGGCCTGGTCCTCGTCGGGGACGCCGGCGGCTCGATCAACCCCTTCAACGGCGAGGGCATCGCGTACGCCATGGAGACCGGCCGGACCGCCGCCGAAGTGATCGCGCAGGCACTGGCCCGGCCGACGCCCGCCCAGCGTGAGCGCGTATTACTCGCGTACCCGCGTATCCTCAAAGACGCCTATGGCGGATACTTCACTCTCGGCCGCCTGTTCGTCGAGGCGATCGGGAGGCCGGGGGTGATGAGCTTCGCCACCCGGCACGGGATGCCCCATCCCACCCTGATGAGATTCGCGTTCAAGCTTCTCGCTAATCTCACAGACCGGCGGGGCGACGTCTCCGACCGCATAATCAACGCCCTGTCGAAGGTGGCTCCGCCCGCATGACCGAGGCCCGTATGACCGAGAGTCGGATTGTGATCACGCAATTTCACCGAGTAAGCGAGGACATGTAGCCATGGAGCTGTATGTGCCGATTCTGGTGCTCGCGGTCCTCGCGGCGGGGTTCGCCGTGTTCTCCGTGGGCATCGCCCCCTTCACCGGGCCGAAGCGCTGGAACCGCGCGAAGCTGGACGCCTACGAGTGCGGCATCGAGCCGACGCCGCAGCCGGTCGGCGGTGGCCGCTTCCCGCTGAAGTACATGATCACCGCGATGCTGTTCATCGTGTTCGACATCGAGATCATCTTCCTCTATCCGTGGGCGGTGGCCTTCGACAGACTCGGCGTGTTCGGTCTGGTCGAGATGGTGCTGTTCATCGTCACCGTCCTCGTGGCGTACGCGTACGTGTGGCGCCGCCGCGGCCTCGATTGGGATTAGCCATGGGTCTTGAAGAGAAACTCCCGAGCGGATTCGCCCTCACCACCGTCGAGCAGGTGGCCGGCTGGGCCCGGAAGAACTCCGTCTGGCCGGCGACCTTCGGTCTCGCGTGCTGCGCCATCGAACTGATGGCCACCGGCGGCCCGAAGCACGACCTGGCCCGCTTCGGCATGGAGCGCGCCTCCGCCTCCCCGCGGCAGGCCGACCTCATGATCGTGGCCGGTCGGCTGTCACAGAAGATGGCGCCCGTCCTCCGCCAGATCTACGACCAGATGGCCGAGCCCAAGTGGGTCATCGCCATGGGCGTCTGCGCGTCGAGCGGCGGCATGTTCAACAACTACGCCATCGTGCAGGGCGTGGACCACGTGGTGCCCGTCGACATCTACCTGCCCGGCTGCCCGCCGCGGCCGGAGATGCTGATCGACGCCATCGTGAAGCTGCACGACAAGATCCAGAACATGAAGTTCGGCGCGCACCGCGAGAAGCAGGTCGAGGAGCTGGAGCTCCAGGCGCTGCGGACGCTGCCGCTCATCGACCAGGGGGCCGGGAAGTGACCACCGAGAACCTGCCCGGCCTGCCCGAGGAGCCGGTCGCCCGTACGGGCATGTTCGGCGCCAGGGACAGCGGCGACACCTCCGGCTACAACCGCCTGGTCGTCCGCCGCCCGCCCAAGCTGGTCAGCGGCCGGCCGTACGGGTCCTACTTCGACGAGGTGGCCGACGCGCTGGAGCGGGCGTTCGCCGACGCGATCGAGCGGGTGGTCGTCGACCGCGGCGAGGTCACGTTCCACGTGCGGCGCGAGCGGCTGGCCGAGGTGATGAAGCACCTGCGCGACGACCCCGCGCTGCGGTTCGAGCTGTCGCTCGGCGTCTCGGGGGTCCACTACCCGGAGGAGACCGGCGCGGAACTGCGCGCCGTCTACCACCTGTGCTCCATCACGCACAACCGGCGCGTCCGGGTGGAGGTCTCCTGCCCCGACGCCGACCCGCACATCCCCTCCACGGTTCAGGTCTACCCCACGCACGACTGGCATGAGCGTGAGACGTACGACTTCTTCGGCATCGTCTTCGACGGCCACCCGGCGCTGACCCGCATCGAGATGCCGGACGACTGGGAGGGGCACCCGCAGCGCAAGGACTACCCGCTCGGCGGCATCCCGGTCGAGTACCGCGGCGCCGAGGTCCCCGCGCCGGACCGGAGGAGGTCCTACTCGTGAGCGTTTACCCGCACCAGGCAACGAGGGCAGCGAGGAGAGCGTCGTGAGCACCACGGAGACCGCCGCCGAAACCCAGGGCCGGATCTACGACGTCGCCGGCCAGGACTGGGACGAGCTGGTCAAGACCGTCAGCGAGTCGGCCGAGGAGCGCCTCGTCGTCAACATGGGCCCGCAGCACCCGTCGACCCACGGCGTGCTCCGGCTCGTGCTGACCCTCGACGGCGAGACCGTGACCGAGGCCCGCACGGTGATCGGCTACCTGCACACCGGCATCGAGAAGAACATGGAGTTCCGGACGTGGACCCAGGGGGTCACGTTCGTCACCCGCATGGACTACCTCGCGCCGATCTTCAACGAGACGGCGTACTGCATGGGTGTCGAGAATCTTCTCGGCATCACCGACCGGATCCCGGACCGGGCGCAGGCCATCCGGGTCCTGACGATGGAGCTCACCCGGATCTCCTCGCACCTCGTCGCGATCGCGACGTTCGGCCTGGAGCTGGGCGCGACGACGCCGATGCTGTTCGGCTTCCGCGAGCGCGAGATGGTGCTCGACCTGATGGAGTACATCACCGGCCTGCGGATGAACATGGCGTACGTCCGGCCGGGCGGCGTCAGCGTCGACCTGCCGGCCGGCGCGGTGGACAAGATCGGTGAGTTCCTCAAGGTCATGCCGGGGCGGCTCAAGGAGATGCGCAAGCTCCTCGACGCGAACCCGGTCTACACCCGGCGCACCAGGGACGTGGCCTACCTCGACCTGACCGGCTGCATGGCGCTGGGCATCACCGGGCCCATGCTGCGCGCCGCGGGCCTCCCGTGGGACCTGCGCAAGTCGCAGCCCTACTGCGGCTACGAGACGTACGAATTCGCGGTCCCGACGCAGACCACCTGCGACGTGTACGGCCGCTACCTCGTCCGCATGGACGAGATGGAGGAGTCGCTGAAGATCATCGAGCAGGCGCTCGACCGCCTGTCCGGCCCGCTCAAGGGCGGCCCGGTGATGATCGAGGACAAGAAGATCGGCTGGCCGGCGCAACTCGCGCTCGGCCCCGACGGACTCGGCAACTCGCCCGACCACATCGCGCACATCATGGGCGGCTCCATGGAGGCCCTGATCCACCACTTCAAGCTGGTGACCGAGGGCTTCCGGGTGCCGGCCGGGCAGGTGTACTCCTCGGTCGAGTCGCCGCGCGGCGAGCTCGGCGCGCACGTGGTCAGCGACGGCGGCACCCGGCCCTACCGGGTGCACTTCCGCGACCCGTCGTTCACGAACCTGCAGGCGGTGCCCGCGACGTGCGAGGGCGGCATGGTCGCCGACGTCATCTCCGCGGTCGCCTCGATCGACCCGGTCATGGGAGGTGTGGACCGATGACTTACGCGCCTGAGGTCCGCGAGCGTCTGGAGACGGACGCCAAGGAGATCATCGGCCGCTACCCCCGGCCGCGTTCGGCGCTGCTGCCGCTGCTGCACCTCGTGCAGTCGGTGGACGGCTACGTCTCCGACGACGGGCAGGAGTTCTGCGCCGAGATGCTGGGCCTGTCCAAGGCCGAGGTCGTCGGCGTGGCGACCTTCTACACCATGTACAAGCGCAGGCCGGCCGGCGACTACAACGTCGGCGTCTGCATCAACACGCTGTGCGCGGTCATGGGCGGCGACCAGATCTGGGCCGAGCTCAGCGAGCACGTCGGCGTCGGCCACGACGAGACCACCCCGGACGGCAGGATCACGCTGGAGCGGCTGGAGTGCAACGCCGCCTGCGACTTCGCGCCGGTCATGATGGTCAACTGGGAGTTCTTCGACAACCAGACCCCGGAGTCGGCCAAGCAGCTCGCCGACGACCTGCGCGCCGGCAAGGAGGTCGCGCCCACGCGCGGCCCGGGCCGGCTGTGCACCTTCCGGGAGGCCTCCCGGGTCCT
NZ_CP109552.1_gap64	2546191	2547918	1727	GCTGCTCGCCGTGTGGACCGAGCGCAAGCTCATCTCGCGCATGCAGCACCGCTACGGCCCCAACCGGGCGGGCAAGTTCGGCCTGCTGCAGTCGGTGGCCGACGGCCTGAAGATGGGCCTCAAGGAAGACCTCATGCCGCGGACCGTGGACAAGGTGATCTACTTCCTGGCCCCGGTCATCATCGCCGTCCCGGCCTTCCTGGCGTTCTCGGTGGTGCCGTTCGGGCCGATGGTCTGGATGTTCGGCCACCGGACGCCGCTGCAGCTCACCGACCTGCCGGTCGCGGTCCTGCTGGTGCTCGCCACCGCCTCGATCGGCGTCTACGGCATCGTGCTCGCCGGGTGGGGCTCCCGCTCGCCGTACGCCGTGCTGGGCGGCCTGCGTTCGGCCGCCCAGGTCGTGTCGTACGAGATCGCGATGGGCCTGTCGTTCGTCGCGGTGTTCCTGAACGCGGGCACGCTGTCCACGTCGGAGATCGTGGCCAAGCAGGCGGGCGGCGGCACCTGGGACATCTTCGGGCTGCACGTCCCGACGCCGTCCTGGTACGTGATCTCGCTGTTCCCGTCGTTCCTGATCTACGCGGTGTGCATGCTCGGCGAGACCAACCGCGTGCCGTTCGACCTCCCCGAGGGCGAGGGCGAGCTGGTCGGCGGCTTCCACACCGAATACTCCTCGTCGCTGAAGTTCGCGATGTTCATGCTCGCCGAGTACGTGAACGTGTTCACGGTCTCGGCCATCGCGATCACGCTGTTCTTCGGCGGCTGGCGGGCCCCGTGGCCGATCTCCCTGTGGGACGGCGCGAACACCGGCTGGTGGCCCATGCTGTGGTTCTTCGCCAAGCTGGTCATCGCGTTCGGGTTCTTCGTCTGGGTCCGCGCCTCGCTACCGCGCGTCCGCTATGACCAGCTCATGGCCTTCGGGTGGAAGGTGCTGATCCCGCTCAACCTGGTCTGGATCCTGGTGGCCGCGGCGTTCAGGGCGCTGCGCATGCCGGAGATCGACCGGATGGGCATCATGGCCTTCGGCGCGGTGGTGATCATCGTCGCGTTCGTGGTCTGGCTGCGGTTCGACACGGTCAACCAGCGCCGCAAGGAGGCCAGGGCCGCCCAGGTCGAGGAGGAGTTCGAGCAACTGCGTGAGGAGCCGGCCGCGGGCGGGTTCCCGGTGCCGGCGCTCGACCTCCCGCACTATCACGGCGCCGTGCCCGCTGCGCGTGTCCCTACCGACGCCAAGGAGGTGACCAGTGGGAGCAACTGATTGGTTGAATCCGATCAAGGGATTCGGCGTCACCTTCCACCACATGTTCAAGAAGCCGGTGACGGTCAACTATCCCGAGGAGAAGCGGCCCACCGCGCCGCGTTTCCACGGGCGGCACCAGCTGAACCGGTGGCCCGACGGCCTGGAGAAGTGCGTCGGCTGCGAGCTGTGCGCCTGGGCCTGCCCGGCGGACGCCATCTTCGTCGAGGGCGCCGACAACACCGACGAGGAGCGGTTCTCGCCGGGTGAGCGGTACGGCCGCATCTACCAGATCAACTACCTGCGCTGCATCCTCTGCGGGCTCTGCATCGAGGCGTGCCCCACCCGGGCGCTCACGATGACGAACGAGTACGAGCTCGCCGACTCCAGCCGCGAGTCGCTGATCTTCACCAAGGAGATGCTGCTCGCGCCGCTTGGACCGGGCATGGAGCAGCCGCCCCACCCGATGCGCCTCGGCGAAACCGAGGAG
NZ_CP109552.1_gap65	2556730	2557612	882	GGGCGAAGGTGCCCGTGCCGTTCGCCTCCAGGACGAGCAGGTAGGCGAGGGCCGGCACCAGCAGCACGAGGGTCTCGATGGTCAGGCTCTCGGCGCTGCCCACCCCCGCCTTCTTCTTGATCAGGCCGTACGAGCCGAAACTGAAGGCGAGCACGAGGGCGATCCAGGGGAGGCGCCCGTAGTCGAGCGTCAGGATGAGAACCGCGAGCCCGCCCAGCCCGACCGCGGCCCACTGCCACACGCGCAGCCGCTCGCGGAAGACCAGCACTCCGAAGAGCACGCTGACCAGGGGGTTGATGAAGTAGCCGAGGGCGCTTTCGACCACATGGCCGGTGTTGACGGCGTAGATGTAGGTGCCCCAGTTCACCGAGACCGTGACGGCCGCGACGGTGAGGAGGATCAGCTGGCGGCGGGTGACGGTGCGGATCCACGACCAGTGGCGCCGTACGGCGAGGACCGCGACCACCACGACGAGCGACCAGACCATCCGGTGCGCGAGGATCTCCACCGCTCCGGACGGCTTGAGCAGGGGCCAGTAGAGAGGGAAGAGACCCCACATCGTGTAGGCGGCGACGCCGAACAGGAGGCCGCGGCGGGTATCAGGCATGTCGCCTATCTTCGCTGCTTACCAGGATTCAGGACAAATAAGGATCACTATGCCCGGAGTTTTAGGACTCCTTACGCAAGGAACAACGCGGCCGGGTGGGTGGTTGGTGATGGCAGAACAGAAGGGGAGGTTCGTGATGGGCTGGCTGTTCGGCAGGGACAAGACGACGATGGTGGAGCCCACGGACGCGCTGCCGGGCCGGGCCGAGATCATGCCGGTGGCCACGCGCCACCAGGTCCTCGGCGCGCCGCTGGCTCCGCCGTACCCCGAGGGAA
NZ_CP109552.1_gap66	2584014	2586924	2910	CACAGGGGACGGCACCGCTCCCCGGTGACCTCAGCGGGTCACTGCGTGCGCCAGAACGTGCCGTTCGCCGAGGGGTCGTCGGGGTCACCCTGCGGCACGGTGAAGCCCGCGCCCCACATCGTCGTCGTTCCCGGCCTGCGGGCGACGGAGAACACGACGGCGCCGGTGCCGGGCTTCCGGACGAGCCGGGCTTGTCGCCACGTCGAGCCCGTGACCTGCCACAGAGTGGGGTTCCAGTGCCCCTGCAGGACCCACACGCCGCCCCTGCCGTCCGGCTCGACCCCGGTGTACGGCTGGGCGTCGGCGGCGCCGACGGAGACGGTCCACGACCTGCCGTTCCAGTGCATCACCAGGGTGCGGCCGAAGTTCACGTCGTCACCCTGCTCGTCGGCGCCTTCCCAGCCGACCCCGCCGACGGCCCACACGTTCTTCGACCCCACGACCGCGATGTCCTGGATGGTCACGACGGCGTCCGGCGCGGGAAGGGTGAGGGCCGGCGCCGGGACCAGGGTCCACGACTTCCCGTTCCACCGCATGATCGAGGGCCGGTCGCCCTTGACGCCCGCCGCCCAGGCCACGCCGGTCTTGTACGCGTCGACGGCGGAGGCGCGGCCCGGCAGCCGGACGCTCCGCCACGCGGACCCGGTCCAGTGCCTCGCCGCTGGCGCGAGCCTCTGTGCGGATTCGACAAGTAGCATTGCCGGTATGGCAAACGACGACGCCGCGGTCCTGGCCTCCGTGGGCGCGCGGCTGCGGGCCCTGCGCAGGCAGAACGGCAGCACGCTGAGTCGGCTCGCGGAGTCCACCGGCATCTCGGTCAGCACCCTGTCGCGCCTGGAGTCCGGCGAACGCAAGCCCACGCTGGAGCTGTTGCTGCCGCTGGCGCGGGCCTACCAGGTGCCGCTCGACGAACTCGTCGGGGCGCCGCCGGTCGGCGACCCCCGGGTGCGGTTGAAGCCCATCACCCGCTGGGACTCCACGATCGTGCCCCTGACCCAGCACCCCGGCGGGCCGCAGGCGTACAAGATGATCATCTCGGTGGACCGCTGTGAGCCCGAGCCGCGTACGCACGAGGGCTACGAGTGGCTTTACGTGCTCAACGGGAGGCTGCGACTGGTCCTCGCCGAACACGACCTCGTGCTCAAGGCGGGGGAGGCCGCGGAGTTCGACACCCGGCTGCCGCACTGGTTCGGCAGCACCGGCGAGGCGCCGGTGGAGATCCTCAGCCTGTTTGGCACGCAGGGCGAACGCATGCACGTCCGGGCGAAACCCCGCGGCGCGTAGGAGACGCCCGCTGAACCGTCCCGGGGACGCATCGCGGCCCTCCACCGCATCATGGGGCCACCTTCAGGCCGTCAAGGAGCGACGATGCGGTTCGCGCGGTGGTCGAACGCCCTTCTCCTCAATGGTGAGGCGCTCCGGCCGCGCGGCTGGGACACTGATCGGATGAGGGGCGCATGGGTCACGGTGGCGGCTCTCGGGCTCGCCTGCCTGAGCGCGTGCGGGTCCGTGGTGGCGGGGTCCTCCGGTGTGGACATGGGCCGCCTGCGGGCGCTGGGGGTCGCGCCCGACCTCGTCTATCTGGTCGACCTGCCGGGATACGAGATGGCCGAGCAGTCCATGGGCGGGATCGGCGAGGAGGGGTTCGGCGTCTTCTACACCTCGGCCGGGGGGCGTCAGGTGGAACTGCGGGTGGATCGGGGCACCTTCGGCGACGACGTGTGCCGGAGCACTCCGATCAACCTCGCTACACCGCCGGACGCGCTGGTCCTCTGCGTCCACGACGAGGTCGGCTGGTATCGGATGGCCGGCGACCGTCACGAGTACGTCGCGCTCCGGGGAGACGTCCTCATCAAGCTGGGCGGAGGGGTGACGGACGTCGGACGGGCGGCGCTGAAGACGGCCGTCGGCGGGGCACGACGCGCCACCGGCGACGGGAAGGCCGGCACCACGCCGCCCCGCGTGCCGGTGGAACGAGGCGACCTTCCCACGGCGGGCGACGGCGCGCCGGACAACGCGGTCGGCCCGGGTGGCTGACCCGCGGATGGGCGGGTTTCCGCCCCGTCGGGGAGCTGAAAGTTTCACACCCTTCGCGGGTGCGCAGGCCCCGGCAGCGGCACTCCGGGCACAGTTCAGGACGGGTGGCCCGCGCGCGTGACGCCGCCGCCGTGCGGGCCCGGAACCTTGACCACCACGCCCGTATGGGATTGGCTCCGCGCGGTGGCGATGTCCACGGTCGCCGCGGTACGCGTCGATAATTGTTAGCGCTAACAACTAGCTAGGACCTGGCGCCGCCGAACGTGTCGATGCGCGAGTCGAGTGGTTACTATCCCAGGAGGTGAGTATGGGATCGGCGTTCACGCTTCGGGCCCGGCTCAAGCGCGGTGTCGTCTGGATGGCGGGCCTGCTGTCGGTGATGGCGTTGCTGCCGGCCACCACGGCCAGGGCGGACAACCCCATCGTCCAGACGATCTACACCGCTGACCCGGCTCCGCTGGTCTACAACGGGCGGGTGTACCTCTACACCGGTCACGACGAGGACGGCTCGACCTACTTCACCATGAAGGACTGGCGGGTCTTCTCCACGACCGACATGGTGAACTGGACCGACCACGGCTCCCCGCTGAGCGTGGCCACCTTCAGCTGGGCGAAGTCGGACGCGTGGGCAGGGCAGGCGATCTACCGCAACGGCAAGTTCTACTGGTACGTCCCCACGACCAACCGGTCGACCGGCCGGATGGCCATCGGCGTGGCCGTCTCCGACAGCCCCACCGGTCCCTTCAAGGACGCCATCGGGCGGCCGCTGGTCGAGAACGGCGAGATCGACCCCACCGTCTACATCGACGACAACGGGCAGGCCTACCTCTACTGGGGTAACCCGAACCTGTGGTACGTCAAGCTGAACACCGA
NZ_CP109552.1_gap67	2624655	2625785	1130	ACCTGGCGCGACCCGCGCTTCAGCCCGCCGGCCGACGGCGGTAAGCCGGAGAACAGCCTCACCGGCACCCTGTGGACGGTCAACTGCTGCACCTACTCCATCACCGTCCCCTCCGCCGACGGCAGGTTGCGCCTCTGGCGCAACACGAACCTGGCCACCCGCGCGTCGCTCGGTCAGTCCACGACGTTGACCGACAGCACGCTCGGATACGAGTGGGACGAGGACGTCGACAACGGGTCGCGCCCCGCCGGTCTGTTCCGCATGTCGAGCACGACGGTCGACGTCCCGGCGAAGCTCCAGGACTGGGGCACGAACGTGGCAGCAGGCACGGCCACCCACAGTCTGACGATGTACCGCGCAGCGAGCGGAGCCCTGGTGTTCGGCGCGGGCACCGTCCAGTGGGCGTGGGGTCTCGACGCCGAGCACGACGGCGACACCCCGGCGGCCGACCCGAACATGCAGCAGGCGACGGTCAACGTCCTGGCCGACATGGGCGTGCAGCCCGCCTCGCTGATGCCGGGCCTCGCCACGGTCGCCGCGTCGTCCGACCACACCGCCCCGACGTCGACGATCACCAGCCCGGCGGTCAACGCCTCGCTGAACAGCGGCGCCACGGTGACCGTCACCGGGACCGCGTCCGACTCCGGCGGTGGCAGGGTCGGTGGCGTGGAGGTCTCCACCGACGGCGGCGCCACGTGGCATCCCGCGAACGGCCGCGAGAGCTGGTCCTACACCTGGACGGCCACCGGGTCCGGCACAGTGAACATCAAGAGCCGGGCGGTCGACGACAGCGCCAACCTGGAGACGCCCGGCGCCGGCCGCAACGTGACCGTCAAGTGCCCGTGCAGCATCTATCCGCCCTCCCACGTCCCTGCGGCCCCGACGGGCACCGACACCTCCGCCATCGAACTCGGCGTGAAGTTCCGCCCGGCGGTCAACGGCTGGGTCACCGGCGTCAAGTTCTACAAGGGCACGGGCAACACCGGGACCCACACGGGCTCCCTGTGGAAGCCCGACGGAACGCTCCTCGCCACCGGCACGTTCTCGGGTGAGAGCGCGACCGGATGGCAGACGATGACCTTCCCCAGCGCCGTCACCGTGACCGCGGGCACCACCTACGTCGCCTCCTA
NZ_CP109552.1_gap68	2638663	2640080	1417	ATTCCGTCGGCGGCCAGCAGGGCGATTCCACACCAGCCGATCACGGGCAGCAGCGCCGTGTTGGCCGCCTGCAGCTCCGCCGCGGCGATCGGCCGGGTCGTGGCCGCCACGAAGCTGGCCAGGATGGCGCACACGTAGATGAAGATCGAGGTCCTGATCGGCTGCCGCCCCCGCAGCGGCGTGGAGCGCTCCGTGAAAATCGACGCGCAGTACCAGCCGAACGCCACCGCGGCGATGAGGATGGCGGGAGTGCCGGCGGAGCCGAGCGGGCCCACCACGTATCGCGACGGAATCAACACGAGCGCCACGACCAGGAGGCTGAGCACGGTCACGGCGTCCACGGAGAAGGGCAGCCGCCGACGCGGCGCCTCGTCTTCGAGAACCGGCTCGGAAAGGTCGCTCACGCCGTCGGCCGCACCGTTGACCATGCCGTCCGCCGTGCCCTAGGGGTATCTTCTCGTGTTCCGGCCATCGTCGGTCCCCCTCGGCCAGGCCGTGTCGTTCCGGCCGTCGGCCCCGTTCGGGTTCCCTTCGGGATTCGGACGGGGGGTTCTGCGCGTGCCCCGGGTCCTGCTCCGGCCCGAACCCTGCCCCTCCATCCTCGGGCGAGCCGGCTCCGGCGGATTCCCGACCGCCGGCGAGTGGGCCGGACCGGCCGCCGCGGGCGGCCAGACGTGGACGGCCGTGGGCGCGTCGTCGTCCAGCCTGAGCCGTCTCGGCTCGGGTCCGCCGTCCGGGTCCTGAACGCGCTTGGGCTGGATCGGCCGGCGCGGGTTTCTGATCGACTCCGTGATCAGCGGCGCGCCGACCGTCAGCATGAGACCGACCGCGAGTACTCCCACCAGCGACCGGATCTTCGACGTCGCCACCCGTTCCGGCTCCTTGCTCTTGGTGAGCACCGAGAGCCGGACCTGGGATATGGAGCTGTTGGTCTTCTGGAGGTCGTCGAGCGCGGCCGGGATCCTCTTGAGGATCGCCTCCATGGTCGCCTGCGCCATGGCGGGGTTGCTGTGGGTGACGGTCACCTTGAGCAGGGGGGCGCGGCTGTCGGGCGGGATCTGCGTCTCGTATGTACCGGTGAGCCCATGCTGCGCGAGATCCTGCGCGGTGAGCTCATCGTCGACCGCGCGGCCGACCAGTTCCGCGGTGATCGACAGGGACCCGTCGAAGGACAGGTACGGGTTGCCGCCGGTGTTCTTCTCGGCGATCTGCTTCGATGTGAGGAACACGACGGTTCCCGAGGACTCGTAGGTCCAGGGCAGCAGGAGGTACCCCGCCGTAACGGCCGCGAACGTGAGCACCAGCAGGGGAACGGTGATCGTCCATCGGCGTGCGAGGACGAACACGGCCTCCATCAGGTCCACCGGACCTCCATCAACCCCACCCCGCGTGAATAGTCGTGACGCCGGTGTGCTCA
NZ_CP109552.1_gap69	2702174	2703076	902	GGCGGTCGCTCAGACGCTGAGGACGTCAATCCATGACCACTGTGCTGTTGGGAAACTGGCCCAGGCGGTAGCCGAGCTGCGCGAACACAAGCTGGCCGATATACACGCCCATCGAGTACGGCGAGCGGAAATGGCACAGCGCCTGGTCCAGTGGCTTGCCACCCCGAACCCCACCGCTTCTGGTGCCGGCGCGGCCGTACAGGCGCAGATGGGCGAGTGGGGCTGGGTCGATCGCGCCCGGGACGACATTTGGGCAGGCGAAGAACTCAATAGGACGCTGCAGAGCGACTACCGGGACCTGTATGCGCTGGTCCGGGACCGCAGACGGGCGTTGGACGAGGAATTCGCCGGCAGGCTCGCCGCCTCAACCGCGGCAGGTGCCGATCCCGGTCAGATTCTAATGGTCGAGACCGTGCTGCCGCGCGTCGTTGCTCCCCTGGTGACGGGAGGGAACGGACACCGGCGTCCGGTCCTGCTTCTGGTGCTGGACGGGATGAGCACGGCCGTGGCCACCGCGCTCGGCGAGGAACTGCGCGCTGAGCGGTGGGAGGAGTACGACCCTGTCGCAGGTGCTGATGAGGAACCGCGCCGCCGGGCCGTGGTCGCCGCCCTGCCCACCGTCACCCAGGTGTCGCGGGCCAGTCTGTTCGCCGCTCGCATCACCACCGGCGGCCCAGACGACGAGCGGGCCGCCTTCGAGAAGCACGCATTTTGGAAGGGTAAGAAAGCGCGGCTCTTCCACAAGGGCGGCCTCCCGGGGGATGCTGGCGAGACCCTCGGCGACGACCTGGTCCAGGCCCTGAACGATGACGCGACCGCCGTGGCTGTCGTCCTCAACACCATCGACGACAGCCTCGACAAGGGCCGCGCCGACGTCCCGTGGCGCATCTCCGACATCGCCG
NZ_CP109552.1_gap70	2704352	2706978	2626	GGCGCGGCGCTCGAAACCGCCGTCGAAGACCTGCTCGCCCAGCGGCTCGCTGAAGTCAGCCGATCGGCGCCGACCTTCGCCGCGGCGTTGCGTGGTTACCGCAATGCCCTTGCCTCCGGAGACAGCGGCACGGCCGAGTCCATCCTCGCCTGGCTGGGGGGCCAGCCGAACGTCGCCGCGGCGGCGCGCCGGGCCGCCGGAGTCCGGGGCGACCTCGACCATTTCGGCGCCCTGGGCTTCCTCCAGGGCATGCTGACCGTGCTGCGCGACTCCGGCCATCCTGGCCTGGTACTGGTGCTGGATGAGGTCGAAACTCTGCAGCGGGTACGCTCCGACGCCCGCGACAAGGCGCTCAACTCGCTGCGGCAACTCATCGACGAAGTCCACTCCGGCAGGTTCCCTGGCCTGTATCTGCTGATCACCGGCACATCCGCGTTCTACGACGGGCCCCAGGGCGTACAGCGGCTCACCCCTCTGGCGCAGCGGCTCTCGGTCGACTTCACCTCCGACACCCGCTTCGACAACCCCAGGGCGATCCAGATCCGGCTGACCGGATTCACCCTGGACTCGCTTGGAGAGCTCGGACGCAAGGTTCGATCTCTGTATGCCGCGGGGGCTTCCGCTTCGGACAGGGTCTCCTTCACAGTGGACGACGCCTATGTTGCCGAGCTGGCATCGGCGGTCACCGGAGGGCTCGGCGGCCAAGTCGGAGTCGCCCCCCGGATATTCCTGCGAAAGCTGGTGGACGTGCTCGACCGGGTCGACCAGTTCGACGACTTCGACCCTCGCAAGCACTACACGCTGACTCTTTCATCCGTGGAGCTGACCGAGGTCGAACGGAACGTGGCGAACGCCGCTCGGCCTGCGGATTCGGCTGATGAGGTGGACCTGGACCTGTCGTGACGTCCGCCCTGCTGCATCCCACCCTGCTCCATCACATCGTCAACACCCTCGGCTGGCCCGATCTGCGACCGTTGCAGCGGGCGGCGATCGGACCCCTGATGGACGGCGAGGACGCGGTGCTGCTCGCCCCGACCGCGGGCGGCAAGACCGAAGCGGCGGTCTTCCCACTGCTGTCGCGGATGGCCACGAACAACTGGCACGGCACCTCCGTGCTCTACGTGTGCCCGCTCAAGGCACTGCTCAATAACCTGCTGCCGCGGCTAGAGAAGTACACGGACTGGATCGGGCGTCGCGCTGCGCTGTGGCATGGGGACGTAACCGATACGGCGCGCAAACGGATCCTCGCCGCGCGCCCCGACGTGCTCCTGACCACACCTGAGTCGCTTGAAGCGATGCTCGTGAGCATCAACGTGGACCACCGGCAGCTCTTCGCCGGCCTTCAGGCCATCGTGGTCGACGAGGTGCACGCGTTCGCTGGCGATGACCGTGGCTGGCACCTGCTCGCCGTCCTGGAAAGGCTCACCCACCTGCTCGGGCGGCCCATTCAGCGGGTGGGTCTGTCGGCCACCGTGGGCAACCCAGCGGAGCTGCTGACCTGGTTGCAAGGTGCCCAGGCTGGGGCGCGTCCGGGGCAGGTCATAGCCCCGGACCTCGCCGTAAAGCCCGTGGGGCAGGGCACGCCACCGGGGCAGGTGCAGCTCGACTACGTCGGATCGGTATCCAACGCGGCCAAGGTGATCGCCGCGTTGCACCGGGGAGAGAAGCGGCTGGTCTTCTGCGACTCACGGCAGCTCGTCGAGGAGTTGGGACACTCACTGCGCGCGCTCGGGGTCACCACCTTCCTCTCGCACGCCTCCCTGTCCCTCGATGAGCGGCGCAGGTCGGAGGAGGCCTTCGCCCAGGAGCGGGACTGCGTCATCGTCGCCACGTCCACACTGGAGCTCGGCATCGACGTCGGTGACCTCGACCGGGTCATCCAGATCAACGCGCCGATGACCGTCGCGTCGTTCCTGCAGCGCATCGGCCGTACCGGCCGCCGGACCGGGACCGTGCGCAACTGCCTGTTCCTGGCCCTAAACGAGGATGCGCTGCTGCACACGGCCGGCTTGCTGCTGCTATGGGGCCGCGGCTGGGTGGAGCCGGTGGTCCCGCCGCCGGAGCCTCGCCACATCATGGCCCAGCAGGTGCTCGCGCTGTGCCTGCAGGAGCACCGGGTGGGCGACCGGGTGTGGCCGCAGTGGTGGAACGGGCTCGGCCCCTTCAGCCGGGGAGCCGAGCCGATCGTGCGGCACCTGGTGGAACAGGGGTATCTAGACTCCGACTCGGGGATGCTGTTCATCGGCCCAGAGGCCGAGCGCCGTTTCGGCCGGCGGCACTTCATGGAAATGACCACCGTCTTCACCGCAGCGCCGCAGTTCACCGTGCTGGCGGGGAGGAAGGAGGTGGGACGGACCGACCCGGCTGTCCTGACCGAAGAGATCGAGGGTCCACGCCTGCTCCTGCTCGGCGGACGCACCTGGCGGGTGACCTATATCGACTGGCGCCGGCGGCGTTGCTTCGTCGAACCGTCAGACGGACGGGGCAAGGCACGCTGGAACAGCGCCATGGGGCCGAGCGGGCTGTCGTACATGCTGACCCAGGCCATGCGCTCGGTGCTGCTCGGGGAGGACCCACCGGTACGGCTCACCCAGCGAGGGAAAGAGCATCTCGCGATGATCCGCGA
NZ_CP109552.1_gap71	2709976	2710498	522	CGCCACAACTGGCCGGCGCGGCGCTCACCCCGTCCGGGCGCGGCGCGGTGTGCACGGCCCCGCAACCACACCAGCCCTGTAGGAAGTACCCGAAAACATCGCCGTCAGCGACGTCGTCCGACCAGGCCAGTGGTCTCCACCGAAGCCGGGGCGGTTCAGTTCCTAGCCTCGCTCGCCCTCGCATTGGCACTGGCCGAACTGCACTCGCGCAGTGGATCGCGACTGGGGTCGCTGTTCCTCGACGAAGGCTTCGCAGCCCTCGATACTGCAGCGTTGGAATCAGCCCTCGAGGTGCTGCGCACCCAAGCCGGCGGCGACCGGCTTGTTATGGTGATCAGCCACTTGCACGCCGTCCCCGAGGCTGATTGCCGTGCTGTGGGTAGAACGCGGCCCCACTGGGTTCACAGCACGCTGGCTGACTCCGGCCGAACGCAATGAGCTGGTGCAAGCCGACCTGGCCAGCGGCTTGCAGGCGCTGGCGTAATAGAGGTATTGGCAGAGGGGCCGCCAGATTGTACGGTA
NZ_CP109552.1_gap72	2711543	2713650	2107	CTTCGCGGTTCCTCGAATAAGGAGTACTGGGCGATAACCCCACGATACTCAGCCGAGGACTTCGAGACGGTCCCTGAAGCGGAGGTGGTGATTGCTACCGACGGGACAATTATGGTGACCGGCATGCATGCCTGGCAGGGGGCGCAGACATGAACATTCGCGAAGATCTTGTCCTGTATCTTCGCGCCCGCGTTCCAATGATCGTCCTGGTGACGATTGAGGAGAAGCGTGCGATCGAGATTCTGGAAGACGTCCGCAAGATGCGCAGCGCGACCTTCGAGTCCGATCTCGTCACCTGGGACCTCGCCGAGGGGCTCAGATCCCAGGCCGGTCGGCAGGTTCCAACGGCAGCAACTCCCGACGTGGCACTAGACAAAATCGCAGAACTAGCCAGATCGGCGCCGAACCGCGCGGACCTCTACGTACTGAAGGACTTTCACGAGTTCTGGGAAAAGAGTCCAGCGGTGAAACGGAAGCTGCGTAGCCTGGCGCACCAATTGGTCTCTACCAGGTCGTCTGTCATCATTACCACACATACTCCGGAAATCCCGATGGAGCTCAGCAACGACGTCGTCGTCTTTGACCTCCCACTCCCTGACGTCGAGACCCTCACAGAAGATCTCGAATCTCTCATCAAAGAGACAGGGATCAAAAACGCGCTTACAATTCATGGCCAGGCACGCTTGGCCCAGGCAGCGCTGGGCCTCACGGCTACCCAAGCCCGCCGGGCTTTCTCGAAGGCGATCGTCCGTGACAAGGTTCTGGACGAACAGGATATCATTGCGGTCATCGAGGAAAAAAAAGCGGTTATCCGCGCTTCCCAGGCGCTGGAATTCTATAGCGCGGATCAGACCCCCGACGACGTCGGAGGCCTCGAGATTCTGAAGGAATGGCTGACCATTCGGGAGCGCGCCTTCAGCCAGGACGCCGCCGACTTTGGTCTACCAGCCCCTAAAGGGATGGCGTTGATCGGGATTCCCGGCACCGGAAAGAGCCTAACAGCGAAGATGATCAGCGGGCTGTGGCGGTTGCCTCTACTACGCCTGGACGTCGGGGCCCTTTTTGGATCGTTAGTTGGTGAGTCGGAGGAGCGCCTACGCCGAGCACTCAAGATCACTGAGACGGTGGCGCCCTGTGTCCTTTGGATCGACGAGATCGAGAAATCATTGGCCAACGGCGGTATGGATGGCGGCACCTCTCAACGTGTGTTTGGCGCGATCCTGACGTGGATGCAGGAAAAGACTAAGCCTGTATTTGTGGTAGCCACGGCCAACGATGTGACAGCCCTACCACCAGAGATGCTACGCCGTGGCCGGTTCGATGAAGTGTTCTTCCTCGACCTACCTACGGAGTCGGAACGACGTGAGATTCTTTCTGTCCATCTGCGGAAGCGACGCAGAGAGCCGAACCGCTTTGACCTGTTCCAACTGGCCCGACTATCGGAGGGCTACGTAGGGGCCGAGATCGAGCAGGCGATTACGGATGCAATGTACCGGGCATTCGCCGAGGGCCCGCGCGACATCACTACTGAGGACATTGCCTCCGCCATCAGGCGCCTTGTTCCGCTGAGCAAATCCCAGCGTGAAGGCATTGAGAACCTTCGGTCTTGGCTTCGGGACGGCCGCGCGCAGTCCGCCTCATTCGCTGAGGCTTCGCAGGCTGTGCAGGAGCAAGTCCGCCTGGAACTGGCCTGAGCGGGGCGAGTTGCGTGATCAGTGAGAAGAAGGCCCGACGTTGGGCGGCGCGTTGTTCCTCAAGTACGGGTCCCTTCGCGCGCTGGGCAGCCTGCCGTCTATTCGAAGCAGCGGAGGACGGGGACCGGGTTGCGCGGTCGGCAGTCCTCCAGATTGCTGGAATTGGGGACCATAAGCGCCAGGAGGACGCCAAAAAATCTCTGGGTGTTTGGTGGGCGAGGACACGTGACCCGGAGTTGCGCGGGCTCGTCTTGGAAACCGGGGCTTTGGCACGCGACGGTCTGCCGCGGTTGCAGTGCGCGGCGCTCCTGGAGTGCCTCGACGACCACTGGCGGCCGGAAGACGCGGGGTACGCACCCGGCTTCGTCACCGACGCCGACGAAAGCGTGCGGAACGCGGCACTGCGTTTGTTT
NZ_CP109552.1_gap73	2757134	2761697	4563	GGCCTGCGGCAACACGGTCGTGCTCAAGCCCGCCGAGACCACGCCGCTGACCGCGCTCGCCTTCGCCGAGATCTGCCGGCAGGCCGGCCTGCCGCCGGGGGTCGTCAACATCGTCACCGGCGCGGGCGGGACCGGCGCCGCGCTCGTCGCCCACCCCGGGGTGGACAAGGTCGCCTTCACCGGCTCCACCGAGGTCGGCCGCCACATCGCGAGGAGCCTCGCGGGCACCCGCAAGAAGCTCACGCTGGAACTCGGTGGCAAGGCCGCCAACATCGTGTTCGAGGACGCCCCGATCGACCAGGCCGTCGAGGGCGTCGTCAACGGCATCTTCTTCAACCAGGGCCACGTCTGCTGTGCCGGATCGCGGCTGCTGGTGCAGGAGTCGGTCGCCGCCGACCTGCTGGAGGCGCTCAAGCGGCGTCTCGGCACGCTCCGGCTCGGCGACCCGCTGGACAAGAACACCGACATCGGCGCGATCAACTCGGCCGAGCAGCTCGCCAGGATCCGTGAGCTGTCGGACGCCGGGGAGGCGGAGGGCGCCGAGCGCTGGTCGCCCTCCTGCCCGATCCCGGACCGGGGATACTGGTTCCCGCCCACCCTGTTCACCGGCGTCGCCCAGTCGCACCGGATCGCCCGCGAGGAGATCTTCGGGCCGGTGCTGTCGGTGCTGACGTTCCGGACCCCCGCCGAGGCGGTGGAGAAGGCCAACAACACGCCGTACGGGCTGTCGGCGGGTGTGTGGACCGAGAAGGGCTCGCTCATGCTGTGGATGGCGTCCCGGCTGCGGGCGGGCGTCGTCTGGTCCAACACGTTCAACCGGTTCGACCCCGCCTCGCCGTTCGGCGGCTTCAAGGAGTCGGGGTACGGCCGCGAGGGCGGGCGGCACGGTCTGGAGGCCTACCTTGCGGTATGACCGGTGTGACCGTCACGCGGCCCCGCCGCACGCCCGCTGCGACGCCGGACGTCGCCACCGCCTGGCCCGCCGGGCCGACGCGGGAGCCGGAGAGGGCTTCTCCCGGGGCCGCCGCTCCCGCCGCTTCGCCGTACGGCACGGGTGGTTCGCGCACCGCGGCGGCGTGTGCCGGTGCGGCCAGACCTACCAGCCCGCCCGTCCGCTCGAGATTGGAACCTTCGATGAGTGAGCAGGCCGCGCGGCTGGCCGTGCGCAAGACGTACAAGCTGTTCGTCGGCGGCGCGTTCCCGCGTTCGGAGAGCGGAAGGTCGTATGCCGTGACCTCCTCCAAGGGAGACTTCCTCGCCAACGCCGCCCGGGCCTCGCGCAAGGACGCCAGGGACGCCGTCTCGGCCGCCAGGAAGGCGTTCGCCGGGTGGTCGGGCGCCACGGCGTACAACAGGGGCCAGATCCTGTACCGGATCGCCGAGATGCTGGAGGGCCGGCGCGCGCAGTTCGCCGCCGAGGTCGTCGACGCCGACGGCGTCTCCGCGAAGAAGGCCGGCGAGCTCGTGGACGCGGCGGTCGACCGGCTGGTCTGGTACGCGGGCTGGTCCGACAAGATCGGGGCGGTCCTGGGGTCGGCCAACCCCGTCGCCGGGCCGTACTTCAACCTGTCGAGCCCGGAGCCGACCGGCGTGGTGGCCGTGGTCGCCCCGCCGATGGGCCCGCTGCTGGGCTTGGTCAGCGTGATCGCGCCGGTGATCGTGACCGGGAACACCTGCGTGGTCGTGGCCTCCGAGCGGGCGCCGCTGCCGGCGATCACGCTGGCCGAGGTGCTGGCGACCTCCGACCTGCCGGGCGGGGTGGTGAACATCCTCACCGGCTCGGCCGCCGAGATCGCTCCCTGGCTCGCGGGCCACATGGACGTCAACGGCGTCGACCTGACGGGCGCGGACCCCGAGCTGGCCGTCACGTGCGAGGAACTCGCCGCCGAGAACCTCAAGCGGGTGCTCCGGCCGCCGACCGGCCGCGTGGACTGGCTCGCCGACCCCGGCATCGAGCGGATGTCGGCGTTCCTGGAGACCAAGACCGTCTGGCACCCCATCGGCGTCTAACCCCTCGACAGGGCCAGGAGGAGTTCGGCGTTCGAGCCGGTGTTCTTCAGCGAGCCGAGGAAGCGCTCGAACGACTCCTGGTCCTGCAACGCCCGCCGCAGCCGCCAGATCAGCGGCAGCTCGGCGGCGTCGAGCAGCAGCTCCTCCCGGCGGGTGCCGGACGCGACGACGTCGACGGCGGGGAAGACGCGGCGGTCGGCGAGGCTCCGGCTCAGCTTGAGCTCCATGTTGCCGGTGCTCTTGAACTCCTCGAAGAGGTTGTCGTCCATCTTCGAGCCCGTCTCGACCAGCGCGGTCGCGAGGATCGTCAGCGAGCCGCCGCCGGCGATGTTGCGGGCGGCGCCGAGCACCCTCTTGGGCTGGTGCAGGGCCCGCGCGTCCATGCCTCCGGTGAGCACTCGCCCGCCGCTCGGCGCGGCCATGTTGTACGCCCGGCCGAGGCGGGTGATCGAGTCGATCAGCATGACCACGTCCCGGCCGGTCTCCACCAGCCGCTTGGCCCGCTCGACGGCCAGCTCGGCCGCTGTGATGTGGTCCTGCGGCGGGCGGTCGAAGGTCGAGGCGACGACCTCGGCCCGGACCGTCTCGCGCATGTCGGTGACCTCCTCGGGCCGCTCGTCCACCAGGACGACCATGAGGTGGCACTCGGGGTGGTTGGCCGTGATCGCGTTCGCGACGGCCTTGAGGAACATCGTCTTGCCGGCCTTCGGCGGGGCGACGATCAGGCCGCGCTGGCCCTTGCCGACCGGGGCGAACAGGTCGATGACGCGGGTGGCCAGGACGTTCTGCGTCGTCTCCAGGCGCAGCCGCTCGTCGGGATGGATCGGCACGAGGTCGGCGAAGTCGGGCCGGGACGCACCGGCGTCGACCGGGGCACCGTTCAGCGAGACGACGGAGGCGAGCCTGCCGTTCTCCCCGGCGCCCCGGATGAGGTCGCCGCGGCGCAGGCCGTACCGCGCCACGAGCGCGGCCGGGACGGTCACGTCCTTCGGCCCGGGCAGGTAGCCGCGCGACCGGATCACGGCGTTCCGGCCGGCGAAGTCGAGCAGGCCGCCGACCTCGGTGGCGACGGTCGCGGGGGCGGCGCCGGCCGGGACCCGTCGCGTACGGGAGGAGGCGCGGGGCCTCGGAACGGTGAGAGCGGTGGGGGTCACAGGACTCCTCGGTGTGGGAGTGTGCGGAGTCCTCACGGGACTCACATGCACGAATGATGGGGTTGTCCGCCGGAGGCGGATCGTGGGACGCCGCGCCTGGAACGGACGGGCAGGTCGCCCGTCAGATCACGGATCGCGCGGGAGGTCTCGGGTCGGCCGGCCGCCGACGGAAGATGTGCGGTGCGCGTATGGGCTCGAACGGAGCCAGAACCATACGGTTACCCGCCCACTATAACAGTCGCGGTCGTTCCGGTGATTCCCTCACCTGGCCTGGAGCGCGTCGAGGGCCACGGCCATGGCGATGACCAGGCGGCGGTCGAGGCGCGGGTCGTGGATCTCGATGGCGTACCGGTCGCGCAGGCCCCAGCGGCGGTCGACGGAGAACGCGATCGAGGCGCCGATGCTGAAGTCGAAGTGGTACGGCAGCCACTCCAGCGAGTCGGCGAAGCGACGGAGCAGCGCGACCACGAAGTTCCGCTCGTGGCCGGTCAGCGTCGGCAGGCCGGGCTGCTGGAGATGCCAGGTCGAGCGGAGCAGCGACTGGCCGAAGTTCTTCCGGAAGGTGCCGATCGAGGCTCCGGCGTGGTCCACGACGTCGTACTCCCCGGCGATGTCGAGCACCTTGCGCGCCTTGAAACCGGCGAGGACCGTCTCGCGCGACTCGTCGGTGTAGAGCGTCACCTGCTCCTTGAGCGCCATCCGCTTCTGCTCGGCGAAGCCGACCAGCTCGCCCTCGGAACCGCCGGGACCGGCCACATGGACGACGTACCTGTTCACCATCATGGTGATCTTCTGCCGCAGGTACAGCCGGGTCTGCCCCTGCAGGGTCGCTATGTCCATGTGTAACTCCCACGACGGTCTTTTGGCTCCCTATATGCCCCCTGCGGCGAGAAGATCACCGGTGCTGACCCCCGAATCGCCGATTCAGGGACGGCTCAGGGATGGTCAGGGTTTTATCAGGGTCCCTGGCGGAACGTGATCTGTAGAGCGGTCCGTTGTACCGGATGACGAAAGGAAATCGACGATGTACCGATCGAGACAGCACAAGATGATCGCCGGAGTCTGCGGCGGGCTCGCGGAGCGGTGGGGCATCTCGCCGACCGTCGTCCGCGTGCTGTTCCTGTTGTCGTGCCTGCTGCCCGGCCCCCAGTTCGTGGCCTACATCATCATGTGGGTGATCTTCCCCAAGGCCCCGGCCGCGTCCGCACCGGGGTACGGCTACTCGTACGGCCGCAGGTAGGCGGCGCGGGGCCGCGCGGGCGCGTCTGTAGCTCACATCGGAATAATGCTCACATCGGAATATGCTCGCATCGGGAGAGGTGAGCGATGATGCGGCGACGGCCCCTGACGCTGGTCCAGGACGACCTGGTCGACTACGAGAAGGCCATGGAACGCATGG
NZ_CP109552.1_gap74	2768546	2769761	1215	GCCGAGGGCCTCGGCCCCAAGCTGGGGCCCATCCTGCTCCAGTTGCCGCCGACCCTGCGGGCCGACGCCGTACGGCTGCGGGCCTGCCTGGCCCGGTTCCCGTCCTCGGTGCGGGTCGCGGTGGAGCCGCGGCACGCCTCGTGGTGGACCGCCGAGGTCCGCGACCTGCTGACGGAGTTCGGGGCCGCCCTGTGCTGGGCCGACCGGCTCGGACGGCCGGCGGGGCCCCTTTGGCGCACCACGAGCTGGGTCTACCTGCGCTTCCACGAGGGCCGGGCCGACCCCTGGCCGGCGTACGGGCGGCGTGCGCTGCGCAGCTGGATCGACCGGCTGGGCGACGTGCCGGACGCCTACGTCTACTTCAACAACGACCCGGGCGGAGCCGCCGTACGCAACGCCGTCACCTTCGCGGAGATCGCGTGCGCGCGGGGGCGGGAGGTGACCCGGGTGCGGCCGCCGGCGAGTCTGGGCGGCGAGGCCCACCGGTCGCGGAACCGGCTGCAGCCCGCCCCCTCATAGGTGTGTGTCCTATAAGGGGGCGGGCCGCCTCCCGGGCACGCCTGGGCGGGCGCGCCGTTCAGGCGCGCCGGTCGTCGGAGGCGTGCCGGCCACCCGCGACCAGCTGGTCCGGCGACGACTGCCGGGGCACGGAGAAGCGGTGCGGTGCGGTGTCCTCCCGCTCGGTCCTGTCCCCCGCCCGGTCCCCCGCCCGGTCCCCCGCCCGGTCCCCCGCCCGGTCCTCGGCGCGGATCTCGGCGCGGATCTCGGCACGGTCGGCAGCGCGCTCGGCAGCGCGCTCGGCGGCACGGTCCTCGGCTCTGTCGTCGACGCCGTCCCGATCCCGGTCGACCTTGGGGTAGGCCGCGGTGACCGGAGCCACGCCGTCCCGCTCGGCCTCGGCCACGGCGGTGGGAGACGACTGGAGACGGCGCTCCAGCTCGCGCTTCTCGGCCTCCAGGCGGGACACGCGGTCCCGCTCGGCGAGGCGCGCCTCGCGCGCCCGGCGGCGCCTGACGGCCCCGCGGCGCAGGCCGCCGGTGATGAGCATCAGACCGACGACGAACACGGCGGCGGTCACCACGCCGGCGATGAAGAACTCGAACGGGCTGAGGTTGAAGGTGCGGTCAAGGATCGTGACCGGCAGGGTGTTCGCGGTGTCGTTGACCGACACCTCGATCACCGCCGCCGCCGCGACCAAAACCAGAAGCAGGCCCA
NZ_CP109552.1_gap75	2814069	2818647	4578	AAAGGAGGCGCCGACAGCGGCACCCGCGGCCCTGCCGGGGATGCGTCCGGCGCTTCCGCGGGTGCTTCCGGTGTGTCTGACGGTGCCTCTGACGGTGTCTCTGGTGGTGCTTGTGGTGCTCGGTCGTCGTGGGCGGTGGTGGCGGCTCTTGTCGAGGCGGCGCGGGAGATGGCGCTGGTGCCGGTGCCTGAGGACGCGGGTGTGTGTCTGGCCGAGGCGGAGGAGTTGCTTGCGGTCCGTGATCGGATCACCTCGGCGCTGGCGGCCCGGGTGAGTCGTGTCCATCGGGCGGGGGAGGCGAGGAATCATGGGCATGCCTCCACCAGGTTGTGGTTGCGGTCTGCCGGGGGGATGACCCCTGCGGGGGCCGGCCGGTTGGTGACGATGAGCATGGAGCTGGATCGCCTGCCGCAGGTGCGTGAGCGGTTCGCCGAGGGCAGCCTGCCAGAGGGGATTGTGGAGGCGATCTGCACCGCCACCTGTGGGCTGACCGATGACCAGGCCACCACCGCTGAGGCGATCTTGCTGGAGTTGGCGAACTCGGCGGGTGCGGCGGAGGTGGCCAAGGCGGGGCGGTACCTACGCGCGGTGCTGGACCCCGACGGGCACGAGAAGGACGAGCAGGCCGACTTCGATCGCCGGTTCTTTAGGGTACGCAGGCGGAGGAACGGCGGGCTGGAGGGCGAGTTCTACCTGCCAGTGGAGGCCGCCGCGCGGTTGCAGCACATGCTGGACGTCTACGCCAGGCCGAAGGCGGAGGGTGACGACCGCACGTTGAGTGTGCGGAACGCGGACGCGTTGATCGCGTTCTTGGAGAACAAGATCGCCACTGAGCTTCTGGTGCTGGTCAACGCCGAATCCCTCCCCGACGACCCCCCAAGCACCGACCCCACAGACACCGCCCCCACAGCCGACCCCACAGACACCGCCCCCACAGCCGACCAGCCCGCCGCTGACCCCGCAGGCACAGACCCCTCAGCCGACCAGCCGTCCGGCACGGAACCCTCAGGCGACAGTGATCGCCCCACCAACCCGGACACCACCGCGAGCGGCCCCGGCAGCGAGCACTTCACCAGCGACACGCTCGTCCCTCATGGCGAGCACCTGGACACTTTCCACTCCCCGGCCGCTCCCGGCGGCGAACCCCGCGCCGGTGATGCGGCGGTGGGTGAAAGTGCGCACCGCGAGAGCGACGCGGCGGTGTGCGATGGCGGGCGGTTCGGGAACGATGCGCCGATGGACGGCGATGAGCACCGGGCCACCGGCTTCGTCGGCGAGAACCCCGCCACGGAGGCTTCCGCTTCCTGCGGGGAGTGCGCCGCTCCCGACCGCCCTACCGCTGCCGAGCCCGCCATGCAAGGACCCTCAGCGTGGGGAGGCGACACCTGGCCGGGAGACAGTGCCTGGCCGGGCGGCGAAGCCTGGCTGAGAGGTGACGCCTGGGCGGGGGTGGGAGCCGACGCTCCGCCGGGGAGCAGTCCGCCGGAGGTGGGGGTGAACGGTCCGCCGGGGGTGTGGTTGCGGGGGTTGCCGGGGCTGATCCTGGCGACCGGGCACCTGCTGCCCGCCTCCAGCGTGCACCGGCTTGCCCGCACCAGCACCCTGGTCCGGATCGTGATGAACGCCGCCGGGCAGGTCCTGGACATGGGCCGCAAGGTCCGCCTGGCCACACCCGCCCAGCGCCGGGCGGTCTTCGCCCGGTACGCCACCTGCTGGGTCGACGGCTGCCCGCTACCCGCCACGATGTGCCAGATCGATCATTGCGACAACTGGAGCAGCGGCGGGCTGACCGACCTGAAGCTGCTGGGGCCGGCGTGCCAGTTCCACAACCGCGACCGCTACCGCCACCCGAGTCGCTACACCCGCCGCACGATCGGCGACGACCGCTGGGCCTTCACCTACCGCAACCCCCGCAGCAGCACCCGATTGTGGGTGTAGGGGCGGGGTGCGAGGGGGGGACACCGAGCCGGCGAAGACACTCGGCGACGCCGCACTGCCGGCTCAGCGTGGCGTGCAGGCATATGCGACGGGGCATATGCGACGGGGCACATGCGACGGGGCACATGCGACGGGGCACATGCGACGGGGCACATGCGACGGGGACATACGGCAGGGCCGTGACGGCGAACTGTCGTCGCCCCGACCCTGTCTCGGATTCTGCCGGTCGAGTCAGTGGGCCTCGACTGTGGGCTCGACAGTGGCCTCGACAGTGAAGGTGGTGGTGAGCACCTGGCCGGTCGCGTCGCGGAACTGTCCCCACAGGCGGTAGAGGCCGGGGCGGGGGAACTCGGCGTGCAGGCCGAGCTCGGGCCCGAAGGTCTGCCCCGGCAGGGCGAAGACCGGGCGGCCCTTGTCGTCCTCGGCCTCGGCGTGCTCGTGGGCGAAGCCGCTGCCGTCGAGCGGCATGATCACGATGTGCCCGGCGGCGGCCAGGTAGGGGCGCAGGCCGGAGACGGGCCTGCCAGTGGCGGCGTCCGCGAAGCGGAACGTGAAGTCGCTTCTGCCGCCGACCTCGGCGTTGCCGGTCAGGGTGACCCGCAGGCCGCCGACGACCTGCTCGCGAGGCGACGGCGACGGCGACGGCGATGGCGACGGCGAGGTGGTCCGTACGACCGGGGCGGTCTCCAGGTCGCCGATCGTGAGCTCATGGTGGCTGAGGATGTCGGCCATCTCGCCCTGCCGCCGGAGTTCGGCGTTGACGAGGTAGCGTCCGGCGGTCGGGAAGGTCATCCGGACGGAGAACTCGCCGGCCCGGCCGGTGGGCTCGGGGTGGACGTGGGCGAAGGTGCCCAGGTCGGCCCGGGCGACGACGAAGTGGATCCACGCCTCGTGGCTGCGTACGACGTCGTCGACGAGGCGGCCGGTCGCGGGGTCCGTGACGCGGATGCGCACGATCGTGGGGACGCCGGGCACGACGTCACGGGGGACCTGGACGTCCATCCGGACGCCTGCGTCCTCCGCGGGCACGGGTTCGGTCTCGGCCGTCATCATCACGCTCATGGTCGGGCGCATCGGCATGCCGGTGTCCTGCACCCAGGCGAGCACCCCGTTCATCCCGCGCTGCGCCGCCTCCGTACGGCTGAGGGCGGTGAACCCGGCACCCACGGCGACGGCGAGTGCGGCGATGCCCAGGAGGTAGCTCCAGTCGGCGAGTCGCGAGCTCCACGACCGGGACATGCCGGGCCTGAACCGGCGCAGGCGCAGCGCGTTGGTGACCACGCTGACCGAGCTCATGGCCATCGCGGCGGCGGCGAGGGAGGGGTCGAGGAGCGCGCCGTTGAAGGGATACAGCACTCCGGCTGCGACCGGGATCAGCAGCACGTTGTAGGCGAACGCCCAGGTCAGGCCTTGCTTGATGGTGGACACGGTGCGGCGCGACAGGTCGATGGCCGAGACGATCCCGCGCAGGTCGCCGCCGACGAGGGTGATGTCGGAGGCGGCGATGGCGACGTCGGTGCCGGTGCCGATGGCGATGCCGAGGTCGGCCGTGGCGAGCGCAGGGGCGTCGTTGATCCCGTCGCCGACCATCGCGACGACCGCGCCGCTCTCGCGCAGGGCGGCCACGCGGGCGGCCTTGTCCTCGGGCCGTACGTCGGCGATGACGTGGTCGATTCCGACCTGCCGGGCGACGACGTCGGCGGTGACCTGGTTGTCGCCGGTCAGCATCCACACGTCCAGTCCGAGCGCGCGCAGCCGTTCGACGGCCTCACGGGACTCGGGCCGGATCGTGTCGGCCACCCCGATCACCCCGGCGAGGCGGCCGTCGAGCGCGACGTACACGGGAGTGGCGCCCTCTGCGGCGACCACTGCGGCGACCTCGGCAGCCGCTTGGGCGGCGGCCGGCTCCAGCTCGGCGGTCGGCACGCCGTGGCGCCGCATCAGCGCGATGTTGCCCGCGAGCACGCTCCGCCCGCCGACGCCGGCCTCCACGCCGTGGCCGGGCACGGCCTCGAAGCGCTCCACCTGCGGCAGGCTGAGCCCGCCCTCCCGGGCCCGGGAGACGATCGCCTCGCCGAGGGGATGCTCGGACCCCGTCTCCGCCGCGGCGACGTACGCCAGAAGCTCGTCGGCGTCGACCCCGGGCGCGGGGGCCAGGTGGGTCACGCCCGGACGGCCCCGGGTGATCGTGCCGGTCTTGTCGAGTACGACGGTGGTGAGGCGGCGGGCCTGTTCGAGCGCGTCGCCGCCGGAGATCAGGATGCCCAGTTCAGCGGCCTTGCCGGTGCCCACCATGATCGCCGTGGGGGTGGCCAGGCCGAGCGCGCACGGGCAGGCGATGATGAGCACGGCGATGGCGGTGCCGATGCCGAACGCGAGCCGTCCCTGGTCGGGGCCGAAGAGCGCCCAGACGCCGAAGGTGAGCACGGCGACGCCGATCACGGCCGGCACGAACCAGCCGGACACGGTGTCGGCGAGACGCTGCAGGGGCGCCTTGGACCCCTGCGCCTCCTCCACCAGCCGGACGATCTGGGCCAGCGTCGTGTCCTGCCCCACGGCGGTTGCCCGCATCACCACCGAGCCGGTCCGGTTGACGGTGGATCCGATCAACGGGTCGCCCTCGCCCCTGCGCACCGGCAT
NZ_CP109552.1_gap76	2824690	2825579	889	TCGGGCAAGTCCACCCTGATGCACGCCCTGGCCGGCCTCGACACCGTGGACGAGGGCCAGGTGCTGATCGGGGACACCGACCTGGCCGGGCTGAGCGAGCGGCAGCGCACGCTGCTGCGCCGCGAGCACGTCGGCTTCGTGTTCCAGAGTTTCAACCTGGTGCCCACGCTGACCGCCGCCGAGAACATCGAGCTGCCGCTGACCCTCGCCGGACGACGGGCCGACCAGGGCTGGATCGACGAACTCGTCGAGATGCTCGGGCTGGCGGACCGGCTGCTGCACCGCCCGGCCGAGCTGTCCGGCGGGCAGCAGCAGCGGGTCGCCGTGGCGCGGGCGCTGGCCGCCCGGCCGCGGATCGTGTTCGCCGACGAGCCGACCGGCAACCTCGACTCGCGGGCGGGCGAGGCGCTGCTCGGCTTCCTGCGGCACGCCGCCCACGAGCTGGGCCAGACCATCGTCATGGTCACCCACGACGCGACCGCCGCGGCGTACGCCGACCGGGTGGTCTTCCTCGCCGACGGCCGCGTCGTCGGCGAACTGCCCGGCCCCACCGTCCCCGAGATCCTCTCGCGCATGGCCGGCCTCGGCTCCTCCGCGCGGTCCGGCACGGAGAAGTAAGGAGAAGTGATCAACATGTGGCGTCTGATCATCCGCAACACCCTCGCCCGCCGGGGCAGGCTCGCGCTGACCCTGCTCGCCGTCCTGCTCGGCGTCACCTTCGTCACCGGCAGCCTGGTGCTGACCGACACCTCCCAGCGGCTGCTCGACGAGCAGTTCCGTACGGCCACCGCGGGAGTCGACCTGACCATCCGCGAGGCGGTCGCGTTCGACTCGGCGATGGGCGTGGAGGTGGAACGCGAACCGCTGCCGGTCGAGATCGTCGACCGGA
NZ_CP109552.1_gap77	2840336	2843259	2923	GAGGTCGCGAGGGCATGGGCCACGGTCCACGTGGCCGGAGTGGAGGAGTGGCTCCGCAGCGCCCTGTGACGCCGTTTCCGACGCCGTTTCCGACGCCGGCGAGACACGGAACGAGACACGGAACGAGACATGGAGGCGGCCCCGGCGCTCGTGTCGGGAGCGCCGGGGCCGGCCGGTGTAACTCATCGGCGGGATCAGGGCATCAGGGTTGCGTCAGGTCGAACCGGTTGACGGTGACCGAGCCGCCCAGGGACTGGGTGGCGTAGTTGAAGATGCCGAAGCGGTAGCCCATGAAGAACTGCCAGGCGTTGCCCATCGTGAAGGCGGGGCCGAAGGAGGTGAAGTTCACCCCGTCGGTGCTGTAGGAGAACTTGGCCTGGCGGCCGGTGCCGGGCCGGATGTCGGCGTTGACGCGCAGCCAGATCCGGCCGCCGGACACGGCGGTGGAGGCCACCTCGGTTCCGGTGGAGGTGGTCTGCCAGCTGCCGTTCATGGTCAGGTTGTTGGTCGCGACCAGCCGGGTCTGCCCGTTGTCGCGCCGGACGCCGATCCAGGCCGAGGAGTCGCGCAGCATCGCCAGTCCCGCCCGGTCGCCGTCGCGCATCTGGGAGTAGTCCAGCTGGATCGTCGCCGTGGACGACGGCCCGAGGATGCGGTGGGTGAGGGTGTTGCGGGCGGAGTACAGGTCGCTGGTCACGGTGGCGGTCTGCAGCCGCAGCCCGTTGCCGACGCTGAACCTGGTGGTGTCGGGGTTGTGGTTCCACTCCCACTCCGGCCCCAGCTGCGACCCGGTGAAGGTGTCGGTCCCGCCCGGGGACTTCACCTGACGAGGCGGACGCGGCACGTTCGGGTAGGGGTAGGACGCGCCCCAGCCTCCGTTGACGGTCGTGATGGTGGGCCAGCCGTCAGAGGTCCAGGTGACCGGGGCCAGGACGGGGATCCGGCCGCCGGGGTAGGCGTCCTGGAAGGCCATGTAGTACCAGGCGCCGTTCTGGGTCTGCACCAGCCCGCCCTGGTGCGGCACGCCGCCGCCGGAGACCGGGCCGGACATGTTCAGCAGGACCTGGCGCATCTCGTACGGGCCGAATGGCCCGTTGGTGGACTTCAGGATGTACTGCCCGTTGGCGGGCTTGGTGACGAAGATGTAGTAGTTCCCGTTGCGCTTGTACATCCGCGAGCCTTCCAGCGTGCCGACGCTGGAGGGGGTGGAGAACACCTGCTGGCTGCGGACCTCGCTCTTGCCGTCGGCCGACAGCTGGGCGACGCTGATCTGCGTGTTGCCGTAGGCGACGTACATGGTGTCGTTGTCGTCGACGAGCAGGCCGGCGTCGTAGTAGCACTTGTTGATCGTGGTGTGCCGGTTCCACGGGCCTTCGACGGAGGTGGCGGTGTAGATGTAGGTCTTGTTGAAGTCGATGCAGCCGCCCCAGTAGAAGGTCTTGTTGCTGGGCCGGTAGTTCAGGAACGACGCCCAGATGCCGTTGACGTAGCCGCGGCCGCCGTTGAGGTCGTACTTGCTGCCGAAGTCGAGCGTGGGCACCGAGTGGCCGGCGTACTCCCAGTGGACCAGGTCGTAGGAGCGCAGGACCGGCGCGCCGGGCGAGTAGTGCATCGTGGAGGCGGAGTAGTAGTAGGTGTCGCCGACCCGGATGATGTCGATGTCGGCGAGGTCGTCCCACAGCACCGGGTTGGAGTACGTCGACGAGGGGGGCCACGGCCCGCTCGGCGTCGCCGAGGGGCTGGGCGACGGGCTCTGCGACGGGCTCTGCGACGGGCTCTGTGAGGGGCTCGGGGAAGGGCTGGGCGAGGCGCTCGGCGACGGGCTGGCGCTGGGGCTCGGCGACGCGCTGGGGGAGGGGCTGCTGGTCACGGTGCCGGTGCAGGCGGTGCCGTTCACGGCGAAGTTCGTCGGCACCGGGTTGGCCGAACCGCTCAGCCCGCCGTTGAAGCCGAAGCTCGTGCTGCCGCCGGTCGGGATGGACGCGTTGTAGCCCGCGTCGTTCACCGTGACCTGCGCGCCCGACTGGGTGTGGGTGCCGTTCCACAGCTGGGTGATGGTCTGGCCGGCGGTGAACGACCAGGTCAGCTTCCAGCCGTTGATCGGGTCGCCCAGATTGGTCACCTTCACGTCGGCGCCGAAGCCGCCGGGCCACGAACTGGTCACCGTGTAGGTGACCTGGCAACCAGCGGCGGCCTGGGCCGTGCCTGCGGTCGCGACTCCGAGAGCGCCGAGCGCGGCGGCCATCGCGGCCGCGAGCCAGCGCCGATGTCGGATGGGGGGCACTGAAGTCCTCCAGAGAGTAAGTCTCGGACTGTGTCGTCAGGACACGGTTCTTGTCAGGACACGGCTCTTGTCAGGACAGCGTGCAGGCGGCGCCGTTCAGCGTGAACGAGGTGGGCTTGCCGGCGTTGCCGGTGTGCGTGGCCTGGAAGCCGATCTGGGCGGAGCCGCCGGCCGGGATCGAGCCGTTGTAGCTGACGTTGGTCGCGGTGACCCGGCCGCTGCTCGGCGAGTAGGTGGCGTTCCAGCCGCTGGTGATGGTCTGCCCGCTGGGGAGCGTGAAGGCCAGCGACCAGCCGTTGATCGCGGAGGAGCCGGTGTTGGTGAGGGTGATGTCCTCGGTCAGGCCGTTGTTCCACGCGTTGACGGTGGCGCTGACGCGGCAGGCGCCCGTACCACCCGTCGGAGAGGACGACGGGGAGCTACTCGGCGACGCGGAGGGCGACGCGGACGGCGACGGCGAGGGCGACGGCGACCGCGTGGGGGACGCGGACGGCGACGGCGAGGGCGACGGGGAGGTGCTCGGCGCGTCGAGGCCGAGGAAGGAGATGGCGTAGGCGAGCTGGCCGTTCATGGGGAGCTGGTGGCCGACGCCGGAGATGCTGATGCCCTCGACGGTGGCCTGGGTGCTGGTGTTGCCGT
NZ_CP109552.1_gap78	2846038	2850585	4547	GGTGGTGACGGCCCTGGCGGCGACCCTCCCCGCCAATGCCGCGGCGAGCACCCTCGGGGCCGCCGCCGCGCAGAGCGGCCGCTACTTCGGCACCGCGATCGCGGCCGGCCACCTGAACGACTCGACCTACGTGGCCACCTGGGACCGGGAGTTCAACTCCGTCACCGCCGAGAACGAGATGAAGTGGGGGCCGATCGAGCCGTCCCGCAACTCGTTCAACTGGAGCCAGGCCGACCAGATCGTCAACCACGCGGTCGGCCAGGGCATGAAGGTCCGCGGGCACACGCTGGTGTGGCACGCCCAGCTGCCCAGCTGGATCAACAGCGGCATGTCGGCCAGCGACCTGCGCTCGGCGATGACCAACCACATCACCCAGGTCATGAACCACTACAAGGGCAAGGTCTTCGCCTGGGACGTGGTCAACGAGGCGTTCAACGACGGCGGCGCGGTCGGCACGCTGCGCGACTCGATCTTCACCCAGAAGCTCGGCAACGGCTTCATCGAGGAGGCGTTCCGCGCGGCGCGGGCCGCCGACCCGAATGTCAAGCTGTGCTACAACGACTACAACATCGACGACGCCAACGCCAACAAGACCCGTGGCGTCTACAACATGGTCAAGGACTTCAAGGCGCGGGGCGTGCCGATCGACTGCGTCGGCCTGCAGTCGCACTTCGGTAACCCTCCGTCGAACTACCAGCAGAACATCGCCCAGTTCGCCGCGCTCGGCGTCGACGTGCAGATCACCGAGCTCGACGTCGGCGGCTCCGGCTCCACCCAGGCCGACGCCTACCGCCGCGTCACGCAGGCCTGCATGGCGGTCTCCCGCTGCACCGGCATCACCGTGTGGGGCATCACCGACAAGTACTCCTGGCGCAGCGGCGACACCCCGCTGCTGTTCGACGGGAACTACAACAAGAAGCAGGCCTACAACTCGGTCCTGGACGCGCTCAACGCGGCGACCCCCAACACGAGCCCGTCTCCGAGCGCTACGCCCACCCGGAGCCCGAGCGCGAGCCCCAGTGCGAGTCCGTCTGCTTCGCCGACGAGGTCCCCGCTTCCCGGCGGATGCTCGGCGACGATCAAGACGATCAACAGCTGGGGTGGCGGGTTCCAGTCCGAGGTGACCGTGCAGGCGGGCAGTTCGGCGGTCAACGGCTGGACCGTGAAGTGGACCTGGCCGGGCGGCCAGAGCATCAGCAGCCTGTGGAACGGCCGGCAGAGCGTGTCCGGCTCCTCGGTGACCGTCACCAACGAGTCCTACAACGGCTCGATCGCGGCGGGCGGCTCCACGACCTTCGGCTTCACCGCCAACGGCACCGCGGCCACCCCCACCGCCACCTGCACCAGCCCCTGATCCGCACCTCCTGATCGGCGACCCCTGACGCCCCCGGTGCGCGGGACCTCCACCCGCGCACCGGAGGCACGCCGTACGGACTCGCCGTACAGAATCACTGCCAGCCATTTCGGCACATCGCGCACCGGCCCCGGCGTGGCGGCCGCGAACACGATCTCGGCGTCCGGCAGGAACCTGAGCACCTCGTACGGGCCGACGGCGTCCAGCGGGGTGAACCGGTCGAACAGCGGCATGACGATGCGCACAGGGACACCCTCCGACGGACGGACGGCCAGCGTAACCGGACGGCCAGCCTGGCCCGCTCGCCGGTCAGCGACAGGCGGCGTGGCCGGTTGGCCGGGCGGTCATGACGGCATCTGTCCTGTCTCGGGGGAAATGCAGGGGGAGGTCGTGGGGGAGGCCGGAGTGGGATCGAGATCCGCGAGCGACCCGCCGGCCGAGCTGAGCCAGGCCCGTACGGCGGCGTCGTGTTCGCCGAGCGCCGGCGGCGGCTCCGCCGGGCGGACCAGGTCCTCGGAGTAGCTCACGGGGTGGCGCACCTGCGGCGCGCGGTCCGGCCGGGGGCGTACGGCCGGGGCCAGGCCGAGGCGCTCCGCCAGCTCGAACGCCTCGCCGACGTCCGCGACGCAGCCCGCGGGCACCTGCTCGGCGGTCAGCCGTTCCTGCCATTCGGCCGCGTCCGCGGTGGCGAGGAGGCGTTCGAGTGCCGCGACGAGGTCCTCGCGGTTGGCCACTCTGGCGGCGTTCGTCGCGAAGCGGTCGTCGGCGGCCAGTCCGGGCTCGCCGAGTACGCGGGTCAGCCGGGCGAACTGCCCGTCGTTGCCGCAGGCCACGGCGAGCAGGCCGTCCCGGCAGCGCAGGGTCTCGTACGGCGCGATGGAGGGATGGCGGTTGCCCATCCGCCCCGGCGGCACGCCGGTCTCCAGGTAGCCCTGTGCCTGGTTGACCAGCGCGGCGAGCAGGCTGGACAGCAGGTTCACCTCGACGTGGCATCCCCTGCCGGTGGTCGCCCGGGCGGCCAGCGCGGCCAGGACCCCGATGGCGGCGTCCTTGCCGGTCAGCACGTCGACCAGGGCCACGCCGGCCTTCGCCGGCTCCCCGTCGGCCGCGCCGGTGACCGACATGAGCCCGCCCACGGCCTGGACGATGAAGTCGTAGCCCAGCAGCCCGGCGCCGGCGCCCGCGCCGAAGCCGCTGATGGTGCAGTAGACGACCCCCGGGTTCGCGGCCGCCACCTGCGCGTAGCCCAGCCCGCGCCGGTCGAGCGCCCCCGGTCTGAAGTTCTCCACGAGCACGTCGGCGCGCCGGGCCAGCTCGCGGGCGAGCGTCAGGTCGGCCGGATCGTCCAGGTCCAGCGTGACGCTCCGCTTGGTGCGGTTCACGCTCTCGAAGTACGTCGAGGAGGTGGCCGTCAAGGAGGCGGCCGTTGAGGAGGTGGCCGTTGAGGAGGTGGCCGACCACGGCGGTCCCCACGAACGGGTGTCGTCCCCGGTGCCGGGGCGCTCGACCTTGACGACGGTCGCGCCCAGGTCGGCCAGGGTCATCGTGCAGGAGGGGCCGGCCAGCACGCGGCTGAAGTCGGCGACGAGCACGCCGTGGAGCGGACGGGTCACGACGCAAAACATACTAAATCGGATGTACGCGAAGCTTCCGGGCCGTCTTGCGGCCGTGGCCTTGCGTAAGTCATTCGCGAAGTTTCAAGCGTTAGGGTCGTTTTATGCGGGTTACCACCGACGCCGACGTACGACGGGTGTTCGACCGGATCGCGGATCGGTACGACGACCAGATGCGGGTCTGGGAGCGGCGCCTGTTCCCCGGCAGCCGGGAATGGGCCGTCGGGCAGGCGCGGGGCCACGTCGTGGAGATCGCGGTCGGCACCGGGCTGAACCTGCCGCTCTACGACGCCGCGACGACCACCGTGGTCGGGATCGAGTTGTCCGAGCGCATGCTGGACCTGGCGCGGCGGCGGGTGGCCCGGGACGGCCTCGGCGCGCGGGTGGAACTGCGGCAGGGCGACGCGCAGCGCCTCGACCTGCCCGACGGCATCGCCGACACCGTCCTGTCCACGTTCACGATGTGCACGATTCCCGACCCCGCCGCCGCGGCCCGTGAGGCCTACCGGGTGCTCCGGCCGGGCGGGCGGTTCGTGCTGGCCGAGCACGGGCCCGCCGGCAACCCGATCCTCCGGGCCGGGATGCGGCTGGTGGAACCCCTGTTCGTACGGTTCGAAGCCGACTATCTCACCCGCGATCCCCGGCCGTACCTGGAGCGGGCGGGGTTCGAGATCGAGTCGGTGACCCGGGCGGCGCGCGGCGTCAGCTTCCGGGTGCTGGCCGTACGACCCTGAAACGCCTATGGGTTTTAATCATTTGCCTAGTGCCATTAGGAATGACTAGCCTCGCCGCTCATGAGGCCGGTCACCGAGCACGAAGTGCGTACGTCGTTCATCAACTGTTCCAAGGGCGAGGCCAAGCGTCTCGACCTGCCCAGGGACCTCCCGGATCGTCCGTGGGAAGACCTCGACTTCCTCGGCTGGCGGGACCCGGGCGCACCGGAGCGGGCGTACGTGGTGGCGGAACGCGACGGCTCCCTCGTCGGGATCGCGCTCCGGGTGACCTCCGGCGTCTCGCGCGGCTTCACCTCCCGCAGCATGTGCTCACTGTGCCTGACCACCCACACCAGCGGCGGCGTGGCGCTGATGACCGCGCGCCGGACCGGCGAGGCGGGCCGTCAGGGGAACACCGTCGGGCAGTATCTGTGCACCGACCTCGACTGCTCTCTCTACCTGCGCGGCAGGAAGGAGGCTCCCGGGGCCGGGGTCGTCGAGGAGTCGTTGACCGTGGAGGAGAAGGCCGCCCGCACGAGAGCCAACCTCTACTCCTTCCTCGACCGGGTCGCGAACGGCTGACCGCCGGTGGGATCGGAGAGAATCGGCGATATGAACGCGAAGCCTGTCAACCTGACCGAGGCGCTGGCGTCGTTCGACGACGTCTACAGTCCGCGCATCGTGGCGCGGATGAACGACTACGACGTGAGAATCGCCCACACCCTGGGGGAACACGTCTGGCATGTCCATGAGGACACCGACGAGTTCTTTCTCGTCCTCGACGGCCGGTTCGACATCGCCATACGCGATGCCGCCGGTGTCGAAACGACGGTGGTGCTCCACAAGGGCGACACATTCGTCGTCCCC
NZ_CP109552.1_gap79	2974884	2979254	4370	AACCGGCGGTGCGGGCGCAGGTGAACATCGAGGTGAACATGTGCGACGGCACCTCGGCGAAGTCGAGGACGACCGCGGCCCAGTACTCCACGTTCGTGGCGAGCACCCGGTCGGGCTTGCGGGCGTGCAACTCCTCCAGCGCGGCGGTCTCCAGCGCGGCGGCGACCTCGTAGCGCGGCGCGCCCAGTTCCTTCGCCGTACGGCGGAGCACGCGGGCACGCGGGTCCTCGGCACGGTAGACCCGGTGGCCGAAGCCCATCAGGCGGTTGCCCTTGTCCAGCTCGCTCTGGACGTACTTGCGGGCGTCGCCCATCTGCTCGACGCCCTCGATCATGTGCAGCACCCGCGCCGGCGCGCCGCCGTGCAGCGGGCCGGACATCGCGCCGACCGCCCCCGACAGGGCGGCGGCGACGTCGGCGCCGGTGGAGGCGATCACGCGGGCGGTGAACGTCGAGGCGTTCATGCCGTGCTCCGCGGCGGATGTCCAGTACGCGTCGATGGCCTTCACGTGCTTCGGATCGGGCTCACCGCGCCAGCGGACCATGAAACGTTCGACGATGCTCTCGGCCTCGTCCACGCGCTGCTGCGGGACCATCGGCAGCCCCAGGCCGCGGGCCGACTGCGCGACGAACGACAGGGCCGTGACCGAGGCGCGTGCGAGATCGTCGCGGGCCTGGTCGTCGTCGATGTCGAGCAGCGGGCGGAAGCCGTACGCGGGCGCCAGCATGGCCAGCGCGCTCTGTACGTCTACTCGGATGTCGCCGGAATGGACGGGAACGGGGTACGGCTCCGCCGGGGGCAGCCCCGGCTGGAACCTGTCGTCGACGAGCAGGCCCCAGACGTTCCCGAAGGAGACGTTGCCCACGAGTTCTTCGATGTCGACGCCCCGGTATCGCAGGGCGCCCCCTTCTTTGTCCGGTTCCGCGATCTCGGTCTCGAACGCCACCACGCCTTCGAGCCCGGGTTTGAAGTCGGACATTCTCGGCCGCCTCCCTCTCTTGTGAAGTCCAGAGCCTTGATGTCGAGATACCGGCGGGTCAATTTAACCCGCAGTGTGACACTGTCGTGTCGCCGCCCCTCCCCCACGCCGTTCCCCCTGTTGGGGGCCACCGGGTGAGAAGTGCGCCGGGCGCGCGACAATACCTTTCCGTGGACAGCGCTTCGCACCTGCCCGGGCTCCGGCACAGCTACGAGGGTGAGCCCCTGCTCGAATCCGGCATGGCCGACGACCCGGTGACGCAGTTCGCGCTCTGGTTCGCCGACGCCGTCGCCGCGGGACTGCCCGAACCTAACGCCGTGGTCGTCGCCACCAGCTCCGCCGGCGGCCGCCCCTCCGCCCGCACCGTCCTCCTCAAGGGGTTCGACGAACGCGGGTTCGTCTTCTTCACCAACTACGAGTCTCGCAAGGGCCGCGACCTCGCCGAGAACCCGCGGGCCTGTCTGCTGTTCCCCTGGCATCCCATCCGGCGGCAGGTCCGCGTGGAGGGCTCGGTCACCCGGATCTCGCGCGAGGACAGCGCGGCCTACTTCCACTCCCGGCCGTACGGTTCGCGCATCGGCGCGTGGGCCTCCCGCCAGAGTGCCGTGGTGGAGTCGCGCGAGCGGCTCGACGCCCGCTACCGGGAACTGGCCGAGCGCTGGCCCGAGGACCCGCCGATGCCGGACTTCTGGGGCGGCTTCCGGGTGGCGCCCGCGGAGGTCGAGTTCTGGCAGGGCCGGACCGACCGCATGCACGACCGGCTCCGCTACCGGCTGGCGCGCGGCTCCTGGGTCATGGAGCGCCTGGCCCCATGACCCCGCGGCCGCCGACCGACCTCGGCAGGAAGGAATCGCTGGGCTCCGATGTTTCCCATCCTGGGTCGCTTCCCCAATAGGGTCGGCTGCGAACGCGGGGGAGGTCGTAGCATCGTTGTAGTAGTGGAGGAGCCTTGACCGCACACGGCCTGATCGACACGACGGAGATGTATCTCCGTACGATCTTCGAACTCGAAGAGGAAGGCATCGTGCCGCTCCGTGCCCGGATCGCCGAACGCCTGCAGCAGAGCGGCCCGACGGTGAGCCAGACGGTGGCGCGGATGGAACGCGACGGCCTGGTCAAGGTGCAGGGGGACAGACACCTCAGCATGACCGACCTGGGCCGCACGCTCGCGATCCGGGTGATGCGCAAGCACCGGCTGGCGGAGTGCCTGCTGACCCAGGTGATCGGCATGCCCTGGGAGGAGGTCCACATCGAGGCGTGCCGCTGGGAGCACGTGATGTCGGAGTCGGTGGAGACCCGGCTTGTCGGCCTGCTGCAGAACCCCCGGTTCTGCCCGCACGGCAACCCGATCCCCGGTCTCGACGAGCTGGGGGTGCCCCAGCCCGGTTCGGCCGGAGATGAGATGGTGTCTCCCATGGTGACCCTCGCGGGTCCGACCGCCGTGTCCGTCGTCGTGCGGCGAATCAGCGAACAAGTGCAAAGCGATCCGGCTGTGATGCTTAAACTCAAGCAAGTTGGGATACAACCCGGACGCGAGGTCACGCTCGCGGCGAGCGACAACGGTGTACGGGTGACAGGTGATGGTGAGGTGGGCAGCGCGACCGCGGAGCTTCCGCGCGATGTGGCCTCTCACGTTTTCGTCACCAGACGATGACGGAAAGAGTTGTGCCTGGTTGAATCCCGTAGGGAGTCCCTTCATTTCTCGCGACCCAGCCTTCGCAGGAGCGCCAGTGCCCGGCATAGCGAACCCGCCTCGTCAAGGGAAGGTCGTGGCATGAGGCGCTGGGGAGACTTGTCACAGGACGCGGACGACCGACTCACCGCCGGTTCCGTCCTGGACCACGCGGAGATGGCCGTGGTCGTGACCGACCGGTTCAGCAACGTCCTCTACTGGAACCCCTTCGCCGAGCGGTTGTTCGGCCGGGTGGGGGCCAATCCGGGCCGGGAGTCGCTGCGTACGCTCGGCATCTCCGACCACGACCACCCGCTCGCGGCCGACCTCGCCAAGCAGGTGCTGCGGGGCGGCGTGTGGGAGGGCACCTTCGACGTGGTCCGCGGCGACGGCACGCTGATCTACGTACGGGCCCAGGCGGTGCCGCTGCGGCATCCGTCCGGCTCGATCACCGGCATCGTGATCACCGCACGCGAGGCGATGCGCAGCAACGAGCGCGAGAAGGACCGCTTCGGCCTGCTGGAGCGGATCGGCGAACGGCTGGCCGGCTCCCTCTACGTCGAGGAGACGCTCAACCGGGTCGCGGAGTCGCTCGTCCCGCAGTTCGCCGACCACTGCTTCATCGAACTGGCCGAGGGCGACCGCCTGGTCCGCAAGGTCTCCACCCACGTGAACGGCTGGACGCCGCCACCGGGCTCCTGGCCGCCGGTGGGCGCGGAGATGGCCTACCCCCTCGGGCACTACGCCGACACCGCGCTGCGCCGCCAAGAAACGATCATGGTCGAGGACTTCTCCCAGGTCAGCTATCCGGCGCCGAGTGAGGGCGAGGCTCGCCTGTGGGGCGAGATCGGGGTGACCTCCGCCATCGTCGCCCCCCTGTGCGTGCGCGGCGAGACGCTCGGGCTGATGTACCTGATCCTGTCCAACCTCACGAACCGGCACTCGCCCCACTACGACACCTTCGACCGCGACTTCGTCGGCGCCATCGCCACCCGCGTCGCGCTCGCCGTCGACAACGCGCTGCTGTTCGAGGAGGAACGGCACACCGCCGAGTCGTTCCAGAAGCACCTGCTCCCGCGTGTGCTGCCGTCGTTCGACGGGCTGGAGATCGCCCACCGCTACTTCCCCGCCGCCCCGCTCGCCACCCACGGCCAGGGCATCCAGACCCAGGTGGGCGGCGACTGGTACGACGTGATCCCGCTGTCGGCGGGCCGGGTCGGCATCGTGATCGGCGACGTCGAGGGCCGGGGGGCCAAGGCCGCGGCGGTCATGGGCCAGCTCAGGGCCGCGTTGCGGGCCTTCGCCCAGGACGACAAGCCGCCCGCCGACATCCTCGCCCGGCTGGACGAGTGGACCCGCGTGGTCGCGTCGCCGGAGCACGACGACTTCGGCGCCGACATCACCAACCCGCCGATCGTCACCTGCCAGTACATGGTGTACGACGCCTGGTCGAGGCAGCTGTGGTTCGCCAACGCCGGGCACGCGCCGCCGCTGCTGCTCGTGGACGGCGTGGTCAGGGACCTGGAGATCACCGAGGTCGGCCAGCCGCTCGGGGTGCGGGCCAAGGGCATGCACGCCGACCTGGTCTACAAGGAGGAGACCAGGATCCTGCCGGCCGGCGCGACCCTGCTGCTCTACACCGACGGCCTGGTCGACCGCAGGCCGCCGCGCGACGCGGCCGCGGGTGTGTACGACGACGACGAGACGATGACGGTGCTC
NZ_CP109552.1_gap80	2984557	2987389	2832	GAGCACACGATCTCCATCAAGAGCGCCGAGGACAAGCGGACGCTGCTGGACGCCTTCCGTGTGATCACCGGTGAGCTGCCCGGCCCGCCGCCGCAGTACCGCGCCACATGCACGCTCATCAGTGCTCCGGTCGCCGTGCAGGTGACGATCGCCGGCGGTGACACGCCGGGCAGTCCGTCCCCCAACGGTTCTCCGTCGGTTTCGCCCGACACCTCGCCGTCGGGATCGCCGAGTGGCACGCCGGACGGCAACAGCCCGCCGCCGGACGGGAACTCGCCGTCTCCGTCGGTGTCGCCGAGCACGACGCCGAGTCCGACTCCGCCGGTGGCGGCGACGCAGAGCTATCTGACCAGTGTGGTCGTCAAGGGCAGCCCGTCGCCGACGGCGACGCGCACCGTGACGCTGACCGCGACGCCGACGGTGGCCCAGGTGGCGGTCACCCCGCAGGGCGGCGCGCAGACCGGTGAGGCTCCGGAGCGGATGGCCGCCTCGGGTCCGCTCCTGCTCGGCTCGGGCGGCGCGCTACTGACGATCGGCGTGCTCAGCGGTGTGGCACTGCTGCGGCGCAGGGCGGCGCACGCGGGCGAGCGGGCCTGAGGAGGATGACGATGAACCCGACTCCCGAGGGCGGCACCCCCGCCAAGGACACACAAAACGGCGAAGCCGTCCAGAAGGCGACGAGCGGCGAAGCCGTCCAGGACGTGCAGAGCGGCGAGGCCGCGCAGAGTTCGCAGAGTGTGCCGAACGCGCAGGGCGCGCCGAGCGCGCCGAGCGGCCAGGGGGATACGGCGGGGAAGCGGAAGGGCCTGCCGCAGCCGGTTCTCGCGACGCTGCTCGTGGCCGGGTCGTTCGGCGGCATCGCCGCCGTGATGGCGGGCATGCTCGCCGTGCTGTCGCCCGGTGACTCCCAGGACACCGCTCAGGTGCCGGGCGTTCAGTTGAACGTGCAGGACGTCGGCAGCGAGGCGTACCTGCCTCCGACCGTCGGCCCGGGCGGGCCGGGCGTGCCGCTCACGGCGGCGAACCCGACCGCGCCGCCGCCGCTGCCCGCCATCCAGCCGATCGGCCCGCTGGCCCTCACCACCACCACGGCCTCGTCGTCCTCCTCGCCGGTGTCCTCGTCCTCGAACACGGCGTCTACGAACAAGGCGAAGACCAGCACGGCGGCGAAGGCCACCGGCAGACCGCTGAAGCTCAGCATTCCGTCGATCGGCGTGAAGGCCCGCGTCGGCTCCGTGGGGGTGCAGAAGTCCGGCGTCATCCAGGCGCCGCCGCTGAGCAGGCCGAGCCTCACCGGCTGGTACCGCTTCGGGCCCGCCCCCGGCGACCAGGGACCGGCGATCATCCTCGGGCACGTCAACACCCGTAAGGGCGCCGCCGTGTTCAGCCGCCTTCGCGAGCTCAAGCGCGGCAACAAGATCGCCGTACTGCGCGCGGACGGCAAGACGGCGATCTTCACGGTGGACGGGATCGAGCAGGTCAGCAAGTCGGCGTTCCCGACCAAGCGGGTCTACGGCAACACGATCACGTCGTCGCTGCGGCTGATCACCTGCGGCGGCGTCTTCAACGCCAAGGAGCACAGCTACACCGACAACATCGTCGTCTACGCGACGCTGACGGCGACCAAGGGCAAGTGATCCCCGCTCGCCCGTGAGGGGCGCCGTCGCGCCCCTCACCCCGGCGGGTGGTCAGCCCAGTCCGATCACCTCCTCGCCCTCCCGCGCCTCGCGCTCGGGCGGGTCGTACGGCTCGCGGCGTCCCGCCGCACGAGCGGCCCGGACCGCGCGCTGCACCAGCAGCGTTCCGGCCACCGCCGCGAGCGCCACCACGATCAGCGCGTACGGCTGCCGCCAGGGCGAGGAGTCGTCGGCGCTCGCGGCCGTGACTCCGTCCAGCCGCTTCGCCTGTGCGGGCTGCGGGGACGGCGGCGCGAGTCCTGCCTGCCCGGCTGTCTGCCCGGCCCCCTGCCCTGCCCTCTGCTCGGACGGGGCGCCCGGCGGGGTGGCGAACCGCGCTCGGGCGGGGATCACGGTCGCCGCCTTCCAGGGAAACCCCGGCGGCTTCACCTGGCCCCAGTAGTCCGTGATCTCCGATCCGGCCTGCATCGCGTACTGCGGCGGGGCCGGCTTCAGCGTTCCCGGCACGGTGAGCGTCCCGACCTCGTACGGCGCGAACTTGCCCTGCACGCCCTGCACCCGCCACCGCCCGGCGGGCACCGTGATCGTCGTCGCGTAGTGGGCGGGATCCGGCAACGGCGTCCCACCGAAACTCAGGGTCGTGCCGTCCTCTCCCGTCAGCAGCAGGCCGGTCGGCCCGAGCGCGCCGTAGTCGTCGTACGGATGCGTGCCGTGTTGCAGCACCCAGTAGCCGACCGTGTAGGACACATCGGGCCGCAGCGTCGCGGGGAGCGGGTCGAGTTCGGTGACGGCCCAGAACCCCGCCCGGGCGTGTGCGGGCGGCGCCGTCACCAGGACCGCCGCCAGTGCGGCGAGGGCCAGGATCAGTCGTCTCATCTCAGTCACCTCCGTCCTCCTTACCGCCGGAAGTCCATGAGGGTTCCCTGAGAATTTCCTGACTTCTCGGTGCATGTGGTTATGGCGATGGTCAGCTCCTGGGAGACTGAGGCCAACCTGTACGTGACTGAGGTGGCGGGAGAGACGTCGTGGCCGACCCCAGCGCCCGGCAGCGAACTGCCCGGCGACGAATCGCGGCGCGGGTGGCGGCGGGAGCGACGGCGGCGTTCGCACTGATGACGTGGCCGGTGCTCGCCGCGAGCGAGACCAAGACCGTCGTCTACTCCTGCACCGCGCTGGGTGGCGGCCAGGGGACCTA
NZ_CP109552.1_gap81	2989904	2992262	2358	CCGCAAGATCGGGGTGAATGCGCCGATCACCTCGGTCGGTCTCGACCGCGCCGGCGCGATCCAGACCCCGCCGATCAACAACCACAACCTCGTCGGCTGGTACCGGGGCGGCCCGACGGTGGGAGAGGCCGGTCCGGCCGTCATGCTCGGCCACAAGGACACCGTCTCGCGCAGCGCCGTCTTCAGCCGCCTGCACGAGCTCGCGTACGGCGACACGATCGAGGTCACCCGCATGGACGGGACGATCGCGGTCTTCACCGTGGGCGGCATCGAGCAGGCCGACAAGCAGACGTTCCCCACCAGCCGGGTGTACGGCCAGGCCGCGGACGCCGAGCTCAGGCTGATCACCTGCGGCGGCTCCTACAACCACACGACCGGTCACTACACCGACAACGTCATCGTCTACGCCCTGATGACCGGCACCCGCCTGGCGAAACCGAAGTCCTGAACCGGGCGGCCCGCCGGAAAGGGTCGTGGAGAACGCCCCTGTAGGACTATCGTCTCTTCGACCGATCATCGAAGCCTCCGAGGAGACCTCCGTCTTCAGGCGGGGGAGGAATCGGACTCCCTGCGGAGCAGGGCAGGGGTAGGGGTTTCGCCGGAAGGCGAACCGCTGTGCGAATTTACGCGATCGGCGACTGATCGGGTGGCATGATGTGTTGCGTGGCGCAGATGGTGAAGCGGGCCTACAAGTACCGCTTCTATCCCACCCCCGAGCAGGCGTCCGAGCTTGCCCGGACGTTCGGGTGTGTGCGCCTGGTCTACAACAAGGCCCTGGAAGAACGCACCCGCGCCTACACCCGGGAAGGCGTCCGCGTCTCCTACGCCGAGTCCTCGGCCGCGCTCACCACATGGAAGCGCACCGAAGAGCTGGCGTTCCTGGCTGAGGTGTCGTCCGTGCCGTTGCAGCAGGCGTTGCGGCACCTGCAGGCGGCGTTCGCGAACTTTTTCGCCAAGCGGGCCAGGTACCCGACCTTCAAGTCGCGGAAGAAGTCGCGGGCGTCGGCCGAGTACACCCGCTCGGCGTTCCGCTGGCGGGAGGGGCGGCTCACGCTGGCGAAGATGGACGCGCCGCTGGACATCGTGTGGTCGCGTCCGCTCCCGCAGGGGGCGGAGCCGTCCACGGTGACGGTGAGCAGGGACGCGGCGGGGCGGTGGTTCGTGTCCCTCCTGGTGGAGCAGACCATCGACCCGCTCGACCCGGTGGGCAACACGGTTGGCGTGGATGCGGGGATCACCGCCCTGGTCACCCTCTCGACCGGTGAGAAGATCACCAACCCCCGGCATGAGCGGGCCGACCGGCGTGCGCTGGCCAGGGCTCAGCGTGCCCTCGCCCGCAAAACCGCAGGCAGCGGCAACCGGGCCAGGGCCAGGGTGAGGGTCGCCCGCCTGCACGCGCGGATCGCCGACCGGCGCCGGGACTTCCTGCACAAGCTGACCACCTCGCTCGTCCGTGAGAATCAAACGGTCGTGATCGAGGACCTGACCGTCCGTGCCATGGTCAAGAACCACTCGCTGGCCCGCGCCATCTCCGACGCCTCCTGGCGGGAGCTGCGGTCGATGCTGGAGTACAAAGCGCAGTGGTACGGGCGAGAACTCGTGGTGATCGACCGGTGGTTCCCCAGCTCGAAGCTGTGCTCGGCCTGCGGGGCACTGCGGAAGTCGATGCCGTTGCACGTCCGGGAGTGGGAGTGTGCTTGTGGCGCGGTCCATGACCGGGACGTCAACGCCGCCAGGAACGTTCTCGCCGCCGGGCTGGCGGAGAGGTGAAACGCCTGCGGAGCTGGTGTAAGACCTCAACGGAGTCCTCCGAGCGGGCAACCGGCGGCGAAACAGGAAGACCAACCTGTGAGGGTTGGAATCTCCTCCCTTAAGGGAGGAGAGGATGTCAAGAGGAGGGCCTTGTGGGCTGGTTGTCGAATCTTCTGCTCCCCGGCCGGCTGCGTACGGGCCCCACGGCGCTGCTGCCGGCCCGGCCGGACCCGAAGACACTGCTGGCGATAGCGCAGCTCGCCGATCCCGAGGCGAGGCCGGCCGGGGACGACGTCGTCGCGGGCGGCTCGCGCGTCCAGCCGCCGATCGAGCTCGGCCCGGACCTCCTGGCCAAGCTCGGCGTCCCCGGCGAGGAACCGCTCTGGGCGTGCCGGATCGCCGCCGACGGGCCGCTGCCGGTGGACTTCTTCGACAAGAGCCTGGCCGAGGGCATCGCGTACCGGCTGGGCGGCTGGTCGGTGTGCCAGGGCGATCCGGTCGACCCCGCCGAGGAGGCGGGTGGCGATCCGGTAATCTACCTGCCGGCCGTACCGGAACCCGAGGAGGTCCTGCCCATCCTGGCGGGGCTGCTCCACACGGACGCCG
NZ_CP109552.1_gap82	2994245	2995542	1297	CGAAGGAGGTGGCATGAGCGTCGCTTATGATGACCGTGAGCACTCCTATCACCACGGACCGTATACGATTGCCGATCTCGATCGGATGCCCAGGGATGCTCGGTACGAGCTCGTCAACGGATGGATCGTCATGTCCCCCTGGCCCAGCATTCGTCACGATCACGCGGTCCGGAACCTGCGGAGGCAGTTGGAAGGCGCGATCACACGGTCTGGTGCCGATCTGTACGTGAACGGTCCTGTCGACGTGTTCACGTCCACCGGGATCCGGGTGCCCGATGTCGCGGTCGTCGACGGTGGGGCGGCCCGGCGGGCGGTCGAACGGGACGAGCGGGCCTACCAGGGAGTGGACCTTCTTCTGGTGATCGAGGTCGTCTCGCGGGAGAGCGGCAGCGAGCGCACCGACAGGTACGAGAAGCCTGGTGAGTACGCCAAGGCGGGGATCGGTCAGTACTGGGTGGTGGACCTGCTGCCCAAGCCCAACATCACGGTCTGGGCGTTGGTCCCCGGTCATGGCGCCTATCGGCGGGTCGAGCGGGTCTTCGCCGGGGATCTGCTGGAGATCCGCACACCGGTGGAGCTCACCATCGATCCCGCGGTGCTCGTCTCGGTCTGAGGGAGCCCGCCGACCGGCGAAAAGAGGGGCACTCCGGGCCGGCCGGAGTGCCCCTTCGATGTGGGTGAACGGCCTACTTGGCCTTCGGCAGCCGCCGGGGCTGCCGTACGGGCCGCATGGGCGGCGCCGGGATCTGACGCGGTGGGGGCGGGAAGGAACGCCGGGGCTGCGGGGCGGGCGGGTTCTGCTTGCCGCCGTCGCCGCTTCTGCCGGAAATGCGAGTACGCATAAGGGATCTCCTGGTACGTCGAGACGCGGCACCGAGGTGCCGTCACTCAGCCGCCGCGTCGGATGGACAGGGCCGGAAAGCTGAGCGGATCAGCGTGGGCTGATCAGCGGTCGCCGTAGAGAATCCACATGCCGGTGACACTAACAAGGCGCCACAACCGGGCACAAAGGCTTTTTCGCGCGCCTGGACATCCAACTAAGCGACCGTCGGAGTACAAGCGGAGTCCAAGTCGGCTCCCAGATCATCCCAAGTCGCCTCGTGTCTACTCGTAACTGTCAGAGAGACACACGCACCAGGAGTGATACCAGTGAAGTCCATCAAGCGCGCCGCCGCCGTCCTCGCCACCACCGCCGTGGCCGTCACCACCTTCGGCGTCCTGTCCGCCCCGGCGCAGGCGATGCAGCCGGAGGGCTGGTACCGCTGCTACATCTCGGGTTACGGCTGGATGTACTGCT
NZ_CP109552.1_gap83	2999120	3000117	997	ACCTCCTCCAGCAGGCGCCTCTTGGTGAGCACCAGCCCGGCGTTGGACATCAGGAACGCCAGCAGGCGGAACTCGGTGGGTGACAGGTCCACCGGCACGCCGCCGCGGCGCACCTCCCACCGCGCCTCGTCGAGCTCGAGGTCGGCCACCCGGAGGGTCGGCCCCTGGCCCCGCTCGGCCGCGGCGGGCACGGTCGTACGGCGCAGCACCGCACGGATCCGGGCGACCAGCGCCTCGACGGAGAAGGGCTTGGTCACGTAGTCGTCCCCGCCGAGGCCCAGCCCGCGCACGGTGTCGGCGACCGCGTCGCGGGCGGTGAGGAAGATCACCGGGGGATGGACGCCGTCCGCGCGGATCCGCCGGCACACCTCGAAGCCGTCGATGTCGGGCAGCATGACGTCGAGGACGACCAGGTCGGGCTGATCCCTGCCGACCTCGTCGATCGCCGCCGCCCCGGTGCCGACGGCCGTCACTGTGAAACCGTGGAACCGCAGGGCGACTTCCACGATGTCTCTGATGTTCGGCTCGTCCTCCACGACGAGGATTCTGGTTTCACTCATCGGGGACCCATTGTGCAGGTCTACGTCCTTGGTCGCATTTCGCCGGTCGATTCCGGGACGCGAGCGACCCGCCTCGGGGCGTGTGGGCCTTACCTCGGGACGCGGGCGACGCAGAACACGGTCTGGCCGAACGGCGGGGTGACGAACCGCTCGATGAACCGGGTCACCGGCACCACGGTCCGGTCGTAGATCTTGACGAGCCGGGGGTCGGGGTAGCCCACGCCGCCGCGCCGCACGGCCGCCCACCAGGCGATGCCGCCGAGGAAGTTGATCGGCTTGAGCACCTCGACGCCGAGACCGGCGTCGGTGACCGTCTTGCGGAGCGTGGCCGGGGTGTAGCGGGTGACGTGTCCCACCTTGCGGTCGAAGTCCCCGTAAAGCTGCATGTAGCCCGGCACCCAGATGATGATCCGGCCGCCGGGGGCGGTCACCCTGGC
NZ_CP109552.1_gap84	3019790	3020987	1197	GACCTTGAGGGCGACGAGATGCTCTACCGCGAGATGCGCGACCGGTTCGGCCGCTACTTCCGCGGCGGCATGGGCGCCCAGGCCATCCAGGAGCGGCTGGGCGGCTTCGACCTGGAGGCCGAGGCGGAGAACCTGCGGGAGACCATCCGCAGCGGCAAGGGCCAGAAGAAGGCCCGCGCCCTCAAGCGCCTCAAGGTCGTCGCGGCGTTCCTCAACACCCGCAACTCGCCGAGTGGCATGGTCCTCGACTGCATCCCGGTGATCCCGCCGGACCTGCGGCCGATGGTCCAGCTCGACGGCGGCCGCTTCGCCACCTCGGACCTGAACGACCTGTACCGCCGGGTCATCAACCGGAACAACCGGCTCAAGCGTCTGCTCGACCTCGGCGCGCCCGAGATCATCGTGAACAACGAGAAGCGGATGCTCCAGGAGGCCGTCGACGCCCTGTTCGACAACGGCCGCCGCGGCCGTCCGGTCACCGGCCCGGGCAACCGCCCGCTGAAGTCCCTCAGCGACATGCTGAAGGGCAAGCAGGGCCGTTTCCGGCAGAACCTGCTCGGCAAGCGCGTCGACTACTCCGGCCGTTCGGTCATCGTCGTCGGCCCGCAGCTCAGGCTGCACCAGTGCGGCCTGCCCAAGCAGATGGCGCTGGAGCTGTTCAAGCCGTTCGTGATGAAGCGCCTGGTCGATCTCAACCACGCGCAGAACATCAAGTCCGCCAAGCGGATGGTCGAGCGGTCCAAGCCGGTCGTGTGGGACGTGCTGGAAGAGGTCATCACCGAGCACCCGGTGCTGCTCAACCGCGCGCCCACGCTGCACCGCCTGGGCATCCAGGCCTTCGAGCCGCAGCTGGTCGAGGGCAAGGCCATCCAGATCCACCCGCTCGTCTGCACCGCGTTCAACGCGGACTTCGACGGCGACCAGATGGCGGTGCACCTGCCGCTGTCGGCCGAGGCCCAGGCCGAGGCGCGGATCCTGATGCTGTCCACCAACAACATCCTCAAGCCGGCGGACGGCAAGCCGGTGACGATGCCCACCCAGGACATGGTCATCGGTCTGTACTGGCTGACCACCGAGAAGGAGGGCGGCCAGGGCGAGGGCCGGGTGTTCACCACCGTGTCGGAGGCCCTCATGGCCCACGACCGGCACGAGCTGGACATCCAGGCCAAGATCCAGGTGCGGCTCAAGGACGTCCCG
NZ_CP109552.1_gap85	3028442	3030338	1896	TCCCGCCGGTGTCGACATCTCGATCAAGCTCTAAGGAACGCACTGACATGGCTAAGCAGATCAAGGGCGTCCTGGGCAAGAAGCTCGGCATGACCCAGGTCTTCGACGAGACGAACCGGGTGATCCCGGTCACCGTCGTCGAGGCCGGTCCGTGCGTGGTGACCCGGGTCCGCACTCCGGAGAAGGACGGCTACTCCGCCGTCCAGCTCGGCTACGGGCAGATCGACCCTCGCAAGGTCAACAAGCCCCTGGGCGACTACCTCCGCAAGCACGACATCACGCCGCGCCGTTACTTCGCCGAGGTCCGCACCGACGACGCCTCCGAGTACACCCTCGGCCAGGAGATCCTCGCCGACGCCTTCGAGGCCGGGCAGTACATCGACGTCACCGGCAAGAGCAAGGGCAAGGGTTTCGCCGGTGTCATGAAGCGCCACAACTTCCGTGGTCTCGGCGCCTCGCACGGTACGCAGCGCAAGCACCGCTCCCCGGGCTCCATCGGCGGGTGCGCCACCCCGGGCCGCGTCTTCAAGGGCCTGCGCATGGCCGGCCGGATGGGCAACGTCCGCACGACGGTTCAGAGCCTCAAGGTGCACGCCGTGGACGCAGAGAAGGGCCTCATCCTGATCAAGGGTGCGATCCCCGGCGCCAACGGCAGCCTGGTTCTTCTTCGCACCGCCGCCAAGAAGGGGGTTGCTGCCAAGTGACCACGACCATCGACGTCCTCGACGCCAGCGGCGCCAAGGCGGGGACCGTCGACCTCCCCGAGGAGGTCTTCGGCGCCAAGGTCAACGTCCCGCTGATCCACCAGGTGGTCGTCGCCCAGCTGGCCGCGCGCCGGCAGGGCACCCACGCCACCAAGACCCGCGGCAACGTCTCCGGCGGCGGCAAGAAGCCGTACCGGCAGAAGGGCACCGGCCGCGCCCGCCAGGGCTCGACCCGCGCTCCGCAGTTCGCCGGCGGTGGCGTCGTCCACGGCCCGCAGCCGCGCTCGTACGAGCAGCGGACGCCCAAGAAGATGAAGGCGGCGGCCCTGAAGGGCGCGCTGTCCGACCGCGCCGGCGGCGGCCGCGTCCACGTGGTGAGCGGTCTGGTCACGGGCGACACGCCCGGGACCCGCGCCACCCTGGAGGCGCTGCGGAAGATTACGCAGGCCCGCAGCGTCCTCGTCGTGGTCGACGAGAACGACGAGCTCACCTGGCTCAGCCTGCGCAACGCCCCCGAGGTCCACCTGCTGGACGCGGGGCAGCTCAACACCTACGACGTGCTCTGCCACGACGACGTGGTCTTCACCCGTGAGGCCTACGACCAGGTCGTGGCGCGGCTGGCGAACAGCGGGAAGGAAGAGGCCTGATGCAGAAGATCGCCGACCCGCGTGACATCATCCTCAAGCCGGTCGTCTCCGAGAAGAGCTACGGCCTGATCGATGAGCACAACAAGTACACGTTCCTGGTGCGCAAGGGTGCCAACAAGACGCAGGTGAAGATCGCCGTCGAGCAGATCTTCGGCGTCAGGGTGACCGGCGTGAACACGATCAACCGCCAGGGCAAGCGCAAGCGGACCAAGCATGGCTACGGCCAGCGCCCGACCACCAAGCGGGCGATCGTGAGCCTGGCCGAGGGTGAGCGGATCGACATCTTCGGTCAGATCGGCTAGCACCTGCCGCAGCGGGGAGAGGGGCCCCTCGCCACCGTGCGAGGGACCGGCCCCCGAGAAAGAGAGCACCGGGGGGACCGCCGTGAGGCGGACCCCGACCGGTACGAACCGACGAAGGATGAACGAAAAAGATGGGCATCCGTAAGTACAAGCCGACGACTCCGGGTCGGCGCGGCGCGAGCGTCTCGGACTTCGCCGAGATCACGCGCAGCACGCCGGAGAAGTCGCTGCTTGCCCCACTGC
NZ_CP109552.1_gap86	3038273	3039200	927	CGCAACAAGTTGCTCTTCACCTTGGGCATCATCGCGCTGTTCCGGCTGGGCTCGGTGCTTCCCACTCCGGGCGTCAACGCCCAGAACGTCGCCCTGTGTCTCGACCAGGCCCAGGCAGGGGACGCCGGCAACATCTACGGGATGGTGCAGCTGTTCAGCGGCGGAGCCCTGCTGAAACTTTCAGTCTTCGCTCTGGGCATCATGCCCTACATCACCGCCAGCATCATCCTGCAACTGCTGACCGTGGTCATTCCGCGGCTCGAGGCCCTGAAGAAGGAGGGCCAGGCGGGCACCGCGAAGATCACACAGTACACGCGGTACCTGACCATCGGGCTCGCGGTGCTGCAGTCGACCGCGTTCATCGCGCTGGCCCGCAGCGGGCAGCTCTTCCCGAGCTGCAAGGAGCAGGTCCTGCTGAGCCAGGAGATCTTCCCGCTCGTGACCATGGTCATCACGATGACCGCCGGCACCGCGGTGATCATGTGGCTGGGCGAGCTCGTGACCGACCGGGGCGTCGGCAACGGCATGTCGATCCTGATCTTCACTCAGGTCATCGCCGTCTTCCCGTCCGAGCTGATCAACATCTACCGGCTCAGCCCGTTCAAGTTCGTCGTGGTGATGGTCGTCGGCATCGTGATGATCGGCGTCGTCGTCTTCATCGAGCAGGCGCAGCGCCGCATCCCGGTGCAGTACGCCAAGCGGATGGTCGGCCGCAGGATGTACGGCGGCACCTCGACCTACATCCCGCTCAAGGTGAACCAGGCCGGCATCATCCCGGTCATCTTCGCCTCGTCGTTGCTGTACCTCCCGCAGCTCCTGGTGACGCTGTTCGGCAACAGCAGCCAGCCGAACGCCGTGATCGAGTGGCTGGCCCAGAACATGGTGCGGGGCGACCACCCGATCTACATGGCCGTGTTCTTCCTGCTG
NZ_CP109552.1_gap87	3145536	3148843	3307	CGTCCTGCTTCACGGTAGAGATACCGACGCGGAACCGATATCACTCATGACCGGTCGCCAGCTCGTCTGTCAGCGCTCCGTAGTCGATCTTCCCGGTGCCGGTCATCGGGAGCCGGTCGACGCCGACGACGTGGATGAAACGTGTCGGTACGCGGATGAGCTCGCCCACGTGCTGGGACAGCTCACGCCCCGATGTCGTCGCGTCACCTGCCGCCCGCACCAGCACCAGCCGCCCCGACAGCTCCAGGGCAGCCACCCGGCCATGTGTCACCAGGAGTATTTCCAGCTCGTCGAGGTTCACGCGCCGACCGCCCAGCTTCGCGATGCGGCGCTTACGGCCGACGATCGAGTAGAAACCCTCGTCGTCGACGTCGGCGAGGTCACCTGTCCCGAGCCGGCCGCGGTTGACATCGCCGGAGGCGAGATCCGCGCGCCCTCGCGCGTACCCCAGCATGATATTGGGTCCCTCGTAGAGCAGTTCCCCGTCGTCGGCGAGTGACAGGTGGCCGCGGGGAACCGGTACGCCGACACGGTCCGGCTTGTCCAGCAGCCGGTCGGGCGGCACATACGCGATCCGCGCGGTGGCCTCGGTCTGTCCGTACATCACGACGAGCCGTCCGCCCTGTTCGGTCATGTGGCGTCCGAAGCGGAGCACCGTGTCAGGCTCCATGCGGCCGCCGGCCTGGGTCAGGGTCCGTAGGTCCGGCAGGCCGGCCTCCTCGAAGCCCAGCCGGGTGAGGATCGCGTAGGTGTAGGGCACACCGGCCAGGGACGTGCACGCGTTGTCCCTCATGGCCTCCCAGAACTGTGGCCGTACGATGCTGGCGCCGGGGAACACCACCGACGCCCCCGCGAGCAGGTGGGAGTTGAGGACCGAAAGCCCATAGGAGTAATGCAGTGGAAGGGCCTGCACAGCCCGCTCGTCGCCGTCGATTTCGAGGATCTGGGTGATCTGGGCGGCATTGGCATCGACGTTGTGCCGGCTGAGCCTCACGTACTTGGGACTGCCGGTGCTTCCTGACGTGCCGAGAAGGACCGCCAGCTCGTCGTCCACGGGGGGCCCGTCCGGACTGCGCAGCCGTTCGCAGCCGTCGCCGTCCAGCAGGAACTCGACCTGGTAGAGATCCAGTAGACGATCGATCGCGCTCCTGTCGGCGGCGCCGTCGAGCATCATGACCGCGTGGCCGGCCGCCATCGCGCCGAGATAGGCGATGGCCGACCGCGCGTCCGCATGACACAGGCAGGCCACGAGGGACTTACGCCGGCTGGGGATGGCCGCGCTCTTCCGGAGGACATCGGCCGCGAGCTCGGCATAGGTCCAGCTCCGGCCGGCGCGCCTGTCCACCAGGGCCGTGCCGGACGGTGGCCGGTCCAACCATTGCAGAAGCGCCGGTCTCATGGGCCGGCGTGATCCTTCGACTTCAGGACGGCGGCGGCGGTGGCGTAACTGTCGATCTCCAGCACGTCCTCCTCGCCGAGCGATACCCCGAAGGTTTGCTCAAGAGTGATGACGAGCGACATGTGGCCCAGGGAATCCCAGTGTCGATGTCGCCCGAAGGCCAACGTGGTCACGTCGGTATCCGGAGGCAGATCCAGCCCCACCTTGAAGGCCTCGGACAGCATCTGCTCGAAACCGAGCCCGTCCTGCATGGGATTCAGCGACGACATTCCGGATCTCCATAGTCCTGAAGTCGAGATGCGTGGTGTCCTGAGCCGCCCGATTCGATGGATGGGTCCGTACGGCATGCACTGTGGGACGCATCCGAAACGATCGCTGGTCCTGTCCGTGCGAAGTGTGGGATGCCAGCAGGTTCCTGGGCATTAGCCAGGTACATACTGGTTCCTCCCCCTCCGGGCGGGTGGCGGAACATCGGTCGATCGGCCCCGGTGGCAGAAGCCGAGGGAAGACCTGTCGGGGGAGAGCCGTTGGCCGGAGACGCGGCGGGGGAGCAACCCCGAACACTTTGGAAGAACCGGAACTTCAGCGTTCTTCTCAGCGTGCAGACCCTGTCCGTCATGGGGGACTCTTTCTCCATTCTGGCGATGCCGCTGCTCGTTTTCCACGCGACAGGCTCCGTCGTCCAGATGGGCCTGCTGACCGGCTCGGCGGGGGCGGCGTCGATCCTCTCGGGGATCTTCGCCGGGGTGCTGGCCGACCGGGTCGACCGACGGGCCCTGCTGATCGCGTGTGACGTCGTCCGGGCGCTCGTCTACGGGCTTGTCCCGCTCGTCTGGATCTTCTCCCCGCAGGTCTGGCTCCTCTACGTCGTCGTGCCGATCGGTGCCGCCCTGGGGATGGTCTTCCAGGTCACATACGTCGCCGTCGTGCCCGGCCTCGTCGCCGACGGCCAGATCATGAAGGCCAACAGCCGTCTCTACGGGACGCACTCCATGGCGAGCGTCGCGGGACCCGTACTCGCCGGTCTCCTCTCGGCGGCGTACGGCCCGTCCACCGCGATCGCGGCGGACGCGGCAAGTTTCGCCGTGTCGGCCGTCGGCCTGTGTTTCGTACGGCCCCGGCCGCGGAGCGCCACCGCGGACGCGCCGGCGGCGCGGGCGGGATGGAAGGACGTCCTGGTGGGCGCGCGGTTTCTCTGGGGGCATCCGGCGCTGCGGGCGCTGACGATCCTCCTGTCGTTCCTGACGTTCCTCACCCTCGGCCTGACCGATCTGATCATCTTCCACCTGAAGCATGATCTCGGGCAGCCCGACAGCGCGGCCGGATATGTGCTGGCATCCGCCGCGGTCGGGTCGGTGGTCGCCGCCGCCTTCGCGGGGCTCGCACGCAGGTCCCTCGGATTCGGCGCCTGCTGGATCGGCTCGTACGCACTGTGCGGTGCCGCCATCTCGTTCATCGGTCTGTCCGCGAATGTCGCCACGGTGGCGGTGCTGGCGACCGTCTTCCTCTTCTGCAGGGGCATCGCCGGGATCTGCTCCATGTCCCTGAGGCAGGAGGTGAGCCCCGATCGCCTGCTGGGACGTGTGACCGCGGCGTTCTGGACCATCCACGCGGCCCTCGGTCCGATCGGCGCGGCCCTGCTGACCTGGGGGGCCGCCCGTTACGGTGTCGCGGTCGTCTGCATGACGGCCGGGATCTCCTGTCTGACGATCGCCCTGTGCGCGACTCTGACCCCCATCCGCCACCCCCGCCCCGAGCTCCTGCCCGCCGAGGCCGGGAAGTAGGCCGGACCCGGAAGTTCACTGACGTTCGTCTCTGTGCGTGAGCAGCTCACAGGTGGGTGCGGCGCAATGCGCGGCATCTCGCACTCCGTTGCTTGTACGTCGCGGGGACGGGCGAACAGCGTGA
NZ_CP109552.1_gap88	3203442	3206990	3548	AGCTCGCCGGCGGTGGTCCGCCGCCCGGCCTGCTCGTCGGTCAGGTCGCGGGTGGTGAAGCGCAGGAAGTGCCGACTCTTGGCCAGCGCCGCCAGCAGGTCGGCGCGCTCGCCGGTGGCGACGGGCGCGTCGGTGAGGTCAGGGGTGGTCGGCTCGCCGGGGTCCGTGGTCTCGCTCATGGTCTCCGCCTTCACTGTCATGTCTCGCTGGTCACGAACCACGCTAGGCCGCACAGCGGTCACTTTCTGACCTTAATTCCAGGAGAATCGCGATATGGCGAACACCAGCGACCGGACGCTGCGGCTGCTGTCCCTGCTGCAGAACCACCGGCACTGGCCGGGCGCCGAACTGGCCGAGCGGCTGGGAGTCTCGGCCCGCACCCTGCGCCGGGACATCGACCGGCTGCGGGAGCTTGGCTATCCGGTCGAGGCGCAGCGCGGCGTGGACGGCGGCTACCAGCTCGCCCCAGGCGCGGCACTGCCGCCTCTGGTCATCGACGACGACGAGGCGGTGGCCCTGGCCCTGGGACTGCAGGCCGCCGCCCAGGGGGCGGTGGAAGGCATCGCCGAGGCCTCGGTGCGGGCGCTGGCCAAGGTGGTGCAGGTGATGCCGGCCCGGCTGCGGCGCCGGATCGACGCGCTGCGCGCGATGACCGTACGCGCCGGCTGGGACGGCGCGGCCAGGGCGAGTGTCGACCCGGGCGTGCTCACCACGGTCGCGCTGGCCTGCCGGGACAGCGAACAGCTCCGCTTCTCCTACACCGCCTCCGGCGGCCGGCGCACTGACCGGCACGTCGAACCTCATCGGCTGGTCTGTCTCGGCCGCCACTGGTACCTGCTCGCCTACGACCTCGTCCGGCACGACTGGCGCAGCTTCCGGATCGACCGGCTCACCGCGCCTCACGACACAGGTTCCCGTTTCCGGCCCCGGGAGCTCCCCGCCGCGGACGTCGCCGAGTTCGTGCGGACCGGCCGGGACAGCCTGCCCCGGCCGTACCGGGTGGAGGTCCTGGTCGACGCCCCGGCCGCGACCGTGCGCGAACGGATCGGCAGGTGGAGCATGATCGAGGAGGTCGACGACGAGCACTGCCGGGTGCGCATGACGGCCGACTCCCTGGACTGGCCGGCGATGACGCTGGGCGTGGCCGGCGCCGATTTCCGGGTCATCGAACCACCCGAACTGCTCGACCGAATCCATGAGTGGGGAGCCAGGTTCATCCGGTCCGAAAAAGCTCTTCCCTCGTCTTAGCCCATTCGCCCATGAATCGCTTTTGTCACCATCGAGTGGCGGTGCCGTACCAGCGGGTTGGGAACGCTCCACCGGCCGCCGGGGGGTGGACGGCTTCCACCTCCTGACGGCCGGTGTGCGCGTGGCTCAGGAGGCCCGGCGGCTCACGGGGGCGCGTTGCGGCTCCGGCTCGGCGGGGCCGCCCGCTCGCTGCGGCGGCACGACCGGCGTGGGCCGTACGAGGCCGAGGGCGACGACCTCGTTGGCCAGCCTGGTCCGCCGGTTGGTGCCCTCCGGGATGCGGAACTTCTGGTAGAGCCGCAGCAGGTGCTGCTTGACCGCCGCCTCGGTCACCACCAGGTCGTCGGCGATCTCGCGGGCCGTGGCCGGCGCCACGAACGCCTCGTCCGACAGGGCGGGGCGGCACAGCGAGGTCAGCACGTCGACCTCGCGGCGGGTCAGTTCCGGCGCGGCGGCCCGGCGCAGTTCGACCTCGGGAGCGAGGTCCTCACGCGGGATCCCGCCGACCCGGGCCCGGGCGGCGCCGAAGGAGACGACGTCGCCGTCGTCCAGCACCCTCCGGGCGATCGGCCTGCCGTTCACCCGTGTGCCGTTGCGGGACAGCCCCAGGTCAACGACGTACAGGTAGGGCCCGCGACGGACGAATTCGGCGTGCAACCGTGACACGCTCGGATCCGCCAGCCGGATGTCCGCGCCCCGGCCGCGACCGATCGTGGTGACGTCGGGGCGCAGCGGTACCACCTCGCCGCTGTCCTCGATCCGTATGAACGGCCCCTCCACGGCAGTTCCTCCCCAGGTAGCCCGCCGTTACTTTCTCTATAGATGCGGCTTACCCACCCGTGGCGAGGGGGAATCGCCTTTGCCATAAGCAGAATCCTCCGTGAAATCGATCTGGGGCTCTGAGGGGCTTCTTCCCTGCTCACGGGTAGACTTCGGGCGGAGATAAGCGGAGGAAATACTATGAAGCAGACTTCCTCGGACGGGGGGGACTTGGGGGGTGGAACCCCCCGAGAGGCGGCAGACAAGCCCACCAAAGGACTCGCCGACGTCGTCGCCGCGTCCACAGCGCTGAGCGACATCGACGGCAAGGCGGGCCTGCTCTTCTACCGTGGCTACGACATCCACGACCTGGCCGGCCGCACCACCTTCGAAGAGACCGCCCACCTGCTCCAGCGCGGGTCGCTGCCGTCCCGGGCGCAGCTCGCCGACTACGGCGCGGAGCTGGTGCGGGGCCGCACTCTGGGCGCGCTCGTCGAGCGCGACATCCCCGAGATCGCCGAGAGGCAGTCGCCCATGGAGGCGCTGCGCACGCTGGTCTCCCTGGCCGGCGGGGACGATCCGGACAAGGATTCCAACGCCCCTGAAGCCAATCAGCGCAAGGCCGCTCGGCTGACGGCCCAGCAGCCGATCCTGGTCGCCCGCTACCACGCGGCGCGGACCGGGGCGACGCTGCCCGAGACCGATCCCGAGCTGAGCATCGCCGGGAACTTCCTGCTCCAGATCACCGGCCGGCGCCCCGGGCGGCGCGCCGCCGAGATCTTCGACACCTGTCTCGTGTTGCACGCCGATCACACCATGAACGCCTCGACGTTCGCCGCCCGGGTGTGCGCCGCGACGCTGTCCGACATGCACTCGGCCGTCGTCGCCGCCATCGGCACGCTCAAGGGGCCCCTGCACGGAGGCGCGAACGAGCAGGTCATGCGTACGCTGGAAGCGCTGGACCCGCGCGGCGTCGCCCAGGCCGTACGGGACAGACTGGCGGCGGGCGAGAAGATCATGGGATTCGGGCACCGCGTCTACAAGACGGAGGACCCCCGGGCGACGCACCTTCGGCGGATGTCGGAGGAGCTGGCCGAGGCCTCCGGCGACGACACCTTCTACCGGATGTCCCGGGAGATGGAGGAGGTCGTCTTCGCGGAGAAGCGCCTGTATCCGAACGTGGACTTCTACGCGGCGACCGTCTACCACTACCTGGGCATCCCGACGGATCTGTTCACTCCTGTGTTCTCGGTCAGCCGGATGTCGGGGTGGACCGCCCACGTGATCGAGCAGCACGCCGACAACCGGCTGATCCGGCCCGACAGCGAGTACATCGGCGAGCGCGACCGGAAATGGGTGCCCATCGGTGAGCGGTGACATCGAGGACCGCGGCGGCAGGCATGGGAGATACGTGAGAGCGGGCGAGAGCACGGCCTGGGGGCCGTACCTGCTGGTGGCGGCGGGTGTGGCCGCCGGCCTGGGCGTGATCGGGCTGGGGGCGCCGGTGTCCACCGGCGGAGCGGTGATGGGCGGCGCCTTCC
NZ_CP109552.1_gap89	3229026	3229835	809	GCGGCGGCGGGCGGCTGGTGGCCTTCACCTGCGTGGACGGCCACGGCGAGCTGCTGATGCCGTGCGGGCGCTGCCGCCAGCTGCTGTTCGAGCACGGCGGCGCCGATCTGCTGGTGGAGACGCCAGACGGCCCGATGCGGATGGCGGACTTCCTGCCGTTCGCCTTCGGGCCCGACGACCTTTCGCGATAAAGGGGGAGATGTGGGGTTCGACGCGATCGAGGTCATCGTCGCCAAGCGGGACCGCGGCGAGCTGTCGGCCGCCCAGATCGACTGGGTGATCGACGCGTACACGCGGGGCGAGGCGGCCGACGAGCAGATGTCGGCGCTGCTGATGGCGATCCTGCTGAACGGCATGAACCGCCGGGAGATCGCGGACTGGACCCAGGCCATGATCAGGTCGGGGGAGCGGATGGACTGGTCCGCCCTCGACCGGCCCACGGCCGACAAGCACTCCACCGGCGGGGTCGGGGACAAGATCACGCTGCCGCTGGCGCCGCTGGTCGCCGCGTGCGGGGCGTACGTGCCGCAGCTGTCCGGGCGCGGCCTCGGGCACACCGGCGGCACGTTGGACAAACTGGAGTCGATCCCCGGCTGGCGGGCGTCGCTGTCGAACGACGAGATGCTCGCCGTGATCCGCTCGGCCGGGGCGGTCGTCTGCGCGGCGGGCGCGGGCCTCGCGCCGGCCGACAAGAAGCTCTACGCGCTGCGCGACGTCACCGGCACGGTCGAGTCGATCCCGCTGATCGCCTCGTCGATCATGTCCAAGAAGATCGCCGAGGGCACGGGGTCGCTCGTACTCGACGTGAA
NZ_CP109552.1_gap90	3236413	3237195	782	GGTGCGGCGCCGACCGGCTGGGCCACGGGGTGCGGATCATCGACGACATCACGGTGCCGGCGGACGGCGAGGCCAAGCTCGGCAGGCTCGCGGCCTACGTCCGCGACAAGCGCATCCCGCTGGAGATGTGCCCGACCTCCAACCTCCAGACCGGGGCCGCTCCGTCGATCGCCGAGCACCCGATCGGTCTGCTGCGCCGCCTGTACTTCCGCGTGACGGTCAACACCGACAACCGGCTGATGAGCGGCACCAGCGTGTCGCGGGAGTTCGCGAAGCTGGTGGACGCCTTCGGCTACGGCTGGGACGACCTGCAGTGGTTCACCGTCAACGCGATGAAGTCGGCGTTCATCCCGTTCGACGAGCGGCTCGCGCTGATCAACGGCGTGATCAAGCCCGCCTTCGCGCAGATGCGGCAGCAGGCGTGAAGCCGCAGGTCTTCCGGTCGAGGCTGGCCTGGATCTTCGGATGGGGCTGGCTGGTGTTCGCCGCCTGGAACGCCTGGGACCTGGTCGCCCACGGCCGGCTGCCCATCGCGCTGATCGCGGGGGCGGTGCTCGGTGTCATCACCGCTCTGGTCTTCGTGATGGCGCTGCGGCCCGCCATCCTCGCCGGGGAGGGCGGGGTCCGCGTCCGCAATCCGCTGAGAAACGCCTACGTCCCCTGGAACGCCGTCGACGACCTGACGGTGACCAGCGCCATCGTGATCGAGTCGGGCGGGATCTCCGTACGCTGCTGGACGCCGCAGGCCACGGCGCGGGAGCGGGCCAGGGCCGCCGGGCAGG
NZ_CP109552.1_gap91	3238740	3241572	2832	GCTGACCGACGACCAGGCGGCGACGGCCGAGCGGATTTTGCTGGAGTTGGCGAACTCGGCGGGTGCGGCGGAGGTGGCGAAGGCGGGGCGGTATCTGCGGGCGGTGCTGGATCCCGACGGGCATGAGAAGGATGAGCAGGCGGATTTCGATCGCCGGTTCTTCCGGGTGCGCCGGCGGAGGGGCGGCGGTGTGGAGGGGGAGTTCTACCTGCCGGTGGAGGCGGCCGCGCGGTTGCAGCACATGCTCGATGTGTACGCCAAGCCGAAGGCCGAAGGTGATGACCGGCCGTTGAGTGTGCGGAACGCGGATGCGTTGATCGCGTTCTTGGAGAACAAGATCGCGACTGAGCTTCTGGTGCTGGTCAACGCCGAGTCCCTTCCCGACGATCCCCCAGGCGCCGGCCCCGGGGACGACCCCACCACGGACGACCCCACCACAGACGTCGACCTCGCAGGGGTCGGCACCACAGCCGACCAGCCGTCCGGCACGGTCCCCTCAGGCGACAGTGATCGCCCCAACAACCCGGACACCGCCGCGAGCGATCCCGGCAGCGAGCACTTCGCCAGCGACACGCCCGTCACTCATGGCGAGCACTTGGACACTTTCCACTCCCCGGCCGCTCCCGGCGGCGAACCCCGCGCCGAAGATGGGCCGGTGGGTGAGAGCGCGCACCGCGAGAGCGACACGGCGAAATGTGATGGTGAGCGGTTCGGGAACGATGCGCCGATGGGCGGCGATGAGCACCGGGCCACCGGCTTCGCCGGCGACAATCCCGCCACGGAGGCTCCCGCTTCTGACGGAGAGTGCGCCGCTCCCAGCAGCCCTGCCGCCACCGCTGCCGGGTCCGACGATCCCTACGTGCCCGACATGGCAAGACCCCCAGCGCAGGGAGGCGACACCCGGCCGGGAGATACGCCCTGGCCGGGAGGTGAGGCCTGGGCGGGGGCGGGAGCCGACGCTCCGCCGGGTGTGGACCACGGCGGCGGTGCCCGGCCGAGCGGGAGCGCCTGGCCGGGAGGCGACGCTTGGCCTGGCGATGGCGCCTGGCTGGGAGGTGACGCCTGGCCGGGGGCGGGAGCCGATGCTCCGCCGGGGAGTAGTCCGCCGGGAGCGGGCGGCAATGTGCCGCCGGGGGTGTGGTTGCGGGGGTTGCCGGGGCTGATCCTGGCGACCGGGCAGCTGCTGCCCGTTGTCAGCGTGCATCGGCTGGCCCGCACCAGCAGCCTGGTGAGGATCGTCATGGACGCCGCCGGGCAGGTCCTGGACATGGGCCGCAAGGTCAGGTTGGCCACACCCGCGCAGCGGCGGGCGGTCTTCGCCCGGTACGCCACCTGCTGGGTCGACGGCTGCCCCCTACCCGCCACCATGTGCCAGATCGATCATTGCGACGACTGGAGCAGCGGAGGGCTGACCGACCTCAAGCTGCTCGGACCGGCCTGCCAGTTCCACAACCGCGACCGCTACCGCCACCCCACCCGCTACACCCGCCACACGATAGGAGACGACCGCTGGGCCTTCACCTACCGCAACCCCCGCACCACCCGATCCCGTGTATAGAGGTGGGCGGGCTCATAACTCGGCTCATAGCTCAGAGGGCGAGGGCGGTGGCGAGGTCCTGCTTCAGGGACTCCAGGTCCGCCGCGGCCCGCGCCCTGGCCGCCGTGACATCGTCGTCCCCGACCGGAACGACGACCTCCAGATAGCACTTGAGCTTGGGCTCGGTGCCGCTGGGCCGCACGATGACCCGGGCGTCGCCGGAGAGGCGATAACGCAGGCCGTCGGTCGGCGGCAGCCCGGCCGCCCCCTGCGACAGGTCCTCGGCCGACTCCACCATCCGGCCCGCCAGCCGCGCCGGCGGGTTGGCCCGCAGGCGCTCCATCGCCTTCGCGATCAGTGACAGGTCCTCGACCCGGACCGACAACTGGGTGGTCGCGTGCAGGCCGTACCGGCGGGCCTGGTCGTCGAGCAGGTCGAGCAGCGACCGGCCCTCCCGCCTGGCCGCGGCGGCCATCGCGGCGATGGTGAGGGCGGCCCCGACACCGTCCTTGTCGTGAACCGGCAGGCCCGCGTCCGAGCCGACGCTGTATCCCAGCGCCTCCTCGTATCCGAAGACGAGCCCCGGCCCCGACTTCATGATCCACTTGAAGCCGGTCAGCGTCTCGGCGTGGCGCACCCCGTGGGCGGCGGCGATCTTCGCGAGCAGCGACGACGAGACGATCGACGTGGCGACCAGCCGGTCGCCGCCCGAGGTGTGCCGCAGCACGTGCTCGGCGAGCAGCCCGCCCACCTCGTCGCCGGTCAGCATGCGGTAGCCGCCGCCGGGCAGCGGCGTGCCGACCGCGCATCGGTCGGCGTCCGGGTCGTTGGCCAGCACGAGGTCGGCGCGGGTGGCGGCGGCGAGTTCGAGCGCGAGGTCCATCGCGCCCGGCTCCTCCGGGTTCGGGAACGTGACAGTCGGAAAGTTCGGGTCGGGCATGGCCTGCCGCCCGACCATGACCGGCACCTCGAAGCCTGCCGCGCGGAACGCCTCGGACACGGTCGCGCCGCCCACGCCGTGCAGCGGCGTGTACGCGACCGAGATCGCGCGGGCGTCGCCCAGCGGCAGCGCTGTCAGCGCCCGCAGGTACGGCGTGACGATGTCGTCGTGGCCGAGGGTCGTCCAGTCGTCGCCCAGCGGGAGGGCGTCCACCGGGCCGACCGCGTCGATGGCGGCCGAGATCTCCTCGTCGATCGGCGGGACAATCTGCGCGCCGTCGCCCCAGTAGACCTTGTAGCCGTTGTCCTGGGGAGGGTTGTGCGAGGCGGTGACCATGACGCCCGCGTCCGCGCCG
NZ_CP109552.1_gap92	3244414	3248068	3654	CCTGATGCTCGCCTCGGTCGCCGCCATGCAGGGCAGGATCGCGGTCTGGCACGCGCTCGGCGAGGCCGTGCAGCCGATCCGCCTGGCCACCGTCGCCGCCAACATCTTCACCGACCCCGAGATCGCCGCGGTGGGGATCTCGCAGCGGCAGATCGAGTCAGGCGAGATCGAGGCGAACGTCGTCAAGCTGCCCCTCGCCACCAACGCCCGGGCCAAGATGCAGGGCTTCAACGACGGTTTCGTCAAGTTGTTCTGCCGGCCCAACACCGGCATCGTGCTCGGCGGCGTCGTGGTCGCCCCGCGCGCCTCGGAGCTGATCCTCGCCGTGTCGGTGGCCGTGCAGCACCGCCTGACCGTGGACCAGCTCGCCCACACGTTCGCCGTCTACCCGTCGCTGTCGGGCTCGATCACCGAGGCGGCCCGCCGCCTCATGTCGCCCCTCACGGCCGGCATCTGACCGGCCCGGCGGTCCGGCCGCCTCAGCGGCTTCCGCCCGTGTTCGGCAGCCGGGACCGCACCTGCCGCAGGGCCTCCCGTCCCCGCGCCACCGTCACGGCCGCCGCTCGCAGTTCGTACGGCGTGCGGGCGACGCCGAGCGCCTGCTTGGCCGCCTCGTAGGCGTCGAGCGCCGCCCGCCACTCCTGCGACGGGCCGCTGATCTGGTTGATCTTCATCTCGAAGTCGAGGGCGTCGATCTCCTCGCCGAAGCGGGTCACGTCCTCCTCGGCGGCGTGCCTGGCCGCCGCCGTCTCCGCCGCGAGGCGCTGCCCGCGGCGGTGCGCGACGCCCCACATGACCAGGGTCAGGACGAGCCCCAGGCCGCTCACGACGACCAGGATCAGCGCCGGTGACGGGCCCCGCGTGCCGCCCGCCTGTACGGTGAGATTGTCGCCGGTGTCACCGCGTACGACGTCCTCCACACCTACCTGGGCGTCCCCCTCTCCGTCCGCGCCGTCGGTCCGTCCGGGCGCGATGGCATCGCCCGGCAGGTTCACGGGCGTGCCGTGGGCGCCGGTGAGGTTCACGTCGCTCGCCTGGATGAAGGACGCCTTGCCGACGTCGGCGCCCCGGAAGTCGGCGCCGTCCAGCTCGGCCTGGGTGAACTCCGCCTCCGACAGGTCCGCGTTCCTGAGCACGGCGTGCTCCAGATGGGCCTGGCCGAGCTTGGCCTCGCCGAGTTTGGCCCGGGTGAGGTCGGCCTTGCGGGCCTTGATCTGGCCGAGTGTGGCGTGCCTGAGGTCCGCGCCCACGAGCGTGGCGTCGGTCAGGTCGGCCTGCGTGAGCACGGCCCGGGTGAGGACGGCGCCCGTGAGGTCGGCGTGCGGGAACTCGGCCTGGACGGCGTCCGCGTCGGTGAGGATCGCTCCGCGCAGGTCCGCCTTCCTGGCCCGCAGCTGCCCGAGGTCCGCGTCCGAGAGGTCGGCCCCGCGCAGGTCGGCGTAGTCGAGGTGCGCCTGGCCGAGGTCGGCCTCCTTCAACGACGCCTTGCGGAGGACGGCTCCGGTCAGATCCCTGGCGGTGAGATCCACCCCGTCGAGCTTCGCGCCGGTGAGGTCGGCGCACCGCAGGACGGCGGGGAGGGTGCCGCCCTGGGTGAGGTCCCTGCCCCGGAGCTTGACGCCGCTCCCCGGCGCGCACGGAGCCCCCGCCGCCCCCGCCGCCCCCGCCGCGTACGGAACGAGTGCGGCGGCCGCCGGGGAGGAGAGGACCGCCGCCGGCAGGAAGGCGAGCGACAGGGCCTGGAAGGCGAGCGACAGGGCCTGGAAGGCGACGAAGCGGGGGGCGAAACGGCGCAAGGGGGGCCTCCTGGGGGAACGCCCCGAGTCTCCCACGCGATCTTTACGTTCGCTTGCACGTCGCCGGCGTCGTCTCCCGGAGCGATCACGGCCGCTCCGGCTCGGGCGAGGCGCTGGTCCATATCGAGAGAATCGGCGCGATATCGCCTTTGTCGCACTCGCCTTATATCGCATAATATGTCGCGCCGGGTCATTCTAATGGGCGTCCGCTCGGCGGCCGCGCAACGCCGCGGCAAATCATCGCCTTCCTGAGGGTGGCCGCCGTACGCGGCGTCCGAGGGAAGTGTCCCGATCTTTCCTGAGGTGATCCAAGGCTGTCCCGGGGGCTTTTATCGGCCTATCGAAAGGGGATCAATCCGGCCGTACGAAGGTGCGGGTCATCGGGGGTAACAATCATGCGTGAAAGCGACCGGGCGGGCGGCGAGGCGAGCGAGCTGACGCGCCGCCGGTTCATCCAGTTCTCCGGCCTGGCGGGGACCGGCCTGCTCGCCGGCGCGGGGCTTCTTTCCGGTGCCGGGCGCGCCCTGGCCGCGCCTCCGCCGAGCCTGGCCAAGGGGCCCGACCCCAAGGAGTGCGGCAAGACCACCGACTCGGACTCTCTCTGGCAGCGCAGCCAGAAGTGCCACAGTAACAACACCTGCCTGCAGAACCATGCCGACTACGTCGTGATGGGCGGCACCAACAGCAAGAAGGGATACGTCAACTACATTCTCGTCCCCACCGAGCGAATCAACGGTATCGAGTGTTCCTGGATCTGCGGCAACAGTGCGCCGAACTATTGGAGTGCCGCCGACTACTACGCCACCCAGTCTCCCACCGTGGTTCCCACTCCGGTGGGGCTGGGAATCAACTCGAAGGCGATCAGGAATTTCGACCAGCTGCACATCCATATGGCACGGGCGCGCTGGGAGTCCCTGAGCGACCTCGTCGCGCAGGACAACCTGGCCGCCTGGCACGTGCCGCACTGGGCGGACTCGCGCGTGTCGGTCCGGGGCCTCAGCGAGCAGCTCGGGATCATCCCGCACACCTACCGGGTGCTCATCTGGCCCGGATTCAACCACGACAATCTCTTCGCCATGCTCAGGAGCATGCTGGTCGCCTCTCTGGGGCACGGAGGGACGACCGCCAAGGCGCAGCCGCTCATGCAGCTCCAGACGCTGATCGTGATCCCCCGGCCCGCCGGGGGCTACTACATCGTCAACAGCGAGAAGGGCCTGGTCGACCCGAACAACCCCCACCTGACGGGGACCGACACCTGCGACCCGTTGCTGCTCATGCACCCCTGACCCGCCACCGCTCGCCTCCCGGATGTCGCCGACGACGAAGGGGGCGGACCGAGGTGGTCCGCCCCCTTCTCAGGTCGTATCCGATGCCGTATCCGATGCCGGGTCAGGCGTTACCAGTCGCCGCCGCCGCCGAAGTCCCCTCCGCCGAAGTCGCTGCCGCCGCCCCAGTCGCCACCGCCGCCGAAGTCGCCGCCGCCGCCACCGCCGCCGCCCCAGTCGCCGCCGCCCCAGTCGTTGCCGCCGCCGGACTCGACGCCCGCGGCGTATCCCGAGTCGTAGCCGGCGCCGTAGCCGCCGTGGCCCCAGCCGCCGAACGCGTTGCCGAGCATGGTGCCCACCAGCATGCCGGTCAGCAGGTCGCCGCCGCCGAAGCCGCCGTAGTAGCCGTAGGCGTAGGGCTGGTAGGCGGGGCCGGCGTCCCAGTAGGGCCTGCGCTGACCGTTCACCACGACCTCGCGCATCTGCGGGTCGAAGCCGCGCTCCACCGCCTCGGCGTCGGCCGCGCAGGCGGGGACGTCGCGCACCGCGCCGCCGGGGGGCGCCCAGCGGACGTTGCGCACCGACGGGCCGTG
NZ_CP109552.1_gap93	3320766	3323613	2847	GATCACCGGCTGCCTGCGGCAGCACCGGCTGCCCGTCACACCGGGCGACGTCGGCCTGACGCACGAGCAGTTCACCGAGGCCGTCCTGCTGGCCCCCAGCACGCGGCCCGGCCGCTACACCATCCTTGAGCACCTCCGGCTGTCGGAGCCCGAGGTCCGCGCGAGAGTTGAGGACTATGTCCGCGCCGTCGGTAGCTGAGCTTCGCGCGGTCGCCCAGCCGCAGACCACCATGGACCGCCGCAGCGGCGAGCACTGGGCAGGCCTGCTGTACATGCGGCGGCTGTCCGTCTACGCCACCTGGCTGCTGGCCAAGACGCCCGTCACCCCCAACCAGGTCACCGGCCTGATGATCCTGTGCGGGGTGGCGGCGGGCGCCGTCCTCGCCCTGCCCGGGCTCTGGGCGGCGCTGGCCGCGGCCCTGCTGATCCAGGTCTACCTGCTGCTCGACTGCTCGGACGGCGAGCTGGCCCGCTGGACCGGCCGCACCTCGATCACCGGGGTCTACCTCGACCGGGTCGGGCACTACTTCGCCGAGGCGGCGCTGCTGATCGGCCTGGGCTTCCGGGCGTCGGAGACGCTGCCCGACTGGTACACGGTCATGGGCGTGGCGGCGGCGCTGGGCGCGATCCTGATCAAGGCGGAGACCGACCTGGTCGACGTGGCCCGCGCGCGGTCCGGCCTGGTCGCGACCACCGAGGCGGCGGCGCAGCAGTTCGCCTCGCCGCGGCTCGCGCTGGCCCGCCGGGCGGCGGCGGCGCTGCGGTTCCACCGGGTGATCCAGGCCGTCGAGCTGTCGCTGATCGTCGTGGCCGCGGCAGTGCTGGACAACTGGTTCTCCGCCACCCGGATCCTCATGGTCGCCTGCGTCGTCATCGCCGTGGTCCAGCTCGTGCTGCACCTGGTCAGCATCCTCGCCTCCCGGCGGCTGTCGTGACGGGGGCGGCGCGGCGTGCCGATCGCTCGTACATCCGCGGTTGGGTGGGGGTTTGGTGGCAGTTCCGATACCCTTGTGCCACGGTAAACCAGGCAGCTCCCGGATCGCCCGGCCATACAGACTCGGTGAACATGAAGTCGTGTGCAGTGCGCCCCGCGTCGAGGCGATGACGCGGTGAAGATCTCCTGTGTCATCCTCACCATGGGCAACAGGATCGCCGAGCTCGACCGGGCGGTGGAGTCCGCGCTCACGCAGACCGACGGCGACATCGAGGTGGTCGTCGTCGGGAACGGCGCGGACGTCCCGGAGCTGACCGCCGCGCCGCCGCCGGGCACCGCGGCGACGATCAAGACCGTCCGGCTGGAGCACAACGCGGGCATTCCCGAGGGGCGCAACCGGGGCGTGCAGGAGTGCTCCGGCGACATCGTCCTGTTCCTCGACGACGACGGCTGGTACGCCAACGCCAAGGTGGCCGCGCACATCCGCGAGCGGTTCACGCACGAGCCCGACCTCGCGGTGATCTCCTTCCGGGTGATGGACCCCGAGGGCGGCCTGGTGCAGCGGCGCCACGTTCCCCGCCTGCGGGCCGGAGACCCCGAGCGCTCCTCTCCGGTGACGACCTTCCTGGGCGGCGCCTGCGCCATCCGCAAGTCGGCGTTCCTCCAGGTCGGCGGGTTGCCCGAGCGGTTCTTCTACGCCCACGAGGAGACCGACCTCGCCTGGCGGCTACTTGGCGAGGGCTACCGCATCGAGTACGACGCCGAGACGGTGATGTACCACCCGCTGGTGCTGCCGAGCCGGCACACGCACTTCTACCGCCTGAACGCCCGCAACCGGGTGTGGCTGGCCCGCCGCAACCTGCCGTGGCCGCTCGCCGCGCTCTACCTGCTCAACTGGATGGTGCTCACGCTCGTGCGGGAGCGGTCGCTGCCCGCCGTCAGGGCGTGGTTCGGCGGGTTCGTGGAAGGGGTGCGTGAGCCGGCGGGCGAGCGCCGCCCGATGGCCTGGCGCACCGCCTGGCGCATGCTCCGCCTCGGCCGCCCTCCCATCGTCTGACGCCGCGCTCACGACCACTCCGTACGGGCGGCCTGGTGATCGTGCGCACCGTCGGCCCACCGGCCAGGACGGGACATATGGCCACCGGAACCACATGCAGCCGCGAACTATAGGATTTCGGGCGATTGTTGTCGTCTGAACTCCTGGGGTGTGGGATTGCCGGCTCATCGCGAACGACTCCGCGTCCTCGTCGAAACGCCGGCCTTCCAACGGGTGGTCATCGCGGTCATCGCGCTGAACGCGGTGACGCTCGGGCTGGAGACGTCGCCCGAACTGGCCGACCGCCACGCCACGGCCTTCCTCGTGGTCGACCGGGTCATCATCGCGATCTTCGTCGTCGAGCTCCTCGCCCGGATCTCCGCGCACGGGAAGGCCTTCTTCCGCGACCCCTGGAACTGGTTCGACCTGATCATCGTGGGCGCCGCGCTCGTGCCGGCCTCGGAGTCGCTGTCGATCCTGCGGCTCTTCCGGTTCCTGCGCGTCCTGCGGCTGATCTCCGTGGTGCCGGGCATGCGGCGGGTCGTCTCCGCGCTGTTCACCGCGATTCCGGGTCTGGCCTCGGCGCTGGTCCTCCTGCTGCTGTCGCTCTACATGGCGGCCGTGATCGGCGAACAGCTCTTCCGCGAGGCGGCCCCGAAGTACTTCGGAGATCTCGGGACGTCGCTGTTCACCATGTTCACGGTGCTCACGGTCGAGAACTGGCCACAGATCGCCGAGGACGTGATGGTCAAGGAGCCGATGGCCTGGATCTTCTTCGCCACCTTCATCGTGATCACGGCGTTCTTCGTCCTCAACCTCCTCATCGGCGTGATCGTCTCCGCGATGGAGGCGGAGGTCAACGCCGCGCGGTGGGAGG
NZ_CP109552.1_gap94	3343551	3344601	1050	CGTCCCGTTCCGGGCGAGGCCGTACGCCAGGAAGGCGAGGGCGGCGAGGGCGAGCAGCACGCGCGGCAGCGGGCCGGAGCGCAGGCGGTTCGGCAGGCCGTTCAGCAGGCGGTTCGGCAGGCCCTTTGGCAGGCGCGGCACGGGCACAGGGTACGGCCTGACGCTACCTGCCGGTAGGTCCGGCGCGCGGTTGCCCACAGGGTCGGTTGATCGGCGCCGGGGGTGGGGCGGGCACGGGTAGTGTTGGGCCGCGTGGACGACCGTCAGGACGCGAGGGTGATCGACCGGTGAGCGGGGAACGCGCGGCCCAACTGGAATACTCCGAGCTCCAGGCCGCGATGCTCGACGAGGAGAAGCGCCGCCGCAAGGCCGCCAAAATCATCGCGGTGCTCGCGCACTTCCTGGGCAGGGACGCCGGCAAGCCCGACGAGGCGCTGTCCGGGCTGACCGTCGGCGACGTGGGGTGCTCGGCCGGGTTCATCGCCGACGAACTGGCCGCCGCGGGCGCGCGCCGCACGCTCGGGCTCGACATCGACGTCCCCGGCCTGCGCAGGGCGGCCGACCGCTTCGGGGCCCGGGTCGGGTTCGTCTGCGCGGACGGCTCCCGGCTGCCGCTGCCGGACGGGTCGGTCGACGTGCTGGTCTTCAACCACATCTACGAGCACGTCGTGGACCCCGACGCCGTGATCGCCGACATGCACCGGGTGCTGTCCGACGACGGCGTGCTCTACCTGGGGCTGGGCAACCGGCTCGGGGTGATGGAGCCGCACTACAAGCTGCCCTTCCTGTCCTACCTGCCGCCCGCCGCGGCCGACCGTTACGTGCGCGCGTCCGGCCGGGCCGACCACTACTACGAGCGCTTCCGCACCCGCCCCGGCCTGCGGCGGATGCTCGCGGACTTCCACGTGTGGGACTACACGTTCCCGGTGCTGGCCGCGCCCGAGCGGTTCGCGGGGGGCGAGTTGTTCGCCGGCGCCGTGGGCCGGGTCACCAGGGCCACGCTGGAGCGCACCCCGCGCCCGGCGCTGCGGGCGCTGCTGCCGGTCGTGC
NZ_CP109552.1_gap95	3354582	3357405	2823	AGCAGTTCCGTACGCGCCCGCGGGGTCTCCAGCAGCACGAACCGCCACGGGGTGGTGTGGTGCGGGGCGGGCGCGGCGATCGCGGCGGCCACGGCCCGCCGCACCGCCGCCGGGTCGACCTCCCGGCCGGAGAACTCGCGGATCGTGCGGCGGGCGAAGACGACGTCGGCCGAGCCGTAGCGGAACATGTCCTCGTCGGCGGGCCGGACCAGCGCCCGTCCGCCAGGCCCGTCCTCCTCGGTCACCAGGCCGGCCAGCCCGCGCACGACCGCGACCGGCACGCCGGACAGCTTGCCCTTCGCGAGGTCGCCCGCCGCCGCGATCTCGTCGGCCAGCGCGACCACCGTGGCGTTGAGCGGGTTGCCGTAGGCGTCGGCTCCGCCGCGCAGGTCCTCCAGGGGCCGTACGCCGGACGCGCCGATGGCGACGTCGGTGAGGCCGTGCCGCCAGGGCCGGCCGAACGTGTCGGAGACGACCACCCCGACCCGTACGCCGAGCCGCTCGCGCAGCCCGCGACGGATCCGGCTCGCCGACGCGTCCGGGTCCTCGGGGAGCAGCAGCACGGTGCCGGGGGCGGTGTTGGAGGCGTCCACGCCGGCCGCGGCCATGACGAAGCCGTGCCGCGTCTGCGCGATCACCGTGTCACCGCGCCGCGCGACCACGCGCTGTGTCTCCTCCTTGATCGCGGCCGTACGGCTGTCGCGCGGGGGCGCTCCGCGTCCGGCCGCCGTCGCGTCTGGTGCGTGCGGCTGCAGCTGCGGGTGTGGGTGCGGTGGCGCTCCGCCGCCGTCTCGTGCCTCGCCGGCGTCGCTGTGGCGGATCCGGCCCTCGGCCTTGCTCACGATCTTGGAGGTCACGACCAGGATGTCGCCGTCCTCCAGGACCGGCGCGGCCTCGGCCACGAGCAGCGCGATGTCGTCGCCGGGCGCGACCTCGGGCACGCCGGTGACGCCGATTACGGTGATGTGGGTCATGGACTGCCTCGATGCGTCGTGGAAGGGGATCACCGGAGGGACGTCACCGCAGGGACTCGGCCAGGGCGAGGGCCGCGGCGGCGAGGTCCCTCGTCGCACCGGGGTCGCTCATCAGCAGCGGACGCGCCTCCACCGTCACGCCGTCGAGCGCCACGCCCTTGTCCTCCTCCGCGACGAGCCAGCCGTCGACCAGAGCCGGTCCGTACAGTTCGAGGACGGCCTGGGCGCTCGTCTCGACGCCGATCGCCGTCAGGCAGGCGTCGGCCATGCCGCGCACCGGAGCGCCGCCGATGATGGGGGAGACGCCGACGACCGTCTTGTCCTCCAGCGCCGTCCGGATGCCCGGGATCTGCAGGATCGTGCCGATGCTGACGACCGGGTTGGACGGCGGGAGGATCACGAGGTCGGCGTCGCGGATCGCGTCGAGCACGCCGGGGGCCGGGCGGGCCTCGTCGGCGCCGACGAGCACGATCTGCTCGGCCGGCACGGACGCGCGCAGCCGCACCCACCACTCCTGGAAGTGGACGGCCCGCCGGCCCGCGTCGTCGGCGACGACGACATGGGTCTCGGTGCGGTCGTCCGACATGGGCAGCAGCCGCACCCCGGGCCGCCAGCGGTCGCACAGCGCCTCGGTCACCTGGGAGAGGGGATATCCGGCGGCGAGCATCTGGGTGCGGATGATGTGGGTGGCGAAGTCGCGGTCGCCGAGGCCGAACCACTGCGGCTCCATGCCGTACGCGGCGAGCTCCTCCTTGACCGTGAACGTTTCGCCGTCCCGGCCCCAGCCCTGCTCCTCGTTGATGCCGCCGCCCAGCGTGTACATGACGGTGTCGAGATCGGGACACACCCGTAGCCCGAAAAGAGTGATGTCGTCGCCGGTGTTGCCGATGACGGTGATCTCCGAATCGGGCGCCGCGGCCTTGAGACCTCGGAGGAAGCGGGCGCCGCCGATACCTCCGGCGAGGGACACGATGCGCATGCCGCCAAGTCTTCCACCGGGCGGCGGGCGGGCCGCCCACCCACCCCGCCTAACGCGTTAACCAGGGAAATGTAGGGTGTGTCGGGCCTGTGAGGTTCTTGGGACTGCCGACACTTAAGTCCGGCATGTGCGAAACTTCCCCGAGGGCCATCTGGACCGTTGGGGGTAGCCGTGCTGAAGGTCGATACCGACCGGCTCAGAGAGCCGGCCGCGTGGACGATGCTCGCGGTGGTGATCACAAGCGTTCTTGTGGGCATCGCACGGTTACTCATCGGCTCCTCCGCGCTCGGCGGCACGTTCGGCCTACGCGCGGCCGCGAGCCTGCACACTCTCGCATCCCCCCTCTCGACCGCGCTCGCGGCCGGCGCGGTGCTGCTCGTGGCCAAGGCGGGCGCCCCGACGCCCCGGGCCCGCCTGGTGGCGCTGGGTGCGGCCGGGTCGCTCGGCCTCGGCGCCGTCTTCGGCGTGATCGGCGTGCTGGGCGTCCTCGTGGGCGACCTGCCGAGCTTCCGCGACCGCTTCGAGTCCCTGATCACCGGCCTGCCGATGCTCGCTCTCGCCGTCTTCGGGGCGCTGTTCGCGATGAGCACGGCCGCCGCGCTCCAGTCCGGGCAGCGGCCCGCGGGTGACTTCTTCGGCCGGCGCGACGACGCCTATCCGTCCCGGCCGAACGTCCCGGCACTGCCACAGGGGTACGGCGACGCCCAGGGCCGCCCATCCTCCTACGGCCAGCAGCAGAGCCAGCCGCAGAGCCAGCCGCAGAGTCCGTCACAGGGCGTCCCGGTCGCCAACGGCATGGTTCCGAACGGCATGGTTCCGAACGGCATGGCTCCGAACGGCATGGCTCCGAACGGCATGGCTCCGAACGGC
NZ_CP109552.1_gap96	3359007	3361502	2495	TACCGCGGCGACCCGCTCACCGACCCGCTGCGGCGGGAGGAGCCCATCGATCCGACGGCGATCTACACCCCGGACAGGTCGCAGGCAAAGTATGAGGAAGGTTCCGCCCCCGATCAGGCAGGCCGCGGAACCGACCCCAACCTCCCTTGGTATGGTTCCGAACGCTGACAGGACCGAACAACGGGGCATACGAACCGGGGCAAGCAGGTCTTTCCCCGGGTATCGTTATGCCGCTTGACGCCACACGCGCCACGCGCGTGTAATTACAGACATGTTGTTACGCCTTCCCGACGGTGGGTATGGGGCAGGCGTTTTTATGGGGGGCCTCATGTGGGCGGGCGAGCGACAGGGAGGTGTGCAGTGACCGAGCTGGTCATGGCACAGGCGCTCGATGGTGAAGATCTTGGGTGGCAGGAACGCGCCCTGTGCGCGCAGACCGATCCTGAGGCGTTCTTTCCTGAGAAGGGCGGCTCCACCAGGGAAGCCAAGAAGGTGTGCCGTTCGTGCGAGGTTCGTGCGGAGTGCCTTGAGTACGCACTTCAGCATGACGAACGTTTCGGCATCTGGGGCGGTCTGTCCGAGCGCGAGCGACGCAAGATGAAGCGCCAGGCCGTCTGACGACGCGAACGGGGCCGTGCGCTCGGCGCGCGGCCCCGCGTCATGTCCGGCGGGGTTCGGGTGCGGTGGTTCGTCCGGGGAGCCGCGTCGGGGAGTGCCCCCGAAGTCTGTGCTGACATCCTGTTTCGCCTGGATGTGATCGGGTGAGTCCGGGTTGCCGTATCGTGGTCGGCGCTCAGCCGTACGACCCCCTTAGGACTCGACGTGCACTCGGTGACCGCGATCGTCGTCGCTCACGACGGCGCCCGCTGGCTCAAGGAGACGCTGGCGGCGCTGCCGCGCCAGACCCGGCCTCTCGACCGTGTCGTCGGTGTCGACAACGGCAGCCGTGACGGCAGTGCGAAGCTGCTGACCGAGGCGTTCGGCTCGCACAACGTGCTGACCATGCCGAGGTCCACCGGATTCGGCGAGGCCGTCCACGAGGTGCTGCGGCGGCTGCCTCCCGCGCCCGGCCAGGAGTGGGTCTGGCTGCTCCACGACGACTGCGCTCCCGACGCGGGCGCCCTGCAGGCCCTGCTGTGGGCCGCCGAGCAGGACCCCAAGGCCGCGATCCTCGGCCCCAAGCTGCGCGACTGGCTCGACCGGCGGGTGCTGCTGGAGATGGGCGTGACCGTCAGCAGGTCCGGACGGCGCGACACCGGCCTGGAGCCGAGGGAGTACGACCAGGGCCAGCACGACGAGCTCGCCGACGTCCTGTCGGTCTCCACGGCGGGCATGCTCATCCGCAGGGACGTCTGGGACGAGCTGTCCGGCCTCGACACCGGTCTGCCGCTGTTCCGCGACGACCTCGATCTGTGCTGGCGCGCCCGCGCGGCGGGCCATCGCGTGCTCAACGTGAGCGACGCGGTGGCCTGGCACGCCGAGGCGTCCGCGCGGCGCCGCCGCCGCATCTCCACGAGTGAGGAGCACCCGCGCAGGCTCGACCGGCGCAACGGCCTTTTCGTCCTGATGGCGAACCTCCCGTTCGGCGCGTTCGCGCGGTCCGTACTGCGCAACGTCTTCGGGTCGGCGCTCCGGGCCCTGCTGTTCCTGCTGGCCAAACAGCCGGCCAACGCCCTGGACGAAGTGGCCGCGCTCGGCTCGGTCCTCGGCCGTCCGTGGCGTCTGCTGCGGGCCCGCAAGGCGCGCAGGAACGGCAGGAAGCAGAGCTGGCCCGCGATCAGGCGCAAGCTCACCCCGCCCGGCGCCGCGCTGCGCCGTCTCGCCGACATGGTGCAGGGCTTCCTGGCCGGGACGGGCCCGGTCGACTCGGCGGGCCGCCACCACGCCGCCGCCGAGACCGGCGAGGAGGACGGCGACGAACTGCTCACCGATTCCGGCGGAGTCCAGCGCCTGCTGAGCAGCCCCGGAGTGGTGCTCTGCCTGATCCTCGCCGCGATCACGCTGGCCGCCGAACGGACACTGCTGCCGGACGGCCTGCTCGGCGGCGGCGCGCTGGTGCCCGTCACCGGGAGCGCGGCCGACCTCTGGCGGCTCTACGTCGAGGACCACCACGCCGCCGGGCTCGGCTCCGGCACCTGGGCCCCGCCGTACGTCGCCGTGCTGGCCGGGCTGTCGGCGCTCGCGCTGGGCAAGACCTGGCTGGTCGTCGGCGTGCTGCTGCTCGGCTGCGTGCCGCTGGCCGGGTTCTCGGCGTACGCCGCGACGAAGCGGATGATCCCCTACACGCCGGCGCGGGTCTGGCTGGCCGCCACCTACGCGCTGCTTCCGGTGACGACGGGCGCGGTGGCCGGCGGACGGCTCGGCACCGCGATCGTGATCGTGTTGCTGCCGGTCTACGCGGCGCTCGCCATCCGGGTGACGGCCGGGTCGAGCCGGGCCGCCTGGGGGTTCGGCCTGCTCCTGGCCGTGGGCACGGCGTTCGTCCCGCTCGTGTA
NZ_CP109552.1_gap97	3381984	3384402	2418	TCACCCCTGCGTACGGGCGTCAGCGTCGTGACCAGGCGCCGTCGCTCGCCGGGCGGCACGTCGAGCGCCTGCCGCCGTGGGGCGGCCCCGGCCGAGGGCTGCCAGGCGTCGCGCAGCACGCCCCGCAGCCGGCGCGGGCCGGGGTTGTCCACGACCAGCCCGATCGTGAGCGACCCGCCGAGCCGTACGCGGCTCTCGCCGTCCCGGTGGAAGCGCAGCCCGCGTACGCCGCCCGCGAGCAGCAGGTCGGCCGTCACGAGCGCGGCCAGCACCAGCGCGGCGGCCGGCACGACCAGGCCGGGCTCGGGGGCGAGGAGCACCACGATCGCGGCGAGGGCGGCGAGCAGCCCCACGCGCCCCGTCAGCGCCACGCGGCCCTCACCGGGGCACCGGTACGGCCGACAGGATGCCCTCCAGGATGCCGTCCGGGGTGGCGCCCTCCAGCTCGGCCTCCGGGCGCAGTCCCACGCGGTGCCGCAGGGCGGGCCGGGCGAGGGCCTTCACGTCGTCGGGGGTGACGTACGACCGGCCCGACAGCCAGGCCCAGGCCCGCGCGGCGGCGAGCAGCGCGGTGGCGCCGCGCGGCGAGACGCCGAGCTGGAGCGAGGGCGACTGCCGGGTGGCCCGCGCGAGGTCCACGATGTAGCCGAGCACCTCCGGGCCCACGTGGACCTGGGCGACCGCCCGCCGTCCCGCCGCGAGGTCGGTCGCGGACGCCACCGCCTTCAGCTCCGACAGGTCGCGCGGGTCGAAGCCGAGCGCGTGCCGTTCGAGGACGGCGATCTCCTGCTCGCGCGGCGGCAGCGGCACGGTGAGCTTGAGCAGGAACCGGTCGAGCTGCGCCTCGGGAAGCTGGTAGGTGCCCTCGTACTCGACGGGGTTCTGCGTCGCCACCACGATGAAGGGGTCGGGCAGCGCGCGGGCCGCTCCGTCGACGCTGACCTGTCGTTCCTCCATCGCCTCCAGCAGGGCGGCCTGGGTCTTCGGCGGGGTGCGGTTGATCTCGTCGGCGAGCAGCAGGTTGGTGAAGACCGGTCCCTCGCGGAACTCGAACTCCGCCGTCCGCGCGTCGTAGACCAGTGATCCCGTCACGTCACCCGGCATCAGGTCGGGGGTGAACTGCACGCGTTTGAAGTCGAGCGCGAGCGTGGCCGACAGTGTGCGGACGAGCAGGGTCTTGGCCACCCCGGGCACGCCTTCCAGCAGCACGTGCCCCCGGCAGAGCAGCGCGATGACCAGGCCGGTGACGACCGGGTCCTGGCCTACGACCGCCTTGCCGACCTCCGCGCGCAGCGCCGCCAGCGCCTCCCGCGCGGCGTCGGCGCCGGGAGGCGCCGGCAGCGGCGGAAGCGACGCGGACGACGGAACCGGCTGCGTCGAGGGCGTCGAGGGCGCCGGCGGCATCGGCGGTGGGGTGGCCGGGGGCACGGGGGACGACGCCGAGGGGGCGGCGCCCGGTCCGGGGGTGGTCACGAGTCTCGAACCTGCCTTTCCAATGTGTCCAGGTCGGCGGCGAGGGCCACCAGTGCGGCGTCGTCGGCCGGTTCGGGACCGCACAGCAGCGCCCGCACCGGTCCCGGGTCCTGCCCGGTACGCGCCGCCGCGGCGTCGGCCACCTCCTCGGCCGTCGCCGTACGCGGCACGCCCAGGAGAGGGGCGAGCCGGTCGGCGGCGGCGGCCCGCAGGGCGAGGGCGGCGCGGTCCCTGGCCCGGCGGGATCGGTAGAGCAGGCCCCGCCCCTCCACGGTCTCCGAGGCCCGTACGACCACGGGAAGACGCTCGGTCACGACCGGCCCGAGGCGGCGCGCCCGCCACAGGGCGGTCACGGCCACCGCGACGACGAGCTGGAAGACCGCCCAGTTGACGCCGCCCGGGATGAGGTCGCCGAGCGACCTCGCCGGTTCGCCGTCCGCCCCTGTCGCGCCGTCGTCGGCGGGATCGCCGGCCTGGGCGAGCCAGATCAGCTTCGGCCGCGCACCGGCCAGGTTCAGCGCGAGCGCCGCGTTGCCGTCGTCCGCGAGCCACAGGTTGGTCATGAACGTCGCGTCGCCCAGCGCGGTCACCGTGTGCCCGTTCTCCGTGTAACGGACCAGCGTGTGGCCGTCGCCCGCCGGGTAGCAGCCCGTGGACCCGGGCGGGCTGGAGAAGGAGATTCCGCCGGTGAAGGCGTCACCGGCCCGCACGGCCTCCCGCAGCGCGCACCGGGGCGCCCGGGAGCGGGCGCGCTCGACGCTCTCCCTGTTCAGGCCGGGGGCGAGGACGTCGAGGAAGGACGCGTGTCCGGCGATGAGCCGGTCGCCGGGCGCCTCGGCCAGCCGGACGGCGGCGTCCCGGTCACCGAGCAGGCTCGCCTCGGTGATCAGCAGCAGGGTCTCGGGCCCCGCGGCGGCCACCGCCGCACCGGCCGTCTCCACCCGG
NZ_CP109552.1_gap98	3493230	3495413	2183	AAGCCGGGGTCGGCGGCGATCGTGTGGTGGAGCAGTTTGACCGCTACGCGCGTGCCGTCCGGCGCCTCGCCGAGGTAGACGACGCCCATGCCGCCCTCGCCCAGCCTGCGCACCAGCCGGTACGGCCCCACCTGGCGCGGATCGCCCGTACGCAGGTCGGCGGGGTGCCGCGGACCGGACGGCCATCCGCCCCGGCCGGAGCCGTGCCCGTCGCCGGAACCGCGAAAGCCGGAATCGGGTAAGCCCCCCACCTCGCTGTCGCCGTTCGTACCGGAATGCGACATCGCTCGCCCCCGCTGGAATGCCCTCGACAGATCAGTAAGGATCCTATTGACCGCCGCCGGGCGCGGCCATCGCCCAGCGCGGGGGCTGCTGCCGTCCGCTCAGCGGCCGCGGCCGTTCTCCCGGTCGGCATCGTCCTTCCCGCCGCGGTCGAGGCCGGTGAACTGTCGCATGAACGCGTGGTAGGCGTCGGCCCGGACTCTGGCCGACGGCGATCGAACACCTTCGGCGATGTGCTGGGGGATGTCGCCTGCGCCGGCCCGCCTGGACTGGTGGTCCCGCAGTCGTTCCCGGTGATCGTCCGCCCAGTCGTCGATCGCCCCCTTGCGGGCGAAATGAAACGCCGCGCCCAGCAACGGCATGAGGAGAATCGTCGTCAGGATGACGCCGACGTCATGCAGGAGCACCCCGAAAACCAGCACGAATCCGACCACGAGGCCGGCCCTGAACAGACCCCTCCGAGTTCTCCCGCGGTCGGCCCGGGCCTCCTCGGCCCACGCGCGCACGCGCCGCAGCGGAGGCTGGTACGCCGCGCCGAGCCGTATGACTCTCGGCAGCCAGCCTGCGTACGCCGCCAGGGTCAGCGTGACGAGATACCAGGAGAGCCTCGCGGCGATGTCCGGCCGGACCCAGCCCCACATGATCCAGGCCACCGGGATCGTGGCCGCGCCCCAGGCCCCGAGCCACAGCGTCGCGCGGACCACCGCTTCCAACCGGGCGGCGGGCGAGAGCCGCCGGCCCTCGTAGTCGGCCCACTGCCGCTGCCGCAGAGCGGAGGCGGAGTCCAGCGCGGTCCGGGTCCGCTGGATCTGCCGGTCGGCTTCCGCCTGCCGACGCCGCTGTTCCGCCTGGGCCGCGGCGAAGGCGGCGAAGTCGGCGCGCACGAGCCATCCGACAGGGGTGTCCGAGCCGCCGTGCCGCGCGCGCAACCAGTCGTACCACTCGATCTCACCGGTGGGGGGTGGCGTCACGCTCTCGCGGCCGGTGCGCAACCACGTCCTGGCCTCCGCGTAGGGCAGAAGGGCCGCCAGCAGCAACCCGCGCGCCCCGCTCCCGGCCCATTCCCGGGCTTCGGGCGGCAGCCCGGGAACCTGTACGGCCAGCCGCCGCCATGAAGCCCAGACCTCGTCCCAGGCCCGCTGCGTTCCTCGCAGCGCGCTCAGCGCGGTGAATCTGGAGAGGGCGTCCAATAGCCCGCCCTCGCAGAGGTCGCGGTAGAGCTCCCATTCGGGGCCGCCTTCTCCCAGACGACCGATCCTGCATGCCTCGGAAAGCGACTCCGGGGTCACCACCGTCCCTCGCCAGACGGCTTCTCCCTTCGGATCGAGCCAGCCCAGCAGGTGAAGCAGTTTCAGATCGGCCGGGAGTCTGTCGTCTCGGAGCCGATGGTCGATGAGTTCGATCTGAGCGGTCAGGTCATCGGCGGTGAGACCGTCGAGTTCGTGCAGCCAGGCGAGAAGGCTGAGCCAACCATCGGAGGCCGCGCCGGTCGCGACCGCGCCCTCGAAGAACTGACGCCTCGCCGCGGCCCAGTTGCCACGGATGGCGGCGGCCAGTTCTTCTCGGGTCGTGACCGCCACGCCCGCGAGGACCAGCCGGCGACGCTGCGGCGCCGGCTGGTGGATGTGATTGATCTGGACGTTGCGATCGCCGAGTTGGAAGGGGGCCGGGCCGTGGAAGACGTTTCCCGACACTCCGTCTCCGCCTGGTTCGGAGTCGCGGGTCATGCCCTCGGCCCGAAGTGGTTGTCCTGACGGTTGCGGTCCCCGACCTGGAATGCGGTCGGTCCATGGAAGACGTTCCCCGACACGCCCCCCACTGATGCCTGACGAGCCTGGTCGGCGATGTCGTTCAGTTCGCGGGCGACCCGTTCGCGCTCGGCCTCGCCGAGGCTCTCCAGC
NZ_CP109552.1_gap99	3505366	3506426	1060	TTCGACGTGGCAGAGTACGCCCTGGGAGTGCTGGACGACGACGAGGCCGAGGAGTTCGAGCGGCACCTCGCGTTCCGCCCGCCCCGGTCAGCGCCTACCCCCCGTCAGTGCAGGGCCGCCGCCGGGAGGCCGAGCAGCTCTGCCAGTGCGCGTTCGCCTTCGGGGGTGACCTGGACGGCCCGGGTCGAGCCGATCCGCACGCACCACCCCGTCTCCAGCGCGTGGCGGCACAGCGCCGCTCCGGCGAGCCCCGCCAGGTGCGGCCTGCGCTCGGAGCAGCGCCAGGCAGAACCGCGCCCGTGTCTCGTCGGCGAGGAGCGCGGCGAGTGCGGCCAGACCGGAGGTGACACGCCCGGAAGACGGCCTGGAGGGCGTGGACGGCATGGACGGCATGGCCCCAGGATGCGGCACCCACGTTGCGGTCGCGACCGAAGAGTCCGTGGCGACGCAGGCCGGGCGGAACGCCGGGCCGTCCGGCTCGCGGAAATTTCGTTATCGGGCGAAACGTCCTGGTCCTAACGTTGGCCGGGTGAGAACCGGAACGCGCGTCGACCGCAACCAGAAGCTCCACCGTCCTGCGGCTCGCGCCGCCCTCGCCGCCGCGGGGGTCACGGTCCTGTTGTGGGCTTCGGCCTTCGTCTCCATCCGCAGCGCCGGAGAGGCCTACTCTCCCGGAGCCCTGGCCCTGGGACGGCTCCTCGCCGGGGCCCTGGTGCTGGGCGTGATCACGCTGGTTCGCCGGCCGGGATGGCCGGCCCGTGCCGCCTGGCCAGGGATCGTCTGCTCGGGAATCCTCTGGTTCGGCGGCTACATGGTCCTGCTGAACTGGGGTGAGCGGGAGGTGGACGCGGGCACGGCGGCGCTGCTGGTCAACATCGGGCCGATCCTCATCGCGCTCCTCGGCGGCAGACTGCTCGGCGAGGGTCTGCCGCGCCCGCTGCTCGCCGGCATGGCGGTGTCGTTCGCCGGCGCGGCGGTCGTCGGGCTCTCCATGTCCGGCGGTGGCCGTTCCTCCCTGCTCGGCGTGGTGCTGTGCCTGCTGGCCGCGGCGGCGTACGCG
NZ_CP109552.1_gap100	3606373	3608820	2447	GGCTCTGCGGTCCCGCGACGATGGTTGATTCGAAAATAAAACCATCTGCTTCAATTTTCGCACTGCGAGCCTACAGAGCCCCCGTGAGCCCGTGCAACAGAGTCAGGCTAAATGGATGACCTGCACCGGGTGGCCGGAAGGTAAAACCTGGCTACTTGATCACACACCTGATCAGCCGCTCGTCGCCGTCGAGCGTCGCGCGCCCCGCCGCGATGGCGTCGTCCAGCGTTTCGTCACGGTTGACCAGCGCTTTCAGGGTGCGGGCGTCCAACCGTACGACGGCATCGGCCTGGTGGGCGGCGGTGCGGGCGATGGTCAGTCCGGCATCGCCGAAGCGCATGGTGAACCGCTCTTCCCCGATCCGCATGTCGCAGGTGCCGGTGACGGGCATGCCGCCGGGGAAGAACAGCTCGGCCTGCGAGCGCAGCGACAGGAGAAGCGAATCGACGGTCGAAGGGGCCTGCCTGTCCCAGAAAGGCGACATCACCCCCCAGTTGCCCAGCGCGAAGAGAACCGGCTCCAGGGACCGCCCCCAGTCGGTGAGTTCGTACACGTTCGTGCTCACCGGAATGCCCGCGCGCTGCTTGCGCAGCACACCACTCTCCTCAAGATCGCGAAGTCGCCTCGTCAGGATGTTGGAGCTGACTCCGCACAGGCCGTCCCGGAGGTCGCTGAAGCGCTTCGGCCCGAGCATCAGCTCGCGGACGACCAGGAGCGCCCAACGCTCCCCCACGAGATCCAGCGCATGGGAGACCGGGCATCCTTCGTTGTAGCTGCGCTTCTTGACCATGTCGCCAGCCTACTCCGCCGTAATATCACCGCCCGGGGCGCCAACGCGTCGCCGTGCGACGTCCATGCAGGTCACAGCGCCCGCTCCCCGGCCCGTTACAGATCTCAGCGGGCCGATCCGGCAGCGGCTCCGACGACCTCGGCGAGGTAGGCGGCGGCCTTGTCGGAATCCATGAACCACTCGGCGAAGTCGTTCGGGTCGTCGAAACCCTCGATGTAGCGGTTGGCGATCGCGGTGTACTGGCCCGCCGCTCCCAGGAGTTCGACCACGTGCGGAGGCGGCGGCGACAGCGCCATGTTGGTCCACTCGGTGGTCGCGCGCCCGTGCTGCGTCCAGAACGTCTCGAAGGCGCGCTCCATGAAAGCACGGTCGAAGGGCCGGTCCCCGTGCTCCAGGATGCTGTCCAGGTAGGTCGCCGCACACTTGGCGGCCATGTTCGACCCCTGACCCGTGATGGGGTCGTTGGTCACGACGACGTCCCCCATGCCCAGCGCCCGGCCGCCCGAGGGCAGTGTCGCGACCGGCCGCCGGACGATCGGCGTGAACCCGCCGCGCAGCGTGCCGCCCGGGTCGGTGAGCTCCAGCTTGTCGTACTGCTCGCGCACCCATGGCACGTGCCGTTCCAGCAGCCCGGCGAAACGCTCCAGGTGCTGCTGGGGGGAGGAGACGTCGCCGAACACGTCCAGCTCCCCGCCGGGAAGGGCTTCGAAGAACAGGACGTGGCACGGACCCGAGACGGTGAGCGCGGGCATCACGATCATCTCGCCCAGCCCCGGCAGCAGGTGGAAGTCCACGGAATTGTCACCGGGGCCGGCCGGATCGGGCTGGAAGCCGTTGACGTAGACGAGCGAGAGCATGCGCTGCGGCTCCGTGTAGGGCGATCGGGCCGCGTCACGCTCGAACATCTCGGCCAGCCGGCCCTTGCCCGCGGCGACGACGACGAGGTCGTACTCGCCCGCCCACCTGTCGACGTCGGAGACGGTGGCGTTCCGGACGATCAGGTTGCCACCGTTGCCCTCGAACAACCGGAGCCAGTGCGACATCTTGACCCGCTGGTCGATGTCGGCGCCCGGCTTCTTCAGCGGGCTGCTCCACTCGACGGCCGGAGTGGGGCCGCCCGCGCCCAACATGAAGCGGGTGAACGGGGTGTGCGGCGGCTGTCCGTCCCAGAAGTAGATACCGAGGTCGCGTTCGAGCCTGAGCGTGCTGTCGAACTGGAACTGCGACGACATCACGTTGCCGTGCTCGATCTCGTCGGCCGTCCGCGCCGACACCACGGTCACGTCATATCCGCGCTGCTGCAGTCCGAGCGCGAGATGCAGCCCGGCCTGCCCGGCGCCGACGATCAGTACCTTGCGCATACCGTGTCACCCTTCTTGCGGCCCTGAGATGTGTGTTCGATCTCCGACGACCCGTGGTCCCAGTGTCCTCATATCGGGTGCCGGGGTCTTCTCCCGTTGTGCTCACGACGAGTGGCGGCGCGGGCCGGATTCCGCCGGGACACGCCGGCTAGGGCGTCGGGAAGAACGTGCGGACGAACTTCTCCCAGGCCCGCTCCCCGAAGAGGACGCGCTGCGGGCGAAGCAGCCGCACCGGTATGCCGATGCGGTACCGGATCCGCGGGCGCCGCACGGTGATCGCCTTTTCGACGACGGCG
NZ_CP109552.1_gap101	3633928	3634676	748	ATGTGACCCGCTTCATGCGGTACCTGCTCGACCGCAAGGACCGGATGAGCATGGCGGTCGGGCTGGAGGTCCGGGTGCCGTTCTGTGACCATCGGCTCGTCGAGTACGTCTACAACGCGCCCTGGTCGTTGAAAACCTACGACGGCAGGGAGAAGAGCCTGCTGCGCGGGGCGGCCAAGGAGATGCTTCCCGAATCGGTCGCCTGGCGGCCGAAGAGCCCGTACCCGTCCACCCAGGATCCCTACTACAGCCAGGAGCTTCAGCATCAGGGCAAGGAGCTGCTGACGCGCCGGAGCCACGAGGTGTTCGACCTGGTGGACCGGGGCTGGCTCGAGGACGCGACGCGGCGCGATCTGGCCGCGGTGGACCGGCTGACGCGGCTCGGCCTGGAACGGACCCTCGATCTCGCCATGTGGCTGGACGTCTACCACCCCGAAATCAAACTGCCGTAGTCGTGGGCGCCACGCGCGGGCCAGGGAGTACCGACGAGATGCCGACCACTTCACACGAGACCTCGACACCACCCGCCGCGCTGGAGGAGCCGCCTCCGGAGTGGGTGCTGTGCGACGGTTGCAGGGCGATGATCTACGGAAAGCGCTGGCGGCGGAACCTCGGCTGCTGTCCGGAGTGCGGCCATCACGGCGCGCTCACCGCGCGGGCCCGGATGCGGCTCCTGCTGGATCCGGGCTCACTCGAACCGTTGCACTTCTCCATCGCACCGGCCGATCCGCCGGGCTTCACCGACGGC
NZ_CP109552.1_gap102	3642325	3645050	2725	ACAGCCGCAGCCAGCACCGGGTGAAAGCGACCGCGGCCGAGGAGGAGGGGAGCTCCGTCTCCAGCTGTTCGAGGAGCCGCCGGGCCGGCGTCTCGATCGCCGGGGAGGGCTGTCCGGGCGGCAGGGGCGCGGGCCCGTGGTCGCGCCAGACCCCGGAGAAGACGTCCGCGAAGAGCCTGCCCACCTGACGCCGCGCCCGGCTGACCGACGCGCCCTCGTCCGGCGAGGACACGAACCACGAGAGGTGGAACTCCGCGGCGTGGTCGACGGCCCAGCGCCGGAGCGCCCTGCTCGCGGCGACGAGCCGGCCCGCCGTGTCGGCCGCGTCGACCTGATCGACGGTGCCGGCGATGTGCTCGGTCAACTCTTCGAGAACGGCCACGACGACCGCGTCCACCAGGGTGCGGTGGCTGTCGAAGTAGCGATAGACCCCGGGAGGGGTCATGCCCATCTCGCGGGCGACCGCCCGGATCGTCAGAGCCTCGGCTCCCTGGTTCGTCAGGATGCCGCGGCTCACGGAGATCAGCTCACGCAACGTGGCGTCGCGTACCCGCTGACGCCGGAGCGAAACGGTCATACAGCGCCTCCACCGCACGTAGCCCCTCCCGCAGCGACCTGTGGGAGATCTACAGTTTACACATGTTAACTCTTGCGTCCATCAGTAGTGGAAACGTCGCAGGGATACTACGGCTACTGGCAATCCGGACCGGCGGCCTCGCCGAGACGATCTCGTCGGCCTTCGTGTGGGCGAGCGCCGCCCTGGTGATCGCGCTGCTCGGCACGCTCGTCTTCTGGTATCGCCCCGGAGCCCGGAGACTGACTTAGTTGAGGTCCAGAGCCACCTCCAGGCGGAGGTAGGCGTCAATCCAGGCCTGCTCGGCCGTCTCGTCTCCGGTGTGGGTCCGCGCCGCCGCGAAGGCCGTGACGGCCTTGGCGACGCGGTGCAGGCCGAGCACGGTCAACCGCCGCGCCGCGTCGGCGAGCCGGTCGTCGTACGTCGGCGGCAGGTGGGACAGGCCGTGATGGGCCGCTTCGGCGAGCAGCGCCCGGGCGTCGATCAGAGCCGCGGTGAGTGGTTCGTGCCGGACGTCCTCGGCGACGGTGAGCCTGCCGCTTCGATCGGGCGGCCGGAGGTCGGGGACGACGACCCTGCCGCCGGCCGACAGGCCGAGCGGTTCGATGACGACGCCGCCCGCGGTCCGCCCCACCACGCCGCTGACGAAACGCGGTTCGCCCTCCGCACCGAGGAGTACGGCGGCCAGCGAGTCGAGGCGTCCGGGAGCGGCGGCGGTGTGGGTGGCCCTGACGGTGGCGGTGTTACCCGCCCGGTCGGCGATGACGGCGTCGAGACGCTGGTCTCCGGGCGCGTAACCGACGGCCATCACCCGTTCGACGGCGACGACCCGGACCAGTTCCGCCTCCACCCGCGGGCGGACGGGCCGGAGCGGGAGAGCGTCCAGCTCACGGCCGAGCGCGGCGAGGTCGGTCACCACCAGGGACGACGGCAGTTCGTCCCAGGCGCCCCGCGACGCGCCGACCGTGGTCCTGGAGATCCGGCCGGTGGCCAGCCGCACCGTGCGGCTGGCGCTGCGGACGGCCGACTCCGTGACCACGTTGCCGGTCGCCAGGGCCTCCAGTGAGGATGAGGCGATCCGCCGCCGGGCGAGCGCCGGCCCGTCGTCGTCGCCGTCCCAGTGGCGGCGGAGGACCAGCACCATGGCGCTGTCGCCGTCGACCAGGTAGACCTCGGCGATGCGCTGGTCGCCGACGGCGCGGATCCGGCAGCCGAGACCGTCCAGCCGGGCCCGGCGCAGCGGGGTCTCGGCGGCCTCGGCGGTGCCGAGCACGCTGCTGCGCAGGGTGGCCTCCGGCCGCGTCACCGCGCGGTGCCGGGCGTGGAGTTCGGCGAGGTGGCTCGCGAGCAGTTCGGGATGGTAGTGGGAGCTCCGGTCGCGGTAGGCGGCCAGTTGCCCGGCGAGGTCGGTGACGGCGAGCAGCGGCCAGCGCAGCCCGGCGGCGTCCAGGTGGCGCTGGACGTCGGCGATGGTGGCGTCGAGTCCCTGACCGAGATGCGCCGCGCCCGCGCGCAGGACCGAGCCGGCCAGGCCCAGGGCACGTTCCAGCCCGGATCCGCCTCCCGGCCCGGGCGCGCCGCCGACGTCGACCCGCACGTCCTGGGCGCCGGGGTGCCGCGCGTCGGCGACCCGGAACGCCCACACCGCCAGGGCGATGACGTCGTCGCGGCTGCCGGCGACGGCGTCGGTGTGGACGAACCCGAGGTCGCCGGGGACCAGGAAGCGCACGGTCGCGGCGGCCAGTTCGACCTGCGGCACCGGATCGCCGGAGGTCGCGCGGCGCACCCGCGCGGTGAACCCGGTCCGCTCCGTACGGCGCGCGGCGGCCATCAGCCGGGCGCCGATCCTGGCGGTGAGCTCGTCCTCGGTCACCTGGCCCGGCGACCAGGGCGGCGCGGGCTCCGCGACGGTCTCGGCAGCCACGGGGGCGGCGTCGACGGGCACCCCCTCAGCATCGACGGGCACCCCCTCAGCATCGACGGGCGTCGCGTCGGCGTCCACGGGCGTCGGGGCGGCCTCTACGGGAACCGGGGCGGGCAGGCGCTGGTAGGCGAGGATCACGCCGATGACGTGCCGGCAGACGCCGACGGAACCACAGGTGCAGCGGGCCGCGTCGAGCCCGCCGGGAGGCAGGGCCGTGGTCACGCCGT
NZ_CP109552.1_gap103	3685680	3688466	2786	GGTGCGTGTGGTAACCCGCGTCGACGTACGCCCGGTCGTGCATGTTCTCGTATTCGAATCCGGGCGGCGCCAGCACGTAGTTCGAACTCCAGAAAACGAGGTCGAAGCGCTCGCCTTCGGCGAGTCCCGCGAACAGATCACTGCACCGGGCGTCCACCCGGTCGGCCACGCCGTGGCGCGCTGCGTTCATCGCCGTGTTGCGGGCCGCCTCCGGGTTGATGTCGAGCGCCACCACGCGCGCGCACCCGGCCAGCGCGGCCGACACGGAGATCAGCCCGGAACCCGATCCCATTTCGAGAAGAGAGCTCCAGCGAGGAGCGTCCGATCCTTCCATGAGTCCCAGGAATCCCATCGCGATCTGGGTGGAAGGAGAATAGATGGGGGCGAAAACCTCGGGCAGGAGGTCCCATTCCCGGTCGTACATGCTGAACACGCTCGGGCGGTCCGTCCGTGTTCGCGAGCGTTGACTTCGTTCAAGCGAGCGTAGGTAACTCTTGGCCTCCAGGGTCACGTCGTTTGTCTCCCTCCTTGTCGGCAATAGGGCTTACGCTCACTTTCACCCGGCGGGGAACGCCGGGAAAGGTTGCGGCACAACACACTTTCCGGTCTCGGATGGTGACGCAGCCACCGGGAGGCCCGATGGCGGGAACCCGGAGGGGCGGGCGGGACGGTGGCGGGTGAACAGGAGGCGGTCAGGGGTGTCAGCCGGGGTCGCGAGGCGGCCGGCGGCGCTTATGATCACATCAGCCGGACGTGTCGCGGTGATGGAAGCGGTGCCCGCCGGTCGATTCGACAGGCGGTGGAGGTCTGTGTCAACTTGTCGTCTAGTTGACATGTAGACGGTAAGGACAGACATTTCGCCTATCAAGTGACGAGCCTGCACCTCGTGAACGGCCTCCATCACCCCCAGGAAAGGGCCCTGCTGTGCCGACGAGTCAACGGGTTATACTCGCCGTTTCGTCCCCGTGCGCGCCGCACGGGTTCCTCCGTCACCCCCGCACGGACGGTCGCGAGCCCCGCCAGTCTCCCGATTGCGAGGCGTTGTATGGCTGACACCCTGTCCTTTCTCGAACTCCTGGCGAGGGAGGGATCGCCGGACGAGTTCGAGATGGTCGTGGCCGTGGCACGGAGGAACGGGGTGACCGGGGAAGGACTCGAGGAGCTGGAGCGGGCCAAGCGCCTGAGCCTCGCGGTGCACGCCCAGCTCGAACGGCACCAGCAGCGTGAGGGGACCTTCGCGACGCTCGTCGACACGGCCAGGGAGCTCGCCAAGCCGCCGGATCTCGACGTCCTGCTCAACGTGACGACCAGGCGGGCACGGCTGTTGCTGCGGGTGGACATGGCCTACATCGGCATGCCGGACGACGACCTGAAGGAGGTGTGCATCCGGGCGGCGGACGGGCACACCTCGATGCTCAGCGTGGGACTGCGGCTGCCGAACACCGGGGGCGTGGGGCGCAAGGTGCTCACCGACAGCCTGCCGTTCTGGACCCCCGACTACCTGGTGGACCAGCGGTTCGCCCACAGCGAGCGGACCGACGAGGTCGTGCGGGCGGAGGGGTTGCACGCGATCATGGCCGCACCGCTCGTGTACGAGAAGGCGCCGTTCGGCATCCTGTACGTCGGCGACCGGAACGTCCGCCACTTCAAGGTGGACGAGATCTCGCTGCTGAGCTCGCTGGCGAGCCTCGCCAGCGCCATGATCGAGAAAGCCCGGTGGCTGGAGGCGGCCAGGAGCCGGGCGGAGGCGCTGCGCATCCGGGTGGAGGAGGCCGAGACCCAGCTCGGCAGCCTGGCGGACCTCACCGAGGTGCACCAGGGGCTCATGGACATGGCGCTCTCCGGCGGGAACCTCCAGACGCTGACCGTGGAGGCCGCGCACCGCCTGCGGGCCTCGGTCCAGCTGCGGGGCGCGGACGGCACGGTCCTGGCCACGGCGGGACGGCTGCCGGAACGCGAGGACCTCGTCCTGCTGGCCCGGATGAACGCGCACGCCGCGCGGGAGCCGTTCTACCTGGAGGGCATGTGGGCGGCGCCGGTCCTCGCCGGCGACGGGCATCTCGGCACCCTGCTGGTGTTCCCCGCGGAGCCGCTGGACGAGTGGGCGCGGCGGCTGCTCGGCATCGTCGCGCAGGTCGCCGCGGTGCTCGTGCTGCTGGACCGCAAACCGGGCATGCTCGAAGCGGGCGACCGGGGCGAGCTGCTCGACGACCTTCTCGCGAACCCGCCGCGTCCGGCCCAGCGGCTGCGCAAGCGGGCCCGGTGGCTCGGCATCGACCTCGACACCGACCACGTCATCGTGCTGAGCCGTACGGACGGCGCCGCCCGAGGGAAGGCCGCGGTGTGGGCCGCGTCGTACGCCCACAGCATGGGCGGCCTGCACACGGTCAAGAACGGGTGCAACGTGCTGCTGCTCATGGGGTCCGACCCGGCGGCGGCCGCGCGGGCCGTCTCCGCCAAGCTGTCCCCCCTGCTGGACACCCCGGTGACGGTCGCGGCGGCGGGGCCGATCTCCGACCCCGCGTCGGTCCGGTCCGGATTCGCCGAGGCGCTGCGCTGTCTGGAGGCCATGACGACCCTCGGGGCCGGCGGCTCCGCGGCCTCGGTCGGCGATCTCGGCTTCCTGGGCGTCCTGCTGGCCGACAGCCCGGACATCGACGGATTCATCTCCGCGGCGATCGGGCCCGTGCTGGAGTACGACCGGCAGCGGTCCACCGAACTCGTCCAGACTCTCGGGGCGTACTTCGAGTCGGGGAGCAGTCCCACGTACGCCGCCGAGAAGCTGC
NZ_CP109552.1_gap104	3703462	3707871	4409	TGGCGAGCACCTGCTCGTCGTCGCCGACCACGAAAAGCGGGGGTACGGGCACGTCGGGCTCGCCCCGGTAGACGTGGTAGGTGAAGGCCGGCGCGCCGATCACCACGACCAGGTCGTGCCGGGCCAGCGCGGCGGCGGTGGCGCGTTTCTCCGCGTCCAGGAAGCCCAGGAAGAGGGGATGGTCCTCGGGGAAGGAGCACCGGGGCGAGACCGGCCCGGCCCAGACGCCCGCCCCGACGCGTTCGGCGAGGGCGACGAGGCCGGCGACCGCGCCGTCCGCGTCCACGCCGGGTCCGGCCACGATGCCCGGCCGCGCGCTGCCGTGCAGGGCCTCGGCCAGCGCCGCGAGGGCGGCGGGGTCGGGGGCGAAGCCGGGGATCTCCGGGCGCGCTGCGACCGGCGCGCCCGCCTCCGCGTCCCAGTCGTCCGCCGGGACGGAGACGAAGACCGGGCCTCGCGGAGCCTGGGACGCCACGTGGTAGGCGCGGGCGATCGCCGCGGGCACGTCCTGCGCCCGGGCGGGCTCGCAACTCCACTTGACGTACGGTCGGGGGAAGGCCGTGGCGTCGGTGGCGCCGAGGAAGGGGTCGTCGCGCAGCAGCGTCCTGCTCTGCTGACCGGCCATCACGATCAGCGGAGCGTGGCCGCGCGCGGCGTTGAACACCTGCCCGAGGCCGTGACCGAGGCCGCCCGCGCTGTGCAGGTTCACCAGCACCGGCCGCCTGGTGGCCTGGGCATAGCCGTCGGCCATGGCGACGACAACCGATTCGTGCAGCCCGAGCACGTAGCGGAAATCGTCCGGCCAGTCGGTGAGAAATGCGATCTCGGTGGTTCCGGGATTTCCGAAAACGGTGGTGAGGCCGAGTTGCCGGAGCAGCCGGCGGGTGGCGTCCCGGACCGTTCTGTCGCTCGCGATCGAATTCACGGGAAACGCCTCCAGAATTCTCCGGAACGGGCGGAGAGCCGCATGGTGAAAAGCCGGGCGCACAATCCCCGGAGCAACGGCGCCCGGTCGCCGAGATGTTTCTCGACACCGTGCAGCAGCGCGTCGAATCCGGCACGGTCGCCCGTGGAGGCGAGCGTGTCGATCGTGGTGACGGCCTCGCGCAGCGCCGCCCTCGCCGCGGCGGCGTGCGGGTTGGCCACCTGGATGTCCCAATAGACGTCGGGGTTGCCGCCGGTGATCCGGGCGAGGACGGCGAGCATGGTCAGGTGCGGGGGCGGGGCCAGGGCGAGCAGCGCCTCGGCGTCCGCGCCGCCCGCGACGACCGCCTGCCCGAAGGCCAGCGCCGCGGCGTGCGTGGCCGCCTGGAGGACCGCCGTGACGCGGTCGTGCTCCCCGGCGGTCAGTTCGACGACCCGGGCTCCGGCGGCGGTGATCGAGCCGAGCAGCGCGGTGGTGCGCGGGCCGTCGGCCACCCGTACGGCCGCCACGGCGTTGTCCTGCCAGCCCAGCGCGGGCGCGAACATCGGGTTGAGCCCGCACGCCTCCGCACCCCGGGAGGCCGCCGCCCCGGCCAGCGCGGGGGTGACCGCCTCCTTGACCGAAAGGGTCTCGACCAGCAGCGCCCCCGGCCGTACGGCGGGCGCGCAGGCGGCGACGGCGGGGACGGCGACGTGCTCGGGCAGCGCGAAGACCACCGTGCCGGCCTGCCGCAGCACGCTGAGCAGGTCCGCCGACGGGCGGCAGGCGTCCGCGACGATCGCCACGGTGCCCGGGATCTCCGCCGCCCGCACATCCGCGCACACCACCGGGCCGTCCGGGAGCAGCAGGCGGGCGAGCAGCCCGCCCACCTCGCCCGCGCCGCCGACCACGACCGTCGTCAACGGGACTCCACCGGCTCAGCGGCGCGCAGCGTGGCCACGTCGATCTTCCCGTTCCGGTTGCGCGGCAGTTCGGCGAGGACGACGTATCGGTCGGGCCGCATGTACGCGGGGAGGGTGGCCGCCGCGACCGCGCGAAGCTCGTCCTCGGTGGGCGGGGCGCCGCTCGCGGCGACGAATGCGATTACCTGCTCCGCACCGCCCGGCGGCGTCCGCAGGGTGACGAAGCAGCCGGTGACGGACGGATGCCCCGCCACGGCCGCCTCGATCTCCCCGAGTTCCACCCGGAAGCCCCTGATCTTCACCTGGCTGTCGGTGCGGCCGGCGATGTGCAGCTCGCCGCCGGGTGACCAGAACCCGCGGTCGCCGGTGCGGTAGATCCGCCCGCCGCCTTCGCCACCTGCTCCGCCTCGGGGGTCGGGCAGGAACCGCGCCGCGGTGAGGCCGGGACGCCGGTGATACCCCCGGGCCAGGGCCGGTCCCGCGACGCAGATCTCGCCGATCACTCCCGGGGGCGCCGGCCGGAGCCCGGCGTCGAGGACCTCGACCCGGTAGTTGGGCAGCGGCCCGCCGATCGGGATCCGCCCCTCCGCCGCGTCGGCGATGCCGCAGGGGTGGGCGGTGGCCCACACCGCGCACTCGGTCGGCCCGTAGTCGTTGAGCAGCACGGCGTCCGGGCAGGTGAGCAGGTGGCGCGCGACCAGCCGGGGCGGCATCGGCTCGCCGCCCACCGAGACCAGCCGCAGCCGGCCCAGGCACTCCTCTCCGGCCGCCTCCAGGACGAGCCCGTAGTGCGACGGAACGGAGTGGATGTGGGTGATCGGCACCCGCCGCAGCAGGGTGCGCAGGGCCAGCGGGTCACGCGCCTCGCTCTCGGTCGGCAGCACCGCCGTGCCGCCGCCGGTGAGCGTCCAGTAGAGGCCGCCCGCCGCGCCGTCGAAGCACAGCGGCATGGTGACCAGGTCGCACTCGGGCGGCGGGCCGCCCACCCCGCGCGCGTGCGTGGACACCACGATCGCCCGGTGGCTGACCGCGACGCCCTTCGGCACGCCGGTGGACCCGGACGTGTAGATGACGTAGGCCAGGTCGGCCGTGCGCACCGGCACACCCAGGTCGTCGTCCTGATCGGGGTCGTGACCGGCTTCCGCGCCGGGGTCGTCCGGGTCGAGCACGTGTACGCCCAGGAACCCGGTCGTGCCGCCGACCGCGAGCCGTACGCCGGAGTCGGCGAGGATGCGGCGGACGCGGTCGGCGGGCTGGGACGGCTCGACCGGCACGTAGGCCGCGCCGGTCTTGAGCACGGCGAGCATCGCGACGACCGACTCGGCGGCGCGGCCGGCGAACACCGCGACGAGGTCGCCGGGGCCGGCGCCGGCCGCGCGCAGGCGCCGCCCGAGCCGGTTGGCCCGGGCGTTCAGCTCGCCGTAGCTCAGCGTGACGTCGCCACAGACGAGCGCCGTACGCGCGGGCTCGGCCGCGGCCCGGCGCTCGATCAGGGTGTGCAGGCAGACGTCCTCCACCGGCTGCGGATCGCCGCTGGACCAGGTGGCGATCGCCGCGCGCTCGGCGGTGGTGAGCGCGGCGACGTCGCGTACCGGGCGGTCCTCGGCGATCTCCCCGAGGACCGCGAGCAGCCGGTCGGCCAGGGCGGCGACCACCTCGGGGTCGAACAGGCCGGTGTCGTGGTCGAGGCACACCCCGCCGTCCGCCCACCGCACCACCAGTTCGTGCGGTACGGACACGCCGGCCGGGAGGGGAGAGGCGGTGCGCAGCTCCTCCGCCACCCGGCGGACCAGGTCGGCGGCCCCTTCGCGCTCGTCGACCCGAACGGTCAGCGCGACCGGGCGGGGAGTGCCGACGGCCAGGCGCACCTCGGGCTCGCCCGTGTGGCGGGCGAGGAGGATCGCCACGGCCGCCGCCAGGACGGCCTGCGACGGCCCGCCCTCCGGCCACGTGCTCGTCGGCACCGCGCCTTCCGGCACCGCGCCTACTGTGCCCGCGCTGCCCGGCCGTGCGCTTTCCGGTGTCGCGACTTCCGGCTGTGGGTGTTCCGGGGCCGAGCCGCCGGAGGCGGGCCACGGACGGAACACCGTGTCCGACGTGCCGGATGGCACGCTGCCGCAGCGGAGCCACGCCGGCAGTTCGCCGCCGTGGCGGACGCCGCCGTCGAGGTGCGGATCTCCGGGGTAGGCCGTACGGCCGGGCAGCCGGTTCACAGCAGCACGCGTTCGTGCGGAGCGGACCGGTGCGCCCGCGACTTGCGCAGGTCGCGGGTGACCAGCACCTTCTTCAGCCACCGGTCGGTGCCGTCGTACCGGGCGCGGAACGCGCTCCTGCCGTGCACGGCCCGGTAGTTGTCGACGATGAGCAGATCGCCGGGGCCGAGCGCGACCCCGCGCAGGTTGGCTTCCAGCGACGCGACCAGGGCGGCCAGCGCCCCCTCGGCCTCCCCGTCGCCCGGCAGCGCCGACATGAACACCGGGTCGATGCGCAGGTACGGCGTGTCGGGGTGGCCGAACAGGACCGCGCTCGGCTCGGGCTCGTCCTGCATCCGCTGGATGCTGTGCGGGGACATGCCCGTCGTC
NZ_CP109552.1_gap105	3709507	3711138	1631	GATCGCGTCCAGCGACCCGGCCAGCTCGTCGTACGCTTCCTTCGACAGGCCGAGGGCCGGCTTGGCGAGGTCGCCGGTCACCACCCGCAGCCTCGACCGGTACGACTCGTCCCATGCCCGGTACTTGCGCAGCACCTCCTCCAGGCGGTCCCATGCCTCGTCCCGGCTCTGGCCGCGCACCAGGCAGTGCACGATCGCGTCGGTGCGCTCGATCAGCTCGACCGCCACGAAGGCGCCGAGGTAGCCGGTGGCACCGGTGACCAGCACGTGCTCCGGCTCGAACCACCGGGCGTGCGGCAGGCCGTCGGGCCGTACGGCGGGGTCGAGCGTGACGTCGGCCTGCAGGTCGGCGAGCTGCTGCAGATAGAGGGCGGCGTTGTCCTGGGCGCTGCGCTCGCGCTGCTGGAGCTCGACGACCCGGGCGATGCCCTCGACGGTCGGCACGCGGAAGATGTCGTCGATCGGCAGCTCGATCGTGTGCTGGCGCGACAGCTGCGCGGCGAGCCGGGCCACCAGCAGCGAGTTGCCGCCGAGGGAGAAGAAGTCGGCCGTGACGCTGAGCCGGGGCAGGCCGAGCACCGAGGCGAAGGTCTCGGCGATCTCCGCCTCCAGCGCGGTGCGCGGCTCGACGAAGTCGCCCGCGGCCACCTCCTGCGGCGTGGGCAGCGCGGCGAGGTCGATCTTGCCGTGCCGGGTCAGCGGCATCCGCTCCAGCGTGACGAAGGCGCTCGGCACCATGTAGTCGGGCACCTGCCCGAGCACGTGGTTGACCAGCGCCTCCTGGGTCAGAATGCGGCCGCTCACCGGCACCATGTACGCGACCAGGCGCGGCATGCCGGGCTGGTCCTCGCGTACGGTGACCACGGCCTCGGAGACGAGGGGGTGGCGCAGCACCACGTTCTCGACCTCGGCCGGCTCGACCCGGAACCCGCGGATCTTGACCTGGGTGTCGGCCCGGCCGAGGAACTCGATGGTGCCGTCGGGCCGGTAGCGGGCCAGGTCGCCGGTCCGGTAGAGCCGGCCCCCCGGCGTGAACGGGTCGGGCAGGAAGCGCTCCGCGGTCATCGCGGGGCGGTTGACGTAGCCGCGGGCCGTGCCCTCGCCGCCGATGTACAGCTCGCCCGGCACCCCCGGGGGCACCGGGTGGAGCCGCCGGTCCAGCAGGTGGATCCGCGCGTCCGGGATCGGGCGGCCGATCGGCACGCGGGGCGCGTCGGCGTCCGCCGGCGACACCGGATGCACCGAGGCCCACACCGTGGCCTCCGTCGGGCCGTACTCGTTGAACAGCGCGGCGTCCGGCGAGTGGCGGAAGTGCTCGGCGACCAGGCTCGGCGGGAGCGCCTCGCCCGCGACGACGGTCGCGCGGACGGACGGGCGCGGCTCCAGGTCGGTCTCCAGCAGCAGGGCGTACTGCGAGGGCACGCCGTCGACGTGGGTGACCTCGCGGTTCCGGATGAGCCGGCCCAGCAGGCGGGGGTCGAGCACCTCCGTCTCGGTCGGCAGCACGACCGTGCCGCCGCGGGTGAGCGTCCAGTAGAGGCCGCCGCCGGCCGCGTCGAAGGTCAGCGGCGCGAGCACCAGGTAGCGCTCGGGCAGGCCCGGCCCCTCGCAGGCCGTACGGGCCTCGGTGG
NZ_CP109552.1_gap106	3716014	3720418	4404	AGCTTTCGGCGAGGTCGCGGTAGAAGACCTCGATCGACCAGCCGTCGCAGCAGATGTGGTGGATGACCACGATCAGGGTGTGCCGGTCGGCGGCCTCCCGCACCAGCAGCACCCGCAGCAGCGGCGGCTCGTCCAGCACGAACGGCAGGCCGGCCTGCTCCTCGGCCGCGCGCTGCACGTACTGCTCGGCGGCCTCGGGATCGAGGTGCGAGCAGTCGACCGTGGGCAGCGCCACCAGCGTCTCCACCGCGACGACCTGACGGGGGTCGCCGTCGACCACCCCGACCCCCGCGCGGAGGCTCTCGTGCCGGGCGACCACCTGGTTCAGCGCCCGCTGGAGCAGCACCGGGTCGAGCCGGCCGGTGAGCCGCACCGCGCTGGTGACGTTGTACGCGGCGTTGGCGGCGGGGTCCCACTGACACAGGAACCACAGCTGCCGCTGGGACGGCGCGGCGGGCAGGATCATCATGTCGCCGTAGTCGCGTTCGGGGCCGCTGCCGACCGCGCCGACGTAGGACGAGCTCGTCATCGTTCGATTCCCCCGATGTCCCCGGTTTCCCTGGCAGGCGTCGTCGTGGTCAGGGCGTCCTCGATGAGGCGGACGATCCGGCCCTCGTGCTCCCGGACGAAGAAGTGGCCGCCGTCGAACGTCGTCACGCGGCACTCCCCGGACGTCAGTTCCGCCCACGCGCCGCCGGCGGCGACATCCACCTCGTCGTCGCGGCCGTGCAGGACGTGGACCGGCACCGGCAGCGGCGCGAGCGGCCGGAAGCGGTAGTTCTCTGCCACCGCCAGGTCGGCGCGGATCGTCGGCAGCATCAGGTCGATCAGCTCCGGATAGGCCAGCACCTCGGCGTCGAGGCCCTGGCCCTGGTGGAGCCACGCCACGAGCTCGTCGCGCGGCAGGTCGTGCGCGGGGTCGAACCGCACCAGGTGGGGCGCCTCCAGGCCCGCGACGAACAGCCCGGCGGGCAGCGGCAGGCCGGCGTCGCGGATCCGCCGGGTCAGCTCGAAGGCCACCAGCGCGCCCATGCTGTGGCCGAAGAACGCGTAACGCCGCCCGGTGAGCGGGGTGACGGCGGTGAGCAGGGCGGCGGTCAGCCGGTCGAGGTCCGGGATCGCCGGCTCGCTGAGGCGCACCTCCCGGCCCGGCAGGCACGCGGCGGTGACGCGCAGGCTCCGGGTGTGGCGCTGCCACCCCCGGAACACCGACCCGCTGCCTCCGGCGTGCGGAAAGCACACGAGTTCGCACGCCGGATCCGGCACATCGGCGAACGAGGCCAACCAGCATGATCTCATGCGGGCCATGCACACCTCCGTGGAAATATCGGATCCCGCCGCGGGTAATTCGTGAATTCATGGCACAGCTTTACCGCGGGATCCGTCAAGAATTCGTTCGGAAACTGAGAGAACGCCGGTAGACGCCTGAGAACCGGGCGAGAGCGGGCCTTCTTACATTCTGATCGCCGCCTCGTCGGTAATGCCGCGCCGGGCTCCGCCCGCCGCAGTCACCACGCGAAGGAGCCCCAGCGATGCCCACTCCGGCCAATCGCACGCTCGCCCACGTCCTGGCCGACCACGCCGCGGGACGCCCCGGCCAGGTGGCGTACGAGTACCTGCACGACGACGGCCGCGTCGACGCGATGACCTACGGTGAGCTGTGGCGGCGGGCCTGCGGCCTCGCCGGGCGGCTGCCCAAGGAGGGGCCGGCGCTGCTGCTGTATCCGCCCGGCCTCGACCTCGTGGCCGCCGTCTGGGCCTGTTTCCTGGCCGGGGTGCCCGCGGTGCCGACGTATCCGCCGCTGATGGGCGCGGCCGACCGGATCGCGCAGCGCTTCGCCCGGATCCTCGCCGACTCCGGCGCGACGTCGCTGCTGGCCGACCCGGCGATCCTGGCGCTCATCCCCGTGGGCGGCGTGCCGCTGCCACCGGTGATCTCGGAGGCGGGCGAGCCGGTGGAGCCGGAGGCCCTGCCGCGGCCGCACGACGTGGCGCTGGTGCAGTACACCTCCGGCAGCACCGGGCAGCCGAAGGGCGTCGTCCTCGACCACGCCAATCTCGTCGCGAATATCCGGGCGATCAGCGACGTGTTTCGCGTCGATCGGGACATCCGGGTTATCTCATGGCTTCCGCCGTACCACGACATGGGTCTGATCGGTTGCATTCTGACGCCCGGGTACGGCGGATTTCCGGTCCGGCTGATGTCGCCCGTGCATTTTCTCCGGCAACCGCTCGACTGGTTGCGGCAGATCTCGGAAATGGGGGTAACGCACACCGGCGGGCCGAATTTCGCCTACGACCTGTGTGTGCGCCGCGCCCGCGGCGCCGACCTGTCCGGGCTGGACCTGAGCCGGTGGCGGCTCGCGTTCAACGGCGCGGAGCCGATCCGCCCGGGCACGCTGCGGGCCTTCGCCGAGCGTTTCGCCGGCAACGGGTTCCGGCCGGAGGCGTTCCTGCCCTGCTACGGACTGGCGGAGGCCACCCTGATCGTCACCGGGCGGCACTTCTCGCCCGGGGACGGCGTCGGCGAGGACGGACGGGTGGACTGCGGCCCGGCCGTCGACGGGCACTCCGTGGTGGTCGTGGACGACGGCGCCCCGGCGGCGGACGGGGAGAACGGCGAGATCTGGGTCCGGGGGCCGAGCGTCTGCCGCGGCTACTGGAACGACTCCGACGACCGGTCGTTCGGCGAACTCGGCGGCGAGCGCTACCTGCGCACCGGCGATCTGGGCTACCTGCGAGACGGGCACCTGTTCGTCACCGGCCGGTCCAAGGACGTGCTCATCCAGAGCGGCGTGAACTTCCACGCCCACGACCTGGAGTCGGCCGCGGTCGACGGGCACCCCGCGTTGCGGCCGACGGCGGCGGCGTTCATGGTGGAGCGCGCGGAGGGCGAACAGATCGTGCTGGCCGTCGAACTCGCCCGGGCCGGGGTGGACGTCGACCGGGCCACGATCGCCGCCGACCTCAGGACCAGGGTGCTGGCCGCCACCGGCGCCCGGGTGGACATCGTCGTGGTCTGCCCGCCCGGCGCCATTCCCCGTACGACGAGCGGCAAGGTCCAGCGCTCGCTGGCCCGCACCCGGTATGCGGCCGGCGAGCTCAGGGGAGAGGTCATCGGTGACCGCGCGGCGCCCGTGGAGCGGTTCCTCGCCGGTGTGTTCGCGGCGGTGTGCGACGTGGGCGAGTGCGCGCCGACGCAGAACCTGAGCAGCATCGGCGGTGACTCCGTCCGGGTCGCCGAGATCGCGGCGATCCTGGAGGACGCGCTCGCGCTGCCCGTGCCGATCGAGGTCGTGCTGTCGGCCCAGTCGCCCCGCGAGGTCACGGCCCGGCTCATGGCCGGCTGGCGCGAACAGGGTGTTTCCGGCGCCCAGGTCGCGGCCCGGATCGCGGCACTGACCGAGGCCGGTGGGTCGCGGTGAGCGAGCACGCCGTAGGACGCGACCTGGTCCGGCGCTGGCGCGACCGGGCGGCCGTGTCCGCCGCCGTGCCCGCCGCCGTGTCCGCCGTGTCCGCCGCCGGCACCGACGCCGGTGAGGGGGCGGTCAGCCCCGCGCAGACGGGGCTGCTGCTCTTCGAGCAGCTTCACCCGGGCACCGCGGTGAACATCCTGTCGTTCGTGGCCTCCGTGGCCGGGCCGGTCGACCGCGGCCGCCTGCGGTCGGCGCTCGCCCGGATGGCCGTGCGCCACCCGCTGCTGCGCGCCCGGTTCCCCCGCGAGGAGCCGCCGAGATGCGTCGTCGATCCCGCCGTCCGTCCCGCTGTCGATCCCACAGCCGATCCCACAGCCGATCCCACAGCCGATCCCACAGCCGATCCCGCTGCCGATCCCGCTGCCGATCCCGCTGCCGATCCTGACGTCGATCCCGGCGTCGATCCCGCGGTCGATTCCGTCACCGGGCCGTACGCGGGGCCCTACGCGGGGCCGGAGCCCGAGTTCGCCGACCTCGCACACCTGCCGGAAGGCGAACGGCGGGAGGCGGCACTGGCCCGGGCCGGGGAGTTCGCCGCCAGGCCGATGGACCCGGCCACCGGCCCGCTGTGGCGGGTCGCCGTGTGGTCGCTCGGTCCTGATGAAACGCTCCTGCAGGTCGTGGCCCATCACCTCATCTGCGACGGCTGGTCGCTGGGCGTGTTCCTCGCCGAGCTGACCACCCTCTATTCCGGGGGAACCCTGCCCGGCGCGGCCACCCCGTCCACCGGGGGCACGCCCGTCACCGAGGCGGACCTCGCCTACTGGCGCGAGCGGCTGTGCGACGCGCCTCCGCTCGACCTCCCGGCCGACCTGCCACGCCCCGTCCGGCCGCGCTTCCGCTCGGCCGCCGTCCCGGTGTCGCTCGACGCGGCCACCGTACGGCACGCCCTGGAAGCCGCCGAGCGCGAGCGGGTCACCCCGTTCAT
NZ_CP109552.1_gap107	3909872	3912067	2195	CGGTGATCCTGCCGCTCGTCCTGCCGATCGCGGTGGTGGTCCTGCCCCTCGCCGACCTGATAATGGCGGTCGTCCGCCGCACGTCGGCCGGACTGTCGCCGTTCGCCCCCGACCGCGGCCACCTGCACCACCGGATGCTCGACATCGGCCACTCCCACCGGCGGAGCGTCCTGATCATGTACGCGTGGACGTTCCTGTTCGCCTTCACGATCGTCGGCCTGTCGATCGTCGGCGTGGGGGTCGTCGTGTTCCCGCTGACGATCGCGTTCGCGGTGGCGGTGCTGGTCGTCATGGGCCTGCCGCGGTGGCGGTCGCGCCGCACCCTGGCCCGCGACCAGAAGGCCGGCGCGAACGCGGCCCCGGGCGTGGCCGCCGGCGCCGCCCACCCCGTAAGCCCCGCACGCCCCGCCCGCCCCACGACCTCCGAGCACGACACGCTCGTCTTCCCCGTGGTCCCCGCGCCCGCGCCGCCCCTGACTTCCGGGCGGCACGCGTCCGGCGCGCCGGGGCAGGCCGCGCCCGTCGTGCCCGGGCAGGCCGCGCCCGGGAGGCTGCCGGCGAGCGGCCGCAATCCCTACCCCGGACAGGGCCCCTCGGGTGCCGGAGCCATCCCGCCCACCACCTCCGTCACGGACGCGCAAACCCTCCGCTGAGCCCGGCCCGGCGCGCCCGTACCAGCAGAAACGCCAGGTAAAGGTGGCACTCCGAGGCTTGTGATAGCTTTCACTAGCAAGGGGCCGGGCATACGCCGCCCCGGCAGGTAGCAATCGCTCGTTTGACAACCGATCCTGGAGTTCCGATGCAGGCCAACGACGTGCGCGTGCTCAAGGGCGCCGCCGTGCCGACCTTGATCGTCGGTCTCGTCGCCGTCGTCGTCGCGGCGCTCGTGACCGGTTCGCAGGGTGCTCTGGGCGCCGGCATCGGTCTCGTCATCGTCGTCGTCTTCTTCACCGTCGGCCTCGCCGTCGTCTCCTGGGCCGGCCGGGTCTCGCCCATGGCGATGATGGCTGCGGCCGTGGTGGGTTACGCCGTCAAGGTCCTCGTGATCATGGTGATCCTGCGCGCCCTCGACGGGGCGACCGCGTTCGACTCCCGGGTGCTCGCGCTGAGCGTCATCGCCTGCACGCTCGCGTGGACCATCGGTGAGATGCGCGGATTCATGAAGCTCAAGATGCTCTACGTCGAGCCGGACGCCGAGGTCCCCGGGCGGGGACGCGGATGACCATGCGTACGGGGCAGCCCGATATGACTAGTCCGCATGGCTCCTGCTATCGTCGTGCCCGCGATGAGCGAAAAGGAGCGCAGACCCGAGACGGACGGCCGCGACTTCGCCGACGCCGCCTGGTCGGTCCCGAGCTATCTGCTATCCGGGATCCTGTTGTGGGGCGGCCTCGGCTGGTTGCTGAGCTGGTGGACCGGCGTGCACGCGTTCATCCCCATAGGCGTCATTCTCGGGGTCGGGCTGGCTTCCTACCTCGTCTATCTGAAGTACGGCCGCTGACAGCCGGCCCGCTTCCCACGCTCTTCTGTTGATCCAATCGTTGAAGGGAACGCCCGTGCGCGAGCGTAGCGAACGGACGAACAAGCACATGCTTCGGGCATTCAGCCCCGAGCGGGTAGGCGAGGTGACAAGGTGACCCCCCTCGTTCTCGTCGCCGAGGACGCGTTCACGGCGCCGGGGCCGTCGATCTTCGACTTCCCGCCCCTGTTCGAAGGCGCGCCCTACTGGCTGACCAAGCCCGTGCTTTTCGCCATCGTCGGCGCCCTGCTGGTTTCCGCCCTGGCATGGAGCGCCTTCGCCAACCCGAAGCTCGTCCCCCGGGGCATGCAGAACGTCGGCGAGATGGGCTACCAGTTCGTCCGCGACCAGGTCGCCCGCCCGTTCCTGGGCAAGGACGCCGAGCGGTGGATGCCGCTGCTGCTCAGCCTGTTCTTCCTCATCCTGCTGTGGAACTTCTTCGGCGTCATCCCGCTGATCCAGATCCCGATCGCCTCGCACATCGCGTTCCCGATCGTCTTCGCGGTCACCATCTACATCATCAAGATCTACCTGGGCATCAAGCACCAGGGCTTCGGCGGCTACTTCAAGAACATGATGTTCCCGCCCGGACTGCCGAAGGCGATCTACTTCCTGCTGGCGCCGATCGAGTTCCTGTCGAACCTGATCATCGCGCCGTTCACGCACGCCGTCCGGC
NZ_CP109552.1_gap108	3920909	3921492	583	CCGGCCCGATGGCGGTCATGTACTCCCGGCGCACCAGCGTCCAGCCGTCCCCGAGCGTGGTGATGTGCTCGGCCAGCAGCTCCTGCAGGTGCGCCTCGACGCCGTCCTTGCGCAGCCCCGGATCGACGCCGAGCTCGTGGCTGGAGTCGTGCAGGACCTCCTCGATGGTCAGCACCAGCTTCTCGCCGGTCTTGCCGTGCACCACCGACCAGGTGAGCACGCCGTCGATCGTCTCCTCGCGCACCTTGCAGGGCGGGTTCATCCAGTTCAGTGGCTTGAACGCCCGGTCGTCGGCGTGGATGGACACGCTTCCGTCCGCCTTCATCAGGACGAGCCGGGGCGCCATGGGAAGGTGAGCCGTCAGCCGCCCCACGTAATCGACGCTGCACCGCGCGATGACCAGCCGCATGAGCGTCAACCTTATCGGGCTTCCGGAGAGCCGGAGCCGTTCTCCGGCACTGTCCGCCGGTGCGCGACGTGTTCGCGTGACCGCCCCGCCGCAGGGTCTGACCGGTGCGACCGGCATCCCGGCGTACGAGGACCTACCGGTGCTGGAAGAATGGGGTGGGATCTCCCGTTCCGT
NZ_CP109552.1_gap109	3931038	3933032	1994	TCGCCTGCTCCGTGCGGGTGTCCCCGGATCCCGTTGTCCGCCGCGGCCGGCCGACGACCGGCCGCTTCCCCTGCGGCGAGATCCTGTGACACCCGGTAGCAGACGGGGTTCCCCGTGCCGCCGGGTTTGCCGCCGCCTCACCTTTCGACGTGGCAACCATAACGGAGCGTGACCCTGCCGGGAGGAGTTCTGGGGTCAAGGACTCGGTCCGGTTACGCTGGGCCGCCCTGGACGATCAAGGCCGGAGCCGCGCTACCGTATATCGCTGTGTCCGTTCCGCCCAGCTCAGAGCCATCGCCCGTGACCGGTTCCCGGCCGCTCAAGCTCCCGTTCGACCCGATCGAGAGGGCCGCCGAGACCTGGCGCGCGACGTTCGGGCCGTCGTCCGCCATGGCCGCCGTGACTTCGATCATGAGAGCCCATCAGATCCTGCTGGCGCAACTGGACACGCTGCTCAAGCCCTACGACCTGACCTTCGCCAGGTACGAGGCGCTCGTGCTGCTGACGTTCAGCAGGTCGGGGGCGCTGCCGTTGTCGAAGATCGGCGAGCGGCTGATGGTGCATCCCACGAGCGTCACCAACACGGTCGACCGGCTGGAGCGCGCCGGGCTGGTGCGGCGCATGCGCAACCCGCGCGACGGCCGCGGGGTGCTCGCCGAGATCACCGCTGAGGGCCGGGACATCGTACGGCGGGCCACGGACGACCTGATGAACGCCGGTTTCGGCCTGGGCATGTACGACGACGCCGAACTGGGCGAGATGTTCGGCCTGCTCCGGACGCTCCGGGTCGCGGCGGGCGATTTCGGCCCCTGACCCCCCGGCTCCTGCCTCCCGTTCCCGGCCCCCCGACGTGAACGGGCCCCCGACGTGAAGGGGCCCCGGCCGCTGTCGCGCGGCCGGGGCCCGGAAGGGCGGACCGGTGGCGCGCCCGCGTGTTCACGGGCGCGCCGCCGATCCGCGGTCGTCAGCGGCCGACGGCGTGGAGGGCGTCGACGATGCCCTTGCCGTAGAAGCCGTTGCCGGCCGCGGTGCCCTCGCAGACGTGCGTGGTCGTCACCGTGGTGCCGCTCGGCAGGTTGCGGGTGTAGGTGTAGGCGGGCGGGTTCGGGCAGGCCGCCTTGGTCGCCGTGCCCTTGAGGATGGCCTCGACCCTGTCCGGGTCCATGGTCAGGCCGCCGCGGAAGCGGTCACGCTGGCCGTACCGGCTGACGATGAGCGCCGCGACGCCGGCCGCGCGCGGCGAGGCCATCGAGGTGCCCTGCAGGTACTGGTAGTAGGCGCAGGTCGAGCCCTTGCAGTCCTTCACCACGTAGTCGACCGTGGGGTCGCCGTTCGCGTCGATCTCGCCGTTGGCCAGGGCCAGCGCCTTGGGGTACGCGGACAGGGTGGCCTTGCCGACGTCCCGCGTGTTGCCGGGGGTGTCGTAGACGTCGCCGCCGGGCGAGGCCACGTCGATGTAGCCGTTGCCGTAGCTGGAGTAGTAGGCCTTCCGCTTGCTGATGCCGGTGGAGGACACCGAGATCACATGCTCGGCCTCGGCCGGCAGCGAGACGCAGGACGCGGGGATGGTCCGGGTCCTGACCGCCTGGCCGGGGAAGGTGGCGTAGTCGGGGCTGACCGAGTCGACGTTGGTCCTGGTGTAGTCGATCGCCTCGTTGCCGGCCGCGGCGACCAGCGTCACCCCGTGCGCGTGCGCATAGTTGATCGCCCGCTGGGTGGCGGCGATGTAGAGCCGCTGCTGCGCCTGCTCCTCGGGGCTGTCGGCCGGGTTGTCGGCGCAGTTGAACAGCCACGGGTCGATGTAGTAGCTCATGTTGACCACGTCGACGCCGATGTCGCCCGCGTAGGTGAGGGCGTCGACGGTCGGCTGGAGGAAGAAGTAGCCCGAGTCCTGGCCGGCCCGCAGGTTCACGATCGTCACCTTGGGTGCGACGCCGGAGATGCCCAGCTTGTTGATGGGCGCGGCGATCGACGAGGCGACGTGGGTGCCGTGG
NZ_CP109552.1_gap110	4040093	4042380	2287	TGCTGACGCGCGGGCTCGGGGTAATGGACGCCACCGCGATCAGCCTGTGCATGGACAACGGCCTGCCCATCGTGGTCTTCGACCTCATGGGCGAGGGCAACATCCTGCGGGCGGTCCGCGGTGAGAAGATCGGCACGCTGGTGAGTCCGGCAGGGAAGTAGGGAGCCGCAGTGATCGACGAAACCCTCCTCGAGGCCGAGGAGAAGATGGACAAGGCGGTGACGGTCGCCAAGGACGACTTCGCGAGCATCCGCACCGGCCGCGTCACGCCCTCGATGTTCAACAAGATCAACGTTGACTACTACGGGTCGCCGACGCCCATCCAGCAGCTCGCGTCGTTCCACGTCCCCGAGGCGCGCATGGTGCTCATCCAGCCGTACGACAAGGGCTCGCTGAACGGGGTCGAGAGGGCCATTCGCGACAGCGACCTCGGCGTCAACCCCAGCAACGACGGCACCGTGATCCGCGTGGTGTTCCCCGACCTGTCGGAGGAACGCCGCAAGGAGTACATCAAGGTCGCCCGCAACAAGGCCGAGCACGGCCGGGTCTCCGTGCGGAACATCCGGCGGCACGCCAAGGAAATCCTCGACAGGCTCGTCAAGGACGGCGAGGCCGGCGAGGACGAGGTCCACCGCGCGGTCAAGGAGCTCGACGACCTCACCCAGAAGCACGTCGCGAAGATCGACGAGCTGCTGAAGCACAAGGAAGCCGAGCTGCTCGAGGTCTGACGCCGCGGCCTCCGGGCCGGACGGCATGACCGTGATCCTTGTGCCGCGATCCTTGTGCCGCGCCATGGGCAGGTGCGGCACAAGGATCACGCGTATATGGAGAGTGAGACGCTGTGGACGGAACTGCAGCCGCCGGCGACCGGAACCCGGCGGAGGGCGCGACCGGACCCTCCGGCGCGGGACACGGCACCGAGAGGGATGATCCGGCGCACGCGGGCGTGCCGGGGCACCCGTCCGGAGACGCCGGGAAGCCGGTCGGCCGCACCGGGCGCAACCTCCCGGCCGCCGTGGCGGTCGGCGTCGCGCTGGGCGCGGTGGTCATCGGCTCGCTCTACTTTGTCAAGGTGGCGTTCCTCGTCGTGGTCCTGATGGCCGTCGGCGTGGGAGTCTACGAGATCGTCAAGGCGCTCGGCGACCACGGGGTGCGGGTGCCCCTCGCGCCGCTGCTCGCGGGCATGGCGGCCATGGTGCTTGGCCCGTACTGGGGTGGCGCCACGTTCCTCGTCGGCGCGTTCGCGGTGACCGTGATGGTGCTGCTGACCTGGCGGATGTTCCAGGGCGCCGAGGGTTTCGTCAGGGACGCGACGGGCGCGTTGTTCGTCGCCGCCTATCCGGCGCTGATCGCCGGGTTCGTCCCCCTGCTGCTGGCCCCCGAGGACGGGCCCGACCGGGTGATCGTGTTCGTCGCGGTGACGGTCTGCAGCGACATCGGGGGCTACTTCGCCGGAATCTTCTTCGGCAGGCACCGCATGTCGCCGCTCATCAGCCCGAAGAAGACTTGGGAGGGCTTCGCCGGGTCCACCCTCGCCTGCGTCGTCGCCGGCGCCTTACTGGTGCACTTCCTGCTGGGCGGCGAATACTGGGAGGGCGCGGTCGTCGGCCTGGCGGGAGTCGCCTGCGCGACGCTCGGCGATCTGGTCGAATCGGTGGTCAAGCGCGACATCGGAATCAAGGACATGGGCACGCTGCTGCCGGGTCACGGCGGGGCGATGGACCGTCTCGACTCGCTGCTGTTCACGCTCGTCCCCGTCTGGCTGCTGCTCACGCTGCTCGTCCCGGTCGCCTGAAGAACCGGTCGCGGAGTCAGATCCGGCTGGTGAGGGCGAGCCGCTCGGTCACCGCCCGATGACCGTGCTCGGCCACCAGGCGGAGTTCGGCGTCGGTGAGCGGGAGCAGCCACAGCCACCGTACGACGTCCCCGCCAAACATGAATCCGGACATGTCCGGCAATCCTGGCGGGTCCATCAGCATGAGGACCCCCTCGTGCCCGCCGCCCAGGGGGAACGTCGCCGGCCTCTGGAACCAGCGGGCCGTGTGGCCATGCCCCAGCCACGTCACCGAACGCCACGGGTACTGCCCGAGCCAGGCGAACACCCGAGCGGCGGCCCTCGGATCCTGCCTGGTCGCGAGCGCGAGCTCCACCCGGCACGCCGTGTCGTACATCTCCGCGGTGGGCATCCGCTGGCAGCTCATGCCCACGGTCGACAGGACCGTGTAGTCCCTGGTGAACGTCGGCGGGCGTTCGCTGACGCCGACGAGCGGGAGGCGGTCGCCGCCGG
NZ_CP109552.1_gap111	4212262	4215304	3042	CCCGTCGTCGTGCTGCCCTCGGCCGACCCCGCCGCCGTGGCCTCCGGATTCGCGGCCTCGCTGACCCTCGGGGTGGGACAGTTCTGCACCAACCCCGGCCTGGTGTTCGTCCCGGCGAAGGGCGGGTTCGAGCAGGCGATCGCCGAGGCCGTGGCCGGGACCAGCGGCGGGCCCATGCTGACCGCCAAGATCCGCGAGGGCTACCTGCGGGTGTCCGGCAGGCTCGCCGAGCGGCTCGCCGTGCTGGCCGGTGGAGGCGAGGTGGACGGCATCACCCCGCGGGTGTTCGCCGCGGACTTGGAGGCGTTCGCGGACGGGCTGCCCGAGCTGGGGGAGGAGTGCTTCGGCCCCTCGGCGATCGTGATCCGCTACCGCGACCCCGCCGATCTGCCCGCCGTGCTGCGGCGGCTGCCCGGGTCGCTGACCGCGACCGTGCACGCCGCCGGGCCCGAGGAGGCCCGCGACCTGCTGCCGGCGCTGCGCCGGCTGGCCGGGCGGCTCATCTGGAACGGCTGGCCCACCGGGGTCGCCGTCTGCTGGGCGATGCACCACGGCGGCCCCTGGCCCGCCTCCACCACCCCGGCGCACACCTCCGTCGGCGCGGCCGCCATCAGACGCTGGACGACCCCCGTGGCGTACCAGGACTGGCCGGAGGACCTGCTCCCGCCGGAGCTGCGCGACGGCAACCCCCTCGGCGTGCCCCAGCGGGTGGACGGCCGCCCGCGCCTCTCCTGACGGCCGTACGCCCACGTAATCTGGACTCCCGGATGTGCGGGAAACGGGGGTTTCGCCGTGCTCGACGTCGTGGGCGGCCTGATCGACCGCAGTGAGGTCTTCTACGACCAGCTCGAGCTGTGCGTCCAGCTCGGGCTCCGCCTGCCCGCCTGAGACGTGCGGCCGGAGGATGATCTGGATGTGGATGACATCGCCTCCCGTACGGTCGCCTCCCGGGGAACCGGCTCACAATAGGAGGCGGACAGGTGGGTCAGGGAGGTACCAAATGGCGGAACCCGTGCCGCACGTGAAATCGGCGCTCCGGACGGTCGAGCTGCTCGACTTCTTCGCGCGGTATCCCGGGCTGCACAGCCTCACCGACCTGCAGGGCAAGCTGGGCTATCCCAAGAGCAGCCTGCACGCTCTGCTGCGCACCCTGGCCGACCTCGGCTGGATCGAGACCGACGTCACCGGCACGCTGTACCGGATCGGCATGCGGGCGCTGCTGGTCGGGGCGACGTACATCGACGGGGACCCGGTGGTCCAGCTCGCGCACGACGCACTGGACTGGCTGGCGGAGGTCACGGGGGAGACCGTGCACCTCGCCCGGCTCGACCACTTCGACGTCGTCTACCTCGCCACCCGCGCCTCACGCCACTACCTGCGGCCGTTCTCCCGGGTCGGGCGCCGACTGCCCGCGAGCACCACCTCCCTCGGCAAGGCGATCCTGGCGAGCCGGGACGACGAGGAGGTGCGGGCGCTGCTGCCCGCCGAGCTGCCCTCGCTGACGGCGCACACCATCGTGGACGCCGAGGAGCTGCTGGTCGACCTGCGCCGGGTGCGCAAGCAGGGATACTCCGTCGACCGGGAGGAGAACACCGAGGGGCTGCGGTGCTTCGGCGTGGCGCTGCGGATCAGCGACCCGCCGAGAGACGCCATCAGCTGCTCGGTGCCGATCCCGCGCCTCACCCCGGAGCGGGAGAAGGAGATCGCCTCCTGCCTCCTGGAGGCGCGCGAGCGCATCGAGCGCTCCGCCCTGCGTCAGCGCCGCGCCTACTGACAGGCGGGGGCGCGGCCGGTCCGTTCCGGCGAGCCTTCCGGACATCTGCGCGCCTTACGAGTAACTTCGGCATCATGGCCACCCGTACGTCCGGACAGGGGTCCGGCAAGCGCTCCACGCCCCGCTCCGGGCCGCGCTCAGGGTCCCGTACGGCAGCAGGGTCCCGTACGGCAGCACCGAAACGGTCCCCGGCGGGCTCCCGAGGCAGGGCGGCGCCCCGGCCCGCGCCCAGGAAACGCCCGCCCGCCACCGGGCACGACCCGATCAGCTGGGTCTTCCTGGTGATCGGCAAGGTCGTCATCGGCCTGTGGATGGTGGTGGCGAACAGCCTGGGCATGGCCGCCCGGGCGCTCGGGCAGAACGCCCGCGAGCTTGACCCCGTGCACCGGCGTGACGGGCAGGGCCTGTCGGTGCTGGCCGGCGCCATCGTGCTCGCCGCCCTGACCTGGCGCCGCGACACCACGACGGGCTTCGCCGCGTTCGTCGACGCCGTGGTGCGCGGCACGGTCGGCTCGCTCACCTGGGCCGTCCCCGTGCTCCTCGCGCTGCTCGCCTGGCGGCTGCTGCGCCACCCCGACCAGAACTCCGAGACCGGCAGGATGGGCATCGGCTGGACCGCATTGCTGGCCGGGATCCTCGGGATCGTGCACGTCGCTCACGGCACGCCGTACCCCTCGGGCGGGCCGACCGACGGCATGGACAACGTGTCGGCGGCGGGCGGCATGGTCGGCTTCATCGTCTCGGCGCCGCCGTCGAGCATCCTGCCTGCGTTCATCACGATCCCGCTGCTGGTGATGCTGTCGGGCTTCGGCCTGCTGGTGATCACCGCGACCCCGGTGCACCGCGTCCCCGAGCGCCTCGCCGAGATCCGGCACATGCTCTTCGAGCGGCCGGAGGGAGCCGGGGAGCCGCGCAGGTCCCCGGCCGGGCAGAAGAGGCGCACCCGCAGGTCGCAGGGCGACGCCGGTGAGGGCGGCGACAGGGTCAAGCCGTACGACACGCCCGTGCTGTCGGACAAGGAACACTCGCCGGAGATCGTCCCCGGCCTGGTGGACGAGACCGCCGACACAGCCGCCGACGCGGCCGCGCCGAGCGAGCCCACCGAGCCGGAGATACAGCTCCCCGCGCCCGTGTCGCAGCCGCCGCTGCCGACCCCGGCGCCGCGGAAGGTCGAGCAGCTCGTCCTGTCCAGCCAGGAGGGGCCCTACACGGTGCCCGACCTCGCGCTGCTGCGGCCGGGCAGCGCGCCCAAGCAGGAGACCAAGGCC
NZ_CP109552.1_gap112	4349469	4352834	3365	CAAGACGCTGAGCCAGGCGCTCTCGCTGGCCCTGCGCAGCGGCTTCTCCCGCATCCCCGTCGTGGGGGAGAACGAGGACGACGTGGTGGGCATCGCCTACCTGAAGGACATCGTCCGCCGCATACAGGACACCGGCGACGACGGCGTCCGGGTGGACGAGCTCATGCGCCCCGCGACGTACGTGCCGGAGAGCAAGCCCATCGACGAGCTGCTGCGCGAGATGCAGGCGCGGCAGATCCACCTCGCCATCGTCATCGACGAGTACGGCGGCACCGCCGGCCTCGTCACGATCGAGGACGTGATCGAGGAGATCGTCGGGGAGATCGCCGACGAGTACGACCAGGAGACCCCGCGGATCGAGTGGCTCGACGACGGCGCCGCCCGGGTGACCGCGCGGCTCCCGGCCGGCGAGCTGGGCGAGCTGTTCGGCACCGAGATCGAGGTCGAGGACGTCGAGACGGTCGGCGGCCTGCTGGCGCACGCCCTGGGCCGGGTGCCGATCGCGGGCTCCGAGGCCGTGATCGGCGACCTGCGCCTGACCGCCGAGAACCTCGCGGGACGCCGCAACCGGATCAGCACCGTCGTCGTACGCCGTGAGGAGCCCGCTCCCGGCGACGAGGTCGTGGCCGTGAGCGCCGACCACGAGTGAATCTGGTCCGCGTATATCCGGCCTGGGTAATGTGACCTCCCATGGCGGTCTTCTCCGTACTTGGAGCGCTACAAGCCATCCGCGAAGACGGGCCGATCGAGTTCGGCGGCCCACGTCAGCGTTCGGTGCTCGGGCGCCTTCTGGTCGCCCGGGGCCAGGTCGTGCCGGTCGGGCGGCTGATCAGCGATCTGTGGCGGAACCAGCCGCCGCCGGGCGCCGCCGGTTCCATCCAGACGTACGTCTCCCACCTGCGCCGGGCCCTGGAGCCGCAGCGGACGATCCGCACGCCCGCGAGGCTCCTCGTGACCGTGCCCCCGGGGTACGCCCTGCGCGCCGAGCACGTGGACGCCTGGCGGTTCGAGGAACTGGTGCGGCTGGGCAGCCGCCGGCTGCTCGACGGTGACGCGGCCGCCGCGGTCGTCGCCCTGGAGGAGGCGCTGGCCCTGTGGAAGGGCCCGGCGTACCAGGAGTTCGCCTCGGCGGACTGGGCGCTGAACGAGATCGCCCGGCTCGACGAGGTCCGGGCGACGGCCGTCGAGCAGCGGGCCTCGGCGGTGATGGCGCTCGGCACGCCCGGCTCGGTCGTCGCGGACCTGCGCGCCCACCTCGCCGAGCACCCGCTGCGCGAGGAGGGCTGGCGGCTGCTCGCCACCGCGCTCTACCGGCAGGGCAGGCAGGGCGACGCGCTCGCCGCGCTCCGCGAGGCCCGCCGCATGCTCGTGGCGGAACTCGGCGTCGATCCCGGTCCCGCGCTGCGCCGCCTGGAGGCCGGCATCCTCGCCCATTCCCCCGAGCTGGACCTGCCCGGCACGGCCCGTGCGGCCGAGTGGGACAACCCGGCCGCACGTCCCCCTCTCCCGCGCGACCTCCCAGCAGTTCTCCTTCAAGTCCGCACAGCGGCTCCCACAGCGGCTCCTGCGGCCGGCCTCGCGAAGATCTCCACCGCGGTTCCCGTGGCAGCGGCCTGTCAGGAAGGCCGGATCCGGTTGTTCGGGCGGCGGAGCGAGATGTCGCTTCTGCTGGGCCTGTCCGAGGGCGTCGCACTCGTCACGGGCGAGGCGGGCATGGGCAAGACCGCGCTCGTGGAGGAGGTCGCCGCCGTCTGGGTGGGGCAGGGCGCGCGGGTCGCGATCGGGCGCTGCCCGGCGACCCGGGGCGCGCCGCCCGGCTGGGCCTGGGCCGAGATCCTCCGTACGCTCACGACGGCCGTGCCGCCGCCCGAGCACACGGCCGGGAGCGTGCGGGGGGAGGGATTCCACGGGCGGCGGGCGGTCGCGGCCTACCTGCGCGACGCCGCGGCGGAGGCGCCGATCCTGGTCGTCGTCGAGGACCTGCACCGGGCCGACCGGGAGACGCTGGACACCCTCCTGGACGTCGTCGCGGAGACGGCCGGTGCGGCCGTCGCCGTCGTCTGCACCTTCCGGCAGGAGGAGGCGGGCCGGCTGGCGGGGACGACGGCGGCACTCGCCCGGCGCGAACCGCTCCGGATCGGCCTGCGCGGCCTGCGGCCCGGCGCCGCCGCCGGTCTCGTAACCGCCGTCGCCGGCCTGCCCGTCACCCGCCCGGCCCTGACCGCGCTCGCCGCGCGCACCGGGGGCAACCCCTTCTTCCTCCGGGAGACCGCGCGCCTGATCGCGGCCGAGGGCGAGGCGGCGGCCCTGACGACCGTTCCCGCCGGGGTCCGCGACGTGCTCGCGGCACGCCTCGCCGTCCTGCCCGCCCGGGTGCGTACGGTGCTGGACGTGGCGGCGGTGCTCGACGCCGAGGTCCCGGGGAAGCACGCCGGGGGCGTCGACCTCGACGTGCTCGCGGCCGTCCACGGCGGTGGTGAGGACGCCGTGGTGGACGCGGCCGAGGAGGCGCTCCTGGCCGGGGTGCTCGTCGAGCCCGACGACGGCGGGCTCCGCTTCGCCAGCCCCGTCCTCCGCGACACCGTGTACGGCGCGATGCCGCGGCTGCGCCGCGCCCGCACGCACGCCCGGGTGGCGGCGGTGCTCGAACGGCTGCGCCCGGACGAGGCGGCGGCGCTCGCGCACCACCACGCGCTGGGCGGCGACCCGGTGAGGGCGGCGCGGTACGCCCTGACCGCCGCCGAGCGGGCCGACCTCCGCTACGCGCGGCGGGAGAGCGGGCTCACCCGGGCACCCGGGTCGCGGCCCGCCAGAGACTACGCCTCGGTGGCCCGCGACCGGCTCCGGGAGACACAGAACCCGCCGACGGGTGCAAGCCTTCTTTAAGCGGCTTGCAAGTGTGCCCTGCCACTGTTGTCCCAGGCGCCCAGAAGGGGTTCGGGGCGCCTCATAGGGAGTCCGGCGCTCCGGGAGGGGTTCGCGGGGCACCGGCAACTCCCATGGGGGATCCGTAAGCGGTGCGGGGCTTTCACCTTCCGAGGTGGAAGCCCCGTATCGGTTACGCAAAGTGATTACCCGCTTCCGGTCCGGGGAAGGACAACCTCCGGTAATGCGCCCGAGCGGCGGGGAGGCGGGCATGCGGATCGTCCACGCGGCAGTCGCGGGCTTCCTGGCCCTCGCCACCGGGCCCAGCGTCGCGACGTACGCCACCGTGGGAGCCGCACGGGGAGCCGCACGGGGAGTCGCACGGGGAGTCACGGCCACCGAGCGGGCCGCCCGCGACACCCAGGGCACGGGAACCACGCGGAACGCCATGGCGGCGCGGAGCGCGGGGCGTCTGAGAGGCGTGCTGGGGACGATGCGAG
NZ_CP109552.1_gap113	4353926	4356646	2720	ACAGCCTGGTGCTGTCCACGCTCACCGAAGTCGACGTCATCGGGTTCTGCGTCCCGGCCAACGAGCCGATCGGCAAGGGCGACCGATTCATCGTCGAGAAGCTCACCGCGGTCAAGAAGACGCCGGTCATGGCCGTCGTGACCAAGTGCGACCTCGCCACCCGGGAGCAGATCGCGCACCAGCTCCTGGCGGTGTCCGGGCTGGCCGAGTTCGCGGAGATCGTCCCGGTGTCCGGGCAGAGCGGCGAGCAACTCGGCGTCCTCGCCGACGTGCTGATCAAGCGGCTGCCCGAGTCGCCCCCGCTGTACGTCGGCGGCGAGCTGACCGACGAGCCGGAGCAGGTGCTCGTCGCCGAGCTGATCCGCGAGGCGGCACTGGAGGGCGTGCGGGACGAGCTGCCCCACTCGATCGCCGTCATGGTGGAGGAGATGAACCCCCGGGAGGGCCGCGACGACCTGCTCGACGTGTACGCCCACATGTTCGTCGAACGGCAGTCGCAGAAGGCGATCGTCATCGGCCCGGGCGGCGCCCGGCTCAAGGACGTGGGCACCCGCGCCCGGCAGCAGATCGAGGCCCTGCTCGGCACCCGGGTCTACCTCGACCTCCGGGTGAAGGTGGCCAAGGAGTGGCAGCGCGACCCCAAGCAGCTGCGCCGGCTCGGCTTCTACGACTGATCCCGCCGCTCGCGCCGCCGCTCGCGCCGCCGGTCAGCGCCGCCGCCTGCGCCGCCCGTCGGCGGTGGTGGTCGGCGGCGGTGGTCAGCGGCGGCGAAGCAGCGCGGCGCAGGCCAGTAGGGCCAGCGCGACGGAGGCCAGCAGCCCGGTGAACCAGCCGTACTGGACCGTCGGGTGCACCCGGAGCAGCCCGGAGACGTGGAAGTCGAGCCGGCTCACCAGGTCGCGCGGATCGGCGAGGAACATCGCCAGCGCGAACGCCGCGACCGCACCCGGCAGGATCGCCAGCCCGGTGAACAGCCAGCTGCGCGCCGCGCCGAGCACGCCGAGCAGCATCGCGGCGATCCCGGCGCCCAGGACGACCCATCCGGGGCCCTCGTCGACGCCGCGCACGGCGGTGAGCGAAGCGTCGAACACCCCGATCTCGGCCGTGAGGCCGGCCCACGGGAGCAGTGCGGCGACGGCCAGTACGAACCCCGCGGCTGTCACCCCGGCGGCCCGCAGGGCGCCGGCCACGCTCGTGCGGCGCGGCCGGGAGGCGGAATGCGGTGTGAGTTCCGACACGATCACCAGGCTACGGCCCGGCGCCGCCCGATGCGGAGATCGGGCGCGGTCCGGCGGCCATTCGGCGATTCGGTGGGTCCGGGGATCGGTGGGTGCGGGATCGGCGGGCCCGGGGATCGGGGGTGGCCGTGGGCGCGGTCAGCCGGTCGCGTGTGCTGCGGCGGCGTCCTCGCCGCGTTCGAGCCGCCGTCTGAGCTGCACCGCGTCCGCGCCCAGGGCGGAGACCAGCACGCCGGGACCGGCGAGCGGGAGCGCGGCCCAGCCCTCTCCGACCACCGCCCGCCGCTCCCGCTTGTCCCCGGCGGACGGACGCCAGGCGGGGCCCGCGACCAGGGTGGAGCCGACGCACCGGGCGTCTCCGTAGACGGCGGGGCTGCCGTCCACGGTCTCCTCGCCGATCACCAGGTTCTGCCGGAGCAGGGGCCGTCCGGCGACGGTCGCGTCGAACCTCGCCTGACAGCGGCCCGGCCGTTCCCCGTGCCGCCCGAACACGATCTCCTCGCGCCACAGGACGGTCGCGTCCTCCGCCAGCGAGAGCCGTACGACGAGGTGGTGGGAGCACCCGGCGGCGAGCACGGTCGGCTCGGGGGAGAAGCGCAGCGTCGCACCGGCCCCCACCCGTGCCCGCACCAGCATGATCGAGGGAGCCTCCGCGAGGCCCGGCAGCACCAGCGTGGCGGCCACCGAGCACACCTCCAGCGACGTGCCCGGCGCGACGTCCACGCCGAGATCGAGGTGGTCGCCACGCAGGGGCCCGGCGCCCGTCGAGACCAGATGCACCCGATGCGGGCCGGTCTGCCGCAGGGTCAGCGGCGGGTCCGACCACAGGGTCTCCAGCCGGGTGCCGCCACCGGCCATGCTCGTCCTGATCAGCGCCCGCGCGGTGACCGCCGCCGCCGTGCTCACGGCGCGGTGACGGGACGCGACGGCTGCTCCTCGTGCTCCTCGCGCTCCTTCCGCTCCGCCGAGTCCCTGTCGCCGTGGTGGTGGGCGACGCCGTGCTCGTGCCGCCAGACGTCGACCATGTCGGTCACCCACTGCGCGACCATGTGCGCGCTCCGGTCCTCCCTGATCGAGGTGAACAGCACCGGCCTGCCCTCCCGTACGGCCGCCGCGTCGCGGGACATCACGGTCAGGTCGGCGCCGACCATCGGCGCGAGGTCGGTCTTGTTGATCACCAGCAGGTCGGCCGTCGTCACCCCCGGGCCACCCTTGCGGGGCACCTTGTCGCCGCCGGACACGTCCAGCACGAAGATCTGCCGGTCGGCCAGCCCCCGGCTGAAGGTCGCGGTCAGGTTGTCGCCGCCGCTCTCGACGATCACCAGGTCGAGCGGCCCGAACCGTTCCTCCAGCGTCTCGACCGCGTCGATGTTGGCCGCGATGTCGTCGCGGATCGCGGTGTGGGGGCAGCACCCGGTCTGCACCGCCTGGATCCGCTCCGGGTCGATCACCCCCGTCCGGCGCAGGAAGTCGGCGTCCTCG
NZ_CP109552.1_gap114	4442353	4443313	960	CCGGCGCCGCGCATCACCCGGATCACCCCGGCCGGGTAACGCGCCCAGCCCTCGGCCCGGTCGAGGTCGTCCAGCGCCTGCTCCTCGCCGGGCATCTGGAGGGAGGCGATCCGCACCGTGAGGTCCTCGCGGGGACGCACGGCCGCGGTGACGCCCCACGGCACCGCGAACGGCAGCACGAAGCCGTCGTTGTAGTCGGTGTGCTCGCCGATCAGGTTCACCCGGCCGGGCGCGTGCCAGATTCCGGCGGGTTGCTCGCCGTACGCCTGGAAAAAAGCACCAGCAACGCCCACAGTCGCACACTCCTCGACATCCTCGGCCTCCCCGTAGATTAGCGACCTTCAAGGTCGCCGACGTGCCGGGGCCCGGCTCGGGATGCCGAGCCGGGCCCCTTCGCCCCGTTGTGCGGGTGTCACATCGCGGGCACCTCGGCCCGCTCGTCCGGGACGCAGTGCGTCATCTTCAGGCCTGAGACGTCGCGCGGGCCGTTCTTGCCGAGGGCGGACAGGCGCTGCCTGTCCTCGTCGGTCAGGTCCTGGCTCGCCAGCGGCTCCAGGTGCTTGACGTCGTCCGGCGTGATGCCGAGGCCCTCGCCGACGCGCAGCCCGAGGTCGTCCTCGACCAGCAGGAAGTGCCAGACCATGCGCTCCTGGATGGGTCGCACGCACTGCGACAGCTGCCCGACGAAGTTCTCCACCAGGTCGTCGCGCTCCCACTGCTCCATGAGCAGGTAGCGCTCGCCCGCCTGCTTGTAGTCGTTGGTCCGCGGGATGCGCTTGCGGGTGAGCCTGCCGGCGATCTCCGGGCCCTGCTCGTCGTGCGTCGGGAACTGCCCCTCGCGCAGCCCGCCGGTGATCGAGGGCTCGTAGTTGACGTGCGGGTTCTCGCCCGCCTGGTCCTGCCGGTAGGTCATGAAGCCGTCGCGCTGGTTGGTCCGCACGTCGGCGTTCTTGGCCTGGT
NZ_CP109552.1_gap115	4470270	4472301	2031	GTCGGACCCGATCCTCAACGACTCCACCGCGCTCGCCAACACGGACATCATCGGGGCGCACCTCTACGGCACGGCGTACTCGAACTTCCCCTACCCCCTCTTCAAGCAGAAGGGCGCGGGCAAGGAACTCTGGATGACGGAGGTGTACTACCCCAACAGCACCGACTCGGCGGACACCTGGCCCCAGGCGCTCGACGTGGGCGAGCACATGCACCGCGCCATGGTGGAGGCCGAGTTCCAGGCGTACGTCTGGTGGTACATCCGGCGCAGCTACGGCCCCATGCGGGAGGACGGCCAGCTCAGCAAGCGCGGCGCCATCATGGCGCAGTTCGCCAGGTTCGTCCGCCCCGGGTACGTGCGGATCGACGCGACGGCGAATCCGGCGACGAACGTCTACGTCTCGGCGTACCGGAGTGGCGACACCGTCGTCATCGTCGCCATCAACAAGGGCACCTCCGCGGCGAGCCAGCAGTTCACCGTGGCGGGCGCCGGCTCGGCCGGCGTGTCGTCCTGGGTGACGGACGGGAGCAGGAACGTCGCGCCCCAGGCGGCGACCACCATGTCGAACGGCTCCCTCACCGTCACGCTTCCCGCTCGCAGCATGACGACCTACGTGACCAGCCTGAGCGGCTCCTCGCCCTCCGCGACGCCCACGGTCACACCGACCGTGACGCCCACCCAGTCGCCGAGTCAGTCGCCCAGCCAATCACCCAGCCAGTCGCCCACCGGCGGCACCGGCGCGGCCCGGGTCGCCTACACGATGAACAGCTGGAGCACCGGCTTCACCGCCAGCATCAGCATCACCAACACCGGGTCGTCGACGATCAACGGCTGGACGCTGGCGTTCACCCTGCCCTCCGGACAGACCATCACCTCGGGCTGGAACGCCACCTTCTCGCCCTCCAGCGGCCAGGTGAGCGCCCGCAACGTCGACTACAACGCCACGATCGCCCCCGGTGCCACCGTCGACATCGGCTTTCAGGCGAACCACAGCGGCAACACGTCCAAGCCGACCTCCTTCACCCTCAACGGCGTGCCCTGCACCGTGGTCTGACCGGCACCCTCGCCTGGCCGGCACCCTCGCCTGGCCGGCACCGTGGTCTGACCGCCGAGACACCCCTCGGCGCCCGACCGGTGAAGGGACGGGTGCGGCTCCTCTCCTGCGAGAGCGGCCGCACCCGCCGGGTACGGTACCCGTGCGCGGGAACCGGAATCCGGGCCGCGGGTCAGGGCGCCAGGCGGTGCAGGTCACGCGGGAAGAGCGTGGTCCAGCGGATGTTGTCCGCCTCGGTCAGCCGGGCCACGAACCGCTCCAGCCCGAGCGCGAACCCGCCGTGCGGCGGCATGCCGTGGGCGAACGCCGCCAGGTAGCCGGCGTAGGGTTCCGGGCTCTCCCCGCGGGCCTCCAGGGCGGCCAGGTAGTCGGAGTGGCGGTGCAGCCGCTGCCCGCCGGTCACCAGTTCCAGGCCGCGGAAGAGCAGGTCGAAGCTGTTGGAGAACTCCGGCCGCCGCGGGTCGGGGTGCGTGTAGAACGGCCGCTTGCGCATCGGGTAGCCGGTGACGAAGAGGAACTGCGAGCCGTGCTCGCGCATGGCCCAGTCGCACAGCCACCGCTCGTGCGCGGGGGCCAGGTCCGGCTCACCGCGCGGGTCCTCGTCGGTCTCCCGCGCCAGCAGTTCCTGCGCGTCCGCGAAGTGGATCGACGGGATCTCCTCCGGCACGTCCGGCAACTTCACTCCGAGCGACTCCACCGCGCCCGGGGCACGCTCCGCGATGGTGGCGACCATTGCGGCCACCGCCTCGCGGACCACGGCCATGACGTCGCGGTGGTCGGTCACGAAGCCCAGCTCGGCGTCGAGGCTGGTGTACTGGGCCAGGTGCCGCGCCGTGTCGTGCGGTTCGGCCCGGAAGACGGGGCCGACCTCGTAGACGCGCTCGAAGACCCCGACCATGGTCTGCTTGTAGAACTGCGGCGACTGCGCCAGGTAGGCCTTGCGGCCGAACCAGTCCAGCGCGAAGACGTTCGCTCCG
NZ_CP109552.1_gap116	4474279	4478209	3930	GAAGCCGCCGCGTTCCTTCCAAGGCGGGGCCTCGGGGCGGCGGTCGAAGATGACCAGGACGCCGGTGGAGAGGGTGAGCCGGTCCAGGTACCGGTCGAGCTGGGCGAATCCGTCGGGCAGCGGGTCCGTTTCGCTTGCTCGCCAGACCTTCAGCTCCATGGCCTCCCGTTGCATAAGCCTTTCGCCGCCGGGGCCGGTGTAGGGCCAGCGGATGAGCACGTCCAGTCGTTTGGTGCCGGCGGCGTATTCACGATCGAGATAACCTCCGCCGTTGACCAGGCGGTGCAGGAAGGCCATGAGGATGATCTGGCAGGCGGCCTCGTGGTAGCCCTCCTGCCGGATGAGGACCTCGCCGTGCTCGCGCCAGAAGACGACGAACTCCTCCAACAGGCGAGATAGGTCGAATCTGCCGTCCGGCAGCACGAAGCTGTGCGGATCGGCCATCACGTACTGTTCCGACGGGTCGCCCAGCGCCCGCAGGACGACCTCCCGATAGATCGGGTTCGCCACTTCCAGTGGGGGTTTCTGCTTGATCAGCCCCAAATCGCGGACGTAGGACAGGTCGTCGGAGAAGGTTGGCTCGACGTGGGGGAAGACCCCGGCCACGACCGGTTCCATCACCCGCTTGACGCGCGGTTCGTGCAGCCGGGCCGTCAGAGAGTCCAGATGGGTGGCGCGCGCCCTGATCAACCGCTCCTTAGCCTCTTCCACCTGGCTGGCGGTGATGGCGTCAGCCACCCCCATCCGTACGGTGATCTCGTAGGCGAGGGCGTTGACCAGCCACGGCTGTCCCTGTGTCAGCTCGAAGACCCGGTCCACCGCGCCCTCGGTAAACTCCTGGCCGGTCTCCTTTGTGTGCCGGCCGTAGAGCTCGGCGATCTGGTCGGCGCTGAAGTCGTCCAGGCGCAGCGACTCGGTGACGATGTTGAACGGGCTGGCCGGGTTCGACCGTCCGGGTTCGCCGCCCGAGGCGACCTTGTAGTCACGTACGTCGCGCAACCCGCACAGCACCACGGATGCGGGGAACGGTCGGCCTCCCGGCCGTGCGTTGTGGCCGTCGCGGAGCTGGCTGAGGATGCTGACCATGCTGTTGCCCTGCAGGGCGTCGATCTCGTCGAGGAACAGCACCACCCGGCGCGGGCAGCGGCGGCACCACTCCGTCAGCGCCGAACCGAATCGGCTGCCAGGGGTGGCCCGTGGCCACGGGTCCGGCGGGAGTAGTTCCTCCGGCCAGGCCGCCCACTCGGCGGCCTGGCGGAGGGAATCCAGCAGAAGTGACTCCGCGGCGGCGTAGTCGTCGCCGGCTGCCTTGGCGCGCTCGCAGGAGAACATCAGGGCGGCGATGTCGCCTTCGGCGTTCAGCTCGGACGCCAGGGCGTTCAGTGTGGTCGTCTTGCCGGTCTGCCGGGGCGCGTGCAGCACGAAGTAGCGGTCCATCTCGATGAGCGCCCGTGCCTGCGGGAGCCGCGGCGTAGGGGGCAGCATGTAGTGACGCCGCGGGTCGCACGGACCCGTGGTGTTGAAGTACTTTGCTCGGGGTGGCCGCATGGTCACATTCTGCCACCGTCTTGTCCCGTGCTCGGGCCGATGCCGGCCGCGATGCTCGCCTTCGTATACCTCGGCGGCCTGCCCCTCCCGCCGAGCGAGATGGAAATCCCTTTGCGCCTGCCTCGCAGTCCCGGTTAGCGTCCGCGAGCAGCAGATAGACGACGTGACCGGAGAAGATCACGTGACGCAGCGAATCAGATTCGCCACCCAGCAGGATGCATCAGTTCTGGCCAGGGTCCAGAGGGCATCACAGCGTGCGGCTTTTCGCAGGCTTCTCTCGGACGATTATCTGGATGCTCTTGACCACGAGGCGCTGACGAAGACGTGGGAAGGCTTGCTGAGCCGCTCCGGAGGCGCTCGGGCAGGCACGTTGATCGCCGAGCAGGCGGGCCGTGGCGTCGGGTACTCGCGCTTCTATCCCACCGACGACGAGGATGACAACTCCGTACGGGTGGGCATGATCGGCGCGATCTACACTCTTCCCGAAGTCTGGGGCACTGGCGTGGGTAAGGCGCTGATCACCGCCGTTCTCGGCGAGATGGCGCCGGCTGGATACGCCGAGGCCACCCTGTGGGTCCTGGAAGGGAATACGCGAGCGCGCTCCTTCTACGAGCGGGATGGCTGGCACCACGACGGCGCGGTCGTTCTTGACCGCAGTGACGTCCGCCCGATCAGGAAGTTGCGCTACCGCACGGCCCTCACCGGATAGTCGACGTGCCGGCGCACGGCGTCGACGTGATGCTCAGGGCCGACGCCAAGTGCATCGAGGAGCAACGCGAGATGGCCAACCGCCGCTTCCCGGAGGCCCTCGCGGGATTGAGGGCCTCAGTCGCCGTCGAGGTGCAGCTCTGTCGCTGGCTCGGCGGCGCGCTGTCGGGCGAGATCTTCGAGTCTTCGGAGCACCTGGTCGACGAGACGCACGAAGAGATCCTTGGGGTCTGGTGCGACGGCGACGGGAGCGAGCTTCCTGCGTTTCGGGCTGGTCCCGTGCTGCTCGATCCTCATCAGCACCGCGTCAACACCCATGATCACAGCCTGATCAGGACCGCGGGAGACCTCTCGGGGTCCTTCGGCGTACGGGCGCAACGGAGAACGCGCAGGTCGGACCGCTGATCGCTGGTCGTACGTGGTAGGGCGGGTGGGACTTGAACCCACGACCCACGGATTATGAGTCCGATGCTCTGACCGGCTGAGCTACCGCCCCGCAATGGTGGAGTCTCTCACAAATTAGAGCAGGAGGGGATGCGCGCGGAGGGGAGCCACACCCTTCGGCCCACGGCGTAATCCCCCCCTCTGGTGATCGTCTGGTGCTGGTGCCGATGGGTGTCGCGGGAGTTGTGGGGCAATTGTCCGGGTATGGGGTAAGGGAGGCTCCACACACGACGGCTCTGCGAAACGTGGCTCAGCAACGGATCGGGGGTGTCCCGTGGGGAGACGGCTGGCGGGCGTCTGCGTGCTTCTCCTGGCGTCGGTCGCGGCGTGCGGACAGCGGGGGGAGGAGCGGGGAGCGGGCCTCGGCGCCGTCGGGGCCGTCCGCGAGGGCTTCACCGTCGGCCTGCTGCTTCCCGCCGAGGGCCCCGAGCGCGCCCTGTTCACCCGCGCCTTAACGGTCCGCTGCCCGCGCTGCCGGGTCGAGTACGCGAACGCCGCCGGCGACCGGGCCCGGCAGGGACGGCAGCTCGGGCGGATGCTGGCGGACGGCGTCCGGGTGCTGGTCCTCGGCGCGGTGGACCCCGGGTCCGCCGCTCCCTGGGTGGCCCGGGCGAAGCTGGCCGGGGCGAAGGTCGTCGCGTACGACCGGCTGGCCGACGGGCCGGTGGACGCCTACGTCTCGACCGACCCGGCGCGGGCCGGCCGGTCGCAGGCCCTGGCCCTGCTCGGCGCCATGAAGCGCCCCGAGAAAGGCCCCGGGAAGCGCCCCGGGCCCGTGTTGCTTCTCAACGGCCCGCCGGGCGATCCGTACGCGGCGGCCGTGAAACGCAGCCTGCACGCGGTGCTGGACGGCCGCGTGACGATCGGCTGGGAACGGGACCTGGCCCGGCCCGGTGACGCGGCGCGCGAGGTGGCGGCGGCCCTCGCGGCGCCCGGCGGGCCCGCGAAGGTGGCCGGCGTCTGCTGCCCGGGCGACGCGGCGGAGGCGGTCGCGGCCGCTCTGGCGCGAGCGGGCGCGGCCGGGGTTCCGCTGGTCGGACAGGGCGGGCGGACGGGCGTCCTGCGGCGGGTGAGCACGGGCGCGCCTCCCGCCACCGTGACCGCGACCGTGCGCGCCGACGTCGCCGCCGAGGCCGCCGCCGCGGCGGCACTCGCCGTCGAGGTCGCGGGCGGCAGAACCGTGTACGGCACGGCCACCGTGTCCAACGGCACCACGGCCGCGATCCCGGC
NZ_CP109552.1_gap117	4485662	4489807	4145	CAGGCCCGCGACATCGTGACCGACGTGTCCTACTTCGGCACGATGATGGTCCACCTCGGGCTGGCCGACGGCATGGTCTCCGGCGCCGCCCACACCACGGCGCACACGATCCGGCCGTCCTTCGAGATCATCAAGACGTCGCCGGGCGTCGGCGTCGTCTCCAGCGTCTTCTTCATGTGCCTGGCCGACCGGGTGCTCGTGTACGGCGACTGCGCCGTCGTGCCCGACCCGACGGCCGCCCAGCTCGCCGACATCGCGATCTCCTCGGCCGCCACCGCCGCCCGGTTCGGGGTCGATCCGCGCGTGGCCATGCTGTCGTACTCGACCGGCGAGTCCGGCGCCGGGCCCGAGGTCGACAAGGTGCGGGAGGCGACGGAGCGGGTCCGCGCGCTGCGGCCGGACCTGCCGGTGGAGGGGCCGATCCAGTACGACGCGGCGGCCGAGCCCAGCGTGGCGCGCACGAAGATGCCGGGCAGCCCGGTGGCCGGGCGGGCGACGGTGTTCGTGGTGCCCGACCTCAACACGGGCAACAACCTCTACAAGGCCGTGCAGCGCAGCGCCGGCGCGGTCGCGATCGGCCCGGTGCTGCAGGGCCTGCGCAAGCCGGTCAACGACCTGTCGCGCGGGGCGACGGTCGGCGACATCGTCAACACCGTCGCGATCACGGCCATCCAGGCCCAGGCGCGGGAGGAGACCCGGGTGGAGGCGCTGTGAGCGCGCAGGTCCTGGTCCTCAACACGGGGTCGTCGTCCATCAAGTACCGCCTGATCGACATGGCGACCCGCACCGGTCTGGCCGGCGGGCTCGTCGAGCGCATCGGCGAGGACGAGAGCGCGCTCGTCCACGACGGCGTACGGGTCGAGCGCAGAGTGGCCGACCACGAGGAGGGCCTCAAGGCCGTGCTCGCGGCGTTCGCCGAGCACGGGCCGTCGCTCGACGGGGTCACCGCGCTCGGGCACCGGGTCGTCCACGGCGGCAGCCGGTTCGTCACGCCCGTCCTGATCGACGACGCGGTCGAGCGGGCCATCGAGGAGATCGCGCCGCTGGCGCCGCTGCACAACCCGGCCAACCTGGAGGGCATCCGGGTCGCCCGGCGGGCCTTCCCCGGGCTGCCGCACGTCGCCGTGTTCGACACGGCCTTCCACGGGACGATCCCGCCGCACGCCCACACCTACGCCGTCCCCCGCGAGTGGACCCGCAAGCTCGGCGTGCGCCGTTACGGCTTCCACGGCACGTCCACGGCGTACGTCTCGCGCCGGGCGGCGGCGCTGCTCGGCCGGCCGTACGGCGAGGTGAACTCGATCGTGCTGCACCTCGGCAACGGCGCGAGCGCGACGGCCGTGCGGGGCGGGCGGAGCGTGGACACGTCGATGGGCATCACCCCCCTCGCCGGCCTGGTGATGGGCACCCGCTCCGGGGACGTCGACCCGGCGCTGCCCGCCTACCTCGCCCGGGTCGCCGGGATGGGGCTCGCCGACGTCGACACGGCGCTGAACAAGGAGAGCGGCCTGCTCGGCATGTGCGGCGCCAACGACATGCGGGAGGTCTGGCGGCTGGCCGACGCCGGCGACGAGGACGCCCGGCTCGCGCTGGACGTGTACGGCTACCGCGTGCGCGCCTACGTCGGCGCCTACTACGCGGCGCTCGGCCACGTCGACGCGATCGTGTTCACCGGCGGTGTGGGGGAGAACAGCGCGCGGGTCCGCGCGCTGGCGACGACCGGTCTCACCCGGCTCGGCATCGAGGTCGATCCCGCCCGCAACGCCGCCGAGTCGGCGGAGGCCAGGGTGGTCTCCCCCGAGGGCGCCGAGGTGACGGTGCTGGTGGTGCCGACGAACGAGGAACTGGAGATCGCCGAGCAGACCGCCGCCTGCCTCGAAGAGGGATGACGTCGGTGACCGTGGCCGCGGCCCCGGCTGACTATCGTGGGCAGGGGGATGGGGGTGAGCCGTGTGTCTACGGCTGAGAACAGTCGGACAGGTGGGGAAGAGGCGGAGCGGCGGGGGCTGCTGGACCGGGTGCGCGCCACTCCGGCGGGCCGGCTGACGCTGCGGATCGTCATCGGGGTGATCGGGACCGCCCTCGTCGTCGGCGGGCTGATCATGGTGCCGTTCCCGGGGCCGGGCTGGCTGGTGGTCTTCACCGGCCTCGCCGTGCTGGCCACCGAGTTCGCCTGGGCGAGCCGGGTGCTGGAGTTCGCCAAGCACTGGGTCAGGCGGGCGACGGACTGGCTCACGCGGCAGAACTGGTTCGTCCGCATCGTGGCGGCCGCGCTGACGTTCGCCTGCGCGGCCGTCATCGTCTGGGTGTCGATACGGCTGACTCTGGGCGTCGACCTGATCCAGAAGGCCCGCGAGCTGCTGAGCTGATCTTCGCCGGGCGTGCGCCGTGGCCGCCCGACCCGTGCCCGACCGCTGCCCGACCGCTGCCCGACCCCTCGCGGGCGGGGGCCGGGCGGCTTCTCAGGCGGCGGGGCGGGCCAGCCGCCGGATCGCCAGTTCGGCCAGCAGCGCGGCGCCGTCGCCCAGGATGGCGTCGTCGAACTCCGCCTCCGCCGAGTGGTTCGACGGGGCGGTGGCGGGGTCGCGTCCGGGCGGGCAGGCGCCGACCACGAGGAAGGCCCCCGGCACCTGCTCCAGCACGTACGAGAAGTCCTCCGAGCCGGTCGCGGGGGTGGGAAGCGGGAAGTACCGGTCCTCGCCGAGCGCCTCCCGCACCGTCCGCGCGGCGAACTCGGCCTCGGCGTCGTCGTTGACCGTGACCGGATAGCCGATGCCGAAGGCGCAGTCGACGGTGAGGCCGTGCGCCTCGCCGATGCCGCGGGCCAGCCGTACGAGGCCCTCCCTGACCCGGTCCCGCGTGGCGGCCGAGAACGTCCGCACCGTGACCTCGAGCCGCGCCTCGTCCGGGATCACGTTGTCGGTCGTGCCGGCGTGGAAGCTCCCCACCGTCACCACGACCGGATCGAACACGTCGTACGTCCGGGTCACGTGGGTCTGCAGGGCGGTCACGATCTCACAGGCCGCGGGGATCGGGTCGAGGGCGCGGTGCGGGGCGGAGCCGTGCCCGCCCCTGCCGCGCACGGTCACGGTCAGCGTGTCGGCCGCGGCGAGCACGGGCCCGCCCTTGGTCAGGAACAGGCCGCGGGGGATCGTGGTGGAGAAGACGTGCATGCCGTACGCCGCGACGGGCCGGTCGCCCGCCGCGTCGAGCACCCCCTCCTCGATCATGAGCTTGGCGCCCTCCTGGCCCTCCTCGCCGGGCTGGAACATGAGCACCACGTCCCCTTCGACGTCGGAGCGACGGCCGGAGAGCAGGCGGGCCGCCCCCACGAGCATCGCCGTGTGCAGGTCGTGGCCGCAGGCGTGCATGCGGCCGTCGACGCGCGAGCGGTACGGCAGGTCCGTCCTCTCGTGCACCGGCAGCGCGTCCATGTCGGCGCGCAGCAGCACGGCCGGCCCCGGCCGGGCACCCCGCAGCACGGCGGTCACCGACGTGAGCCGCTCGCCGGTCGTGATCTCCAGCGGAAGGCCGTCGAGCGCCGCGAGCACCTTCTCCTGGGTCCGGGGCAGGTCGAGCCCGATCTCGGGCTCCCGGTGCAGGGCGCGGCGAAGCTCGACGAGGTCATCCTGAAGGGTCATGGGCCGCCCGTCGCGCGAGAAGGGTCGATGTCGCTCATCTCACACTAGTGGCCGCTTACTCCGGATTCGTCCTCTCCGACAGGTCCGGCGGAGCGTCCCGGGAGGATGGGCGGAGCTCAGAGATAGAGGCCGGCGCCGGGCCGGCCCGCCGTCGCGGCAGTGCGGGTACATCTGGCCGTCCTCATGGTTGCAGAGTTTCTTAATTGCCTATAATGGCAACGATGTCCGCGGATGAGGAGGCGATGGCTGTGGGGCGTGGCCGGGCCAAGGCCAAGCAGGTGAAGGTCGCTCGCGCTTTGAAATACAGCGGTGGTGGTGACCTGGAGTCCCTGCGGCGGGAGCTGGGCGTCGACGCGACGCCTGCCGCACGCACGGAGGCCGTCGTCACACCCGAACCGGCGGACGGGCCTCCTGTCGAGGGCGGGGCCGAGTGATGCCGGTCCCGCTTTACCAGGCCAAGGCCGAGCTGTTCAAGACGCTCGGCCATCCACTGCGCATCCGGGT
NZ_CP109552.1_gap118	4521738	4522638	900	CGCCGATCACCAGGTCGGCGTCCACCACCGCCCGCTCGACCTCGTACGCGTTGGACGCGATGGTCTGGCAGCCGCCCTGGAAGACCAGGTCGGCGTGGCGCAACCGGTCGACGTCGCGGTCGAGCAGCAGCACCTGGGCCCGCATGCCCACCGCGACGGCGGCGGCGTTCATGCCGGACACGCCCGAGCCGATCACTACGACCTTGGCCGGATAGGTGCCGGGGACGCCGCTCATCAGCACGCCCCGCCCGCCGCCCTGGCGCATGAGGTGGTAGGCGCCCACCTGGGGAGCCAGCCGTCCGGCGACCTCCGACATGGGCGCGAGCAGCGGCAACGTGCGGTCGGGCTGCTGCACGGTCTCGTACGCGATGCCGGTGACGCCCGACTCCAGCATGGCCCGGGTGCACGGCTCCGAGGCGGCCAGGTGGAGATAGGTGAACAGCACCTGGCCCGCGCGCATCCGGTGGTACTCGTCCGGTTCGGGCTCCTTGACCTTCAGGATCAGGTCGCCCTCCGCCCACACCTCGTCGGCGGAGTCGAGGACCACCGCCCCCGCGGCGGCGAAGTCGCCGTCGGGAATCGCCGACCCCCTTCCGGCGTCCTGCTCCACGACGACCTGGTGGCCCTTGCGGACGAACTCGTTGGCCCCGGCAGGGGTGAGCGCGACGCGGTACTCATGGGTCTTGATCTCTCGGGGCACTCCCACCTTCATGTACTCCACTTTCTGCTCGCCACGTTTGCCCGGGCAGTGGGCAGTGAGCACCATTTGGGCGGGCGTTCATGACAAATGGTCAAGATTGGACGGTGCTGAACCGCGTAGGGTCACCCGGTTACCTACGGTTGGCATAGGTCGGTAGGCTCTGCGAGCGATGTCAGGGATCGAGGTGGGGATGCAGAACG
NZ_CP109552.1_gap119	4528512	4530561	2049	CGGGCCACGCCCGGCGGCTGGCCGAGGCGCGCGGCGGGGGAGTTGTCACCGGCGACGAGATCTACACGCACGCGCTGCTGCTGGCGACCTCGCCGGGCGAGGTGCGGTCGTCCTTCGCCGAGCGGCTGCTCGGGCCGCTGTTCGACTACGACCGCCGGCACGGCGCCGAGCTGGTGCGCACGCTCGGCGCGTTCCTCGACTGCACCGGTTCGTGGAACGCCTGCGCCGAGCGCCTGCACGTCCACGTCAACACGGTGCGCTACCGGATCAGGCGGGTCGAGGAGCTGACCGGCAGGGACCTGTCGTCCATGGCCGACCGCGTCGACCTCTTCCTCGCCCTGCGCGCCGGTTAGCCCTGCGCGCCGGTTAGCCCTGCGCGCCGGTTAGCCCTGCGCGCCGGTTAGCCCCCGACGCCCTCAGTGGCTCAGCGCCTCCTCCGCATAGTGCGGAGGCGAGACCTCCACCCCGGGGAACGCCTCCCCGATCTCGCGAAGCTCGTCCTCCGCCAGGCGGCACAGATTCTCGTCCCCGGACCGCTGCCCGATGGCCAGGGCCTCCAGCGCGCAGTGCAGGGCCGGCTCGGGCCGGCCGAGCAGGCGATGCGTTCGTGCCAGCATGATGAGGGCGTCGCACTCCATCGTCACGTGGCTCAGTTCGCGGGCGTGGGACAGGCCGCGATCGAGGTGTGGTTGCGCGGTCAGTGGTTCAGCACGATCCAGGTAGATCCTGGCCAGCGTCAGGAGACCGTCGCATTCGTGGTAACGATCTCCGGCCGCCTCCGCAAGGGTGACGGCCTCGCGGAGAAGCGCGATGGCCGCGGGTATCTCGCCCAGGCCGAGGCAGGCGCTTCCGCCTGTGAGCAGCGAATGACGCTCCCCGACCTGGGAGCCGATCTCCCTGGCGATCACGCGCTGTGCTTCCGTGTACTCACGTGCGTCGGCGTACCGCTCCAAATGGAGATGGACGAGGCCCAGGTTTCCCAGCGCGCGCATCTCGCCGAACCGGTCTCCCTGTGCACGTCTCAGCCCTAGCTCGGCCACCTGGTGGGGTAGCGCCTCGGCCGGTCGGCCCACTGCGATCAGGGCCCACATCAGCTGCATGTGGGCGAGAGGCAGAATTCCCTGGTCGCCGATCCGTTCACCAACCTCCAGTGCCTGCCGGCTCAGGCTGAGGTGCTCGCGAACGTGCGTGCCCCTTGTCAGCTCCCAGATCAGGGCGAACCCAACGTAGGTCCCCAGGCGTGCGATCTCGTCGTCCTCGCTCGCCATCGCCTGCGACGCGGCGGAGATCACATGTGCCAGCTCCTTGTCCAGCCAGGCTCTGGCCTCGGCCGAAGTGCCCAGCGCCAGCGGACGCTGCGGCACGTCGGGCCAGGGAAGATGCACGCGGTGGGGATCGAGCAGGGTGCTGGCGTGACGTGTGGTCCCGCCGTAGAAGCCGAGCGCCCGCATGAGCGCGTCCAAGCGCACCTTCGGCGTGAGGTGGGTGTCCGCGAGTTCGATCGTGAAGAGCCGCACGAGATCGTGTGGCTGGTAGCGGCCTGCTTCGCCGGTCTCCAGCAGATGCGCCCGCACCAGGCGGTCGAGGGCGCGCTCGGCGGCGTCGGCGGGCTCTTCGATGAGGGCGGCCACCACGTCGGCAGTCACGCTCGCCACGTGCAGGACGCCGAGATGACACAGCGTCCGCGCGGCCAGGCGATCGAGCGCGCCGCCGCGGGCGAGCGCCTCGTAGCTCAGCTCAAGACTGGACCGCACGGCCATCTGGCCCGACTCCAGCTCGTGCAGCGTGCGCCGCCGGTCCTCCAGCCTTCCCCCGAGGTCCCGCACGCTCCAGTCCGGCCGCTCTCCGAGCCGCGCGGCGGCCAGTCGCAGGGCGAGCGGCAGCCCACCGCACAGCTCGACCAGCAGGGATGCGGCGGCCGGATCCCCCGAGATCCGCTCCGCCCCGACCAGCTTCGACAGGACGGTGACTCCTTCGGACCGCCGCATCCTGCGGAGGACGAGCCGGACGCAGTCGTCGGCCACGGCGAAGGACTCCCGGCTCGTGATG
NZ_CP109552.1_gap120	4551646	4555500	3854	CTCGTACGGCGGCAGCGAGTCGGTGTCGCGCTGGTCGGGCCGCAGCTCCGCGCTCGGCTCCTTGGTGATGGAGTTCTCCGGGATCGGCGGCCGCCCCGGCTGGGCGTTGCGCCACTCCGACAGCTTCCAGACGACGCTCTTCAGCACGTCCTTGATCGGCGCGTAGCCGCCGGCCGAGTCGCCGTACAGCGTGGAGTAGCCGGTGGCGAGCTCGCTCTTGTTGCCGGTGGTCAGCACGAGGTGGCCGTGCTCGTTCGACAGGCTCATCAGCAGCATGCCGCGCACCCGGGCCTGTAGGTTCTCCGCGGCCAGGCCGGTCAGTCCGATCTCCTTCTCGAACGCCGTGACGATGTCGGCGATCGGCACGACCTGCGCGTTCACCCCCTGGCGGCGCACCAGCTCCTCGGCGTCGGTGATCGAGTGGTCCGAGGAGTACCGCGACGGCATCAGCACCGCGTGGACCCGCTCGGGCCCGATGGCGTCGGCCGCGATCGTGGCGGTCAGGGCCGAGTCGATGCCGCCGGAAAGGCCGAGGATGACCGACGTGAAGCCGTTCTTCCGCACGTAGTCGCGCACTCCGGTCACCAGCGCCTGGTAGATCTCCGCGAGGTCGTCCAGCCGCTCGGCGACGACCGGGGGCTCCGGCTCGTACGGCTCGACCGGGGCGGCCGACAGCAGTACCCGTTCGACCGTGATGACCGTTCCGTCGTGGGCGTCGTAGGCGTGGGTGCTGGCGTAGGCGTGGGTGCCGGCGTAGGCCTCGTGACTCGGCTCGCCGAGCTCGCCGAGCTCACCCGTGGCCTCCGGCAGCTCCAGGTCGGTGACGAACAGCTCCTCCCGGAACTGGGACGCCCGGGCGACCAGCGCGCCGGAGGCGTCCACGACGAGGGAGTCGCCGTCGAAGACCAGCTCGTCCTGGCCGCCGACCATGTTCACGTACGCGAGGGCGCAGCCCGCCTCGCGGGCCCGCCGCGCGCACAGCTCCAGCCGCACGTCGTCCTTGTTCGTCTCATACGGCGAGCCGTTGGGCACGACGAGGAGCCCCGCGCCCGCCTCGGCGACCACCGAGATGGGCCCGCCCTCCTGCCACAGGTCCTCGCACAGGGCCACCGCGACGTCCACGCCGTGCAGCCGGAAGATGGGCAGCCGGTCGCCGCGCACGAAGTAGCGGTACTCGTCGAACACCCCGTAGTTGGGCAGGTGGTGCTTGGCCGACTTCGCCACGACCCTGCCCCGGTACAGCACGGCGGCGGCGTCGAGCGGGGCGCCCTTCGGCTGCCCGACGCGGGGGGCGAGGTCGGCCCGGTCGAGATATCCCACGACGACGGGGAGATCTCCGAGCCCTTCATCGGCGAGCCGCGCCGCCACCTCGGACAGCGTCGCGATCGACGCCTCGGCGAACGACGACCGGAGCACCAGGTCCTCGGCCGGGTAGCCGGTCAGGAACATCTCGGGGAAGACGACGAGGTGCGCGCCGCGCCCGGCGGCCCGGCGGGTCCACTCGACGAGGGTCTCCGCGTTGCCGGCGACGTCTCCGACGACGGGATTGGTCTGGGCGAGAGCGATACGCAATTGAGCCACGCCCCCACCCTAAGGTGTCCGGTTTTTTGTCGTCAAACTGACGATAAGGGGGGTTAGGCTCCGGGCGATCCCGGGCTGACCAGACCCCTCTCGTACGCGAGGACCACCAGCTGGGCGCGGTCGACCAGCCCCAGCCCGCGCAGCAGCGCCGTCACCTCGCCGGCCACCTCGCCTTCCGGCACGTCCAGGGTCATCGCGATCTGCCGGTTGGTGAAGCCCCGGGCGACGAGCTTGATCAGGTCGATGTCGGCGTCGGACAGACCCTCCGGCGCCGCCGGGTCGCGCCGCCCCGCGAAGGCGGAGATGAGGTGGGTCGTGACCGCCGGGTCCAGCAGGGCGTCACCCGCGATGGCCGCCCTGACCGCCGCGATGAGCTGCTCGGGCGCCGAGGTCTTCAGCACGAACCCGCTCACCCCGGCCCGCAGCGCGGCGTACAGGTTCTCGTCGGTGCCGAAGGTGGTCATCATGATGACCTTGGGGGGAGCCTCCGCCGCGAGGATCCGGCGGGCCGCCGCCAAGCCGTCCAGGCGCGGCATCTGGATGTCCATGAGCACCACGTCGGGCCGTGCGCCGCGGACGAGCGCGATGGCCTGCTCGCCGTTCTCCGCCTCTCCGACGAGGTCGAGCCCCGGCTCGCTGTCGAGGATCACCTTCAGGCCGGTGCGCACCAGCGCCTGGTCGTCGGCGATCAGCACGCGCAGGGCCCGGTTGCCGGCCCGCGCCGGCTCCGTTCCGCGCGGCACGTCGGGTGCGCCGGGAGCGGGGGAAACGACCCGCGCTCCGGACGACGCACCGGAGGCCGGAGCCCCTGCCTCGGGTGCGTCGAGGTGCCCCGCCTGCGCGAGGATGTCCTGCTCCAGACGCTGCAGGGTGGGGCCGAGGTCGAGGCCGAGTTCGTCGCGCAGCGCCTCCCTGGCGCGCCGCAGCGCCCCGAGGGCGTCGCCCTGCCGCCCGGCGCGGTAGAGCGCGAGCGCGAGCAGCCGCCAGGCCTCCTCCCGCAGCGGGTGCGCCGAGGCGTACGCCTCCAGGTCCGGGATCAGGGCGCCGGTGCGGCCGAGCCGCAGGGCGGCGTCCGCGCGACGCTCCACGGCGAGGAGACGCAGCTCGTCCAGCCGCATCGCCTCGGCCTGCGCCCACATCAGCTCTTGGAAACCGGCCAGTGCCGGCCCCCGCCAGAGGCCGAGGGCCGTCTCCATCCGCTCCAGCGTCACGGCCGGGCCGTCGTGCTCGTTCTTGACCAGGTGCTCGAAGTGCCAGGAGTCCACCTCCTCGACGCCGGCGCGCAGCGCGTACCCCGGGGGCGCCGAGACCAGGATGCCCGCCTCCTCGCGCGGCGCGCGGCCGGGTTCGAGCGCCCGCCGCAGCCGGGAGACGTACCCCTGGATGGTGGACAGCGCCTGGGCGGGCGGCTCACCGGGCCACAGCTCGTCGATGAGCGCGCTCACCGGCACCGCGCGCCCTCCGGCCACGAGCAGCCGGGCGAGCACGGCCTGCTGCCGTTGCCCGCCCAGATCGAGCGTCTCACCATCGGAAGTAGCCTCGAACGGCCCCAGAGCACGAAAAATCACCATCGCATGGGTAAGCGTAAAGGCAGCGACCACCGAAGACGTGCCGAGCGCCTTTCGGTTCTGTCACGAGGTCGTGACATGCCTCGCGACGAGGTCAGGCGGTGAGCGGGAACCGGGCCTCGACCACGGTGCCGCCGATGTCGGGGGCGGTGACGGTGCAGCTGCCGCCGAGCTCGGCCGCGCGTTCGCGCATCGAAGACATGCCCACTCCCGCGCGCGGACGGGCGGGCAGGCCGATGCCGTCGTCGGCGATCCGCACCCGCAGCTCGCCGCCGCCCGGCTCCGCCTCCGCCGTCCGGGCGACCTCGACCCGGACCCGGGTGGCCCGCGCGTGCCGGCGCGCGTTGTTCAGCGCCTCCTGCACGATGCGGTAGACCGCGACCTCCACGGCGGCGGGCAGCCCGGCGAGGTCGCCCTCGACCCGCACCGCGACGTCGACCGGCGCCATACCGCCCTGCTCCGTCCCGGAGCCGCCGGCGGGCAGCGTCTCCTCCGTGAGGGCGCGGACGGCTCCCGCCAGCCCGAGGTCGTCGAGGGCGGGGGGACGCAGGCCGTACACGAGCTCGCGGATGTCGCCGGCCACGGCGTCCATGCCGACCCGCAGGTCCCGCAGCAGGCCGTCGGCGGCGGCGGGCGACCGGGTCAGGCTCACCCGCGCCATGTTGAGCGTCATCGCCATCGCCCCGAGGGTCTGGCCGAGCCCGT
NZ_CP109552.1_gap121	4566395	4570150	3755	CTGGTCAAGGAGCGACTGCTGCTCGCGCGGGCCCTCGGCTACCCGCCCGAGGGCACCGAGGACTTCGTGGAGGACTACCGGCGCGCCACCCGGCGGGCCAGGACCGTCGTGGAGCGCGTCTTCTACGAGGGCTGACCCCCGCCGCGCCCGGCTGGTCCCCCGTCTTTCGGGACCCGCCGGGCGCGGTCGCGGTCCCCCTTGTCCAGATCCCTTTCTCGGCCCGCTGTCTCCCGACGGGCCGGCACGCGCGGCCTGGCTTCGGCGGTCCGGCATGCCGTGGCGCCGCACGACCGCGGCTTCGTTTCAGGTTTCATTCATCCCGGAACCCCCGGCTGGGAGCCTCATTGAGTACGACTCATCTCCTGTCAGTGGCGGACCGAGAGAGGCGAACCCTGAGGTAGATCGTGATATCGGGGGAGGTAGAGCGCTTCCGGACCGCACCCCCGGCGCGCGGGGTCGGAAATAGGCATGCACAAGCGCCTTGACCTGCTTCGCTGATCACAGGGTAATTAGTACTCAAGCCACTGGGCCCCGGTGACCCGGCCAGGACGGCGACCGCGGGCGGAAGCTTCGAGGGCACTCGCCTGGCCGGCCTGTCCGGCGTCCCCGGCCCACCACGAGACGCGTCGCGCATTCCCTGGAGAAACACGTGAACCATCGTGACAAGCCGCGCCGACACGGCCGTTCCCCTCGGGCAGCGGTGCTGAGACCGCTTGTGACCGGGATCGCGGCGGCGGCGACGGCGGTCGTCGCCGCCGCCTCTGCGATCCCGGCACTCGCCGCCACGACGACCCTGTACGTGTCGCCCTCCGGAACCGGCAGCGCCTGCTCCTCCGCCGAGCCGTGCTCACTGGACGCGGCGCAGACGGCGGTCCGGTCGCAGAACGGCTCCATGTCCGGCGACATCGTCGTGCAGCTCGCCGACGGCGTGTACCGGCGCACGTCGCCGCTCAGGTTCACCGCCGCCGACTCTGGAAGCAACGGCTACCGGGTCGTCTGGCAGTCGGCGCCGGGGGCGCGCCCGGTCATCAGCGGCGCCAGGCAGGTCACCGGATGGACCGTCGCCGACTCCGAGAAGAACATCTGGAAGGCGAGTGTCGGCACCGGGATCGACACCCGGCAGCTGTACGTCGACGGCCGCATGGCCACCCGGGCACGTACCACGGTGAACCGGGCCGACTTCACCGCCACCGGCACCGGCCTGCGGTTCAGCAACAACGCGCTGAGCTACCTGAACAACCTGGCCGGCCAGAGCCGGATCGAGCTGCAGGGCATCGGCTCGTTCACCGACCGGTACGTGCCCGTGCAGAGCATCTCCGGCAACTTCATCACAATGAAGCAGCCGGCCTGGAACAACAACACCTTCGGGTACGACACCATCGTCAACCCCTACCGCAAGGGACCGATGTACCTGGAGAACGCGTACGAGTTCCTGGACTCGCCCGGCGAGTGGTACCTCAACACCGGCACGGGGGTTCTGTACTACATCCCGCCGTCCGGAAAGAACATGAACACCGCGGACGTGGAGCTTCCCCTCCTGCAGTCGCTGGTGCAGCTCGGCGGCACCTACGCCGCGCCCGCGCACCACATCACCTTCTCCGGCATCACGTTCGCCGGGACGAGCTGGCTGGGGCCCAGCAGCAATCAGGGGTACGCCGACCAGCAGACGGGGGCGTACATCTCGGGCGACTGGAACTGGCCGAGCAACGCGCTGTCGTCCTGCCAGTACGGGTGCACCCAGTTCGAGTCGGTGCGTCCGCACTGGAACCAGATGCCCGCGGCCGTCCAGGTGTCGGCGGCCAACACGATCAGCTTCGTCCGTGACCGGTTCCTGAACCTGGGCCAGACGGCGCTGGGCATTGGCAACGACGCCAACGCCCACGCATCCGGCGTGGGGCTGGGGGCAAGCTCGATCACGGTGACGGGCAACGTGTTCGCGTACAGCGCGGCGGGCGCGGTGGTCGCGGGCGGCGTGCAGGCCGACGCGCACCATCCGAGCGACTCCCGGATGGTCAACCGCGACCTCACCTTCACCAATAACCTGGTGCACGACATCGGCGTGGACTACCGGGGCATCACCTCGTTCCTGCCCACCTATGTCACCAACGCCACGATCTCGCACAATGAGATCTACAACATGCCGTACCTGGGGGTCGCCTTCGGGTACGGATGGGGCTCCAACGATGCGGGCGGCAGCCCCGACTACACCAACCGGGGCCTGTACAACTACCAGCCGCGGTACTCGACGGCGACCACCGCGTCGAACAACAAGATCACCCAGAACTACGTGCACGACGTCATGCAGCAGATGAACGACGGGGCGTGCGTCTACACACTGTCGGCCAACCCCGGCGGGCAGGTCAGCGGCAACTACTGCCTGAGGGCGGGCACGGGCCAGTTCGGCCTGTACTTCGACGAGGGATCCCGCTCCATCACGGCGACGAACAACGTCTTCGACGGCAGCTGGTGGATGTTCGCCCACGGCAACTACCAGGGCGGCAACAACACCGGCGCCCTGACGGTCACCAACAACTGGGCGTCCAGCAGCTCCACCGACGTGACGAACGGCGACCGCGGCAACACCGCCTACGGCAACACCACGGTCACCAACGGCAACTGGCCGACCGGCGCGCGGTCCGTCATGTCCGCCGCCGGGCTTGAGGCGGCCTACCAGGACATCAAGAACGAGACCGTACCGTCGCCGTCGCCGTCGGCCTCTCCCTCGTCCTCGCCGAGTCAGTCGCCGAGTCAGTCTCCGAGTCAGTCTCCGAGCCAGTCTCCGAGTCAGTCGCCTGGCGGCAGGGGGTGCGCCGCCGCCTACCGGGTCGTCAACGAGTGGCCCGGCGGGTTCCAGGGCGAGGTGACGGTGCGGAACGCCGGCGCCGCCGCCACCACCTCGTGGTCGGTGAGCTGGACGTTCCCCAGCGGCCAGACCATCACCCAGGTCTGGAACGGCACCCTCTCCCAGAGCGGGTCCGCGGTCACGGTGAGCAACGTCTCCTACAACGGCGCCCTCGGGGCCGGAGCCTCGACCACCTTCGGCTTCACCGGCTCCTCCAGCGGGAGCAGCGGCGCTCCGGCATCCCTGACCTGCACCGCCTCCTGATCTCATCTTCCGCGCCGGCGCCTGGGCAATCCGCCTCCCGGCGCCGGTGCGGCCGTTTCCGGGCGCATCTGGGCGTACGGCCGCAGGCGTGCGGCCTGACGGACGGACCATGGCGGCGGGCGTGTGCGGTCCGACCTGGATGGCGGCGGGCGTGTGCGGTCCGGCGGAGATCGCGGCGGGCATGTGCGGTCCGCGGGGATCACAGGGGACGGGGGTACCGCCACGGCTTCGGGCACCTCAACGGCTACGAGCCCGCGGTAGGGGATTACCGCCCTCCGGCGATGCTTGCGGCGATATGAACCATATGTGTGCGGATCGGAGCGTTGCCATCGCAGCCCGTGACGGTGTATCAACGGGGACGGGTGATCTCTTTGATCTCGTATTACGCCGATCTCGCCATCGGGCTGATCCTGGCCTTCCTGCTGCTGTCGCTTCTCGTCAGCGGTATCAACGAGGGCATCGTCAGGCTGCTCGGCATCCGCAGCAAGTTCCTGTGGGCCTACCTCCGCGACACCCTCGACGGCGCGGAGACGGCAGACGGCACCTCGCGGCTCGACCGGATCGTGGACGTGCTGAAGAGGCTCGTACGCCGGATCAGCACGCCGCTCACGGCCGCGCCGTCGCCGGGGGAGGGGCGCTCGCGCCTGCC
NZ_CP109552.1_gap122	4572452	4573185	733	CGCTCGTCTACCTCGTCTACAACACCATCTCGAACCTGCTCACCCAGGCCGAGCAGGTCGCGTGCTTCCGCAACGCCGCCCGTCACCTCGTGCCCGGCGGCCGGTTCGTGTGTTCCGCAGCCCCCACCGCTACATCTGGCCGAGCGAGCTCGACCTCATGGCCCAATTGGCCGGCTTCGAGCTGGAGTCCAGGCAGGCGGACTGGGCCGGCGCCGAGTTCACCGCCGAGTCGCCCTCCCACGTCTCCGTCTACCGCCTCCCGCCGGACCGGACGGCGTGACCGCGCTCTCGTCCGCGACGCGCTTCGGCATCCACCATCTGCGGGTGGCGAGTGCCGCCAGCACGGCCCCGGCCGTGTTCAGGATGACGTCGTCCACGGAGCTCACCCGGCCGAGCCGCAGGACGTACTGAAGGATCTCGACGGTGAGGGATGCGGCGGCCGCGACGGCGGCGACCGCCCTGAGCGAGGCGAAGCGCGCCGAACGAACCGGGAGCATCGCACCGAGTGCCGCGAACACCAGGAGATTGCCCACGATCTGTACGAACGCCGCTCCCGGCGACATCCGCGTGATCTGATCCGCCAGGTCGACGAGGGGGGTCAACCGCACGCCCTGCCCCGCCCCGGGCGTGAGGATCATCCAGACCCATGGGGCGGTCCCGGCGACGGCGGAGACATCGGCGACGGCCGTTCGGCGGGGGAAGGGCTGCCCCCTCCGGGCCCGGCGGCGTGCGA
NZ_CP109552.1_gap123	4575682	4579190	3508	GCGTCGGGCTGCAGGTCGCCGCTGCACGCGATCATCGATCGGGAGGCGTCGCGGATCCGGGCGCCGGGGGCGTCGACCGACCGCCGCACGGCGGCGAGTACCGCGGTGAGCAGTTCACCGTCGGTGTCGGCCGGCGCGCCGACGTGCGTGCCGATCTCGGCTACGATCCGCACCGGATCCGCCCGTGGTGACGCGTTGATGCCCAGCAGGCGATAGCGCAGCACCGCGATCGCGATCGCCGCCGGCAGCAGGTACAGGCTCGTGACCTGGGCGATCTGGGCGACCAGGCTGTCGCCGAGCAAGTTCACCACGATGATGAGGATGACGCTGCCGAGCAGCCACGCGAGCTGCTGGCGTCGCGGCGCGGCCGACCTGGCCAACCTGACGATCGCGAGCACCCAGATCGTCGCCGCACCGGCCAGGTACACGACGAAAGACACCGCGCCGAGCGGGCCGTCCGACGGCTGCCCCGCGAGCCAGTGCAGCTGGATGAGCACCGCGCCGAGGGCGACGACGCCCACCGGCCACCACCAGGTACGTCCGGGCGGGCGCCCGGTGGGGAAGAACGCGGGCAGCGTGCCCAGCATCGCCATGATGCTCCATCCGCCGACCAGGGTGAGGACCAGCCCAGGAGCGCGTGCCATCCAGTCGCGCGCGGCCGCTGCGGGGCCGAGCCATCCGGCCGCGGCGAACGCCTCCTCGGTCAGCGAGAGCTGGGTCACGGTCCCGACGACGAGGAGGAGCCAGCCGATCGCGTTGGCGGGGCGGAGCCAGGCGAGGAGCGCACCGGCGACGGACCATCCGACACCGACCAGCGTGCCGGCCAGCGCGAGCGTGAGGGGGAGCCGTGCGCCGTAGGCGGCCGCGGCGAACCCCTCGGCCGCCGCGCCCGCCAGGCCGGCCACGCCGACGAGCACGGCGACTGCGCCGACGGCGGCTCTCGGGACCCACATGGGATCAGTCTGGAGCCTGCGCGCCCGGGACGCCACGGGCCAGTGTCCCGTTCGGCCGGGCACATCGCCCGAGTCGACGGGTTCCCTCGCCCTGTCCCGGGGCGCCCCCGCGCCGCGACGCTGGTCGAGCACGACCCAGTCCACCAGTTCATGATCCGAAGGAGATCCCATGTCCCTGTCCGCCGAAGCGTTTCAATCCGCACCCGCGTCACCCACGCGAGTCCGTCGCCACATCGCGTTCCGCATCATCGTCGCCGCGATCGCGCTGCTGCTCATAGTCGGATTCGGCGTGTGGCTGTCGATCCTCACGCCGTGGGTGAGCTTCGCCGACACCACAGACCACGGCTGGACCCGCACGCCGGAACTGCACCGGACGGCCGACACCGTGAGCGCCGCGGCCATGGGCGCGGTCGGCGCCGCGGGCATCGTCCTCGCCGTACTGCCGCGCCGGCGGTCGGCGCTCACCGCCTGGTTCGTCGCGATGCTCGCGGCGTTGGGCATCACCAGCGTGGTCTCGTCGGTCATCCAGGGTCACGACCTCGTCGGCGCCGCGATCTTCGCGGTCGGATGGCTCGCGCTGCTCGTCGTGCCGACCGTGCTCCTCGCGCCCGACCGCCGCAGCCTGCCCGCGGGCGGTGTCGCGTCGGAGGACCGACCGCGCGGGCTGCTCCTCGCGGCGCTCTGGGCGCTCGTCGTCGCGGGAGCCCTCATCGCGGTCGGCGCGATCGTCTGGCGGCTCGCCGGCGGCATCACCGAGAACCCGCGCGAGGACGACGTCATCGGCTTCGTGCTGCTCGGCCTCGCATTCGCGCTCGGCGGGGCGCAGTGCCTCCGCGCCCGCGAGAGCTGGCGCACGCTCGCGATCATCCTGGCCGCGGTGACGGCGTACACCGTCGTGGCAGGGGTGTCGCTCGCGCTCGGCTGACGTTCTGCGTGGGTCGAGTAGCGCCGCAGGCGCGTATCGAAACCGACGGCTGGGTCCGACGAACCCGCCCGCGTGCTGCGCTGGGGCACCCAGATCGACACCAGGCCGATCACCATGAACGGCGAACTCTCCGACCAGACCGTCGCCGACTAGTCGCCACCAAGGCCGCCGAACGCGTCGGCACCCTCGACCGACGCCCAACTAGAACACTGGGCTCGAAAACTTTGACCTCCCTGCTCGCTGGCCCCGTCAACAATCTTCTGGCCAGCAACACCCCCCCCAGCCGCCGCGCTGACCGGAGTACCTCTGGCTCGCGGGAGCACAAGGCGATGAACCGGAACTACTTCAACGCGTTCACCTGGAAGCCGGCCCTCGAAGCCGCGGGAGTCATCCCGGTCCGTGAGACGGGCACGCGCAGATGGACCGAGAGCAGGGAGGAGGGGTTTCACGCCCTGCGGCACCATTTCGCGAGCGTTCTCCTGGCGGACGGCGTCGATATCCGCAGCCTCGCCGAGTTCCTCGGCCACGAGGACCCCGGGTTCACGCTGCGGACCTACACACACTTCATGCCGTCGGTGGAGGAGCGCAGGCGAAAGGCCGTCGAGCGTGCCCTCAACGGCGGGACGGTCGACGGCCTTTCGCGGGAGGCCTGAGTGCCCTGTGTGTGCCCTGGCGGCTCAACCGCCAGGGCACACAGGTCAGAAGCTCAGGGGCTCACACGTCGTAGATCTGATTCGTCCTAGCGGCTGGCCTGGGGCGATTGCCCGGCTCATACCGTGAGCTGGGCTTTCAGTGTTCGCTGGTTCTCATCATTTCGCGCTGCTTCTGGCGCTCGTGTGCCCTGGCTGTGCCCTGCGAGCCTGATAGGTCTCGCCCGCCTAAAGAATGTCAGTGCCCTCGTATAGCCTGCTTCGAGTCACGCGGGTGTCTGGAGGGTAGCCGTGAAGCCGAGCGAGTTGCGCCGCAGGTCCCAAAAATGCTCCTGTCGACTGTGCTTCTACTGCGAGACCGAACTAGGGCGGCACGAGCATGACCACTTTCCGGTCCCAAGGTCGGCGGGCGGTACGAGAGTCGTGCCGACATGCCTCGACTGCCACGACTATAAGGACCGCATCCCCGTGCACAAATGGGGCATGGACGCTTCGTGGACCGCGCACAAGGAGTTGTTCCAGGAGTTCGACCCATCTCGATACGACGGCCTGTACGGGGACGATCTGTTAGATGCCTTGTGGAAAGACTCGTCACTGAGCGAAACAGCAGTTATGGCCCGGTGGAACTCGCTCACTCCCATCGCCAGGGTTCTCTACGCGAAGATGCGTGCCACTCGCGAAGTGGACCTGCGATAAGGTAGCTGCGCGGTCCCGAGGTTTCGGGAGCGCCGGAACGTCGCGCAGTCTGGCAGCGCACTTGACCCCGGGTCAAGGGGTCGTGTTTGCAACTATGCCCTGCGCCATCCGTTGTGCGGTCTCCGCGCGCTCGCCTTGTCCTGATCTCTCGTCTGCCCTCGACCCATCGCGAAGCGACAGCGGGCCGGGGACGGAGGGTCAAGCCCTGCCTCGCGTGTACCTGCTCCCGGTGACCTTCCTCGCGCGCTGGTTGCCCTGCCCGCACGGCTGGGCTTGACCTGGAG
NZ_CP109552.1_gap124	4589518	4593968	4450	GCGGTCAGCGTCAGGCCGACGCCGGCGATCAGGCCGACCCAGTCGCCCAGCGTCCGGTGGTGCTCCACGTACGACGGCTCACCCTCGTCGTCGTACTCGACGTACGGGGACCGGTCGAAGTAGGGGCGGTCGGCGGTCAGGCCGCGCGGCCCTGGATCGTCGGGAAACGCCCACCGGACGGGGTGGCTGACGGAGAACACGAACCGGCCGCCGGGACGCAGCACCCGGCGCACCTCGGCCAGCACCGCCCGGGCGTCCGCGACGAACGGCAGGGCGCCGTAGGCGGAGCACGCGAGGTCGAAGGAGCCGTCCGCGAACGGCAGCGTCTCGGCGTCGGCCTGCACGACGGGCAGCCTCACCCCGGCCGCCATGTCGATGCGCCGGGAGTGCTGCAACTGCCGGAGGGACAGGTCGGCGCCGACGACCGTCGCGCCCTGCCCGAGCAGCCACCGGCCGCACTGCCCGGCCCCGCACCCGATCTCCAGGATCCGGCGGCCGGCGACCTCGCCCAGCAGGCGCGTGCCGGCCTCGTCGAGCCCCTCGGGGCACCAGACGAAGCCGTCGTCGCGCAGGAACCCGCCGTGCTCGGCCTGGTAGTCGTCGGCCGCGCCGTCCCACCAGCCCCGGTTGGCCCGGGAGGTCTGCGACCGGGAGACCGGCCGCCGTCCGCCGTCCATGTGTCGTCGTCTTCCGAGCGGTTCTCGTCAGCGCATCTTCGGGCCGCGCGGCATGCGCATGCCCTTGGGGATCGGCCCCTTCGGCATCGGCACGGCGGGGGTGAGCGCGCGCATCCGGTTGTTGACCTCGGACACCGCGCCCTTCTTGAGGTTGCGGGGCAGCTTCATCATGTGCCGCTGGAGCTTGGCCAGGGGGACCTGGCCGTCGGCGTCACCGCACTGGATGTCGTAGACCGGCACGTCGGTGGCGACGCGCTGCACGCGCTTCTTCTCCGCGACGAGCATCCGCTGGACCCGGTTCGGCGGGCCCTCGGAGACCAGGATGACCCCCGGGAAGCCGACCACCCGGAAGACCATGTCCTGGTCGCGGTTGACCGCGACCGGCTTCTCCTCGACGTACCACGTGCCGCGCAGGCTCTGCAGGATCGCGTACGACGCGCCCGGCCGCCCGTGCAGCATGGAGTACTGCGACTTCTGCGCGTAACGGCTGAAGACGAACATGCCCACGAGGACGGCGGCGAAGACGCCGAAGACGATCCACGTCCAGCCGAAGATCACACCGATGACGACGAACAGGGCGAGTGTTCCCGCAGCCGACGCGTAGACGATCGGCATGCCCTTCGGATTCGCCTGTTGAATGATCTGTGCGACCATCCGGATCTGCTTGAGGCGTCCCGGAGCCGCTGCGTCTTTGGCCATGTCCTGAAGGATACAAACGCCGAGCTGACTTAATGAAAACGAGACTCACGCACGGGCGGCGATCGCCTGCTGGTAGAGCCGTCCGGCCCGGTAGGACGAGCGGACCAGCGGGCCGGACATGACGCCGGCGAAGCCGATCTCCTCGGCCACGCGCTGCAGCTCGACGAACTCCTCGGGCTTGACCCAGCGGTCCACGGGGTGGTGGCGCGGGGTGGGCCGCAGGTACTGCGTGATCGTCACCAGGTCGCATCCGGCCTCGTGGAGGTCGCGCAGCGCCTGGACGATCTCCTCCCGCTCCTCGCCCATGCCGAGGATGAGGTTCGACTTGGTGACCAGCCCCGCCTCGCGGGCCATGGTGATCACCGCGAGCGACCGCTCGTAGCGGAACGCCGGGCGGATCCGCTTGAAGATCCGCGGCACGGTCTCGATGTTGTGCGCGAAGACCTCGGGCCGGGCGGAGAAGACCTCCTCCAGCTGGCCGCGGTCGCCGTTGAAGTCGGGCGCCAGCAGTTCGACGCCGCAGCCGGGGACCATCTCGTGGATCTGCCGGGCGGTCTCGGCGTACAGCCAGGAGCCGCCGTCGGGCAGGTCGTCGCGGGCGACGCCGGTCACCGTGGCGTAGCGCAGGCCCATCTGGAGGACCGACTCGGCGACGCGGCGCGGCTCGTCCCTGTCGTACTCCGCGGGCCTGCCGGTGTCGATCTGGCAGAAGTCGCAGCGCCGGGTGCACTGGTCACCCCCGATGAGGAAGGTGGCCTCGCGGTCCTCCCAGCACTCGGAGATGTTGGGGCAGCCCGCCTCCTGGCACACGGTGTGCAGCCCCGCGCCCTTCACCAGCGATTTGATCTCGGTGAAGTTCGGGCCGTTGCGCAGCCGCGTCTTGATCCACGGCGGCTTCTTCTCGATGGGGACCTGGCTGTTGCGCACCTCCAGGCGGAGGAGCTTTCGACCTTCCGGAGCGACCGTCACCAGTCCAGCTTATTACCCGGCCCGACCTCGCCCGTCTCGCCCAGGTCCTCCTCGTACAGGTCGTACGGCTCCTCGCCGAGCGCCTCGGCGAGGCGCTTGCCGGCGAAGGGCATGACCTCGTCGACCGTGATGCGCCTGCCGGTCTCCGCCGACAGCGAGGTGACCCCCGCGTCGTCCCCGGTGAGGTTCCCCGTGATGCGGTTGTACCAGCTCAGGTCGTTGGCGCAGTTGAGCGCGAAGCCGTGCATGGTCACCCCGCCGGCGACCCGGATCCCGATCGTGCCGAGCCTGCGGTCGGGCAGCCCGTGGGACGGGTCGCCGGGCACCCACAACCCGCCGCGCCCCTCGACCCGCCGCGCGGTCAGCCCGAAGTCGGCGCAGACCTGCATCAGGACCTCCTCCAGCAGCCGGAGGTAGGAGACGACGTCGGTGATCCGGATGATCGGGTAGCAGACGAGCTGGCCCGGACCATGCCAGGCGAGCTTCCCGCCCCGGTCCACGTCGATGACGGGGGTGCCGTCGGCCGGTCGCTCGTGCGGCAGGGTCCGCTTGCCCGCGGTGTAGACGGGGGCGTGCTCCAGCATCAGGCACAGGTCGGAGATCTCGCCGGCCGCGCGGCGGGCGTGCAGCCGCCGCTGCAGGGCCCAGACCTGCTCGTACGGAACGTCCACTCCCAGGCGGACGATGGCCAAGCCCTTCACGATGACAGGGTAGTGGAGGCCAGCAGCCGGGGCTCGACCCGCAGCTCCTTGACGGAGGGCCCGTCGCGCTCGATCCGGTACGCGCACCCCCGGGGATCGGTGGTCACGGCCTGGATGAACTCGGTGCCGACGTAGTGCAGCGCCACGCCCTCGTCGGCGGCGTACCCCTCCGGCAGCTCGCCCGAGGCGACCGACTCGTGCAGCAGCGCCCGGCGCTGCGGGTCGGAGTTGTAGTGGACGCCGCAGGAGTACGGCAGCAGGGCCAGGCCCTCGGACCAGGGCCGCAGCCTCGGCCCGAACGAGTCGGTGTTGCCCCCGACGTGCCAGCACAGCGCCCCGGCGCTCTGCCCGGACAGCACCACGCCCGCGCGCCAGGCCTCGGCGAACGCCTCGTCGAGGCCGTGCAGCCGCCACAGCGCGGCGAGGTTGGCGACGCTGCCGCCGCTCACGTAGATCGCGTCCTGCTCCAGGATCCACTCGCGGGGGTCGGCGACGTTCGGCATCGGGAACACCGTCAGGTGGCTGACCTCGACGTCCCAGCGGGCGAACGCGCCGTACATCTTCAGCAGCCAGTCGGCGTCGTCCCCGGTGGCGGTGGCGAGCAGCCCGAGCTTGGGCCGGTCCTGCCCGGTCAGGTCGAGGACGTAACGCAGCAGTGCGGTCGGCTCGATGAACCCGTACCGTTCCGACTGCCGGAACGAGCCGCCCCCGATGGCGACGATGTGCGACTGCCCGATGCGGCTCATGCCCCACCACTTCCGTGTCCGGATCGACTGACTCTTCAGAGTACGGCGGCCAGGGCGTCGCCGATGGCGGGATGGGCGAACCGGTGACCTGCGTCGAGGAGCCGCCGGGGGAGCACCCGCTGGCCCGCGAGCAGGGCCTCGTCGGCGAACTCGCCGAGCGCCAGGCGCAGCGCGAGGCGCGGGGCCGGGACCGGCATCACCGGGCGCTTCAGCGCCTTCGCGAGCGCGGCGGTGTAGTCGGCGTTCGTCACCGGCTCGGGCGCCGTCAGATTGACCGGCCCGGACGGGTCCTCGCGGGAGAGCAGGAAGCGGACCGCGTCCACCCAGTCGGGCAGCGAGATCCACGACACGTACTGCCTGCCGCTGCCGAGGACGGCTCCCGCGCCCATCTTGAAGATCGGCAGCATCCGGGCGAGCGCGCCGCCCCGGCCGCTGAGCACCATGCCGGTGCGCAGCCGCGCCACCCGGAGGCCCGCCTCCGCGGCGGGCGCCGTGGCGTCCTCCCAGGCGCGCACCAGGTCGGCCAGGAAGCCCTTTCCCGGCGGAGCGGACTCGTCCACCGCCCGGTCGCCCGTGTCGCCGTAGAAGCCGATCGCCGAGGAGGACAGCAGGACACGCGGCCCGCCGTCCGCGCGGGCCAGCGCCTCGGCGAGCGTCC
NZ_CP109552.1_gap125	4600623	4603849	3226	GCGCTGGTCGGGGGGCTGATGATGCTGACGCCCTCCCTCGGCGTAATGGCCGTGCGGGTCCTGCGGCGGCGCGGCACGCCATTGAAGGAGTGGGCGCGGACGACCGGGCTCACGCTCGGACCGGACCGGGGAAGGACCGCCGCGCTCCTGGCGGCGGTCCTGCTCGGCGTGCCGCTCCTCGTGGCCGTCGCCCTCCTGATCAGCGCCGCCACCGGCATGATGAGCCTCGATTTCGCGGGGCTGAGCCTGTTCCGCGAGCAGCTGGGCGCGGCCCTCGACCGGGTGCCGCTGGACCCGCGGATCCTGTACGTCGTCCAGGCCGTGCAGGCCGTGCTGATCGCCCCGTTCATCAACGCGATTCCCGCGCTCGGGGAGGAGTGGGGCTGGCGGGGCTGGCTGCTGCCGCGCCTGCTCGGCGACCCCGCCGTCACGCCCCCGCCCGCCCCTGGGCACGTCGGCGCCGGGAACGCGGGGGTCACGAACACCGGCACCGAGGTTCCGGGCGCCGGGGACGGGGTCGCGGGGGAGCGGCGCGGACGCCGGGTGTGGCCCGCGCTGGTGCTGTCCGGGGTGATCTGGGGTCTCTGGCACGCTCCCCTCACGCTGAAGGGATACAACTACCCGGCACTCGGCGCCTGGGCGGCGGCGCTGTTCGTCGGCTTCTGCGTCGTCTTCGGGGCGCTGCTCGGCTGGATGCGGCTGCGCTCGCGCAGCGTGTGGCCCGCGGTCATCGCACACGGCTCGTTGAACGCGGTGGCGGGCCTGGCGCTGCTCCTCGGCGACGCGGGCGCCCCGCCGAACCCGGCGCTCGCCGGGATCACCGGGATCGTCGGCTGGGTGCTGCTCGCGGTCGTCGTCTTCGTCGCCTTCCGCCTGCGTCCGGTGTCCGCGCCGCGCTGACCCGCCCAGCCGGGTCAGGCGTCAGACGAGGACGGCGGCGGCCAGCAGCGTCGCCGTCGTGGCCGTCTCCACCAGGGCGCCGAGCACGTCGCCCGTGATGCCGCCCAGCCGCCGTACGGCCCGGCGGCGCAGCAGGGCGGCGGACACCAGCCCGGCGGCCATCGCCAGGAGCAGACCGGCGGTGACGCTGAGACACGGATCGTCCGAGAGGCGGTACAGCAGACCGGCGGGCTCCGCTCCCGCGTAGGCGACCGTCACCGCGACGAGACCGGCGAGAGCCACGACGGCAGCGGTGACGACGGTCGCCGCGACGGCCGCGCTCCGCCGTACGGTGCCCGCGACCAGAGCGCCGAGGCCGCCCGGCCGGGCGGCGGGCACCCCCGCGCGGCAGGCCCAGGTGACGGCGAGCCTGCCGGTCGCGGTGGCCGTCACCAGCACGGCCCAGGCGAACGGCCCGGCCCGCTGGAGCGTCGCGACCTGGAGAAGCAGGGTGATCAGGAGGGTGACGACCCCGAACGGCCCGATGTCGGAGCGCTTCATCACGTCGAGCGCCCCCCGGGCCGGCTTTCCGCTGCCGAGCCCGTCGGCCAGGTCCGCGAGGCCGTCGAGGTGCAGGGCCCGGGTCAGCCAGGCGAGCGTCCCGACCGCGAGGACGGCGCCGATCAGCGGCGAGCCGGACGCCGCTCCGGCGACCACGAACACGGCGGAGCCCGCCACACCGAGGGCCATCCCGGCGAACGGCGCCAGGGACATGGCGCGCCCCGCCACCAAGCGGTCGACCGGCACGGGCGGCACCGGGAAGATCGTGAGGGTTCCCACGGCGAACCACCAGGCCGCACCGGGGCGCACACGACTCACGCGGGGGGCATCGGGCACGAGGCTCGATGGTAGCGGCCCCCTGGCTCACGGCTTGCCGCCGGTGAGGGGCGTCGAGGGGGTCGCGATCAGATGGGCAGAGGGACGACCCGGCCGGCGACCACGAGGGCGACCTCCTCGGACTCCCGGGCGAGTGCCTGGTTGAGGCGGCCGAGCGCGTCGCGGAACAGCCTGCCGGCGGCGGTGGCCGGAACCACCCCCAAGCCGGTTTCGTCGCTCACCGCCACCACCCGGGCGCGGGCGCCGCGCCAGGCGTCCACCAGCGCCTCGCACCGCTCCTCCACCTGGTCGAGAGCGAGGCGGCGAAGGTCGTCCGGGCGGGTGTCGCCGGGCCAGGCGCCGGACTCGTCGAACACGGCGGCGAGCCAGGTGCCGATCCCGTCGACGAGGAACGTCCCCCGTCCGCCGGAGAGCACCGCCGCGAGATCGGTGGTCTCCACGGTCCGCCAGTGTGCGGGGCGTCGTTCCCGGTGAGTCCGTACGCGGGCCAGCCAGTCCGGGTCGTCGCCCCCGGAGGGCCCGGTCGCGACGTAGGTCACCTCGGGCTCGGCGGCGAGGCGCAGCTCGGCCTCCTCGGACTTGCCCGACCGCGACCCGCCGAGCAGCAGCGTGCGGCGGGGCCGCCCGCCGGTGGCCTCGGAAGGACCGCCTGTGATCGGTGTGCTCGCCGTGCGGATGACGGTTCCGTCGGGGACGGCCTCCGCTCCCCAGAAACCGAGCCTGCGGGCGAGCTCGCCCTCCGAGGGGACGCGATGGCAGAGGTTCACCGCGATGATCCGGGTGCTCGGCGTCACGCGCCCCCGCCGGCGCAGGTCGCCCAGCCGTTCCGGCCGGTCCGGCAGATCGATGAGCACCACGTCGAAGGGCGAGTCAGGAGGCGGTCCGTCGCCGGGCTCGCCATGGCGGGACGGCGGGCCCACGGCATACAGCAGCCGGCCGCCCTCGGGCGCGGTGACCTCGCGGCCGTCCGAGGTGCGGAGCAGCCGGTATCCCTCGGGCAGGCCCTCCTCGACCCCCGGGTGCGGTCCGGCCGGAGCGTCCGGTCCCGTCGCGATGTCCGACGCGGTCGCGGGGCCCGCCTCCGAAGGCTGTCGTGACGGAGCGAGCCGTACGCGTTGGTCGACCAGGATGGACGCGGGACGCCGGTGGCCGGGATCGAGACGCCCGCAGGACGCGCAGGCGCAACCGGGCACGGGCCAGCCCTCGGAGCCGCCGGTGCCCTCCACCCGGACCTTCATGTCGCCCCCTTCCGCGCTCCGCCGAGATCGGGTAGCCAGGATAGGGTCCGGCTGCACGGCCGTCGCGTCGCGGCGGCCCGGCGTGAGTCCCGGGCGCGGGGACGGCGAGGAAGCGAAGGAGCGGGTGCGGATGATTTGGCGGTGGCGTTACGAGGACGCGAACGGCGGCGAGGTCACGGACCGCCCGCTGCCCCGGGAGATCTTCTCCAGCC
NZ_CP109552.1_gap126	4609373	4612444	3071	GGGTGTCGCAGGACGCGTACGGCTACACCTGGCTGTCGGTGCGCAACCCCGACGTGGCCGGGCTCGTGACCGACCTGCACGCCGCGAACTCGTCGCTGGAGTCGGCCGGGTTCGGGCCCTCGCTGCTGTGCACGCTGGTGACGTTCGCCGATTCCGCGCAGCGGAAGCTGGCGATCGTCTACCTCTACAAGCGCGGCACGTTCTACCCGTTCGCTCCCGCCGGGGAGCCGCGCCGCGACAACGCCCTGGAACTGCAGGTGCGGGGCGTCCTGGAGCAGGAACTCAGGATCGAGCCCGATCTCGCGAGCTGGTTCCCCGTCTGGGGCGCGCCGGGCCTGTGAGACCCGGCGCGGACTCGGGGGCGCCTCTTGTGTCTCCTCGTTACGGCAGGGCGAGCATGCGGTCGAGGGCGACCTTGGCCCAGTGGGTGGTGTCGGCGTCGACCGTGATCTGGTTGACGACCTGGCCCGCGGCCAGCGACTCCAGCGCCCAGACCAGGTGCGGCAGGTCGATGCGGTTCATCGTCGAGCAGTAGCACACGGTCTTGTCGAGGAACGTGATGGTCTTGTCGGGGAACCGGTTCGCCAGGCGGCGCACCAGGTTCAGCTCCGTGCCGACTGCCCAGGAGGACCCGGCGGGAGCCTCTTCCAGCTTCTTGATGATGTACTCGGTCGAGCCGACGAAGTCCGCCTTGTCGACGACCTCGTGCCGGCACTCGGGGTGGACGAGCACGTTCACGCCCGGGATGCGGGCGCGCACCTCGTCCACGCACGCCTCGGAGAAGCGGCCGTGGACCGAGCAGTGGCCCTTCCACAGGATCATCTTCGCGTTCTCGAGCTGTTCGCGGGTGAGGCCGCCGTTCGGGCGGTGCGGGTTGTAGACCACGCAGTCGTCGAGCGACAGGCCCATCTCCAGCACGGCCGTGTTGCGCCCGAGGTGCTGGTCGGGCAGGAACAGGACCTTCTCGCCCTGTTCGAAGGCCCAGTCGAGGGCGCGCCGCGCGTTCGAGGAGGTGCACACGGCGCCGCCGTTGCGCCCGCAGAACGCCTTGATGTCAGCACTGGAGTTCATGTACGTGATCGGCACGACGCGGTCGGCGATCCCGGCGTCCTCCAGGGCGTCCCAGCAGTCCTCCACCTGGGAGAAGGTGGCCATGTCGGCCATCGAGCAGCCGGCGGCCAGGTCGGGGAGGACGACCTTCTGCGTGTCGCCGGTCAGGATGTCGGCGGACTCGGCCATGAAGTGGACGCCGCAGAAGACGACGTACTCGGCCTCCGGCCGGGCCGCGGCCTCACGGGCGAGCTTGAACGAGTCGCCCGTCACGTCGGCGAACTGGATGACCTCGTCACGCTGGTAGTGGTGACCGAGCACGAACAGCCGGTCGCCCAGCCGCTCCTTGGCCGCGCGGGCTCGCTCCACCAGCGCCGGGTCGGACGCGGCGGGCAGCTCGCCCGGGCAGTCGACGCCGCGCTCGCTGTGCGCGTCGGTGCCCTGGCCGAGGATGAAGAGCGGAAGGCCGGTCTCGGTGATCGTCACGACCACACCCCCTCGGGGACTTATCGTCTAACTGACGACTAATCATTACACATCGTTTCGCCCTGTTCGTCCGCAGGGTTGCGGGGGCGGCCATGGAATGTGTAGGGAGCGGCGGGTGTTGGTAGCGTCTAGATAGGACGTCAGAACCATTCGACCGCTCCGGGTGGGCGGTTGGCGCAGACGCGGGAGTCAGCACATGACGGTTGAGAGCAGCGAGACCACGCAGCAGGGCCTGATCCTGACTGACGCGGCCTCCGCGAAGGTCAAGAACCTGCTCGAGCAGCAGGGCGAGGAAGGGCTGCAGCTCCGGGTGGCCGTCCAGCCGGGTGGCTGTTCCGGTCTTCGCTACCAGCTCTTCTTCGACGACCGTTCCATGGACGGCGACGTGGTCTCCACCTTCGGCGGCGTGAACGTCGTCACCGACCGGATGAGCGCGCCGTACCTCGTCGGCGCCACGGTCGACTTCGTCGACACGATCGAGAAGCAGGGCTTCACGATCGACAACCCCAACGCGACGGGCTCGTGCGCCTGCGGCGACTCGTTCAACTGACGGCGCCGCCGCGCCCGGCGGCCGGGATCCGAGCGCCCCGTACGGACACCGTCCGTGCGGGGCGTCGTCGTGCCCGAGACGGTACGCTCGACAGGTTCGGCGGGATGGCGGGATGACTGTCCCCGCCCGTGTCTTCCTGCCCCTGTCTTTCTGACTGTCTCCCTGATGCTGACAACGAGGAGAATGACCCCGTGCGCATCGCCGTCACCGGCTCCATCGCCACCGACAACCTGATGACGTTCCCCGGCCGCTTCGGCGACCAGCTGATCGCCGAGCAGCTCGACCGGGTGTCCCTGTCGTTCCTCGTCGACGATCTGCAGATCCGCCGCGGCGGCTGCGCGGGCAACATCGCCTTCGGGATGGGCTGCCTGGGGCTCACCCCGATCCTCGTCGGCGCGGTCGGCACCGACTTCGCCGACTACCGCTCCTGGCTGGAGCGGCACGGCGTGGACTGCGGCTCCCTCCACGTCTCCGAACTGCGCCACACCGCGCGCTTCCTGTGCACCACGGACGAGGACCACAACCAGATCGCGTCGTTCTACACCGGCGCCATGGCGGAGGCCCGGGAGATCGAGCTGGCCCCGATCGCCGAGCGGGTGGGCGGGCTCGACCTGGTCCTGATCAGCCCCAACGACCCCGACGCGATGCTCCGGCACACCGACGAGGCGCGCACCCGCGGCATCCCGTTCGCGGCCGACGTGTCGCAGCAGCTCGCCCGGATGCCCGGCGAGGAGATCCGCAGGCTCGTCGACGGCGCGGCCTACCTGTTCAGCAACGACTACGAGCTCGGGCTCATCGCGCAGAAGACCGAATGGTCGGACGAGGAGATCCTCGACCGGGTCGGCGTACGGGTGACCACCCTCGGCCCCAAGGGCGCCAGGATCGACCGCGGGGGCGAGCCCTCGATCCACGTCCCGCCGGCTCCCGAGCTCGGCAAGGCCGACCCGACCGGGGTGGGCGACGCCTTCCGGGCCGGGTTCCTCGC
NZ_CP109552.1_gap127	4626073	4629531	3458	CGTGGGTGATGTAGGCGATCATGTCACGCTTCTGCTCCGGCGTGATCGTGGAGTCGTTGAACACCGGCATCGCCTGCGGGCCGGTGACCATCGCCTCGTAGATCTCCGTCGGCGTCGCCGGGTTCAGCGACGGGGCGTACTTGCCGTAGGTCAGCGCACCGCCCGCGCCCACGAAGTTGTGGCACTGGATGCAGTTGGCCCGGAACAGCTCACCGCCCTTGGCGGGGTCGCCCAGCGCGGGGTTCACCTGCTCCTCGGTCGGCCGCGTCGGGCCGCCGCCCAGTGTCTGGACGTACGCCGAGAGCTGGTCGATCGCCTGGTCGGTGGCCCACTCGGGTCTGGGCTTGCGCGGAGCCTGGGGACCCGCGTCCGCGGCCGGCATGCGGCCGCTGCTCACCTGGAAGTCCACGGCGGCCGCGCCGACGCCGATGAGCGTCGGGGCCTTGCTGGTGCCCTCGGCGTTCAACCCATGGCAGCTCGCGCAGTGCGCGACGAAGAGGCTCTTGCCCTCCGCCGCGTCGTCGGCCTTGCCGGACGCGATCGCGGCGTCGGCGGTGCTGCCGTTCGGCGCGGCGAGCGCGTACCCGCCGCCGAGCAGGCCCAGCGCGAGCGCCACGACGGCGACTCGCGCGAGGGGATGGCGCCGTCGGGCGGTGATGGAGTTCACCGAAATCCCCGTTCCGATCATTTGATGATGTAGATGGTCGCGAAAAGGCCGATCCAGACCACGTCGACGAAGTGCCAGTAGTAGGACACGACGATCGCGCTGGTCTGCTGCTCATACGTCAAGCGCTTCGCGGCGTACGTGCGTCCCAGGATGAACAGGAACGCGATCAGACCACCCGTCACGTGCAGACCGTGGAAGCCCGTGGTCAGGAAGAACACCGAGTCGTACGGGGAGTGCGAGAGGACGTGACCCTCGCGCGCCAGGTTCCCGTACTCGTAAAGCTGACCGCCCACGAAGAAGGCGCCCATCAGGAAGCTTACGACATACCAGAAACGCAGCTTCTTGACCTGGCCTCTTTCCACAGCCCAGACGCCCAGCTGGCACGTGACACTCGACAGGACCAGAACGGTCGTGTTGAAGGTCGCGAACGGGACTTCGAGGTGCGCCTCGGGCCAGTGCGTGCCCTGGCCGAGGCTGACCGACCGGATGGTGAAGTACATCGCGAACAGCGCCGCGAAGAACATGAGCTCAGAGGACAACCACACGATGGTGCCCACCTGGACCAGGTTCGGCCGGCTGGACCCGTGCGGTCTCGTCGTCGTAGTAATTGCGGATGCTGTCGCCACGCCCAGCATTATTGCGGCTCTCCAGGTCGGGTCGCCCCACGACCCCCCGCTAGGGTCCGTCCGCGCCCTCGGAAGCGGGCATGCCATGGCGGGAGCCCCGGGGCTGCGAGCCTGGCAGCCGCGCCGGTAGCATCACGATGACCATACCCCGCGATTCGACAGTGAGCGTGTAATGAGGGTTCTCGTCTACAGCGACGACGCAGGCACCCGGGAGAAGGTGCGGCTGGCCATCGGACGGCGCCCCGCCGCTGACGTGCCCCTCGTCGAGATCGTCGAGTGTGCGACCCAGCCGGCCGTGCTCAGGCAGCTCGACTCCGGTGAGATCGGCGTGGCCGTGCTCGACGGCGAGGCGGTGCCGGCCGGCGGCATGGGAGTGAGCCGCCAGGCCAAGGACGAGGTGCACGACTGCCCGCCGATCCTGCTGCTCATCGCCCGCAGGGACGACCGCTGGCTGGCCAACTGGTCCCGCGCCGACGCGGTGGTCGCGCACCCGCTCGACCCCGTCGTGCTCGCGGAGGCGGTCGCCGACCTCATGCGGCGCCGCCTGAGCGTCACCCGGGCGCACTGACCTGCTCTTCCGGCGTTTCAGCCAGGGTCTTGCCGCAACTTTCACCCGGCGCCCTCTACGACCTGGCATCTCCGACCTGACCTCGACATATCGCGGAGCCCACGATGGACACGCGCACCACCTGGCCCTCGACGCTGAACGCCCTGCTCGCGGGGGAGAACCTGACGGCCGACGAGACGGCCTGGGTCATGGGGGAGATCATGTCGGGGGCGGCGACCCCGGCGCAGATCGCCGCCTTCGCCGTCGCGCTGCGGGCCAAGGGCGAGACGGTCGCCGAGGTGACCGGCCTCGTCCGCACCATGTTCGAGCTGGCCACCCCGCTCACGGTCGAGGGGCCGGTGCTCGACATCGTCGGCACGGGCGGCGACCGGGCGCACACGGTGAACGTCTCGACGATGGCGGCGATCGTCGCGGCCGCCGCCGGAGCGAGGGTCGTCAAGCACGGCAACCGCGCCGCCTCCTCGTTGTGCGGGGCGGCCGACGTGCTGGAACGCCTGGGTGTCGCGCTCGACCTGGCGCCGCGGCTCACCGCCAGGGTGGCGGTGGAGGCGGGCATCGCCTTCTGCTTCGCGCCCCTCTACCACTCCGCGCTGCGGTTCACCGGCCCGCCGCGCAAGGAGATCGGCGTGCCGACGGTCTTCAACTTCGTCGGGCCGCTGGCGAATCCCGCGCGCCCCGCCGCCCAGGCGATCGGAGTGTTCGACGCCCGGATGCTGCCGGTGATGGCCGGCGTGTTCGCCGAGCGCGGTGTCTCGGCGCTCGTGTTCCGGGGCGACGACGGCCTCGACGAACTGTCGACGGCCGCGCCGTCGACGGTCTTCGTCGTCCGGGAGGGCACCGCGACCCGGACCGTCTTCGACCCGGCCGACCTCGGCATCCCCCGTTCCGAACCGGGCGACCTGCGCGGCGGCGACGTGGACTTCAACGCCGCGGCGGTGCACGACCTGCTGCGCGGCAAGACCGGGCCCGTACGGGACGCCGTGCTGCTCAACGCGGCGGCCGGCCTGGTCGCGTACGACGGCCCCGGCGACGACCTCGTCGCCGACCTGCGCGCGGCGTACGCGCGGGCGGTGGAGGCGGTCGACTCGGGCAGGGCGGCGAAGACCCTGGAGCGGTGGGTGGACCTGAGCCGCACGCTCGGCTCCTCCGGCGCCTGACCCGGCCGCCGGGGCTCACGGCACCTGGGAGCGTGCGGCGCTGTTCGGCGGCTCGGTGGCCGAGCATCCGCTGCCGGGCGGCTTCGAGGTCCGCGTCCGCCTCCTGCGCCCCGCCTGACCGTCCCGGGCGGCCTGGCCGAGTCAGTCGGCGTCGCTGAGGCCGATCGAGAAGGCCGCCTCCAGGTCGTGGCGGGAGTAGGTCCGGAAGGCGATGTGGGTCTCGGTGTGCCGCACGCCGGTCACCTTGTTGATGCGGCCCGGCACGACCTCGGCCACCTCGTCGTACCTGGCGACCCTGACCATGGCCAGCAGGTCGAACTCGCCGGTGATCGAATACACCTCGCTGACGCCGTCGACCTCGGCGATGGCCTCGGCGACCTCGGGAATCCGGTCGACATCCGCCTTGATGTGGACGATCGCGGTGACCATTCGGGCCTCTC
NZ_CP109552.1_gap128	4633804	4638516	4712	GCGCCGCGAGGCCCGGCCTCGTCGGAGCCCGCTCCCGGGCCCCCACACCGGGGGCGACAGCTCCGCGAGGCGCCGCCGGGCGATCCCGGCAGGCGGCAGGTCTGCAGGAACGGCCGAGGAGCGACGAGATGAGTTCAGCCGGAGAAGGCCTGTCTCGTCCGTTGCCGGAGCAGGTCCGCTTACACGTCGTGGAGGTCGCGGGGCAGGTGCTGGGCACGATGCCCGCCGCGACCGTGCCGCCGCCGCTGCGCGGCATCGCCAGGTTCGACCCGCGCAAGCGCGCCCGCCTGGGCAGCGCACCGATCGCGGCCCAGCTGGAGAACGACAAGGAGTTCCGCGAGCAGGTCGCCGAGGCGCTGGAGACGGCCTGGCCCGAGCTGGTGGCGAGCCTCGCCGAGGGGACGGTGCCGCCGGCGGCCGAGCCGGTGCTGGTCGCGGCGGCGGCCTACCTGACCCGTCCGCCCGGCTGGCCGGACCTGGTCGAGCAGGCGCGGACCGACCTGGAGCAGGCCGCCGCGGCGGGCACGCAGCGGGAGCAGGCGGAGACGCGGCTGCGCGAGCAGCTCGCGGCGCAGCGCGCGTCCGCCAGGGAGGAGATCGACCGGGTCCGCGAGCAGCTCAAGGCGGCCCGCGCGGAGAACTCCGACCTGAGGCGCAAGCTGCACGACGCGCGTGAGCGGGTCAAAGCGGCCGAGGCCAGGGCGGCCGAGCTGGAGGCCGGGACGGCCGAGGCGCGGGCCAGGGCGGCGAGCGCCAACGGCGCCGCGGAGACCGAGCTGCGCAGGCTCAGGGAGCGCCTGGCGGACACCGAGCGTCAGCTGGAGGCCAGCCGCCGCGCCGCCCGCGAGGGCCGCAGCATGGAGGACGCCCGCGTACGGGTGCTGCTGGACGCCCTGCAGGACGCCGCCGCGGGGCTGCGCAAGGAGCTCGGCCTGCCGACCACCATCAGCAGGCCGGCCGACTACGTGAACGCGATCGTGCCGGGCGAGCCCGGCGTGACGGCGGTGCCCGCGCGGGCGCTGGCGAACGACGACCCCCAGCTCCTCGACCTGCTCCTCGCGCTGCCCAACCTGCACCTGATCGTCGACGGCTACAACGTGACCAAGACCGGCTATCCGACGCTGACCCTCGCCGACCAGCGCGCCCGCCTGCTCACCGGGCTGGGCGGCCTCGCCGTGCAGGCGCGCGTAGAGGTGACGTGCGTCTTCGACGGCGCCGAGCTGAACGGGCCCGTGCAGGTCTCAGCGCCGCGCGGGGTGCGGGTGATGTTCAGCGCGCCCGGCGAGATCGCCGACGACCTCATCCGCACGCTCGTGCGCGCCGAGCCGCCGGGGCGCGGCATCGCGGTCGTCTCCTCCGACCGCGAGGTGGCCGACTCCGTCCGCCGCATGGGCGCCCGGCCGGTGCCCTCGCTCCTGCTGCTGCGTCGCCTCGGCCGCGGCTGATCCGGTGCGGCACGCTCCGTACGGAGGCCGATTCGGTGAGTGATGACTGCCGCGAATAGCTGCGAATAGGTTGAAGCGCCAAGATCGCCTAGATAGAGTCGCGCCTCAGGTTCGTTGATCCCGAAGGGGGCCCGAGTGCGAGGGCGTGTGCCGGTGGCCGCTGGGTTGGCCGCCGTGGTCCTGCTGACGCCGCTGACGGGCGCGCAGGCCGATCCGAAACCCACCCTTGCCCAGGCCAAGGCGAAGCTGAGCCGGCTGAACGCGCAGGCGGACAAGCTCGTGGACCGCTACAACGCGGCCGGTGAGAAGTGGAAGTCGGCCAGGAAGAAGTATCTGGCGCTCAACGACGACTTCAAGAAGCAGAACGCGCGGGTCGAGGCGCTGCGCTCGGGGCTGGTGACCATGGCGGTCAGCAGCTACCAGGTGGGCGACATCGGATCCTGGGGCGTCTTCTACAACCCCGACCCCGACACCATGCTCAGCGGTCTCGCCACGTACAACCACATCTCCGCCGAGCGCGTCGGGCGGCTCCAGCAGTACGAGGGCGCCATCCAGGGCCTGAAAGACCGGCGGGACCAGACGAAGACGGTCTACGCCGAGGCCGCCAAGGTCAGGAGCGAGCTCGCCGACGAGAAGAAGAAGGTCGACGCGCTCGTCAACGAGCAGATGAAGCTGTTGCGCTCGCTCGGCACCTACAACGCGGGCAATCCCAACAGCGCGGGCGTCGCCTACAAGGGCTCCGCGTCGGGCAACGCCCTGTCTGCGCTCCAGTTCGCCTACAAGCAGGTCGGCAAGCCGTACCGCTACGGGAGCAGCGGGCCGGACTCCTGGGACTGCTCCGGCCTCGTCCAGGCCTCCTGGGCGGCGGGCGGAGTCGGCCTGCCGCGTACGAGCTACGAGCAGTGGGCGTGGGGCGCGAGCCGCCGCGTGTCCCTCGACGCGCTCCAGCCGGGCGATCTGCTCTTCCACGCGGGCTTCGGTCACGTGGGCCTGTACGCGGGCGACGGCAAGGTCGTCCACGCTCCGCAGACCGGCGATGTTGTGAAGATTGTCACACTCGCGGAGTATCACGCGATCGGTGCCGTCCGCCCCTGACGGCCAGTGTGATCTTTGTTCCGGATGTGCGCTAAGTGCCGAATTTGGGCGTTGCGATGCCTGGTGTGAGCAGAGTCACACTCATCCTGCTGTGGCGTGGGTAAGCTGCGGTTTCTCCTGTGCCGCCTTCGTTATCCGATCTTTATATGCCGGGGTGGCTTTGCCGAGAGCCGCCCGATCTGGGTAGCTTCTGGGCCGCGGCGAGCACGCCTCGCCGCGGCGAGCCCGGCCCGGCCGGCCGGGCCCGCGTCATCCACCGTCGCCGGCGCCGTCCGTCTACTTGCTCCCTCAGGGGATATTCCGGGCGCCGGGGACCTGCCGAGTCCGTGCAGTCAGGAGGCACGGAGCCGGGGAACCATCGACCTTCTTCGCGAAGGTCCGGGGTGAATCGGCGCGTCCACGCGCCGTAGGGCGACTTCCCCGCCCGAACCCGTCAGCTAACCCGGTAGGCGTACGCGGAAGATCCAAGGAGAGATCCTGTCTACCACCCCCGCTAGCCTGTCCCGTCTTGCCCGAATTGCCCTTGGGGGTGCCGCTTTGACGGCATCCGTGGGGATCGCCGGCGCGCAGCCGGCGGCGGCCGACTCGGTGACGGTCACGGTCACGAAGTTGGCCGCGGAGACGAACGCGAGGTCCGCCACCACAGGGGCGGCCAAGAAGGCCGCGAAGAAGGCGACCAAGAAGGCGACCAGGAAGGCGGTCGCCAAGCGGAAGAAGCTCAGCAAGGCCACGCTCCAGCTGGCCAAGGCGCAGCGAGCGGTCACGACCGCGAGGAAGCAGATCGGCGACCCCTACCGCTACGGCGCCAGCGGACCGGGCGCGTTCGACTGCTCGGGCCTGGTCACCTACGCCTGGCGCAAGGCCGGCGTACGGCTGCCGCGCACGACGTGGTCCATCCGCAGCGCCGTACGGAAGAAGGTGTCCTGGGGTCACTTCAAGCCCGGCGACCTCATCTTCACCAGCGGCGGTGGCCACGTCGGCATGTACGTCGGGCACGGCAGGATGATCCACGCCCCGCACAGCGGCACACGGGTCAGGATCGACAAGCTCGACTCCTACCGCAGGGCGACCTTCGTGGGCGCCGTACGCCCCGGCGTCTGATCGGTCCCCCGGTCCCCGGTGCCGGGCCCGTCGTCGCCGGCATCACTCCACGGCTCCGTCCTCCCCTCGCGGGTGGGCGGAGCCGTGGCGTTCCCCGACGCTGACAGGCCGGCTGACGGATCGGCCGGCGATGGCGGGCGCCTGGTAGCGTGCTCGCGTCAGGTCCCGCGGACGGGACGTCGCTGGCAGGCTCGAACGCCTCTGGAGACCCGGTAAGACCCCCTATGTGGCACAGGCTGGCGAAGCAGGAGACCGCGGGAGCGCCGTACGCGCGGCACAGGCCGGATCTGCGGCGTCCCCGCCGAGGAGCTCATGCTCGTCGCTTCGGCCCCCGCCGGTTCGCGTCCATGGCCGTCGCGCTGGCCGCGCTGCTGGCCGGTACGGCCGCCGCGGCGCCGCCCGACCCCCTCTCGCCCCTGCTTTCCCGGGCCCGCGCCGCCGTGCGCGAGCAGCCCGGCATGTGGACCGGCGCCTCCGTCGCCCGTGGCGAGCACGCCGTCGTCGTCGGCGCGCCGCGGCGGCTGGTCGCCGAGATCGCCCGGCTGGCGGGCCGCGCCGACCGCACGGTCACGCGGGTCTGGGGAGAGCACGGCGGCGCGGTGGTCCTCGTGCCGCGCACCGAGGAGCAGGCGGCCCTTCTGGCCGCCCCGGCGGTGGTCGGCGGCCTCGCGGCCGTCGCGACCGGCGACCGGGTGATCGTGCAGCCCGCCGCGTTCGCCCGCCTGTCCGCGGCCGGCCGCCAGGTCGTCGTGACCCACGAGCTGACGCACGTCGCGGCCTCCGGGCCCCGCGCGGTGCCGATGTGGCTCCTGGAGGGCTTCGCCGACTATGTGGGCTACCTCGACAGCGGCCTGCCCGTTCACACGATCGCCGCCGAACTCGCCGCGGACCTGCGAGCCGGCGGTGGAGCCGGAGCGGAAGCCGACACAGCGGTCGGCGCGGAGGCCGGCACAGGGGCTGGTCCAGCGGCCGGCACCGCGGCTGACACAGCGGCCGGCGCGCCGTTGGCCCGTCTGCCGGAACCCGCGGACTTCGCCGCCAGGCCCGCCCAGGCGTACGAGGAGGCCTGGC
NZ_CP109552.1_gap129	4751266	4752423	1157	CGGGCGCGCTGCGCGCCGTCGCCGGCATCCTGCGGCCGGGCGGCGTGGTGAGCGTGCTCGCCGCCAACTCGGTCGCCGCGGCCGTCCACCGCTCCCTGGCCGGGCACTTCGACGAGGCCCGCCAGGCCCTGTCGGACCCGGCGGGCCGCTGGGGCGACCGCGACCCGACGCCGCGCCGCTTCTCCCGGGAGGCGCTGGCCGCGCTGCTGGGCACGGCGGGCTTCGCGGTCGGCGAGGTGCACGGCGTGCGCATCTTCGCCGACCTCGTGCCGGGCATGCTGGCCGAGAGCGACCCCGACGGCCTGGTCGCGCTGGAGCGGGCGGCGGCCACCCACCCCGTGCTGCGGGACATCGCCACCCAGATCCACGTCATCGCGTACCGCGAACAGACGCGGATGGGCGCGGACGGACGCGAATAGAAAAGACGTTCGGGTGGGGTGAGATTGGCGGGGCGGTGGTCGGGTAGGGTGACGTCATGTCCCGGAACCAGCTGCTGCCCCGGGATCCGTCGCCGCCGCCGGAGGGGCCCGTCGACGACAGCGGCTGCCCGATCCTGCACGTGGACATGGACGCCTTCTTCGCCAGCGTCGAGCTGCTCGATTACCCCGAGCTCCGGGGCACCCCCGTCATCGTGGGCGCGGCGGGCGCGCGGGGGGTCGTCCTGAGCGCGACCTACGAGGCCCGCCGGTTCGGGGTCCACTCCGCGATGCCGATGACCCGCGCCCGGCGCGTCTGCCCGCAGGCCACGGTGATCCCGCCCAGCCACGGCAAGTACGCCGAGGTGTCCCGCGGCGTCATGGAGATCTTCAAGTCGATCACCCCCGAGGTCGAGCCGATCGCCTCCGACGAGGCGTTCCTCGACGTGGGCGGGGCCAGGCGGAGGCTCGGCAGCCCCGCCGCCATCGCCCGGATGATCCGCGCCCAGGTCGCGGAGCAGTACGGCATCACCTGCTCGGTGGGCGTGGCGAGCACGAAGTTCGTGGCCAAGCTCGCCTCACGGCAGTGCAAGCCGGACGGCCTGCTCGTGGTCCCGGCCGGCAAGGTGGTGGAGTTCCTGCACCCGCTGCCGGTGGCCGCCCTGTGGGGGGTGGGCGAGCGCACCGAGCAGGCCCTCGTACGGCTCGGCATCCGGACCGTCGGCGACCTGGCCCAGGTGC
NZ_CP109552.1_gap130	4804238	4807762	3524	CCGTTCTCGCGGACACCCAGGTAGGTGCCGAGTTCGTGGGTGCGGGGCCAGAACGGTCCCGGCCGGGTCCGCGCGGTGAGATCGAGCATCTCCGGCACGTCGCCGGCGCCCAGTTCGACCGTCTCCGGGTCGGGCTCGACGTCGGCGCGACCGGGGCTCGCGGGAAAGACCAGCTGGAGGCCGTCGAGAGTGAAGAGCGGCTCCCAGTCCTCGGGCGGGGTCGCCGGGCAGCTGAACAGGTCGGCGAACCCGCCGCGACCGAGCAGGCGCGCGAGGTCGTCCCACTCCGCCGGGTCCGGCTCGGCGGACACCGTGGAGAAGCTCGCGACCTCCGGCAGGTAACCGGTCGCCCGGCCGAGCCGGCGGGCCAGGTGCGCGTGGTGGCCGCGGAGCGACGCGCCGACCGGGTCGTCGAGTGCGACGGTGTCGCGGTCGATCATCGCTTCGTGCCCTCCCTGCCGGGCCTTCCGTGCCGGGCCGCGACCTGTGTGCAGCCGCAGTCTAGCCAGGCGGTTCCTGAGCTGCCGTCCGGAGGAGGTCGTCGCGGACGCCGGAGGCCGGTGAGACGGCTGGATCGACGAACCACTCCCGCCCGAGCAGGAGGCCGAACACGGGCGCGGGAAGCCGGACCAGGACCCGGAAGACCGCCCCGGCCCGGCCGCGCCCGTACACCTGCGACCGGTGGGCGGCGAGGGCCGCCCGCTTCTGCCGGGCGAAGCGGCGCACGTCGATCCGGTGGGTGATCTCGGCCCGGGAGCTGTAACCGACGGTCTCGTGGCGGACCGGGAGCCGGAGGAACCGGAGCAGGCTGAACAGCCGCACCAGCGGCTCCCGTGGCATCGTCGCCTCCAGGACGCGCGTACCAGTCATCTCGGCGGCGAGGGCGCCGACGCGGTGCACCTTCACGTGGTCGCGGTGCCCGTAGCCGCCGTGCGCGTCGTAGCTGAGCAGTAGATCCACGTGCTCGTCGCGCAGCAGCCCGGCCAGCCGCGCGGCGGCCTCGTCCTCCGGCGCGCGGGCGAACCGCGGGCGATCCGGCGGGTCGGGGAACAGGATCGGCCCGTGCCCGCTGTCGGCGTAGCCCAGGTGCACGACCCGGGCGACGCCCAGAATGGTCGCGGCGGCCCGCAGTTCGTCCAGCCGCACCCGTCCCTCGGGGCCGGTGGCTTCGCCCATGACACCGTCGGAGGCGACCACGACGATCACCCGATGTTTCTCGGCCGCCAGCCTCGCGAGCGTGCCGCCGGTGAGCAGTGCCTCGTCGTCCGGGTGCGCGTGAAAGGCCAGGACCGTCGCCACCCCGGCCACCCTAGTGGGCCTCCGGTGCTCGTCGCGGGTGAGCGCACGCCGTCCGGGCGTCCGCCGCTACACCAGGCGCGACCTGCGCCGGCTCTACCGCGTACGGGCACCGCGCGGGCTCGGGCTGTCGCTGGAGGAGGTCGTGGCCGTCCTCGCGGGCTCGGCGGACGGCCCGGAGTCGCTGCGTGACCTCCCGGCCGAGCAGTTGCGCACGGAGCCGGCCGCGCCGGGTACCGGAGGCGGCCCTCGGGGCGAAGTGAACCTTTCACGGGATCCGCCGCGTCTCCCGAGCACCGGATCGAGCGGGGGAGCGGGAGCGTTGACCGGCCGGAAGGATCGGCCTACCGTGCGGGTCGCACGCCCCCGTCCCTTTCGTCCGCCGGAGGTCCCGTGTTCCGCACCGTCGCAGCGCGCCTCGTCCCCCTCGCCGCCGCCGCCCTCGTGGCGGCCACCGCGCTCCCCGCCTCGGCCGAGGTCGTCGACCCCGCACCGATCGCCCCCAACCAGTACTTCTACGGCTTCGTCAATGGCCAGACCGGCCACGCGACCATCAAGATGGCGTGCTTCGGGCCGGTACGCCCAGGACAGACCGGTCATCCGTTCGCCGGGCAGACCGTGGAGGTGCGGCCCGTAGCGATCTCGTCGTCGGCGGTGAGCATGGGCTACACCGGCAGCGGCGGCACCACGATCGTGGTGGACCTGGGCGACCCGTCGGCCGTCGCGAAGTCGCTCGGACTGCGCTACTACGGGGTCAAGGCCGAGATTCCGGTCACCGCGACCCTTCCGTGCTACGGGTCGGGGAAGGTGACGTTCACGCCGGTGCCCACCAGCTGGACCGCCCGTGCGGTGACCGTCGTGGTCGACTACGTCGGCCAGCCCTGACCCGCATCGCGCCGCCGCCGGCCGTGACCACCGTGCCGTGACCACCGGGCACCCGAGTACGGTTGCCCGGCGGCCAACGGCGTGGCACGTCCGGCGGTCGCCGCTTCTAGGGTTTGAAAGTGGCGGCGATGGTCTCGAAGGTCTTCTTCTTCTTTTTCCAGTCCTCATCCTGGGTCTTGTAGAGCAGCGCGTAGCCGTTGTTCTTGTCGGTGACGAACCCGCGGTCGATGACGCGTGACCGGTAACGGCTGTCTCCGAAGGTGAACTCCCAGTCGGCCGCGGTCTTCCAGTAGTCCTTGACCTCTCGGATCTCGATGAGTTCGTAACCGGGGAAGTTCCGACTCATCCCCGGCACATCGCGCCGCCAGACCTTCAGGGCGTCCGACTCGGGACTGGAGGTGTGGTGAACCTCCAGGTAGGTGTGCGAGTCGCCGCGGAAGCGAACCTCACCGTTGCCACTGCCGTCGACGTGCCAGCCCTTCGGCAGCGCGAGCGAGAAGCCGCTCGGGTGCTTGTACTTGTGCCAGCCGTCGGGGACGTCCCCCGGCCCAGGCGCTTCGGAGGTCTTGGAAGGCTCGGGGGACGGCGTAGCCGTCGCCTCCTCCGAAGGGGACGCGGACGGCGCGGCCGAGGCGGGCGGCGAGGCGGAGGGCTCCTGGGTTTTCTTCCCCGTCCCGGCGGGGGCGGCGGCCGACCCGGAGGAGGGCTCGCCCTCCGAGCCGCTCCTGCCCGCCTGTACGCCGAGGTAGCCCGCGACACCCACGATGACCAGCAGCCCGGCCAGTATCAGTGCGGCCTTCAGCAGGCCACCGGGCGCGCGCGACGTCACGGGCGTCGTGGTGGTGTCGTGCCAGACGGGCCCTTCCTGGGAGAGCACGGCCAGGGGCTCCTGCGACCCGCCGACGCTGCCACCGGCCGCGCTGCCACCTCCCGCGACGCCTCCCGCGAAGCCGACCGCTCCGGCGCCCGTGCCCGGCGCGTCCGCTGTGCTGCCTCCTGTGCTGCCTCCTGTGGTGTCCGCTGTCGTTTCCGTGCGGAGACGCTCGCTCGCGCCGTTTCGCGCGGTGCTCGCGGCCCCCGCCGCAGCGGCCGGGCTTCCAGGAGTCCTCTTCGAGGTGTCCTTCGTGGTGTCCCCGGCGGGCTTTCCGGCGGGCTCGCCGCCCTTCCCGGGCTCGTCCCGGCGGTCGGTCGCCGGGCTCGCCGGGGGCTTCGTACGGGCGGGCGGGGCGGCCTGCACGCCGGTCTCCGGCATCTCGTTCGCCTGCCCGGCCTCGTCCGAGGCTCCTTCGCCCGGAACTCCATCGCCCCGGGCAGCCGCAGCCGAGACGGCCTCGGCCGAGCCG
NZ_CP109552.1_gap131	4811881	4815615	3734	GCCTGGAGGCCGAGGCCGCCGCCGTGCGCGACGTCGGCCGCGAGGTTGTAAGTGGTGTTGCGCCCGAGGGCGCGGTCGTGCGGGTTGCGCCCGTACCGCTTGCTCACCGCCATCGCGCGGATGCGCCCGGTGCCGGGCTCGATCATCGTCTCGGACGCCACCTGGTTGTCGCGCGGGCTGACCCGCGCGGCGACGGCCCGGTCCGCGGCCCGCTGCGCGGCCGGGTCGATGGTCGTCCAGATCGTGAGGCCGCCCCGCTGGAGGCGCCGCTCCCGGTCGGCCCTGGTGTAGCCGAACGCGGGGTTCGTCAGCACCTCCCGCTCGACGTACACGCAGAAGAAGGGGTACGCGCTGCCCGCGCAGCCGCCGGGTTCGGGACGCAGGTGCAGCGCCAGCGGCGCGGCCGCCGCGTTCCGGGCCCGGTCCCGGCCGATCAGCCCGAGCTCGGCCATCCGGCTCAGGACGAGGTCGCGCCGGGCGCGCAGCCGCCCTCTGTGGTCGTCGCCCAGGGAGGGGTCGGTGTCGTACGGCGTGCGCACCGCGCCGGCCAGCGTGGCGGCCTGCGTCAGTGAGAGATCGGCGGCGTCGACCCCGAAGAACCGCCGGGCCGCCGCCTGGACTCCGAACGCGCCCGCGCCGAAGTAGGCGATGTTGAGGTAGCGCTCCAGGATCTGGTCCTTGGTGTACTTGCGTTCCAGCGCCAGCGCGTACCGCAGCTCGTCCAGTTTGCGGCGGAAGGTGCGTACGAGGGCCTGCGCGCGCTCCTGCTCCGTCTCGGCCTGGGTCAGCATGATGTTCTTGACGAGCTGCTGGCTGATGGACGAGCCGCCCTGCCGGACGCCGCCCGCCCGGGTGTTGGTGACGAGCGCACGCAGCGTGCCCTTGAGGTCGAGACCGCCGTGCTCGTAGAACCGGGAGTCCTCGATGGCCACGATGGCCTGCCGCATGACCGGGGCGACCGCGCTCAGCGGCACCGACTGCCGGTTCTGGTAGTAGAACTGGGCGATCTGCCGGCCGTCGCGGTCGAGCAGCCGCGTCATCTCGGGCAGCGGCTCCTCCCGCAGCGGTGCGGGCAGCTCGGTGAACGCGGACGCGGCACGCTTGGCCGCCAGGCCGGCCCCGCCCACGAAGGGCATGACCAGCCCGGCGACCAGTCCGCCTCCGGCCGCGCCGCACAGGCTCAGCGAGAGGAGGGCGCGCCCGAGGCCGACGCGCCCGAGATCAACGTGGCCGAGGAGACGAGAGGTCACGGGATATCAGTGCGACCTCTGGCGTTCTCCCAAACCCGGGAGACGAAAAGCTTTACGTCAGCCTGTTGATCTTCAATCCGAGAGAGGTGAACTGTTCGAACGGCCTGTGGTACCCGCGTTCGATGTGGTTGACGCCGCGCAGGGTCGAGGTGCCCTCGGCGACGGCGGCGGCCAGCACCGCGGAGAACCCGGCGCGGATGTCGGGCAGCGTGACGTCGGCCCCGCGCAGGTTGGAGATGCCCCGTACGACCGCCGAGTGCTTGGCGTTGGTGTCGTGGTAGCGGCAGGCCGGTCCACCGAGGCACTGGGCGAACACCTCGATCTCGCAGCCCATCTTCTGCAGCGCGGGCACGTACACCAGGCGGTTCTCGAAGACCGTCTCGTGCAGCACCGACATGCCCTCGGCGCGGGTGAACAGCACCATGAGCGGCGTCTGCCAGTCCGTCATGAAACCGGGATGGGTGTCGGTCTGCACGGCCGCCGCGCGCAGGCCGTCCGGCGCGGAGGCGCACAGCCAGTCGTCGGTTATCTCGAACCGCGCGCCCATCCTGGCGAGCGTCGTGATGGCCGTGACCAGCCGGTCCTGGTGGCAGCCGTGCACCCGCACCTCGCCGCCCGTCACCAGGCCCGCCACGAGGTACGAGAACGCCTCTATGCGGTCGCCGGCCAGCCAGGTGGAGGCGCCGTGCAGGCGCTCGACGCCCTCGATGACGATGCGCCGGTCGGGGCTGAGCTCGATCATGGCGCCCATGCGTTGGAGGAACAGCGCGAGCTCGACCACCTCGGGCTCCATGGCGGCGCCCTTGATGACGGTCTTGCCCTCGGCGAGCACGGCGGTCATCAGGATCGTCTCGGTCGCGCCCACGCTGGGGTAGGGGAGCGAGATGCGGCTCCCGCGCAACCGGGCCGCCTTGGCCGTGATGCCGTTGTCGCCGACCTCGATCTCGGCGCCCATCGACCGCAGCGCCTCGACGTGGAAGTTCACCGGCCGCCTGCCGATCGGGTCGCCGCCGACCAGCGGCACGAACGCCTCGCCCGCCAGGTGCAGCAGCGGGCCGAGCATCAGGATCGGGATCCGGTTGAGGCCGGTGTACTCCTCCGGGACCCGCGGCCGGATGTCGCTGCCCCTCTCGATGGTGATCTCACCGGGGGTGATGTCCACATGGATGCCGAGGGCTTCGAGCATGGCGGCGGTCAGCCCCACCTCGCCGACCTCGGGCGCGTTCTGCAGGGTGCTCGGACCGGTTCCGAGCATCGCCGCCACCATGTGCTTGGAGACCGCGTTCTTCGATCCCCTGACCTCCACGTCGCCCCGCAGCGGGCCCGACGGGTCGATCTGCCATACCTCTTCGCTCACTCGGCCTCCTTGGCCCCACCCATGCCGTGCGTCCCCCGCACTCGGTGCTGCAAGAGTACGGGACCGAATTCGATCGCTATGTGAGTACTATCGGGACGGTGCGGCATGTGAAGGGCAATCTGGCGACGGTCGTCGTGACCGTCCTGGTGCTGGCCCTCCTCGGCGCCGTCGCCGGGTACGTGTGGTCGGTGCTCGCCCCCGCCACCCGCTACGTGATCGTCGAGGGAATGCGGAAGCCCATCGACCCGGAGACGCAGTCGCTCATCGAGGCCGACGGCTGGTTCGCCGTGGTCACCGGTGCGTTCGGCCTGGCCTCCGGCATCGCGGCGTACGTGCTGTCGCGCCGCCACCCGCCGGTCGAGGTGCTCGTGGGGCTCGCCGGCGGCGGCCTGCTCGCCGCGTACGTCGCCCTGCTGGCCGGCACGTCGGCGAAGGGGACCGTCCAGGCGGCGGGACCCGGCGGCTTCACCACCACGACATCCCTGGGAGTGACGGCGTACGGCGTGCTGTTCGCCTGGCCCCTGCTGTCCACCGCGATCTACTGGGTCGTCGAGTTCGCCGTGAGCTACCGTCAGCGCGAAGCCTGACTGCCGGTCGCCATGCCGGTCGCCATGCCGGTCGCACGCCGGTCGCACGCCGGTCGCACTGCTGGTCGCACTGCTGGTCGCACTGCTGGTCACACTGCCGGCTCGGGCAGGCGGGGAGCGGTCCGCCAGAAGCCGGTCGCCTGCTCCAAGGCGTGCCCGAGACGCAGGACGTCCATGTCGGCCCACGGCCGGCCGACGATCTGCAGGCCGACCGGGAGCCCGTCGGACGTGAAACCACAGGGCACCGACATCGCGGGCGCGTGCAGCACGCTGATCCAGTAGCAGGAGCGCATCCAGGCCAGGTAGTCGGGCATCTCCACCCCGGCCACCTCCGTGACGTACGGCTGCCCGACCGGGAACGGCGGCACCTGGCTGACGGGCGCCACGAGGAAGTCGTACCGGCCGAAGAAGCGCCGCATGCGGTGCCAGAGCCGGGTGCGCAGACGCTCGGCCCGCCCGAGGTCGGCTCCGGTGACCTTCCGTCCTTGCTCCACGTTCCACGCCACGTTGGGGCCCACCTCGGGGAAGTCGCCGAAGGTG
NZ_CP109552.1_gap132	4932290	4932899	609	AGAACCAGTGGTTCAGCGGGCCGGCCGCGGAGTGCACCTCGGTGCTGGGGATCGAGGAGGAGTAGCAGTTGGGGTCGCCGGCGAGCGACGGGTTGTACATGTACCGGATCGGCCCGCTGCCGACGAGGTTGACCAGCTCGCCCACCTGGTAGTCCGGCGCGTCGTTCGGGTTGTTGGCGTACGCCTCGGTGAGCGCGCCGAAGATGTCGCCGGTGCCCTCGTTGATGCCGCCGTTCTCGTTGCCGGAACCGGCGGCGCCGGGGGTGGTCTGGAAGATGGCGTGGCCGAACTCGTGCGCCACGACGTCGATCGAGGTGGCCTGGCGGGCGTTGTCCTGCGAGTGGCCGAAGTTGGTGTAGCTGCCGTTCCAGTACGCGTTGACGTCGGCCAGGCCCACACGGGTGGGGAAGCCGCCTCCGCTGCCGTTGATGCCGTTGCGGCCGAGCCAGCTGGAGAGCATGTCCCACTCGCGCTGGACGGCGTAGAGCGCGTCCACGCAGGCGGTCTCCAGGTTCGTCCCGCCGCCGGTGCCCCACGCGTCGTCGGTGCCGGTGTAGGCCGACCCGTTCTGCCCGCCGCACTTGAGGCCGCTGCGGGTGGAGTCGGTCA
NZ_CP109552.1_gap133	4990624	4991574	950	GCGTCGGCCCTGGGGGTCGCCCTGTGGGGCCACGACGTCACGCCGGAGGTCACGGGCACCCATCTGGCCCTGGCACTCTCGCCCCTGTTGTACGGGGTCGGGTTCCTCATCGGCCCGCGCGCGTGCGCGTGGCTGGCGGCCGGCGCCGCGTACACCGTCGTCGTGTGGGCGGTCCAGGACGGCACGGCGGGCCGGTCCGTGGCCTACACCGGCCATCTGTCCTATCCCTGGGTGCTCGCCGCCGGTGTCGGCCTCATCCTCGGCTACTCGATCGCCTCGATCGCCCGGGTCCGCGGCCCGCTGGCGCGGTCCCTCCGGGGGGGCCGCCTGCTCCCGGGCCGTACGCGGTGGCTCGCCGTCGCCGTCCTCGTGGGAACGGCGCTCCTCGCGCTGGCGTACCCGTCCCTTCTGCGCTATCTCGGCTACGGCCTGCTCGGCATTGTGCTGCTCGCCGTGATGACCGTGTTCCTCACCCGGGCCGGCGGCGAGATCGGGCTGGTGCCGTTGTCCCCGGCGCTGTACTTCAGCGTCGTGGCCTTCGCCGTGTCCGGCATGGACCAGACGGCGGCGTTGCTCATGGCGTCGACCATCTGTTGCGCGGCCCTCGCCGCGGTCTACTTCACCTACTCGGTGAAGGTCGCCCATGACCGTCCCGAGAGCCTGCCGGAGCCGCCCAGGCGGCTGACGGGCTGGACGCAACTGGCGGGCGGCCTGGCCGGCGCCGTCGTCGGCGTCCTCGTGATCGCGGTGCTCAGCCGCGCGAGTGTGCTCGGAGGACGTTCCTTCCCCGCCCCTGTGGCCACCGCGGTCCAGTTCGTGGACGCCACCGTCCGGGGATCGGCCGAATACCCCGCTACCGTGGCCCTCGCACTGGCCGTCTCGGGCCCGGTGGGCCTGGGCCTGGCCTTCACCTCGGCCATGCCCACGATGATCGGCCTCGGGGTGCTGCT
NZ_CP109552.1_gap134	5130606	5132994	2388	ATTTCGCGGGCGATCATCAGGGCGAATCCGAGCAGGTTGAGGCCCTGCCAGGTGGCGGGGGAAGCGGCGCGTTCGTCGCCGGCGGTCAGGCCGATGCCCCAGATCCGGTCGTTGGGGCTGGCCTCCACCAGGACCCGGCCGGTGGTCGCGAGCAGGAAGCGGCGCAGGTCCGCGTTCTGGCCGAACTTGGCGAGGCTGCCGCGGACCACGATGCCGAACCGCTGCGCGTTCCAGACCTGCTCGTCGAAGTCGCGTACGGTCCGGCCGAGGGTCTTGGCCTCGTTCGGGTGACCGGCGGCGAGGACCCTTTCGGCGGTCTGGTCGTCGCCGAACAGCCAGGCCTTGTTCCCGTCCCCGCCATCGACTTGTGCCCGGCGCTGCGGCGGCGTCGCGCCGCCGCCGCAGCGGGGGAGGGGAATCAGCAGTAGCCGAGCATGGTGGTCAGAGCGGACTTCTCGGCGCTCTGCAGGGTGAGGCCGTAGTACCACTTCACCTGGATCCACGCGCGGGCGTAGGTGCACCAGAAGGAGGTCAGGGACGGCTTCCAGGTGGCGGGGTCCTGGTCGCCCTTGGCCTGGTTGACGTTGTCGGTGACGGCCCACAGCTCGGGGCCGCCGAGGTCGTTGGCGTACGCCTGGCGCTGGGCGGTGGTCCAGGCCCAGGCGCCGGACCGCCACGCCTCGGCGAGGGGGACCATGTGGTCGATGTCGACGTCGGAGGCCGCGTGCCAGGTCGCTCCGTCGTACGGGCTGTACCAGCTACCGGAGACGGAGGCGCAGCTCGAGTCGGTGACGACGCCGCTGCCGTCCCGCTTGAGCACCGTTTCGCGGGTGTTGCAGGTGCCCGAGATGGTGATCCAGTGCGGGAAGAGGTCGCGGTTGTAGGTCGACTGGTGCGACTCGGCGGCCACGGTGAGCGAGGCCAGCCGGGAGGCGGCGGTGCTCGCCGACGGGATGTTCGGCGGGGTGGCGAGGGACGGGCCGGTGGTCAGGGTGAGGAGGAGGGACAGGGCGCCGAGGGCGGCGGCGAGGGCGGCGAAGGCTCGTTTCACGAGCGTCCCCTTCTGCCTGCTGCTCCGGCCAGGAGAGGGGGCTGGACACGAACGGAGCAGTCAGACAGCTCGGAGATTCGCTAATGGCGATAAATCCGGAAATAGCATGTCGTAGTTAGGCGAATTGACCTTTTTTGTCGGGCTTCGCCGACGACATCCGCGAGGTAGGGTCGTACCTGCTCAAAAGGCCTTTCAGGGCCGCGGGAGGCGAGGGTACGCCCCGTCATCGAACAAATGAAGATTGTGTAAACGGCGAGCGGATCCGTCTTCCCGGCGGTTCCGGCCGCATCTGTTCGGAACTGTGTCCCGCAACGGTTCGGCATGGCGACGTTCGTCCTCGTGCCCGGCGGTTGGCACGGCTCCTGGTCGTTCGAGGAGGTGGTCCCACTGCTGGAGCGTGCCGGTCATGCCGTACACGCCCTGACCCTGACCGGTCTGCGGCCGGACGACGACGCCGCGACGGTCGCGACCGCCAATCTCGACACGCACGCCGGCGACGTGATGCGCCTCCTCGATCGCGCGCACGTCACCGGCGCGACGCTGGTCGGCCACAGCTACGGCGGGATGGTGATCGCCGCCGCCGATCGCGCCGACGGCCGCGTCTCACGACTGGTGCATCTCGACGCCTACGTGCCTCGCGACGGCGAGTCGTGCTGGTCGTCGACGACCGAGCGATACCGGGAGGCGTTCGCGGCCGACGCCGCGACCACCGGCTACGCCGTCCGGCCGCCGGACGGCGTGGATCCCCGCTGCCGTCCCCATCCCCTCGCCTCGTTTCTGCAGACGATCCGGCTCACAGGCACGCTCGCCCGGGTCCCCCGCCGGGAGTTCGTGTACTGCTCGGGATGGGCGGACCGGACACCGTTCGCCGCGCTCCGCGCCCGGCTGCGAGCCGATCCCGGGTGGCAGGTCCACGACCTCCCGACCGGCCACGACGCGATGCACGAGGCTCCGGAGGCGTTCGCCGCCCTGCTGCTCGGCGAACGAAGCGCGCATGCGGCGACGCCGGGACGGCAGGCGTGCCCCTGAAGGGCCGCACATTGGCGTCCGTGCCGCCGCCAGGAGGTCACGTCCGCCTGCCCGCCTCCCGTGATCTCGGGGAGGATCCGTAGGTCAGGTGTGGCTGATCATCACGTGCTTGACGCGGGTGTAGGCGTCGAGGCCGTACCGGGACAGGTCCTTGCCGGTGCCCGAGTGCTTGAAGCCGCCGTGCGGCATCTCCGGGACGAACACCTGGTGGCAGTTGACCCAGACCGCGCCGAAGTCCAGCGCGGCGGACAGCCGCATGGCCCGCCCGGTGTCCCTGGTCCACACGCTGGAGGCGAGCCCGTAGTCGA
NZ_CP109552.1_gap135	5134144	5136321	2177	GGACGCCGGCTCGCGGCTCTCTCCGGCGATCACATTCCGTACCGTGTCCATCAGCCGGTCTCCCTCGATGTCCAGAAGGGCCCTACCCACGGCCGGCGTCTCCCAAGACGGCCGTTTCCCCGGCTCCTGCCGTGGTGCGGGTCAGGACACCGTGAGGAAAGCCGAAAGGAGTATTTTCCCCGGTCCCCATGGTTGCTTTGGTGCTTGATGAGCGCCGACAAGGAGGAGGCCTTTATCCAGGCCTCGCGCAGCTTTCAGCGGTTCCCTGACAAAGTTGCTTCTGTTGAGACTATCTTTCGCTGAAACTGGAGGTTAGTCTCTGCATTTAAGACCCGGACACCTGCGACATATAGCCCCATCCCCCCAGTCGCGCGGAAGCGACCGGATCAAGGAGGATCATTGAGAGTGCGACAGTACAGGTCACGTCACAGGCTGAGTCGCAAGGGCAGAGGTGTCGCGGGCCTGGCACTGGGTGCGCTTCTCTCGGTCTCGTTCGCGACGACGCCCTCGCACGCTGCCGAGGAGAAGCTCAACGAGGGTCTGGTGCACCACTTCGCCCTCGACGAGACCAGTGGGACGACGCTGGTCAACTCGGGTAGCGCGGGCTCGGCGGCGAACGCCACGCTCGTGCATCCGGAGAAGGCGACCTTGACTGGCGACGGAGTCAGGTTCAACCCCGGCTCCTACGCGAGCGCCCTCGATGGTGCGTACGTGGCGCTGCCGAAGAACATCACCGCCGGCATGTCGAACCTCACCATCGACTATGACGTGTGGATCGACCCGGCGAACGTCGGCGAGCACCAGATGTGGGGCTTCGGCGCGAAATCCGGCTCGTGCGACGTTGACACCGGCGCCCAGGGCTCCATCTTCGCCTCGAACACCCAGCGGTTCCGCGTCGCGGTCGGTTCGGCGAACCTCCAGCAGAACCGGGTCCGCATGACCGAGGGAGCGTGGACGCACGTCACCTACACGCAGTCACGGAACGCGAACGGTACGAGCTGGACCGGCACGCTTTACCTCGACGGCGTGCAGCACGCGACGTCGACGAACCTGACCACGCCGCCGTCGGTGAACGCCGCGGGGACCAACTGCAACTTCCTCGCTCGCTCCCAGACGGCGGGCAACTACTCGTTCCGCGGAACGATCCGCGACTTCCGGGTCTACGACCGGGCGGTGAGCCTCGACGAGACACTCGCCCTGGCGAAAAAGACCGTCGCCAATGGCGTTCACGCCGACGCCGCCGCCATCGACCTCGGCCTGACCAGTGCGATCGTACGCGACATCGTTCTGCCCAAGGTGGGATCCGTGGCGGGCTCGGCCATCACGTGGACGAGTTCGGACCCGTCGGTCGTCGAGGTCGCCACCCCGCCGGCCCTCCCCAGCGCACGCAAGGTCGCGGTGACCGGCAGGATCACCCGGCCCGCGCAGGGGCAGCCCGACGCGACGGCCACGCTCACGGCGACCGTCCGCAAGGGCGCCCAAGAGGTCACCACCCGGGAGATCCCCATAGTGGTGAAGGCCAAGTTCGGCGACGCGCAGGCGGTCGACCGTGACGCTTTCGACCTGACCCTGTACGCCACCGGCGACGTGCGCGGAAACATCAACCTTCCCGCCGCTGGCGAGTTCGGATCCACGATCACCTGGAAGTCGACCACCGGCCTCGTCACCCCGACCGGTGAGGTGACCCGCCCGGCCTTCGGCCGTGCGGATGTCACCGCCGCCCTGACGGCGACCATCACCAAGGGTTCGGCCTCGAAGACGAAGTCGTTCCCGGTGACCATCACCGCCAAGCCCCGTTCCGAGAAGCACGAGCGGTACTTCATGGGGTACTTCAAGGGCGAGAACCTCGCCGACGGCGAGCAGATCATGTTCGCGACGTCCAACGGAAACACCGCTCTGGACTGGACCGGTCTGACCGGAGGCTGGCCGTCGCTCGTCTCCCAGCTGGGTGACCAGGGCCTTCGTGACCCGCACATCGTCCGCTCACCCGACGGCGACACGTTCTACATGATCGCCACCGACCTGAACTGGTACGACCAGGGCGGATATGCCATCAACGACACCCAGTACATCGAGGTGTTCGAGTCGCACGACCTGGTGAACTGGACTCCTCAGCGGCACGTGAAGGTCGCGCCCGACAACGCGGGTAACGCCTTCGCACCCGAGTCGCTGTGGGT
NZ_CP109552.1_gap136	5140479	5145198	4719	ACCGTCTCGTTGATGATGTTCTGGTTGGCCTGGTGCAGGAGGAAGTGCCGTACGTCTCCCAGGTCGACTCCGGCGCGCAGGGCGGCCTGCCTGATGCTGCCCGGCAGCTGACCGGTGGCCATGTCCCAGACGACCCTTCCGTTCATCTTCAGGAACTGGCCGCGCTCGTCCACCGTTTCGGGGCTGGTCGGCCTGCGGGAACCACCCGCGGGGATCTGCACCTCGTAGGAGAGTTCCGCGCCGGTGTGCCAGGACAGCAGCCCGAAGCCGCTCGCCGTCGGGCACAGCAGCGCGGCTCCGGCGGCGTCGCCGAAGAAGACCCGTGTCCCGCGGTCCAGCGGGTCGGTCAGCCGGGAGCCGGCGTCGGCTCCGATGACCAGGATGTTGCGGAAGGCGTCGTTCTGCAGCAGGTGGGCGGCCACGAGGATCGCCTGGATGCCGCCCGCGCAGGCCGACTGCGAGAGGTCGAGCGGAAGCGCGCGCCGCGCGCCGAGCGCCTCGGCGACGATCAGCGCGGTGGAGGGGAGCGGCTGGTCGGGGGTGAACGTGGCGACGATGACCACGTCCAGGTCGCCGGCGTCCACGCCGGACCGGTCGAGCGCCTGCCGCGCGGCGGCGATGCCCATGTCGGACGTGGCCATGCCGTCGGCGACGAAGCGCCGCTGCCTGATCCCGATGCGGGAGGTGATCCACTCGTCGGAGGTGTCCAGTGTCTCGGCCAGGTCGTCGTTGGTCACGACGCGCTCGGGCACGTAGAGCCCGGTCGCGCTGATGCCGACAGGGCGGGTGAGCGGTGTCGCGGTGCCGGCGATCGCCGACCCCTGATCCAGACGGAACGTTCTCTGCACGTGTTGTCTCCGATCTGTCATCCCGGCGCCCGAGGGGGACGACACCGTCAGCCCCGTATCGCGCTCGGCATGGCGAGCCCCCCGTCACCCGCTCCGGTCCCTGGAGCGGGCGCCCCCGTGGGCGGGCGTCGGCTCGGCTCGACGCCTGTTTCCCCGCGCCCATGGTTCGCGTGCTGCTGGGAAAGCTAGCACCGAATTGTTGGGCGAACCATGCTTTTTTGTGTCGCGATTTTCCGGGGTGACCGGCAGTTTTTTTCTGCCGCCGAAACCGCGTGGACCGCTCCGCCCCGGGCCGATGAGCATGGGCGGCGGCTCCTTTTCCGGGTGTGGCGCCGGCCGGTCGAACGGGGGGCCGGATCGGCGGCGGTTCCGCTGAACTGACTGGTCAGACGCTTGGCGGGCCTCGCCTTTCTCGGGTGTTCGCCCGAAGGTCCGTGACCGCCGATGAAAATGTGTCGGCCAGGTTTCGCGATTCTGCCGCCTGAACCGCATTGTCCGGGCGGGGCCGGACTGCGAATCATTCGGTTTCGAAACGGGGCGGTTGTCGGGCGGCGGCCGTGGAGCACGAGGGTGTGGGGGCGACGCGATGACCGACGAACAGAAATACCTGGATTATCTCCGGCGCGCCACGGCCGAGATGCAGGATCTGCGGGAGCGGCTGCGCGCGGCGGAGGAACGCGAGCGCGAGCCAATCGCCGTCGTGGGCATGGCCTGCCGCTACCCGGGCGGGGTGAGCTCGCCGCAGGACCTGTGGGACGTGGTGTCCGGGGGACGCGACGCGGTGTCGGAGTTCCCGCGCGACCGCGGCTGGGACGTCGCGGGACTGTACGACCCGGAGCCCGGCAGCCCCGGCAGGACCTACTCGCGCCACGGCGGTTTCCTGCACGACGCCGCGATGTTCGACGCCGGCCACTTCGGCATCAGCCCGCGCGAGGCGCCGTCGATCGATCCGCAGCATCGGCTGCTCCTCGAATGCTCCGCCGAGGCGTTCGAACGGGCCGGCCTGGACCCCGGATCGTTGCGGGGCAGCAGGACCGGCGTGTTCAGCGGGGTGATGCCGAACGAGTGGTCCGGTCAGATGGGCAGCCTCGCCTCCGGACGCGTCGCCTACGCCTTCGGCCTCGAAGGACCGGCGGTCACCGTGGACACCGCGTGCTCGTCGTCCCTGGTGGCACTGCACCTCGCCTGCCAGTCGCTGCGGAACGGCGAGTGCTCGCTCGCCCTGGCGGGCGGTGCGACGGTGATCGTGGCGCCGGACACGTTCCTGGAGTTCAGCAGGCAGCGGGGACTGTCCCCGGACGGGCGGTGCAAGTCGTTCGCCGACTCCGCGGACGGCACCGGGCTGGCCGAGGGCGCCGGCGTCCTGCTGCTGGAGCGGCTGTCGGACGCCAGGAAGCACGGCCACCCGGTGCTGGCCCTCGTCCGCGGGTCCGCCGTCAACCAGGACGGCCGGTCGAACGGCCTCACCGCGCCCAACGGGCCCGCCCAGCAGAGGGTCATCCGCCAGGCGATGAACGCCGCCGGGCTGTCGGCGGCGGACGTGGACGTGGTCGAAGGGCACGGAACGGGCACGAGGCTGGGCGATCCGATCGAGGTGCAGGCGATCCTGGCGACCTACGGCCGGAGCCGGCCCGCGGACCGGCCGCTGCTGCTGGGCTCGATCAAGTCGAACATCGGCCACACCCAGGCAGCCGCCGGCGTGGCGGGAGTGATCAAGATGGTGCTGGCGATGCGGGCCGGCATGGTGCCGCCCACGCTGCACGTGGACGAGCCGTCCCGGCAGGTGGACTGGTCCGGCGGGGCGGCGACGCTGGTGCTGGAGCCGACCCCGTGGCCGGAGACGGGCAGGCCGCGCCGGGCCGCGGTGTCGTCGTTCGGGCTCAGCGGCACCAACGGGCACGTCATCCTCGAACAGCCGCCGGACGACGACGCGCCGCCGGCCGCGGGCCCGCGGGTGCTGCCATGGATGCTCTCCGCGCGGACCGAGGAGGCGCTGCGGGGCTACGCCGACAAGCTGCGCGCGTACGCGGTCGCCGATCCCCAGGTCGAGCCGGCCGACATCGGCGTCGCCCTGACGCGGCGTCCCCTGATGGCACACCGGGCCGCCGTCCTGGCCGCCGACCGCGAGAGCCTCGTACGCGGACTGGCCGCGCTGGCCAGGGGCGAGCAGGCGGCCGACGTGGTCCACGCCCAGGCGTCGCCGGGCCGGCTCGCCGTGATGTTCTCCGGGCAGGGCTTCCAGCGGGCGCGCATGGGCCGCGAGCTGCACGGCGCCTTTCCCGTCTTCGCCGACGCCTTCGACGCGGTCTGCGCCGCGCTGGACGAGCACCTCGACCGCCCGGTGAGGTCCGTGGTCTTCGCCCGCCCGGACACCGCGGAGGCGCGGCTGCTCGACCGGACCGACTACACCCAGGCCGCGACGTTCGCCCTGGAGATCGCGCTGTACCGGCTGCTGGAGAGCTTCGGCGTCCGGCCCGGCTTCCTGATCGGGCACTCGGTCGGCGAACTGGCCGCCGCCCACGTCGCGGGCGTGCTCTCGCCGGCCGACGCCGCCCGCGTCGTCGCGTACCGCGGCAGGCTGATGCGGGAACTGCCGGGCGGCGGGGCGATGCTCGCGGTCGCGGCCCCCGAGGCGTGGGTCCTGGAGCGGCTCGCGCTTCTCGGCGCCGACGTGAGCCTGGCGGCGGTGAACGGACCCGCCGCGGTCGTGGTCTCCGGCGAGGAGGCGGCGGTCGCGAAGGTCGCCGCCGACTGCCGCGCCCAGGGTGTCCGCGCCAGACCGCTCCGCGTGTCGCACGCGTTCCATTCGGCGCTGATGGAGCCGATGCTCGCGGGGTTCGCCGACGTGCTCGCGTCGGTCGCGTTCGCTCCGCCCCGGCTGCCGGTGGTGTCGACCGTGACCGGGACGCCGCTCGGCGACGACCAGGCGACCTCGGCCGGCTATTGGCTGTCGCAGGTGCGGCGCACGGTCCGGTTCGGCGACGGCGTCCGGTGGCTGCGCACCCAGGGCGTGACCCGCTTCCTGGAGATCGGGCCGGACGGCGGGCTGACGACCGCCGCGCGTGAGGTGGCCGACGCCCACCCGGACCCGGACCCCAACCCGGACCCCAACCCGGACCGCAACCCGGGCCCCGACCCTGACGTGGCGCCGATGTTCCACGCGGTGCTGCGGCGGGGGCGGCCGGAGGCCGAGTCGTTCCTGAACGCCCTGGCCGTGGCGCACACCCACGGTGTCGCCGTGGACTGGTCCCCGGCGATCCCCGGCGTGACGCGCCGGGTCGACCTGCCGACGTCCGCCTTCCAGCGGCGGCGCTACTGGCTCGACGACACGGCGGCGCCGAGGGACCCGAGCGGGTTCGGGCTCGGGGCCGTCGACCACCCGCTGCTGAGCGCGGCGGCGGACGTTCCCGGCACCGGCGACCTGGTCCTCACCGGACGGATCTCCCTGGACACCCACCGGTGGATCGGCGACCACGCGATATGGGACGTCGCGCTGCTGCCGGGCGCGGCCCTCGTCGAACTGGCCGCCCGGGCCGGGGAGCTCGTGGGCTGCGCGCGGGTCCGGGAACTGGTCCTGCGGGCGCCGCTGGCGATGCCGGAGCGTACGGCGGTGCACCTGCGGCTGGTCGTGCAGCCGCCGGACGACCAGGGGGAGCGCGCGATCAGCCTGTACTCCCGGCCGGAGGACGACGACGCGGACGCGCCCTGGGTCTGCCACGCCTCCGGTTTCCTCGCCCCCGGGGCGGAGACCCCGCAGACCGCGGAGACCCGGGAGGCTTCGGAGGCCGCGGCGGCGCGTGAGTGGCCTCCGGCCGGCGCGGTCGCGGTGGCGCTGGACGGCGCCTACGACCGCCTGGCGTCGAGCGGTTAC
NZ_CP109552.1_gap137	5156129	5157925	1796	AGTCGTCGTGGGAGGCGCTGGAGTGGGCGGGCCTGGACGTCTCCTCCCTCCGGGGCAGCCGGACCGGGGTGTACTTCGGCGTGCTGCCCTCGGAGTACCTCACGGACCCCCTGCGGGCACCGCAGGACGTCCAGGACTTCGCGGCCACCGGCAACTCGACGAGCATCGCCTCCGGCCGGCTGGCCTACCTGCTCGGGCTGGAGGGGCCCGCCGTCACGGTGGACACGGCGTGCTCGTCGTCGCTGGTGGCACTGCACCTCGCCGTGCAGGGACTGCGCCAGGGAGACTGCGCCCTCGCCCTGGCGGGCGGGTGCACGGTCATGTCCAGCCCGGCGACCATCGTCACCTTCTCGCGTCAGCGCGCGTTCTCGGCCGACGGGCGGTGCAAGGCCTTCGGCGCGGCGGCGGACGGTTTCGGGCCCGCGGAAGGCGCGGGCGTCCTGGTGCTGGAGCGGTTGTCCGACGCCCGGCGCAACGGGCACCGGGTGCTCGCGGTCGTGCGCGGCTCGGCGGTGAACCAGGACGGCGCGAGCAGCGGGCTGACCGCGCCGAACGGCCCCTCGCAGCAGCGGGTGATCCGGGACGCCCTGGCCAACGCGGGCCTGTCGCCCGCCGACGTCGACGTGGTCGAGGCGCACGGCACGGGCACCACCCTCGGCGACCCGATCGAGGCCCAGGCCCTGCTGGCGACGTACGGCGCCGGACGACCGGACGACCGGCCGGTGTGGCTGGGGTCGGTGAAGTCGAACATCGGCCACACCCAGGCGGCGGCCGGCGTGGCCGGTGTGATCAAGATGGTGCTGGCGATGCGGCACGGGACGCTGCCCCGGACACTGTGGGCGGACGAGCCCTCCACGCACATCGACTGGGCCGCCGGCGCGGTGCGGCTGCTGTCCGAAGAGCGCGGGTGGCCCGCCGGAGAGCGGGTGCGGCGCGCGGGCGTGTCGTCCTTCGGGCTCAGCGGCACGAACGCCCACGTGGTCATAGAGGAGGCGCCGGACGAACCGGCCGGCCCCGCTCCCGCCGCCCACCCCGCCGCCCACCCCGCCGTCCACCCCGCCGTCCACTCAGCCGCCCACTCCGGCGGGCCGTTCCCGTTCGTCCTGTCGGGCGCGGGCGAGGAGGGCCTGCGCGCCCACGCGCGGCGCCTCACGTCGTTCGTGGAGGGGCACGAGCCGCTGCCCGTGTCCGGCGTCGCCGCGGCGCTGGCCTCCCGGGCCGCGCTGTCGCACCGCGCGGCGGTGATCGCGAGTGATCGGGCCGGTCTGCTCGCGGGCCTGGCCGCGGTCGGCGACGGCGGCACGGCCCCCAACGTGGTGAGCGGGGTGGTACGGGCCGCGAGCGGCCGCCCGGGTGTGGTGTTCGTCTTCCCCGGTCAGGGGTCGCAGTGGGCGGGGATGGCGGTGGAGCTGGCGGGGTGGTCGCCGGTGTTCGCCGCGCGGTTGGAGGAGTGCGGGCGGGCGCTGGGTCGCTTTGTGGACTGGTCGTTGGGGGAGGTGCTGGGGGACGCCGCCGCTTTGGAGCGGGTGGATGTGGTGCAGCCCGCGCTGTGGGCGGTGATGGTGTCGCTGGCGGGGGTGTGGCGGTCGTTCGGGGTGGTGCCTTCTGCGGTGGTGGGTCATTCGCAGGGGGAGATCGCGGCGGCGTGTGTGGCGGGTGCGCTGAGTCTGGAGGACGCGGCGCGGGTGGTGGCGGTGCGCAGTCAGGTGATCGCGCGGTCGCTGGCGGGGCGCGGTGGGATGGCGTCGGTGGCGTTGCCGGTGGAGCGGGTACGGCGGCTGCTGTCGGGGTGGGAG
NZ_CP109552.1_gap138	5160133	5164288	4155	ACGGCCGAGCGGCTGGAGACCGTGCGCGCGGCGAAGGTGACCGCCGCCGTCCACCTGCACGAACTCACCCGCGACCGGGACCTGACCGCGTTCGTCCTGTGCTCGTCGGTCGCCGGGGTGTTCGGCGCGCCGGGCCAGGGCAACTACGCCGCGGCCAACTGCGCGCTGGACGCGCTCGCCGCCGCCCGCCGCGCCGAGGGCCTGCCCGCGACGTCGCTCGCCTGGGGCCTGTGGTCGGAGGAGAGCGGCATGACCGGCCACCGCACCGGCACCGACCGGGCCAGGCAGGTCCGGCTCGGCATCGCCGCGATGTCCACCGAGGACGCGCTTCTGCTCTTCGACGCCGGCCTGGCCACGGGCGTGGGCACTCCCGTCGTCGCCCGGCTGGACCACGCCACGCTGCGTACGCGGGCGGCGTCGGGGGAGGTGCCCGCGATGCTGCGCGCCCTCGTCCGGGCGCCGGTGCGGCGGGAGGCCGCCGCGTCCGGCGGCGCCGACACTGTGATGGGCGCCAGGGGGGACGGCGCGGCGGGCCGCGTCGCCGCCCTGCCCGCGGCCGAACGCCTCGACGCCGTGCTGCGGCTGGTGCGCGATCACGTCGCCGGCATCCTCGGGCACGACTCGGCCGCCGAAGTCGACGGCGACCGCGCCTTCAAGGAGATGGGCTTCGACTCGCTCACCGCCGTGGAGCTGCGCAACAGGCTGAACCGGCAGTTCGCGCTGCGGCTGCCGGCGACGCTCGTCTTCGACCGGCCGACCCCCCGGGCGGTCGCGGAGGCCGTCGTGGGGGCACTCGTGGACGAGTCGCCGGACGGGCGCGCGGAGCCGGTCGCGCCGGTCACCGCCGCCGCCCGGTCCGACGAGCCCATCGCGATCATCGGCATGAGCTGCCGCTTTCCCGGCGGGGTCCGGTCGCCCGAGGATCTGTGGCGGCTGGTCGCGTCCGGCGGCGACGCGATCACCGGCTTCCCCACGGACCGGGGGTGGGATCTGGCGAACCTGTTCGACGACGATCCGGACCGGCCCGGCCGCAGCTACGTGCGCGAGGGCGGTTTCCTGACCGACGCGACCCGGTTCGACGCCGGGTTCTTCGGGATCTCCCCGCGCGAGGCCACCGCGATGGACCCGCAGCAGCGGCTGCTGCTGGAGGCCGCGTGGGAGGCCCTGGAGCGGGCCGAGATCAACCCGGACAGCGTCCGCGGCAGCCGGACCGGCGTGTTCGCCGGCGTGATGAACAGCACCTACGGCGCGCGGCAGCTGAACGCCCCCGAGGGGTCGGGCGAGTACGAGGGCTACCTGGCCAGTGGGTTCGCCGTCAGCGTCGCGTCCGGGCGGGTCGCCTACACCCTGGGCCTGGAGGGCCCGGCCCTAACCGTGGACACCGCCTGTTCGTCGTCGCTGGTGGCGCTGCATCTCGCGGCGCAGTCGCTGCGCCGGGGTGAGTGCACGCTCGCGCTGGCCGGAGGCGTGACCGTCATGTCCAGCCCGTTGCTCTTCGTGGAGTTCAGCCGTCAGCGTGGTCTCGCCCGGGACGGCCGGTGCAAGCCGTTCGCCGCCGCGGCCGACGGCACCTCCTGGGGCGAGGGGGCCGGTGTCCTCGTGCTGGAACGCCTGTCGGACGCGCGCCGCAACGGGCATCCGGTACTGGCGCTGCTGAGGGGAAGCGCCGTGAACCAGGACGGCGCGTCCAACGGCCTGGCGTCGCCGAACGGGCCGTCGCAGCAGCGGGTGATCCATGCCGCGCTCGCGGACGCCGCTCTGTCCGCCGCCGACGTCGACGTGGTCGAGGCGCACGGCACCGGGACGACCCTGGGCGACCCGATCGAGGCCCAGGCGTTGCTGGCGACGTACGGGCAGGGGCGCGAGCGGCCGCTGCTGCTGGGGTCGCTGAAGTCGAACATCGGCCACACGCAGGCCGCCAGCGGGGTCGGCGGCGTGATCAAGATGGTCGAGGCCATGCGCCACGGGGTGCTGCCCAGGACGCTGCACGTCGACGAGCCCACCCCGAACGTGGACTGGTCTGTCGGCGCGGTCGAGCTGCTCACCGGGCACACGGCCTGGCCGGAGGCCGGCCGGCCACGCCGCGCGGGCGTGTCGGCGTTCGGGGTGAGCGGGACGAACGCACATGTCGTGCTGGAACAGGGGGAGACGAATGTCTGAGATTGACGGCGACCGCACGGCGCCGGCGATCGTGCCGTGGGTGGTCTCCGCACGGAGCGCCGCCGCGCTGGACGCCCAGACGGAACGGCTGAAGGAGTTCGTCGCGGCCAGCCCGGACCTCGCGGCGGCCGACGTCGGATACTCGCTGGCCACCACCCGGGCCACGCTGCCGTACCGGGCGGTGCTGCTCGGCGCCGGCCGCGCGGAACTGCCGGCGGGCGCGGACGTCGTGCGGGGCGGCGGGAGCGAGCCGCGGCGCGTCGCGCTGGTGTTCCCCGGTCAGGGGTCGCAGTGGGCGGGGATGGCGGTGGAGCTGGCGGGGTGGTCGCCGGTGTTCGCCGCGCGGTTGGAGGAGTGCGGGCGGGCGCTGGGTCGCTTTGTGGACTGGTCGTTGGGGGAGGTGCTGGGGGACGCCGCCGCTTTGGAGCGGGTGGATGTGGTGCAGCCCGCGCTGTGGGCGGTGATGGTGTCGCTGGCGGGGGTGTGGCGGTCGTTCGGGGTGGTGCCTTCTGCGGTGGTGGGTCATTCGCAGGGGGAGATCGCGGCGGCGTGTGTGGCGGGTGCGCTGAGTCTGGAGGACGCGGCGCGGGTGGTGGCGGTGCGCAGTCAGGTGATCGCGCGGTCGCTGGCCGGGCGCGGTGGGATGGCGTCGGTGGCGTTGCCGGTGGCGGAGGTGCGGCGGCTGCTGTCGCGGTGGGAGGGCCGGATCGAGGTCGCGGCGGTGAACGGCCCGTCGGCGACGGTGATCTCCGGCGACGCCGACGCGATGCGGGAGTTCGTCGCCGCGGCCAGGGCCGAGGCGATCCCGGTGGACGTCAAGGTGATCCCGGTGGACTACGCCTCCCATTCGGCGCACGTGGAGGCGATCCGCGACGAACTCACCGAGGTCCTCGCCCCCCTCACCCCCCGAACCACCGACATCCCGTTCTACTCCGCGGTCACCGGGCAGCGCCTGGACAGCGCCGGGCTTGACGCGGGCTACTGGTTCCGCAACCTGCGCGAGCCGGTCCGCCTCGACCTCGCCGTGCGTGCCCTGCTCGACGACGGCGTCAACGCGTTCGTCGAGGTGAGCCCGCACCCCGTGCTGACGGCGGGTCTCTCGGACCTCGCGGAACGGGCCGGGCGGGACGTCGTCGCCGTGGGATCGCTCCGCCGCGACGACGGCGGGCCCCGGCGCTTCCTCGCCTCGGCGGCGGAGGCGTGGACACGCGGGGCGCCGGTCGACTGGACGCCGGCCTTCGGCCCAGGGGCCCGCGTGGTGAGCCTGCCGACCTACGCCTTCCAGCGGGAGCACTACTGGCTCGACACCCCCGTCCCACCGGCCGCCTCTCCCGTGGACGACTGGCGTTACCGGGTCGAATGGCGGGCCGTCGCGGCGGACGAGGCGCCCCGGCTGCGTGGGACCTGGCTCGTGGCCACCGGGGACGAGCCGGCCGGCCCGGTCACGGCCGCGCTGGTCACCGCATCATTGGCCGCCGCCGGCGCGACCGCGGTCGCCGTCCCCGTGGAGTCGCTGCCGGAGGTCGCGGCCCGCACCCCCGGCCTGGCCGGCGTGCTCTCCCTCGCCGCGCTCACCGACTCCGACCCCTTCGGCGTCACGCTCTCCCTGATCCAGGCCGGTCTGGAGGCGCCGCTGTGGGTCGCCACCCGTGGCGCGGTCGCCGCCGGCTCCCCGTCCCCGCGTCAGGCGGCCGTCTGGGGCCTCGGGCTGGTCGCCGCGCTGGAGCACCCCGGCCGCTGGGGCGGCCTGGTCGACCTGCCCGACGATATCGATGCAGACGCCGACGCGGCGGTCTACCGGCGCCTGGCGGCCGTGCTGGCCGGCGGAGGCGAGGACCAGGTCGCGATCCGGCACGAGGGGGTCTTCGGCAGGCGGCTGACGCGGGCTCCCCGGGCCGGCCGCACGCAGGCCACCTGGCGGCCCCGGGGGACCGTGCTGATCACCGGCGGCACCGGGAACGTCGGCGGGCGGATCGCCCGCCGGTTCGCCGCCGA
NZ_CP109552.1_gap139	5246282	5250241	3959	AGGCGGGCGCGAGTTGTTCGGCGAGATGCCCAGGGCTGCGATCGCCGTTGCCGTCGGACTGGATGATCCGGTGATAGGTCACCTCACCGAACCGCCTCTCGAACTCGCTGAGGTAGGCACGTTGGATGTGCGCCCACCGCGGCTCGTTAGAGGCCTTGAACACCTCAACGTAGGAATTGACAGCATAGATGTGGGCGCCGCGCGGGGCCATGCGGATGACCTCGCCCGCATCACGGTGCAGCCTTTCGACGTCCTCGGCGCGGTCGGCCTTGTAGTAGGTGGCCTTCAGTAAGGACTCGCCGTTGGCGAGGGAGTTCACTGCCTCCTGGAGGCGGACCAAGCCCAAAGGCAGCTGCCGGACGATGTGCTGCAGGGCGACCACGAGCGCCAAGCCTGACACCGCAAACAGGCCGACCGCCGTCCATCCCACCGCTCCAAGGGGGGAACCGACAAGGATGATCAACGAGCTTCCGAGGGACGCGGCGTGGACCATCAGCAACATGATCACAAACGCCGGAGAACGCATCAAGGAGCCTCCGAGGATGGCCGGTGCGGGGTCCAACCACCCGCACACGTATGGATCGTGTTGTAGGTAATACCTTAACTCCGGGCTCGTCCGGAGTGCTTACCGATTACCGTTGATATCGGGAGCTGTGGGACAGCCGGAGGCAACGTGGGATCCATCCAAGTGCGCATACCGATCAGAGACGGACAATCTGGTACTAATCACTACCTGATAGCCGAAGTGGACGCTGACGACGCGCTGGAGCTCGCCTCCTTGGACGGAAGGCTGGAAGAGGCTTCGCGTTCGCTGTCGGCGGCTCTTGACGACATCAGCCCCGCCCTCGAAACGATAATGACGAAACTCCAGGCGGCCACCCGCCAGCCCAAGGAGATCCAGGTGGAGTTCGGCCTCAAGTTCGGCGGCGAGTTGGGGTTGATTTTCACGAAGGGAACCGCCGAGGCGTCGTTCAACGTCACGATGACCTGGGCTCCGCAGAATCCGGCGTCGTGACCGGGAGCGCGTCCCGGCCGGAACGCGCGACGGTCCGCATCCTCGCAGGAGGTAAACGGCCCGTGGGGCTTGGCTTTCTGGTCGGCCAGGAGCAGATCGTCACGTGTGCACATGTCATCAACTCGGCGCTCGGTCGAGAACAGCGCGAATCGGCCGCACCACCAGATGGCGCACTGATCTTCGTCGACTTCCCACTCGGAGGCGACGGCCGCCATAGCCACGTCCGTCCGGCAAAGATCATCAGGTGGCATCCGGGCGGTGACCAACCTTTCGACTGGAGCGACGTCGCCGGGCTGGAACTGCTGGAGCCGCCGCCTCCATTGACAGCCCCAGCCCGGCTCCGAGCGATCGGCAGCCCGGCGGGGACGTACATCCAGGTATGGGGGCCTCTGCCGAAACGTCAGTTGATGGGGCACGTCACCGGCGAACTCCTCGGTGCGGCCGACCCCGTTCGCAGCCAGGTCGACCAGCGAATCGCATCAGGCATCACAGCCGCAGCCGGCTTCAGTGGAGGGCCGGTCTGGCACCGGGACAGCGGTGAGGTCGTGGGCATGCTCCAGGCGATTGCCGGTGATCAGCAGATCTACATAATCGGACTGCACGCGCTCGCCGCGGCCTGGCCCGCAGTCCTTCACCAGCCGCCCCGTAATCCCTACCGGGGGCTGTTGCCCTTCGAGGAGTCGCACGCCGAGTTGTTCTTCGGCCGCGGCGAATTCGTCCAGCGACTCGTTGAGGACGCCAGGTCCCGGCGGCTGCTCGCCGTGACAGGTCCTTCAGGCTGCGGAAAATCGTCCGTCATCAGCGCGGGGCTGATCCCTCGGCTCCGGCGCGAATCCTCGATACATGTTGTGCGCGTCCGGCCAGGAGACCTGCCGACGTTCTCACTGGCCTGTGAGTTCGCCGCCGCCGAAGTCCGAGACGCTCATGTCCAGATGTCCCAGATCGACCAGTGGCGTACGCGCCTCCTGGAACGGGGCCTGATGGACGCGGGGCGTCGGCTGGCGATCGGGCTGAGGGTGGACCGGCTGGTCGTGGTGGTTGACCAGGCCGAGGAGATCCTCACGCGCTGCGCTGATATCGAGGAACGTTCCGCTTTCCTCAACCTGCTGGCGGAGACCGCCACGGAGCTGAGGCCGTCGGAGCAGGCCGACGTCACCGTCGTCCTGACCATACGTGAAGAACATTTCGGCGGCCTTCTCCAGCACCAACATCTCGGCGAGTATCTTCAGGCCCGTTCCCGGGTCCTGCGTGCGCTCTCGGACGTGGACCTCCGATCCGCCATCACGGAACCCGCACGCTTGGCTGATCCCGAACGCCCGGTTGTGTGTGATGAGGACCTGATCGAAGCGCTCAGCGCGGATTTCGGCCGACAGCCGGGACGACTACCGCTCCTCCAGTTCGTGCTTCACCGGATGTGGCCTTTACAAGACCCACCGTGGCGGCTTACGCGGGAGGCCTACTATCGGATGGGTGGGGTGAGCGCCCTTTCGAAGTACGCTGACAAGGTCATCGACAGCCTTCCGCAGCGACAGCAAGCCGCGGCGCAGCGGATTTTCACCATGCTTGTCACTCCTGGAACGAACGACTATGCGCAACCGGTGCGCCAGGACCGGCTCTCCCTGGACGACCTGGCGGTATCCAAGGTTCTGCACGACAAGCGGCTGGTGACCTTCGGTGACGAGATGATTGAAGTCGCTCACGAGGCTTTGCTTCGCGGCTGGGATCGCCTGCAGATCTGGTTGGCACGGGACAGTGAGGTTCTCGCCGTGGCGGGAATGGTCCAGGGTTACAAATCCCAGTGGGAGAACCACAATCAGGATCCCAAACTTCTGTTGCCCGCGCCGTTGCTAGATCGTGCCTTCCAGGTGGTGGAGGAGCATCCGCACCATGCGATGGGGATCATGGACTATGTCGTCCACAGCATGGAGGCGCATCGTGAGGAACAGCGCCGCCAACGGGACCTCCTGGCGCATAACGATGCGATGCACCTGGCGGCGCAATCCGAACTGGCCCGACTCTCGGCGACGGAGACCGCAACCGTGGCGCTGGAGTACGCCATCCGCTCCCTGCGACGCATGCCCCTGCTCCAGGGGGATCGAGCACTGCGTCACGCGCTCGCCAGCACGACCAAGCCGGAACATCGCCTCGGGCACGAGGACGCCGTACGCTGTCTGGCCTACAGTCCTGATGGCTCCCATCTCGCCACGGTGGGCTTCGACGGCACCGTATGTGTGTGGGATGCGGCGACCGGGCGTGCGCGAGTGACCATCCGGCATGCGATGGCCGTCTGGTCGGTCGCCTTCAGCCCAGATGGGAATCTCCTCGCCACGGGCGGTCACGAAGACCAGGTGGGTATCTACGATGTGTGGACAGGAACGCTCATCGGCTCACTGCCGCATCATGACACCGTATGGTCCGTGGCCTTCAGCCCAGATGGACGATTCCTCGCCACCGCGTGTGGCGACGGAAGGGCACGGTTGTGGGATCCGCGTGGTGGACAGATGGTCGCGACCATGGTTCACGACGACGTCGTGCGCAATCTGGCATTCCACCCAGAGGGCAGAGTCCTTGCGACTGCCAGCACTGATACGACCGTGGGGATCTGGACCGTCCCCGCCGGCGTCGAGGTCGCGCGACTGCCTCATGACGGATGGGTTCGGGCTGTGGTCTTCAGCGCTGACGGCGCGCTCGCCTCGGCCAGCCGCGACGAGCGCGCGCGGATCTGGACGGCAGAGAGGATCAACAACATCGTCGTAACCGGCGGGCGAACCCGCATAGAGGAAGAGAACCGGCTCAAGCACAGCGGCTGGGTCCGTACGGTGGCATTCAGTCCCGACGGCGGTCTCCTCGCCACTGCCGGACGTGACGGAAGCGCGCGCATCTGGGATGCGCAGAGCGGAACACCGATTCAGCACCTGCACCACGAGGGCTCGGTGGAAAGCAT
NZ_CP109552.1_gap140	5251810	5254129	2319	GCAGGAATTCCCGCCGATCACGTCGTTCGAGGTCAGGGACGCCTTTCAGGAGCTCGTCCGGCGCGACCTGCTCGGGCCGTACGACGGGGACTTCGAGGAGCTGCAGCGCAAGGCTATAGGGCCGCGCGAGCGCTACCTGGTCGGCATGCTCGGCCCGAAGCCGTCGCCGAAGCGGGTGGCCGAGGACGCCGACGAACTGCCCGAGACGGAGATCGGCGCGGAGGGTGACGGGGCCGAGGGCGAGCTGCCCGACGTGCTCACCCCGCAGAACCTCGGCCGCCTGTGGGCGTCGTCCATGGGCATGTCGTTCGCGGTGCCCGGCGACCTCGACGCGCTCACCGTGACCGCCCGCTGGGGCGCGTACACCAAGGTCGAGACCGAGGTGGAGGACGGGAAGGGCAGGCTGCGGACCGAGCGCGTCTGGGGCCGCAGGCCGGTCGAGCACCGCCTGACGATCCCGCTCGCCGAGCCCGGCCAGAAGATCCCGCTGACGATGGAACGTGCCGACGAGCCCGGCGTGCTGCTCGCGGTGGCCGTGCGGCCCCGGCCGGAGGGGCGGCGGGTCGTCGAGCTGACGCTGATCAACCAGCAGGTCGAGCCCGAGACCAGCCCCGACATCGCGTGGCTTTTCCAGGCCGAGCTCGTCGCCGCCGCCCAGGCCGCCACACAGCCCGGCGACCCGGCAGGCGTCTTCCTGCCGATCGACGACCCTCTCGACGGCGGCCGGGCGGACCCCGCCCAGGATCACGCAGGCCAGGAAAACGCCGGCCAGGAGGACCTGGAGGAAAGGCACCTGCGGCTGCTCTACCGCAACGAGCGCCGGTATGCCGTGGGCCGCAACGTGGCCGTCCACGCGGAGGTCGCCCCGAAGGCGCGGCGGGCGACGGAGCTGCGCACCACCTGGCTGCCTTACTACGACGTGCCCGCGACGGTCGCCCCGGTGGGGGAGGGCACGGCCCTCGCCGACGTGGAGCTGTCGATGGACGCCCTCGCGAGCGCCTCGCTCGAGGCGCTGGCCGCCGGGCTGACGCCGCTGGCCGACGGCTATTCGGCGTGGCTGGACGAGCAGGAGCGGCAGATCCCCGGCGTGCCCGAGCCGCTGCGCGAGGCCGCCGAGGTCGCCGTACGGAAGGCGCGGCGGGCCGCCGAGCGCATCCGCGCCGGGATCGCGCTGCTCACGGTGACCACCGCGGACGGGCACGAGCAGGCGTACGCGGCGTTCCGGTTCGCCAACCGGGCGATGGCGCTCCAGCGGCGCCGTACGGCGGTGGCGAAGCTCCGCGACGAGCAGGGGCTGAGCTATGAGCAGGCGATGGCGGAGGTCGACGCGAAGGGCGCGGCGGCGGCGTCGTGGCGGCCGTTCCAGCTCGCGTTCATGCTGCTCAACCTGCCGTCGCTGACCGATCCCGCGCACCCGGAGCGGGCCGCCGCCCACACGGCGACCGTCGACCTGCTGTTCTTCCCGACCGGCGGCGGCAAGACCGAGGCCTACCTCGGCCTCACGGCGTACACGTTCGCGATCCGGCGGCTGCAGAAGGTCGTCGGCTCCGGGGCGGAGGCGCGCAGCGGCCTGGACGGCGTGGCGGTGCTCATGCGCTACACGCTGCGGCTGCTCACCGCGCAGCAGTTCCAGCGCGCCGCCGCGCTGGTGTGCGCGTGTGAGGTGCTGCGGCGCGACGACCCCGGGACGTGGGGCGACGAACCGTTCCGCATCGGTCTGTGGGTGGGCAACGCGGTCTCGCCCAACTGGTTCGCCGAGGCGAAGGACCAGATCCAGGAGGCCAGGGACTCCAACCGCGACACCAACGTCCTGCAGACGCTGTCGTGCTCGTGGTGCGGGGAGAAGCTGGTCGCCGGGGCCAACCTCGACATCGACGAGGACCGCCGCCGCGTGCTGCTCTACTGCGGGCGCGGCAGCGAGGGCGACGCCGACCCCTGCCCGTTCTCGCGGCTCGGCGAGCTGCGCACGCTGCCCGCCGGCACGGGCGCGGACGAGGCGTACGCGCGGCGCGAGGGCCTGCCGATTCTCACCGTGGACGAGGAGATCTATCGGCTGACGCCGAGCCTCGTCATCGCGACCGTCGACAAGCTGGCGCAGCTTCCGTGGCGCGGCTTCGCCGGGCACCTGTTCGGCCGGGTGAGCCGGCGCTGCCCCCGGCACGGTTACCGGCACGACGACCTGGACGACCGGATCGGCTGCGGCGGCAGGCACAACGCCAAGGGCCGGCTGCCGAAGACCGAGAGCCGCCCGGTGATCCGGCTCCGGCCGCCGGACCTGATCATCCAGGACGAGCTGCACCTCATCTCGGGCGCGCTGGG
NZ_CP109552.1_gap141	5306029	5307831	1802	CTCGTGGGAGGCGATGGAGCGGGCGGGCATCGACCCGGGCGCGTTGCGGGGGTCGGCGACCGGGGTGTTCGCCGGGATGATGTATCACGACTACGCCGCGAACGCGAACACCGGGTCGATCGCTTCGGGCCGGGTGTCGTACGTGTTCGGGTTCGAGGGCCCGTCGGTCACGGTCGACACCGCGTGTTCGTCGTCGCTGGTGGCGTTGCACCTGGCCGGGCAGGCGCTGCGATCCGGTGAGTGTTCGCTGGCGTTGGTGGGTGGTGTGGCGGTGATGGCCACGCCGGAGGCGATCATCGAGTTCTCCCGCCAGCGGGGGTTGTCGCCGGATGGGCGGTGCCGGTCGTTCGCGGCGGGCGCGGATGGCACGGCGTGGGCCGAGGGCTGTGGTGTGCTGCTGGTGGAGCGGTTGTCGGACGCGCGCCGGCTCGGCCACCGGGTGCTGGCCGTGGTGCGGGGTACGGCGGTGAACCAGGACGGCGCGTCGAACGGGCTGACCGCTCCGAACGGTCCGTCGCAGGAGCGGGTGATCCGCCAGGCGCTCGCGAACGCCCGCTTGTCGGTGAGCGACGTGGACGTGGTCGAGGGTCACGGCACCGGCACCACTCTCGGTGATCCGATCGAGGCGCAGGCGGTGCTGGCGACCTACGGGCAGGAGCGCCCGGAGGATCGGCCGTTGTGGCTGGGATCGCTGAAGTCGAACATCGGTCACGCCCAGGCCGCCGCGGGTGTCGGCGGGGTCATCAAGATGGTGCAGGCGATCCGGCACGGGGTGCTGCCCAAGACGCTGCACGTGGACGAGCCGTCCCCGCACATCGAGTGGTCGGCCGGCCAGGTCCGGTTGCTGACCGAGGCGATGCCGTGGCCGGAGGTGGACCGCCCGCGCCGCGCGGCGGTGTCGTCGTTCGGCATCAGCGGCACGAACGCCCACGTCATCATCGAGCAGGCCCCCGCCGACCTCGCCGCTGATGTCACTCTCGCCGAGTCGCCCTCTCCGGCGCTGCTCACCGGCACCGTCTCCTCGTCCACGGCCGAGGTGTCCGATGGCACCACTCTGGTCCTGGCCGAGAGCGGGCAGTCTGCCGCCGCAGTGGAGGGTGAGGGTGTGGTGCTCGCCGGCGCTGCCACTGGGTCGGTGTCCGGCGATGGCACCGCTCTGGTCCCCGCCGACGGTGAGGCCCAGGCCGGAACTCCGGTGGGCTCGGTGGCTCCGGTGGCGTGGGTGGTGTCGGGGAAGACGGCGGACGCGCTGGCCGGGCAGGCGGCGCGGGTGCTTGGCTTCGTGCAGGACCGCCCCGCTCTGAGTGTCGCGGATGTCGGGTTGTCGCTGGCGATGACGCGGGCGGCGTTCGAGCGGCGTGCGGTGGTCACCGGTGGGGACAGAGCCGCCCTGCTGGCGGGGCTGGCGGCGGTGGCGGAGGGCCGCACCGTTCCTGGGGTGGTGCAGGGTGTCGCCCGCTCCACCGGGAAGGTCGGTGTGCTGTTCACCGGTCAGGGCGCCCAGCGCCTGGGCATGGGCCGCGAACTGCACGCGGCGTTCCCGGTGTTCGCCGAAGCGTTTGACGCGGTCGCGGACGCGCTGGATGCGCATCTGGATCGGCCGTTGCGTGAGGTGATCTGGGGCTCCGACGCCGAGGCGGTCGATCAGACGGCGTACGCGCAGGCGGGGTTGTTCGCGGTGGAGGTGGCGCTGTTCCGCCTCCTGACCTCGTGGGGGGTGCGGCCGGACTACCTGGCCGGTCACTCGATGGGTGAGCTGGCCGCCGCGCATGTGGCGGGGATGTTGTCGCTTCCGGACGCGT
NZ_CP109552.1_gap142	5308990	5311773	2783	GACCGCGCAGAATGGTGTGGACCTGAGCCAGTGGCCTCCGGCCGAGGCCACCGCGGTGGACCTCACCGACGCCTACCCGATCCTCAACGAGCGCGGCTACGGCTACGGCCCGGCCTTCCAGGGACTGCGCGCGGCCTGGCGGCACGGCGAGGAACTGTACGCCGAAGTCGCCCTGCCCGACCACGAACACCAGGACGCCACCCTCTTCGGACTCCACCCCGCGCTGTTCGACGCGGCACTGCACGCGCTGCACTTCGGCGGGGACGACACCGACGGCGGCCCCACGATGCTGCCGTTCTCCTGGGCGGGCGTGTCGCTGAGCGCCGTCGGCGCGACGGCGCTGCGCGTCCGGCTGACGCCCGCGGGGCCGAACGCCTTCTCCCTGGAGATCGCGGACGCCGAGGGAGCGCCGGTCGCCGCCGTACGGTCGCTCACGTCGCGGCCGGTCGCGCCGGAACAGCTGCGGCCCGCGCAACTGCACGACTCGCTCTACCGGGTCGACTGGACCAAGATGCCGACGCCGTCGGCCGTCTCCCTGACGTACGCCGACTGGGCGGCCCTTGACCCGGCCGCGCCGACGGTGCCGGATGCCATCGTGCTCCGGGTGCCCTCCGGCGACTCGGGCGGGGCTTCCGCGGACGAGGCCGCGGCGGTCAGAGCCACGACCCACCAGGTGCTGGCCGCGCTGCAGGAGTGGGCGGCCGGCGAGCGGTTCGCCGACAGCAGATTGCTGGTCGTCACCCGGGGGGCGGTCGCCCCGCTGCCCGGCGCGGACGACGTGACCGACCTCGCCGGCGCGGCCGTCTGGGGGCTGGTGCGGACCGCGCAGCGGGAGCACCCCGACCGGATCGTCCTCGCCGACCTGCACGAGAGCGCGGACGACAGCGTGGACGTCGGCGCCGTCATGGCCTTCGGCGAACCGCAGGTGGCGCTCCGCGACGGAGCCGCGTACGCGCCCCGGCTGGTCCGCGTGCCCGCCGCGACCACTGAGGTCGAGCCGGTGACGTCGTTCTCCGCCGAGGGGACGGTGCTGGTCACGGGTGGCACGGGGATGCTGGGCCGGTTGGTGGCGCGGCATCTGGTGGTGGCGCACGGGGTGCGTCGTCTGCTGCTGACCAGCAGGAGCGCATCGGCCGAGAGCGCCGCCGACCTGGTCGGCGAGCTGGAGGATCTCGGTGCGCGGGTGTCGGTGGTGGCGGCCGACGCCGCTGATCGTGCCTCGCTCGCGGGAGTGCTGGCAGGCATCCCGGCGGAGCATCCGCTGGCAGGAGTCGTACATCTGGCGGGTGTGCTGGACGACGGTGTGATCGGGTCGTTGACTCCGGAGCGGGTGGACCGGGTGCTGCGTCCGAAGGTGGACGCGGCGCTGAACCTGCACGAGCTGACGCGTGATCGTGAGTTGTCGGCGTTCGTGCTGTTCTCCTCGGCGTCGGGAGTCTTCGGCACGCCGGGTCAGGGCAGTTACGCCGCGGCGAACGCGTTCCTGGACGCGCTGGCCGCGCACCGCCGGGCGGCCGGTCTCACCGCCCAGTCGCTGGCCTGGGGACTGTGGGCCGACGACGCCGGGATGGCCGGTGAGCTGGGCGACACCGGCCGGCAGCGGCTGAGCCGCAACGGGGTGGAGCCCCTGTCGGCTCAGCAGGGGCTGGAGCTGTTCGACGTCGCGTGCACCGTGGACTCCGGCACGCTGGTGCCGATCCGGCTGGACTTCGCCGCGCTCGCCGAAGCGGGAGCGGAGCTCCCGTCGCTCTTCCGCACGCTCGTCCGCGTGCCCACCCGCCGGGTGGCCGCCGCGGCCGGCGGCGCGTCATCCGCCGTACGGGAGAGGTTCGCCGGACTGACCGCGGCCGAGCGGGTCGCCGCCGCTCTCGACATCGTGCGTACGCAGGCGGCCGCCGTCCTCGGACATGCCGGGGTCGAGGCGATCGAGCCCGACCGGGCCTTCGGTGAGCTGGGCTTCGACTCGCTGTCCGCCGTGGAACTCCGCAACGGACTGAACGCGGCCACCGGACTGCGGCTGCCGGCCTCGCTGGTCTTCGACTACCCCAACGCGCTCGCGGTCGCCGAGCACATCGCGGCCGAGGTGGTCGGCGCAGACACCCGGCGTACGGCGGTCGCGGCCACGGCCGGCTCGGCCGACGAGCCGCTGGCGATCGTGGGCATGGCGTGCCGCTATCCGGGCGGGGTGACCTCGCCCGAGGACCTGTGGCGCCTGGTCGCGGGCGGGGTGGACGCGATCTCCGACCTGCCGGTCAACCGCGGCTGGAACATCGAGGAGATCTTCGACCCCGAGGGCAGGCGTCCGAACACCAGCTATGTGAAGTCGGGCGGGTTCCTGCACGAGGCGGCGGAGTTCGACGCGGCCTTCTTCGGGATCTCGCCGAACGAGGCGCTGACGATGGACCCGCAGCAGCGGTTGCTGCTGGAGACCTCATGGGAGGCGATGGAGCGGGCCGGGATCGACCCGGGGTCGCTGCGGGGGTCGGCGACCGGGGTGTTCGCGGGGATGATGTACCACGACTACGCCGCCAACGCGAACACCGGGTCGATCGCCTCCGGCCGCGTGTCCTATGTCTTCGGGTTCGAAGGCCCCTCGGTGACGATCGACACCGCGTGTTCCTCCTCACTGGTGGCGCTGCACCTGGCCGGGCAGGCGCTCCGGTCGGGGGAGTGCTCGCTGGCGCTGGTCGGTGGTGTGGCGGTGATGGCCACCCCCGACACCTTCATCGAGTTCTCCCGCCAGCGGGGACTGTCGCCCGACGGCAGGTGCCGCGCGTACGGCG
NZ_CP109552.1_gap143	5428813	5432637	3824	AGGCGTACGCGGGGACGCGCCGGTCGCGTCCCCCCAGCAGGCGCCAGAGCGGCTCGCCGGCCGCCTGCGCCTTGATGTCCCACAGCGCCGTGTCGATCGCGCCGATGGTCCCGAACACGACGCCCGCGTGACCCGCCTTGAAGGTGTGCCGCAGCATGCGGTCGTAGAGCGTCGTCACGGCGCGCGGATCCTCGCCCTCGACAGCGGCGAACACCGCGTCGATCTCCACGTGCGGTCCGATGCCGACTCCGGTGATCCCCTCGTCGGTGTCCACCATGACGATCTGGACCGGTACGCCCCCGTCGGCGTAGACGCCGTTGGCGTCACCGACGGGACGACCCCAGTCCTGGATCGTCTTCAGTGTGCGATACCCCGAAATACGCATGTCAGCCCTTCGTGGAACCGGCGGTCACGCCGTCGGCGATCTGCCGCTGGAGGAACAGATAGATCATCAGAACCGGCACGGCGGCGATCAGGACTCCGGAGGCGAAGGTGGGGATGTCGTCGGAGTACTGCCCGCGCAGCGAGGTGACCCCGACCATCAGGGTGCGGTGGTCGGCCGAGTTCATCGTCAGCAGGGCGATCAGCACGTCGTTCCAGCAGAACAGGGTGTCGAGGATGCCGACCGACAACAGCGCCGGAGTGCCCAGCGGGATCATGATCCGACGGTAGACGCCGAAGACGGTGTTCCCGTCGATCCTCGCCGCGTCGACGATCTCCATCGGGATCGTCGTGTAGTGGCTGGTCATCAGGAAGACGGTGAACGGGAGCCACTGCGCGACGTAGGCGAGGATCAGACCCGGGTAGGTGTCGATGAGACCGGTGTCCGCCATGACCCGGGCGAGCGGCACCATGATCACCTGGAACGGGACGAACAGCGCCGCGAGACAGCCCAGGAAGATCACCCTGGAGCCGCGGAAGCGCAGCCGGCTCAGCGCGAAGCCCGCCATCGACCCGAGCAGCAGCAGCAGGGCCACCGAGACCGTCACCACGAGGAGCGAGTTGGCGAAGTATCGCGCCATGCCGGCGTCGGACCAGGCCGTGCCGATGTTCTCCCAGTGCGGGGAGTTCAGCGGGGCGAACCGGTCGAGGACGTACTCGCGCCGGGTCTTCATGGCCACGTTGGCGGTGAACACCAGGGGGTAGACCGTGGCCAGCGCGAGGGCCGCCATCGGCACGGCGGCCACCCAGCCGCTGAGGCGCCTTCCGCGCATCAGTCCTGCCTTCCCGCGCGGCGGAGCAGGCCGACCTGCGCCAGTCCCACCACGAGCATGATGAGGAAGAGAACCGTCGACGCGGCGGAGGCCAGCGCCGGGCGGTTCATCTGTCCCTGCTGGATCCAGATGTAGTACTCCGGCAGGTACGTCGACCCCTCCGGGCCGCCGCTGGTCATGACGTACAGCAGGCCGAACATCGACGTCAGCATCCCGATCATCGTGGTCACGAGGACGAACGCGATGGTGCGGGACAGGCTCGGGATGACCACGTGCCAGATGGTCCGGGCCAGTGACGCGCCGTCCATCTGGGCGGCGTCCAGCAGCGAGGGGTCGAGGGTCGAGAACCCGGCGAGGAAGACCACCAGCGCCATCCCGAACGTCGCCCACACGTGCACGCCGACGACGGTGAACATGGTGACGCCCGGGTCGCCGAGCCAGTCGACCGGGCCGATGCCGACCACGCCGAGCACGGTGTTCAGCGGGCCGTCGAAGGCGAGCATCAGATTGAAGATCGAGCCGACGATCACCGGCGAGAGCACGGCGGGGAAGAAGTAGACGCTGCGGAACACCCGGTGCCCGGGGACCCGCAGGTAGATGAACGTCGCCAGCAGGCCCGGGATCGCCACCGCCACGGGCAGCAACAGAACGAGCAGCCCCACGTTGCCCAGCGCGGTGCGGAACAGCGGATCGTCGGCCAACTCCAGGTAGTTGTCAAGTCCGACGACCGCTCCGTTCTGGTCGCCGTCGCCGGTGAAGGAGAAGTTGACGCCGAGGAGCAGCGGGTAGAGCCGCAGCCCCAGGATGATCAGTACGGCCGGGGCCACCAGGATGTACGGCGCGAAACGCTCCGAGCGCGCCGCCCGCCGGGAGTGCGCTCCGGCGGCCCGGTGGCCCGCCTGCCGGGTGGTGTCCGGACCACCGGCCCGCCCGGGCGCACCCGGGCGGACCAGCGGGGAGGAGCCTCCGATGGGCACGGTCAGCTCGCCTTGTCGGCCGCGGCCATCTGGTCCATCGCCTTGTCGACGGTCAGCGACCCGCTCAGCAGCTTCTGCGACACCCGTCCCATCAGGTCGAGCGTCTTCGAGGACAGCGCGACGTGCAGGGCGGGCTTACCGCTCTTGAGCGCCGCCACGATCGTGCTGACGGCCGGGCCGGACTGCGACGTGTCGATCGTGGTGTCGGAGGCGATCGCGCCGGCCTTGGCGTAGAACGCGGTCAGGGCGTCGGTCGACGTCAGGGACCGCACCAGGTCGGCCGCCAGCTTCGGGTCCTTCGTCCACTTCGCGATCCCGTAGCCGATGCCGCCGTCGTAGGCGAGGCCCGGAGTGGCTCCGTCGGTCACGACCGGGGCCGGCATCACGCCGATCTTGTCGGGCGGCAGGAACTCGGCGAAGTCCTTCCAGTGCCCGATGTCCGACATCAGCCCGATGACGTTGGCGGCCTTGCCGGACTGGAAGATCGCCCACGAGTCGTTGAACATCGCGGTCGAGTTGGCCCCGGCGTTGTTGTAGCCCTTGTCGTTGACGTCCTTCCACAGCGTGAAGATCTGCTTCACGTGGGGAGAGGTCCAGTCGCGCTTGCCGGCGATCCAGTCGTCGTACTCCTGGGGCGTCAGCACACCCGAGCCCAGGCCCGAGAGGAAGAACTGGATGCCGAAGCCTTCCTTGTTGCCCAGGGCGAAGCAGCTCTTCCCCGCCTTCTTGACGGCGGCGCAGTCGGTCATGAGCTCGTCCCACGTCGCGGGCGGCTTGGCCGGGTCGAGCCCCGCCTTCTCGTAGATCTCCTTGTTGTAGTAGATCGGGTGTCCCTGCAGCGTCACCGGCGCGGCGTAGACCTTGCCGTCCTTGCTGAACGCGTCCCAGCCCGCGAGCCGCTGGCGGTCCTCGGCGACGTACTCGTCGATCGGGAGGAGCGCGTCCACGCGGTCACGCAGCTGCCCGCCTCCGTTGAAGAGCATGACGTCCGGTCCCGTGCTGGACTGGATGGCCGTGCCGAGCAGGGTGTAGTACTGGTCGAAGGGCTGGGCCACGAACTCGACCGTCACGCCCGGGTGCTTCTTGGCGAAATCGGCCTTCGCCTTCTCGATATAGGAGGCCGCGGTCGCGTCGCCCGACTTCCAGTCCCAGACCACCAGCTTCGAGGGGGTTCCGGAACCGGCAGGTGAGGGAGCCGTTCGGGTGGCGCTGCCACATCCCGACACGGTCAGCCCCGCGACCAGGACGGCCGACCACAGTGTTCGCTGCTTCATGGCTGTCACTCTCCAGAGCGTGGCCGGTTGACCCGGCCGTCTGCGGCGAGAACGTAACTCGTATGACGTCTGACGTCAATACCGCTGACATATACTCGCTGATGGCGTGCTCTCCCCGCAGGCCATCGGAGGATGAGATGACGGCATCGCAGGGAACGGCCCGTGAAGTACCGTCGCCTCCTGCCTGGGTGCGGCGACCGGCGAGTCTCGCCAAGGCGGTGACGGCGGAGCTGGTGGAGCGCATCGTGCGCGGCGTGCACCCGTCGGGGACGCCGCTGCCCCCCGAGCCCGCGCTGTGCGAGGCCTTCTCGGTGAGCCGGACCGTGGTCCGCGAAGCGGTGAAGATCCTGCAGGAGAAG
NZ_CP109552.1_gap144	5434462	5436737	2275	AACGGCGACTGGGTGGGCTACTCCTCGGTCAGCACGGCGGGCGCGACCGGGTTCACCGCGCGCGTCTCCTCCGCCGGCTCGGGCGGCACGATCCAGATCCGCGCCGGCTCGCAGACCGGGACCCTGCTCGGCCAGGTCGCCGTGCCGGTGACCGGCAACTGGGACACCTTCACGACCGTGTCCACGACCCTCAACGGGTCGGGGTCGGGGCCGCTCTTCCTGGTCTTCACAGGAGGGTCCGGCTACCTGTTCAACGTGGACTCGTTCTCCCTCACCAAGTCCGGCTCCAGCCCGAGCCCGAGCCCGAGTCCGAGCCCCAGCGCCAGCCCCACTCCCACCAGCCAGACGGTCGAGGGTGAGGCGTACACCGCGCAGTCGGGCCTGCAGCAGGCGAACCACGCCACCGCCAGTGGCGGCAAGACCGCCGGCTACATCAACAACGGCGACTGGGCGGCGTACTCACAGGTGAACACCCAGGGTGCGAAGACGTTCTCGGCGCGGGTGTCCTCCGGCGGCTCGGGCGGGACGATCCAGATCCGGTCCGGGTCGCAGAACGGGACGCTGCTCGGCCAGGTCGCGGTCACGTCCACCGGAAGCTGGGACACCTTCGCGACGGTCTCGACCACCCTGACCGGCTCCGCGTCCGGGCCGCTGTACCTCGTCTTCACCGGCAGCGGCACCGGCTACCTGTTCGACCTCGACACCGTCACCGTCACCAGGTGACGCGGACCCGATGACCCGGACGAGATGACCTGCGGCCCGGCGGCGAGGACGTCTCGCCGCCGGGCCGTCTCACCGGGGAGGGGTCAGCTCCGGGTCCACTTCTGGCTGGTCGTGCCGGTGCAGGACCACAGCTGCACCTTCGTGCCGTTCGCGGTGCCGAAGTTGCTCGCCTCCAGGCACTTGCCCGACTGCACGCCGGTGATGGTGCCGTCGGAGTTCACGTTCCACTGCTGGTTGGCCTGCCCGTTGCAGTCCCAGATGATCGCCCGGGTGCCGTTCGCGCTGCCGCCGGCCTCGGCGTCCAGGCACTTATTGCCGTACACCTGCAACTGCTTCGACGAGGTGTACGTCCACTGCTGGTTGGCCTGGCCGTTGCAGTCCCAGAGCGACAGCTGCGTGCCGTTCGTCTGCGACTGGCCCGGTACGTCCAGGCAGCGGCCCGCGTTGACGTTGCGCACCGCCGTCGCCCCGCCGCCCGGAGAACTCGGAGAAGCCGACGGCGACGGACCCGAGGTGTCGGGGGGCAGGAGCGTGACGGTGTAGGTGTCGTCGACGCTCGTGTGCGGGACGTTCACGGTGGCGTTGTTGTTCGACACGTTCACCACCGTGTTCTGCACGGTGACCGGGCCGGTGACGGCGCCGCCGCCGCTGTAGGGGATGCGCTCCACGACGACCCGCACCTGGTTGTTCTGCACGATGCCGCTGGTGGTGTCGAGGCGCTGCAGGTTGACCGCGACGTTGCCGGTCGTGCTGCCGCCGCCGACCAGGATCTTGGCGTTCCCGGTGTCCTTGGTGGCGAAGGCGTCGTAGTTCGAGCTGGGCGTGACGGAGGCGATCTGGCCGGTCTGGGAGCCGTAGAAGCGGTAGACCCACCATTCGCCCTTCGGCGAGTACTGGCCGGCGGAGTTGTGGGTCAGGAGGTTGCCGAGGTCGTTGTGCAGGTTGTTCCCGCCCGCCCAGTTCGCGCGCAGGCCGTCGGCGCCGGCCCGCTCCAGCCGGGCGATGTACCAGGCGCCGTCACCGGGGTTCTGCTCGTTCGAGGCGCCGTACTCGTTGATCTGGTACGGGCGGGGGTGGGCGATGCCCCGGGAGTTCAGCGTGGTGTTGGCCGTGTTGACGTTCGCCACCGGGTCGCCGGGCAGCGAGTGCCAGCTGACGATGTCGGGGACGACGTTGTTGGCCTTGACGTAGTCGAGGTACTGCGTCCACCAGCCGCCGGTGGACGGCACGCCCGCGAAGCTCGGGCCCACGATCAGCTGGGACGGGAACGCGGCGCGGATGCGCTGGTAGGCGCGTTTCCACATCTCGAAGTACTGCGACTGCGTACGGTTCCAGAACAGGGTGATGTTGGGTTCGTTCCACAGATCCCACTGGACGGGCGCACCCGTCGCCTGCACGTCGTTGATCAGGCGGGTGAGGAAGTTGTCGTAGTCGGTCCAGTTGCCGTTGTCGCCGGGGAAGCGGGAGATGGGATAGCCGTCGGCACCCCAAAGGTCGTGCACCAGCAGCACGAACTCACCGCCCAGCGAGCGGGTGCGCAGGAGCTGGGCCC
NZ_CP109552.1_gap145	5448237	5450513	2276	CACGTGGCCACGTAGGTCGAGTCGTTCAGGTGGCCGGCCGCGATCGCGGTGCCGAAGTAACGGCCGCTCTGCGCGGCGGCCGCCCCGAGGGTGCTCGCCGCGGCATTGGCGGGGAGGGTCGCCGCCAGCGCCGTCACCACCCCGAGCACGCCGAGAGCCCCGGCGGCCAGCGCCCGGCGCGGACCGCTGAGCGGTCGCCTGGCGCCACCGGCGGATAAGGGGAAATCACTCATGCCTGAGCCTCCACTGCTTGATGAACGAGGGTGCTTGATCAACAAGGGTGCTTGTCGAACGCGGTGTGAAAGAACGGTGGTGTGAAAGAACGGTGGTGCCGGAAGAACGAGTGCTGAAACGAACGCGGATGGACGCGGGAAGACGCCCGCGATGTCGCGCACGGCCCGTCACGGACCGCGGCACCGGCAATGCGGCCCCTGCCGTTCACCACCGACCGGGCAGAAGGAGGCCGCCGGGGATCAGTTTGGAAACACTGGCGTAACGTGTCAAGGCGTTGTGTCGATCTATCGGCGGCAGCCCGTCAGGGCCGCATCCCTCAGGGGGCCGGCCGTTCACCCGTAGGGGCTCCTGCGCGGCGGATATCCGCGGCGGCCCAGGCCTCGGCGTGTGGTGACGACGGCTGTGAAAGTTTCACCGGGGCCGGACCGGCCGGCGGACCGGCCGCTTCGCGGTCGTCCCAGTTCGGGCGCTCCTCCCGGCCGCGGGCGACCACCCGGGAGCGGCCCGCGTGTTGACACACCCCGCGTCGTCGTATTGGCTCCGCCGCACCACCACCGACATTCGCCAGATGTGAGAAGGGAGTTCACATCGCGGAAATGTTAGCGCTCACAGGATCAGCGCTCACCGGACTACGCGGGCAGTGGCCGACGACCGCGAGCAGCGCGTCGGCGAGCAGGGCGGTGCGCGGGCCGGTCCTCCGGTTCTCCGGCCCGGTCCGGCCACGGGCGGCGTGGACCTCCGCTGTCCTCGTGACCGGTGGTCGCGGCTCGCGCCCCGCGCGGCCGCGGGGCGTCGTCCGGAGCTGAACCGTCGCCGGCCCCGTACCGCGGCGTTTCCGCGGCCCGCGATGTTAGCGATAACTCGCTCCTGGCGGCCGCGCCCGGGCGTCCGGCGCTCCCTGGCAGTGAACGCTCCCACCCGATCCGCCGAATCCGGCCCCCGGCCCACGCCTTCCACAGCCGGGGGCTATGGGGACGGCCCGCCGTCCCTCCGCCAGTGAGGGACGGCGGGCCCGTCCCCACCGCCTCCACCCCCCAGAGGAGAAGAGAATGCATCCAGCGCCGCCCCGTGTGACCGGGCGACGGAGACGATCGCCCGCGGCCCTCCTGACGTGCCTGCTCGCGGCGCTCGCGACCCTGCTCGCCGGCGCGCTCGTGTCCCTGACGCCGGCCACGGCCGCGACCGTCGACACCAACGCCTGGTACGTGCTGGTCAACCGCAACAGCGGCAAGGCCCTGGACGTGTACAACCTCTCCACCGCCGACGGCGGGTCGCTCGTGCAGTGGACCCGGAACAACGGCAACAACCAGCAGTGGCGGTTCGTCGACTCCGGCGGCGGCTACTACCGCGTGCAGTCGCGGCACTCCGGCAAGGTGATGGACGTCTCCAACCTCTCCACGGCCGACGGCGCCGCCGTCGTGCAGTGGACCGACGGCAACGGCGTCAACCAGCAGTTCCGGCTGGCGGACTCCTCGGACGGCTACGTACGGCTGATCAACCGCAACAGCGGCAAGGCCGTGGAGGTGCAGAACGCCTCCACCGCCGACGGCGGCAAGGTCGTGCAGTACTCCGACTGGGGTGGCACCAACCAGCAGTGGCAGCTCGTCCGCGTCGACGGCGGCACCACCTCCCCGTCGGCGTCCCCGCCGGCGTCACCGTCCGCCTCCCCGTCGCCGAGCGCGCCCTCCGGGCAGTTCACGAACCCGGTGCTGTGGGAGGACCTCGCCGACATCGACATCATCCGGGTCGGCGACACCTACTACTACTCCGCCTCCACGATGCACTACTCGCCCGGCGCGCCGGTCCTGCGCTCCTACGACCTGGTCCACTGGGAGTACGCCGGCCACTCGGTGCCCACGCTCGACTTCGGCAGCAAGTACGACCTCAACGGCGGCCGCGGCTACGTCAACGGCATCTGGGCGTCGTTCCTGAACTACCGGCCCAGCAACAAGACCTTCTACTGGGGCGGCTGCATCGACTTCAACAAGACCTACATCTACACCGCCACCTCCGTCGAAGGCCCGTGGAACCGGCACACCACG
NZ_CP109552.1_gap146	5548546	5552507	3961	CATCCTCGTGCTCGACCTGGAGACCACCGACGGCCAGTCGGTGCCGCGCGTCAACGCCTGGGCCAGGAAGTGGCTGGAGTACGTGACCGCCAAGACCGGCGTCAGGCCGATGTTCTACAGCGGCTGGAACTTCGCCGACAAGTACGGCCAGGGCCTGGGCGACTATCCGCTGTGGGTGGCCCACTACAGCCGGAACCCGGGCGACATCAGCCCGCCGGCCGACTGGAAGACCTGGGCGATCCACCAGTACACCGACTCACCGATCGACCAGAATGTCTCCTCGCTCAGCCCGGTCGAGCTGCGCGCCCTCGGCCGTCCCTGAGGCCCGTTCCCGGGGCGGGCGCCACCCGCCCCGGGAAGGGCCCGCTCAGACCACTTCGGATTCAGACCCCTTCGGATTCAGGCCCCTTCGGATTCAGACCCCTTCGGATTCAGGCCCCTTCAGATTCAGACCACCGCGCCGGATCCGTCGCGCGCCACGGGCCGGCGACGGGGTGCGGCGGGCAGGGGCGGCGGCTGACCGGCGCGCCGCTCCAGCTCGATCGCGGCCGGCCCCGCCACGAACGACGACGACAGCGTGCCCACGACGATGCCGATCAGCAGGGCGATCGCGAAGTCGCGCAGCGAGTCGCCCCCGAACACCGCCAGCGCCGCCAGGATGAACAACGCGCCGAGTCCCGTGTTGACCGTACGCGGCACGGTCTGCAGGATCGCCGTGTTCACCACCCGCCCGAAGGGCGTCTTCCGCGACATCGGCCAGAGCTCGCGGACCCGGTCGAAGAGCACGACCTTGTCGTTGACCGAGTATCCGATGATCGTCAGCATCGCGGCCAGGAAGACGCCGTCGATCGGCTTGCCCAGCCAGGCGAACGCGCCGACGACGACGGCCGCGTCCACGAACAGCGCCGCCACGGCGGCGGCGCCGAACGTCCACCGGAACCGGAACGCCAGGTAGGCGAGCTGGGCCGCGAGCGCGACGCCGAGCGCGATGAGCGCGTTGCGGCGCAGTTCCGCGCCCAGGCTCGGCCCGACGAGCTCGTCGCGCTGCTTGACGACCTCCCCGACGCTCCGGTCCAGGGCCTCCTCGACGCGGACGACGTCGTCGGCGGTGATCTGCCCGGTCCGTACGGAGATCGCGTCGTCCGACCGCTGCACCACGGCGGTGGGGAAGCCGGCGTCCGCCACCGCCTGCCGTGCCGCGGCGACGTCGACCGGCCTGCTCGTGGCGAACTCCACGATCCGCCCGCCGGTGAACTCGACGCCGTAGTTCAGGCCGCGGGTGACCAGCCCCGCGCCCACCAGCACGAGCAGTCCGGCCGCGACGGCGAGCCAGCGCCGTCCCGCCCGCATCAGGTCGGGATCGCGCCGGGTCAGCCAGGTCCTGACCCGGCCGATCGAGCCGAGGCCCGAGACCCCCGGGCCGACCCTGCCGATCAGGGCCGAGGCGAGCACCCGGGTGATCAGCATGGCCGAGACCAGCGAGGCGAGCACGCCGATGGCCAGCGTCACGCCGAAGCCCTTCACCGGTCCCGAGGCCAGCCAGAACAGCAGCCCGGCGGCGAGCAGGGTGGTGATGTTGGAGTCGGCGATCGCGCTCCAGGCGTTCTTGAACCCTCGGTCGAGGGCCGCCCTGAGGCCCCGGCGGGGCGCCGCGCCGTACTCCTCCCTGGCCCGTTCGAAGACCAGCACGTTGGCGTCCACCGCCATGCCGATCGCCAGGACGAACCCGGCCAGGCCGGGCAGCGTGAGCGTGGCGCCCATCGCCAACAGCCCCGCGTACGAGATCAGGCCGTAGCAGGCCAGCGCGACCGCGGCCAGCAGGCCCACCAGGCGGTAGACGAGGCCGATGAACACCGCGGTGAGGATCACCCCGGCGACGCCCGCCTTGGCGCTCGCCGCGATCGCGTCGGCGCCGAGGGTCGGGCCGACCGTACGCTGCTCGACCAGCTCCAGGGGCACCGGGAGCGAACCGCCCTTGACGAGCACGGCGAGGTTCTGCGCCTCCTCGGCGGAGAACGACCCGGTGATCTGGGTGGTGCCGCCGGAGATGCCCGCCCCGCAGGCCACCGTCTCGTTCACCTGGGGTGAGGAGATGATCTTGTCGTCGAGCACGATGGCGACCCTGCGCCTGGGATCGCCGGCCGGTTCGCAGGCCGCTTTGCCGGTCAGCTCCCGCCAGGGGCCCGGTTCCCGGAAGTCGATCGTCACGAACCAGCCGGGCCCGAGCTGGGGGTCGGTGCCGGCGGCGGCGTCGGTGACGCCGGCACCGCTGAGGGCGACCGGGCCGAGCTTGAGCTTCTGGCCGCTCTCATCGGCGATCGCGTCCTTGTCGCCGTCCTTGTCGCCGTCGTCGGCCGGGCCGAGCACCGGATGGAAGTTGAGCTGTGCGGTCTTGCCGATGACCTCGGCGGCCTCGCGCGGGTCGAGCACGCCGGGCAGTTCCACGATGATCCGCTTCTCGCCGGAGCGGACCAGGGTGGGATCGACGACTCCGAGGGCGTCCGCCCGGCGCCGGAGCACGTCGAGGGCACGGTCGGTGGCGTCGGCGTCCGCCCTGACCGTGGGGGAGTCCTTCGTCTCGAAGACGAGCTGGGTGCCGCCGCGCAGGTCGAGACCGAGGCGCGGGGCCATGGTGAGGGCGATCAGCAGTGAGGTGGCGATGACGGCGAGCGCCGCCACCGCGCGCCACAAAGGCGCACGTGACATCGTGCCTCCACAGGCGGGTACGAGGAAGAAAAGGGGCTCAGTACGCCGTGGAGGGGGGAGCCCGCGCGGCCGTCGTGCGGCGCGGGCGCTGGGCGGGAGAATCGTCGTGCCGCGGCCCGGCGCGGGTGACCCGGGCGCCGCCGCGCGGCGACGCGGAGGCGGGCGGCAGGGCGGGCCCGGCGGTGGCGCCGGGGCCGCCGGCGCCCGCGTGGACCCGGGGCTGGTCGCTCTGCGCGGGCCGGCCCGCGCTCGGCGACTCCCAGTGCCGTGTTGCCGGGTGCCGCGCCGCCGTGTCTCGTGCGCTCGTGTTCTCCGCCCTCGCGGGGCGGGCGATCATGGGGCGCGCTGCCGTAGGTGCTGTGGTCGTGGTGCGGGTTGCCGGGAGGCGGGCGTCGCCGGCCGCCGAGGACCAGGCGCGGGCCGCCTGATGTGCGATGCCCGTCGTGACCGCCGGTCGCCCGTTGATCGCTGCGGCGCCCTGCGCGCCCGTGGCCGCCGCCGCGGCGGGCGAGCCGCCGGTGGTCAGGAAACCCGTGGTCAGGAAGCCACTGGTCAGGAAGCAACTGGTCAGGAAGCAACTGGTCAGGAAGATCGCGTGCAGCAGGAACAGCAGCGCGGCGGTCGGCCTGCTTCGCACGATCCCTCCCTCCCGTGACGGCCCGGTCTCAGGTCACCGTAGCCGCTCCGGCCCGGACCCGCCGAGTCCAGTAATTCCGGACTGGAGCGAAAAATGCAGCGATCTTCAGAAATGGGTGGAAATAAGAGGAGAAACGGGCAACAGAAAACGTAGATGACCGTTTCGAGAAGGTGGGCTATGGTCGGTCTCATGGCGACCTCACGACGTGACATGTGCGGGTCCACCGCCCTCACGTGGGTGGTGGGCCTGCTGATGCTCGGGCTCGCCCTGGTCGCCTCCACGCCCGCCTGGTACGGCGGCGATCCCGCGCAGCGCGCGCCCGAGACCGCCGCCGAAGTGTGGACGCCCGGGGCGTGGTCGCCCCAGTCCGCCACCCTGCCCGCGGGCGCCGGCTCAGAGCACATGCCGCTGTCGTCGCGGCTGCGGAGCACTGTGGCCGCGGTGGCGGCTCCGGCGCCCGCCCCGGCGCTCGTCCGGCATGACGAGGACGTCATCCTCAGCCCGCAGCAAACCGGGCATCGCACGGTCGGATCACGTAGCCCACCGCTGGTCTAGAACCCCGGAGCACGCCGAGCCGCGTCCTCGTCCCGGCCCGACCCGGTCTCGTCGCCGAGCCGT
NZ_CP109552.1_gap147	5577683	5578834	1151	AAAGCGGCTACCTCGTCGGCGCCCTCGCCCGCTACGCGCTTAACGCGGCGCGGCTGTCCCCCCTCGCGCGGGAGGCGGCCGCCGCCGCCGGCCTCGGGCCCGTGTGCCGCAACCCGTTCCGGGCCATCGTCGTACGCGCCGTGGAGATCGTGCACGCGTGCGACGAGGCGCTGCGGATCCTGGACGGCTACACCGAGCCCGACCGGCCCGCGGTGCCGGTCGAGCCGCGTCCCGGCGTCGGCCATGGCGCGTCGGAGGCCCCGCGCGGCACTCTCTACCACCGCTACCGGCTGGACGAGGACGGCCTCGTCGCGGAGGCGGACATCGTGCCGCCCACCGCGCAGAACCAGGCGCGCATCGAGGCGGACCTGCGTGACCTGCTCGCGCCTCGCCTCGCCCCGGGTCTCGACCCGCCCGAGGCGGAGCTGGCCGTCCTGTGCGAGAGGGCGATCCGGAACCACGATCCCTGCATCTCCTGCTCCGCCCACTTCCTCGACTTCCGCCTGGATCGCGGGTGAGCGCGGGAGAGACGGTCGTCGTCGGCCTGGGGAGCGACCTGCGGGGCGACGACGCGGCGGGCCTGGCGGTGGCCCGGCTGCTCGCGGGCCTCCACGGCGACGCGCCGCCACCCGGCGTCGCCGTGGAGGCCTGCGGGGACGCCGCCGCGCTGGTCGAGGCGTGGTCGGGCGCCGCACTCGCGATCGTGGTCGACGCCGTCCGCACCGGCGCGCCCCCCGGCACCGTGCACCACCGCCTACCGTCGCTCCCGGTGCCCCTCCCCGCGCCCCTCCCGGTGGAGGGATGGCACGGTGGCACCCACTCGCTCGGCCTCGTGGACGCCGTCGACCTCGCCCGGGCCCTCGGCCGCCTGCCGGGAGAGCTCGTCGTCGTCGGCATCGAGGGCGGCGACTTCACACCGGGGGCGCCGATGACCCCGCCCGTCCTGGCCGCGGTCCGCCGTACGGCTCGTGAGCTGCGGGAACGGCTGTCCCGGGAGCGGCGTGCCGGACGTCGAAGGTGATCCGCGGCGGCACCCGCAGCGTGGTGTAGAGCGCGCAGTGCTCCAGGACCGACAGGAGCGAGGCCCGCAGGCCCTCCGGAAGGCCGGGGGCCTCCACCGACAGCTCCACGCGGTCGATCCGCCCCGGGCA
NZ_CP109552.1_gap148	5684868	5685644	776	ACGACGCCTTCGCGGTGGTCCGCGACGTACACGACCGGCCTGGCTTCTACGGCGGCGACGCCGGCCGGGTCGCGGTCGTCGGCGACAGCGCCGGCGGCAACCTCGCGGCGGTGGCCGCGTGGCTCGCCCGGGACGCGGGCCTCCGTCTCCGCCACCAGGTGCTGATCTATCCGATCGCCGACGTCGCCGGCGACACGCCCAGCTACCGGGCGAACGAGAAGGGGTTCGGGCTGGAAGCCGCGGAGATGAGGTGGTTCGTCGAGCAGTACGCGGGCGGCGCCGATCCGCGCGACCCCCGTCTGGCGCCGCTCCACCTGCCGGACAAGTCGGGCCTCGCGCCCGCGACGGTGATCACGGCCGAGTACGACCCGCTGCGCGACGAGGGCGCCGCCTACGCGCGGGCGCTCGCGGAGGCCGGTGTGCCGGTGGAGCACCGGTGCTTCGAGGGCGCGCTGCACGGCTTCCTCGGCCTGCCCGGGTTCTTCGACCAGGCGGTCGAGGGCCGCGACCTCCTCACCGCGCGCCTCAAGGAGGCGTTCGCCTGACCCGCGCCCCCGCGAGCGCTCAGAAGCTTCTCGGCAGGCCGAGGACCTGGGTGGCCAGGTGGTTCAGCAGCAGTTCCTCGGTGACCGGGGCGATCCTGCCGATCCTGGCGTCGGCGAGCAGCCGGGCAACGGGATACTCCAGGGAGTAGGCCATGCCGCCGTGGGTCTGGAACGCGGCGTCCGCCGCCTCCCACGCGGCCCGCGAGGCGGCCAGCTTGGCGATGTTGGCCT
NZ_CP109552.1_gap149	5716574	5719284	2710	TCGTGGAGGCGATCTGCACCGCCACCGCGGGGTTGACCGACGACCAGGCCACGACCGCTGAGCGGATTCTGCTGGAGTTGGCGAACTCGGCGGGTGCGGCGGAGGTGGCCAAGGCGGGGCGGTACCTACGCGCGGTGCTCGACCCTGACGGGCATGAGAAGGACGAGCAGGCGGACTTCGATCGCCGGTTCTTCCGGGTCCGCCGGCGTAGGGGCGGCGGTGTGGAGGGGGAGTTCTACCTGCCGGTGGAGGCGGCCGCGCGGTTGCGGCACATGCTGGACGTCTACGCCAAGCCGAAGGCGGAGGGTGATGACCGGCCGTTGAGTGTGCGGAACGCGGACGCGTTGATCGCGTTCTTGGAGAACAAGATCGTGACTGAGCTTCTGGTGCTGGTCAACGCCGAGTCTCTCCCCGACGACCCCCCGAGTGGCACTTTCTGCGACGAGGGTGAGCCCACCGTCGACGACGGCGAGCCCACCATTGAGGAGCCCGCCGACGGAGAGCCAGAGCCCGCCGACGAGCAGTCGGAGGGTGCGGAGCCGGGCACACGGCCACCGGCCGTCAGCCCCGAACGCACAGCCACCAGCCCCGAACGCACAGCCACTGTGCCCCCGGGGGGCGGTGATCGCTCAGCCCACGAGGACGGCTGCTCGACCGTCGCGCCCTCCGCAGGAGACGACACCTCCCCTGCCGCGCCCAGTGCCGCCTCCCATGCCCCCTGCCGTGCCGCCTCCGGTGCGGGTGCGGGTGCGGGCGCGGGCGCGTGTGGGGGCGCTGACGGGCAGGAGCCTGTCACCGGCCGCGCGGCCGCCGGTAGCTCGCCCATGGACGGTCCGGCTGCCGCCTGGCCGCACTTCGACCCCACCGGCAGCCACGAGCGCGGCCACGAGCACGGCCACGAGCGCGGCGACCTGCGCGACTGCGATGACGTCCAGCAGGGCCACGCCAACGACCACGCCGACGACCACGCCGACGACTCTGACGACGACTCTGACGACGACTCTGACGACGACCCCGGCACTCAGGAAGAGGGCATCGAGCGAGGACACCGCAGAAACCGAGCGCGGCCGCAGCAGGCACCCCCGCAGCAGGCACCCCCGCAGCAGACGCATGCCCCTGATCCCCCACCCGAGCCCGACGCCCCGCCGGATGCGGAAGGGAGCGCCTGCCCGGGAGGCGACGCCGGGGTGGGAGGCGACGCCGGAGTGGGAGGCGACGCTTGGCCTGGCGGTGGCGCCTGGCCGGGCGGTGGCGCCTGGCCGGGAGGCGACACCTGGGCGGGGGTGGGAGCCGACGCGCCGCCGGGAAGCAGTCCGCCGGGAGCGGGCGGCAATGCGCCGCCGGGGGTGTGGTTGCGGGGGTTGCCGGGGCTGATCCTGGCGACCGGGCACCTGCTGCCCGTCTCCAGCGTGCACCGGCTGGCCCGCAGCAGCAGCCTGGTGAGGATCGTCATGAACGCCGCCGGGCAGGTCCTCGACATGGGCCGCAAAGTCCGCCTCGCCACCCCCGCCCAGCGCCGGGCGGTCTTCGCCCGGTACGCCACCTGCTGGGTCGACGGCTGCCCCCTGCCCGCCACCATGTGCCAGATCGATCATTGTGACAACTGGTGCAGCGGCGGGCTGACCGACCTGAAGCTGCTCGGGCCGGCCTGCCAGTTCCACAACCGCGACCGCTACCGCCACCCCACCCGCTACACCCGCCGCAAGATCGGCGACGACCGCTGGGCCTTCGCCTACCGCAACCCCCGAACCACCCGGAAACGCGAATGAGACACGGGACAGGCCAGGGGCCGCGGGAGTCCAGCCGATGCGAGCCGATGTCAGCGCGGCGGGACGCCGTCGCCGAACTATGAACCGGTCTGACCTTACTTCGTAAAGTGGCGGGCTCAATAGACTGGCAACGTGACAGCGCCGTACCGGACGATCAGAACCGTCGTCGAGCATGAAACCGAGATCCGCCGCTCCCGCTTCATCTGCGCCCTGGCTCCGGTGGACGGGGAGGAGGCAGCACGGGAGTTCATCGCCGAGCGTAGGAGACTGTACGCCGACGCCAGTCACAACTGCGTGGCGTACGTGATCAGCGAAGGCGGCGGCAGCAGAGGGGTGCGCCGGGCGGACGACGACGGTGAGCCGGGCGGTACGGCGGGCACGCCGATGCTGGAGATGCTCACCCGGCGCGGATTCGCGGACGTGGTGGCCGTCGTCACCCGTTACTTCGGCGGGGTGCTGCTGGGCGCCGGCGGTCTCGCCCGCGCGTACGGCGGCACCGTGGGGGAGACCCTCGACCGGGCGCAGGTCGTCGATATGGTTCCCGCGGCAGTCGTGACCGTGTTGGTCGGCCACGCCCAGGCCGGCAGGTTGGAGAGCGATCTGCGCGCCTCGTCGTACGCGGTGCGCGGTGTCGACTACAGCGTCGACGACGGGGACGGCCATGGCGCGCGGGTGGCCTTCGAGGTCACCGTCGCCGAGGATCGGCTGCCCGCCTTCGAGGAGTGGATCGCGGCGGTCACCGCCGGACGGGCCGAGACGGCCCTCGGCGAGACCGTCCACCTGGCCCGCTGAGGCCCACCGGTCACCGCCGCAGCTCACCCCTCCAGGGCGTACTGCATGACGCGGAGCTTGGCCTGTGCCTCGGCGAGTTCCATGGCCGGGTCCGAGCCGGCCATGATGCCGCAGCCGGCGAACAGCCGGGCGTGCCTGCCGGAGATGTA
NZ_CP109552.1_gap150	5722548	5725013	2465	GGGCGCGCAGGGCGGCGTCCATCACCTCGTCGCCGCGGCCCAGCTGGGCGACGACCTCGATGTCGTCCTCCAGGCCGAGAAGCAGGGCCAGCGCGCCACGCATCATGCCCTGGTCCTCGGCCAGCAGCACCCTGATCACGCCTGCTCCCCCTTGTCGTACGGCACGGCCTTGTCGTACGGCACGGCCACGCGGAGCAGGAAGCCTCCGCTCGGCGGCGCGGCGATCTCCAGGCTGCCGCCCACGGCCCGGACCCGTTCGCGCAGCCCCGTCAGCCCGTTGCCGTGCCCGGGGGCCTTCTCCCGGGCGGGGCCGTCGTCGCGGATCTCCAGCAGCAGGCGGCCGCCTCCCTCGACCAGATCGATCTCACAGGACGCCGCGCCGCTGTGCCGTACGACGTTGGTGACGCCCTCGCGTACGGCCCAGCCGAGCAGCGCGTCGATCTCCGGAGCCGTCCGCACCGGGCAGGTGCGGACGACGGCGCCGATGCCGGCGTCGGCGAGGACGGCCTGGGCGGTGTCGAGCTCGGCCGGCAGGCCCCTGCCGCGGTAGCCGGTGACGGCGGCCCGCACCTCCGCCAGCGCCTCCCGCCCGATCCGCTCGATGTCGGCGGCCTGCGCGGTGGCCGCCTCCGCGTCCACCCGCGTCAGCCGGCGTACGGCCTCGGCCTTGACGACCATCACCGAGAGGGTGTGGCCGAGCAGGTCGTGCAGGTCGCGGGAGAAACGCAGCCGTTCCTCGGTGACGGCGGTGCGCGCCAGCTCCTCCCGGGTGGCCTTGAGCTCGTGGATGGCCGACCACAGCCTGACGATCATGGCGGGGATGAGGCCGGCGGTGAACGTGCCCCAGACCAGCGGGGCCGCGTCGGTGAGGCCGGCTCCGCCTCGTACGGCCAGGATCAGGGCGGCCGCGCACTCCGCGAACAGCAGCAGTGGCAGTATCCGGCCCTGCACCGCGATCCCGGTGGCGATGGCCAGCATGATGACCAGATAGAGCCAGTTGCCGCCGAACCCGGCGGCCGCCGCGAGGACGACGGCCGCCAGTAGTGCGAGCGACGGCAGGGCTCGCCGCCGGTCGGCGAAGGAGTAGTGGGTGGTGATGAAGTACAGCCCGGCCGCGGCCCCCACCGCCGGCCACGCCAGCCAGAGCGGGTGGGACCGGCCGTGCGCGATGTCCCACACCGCGCCCGCCGCCAGGACCACCCAGAAGAACATCCCTTTGGCGTCGGGGCCGCGCTCGCCCTCCCGCAGGGGATCGAGCCAGATGTCGCGTTCGGTCGTCATGGGGAGTGTCAGGGTATCCTGGAGATCAGGCCCGGCGCCCGGCGCGGCGGTAGCCGTACATCGCGTAGGCGGCGAAGGCGAGCAGCCACGCCCCAAGGATCGCGGCCTGCCGGAGGGTGGGGACGTCGCCGAAGGCGACCCGCCAGGACAGGCCCGCGTAGCTGTTCGACGGCGTCCAGTCGGCGATCGCGCGCAGCCAGGAGGGGAACGTCTCCGCCGGTATCCACAGGCCGCCGACGATGGACAGGGTCAGCATGGTCGCGACGTTGGCCACCGCCGCCGTCTGGCCGGACAGGCGGTAGCCGTTGCCGAGGCCGAGCAGGGAGAACGGCACGGTCCCGGCCCACAGGAGCACGATGATCGCCAGCCACCGCTGCGGCGGGAGCGTGACGTGGTTGACCAGCACGCCGGCCAGCAGCACGGCCGCGATGCTCGGCACGACGCCGACGACCCCGGTCAGCACCTTCCCCGTGACGACCTGCGCGGGGGTCAGCGGAGTGAGGCGCAACTGACGCAGCCATCCGGTCGCGCGGTCCTCGGCGATGCCGCTGCCGTTGTTGAACGCGCCGCCGAGCGCGCCGTACGCCGCCATGCTGACCATCGTGTAGATCGCGGCGTCGTGGCGGTCGCCGGGCGCCAGGCCGAGGTTGGTGAAGATGACGTACATGACGACCGGCATCAGGACAGCGAAGATCACATAGCCGCCGTCGCGCATGGTCCTGGTCAGTTCAAGCCGGACGTATCCCCACATCACACGTTCTCCTTGCTGGCTGGGGCGGGGGCTGGGGCTGTGCTGGTAAGGGCGACGAAGGCGTCCTCCAGGTCGGCCGGGACGACCTCCAGGTCGCGTACGGCTCCCGCGCGGGCAAGGGCCATGACGGTGGCGTCGGAGTCGCCGCTGCGCAGGTGGGCCCGGCCGGCCCGGATCTCCATGTGACGAACACCGGGCAGGGTGGCGAGCCAGGAGGCGTCGCCGTCGATGGTCACGCGGACGGTGGTCAGCGCCGCCGCGCGCTTGATCTCCGCGCTGGTGCCGTCGGCGATCACGCGGCCGCGGCCGAGCACCACGATCCGGTCGGCCTGCTCGTCGGCCTCCTCCAGATAGTGCGTGGAGAACAGGATGGTCTTGCCCTGGTCGGCGAGCCCGCGCAGGCCGGTCCAGAACTCCCGCCGGGCCGCGACGT
NZ_CP109552.1_gap151	5753282	5757292	4010	GGCGTCGCCCGCAAGAGTCTCGCGGACGGCATCCACGTCGAACACCTCGGCCGGATCCGCGGCCGGTGCATCGTCGAAGCCGAGAGCCCGCAGATCTGCCTCGGCCGCGGCATCGAGATCCATGCCCGTGCTCTCGGCGACCTCGGCGTCGATGAGTTCGAGGGCCTCGAAGGCGCCGCGCTCCAGGGCGCCCGTGACCATGTCGATCAGGTGCTCCTTGAACACCCCCCGCGCATGATTGTGGGCCAGGCCGCTCGCCGCCGCGGCTTCCCGCGCCGCCGCGACATCCGAGCTCGTCAGACGGACCCACTCCTGCCCTGCACGCACCGCGAACCCCCCGCCCGGTGCCTGCAGGGAGCGCACCAGGTCCGTGAGCGCTTCGGCCAGCGCTGAACCCCCCTTGAGGCGCGCGACATCAGAAGGCTCCGCAGCTGCGGGCGCCACCCCGGCCAGTTTCGCGCAGGTCGCCAGGAGCACATCGTTCTCACCGAGCGAGGGCAGCACCCGGGAGACGTAGTCGAGGAACCGCGCGTTCGGCCCGAGCACCAGCACACCGCGCGCGACGGCGCCCGGGAACGCGTACAGCACGTACGCCGCCCGGTGCAGCGCGACAACGGTCTTGCCCGTGCCGGGGCCGCCCTGCACCACCGTCACACCCCGATGCGGAGACCGGACGATCTCGTCCTGCTCCGCCTGCAGCGTCGCCACCGCGGCCCGCATCCGCCCCGTCCGCTGCGCCTCGAGTGCCTCCGCCAACGGACCGTCGCCGACGATGTCGCCGCCCCTGGGTGGGGATCCGTCCAGTAGCTCGTCGCTCACCGCACGGACCGCACGGTCCTCGACCCGCAGATGACGGCGCCGCCGCAGCCCCATCGCGTGGACGGCCGTCGCCGCGTAGAAGGGCCGCGCCGCCTCCGCTCGCCAGTCGACGAGCAGCGGCAGCTCCCGATCGCCCACGTGCAGGCCGAGCCGTCCGATGTGCAGGACGGTTCCGTCCGCGCCATCGATCCGGCCGAACGCCAGCCCTTCCTCGGCCTCCTCCAGCCGGCGAAGCCGACGCGCCAGACGCTCCGCTTCGACATCGCGCGCGTACACCTCACCCGCGCTTCCGGCCGGCGACCTCAACACGTCCGCCAGCCGGGCACGTACAGACGCCGATCGCTCATCGAGCAGCCCGTACATGGCGGCCACGTGCGCCTGCTCCACCTCAACCTGTCCTGCGGCATCCTCGTCGAACTGCGGCAACAGCAGTCCTCCTCTCGACTCGGCCCTCCACTATGCGGCCAAGTTTCCGCGAAAGTAAGGCTTGACTTACTTATCCTGGTCACCCGCCCAGGCGCGGTTCGTAGTCGTAGAGCCAGGCCGTGGCGCGTTCGTAGGCGAACGGGAAACGGAGTAGAACCCGGCGTACGCCGGTTCGGGCGCGGCCGGGTCGAGCACGCGCCGGGTCGCCGACCAGATGCCGTCGGCGCCTACTAGTACTGCATAGCTAGATCTGTAGGACCTGTAGGCGCAGGTGCCGCTTGAAGTGGTGCCTGCGCGCTCGGGCTTGGTGGCTCCGGCGCTGTTCCGACCAGTAAAGCCCGAGCTCAATGATGTGATCGTCGACGCGCTCACCGGCCTGCTGCTGCACGGCCTGGCCGGGCCCGGCGGTGAGCGCACCGGGCCCGGCCGCGGTTAGCCGGGCAGGGCGCCGGCGACGGCGGTCGCGTCGAGTTCGTCGCTGACGGTCAGGCGCGGCGTGAGCCCGGCGCGGGCGACGGCCTCGGCGGTCTCCCCGGCCTGGCCCCGGCTGGTCTCCACCAGCAGTTGGCCGCCGGGCGCGAGCCAGCGGGCGGCCTCCGCGACGACCCTCCGTACGACGTCGAGCCCGTCCGCGCCGCCGTCGAGGGCGACCTGCGGCTCGTGGTCCCGCGCCTCGGGGGGCAGCAGCCCGATCGCGTCCGTCGGCACGTACGGCGGGCTGGCCACGATGAGATCGACCCGGCCACGCAGGTCGCCGGGCAGCGGCGCGTACAGGTCGCCTTCGTACACCCGGCCGCCCGCCGCGGCGAGGTTGCGGCGGGCGCAGGCGACGGCGGCGGGATCGACGTCCACGGCGTGCAGCGTGATCGGTCCCACGGCGGCGGCCAGCGCCGCGCCGATCGCGCCGGAGCCGCAGCACACATCGGCCACGACCATCCCCGGCCGCGCCAGCGCGACCGCTTGACGGAGGAGGAAGGCGGTGCGGGGCCGGGGCACGAACACCCCGGGTTCGACGGCCAGCCGCAGGCCGCAGAAGTCGGCCCAGCCGAGGACGTGTTCGAGGGGCAGGCCGGCGACGCGCCGGTCCACCATGGCGTCGAGCTCGGCCGGCGTACGCGCCGCGGAGACCAGCAGACGGGCCTCGTCCTCGGCGAACACGCACCCGGCGGCGCGCAGCCGGGTCACGATCGAAGGCGGAGCGGGGGAGCGGGATGTCAGGGACATGGGGGAGCCTTCCGGAATGCGAGGGCGCTCCCGTGGTCGCCTTGTCTCTAGGGGGCCGTAGGCACGTGACTCGTACGCGCGTGGCCCCTAGGCGCGGGGGAGAAGGGAGCACCCGACCAGTTCAGCGGTAATGGGGCTCACCTCCTCGCGTCGTCGCCGCCGTGGACGGCACAGTATCAGAGCAGGCCTTCACCCCCCGCGAAGAGGCGGCCGAGCAGGCGCCGGGTTGATCATCCGCGTCTTCCGGCCCTAGGATCGCCGCCATGAAGTTCACTTCCTTCTTCCACCTCCGCTAGCCGCCGTCGGCGAAGCGAGGAACGACCCGTCGCCGACGAGGCGGGGCGGCGCTGTGCCGTCCCGGGCTGACGCGGGAGAAGAAGGATCACCATGCGCGTTCGCGCTGTCACTCTCACCGCTCCGCGTCCCAGCGCTCTCGCCGTCCCGTGACGGCGGCGAGCCTGGTGGCGCGGTGCGTTCACGGGCTGGAGCCGACGCTCGCCGCAGAGATCCTGCGGTGCGGCCTCGGAGTCATCACCCACATCGGGCATCGCGAGGTGCGCTTCCGCGCCTCGCGCCTGACCGCCCTGGGCCTGCGCACGGCGGACGACGTGTTCCTGCTGGCGGCGCAGGGCCCCGACGTCGGCACGACCCGGCAGGGCGCCGCCGCGCTCGCCGGGCTCGCCGGCACACTCGCGGGCACGGCCGACCTCGCCGCGCTGGCGCGGCTGCGCCGTGACCACGGCGGCCCCCGCGGGCTCACCGGCGTCGAGGTGTCGGCGTCGTTCCTGGGCCGGCGCACCTTCACCAGGTACGACGTGGAGGACGCGGTGGGCCGCGCCCTGGCCGGCCGGCTGGGGGTGGGCTACCACTCGCGGCGTGGCGCGGGCGCGCCGCCGCCGGGTCACAGCGGCTGGCGGGTCACGCTGGACGGCGAGCGGGCCACGCTCCTGCTGCGGATCGCCGAGCGTCCCCTGCACCGGCGGGAGTACAAGCGGCGGTCGGTCCCCGGAACCCTGCACCCCCCGCTGGCCGCCGCCATGGTGGCGATGGCCGGCGTCGAGCCCGGCGACACGGTCCTCGATCCCTGCTGCGGCGCCGGGACGCTGCTGATCGAGGCGGCGCGGCAGGGCCCGGCCACCCGCCTGTACGGGTTCGACCTGGCCGGGAGAGCGGTGACGGCGGCCCGGGAGAACGCGGCCGGGCTGCCCGTCGCCGTCGCCCGCGCCGACGCCGGGCGGCTGCCGGTGCGGGACGGCGTCGCCCAGCGCGTGCTGGCCAACCCGCCCTGGGGTGGTCAGGTCGCCCCCGGCGGCCTGCTCGCCGCGTCCCCGGCACGGTGGTGGGCGGAGATGCGCCGGGTGCTCGCACCCGGCGGGACCGCCGTGGTCCTGCTTCCCGGTGTCGGCGACCTGCCCCTCGCCATCCGTCAGGGCCTCACGCCCGCGCACCTCCAGCGCGTACGGATCGCCGGGGCGGAGTCGTTCCTCGTCCGCTTGACGGCGCCCAGGCCCGCCCGCGGGGCGGGGTGAGGCGGCCCCGGC
NZ_CP109552.1_gap152	5763495	5767236	3741	TCGCCTGGGGCACCAAGCTGGTCCTCGACGAGATCGGCGGCGACCACCCCCGGCCCGGGGTGACGGCGGCGCTCGGCGCCGCGCTCGCCGGGTGCGGGCTGCTGGCCGCGCTGGGGCCACAGGTCGTCCAGTACGTCAGGGACGAGAGCGGGCGCAGGGTCGGCCTCGTCGCCCAGGACCGCCTCTTCCGGGCCGTCGAACGGTTCACCGGCCTGGCCCGGTTCGAGGACCCCGCCTTCCTCGACCGGATCCGGATGGCCCAGCAGTACGGCGGGGCGACCCCCGGCATGCTGGTCTCCGCCGCGCTGGGCGCGGCCAGGACGGTCCTGACCGGCGCCGCCTTCCTCGTCTCCCTCGTGATGATCAACCCGTGGACGGCGGTCCTCGTGATCGTGGCGTCGGCGCCGTCCCTGGCCGCGGAGCTGTGGCTGTCGCGGCGGCGCGCCGCCATGCTGTGGGGCATCGGCCCGGCCGAGCGCCGCGAGGTCTTCTTCGGGCAGCTCCTCGTCGATGTCCGGGCCGCCAAGGAGCTCAGGCTCTTCGGCGTCGGGGCGCACCTGCGCGGGCTGCTGAACGCCCAGCGGCGGGTCGCGAACGCCGAGCGGAGCCGTACCGACCGGCGGGAGCTGCGCGTCCAGGCCGCCACCGGGACCATCGCCGCGCTGGCTGCCGGAGGCGGCCTGCTGTGGGTTCTGCTCGACGCGGTGAACGGCACGGGCGGGGCCGGCGACGTGGCGCTGTTCGTCGCCGCCGTCGCCGGGGTGCAGGCGGCGGCCGGCGGCCTCGTCCTCGAACTGGTCTCGGCGCATCAGCAGGTGCTGCTGTTCGGCCACTATCTCGCCGTCCTCGACGCCGGGCCGGACCTCCCGGTTTCGGACCACCCCCGGCGGGCGGGGCCGCCGCGCTGCGGGATCGAGCTGCGCGACGTGTGGTTCCGCTACTCGCCCGGCCACCCCTGGGCGCTGCGCGGCGTCAACCTGACCATCCCGTACGGCGCCTCGGTGGCGCTCGTCGGCAGGAACGGCGCGGGCAAGAGCACGCTGGTCAAGCTCCTGTGCCGGATGTACGACCCCGAACGCGGCGCGGTCCTGTGGGACGGCGCCGACCTCAGGGAGATCGACCCGGCGGAGCTGCGCGCCCGCATCGGGGCGGTGTTCCAGGACTACATGGAGTACGACATGACCGCGGCCGAGAACATCGGCCTGGGCGATCTCGCCGCGATGGGCGACCGGGGGAGGATCGAGGCGGCGGCGCGGCGGGCGGGCGCGCACGGCGCCGTGAGCCGCCTGCCCCGGGGGTACGACACCATGCTGTCGCGCATCTTCGCCGATCCCGCCGATCCCGACGGCTCCGCGGAGGGCGGCGGGGCGGGCGTCCACCTGTCGGGCGGGCAGTGGCAGCGGCTCGCCCTGGCCCGAGCCTACCTGCGGGGTGAGCGGGACCTGCTGATCCTGGACGAGCCCAGCTCGGGCCTCGACGCCGAGGCGGAGCACGAGATCCACCAGGGGCTGCGGGAGCACCGCCGGGGCCGTACGAGCGTGCTGATCAGTCACCGGCTCGGCGCCGTACGCGACGCGGACCACATCGTGGTCCTCGACGGCGGGCGGATCGCCGAGCGGGGCACGCACGCCGCGCTGCTGGCACGCGGCGGGATCTACGCCCAGCTGTTCGCCCTGCAGGCGGAGGGATACCAGCAGGGGGACGACCCGGACGCCGACGCCCCGCACCCGCGGCTCTCGGAGGCCCGATGACACCGGTCCCGTTCATGGTGTCCGCGGCGTTCGCGGCCGTGCTCGCGGCCGGGGCGGTGACGGCGGTCAGGCGGGCCCTGCGCGTCGTCGAGGTCCACGGGGAGAGCATGCGTCCCGCTCTGCGGCCCGGCGACCGGGTCCTCGTACGGAACCTGCGGCCCGGCCGGGCGGGGGCGCGCGTCCGGCGGGGGGACGTCGTCGTCATCGCCCGCGTGGGCCCGGGGGAGGGCCTGACGCTCGACGGCGGCACGAACCTGGTGATCAAACGGGCGGCGGCCGTGGCCGGGGACCCGATCCCTCCCGGGTTCGAGACCCATGCGGAGGTGCCTAGAGAGGCGCCCGGAGAGGCGCCGGGGGATGCGCGCGTGCCGCCGGGGCGGCTGCTCGTCCTCGGCGACAACCCGTCGCGGAGCACCGACTCGCGGCAGTGGGGCCTCCTGCCCGAGAGCAGGATCACCGGTGTCGTGCTCCGGCGGCTCAACGCGTGAGTCGCGAACCCGCCATGCAAGCGCCCGTGTGAGTGACAAGGCCGCCGAGGTCGGCCCGCCGTTCCGCCGCGTCCACGAGGCCGCCCTTCGCCGTTGCGAGGCCCTCGCCGATTTCCGGCGATCTGGAAGGCTGGCGGTATGTGGACGGATCGAGTTCGCCTTCTGGACGACGTCGCGCCCGCCGACTGGATCGCGGGGCGGCTGACCGGGCCCGGGGGCACGGTATTCGGCACTGTGCCCAGCGGGTACGCGGCGTACGCGCGGGTGCTGCACCCGGCCGACAGCGAGAGCGGTGAGCCGGTCACGTGGGCTCGGGTCGCCGAGGTCACGGGCCGCCGGGTACACCCGGCGGCCCGGTGGCACACGCTCATCGACGCCGCCGGCCCGTACGGCTCCTGCTCGGAGCTGTGGCCCCATGGCGGCCCTGAGGTGGGAAATCTCCCCCTGGCGCAACTGCGGGCGCTCTGCGAGGCGCTGTCGGCCCACACCACGACCCCCGGCGACTGCTTCTTCGCCCTCTGGGAGGGATGGGGGCATCTCAACGGCGGCAGGTCGCTGCTCACCCCGGAGGGCGGCGAACCGGTGCCGCCGCTCCTCAGCCCGCAGGAGTGGGCGAGCCCGCGGCTGCGGCTGCCCGGGCGCGACTACCTCCTCCTGCGCGGCCCGCTGCCGGCGGTGACCGACCTCGCCCGGTACGACGGCCCCGAGGTGTGGTGGACACAGTCGCCGAGCCTGTTCTGGCCGGCCGACCGGGCGTGGTGCGTGGCGACCGAGATCGACTTCGACTCCACGTTCGTTGGCGGAAGCACCGCGGCGATCGGTGCCGTGCTCACCGCGCCCATGCTGGAAGCCTGGCCGATCGCGCGCGGTCGATCACCGTTGTCGTGCCCCGGCGGCTGAACGCCTGAACCGCGTGCCCGGCCATACAAGCGCCCGTGTATCGGAGTGGTATCGCCATGATCGGGGCCGCCCCTAACGTCGGTGGACAAGAAGTCCTTTCACCAGAAGGAGACGATATGACGCGGACGATTCAGCGGCTGGCCGACCGGATGGTCGCCCGCCTGGTCCCGGCCACCAGGGCGGAGGCGGTCAACTGCTGGAGCGAAGGCGGGCCGTGCACCAGCCGCACCTGCTGCAGCGGGTCAGGCATCCCGAGCGGCTACTGCACCCCATGGAGCTACCACTGCTCCTGAACGACCACGCCTGAACGAGCACGGCGGAGCGCCCCCGGATACGGGGGCCGGGGCGCTCCGCCGCCGTCACCTGGTCGCGGCGATCTCCATGGCGTACAGGCGCGTGAGGCCGTTCATGCGGTAGCGGCCGGGGGCGAGCGGCTCCATCAGGCGGAGATCGGCCAGCCTGCCGAGCGCCGCCGACGCCGTAGGCCGGTCGCAGCCGAGAAGGCCGGCGGCCGCCGCCGGCCCGCAGTCGGCCAGGCCGCGCTCGCCGAGGCGGTGGAACAGGGCCAGCGCGCCGCGGTCCGCCGTCCCTCCGGGACGCCG
NZ_CP109552.1_gap153	5771853	5776697	4844	CTTGACCGTGCCGACGCTCATGTGGAGCTCGGCCGCGATGTCCGCGTTGGACCTGCCCCGGCCGACCGCGGCGGCGACCTCGCGCTCGCGGTCGCTGAGCCTCGACAGCAGCCTGCGCGCGTCGTCCCGGCGGCGGTCCTCCGTCTCGGGCGCCAGGTGGGCGATCAGGCGCCGGGTCACGCCGGGCGACAGGATCGGCTCGCCCGCCGCCACCCGCAGGACCGCGTCCACGATGCCCTCCGGCGGGGTGTCCTTGAGCAGGAACCCGCCGGCCCCGGCGCGCAGCGCCCCGAAGACGTGCTCGTCGGCGTCGAACGTGGTCAGGATGACGACCTGGGGAGGGTCGGGCCGCCGCCGCAGCAGTCGGGTGGCGTCGATCCCGTTCAGGCCCGGCATCCGGATGTCCATGAGCACCACGTCGGGCGCGTGCGCGTCGACCGCGGCCGCGACGTCGGCGCCGTCGGCCACACCGCCCACCACGACGAGCTCGTCGGCGCCCCTGAGCATCAGCGTCAGACCCGCCCGCACGAGCGGGTCGTCGTCCACGACCAGCACGCGGATGGCGCTCACACCGGCCATGGTAGCCAGACCGCCAGCCGGAACTCGCCCTCGTCCACACCCGCCCGCTCCACACCCGCCCCCTCCACCCGGCCGCCCGCCAGCTCGGCGCGCTCCCGCATCCCGGCCAGGCCGGCGCCCTCACCCGCGAGAGGACCCGCCACAGAGGCGGAACCGGAAGCGGAACCGGCGGCGGACGTCGCGACGGGGTTGCGCACCTCGATGGTCAGCCCCCGGCCGGGAGCGCCGTCGAGGCGTACGGTCACCGGCCGGCCGGGGGCGTGCCTGCGGGCGTTGGTGAGGCCCTCCTGGACGATCCGGTAGGCGGCCCGCGCCGTCGCGCCCGGCAGGCCGGGCAGGCGCACGCCGCCGTCGTGCACGTCGACGCGCATGCCCGCCCGCCGTACCTCCTCGACCAGCGCCGGCAGGTCGAGCCCGGCCAGGACGGGCGCCTCGCGCAGGACCGAGATGACCTGGCGCAGCTCCTGCAGCGCGTGGTGGGCGCTGGAGCGCATGACCGCCGCCGCCTCGACCACCTCGGCGGGGTCGGCCCGCGCGTTGAACTCCAGCGCCCCGGCGTGCAGCGCCAGCAGCGACAGCCGGTGCGCCAGCACGTCGTGCATCTCGCGGGCGATGGCCAGGCGCTCGGTGTGGCGGGCCTGCTCGACGCGCCGCCGTTGCTCCTCCTCGGCCCTGCGGAGCCGCTCCGACAGTGACAGCACCAGCTGGCGGCGGGCCCGCGCCAGCATCCCCCATCCGGTCAGCGCCACCCCGAACAGCACCGCGACCAGCGCCCACACCGGGTACGGCGCGAGGCCCGGCGGCCGCAGCCAGAACCGGGCCAGCGTCGCCGCCACCCACGCCGCGCCCGTGACGATCGCCACGGCCGAACGCCGGTACAGGGCGGTCATCAGCGTGGCGATGCCGGCCGCGACCGACGCCGAGGCGGCGGGCACCGCCAGTGCCACGGCGATCAGCGCCGTGGTGGCCGGCCACCGGCGCGACAGCCACAGCGCCCCGCACGCCGCCGCGCCGCCGGCCGCGTCGGCGGCCAGGTGCCAGGCGGGCGCCGCGCCGAGATCGCCTCGCACGACGACCGCCGCCGCGGCCAGCGCGCAGGCGACGCTCCCCGCCCGGATCGCCCGGTCCCGCCGGGTCCGGGCCGGGCCGGGCCGTACGTCTGCCGTCACGGACGCCCAGCGTAACGACCGCGGGCCGGGCGGCGGCAGCAACCAAAGTCGACGCTGGGTTGTCACCTGGGTTGCCACGGGCGGGACCCGGGGCGGAAGACGCGGGTGGTGCGCGCGGCACACGCTGGCCGCATGACGGCGAACAAGACGCGCGGCCGCCTGGCCGCACTACTCCTCGCGGTGATCACACCGCTCGTGGCCGAGTTCACCCTCGGCAACCCACCGCTGCGCATGGCCTGGCTCCTGCTGCTGTGGATCCCGATCTACGGCGCGGGCGTCGTCCTGGTGCGCGAGCTCGTACGGCGGGCCGGGACGGGCTGGACCGGGGTGCTGCTGCTCGGCGCGGCGTACGGCATCGTCGAGGAGGGCCTGGCGCTGCAGGCGCTGAGCAGCCCCACGATGTACGGCGCCGCCGGGTGGGCGCCCCGGATCCTGGGCCTGAACAGCGCCTACACCGAGCTGCAGATCCCCTACCACGCGGTCTTCAGCGCCGCTATCCCGATCCTCCTGACCGATCTGATCGTCCCGTCCCTGCGCGACCGGCCCTACCTCGGCAGGCTCGGCACGTGGGTGGCCGGGGCGGTCTTCGTCCTCGGCGCGCTGCTGCTGCGGGTGACGGTCGTGACCTCCATCGACCCCGGCTATCAGGCGCCGCCCGCGGTCCTGACGGGCTGCGCCGTCGCCGTGGCCCTGCTGGTGGCGGCCGGGCTACGGCTGAAGTTCCGTCCGCCCGCGGGGACGATCGGGCCGCCCGCGCCCGCGGCGGCGGGGCTGTTCGGCGCGGTCGCCGCCTTCGCATACCTGGCCTTGCTGTTCCCCTTCGGCGGCGCGGCCCGGCCCGCCTTCACGCACGGCGGGTGGGTGCTCGTGCCCATGTCGGCCGCCGCCGTCGTGGCGGTGGCCGCCGCGTGGCTCCTGCGCCGGTGGACGGCGGGCGGCCGATGGACCGACCGGCACAGCCTCGCCCTGGCCTCCGGCGCCCTGGTCGCCCACACCGCCTTCGGGCTGATCTCCAACACCGACACGGGCGCCGACCGCGCCGGCCTGGCGGCCGTCGGCGTGGTCATGGCGGGCCTGCTGGCCGTGCTGGGCCGCTCGACGGCCCGCGCACAGGTGCTCAGCTGACGGCGCCCCAGGTGAGAGAGAGGCCGGTGGCGGCGCGTTCGGCGCGGATCTCCATCATGCTGCCGAGGATGGTGGCGTGGTCGGACACCACGGGGGTGGCGTCGAGCGTGTAGGTGATCCGGGTGCTGACGAGCACCGGGCTGCCCTGCGGCTCCTGGAGGTGGCGGGCGGCGGCGGGGTCGAGCAGCCCGGGCCGGACCACCTCGGAGGCCCGGGCGACCGTCACCCCCGCGTCGGCGAGGGCCGTGTAGAGGGAGACGGCGGTGAAGTCGCGGTCGCGGATCCGGTCGGCGACCGGCCGGCGGACCCAGGACACCTGGTGCACGGCGGGACGCCCCGCGAACTCGCGGACCCGCTCCAGTCGCAGGGCGGTGTCGCCGGGGCGCAGCCGCAGCTCCGCGGCGATCCGGGCGGGGGCCCGGCGCACCGCCCGCCCGGCCACCGCGGTGCGCACGTCGTGGCCCTGTTTACGCAGGTCGTCGACCAGGCTGCGGAGCGAGTCGAGCTGGTACGCCAGGTGGGGCGGGGCGACGAACGTGCCCTTGCCGGGCCGCTGCACGATCAGTCTCTCGTCGCTGAGCTCCCGCAACGCCTGGCGCAGCGTCATGAGGGTCACCCCGTAGGAGGCGCTCAGCTCCCGTTGCGGCGGCAGGGCCGCACCGGGCGCGTAGTGCCCCGACCGGATCTTCGCGGCGAGGTCGGCGGCGATGGCGCGGTATCTCGCCTCGTGCCCGGCGTCGTGGGTCGCCCGGGGGGTCAACTCGGGGGTCGCCTCGGGGGTCGCCTCGGGGGTCATCGTGGTCGGTCACACTCCTGGTCGAGGGCCTGCCGCAGGGGCGCGAGGAAGGCCCGCAGGTCGTCCGGCCCGGCCCCGTCGAGCACCCGCCGCATGACCGCGGCGCCGACCACCACGCCGTCGGCGTGCCGGCGGGCTTCGCGTGCCTGGTCCGGGGTGGAGATGCCGAATCCTAGCAAGACCGGCCGGTCGGTGACGCGCCTGATCCGCCCGCTGAGCTCCGCCGCCGAGGCGGCGAGGGCGGCCCGTTCACCGGTGGTGCCCATCAGCGACACCGCGTAGACGAATCCGCGGCTCCGGGCCGCGATCTGCGCCAGTCGCGGCTGCGGCGTCGCCGGAGACGCCAGCAGGACCAGTTCGATCCCGGCGCCGGCGGCCACGCCGGTCAGCTCGTCCGCCTCGCGCACCGGCAGATCGGGCACGATCAGGCCGCCGACGCCGGCCCGGCGCAGCGCGGCGCAGAACGTCTCGGGGCCGTCGTGCAGCACCAGGTTGTAGTAGGTGCTGACGACCAACGGCACGCCCAGGTCCGGCAGACCAGACAGATCGGACAGGTCGGCGAGGATCCGGCGGGTGCTCGCCCCCCGGGCCAGTGCCGTGTCGCTCGCCCGCTGGATGGTGACGCCGTCCAGCGTGGGGTCGGAGAAGGGCAGGCCGACCTCGATCGCGTCCGCCCCGGCGGCGGCGAACGCCGGCAGGTACTCCGTCCAGCCGGACGTGATCCCCCCGGTGACATACGGCATGAGCAGGCCGCGGCCGGTGTCCCGGCGGGCGCGCAGGTGGCGTTCGACCGCGCCCGCGGCCAGGGCGGGGTCCGCTCCGGGGTCCGTCCTGGGGTTGGTCCTGGGGTTCGTCCTGGGGTTCGTCCTGGGGTTCGTCCTGGGGTTCGTCACAGCAGCTCCTTCAGGGTCGAGACGTCCTTGTCGCCGCGGCCGGACAACGTCATCAGCACCGTCGATCCCGCGGGCAGGTCGCCGTCGCCCGCCGCGCGGATCACCCAGGCGAGGGCGTGCGCCGATTCGAGTGCCGGGACGATGCCCTCGGTGCGCGCCAGCCGCACCGCCGCGCGCACGGCCTCGTCGTCGGTCACGGTGACGTAGCGGGCCCGGCCCAGGTCGCGCAGGTGGGCGTGCTCCGGGCCGACTCCCGGATAGTCGAGCCCGGCGGCGACGGAG
NZ_CP109552.1_gap154	5789735	5792655	2920	GTCCCGACACCATCATCACAGGGCCAGCCGCTGTTCCGGCGGCCGGTAGCCTCGTGATCAGCCGACGGCCGATATGGTTCCGCAGCGGCTGACCTGTGCTGGTCTCGTGTCGTGCACGGTCAGCGGGCTGGTGGTCATACGGCAGGAAGACCACCGCGGTGCGGCGTTCCGGGCGCTATCGGTGGCCACCCACAACCGGTTCGGCGCGGGTGCGGCGAAGTTTCGTTCGACCAGGTCGGCCGAGCGTGGGCCCTGCGGCTCGGTGCTGAGTTATAGGAGCTCAGGGCCGTGTCGGCTCGCTGACGCCACTGACCGTTCCGTTGTCGGTCAAGCCCCGTGTCCGAGGTGAGGGCTGGCGAGACTCCGTCAGCCCGGGGTGAGGACGCAGAACTCGTTGCCCTCCGGGTCGGCGAGGCACATCCAGGACACATCGCCCTGGCCGACGTCGGCGAGCGTCGCGCCGAGGGCCTCCAGCCGAGCCACCTCCGCCGCCTGATCGTCACCGCCGTACGGCTTCACATCGAGATGGGCGCGGTTCCACACGGTCCTGCCGCCGGGCGTCGTGCGGAGGAACTCCAGGTACGGCCCGACACCCTTCGACGAACGCAGCACCGCGTGATCGTCGGTCACCTCGTGCAGGGTCCAGTCCATCGCCTCGTCCCAGAACCGGGCCATGGCCCGCGGGTCCGCGCAGTCGACCACCACCACGGCGATCGGCCCGGTGTCCCGGTACTTCTCCCGAGGCTCCAGCACACAGAACACATTGCCCTCCGGGTCGGCCAGAACCGTCCACGGGACGTCGCCCTGGCCCACATCCGCGGGCGTCGCACCGAGATCCTGCAGACGCGCGACCAACTCCGCCTGATGGGCCACAGAGGTGGTGGCGAGATCCAGGTGCACGCGGTACCTCACCGTTTCCGGGTCCGGGACGGCGACGACGTCGACGCAGACGGCCACCGGGTCAGGCCAGGTGAAGCCCAGCGGTTCAACGTTGGTCACACCGGGTCCCTCGCTGGAGACACCCCAGCCGAGCGCCTCCGCCCAGAACCGGCCGAGGGCCGAGTCATCCCGAGCCTTGAAATTCACCTGAACAAGCCGCAGCGCCATGCCGCCCAACCCTATGCCCAGGAGGATGAGCGAGGGAGGGGCCGCGCTCCAGGCGGGGGGTTCCGACATCCGTGATCATGGCGGCCGGGAGGAGGACGTTTCCCGGTTGTTGCCGATTGTCGGCCTTGCTGTTTCGCCATGGACACATCGTCAACTGTTCTGGCCAATCCACCGACAATTCGGTCGTTGTCCCAGATGAGGCGGCGTTGCGAGGGTTGAGGACACGAAACAGCAGGTGCCTACGGGTGACTGCGCACAGCCGGCCTCCCCATCGCCACCGATCCCCCCGGAGGACCCCATGGAGAAAACGCTCGGAATCGCCGGAAGTACCCGTGGACGCCGAGATGTTCTGAAGCTGTTCGGTGCGGGGGCCGGGCTACTCGCCGCGGGCGGGCTGCTGTCGGCTTGCTCGGGCGGTTCCGCCACCACGACCTCCGCCGACGGAGCGCTGGAAATGAACGCCCAGCTCGGCTGGCTGAAGCTGGCCCAGTTCGGAGGGTTCTTCGCCGCCCAGGAGAAGGGCTACTACGCGGCCGAGAAGATCGGGGTCACCTTCACCGCAGGCGGTCCCAACATCCTGTCGTGGCAGCAGATCGCCTCGGGGAAGGCGTTGACCGGTGACGACGACAACACCAACGTGCTGGTGGCCGCGGCCAAGGGCCAGCCGTTGGTGATTTACGGCGCGATCTTCCAGACCTCGCCGTTCGCGATCCTGAGCAAGGCCGACGACCCGATCTCCAGCATCCAGGACTTCGCCGACCGTACGATCGCCGTAACCGAGGCCTCGCGCCAGCAGTTCGAGTCCCTGGTGAAGAAGGCCGGGGTGAAGGGCGTCACCTTCATCCCCGCCGGCACCGATCCGACGCAGCTGACCACCGGCCAGGCGTCCGGGTACTCCGGGTACGCCACCTCCCAGGCGGTGGCCCTGAAGCGGCAGGGCGTGGACGTGCACGTGCTGTACCTGGAAGACCTGGGCGTGCACAGCTACGGGAACGTGCTGGTGACCACCCGGGACAACCTGGACAAGAACCACGACGAGCTGGTCCGCTACCTGCGCGCGACGATCAAGGGCTACGAGTACATGAACGCCAACCCGGATGAGATCGGGCGGCTCGTGGCCACCAAGTGGAACACCAGCGGTCTGGACGCCGACAACGAGGCGGCCACCGCCGAATTCCAGAAGGATCTGATCACCTCGCCCAAGGGGGTGCTTCAGGTCGACCCGTCGAAGATGCAGAACATCATCGACGAGCTGGCAGCGGCCGGCACGATCAGCAAGAAGCCGAACGTCGCCGACGTGGTCACCACGTCCGTCCTGGACGCGGCGTACGGCGGGCGCACCTCGCTGCTGACCTGACGTCCGGCCCGCGGCACCAGGCCCGGCCTCGGCAGATCCGAACGACGGGCGAGACGAACTGCCCGGTTCGGCCGAGCAGCTCTCGGCCGGCGGCAGCCGAGCCCAATCCGCCGGCCCCAGATCTGTACCACTACGAGCGGAGTACCCCGTGATCATCGACGCCTATAACAACGTGTGGCAGGCCGGGGGGACCTCGGACTACTTGACCGCCGAGTCCTACACGCCCGAGAGCATGATCGCTTCGATGGACGCCGCCGGGGTCGACATGGCCGTGGGCTGCTCCCTCGGTCAGATGATCGACAACGCGTTCATCGCGAGGACCGTCGCCGCGCATCCGGACCGGATCGTCGGCTTCGGACAGGTGGACCCACGGCGCCCGGACGCGGTCGAGACCGTGCTGGCCTGTGGGCGCGAGTACGGCCTGAAGGGGCTCAAGCTGCACCCGACGATGCACGG
NZ_CP109552.1_gap155	5795885	5798125	2240	GCAGGCGATCCACCACACCTTCGCCCCGCCGGACGAGTACGCGGCGGGTGTCCACGCGGTGGTCTCCGCACTGGAGAAGGCGGGCCTGCGCGCCGAGCTGGCGCTCGGCCTCACCGACCAGAGCGAGTTCCTGCCCGAACGGGCACCCGCGGCCTGGCCGGGGGCCGAGCGGCTGGCGGCGCCCGAGCGCGGAGTGGCCCCCGCCGGCTTCCCCGGCCTGTTCGCCTCGACGGCCGCCGGCCTGCACGGCACCCGGCGGGTACGGCTCGGCGTCGCTCCGGTTGCGCCCCAATGGTGCTCGGACGCGGCGCTCGCCGCGCTGCGCCGCTGCGTCGCGGGCGGCCTCCGTGTCCACACCCACCTGCTGGAAAGCCGCCGCCAGCGCGCCTGGTCGGCGGAAGGCGACCCGATGAAGATGCTCGACCGCTCCGGCCTGCTCGGCCCGGAACTGTCGGCCGCGCACGGGGTCTGGCTGACCGAAGCGGAGATCAGGCTGCTCGCGCGGCGCGGCGCCGCGCTGGTGCACTGCGCCACCTCCAACCGCAGGCTCGGCTCCGGGGACGCGCCGGTACGCGCGTGGGTGGACGCGGGAGTGAACGTGGCGCTCGGCCTGGACAGCCAGCACGAGTCCGCGCCGGACATGTTCGCGGAGATGCGAGCCGCGCTGGCCACCGCCGAACGGGCGGGTGGACCGCTGACCCCGCGGGAGGTACTCAGAATGGCGACCGAGGGCGGCGCCGCGGCGACCGGCCACGCGGGGCGGCTGGGCCGGATCGCACCGGGCCACCGTGCCGACCTGATCGCGGTCGCGTCCAGGCCCGGACGCGGCGACGTGGCCGATCGGATCGTGTACGAAGCGGTTCGTGCGGACGTCGCCGACGTCTTCAGTGCGGGACGCCGCCTGGTGGAGTCCGGGGTCGCGTTGTGCCGGACCGAGACGGACGCCGCGCGGACGCGGCTGCGCGCGACGCTCGCCGCCGACCAGGCCGCGCGGGCCGCGCGGCTGGCCGCTCTCTCGGCGCATGAGGAGCGGTTGCGCGGCCTGCTCACCGGGGTGGAGGCGTGATGCGCGTGCTTCCGGTGCTCCCCGAACCCGTCTGCCGGGCCGGTGACCTGCTGGGCGAGGGGCCGGCCTGGGACCCGGTGACAGGCGCGCTGCTCTGGGTCGACGTGCTGCGCTGCCGGGTCTACCGGCACGTGCCGCACACCGGCGAGACCTCGTTCCGCGAGTTCGGGCACGCCGTCAGCGCGGTGCTACCGCGCGCAGGCGGCGGGCTGATCGTGGCCGCGCGCCCCGGCCTGATGCTGCTGGACGCGGCGGGCGTGCTGGAGCGGACGGTCGAGGTGCCGGGCGAGCCCGCGGGAAACCGGCTGGGCGACGCCGGGGTGGACCCGGCCGGGCGCCTGTGGTTCGGAACCCTCGACGCGGACCTGCTTCCCGGCCGCGGCGGGCTGCATCGCATCGCCCCCGGCGCGGCGGCGCCGGAGCGGATCCTGGACCGGACCAGCGTCGCCAACGGCATCGGCTGGTCGCCGGACGGCACCCGGATGTACTTCGTGGACAGCGCCACCCGGCGGGTCGACGTGTTCGACTACGACCCGGCGACGGGCACGGCGAGCGGCCGCCGCCCGTGGGTGACCGTGGAGGACGAGGCCGGCGTGCCGGACGGGCTCGCGGTGGACGCCGAGGGCGGGGTCTGGGTCGCACTCTGGCGCGGCGGGCAGGTGCGCCGCTACCGGGAGGACGGCGGCCACGACGCGACCGTCCCGCTGCCGGTGCGCCAGGTGACCAGCTGTGCCTTCGGCGGCCCGGAGCTGGACCGGCTGTACATCACCACGGGCCGGGTCGAGATGGACCGGCGGCGGCTGGCCGCCGAGCCCGAGGCCGGAGCGGTGTTCGCCGCCGACGTCGGGGTGCGCGGGGTGCCGGTCCCGCCGTACGCGGGCTGACGCGCGGCATGACCGGCGCGCGCGGGCCCGCCACGGGCGGGCCGCAGGACGGGACGAGGAGGGACGGACGATGACCATCGCGCAGGGGTTCGAGAGCTCCGACGCCGCCGGGCCGTACGGCGGGGCGAGCGCCACGGGACGGGACGGAACGCCGGACAAGGACGCCGGGAAGGGCGCGGGGATGGGCGGCGGGATCGTCCCCGGCGTCTTCCCCGGAGCGGAGTCGATGCGTCCCACGCTGCTCGGCGAGCGCTGGGCGGTGGTGGCCGGGCACCCGCTGGTCAGCCAGA
NZ_CP109552.1_gap156	5816584	5819442	2858	AGGCGCGCGCCGCCGCCGGCGGCAAAGAAGTCGTGATCATGGGAGGCGGCGTGATCGCGGACCAGTTCCTGCGCGCCGGCGAGGTGGACGTCCTCCGGATCCACCTCGCCCCCCTCATCCTCGGCGGCGGCACGTCGCTGTTCCCCGAGGGCATGCCCGGGTCCCTGCGGCTGGAGCCGCTCGGCTCCGTGTCCACCCCGGCCGCCGAGCACCTGACCTACCGTGTGATCAAGTGAGGGAAGGGCGCAGGGCCGGGGGTGTCCAGTCCCACAGGGGACCGAGCGTGCGCGGCGCGAGGCGCGACGGGCACGGAAGTGCCGGCGGCCAGGACGACCGCGTCTTCGATCGACTGGCCGGCGCCCTGACCGCGATCGGGGCTCATGGCGTGGGCGGCGTCGCCGAGCAGGGCGATCCGGCCGCTGGTGTAGGCGGGCAGGACTCGATCGTGGGGCTCGCGTCCTCGGAGCCGGGCCGGGGATCGGGAACGTGTTCCGCGATCCCCGGGGCGGGGCCGTCAGGAGGCGAGTTCGGCGGGGTAGACCGGGTAGCCGTACCCGGCGACCTGCCAGGCGGGGCGGGTGCGGGCCTCGACGGCCCCGTTACCGGTGTTGCCCTCAACGGTGCGGATGGTGCCGTCACCGTTGTCCTTGACGACGAAGCCGACGTGCTTGATGTCGCCGATGGCCTTGCTGCCGCTCCAGCTGAAGAACACCACGGCCCCGGGCTTGGGCGTACGGCCCCAGCGGCCGTGCTCGGCGAACCAGCGGGCGTGCTCCACGGTGTAGGCGTCGGCGCCCATCACCGGCTGGATGCCGAGCCGCTGGCCGACCCAGGAGACGAACATGTCGCACCAGGGGGCGTTCTCGTAGTCCCCCAGCGCCCCGCCGTCCCGCGCCAGGGTCTCCAGGGCACGCGGGCTGGTCATGTACCACTCCTGGAACTTGGTCCCACCGCCGGCGGCGTTCTCGCTGATGCCGACCTGGCTCGCGGCCAGCTTGATGACGTCCTGAGGGCCGACCTTGGGCAGCCGGGCGGCGATGTCGGTCAGGGACGGCGCCGCCGCGGCCGCGGCGGCCGGGGCCTTTCCGGAGACCGGGTTGTCCGCCGCCTGTGCGGCGGGCGGGGTGATCGCCACGGCCGAGGCGAGGACTCCGCCGGCCAGGGCCGTGCGCAGACAGGTCGTGAGGGCGTGCATGATGGGCGGACTCCCTTTGCTTCCATGCCACCGACCGGGTTAGCTGACGGGTTCGGGCTGGAAGTCGCCCTACGGCAGGTATGCCGATTCACCCCAGGAAGAGGTTGGGTCCCCGGTTCCGCTCACGCGGATTAGGCGGCCGGGCGGCAGGCCGGGATCGGCCGGCCGCGTCGGTGTGAGGTGGGCTTTCTTGACCACTGAGATGAGCAAGTACGCCCCGAGTTGCTCAAAAAGTAATAGACAAGCCCAAACCGGTCAAGTGATGACAAGACGGGTTTTACCTGGCGAGATGTCAGCCGAGCGGGCGCAGAGGGCGGGTTCGCCCGCCCCACCGGGGATGCCGCGCTCCCCTCCTTCCCTGCGTTCACACCCCTGTTCGCTCAGAGCGAACGCACCTCGCTCACCTGGGCAGACGTACGGTGACCGTCAGGCCGCCCTCCGGCCGGGCCCGGGCGTCGGCCGTGCCGCCGTGCGCGACCGCGATGGCGCGGACGATGGACAGGCCGAGCCCGGCGCCGCGGGCCGACCGGATCCGGTCGCCGCCGTGCCGCCGGAAGGGCTCGAACAGGTCGCCGACCTCGTACGGCGGCACCGGCGGCCCGGTGTTCTCCACCGTCAGGCACGCCCCGGCGTCGTCCTCGCGCAGGCGGACCCAGACCTCCCCGTCCCGCACGTTGTACTTGACGGCGTTCTCCAGCAGGTTGACCAGGCAGCGTTCCAGGAAGAGCGGGTCGCCGTGCGCGACCGCCGGGTGCAGGTCCTCGTGGACCGTGACCTTCCCGCGGCGCGGCTGCGGGCCGATCTGCTCCATCGCCGTACGGACGACCTGCCGCAGGTCCACCGGCCTGCGGACGGTGATCTCCTGTTCCGACTGCGCCAGCATGAGCAACCCGTCGATCAGCCGCTCGTACCGGGCGGTGGCGCCCAGCAGCGCCCGCGCCAGCGCCTTGAGGTCCTCCGACGCCGCGGGCTCCTCCAGCGACACCTCCAGCACCGTGCGGTTGACCGCCAGCGGGGTGCGCAGTTCGTGGGAGGCGCTGGCGATGAAACGGCGCTGGGCGTCGAAGACCCGGTGCAGCCGGTCGAGCATCGCGTCGAAGGTGTCGGCCAGCCGCTTGACCTCGTCCTGCGGGCCGCGCAGGGCGATCCGCTCGTGCAGGGTGCTCTCCGACAGCCGCTGCGCGGTCTCGGTCACCCGGTCGAGCGGGCGCAGCGCGCGGTCGGCCACCAGGTATCCCAGCACCACCGCGACCACCCCGACCAGGATCATCACGATCAGCGACGACCGGAGCACCTCGTCCAGCACGTCGGCGGCGCCCTGCTCGACGTCGGTGCGCACGCGCCGCGCGATCCCGTCGGCGCCGAGCGCGCCGCCCGGCAGGGTCTGAGCGGACAGGGTCTCAGCGGGCGGGGTCTGAGCGGGCAGGGCGCCGCCTGAAACAAGGGGCTCTGGGCGCCCGCGGTCGGCCACCTTCTCCACCGCCACGACGAACCGCTGGTTCAGCGCACGGGCGGTCAGCAGGTGGGTGAACCACAACAGCACCGAGCCCGCGACGAAGAACAGCCCGCCGTAGAGCAGGGTGAGCCGCGCCCGCAGCCCCAGCCTGCGCCACACCAGCAGGCGCCGGGTCACAGGCGGTATCCCCGGCCCGGGACGTTCTCG
NZ_CP109552.1_gap157	5836954	5839210	2256	CAGCTCTCCCACTCGATCAGGCCGCCGAGCCCACGCGAGGAGGAGCCGGTCAGCCGGGTGTCGTCGACGAACATGCCGTCGCGCATCGACACCAGCCGGTCCGCGGTGGCCGCGACCCGTTCGTCGTGCGTGACGATCACCAGGGTCTGCCCCGCCGTACGCAGCTCCTCGAAGATCCTCAGCACGTCGAGCGTCGCCGCGGTGTCGAGGTTGCCGGTCGGCTCGTCGGCCAGCACGATCGGCGGCTCGTTGGCGAGCGCGCGGGCGATGGCGACCCGCTGACGCTGCCCGCCGGACAGCCGCGACGGCAGATGCCGGGCCCGCGCGGCGAGCCCCACCCGTTCCAGCAGGAGACTCGCGCGGCGCCTGGCCTCGCGCGGCGAGCGCCCGGCCAGCAGCGCGGGCAGCTCCACGTTCTCGGCGGCCGTCAGCTCCTCCATGAGGTGGAAGGCCTGGAAGACGAATCCCACCGACCGGCGTCGCAGCCGTGCCAGGGCACGCTCGCTCAGGGTGTCGACGCGCCGGCCGGCCAGCCACACCTCACCGCGGGTGGGCCGCTCCAGCCCGCCCAGCAGGTGCAGCAGGGTGGACTTTCCGCACCCGCTGGGCCCCATCACCGCCAGCGTCTGCCCCCGCGGCACCTGCAGGTCGACGTCGTCGACCGCGCGGACCCTGCCCTGCCCCTGCCCGTGCTCCTTCACCAGGCCGCGGATCTCCGCCACTGGACCTGTCACTGAACCCGGCACGGCATCCGGCCCGTTCATCCGCCCTCGACCTCGTCGTTCTCGTCACCATCACCGTCTTCGTCACCGGTGGTCGCGTCGCCGCCCACACCCCCGGTGGACCAGGCCCGCTCGCAGGCCGCCAGCCAGCGCAGGTCCGCCCGCAGCCGCAGCATGACCCCCTCCAGCAGCACGGCGGCCGCCGAATCCTCCGGCTCGCTCAGGGCCGCCTGCTGCGCCTCACGAAGGCGGCGCAGCAGCTCACGGCGCTGCGCCGCCACCAGTTCGACGGGGTCGGCGAGCCGGGCCGCGGCCGCCGCGACGAGCTTGAGATGGAACTCCGCCAGGTCCGGCTTCGGCCAGCCCACTTCGGCCAGCCACGCGGCCACCCTCCGCTGCCCGGCCGGCGTCAGCGCGTAGACCTTCCGGTCCGCCCGGTCGGGCAGGCCGTCGCTCCGTTCGCAGACCACGAACCCCGCTTTTTCCAGCCGGGCCAGCGTCACGTAGATCTGGCCCTGGTTCATCGACCCGCCCAGCGGGCCGAGGGCCTGCCGCAGCCGGGCGCGCAGGTGATACCCGTACGACGGCTCCTTGGCGAGCATCGCCAGCACCGCGTCCTGCATCCCGCTTCGCACCCCCTCACGGCTAACGGTTAGCTGATAGATAGCGGTTAGCCGTAGGGGGTGTCAAAACGACCGCTCGCCAGACATTGGCTCACTACTCTTTGGTACTGTATAGTGGTACTCAGTGGTACGTAGTACGGGAGCCGAAGAGGACCCACGATGGACGACCTGACGGAGATGCTGAAGGGCACGCTCGAGGGCTGCGTGCTGGAAATCATCGACAGCGAGGAGACCTACGGGTACGCCATCACGCGTCGACTGAACGAACTCGGCTTCGCCGACGTCGTCGAGGGGACGGTGTACACCATCCTGCTGCGGCTGGAGAAGAACGGGCTCGTCCAGGTGACGAAACGACCGTCCGGGCTGGGCCCGCCGCGCAAGTTCTATGCGCTCAACGACGCGGGACGCAAAGAACTCGCGACATTCTGGGCGAAATGGGAGTACATCACATCACGGATCGACAAGCTCAAGGAGGGCGGGAGATGAACTTCTGGGAGGCCATCACAGGCAGCGATCTCACCAGGGAATGGAAGGCGTTCGAAGCGCGGGCCGCGGCATTGCCGCCCGATCATCGGGCGGCATGGGAACAGATCAAGGGTCATCTCTGTTCGTACGCGGACTTCTCAGGCCGGAATCTGATGCCGATTCTCGATGGTGCTCTGGGGCTGCTCGAAGTGACAGCGGCCGACGGGCAGAGCATTCACGAGGTGCTGGGTGACGACGTCGCGGGCTTCTGCGCGGCGCTGGCCGGCGGTGAAGGGGCCCGGAGTCATCGCGACCGGTGGCGCGAGCAGATGAACAGGAACGTCGCGAGGAAATTGAGCCGGCTGGGAGGCTGACGTGGGCATCCAGGACATCATCGAGGGCAAGAAGCAGTGGCGGGCGCACACGGCGCGGGTCAAGGCGCTCCC
NZ_CP109552.1_gap158	5840470	5842319	1849	CGCTCGATGCGCGGGCGGGCGGGGCCCGCGCCGACGATCGACTGCTGCTCAGCCGACTGCTGCTCAGCACTCATGATCGCCTGCGGCTCGGCGGGCCGCGCCTGGCCCTGGTCCCCGGATTGGGAATCGGGGCGGGAAGTGGCGTCGCGACGCATGAGGATCAGTAGAACACGCATTCGACCCTCACGCCAAGTGTCCACGCCCCGCATCGCGGGAGGCCGGGCACCCGTTACTCCACTTTTGTTGCGAACGCATGACGTTCTGTTCAATCACGTCATAAGTGGCTAATCTCGTCGCATTCGCCCCAGGCAGGGGCCGTACCCCATGGAGAACGGACGTGACGATGGCACGGTGGTTGGGCCGGCTGCTTCTGCCGATCGTCGTCGGCGTGCTGGCCCTCGCCGCCCTGGCCGCACCCGCCTCCGCCCACGGCCAGCTCGCGATGTCCACCCCCGCCAAGGACGGCACGGTGAAGGCCCCGATGGAGTCGCTGCGGCTCTACTTCACCGAGGCGCCCGCCCCGAACGCCTACTTCGCCGTCACCGCGCCCAGCGGCGCCCGCGTCGACCAGACCTGGACGCACGGCCGGCCGGAACGGCTCGACAAGCCGGTCCAGGAGTACAACCTCGTCGACGGCGTGTGGGAACCGAGCGTCTACAACACCGGGTTCCCGGCGGTGGTCCCCGTCGCCTACTGGCCCGAGCGGGGCGAGTACGTCGTCCACTACCTGTCGATCGCCTCCGACGGGGAGCCCGTCAAGGGAGAGCTGCGCTTCACCTACAAGGGCAGGACCTCGGGCCCGCCCAAGGGCTGGCAGGCCCCGACCAACGAACCCGACTCCGCTCTGCTCGCCTCGTCCGAGCCCGGAAGCGGCGCCGGCGCGAACCCGACGTCCGACGGCGGTGGCGGCGCGCTGGGCCCGGTGGCGCCCTCCCAGGCGGGCTCCGGCCCCGCCACCGATCCCACCACCGGCGCTGCCGCCGTGCCCGAGACCGGCGCCGGTACGGCCGGACCGGCCCCCGCGACCCGCACGGCGGCGCGGCAGGACGACTCCGGCACCGGCCTGTCTGTGTGGCTGGTGCCGGCGCTCCTCGTCGCGGGAGCGGGCGTGCTGATCCTGCGGGCGGCGCGGCGGCGGCCCGCCTCGCCCACCGGCGCCGCCCCGGCGCGTACGGCGGGCTCGAAGACCCCGGCGACCGGACGGCCTTCCGGGCGTCCCAAGCCCAGGCCGAAGACCCCCACGAGTTCGTCCCAGTCGCGGACGGCGGACCGCCCCAGGTCCGCCAAGCGGCGCTGAACCACCCTCACCTCCGGAGAAATGTCGTGACGTTCACCTCTGCCCGGCGCCACCGTGCCCGCCGCCCGCTGCTCGCCGCGCTCCTGCTCGGCCTGACGCTGCCGCTGGCGGCCTGCGGCGAGTCGGACAGCACCGAGCCCGCCGCCGCACCGACCACCGCGTCGTCCACCGAACTGCCCCCCACGGCGACCGCCGACACAGCGACGGACGCGCCCGCCACCGACGCGGCGACCGACGCCCCCGCGGACGCGGACGTGAAGGAGATCGACGTCACGATCAGCGGCCGCAAGGTCACACCGCCCCCGGGACGCATCGAGGTGGACAAGGGGCAGCGGGTGCGCATCACCGTCACCGGCGACGCCGCCGACGAGGCGCACCTGCACGGGTACGACAAGGAGGCGGAGCTGAAGCCCGGCACCCCCGCCGTCATCGAGTTCACGGCCGACCAGACCGGCCTGTTCGAGATGGAGACCCACGGGTCCGGTCTCCAGCTGTTCCAGCTCGTGGTGCGGTAGGCCCATCTCATGCTCTTCGCGCACGGGGTCGGCGGAC
NZ_CP109552.1_gap159	5849858	5854016	4158	CCCGCTGGGGCTGGACCATCGTGGTCGCCGGCGGATACATCGCCTCGTTCATCCTGCTCGCCTGGGCGCTCAAACTCCGCATGCCCGTCGGCATGGCGTACGCGGTGTGGGCGGGCACCGGAACCGCGGCGATCGCGCTGATCGGCGCGCTCTTCCTCGGCGAGCACATGAACCTGATGAAGATCGCGGGTATCACCCTGATCATCGCCGGGGTGGCCGTGCTCAACCTCGCCGGCGCGCACTGATCGTTTGACCCCGGCTCCGGGTGCCGGTAAGGGTGGGTCCGGACGGTTCCCGGGTTCCTCGGAACCCGCACGTTCCGACAATCCGTGAATCCCGACAAGCCGGGGGAGGACCACCGCGTGCCCGACCAGGACCGGGGATCCTCAGCCCGGCGGCCGCAGCAGCGGGCCCTACGCCGGCGGGAGGCGCTGCTCGACGCGGCGGTCGACCTGCTCGGCGAGGGCGGCTTCGCCGCGGTCACCCACCGCGCGGTGGCCAGACAGGCCGCTCTTCCACTCGCCGCCACCTCCTACTACTTCTCCTGCCGCGACCAGCTGCTGGCCGAGGCGTTCGCGCTGCTTGTCGAGCGCGAGCTCACCCGCATGCGCGCCGCCGTACGGCAGCCGGCGGACCGTTCGGCCGCCGCGGTCGCCGCGGCCCTCACCGACGTGTACGCCGCGGACCGGCTGCGCGAGCTCGGACTGTGGGAGCTGTACCTGCAGGCCGGCCGCGACCCGGCGCTGCAGGCCGTCGCCCGCGCCTGGACCGACGGCTGCGACGAGATCGTCGCCTCCGCGCTGCGCGGCGCGGGCTGTCCCTGCGGTCGTTCCGAGGTCCGATTCGTCGCGGCGTTGTTGTCCGGACTGTGGGTGGAGGACGTCGTCGAGGCCCGCGCCGACTCGCGGGAACGCGCCCGCGACGCCGTCACCCGCGCACTGACCACGCTCCAGACTCCCGCCGGAGGCGACTCATGATCCTTCACCTCGCGCTGGCCGCCGACTGGGACGCCGCCGTCGCCGTCGGCGAATACCGCGTCTCCACCCTCGGCGTGACCCTGGAGGAGGAGGGCTTCGTCCACGCCTGCTCCGATCTGCTCCAGCTGCGCGGCGTGGCCGGCCGCTACTACGGTCAGGTCACCGAACCACTGGTGGTGCTGGAGATCGACGAGGAGCGGCTCGGCTGCCCGGTCAGGCTGGAGGTGCCCGAAGGCGCGGGGGAGGCGTTCCCCCACATCTACGGGCCGATCCCGGTGACCGCAGTGGTCGCCGTCACGCCCTTCACCCGGTGAACCCGCCCCTCACGGACGGCGCGGCGACGGCGCGGCGACGGCACGGCGACGGCACGGCGACGGCACGGTGTTCCCGGAGCGGTGTGATCTCTTGAAGCGGTGGTTCGGGGCGGCGGTTCCTGTGGCCGCGTGTCCGATTCGTTCAAGACGCCGCGCCCACCCGCCGTCTACCGTGAGCGCCATGACACCCTCGTTCGACCTCATCGGCCTTGTTGTGGCCGACATGGCCGCCTCCCTGGCCTTCTACCGCCGGCTGGGCCTGGACATCCCTCCGTCGGCGGACACCGAGCCCCATGCCGAGGTGACCCTCGGCGGAGGGCTCCGCCTCGCCTGGGACACCGTCGACACCATCCGGTCCTTCGACCCCGCGTGGAAACCCGCCGCGGGCGGCCCAAGGATGTCCCTCGCCTTCCGCTGCGACGGCCCCGAAGAGGTCGACCGCCTGTACGCCGACCTGGTCGAGGCGGGCTACCCGGGGCACCTGCCGCCGTGGGACGCCTTCTGGGGGCAGCGTTACGCCGTCCTCCACGACCCGGACGGCAACGGCGTCGACCTGTTCGCGCCGCTGCCCGGCGTTTGACCACGCCCTGCATGTACTGACCACGCTTCGCGTCCGGTGCCTGCCCGTACTCCGCACGGGCGCTCCCTCGGAACGAGCCGCCACCAGCGACCACCGGCCCGGGATCAGGCTCTGTGACGCGGCTCAGCGGGTCAGCTCGCCCAGGGTGGCACCGGTCAGCGCCTTCACTTCCCGCGCGAGATGGGCCTGATCGGCGTATCCGGCGGCGTCGGCCACCACGGCGTAGGGCACACCCCGGCGGACCAGGGCCAGGGCGCGGTTCATCCGGAGGATCCGGCCGAGCGTCTTCGGGCCGTATCCGAAGGCGTCCAGGCACCGGCGGTGCAGTTGCCGCACTCCGAGCCCCGCACCTGCCGCGACCTCCGCGACCGGCAGGCCCGCACCGACCCCGCCCACCACGGCAGAGATGAGCGCGGCGGAGGCGGGCACGGTGCCGACCGGGCTCCCGGCCGCGCGGATCCGGCTCAGCGCCGCCTCCTCGAGGACCACGCCGGGGTCGGCGGCCTCGGCTGCCCGCTCCGACAACCGCCGCGCCTCGGCCCCCGGCCACACCTCGGCCAGCGGCACCCGCCGGTCGCGCACCTCGTGGGCGGCCACGCCAAGGATCCCCGGCGCGGTGCCGGGGCCGAAACGCAGCCCCACATATCGGCTGCCCGCACGATCACGCACCAGGTGCGCCGCGGTGTCCGGCCCGGCCACCAGCAACGTGCCGTCCATCCAGATCAGATCCATGCAGCCGTCGGGCAGCACCCGCCGGACCGGCGGGGGACCGGGATCAGGAGCGGAACCGTGAGCGGAGCCGGGGGCGCCCTGCCACCACAGCACCGCCCCCGGAAACCCCGCCCGTCTCTCCTCGTACACCCGGCAATCATCCCCCTCACCCGCTCGGCACTGCCATCGGAGCCCCGCGGAGTGGGAGGGCGACAGCGATCAGTCGGTGCCGGCCTCCATGGCGGCGTGGTCGAGCAGTTCCTCGTCGGTGGAGACCTCACCACGGGAGGCGATGGCCTCGGCCCCGCCCTCCGGCATCGCGCCGATCAGCTCGGTCGAGGCCACGAGGGTGGCACCGGTCAGCATCGGGTGCGGGGTGCCCACCATGCCGACCCTGGCGTACTGCTCCAGCTTCGCCCGCGAGTCGGCGATGTCCAGGTTGCGCATGGTCAGCTGGCCGATGCGGTCGACCGGGCCGAAGGCGGAGTCCTCGGTGCGCTCCATCGACAGCTTGTCCGGGTGGTAGCTGAAAGCCGGCCCGGAGGTGTCCAGCACGGAGTAGTCCTCACCACGGCGCAGCCGCAGGGTCACCTCACCGGTGACCGCGGTCCCGACCCAGCGCTGCAGCGACTCGCGCAGCATCAGCCCCTGCGGGTCCAGCCAGCGGCCCTCGTACAGCAGCCTGCCCAGCCGCCGTCCCTCGACGTGGTAGCTGGCCAGGGTGTCCTCGTTGTGGATCGCGTTGACCAGCCGCTCGTAGGCCGCGTGCAGCAGCGCCATGCCCGGCGCCTCGTAGATGCCCCGGCTCTTGGCCTCGATGATCCGGTTCTCGATCTGGTCGGACATGCCCAGGCCGTGGCGGCCGCCGATGGCGTTGGCCTCCAGCACCAGGTCGACGGCGGAGATGAACTCCTTGCCGTTGATCGTCACCGGCCGTCCCTGCTCGAAGCCGATCGTGACGTCCTCGGGAACGATCTCGACGTCCGGGTCCCAGAACCGCACTCCCATAATGGGCTCGACGATCTCGACGCCCGTGTCCAGGTGCTCCAGCGACTTGGCCTCGTGGGTCGCGCCCCAGATGTTGGCGTCGGTGGAGTAGGCCTTCTCCACGCTGTCCCGGTAGGGCAGCCCGTGGGCCAGCAGCCACTCGGACATCTCCTTGCGGCCGCCCAGCTCGCCGACGAAGTCGGCGTCCAGCCAGGGCTTGTAGATACGGAGAGACGGATTGGCGAGCAGACCGTACCGGTAGAACCGCTCGATGTCGTTGCCCTTGAAGGTCGACCCGTCACCCCAGATCTGCACCCCGTCTTCGAGCATCGCCCGCACCAGCAGGGTGCCCGTCACCGCCCGCCCGAGCGGAGTGGTGTTGAAGTAGGTGCGGCCGCCGGAGCGGATGTGGAACGCCCCGCACGCCAGGGCGGCCAGCCCCTCCTCCACGAGCGCGGCCCGGCAGTCGACCAGCCGGGCGACCTCCGCGCCGTACGCGGTGGCGCGCCCCGGCACCGAGGCGATGTCGGGCTCGTCGTACTGGCCGATTTCGGCGGTGTAGGTGCAGGGCACCGCGCCCTTCTCGCGC
NZ_CP109552.1_gap160	5862321	5864599	2278	GATTGTTGTCGGTCCCGGGCGGTACGGTGTCGATCATGCTGCCCCCGCAGGTGAACCGGCTGACCGTGCAGGAGGCCGCGGACCGTTATGTGGAGCTGGTCCGGGCCAAGACCGTGACAGGGGCGCTGTCGCCCGCGACCGCCGAGGTGTACGCGCGGGACGTGGCCACGTTCGTACGGCTGGCGGGCGACGGCCAGGTGCTGGACGACCTGAACGGTGAGGACGTCGACGCGGTGCTGCTGGCGTTCGCGCGCAAGCCGGACGAACGCCGGCGGCGCGGGCCGGCGCGGCGGGGTGGCCCGGGGCAGAGCGCGGCGTCGCAGGCGAGGTTCCGCCGGTCGGTGTCGGCGTTGTTCCGGCACGCCGCGTCGGCGGGATGGGTACATCTGGACCCGATGGCCGCCTCGTCGGTGCGGGCGCGTGAGCGGGGCGGGTTGCGGCCGGAACGCCGGGCGCTGACCCGCGAGCAGGCCGAGGGCCTGATCGCGGCGGCCCGCTCCCCCGCCCCGCCACCCGAGCCGGGCGGCTCGGACGGGCGCCGCCGCCGGGCCGACCAGCGGACCGAGGTGCGGGACGCGCTGGTGGTGATGCTGCTGACCGCGCTGGGGCCGCGGGTGTCGGAGCTGGTGCGGGCGAACGTGGAGGATTTCTACACCAACGACGGGATGCGCTACTGGCGGATCTTCGGCAAGGGCGGGCGTACCCGTGACGTGCCGCTCCCCCGTGATGTGGCCGCCGCGCTGGATTCCTACCTCGCGGTGCGTGTGGCCGGGGACGGCGAGAAGGCGTTGCTGCTGTCGTGGCGGGGCAGGCGGCTGGCCCGGGGCGACGTGCAGGCGGTGATCGACCGGGTGCGGCGGCGGGTGGAGCCCGGGCGGAGCCGGGAGGTGACGCCGCACGGGTTGCGGCACACGACGGCGACGCACCTGCTGGCCGACGGCACGGACATGGACGCGGTGCGGCGGGTGCTGGGGCACAGCGACCTGTCGACGCTCGGTCGTTACCGCGACGATCTGCCGGGTGAGCTGGAGGTGGCGATGGGGTCGCATCCGCTGCTGCGGCGCCGTGGCGGGCAGACCGCGCCCGGCGGGGAGGGCGGTCCCGGGGAGGGTTGACCCCCGGGGCCGCCGTAGGTCCGCCGGGCCGTGTGCCGGCCGGGCGGGAGCCGGCTCACCCGGTTCATCTCCTGAAGGATCAGCTCACGGGGTTCCAGCCGTCGGAACCGGCCAGGTACTTCTGCGGGGTGTAGTTGGCGGCCTGCGCGTCGCTCAGCTGCGGGCGGTTGGCGTTGACCGTGGCCCCGGCGCCGGTGTTCCGGTATTCGAAGAAGCGGGCGTTCTTCCATGAGTTGCCCGACATGTCAGTCCAGGGCTGCGAGGTCTTGATGGTCGAGCTGAGGGTGGACTCCCGGTAGACCACCTGGGCGTTGGGACCCCAGGGCCGTCCCAGCTGGGTGGTGTCGCCGGCCGCGCCGCTGATCCGGGACCTGTAGATGAGGAACCCGTACGGCTTGGCGGCGTCGGTCCTGGCCGCGGTGATGGGGGCGCCGCTGCTGCGCTTCTCGTAGATGTCGCAGTCGTGCAGCACGGCGGTGCCGTCGCCGAAGACGAAGTCGACGGTGCCCTCGATGTAGGAGCTTCTGACGTACGCGCGGGCGGAGGCGTTGACCAGGAAGGTGTCCTGGTCGCCCAGCAGCCGTACGTTCGACAGGGTCGACCGGTCGGCGTTGAGGTTCAGCGCGACGGCCTGCTGGTTGACGGTGGAGCCGTCCTCGACGTAGTCGTTGGAGACCGTCAGGTTGGTGAGGGCTGAGTCGTGACCATTGACGAACGCGGTGGCGCTGTTGAAGGTGCCGTACGCGCCGGCCGCGTGGTTGTTGACGATCAGGACGTCCCTGGCCGAGGAGCCGAGGCCCTGCAGGGTGATGTACGGCTTGTTCGCCGGGATGGTGACGATCTCCCGGTAGGTGCCGGGTTTGATCGTGATCACTTTCCTGCTGGAGTTGCCGGTCGGCACCGCGTCGATCGCGGCCTGCACCGTCCGGTAGGTGCCGGTGCCGTCGGCGGCGACGGTGGGCTTCCCGGTCGTGGGCGTCGCCGTCGGTGTCGTGGAAGGTGTCACAGAGGGCGTCACCGTGGGAGTTGACGAGGGCGTCACGGTTGGGGTGACGGTTGGGGTGACGGTGGGCGTCACCGAGGGGGTGGGTGACGAGGTGGTGGTGGACCCGGTGCAGGTCACGCCGTTCAGCGTGAAAGCCGCCGGCTGGGGGTTGGAACCC
NZ_CP109552.1_gap161	5866724	5868162	1438	GATGACCTCGTGGGCGGTCTCGCGGCCCACCCCGGCCCGCACGGCGGCCATGAGCATCTTGGTCGTGCCGAGGAACGGCAGGTAGCGGCCCAGCTCGGCCTCGATGACGGCGGGGAACGCGCCGAACTCGTCCAGCACGGTCAGCATGGTCTCGGCCAGGCCGTCGAAGGCGAAGAACGCGTCGGGCAGCGCGACCCGGCGCACCACCGAGCAGGACACGTCGCCTTCGTTCCACTGGTCTCCGGCGAGTTCCCCGGCCATCGAGGCGTACCCGCGCAGGACCACGGTGAGGCCGTTGACGCGTTCGCAGGAACGGGTGTTCATCTTGTGCGGCATCGCCGAAGAGCCGACCTGGCCCTCCTTGAAGCCCTCGGTGACCAGTTCGTGCCCGGCCATCAGCCGGATCGTCTTGGCCAGGGAGGAGGGGGCGGCGGCCAGCTGCACCAGGGTGGTCAGCACGTCGTAGTCGAGCGAGCGGGGATAGACCTGCCCGACGCTGGTGAAGCGGCGGGCGAAGCCGAGGTGCGCGGCGACGCGGTCCTCCAGCGCGGCCAGCCGGTCGTCGCCGCCGAGTAGGTCGAGCATGTCCTGCGCGGTGCCGACGGGGCCCTTGACGCCGCGCAGGGGGTAGCGCTCGAGCAGGTTCTCCAGCCGTTCGTAGGCGACGACCAGTTCGTCGGCGGCGGTGGCGAAGCGCTTGCCGAGAGTGGTGGCCTGTGCGGCGACGTTGTGCGACCGGCCGGCCATGACGGTGGCGGCGTGCTCGGCGGCCAGGCGGGCAAGGCGGGCCAGCAGAGCCACGACCCGGTCGCGCACCAGCAGGAGGCTGTCGCGGATCTGCAGCTGCTCCACGTTCTCGGTCAGGTCGCGGGAGGTCATGCCCTTGTGGACGTGCTCGTGCCCGGCGAGGGCGTTGAACTCCTCGATGCGGGCCTTCACGTCATGCCGGGTGATCTTCTCCCGGCCGGCGATGGAGGCGAGGTCGACCTGCTCGGCGATCTTCTCGTAGTCGGAGATCGCCTGTTCGGGTACGTCGATCCCGAGGTCGGCCTGTGCCTTGAGGACGGCCAGCCAGAGCCGGCGCTCCAGCACCACCTTGTGCTCGGGTGACCACAGGCGGGCCAGTTCCGGCGAGGCGTAACGGGAGGCGAGGACATTCGGGATACGCGGCTTGGCACTCACGTTGGCCCAGTCTATTGAGGTCCGCCGCCCGCCGGACGCGGGAGGACCCCGGGACGGTCGTCGCGACGACCGTCCCGGGGTCCTCCCTTCCCCCATGCTGCCCTCATGGCTGCCCTGATGGCGCCTTCACAGGGATCTCATCGGGCGGGTTCGAGGGCCTCCTCGCCGTACACCGTGACCTCGCCGTCGTCGCCCCCGGGCCGGGCGGGAGCGCGGCGCATGCGCTCCTTCAGCCGTTCGACGATGACGTAGAGGG
NZ_CP109552.1_gap162	5982852	5985391	2539	CAGCTCGGTGACCCTGCCCCCCGCGTTCGGCTCGGCCGCCCCGAGCAGCGGCCGGTCGTAGCACGCCTTCACGTACGCGACCGAGGGGTCGGCCAGCAGCGGCCCGAGCAGGCCGGTCACGAACGAGGTCCGGAACTCACGCAGGTCGGCGTCGACGAACACCACCAGGTCGCCGTTGGTCACGGCGAGGGACTTCCACAGCACCTCGCCCTTGCCGTCGTGACGCGGGTCGTCCAGTTCGGGAAGGATCTCGTCCTGCGCGAAGACCTTCGCGCCGGCGCGTAACGCGCGCACCGCCGTGTCGTCCGCCGACCGGGAGTCGATCACCACCAGCTCGTCCACCAGGGGGACGGCCTCCACCAGCTCGCGGCGGACCGCGGCGACGATCTCCCCGACCGTCTCCGCCTCGTTCCTGGCGGGCAGCACCACCGAGATCCTGCTGTCCCCCTTGGCGGACAGCAGGGCGCGGACCGGCCAGTCCGCCGCCGACGAGGTACGCCGGGCCAGCCAGGCCTCCACCTCAGGCAGCACGCGCTCTCCCCCCGTCCCCGCCGCATCCGACAAGGCTCACCTTATGCGGCGGCCGGACGACGCGATCAGGACGAGCCCCCTCCCAGCGCGAGCACTCCAACGACGGATCGGGGACGCCGGGGCCGCCCTCTACCGCTCCCGCGGGGTCTGCCCGCCGATGATTTCCAGCAACGCCGCGTGCGTCTCCCGGTCGGCCGCCGCGACGAGCCCGCCTGCCCCGGTGTGCGGCGGCCGACCGCGCAAATCGGTCACCACACACCCGGCGGCCCGGCACAACGCGATCCCCGCGGCGAAGTGCACGCTGTCTCGCAGGTGGCCGTCGGTGACGTAGGCGGCCCTCCGGCCGGCCGCGACCCACGCCACCGCCAGCGTGGTGGAGACGACGCGCGGGCGGAAACGCCCGGCGAACCCGGCGTCGGCGAGCAGCCGGGCCGCCCGGAAGCCCGGCGCGTTCGGGAACGGCGGATCGAGGTTGACGTCCACCAGCCGGGAGCCGGGCGAGGGCGTGAGCCGATGGTCCTCGCCGTCGTGGCGGGCCCAGGCGCCGGCGCCGTCCGTCCAGAACACCTCACCGGAGAACGGGTCCGCCGAGGCCGCCGCCGTCACCTCGGAGCCCGCGCGCAGGGCGACGTTCACCGCGACCAGCATGCTCCGAGCGGCGTAGTTCAGCGTGCCGCAGAGGGGATCGACCAGCCACACGCGCTCCGCGCCGTTCGGACCGGCGCGTCCGCTCTCCTCGCCGATCACGCCGTCGTACGGCCGGGCGCCGCGCAGGACGTCGAGGATCGCCTTCTCCGCCTCGACGTCCGCCGCCGTCGCGAAGTCGCCCCCGCCCTTGTCGAAGCGCGTCATCGGCGTCCCGTACATGGCGCGCACGACGTCCGCCCCCGCGCGCGCCGCCGTCAGGGCCAGTTCCCCGTCCGTGATCATCTGTGCGGCGTACGGCTCAGGCCTGGGTGGCGTGGCGTTCGAGGAAGGCGTACACGTCGGCCTCGTCGACGCCGGGGAACGACCCCGGCGGCAGGGCGGCCAGCACGTGGGAGTTGGCGCGGGCCGAGGGCCAGGCGTACCCCTCCCAGCGCTGCGCCAGCTCGGCCGGCGGGCGGCGGCAGCACTCGCCGGCCGGGCAGTTCGACCTGGTCCGGTGGGTGGTCTCCCGGCCGCGGAACCACCGCGACTCCCGGTACGGCACGCCGAGCGTGATGGCGAAGTCCTTCTCCTGCGACGGGTCCACGTGGGCGACGCAGAAGTACGTGCCGGTGGGCGAGTCGGAATACTGGTAGTACAGCGAGAACCGGTCGGGCGAGCGGAACACCTGACGCCCGGACCACTGCCGGCACAGCCGCTGGCCCTCGATCGCCCCCTGCTCGTCGGCGGGGAAGACGATGCCGTCGTTCTCGTACGCCTTGTAGATGATCCCTCCGGCGTCGTTGCGCACGAAGTGGCAGACGAGGTCGAGATGGCGGGTGGCGAGGTTGGTGAACCGGTGGGCCGCCATCTCGTAGGACACCGCGAAGACGTCGCGCAGGTCCTCGACCGACAGGGCGCGATCCTGCCTGGCCTCGCGCAGGTACGGCACGGCCGCCTTCTCGGGGACGAGGACGGCGGCGGCGAAGTAGTTGGCCTCCACCCGCTGGCGCAGGAAGTCGGCGAAGTCACGCGGCCGGTGGTGCTGGAGCGCGATGTGCCCGAGCGTCTGCAGCAACACGGTCCGGGGCGTGTGCATGCCGAGCTGCTGGCGTTTGACGTAGATGCGGCGGTTGCGGAGGTCGGTCACCGAACGGGCCGACCTCGGCAGGTCGGGCGCGGAGTGCACGGTGAAGCCCAAGTGGGACACCAGCGCCTGCACGGTGCTCTCCGACAACGCGCCGGTGCGGTAGCCCACCGCCGTCAGCGCGTCGGCGGCGGCCTTCTCGATCTCCTCGAAGTAGTTGCCCAGCTCCCGCTGCGTGCGCCGCAGCTGGGCGTTGGCCGCCCGGGCCTCCTCCGGCGTCGCCGTGCCCTTCGC
NZ_CP109552.1_gap163	5988687	5992262	3575	GCGTGGCCGTCACCGTCGCCCTCGGCTGACGGGCGCTGACGGGCCGCACCGGCGGCCGGGAGGTGCCGAGCACGTCCGGCGGCGGCGTGGCGCCGTCCCCGGGGATCACCACGGGCCGCGCGGGCGGATCCGCCGTGCGGTCCATACGGGCCGCGCCGGTGCCCGCCGCGACCACCGTCACCGCAGCGATCGTGACGGTCGCGAGCGCCGCGAACCCCGCGTGGGACGCCTGCGCTCCCGCCCCCGCCTGTGCCTTCGATCGGGCCCTCGACCGTGCGCCTGATCGGGCCGCCCGCCGTCGCGCCGCCCTGCCCGGCGGCGGGTGCTCGCCGTGCCCCTCCGGCCCGCCGTCCGGCCAGCCGTCCTGGGTGCGTCCGGCGGCGCTTCCGCGAGTGACTGCCGGGTAGGCCACGGGCTGCCAGATCTCCTCCAGCACCGCCGCGACCGCCCGCCGCGGGTCCTCGGTCGTGTGGACGCCGCCCGCCGCGAGCAGGGAGGCCAGCAGCCGGGCGGCGTCCGGGCGTTCGGCGGGATCACGCCGCAGCGCCGCCGCCACGTCGTCGCGCAGCGGCCTCGGCACCGGCGAGATCCGCGGCTCCTCCACCAGGATGCGGCGGGTCAGCGTCTCGGGGTCGCCCGCGCCGAACGGATGCAGCCCGGTCGCCGCGAACGCGACCAGGCACCCCCACGAGAAGACGTCCGAGGCGGGGATCGCGGGACGCCCCCGCAGCCGTTCCGGCGCCACCCACCCCGGGCTGCCCATGATCTGTCCGGCCTGCGTGTGCGACATCGCCACGTCGAGGTCGCGGGCGATGCCGAAGTCGATGACGAACGGCCCGCGCGGGGACAGCAGCACGTTGCCGGGCTTGAGGTCCCGGTGCACCAGCCCCGCTTCGTGGGTCGCCGCCAGCGCGGCGGCCGCGCCGAGGGCCACGCCGTACGCGAGGTCGGGGGTGAGCGGGCCGTACGCCGTGACGACCTGGGAGAGCGCGGGGCCGGGGACGTACTCGGTGACGATGTAGGGGCGCTCGCCGTCGAAGCCGTCCTCGACGAAGGCGGCGGTGCAGAACGGCGCCACCCTCCGGGAGAACCCGGCCTCCTCGGCGAAGCGGGCCAGCAGCGTCGGGTCCGACAGGTGGACCGGGTGCGGCGTCTTCAGCGCGACGTATCCGCCGCCCGGATGTTCCGCGAGGTAGACCACGCCCATGCCGCCGGCGCCGAGCCGGCCGAGGAGCAGGTAGCCCCCGATGATCACCGGATCGCCCACGGTCAGCGGGCGCACCCCGGGAGGCATCCCGTGCTGGGGGCCCGTTCCGCCAAGTGCCATACGGAAGCTCCCTCTCTCGCGGAAGTGCCGCACAGCAACTCTGGCCGTTTGGAACGCGCCACGCGGTCAACTGACCACAAGCGGCATGAGAGGTAAGCCCAATGGCACCCTGGAGTAAGGCGCAGGCAAAAGCGCAGGTCACACGCGTCTCATTCGCCACAAAAGGCGTGGCCAGGACCGGGAACCAGAGGGGTTCCCGGCCCGGGCGTGGGACGGATCCGGCGACGCCGGGCCGTCAGTCCGCCACGACGGCCCGCAGCACGTCCACCTTCGCCGCCTTCCTTGCCGGGGTGATCGCGGCGAGCACGCCGGCGGCCGCGGCCCCCACGGCGTAGACCAGCGGCTGCGCCACCGGCACCTGGAGCACTGTGATCCCCTCACCGGCCAGGGCCCTGGCCGCGGCCGTCCCGAGGGCGAGCCCGAGCGCCGCTCCCAGCACCGACCCGATCGCGGCGACCAGCACCGCCTCCCAGCGGATGCAGGCGCGCACCTGCCTCCGGGTCATCCCGACCGCGCGCAGCAGGCCCAGCTCCCGGGTGCGTTCCAGCACCGAAAGCGCCAGCGTGTTCACCACGCCGAGCAGCGCGATGAGCACGGCCAGGCCGAGCAGCACGTTGACCAGGCCGAGCAACTGGTCGACGGTGGCGCTCTGGGTGGCGTTGAACTCGGCGGTGTCCTGCACCGCGACGTTCGGGTAGTCGGCCAGCGCCTCGCGCACGGACCGCTTCAGCGCCTCCACCGAGGTTCCCTCGGCCGCGGAGACGAGGATCGCGACGTCGAGCCGCTCGCTGAAGTTCGCCTCGTAGGCGGCGGTCGTGATCAGGTAGCCGGCGCCGAGGAGGGTCGTGTCGGTGTAGGTGCCGGCGAGCCGCAGCGCGTGGTCGCCGGTCTGCGGGAACCGCACCGTCACCCGGTCGCCGAGCCGCCAGCCGTGCGCCTTCGCCTCGTCTGCCGCCACCATGACCTCGCCGTCGGCGAGGTCCGGCAGCGAACCGGACGTGACGCCGATGTCGGCGACCCGCTCCACCGTACGGGGGTCCACCGCCGCGACCGAGGTGGTCTGCCCCGCCACCTGGATCCGGCCGAACCGCATCGGCGAGACGACCCCCGCCTCGGGCAGGCCGCGCAGCTCTCCCGCCGCACCCTCCGGGATACCGGCCGCCATCTGGCTGCTCGCCTTCAGGATCAGGTCGGCCCTGTTGGTACGTTCCATGACGTCGGCGACGGACGCCTTCATCGAGGTGGCGACCACCGTCATCGCCACCACCAGGGCGAGCCCGACGGCGAGCGCGGTCGCGGTCGAGGCGGTGCGGCGCGGCGCCCGCCCGGCGTTCTGCCGGGCCAGGGCTCCCGCGACGCCGAGCCGCGCGACCGGCGCCCCGAGCACCGCGACGAGAGGACGGACCAGCGCGGGAGCGAGCAGGACGAGCCCGGCGAAGGTGGCGAGCGAGCCGAGCACCGCCGCGCCGCCGCGGGACGGACCGGCGATCGCCCAGGCGAGCGCGGGCAGTCCGGCCGCGAGGAGAACCCCGCCGGCCACGATCCTGACTCTCGGCAGCGTGCGGGCCGGTGCCGCCGACTCCCGCAGCGCCGCGATCGGCGGGATGCGCGTGGCCTTCCACGCGGGCACCAGCGCCGCGGCCAGTGTCACGCCGAGGCCGACCGCCAGCGCGGCGACGACCGTGCGTCCCTGGAGCTGCATCGTCGTGGTCGGCACCTCGATGCCGACCGCGGCGAGCAGTCCGCGCAGCCCGCCCGCGACGAGCAGGCCCAGGCCGAGGCCGAGCGCGGACGCCAGCAGGCCGATCACGCCCGCCTCGGTCAGCACGGAGCCGAGCAGCTGCCGCCGCCGGGCGCCGATGGCGCGCAGCAGGGCGTGCTCCCGGCCGCGCTGCGCCACCAGGATCGAGAACGTGTTCCAGATGAGGAACCCGCCGACGAGCAGGGAGACGGCCGCGAAGCCGAGGAACGCCGTGGTGAAGAAGCCGAGCCCGTCGCGCACGGCCCGGCTGGCCTCGGCGGCCACGGTCGCGGTGGTCACCGCCTCCAGATCGGCCGGCAGTACGGCGGCCACGCGGGTCCGCAGTTCGTCCGGGCCGATCCCGTCGGCCCGCACCACGATCTCGTCCACCTGGCCGGGACGGCCGAGCACCCGCTGCGCGGTCGGCAGGTCGAACGCGGCGAGGGTGGCCCCGGCCAGGTTGTCGGCGTCGCCGAAGCCGAGGACGCCCGCCACGGTGAAGTCGGA
NZ_CP109552.1_gap164	6001601	6004939	3338	CGCGTCGCCGGCCACGACCGCGACGGCGAGCGGCAGCACGATCGGCGTCATGACGGCGAACGCGGCGAACGTCAGCATCAGCCCGTTGCCTGCGATCTCGCCGATGATCGAGCCCCCCGCGTCGCCCGACGCGAGGCGCACCGCCACGCCGACCAGCACCGGCACGACGGCGAGCACCCCGAGCATCGCGAGATTGCGCGGCCGGCGGAACGTCAGCCCGGCCTCGGAGGCCAGCAGTCGCGCCACGTGCCGCACGGACGACGGCGGCGGCGCGGCCCCCGATTCCGGCGCGCCGCCCAACTCATCGCCCGGCCCGCCGTCCAGCGCCGTGCCCGGCCCGCCATCCAGAACTGTGCCCGGCCTGCTGCCCGGCCCATCGTCCGACACAGCCCCCGGCGTGCGGGACGTGGCCTCGTCGGGCGGCGTCCGCTCCTCCGCCGGCCGGGTCTCCGGCACGGCTGTGCCCGTCTCATGCCTCGACATCGAACCCCTCCCCCGTCAGCCCGACGAAGATCTCCTCCAGCGTGGGACGGACCACCCCGAACCCCCGCACCGCCACGCCCTCACCGACGAGCAGCGCGCAGATCCGCTCGGGCGGCTCCTCCCCGGCGTGGGCCGTGACCTCGCCGTCCCCCGCGCGGACGCCGTCCAGCCCGGCCCGGGACAGGGCGGCCGCCGCCGCCGCGACGTCCGGGGTCTCGACGCGCAGGCGCGGGGCCGCGCCCGCCTCGCGCAGGGCGGCGACCGGGCCCTGCGCGACGAGCCTCCCGGCCCGCATGACTCCGACGTGGCCGCACATCTGCTCGACCTCACCCAGCAGGTGGGAGGAGACGAGGACCGTCGTACCGTCCCCCGCGATCTCCTTGATCAGCGCGCGGACCTCGCGGGTGCCCTGCGGGTCGAGGCCGTTGGTCGGCTCGTCGAGCACCAGCAGCTCGCGCGGCCCCAGCAACGCCGCGGCGATGGCGAGGCGCTGGCGCATCCCGAGGGAGTAGGCGCGGTAGCGCTTGCCGGCCGCCGCGGTCAGCCCGACCCGCTCCAGCGCGGCGCCGATCCTGGCCCGCGCCGTACGGGGGTCCGCGCCGGGGTCGGCCGCGTCGAAGCGGCGCAGGTTCGCCTCCCCGGACAGGTACGGGTAGAAGGCCGGGCCCTCGACCAGCGCGCCGACCCTCGGCAGCGCGCGGGCCAGCCCGCCGGGCATGGGCGCCCCGAGCAACGACCAGGAGCCGGAGGTCGGGGTCACCAGGCCGAGCAGCATGCGGATCGTCGTCGTCTTGCCCGAGCCGTTGGGGCCGAGGAAACCGTAGACCGATCCGCGTGGCACGGCGAGGCCGACGCCGTCGACGGCGAGCTGACCACCCCGGAAGCGTTTGGTGAGGCCGGTGGTGACGACGGCGGGGACGCCCTCTACCGCGCCGCCCTCCGGAGAGGGCGGGGGCGCCGCCGCGTCCTGCCGCGGCGCCCCCGCGCGCGTGCCTGCCGTCACCGGGCCGCCCGGTAGAGGGCGTCCGGCGTCACCGCGCCGGCCAGCAGGCGGCCGTCGTCGGTGATCAGTATCGACACGACCTTGGTGCGCAGCAGCCGGCCGCTGCCCCACTCCCCGCTCACCGGGGTGGCAGCGGAGCTGACGCCGCCGAGCAGCGCCGCCACGTCGGGCCCCTTGCCGTTCCGCTCGCTCTGCTTCCCGTCGGTGGCGGCGGGCAGCGGCGCGACGAGCACGCTGTCCCAGCCCGAACCGACGACGCGGGACCCGTCGTGCGCGCCGTCATGTGCGCCGGGGGCGATCTCGGGACGGCGGCCCGCCGCGGGGACGTCCACCCCTTCCTCGACCTTCGCCCCCGGCGGCGGTGTGAAGGCGAAGTTCTCCGGGGCGGGGCTGGTGAAGGACAACGTCTCGAAGCCGACCTCGAACGCCGGCTCGGCGGCCCCCTTGGCGTACACCTGGACGCGCAGCGGCATCAGCCTCTCGCCGTCGAGGGCCACCCGTACGTCCCTGACCAGCGAGTCGGGCGACTTCGGGGTCAGCACCAGCTGGTAGGCCGCCCGCCCGGCGACCGTGACAACGTCGCCGACGCTGATCGCGGTGTCGGTCCCGGCCGCCTTGAGCGCCTCCCGCGCGGCCTGCTCCGGCGTCGCCGGCAGCGACGCGGGGCGGGACGGCAGCGGGAAGGGGGTGGCCGTCCCGCCGGAGGCGGCCGGAGCGGTGAGGCGGGTCGCCTTGTTGGCGGCGCTGTCCCACAGCCACACCGTGTCGCCGTCGGCGATGAGGTCGGTCTCGCTCATCTCCCCCGGCAGCATGAGGCGGAACCGGTTCTCCCCCGCGTACCAGATCTTGAGCTGGTGCGACCCGGACAGCAGGGACACCGGCGTGGCCCCGGACGGCCCCGGCCCGGACAGGCCCGGCAGCGTGGGCAGGCCGAGCGACGCGGTCTCGACGATCGTGCCGGACATCTGCGGCATCGGGCCGTGCTGCCAGGTGCGCGCCACGTCGGCCAGCAACTGCTCCGCCGTCCTGCCGGGCAGGGACGGCTCGCCGCCCACCGATGCGATCACCGGGCCGGCCCCCACGGCCGCGGCCACCACGGCCACCGCCGCCACCGGAATCCCCCACCTCACGACGCGGACTCTCTTCGCCATCTCACATCTCCCACTATGGGCCGAAAACCTGACAACCCGAGACTGCCTGGAGGCTCCTGAGCCGACGCTGAGACCGGCTGAGAGCCCTCTCAGGGGCCGCCCCACCCATCGGTCAAAAGGGTCCACTATGGGGCAATGCGGGTTCTGGTGGTGGAGGACGAGCGGCGGATGGCGGTGGCACTGCGCCGCGGACTGCAGGCGGAGGGCTTCGCCGTCGACCTGGCGCACGACGGGACCGAGGGCCTGCACCTCGCCCGCGCCGGCGACTACGACGTGGTCGTGCTCGACATCATGCTGCCCGGCATGTCCGGCTACAACGTGTGCAAGCAGTTGCGCGCGGAGGAGAACTGGGTGCCGATCCTCATGCTGTCGGCCAAGGACGGCGAGTACGACATGGCCGACGGGCTCGACCTCGGCGCCGACGACTACCTGACCAAGCCGTTCTCCTACGTGGTGCTGGTCGCCCGGATCCGGGCGCTGCTGCGCCGCGGCGGCGGGCGCAGGCCCGCGGTGCTGCGCGCGGGCGACCTGTCGCTCGACCCGGCGGTCCGGCTGGTCACCCGGGGCGACACCCCGGTCGAGCTGACGCCCCGGGAGTTCGCCCTGCTGGAGTATCTGATGCGGCGGCCGGGCGAGGTGGTGTCGAAGCCGGAGATCCTTGAGCACGTGTGGGACACCTACGACACCGATCCGAACGTGGT
NZ_CP109552.1_gap165	6015931	6016804	873	GGTCTGCGACCTGCTGCTGGCCCGCCTCGACCCCGTCCCGGCGCTGCTCGACAAGGACACGATGTACGGCGGCTTCGTCGAGGCGACCCTCGCCGCGTACGGCAGGCCGCCGGGCGAGCGCGAGGGGCCTTGGTACGACCAGCACGTCAAGCGGTTCGAATACGACGGCATGACCGCGACCGCCCGGGAAATCCGCTCCCACGGCTGCCCGGTCATGCTGGGCGGCCCGTTCACCGCACAGGTGCACGACGCGGCGCGCTGGCACGCGTGGGTGGAGGCCCTGGGCGGCCCGGAGGTGCGCCTCCTCTGGGTCCGCTCCGACGGCCCCACGCTGCGCGAGCGGCTGGTGCGCCGGGGCCTCGCCAGGGACGGGCGGAAGCTGGAGCGGTTCGCCGACTACCTGCGCGCCATCAAGGTCGACGAACCGCCCGCCGTGCCGTACGACGAGATCGACAACCGCCTCGGCGCGCCCCCGCTGGAGGCCCAGGTCGACCGGCTCCTCGCGAGGACGCAGGCGGCGTCCGCACGCGTTCTCTCGGAGCGCCGGCCGTGCCCCTCACAGTGGCGGTGATCGGTCCGGGACGGCCTGGAACGCCTGGATCACGAGCCGGGCGAAGCGCCGGGACGCCGCGACCCGGGCGGCCGCCGACGTGGCGTGGACGCCCCGGTGGGCCAGCAGCATGAGGATCAGGTCGTCGAGGACGAAGTCGGCGCGCAGATGCCCGGTGTCCCTGGCGCGGCGGGCGAGTTCGGCGACGGCGCTCAGCGTGTGCTCGCGGCTCGCCGCGAGATCCACTTCGCCGGGATGGGCCGACATGAAGGCGTCGGTGAAACCCCGGTTGCGCGCGTGCAGGTCGCAGATCTTCTCGATCA
NZ_CP109552.1_gap166	6088930	6089602	672	ACGGGTCTCCGGGTCGGCCCCGGCCCGCCGTACGACCTCGGCGAAACCGCGGACGAGGCGGCGCGCGGTCGCGGGCGTGAACAGGTCGGCGCTGTAGTCGAAGACGCCGCCCAGCCCCTCCGGTCCGCGCCACAGGTCGAGCGAGACCTCGGACTTGGTGTGGCTGGGCGGGATCGTGTGGACCTCGGCGTCGAGGTCGGCGAACCGGGTCCCCAGCAGGTCGTCCTTGGGCAGGTCGCTGTGCAGGTTGAACATGGCCTGGCACAGCGGCGGCCGGCCGACGTCGCGGGGCACGCGCAGCGCGGCCAGGATGTGCTCGAACGGCACGTCCGCGTGCCGCATCCCGGCCAGGGTCGTCTCCCGCACGCGGTCCAGCAGCTCGTGGAACGCCGGATCGCCGGACAGGTCGGCCCGCAGCACCAGCGTGTTGCCGAAGTAGCCGATCAGCGGGGCGAGCTCGCTGCGGGTCCGGCGGGACGCCGGGACGCCGACGCAGAAGTCGGACTGGCCGGACGCCAGGGCCAGGGTCGCCTGGTAGGCGGCGACCAGGGCCATGAATGACGTGCAGCGCCGTTTCCTGGCCACCCGCTCCAGGGGCGCGACCTCCTCCGGCGGCAGCAGCAGCTCCTCGCGCCCGCCGCGCCCCGACCACCGGGACGGCCGGGGATGATC
