gap_id	start	end	length	sequence
NZ_CP084704.1_gap1	15158	18131	2973	ATTCATCAGGATGGGGCCATAAAAAGTCGCAGCGGGCGGGGCGTCTATCTTCCCTTTGTCACCGACGCCGTGGGCAGGGCCGATGGAGAGCAGCTGCGCTTTACCAGCCAGTCGGGAACCGCTGTTCTGCAGGACTGCCTGAACCGGGCAGGTATTCACCTGGATGCTGTCACCCTGCGCGAATACTACCGCTATCTGGAAAAACGCAGCGACGCCGAAGGTGAGATGGACGAGCGGGCCATTCTGCGACACTATCGGCAGTGGTGCGCAGGCAGCCAGATCAGCCCGGAAATACCGGCGCGATAATTTCAGCAGTTGCAGATACGTGCATGGCAATGCGCTCGGGACGGGATTTGGCCTCTTTTTTCAGTCGCGCGAAGACTTCCGCCAGATCCTCCTGTGCCAGAGAACGAGAAGCGGCGGGAAGTTTTATGACAGCAGCACTGGCGCTGAGCAGGTCGAAGGTGCGCAGGTTTCCCTCTCGATCGCGGGCGCTGTACTGGCCCTGCAGCAACTCGTTTTCCTGGTAAAAAGGCTCAATGGAGTCCATGAACTTGCGGATGGTTTTGGTGATTTTGCGCTCCACAAAGTTGTCATCTTTTTCCGCCCTTTCGTGCTCTGGAACCTGAATTCCCAGGAAAAAGTCGTCGCCGCCAATGTGCCCGATAAAGTAGCAGGAGCTGATAAAACGCTTGCGCAGCAGTTCCGAGAAGAGAATGATGGCGCGATCGCCCTGACGGAAGCCGAAGCGGTCGTTGAAGGGTTTGAAGTTGTCAAAGTCAAAGTAGATCAGATAGTAGATATTTCCGGTGTCCTCGCAGGCCTGGTTGATGAAATTGTTGATGAGGATATTGCCGGGCAGTTTGGTCAGGGGATTCATCTCCCGAGCGTAGGCCATGTTCTTTTCGTTCAGGGTTTTCAGCAGGCTGGAAGCCGACAGGAAACCGCAGTAGGACTGGTCGCGAGTCACAATGATTCCCGGCGATTCCGTGTTGTTGACGAACACGGCCAGAATCTTCTCCACCGGCAGATGAATATCCACAATGGGGCACTCGGTGAGGTACTTGCGCAGGGACTGGTCGAAAAAACGGTTGCTCAGAACCTCTTTGCCATAGGGCGAGTAGATGAATTTCTTGAAGGTGCGTTCGTGGATCAGGCCAAGGGGAAAGTCGTTGCCATCCACGACCGGGAAGAAGCTCTCCTCGGGATTGTTCTGGAAGGTGGCGAAGAGCTCTTTCATGCTGGTGTTGATGCGAATGGGCCGTATGGGATAGATCTCCCGCGAAAGTATGGCCATATCCTCGGAGGTGCTGCGCCGGTGCTTCTGGCCAAGGGCCTGGATGTTCTCGTACACCAGGCAGATATCCTCGATGCTGCTGGTGGGGTACTGCACCAGGTATCCCTGGATAAGATCCACCCCCATCTCCTTGCACAGAGAGTATTCCGCTTCGGTCTCCACTCCCTCGGCGATGACCGTGATGCCAAGCAGGTGCGCCAGGCTGATAATATGGGAGCAGTATGACTTCTTTTTCAGATCGCGGTGAATATCGGCAATGAGGAAGCGGTCAATTTTAATGAAATCGGGATCGGCATGGTACATGAGCTCAAAGGACGAATACCCGACCCCGAAATCGTCAATGGCTACCAGGAACCCCCGCTCCTTGCTGTTGCCCACAGCCTGATCCAGGGCCAGGGCAGCATTGGAGTAGTCGTACTTGTGCTTTTCCGTCAGCTCCATACACAGATTTCCCACGGGCAGGCTGTACTCCTGCATCATGTGCTCCATGACATTGGGGGTGTAGTTGTACATCTTGGTCATACGATGGTCGTAGTTATAGAAGAGGCGGATCTTACGGTGAAAAGGGATCTGCAGGTACTTTTCAATGGCCTTGCGACGCAGGGCCACATCCAGGGAAAAAAGCACCCCTTCGCGAAAGGCCGTGTCGAAGAAATCGTCAATGGAGCGGCAGGGACCGAAGGTGCGTTCGCCCCCGACACTGCGGATCAAAGCCTCAACGGCGAAGATGGAGCCAGTGATGGGATTGACAATGGGCTGAAAGGCGTAGTCGATGGAGGCCAGACACTCCTCCCAGAAACCTGCAAGCATGATCTCTCCCCTGCTGATGTAGCGATTGACAGTGGTGTTTCAGCCAGTGCGCAAACCATTGGACAGTAGCTCCGGGGCAGAAGATATTCAGCAAGAGAATGTCAGAAAACGGTAAAGAAATGGAAAAGCAGTCCACCGAAAAAACACACGGGGCAGAGAATGTTCTCTGCCCCGTGGCTTTAAGGAGATAGACAGGAGACGTCTGGGAGAGTCCGTATCAGCGCTTGGTCGGATCAGCTCCCACGAAGGTGGTGCGACCATCTTTTTCCATGGCCGCCTTTTCCCAGGGCCAGATGGACTCCCAGTCAGCGGCCTTCTTGGCGTCGCCACCCTTTTTCAGAGCCCAGTGGTACTGATCGGGGGAGAGACCGAAGGAGCGGCCCTCTTCATCCAGGTTGAAGATGTGCTGCTTGTTCGCGACGCGGCCACCCTCATTGTCCCAGTTACCATAGCCGTAGCGGGGCCAGCCGGTGCGGCCATCAAAGGCGCGCAGAACTTTTTCCGCCTGACCCAGGTGGCACTTGGCGCAGGTTTCCACGGGAGACTTGTCAAAGAGCCATGGGCTTTCGGGGTTATTGCCCACATTGTGGACGGTGTGGCAGTCGAAGCAGGCCATCTGGGCGTGAGTGCTGTGGTCACCCTTGATGGTGGCGCTCAGCATCAGGTCCATATCCTGCTGGTGGTCACGGCGGCCTTTGCCATCGACGGAAACCTGACGGTTCCCTTTCCCCCAGGCGGGGCGGGTGTACTGCATGACGTCTTCATAGGAATGCTCGCCCAGTACGAAGCCACGGTTATCGTTGGAACCCTTTCCGTGCATGGTGTTGGTCTGGGCACGGGTGTGGCAGCGGTTACAGGTGACCATG
NZ_CP084704.1_gap2	19839	23943	4104	GGTGGCGGTGATAACCCGCACGTCCACACCCTTCTCCATGTTGTCTCCAAGCCGTCGCACTTTTTTCTCCTGCAGTACCCGCAGCAGCTTGGCCTGGACGGCGGGACTGGTGTCGGCGATTTCGTCCAGGAAGAGGGTACCGCCATCGGCATGCTGAAAAAGCCCCTGGCGCGCCTCTGCAGCGCCGGTGAAGGCCCCCCGGGCGTGGCCGAAGAGTTCACTTTCCAGCAGGGTGTCGGGCAGGGCGCTGCAGTTAACGGCCACAAAGGGCTTGGAGCTGCGTGGCCCACACTGGTGGATAGCCCTGGCCACCAGTTCCTTGCCGGTGCCACTCTCCCCTTGCAGGTTAACGGTGGCGTCACTTTGGGAGACCTTCTGGATCAGGGTAAACAGGCGCTCCATGGCTGCGGACTTTCCCACCATATCGTGGAAGCTGCTGGTCCTGACCAGTTGGCTGCGCAGGAGGGTGTTCTCCCGCTCCAGCCTGCGCTTTTCCAGCACGCGTCCGACGGCGTGGAGCACGTCGTCATTCTGGAAGGGCTTGACAATGTAGTCATAGGCTCCGCTGCGCATGGCATTCACAGCATGCTCAATGGAGGCAAACGCGGTCATGATGATGACGTCGGTGGCAGGCTGGAGGTTTTTGACGTGGTGGAGAATATCCTCGCCTGTCAGCTGTGGCATATAGAAATCGGAGAGCACCAGGTCGAACTCCTGGCGGGAGAGAACGTCTACCGCTTCATGGGGGTCACTTTTACAGACAACGTCCATGCCTGCCTTCTGCAGGAGGCGCTTGAGGAGACGGCACATGGCCTGGTCATCGTCAACAATCAGGATCTGTGTCATCTTTATGCTCCTGTTCGTTAGTCTGATAGGCGGGCAGGGTAATGGTGACGGTGGTTCCCTTGCCTGGCGCGCTTTCGAGGAGAATATCGCCGCCATACTCCTTGATAATGCCATAGGATATGGCCAGTCCAAGGCCAGTGCCGCCGGATTTGGTGGTATAGAACGGCTGGAAAATTTTTTGCTGCTGCTCGGCGGGAATGCCGGGTCCGCTGTCGGTAATGGCGATCATGACCGTATCCCTGCGGGTGAAGGTGCGAATGTGCAGCCTGCCCCTGCCCTCCATGGCCTGGATGGCATTCAGGACAATATTGAGGAGTACCTGCTTGAGCTGCATGGGGTCTGCCGATACGTCGGGCAGGTCGGAGGAAAAGTCCCTGTCGATGGTAATGCCTCTGGTGGCCGTCTGGTAGGAGACCAGGGTCATGGTTTCGTCCAGCAGCTCGTTGACGCAGGCGAGGGAGGTACTGTGGGAGGGAACGCGCGCGAACTGCAGCAAGCTCTGGACAATGCGCCGGCAGCGCAGCGCTTCCTGCTCAACGACCTTCAGATCCTCGTAGAGGGGGTGGGACTCGTCCACCTCTTCAAGCATGATACGGCAGAAGCCGGTGATAGCGTTCAGGGGGGTGCTGACCTCATGGGAGACTCCGGCTGCCAGGGTTCCCACTGCCGCCAGGGTTTCAGCTCGCACCATCTGGGCCTGGGTCTCCCTCAGGGCGGCTGTCGCCTGTTCCACCCGGTGCTCCAGATTTTCGTTCAGTTCCTGCAGTTCCTGCAGCAGGCTGTCTTTTTCGCGGTGAATCCTGTCCAGACGCTCAGCCATGGTGTTGAAGGCTTCGGCCATGATACCGATTTCATCGCGGGTTTTCACCTCGACCCGCTGGGAGAAGTCGCCCCGGGAAATGGTCTGGATACCTCCGATGAGGTTCTGTACCGGGCGGGTAATGCCGCGAATGACCACCAGAAAGATGCTGGCGCAGAAGAGCAGGGTGAAGGCGATGGAGAGCAGGATGGCGTGGCGTGAGCGTTCGATGATGCGATTACTGTTGCTGTGAACTTCCAGCCACATTTCATGGGCCGCGTGGTGGGCGGTTTCCAGGGCGCTGGTGATAATCTGCCCGTTCTGGGTGGCCATCTGTTCGCGAATCTGCCGCTGCAGTGGGTCGCGGGTAGTGATGAGGACGCTGACATCCCGCTTGTACTCTTCCAGCAGTTCATCGATATCGGAGAAGATATTGTTGACACTGAGCAGCCTTTGCTCAATACGCGGATGGCACTGCATGCAGGTGACATCGCCGAAATGGTTCTGATATTGTGAGGAGAGGATATGGCGGTTGTTTTCAAAGGACTCTATGTAGGTAACCAGGTCGTCGATATTGCGGCTGTACCCGGCTTGATGGCGGTAGAGCTCGGCCTGGGCACTGCGCATGAAATAGAGCATCTCATTGTAGATACTGATGATCACGTTCTGCTCGCTGGCAATACCCTGGTTGACGATGATGGTTTCCAGGTGGCGCAGCACCATGAGCGCTCCCATGATGAAGAGGAGCATGGCCAGGCCCAGGCCGACAAAGAGTTTCTTTTTCACGAACGTCTCTCCATATGGCTCCCCTAATCGGCAAAGCTGAAATGGCTTGAATCGACTCCCAGTTCATACATCATAACGCGCAGCGAGTCGAATTCCTCGTCGCGGGTTGCCACGAACGAGGATGCCTCCAGTTGCTGCAGGGCCGTGATTCCCTGCTGATAGGTATGCATGGAGACCAGGGTTTCCTGCAGGCGCTCCAGCAGGGTGTCCGCCAGGTCACTGCGCAGGGAGAGCGTATTGGAGGGGACCGGCTCGGATATGGTTAATATCAGCAGGCCTTCCTGCAGTTCAGGCCAGTCGCTCTGCATGGCCCGAATGACATCATCTTTGGCGGCTCCCAGGTGGGCGTGCCCGTTATACACCGCCAGCACGACGCTGTCATGGCTTCCCATATAGCGAACCGTGTTGAAATACCAGGACATATCGATTTTTTCACTCTGATAGAGATACCAGCGGGGAAAGAGTGCACCCGCCAGGGTTGCCGGATGCACCAGGGCAATGTCCTTGTCTTTCCAGCTGCGGATATCTTCGGTAATGCCGGTATCGTGGCGGGTGAACACAATACTGCGGTAGTCTGCTCCGTGGGTCAGGTCGACCAGACGGGCAACGGGGAGAACGTATCCTCGTTCGTGCATCAGCACATAGTTGAGGCTGCCAAGAACGGCGGCATCAATAACCTGTTCTTCCAGTTCGCGGGCAATGGCACCATAACTGTCCAGCAGTTTGATGCGAACATTCATGTCGAGGACATCGGAAAGGTATTCGGTGAGGGGCTGGTAGCGGCGACGCTGTTCAAAGACATTCTTCTCCGGCAGGACGCCGATGACCAGGGTTTCTTCACGTATTATCCGCGTACTGGGAGCATTGACCTCAGAGGGGTTTCGCTCACAGGAGCTCAGCAGGCCGCAGATCAGCAGAAGCGCAGACACCGCCAGGATGGGAAAGCGCCCCATGGTTTCACCACACCTGCAGTGGGTTGGCTTCACAGCTGCTTTTTACCACCGTGACCGTGGGAAAGGCGTCGCAGATAATTTTTTCCATCAGATCACTGAAAATGCGCTCAGTTCCGAAGTGCCCACAGTCGATGACTGTCAGGCCATTTTCAATGGCCCATATGGCGTCATGGTATTTGAGGTCTCCGGTGATATAGACATCAGCCCCTGCCTTGCTGGCCTGTTTGACCAGTGATCCGCCAGAACCGGTGACAACAGCCACCTGGCTGATCTGCTCCGCTCCACCATTGGCTACACTCACGTGGGTGAGGCCCAGGGTCTTTTTTAGCTGTTCAACGAGCTCTGGCAGAGTTTTCGGCTGTTCAAAGCTGCCGATACGGCCCAGACCCACTGAGGCGCGTCCGGTCTTCAGGGGGATCAGGTCGATGGGTGGAGTATGGTAGGGATGGGTCATGTAAATGGCGTTGGTGACATTCTCCACGTCATTGACGTGGACGGTGGCTTCCAGGCGGAATTCGCTGCACTCTTCGTTCATCTTGGCGCGGTGGTCGTCAAGATTCTTGTAGGTGGCGCGACCTTCAGAGATAAAGGCGCGATGGGTGAAGGGGCCCAGAACGCCTGCGCCAGCCTTGTACATGGCCTGGGAGATGCTCTCCAGGGCGTCTTCATCCCGGGGCAGGCAGACGATCACCTTATAGAGTTCGTCGACGTTTTCCATCA
NZ_CP084704.1_gap3	27186	31874	4688	AGCGCGGCAGGAACAGCACAAAATCGGGCCAGAAGGTCAGCACCAGCAGAACCCCAAGCTGGATGAGCAGGAAGGGGGCCACGGCTTTGGTGACGTAGAGAATATTGCGGTTGGCCACAGTACCGGCGATGTACAGGCTGACTCCCAGCGGCGGTGTGGCGTAGCCAATACCCAGGTTCACGGTCATCAGCAGGCCGAAGTGCATGGGGTCGATGCCGAAGCGCGAAAGCATGGGGTAGAGGATGGGGGTCAGGATGATAGTGGCCGAGATGATATCCATGAACATGCCGATGAGCAGGAGGATAATCCCCACCGCCAGCAGGAAGATCCACTGGGAGTGAATGTTGGAGACCACGGCATTGGTGATCTGCCCCGGAATCTGCTCGAAGGTCAGGTATTCGCCGAATACGGAAGCGCCGGCCACGATGATCAACAGGGTGGATGAAGTGACCGCCGAGGAGACCACCACCTTTTTCACCTGGGTCAGCTTCATGTCGCGGTGGATGACGATTTCCACGAAAAAGGCGTAGAAACAGGCCACCACGGCAGCCTCGTTGGCGGTAAAGAGGCCGGAGTAGATGCCGCCGAAGATGATCACCGGCAGCATCAGCGCCCAGAAGCTGTCCTTCAGGGTTTTGAAGACTTCTGCCGGGCTCGGTTTGGGTGCCAGGTCAATATCGGGCAGGCGGCGGCAGTAGAAATAGGCATAGAGGGACATGGCTGCCATGATCAGGAGGCCGGGCATAAAGCCGGTCAGGAAGAACGCCTCCAAAGAGACATTGGTCACCATGGCGTAGAGAATCATGGCGATGGAGGGAGGGATGACCACGCCCAGAATGGGTGCGGTGGTCATGACGCCAATGCTGAACTGTTCGGGATAACGGTGCCTGATGAGGGCGGGAATCATAAAGCCGCCGATGGCCACCACCGTGGCCACCGTGGAACCGGAAATGGCCCCGAAGAAGCCGCAGGCCAGAATACCGGCCATGGCCAGGCCACCGGGCAGGGAGCCCACCAGCACGTTGGCAGTCTTGATGAGTTTTTCCACAATGGAGCCGGTGGTCATGATATTGCCGCACAGGACAAAGAAGAGCACCACGATGAGGGCGAACTTGTCCATGCTGCGGTAGAGGACTTCGATGACGATCATGGGATCTATGCCGATGAAGTAGCCAAGTCCTGCCAACCCCACGAAAAAGAGCACAATGAACACGGGAACTGTGGCGGCCAGGGCCCCCAGCAGCAGGGCCAGAATGATGAGGTATGAGGTATCCATGCTACGCGCCCTCCTCATCTGAAGTCGGGCTGCGCCAGTCCTGCCAGTCTTCCACAATCTGCATGCAGGTGCGGATGAACATCATGAATCCCACCAGGGGCAGCAGGCTGTAGAAATACCACTCGGGAATCTGCAGGGTAGAGGTGCGGGCAAAGGGATCGTCATATACCAGTATGGTCATGCCCAGGCCGAGCCAGATCATGATACCGGCAAAGACCAGTACCGCCACATGGCTCAGCACGGTAAGGGGCTTGTGGAAAATGGGCAGGAGCTGGGGAACGGCATCAATGCGGATGAGGGCCCGGCGGCGGATGGCGGCGCTGGCTCCCATGAAAGTGGTGAAAAAGATAACCTTGCGCACCACTTCATCAGACCAGTAAAGGCTGATATCGGTGGTCTTGCGTAGAATGATATTGGTCATGGCGGCGAAGAGAGCCATCATGACGGCCGTGAAGAGGCTCCAGTCTTCCACATGGCCAAGCAGGCGGTCCAGAAAGCGAAATGCTCGTTTCATACTGACATGACTCCAACAAAAAAAAGCCGGGAAGCACCTGCTTCCCGGCTTTTGCAGGCTTCTGAAAAACCCGCTGATTATGCCAGTAAATGATTTATTTTTCCAGCGAATCCCGCACGCGCTGCAGATAATCGGCCCCGATCCGTTCACCCCAGGTCTTGTACACCGGCTCAGCCAGCTCAATCAGGCGTTGTCTGTCAGCGGCTGAAAGGGGAATGAACTCCACGCCCTTGGCTTTGGCAGCGGCGATCTGCTCCTCGTGCTGAATCCTGGCCAGCTCGCGGGATTTGGCACTCTCTTCGGCGATGACATCCAGCAGGATTTCGCGCAGATCAGCGGGCAGGCGGTTGAGCCAGCGTTCGTTGATCAGGTGGATAAAGAGGCCCTGGGCGTAGTTGACTTCGGTGAAGTACTTGGCCACATCGAATTTTCCGGTGATATTGCTGACGGTGGGTGTATGGTCAAGGCCGTCAATGACGCCGGTCTGCAGGGCCTGGGGAACATCAGGCCAGGGCATGACGGTAAAGCGGTTGCCCCAGGCGCGGTAAATATCGATATTGACGGGAGCTTCGGCGATACGGAAGTTCACGCCCCGGGCATCTTCCAGGCTGCGTACCGGCTTGGTGGTGGCCCAGCCGTAGGTGCCGTAGCTGGTGATATCAACGGCGATGACTCCCTGGCGACGGGGGCTCTGGCGAAACTCTTCAAAGAGTTCTTCATCTTGAATGAATTTATCAAGTTTTTCGAAGGTGTCCACCACATAGGGCAGGTTCACGATTCCAAGCTTATCGGCCACATTGGCGGCTGCCACTGACGAAGAAAGCATTCCATGTACCGCGCCCATGCGCAGCTTGCTGATAACATCGCGCTCGCCACCCAACTGAGCCAGGGGACGGAAATCCACATAGAGTCTCCCGTTGGAGCGTTCCCAGACCTTGTCCCGGATGCGGTATCCGACGCCAACACCCTCAATGGCCGGGTGGGATATATTGGAAAGGATGTAGGTGTGCTCAGCTTTACTGGGATCAAAGGAAGGTTGCCAGGCGGCAGTGGGGTCGCTCTGGGCCTGTGCCGGCAGAGCAAGGGCGATACAGAAAACCAGTGCGCAGAATCTTCGCCAGGAAGCTATCATGTCTCTTCTCCTTTTTAAAACAGCGGTTGAGAGAATCTAGCATAGGGTCAGCAAAAAGAAAACGGATGATTCAACCGGTGCTTCGATTTTCTTCTTCAGGAGGGGTTTCCCCTGACCGGTATTCGAGCGAAGCTGTTTGAAGATGAGCATAATCCCCTTATTTCGATAAAATTACTTGACTTTTAGGGGGAGTTGTCAAACTATTATCCCCATGAAAATCTCACGCGTATTCGGCGCTACCATGCTGGTGTTGTTTCTGCTCTCCCAGAGCCTGATGGCGGGGAGTGTGCACAGCGTTGCCATTTCCGATGCCGGGCAGCTCAGCATGGACTCCGGCCACCACGGCCATCATAGTGCTGTCGATACCTCTTCTGACAGTGGCGAATGCGGTGACATGGCCAGCGGATTCTGCGACAGCTGCATCTGCCTGGCACCAGTGGGTCCCGCAGCCAGCCTGAGCTTTCATGGCAACCTGCTGGGCGCCCCTGTCATGGAGTACCACTCTTTCCTGCCCGATCCCCTCAGCGAAATCCTGCCCGAACCACCCCTCGCTTCCTGACAAGAGCTGCTTGCCGACCGGTGTCGGTGTAACGTTTTTCGTCAGGAGAAAATCATGGGAGCAAAAGCCCCACTTTATCAGACACTCTCTCTCGTCTTGTTTCTTGGCCTGTGGCCGAGCATAGCGTCAGCGCTGGAATTGCCCCGCGCCCTGGAAATGGCTCACGAGCGCGACGGCTCCTTGTCTGCCCTGGAAGCCCGTGTCAGCAGCCTGCGCGAGCAATCGGTCGCTGCGGGGCGCCTGCCCGACCCAAAACTGCTGCTGGGCTATGAAGAATCGGAAATGATGAGCGAATTCATGGTGGGAATTCGTCAGGAATTCCCCCGCTCCAGTCGCCTGAATCTGCGTTCCCAGCAGTTTGAGCATCAGGCCGATGCCCAGCTGGCCCGTCAGCAAGACTGGCAGCGCCAGCTCAACCGCAACGTGCAGCGGGCGTACCTGGAGCTGTGGTATCAGCAGCGGGCGGTGGATATCGTGAACCACCACTCCAATCTGCTGCGCGACCTGGCCGACGTGGCCCGTCAGCAGTACGCCGCCGGCCGCCTGAGCCAGCAGCAGATGCTCATGCTGGAGCTGGAGCAGGCCATGCAGCAGGATCGCCTTACCGGCATTCTCTCTGCCCGCGACGATGCCCGCTCCGCCCTGGCCCGCTGGGTGGGCGAAGCCGCCTGGCAGCAGAAGCTGCCCCACGACCTTCCCGCTTTGGCCAATGTACCCCCAATGGATGAGCTCCTGTCAGCGTTGCCCGCCCATCCCGCCATTACGGCGGATGACGCCGCCATCAGGGCCCTGGAAAGCGATGTGCGCCTGGCCGGGCAGCACTACAGCGGCTTCATGGTGGATGCCCTTTACGCCCGCGCCGACAACGACGACCAGACGTTCACCATCATGCTGGAGGTAGGTATCCCCATCGCTCCCGGCAGACTGCAGGAACGCAATGCCAGTGCGGCCCGCCAGCGCTCCAGCGCGGCCAGCCTCGATCGGATTGAGAAGCTGCGCCAACTGGAAAGCGACCTGCGTACCCAGCATCAGCGTTGGCAGCGCCTGCAGGAGCGCATTGAGCTCTCCCGCACCACTGTGCTGCCCCACAGCCGCATTGTCAGCGATGCCGCTGCTTCCGGCTACCAGAACCTGAGCGCCAATTTCGATGGCCTGCTGCGGGCTGCGGTGTACGAACTGGAAAACCAGCTGCGCCACCAGCGCCTGC
NZ_CP084704.1_gap4	39034	39745	711	TTGTGCGTATTGCTGAAGCGGCAGATCTCCTCGGCGTTTCGCGCCAGTGCATCTACCAGTATATCTACAGTGGTCGCCTGACAAAATACGTCGATAAGCGGCATCAAAAAAGAATCTACGTGGACATGAACGAGGTCAGCGAGCTGACACGGCCCAGTATTGTGCGGGCTGATCAGCTGCCTGACGAATAGGAGGCAGACATGGAACGCACCGAGCAGCACCCCACTGAAACGGTAGAGTTTGTTGTGCCGGGAATGGGCTCCGATCACTGCGCCGGTATCATCCGCCATACCCTTGGTCGTCATTCAGGAATTCAGGACATCCAGACCCATATCGCCACCCACAAGGTCAGGATAACCTTTGAACAAACCACAATTTCTGTAGATTCGCTGCGCCAGGCCATTGAAAATGCCGGTTACGATGTGGTGGGGCAAAGCAGCGAAGAGCATGACCGGGAAGCTTTGTCAGAGGATGGTGAAAACCGCCACCTTGCCATGACCTACCGCAATATGTGGATTGCCCTGGTGCCCGCCACACTGATTATGGTGCTGATGGCACCCCACATGTTCTGGCAGCCTGTGCCAGGCTATCTGGCAATCATCAGCCTGCTGGCTTTTCCGGTGGTCTTTCTCCATGGAGGTGCCCAGACCCACCGATCCGCCTGGCGCTCCCTGAAAAACCGCACCGCAAACATGGACGTACTTATCTCCC
NZ_CP084704.1_gap5	142006	145798	3792	AGTCACTTGGAAACCAAAGCTCGTCAATAGCATCCTCCAGCTCCCAGCTCTGCCCCAGGTCTTCACTGATTCCATAGACGATTTTTCGCTCGCCGCCTGTACTGTCGGCAATATAAGCAAGGTACAGTGTATCGCTGTCGGGGGTGTACAGCAGCTCCAGGCCAGTATAGGAGCTGGTGAAGTTTTCGCCGATCAGGGTGCGCTGCCAGGATCCGCTGCGGTTCGTGGCATGGAACAGAATGTTTGTATCGTCGTTTCCATTGTACAGGGCGTGAAGAAACCCTTCGCTGTCGGATACCATGCGCACGAAGCCCGCCGGCATTTCATCCACAGTTTCCGGGGCAGACCATGGGGGCTGTCTGGCTATCAGGCGGATGGTGCTTGCGTCCAGTGCCGTGTCATATACGCGGAAATCGTCCATGACCCCGTTGAATAGCTGATCCGCAAAAACACCCTGTGGCTCCGCGTTGTTTCCGAGGTAAGCGCCGATGGCGTTATACCAGCCTGGCCCAGGATTGTTCAGCGAGCCTGCAGGGAGCTCTTGGCTTTCCTGTAATGTCCCATTGATCCAGATCTCGATACTCTCGCCACGACGGTATACCCAGGCGAAATGAGCAAATGTATCCAAAGGAAGAGAGTCTGCGTAAACCCAATGCCAAACTTCACTCGCCAGTTTTACACCAAACCTCATTTGTCCGGGCTCTGGGTCAAAGTGCACCTGAAGCTCCCCCCCGTCAAAGTGGGTGAAAACGTAGGACTCCTCTTCCTTTGAAGAGTCTATCTTCAGCCAGGCAGAGATGGAGAATGCGTCTATTTCAGGGAACAGTACCGGTGGTACCCGAACATAAGCGTCCCCCGCGCTGAAATCCAGAGCCATTCCTACTGGCCCATCATTTCCAAAGTGGTAGGTACCATAACCTACTCCATTGAGTTCATTCTCGCTGGAATCCTGGAAGTTCCCCTCGAACTCGTAATGAACAAGCAGTGTAGGTGTAATTTCCACCTGAAGTACAAGACTCCACTGATCACTAGAGGATTGGCTTCCCCCGTAAGAGCCGTAGTACAAATGGATAAATTCGGACAGACTCTCACTGCTATAGGTAAGCCGCACTGTTTCTTCTAGGCCTAGCGCGAAGAAACAGACCGTATATTCGAACCCTTCCTGCATCGAAACAGGCGACAGCAGCTCAATATGTTGCATGTAGTCTGGGGCCATATTATTCGGCAGCGATGGTTGACCATTCTGAAATTGAAGCGATATATCGCCTTGAGAATATATTGGATTATCGCCCAAACAACCTGCATCGCCAGGGAATATGGACAAAGCTACCCCATTAGTCTCCCCATTAGGAGCCACACTGATAGCATGCGCCAGTCCATCGACCGGGGCAGTAAAGCTCTGACCAACATAATCGTAAGCCATAGCCCCATGAGCGTACGTCTGCCCCAGTACAACCGGATTTGCTTGGACAGCTGTGACCTCACAAAAGAGAAGCACGCAGCTCAATAGCACCAGCAAGGCGCCCGTATACATTTTTTTTAGCCGGAGTGTTCCGAACGCGCTATTCATCAGTTCGGTCATAGCTAACTCCTTGTGAGATAGTGTCATGATGACTTGGGAAGCCCTGTAACTTTTTTGGTGCAGGTTGGTTTGGTGACTGCAAAATAACTATTGAAGCAAGTTTAGGAGGCGGCTTTTTCCCGCCGCCGGGGAATTCTTTCGGCAGTACCAGAATACGCTCTTTTCACAGCTCACCCCTTTTGCTGTTTGCGGATTCGCAGAAAAAAAAATCATTCCTGATAGTAGGGTGGTTAAAGGGGTTTGTAAATAGCTAACATGTGTTGACGGAGAGTTTACAGGCTCGATGGTCTCGTGAAGGTCTCAATTGGCGCGTATGTTTGCAAAACAGCGCAGGAGCAGGGAAACGAGTCAGAATTTTCGGGGAATACCATCCTGGAAGAGCAGCAGTTCGCCGGGCCAGATCATGGTCCAGGATTCGTTATAGGTAAGTGGGGTGGTGGCGATGACGGTCACCCGGTCGGCGGGGGTGGTCACCTGGCTGAAATCCAGGGTAATGTCCTGATCCACCAGGTGGGCGGACTGGAAGGGATGCTCGCGAATAATATAGTTGAGTTTGGTGCTGCAGTGGGCAAAGAGCCACTGTCCGTTGGAGAGCAGAAAATTGAAGATGCCGTGGGTGGCAATGTGGCGGGTAATTTCGGCCATGGCCCTGTACAGCGCTTCCGCGTTGGGGTTTCCCTGGGGAAAGCTCTGGAACAGGTGCTCAAGGATCAGGCAGAAGGCGCGCTCGCTGTCGGTGTCGCCCACGGGGTTGTAGCGTCCACCCAGGGTCGGATGGAAATGGTTCAGTTCGCCGTTATGGGCAAAGAGCCAGTATTTTCCCCACATCTCCCGCACGAAGGGGTGGCAGTTCTCCAGGGTGACATGGCCGTGGGTGGCTTTGCGGATGTGGGCAATGACATTTCTGGATTTGATGGGATACTGTTTCACCAGGGCGGCGATGGGCGACTGACTGGCGGGCAGGGAGTCCAGGAAGGTGCGGCAGCCGCCGTCCTCAAAAAAGCCGATGCCCCAGCCGTCGGTGTGGTGGTCGGTCAGCCCGGCCCGGGCGGCGAAGCCCTCGAAGGAAAAACAGATATCGGTGGGGACATTACAGTTCATTCCCAGGAGTTGACACATACTACACCCATCCCAGAGCCAGCCACCACAGGGGCAGCGTGATAAAGGAAAACACAATCCCAACCCCAAGAAGCAGGGGAACCAGTTGAGGACGCAGACCGTACTCCATGGCCAGGATGCCTCCCACGATCATGGGTGGCATGGCTGCTTCGAAGATGGTGACCTGCACGATCTCCCCTCTGCCTCCCAGCAGCAGGACAAAGAGGACGAATATCGCCAGGGGAGCCAGCAGCATCTTGAAACCAAGCCCCAGGGCCAGCTCCCGCTCAAGGCCCCGGAGTCCCCGCACGGTAAAGAGGGTGCCCACCGAGACCATGGCCAGCATGGGAACGGTGCTGCCGATGGTGCTGAGGGTATCCGTCCACCACAGAGGATAGGCAATGGGTCGCAGGAGCAGGGCCACAATGGCGGCAATGGCGGGCGGGAAGGTGAGGATCTTGCGGGCTATGGCAGAGGGGCGGATGTTGGCGCGGGAGGAAAAGATTCCCGCGGTGACAATGCCGGCGGTGGAGAGCACCAGAAAGCTGCCGGCCTGATCGGCGATAATACCCACCGCCAGCATATGGGAGCCGTAAAATGCGTCGATCATGGGCAGGCCGATAAAGGAAGTGTTGCCCATGCCCCCCAGCAGAATCAGGCAGCCCACGGTGGCGCGATCCAGCTTCAGCAGTTTGCCGACGACGAGGAAGAAGGGGATGGCCAGGCCGAAGGTCAGCCAGGGCATGGCCACGGTGAACAGCAGTTCCCGCTGAAACTCCAGGCTGTGTATCTGTAGCAGTACCAGAGCGGGCAGGCTGATATAGATGATGACGGTGTTGATCACCTGGGGGGCATTCTCGGCGATGCGCCCGGTGTGGCGCAGGATGGCTCCACCCATAAAGCACAGCACAACCATCAGCAGGCTCTCCATGGTACTCCTTTCGTCACTCTTCGCGGTACAACGGCACTTGCGCCCATATTATCCAGGTTCGCCATCAAGGCATTGGCGCGAACGCTCCTGCCTGCTGCAATGCCTTGCCTGTCAGCAGGCGGGCGGCCTCTTCCAGAATGCCTCGTGCCTGTGCCGGGGTTTCGTCCAGGAACTCCAGTCG
NZ_CP084704.1_gap6	190165	194393	4228	TACGTGCTTCGTGACAGGCGGAGAAGATGCGCTCAATGCCTCGCCCCCAGGCTTCAATTTCACCGGCGCGGAAGAATGTATTCGCGACATCAGGATTATGGGGCTGGGATATATGCGGCTCCAGCAGGGTCTGCTCGGTCCAGCCATCCGGCAGCACGGCAGGGTTCCAAAGCACCAGCCGGTCATCATAAACACGAATCTGTATCGGAGCCGTGTTCATGTAGTCGCGATGGACCAGCGCATTCAACAGTGCCTCACGCAGCGCTTCCCGTGGCACCGGAAAACGCTCTACCCTGACAATATCTTCGTAGGTGACTACCGCTTTCAGGTATTTGGTCATCAGTAAATCAAGGGCGAGCGCCGCCTGGGTAAATAAATCGCCATTGACCTCGTCGTGGTACACCAGATCAGCATCTGGACGGAAGTAACCGATTTTTATAAAAGCCCCACTGAAGAAAGACAGTGGATCGGGATGGAACAGCAATGCCGCAGCTCGCTTCAGATAGGAACCCTCCATGAGCTTCAGCTTATCCAGCAATGCCGCATCAGGCTCTTTCAATGCAGCAGCATCCAGCCTCCCGCTGCGCCGAGCCAATTGCCGAAACTGAGCAAGAGCTGAAGGAGACAGGTCAGCTACTGTCACGCCGGGAAGGGGCGAGCCATCCCATGTGCGGCCATAGCGATTCAAAAGAAAGCGATCCAGCGCAGCTCCCTTGAGCAGCTGATTGGTGTTGCCGCTGCGCAGGTAATACTCACCCTTGCAGCTGATCGGGTTGGGGTGAGCCTCTACGACAATCTCCAGATACTCCTTATCACCCTCTGTGCACAAATTGACTGCTACCAGGATACCCAGGATATCCCGAACCTTGTTGGGCAGTTCCTCCAGTAAGCGATGCGCATCCGGGGCGCCAGTCACCTGGCCCCTGTCGTTGCGGCCAATGAACAGTACACCACCACCTGCATTGGCAAAGCCGCAAATCCACTTGAGGTGATCATCGCGCCAGGATTGTTTGTATTCAATGTTTTGTGTCTCAGTCATTGGCTTCCCTCACGATATAACCTAGTGGAATATAACCTGGGAGGCACAACAGTCAGTCCCCCTGATCCGCCGTGCCCTTTGCTCATCCATATGACGGCAAGTTCGAATTTGCATTTTTACCGGCGTTTCTACCGGCGCTTTTTGGGGCCCTACATATGAGCTTGCGATGGTTAGGCACGGAAAAAACGTGAAACAAAGGGAGTCAAAGGCGTGCCCCGTACCTGCTCACTCCGCCCAATTACGCTCTATTCATAATCTGGTGCACTTGATTTGTGGATGTGCCAAGTGCGCCGATAAAGTCGCCGATGTCCCGCCCTGACTCGTCAGTGGGAGCGCTATCCGTTGCACTCACACGGCTGTACTCGTACCAGCCGTGATCCAGCTCACTATCCCACGAGTCAAACTGCAGGTCAGGCAATTTACTGCTTGATTTCATTAATGGATTTGTAATGTAAAGGATAATCTGCAGAACGGACCTTTGACCAAGTATCTGCTCGCTTCGCAACCTCTGAAAATTGCTGTCCAGGGGCGATCCGATTGAATTCCCCATTAACTTTCATGGCCCAGTCCCACAGCAGATCACGAAGATCGGGAGAAATATTTTGGTTTCTCCAAATTTGCTCGAGGTCAAGTCTATCACCAAGTCGATTAGCGACAACCGCAACAACATAGGAGGCAATGTTTACATAGCCTTGGCGGAAAATCGCCTTTGCATCTTTGGTCTTAATCATGCTCTCTATTGCCTTGAACAAGATAACTTTGGCAATCATTGTTCGGTACCAGCGAGCGTCCAATGGATTAGGGACGATATCTGGCTCATTATCAAGTGTGGACATAAAGGCGGCGAAATTCTTCTCGCCACCAAGTGCAACGTTGAAAGGTTTTTCACGCCAAGCTTCATGGTATTTTGCGATGTCGTTCTTAGTGAGCTTGCGGCGTGGCCCAATCATTTCTTGGAGCCTTTGCCGCTTGGCTTTTGTAGTGCCCTCTTTCAGTAGCATGACATTGTAGGCACCTGCAGCACGCTCGTAAAACCAGCGTGTTGCACCATCAGGACACCAAGTGTCGTTCGCTAGTTTTTCAAGTTGAACATGAAATGGACGGTTCGCTGATAGATCCGACATTTTCACCGTGTTCTGGCTGTTTGCATAGCGTGAGACGTTGCTGATCAGGTGTTCGCGCTTATCATCGTCAGAACCCTTAAGGATGATTATCTTGGCGGGAACCATTACATGGCTCAAGTCAATGGTTCGATCTTCGCGCGATGCAAAGTAAATTGATGATGTTGTCTGACCTCCATTAACTATCTGCAGCCCCTTTATCAAGGAAATCCCAAGATTCCCGTCATCGGTTCGTTCGAATATGGCCTCATCGCAAACGAGGACGAGACCATTGTTGAAGGCAAGAAAATGCTCAGGCTCCTTTCGGAGCGTTTCAACGATTCCTTTATTCACTGCACGCTTGGCACCGAGAAATGTCCTAACGTTGGCTTCGAGAAGACGGGTACCGAATCGTAGGTAGAGGTCGCGGATAACTTGCCCCGGAATAGCTGTTAGGGCGTACTCGTAGTCTGCGTCTGGGTCCGGTACATGGACACAGGGAAGGGGGCGACCGATTGACTGGACGAAACTCACAGCCAACTCGTCTCGCGGCTTGCCCACAGTGTGGCGGAACAGCCTCTCCATATCCATGGCTTCAATGGCCACCATCTTCTGGTGTACCTCCTTGTTTGAGAACCGTTTGGTCTTGGTCTTACCATCTGTAATCACGAATACGCGAAGTCGGTCGATGTCGCCCCAGCGAGAGCGAATGTTTGCCACTAAGTCCCTGACCGGATGGGTCGGATCAATCCTTGCGTCTAGGTTGCCGCTTGCCGCACGAAAGAGAAAGCGAACGCCTTCGCTTGCAGTTGCGCTGGCATCCGAGTCCCTGAGATCGTTCAGCTCCTCAGTCCCAAAATAGTGGGTCACGAACAGGTCAAGAGCCGTTTCATCGGAGCTGAGCGCATAGCCCGTAATACGAAGTTTCGCGTTGCCGATCTTGCCGTTCCAGTGGCAAACGGTTGGGGCCTCGCAGATCCCGGTTTCTGTGATATGCTCCAGGACCATTTCTGCGAAAACGAGCTCATCGGAAGGAAAGGGACCTTCGCCGGCATCTATACGCTCGGCGATAATAGTCTGCAGGTCAGAACGAAAGTTGCGGTGAAATTCTTCAAGGCTCATGTTAATCCAATCCAAACTTTTTCATTAGTTCCGGAAGCTCGATCGAGGGGACTCCAAGAGCGTCAATATCGAGCACGTAGGCAGCTGAACGGATAGCAGCAGGTAGGGACCCGCGCTTCAGACGTGGCATTCCACCTTCCGAGAGAAACGCCCTCGCATCCTTCAGTATCAGCGTGCGAGCGTACAGGTGTGCATGCTCGTCGAGATAACCCATCACCATGAGCAGCGCCTCAAACCCACGCTGAACACCTGCCAGTCCAAATCTCTCACGGAGGTGGGACACCATATCTACGAGCGAGATCCCCTCCGTATTCTCTTCGAAGTGCATGGCACAAAGAAAAATGGGTGCCCTTTCACCATCCAGCTGTTCGATGCTGTTGATCCGCACGAGGAAGCTGCCGGTCCGGACCGTGCTCTTCACCTCTATCGCGCCACCCCGAACATGGAAGTCCTGTGCAGCCCGCAACGGTCCCTGCCAGCAGTCGAGAGCACCGGCTCCGAGGGAGGTGTCTGTGAGCAGCCTGAGCATCCAGAGTTCGCCGAGCAGGCCGATCTGCGCGTCGGACGAAAGAGGACGGTGCGTTCTGGCCATGAAAGCCTGCCATTCCCTGACCCGTTCGAGGAAGGTCTCCATAACATCGCGGTCCGCGCTGTTGGCTGCTGTCTCCAGAGTTCTCAAGACATCCACGACCATGATGGCGAAGATGTCGGGGGGGCCCTCTGGCCGCCTGACGAGAGCAATCGCCGTCTTGCCTGTGAATACGGACTGACCCTCGATGCAGGAGACATCGAAGCCCTTGCCTTCAGGAAGCCTTGCCGGATTCACCGGCCACGATCCTGGAAAGGAGACAATCAATGCCTCCCGTCCGAGGGGGAAGTGACACCCCGCCTCGACCGAGACAGCGCCCATATCGGTGAGATGCACAAATCGCCAGTCTTCCGCCGCTTCCTGTCGTGCGAGCGCTCG
NZ_CP084704.1_gap7	205894	208765	2871	CAGGTTTTTTTGATGGCGCGGGAAGCGCTGCTGAGGTACATAGGGGAGCACTTTGCCTGTGAGGAGCGGTTGATGCGCTGTCACGGGCTGGATGTGCGCCATGTTCTGCTTCACCTGCGCGAGCATGAGCGCTTTACTCATCGCGCCTACATGGTGGCCCTCTCCCATGGAGATGACTTCTGCGTCGATGACACCCGCCAGCTGCTGGAGTTTCTCATACACTGGTGGCACAGCCACCTGCCTACGGATCGCAGTATGGCCCGGCAGATTGCCGCCGTTCTGGCAGGAAGCCAGGCCAGCGACGCTTATGATGATGACTTTTCACGATTTACCCTGGAAGCAAAGAGGCAATCATGACCATTTCTGAACAGAACCCCCTTGATGGACAGTCCATTCTCTATGTGGATGCTGACGAGACAACCCGTACCCTGATTTCCCGCATGCTCAGCAAGCGCGGTGCCCGCGTGGCGGCTGTCGCCTCTGCCGGTGTTGCCCTGAAGGCTTTCCATGTTCAGCCTCCCAGTACGGTGATTGCCGGTCAGGATGTAGGTGAGCCCGCGCTGCCGGAATTTATCCGTGCCCTGCAAGGGGAGAATTCTCCAGCAACTCCTGTTATCCTCTACACGGAAAGTTCGCTGCAGGATGCTGCTGAAATTCCGCACCTCTTTCACGTTCCCCGCAACGCCGGATTCGGCGTTCTGGTGAAGGTTCTGCAACGCATTTCCTGAGTATGGATGGTGTGGCATCCGGCTGATCCGGAGGGCTCCTCTGCCACGGAAAATCTCCCCTTGAAAAGAATTTTCGCGGGCCTATAATGCTTAGCTCGACTTCGGAAAATCACGGGGAGCCTCATGCGCAAAATCCGCCAGGACAGTATTGAACGAGTACTCAACGCGGTGGATATTGTCGAGATTGTCGGTGGGCATGTACACCTGCGCAAGGCGGGCGGCAGCCACATCGGCCTCTGTCCTTTCCATTCGGAGAAAACCCCATCATTTCACGTTACCCCGGACAAGGGGCTCTACTACTGCTTCGGCTGTGGCGCCGGGGGCAATGCCAGCAAATTCCTGATGGAAAAGCTGGGGATGACCTTTGTGGAGGCCATGGAGCTGCTTTCCCAGAAAACTGGAGTGGCGCTGGAGTACGAGTCGGGCACGGAGCCTCGCGAGGACAGTCGACGCGAAAATCTTTTGACCCTGAATCGCCGTGTGCTGCTGAGCTTTCGCAACCAGCTGGGCAAGAATGCACGGGCGAGGCAGTACCTGGAGTCGCGCCTGATTCCCGGACAGCTGATTGACGAGTTCGGCCTTGGCTACGCCGATGGCCGGGAGTACTCGCTGTTGGAGCTGTTTGAGGAAAATCACGACGATCTGTTGGAGCTGGGGTTGATTGCCAGTGGCGAAGACAAGCGGCTCTACGATCGCTTTCGCCAGCGGGTGATGTTTCCCATCTGGGATGCTGCCGGTGGCGTGGTGGGTTTTGCCGGGCGGGACCTGTCGGGCAAGAGCCCGGCCAAGTATATGAATTCGCCGGAATCGGGCCTCTTTGAGAAGAAAAAATTGCTGTATGCCTACCATATCGCCAAGGCGTCCATCCGCAAAAAGCGGCGCGCCATCGTGGTGGAGGGATACTTTGACGTCATCCGCGCCCACCAGCAGGGATTGACGGAGACGGTGGCGGTCATGGGAACCAGTCTTTCCACCTACCATGCCCGCCTGCTGGGGCAGCAGACGGATGTCTATGTGGTTTTTGACGGAGACGAGGCCGGTTTGCGGGCTGCTTTGCGGACTTCTGAACTGTTGACCCAGAGCGATCTGGCCCTGCGGGTAGTTTTTCTGCCCGATGGTCATGATCCTGATACCTACTTTCAGCGCCACCGGGTGGAACAGTTTGAGGAGCTGCTGAGCCAGGCGCGGGATGTGGGAGAGTTTCGTATCGATCGTCTCCTTGAAAGCAGCTCCGGCGATGTGACCCAGCTTTCCCAGGCGGTGCGGGAGCTGCGGGAGTTTATCAACCGCATACCCGACAGTATCCGGCGCCAGGCTTATGCCAATTACCTCAGGGAGCGCACCCAGATAGATCCTTTCGGGTCAGGGCAGTCGCCGTCGGGCCGTTCGCGCATGCGTCCTCCCCGCAGTGGCGGAAATCTGTCGACAGGGCAACCCCTTGGCAGCGAAGCTTCCGGAAGTTTTTTGCGGGAAAGTCTCCGGAAAGTCAAAAAGCCCGTTGATAAAAATGATGCAGCACCATACCTTCTTAAAGTAATGTTCTCTTCGGAAGAGATGTTCGAGGAGATATCCAGTGCACTGGGCAGTGATATACTGTCTGCGCCATACAGTACGATTAAAGATCAGGCCACATCCTGGCATCTTGAGCGGCTCCCCCTGGAGCAGATCATCGAGCGCCTGATGGACAGTCCTCTGGCTGCCCCCATGGCTCATATTCTGAGCCTTGATATTGGCAAGGAAGATATCCTGGGCATGACGCCCGATATTATAGAAAAAATAGAGTCCCTCTACATGCATCACCGCCATGAAAACCTGAAGCAACAGCTGTTCGCACCTTCCTCATCTGAATCGGGGGCCCCTCTGTCCGAGGATGAACGGCGCAGAATGCTGCAGGAGCTGCTGGAAATTCAGAGGGAGCTCACTTCATGACCCGCACCAAGTTCTTCCGGGAGGAAAATACTCAATGAAATCTACTGCTGAAGATCAGAAACTTTTCACCCAGTTGATGGAGAAAAGTAAGGAACGTGGCTTTATCACCTATGACGAGCTGAATGACTTCCTGCCCAAGGAGACCACGGATCCCGCCTTGATCGACTCCATCATCGAAAATCTTGGACGCATCGGCATACGCCTGGTTGCGACC
NZ_CP084704.1_gap8	345181	346364	1183	AAAAAATGCGTGCCGTCTGCCAAGTCCTTTTTACAGCATGAAAAAAAACGTTCAATCTCCTTGACAGACCCCACGGGGTTTGATAACTTCCGTAGGTTTTTTGCACACGGCACAAGTGCGTCTTGTGCCGGGATTTTTTTGATGTAGGGAGGTAACTACGGATGCCAACAATTAATCAGTTGGTCCGCAAGAACCGTCAGTTGCAGTTGTCCAAGACGGGCTCACCTGCCCTGAAGAACTGCCCCCAGAAGCGGGGAGTGTGTACGCGCGTGTACACGACGACGCCCAAGAAGCCGAACTCGGCGCTGCGTAAAGTAGCTCGTGTAAGGCTCACAAACGGCATCGAAGTGACGTCGTACATCCCCGGTATCGGGCACAATCTTCAGGAGCACTCGGTTGTCCTGTGTCGTGGCGGCCGTACCAAAGACCTTCCCGGTGTTCGGTACAAGGTCATTCGCGGCGCGCTGGATACGGCGGGCGTCAATGGTCGGCTTCAGTCGCGTTCCAAGTATGGCGCGAAAAAGCCGAAGAAGTAACTGTCGTTTTGAGGAGTTGAGGAATGCCTAGAAGAAGAGTGCCGGAGAAACGGGAAGTACTGCCTGATCCCATTTACGGGAGCGTGCTGGTTTCCAAGTTCGTCAACCGCTTGATGCGGGACGGCAAGAAGAGCGTGGCCGAGAGTATTCTCTACGGTGCGCTTGACAAGGTGAAAGAGCGATTTGGTGATGACGAGGCCCTGAACGTTTTCCAGCAGGCGGTGGAAAATGTGAAGCCGGCTCTGGAAGTCAAGTCGCGTCGCGTCGGTGGAGCAACTTACCAGGTTCCCGTTGAAGTGAAGCCCCGTCGTCAGGAGACACTGAGTATCCGTTGGATCATTGCCTATGCCAAGAAGCGCAAGGGCAAGGGTATGGTTGAAAAACTGGCCAACGAGATTACAGATGCGTCAAAGAGTTCCGGGGAAGCTGTGAAGAAGCGGGAAGACACTCACAAGATGGCGGAAGCAAACAAAGCGTTTGCCCACTATCGCTGGTAAGGAGAGGATTCAATTGGCTAGAGAGATTTCACTGCAAAACACGCGCAACATCGGCATCATGGCCCATATTGATGCAGGAAAGACGACGACAACCGAGCGTATTCTTTTCTACACCGGCGTAAGCCACAAGATTGGCGAAGTGCACGATGG
NZ_CP084704.1_gap9	487135	488022	887	GGAGTATTCTTCGCGCACTACCCGAATCTGGGGATGATTTTCTATCAGGCGGGTCATGTGGGCCGCCAGGGCGGCGCGATCCACGGCAAAGGCGCCACCGGCAGGAACCCGGAACTGACGGGCCGCCAGCAGAAAGGGCGAGTTCGCCTGCAGCAGTTCGCGCTTCAGGATTCCCGGCCCCGACTCCTCGGAATCGCCACGCAGGGAGTTGGAACAGAGCATTTCGCAGAAGTCGCCGCTGGTGTGGGCGGGGGTCATGATGTGGGGGCGCATCTCAAAGAGGGTGACGTTGACGCCGTGATCGGCCAGCAACAGCGCTGCCTCGCTGCCGGCCAGTCCGCCGCCGACGATGGTGGTATGCATGGTGGTATCCTTTGGTGGTTTGATTTTTTCAGGGTGTGGGAGCACTTTTCTGCCGCCATCTGGACCACCAGCGGCGCAGGGGCGAACGGCTGTTTTTCAGGAGCGTTTCAATGGCGGGCATACTCTCCTGGGCAGCTCTATATCCTTTTTCGATGAGCGCCTTGTACTGGCTGAAATCAGCCCAGTTGATCTGGGCCACATCGGGCCGCAGAATCAGATCGGCCTGTTCCACCAGCAGGGTGTTGTAGTTGCTGAGGATGATATCACTGCTGCGGAAGACAACGCCGTAGCCACGTTCGGGAAAGGGCATGTCCAGGGATTTGCTCACATCCACGGCCACCACCGGGGCCGGGCTCATCTCCTTGGCCGGAGGAGTGGGCGTGAGGTAGGAGGCGGCGCCATCGATGAGCTTCATGCCGTCGTATTCCAGGGGAGTGAAGACGCCGGGAATGGCGGCGCTGGCGGTGATGGCGGTGCGCACGGAACCGCTGCGAAAGAGTACCGGGGTGCCTTCCTCCAGGTCG
NZ_CP084704.1_gap10	490595	493627	3032	CTGTGCCGCTGCCATTGCCACCATGGAGGTCTTTGAACAGGAGCGCACCCTGGAGCAGCTGCCCGCTAAAATTGCGCGCCTGACTGCGGGGTTGGCTCCCCTGAAAGCGCATTCCCAGGTAGGTGATGTCCGTCAGCGGGGTACCATGGTGGGTATTGAGCTGGTTCGCGACAAGGCCAGTAAGGAGCCCTACGACTACCGCCTGCGCATGGGGCAGCGGGTGACTCTGGAGGCGCGCCGGCGCGGCGTCTTCACCCGACCTTTGGGAAATGTGGTGGTGCTGATGCCGCCCCTGTCCATCACCACCGAAGAGATCGACCTGCTCTGCCAGGTGATCGGAGAGTCCATTGCGGCCGCAACCTCGTCCTGAAGCGCCCGTGGAGGGTTTTTTCCGCTTTGATCCGGAAGCGCCCCTGTACCGCGAGCACTTTCCCGGTAATCCGGTGGTGCCTGGAACCCTGATTATTCATGCTTTTCTGGAGCTGCTGGAGCCTACGGGCCCCTGGCAGCCACGGCGCTTTCGTTTCCTGCGTTTTGTGCCGCCGGGGGAGTACCGTTACACCGTGGAGCCTGTGGAACCGGGCCGTGTACGCTGCTGCCTGTGGCGCGACGGCACTGCTGCCGTGCGTGGCGAGTGTGTGCGATGAAGCTGGATTTCTGCGACCACCGGCTGCTGATACTGGGGGGCAGCAGTGATCTTGGGCTGGCCATTGCCCGCCAGGCCCTGAGCGAAGGGCTCCATGTCACCATGACCGGCTCAGGCTCTGCGTCACTGGAGCGCATGGCTGAAGTGATCGGCCATGGAGATGGGCAAGCCGACGGCCAGCTGCTGGATATGAATGACGTGGGCAGCGTTGAAGCGCTGCTGCATGGGTGTCAAACAGCCCCCGGACTCCTGGCGGACTGCCTGCATCCTCACCTGGAAGGGCTTGTCGCCGCCGCTGCCATGGAAGAAGTCGAGGACTACTTCGGCAGCGCCCTGATCCAGCGCACCCGCCTGCTGCAGCACCTCAGCCGTGCCATGCTCTCGCGGCGCCGCGGGCGGATGGTGCACATTTCCTCCGGAGCCGCCGGACAACCCGCCAGCGGGCAGGGCTTCTATGCCGCCAGCAAACTGGCCGTGGAAGGCATCTACCGTTCGCTGGGGCTGGAGCTGGCCTCCCGTGGCATTACCACATGCAGCCTGCGCCCCGGCTATATTCACTGCGGACGCGCCCGCTCCATGATTGACGAACAGGGCCAGCAGCTGCTGGAGCGCATCCCTGCCCGGGAGGTGCTGGCAGTGGAGGATGTGGCCCGGACGGTACTCTTTCTGCTCAGCCAGTCTGCCAGAGGAATCAATGCCACCGTGGTGACCATGGACGGGGGGATGAGGGCGGGGAAAGGGTGAACAGGGGACGCAGCACCGCAAACCCGTGGCCTGCACGACTCTCAGACCACAGGTTCCAGTGCTTTTTCTGTAACTCTTTACGGTGTGTTGGCACTCGCGCCAGCATTCCTCCCAGAGACGCTCACTTTCGTCCGAGGACCTCCGTCTCTGCCGCTCGCCATCCGGGCGCGCTCTCGGAATACTGGCGCTCCTGCTGAAAATAAACGCAGGGGAGCCGTGAATGGTTACCCCTGAAGTTTCGCACCCCCCGAAACGGCAGGTTGTCGGGATCGACCCTGATGCCATGCTGGAATGGCCGAAATGATTCTGCGCAGACGGGGGTCGCTTGACACTGCCCTCACCCTGTTTATGAGTTTATTTTGCCACTTTTTTCCCGCAAAAAGTGGCGCAAAAAGCGGCCCCAAGTGCTGTCCTTTTCAGCCGTCCGCTTGCCTGGAACTGGGGACCGCAAACAACCGCCCTCCATGGCTTTTGGTTTGCGGTTGCCGCCCTCGTGGCGGCAACCCTGCGGGTCCATCGCGTTATACAGGCAATTGAAAAGCTCTCAGGTGCAAGGCGCAAGCAAGGTGAGGAGTGAGGCGTACTTCCTGTACGTCGCAGCGACGAGCACTTGTGAGCAACGCCGCAGATGAGGCTTTTCAGCAGCCTGACAGTCGGCGCGTCCTGGCTGGGCCAGCACACGGGGGAGAAGCAGAGGAAAGCCGTTCCCCCCTGAGCCCGTCCGGTGAGTGCGACGCCTGGCTGGCAAGACCCGAGCGGGACACTCACAGGAAGTGAGTGGTCCGGCAGCACTGCAGGGAGGCAGGGGTCAGGCAACGCAAAGAGACCCAGGTGCAAGGCGCGGGCAAAGCGAGGAGCGAGGCGTACTCCCTGTACGTCGCAGTGACGAGCGATGACCGGCAACGCAGCAGATGGGGCTCTTTGAGCAGCCTGCTGCCGGATCTCCAGAACAGGCGAACAATGAGCCGGAAATACGGGCGTTCGGGGGGCGCGTTTTTGTGTCCTTTTTGCGCGGTCAAAAAGGACAATATCCGGAGACTAAAAATGGAATACCAGATAAGTCAAGCATGCAGAATCAATACGGTTTCCGCGAGATAAACACCATTGTAATAACAGCTTAACTCAAGGCAACAAGATGCGAAAGTTGAGTTACCCTTTTCTTTGCATTTGCGCTGACGAAAAAAGACAAGGAACATTACATGCAAACATTTCACGTTATTCAACAGGAGCTTTCCCAGCTGCTGGACATGGAGTCCGAGGAGATTCAGATGGATTCCTATGTGGTCCGGGATCTGGGGGCGGAGTCCATTGATCTGCTGGAGCTGGCGGTGGCTCTCAACGCGCGTTTTTCGGTGCCGGTGCGCGACAGCGAGATTTTCCTCAAGCCGCTGCGCGGCCTGCTGGATCAGTGTCTGGTGGAAGATACCGATCCCTTTACCTGCCTGCGGCGACACTTTCCCTATCTGAGTCAGGAGCGGTGCCGCGAGATTCTGGGTGATCTGGAGGGTGGCCCGGTGCTGCAGGTGCGGGATCTGGTGAGTTACATCGACTGGAAAAGTACTCTGTGAGCTACGGTTCATGCAGCGGGTGGTGATTACCGGGCGTGGCGTTATCTGCTCCCTGGGGGAGCGTCTGCCGGATA
NZ_CP084704.1_gap11	496168	497174	1006	GGCCGGCGCGGTATCCTCTGTTTTGCGGCCCGCTATCCCACGGTACCCCTGGGACAGGCCATTCTGCGCATCAGCCTCAGCGCCCTGCACGATGAGCAGGACATACGACAGTTTATACAGACCCTCAAGGAGGCATGGCATGAAACTGGACAGGAAACCCAAACGACTCTTCGTAACCGGAACGGACACTGACGTGGGCAAAACCGTGGTCAGCCTGATGCTCATGCACTACTTCACGGCCCAGGGTCGTTCGCCTTTCTATATCAAGCCGATTCAGACCGGCTGCGCTCACCCCCACGACCAGGAGAGTGACGCCCGCTTCGTGTGGGAGCACCTGCAGACGGCACAACCCGTGGACCCCGCCGCCAGCGTGCTCTACTGCTTCTCTCCCGCCAAAGCGCCCTGGTTTGCCGCCCGCCATGGCGCGGCTGCCATTGATATTGATGAAATCACGTCCTTCGTGGCCCAGCGGGAAGCCGAACACGACCCTGTCATCATCGAAGGTGCCGGGGGCGTCATGGTGCCCGTCACCGAAGAACTGTTGATGCTGGACCTGATGGAAGACCTGGAGGCGGCTCCCCTGATCGTGGCCCGGGCGGGGCTGGGAACCATCAACCATACCCTGTTGAGCATAGAAGCCGTGCGTCAGCGCTGGAGCAAGCCCCTGGGCGTGGTGCTGGTGGATGCGGCCGACCCGGCGACGGAATCGTCCATGATCATCGAAAACGTCGAGGCCATCGAGCGTTTCAGCGATGTGCCGGTGCTGGGAGTGATTCCGCGACTGGAGAGCTTTGCCAGCTATCCCGCCGAACTTGAGGGCCTGCTGGCATCCATCGACGCGCGATTGTTCGCCTGACTTCCAGCGCTTTTACAACTGAAAAAAGGCATCCAGCCCTGTGGGCCGGATGCCTTTTGCGATTCGCGTATACGGGTCAGTAGACTGTCACAGCGCCTTGGCCGCCTTGCGGCACGCTTCGAGGGTGGCGTCGATGTCCTTGTCACTGTG
NZ_CP084704.1_gap12	527521	528626	1105	CAAAAAGCTCGACCAGATGAACCGCGCCCTGATCCGCGAGGTGACGGAGCGCAAGCAGGCTGAAGACGATCTGCGCAACAGCATCCAGTTTCTCTCCACCTTCCTGGATACTATCCCCAGTCCGGTATTTTACAAGGACGCCAGGGGTGTTTTCCGGGGCTGTAACGAGGCCTTCGCCCGCGATATTTTCGGTGTCACCACGGCCGACGTGGAAGGGCGTTCCCTGCGCAGTTTTCCCGATGTGATCGCTTCCCAGGATGTGGAGGACGAGGAGCAGCGCGATCGCCTGTTGCTGGAAAATCCCGGGCAGCCAATATCCTACGAGGCGAGTTTTCCCGTCAGCGATGGCAGTCGCCATGACTTTATCATCAGCAAGGACGCCTATCGCGATGTGGCTGGCGAACTCAGGGGTATTATCGGTGTCATGGTGGATATCACCCAGATGCGGCGTGTGGAGCGGGAGCTGCTGGAGAAGGAGAACCGCCTGCACTACCTGAAGCACCACGACGCCCTTACGGGGCTTGCCAACCGCCAGTTACTCCACGAGCGCATTCGCCGCTTCTCAAAAGCACACCATGCCCATGCAGGCAAGGCGGCGATTCTGATTGTGGATTTTGACCACTTCAAGCAGATTAATGAAGCCTATGGTACCAGGGTTGGTGACGAGGCTCTGAAAGCGTTCGCCAAGCGCTTGCTGGGATGTGTGCGCGGTGAGGATCTGGTGGCCCGTATCGGTTCTGACGAATTTGGCATTCTGCTGGAGGATATTGAGAGTGAGAGCACGCCCGATGTGGTGATCCGCCGTATCCGGCAGCATTTCAGTCGGCCGGTGAGTGTTCAGGGGAATGAAATCATGGCTGGTTTGAGCATTGGCGTGAGTTTCTACCCTGAGGACGCTGACGATGGTGAAGAGCTGGTGGCGCGGGCGGATTTTGCGATGACCACGGTGAAGGGTCAGGGCGGCGCTGGTGTGCGCTACTATCGCGAGGTGGCCGGACAGCGCGAGCGCGAAAAGGGTGCGGGCTGATGCCTGCCTGTGGCTGGAGAGCGTTTTTTGCTGGGAATTTTCGAAAAACTTCTGTAATATCAATCGTTTGTTGATAAA
NZ_CP084704.1_gap13	531394	535614	4220	TATTGTCGGACGGCGACTGGGCAAGAAGATGCTCGGCTTTGGACAGGAGCTCAGCGAGAACCGCAAACTCCAGAAGGATGAGCTGCTGGCCAAAGTTCACCCTGAGGACATTATCCGTTACGGGTTGATTCCTGAGCTGGTGGGACGTCTGCCGGTTATCGCTGCCCTGGAGGAGCTCAACGAGGCGGCCCTGATCCAGATTCTGCAGGAACCGAAGAATGCCCTTGTCAAGCAGTACGCCCATATGCTGGCCATGGACAGCACAGAGCTTGTCTTTACGCCGGAGGCCTGTACGGAAGTGGCTCGCGAGGCACTGAAACGCAAGACGGGTGCCAGAGGGCTGCGCAGCATCATGGAGCAGGTCATGCTGGACATCATGTACGATATTCCCGATCAGAAGGGCGATCGCAAACGCTGTATTATTGATGCGGAAGTCGTGCAGGGAACCAAGAAGCCCGTGGTGGAAGTGCTCAAGAAGAATTCCGCCTGAATATGATCAATGCTTTGCAGCGGCGAACCACTGGTTCGCCGCTTTTTTTTGGCCCATATGTCAAAAAAAACAGCTCAGCAGTCCGGATTTCCCCGCAGGCGGCAGGTGGGATTTTCCTGGCTCGGGTTTATTTATAACATTATTTGAAAACCGGATTGCATTGTATACAATTTCCTTGACCTTCCCGGCCCTTATCCCTTATAGTGGCTTGTGATAAGAGTTTTGTGAAACCAAACAAAAACGGAAAAGGGTGTTCGAATCATGAAAAAACAAAGTGTCCGAGTATTTGGAAACAACTACGTTCAGGTGGTTGAAGATAATCAGCCCGCCAAAGGCGAAGGCCGTTTTGTCGTGGAGGATCTGGTCAAGGGTGCTGTGCTGGCCCGTTTTGATGACTATAACAGCGCTCAGAAAATGTACATGACCAAGAGCCAGGAATACATCCAGTCCAGCCTTGATGACTCCTGTACCATCAAGGGCATGACAGTAGGTGATCTTATCCAGAGCCTGGAAGCTCTGCCCCGCGAGGCAACGGTCGAGTTCTCTGTCAGCTACGACCACAGCCAGAACAAGCTCACAGTCTGTAACTGAAGCAAATCATTTAAGGAGAATAGAATGCCAAAGCTCTACGAAATAGTGGAAAAGCAAGACCTTGTTCCCGGCATGGCCTTGTTCCACGTATACGCCCCCATGGCCGCGAAAAACATGAAGCCTGGCCAGTTCATCATCCTGCGGGTGAGCGCCAATGGTGAGCGCATTCCCATTTCCATTTCCGGATGGGATGCTGAAAAAGGCACGGTGCGCATTATTATCATGGCCGCCGGACGCACTTCCACCGAAGCTGTTGCCCTGAAGCAAGGTGACTGTTTCCAGGATGTGGTTGGCCCCCTGGGTGAAGAGACCCATGTGGAAAAACTCAAAGGTACTGCCGTGGTTATCGGTGGTGGTTACGGAACCGGAGCGGTTATGCCTCCCGCCCGCGCCATGAAGGCCATGGGCAACCGCGTGGTTGGTATTATCGGTGCGCGCAGCAAGGATCTGGTCCTGCTGGAAAAGGAAATGCGAGAAGTGTGCGACGAAGTGATTGTGTGCACCAATGACGGCTCCCAGGGCGTCAAAGGCTTTGTCACGGACGGCCTCGCCGGGCTGATGGAAAAAGAGGATGTGCAGTGGGTGCTGGCTGTTGGCCCTGTGCCCATGATGCAGGCGGTCGGAAACATGACCAAGCCCAAGAAGGTCAAAACCTTTGTCTCCCTGAATGCCATCATGGTTGACGGCACCGGTATGTGCGGTGCCTGCCGTGTGACCGTTGGCGGGAAAACCAAGTTTGCCTGTTTCCATGGTCCCGATTTCGATGCCCATGAGGTGAACTTCGAAGAGCTCATGCTGCGTCAGAAGATGTTTGTCACACAGGAAAAAATCGCAATGGAAAAACTCCAAGAGGTGAAATAGATGGCTGAACTGACCCCCAAAGAGCGCATGGCAATTGAACGTCACCCCATGCCCGAGCAGCGCCCAGAAGATCGTGTGAAAAACTTTGACGAAGTACCCCTTGGGTTTGCCCAGGAAGTGGCCATGCGCGAAGCGGCCCGCTGCCTCGACTGCAAGTCTCCCCAGTGCGTGGAAGGTTGCCCTGTCAGCATCGATATCCCCGGATTCCTCAAGCTCATCGAAAAAGGTGACTTCAAGGGATCGGTCAAGAAGATACGTGAAACCAACTTCCTGCCAGCTATCTGCGGTCGCGTCTGTCCGCAGGATCAGCAGTGTGAGCTGGTCTGTATTGTTGGAAAGCGTGGCAAACCCGTGGCTATCGGCTCCCTGGAGCGCTGGATTTCCGACTACGAACGTGAGAATAAAATCCGTGAAATTCCCGAAGTGGCCGCAGCCACTGGCAAGAAGATCGCCGTTGTTGGCAGCGGTCCCGCTGGTATGACTGCAGCCTACGAAATCCGTAAGCGTGGACATGATGTTACGGTATTCGAGGCTTTCCACCGCGGTGGTGGTGTTCTGGTCTACGGGATTCCCCGCTTCCGTCTGCCCCTCTCTGTTATCGATGAGGATCTGAACTTCCTCGAGAAGATGGGCGTGAAGTTCATTTACAACACCATTGTTGGCAAGTCCATGTCACTTGATGACCTGCTCGGTTCCGAGTGGGGCTTTGATGCCGTATTCGTGGGAACGGGCGCAGGTCTGCCAAAAATGACCGGCGTTCCCGGCGAGAACCTCAATGGCGTTTACTCTGCCAACGAATACCTGACCCGCGTCTACCTGATGGGCGCCGGTAACTTCCCCGATAACGTCACGCCCCTGTACCAGGGCAAAAAGGTTGGTATCATCGGTGCCGGGAACACGGCAATGGACGCGGCGCGAACTGCCAAGCGTCTGGGTGCTGATGTTACCCTGTACTACCGTCGTTCCGAGGAAGAGGCACCTGCCCGTACAGAGGAGCTGCACCACGCCAAGGAAGAGTTTATCAACTTTAAGTTCCTCTCCAACCCGGTGGAGTTCATTGGTGATGACAACTTCTTCATCAAGCAGATCAAGTGCGATGTAATGAAGCTGGGTGAGCCCGATGACTCTGGCCGTCGCAAGCCCGAGGCTACCGGCGAATCCTTTATTGATGACTGTGATACTGCTATCATGGCTCTTGGCTGTGATGTGAACCCCATCATTCCCACCAGCACTCCGGAAATCGAAGTGAACAAGTGGGGTGTCGTGGTTGCTGATCCCGAGACGGGAGCCACCTCCAAGAAGGCAGTATTTGCCGGCGGAGACCTGATTACCGGTGGATCTACGGTTATCAACGCCATGGGTCAGGCCAAGCGCGCTGCTGCGGCACTGCATGACTTCGTCATGGAACAGGGCAACGCATTCGGTTACTGGAAGTAATTCCCTGTAAATGACAAGAGCCCCCTCTCCTGTGGAGAGGGGGCTCTTTTTTTGTTCTCCGTTTGCATGTGCTTCACGGTTTCAATGCGTAGCGATAACGGGCGTGAGATATGGTCTTTCTGAATCTTTGTGGACGTTGTATAAGGCCAGGTTTTTCCGTTTTCAGCAGGATGTGAGATCTATTCGCGTATCTTCTTGAACTGGACCTTCTCATCTTCCAGGGTGAACTCGACACTGTGCAGGGGCTCCTCCACCCGCATGACTGAATCCTTGATGCGGATGGTCACGCCGGGGTGAACGGGGCCGCGTACCAGGATGCGCGGCCTGGTGGCGACTTCAGTGATCTTGTTTTCCAGTATCTGCAGCTGGGTTGCTATTTTCTTTTTCTCTTCGTTAAGCTCGATGTATTTCTTGTAGGCACCGAGCAGTTTCATCTTGGTTTCATCGGGCAGCATATTCACTTTTTTGCCGAGCTTGGCAACCTTGGTGACCGGTGGCACCAGCTTGGCCATCAGGGGCTGGATCTTGGCGGCTTTCATCTCGTTGAGTTCCTTGAGAAGTACCAGCTTCTCCAGGGAATATTCCTGCAGCGAGATCATGGTGCGCATGCCGTCGGGGCTGCCAAGGCTGGAAAATTCCATTTTTTCGCAGGCTACCAGGCAGCAGCCATAGACTTCTCCATAGACAATTGCCGGACCATGGCAGCTGACATGGCTGTAGGGCATGACTTCCTTCATGACCTTCAGTTCGCCAGCCACAAAGACCTGGGAGTGGACATCAATAAATCCATTCACCACCAGGGGAGCGTCCAGCCGGACACTTTTATGGTGGCGCTCCACGA
NZ_CP084704.1_gap14	536985	540950	3965	AGCAGGAGTTCAGCGGGGAAGGCGTTGCTGTTGCCACTTTGTGCCTCGTCAAGCAGATCAACCAGGTCGTGGGTCAGGTCGATGACATAGGGCTCGGCGATTTCGGCAGCCATATAGGCATCTTCCCAGACGCTGATAGCAAGATCACGGGGAGCCCTGGCGATGAGGTAAGCTTCCAGCTTATCATCGGTGACTTCCACCGCTACACTTTGATTGACCGCGACCCGTTTGAACATTGCGAACCTCGCAAGATTTCCGCTCTTTCACCCTTCCGTGCTGCTATGCACAGAATGGAGTAACTGGCGAGAGTATGACACTTACTTACCTTTTCGGCTACAACTTTACAAGTCTTGAACGAAACTTTTTGTCACATACTCGGGTTTTATGAGTTCACGTATGGTTTCTTCCACTTTTGCGGCATCCACGGAGGTGTCCACGCAGGGGCCGTGACGCAGCTCGTTGAAGATTCCCACCACCGGCAAGGGAAAGGTATCGGAGAGGCCACTGTAGAGATCGCGGCTGCAGGCTACGGCGATGATAACGCGGGGGCGCAGTTCCTGGATGATCCGGCGGGCCAGGGTTCCACCGGTGGCGGCCTGAACATGGACGCCGTATTTCCGGGAGAGTTCGACAAACTTGTGAATGCTGCAGCGGCCGCAGAGTGCGCAGCGGCTGATATCCGTGGTGACCCGGTAATCGCAGTCGCGCATTTGCAGACAGTGGGGCAACAGTACCAGCATCCGCTGTGGTTCGAAGCTCCCGGCGTGCTTGCGCAACACGTATTTGTTGTTGTACTGCACCAGCTCCTGGATAAGCAGATCCCGCTCAATGCGCAGCCGCTCGCCAAAGAAGAGGATCAGCGGGAAGAATACCCGGATGCAGTAGCGGTTGGCAATCTGGAAGAGGAATGTCCGAAAGCCGCTTTTGAGGCAGAGGTAAAAGACTATGGGCAAGGCGGCCATGGCTGCGGCCAGCAGGGAGGGCATGGCCCATACGGCGGCGGCTTTCATGCTGACCGGGGCAAAGCGCATGGCTGCGTAGCCGGTGGCGAAGGAAAAGAGCAGCAGGAGCGCTGTCAGCAGGAAGAAGAGTATCTTGAAGTAGGGTTTCTGAGAGCTCAACTTTCGCACCTCCGAAACGGCAGGTTTTTGGCGCTGACCCTGATGTCACGCTGCAATGGCCGAAATGGTTCTACACAGACTGCGTCGCTTGACATTATCCTCACCATATATTCGAGTTTCTTTTGCCACTTTTTACCCGCAAAAAGTGGCTGGGAAGCGACCCCCAGTGCTGTCCTTATCAGCCGCCCGCTCGCCTGGAACTGGGGACCGTAAACAACCGCCCTCCGTGGCTTTTGGTTTGCGGTTGCCGCCGTCGTGGCGTCAACCCTGCGGGTCCATAGCGTTCCAGTCTTCGCGTTCTGGCTGGGCCAGCACACGGGGAAAGGCAGAAGCAGGCCCCCCCCCCCTGAGCCCGTCCGGTGAGTGCCACGCCTGGCTGGCAAGACCCGCAGGGACACTCACAGGAAGTGAGTGGTCCGGCAGCACTGCAGGGAAGCAGGGGTCAGGCAACGCAAAGAGACCCAGGTGCAAGGCGCGGGCAAAGCGAGGAGGGAGGCGTACTCCCTGTACGTCGCAGTGACGAGCGATGCCCGGCAACGCCGCAGATGGGGCTCTTTGAGCAGCCTGCTGCCGGATCTCCAGAACAGGCGAGCCAACAATCCGGAAGAACGGGCGTTCGGGGGGCGCGTTTTTGTGTCCTTTTTGCGCGGACAAAAAGGACAATATCCGTAAACGAAACGAGGAATACTCGATGAGTCAAGCAAACACAATTAATATGGTTTTTCGTGTGGTAAATATCTGGATAATAGTGCCTTAACCCAAGTCGACAAGGTGCGAAACTTCAGTTAGAGGAAAGTGTTGCCAACCTGTACTCCATAGCCATTGGCAAAGGCATGGGCGTCAATGACGCGTTTGCCCTGGGGCTGAACTTTTTTCAGTCGCAGGGCGCCCTGCCTGCAGGCAATTTCTATGCCCTGCAGATCAATGGACAGCACCTGGCCTGGAGCGCCACTGCCCTGGGTTGGTTCAGCCTCCAGTATCTTGACATCCTTGTCCCGCCAGCGGCAGCGACAGCCCGGCCATGGGGTAAAAGCGCGGATGCGTCGTTCAAGCGTGACAGCATCTTCATGCCAGGTGAGGATTCCCTCTTCTCTGCGCAGTTTCGGGGCGTAGGTGTGCTGGGAATGATCCTGGGGGGTGAACTGCGCTGTTCCCTGGAAAACTGCCGCGAGGGCTTCCAGGATGGCCTCAGCGCCCAGAGGGGCCAGGTGGTCATGGAGTTGGGCGGCGTTCATGGCGTCTATGGGGGTCGCTTTTTTCAGAACCATGTCACCGGTATCCAGCCCGGCGTCCATGCGGATGATGGTGATACCGGTTTCGGGGCAGCCTTCCAGGATGGCGCGTTGAATCGGCGCGGCTCCCCGGAAATGGGGCAGCAGGGAGGCGTGGATGTTGTAGCAGCCGAATGGTGGGATATCCAGGAATTCCTGGGGCAGGATCTGGCCGTAGGCGACGACCACAATGGCGTCCAGGTTTAAATCCGCTATTTGCGCAAGGAACTGGGGGTTTTTGCGAACCCTTGCCGGAGTCAGTACGGGAATGCCCAGCTGGAGTGCCTTTGTCTTTACCGCTGACGGGGTCAGTTGCAGTGTGCGCCCGGCGGGCCGATCTGGCTGAGTGATGACAATGGGTATTTCGTAGACGCTTGCCAAGGCTTCAAGTGCGGGGACACTGAATTCCGGGGTGCCCATGAAACCGACGCGCTTTGCCGATGGGGTATTCACTGGTACGAACCTTCCTTCATGGCTTTGCGGATTTTGCGCCTGATCAGATCGCGTTCTGAAGAACCCAGGTGTTCAATGAAGAGTTTGCCGTTGAGATGATCCATTTCGTGCTGGGCGATGATGGCGGTAAACCCGTCAAGGATCGCGGTCTGCTCCTGGCCCTGCAGGTCGTTGAACTGCACCTGTATGCGCTCGTAACGCTTTATTTCACCGTAATAGCCGGGAACGGAGAGGCAGCCTTCCTCGAAGGTGGTCAGGCCTTCGCCCGAGAGAATTTGCGGATTGATGAGCACCAGGGGCTGCGCTTCCTCCTCTTTGCCGCTGGCGGGATCCAGCACGCATATCCGGCGCAGGATGCCGATTTGTGGAGCGGCCAGGCCGACGCCGTTGGCATTGTACATGGTGTCAAACATGTCGCTGACCAGCTGCTGCAGGGCACTGTCAAATTGCGTGACTGGCTGGGATATCTTTTTCAGTAGGGGGTCTGGGTACGTGAGTATGGGATGGATCATGGTATTGCCTCACACGCCGAAGGCTTGCAGTTGCTCGATGATATCTTCGGGGTAAATATGGTTGGTACAGCTGTTATCGGCTGGGCAGTGGGCCAGGCTGCATGGAGCGCACCTGATGGTGCTTTCGATGCAGGTTGCGCGGTGGTGAACCGGGCCCTGCAGGGCGAGGGAGGTTGACCCGTAGAGGGCGCTGACGCGGGCTCCGACCATATCCGCCACATACATGGCATCGGACTGCACGCCGGTGTAGATCCCGGCCACCATGGTCATGCCCGCAAGGGACTCCAGGGAGGTGTTGCCACACAGGGATATGCCCATGCCGGATGTTTCAATGATGGTGGTGGCTTTGGCAGCGTCTTCAGCGCTGCCGACCAGCACTGGAGTTCTGCCGCGGCTGGTCAGCCACTGACACAGCTCAATGAAGAACTTTACGGGCCACTGCTGGGATGGCAGTGTTCCCTGCACCGAGAGAATGACCGGGTTTTGCAGCTGCCGGGCAAACATTTCGCCGCGGGTGACTTCGTCGGAGCCGGGAAGGATGCTCGGGGCGATGGAGAAGCTGTGGATGCCGGTGGCATTTTTCAGCAGATGGTGGTAGCGATACTCCT
NZ_CP084704.1_gap15	542067	546642	4575	TCGGGATTTTCCTCCAGGAGAAGTGCTGTGCTGTACTTCTGGGGTGCCAGGCGCAGGCCGAGTTCTTCGGCACTGCTGCTTGAGTCCTTGCGAAACGGCAGCAATTTATCTATATAAGGGGTGTCCATGTAGAGAGGTGCGGTGCTGGCGTCCGCAACCAGGTCAATGGGTATGTCTGGGTGATTTTCCCGCAGGGATCTGATCGCTTTGAATGCCATGATGGCGTAGTTTATCCGACTTGGAAGGAATACCAGTAGCTTTTCCATACATCCTGTTTCTTTCAGAGGAGTTCATGGCAAAAAGAGGCCTTGCCAAAATAAAACAGCCTTGGCAAACCATGGGGCTGTTCAGTTTACTTCTGTGTGCGGCCTTTATGCCGACAGCGGCAATGCTGCTGGCGCAAAAAACCCCGCACCTTGCGCCTGTTGGTATATCATGGGGCTGGGTGCTGCTGGTGCCCATGATCTGCCTGCCGATTTCCATTGGCCTTGGCGCCGCGATAGTTTACCTGAGTAAAAACCAGTCCGTTATACTGATATTTACCCTTTTATGCAATTTCTTTATTCCGGCGCACAGCATCATACTTTCGCTGTTGATGCTCTCTGTTGCCATTCAGGTGTATGTCGTCACCAAGGTTTTCCACGATCCGGCGGCGCGTATTCGGGAGTTGTTTTTGCTGGGAGTGTCGCCGCAGCGGCAGTTCGTGCACTCTGTGCTGCCTCGGGTTCTGAAGAACCTGCACTGGATGTACCTGTGTTCACTGGCTCTGTGTCTCTACTGTGCCATGAACTGGAACCTTGACCTGTCCATCAACGCAGGGAAAGTAGTCTTTGCGATGATTATCCCATTTGCCTTCTTCGTAATGGGTTCCTGGCAGGTTTCGCACCTGAGGGATCCCTACAGTTCCTCCGCGCCTGCCACGCTTTTTCTCCTGGTGCTGGTGCTTGGGACTCTGGCGAATCAGGGGTATGCGCTGGTGGACCAGTGGCCGCTGGCTGAAATTCAGTGGGTTTCGAGGGCAATGCTGTTGCTGTTTGCCCCACTGGCAGCTCTGGGAGCCTTGATGGCTGACGCGGGGACAACGGCGCGTAAAACCCTGCTGGCTCTGGGTGTTATGGTGGTGGGAGTAGGGGATTTCAGCCTTTACGGTTCTTCTTTGCTGGTGGTTTCCGATGTTCTGTCGGTTCGGCAGGTCTGTGTGGCGCTGGTGGCGGCGGTGACCATGTCCGCTTTCTGGTCGGGGTCGTGGAAGACGGCATTGGCTGCCATGATCCTCTACGGCGCCATTATTCTCTCCTTCGATCCGGTGGGGAAATATTTCGCCATACCCCTGCTTTTTCTGGTATCATGGCTGAAGCCTCAATTCAGTTTTGGTGGAATATAGGTCATGCTCCATCTTAAAGGAATCGTCATAGACGGTGCCCAGAATGAATGCGACTTTACCTTCAGGAAAGGTCTTTTCTACAGCCTTTTGGGTGATGATGACTCTGGTGCACCAGAGTTATTTCGAACCATTGCCGGTCTGCAGGCTCCTGCTTCCGGGAGAATAGTCTTTGGTGGCCGCGATATCACCGGATTCCACCCCTCAAAACGCGGGATGATCACCATTACTTCCGAGCCGATCTTTGATATGGAACAGACGGTTATGGAAAACATCATGCTCTTTCGTTCGGCAGAACGCCGGATTGCCCTGGAAGCCGCAGATCTGATGGGCCTTGGCAACTATGTTCATCGTTCCTGCAGGAAGCTCGATCTGGGAGTACTGCAACGGGTGAGCATGGCACGGGCACTGACCCGCAAACCCCAGGTTCTCTTGCTGGAAAACCCTGTGGATCGTCTGGGTTTTGCGGAGGGGCTGTACTGTCTGCAGGTTCTCAAGGAGGCCCTGACTCCACTGGGGAGTCTGATTCTTCACTTTACCGGCTGCTCCCGTGCGGCCATGGAAGGCAGCGACGAGCTGATTGTCGTCGACGATGCCGATTTTGTGGAGGCCGGAGCTCCCGAAGCGCTGTACTACCATCCCCGCACTCGCCTTGGTGCCGAGCGCACGGGCGAGGTGAACTATATCAGCGCTGTCGGTGTTGAGCAGAATCATCTGCAGCTGCCCTACGGCTATCCCATCAGCTATCCGCCAACTCGGTGTCGCGTTCAGGAGAAGCGCCCCTATACGATCATGTTCCGCCCTGAAGCCCCCACCCTCAGTACCCATAACGCGCCTGGCTGCCTGGCTATACCGGTTCAGGTGAAGCAGTGCTCCTTCCGGCGCACGGCCTTTCGGGTTGAGCTGATGGGGCAGCTGGGTGAAGAGTTTGTGGTCAACTCCTTTGAGCCCCTGGATATTCACCAGGAGCTCATGCTGAATATTCCCACAGCCCGCATGCACCTCATGGGGGCCATGGACTCGTGAAAACCATCGGCATATTTGATTCCGGTGTGGGTGGAATCACCGTACTCAAAGCCATCCGCCGCGCCCTCCCCACCTTTGATATTCTCTACCTGGGTGATACGGCACGGGTTCCCTATGGGACGAAGTCGCGGGAGACCGTTTTGCGCTACTCTCTGCAGGTAGGTGACTTCCTTTACCGTAAGGGGATCGATTTACTGGTGATTGCCTGTAATACGGCTACGGCCTATGGGCTCCATGAAATACGTGCACGCTACGACATTCCCGTGATTGGCGTGATTGAACCGGGTGCCCAGGCGACGGTTGCCCTGAGTCGCAGTGGTCGTATCGCAGTGATTGGTACCAGTGCTACGGTGCAGAGCGGTCAGTACCGCTCGACTATCCAGCACTATCTTCCCGATGCCGATGTCCGTGAGATCGCCTGCCCCATGCTGGTGCCCCTGGTGGAGGAAAACTGGTGTGGCACCGATGTGGCTCACCTGATTCTGCAGCGCTATCTTGGCCAGCTGCGTGGCCAGGTGGATACCCTGGTGCTGGGATGTACCCACTACCCCATGCTGAAGGAAGATATCGCCCGCGTGCTGCCGGGGGTTACCCAGGTGGACTCGGCGGAAGAGACCGCGCGGACCATTGTCGGCCTGACGGGAGTACCTGCCCCGGGAACGCTGGGGACGACAACCTACTATATGACCGATACTTCACAGCGTTTTGCGGAAATTGCCAGCAGTTTTCTGGGTGAGTCCGTGGGGAGCATTGAGCACATCGATCTCTGATGACCTGCTGAAATCTTGGCTGCACGGTGAAATGTTATTTTGAAAGGATATACATGCGAACTCAGAGGGCTCCCCACGAGCTGCGACCGATCACGATCACGAGAAATTACACCAAATACGCCGAAGGCAGCGTGCTGATTGCCATGGGCGAGACCATCGTGCTGTGCAACGCCACGGTTCAGAAGACGGTTCCCCGCTTTCTGATCGGCAAGGACAGCGGCTGGGTAACGGCTGAGTACTCCATGCTGCCCCGCGCCACCGATGTGCGTAATCGCCGGGAATCCCAGCAGGGGCGGCCCTCCGGGCGTACCATGGAAATTCAGCGCCTGATTGGGCGTTCGCTGCGCAGTATCATCGATCTGCACGCCATGAGCGGCTACACTATTACCATTGACTGTGACGTGCTGCAGGCTGACGGGGGAACCCGCTGCGCTTCCGTGAACGGAGCCTTTATTGCTCTGGCCGACGCCGTGGATTCGATGCTCGCGGCGGGCATGATCAGTGAGTCCCCTCTTCGCAGCACGGTGGCAGCTATCAGTGTCGGCATATTCAACAACTGGCCGCTTGCCGATCTGGATTATCTGGAAGACAGCCAGGCCATGGTGGATATGAACGTGGTGGCGACGGGAAAAGGGGAGTTTGTGGAGATTCAGGGGACCGGCGAGAGTCGTCCCTTCTCCCGCAAAGATCACGATATTCTGCTGGAACTGGCGCTGGATGGTATCGGACAGATCAGCGCCCTGCAGTTCGAACAGTTGAGTGCCCAAATCAGACAGCACCTGGAGTAGCACTATGAAGATCATCCTGGCATCAAAGAATCGCAAAAAACTGATAGAACTCCGTGAGATCCTGCGAGATATCGGGGTTGAGGTGTACTCTCCCGAAGAGCTTGAAATCAACATCCCCGATGTGGAGGAGGATGGCAGTACTTTTGTGGAAAACGCCCTGAAAAAAGCGCGCTCAGCGCACCTCTACTCCGGGCTTCCGGCCATTGCCGATGACAGCGGTATCTGCGTGGATGCTCTCGGTGGAGCTCCCGGCGTCTACTCGGCCCGTTATGCCGGCGATCACTGTGACGATGATGACAATAACCGTAAACTCCTGGACGCGCTGAGCGAGGTGGAGGATCGGCGTGGGCGCTTTGCATGCGCTATCGCCTATGTGGATGACCAGCAGAGCCACACTGTGGAAGGCTTCTGCGAGGGCGTTGTCTTGCGGGCACCCCGGGGCGAAGGTGGTTTCGGCTATGACCCCCTCTTCCAGCCCACGGGTTTTGAGGAGAGCTTCGGCAGCCTTCCCAAGGAAGTGAAGAATCGTATTTCCCATCGTTACAAAGCTATAGTGGCGTTGAAGCAATTTCTGCAGACTGTGCAGCAACCTGTCTGAGGAGGAGAAGTG
NZ_CP084704.1_gap16	556892	557454	562	GCTACGTAAATGCCGGCATTTTTGGCGCCAGCCTTGCCGATGGCCATGGATGCCACGGGTACGCCACCGGGCATCTGCACGGTGGAGAGCAGGGCGTCCAGGCCGCCCAGGGAGGTGGCGTCAATGGGCACGCCCACAACGGGCAGGGTGGTCTTGGCGCTGACGACTCCCGCCAGGTGGGCTGCGGCGCCAGCACCCACGATGATAGCCTTCAGGCCGCGCTCGCGGGCGGTTCTGGCCCACTCAATGGTGCGCTCGGGGGTGCGGTGGGCAGAGCTGACGATAACTTCCGCCTTCAGGCCAAATTCCCGCAGCGTGGTAACCGCCTCTTTCATAATCTCCATGTCATTGTCGGAACCCATGATAACGCCGATCGTATGTTGCATCGCTTCTTCTCCTGGTTGTGATGTCACCGGGGGAAAATCCCCTGCAGGTAGCTGTTCAGATTGGTTTTGATGGGCATGAAGTATATATGAAATCCGTCAGTGGCGTGAACAAAATCCAGCGCCTGCCGTGCGAATTCCAGGTTCCAGTTCATAGTGGGTTCAAAGCTGCGGGGGAA
NZ_CP084704.1_gap17	561876	564437	2561	GTGGGCATGCCTTCCAGGGCCTGTTCGTACTGGGAGTGCTCATAAACCAGACAGCACATGAGGCGGCCGCACAGGCCGGATATCTTGGAAGGACTGAGGTTGAGGTTTTGCTCTTTGGCCATGCGGATGGAAACAGGGGCAAAGTCGCGCAGGAAGGTGCTGCAGCAGCAGGTGCGTCCACAGGGGGCAAAGCCGCCCAGCAATTTGGTTTCATCGCGTACGCCGATCTGACGCATTTCAATGCGGGTCTTGAATTCCTGGGCCAGATCCTTGACCAGTTCACGGAAATCCACTCGTCCGTCGGAGGTGAAGTAGAAAGTGATCTTGGTGGCGTCGAAGAGGTATTCCACCCGCACCAGCTTCATGGGAAGTTTGTGTTTTTTGATGCGGTGAAGGGCGGTTTCAAAGGCGTACTTCTCCATCTCCAGGTTGGCCTTGTGCATGGCCACATCCTCTTCGGTGGCCCGTCGCACGACCCGGCGGTAGACGCGACCCTTGTCGCGGTCCGTGATGTAGGGAGGATGGACAACCGTGGCGATACCAACGCCTTTTTCCAGGGAGACGATAATGTAGTCGTTGGCCGCCAGCTCCAGTGATTCATTGTGAAGGAATTCATAGAGTTTTCCGGCGGTGCGGAATTTGACGCTGACGACCTTTATGCGATCCGGCAGCGCCGCTTGCTCAGCAAGCTCAGCATCTGAAATTTCGGGCTTGAGTGCGTCGTCGAAAGGATCCGGCGAATCTTCGCGGTATCCTGAAGAGTTTCTATTATACGGTAAGGGCTGCATGGGAGTATTTTATACACCTTGTCATATTTTCCGGTTTCCACAAAAACCAGGGCGTCGCGAAAGTACACGTGAAACACACGCAGAATTCGCTGCCACTGGTCGGCATTGTCCATGAGATACTGCATACTGCTTTCATCAAGGGTTCCCGCGAGGATGCCCCGTGCCAGAGCCACTGCCTGAACGATGAACTGCAGGTCGTCGCGGCTGGTACAGCTGGTGTCCGCAACTTTAAGGAGCAACTGTATTTCATTTTCCGAAAATTGTAAATCCATTAGATGACGCCGGTACTCTTCCAGAATCAGTGGCTGGAAGTGGATATACGCCAACCGGGAACGCACCGTGGGCAGGAAGAAGGAGGGGACATCGGAAAGCAGGAAGAGGATGCTGCCTTCCGGGGGCTCTTCAAGGGTTTTGAGCAGGGCGTTCTCCTGTACCCGGTTGACGGCGTCGCTGGAGGTCATTTTCTCCGCCTGCTCGATAATCAGCGCCTTGTAGCGGAAATTGCCATCCACGGAGGTGGACTCCAGAAAGTCGCTGCCTTCGCGAATATCATCAATGGTAATCTGCCCCTTTTCCGGCTCAATGTGTCGGATTGCCATGTACTCACGCAAACAACAGTAGCACTGGCCGCACGGCTGCACGCCCCGGGGATCAAGGCAGTTGAGGCCCTTGACAAAATAGGTGGCGAAATCCAGTGACAGGGGGGCGCCGCTGCCCACCAGGTAGCCGTGGTGGGGTCGCTGGCGGCCCATTTCACGCTGATAGAGGTCCAGATAGGGCGGTGTATCAGCCATCCAGCAATCCGCCTTCGTGCAGTGCTGCTACTATGGATCCATGGACCTGCTCAGGATTGCGGGAGCCATCAATCAGCCGACAGTGCGCATCGTGGGAGGCCACTTCCCGGAAGCCGGCAACTACCCGACGGTGAAAGTCCTCCGAAAGGGCATCGAAGCTGTTGTTATTCTCCAGGCGCTGCTGAACACGATTTTGCCCAGCCTCCGCCTCCACGTCCAGTACCAGCTGCATATGGGGAGCCAGGCCACAGGTGGCAATGGCATTGAGCTGGCCAATCAGCTCCCGGTCCAGACCCCGCCCGTACCCCTGATATACCAGGGTGGAAAGAGTGAAGCGATCGCAGAGCACCCAGATGCCCTTCTCCAGTAAAGGCACAATGCGCTCCTCAACATGCTGGGCGCGGGCTGCGGCAAACAACAGCAGCTCTGCCCGGGGAACCAGGTTATGGCGGGAATCGAAAATCAGATTGCGGATAGCCTCGGCACCAGGTGTGCCACCGGGCTCGCGGGTGCAGTGGTGCAGAATATCGCGGTCATCCAGATAGCGGGAGAGCAGGGAGAGCTGGGTGGTTTTCCCGGCTCCGTCCGGTCCTTCAAAGCTGATAAAGCGTCCGTTCATGGTTATGCGCCCTGTGTGTCCCTGGCAAAGTCGCATTTGCGCAGGCCAAGGAGAGTTGTCAGTTCGTGAAAGCTGGTGCGGAATCCATTATTGATTCCACCGGCAGCGGGGAATATTTCCGGGTGGCTCTTCAGGGAGATGTCGGCGTATATCGGAAGTGCTCCCAGGAGAGCAAAGGGGCTGACAGAACCGGCCAGAAATCCGGTGGCTGCCAGCGTGCGCTCCGGCGAGGCCATGGTGAAGCGATGTCCGAAGTGCTGGCGAACTTTGCCCATGTCGATTCTGCGGTCACCGGGGAGTACGACGATAATGCACTGTGCTGTGTCGTCGCTGAGGACAATACTCTTGGCGATCTGGCTC
NZ_CP084704.1_gap18	568912	570199	1287	CGCGGTTCTTGAATTCCACGACATCACTCAGGGTGCGCAGACTGCCGTTGTGCATAAAGGGAGCCGTGTGGCCGATACCACGCAGATGGGTGGTCTTGTACTTGCCGTCATCTTCAGGGTTTCCGGTGAAGCCGGCGCGGCCGGGGTTGTCATTGAGGACGCCCACATTGTGGAAGTTATTATCGGAGAGGCTGGGGCCGTTATGGCAGCTGATGCAGCTGGCTTTGCCGGCAAAGAGCTTCATGCCTTCCTGGGCATCCTTTGACATGGCGTTGCTGTTGCCCTTGAGGTACTGGTCAAAGGGCGTGTTGTCGATGACAATGGTACGTTCAAAGGTGGCGATGGCCTTGCCAATATTTGTCGGGTTGATGCTGTCAGGGCCGAAAATTTCTTCGAATTTCTGCACATAAGCTGGAACTGCATTGAGTTTCTGTACAAGCTCATCCAGGGAGAGGTTCATCTCGCCGGGATCCTGAATGGGGCCAAGGGCCTGATCTTCCAGGGTCTTCATGCGGCCATCCAGGAACTGCAGGCTGTGGTAGCCACTGTTGATGATAGTGGGAGAGTTGCGGTGTCCCTGATGCCCCTGGAAGCCCAGGAAGGTGCGGCGTCCGTCGCTCCAGCCCTTTTCCGGTTCGTGACAGCTGGCGCAGCTGAGCGTGTTGTCTCCGGACAGGCGTGTGTCAAAGTAGAGCATCTTGCCCAGTTCGATTTTCTCGGGAGTCATGGGGTTGTCAGCCGGAACGGGCATGGGGCCCAGGTTGGAAAAGACTTCCTTGGGATCAAGGGCCTGCTGGGATGAGCCACTGCAGGCGGCGATGATGAGCGATGTGCCCACGATTGCCAGTGTGCCGAAAATAATACCTTTGCTCTTCTTCTCTTTCACGTTCTCCTCCTTCATGTAACGAGAGTTATTCAACAATCATGGTCATTTTGATCCATGGATGCAGCGTGCACAGGGGCTCGTAGGTACCTGGTTTGTCGGTGACGGTCCAGAGACGTCGTACGGTCTGGCCACCATAGACAAGAATTTCTGAAAGTTCCGCTTCAGAGGAGAGGAAGTTGTGCTCTCCGTCTTCGTCCGTGTTTCGAATGACGAAGAGGACTTTCTCGCCGGCGTTGAGGGTGATGGTGTTGGGGAGAATTGTCTCCGGTGTGAATTCCAGCTCCACAACGCGGGCGCCTTCAGCTCCGGGAGGAACGGGTTCATCTTTAATGTAGTCTGGAGTAGCGTATTCTGAACTTTTGTCGCTGCCGCAGGCCATGATTGTGAACGCGAGTGCAACC
NZ_CP084704.1_gap19	572980	577222	4242	TATGGTATGGCGAACGGCGCGCAGCTCTATGTCGAAAACCTGCACGTTTTCGGAGTCCATGTTGGATACGGCTACCAGGGTGGATGAGCCGACGGGAACCACCGCAAAGGGGTACTTGCCGGTAGGCATGCGGATCACTTCCTGGTAGGTTTCCAGGTCAAAGGAAATCAGCTCCTCCTTGTCGTGCAGGACAACGTGGAGGTATGGATCGGCGACACTCATATAGGCCGCCATTTCCCCTGTCGGGATGGTACCGGTGTTGGTTCCCTGGTTGAGGTCGTGGATATAGATTTCGTCGGCATTATCCTCACTGCCGTGTCCGCCGCTGAAGAGCAGGTTGCGGGACGGGTGCAGGGCCATGCCAGCGGATTTTGGCACGGCAGCGAAACGCTGGACGATTTCGCCATCAGCGGGATTAATCACAACCAGCAGCGCGTCGTCGTGGTTGAGCACGGCCAGGTGTCCGTTCTGCAGAAGCTCAATATTATAGGGTGCTTTTCCGGTTACCAGGTGACCGACGGCCTGGTGGGTCTGGGTGTCCACAACGGTGATGCCGTCGCCGCGGGTATTGGAAACATAAGCTTTTCCGGAGCTCTCATCCACGGTTACCATGGCCGGCACTCGACCGACGGGCAGGGTTGCGAGAATTTCCAGGGTGTCCAGGTCCAGAAACCACAGTTCATGGGCCAGAGCGCAGACGACCAGCAGCTGATTGTGTGTGCGGTCAATGGCCAGACCATAGGGTTTGCTGCCCACCCGTTGCTCTGAAACAACTTTCGCTGTGGTGAGGTCGATGACGGAGACCTTGTCCTCGTGCATGGCGGTGACATACAGGCGTTGCTCGGCTACCACCTGTCTGGTTTCAAGGGGAGGCCATGAAATTTCCTCACCGGAAGACGGTGACGGTTTCTGTTCACAGCCACTGATGAGCAGGGTGGCTGCCAGAAGCATCAGTATGAGCAGGAGAGCCGTGAAGCGTCTGTCCTGCATTTGTGCTTTGGACTGAAACATCGGGTTATTCGACCGTGAACTTCATCTTGATCCAGGGGTGGATCGTGCACATGGCATCATAGACGCCGGGTGTTTCAGGGGCGGTCCACAGTCGTCGTACCGTCTGTCCACCGTACACCATGATTTCTGGAATGGCGGCACCAGCTGAGAGGAAATTGTGCTCGCCCTCTTCGTCAATATTGGTGATGACGAAGAGGATCTTTTCCCCACTTTGCACTGTGACATGGTCAGGCTCAATATCCTGGGGGGTGAAGATCAGTTCGACAACGCGGGCATCCTCGGCTCCCGGTGGTACGGGTTCATCTTTGATAAAAGCGGGTTCCTGGGTCTGTGTTGAAGAGGTGTTGCTGTCGCTGCATGCGACGAGAGTGAAAAGTAAGGCTGCGCTCAGCAGTACGGTAATGATCCTTCCCATGTGATCCTCCTAGTGAATGATAATGATAGTTATTATCACTAGCTCCTCGAGGTTGCAAGGGAAAAATTTCACTTTCAGAGGTTATCCTGCTGGATGCCTGCGTAAAAACAATGGTATCAAGCCGTGGGGAGCTTAGTCGCCATTTTCCATGGCGAGCACGACGTCTTCATCTAGCAAAAGAGTGCAGTCATCATAGGGAAGAAGGTCATTGAAGCGGATGATGCTGTTCAGGCGCTTGCCGTATTCCGCGCCCAGCTGGGAATAGCGGTGCAGGTAGCGGGTCAGCTCCAGAGGGTCCTTGGTTGTGGTTCGCGCTTCGCGGAATTCGCGGTAGGCGCGATTGGTATTCAGGTTGTGGTAGTAGGCGCGCACGGAATCCTTGAGGGTTTCGAAGATGCGCACTTCGTAGGTGGCCCCTGCGGGTCGATCTGCGGGAACAATGCCGGTGCCGGGAACATAGGTCCAGTGGCCAAAAATGTTATTGGCTTCCAGGGCGAAGCGACTGGTTCCCCAGGCCGATTCAATGGCAGCCTGGGCAAAGACGAGGCTGGGAGGGATGATATCGGCTCGCTTGAGCAGACGTTCAATGCCATCTTCCGGGCTGAGTTGGAACTGTTCATAAAGCTCGTCGTCGACATTCCCCGCCAGGATTTCCTCCCGCAGCTCGAGGATATCGTAGTTGACCTTGAGGATGATGGGGAAGAGCATCTTGAAGAACGCGTCCTTTTTCTCCTGGATGACGTCCATGTCCTGCAGCTCTGGAGGAACGTCTCTGATGGCTACGGGGGGAACGATGCACTGATTCAGGTCGACCACTGCCAGCAGTGTTGAAAAGTCGACGATTTCCAGGGCCAGCGGGAGAGTTTCCTCTTCCAGAAGGCTCTCTTCCTGAAGGCGTTCACCTGGTTGATGCGTGATGATGAAACCTGCGAGCAGGGTAACAAAGAGTATGGTGATGGCGGCTACGCTGAGCCAGGTAGCGCGTGATTCCGGTTTCATTCGCGGGGGCTCCTGTGGGGATGTAAGCTGGGCATGACAATGTCATGGCATTTTGCATTCTGTGTGCTCGTGCTTCAATATAGACGCTCTTCCGTCGAAAGACAAGGGCGGGGAGGGGCGTCATGGCAGAAGATCGGGCGGGAGCCGGATGGCCCATCAGCGCCTGGATCCAGGCGCTGATGGGTATTACCACCAGATCAGGGGTGTGATATCCAGGCGTCGGATATCCAGCGGCGAGTTATTGATGACGCGCAGTGTGCAGGCGAAGCGTCCGCTGTTGGGGCAGGGCAGCATGCCATGGAAGCGATAGAGGTTGCCATCTATGTGTTCGACACTGTTGAGCACCTGCGTCTGCCCCTGCTGGATGCTGCGACCGGTGTGCTCCATCCTGCCGTAGTAGGCTTCGACAATGACATCCTGGGGAGTCAGATTGCCCAGGTTGACTTCGGCCACCACCGGTGCCAGTTCTCCAACTCCCAGTTCAGTGCCCTGGCCGATGGTGACGCTGCGCACAGAGACGCTGCTCCAGTGAGCTATGACACGGCTGTTCCATGTGGCCACGTGGCGGGCGTGGGCAAAATTTTCAAACTCAAACTGATTCCAGTTAATACTGGCGTTCAGGTAATATCTGGTGGTGTAGTTTTCCACCATGTTATTGGTGTTGAATACCGGCAACAGATTGACCATGGCCTCTTTGACCATCTGGAGCCACTTGCGCGGGATACCATCGGCGGAGCGGGTGTAGAAGGCTGGCAGCACTTCGTTTTCCAGCAGTGAATAGATGGAATTGCTTTCCACCTCGTCCTGAAAACTCAGGTCGTCGTAGGTTTCGCGTCCGCCGATACTCCAGCCCAGCTCCGGGTCGTACCCCTCTTCCCACCATCCATCGAGAATACTCATGTTGAGTCCGGCGTTGGGTGTCACCTTCATGCCCGAGGTGCCACAGGCTTCAAGGGGGCGACGGGGATTATTGAGCCACAGGTCAACACCCTGAACCAGCTTGCGGCCAAGGCTGATGTCATAGTCTTCCAGAAAGACGATTTTATGGCGGAATTCCGGCAGTCCGACGGTGTGGATTATCTCCTTGATGATGCGCTTGCCGCCCTCGTCGCGGGGGTGGGCCTTGCCGGCAAAGATAAACTGCACTGGTCGGCTTTCGTCAGCCAGTATGCTGCGCAGCCGATCCAGGTCATTGAAGAGCAGGTTGCCACGCTTGTAGGTGGCGAAGCGGCGGGCAAAACCGATAGTCAGGGCTTTAGGGTCGAGCACCTCATCGGCCAGGGCCATTTCGCTTTTTGAGGCACCGCGGCGCTGCAGGGATTCCTTGAGTCGCTTGCGCACAAAGGTTATCAGGCGACGGCGCAGCCCCTCCCTGGCGTGCCACAGTTCAGGATCCGGAATGCTGCGGACTTTTTTCCAGATTTCCTTGTCATAGGGGTCATCCACCCAGCGTTCGCCCAAGTAGCGCTCCAGCAGGTCTTTCATATCGCGGGAGAGCCAGGAGAGCACGTGTACACCGTTGGTGATGTGTTCTATGGGGGTTTCCTGTTCGGGCACGGTGGGCCAGATGTTTTTCCACATCTGGCGTGAGACGCTGCCGTGCAGCTGACTGACGCCGTTTTTGAAGCCGGCCATGCGGATGGCTATCACAGTCATGCAGAACAGTTCGCTCTTGTTGTCGGGGTTCTCCCGTCCAAGCCCCAGGAAGCTTTCTGCGTCTATGCCGAGCTCCTTGATGTATTTCCCAAGATACTTCATGACCTGCTCGGCAGTGAAGCGATCATTGCCGGCTGGAACCGGTGTGTGGGTGGTGAAGA
NZ_CP084704.1_gap20	586164	587803	1639	CATTTTCGCCACGAACCCCTTTACCGTACATATCGACTTCCAGGTGAGCCCGTGAAAAAACAAAAGCGTATTCTGATTGTCGACGACGAAGCGAATCATCGTTTCATGCTGAAGGTCAATCTTTCGGACCATGGTTATGAGGATATCCTGGAGGCTGGCCATGGCCAGGAGGCCCTTGATCTGCTGCAGGAGTACAGCGCGGATCTGATCCTGCTGGATATGAAGATGGCGGTCATGGATGGTCTGACCTTTCTGGCGCAGCTGCGCAAGCGCGGCCTGCAGACACCAGTGATTGTCATCACCGCTTTTTCCACCGTCAAAGGCGCTGTAGAGGCCATGAAGCTGGGCGCCACAGACTTTCTGTCCAAGCCGGTGGATGTGGATGAGCTGAAGAAGCATATCGACGCGGCTCTGCAGCGTGATCCCAGCATGGTGGCTGCTCCAGTGAAGAAGAGCACCTATCACTTCCCCGGGGTCTACAGTGACAAGGGCCTGGGTGCGGTGATTGATCTGCTGGAAATGGTGGCTCCCACGGACGCGTCGGTGCTGATTCTGGGGGAGTCGGGCACCGGCAAGGAACTGGTGGCCCGCTCCATACACGACAATTCACCCCGTGCCGGGGCGCCTTTCATGGCGGTGAACTGTGCTGCCCTCAGTGAAAATCTGGTGGAGAGTGAGCTCTTCGGCCATGAGAAGGGTTCTTTTACCGGTGCCACTGGCCAGCAGAAGGGACGCTTTGAGGCGGCCCACGGCGGAACCCTCTTCCTCGACGAGGTTGGCGAACTGACGCCCGGGGCGCAGTCAAAACTGCTGCGGGCTATTCAGGAAAAAGTTATAGAGCGGGTCGGCTCCACCAGACCCATTCCCGTGGATGTGCGCATCCTGGCCGCCACCAACCGCAATCTGCAGGATATGGTGCACAGCGGGGATTTCCGGGAAGATCTCTACTTCCGCCTCAATGTCTTTCCGGTGGAGCTGCCTCCTCTGCGGGAGCGGCGCGAGGAGATTCCTCTGCTGGTCAAACACTTCCTGGCAAGTCACGCCAAACGTTTCAACAAGCTTATCAGTGGCTGCTCGGAAGGCTTCCTGAAGAAGATGCAGGCCTATGATTTTCCCGGCAATGTGCGTGAGCTGGAGAATCTGGTGGAACGGGCCATTATCCTGTGTCGTGGAGCGGTTCTGGAGGCAGAGCACCTTCCACCCATGACGGCCAGGCCAGGTGCTGCCACCGGCAACGGCAGCAGTATGAAAGACCAGCAGAAGCGCATGATCCAGGAAGCACTGGAAAAAGCTGACGGCAATAAGTCGGAAGCGGCGCGCGCCCTGGGCATTGCCCGCCGCACCCTGCACTACAAGATCAAAGAGTACGGGCTGGAGTGAGCACCCCGGCATCAGCTCACCTTTCCCGCACATCCGCCCATGGGGTTGATTATCCATCGAGCCACAGGAAGAACCTCGTGCATGGGTTCTGTATTTCCCTTGCCACCACCATTGCCGAGCCTTCCACCATCCTGCCCCTGATTGTTCACCACTTCAGCTCAAGCCATATCCTGGTGGGGCTCTTCGCTTCCCTTCTGCGGGGAGGCGCCGTTGTGGTGCAGATGTTCGCCGCGTTCTATTCCCAGAGTCTGCCGCGGGT
NZ_CP084704.1_gap21	592683	593357	674	TCGGTGAACAAGCACCGCCAGAAGGTGGAAGTGAATCTGCTGGTTAACGGTATCAATATCAGCGCCGAGAGCACCACCCAGGATATGTACGCTTCCATTGACACGGTAACCGACAAGATCGAACGCCAGGTCAAGCGCTACAAGAACAAGATTAAAAGCCATAAGCCACGCCAGCAGGCCAAGGACATGGTTGTCAATATGAATGTCTTTGCCGCCGAGAGCTTTGAGGAGCGTGAAGAGCAGGCTGGCGCCAGCGAGCCGAAAGTCATCAAGAGCAGCAGCTTCAAGGTCAAGCCCATGAGCGTTGACGAGGCAGTTATGCAGATGAACCTTATCAGCAATGAGTTTCTGGTATTCCGTAATGCCGACAGCGACCAGATCAACGTGATCTACCAGCGCAAGGACGGCAACTACGGTCTGGTTCAGCCTGAAGCCTGACGGTGAGCCACATCCCTTTTCTGCAGCAGGAGCACATCTGCACTGCTGTTGATGCTACCACCAGGGATGAGTTGCTGCGTGTGGCAGCTCAGAAGATAAACAGCGTCTGTGCCGATCTTTCCGCCCAGACGCTTTTCCAGGCCCTCTGGGAGCGTGAGGAGCTGGGCAGCACTGCCCTTGGCTCCCAGGTGGCCATTCCTCACTGCAAGATTGAGGGGCTTGACCAGATCCGTCTC
NZ_CP084704.1_gap22	604816	609230	4414	CAACAACACCCCAAAGCACCCTGGCACCCGCCCTGTTCAAACACGATTACGAAAGTGATCTGATGACCCTGGCCATGGGACCGCACCACCCATCCACCCACGGCGTACTGCAGATTATGCTGAAGCTTGATGGTGAGGTCGTGGTGGAAGCAGAGCCGGTTATCGGCTTCCTGCACCGCTCCATGGAGCGCATGGGCCAGGAACGTCCCTGGATCCAATATACGGCTGCCCTCAACCGGGTAGACTATCTGGCCACGATCCACAGCGAGGTTCCCTACTGCGTGGCCGCAGAGCGTATCGCCGGACTCGAAGTCCCCGAGCGCGCCCAGTGGCTGCGTGTTCTGATGATGGAGCTCAACCGCATCCACTCCCACCTGCTGTGGGTGGGAACCTTCCTGCTGGATATGGGCGCCACTACCATCGTCATGTACTCCCTGCGTGAACGTGAACTCATTCTGGATATCATGGAAGAGGTCACGGGCATGCGCATGATGAACAACTACACCCGCATCGGTGGTGTTCGTTACGACATGACCCCCAACTCCATTGAAAAGACCCGGGAATTCATCAAGAGCTTCCCTCAGGCCCTCAGCGATATGGAAGCCATTATTACCGGCAACCCCATTGTGCGGGGCCGTCTGATCGGCAAAGGCCTTCTCACAAAACAGCAGGCCATCGACTTTGGCGCCATGGGCCCCATATCCCGTGCCTCCGGCGTGGATTTTGACCTGCGCCGTGATCGCCCCGATTTCGTCTACGACAAGCTGGACTTCAAGGTTCCCGTCTTCCAGGAGGGCGACAACTTTGCCCGTTACATGGTGCGCATGGAGGAGATGAAAGAATCCCTCAGGATGGTTGAACAGTGCCTGGATATGATGCCCGAGGGCCCGGTCAAGGTGGAAAAGCCGAAAATCGGCCCCATGTGGAAAGCTCCTGCCGGCGAGGCTTACGCCGAAGTGGAGTCTGCCCGCGGCATCCTGGGAACCTACGTGGTTTCCGATGGCAGCGGCAACCCCATGCGTACCAAGTTGCGCGGAGCTTCCTTCAGCAACCTGCACGCCTTTGCCCAGACCCTGGTGGGCATCAACATTTCCGAAGTGGTAATTTTGCTTGGAACCTACGACGTAGTCCTCCCAGAGATCGACAGATAGAGGTGCCCTGATGTTCTTTTCCTTTACACAGGCCTGGCCACTGTGGGCTCAGCAGATTTTTTACGCCGTTGTGCCTGCTGTGCTGGTGGTGGCGGTGGCTCTGACTTCCGTTATCCTGCTTGTCTGGTATGAGCGCCGCTGGCTTGGCTTTCTCCAGCACCGCTATGGTCCCAACCGCGTTGGACCCTTCGGCCTGCTGCAGCTCATCGCCGATTCCATAAAGATGCTGACCAAAGAAGACATCATGAATCGTGGTGTCCACAAGGCTCTGTTTACCATTGCTCCCATTATTGCCATGAGTGCTGCCATCATTGCCTGGGCGGTTATTCCTTTCGGGGAGAACCAGGTGATCAGCAATATGGACATGGGGATTTTCTTCCTCTTCGCCGTTGCTGGCCTGGGAACCTTTGCCACCATTATTGCCGGCTATGCCAGCGACAACAAGTGGAGTACCCTGGGCGCCATGCGTGGTGTGGGGCAGGCGATCAGCTATGAAATTCCCCTGCTCTTCTCCATCGTGCCCATCTTCCTCATGGCGGGTTCCTTCAATCTGCAGGAAATTGTGCTGCAGCAGCAGGGTGGCTGGTACTTCTGGCATCAGCCTCTGGCCTTTATCCTCTTTTACATCTGCATGACCGCTGAGGTGAACCGCACGCCCTTTGACCTGCCTGAGTCGGAAAGTGAGCTGGTCTCCGGCTTTAACACCGAGTACTCCGGCTTCAAGTTCGGCGGCTTCTTCATGGCGGAGTACATCGCATCCCTGACCATGTGCGCCTTGCTGACCCTGCTGTTCTTCGGCGGCTGGTACCTGCCCTTCGCCAACATCCCCGCCATTGCGTCACTGCATACGGGCATGAGCGGCTACTTCATCAACCCCATTGTCTTCCTGGCCAAAACCTACTTCTTCTTCGGTGTCACCGTCTGGGTACGGGCTACCCTGCCCCGGGTCACCATCGGCATGCTGCTGAGCCTGGCCTGGAAGGGTCTGATTCCCCTGACCATCCTGAACATCTTTGTGACAGGCATTGTCCTGTACCTTGTGAGGTAATGCGCTATGGCTCATGATGAACACTCCACTGCCACTCCAGCCAGCGAACCAAGCGTGGCTGTGAAGACAATTGAAGCGGTTGCAGCCGGGGCAAAGGCCATCAGCATCGGCATGAAGACCGTTCTCAAATATGCTGGCGGTCCCCGCCCCACCCGGGAATATCCCGAAGTGGTGCGACCACTGCCCGAGCGCTCCCGTGGTCGCCTGTACTTCATTGAAGAAAAGTGCATCGCCTGCAATATGTGCGTCAAGGCGTGCCCTATCGATGTCATTCAACTGGAATTCCACCGCGAGGACCGCGAAGTGGATGGCAAGGTCAAGAAGGTACCCGTCATCGACAAGTACACCGTGGATATCGGCGAGTGCATCTCTTGCGGTCTGTGCGCCGAGCACTGCCCTACCGATGCGGTATTCCAGTCTCAGGAGTACGAGACGGCGTACTACTATAAGGAACTCTTTGTCATGAACAAAGATGAACTGGCCATGACGTTTCCTGAGTACATCGAGAAAAAATCACGGGAACTGAAAGGAAAGTAGGATTATGGCAGAATTTGTATACCATCTTGTGTTCTACATGCTGGTTGTGACGATCCTGGCCAGTGGTTTTGCCATGATTTTCACCCGCAATATCGTCGCCAGCGTTACCTGCCTGGTGGGCACCTTCCTGGGTGTGGCCGGCATTTTCTTCCTGCTCAATGCCGAGTTTATCGGCGTTGTCCAGATCATGGTCTATGCGGGTGGTCTTTCCCTGCTGATCATCTTCGCCATCATGCTGACCGACCCGCGCGACCATGAGGTTGACCGTCCCAAATCCGGCAATGTGATGCTGGCGGCAGCGGTAAGCGGTATTCTCTTCATCATGATGGTCATTGCCATCAGCACGGCCCAGTGGAGCTTCTCCGACGCCGAGCCTCTGACGACGCAGCCAGCGGTCTACATCGGCATCCAGTACTTCACCAACTACATAGTACCCTTCTACCTGGCGGCCATTCTCCTCTCCATGGCCCTGACCGGTGCCATTGTTCTGGCGAAGAAGGAAGGGGAGGATGAAAAATGCTGAGTATAACCCTGAACCACTTTCTCTTTCTGGCATCGGCAGTCTTCTGCCTGGGGATTTTCGGCATTATTGCCAGCCGCAATGCCATTAAAGTGCTCCTGAGTATTGAAGTCATGCTGGCAGGCGTTACCATGGCCTTTATCGCCATATCCAAGTACGTCACTCCCGATACCCTTGAGGGTCAGATCATCACCATCTTCATCCTGACGGTGGCTGCGGCGGAAGCGGCAGTGGGTCTGGCTATCCTTCTGGTCGTGTACCGCAACTACAAGACGGTTGACATGTCCAAATTCAACGTGCTGAAGTGGTGAGGTAACTATGATTGAATTTGCCATATCAAACGCGTGGCTTATCGGTATCATGCCCATCCTGGCGGGCTGTGTGGCTCTGCTGGTGGTCAAGCCGTGGCCGAAGCTGGCCCACACTGTGGTGATTGTGCCTTCGGCCATTGGCTGGTATCTGGCGACGCTGATTCTCATCGGGGCCTTCATGGGCTACGATCTGTCATCCTCCCAGTGGAGCTACCGACTGCTCACCACCGGGGACTTTGACCTGAATTTCGGCATCCGGGTGGATAACCTGACAGCCCTGATGCTCTTTATCGTCATGACCGTCAGCACCCTGGTGCAGCTGTTCTCCACCAAGTATGTGGAAGGCGATGGCGGCTACTCCCGTTTCTTCGCCTTCCTGGGCCTGTTCACCTCGTCCATGCTGGGGCTGATCCTGGTGGACAACCTGCTTGGCCTGTTCATCTTCTGGGAGCTGGTGGGTGTCTCCTCCTTCCTGCTGATCGGACACTGGTATCAGAAGCCTTCGGCGGCGGCAGCGGCCAAGAAGGCCTTTATCACCAACCGGGTGGGTGACTTCGGTTTCCTCATCGGTATCATGATTATCTTCGCCACTACCGGAACCCTGGAGTTCTCAGGGCTGCGTGAAGCCATTGTGGCCGGTGATCTCTCCGGCTGGATTCTGACCGCTGCCGGTATCGGTATCTTCTTTGGTGCCATTGGCAAATCTGCCCAGTGGCCCCTGCATGTGTGGTTGCCTGACGCCATGGAAGGCCCCACTCCCGTTTCGGCCCTGATCCACGCCGCCACCATGGTTGCCGCTGGTGTCTACATGGTGGGCAAGATCTACTTCCTCTTTGAAGCTTCTGCC
NZ_CP084704.1_gap23	620544	622868	2324	AACTGTATATGGCTGGTGACGGACGTGAGGGACTGGAGTTATTCCGTCGGCATCGTCCGGATATTGTCGTGACGGATATCAATATGCCAGTGATGAACGGCCTGGAAATGATACGGCAGATCCGGGCCATTGACCCTGATGTTCCGATTATTGCCGCCACGGCTTTCAGCGAGGAGGACTACTTCTCTGAAGTGGTGGACATGGATGTGAATGCCTTTCTCATCAAGCCGGTGAATGTCTCTGATCTCCTGGAGAAGATCAGCGAGGTGCTGGCAGCTCCCGGGACTGAGGCGGAATCTGACCAGATGCTCGTCATCGGCCCCGATGACGAAGAGGAGTATGTCTTTCCACTGATCTATCAGTTTCTGCGCAAGAAAGGTCATCTGGCCAAAAATATAACCAGCAGAAAACTGCTGCACTCCGAGGAACTCCTGGAGGAAGCGTTTCGCATTGTGCGTCAGCTGCAGGATGACGGGGAGATCCTTTTTCTGAACAGCGACCATTTGCCGGTGCTGGACACTCAGACCACCATAGCCCCGTGTAATCGCTCCATTGAAGGCACAGAGGCGTACCTGCGGGCTCAGTGTCAAAGCAAGACATCCGATTCTCCCTTGTGAAACTCCTCCTGCCGGAGGCAGGAGCCCGAATCCGTGATTGCGGAAGCGCCATAATCCACCCCCAAGGAACTGGTATTCATGAGCAAGATGATCATACTCGCCGTCGATGACTCAAAAACCATCCTGGCCCTGATGAAGCAGATGACCAAGAATATGGAGAACTGCCAGCTTGAAGGGTTCGTCAATTCCCGTGATGCCCTTGAATGGTGCCAGGACCAGCACATCGACCTGCTCATCGTCGACTACATGATGCCGGATCTTGATGGCATTACCTTCCTGCGTGAGTTTAAAAGCAACTCCCGTCATCGTCATGTTCCGGTACTCATGATCACCGCCAGCGAGGATCTGGACATCCGACACCGCTCCCTGGAGCATGGCGCCAATGATTTTCTCACGAAACCTTTGGATATGCTTGAGTTTACCACCAGGGTTCGCAATATGCTTTCGCTGCGTCGTTACCAGAAGGCCCTTGAGGAGAATATCAAACTCCTGCGACAAAGCGAGGAAAGGTGGCAGTTTGCCCTGGAGGGCAGTGGGGATGGCGTTTGGGACTGGGACACCCAAACGGACGCCATGTTCCTCTCAAAAAACCTGAAGGCCATGCTGGGCTACGCGGATCACGAACTCTCCAGCAACTACACCAGTTTTATGGATTTGCTGCATCCCGATGACCTGCCGTTGATCCAGTGGGAGGTACAGCTCCACCTCCAGGGCAAGACCCCGACCTTTGTCGTGGAAAAACGCATGCGCTGCAAGGATGGTAGTTACAAGTGGGTGCTGACCCGGGGGAAGATCATCGAATGGGCCACTGACGGCAAACCCTTGCGCGCGGTGGGAACCATGAGTGACATCAGCGAACGCAAGGATATGGAGAACTACCTGAAGGACTCCTCCGATCGCATGCGCAAGATTCTTGATGCGGTGGATGCGCTTATCGTCGTCACCCAGATGGAAGGTGATGAGCAGATTCTCTTTGTCAATCACCACGCCCGAAAACTGTACGGTGACATTGAGGGACAGCCCTGGAGCTGTTTCAATCGGGATACAGCCCCGGCTCAACAGGCGCTGGTTGACCGACATGGGAACCCCAGTGGTGAAGTGGTCGCCTGGGAAGAATACGATGCGTCACTGGGGCGCTGGTTCCTGCGCCATGACCAGGGAATCCGCTGGGTTGATGGCAGTGTCGTGCGCATGCAGGTAGCCACCGATATCACGGAGCGTCACCAGATCATGGAAACGCTCCAGAAGAATGAAAAAAAGTACCGCGAACTTTTTGATAACATGAAAAGCGGCGTGGCCATCTACGATGTGGAAAGTGGCGGTGATGTCTTTGTCTTCAAAGATGTGAACAAGTCGGCAGAGAGCATTCTGTGTGCCCGCAAAGAGGATCTGATCGGTCGTAATCTGACCAAAGCACTGCCCGGTGTGGAGGATTTCGGTTTACTGACAGTGTTGCAGGACGTGTACCGCTCAGGCTCCCCACAGTACTTTCCCCCTGCGCACTATCATGATGACTCGCGGCAGGGGTACTTTGAGAACTTTGTCTATCGCCTGCCTTCCGGAGAAGTGGTCGCCATATTCGACGATGTCACCGAGGAAAAGCTGGCGGAGCAGGAGCTGCGCCTGGCTGCCAAGGTTTTTGAGAGCAGCATGGACGCCATTGTCATTACCGATCGCCATAACGCCATTGTCTCCGTGAACCAGGCT
NZ_CP084704.1_gap24	684345	686812	2467	TGGTGATTGGTGTACAGGTTGGCAAGATGTTGCTGGTCGCTGGTGTTTACGCGCATCCGAAGCGTTTTCCTTTGCGGGAGTTTAGAGGTAATTTCAATGAATAAACTTAGCTATACGTAACATTAAAGGTGTTGTCAATGACTCTTTAACAGCTTGCTGAAATACCTCAAAATAAACAGGCAATTGAAAAATGCTCAGGTGCAATGACACGCGACGGCTCAAAAACGAAGAGATTTTCACACAAAGCACATAAAGGCGCAAAGAAAGGCAAAGGGAAAAGCAGTTTCCACCGCGAATGAACGCGAATAAACGCGAATGGGGAAGAAAACCGTCAAAGCAGGAAGTGAAATTATCCGCAGATTGAATGCTGAAATACCTCAAAATAAACAGGCAATTGAAAAATGCCCAGGTGCAAGGCGCTCGCGGAGCGTGGAGTGAAGCGTACTCCCCGTGCGTTGCAATGACACGCGACAGCTCAAAAACGAAGAGATTTTCACACAAAGCCCACAAAGGCGCAAAGAAAGGCAGGGGGAAAAGCAGTTTCCACCGCGAATGAACACAAATATACACGAATGGGGAAATTTCACGCAAAGACTGTGGGGAGGGGAAACCGGAAGAGCTTAACCACGGAAATCACGGAAGACACGGAAGTTACCGCGAATAGACGCGAATGGAGAGGCAGAAACAGGCCGTTCCCCCCCCTGAGCCCGTCCGGTGAGTGCGACGGCGGGCAGCACCGCAGATGGGGCTCTTTGAGCAGCCTGCTGCCGGATCTCCAGAACAGGCAAGCAAACGATCCGGAAAAACGGGCGTTCGGGGGGCGCGTTTTTGTGCCCTTTTTGCGCGGTCAAAAAGGGTAATATCCACGCAGATGAGGGTTTTTCAGCGGCCTGTCAAGGATCGGCTGCCCATTCGGGCAGCCGATGCAAAATCCTCTCACAAGGGGTGAAACAACACGCGAAGTGTCATTGGGGCTCAGAAGCCTGGCGCGCTGACCATACACTGTCTGGCGGGCCATAACGGGCGCGTTTCGCGGTGGCGCGGGCCATCCACGCAAAGCACAGGCTGCCGGCAAGGGCGGTGGCATCCACCCCCAGCGAGGCAATGCTGGCATGGGTCCACAGGCCCAGCGAAGGAAGGGCGAGTGCCACGATTGAGGTCAGGGGGATTGCCAGGGTCGCTGCTGCCGCGAACCACAGCAGTTCGGTGGAAGCACGGGCGGGGCCCCGCAGGAAGGCCCAGCCGATGGCGGCGAAAAAGCATGTGTAGTAGACGATCTGATGCCACAGTCCCATATCGGTGACATGGCCGTGGAGCCACTTACCCGCCACGATAGTGGCGGAAATGCCAGCGACACAGCCCAGGGATACCCCTACGGTGAGGGCGGCCATGATGAGGAGGCTGCGACTCTGACGGGGAACAGCGCTTTGCGTGCGGGGGGTTCTGCGTCTGCGGGCCTCAATCCACAGCAGGTTTCCGCTGTAGAACAGCCAGGCTCCGGCAAGTCCGAGCAGAAAGTAGATCCAGCGCACCGGCGTACCGCCATAGGTGCCGAAGTGCAGGGTGAAAAAGCTGCTGATCAGCGCGTAGGAAGTATTCTGCTGTCCGGGCATGTAGCCTGTGCTCATGACCGCTCCACTGTAGGGGTCCAGGGCGACAAATCCGCCAATGAACTTGGCGACATAGGTCGTTGCGTCGGTGCCCCATACGCGCACCACCGGACGTGTCCCTGTCAGGTTCAGGTACTGCAGGGTTCTGGGCTCAAAACTGGGGGAGATGGCCTGGGAACGCGCCACCAGCTCCGTGGGCGTCAGCAGGGTGGAGGGTGCCTGGGCCACTTCGTAAACATCACCTCCCAGTGAAGATGCCCAGATTGAGGCCAGCTGCCCCTGATGCAGGGTTTTATCCTGTATCATGTAGATGGCACCGTGAAACGCGAAGACCGTTGCCGTCAGGGCCATGACGATATGAAATGGCAGACTGACCATTCCCACCAGATTATGGGAATCAAGCCAGATGCGTCTTGGATTGTTGCTTTCACGCAAAGCGAAGAAGTCCCTCACCAGTGAGGGCAGCAGGATGATGACGCCCGATACCAGGGCCAGGGCGTAGAGGGCGGCGATGGTTCCCATGATCCAGCGGAAGGGCCCCTTATCGGCCGGAAGCCCTATGACGCGGTGCAGCACATCAATGAAGTTCCCCAATTGTGAGGGGCGGATTTCCTCTATCCTGGGCGTGCCATCTTCCTGCAGAATTGCGGTGAAGTGCCGCATGGCCATGGGATCGTGTCCTCCGGCACCCTCTTTGCGCACCCGCCAGGTCAGCCGTGCGGGCAGGTGTTCCCCCTCATCCAGGTGCAGCCACATTTCCCGCGCCGTCTGAGGGTGTGCTTCCAGGGTACGTTCCATGAGCTCCGGCACATCGGCGAGGGATACCGCCGCAGTGCCGGCGCTGGGCGGTGAAGCCC
NZ_CP084704.1_gap25	690965	692463	1498	GCGACTGGTATCCACCCCCAGCCGCAGCTCGTGATCGCTGTGGGGAGTGTAAAAGAGCATGCCATTCAGATGGCGATTTTCAATCGTACCGAAGCCTGGTTGCGCAGTACCCCCTTCTGTCGCGGGCTGGTTGACATCCTTGTCTTCTTCGCGCCGGTCATAGCCGACACCAAGGCGCAGGCTGAGCACATCCTTAACCAGTGGTCCGCTGGCACTCAGGCTCAGGGACTGGGAGTCACCCGCTGCGCTGTCCTCCTGGAAAATCGCATCGGCTTTCAGCGATCCGCGCCAGGTACTTCCAGCGCCACGGGTTATGATATTCACCACCCCGCCTATGGCATCGGAACCATAAAGCGAGGACATGGGCCCTCGCACCACCTCAATACGCTCAATCTCACTCACCGGCACCCAGCCGGTATCATAGTCGTTGCCCCGGAATACGACATTGGTAGAGTTCACGCGTTTGCCGTCGATCAGGATCAGCGTGTACGCCATATCCATACCACGGATCTGCACTCCGGCCACCTGATTGCCCTGACGCGACAGGGTGATACCCTCGACCGTCCCCAGCAGCTCAGAAAGCTCCATGACCGGGAATTTCTCAATGTCCTCCCGCGTAATGACCGATATGCTGGCCGGAGCATCGCGCTGAGTTCGCTCAACCGAAGACGCCGTTACCACCATAGGTTCCAGGACGACCTGCGAGCTTTGCTGCGCTGACGGCGCTTCTTCCTCGTCCTGAGCCAGCACCGGCGTGCCCCACAGAACAGACAGAACACCAATCAGGCCCAGGGCAGCCCCTGCCGACCTTCGCAGAAAAATCTCACCAGAAAAGACATTGTGGGAAAATTGACGCAAATAGACACAAGGCATAGTTTTCTCCTTCCTTCATTCCTCCATGTTTCTGATGAAAGTTCAGGAAAACCGCCTGTATACATGCGTGCGCCAGGGAAATGTCCGTTCGGTTGCAAAAAAGCACTGGCTATGGTGTTTCTCGTGGGAAATCTGAGGAAGTGCGAAATTCGTTCTATTGAACTTTCTGAGATATGCCAATAGGGTATTTTGCGAACGTTTCCCGCTGGTGAATACAGAGGCATTATCAACCGCGAATGAACACGAATATGCACGAATGGGGAAATTTCACGCAAAGACTGTGGGGAGGGGAAACCGGAAGAGCTTTAACCACGGAAATCACGGATGACACGGAAGTTACCGCGAATAGACGCGAATAAACGCGAATGGGAAGGCAGGATCTCACGCCCGTTCGCTGCGCTCACTCAAGTCGCGAAGCCGCCAGGGAAAAGCAGCAACGAGCGACTGCTCAAAAACGAAGAGATTTTCACACAAAGCCCGCAAAGGCGCAAAGAAAGGCAAAGGGAAAAGCAGTTTCCACCGCGAATGAACACGAATATACGCGAATGGGGAAAGTTTCACGCAAAGACTGTGGGGAGGGGAAACCGGAAGAGCTTTAACCACGGAAATCACGGAAGACACGGAA
NZ_CP084704.1_gap26	707914	710316	2402	TGGATCTGTTGTCTGGAGCCAGCCAGGCTGATGAGTGTGCGATTGCCTGCTCCGTAGCCGATACTGATGCCGTCGGTCAGTCCGTGGCGGCTGGCTTCCAGGAGTGCGGGATTCGGTGAGTGCCGGTTTTGTGTCTGGCTCCAGCGCAGAGGCTCAGGAGAGCGTCTGACCTGCTGAAAGACGGGGTCGGTACGCCAGAGTTTTCTGACGACATAGGTTTCCAGCCATGGCTCAGGGCACTGATGCTGAACCAGCGTCTGAAACAGGGGTTGCTCTTCCTGGAATTCCACCAGGCAGATGATGGCGCAGGTAAAATCCAGGCAGTTTCCCAGAGTACTCAGCAGTGAGTGCATGCTGTCCTGGTCTTCTATGTTCAGGGCCTGTTGGATGGCCGTGCAGGCCAGCAGCAGGTCACTTCTGGAAAGTTCGCGGAGGCTCATGGGGATTGTCTCCGGAGCGTTCAGCTCTCAGGAGGCTATTGCCCTCCTCTGGCTGTAAATTGCGCTCAATTTCTGCTTTCCTGCTGGCTGCGCGGTATTTGAGTGCAGCAAGCAGAATTTTGTCAGATCGGCTGATACTCCCGCTCGTACAGCTCGAAGTAGCGCATCTCGTCATAGAGCAATTCGATATTATCTGCCAGAAAGTGCTCATCGCTGAAAACTTTCCACTTGTGTTCATTTCCGCCAAAAAAACCAATCTGTGACATTTTGGCAATCATGGCCTCCCGCACATCGTGGTAGTCGCTGGGGTCGAAGAACTCCCAGGGGGCGGATTTGACAGCCATCCAGAAAGCATTGCCTATCTGCTGGCTGTCGCCGGACTCCAGGGCGTTGTTCATACGGTGCAGGATGGCCGGGTTCACCTGGTCCATGGTCTTGTGCTCCTGGGAGCCCAATCTGAACTCACCCTCCAATAGGTTCTCCACTGCATAGGGAGACAGGGACTGTTTGTCGGGCACGTAGCTTCCGCTGCTGTCACGGACAAAGTTTCCCTCTTCGTCGGTCAGGAGCTTATAGTCCCAGAACTCCTGGGGGGTGGCGAAGCGCTTTTCCGGGGTGGTGCTGAATGCCCGCACACCCCCTTGAATGCTTTTAAAGAGGCGTTGCCGGTCGCTGTCGGGATCGGGTTCGTAGAGAAAGTGGTCGTAGTATTCCATCAAGTCTTCGGGGGTCAGGACTGCCAGCATGTCCTCATCAATATCCAGATTGCGAGCCAGACGCTTCAATTCCACCTGCTGCAGGGATTCCATGCGCTCCCTGGCTTCCGCCAGGATTTCCGGGTCGATGTTCAGGGGGTTGTTCTGCCCTTTGGCATGGGCGTGGGCCTGTATCATGCTCTGTTCCATGAGGTTCATGCGCTTTGCCTGGCGCAGGGCCTGCTGGCTGAAGGAGGCACTATCTGCGCCGATGCGTTCCACGGCGTTGCCCGTGCGCAGGCTGGCGTTCAGGCTCATGGTGGCAGGGGTTTTGGGAGTGGAAAAGAGGTTGGGCAGAATTGTCGACAGGATACCGGCGGAAGCTTTCTGTATGCCGTCCATGGCGTTACTCCTTGCTGTTCCTGGTTACCGGGAGGAGATATTTACTGCAACATTCATAACTCTAATTATTTTCCCAGAAAAATCAACTACCTGTTCGGGTAACGCGCTCGTAACTTTGCCCTGCTGGCCATGTGTGCGCCTTGGGAGATATTCTGAGCTTGCTCTTTTCAAAGGCGATGTTGAGGGAGTGGAGGATTGCAGGGCAGATTTTGGAAGACTACCTGGAAGGGCAGCTAAGGTCTCCGGTGGGGAAAAGAGGTTGGCCGGAACTGCCGGCAGGTTGTCGGCGGAGGCTTTTCAGCAGCCTGTCAAGGCAGGTTTCTCGCCAAGCTGCGAAGTCGCCAAGGAAAAGCAGCAACACACGACTGCTCAAAAACGAAGAGATTTTCACACAAAGCCCACAAAGGCGCAAAGAAAGGCAAAGGGGAAAGCAGTTTCCACCGCGAATGAACACGAATATGCACGAATGGGGATATTTCACGCAAAGACTGTGGGGAGGGGAAACCGGAAGAGCTTAACCACGGAAATCACGGAAGACGCGGAAGTTACCGCGAATAGACGCGAATGGAAAGGCAGGATCTCACGCCCGTTCGCTGCGCTCACTCAAGTCGCGAAGACGCAGAGAAAAATACAAGTTTAACTGATTTGGCTGCCCATCTTCTTTGCGTTCTCAGCGGCTTTGCGAGAGGAGATTGTCTTTTCTGAAAAGATAATTTTAAAGAAAGTGTCTTTCAATACCTCAAAACACACAGGCAATTGAAAAGTTCTCAGGTGCAAGGCGCAGGCAAGGTGAGGTACGGGCTGAAACAGACCCTCGAAAATATCCAGGATCGGACAAGATGCCATAAAAAACTTGACTGGAATA
NZ_CP084704.1_gap27	868046	868563	517	TGTAATGGCCCTCGCGCCAGCATTCCTCCCAGAGACACTCCCTTTCGTCCATGGCTCGAGTCTCTGCCGCTCGCCATCCAGGCTCGCTCTCGGAACACTGGCGCGAGGGCTGAGGAATCGTTGGTTGCGTTTAACTCAGTTTACATGACTCTCCCTCCACTCCACGAAGCTCTTAATGGCGATGGTTACCAGCGCCAGCCCGGTCAACAGGGAGGATACGGCGAAGGCGGCGGTGAACATGTATTCGTTGTAGAGCACTTCGATATGCAGGGGCATGGTGTTACTTTCGCCCCGGATCCGTCCCGAGACGATGGCCACGGCGCCGAACTCCCCCATGGCGCGCGCGTTACAGAGGATGATGCCGTAGATGAGTCCCCACTTGATGTTGGGCAGGGTCACGTGCCAGAAGGTTTTCCAGCCTCCGGCCCCCAGAATGAGGGAGGCCTCTTCTTCCTGCTTGCCTTGCTGCTGCATCAGGGGGATGAGTTCACGGGCCACAAAGGGCAGGGTGCCGAAG
NZ_CP084704.1_gap28	871919	873569	1650	CTGGCAGCCGGAGAACACTTCAAAGAGCTTGATCGGCAGGGGGCGGAGAATTTTCGTGCTGCTGCGATTGCGGCGGGGGTCAGGCGAATCATTTACCTTGGAGGATTGGGAGACAAGGATCAGGCCAGTGAGCATCTGGTAAGCCGCATAGAGACCGGGGAGATTCTTTCCAGCTGCCCTGACGATGTACAGACCCTGTGGTTTCGTGCCGGGGTGATTATCGGTTCCGGTTCCACCAGCTTTGAAATTGTCCGTAACCTGGTGCAGAAGCTGCCGGTGCTGGTGACGCCACGCTGGGTCAGTACAAAAGCTCAGCCCATTGCGGTGGACGATGTGATTGCTTTCTTAGGGCAGGCGGCTAGCCTGGAGGTGGCGGGCAACCGCGTGATTGATATCGGCAGCGAAGTGATGAGTTATGGAGAGATGATGCTGGCCACTGCCCGGTTCATGGGACTCAGGCGCTTCCTGATTCCCGTTCCCCTGTTGACGCCACGCCTTTCTTCCTACTGGCTGGCATTGTTTACACCAGTGCCCTATCCGGTGGCCCGCGCCCTCATCGATGGATTGGGTTCCGAGGTGCTGGTGCGCAATGATGAGGCCAGCCGGCTTTTTGCCAGCGTACCTCTTTCCTATGAAGAGGCGGTGCGCCGCGCTATTGGCGAAATAGAGCGTGATCAGGTTGTCAGCCGCTGGTCCGATGCCTGGGGTCGTGCGCCGGAGGCCTCCATGGTGGAGGGCATTGCCCATGCGGTCTTCGTGGATCGACGCGTGCGCCAGCTGGGAAGCTGCACTCCGGGACAGGTCTTTGCTTCCTTCACCACGGTAGGTGGTGAGACAGGTTGGTTTCGTTTCAGCTGGCTGTGGGGATTGCGGGGGCTGATTGACAAGGTGCTGGGAGGCGTGGGTCTGCGGCGTGGGCGTCGCCAGATGTGCGATCTGCGGGTGGGCGACTGCCTGGACTTCTGGAAGGTGGTGGATCTGCAGGAAAATCGGCGCCTGTTGTTGATGGCCCAGATGAAGGTTCCCGGAAAAGCGTGGCTGGAGTTCGTGGTGGATGACGGGCAGTTGCTGCAGACGGCCTACTTCTATCCCAGCGGTTTGTGGGGGCGGCTCTACTGGTATCTGATGGTGCCCGCCCACTTCTTTGTTTTCAATGATCTGGCGAATCAGATCATGAAGCGGGCGGCGACTCTTCCTGGGCGAGTCCTTCCTGCTCCTGAATGACCTCCTTGTTGGGCCAGGCACCGATAATGGACTGGATAAGCGTCGCCAGGGGTATGGCGAAGAATATCCCCCAGAAACCCCACAGACCGCCGAAGACGAGGATCGAGGTGACAATGGCGATGGGGTGCAGGTTGACCACTTCGGAGAAGAGGATGGGCACGAGGATATTGCCGTCAAAAAACTGGATAATGGCATAGGCGATCATCAGGTAGGCGAACTGTGAGGTAAAGCCCCACTGCACATAGGCGATAAAGGCGATGGGGATCGTCACCACCGTGGCGCCCACGTAGGGGATCAGCACGGAGATGCCCACCAGCATGGCCAGCAGCAGGGCAAAGTCCAGCCCCATGATGGCAAAGGTGGCGTAGCTGATAGCCCAGACTATGATGATTTCCATGGCCTTGCCGCGCACATAGCTGGCGATCT
NZ_CP084704.1_gap29	918989	923023	4034	TTCCTTAGCAGGCCATTGAAAAACCCTCATCTGCGGCGTTGCCCACTGTCGCTCGTCATTGCAACGTACGGGGAGTGCGCTTCATTCCTCGCTCCGCGAGCGCCTGACACCTGAGGGTTTTTCAATTGCCTGCCTGGTTTGAGGTATTTCTGCGGCTGTTGGCAGGCTGCTGAATCCCTCCCCATCCGTTAACTTTCCGTGAGAGGAGATGCCATGCCCCAGTCCTATACGCCCCACCAGGTGCAGTTCATCACCTCGGCGCCATCCCTGGCCAAGTGCCCGGTGCCAGATCGCCCGGAAATCGTCTTCCTGGGGCGCAGTAATGTGGGGAAATCGAGCCTGATCAATGCGGTGACCGGCCGCAGAAATATTGCCATCACCAGCAAGACACCGGGGCGTACGCGCCTGATCAACTACTTTGATGTCAATGGCGATCTCTACTGTGTGGATCTTCCCGGTTACGGGTTTGCCCGTGTGCCTACGGGCATGCGCGATGAATGGAACCGCAGCCTGTACGAGTACCTGGAGAGGCGCGAGAATATCGCTCTGGCTATCATGATTGTGGACGCTCGTCACGAGGCGCAGAAAAACGATCTGCGCATGTTCAGCCTGCTGCAGGAGCTGGAGGTTCCCGTGTTCATTGTGGCTACCAAAGCGGACAAGCTGACAAAGAATCAGCTGCAGAAGCAGGTGGCCGGGCTGAAAAAAGTCTATGGCAAAGAGGCGGGTGTCTTGCCGTTTTCTTCAACGGCAAAGTATGGTATAGAGGAGTTCTGGCAGGAGATTACCCGTCGCGGAATAGTGGTCTCCAACAGCAAACCCGAATAACGTGGAGGTTCAGGATATGGAAGGCAAAGACGCCAAGGCCAGGGACGGTTCCCGTTCATCGCTGGACAAAGTGTACGAGAGTATTATCAAGGGCATTAACAAGAGCAAGGTCGAGGCCGTCAAGCTGACCAAGATGGGCAAGATCAAGCTCGATATCATCAACGCGCAGCGCAAGAAGTCCAGCAAGCTCGAGGAGCTTGGCGCTCTGACCTACGATCTGTTGAAGAGTGGTAATCTGCAGTTTGATGAAAACTTCCTTTCCCTGATTGAGGAGATCGAAAAGATCGACGCGGAAATCACTGTGCATCAGGCGCTGCTGGAAGAGCTGAACCTGGCCAGCGACCTCAGTGAGTTCACTCCCGATGAGCCTCCCCGCGAAAGCAATCCTGCTCAGGAGGAGCAGGCCGAGCAGCCTGGCGACAGCCCTGAGGAGTACCACGCCGATGATGTCGCTATTTCGGGGCGTATTGAGACGCCGGTGACTGCCGATGAGAACAAAAAAGACTGATTTCCCTTTGAGAAATATTCAGGCAGTAGTTTCTACTGCCTTTTTTTATTGGTGCCCCAGGCGCTGGCGTCAGCTTGCGCTGCTCCTTTGGGTGCCGCTCTTTCTGGCGGTGCCGTTTCCCCTGGCTGCCGATGATCTGCGGCGCACGCCGGTGGTGCGCGCGGTGGAACAGGTCAGCGCGGCTGTGGTGAATATTTCCACCCTCTCGGTGAAGGAGACTGCGGCAACGCCCTTTGTGATGAATGATCCGTTTTTTGATGAGTTCTTTCGCGATTTCTTTCAGGGCTTTCGTCGCTCCTACACCACCCGTTCTCTGGGTTCGGGGGTACTTATCAGCTGCGATGGGCATATTCTCACCAATGCCCATGTGGTGGCGGGGGCTACGGACATCACGATTTTTACTGGCGATCACCGTGAATTCAAGGCGCGTATTCTGGGAAGCGACTCCCGCAGCGATATCGCGGTACTGGCGGTGGAAAACCCGCCCCACGATCTGGGCTGCGCCAGGGTGGGCAACTCCGATGAGCTGTTTATCGGTGAACCGGTAATCGCCATTGGCAACCCCTTTGGTTTTTCCAATACGGTTACCACGGGAATCATCTCTGCGGTTGGCCGCTCCATTCGTGGAGATGGAGTGGTGTTCCACAACCTCATCCAGACGGACACCATGATTAACCCCGGTAACAGTGGCGGGCCGCTGCTGAATATCCATGGAGATGTCATCGGCATCAACACGGCCATGTACCGGCGCGCCCAGGGTATTGGTTTCAGTATACCGGTGAACAGGGCCATGCGCATTTACGAGTACATTCTGCGCCATGGCACCCTTGATCGCGCCTGGATCGGGGTGGAGGTGCAGGAGCTCTCTTCGCAGCTGCGTTCCGCCATCGGTTCACAGCTGCCCAGGAATCGTGGCGTGGCCGTTACCGAAGTGGCGAATCCCTCCCTGTTTCGCGGCGAGGCATTGCAGCCCCAGGATGTGATTCTGGCGGTGGGGAACATGCCGGTGACCGGGGCCGCTGATTATGTGATGGGTATTCACGACTACACGGCCGATGATGTGATCGACCTGACAGTGTGGCGGGAAAACCGCGTCTTTCATACCCGGGTGCAGGCCCGCAGGGCACCTGACACCTACGGTATTCTGGTGCTGGTCCGCTGGCTGGGCGTTGAGCTGAAGGCCACCTCCGGTCAGCGTGGTATGGAGGTGGCGCGGGTTCACAGTGGAAGCTGGGCGCAGCGGGCAGGCTTTCGCCCCGGCGATCGCATTCTCACCATAGATGATATTCCCATTAACTCTCCCCAGCTGCTGGCTGAAGCCATTGTGCTGGTTCGTGCCAAAGAGGGGGGCGTGATGGAAGTGGCGCGCGGGCGACAGACGACGCGTATTCAGTTTTGAATACCCAGGTGCGCAATTCCTGCGCAGGTGGGCAGGGGCTGCGCACCGCGCTGCGGGGTGAGAGCCGTATGCAAAAGAGTTGCGTTGCTGTTCTACTGGCTTGAATATTGCAGGTGAAAGGCAGCACTTGCCTTTCCTGAGTATGTAAATTGATTTTGAGGAGTTTCTATGTACCGAATTTCTCTCTTGCTGGCACTGGTTGCCATTTCCCTTCTGCTGGTCGCCTGTGGCACCAAGGAAGAGGTGTACGGATCAGGGGTGAATCCCGCCGCTCCGGTGATTACGGTTCAGGATGCCTTCTTTAACAAGGATCTCCTGGAAACCGAGGTGACCATGGAAGGTTTTATACAGACCCAGTGTACTTCCAATGGCTGCTGGTTCATGCTGAAGGACGATACCGGGCAGATCTTTGTGGACCTCTCCCGTCACAACTTCTCTCTGCCTTCGCGCCTTGGACACGATGCCCGCGCGACGGGCACGCTGACGACCTATAATAACAACCTCTTGCTGGTTGCCAGTGGGGTGGTACTCAAATGACAAGTTCCCTGCATCTGGCTTTTCAGAACCTCCTGCGTCACCGCACGCGCAGTGCTTTGACCATGCTGGGCATCGCGGCTTCCGTCGGTGTGCTCTTTGCGGTCTTTTCCTTCAATCGCGGCTTTGAACAGAGTCTTGCCCAGCAGTTGGATCAGACGGGGCTGCACTTCATGGTGGTTCCCTCGGGCTGTGCCCATGAGGTGGCTTCCCTGGTGCTCCATGGCAACGTGATTCCCCGCTACATTGACGATGGTGTCATGGAACATGTTCTCGCCACCGAAGGTGTGGCGCTGGCAACCCCCATTCTGGTGGCCCAGCTGCCCAACCCCGCCCAGAAGCGCATTGACCTGATCTATGGTGTCGATATGAAGGTGCTGGAGGAGATCAAGCCCGACTGGGATATCACAGGCTCCATTCCACGCAGTGCACATGAAATTCTGCTGGGATACGAGGTGGCGCAGCACACGGGTCTCAAGGCCGGCGACAGTTTCCGCTACCCCCAGATGGACGAGCTCTTCCATGTTGCCGGTGTCATCGGCAACACCACTTCTGCCGATGACGCTTTTGTCTACTTCCCCATCGCCACGGCTCAGCGTCTGATGGAGAGCCCCGGTGGTGCTACGGCCATTGGTGTAAAGGTGGACAATCCTGAACGGCTGGGCCTGGTTACCGAGGCGCTGGAAAAAGCCGTTCCCGGCATTCAGATCGTGACCATGGGGCAGGTGATGAACAGCATTTCCAACCTGGCGGCTTCCGCCAAGT
NZ_CP084704.1_gap30	953741	956162	2421	GGATATCGGCCTGCTCATTGGCGACCGGCAGTGCCACGGTAAGGGCATTGGTACGGAAGCGATCCGGCTGTGCTGCCGGGCCGCTTTTGAGTGCCTGAACCTCCATAAGGTGACCGCCGGACTCTATCAGCCCAATATGGGTTCCTTGCGCAGCTTCGAGAAAAACGGGTTTCGCCAGGTGGGCACTTGGCGGCAGCACGTCTTTGTGGGTGGCTCCTATGTGGATGTGCTCCTGATGGAGCTGTTGCGCGAAGAGTTTCGGCCATGACACAGCTGGCTCTTGGCACTGTGCAGTTTGGCCTGGATTATGGCATCAGCAACGGCATGGGGCAGACTCCCCTGGATGAGGTGCGTGCCATTCTGGAGTGTGCCGCCGCACAGGGAATCGATATGCTGGATACCGCTCCCGCCTATGGTGAGAGCGAAAGCGTCCTGGGGCGCTGCCTGCCGCTGAGTGGCCAGTTTGCTGTGGTCAGTAAGGTGCCCCGCATGGGCGCACAGGAGCGTGCTGCCGACTTTGGCCCCCTGGTGCGCCACTCCTGCCAGCAGAGCCTGCAGCGTACCGGCCAGTCCCGGCTGTACGGGCTGCTGGTCCATCACGCCGACGACTGCCTGCAGGTTGGTGGCGAAGCCATTTACCGCGAAATGGAGCAGTTGAAGCGTGAAGGGCTGACGGAGCGCATCGGGTTTTCCCTGTACGATGCCCAGCAGATTGAGGAGCTCCTGGCTCGCTACACCATGGATTTTGTGCAGCTGCCCCTGAATGTTCTCGACCAGCGCCTGCTGCGCAGCGGTCACCTGTCCATGCTGGCCCGGCGCGGGGTGGAAATCCACGTCAGGTCGGTCTTTCTGCAGGGGCTGCTGCTGATGGAGCCTTCACGAATTCCGGGCACCCTGGCACCTCTTGTGCCCCATCTGCGCGGCTACCACCAGTGGCTGACCACAAAGGGCCTGAACCCGCTGGAAGGGGCACTGGCCTTTCTCCGTCAGGTGCCGGAAGTCTCCCGCGCGGTGGTGGGCGTCAACAGCCTTGAGCAGCTGCGGGAGATTGCCGAAGCCTGGGAGCGTGCTGCCGGAGCTCCACGGGAGATTCTGGATTTTGGAGTTGCTGCGTCACTGGAGGAGTTTATCGACCCCAGACGCTGGAAGGAGTAGATGATGAAGGTGTTGGGAGTATTGCAGGCGCGCTATTCATCGACCCGTTTGCCGGGCAAGGTGCTGAAACCCTTGCAGGGCTTTCCCATGCTGCTGCATCAGATCTGGCGTCTGGAGCGCAGCAGCCGGCTGGAAAAGCTGGTGGTGGCCACCAGCAGTGATGCCAGCGATGATCTGCTGGCCGCTACCCTGGAGGAACATGGAGTAAGCGTGTACCGGGGAAGCCTGGAGGACGTGCTGGATCGCTTCTGCCAGGCCGCGCGGAAATATCAGCCTGAGCATGTGGTCCGGCTGACCGGCGATTGCCCCCTGACAGACCCGGCGGTCATGGACGAAGTCATCGCCCTGCACCTTGATGGGGACTACGACTACACCTCCAACTGCTTTCCCCCCACATTCCCCGATGGGCTCGATGTGGAAGTGGTGCGCTTTGCCTGCCTGGAGGAGGCCTGGCGCGAAGCGACCCTCCCCTCAGAGCGCGAGCACGTGACCCCATTCATACACTCCCAGCCACATCGCTACCGGCAGGGCAACCACAGGCAGGTCGACGATCTGTCTGGCTTGCGCTGGACCGTGGATGAACCGGAAGATTTCGCTTTTGTACAAAGCGTTTATGCGCAGTTATACCCAGTCAGTCCCGCCTTTGGCATGGATGAAGTGCTGAACCTGCTGAAGCGCCAACCGGAGCTTTCACAGCACAATCGGAAATTCCAGCGCAATGAAGGATATGCAAAATCACTGGAGAAGGACAAACCTCTCCTGAATGACAAGGAGTAGTGCCGTGGGAACGCGTTATCAGAAATCCGAAGAGCTGCTGCAGCGGGCCGAACAGTCCATTCCCCTGGGCAGCCAGACATTCAGTAAAAGCCGCACGGCACTGCCCTACGGCGTTTCACCCTATTTCCTGGAACGAGGCAGAGGCAGCCGAGTCTGGGATGTGGATGGCAACGAGTATATCGACTTTGTCAATGCCCTGCTGTGCGTGAGCCTGGGATATGGTGATCCTGAAGTGGACGCGGCGGTGCAGGAGCAGATGAAGAGCGGGGTGATCTTCTCCCTGCCCCACCGGCTGGAAATGGAAGTGGCGGAGTCCTTGATAGAAATCATTCCCTGCGCGGAGTCCGTGCGCTTTGCCAAGAACGGCAGCGACGCCACCTCCGGTGCCATTCGTCTGGCCAGGGCCTATACCGGGCGCGAGCACGTGGCCGTCTGCGGCTATCACGGCTGGCAGGACTGGTACATTGGCTCCACCGCCCGCAACCTGGG
NZ_CP084704.1_gap31	958883	960472	1589	CAAAATCGCTTCCTTTGAAGCGGTGGATATTCCCCTGATCCGCTATGTGGCCAGAACGGGTAAACCCATGATCATCTCCACGGGCATGGCCGACGAAGCGGAGATTGGCGAAGCCGTGGAAGCCGCCCGCAGTGGTGGATGCACAGAGCTGATCCTGCTCCACTGCATCAGCTCTTACCCCGCTCCGGTGGAGCAGTCCAATCTGCGCACCATTGCGGATATGGCCGAGCGCTTTGGTGTGGTGGCAGGCCTGTCTGACCACACCCTGGGAACAACGGTCGCCATCGCGGCGGTGGCCCAGGGAGCCTGCTTCATTGAAAAACACTTCACCCTCAGCCGGGCCGACAAAGGGCCCGATTCGGAATTCTCCCTGGAACCCTCTGAGCTCAGGGAGCTTTGCCATGCCTCCCGTCAGGCATGGCTGGCCCTGGGAAAGGCGGGTTACGAGCGCAAAACGGCGGAAGAGGCAAATGTGAAGTTTCGTCGCTCCATCTATGCGGTGAGGGATATTCAGGCTGGTGAGGAGTTTTCCCCTGAGAATATCAGGCGCATTCGGCCCGGTTACGGCCTTGCCCCAAAATACTTTGAGCAGGTGCTTGGGCGAAGGGCCACGCAGGCCATTGTCCGCGGTTCGGCTCTGGATTGGCACATGGTAAGTGGTGACTGAGCAAGACTTTCTATTTCATGGCACCAGTGGTACAGTAGCTGTATAAGTATACGCAATAACAGTCAGTAGTAACGGGAGGCTTCCTTGTCTGCAACACCAAAAATTGTTCCTGCCAATAAAGTCGGATTTGACCAGAATGTCCTCAAGGCCAATATGGATGCCTTGAAGCTCCGCTATCCCGAGCTCTATGAGCAGGTGAAGCGTACGCGAATCACTGACAGGTACGGTGTGTCGCTGTATAAAAATCGCTGGCCCAATCTGCATGTCCGCAAGGGCAAGGAGTATTCGCCCCTGTATGGTTCCGGCCATCCTGAAGAGTTTGCCATCAAGAGTTTTCAGGAGCAGTTCAAGCCCCACAGCAAAAACCTGGTCTTCCTGGGTATCGGGCTCTCCTACCATGCCAACGGATTTTTTCAGAGTGAGGAAAAGGCGGAGACCTTTTCCACCATCTTTGTGGAAAAGGACATTGAACTTTTCAAGATATCCCTGGGCATTTCCAATATAGCTTTCCTGTTTCGCAACCAGAATGCCCATTTTTTCGTGGGGCTGCGGCAGGACGAGAGTTACTCGAAGCTCTGGCGCTATTTTATGGAGAAGCAGTGGATTGTGCTCCATGCCCGTTCCACCTGTGTGATCCTCAACGATGCCCTGTATGAGCACGAGAAGGACTACTACTCGGCAGTGGCGAAGAATCTCATCCACGCCCTCTACCAGAGCTTTATCTTCTTCGGCAATGACCCCTATGACTCGCTGCTGGGTATTGAACACATGTTCCTCAACCTCAAGAGCATTATTCAGCTCCCCGGCGTGAACCTGTTCTTCAACAAGTTCAAGAATATGCCGGCGGTGGTGGCATCCACTGGGCCGAGTCTGAAAAAACAGCTGCCCCTGCTGAAGGAGATCCAGGGCAAGGTGCTGATTC
NZ_CP084704.1_gap32	961551	965314	3763	CTGCAGGAGACGAAAGATGCCATGGAACGTCCGACAGCGGTAGTGCTGCCACCGGAGAGTGCGGAAAAGCCTGATGCCTCACTGCTGTGGCGCCAGCACTTCGACAATGAGCTGTGCCTGTGGCGTTTTTCCGCTCACGCAGAAGTGCGTGCTCTGACACCAGCTTATCGCATTGGTGGCAGTCTTTACGAAGAGGGTGCGGGGACCTTTGATGGCTATACCGGAATCCTGCTGCGCAACCGCAACATCTTTGCCCAGGAGCTGCACCTGCTGCTGACCAACCATCCTGAGCACGACAAGCCCTGCAAACTGGCAGGACTGGGTCGGGAGTGGCAGATTGAAGTTGTGCGCCTGCGGCCTGCTTCCGATGATATTCTTATCCGCAGCCATAAGGATAACGCCGTGCTGCTCTGGATTCTGGAGGCAGGGAAACTGTCCCGCATTGTTCAGCTGGGTGAAGTGGCACCTGAGCTTGAGCTGCTGGGAACCGGTGATGTGGATGGCGACGGAGTGGAAGAGATACTCTGGCGCTGTACCCGCAGCCACGAGCTGAGTGCCTGGAAAATCGCACCCGGTTATCTGGAATCTGCCCGGTTGGCCGAGGAGAGCCTGGGTGGCGGTGATGTCATGGGGTATGTGCTTGATCGCGCTGAAGGCGTGTTTAGCGAGATGGTTCTGGCGGAGCTTCCGGCCCGGTCTCAGGTTATCGCTATCGCCGATGTGCGCGGCACTGGCCGGGATGAACTGGTTGTGCGTGACAGCGAAACTGGCGAGGTGCGGCTGATCGCGATGGGCAGTGATGCCGGAGTGAGCGCTGAAACCCTGGGTGATGACCTGAGAGTGGAAGGCTGCGGTGCATTTCTGGGTAATGGCCGCAAACAGCTCCTCGTGGGCCAGTGCCATGGCGGCGATGTCTTCCTGTGGGACTGGCAGGCAGACGGCTTTGTCAGTCAGCCCCTTGGCACTCGCCCTGGCTTCTGGATGCCCCAGAGTTCGGTTGCGGCGGAGTAGCCATTCATGAGCAGAATCCTGCCGCTTCTTCTCCTGGCGCTGCTGCTGGTGGGCAGTGCCCAGGCCTTTGTCCGTCACGATCCGGTTCCCGGAGGCGTGGCCCTGGTTCCTCTTTCCGCAGAGAGCGAAAGGGCCGTCCAGATCCTTTTTGACGATCGGCCAGTACTGGCCAGATTTTTTGATGGCGAACTGCGAGCCGTGGTGGGTATTCCCCTGGACGCAAAGCCGGGGGAGCACCGCATCGTGGTGACAATGGACGACGGGCGCGCCCGCTCCTATTTTTTTGAAATTCTACCCAAGGAGTATCCCGCTCAGCGCATCACTTTGCCCGATGATCGCACGGTACGCCTCTCCGAGGAGGATCTGGCCCGCTTTCATCGGGAGCGGCCACAGATTCTGGCGGCCTTTGCAACGCGCACTGACACATGGCATGTGAGTGAGCCCTCGCTGAGCCTGCCCGTCGCGGGCCGTTTTTCCAGCCCCTTTGGCCTGCGCCGCTATTTCAATGGCGAGCCGCGCAGCCCCCACAGCGGCATTGATATTGCGGCCGCCCAGGGTACCCCGGTGGTTGCGGCCGCTGCTGGCATGGTGGTGGAAGTGGGGGATTACTTTTTCAACGGCAAGACGGTGTTCATTGATCATGGCCATGGGCTGGTGACCATGTACTGCCATCTGCACGAGATTCACGTGAGCACGGGACAACAGGTGGCGCGCGAAGAGGTCATTGGAACTGTCGGGCGCACGGGCCGCGCCACGGGTCCCCATCTGCATTGGACTGTCAGCTTGGGCGATGTGCGGGTTGAGCCGCTGCTCTTTCTGAATTCCCGTGATCTGGGAAGGATTGGGGTCTCTGATCCGTAGTCCGCTTGTTCCTGTTAAATGTTCTACAGGCCCGTGATCAGTTCGCTGGCATGGCAGATGACATTCCATTTTCCGACTTGATCCACTTCTTCCAGAGACTGCTCCAGAAGCCTGAAGTACTGGCGGCGGCTCACCTCCTGTGCGCCAAGATGCTTCAGGTGCTCCGATGGTATCTGGCAGTCCACAAAGTCGAAGCCCCATGCGCGAAGGTGCTTCACCAGGGCGATCATGGCGGTTTTCGAGGCGTTATCCCGCTGGCTGAACATGGATTCTCCAAAGAAGACCTTTCCCAGGGATAATCCGTAGAGCCCGCCGATGAGCAAGCCGTTTTCGTAGACTCCCACACAATGTCCATAGCCCATGTCATGGAGCCGGGAGTAGGCGTCTATGAAGTCCTCGCTGATCCAGGTGCCTTTTTGTCCGGGGCGCAGGGTATTGGCGCACTGGCTGATGATCTGAATGAAGTGCGTATCGAAGCGGATTTCCCATGTTGATCTGCGCAGAAATTTCCGGGTTGAGCGCGATATGCTGAGCTCAGTCAGGGGCAGGATCATGCGTGGGTCCGGAGAGTACCAATAGGGCAGTCCGTCTTCGCTGAACCAGGGGAAGATCCCGCTTCGGTAGGCGTGCAGCAGCCAGTGTGGCAAGAGGCTTCCGCCAATGGCGATGGGTTCATCGCCAGCTCCCTGCAGCGGGTCCGGGAACGCCACGTGCTGCGGGTTCAGGTAGTATACTGGTGGTTCAGCGTGTACGAGGATCATGGGGTACCTCAAGCACCTTCAGAGGAACTCAGAAGGTGATGATATCCAGGGGTTCGGGGATGTGGTAGGAGCCGGCCTTCAGGGTCTGGGCGAGCTCATCGCCGATGACATCCCGATAAGGCGACTTCATGTGTATGGGGTAGAGCATGGCGGGGAGGTTCGAGGTTTTCTCCAGCTCCCGGGCCAGCAGCCCCGGAGTCAGGTGGCCGCTGAGTATGGCCAGCTCTTCCAGGCGATTGGGGAAGGCCACGTCGATGAACATGGCGTCTATGGCATGGGGCAGGTCATTGAGATAGTTCCACAGTTGCATGGTTGGGCCAGTGTCAGTGACGTAGAGCACATGCCTGTTTTCGCAGCAGATATGGATGGCGTAGGTGGGGACACCGTGGGTGACTGGGATAAAACGGAAGCGGCAGGTATCTATGCTGAAGGTTTCCGGTGCTTCATGGTATGCCAGTACCGGGTTTTTGGGTGGGATAGCCGTGAAATCCGGCCAGATGACATTGTTGAAGATGTGTCTGCGCAGGTCGTCGATGACGTTGGCCGGGCTGTGTACTCGGGCGGGTTTGCTGCTGTGGGAACCGTAGGTCATGGCAAGCCCGTCGGCAAAAAACGGCAGCCCTTTGATGTGGTCAAAGTGACAATGGGTGAGGATGATATGTTCGATCTTTTTCTGTCGTTCCAGGGGCAGGCTGTCAGTGAGGGCGCCCGCGTCCAGGGCAATGGTTTGGTTCAGCAGCAGGCACATTCCACTTTTCCCGGGGGCGATGGAGTCGTGCATCCCCAGAATCTCAATCTGCATATCTATCTCCCTTTGCTTCCTGGTTTTGCGGCATTCTTCCGTTATTGCCTATTTCCGTTGTGAGGTCAAGGATAATATGGCGGAAACAGGAGGAAATGTCACTTCAGGTAAAAGTATCCGAAAATTGACACTGGATCTTCCGCTGAATTTGCCGGACTGACTCAGGCATTGTCGCCGACCGGTTCTGCGGAAAAGCACATCAGCTGCTGGGAGAGTACATCGGCCAGCAGGCACAGGGATGTGGGAGCCGTGCAGACTTTGATGGCGTGCTCAAAGTCCGAGGCCAGAGACGTAAACTGGTCCAGTTCATTGGGCAGGGTGTCAATCC
NZ_CP084704.1_gap33	967187	970508	3321	GGTCGGCGAGTGTCGCTGCCAGACTTTCAGGGGGTGAACATAGTGGCTCCCCTGATGGTTGTACAGGTTCAGGAAGACCTGAGTGGTTTTGCGGATGCGCTGCATGGTGTCAAGGCTGTGGCTCTGGCTGCGTACGGCGAAGTAGGCTACGGTGTCCAGGGAGAGCAGGTAGGGGCAGGTGATCTGGAAGAAGTTTCCTACCATATAGTCTGTTGCCCAGGCGGATATGAGGTCTGAGAGGCAGTCGAAGACATAGATGACACCCCGTCCCCGTGAGGTGAGCACCCGGTGCACTTCCGTGGCAAAGGGCTCAAAACCCAGCCTGGGGTTGAGTTCCACTATCTCCACATCCGTGCAGGGCTCAATCAGGAGCTCTCCGCTGCCAAAGCGCATGTAGACAATTTTGCGCCCCTGCTGGCGGGAGCGTTCGACAAATTGCCCCACGAAGTGGCGATAACTGCTGAGCTCGTCGACCTTCCAGACGACATTGTCACCGAGGCGCAGGTGATCAAGAATAAGGTCAAGTCCATTATTGCCAGTGGATATTTTCTCACGAAGTGCGTAACTCATTATTGTGCTCCGGTTTAAGGTATGGTGCATTTGCCATAATGACAAAACGGACACTTATGACACTTATTACATTTCCATTGCAAGTCTTGTGATGATTGTATACAATCATATCCTTCGTGTCAGGAAAGTGACCATTGCAGGCAGTTATCCTGTCCACTTTACCCCAATTACCGGCTGCGGGAAAGTTCATTTGCCCCGGTCCGTATCTGCGCCTCCGATTCTGTGCCAGCGGGGAAGGGCTTTTCTCTTCAGACACGACATCTCACTTCCAGGAGGAGTCATTTATGCCCGATGTTCGAGAAACCATTGAGACAATTTACCAGCAGGTCATTACCCGCAATCCAGGGGAAACGGAGTTTCACCAGGCGGTAAATGAGGTTCTGGAGTCCCTGTCAGTTGTATTGGTCAAGTATCCGGAGTACGCCGATCAGCGCATCATCGAACGCATCTGCGAACCTGAGCGCCAGATCATCTTCCGCGTTCCCTGGACCGATGACAAGGGCGACATTCACATCAACCGCGGCTTCCGCGTCGAATTCAACAGCGCCCTTGGGCCCTATAAGGGTGGCCTGCGTTTCCACCCTTCCGTGTATCTTGGAATTATCAAGTTTCTCGGATTTGAGCAGATTTTCAAGAACGCTCTGACGGGTTTGCCCATCGGCGGCGGCAAAGGTGGCTCCGACTTTGATCCCAAGGGACGCTCCGATGGAGAAATCATGCGCTTCTGCCAGAGCTTCATGACAGAGCTCTATCGCCATATCGGGCAGTACACCGACGTGCCTGCTGGTGATATCGGAGTGGGTGGCCGTGAAATTGGGTATATGTTCGGTCAGTACAAGCGCATTACCAACCGTTATGAGTCGGGGGTACTGACGGGCAAGGGTATGTGCTACGGTGGTTCTCAGGTGCGTACTGAGGCGACGGGGTATGGCACGGTCTTCTTTGTGGATGAAATGCTCAAGGCCCATAAAGATGGCTTTGAAGGGAAGAGGGTACTGGTTTCCGGCTCCGGCAACGTGGCCATCTACGCTACCGAGAAGGTTCACGAGCTGGGGGGCAAGGTTATTGCCTGCTCCGACTCCAATGGTGTCATTATTGACGAAAAAGGTATCAACCTGGAGCTTGTGCAACAGCTGAAAGAGGTGGAGCGTCGTCGCATCAAGGACTACACCAAGTACGAAACTGATGCCCGCTATATCGAGAAGGGTAATATCTGGGATGTCCCCTGTGATATCGCCCTGCCCTGCGCAACTCAGAACGAGATCAACACCAAGGATGCCAAGACCCTGGTGAAAAACGGCTGCATCGCCATAGGTGAAGGGGCGAATATGCCCACCTCCCCTGGTGGTATCAAGGTCTTCCAGGACGCGAAAATTCTCTACGGCCCAGGCAAGGCGGCAAACGCCGGTGGTGTTGCCACTTCCGCGCTGGAAATGCAGCAGAACGCCAGCCGCGATTCCTGGACCTTTGAGTACACGGAAGAGCGCCTGCAGCAGATTATGAAGAACATTCACCGTGACTGTTTTGAAACTGCCGAAGAATTCGGCGAGCCCGGCAACTATGTCATGGGTGCCAATGTGGCTGGTTTCATCCGTGTTGCCGATTCCATGATGGCGCTGGGCGTTGTCTGAGCCTTGCCATTTCCATGCAGCTTTTCAGAAGCCACCCTGCGGGGTGGCTTCTGTCTTTATCCCTTCTGGTTCCATATTCTTGGTGAATGCCTTGTCGCTTTTTGCTAGAGTGTTTCTGTTTTGTGATCGAACTCTCGGGTTTCACAGGAGGTTGCTCTATGGCTATCGAAATCAGGAAAATTGCCATTTCCACGGGCGGGGGGGACTGTCCGGGGCTGAACGCGGTTATCAGGGCTGTGGTGCGAACCGCAAACATCAAATATGGCTGGGAAGTTGTCGGTATCAAGGATGGCCTGCAGGGCGTCATGGATACGACCACCAAGCTGATTCCCCTGAATCGCCATAATGTGGCGGGTTTTCTGCAGAAAGGCGGCACGGTTCTGGGCACCACCAACCGTGGAAACCCTTTTGAAATCAAACAGGAAATAGATGGCCGCATGCAGACGGTGGATATCAGCGACGCGGTCGTGGAAAATATCCGCCGGGAGCATATAGACGCCGTGGTCGGTATCGGTGGCGATGGCACCATGCTGATCATGAATCAGTTGTACAAGAAGGGTATACCCATCGTGGGAGTGCCGAAGACCATTGATAACGACCTGCTTTCCACCGATGTCACCTTTGGTTTTGATACGGCGGTGGCCATTGCCACCGATGCTCTGGATCGCCTGCAGACAACGGCAGCCAGCCATCACCGGGTGATGGTCGTTGAGCTGATGGGCCGCTATGCGGGCTGGATTGCCCTGCACAGCGGTATTGCTGGTGGGGCTGAAGTGATTCTCATCCCCGAGATTCCCTATAATATAGAACGTGTCTGCGATGTGATCCGGCAGCGCATGAAGCGCGAAGGCTTTTCCATCGTCGTGGTGGCTGAAGGGGCCAAGCCGGTTGGGGGAAGTCACTCGGTCCTCCATGAGGGTGGTCAGGGCGCGGTGGAGCGCCTGGGAGGCGTCGCCTATAAGGTGGCCGAGGAAATAGAGCACTTTACCGGAGCTGAAGTGCGCACCACCGTGCTTGGCCATGTGCAGCGGGGGGGGGCGCCGACGGCCTACGACAGGGTACTTTCTACTCGCTTCGGGGTGGCGGCAGCCGATCTGATCCACGAGGGGAACTTCGGTCG
NZ_CP084704.1_gap34	973244	976817	3573	AGAGGACAACCCGGCCCTCGGTTATCGTGGCGCGCGGCTGCTGCTGGGTGAACCCGATTTTCTGCTGGAGCAGGTCAAGGCTCTGCTCCACGTTATCGCTGAGTATCGGCGCGAACATGAGCCCCGGGATATTAATATTCTCGTTCCCTTTATTTCCGAGCCATCGGAGTTTTTCCGTATACGGGATGTGATCGAGGCCCAGTGCCACGCCATGGAACTGGAGGTGCCGCGCGTCGGAGTCATGCTGGAGATCCCGTCCGCCGTATTCTGCATGGATGAGCTGGCTACCCGGGCCGACTATTTCAGTATCGGCACCAACGACCTCTTCCAGTATTTCTTTGCCCTCGATCGCACGGACCCAAAGGTCAGCAGTTTTTATGACCCTAACAGCCAGGCGTTTCTCCGCCTGCTGGAGATGATCGTTACCGCGACGCAGCGCCTGAATATTCCCGTGGAAATCTGTGGGGAGATCGCCACGGACCGCGCCATGCTGCGTCACCTTATTGATCTTGGTTTTCGCACCTTCAGTGTCAACCCCTACGTCATCAATGGGTTGAAGCGATTTGTCCAGCGCGAGTATGCGACGGTGAAGTAACTTTCTCTTGACAGTCAATCGATAATCAGTATCATTAACACCATAACATCTTTTTTGGAGGTATATATGAGTCTTGTAAGCAAGCAGGCCCCTGTCTTCAGTGCCGAAGCCGTTTCGAATATGGAATTCACCAAAGTCAACCTGGAAAGCTACCGTGGCAAGTGGGTGATGCTCTTTTTCTACCCCCTTGACTTCACCTTTGTCTGTCCCACCGAGATCACGGCCATTTCCGACCGTGTTGGTGAGTTCAAGCAGCGTGGTGTCGAAGTACTGGGCGTTTCCACTGACAGCAAGTTTTCCCATCTGGCCTGGGAGCAGCAGCCGCGCTCCGAAGGCGGACTCGGAAAGATAGAGTATCCGCTGATTGCCGATTTCACCAAGCAGATCAGCTCCGACTATGGCATTCTCCTGCCCGGTGGCATGGCCCTGAGGGCCACGTATATCATTGACCCCGAAGGGGTGGTTCAGTTTGAGCTGGTTCACGACCTGGGCATCGGCCGCAATGTTGATGAGATCCTGCGCAGTATTGATGCCCTGCAGTACACCAAGAAGCATGGTGAAGTGTGCCCGGCTGGCTGGACTCCCGGCAAGGACACCATTGTCCCTGATGTAAGCAGATCCAAGGAATTTTTCAAAAATAATAACTGAAGCAGGATGACTTTCAGGGCCCGCAGACGTAGTCTGCGGGCCTTTTTTTGGTGGCAGGTTTACAGTTACACGGAAATCAAGTATGTGTAGTGCTTCTTCAACAGGCTGCTGAAAAAACATCTGCGGCGCTGTCCGCTGGATGTTCGCGTGGGGCAAGGTGCAGGAAGTCCGCTTCATTTCGCCGCTCTGCGGGCGCCTTATACTTGTGGGTTTTCAGCTGCCTGCATGTTCGAGCTCAACTTTCGCACCTTGTTGTCTTGAGTTAAGCTGTTATTATACTGGCACTTATCTCGCGGAAACCGTATTGATTTTGAATGCTTGACTTATCTGGTATTCCATTTTTCGTCTCCGGATATTGTCCTTTTTGGTGCGCCAGGCTAAGTCTGGCCAATCTTGTAAGCTGAGAGGAGCTTACCAGAGTAATTGTCTGTTTGACTCTGTAGCAGCCGGGCGTGTATCGGAGTAATCTTCTGCACGAAGCCCCGTAACTGCGAAGGTGCGAGCCGCAACGCAAGTGAACTCGATTCGGCCTCGTTAGGCATAAGTGAGAGTGGTCAACCTCCCAAAAAGGGTGAAGCCTATAATCGGTGCAGAAGCAACAGACAGATGCATGCATCGGACTCTCCGGGGTGTTTGGAGGCAGCGCGTACCGACAGATTGGTCAGGAACCTGGGAGACCCACATTGCTGTGGCTTCGAGCCAGAAGGGTGCATGGAAATACATAACCATGTATCTCTGTAATGTGGGAGTCGGAGAGGCCCATAGTAGTGATGAAACCGGGTAATGCTGGTGGAGCGAAGGGGCCTTACTGTTGTCATGCTGAGTTTTCAGAAAGGAGACGTTTGCTTGAGTGAATATCATTCCACTACAAACCTGGCAGAAGCGGGAGTACCCGTAATGGAAAACCGCCATAACCTGCCAGCCAAAGTCTTTGCTCTGAGGAAGCAGCTCTACGCCAAAGCGAAACAGGAACCCGGATTTCGGTTCTACGCCCTGTATGACCGAATCAACCGGACCGACGTCCTTGGGGCCGCCTGGGCCTTGGTGCGCGCTAACGCCGGAGCACCAGGGGTGGATGGTGTGAGTATAGAAGACATCCTCCGCCACCCAGAAGGTGCGGAAGGCTTTGTGGAGGAAATCCGGTTCATCCGGTTAAAGCGTACTTTGAATTATGGAGGGCCTTTATTCTGAGCTCGAAGAATTCCATATCTCTGTATCCATAGGCTTGCCTTTTGAGGGTATCAATTTTGTTGTTGATCCCCTCAAGTGGTCCTGTTGATATGGGGTGATCATACCAGTTCAGGATTCCCTCTCGGTGCTTCTCCAGCGTTTTGGCCATTTTCTTCAATCCTTTGATAGCTGATGCTTGAGCCCTGTTGATCCAGTCATCGAGGAATACCGTGGCAGTTACCTTGTCAGTTTGTTGCCATATCTGGCGGAGATCTTCTTTCATGTAATAGGCAACCGCCAATGGTCGATTGGCCTGCAGGGCAAGTTCAAGGCGTTCATGATCACTGGTTTGCTCGCCAATGCTCTGCGGATTTTTGAGAAGCATCCAGCGAGTGCCTTTGAGAATGCTCTTGTCATGCTGACTTGTGAGCTCATGGTACAGCTCGCGGCGAATATCGGTAAGGCGTTCATTCATAAGCTTGACGACATGGAAACGATCAAACACCAACGCAGCAGATGGAAGGTGTTCGAGCACTGCCGACCGGTAAGCCGGACTCATGTCAGCAGCAACGGCTTTGATAGATGACTTGCGACGACCAAGGCGTTTCCAGAAACCATCAAGCGCTTCTGCCTGTTTGCCTGCTCCAACGTATACGACCCTGGCTGAACCAAGGTCAATGACGAGAGTAATGAAGCCATGTTTGCGTCCGGTGTATTTCTCATCAATGGCGATATACTCAAGCCCAGCAAGTGAAGGGCTACTGTAGTGATGATGCAGATACTGCTTGAAAATGGACTTGACCAGGTCCCAGCCTATACCAAGAAGCCGTGCTACATCAATGAGGGTCATAGCTTGGGCAAGGGAGACCACATACCGAGCAAATGCATGGGTGTAGGAACACCGTGGAGAGGCTATTTTCAGACTCACCCGCCTGACGCTACCGCACTGAAGGCACTGGATGCGTGGAACGTGGACGTGCAACCAAGTGGACTTGATCCCCAAAGGCAAACCTCGTAACCGACGAATGCTACTGCCGCGTAATATGACAGAACGGCCAAGGCACGCAGGGCAGCGAATCAGCTTTTTACGGGGCCGGACATGGAAATTGATGGTATTGCCGCAATACTCTGTGCGGATGTAATCGTAGCCAGCAAGGCCG
NZ_CP084704.1_gap35	1027364	1027866	502	CCTCGAGCGAATGGGGGTGAATGTCATCTCCATCAGCCGCACCGAGCAATCCGACGGTACCTGGCTTTTTCATGTGAACTCCACTGACGACGAGGTATTGCGCTATCACAATGGTGAGCCCCTGGAAGCCATTGCCTTTGTTATCTCGCGTATGGTGAATCAGTCCGCGGAAGATCACCTGCGACTGATGATCGACAGCAACAACTACCTGAAGGAAGTTGAGCTTACGCTGCGAGAAGAGGCGCTGGAGCTGGCTCAAAAGGCGATAGATACCGGTCGCAGTATTCCCATGCGCCCCATGAACTCGCGCGAGCGAAAAATTGTCCATGTCACACTGCAGGATATTGAAAGTATCAAAACCGCCTCCAGCGGTGAAGGGCACCGCCGCAAGGTGATTATTATCCCGGAAGGCGCCGAGCGACCTTACAGTAACAGTCGTCGCCCAGGGGCAAACAGCAGGCGGCGCAGCAGCGGGCCTCGTCAGGCTGCGGAAGAGTAGAAG
NZ_CP084704.1_gap36	1112951	1114067	1116	ATATTGTCCTTTTTGACCGCGCAAAAAGGACACAAAAACGCGCCCCCCGAACGCCCGTTTATCCGGACGCCTGCTCGCCTGTTCTGGAGATCCGGCAGCAGGCTGCTCAAAGAGGCCCATCTGCTGCGTTGCCGGGCATCGCTCGTCACTGCGACGTACAGGGAGTACGCCTCGCTCCTCGCTTTGCCCGCGCCTTGCACCTGGGCCTCTTTGCGTTGCCTGACCCCTGCATCCCTGCAGTGCTGCCGGACCACTCACATCCTGTGAGTGTCCCGTTCGGGTCTTGCCAGCCAGGCGTCGCACTCACCGGACGGGCTCAGGGGGGAACGGCCTGCTTCTGCCTCTCCCCCGTGTGCTGGCCCAGCCAGGACGCGCCGGCTGGAACGCTATGGACCCGCAGGGTTGCCGCCACGACGGCGGCAACCGCAAACCCAAAGCCATGGAGGGCGGTTGTTTGGTGCGCCAGGGTAAGTCTGGCCAATCTTGTAGGCTGAAAGGAGCCTACCAGAGTAATTGTCTGTTTGACTCTGTAGCAGCCGGGCGTGCAGCGGAGTAATCTTCTGTACGAAGCCCCGCAACTGCGAAGGTGCGAGCCGCAACGCACGTGAACTCGATTCGGCCTCGTTAACGCTTAATGAGAGTGGCCAGCCTGCCAAACGTGGTGAAGCCTATAATCGGTGCAGAAGCAACAGACAGATGCATGCATCGGACTCTCCGGGGTGGTTGGAGGCAGCGCGTACCGATAGATTGGTCAGGAACCTGGGAGACCCGCCCAGCTGCGGATCGTAACCGCAAGGGTGCATGGAAATACATAACCATGTATCCCTGCTGTGCGGGAGTCGGAGAGGCCCATAGTAGTGTTGAAGCCGGGTAATGCTGGTGGAGCGAAGGGGCCTTACTGTTGTCATGCTGAGTTTTCAGAAAGGAGACGTTTGCTTGAGTGAATCTCATTCCACTACAAACCTGGCAGAAGCGGGAGTACCCGTAATGGAAAACCGCCACAACCTGCCAGTTAAAGTCTTTGCTCTGAGGAAGCAGCTCTACGTCAAAGCGAAACAGGAGCCTGGTTTTCGGTTCTATGCTCTGTATGACCGAATCTACCGGGCCGACGTCCTT
NZ_CP084704.1_gap37	1137365	1140010	2645	ATGTATGGTTACGAAGCCCTGGCAGGCGGACAGGAGTGGGCGTTCTGGGTGGAAATTGACGAGAGTGTCCACCCGGAAGATTGTCAGCGAATCAGAGATATGCTCTGCGGGCAAAAGCGCATCGGAAAGGCACGGGGCTCGGAGTACGGGCTGGTGACAATGCGCCCTGAAAGCACACTCACCTGCCCGCTGAAGGAATCCTCAGCAGTGCCCCATGATGGCGAAACGCACTATCTCTACGCACTCAGTGACTGGATACTCCACGACCATCACAGCGGAACGCCCCGGCTTGTTCCAACCGCCCAGGATCTCGGTCTTGGCTCCGAAGTTGATCTACATATTGACTGGAGTCGAAGTTTTCTCCGCACCCGCTCCTTCACTTCGTACAATGGTATCCAAAGAAGCCGTGGCACTCTGCGACAAGCCATTATCAAGGGAAGCGTTCTGTGCCTCAAGAACCTTTCTGCCACCAGCAGCTTCCCCGATGCCATCGGGGCCTATACCCACGAAGGCTATGGCAAGGTACTGGTGAACCCGCAACTCCTCCTGCTGAATGAAGCACCAGCAACTCATAGTGGTGCTCCGGAAATTTCCCTGGAGACGTATCCAGAGGTGGGGCAAACAGGTTTGTTGGCGGCCTGGACCAAGGCGCAAAAAGACCAGCGGCAAATCCACGAGGTAACCACGGGAGCCGCAGGAGAATTGTCCAAAAAACTCATAAGGCTCACCAATTCCCAGATCGGCTCCTTTCGCCAAATGGCAATTCAAAGCACCGACTGCGGGAGCCTGCTGAAACAGTTCGAGGCTTTCTGCACAGCCTCTACCCGCAGCAAGCAGTGGAGTGAGGTGGAGAAACCCCTCAGATCAGCCCTGAAGGAACACGAGAAAAACTACCGGCTTTTTGTGGAAACCCTTTGCCAGGCAGCTACCAGAGCAAAGAAGGAGAACTCCCATGACTGATTTCCCCTATACCGTTCGTCGGGTAGCGCTTGTGACCATTGAGGCGATTACCCCTTTTCGCGTTGGAATCGGTGAAGAGAACCACCTGAGCGATTCACCCGTCATGACGGACGCCAATAATCTACCCTGCATTCCCGGCAGCTCTATCCGGGGTGTCCTGCGACACAATCTGCTTGACCATCAGCGTGAGTATTGCTTCCTCTTGGGCGAATCAGCGCCAAAAGGCAGTAGTAACGATACTGGACATGGCTCCCGCCTGCGAATTTCCCATGCGGTGGTGCTTGACGCAAATGGCGCTCCAGTGGTCGGGCTGCGCTCTACCCTTGATGGCTACCTCACCCAGCTGACACCGGAATTTCTTCCACGCCGCGAACACGTGCGCATCGGCGACACGGGAACCGCCGAAGACAAGGGAAAATTTGACGAAATGATTGTTCCCCGTGGTGTCAGACTGCAGTACGAAATGGAGCTGCTGGATACAGAAGGCAGTGGGGAAGCTCCCTGGGAGAGTTTTCTGCACATCATTACCGAACCGGGGTTTCGGCTTGGTTCAGGCAGTCGCAGGGGTTTTGGGCTCTTTCTAATTGCAGCGTGCAACAGCCGTACCTACCAGCTACGAAAAGCTCTGGATATGGAAGCCTATGCAAGCCGGCCCTATATGGAGCTTGAGGGAGGCACACCACACCAGCACTCAGAAGGCAACAGGGCACTGGCGGAAAGAGTTGTTTCCATCCAGCCACAAGACTTCTGGCTCTTTTCCCAAGGCTACGGAGATACTGAATATGATACCGTGCCGGCTCGGGAAAAAACTGTCGAGTGGGAGAATGACAAGGCCACACTCAATGAATCCTTTTTCATACCCGCCAGTGGCCTGAAAGGAGCCATCGCTCACCGTCTGGCCTACCATTACAACCGTATCAGGAATACCACGCTGACCGGAGAAGCGAACCCCGGAGTAACAGCGCTCTTCGGGAGCGCAAAAGGCGAGCAGGGAGCCGCAGCCGGGAAGGTGCTTTTTCAGGATATTTTTGATATACCACGGGAGGCACATGAGCAGGTGTTCCAGCATGTAAGCATCGACCGGTTTACGCAAAAAGCCATGGATAAAGCCCTCTTCAACGAACGGGTGCTCTCCGTAAAAGAACCTGTATCTATTACCCTTCAGTATCCTGAAGATACCTTTGCCGATCCCGATATCCGCACAGCCTTTGAGTGTACTCTTTTTGACATTGAACACGGCCTGTTGCCCCTGGGCAGCCTGACTGGCAGAGGCTTTGGTGCCATGGAGAAGACATCATGAAGCTATCCTTGCCGCAACTGATGGAAAAATGGAACAGCGAACTTGCCGGGAAACAGGCAGAGTTCATGATACAGCCCTCCCATCGCCCCATGCGTATCGAAGAGTGTGCGCAGGGCGCCATACCAGCCTGGGAAAGGATATGCAACCATCCCCACAGCTTTATCGTTGAAGCCTGGATATTCCTTCCTGAACGCTCACTGGAAATTCGCCAGCTGGACGACGAATTCTGGTGGAAAGAACACGAGCTTGAAGCAGGCGAAGTGAAACACCTGCCAGTAGCCTTTGATCGCCATGCCCTTTGGGTGGAAGTGTGGAAACCCGGTGCTCTGGAGTACATGCAAGGCATCGAAGTGCTTCTGCCATCTCACGGGTACTTTAAAGGTTT
NZ_CP084704.1_gap38	1142629	1147154	4525	CTTTTCAAGTCTGCTGGACACAACCATAGGTCATTTTAAGGAACTGGCAAGCATCGCCGGCAAGCCAGATCACGAGCGCCTTTATGGGCTCTCGCGTGAAATGTGCAAAAGGGGATATCTCCTGAATGCCATTACCCTTTTATACGAGGCACTGGCCGCATACGCCTATGACGTTATTCGGCAAAACTCACACGAAAAGTTACTCAAGAAGGCTCGCGATAAAGCCTATAAAACAGGGAAACTCTACAAGTTCTTTAATGCCTCGTTGGGCATCTTCTTGTTTGATCAAAAAGAGCATAATGGTTTTGGGAGTGACTTCGCAGAAGTTCAAAGCAGGCTGAGTGATTTTTATGAAGTGAAATCAGAAATTGTATCGCAGCATCTTGCGGATTTCCAAAAGCTCGCGCGTTCCATAAAAAAAATCCGCAACAATCTCGCCCATGGGAACACAGGAGAAAGTATTAAGGATGTTGCCGGAGAAGTCGAGCGACAACTTACTTCGTTTAATGACCTTTGCTTGCAGTGCAATATCTTGCAGGTAAAGAAGGAGGAGTAATGAAAACCCTCTACCTCCTCTTCTCCCACCGCCTCACCGCTGAGCAGGAGCGCGACGCCCGTGCAAGCCTCGGCGTGGTAAGCTTTGTGCCCCTGCCACCCGAACTGCAGCAGCTGTGGAGTAACCTGCCCCCGGAGCCCGAGGATATCCGCCCATTGCTGGAACCCGTGAAGCAGTGGCTGACAGCCAACGCCCGTCCCGGCGACATGGCTCTGGTGACAGGTGATTTCGGTGCCACCTGGGATCTGGTGAACTTCTGCCACTCCACCGGGATTACCCCCCTCTACTCCACCAGCCGCCGGGTTGTGGTGGAGGAACGGGATACCGGTGGTAGTGTTGTCAAGAAGAGCCTGTTTGCCCACGTGCGTTTTCGCCAGTACATTCCCTGAAATAGTCTCCCTTCTCCCCATGTTCGGGAAAATTCCCGAATCACATTCTGAACTCCCACTCCCCTATACTTCCTCCATGCGCAGACAGATTTCTGCAACCATTTATCCGGTTGCATGCAAACCGTTTGACATGGAGGGAAAAGACCATGACCAGAAAAAGACAGATTTTCATGGGTGCGACCCTGCTGGCAGTAATGACGCTGGCAGGCTGTGGTGAAAGCACTTCCACCAGCAGTGGTGATACCGGTGGCTCCACTCCTCCGCCAGGCAACACGCCCATACTGGACCAGAAGAACCCCGCAAACCTCAACTACCTCCGCCGCGATGCTTCCAATGTGCTCATCAACGCCATGGACGTCGTCTCCACCGTGGATGGGCGGAGCATCCACGGCACCACCCAGGCTGCTCCACTGGACATTTACCCCGATGGCGAATCCAGCTTTGCCTTCACCTGGGATGTGCAGACTTCCCTGGCGCTGCTTGTTTTTGACCTGTACCTCCATACCAGTAACCAGCAGGAGATTCTCGCCTACGCCCAGCAGGCCAACCCCGGACAGAGCTCCCTGAAAGATCAGGCCACATGCCACTACGACAACAACAACCAGCTCACCTGCAGCAAGCCAGCGCGCCCTGACGCCTACGCCTATACTCGCAGCAGCGATCTCACCTTGGCCTTTCAGCAGTACCCCATCACCGTGCCCGCCTACTTTGAAGCCTGCACCCTCGGCCTTGGCGGCTATCGCTGCGATACGCTCAAGCTGGGTTACATCCGCTTCAACTGAACACTGACAGGCTGCTAACCACCAGGACCTGACACCAGAAGGTGCAGTAAATAGTATTTGGAGGAATCTATGAAGAGAAGAGTGACCCGTATCCTGGCCATTGCCATGACCCTTGCCGCCGTATCCACCGCAGCCAAAGCCGAAAGTTACGTGAAAGCTCAGATGGGTATAACCAGTCCAGATGGAATGGATAGTGGGACAATACTTGTCCTGACCTACGGCATGCCGAGGCCCGACAAACAGAATGTCACCTATGAATTTGAATTTGCCACCACCATGACAGAACCCGAAGAGAAGTACACCATCTGGGGTGTTACCACCACCGCTGATCTTTCCTATTCTACCGCTGCTGGATACATGGTGTATGGATTTCCCTTTGGCCAGAAGTTCTCCACCAATGCCAGGATAGGCCTTATCTACGAAAGCCTGGAGGTAACCGCCTCCAACGCGGGAGCCAGTGCCAGCAGCAGCGAAACCAAGTTCGGCTTCAGTTTCGGCTTGGGGCTCGACTACGCCCTCACAGAACGCACCGCCCTCACCGTCAACTACACTGCCCTGCGCTCAAATATCGACCACACTACCCTGGGCATCAAGTACACCTTCTGATTCGTTGCCCACACAAAATCCCGGACGCATCCGAGGGTTTTGTGTGGGCCTATGTCACCATCTGCCAATAACAGCAATTATGGCTTTTGCGTATCCCGTAAAAAAGATATTCTATCAACAGAAACCATCGGGCTGCAGGAGCAGGTGGGCTTGGCTGATTATTCCCATGCCACCACAAACCAGATGTGCCAGCAGATCACCATGGAAGCCCAGGGATTGCCGTTGGTAAGGCGTTATTCGTGGGGAATAAGGTGAGTTTGGCACAAAGAGACATTTCGCTCTCCCTGGGAAGATCTCGCAAAGACAAAGAAAGGTGCACGCTATGCCGCAGAGAAAGACAGACACTCATTCCGACTTCAGATCACTCGTAGCAAGAAAACTCATGGATTTAGGGAATATATTATTCGTAGCCATGGTCATCGCCGTGGTTATTTTTGAGAAGAGTTTTTCTGATATCTGGTTTGCGGTGTTCATAATCATCGGTGCCTATTTCGTTTCGGCACTGCTTTATGTGCGGAAAGCATCGGCCGGAAAGCCTGAAAATCCCTGAAGGCAGGAGTGCTGCATATTTTTCTGGACTTGTTCCATATGCCACACCATCAGCAGGCTGCTGAAAAACCCTCGTCTGCGGCGTTGCTCGCCGTCGCGTGTCATTGCAACGGGGAGTACGCTTCATTCCACGCTCCGCGAGCGCCTTGCACCTGCACACTGAAACCAAAGCAACTCTAAACCCGTATAAATCACAGCCCCGCACCGGCCACCAAGCCCAGCGGGGTTTTTTTTGCCCAAAACGAAATGACCCCCTGCCGGGGGAGGAGCAGGGGGCCGAAGGAGGGAAGGAGTTCTATGAGAGAAGGAGAGAGTACCCGGACATAAAGCACGCCGCATGTCAGAAGTATAAGTGTCGATATATTTCAAGTTAGACCTAACTCCCTCATGGGCAGTTGTGCAATTTCAATACACCTCTGCGCAGTTTTTAACCATCCAGTCAGCTGCAGTCGTCATTCAAGTTTGTTTCAATCCCTGCCCGATGAGGCAGGTCTTCTGACCGGGGAAACCTCGCCGCATTCGCGGGAGGAAATCTTGGTTTCAATCCCCGCCTGTTGAGGCAGGTCTTCTGACTTGCAGTTGGAATTTCAAAAAAAACTGAAACTCTTTCGTTTCAATCCCCGCCTGTTGAGGCAGGTCTTCTGACTCTTTTTTTGTCAGTAGCCATGATCGGCCTCCTGTGGTTTCAATCCCCGCCTGTTGAGGCAGGTCTTCTGACAGCGCTTTTCCCGGAGGCGCTTTCTGCGCGTGTTTGCGATGGTGATTTTCCGAACCCTGGTGGGTTGCTTCCTGTGGAGGGTGTCGCAGGAAGGTGTGTTTGGGTAACTCCTTGCAAATAAAGGGAGCGAACCCTGTGTGTCTGGTCGCTGTCATTGTCATTAAATATAGTGGCTTCTGGCGCTGCTGTAAAGGTCATAAACGTTCTTTTCTCAGGCGAAGAGGATGAGGTGTTCCTGTTCCAGCTCTCCGATGCCCAGGGAGGATGATTGCTGACGGCAGGTGTGACACAGGGTGTAGATGCGCACGTTGTCATGCTGGGGGTCGATGACGCGTTGTAGCTCATGGTTGAGTTTCGTGATGGTGCGTCTGTTCAGGGTGCATTCGAAAACACTGCGCTGCACGGCGCTGCCATATCCTTTGAGGAGTTTGTGAATGCGGTTGCGACGACGTGTGTCGGGGCTGTCGTAGGCTACGATGGCGAGCATCAGGCACTCTCGGGGAGTGTGGGGTCTGCCTGGTCACCGCTGATCATACGCACCAGTTCCGTGCACTGCTGCTGTATGCACTTGCGAAGTGCGGGGCGGCGTATGTCGCCGGTGCTGAGAAGTTCTTCTATCAGTGCCAGGTATTTGCGGCGTCCGCTATCATACATGTGGGTGCCTGCTGCTTCGGTGCGAAAGTCCGATGTTCCGATCTGGCGGCGATTGATAGTGCGCACTACCAGTTCGTCTATGGAGCCACGGAAGGGTTCAATGATGTCACAGGCCAGGGATGGCCGTCCATAGGCTGGCTGGTGCAGGTAACCAATGTCAGGGTCCAGGCCATGGTCACGCAGGGCGCTGGCGATTTCGGTCATCAGGATGGTGTAGCCAAGGTTGAGCATGGCGTTAATGGGGTCCCTGGCGGGGCGTCGTGTGCGGGTG
NZ_CP084704.1_gap39	1153942	1156088	2146	CGCGGTCTCCATTCGTGATGAGTTCCGGAATTTTCTCCATCAGCAGGTTTTCCAGCAGGTCGCGCAGCGTTCCGATGCGCTTCCCCTCGTTTTGCATGTCGGCGAGGGCAAGTTCGCAGGCCCGTGCCATGCCGATGATTCCCGGCACGTTCAGGGTTCCCGGACGCAGTCGGCGCTCCTGGGTGCCGCCGCCCATGATGGGGCCGAGGTGCGCTGCGGCTTCCCGACGCACAAAGAGGGCGCCAATCCCCTTGGGTCCGTAGAATTTATGGGCGCTCAAGCTGAGGTAGTCCACATCAAGCGCCTGCAGGTTTATGGGGATCTTGCCTGCGGTCTGGGCGGCGTCCACATGCACCAGGGCGCCAGCTGCTTTTGCCAGGCGGCTGATGGCGGCAATGTCCTGCAGAACGCCGGTTTCGTTATTGGCCATCTGAATGCTTGTCAGGAGTACATCGTCTCCCAGTGCCTGTTGCAGTTCATCGTGTCTGAGCCTGCCCTAGTTGTCGACACCGATGGTTTTCAGGGTGTACCCCTGGGATACCAGCATCTGGCAGGGCTCCAGTACGGAGCGGTGTTCCACGGCGCTGGTGAGGATGGTGCGTCTGCTGCCGGTATTGGCACGGGCCGCTCCCAGGATGGCCATATTGTTGCTTTCGGTAGCGCCACTGGTGAAGAGGATTTCCTCGGCCTGTGCGCCCAGGCATGACGCGATGGTTCTTCTGGCTGAGGCCACGGCGTCATAGGCGCACTGTCCGGGGGCATGCACGGTGCTGGAGGCATTGGCGAACTGCTCGTGGAAGTAGGGGAGCATGGCTTCCACCACCCGTGGATCGCAGGGCGTGGTGGCCATGGCATCGAGATATATGGCGGGGGCGGTGTTCATGGTAATACTCCTTTGCAGGCTGCTGAGAAGCCTTGTCTGCCAGTTAATATGAGGAACCGTTGCCGATGGCATTGCAAGGCTCCCGCCAAACTCTCCAGGCGCGTAACCATAGGTAATGGCAGCGTCTGGTCATGGTGTCCTCGCCATATTGCGCGTGTGTCGGAAAGGTGACAGGGGAATTGTCAGGTTTGCGCCTGGGTTGTCCACCATGATGGCGAATGTGCGGGAAGGTATTCTCCTGCCGCCAGGTTCGTGGTATTGTGTCATTCGGCGACGGGTCAACTCTGCGTTGCGTGGTGTTTCAAAATGTAAAGGATATTGGTGTTGAAGTCATGGGCGTGAAGTGGGTATGTCGTTTATTGATTGGTTGTCTGCTACTGCCTATGCTGTGTGGTGCATGGGCCGGTGCTGTTATGCTGACGGCTGCCGAACGGACGTATCTTGAGGCTCTTGGTCCCATAACGGTTGCTCCAGACCCCGACTGGGTTCCCTTTGAACATGTGGATGAACGGGGAAACTTTACGGGTATTGCGGCGGACTTGCTGGATCTGGTGGCTTCGCGTCTGGGGATCGAATTCTCCTATGTGTTTCCCCGCGACTGGGACGAGGCCCTGGAGCTTTCCCGTTCCGGTCAGGTGTTGATTCTGCCTTTCCTGAACCAGACCCCGGCGCGGCAGGAGTGGCTGCTTTTCACGGAGCCTCTGCTGGTGGATCCCAATGTCTTTATCACCCGGGAGGAACATCCCTATATAGTTGACGCGACGCAGCTGACGGGCAAGGTCATGGTGCTGCCCAGCGGCACTTCCATGGAGGAGCGGGTACGCCGTGATTTTCCCAACCTGGAGATCATGCATGTGGCTACGGAGAATGACGTCTTCAGTGCCGTATCCCGGCGAGATGCCGACCTGACGCTGCGCTCGCTGACTATCTCCGCCTATACCATTCGCAAGGAAGGGCTCTTCAATCTGAAAATAGCTGGTCAGGCGCCCGAACACTACACCAACCGCCTGCGCATGGGCGTACTGAAAAGCGAGCCCATGCTGCGGGATATTCTCGACAGGGCTATCGCCACCATTACCCATGCCGAGCGTGAAGAGATTGTGAACCGGCATGTGAATATCACCATTGTCCAGCCCGTTGACTATGGCTTTGTGTTGCGCGTCGCCGCTGGGCTGATCCTTCTGATTGCGCTTGCCATGTACTGGAACATGCGCCTGCGGCGACTGAACCACTCACTGCAGGAGAGCGAACGCAGCAAGTCCC
NZ_CP084704.1_gap40	1209658	1214106	4448	CCTATAGGGCAGAGGCCACACCCGTTCCCATTCCGAACACGGAAGTTAAGCTCTGTTCCGCCTACGATACTTGGGCTTAAGCCCTGGGAAAATCGGACGGTGCCTGGCAAATTACCTTATAGATCAGCCCCGCAGGAGTCTTCCTGCGGGGCTGATTGCGTTGGAAAAGACAGGCAAAAGATAACAGCAGACACAACAGCCGGAGAAGCTCTCCGGCTGTTTGTGCAGGGAAATCAAAAACGGTAGCGGAAGCTCAGGCGAATGTCTGACGCGCTGTCAACACCTGCTGCCAGGCGAGCTGGAAAACGGCGCTCCAGGACATATCCTTCATTATTTCAGGGCAATAAGCAGATTCTCCAGGTTTTTTCGCATAAGCGAGAAGTACGTTTGACCAGCTGCGAGATCTTCTCGTCGCAGATTTTCTATGGGATTGAGCACCAGGGTCTGAGCTCCGGTTTCGGTGGCAATTGTCTGGGCTACCCGGTTGCTGACGGTGGTCTCAAAGAAGACGTACCCGATGTCATTGGCTCGCAGAAAGTCTATGATGGCCATGACCTCACGTTGACTGGGTTCTGAGCCCGGGTGAACGCCGGCTATGGCTATCTGCTCAAGATCATAGCGCTCTGCCAGGTAGGAAAACGCTTTGTGGGGTACGACAAAGTGACGGTTTGTCAAGTCCCGCAGGCTCTCAGTGTACTGCCTGTCCAGTTCAAGGAGTTCATCTTTGAGATGTTGGAAGTTCAAGGAAAAGAAGGGGGCATGCTCTGGCTGCAGTTGAATCAGGGTGTCATGAATTTTTTGCGCCTGCTGGAGGGCAAGGGTAGGGTCAAGCCAGACATGGGGATCATCGGGGCCGTGGTCGTGATGATGGTGATGATGATGTCCAAAGAGGGAGCGCACTTTTCCCCAGGCGCTGCTGAAAAATCCATGGGAGTGGTCGTGATGATGGTGATCATCATCAGCTGCAAGAAGATCCATGCCCTCAGTAGTATTGACTATAGTCAGTTGATGGTCGCCTTCCAGTGCCTTCAGCAGTTTGTGAATCCAGAGTTCAAAGCCCGCGCCATTATAGACGAATATATCCGCCCTGGTTATCTCCAGCATTTGGCGGGCAGTGGGTTCATAGTCGTGAGCGTCGGCGCCTGGAGGAAGAATTGGCTTTACGTTGACTTTTTCGCCGCCGATTCGCTGACTGAATTCCGAGAGGGGATAGGTGGATGCGTACAGGGTCAGAGGAGCGGTCTGCTCCGCCCATACCGGGGTGGTAAGAAGAATCAACGCTGCCAGGAGAGAGAGGGATATTGCGCGCATGCTGGTGCTCCTTGTTTTTGAGGGTTGCATGGGGAGCACTGTACGAAATTTGCACGCTGAAGTAAAACGAAATCGTAACGATTACGATGTATGGGGTCGCTGGTGGAGTTGGGGTTCAGCTGTCGGGAAACTGCTTGCGAATAAGCCAGAATTCTTCTTCGTTGCGCAGGAAGGCATCTACGATTTCCGGATCGAAGTGCAATCCTCGCTCTTCGAGGATAATCTGATAGCACTGTTCACGGGGAAAAGCCGGCTTGTAGCAGCGTTCACTGCTCAACGCATCAAAGACGTCCGCAAGGGCGACGATGCGTGCACTGATTGGAATATCATTACCTTTGAGACCGTAAGGGTAACCGAATCCATCGAAACGTTCGTGGTGATAGAGGACGATATCCCTGGCGATACGAAGGAACTCTGAGCCGATCTCCTGATAAGCTTCATCGAGAATGGTTCCGCCGATTACCACATGTTCTTTCATGAGTTCGAACTCCTCTGTGGTAAGCTTCCCTGGTTTATTGAGAATCTCGTCGGGTATGGCCACCTTGCCGATATCATGCAGACTGGAGAGAGAGAATAACGTTGTGATAATACTGTTGTTCAGATCACTGTGACCATGCTCAGCCAGATCCTGGGCGAGCAGCCGGGTATAGTGCTGAACTCGCTCAATGTGGAAACCGGTTTCCGGGCTGCGATAGTCGGTGAGTTTTGCCATCAGGAGGATGATGCGTTCCTGGCTCTGGATGCGGATAAGTCGCTCGGATGCTTCGAGGCGAACGCGCATTTCATCGGGATGAAAGGGTTTGACAAGATAATCGCTGGCGCCGAGTGATATGGCCCGGATGATGTTCTCTTTTTCCGCCAGAGAACTGAGGACTGTGATGTGGGTATACTGAATCTCGTGTTTACGGATCTGTCGAATGAGTTCGAATCCGTCCATATTGGGCATTTCCAGGTCTGTGATCACTACCCGAGGTTGTATGGCGCGGAATATCTCTAATGCCTCCACGCCATCTGAGGCGCTGAGGACATTGTAGCCAAGGGTTTGCAGGTGATTATCAAGTATTTTTCTCTGGACCCGGGAATCTTCTGCTATGAGTATAGTAGTCGCAAAGCTGCTCTTACTTGGTGTGATCTTTTCGTTCATGGACTCAGGGGCCTCGTTGCAACCATCGCTTACTGGTTATGACGTTTGAGTGGAAAGTATACACAATTCCAGCGGTAAACATTACCATGGAACACCTTAGTTGGAAATACTTTTTCTGGAGACATATTATGAAAAGTTACCGTAAAGAATTATGGTACTGTGCTTCTCAGCGGCGGCAGCTCATCAATATTACACCGCAGTTGACTGAATGCCTGAGGGAAAGTGGAATTCGGGAAGGGCTTCTGTTGTGCAATGCCATGCACATCACTGCCAGTGTCTTTATTAATGATGATGAGGGGGGGCTGCACCAGGATTTTGAGCAGTGGCTGGAGCAGCTGGCACCGGAAAAGCCCTATTCGCGTTATCGTCATAACAGTTATGAGGATAACGCCGATGCCCATTTGAAGCGAACCATCATGGGACGGGAGGTGGTCATTGCGGTAACCGAGGGGAAACTGGACTTTGGTCCGTGGGAACAGGTCTTTTATGGGGAGTTTGATGGAATGCGCAAGAAACGGGTACTGGTGAAGATTATCGGGGCCTAGGCTGAACGGGGAGGCAAAGTGCCTCCCCGTTATCAGTTGTGGGTTACCACTCAAGTTTCGCATCTTGTTGTCTTAGGTTAAGGTGTTATTATTCTGATATTTATCGCGCTGAGACTGTATTGGTTTTGAATACTTGACTTATCTTGTATTCCACTTTTGTTTCCGGATATTGTCCTTTTTGACCGCGCAAAAAGGACGCAAAAACGCGCCCCCCCCGAACGCCCGTTTTTCCGGCTCGTTGGCTTGCCTGTTCTGGAGATCCGGCAGCAGGCTGCCCAAAGAGGCCCATCTGCTGCGTTGCCGGGCATCGCTCGTCACTGCGACGTACAGGGAGTACGCCTCCCTCCTCGCTTTGCCCGCGCCTTGCACCTGGGCCTCTTTGCGTTGCCTGACCCCTGCCTCCCTGCAGTGCTGCCGGACCACTCACTTCCTGTGAGTGTCCCGTGCGGGTCTTGCCAGCCAGGCTTCGCACTCACCGGACGGGCTCAGGGGGGAACGGCCTGCTTCTGCATCTCCCCCGTGTGCTGGCCCAGCCAGGACGCGCTGACTGGAACGCTATGGACCCGCAGGGTTGACGCCACGAGGGCGGCAACCGCAAACCAAAAGCCACGGAGGGCGGTTGTTTGCGGTCCCCAGTTCCAGGCAAGCGGACGGCTGATAAGGACAGCACTGGGGGTCGCTTTTGCGCCACTTTTGGCGACCCAAAAGTGGCAAAAGAAACTCATAAACAGGGTGAGGGCAATGTCAAGCGACGCAGTCTGTGCAGAATCATTTCCTCCATTTCAGCATGGCATGTGGGTCGGCGCCGACAACCTGCCGCTTCGGGGGTGCGAAACTTCAGTTACCAGTTGTAAGCCTTGATCTCAAAGTGATTTTTGGGGTGAGCGCAGGCGGGGCAGAGGTCAGGAGTTACCAGGTCGTCGTGGACATAGCCGCAGTTACGGCACTTCCACTTGACTGCGGTCTCCCGTTTGAATACGCGGTCTTTGATGATGTTGTCCACAAAGGCCAGGTAGCGTTCTTCGTGTTCCACTTCTACCCGTGCAATGTTCATGAAGATACTGGAAATTCCGGCAAATCCTTCTTCTTTGGCAATTTTAGCGAAACCAGGGTAGAGGATGGTGTGCTCTTCATGTTCGCCAGCTGCAGCTTCCTTGAGGTTAAAAAGAGTGTCTCCCAGGGCCACGGGATAATCCGCATTCACATTGACCATTTTGGGTTGCTCGTCAATGCCATCGAGAATTGCGTCAAAGAAGCGCTTCGCATGGGCGCGCTCGTTGTCGGCAGTCTCCAGGAAAATTTCTTCAATCTGGTTGTAGCCGTCCTTGCGGGCGCGGGAAGCGTAATAGGTGTAACGCATGCGCGCCTGGGATTCACCGGCAAACGCTTTCATAAGATTTCCAAGGGTTTGTGTGCCTTCAAGTTTTTTTGCCATTGAGGCCTCCTTC
NZ_CP084704.1_gap41	1223742	1226332	2590	ACCAGTGATCGGGGGACACCGCAACGGTGGGCCTGAAAGGCAGTGCTGTGCACAACGGGCGGTGAGATGCGCGTGAACTGCTCAACCGCCGGTGTCTTTTTCCTGGCAGCGCTGCTGTTCCTGTGGCTGCTGCATGGAGCATGGCACTGGCTGTACCTGGGAGTGCCAGAACTGTCACAACTTTTCGCGTGGCAGGCCTGGCTGGTCTGCGCCACCATTGCCCTGATGGTGACCGGGGCTGGTGCGCTGGCATGCCGCTCCTTTTTGCGTGGTGGTGCCATTGTCAATATCACGGGGCTGCGCTACGAGGAGATGTGGAACACGGCCCTTTTCTTTAGTGGTTATGGCGTCTGGGAGTGGTTTCCCTCCGAAGGCCGGCTGAAGTGCTCTATCATGTGGAGGCAGATGCAGGGGCTTTCCGACGATATTTCTGAATCCGAGGTACTGAGAGACTGGCTTGAACGCATTCACCCCGATGATATCAATATCATGCAGGCTCGGGTGCAGGAGATCATCGAAGGTGGTGGCGACGTCTTTGAGAGTGAGTACCGGGTGCGCAATGCGGCTACCTCCGAGTATATGTGGGTGCTGGACAAAGGGCGCGTATTGCGTCGCGGCAGCGATGGTCAGGCGTTGCACATTGTGGGTATCAACACCGATATCTCGCGACGCAAAATCATTGAAGAAGAATTGCGCAAAGCGAAGGAGAACCTGGCTGAAGCGCAGCAGGTGGCCCATGTGGGGAGCTGGGAGTGGGATCTGAACACCGATCAGGTCACCTGGTCCGATGAGCTTTTTCGGCTGTTTGGCTACGATCCTGGTGAAGTGGCCAACGGCTCTGTCAATACACCATCTATCTATGACCCCGGTTACTGGGATCCCAACGACTGGTATAAGTTGCAGATGGCCGTGGCCGGAGCCATGGCCGATGGCGAAGAGTATGAGCTGGATTTGAGGGTACATCGCAGCGACGCGAAGCCCTGTTACGTCTTTGTACGCCTCAAGCCCATCCACGATGAAAATGGGGCAATTGCCAAACTGGTGGGAGTGGTCATGGATATCACGGCCCGCAAGGAGATGGAACAGAAGCTCAAGGAAATCAACCTGACCCTGGAGCAGCGCATTGAGGAGGAGATGGCCAAGCGCACCAGACATCAGGAGCTCTTTGTGCAGCAGTCAAAGATGGCAGCCATGGGAGACATGATCGGCGTCATCGCTCACCAGTGGTCCCAGCCCCTGAACGCCATTGGCCTGCAGGCCCAGTTCATGATGTATGACTTTGAGAGCCATGATAAAGCCTATTTTCAGGACGCCTCCGACACCATCATGCGGCAGGTCGAGTTCATGACCCAGACCCTCAAGTCCTTCCGTGACTTTTTCAAACCGACGCGGGAAAAGACCGTCTTCCACGTGGGCAAAGCCATAGAAATCATCGTGGACCTCTTCGGAGTACAGTTCACTAAGCACAATATTCATATCACCATTGACGCCGGGGGGGTGGATTACGCCAGCCTCCATGTGCTGGGCCTGCCCAATGAGTTCAAGCAGGTGGTCCTGAATATGCTGCTCAATGCCCGTGACGCTATCCTGGATGCCATAAAAAAACATGGTGACAGTGCCGGAGAGCACTTTATCCGCGTGGTTTTCGAGGAAAATGCCGGAGTCATCCGCATCCGTATTCTTGATACAGGTGGTGGTATCCCAGCTGAAATCAAGGATCAGATATTCGACTACTACTTCTCAACCAAGGGCAGTGCCGGAACCGGTATCGGCCTCTATATATCCAGAATCATCATTGAGCAGAACATGGGGGGGCGGATTCTGGTCAGCAACTGGGAGCGGGGAGCTGAGTTCACCCTGCAGCTGTGTCGTGCCGAACCTGCCACTGGGCAGGAAGAAGCCCTGCCGGACTTCCACTGACAGCGCCCGTTTCGTTAGGCTTCACCGTGAAGAGTTTCTCCACGCTTTGCCATAACCCAGTGGTAGACAATGGGTATAATAAAGAGGCTGATGGCCGTTGAACTGAACAGTCCGCCAATGACCGCGCGGGCCATGGGCGCCTGGGCCTCGCTTCCCTCGCCGATCCCCAGAGCCAGAGGCATCAGTGCCAGCATGGTGGTCAGGGATGTCATCAGCACTGGTCGAAAGCGGCGCTTGGCCGACTCTATTCCCGCCTGCAGCGCGCTCAATCCGTCTCTGGCCTGCAGGCGAATGGCGTAATCGACGATGAGGATGGCATTGTTGACGACAATACCCGCCAGCATCATCATGCCGATCAGCGACTGCATGTTGATGGTGCTGCCGGAAATCCACAGCGCCATGATAGCTCCGATAAAAGCCATGGGGACAGAGACCATGACGATGAGGGGCGCTTTCACGGACTCGTAGAGGGCCGCCAGGATCATGAAGACCAGCAGCACAGCCAGGCTGATCATGATGATGAGCTCACGGAAGGCCTTCTGCTGCTCCTGAAAGTCCGACTCCAGGGTGGCGGAATACTCCGCTGACATCTCCAGCCCGATCAGCAGCTCTTCGATATCCCGTCCGATACTGCCGATATCGCGCCCTTCGTTATTGGCGGAAAGCGAAA
NZ_CP084704.1_gap42	1228255	1231538	3283	TCTCTTCCTCGGCGATATGGCGCAGAGTGGCCGGGTCGAGATTGGCAGTGGCGCCCAGGATGAGAATCGGAGCGGCGGAGACATCGAACTTGCGCAACTGGGGGCGGTCGATCCCCTCGGGAAGCGTGCGCATGGCCCTGTCCAGACGGTCGCGGATATCGTTGGCGGCGACGTCCAGATCCGTACCCCAGGTAAAGCTGAGACGAATCACACTGGTGCCACGGGAGGAGGTGGAGTTGATGGTCTCAATACCACTGATGATGCCAAGGGCCCGCTCCAGGGGAATGGTGACCAGGCGCTCCACCTCTTCGGGGCTGGCGTTATCGTAGGTGGTGACGACACTCAGAGTCGGATAGGTCATGTCGGGCATCAGGTCGATGGGCAGCCGTGAGAGGGAAAGCAGGCCGAAGAACACCGCGACCATGATGACCATGATGGTGCCGATAGGGCGTTGTACTGCTAAAGATGAAGGGTTCATGGTTTTTTCTGCCCGCCTGAGACCGTGTCGCCGTCGCGCAGGCGCTCGTGACCAGCTACGATGACGAAACCGGAGATTTCCGGTGAGAGAACCTCCACCATGCGGGCATCTTCACGGCCAGTGTGCACCTCCACCTGTTGCACCGTGGAGTTGTTGGGATCAAAGAGGAAGATGGCCGGCCTGCCATTGCGGTAGGTAATCGCGTTATGGGGAACCTGAGAGACAGGGTGTTCGCTCTCAGAGCGCCATCTGACCTGCACGAACATCCCCGGCTGCAGTTTCTGCTCGGGGTTGGGCAGGGAAATTTCCACCCTGGCGTGGCGGGACAGTTCATCAAAGGCTGGTGCCTTGCGCACAACGGTGCCATGGAATATTTCGCCCGGATGGGTAGGGACGGTGATTTCTACGGCATTGCCCGGATTCAGGGCGTAGTAGTCGGCCTGGGTCAGGAACACCGTAGCAGTGAGGGTATGGATTTTTGCCAGGGTGAATACGGGCGTTCCCGATGCCAGATAGGCACCACGCTGCACAAGGCGGCGCTCCACCACCCGGGGAATGCCATCGTTCCAGCTGGCGGTGATAGTGAAATAGGAGTGCTGCAGTTTGGCCTGCTCCAGTGCCAGGCGCTTCAGTTCCACCTGGGCCTGGGCCAGGCGCAGACGGGCCTGCTGGGCCTCCCACTCGGCTTCGGCCTGATCCAGTTCAGCCGAAGAGGTGATATTCTGTCGGTGCAGTGAGCGCACGCGTTCCATACTCACCTGAGCCAGCTGCGCCCGCGAGGCAGCGTCATCCTCGTTGGCGATGGCCACCATCAGCTCTGCACTGGCCTGGGCGACCACAAGGGACTGCTGGGAGTCCTCGAGATTTGCCAGTATCTGTCCACTGCGAACCCGGTCACCGATATCCACCTGGAGCTCCTGCAGCGTACCGGCAGCTCTGGCCGAGACATTGAACTGCTCTTCGGATTCCAGGGAGCCCGAAAATGTGCGCACCGTGTACATGGGGGCAAAGAGAACCTCGCTGATAGTAACCTGGGGCGCAGTGCGGGCTGTTGGAGACGTTGGCGCTGTGGGCTGGGAAAACTGCGGTGGTCCCTGGAACCAGAGGAAGATGGAGACAATGGCGAGGAGAAACAGCAACAGATTCTTTTTCATGGAAAGTCCGATTTCAGGTGGTGAGCAGGCTGTTGAAAATCATCTGCGACACGGACCGCTGATTTTTTCGTGTGCCTGCCGGTTCAGGGTATTGCTGGCAGGGGTTATTCATGGAAACACCCGCTTATAACGTGAATAAAGTGACCATTGCAACGGAAATCGGATCGAATGATGAGAAAGCCTCTCCTAAAGTTTCGCACCTTGTTGCATTGACTTCAGCGAATATTTTCCTGGTGCTACCACGCGAAAACAGTACTGATTTTGCATGCTTGACACCTCTGGTATTCCTCTTTTCGTTTCCGGATATTGCCCTTTTTGACCGCGCAAAAAGGGCACAAAAACGCGCCCCCCGAACGCCCGTTTTTCCGGATCGTTACTCGCCTGTTCTGGAGATCCGGCAGACACTGCCTCCCTGCAGTGCTGCCGGACCACTCACTTCCTGTGAGTGTCCCGTTCGGGTCTTGCCAGCCAGGCTTCGCACTCACCGGACGGGCTCAGGGGGGAGCGGCATGTTTCTGCTTTTTTCCTGTGCTGGTTCAGCCTGAACGCGCCAACTGTCAGGCTGCTGAAAAGCCTCATCTGCGGCGTTGCTCTCAAGTGCTCGTCACTGCGACGTACAGAAAGTACGCCTCACTTCTCACCTTGCCTGTATATTGAGAATGAGGCATAGTAAGGACTGCTGTTTCGCACCCTGAAACGGCAGGTTGTCTGCGCCGACTCTGATGCCATGTTGGAATGGCGGAAATGGTTCTGCACAGACTGCGTCACTTGACATTGCCCTCATCCTGTTTATGAGTTTCTTTTGCCACTTTTGGGTCGCCAAAAGTGGTGCAAAAGCGACCCCCAGTGCTGTCCTTTTCAGCCGTCCGCTTGCCTGGAACTGGGGACCGCAAACAACCGCCCTCCGTGGCTTTTGGTTTGCGGTTGCCGCCGTCATGGCGGCAACCCTGCGGGTCCATAGCGTTCCAGTCTTCGCGTCCTGGCTGGGCCAGCACACGGGGGGAGAGACAGAAACAGGCCGTTCCCCCCCTGAGCCCGTCCGGTGAGTGCGACGCCTGGCTGGCAAGACCCGAAGGGACACTCACAGGAAGTGAGTGGTCCGGCAGCACTGCAGGGATGCAGTGTCTGCCGGATCTCCAGAACAGGCGAGCTAACGATCCGGAAAAACGGGCGTTCGGGGGGCGCGTTTTTGTGCCCTTTTTGCGCGGTCAAAAAGGGCAATATCCGGAAACGAAAAGAGGAATACCAGGTGAGTCAAGCATGCAAGATCAATGCTGTTTTCGCGGGGTAAGTGTCATGTTAATAGTTCCTTAAGTCAAGATGATAGATGCAAAACTTGAGTAAGGACATATCGTTTTTATGTCATAACGCAGTTCCTGAGGAGAATATTTATGAAACGCTTTTTTGCACCTGCCCTCGTCGTTGCACTGCTGGCGTCACCGCTGTGGGCCAAAGATATCAGTATTGAAGATTTCCTCACAGAGTCAGAGCCCCAGAAGGTTTTCCGCAGCATGTCCGAAGATATCGGAGCCGCTTTCGCCTATCGTTCCGTGGCTCCCGCCTACCGGCTGGGGGGGGTGCTGCCCGGCTTTGAACTGGGTGCCGACGTCAGTGTTTCCAGCCTCAACAACACTGGCACCTGGGGAAAGGT
NZ_CP084704.1_gap43	1237436	1242406	4970	TGCAGCTGCGCAGCTTGTAAATATGCTCCAGCAGACGAAACAGTCGAAAGACGCCTGAGCCGTGGACAAAGGGGCCGAAGTAGCGGGCTCCATCGGGTTTGATCTTGCGTACCACCGTCATGCGAGGGTAGGGGTGGCGGAAATCGATGCGGATGAAGGGGTAAGTTTTGTCGTCACGCAGCAGGGTATTATAGCGGGGCTGATGCTGCTTGATGAGAGTATTTTCCAGGATAAAGGCTTCATTTTCATTGAAGACCTGCACGTATTCGACCCGCTCCACCAGCGAGACCATGCGGGCGATCTTCACCGGCAGCTCCGAAGCCAGATAGCTGCGCAGGCGTTTGATCAGCGATTTCGCCTTGCCCACATAGAGAATGGTGTCCGCGCCGGCGTACATGGTGTAGACGCCGGGAGCATCGGGGGCCTGTTCGATCATGTGGGGTTGCAGCATCGGTTCTCTTTCCCTTTTCAGGAGGAGTCACAGGTTCAGAAACGTTTCCAGAATGAGCGGCTCAGGAGCAGGAAGAAGGTATAGCACTCCAGACGGCCGATGACCATGGCCAGGCTGAGGATCAGCTTATCGTACCACGCCATGAAACTGAAGTTGTCCATGGGGCCGACCAGGCCAAGGCCAGGACCCACATTGCCCACCATGGCCAGGGAGGCGCTCAGCGCTGTGGTCAGATCCAGGCCGCGCATGGAGAGGTAGATGGTCAGAGCGGCGTTGGTGCAGAAGTAGAGGGCGAAGAAGCCCAGCATGGCGGTCAGGATTCCCGACGTGATCTTGCGGTTGTCCATCAGCATCACGTACACCCCCCGTGGATGCACCATGCGCTTGATCTCCACCGCCAGCGCCTTGAAGAGAACCACATAGCGGATAACCTTGACGCCACCAGCCGTGGAACCAGCGCAGCCGCCGATGACCATCACCAGTATGGTGAAGATGAGGAAGGCGTTGGTCCAGTCCACATAGTCGATACTGGCAAAACCGGTGGTGGTCATGATGGAGGCGATGGTGAAAAAGGAGTGCTTCATGGACTCATAGAAGCCGAGCTGCTGGGGTTGATGCAGGAAGATCATCAGACCCGCCAGCAGGGAAATGGCAAAAAAGAGCTGCAGGTAGAGGCGCGGCTCGCTGGTGCGGTAGCCGCTGAAGTCCTTCTTCAGCAGTTTGAAGTGGGCCAGGTAGTTGATGCCGGAAATCACCATGAAGAAGATGGTGATCCACATGATGGCGTCGTTGTGGGCATAGTGGCCAAAGGAGTCGTTCTTGGTGGAAAACCCGCCGGTGGCGATGGTGGAAAAGGCGTGGTTGATGGCATCAAAGGGAAGCATCCCCGCCCAGTACAGCAGCAGGGCGTTGGCGATGGTAAAGGCCAGGTAGACCTTCCACAGGGCCATGGCGGTATCGCGGATGTGGGGCGTGAGCTTTTCATCCATGATGCCTTCGGCCTTGATGAGCTGCAGGGCGCCGTTGCCTACCATGGGGAGTACCGCGATGCTGAAGACGATGATCCCCATGCCGCCGAACCAGTGCATGGCGGAACGCCACATGAGCAGCATCTTCGGCAGGGCTTCGATATCGCTCATGATGGATGCCCCTGTGGTGGTAAACCCACTGATGGTTTCGAAGACAGCATCGCTGAACGAAGGGGTTGCACCGTAGAAAACAAAAGGAAGGGCGCCCACGACCCCGAGTATCAGCCAGATGGAGGTCACCACAAAGGCTCCTTCGCGGACATTCAGGTTGGCGTTATGGTGGCGCAGCCCCCACAGGATGGCGCCGCAGACAGCCAGGACACTCAGCATCAGCAGGAGGAAGGGCAGAAAAGGCTCGTCGTAGACGATGCCGGTGATGACCGGGAAGATCATGGAACAGCCCATGACAAAGGTGATGACGCTGAGGGATTTGAGCAGGTTTTTGAGAGTCACCATTACCTCGCGATCTGTTTTTTCACACTGGCAAGGCTCTCGTGCTTGCAGAAAATGATAATGGTATCCCCTTCCTGGGGCTCAAAGTCACCGGTGACGATAATGGCGGTGCCATTGCGAATAGCCGCCACGGCCAGCGCGCCTTCAGGGAACGCAATTTCGGAAATGCGCTTGCCGATGACACTGGATTTTTCGTGGACGACCCAGTGCAGCACCATACCCCGACCTCCCAGGAAGGAGCTTTCAGAGACGATTTTCTCACTGGAGAGGCGCTGGACGATGCCCGTTACCGTGGCCAGCTTGGGCCCAACGGCCACGTCGATGCCCATACTGTGGGCGGTTTCGTAGTAGTCCGCGTTGGAGTTCAGGCAGATGGCCCGCTTGATGCCGGTGCGCAGGGCGCTGATGCCCATGATGAGGTTGTATTCATCATCCATGGTGGCGGAGATCAGCAGGTCGGCCAGGTAGAGACTTTCCTGATAGAAGATGCCCTGGGTGGAGTGACGGTCGTTGATGACCAGCGCCTGATCCTGGAGGATCATGGCCGCCCTTTCGCATTCCTTTTCGTCGCGATCCAGGAGCTTCACCGAAGCGCCCTTCTCAATGAGCTTCTGGGCGACCTTGATGCCGATATTATTGGCTCCAAGCACCACGCAGCGCTTGGGGAATTTCGGCAGGGGGATTTTTGAGGTTTCGGCAAAGGTGTGCAGGTCGCTTTCAGTTCCCAGGAAGTAGATATAGTCGCGCAGGTGAATGCGGGTGTTGCCGCGGGGGATGACCAGTTCGCCGCCGTGTTCGCCGTTGTAGCGCTCGATGGCGCAGACAATGGTCCGGCCGCGAAAATTTTTCATAAGCTCGTAGACACTTATTCCATCAAGGTTTTCGTCGTCAATCTGCAGCGCCAGGGCTTTGACGCAGTCAAAGCGGAAGTGGATGATATCCCGCGCCCAGGAGTGTTCCACCAGATCGATGACCGACATGGCCGCCTGGTGGTGGGGTGAGATAAACATGTCAATGCCGGTACGCGCCCGCATCGCTTCGTAGTCAAGGGATTCATGGTTGATGCGGGCAATGCGACGCGCCACACTCATCAGATCACAGATGAGCATGCAGGCGACAATATTGACCTCATCGGCATTGGTGACCGCGATGGCCACATCAAAGGCGGTATCCTTTTCCCGGAACGCCTCATAGGTTCCCGGTTCCACGGCGTCACCAAGGACAGGCAGGATATCAAGGTCCTCGGCCACCTTACTCAGGCGGTCCGGGTCATTATCGACGATGGTGACATCGTTATGGGCGGAAAAGACCTTGGCCAGCTCGCGGCCCACGCGACCCGCGCCGATTATGAGTATGTTCATGGGGAAATTCCTCGCATCACCGCATGGATTACGGTTGTTGCAGCAGCTCCAGGGCAGCTATGCGTTGTTCGATATTGCGCCTGATGCGCTGATTGTCTCCCGCCAGTTTCAGTGCCTGACGGTAGTAGTCAAGGGCATTGGCGTTGTCCTCCAGCATATCATAGGCATAGGCTATGCGATGAATGGTGTTCAGTTCCAGGCTTTGGTTGCCGCTGCCCACCTGGAGGTAGTAGGCGATTGCCCGCTCGTACTCCCCGAGCTCTATGGCACTGTTTCCCGCCATATAAAGGATAAATGGCCGCTCCTTGCCTTCTGAACCATAGGCTTCCAGGACGCGGATCAGCTCCTCAAATTCCTGGGCGTTGTAGAGGTCGGTTACATAGTTGAAGTACGCCTCGGGGGAGGGGAAGTTTTCAAAGATAAACTGGGAGATATGCAGTACTGGCATGCCCCGCTGGTGGCGTATGGCATACTCGATGGCGTGGAAAGGGTACTGGTCTTGGGGCTCCATGTAGAGCTCCAGGGCGCGGGATATCTCCTCCAGCGCGTCGTTTGTCCTGCCGCTTTTTTTCAGGGAGCGCACATAGAGTAAGTGCAGGTAGGCATCGGTCTGCTGGAGTTTTTCATACTCGCTGATATAGGTAGTAAATTTGTTTTCAGCATAGAGTTTGCGCAGGTAGAGCCGGGTAAACTCCTCGGAGTGGCGGGCAAAATCCATGAAGTACTGCAGGGAAACCTGGCGGAAGTTGGCCTCAAGGTACTGTGAGAGCAGTGGATAGGTGATTGTGTCCGGCGCGAAGAGCGCACAGTATTCCAGGCCCTTGCGCAGGCCGGCATCCTGATGGCCGGTGTTCAGGGCCAGCATGATGTACTGGGACATGACTTCACGGGAAGGTTCGCTTTTAAGGCGCTCCAGTTCCTCAATGATGCCGAAGGCGTACTCAAAGTCCTCGGTGATGATGGCCGCGTTGATGAGATAGTAGAAAAAGGTGATACGGTCCTCTTCGTGGAGCTTTTCCGTCCTGAGTCGATCGGCGCGCGCAAGTGCCTGGTCGTAATCCTCCAGATGGTAGTGGGCTTTGACCAGATCCAGCAGTACCAGATCATACAGAGTGTAGTCGGCAGGGATCCTGTGCAGGTATTCCAGCGCCTCGACGTACTCACCCAGATCGACGGCAATGCTGCCCATGGTATGCCAGGTGGCGAAATCTTCAGGTGCGGATTCTATATAGCGCTGGTAAAACTGCAGCGCGTTGACGAGGTCGCCGAGGATCTCATAGCACTGGGCCATGTACTGGTAGTTGATGACGCGGATGCTGCCGCCGTGATCCTTGGAGTCGGAAATGAGAAACCAGCGCAGGGCCTCCTTGTGGTCGCCCTGCTGGTACTCGGAGATGCCCAGCATATGCAGCGCGTAGTAGTCCTCGGTATTCTCCTGCACATAATCGCGCAGAAGGGTGCGGGCTTCGGCGGCAAAGCCGTCCTCAAGGAGTTTGCGGGCAACCTGCAGATCTTCGACGGTGCTCTGCGCCAATGAAGGTGCAGCCAGGATGAAAGACAGAAAAAATATACAGATACATCTAGACAGAATAGACACAGTTCCCCCTGAAATAGGTTGCCACCGGCAGTCCCTTGACCGTTTGGCCGATGAAGGGAGAGTTTTTGGACTTTGATGCA
NZ_CP084704.1_gap44	1244378	1248386	4008	GCGACGGTGGTCTTGGCGGCCAGTTCCATCATGGCGCGGATATCCAACTCATAGAGCCAGTGGGAGTTGAAGACCACGCGGGTCTTTTCGGGGTCGAGAATTTTGAAGACCTGGGCCTTGTAGGTTTCCGCGTTGGCCAGGACATCCTCGCGGGTCAGCATCCTGCGGGTTTCACTTTTTCCGGAGGGGTCGCCGATCATGGCGGTGAAGTCGCCGATGAGAAAGTGTATTTCGTGGCCCAGAAGCTGGAAGTGGCGCAGCTTCTGCATCAGAACCGTATGGCCGAGATGCAGGTCCGGTGCGGTAGGGTCGAAACCGGCCTTGATAATCAGGGGTTTGCCCCGGGAAAGTTTTTTTCTGAGTTCTTCTTCTTCAATGAGCTCGACGCAACCACGCTTGATCAGCGCAATCTGCTCGTCGACAGAATGTGCGTTCATGCATCCTCCCCAATTCAATTGGCGACACTATACCATGTAAGGGGAGTGGTGGGGAATACGAAATCACCCGGACTTGTCGCGAAGTCCGGGTGCTCTGGAGCGATGTTACTCGCCGGGGCCGAAGTAGCGGCAGCGCGGGCTGATGCTGCGCAGAAAGCTGTCCGCTTCCGAGGGAGTACTGTACATGGTGACGCCGGGGCCCTCGGCGGTGGCCTCCAGGTAGAAGCCGGTGCCGTACTTGAGATTGTAGGGAATCCACATCAGGTCGGTGCGCACGCGGCTCCCGTTCTCCTTGACGGCGTAATAGGTGTAGATTTCCAGGGGATTCTTGCGGTTGAGACACGCTTCGGAGACGGGGCGCGTGAACTCCTGGGGATCATTGAAGCCATCGCTGATGCCGCGGTAGCGTTCGGTGACCACCTGGCGTACCGAGGCGAAGTTCCCGCCGACAACAGGGTCGGTGCGGTGAATGCGGTAGCGGCTGAAGCGGATGATGACATGATCCTCGCCATTTCGGAAGTGAAAGAGCTGGGGAGTGTTGATATCGCGTACCTGTTCAAAAGGACTCTGATCATCATACCAGAAGGGGGGTGTCACCGGTGGCGAGGTGGGCCGGAAGGCATCGGGATCCTTGTATGGCTCCAGGGCCATTTCAATGATCTCCAGGTTCAGGCTGTCGGCCTGGCGACGCAGCAGGATATTGAAGCTTTTGCCATCGGCGGTATTCCTGATGGGAAAGGTGACATAGTCGTTCGGGTCGGGCTGTGGCAGAGGCTCAATAAGGGTGATGGCGCCGGTTTGCGGGTTGACATTGACGGGCAGGTCTTCGCGGTAACTCAGAATTTCATAGGTGACACCCTCGAATTCAAAAAAGAGGGTGACGGTTCGCTCATAGCCTCCCGGAACCGCTTCGGGATCGTCGGCCTCAATGGTCAGATCCGCCAATTCGATGCCGATGCTGTTCATGGCGATCAGGCCGCTGGTAAAGGCGAAAATCGTATGGTGACTGGGATAGTTCAGCTGCAGGCTGAAGGCGCTGCTGAAGAGCAGCAGACACAGCAGCAGTGGTGTGGCGACGCGGATCATGGCTACTCCTTCACGGTCGGTGTAAAGGTCGAGATAACGATATCGGTAATGGCCGCCAGTTCCGAATTGCCCACCAGGGGATGCGTATTCTGGCCGTAGAAGTCGATGACGAAGTAGGTGTAGCTTTTGTGTTTATTGGAGTGGGCGGCTTTGGGATAGATCAGGGCTGTGCGACGGTAGTTGTCGTGGTGCACGGTACCATGATCATCGATCAGGTTTTCCTTGCCCCACATCTCCAGCATGGCGTACTTGTCGGGGTGGCCGATATACTCGACGTTTGGAGTGCCGAAGGTGGCCGAGATTTTGCGATCGGCGTATTCCTTTTCAAAGGAGTCCTTGACTTTGCCCATAATGCGGTCGTGGGTCTGGGAACCAATGATAATCCTCATGAATCCGTGCTCGTAGTGGTAGAGGGGGTTGGGGTAGAAAATCGGATAGTTCTCCGGCGTGTCGATGCGCTCCTTTTCCACACTGGCGAAATACAGGGAGTCGGCGGCCCTGGTGGTCATCTCGAAGGTGTTCTCCAGGGCGATTTCAAAGCGTGGATCGCCCTTCCACATCTCATGGATGTTCGAGGGAGCCTCCATGACCTGCAGGTGGCTCAGGACAAAGAGGTTCTCCTGGGGGTTCCAGGTATAGGTCGGTTTGACCCTGGTCTGACGGGAGGTGTCGGCGAAGGGGTAGCCGTCGATCTGCAGCAGTCCCTGTTCCTGCAGCTTGCGTGCGTCATCCACTTCGCCTGCGGTGAAGTAGACGGACTGTATGACGAAGCTGTCTTCCGAGGTGTATTCGACGATATTGTAGTAATCAACGACAATAAATCCGGCGCTCAGCACACAGAGCAGCAGCAGAGCCAGGAGAAGCAGCCTGTTCACTTTCATTTGGCACCCCCGCCACACAGACGGTTGTTGGTGCCTGCCACGCACACCACCACATCACGGTCGGGATTCCCATGGAAAATGATATGGTTGTAGGGGTGGCGCAGGGCATTCTCATGGTAGACGGCCACACCATAGATCTTTCCGTCTTCTATGGTCAGGCTGTACTCGTAATGGCGGGTGGCGTCAATGCGCGCGTGCCCCGTGGATGTCCAGCCACCGGCAGTCCGGATATCAGCGGTGTTGCGGATATCAATGCGTTGCCCGCTGGCGCCGGCTATGGCGGAACCCACATGGCTATGGTTGGCCGCCGCGCTGACCTTGCCGGAGCTGCCCGACGGTGTGTCGGTTTCCGTGACGCCACAGCCAGCCAGGGCCATCAGCGCCAGCGCTCCCCATGTCAGGAGCCGGTATTTCCATCGTACTTCTTCCATGAAGCACCACCTTGAAGAAAGATCGGTCGTCCATCCATGGACGTCTGCTGTAGCTCTTATCGGCACCAGCGGTAGAAATCTTCATCCCGGGTTATGAGTTTTTTTTCCAGCAGCTCACTGAGGGCTTTGTCAATGGCTGTGGTGTTACCGGAGCTGATGGTGGTGTACAGGTCTTGGGCGGTGCTTGGGCGCACCTGCAGGACGCGGCAGATGGCTGCCGCGATATCTTCCTCTGCCTGCAGTGCGGGAGGAGTGCCGGGGGCGGGTGTATCCGGGCGGGTGACCACTTCGGCGCCGGGAAAGAAGCGCGCTGCCAGGGAGTGCAGGTACTCCGCCGACGCCTTGACAAGGCCGGACTGTGTCCCGGGACGATCCATGGTGCCCAGTTGGATTCTGGTGTGGTCTATGGAGCGGCAGGCCGCTGCCAGGGCCTCCAGGTGGGCGGGATCGTCGTTGATGCCGGGCAGGATGAGAATCTCCAGCCAGATTTCCCCGCAAAATTGTCGCGAGAAATCGCTGAGGGCGGTGATGACCTCTTGTACGTCAATGGTGTGATGGGGCCGGTTGATGCGGGTGAAAATCTCCTGGGTGGCGGCATCCAGGGAGGGGACGACGATGTCCAGCTGCTGGCACTCCTGCCAGAGGGCGCGATCAGTCAGGGGAGTGCCGTTGGTGAGCAGGCACAGGCGGTATTGGGGGAACTCAGCTTTGATAGCGGCCACCAGCTCGCCGAAGCGATGGAAGAGCAGAGGTTCGCCGGAACCGGCAAAGGTGATGACATCGAGCTGCGGTTTGGTTGCCAGCAGGTGACGCAGCTCATGCAGCACCGCCTCCATGGGGACAAACTCCTGGCGGGTGGTGGTCAGGCGCGTGGTGGCACCGCATTCGCAGTAAATACAGTCCTCGCTGCAGGTCTTGTGGGGCAGCAGGTCGATGCCCAGGCTCATGCCCAGGCGCCGTGAGCGGACGGGACCGAAGAGGTACTGACAGCGCACCATTCAGACCTTGAGCCCGTAGGCGCGGGCCAGCAGAATCGCCGGATGCAGGCCGTCCTTGCCCTTTGCCAGATGCTGTATCTGCATGCGGCAGGTGGGGCAGTCCGTGACACCGTCCACGCCCTCCTGGGACATGACTTTCCCCAGATCTTCGCCGATGGCAATGGAGAGATCATAG
NZ_CP084704.1_gap45	1253325	1255539	2214	ACCATTGCCACCGTGGTGCTTTCCGGCGTTTCCATCTCCATGGCCGCACGCCTCTATGCCCGTCGCCACTTCCATACCAGCGCGCTGCTGCGCTGCCTGGGAGCGTCCGGCAAAACCCTGGGGGCACTCTACACGTCCCAGGTGCTCATGGCAGGGGTGCTGGCCAGTACCCTGGGTTCCCTGTTGGGGCTGCTCTTCTGTGAGCTGCTGATCATGGCCTTGCGGGAACTGCTGCCCGCCTTTATCCCTCCGGCGGGAATGGCACCGGCGCTGCTTGGCTATGGGGCCGGCGTGGTTCTGCTGCTGGGATTTGCCCTGCCACCACTGCTGCAGTTGCAGCGGGTCAGCGCCCTGCGCCTGCTGCAAAGCGACCTCTCCCCCCTGCCGCCCGCCGCCTGGCTGGTCTTTGCCGCAGCCCTCGGCAGTGTGCTGCTCTTTGTGGGATACTTCGCCGAAGACTTCCGGCTGGCCGGGATATTTGTCGGTGGCCTGCTCGCCTTTATGCTGCTTTCGGCGCTCATTGCCTGGATCCTGCTGCGGACAGTGGGCACGGTGCTGCCCTGGCTGCCCTTTTCCCTGCGCATGGGAATCCAGGGCCTGCTGCGCCGTCGCGGAACTGCCCTGCTCCAGATGGTGGCTTTCTCTGCCGGACTGTGCGCCATCGCGATCGTGGTGCTCCTGCGCACCGATCTGCTGCGCTCCTGGCAGCAGCAGGTTCCTCCCGATGCCCCCAATCACTTCGCCATCAATATCCAGCCCCATGACGCTGCCCGTGTGGCAGCCTTCATGGACGGACACGACATCAGACGCGCCTCACTCTATCCCATGGTGCGGGGCCGACTGACCCACATAAACGGGCGCTCCGCCCTGGAGGTGGTGCCCGAGAGCGCGCGGGACGACAACATCCTGCACCGCGAACTCAATATCACCTGGAGCGCAGAAGTGCCCCGCCACAATGTGCTGGTGGAGGGGCAGTGGTGGGAAGATTACCGCGCGGAAGTCGAAGCGGTTATCTCCATCGAACAGGGAATGGCCAGACGCCTGGGCCTGCAGCGAGGCGATGAGCTGAGTTTTTCCTTTGCGGGCCAGAGCCGCGCGGCCAGGGTAACCAGTGTGCGGCAGGTGGACTGGAACTCCTTTCAGCCGAACTTCTATGTGATATTCGCGCCAGGGCAGTTGCCGGAGCAGTGGGCCACCTCCATGACCAGCTTTTACCTGCCGCCGGAGCACAAAGGCTTTATCCGGCAACTGGTGCAGCAGTTCCCCTCCGTGACCGTGCTGGAAGTGGATCGCATCCTGGGCCAGGTGCAGGGCATCATCAGCCAGGTCAGCCGCAGCGTGGAATACGTCCTGCTGTTTGTGCTGATCTCCGGCTTTGTGCTCCTCTTTACCATCGTACAGAGTACCATTGGACTGCGGCTGCACGAAAGCTCACTGTTACGCACCTTTGGCGCGTCCACAGCGTTTCTGCGTTCCAATACCCTGGCGGAATTCACCTTTCTGGGGCTGCTCTCGGGAATCCTGGCGACCCTGATTACCCATGGACTGGCCTGGATTCTCTACCGACAGGTCTTTGACCTGCCGCTGGACGCCCAATGGCTGCTCTGGGGCACATTGCCCCTGGGAGCCATGATCCTGGTGGGCTGTGCCGGGCTCTGGGCCTCGCGCTCCGTCGTCCAGCAGAGCCCGGTGGACCTGCTGCGGGAAAACCGTGACACTTGACCGTTTGTCAGCAGGCTATTATCGCTTCTGAGTACCTCCGCCGCGTGTGCGGCGATTTTCCCCTTTGCGTTTGTGGGGCAGGGGCGCGGCTGCTGCCGAGGGCGATTTGGCTTTTTTTGTCCGCGCCCTGGGGGCTTTGCTGCGTGAAGTTTTTTTTGTGTCTGCGTGTTCCGGCTGGCTGCCGCTGCTGACCAGGATGAAGTCCAGCTCGCGCTTTTCCACGTCGGCTCTGACCAGCTGCACGGTCACTGGCATACCCAGGAAGAAGCGCTGGCGGGTGCGTCGTCCCACCAGTTCATGGGTCTCTTCCTGGTAGAGGTAGTAATCCTTGTCCAGGGTGGAGACGTGCACCAGGCCCTCCACGTAGCAGGTCTGAAGCTGTACGAAAATGCCCCAGCTGGTGACGCCGCTGATGATGGCGGAGAATTCTTCGCCCACAAAGGCGCGCATGAACTGGACGCTTTTCAGCAGCTCCATCTGGGTGGAAGCATC
NZ_CP084704.1_gap46	1264154	1264976	822	TGCCAGTTCACGCAGCCAGTTGAAGGTTTTTGGCATGCGCCTTGAGCCCATGAAAGAGGTCATCTACACTATTGTTCCCGATACCCACGCGGTTCAGGTGATGCAGACTGCCTGTGAAGTAGGCCAGCTGAATGAGCCGGGCAATGGCATCAGCTTTATTGTGAACGTGGAAGCAGCGGCCGGAGTCCTTTTCGGCTGATCTGCCGCTTGTCTATCTTCGGTTGCAACAACCATGTCAGGTTTTGACTTCCTCTCCCTCCATATCCAGTCGTTGCTTTGTCAGTACCCGTTTCAGGCGACTGATATTTTCTTTGGCAACCAGTATGAAAAGGTGGTCATTGGCCAGGATTTTCGTATGTCCAGTGGGAGTGATGATCTGGTCGTCGCGTATGATGGCGTTGATCAACGTACCCTTGGGCAGGAGCAGGTCGCGTATTTCCTTGTCCACAATAGCATCTTCAAGATTCACACAATATTCAATTATGTCGGCGTTGGCTTTCCCCAGTGATACCAGTTCAATGGTATATTTCTGCGCTTTCCCCCGCTTGCTTTCCAGGTTCAGCAGCTTTGCCAGGGGCGAGATGGTTGCTCCCTGGATGAGTGTTGAGGTGAGGACGATAAAGAAGACGACGTTAAAGAAGCTCTGACTGTGCTCTATGCCTGCCAGCAGGGGATAAGTGGCCAGAATGACTGGAACGGCACCCTTCAGTCCCGACCATGAGATGAATATATACTCCCGCACGCTGTAACGGAAATTGGACATACGGATAAAGGGTAGCAGGCTGGTGGCAACTCCCAGGGGACGAGCGATGAACATCAGCA
NZ_CP084704.1_gap47	1267966	1270334	2368	GGGCAATGTGCTGGGAGAGGGCGATGGCAGCTGCCAGCGCGTCCGCGGCATCTTCGGGTTTCGGCAGTGTGGCGAGGCTCAGGAGCATCTGCACCATGCGGCCCACCTGCTCCTTGGGTGCCTTGCCGTAACCAGTGACACTCTGCTTGATCTGCAGGGCGCTCAGTTCCACCACATCCAGGCCTTGGCTGAGGCAGGTGATCATCAGGACTCCCCGGGCGTGGCCCAGTTTCAGGGCCGACTGAGGATTCTGGGCCAGAAAGACTTCCTCAATACAGACGTGGGCCGGTGAGTGCTCCCGCAGTACTTCATTCAGACCCTGCTGCAGGTGGAGCATACGCTGGGGAAAGGGGAGATCGACGGGTGGGCGTATGGCGCCGTGGGCACGGTGCAGAAGCTGATTGCCCCGTGCTTCCACTATCCCGTATCCCGTTATGCGGGTTCCCGGATCAATTCCCAGCAGGATCACGGGTTCAGCTGTTCCATCAGCGCGTCGTCAATGTCAAAGTTCATATAGACATTCTGCACATCATCGCAGTCTTCCAGGGCTTCCATGAGGCTGAGCACCTGGGTGGCGATTTTCTCATCCTCCACCGTGATGGTGGTGGCGGGTACCATGTTCATCTCTGCGGTTTCAATGGGAATACCTGCCTCTTCCATGGCGTCGCGCACGGCCATGAAGTCTTCAGCCGCCGCGATGATCTCAAACATGCCATCGCCACTTTTCACATCTTCGGCACCGGCATCCAGGGCCACCAACATGACATCGTCCTCGCTGGCAGACTCGGCGTTGACGGTGATGACACCCTTGCGGCTGAACAGGTAGCCCACGCAACCCGACTCGCCGAGGGAGCCGCCGCGTTTGCTGAAGATGTGCCGAACTTCGGCGACGGTGCGGTTCTTGTTATCAGTCAGGGACTCCACCATAACGGCGATGCCGCCAGGGGCGTAGCCTTCGTAGGTAATGGATTCATAGTTGTCGCCATCCATGCCGCCGATACCACGCTTGATGGCGCGCTGCACGTTGTCATTGGGCATGTTGACGCCTTTGGCTTTCTGCAGGGCCAGTCGCAGGGCGGGGTTCATATCCGGGTCAGCGCCGTTGCGTGCCGCGATGGCAATCTCCTTGGCGACCTTGGTGAAAATTTTGCCACGTTTGGCGTCCTGTGCGCCTTTGCGATGTCTGATGTTGGCCCATTTGGAATGACCTGCCATAAATCCTCCGAGTATAAAAATGACGTATGATTAGCGTTCTATAGTGATCTGCCGTACCAGAGAGGCGGCAATGGTGTAGCTGCCGAAACCGGTCTTACCGGAGAAGGTGCCATGGCCGTGCAGAATACGCAGCGTATCGTTGCCAGTCTGGATGACCATTTCGTCCTGTTCTATGTCGATCTGGCGGATTTTTGGCAGTTCAATGCGGATATCGGCGGAACCAAGTTTGCCCTGAATGAAGGGGGCGTGATTGTAGGTGAGTCCCTCCACCCGCACGCTTTTGCCGGAGGTGTCGGTGACAGTGGCGGTGGGGCCGGCAATGGATGGCCCCATGGCGGTAAGGGTGATCAGGGCGATCAGAAGCAGGGCAAGGGAGATGGTGAATTTTTTCATGGGCAACTCACTTTGCTGTGTATTCGTGAAGGGTGCTGAGCAGGCCGTCGGTGTCAAAGGTTGCGGCCTGGGCCAGAATCTGATATCCGCGCTGCTTTACGGTTGCCGTGGTGGGAGGCCCGATAGTGATGATGGGAACCTGCCACAGGATGCCGCTGTCCCGGACCCTGTCCAGAAAGTAGCCTGCCGCAAAACTTGAAGTAAATACCACAAAATCAGGTTTTCTGTCCACTGTGCGCTGGAGAAACTCTCCGGGGTGGGCGATGCCTTCACTGTGGTAGAGGTGCAGTTCCTCGACGGCAAAGCCGTGATGCCTCAGGGTGTCGGGCAGAATCTCGCGGCCACCGGCGCCGCGGGCCAGCAGAAATCTGGAGTTGGACGGTTTGTAGTGCTGGCAGAGTTCCCGGGCGAAGGCGGCGGCTTCCGAGGTATCTGCCACGTACTCAACGCGCAGGTTGCGGGCTTCGCAGGCCTGCCGGGTTCCCTGTCCGATGGCCAGAACCGGTGGAGCAGAAGCTGCGTCCATGTTAGCCATGACGAGCATGCGCGCCAGATGTTCCACTCCCTCGCGGGATGTCAGCAGAATATGGGAGTAGTTGCCCAGGCACTGCAGGGCAGCAGGAAGTTGATGTTCTGCAGAGAGAGGCGCGGTGCGGCTGGCAGGAGCCACCAGCACCCGAAAACCTTCTTCCAGCAGCCGCCGGGTGAAGGTGAATGACTGGCTCACTGGCCGGGTATTGATGACGATGGGGCCATCCGT
NZ_CP084704.1_gap48	1351932	1355577	3645	TCCCCGGTGGCGGGCATGGCGCGCCAGTAGCGCCAGAAAAGCGGACGTTGCAGCTCTTCATCGGTGGGCGACCAGAGGTTATGGGTATTGATATGGCGAGGGTCAAGGAATTCCGCCATCAGGTTGAGGGCGTCACCACGGCCGGAACCATCAAGGCCGACAATCAGAATTACCACCGGAATGGAAAGCTCACGGGCCTGTGCCTGGAGCTGCAGGAGGTTCAGGCGTAGCTCCTTGATGCTGGCCTTGTATTCGTCCTTGGCAAGACACTGTTGAGTTTCAACTTTATGGAAGATATGCGCCAGATTTTCGCTGCCCTGTCCCATGATTGCCTCCTGCCTGCCTGTTGCCACTGCGGGTACTCAGGGTATCGCACAAATACCAGCAATTCGCAATGGCGTTGCAAAAGGATCCCTGCTACTTTTACTGGATATTGCACCCGTAAAGGAAAGGAGTACCATGCGTCTGCTCTGTACCCTCTTGCTGTTGATGAGCCTCCCCGCTGGCCTGACCGCCGCCCAGCAGGATGTGCTGGGATTTGCCCGTCACCTGGTGGCTTCCGGTGAGTACTACCGGGCCATAACAGAATATAAGCGCTACCTCTACAGCCTGGCCCCGGAAGATGAGCAGCGTCCGCATGTACGAGTGGAAATGGTGTTGGCGTACTTCGCGGGGGGGCAGCTGGATCAGGGGCTGCATTCCCTTGAGGACATGATGCTTGAAAGACATGCTGCGGCGGCTCCTGCCGTGGCGGAAGCCGGTCGCCTGCTTTTCGACGCGGGACGCTATGGGGAAGCCCGCGCCTACCTTGAGTTTTATTATGGCACGTGGCCCAGTGAGGCGCAGCTGGGGGAGGTCACCGCCCGCCTCAGTGCGGTCTATCTGGCCCTGGATCAGAGGCAGCTGGCGCTGGAGCTTGATCCCCGGTTGAACGCGTCCATTGAGGATATTTCCATATCGCGCAAAAGCCTGCCTCTCGCCGGTTCACTCTCGGCCGTGCTGCCCGGAGCCGGCCAGCTGTACGCTGGACGACCTGTGGACGCGGCAGTGGCCTTTACGGTCAATCTGATCTTTCTTGGCGCCACAGTTTCCGCAGTGGACGCCGGGCATACCCTGCTGGCCGCCGGGGTGGGGATTTTCGGGATTGGCTGGTACGGGGGAAATATCTTCAATGCGATCAACAGCGCTCGTCTTCATAACCAGCAGGCCGTTGACGACGCCGTCCGCGACTACTATGAGCAGCGCAGGCCCGTTATGGGCGTGGGGTGGCAGCAGCGTTTCTGAGTGAAGTGAGGTGCGAAAGTTACTTCATGCTTTACTTTCGCACCCCCGAAACGGCAGATTCTTTGCGCCGATCCTGATGCCATGCTGGAATGGCGGAAATGGTTCTGCGCAGACTGCGTCTTTAGACATTCCGACGCCATTACGCAGGATTTCCCTTGCCACTTTTTACCCGCAAAAAGTGGCTGGGTGTCCTTATCAGTCGTCCGCTTGCCTGGAACTGGGGACCGCAAACAACCGCCCTCCGTGGCTTTGGGTTTGCGGTTGCCGCCCTCATGGCGGCAACCCTGCGGGTCCATAGTGTTCTAAGGGCAGCGTACTGGCTGGGCCAGCACACGGGGGAAAGACAGATACAGGCCATTCCCCCCTGAGCCCGTCCGGTGAGTGCGACGCCTGGCTGGTAAGACCCGAAGGGGCACTCACAGGAAGTGAGTGGTCCGGCAGCACTGCAGGGATGCAGTGTCTGCCGGATCTCCAGAACAGGCGAGCAATGATCCGGAAAAACGGGCGTTCGGGGGGCGCGTTTTTGCGCCCTTTTTGCGCGGTCAAAAAGGGCAATATCCGGAAACGAAAAGAGATACCAGATGAGTCAAATGCGCAAAATAAACACTGTTTCCGCATGGTAAATTTCATGATAACAACACCTTAGCTCAGTGCTACAAGGTGCGGAACTTCAGTTCATGTTTATAATGGTTCCTCTTCCAGCCAGCCCGCAGGCAGATCGGCACAGAGAACGTGAAAATGACCGCTCTTTCCATTGTGCAGAGCAATGGAGAGGGTCACATCCAGGGTGGCGTCGGGCAGCCCCAGATAGGGTGCTGACACCTGAACTGCGCCCGGCTGTTCCAGGGCGTTGCGAAAGTAACTTCTGCGGGCCCAGAGAGCGCCAGTGGTCCGCCGAAACGGAGCATAGACTTTGGCGGCGGCAGTGCGCTCCCCGGGGTAGAGGTTTTCCACGATCTGAATACCCTCGGCATCCAGCAGGTAGATGCGTTCGATGGCCGGATGCGACTGCAGTGGTTGAGTTGCCTGATGGAATTCCAGTCCGTGCTCCAGGCTGACGGCGGCCTCCTTGAGTCTTCGCTTCAGAGTGGCCTGTTTGCGTTCCTGGTTGCGCTGGCGGTTAAGCTGCTGCTGGAGTGTCTGTTGGTGCAGTTTCTGTATGGCGCCAGAAAGCTGTTCTCCATGGTAGGAGCCTGTGGGGGAAGGGCGGGCAAAGTAGTATCCCTGGGCCAGTTCGCATTCACTGTCCAGGGCCAGCAGGGCGTCATCTTCGGTTTCTACCCCTTCCAGCAGGACCAGGGCACCGGTTTCTCGCAGGAGGGCAACACAGCGCGCCAGCCAGCGCTGCCGCCGGGGATTGTTGCGGGCGTTGACGAGCATTGAGCGGTCAAGCTTGACGATGTGGGGCTCAATCTGCCAGATGCGGTCAAAGTTGGATTGGCCCGTGCCAAAGTCATCTATGGCGATGAAGAATCCCGCCTCCCGGTAGTAGTGGACAAAATCCTTGAGCCGTAAGGGGTCCGCGACGGCATCTTCGAGGATCTCCAGGACAATGCGTTCACTGGCGAGGTTCTGGCGCTTCAGGAATTTCTCCAGCAGTTCCGAGCGCTGGTTGCCGGGTTGGATGGTTTCGGCGCGCAGGTTGAGGAAGAGCCACTGATCCTCGGTGTTCAAATGGCTGAAGTTGCGGATATGGGTAGCGATGCATTCCCGGTCGAACTGGTGCACACGGTTTTCCTGTACCGCCAGCGCAAAGGCGTCGGCAGGCGAACAGGAAGTGTCAGTTCCGGTTTGTGCCCGCAGCAGGGCTTCATAGCCGACAACGCGGCGATGGGCAAGGCTGATGATCGGTTGAAAGTGGCTGTGTATCTGAATGGGACGAACCTTCTCAGGCATTGCTTACGGGCCTGTATGGATGTATGGCAGCGGATGATGTTCTGCACGCCTTGTGGAGAAAAAGGCCTCCAGCAGTTGCCGGCAGCGCTGCTCCAGAAGTCCCCTGCGCGCATCCACCTGGTGGTTCAGCCGCTGGTCGGCGGTCATGGCGAAGAGGCTGATACCACCATATTTTTCATCGGAACAGGCATAGTAGACGCGAGGAATGCGGGCCGCGATGATGGCACCGCAGCACATGACGCAGGGTTCCAGGGTAACGTAAAGCTCCACGTCCTCCAGACGCCAGTTGGCGCAGGCTGCGGCCGCCTCGCGAATGGCGAGCACTTCGGCGTGGGCAGTGGGGTCACGGTGCTCTTCCTTGCGGTTGCCGGCCCGGGCGATGATTTCGCCATGGCGCACAATGACTGCGCCTACGGGAACTTCGCCCCGCTGCGCGGCCTGTCTCGCTTCCTCCAGGGCAACTGC
NZ_CP084704.1_gap49	1362862	1366039	3177	CGACGGGAGAACCAGAAAACGATCATGGAAGCCAGGATGGCCAGAACGATCTCCGCCACAATAGTTACGATGTAATAGCCGATGCCCAGGCCACGCTCGGTCTTGAAGACCACGCGATCCACGGTGTAACCGATGATGCGGGCGAAAAACATGACAAAGGTATTCACAACACCCTGGATCAGGGCCAGGGTTACCATATCGCCGTTGGCCACGTGGCCGATTTCATGTCCGAGCACGGCGCGGATCTCCTCGTCACTGAAACGCTGGAGCATCCCCTGGCTCACCGCCACCAGGGCGTTGTTGCGATTCCAGCCGGTGGCAAAGGCGTTGGACTGCTGAGCCGGAAAAACGCCCACTTCAGGCATGCCGATGCCAGCTTTCTGGGAAAGCTCACGCACCGTCTGCACAAGCCACTGCTCGCGCTCGTTACGCGGGCGCTCGATGATAACGGTGCCAGTCCCTTTTTTTGCTATCCATTTCGAAAGCAGCAGGGAGACAAAAGAACCGGACATGCCGAAGACAAAACAGAAAATGAGCAGGCTGGTCAGGTTGAGCCCGGTGCCCGAAGCATCCAGGATGGAACCAACGCCCAGCAGGCTCAGGGTAATGCTGGCGACGACAATGACCGCCAGGTTGGTAGCCAGAAAGAGCAGTATACGCATGGAACCCTCCTTGAAGAGTTAGCCGGCTGCTGAAAAACCCCCATCTGCGGTGTTGTCCGCTGTCGCGCGTTGCTGCAACGTACGGGAAGTACGCTTCACGCCTCGCTCTACGGGTGCCTTGCACCTGTGGGTTTTTCAATTGCCTGCATGATTTGAGGTATTTCAGCAAGCTGTTAGCCGGCTGACAAACCGTTCGTGATATCTGAATTCGCTGTTTCAGAGGCTCAGAATAATACCAGAATGCAGAGCGTTGACAAGTGTTTTCGGTCAGGCTCCCAAGAGACAAACCCCCATGGCGAGAGAGATCGCCATGGGGGTTGTGAAGAAGAAGGAGAGAGAACTCCTGTCAGATGTCGCGGTATGGAGCCGGGACATCCTGACTGCACTCCGCGTGAAGCGCACTCAGCATGGCCTGGCGAGGCAGCGCATCACCATTGGGCGTACTGGCAGAGAACAGCACTGAGCAGAACGAACAAAACCATACTGAAAGCCGCGAGGAAAGGCAGGCGTAACACCACTGGCATCGTAAACTCCATTTTCATGAGAAAATTGGGGGAGCCAGGCTCCCCCGGAATCAGGAAAGAATGCGGCATACACCGCGTCTCCGAGGTTCAGGTGCTGATTGCACCCCGGAGAGAACACTGGCCCATGCGGGCCCGTGCCTGACCGGCTGTGCCGGGTTACAGGATATTACTCATGGCACATGGCGCATGCTTCGCGGGCATTGCCGGCAGCAAGGTCAGTATGGGAGCCCTTACCCACTTTTCCGGCAGCTATCATACTGAAGTGCTCCCAGGTACCTGTTTCATCGGCATGGCAGGATACGCAGGTGGACATATGGGGAAGGTTGACGCCTTCATTGTAGTTGGCAATCACTCCGAGGCGTTTGCCGGTATCCACGGCCTTATGGCTGTCATTCATATGGCATGCCGTGCAGTCTGCAATGGTGTTGGGATAGTTTACCGAGTAGTCACGGTACATGAAGCCATCAGCGGCAGCATAGCGCCGCTCAAACTTGTCGCGGTTTTCGCCCAGGCCATGGATAGCGTGCACGATATACATCAAGTCCACGGTTCCCTGTACTGCGCTGGCGTCACGACTGAGCGATCCGGCGTTGTGACAGGCGATACAGCCAACGATATCCACATTGGCGCGGGTGTGGTGACGGTAGACATCGGTGTGACAGCCAACACAGCTGGCGGTATCCACAATCTGGCGACGCTCACCAAAGGTTTCCACCTTGCTGGCGGCCAGGGCAAAAGTGCCAACATAGGTATTCGGCTTGATGTTTTCACCATCGATGGTGATACCACCGCTGGCGGTGTTGAAGGTACCCATGATGGTCACGTAACCGTAACGACCGGCTTCCGCGGCATCCACAAGGGACTCTGCAAATGTCGTGGTGGCGATGGTGTTGCCTGTTCCAAGGGTGGTTGTGTCAGCTGTCACGGAGACAAACTGGGGATGGCCCTGGGCGCCATTCGTGCCACGGCTGAAGCCATCATTGGTGAAGTCGTCACCAGCACCCCAGCCAATGGCCACTTCAAAGTTGCCAAGGGCAGCAGCCGCAGCAAGGTCGATGGCCACGCCATCTTTCTCAATGGACCATTTCACAACAGGTGCTTGTCCGGCTACTGCCTTCTCCACACTGTGAACCACGAACACATAGTCATTGGCCGCCTGGATGGCGCTGAGAGTTGGGGTTATGCTGTGGATTGCATCCATGTTTTGCCCATGGCAGGCACCGCAGCTCGCTTGTCCAGTGTTCGCGGTATGATCACCTTGAGCCACGGTAGCGTTGAAAGGCGCATCGGTATGACAAGTGATGCAGTTTGAAATGTTTACATCGTTTCCATCACCTATAGCCGGGACGGTGATATTCCAGTTGTCCCCACTGACGTGACATGCCGCGCAGTTCTGTGGCCCATTGCCACGACCAAATGCCCAGTCGGGGAAGCGGATTTCGCCGTAAGTAGATTCAGCAATAGGGTATGGGGTATCTCCGTGAATTTTGTGGATCATGGTCATCATGTCCACGGGAGCCCAGGCCGTGTCAGTGGAGTTGGAACTGTCAAAAGTCCACTGGTTATGGCAGCTGGCGCACAGCTGCGGGTCGTGACGGCGGTCACTGTGGGCTCCAAATGCGGTGAGACCATTGCCACGGTCACCGTGACAATCAATACAGGAGAGCAGGGCAGTATCCGTGGCAGTGGGATTATCCACAAAAGCACCGCTGCCATTTACATAGGCTACTGCGGTAAAGCGCTCGCCCTGACGGCTGGTCACCCCGATACGGTAGACCGCATCGGCATCCCAGGCGCCGTGTGTATTGATGCTCGTCACAATGGGATCAGCCACTGCTCCGGTTGGGGCAGTGTGGGTCCAGTACGCGCCCTGGGTGAAATCGATGGCACTGCCTCCATGGCTGATGGTCCAGGTGAAGGAACCGTCTGCATTGGCTGACAACGCGTTTGCTCCTTCCATGCGCAGGTTGCTGGCGCGGATAACGTTTTCA
NZ_CP084704.1_gap50	1476905	1481657	4752	AGAATAACCGTAATCTCATCACGGTGATTCTCAATGCGCCCAGCTCGCAGATCCGAGATCGCGCTGCCAAACGCCTCATTGATCACTTTTCAACGATCTGACGACCGCATCTCCGGATACCAGCTGATCAGAGCCGTGCGTTCGTGTTCCACAAGCTGCTCCAGCATTTCAAAAGTGTAACCGGCGATATGGGGAGTGCACAGCACCTGTGGATGTGAACGCATCCAGTGGTTCGCACCCAGAGGTTCATCCTGGAAGACATCCGCAGCATAACCCGCAAGGATCCCCCCATTCAGTGCCCTTTGCACCGCAGATTCATCGACCACTTTTCCCCGCGCAGTATTGAGAAGGTATGATCCTGGTTGAAGGTGTGACAGTGCCTCGTCGTCGATCATATTCTGTGAAGATGTTGTCAGTGAACAGTGCAGACTGACCACTGAGCATGAAGAGAGCAGGGTTTTCAGATCGCTATAGCGCTGCACAGCATGGTCATATACCTCATCTGCTGCGACAAAAGGATCATAGTATCCCAGGCTGCGCGGCTCGAAAGATTTCAGCATGCCACTGACCCTGCGGCCGATAACGCCGTAACCAATAATGCCGATATCCTTGCCATGGAGACGTCCCGTACCTCTGATCTGGTTGCGCACCCAGTGCCCTTGTTCCATGGATTGATAGATGGAGCTGGACTTCCTCAGAAGATCCAGCATCATCATGATCGTCGACTCGCTTACGTCAATACTGCGTGGCACTGGAAGATGCTGCCAGCGAATTCCACGGTCTGCCACAGCCGCCATATCCACATGGTCATACCCGGAATTCGGTATCAGAATCCCCTCAAGGTTGGGGAAGTATGCCAGGACCTCGGCACTTATTGCATAGGAGGTATTGGGTATGATGACATGGGCGTCGCGTACCGCAGGGTGAGGTATTTCTCCCTTTTCATGATGCACGCATGTATAAGCAAATCCGGCACTTTCCAGGATTTTCTGCTCAAATGGCACCAGCTGCTGGAACTGCCGGGGTGAGATGGTCAGACGGGCAACGCGCTTTCGCATATACGAATCCTTTGCGGGAATTTTACTTGTCTTTTGTCGAGATCATGGCGATATTCTAACATACTAAAAAAGGGGGGCTGTAATGATTACCATCGATTATACGCTGACCATGAAAGAGAACGTTGCTACCGGTCTGAACTCTGAAGTGCTTGAAGCCATTGACCTGCGTTTTCGCACGCAACTCCATCGGCAGCTTGAAGCCAGACTTGCCGACAGCACCTATGCCTTTCGTGCAGGCCTTTCCATAGCGCACGATGAGCTCCCTTCCATAAAGCGATTTCTGCAGGAAAACCTTGGCGGGATGAGAAATTTCGTGGTTGTGGGCATCGGTGGTTCAAACCTCGGAAACCTCGTCCTCGACAGGGCATTTCGCGGAAATGGCAAGAGTATCTATTATCTTGACAATGTCGAGCCCGATAAGATTCACCGTCTTTTCCAGGAGATAAACCTGCAGGAGACTGTTTTTAACATTATCACCAAATCAGGGTCCACCTCTGAGACCCTTGCCAACTATATTGCCGTTCGCAATGTGCTGGAGCGCAAACGACTCCCCCTGCAAAAACATCTTATATTCACCACGGATCCGCAAAAAGGCTACCTGCAGGAAATACGGCAGCGCGATGGCATCCCTACTTTTCACATCCCCTCGCCACTGGGTGGACGATTCTCAGTTCTTTCAACCGTTGGACTTCTGAGCTCAGGATTCAAGGGTATAGACCTTGAGAGTCTGTTGCAGGGTGCCCATGCTGCTGCAAACGACTGTCTCTCTGATTCCCTGCGCACCAACAAAGGTCTGCTGCTGGCGGCACTTTATATCGCAAACTATCAGAAGGGACGCACCATCAATGTGCTCATGCCCTATTCCGACCGTTTGCACCCCTTTGGGCAGTGGTTCCGACAGCTCTGGGCCGAAAGTCTCGGGAAAATTAACCGCGATGGAAAGCCTGTTGGCCAGACTCCTGTGGATGCGCTTGGCACTGTTGACCAGCATTCCCAAGTGCAACTCTACATGGAAGGCCCCGACGACAAGATTATCACTTTTATCGAAATTCTTCGCCACCAGAATGATATTTCACTGGATGGTGAAATCGACTACTTTAATGGACAGACCATGGCAAAACTCCTGCGTGCACAGCTGCACGCAACCCAGATTGCCCTGCTGCAGAAACAGCGCTGCAGCCTGCGAATTGAGATGGATGAACTCAACGAGTGGAACATGGGTTATCTTATGTATTTATATATGTATGCGACCGTTGCCGCAGGTGAGCTGCTCGGGGTGAACCCTATAGATCAGCCTGGCGTAGAGCAAGGAAAGGAATATACTTACGCACTGCTTGACCGCCCGGAGTACCATGAACAAAGAATCCAATACGAAAAATTATGCGCATCTTTGCGCAAATATTGCGTATAATTCGTTGACAAAGGGTTTTGCGATAAGTAATATTTTTTCAGAACATCCTAACGTACCAATGACCCATATAAGGAGGGGGCATGACGAAGAAAGAATTGATCGGTAAGATGGCTGAGGCTTCTGGTATTACGAAGGTTCAGGCGGAGAAGGCTCTGAATGCATTTATCGATTCAGTGAGCTCTACACTCAAGTCCGGAGAGAAAGTAACGCTTGTTGGTTTTGGTACTTTCCAGGTTTCTGAGCGTGCAAAGCGCCAGGGCATCAATCCCCGCACAAAAACACCCATCACCATCCCTGCTCGCAAGTCGCCCAAGTTTGTTCCCGGCAAGGCTCTGAAAGAGCTGGTGGACAAGTAAGTCTCATTTCCTTTATTTTAAAAGGCAGGCATGTTACGTGTCTGCCTTTTTTTATTTCGCTCAAAAAGGATCGTTGCCCTATGTTATGGAATGAGGAATTTGAAACCCTTCCCCGGGAAGCCCTTGAGGCCCTTCAACTGAAACGACTGCAAAATACATGCGCCCGTGTCTACGCCAACGTACCCTATTACCGCGCTGCATTCGACCAGGCAGGGATAACGCCCGCTGATATCAAAAGCCTCAATGACCTGCACCGGTTGCCCTTCACGGGCAAGCAGGATCTGCGTGACAATTATCCCTATGGTATGTTCTGCACCCCCATGGAGCATGTGGTTCGCATACACGCTTCCAGCGGCACCACAGGCAAGCCTACAGTTGTAGGTTACACCAGACGTGATATTGACACCTGGTCGGAGCTCATGGCCCGTTGCTTTGCCGCCGCAGGTGTCACGCGGGGCGATATTGTCCACAACGCCTATGGATACGGCCTTTTTACCGGAGGACTTGGCGCTCATTATGGCGCCGAGAAAGTTGGGGCATCCGTTATCCCCATGTCTGGTGGCAACAGCAAAAAACAGATTATGATCATGCAGGATTTCGGCTCAACGGTGCTGACGGCTACGCCATCCTACGCTCTGCATCTGGCAGAGGTTGCTCAGGAGGAAGGAATTCCCATGGAATCTCTCAAACTCAAAGTGGGTATTTTTGGCGCGGAGCCCTGGAGCGATGCCATGCGTCATGAGCTGGAGAGTAAACTGCATCTTGATGCCATCGACATCTATGGCCTGAGTGAAATCATGGGGCCAGGCGTCTCCATTGAGTGCCGTGAGGCCAAGCATGGTATGCATATTATGGAAGATCACTTCATTCCGGAAATCATAGATCCGGACACCGGCGAGTCCCTTCCCCTTGGTGAAAAGGGCGAGCTGGTATTCACCACCATCACCAAGGAGGCCTTTCCCCTCATTCGCTATCGAACACGCGACATTACACGTCTCATCAGCGAACCCTGCCGCTGTGGGCGCACCTTCTATCGCATGGAAAAAGTATCCGGGCGCAGTGATGATATGCTGATTATCCGTGGCGTCAATGTCTTCCCTTCCCAGATTGAAGCTCTGCTCATCAATGTCAAGGGCATTGAGCCTCACTATCAGCTGATTGTCGACACACATGACCATATGGATACCCTGGAGGTTCAGGTTGAAGTCAACCAGCAGCTCTTCAGCGATGAGATCCGCCATTTACAGAACCTCAGCAAAAGTATCCAGAAGGATATCAAGGATCTGTACGGCATCTCCAGTAAAGTGTCCCTGGTTGAACCCAAAACCATTACCCGCTCCCAGGGCAAAGCAGTACGGGTAATCGATCGCAGAAAGGATAAATGACATGAAAGTGCAACAGATATCGATATTTATCGAGAATCAGGCTGGCAGGCTGGCCGAAGTAACACGCTGTCTGGCTGAAGGCAATATCAATATCAGAGCCTTGAGCCTGGCTGATACCCAGGACTTTGGCATACTCCGGCTGATTGTCAACGACGTGCAGGCCGCACGTAAACTCCTTGAAGAGAAGAGCTTCACCGTTGGCATCACGGATGTCGTTGCCATTAAGGTTCCCGATAAACCAGGGGGTATGGCGGCAATTCTGGCCATTCTCGATAACTGCAATATCAATGTGGAATACATGTATGCCTATGTGGACAGGGACTTTCAGGATAATGCCGTGATTATCTTCCGCTTCGAAAATCTGGATGACGCCATCGCGTGTCTGACAGCCCAAGGAGTGGATATTGTCAAGGGAAGCGAGCTGTACGGCATGTAACTCAGGCTTCGCGCTGTTTTCCTTGCCGCTTTGGACCTGCCAAAGTGGCTGGGAGGCGGCACAGTGCTGATTTTTCAGCTCTCAGCGTACCTGGAACTCCTGTTGG
NZ_CP084704.1_gap51	1492687	1493940	1253	GGTGGTGACCCTCCGGGAAAGCGGTGCCGCAGAACCCGCAGAAATTCTGCTGAATGCCCCCTATGTGCTCTGTAATATCGATATCATAAGCAACGCAGCCACTTCTTCCGGTTTTTACAATGTCGCCCCGGACGCCGACGGCATCATTCGCCGGACGCCACTGGTCATATATCACGATGGCGAGATCTATCCAAGCCTTGGACTTTCCACCCTGGCCCAGGCCCTGGGCACCCGACAGGTGCTGCTGAAGCTGACGGCGGGAGGCGTGGAATCCCTTGTCTTCGAAGGCACAGAAATACCGCTTGATCACCGTGGCCAGATGCTGCTGCACTATCGCGGGCCGGGGAAGACCTTCACCTATTACTCCGCTGCCGACGTTCTTGATGGCAGCGTTCCCCAGGGCGCCTTTGACGGGCGCATGGTTCTGATCGGCACTTCGGCCGCAGGCCTGAAGGATCTGCGCAGCACACCCTTTGATACCGTCTACCCGGGAGTAGAAGCCCACGCAACCGTTGCTGACACCATCCTTCAGGGCGACTTTCTGGCGCGCCCTGACTGGGTGCCAGGCCTTGAGCTGCTTCTCGTGCTGGCCCTGGGAGTTGTCTCGACCGTGGCCATTACCTGGACGCGCAGCTACTGGCTCCTTATACCACTGCTGTTGTGTCTGGCGGCAGCCTGGTTTGGCTCCACATACCTTTTCACGCACCAGGGAATCTATGTCTCCCCCATGATGCCCATGCTGACCCTGGCGGCAAACTTCAGTCTGCTGACACTCCTGAAATTCTGGAGTGAAGAGAAGAGCCGCGAACAGATCCATGGAGCGTTTCAGCACTATCTCAGCCCGGCTTTCATCAGCGAACTGCTCAAGGATCCCGATCGACTGCAGCTGGGAGGAGAGCAACGTGAGCTGACGGTGTTATTCAGTGATATCCGCAGCTTTACAACCATCTCCGAAGGCATGAGCCCTGCTGAACTCGTGACTTTCATCAACGAATATCTTACCGCCATGACCGATATTGTCATGCAGAGGGGTGGTACTCTGGACAAGTACCTGGGTGACGCCATAATGGCCTTTTTCGGCGCTCCTCTGCCCCAGGATGACCATGCGTTGCGGGGTTGCCGAGTAGCGCTGGAAATGATCCACAGGCTCGACTCTCTGAGGGATCAGTGGGTGTCGCAGGGGTATCCGCCAATGCATATTGGCGTCGGGGTGAACACCGGACAGATGGTTGTGGGCAATATGGGTTCGCAGA
NZ_CP084704.1_gap52	1544672	1545554	882	TCTTACTGGAGAGGATTGTCAGGACCGCATCGCGAAGCTGGGGGGAGCGCCGATCAAGTTCGCGGGCCAGACGGGGATTATCCATCTCAAGCTGAATGGTCACCCGCAGATAACGCTTGCCGAGGACGTCAGCCAGGTTCACGATAAACGTATCCATGGGGTACATGGTGCCGATTTCCGTCGTCTCTGTTGGCGCACCCGGAACATCAGCTCCCGCGCCAGGAGCCGCGGCAGGCGCAGGACTGCGCAACAGGAAATACGCACCTGCACCAGCCAGCAGCAGCACAAGAACGAGTATGAGTATAATAATAAGAAGCTTTTTCGATCCACCACCCTTCGCCGGCGAGTTGGACGACTCCTTCTCTTCCTTGTCTTCAATGGCCATATGTGTTCTCCTTATACGGTTCTGAGTCCATTTTTTAGCATAAATTTCCGACTGAGGTAAGTGAAATAGGGCTAGGGCGTCAACATTTCACGCAGTCGCTGCAGCTCCTGTGACTCTTCATCAAGGCCTTCAAAGTATATCTCGACCCGTCGGTTTTTGGCGCGGTTGCTTTCCGTAATATTGGGAACCACTGGACTGAACTCGCCATAGCCTGCCGCCACAAATATCCGTGGATCAAGGTTGCGGGCCTGCACAAAGTACTTCACCACATTCACAGAGCGCGCCGTGGAGAGCTCCCAGTTTGTGGGGTAACGCGATGCCGGCACCTGCACATTGTCCGTATGTCCTTCTATGCGCACTTTACGCTTTGACTGGTGGATAATGGCGGCCAGCTGATCGAGAATCGGAAACGCCGCAGGCTTGATCTCGGCGCGGCCACGATCGAAGAGAATCTCCTCGGCCAGGGTCACCTTGATTCCCTCGGTGTCCTGCTGACT
NZ_CP084704.1_gap53	1561503	1563626	2123	TGCCACCATCGCTGCCGGAAATGATGATCTTATCGGCATAGGCTTTGGCAACACCAGCGGCAATAGTCCCCACCCCGGCAGAGGAGACCAGCTTGACACTGACGCGCGCATCGGGATTGACCTGTTTCATATCGAAGATCAGCTGGGCAAGATCCTCAATGGAGTAGATATCATGGTGGGGCGGCGGCGATATCAGTGTCACACCGGGAATGGTGAAGCGCAGGGAAGCGATCAGCGGCGTCACCTTCTCGCCGGGCAGCTGCCCCCCCTCGCCGGGCTTGGCACCCTGGGCGATCTTGATCTGAATCTCCTCGGCACTGCGCAGGTAGGCCGGCGTAACGCCAAAGCGGCCCGAAGCTATCTGCTTTATCTTGCTGTTCTTGACACTTTTGTAGCGTTCAGCGGCCTCACCACCCTCGCCGCAGTTGGACTTGCCTCCGAGGATATTCATGGCCTCGGCCAGGGCCTCGTGGGCCTCGGGCGAAAGGGCGCCCAGGGACATGGCGGCGGAGTCGAAGCGACTGCAGATGGCCTTGATATCCTCCACTTCTTCAATGGGCAAAGGGGTACCCGCCGGACGCAGGGTGAAAAAGTCCCGTATCATTTTCAGTCCGCGATTCTCTATGAGATCACGGAAAGCGATATAGTCCTCGCGCTTCTGGCTGGAAGCGAACCCATGGAGCAGCTGCACGGCACGGGGCGAGTAATCGTGATACTCACCACCCGTGTGGTGCTTGTAAAAGCCACCCATGGGCAGCGGATAAATCGGCTGCATGTGCTGTCGGCGGAAAACTTCGCCGTGAACTTTTTCGATACGCTCCTCAATGTCCTGATAATCCAGTCCAGGCAGGAGAATACTGGCACCGCGGAAGCAGTTTTCCACCACCTCACGGCTGAGGCCGATCACGTCAAAGAGCGCCGAGTTACGGTAGCTGGAAACGGCGCTGATCCCCATTTTTGACATGACCTTCAGAATGCCCTTGGTGATGGCATCGAACGTATGCTTCAGGGCGATGCGAATATCGCGCTGGCTCAGTCGCGACTCGCTGGAGAGTACAGAAAGCGTGGTAGCGTACAGCAGGTAAGGATAGATGGCCATGGCGCCAAAAGCCATCATCACTGCCGCCGAATGGGAGTCAAACACCTCGCCGGTGCAGACCACCAGCGTGGCGCGGTGGCGCAGGTTCGCCTCCACCAGCTGCTGATTGACGTACCCCACCGCCATGGCCATGGGAATAAGACGATTCTGGGCATCCAGTCCACGGTCATCCAGCAGCACGATGCGCACACCATGGTCGCGCACAGCCGCGATAACCTGCTGACTGAGGTTCTCCAGGGCCTCACGCAGGCAGACCCCATGGTAGGCGGTTCCAAAGAAACCATACTTGTAGCAGGGGTCAAAGCGTGGCCGATCGGGGTCACCGAAGGAGAGCAGAGCATCGAGGATATCCCTGGAGAGAATCGGGGAAATGGTCTTCAGTCGCTTGGCCCGATCCGGGGTTTCATCCAGCACATTATAGAGCTCGCCGAAACCCGTGGTGGTGGACATGACCACCTTCTCGCGAATGGGGTCGATGGGAGGATTGGTGACCTGGGCAAACTTCTGACGGAAAAAGTCGGTGAAGTTGCGCTGAACGTCGCTGAACGCGGCAACGGGGCAGTCATCACCCATGGAACCAGTGGGTTCCTGTCCGCTGATCAGCATGGGTTTTACCAGGAGTTCCACAGTTTCGTGGGTGACATTATGGTAACGCTGCATGGCCACGAGATTTTCGTAGCGGTAGTCATCGTGATTCTCAAACTGCCGATCCATGAACTCCTGCAGATAGTAGGTGTTCTCCGTGAGCCACTTGCTGTAGGGCTGGGAGTTCATGAGGTATTCGTCAATATCATCGGAGTAGAAGATGCGCCCGTTTTTCAGGTCGGCCGCAATCATCTGACCGCTCTGCAGACGACCTCGCTCCCGGATGTTCTCGGGCGCAATATCCAGGACGCCGAATTCACTGGTGATGATAAAGCGACCATCACGGGTGACAATGTACTTGGCGGGGCGCAGACCATTGCGGTCCAGCACACAGCCAACATAGCGGCCATCGGTCACGCCAACGGCAGCCGGACCGTCC
NZ_CP084704.1_gap54	1577310	1579172	1862	CCGCTCTGTGAATCGGTGAACATCGACATGGATATCGCCCACATTGGCCGCAGCAGCTTTACGATCACCTACCGCATTCATGACGGAAGCTCCCTCTACGCTGAAGCCAAAACCACAATGGTCTGCCTCGAAAAACAGTCGGGCAAACCCGTGTCCATTCCCGAAGAGCTGCGTACACTGCTGACAGAGCACCTGACCGCACCAGCCTGAACACACGGCCCCTCAACGACACGGGAGGGGCATGTTTCGGCTGTCCTGCTTTTCCCCTCACTCCCCCTTATCAGCACCGACCCACCTGCAGAAAAAAGGGAAGCCCGCAGGCTTCCCAAAACAAGGAGGTTCTCTTCAGCTTTTCTTGTTATCCAGGTAACTCTTTAAAGTGTTATCGTCCAATCTTCCATCGAAAAAGCGCACCGCGCGCGCAGCCATCAGAGACACAAAACAGGCGATCATGCTGCCCCGCCCTAACAGGTTGCTGAGATACCTTAAACACGCAGGCAATTGAAAATCCACAGGTGCAAGGCGCCTGAAGAGCAGCCTGCTAAAGTCCCAGCATTCCCCGCTTCAGGCTGGGGTCAGCCGGAGTATGGCCTAGGTAGATCCCCAGGATGCCTTTCGCCAGTTCAGGGTTTCGCAGGGAACCCAGTACGGTTCCATTCTGCAGAGCGGTGATGGTTCCATCGCGCAGCAACCGCAATTCCACCTGATCACCCCGGACAAAATCTTGAGTGAACCAATCAAGGAACGCGACCGTGTCTGCCTGTGCGGCCATTTCGGGTGAATTGTTTCGCAGCCCTGCCTCAAAGGCTTCCACGATATTCTGTTTGCCGACCCTGCGATGGAGGAAGTCCATGCGTATGATCTTGCCAGCTGGCTCGTTTACGGCTTCCTGGAAACTGCGCACGGGAGCAGCGGTGTACAGTGAGCCAATGTAGATATCGAAAATCATGCGTTTACGCACTCCATATCCGTTCAACTTCAACTCATCATTCTCCAGGGTCACCACCGCGGGCAGACGCACTCCGGCAACCTCCACAGCACCGGCACCTGTTCCGGTCAGCAGAATCAGCAGTACGATTGACAGAACTCTCATGACTCTCTCCCTCACATGTTCTTCAGTTTCACCATACATCAGACCCCTACTCAACCCGGGTTCTCACCAGCTCCCAGCTCTTGACCTGCCAGGTGATGAATCCCGTCGCCACCAACCTGTCATCCTGGTCGTACACGCGTGTCTGCACCTGTCGCTGGACCACACCGTCTGTCTGAAGCGGTCTGAGAAATTCTTCGGCAATCTGCTGCTCCGTCAGATCGGTAACGGCCCGCAGACGACTTTTCGCCTGATAGGCATACTCCACTTCCAGACGCGCCATAATCAGGCGAAACCGGGAAGGGTCTATATGGCTCAGCAGGGTTATGCCCGAAGAAAATTCGGCGATGGTGGCAATGGCACAGGCGTGTATGCCACGGATATGGTTGAAATTACTGCGCCTATAGGGCGCTGTGGTCATAATGCCCTTCTCGTCAATACTGAGGATGCAGAAGCCGTGGGGCCGGTTAAAGGGGATCATCCTCCCAAGCACCAGGTTCAGCACCCACAACCAGAATTTCGAGTGCCGGGCGCGCCCCAGCAGTGTACGCAACAGAGCAAATCCTTTCATTACACTTTCCTCCCGGCTGCAAAGCCTTGATGTACAGCGTCTATAACCATGGCCGGTTCATGGGCGTCTCCCACCACATGGCAGGCAATGTGCTGCTGTGATGCCAGGGTCTGCAGACCGCGCACACTGCGACTGCCCACTGCCAGCACCACGGTATCCGCTGCCAGCAGCTGACTGCCCGAAGATCCACTGACGCGCACG
NZ_CP084704.1_gap55	1742899	1747818	4919	AGATGCGGCAGGTAGCGGCACTCGGTTTCATTGCGGCCGATGGCCAGGCGGGCTTCATCCAGGATAAGCTGGCGACCGATCATGCTCAGGCGCACGGTGGCCTCATCCATCTCTTCAAAGGGGCTCTCCATCAGGTGGCGAATGCGTCGCGCCATGCCTGGATCGGTAAGGAAGCATCCTCCGGCGGGACTGGCGTATTCGGTGATCCCCAGCTCCTTTGCCAGCTGCATCTGCGGCTTGCGACTGCGATTTTTGAAGGCGTAGAGTTTTTCCCGGTCCAGCAGTCCCAGGGTTTCCAGCTCCACCTCGGGCATCAGCTGCTGGCTCAGGGGGCGCACGATTTTCCCCTCCAGTCCCGCGAGCTTTTCAATGCGACGCAGGGACTTCGGCATCTGGCTCATGGGGCGCTGGCCCATCACCTCGCCGGTCACTATGGCCAGGGCACCCTCTTCCTCCATCATGCGGCGCAGGGTGCTGAAAAAGAGAACCTTGCAGTCAATGCAGGGGTTCACCTGGGAACCGTAGCCATACTGGGGATTCCTGACGATGCCGATATGGGGGATGGCCATATCCACCAGGCGCAGGGTACAGCCGATGGTGGCCTCCTTGGCGCGAATATAATCTTCGGGGCTTTCTTTCAGGTAGCTGCGTCCGAGAAAGGGTGAAGTAAACTGGATGGCAAGCACTTCGAAGCCCAGCTCCACCATGACACGGGCCGCCAGGGTTGAGTCGAGGCCACCGCTGTACGCTGCCAGTACTTTCGGTTTTTTCATGGATATACACCTTGATTCGTTAGAGTGTTGTGAGGTATTCCTGATATGGTGCGCCAGGCACGGGGAGAAAACTGCCAGCATTTCTCCTGACAACGCCCGGATACCCGGAAACGGGACGCCGGAAACATAACAAATTCGATAGACATTCGCCATATTTTTTTCCGGGGGGTTTGATGCCCATCGATCTGCACGCACACTCCACGGCTTCCGACGGCTCCGATTCGCCAGCCATGCTGGCCAGCCGCGCTGCCGAGGCCCATCTGTCGGCCCTGGCCCTCACCGACCACGACACGGTGGCGGGGGTTGAGCCCTTCATGCAGGCGTGCGCGCTCTGTGGCGTTGAGGGGATCGCCGGAGTGGAAATTTCGGCACTGCACATTCTGCGCGGCACCATACCGCTGGGCGTGCATATCCTCGGCTACTTCTTCGATGGCGTTTCCGATGGCTTTGAAGAGGCGCTCAGCTGCATGATGGAGGCCCGGGAGGAACGCAACCTGGCCATGATCACCAAACTGCAGCGTCTGGGCATTGCCATTGAGCTTGAGGACGTCAGCGCCCTGGCACAGGGCGATGTGGTGGGCAGGGTCCACATGGCCCAGGCCCTGATGGCTGCCGGTCATTGCCGATCCATCAACGAAGCCTTCAGCCGCTATCTGGGTCCGGGTGGCAAGGCCTATGTGCCCAAGGAGCGTCTCAATCCCCAGCAGGCCATCGACCTGATCCGCAGCCACCAGGGGTATGCCGTGCTGGCCCATCCGGGTACTCTGCCGCTGCGGGGACACAGCGAATATTATCCCTTCATTGAAAATCTTGTGAGCAAGGGGCTCGGCGGCGTTGAAGCCCACTATCCGTTCCATAGCCCATCCCAGCGCACCCTGTTTTGTCGGATCGCCAGAAGTCTTCAGGTTGTCGTCACCGGCGGCTCCGACTATCACGGACAAAACCGGCCAGGCATAGAGCTTGGTCGTGGCGACGGCAGTCTGCAGCTTGAGTACGCAATGCTGGAACAGATGCGTCAGTGGTACCGTGAACATCAATAAAAGTGCATATGGAAAGAATTCCCGGCGGAAGTGTTTTGAACGGTCCTGCCATGAGAAAAGACTTTTCTCGTGGTGCGCAATTGGCTATGATACGTTTTACCCCGAATACGGGAACTGAGTTCAAGGCATAGGTGATTGAATATGTGTGCGTTTCCCCAGACCAAGGCATCACTCGACTGGAGCAATCTCTCGTTCAGTTACATGGACACCGGCAGCCGCTACCGTGCCTGTTACCGCAATGGTTCCTGGGATGCCCATATGTCAGCGGACAAGAACATCACCCTGCCGGAGGGCTCACAGGCCCTCAACTACGGGCAACAGTGTTTTGAAGGGCTAAAGGCCTACACCACTGCCAGCGGTGACGTGGTGCTCTTCCGCCCGGACATGAACCTAGCCCGCATCAACCGCTCTGCCCGCCGCCTGCTGATGCAGGAGATTCCGGCTGATATTTTCATGGAGGGACTGGAGCGTGTTGTCCGTGAAAATTACGCCTTTGTGCCCCCCTATGGCCATGGAGCTTCACTGTATCTGCGCCCACTCTATCTGGGCATCGGCGACAACCTGGGGCTGAAATCGGCTTCGGAGTTTCTCTTCACGGTTTACTGCAGCCCCGTTGGCCCCTACTATAAAGATGGCTTCAAGCCCATTCACCTGATGGTTTCCGACTATGACCGCGCGGCTCCCCACGGAACCGGCAACGTCAAGGTGGGCGGTAACTATGCTGCAGGCCTGCTGGCCAGTCAGGAAGCCCGCCAGAAGGGTTTTGCCGAAGCCATATTCCTGGACGCCACCACCCGCACCTATATTGACGAAGTGGGAACTTCAAATTTTTTCGGCATTACCGCTGACAATACCCTGATCACACCGGTGTCCTCATCGATTCTGGAGAGCATCACCCGCCTCTCGCTGGTTGAGGTGGCCCAGAGTATGGGCATGAAGGTGGAACAGCGGCCAGTGGCCCTCAGCGAGCTGGAAAACTTCGTGGAGGCCGGTTGCTGCGGCACTGCTGCCGTCATCACTCCCATCAGCCACGTGACCAGTGGCGAGCGCACGTACCAGTTTGGTGATGGAGTTTCCGCCGGTCAGATGACGACCCGCCTCTATGAACGTCTGTTTGACATTCAGCTGGGCAAAGACGAAGAATTCTCCCACTGGCTGCACAAGGTCATATAACCCGGGAAGGATGTGCCCCCTTGGACGATTTCCAGTACATGAGCCGTATCTCCATTCTCTATGTGGAAGACGAAGACGAAATACGCCATACCCTGACCCGCTTTCTGCAGAAGCGGGCCAGAGAGGTTCATGTGGCATCCAATGGGCAGGAAGGGCTTGAGCTGTTCCGCAAACACCGCCCCCATGTCGTGGTGACCGACATTCAAATGCCGGTCATGGATGGTCTGGAACTGGCCAGGCACATCAAGGCCATCGACATCACCACCCCCATCATCATCACCACGGCCTACGATGATTCCAGTTTCATGATGGAGTCCATCGACCTGGGCATTGAAAAGTACATCAAAAAGCCCCTGCGCACCCAGATGCTCTTCACGGCCATCGACCGCGCTGCCCAGACCCTGCTGCAAAAACGCGAGCTGGAGCAGCAGAACCGCATTATCCAAGCCATTCTGGACAACAGTCCCGGTTTCATTGCCACCTTTGTGAATAACCAGATCACCTACATGAATAAATCGTTCCTGCAGTATCTGGGCTACACCTGCCTGCCTGACCTGATGGCGGAGCACAGCCAGCTCAGTGACTTCTTTGTGGAAAAAGATGGCGTCTTCTACGCCCAGGAAGGCCGTGAAACCTGGCTGCAACAGGTTCAGCAGAACCCGGATCAGGAGCACATTGTCTTTGTCAAAAGCCCTGAACAGCTGAAACTTGACGCCCAGGCCTACATCGTGAGGGCGAATCTCATTTCCGCTTCCGCCAACCCTGATGTAGCCCACCAGATCTGTGTAGTGACCTTTGCCAATGTAACTGAGCTGGAAATGGAGAAGCAGCGCTTCCAGGAACTGGCCATGCGCGACCCCCTCACTGATATCCTCAACCGCAAGTTCTTTGTCCAGGAGCTGGAGCGTGAAATCGCCCGTTCGGTGCGCTACAACCACACCTTCTCCCTGGTCATGTTCGACATCGACCGATTCAAGCCGGTGAACGATACCTATGGCCACCAGGTGGGTGACTATGTGCTCAAGGAAGTCGTCACCCTGGTGAGTTTCCACATGCGCCGCACCGATGTCTTTGGCCGCTACGGTGGCGAGGAGTTCATCATTCTCCTGCCGGAGACCGGCCTTGAAGGGGCCTGCGCTCTGGCAGAGAAGATTCGCGAGACCATCGACAGCCACATCTTCGACTTCATTGAACACCTGACCTGCAGCTTCGGCGTTGCGGAGTTCAACAACGAGCTGACCTCCTTCGAGCTGATCAAGCGCACCGACGATGCCCTCTACAAAGCCAAGAACAACGGCCGCAACCGCATCGAGCACTCCTGAGTCAGGTTTGGCATCTTGTCGTCCTGGGTTCAGACATTATTGCTCTGATGTTGACCACGCGGAAACCGTATTGCTTTTGCATGCTTGACTCATCGGGTATTTCTCTTTTCGTGAGACGCCGTCTGTACAGAGCCACTCCCTCATTTCAGCAGTTCATCAGAGCAGACGCCGACAACCCGCTTTTGCGGGAGTGCGAACGGTACGTCCTGAGATATCACCGGCCCTCAACTGCCGGTGACGATTTCCCCTTCCATGGACTGACCATCGTCCGCCAGGCCACTCAGTCGCACCAGCTGCTTTGAGCGGCCAGTGGGGTTCTCCCTCAAACGGACGCTGATATAGTTGTCCGTCTCACCCTTGAGGTACCCCGCTCCCTTCTCCAGAAGAACCCATCGCTGCTGGCCAAGGCAGGATCGATGAAATCGTTCCCGCAGGTGCGCAGCAACCGCCTGCAGCCGCTGCACGCGCGCGTGTTTCTCATGGTCCGGGCACTGGTCGGGCAGATCCACTGCCTGGGTGCCGGGACGCCCGCTGAAGGGAAAGATATGGAGATAGTCCAGCGGGGAGCTTTCAATGCGCTGGCAGATGCTTTCGAAGGTGGCTGGACTCTC
NZ_CP084704.1_gap56	1749022	1751769	2747	GGAAATTTCGAGGATATCCGTGTCTACCGCACCAGTGTTGATGGCGACGAGGTGCTGCGCTTTGTATTTGTCGAACGCCCCCGTGTTGGCTCTTTCAGCGTAGAGGGAAACAAACGCATTCGAACCGACCAGATTGAAGAGGCGCTCTCTGTGGAGCCCAATGCCATCTACAGCCCCGAACTGGTCGCCCGACTGCGCGAAGGGCTGAGACAGATCTATGACAGCCGGGGAATGCAGGATGTGGTCATCACCGATGAGTCCACATTCCGCGCCAGCACCCGCACCTATGACATCGTCTTCCGCGTACAGGAGGGCACCCGCGCGCGTATCACCGACTTTATCTTTGAAGGTGCTTCCTACAAGCGCAAGGATTTCTACCGCTATATGGAGAACCGGGAAGAGCGCTGGTACTCCTGGCTCACCGGGCGCGGAAACCTCTCGCGGGTCAAGGCGGAAATGGATGTTCAGCGTCTCCAGCAGTTCTACTTCGACCGAGGCTACCTGGATGTCGCCATCAGCGGCCCCGAATATCTGCTCCAGGATAACGGCAACTATATCATCCGCTACCAGATTCAAGAGGGAGATCGCTACCGCCTGCGCACAGTGCAGTTCCGCGGTGCCCGCGATCTCGTCACCCAGGAGCAGCTGCAGGAGGCCATGAGGGTCAAGGAAGGTGAATACTTCAACTCGTCCAGGGTGCACGAGAGCATCGTTGCCATCACCCGACTCTTCGCGAATCAGGGCTATGCCGATGCCAGCGTTCGCCCCATGGATGCCATGGATTCCAATAACCTGGTCGTCGACCTGACCTTCCAGATAACGCCAGGTGAACCCTATACTATCGGTTTTGTGGATATCACTGGCAACAACAAGACCCGTGACAAGGTCATCCGACGCCAGATGCAACTGCTGGAGGGCGATGAGTACAGCGCCGCTGCCGTCGATGAGCCCAGGCGCCGTCTGAACAACCTGCGTTTCTTTGAAGAGCTGCGTCTGCAGGAACGCAAGACCGATCAGCCGGGCGAAATGGATATTGTCATCGATGTACGCGAGGCCCCTACCGGCATGTTCAACCTGGGTATCGGCTACAGCACCGTGGACAGGATTGTCGGCACCACCAGTGTCAGCCAGGGGAACCTCTTCGGGCGTGGCCAGGTGCTGAACTTCAGTCTGGAAAAAAGCTCCGAGCGCACCTACTACTCCGTGAGTTTTACGGAGCCCTACCTGTTTGACCGCGACATCAACTTCTCGCTCTCCTTCTATGATCAGGTGCGGCAGTACACCTACTACGACGACCATCGTCGTGGGTTCTCCGTCACCCTCGGTCGCCCCCTCTTTGAAGAAGTGCGGGGGAACATCCGCGTCAAGCACGAGGAGATCAATATTCGCGATGTGGACAGTCAGGCTGCCGATGTCATCAAAGAGATGGAAGGCAGCGCCACCACCCGCAGCATCATGCCCTCCCTCAGCCGCAATACCCTCGACAACCGCTGGCTGCCCACGCGTGGCACCCGCTCAACCCTCTTCGTCGAATATGCCGGTGGCGATATCGGCGGAGACAATAACTTCATCAAGTACGGCCTGACTCACAGTATCTACCACCCGCTCTGGGCCAGACTCATCGGCGCGGTCAACGTGGAGATGCGTTTTGCCGAGGGGCACTCCGGCAGTACCTCGATCCCCCCCTACGAACGGCTCTACATGGGCGGCATCAACTCCATGCGCGGCTATCGCTTCCGCGAAGTGGGGCCCAAGGATGAGACAGGCGAAGCCCAGGGCGGCTACAAAAGCTTCCTGACGAACCTGGAAATGCTCTACCCCCTGAACGAAGACGGCTCCCTGCGCTTTGTGCTCTTCTACGACATCGGGAACGTCTACGACCGCGGAGAGAACTACCTGGACGACGTGCTGCGCAGTTACGGCTATGGTATCCGCTGGCTGACTCCCGTTGGCCCCCTGCGCCTGGAGTATGGCTATAAGGTCGACCCTGAGCCGGGTGAAAGCCGAAGCCGCCTTGATTTCACCATCGGAACCATGTTCTGATGTAACTATTCACATCCAACCTGCGATTTTTACGCATGAGCGCCAGCGTTCCGAGAGCGAGCCTGGATGGCGAGCGGCAGAGGCTCGAACCATGGATGAAAGTGAGCGTCTCTGGGAGGAATGCTGGCACGATTGCCAATGTACCGTGAATAATTACCTTCTGATAAGATATCCCAAGGCAGACCGCGAAGAGTCTCCTTATCTTTTCCGAATTTCTGGTGTACTATAGGCAGCAAAGGAAAACGGCCGACCAGGAGTTTCTCTATGGCAACAGAGCACCGCACCATACAGATCTTGATCGTCTTTCTGATGCTGGCCCTTATGATCCCGGCCACCGTCATGGCGCAGCAGGGGGGGGACTGCCGTTACGGCTATATCGACGTACAGCGCGCCATCGACAGCTCCCGCTCCGGCAGTCAGGCCATCGAAAAGGTCAAGCAGGAGTTTGAACAGAAGCGCAAGGTCATTGAGGAGCGTAAAGCCGAACTGGCGCGCGTCAAGGAGCGTCTGGACAGTAACCTTGGCACCATGTCCGAGTCAGAGCGCAAGCGCTCGGTGGATATGTACAACGTGGACCTGCTCAATCTGCGCAACTTCGTGGAAGATGCCAACCGGCAGCTGGAAGCCCAGGAGCGCACTCTCACCAGCCGTATTGTCAGCGAAATCAGCGCCCTGGTTCATCAGTATGGCCAGGAAAACAATTA
NZ_CP084704.1_gap57	1779342	1782487	3145	TACAGTTTACCGGGCCCTGCGCCGGGTAAACCCCTCTCCCTACACTTTCTTCCTGGATTTTGGAGACTATCGCCTCATCGGTTCATCACCGGAGATGCACCTGAAGATCAAAGACGACAAGGCGTTCCTGCGCCCCATCGCCGGAACCCGTCGCATTGCGGCCGACCCCTTGGAGAACCTGCGCCTGGAGCAGGAGCTGAAGGCGGACTCCAAGGAGATTTCCGAACACATCATGCTGGTGGATCTGGCACGCAACGATCTGGGACGCTTCTGTAAAACCGGCTCCGTGGAAGTGACCGAGCTGATGGTGGTGGAACACTACTCCCACGTCATGCATATGGTCTCCAATGTCAGCGGCACCATCGACCCAGCCCACAGCAAAGGGCTGCTCAGCATGCTGGGGGACACCTTTCCCGCCGGTACCGTTTCCGGCGCGCCCAAAATACGCGCCATGGAGATTATCGCCCAGCACGAGGAGCTGGCACGGGGGATCTACAGCGGTGTTGTAGGCTACTTTGACTACGCCGGCAACATGGATACCTGCATCGCCATACGCACCCTTGTCAACAAAGGACAGAACCAGTATTCGGTGCAGGCTGGCGCTGGTATTGTCGCCGAAAGCGATCCCCTGAAGGAACATGAAGAGTGTCAGAACAAGGCCGCTGCCCTGATGCGCGCCCTGGAAATGGCCCTGCAAATGGAGGAAGCCCATGCTGCTTATGATCGATAATTACGACTCCTTCACCTATAACATCGTGCAGATTGTGGACAAATATATACCCACAAAGGTCGTTCGCCCCGACGAAGTGACCCTGGAAGAGGTCATGGCGCTGAAACCGGCCAGAATCATCCTCTCACCCGGCCCCTCCAGCCCCGACCCCAATGGGCTGTGCGCCCAGCTGGTGCGCCATGCCAGCGTGCCCCTGCTGGGCGTATGCCTCGGCCACCAGACCATCATCGCAGCCCTGGGCGGCCAGGTGGTTCCATCGGGCAATGTTTTCCACGGCAAGAGCAGCGTCATTACCCATGACAGCAGCCACCTGTTTCGCAATATCCCGCAACATATCCGGGTTGCCCGCTACCACTCCCTGATCGGGCTGCGTCCCCTGCCCGCAGAATTGCGCATCACCGCCCAGACCGAAGATGGCACCATCATGGCCGTGGAACATGTCAGTCGGCCGCTGTATGGCATTCAGTTTCACCCTGAAAGCATTCTCTGTCAGCATGGTGAGGACATCCTCTGCAATTTCCTTGAAGTTCCCAGACAACAGGGGCGCGATCACCATATTTCCGTGGCAGTATGACTGGAGGCCAGGGGTTGGTCCATGAATAGCGATAGAACCTATTTTGCATCACCGGAGCGCTCCTCGCACCAGAATGTACTGGATCAGCAGCAGCTGCTGCTGGACTACCACAGCACGGTGCAGCTGCTTGACAGCATTGCGCAGCCTATCATGATTCTCAACGGGAATCGGCAGATTGCCCTGTGCAACCGGGCACTGATGGCAATGTTGCTGGTAAAGAATCGTGACGATATACTGGGAAAACGACCAGGCGAAGTAGTGGGGTGCGTCAATGCCTTTCTCGAGGCCGGTGGCTGCGGAACCGCCGAGGCCTGCCGCAACTGCGGAGCGGTGCTGGCCATTCTCGAGTCCCTGCAGGGCGAGGAATCCTACCGGGAGTGTCTGCTCAATGTGGAGTCCCAGGGGAAGTCCGATTCTCTGGAGCTGGGTATTAACGCCACGGCACTGCATGTCCAGAACCAGGTCTTCTCTATCCTGACCATCAGCAATCTCAGCCACGAAAAACGGCGGCAGAACCTGGAACGTATCTTCTTCCACGATATCATCAACACCGCCGGCAGCCTGCAAAGCTATGTGGAGTTGCTGGTGGATAACCTCCGCGAAAGTAATACGATCTCATCCGGTGGCCCTTTTTCCACCCGGCAGATGCTCAACTCACTGCAGCAGGCTTCGCGCCAGCTCACCGAAGAGATTCTTGAACAGCGAGATCTGCTTATGGCGGAGACCGACCAGCTGGAGGTACGCCGGGAGTACTGCGCCTCCCTGGAACTGCTCTCCGGCGTGGTGGGACAGTACCTGGGGAACCGCCTGGCAAAGGATATTGCCATCAATATCGACACCAGCTCGGAAAACATCACCTTCAACTCTTCGGGACTGCTGATTCGGCGTGTGCTGGGCAATATGCTGAAAAATGCCCTGGAGGCATCCGCGCCTGGACAGGTGGTGGATGTGGGTTGCCGTCGCAGCAGCGATGGCACTCAGATTGACTTCTGGGTACGCAACCAGACCGTCATGCCCCGCGACATCCAGCTCAAACTCTTTCAACGCTCCTTCTCCACCAAAGGGCGCGATCGCGGGCTGGGCACCTACAGCATGAAGCTGCTCACCGAACGCTACCTGGGTGGCACAGTGCGTTTTGAAGTGTGCCAGCGCGAAGGAACCACCTTTATCGCCAGCTACCCCCTCTGACGTCTGCGCTGAGCATCCTGCAGGCGCAGCAGCCGGTAGATCATCTCAAGTCGCGGCACACTCAGGCCGTGCAGCCGCGCTTTGCGCACTGGATTTCCCGCGATGACCTCCACTTCCATGGGCCGGCGATTCTCATAATCCAGCAACATGCTGGTTTTATAGGGAGTCATCACCCGCGTGTGCTCAATCTGCTCATCAACAATTGAGGGTACCAGGCGGTGCCCCTCAGCAGCGGCCACCAGACATACTTCCTCCATGACCTGGCGTACCAGCTGGCAAGACTCCTCGTCAGCCAGCAACTGAGCGGTATCCACACCTCCACCCAGCACCGACAGGGTGTTAAAAGAGGCATTCCATACCAGCTTGCGCCAGCGCGCTTCCTGAACCCTGTCGGTAACTTCACAGGTGACACCACCAAGGCGCAGCAACTCCACCAGCGCCTCAAGGTATGGGGTTTTCCCCTCAGGATAATTCCCCAGTGCCAGCTTGCCATAGTCCTGGTGGAGTATCTTTCCGGGCGAAAGGCGACTGACGCACACAAAGGCCAGCACACTGATAATCTCGTGTTCAGGATAGGCCTGCCGATAGGGAACTTCAATATCAATACCATTCTGGATGAGTACGATAACCGTCTGTTCCCCCAGGTAGGGACG
NZ_CP084704.1_gap58	1798294	1802076	3782	CTACATGGGAATAGAATTGGAGTTCAATCAGGCGCTCTTTGAACACGACCGGCCCCAGTGGGATGAACTCGCGGCCACACTGACGCGAACGCTGTCCACGGACTTTCCCGCCAGGCGCTGAACTCTGGCATTCATGCAACACGGACTTTTACCATATTCAATGAAGGACACCCACCATCATGCCTATCCGCAAGCGATCCCTTCAATTTCCAGTGCTGGCTCTCGCGCTGACACTGCTTCTCACGGCACCAGCATCCAGCTACACCTTTCTCTTTCACACCATAGACCGCGCCAAACCCCTGGAACTCACCTTCATCGCCCGCAAGGATCCGGGAGGGCTGCACAGCCTCAACACGGAGACTGGCGGTATCCTGCGCCAGCGTCACGCCCAGCGCTTCGCGGTAGTTCCAGCTGGCAGCGTTGTCGCCCGCCTGGAAAACACCAGCCTGGAATACGAGCTGGAACAGTCGCGTCTGCTGCACACCCAGCGTGAACGGGAGCTGCAGCGGGCTACCCGCCTGCGTCAGCAGGGACTGATCTCTTCCGAAGCCTTCGACGACATCGAACTCGCCTATCAGACCGAACGGCTGCGCCGCCAGTTTCTGCAGCGCCAGGTGGACAAGACCACGGTGCGCGCACAGAGTGAGTTCTATGTCACCCAGACCTTCGGCAGCATCGGCGAGTATATGGCACCCGGTACCCCACTGGTGGAGGGCTACGATACGGCAAACTTCTCCCTGAGCATCACCCTGCCGCCATTCTACGCCGAGCTCTTCCCACACATGGACTTCTTCAGGCGCAAGCGCGACGGCAGCCTGAGTGTTCTGGAGCAGGCAGGCATATCGCCAGTGCGCGAAAGTTCCGGCGCCCTGCGCATCACCTTCCCCGACACCTTTGACGAAGTGGATCTCAATGAAACCGTGCGCATTGTCGGCAGACTGCACTCCGACTATGCCACCATACCCTTTGCCGCTGTTTTCCTGGACGAAGGGCAGTACGCCGTCTACACCCACCGTGACGAGCATATCGAAAAGGTGATCCTCGATGATGTGGTCATTTTCAGCGACCGCATCAGCTTTCACAACCAGCGGCAGCTGACCAATTACCTGCGCTCGGTCACCGGTGTCACCCGCCACAGTGAGATCGAGGATATTCTCAACCACCAGCCCGACGCCATAGAAATCCAGGTGCGCTAGATGTTCGAGCTTATTCAGCGCAAGCGCCTCGGGGTGCTGTTTATTGCCTTCGCCATTGTCATTTCCGGCATCACCAGCTACATCAAGCTCCCCAAGGAATCCATACCCGACATCACCATCCCCGTGGTCAATATCGTGGTGACCCACACCGGTGTCGACGCCCTGGGCATGGAAAAAAACGTCACCCAGAAGATCGAGAACTCCGTGCGCAGCGTCTCGGGCATCAAGCGCATGACCTCCACCTCATCGGAAGGGCTCAGTTCCATCTCCATCGAATTCATGACCCATGTGAATATCCGCAACGCCCTGCAGGACGTGAAGGACAAGGTCGATCAGATCCAGTCGGAGCTGCCCGCCGATGCCGACACCCCGATCGTCTCGGAGATCAATCTCTCGGAATTCCCCATCATGTTCCTCAACCTCTCGGGGAACGACCAGGGACTTCTCGAATATCTGGCCGATATGCTTGACGACGAACTCTCCGCCATCCCCGGCGTTCTGGGTATCGACATCTACGGCAAGCGCGACCTGGAGATATTCGTTTCCCTTGATCTGGACCGCATTGAAGCCCTGGGGGTAGACCCGATCCAGGTCGGCCAGCAGATTCTGCGCGAAAGCATCACCGTCAATAACGGCAAACTCTACGTGGACGGCAACGTCTTCCATGTCAAGACCGACGGAGAGTTCAACAGCCCCGATCCCATCCTGAATCTGAAAATCCCGACCTCTGCCGGGTTCACCTACCTGCGCGACCTGGGCACCGTGGACTTTGTGGAAAAGGAGGACCGCACCCTCTCACGCCTGGATGGCAAGCCCTCGGTCAGCCTCAGCATCAAGAAGCAGGCCGGCAGCAACCTGCTGGGCATCGCCGCCCAGGTCTACGCCATCGTGGACTACTTTAACGAACACCGCCCCGACGGCGTGGAGGAAATCGCCATCACCGGCGACCAGGCCGTGGAGATCCAGATGATGCTCGAAGACCTGGAAAACAGCGTCCTGACAGCCCTGCTGGCGGTCTTTCTGGTAACCTGCTTCATCCTGGGCGGGCGCAATACGGTGATCGTCTCCCTGGTTATTCCCTTTTCCATGCTCTGCGCCTTTGCCATTCTCAGCGCCATGAATGTCACCCTGAACATGATCGTGCTTTTCAGCCTGATCCTGGCCCTGGGCATGCTGGTAGACAACGCCATTGTCGTGGTGGAAAACATCTATCGCCTCTCCACCACCATGCCCCTGAGCCACGCCGTCATTCGCGGGGTGCGCGAAGTCGCCGTGCCCATCACCACCTCGACCCTGACCACCCTGTGCGCCTTCATCCCCCTGCTCTTCTGGGACGGCGTGATCGGCGACTTCATGAAGTACCTGCCCATCACCCTGATCATTACCCTCAGCGCTTCGCTGGCAACGGCCATCATCCTGACCCCTATTATTTCGCGGATATTTCTGCATCCTCACAAGCGAGTCTTCCGCAAGCCGCCACTGCTCAAAGTGTATGAAAAATCCCTGCTGTGGTCGCTGCACCACCGCAAGACCGTCATCACAACCGCCTTCGGCCTGTTTGTGGCAACCCTCTTCCTCTATGGCACGTTCAATACCGGCATGGAACTCTTCCCCGCCGTTGAAACCCGTAACGCCGTCATAAAACTCGACATGTCCAAGAACACCGACCGCGACACCACCGACCAAGCCGTGCGGACCATTGAAGGCATAGTGGAAGGTTTCGCCGATGTGGAATCCTACGTCTCCACGGTGTTCCAAGGCAGGGCTCAGATAAACATTCAGTTTTATGAGCAGGAGCTGCGCACCCAGAGCAGCTTCAAGACCATCGACGATATCCGTGACGCGCTGCCCGCCTTTGCCATGGGCACCACCGAGGTACTGGCCCGGCAGGACTCCCCCACCTCCGCCTACGACCTCACCATTGAGATAACCGGCGATGACTACGGCCCCATGGAGCAGGTGTTTGAGCAGCTTGTCAGCCGTATGGAGCGCGATGAACGCATTGTGGAAATCCAGGATAACTACGACAAGGAGAACTTCTACCTGCGCGTGCTCCCCGACCGTGACATGCTCTACCACCACGGCCTGACCACCCGCGATGTGTCCAGTGCCATCGACCTCTTTTTCAAGCGCCAGAAGGTCATCACCATCTATGATGACCGCAACGAGGAGTTTGATATCGTCCTGGGAGTGCAACCGGAGTACTCCTCCATTCCCCGCATGCTCGCGCACACTATACCCAATCCCCAGGGACAGCAGGTCGCCCTGGGGGAACTGATTGCCATTGAGTACAGCAACATGCTCTATCAGGTGAACCGCAAGAACAACCAGCGGGCCATCACCATAGAGTCACAGGTACGCGACGGCATCAACGCCTTCACGGTTCAGCAGGATCTCGACGCCTTTATCAGAACGCTGGAGCTGCCTGCCGGTGTTTACGTGAACTTCGCCGGCCAGGCCGAAGACCAGCAGGAAACCATGGAATTTCTCGTCTGGGCCTTCTTCACAGCGCTGTTTCTGATCTTCACTGTGCTGATCTTCCAGTTCCACTCCTTCATGATCCCCCTTATCATCGGCATGACCGTG
NZ_CP084704.1_gap59	1804845	1806863	2018	AGGATAGTGGCCTCTGGATCTCCCGCGACCGGCGACGTGTCAATGGACACCTCACCACCCACCGCATAGCGCTGTCCATCGGAGCCAACCACAAAGTCATAGCTGATGCCACTGGTAACATAGGGGCCACCCACGGCCGCGTGAGCCTGCTCGTGGGCCCGGACTTCCTGGTCCCGCTTTCTGAGCTCCTGAACCTGGCGCTCTTCACGGGTATCCAGCTCGTCCGGCTGCTGTTGTCTGCGGCTCTGCGCCTCAACCTGGCCATGGCCTTTGTGAAGCTCTGAGCCCTGGGAACGAGAGAAGGAGGAAGACACCATCCACGGGTCTGTACCGATGCTGGATATTTCCATAATCGCCTCCTCCTGGCAACAGGCACCACAGCCGTCCCCTTTTCCCTTCGGCAGGGTGCCGGGCAAACTTGAGAGGCTCGCCTGACCCCCTGACACACCCGTGGAAACTTCCAACACTTTTCCCTTTTCTTTCCCGTCCGGGAAGGCCAATATGGCAGAAAAATCAGCACCTTTTCCCAGGAGGACACCATGAATCCCGTTGCACTGGTTACCGGGGCCGCCCAGTCCATCGGCCGGGTCATTGTCGAACACCTCTGCCGTGAAGGCTGGCACGTGGCAGCTCTGGACGCAGATTCTCCGGCCATAGAGTCGGCCCGCCACACATGGTCAGCGGGCAATGACAGCATCCACTGGATCTGCGCTGATGTCTCCAGAGAGGCGGAAGTGTCGCAGGCTATTGAGGAGGTGCGTGAACGCTGGCAGCGCCTTGATGGCGTCGTCAATAATGCTGCCATCAGCAGCGCGCACTCCGGGCCACCGGAGACACTGTCCCTGGAACAGTGGCGACGTGTGCTTGAGGTCAACCTCACGGGAACCTTTCTGGTCAGCCGATGTGCGCTGCCCCTGTTGCGAAGTTCCAGGGGAGCCGTAGTCAACATTGCCTCTACACGGGCCCTGCAGTCAGAACCCTTCAGCGAAGCCTATGCCGCCAGTAAAGGCGGTGTCCTGAGCCTTACCCACGCGCTGGCGGCTTCAACGGCAGGAGAAGTTCGCGTCAACGCCATCAGCCCCGGCTGGATAGATACCGGCCCCTGGCTCCCGGCGGAGCGCCGGCAGCCCCTGTGGGAAAACCCGTCCGACCACCAGTGGCACTGGTCGGGGAGAATCGGCTTGCCACAGGATATCGCATCCATGACAGCCTATCTCCTGTCATCCGCAGCCCAGTTCATTACTGGACAGAACTTCACCATAGACGGCGGCGTTTCGCGCAGGATGACCTATCCTCCGAGCCCCTGAAGCACAAACGTGCTTTCTCCATGAGACACGCAGTCACGATTTCCAGAGAAGCACGGATAAAACGGCTGCAGTGGACTTCACCCAGGAGAACCCTTCCGGACTTTCATTCGCTGCTGACAGCCATCAGGGTGAAAGCAGTTTCACGCTCTCACTGTTTTGGCAGGAAAATATGCGCTTCAGGATATTGCGCCACAGGGAGGATGAGGCTACAGTGACCTGCGAAGGCAGAGTCACCATCTGACCTTCCGGTACGAGATCAGCCAAGGAGGCACCATGAAACCTTCACGAGCATACCCCATCGCCATGGTGGTTTTCTTCACTCTTTTTCTGAGCGCCTGCGGAACCAAACTTCCGCTCGGCATGGATGAGGCCGAATGGAATACCCTGTCATCACAGCAGCGCCTGGACGCGCGGGCAAAACAGGCAGAACTTGACCAGGCCAGGGAGCAGCGGCGCACGGCGGAAGCCCTGCAGCAGGCAGCACAAACCCGGCTGCGGGAACTGGAAGCTGCCCGTCAGCTGGCCGAACTCGAAAAATTCCGCTGCGAAGCCCGCTACGGAGATCGGGTACAGTGTGTCCTCCATGAGGCGCAGATATACCGTTCCCGCCAATGGCAGTCGGTACAGCCCATTGCCCTTGACGTCGTGCGCGGCACTGAGGTTGAAGCAGCGGTCCACCAGCAATCCGAACGCTCCCTTCGCACCATCGAC
NZ_CP084704.1_gap60	1810339	1811011	672	GGCGTGCTTGTACGCCTTTTCAAATTCAGTAATCTTCATTATCAGCTTGTTAATGGTATCTCGTTTTGACATGGTACTTCTCCCTGTAAATAGTGCTCACTTCATCCTCGGGGAAAATCCTCCCCATGACTGCCATGCAGCCTGATCATAAGAGAAGTTACCATGCCAATGTCACCCGAAAGTCACAGGAGGAGAATTAATTGTGAATCTTCGCGCTTTGACATTTCAGGGTTCAGTTGCTGTGTTTTCCAGCAGCAACTCCATTTCGTTCAGGTGTCGCACCAGTATGGAGTAGTAGTTGCGAATGCGCTCCACATAGATTACGGGCTCGCTGCCCCTGGCGCGACCAAAGGAGAGGTTTTCGTAGTACTGGGGATGAGAGAGTTTCGGCAGCACGTCCCTGAGCCCGGCCCAGGTGTCAGGATCGTACCCCAGCTCACCGGCCAGGGTTCGGGCATCATAGACATGCCCCATGCCAACATTATACGCCGCCATGGCTATCCAGGTTCGGTCAGGTTCACGGATACTTTCGGGCAGGCGGCTGCGCAGGCTGGCCACATAACGGGCACCGCCGTCAATGCTCTGGGCCGCATTCAGACGGCTGGATATTCCCAGGTCGCTGGCCGTACGCAGGGTCAGCATCATTATTCCCCGCACCCCGGTGGGGCTGCG
NZ_CP084704.1_gap61	1815337	1817525	2188	CTCCAGATCGATTTCCGGCGTAATCTGGCACTCAAAGTACTGCAGCTCCACCATGCCCATATAGCTGAACTCAATGACTTTGGGAATGCCACTGGTAAAAACATCCTCGATGGAAAGACGCAGCAGCTTCTCGATATCATCGGCGAAGCTGATCTGCTGCAGGGTCTTTCCGCTGAAATCCTCTCTGGCAAAACCCGTTGTCATTTCAAAGGCGATATTGGCAAAGAGAATGCGCCCGTCGCGGTCAAAGCGGATAACCAGGTCCTGGGTGTTTTCCACCAGCGCGCGGAACTGCTTTTCCTGCAGAGCCAGCAGGTGGCGGGACTGCTCCTGAGTGGTGACATCGCGAACCACCGCCAGATAGCCGCAGCTGCCACTGGCACTGCCGCGCATCTGGCTTACCAGCGCCAGGTAGTGGCGTTTCTGACCATGGAGGTCAAGGCTGTAGGAAAACTGACTGGGAAGGCCGGTGGCATTGACCTCATCCAGGGCCTGCTCCAGCTTGCAGGATACTGCCGCTGGGAGAACCGACTGAAAGTGTTTCCCCAGGAACTTTTTCGGCGAGCTGAGCAACGACTCGGGATCGGGAGCATGAAAGCTGCGGATGCGTCCATCCTGGTCAAAGACAAAGAGAATATCCTGCATGGATGCCACCAGCGAGGAGAGTTCCGCCTCCCGCTCCTGCAGGTTGCTCTCCGCCCGCTTCCGCAGCTTGCGAAAGTGCATCAGCAAGTTAATGATGACAAACTGGCCGACGACCAGAACGCCAAGGACGATGATAAACAGCGTCGCCTGGTGCTGCTGACGATCCAGGGTCCGGGTGTGTTCCGTGATATCGTTGATCACGCCGGTGAGCACGTTGGTAAAGGGATCATAACTGGCAAAGATGCGCACGAAAGCGCTTTTGCCATCAGCCCGGGTAATTTGCAGCGTCTGTTCACTGCGCATACCAAATTCCAGCAGGTTCTGGTGAAAGTGGTCCAGGGTGATGCGATCCTCGGGCACCACCATGGCGTGAAGTTCGTCATAGGAGATCTGCTGGTCCCCAATGCCCAGTATGGCCGCCGCCCCCTCGGTGAGGAAAATCCGCATGGAGTTTCGATCCAGTGTCCAGTGCCCGAATCCCGCAATCTGCTCGGCAAAGCGATCCTGGGTGTAGACTCGATCCAGCAGGTAGATCAGGTCACTGCCAGCGGAGAGATCCCTGACCGTCGAAAGCCGAACCTTTCGGCCCTGTCGCTCAAACAGCCAGGTAAAAACCTCCACCTGCCGAATTTCCCCCGAAGCCAGGCGGTGCTGAAAGTGCGCATACTGCGTAGGCGCCTCACGATGCAGCTGCAGTGCCCGCTGCGCCGAGGCATCGGGCAGAATATTGATCTGTCCCATGTGCATCCGGCGCAGGGTATCAATATCATAACCGTAGAAGTCCACAGCCGCCTGATTGGCATCCAGAATAGTGCGCGTCTGTTCATCAATCAGCAGCATGACCGAACCATGCTTGAGGAAAGCACCATAGGTGAAGAGCTCTTCGCCTGAGGCCACAGACAACGACATGCAGAGCACGATACAGATCACAGGTATACGCATGTTCCTCTCACCACTTTCATTTTCAGTGAGCCCGAACCTGTGTTGTACCTGTTCCGAGAAAGTCTCTGCAATATCTTTTTATCAACTTATTCCATGGCAAATTACCCATTCTTTACCCATGCTTCCAGTAGGAATGCAGAATATATTCAGCGTACCGTTTTCCAGGCCATTCAGGCATGCAGCCATTTTTTTATTTTCCCCGTGCCATTCCCCGCCTGGTGTGCGAGAATTTCCGGAACTCCTCACGATGGCAACAGCTTGCTGAAATACTTAAAAATACGCAGGCAATTGAAAAATGCTCAGGTGCAAGGCGCTCGCGGAGCGTGGAATGAAGCGTACTTCCCGTACGTTGCAATGACGCGCGACGGCGGGCAACACCGCAGATGAGGGTTTTTCAGCAGCCTGCTGAACCTTTTCCCGCCATTCCGGGAGCACACCAAGTGGCCGGGGAAGTTCATGGATACGCTTACGAATGGCATCACACCTCCAACACTCAAGAGTACCGGAAAGCACCATGCGGAAACTGAGCCAAGCCATCTGCCTCAAGCCAGCCGAGGCCCTTATCGGTGAACATCCTCAGACCATCTACACCATCCTTGGC
NZ_CP084704.1_gap62	1892579	1895655	3076	GCGGCCGTAGTGGACGTCTATGACGCCATTACTTCAGATCGCTGCTACCACAAAGGGGAGGCTCCTACGGCGGTGCTGCGCAAACTGCTGGAGTGGAGCAAGTTTCACTTCAACCCCACGGTGGTGCAGCAGTTCATCAAGTGCGTGGGGATCTACCCGCCGGGAACTCTGGTGAAGCTCAAGAACAAGCAGCTGGCCATTGTCCTGGACTCGGGGCCATCCAAAACACTGCAGCCGACCATCCGGGTTATCTTTGATACGGCTCAGCTCAAGTATGTCCGGCCCTTTACCGTGGATCTGCAATCTGATGAAGGCAAGTTCTACGGCGTGACGGGCTTTGAAGATCCTGCTGCCTGGAAAATTCGAGTGGAAGATTTTATTCCGCGCCAGTAGCGGTCATATTGCCACGGAGACGAAAAACGCTTGCCTGACAGCCCCCTCCATGATACTTCCATGGACAATACTGTTCGCGGGGGAATTATGGTTACACTTCTGCCCAGCTGCGCGCTGCATGGAATCGAAGCCCAGGCGGTTGAGATTCAGGTCTCATCATCCCAGGGCATGCTCCCTTCCATCGTCATCACCGGCCTGCCCGACACCAGTGTCAAGGAGAGCAAGGATCGCATTGATGCGGCCATCCGCAGTATCGGTGAACGTATTCCGCCCCGTCGAATCACCATCAACCTCTCTCCCGCCGACAGGAAAAAAAGCGGAACCCACTTTGACTTTGCCATCGCCGTTGCACTGCTTATGCAGACGGGCAAGATTCCCAAACAGCAGGATAACGTGAAAACCACGTTTCTCGGCGAACTGGGCCTTGATGGCAGCCTGCTGCTTGGCAGACAGGTAAACGGGCTGCTCATAGCCTGTCAGGAACTGGGAATTGAGCGGGTCTTTCTCCCCCGCAGCGCCAGCGAACACATCCACTTTGTACCGCAGATAGAGGTGCTGCTCGTGGACACGCTCTTTCACGCCCTTGAAGTACTCCGCGGCCAGGTTGCGCCTGAAGCCCTGGCCGTAGAGGAGTGTCAGGACTCCCTGCATGCTCCGGCAGATACCCGACTCGATTTCTGCCATATCCAGGGTCAGCACCTTGCCGTGCAGAGCGCGCTGATTGCGGCTGCCGGTCATCATAACCTGCTGCTGTGCGGTCCTCCCGGCATTGGCAAGAGCATGATTGCCGAAGCCCTTCCGGGTATCCTGCCGCCACTGACCTATGGGGAGTACCTTGAAGTACTCAAGGTTTATTCTGTAAGCGGCGAACACTACGCCAGCAGTCGTCCGCCCTACCGCAGCCCCCATGCGTCAACCAGTGAAGTGGCACTCATTGGCGGTGGAACCCACGCCACGCCCGGTGAAATATCCCTTGCCCACCGCGGCGTGCTGCTGCTGGATGAAATGCCGGAGTTTCGCCGCAAGAGCCTTGAGGCTCTGCGTCAGCCACTGGAAAGCGGAACCGTCCAGATTTCCCGCGCTGCCCAGAAACAGTCGTATCCAGCGGGATTTCTGCTGATAGGAACCATGAACCTGTGCCCCTGTGGCAAAAGCGGTCACGATGATGACAGCTGCACCTGTTCAGAGTATGACAAGGAGCGCTACCTGGCCAAACTCAGCGCTCCGGTGCTTGATCGCATTGACCTGCACGTTACGATGCAGCGCGAGCATGGAGCCAGGGCACACGCATCCACTGCCATCATGGCTGAACATGTGTTACTATGCCGGCAAAGACAGATGCACAGGCAACAGTGCCTGAATGGCAGACTTCAGGGAGAAGCCCTCTCGGAACACTGCCAGCTGCGCGGAGAACTCGCGCAGACGCTGCAGACCGCGGCACGCACCTATGACCTTTCCCTGCGAGGACAGGATCGGGTGCTGAGAGTGGCGCGAACCATAGCTGACCTGAGCGGCGCTCCCCATATCGACCGCTCTGCACTGTTGCAGGCTCTGCATTATCGACCCAAGGTGAAAATATGAACTCTGCTTATCCGATTCCCGGCGTCGCCGCAGTAATTTTCAACGAACGCAATGAAGTCTGCCTGGTGCAGCGCAATCAGCCTCCTTCAGCTGGGACCTGGACATTTCCCGGTGGAAAACTGGAGCTGGGTGAAGGCATTATTGAGGGACTGCAACGGGAAATACGCGAGGAGTGCAACCTGGAAATTCAGGTGCTCTCGCCTCACCAGCCCCTGTGTGTCGTTGAACGCATGGATCTGGAATGTCCGGAATTCCCCCACCATTACATTATCCTGGACTATCTGTGCGTCTATGCCGGTGGCAAACTGAAGGCTTCCAGTGACGTGTGTGATGCGCGTTGGGTTCCCTATGAGCAGATCCGCTCTTTCACATCCAACACCAAAACCCTGGACGTGGCCCAGATGGCCTGGAGGAAACTGCAGCGCCTCTAACAGCTTTGCCATAAACGGGAACAGCGAACACAAAAAAAGGCACCCTCAGTGAGGGTGCCTTGAAGTATTGCAGGAAATGAGCTCTTATTTTTGAGCGTCGGCGGCCCACTTCTCCAGCATGGCAGTGGTAACAGACTTGGGGCGCTCGATGGGGTAACCGAGGGCGCGGTCCCAGGTGATGTTGGCAAGCACGCCGATGGCGCGGCCGATACCGAAGAGCACGGTGTAGAAGTCATACTCGGTAACACCGTAGTACCACTGAATAACACCGGACTGGGCGTCAACGTTGGGCCAGGGGTTCTTGGCTTTGCCCTGCTTGGTGAGTACGCCAGGCGCTACTTTGTAGATCATGCTGACCAGCTTGAACAGGGGGTAGTCCTTCAGGCCTTCGGTGTTCAGACAGAACTCGCGCTGAGAAGTGTAGCGGGGATCCGTTTTGCGCAGTACGGCGTGTCCATATCCGGGGATAACCTGACCGCTGTTGAGGGTGTCCCACAGAGCTTTTTCGATGAGCTCTTCGGTGGGCTCGGCTCCACCCAGCTTCTCCATGAAGCCCTGGGTCCAGCGCAGTACTTCCTCGTTGGCCAGGCCGTGGAGGGGGCCAGCCAGGCCGTTGATACCGGCAGACAGTGAGTAGTAGGCGTCGGAGAGAGCGGAGGCAACCAGGTGGG
NZ_CP084704.1_gap63	1897274	1897810	536	GGCATCGGCGGCTACTACGGCAGCGCCCTGGAACTCGGCGACCTGGCCCTGATCACGCGAGAGCTGCTCATTGATGAAGGAGTCGCCACTGCTGGAGGCTTTCTTTCCATGGAGACCCTCGGCTTTCAGCGATGTACCATACACTCGCCGGCGGCAGTGCCACCGGTGTTTGACCAACTTCCCTTTGCGCAGCGCCATATCCCCGGCGCCACCGTCAGTACCGTCAGCGGCACCCAGAAAATGGCCGATGAGCGCTATGGAGCTTTTCTGCCCGCAGGCATATGTGAAAACATGGAGGGAGCCGCCGTTGCCTGGGCCTGCCAGCGGGCCGAAGTGCCATGGATTGGTATCCGCGCTCTCAGCAATTTTGTTGAAGAGCGCGATCTGGAGCGCTGGAACATCCCCCTGGCCCTGGCCAGCCTGAGCGCCTACCTTGAACTGTTTCTGCAGGAGTATTCACCCCAATGACCCCGCTGCGACTGGGCATCAGCCCCTGCCCCAATGACACCTATATCTTCTTCGCCCTCCTGCGGCAC
NZ_CP084704.1_gap64	1907222	1910147	2925	ATTCCCGTAGCTGAGCGCAGCGATCTGATTCTGGAGATTGGTGCCTGGGTGCTGAAGTCAGCCTGTCGCCAGCTGAAAAAGTGGCATGACGAGGGTCACGGGCACCTGAGCGTAGCCATCAATCTTTCAGGCAAACAGTTTCACGACGAGCAGCTCCCTGCCATGATCGGGGATATTCTCCGCGAAACCGCTCTACCGCCGCAATCCCTGAACCTGGAAATTACCGAGAACATCCTCATAGATAACGTGGAGAATGCCATCCGCATCATGGAGCAGATTTCCGCCATGGGGGTGCACCTGTCCATTGACGACTTCGGTCGTGGCTACTCCTCGCTTACCTATCTCAAGCGCTTTCCCATCAACGTACTCAAGGTGGATCAGTCATTTGTGCGGGATCTGCCCCATGGACACAAGGACGTTGCCATCGCCATGTCGATCATCTCCCTGGGCAGTCGCCTGAATTTGAAAGTGGTGGCGGAAGGGGTGGAGACGCCGGAGCAGCTTGCATTCATGCAGCAGCATAAGTGCACGGAAATGCAGGGATTTCTCTTCAGTAAAGCCATAGACGCCGAGGAGCTGGGGGCAATGCTGCGCAGTGGCAAACACCTCTCCTGCGCCTATCGTCCCTGAAGCACCACGCTGACCCGATCTCGCAGACGGGGCAGCAATTGCGCTTCAAACCAGGGATTCTGGCGGAGCCAGCGATGGTTGCGCGGGCTGGGGTGGGGCAGGGCAATCAGGTGCGGCCACCGCTCCTGCCAGTTTACCACGGCTGCTGTCACGGAATCCGGCCGGGGCAACATGTGATACTCCTGGGCATACTTGCCGATGACCAGGGTAAGTTGAATATGAGGCAGCAAAGACAGCAGAGCCGCGCGCCAGGTGGCAGCGCACTGTGGCCGCGGTGGCAGATCGCCGTGGGGACCGGTGCCGGGATAACAGAAGCCCATAGGCACAATGGCTATGCGACATTCATCGTAAAAAATCTCACGCGCTACCCCCATCCACTGACGTAAGCGATCCCCGCTGGCATCATCAAAGGGGATTCCGGAAGCATGGACCCGGCGACCCGGTGCCTGTCCCGCGATCAGAATGGACGCATCACGGTGGACCTGCACCACCGGGCGGGCACCAAGGGGCAGATAGGGTTCGCAAAGGGTGCAGCGGCGAATATCCACCAGAAGTGCTTCAAGATTCACGTTTTCCACAGAATCTCCCTACGCCTGTCCAGCAGATGCGCTCACCTTCCTCATTGCGCTGACGTTCAAAATTTTCAGCATCACTGCTGTTGGAAAAAAAAGTCACGCGGGGTTCCACCGATGCGTAGAAAAGCGGCTCAGGTATCTTTGACAGCATCTGCCAGACCCCGCCGAGCTCAAAACCCAAGGGATCTCGCCCCCCAAAGGGCTCGTGCTCGTAAATCATGTTCAGCTGCAGCCCGATAAGCATTCCCGGGCCAGTGCTTTCACGGGTTTGCGCTGTGGAAGGCTGTGTCAGTGCGGAAAACATCAGTACCACAAAGACCAGTCGCATGACGCGCCTGATCACAATTGATTTTTGCCAAAACACCATCATCTCCAGAGCCTGTTTGGTGGATTTACAAGAAAAGTTGCATAGAAAGCCACCGTACGCCAATCATGCAACAACAGCCGTGCCACAGCGCGAACATTCCGTGGGCTGGCACCTCCATGCTTCTGCGCGGCACCGATTCTGGAAAAGAATAAAAGCCGAAACAATGAAAAGCAAAACTTAAATTTGACACTTTTCGTCAGACTGCACGCTGATGGGGCTCAATGACACAATCAGGTGAGAACCATAACTGACTACGCTGGTCCCGATCTTCCCGGCCACCCAGGAAACATTCAGGGCTAAGGAATCAGGATTCTCTGCACAGGACGTTTGCCGGGGAGGATTGGGGCTCCAGGCACCTGAGGATATCCTGGGGCGAGCGGTGACACGCACGGCACACATCCAGCACCTCCAGAAAGTCAAGATTCCGATCGCCATTTTCGTATTTGGCCACAAAGCTCTGGGGCTTGCCCAGCCGCACAGCTAATTGTGCCTGGGTAAGCTCGGCATCCAGGCGCATCTGTTTCAGGGCCTGTCGAAGAACATGATACTGGGGGTTCCACGTATTTCTTTTCATCAGAAAATTATAGGGGGTATTGAGGCATATCCCATTTTAGGATATATTGTATTTTACAAAACGAAAATTTGGTGAAATACCATGCGCCATACCGCATCAGATCAGAGAGAAAAATAGACCACTCCAGAGTGTTACAGAATTTTAACCAGACAAAAGAAAGCATTTTCCTGCAGCATTCTGTCTGAAAATGAGAAAAGAATTGGCCCATGATATCAGGGGAAACAAACAACAGTCGATTGCGCAAGTATCTGCCAGAGCATGCATGGCAAGCTCTGGGCCGTTTCTTCAGCAAAGGAAAGCAGCGTATCCGAGAGCGCAACCACGCCCTTGCGGGCCTCCTGGAAGCCCTCCCCGAGGCGTCCTTTGCCTACATTGCCCAAAACTGCCATAAGCCGGGAAATCTTGTGGCCATCAACGGTCCGGCCTGTGAACTTTTCGCCAGTTCACAGGAGCAGCTTCTGTCCCTCAGTCCTCTTGACTTGTGCCATCCGCACTACTCGGCGCGTTTCCATGTAGATATCACTGAGTGCCCATGCGCCACACGCGATTTCGAAGCCGAATTGCGACGTGCCGACGGCAACAGCTTCCGGGGAGCTGTTCGCATACGACGCATCCGCATGGATGGACAATCCATCGCGATTGCCATAGTGAAAACCCTCCATGACAGCGTTCCGTGGGAACAGCAGCAAGGAGTTCTCCAGCAAAGCAAAATGGCACAGATCGGCAGCATGATGGGCGCTGTTGCCCATCAGTGGAAACAGCCCCTGAATAATCTGGCG
NZ_CP084704.1_gap65	1929519	1932030	2511	TTCCTGGCGCGGACAGGTGGTGTTCAACACATACAACAAAAAAAGCCCGACCAGTAAAGGCCGGGCTCTGGGACTGCAGGTGTATCTTATGCGTTATCAACGCGCTCGCGCAGTTCTTTTCCAGGTTTAAAGTAGGGAACTCTTTTGGAGGGAACGCTGACTTTGTCACCAGTCTTGGGGTTTCTTCCTTCACGTGGTCCGCGCTCACGGGTCTTGAAACTTCCAAAACCGCGCAGCTCAACCTTATCGCCCTCCTCAAGGGCGTCAATAATACACTCGAAAAGACCGTTGACGACCGCCTCTGCCTGCTTCTTATTGACCGAGTCAGTTTTTTCACAAATACGTTCTACAAGATCAGCCTTAGTCATCATTCCTCCTTAAATATATACTCGACAGGCTAAATACTGAAATGGCAACGCATTAACTTATTCATCGCTTGCCAGAACACAGGATAGTTACCATACTCCCCATACCATGTCAAGGCTTACAAATTCTTTTCCTAAAAGGAATTGCTGCACAAACGGTTCTAGAAAACCATACGTCAAAGTGACGCACCTCAACGCCGCCTCCAAACAAGCATGTCATTATGACGCAGCTCTCGTTTTGTTATATTTTCGCAGCAGCACGCCAATTTGACACTTATGGCCCGCATAATTTCCTCCTGAAGTTCAGCAAACGCTGCACAGACGGCAAAACAGGAAACTGGCACATAATATGCAAGCAGAATTACGCACCTGGAGAGTTTCCTCTCCTCCTTTCCTCTCCGGGTATGGGATGTTCGTGGAAAAATATTTACGGAAGAAGAGCCTGCACCATGCAGGCTCTTTTTTCGTTTCAGGGTGCTTTACACCTCGTCCATGATAGTTATAATGCAGGGAAAAAGACTTTTTTTCTTCTGGAGGTACCTGAAATGAACATATACCGTCTGCTCACTGGTATTCTGCTCAGCACGCTGGCGATCCTGCTCCTCTTTGCCCCCGTGGGCGCCCAGCAGTTTCCTGACCTCACCCAACTGGTAAAAAAGGTTGAACCCTCTGTGGTGAACGTCTCCACCAGCAAGCAAGTGGAAGTTGGCCAACGCGAGCTGCCATTGCCTGAGGAATTCTTCAACCGTTTCTTTGGCGATGAGTTTCGCCGCTTCTTCGGCGACCCGGGGCACCCGAATGGCCAGCAGCGTCGTTCCAGCAGTCTGGGCTCTGGCTTTATCGTGTCCAGTGATGGTTACATTGTAACCAACAACCATGTGGTGGAAGGTGCCGACGAAATCACGATTATCCTCAGCGATGAGCGGGAGTTCAAAGCGGAGGTGGTGGGAACCGACGCCACCTACGACTTGGCCCTGCTCAAGATCAACGCCAGCAATCTTCCCGCCTTGCCCCTGGGGAATTCCGACACCATCGAAGTGGGACAGTGGGTCTTTGCGGTGGGGAATCCCTTCGGCCTCAGCGGAACGGTCACTGTCGGTGTCATCAGCGCCAAGGATCGCTACATCGGCCAGTCCGTCTTTGACAGCTTCCTGCAGACCGATGCCTCCATTAACCCCGGCAACAGCGGCGGCCCGCTGCTGAACCTCAAGGGCGAGGTCATCGGCATCAATACTGCCATTGTCTCCAGTGGCCAGGGCCTTGGCTTTGCCATCCCCATCAATACCCTCAAGTCATCCTATGAACAACTCAAGGAGAAGGGTCGCGTGTCGCGAGGTTGGCTCGGAGTATCCCTGCAGCGCCTGACCCCTGAGCTGGCACGCTCCATGGGTGCGGGAGCCGAGACCACCGGAGTGCTTGTCACTTCCGTTGAGCCGGATCAGCCCGCCCAGCGTGGGGGGCTGCGCGAAGGTGACATTATCACATCCTTTGACAGTCAACGAATTGAGCGCTATCAGGACATCTTCCGCTTCGTGGCGCGCGCAACTCCCGGCAGTACAGTCCCCATTGAAATCCTTCGTGAAGGCCGCCGGCAGACACTGCGCGTTACCCTTGGAGAAAGGCCCGACGAGCGCAGGGCGCAGGTGCGACCACGGCAGGCGGAACCTGCCCCATCTGCCGCCTCCTGGCAGTTCCAGGGAATTCACTTTGAGATGCGTGACAACCGCGTCGTGGTACAGCAGGTGGAAGCGGGCTCCAAAGCCTATGAGGCGGGAGTTCGCCGTGATATGATTATCCTGCGCGCCAACAATGTGGTGGTGAGCGACCTGGCGACACTGGAAAAGGCTATCAAGGAGCGCTCCCACAACGGCTTCGTGAATCTGCTGGTTCAGCACCAGGGCGCGAACCGCTTTATTCCATTTCAGATTCAGCAATAATACTGCATTCAGCGAGTGAAAGGATATTCTATGCGCTTCATGGTTACCGGCGGCGCCGGCTTTATTGGTTCCAACCTGGCTTTTGCCCTGAAACAGCAGGGCCACGATGTGGTCGTGGTGGACGACTTCTCCAGCGGCCACTACAAAAACCTGATCGGTTTCACTGGTGAAGTGGTCACCATGGACATGGCGCGCATTGAGGAGCTGGC
NZ_CP084704.1_gap66	1950687	1952616	1929	CAGCGCATCAAACACATCAGCCCTGAAACTCCCATCATCATGGCCACTGCCTTTAGTGAAAAAAACTTCCTTATGCGCTCCATTGAAATCGGCGTCGATCGCTATATCGTCAAGCCCATTGACCGTAAACAATTCGACTCCACCCTCCTGGGCGTATGCCGCACGCTTTATCAACAACGCGAAGCGGAAGAGTACGCGAAACGCAAGATTCAGATGCGTATCAACAAAGCCACCGCAAACACCCTGAGCGAAGTGGCGAATATCTTCCCCAACCCCACCATCATCTACGGAAGCAACGGTGAAATACACTTCATCAACGACGCCTTCACCATGATGTTCGAAAACACTGATCTGGAAATGCTGAGCAGCCGAAAAACAACCCTCGACCAGTTATTCCTGAAACGCCCTGGCTTCCTGAACAGCCTTGAAAGCTTCCACCCCGAAGATACCCTTGCGAATCGCGTCCTGGTGCGAAAAAATCACATAAACACCATTTACCAGGTCAACCGTCGTACCATCGTTCTGGGCGAAAACCAGGAGCACTGCCAGGTATTCAGTTTCACCAATGTCACCCGCCTTGAGTATGAAAAACATAAAAGCCAGAACCTGGCCCGCCTGCTGCGAGAGGCCATTAAAGTCCGTATGCCCGCCCAGAAGACCACCGCCACAGAAACCACACCCGCCAGCTCTGCCACACCCCTGCTCAGCAACGCTGAACTGGCGGTCCTGCGACGCAGCCACCTGCATAAAACCCCTGCCAGTGAATACATCAACGGCCTTGATGAAATTGTCATTGGTCAAGTGGAAGAGCTGGCGGAAGTAGACTTTGAATTAGAGGAGCACCTTATTGAGCTGGCGCGAACCCCCAATCGAGAATACCGGGAACTGATCGCAGCAGATATGGAAAAGTACGCCCGGGCCATGCGGCAGCTTGTGGACTTCAACGACCTGGCCTTCGCCCTTGAGCAACTGGGAGAACTCATTCGCTCCATTGCCCCCGAAGCCATCAACATCAACAAGTTTATCGTCCTTATGGACAGCGTCCGTAAAGATCTTGCCGACTGGCGACAGATGATCTTCATCACCCGTGAAGCCCTGGATATCCACTACCTTGACAGTTCGCTTTTCAGCTCCTGCCTGCAGATTCAACTGGATTTCGCGCCAGGTGATAGCGATGGCAATGACGGAACCGGCGACCTGGAGCTTTTTTAGCAGCATACGGAAATCATCGCCCTGACAGTACAGCTGCCTTCCCCTTGACGAAAAAATATTTACGGGTACTATCAGAGCAGTAGCCCAGGCGGTCAGAATGCACTTCCCTGCAACGGACCTCCCTCAGTGGCTGCGCCAATCACGTTCCCGGAGATGAGAAATTGCATGTCTGTTCATTTCACCAAGAGCCCCGCAAAGTGAATACGATTTAAAATGAGCAGATGGAGATGATCAAATAGATACAACCGTGATAATCGTGCTTGTCATGGCCATTATATGGTTTGACAGCATTGCCTCTTTGGTGGCCAGACACCTTTTTCGCCGCAACAACCGGAAAAAAGAAGACAAATAGGAATAAAGCGGCGGGAAGAACCCGCCGCTTTTTCTTTGGAGACACTGAGATAATTGACAGGGGCGACCGATTCCCCTAACTTCAGGCATGGCCAATCAAGCATATACCACAAGGAGAGCCTATGCCTCGCGTCCTTCTCATTTTCCTGACCATGGGTCTGTTTCTGCTCGCCAGTGCTGCCAGCGCCATGGCGCAGAACATACCTGAGCTCAACGCAGACGACATAAGAAAACGCCTTGGCGAGCCCGGTTTTGTCGTGGTGGACACCCGCACCAACCAGGAGTACCTCCGCGGACACATCACCGGAGCCATCAACATCAGCTCCCAGGAATCCCGCATGTACCGCGATATCGCCCGTTTCCTGC
NZ_CP084704.1_gap67	1953957	1958712	4755	CCGCCCGCGATGGCCAGGTAAGAGATGTTATCGTAGTGCCGCAACTCATACCCAAGGCCCTCATACGAAGCAGTGGGGAAATTCCCAAGATCGAAATTCGCAACATCGACCCACTCGCGTCGAATTTTCTCAAGGGCCTTTTTTTCGTGGGCCTGTAACCTGACACGTTTTGCGGAATCAGTCGGATCACAGGCTTCCTGGTAGCTCAGCTCGTAGTCCTGGAGCACTCTGCCAAAGATAAACCTGGTCCTTGGCATATGAAATGCGGACGTGATGATGTGCACCCTTTCAATACCAGCAAGTGAAGTGAGGGCCCGGAGCACTCCGAAGGCATCCTCAAGGGTATTGGAGGATTTTGTGGAAGGCAGGATTCTGTCCGGGCTGACCCCCTGCCCGAGAAGGTACAGCGCCAGCAGCTTTCCATGGGGTGTTGCCGAGGTGTTGAAATGATCGCCAAATGCCCCTGTGGGAAGAACCAGGCAGTCAGCATGCGCTTTTACGTACTCTGCAGCTGCCTGGGCACGCAGAATCGCTGTTTCAGACAGCTCTCCCGCCTCATCATTTTCATTGCCCAGGAGTACCACAAGGGTTCGGAACTTTTCCATGACAGCGCCTCTTCAATGTTTTCTCTCTGAACCTGAGGTCTACTCGGTCGTCACGCGTAAAAGAAGTATGAAATCGGCAAGCAGAGCCGCGCGCAGCCATGATCGCATACGACGGTGAGAAATCATGGCGTTCAGGGTCCAGACCACCATGGCTCCTGTGATGGTTACCAGAAGACTCTCAGCAAGCGGCATGGCTCCCCCTGCCACATCAAAGCGCGTTCACATGCGACGCAATACCCTGAGATTAATGATGTTATCAGAAAATACCGGCACGTCCTGCAGACGTCAAGGGGTTTCCGGGGAGTCGCCACTTTCCTGTGGTATTACCCTCTGCCCGCGTGAGCACGAACACCCCCAGGCTCCCTCGGACGTACATCTGGGACTTGTGTCTTATCCCTTTTCTGTGTCATGGTAAGAGCCAGCAAGGCAAAGCACCTGGTGCTGAAGAAATACCGTGGGACCACTATGAACGAAGAATATGGTTCATCCAGTGAATTCATACAGCATCTCCGCGAGGAGTTTCTCCAGGAGCTTCCAGAGCGGCTTCTCGTCATGGAGCAGCTGGCACTGCAGCTGGAAAAACAACCTGACGACCAGCAGAGCTTCACGGAACTCTACCGGCAGGTGCATAGCCTCAAGGGCATCGGAGCCACCCTCTACATTTCCCTGATGACAGCGGCCTGCCATCAGTGGGAAACCCTTTTCCAGGAAGGCGAAAGATACCGGGACAACGCTTTTGCTGACCTGGCGTTCCGGTATATTGATGTGCTCGCGCAGATCGGTCAGGCGGTGCAGGAAGGTCTGTTTGAATGCCCAGGCTGCCAGAGCCAACTGGAGCAGTTGCGCCAGTTCCATCTACAGGAGCGCTACGCAGTTCTGATCGCCGACTCATCCCGGATGATGAGGAGCCTCTACCGCATGACACTGGAGTCATTCCCCTTGCAGATCACCACGGCAGACAATGGGCTTGAGGCCCTGGAGAAGCTGCTCCACAATCCCTTCCACCTGGCGATTCTGGGCGGAGAGCTCAAGGAGCTGTGCGCCCAGTCCATCATAGCGGCGCTGCGTCTGAACCCAGGACGCAACCGACGCATTCCGATTTTCCTGGTCACCAGCAGCGAAAAACCCTTCTTCGAAAAGATCACCATTGACCAGGTTCTCCGGCGCGACAAAGACCTGCAGGAAAACCTGACGAAGGCGATACAGACCGTAATCCATCAACGCAATCAGTAACTCTCACGGTGTATTGAGCAGAGGAGCCTTCCGTCATATCAGCAATCCGCTAAAACCTTAAAAGCATGAAGCATAATCCCATAATCACCGTTGGGACGAGAGCCGCCTTCAGCAAACCTAAGGGCGAAACAGCACCGTGCTTGAAATGTCTCCCAAGTATTGACTGACCTGCAGGGTTCGGAGCATTGGCAATGACCGTTAAGCCACCACCCGTTACAGCGCCGGCAACCACGGCGTATTTCATCGTATCGGTAATGCCGGGCACAAACGTGCTCAGATACGTTATTGCGGCATTATCGTTAAACGCGGTTAAAAGAGTCGCTCCAAGCATCAACGGAGTCTCAGTCAGGCTCCCGAGCACGGGAGCAATCCACCAGGCCTGAACTCCCCCATGGATGACAAGACCCGCCAGGAAAAAACCAACCAGTAAGGCCGGCTTTAAGTCAATTCGATTCTGATAAGGCGTTGTCACCTGAACAAAACCAAGCAGAAATAAAAATCCCGCGATAAAAAGGGCTGGATAATGGGCTGTGGCAACGGTCCAGACCAGGAAAAGCATATGCACCACCATAATCCAGGCAGGCACCCAGTCTTCGCGATTATCCCAATAGGGGTCACGATAGGGCGGTTGCTTATCGGCCGGCAACAGACCGGGCAGTTTCTGGCGCATCACTTTGAGCTTAATATCGTAGAAGCGAACATCAAAAGCTTCTTCAACACTCGCCTTGTCAACCGACTGGCTGGCAACTCGCTCCATGAGCTCCTTTTTTAATCGACTTCGTATCTCATCACATCTTTCGTCAAAAATTCTGATAAAACCCAGATCATCGGTAACATCGTACTTAATCTTGGCAAATTCGTCTTCCAGCTGTTCACGCTTTACATATTTCCTTTCGATCTCCCGCTTCATACGAACGAGAGCATATCTTTTTTCCAGTTCGCGCATTTCATTGCGATGCAGATAGAAATAGAGCGCATTTGCAATGACAATACCGATAACAGCTTTCCAGCCGAAGTTGAGAAACATAAACCCAAATCCCCAATCCCAGGTGGAGGCAACCATCAGTACAGGTGGGGCAGCAAAGTGTGATAAGGTTCCGCCTACGGAAATATTGACAAACAACAAACCTATGGTGGCGTACTTGAATGATTCACTCGGCTTTAAATTGTAAAATTTCGTCGACAGCAACAGAGCCGAAATCGTCATGGCTGCCGGCTCCGTTATAAAGGAGCCGAGTAACGGACCAATTGTCAAAATAGTGAGCCACCAGGCCGAAAGGGTACCGCCGAGAAAGTTGGCGACTTTCCACATCATCAGCTCAGAAAACTTCAGAATAGGTCGCGTTGCTGCCAGCGTCATAATAATAACGACAAACAATGGCTCGGTATAGTCAACCTTCTGACCAATATAATAGACGAAGGTGCCAAAGTCATAGAAGACCCCTATGGCTACCGCTAAAGCGATTGCCCATATACCAAAAACAGCCTCAACTTCGCCCAGAAAGTGGAAGACCCCTGCGCCGAAATGAATAGAATTCCTGGGAACCTTCCCGGCCTGTTTTTTGTGTTCATGCTCATGTTCCCACTTATGGGCAACAGCAAGGAATTTGCTCGTCATAAACGTATGGATAATGGCGCAGAGAAATATCAGCGTAGCGACAAGATTAAAGGGCTCTTGAGCGATACGGCCCGCCAGAACGGCCAGAACGCTGGAATTGTCCGCATCACCATAACTCTCAAGGCTGCGAGGAAAAACGAGAGGTTCAGCAGGGCTGCTGCTCGCAGCACTGGCAACCACCACCAGGCCCACAACGCTCAGGAGAATAAAAAACATTTTTGCATGTGATTTGCTGAACCTCGTCATGCCGATCACCTCGAGCAATTTTCAGGAACCGTGAAACTCTCTCCAGCTTTTAACGCCTACGCTGAAAGAAACACTGAAGTTTCGCACCCCGAAACGGCAGGTTGTCGGCGCCGACCCACATGCCATGCTGAAATGGAGGGAATGGTTCTGCACAGACTGCGTCGCTTGACATTCCCTCACCCTGTTTATGAGTTTCTTTTGCCACTTTTTACCCGCAAAAAGTGGCGCAAAAGCGGCCCCCAGTGCTGCCCTTTTCAGCCGTCCGCTTGCCTGGAACTGGGGACCGCAAACAACCGCCCTCCGTGGCTTTTGGTTTGCGGTTGCCGCCCTCGTGGCGGCAACCCTGCGGGTCCATAGCGTTCCAGTCTGCACGTCCTGGCTGGGCCAGCCCACGGGGGAAAGACAGAAGCAGGCCGTTCCCCCCCTGAGCCCGTCCGTTGAGTGCGAAGCCTGGCTGGCAAGACCCGAACGGGACACTCACAGGAAGTGAGTGGTCCGGCAGCACTGCAGGGAGGCAGTGTCTGCCGGATCTCCAGAACAGGCGAGCCAACGAACCGGAAAAACGGGCGTTCGGGGGGCGCGTTTTTGCGTCCTTTTTGCGCGGTCAAAAAGGACAATATCCGGAAACAAAAAGCGGAATACCAGATACGTCAAGCATTCAAAATCAATACAGTTTCCGCACGATAAATGTCAGAATAATAACACCTCAACCTAAGACAACAAGATGCGAAGCTTGAGTTTATACTCTTTACATGAAAAGAAAAGGGGAAAAAGGGCACCATATGGCTTCACGAATTCCGCACCCTTGAACCATGTGCAGAAAACCCCATTGGCCCTGCTTCCCATCGGATGCGCGAGTGTTGCAAGGTACGGAGAGTACGCTTTTTCTCCGCTTCGCCAGGCGGTTACAGGTTGCCGTGTTTGCCAAAAAAAATCCGCACTCCCTGCTGGAAGTGCGGATGTACTCGTAAAAGTGGGGTGGCTGACGGGACTCGAACCCGCAACACCAGGAGCCACAATCCTGTGCTCTACCGTTGAACTACAGCCACCATA
NZ_CP084704.1_gap68	1964246	1965998	1752	AATTGAAGCGGCGCGAGCCGGCCAGGAGGCATGGATATTCATCAAGGTCAACAGCCTGGTGGACCGGGCCATTATCGCCAAACTCTATGACGCAAGCAGGGCGGGGGTGAAAATCCGCATGATCATCCGGGGAATCTGCTCCCTGGTCAAACGCAAGGACTTCAGTGACAATATCGAGATTATCAGCATTGTAGACCGCTTTTTGGAGCATTCACGGATATTCTTTTTCCACAATGGCGGCAAGCGACTATGCTTCATGGGCTCGGCGGACTGGATGCGCCGCAACCTCAGCAACCGGGTGGAGGTCATTACGCCCGTTTACAGTGAAGCGCTGCAGCAGGAACTGTGGGATATGCTGAGTATTCAGTGGCAGGATAACTGCCGTGTCCGGATCATCGACAGTCGCCAGAGCAATCCCATGCGTACCCCCGGAGCCACGTCTCCCAGAATTCGAGCCCAATACGAAATCTATGACTACCTGCAAAGGAGTGTGACCCCATCATGATGAAACTGGCCGCCATTGATATCGGATCAAACGCCGTGCGACTCCTGATATCCCATGTATATGAAAATGGCGACAGCAGCCCCCTCATCAAAAAAGCATCCCTTTACCGCGTCCCCGTACGCCTTGGCGAAGACGCCTTTACCAGGGGCCATATTTCCGAGAAAAAAGCACAGCATCTCGTCAAGACCATGGTCGCCTTCAGAAACCTGCTGGACGTCATAGAACCAGCAGCCTGCATGGCCTGCGCCACTTCAGCCATGCGCGAAGCCGACAATGGCCAGGAAGTCATGGAGCGCGTCCTCAATGAAAGCGGCATTCAGATCCACATCATCGATGGTGGCATGGAAGCCGATATGATCTGCTCCAACGCCATCGCCGAAAAACTCAACCACTCCAAATCCTACCTCTATATCGACATCGGTGGCGGCAGCACCGAACTGAGCTTTTTCTCCGGCGGTAAGCGCCTGGAATCACGCTCCTTTGACATTGGCACCATCCGGATTCTGGAGGGGCTGGTGAGCAGCGAACGCTGGAAGGAGATGGGCAGCTGGATCAAAAGTACCACCAAGGGGCACAGCCCCATCCTCGGCATTGGCTCCGGCGGCAATATCAATAAAATCGCCAAAATCGCCGAAAAGGACTCCACCTCGCCCCTCAGCCTCGCCAGAATGCAGAAAGTTCATCAGCATATTCAATCGCACACCTATGAAGAACGCATGCGCAAACTCGGCCTCCGCCCGGACCGAGCTGATGTCATCGTGCCCGCTGGCGAAATCATCCTCTTTGTGATGGAAGCCGCTCGCATGAGCAAGCTGCTGGTACCCAAAATCGGACTCTCAGACGGCATCATTCACCACCTCTACCAGCAGCAGAAACCTTCCTGACCGCTTTCTGGCAACCATACGCCACAATACCCTATTCACTAGCGGCACCACGAAAAGCAAACAGCAAAGCTGATAGCTTTCGCGTCCATATTTCCCTTGAAATTAATTAATCGATCATTTAATATCTGACCACCATTCAGGAGCACCCCATGCACAAGCAGTTGAACAGAAAACCTGGCAGGCCAAAGGGAACCAATACCGAGCAGCGCGAGCAGTTACTCGACATCACCGTGGAGCACTACGCTCGTCACGGCATTGGCGCAACCAGCCTGCGCGCCATTGCCAATGCAGGTGGAGTCACCCCTGCCATGATCAGCTACTACTTCGGCTCCAAGGATCAACTGCTGGACGCCGTTATCAATG
NZ_CP084704.1_gap69	2094921	2099640	4719	GCGGCATCGCGATGGTACCCGGCACTCAGGTAGATCCAGGCAGCTTGTACCTGCTGTGTCGGCGTGGGGTCGGCATACTCGGCAAGCCACTTTCCAATGCGTTCCACCGCCTCGCTGGAGCGCTCCAGCACCAGCAGCAACTGGGCAGTATTGTAGAGCACCTGCTGGCTGCTCTCGGTGTCCAGAGCTTCGGTGTCCAGGGCCTTCTCGTAGGCATGCAGGGCTTTGTCATGCTGATCCAGTTCACTGAAGACATAGCCGCGCATCTGCCAGGCGGTAGCCTGGGCATAGGGTTCACGGCCAAAACGCTGGATCATGCGATCCAGGCGCTCACCGGCTTCCTGCCACTGGGACTCCTGCAGAAGCTCATGGACTTCGGTAAGGGCTTCATAGGCCATGGGAGAAATGGTGCTGCTGGCCTGCACCGGAAACACACTGGCCAGTGTCAACAGCAGACACGCCAGAAGGCTCTGGGAGATTTTCCGTCTGCACATACTCATCACCTCACTGATCGAGACTGAAGTTAATGGTTATGGTGGCGTGGGCGGCCACGGCTTCACCGGCTATGGTCTGGGGAGCAAAGCGCCAGCAGCTCAGGGCCCGCCGGGCTTCGTGATCAAAAATGCCCCGGCGCGGGCTGGCCTCCAGCACCTGAATATCACGCACGCTGCCGTCGGGATTGATGACAAAGCTCAGTCGAACCCAGCCGGAGATGCCCTCCATCAGAGCGCGACGCGGATACATGGGCTGCACCTGGGAGAGGGGGGTCATGGGCTGGGAGTAGGCCACCAGTCCGTCCATGCCGGTGGCCATCACGGGGATGCCGGCCATGGAGAGATTGGGGCGAAAATCCGGGGTGGGAGCCTTCATCTGCGGTGCGCGCAGCATCGGCGATGGTGCCTGCATGGACTCCATGCGCGGGGTGGGCTTCGGTGGCTCCGGCGGTCGCGGGCGACGGCGCTCCCGTTGCTGCACCGGGGTCGGGGCTTCGTCAATCCGGATGAAGTTCATCACCATGCGCTGACGGGCAGCATCCAGTTCACCGGCACTGCCACTGATCATGGCGTTCATGAGCCAGAACAGCCCAAGGGCCACGGCACCACCACAGGCAATGGCTACCAGATGCCGTACCAGCGCGGGACTCATGAAAAAATGGCTCATGGACGGCTCGCTGCTATGGCGACGTCAAGGACTCCGGCCAGGCGAACCTGATCCATCACTTCCACCAGAATACCGGTGCGGGAGGATGCATCGGCCTGAATCACCACGGCCCCTTCGGGATTTTCGGCCCGCAGGCGCTCCACATTGGCGCGTACGGCCCGCAGATCCACCTGGCGCTGATCAATCCAGATATCTCCGTTTTCAGAGACGGCGATCATGATATTGGCCCGTTCCTGGCGCTCTGCGGTGGCAGCGGCGGGACGGCTTACCTCAATGCCGGCTTCCTTGACAAAGGAGGTGGTCACGATAAAGAAGATGAGCATGATGAAGACCACATCCATCATGGAAGTCATATCGATTTCGGCTGAACTGTTTTCGGTTATCCGCTGTCGGCGTCGTCTCATGGTGTTTCCTGCTCCGGCAGCCCGGCAGCTGCCTTGCGTGTTTTCCATCGGTTTAAGAGGGCAGCTATCCAGTGGGGCTGCAGGCTTCTTAAAAACCCCCATCTGCGGCGTTGCCTGCTATCGTTCGTCGTTGCAACGTGCGAAAAGCACGCTTCACTCCTTACTCTGCAGGCGCCTTGCATCTGTGCATTTTTCATTTGCCTGCCAATAAAACAATATACGTGTTGAGAAAGCACGTCGGCGGCCTGGCGGGCCCGGGATTCACTGCTGCGTCCAAGGTCAATGCTGAAAAAGAGCCCGGAGAGCGCCACCACCAATCCACTCATGGTGGGCAGCGTTGCCATGGAAACCCCGGTGGCAATGGCCCGGGGGTTGCCGGTGCCGCTGTATTCCAGGACTTCAAAGACCTGAATCATGCCAACAACCGTGCCAAGCAGCCCCAGCAAGGGGCACATGGCAATAAAGGTGCGGATGAGGAACAGCGAGGCACCCAACTGCTGGCGCAGGCGCGAGATCTCCATCTGCTGAAGCTTCCTGGCCAGCCAGAGATCGCTGACCGGCGGGTGCTCCCAGCGCTGCAGCAGGGTGGCGAACTCACGGGGGAAAACCCGCCAGTGGTACCAGTAGCGCTCAATGATGAGCGCCCACATGGCAATGGCAACGATGAGTATGGCCCAGAGCACCTGACCTCCGGCGTGGAAGAAATTGCCGATATCGTAAAGGATCTCAGGCATGGGCCTCTCCGCGACCTCTGGCCATATGCATGGCCAGAAGTCCGGCACCCTGTTCTTCCATGGTGTTGATCAGGGCGCGGCTTTTGGCCGTGGCCAGGTTATGCAGGAAGAGCAGGGGTATCGCCACCACCAGGCCAAGGGCGGTGGTCACCAGGGCCTGGGAGATGCCACCGGCCATCAGCTGGGGATCGCCCGTACCGAAGAGGGTGATGGCCTGGAAGGTCTCAATCATGCCCACCACGGTACCCAGCAGCCCCAGAAGCGGGGCAACGGCCGCGAGGATTTTGATGGTGGTCAGCCCCCACTCCAGGCGGGGTACTTCCCGCAGAATCTCCTCGTCCAGGCGCAGTTCCATGGTTTCCACGTCGGTTTCACGGTTCTCTTCATAGAGGGCCAGAATGCGGCCCAGGGGATTGTTGGGATGGATATCGTCGCGGTGTTCCATCTGGTGGCTGATGCGTCGTCCCATGATGTGCAGCCAGGTATAACGCAGCGCGAACATACCCAGGCCGAAAGCGCCCAGTACGAGGATGATCACCCCGATAGCCCGACCCTGGCGAACGCGTTCGGTCAGGGAGGGTGACTGCACCAGCTGGGAGAGGATGGCCCCCCGGGAAGGGTCAACGGCAAAGGCGAAGGTCTGGCCGGGCTGGCCGTTTTCCAGGCGGCTGGCCATGCGAAGGTAACGGTTCTGTGGCTGACGGGGCAGCTCCACAAACTGGTTCCGCCCCTCCACATGGGTCAGGTACCTGCCATTGGCAATGGCGTTAAAGGCACCAACACGCAGTACTTCGCCGGGCTGACGATGACCGTCGGGACTGACGATTTCGCTGGCAAAGGAGACCACTTTGCCGGAGTCGGCCATCTCCTGCAGCATCAGCAGCCACATGCGCTCTATCTGGGCGATGGAGGGCAGGGTACGGCTGTTGCTCAGGCGTCGCAGATACTCCAGATCATCGTGACGATTGGCCATGGCCAGGGACGAGAGGAACTGAGCGTGGAAATCGCCAGCATTCTGGCGCACCACACCGAAGATCTCACCCAGATTCCCCTGCTGCTCCCGCAGCGCTTCTTCCAGGGTGATCAGCCGGGCTTCATTGGCGTCATACACGCTTGCCAAGCGCTCCTGTCGTTGCTGTTCACGCGCCAGGCGTTCCCTGGCCTGGGCCACCTGCTGCCGGGCAGCGTTCAGATCGCGGGAGAATTCCTGCTCGCGCTCGCGGTTGATGTCTCGTTCAGAAAGGGACTGCTGCTGCACCTGGCGCAGAAAGTCATCGATACTGGTACGCACAGCAGCTTCCTCAGCGCTGGATACGCCCATGAGCAGCATCACGATGAGCACAAGTATTCCATACCTCATGGCTGCACCTCGCTCAACAGAACTGGCAGCTCAATGAGCTGGGGAGCGCTCTGACGGCTGGCCATACGGATGCCCTGGCGGATGGCGCGATGGTAGTCGCGGTCCAGCGGCACCCATTCATGGCGCTGGGGGTGCCAATAGCCGCTTTCGCGCCGGTCGATGGTCTGATAGACCAGGGCCAGACGGCCAACACGCAGAAATTCTACGCTGCGCACAGACCCATCAAGCTCCAGTTCTCCCTGATAGCTTTCAATGGTACGCCCGTACTCGGACTCTTTCTGGTAGGCTTCCATGATCTGACGGAATTTGGAGGGAGTCTCCACATTGGCGCGCTTCATGAGGGCGTGCAGCCCCAGCACCCGCTCGCGGCGCTCCGCCAGCAGAAAGGGGAGATCGCGCTCCACATAGCCATCAAGCGCGTCAAGCATGCGCAGCATGAGGGGCACAATCTCCCGCTGGGTCACCTGTATGTCTTCAATCTGACGCTCCAGGGAGGCAATCTCCTCCTCCTGGGAGCCAATCATCTGCTCAAGGTTCTCATTATAGGCCTGCAGGCTGTCGGCCTGACGCTGCAGGTCGCGATACTCCCGCAGAAGACGGGTTGCCTCGTCATCCATGGCTTCAACACGCACCTGGGATTCCTGGCCCTGCTGCAGGCTCCGCTCCTCGACTTCCACGACGGAGTCGGCAGCCAACAGGGGCAACGACAGCAGCAACACGGGAAAACAGACTCTGATCATCTGGGAAATGCTTTTTTGATGACTCCGGACAACTTGCTGGAATGACACACTCAATCCCTTCCTCTTCCAGAAATGCGAAAAATCCGAACTCACGTGACCACCTCACGGCAGCACAGTCCGGTTCCGCAGATATTCGGTGTTACAGGTCAGGGATTTGAAATCCTCGCAAAAAAAGGCGCTTGAAGCGCTCGGAGCCCAGGGACTACTTACTGTCGGCAGCGTTTATGGAGTAATCGAAATGCTGTACTGATCGGCACTTCGGACACTTCACCTCGACAGAGATAACACTGCCTTTAAAGAGCAGGCGATTACAACGCTTA
NZ_CP084704.1_gap70	2107203	2108679	1476	AGCAGTGGGCTACGGGGGACACTTTGCCACCCAGGACGTGGTAGAGGCCTTCATAGACGCCGGCATTCTCAATGGCCACGAGATCGTGGAAGGTCTCCACCACACACAGCTGCCGTCGGTTGCGGGAAGTGTTCCGACAGAGCGGGCAGGGCGAGCTCTCGGCCAGGGTATGACACTCATCACATGCTATCAGACGGTTTTCCAGTTCTTCAAAAGCCCGGACAATGGCCTGTCGCTTCGCGGGGGCCATGGCGGCCACCTCAAGGGCAAATCGCTCAGCGGTCTTCTGACCAATACCCGGAATCTGCGCCAGCCCCTGCGCCAGCAACTCTACACTGGGAAGTGCGTACATGGCGCTTACATGAAGCCGGGCAGCTTCATTCCTCCGGTTACCTTGGACATCTGCTCCTGGGTGTGGGCCGCTGCCTTTTCCTGGGCTTCATTGACTGCGGAGATAATAATATCCTGCAGCATTTCGGGATCCGAGGGATCGATGATATCCGGCGAAATTTCCATGGAGATGATCTTTCCCTTGCCATTGGCGACTACCCGCACCACATCTCCACCAACAGAGACCTCCACGGTCTGCTGTTCCACTTCTTCCTGCAGTTTCATGATCTTCTCCTGCATGGCCTGAGCCTGCTTCATCATGGCCTGCATATTCATACCGCCGCCAAAACCTTTCATGTGATTCTCCTGTGTATCATAGGTATTCAAGTACCTTCGCCGTGAAGGTCCGCTTGCGAGTCGTTCTCATCTTCAATATCCGGTGGCGTGGCGTCATCCAGAACCCGCAGGTCCATGAGTGATCCCTGAAAGCGCTCCACCAGGCCCTGGTAGATTTCATCGCCCATCAGCTCCCGCCGGAAGTGCTCCTGCAGATCGGTACGCTGGCGCTCTTCCTGCCTGGCAAGCGTATCCGGAGCGGCTTCAACCTGAACTTCCAGCTGACAGGGCCTGCCCAGCAACTGCGCAATATGCTGTGCCAGCAGTCCGCGTTTGTCCTGCCCCATGAGGTCGTGGTTACATGGAGCCGTTTTCAGAATATAGGTGTCGGGCTGTGAGCCCTTCTGTTCCAGACGACTGTGGCGCAGAAAAGCAGCCACATGAGGATGGGTTTCATCAAGAATCCCGACAAGCTCACGGTGCAGTGCTTCCGTGGTCTGCGGGGGTTGCTGAGCTGGTTTTAGAGTTTTTTTTTCCGTGGAAGGTGCGGCCGGGGCTGGCACCACTGATGGTTCAGGAGCCTGCAGAGCGCCGATCAGCCGCTCAACCTCCACACTGGGCAGCAGGCGCGCACTCTTGAGCAGACAGAATTCCAGATCGTACTGAGGAAAAGGAGAGTGGGTGATCTCCACAAAACATTCGCGCAGCATGGAGTAGATGGCATCGAGCTGCAAGGTATCAAAGGCTTTCCCCAGCTGCTGCAGCTGCTCCACCGACTCCTCATCACTCACGGGTATAATGCCCTGGGTC
NZ_CP084704.1_gap71	2120645	2125480	4835	ACCAGAACGCGAACGTCCTTGCCGGTGCCGTGGGGCAGGCTCACGCTGCCGCGAACAATCTGGTCGGCGTGACGGGGATTGACCCCAAGGTTAACTGCCACGTCCACGCTCTCGGAAAACCCGGCAAATGCCAGCGACTTACAGAGCTCCAGGGCTTCTTCCAGGGTATAGCGCTTGTCTTTATCTACTTTCGCAACAGCTGCGTTAAATTTCTTTCCCATTGATTACTCCTCCACCACCAGGCCCATACTGCGCGCTGAGCCTTCGATTGTTGCGATTGCCGCTTCAAGCGTGTGAGCGTTCAGGTCAGGCATCTTCAGCTGAGCGATTTCCTGTACCTGAGCCTTGGTCACCTTGCCAACCTTGTTCTTGTTGGGCTCCGCTGAACCCTTGTCAAGTCCGGCAGCCTTCATGAGCAGAATCGCGGCGGGAGGGGTCTTGGTGATAAAGGTGAATGAGCGATCTTCAAAAACCGTGATGACAACGGGGATAATCATCCCCTTCTGGCTTTCTGTCTTGGCGTTGAACTCCTTACAGAATGCCATGATGTTCACGCCCTTCTGACCGAGGGCGGGACCTACGGGAGGGGCAGGATTTGCTCCACCGGCAGGAATTTGCAGCTTGATTTCGCCAATTACTTTTTTGGCCATAATTTTGCCTCCGTGTAGCCCCCTGGGACTACCTGTATGTCAATTTATATCTTCTGAATTTGCGTGTACTCGAACTCAACGGGGGTTTCGCGGCCAAATATGCTCACGTTCACCTTCACCCGCTTGCGCTCGTGATCGACGTGAGTAACCACGCCATTAAACCCGTGGAATGGCCCTTCGACCACTTCCACTGGATCCCGTTCAACAAACTCCACCTTCGGTTCCACCAGTCGCTTGTCAGACTCAATCAGCTTCTGCACTTCAGAGTCGTGAATAGCCACAGGCTTGTTCCCGCCAATAAAGCCGGTCACCTTGGGAATGTTTTTCACCACGTGCCAGGTGGTCTTGTCCATCTCCATCTGCACATACACGTACCCGGGGTATCGCTTGCGGGTGACAATTTTCTTCTTGCCCCCCTTGTACTCGGCAACATTTTCCGTGGGAATCAGGATCTGAGTGATCTTATCCTGAAGCCCAAGGCTGCTGACCCGCTCCTCGAGAGCTTCCTGTACCTTGTTCTCGTACCCGGAATATGCATGTATCACGTACCAAGAAAGTGCCATTGAGCGTGTCTCCTTGAGGAATTATCCGATAAGCAGTGAAATCATCCGGGAAAACACGGCATCCAGCGCACCGAAGTACACTGTCATAAAGGCCACCAGCACCAGTACCACCAGTGTCATGCCCTTGACTTCATCCTTCTTCGGCCAGACAACTTTCCCGAACTCACTTTTGACGCTTTTGAGAAATTCCACTGTTTTCATTGTACCGCTCTTTTCCACTTCATAAAAAACAGATCAATTACTTCGTTTCACGATGCAGCGTATGCTTCCGGTCAAACTTGCAGTACTTCTTGAGTTCCAGCTTGTCTGTCATGGTACGCTTGTTTTTGGTGGTTGTGTAGTTGCGGTTCTTGCAGACTTCACAAGCCAGGGTAATAATATCTCGCATGGTGTTTTCTCCACAAAAAGAAGGAGTGCGTTCTCCACGGAGCACCGCACCCCTGTTATCAGAATAGTTTATCCGCCAGGTTTACTTGAGGATCTTGGTTACAACACCGGCACCAACTGTTCTTCCGCCTTCACGGATAGCGAAGCGCAGGCCTTCTTCCATCGCGATAGGGTTGATCAGCTCGCCAGTAACCTTGAGGTTATCACCGGGCATAACCATCTCAGTGCCTTCAGGCAGCGTTACGATACCAGTGATGTCAGTGGTTCTGAAGTAGAACTGAGGACGGTATCCACTGAAGAATGGAGTGTGACGTCCGCCTTCTTCCTTGGTCAGAACGTAGATTTCGCCTTCAAACTGGGTGTGAGGAGTAATGGAACCTGGCTTGGCGATAACCTGACCACGTTCAACATCGTCACGCTTCACGCCGCGCAGCAGGATACCAACGTTATCGCCGGCCTGACCCTGATCCAGCAGCTTGCGGAACATTTCTACGCCCGTAACAACGGTCTTCTGGGTGTCGCGAATACCAACGATTTCGATCTCCTCGCCAACCTTGACAATACCGCGCTCAATACGACCGGTAACAACGGTACCACGGCCGGAAATGGAGAACACGTCTTCCACAGGCATCAGCAGGGGCTTGTCAGTTTCACGCTCAGGAGTCGGGATGTATTCGTCAACAGAAGCCATCAGCTCAAGGATTTTCTGAGCCCAGTCGCCCTCAGGGTCTTCCAGGGCACGCAGAGCAGAACCCGTAACGATAGGAGTATCGTCACCGGGGAAATCGTACTCGGTGAGGAGTTCGCGAACTTCCATCTCAACCAGCTCAAGCAGCTCCTCGTCATCGACCATGTCAGCCTTGTTCAGGAAGACAACGATCTTGGGAACGCCAACCTGACGGGCCAGCAGGATGTGCTCACGAGTCTGAGGCATGGGGCCATCAGCTGCGGAAACAACCAGAATAGCGCCGTCCATCTGAGCGGCACCGGTGATCATGTTCTTTACGTAGTCGGCGTGACCGGGGCAGTCAACGTGGGCATAGTGACGGTTTGCCGTCTCATACTCAACGTGTGACGTGGAAATGGTGATACCGCGCTCTTTTTCCTCAGGAGCTTTGTCAATCTGGTCATAAGCTATGGCCTGAGCACCGCCAGCTTTAGCCAAGACCGTTGTAATCGCAGCAGTGAGCGTGGTCTTTCCGTGGTCAACGTGTCCGATGGTACCTATGTTGACGTGCGGTTTTGTGCGCTCAAACTTTGCTTTTGCCATCTGTAAATCCTCCTCGAATGTTCAAGTACATAATCGTTCCATATATCGCGAATCTGATATAGCAGCGTTGTGGAGCCCAAGAGCGGATTCGAACCGCCGACCTCGTCCTTACCAAGGACGTACTCTAACCTACTGAGCTACTTGGGCCCAAAAACAAAACAGACAAGGTATATACCAGGGAGTTTCCCGCTGTCAATCCTTTTTTGGAACCTGCGCAGCCTTTCATACCCCGCCCCGTTCAGGCTGGTGCAACACGGTCTGCACTGTTATCCAACAACTTGCCCAAAGTGTCAACTAAATTACCTGAAATAAAGGGCCACCTTGTGCCGCCAGCTCTTCAACCCGTCTGGTCACAGCAGGGTCTTCCTCCAGGCCAGGCGCATGTCCCGCCTTGGTACGCGCGTCAATAATCAATGGGCCGGTGCATCCCCAGTGCTTGTTCTCAGTAAAGGCGCCCACTCCATAGATATCCGTGGCCGGATTTGAGCGGGTAAAGGTAACCCAGAGGAAATTCTCTTCGGTACGGGCGGCAAACTCACTGTCATCAACCACGACAACCATGGCGCAGGCTTCGGGCAGCGGGTGCTCCCGCAGCACGCGGCAGAGCTCCTTGATATCAGGATCACCTCCCTGCTTCTTTCGAGCAGCGCAGGCAGGCCCACTGATCACGAGAATGCCTGGCATGGCCACGGTAGGGCGCCTGAACCCTGCCGGAAGCTCCATCTGGGCGGGCAGCGTGCCCTCAAGACTGCGCCGTGGCGCTCCGGCAGCCGCGATAACCACCTTTGAACCGCGATTAAGTCCGTGACCGGTATAGTCGAGGGTATCAATAGTCGTCATGGTCTGGAAGTGCACGTCCCGACGCCAGTCGACGCGCTCCAGGACATGGGTGAAGTACTCGCGGATATTGTGGGTATCAAGGTCGGCATTATCCTCGCGGGCAGCGATAAACAGAAACTTCGCCAGCGACAGCTGGCCATGGCCGAGAATGGCATTAGCCTGCGTGAGCAGCTCCTGGGGTTCACTCAGAGGATTATAGGGAGTATAGCGCTCGCTGCCTATGGCCAGCAGCAGCGGATGTACTCCCGCCGCGTCAACGGCATGGACCTCGCAGATACCCGGGAGCACCGTCGGGATCAACTCACCGGTGAGTTCGTGGATAAAGGTACCGAAGGAGGTGTCCTCCTGGGGAGGGCGCCCCACCGTCGTAAAGGGCCAGATGGCATCGCGACGGCAGAAGATCTCCTTGATATCAAGGACCGGAAAGTCGTGCACAAGGCTGTAGTAGCCCAGGTGGTCGCCAAAGGGGCCTTCGGGCTTTACCTTGGCCGGATCAATGGTCCCCCGGATCACAAAATCCGCCTGGGCGGGAAAGGGCAGGCCTCCAGCCCGTGTAACCATTGGTACGCGGTGGCCACCGAGCAGCCCGGCAAAGGAGAGTTCCGGCATACCTTCCGGAAGAGGCATAACCGCAGCCATGGTCATGGAAGGCGCTCCCCCCACGAATATATTGACCGGCAGAGGCACGCCCCGCTCTACGGCTTCACGGTGGTGCACTCCGATACCGCGGTGTATCTGGTAGTGCACTCCCATTTCACGATCGGGGGAATACTCATTGCCGGAGATCTGCACCCGGTACATCCCCAGGTTGCCACCCCGCAGGCCAGGGCTCTGCAGACTCTCCGAGTAGACCTGGGGCAGCGTGATAAACGCTCCGCCATCACGGGGCCAGGAAACCAGCTGCGGCAGCTCGGAAGAGGAAATGATGCAATCAAGCACCGGCCCCCCGGATACACGGCGGGGCAGAAGATGCAGCGCCCCCATGGGCGCGCCACGAAATTTCAGCGGATGCCGCAGAGCCTCCATGGGGTGAAGCTTCAACCGCACCAGGCTCTCTATGACATCCAGCGTATCCCGAAAAATCCAGCGGGTACGCTCCAGGGTACCAAAGAGGTTGCCCAGCAG
NZ_CP084704.1_gap72	2132980	2136762	3782	GGGTTCGTTGCTGACGCTGATGACTCCGGAATGGTCTTCCACAATGCGCTGTACGATGGCGAGCCCCAGTCCACTGCCCTTGGGGTTGGTGGAGAAGGTGGGTGAGAATATCTTCTCCGCCACTCCTTCGGGTATCCCGCCACCGGAATCGCATACCTTGAGTTCCACGGCATACTTCCGGCGTTCGATGAGAATATCTACCTGGCCGTTGTCAGCGGTGGCAAAGACGGCGTTTTCCAGCAGGTTCACCATAACCCGTGACACCTGCTCCTTGTCCAGCATCAGCAGCGGTATCTCACCATGGATGGTGAGTTTGAAGGTCATGGCGGGATGGGAATTGCGGTAGAGTTCGATGGAGCGCTCCACAATGGGCACTATGGATTCAGGTTTCCGGCTGGCCCTGGGCATGCGCGCGTACTGGGAGAACTCGTCCACCAGCATGCGCAGCGTATCCACCTGGTCGATAATGGCACCACAGCTTCGTTCCAGCACCTGGTGGAATTCGCCGGGATCCATGGTGTCGTACTTCTTCAGCAGCCGCTCGGCGTTGAGCTTAATGGGGGTCAGGGGGTTGCGGATCTCATGGGCAATGCGCTTGGCCACATCCCGCCAGGCCATGGCCTTCTGGGAGCGCACCACCGCGCTCATGTCGTCGAAGACGATAACTTCACCGATATAGCGTTTCTCTTCGGTGGTATAGAGGGCGATGGATTCGAAGATCAGGTTGCGCTTTTTTTCGTTGACCATGATTTCCACTTCCCCTTTGATGGAGGGTTCACCCTGGGTCTTCATGATGTCAACGGCACTGAGGAGCAGGTAGAGCGGGTAGTTCTCCTGCAGGATATCGTCGGCTATCTCCTCTTCCTTGTTGATGCCGAGCATCTGGCGGGCGGTGTCGTTGATGAAGGATATTTCCCCTTTGCCATCGATGGAGACAACACCGGTGGAGATGCTTTTCAGCAGCACGTCCTGAAAGCGACGCACCTCTTCCAGCACAATGTTGGTCTTGATCAGTTCGCGGTTATTGCTCTCCATGGCTTCCTTGTAGCGGCGCAGATCGCGGATCATGCGATTGAAGGAGTCCACCAGCACGGAAATTTCATCCTCGGCCCGTACGTTGATCTGGACGTTCATGTTGCCTTCGGCCACCTGGCGGGTTGCTTCCGCCAGCTCCTGAATCGGTACGGTAATACGGCGCGCGATAAACATGCCCGCCCACATGGAGCCAAAGAGCACCAGCATGGAAAAGAGTGCCAGGGCAAAGTAGTATCCCACTTTCATGGGATTTTTGTAGATAGTGAGTTCTTTGTAGTTCTTCAGGGTCTCCTGCAGGGCGAACCCCTGGCGCGAAAGCTCCTCAGGAGCGCGCATGGATGTCAGCAGAAACAGCGGGTGTTCAAGTCCGGGCAGCAGCAGACGGCGCACCGCGAATACCTCGGAAGCTCCTTCACTGGTAAAGGTATAGGGGTAGATCTCCTGGCTCCAGAAGTTGGGAATCTTGGCCAGGGGGTCTCCCATGAAGGTGATCATATCCCCCTGCCAGTTAAACAGCACCACGGAGGAGAGCCCCTCGCGAAAAATCGCCTGACGGAACTGTCCATCCAGCCTGGACAGTTCCTCCAGGGCAGTCGCGTCCACATATCCCTCCACCTGCTGGCTCTTGGCAAGCACTTCGTCCTCCAGTCGATCGTAGTACATCTGCACCACACTGATCCCGTATTCCAGGCTCTGCTCGACATTTTCGTTGATCAGCTTTTCGATGGAGGTGGAAACGATACCGCTGGACAGAAAAAAGAGAAAAACGGTGGGGAAGAGGGGCAATGCCGTGAATATAAGAACCAGGCGTGTCTGAAAACGGGCACCGAAGTAGCGGCTGCGACGCTCGATCAGCAGCTTCACAAAGTTGCGGAAGACCAGAAACGCCAGAACCAGGCAGAGAAAGAAGTTCACATACAGAAAGCTGAGAAAGGAGATGCTGGGAGTACTGCCCCGTTCACCCAGCACAAAAAAGGCATTGAATACCACCAGGGAAATCAGCAGCAGTCCTGTCAGCGTAAAAAAGGCAATGGTGCGCTTCTTCATCTTTGTCCCTGCCCTTGCGTATTCTGGATGGTGAGTGTGCCGGTGCTGAACTCCCAGTCGGCAAAGGTCCGCACGATCAGATTCAGGGGAAACCAGTGGGAAAACTCTTTCAGAAAGGCACGAGCCACAAGGAAGTGATTGGCGGTAAAGCCGTCAATACTGACCATGGAACTGTTCTGAAAGTAGCTGAACGCCCGCTGCTGATCGCGATACTCCCGTACATCCTCCATCCCGCTTTTGGCCGTGGTCACCGTGTACACCCGGCGCAGGGCGTCATAGGAAATGCCCTTGCGCACGGTCACCGTGCGTTCAGTAGCGTTGAACCACAGGGTGCGACGCCGGTGCAGCTGGATTTCAAACTGATAGTGCACCGGCAGCCCGGCCGTAATGGCGTCCACGATATCCTGGGTAAACAGGTGATCAACCCGCAGTTGCACGTAGGCCACTTCGTTTTCCACCCGGAAGGACTCCTGCACCAGTTCCCGGGACATGCCCGCCGCGACAGTGGCCCACAGCAGGATGAAAGCAGCGCAGAGAAACAGTTTCTTCATTGTACCCCCAGCAGGTGGTGCATCTGGGGAATAATCCAGATGCGCAGTCCACGTTCGGTATAGGTTCTGACCAGCTTCATGGACTCTTCGACGCCTCGACAGCTTCCATCGGCTGCCGTCAGAGGCTGCAGCACCACGGGAAAGCGCGCTCCCCGCTCCACCATATGATCAAGCCAGTGGGAAGCACAGGCGAGAAAAGCGTCATCGCAGATGATCTTGCAGGAGTCCTGGCAGCTTTGCTGGCGGGATTGCAGAAAGTCCAGCAACTCGCCGGCGGTGTCCCGGTGCTGCTGCGCCCAGGGGAATTTCAGATCCGCGGAAACCAGCGAAAAGCTGTCGGTGTTTTCCTTCAGCCAGCCAGGAAAAGTCCCATTGGTTTCCAGGAGCACCTCCATGGCCATATCCTGGCACAGCCAACGGCCAAAAGCCGCCACAAAATCCCCCTGGCACAGGGGCTCACCGCCAGTGATGCTGACACTTTCCACAAAGGGGAGCTCCGGGGCAACCAGGGTCTGGAGAAACTCCAGGGGCACCGGATTGGGCACCGTCCTGCCATGCCAGGGGAAAGACTGCGGAGCCCGTGGGATCAGAGAAGCCGGAGTATCACAGTAGGAGCAGGTGAGATTACAGCCATGCAGGCGCACAAAGAGCTGAGGGCGTCCGCACCGGGGCCCCTCACCCTGCACCGACCAGAACATCTCCTGGATCATGGCGTTCATGAGACCCCCCATACCTTGCAGCGAGCCTCCCAGCAGCTGCGCACCTCCCGGCTGAAGCGATCCAGAACATGCCGGGCGAATTCCCAGGGCTCTATGGCCAGATCGCCCAGGGCCACGGTGGGCAGCGGTGTGTTGCGGGATGAGATGTTCATTCCCACATGGATCAGTGTCGATACCCGCGAAGCCGTTGCAATGGAGACGGAGAATTTCCGGTGGTCAACAAAGATATCGTCACCGCGCCTGAGCGCCGGGACACCACGCCCAAGCAACTCTTCCAGCACACAGACCATGAACAGGCGCTGCAGGTAGACGGTCGCCAGCAGATCGACGGAAAAGAACTCCATGATCACATGCAGCATATCATCGGAATGGATGGGCTGCTGTGCCAGGGCATCGGCACTGTCCACCAGGTGGGCCACATCCACATGAC
NZ_CP084704.1_gap73	2138526	2141436	2910	TTGATATAGTCCTCTATCTCCTGGAGGGAAGAGAATATCCCCCCCGAAGGACTGCTTGAGAGGTGAACCTGGGTCGTCACATAATTGCCGCCCCCATTTGCCGAGGGAGGATTGTAGTAGGTGATCTGCAGCGAACCCATGGCGCTCAGGTGGTAACGGCCGGTGGTGCTGTCGAAGGCGCTGATGGTGCCATCGGCACTGGAGAGATCAGAGCGCCTGGTGTATTCCACCTGGCGTTTGATATCTTCGGTGCTCTCGCTGCTGGCGTAGATCTTGTCAATATCGAACGTCCACTGGGTATTATAGTTCCCCGTGAAGTCCCCCATCATGGCCGGCACCGTCGTGGAGCCAAACGCCCATTCCGAAGGAGCCTTGATGCCCGGCTGACCGATATCCAGGTTCAGGGCGTCCTCAAGATTCGTCAGGCTGCGGAAGATATCCACCCCATAGCCTTCATGGGTGGTAGCCGAGGAGCCAAATGCCAGGGAGCCATTGCCTTTGAGGGCTATCTCACTGGTGGTCAGGCCCTCTGTCACCGCCGTCCCCATGGGGATGCGAATATTCAGACCATTGGCCACACTGATCGGTTGCCCGTAGTAGGTACTGGGGTCAAGGGAATAGTTTTCCAGCAGTTTATTGCCATACTTGTCTTCAATGGTCAGCAGAATGCCTTCATCCATACCCACTATACCAGCGGTTCCCGCGCCACTTGCCATATGCAGGCTGATATTCCAGCGATTGTCATCGCGGGCGGTATAGTTTCCGCTAATATAGTAGTCGTTGAACTGGCCTCCCAGGGGATTCAGTCGTGTCAGCGGAGTCACATGGCGCACACCTTCGTTATTGGTGCTCACATTGACCTCAAGGCGACTCGGACCAGCGTGCAGATCCACAAAAGCCAGCTTGCCGTTTTCCGTGATGTAGGCGTCTATGGTGTTACCATAGAGGTTTTCCACAAAGCGCAGCATATCCTCAACGGGCTTTTCCGGATCGATGACGTATTTGATATTCGCCCCTTGCGCCGTAATGACGTTCTGGTCAAGCCCCAGCTTCGACATGGGGTCAGCGAAGATACTCATGGTGATATCCTCGCCCACATCACGGCTTTCAAAGAGGATATTGCTGCCATCGGAGCGTACATTCACCATATCCTGGGGAAGCACATTAAAGCTCAGGGTCTGGCCAATCTCAAAGACCGAATTCGGGTCAAAGGATATCTGTACCCCATTGCTGAGGCTGGTGCGGCCATCACCGGAGATATAGACCGTCTCCTTGACATTGCCGAAGTTGTCCATCACATCGAAGAACCCACCACCCAGGTTGAAGTCAATAGTCCCGGCCGCAGAGTAGTTGCCCGGCTGGAAGGTGCCGCCCGAGGTGACCGCCGAACGGGCGCGCAGAATCAGCGTCTCGCCATCGCCGGTATAACCGCTGATATTGAGATTGGGACTGAGGGTGCGGGTGTTGTCGAAGACGTAAGTCGCCGTGGCACCGCCACTGAAGCTGAAGTTCCCCACCGACTGATCCAGACGGATAGTGGCCCCGGTACCGGGGATCTCCACCGGATATTGATACACATCGGGGCCGAGGGTCAGCGAACCCGAATAGGTTCCCGTATCGGTGGTAATAAAGTAGTTCAGGTTCCCGCCCGGAGGGATATCCAGATCGCCGGCGCTGCTGAAGACGATATCCTGAATGGCCGAACCATTGTAGCGCAGGTTGTCGTAACTGAGCAGCAGGCCATCGAGATTGCCGCCACCGCCCGTGTAGGCGAAGCTGTCAACGGCTGGCTCCGTGGCTGCCGCAAAGTCAAAGGTCATGCCGGCACTGATTGTCTGCCCGCCCAGAAAGCCGATATTCAGACCAAAATCCGTGCCACTGACAATGCCATCATCCTTGATGCTGTACTTGAAGCCTACCTGGGGGTTGTCGATGGTCATCTCCCCCAGGAAGCTGGCAGACGCAGAGTTCAGGGCACCAGTATCCGTATACTGGGTCTTCTCGTCAAAGCCGAAGATCTGGAAAGTGACCGGGCCGCCTGTGCCGATATCGGCATCGTTGACGGCTTTGATGGTGATCTGCTTGTACTGGTCGTAGGCGATATTGCCCGTCGTGAAAAGCCGGTTATTGACCGTGCCGAGGCCATCATCATAGAGCGGCCCAACGGCAGCTCCTGCCGCGTTCATGCCACCGCTGAAGTACACGGGATGGTTGTTCTGGGACGCAATGGCTTCATTGATGGCGGTCTGCATGGCAAACGCCAGGCGATCGGTGCTGGCGTAGCCATTCTGAGGTATGGTGATGTTCTTGGTTACACCATCAAGCTGATTGTTGCCGTAGTATAAGGAAAAGCTGCGTTCTGCTGCGGTCGTCTTGGTGTGGTCAAGCAAAGCGGCTTTGGGTGACATGATGCGGGCAGCACCAATGCGGTTGCCCGAATGGTCAAAGCCGTTAAAGGAGATGGTGTCGCCCTTCTGCACGTTGGCGTTATCGATATCCTTAAAAAGAGTGATGTTCTTGATGGGCGCGCCATTGGCAAAGTTCACAAAGGTGGTCTCTATCTGTTTGGCGGTCTGGGAAAAGATATTATTGCCCGGAACATTGAGGTTCACCTGGTCGTTGACCCCCACCTGTGCCTTCATCAGGCCATCATCACCCAGATAGGAGAGGCTGTCACCGGGGCTGTAGCTGAACTGGATACGCTGCCCACCCGTGAAACCCTTGGGTATTTCGATGGCAACTCCCCGACCGGTATCGATAAAATCACCCGGATTCACCTGGTAACGGGAAACCGTGGTCAGATTATTCATCTTGCCGTTGCCGCTGTTGTCCGAACCATTGGAATCCAGAGAAACCGCGCGCCCCTGGGAATCAGTCATGGACACGGTCGCTACCTTGGAGTTCTCGTCA
NZ_CP084704.1_gap74	2318638	2323369	4731	GCCATAGGTGATAACGGCCGTCAGCAGCAGGGCCTGAAAGACCACTCCCGGCCCGATAACTCCCATGTAATAGGAGACGTTGACACCGACGCCATATCCCATGGCAACGGTGAATGCGTAGTAGATGTAGGGATTCGCCGTGAAAAAGGATAGCGCGATGCCCAGACCCAGCACGAGGCCGATACTGACCAGAGCGATAACAGGGTTTACCCCGGAGAGCAGTGGCACCATGGACGCCAGTGCTGCCATCAGTAACCCCCGGAAGAGATAGCTCCATGTGGCAGCCAGAAACGTATCGGACTCACCAACGCGTGGAAGCGCCTGAGTCTGCGCTGTAGCTTGTTGCATTTTCGGGAAAATCATTGTTCCTCCTGGTTCATGAAAGAGAAAAAGTGTAATGACGCACCAGTGCGCCCCGTGAGCCATATCAGACACGCTTTCTTATAGCAGATACCCCTGAAATTGACAACTGAACCTCAGGTGTCTTCATCCTCTTCCAGGGTATTTTCCAGTTCGCTGCTTTCTCCCGGAATGGGAAGTTCGGAAAGGTTGGCTATGCCGAAGGTCTGCAGAAATTTGCGGGTTGTGGCATAGAGAAATGGTTTCCCGGCACTGGCTTTGCGCCCGACTACAGTGATCAGATCCCGGTCCAGCAAGCGCTTGACCGGAGAGGAGGAGTCCACACCACGGATGATTTCCACATCCGACTTGGTGGCTGGCTGGTTGTAGGCGATAATCGCCAGGGTTTCCAGAACGGCTTTCGAGGTGCGCGAACGGCGGCTTCCCAGCAGGGTCTTACTGACAATGCGCCCGACAGCCCGCGTTGTGGATATATAGTAGGCACCATCGGCTTCGTGGACAGCCACACCGCCGGTGTAGCGCTGACGAAGGTGCTCAATGGCACCCATCACTCTGCCTTCACCAATACCATCCATGGCCAGAATCCGGCTGATGCGGGCCGGGGTTACTGGTTCATCGGAGGCAAAGAGCACCGCCTCGACCAGATCTTCCAGTGAGGGGGCCTGCGGCTCGGCAGGTGAATTGCCTTCCGCGCTCAAGAGGCTATCTGGCTGGTGATGATGGGCTGACACCAGATATCTCCCTCCCGCACTTCCAGCTGAAGACGCCCAAGACGGGTCAGCTCCAACAGCGCTATAAAGGTCACCACCACTTCCTGGCGAGACTGACAGAGGGAGCACAGATAGCGAAAGCAGGTCTGACCAGCGTTTTCTATGTAGTCCGCGACCTTTTCCATGTGTTCCACCAGGTTGATGGTTGAAAGGGTGATTTCGTGTTTCCTGCGAACCTGGAAGTTCTGCATGCTGTGACAGTAGGCTTCCAGCAGGTCAAAAAGGTCAAAGTCCATTTCGACTTCCACCTCCACCTCTTCGGTAATCTCGGGCACCATTCCTCGGGTCAGCTGACAGGAGGCTGCGACCTCCAGAGCGTCCAGGCCCTGGGAGAGGGCACGATATTTCTTGTACTCGCGCAGCTTCTGCACGAGCTCTTTGGCAACTTCTTCACCTGCACCTTCGCTTTCAGCAAGCAGGGCACGGCTCTTGATCAGCGCCAGGGTCGATGCCATCACAAAGAAGTCGCCGCAAACGTCCAGGGCGAGATCCTGCATGGTTTCAATATACTCCAGGTATTCATCGGCGATGGCACTGATGCTGATAGTGGTGATATCCATCTCGTTTTTATAGATAAGGTGCAACAGCAGGTCCATGGGACCTTCGAAGTCCTGTACACTGATACTGTACATCAGATCTCCAGGCTCATATGGGAACGTACGCGCTTCATGTGCGCTTCAGCCACAGCAGCAGCGCGAAGCGACCCCTGGTGCATAATGTCCAGTGCTGCCTGATCACTGATGGCCGCGCGCCTTTCACGCATGGGAGCAATAAAGGAGTCCAGATTCGCGAAGAGCATCTTCTTGCAGTCCATACAGCCAATGGTGGCACCAGTGCAGCCAGCGCAAACCTCATCTCGCTGTTCCTGCGGGCTGAAGAGTTTATGGAAATCAAACACCGAGCAGAGCTTGGGGTCTCCAGGATCGGTTTTGCGCACCCTGGCGGGATCTGTCACCATCATGCGGGTTTTCTGCCACAGTTCATCACTGCCCTCACACAGGTCTATCACATTCCCGTATGACTTGCTCATTTTACGGCCATCGGTACCTGGCAGTTTGGGCACCTCAGTCAGCTTGGCCTGGGGCTCCTTGAACGTCTCGCCATAGAGAAAGTTAAAGCGACGGGCAATTTCCCGGGTTATCTCCAGATGGGGCAGCTGATCCTCGCCAACGGGAACAAAGTCGGGGTCGTACATGAGAATATCTGCAGCCTGCAGCACGGGATATCCGAGAAAGCCATAGTTGGCGGTCTTGCTTTCGCCCAGCTGCTCTTTTTGCTCTTTATAGGTGGGGCACCGCTCCAGCCAGCCCACAGGCGTAATCATGGCCAGTATGGTAAAAAGCTCCGCGTGCTGCTTCACCAGTGACTGAACAAATATGGTGGATTTATCGGGATCAAGACCTGCGGCAAGCCAGTCTTTCACCATAGCGATACTGTTTTCGCGAATACCCCCGGTCTCATCGTGTTTCGTGGTAATCGCGTGCCAGTCTGCGACAAAAAAGTGGCAGTCATAGCCCTCGTTCTGCAACAGCACCCAATTCTGCAGGGCACCGAAATAGTTTCCCAGATGAAGTTTCCCGGTGGGTCTCATACCGCTGAGAATGGATTTTTTCATGGTTTCCTCATTTTTGTTTTTCCGTGGGAAATGAGTATAATGCCTGCGCATAGGAAAATCCAGTCACAGAATACCCGGGGAGAACCCAGAGGAAAGATAATGCGTTTTTTTCTCTTTGCGAGCATCCTGCTCTGCCTGATCAGTACTTCGACGGCCATGGGCGGCAGTCTGGAGATCCAGATTGCCATGGATACCGACTCGTTCCAGGAGTTGCCCCTGATCCAGGTTTTCAGCCACAGCGCTGAAGAAAGCGCGGAAGCCACACTTGCCTATGAACAGCGAGCCACCTATGCACTTGTGGAAAATCTCGCCCCCGATTCACCACATATTGTTGTCATCACCTATATGCAGACCCGTATCTTCTCCTCACCGCTTCAGCTTCCGCCTGACGAGGTTATCTCCTACCGCATGAAGCTCGCCCCACCCATCATCGCGCCGCACACTCCAGCGATTACCCTCACCATCAGTCAGTGGGAGAACATGCTGCTGGCATCCTATGTCATCAGCAACCCCAATCCCAGCCACCCGCTGCTTCTGCGCCCGGAGCTGCGTCTGCCCCTGCCATCAACTTTTCATATTGCCAAGCCTTTTGACGGGAGCATAGATCGTGGTATTCTGATCCTGAACTCGGTCGCACCGGGCGGAACAACCGTCACCCTGGCGCTTCCCTCCAAAAGCCGCGTCACCGTGCCACTTGTTCCGGGTATGGAGGTTCGCACCCTTGGACGCCCCGCCTACCGCATTGAGCAGAGCGACGGTGAGCTCATCCTGATCGCGGAACGCGGCTATAGTCAGTGGGTTGCCTGGGCTATCATCAGCATCATCGGCCTGTATTTCCTCAAGCTCACCTTCCCCCATTTTTTCCGGTCGCTTCTGCAGCGCCTCCCTTTTTTTCACGATTAACTTTTTCAGGAGTCTTGCATGATCCAGTCCCAACTTCCCTTTACCCTCGGCATCACCTCCCCCCTGCTTGATGAAGCCATGGCTGTTCTGCAGCAGAAATTTAACGTACGTGACCTGAGCGGTTATCGCGATGCGGACGACTTGATAGAGAAGGCACGCGGTTGCGAAGCGATCATTTCCATGCTGTCCGACTCATTCGATGAAAAAGTGCTCAGCGCACTGGGGCGCCATGAACAGACACCCCTGAAGCTCCTGTGCAATTATGCCGTTGGAACCAATAACATCGACATTGAAGCAGCCAGCCGCTTTGGTGTCATGGTCACCAACACTCCGGGCGTCCTGACCGAGGCAACCGCTGATACCGCTTTTGCCCTGCTCATGGCAGCAGCGCGCCGGGTACGGGAAGGGGAGATTCTGGTTCGCAGTGGCGGCTTTACCAAAACAGGCTGGCAACCCACCATGCTGCTGGGACAGGAGCTCTGCGGCTCCACCATCGGTATTTTCGGCATGGGCCGCATTGGCAGCGCCGTTGCCAGGCGCGCCGCCGCCTTTGGCATGCGCGTCATCTACCATAACCGCAACCCGCGCAATGACGGCCCCTATACGGCCGTGGACTTCGAGCACCTGCTCAGGGAAAGCGATATTATCGTCATCTGCGCTCCCGCAACACCCCAAACCCGTCACCGCTTCACCCTCAATGAGTTCCAGGCCATGAAATCATCCGCAATCCTGGTCAATGTCGGGCGGGGGGAAATCATCCGGGAAAAAGACCTTGCCCTCGCTTTGCAAAAAGGTTACATCTTCGCTGCGGGCCTGGATGTCTATGAACATGAACCTCTGATCGAACCGCTGCTCATGGATATGGACAATGTGGTGCTGTTGCCGCACCTGGGCAGCGCTACCCGCAAAACCCGCATGGACATGACCATGCTGTGCATTGACGCCATAGAAAGCGTCTTCAGTAAGGGTACCATCCCAACCAACTGCCTCAATTACCGACCATAGACAAAGGACAGCACATGCTCGATTGTTTTCACGATGAATGCGGTATTGCCGGGGTCTACGGCAATCCTGAAGCGGCCA
NZ_CP084704.1_gap75	2352631	2354306	1675	CCATCCCATCGCCAGGGGCATTCTGGAAGAAGCGCGCCGGCGGGAGATCCCCCTGCCCAGCGAGCCCCACAGCAGCACCGCCATTGCCGGCAAGGGCGTAATCTGCCCCACCCGCCACGGCACCATCCGCGTGGGCACTCCCACCCTGCTGGACGAAGGCGGCGTCCTGGTGCCAGGCTCCCCCATAGCGCACCACGAAGGCAGCACCACTGTCCACGTGGCCCTGGAACAGCAGTACCACGGCGTCATCCTGCTGGAGGACACCCCCCGCCAGGACAGCGCCGCCACCATCGCACACCTGCACACCATGGGAATACGCACCGCCCTGCTGACCGGGGATACCCGGACCGCCGGGCACTCCCTCGCCAAGGGGCTGGGCATTGACGAAGTGCACGCAGAGCAGCTGCCCGCTGAGAAAGCCCAGTGGATCAGCCAGCGCATGGCCAGCGGAAACCACGTCATGATGGTGGGCGACGGCATCAACGACGCCCCCGCCCTCAGCACCGCCCACATCGGCTGCGCCATGGCCGGTGGCACCGACGTCGCCCTGGAAGTCTCCGACATCGTCCTGACCCGCCCCCAGCCCCTGCGCATCGTGGACGCTCTGACCATCGCCCGCCGCATCCGGCGCGGCATCCGCCAGAACCTCTTCTGGGCCTTCATCTACAACGTCAGCGCCATCCCCCTGGCCGCCCTTGGCCTCCTGGCACCCATCCACGCCGCCGCCGCCATGACCATCAGCTCCCTGTGCGTGGTGGGGAATTCGTTGCGACTGCGCAGGCTGAGCTAGTTGCTGACGCTTTGTTGCCACTTTTGACTCGCCAAAAGTGGCGCAAAAGCGCCCCCCCGTACTGTCCTTCTCAGCCGTCCGCTTGTCTGGAACTGGGGGCCGGTAGAGTAGAGAGCAGGCTTCACCCTGCTCCCCCTCCTCAAACCGGACGTGCGGATTTCCCGCATCCGGCTTTCCTGCTGTCTTCACCTCAAAGCACACACAGGCTGTCAACGGGTAAGCCGGAGTACCATCAGGTCTTGGTAGATGTGACGATACCAGCTCTTACCTGCCGGTGGACGGTAGGCTCGCTGACTGCGGCGTGCAAGGTGCGAGTAGAGTTCTTGTTGCACATACCAGTTCATACCACTAAACCTGACCGATGGCTGCCCATACTGGAAGTAATTCTTCCAACCCTGCAGCTTGCGATTCAGTTGTCGCACCAGCATGGTAATGGGTTTCCAGGCGGCTTCTTTCCCAAACTCTTCTTTGATACTCGCGCGCATGCGCTGGCACGATTTCTTGCTCGGCTCAATGTGGATGTAGCACTTGCCACTGTCAAAGTGGCGATCAAGGTTACGTCTGACAGTAAAGCCAAGGAAGTCAAAGCCCTCTCGGGGACACATGAGGTTGGTCACTTTGGTTTTCTCCCGGTTGAGGATCAGTCCAAGGCGACTCTCCAGTATCCGTTCAGCCCAGTCGCTCAGGCGCTTGCTCTGGTAGCGCGACAGGATGACAAGGTCATCGGCATACCGCACCAAGATCGCTTTGGCAAAGCTGCCAGGGCCACTGCTGCCATAGAAAGCGCGGTCGAACCAGTGCAGGTAGATGTTGGCAAGCAGGGGGGAGATGACTCCCCCCTGCGGGGTGCCTTTGTCTGGTTTGCGGTTTCGCGGAGGGGTGTGT
NZ_CP084704.1_gap76	2355751	2359810	4059	ACTTTCGTCCGTGGCTCGAGTCTCTGCCGCTCGCCATCCGGGCTCGCTCTCGGAATACTGGCGCTCCTGCTGAAAAAAACGCAGGGTAGCCGTTAAGAGCCCTTTTTCTCTTTGTTTTTCTTGCTCCTTCGCGTCCATTTGCGTTCATTTGCGGTTTCATCTGGTATACTCCCCCCATGCCCTACACCTATATTATCCTCATCATCCTCAGCCTCTGCCTTGCCACCGGTGCCTGGCTCATCTTCATCTGGGCCCTGAAACGGGACCAGTTCGACGACATGGAAGGGCCGAAATATCGCATGCTCGATAATGATGACGACAAAAAACAGTCTTGACTTTTACTGTCTTCTGCAATACCAATAGGAAAACTTTCATGCAGGAGCATTTATGGATTTGCGCGTTCTCGCACTGACCTGCTGCCTTGTGGCATCCGGATGCTCACGCGCTCTGGACCTGCCATCACACGCTCCCCCGGAGCAAGGCGATCACCGGCAAATCAGCTACCGCATCAGCAAACTCCACCTGCCCCGGCAAGCCCTTGCCGAGCCACCACCCACAACACTGCCAGCGGTCTCCGGCAACCTGCGCAGCGCCTCTCTCCCCAGCCTGATTCATCTTCTGCTCCAGGACAGTCATATAAACTACATCCTTGAAGATATTCCTGAACAGGATATTGCCTTCACCTTTCCGCGTCCGATGGCGCTCCCGGAGGCGCTGTATGCCGTAGCCACCGCAGCGGACCTGCAGATGGCCAGCCGCGACGGCACCCTGGTCATCAGCAACAATGATTTCAGTACCTTCACCCTCGACTACCTGGCCCAGGGCGCCGTTCTGCCCGGACAATCCTTCAGCCCGCTCAACAGCGCCCCGGTCTATCTCACGGATTCCGCTCACGCTTCGGAGCGGCAGCGCATATGGAGTGTCATTCGCGAAAATCTCAGCAGCCTGGCTTCCGAGGACGGGCGCGTGATCATCAATGACCTGACGGGCACCATCCTGGTAAGCGATAATGCTTCGGCCATGCGCCGCATCGAAGCGTACCTTGACATGGTGCGGCGCCTGTACGACCAGCAGGTGGAGATATCGGTCCGAATCCTGCAGATATCCCTCTCCGACTCCCTCACCATGGGAGTGGACTACTCGGCCCTCTTCCGGGTCAGCGGCAGCGATACCCCCATCGCCTTCAACCTCCACGGCACTGAGGGCCAGGCGGGAGCCAGTCTGGACGGAACCGCAGGCGAACGGGGCGTTCTGGACTACACCGTGGGGGTCCTGAATCCGGGCAAGTTCGCGGGCTTTCTGCAGTTTCTCAGCCTCCACGGCACCGTGCATACCCTTTCCAACCCCACCATCACCACCCTGAACAATGTAACGGGCAATGTGTACTCCATCCGCACCTATCCCTACCAGGTGACAACCACCGAGAGCAGCGCCAATGTCCGCGAGGCTCGAACCTATTTTGAAGATGTGAAGATCGGCGTCAGTCTGACGGTGACACCCAACATTGTGAACAATGGGGATATTCTGCTGGAGGTATTGCCCGTGGTGGGGGAGATTTACGAGGAGAACTTCAACCCCGCTTCCGGTGAACGGGAAAAGCCACAGACCGTGGAACAGGCGATCCGCACCATACTGCGCACCCGCAATAATCACTCCTACTTCATCGGCGGCCTGATCTACGAAAAAAACGTGGAGAGCACCAGCGGCATTCCCGTACTCAGCAGGATTCCCGTGCTCGGGAGGCTCTTCCGCTCCGACCGCAGGGTGCAGAGCCGTCAGGAGCTGGTCATCGTCCTGACGCCGAAAATCATTCCAAGCCTTGACTCCCACAGCGCTGGCCCCGTTGACTATCACAGCACTCCCCTGCATTACGGCCTGCTGGAATACCAGGCTGGCGCAAGAGCTCCCCTCGCCCTGGACGACCATGCCCCGCCACTGACCAACGACGATCTGGCATATTTCTTTCTCCAGCGTGGCCTGGACGCTCTGGGTGCTGGCGAAAACCTCCAGGCGCTCAGCATGCTGCAGTCGGCGCTGGGGTTTTCACCCACCTGCCCGTTCAGCCGCTTCTACCTGGCCCTGGCTCACTGGAACCTGCGTGATTTCAACGAGGCCATCGGCCAGCTGACGATCCACCTCCACCACGCACCCACTGACCAGCTCGCCATCCACAACCTGGGGCTGATGCACTTTCACCAGGGGAACTTCCAGCAGGCGCTGCGACATATGCAGCGCCTGCCCCTGGATCATCCGGCTGTGCAGAACAATCTGGCCATAGTGCATGCCAGCCTGGGTCATCACGACCGGGCACACACGCTGTGGAAAGCTGCCGGAAACTGCGACGCACGCCACAATCTGACCCTTTCCCGGCAAGACGATGATCTGCTGCGGCAGGAGTACCTGGAGCACTGTGTTCCCGAACAGTCTGCCTCCCGTTGAACGCCGGTGAAGCCGTATTTTCCGCCGACAGTCCGCGACATGATTGGCACTTTCTCTTCCATGGGGTAGAAACAGAAGGTCCCGCCACCGGACGGGAATATGCTGAAGGGTTGGGAGACGCTATGGGACTGGAAATTCTCGTGATGTATGTGGCGGTGGGACTGATTGCCGGACTCCTGGCAGGGCTGCTTGGTATCGGCGGCGGGGTAGTGATCGTCCCCCTGCTGGCATGGTGTTTTCTGCGGCAGGGTATTCAGCCCGACCATATCATGCATCTGGCCCTGGGCACCTCCCTGGCCAGCATCATCTTCACATCCATCTCCAGCTTTCTGTCGCACCATCGCCGTGGTGCCGTTGACTGGACCATCGTGCGCCGGATAGTGCCGGGAATTCTGGTGGGAACCTTCCTGGGCACCATGGTGGCCTCGCAGCTCTCCAGCAACTTCCTCAAGGGTTTTTTCTGCCTCTTCCTGTACACCATCGCCACCCAGATCATCCTCAATAAAAAACCGAAGGCGTCACGTCAGCTGCCTGGCAATGCCGGAATGTTCGCCACCGGCTCGACCATCGGGGCCGTATCCAGCTTTGTCGGCATCGGCGGAGGCTCACTCTCGGTACCGTTCATGCTGTGGTGCAATGTCACCGCCCACCGCGCCATCGGCACATCGGCGGCTATCGGCCTGCCCATCGCCGTTGCCGGAGCCATCGGCTACATCGTCAACAATCTCCAGGTCACCGGCCTGCCCGCCTACAGCATCGGCTACGTCTATCTGCCAGCTCTGGCGGGCATTGTCTGCGCCAGTGTGCTGACCGCCCCCCTGGGCGCGCGCCTGGCCCACTCCCTGCCCGTCGATCGCCTCAAACGCTTTTTCGCCATCTTCCTCTATGTGGTTGCCACCAGGATGGCCTGGGAGCTGGTCGCCTGATTCCCTGCGGTGCAATCAGGGGAGCACACGCATTCCCTGGATGCGGCTGATCAGAAGAGCATCGGAGCGGACACTGGAGAGCTCGCGTCCCGGACGCAGCGTGGTGATCACCACGCCTCCCATGATGGCCCGGCCTTCCCGACCCCAGGAGCGGGTGCGCACACCCCAGGCATCGTGTACCGCCATGGGCTGCCCCTCGTGCTCACCGATATAGAGCATGACGTGGCCACGCATCCACAGCAGCGTCATGAAGGGCACCGCGTTTTCCCGAATAAAGCGTTCTCGCTCGGCGGGCTTCATGGCGCTCAGGTCAATGAGATTCTCCTCCACGAAGTGCGCCTGCTGATAGGAGTTGCGGGGCAACCACACCCCGAAGCTGGTAAAAATATCCCGCAGGAAAGCTGAGCAATCGCGGTTGCCATACATCCCCCCCCAGCCATACTTCTCTGCGGCCATGGCATCGGCCACGCGGGCGATATTCTGCGCTGTCAGCGGCAGCGGAAAGGGAGCCATATCCACCGCCGGCACGGGAGCCTTCTCAAGGTGCGCCTGACCGTGAACATCCCGCAGGGCCACCAGCAAAGCGCCACCGCCAGCCACAGGGTACAGCCCGCCCACGCGACCATGGATCATATAGTTCCCAGCCTCATCGTACAGCGGCACCTGGTCGCGAACCGTCACCATAAACGGCCCC
NZ_CP084704.1_gap77	2361385	2364454	3069	CCCGATGAGATTCGGGGCGACACCCCCGAAGTGAACCGGGACATCGCCCTGGGCATCCTGAAGGGCAGCATCAGCGGCGCGCGCCGGGATATCGTCATCCTCAACGCCGCCTTCGCCCTCTACGCCGCCGAAATCACCGATGACATCCGCGAAGGTGTGGAAATCGCCCGGGGACTGCTGGACAGCGGCAAAGCCTGGGAAGCGTGCCAGCGCTTTGTGGAGTTTAATCGCAGCAGTGAATAAAAGGTTTCACACAAGGCCCGGGAAAAGAGAGGAATTGACCGCAAATAAACGCGAATGAACGCTTATCCAGAAGAATGAAACAGGTCTCTCGCCCGTTCGTTACGCCCATTGGGGACACGAGGAGCGCCAGTATTCTGAGAGCGAGCCACGGACGAAAGCGAGTATCTCCGTGAGGAATGCGGGCGCGAGTGCAGCTACACCGTGAACAGTTACCAGGAAATTGATTTGGCTGACAGTCTCCCTGGCGTTCTCTGCGGCTTTGCGAGAGGAAATTGTCTTTTCGGTATTCGTAAGTCCTGAATGATTCATTCCAGGTTTAACAGGCTGCTGAAAAACCCTCATCTGCGGCGTTGCTCGCAGTCGCGCGTCACTGCAACGTACGGGGAGTACGCTTCATTCCTCGCTCCGCGAGCGCCTTGCACCTGAGCATTTTTCAATTGCCTGCGTATTTTGAGGTATTTCAGCAAGCTGTTAATCATATACTTTTCGAGGGAACCATGCTCACCACCATCCTCCAGCACAAACAACAGGAAATCGCCGACCGCATTCACCAGCTCGATACCTGGAAGGCTCAGGCTGCCGACCGCAGCGACTTCCGCTCCCTGGTCACGGCCATGCACAGCGGAGATATCGCCATTCTGGCCGAGGTGAAAAAGGCCAGCCCCTCCAAGGGGCTTATCTGCGCTGACTTCGATCCCGTCGCCATTGCCCGCGCTTACGAGCAGGGCGGTGCCGCCGCCATCAGTGTCTTGACCGACGAGCGCTTCTTCCAGGGCAGCAGCCCGTATCTCAGCGCCGTGCGCCAGGCCGTCAGCCTGCCCGTCCTGCGCAAGGATTTCATCATCCACCCCTCCCAGGTCTATGAAGCCGCTGCCATCGGAGCCGATGCCATTCTGCTCATCGGCGAAGCCCTGGAAGCCCCCCAGGCCCAGGAACTCTACGACCTGGCAAGCGAAATCGGCCTGGACGTGCTCTTTGAAGTCCACCACCAGGACCAGCTGGTCAAACTGCCCACCAACTTCGGCGGCCTGCTGGGCGTCAATAACCGCGACCTCTCCACCTTCCATGTGGACTTGCAGACCTCCGTCACCATCGCCCACGCTACGGGCCGGGCCGTGGTCTGTGAAAGCGGCATCGGCGGACGAGACGATATTGAATCCATGACCCGTCAGGGCATCCGCATGTTCCTCATCGGCGAATACCTCGTCAAGCAGCCGGACCGCGCCGCCGCCCTGCGTCAGCTCATGGGACAGAGCTGACATGACACGGGTCAAAATCTGCGGCATCCGCGACACGCAAACCGCCCAGCACTGCGTCCGGCTGGGCGTCCACGCCCTCGGATTTGTCCACTACCCCGACTCACCCCGCTTTCTCAGCCCCGCCCACACCGCTGCCATCGTCAAGGCGCTGCCCCCCTTTGTGGAAACCGTCAGCCTCGTGGTGAAACAGGCTCCTCGGGAAGCCGCCGCCATGGCCCGCGAGGCCGGCACCAGCATTATCCAGTACTATGGCACCATTGCCCAATACCTGGAGCTGCGCCAGCTCTTTGCCCGCACCATCTTCACCACCGCCGACGCCACCATCGCCCATGAACTCATGGACACACACCCCGAAAGCTGGCTGCTCTTCGACGGCCAGACCCCCCACTATGGCGGCGCCGGCGTGCAGGCCGACTGGAGCGAAGCCGCCCGGCTGGCCCGCCGCACATCATTGATACTGGCCGGTGGCCTGACCCCGGAGAACGTGGCCCAGGCCATCGACACCGTGAAACCGTATGCCGTAGACGTCAGCTCAGGCGTAGAGCGTGAAAAAGGCGTGAAGTGCCCGCAGCGGATTGAGGACTTTGTAAAGACCGTTTACCGAAAACGATAACTGAAGTTTCGTGTCTTGCCGTCTCGGGAGATGGTATTATTTTCCTAATGTTTACTACGCGGAAGCAGTATTGATTCTGCATGCTTGACTCATCTGGATATTGTCCTTTTTGACCGCGCAAAAAGGACACAAAAACGCGCCCCCCGAACTCCCGTTTTTCCGGATCGCCTGCTCGCCTGCTCTGGAGATCCGGCAGCAGGCTGCTCAAAGAGGCCCATCTGCGGCGATGCTCACAAGTGCTCGTTGCAGATGGGGGGCAGTGGGTAACACCGCAGGGGTAGCCTGCTAAAGAAAAACCCCCTCCTGCGATGCAGGAGGGGGTTTTGGTTATGTAACCTTCCAGTTTACTGGGAACGAAAATCAAATACCCTGGGCTTGCCATCACGGGAAGCACCCTGGAATTTGACCTGCTTGCCGGCAGAGGCTCCCTGACGGGCGGGTCGGCTGCCCGCGCTTTTCGGACGAGCGCCTGTGGAGGTTGAGGGGAACGCGCGGGCGCTTTTCGCGGGCTGCGCTCCACTGCGTGCCCGTCCCTGCCCCTGACGGTTATTGCGACCATTCTGGATGGGCTCAGCCGGGATAGAGGGGTCGGGTTCAAAACCCTTGATATGCTCCTGGGGAATGTCACGCTTCAGCAGGCCTTCAATTCCTTTCAGCAGCTGTTTTTCATCAACGCACACCAGGGAGCAGGCTTTGCCGCAGTTGCCAGCGCGGCCGGTGCGGCCGATGCGGTGCACGTAGTCTTCGGGCACATTTGGCAGTTCAAAGTTGACCACGTGGGGCAACTCGTCAATATCCAGTCCACGGGCGGCAATATCGGTGGCCACCAGTACCCTGACCTGACCTTTTTTGAAGTCGGCCAGCGCCTTGGTGCGAGCACTCTGGCTCTTGTTGCCGTGGATGGCAGCGGAGTGAATGCCGTCTTTTTCCAGCTGCTGGGCCAGGCGGTTGGCG
NZ_CP084704.1_gap78	2369874	2374201	4327	CCGCGCCATAGGCACGCCTGACGCCATCAAGCTGGAGAAATGATGGACTGCTTTGTGTCGACATGGTGTGCTTATCTGGCAAAGCGCCTGGTCCATTCGCGCACCACCGCGTCCTTGGTCTCTCCTACCTTATTGAAATCCATGGAGATGAGAGGAATATCCCCAAGCTGAGGCAGCTTCTCAGAAGTGGCAATGCCTTCCATGGTGACACCGGCTTTCATGACGGCATAGGACTTCATGGCATTCTCACTGATGGCCCAGTCAAGAAATCGCTTGGCTGCTGCCGGATTGGGGCCACCCTTGACCAGGGCGTTTGCTTCCAGTTCATAACCAACGCCCTCTTTCGGGAAGATCAGCTGCACGGGAAAGCCCTGATTGGCCTGAGACTGGATGCTGAGCACCAGGGAAAGACCGGCGACGGCCTCACCAGAACCGGCCAGACGAGCGGGAGCAGAACCACTGGAGGTGTATTGACGGACATTGCTGTTCAGCTGCTCCATGTACTCCCAACCTTCCTTTTCGCCGAAAATGCTGAGCCAGGAGTTCACGTGGACGAAACCTGTCCCCGATTCTGCAGGATTGGGCATGACCACAAGTCCGCGATAGCGCGGGTCGGTCAGATCTTTCCAGGATGTGGGCAGAGGAAGCTTCAGATCATGTAATTCACGGGTGTTGATCGCAACACCACCAATATACATGGTCATGCCATACCAGAAATCCTGATCGCTTTTGAAACGTGCCGGAATGCGACGGGCATCGCGGGGGCGATAGGGCTCCAGAATGCCTTCTTTGGCCAGCGGATCAAGGGCGGTTGCCGCCGTTCCCCAGATAAGGTCGGCTTGGGGCGAACGGGATTCCGCTTTCACCCTGGCCGCCAGCGCACCTGTTGAAATACGCAGTACCTGAATGTCCAGATCCGGCAGGGCCGCACGGGCTGCTCGCATATACGCTTCAATTTCCTCGTTTTCCAGGGCAGAGTAGACCACAACACGGTTACTGGCTTGGGCTGATACTGCCAGAAAAACTCCCAGGACAAGAACCCCAAATAGTTGACGCAACATAAGCTCTCCTTTTACTGCTGATATTTATAATTGCAGTACATGTTTCTCAGATAATCGCGTGGCGTACGCGGGCCGAAACCCATTCGCTGGCCAGTACGGTGACGAAGATGGCAATGAAAATCACGGAAACCTGGGACCAGGCCAGGGAGTTGACCGAAGCCATGAGCTGCAGGCCGATGCCGCCAGCTCCCACCAGTCCAAGCACGGTGGATTCGCGGATGTTGATATCCCAACGGTAGACGGAGATACCGGCAAAGGCGGGCATTACCTGGGGCACGATGCCGTAGGCCATGACCTGCATCCCATTGGCGCCGGTGGCGGCAATGGCTTCCACCTGGCTGGCGTCAATCTCTTCGATGGCTTCGTAGAGGAGCTTGCCAATGAAGCCGATGGAGCGCAGGGCGATGGCGATTATGCCTGCCAGCACCCCGGGGCCGACGATGGTCACCAGCAGCATGGCCCAGATGAGGGAGTTGATGGAGCGCGAGGACACGATGACCATCAGGGCCGCTGTGCGCACCATGGTGTGGGGAGTGGTGTTGCGGGCCGCCATGAAGGCCGTGGGCACGGCCACCACGATGCCCAGCAGAGTGCCCAGGGTGGCAATATTGATGGTATCCCAGAGGGGCTTCCACAGCCTTTCCATGTAGGTCCAGCGGGGCGGAATCATGCGACTGAGCAGGTCGGCCCCCTGCTGGGGCGCGTCCAGGGCGAAGAACCAGATGGTCTTGTCGGAAATGATCTGCCAGCACCAGAGAAAGAGGAATACCCCGAAGAACCAGCAGGCCCACTGGGTCAGCTGCTGGCGACGATTACGGTGTTTCCAGATTCTGCCATCGGCAGTGGTGATTACGGGCATTACTGCAACCTCTTGCGCACGAAGCTGGAAAAGTATTCGGTCATCAGAACGATGCCGATGATAATCAGCAGAATGGCGGCGGCGGTATCGTACTCGTAGCGGTCAAAAGCCGTGTTCAGGGTAGCACCGATGCCACCGGCACCCACGATGCCGATGACGGCCGCTTCGCGGAAGTTGATATCCAGGCGGTAGACCGACAGGCCAATCAGGCGCGGCATGACCTGGGGCGCAATGCCGTAGCAGACCATCTGCAGCCAGCTGCCGCCGGTGGCGCGAATGGCCTCCACCTGGGAACGGTCGATATCCTCGATGTCCTCGGCCATGAGCTTGGCCATGAAGCCGATGGTGGCAAAGGCCAGGGTGATGACACCCGCCAGGGGGCCGAAGCCGAACATGGCCACGAAGAGGATGGCGATGATGATTTCCTGGAAAGTGCGCGAGATGGAGATAATGCCGCGACAGGCGATGTAGATGGGCAAGGGAGCCACATTGCGGGCTGCCCCCAGAGCGATGGGAACGGAGAGAGCCACGCCGATCACCGTGGAGGTGAAGGTCATGGTCAGGCTTTCGATCATGCCGTCCACAATGTCACCCCAGCGACTGCTGAAGTCGGGACGGGCAAAGGAAGCCACAAAGGCCAGTCCGCGTTCCAACCCTTCGTAAACCCGTATCCAGTTGATATCCACACTGGCAGTTGCCAGCAGCAGGTAGAGGAGAATACCCCCATAGAGTCCATAGCGCTGCCAGGGATTGGCGATAAAAGGCTTTGGTTGCCAGGTGCGATTGCTCATCAGTTCATGTTCCCCTAACAGGCTGCTGAAAAATCCCCATCTGCGGCGTTGCCCGCTGTCGCTCGTCGCTGCAACGTACAGGGAGTACGCTTCACTCCTTGCTTTGCGGGCGCCTTGCACCTGTAGGTTTTTCAATTGCCTGCTTATTCTGAGATATTCCAACAAGCTGCTAAAAGGCCAGGCTCTGCTGGGGCAGAAAGCTGGCCTTGCTGGGAACCGGATCATCCTCTTCGTCATCCAGACACTGGATGGAGGCGTTCCAGTCCTCTTCACCGTAGATGCGGGTCAGGGCATCGGCGGTCAGCTCCGCCGGAGAGCCGTCAAAGACAATTTCTCCCTGGCGCAGCCCCACGATGCGGGCGGCGAACATCTGGGCCAGGGCCACGTCGTGAATATTGATGACCGCTGCCAGACCCTTCTCGCTGCACAGTTCACAGATCAGGCGCATGATCTGGCGCGAGGTTTTGGGGTCCAGGCTGGCGGTGGGCTCGTCCACCAGCAGAATATCGGGATCCTGAATCAGAGCGCGGGCGATGCCTACCCGCTGCCGCTGCCCCCCGGAGAGGGCGTCGGCACGCTTGTCGGCGAAGTGGTCCAGGCCCACCCGCTCCAGCAGGCCAAAGGCGGCGTCGATATCCGCCTGGGGATAGCGGCGCAGGAAACTGCGCCAGAAACCCACATAGCCAAGGCGTCCTGAAAGGACATTTTCCATCACACTCAGGCGCTCCACCAGGGCGTACTCCTGAAAGATCATTCCCATGCGGCGGCGCTGCTGACGCAGAGCTGCCGAGCCAAGGGCGGTCAGCTCCGCATTCCCCAGGGTTATTCGGCCATCGGTCGGCTCCACCAGTCGGTTCACGCAGCGGATCAGAGTACTTTTGCCCGCTCCCGACGGCCCGATCAGGGCCATGACCTGCCCCCGGGGAACGGCGAGCTTGACCCCTTTCAGGGCCAGATCGCCGGTGGGATAACGTTTGACGAGACCTTCAATGTACAGCATGGCGTTTACCGGCAATCGTAGGTGACACCCATGGCCTGATCTATGGTGCGGATCACGGCCCAGTGCTCTTTATAGGTGATGGGCAGGAACTGGCCCTCGTTGGCAAATTCTTCCTGCAGAGCGGAGCCTTCCCAGTCGAAGGTGAAGAAGGCTTCCTTGACCTTGGCCGCCAGATCGGGGTGCAGGTTGTACACGTGGCCGTACCCAGTGGTGGGGAAGGTCTGGGAGCGATAGATCGTCTTGATGCGGCTCTGATCCACAGCGCCGCGATCCAGCATGCGCCCCAGAACGGAGTTGGCAATGGCGGCGGCATCGTAGTCGCGGTTAGCTACGCCCAGGATGGAGTTGTCGTGGCGACCGGAAAAGGCCGTCTTGAAGTCCTTATCGGCCTGCAGGCCAAATTCTGCTTCCAGCAGGGCTGAAGGAGCCTTAAAGCCGGAGTTGGAGGTGGGAGAGGTAAAGGCCAGGGTGCGGCCGCGCAGGTCTTCAATGCGCTCAATACCACTGCCGGGATAGGTGATAATTTCCATCTCATACCCGTAGGAACCATCCTTCGCCGACATGATGGCAAAGGGCACAAAACCGGCACAGTTGACGGCAATTGGGTTGCCGCCAG
NZ_CP084704.1_gap79	2375536	2376610	1074	TGCGGCCTCGCATAAATAGGTTCATAGTTCACCTGCGCAGAAAAAATACGCGCCGAATGCGGGGCCGACACCCGATGAATCCATACCCGCGCAAGGCAGATTGCTGTTGTGCGTAGGTGGACCCGACAGGGCTTGACCCTTTGTCGGAAACGTTCCGGAATCGGCAACTCCCTGCCGTCCTCAGTGAGCGACTATGCAGAAACCAGCAGCGGGAAGCATTAAGGGAATGTGCGGAAAACGTAAAAGAGTGTGCCGCCAGGGTGGAGAGGAAAAAAACTTCCGGAAAAAGGATTTATTGAAGTTTCGCACCTTGTCGCCTTAATTTAAGACATTCTTGTCCTGATGTTTACCACGCGGAAACCGTATTGATTTTTCATGCTTGACTCATCTGGTGTTCCACTTTTCGACTCTGGATATTGTCCTTTTTGACCGCGCAAAAAGGACTCAAAAACGCGCCCCCCGAACGCCCGTTTTTCCGGATCGCCTGCTCGCCTGTTCTGGAGATCCGGCAGACACTGCTTCCCTGCAGTGCTGCCGGACCACTCACTTCCTGTGAGTGTCCCTTCGGGTCTTGCCAGCCAGGCGTCGCACTCACCGGACGGGCTCAGGGGGGAGACGGTCTGCATCTGCCTTTCCCCCGTGGGCTGGCCCAGCCAGAACGCGCCGACTGTCAGGCTGCTGAAAAGCCCTCATCTGCTGCGTTGCCGGGCATCGCTCGTCACTGCGACGTACAGGGAGTACGCCTCGCTCCTCGCTTTGCCCGCGCCTTGCACCTGAGAACTTTTCAATTGCCTGTATAACACGGTAGACCCGCAGGGTTGACGCCACGAGGGCGGCAACCGCAAACCAAAAGCCAGGGAGGGCGGTTGTTTGCGGTCCCCAGTTCCAGGCAAGCGGACGGCTGAAAAGGACAGCACTGGGGGCCGCTTTTGCGCCACTTTTGGCGAGTCAAAAGTGGCAAAAGAAACTCACAAACAAGCTGAGGGCAATGTCAAGAAACGCAGTCTGTACAGAACCATTTCAGCATGGCATCAGGGTCGGCGCAACAGCCTGCCGTTTCGGAGGGAGGGGAGA
NZ_CP084704.1_gap80	2383157	2385743	2586	CTGCCACCGCCAACCAGCAGACCAATATTGTCAGTTTCGGCGGCATTGTGGCGGGCCGCCACGGCTACCTGGAGCTGCGCTTTGACGACGACGTGGATGTGGACAGCAATCCCGATGTCACCGGCCTGGCCAGTGTGCGCTTTATTGATGTGAAGACCGGCGAAGCGGGTGCCTGGGCCAGCGTTGATCTGGTAGCGGGTGAGCTGAACCTGGCGGGGTCCGGTGCCCAGACCTTTGACGGCGCTGCCGTTTTTGGCGGTGGTGCCAGCCTGAGCGTCACCGGCAATGTGAAGCAGGGAGACAAGGCCCTCTTCTCCATCAACGCCGCCGTTGCAGCGGCTGATGTGGGCAGCATGTCCATGGGCGCCGGGGCCATCAAGATTGACGAGCGCTTCTCCAACGATGTGGGCACGGCTTCGGTGGTGGACTACCGGGGAGCCTACTACATTGACACCCAGAGCAGTGGCATTCAGAATATGCAGCTTACCGATGGCAACCAGCAGATCACCTACCACCTGGCCCAGCTGGAAAGCTCCACGGGCTCGGTGAGCATCGGCTCCATCACCCTGGACATGCAGGCTGACAGCACGGGCACCAAAGCGGACAGCTCCATTCTGGCGGAAGTGCGTGGCACCAGTGGCCTGGCTTCAGCTTACACCCGTCTGGAGGACATTGACGCCTTTTTGACTTCCGACGGCCTCAGCGTCTTTCTGGCCCCCCAGCAGCTGACCCTCTACGGCAATGATCGCCAGGTGAATGTAACCCTGCAGGGCAGTGACACCCTCGCCGATGTGGAGCGCAAGTTCACCACGGCCATTACGAACGGCCTTGGCATGGGTACGGGAATCAGCAGTGTGGACAACCATGCGGTGGATTTCATCGCCAGGGGATCTGGCCTGGACAGCACCCACGCGGCGGTGGCGGGAACCATGCTGTTTCGCTCCCTGATCAACGGAGCCCAGGGGCGCATCGGCCTGGCGGGCGAGGATGCGGTGATTGGTGGCTTCAACCTGGCCACCCTGCAAAATCCGGAGGAGAATCGCTACATGGTGCGGGTCAGCGAAGCCCATTCGGGCCGCGCGGTGGGATTTGGCGAGGTGAGCGGCTCCATGCTGCGCGACCTGATTCCCGGCATGGATATCGCCGTCAAGGGCAATGTGGGCATCGACACCAGCTTCAACGACAGCCGCGCCCGTTACGACTTCACCAGCCAGGCCACCCCATCACCATTCACCCTGCACGTGGTGGACAATTCCCCCTCATTCCAGGTCGGCGCCAATCCGGGGCAGAGCATCAACATGCCCATCGGGCGGATGGATTCGCGGGCCCTGGAACTGGAAAACCTCATGGTGCTGGATACGGGGCTGGCCAACGAGGCCATTGCCCGCATTGACCGGGCCATCGGCATGGTTTCGGAAGCGCGGGGGAAAATGGGGGCGGTGGCCAATCGCATGGATCACACCATCAACAGCCTGGCCGTGGCCCACGAGAGCATGCAGGCCGCCGAAAGCCGCATCCGCGATGTGAATGTGGCCAAGGAGATCAGCAACCTGGTGCGCAGTCAGATGCTTACCGAGTCGGCGACCATCATGCTGGGCAAGGCCAATATGCTGCCCGACGGGGTCATGAGCCTGCTGCGCAACGCATGAAGAAATTGCCATATATTTTATTTCCATCCCTTGAAAAAAAAAGCACGTATGTTTACGCTGGTCTCCGGGCCAGCGTATTTTTCAGAATACAGTATACAAACCCCAGGGAAAAAAGTTATGATGAAAGGTGCTGATCAATAGCAATTCCTGTTATTGTCGCAGCTTGTGAATTATAGTATTTTCCTATGAAGAGAGAAATTATTTCAGGAGGTCTGAAACCTATGAAAAGGCGTACTTTTCTAAGGGCCACTGCCGCTGCTGGCATTCTTGCCGGCATGGGAGCGGGAAGCCATGTGACTACCAAGTTACTGGTGAGCACCGCTGAGGCGTCATCCAGTGGACAGAGTGGCAAGAAGCGATTGGGCATGTTCATCGATGTCAACGGCTGTGTTGGCTGCAACATGTGTACTGTTGCCTGTAACAAGGAGAACAACGTGGGGCCCAAGGTGAGCCGCACCAAGATTCTTCCCATCGAACCCGAGGGCACGTACCTCTCCATGGCCTGCCAGCACTGTGACCGCCCGCCCTGCGTCCTGGTATGCCCCATCACTGCAACCTATCGCCGCGACAAGGATGGCATAGTCATGCAGGATGACAGCAAGTGCATGGGCTGCAAATACTGCATGACAGCCTGCCCCTACGGTGTGCGCACCTTCAACAAGTACCGTCCGTTCCCCGGCGATCAGGCGCAGTACAACCTCAACCCCGAAGTCAAGCCCCGCCCCCGTCACGTGGTGGAAAAGTGTTCCTTCTGTGACCACCGCTCCGATCGCGACCAGAAACCTGCCTGTATTGAGGCGTGCCCGGTTGGCATCCGTTACTTCGGCAACCTGGACGACCCCGACAGTGAAATCAGCCAGATGATCAGGAAGCGCAACGCCATCACCCTGTTGCCGGATCAGAAGACGAAACCGAAAGTCTACTTCGCCTTCCCGTA
NZ_CP084704.1_gap81	2392531	2393309	778	TCCAGAGGCACCTCCATATGCATACTTCTTATTGAACAAATCCTGTGGCGGCCGCGTATGAGACAATAGTCATCAGAAACGCGCCCACCAGGACACCCATAAGCAAAAACACCGTCGTTCTTTGCATAAATCCTCCTCGCACTACTGCACGCCATACTCTTCCAGTTTTTTGCGCAAAGTGACTCGATTTATCCCCAGAACCTCCGCCGTGCGTGTCTTGTTCTTTTGCAGGCGGTGGTACGTGGCAATGATCAGTTCCCTCTCCACATCGGCGAGGGTTTTAAAGGCCTCTTCAGTGGAATCTCCATTTTGCTGACGCATCTGGTGCGTTCGTCCATCACCCAGCAGACTGGGGAAAGTTCCCAGCAAAGCCGTGCGTTCAGCCACATTCCGCAGCTCGCGCACGTTGCCAGGCCAGTGATAGGCCGTGGCCTCGGCCAGAATCTCGGCGCCAAGCTCCAGGACAGGCCTCCCCATACGCTGACAGTAGTGAGTAATGTAGTGCCGAAGCAAAGTGGAGATATCTCCACTGCGCTCCCGCAGGGTCGGCAGATTGATCTGCACCACATTCAGTCGATAGTAAAGATCGCTCCGAAACGATTTATCCTCAAGCATTCTGGCCATATCGCGGTTAGTGGCGGCAATCACCCGCACATCAACCTGAATCTCCCGCTCGCCACCGATTTTGGTGAATGTCTTGGCCTCCAGAAAGCGCAGCAGCTTCGACTGCACCTCAAGCCCCAGCTCACCGATTTCGTCCAGGAAGAGCGTGCCACCG
NZ_CP084704.1_gap82	2412857	2415369	2512	CGAATGATTTGGATGCCCACGTCCAAAGGCCGGTCAGCCTGAGGTACTTAGTAGCCTCTTCGGCCCTGGCGACATTTTCAGGCTCAGTAGCGGAAGGGCTAACGTGGACAATCGCTATTTGATCCGAACCCTCTTCCGTGCGGTAGGCCTGATAGTTTTCTGTGTCCGCCAACTCGGCATATTCGAGGGCCTGCTTTGTGAGGTCCTCCCGTGCCTCAGGAATGTCGCGGTGCTCTTCGTACTGAAATGGCAGATCGTTCTTGAAATTAAGTATTGCTTCACGGGCTTGATCACTGATCGGTCCAGGCTCAAAGATGAACCTGGGCACCATCCAGCTAAGCTGTGTCTTGCGAACCGGCCGGGCATTTGCTGCTTGGATCGCCTCTACGTGCGGCATGTCGGTGCGTTGCGTGAAGCCGATCAGGTTCGCAGTTGACGAGAAATCTTGCGCCATTCGGTTATGGTCTGCCGCCAACAGGCGCTGTGAGGTGAAGAGCGGCAACGTCCCTTCGGACACCGTCTCAGTATGGAGCGCAAGCATCGACGCGACGCCTAGGATAGCGATACACTCGTTCCCCTCGACGATTCGCTGGATCAACTCGTCGACGGACCTGTTACGCTCAAGCTCGGCGAAGCACCACTCCTCAAGCGCCATAAACCCGCAGCCGATGGCATTGGGCGCCCACGTCGACCGAAACCAAAGATACTCCCGGTCGGTGCCCCAGAACTTTTGGGTACCCCAAGGAAATGTCAGTTCGAGCGGTATGGGGGTGCCATCACGGTCTCGTGAATAACGATGCAGCTGTCGCCACGCGGTCATCGCGTGATTGCACAGTTCCCGAAAGAGACGCAGGGCCTCGTCGGGTGATGATTGGAAAAGTGAGTGAAAGGGCTCTCTAAGCGGCGAAGGGGGCGAGAAGCTTCGGTAGTCGTCGTGGATCGAAAGCCTTTCCCAGTCGTGGTAGCTGAAATCGCCGACCGTTCGCAAAGAAACACCGAAGGAAAGCGCCATTTGCTGTTTACGCGTGCGCTCGGCTTCAGGCTTGGCCAGAATGGCCTTGCGCCACTCGGATGCGGCCCGAAGCTCCTGCTTTTCACGGGCAACTTGCTCGTCAGGAAGCTCTTCGCGCAAGAAAACCAGTGAAAGCTCAACGATCGACTGAGGCAGCGATTGGGCGAGTACAGGTGAGTAGGCAATGATGTCATGAAACGCATCATCACGGATGCGTTCTAAAGCGACGACCCGCTGCAAATAGTCGGCCGCAAGGGTCGGCTCGGCTCTCGACGATCTTAAGAGAAGTTGGCCAAGAGATTTTCGGAAAGCGCCCAAGTCGGGCACCCGCGCCCAGTACTCAGAGTTTTCGTCAGGCCCATCAGCGGTACTGATCGCGTCGATGGCGGCGAGCCAGATAGCGCATTGTTGTAAAAGAGCGCAAGACGTCGGGTTGCGAAGTTCGGCTAGGGCGTTCTGCCAGACCTCGAAGATTGCGACTACCTCCGGATAGAGCCTCTGCGGAATATCTGAAACGCGCCGGAGAATAAAGCCGATGAGGCGACGCCACGCGGCGAAGTCGGAAGGCCAGCCGAGAAGATCAGCGAACCGTTGGCGTTGCTCCTGTGGGAGCGTGCCAGCCAGGATACTCGCATTCGGAGAGGTCTTCTCCGCCTGAAACCAGACGAGCACCTTTCTGAAAAGCCGGAAGTCGTCGGCAAAGACGGCCGTCGCGAACTGGCCCTCATCAGCTTCGAACCTCGCAGTTCCGAGGGGACCGATCAGCCACGCTCTCAGCCATTGTGATCTAAGGTCCGAACCCTCGGTTTGGGCGAGGTACGTTGGCCAGTCTTCTCCCTGTGCGTACTCCCATTGGGAAACAAGTTCGACGACGCGTGCGACCGCTGGCGGCTCGCCGCAGGTCTTGATCTCTTCGATCCATTGGGGCCCGCGATCAGCCAGGACATAGAAGAAGGCCCATTCGAAGAAAATATCGTGAGCGAAGCGGACGGAGATCCCTTCACGAGCGTTCTGAAGTATGCCATCCGATCTTAGATCATCAATGTGTGCGACCGAGGTTAGCTGACTAATGCGAATCGGTTGGCTTAGCTGGCGGGCACGAATACGTGCCAAGTCGAGCAATGCTCGCTGACGCTCAATCGCGCCTTGGCCGGTCTCGTTGTAGCCACCCCGCCGCCACCAATTCTCGATCAGGTCGATTTCAGATTGGGGAGCGAAGGTCGGGGCTTTGGGGTCGGCCACGTAATTCTGATTCAGCACCTTCGCAAAAAAGGGTCGTCGGACGATCTCTTGCACCTGGGCTGGTCCAAACAAAAGTGGTCGCAGGTGTGGTTTGGCTTTTGCGAGCGTCTCGGCCTCTTCGTCGCACAGCTGATCAACACTAAGCGTCTCGACCTTCAGGACATCAAGGAAGTCGCCCAACCAATTGCGAAGCACTTCAATGCCGGTGTCGCGAAGGGAGACGATGATGCGCCAGTTATCGAGCAGCGGCGAATCCAC
NZ_CP084704.1_gap83	2494141	2495597	1456	CAGATGGTCAGCCTTGGGCCACGCATACTCAAAGCCAGTACCGCGCAGGTCGCTGCCCTGAGCATAGTGCAGCATCGCTTTGGCGATATCCCATGAACTCCCATCTGTTGCAATCCACCAGCGGACAGGATAATCTGAGTCGAAATATCTCCGAGGTCAAGGAACATCCATGAGGGTACTCGTAAGCGGCGGAGCCGGTTTTATCGGCCTGCATCTGCTGGAAACACTGCTTGAGCAAGAGCAGCATCTGCACGTCAGCGTCCTGGATGACTTCTCTTCCGGCAGCCGCGAGCAGCTGGAAAACCTGCAGAACCGCCACCATCAGCGCCTGCGCCTGATCGAGGGCACAGTGACCTGCCCCCAAACCTGCATGCAAGCCTGCTCCGGGCAGCAGGCCATTGTGCACCTGGCCCGGCAGAGCTGCGCCCCCCACAGCCTCACAGATCCTTTCCCCAGCGCTGCCATCCATATCCAGGGAAGTCTCAACCTCTTCTGGGCGGCATATCGCCAGGGAGTGGGTAAAATCGTCTACGCTTCCTCCCACAAGGTATATGGAGACAGTTCTGCGGTTCCCCTGGCGGAGAACTCACTGGGAAAGCCCCTGACACCCTATGGCGTCAGCCGGTACACCTGCGAACTCTATGCCGGCCTGATGCATCGGCAGTACCATATCCCCACCGTGGGCCTGCGCTTCTTCAATGTCTACGGCCCGGGGCAGATCTGGGGTGAGCAGGGCCCAGCGCTGGTGACATCCCTTATCGCGCACCTCTCCCAGGCTCAGGAGCCCATCATTTTCGGCAATGGCAATCAGAGTTGTGACTTTGTCTACGTCAATGATGCCGTCAGCGCTCTCACCGCCGCCCTCCACCGCGACATTCCCGCCGGAGAGTATAATGTCGGCTCCGGACAACGCTTTTCGGTAAATGAAATCTGTGAAGAACTGCAGACCATTCTGAAGCGACGTGGCCTGAACGCGGATATCCCCCCCCGCCACCTGCCGCAGCGACCCGGCGACATGCACCATGGGCTGGCGCACACGGCACTGGCCGCTGCAGAGCTTGGCTACAGTGCCCGGACATCCCTTGCCGATGGTCTGGAGAAGACGGTTCAGTGGTTTGTGCACCTTCCGCCGCAAAAGCAGCAATCTATTCTGGAAAACTTTCAACGCACTTTGCAAACTTCTCCAAGGAACACGCCATGATACTGGAACACCGTGCCGATATGAAACGCCTCCTGGAAACAACCCGAACCATCGCCGTCGTAGGGCTCTCGCCCAAGGAGGATCGGGCCTCCAACTTCGTCAGCCGCTACCTGCAGCGGGAGGGATACCGCGTCATCCCCGTCAACCCGGTCTACGAAGGCCAGCTGCTGCTGGGGGAGCACTGCTATGGTTCCCTGGCGCAGGTACCGGAACCCATTGACCTGGTTGATATTTTTCAGCGTTCGGAAAACGTCC
NZ_CP084704.1_gap84	2516905	2518225	1320	TGGAAGCTTCCAAACTCCTGCCGGACATCAATCAGAAAGTCTTCTACCACATCAATGCCATCGAGGGTTTCGCGGCTGCCGTGGGCATTGAGTACCACCGCCCGTGGAACACCTATGCCGATATCGGCACCTTCCTGGCACACACGGACCACCTGCACAGCGTCACCATCGCCATCAACGGCGCTGCGCGCACCATGCCACCCAGCGGGCGCATCCACGTTCGGCCCGGCGACAGCATTGCCGTGCAGGAAATCAATGCCAGCAGCCCCATCGGCTGGTATCCCGATATTTACGGCACCGGATTCTATGATGACAGCCTGAGAAGCTTTTCCGTCGCGGAAGAGACAAAAATCGTGATCCGTCGCAATAATGAAGACCGCGGCATCATTGAAGTCCGTCTGGCCGATGAGCCAACGGAATTTTTTGAAGCGCTGGTCGATGGGGAAATTCATTTGCTGCGCCAGGGACAAGTGGTGCATGTCCATGAGCGATTCAAGATTCTGAGGGGATTCACCGACCGGGGAGAAGAAACCATGGTCAATGTAGCCGGCTACGTCCCCCCGGGCCTGGAGGGGAAAATTCCCGACGACAGGGGCTACGCCCTGCATCCGGAAGAACTTGACTGGCGCTATTCCGTGGACCGCCGGGGCCTGCAGTATCGCGTCCACAGCTTTGCGGATCGCACCTTTCGCTCAACCGGCGAAATCTACTTCACCGTCGATGACATGTACGGAAAATAGCTGATTCACAGGATGCCTGCACCATCAGCTGCTTCGCCTGCGCAGTCTCTCAACCTGGTCACGCATGTCTTCCGGCAACGGACACTGCAGCTCCACCACTTCACCGCTGATCGGATGCTGAAGACACAGGGAGGCCGAGTGGAGCGCCTGGCGTCGCATACTCACATAGCCCGGCTCCTTTTTTACCCCATACACCTGGTCTCCCAGCAAAGGGCGTTGCACGGAGCGCAGGTGCACGCGTATCTGGTGTGTGCGACCGGTATCAAGGCGACACTCGATCAGGGAAACCCACTGCTGATGGCAGAAGAATTTTTCCAGCAGGCGGTAGTGGGTGCGAGCCGTCTTGCCCTTGTCCGCCTCAACAATGGCCATGCGCTTGCGATCCTTCGGATCGCGCCCGATATTGCCTTCAATAACCCCGGAATCATCCAGCGATCCATGGCACAGCGCCAGATAGCACCGATCGATCTCCTTGGCGGCAAACATGCTGACCAGCCGCTGATGGGCCACTTCTGTTTTGGCCACGAGCATCAGTCCGCTGGTGTCCTTGTCAAGACGGTGAACAATACCCGGGCGTAGC
NZ_CP084704.1_gap85	2539838	2542161	2323	GGTTGATGATGGTGTGAATCTGCTTCACATCGGCTATGGTGGCTTTGGTTGCTTCCACGCTCTCACCGTATCAGGCGGCCGATGCGATTAAAACGCACAGCGCTGTTTTCGGAATCCCAGGAAAAATAGAGAATGAATGCTTTCCCAACGATGTTTTCTTCGGGAACAAATCCCCAGAAGCGACTGTCGAAAGAGTTATCCCGGTTGTCACCCAGCATGAAGTAATTGCCCTGGGGAACCTGGAATTCCTTCATATTGTCGCGGGGCGAACCCGTTTGCAGCTGGGAATCCTTAAACTGTTCAAAACCGGTCACAAAGGGCTCGTCATTCACATAGACCCGCTTGGCCTCGATGCGAATCCGGTCGCCTGGCAGGCCAACGACACGCTTGATATAGTCGATGTGGGGCTCAGGGGGAAACTTGAACACCACCACGTCACCGCGCTCAACTTCTACAAAAGTGTATATAAACTTGTTCACCAGCAGGTGGTCACCGATCTGCAGCGTCTCCAGCATGGACCCGGAAGGGATCTTGAAGGCCTGCACGATGAAGATGATAATCACCAGGGCCATGGCAAGCACCTGGGATATTTCGTCCACAAAACGCTGGAATCTTCCCTTTTCAATGGTGGTCTTCAGCAGGCTGACCACGTAATAGAAGGCGTGGTGGGCAATCAATGCGGTCAGTATCACCACCATGGGCAAAGATACCGTGGCCGTCCCCATTTTCAGGGGCAGCTGATCGGCCCAGAAGATCAGGCACAGCGTATAGAAAACCGCGATAATCAGATCAAGGTGCCTCTCCAGCAAGTGGCGCATCCCCCTGGGATTTCCCTCCCGGGATACCGGCGTTCCTTCCTTGTCGGTATGGGTCTCGTTCACCACTTACCTTCCCTCCGTGCCGACACGCAGAACGGCCATAAATGCTTCCTGAGGAACTTCCACTGCTCCCACCTGTTTCATGCGTTTCTTTCCTTCCTTCTGTTTCTCCAGAAGCTTCTTTTTTCGGGTGATATCGCCACCATAACACTTGGCAAGAACGTTTTTCCGCATAGCCTTGACGGTCTCGCGAGCGATGATCTTATTACCGATAGCGGCCTGAATCGCCACTTCGAACATCTGGCGCGGAATGATTTCGCGCATCTTGGCTGCCAGGTCGCGGCCACGGGCATAGGCGCTGTCAGCGTGCACGATCAGACTCAAGGCGTCCACCGTGTCGCCGTTGAGCAGTATATCGAGCTTGACCAGCTTGCCGGGGCGATACTCCAGGAAGTCATAATCCAAAGAGGCATAGCCGCGTGTCGCGCTCTTCAGGGCATCATAAAAATCCATGACCACTTCGTTGAGCGGCAATTCATAGGTGACCATGACCCGGTCAGATCCAATATACTGAATGGCCTTCTGAATCCCACGCTTCATCTGGCACAGGGTGATCACCTGCCCCACGTAGTCGTTGGGACACATGATGTTGGCAACAATATACGGCTCTTCGATATGGTCGATCAACTGCGGATCCGGCAGCTGCGTGGGGTTGTCCACCATGGTGCACCCACCGTTGATATCGTGCACCGCGTAGGTCACCGTAGGCGCCGTGGTAATGAGATTCAGGTTGTACTCGCGCTCCAGACGCTCCTGAATGATCTCCATGTGCAGAAGTCCCAGGAAGCCACAGCGAAAACCAAAACCAAGGGCCGCCGAGCTCTCCAGCTCAAAACTCAGGGAAGCGTCGTTGAGCACCAGCTTTTCCAGAGCGTCCCGCAGGTCATCGTACTCTGCACTGTCCACAGGGTAAAGCCCGCTGAATACCATGGGCTTCACTTCCTTGTAACCGTCCAGCGGCTGCTTGGCCGGGTGGTCACAGCGCGTGATGGTGTCACCGACCTTGACCTCCTGAATATCCTTGATACCGGCGATCACAAAGCCGACACTGCCGGCGCTGAGACAGTCCACATCCTGCTGAAAGGGGTCAAAGTACCCCACATGGGTGACCTCGTGTTCCTTCCTTCCCTTGAAGGAGCGGATACGCATCCCCTTGCGCAAAGAGCCATTCACAATCCGCACCATGATGATCACGCCCTGGTAGGGGTCAAACCAGGAGTCGAAAATAAGTGCCTGCAGCGGCGCTTCCTCTGAGCCCTCCGGTGAGGGAATGCGCTGCACCACCGCCTCGAGAATATCGCCGATACCGATCCCCTCCTTGGCAGAGGCCATAACGGCATCGGAAGTATCCAGTCCGATAATATCTTCAATCTGCTGCTTGATACGCTCCGGCTCCGCCGACGGCAGATCAATTTTATTGAGCACCGGAATCAGCTCAAGGTCGT
NZ_CP084704.1_gap86	2574890	2576101	1211	TCGCCACAGAATGCGGCGTTATTTGTATTTCACCGACAGGCCATGAAAGGGCTTCTGATGACTAATCATTTCGGTTCTTGTCTGTGCGGCACCGTGAGTTTTGAGGTAAAAGGTGATTTCGACAGCTTTTATCTGTGCCATTGTCAGCATTGCCAAAAAGATACAGGTTCGGCTCATGCGGCAAATCTATTCTCGCATTCAGCTAAATTGATCTGGCAGTCGGGTGCAGATGCTGTGGCTTCCTTTACGCTCCCAGGCACTCGTCATAACAAAAGCTTTTGTAAGTTGTGTGGTTCAGCATTGCCAAACACTCAGATCACAGATTTGCTTGTCGTTCCCGCAGGGTGTTTGGACACTGAAATCACTATGTTGCCAACTGCGCATATCTTTTCATCTAGCAAAGCTGCTTGGGATGAGGGGTTAGCGGAGGTCCCAACGTTCGAGGGACTGCCAGGTTGAGCTACCATCACATAACCAATGGCTGTTGTCGGACGCACCTACGCTGCGCTCCGGCACGCCGCAAAGCCAAGCGTTATGCAACACAGACAGTCCACTGGAGCTTCCATGCGGATAGATAAAGTCAAATTGGGCAACGTGCCTCCAGTGAAACTGTTTGAGGCGGAGGGGCTATCTGACCTAGTGGTCATCGCAGGCCCAAACGGAGTTGGGAAATTGACCAACAATAGGACACCCACTTTGTCACGCGCCAAGCGCTACGTTGCATGCGTTGCAACGATAGAATCTGGAAGACTGGCCAAGCATATTAATCCCGCTTGCTTTCGAGGGCATCCATGGTCGACGCCTGCGCGCTCTGAGCATTGCGAACAGCCCCTCGTCGCGGCTGACGTTGAACGATGCGGTAGACGGACGCAGGAGGAACGTTGGCGAATGTGTGGCCAATCCGAAAAGCCTTGAGTTCGAGACGATCTAGCAATGCGCGAGGAATCGGGCAATTGGGGCCGTAGGTGAATTGATAGAACGCGCCGCCGGGTTTCAGCTTGGCGAATGCGCCGTCGAGGATGGCAATAACCTTGCGTGGAGACATCGAAAGCAACGGCAGGCCACTGATGACGGCGCCCGCCTGCATCCCATCGAAAAACTCCGTCTTCTTGAGCTGTGCAGCATCCATGCATACCGTATGGGTGTGCTCGAACCAGCCCTCCAGCTTGGTAGCGAACACCGCGTCGTATTCGATCAGTGCCAGGTTTTCT
NZ_CP084704.1_gap87	2639818	2640702	884	GTCTCCGTGAGGAATGCGGGCGCGAATGCTGCTACACCGTGAAGAGTTATTTGGGGAAGCATAGCACAAAGCCACCAGGGACGGGCAGATCGGGAGAAAAGTCACAAAGGTCACGGCCGCGCGTTGCACCGGACGCATCAAAAACCTTGTCGCTGACCAGCCCCTTGGCGTATAAATTCACTTCTGTCAATTCTTCGCAGCGGAGTTTTCATGGACGCTCTCTCACTGGAAGCCATACTCTGGGTTCTTTCGGCAGTCGCCCTGGCGGCATTTATCCACGGCGCACTGGGGATCGGATTTCCCATGGTGGTAACCCCGCTGATCGCCCTGGTGACAGACGTGCAGACAGCGATTATCGTCACTCTGGTTCCCAATATCGTCGTCAATGTGATGAGCATCTACCGGGGCGGACAGTGGGCCCAGAGCATCGGCCGTTACTGGCCCCTGGCCCTGTTCATGCTGACCGGCAGCGTCCTGGGAACCATTATCCTGGTGAATTCCGACCCCAACCCCTTTCGCCTGATCCTGGCTTTTGCGCTGTTTTTCTACCTGTACACCACCCTGCGCTCCACCCGCATCTCATTCCAGTTCCTGCACAGGCACCCCCGCTCCAGCACTGTGGGAACCGGTTTTGTGGCTGGCCTGCTGGGGGGAACTGTCAATGTCAGCGGCCCCATTCTGCTGATCTACCTGCTGGAGCTGAGCCTGCCCCCCCTGGCCATGGTGCAGATCCTCAACCTGTGCTTTCTGGTGGGCAAAATATCCCAGACCATCACCTTTGCCTCCCTCGGGCAGATCAGCATTGAGCTGATGCTCTTCTCCCTGCCGCTGCTGGCCCTTTCCGTGGCCTGTCTGCTCTTCGGCATGCGCTTACGGGATCGACT
NZ_CP084704.1_gap88	2652171	2653075	904	GGCAGTGGAGTAGTCGGGCGCCAGGGCAAAGAGCAGCGAGCCAAGCCCGGCCAGCACACCTCCGGCGGTGACACAGACGCGGGGCCCCAGGGTATCGGCCAGAATACCCGAAGGGATCTGCATGGCGGTATAGACGTAGTAATAGGCGGCAGCCAGGGAACCAAGAGCCACCGCCGACGTATTGAAGGCGGCCATGAGCTCACCGGCCACGACGCCGGGAGCAATGCGGTGGAAGAACACGGAGATAAAGGATGCCGCCAACAGACCATAGATGATCCAGCGCAGGCGGCTGAAACGCTTTTGTTCGCTGGTACAGAGGATTCCGGGTCGATCATTCATGGGAAAAAGGCCTTCCAGAGGATGCGCGCAGCCACGAGAAGCACCAGCAGGCCAAAGATGCGCTTAAGCCTGGGAGCGGGCAGACGATGGGAGAGGGCAACACCGAAGGGCACACTGAGGAAGGTAAAGGTGGCGATGCCCAGCAGCGCTGGCAGATAGACGTATCCCAGGCTCCAGGCCGGCAGGCCGAGGCTGTGCCAGCCCGCGTACACGAAACCGATGGTTCCCGCCGTGGCAATGGGCAGCGCCAGAGTGATGCTGGTGGCGACGGCATTCTGCATGGGAACATTGGAGGCCACCAGCAGGGGGATGATCACATTTCCGCCGGCAATACCCGCCATGCCGGAGACCAGGCCCACAAAGGTGCCCGCTCCCGCCGTCCCCACCCCGCCGGGAAGCTGCCGCCTCGGATTTGGGGTCCAGCGGCGCAGCATATTGATTCCCGCATAGGTGAGAAAGCAGCCGATAAACGCCTGCAGGGCAAAAGCAGGTAGCAGGCTGGCCACGGTCCCACTGAGAAAGGCGCCCAGGAGTATATAGGGTGTCCAGCGACGCACCACCTGCC
NZ_CP084704.1_gap89	2746664	2750739	4075	AAAGTCCAGGTAATGCACATCCCCTGATAACCGTGCAGCCAATACCAATGGATAGTCCCCAACGGGTGCATTGATAAGGAAATCTGGAGGCTGCCGAACCACTATACTCCTGAACACAATAGACTGTGTAGCCACAAGACCGCCGCCGCCTAAAATAAGCTCATCCATCGAAAAACTACGCGATCGTGTATCGTTTCTATGGCGCTTCACGAGCTGAGATGATATCGCATCGACATAATTTGAAGCGTGAAATGTCATTGAGCAGCCAGGATGGTCCTGCATATATTTTATTTGAACCTGCAGCTTCTTGGGATCAATCCAATAATCATCTCCTTCGCAAAGCGCAATGTATTCACCATTACAGGATTTCAATAGCTCGAAGAAAAATTTGAACCCTTCCTTGGAATATTGATTTTCTTTTTGATAAATAGGCTTAATCAGCTTGGGATACTTCGCTTCATATTCCCGGATAATATCTGCTGTACGATCTGTAGAGGCGTCGTCGTGGATAATTATCTCAAACGGAAAGTCGGTCTCCTGAATCAAAAAACCTTCAAGTGCGTCTTCAATATAGAGCTCATGGTTATAAGTAATGCAACAAATGCTGACCACTGGTTTGTCAGGGTCGCCCTGCCATGTGGCCATAATTTCTTCTTGCGTACGGAGGTTTCTCATGAGAGCGGTAACTCCAGGTAGTTGGTTTTTATATGCGGCTTTTGGTGAAGCATGCTCTTCAGTTTGATATAGTCGGGGCTCTGCTTGAGGTTTGGCGCATGATTTTTCGATGAAACGATCACTGCTTCCAGGGCTTTGCCTTCACACTCTTCCATGTGGTTCTGTTGAACGAAGTTTATACTTGCGATAATTTGCCTTACGGCGTGTTGTATATTTTTCCCTTTCAGTTCAATGAAATAGGCTTTCGATTGCGAATCAATCCAAGCACCATAATCGCAGGCTCTTTGCCTGTCAGACTGGGGAATCAGGCACCCATCTATATGCACTTTCCGTATGACAACTCTTTGCGCGTTGAGCAGGCAAAAGGAACGGTTGTTTTCCTTAAACACAATTCTTTGCCCAGCTATCACCTGCACACAGTCTGCGGGAAAGGTCATGGTTGCACTATCTCCAACAACTGATCAAAATCATTGTTGATCTTTTCTGATGCTCGGTCAATAAATTGGGGGTCAATAATTCCTGTATTATGATCATAGATGTTGTAAATACGTCCATTTCCCACAAAGTACGCAGAAAGATTGTTTCCATCAAGCCAGGCGCGGCGGTCAACAATGCGGGCAGCTTGCTGCGGGTTTTTTATTCCCGCCTGGTGGGCGACAAGGAGGGTATTGATTGCAGCCATCACATAAGGGCTATGGGTCGTTATAATTGCCTGATTTTTCTCTGCGCCCAGAAACAGGGCAATGAGCTTTATGACCTGATACTGGGTCATGGGGTAGAGATGCGCTTCTGGCTCTTCCAGCACACTGAAAGTCGGCTGCCCTTCAAGTACTGCGAGGAAAATTAAATGCAGTATCCAAAGGGCCTCTTGCTGTCCAGATGAGGAAAATCGAATTTTTATGTAGTTGCCATCGTCAAGGAGGATGCGCTCTTCACCATTCTCCACACGGTAGCGCCCTTTGAGTATCTGGGCAATAAGCACTTTCACTGCATCGACTCTCTGAAAGTCAATCGGCATCGCTGTAAGCTTTTTCCGATCTTCAATAATTGCTTCAAGCTCTTGCGTAAAATCCCCTCGCAAGAGACAAATGCGGCTCACAAACTCCTTCATCAATGGATCGAATTGGAAGGACTCAATTTCACGTAATTCCTCGGAAAGGGTTGTCACAAGGCTTCTGCCAGCAGGAATATAAAGCATATCCCGCGACTCATGAAAAAGAAGCTTCAGCTCACGCCTTATTGACTGGTAAAAACGCATCTGCTCTGCCCGAATAGCCTGGAGTGATGAGAAATCCCGTGGCTTATCGAGCCTTGCACCTGCCCTGTATTGCTGAATTTTCTTTGCGGCATCTCGTAAGCCTTTAAAGAGCTTATTTGAAAAGTTTACGCGAGCGTGTCCAGAGCGGGTTTCATACTGGATGGTGATATGGATTTCAGGCGCATACTGGTACTCAAGGAAAAAACCGTCAAGATGCTTGGTGGTTCCAAAAAACTCCATCAAACGCTTGCGGCAGGCAATGACAAGTTCCTTCGTCAAATCCTGTTCTGGGTCTTCCTTGGATATCAGGTACTGATAAAGAGTCTCGGGTAATGACTTGAAGAAATATATCGATTTGGCGATGGTGCTTTTTCCACTGCTTTGCACACCATTCAAGATGATTACATCGGTTACATCCAACTCAGCCACTTCTACAGGGCCAAACGAGCGAATTTTAATACGCTGCAACATTTATCTTCCCCTCAAAATTCGCACAAAAAGCTGCTGCCGAACAGCACTGCTTCCCAAACTGCTGATAGATAATACCACCATACCCTGTCCAAGCAAGAGAAGAAAGCCCCATCCACGAGAAAATTGAAACACATCCACTGGCAAAGATGTTACCAGCAATAGCCCCGCAGCCGTAGACAAAAATACAGGAAAAATATCCCCAAAAAGCCATTTGGCGTGAATTCCAGGTGCAAACCTGGCGTGTATGACTGCGGGACAGACTACAAAAAATATACATTGCATAGCAAACCAGGTGATCCCCGTACCTAGCGCGCCAAATTTATACGCTGCAACGGCAATCACAGGCACAAGAATGATGGCGAACACTGTATTCATCTGCACATGCAACCGAAGCTTGCCATGGGCATATTGTAAATAATATTGAAAGGCCAGCACGGCCAACAAGCCATTCCCCAGCACATACCAGAAAAGCACGGGTCCTGCCCAGGTTGCAGCTTGCATGTCACCCGTCCAGGCATATAATAATTCCTCGCTGAATACGGCAACCATGCCGGCAACAGAAAACATCACTGTGGCTACTACCTGTGACGCTTTGCGGTACAGAAGGAGCATTTCGCTCTCATTTCCGGCTGCCAGCATGAAGGTCATGCGTGGCAAAAGCGCCTTTCCAATTGGGCTGCTGATTTGCATAACTCCCGCCGCCACAATGGCAACAAGGGCAAAATACCCATATTCGCCAAGGGGAAGGATATTTGACAGCAACATCTTGTCCAGCTGGGTAATAAGAATCCATATCCCTGAAGTGTAGGCAATACTTAGGGCAAAGGGCAGGAGTGGTTTCAACGTGCTGTATGAAAACGTCAAGCCAATACGTGTTTTGTCCGACATGAGCAAGTAGAACTTATAACCAAAGACCACTACTTCCAATACCCCAATCACCAGTTGATATTCAAAAAAACTTGAAGGGGCTGTGCTTATCCAGATGAGGACAACCAGAACGCCTATGAACTTTAAAGAACTCACCATCACATTAGCCGTATTCAACCATACCTGGGCTTCCATACCACTGATGCCACTCTTGTAAAGCGAGGCGAACCAGCGCAGGGCCACCATAATACCCATCAAGGCGATGCAGTATGCCACCTCGCCCATAGCAAGCGATTCAACCTGAAGCCAGCCAGACGCAATCCAACCGCTGCCGAAGATTATGGCCAAGGCAACTGCCACACCCAGCCCGAAAAATATGATCTCAAGACTCCGCAGAAGCTTCTTGAGCTCCAGGAAGCCCTCGCCCTGCCCGCGAGCATGGGCCACCTGCCGCCCAAGGGTTGGGGTCATGCCGATATCCAGCAAGTTCAGCCACGCCTGCAGGACAAGAAAAAAACCTACAAGCCCATATGCCTCAGCACCAAGATACTGAAGGTAAAAGGGATAAATGACTATGCCGATAAGTATGGTGTACCCTTGGCCAAAGTAATTGGCCAAGGCATTGCGTTTAAGCGAGGGTTTCACTTTAAATATTTCTTTCCGGGGGAAATGCCTGATCGTTCTTTTGCTGGTAAGCCATATGCTAGTTTGTTAGCTTTTATATTAGCAACCACAACTGAACCAGCGCCAATTATTGACCAAGAGCCTATCGTGATTTTTTCAATTACCTTTGCACCAAGACAG
NZ_CP084704.1_gap90	2752859	2755749	2890	ACACTTCTTCACAATCAACGCCAAAATAGTTATGAATCAGGAGGTTGCGAAAATCGACAACTACTCTGTTTGAGTCGTCTAAAATGCCATGGTGTATTAACCGTTTCGTAGCTTCGCCAATAATTTCAAACTCTCTTATTACGCTGTCCCACGCATTGTAGTCGTATAATAGGCTTTGGGCTTCGCTGAATTTGCCGGAGGTATCTTCGATTTTCAGTATCGCTACGAATATGTCCAGCAGGTACAATTCTGCTACTCTCTTAGACATAAGTCATATCCTGTTGTATGCTTTTCTTTACATACGGGTTCATGGCGCTTAGGAGCCCGATATCTACTTTTTTTTGCAACTGTTCACTCAGGAATCGTTGCGCTTTTGCTATCAAAAACCCGTTTTTTCGTTCCATCTCTATGATCACTATATCTACGTCGCTTTTGTCGGTTTGCTCCCCTTTCGCGTATGAGCCGAACAAAGCCAACTTTTTTATGCCGAACCTGCTATATAGCTCAGGTTTTAAATTTTCAATTTGCTGAGTAATATTTTCTTGCACGTTATCCCTCCACCGCCTAAGCATTCGCGGTTGCGTGTTTTGCTACCGAACGTAGTGTTTCCAGGCTTCGCTCGCGGAGTCTTGATATATTTTCGTTATATCGCGTATTTTATTGTCGATAAATTTTTCGCACGCCTCTTTATAAGCGTCATTTGAAAGACTTTTCATTTCGCTTTTATCGGGGGATTTTATCTCCAGACGTTCTTTAATGTTCATTTTTGGCTTACCTCCTTCAGAAAACAATAGGCTAAGGGAATTATTCAATAAAACCAATCCCTATCCCCTATTCTCCACCCCCTAATCCCTCTCACCCATTCCCCAACCTCTCCCGATTATACTTTTCCCGCAGTGGTTGCCACCACCATTGATTGTCAAGATACCATTGTACGGTTTTTCGCAGCCCACTTGCAAAGGTTTCCTGGGGTGTCCAGCCAAGTTCTTGCTGAATTTTGCTGGCGTCTATGGCGTAGCGGCGGTCGTGGCCGGGGCGGTCGGCGACAAAGACTTTTAGCTCTTTATAGTGTTGGATGTTGAGTGTTGAATGTTGCACAGGTGATAACTCCTGGAGGATTTCACAGATGGTATCTACGACTTCGATGTTCTTTTTCTCGTTGTGTCCACCTATGTTGTAGGTCTCACCTGTAGCACCATGCTCCAGCACGGTACAAAGCGCACGGGCATGGTCTTCCACGTAGAGCCAGTCGCGTATCTGGTCGCCTTTACCATAAATGGGCAGGGGTTTGCCTTCCAGGGCGTTCAATATGACAAGGGGTATGAGTTTTTCGGGAAAGTGATAGGGGCCGTAATTATTTGAGCAGTTTGTCACCACAACATTCAGTCCATAAGTGCGGTGCCAGGCGCGGACAAGATGATCTGAACTGGCCTTGCTGGCAGAATAGGGACTGCTGGGGTGGTATGGGGTTGTTTCGGTGAATAGGGATTGGGGACTAGGGGTTGGGGGTTGGGGGATAGGGGATGGAGAATGGGGAGAAGGGGAGGTGGAACCTTCTCTATTCTCTAATCCCAATTCTCTACTCCCTAAAATATCGTCTGGGTGTGGCAGATCACCATAAACTTCATCGGTTGATATGTGGTGAAAGCGATGGTGCATTGGGGAGTGGGGGTTGGGGGTAGAGTTTGGGGACTGGGGGTTGGGGGTTGGGGGTTGGGGGGTGGAGAGCCAGAATTTGCGGGCGGCTTCCAGCAGGGTATAGGTGCCGATAATATTCGTGTTGATGAATTCAGCAGGGCCATCGATGGAGCGATCCACGTGGCTTTCGGCGGCCAGGTGCATGATGGAAGTTGGCTGATGCCTAGTGAAGATATCTTCCATTGCCTGGCGATCGCAGATATCTGCTTGCTCAAAGTGGTAGCGCGGATCATCTGCCACGTCACGCAGGGACTGCAGGTTTCCGGCATAGGTCAGCTTGTCAACATTGATGACAGTGTGGTTTGTGTGCTTGATTAGGTGACGCACAACGGCTGAGCCAATAAAGCCAGCACCGCCAGTGACAAGGATTGAGCTTGGGGGCTGGGGGTTGGGGGTTGGGTGCTGGAAATTGGGTGTAGGGGTCATATTTTATTCCTCAGTGCGCTTATCAAGCTATTCAGCATTTTTTTGATCATCAGTATTTCTGCCAGCAACTCTTCTGTGACGGATTGAGCCATGTATCCGATTTCGTTTGCTATGATAAGCTGTGTTTCCAGTTCTTGCAATGATCCTCGGGCAATGTAGAGAAATTGAATGTATTCTTTGGTGCCACTACGAGCATTCCCTTCTGCGATATTACTGGGAACCGACACCGCACTGCGCCGCATTTGAGCCGATAACCCGTATATCTCTTCTTTAGGGAACAATTAAGTGGTAGTACAGGCTAATTTCGTGAGGCTTAACGCTCTTTTCCAAACGTCAAGCTCTTTATAATCACTAATCCCGATTCTCTGCCCCCTATTCTCCATCCCCTATCCCCAATTCTCTATTCTCCAGTCCCCCAACTCCCCATTCTCTACTCCCTAATCATATCGATAAGGTACTTCCCATATTGAGTCTTCCTGAGCGGCTTGGCAATGCGCTCCACGTCTTCTGCGGTTATCCACTTGCTGTTGAAGGCAATCTCTTCCAGGCAGGCTATTTTATAGCCTTGACGGTTTTCGATGGTTTCCACAAAGCGTCCGGCATCGAGCAGGCTTTCATGTGTGCCAGTGTCAAGCCAGGCAAATCCGCGTCCAAGGAGTTCCACCTGAAGCTTTCCGCGCCTGAGATATTCCTGGTTCACAGAAGTTATTTCCAGTTCGCCGCGCTTGGAGGGTTGCACGTTGCTGGCTATATCCACCACATCGTT
NZ_CP084704.1_gap91	2757424	2759416	1992	GAAATCTTTTGCACATATTACTTTTCCCCATAAATCTTACATTTTTGATCTACTGAGAAGAGCATTTTTCCGCCAAATTTGCGGATTTCCGGCCCATAGATGCGGGTTATTATGGGCGCAAATGCCATGGTGATTGCCTGGGCAGCTGCGGTGCCACTGGCGACTATGGCGACGTTGCGTATGAATTTGCTGTTATAAAGTTTAGTGAGCATATATTCCATCAGTTGGTAGTGGGTAGTGGGTAGTTAGCTACTCGCTACCAACTAGCAACTAACAGCTATCTACTACTCTCTGTCTCCTATCCCCTGCCTTCACACCCCGTAAAACTCCCGATACCACTGCACAAAGCGCTGCACACCTTCGCGCACTGGTGTTGCCGGACGGTACTGCACGCTCTTTTCCAGCTCGCTCACGTCAGCAAAGGTGTCAGGCACGTCGCCTGCCTGCAGGGGCAGCATCTCCTTGATGGCCTTTTTTCCCACGGCATCTTCAATGGCAGCAATGTACTCACCCAGCTTCACGGGGCTGTTGTTGCCGATATTGAATATCCTGAAGGGGGCGCAGCTGGTGGCGGGATCGGGGTTGTCGCTGTCCCAGCCGGGGTTGGGCGCGGCGATCTGATCACTGGCCCGGATGACGCCTTCCACGATGTCATCCACGAAGGTGAAGTCGCGGGTGTGGTTGCCGTGGTTAAAGACCTGGATGGGTTCTCCGGCCAGAATATTCTTGGTGAAGAGAAAGAGCGCCATGTCGGGGCGGCCCCAGGGGCCATAGACCGTAAAGAAGCGCAAACCGGTGGTGGGCAGCCCGTAGAGGTGGCTGTAGCTGTGGGCCATCAGCTCGTTGGCCCGCTTGGTGGCCGCATAGAACTGCAGGGGGTGATCCACGCCCCGATGTTCGCTGAAGGGCATGCGGGTGTTGGCACCATAGACGCTGCTGGTACTGGCGTAGGTCAGGTGGGGCGTCCGGGCATGGCGACAGGCTTCCAGAATGTTGGTGGTGGCGACGATATTGCTCTCCACATAGGCGTGGGGGTTCACCAGGGAGTAGCGCACTCCGGCCTGGGCAGCCAGGTGGATGACCCGCCCGAAGTCATGCTCCGCAAAGCACTGCTTCACCGCTTCCTGATCGGCCAGGTTGGCGCGAACAAAGGCATATTGGCTGCCCGTCTCCCGGGCCGTCTGTTCCAGAATCCGCAGGCGCGCTTCCTTGATATCCACATCATAGTAGTCGTTGACACTGTCAAAACCCACCACGCTGTCGCCGCGCTCCAGCAGTTTTTTTGCCGTATGAAAGCCGATAAATCCCGCCGTGCCGGTTACGAGGGTAGGTTGGGGGTTGGGGGCTGGAGAATGGGGGCTAGGGGCTGGGGATTGGGGCATTGTTCGTAATCCTGCGTAGTTTATAGGGTAGTGCATCAGCGAGTAGTGCATCAGTCGGTAGTGTTCAGTATGTAGTGTGTAGTCAGTCAGCCAGCGAGTAGTCAATAGTATGTAGTTAGTAGAAAATAGTCAGTAGTCAGTAGTCAGTAGTCAGTAGTCAGTAGTCAGTAGTCAGTAGTCAGTAGTCAGTAGTCAGTAGTCAGTAGTCAGTAGTCAGTAGTCAGTAGTCAGTAGTCAGTAGTCAGTAGTCAGTAGTCAGTAGTCGGGTGTATGTCATTGCTTCATGTGTTTTTTTAGTGTGTTGAGCATTTTGGCGAGTTGGGTGGTTTCGTCTTTCCATTGCTCTGCGGTTTGTTGGTCTATGTATCCGATTTGAGCGCCGATCAAGGTCTGTGTGTGGAGTTCTGCAGCGGAGCCTTGTGCGTGTTCAATGTAGCGGGCTTTTTCCTTGTCGGATTCTTTTTCCAGGCCCTCTGCGATGTTACTTGGAATAGAGAGGGAAGCGCGCGTGATCTGATCCTTGAAGCTGTAGTCTTTGCAGTTGGCGAAGTATTTGTAAACTAATACGCTGAGCTGGCAACCGCGTTTCCAGACGTCAAGGTTTTCGCAC
NZ_CP084704.1_gap92	2773157	2777770	4613	CACGAAAGCGCCCTGCGCCTTCGGCGCATCAATCGCATTCGCACCATTCAGGGGTCGCTGGCCATTGAAGGTAATACGCTTAGCAGGCTGCTGAAAAACCCTCATCTGCGGTGTTGCTCGCCGTCGCGTGTCATTGCAACGTACGGGGAGTACGCTTCATTCCACGCTCCGCGAGCGCCTTGCACCTGAGCATTTTTCAATTGCCTGCGTATTTTGAGATATTTCAGCAAGTTGTTAGTGAAGAGCAGATAACCGCGATTCTGGATGGCAAGCCCGTTGTGGCACCGCCGAAGGATGTTCAGGAGGCGCGCACAGGCTCAGCCATGAGTCTGTGAAATATTTCTCCCGCTCCCCCTTTTTCCACACTTTTTTTTCTTACCCTGATCTTCATTAACCTGTAATGGAGGTCATCCCATGGGTGAACACAAACTCAAACGGCGTCATTTCGTCAAAGGATTGGGTGCCTGGACACTGGCGGCCGGAGCGGCGGCTCAGGCCCAGGCCATCTCCCTGCGCAATCCCGGTCGTGACCAGGAGGATCCGCGCTACGTGGGGCAGACGGGGAAGCGTTTCGGCATGGTCATCGACCTGCGCAAATGCGTGGGCTGCCAGGCGTGCAGCGGTGCCTGCAAGGTCGAAAACAAAACCCCCAAAGGCCATTTTCGTACCTGGGTTTCCGAGTACGAGCGTGGCGAGTACCCGGCGGTACACAAGGTCTTTTTACCCCAGCTGTGCAATCACTGCGCTGAGCCTTCCTGTGTCAGGGTCTGCCCTACCGGTGCCACTTTTTCCCGCGAGGACGGGGTCGTCATGGTGGACGACAAGGTGTGCTGGGGATGCGGATACTGCATCAATGCCTGTCCCTATGACAAGCGCTACTTTCATCCCGCTGCCAAAACCGTCGACAAGTGCACTCTGTGTACCCACCGCATGGACAAGGGTCTGCTGCCTGCCTGCGTGGAGAGCTGTGTCGGGGGAGCCCGCATCAGTGGCGATCTCAATGACAAGAATTCCGAGATTTCCCGTCTGCTGGGTGCCTACTCTGTCTCCGTCCTCAAGCCTTCCCAGGGCAATCGCCCCCAGGTGTACTACATCGGCCTGGATGGATCGGTGCAGAATGCTCCCGTGGGTACGCTGAATCTCGATGACCTGGCCCGCCAGCGCGACGGATTGCCCCGTCGTGAGTGGCAGACGACGTACAAGTGAGGTGAACCATGGATTTTCTGCAATCGCTGACCACCATAGCGTCCATCACTCCCGATCGCCCCTGGGGGCTGGATGTTCCCAACTACTTCTGGTTTACGGGCAGCAGCGCGGCGGCCTTTATCATCTCCAGCTTTGCCCATGTTTTCGGCATGCGCAAATACAAGCCCATTGCGGGATTCTCCCTGCTGCTGGCGTTTGTGCTGCTGGCGGCGGCGCCCTTCAACCTCATCGACGACCTGCGCCAGCCGGGCCGTATCCTCAACTTCTTCGCCTACGGCTGGGAGAATTTCCTCACTTCGCCCATGAAGTGGGGGGTGCTGCTGTTGCTGGCGTATCCGCTGCTGATTCTCTTCGAGGCTCTGGTGCTCTACCGTCCCTTCTTTGTCCGCCAGGCCGAGTCGGCCCGCAGCGCCTTTGCCGGTCGCTGGTTCCGCATGATGGCCCTGGGGAATATGCGCACCGATGAAGCGTCCCTGGCCCGCGATGAAAAACGCGGCCTCATTTTGGGTATCATCGGTATCCCTCTGGCCCTCAGCGTCCACGGTTACACGGGCTACATCCTGGGTGTGGTGCACGCCAACCCACTGTGGAGCACTCCCCTCATGCCCATTCTCTTCCTGGCCTCGGCCATGGTTTCCGGCACCGGTCTGCTCATCATTCTGCTGCCTCTGGTGCAGAAATTCTTCACCCCCATGGGCCGCGTCGATGGCGACATGATGCGCGAGCTGGCGCGTCTGCTGGGCTGGTTTATCATCATCGACCTGGTGATCCGCTTTTTCTGGCTCACCTTCGCCATGCCCTTTGCCGGTGAGGAGCGCTTTGTGCTGCAGGCCTTCTTCCAGCATCACTTCTTCGATGTCGTGTACATCGAATACCTGCTCTGCCTGTTCGTCCCCCTGGCCATCGCCTTCAGCCCCCTGGCAAGGCGCACGGGCTGGGTCTTTGCCGCCGGCCTCATCGCCGCTGTCGGCGTGTGGCTCTTTCGCTGGAATACGGTTATCGGTGGCCAGACCATTGGCCGTACGGCCACGGGTTTTCTGGAGTACAGCCCCCACTGGTTCGGCCAGGGCAGCATAACTGCCGTCATGGCCAACTGGGGTGTTTTTATCGCCCTGCTCGCCCTGGTGATGGTGCTCTTCCCCTGGGACAAGGAGATGGCGGTACACTATAAAGGAGGAAGTCATGGAGAAAAATAGACGTCAATTTCTGCTGGGCACTGCCGCGGTGGCGGGCCTGGGCGCGGTGGCCGGCTACAGCGAAACCCTCAGCTCCGTGGTGACCCTTGGCGACAAGGGCGAGCGCATGGCCGACCCGGTTTATGGTCAGGCGGAAGAGCCGGAATTCACCATAGACAGCGACGGCAAGGCGCAGCCCAACCCCCGCTATCGTGTGGCTGCTTCGGTGTGTAATGGCTGTACGACCCACTGTGGCGTGCGGGTGAAAATTGACCGCGAGACCAATCAGGTGGTGCGCGTCAGCGGCAACCCCTATAACCTGCTTTCCAGCGACCCATGGCTGCCCTACCAGACGCCCCTTGGCGAGAGCTTCACCCGCACTTCCGGCTTTCAGGAGCAGGGGAATGCCAACCGCTCCACTGCCTGCGCGCGGGGCAATATGGTCTTTGACAAGCTCAATGACCCCTTCCGGGTACTGCGCCCTCTCAAGCGGGTGGGCAAGCGCGGAGAAGACAAGTGGGAGCCCATCAGCGTCGAACAGCTGATGCGGGAAATCGTGGAGGGGGGAGACCTCTTTGGCGAAGGGCATGTGGATGGCCTGCGCGCTCTTCGCGATATCGAAACGCCCATCGACGCGGGAAATCCGGAGATGGGGCCCAAAGCAAACCAGCTGGCCATTTTCGGTACCGGCGATGAGGGGCGTCAGGCCTTTATCGTTCAGCGCTTTGCCCAGTCCTTCGGCACTCCCAACTTCTTTGGGCACACTTCCATCTGCGGTCTGTCCATGCGCGCCGGCGAGGCGGCTTTTCTTTCCGGACTGGGGGCTGATCCCCACCTGAAGCCCGATTTTGAAGAGTGCGAATTTCTGCTGACCATCGGCACGTCGCCTGCCCAGGCAGGCAATCCGTTCAAGCGCCAGGCCAAGCTTCTGGCCCGCGCCCGCAGCGACAAGAATCTGAAGTATGTGGTGGTGGGGCCCATGCTCACCAACTGCGACAGCATTGCCTGCGGTGAGCGCTCACGGTGGCTGCCCATCAAGCCCGGCGAGGATCTGGCCCTGGTCATGGGGATGATTCGCTGGATTGTGGAGAACGATCGCCACAACGCCCACTACCTCGGCATTCCCTCCCAGCAGGCCATGCAGGCGGCAGGGGAACCAAGCTTTACCAATGCCTCCCACCTTGTGGTACAGAGTGGTGAGCGCCAGGGGCATATTCTGAAAGACGGCGATGATGCCCTGGTGATAGATGAACGCGATGGGGCTCTCAAAAAGGCTTCCGAAGTTCTGCAGGCTCGCCTGGATTTTGACGGCGAAGTGCAGTGGCAGGGCCACCGCTATCAGGTGAAAAGCGCCTTCACTCTCATGAAGGAAGCGGCCCAGGAGCATACTCTGGAAGAGTATTCGCGCTTCTGCGGTGTGCCGGTGCACGATATTATCGACCTGGCCCGCGAATTCACCAGCCATGGTCGCAAAGCGGCCATCGACTGTCATGGCGGCACCATGCATACCACTGGTTACTACACCACCTACGCCATCATGATGCTGGGCGCGCTCATCGGAAACCTCAACTACCGTGGTGGCATGAGTGTGGGCGGCGGCAAGTTCCGCGATTTCAATGGCGCGGCCTACAACCTGGTCGGCTATGCCGGCAAGGTGCAGCCTCGCGGCTACCGCGCCGACCGCGCCCGTCGTGCCTACGAAAACACCAAGGAGTACCGCGATCGCGTGGCTGCCGGTCAGAACCCCTATCCGGCGCGGGATACCTGGTATCCCTTTGCCCGTGCCCTGGAGTCGGAGGTGATCGTCTCCAGCATCAAGGAGTACCCCTACAAGCTCAAGGCCCTCATCAGCTGGAATGCCAACTTCATCTATGGCCAGTCGGGTATTGAGCACCTGCTGGACAACCTGAAAGATCCCCAGCGCAGCATTCCCCTGATCATCGCCATTGATCCCTTTATCAATGAATCGAGCCGCTATGCCGACTATATTATTCCCGACGCGGTGCTCTATGAAACCTGGGGGGTCGTGCGCCCCTGGAATGGTTACCTGACCCGCGCCAACAACTTCCGCTACCCAGTGCTCCCCGCGCCCCAGGAGCGCTTTGCCAATGGCGAACCCATCACCATGGACAGCTTTGTGATTGAGCTTGGCAAGTACATGGGACTGCCGGGCTTTGGTCCAGGCGCCATCAATGGCGCCGATGGGAAGAAGTACGCCATGGATCGTCCAGA
NZ_CP084704.1_gap93	2779706	2783399	3693	GCGATGGCTGGCAGTATGATCCCGCCACCCGCTGCCTGTCCCTGCAGGGCACGATTATCGACCTGACACCCCTGGAGCGGCAGCTTCTGCATCTGCTGATTACCAACAGCCACCGGGTGGTGGAATACGCGGAAATCGAGAACCGGGTATGGTGTGACCGCGACATGACCCACGACGCGCTGAAAAGTGTCGTTCGGGAGTTGCGGCGCAAGGTGGGGCGATCTTGCATCCTGAATGTTTCGGGGACGGGTTACCGCTTTTGCGATAACGGAGGAACGTCATGACCAAAGCGCTGTCAACACGCCAGACTCTGGTGCTTCTGGTGGCTGGCATGGCACTGCTGGCAGGAACAGGCTCCATGGCCTGGGTGATGATGGACCCCTGCCCATTTCTGCTCAGTTCCTCTGTCATTCGTCTGATGGCCTGCCTGATCGCGGTGGCTATCTATCTTCGCTGGCGCGACTGGCGCATCCTGCCCCTGGCTCTCATGTTCTTCCTGATGGCCTTGCGCCAGATGTTCACACTCCTGAGCAGCACCTACGGCATTGACGAGCCCTGGCTGGTGCAGACCCTGGTGGAAGGGCCGGGCTTTGTGGTTACGGTGCTGGCTTTGCTGGGGGTGCTCTACCTGTGGCGGGTCTTTGCCAATCAGGCCAGGGCCGAAGCGGCGGAAGCCGAGGCTGCTCACAGGCGCCGCCAGATCCATCAGATTCTCGACTCCCAGCCTTCCCTGGTTGCCCTGGCCGACAGCTCCACGGTGCTGAGTGCCAATCGCAGTCTGCTGGATTTCATGGGGAGCGACTCCCTGGAAGCACTGGGGACTTCGGTGCAGTGGCTGCGGGATCTGTTTGAAAAGGGGGGAGCGCTGGAGCCGGGACAGAGCTGGGGCGACTTTTTAATCCCCTTTCGTCAGAAAGATATTGCCGAAGTGCGTTTACACCTGGCGGAGAAGGACGGACAGCCACGGGTTTTCCTGGCCCGCCTCTGCCCCTTTGCCGATTCCACAGAGGAGATTATTGTCACCCTCTTTGATATTACCGCCCTGGAAGCCTATCAGCGTGAGCTGGAACAGCGCCACACGGAGCAGCGCCATATGCTGGTTCAGCAGTCCCGACTGGCGGCGCTGGGAGAGATGACGGGCGTCATTGCCCACCAGTGGAAGCAGCCCTTGAACACCATCAACTGGCAGGTGCAGATGCTGCAGGAGCAGGTCGCGGAGCTGGACGATCCCCGCACCGCCGCGGCCAGCCAGTCGCTGCAGTCCATCCTGGGCCAGCTGGATTTTATGAACCGCACCATCACCAATTTCCGCAACTTCTTTCATCCCCAGGCGCAAGCCACCCGTTTCAACGTCTGCCAGGCGGTGAATCAGGTCATGGAGCTGCTGCAGGTGGAATTCCGCAAACACCATATCCACTTTGACCTGCAATGCGACGTGGAGGGACTCAATGTGTGGGGCCGCATGAATGAGTTTCAGCAGGCTGTCCTGAATATCGTGGTCAACAGCCGGGATGCCATCACGGCTCTGCGACGCAAATGCATTGAGGCCGATGGCGCCAAGGCGGGCAGGTTTGATGGAGTGATCCGGATTACCTGCCGGCACCCTGATGAGATGCTGGAAGTGATCATCACCGATAACGGCGGCGGCGTCAGCGCCGAGATACTGCCCCGTGTTTTCGAGCGCTTTGTCAGCGCCAGACAGGATGAGGGTGGAAGCGGCATCGGTCTGTATGTCGCAAAGATTATCATTGAGGAGCATATGGGCGGCTCCATCTGCCTGGAAAATGGAGAAACCGGCGCGGTGGTAAGCCTCCGGATTCCCGTCAGCCAGAACTGACGGGAATCCAGAATTTCTCCACTATGGCTTCACCGAGACCAGTCGCGAGAAGCGGTTTTTCCGTCAAAAAAGCTGACCAGATCGACCAGTTCCCCAGCTTCATTCAAGAGCCGCAGAGCCACCTGGGCCACTTTTTCATTGGCATTGCGGGTACTGTCCCAGGTCTGCTCATGGGTCTGGATGGTGTGCATGATCTCCTGGGTCATGCCGGCCATGCTGAGGATTTCCTGCTCCATGGAGCCAATAGTGGCGGTGGTCTCCCGGGCTTCCTGGGAGATGACCACCGTGTGTTCGCGGCTCTGGGTAGCCTGCTCAATGGCGTCGGCGCAGCGCAGGCGCATTTCGCTGGAGAGGGTGTCGATCTCCTTGGCGGTCATCATGGTCATTTCAGCCAGTTTGCGCACTTCGTCTGCCACCACCGAGAAGCTTCTGCCGTTTTCTCCGGCCCGTGCCGCTTCAATGGCGGCGTTGAGGGCCAGCAGGTTGGTCTGATCGGCAACTTCGTGAATGGAGCGGATAAAGTTGCCGATCCGGTTGGAACTGTCTTCAAGCTTTGCCATCAGATGGGTCAGGCGGTCCAGTGACTGGGTAATGGTACCCATGCGCTCAATGGTATCGCGTACCTGGGCGGCTCCGCGCAGGGTAATGTCTTTCATCTGCTGAGCTTCCTGTTCCGCATTGTGCAGCTTTGCGCTGATATGCTCCATCAGCTTCACCAGGCTCTCGTTACTGTTGAAGAGTTCCTGACTGGAGCCATCCAGCTCACGGGCACTGGTGCTGATGATATCGGTGGACTGGCGCACTTTGCCAGTTACATCTCGCAGGCTGCTCAACAGCCGATCCACGGCATTGCCCAGCACATCACGGGGGCCGCGGGACAGCGCTTCCTGCTCCAGGTTACCCTCGCTGGCCTGCTCCAGGGTTCTCGCCTTGGCGTCCAGGTCCGCCAGAAAGCGGTTAAAGGCGCTGGCCACATCGCCTATCTCGGTTCCCCGTTCAACTTCCACCCGCTGGGTCAGATCACCGCTGCTGGCAATGCTGGTGACGGTGGAAATGGTATCCACCCAGCTCATGCGCGCGCCATGCTCACTGACGTTCAGGCCCACCTCTTCATCTTCAGGGGAGACCCGCAGCATGTTGAGCTGCCTCAGCAGCCAGAACAGCAACAGCCCCAGACCGAAGGACCACAGGAATACGCTGCCGATGCCGGCCAGCTGAATCAGCGCCTGGCTGAAGCGATCGCCAGCCGGCAGGGCTTCGACGGGTGCCAGGAATGCCAGGGCCAGGGTGCCCCAGGCGCCAGCAAAACCATGAACGGCCACAGCCCCCACGGGATCGTCAATTTTCAAGAAAGTACTCAGGGCATATTCGGCAGCATACATGATCAGGCCCCCACTGAGGCCAATCAGCACAGCACCGTATGGGGTCATGATATCAGCGCTGGCGGTGATGGCCACCAGGCCACCCAGAATGCCGTTGAGCATCTTTTCCACATGAACACGGCCATTCAGCAGGGCCGATGCCAGCAGGCAGGTCACGCCGCCAAAGGAAGCGGCGATCATGGTATTGAATATGGCGACGGGCACATCGGCACTGACTTCCAGGGTGCTGCCACCATTAAAGCCAATCCAGCCAAACCACAGAATAAACACACCAACCGTGACCAGAGCCAGGTTATGGGGTGGAATATGCACCTGCTCGCCCGTCTGCGGACAGTAGCGCCCCAGGCGGGGCCCCAGCATGATCGCCCCTGCCATGCCCACCCAGGCTCCCACCGAGTGAACGACGGTGCTGCCGGCAAAATCCACAAATCCCATGGCCTCAAGCCAGCCCTCCTGCCCATCAATCAGGGCCCC
NZ_CP084704.1_gap94	2785640	2789258	3618	AGTTGCAGATTGGAATCAGGCACAGGTCACCTCGGCTTCAGGTTGCGGGAGAATGCGTCAATGGCCCGCTGGCGGGCCACTTTATGGTCCACCATGGGCCGGGGATAATCGATGTTGGGCCTCAAAAGGCCGCTGCTGTCATGGGGTTCGTGGATGTATTTCTCGTCAAGCTCTGCCAGCTGAGGCAAAAAGTGGCGGATGAACTTCCCGTGAGGATCAAAGCGCTTTGACTGGGTGGTGGGATGGAAGACGCGGAAGTAGGGTACGGCATCGGTGCCGGTGGAAGCGGCCCACTGCCAGCCACCATTGTTGGCGGCCAGGTCGCCATCCACCAGGTGCTCCATGAAGTAGCGCTCGCCCCAGCGCCAGTCGATAAGCAGATCCTTGGTGAGAAACATGGCGCAGATCATACGCAGGCGGTTGTGCATCCAGCCGGTGGAGTGCAGCTGTGCCATGGCGGCATCCACGATGGGGTAGCCGGTGCGCCCCTCACACCAGGCGGCGAACTCCCCTTCATCATAACGCCAGGCTACGGTTTCCGTATGCTCCTGAAAGGCGCGGTTTGTACTGACCCGTGGAAATGCGCGCAGAATGTGCTGGAAGAACTCCCGCCAGATGAGTTCACTGAGCCACACCCGCGCCCCTTCACTGCCCCCGTTGGCCAGTTCCAGTGCCGCGCTGACACACTGGCGAATGGACAGCACCCCGCAGGCCAGGTAGGGCGAAAGGGCGCTGGTACCCTCTATGGCGGGGAAATCCCGATCCAGATGGTAGCGGCGGATGGGGCCGTCCAGAAAAGCCTGCAGGCGGCGCTGGGCCTCGGCCTCCCCGGCGGGCCACAGGTGGGCCAGCGGGTGGGGGGTATCCGTGGGAAGTGCAGCGCCGTCGCCGGGGAAAAGGTGCGGCTGCGTGTTCATGATGGGAGCAGGCGCAAGCAGGGCCGGATTTTCCACCACCAGCTTCAGCCAGGCCTTCTGGAAGGGGGTGAAGACCCGATAGCACTCCCCGCGACCACTGCGCAGCTGCCCGGCGGGAACCACCACGTGGTCACAGCAGCGCCGCACCTCCATGCCGTTTTCCCGGAAACATCGCTCCACCGCCATATCCCGCCGCCACTCATCGATGGCGTACTCCTCGTTGAAAAAAAGCCTGCGCGCGCCGGTGGTGCGAGCAAGCTTCAGCAGTGCCTCTGGCACAGCGGCAAAGTCGTGGCAGTCCAGAACAAACAGGGGAATACCCACGGCCTGCAGCTGCAGGCGCAGGCACTCCAGATTGCGCAGCAGAAAATCCCGGCGCACCGCAGCCATGTGGTGGCGCTGCCACTGTCGCTGGCAAAGACAAAAGACGGCCAGTACGGAACCGCCTTCCGCAGCAGCCGCGCCCAGGGCACGCTGATCGCTTATGCGCAGATCATTGCGCAGCCAGACCAGGTTCACCTGGTACTCTCGCCGATCCACTGCAGAAAAGCCGGATGACCACCAGCCACCGGCAGACTCACCACACAGGGGCAGTCGTAGGAGTGCAGCTGCACCACCCGCCGGGCAAGCTCATCCACCAGCTCTGGACGGGTTTTGGCCAGAAAAGCCACCTCGCCCCCCTCCTGCACCGCCCCGTCCCACCAGTAGAGGGAAGTGATGCCACCCAGAATATTCACACAGGCAGCCAGCTTCTCCTCCACCAGGACATGGCCAATGCGGCGAGCCTCCTCCTCGCTTCCGGCGGTCATGTAGACGATAGTTGCGGACATGGTCCCTCCTTTTCACAGAGTGCTGAAAAACTCGTCACTCTCACAGTGACGCAGGTAATTGAAAAATCCACAGGTGCAAGGCGCCCGCAAAGCGAAGAGTGAAGCGTACTCCCCGTACATCGCAATGACGAGCGACAGTGGGCAACACCGCAGATGGGGGGGGACAGCAGCCTGTCAATACGCCGTATACTTCCGGGCACTCCCCTTTACCAGCTCCGCCGGGTATTTGGCGGCGCTGGCCTGCAGTTTTTCCATGGCGCAGGCCTGGGGGTCGAGACCCAGCTTGTCGCACAGGTTGACCAGAAAGATGAGCACGTCGCCCACCTCCTCACTGACCCGCTGCCGCTGCTCCGGGCTCAGGTTGCGACTCTGCTCCTCGCTGAGCCACTGGAATATTTCCAGCAGTTCGGCGGCTTCCACACTCAGGCCCATGGCCAGATTCTTGGGGGAGTGAAACTGCTCCCAGTCGCGTTCGCGGCAGAACTGCCGAATGCTTTCTTTGAGGTGTTGCATGATGCCTCCAAAGCGTATTTCCGTGGAATTATTCAGGTTATTTTCGAATGCAGGAAAGTCCATTTCCTCTCGCGGAGCCGCTGAGAACACGGAGGAGATGGGCAGCCAGATCAATGTCCCTTGTATTTGCTCAGCACGTCCCGAGTGAGCAAAGCGAACAGGCGTCAAATATTGCCTTTTCTCTTAATTGCCTTTCTTGGAGTGCTTTGTGAGCTTGGTGTGAGACCCTCTTTTGTCTTCCGATGACACCGTGAAGCGTTACATTTCAATGCCGGTTCGCGCGGGAACTCCGGCGTCAAAGTAGTGGCGCAGCGGGACCATTTCCGTGACCAGATCAGCCAGTTCCAGAATGGGCGCGGGCACATTGCGTCCGGTCAATACGAGCTCGACGGAATCAGGACGGTTGCGAATCAGCTGAACCACCTCTTCCACGGCCAGCACGCCGGCACCCATGGCGCCGATGATTTCGTCCAGGATCACCAGCCGATACTGTCCACTGTGCAGGGCCTCCCTGGCCCTCTGCAGGCCATTACGGGCGCGGGCCAACTCGTCTTCGTCCGGAGCGCCCATGATAAAGCGCCCGCTGCCGAAGGTTTCATGGACAATGCCTCCCTGCAGCATGGCAATGGCTTTGGCCTCCGAAGTATCCGCCGTCTTGATGAACTGCCCCAGGTAGACCCGGTATCCCGCCCCGACACAGCGCAAGGCCAGCCCGAGGGCGGCGGTGGTTTTGCCTTTGCCATTACCGGTATAGATCTGCACGTAGCCCCTGTCTTCGCCCATGGTGCCTCCTGAGTTCTCGCAAGCTGTTGGTTTGCGGTTATTGTGCAGCAAAAGTGATTGCCATTCAAGGGTGAGGAGCCCTGAAGCAGCAGGCCGTTCCCCCCTGAGCCCGTCCGGTGAGTGCGACGCCTGGCTGGCAAGACCCGAACGGGATACTCACAGGAAGTGAGTGGTCCGGCAGCACTGCAGGGATGCAGTGTCTGCCGGATCTCCAGGACAGGCGAGCCAACGAGCCGCAAAAACGGGCGTTCGGGGGGCGCGTTTTTGTGTCCTTTTTGCGCGGTCAAAAAGGGCAAGAATTCGCTGATATGCCGTGGGGGATTCCCCATTTTCGCGCTCTTCACGCTTTCCTTTTTTTCAGGCCTATTTCATTTTGCCTGATGTTATGGTAAAGACTTGCCTTCCCGAATATCCGCGAAATACTTTACCAGATTCCAGACACAACAGGAGAACGTCCCCCATGTCCCAGCTCAGCACCAATGATTCCATCCGCAATATCGCCATTATCGCCCATGTCGACCACGGCAAGACCACGCTCGTTGACCAGATTTTTCGCCAGAGTGGTCTCTTCCGTG
NZ_CP084704.1_gap95	2791172	2792285	1113	TAATCAGTTAAAGCAACATCGTGTATATGCCTTGGCCAAAGCCTTGAAATAATACTTACAGCTACCAATTTCCACAATAATGGCGTCTTGAAGTATTTTGACAACTAATATCCATGCACTCTACCTGAACCCATTAGCAGTAAAAAAGGTGACACATGCTTACCAGGTTATGTTTTTTTAATAGACTTAAATGGCCAGATATCGAATTCGAGGAACTTAAAAAGCGTACTAGAATTTTAGTAATTGATGACAACCCATTCGAATACGAAAGATTATTTAAAGAAGCACGCTATGCAATTGACACATGGGATGACATAGATATTAAGGATATCAACTCTCTTGAGAATGGCGAATATGACATTATCCTTTTAGATATCCAAGGAGTCGGGAGAAATTTTTCATCAGAGCAAGGGCTTGGAGTCCTCAAACATATTAAGACTGTAAACCCATGTCAAATCATACTTGCATACTCAAATGCTGATTACAAACTTGCATATCAGGACTTCTTCAAGTTGGCAAACGGCACCCTTGACAAAGCACAGGATTTCTTTGAATACAAACAAAAGGTAGATCATTTCATAAGAAAAAGATTTTCATACGAATATTACTTAGATATGATCATGCAAACTTTTGGCGAGGTTGACAATAAAGCGACAATAAAAAAGATTTTCAATAAAAGCATTGCCAACTCAAACCCTAAGTACTTCGAGAAAAAAATTGCACCATTTCAACTGCCGCAAGAATCAATTACGTTCATATTATCCGTTGTCACTTTTGCAATTAACACCTATTCATCACTGAAAGGCCTGTATAAGTGAAAGAAATATTCCCTCACTGGAAAAACAACTCAGCTATTGATGGAGTAATAATAAAAATGGGAAATTCGTGCAAGAAATGCACTTCTCACCAATGCAAAACTCCAGCGCATAATGCGATGCTTGAATGCTCTTACGGTTTAAACTACATAAAACACAATACAATAGTTTTATTTGGATTCTGCATTAAAGACATCAACAATTCAAAACAAAAAAAGAAACGCTTATACGACTCACCTGAATGCACAGTAACGAATAGCTTCATAGACAATTACATTAAACACAGTGATGAGCTACT
NZ_CP084704.1_gap96	2794696	2795579	883	TCCTGGTTGGCGGGCATGGCGATTCCCAGGGCTTCCAGCATGGGGCGCCATGGTTCGGGGTCCAGCTCATTCCACTGCTGCCACAACTGATGGATTTCCGGGTACTTCAGGCGGGGCAGGCGCAGTATCCGTGGTCGCAGCGGGGCGGCCCGGTAGGTGTTGTTCCACACCAGCTCTTCGGGGGGATAGATTTCGGAAAATCCGGGGGCGATGATCTGGCAGGCGGGAAACCCCAGGTGGGACTGGTCGATGAGGTACAGGTCCTGCCCCATCTCCTGAAAGAGGGTGAGCAGGTCCTGCCACTGCTGATGGCTGTCCGCTGAGCCGTTCCAACGGGTAAAGGCATAATCGGCGGGCTGGCGCAGGCTGTCCATGTGTACCAGTCCGCTGGAGTCGATAAAGTGGGTTTCCAGGTTGCTGGTGCTGGCCACCGCTTCCCGATCCCAGCTGGGAAAGCGCAGGCCCTCGGCGCTGTAGAGGGGGCGTCCCTGGAGGAGTTCGGTGATGGTGCGTTCCAGGCTGACTTCCAGCAGGGGATGGGAGCCGAAGGACCACAGGCAGCGTCCACTGGTCTGTTCCATGAGGACGGCGGCGGTGGCGGGAAAGCGGCCTCCCAGGGAAGCGTCCAGCAGCCGCAGGCCGTAGCCCTTCTGCTGAAGCTGTTCCACGGCTGACTGCACGGCGGGAAATCCCTGCCATATTTCGGCAGGGATGACGGGCAGGCTGAGGCCCTGGCCGATCATCTGGTACTTGACGGAGCGTTCGATGATTTCGCACAGGGCCTGGACGCGCGCTTCGGCGAGGCTGTTCCCGACGGCCATGCCATTGCTGGCGTACAGGTTGCCAAGCAGGCTGACGGGCAGCCACTGGCGGCTGCCATCGC
NZ_CP084704.1_gap97	2848091	2850637	2546	CCTCCCTCCGGGTTTTCCCGGGCGACCCGCAACTGCTCCTGCAGAATTTTGGTACCCTGGGCATCTTCCAGCTCCCATGAGTAACGGGGTGGATCCTGCAGCTCGCCGTTCATGAGGATGGCATGGCCATCCACGGTATCAATAAAGATATAGTTGTCACCGTAGCGCAGCTCGGCCAGGGTCAGGAGGATCTCCTGCTGCAGCTCATCGCGGAAGCGATCCAGGAATTCAGCACTGCCGATATACCAGTCCCAGAGTCCAAGATCGCGGACATAGCTGATCTGGGCATGGAAAGTTTCAGGGTCTTCTGGTTTAAAGAAGGCGTCCACATTAAAACCCGAGCCCTCTTCCCGGGCAGTCCTGGCCTGCTGACGCACCACATAGTTTCCGCTGGGGTCAGTAATATCGGCCAGGCTCTGCCCTTCCTGGCCGGGATTGCGGGGCAGCAGCACCGACTGCAGATCGTACCGGTTGATCCAGATATAGGAGTCACCCTCCCGCCAGCTCATGGCGCGCAGGGCTTCCACGATCATCTGCTGCAGTTCCTCGTCACTGATGGTGCCGTGGTAGCGCTGATAAAGCGCATGGGCAACCGTGTACGCCTGATCCACCCGCTCGCGGACCGTTTCTCCCAGGCGCGCCTGGGCCTGCTCCCGGTGCTTGCTGATCACCTGCACCGCGTTATCCACCCGCTCCTGCAGCATGGACTGCTGGCTTTCCATATGGGACTGGCGAATCCAGTGTTTCTCTTCCTCAAAACGGCTGTAGGTTTCCCGCAGAAAAAGGGTGGAAGAGAGGATGGCTACCAGCAGCAGGCTTACGAGAGAGAAAAGCAGAATCCAGCGACGAATGGAGTGCTCGGTACGGCGAAAATCAAGGGATTCCGGCATGGAAGAGTCTCATTTCTTTTTCCGGGAGCTCTTTCCGCGATCAGGGAACGCGGAAAATCAGCTCATCCGATGGTGGTGAAACGGTGAAACGGTCAAGACGCAGATAGACCCGATACCGGTAGGTGCGACCCCGCACCACCCGCTCGTCGCGGTACTGGCTCTGGCTGGTGGTGGCAATGCGCTCATAGGCCCGCTCTTCGCTGGAGCGCATGATTTCAAAAACACCCTGTTCGGGAGCGTTGATATTCAGCAGAACGGCTCCCCCATGCCAGACAGCTTCCATCCGGGGCGCGGCGGGCAGGGCGCGGAAATCCACATTCAGCACCGCCGAGGACAGGCGCTCACTGGAGCGAACCCCGGCGCAACCGTAGCGGTAGCTGTCACCAGGGATCACGTCAGTATCCAGGTGGGCAAAACTGACCTTCTCGTGGCGCAGGATAACGTGGTCAGGCCCATAGACACTCTGCCCCTGAGGACGTCGCGCCCGCACCAGGCCGGTTTCACCGCGAAAAAAAGGAGGGAACTTGCAGGTAACCAACACGCCTTCGCCAGTATTCACCGCTTCTATAACCACATCGGCGGTCTCTTCTTCCAGGATGATGGGTGTCTTCACCCCGCAGCCCGCCAGGGCGACGAGGAGGAGCAGAAACAGGACGCCATAAACAGATTTCATAGGTATCTCCTGGTTATTCAAGGGCTCGCAGGAGCCTGGGAAGAAAGCGAAAGGGCAGGGGCGCGGCCGCAACCTGATCCACCGTGCCACAGAGAAACAGCTGCTTTTCCGGGCAGAAAAAGAGCCACGAGCCACTGGCACCCGTATGTCCAATCACCGCAGGAACCGGCTTGAAAGGTGTCAGAATCCGGGGAACCTGAAAGCGCATCATACCGGCTCCATACTGAATTGGCCAGCCGGGAAGCTGCAGCGACGCCAGATCCCGTGGCACACCGAAGGAGTTCCAGCGCTGCATCTGCCTCAGGGATAATTCATCGCTCAGCAGCTGTCCTTGCGTCAGGCCCCGCAGAAAATCCAGCTGATCCCTGGCGGTGCTGTACAGATCGCGAAAGGAGGCCATCAGGCGAGGGATGCGCAGGGGCGTGGCACCAGCCCACACCGTGGCCGGCATCGGCTCGTGGCCACCCGCCGGATCACAGAGAACCGTATTTTCCAGGCCCAGGGGCTCCAGGATGAGATTGCGCAGCACCTGGCCAAAGGGCATTTCCAGCCGGTGCTCCAGAACGCCGATGAGAAGCTGGAAGTTGGTATCGGAATAACGGACTCTGGGCTTTGCCTTCCCCGGGGACTGGGGCGGAAAGTGAGCCTCCAGCTCGCTGCGGACATACTCCAGCATCTGCGCAAGATCAATGGAACGGTCACTTTCCGCTGCGATGCCCTCCAGCAGGCTGCTTCTGCCTCGGGGCCGATCCACAATCCAGTCGGGCAGTCCGGAGGTGTGGCTCAGCAGGTGCTGCAGCGTCAGTTCGCCGGTAAAGTCCACGCCGCGATAGCGGTGCAGCTGGCCAATCAGGGAGTGGGGCAGGTGAGCGCAGAGAAGGTCGCCGGTGCTGAGCACCCCCTGTTCCTGAAGTTTCAGGAGGGCAGCCGCAATATACAGTTTGGTGATGCTGGCAATGAAGTACGGAGTCCGCGCCCCCATG
NZ_CP084704.1_gap98	2873804	2874847	1043	CCTGCCTATCAAGATTTTCCCGTCAAACAGGGAATTGGCAAAACCCTATCGCACAAATGGCCTGATCTCTTGGCTTCTCTGGCTTATATAGCATCACAGTAAAAGGTTACTGCAAGAAGGTTACTGACTGTAGGGCAGATGGAAGTGTTGCTTCCTCTGTGACTTTGCCCATCGCGAATAGTTACGGGCCACTACGGCGCTTTAGCTAAAAGCCAATTTTCCGAAAACTGTCTTTCCGGAAAAGACAATTCCTGGAGCGAATCTCACCCTTCCTGCCTATACCGCTCTGCTATCCGTGCAGCCAGTATTTCTTTCAAGTTCTCCTGCAGGCTGAATATTTTATCCCGCAAACCACCGGTGGAAGCTGGTGCCGTGGTGGCGCAGGTAATTACTCCATATCTGCCAATATGCGGTAGAGTTGTGAATTGACGTAGTAACTGGAACGGCCAACCTTGTGTTTTTGCAATATTCCATCATTGGCCAGGGTGTCCAGGTATTTTGTGGCTGTCAGGCGGGATACATTCAGTTCCTGTTCGATAAACTGGATTTTGGTGTAGGGATGGGCGAAAAGGTTGTTCAGAAGATCCTGGCTGTAAAAGCGATATGTGCTGCGCAGGTGGCGCTTCATGTCGGTAAAGAGGTTCTGGATTGCCCTGATCGTGGCGATGGTTTCCCGTGAGGTGTGTTCGACTGACTGCAGCATATACAGCACCCACTCTTCCCAGTGCCCATTTTCATGGACTGCTTGCAACAAACGGTAGTAGTCGAGCTTGTGGCGGGAGATATAGCGACTGAGGTACAGCACTGGAATGTCAAGTAGGCCTTCCTTGACCAGGTAGAGTACATTGATGAGTCGTCCGGTGCGGCCGTTGCCGTCATAAAAGGGATGGATGCTTTCAAATTGATGGTGTATGAGCGCCATTTTTATGAGTGGGTCTGCATCGAAGAGTTCCGGCTCATTGATAAATGATTCCAGGTCGCGCATCAGTTTGATCACTTCCTGAGCGTCCTGGGGTGGAGAGTAGACTACCTGGCCGGAGCTG
NZ_CP084704.1_gap99	2915019	2915685	666	CCGATGATCTTTGCCGCGCTGGCCTGCTCGGCATCCTGATACACCACCTTGATGTTGCTGGTGCGCAGCTGCTCCCCGAGAATAGCGTCCACTTCACGCACCGCCTTGAGCAGGGAAAAGGAGACTTTCTGCTTATCGGGATCAAAGAAATTCTTGAAATCGTCAACGGTACCCACCATGAAGCTGACCTGCTGCAGGGTTTTCTCAATGGCGTCTTCAAGGGCCTGGGGCTCAAGGGTGCTGTTGCGACTGATGTCGCGCAGGTTCTGCATGAGAAAGGCGATGATGTTCAAGGGCTGTTTCCACTGGTGGGCAATGGCCTGAATCATCTCGCCCATGGCCGCCATCTTGGAAGTCTGCACCAGCAGACGCTGCTGGTTCAGGCGCTTGTCCGTCTCCTCCCGTACACGTTTTTCCAGGTTTTGATTCAGTTCCCGCAGCTGCGCTTCCACCCGTTTGTAATTGGTGACATCACGACCGATGACCAGCTCACCCTGATCGTCAATGGGCAGCCGGCTGACATCAAAGCTGATGGCCCCTTCGGGGCGCTGGAGCGTCACGGATTCATGGTTTCCCTGGATGCGCAGCGGCAGGGGGATCTCACCAAAGAGCTCCTGGTCGCTTTTCCCACGGAATCCCGCAGGGAGCTCAAGCAGATCCACAGCT
NZ_CP084704.1_gap100	2917862	2920853	2991	TGCGGAAGATATTGGGATTCTCCAGGGGAGCGCTCTCCATGTACTGGCTCAGCATATCCAGCGATGGACCAATAATATCCAGAAATGGCAGGGAGTGTTCCCGGCAGTAAGCCGCAGCAAACTCGCGCAGATCCTTCTTTACCACGGTACAGGCCACGAGCACCTGCTCGCTGCGCGCCTCTTCCAGAAGCTGCAGCATCTTCTGCTGACTGTCGATCTTGGCATTCACCGTCAGCACCGTCTTATGCTTTTCATCAAACTGGGCCAGCGCCGCCTTGATCAGGTTGATCGCACTCTGCCCCGTTCCATCGGATACGATATAGATGCGCTTCATATTCCCTCGCACAGACAATTTCCCTGAGTATACACGGATAGGAACATCGCTTACAGCGGAAAGTTGCAGAAGCCACGGAAGTTATCGCAAATGAACGCCAATAGACGTGAATGGGAAATGGCCACGCGTGGACAGTGGATCGTCTTTTATTGTGTGAAGCAGCCGTTTCAACAGCGCAGTAACCGCCTTTTTATCCCATCTATTGTGCATTCATTCGCGGTGCGCTCTTGCCCATCACAAAATCTCAGACCTCTTCTCCCGCTTTTCCACCAACCTGACGGTAAAAATATTGCCATGTTGCCGACTTTCGCTGATATCCACGCGCCCGCCATAGGCGTGCACGATATGCTTGACGATGGAAAGGCCGACTCCCGTGCCGCTCTTGGCCCGATTGCGGGACTGGGACACGGTATAGAAGCGCTCAAAGATGCGTTCGCGTTCTTTGGCGGGAATGGCCGGACCTTCGTCCTCCACTTCCAGCACCAGATGGGGCGGTTTCTGATGGACGCGCACATGAATCGTGCTTCCCGAGGAATACTTCATGGCGTTATCAATGAGATTGGAGAGGATGCTGAGAACATGCTCGTAGGTGCACCATACCTGCATGCCTCCTGGCACGTCATAGTGGATAACCTTGCTGGTAATGGTGGCGAAGCGCTCCCGTAGGGTCAGGATGACGTCTTCCATCAGCAGGGGTTCATCTATGGCGAACTCCTGCCCGGTTTGCTCCAGGCGGTTGAGCTGCAGCACATCTTCAATCAGGGCACTGAGGGAGTGAGAGCTTTTGTAAATAATGCGCAGAAAGCGCTCACGCCTTTCGGTGGGCAGATCGGGGTCGCTGAGCAGGGTTTCGGCGTAGCCCATGATCATGGTGATGGGCGTACGCAGTTCATGGGAGATATTCCCCACCAGTTCTGTCTTGTAGCGTTCGTACTTGTCTTCCTCGGTGACATCGAAGAAGGCGATGAGCTTCTCCTTGGCCAGTACCCGCAGATTCACCTCGTACACCCGGTCGCGGAAGCGGCGCTTGTCCCACAGGTTATTCTCTTCTGACTCCAGGATCTCCCGCAGAAAGCTGATGACCTGGAAGTCCTGGATGTCCCCCAGAAGGTTGCTGCCCACGTGGAATTCAACTCCCAGGAACTCCTGGGACTTGGGGTTGGAGTGCAGGATGGTGTTGTCCCGATCCACCAGGATAATTCCCTCCTCAAGGATACCAAAGATATTCTCAAGCTTCTCCTGCTCTTCGCGCAGGCGCTCCTGCTTGGCGATCATGGCGTGGTAGATGCGGGCGATGAGGTGGGAAATCTTGGCCATGGTAGGGTCGCGGAAGTGGGGAAAGTGGATGGAGCTGCGCCCCGATTCCACCGCCTCGGCGATATAGCTCAGGCGCTGGATGGGCAAAGAGATTTTCCGAGCCAGATAGGCGGAAACCAGCGCCGTGGCGGCCAGCAGCATCAGCAGGAAGATCAGGCTGCGCTCGCGGGCATCCTGCTCCAGACGGGTGATATAGGTGGTGGGGTAGGAGATGCGCAGAATACGGCCATCCTCCAGGGGCTTGGCGTAGTAAACCATCTCCTTGTGGATGGTGGTGCTGATACGCGTGAAATAACTCTCCCCCAGTTCCAGGGCGTCCAGCACCTCGGGGCGCTGGCTGTGGTTGGCAATCTGCTCCATCTGAGCTGCTGCCACATGGGAGTCGTAGGTAACGCTTCCATCGGTATGAATAAGCGTAATGCGCAGGCTGGTGGTGCGAGCCATGGCGCGCAGGCGGTCGTGAAATTCCCGGTTGTACTCCTGGGGTATTTCCAGAGCCGCCATGATAGCCCACTTGGTCTTCATCTCTTCCATGAGGTTCTTGCGGGCACCATCCATCACGATGCCGTTGGCTATGTACACCAGCGGCAGAATGGCCAGGGCCATGGGAATGGCGATGATGAGGAATACACGTGCGAATGAGCTCATGGTGAGTAACTTTCCTACCTAAGGTCAGGTTCATTTTTCGATGCATAGAATATTATGTACTTTTTACCCTGGCGCACCAAAAAGTACACAAAAACGCGCCCCCCAACGCCCGTTTTTCCGGATCGTTTGCTCACCTGTTCTGGAGATCCGGCAGCAGGCTGCTCAAAGAGGCCCATCTGCTGCGTTGCCCGTCATCGCTCGTCACTGCGACGTACAGGGAGTAGATTCGCGGGTACGCTTGGTTGAGCGTGAAGCTACCGAATCGGTTTTCTGTTGCACGGCATATTTTGTTTCTTTGCTCCTTTTGACTCGCCAAAAGGAGCGCAAAAGCGACCCCCAGTGTTGTCCTTTTCAGCCATCCGCATGCCTGGAACTGGGGACCGGTAGAGTAGAGAGCAGGTTTCACCCTGCTCCCCCTCGTCAAACCGGACATGCGGATTTCCCGCATCCGGCTTTCCTGCTGTCTTCACCTCAAAGCACACACAGGCTGTCAACGGGTAAGCCGGAGTACCATCAGGTCTTGGTAGATGTGACGATACCAGCTCTTACCTGCCGGTGGACGGTAGGCTCGCTGACTGCGGCGTGCAAGGTGCGAGTAGAGTTCTTGTTGCACATACCAGTTCATACCACTAAACCTGACCGATGGCTGCCCATACTGGAAGTAATTCTTCCAACCCTGCAGCTTGCGATTC
NZ_CP084704.1_gap101	2923441	2926738	3297	GGCTGTTATCCTTTCCATTCTGGACAAATTTGCGATGGCGGATGACCTTCCCCGTTTCCATGAAGTACACCTGCTCGGCAATATTGCTGGCGTGGTCGCCGATGCGCTCAATGCGGCGGGTGATGAAGATCAGCCAGATGACCGGTTGCGTCTTGCGCACATCCTCCAGAATATACGTCAGCAGCTCCCGCACGATCTGGGCCTGAAATTCATCCACGGCGTCATCGCGCTGGATGACCTCCAGGGCCTTGTCCGTATCGCGGTGGAAGTAGCAGTCGATGGCGCCGCGCAGCATGTCGGCTGCCGCTTCTCCCATGCGGGGAATGTCGATATAGGGCTTGACCTGGGGAACCTGGTTGAGGTGAATCACCTCGCGACAGATGGAGGTGCAGTGGTCGGCAATGCGCTCCAGGTCGTTGATGATGCGCGAGACGGTCAGAATATGGCGCAGGTCCTTGGCTTTTGGCTCGTAGAGGGCCATGATTTTCATGCAGATATCATCAATGGTGATATCCAGATTATTGATCTGATCGTCCGAGTCCAGCACCTGCTGGGCCAGCACGGAATCCCGTGTGACCAGCGCCTTGATGGCATTCTCTATCATACTGACCGTATGGGTACTCATGTCTGCAATCAGGGACTTGAGGGTGAGGAAGGCATCGTCACGGTTTTTCATGGGAGTCGCTCTTGCTTTGCTGTTTTGACAGTTCTTTCTCGATCTTCTTCAGGCTTTTATGCCGTACATCCATGCCCTTGGCAAGGTAAATTACATATTCTGCTATGTTTTCGGCGTGGTCGCCAATACGTTCCAGGGCTCGCAGAATCCAGATGATATTGAGGGTCTGGGAGATGCAGCGCGGATCTTCCATCATATGCATGACCAGTGAGCGCATGGCCCGCTTGTACTCCGCGTCCACATCCTTGTCCTGGTGCATGACCCGCAGCGCCGTGTCCGCATCAAAGTCGCTGAAGGCCAACAGGGCCGTGTCCAGCATGGAGAGTACCAGATCTGCCAGCTGGCGCACTTCCGAGTAGCCCACCACCGGACGCCCCTCTTCCATCAGGGAGAGGGCGCGGCGGGCCACCTTGGCCGCCTCGTCGCCAATACGTTCCAGATCGCGGCTGGAGCGCGCCACAGCCAGAATCAGCCGCAGGTCGGAAGCTGCTGGCTGGCGTCGCACGATGATCTCGGTACACTCATTGTCGATAGCCACTTCCATGGCGTCCACTTCCCGGTCATTGGCATTGACCGTTTCCGCCAGTTCACGGTTCTCCTCCAGCAACGCCTGCACCGCACTTTTCAGCTGGGTGCGGGCCAGGTTCCCCATGTCCAGAAGGCCATTGATGATATTGTCCAGGCTTTCGTTAAACTGCTTGGAAATATGGGTGCGATGGATATTTTTGTCGATATTCATGGGTCATACCCCTTCATAAGTCAGTAAGAGATGGCAGGGAGCGAGGAAAGATGCCGCTCAGGAAGCAGCCCGACTATCCGTAACGTCCGGTAATATAATCCTCAGTCTGCTTCTTCTTGGGATTGGTGAACAGGGCGGCGGTGTTGCCGAACTCCACCAGCTCTCCCATGTGCAGAAAGGCCGTATAGTAGGACACGCGGGCCGCCTGCTGCATGTTGTGGGTAACGATGACAATGGTATAGTCGTTACGCAGCTCGTAGATCAGCTCCTCGATTTTGGCCGTGGAGATGGGATCCAGGGCCGAAGCCGGCTCATCCAGCAGAATCACCTCGGGCTGAATGGCAATGGCGCGGGCAATAACCAGGCGCTGCTGCTGACCACCGGAGAGGCCGAAGGCGTTCTCCTTGAGGCGATCTTTCACCTCATCCCACAGGGCGGCACGCTTGAGGGACTGCTCCACCACCTCGTCCAGCTGGGAGCGGTTACGCACTCCCTGCAGGCGCAGGCCATAGGCGATGTTTTCATAAATGGACTTTGGGAAAGGGTTGGGCTTCTGGAACACCATGCCCACCTTGCGGCGCAGCTCCACCACGTCCACCTTCTTGTCGTGAATATCCTGCCCCTCCAGCAGAATCTGCCCTTCGATGCGACAGATATCAATAAGGTCGTTCATGCGATTGAAGCAGCGCAGCAGAGTGGACTTTCCGCAGCCACTGGGGCCGATGAACGCCGTCACCCGGTAACGGGGAATCTGCAGGTTAATGTTTTTCAGAGCCTGATCGCTGCCGTAGAAGAGGTTGAGGTCCTTCACCTCGAAGGAGATCTTTTCGTCCTTGAGGTTGGTGGCATCAGCGGGCTTGCCGGCGAAGAAGTCGGCTCCAATGCCACTGTGGGTAAAGTTTTTATCTTTTTCCGTCATGGTATCCGTCCTTTATTCAGAGTTCTGATAAAACATCAGGAGAGTGACATTCGTTGTGAATCAAGGGTTTTTTCCAGCAGTCAAAACCATGACTCACGCCCGTTCGCTCCGCTCACTCAAGCCGCAAAGTCGCAAAGAAAGATCTTGACCTGCATTTTCCGCCTTGGCGTCTTTGCGGCTTGGCGAGAGGCAGTGCCTTTCCTGTTTTGACAAGGCACTTGCCAGCGCCGGGCTAGTCGCTGTCACTGCGATACTTCTCCCGCAGATGATTCCGTATGGCAATGGCCGTCAGGTTCAGCACTACGATGATCAGCACCAGGGTCAGGGCCGTGGCGTATACCAGGGGCCGAGCCGCTTCCACGTTAGGGCTCTGGAAGCCCACATCGTAGATATGGAAGCCCAGGTGCATGAACTTGCGCTCCAGGTGAACATAGGGGAAGTTCCCGTCAATGGGCAGGTTGGGAGCCAGTTTGACCACGCCCACCAGCATCAGGGGAGCCACTTCTCCGGCGGCGCGGGCCACGGCCAGAATCAGCCCCGTCATCATGGCAGGGGCCGAAAGGGGGACAATGACCTTCCACAGGGTCTCCGACTTGGTGGCCCCCAGAGCCAAGCTGCCATTGCGGATGGTGCTGGGGATGCGGGTCAGACCCTCTTCGGTGGAGACAATCACCACCGGCAGGGTCAGCAGGGCCAGGGTCAGAGAGGCCCAGATCAGACCCGGCGTACCAAAGGTGGGCGCGGGCAGAGCCTCGGGGTAGAAGAGACGGTCGATATTGCCCCCCAGGAAGTAGACGAAGAAGCCCAGGCCAAAGACGCCAAAGACGATGGACGGCACCCCGGCCAGGTTGTTCACGGCGATGCGGATGGTACGCACGATGGGCCCCTGCTTGGCGTATTCGCGCAGGTAGATGGCCGCCAGCACGCCAAGGGGCGTGACCACGATGGACATGACGATAACCA
NZ_CP084704.1_gap102	2952493	2952993	500	CAGCACCTGCTGAATAATAGTATAATCCCTTACAATATAAGGAACCGGTTGATCCATGACAAAGGAAACCACTTCACGGATTCTGCCATCCTCATCCTTTTCCACTTTAAAGCTGACTGTGGCTCCCTGGGCGAATCCGCTCAGCACAAAGACAGCAATCAGGGCACGGATAAGGTGCAAAGGGGAATAAACCATGTACTTCCTGTCCATTTGGAGTCACTTCGCCCGCTGGCCAGTGTTTACTTTTCCGGCAAAAGCAGATACAAATTCAACGGACATTTTTACAGGTTTCGCCTGTATAAAACAACCGTTCCGCTATGATCCTATCATAGTATAGGAAAAATAGAGTGTATAGCCCTATTTTCCAGTGATCATCGACTTGTCCGGATGCTTGCCACTGTCAGAAGCCACGATGAAAAGAGCAGCTTCCCGCTTATCGACCACTGCCACAAAACGCCTGAGGTTCACGGGCAACAGAATACACGACAAGGGATTACCAA
