gap_id	start	end	length	sequence
NZ_CP176813.1_gap1	10783	11683	900	GTATCTGTAATAACTCTTATTCCTGCAACGTCGTAAACTTCTTCAAAAGGAATTCCCTTTGTTACCATTTTTCTGTATATACCGTAAATGTGTTTAACTCTCCACTGAATATCACCTTTTAAACCATTTTCTTTTAGCTTCTCTCTAACTGTCTTGATTATTTCCTCAAGATAAGGAAGTATTTTTCTCTTTTTTTCTCTTACTTTTTTTTCTAATTCACTGTAGGTTTCCGGATCAAGATATTTTAATGAAAGGTCTTCCAGTTCATTCTTAATTCTATACATACCAAGTCTATTAGCTAAAGGTGCATAAATTGTGAGAGTTTCTTTTGCGTTTCTTTTTTGACTTTCAGGTTTCATACTTTCCATAGTCCTCATATTGTGGAGTCTATCTGCAAGTTTAACTATTAAAACTCTTATGTCTTCTGCAAGGGATATAAGAAGGTTTCTAAAACTTTCTGCATCTCTTTCTTCTTTACTTGAAAACTGATAGCCTTCAAGTTTTGTTACTCCCTTTACAATAAAAGCAACTTCTTTTCCAAACTCTTTTTCAATTTCTTCTATTGTGGTGTCTGTATCTTCAACTACATCGTGTAAAAGTCCAGAAATGATTGTTGGAGTATCCATTCTTAGTTCTGCTAGTATGTAAGCAACTTCTGCAGGATGAGAAAAAAACGGTTCTCCAGATTTTCTGAATTGTCCTTCGTGCCTTTCCTTGGCAAAGTTGTATGCTTTAACTATTAATTCTTCATCAAAAGAGTCTCTATATTCCTTTACTTTTTCTATAATTTCTTTACAGCTTCTCATTTATTTTCTTCCTGTGTTTAATTTTGCTTAACCATTTAAATTTAGAGCTTTCCTTCTAGGAGATGCAATGTCAGAAAGGCCAATTGGAATTTTT
NZ_CP176813.1_gap2	25867	26389	522	AATCGAAGGTCTTGATTCTGCAATTCATGGAGAAAAAGGTTTTAATCTTTAATAATTAATAAAGGGGGGAGGGGTGCTCCCCCAAAAATAAAAAAACAGGAGGTAAAACATGGTAAAACGCACACTAACTATTTTAACAACTGTTCTTCTAACTTCTGCAGCTGGAGTAAGTGCAGCAGAATTAAAGGTTGATATTCCAAATATCAAGCTCTCAGGAGGTATTTCTGCTACTGGATTTAATGAATCTAAGGCAAACAATGATGGGAGCTCTACAAATGACATAAAGCTTACAGATGCTGTAATTGAGCTTTCTGGTGGAGATGATTTTGGTGGATTTGATATTGCTGTTGGTTCTTTAGTAACTCCAACAGTAATTGGTAGTGTTGACGCAGAAAATCAAGGAAACTTTGGTCTTAATAGGAATAATGATAAATTCGGCATTCTCTGGAGCTATGTTTCTCTTACTCCAATAAAAGGTCTTCAAATAGATGCAGGAGTTTTACCTACTAACGTAGGTTATGA
NZ_CP176813.1_gap3	50089	50995	906	CTCTATAGTTTCTCATTTTTAGGGTAAATCTATCAAATCCTTTTAATCTGCCCTCTAATCTACTTCCGTTCCTAAAGAAAACTATAATCCTTTTTCCCATAGCTTGACGCAATTCTCTACTTTGAACACCTCCCATATAGGAAGAAGCTATTAGTCTATAACCTTCAGATAACTTTTTTTCAATTTCTTCCTTTTGTTCTTCTGTAGGTGTAGGAGGAAGAAGAGGTATAAACGTTGCTGGTCTTATGATTAATTCATCTTCGATTTCTTCGTAGACAATATCCCCTGCAGATTTCATAAGTTGCAGGAGAGGTTTTATATTTTCTGGTTTAACAGAAAGTCTTTCAGCTAACTCTTCAATTGAGCCTCTGAATTCTCCTTCTTCTTCAAGGAGCTCTATTAATTCTATTTGTGCGTCTTCGAGAGTTTTGTACCTTTTCATAACAACTACCTATTCAAAAATTATTGTAGCAATTGCATGTTTGTAAACAAGAGATTTTCCCTTTGGAGCTGTCATAGATAATGTAAAGTTATCAAAGTCTAAAAGTTTTCCTTCGAGTCTTGTTCCACTTATAAGGAATACAGTTATGTCCTTTCCTATTAGAGAAGTTAATACTCTATCTTGAAGAGAAAGTTTTTTCTCTTTTTTCTTTTTTTCTGGCTCTTCTTTTATTTTTTCTTCTTCTACTTTTTCTATGATTTGAGTTTCCTTTTCTTCTTTTACTTCAACTTCTTCTTTTTGCTCTTCATGAGTGTCTTCCACTTTTTCTTCTTGTGAAAGCAAGGTTATTATTAATCCTTTTCCTCTTCTTGATTCAGATTTTACTAAAGATTCTTCTTCTAACTCTGTAAGAGCTTTTTTGACAAGATAAGGAGTTGAATTTGCAAGGTGAGCAAGTTCTTCTA
NZ_CP176813.1_gap4	54992	59798	4806	TTTTAGAGGGTTAAGATGAAAGTTTATCCTGAATGTATTCCTTGTTTTATGAAACAAATTCTTAATGTTTCAAGAATTGCAGATATTCCTGACTCTACTATAATGGAAGTTTTGAAAGAATCTGCTAAGTTTGTAGCAAAAGATCTTAAGATTAATAAATCTCCAGGTCATAATGCTACTTTTTTACATAGGATTTTTAAGGAAAAAACAAAAATACAGGATCCCTATAAATCTTTGAAGGATAAATACACAGAAATTGCCTTAAGATTAGAACCTTATCTTGAGGAAGAATTCTACAGAAAGTCTGATGACCAACTTTCTATGGCTATAAGACTTGCTGCCTTAGGAAACGTCATAGACTTTGGAATTCCTCGAGAGTTTGATTTATTAGAGGAAATAAAGAACTTATTGCACATTCCTTTTGCCTACTTTGACGTAGCTATCTTGGAAAGATTTTTTGTTCCTGGAAAGCCTGTTCTTTACGTTGCAGATAATGCTGGAGAGATAGTTTTTGATAAGTTTCTCCTTAGAGAGCTCAAAAATAGAGGTCTCAAAGTTATCTTTGCTGTTAGGGGTGGTCCAATTCTTAATGATGCTACTGTAGAAGATGCTCTTAAATCAGGGATAGCAGAAGTTGTTGACGAACTTATAACAACAGGAAAAGACTTTATAGGAATTGATTTTGATTTTGTTTCGGAAGAATTTAAAAACTATTGGGATAGAGCCTTTTTTGTTATTTCTAAAGGACAGGCAAATTTTGAAACCCTTGATGGAATAAACTCCAAGGATATTTTCTTTATACTCAAAGCAAAGTGTAAACCCGTTGCAAAAGAACTTAATTGTAATGTTAATGACCTTATTTTCCTATACAATAAACACCTTTTAGAGATAGCAGAGAGTGCAGGTACTAAGTAAAAAAGACATAGAAAAGATTTCTCAGGTTTTAAGAGCTGGGGAGCTTATTTGCTCCCCAACAGATACTCTTTTTGGAATACTTGGAAATGCTCTTGATAAAGAGGTTGTAAAAAAACTTTATTCTGTAAAAAAAAGAGATGTAAACAAACCATTAATTGTTCTTTTTAGTTCTATTGAGCAGTTAGTAAACTTTGGAGTGCTTGTTCCTTTAAAATACTTAAATGGTTTAAAAAAACTCTATCCTGCTCCAGTTACGGTTATTCTTCCCCTTTCAAAAGAGAGTCCGTTTAGAAAAGTTTTCCAAAGAGATAATCTCGCTGTTAGAATACCTAAGGATGTATTTTTGCAGAAACTCATAAAAAAGACATTTCCTCTCTTTGCTCCAAGTGCAAATCCTCAGGGAGAATTGCCTGCAAAAAACTGTAAAGAGTGTAAAAACTACTTTGATGGAGTGATTAATTTCTGTATAGAAGGAGAAGTTTCGGGAGCTCCATCCACAATAGTTGACCTTACTGGTGAAAAACCGATACTTATAAGGGAAGGAATAGTTAAGTTTGAAAAAGTTTTGGAGGTTTTAAGTGACAAAACAACTTAAAGTTATTTTTATGGGAACACCGGATTTTGCAGTTCCTTCACTAAAAAAACTATTTGAAGCAGGTTTTGAAATTCCTCTTGTCATTACTCAGCCAGATAGACCTGCAGGCAGAGGAAAAAGAATAAAGCCTCCTCCTGTAAAGGTTTTAGCTGAAAAACTTAATATACCAGTTTATCAACCTGAGAGAGTAAAGGGAAATGAAGAACTTTTAAATAAACTAAAGGAAATCTCTCCAGATCTTATAGTTGTTGCTGCATATGGAAAAATTCTTCCAAATGAAATTTTAGATCTTCCAAAATTTGGTTGTATAAATGTTCATGCTTCGCTCCTTCCAGAGTATAGAGGAGCGTCACCCATTCAATCTGCACTTTTGGATGGAAAAGAGAAAACAGGAGTTACTATTATGCTCATTTCTCCTGAGCTTGATGCAGGCGATATAATTTCTCAGAAGGAAGTTCTTATAGATAGAAAAGATAACGCTCAAACTCTTCATGATAAACTCGCAAATTTAGGGGCAGAGCTCCTTGTAGAAACTATTCCTTCTTATGTGTCTGGTAAACTAAAACCAATTCCGCAAGAAAGTTCAAAGGCTACTTACTGTAAGCCAATAACAAAGGAAATGGGAAAGATTGATTGGACTCTTCCTGCAGAGAAGATATTTAACATGATTAGAGCATTTACCCCGTGGCCATCTGCTTATACAACTTTTAGAGGAAAGAGGATAAAGCTTTTAGAGGCTGAACCTATTGAAGGAAATGGAAATCCCGGAGAAGTTATTAAAGCAGATAAGGAACTTGTCATCTCTACAGGTGAAGGAGCCTTAAAAATAAAGAAACTAAGACCTGAAGGTAAGAAAGAAATATCTGGAGAAGAGTTTATCAGAGGTTATAGGATAAAAGTTGGTGAAAAATTTTTTTAATTTACATATAGTAGTAGATGAAAAAAATTAAGAAGAAACATATATTTACAGGTGAACCTTTTAATTTGCGGGGTAAATAAGTGAAACTCATGGAGAAATTAGAGAGATTTAAGAGGATAACGAGAGAGAGAGGACTTAAGGTAACTCCTCAAAGAGTTGCTGTTTACAAAGAGATTCTTTCTAGGAAAGATCATCCATCAGCAGAAGAAATTTATGAAGCCCTAAAAGATAAAGTTGAAGGTATATCCTTAACAACGGTTTATAGAACTCTTTCAAATCTTGAAGAGGTAGGGCTTGTTGTAAGAATTCCAACTTTAAAGGACAAAGTTCATTACGATGCAAGAGTTGAGCCTCACAGTCATTTTATCTGTTTAAAGTGTGGCAGAATTTACGATGTGGAGGTTTCTCCGGAAGTAAGTTTTGAAAACTTAAAAAGAGAAGGATTTGAGGTTTCAAATTGTGCTTTTATATGTTACGGTATCTGTAAAAATTGTAAGGTAAAAAATGAAGAAGTATAAACTCCTTATGGATCCTGTTTATAATGAATTTGTAATGGTGGAGAGAGGGGGTATTCTTGCAAAAATTCTTGATAGTCTTTACATACAAAGATTAAGACACGTAAGGCAATTAGGTCCTTGCTATTATGTGTATCCTGGTGCTGAGCATACCCGTTTTCAGCATTCTATTGGAGTTATGTGGCTTGCAAAGAAAGCTTTAGATTACTTAAGTTTGAAAGATTATCAAATAGACGAATTTCTTAAAACTTCTATTCTTGTTGCTGCACTTACCCATGATACTGGTCATTCTCCTTTTTCTCATGCTCTTGAAGGAGTAATTCTTCCGTACAAACATGAGGATTTAACACTTTATGCTTTAGATATGCTTTTAGAGGAATTGAATCTTGAAAAAGAGCTTATCAATACGGTGAAGGCAATAATCAAAAAGGAGCATTCTCTACCTTTTGTTTATCAGCTTATATCCAGTCAGCTTGATTGTGATAGATTGGATTATCTAACAAGAGATGCTTTCTATACTGGAGTTTCTTTTGGAAAGATTGATGTTAATAGAATTCTTGTTTCTGTGCTTATTGAGGATGGGGAGCTCATATGGAGTTTTAAAGGATTTAACGCACTTGAAGCTTATGTAATGTCCCGTTATCAAATGTACTGGGCTGTTTACTTTCATAAGGTTAATCTTTCAGTTCAGGTTCTATTAAAGAAAATAGTCGAAAGAATAAAGGAGTTGATTTTTAATGGTGTTTCTTTAGATATGGATTTAACTCTTTCAAAAGTCCTTAAAGAAAAAAATATTGAAAAGTTTTTTAGATTGACAGATGGAAATGTTGTTTCATCTATATATTTGCTCATGGATTCAAGTGACAATATCCTTTCTGATCTTTGTAAAAGATTAGTTAAAAGAAACTTTTTTGAAACAGTAGAGGTTACTCCTTCTAAAGTTCTTGAATATCGAGAAAGGGTAGAAAGAGCTGGTTTTGATCCAAAATACTATTTTGAAGTTATCGAACCTTCTAAGGTTGCTTACTCTTACTATTCTCCTTCTGGAGTAGATATAATAAGGGTTAAAGTTGAAGATAGAATTGACGAGTTATCAAATGTAGCTCCAACAGATGCGCTTAAAGCTCTTTCAAGAAAAGTTTCTAAAACCTATGTTGTCCTTCCGAAAGAAGTACTAAGTTAAAATTCTGTTGAATATATTATCCTAAGAGGACACGCAGGAATACAGTGGCCGCAACCGACACACTTATCTTTATCAAACTTAACTTTAAAGGTTTCTTGATCTAAGTAAAAGGCATTTGTAGGACAAGGAGCTATACATGCTCCACAGTGAACACATTTTTCATCTTCCCGAAAGATATCAAGCTCTAAGGGTTTTATCTTTATCTTTAGACTTTTTAAAAACTTTACTGCTTCTCCTATTCTTTTTCTTTCACCGCGGAGCTCTATTACTGCAGAACCTTCCATTTTAGGAAGAATTTCTGCTCTTAGTATGTTAACAATTAAATCGTAATCTTTTACAAGCTTATATATAACCGGCTTATCCCAGGTTTCTTTTGGAAAGTGAAGAACGAGCCTTGTAGAAGTCTCTTTCATTTATCTACCTCATCCTTTTATTACTTGAACTGGAATCTTCTTTCTAACAAAAACTTTTATAAAATTTTGAAACTTTCCAGTTAAACCTGCTTCTCTTGAAATTAAGGAAAACAATAAGTCTTCGTCACCTTTAACTCTAAAGTAAAAACTATAAGTGTAAATAAGCCAAGTTTTTCTAAAACCTGCCGCAGCTCCTTCAACTTTTTTCCAATCAATTTTCCTTACAACGTTGCCTCTAAAGTCCAAAACCTTTATCTCTTTTGGGG
NZ_CP176813.1_gap5	63280	64197	917	TTTGCACTTTTTCCCTTTCTACAACTACAGCTCATACTCTATTTCCTTTACAGTTATTCCAGCTTTTATTAAGTAAAGAGGAAGAAAAGCTAAAAGTTCTTCTATTTTTCTTTTCATTACCTTTTTTGCAACTACCTTGTTAGCAGTTTTTTTATCTAAGGATAAGTTTGTAACATTGACAAACCTAATATTTGCAATTTGTTCATTACCAGAGGTAAGAGAACCAAATATTTCTACTGTTACTTTACATGTTGTTTTTTCTTTCTTAACATCTGTAGCTACCTTAACGTTTAAGTTGCATTCTACTGTTTTTCCCGCAATTCCTGGATCTATGAAAACTTCTTGAAGTACCCAGTAACTTGATTTTTCCTTCATTCTCTTTCTCCTAATACTCTTACTACCTCATACAAGAAATCTACTGAAGAGGTAGCCCAAACTCGGAGCTCTATCTCTTTTTCTCTTCCAGCATCTTCTGCCCATCTAAGTCTTTGAAAAACTCTATGGAAGGAATTGTAAATTACCTTTCTTGCTTCCAGCGAAGAACAGTCAAGTTCTTTAAACTTTTTTTCTAAAAATTCTAACCTTTCTTTTCCTTCCTTTTTAAATATTTCTTTAACTGCTCTATTTGTAACCTTGTTTGGAGGAAGCTGGTTAATCACTTTAAAGAGTTTTCCTTTAAAAAGGTCAAAAGCCTCTGAAGGCTTCAAATTATAAATTGATGGCAAATCTGTTTTAGTAATCTTCACGCTAATCTTTATCTTTGTCATGGTAGAATTCTATCATTATGAAGTATGAAATATTCATTTCTGAAAAACCAAAAGACGGGCGTGAAATAAATGAAATTAAGGGAATACCTGTTTTAAAACCTATTCAAGTTCATGGAACTAACATTATTTTTGTGGGTCGCTCTGTTCCTT
NZ_CP176813.1_gap6	97990	100989	2999	TCATTTCTATAGTTAGCTTTTTTCTTATGGATAACCTTAAGATTCTCCTTTTTGGAGTAGGAATTAATGCTTTTCTTTCTGCTTTTATACTATTTCTCTTTGCAGTAATTCCTTTTTATTCTGTCCAAGATGCTTTCTTTTTTACTCTTGGTTACATTCCCTCTATAGAAATAGAAACTGCTCTTAGATATTTACTTCTTTCTTTACTTGCTCTTTTAGTTTTTTTGCCAGTAGCTTTTAGACTTGATGCTTTAAGCCTTGGAGATGAACTTTCATTTTTTTCGGGAATTTCACCAAATAAAGAAAAGTTTTTCTACATCATTGTTATTTCCTGTTTTGTTTCTCTTTTTGTTGCAAAAGCTGGAATAATTGGTTTTGTAGGAATTGTTGTTCCCCATGCTGTTAGATTCTTAGGATTTAGGCTTTACAAAGAAGTTCTACCTCTATCTTTTATCCTTGGAGGTAGTATTCTTGTTTTTTCTCAAGGGTTAGCTAAAAATATCTTTCCTCCAGTTGTCCTGCCTGTAGGCGTTATAACTTCTATCATAGGAGTTCCTGCGTTTCTTTACATTGTTTGGAGGTATTCTGTTGTTAGAAGTTAAAAATCTCTCTTATCGAAATATACTTTATGATATTTCCTTCAAAGTAAAAAGAGGTTCAGTACTAGGTCTTATAGGTAAAAACGGTTCGGGAAAAACAACTCTTCTTAGGTGTATCGGAGGGTTCTTAAAGTCTTCTGGCTTGATAATTCTTGATGGAAAAGACTTAAAAAATTTTTCAACAAGAGAAAAAGTTTTAAAAGTCAACTATCTTCCGCAATTACTGGAAATTTTCTTTCCTTATACAGTTTTTGAATTTCTACTATCTTCACTTGTTCCGTTAAAGGGACTTTTTCCTTCTTTGACTGATGAAGATATTAAAAAGGTTGAGTCTTATCTAAAAAAATTGAATATATACCATTTGAAAGATCGACTTTTTTCTACTCTTAGTGGTGGAGAAAGAATAAAGGTTCTCATAACAAGACTTCTTCTTATTGACCCTGATGTTTATCTTTTTGACGAACCAGCAGCTTTTTTAGATGTTGAAGTTCTTCCATTTCTTGCTGAAATAGTAGAAAAATTAAAGAAAGCAGAAAAAATAGTAATTATTACAGCGCATGATCTTAATTTTCTTGTTGATATTACAGATCAATTTTTAGGATTAAAAAACGGAAGGCTTTTCTTTGCTGGTGGAAGAAAGGAATTTCTTGAGAACGTAGAACATCTTTTTGATACTAAGCTCAAAGTTTTGAAGTTAAAAGAAGAAGTTTTCATAAAATCAAACATTGGGAGGTAAGAAGTGAGAAAAAGGCTACTTGTTCTTTCTTTGCCGCTGGTTTCTGGAGCTTCTGCTGAGGAAGTACCAGAAGTACAGGTAACAGCTACAAGAGTAGAAGTTCCTGTTGAACACATTGGTGATGACGTAGATATCATTACTCAGGAAGAAATTAAAAAGTATGGATTTACAAGTATTGCTGATGTTTTAAAGTATGTTGCAGGGGTGCATATTAGCTCAAACGGTGGTTTTGGGCAGACGACAAGTGTTTATATGCTTGGGCTCCCGACAAAGCACATCTTAGTTATGATTGACGGCGTACCGGTAAATGATCCAAGTAGTGTAGATTCTCAAGCTAATTTTGCTTATATAGACTTAAATAATGTGGAGAGAATAGAAGTTCTTAAAGGAGCTCAAGGAGCTCTCTATGGTTCTGAGGCAATTGCTGGGGTAATCAACATTATTACTAAAAAACCAGATAGAAATGAACTTAAGCTTGGTTTTGAAGGTGGTAAGTACAAAACATTTAAAGAAAACCTTTATTCAGCACTTAAGCTAAAAGATGGATATCTGTCTTTATCTTTTGAAAACTTTAAAACTAATGGATTTAGCGCTACTAACGATAAATCACCAAACTATGAATCAGATAACGATAAGTACAGCTATAGAAGTGGTTGGATAAGTTATGGTTGGAATTTAACAGATACAGTTAAGATAACTGGAAACTTTAAGCTCAAAGAAGGAACTGTAGAGTATGATAGTAGCTGGACTCCAGATGCCTATACAACTTATAACAATTACTTTGCTGGAGTTAAAATTGATAAGTTCTTTTCTGATAACTTTATGATTACAACTAAGCTATCAAATAATAAAGAAGTTAGAAATTATGGATCAGACATTATCGGAATTACACGCTATGTTTCAATTCAGCCAATTTATTATTTGTCAGATAACCTATTTTTGACAGGTGGGGTTAACTATAAACAAGAGATAACAAATACTTCAGGAGCTCCTAACCTTCACACAAAATCAGCATTTTTTGAAATTCATACAGATTATTTAGGAGTGCATAATACCTTTGCTATTAGAAGGGATTTCCATAGTCAGTTTGGAGCTAAAACTACTTATAAGGTATCTTCAGCTTACGACTTTAAAGAGACGGGAACAACTTTAAAGGGCCAATATGGAACAGGTTTTAAAGCTCCTAACATTAGCCAGCTTTATGGATATGGAGGAAATCCAGATCTTAGACCAGAAATAAGTGAAGGTTGGATATTAGGAATAAAGCAAGGTATAAACTTTCAAAAACTTAATGGAAATGTTGAAGTTAACTACTTTAAAAATCACGTTTGGGATATGATTGACTGGTATCCTCCAGGTTCTTGGACTGGTAGTTATAGGAATGTTAATAAAGCAACTACAGAAGGTGCTGAAGTTAAAATTAATGCTGATATTACAGATTGGTTAAATGTTTACGGAACATATACCCATCTCCATACTTCCAAAGATTTAAGAGCTAGAAGACCTGAAATTAGCTATACATTAGGTTTCAATTCTGTCTATCAAAAAATTAAGTTTTCAGCTTGGGCTGAACACTATAGCAATAGAGAGGACTCTAATGGAAAGACTCTTCCTTCTTTTACTACCTACAACTGCTACGCTTCCTACCAACTTAACGAAAAAGT
NZ_CP176813.1_gap7	228194	229130	936	TCCTTTCATATCCTCTATCAAGATGGTAAATTCTATAAACTTCAGTTGTATTTTCTGCAGCGAGTCCTGCTATAACAAGAGAAGCACTTGCTCTTAGGTCTGTAGCTGTAACTTTAGCTCCAATTAACTTGTCTACTCCCTTTACAACTACTGTGTTTCCATCTATTGAAATATCAGCTCCAAGTCTTTGAAGTTCAAGAACATGCATAAAACGATTCTCAAAGATGGTTTCCTTTATAACAGAAACTCCTTCTGCAAGACACATAGTTGCCATGAATTGAGCTTGCATGTCAGTTGGAAATCCAGGATAAGGTTGAGTAATAATGTCTGTACCTTTAAGCTTTTCTACTTTTTTTACTTTTGCTCTATGTTTATCCAACTTTTCTATCTTTAGCCCTGCTTCTTCAAATTTTTCTATCACTGCTTTTAAAACTTCAAATGGAAACTCTTCTAATTCTATCTCTCCACCTGCAAGACCAACTGCCGCAACAAATGTTCCCGCTTCAATCCTATCTGGCATTACTCTATAATCTATTTCTTCAAGTTCAGAAAGCCCTGTTATTTCTATAACGTCTGTTCCTTCTCCTTCTATAATTGCTCCAGCTTTTTTTAAAGCTTTTGCTAAATCAACTATTTCTGGTTCTTTTGCAGCGTTTCTTATGATGGTTTTTCCATCTGCAAGAACTGCAGCCATAAGAACATTTTCCGTTCCCCCTACAGTGGGGAAGTCAAAAGTTATTTCACATCCTTTTAGTCTTCCTTTTACTTCTGCCGTTATATAACCATGATCTATCCTTATGTCTGCTCCCATTTTTGAAAGAGCTTTAAGATGAAGGTTTACAGGTCTTAAACCTATTGCACAACCACCAGGCATAGAAACCTTAGCTCTACCGTATTTTGCAAGAAGAGGTCCCAAGCAAAGGATAGAGGCCCTCA
NZ_CP176813.1_gap8	363395	368330	4935	TGGACAGGAAAAAGGAATAGTTGTATCAATAGCAGACGTTTCTGCTGGTCAGCTTGGTTTGTGGAAAAGCCTTATTTCAGGAAACGTGATTTTCAAGGGAAAAAGCATAAATGGAAAACTAAATCTTACAAAAATTAAGTTTCTTCTTCCTAAAGAAAAAAAAGAAAAACACCAAAAAAAGCTTCCTACAATTCCTGTAAATGTCTCCGTTGATCTTTACTTTTCTGATGCTGTTGCAATCAAAGGAGAACTTTTCTATCTAAAAATTTTACCTAAGCTAAGTTTAAAAACTATCAATAAAAAGCCAGTTATTTCAGGTAGCTTTTATGTTATAGATGGGCGTATAGACTACATGGGAAAAGAATTTAAAGTCATTTATGGTACGGGAGTTATAGATAATCTCCTTGAGCAAAAGGGCAACATCGATATTTTGGCCACTTCCTATATTTCAGGTTACTATATTTATATGCACATAAAAGGAACTTTTGACTCGTTTAAGCTTTATCTTTCCTCAGATCCTCCATTAACAAAAGAACAAATACTTAATCTAATAATGACTGGAGCTTCTCCTGAACAGGTAGAAGCAAGTTCGGAACTCTTTCCAGCCGTTCAAATGGCTTACTACGCAACTTCTTATCTATTTAAACCTATAGAGAAACAATTTAAAGAAGTACTAAAACTTGAGAACTTTTCAATTGAGCCTTACATCACTAGATACGGAGAAACAGTTGCAAAGATAACTCTTGTAAAGAGACTCACGAAAAGGGTTAGAATAATAGGGTGTGAAACTACGGGACAACGACCAGAATACGGCGGAAGCATTCAGGTTTTCTTAACGGATAAGTATTATATTGAAGGAAAGTTCAATAGTTACTATGGACCAGAGCTTGGTGTGGGGTTTGAGATAAATGTTAGATAGAGAAAATATAGAGCTCCTTGTAAAGAAGCTAAAAGAGAAAGGTGCAAAAGAAGAAAAATCTCCTCCACATGCATTGTATAGGTTGAGAAAAGATAAGGGCATTTTGACAATTTACAAAACAGGTAATGTAGTTTTTGGAGGAAAGGATCCTTCTTTTTTAAAGGAAGAAGTGGCAAAGGTCTACCTTCAAAACGTTACTGCTACAACAAAAGTTGGTTGTGATGAAGCAGGAAAAGGGGAATTTGTAGGACCTCTTGTAGTTGCCTGTGTGTGCGCGGACAAAAACTGTTTAAGAAAACTTTTGGATTTAGGAGTAAAGGATTCTAAGGCTCTTTCAAGAGAAAAGATTCTTAAAATAGCAGAGGAAATAAAGAAATACTGCCGTGGACGAGTAAAAGTTATAATGCCTTTTCAATACAATAAACTGTATGAGAAATACAAAAATCTCAATAGACTACTGGAAGACATCTACGTTGAGTTAATAGGAAGCCTACTAGAAAAGTATTCTCCTCAGGAAGTAGTTGTTGATAAGTTCAGCTCAAGGATTGAACCCTTATTAAAGGAAAAATTTAAGAATACTTCTTTTAAAGTAGTTCCTAAAGCTGAAAAAGATCCTGTAGTAGCTGCTGCATCAATTGTTGCAAAAGCTGAAAGATTAAAAGCAATGGAAAAGCTAAGCAAAGAATTGGGAATTGAACTTCCAGAGGGTAATATCCAAAATGATAAAGTTTTGAAAGTAGTACCTGAAAAGCTTATTGATAAATTTGTGAAATTACACTTTAAAATAAAGGAGAGTAAGTAATGAGGAGATTAAAAAATTTTTTCACATTTTTAGGGATTGTTTTTTTCATTTTAATTCTTTTTTCCATCTTTAAAGGTTTTTTCTCATCTAAAGTTGCTGTTCCCGGAGAAAAGATAGGAGTTGTGAAAGTTGAAGGAGTAATAAAGAGGTCTGATTCTTATGTAAAGCTTTTAGATAAACTTGAAAGAAATAAAGAAGTTAAGGCAATTGTATTAAGAGTAGATTCACCTGGTGGTGTTGTAGGGGCCTGTCAAGAGATTTATGATAAAGTCAAAGAAATTACTAAGAAAAAGCCTATTGTTGTTTCAATGGGATCCATTGCAGCATCTGGGGGATTATATATATCGGTACCAGCAACAAAGATAGTTGCTAATCCTGGAACAATAACTGGTAGTATAGGAGTTATACTCCAGTCCTACAATGTTAAAGAGTTAGCTGATAAAGTAGGAATAAAGGTAATAACTGTAAAAAGTGGAAAGTTTAAAGATCTGCTAAATCCTTTTAGAGAACCAGATAAAGGATCTCTTCAGATTCTTCAAGCCCTCATAAATGACTCGTACGAACAATTTGTTGAAGCAGTTGCAAAAGGCAGAAAACTCCCTATAGAGAAAGTTAAAAAATTTGCGGATGGAAGAGTTTTTACAGGAAGACAGGCAAAAGAACTAGGTCTTGTTGATGAATTAGGGAGCTTCGAGAAAGCAGTTGAAATTGCAAGAAAGCTTTCAAAATCTCCAAGTGCGAAAGTTTTTGAGGCAAAACCTGAAAGAACGTTTCTTCAGAAATTACTTGGAGAAAAGACAGAAAGTATGCTAAACAACTTATCGAGAGTTTTAAATGGTGAGGTTAAAGACTTTTACATTATGTATCTTCTTGATTAACTTTTTTTCTCTACCAGCTTTTGGATGGATAAAGGTTTACGAGAAAGAAGGAGTAATTTACATTATTGGTGAAGGAGAGAAGAAGTTTAAGAAACCTGCAAAGGAAAATCTTACATATATAAAAGCAAGAATTAGTTATTATGCTAAAAAGTATGGAATTCCAGAAAGTCTTTTTCTAAATCTTGTTAAGGCTGAATCGAACTTTAATCCAAAGGCTGTTTCTACTAAAGGAGCGAAAGGACTTTGCCAACTCATGCCAGCTACTGCTAAAATGCTTGGAGTGAAAAATTTATTTGACATAGATGAAAATCTTGATGGAGGAGCAAGGTACCTAAAAATACTCTATAAAAAGTATAAAAATTGGAAGTTAGCGCTTGCAGCTTATAATGCAGGGTCAAGAGCTGTTGACAAATACGGTTCTGTTCCTCCATATAGAGAAACTAGAAACTATGTCAGGAAAATTCTTCAAAAAGGCGAAAAATTTTCCAGAGTTAGAAAAAAATACAAAATTGTCATGAAAAAAGTTGGCGATACTGTTATAATTTCGCAGGAATACATCAAGTAGGAGAAGGAAAATGAAAGTTCTTGTTGTAGGTTCAGGTGGAAGAGAACACGCTCTTGTATGGAAACTTGCTCAAAGTCCAAAGGTTGAAAAGGTTTATGGTGCACCAGGTAATCCAGGTATAGCACAGGTTGGTGAATGTATAGATATATCTCCTACTGATATAGAAAGGCTTGCCAATTTTGCAGAAAAAGAGGGAATTGACCTTACAGTTGTAGGGCCTGAAGCTCCGCTTGTTGCAGGTATAGTTGATGAATTTGAAAAAAGAGGTCTTAAGGTCTTTGGTCCTTCGAAGGAAGCAGCAAGATTAGAAGGTAGTAAAGCTTTTTCAAAAGAAATGATGAAAAAGTATGGTGTTCCCACTGCAGATTTTGAAGTTTTTGACGATCCTGAAAAAGCAAAGGAATATATAAAGAAAAAAGGAGCTCCGATTGTTGTAAAAGCTGATGGTCTTGCAGCTGGAAAAGGAGTTGTTGTTGCAAAAAGTGTTGAAGAAGCACTTGAAGCAATCGATAAAATAATGATAGAAAGAGTTTTTGGAGATGCAGGAAATAAAGTGGTTGTAGAAGACTGTCTATTTGGAGAAGAAGCTTCTTATCTAGTTGTAACAGATGGAGAAAACTTTATTCCTCTTGCAACTGCTCAAGATCACAAAGCAGTTTTTGACGAAGATAAAGGACCAAACACAGGAGGAATGGGAGCTTACTCTCCAGCACCTGTTCTCTCAAAAGAAATGGAAAAAGAAGTTCAAGAAAAGGTCATAAAACCGATACTTAAAGGAATGAAGCAAGAAGGACATCCATTTAAAGGAATTCTTTATGCAGGTCTCATGATAACTAGTGATGGACCAAAAGTTCTTGAATTTAATGTAAGATTTGGAGATCCTGAAGCTCAAGTTATTCTTAGAAGACTAAAAACAGATCTTGTAGATGTGTGCTTAAGCGTTATTGAAGGAAACTTAGTTGACGGTCTTGAGTGGATAGATGAAACTGCAATATGTGTTGTTCTTGCCTCAAAAGGTTATCCTGGAAAGTATGAAAAAGGAAAATTTATTAGTGGCATAGAAGAAGCCGAAAATATCGATAATGTAGTTGTTTTTCATGCCGGAACAGCAATAAAAGATGGAAAGTTTATAACAAATGGTGGAAGAGTCCTTAACGTTACAGCGCTTGGTAAAGATATTGTTGAAGCAAGAGAAAACGTTTATAACGCTGTAGAAAAAATTTACTTTGAAGGAATGCATTATAGAAAAGACATAGGGCTTAAAGCCTTAAAACATTCTTCTTGATAAAAGAAGACAATAAGCACGGTGCCTAGGCACCGTGCTTTGTTAAACTTAAAGAAATTTCGTTATTTCTAACTTAAGATTTTCAAATCCCCACCCGAACTTAGCAGAGATAAATACTATAGGTGCATTTTCTTCAGGCAATTTTCCTAATAATTCAGTATATAAGGTTTGGGATTTTTCGTAAGAATCAACAATACAATCGGTTTTATTTGCTACAAAAATCTTGGGTTTGTTCCAAGCACCAAGTTTTTTTAAAACTTCCTTGACAGATTTAAGTTCTTCTTCGAGTCTTTCTGAAGAGACATCAAAAACTATAAGAAGAATATCGGACTCTTTAACTTCTCCTAAAGTTGTCTTAAAAGAGGCAACAAGCTCATGTGGTAGGTTCCTTATGAAACCTACTGTATCAGATATTAGAACTTTTCTACCTTCTAAATACAGAGAACCTGTTTTTACATCTAAAGTTGCAAAAGGAATATTCTTTAT
NZ_CP176813.1_gap9	369718	374109	4391	TTTAGGTGGTGTTATATCTCCTTTGGAAGATATTTCGCCAGAAGATTTAAGGATAGAAAGTCTCTTTAAAAGAATTAAAGAAAAGAATATAAAAACTGTCATTATAGCTCTTAATCCTACAGTCGAAGGTGAAGCAACTTCAAAGTTTTTAATAGATAGACTTGAGAAGATGAATGTAGAGGTTTACAGAATAAGCTATGGTATTCCTTACGGTGGAACGATAGATATGGTAGACGAGTTAACTTTAAAAAAAGCTTTTGAGGACAAGAAACTCATAGCTGGAGGAAAGTAATGATAGAGATAAGATGGCATGCCCGTGGTGGCCAAGGAGCAGTAACTGCTTCAAAAATTTTAGCAAGTGCGGTTATAGAAGAAGGAAAATACGCTCAAAGTAACCCAGATTACGGAGCAGAAAGATCAGGAGCTCCTCTTAGAGCTTATAACAGGGTTTCAGAAAAACCGATTACTTTACACTGTATGGTTTTAAATCCTGACATTGTAGTTATTGTTGACCCAACACTTCTTAAAGCAGTTCCATTTTTAGAAGGAACAGATGAGAATGCAATTCTCGTAATCAATACTGATAAAACTCCTAATGAAATTAGAGAAAAGTACAAAATTGAAGGAAGAAAGATTTACACAGTTGACGCAACAAAAATCGCAATGGAAGAACTAAAAAGGCCTCTTATGAATATCCCGATGCTTGGAGCTCTCATTAAAGTTTTAAACGGTCTTGTTGATATTAAGACTGTAGAAGAGGACATCAAAAAGACATTTGGAAAGAAAGTTTCAGAAAACGTTCTTTCTGCGAATATAAGGGCACTTTACAGAGCTTATGAGGAGGTAAAGGGAGAATGATTAAGGGTTGGAAAGAATTACCTATAGGTGGTGTAATAATTGAACCTGGTTCAAGTGAAAAGTATGATACAGGTGAGTGGAGAGCTTGGAGACCAGTGTTTGATAGTAGTAAGTGTGTTCATTGTATGATGTGTTGGATATTCTGTCCGGATTCCAGCATTTTAGTGAAAGAAGAAAAGATGGTTGGTATTGACTACGATCACTGTAAAGGTTGCGGTATTTGTGCTCATGAATGTCCAACAAATGCTCTTGAAATGAAACCTGAATACTTGTTCCGTGAGGAGGACTAACTATGAGACCTGAGCTTATAAAGGAAGTAACTTACGTTCCGTACTCCGGAAACATGGCAGCAGCTGAAGCTATGAGACAAATTAATCCTGACGTTGTTGCTGCTTACCCAATTACTCCACAGACTGAACTAATGCAATTTTTTGCAGATTTTGTGGCTAATGGTCTTGTTGACAGTGAGTACATTCCTGTAGAAAGTGAACACTCTGCAATGTCTGCTTGTGTTGGGGCTGCAGCTGCTGGAAGTAGAGCAATGACTGCTACAGCTGGTCCTGGACTTGCTTATATGTGGGAAGTTCTTGGAATTGCTTCTGGAATGAGACTTCCAATAGTTATGACAGTTGTAAATAGAGCTCTCTCTGCTCCTATTAACATCCACGGTGATCAGTCAGATATGATGGGAGCAAGAGATCAAGGCTGGATTATGCTCTTTTCCGAAAATGCTGAAGAGCAGTATGACAACTTAATTCAGGCCATAAGGATAGCTGAAGACGAAAGGACAAGGCTTCCTGTGATGATTGGAATGGACGGATTTGTAATCTCCCATGCTATTGAAAGAGTAAGGCTTCTTCCTGATAGGGCAGTAGAAGAGTTTGTAGGTGAACTAAAACCTATGTATCCACTTCTTGATGTTGACAACCCTGTAGCTCACGGTGCTGTTGCTATGACGGATTCTTATATGGAGTTCAAAAGGCAACAAAGAGAAGCTATGATGGAAGCCTATAAAGTAATAAGAGAAGTTGGAAAAGCTTTTGAAGAGGCTTTTGGAAGAAAATATGAACACATTGAAGCTTACAAAACAGAAGATGCAGATTACATTCTTGTTGTAACCGGTTCTGCAGCTGGAACAGCTAAATATGTTGTTGATAAGTTAAGAGAAGAAAAGGGTATAAAGGTCGGTATAATCAAAATAAGAACATTTAGACCTTTCCCTTACTACGATGTAATGGATGCAATAGAAGCTTCAAACTGTAAAGCAATAGGAATACTTGATAGAGCTGAAACTTTTGGAGGTGCTTCAGGACCATTATTTGAAGAAGTAGCAACGGCACAGCACTTAAGACGTAAGTACTACCCAATGACAGGTTTCATCTATGGTCTTGGTGGAAGAGATACAAATGTCCACCATATTGAAGAGGCTATTGATAAAGTAATGAAACTTGCTGCAGGAGAGGAAGTACCTCTAGTTAATTACCTTAACCTAAAAGAGTAATGGAGGAAACAATGGCTCAAATTAAAACTGCTGAAATTAAAGTTCCGCCTTTGAAGAAATTAACAAACTATCCTGAAAAGCTTGCTCCTGGCCATAGACTTTGTGCTGGATGTGGAGCTTCAATTATCATAAGACAGATGTATATGGTAGCAAGTGCTCTTGGATATGAATTAATCATAGCTAATGCAACTGGTTGCGTGGAAGTTTGTACTACTATTTATCCATACAATGCATGGAAGTCTCCGTGGATTCATAACGCCTTTGAGAACGCTGCTGCTACAATCTCTGGAGCTGAAGCGGCTTATAAAGCTCTTAAAAGAAAGGGAAAACTACCTACAGATAAGAAAGTAAAGTTTGTTGCCCTTGGTGGAGATGGTGGAACTTACGATATTGGATTCCAGTCTCTTTCTGGAGCTCTTGAAAGGGGACATGATTTTATTTACGTATGTTATGATAACGAAGCTTACATGAACACAGGTATTCAACGTTCTAGTGCTACTCCAAAATACGCAAATACAACTACACAACCAGTAGGTAGCGAAAGTTTTGGAAAACCTCAGACTAAGAAATGGATGCCTGAAGTTGTAGCAGCTCACGGTATACCATACGTTGCGCAAGTTGCTCCTTCTCATTGGAAAGATTTCATGGAGAAGTTTAAAAAAGCTCTCTTAACAGAAGGACCTTCTTTTATAAATGCGTTTTCTGTTTGTCCAAGAGGTTGGCGCTCAAAGGAAGAAGAAGGTATACTTGTAACTAAGCTTGCAGTAGAAACAAACTATTGGCCGCTATTTGAGGTTGAAAACGGTAAGTGGAAGATTACATACAGACCAAAGAATCCTAAACCGCTAGAAGAGTTTTTAAAACTTCAGGGAAGATTTAAGCATTTATTTAAATCAGAAAACAGGCATCTTATAGATGAACTTCAAGCAGAAGTTAATAAAAGATGGGATAGACTCAACCGTATGGAAAATCTTACTAGGGAAGAGTAATGCTTAACATAAAACCTGAAGAAGATAAAGAATTAAAGAAGTTATTAACAGAACTTGGAAGAGAAAGTAAATCAAAGATTGTTTTCCTAATTGATAAATCAGGACAGCTTATAAGCCGGAGTGATTCTCCGGCTTTTTCCTCAGATGACATTACGTTTGCATCTCTAACAGCAGGAAATGTTGCTGCATCAGAAGCTTTATCAAAACTTTTAGGTGATAAGAATCTTAATCATATGTTTACAGAAACTCAGAATGAAGGAATCTATATGGTGCTTCTTGAAGGAAAGTATATTCTTGTATCTATTTTTGATAAAAACCTTTCAAATCTTGGAATAGTCAGAGTAAAAATGAAGAAGTTTTATTCTAAACTATCAACTCTTATTAAAAAAATAGAAGAAAGGGAAAAAGAGGAATCAAAAGTTTCAACCGATATTAATTTAGAGGAAATTGATTTGGATTCTCTTTTTAAATAGGAGAGTTTATGCCATTTATTAATTTTGCTACTAAAGAAATTAACTGTAAGATAGTTTATTATGGGCCTGGATTAAGTGGTAAAACTACAAATATCAAGTGGATTTATGAACACGTGAAACCGGAAAACCGCGGAGAGTTAATAACTCTTGCTACAGAAACAGAAAGGACTCTTTTCTTTGATTTTGTGCCTATAGAGATATCGGATGTAAAAGGATTTAAAGTCAGATTCCATCTATATACTACACCTGGGCAAATTATCTATCAAGCAAGTAGAAAACTTATACTTAAAGGTGTAGACGGTATTGTTTTCGTGGCAGACTCACAAGAAGAAAGACATGACGCAAATCTTGATACATTAGACGATATGATAGAAAACTTAGAAGACTATGGAATAGATATCAAAGAGATTCCACTCGTTTTTCAGTATAATAAACGAGATCTTCCAAACATTTTGCCAGTAGAGATTCTTAGAAGAGATCTTAACAGATGGGAGTGTCCAGATTTTGAAGCCATAGCTCTCAAAGGTACAGGGATTCTTGAAACCTTTAAAGAGATAACAAAACAAGTTC
NZ_CP176813.1_gap10	375247	378943	3696	TTCCATTAGAAAATGCATTTCCTTATCCAAGTGAAGCTAAACTTGATTGTAAGGCGATAGTTGTTCTTGGAGGTGGAGAAATTTTCCACTCTCCAGCAGAGAAAATGAAAGCAGCGGTAAAACCACAAGTAGCCAAAAGACTTTATACTGCCTTTAAGATATGGAAGAAAGTAAAGAAACCAATTGTTGTTTCCGGAGGAAAAATATTTAACGAAAATGTAGAAGCAGAATCTTCTGCCATGAAAAGGTTTTTAATTAGCCTTGGTATTCCCAATAAAGAGATAATTGAAGAAAGTAAAAGCAAGAATACCTTTCAAAACGGTATTTTTACTTACAAGATATTGAACAAGAAAGGAATTAAAAAGATTTGTCTTGTTACTTCAGCGTATCACATGCCAAGAAGTTATAGGATTTTTAAGTCTATAGGTTTTTCAGTTATTCCAGTTCCTGCTGATTATAGAGTTGATAGAGATTCTTACAGCTGGTCAAGTTACTTCCCAAGAATGGGAGATTTGTACGATAGCTTTTTAGGAATTCATGAATACATAGGAATACTTTACTTTGAACTGATCCAAAAAAGAAAGCCTTTGAAGTGGCGGGCCCGGGAGGATTCGAACCTCCGACCTACGGATTAGAAGTCCGTTGCTCTATCCAGCTGAGCTACGGGCCCAAGACGAATATTAAATGGTCGGGGCAGCCCGATTTGAACGGGCGACCTCGTGCTCCCAAGGCACGCGCTCTAACCAAGCTGAGCTATGCCCCGCAACTTGACGATGGATAATTTAGGACTTCTGTTAAAATTTGACAAGTCCTTTTGAGAAAAATTTGGGGGTAAATTGATGATAAAGTTTGGAACAGATGGCTGGAGAGGTGTAATTTCAAAAGATTTTACATTTGAAAACTTAAAAAAAGTCACGCTTGCTCATGGAAAAGTGTTAAAAGAAAACGGTGCTAAGAGGGTTGCTGTAGGTTATGATTTAAGATTTTTATCTGAAGATTGTGGAAGATTTGTTGCTGGTATTTTAGCAGGAATGGGATTTGAGGTAGTTCTTTCAAAAGGTTTTGCTCCAACTCCAGCAGTTTCCTTTATGACACGTTACGGGAAATTTGACAATGGAATAGTAATAACTGCCTCTCATAATCATGGAAAGTATAACGGTTACAAAGTAAAAGAGTCTTTTGGTGGTGCTGCAAGAACGGTATTTACAAAGAAAATAGAAGAAAAACTTTTAGAAGTGGAAGATTTAGAAGTTCAAGAGGGAGAATTCAGAGAAGAAGATTTTACAGCTCCTTATGTTGAAGGAGTCAGAAATCAATTAGAGTTATCGCTTTTTAAAGAAAGGGAAATAAACGTAGTTCATGATCCGATGTATGGAGCTCAGCAAGGGCTTTTATTTAAAGCAGTTGAAGGGACTAAAGTTAACGTTACAGAAATTCACGCTTATAGAGATCCCCTTTTTGGTGGAAAGCATCCTGAACCTATTGTTGAAAAGAATATAACAGGACTTATGGAAAAGGTAAGAGCGGTTAAAGCAGATATTGGTATGGCTCATGATGGCGATGGAGACAGAGTTGGAATAGTTGACGAAAATGGAAACTTTGTAAATTCTCAAATAGTCTATGCTCTTTTACTTCTTCACATAGTTAGAAATAGAGGTAAAAAAGATGGAGTTGTAGTAAAAACAGTTTCTACAGGTTATCTTGTGGATAAGATATGTAGAAAAGAGGGGTTAGAATTAATAGAGACTCCAGTAGGGTTTAAAAACATTTCTGAAATTGCGATGGAAAGAAAAGTCCTCTTTGGTGGTGAGGAAAGTGGAGGATATGCTTTAATGGATTATCTTCCTGAAAGAGACGGACTTTTAATGGGACTTTTAATTGTAGAAAAGATGTTAGCCGAAGGAAAAACAGTTTCTGAACTTGTTAAAGATCTTTTTGATGAATTTGGAACAGCTTACTATAAGAGAATGGATTTACCAGTTACAGATAGGGAAAGAAAAGCTTTAGAAAAACTCAAAGAGAATCCTCCTGAAAAATGGGAAAATTTGAAAGTTCAAAGAGTTTTAACTATAGATGGTCTTAAGATAATTTTTGAAGATGATTCCTGGCTTTTATTTAGACCTTCAGGAACAGAACCTGTTTTTAGAGTTTATGCAGAAACTCCAGATGAAAAGAGAACAGAGGAGCTCTTAAGCTGGGGAGCTTCTTTATTGAGAATTTAAAACCAATTGTAGGGAAGAGAAATGGGAGATTATCAATTCCAAGATAGGCAACCTCAAGTAATGAAGGATAACGTTTATCTTCTTGGTGAAGCTATAGAAAGAGCTCCTGAACTTAAAGGTGTTCCAACGGGAGTAAAGGGATTTGATGAACTTTTTTTTAAAGTTGAATGGGAAGATGGAAAACCTGTAAAGAAACCTCTTGGTGGTATTCCAGAGTATGCAGTTGTAAACCTTACTGGAATGCCAGATACAGGTAAAAGCTTAATGGCTGAACAGTTTACAGTAAAGCAAGCTTCTCTTGGACAAAAGGTTTGCTTTGTAACTGTCGAAAGTCCTGCTGCCTTTGTTGCAGCAGGTTTAAAGCAAAGAGCTACTGCAATGGGAATAGATTTTGAAGAGATAGAAAACAACATTATTCTCATAGATGCTGCCAGCAACTCAAAATTAAGGGATGATATTCCAACAATGCTTGATACTCTTGCTTATGTATATAGAACCTATCATTGCCGAAAGACAGTGATAGATTCTATCACTGGACTTTTTGAAGCAAAGGAGATGCTTGCACGTTCTATTGTAAGGGCTTTCTTTAACTTCATGAAAAAGTGGTATCAAACTGCAATTTTTGTCTCTCAAAAAAGAAGTGGCCATGATGAACTCTCAGCAGAAGCTGCTGGTGGATATGCAGTAGGTCATATTGTAGACTGCACAGTAGTTCTATCAAAAGAAATTCTACTTTCTCCAAATAGGGCAAAGGCTTTTAAAAAGGAACTTGGCGATATATTGAGAATCCTTAGGATTGATGGTTGCAGACTCTGTGGACACGATACAAGACTTCACCTTATGGAAATTACAGAGCTTGGCCTTGTGGAAGTAAAAGAACCTCTTGTTGAATACTTAAAAGGAGCAAAATAAGTGATGAGAAGTATTTCACTTATTGGAGATGGAGGTGTTCAAAAAGGTTCTGAGCTTTATAAAGTAGCTGAAGAAATTGGTTATTTAGTAGCTAAAAGGGGCTATGTTCTTATCTGCGGTGGTCTTTTTGGAGTTATGGAAGCTGGAGCGAAAGGGGCAAAGAAGGCTGGAGGATTAACAATAGGTATTCTTCCAGAATATGATAGTCCATCAAATCAATACATAGATATAAGGATTCCTACAGGAATGGGACAGGCAAGAAACGTTCTTGTAGTTTCAAGTTCAGATATTGTTGTTGCTGTTGGTGGAAGTTACGGAACTTTAAGTGAAATAGGACACGCTCTTAAACTTGATAAAAAAGTGATTGGTTATAGAACTTGGGAAATAGAAGGAATTAAAAACTTTGTAGAAGCTGAGGATTTTCTCAACTACTTTTCAAACTTTCTAAATGAGACTTAAGAAAAGAGGGATAAGTTGAAAGACAAGATAGTTCTTGTTGGTTTTATGGGAAGCGGGAAGACAACAGTAGGGAAACTTTTATCTAAGGCTTTAAGAATACCGT
NZ_CP176813.1_gap11	381013	385274	4261	GAGATGCTAATAAAGGAAAGAGAGTTCTGATTGGAGCAATAGCAGGTGCTTTGATAGGCGGAACTATCGGTTATATTCTTGATCAACAGGCTAACCAAATAAGTAAAGATCTTGGGGTTAAACCTATTGACAATACAAACCCTGAAGCTCCACAGGAAACAGGTGTTCCTATTACTGAAAATAAGCCAGTTGCTGTTGTAAAAGAACCAAATAGAGTAAGAGTTGTTCTTAAAGATTCTGTTCTTTTTGGTTTTAACAGCTATCAACTAAAGCCTGAAGCAAAAGAAACATTAAGAAGACTTGCAAGAACACTTTCTCAAAATCCAGATACTGTTATAGTTATTTCAGGATTTACAGATAGTACAGGTTCTTTTGATTATAACGTAGGGCTTTCAGAAAAAAGAGCTGAAAGCGTTAAAAATGAGTTAGTTCTAAATGGTGTTGATCCTACAAGGATTTTAGTTTTTGGTTGTGGACCTAAAAAACCAATAGCACCTAACAATACTCCTGAAGGAAGAGCTCTTAATAGAAGAGTTGAGATTTTGGTCTATCCAAAAGGTGTAACAATTCCACACCCTTGTGAATAAACTTTATTAAAGGAGTCGCATGAAGAAGTTTTATATAAAGACTTTTGGCTGTCAGATGAATGTTAATGATTCTGAGAAGATGGCTGGAATTTTAAGAAGTCTTGGATATGAAAAGACAGATTTGCCTGAAGAAGCTGACTTGATTATTGTTAATACCTGTTCTGTTAGAGCAAAACCTGATAATAAGGCTTATAGTTTTATTGGAAATCTCAAAAAAATTAAGAAAGAAAAACCTGAAACAATAATTGCTGTTGGTGGATGCGTTCCTCAAAAGGAAAAAGAATCGATACTTAGGTTTAAACATGTAGATCTTGTATTTGGAACCTTTAACTTTATGAAAATTGGTGAGTTAATTGAAAGAGCAAAGAAAGAAAGAGTTGTAGAAATTTTGAACTCTAAGATTCCGGAAGAAGATAAAGTTCCGTTAATAGACAGCTACCTTGAAAATGTTTGCGTTGCCTACGTTACAGTTCAAAGAGGCTGTAATAGGTTTTGTTCTTACTGTATTGTTCCATTTACAAGAGGAAGAGAAAGAAGTGTAAAACCCGAGCTTGTTTTCAAAGAAGTAAAAAGACTTGCAGAAAGAGGAGTAAAAGAGGTCCATCTCCTTGGTCAAAATGTCGATTTCTACAACTATGAAGGAATAGACCTTGCAGATCTTCTTTATATGGTCTCAGAAGTTGAAGGAATAGAGAGAATTAGGTTTACTACCTCTCATCCTTGTGGTTTTAACAGAAAAATTGTTGAAGCTATGAAAAATATAGAAAAGGTTTGTCCTTACGTTCATCTTCCACCACAAAGTGGTTCAACTAAAATTTTAGAAAGGATGAATAGAGGATATACAAGAGAAGAGTATATTGAAAGAGTGATGATGTTAAAAGAGGAAATCCCCGAGGTTGCTCTTTCAGGAGATTTTATAGTTGGATTTCCGGGAGAAACTACAAAAGATTTTGAAGAAACTCTCTCACTTGTTGAAACTTGTGTTTTTGATCAGGGATTTGTTTTTGAGTATTCTCCAAGACCTTTTACCAAAGCATCTAATTTTAAAGACGATGTTCCAAAGAAAGAAAAAAATAGGAGACTTCAGGAACTTCAAAATCTTCTTAGAGTTCAAGCTGAAGAAAAAAACAAAAAAAGACTTGGTTGTATAGAAGAAGTACTTGTGGAGGGAAAAAGTCCTAAAGGAAAAGAACTTTCTGGAAGAACAAAAGATAATAAACTTGTTGTTTTTGATGGAAGTGAAGAATTAGTCGGAAAATTTGTGGAAATTGAAATAACAGAAACTTCTCCTTTCTTTTTGAAAGGAAAGCTTTTGCAAAAAGTAAAAGTTTAAGGAGTGAAGCCATGGTAGAGGTATCTGTAATAGGTATTACTCAGGATAAGTTCAGTGGAATGCCCATCATAATTCTTGGAAATGACGAAGAGCGGTTTGCCGTTCCAATCTGGGTAGGAAGCTGGGAAGCAGAGCTCCTTGAAACAGAGCTCCTTGGAGCAGTTCCACCAAGGCCCTTTCCATACGATCTACTAAGAGAGGTTATTTCTGCTTTTGGTGGAAATGTAGAAAGAATTGTTATCAATGACTTTGATAAAGGTATCTATTTTGCTGTAATTGAAGTTAAAAGGCACGATGGAGAAATTTTAAGAATTGATGCAAGACCTAGTGATGCTATAAATCTTGCAGTGAGAGTAGGAGCTCCAATATACGTTGAAAGAGAAGTTATAGAAAAGGCTTCTATAATACCACTTGATAATTGTAAAGGAGAAGAATGTAAAAAGGAGTGGGAAAAGTTAATTAGAGAGCTCTTTGAAGAAGAGTAAGACTGCTATCTTTAAGTTTGTAGGTTTTCCATTTAAGTTTTTCTAAGAGCTCTTTATCGTGGGTAACTACTATAACGGCTTTGGATGTGTTTTTTAAAAAATCAACAAGGTATGCTAACTTTTTTTCGTCAAGTCCTGTTGACGGTTCATCCATAATTAAACATTTAGGTTCCATAGTAAGAACAGAAGCTATTGAGATAATTCTTTTTTCTCCTCCTGATAGTTGGTGAGTATATCTTTTTCTAAGATGTTCAATTTTTAAGTTTTTTAAAACAGTGTCTATTCTTTTTTCAATCTCTTTTCTATTAAGTCCAAGATTTAAAGGACCAAAAGCCAATTCTTCTTCAACGGTAGGAGAAAATAGCTGGTCGTCAGGATTTTGAAAAATGTAGCCAATTGTTGTTCTTAACTTGTAAAAATCATTTTCTGTATGAATTTTTTTTCCAAATAGATAAATACTTCCCGATTCTGGTTTTACAAATCCCATTATGGTTTCAATAAGTGTAGTTTTTCCTGTTCCGTTTGGTCCTACAATAAAGATTTTCTCGCCTTCTGATAGAGAAAGATTAACGTTTTTAAAGATATATCTATCTTCAATCTTAACGCTTAAGTTTTCAACTTTCAAAATTTCCACAGCTCAACCACCAAAAAAAACATCGTACTTAAAAGGGCAAATATTATATCCTTAGTTGAAAAAGAAAAGTGACTATAAACTGGAAATGCTCCTTTAAAGCCTCTGCAAAGCATTGCTTTATAGATTTTATCTGCCTTTCTGTAACTTCTTACTAAAAGATTTCCCAATATGTAGGCAAAAGTTTTATAGGTAAAAATAGATGTTTTTGGTTTAAAACCTCTACATTTAGCTGCTTTCATCATTATGTTGTACTCATCCTTTATAGTGTAAATGTATCTATAGGTAAAAAATAACAACTGAGTAAGTTTGTTAGGAAGTTTTAGATGGTGAAGAGCATGGAAAATGGAAAAAACAGATGATGTAGAGAGAAGCAAAAGCATTAAGATTAATATTTCGTTTGACTTTAAAAATAGGAAAAGACCATACTTTAAACCGTCTATGGATAGAGATAAGAAACCAAAGTGAAGCATGTTAGGACTTTCGTAAGTAAAAATCATACTCAAGACAATAAAAATCAGAAAGGTATTTGCAAAAAGTAAGGGTTTAAGTGCTTTAAGGGCGTTTTTTCCTGTTACTATCAGCAAAATGCTTATAAATGGTATAAAAAGGAGAGCTTCTTTGAAATCAGGCGTGAGGGCAATTCCCCACGCAAAGAGAAGGAAAACAATAATTTTTACTCTTGGATCTATCTCATGAAGAAGTGTTTGTCTCTGTGAAAGTTTATTTTCCATTTTGTTTCCTTGAGTAAACTAAGGCTGCAGCACCAAAAATACCAAGAATCCAACCAATACCTGCAAAAATGTCTTTGAAGGAAACTTTTGAAAGCTCCATATCAATGTCTAAAAGTTTTTGGTGGATAGGTTTAAGCTGATTATTCAGTTCCTCTCTAATAATTTTTTTCAATTCTTCTGTATTAATGGTTGGATTTTCTGTCTTTTGTGAAATTTCTTGGGAAGTTTCTTTTTTTTCTATGTTTTCGTTTCCATTATTTTCTGCAACTTCAGAAATTCCGCCAAACTCCGACTGCTTTATTTCAGCAGTAGTTTTATGACCAAGCTCTGCAACTACAACTACTTTATAGTCTGAAGGCTTCTTTACGGTAAAAGAAAATTCTCCTTCGCTGTTAGTTTTACCAGTTAAAATGAGTTTGTTTGTCTTCTCATCATAAACTTCTACCTTACCATTTTTTACAGGTGTTCCATCGTTAAAGTAGGACATAACT
NZ_CP176813.1_gap12	400253	405198	4945	AAGTTTATGAGTCTCCTGCTGGACTTCTTCTAATAAGAGCATACGATGAACTAGAGAGCTTAGTACTTGATAGGTTTACTTACCACTATAAACAATCCCACATCAAACATCCATATGCTGAGGTAGTTTACGAAGCACTTTGGTTTACTCCTTTAAGGGAAGCTCTTGATGCCTTCAACAACTCAATTGCTTCCCTTGTTACTGGAAAGGTTAAGTTTAAGTTATTTAAGGGTAGCGCAAATATAGTAGGAAGAACCTCTCCTAACTCTCTTTATATAGAGGATCTTGCTACTTACAGTCCAAAGGACTCTTTTGATCACAAAGCAGGAGCTGCGTTTACAAAGGTATGGAGTTTACCACTAAAAGTTATGGGAAGAGTAAGAAAGGAAAGGAGGAAATAGATGGCGTACGAAGTAGAAAAGAGAAATGAAGTTCTTTATGCAGTGAAAATTTCTGCAGAGCCAACAGAGCTAGAAAAAGAAGTTAACGAGATCTGTAAAGAGATCAAGAAAACAGCCAAGATACCAGGTTTTAGACCAGGAAAAGCTCCAATCAACATAATCAAGAAGTATTATGAAGAAACTATAAGAGATGCGTTGCTTAGAAACTTTGTTCCAGAAAAACTTTCAGAGGCTATAAAAGAAAATAACCTTCAAGTTATTTCCGAACCTGTGGTTGAGGCACTCGACTTTTCCCTTAAAGAAAATAAGTTTTCAACGACTGTTCTTTTTGAGGTTAAACCTGCTATTGAGCTAAAACCTGAAGATTATAAAGGAATAAAAGCTACAAAAACTATTAGAGAAATAACCGATGAAGATGTTGAAAAAGTAATTGAAGGTTTAAGAAACCAGCAGGCTCAATTTAATGAAGTAGACAGGGAAGCAAGAGAAGGAGATCTTGTTGATATTGAATATGAAACAATAGTTAAAGGAGATGAAAAGGAAGAACCTCAAAAAGGTTCTGTTTCTGTAATTTTAGGTCAAAATCAGTTATGGCCTGAAATAGAAAAAGAGGTTCTTGGTAAGAAGGCAGGTGAAGAAGGAGAGGTAAGCTTTACTGCTCCAGAGGATGAAAAAGTTTACGGAGAAGCTGCTGGAAAGGAAATTACCGTAAAGTTCAAGATAAGTGCTGTTAAGGAGAAAATACTTCCAGAGCTCAACGATGAATTTGCCAAGAAGTTTGGCTTTGAAAACCTTGAGGATATGAAGAAAAAAATTAGAGAAAACCTTGAAAAATCAGAAAAGGAAAGAGAACAGGAGGAAGTAGAAGATCAAATAGTTGATGAGCTTCTAAAGAAAGTGAACATACCTGTTCCTCAATCAATGCTTGATCTTGAGATAAGAGCTCAAGCTGAAAATCAGCTGACAAAGCTTGCTCAGTTTGGTGTGGATATAAGACAGATGAATCCACAAACTCTTGTGGAAATGGTTAAACCTACTGCTGAAAAGACTGTAAAGGTTAAGTTACTTTTAGAAAAAGTTGCTGAGCTTGAAGGATTAGAAGTAACTGATGAAGATCTTGATGCTGAAATTCAAAAACTTGCTGACGCTGCTTTTAATGGTGATTATGTCCAAGCAAGGCAGTCTCTTGAAGAAAGAGGTCTTCTTGGAATGATTAAACAAGATGTTTTAAGACAAAAGGCCCTTGATAGACTTATCGAACTTGCAGAGGTAGAAGAAGTACCTGCAGAAAAAACTAATAAGTCTGAAGAGTAATATTTGCCCCTTCGGGGGTGTTTAATTAAAAAAAGGCCAGCTTTTGCTGGCCTTTACTTCATATCACAATCTCAAACTAACTTAATAGTTTTCTTTCAAGGGAATTTTCGTAAATTTCTTTACATTCTTTAACACTTAAATTTACAACTTCCTTTCCTTTATGTTTGATTATTCCTTTCCCAGAACTTGTTACTATTCCTATTTTCTTTGCTGGAACTACTTTCTTCTCAAAGAAGAGAAGGAGCTCTTTTAGTTTATCTTCAGAAGTTGTTACAACTATCCTGCTCTGATCTTCTCCAAAAAGGAGAAAATCTGTTCTCAAGTCATCCTCAAGTTCGATTTCAAATCCTAATTCTCTTTCAAATGCTGATTCAAATAAGTTTATAGCTATTCCACCTTCAGAAACATCATGAGCACTTTTTATAAGTCCTTTCTCTATAGCTTCAATAACTGCTCTTTGGAGAGCCTTTTCAAATGCAAGATCTATTGTCTGTCCCTGACCTTTAAACTCTCCCTCTACAAGCTTTTGATATTCCGAACCTGAGACATTTCCAATATTTTCTCCAAGCAACACTATTAGATCTCCTTCCTCTTTAAAGAAAGAGGTCATTCTTTTTTCAACATCTTCTAATACTCCTACACACACAACCGTTGGAGTTGGAAAGACAGCTCTTTTGCCGTTTTCTGTAGTAGTTTCGTTATAAAAACTTACGTTTCCACTAACCACTGGAGTTTCAAGAACTTTACAGGCATCTGCCATTCCGTCTGTTGCCTTTACGAACTGCCACATGATTTCAGGATCCTCAGGACTTCCAAAATTGAGACAATCTGTTATTGCTCTTGGAATAGCACCGGAGCAGGCCACATTTCTTGCTGCTTCCGCAACAGCTATCTTTCCACCTTCGTAAGGATTGAGATAACAGTAGCGAGAATTACAGTCAGAACTGATGGCAATACCTTTTTTACTTTCCTTAACTCTTAAAACAGCTGCATCGGAACCTGGATAAACCACTGTGTTTACTTGGACCATATGGTCGTATTGTCTATATATCCATCTTTTACTGGCAATTGTTGGAGAGTTAAGAAGTTCTTTAATAATTTGGTTGTAATCCTTAGGTTCTGGGATTTTGTTTTGGTCATAAGAACGGTTTTCTTTTATGTATTTAGGTACTTTGAAAGGTCTATAATAAACAGGTGCTTCGTCTGTTAAAGCTTTTATTGGTAATTCTGCTACTTTTTCTCCATGCCAAAAGAGCCTAATAACAGGTTCTTCTATAACCTCTCCAATTATACAGGCATCAAGATTCCACTTTCTGAATACTTCCATTATTTCTTCTTCTTTTCCTTTTTCACATACTACTAACATTCTTTCTTGTGACTCTGAAAGCATGATTTCATAAGGGGTCATTCCTTCTTCTCTTGTAGGTACTTTATCAAGTTCTAACCTAACCCCTACTCCTCCACGAGCTGCCATTTCAACAGAAGAAGATGTAAGTCCTGCAGCTCCCATGTCTTGAATAGCTACTATTCCCTCTTTCTCCATTGCTTCAAGACATGCTTCAATAAGAAGTTTTTCCATAAAAGGATCACCTACTTGAACATTTACTTTCTTTTCAACTTCTTCCTCAGAGGAAAACTCTTCAGAAGCCATAGTTGCTCCATGAATTCCATCTCTTCCTGTTTTTGAACCTACATAAATCACAGGATTTCCAACACCAGCAGCTCTTGCATAGAAAATTTTGTCTTTCTTAACTATTCCAAGAGCAAAAGCATTAACTAAAGGATTAGTTTGATAACAGGAGTCAAAGTAAACTTCCCCTCCAACTGTTGGTACGCCGACACAGTTTCCGTAGTGGCTAATACCAGATACAACTCCTTTTGTAACATACTTCATTTTTGGGTCATTCAGCTCACCAAATCTTAGTGAATCCATACAAGCTATAGGTCTTGCTCCCATTGTAAAGACGTCTCTTAGAATTCCCCCAACACCAGTAGCTGCTCCGTGAAACGGTTCTATGAATGAAGGATGGTTGTGAGATTCAACTTTAAAAGCTGCACATATTTCTTTTTCTTCATCTACCATTATTATTCCAGCGTTTTCACCTGGACCTTGAACAACCCAAGGAGCTTTTGTTGGAAACTTTTTAAGATGCGGTCTTGAAGATTTGTAAGAACAGTGTTCTGACCACATTGCAGAAAAGATGCCGAGCTCCACAAGGTTAGGTTCTCGACCAAGGATTTTTAAAATTTTCTGATATTCTTCCCAAGTTACATGTTGCTCAATAATTTCTCTGTCCATTTCCTTCCCCTAAATCCTTAGTAGTAAGATGGCTAACTAATTATACCTTTATCAAAGAAGTTGTTTAAGATGTTAAAATTTTGTTAAAAGTTATCCTTAAAGAGAGGTCTTATTTTGAAGAAACTAACATTGCAAATGACTCTTAGAGAATGTCTTGAAATCTTTCCACAGCTTGAAAAAGAACTTTATTCTTTAATTGAAGAATGTATTTACTGTGAAGGTTTTAAAGAAGAACCGTTAGAAAAAGTTTTTAAAGCTCATAGACTTAATCCTGAAAAATCCTTAAAAAAACTGCTAAAAGCATTGGAGAGGAAAGATGTTTGAGTACATAAGCGCAGTAAAAACAGTAGCAGAGCTCATGTGTTGTAGTGCTATAACTGCACCAAAAGGGAAAGGGGTTAATCTTATCTATACTAAAATTTTTGAAAAGGAAGAAAAAGATAAAGTTGCTGATTTAATGGAAAAGATAGGAAAAGAAAAGAATATCCCTTTCTTTATTAGAGATGCGAAAAACGTTAGAGAATCTCTTCTTGTTGTTTTTATTGGTACAGAAGTTAAACCAAGAAAAGTACCTTTTTGTGGTTTTTGTGGTTTTGAAAACTGCGAAAAATCAGCTAAAGCAGGTGCTTATTGTGCTTATGCAGTTGGAGATCTTGGAATAGCCGTAGGGTCAGCAGTTAAAGTAGCTTCTATGCATAACGTAGATAATAGAGTTTTGTTTTCATTTGGAAAGACTGCTATTATTGGAGAGTTTATTCCTTCAACTGTAAAGCTTGGTTATGGAATTCCTCTTAATGTGTCTGGTAAAAACATCTATTTTGACAGGAAAATGTAATGGAGAACCTTATTTGGATAGTTTCTCCTGAAGGAGATTCTATAACTACTTGGAAGACAGATATCCAATCTGTTTTAGAGAATGAAGAGCTTTTAA
NZ_CP176813.1_gap13	427359	428718	1359	AGATTTTTACTTTCTATCTATCCAAATAAGAATAACTTTAGCATTGCTTGGACAGAGCTCTCAACGGGAGACCTTTACTTTGCGACAGTCAATACAGAGGACTTAAAATCAATTCTTTCAAAGTTTGAGCCAAAAGAAATTATCGTCCCTGAAGGTTTTTCAGGATATAAACTTATAAAAGAAGTACTTCCCGAAACCCTTATACAGGAAAAAGAAAAAGGATATTTTGAAGTAAAAGAAACGAACTCTCCTGAAGTAGAAAGTAAAAGTGAAAAGAGAGCTCTTTCAGGACTTTTAGAGTTCATTGAAGAGACACAACTAGATTTTACTCCCAAAATAAAACCACCTAAAAGGTATACCGGTGAAAAGTACATCTATCTTGATCCGCAAACTCAAAAAAATCTTGAACTAATTGAACCGATAACTGGAAAACTTGAAAGTGCTTCTCTTTTTGGTGTCTTGAACAAAACGAAGACGGGAATGGGAAGAAGACTTTTAAAGTTTTGGATTTTGCATCCATTAAAGGATAAAAAAGAAATTGAGGAAAGACTAGATGCTGTAGAAGAGTTAAAAGATAGCTTCTTTGTGGCAGACGAAATTTCAGAGCTCCTTTCAAAAGTCTACGATATAGAAAGGCTTCTTTCAAAAATAACTTCTGGAATAGCTTCTCCCAAGGACTTAGCTTCTTTTAGAAATTCCTTAAGAGTATTACCGGATCTAAAAAAACTTTTAGCAGATTTTAAATCCTCTTTACTTTCTCAAATTTACAAAAATTTTGATGACCTATACGATATTTACTGTGAACTTGAAAGAGTTCTTGTTGAAAATCCTCCCTTTACTTCAAGAGAAGGAGGATTAATCAAAGAGGGAGTAAATCCGGAACTTGACGAGTTAAGAAGAATAAAAAATGAAGGAGAAAAAATTCTTAAGGAAATAGAGGAAAGAGAAAGAAAAAGAACAGGTATTTCGAGTCTGAAAATAGGTTTTAACAACGTTTTTGGTTATTACATAGAAGTATCAAAGGCAAATCTTCATCTTGTTCCTGAAGACTACATTAGAAGACAGACTCTTGTAAATGCAGAAAGATTTATTACACCAGAGCTTAAAGAGTTTGAGGAAAAAATTCTTTCAGCTCAAGAAAGGATAGAAAAGATAGAGTACCAGCTTTTTGTTGAGCTTAGAAAGTTTGTTTCAAAAAATGCAGATAGAATTTCAAAAACTGCAGAAAAAATTGCTACGATTGACGTTCTTCTTTCTTTTTCAAAAATAGCAAACGAAAGAGGGTATACAAAACCGAGAGTAACGAATGATTATTCTATAAAAATAAAGAATGGAAAACATCCAGTTTTAGAAAAGTTC
NZ_CP176813.1_gap14	477501	481202	3701	TTTCTGCACAAATAATAAAAGCAACAAATCAACCTTCATTTTGTGGTTCTTGCCATGAGATGAAGCCTATGGTTGAAACATGGAAGGAAAGTTCTCATTTTGGAAGGGCTTCTTGTGTTGACTGTCATCTTCCTCACGACAACATTTTTAATTACCTTGCTGTAAAAGCAAAATCTGGAATAAAGGATTTTGTAGGTCATGTTTTCCATGAAGGATATATGAACGATCCTGAACATTGGATAGAAAAAAGAAAGGAAAGAGAGCATTATGTTTTCGTTTCAAACTGTAAGCGTTGTCATTCTGTTTTACCTGATAACTTCTTCCATAGACAACTCCAAAGGGGAGAAATTCAGGGAGACTGCCTAACTTGCCATTGGGATGTAGGACATGGACCAAGTCTTGAAATGAAAATAGGAGAGTTTTTCGGAGAAGAAGAAACTGTTTCTCCTACTACTTCTCCTGAAGATTCTTCTAATCTTAAAAATGTAAACGTATGGGAATCAGACTGTGCTAAATGTCATAATGGACAAGCTGCTTCTTCAGAAAAAGAACTAAAGGAAAAGTTCAAAACACCTGAAGCTTTCGTCAAAGCAGCAAAAGAGTCAAAACATCCTCTTATGGCACCTTATAAAAATAATGAGGAATCTCTCAGAAAGGCAGCCGAAGAGATTTATGAAAACTAATCTTTTCTTGTCTTCCCCTTTTTGGGGGAGACATTTAACTTTTATCTAAAATTTTTTTTATACCTTTAAAAGTTAAATCTGAAACTATGACGGAATTCTTTATGAATGTTTTCAAGATGCTGGAGTTTCCTCCAGTCATTAAAACTGTATCTATATTATAGGTATTCAAAGCTTCTTTTATTCCTCCAACTACTGCTAATAAAATACCACTTTCTATACATTCTCTAGTTGACCTTCCGGGAATTTGGATTTTTTTTATTTCATTGATCTTTGGTAGTTGTGAAGTTTTTAAACTTAAAGTTTCAGCCATAATTTTTAGTCCGGGAAAAATAACTCCTCCTTTAAAAGTTTGATTTTCCACTAAATCTACGACTACCGCTGTTCCTACACTCACAATAGCAAAGGATCTTCCAAACTCTAAGCCACCACAGGCATTTGCTATTCTATCTGCTCCGAGACCTCTTGGATTGTCATATTCAATTTTTATTGGAAGTTTTAAATCTGCTGATACAAAAACAGCATCAGGAAAAAGTCTTTTTAAGATATTTGTTGCCTCTTTAACGACAGAAGAGATTCCTACTCTTTCCCAATGAAAATTTTTAAGCTTTTCTGTCAAAAGTTCCGGATGTTTTAAAAAAGTTAAAGTAGAAAGTTTAAATAAAGAGCATACCTTTCCTTCCTCCCAAATGGCAGTTTTAACAAAACTATTTCCAACATCTATTAGTAAATCTGTCATTTTAAGTTCTATATTCTGCATTTATTTTTACGTAGTCGTACGTTAAGTCACAAGTTAGATATTCAAAAGAGTGGTTTCCAAGATTGAGATAAAGTTTAATAAAAATTTCGTCATTTTCTTTTAAATACTTGAAAACTTCTTCTTCTATGAAATCTGTTCTTTTACCTTTGAAGAGAAGATAGTTTCCTATGTAAAGTTCAACTTTTTCTTCTTCTATTCCCGTTGATGCTGCTCCAGCTGCGGCAATTATTCTTCCCCAGTTTGGATCACAACCAAAAATAGCAGTTTTAACAAGAGGAGAGAGTGCAATCTTCCTTGCAATTACTTTTGCCTGTTCTCTTGTTTTTGCCCCTTTAACAAGAATTCTAGCTACTTTTGTTGCTCCTTCACCATCTTTGACTATTTGGTAAGCAAGTTCTTTAAGAACCGCTGTTAAGACTTCCTTAAACTCTTCATAGTTTGAGTCATCAATTATTCTCTCAGACTTTCTTGTTGATAAGATAAATACGCAGTCGTTTGTACTCATATCTCCATCGACTGTAATTGCATTAAAAGAAACGTCTACTGCTTCTTTTAGAGCTCTTTGAAGCATCTCACTACTTACTTTAGCATCTGTTGCAACAAATGAAAGCATTGTTGCCATTGAAGGATCTATCATTCCAGCACCTTTTGCAATTCCACCTATAACAAAACCATTACCTTCTCTAAAAGCAGTTTTTGGAAAAGTATCTGTTGTCATTATTGCTCTTGCTGGTTCTTCTCCCTTTGCTTTTCCAAGGTTTTTAACTGCTTCTTCTATTCCCTTTTTTACTCTATCCATTGGAAGAGGTTCACCAATTACTCCTGTTGAAGCTACTAAAAACGGCTTTTCTTTTCCAGTAAGCTTAGATACTATCCTTGCCATTTCCTCTGCATCTTTTAATCCTTGTTCTCCAGTGCAGGCATTAGCATTACCGCTATTTGCCACAATACCATTAATTTTTCCTTTTAAAGACTTTGAAAACTTTACTGGAGCTGCTTGAATATCGTTTGTTGTAAACACAGCAGCAAAATTTGAAGGCTCATCTGTAACTACAACAAGTGTATCAGGTCTATCAACTTTTTTTTCCGTTCTCTTAATCCCTCCAAAACCTGTACCACAGACTATTCCCGGAACTTCTGCTATTCCTTTCTTCATACTTTTCTCCTATGAGAAGTACTAACAAATTGTAATATTGCTAGTATAAATAAATCATCGCTGTTTAGGATACAATATAACATAGTTTAGAAAAATCAGTTACTTATGGAAGTAAAAAACATGAGATTTAAAACACCGAAAGAATTGGTTGCTACTAGGTTGAAAGAAGCGGGTTTTAGAAGACCAAAATTACTTTTTCACCCAAAAAGAGGCGATATTTTTAACCGTATTGCTTATGGTTTAGTGAAAGGAAAATTTGGAATTTTTACTGAAAAAGAAATAGGAGAAGAACTACTTCCAGGATGTAAAGTAGATGAATGTTACGAAATAAAGCTTCTTGCTTTTATGGGAGATGAAAAGCCTGATTCAGCAATAGTAAGAGGAAGAAAAGGTATTGTAAACTTTAGTGATATTGATTTTGAATACCCTTTAATTGCGGTGGATCTTTCCTTTTATAACAAACTTTTACCAAGAGAGAAAAAAAGTCTTCTAAATCAGATTGAGATAACTTATGGCGTGGTGAAAGACTTCTTTACTCCAGAAAACTTTGTCCTTACTTCTGTTAGTAATGAAGCAAGAAAGGAACTTGAAAAATTTTTTACTCCTTACATTCCTTTTTCTATTCTTGATAAACCTGAACAAAAAGAAATTATAGTTCTTGACCCTTACGGAGATAAGGACTTTACTCATGAAGAAATTACTCCTCAAACCCTAATTATTGTTGGTGGTATTGTTGATAGCGGTGAGAGAATGATAGGATCTACTAAGGAGATTTTTCCAAATGTTAAACATAGAAAAATCTCTTATAAAGGAAGTATAGAGCTTGTACCAGATAGGATAAACGATATCGTTAAGATTGTTTGTCAGTACTTAACTGAAGACATTTCTCTATCTGAGGCTGTAAGGCAAAATATTACAAGAACTGCAAAGTTAAAATGGTTAAGAAAAGCATTGGAAAAGAACTTAGTAAGGTTTTCGTTAAAGGGAAAAATTTTAAGGGGAATTCCTGAAAAACTTTACAAGCAATGGAAAGAAGAGTTTGAACTTACCGACTTTCACTTTAAGAAAGGAGCTAAACATATTGGTGGATTTTTTGTCTTTAAAA
NZ_CP176813.1_gap15	483175	484784	1609	AAAAGAAGTCTTGAAGAAAAGAGGAAAAAGTTATTTCAAAATTTAGAAACCGGATTTACTATTGATTTTTCTGTCTAAAAAGAAAATCAGGAAGAAACTTTGAAATTTCTTTTGTAAATCTTAAGTTAGGTTTTTCAGATATCAATTCTAAAATTGTTCTTAAGTTCAAAGAAACAATAAAATCGTTGCCTATGTCGGATATTTTAAGAAACGGTTTGTCTATCATTATTTTGAAAAGTTCATCTTTGTAGGAATTATCAACCTTGAAAGTCATAACTCCATGCTCAACTACAGAAAGATGTCCCATTCCTACAACACGCTCTATTAACTTCCTATTTTCCTCTTCAGAATATTTGGATAAAAGCTCTTTTAAAGGCAGCCCGGAATAACAAACCCGAGCTGCAGTAGCTATCACCTTAAGCATATTTTCTGTTTGAGATAAAAGGACAATTCCCATTAATACTTATCTCCGTACTTAGCCATAAACTTTTCTACTCTACCCCTTACAGCTTTTTGCTTTTGGCTACCGGTAAAGAATGGATGACACTGGTTGCAAACTTCAACTTTAATCTCAGGAAATTTTGTGGATCTTGTAACCCAAGTGTTACCACACGCACAAACAATCCTTGTTTCCTTGTATTCTGGATGAATGCCCTTTTTCATATGAACAACCTCCTGATATAATTCTAAACCTACTTTGCGTTAGTGAAGTTTAATTTAGAGCTATGAAGGTGTCAAGTGGAACTTGCGAATCTTGTAGAAGTGTCCGTTCAATTTATCAAGTCTCATCCTGAATTTGCTTGCTTTTTCCTCTTTCTATGGACATTTTTAGAAACAGGACTGTTAATAGGTCTTTTCTTACCTGCTGAAAAAATACTAATCCTTGCAGCAGTTCTTGTTTCAAAAGGCATTATTTCTCCTTGGAGTTTCCTTTTCTGCGGAATTCTTGGTACTTTTCTTGGTTATACTGCAACTTACTTTGTTGGTCACTACTTTGGTGAGGAAAAGTTAGAAAAGAATTTAGGAAGGTTCAAGCTCAGTAAGAAAGAAATCTTACAAACCAAGGAATTCATAAAGACTAAAGGAAAATTAGCCATTCTTTTGGGAAGGTTTATTCCTGTTGTAAGAGCTGTTTTACCATTACTCATAGGAACGTTTAGAATTCCTTTAAAAGAATTTTCTTTTTACAATCTGCTTGGTGCAATTCTTTGGGTTTCTTCCTATATTTTGATAGGAAACTTGATAGAAAAAACTTTATCAATTATTATTAGACACAAACTATTTGGTATAGTACTCTTTGCTATATTATTCTTACTCTACTTAGTTTGGAGAAAGTATGGAAAGAATAAGAAACTGTTTTGAGAAGCTTCTTTCAAAAGGAGAAAAACCTTTAATAGTTTATGCTACAGCTTGTGATCCTAGTTGTTCTGAATCTCTAGAGATTTTTAGACTAATCTTGAAATATGCCGATATGGTAGAGATAGGAATGCCCTTTTCTGATCCTTTGGCCGATGGCCCTACTATTCAAAAAGCTCATGAAAGAGCTCTATCTTCAGGAGCAAACACTCAAAAGGTCTTTGAACTTGTTAAGAAAATCAGAGAATTTGAG
NZ_CP176813.1_gap16	665569	669830	4261	TGAGCAGTTAAAGATGTAACTGCTACCATCGAGAGTGAAAAAAGTAGTTTTTTCATAAATTCCTCCAATTATTAGAAAGTTCAAGCTAAAGTTATTAACAGTTTAATCAATTTGCAAAGAAGTTCATTTCCGCATAACTTTACCAAGCGAAATTTGAACCAATCTTATCATAGGTGCAAGATGAAAAGGAGAATTAATCTTAACGAGGTAACGGATAAAGAGCCAATTAAAGTTGATACGGAGATACAACCTTCATTATTGGAATTACCGAAGGAAGAAGTTGTGTCTTCAACACCTTTTAAACTTCACATAGAGGTCTACAAAAAGCCTGTAGGATATGACATTTATGGAAGGGTAGAAGGTGAGGTTGAATTAATTTGTAGTAGATGCAATAAAAGTTTCAAAGAAAAGATGAAAAAAAGCTTTTATTACCAGCTAATGCCAACTTCTGAAATTACTGGTGGAGAAATAAAGGCAGGTGATCTTGATGTAAAATTTGCTGACAGCGATGCGCTTGACCTTGCAGAGGTTGTTAAGGAGCAGGTACTTCTTAATCTTCCATTAAAACCTCTGTGTAATGAGCAGTGTCAAGTGCCAGATGTTCCTTTTGAAGAAGGAAGCATAGAAAAGGATAAACGGTGGGAAAAATTGAAAACCTTTAAAGATAAACTTAAAGAAAAGGAGAAGTGAGATGGCAGTTCCAAAGAGAAAAGTTTCAAGGACAAGAAGAGACAAGAGAAGAACTCACTGGAAAGCCAAGAATCCTGCTATATCTGTATGTCCAAACTGCTTAAATCCAAAGCTTCCACACAGAGTTTGTAAGCACTGCGGATACTACAAAGGAGAAACTGTAGTCGAGGTAGAAGAGTAAATGAAAGTTGTTCTGGATGCTATGGGGGGAGACAATGCCCCCCATGTTCCAGTTATGGGAGCTGTTCAAGCCGTAAAAGAGTTTGGTATTAAAGTAATTTTAGTTGGAGATGAATCTCAAATAAAAAAAGAGCTCTCAAAGTATTCTTTTCCTATTGAGAAAATAGAAATTGTTCACGCTGATGATGTAGTTTCAATGGATGAACAGCCTTCAAAGGCATTGAAAAAAAAGAACTCTTCTCTTCATATCGGTACAAAATTACTAAAAGATAAGTTGGCAGATGCTTTCGTAAGTGCTGGAAATACTGGTGCTGTAATGGCTATATCTCTTTTTACTCTTGGTAGATTAAAAGGTGTAGAAAGACCAGCTATATCTACAATTCTTCCTAGCCTATCAGGAAAGACTTTTCTCCTTGATGTTGGAGCAAACGTTGATTGTAAGCCTGTGCATCTTCTTCAATTTGCCATAATGGGAGAAGCCTACGCAAAATATGTCTTAAAGGAAGAGAATCCCAAAGTAGGACTTCTTAACATTGGAGAAGAGGAAGTTAAAGGAAACGACTTAACAAAAGAAGCTTACAAGCTTTTAAAAGCAGCAAGAGAAAAAGGTCTAAACTTTATCGGAAATGCAGAAGGAAGAGATATTTACTCTGGAAAGTTTGATGTTATAGTTTGTGATGGTTTTGTAGGAAACGTTGCTTTAAAACTTAGTGAAAGTCTTGCCAAAATTTTGGCAAAAATTTTAAAGGAAGAAATAGAAAGTCATTTTATTTCTAAGCTTGGAGCTATTACTCTAAAGCCTGCTATAAAGAGCTTTAAAAAAAGAATAGATTACGCCGAATGGGGTGGAGCTCCTCTTCTTGGTGTAAAAGCTCCTGTTATAATTGCTCATGGAAGTTCTAATGCAAAAGCGATAAAAAATGCCATAAAAGTAGCTTCTCAGTTTGCAGAATCTTATCTAAACGAACACATAGAAAAAAATATAGAAAGATACGGGAAGTTAAATGGGAATTAAGATAGTTTCAACAGGATCTTTTCTTCCGAATAAGGTTCTTACGAACTTTGATCTTGAAAAGATGGTAGATACTTCTGATGAGTGGATAACAACAAGAACAGGAATAAAGGAAAGACGCATAAGTGAAGAAGAAACTACTTCTGATCTTGCAGCAAAAGCTGCATTAAGAGCTCTTAGTGAAAAAAATCCAGAAGATGTTGATCTAATAGTTGTTGCAACTGCTACTCCAGATGCTTTTTTTCCGTCTACTGCCTGTAAAGTTCAGTCAAAGTTAGCTAACAAAAATGCCATTGCTTTTGATATTTCTGCTGCCTGTACAGGTTTTATATATGGGCTTTACATTGCAGACTCTATAATGAGAACAAAAGGGATAGATAGAGCTCTTGTTATCGGAGCTGAAAGGTTTTCAAAAATAGTAAATTGGAAAGATAGGACTACCTGTATCTTATTTGGAGATGGTGCAGGAGCTACTCTTCTTGAAAAGAGCAATGAAGAAGGAATATTAGGATTTGATCTTGGTGCGGATGGAGCTTATGGAGATCTTCTCAACGTTCCTTCAGTAGGATCAAACGAAGAATTTCCTTTCTACATCAAAATGAAGGGAAATGAAGTTTTTAAAGTTGCTGTAAGAACTATGGTTGAATCCTCACTTAGAGTTTTAGAAAGAACAGGCATTTCACCTAATGAAATAAAATTACTGATTCCTCATCAAGCTAATGTAAGAATAATAAAGGCAGTTGCTGAAAGACTAAAAGTCCCAAATGATAGAATATTTATTAATGTCAATAAATACGGAAACACCAGTGCTGCTTCTATTCCAATAGCTCTTGATGAAGCTATAAAAACTGGGAAACTAAAAAAGGGAGATCTTGTTCTCCTTGTTGCTTTTGGTGGAGGATTTACTTGGGGTTCGTGTGTTTTGAAAGTATAAATGGGAGGAATTGGCTGATGATTAAAACAAGGATTTGCGAAATACTTGAAATTGAATATCCGATACTTCAAGGTGGAATGGCATGGATAGCCGATGCAGAACTTGCTGCTGCTGTTTCAAACGCTGGAGGGCTCGGGATAATTGCTGGAGGAAATAGAAGTGCTGATGAGCTTAGGGAAGAAATAAGAAAGTGCAAGGAGCTAACAGATAAGCCTTTTGGCGTTAACATAATGCTTATGATGCCAAACGCTGAAGAAATTATAGAGGTTTGCTTAGATGAAGAAGTTCCTGTTGTAACAACAGGAGCAGGGAATCCTGGAAAGTATATTCCTGCTTTTAAGGAAAAGGGAATAAAAGTAATTCCCGTTGTTGCAAGTGATGCTCTTGCTAAAAGAATGGAGAGAATTGGCTGTGATGCAGTAATTGCTGAAGGAATGGAAGCCGGTGGACACATAGGAAAGCTTACAACTATGGTTTTAATTCCTTCCATTGTTAGAGCAGTAAACATTCCAGTTATTGCTGCTGGTGGTATCGCTCTTGGAGAACAAGCGGCAGCAGCGTTTGCTCTTGGAGCTGAAGGAATTCAGATTGGAACAAGATTTTTAGCTGCTAAAGAGTGCAACGTTCACCCTAAGTATAAGGAAAAGATTTTGAAGGCAAGGTTTAATCAGGTAACTGTTACCGGCGTTACAACTGGACATCCTGTTAGACTTATTGAAAATAAACTTACAAAGAAGTTTGCAGAGCTTGAGTTTTCTGGAGCTCCAAAAGAAGAGCTTGAGGAACTCGGAAGAGGACGTTTAAGACTTGCTGCAGAACAGGGAGATGTTGAGTGGGGTTCTGTAATGGCTGGTCAGGTCGTTGGGTATATTAATAAGGAAGAAACGGCTGAAGAGATTATCAAAGATATTATGGAAGGAGCTGAAAAGAAGTTGAGAGAGCTCTGCGAAAAGTTTTTTGATAGAGAGAAGGAATAAAAATTTGGAGTAAAAGATGAGAGTTTTCGAAGGTAAGCTAAAAGCTGAAGGAATAAAGTTTGCAATAGCTGTAAGCAGATTTAACTCTTTCATTACAGAAAGGCTTCTTGAAGGAGCAATTGATTGCATAATTAGACATGGAGGAAAGGAAGAAGATATAACTGTTATAAAAGTTCCTGGAGCTTTTGAGCTTCCTCTTGTTGCTAAAAAGCTTGCAAAAATGGACTTTGATGCTGTTATAGCTCTTGGTGCTGTGATAAGAGGAGAAACTCCTCACTTTGACTACGTTGCTGCCGAAGTTAGTAAAGGAATTGCGAATGTATCCCTTGAAGCTGAAAAGCCAATTGCTTTTGGTGTTCTCACAACAGATACAGTAGAACAGGCAATAGATAGAGCCGGAACAAAAGCAGGTAACAAAGGCTGGGAAGCTGCTCTTTCTGCAATTGAAATGGTTAATGTCTTAAGGGA
NZ_CP176813.1_gap17	688886	690967	2081	AGATAGAAGAAGCCGGTTACAACGCTGCTTCTTATTTTCATTCTAAGCTTTCTTCTATACTTAGTTATTTAAAGGAAAGAGGTATTTCTGAAAAAGAGGCAAAAAAATTTTTAATTGGTTATGCTCCTCAAGGTTATTCAAAAGAACTTAATTTAAATCCTAAACTTGCAAAGGAACTGGGACTTCTTAATGCCAAAGGAAGAGAATTTTTTGCTGAACGCCTTATAGTTCCAATTTTTAACCACTTTGGAAAAATTGTTGCATTTGCAGGACGAACTCTAACAAATGATAAGTCTCTTCCTAAGTATGTAAACAGTCCCGAAAGCTCTCTTTTCAAGAAAAACTCCATCCTCTACGGCTTTTACCAATCAAAAGAAACGATACTTAAAGAAAAAAAAGTGATAATTGTTGAAGGTTACTTTGACGTTATTTCACTACACAGAATAGGAGTAAAAAACGTTGTTGCACCGATGGGAACTTCTCTTACGGAAAATCATGTAAAAATTATAAAACAATATGCAAACTTCCCTATTCTTATGTTTGATGGTGATAATGCAGGTAGAAAAGCTACTATTAGAAGTGCTGGACTTTTTTTTGCTAAAGGAATAGAACCTTTTGTTGTTCACTTACCAGAAGGGGAAGACCCTGATTCTATGGCAATAAGCAATCCAGATAAGTTAAAAGAGTTACTCGGTAGTCCAATCAGTTTTATTGATTGGGCACTAAACTTTATTGATTCTTTTCCACAAAGGGAACAAATTGGATACTTAAAGGAAATAGTTGGAGCAATTCTTCCATTAAGAGATATTGATCCTGTGAGATTTAAGCTTTATTTTGCAAAGCTTTCCAGCAAGTATGGAATAAATGAGAAATGGTTATTATTAAATTTCCGTTTTTCTAGTAGAAAAAGTTTAACTTCTGAAAATGAGGAAGAATTTATTCCAGATAAAGAAAAAAGATTTGTAAGAGCTCTCATAGAAAAAAAGTGTCCACCAATACAAATTTCTCCACTTAACTTTACTTCTCAAAAGGTATCACAAATTGTGACTCTTATCCAAAATGGAGAAAGTATAGAAGAAATACAGGTAAGATATCCAAACTTAGCTGGTTTAATAGCTGAAGTATTGTTTCTTGAAGTAACGGAAGAAGAGCTTTTGAAAGCTGTTGTAAGTATCTTGAAAAAAGAACTAAAAAGAAGAATGAAACTTATGAACTATGAAGAGAAAGTTAAACTTGCTAAGTTAATCCAGTCTTTAGAAAAAAGGGATATAAGAGATTTTCAAGTGCTGAGAAACTTTGAACAATTAAAGCTTTGCCCAACAACCAGTTAAAGGAGGAAGCCTTGGAAAGACCAAACTTTGAAGAGATAATTGCTTTAGGAAGAGACAAAGGCTACATAACCTTTGACGAGCTGATGGAGCACCTCGATGAAGAGGTACTCACACCAGAGCTCATCGAGGAGCTTATAACCCAACTTGACGAGTTCGATATTCACATTATACCAAAAGAAGGTGAAGACCATGTAGATCTTTCCAAGCTCCAAATTACCATTGCTCCTGATACTATGCCTCGTTCAGATGATCCTATAAGACTTTATTTAAGAGAAATGAGTGGTATTTCTCTTCTTAAAAGACACGAAGAAATAGCTCTTGCCAAAAGGGTAGAACTTGGCAGAAAGGCTCTTTTAAGGTATTTGCTTAAAACAAATGCTGTTTTAGATTACATACTTAATGTAGAAGAAAAAATAAAGAATGGAGAACTGAAAGTAAGAGATATTATGCGTTCTCCTGACGACTTTGCTGAGGGTGGAGAAGCTCAAAGAAAGAAAAAGTTCTTTGCAATGGTAGAAAGAATAAAAGAGCTCCTACCTCAGTTTGAAAAACTTCAAAAGCAATACAATAGAAACAAGAAAAATCTTCAACTAAAAAGAGAGTATCTAAAAACTTGGGCAAGAATTAACTTTCTTTTGAGACAACTTCCTCTTTCATATTCAATTTATGAAACAATGGCAGATGACATATATAGAAAGTACAAAATTTTGAAAAAGAGTGAGAAAAACCTTCAAAAGTTAAGTGGAAAAC
NZ_CP176813.1_gap18	843968	845751	1783	TTGTTTGTTGTTCCTACTTCTTTTAAGATTGCTCCACTTTGAACCATAACATCAGGAATTCTAAAAGAACCACCTATTTCAATGAGCTCTCCTCTTGATACTACTACCTCTTTTCCTTTAGCAAGAGCCGAAAGAACTAAAAGAACTGCACCAGCGTTATTATTAACTACACAGACATCTTCAGCACCTGTTAGCCTTTTCAGTATCCATTCTAAATTCTTATATCGTAGTCCTCTTTTGCCTTTTTCAAGATCATATTCAAGATTTGAATAACCTGTTATTATCCACTTTAAGTGCTCTGCTATCTTTTCTGAGATAGGAGCTCTACCTAAGTTCGTATGAAGAACAACTCCTGTAGCATTAATAACTCTTTTAAGCTTAGGAGAAACTAATTTCCTTAATTCATTTTTAATTTGCTCTTTTATCTTCTCTTTATCTAATTCTAAAACCTTCCCGTTAACTATATCTTTCCTTAATTTATCAAGAACATTTCTTATAGATTCAACAAGCAAAGCCCTTGGATTATTTCCCAAAAGTCCTAAGAGTTCCTTATCCTCAACAAAAACATCAACTTTAGGAATTTTTTTAAGAAGTTCCTTTCTCAAACTATCCCTCTCAAAAGAACAATAATTCTTAACACTTAAAAAGAGAAGGATCCTCTATCTCCATATACTTACATCTACCCATTTCATAGAGATCATTTCCAAAAATATCGTTTACCACAAAAGCTGGAAAATCTTCAACAACAAGCTTTCTTATGGCTTCAGGACCAAGATCTTCATAAGCTATTATCTCTGCAGATTTTACACATCTTGCTAAATATGCCGCTGCACCCCCAACAGCTCCAAAATAAACACCCTTATACTTCTTAATAGCTTCCTTTACCTCTTTGTTTCTTGAACCTTTACCTATCATACCCTTTAGTCCTACTTCAAGAAGCTTTGGTGCGTATGGGTCCATCCTATAGCTGGTTGTAGGACCTACAGAACCTATCGGTCTTCCAGGCTTTGCTGGAGCTGGTCCAGCATAGTAGATAATCTGTCCCTTTAAGTCAAAAGGTAATTCTTCTCCTTTTTCAAGAGCTTCAACTATCCTCTTATGAGCTGCATCCCTTGCTGTGTATATAACTCCGGAAATTAGGACAAAATCTCCTGCTTTAAGGTTCTCTATTACAGCATCGTCTAGTATAGGAGTAGTAATTTTAATTGCAGACATGCCAAAACCTCCTTCCTTTGTAGATACCAAAGTATAACAAAAGGTATTAGATTTTTCCGAAATTTTTTTAAAGGAGAACAATGAGAAAGTTTTTTCTCGTTGCTATAAGTATTGTTGCTGCTCTCATTATTCTTTTGTTTTTCATGGAAGAACAACAATTACCAAAGGAAGAGTTTTCTCTAAGAAAAGAAGCAGAAGAAAAAAGAAAAGAGACTATTCCAACCATCTTTTATATTGAAAATCCAACACTTGAAGAAATCGTACCGATAAATTGTAGTAAAGTAGTTCCTATTGTTTACTCTCATGTTACATGTCTAAGGAGTCTATCAATCGAGCAAAGAAAAAAGAAGTTCATAGATGTGCTTCTTCCTGAAGTTCTAATAGCAAATGAGAAAGTTTTAAAGGAAAGAAGTTTTCTGCTAAGAACTTTAAGAAAGAAAAAACTATCAAAAAAAGAAAGAGTGGAACTTAAAAAATTAAAAAAGAAATACAGAACAGATAATATTGATGAACTTCTTAGAAGAGTTAACAGTGTTCCAGTCAGCCTAGTTCTTGCACAAGGTGCAAT
NZ_CP176813.1_gap19	852156	856073	3917	ATCAGTAAATCAGAACATAAAGTTAGGAAACAATGTTTATCATATACAAACAGAATATTATAGAGTATCAAAAAAAATTGTCACAAACATTTTTAAAGGTGGTATGATTATTAAAAGACTCGAAAAGGAAATTGATACTGAAGAAAATATAGAAGAACAAACAAGGAATTTTCATGAGGTTATTGTAAAACGAATTAGAAGTATCTAGCAAAAATTAATTTGTTGGAATAAATTGAAAGGAAGAAACAACATTTATAACCTTTGAAAATTTTTTCATACTGTTAAGTTCCTCTGTATTTAAATCATATATAAGTTGCTTTAAATAATTTTTACATAAATCCTTGCAAATAGAAATCTTTGAAGAGTAGTTTTCACATATCTCTTTATAAGAATTTAGTCCTATTTTCTTTGATTTTATAAGTTTTTCATAAAACGTTATTACTTCCTCCCTCTTTTCTCTAAAAGAGTCCTTTCTTACGGCCCAAACTGCAAAAACAAATGGTAAACTAAATAGGTTAAACCACTCTTCTGCTAGATCGTATACGAAAGGAAACTTTTGGGTTTTAATCATTTTTAATGCATCATCTCCTATCGTTAAAAGCGCCGTTGGATTTTTTGGAAGATTTCCTTCTTTTAAAGAGTAAAAACGGTAATTCGGCTCTATTCCATAAACTTCTCTCAAAAGATACTTCAGAAGTTCCCTAGAAGTCATAGAGCTCCGTGTCAACCAAACATCTTTTCTGTGAAGCTGATGAATTGGAACGGTTGAAAGAAAAAGGACGCTAATAACTTTTTTCTTTGCAGAAATAGAAAGATTAGGTAAAAGCAAATAATTTTGATTGTTTTTCAAGTATTCGTAAGAGGAAATCACAGAAATATCTAATTTCCCTTCTCTTAACATTTTATTAAGCTCTGATGGAACTTCTTCTACAAAAACAACTCCTGAAGAATCAACTTTACCGCTAAGAAAACCATAATAAACTGGAATCGTATTAAGATACTCTATCTTACCGACTCTTAACATTAGTTTTTAACCTCTCCAAAGTTCTACAAACTGAGCAAACAGGAGCAGTTGTCGGCATTTTGCAGATTTTACATTCATTAAGTTCAAGGTGTTCTTTTAATTCCTTTTCAAATATTGGCCGTGCTTTTTTAAGAAACTCTTTGTAAAATCTAAGTTTTGTTCCTGGCATTTCATGTTCTAACATTGCAAGAGAACGCTTATAAAGAATAGAAGTTGCTTCCTTAGCGTTTGGACATCCAGTTTCTAAGTACTCTATCTTGTTTAAGATAGCATAACTAACAATTTCTTTCTCAGTAAAGAAAACAAAAGGCTTTACTTTTCTCGCAAAGCCATTTTTTTCTGGTAAAACCGGATGTTGTCTTCCAAGATATCCAATTTCCCATCTAATTGTATTTGAAAGAAGAAGTGCAGATTCATCGTCTAAATTGTGACCAGTAGCAACAACTTTAAAACCTTGTTCCTTACAGATTTTGTTCATTAAGTATCTTTTAAAAGTTCCACACACAGAACAAACATCTTTTCGACCGCTTCCTTTGGCTATTTCTTCTATGGAATAACCAAACTCATCTTTGATATCAAAAATAATGAGAGGTCTTTCTATTCTTTCAGAAAATTTTTTACAAATATCAAGAGATTTTTTTGAATATTCCCAACCTTCTATACCTAAGCTTATGTGAAAACCATAAGTTTTATAACCAAGTCTATGAAGAGCATACCAAAGAGAAAGACTATCCTTTCCGCCAGAAACTGCTATAAGAACCTTTTCATCTTTACTGAACATATTAAATTCTTTTATAGTTTTTGCCGTCTGTTTTTCAAACCATTCGATAAAATGCTCTTTACAAAGAGCTAACCTATGGTGTCTTATGTAAATAGAAGCTTTTGTTCTCTTTCCTTTGGACTTACAAATTCTACAGAGCACACTGCCTCCTTAAATTCTTGAAAGTTTCAAGAATTTCTGAAACTGTAGTTGTTGCCGTTCCAAGTTTTCCAACAACAATTCCAGCTGCAAGATTTGCAATTTCTCCAGCTTCTTCAGGAGTTGCTCCTGAAGAAATAGCTAAGGTAAAAACACTTATAACGGTATCTCCTGCTCCTGTAACATCAAATACCTGTTTTGCTCTTGTCGGAATGTGCTTCTTAAATTTCCTTCCAATAATTGAAAGTCCCTGTTCGCTTCTTGTAATAACGGCATAATCAAGATTAAACCGTTCTATTAGCCTATTTCCTGCTTTTTCTGTATCTTCATTAGTTTTTGGCTTGATTCCGACTGCTTGAAAAGTTTCTTTAATATTAGGTGTCATAGTTGTAATATTTTTATAAAAAGGAAAGTTTTTTTCCTTTGGGTCAAGAATAATAGGTCTTTCTATTTTTATTTTACCCGTAATTTCAAAGAGCTCTGGAGTAACTACTCCCTTACCGTAATCAGAAATAATGACAGCGTCAAATTCTTTGTAGTTATCAGAAAGTACTTCTATTATTTTCTTTGAGACATCTTTTGAAACATAATCACTATTTTCCCAATCAACTCTTAAAAGCTGTTGTGCTCCTGCAACTATCCGTGTCTTAACTGTAGTTGGTCTATCTTTATCTTCTATAAGCCACTGTGTTTTAGCTTTAAGTTTTTGGAGAAGGTCTTTTAATTTTTTTCCTTTTTCATCCTTACCTATAATACCCACAAGATAAGGAATAGCTCCAAGAGAAGAAAGGTTAGCTGCAACGTTTGCTGCACCACCAGGCTTTATTGTTACTTCTTTTGCCTCAACCACGGGAACAGGAGCTTCAGGAGAGATTCTCTCTACTTTTCCAAATATATATTCATCTATCATAAAATCGCCAATGACCAATACCTTTTTCCCTTTGAAATTTTTAAGGATTTCTTCCCTAAACATTAAAGCAACCCTTCCTTTTTGAAGCTAAAGTAAGAATTACTACTCAAAACTATATGATCGAGAACTTCTATTTCAAGTAAGTATGCTCCCTCAAGTATTCTTTTGGTAACTTCTATGTCTTCTTTACTTGGAGTTGGATCGCCAGAAGGATGATTGTGAAAGAGAATAACTGCCGCTGCCATATCTTTTACTGCTGGATGAAAGACTTCTTTTGGAGAAATAGAAGTAAAGTTCATACCTCCTTTTGTTATTTCGTGAATAGAAATTAATTTCCCTTTAGTGTTAAGAGTAACTATTCCAAAAATCTCCACTGGTAGGTTATTTACTTTTGGCCAAATGAGATTGACTACATCCTCAGGAGATGTAATTTTTGGAGAAATACCATCACCTAGCAGAGCTCTTCTTCCAATTTCAAAAGAAGCTAAAAGGGTTACTGCTTTTGTTTTCCCAAGACCTTTGAATGAGACTAGCTCTTTTATGTGTGCTCGCGAAATTCCAGGAATTCCACCAAAATATTCAAGAATTTCCCTTGATAAATCCAAAACATTTTTTCCTTTTAGTCCTGTTCTCAAAATAATAGCAAGGAGCTCTGAGTCTGTTAGATTCTCAACTCCGAACTTTAAAAGCTTTTCTCTCGGTCTATCCGATTCAGGAAGATCTTTTATGGTGTAAAAGGACATTTTTGATTCCTACGGTTATAAAGATTAAAGATGATTCCCCCAAAAGGGGAATCATAATCTATTATTCAGAAATTTCTCTTAAAACTCTTGCACATCTTTCACAAACATCTGGAAATTCACTATCCTGTCCAACGGTCGTACTATACATCCAACACCTTTCGCACTTTTGACCCTCAGCTTTTTTAACTTTTACTCTAACACCCTTTAAGATTTCATCATCTCCAACAGAACAACTTGGAGCTGCAGCAAACTGTTTAACTTCTGTTCCTGAAGTTATGAAGATATAAGGTAACAGTTCTTTATATTGTTCTAAAAATTCTC
NZ_CP176813.1_gap20	862583	866860	4277	ACAGAAGGTACATCGAATTCTTTTGCTAATTTACATGCTTCTATGTTGACTTCATCGTCTCCTGTACAAGCTGCAAACACTTTTGCATCTTCTATTCCAGCTCTTTTAAGCATGAGTTTACTGGTACCGTCCCCTTGTAAAAGAACAACCTTATTCATTGATTCTGTATCAAGTAAATCCACTATTTTTTGTAGTTTTTCAGCATCTTCATCTATTACAGTTATAAACCAGTCTCTTTTCAATCTTTTTATAAGTTCTCTTCCAACCTCTCCTGCACCAACGATAATTAGTTTCATTAGTTCTCCTTATAGTTGACATTATCTCAATTTATTATTATAGGAATTTATAGAAATTTTTCTCTTTTTGGAATTAAAAGGTTTTTATTTGAAGTTTAAGAATTTGTAGAAGATTTTAGCTACGTTAAATTCTTTCAGAACTTAAACTTTGTTATATAATCCATTCTGCAAAGTTTTGGATTTGAGGTAAGAAAATGGCAATCTCAAAGATTAATGATGTGAAAAAGGAATTTTTAAAGAAAATTGAAGAAGTTTCTTCTTTAGAAGAACTTGAAAAGTTGAGAGTAGAGTTTATAGGTAGAAAGGGTAAGGTAACAGAACTTTTAAAATCTATACCTACACTTCCACCTGAGGAAAGAAAGGAATTTGGAAAAGCATGTAACATCCTAAAAGGAGAAATAGAATCTCTTATAAAAGAAAAGCAAAGCTATTTCAAGGAGATTGAAAAAAAGAAAAAGTTAGAAAAAGAAAAGATTGACGTTACCTTACCAGGAAGAAGAAGGCCTCTTGGTTCTTTACACGTAGTAACAAAGACATTGAAAGAAATAGTTAGTATTTTCACCAATATGGGATTTTCGGTTGCAGAGGGTCCTGAAATAGAAACAGATTTTTACAACTTTGAAGCTTTAAATATTCCAAAGGGACATCCTGCAAGAGAGATGCAGGATACGTTTTACATTTCAGAAGACGTTGTTCTTAGAACTCATACTTCTCCTGTTCAAATAAGAGTGATGGAAAAACACCAACCTCCAATTCAAATAATTGCTCCTGGTAAGGTTTATAGGAAAGATGCCGATGTTACTCACACACCAATGTTTCACCAAGTTGAAGGTTTAATGGTTGACCAAAAGGTAACTTTTGCTGACCTAAAAGGAGTTTTAGAGCTCTTCCTAAAAGAAATTTTTGGTTCGAACACTAAAGTTCGATTTAGACCGTCATACTTTCCATTTACAGAGCCAAGTGCTGAAGTTGATATTGGCTGCGTAATATGTGGTGGCAGCGGGTGCAAAGTTTGTAAGGGAACAGGATGGCTTGAAATCTTAGGATGCGGAATGGTTGATCCAGCAGTTTTTAAAGCAGTTGACATAAATCCTGATATTTATCAGGGGTTTGCCTTTGGTATGGGAGTGGAAAGAATAGCAATGCTTAAGTATGGAATTGATGACTTAAGACTCTTTTTCGAAAATGATCTTAGATTCTTAAGACAGTTTAGGGGTATGTAAAATGAGGATAACTTATAACTGGTTAAAAGAATTTATAGATATAGAAGATTTATCTCCGCAGGAAATAGCAAATATTCTCACAGATGTTGGAATTGAAGTTGATTCTGTTAGATATGCTGCGGAAAATCTTGAAAAGGTTGTTACAGGAAAGATTGTTGAGATAACCAAACATCCTAATGCAGATAAACTTAAAATCTGTCAAGTTGATGTTGGAAACGAAGTTCTTCAAATAGTTACTGGAGCTGACAACGTTTTTGAAGGAGCTGTTGTTCCCGTTGCTCTCCATGGCTCAAGACTTCCAATTGGAGTGAGAATAAAGAGAAGCAAACTCAGAGGTGTTGTTTCAAATGGAATGTTATGTTCAGAGGAAGAATTAGGGTTAACAGATTCTTCTTCTGGAATAATGATTCTTTCTGATAATGTTGAAATTGGGAAAGATGTTAAGGAAGCCTTGAATCTAGATGATTGGATAATTGAGTATGAAATAACTACAAATAGACCTGATGCTCTTTCTATTCTCGGAATTGCAAGAGAGCTAAAAGCAGTTCTCAATAGACCCGTTAAATTACCACAAAATGATTTTAAAGAAGGGAACTTTGAAGCAAAAGAAGAAGCCTCTTTATCAGTTCTTGATAGTGGGGCATGTCTAAGATACGATGGATTTATTCTTAAAGGAATAGAGAACAAACCATCTCCTTTGTTTATGCAAATAAGACTTTATCTTGTAGGTTTAAGGCCGATAAATGCAGTAGTTGATGTTACTAACTATGTAATGTACGAGTTAGGACAACCTCTTCATGCTTTTGATCTTGAAAAACTTTCCGGAAGAGAAATTATCGTAAGAAGAGCTAAGGATGGAGAGACTATAGTAACACTTGATGGAGTTGAAAGAAAACTTACACAAGATGATCTTGTAATAGCAGATGCTGAAAAAGCAGTTGCAGTAGCTGGAGTAATGGGAGGAGAGGAAAGTGGTACTTCGTTGTCTACTAAAAATATTTTCTTAGAATCTGCACACTTTGAGCCAATGACAATAAGGAAAACTTCTAAGAGATTATCTCTTTCTACTGACTCTTCTTATAGATTTGAAAGAGGAGCCGATATTGAAATTACGGAATTTGCAGCAAGAAGAGCTCTTCATCTCATTCAAAATTTTTGTGGTGGTGAAGTGGCAAAAGGAAAACTTTCTTTCTATCCAAAACCCTATACTCCAAAAGTAATTGTTTTTAATCCTGAAAAAGCTACTAAAATACTTGGAGTTAATATACCTCCAAGGAAATCTTTTGAAATTCTTGCAAATCTTGGATTTACTGTAAAGAAAGAACAAGATTACATAGTTGTTAAAGTTCCTTCTTGGAGAAAGTACGACGTAGCAAGAGAAATTGATTTGATAGAAGAAGTTGTAAGAATCTATGGAATGAAAAATGTTGTAAGTACTTATCCTTTAATGCATACAGATGTTAATAAGAACCTTGAATACGATAAGTTAAATGAAGTAAAAGAATTTCTAACTGCTTTTTCTTTGAATGAAGCAATAAACTACAGTTTTATAGGAGAAAAGCTCTATAAATTCTTTGGACTTTCAGTTGAAAATCTCATTAAGATTTCTAACCCACTTTCTGAAGAGTGGGTTTACATGAGAGATAAAATATTTCCAAGCCTTGTTCAGAATGCTGTTTTAAACATTAATAGAAATGAAAAAGATGTTTTCCTTTTTGAAATTGCAAAGATCTTTGAAAATAAAGGAGAAAAACTTCCTGAAGAACATCTCCACCTTGGAATTCTTCTTACAGGAAAGATTCCTGAAGGTATACTTAGTGAAAGAGAAGTAGATTTTTATGATTTAAAGGGAATAGTAGAAGGTTTACTTGAACTTCTAAAGCTTGAAGGAAAATTTGAATCTTTAGACAATGTAGAATATCTTCATCCCGGACAGAGTGCAAAAGTCATTGTAAATGAAGAAGAAATTGGTTTTATAGGAAAGCTTCATCCTGATGTTCTTGAAAGATTGGATATAAAACAAGATGTTTTTGTTGGAGAACTTTCCTTGGATAGACTTGTGGAATTTTCTAAGGAAAGAGAAATCTTCTTTAAACAAATTCCAAAATTCCCTCCAGTAACAAGGGATATTGCGGTTTTAGTAGATGCTGACATGCCTGTTGGAAAACTTGAAGAAGTTATAAAAAGTTCTGCTAAGTATCTTGAAAAGTTGAAACTTTTTGACCTTTACAAAGGAAAGGAAATTCCTGAAGGTAAAAAGAGTGTTGCATTTTCATTAGTCTTTAGATCAAAAGAGAAAACCTTGTCAGACGAGGAAGTAAATAAGATATTGAATGGTATAATAAAAGCACTTGAAAAATTTGGAGCTACACTTAGGGCATAAGAGGAAGATTGTGAGCTTACCTGAGACTGTAGAAGTTGTTATATGTGGTAGAAAATTTAACATAAAAACAGATAAAGACCCCGAATATGTTAAGTCTCTTGCTCAAAAATTGGAGTCCATAGTTGAGAAGATAAGAGCAGGCAACAGCAAGGTAACTTTTGATAAAGCCTTGATTGTTGCCTGTTTTTACATACTTGATGAAAACGAGTCTTTAAGAAAACGGATTCAAGATCTCAGTACAGAAAATAAGAAACTTGAAGAAGGAGCTAAAATACTTAAGAAATTAGCTCCCTGATCTTCCCTTATGCCCCTTGTATTAAAGGGGTTTGAAGTTGAAAAGTCTTCTAAGAGAAGAAATAAAGAAAAAACGTCTTT
NZ_CP176813.1_gap21	972776	977534	4758	CCTTAATAATTACAGTCTTCGTCTTTCTTAATCTCCATTTAGCTTCTTCTAAAGCTTTGTCTAAGGTCTTTTCCATACGCAAAGTAAACATTCTTGTTTCCATTATCAACCTCCATAAAAAATTATATCTGCCATTGACAAAAATTTCAGTAAATACTATTATTACTGTAAATACAAAACATCAGGAGGTAAGCGATGGAAAGGAAGGAATGGCTAACAGCAAAAGAGGTAGCAGAACTAACGGGAGTAACCGTCAACAGAGTTTACAACTGGAAAAAAGAAGGGAAAGTTAAACCTCAGTATCTACTGGAGAAAAGACAAGGGTTCAGGAAGAGAATTTTCTTCCACAGAAGGTTCGTTGCAGAAATTCTCGGTAAGGAGGTGTAAGATGGAAAGGGAACAGTTAAAAGAAGAACTTATATACAAAGCCATCAATGCAGAAAAACTACTGTGGTTAATTAGAGAATTGGTAGAACTTAAAAAGAACTTAACAAGAAGTGATATTTCCTCTTTAAGAACTATTCTTGAACTTGCAATAGAAGAGCTTCAAGAAGCTGACAATCTGTTTGAAGAACTTGCTTTTAAAACTCCTTCTAAAGTGGAGGTGGCAAATGTTTAAAGGATTGAAGGTTGAAGTAGTAGAGAAGAAAGAAACTCCTGCCGAGCAAAACGCCCAGCAGGAGAAGGTAAAGATAGAGCGAGTTGCCTTTTACAGCGACGAAATCATCGCCATTTACGAGGATGGACAAATCTGGGTAGCTGTCCGCCCTATTATAGAAAATTTAGGCTTGGACTGGAGTAAACAATACCGAAAAATACTTGCTGACCCCGTCTTGTCTCAGGTCGTTGCCCAGAAGGCAACGACCTCAAAAGGAGAAGACGGTAAAACCTACACTGTCAAAATGCTCTGCCTTCCGGTGGAATACCTCAACGGATTTCTTTTCAAGATAAACCCCAACAAGGTCAAGAGCGAAGAAACAAGGGAGAAAATCATCAGATACCAGAAAGAGTGTTACCGTGTTCTTTATGAATACTTCTTTGAAGGTTACGCAATCAACAAAAGGTTCTTTGAAGACGTAGAAGCGATTAAGAAAGAACTTCAGGAAACAAAGGAGAAACTTTCTCTCATGGAATACTGTTTGTGGGACCTCTGGTATCGCAAGAAAAAATCCTCAAAACAGAAGATACCGAAGAAAGAACCTCTCCAGAACCTCCGTAAATACAATCCCAACTGGCATTACATTCGCCAGGACCTTCAACTCTGGCTCTGCAAGAAAATTCCCATCTCAGAAATCCAGAAAAGGCTATTTGCTAACTGGAACATCTACGTTTCCGAATCAGCCCTCCGCCGTTATAAGCTCTGGTGGAGGCATTACGAAGCTCCTTTTCAATCCTGTCGCTAATCTTCTTGCCCGCCCTGTGCGGGTTCTTTTCCCTCGCCACAGTAAACAGAAACACGCCATAAACGACAGTAAATTCGGTAAACAAAAGGTGAACTTCAAGTAGTAAACGAAAGAGAAAATCTAATGGACTATCGGCAAGTTGTTGAAGCCACAAGAAAAGAGCTCCTCAGAAAACTCCTCCTAACCGAAGAAGAAGCCAACAGGCTAGCCAGAGAAATCGTCAAGAAGTTCCAGAAGGAACTTGCTCCAGACCTCTCAAACCTTGACGAGCTTATAGACAAGTATCTCAACGAATACGCAGACACCTTAGCAGACAAGCTTTTTAGGACTGTCAAAGAAGCTGCTGAGATTGGAGCTCTTCCAAACCTCTTACCGATAACCGCCTCAGAGCCAACAGAGCCCGGCCTTACATCTAAAGTGGCCGAAGAGATAATCAACTACCGTTACCCAGATGGACTCAACCTCTCTGAAAGAGTTTGGAAGTGGAAAAGGGAGCTCCAAGAGGGACTAAAGAGAACCCTTCTCAATCAGGCAAGGCTAAGGAACTCTGCTCAAAAGATAGCCTACGAGCTTCAATACACAATTGAGCAGATAGAAAAGGGCGAATTCACTGTTGCAATGGCAGAAGAGCAACTACCGAAAATAGTCAAAAAGCTAAAACAGATAGCACTCCTATCTGCGGCAAACGGAGGAGACCTCAACTCGTGGAGGAAGGTCGTCAAGCAGGCTGAAAAATACATAGAGGAGCTAACCGATAACATTCAATACGGCTTAAAACCTGCCTACAAAAGACTAATCAAAAATCTAACTGATGCAATAGAGAACAGAAGCGAAAGGGCAGTAGGCGAAGCAATTAAGTGGTGGATATACGACAAGCAGCTCTACAACTTAAAGCGAATAGCAAGAACCGAAATGAGCAACGCCTATCATCTAAGCCTTATAAAATCCACCGAGAAAAACCCTGCCGTAGTTGGCTACAGGTGGACTCTCTCAAGAAGCCATAAAGTTAGAGATATCTGCGACGACCTTGCCCACAAAGACCACTACGGACTCGGCCCCGGCGTTTTCCCCAAAGACAAAGTCCCCCGAATAAAGTGCCGTGCCTCCCATCCCCAGTGCCTGTGCTATATCGTGCCTGTTAGTGCAATAGAGGTAAAGGGAATGGACAGGGTAAAAAGGACTCAAATACAGGTAAGAACTATTTTGAAAGACTATCACAGTATGTTCTCCAATGTTAGAGACGATAGAGAACTTGTAGAGACATTTAAGAGCCTGTTTACTTCTCCTAAGAACTACTGGAAACATGTTCTAAAGCATGCTGTTCCAGACAAAGTAAGAGAGAAATACAACCTTAATAACTGGATAAGAACTTCAAAACTTTCCCACAAACTATTTCCTTATCAAAAAAGCTATGCTTTATCTTTTCTTGAAACACTTGCCTATCCTGAAAAGATAGCCTTGGCACAGTCTCCGAAATCTGAATTTGACAGGATAGTTTTCTATAGTTCAAAAAGACGAATGGCTGTTATCCTTGGTCCAACCGGAGAGATTGCCTCTGTCTATGAGCTGGATATATTCAAAAGCTGGGGTGAGTGGAAAAACTATGTTCTGTCTCAAGGTGAAACTGTTTTAGAGGTATCTATAGATGAGGAAACAAAACAGATGGCTAAAAAAATACAAATGGTTCATAGAAAGCTGGTACGAGGAAGTGGTAAATAACAACTACTTCATGGGAGATGACCACGCTGACAAGGTTATGCTCGTTGGAGACATAGAAGATTTCAGATACTTTCATTATGGCGTAACACCAGAAGAAACAGCAGAAATAGATGCTAAATGTCTGCCTGTAATTTATGAAGCCATAAAAAGCCGTTTCCCGGATATGGCAGAATGGTTCAAGGACATCATAAAAGGACTGAAGATAGACCTCTCAATTCTTGAAAAACAAACTGTCCAACCGCCACAGTGAACAGTCTCCTCTCCCGGCTAAGCCCATTTTAAACTCAAACCTTAGCCGGGAGCTCCCATGGAAACTCTTCCTATCCCACCAGAAGTAGAGATAACCAAAGAATACATTGACCCTGTCGTTTCCGTAACCTTTGAGAACGGCATTGAGCAAGTTCGCCAGCGCTGGAGCAGGCCTAAGATACTATTTAGAGTCAGTTTTTCTGACCTTCAGGAAGCAGAAAAGGAACTCCTAGAAAGCTTTTACGCCCGCCATCGCTGCTTTTCGCCTTTCCTGTTCCCCTACGAGAGCAAAACCTACACTGTCCGATTCAACAAACCCATTCAGGTGAAACAGACAGCTCCCAATCTCTACACCCTATCAGCCGAACTCATTGAAGCCTGGGGGGCAGAGCTGTGAGAACCCTAAGCCCAGCTGCCATCTTGGAGAAGAATAAGCTCTATGGGAACCCCTTCATTCTCTGCATAGACCTTGAACTTCCAGACTCCTCACACGTCCGCATCTGCCAGTACGACAAAAGAATAGTTGTTGGAGGACATACCTACTACCCCTTCCCAGTTCACCTCGGCGAGCTCAAAGAGAGTAACAAAGGAGAGCTAACGGAGCTCCCCATCCAGATTTCAAACGTTGCACAGGAGCTTATCCCCTACATTGAGCAGTACGACGGTCTTGTTGGTCAACAAGTGGAGCTCCTTTGGGTATTCCAGAACGGAAATAGCTATGAAGTTGCAATTTCGGATACCTTCCAGATAACTTCATGCTCCTATGACGAACGAACAATTAGCTTCAACCTCGGCCACTACAACCTTTTAGACGTCTTGATTCCGCAGCGCAAAGTTATAGAGCAATGCCAGTGGGAGTTCAAATCTCCTGAGTGTGGCTACACAGGAACAGATGCAACCTGTGGAAAGACTCTTTGGGACTGTATTCAAAAGGGAAACGAAAAAAGATTTGGAGGTTTCCCTACCATCCAGACAAATAGGATTTACCTATGATGACGGTCAATGAATTCATAATCAAGGCTCTGCAAATTCCCTACAAAAAATGGGGAAGCGACTGGAATGGAGTTGACTGCTACGGGCTTGTCCGTCTCTTCTATCGTGAAGTTCACGGCATAGAGCTTCCTGATATCAGAACCTACCGCTGGTGGGAGAGCTGGGAAAGGGTGAAGGAACCGCAAACGGGAGACGTTCTATTCATAAATCTTGAAGAGCCTCACATTGCCCTATACGCAGGAAACAACAGAATTCTCCACGCCCTCAAAAAGTACGGAATTCGCTTGGATAGATATAACGCCAATTGGCAAAAACTCACCAAAAGCATCTGGAGGCTCAAAAAGTGAAGCTCCTTGACAGAGTAGTTTCTCCAAACGAAAAAGGAAAAACCCTT
NZ_CP176813.1_gap22	999796	1001719	1923	TATGGAAAGGAACAAAGAAAGCAACAGTAATTGTTGAAGAAGGAGAGCAAGTCGACTTAAGGGTTACTGAACCAGAGTCTTACGGTGCTGCTCTTCAGTACTTTACAGGCTCAAAAGCTCACAATATTCACTTAAGAACTATTTGTCTTAAACAAGGATATAAACTTAATGAATATGGATTGTTTAAAGAAGAAGAAAAAATAGCTGGAAAGACCGAGGAGGAAATATATAGAGCTCTTGGAATGGAAACTCCTCCTCCTGAGATAAGAGAAGATACAGGAGAAATCGAAGCAGCTTTAGAACACAAGTTACCTAATCTCATTGACTACAAAGACATAAAAGGAGACCTTCATATCCACTCAAACTGGTCAGATGGGGTTTCGACTATTGAAGAGATAGCACTAAAGGCTTTAAAAATGGGCTATAAGTACATGGCCATAACCGATCATTCAAAATCCTTAAAAGTTGCCAATGGCCTTTCAGAAGAAGATGTCTTAAGAAGAAATGAAGAGATAGATAAGTTAAATGAAAAATTTAAAGGAAAAATAAGAATCCTTAAAGGAATGGAAGTAGATATTCTCCCTGACGGAAGTCTTGACTATGATAACAAGATTTTATCTCAACTAGATTTTGTTGTTGCGGCTATTCACTCTCGATTTACTCAAGATAATACAGAAAGAATAATAAAGGCAATGGAAAATCCTTATGTTAATGCAATAGCTCATCCAACAGGAAGACTTATAGGACAAAGAGAAGGATATCCTCTTGATATTGAAGCCATAATGAAAAAAGCTGCTGAAACTGGAACAGCGCTTGAAGTTAATGCTTACTACAATCGTTTGGATTTGAAAGATATTCACTGTCGATTGGCGGTTAAATTTGGAGTAAAGCTTGTAATAAGCACAGATTCACACCACGTTGATCACATGTGGATGATAAAACTTGGAGTTGGAACAGCAAGAAGAGGATGGGTTAGAAAAGAAGATGTCATAAATACGAAAAATCTGAAAGATCTCCAAAAATTTCTAAAGGAAAAAAGAAGAAAATTTGAAACTAAATAATTAGGGAAAACATTGTCATTCTGACTTTGATGACTATATTTAACTTTCGCATGGAGGGGTGCCCGAGTCTGGCTGAAGGGGCACGACTGGAAATCGTGTGTACCCCCACAAGGGGTACCGCGGGTTCGAATCCCGCCCCCTCCGCCATTAGTTCATTAAACAGGAAAAAGTGATTGGCCGGGTCCTCCACAACACCCGGAAGGTGAACCCCGCCAGGCCCGGAAGGGAGCAACGGTAAGCCTGAAGGGTGTGTGTGGTAAGGGTCTGGCCTTTACATATCTAACATTTTAAATGTTTCACCATTAAAACTTCTGAAGATGTAAAAATTCCCTTCCTTTTTATATCTATCTGGAAGTATTTGAACTTTTCCTTTTCCTCCTGGTCCATCTACTGCATAGTAAGGTATAGCAAAGGGAGAAATTCTCTTAAAAAGTTTTTCTAAGATTTTTATCCCTTTTGTTATAGAAGTAGAAAAGTGCATTACCCCCTTTACAGGATCACAGTGAAAGAGATAGTAAGGTCTTACTTTTATTTTTTGAAGATTTCTAAATAGTTTTTCTAAAATATCTGCAGAATCATTAATTCCCTTTAAAAGAACTGTCTGATTATTTACAGGTATTCCGGCTTTTAGAAGATTCTTTACAGCTTCTTTTGAAAGTTCAGTAATTTCATCAGGATGATTGAAGTGTGTATTCACCCAAACTTTTTCTGCCTTTTCTAAAACTTCGAGTAAATCATCGTCAAGAAGTCTATGAGGTAAAGTTACAGGAGCTCTTGTTCCTACTCTTACAACTTCGACGTGGTCAATAGCTTTCAAACCAAAAAGAAGTTTCTTTAACTTCTCAATTGGTAAGAATAAAGG
NZ_CP176813.1_gap23	1175241	1179179	3938	GCAGAATCACTCCAAGTTTTTCAAGTTTTCCCTTGTTTTTATCAAAAATCTCAACTTCAGGATGAACCATTGAATAACTGCCCATTTCTCTTTTTACAATTCCATATGCAAGGACTTCTTTTTCAAGCTCTTTTGCCTTTGAAAAGAGCATTTTATAGTAGTTAAGGACTCTTTCTTGAAGAAATATTAAAGTAACTGTTCCAGTCTTGTCGTATAAGACAACTTTTAAGATTTTCTTTTTTTTCTTTGAAGTTTCAATAACTAATACATTTACGACTTTTCCCTTAACCAAAAAAACTTGGCCGGGTTTTAAAAAGCTCATAGGAGTAATAGTTGTTCTATCTTCATATCTAAAAGGAAGATAGTAGATGGCATCTAAGATGGTTTCTATGCTTAGTTTTTTAAGTCTTTCAACAGTTCTCTTTTTAATACCCTTGATAGTCGAAATTGGCTGAAAAAAAGCCTTTATAGGATACGTCTTCTTTCTTTCAAACTTTTCCTGACTGGAAATTATTCTCTCTTTAGGAATTTCTTCTTTTCTTGCTTTTTCTATTTCTTCTTCAGAAAACTTAAGAAGTATAACAGAGTGGAGCTCTTTAAAAAACCTTTTTTTCTGCTCTTTTGAAAAAGAATCGTAATTTTCAAAAAGTTTTAAGACCTTTGAAACCCACAACTTTCTTTTCTTATCAAGATGAGGGTAGAGCTCTTTTAAAAGATTAGAAACAGTTTTATCTGGATTCTTAATTCTCTCAAAGTATTTAAAATCATCTTGAACAATAAGATTTAATAAATCCTTTAATCTCCTTAGTAGTTTTCTCATCAAAATCCCTTAATCAAGTTTTTAAGCCTATATTTTAAGTTATGTATGTGGTTATTTTATTTGCTATTATTTCTTTAAAATTTAATCTCAAACCTTAAGGGAAGGAACATGAAAAGAGCTCTTTATCTATCAACTGCTTTATTGGTTTTTTCTTCATGTGCCACTCTTACGAAAAAAGAAAGCACAACCACTGAAAAAATAAAACCTGAAAAAGAAAGAGTAAAAAAAGAAACTGCGGTATCACCGCTGATTAATCAGAACGTAAAAAAGGAAAATTATAAAGCTGAACCTGGAGCTGTTTACTACTACATGCTGTTTCTCAACGAAAAAGAAAAGGGTAATTTTGAAAAAGCTTACAGAGCAATCAGAAAAGCCGTTAAAAAAGATCCTAAAAATATCAACTATCTCTTGGAGGCAGCAAGATTTACAGCTAACCTAAAAAAACTTGAAGATGCTGAAGAGTTTGCCAAGAAAGCCCTATCTATAGATCCTAAAAACCCTAAAGCTCTAAAGCTTTTAGCTGGAATTTCCATTATAAAAGGAAATAAGAAAGAAGCAGAAAGATACTACAAAAGAATTCTATCTACTGCTCCTGATAAAAGCACTTACATAATGCTGGCAAACCTATACATTAATGAGAAGAAATACTTAAAAGCTCAAAAACTTCTTACTGAAGCCTTAAAAAAATATCCTTCAGATTTTCTAATCAATTATTTTCTTGGAGAAGTTTCCTTTCTTGAAGGAAAAATAAATACTGCAAGAAATTACATAGAGAAAGCTATTAAACTAAATCCTAACTTTGAAAGCGCTTATGTTTTACTAGGAAAAATTTATCTTAAAGAAAAAGACTATAAGAAAGCAGAAAAGTTCTTAGAAAAAGTCTTAGATAAAAATCCAGATAACATCTATGCATTGAAAGAGATTTTTATTATCTACTTAAAGCAGAATAAGACTAACGAAGCACTCAACGTAATAAACAGATTAGTAAAGTTAGACCCTTACAATTTAAGGCTTCTTTCTTGGGTTGCTGCAAGCCTTTTTGAAATGAAAGAGTATAAAAGAGTTATACCTCTTATAGAACGTATCACAAAACTTAATCCTGATAATCCAAACGTGTACTTTATGCTTGGACTTGCCTATGAAATGTCTGGAAATTACGAAAAAGCATTGGAAGCTTATGAAAAATCTCTTGATCTTTATCCTGAAAATCCAACCGTTTTAGAAAAAACAGCCTTTCTTCTTTATAAAATGAATAAATTAAACGATGCAAAAGCATATTTTGAAAGACTTTGGCAACTTACAAACAAGCCCGGATATCTTATTCAAGTTGCAGTAATTGACGATAAAGAAGGAAATACTGAAGAAGCGTATAATCTTCTGAAAACTTGGGAAAAAGACTTGAAATACTTTGGAGATCTCTATTTTTATCTTGCCTACTTTGCCGAAAAACTTGGAAAAGATAAGGAAACAGAAGGGTACCTTAAAAAGCTCCTTCAGATAGAACCATCTCCCGATGTTTATAACTACCTTGCTTATTTTTATGCTAACAGAGACATTAACTTAGATGAAGCAGAAAAACTTGCTGAAAAAGCTCTCAAAGCAGAACCAGAAAATCCTGCATTCCTTGATACCTTAGGATGGGTTCTATACAAAAAAGGTGATTATAAAAACGCATGTAAATACTTAGAAAAAGCATTGAAATTAAAACAAGATGATCCTGTAATAAGCGAACACTATGGAGAATGCCTTTATAAGATAGGAAAACTTAAAGAAGCTGAAGAATATCTTCTTAAAGCCTCTTCAAAAATAGAAAAAGATCCTTCTATTCAAAAAGAAGAAAAAGGCATTCTTCAAAGAATAAGAAAAATTTTAGAAGAAATAAAATCAAAGGAGGTTCACAACAGTTGCTAAATAGTGCACATTACAATATATTTCAGCACAAAACGAATACGGAAAAAAACAGATGATAACCATCCAGTGTAGACTGGAACTTGAATCTGTAGAAGATGAAACAAAAGTCTTAGAGTTCCTGCGGAACTTTTCCTCCTGCATGCGATATGCATACAACAGACTTCTTGAAGGAGTAAGCAGAAAAGAACTGAAAAAACACCTACAACTGGTATTTCCTCTCAATTCAAGATACTGCGACGATGCGATACTGAAAGCTAATGAAGTTTTGAAAAGCTGTAAGGAAAGGAAACAGAACCCTAAGAAGCTCGTGTTTGGAAGCAGAAAACTGTTTGAAAAGCTCTCAAAAAAGCATCTTACAGGAAAGAGAAGAGAAAAACTCAAAAAAGAGTGGAAAGAGAAAAGACAAGGAACAGCATATTCAAGAGGAGATAAATCAAAGAAAGGGAACTTAAACCTGAGATTTGTTTTCATAGATGGAAAACTTTACTTGAGAATAAATACAGGTAAAAGGAACTATACTTTCGCAAAGGTTCACAGAAACGTTCAAAAGGGAAGAGCACAAAAGGATAAGTGGGTTAACTTCATTAAGAATCTGCTTATAGGAAAAACTACAGGAAAGTACGTTTCCTATTCGGTTGAGCTTAAAAAGAGAAATGGAAAGATTTATGCGTTTGTTAGCTTTAAAGAGAAAATTCCTGAAATCTCAATAGCGAAAGAAAATGGAGTTATAGGGATAGACGTAAATGCAAGTCTGTTTCACATAGCTTATGCAGAAGTGAAAGAGGATGGGAATCTTAAGACTTTTGGAAGGATGAGCTTAAATGAACTCATAGGGAAGAGCAAAGGAGAAAGAGAAATACTCTCCTGGAAAGTTGCTCACCAGATAGTCAACTTAGCAAAAGAGAAGAGAAAAGCGATAGTGATAGAAGACCTCAAAAAACTACCCAGAGGTAATAGAGGAGACGGAAAGAAGAAGCTGAGGAAAAGATTTCAGCAGTTTATCTATAAAGGAATACTTCAGAAGGTAGAAGTTTTAGCAAAAAGAGAGAGAATAGAGGTTATCAAAGTAAATCCAGCGTTTACTTCAGTGATAGGACAGCTCAAATACGCTCCTCAGTACAGAATAGATAAAGATGTTGCAGGAGCGTTTGTAATAGGTAGAAGAGGGATGGGATTTAGAGAAGAAATACCTGAGAATTACCTGAAA
NZ_CP176813.1_gap24	1314274	1318830	4556	TTCTTGCGTTTGTTCTGGTTCTTTGACCTCTAACAGGAAGGCCAAGTCTGTGGCGAATACCTCTGTAACATCCAATTTCCATAAGTCTTTTAATGTTCATTGCAATCTCTTTTCTGAGATCTCCTTCAACCTTATACTCCGTTTCAATAATTTTTCTAATTTTGGCTATTTCCTCTTCAGTAAGATCCTTAACTCTTTTCTCTGGATCTATTCCTGCCTCTTCACAGATCTTGAAACCTGTCTTAATACCTATTCCATAGATATAAGCAAGAGAATAAGGTACTTTTTTATTATCGGGAATATCTACTCCTGCTATCCTTGCCACAGCTTTCCTCCTTACTTACCTTGTCTCTGTTTGTGCTTTGGGTTTTCACAAATAACCCTAACAACACCTTTTCTCTTAATAATTTTGCACTTCGGGCAGATCTTCTTTACAGATGGCCTTACCTTCATCTGCTACCTCTCCTTAAAACTTTTTTCGTGCCTTCAGCCGCGGGTTTATATAAAGGGACGGTTTAACCTTTTCTATAAATAATCCTTCCTCTTGTTAAGTCATAAGGACTAAGCTCGACAACCACACGGTCGCCTGGCAGAATTCTAATAAAATGAACCCTCATCTTTCCTGATGCATGAGCAAGTACTTGATGCCCGTTATCAAGTTCCACCTTAAAGTAAGCGTTAGGTAAAGCTTCAACTACTTTACCTTCTACTTGAATGCCCTTTTCTTTTGCCATCCTCTCTCCTATTAATTAGGTAATTAAGAACAAAAATTTTTTTAATTTTGAAATAATCAAATTGCGGACATAATTATAGTCCCATCTTCTGTAATAGCAACATCATGCTCAAAATGAGCAGAAAGTTTACCGTCTTTAGTAACTACCGTCCATTTATCTCTTTTCACCTTTACCTTACCAGTCCCTTCGTTTACCATAGGTTCAATTGCAAATGTCATTCCTGGTTCAAGGGTAATATCCGGATAACCTTTGTAAACATAGTTTGTTATTTGAGGTTCTTCGTGTAAAGATCTTCCAATCCCATGACCAGCATAACCACGAGTTACGTTAAATCCATTAGATTCAACATAGTTTTGAATAGCACGAGATATATCTATTAGCTTTCCACCTGCTTTTGTAGCCTCAATACCTTTATAAAGAGATTCCCTAGTAACATTTATAAGTCTTTGAGCTGTTTCACTTACTTTTCCCACTGGAACAGTTACTGCAACATCTCCTATCCAACCATCAACGATAGCTCCAAAATCTAGACTTACAATATCTCCTTCTTTCAGGACTTTCTTTTTGGTTGGCAGTCCGTGAACAACTTCTTCATTGACAGAAAAACAGATAGCTCCTGGAAATCCTCCATAACCTAAAAAAGCAGGTTTAACTCCATATTCCTTACATAAACTCCTTGCAATTTTATCTATATCAAGTCCTGAAATACCTGGAGCAATCTGCTCTGCAATTTTAAGGAGGATTTCCATTGTGGTTGCGGCAGCAGTTCTAAGCTTTGAAATCTCTTCAAACGTTTTAAGAATTATGCCGTTTTTCTTCTTTAGTTTAATCTTAGCCATTTAGACTTAAACTCTCCTCAATTCTTTTTGTAATTTCATCAATATCTCCAACACCACATATTTCTACTAAAATGCTCTTTTTGAGATAGTAATCAATAAGAGGAGCAGTTTGTTTTCTATAAACTTCAAGTCTATTTCTTATCACATCTTCAGTATCATCAGCTCTCCCACGAGCTAAGAGCCTTTTTACAATCTCTTCATCATCAACGTTAAGATAGATAACTTTATCAAGAGGCATATTAAGTTCAGAAAGCATCTTATCTAAGGCTTCTGCTTGAGGAAGAGTTCTTGGAAAGCCATCAAGAATAAATCCTTTTTCTTTAACGTCAGGTTGAGATAGCCTTTCTTTAATAATTCCAATAATCACATCATCTGGAACAAGTTCACCCTTATCCATGTATTCCTTTGCAAGTTTTCCAAGTTCTGTACCTTCCTTTACAGCGGCTCTTAATATATCCCCCGTTGAAATATGAGGAACGTTATATTTTTCAGCTATTCTTATTGCTTGTGTACCTTTTCCAGCTCCTGGTGGTCCTAAAAAAACAACTTTTAACACGTTAACCTCCAGCGCCTAATTTCAGTTTCTTTTTCTTTCTACCAAGAAATCCTTCGTAAGAAATAGAAAGCGCATAAGCTTCCATCCTTCTTAGTGTATCAAGAGCAACTCCAACAACAATCAAAATTGCTGTTCCACCAAAATAAAATGGAAGTTGCATTTTTTGCGTAATTATTAGTGGGACAATAGCAACTAGCGTAAGGAATACTGCACCGGCAAAAGTAAGTCTTGAAACAATCTTATCTAAGTATTTTGCTGTATCTGTTCCTGCCCTTATTCCAGGAATAAATCCACCGTGCTTATTTAGGTTTTCAGCTATTTCTTCTGGGTTAAAGATTATTGCCGTATAAAAGTAAGTGAAGAAGAAAATGAGCACAGCATAAACGATTAAGTACAAAGTACTTCCTGGTTGAAGAGCATCATAAATTGCTTGAGCAATAGGATGATGAATGAATTTAACAATTGTGGCTGGAAACATGAGAACTGAAGCTGCAAAGATAATAGGAATAACGTTAGCAGGATTTAGCTTTATAGGAAGATAACTTGTATATTTTCCAACAGCTTGCCTTCCAACATTTCGTCTTGCATACTGAAGAGGAACTCTTCTTTCTGCTTCCTGTATATATACAATGGCTGCAATCATAGCTAAAATAATTAATACAATGCCAATTATCTTGAAAAGAGATATTTCTCCATTTTTAAATAGGGTAAAAGTAGTAATAGCTGCATTTGGAATACTTGCTACAATACCTGCAAAGATCAAAATAGACATTCCATTTCCAATGCCTTTTTCTGTTATCTTTTCTCCTAGCCACATAAGGAACGTTGCACCAGCAGTTAAACACGTTACACAGACAAACATAAAAGTAAATCCTGGATTAGGTACCACAGGGATGCCTGATGGACTTTTCATACTCTCAAGTCCAATAGCAATACCCAAAGCTTGAATAAAGGAAAGGAGAACAGCTCCATATCGAGTATACTGATTTATTTTCCTTCGTCCGTACTCACCTTCCTCTTTTGCAAGCTTTTCAATTGAAGGAATAGCAACAGTTAAAAGTTGCATAATAATGGCAGAACTAATGTACGGCATTACACCTAGAGCAAAAATTGTAAGCTTACTTAAAGCACCTCCAGAAAAAACATCCATAAAGCCAAAAACAGTACCTTGAGCTCTTTTGAAAAATTCAGACAAAGCTATAACATCAATTCCAGGTGTAGGAATATGTGCTCCTAGCCTATAAACAGCCAGGAGCAACATCGTAAAGATAAATCTTTTTCTAAGCTCAGGAACCTCTGTTACATTGAAAAAAATCTTTGATAGGTTCATTCTCTACCCCTAAGCTATCTCCTCGCAGATACCACCTGCTGCTTCAATTTTTTCTTTTGCAGATTTGGAGAACTTATGAGCTTTAACTGTAAATTTTTTGGTAACTTCTCCATCTCCAAGAATTTTTACAGGAAGATTCTTCTTAATAAGCCCTGCTTCTTTGAGAGTTTCAGGAGTAATTTCAGCTCCTTCTTCAAATCTTTCATTTATATCTTTAAGATTAACAATTGCATATTCTTTCTTAAATGGAGCGTTTGAAAAACCTCTCTTTGGAAATCTCATATAAAGAGGAGTTTGACCACCTTCAAATCCTGGTCTTGTTCCTCCTTTCCATCCAGATCTTGAAGTTTGTCCTTTTTGACCTCTACCAGAAGTCTTACCGTGACCAGAACCGTGACCTCTACCTACTCTTTTCTTTTCTTTAACTGCACCTTCATTTGGTTTAAGATTATGTAATTTAAGTTCCATCTTACTCCTCCACTGGTTCGAGCTTAATAAGTTCTCTTACCTTTTCAATCATTCCATTAATTGCAGGGTTAAGTTCTTTTACAGTGGTCTGTCCTCTTTTATGTAGACCAAGAGCCTCAAGAGTTGCTCTCTTCTTTTTGCTCTTCCCTGCAAGTCCTCTAACAAGAGTTATCTTAACTTTGGCCATAATTACCTCCTAACAATCTCTCCTTCCTTGGTTATCTTCCTTCCTGGAAGTTTCCAACGTCTCCTAAGTTCTTCAACAGAAATCCCTCTTAATTGTGCAAATTCTTCTGGAGTTTTGAGCTGTTCAAGTGCTTTAAGAACAGCTCTTACAACTGTATGAGGATTTGTAGAACCAATAACTTTTGTAAGAATGTCTGTAACTCCAGCAGACTCAAGAACCGCACGAACTGGTGCAGATGCAATAACTCCTGTACCAGGAGCAGCTGGTCTCATGATTATTCTTGTTCCACCAAACTTAGCTTGAACTTCAAAAGGAATAGTTCCGTCTACAACAGGTATTTTTATTAAGTTCTTTTTTGCATCTTCAGTAGCCTTTCTAATAGCATCTGGAACTTCAGCAGCCTTTCCTCTACCAAAACCAACAACTCCATCTCCATTTCCAA
NZ_CP176813.1_gap25	1414880	1418327	3447	GATACAGGAAGCAAATTAGGATTTTTGATTGCTACTGTCGATTTTGCTCTTAAAAGAAAAGATTTAAGAGAACCATTTTTGGAATTTTTAAGAGAAAAAATTAAAGAGGAGAAGGATAATGGCTGAAATGATACAGCCTCATGAACAAAATGAGACAAGATTTCCTGAAGAACTTCCTGTTCTTCCCTTAAGAGATATTGTTATCTTTCCAATGATGATAGCTCCTCTTTTTGTTGGAAGAGAATTTTCACTTAATGCTATAGAAGAATCTCTTAAGGAACACAAGTTAATTTTCTTATTAACACAGAAAGACAAAGAAACAGAAGAACCAACCCTTGAAGACCTTTATGAATTTGGAACAGTGGCCGTCGTCCTTAAAGCAATGAAGATGGGAGACGGTCGAGTAAAAATTTTAGTTCAAGGACTTGGAAGAGCAAAAGTTAAAAAGTTAGAAAAAGAAGACGGCTACTATAAAGCTACTCTTGAACACATTGTTGAAGAAGAATATACTCCCCAATCTCTTGAGGAAGAAGCATTAATTAAACTAGTAAAAGATCAAATAGAAAGAATTGTTGCACTTGGAAAGCAAATTCCTCCAGATATGGTTGCAATTCTTCGTTCGATTGAAGATCCTGGAAGATTAGCTGATCTAGTTGCTGGTCAGATAGAGTTATCAACAGAAGAAGCAATGGAACTCCTTTCCATTACTAATCCTATAGAAAGACTTAGAAAGATAAGTGAAAAATTGGAACACGAGATAAAAGTCTTAGAAATTCAGGAACTGATAAGAACAAAAGCTCGAGAATCTATGGAAAAAGAACAAAAAGAATACTTTTTGAGACAGCAACTTCGAGCAATAAGAAAAGAACTGGGAGAGGAAGAAGAAAGAACAAAAGAGATAGAAGAGTACAAGGAAAAGATAAGAAAGGCTAAAATGCCTCAGGAAATAGAAGAAGCAGTTTTAAAAGAGCTCTCCCGCCTTGAAAAAATGCATCCGGAATCTGCAGAAGCAGCGGTTCTCAGAACTTATATAGAATGGATGATTGAACTTCCTTGGTCAAAAAGAACAAGAGATAAGTTAGACATAGAAAAGGCTAGACAGATTCTGGATGAAGATCACTATGACCTTGAAAAGGTTAAAAACAGAATTTTAGAGTATTTAGCAGTAAAGGCTCTCATAAAGAAGAGGAAGAAAAAAGTAAAAGATGCCAAGCAACCAACAATTTGTTTTGTAGGTCCTCCTGGAGTAGGAAAGACTTCATTAGCACGTTCTATAGCAAGAGCTCTTGGTAGAAAGTTTGTAAGAATCTCCCTTGGTGGAGTAAGAGATGAAGCAGAAATAAGAGGACATAGAAGAACTTACGTAGGTGCAATGCCTGGAAAGATAATTCAGGCACTTAAAAAAGCTGGAACAAAGAACCCAGTAATTCTCCTTGACGAAATAGACAAAATGGCTTCAGATTTTCGAGGAGATCCTGCCGCAGCTTTACTTGAAGTCCTTGATCCAGAGCAGAATAGAGAATTTGTCGATAACTATATAAATCATCCTTTTGATCTATCAGAAGTTTTATTCATAGCAACAGCAAATACTCCACATACGATACCAGAACCTTTATACGACAGACTTGAAGTGCTTAATCTTCCCGGATATACCGAATATGAAAAACTCCAGATTGCCAAAAGATATATAGTTCCTAAGCAGATGAAAAATCATGTACTTACAGAAAACGATATTGAATTTACAGACTCAGCACTTCTTCACATAATAAGACATTACACAAGAGAAGCTGGAGTAAGAAATTTAGACAGAAAAATAGCAGCTGTTTGCAGAAAAATAGCTTTATGGATCAGTGAAGGAAAAGAAAAGAAGTATAAGGTTACAAAGAAATTGATTGAAAAAATACTTGGAGCTCCAAAGTTTGTTCCAGAGCTTGAACTTGGTGAGGACGAAGTAGGAGTAGCAACAGGACTTGCTTGGACTCCTGTTGGAGGAGATGTCCTTTTCATAGAAGTTATCGTTACAAAAGGCAGTGGAAGACTTATTCTTACAGGAAGGCTTGGCGACATTATGAAAGAATCTGCTCAAGCAGCTCTCGGCTTTATAAAGGCTAATGCAGACAAGTACAATATCAAACATGATTTTTCGAAAATAGACATTCATGTTCACGTTCCGGCCGGAGCAATTCCAAAAGATGGTCCTTCTGCTGGAATAACTATTGCAACTGCAATGCTTTCGGCACTAACAGAAAGGAAAGTAAGAAAAGAAGTTGCAATGACTGGAGAAATCACTCTTGGTGGAAAAGTTTTACCAGTTGGTGGTCTAAAAGAAAAAATTCTTGCAGCTTTAAGATATGGTGCAAAGACTGTGCTACTTCCAGAAAAGAACAAAGCAGAAGTAATGGAAGAACTTCCAGAGGAAGCCAAGAAAAAGGTAAATCTTGTATTTGTCGATAGAGTAGAAAAGGTATTTGAGCTTGCTCTCTATCCAGAAGAAAAAAAGTCAAGGACAAGAACTAAAAAGAAAAAATAAGAGTGTAGGTTCGTAGCCTACACTCTTATTTTGGAGTAAACCTTGGAAGTTATCAAAACTGATGATGGTTCTTTTACTTTCTTTTCAGAAAAATTCAAAGAACCATACCATTCACTTACAGCAGGAGCTTTTAAGGAAGCAATAGAAAAGTTCTGTAAGCCTTGCAAAATTTCGGAAAAGGCAAAAAGAGGAAGTGTCAACCTTTTTGATGTTTGTTTTGGACTTGGTTATAACACAACTGCATTTCTTGAAACCGCTTTTTCCAGTAATACTAAAGTAAAGATCTTTATAGTTGGTTTTGAGATTGACATATCAGTTATAGAAAAGTCCCTTAGAGTTTCTTGGAGTAAATACGAAAGATGGAAAAACATTATCAGAACAGCTTTAAAAAACAAAAAATTTGATAATGGCTTTCTAACACTAAATTACTTTTCTCCACAGATAAAGCTTAAAATCTACATAGGTGAAGGAAGAGAAGTAATAAAAAGAATTTATCGAAAGTATGAACGGTTTGCTGATGCTATCTTTCACGATCCCTTTTCTCCAAGAGTAAATCCAGAACTTTGGACACTTGATTTCTTTAAAAAGCTAAGAAACATCATAAAAGAAGATGGTGTTTTTGCCACCTATTCTGCAGCATCTCCCATTAGAAAGGCTCTTTGGATGTCAGGATTTGGAGTAAAAGAAGGAGTGGCTATTGGAAGAAAATCTAAGTCAACAATAGCTTCTCCTTCTTTTAAAACAGAAAAAAAACTTTTAGAAAAATTTTTAACATCTATAAACTCTACTCCCTATAGAGATCCCAACCTTAAAGATCATCCAAGTCTAATAAAATCACGAAGAGAAGGATGCATATGGTTACAGAAAAAGTTACATCCTGTAGCGTCTATCTATTAAATAACCTAAATTAAAGATTA
NZ_CP176813.1_gap26	1530964	1531673	709	TCTTAACAACTATTTCAGGTTGAGAAACTACCGAAAAAGAAACAGTAGGTGCATAAAGTACTAACTCTTTAACTTTTTGGGAATAAAAAACAGCAGTTAAAGCAGCAACAGAAGCACCTAATGACCAACCAATAAGAGTAGAACCAAAAGGTATGAATTCTCCTACTTCTTTTGAAAGATTTAAGATGTCTGTAGATTTAAATGGAGAAATTCCATGCCCAGGTAGAACTAAATGAACTGCACTCTCAAAAGAAGAAATAGACCAGATGGAGCCATCAAAGCTCCATCCGTGAAGAGTGAAAACTTTATCCATATCACTATGCCGCTTTCTTCTGATCTAATTTTCCTTGTTTCATCTGTTGGAATAAATAAAACTCTTTAATAACCTCGATAGCTCTTCTTAGCTGATTATCGATTCTCTTTTCTCTTTCCTTTCTTATTTCCTCTGTCTTCTCTGGATGTTCTTCTATCTCTTTTGCATCTTCCTTTAACTGTTCTATGTCTTCTTTAGAAAGTTTAACCTCAATATCAGGTTCTATTCCTTTTCCATCTATACATTCGTTATTTGGCATGTAGTATTTTGCAGTTGTTATCTTTACAGCGTATCCCATTTCAAGTGGATAAAGAGTTTGAACAGAGCCTTTTCCAAAAGTCTTTTCGCCTACGACGATAGCTCTATCGTTATATCTGAGAGCTCCCGTAAGAATTT
NZ_CP176813.1_gap27	1543713	1546540	2827	GAGCAACAATTTTTCCATTTTCTTTTAAGAACTTTTTAGCTACAGGTAAGATTTTTGTAAGAGAAATAAAAGAAACGTCAATCACTACCAAATCAACTTTCTCAGGAACTTCTTTTTCCGTTAAATACCGAGCGTTAAACTGTTCAATGGAAATCACTCTTTCATCGTTCCTCAGTTTCCAGTCAAGCTGCCCCCTTCCAACATCAACAGCGTAAACTTTTTTAGCACCGTGCTGCAAGAGACAGTCGGTAAATCCACCGGTGGATGCTCCAATGTCAAGACAAGTAAAATCTTCTACTTTGAGTTCAAACTCTTTTATAGCAGTTTCAAGTTTTAAACCACCTCTTGAAACGTAAGGAATATCGTCCCCTTTAATTTCTATAACAGCGTCGGGAGGAACCGACGCCCCAGCCTTATCAACCACTTGCCCGTTTACCAAAACCTTTCCAGCCATTATGAGAGCTTTTGCCCTTTCTCTACTCTTTACCAGTCCCTTTTCTACAAGAAGTTTATCTAAACGTTCCTTTTTGCTCATATTCCCCTTCTTGAAGTTTCTTAATTTAACAATCTCATTATGTCATTGTAGAAAACAATAATCATAAGAAACGCAAGGATTGCAAATCCAACCTGCTGAAATCTTTCCCTAAATTCCATTGAAAGAGGTCTTCTCCTTATCATTTCTATAAGAAACATCAAGATAAGTCCACCATCAAGAACTGGAAGAGGAAGAAGATTAAAGTAACCAAGCTGAAGACTTATAAAACCCATAAAATAGAGGAAATTTGATATACCAGCTTCTGCTGCCTTTCCTGCAACTTCAGCAATCATTATAGGACCACCAAGACTCTTCATAGAAGCCTGTCCTGTTATTAGCTTATAGAGAAAAGCAAAGAAAAGTGAAGTCTCTGCTTTAAATTCTTCAACTCCTTTTTTTATTGCCTCTATGAAAGGATATTTAACAAATGTCATATCCATTTTTGGAACAATACCAATGGTATAACGTTTAAATTTGTCGTTAAACTGAGGAGTAACAGAAACTACAACTCTTTTATCTTTTCTAAGAACCAAAATTTTCAAAGGTTTTCCATCACTTTTACCAATTATTTTTACAACTTGTTCCCAGCTCACTATGTCTTTTTCGTTAATTGAAAGAATTATATCTCCAGGCTTAAGTCCTGCTTTTTCAGCAGGTGAACCGGAAACAACCTTTCCAATTATTGGCTTTATAGCAGGAACAACATCAAGAGTACCAATCCCATTTTTCTCCTCAATTCCTGTATGAACTTTTAAATCCAAAACTTCTCCATTTCTTTTTACTTTAAGAAGTAAATCTTTATTTGGATTAAGAGCTACAATCTGTGTAAAGTCTTTCCAGTTTTTTACAGGTTCACCGCCAGCAGAGATTATTACATCCCCAGGTTTTAGAGGAATTTTTTCTGAAAGAACTGTTCCAACCTTTGCCATTTCAAGTTGATATGTAGGAACGTAACGGCCTATAGAAAACGTAAAAGCAAAAAAAGCAATTGCAAGAATAAGATTCATTATAGGTCCAGCAAGTGCAATAATTATTCTCTGCCATGGAGGTTTAGCATAAAAGTCATAAGGGTTTTTTGCAGGTTCGTCTGGATTTTCTCCTGACATTTTTACGTATCCGCCAAGAGGAATAAGACTAATTGTGAACTCTGTATCCAAGCAGTTAAACTTAAAAAGTTTAGGCCCAAAACCAATAGAAAAAGTTTCTACTTTAACTTTGAAAAATCTTGCTGCCAGAAAATGACCAAGCTCATGAACAAAAATAAGAACTCCCAAAGCTATAATGAAGTAAAGAAGTGTTTGCATATAACCTCCTTTCTCTAATTTGTTAGCGTTAATGCAATGTTATAATCTACCCAGGTATTCCTTTTGACTATCAGATGTATCAAAATGTGGTTAAATTATTACATAACTGGTAGTCAAAAAGACTCAACCCTGCACGAAGCGAACTACTACTCCCTATCCCTCTTAAAAGGGACTCAGGAGATACTTTGTATAAGAATTCTATGAGTCTAAACTTGATAGGATTGCAAAGTTTAGTGATTAAAACCCTCTGGTTTTCAATCAGTCTCAGGGAGCTCTCTCCCACTCTTACTATGTTGTATGCTCCTACAAGGTCTGCATTGAAAAATGCTCCTGAAACCTTGTCTTTCAGTAATCCCCTAAATCTTCTTACTGCTTTCCGTAAGCTTTTCAGTTGATTTAAAATCTTTCGAAGTAAAGTTTTATCCTCTTTCTCCTTCGCTTTTAAATACTTCTTCCCTATCTTCCTGACTTCAAATATGTCTGCAAACGGGGAGGTCTTTGAGGTAAATGCTTCACCTATCTCTTCTACCTCTATCCCAAGTTCCTCTGCTTTGTATTTAATGAGCTCAATTAGTTTCCTGAACGGAATCGATACAAAATGCTGGTTGTTCTTTTTCCCTATGTTTATTCCATCTTTGCTCTCTGCTGCTCCCTTCCCTATGTAAAGCTTTTTGTGGTCTGTTGCTTTTAGAATGTCAACCACTTTTCTGCTTATCTTGTGGAAGTCGTTGCCTATCCTTCTTTTTCTGTATGCTGACAGCTCTTTGAGTATTATGAACTTCTCTGTAAGAAGTCGTTTTAAGTTCTGTGCTTTTTCATCTTCTTCTACTTTTAAAAGTTTGTTCCTGATAGTGTCTATCTCTGACTGGAGTTTAGCTTTTTCTTTGTTAAACCACTGGTTGAATGCTTTTATCTCTTTCCCCGAAACTATTATGCTTTTGAGATTGGAATTGGTAGAAACTAAAGCTATCAGGTTATTGAGTCCCAA
NZ_CP176813.1_gap28	1561859	1562359	500	GCAGAAAAACATTCCAAACTTTATAGAAGCAGCAAAAATTCTTATCAAAAGATATCCAGAAGCTAAGTTTGTTGTAGCAGGAGAAGGAAAGCTAAGAAAAGAGCTCCAGTCGTTAATAGAAAGGTTAAATCTACAGAAAAACTTTAAACTCTTAGGCTTTAAAAAAGATATTCAAAACTACATAAAAGCATTTGACATATTCGTTCTTCCTTCAGATTTTGAAGGGCTTGGAAGTTCTATTCTAATAGCAATGTTTCTGAAAGTACCGGTTGTTTCAACGGATGCCGGTGGTACCAAAGAAGTTGTAATTGATGGAAAAACAGGAATTCTTGTTCCAAAGAAAAATCCACAAGCTCTTGCAGAGGGAATTTTAAGACTTTTAAAAGATGAAAAGCTAAAAGAGCAAGTCACTTCAAATGCCTACAGTATGGTTATAGATAAGTTTTCTGTTGATAAAATGGTAGATGCATATATCGCTCTTTATGGAGAGGTAATCAAAA
