gap_id	start	end	length	sequence
NZ_CP176591.1_gap1	1384	3931	2547	ACTTTTAAAAAGCATTTCACATTTTCACATTGCTTATTATTATGATAAAATAAATTTAAAAAACAAAGGAAGTAAAAATGAAAATTAGCATTAATAAAAACACTTTAGAATCTGCCATAGTTTTAACTAATTCTTATGTAGATAAAAAAGACTCAAGCAATATAGCTTCTCACTTACTTTTTGAAGTAGTTGAAGATAAACTAATCATAAGAGCAAGTGATTATGAAATAGGTATTAATTATAAAATCAAAAAAATCAAAGTTGAAAGTGCAGGTTTTGCAACTGCTAATGCTAAAAGTATTTTAGATATTATTAAAAGTTTAAATAATGAAGATGTAGTCTTAGAAACCATAGAAAATTTCCTTTTTATTAGACAAAAAGGAACTAAATATAAACTTCCTATGTTTAATTATGAAGATTTTCCAAATTTCCCAAGCACTGAAGGAAAAGATAAATTTGATATTGATTCAAGTGATTTAAGTAGATCTTTGAAAAAAATCTTACCTGCAGTTGATACAAATAATCCAAAATATTCTTTAAATGGTGCTTTACTTGATATAAAAACTACTCACATTAGTTTCGTAGGGACAGATACTAAACGCTTAGCAATTTTCACGCTAAATAAAACAAATGAAAAAGAATTTAACCTTTGTATTCCTAAAAAAGCTATTTTAGAAATGCAAAAAATCTTTTTTGAAAAAATTGAAATTTATTATGATGAAAATATATTAATTGCAAAAAATGATAATTTTGAATTTTTTACAAAACTTATTAATGATAAATTCCCTGATTACGAAAGAGTAATTCCAAAAAATATCACAAAAGAATTTATTTTTAAAACTGAGGAATTTATGGATGCATTGAAAAAAATCAATGTAATTACTGAAAAAATGAAATTAAATTTCCATAAAGATAAACTTGTATTTGAAGGTATTAGTTTAGATAATATGGAAGCAAAAACTGAACTTGAAATGGAACTTAATATAGATGAGGAATTTAATCTTTGCATTAAAAATAAATTTATCACTGACTTTTTAAATTCTATTGAAAGTGAAACATTCAAACTTAGCATAAATGAACCTCATATGGCATTCTTAGTTTCAAGTGAAGAATTACAAACTGTAATTATGCCAGTTATTTTATAAGGAAAATAAATGCAAGAAAACCAAAATTATGGCGCAGGAAATATTAAAGTTTTAAAAGGCTTAGAAGCTGTTAGAAAACGCCCTGGTATGTATATAGGTGATACCAATATAGGCGGTCTTCATCATATGATTTATGAAGTAGTGGATAATTCTATCGATGAAGCTATGGCAGGTTTTTGTGATACGATCAATGTAGAAATTACCACAGAAGGTTCTTGTATAGTAAGTGATAATGGTAGAGGGATTCCTGTGGGAATTCACCCTACTGAAAATATCCCTACTTTAACTGTAGTTTTAACCGTGCTTCATGCAGGTGGAAAATTTGATAAAGATACTTATAAAGTTTCAGGTGGTTTACACGGGGTTGGTGTAAGTGTTGTAAATGCTTTATCAAAAAAATTAGTTGCTACAGTACATAGAGATGGAGAAATTTATCGCCAAGAATTTTCAGAAGGTAAAGTCACAAGCAATTTTGAAACCATAGGTAAAAGTAAAAAAACAGGAACAATCATAGAATTTTGGCCAGATGATCAAATTTTTGAAGTGACTGATTTTGATTATGAAATTTTAGCTAAAAGATTTCGTGAACTTGCATATTTAAATCCAAAAATTACTATAAATTTTAAAGATAACCGCGTAGGAAAAGCAGAAAGTTTTCATTTTGAAGGTGGTATAAGCCAGTTTGTTACAGATTTAAATAAAAAACAAGCTTTAACTAAGGCAATATTTTTCAATGTAGATGAAGAAGATGTAAATGTTGAAGTAGCATTGCTTTATAATGATAGTTATAGTGAAAATTTACTTTCTTTTGTAAATAATATCAAAACTCCAGATGGTGGAACGCACGAAGCAGGTTTTAGAATGGGCTTAACTCGTGTTATTAGTAATTACATTGAAGCAAATGCTAGTGCTAGAGAGAAAGATTCTAAAATCACAGGTGATGATGTAAGAGAAGGTTTGATAGCGGTTGTAAGTGTAAAAGTGCCTGAGCCACAATTTGAAGGACAAACTAAAGGAAAATTAGGTTCAAGTTACGTTAGACCTATAGTTTCTAAAGCTTCTTTTGAGTATTTGACAAAATATTTTGAAGAAAATCCTATCGAAGCAAAAGCTATCATGAATAAAGCTTTAATGGCAGCTCGTGGTAGAGAAGCAGCTAAAAAAGCTAGAGAATTAACGAGAAAAAAAGAAAGTTCAAGTGTAGGAACTTTGCCAGGAAAATTAGCTGATTGTCAAAGTAAAGATCCAAGTGAAAGTGAAATTTACTTAGTTGAGGGTGATAGTGCGGGAGGTTCTGCAAAACAAGGTAGAGAAAGAACTTTCCAAGCGATTTTACCTTTAAGAGGTAAAATACTCAATGTTGAAAAAGCAAGACTAGATAAAATTTTAAAAAGCGAACAAA
NZ_CP176591.1_gap2	5847	7056	1209	CCTATACAAGTTGGTTCGCATTTTCATTTCTTTGAAGTTAATCGCTTTTTGTCTTTTGATAGAGAAAAAGCTTATGGTAAAAGGTTAAATATCGCTTCAGGAACAAGTGTGAGATTTGAACCAGGTGAAGAAAAAACAGTAAGTTTAATAGAATTTGGTGGTTTAAAAAAGGTTTTAGGTTTTAATAATCTTTGTGATGATTTTATCAATGATGAAAATAAAACTAAAGCTTTATCAAAAGCAAAAGAGAAAGGATTTCTTTGATTAAGATTAGCAAAAAAGACTATGTGAATATGTATGGTCCAACAACTAATGATAGAGTAAGATTAGCAGATACAGATTTAATTTTAAGAGTAGAAAAAGATTATACTTTATATGGTGAAGAAGTTAAATTTGGTGGTGGTAAAAATATCAGAGATGGTATGGCTCAAAGTGTGAGTGAGGGAGACTTTCCGGATTTAGTTTTAACTAATGCTTTGATTGTTGATTATACTGGTATTTATAAAGCAGATATTGGGATAAAAAATGGCTATATAGTAGGTATAGGAAAAGCAGGTAATCCTGATATACAAGATGGAGTTGATCCTAGTTTGGTTATAGGTACAAGTACAGATATTATTGGTGCAGAAGGTTTAATAGTAACTGCAGGTGGTATTGATACTCATATACATTTTATTTCCCCAACTCAAATTGAATGTGCTTTATATAGTGGTGTTACTACTATGATAGGAGGTGGCATAGGACCAAGTGAGGGAACAAATGCTACAACTTGTACAAGTGGGGCTTATCATATACATTCTATGTTAAAAGCTACGCAAAATTACCCTATGAATTTTGGCTTTTTAGGTAAAGGAAATTCAAGTAATAAAAATGCTTTAAAAGAGCAAATCATAGCTGGTGCATGTGGCTTAAAAATTCATGAAGATTGGGGTGCTACTTCTAGTGTGATTGATGCTAGTTTAAATATAGCTGATGAAATGGATATACAAGTAGCTATCCATACAGATACTTTAAATGAAGCAGGTTTTGTAGAAGATACGATTAAAGCTATTAATGGTAGAGTTATCCATACTTTTCACACTGAAGGCGCAGGTGGTGGTCATGCTCCTGATATTATTAAAATGGCAGGTTTTGAAAATGTTTTACCTGCAAGTACTAATCCTACTATGCCTTTTACTAAAAATACCATTGATGAGCATTTAGATATGC
NZ_CP176591.1_gap3	21454	22069	615	TATTTTTATCATCATTTGGATCTTTAGGTAGTAAAAGAATTTTTAATTCTTCTTCAAGTTGCGGTTTTAAAACTTCGAGATTTTTAAGTTCTTCTTTTGCAAGTTCCCCTAGTTCAGGATCAGATAAAAGAAGTTTGTTTTCTTCTATATCATCTAAGGTTTTGAGATATTCTTTTGCTTTTTCTACTATAGGTTCTAAATTTTTTTGCTCTTTAGATAGAGCTGTCATTTTAGAAATATCATTAGAGATATTAACATCGCTAAGAAGAGTGTTTAACTCATCAAAGCGTGCTAAAAAAGGTTTGAGTTTATCAGCTAACATTAAATTATGCTAATTTATTTACCAATAATGCCAATCTGCTAACACGGCGTGATGCAGTTTGTTTTTTCAAAAATCCACGACTTACCATAGCGTGAATACTTTTATTAGCTACTTTTAATGCATTTTGTGCAGCTTCTTTATCATTGTTTGCTGCTGCTTCACGAACCGCTTTTGTAATGTTTTTTAATCTTGTTCTATAAAATCTATTTCTTTCAGTTCTTTTGATAGTCTGTCTTGCTCTTTTTTCAGCAGATTTATGGTTTGCCATAATTTTCCTTTTTTATATAAATTAA
NZ_CP176591.1_gap4	59095	60176	1081	CTATACAAGGTGGAAGCCACTATGGAATATATATTAATGTAGGAGCTACTGTTGATAACATCGATAACACTGGCACAATCATGGGAGGAGGCGGAGCAGGTATACAAGTAGAATCTGGTTCGAAAGTTGGGACAATTAATAACAGTGGAAATATTAGTGCTAATAAGAATAATAGTGTTTATGTTTCCAAAGGTTCTAGTATTAAAAATTTAAATAACTCCGGTGTTATTAGTGGTGGTAGCAATGGAATAGTTTCTTATGGAACAATTAATACATTAGAAAATAGTGGCAATATAATTGGTTTAGGATACGGAAATAATAATGCTGGTATTAAATTAGAAGGTGGAGGAAGGATTGATACTATTACCAATACCGGCACCATAGAGGCAAATAGTGATGGTATAGCTGTATCTTGGGGTTCTTTTGGAACTTTAAACATAAAAGACGGCGGAATAATAAAAGCTAAAAGAAATGGGATAAGTATAAGTCAATGGCAAGTTTTAGGAGATTTATATGTTGATAACGCTAGTGTTACCGGAGCGGAGAGTGGAATTTTGTTAGGTTTAGGTTCTACTACAAGCGATATATCTATAAAAAATGGTGGGAAAGTATACGGTGGTAACTACGGATTGTATCTCGATCATGCAACCTTAAACGAAAATACAACCATAGATGGAGAAAATTCTATCATACATGGTGAAACTGCTGGAATTTATTTAAGCAAAGGATCTGCTTTAAAAGGAACTATAGAGGTTAAAAACAAAGGTGTGATTTCAGGTGGTGATAATGGATATGGCATTATCAATGCTGATAATGCCAATATAGGTGGTTCTGTTTTAATTAGTAGTGGCGGTATGGTTGCTGGTATTTTAAACAAAGATAATGCTAAGATTACCGGGACTATAAAAGTAGATGGAGAAGGTTCTTCTATAGTAGGTGGAATAATAAATCAAGATAACGCTAAAATAGAGGGCTCTATAGAGGTTGATAACAAAGGACAAATAGATAATATCATCAATGTAGGAAGCGGAGAGATTAGCGGTAGTGTGAAGGTAGATAATAACTCTAAAATTGATAATAT
NZ_CP176591.1_gap5	98008	102671	4663	ATGAGCTAGTATTTTATGATATAACCGCTTCAGCTAAAAATGAGCGCATTGATAGAACTTGGGTAAGTAAAGTAGCACAAAATATCTCTATACCATTTTGCGTTGCAGGAGGTATAAAAAGCGAAGATGATGCAAAAGAGCTTTTAGCAAATGGTGCTGATAAAATTTCTATTAATTCCCCTGCTTTAAATGACCCTGATTTAATCTCACGCCTTGCAAAAAGCTTTGGAGTGCAATGTGTAGTCGTAGGTATAGATACTTTTAAAGATGAAAACAACGAGCTTTTAGTCTATAAATACACCGGAGATGAGAGCAAATCTCATCATAGTGGTAAAAAAACACTAGAGTGGGTAAAGCAAGTATGTGAGCTAGGAGCAGGTGAAATCGTGCTAAATATGATGAATCAAGATGGCATGAGAAAGGGTTATGATCTTGATCAACTTGCTAAAGTTAGACAGATTTGCCCTGTGCCTTTAGTAGCAAGTGGGGGTGCAGGAGCTAAAGAGCATTTTTTAGACGCTTTTAAACTTGGTATTGATGGAGCTTTGGCAGCTTCTGTGTTTCATAAAAAACTTATAGATATTAAAGAATTAAAACTATTTTTAAAAGATCAAGGTATACAAATTCGCATTTAAAAGGAAAAGCTATGAAGATAAATGAAGAAGAATTTATAAAAAGTATTAGTTGGCAAAAGGTTAATAACCTTGTTCCTGTGATTATACAAGATTATCAAACTTGCGAAGTTTTAATGCAGGGCTTTATGAATGAAGAGGCATTAAGAGAAAGCTTCAAACACCAAAAAGTTGTGTTTTATTCACGCACTAAAGAGCGTTTGTGGATGAAAGGTGAGCAAAGTGGGAATTTTTTACATATTATAGATATGGGACTTGATTGTGATAGAGATTGTATTTTGATTTTAGTTAAACCTAGCGGAGCTACTTGTCACACGGGTGATACTTCTTGTTTTGAACAAACTTCCAAAAAAGCTGATTTTGTATTTTTATCACGTCTTGAAAAGCTGATTAATTCGCGTAAAAACACTTGCGTAAGTTCTTCTTACACGGCCGAGCTTTTTTCAAAAGGCACTAAACGCATAGCACAAAAAGTAGGTGAAGAAGGAGTTGAAACGGCTTTGGCTGCTACTGTTAAAGACAAAGATGAGCTGATAAATGAAGCAGCAGATTTGCTTTATCATTTAGATGTTTTATTAGCCGATGCGGACTTGAGTTTAAGTGATGTGATTGCTAAATTAAAAGAAAGAAATAAAAGTTAAGCGTGATTTCTCACGCTTAATTAAGCAATATTTTTGAAAAGATTCACTGACTATATCGAGTAATTTTAAAAAAACTTTACACATTAAAACCTAATTTTTAATTTATTTTCTACTTTTTAATTTCATTTTATTTGTATTTTTGGAACACTTATTGCTTTATCTTAGATAAGCAATAGAAGATTGTGAGATATTCACAAAGCAATATTTTTTAAAGGATTTAATTATGATGAGATCTCTTTGGGCTGGGGTTTCAGGACTCCAAGCACACCAATACGCAATGGATGTAGAAGGTAACAATATAGCCAATGTTAATACATTTGGTTTTAAGTATTCTCGTGCGGATTTCTCAACGCTTATGAGTCAAACTTCTAAGATAGCTACAGCTCCAGATGGTAACCTAGGTGGTAAAAACCCTATGCAAGTTGGACTTGGTTCAGGTGTGAATTCTACTACTAGAATTCACTCTCAAGGTAATATCCAAACTACAGATAAAAATACCGATATGGCTATTAATGGAGATGGATTTTTCATCGTATCAAATGATGGTGGCACTACTCAGTATTATACCCGTGCAGGGGATTTTAAAACGGATGCAGTAGGAAATTTCGTAGATAATAACGGCTATACTGTTCAAGGTTGGAATTATAATCAAGAAACAGGTCAAATTGACTCTTCAACTTCAGTAGGTGATATTGTAATCCCACCTGGTATGAGTATGCCTGCTAGACCAAGCTCTTCGGTAAAACTTACAGCGAATTTAGATAGTGGCAACACTTTAGGTGCTAATGCTTCCGCAAAAAGACCTATTTATGCGCTAGATTCTACTCATGGTAGAAGAGATGATACAGGAACAGCGATAGATGAAAATGATACTGGCCATACTGAGTTTTATACCACTTCAAAAAGTGGAGCCCAAGTAACCGAAAAAGGTATAGATATGGGTGTAGTATTTAACGCTCAAGGTGAGGGTTTGAATTTAAGAGATGGACAAGGTATATGGGTAAGTTACAAAGAAGCAAAATGGACAAGCAATCAAGCATTTAATGCAGATTTGCCTGCAGATCAAAATAATTTTCAGCAAAATACAGATTATACTTTTTGGGGATTTACAGATGCTAATGGAACTCAACAGCCAGCAACTTTAGATATAGTTATCAATGGGGTGCAAATAACTGCAACCGGAGTAGGTAAAGATACTTTTTTAAATGCTATCAATGCTAAGACAGCAGAAACTGGTGTAGTTGCTTCTATAGTAGATGGTAAAATGACATTTACTAATGATAATAGCACAGGAACAACAGCAAAATCTAAAAATTTAAATATTACTATAGGAGCTAAAAATACAGCCGGGCAATCCATAAAAACAAATGGCGATACACCTGCAAATGTTCAGCCTTTTCCAGTGCAACCAGGAAATGATTTATTAGGTGGCAATAATGGTCCTATCAGTGTAATTACTGCTCATGAATACATATATAGCTCAAATAATGTAGATATAGGAGCTAATCCAAAAGCAGATGATATTGGCACTTGGCCTGATATGAATGGACAAAGACTTTTTCATACCACTGAAGATTTAAGAGAGCTTTTGCAAAGAGATGCTAGATATGCGGTAGATTATGATGGAAATGGTCAAAGAGAAACTGCTGATGCAAATGCCGCTGTAGAAGTAGTAGTGGAAAGTGATGGTAGATTCAAAATTACCAATCCTAAGGAACCAAATGCTAAGGATATGACTTTTAAAGTTACAGGTTATTCTAATGAAACTAATAAAATCGCTACTAATGATAAATTTACAGCGATGTTTAGTGCGCTAGATGGAAATTTCAATGCAGGTAATAATGAAAAATACTCTCAAGACATGTATCTTTCAGCGCATACTGCGAGTATAGAAATTTTTGACTCATTAGGTACTAGACATGAGCTAACTGTGCAATTTACTAAGCAAAGTAAAACAGCAGATGGTGGAGCTGAATGGTCTATCATCATCTCAGTGCCTGAGCCTGCAGAGATAAATTTTAGTGGTGATGGAGCTCCAGGAAACATAGTGGTAGGAAATTTAAGATTTGGTAATGATGGCTCTTTACAAAGCTATACACCAAATGTATTAAATTTCACCGGAAATAATGGCTCAAAACCTGATCAAGTTATAAAACTTGACTTTGGTACAACAGGTGGTTTTGATGGTTTAACAAGCTATGATAAAGACTCAGCTACCACTAAACAAGAAACTGATGGTTACACAGGTGGTAACTTAAAGCCAGATGCATTAAGAACTGATGAGAATGGTTATATCTATGGGGAATTTACAAATGGTAAAACTCTAGCTCTAGCTAAGGTTGCTCTAGCTACTTTTCCAAATAACATGGGTCTTGAAGAAATGGGTAGTAATCTTTTCAAAGCAACTGCTAACTCAGGTAGTCCTACTATAGGCCATGCTGGCGAAGGTGGTAGAGGGGGCTTAAAAGGCTCAGCTATAGAAATGTCAAATGTGGATTTAAGTCGTGCGTTAACTGAGCTTATCGTAATCCAAAGGGGTTATCAAGCAAACTCAAAAACGATTACCACAAGTGATCAACTTTTAAATACTTTGCTTCAATTAAAACAATAATTCTAACCCAAGGTTTTAAAACCTTGGGATCAAGCTTTACAAGGTTATCGAGGTAGCCTTGTAATACTTGATAGCCTTGAAGCCTTCAATCTATTGCTAACTCACTTCTTTTTTGCCTTAAGGAGTGAGTAGCATGATTTGCATATCGACAAGTTAGAATAAAAATTTATAAACTTGGATTTTTAAAATTTATCATTAATGGTTCTAGCCATTTGGTAGTTTCAAATATTTCTAGTTTGTTGTTTTTAAATTCTAAGAGTTTTTTATAATTTTGAGTATTGTCAAAAATAGTAATGTGATTACAAAATTTAGCAACAGTGTTAAAATTTTGTAAAGACTCATAGTATCTTTTTTCTATAAGTTCTTCTTTTATGTCATGTCCGCCTTTAGCTACGCGAATTTTAACTCTTTGTTTTGCTGTGTTTGGAGAGTCTAGTCCGATGTAGTAAAGATTTATAGTATAAGAATTTTTTTGTAGCTTTTTGAATAAAGATAAAATGCTAGTGCCACAAAGTGTGGTTTCTTGGTTAAAATCATAAGCTTTTTTGATATAGTTTTCACGCATTTTAATGGCTATCCTTGAAGCTCTAAATTGATCTTCTTGATTTTTCCAATCCCCAAAGCTACTTACAATTTCATCGATATTGATTCTAAGTCCAAAATCTTTGTTTTTTTCAAGTTCATTATAATACAGGGTAGTTTTTCCAGATCCATTAACACCTGCAAAGATAGTAGCTATTTTTTTCATTAATAAAGCCTTTGTTGATTGATGAGAAATT
NZ_CP176591.1_gap6	236220	238181	1961	ATCATAATAAGATTTAAATTGTCCATCATATTGATTGTTTTTAGTTTGTGCTTCAAGTTGGAGCTGTCCATTTTCAAAATATTGTTTTACAAATCCTTCTTTTTTACCATCTTTATATTCTTCTTCGCTTTGTAGTTGTCCATTACTAAAAAAAGTTCTTTTTACTCCATGAATTCTAGATTGAGAATTGTAAGGAATTTCTTCTTTAAGATTTCCATTTGTATATTGACTTTGGTTTACTTTAACTGTATCACTAGGTTGCCCTGGAAATTTTTCTCCACCGCATGCTACAAATAAACTAGCTAACCCTGCTATAAAAGCAATCTTAATTTTTTTATTCATTATTTATCCTTTGATATTATTTTTTCATTTTGTATAATTATTGTTTGCTGTGATTTATTTATGAAAGACCATATTAAACAAACAATCCATACTATTAAAGTCCATCCTAGCAATAAATTTAAAGCAATAATTGCAAACCAATTGCTATGTTTTCTGCAAAGTGCTATTACTGATGGAAGCATATATAATGTAAATATTATAATAGCTGTAGTATTGCCTATCTCTTCAGCACTCACATTCAACTCCTCCTTAATTTTTAACTTGAGATTTTATTTTTAAAATTATAAAAAATAAAATATAAAATAAATCTTAAAAAACATAATATTTATTTATTTTTTTATAAATAAGAATAAATATTATGCTGTTATCTTTTAAATAATTTTTAAGTATGCTCAAAAATATTAATTTTTACAAAGAAGAATTTAAATATGACAAAACGAGATATAGCAGGCTTTTTAGGAGTTGATGTGCAAACTTTACGTAATTGGCAAAAAACTCGTCCTAATCTTTACCGTGTTATTATGCAAGGTTTGGCTATTGAAGAAGCTGTAAAAGAAAGCAAAGAGCATTATGAAAAACTTTCATCTATTGCAAAAGATGCGCAAAAATATGTAATGAAAAAATAATTCAAAATTGTTGTATAATTTTTAAAATTATTTTTTAAGTTAAGGTTATTTGATTGAGTTTAGTTTTATTATCTTTTTTACCTTCTTTTAGTCTTGTTTTAGAGTTTTTAGCTTTATTTTTAGCTTATTTTTTTAAGCAAAATAAGATTTTTTTCTTACTTTTGTTGATTTTATGTGCTAGGGCTTTATCTTTAGTAGCAAGTGAGTATCAAGCGCATTTGTTTATCTCGGTATTTTTACCTTTTTCTTTTGTGCTTTTTGTATTTTTGCAAGATAGCAAGCTTGTGTTTGAAAGAATTAATCTTATTAAATTTGCGTATTTAGCCTTTATGGGTTTTGTAGCGTTAATACTTAGCACAAGTACTAATTTTAATGCAAGCATTACAAGTGAAATTTTTGGTCTTTCAACGCAATTTTTTAAGCCTATTAGTGAGTTAAGCTTTTGTGTGTTTTGGGTGGGAATGATATTTTTATTATTTTCGTATTTTAAAAATAATGATTTTCATTTTTTACTAGCTTATATGGGCTTGAGTGTGCAGTTTTTATTTTACAATAGTGTTGATTTGGGTTATTATGAATTTGCTTCTTTGGTGTTGATAGGATTTTTAGCATATAAAGCTTATAAAATAGCCTTTTTTGACACTTTAACCAATTTGCCAAATTTAAAAGCCTTAAGAAGATATGCTCAAGGGCTTGAAAATTTTCATTTAGCCTTGATTGAAGTAAAAAATATCAATGAAATTTATCATCAAAAAGGCTCAAAAATGGGCGAGTTTATAATGCATGAATTTGCTAGGATTTTAAAAAAAGCCTTACATGCTAGGGTTTTTAAAGATGATAAGGATTATTTTATCATTGTATTTGAAAATGAAAATATGGCTTTTGTACAAAGCAAGCTTCAAATGCTTGAAAATTTTATGCAAAAATATAGTTTTGAATTGAAAGAGCAAAATGCAAAATTAGAAATTAAACTTTGTTTATCAAGCAAAAATG
NZ_CP176591.1_gap7	253955	256920	2965	AGGCAGGTTTGAGTGTGAATTTAAAAAATCACAAAGGTGATAGTCTTTTAATGCTTGCAAGCTATCATAATGCTTATGAATGCGCTAAGTTTTTACTAGAAAATAATGCTAGGGTAGATGAGAAAAATGATAGAGGACAAACTCCATTAGCAGGGGTGTGTTTTAAAGGGTATTTGCCTATGTGTAAGCTTTTGGTAGAATATGGAGCAAATATTGATGAAAACAACGGTCTTGGTATGACACCTTTTACTTTTGCACTAATGTTTGGGCATAGAGATATAGTAGAGTTTTTAACAAAACATTCTAAAAAAAATTTTCTTAAAAAAATAGCTTTTGGTGTGTTAAAAATTTTTAAAAGAAAGAAAAGTTAAACTCTTTGAAAAAATAAAAATTATAAAATTATCCTTTTATTTGTAAATAGAAGGATAAATATGTCACAAAAAGCAGAGAAATTATGGGGTGGACGTTTTGATTTGCCTACAAATAAATTAGTTGAAGAATACACTGCTTCGTTATTAGTTGAGCCAAGACTTGCTCCTTTTGATATACAAGGAAGTATAATCCATTGTACCATGCTTGCAAAACAAGGCATCATAAAAGAAGATGAAGCAAAAACTATCATCAAGGGTTTAGAACAAGTTAGAGAAGAAATTCAAAATGGAACTTTTGTTTTTGATATAGCTGATGAGGATATTCATATGGCTGTAGAAAAAAGAATGACACAAATTGTAGGCCCAGTAGGTGGAAAGCTTCATACTGCAAGAAGTAGAAATGACCAAACTACGCTTGATTCAAAAATGCATATGAGGGCAGTTATTAAAGAAATTTTAATTCAAATTATTGCTTTGCAAGAAGAGATTATAAATCAAGCTCAAAAAAATATCAAAGCTATTATGCCAGGTTATACACATTTACAAACGGGTCAGCCAGTGCTTTTTTCACATTGGATTATGGCGTATTTTTGGATGTTAAGTAGAGATTATTCTCGTTTTGAGGATTTGTATAAAAGAATGGATGAGTGTCCTTTAGGAGCAGCTGCGCTTGGTGGAACTACATTTAATATAGACAGACATTTTTGTGCCAAAGAATTAGGTTTTACAAAACCAACAGAAAACAGTATTGATAGTGTTAGTGATAGAGATCATATGGTTGAATTTACCTCTGTGGCTGCTATGTGTTTTATGCACCTTAGTCGTTTTTGCGAAGAGCTTATACTTTTTTCAAGTCAAGATTTTAAATTTGTAGAATTAAGTGATGATTTTTGTACCGGCTCAAGCATAATGCCTCAAAAGAAAAATCCTGATGTAGCTGAAAAAATGCGTGGTAAGACAGGTAGAATATATGGTAATGTTATGGCAATGCTAACTATTATGAAAGGTATTCCACTAGCTTATAATACTGATATGAGTGAAGATAAGGCTCAAGTTTATGATTCTATGGATACTTTAATGGCAAGTTTGAAAATCATAACTCCTATGATAGAAAAAATGCAAGTAAATGCTAATAATACAAGAGCAGCTGCTGCAAAAGGCTTTTCAAATGCTACGGATATGGCTGATTATTTAGTAAGAAAAAATATACCATTTAGAGAAGCTCATAGCATAGTTGGTGGTGCTGTGAATTATTGTATTAAACATAACAAAATGCTTGAAGAACTTAGCATGGAGGAATTTCATCAGTTTAATGAAAATATCCAAGAAGATATTTATGAAGCAATTGCTTTAGAAACTTGTATAGATGCAAGAGTATCTTATGGTGGCACAGGAACTAAAGTGGTGCTAGAGCAAATTAAACATGCAAAAGAGCTTTTGGATCAATATAAGGCACAAGATTAATGGATATTATTTTTTTATTAGAACTTTTTATTATTTTTTCAATGATAGCCATAGGTGGTAGATATGGCGGTATAGGTCTTGGTGTTGCAGGCGGACTTGGTATGTGTATTTTAGTTTTGGTTTTTGGTATGCAACCAGCTTCGCTTCCTGTGAGTGTTGTATTTATTATACTTGCTGTGATTACTTGTGTAAGTGTTTTGCAAAGTGCAGGCGGGCTTGATTTGCTAGTAAAAATAGCAGAAAAAATTTTAAAGAAAAAACCTCAAGCCATTGTTTTTATGGGGCCTTTGATTAGCTCTACTTTTACTATTTTTTGTGGTACTACTTATGTAGCTTTTTCTATTTATCCAGTGATTGCAGAAGTGGCTGCTCAAGCTAAAATTCGACCTGAAAGAGCGCTTTCTGTTTCAGTGATTGCAGCAGGTATTGGCGTGGTAGCTTCTCCTATGAGTGCAGCTACTGCTGCTATGGTAGCTATTTTAGCTTTTAGTGGTACAACGATAGTGCAAATTCTAATGGTAAGTTTACCTGCTTTTTTTATAGGTGTATTTCTTGCTTGTTTGAGTGTTTTTAAAAGAGGAAAAGAGCTTGAGCAAGATGAGGAGTTTCAAAGAAGAGTAAAAGCAGGAGAATATCATTTTTTAAGTGAAGACTTGCAAAATAAAGATAGCGAGCATGATCCTATGGCTAAAAGGTCTTTATATATTTTTGCTTTGGGGATTTTAACTATTATTTTCTTTGGAACTTTTACGAATTTATTGCCTCATTATGAGCTTGCAAATGGTAAAATAGAAAGACTTTCTACCCCAAATTTAATCCAAATGATCATGCTTGCAACAGCTTGTTTGATTATGCTTTTTGCTAAAGTTCCTGCTAATAAACTTGGTGAAGCTTCTGTATTTAAATCAGGACTTATAGGAGTTGTAGGGGTTTTTGGTATAGCTTGGATGACAGGAACATTTTTTGAGGCTTATAAGCCTTTATTTAGCGATTCTTTATCACATGTTGTAGAGGACTATCCGTATTTATTTGGGGTGGCTTTATTCGCCTTTTCTATGGTGATTTTTTCTCCTTCAGCAACGGTAGCTGCTTTAATGCCTTTGGGTGTGAGTTTGGGAATTCCTCCCCAA
NZ_CP176591.1_gap8	263853	265820	1967	TTGCAAAAAACAAAAAAGTTAAAAAAATTCGCTCTTCTATTGCAAATTCTACTATTATGGTAGAACTTGATACAACTTGTGTGATTTTACGCTCAAGTGAAGCAAAAATAATACAAATTTCAAAAGAGTTTTAATGAAAGAAATCATCGTTGCTTTAGTAGGTCAGCCAAATGTTGGTAAAAGTTTATTAATTAACGCACTTTGCAAAGCTAATATGAAAGTTGGAAATTTTAGCGGTGTTACGGTTGAAAAGGCTGAGGCTAGATTAATTTATAAAAATTATGAGTTTAAATTTATAGATTTACCAGGAACTTATGCATTAGATGGTTATAGTGAAGAAGAAAAAATTACAAAAGAATTTTTAAAAAAGGGTAAATTTGATCTTGTAGTAAATGTGCTTGATTCTACAAATTTGGAGCGTAATTTGATTTTAAGCGCATCTTTAATAGAGGCTAAAATTAAAATGATTATGGCTTTAAATATGCAAGATGAAGCTAAAAATGAAGGTTTTAGTATAGATTTTAAAATTTTATCCCAGCTTCTAAATACACCTTGTCTTGGTGTGTGTGCTAAAACTAAAGAAAATCTAAATACGCTTTTGGATTTAATCATTTCAACCCACGAAGCTAAATTTGAAGCCAAAGAGCGTGTTTATAGTGATATCATAGAAGAAGAACTTGCAAAAATAAGTGAATTTTTAAATCAAAATGAAATTACTTATTTAGATTTTTCTACAAAAGATTTAGCACTTGCTTTACTTAAAAATGAAGCTAATATAGTTATTTCGCACGCTTTGAGAAAAATACTTGATGAAGCTTTAGAAAAAATTTATATGGCATATCATAGCAAAGATATGGAAAGTATTTTTAAAGAAGAGTTGATTGCTTTTGCAAATGGTATATGTGCTAAAGTTTTAAGTAAGGGTGTTAAGTATAAAAATCATACCAAAGAAATAGATTCTATTTTAATCAATAAATTTTTAGGAATTCCTATATTTTTGTTTTTTATGTGGGCTTTATTTCAACTAACCTTTACTTTAGGTCAAATCCCTATGGATTATATAGAAATGTTTTTTGCTAATTTAGGTGATATGGTAAAAAATAATATTAGCAATGAATTCATCGCTTCAGCCTTAGCTGATGGTGTTTTAGGTGGGGTTGGTGCGGTTGTGACTTTTTTACCAAATATTATGATTTTATTTTTTGGTATAGCCTTGCTTGAAACAACTGGATATATGGCTAGGGTTACGTTTTTATTAGATGGAATTTTATATAAATTTGGCTTACATGGCAAAAGTTTCATCCCTTTAATCACGGGTTTTGGCTGTTCAGTACCTGCATTTATGGCTACAAGAACTTTAAAAAATAAAAAAGATAGATTATTAACTCTTTTTATTATTAATTTTATGAGTTGTGGTGCAAGGCTTCCTGTATATGTGCTTTTTGTTGGAGTGTTTTTTCCTGCTGATGTGGCAGGAAATTATCTTTTTGGGATTTATCTTTTGGGTGCGTTTTTGGGTTTGATTGCAGCTAAGATTTTAAGAATGAGTGCTTTTAGAGGACAAGATGAGCCCTTTGTAATGGAAATGCCAAAATATAGAATGCCAAATTGGAATTTGGTATGGTTTATGGTGTTTAATAAAGCCAAAATGTATTTAAAAAAAGCAGGAACATTTATTTTGATAGCTTCTTTGCTTATTTGGTTTGTGAGTAATTTTCCTGCACAAGAAAATAATACTCAAAATGCTTTAACTCAAGAGCTTCAGATAGAAAATAGTTATCTTGGACAATTTGGCAAAACAATAGAGCCTATTTTTGCACCACTTGGCTTTGATTGGAAACTTAGCGTATCTTTGGTAAGTGGTTTAGCTGCTAAAGAAGTGATGATTTCTACTATGGGTGTGCTTTATTCTTTAGGTGATGAGGTTGATGAGACAAGTTTAAATTTACAAGAAGCTATAAAAGAAA
NZ_CP176591.1_gap9	276410	277204	794	AAAGTATAATATAAAAATTTTGAAAATTTAAAAAGGTTTGCTAAAAATATGTTTAATGTTATACATGCTCTTTTTTTTAGAGAGCTAAAGACAAGATTTGGTATTAATAAATATTTGGGCTATTTTTGGGTAATCGGAGAGCCTATGATGGTGGTTTTGGTAATCACTTCCATTATAGCAGCTATAAGAGAATTTCATCATCAAATCATGCCTGAAGGTGTTTCTATCTTTTTATTTTTAGCAGTAGGAATTATACCTTTTTTTATGTTTAGAAGCATTATTACTCAACTTTTAAATGGCATAGGTGCAAATCTAGCTCTTTTTGCTTATAAACCTATTCGTCCTATACATGTTTTTATTACAAGAGCATTGCTTGAATTTTGTATTTATTTTACTATTTTTATTTGTGTAATGTTTTTAGCAGGTTGGTTTTTGCATATGCAAGTTATACCTAAGCATTTTTTAGAAGTGATATTTTCGTTTTTTTTGCTTGTGGTATTTGGCTTTGCTATGGGGATGTGTTTTGCTATAGCAGGACATTTTGCAGAACCTTTAAAAATGGCTTTAAATTATTTAAATATAGTTTTATACTGGACAGCCTTGGTGGTATTTCCTATATGGATAGTTCCAAAACCTATTTTAGACATTTTATATTACAATCCACTTTTACATATTATGGAACTTTTAAAATACAATTTTTTTCAAAATTATCCATTGCTTGATGATTATAATTACTACTATCCTATTATATGTTTGAGTGTGATTTTGTTTTTGGGATTGTTTTTTTATTATTT
NZ_CP176591.1_gap10	366292	369879	3587	ATCAAATTTTAAAACCCATCATTGCTGAGCTTGTTTCAGGCGAGGGAGTGAAAAAAAACAGAAGCTTTTTTTATGTGGGCGATAAAAAGCAAAGTATATATGGTTTTAGAGGGGGTAAAAAAGAGCTTTTTGATAAGCTTTTAAAAGACTTTCCGCAAATTAAATTAGAACATTTAGATACTAATTATCGTAGTAAAAAAATCATTGTTGATTATGTAAATGAAGTTTTTAAAGATAAATTTTTTGATAGCTTTTTAAATCCTAGCTTTACTTTGCAAAAAAGCATTAAAGAAGGTGGATATGTGGAAGTTTTGCAAAATCATATCCCACCAAAAAGTTCTTTGCATGAAGCAAGTGGTAAAGAAGTTTTAAAGATCATTCAAAAGCTTTTAGAAAAAGGTGTAAAGCTCAGTGAAATTTGCATTTTGGTATGGATTAATAAAGATGCTACTTTAATGAAAGAATTTCTTGAAGAAAATAACATTAAAGCTTATACGCAAAGCAATGTAGCTTTGATGGATTGCATTAGTGTAAGAGTGCTTTTTGAGTATGCAAAGGCTTGTGTACTTAAAGATGAGTTTAGCTTGTACTTTGCAAGTAGTATTTTAGAAAAAGAACTTGAGTTTATAACGCTTGATTTAAACCGTAGTGTAAGTGAGATTTTAAAATACTTAGTACATGTTTTAAAGCTTGATTTAAGCGATGTTAATCTCATCGCATATTTAGAGTATGCAAGCACTTTTGATAATTTTTTTGATTTTTTATTTGCTCCATGTGAGCTAAAGTCTTTGCAAGCTCAAGATGATGGAGTAAGTATTATGACTGTGCATAAATCTAAGGGGCTTGAATTTGAAAATTTAATCGTACTTGATAGACTTAGTAAAAAAGCTCCGGATAATGAAACTTTAATGTTTGAGTATGATTTAGAGCAAGGTTGGGAAGTAAAATACCGACACAGTGCTAGAAAATATCTTGAAGATCAAAATTACAATGCATTTTTAGTTAAAAGAGAAAAACTTCAAGCAGAAGATGAAATAAATTGTCTATATGTAGCCCTTACTAGAGCTAAAAATTCTCTTTTTATTATAAAAAACGATGAGAGTTTTAAAACTTTTAAGAGTTATTTTCAAGACTATGAAGAAAAACAAATAGGCATTATAGAAGAGCAGCTTTCAAAAACAAAAGAGTCTTTAGAAAATTTAGAACAAATAGAGAACTTTGAAGAATTTCAAAAGGTAAATTTGCAAGAAGTTAAAGTAAAAAGTCATCTTTCAAGCACGCAAATACACTTTGGTTTGGCTTTGCATGAGTTTTTGCAATATTTTGACTTTAGCACCAAAAGTAATTTTGAATTTTGCAAGCAAATGGTGTATAAAAAATACCGTTTTTACTTAGATGATGAAGCTTTTTATGAGCTTTTTAAAAGACTTACTATGCTTTTAAAAGATGAGAGCTTTAACGCGCTTTTAGTGGGTAAAAAGCTACTAAAAGAGCAAATCATCACTTATAAAGGCGAACAAAAACAGCTTGATATGCTCGCATTTGATGATAATGAAGCTATCATTATAGACTATAAAACAGGCTTAAATTTAAACGAACATAAAAAGCAAGTTTTACTTTATAAAGAAGCCATAGAAAAAATCTTAGCCAAGACTTCTACTAAGGCTTTTTTGGTGTATATTTTAAAAAATAAAGTGGAGGTAATGTATGTGTAGTATAGATAAAGAACAATTTTATGGTAATATTTCTCTTTTTCACGATAAAATAAAAAATGGAAATAATCATCGATATTTATCTTGGGAGCATTGTTATAGGTATTTTTATATCAATAGGGGTTATGTAGATTATGATTATGCTTCTTTGATGTTATCTTTTTATTTAGCTAGTTGGGGTATGTATAGGGGTTCTTCTTTTTTATTGCGCTATGATTATAAAATATATAAAACAATGTTAGAAGAGTTGTTGACTATTGATTTATGGGATAAGCATGATTGGAGTCAAATAACTGAAGCAGGTAAAATTATAAAAGAAAATTTATTAAAGTATAAAGATAAAAATAAAGATAAAATTAGTGATATACTGATCACAAAAATTTTGTTAGGAATTTTTGGCTGCACCCCTGCTTATGATAGATTTTTTACAAATGGTTTAAGACAATACAATAGTAAAAATAGCAATGAGATATCGATAAGTTATGGTGAAAATAGCTATAAAGGAATTGTAGACTTGATAGATAGATGTAAAAGTAGCTTTGAATTTCCAAAAATAAAATTAAAATCCAATGAAAATATATACTATCCAGATATGAAAATTATGGATATGTATTTTTGGATTTTAGGACAACAAAAGCTTTAAATATTCTTAAATTAAGTATTAATTAAGCTAAAATAATTATAATCTCATTTTTAAAAAAATTTTTGGCAAAGGTAAGATGATGACAAAGATAACAAAGCCAAACGAAGTAAAACGCGAATGGATCGTTTTAGACGCTGAAGGAAAGCGTTTTGGTCGTCTTTTAACAGAAGTAGCGACTATTTTAAGAGGTAAAAATAAACCTTGCTATACTCCAAATGTTGATTGTGGAGATTATGTAATCATTATCAATGCTTCTAAAGCAGTTTTCACAGGTGCAAATAAAGCAGAAGATAAACTATATCACAGACATTCAGGGTATTTTGGAAGCGTAAAAAGTGAAAAATTTGGTGATTTATTAGAAAAAAATCCAGTTAAATTATATAAATTAGCAGTTCGTGGTATGCTACCTAAAACAAACCTAGGTAGAGCTATGCTTAAAAAATTAAAAATTTATGCAGGTAGCGAACATCCTCATACTGCTCAAATTGCTAATAAAGGAAAATAATCATGGCAACAACATACGCAACAGGTAAAAGAAAAACCGCTGTAGCTAAAGTTTGGGTAAAAGCTGGTAGTGGTAAAATCATCGTTAATGGTATGGATTTAAACACTTGGCTTGGCGGACATGAAGCTATAAAATTAAAAGTAGTTCAGCCTTTATTAGTAACTAAACAAGAAACTTCTATGGATATTAAAGCAACAACTTTAGGCGGTGGATACAGTGCTCAAGCTGAAGCTTTAAGACATGGCATTTCAAGAGCTTTAGCTGCTATGGATGCAGATTTTAGAGCATTATTAAAACCAAAAGGACTTCTTACTAGAGATAGTAGAACTGTTGAGCGTAAAAAATACGGTCGCAGAAAAGCAAGAAGAAGCCCGCAATTCTCTAAACGTTAATTTTTTTGGATCCATTTTTTTGGATCCACTCTCTCTTTTATTTTTAAAATCTCATTTTTTTATATATTTTTGTTTTGTTTAAAATCAAAGGATTTTTTGTTTAGAATAAACTTTTATAATTTCAAAGTCCGATCAGGGAAACCTCCTTTTTGTAGTAAATTTAAGCCCCTTTCCCAAAAAGGGGCTTATTTTATTTTAATCTTCTTTTTATATAATATCTCATTTATTTTTATTATTTAAGGATAGTTTATGAAAAAAATTATAGGATTAGTTAGTTTAGCTAGTGTTTTGTTTGCTTTTGATGCTAGTAAAATAGAAATTACTCCAACCTTTAA
NZ_CP176591.1_gap11	372792	373719	927	TATAGAGTGTTTATTCTATGGACTTGGTGCTGATGGTACTGTAGGGGCGAATAAAAACTCTATTAAAATTATAGGGGATAAAACAGACTTTTATGCGCAAGCTTATTTTGCTTATGATTCTAAAAAATCAGGTGGTTATACAAGAAGCCATTTAAGATTTTCTAAAAAACCTATCACTTCAACTTATTTAGTTTCTACACCACATTTTGTAGCGTGTTCAGTGGCTGCGTATTTAGAAATTTATGATGTTTTAGCGGGTATTAGAAAAGGCGGAACTTTCCTTTTAAATAGTATTTGGAGTGCACAAGAAACTATTAAAAAAATTCCTAACGCAGTAAAAAGAGTTTTAGCGCAAAAAGAAATTAATTTTTATATTATCAATGCTACAAAACTTGCTAGAGAAATAGGACTAGGTAGTAGAACAAATACAATCATGCAATCAGCATTTTTCAAACTTGCCAACATCATTCCTTTTGAAGATGCGCAAAAATATATGAAAGAATTAGCTTATAAATCATATAGTAAAAAAGGCGATGCTATAGTTGAGATGAATTATAAAGCTATTGATGTAGGTGCAGATGGACTTGTAAAAGTTGATATTGATCCTTCTTGGGCAAATTTAGCTGATGAAGTAAAAGAAGAAACTGTAGCTTATAAAGGTACTGAGTTTGTTGAAAAAATCGCAAAACCTATGAATGCGGCTAAGGGTGATGATTTACCAGTTTCAGCATTTTTGGGCTATGAAGATGGTAGTTTTGAGCATGGTACTACTGAGTATGAAAAAAGAGGCGTCGGTGTTATGGTGCCAAGATGGATAGAAGCTAATTGTATTCAGTGTAACCAATGTGCCTCAGTATGTCCACATGCGGTTATCAGACCATTTTTAATAGATGAAAAAGAATTAGAAAATGCTCCAGCAGGTGTGAA
NZ_CP176591.1_gap12	392601	393133	532	GTGTTTTAAAGTAGCTTGAAATAATATCTTTACTAATGTCTGTTGAAGTTAAAATTCTAGATGAGTCGGTGTGAAAAAGATAAGTTCCATCATGAGCTAAAACCGCTGCATGTGAATAAGGTGTTTTGCCTATGGCTAAAACTTCTTCTGAGAATTTTTTCAAATCATAATCAGCTGCAACAACGCCTATAACTTTACCATTTTCCATAATAGGGCTGGCATAAGAAATAGTAGGTTTTTTCATACTAGATGATATATAAGGTTCTGTAACAACTAGCTCTCTTTTTTCTTTAGCTTCTTTGTACCACCCTCTAGCTCTAGGATCATATCCGCTTTCTGGAGTTTGATTGTTGCCATTGGATCTAAATATTTTACCATCTTCAAAGCCTACATAGGTTAAATCAAAACCCAAAGAATCTCCTATGGATTTTAGTAAACTAGTGTATTGCTCTGAGGTTAGATTGTTTTTATTTTCTTTAATGTATTTTGTTAAAGAATTGATTACATTACGTCTATCGCTTGCATATAAATC
NZ_CP176591.1_gap13	395483	398197	2714	TCAGGCAAGGCATTGCCAATTTTCATTGCAGTAGTGATAAGCTCTTTTGGTTTTAAAGTTCCTACTCTTGAGTTTTTCATAAATTCATCTATTTGTGGTTGTACTTTAGCTACTGCTTCTTTTATTTCTTCTATTTCTTCTTGTGAAAGTTTGGTTCCATTATATGAAAATGAAAAACCAAATTGATTTCTAAGGCTTAAAGAAGCTGAGTTGCCATCTTTGTCTAATTTAGACTCTTTTTTATCATACATAGAAAAAGAAAGATGGTTGCCATTTTTTGTTTTAATATCCATAGAAAAATTTTGAGAATTATAACTAGAAATTTGCATAACATTCCTTTCAAGTCAAGATAAAGCTATATCGTCAAAATAACTCAATCTTAAACAAATTTGCAAAGTTTTTATACTTTGCAAATTTCAAATATTAGGGAGATAAATATTTTAACATTAAGTCTTTAAATGTTCATTAAATCCCAAAATAATTTTAATAATTTTTCATTTTTTGCACATATTAAAATTTGCTTTTTATTGTGTGTTTTTTTGCATGCTTTTAAAGCTTGTTTTAAATGTTCTTTTAAAGAAAAAATCAACCCAAAGGCAATGGCTTCTTTGTCTAAGCCACCTAAAATATAAATCAAAGGCATACGCATAGATTTAGAAACATCAAGTTTTGCTTGCTCATTAATTGTGATTTTAAAATCAAATTTGCTAGGATGTTTAAACTTATAAGCTAAAGCAAGATCTAAAAACTCATCTAAATGGTTTAATTTTTTTCCGCTAATAAATGGATAGATAAAATAAAATAAATCTAAGATATTATTGCTAATTTTGCTTTCATCATCATAATTTTCTTGTATAAAATCATAATATGTTTTAAATTGCTCTTGATAATTTTGCACTAAAGTCATGGCCATTTTGGTTTTTGCAAAATTATTTAAAAAAACTTTAGGATTAACTTCAAAACTAAAATCTAAAAAATTAATCTTTGTATCATTTAGATAAAAAATCCCACTAGCATCACTTTCTAAATCTAGTAAAATATTATCTGAATTAAGCTCATCGATAGAACTATTATGAATTATTTTATCATCTAATATAATAGAAAAATCATTATAAGCAAATTCATTACTCATAGGTTTTTCATAAAAACCAAAATCATCCCAAAAATTTTCTTCACTACAAGCAATACAACCATGTCCTGCAGTTACTGGCCAAGAGGTTTTGGAGTTAAATTTAACCTTAGGGCAATTATTATAAGCATAAGGTCCTTTGCAACCTACTTTAAAAAGACAATAGCCTTGTTTTATATTTTCATCATCAAAACTTTGAGCAAAATTTCCTGCTTCAAATTTAGCCTTTCTTTCACATAAATCATGCAAGCATTTTCCATAAAGAGCTAAAGGTCTATTTTGTTCATCTAAAGCCATATTCTGCTCAAATAATATATAAAAACAAAGCGCTGCGATGATATTTACATCACTTGGAGGACAACCTGGTATATTGATTACTTTTTCTTCTAAGACTTTAGAAATTCCTATGCTTTTGGTGGGGTTTGGATACGCAGCTTGAATTCCTCCATAGCTTGAACAAGTTCCCATAGCAAAGATTGTTTTAGCATTTTTAGCACATTTTTGTAAAATTTCATATCCATTTTCACCATGCGCTCCTATGGTTAAATAAAAAGGATCTATAGCACAAACCCCACCTTCAACAGCTAAAAGAAAATCTTTTTTTTCTAAAACTTCCTCTAAATGCGATTCTGCTTGATGTCCACTTGCACTCATGAAGGTTTCATGGTATTCTAAAGAAATAAAATCAAAAATCAGATCTAAAAAGTCAGGCAATGAAGTTCTAAGCAAACTTTCACTACACCCTGTACATTCACTTAAATGAAGCCATATAAGGCTAGGCGGGGTGTGAAGTTGGAAATATCTATGTGCCAAAGGGTTAAAATCACTTGGCAAACCTAAAATTTTAATGATAGAATTTACAGCCTCTAATGAGATATTTTTTTCTTCTTTGTGTGAGTTTTCTAATAGAGCGATTTTATGCTCTAATATGCTTTTTAACTCTTCATTGCTTAAAGACATTTTTTAACCTTTAGCTATTTGTATCATATTTAAAAAATCATTTGCATTTAATGCAGCTGAACCTATTAACACTCCATCGCAATTTCTTAAAGCACAAATTTCTTTAATATTGCTTTGATTGACACTTCCTCCATATAAAAGCTTAGCTTCGCTAAATTCTCTTAAAAAATTAAGTATGGTATCAATATCATCAAGATTAGCACTTACTCCAGTGCCTATTGAATAAATAGGTTCGTAAGCTATGATAAGTTTTTTATAAGATAAGTCAATATTTTCAATTTGTTTTTTTAAAAAATCCAAACTTTTGTTAGCATTCTTAGTTTCTAAACTTTCACCTATGCAATAAATGATGTTAAAATCAAGATTTTTTGCAAAATCAAATTTAGCCTTTAAAAAGCTTTCATTTTCGTTTAAAGCTCTTCTTTCAGAATGGCCTATTAAAACACTTTTGATGTTAAATTCTTCTAAGTGAATTTTACCTATTTCTCCAGTATACGCTCCATTTTCACAAGGGTAGAAATTCTGCGCGCCTTGTTGAAAGGAAAAATTTTCTTTTAAAAAAGCTATGCTAGGAGGGAAGATGAAAATTTCATCTTCTTTGTTTAAGTTTTGGTTTAATTTTTGA
NZ_CP176591.1_gap14	475144	477445	2301	AATTTTTGCAGGATTTTTAGTTTTATTGATCGTAATATGGATAGCTTGTATGGCTTTGGGAAATATACTATCAAAAATGTTTAGTATGAGTGGTCTTGGTTTTATAGATCGTATTGGTGGATTTTTATTTGGTAGTGCTAAAATATTTTTGATTTTTGCAATTTTGGTAGCTTGTATTAATAATATAGAATTTTTAAATTCAAGCTTGGAAAAATATGCTAAAAATAGTTATACGTTGGATTTACTTAGGCAAACAGGTGAATATATAATGAATACGGATTTTACTCAAAATGGTTTAGATAAAATACAAGAACAAATTATAGATTCTAATGTAAGTCTAAATTCGGAGGTAAATAATGCAAATTGAAAATATAGAATATGATGTTTTGCTTGAGCGTTTTAAAAAAACACTTAAAGACAATGGTTTAAAATACACTAAACAAAGAGAAGTGCTTTTGAAAACCTTATATAATAGTGATATGCATTATACCCCAGAAAGCTTATATGTAGAAATTAAGCAAAAAAATCCCGAACTAAATGTAGGCATTGCAACAGTTTATCGAACTTTAAATTTATTAGAAGAATCGGGTATGGCTACTTCTATATCTTTTGGTGCCTCAGGGAAGAAATTTGAACTTGCAAATAAACCTCACCATGATCATTTAATATGTAAAAGTTGTGGAGAGATTGTAGAATTTGAAAATCCTATTATTGAGCAACAACAAATGTTAATCGCAAAAGAATATAATTTTAAATTAACAGGACATTTAATGCAACTTTATGGTCTATGTCCACAATGTAGTAAAAAATAAAGGTATATTTAATGTTTGATAATATTCTAGAACAACAAAAAATTCAAAAAGCGCAAGAATTAAAAGAATTAGGGATCAACCCTTATCCGCACTTTTTAAAAAAAGAAATGAGTATAAGTGAATATAAAAGTAAATTTGCTTACATTAAAGATATGGAAAATCAGCGCGATGAAAATGTTCATGGAGCATTAGCAGGAAGATTAAAGCTTCTTAGGATAGCTGGTAAATCAGTATTTGCTAATATAGAAGATGAGCAAGATAATCTGCAAATTTATTTTAATCAAAATATTTTAGGGGAAGAATACTTTGCCATTTTAAAAAAATATCTTGAAGTAGGAGATATTGTTTTGGTTAAAGGCTTTCCTTTTATGACAAAAACAGGAGAATTCAGTCTTCATGTAGAACAAATTCAAATAGCCACAAAAGCCATAGTGCCTTTACCAGAAAAATATCATGGTTTGACAGATATTGAGCAAAGATATAGAAAAAGATATCTTGATATGATTATGAATAATGAGGTGAGAAAAGATTTTATTTTGCGTTCTAAAATCGTTTCTTATATTAGATCTTTTTTTGATAATAAAGGGTTTTTGGAAGTTGAAACTCCTATGATGCATCCTATTGCAGGGGGAGCAAATGCAAAGCCTTTTGTGACTTATCACAATGCTTTGGGTGTGGAAAGATTTTTAAGAATTGCCCCAGAATTATATCTAAAACGTTTGATTGTAGGTGGTTTTGAGGCGGTTTATGAGATTAATAGATGTTTTAGAAATGAAGGGATGGATTTAACACATAATCCTGAATTTACTACAATCGAGTTTTATTGGGCTTATCATAATTATCATGATTTAATGGATTTAACAGAAGAGCTTTTTGCTATGCTTTTAGATAAGTTAAATTTAGATAAAAAACTTGAATTTGATGAAAAAATAATTGATTTTTCTAAGCCATTTGAAAGAATTACTTATAAAGATGCATTAAAAAAATATGGTGGTTTAGATGATGAGCTTATTAACAATAAAGAATTAATTTTAGAAAAGCTAAAAAAAGACGGCTTTGAGGCTAATGAAAAATTAGAATTAGGTCATTTACAAGCTGAACTTTTTGATAATTATGTTGAAGATAAACTAATTAATCCTACTTTTGTGATAGATTTTCCTATTTCTATAAGTCCTTTATCTAGAAGAAGTGATAAAGATGCAGATATTGCTGAAAGATTTGAGTTGTTTATCGCAGGTAGAGAAATTGCTAATGGATTTAATGAGCTTAATGATCCACTAGATCAATATGAAAGATTTTTAAAGCAAATTGAAGCAAAAAATGCAGGCGATGAAGAAGCATGTGAAATGGATGAAGATTTTGTTAATGCGCTAGGTTATGCTATGGCGCCAACTGCAGGTCAAGGCATAGGAATAGATAGATTGGTTATGCTTTTAATTAATAAAAAATCAATTCGTGATGTAGTGCTTTTCCCAGCTATGAGACCACT
NZ_CP176591.1_gap15	480758	484138	3380	TGCTTTTATGGCAAGGTGTTTTTGCTTTTGAGTTATTTTTAGAGTGTCAAAAAACAGAAGAAATTTTTAAAGCCATGGAGATGGCTTTAAAACTTCCTTAGTGACTAAACCAAGATTTAATTTTATCAAACAAGCTTTCTTGTTCTATAAAAGCTTCTTCATCTGCTAAACCAAAGCTTTTTTCAAGTTGTAATAGTAGATTTTTTTGTTCATCAGTAAGTGTTTTTGGAAACTTTATTTCAATTTGTACAATATGCGAGCCTAATTTTCCATTATGGATATTTTTAACACCTTCGTTAGCTAATTCAAATTTTTGTTTATCTTTTGCACCTACTGGAAGCTTAAGATTGGCCTCTCCCCTTATGGTAGAAACTTTAATAGTCTTTCCTAGAGCAGCTTGGGTAAAAAATACAGGTACTATGGTATAGATATCATCATCATGTCTAATAAATTTATTATCATCTTCTACGATGATTTTGATATACAAATCACCTCTTTGAGAAGAATTTGGAAGCTCGTTAGCTTTGTTTTGCACTCTAAGGCTCATACCGCTATCTATACCTTCTGGTATATCAAGCTCTATACGATCTTTAATTTCTTCATAACCATTACCATGGCATGTTTTACATTTATCTTTGATAATCTGACCACTTCCTTTACAATGATCACAAGTTTGCACAAAGGTCATAAAACCTTGTCTAACACCAACTTGCCCTTTTCCTCCGCAATGAGGACAAGCATCTAATTTTCCATTTTCCGAGCCACTTCCTTTGCAGGATTTGCAAAAGCTTTTATAGGTAAAATCGATCACCTTTTTGCAGCCAAAAACAGCTTCTTTAAAGCCAATTTTTGTTGTTATTTTTAAATCATGAGGATATTTATTTTCTTTTTCTTTTTTGCGTGTTGAACTGCTAAAACCAAATCCATCTCCAAAAAAGCTTGAAAATATATCGCCTAAGTCAACATCTCCAAAACCGCTAAAACCGCCTGCTTGTCCTTTAAGCCCTTCTTTTCCATATCTATCATATATACTTCTTTTTTCATCATTACTAAGCACTTCATAGGCTTCGTTGACAAGTTTAAATTTTTCTTCAGCTTCTTTATCTCCTTGGTTTCTATCAGGATGATATTTTAACGCCATTTTTCTATAAGCTTTTTTTATGGTTTCTTTGTCTGATGTTTGAGAAATTTCTAGTATTTCATAATAGTTAAGTTCCACTTTTTTCCTCTCTTGAAAAATTAATATTGTAATTTTAGCAAAAAAATAAATGAATAGTTAAATTATGTGTTATAATATTAAGTTTGTAACATATTTTCACTAAAGGGGTAGAGATGATTAATGTTTTAATGATCGAAGATGATCCAGATTTTGCAGAGTTTTTGGCAGAATATTTGGCCCAGTTTAATATAAAAGTTACTAATTATGAAGATCCGTATTTAGGAATGAGTGCTGGTATAAAAAACTATGATTGTTTAATTCTTGATTTAACTTTACCTGGACTTGATGGTCTTGAAGTTTGTCGTGAAATAAGGGAAAAATATAGTATTCCTATTATTATTTCTTCAGCTAGAAGTGATTTAAGTGATAAAATTGTAGGACTTCAAATAGGTGCGGATGATTATCTACCAAAACCTTATGATCCAAAAGAAATGCATGCAAGAATTATGAGTTTGATTCGTCGTTCAAAACGCGTAAATGAAACTCCTGAGAAAATTATCAATTCAGCATTTAAAATTGATGAAAAAAGACATGAGATTAGTTACAATGACGAAGTTTTGGTTTTAACACCCGCTGAGTATGAAATTTTAAGTTATATGATAAGACAACATGGATTTTCAGTTAGCAGAGAGCAACTTGTATACCACTGTAAGAGTTTAAAAGATAAAGATTCTAAGAGTTTAGATGTAATTATTGGTAGACTTAGAACTAAGATTGGTGATAGCTCAAAAGCACCAAAACACATTTTCTCAGTTAGAGGAATAGGATATAAATTAATAGGATGAAAGTAACTATTAATCTTAAGATCACAGTCCTTTTTGCAACAGCTTTTTTATTTGTTTGTGCCTTGTTTGTGCTTTTGGGTAAGGTTCAGATAGATTCTTATTTGACTAATGAACAAAGCAGACAAAAAGAAATTGTAGAAAAGATAATATATAATTTAGAAAGAAAAGAAGGTTTTTCAGTGCATGAGTATCTTCTTTCTAAATCTTTTAAATTAGTTGAAAATGAGCGTAATATAAAACATATTGTTGCCAAAGGTGAAAAAGTACTTAGGGTTAATTCCTTGCATGGAAGCTTTTCTTCTATTATCTATCATAATCAAATTTTTTTCTATGTAGAGCAGCTTAATACAAAACATCTTTATGAGTTAAACGCATCTGCACGTCTTGAATATTTATTTTTATTGAGTTTCTTTTTTAGCTTGATTTTGATTATATTTTTATATTTTTCAGTATTAAGATCTTTAATGCCTTTAAAAATTTTAAAAAAGAAAATTAAAAATATTAGTGCAGGTAAAATTGAACCTTTATCTGAGTATTCTCAGATTAATGATGAAATTTCTGAAATTTCTTTTGAATTTGATCATGCTATCAATAAAATTCAAGAACTTGTAAAATCAAGACAGTTTTTCTTAAGAATGATTATGCATGAGCTTAAAACACCTATTGGAAAAGGTAGGATAGTTTGTGAAATGCTAGATAATCAAAAGCAAAAAGATCGTTTGGTGGCGATTTTTGAAAGACTTGAATTATTAATAGATGAATTTGGAAAAATTGAAAAAGTTTTATCAAGAAATTGCCAGCTTAATTTGCAAACCTATCATCTGAGTTTGATTTTAGAGCAAGCTGAAGATTATTTAATGAGAGATGATTTTTATCAAAAAGTAAAAATTACTTATAAAGAGGATACTATGATAGTTGCTGATCTAGAACTCTTTTCTTTAATGCTTAAAAATTTAATTGATAATGCTATTAAATACTCAGTTGATAAAGCTTGCGAGATTATATGTTCTGGAGATTATATTATTGTTAGAAATAAGGGAATTCAACTTAAAAAAACTTTTGATTATTATTTAAAACCTTTTGTAAGAGAGCATAATACTCAAGTAGAAGGAATGGGACTAGGGCTTTATATTATTAATAATATTTGCAATCTTCATGGTTATAATCTAACCTATAGTTATGAAGATGGTTATCATACTTTTAAAATTGTTTTTTCAAGGTTGAAATAATTTTGAAAGACTTAGAAAAATTTAATGAGCTAGTAGCTGCTTTTTCTGCATTGCCTACTATAGGAAAAAAATCTGCTTTAAGACTTGCATATCATGTTTGTATAAAAGATCCTTTGTTGGGTTCTAAACTTGCTTATCATATTGAAG
NZ_CP176591.1_gap16	598958	601830	2872	ATAAGCTTAAAAGTGCTGATAAAAAACCAAGCAAAATATTTAAAAATAATACTTCTTCCGTAGTCGGAAATTTGAATACGGAAAAAGAAAAAAATGAAAATTCCCTATATATAGAAACACGCACGCACGCGTATAAAGAAAATAATATAAGTATAAATAATAATAAATTTATAAATTTAGAAAATTTAGAAAATAAAGAGAATACAAATAAAAATAATAACGCTACGCGAACTTTTTTTGTTGTTGATTTTGGAGCTTTAAAAACACAGGAGTTTAGCATGGGTAAATTTAAAAAACCTAGTGTAGATGATCTAATGGAGCAGATTAATAACTTTAATCAAAAACACAATACTTGCTTTGATGAGAGTTTGGCTGAAGATTTTATAGAGTATTGGGATGTTAGACAGTGGAAGAGAGGCAACAAAAAAATGGCTTCTGTTGCTGGTAGCTTACATACTTGGCTCAAATATGCAAAGGAAAATGCATTAAGAAAAAATGCTTTTAAAGTTAGAAAAAAAGAGGCTGAAGCTTGTGTGGTGAGCTCTTTGATGGATTATTATGGATTTGAAGATAGTCAAGAACAAAAATATATTGATGTAGTAAGTATTAGTTGAGGGTGAAATGAAAGAAAAAGTTAAAATTTTAATGAATTTGTTAGAGCTTAATCAAGCTCAAGCGGTGGATATAGTGGGCAGATATTTAAAAGATGTCAAAGATATACATGTTTTTTTAGATTATTATTTTGAGACATGTATGAGTGAAAAAATCATCGGTTCTACTTATGAAAAACTTAGAATTGTTTGCAAGATAGCACAACTTGAGTTTAAAGAACGATTTGAGAATAAAGAAAGTTTTTTAAAATGGCTTTTTAGAAATTATAAGTCAAGAGCTTTTTTTAGATTATATAAAAATGATTTTACATATGAATATTTTGCTTATGATAGTTTCAAAAATAAAGTAAAACTTGAAAATAGTTCAAATGATTGTTTAATATGTATAAATGGCTTTAAAGAATTAACATATCACGATGGGTCTTTGGTGGAAGATGGGTATTTTAAAGAGGCGCTTATAAACTTCATGTTTAAAAATCAGCATAGAGTTGGTAAAGATTTGAGCTTGGATATTCAAAAGATAGAATTAAAAACAGAACTTTGCCATCAAAAAACAAAAGAAGAAGAAAAAATATTGCACTTGCAAAATTTGGAAAAGTTTTCTCAAAAACTAAAAGAAAAAACCAGCACCAATTTTAATTATTTAAGCAAAAATAAAGAAAAGGTAATACGATGAGCTATTCTTTAAAATTAGAGCTTAAAAATAACCCTGTGCCTTATAAAAGAACAACTCAAAGAGCCAAGTTTGTTTGCAAAGATTATCTTAAGTATTTAGATTTTAAAAAACTCTTGCAAATTGAGTTTAGAAAGCAAAATGGAATAAGCCCTAATCAAGCTTTTGACTCTAAAAAGCAATACGAGTTTTCTTTAAAAATAGGTTTTAACAATAAAAAGCATGGTGATGCAGATAATATCGTAAAGGCCGTATTGGATGCGCTGTTTGAAAATGATAAGAACGTGTTAAAAGGGAAATATGAAATTGTTGCTTTTAAAAAGGCTTTTTTGGATTTAGAAATTAGCCAATATGATTTTAAGGAAGGATTATCTTATGAGCAATAAAGTATTAACAAAAGATGAGTTAGAGCAAAAAGTTGATGAGTTTTTTGCTACAAATACACCACTTGCTGAAACAAAAGAAAAAACTATTTATGCGCCAAAGACAATAGAAAGTCTAGCTGTATTTTTAGGTGTTACGACAAAAACTCTTAGTATTTGGGAGAAAGATGCAGAATTTGGAGAAATAATTCAAATAGCTAAACAAAGATGCGCTAGCTCTATAATAGATCATTCTTTGATAGGCACTTACACTCCTAGCATAAGCATGTTTTTGCTTAAAAACAATCATGGCTATGTAGATAAACAAGAAGTGGTTAGTGATAGTGTTCAAAAAATAGAAATCATAAGAAGTGAAGTTAAATGCAATTAAAACTTGATTTTTCTTACACTCCGGCACAACTTAAAGTTTTTGATGATAAAAATCCACGCTTCATAACTGTAGCAAAGGGGAGAAGATTGGGTTTTACAAGAGGAAGTGCAAAATATGTAATAGAAAATCTTTTAATGGGGTTAAATGTTCTTTGGGTTGACACGGTTCAAAGCAACTTACAAAATTATTTCGAGCTTTACTTTATGCCTGAGCTAAAAAAACTCCCAAAAGAATTTTATTCTTGGAGCGTTCAAGATAAAAAACTCATTTTAAATAATGCTGTGCTTCATATGAGAAGTGCTGAAAGACCTGAAAATATAGAAGGCTTTGGCTATGATTTGGTAATTTTAAACGAAGCAGGAATTATCTTAAAAGGCTCTAAAGGGGAGTATCTTTGGTACAACGCCATACGCCCTATGTTGCTTGATAATCCTAAATCAAGAGCGATTATAGGTGGAGTTCCTAAAGGAAAAAATCTTTTTTATGAGCTTTGTAAAAAAGAATTAAGTGATGAAAATTGGAAACATTTTCAGTTCTCAAGTTATGATAATCCTTTTTTGAGTAAAGATCAAATCAAAGAGCTAATCGAAGAAGTAGGCGGAGAAGATAGCGAAGTAGTTAAACAAGAAATTTATGGAGACTTTATAGATAACTCTAGTGCAGAACTTTTTGCTTTAAGTGATATTGAAAAAAGTATGAATGTTATTAGTTTTGATATGCAAAAAATGCAAGGAGACAATATATGGGGACTTGATGTAGCAAGATATGGAGATGATAAGAGCGTTTTGGTTAAGAGAAAAGGTTTTGTTGTAGATGAAATTAAAAAATATAGTGG
NZ_CP176591.1_gap17	604217	606435	2218	TGAACAAATGAATGAAAATGATGCTTTAAATGAACTTTTAAACTCACTTAATGACAATGAAGAAACCACTCAAAACAAAGAGGAAGAACAAGAAGTAGATCAAGTAGAACAAGATGAACAAAATAATCAAGATTTATCTAAACTTTTAAAAGAGCAAGCAAATGAAATTAAAACTTTAAAAGAAAGCTTAGCACTACTTAATAATAAAAATAAACCAAGTAAAGAAGAAGAAGAAAGGAAAGAGTATTTAAAGCAATTAGGGCTTGATGGAATTGATGAAAGGCTTAAAAAACTAGATGAATTAGAAGCAAAAGCTAAGCAAAAAGATGAGGAAGAAAGCTTGCGTGCTAAATACATGGAGGTTGAAAGAACAATTAGAAAAGAGTATCCAAATGCTGACTTAAAAACTATGGGAGAATTAGCAAACAAACTTGGTGGATTAGCAAGTGGAGATTTACAAAGCTGGAGAACACTTTTGGCTATGGTTTATAAAAAAGATATTGGTAAAAAGGCAGATGAGAGCCTACCTAGATCAAATTACGCAGGTGGCGAGAGTGATTTTAACTCAAAAATAAAAAAAGGTGATGATATTTCTAATATTGATTTAGGAAAAGAATTATTATCTTTAGCTTAAAGAGGGGCATTTAATGAATTACGCAGCATTAATGAATAATGGTTTTGATTTTTCAAAAAACTTAGTTAAAGCTCAGGCTCCAAAGGTTGATAGTTTTTCATTTACTGATTTTCTAAGCAAAGGTTTTGATAATTTTAGTAAATGGGGGAATAAAGAAATAGCAAAAAATGGAGCAAGAACTAATTTTGATAGGCTTATAGACATTGGTGGGCTTGCCGGAGGACTTTGGGGCGGATATGAACAACAAAAAATGGCAAAAAAGAATTTTGAGCTTCAAAAAGATGCTTACAATTTTAACAAATACTTAGCACAAGAGGAGCTTAGAAGAAGACAAAATAGAGAAAATAACTTAAAAGAAGTTTGGGCTAGTTAAAGTTTATGGATTTAAGAGTTTGTGTTTTTAAAGGGTAAATCTTAACCCCTCCTTTTTTATAAGGAAGGGCTTTGCCTATTATTGCTAGTTTGCGTTGACAACAATAGTGCAAAGTAGTATAATAACTATTAAGATTTGTAGCATCTTATTTTCACCGCCTTTCTAGGTGGTAAATTAGTGCTAAGGGTGGCGACCCTTGGCACCACACCCTTTATAATTATACACAAACCTTTCTTAAATCCTTTATTTTAGATATTAAATAAAGGTAGAAAAATGGCATATTATAACCCACAGCAAGTAGTATTTAACCCAAGTCTTGGTGTAATCCAAAATGCAGGAAAAGTAGGCGGAGTTTTATACGACAGTATGAAACAATATAGAGAAGAAGAAAACAAAAGAAGACTTTTGGCGCAGCAAGATGAAGAATTAAAAGCTCGACAAGAACAAAATGAGATTAATAATGCTTTTTTAAATAATAATTTATTGCAAAAGGAAAGAGCTTTTGAGTATGCTATGGAGCAAGATAGAATAAAGAATAATTTAGCTTTACAAGAATTTAATTCGCAATCTTTTTATAGAGACATAAATAATCAAAAAACTTTATTAGAAATGCAAAGAATAGAAAATGAAATCAATGCAAAAAAACAAGAACAAAAACTATTTGACAATATAACAAATAGTAACACAACGAGACAGAATTTTACAGATAAACAGCATTTAGGGGATTTTAGAACAAAAGCAGCTGCTCAGTTTTTGGATATGGCTTCTAATAGAGGAGAGACATATGATACAACCCATGGTTTTTGGAATGGTACCGTAAATAGATTTTTTGGTGGATGGGGAAGCAAGAGTACTGATTTAAATAGTGCTAGTGATTTGTTTTTACAAAGAGTGATAACTGATTTAATGAGAGGAGGAAAAAATGCTAAATGGAATTTAGAGAATATACAAGCAATTTTCCCTATAAATGGCAATATTCTAGAAGCAAATAACCAAAAAGTGGCACAAGATTTAGTAGGAGAGTGGTTAGCATATGCACCAACAGCTTATAGTTTAGAATTGTCAGAAAAATTAGGAAATGCAAAAACAAACTTTCAAAGGCAAACTGCTATAGAGGAATATCAAAACAATATGGCTTTTTATAATGAATATGCCCCAAAGGTTAGAGCGTTTTATTGGGATGAGAAGTATGACAAACCTAGCGAAAAAGC
NZ_CP176591.1_gap18	609499	611995	2496	AGCATTCTTTCAAACATTCTACCCAAGATAAGCCTAAAGAAAACTTAATTGAGAAATTAAAGGAGGATAGGAAAAACAAGAAAAGTGTTAAAGAAAAACTTGATGAAAAAATCAAAAATCAAAAAGAGAGTGATGAGAATAAATGGGAAAGATTTGATAATTTTTTAAAAGAGAATAAAGACTATAATCTTGATGTTATAGCTAATTTAGATGTTGTCACTAGAGAATTTATACTCAATGCTAAAAAAAAGACACATAAGGGTAAAAAAGCTGATATACCTGATCTAATGCGTTCTAAAATAGAAAATGAATTAAACATCAAGCCTTTAAAAGAATTTGGAAAAAATTATGCAGAGTATTACCATGATGGAAAGGGTGCTTTGCAAAAATTACTCATTGAAAAACAAGGACAAGTAGCAGGTGCTTTTCATAGAAAAGACTTAGGGGATATTGATTTGGTTTGGGGAGAAGTAAGAACATCTAATAGTGAAGTAAAGGGATATGGTTTAAGCAAAATAATTGAAAAACATAAAGAAATTAACGCTGATATCTTAAATGATGTGATAACAAATGGCACAGTTCAGCAGAGACAAAATGAGGCCATACAAATAGTAAAAGATAATTATAAAATTATTCTAAAATCTAATTGGAATGGAAATAAGACAAAAAATAAGTGGATTGTGACCGCATATGAAATAAACAAGAGATAAAGAACAAGTATATCAATTGTTCTTTTTACTAAGGGGATTAATCCCCCCTTAAACTCTTAATTAAAATTCTAACAAACAAAGCTAAAAACAAAATTAAGTTAGCTTTGATTTGTCTTGTTTTTTAAATGTAAATTAATTTTTAGGTTTGCTTTTTATAGAGTCAAATACTTTAGGCAAAAGTGTCAACACTCCGAGTATAAAAGAAAAATAAGCACCATCATTATGTCCATTAAGTATAAGATACAATCCAACACTTATACTAGCAATAGTTATAAGCAGAAAAGATACCATTCCAAAGCCATTCCAAAGATGATAAGATTTTATATCTTTTCTTCTAATCTCTAAGTTTTTATTTTCTAAATCTAATATTTTATTGTCGTTATCTTTTTTATATTCTAAAGATTTTTCTAGCATTGTCATAGTTCTATCTGCTAAATCTGAAGGAAGTTTTGCTATAGCATTGAGCTCATTTTCCATAAGAAAATTAAACTGAGTATTGAAAGTTTGAGGTGGAATTTCTTTATTTTGATTTTCTTGTTTAATAGTATTAGGTGTTTTTTGTTTTTGCGATTTTTTCAATTTGTTTCTCTCTAAATTCAATATTTTCTTTATATAACTTTGCTTGTTTTTCTCTTATAATAGCATTTAAATCCCATAGATTAAAGCATTCATTTTTTATAGGTCTGCCTATAAAACCATCTACAAAAGCTTGTGTTTTTGTCATTTTGTTATTCCTTTTTTCATACACTTATTATATAATATCACAAAATAATTAATATTTTATCGTGTTTAAGAATAAAGCAAAAAACATTCCTATTTGTATTCTATACCTACTTTATAAAAGGTTTTATGGATTTTGAAATTTCATCTAAAACTTTTGCTTTTTCATAATTAATAAGCCAACTATCAACCCATTTAGGTGTTTCGCCTTTTGTATTCCAATTAACAACACCATTATAAACAGCTCCGACCATATTTGCAAATTCTTTTTTTGTAAGGTTTAATTCATTTAATTTTTTTTCAAATGTTTCTATATCCATTTAATATCCTTGTTGGTTTTAGTTATTATAGCAAAAAATACATAAAAATTTAACTTTTAATAAAAAATAATTATAAAAAAATGTATTTTATGCTTGACATATATTATAAAAAAGTGTATAATCACTGCATAAAAGTTATAAAATAATTAACTTTTATAAATCAAAACAAAAAAGGGAAAAAAATGGAAAAATTAGCTGTAATTAATGGCGTAGGTGTAGAGTTGGAGGTAGCCAACGACCAAGTAACGACTACCTCTTTAAGCGTGGCTGAAGTATTCAATAAAAACCACAAAAATATTATACGCAAAATAAATGAATTTCCAAAGGATAATTTTACTAAGCTCAATTTTGAGCCGAGTAAATATATTGATAGCACAGGTAGAATTTTACCTTGCTACAAAATCACTCGCGATGGCTTTTCTTTACTTGTTATGGGTTTTACAGGAGAGAAAGCTTATAAATGGAAGTTAGCTTTTATTAATGCTTTCAATGAAATGGAGAAAAGATTGAAAAATATAAAAGCTGAACAAATGCAAAAACTAGCTTTTAGACAGAGCTTAGGTTATAAATCTCAACTAGCACAGCAAAAGCTAAAGTATGAAAATGAGATTAAAGCTTTAAAGTATGATTTAGAACATAAAAACGAGCTAAGCTTTAAAAGAAGACTTAGTGAAGAAGAATTATTGGAGCTTAGGAAATTTCTAGCAAAAGATTATGAAATAGTTTGTTTTAAAAAATGGGAGTAT
NZ_CP176591.1_gap19	613506	617594	4088	ATAGATGAAAGCCTTTGCTACGCTGTTATTAATTATGTATGTTTTTTGATGAGCAAAGGCGAAAATGTGATGTATTTAAAGCTTTGCAATGAAATTATCAATGATTATATTAGTAACGATGGAAAGGAGCTTGAAAATGCACACTTGTGATACATATAAAAAATTTATCAGAGCAAAGAGTTATGATGATTATGAAAAAAGTATTACAAACTTAGATTTTATAGCTTATTTGGATACTAAAAAATGGCTTGAAGCAATGGATGATTTGTTGTTATTTTGCCAAAGAAGAATAAAAGATAGCGATTTTTATACAGGGGAGTAAAATGGTAAGTTTGGCTGAATTGAAAACAGGTAAAGAAAAGCTAGAATTAATTAATCAAATTTTATTAAGAATTGATACTATAGCTAGAGCTTTAGACAATACAAGACTTGATGAAATTGTCGGTTTAAAAGAGAGCGTGAATTCTTTACATGAACAAACACTAGAACTAAAACAAGAAGTTTTAACAATGTATACTAGTTTTAGCGAAAATAAAAAAGATTTTGATACTAAATTTTCTAGTGTTAATGAAAAATTTAGCATTATGCAAGAGCGTTTTAGTTTTATAGAGCAAGCTTATAATGATTTTTCAAGTTCTAAAGAAGAACTTGAGCTTATAAAAGGCTTTATAGAAGAAAATAAGCCTGTATTTGAAAGCTTAAAAGATGATTTATCTAAATATGAAAGTATGAAGATAGATCTAGAAGCCATTATCACAGAAGCTACAAATAATACAAAATTATCAAAAGAATATTTTGAATTAAGCTCAAAAATAAAAGATGATATTTTAAGAGAATTAGAACATTGCAAAGATTTGGTGCAAGAGTTAAACTATAGTGCTGATGAGCTTAGGGGACTAAAGCCAGAGCTTTTGCAGATAAAAAAAGAAGTAAACGAGCTTTCATCGCAAGCTAGTAAAATAGTTTTAGATGCAAGCGAAATTATAAAAAATAAAATAAATACTATCTTTTTTGAAAATCAAAGATTAAATCAAGAAATGATAGATAGTGTCAAAAAATTGGAGGAAATAAAATATGATGTTGGTATAAAGTATAAAGAAATAATACAAGCTTATAATCTTTTACTAGAAACCAAAGAGAGTTTAGAAGAGTTAAAAGAAGTTATTGCTTTATACAAAGAATTTGAAAACGACATTAAATCATATTCAGAGCTTATAAAAAATTTCAAAGAACAAATTGCGAATTTAGAAAGTGATTTAGAAAATAAAGCACAAGGTTTACACGAAGCTTTAGAAGCAAAAGGTGAACAAGTAATCTCATCCATAGAAACAGCAAAAAATGAAGCTATTGTTAAATTTGATGAGCTTGTTGCAAAATGTGAAGGATATAAAATACATTTTGAGCAAAGTTATGATAGGTTTAATCAAAGAGCTTTAATAGCTAATGAAGATTTGGGGAGACTAGCCGAAGTTGCTAAAAAAGAGCTAGGCAATGACAAGTTAATCTATGAGACAGAATTAAAAGCTTTGCGTGATGAAATATTGCAAGAAATGAATGAAGTTAGTGATAAGGTAATAAATGATAGCACAGGAGTTATTGCCTCAATTGATGAAAAAGCTAATGAACTTAAAAATTTTGTAGATATTTCAAGAGCAAATATAGATAATTTGATAAATGCATTCAATGCTAATTATAATCAAAAAATACAAGAATTTACATCTTTAAACACAAACGCCTTAAGTAGTATAGAAGAAGCTAAAACTAGCTCTTTATCTGATATTAATACTAGTAAAGATGAAAGTATATCTTCTATAGAAACAAGCAAAGACAACGCCTTAAGTAGTATAGAAGAAGCTAAAACTAGCTCTTTATCTGATATTAATACTAGTAAAGATGAAAGTATATCTTCTATAGAAACAAGCAAAGACAACGCCTTAAGTAGTATAGAAGAAGCTAAAACACAAGGGATAGCTTCAATAGATGAAAAATTAACGCAAATAGATTTTAATGGGATAAAAGAAAGAGTTGAAAAAAACGAAGGTGATATTGCAGGTATTGAGGAAAATTTAAAAAATAAAGTTGACTTATTAACACGAGTAGAAAGCAAAACTGTAGGAGTAGGAGGGGATTTCACAACTATACAAGAATGCTGTGATTACTATAGTCAATTTAGAGTTAAAAATGGTGTTAAAGTAAAAATCAAAATAAAAGATGGTTATAAATGGAGTTCATTAATACTAAAAGATACTAATTTAGGTTTTCTAGAAATAGAACAAGAAGTTCCTTCTAACTTTATAGAGTTAGATAATAGTAATTCATATATTTTCGATTTTAGAAATTCTATAAGCCCTAAATTTTCTAATTTTAAAATGAAAATGCCAGATAATACTGCAAGAAACCATCCTTTGATTATAACATCACTTGGAAGTACTCTTGATTTACCTAATTTTGAATTATCTGCTAGCGTGAATATAGAAGGCAATTGGAATATTATTTCATTTATAGAAAATAGTTTTATTAATTTAGCTAACTCTAAAATAGATATTATAAATAAATCTAAACTAACTACTCAAACTTTAGTACAAATGATATACAGCACAGGTGGAAGCGTAGTTTATGGAACAGGCACACATAGTTATACTGATACTGTAACTGATAATACTTCTTGTGTAGTTAGATTATTTAGTGCTGTTAATTCAGGACAATTATTATTGGCAGGTTCTAAGATTAATGCTAATACTCCAAATTATAATGCATTAGAAATAGTTAATGCAAATCATCTAGGTGGTATAGTTATTGAAAACAATGTTGATATATCTGCTATAGCAAAAACTAGTAATCTACTAGTAGCTTATGATATGGGAAGAGTGCAAGCAGAAGGGGTTAATTTTAAAAATGTAAATAACTCTATAGGTGGAAATTTGGTTAAATGTATGAATTCAGGTCAAATAAATGTTAGAGGTATGAGAAAAGGAACAATAAATAATGCTAATGATAGCAATATAGCCTTTAACACTTTAACCTCTGATGGAATTATTTATAAATAAGGAGATTATATGTTAGTAGATAAAAATACATTATCTTATCAAGGAAATATTAGTAAAGATGTAATATTAAAAAGCATAGAAAATAATTCAATATTAGCCTTTATTGATAGAAGATTAATAGAAGATGAAAATGGAAATAGAGTAGATGACATCACACCACAAGAAATTGAAAATGGTATTAAAGCAGTAAAAGAATACTGTCTAGCAAGTAAAAATATGAATTTGTATTTTGAGTACCTACTAGCAATTTCACAAGAAGATGAAAAATTAAATGTTTTAAAAGAAAAGAAAAAACATGAAATTCAAACTAAAAGAGATGAAGCTTTAGAAAGTGGACTTATTTATAACGAGCATGCTTTCCAAACAAGAGAAAAAGATAAGCTTAATATCAATGGAGCTGTAACTAATTTAATGCTTGATATGCAAAGTGGAACTAACTCAATTTCTGAAATCATTTGGATTGATATAAATGATGAAAAAGTAACTTTTACACCACAAGATTTTTTAAAATTTGCTTCAATAGTGGCTTATCATACCCAAGAAATTACGTTTAAAGCAAATGCATTAAAAGAAAGAATAGAACAAGCTGAATCTGAACAAGATTTAGAAGCTATTGTTTGGGAGGATTAATATGTCGCATTTAGAAAATTCAGCCAATATAGCTTTATTTGGAGGTTCTTTTATCTTAGCTTTTTTCTTTCAGTTTTTAGCATATACTGGTATTAAAGAAGCTCAAGCTTTTACTTTGTTTGTTATTTTTATATTTTCAGCAATAGTAGGTTTTTGCAGAACTTTAGCTTTAAATGAGAGTACTAAAGTTTATACCTTTTCTGATCTTTTGTCAAAGTTTTTAATGTTAGGAATACCTTTTATGTTTGCTTTGGGTGCAAAGCAAATAGATGCTTTATATTATTTTGTAGATTATAGTTTTAGCTTCTTGATTTTAGGAGAAATCCTTTCTGTAATGATTAATATTCAATGTATAAAAACAAGAAAAGCAATAGCTGAAGTAGATATTTACAATATTGCAGTTGAGAAAAT
NZ_CP176591.1_gap20	622618	625050	2432	CCCACTAGGCCCTATAATAGCAATAATATCGCCTTTATGCACTTCAACACTAATATCTTTTAAAACTTCTAAATCTCCGTATTTTTTAATCAAATTTTCTATTTTAATCATGTTTATTTAATCTCACTTCTATAAATCTTGCAATGAGCGTTAAAATTTTAACACTTACATAATACACAAGTCCTGTAAAAATAATAGGTTTAGGATTATAATAAATTGCTTGTAAGCTTTTACTTTGCATGGTAATATCCATAACGCTAATATAACCCACTATTGAAGTTTCTTTAAATAAGGAAATAAATTCATTCATTAAAGAAGGTAAAATGTTTTTAATTGCTTGTGGGAAGATGATTAGTCTCATAGAAGCAGAATAATTAAGCCCCATTGCTCTTGCTGCTTCCATTTGTCCTTTGTCTACACTTTGAATTCCACTTCTTACGATTTCAGCTACATAAGCAGAGCTATTAAGCCCAAGCGCGATAATAGCTACATAAAAATTATCACTCCAAGTAGCAAAAATCACTACTGAAAAAATTAAAAGTTGTAAAAGCAGTGGGGTTCCACGTATAATATCGATGTATTCATCTATAATAAAATTTAAACTTTGGATTTCTAAAAATCTTAAAAATGCTAGGAAAAAACCAAGCACTATTCCTATTAAAATTCCACCCACTGTTAAACCAAGTGTTGTGAAATAACTATGAACATAAGCTTTGGCTTCTATAGTATAAGCATATTCACCTGTGGCTAAACCATTTTGATCTTTAACTTGTAAAATTTCAATAGGGAATGAAAAATAAGCCCAAAAAACAATAATGGCAAAAAATACAAAAATTTTCATCGTATTTTGTTTCAACTTACACACCTTGTAAAATTTTAAAAATCTAAGTGTATAAAAATTAAGTTTTCTTTTTACTTAAAGGTGTCTTATGTGATTTTATTACTAGTATTTTGAGTTAAATTTTCACATAGCTTTAAAAAATAAAATAAATTTAACCTAAAATTATATTTTTTTATGACAAATTCATTTTTTTATGATAAATTTATGCTCAGAAATTATAAAAAAGGAGATAAATATGGATTTGATATCCCAATTTGTTGCCTTTGTGAATAATCAGTATTATTCTATTTTAGTAATTTTACTTATTGTCACAGGGTTTTATTATAGTTATTTGACGGGTTTTGTGCAATTTCGAATGCTTCCTTATGTGTTTGATATCTTAACAGAAAAGCAAGAAAAGCATGAAAAGCACCATATTACTCCTTTTCAAGCTTTGATGATTTCAACAGCTTCAAGAGTTGGTATAGGAAATATCGCAGGTATTGCAGTAGCTGTTGTTTTGGGTGGACCAGGTGCTTTATTTTGGATGTGGGCTATGGCGTTTTTTGGTGGTGCCTCAGCTTTTGCAGAAAGTACTTTAGCACAAGTTTATAAAAGTCGTGATGGTAAAAGTTTTAAAGGTGGTCCTGCTTATTATATTAGCAAAGCCTTAAATTTAAAATGGCTTGGAGCTGTTTTTGCGGTGATTTTGATCATCACTTATGCTTATGGATTTAATGGTCTTCAAAGCCAAACTATGACTTCAGCATTTGAGTTTTACTATAAAGGCATGGTTGATGCTAGTGAAGTGAGTTTTGCTCAAAGTTGGTGGCCTATTGTAATAGGAGCAATTTTAGCTGTTTTTGCTGCTTATATGTTTTTTGGTGATCACACTAAAATAGGTAAAGTAAGTTCGGTTATCGTTCCTATTATGGCGATGATTTATGTGGGTTTATCTATCATAGCAATGTTTATGAATTTTGATAAAATTCCTGAAGTGTTTTCTATGATTTTTAAAAGTGCTTTTGATTTTGAAGCTATTTTTGGCGGATTTGCAGGTTCTGCTTTGGTTATAGGTATAAAAAGAGGATTATTTTCTAATGAAGCGGGTATGGGTTCAGCGCCAAATGCAGCAGCTTCAGCTCTTACAACTCATCCTGCAAAACAAGGGGTTATTCAGGCATTTTCTGTATTAATTGATGTGATTATTTGTACAAGTTCAGGATTTTTAGTGTTATTTTCACTTGCTTATGCAAATAATATCGGTGTAGATGGTAAGCCTATTTTAACAGCACTGCCTTTGGTGCAAGAATCCATGAAAGAATATTATGGAAATTTGGGTGTGCATTTTACTACTGTTAGTATAGTTTTATTTGCTATTACTTCTTTGATAGGAAATTATTATTATGCTCAAGCAAATATTAAATACCTCACTCAAAATCCTATTATTATCAATCTTTTTAAAGCAAGTGCTGTGCTTATGATTTTTATTGGTGCAAATATGGATTTAAAATTTGCGTGGGATTTAGCTGATACTACTATGGCATTTATGGCTACGATTAATATCATTTCTATTTTATTGCTTGGTGGTATAGTGAAAAAGGTATTAAAA
NZ_CP176591.1_gap21	631903	634690	2787	TTTTATTTTTAAATATGAGTTGACCTACAAATTTACAAGATTGCGAAACTTTTTAAAAAAACATGTTTAATGATCCTTGTATTTTAGGTATTAAGAATAAATTTATAAGAAGATTTGTGGCGTGGATTATTACAAAATATCGCGTAAAAGCTATGAGGCAAAATTATAACAAATGGGTGAAAAATCTCCACTCAATGAGTTTACACAAAGCTTGTGTGAAAAGCTTAATGTAAAAACAAGTGACTTTAAATTTGACTTTATTAATCTTTACGTGTCTCCTTTTGCCAAAGAGGTTTTGCAAAAATATATCTTAAATGAAAATGATGAAATCATTCTTTTCCTACTTTATCTGTATCATTCTCGCACCACAGTAACTTTATCTTTAGAAGTTTTACAAAATGAAAATTTAAAGCAAAAAATTCAAGCAAAAATAAAAACCATAGATATCTTTTACAAAAATGAGTTTTACAATGAGATGATAGTTTTGCACATTTTAACCAAGAAAAGTAATTTTGATGCTAAAACTTTGATTTTTTAAGCACGTTCTTTGTGACAAAGTATTATTGATAAAGGTGATTTATATGAAAAGCATGCAAATGATCATATAAAACTTTTAAAGGAAAAATTAAAAGATCATTTTGATGAATTTATTTTAGCTTATCAGTCTAAACTAGGTCCTATAAAATGACTTGAGCCAAATACAAATGATATTTTAGCAAATTTAAATAATAAAGCTTTGATTTGTCCTATATTTTTTTGTATAGAATGATTTTTAAGTTAAGCATAGAATTAAATATTTTTGGTAAAATTATGATTATAATTTAATTACACGTCCTAATGATAGTGATGAATTTGTTCAGTTTATTTTGAATTATTTATCAAATTTATAAAAGGATTTTAAAATGTTTGAACTTTATTTGAATTTTTGGAAACAAGCTACTGACTTTAAGACGCGAACTAATAGGGGTGATTATTGGGCTGTGATGCTCATACAAACCCTCGTTAGTATTTGTGTGGCTTTGGCGTTTTTTTGGTGGTTGCCAATCATTGATCATATTTTTTCGTTCGCAAGTTTGTTGCCTATGTTTGCCATAGGTGCAAGAAGATTGCATGATATAGGAATTAGTGGATGGTGGCAGCTTTTATATATTTTGATTATTCCTATAATCGTGTTTGTGATTTTATATTGTTTCAAATCAAATGAATTTGCTAATAAATATGGAGAACGCACACCAGAAACTAGAAATTTTATCCTATACTTTAGTATTAATCTAATCATCGGAATTTTGCTTTTCTTAATTAATGTTGCCTACGAAGGAATAAAATGAAAAAAAATCAAATTCTAGCTACTCTTTTTTATCATTATTTTTAAGTGCGTGTGGAATCTATGTTTTAAATAAAAATTATAGTTCTATTTTTTATGAAGAGGATGGATGGAAAGTATTTATTGATAACAGTCATTTTGGTTTTAAAGATCAAAATGGCGTAATTAAAATTGAGCCGCAATTTGATTTAGCTCTAGATTTTAAAAATGGAGTTGCAAGGGTTGTACAAGATGGAAAATATGGTCTTATTAATAAAGATGGAAATTTTATTATAAAACCACAATTTGATGATATAAGCTATTTTAGTGATAGTGTTTTCTTGGTTAAAAAAGATGAAAAATTCGGTTTGATTGCTTTAGATGGAAAAACGATTTTAGAGCCCAAATTTACACTTTGCGATAAGTGGCATAGTGTAAAAGCAGATTATGCAATTTCAACAAACAAAGAAAAACTTAAATGGATTGTTATTGATGGTAAAAGTGGTTTTATTGATGAAAATGGCAAAATAGTAGTTGAACCTAAATTTGATTTTGTAGTTCGTTTTTTTGATGGTCATGCTGCGGTTAAACTAAAAGATAAATGGGGTTTTGTTGATGAAAAAGGCAAAATACTTGTAGAGCCTAAATTTAATTTTGTATCCGATTTTACAAATGGATTTGCCGTGGTGAGATTAAATGGCAAATTTGGACTTATTAATACAAAAAGGGATTTTTTTATAGAACCTGAATTTGATAAAATAGAACAACTTGAAAATATCATTCTTATTAGTAAAAATGAAAAATATGGTATTGTAAGTTTTAGTGGTAAGATTTTAGAGCCACAATTTGATAGTATACAAAAAAGTTATAATCAAAAGATATTTATGGTGGAAAAAGATTCAAAAATAGGCTTAGTTGATAAAGAAATGCAAATAATTATAGAACCTAAATTTGACACGGTATCTTATAAAAAAAATGATATTTTACAGGTAACAATTGGAGAAAAACAAGGATTGTTTGATATAAAAAGCAAACAGTTTATATTAGAACCGAAATTTGATGATATATATACTTTTAACGACAATCTTTTGCAAGTATTTTTACAAGGTAAACAAGGCATATTTGATATAAAAAATCATCGTTTTATTTCAGATCCAAAATTTGACAAAATCGATGGTTGTGATAATAATACTCAAAGAATCAGCTTAAATGGAAAATACGGAGTTATCAATGAAAATGCACAACTTATCGTACCTATAAAATTTGATTATATATCACCTTGTTTTTCAAATAATCTTGGTTTTGCTAGTGATAAAAATAAAGTAGGTTATATTAATAAAAAAGGGAGTTTGTTATCCCGGCTAAATTTGAGACAGTCACTCCTTTTAAGTATGGTTTTGCGCAAGTCAAACTTGATAAAAATAAAAAATTTGGACTTATTAATACAAAGGGTGATTTAGTTTTACCTTTTGACTTTGATAGTA
NZ_CP176591.1_gap22	661509	662370	861	TTGGAAAGCATGAGATAAAATATCCTATTTTTCAAGGTGGTATGGGACTTGGTATAAGTTGGGACAAACTTGCTTCTGCGGTTTCTTTAAATGGTGGATTAGGGATTATTTCTTCAGTAGGAACTGGATATTATGAAAATAGAGCACATATAGATAAAGAGTTCAATGCAAAGCCTTATGGTAGTGATAATTTTTACTCAAAAGCAGGCTTAAAAGCCTTGATAGATAATGCTAGAAAGGTTTGTAAAGACGCACCTTTAGGCTGTAATATTTTATATGCAAGTAATAATTATGCGCAAATTGCACGCAATGCTTGTGAAGTTGGTTTTAATGTAATAGTTTCAGGCGCAGGGCTTCCTACAAATTTACCTGAATTTACACAAGATTATCCTGATGTTGCTTTGGTGCCTATTGTATCATCAGCTAAAGCTTTAAAAATTATCTGCAAAAGATGGCAAAGTAGATATAATCGCTTGCCTGATGCAGTTATAGTTGAAGGACCAAAAAGTGGTGGACATCAAGGTTTTACTTATGAGCAATGTTTAATGGATGAATATCAATTAGAAAATGTAGTGCCACAAGTTGCGCAAGAAATTAAAAACTGGGGAGATATACCATTAATTGCTGCAGGTGGAATTTGGGATAAGCAAGATATAGAAAAAATGATGTCTTTAGGAGCAAGTGGCGTTCAAATGGGAACTCGCTTTATAGGAACTTTTGAATGTGATGCGAGTGATGATTTTAAACAAGTATTGTTAGATTGTAAAAAAGAAGATATTGAGCTTTTAAAATCTCCAGTTGGCTATCCCGCAAGAGGAGTAAGAACTAATCTTTTAAATTTAGTGGATAAAAGAATGGGGC
NZ_CP176591.1_gap23	728905	730560	1655	CTTATTTATTGATGCGTATGGGAGAAAATGATAATTTCGAAGAGGGTAAAAGAGTATATGAAAGTAGATTATTTTATGCTCATAATGAAACCTTCTCTCCTTATCATTATAATAAAACCATACAAGCTTTTAACAAAGAAGGCATACAGGTGTTTAAAGACAAGCAAATCTTAGTTTTTTGTGAGCAAGGCTTTGGAGATACTATTATGTATGCAAGATGTTTAGAAAAGCTTTGTCAAATAGCTTCTAAGGTTTTATTTGCTCCTCAAAGTTTAATGTATGAAATGTTTAAAAACCAAGTCAAAGAACTGAGTAAACAAAATGATATGTTTTCTAATTTAAAAATTTTAAAAGACTTTCCAAAAGAATTTGATTATGCTATGCCCATTTGCTCTTTACCTTTACTTTGTGATATTAAACTAGATGAAATTTCTAAGTTACATACTCCTTTAATAGCTTTAGAAAAACCAAAGAACAAAAAGAAAAAAATAGGAATTTTTTGGTTTACTCCTAATGCTGCTAATTCAGATTTATTAAGAAATGTAGAATTTGAATTTTTATTTTATGCTTTAAAAGATTTAGATCTTGATCTTGTGTCTTTTCAAGTAGAAGGAATAGATGGATTGAATTTGCCTGTTCAAATTGAAAATAGAGGAGCACAATTAAAAAATTGGAACGATACAGTATATCATTTAAAAGATATTGATGTTATGGTAAGTATAGATAGTGCTATAGCACATTTAACCTTAGCTTTAGATATACCTACTATAGTGCTTTTAGCTCCTAGATTTGATTGGCGTTGGGGTAGGTTTGAAAACCCTAAGAGTTATTTTTGGCCTAAGGCAAATTTACTTACCTTTTCTAATGAAGAAGATACAAAGAAACAACTACAAAATTTAGTTCAAAATTTAATTGGAAAATAACTGAAAAGTTAAATTGAAAAACAATTCAATGTTTGAATCAATCAAACATTGAATCTAAAATGCATTACATCACCATCTTGGACGATGTAATCTTTACCTTCAAGGCGTAGTTTTCCTGCTTCTTTAGCACCGCTTTCACCTTTGCAAGCTATGTAGTCTTCATAAGAAATTACTTCAGCTTTGATAAAACCTTTTTCAAAGTCATTATGTATCACACTTGCCGCTTTTGGTGCTTTCCAACCTCTTTGTATAGTCCATGATCTAACTTCTATTTGACCTGCTGTAAAATAACTAATTAGATTAAGCTTTGAAAATGCTGTGCGTATAACTACTTCAAGTCCGCTACTTTCTATACCTAAAGATTTTAAAAACTCATAATTTTCTTCATCACTTAATGCTATCATTTCTTCTTCTATTTTTGAGCAAAGTTTGATAACTTCATGGCCTGATTTTGCTGCAAATTCTTTAAGATTTTTTACAAATTCATTATCTTCTAAAAGTGAATTCTCATCCACATTTGCCCCATATATCACTTCCTTAGCCGAAAGTAATCTTAGTTCTTTTATAAGAGCTTGATAGACTTCATTTTTATTTGGAAATGAACTTGCACTATTATTTTGATTTAAATGCTCTAAAAGCTCATTAGCTAAAGCTAAGCTTTCTTTTGCACCTTTTTCGTTAGCTTTTGCACCTTTGGTGAGTTTTTCTATTTTTTTGCTAAGTTGCTCTATA
NZ_CP176591.1_gap24	734723	739452	4729	AAACAAGTAGCTTTAATCCAGGGATTGATGTTTTGTTTCATTCTGCTGTAAATCTTTGCAAATATAATAAAATTTTAGCTTTAATTATGACAGGAATGGGTGATGACGGTGCTAAGTCTTTGCTTGAACTTTATAAGGTTGGGGTAAGATGCTTGTGTGAAAATGAAGCAGATTCTATAGTATATGGAATGCCAAAAAAAGCCAGAGATACTAATCCAAATCTAAAACCCATGAGTTTAATAGAACTTAAAAAAGAAATAGTTAATTTTATAAAATCATAGGATGAAAAGATGATTAAAATTGCAGAAAATGAAATGCATGATTTTGTGAAAATAGTAGAACAAATAAGTGGAAATAATTTAAATGCTAAGAGAGATATCTTATTGGTAAAACTTCCAAAATTTTTACAAGAATTAGGCTTGAATAATCTTAGTGAGTTAAATGAAAAAATTCAGTTTCAAAGAAATCTAAAGCAAGAAACTATGGATTTTATTACAGTTTGTGAGACTTATTTTTTTAGAGAATTAGAGCAGTTAAAAGATGTTATTTTTTATATAAAATCTCTTGATAGGCCTGTAAATGTACTTTGTGCTCCATGTTCAAGTGGTGAGGAAGTGTATTCTTTGGCTATTTTGGCAAGTGAAAATTTTATTAAAGGTATGAATATAGTTGGTATAGATATTAATAAAAAAATGATAGATAAATGTAATGAAATGATATATTCAGAACGTTCAGTGGCTAGATTAAATACTATGCAAAAGACACGTTATTTTGATATAAAAGATAGAATGTATCATCTTAAAAAAGAAACTTTGTCTTGTAGATGTCGTTTTGAACTTTGTAATGTTTTTGATGATTCTTTATTTAGACTTGGAAAATTTGATGTAATTTTTTCAAGAAATATGATGATATATTTTGATCAAGATTTCAAAATAAGACTTATGGAACGTTTTTATAAAATCTTGAATAAAGAAGGTAGAATTTATCCAGGAAAATCAGATCATGTACCTGAGACAGCTTATTTTAATAAGAGTTTCTCAGCAGGTGGAATTTATTATTCTAAGGTGGATTAATTATATTTTTTATTAAACCACCACCAATAAATTGCCGCAAAGATAAAACATACTCCCAAGCCAAAAGTAAAATGGCTTAATTTTACTCCATAAAATTCAAATAAATATCCTGTTGAAAAAGCAATAATTGCGCTAAAAGTTAAATATACCATATCATTATATGCAATTACTCTACCATAGTATCTTTTATCACAATCATTTTGTAAAAGTGTATAAGTATAGCTCCATAAAGATGAAGTACAAAAACCTGCCATCACTAAGCCTATAAAGGCAAGATAAAAGTTAAATTGCAAGCAAGCCCAAAGCATGATGCCTATGCCTTGTGCTAAGTATAAATATACCAAGGTGTTTTTGTTAATATAAGGACTAAGCACATAAGGACCTATGAGCAAAGATATAGCTCTTATAGCATTAGAAATTCCTATAGCTAAAGGTATAGAAATAACTTTTGCGTATTCATATTCTGCTAAAAGAGTGATTAAAACATCATAAGCAGTTATCCCTACAACCCCATGAAGTAAAATCAAATGAATGATTTTTTTATTATTAAATACATAAGTTAAACCCTCTTTTACTAATACAAAAACATTATTTTGTGTGGTGTTTTTTTCATCGGGTAAGATTAAAGTTTTAAGTATAAGCATAGCGCAAAATAGCATTAAAGTATCGGCTATAAAAGCTGGCTTTACTCCAAAAAGATCTATAAAAAGTCCTGCTGCACCCATACCCAAAGCATATGATACAGCCCATATAATACTATGAAGCTCATTACCTAGTTTTAGCTCTTGTTGTGTTAAAATTTTAGGTAAAACCGACATTTCTGTTTGAAAATACATACTTGCAACCGCCATACGTACAAAGGTTAAAAAGTATAAAAACCAAAGCATAGCCAAAGAATTTACAAAAATTAGCATAAAAATAGAAATCATCTCAATGCTAATCATTGTTAGCAATAAATTCTTAGGTTTAAATCTATCTACTATAACTCCATTTATAGGTGCAAGTATAATAGAAGGTAAAAAAACAAAAATAGCTGAAAAACCTATAATATTTGCAGGTGCTTGGAGCTCTTTGGTTAAAAGGGTAAAAACACCCACTTGAGAAAACCACGCACCAAAATAACTTATAAATTGTACTGTTGCTAAAAGGCGAAAAGTTTTATTATTTTTAAGTAAAGACCTGTAAGTCATGAACATCCTATAAATATATGAAATTAAAGGGCTTGATTATAGCGTTTTTAAGATTATTTTACATTTAAATGCTATAATAATTCTTTTTTATAAAAAAGGCTAATAATGAATAGATTAAGCAAAAAAGAAGCATTAAATTTACTCCAAAATGCACCTTTATATGAACTAGGTGCAATGGCATATGAGAAAAAATTAGAGCTTCATCCTGAAAAAATAACTACTTTTGTGGTAGATAGAAATATAAACTACACAAATATTTGTTGTATTGATTGCGATTTTTGTGCTTTTTGTAGAAAAGAAAAAGATGATGATTCTTATATTTTAAAATATGAAGAAATAGGACAAAAAATAGAAGAATTACAAGCCATAGGTGGAACGCAAATTTTATTTCAAGGTGGGGTACACCCAAAACTTAAAATAGAATGGTATGAAGACTTACTTTCTTATATAAAAACTAATTATCCAACCATCACTGTGCACGGTTTTTCAGCAGTAGAGATAGCTTATATAGCAAGAGTTTCTAAAATTTCTATTGAGGAGGTTTTAAAAAGACTACAAGCTAAAGGACTTTTTTCTATACCTGGAGCAGGTGCTGAAGTATTAAGTGATAGAGTAAGAGATATTATAGCACCACACAAATGTGACACAGCTACTTGGCTTAGGGTGCATGAGAGTGCACATAATATAGGTATGAAAAGTACTGCTACTATGATGTTTGGTACGGTTGAGAATGATGAGGAAATTATCGAACATTTTGATCATTTAAGAAATTTACAAGATAAAACAAATGGTTTTAGAGCTTTTATTTTATGGTCATTTCAAAGCGAAAATACTCCTTTGATTAAAAAACACCCTGAAATCATCAAGCAAAGTTCTAATAGATATTTAAGATTGTTAGCTTTAGCAAGATTGTATTTGGATAATTTTAAAAATTTACAAAGTTCATGGGTAACACAAGGCTCTTTAATAGGTCAACTTGCTTTAAAATTTGGTGCAAATGATTTAGGTTCAACTATGATGGAAGAAAATGTCGTAGCCGCAGCGGGTGCAAAATATAGAATGAATCAAGAACAAATGATAGAACTTATCAAAGATATAGGAGAATTACCTGCTAAACGTGACACAGCTTATAATATTTTAGAAAGGTTTTAATGCTAAATTTAGACTTTAATGAAACTAAAATAGACATAATATATGAGTATGAAAATGAACTTCCTATAGTATTTTTCAAACTCATTTTTAAAAATAGTGGAAAAATAGCAGAAAAACATAATAGAGGTTGTGCAAGTATGCTTGCTAGGCTTTTAAACGAAGGAAGTAATGATGAGTTTTTTAAAAGTTTAGAATACCGTGCTATAGAGCTTTATGCTAAGGCTAGTTTTGAGCATTTTCAAATTAGTATTAAGTGCTTGAAAGAACATTTTGATTTTGCTTTAGAAAAATTGCAAGAATTGTTTTTAAATGTGCGTTTTGATGAAAAAATCTTACAAAGATTAAAAACTTTAGCTTTAGGTGAGCTTGCAAGTTTAAATACTGATTATGATTATCAAGCAAAAAGACTTTTAAATAAAAATGTTTTTAAAGATGAAATTTTTGCTAGTGGTCTTGATGGAACTAAAGAAAGCATAGAAAAGATTAGCTTAAAAGAATTGCAAGATTTTATGAGTGAAAATTTAGTACTTGATAATGCTTTATTTGTTTTTGGTGGAGATATTAAAGAAGATGAAGTAAAGATTAAAGTAGAAAAAATTTGCCAAATTCTAAAAAGAAACACTCCAAATCAAAATAAAAATTACAAACTTATTGATGAGAGTATAGAAGTAAGTGAGCAAAAAAGTACCGAGCAAGCTTATATATACTTTTGCTCTCCATTTAATATACAAATTAATGATGAGAAAATGTATTTAGCTAAACTTGCTTTATTTATCTTGGGTCAAGGTGGTTTTGGTTCGCGTTTGATGGAAGAAGTGCGTGTGAAAAGAGGCTTGGCATATTCAGCATATGCTATGCTTGATGTAAATTTAAATTATAGTAGAGTTTTTGGGTATTTGCAAACTAAAAATGAAAGCTCTAATGAGGCTAAAATTTTAGTTAAGGAAGTTTTTGAAAACTTTGTCCAAAATGGAGTCAATGATAAAGAATTTCAACTAGCTAAGCAATTTTTGGTAGGTTCTATGCCCTTAAGGTATGAAAGTTTGGCTAAAAGACTAGATATAATGCTAAATGAATATTTACATGGTTTAAAACTTGGAAATTTAAAAGAAGAAATGCAAAAGATCAAAAACACTACCTTAGATGAACTAAATGACTTTATCAAAACACATAGTGAAATTACAAAAGTGAGTTTTGCAAGTATAGAAAATGAAAGTTGAAGAAAAGGATTTAAAACTACTTCATGCTTTAGGGGTTAAAAATTGTATCGATTTGGCTTTGATTTTACCTAAAAAATTTGATGATTTTAGAATT
NZ_CP176591.1_gap25	741794	742473	679	AGTATGGAAGGTTTTATGGATTTTGATTTTTTAATCAAGTTTAGCCCTATGTTTATACAAGCTTCTTGGCTTACTTTAAAACTTGCTATTTATGGAGTGTTTTTTTCATTTTTAGTAGGTTTATTTTGTGTGGGAGTAAGTTATTTTAAATTTTCTTTTTTAAATACAATCTGTAAAATTTACATAGAATTTTCAAGAAATACACCTTTATTAATCCAACTTTTCTTTTTATATTATGCTTTGCCTGAGTTTGGAATACACCTTAGTTCTTTTGCTTGTGCTGTGATAGGACTTAGCTTTTTAGGTGGTTCTTATATGGCTGAGAGCTTAAGAGCAGGCATGGAAGCAGTAAAAAAACAACAATACGAATCAGGACTTTCTTTGGGTTTGAGTAAATGGCAAAATTTTCGTTATGTAATCATACCTCAAGCTTTAGGTATAGCTATGCCAAGCATTAGTGCTAATATCATTTTTTTACTCAAAGAAACTTCAGTAGTAAGTATTATTGCTTTAGCGGATTTAGTATATGTGGCTAAAGATCTTATAGGGCTTTATTATAAAAGTAATGAAGCATTATTTGCTTTGGTGCTTTGTTATTTGATTTTGATTTTACCTTTATCTTTAGTGTTAAACCGTATAGAAAAAAGGTTAAATTATGTTTGAAATTTTAAATCAAGAT
NZ_CP176591.1_gap26	744040	747265	3225	TAGGTGTGTTTGGTGATAAACCTCCATTTGGTTACTTAGATGCTCAAGGAAAAAATCAAGGCTATGATGTGTATTTTGCTAAACGTATAGCAAAAGAACTTTTAGGGGATGAGTCTAAAGTACAATTTGTTTTAGTTGAAGCAGCAAACAGAGTAGAATTTTTAGAATCAAATAAAGTAGATTTAATCTTAGCGAATTTTACTAAAACTCCAGAAAGAGAAGCTGTGGTGGATTTTGCTTTGCCTTATATGAAAGTTGCTCTTGGGGTAGTAGCTCCTAAAGGATCAGATATCAAAACTATAGATGATTTAAAAAGCAAAACTTTGATTTTAAATAAAGGTACAACAGCTGATGCATATTTTACAAAAAATATGCCAGAAATTAAAAGTGTTAAATTTGATCAAAACACAGAAACTTTTGCAGCTTTAATCGGTAAAAGAGGCGATGCGCTAAGCCATGATAATGCTTTACTTTTTGCTTGGGCTAAAGAAAATCCAAATTTTGAAGTGGTAATTAAAGAACTTGGAAATCATGATGTTATAGCTCCTGCTGTAAAAAAAGGTGATGAAGCTATGTTGAAATTTATCAATGATTTGATTATAAAATTACAAAATGAGCAGTTTTTTCACAAAGCTTATGATGAAACCTTAAAGCCATTTTTTAGCGATGATATAAAAGCTGATGATGTAGTAATCGAAGGTGGCAAAATTTAATAATGCAAAAAGCCTTTAAAAATACCATCTATGCTTCTTTAGGTGGTATTTTAGAATTTTATGATTTTGTTTTATTTATCTTCTTTGCAAGTGTTTTTGCAAAAATTTTCTTTCCTCAAAACGATGATTTTTGGCCATTAATCTATACTTATGTAGCCTTTGGAGCAGGATATTTAGCTAGACCTTTTGGTGCTGTTGTTTTAGCACATTTTGCAGATATTAAAGGGCGTAAGAATGTTTTTTATGTCAGTATGCTTTTAATGGTCGTGCCAAGTTTTGTTTTGGCCTTTTTACCTACTTATGAAAGCATAGGACTTTTAGCTACTTTTATGCTTTTTATCATACGGATAGCTCAAGGGCTAGCCATAGGAGCTGAAGTGAGTGGTGCTTGGATTTTTGTGAGCGAATTTGTGAGTAAAAAAAGACTTGGCTTGGCACTTGGTTTTATTTCAGCGACTTTAACTTTAGGTTTATTACTCGGAAATTTAGCGACTTTAAGTATATATGCGTATTTTGATAAAGAAGAAGTAGAAAGCTTTGCTTGGAGAATTCCTTTTTTTATAGGGGGATTTTTTGGCATATTAGCTTTATTTTTGCGTACAAAACTTAACGAAACACCAGCTTTTAAAAACATAAAAGAAAAAGAAAAAATTTTAAATTTCCCGCTTTTACAAGCTTTAAAAACACATAAAAAAAGTATGTTAATATGCGCTTTGCTTACTGTGGTTTTAACAAGCGGGGTAGCTACTTTAATGATACTACCACAATATTTTGAAAGCCTATTAGGAGTTAGCAAAACTACTGCTTTGACATATCAAAATTTGGCCATAGTGATGATCATACTAGGAAGTTTAGTGCAAGGTTATTTGGCTGATTTATTAGGACATTTTAAAATTTGTTTGATTTTCACTTTAATTTTTGGAGTTTTTGGTATAAGTTTTAGTTTTTATAATGAGTGGTTTTTGTTATTTTATTTACTTGCTTGTTTTGCGCAAGGTATTATAGCTTTTGCTCCTATTTTTATGACTCAAATTTTTACTACAGAGTTAAGATCAAGTGGTCTTTCTTTTGCTTATAATATCTCTTATGCGATTTTAGGCTTTTTAACACCCTTTATTGTTAATTTTATGTATGAGAAATATTTTTATTTTTATATATTTTTTGTGTTTATTACTAGTTTGATAAGTATGTTTTTGGTAAAAAAATATATTAAAATTTTATAATATTTTTTTTCTTTCAAACTGCTATTTTTAGGATATTTATAAATTTCAAACAATTTTTATCTTAAATTATACTTAAGGAAAAATTTATAAATAAAATATTAATATTCCCAATACATTAACAATTAACTAGTAATGTTTACTAGTTAATACAAACAAGCAATAAACCAATCAAACACATTAATCATTTTTCGAAAGGACTTTTTCAATGCATATAAGCACAGCTAAAAATCGCCTCACGGGGGGGGGATACGATAATTTTCGTTTTAACTCACACACTTTAAATTCTTTAAAAAACTATAAAAACTCTAATCTTTTAAAACTTTCTTTATTTACTATTTTTTCACTAAGTTCTTTAGAAGCTGCCACTCAGGCAAATTATGATAAAACTTCTAATGCTTATATAATTAAAAAACACCATTATGAGAACAATGATGTCTATGATTATAATCTTGATACTTATAAACTCTTAAGTGGTAAAAACTTCTATGGTCAAATGGCTACTAATAAAAATCTTTCAAATATCACTTTAATCTATGATAATCCTAAAGATAAAGCTCATGCAAAAATGAATGATTTATATTTTAAACAAGACATACTCACTCCAAGTATTAAAGAAGATATTTTTGTAGTTAATGGCTTTCATAGTTCTAACTCAGCTAATACTACCCTAAATCAAATTAGCTATATACCTTTTTTAGTTTCTGCTTATACTTTTAATGCAAAAGCTAATAATAATACCTTAGTATTAAAAGCAGGAGAATTATCTTCAGTATATTATTTAAAACCTACCGATAAAGAAGTAATTAATCCTAAAGCTAGTGGTTTAGATAATAAATATAATTTTTTAATCACTCCAGCCATAGCTAGAAAAGGTGAAGTAAGTAATAATACTTTAAATTTCTTAAAAGATGCCTATGTAAATATGGGTGTTGAAAACACCTATACTTTACCTTTAAATGGTGCTCCTTATGTAGTGGGTGCTTTTGGTGTAGATGCTAATGCTAATAATAATACAGTTATATTAAATAAAGGCGTAAAAATAGACTTTCATACTACCCCTTATAGACAAAGTACTTTAGGGGATAATATCTTTGATGAGAGAATGACTCATGTAACAGGAGCCATTACTTATAATGCTAATGCTAAAAATAATAAAGTTATTATAGATGGAGCTTCTTTATTAGTACATGGTCCAAGTGGAGCATATTCAACATCAGCTGCTACTCACTTAGGAGGAGCTTTTGTGGATGTTAATAATAATCAAAGTTATGAAGTAAGTAATAATAGTG
NZ_CP176591.1_gap27	764460	766432	1972	TTTTAGTCTTTCTTTGGCTTCTTTTAAAAGTTTTACTAGACCCTTTGGGCTTCTATCTATACAAATAATTTTAGGTTTTTTAATCAAAGTTTTAAAAACGGGGAGTTCGCCAAGTTCTTTTTTGGCTATCCAAGATATATTTTTTGGACATAGATCTTCCAAAACAACTATGTCTAACAAACTTTGATGATTGATTAAAAGTAAATTCGCTTGAGGATGTATGGAACCTTGAGTTTGGATTTTATAATTTATTATATATTTTTGTAATTTTGACCATATTTTTCTGATTTTCCAAATTTTTTCTTGTGATTGCAATAATAAAAAGGCAATACATAAAAATATAATAGATAAAATAAATTCAATCCAAAATATTAAAGCTTTAAATCTTTGATAAATCTTCACTTTTTACCCAGCCTATTTTTCCATTATTAAATAAAATTTTTTTATATTCATCTCTTGAATCTAGCACTTCTACTTCTTGTTTATATTTTCCAGAATAAAAATGAGTTGAATTTAGAGTTGGTAAAATTTGCACTTTACTTTCAGCTTTTAATATAGCTTTATATATGTTATTTTGGGCTAAAAAACTTGCTATTAGAGCCAAAATTGCTAAACCTAAAGCTACATAGCTTTTCTTAAATACAAACCATAAAGCAAAAATACCACACAAACTCCACAAAAACACTTGTTTGTAAAAATTAAAGTCATTAGTTTTTGGATTTAAATCACTTTGTGTGCTTATACTATCTTCTTTAAGTTCTATTTTTAAGGAAAAATCTTTTAACTCTTTAGAATTTAAATTAAAATAAGAAAAATCAAAACGCGTTTTACTTTTATCTAAAATAGCATAATAAAACCCACTTTGCTTTTCAAAATCACCTTTAATAGCTTCTATACCTTGTTTTTGAATATCCTTTATATTAAAACTTGCTAGATTTGTATTTTCTCCTGCAAGTTCTATGAATAAAATTATATTATCATTATCAAAATTACTTGCTTTTACTTGTTTTACTTCTAAATTACTTGCAACTATGTGTGAGTATTTGTTAGAAGGAGCGTCAATTTTTTTAAGTCTAATAGGTTTTATAATTAATGATGAGCTTTGAAAAATATGATCATTTCTGCTTAAAGAAACGATGATTTTATTTAAATTAGCATTTAAGCTTTTTGCTTCAAACCATAATTTTGTATGATATGAATTAGCTTTTTGCTCCCAAATAGGATTAGGATTAATCCAAAGCATATCATCATTTTTTTCAAAACTCACATTTAAATCAAAACTTACATTAGTTGTGGTAATAACCTCAAGATCTATAGCAAAAGCTTCATCTATATAAGCTTCATCAGTGCATTCCTTTGCATTTAACACCAAAGAACCTTGGGGAATAAACTTTTCATCATTGATTTTGCTTTCGTAATTACTTTCATCACTTGGAGCGATAGTTTGATAAATTTGCTTAGCTTGATCATCTAATTGATTGTAGTTTTTTTCTAAGGCGTTGTAGTCTTCAAAAACGCTATTTTCTTGAGCATATAAATTAAACGCTAGTAAAAAAATACAAAAAACTTTGAAGGTTTTTAACAATTTAAAAATCCTTCAAACATTTTAAGTCCTGCTTTTGAGCCAAGTATATCATCACACATTCTTTCAGGGTGTGGCATAAGTCCAAAAACTTTTTTATTCTCATCACAAATTCCAGCTATATCGTTTAAAGAGCCATTTGGATTGTTGATATATCTTAATAAAATCATATCTTTATCTTCTAGCATTTTAATACCATCTTCACTATTAAAATAATTTCCTTCTCCATGAGCAATAGGTAATTCTATAATGTCATTTTTTTGGAAATTTTTCAAAAAAGCATTATTGTTTGATACCACTTGCAATGCTTGCATTTTAGAAATAAAACTTAAGCTATTATTATGTTTCATAGCCCCTTTTAAAAGTCCAAGCTCTAATAAAATTTGAAAA
NZ_CP176591.1_gap28	771813	774478	2665	TTGTTTAAAAAATTATTATTTTTTTATCTATTCTTAACAATAAATGTTTTAAAATCTACAATGATATTTCTATATTTAAGGAACAACAAATGAGTGATTTAGATATTTTTAATCGCCGTTTAGACGCATTAGAAAAACTTCCTCTTTTGAAAAATGAGATTTCTATCTCTAAAGCCTTAGAGCAATCAGGTTTTTCAAGAAGAGATTTTATGAAATGGGCTAGTGCAATGACTGCATTTTTAGCACTACCTGCTAGCTTTACTCCAGTAGTTGCAAGAGCTGCTGAGCTTAGTGATAGACTTCCAGTGATTTGGCTTCATATGGCTGAATGTACAGGATGTTCTGAGAGTTTATTAAGAAGTGATGCTCCTACTATTGATAGTTTAATTTTTGATCATATTTCTTTAGAATATCATGAAACTATAATGGGTGCAGCAGGTTGGCAAGCTGAGCATAATCTTGAAGCTGCCATGGAGAAATACAAAGGTAGATATATTTTAATGGTAGAAGGTGGTATACCAACAGGTACTACAGAAAACTTTTTAACCATAGGACCACACGGTAAAACAGGTAAGCAAATAGCAGTTCAAGCTTGTGATAATGCTTTGGCTATTTTTGCTATAGGCACTTGTTCAGCTTTTGGTGGTATTCAAGCTGCTAGACCTAATCCGAGTAATGCTGTAAGCTTAAGTAAAGTTACAAATAAAACAGTTATTAATGTACCAGGTTGTCCTCCAAGTGAGAAAAACATTATAGGTAATGTGATTCATTATATATTGTATCAAACATTACCAGCGCTTGATGCTTATAATAGACCAAAATGGGCTTATGCTTTAAGAATTCATGATCTTTGTGAAAGAAGAGGACGCTTTGACGCGGGTGAGTTTGTGCAACAATTTGGTGATGAGGGAGCAAAAAAAGGATATTGTCTTTATAAGGTAGGTTGTAAAGGACCTTATACTTTTAATAACTGCTCAAAAGAAAGATTTAATCAACATACTTCATGGCCGGTACAAGCTGGACATGGTTGTATAGGTTGTTCTGAACCGGATTTTTGGGATACTATGGGACCTTTTGAAGAAGTGATGGCAGGAAGGTTATTTGATACTGTTTATGGCTTGGGTGCTGATAGTATTTCAGATAAAATAGGTATAGGTGTGCTTTGTGTAACAGGTGTTGCTGTTGCTGCGCATGCTGTGATTGCTTCATTAGAAAAGAATAAGGATTGAGAATGTCAAAAAGAATTATTATAGATCCACTTACTAGAATAGAAGGACACTTAAGAGTTGAAGTGGTAGTTGATGAAAATAATGTCATTAAAGAAGCATATTCAGGATCAACTCTATGGAGGGGTTTAGAAACTATTGTAAAAGGTCGTGATCCAAGAGATGCAGGCTTTTTAACTCAAAGAATTTGTGGTGTTTGTACTTTTTCGCATTATAGAGCAGGGATTATTGCAGTGGAAAATGCTTTAGGTATTACTCCACCATTAAACGCAGTTTTAACTAGAACTTTAATGAATGCAGCTTTATATATGCATGATCATCCTGTGCATTTTTATCAACTTCATGGGCTTGATTTTGTTGATGTTGTAAGTGCTTTAAGTGCTGATGTAAAAAAAGCAAGCGATGAAGCATTTAAATACACTGACATGCCTTATGCAACAGGTGCAGATAAACTTTTAGAAGTGCAACAAAGACTAAAAACCTTTGTAGATAAAGGAAATCTTGGACCATTTGCAAATGCTTACTATGGACACGCAACTTATCGCTTTACTCCTGAGCAAAACCTTATTGCACTTTCGCATTATTTAGAATGTTTAAGAATTCAAAGAACAATAGCTCAAGCTATGGCGATTTTTGGTGCTAAAAATCCTCATCCACAAAGCCTAACAGTAGGTGGTGTGACTTGTGTTATGGATCTTTTAAACCCATCAAGAATGGCTGAATATATGACTAAATTCCAAGAAGTAGCTGATTTTATTAATCGTGCTTATTATCCGGATTTAATCATGGCAGCAAAAGCTTATTCTAAAGAAGCAAGTGTGCTAAATGATGTAGGGGTAAATAACTTCTATACTGAAAGAGAATTCCAGGTTTCAAGTGATGAGTGGTTGTTTGAAGGTGGTATTATTAGAAATGGTGATTTGAGTAAGGTTGAAGAAGTAGATGAAGCTAAAATCACCGAAGAAGCTACAAGAGCTTGGTATGCGGACAATGAGGCTTTACATCCTTATGATGGTAAAACCAATCCAAACTATACAGGCTTAATTGATGGTGAAAGTATTGATGATAAAGGCAATATGGTTCATAGTAAGGTATTTGATACTAAAGGTAAATACAGCTGGATCAAAGCTCCAAGATATGAAAATTTACCTATGCAAGTTGGGCCATTAGCAAATATTTTAGTTAATTATGCTAAGGGTAATAAAATTGTAGTAGAAGCGGTTGATTCATTCTTAAAAGCTACGAATTTACCAGTTAAAGCACTTATGAGTACTTTAGGAAGAACGGGTGCTAGAGCAATTGAAGCTAAAATCATTGCTGATCATGGCTTGAAAGCATTTAATTCTTTGGTTGAAAATTTAAAAACAGATGAAAGTACTTGTGCTACTTATGTAATTGATAAAAACAAAGAATACAAAGGTAGATTTATGGGAAGTGCG
NZ_CP176591.1_gap29	879481	880168	687	GCAATGAAAAGTATCATAGGTAATGCTAAAAATTTAAGAATTTTTTTAATATGTTGTGATTTGATTTTAATTTTTCTTTTATCCATTTTTTATTATCTACTTTTACCTATAAAAACAAACTCTGTAGTTTTTATACCACAAGGTTCTGTTGGTAAGATTATAACGCAATTAGATAAAAATAACTATAAAATGAGCAGTATTGATAAATATACTTTATATTTTTTAGGCCATCCACAATCTGGCTGGATAAATATAGGCACAAAAGAACTAAATAGAGTTGAATTTTTACATAAACTTACCGTTGCTAAAGCAGCGCTTGAAACTATTACTTTAATTCCTGGAGAAACGACTGAAATTTTCTTTGAAGAACTAGCACCGAAGTTAAATTTAAACGCTAAAACCTTAATGCAGGAATTTTACAAACAAAGTTCTTTTAAAGAAGGTATGCTTTTTCCTGAAACTTACAAAATTCCAAAAGGTATCACAGAAGAGCTTTTGGTAAAATATCTTTTAGCTTATTCTACAAATGAATTTAAAAAGCTTTCTTATAAAATTTTTAGAGAATATAATGAAAAAAAATGGCATGAATATATCATCATAGCGTCCATTATACAAAAAGAAGCAGCGAGTAATGAAGAAATGCCTATAGTTTCATCTGTGATTAGAAATCGTTTAAGAAAAGGTATG
NZ_CP176591.1_gap30	882130	883871	1741	AAAATCTTTCACCCCTAAAAAGCTAGTTTTGTTTTGAATTTTTTTAAACTCAGCTTCTTTTTGTGCTTCTATAGCATTTAATTCTTCGATTTTTTTAAAATCCTCATTAAGCTCTTCTAAAATTTTTTCTTTTTGCAAGGCTTTATACTCTTCTAGCAATTTAGCTTTTTGTAGCATTTGCTCACGCTCTTTAAGCTCTTTGGCAAATAAGGAATTTTCTTCTATTGTTTCTTCTTTATTTTCATTTAAATCTATATTACGTCTTTTATAGCTTGGTTCATCTAAATTTTTACTTTTTAAGGTTTGAGTATAAATATCTTCACTTTTATTTTTGTATTTTAATAAATACTCTTCAGGGGTCATTTCATCTTCCTTTATATTTATTTGACTTGCTTTTTGAGCAAAACTTGCAATAGGTTCTGAAAGCTCATGAATATAGCTTGAACTTAACTTTTTATCCTCTTCACTAATTATCACTTCCTCTAATTCTTGGTTTTTTAAATCTTCAAGATTGAATTTTTTACTTTCTTGAACCTCTTGTTTTGGCAACTCTTCTTTCTCAATGAGTTCTTCTTTTTTTTCTTTGATTAAAAGCTCTTGTTTAAGTTTTTCTTGTTCTTCTTTGGTTTCATTTTCGTATTTATCACCACCAAAAAATCCAAAAATTTTATTTTTAATTAAAGTTTCAAGTTTTAAATAAAAATCAAAATCAAGCTCTATTTTAAATACTTCTTTGATAATTTGCGGAAAAGAAATACTAAAAGCAAAAGCTAAAAGCAAAATCACTAAGATCAAACTTCCTATTTTTCCAAAAAGTCCATCTAAAATCACAAACATAGCAGAAGCTATATAACCTTTATCTTGTAAAAATGCTGAAGCAAAAACAAGCGAAGCAAAAATACAAGCAAAAATAGCCACACTAAATCTACGCTCAATAAGTTCAAAATTATAATCATTTTTATACAAAAGATAATTAAACCAAAAAAAGACAAAAGGATAAAATTTAGTCAATGATCCAAATAAAAAATAACTAAGTTTTGCTAAAGAATACCCTATAATACTTACCAAGGCTTGATCGGGTATCAAAGAACTTAAGCAAAAATAAAAAATTAAAATATTAAAAATAATAAAAATAGCTTCTTTTTTTATAACATATCCTTTATAAAGAAAAAAGCTATTATATCAAAAAATTATAAGTAGTTTAATAAACTCATTTGAGAAATTTTAGAGGTTGCTGAAAGCATAGCTTGATAAGAAACCATAGTTTGCATAAACTGCATATAAGTCTGACCATAATCAGCATCAGTTACACCACTTTTTATAGAAGCTACATTGATATTTAAAAAAGTCATTCTTTTATTTGTTTCTTCTATATTATTAGTATAAGCGCCTATGGTTGTTTGCATTTTTCTAACATGATCTTGCAAATGATCAATCCTTTCTAAGGCTCCTTGCAAACCTGTATTTCTAGGATCACTTCCTTCTGAGTCAGCTCTCATATTACCATTTAAAACAGCATCTATCATATCATCTAAATCTTTAATTAAATCAATATTTGGATCATCGATAGTTAAAGAATTATTTGCACTAAATACAAAACCAGAACCATTGCTTACCTCACCTGCTGGAGGAAAACCACTGTTTGAATTTGAATCTTTTAAAGTAAGACCTATATTTGTATTAGTTGAAAATTTATCAGTAATACTTATACGACCCTTATAATCCATACTAACTTCTACAA
NZ_CP176591.1_gap31	889448	893803	4355	TTGTTGGAATAATCTTGGGCTTTATTAGTATCATCGCTTTCTTCATCATCTTCTTTCATCTTAATTTCATTTTTTATCTTCTTATCCCCTATCCCCTTATACATCACTTCTAAATTATGTTGTCCTATAGCTTCTAAATTTTCCATTAATCTTCTTGCTTTTTGCCTATCTTCTATGAACTTACCGTTTTCATCTTGAGTAGTATTATAAATACCATTTGCATATTCATATAAAATTTGTATAGCATCATTATAAGCTAAGATAGGGTGTTGTTTTATCACTGGGTGTTGTGTTTTATACTCTTCTTTTCTTTGAAAATGCTCTAGCTTACATATATTACAATTTCTAAGTTCTATATTGTTTTCTTCAAAAAATTCCATATCGTTTAAGATGTATTTACCCTCATTGATTTTATCTTCCTTAGAAACACTTCTTTTCTCATCTAAAATAATATAAGATAAAAGTCTTTTTAAGGCAAATTCCCTGGCTTTGCTTGAAGTCGTAGCACAAGCAATACTAGGATAATAATTAAGCCCACCTGTGCATAATAAAGAACCAAAAATAAACTCAGATAAATCAAAACTCATAAATCTAGAATTTATCAATAAAGGATAGGTTAAGTATTCTTCTTTTTTTACAGCTAAAGGAAAATCATAATTGTAAGTAAATTTTTCATACATTAGTTTTTCATATAAAATTTTTAACCTTTCATAATTTGTAGGCAAAAGTGTATCGATAAAAGATCCTGCTAAATTTTTTAACACATCTACACTTAAATTTTTACCCATTTTAATAGAAAAATCAATAGCTAATTGTTTTTTTACTTTTGATATCAAATGAATTTGCTTAGCTTTATCCAATCTTGAAAAACTCTTTGACTTTTTCAACTCGCTTGCATATTCTAATTGATTAAAATAATAATAATTTGTTCCTATTTGATATAAAAAAAGTTTATTGAGTGGCTTTTTACTTTTTGGATTAATTTTTATAAAATGTCCTTTAGGATTAAGTGCATAAAATATCCCTAGTTCTTTAAAAAAATGTGCTTTAAAACTAGAAAATAATTTATTGCCATAATGCTTTTTATCAAAGCTTGAATTTATAAAAAATAAAATCATTTTTTTAAAAAAATCGGGCTGGCTCATAAAAAATTCTGCAAAAGGAAAAAGTTGCTTAATGATATTAAAAAAAGTGATATCTATGGATAACTTTGCAAGTTCATTATCAAGCATAATTTCTTGAATGCTTTTATCTAAATCTTTTTTCAAAGGAAGAGTTTTATCTGTTTGTGTATTTTCTTTAAATTCAATTTCCTCATCAAAACTTTCATTTAAGGTTTTTAAAAAATTCACATAAGTTTGATCATCTTCTTCAAAATCATTTTCAAACATAGCTTTGGCTAATTCATCTAAATAGATAACTTCATTTATTCTGTTTTTTTCATCCGCTTGTATATCCAATTCTTTATTTATGAAAATATATCTTTTTTCATTGTCAAGCATAGTATAAGATTTTGAAAAAATGACTTTTAGCTTATTAATGTGATTAAGATTAAGCGCCTGATAATAATATAATCCTCTATCGGCGTATATTTCATATTTATGTTTTTTAAATTCTTTTTGAAAAACATATAAGGTGCAAGTTATTAAGAATAAATGTAAAATAGAATATTCATATGAATTTTGAACAGAATAAGAAACCAAACTTTTATTCATCTTGTCTAAATAATCATTAAAAAGCCCGATATATTCTTCTGTTTTTTCTTTTTCTTTTTCGCTAATTTCTTCCAGTTCTTTGGGTAATTTAAAAAAGCTATCAATATAAGCAAAATCTTGTTCAACCGATTGTTTTACACTCTCTAATAAATCAAGTCCTATCCAAGAAAGTGTTTGATTATAAAAATTAAAATACCTTTTATATTTTTGATAAATCTGTCCATCAAGTTTCACAAAAGGACAAAGCTGCAATACAAAATCATCTTCCTTTTTAACATCTCTTTCTATAAAATAAGAGCCATAATCTCTTTTACTAGGAAATTGCTCTTTTAACCCAAGTTTTTCATTTTTTTTAAGGGCTTTAGGACGATTTTTTATTATTGCTCCTAATTTTTTTTGATACAAATCTTCACAAAGTGCTGCATTGTTAAGCTGTGGTGGATTGGTAATAAACAAATAATTTTTACCCATTTTTGTTGTATTGATTTGATTAGTATTTTTTTTATCTAGTATCATTTCTACTAGTATGGAAGAATTTAAATCAGGATATTCTGCATAAAAGAAATGATTAAGTTCAGAGATATTTGAATTGATTGCTTTTTTTAATGTTGTATCAAAATTTTTTAAACTAGAATTAATCAAAAGCGTATTATTTAATTTTTCGTTTTCAATTTTTGGATTATTTTCTAAAAAATGATCAAAAATACCTTGAAATTCTTCATCTAAAATAACTTTATAAAAACTATTTTTATAAAGACTAATAGAAGGTACGTTAGAATAAGATGAAAAATCTAATAATACTTTATCATCTATAATCAATACATCAGATAAAATTTCTTCATTGCACAAAGCGATAATAGGATAAAGCTTACTAGTAATAAGCTCTAAAAGTGGATAAGCAAAATCATAATAATATTTTTGTTCCTTATACTTTTGATACTCAGCAGAAGAACTATAAGCTTCAAATAATGTATTTACAACAAAAACATAAGGATTTTTTTTAACTAAAGAGATAGGTTTTTTAAGATTGGTTACAGAATCTAGTATATTAATAAAAAATTTTGCTATAGCTCTAATAATTTGCTTATATTCATCATCATTAGATTGAGTGATATTTTTTAAAAGTGTATTAAAAAGTGTATCTAGGGTAAGTTGTATCTTTGGTTTAATCTCTTGCTCAAAATAATCAGATTCTTTGATATTTTTTAATAATGTATTTAATTCTTTTTGAACTCCTTTTAAAAAAATTTCAATATTTTCTTCATTACTCTCATCAATAATTTTATTGAACGTTTTATTTTCGTTTTGATTGATTGCATTATTTAAAAAATTTAAATTATTAAAGATAATTTTTTTAATACTAGATAAATTTTTATCAGAGCTAAATTTTTGTTCTTTTGTGATTTCATCTTTATTAGCTTGATTTAAATGTATGATTTTAAAAGTTTTTTTCTTGTTAATTTTAAATTTATATTCAATAGTATGTAGTGTCTTATATAAAGAATTCTTAGCTTCTTTATATCCATCAAAATCACCACATATAAAAATAATTTTATTAGCATTTTCGGTAAGATTTTTTAACTCAATTTCCAAATTATGATTTGATGTAATTAAGGTGAAATCTTTTATTTTCATATTTTAATCCCATTCACTACTACAAATTTACAAACATAAAGCTCTTGTTTTCTATCTTCATCTTCTAAGATCTCATCTAGTCCATTTGCGATTTGAAATTTTAAATTTTGCATTTTAGCAGGAGCTAAAAAACTAAAATGATATTCGTTTAATTCTTTATTATCTTCTAGGGAATTTTTGATGATTTTATCATACTCATGTAGCTGTGTAAAATACCCTGCTCCTAAATCTTTATATTCAAATTCTTTATAAGCACTTTTATAAACTTTAGCAATATTTTTTGGGATAATAAAATAAAGTTTGATTAAATTAGTATCAAAACTAAAATTTAATTCTTTAAATTCATAATCTTTACTAAAGTCTTGTTTGAATTGATTAAGAATATTAACATCCTCTATATCTTTTAAATCTTTTTGATCTATATTTAATTCACTTAGAGCTTTATTTTGTTCTTTTTTTTCATTATTGATCAAAAGATTATAGATAGGTAGGTTATCTTTTTGAAATCTATCACTTTTATAATGAAGTCTTATTATGGGCTCTTTTAGCTTTGTTTGGCTTTTGCTTTGCTTTGCTAAGCCTTCCTTAGGATTAAAACTATGATCAAATTTAAACTTAGTAGGTACAAAGCTTACTTTTAAAGGATATCCTTTATTTGTGACACAAGCTGAGATGAGTTCTTGTAAGATTACATATTCATTATTAACTTTCTTTTGAGATAAAGAGCCTTTAACATCTACTACCTTGGTGCAAGGATAACTTACTTTTCCTATAGTATTAGGACAACCACTTATGCTAGAATTAAGTAAATCACTTTCTAGCATAATAGGCACACCACCATCTTTAAAAGTTTTTCCTTTGTTTGATTGAAGTATGACTTTACCTCCATGGATACATTCTAGGTTTTGATTTTCCAAAAGGGCATGAAGTTTAGCTATAGCTTGTTTTTTATTTATTTGTATAGTTTTTTGTTCTTTTAGAGTATTTGAAATTAAGTCTTTATAC
NZ_CP176591.1_gap32	959639	963249	3610	AGAGAAAATTTCAGAAAAAAATATTATGCGAAAAAACTACTAACATATTGCGAACAATGGATTTTAAATCAAAAAATTAGTGAATTTGCTAGTGATTGCGAATTACAAAATATTGATAGTTTTAATTTCCATATGCAATGTGGCTTCAAAGAAGTTAATAAAATTATTTGTTTTATAAAAAAACTAAATTAAGGAAAAAACATGAAAAAAATTATTTTACTACTTGCATTGTTTTTTACACTCAATGCAAAAGAATTAATTGTAGGTATGGAATTAGCTTATCCTCCTTTTGAAATGAGTGATACTAAAGGTAATCCAAGTGGTATTAGTGTAGAGTTTTTACAAGCCTTTGCCAAAGAAAAAAACTATGATTTAAAAATCCAAAACATAGCTTGGGATGGACTTATACCTGCTTTAAGAACTCAAAAAATAGATCTCATCATGTCTTCTATGAGTATAAGTGAACAAAGAAAAAAAGTAATAGATTTTACCTTGCCTTATGCTAAGGCAAATTTAGCGATATTAAGCTCTAAAAAATCAAATATTATTTCCATAGAAGAATTAAATCAAAAAGGGAGAATACTTGCTTTAAAAAGAGGTTCAAGTGCACATTTATATGCTCAAAAAAATCTTAAAAATGCAAAAATCTTAGTATTTGATAAAGAAAATGCGGCTATTTTAGAAGTCATTCAAGCAAAAGCTGATGCTTTTATTTATGATCAAATGAGCATTTATAAAGCATGGAAAAAACATCCTGAACAAACAAAAGCTATTTTTACTCCTTTTGAAAAAACACCTGAGCAATGGGCCATAGCTTTAAATAAAAACAATACCAAATTAAAAGAAGAACTCAATGAGTTTATTTTAAAATCTAAAGAAAATGGTCTTTTTGATAAGCTAAGTCAAAAATACCTCAAAGATATGCAAGAAGTTTTCAAAGAACAAAAGCTTGAGTTTTTCTTTTAAGAAAAACTCTTTTCAAGCTTTCTTGAAAACATAGAAATAGGCAAAGTTAAAACCAAATAGCAAAGTGCTAAAGGAATGTAAATTTCTAAAGTTGAAAAAGTAAAAGCATTGATTTCTTGAGCATTTTGAGTTAGTTCTGAAATAGCTATAACACTTAAAAGAGAGCTATCTTTGATCAAATTACTAAGTTGTCCACTTAGTGGTGCTAAGATATTTTTTAAAGCTTGGGGAAAAATAACACTTTTATAAATTTCAAACTCACTCAAACCCAGAGCCTTAGCACTTTCATATTGCATTTTATCAACACTTAAAATCCCTGCTCTAAATATCTCACAAATATAAGCACTAGCAAATAAAGCTAAAATCAAAACTCCACAAACATAGCGATTATCAAGCCCCAAATTATCTGCAAAAATGTAATAAATTAATAAAATTTGCACTAGCAAAGGCGTACCCCTGATAAGTTCTATAAAAACCCTTGCGAACATATTAAAAAGCACGATTTTACAAAGACTCATATAGCATAAAATTAAAGCAAAAATCACACCTACAATCAAAGATAAAACACTAATAAAAAAACTTGTAAAAAAACCTTGTATCATTTTATCTTTATATTCATAAATTGCCCCAAAATCAAAATTATAACTAGCGCTTAAAAAAGACAGATAAAAAAATAAAAACAATAAAAAAACCAACAAAAAAGCATTGAATAAAAATACTTTTAGATTAATTTTTTTATGTTCATTAAATTTACTACGTACTATAAAAAGATAACTCAATTCTATCCCTTATTTTTTATCAAATTTTTTAAGTTTTTCATCATTTAAACTAAGCTCCATTTTGCGAATTTCCTCCTCACCACTACGCACTAATTTTTTATCGTATTTAAAATACTTATCTTTAATTTTATTTGGATATTCTAAAACACTAAGTAAATACTTAAATAAATTAATTCTTGCTTTCTTTTTACTATCTGAATTAATAATCACCCAAGGACATTTTGGTGTATTAGAAGCTAAAAGCATAGAATATTTTGCTAGGGTATATTTGTCCCACAATTCTTGGGATTTTTCATCGACTGGAGATAGTTTGTATTGTTTTAGTGGATCTGTTCTTCTTTGTTCAAAACGTCTTTTTTGCTCTTGCTTAGAAACTGAAAAATAAAATTTAAAAAATAAAATTCCACTATCAAGCAACATCTCTTCAAAAGAAGACACCTCGCGCAAGAATTTTTTATGCTCATTTGGAGTACAAAAACCCATCACAGGTTCAACACCTGCTCTATTATACCATGATCGATCAAAAATCACTATTTCTCCTGCTGCAGGTAAATGTGTTACATAACGTTGAAAATACCACTGAGTTTTCTCTACATCACTTGGTTTTTCAAGCGCTACCACACGACAACCTCTAGGGTTTAAATGCTCAATTAATCTTTTAATAGCACCGCCCTTTCTGCCGCATCGCGTCCTTCGATTAAAATCAAAACCTTTAAACCCTTATCTTTAACATGATTTTGAAATTTCAAAAGCTCAATTTGTAATCTTTTAAGCTCGCTTTCATACTCAAGCGTTGATTTTTTTACCTTAATGAGAGTAAATTTGTCCTTGTCCATAACAGGCTCCTTAATTTAGGATAATTATTAACTTAAATTTACCACAAATAAGTAAAATAAAACAAATTTAATTTTCAATTTCAAGGAGAAAAATGCGTTTTTTAGCGGTATTTTTTATTTTTTTCAATTTAGCTTTTGCTAATAATGGAGTATTATCACTCAATGAAGCTTTTAAACTCAATACCCATAGCAACAATCAAGGAATTTTTTTAAAAATCAATCTCGCAGATAGAATTTATCTTTACAAAGATCAAATCAAAGTAGAATTAGACTCTAATGATATTACTTCTTTATTAAATTTCCCACAAACTCAAACGAGAGAAAACAAAGAAGTAATCTTTAACCAACTTGAACTTTTTATACCTCAATTATTATTAGATGATTTTATTAAAAATAACAAAGCAAAACTTTCCCTAGCTTATCAGGGTTGCTCAGAAGAAGGTTTATGCTATCGTCCTGTATATGTAAATTATGAACTTGATAGACAAAATGGAATTTATACTATAAAATCAACCAAAGATCAATTTAAAAAGCAAAATGAAGATGAGCAAATTGCCAATGATTTAAGCACACAAAATATATTTATCACACTTTTAACTTTTTTTGGTTATGGCTTATTATTAGCACTTACTCCTTGTATTTTACCAATGATACCTATTCTTTCTTCATTAATTGCAATGAAACTCAAAGATAAACCATCTAAAAAACATAGCTTTTATTTATCTTTTATCTATGTCTTTTTTATGTCTTTAGCTTATGCTATAGCAGGTGCTTTAGTAGGCCTTGCAGGAGCTAATGTGCAAGGTTTATTACAACAACCTTGGATTATCATTACTTTTGCGAGTATTTTTGTATTGCTCTCACTTTCTATGTTTGGCCTTTATGAATTACAACTGCCACTTAAATTTCAAAATTTTATCAATAAAAAAATAGAAGGCAAAAACGGAGTCTTTGGTATAGCTATTATGGGCTTTTTATCGGCTCTTATTGTAGGACCTTGCGTAGCTGCACCTTTAGCAGGGGCTTTGC
NZ_CP176591.1_gap33	1055188	1059614	4426	TTCTACTTGGTGCTACATAAGCAGTTGCCCATGGTTTTTTTCCTAAACTTCTTAAAAAAGTTGCCGGATGAAAAGTCCCTGCACCTGCTGGAAAATCATAAGGTTGCATAATAGCACAACCTTGCTTTTGCCAAAATTCTTGCAAATTTAATATCATTTGAGAAAAGGTCATTTTTCTTCCTTTATTTCTTCTGGCTTTTCAGGCGAATTTGCATATAATTCTACTGTTTTATTCCACATCATTTTATATTTTCTTTTTAGAAATTCTACTTCATTGCGCGCATATTTAAGTTGCTCGTTAAGATTTTCTATAGTTTTTCTATCCTCATCATAAAGTTCTTGCATAGAATAAAGAGCATCTTTTAAAAATTTATTCTCACCTTTTAAAGCTTCTAAGGTCTCATCCTTAGCATCAAGAACTTTTTCATGTAAATTTAAAATAGTTCCTATGGTTTTTTCTACAAAACTTTCTCCTGCTAAAGTCATAGAGTTTACCATAGCAGGTTGTTTTGAGCTCATAGGTACCACACTAAAAGTTCCTTGGTTGGCTTCTATATAAATTTTACCCTCTTCTTCTTTGAAATTTAAAGCACCATTTGCCATCATTCCTTTTACAACATCTTCAGATAAATGCACTAATTGACAAAATTCTTTTAATTCCAAGTAAGTTTGCATATATGCTCCTTAAAGAAAAACTTCAATTGTATTAGAATCTTGGATTAATTTTTCTTGTTGTTTTTGTCTATCTTCTAGTAATTTTTGCACTAAAGATTCATCTTCTATTGCTAAAATTTGTACAGCTAAATAAGCTGCATTAATAGCTCCTGCTTTACCTATAGCTACAGTTGCCACAGGAATTCCACTTGGCATTTGGACAGTTGAAAATAAAGAATCCATGCTTGCTAAATTACTTCCTGGCATAGGTATACCTAAAACAGGTTTTGTTGTGTGTGCTGCAACAGCTCCTGCTAAATGTGCCGCCATGCCCGCTGCGGCGATAAATACTTTAGCACCTTTGTCTTCTGCGTTTTTAATGTATTCTTGGGTTCTTTGAGGACTTCTATGAGCTGAAGTGATTAAGATTTCATATTTAACATCAAATTTTTCCAAAATTCCCAAAGCTTCTTTCACTATATCATAATCACTCTTGCTTCCCATCAATATAGAAACAAATTTCATTCAACACTCCTTCTTAAAAAGCTAAATTCTGGAAGCTTAAATGGTAAAGCAATTTCGTTTTCATTACCACTATGAATTTCACTAAATTCTTTATTATTTTTGGCTAATAATTGTTTAAAAACTATAAATTTTTTACCATCATTTTCATAAATTAAGCCTAATTTATTTTCTCCTAATTCTATATTAGAATTAATCGGGGCTAAAATTTCATATTCTTTGTTTAATTCTATTTTGCCTTTACATTTAAAAAACTCACCATCTTCACTAATAGCATGCACTTGATGAGTTCCTTCTTCTATACTTGTGTTATGGTTAATAGAATCTGTTTTTTCATAAGCTCTTGAAACTAAATATCCATCTGTAAAACCTCTGTGTTTTAAAGTATGGATTTCTTTTTCGTATTTAATAGCATCAAAAGTATTTTGCAATACATCTTGCACTGCCATTTTATAAGTTCTTGTGGTCAAAGCTACATAATACTCACTTTTTGTTCTGCCTTCTATTTTAAAGGCATGAGTGCAATTTTCTTGCATAATTTTTTGAATATATGAGCTTAGATTTAAATCTTTAGAATTAAATACATGTGTGCCATTTTCATCTTCTTCTAATCTAAAAAGCGTATTTGTTTCTGGATTTTTCGCATAAAGCTCATAGTTAAACCTACAATCATTTGCACAAGAGCCACGATTACTCATGCGTCCACTTTGCACTGAACTTATTAAACATCTACCAGAATATGCAAAGCACATAGAACCATGGACAAAACTTTCAAGCTCGATATCGCAATTATTTTTTAAATCTTTTGCATCTTTTAAACCTAGCTCCCTTGCTATAACAACACGTTTAGCTCCCATATCTTTATAAACTTGAGCATCTAAATAGTTTAAAATATTAGCTTGAGTAGATACATGAAGATTAATTTCAGGTGCAAGTTCTTTAACTAAACGCATAGCACCCACAGAAGCTACTATAAAAGCATCGGGTTTCATTTCTTTTAATTTTAAAATATGTCTTTTTAAACCCTCAATTTGCGAACTAAAATGAAAACCATTAATAGTTACATAAATTTTTTTTCCTCTTGCATGAGTATAATCAATAGCTTCTTTAAAAGTTTCATAATTAAAATCTCTAGCAGTTCTTGCTCTTAATGAAAAATTACTCACTCCTGCATAAACAGCATCAGCCCCATAAGCTAATGCTATTTTTAATTTTGTAAAATTTCCCGCAGGAGCTACTATTTCAGGAATAATCATTTTTTTCCTAAACTTGCGATTAATGCCTCAATATCATCATTACTTACAACATCTGTAGTGGAATCCCCTTGAATATGCACAGCTGAGCCAACACGTTTTTCATCATCAATTTTACCTTCAAACAGACTACTCATATATCTACTTAAAGCTCTCATAACATTAATAACACGCTCGATTTTTTGACGATGAATATCTTGATATTGCATAGCATCCATTGCCATCATAACCTCATCTTGTCCAGTTTGTAAACAACCTGTAATCTCATCTATAATATTTTTAGCATTGTTATTAGTTTCTATAGCTTCTTTAAAACTTGCAACATTAGGAAATTTCGCATTTAGTTTTTCAAAAATTTCTATATTTTTATTTAAAGCATCACTAATTACACAAAGCTCATTTTCTGAATTTGCAAAAAAATCATTAATAGCTTCTAATTTTTCCATCATTTCAGTAGCTTTGATTTCACTATCTCTTGTAACATCATCAAGTTGATGCACAACTTTATGTTCTTTACTAGGTGGTGGTGGTGGCCAAGCCATATCTGCCCTTGCTTTATAATCACCATTAATCATTTCTTCTACAATTTGCTGGTTTTTTGCTTCATCTTCATAATCTGTCTCAGGTTTTGCTTCCACATCCTCCGCAGAGTCAAGATCTAAGTCTTCAGTGCTATTCATTAAAGCATCTAATTCTTCTTGAGTCATTGTCACACCTTTTTTAATAATAAAAACTAATGCGAGATTATATTACAAAAAAATATAAACCAATATTAATTTTATTAATTAATTATATAAATTTATATTTTTTACATTTGACTATAAAAAAAATATTAATTTAAACTTAATTTAAAAAAAATATACTACAATCTTAAAAATAAAAAACTAATTTAAAAAGGAGAGAAAATGGGTAAGTTTGTAAATAATATTGATGAATTTTTTAGTTATTGTCAAGAGCATGAAGTAATGTTTGTTGATTTTAGATTTACCGATATGATAGGTACTTGGCACCATATTACTTACAATATAAAAGCAGTTGATGATAAAACTTTCGAAAATGGAATTCCGTTTGATGCAAGTTCTTTGCACGGTTGGCAACCTATAGAAAAATCGGATATGATTTTAAAACCTGATGTAGAAAGTGCGTTTTTAGATCCTTTTACAGCAGATCCTACTATCATAGTAATTTGTGATGTATATGATATTTACAAAGATCAAATGTATGAAAAATGCCCAAGAAGTATTGCCAAAAAAGCAATGCAACACTTAAGTGCAAGCAATATCGCTGACATAGCTTATTTTGGTCCTGAAAATGAATTTTTTATTTTTGATAATGTAAAAATAGTTGATTCTTCTCATTGTGCAAAATATGAAGTAGATACTGAAGAAGGTGAATGGAATGATAATAAAGACTTCACAGATAGTTATAATAGCGGACATCGCCCAAGAAACAAAGGCGGATATTTTCCTGTAAGTCCTATTGATTCTAGCGTGGATATTAGAGCTGAAATGGTGCAAGTTTTAGAAAGAGTGGGTTTAAAAACTTTCGTACATCACCATGAAGTAGCACAAGGACAAGCTGAAATTGGTGTAGAATTTGGAAATTTAGTTGAAGCTGCTGATAATGTGCAAATTTACAAATATGTAGTAAAAATGGTAGCACATTTAAATGGAAAAACAGCAACTTTCATGCCAAAACCACTCTATGGGGACAATGGAAGCGGTATGCATGTGCATATGAGTCTTTGGAAAGATGGAGTAAATTTATTCTATGATAAAGAAGGCTATGGAAAATTAAGCGAATGTGCGATTAATTACATCGGTGGAATTTTAGCTAATGCAAGAAGTGTTGCGGCATTTACTAATCCTAGTTCAAACTCTTATAAAAGAATAGTTCCAGGTTTTGAAGCACCTTGTATATTAACTTATTCTTGTCAAAATCGCTCTGCAAGTTGTCGCGTGCCTTATGGTATTAATGAAAAAAGCGCAAGAGTAGAA
NZ_CP176591.1_gap34	1225276	1230083	4807	TAAAATCAAAATTTTGAAGCAATATTTCTCTTGTATTTTTATAAATAGAATCCTTATTTAAAATAGAACTTGGCAAAATAATGGCAGCTTTTGCATTATCTTTTAAAATTTGATTTGCTCGCTCTATAAAAAAGCATTCGATAGCATTATTTGTTTCTATATTTATATCACCATTAAAAAGTTTATAGGTATTTTTAGATTTATTACTTAAAGTTTCTAAAAATCCTTTTACAGCATAAGGCGGATTTGCTATGAGCAAATCAAAACTATTTGATTCTATTTGTGGTTTTGCCTTTTCTCCTTCTAGATTGCTTATATTTGCTAACTCAAAAGAAGCAAGTGCATCTGCATATAAAATATTGATTTCATTTTGCCCATACATTGCACTTGATACCTTAGAAACCTTACTTAGGCGATACTCTTTTTCAATACCATAAATATTTTTATAATGTTCTTTAAGCTCATCTTCTGTTAGATAACGCTTAAGCTCGTTAGCATAGGTGTTTAAAAAATGTCCGGCACCACAAGCATAATCAATCACCCTTAAAGCTTTAGAATTTTTGCCCAACATTTCTTGAAGCGGTAAAGAATACATAATAAATTCACAAATTTGAATAGGGGTAAAAAACTGCCCTTCATCTTGCTTCATACCTTTTTGCAAAAAAAGTTCAAAAAGATTGCCTAAAAATTGATTGGTAGAATTTTGAGTAAGTTTATAATTTGCAAAAAGTTCTACTATTTCTTTTAATACAAGTGCATTTTTTAAGAATAATTCTTTATTATGCACTTCTAAAAATGCAAAATCATTATTTGAATAAAATTTTAATTCTTTAATGTAATTTTGCATTACTTCTTTTAATGTTTTTATCTTTAATTGTTTAAAGTCTTTTTCTATGTCTTCATTGGATACAAAGGTAATTTTTTCTCCTAAAAATTCCCTCATAGCTTCTTTATAAAGCCACATTAATCTATCTTGCATATTCGCATAAGTATCTGCCATTACGCCAAAATATCCAAATTTGAGATTGTCTTTATTAAAAGTTTCATCATAAATTTTACAAAGAAAAATATTTACAAGTTTATCAAAGGCGTTTTCCTTACCTGATATATTATGCTTGCGTAAAATTTTTGCAAATTCATGATATTTTCCTTCTTCTTTAAGCTCTTTAAGATTATCAAAAGTTGGAGTTATTTCTAAGATTTTATAAGCATTAACATTTACTTCAAAAATGCCTTGCTCAAAATATTGCAATTCATAACTTTCTTTCCAAGTTTTAAAAAGTTCTATATTGTTATTAGCTTTTTTGTAAGAATTTTGCAATTCTTTTTCTTTTAGATATTCTTCATTGTCAAAAGCTTGTATGATGTAGTTTTTGTATTCTAACTTATCAATAAAATCACTTGTATAAAGACAAAGGTATTTTACACCTTTTTCTTGTTGAAGATAAGAAAAAAGCTGCCCACCATCTTCTTGCATTCTATTCCATTCTTTCACAAACTCACTATTTTTAGAATCTGTGGTTTTGCATTCTATAATTAAATAGGGGTTGTTTTCATTATCCTTTACTAAAATATCAGCTTTGCCACCTTTTTTATCCCTGCCAAGATTCCATTTTGGTTCTAACTCTAAATGTTCAGCCTTATAACCTTTTTCTAAAAGTCTATGCACACATTCAAAAACTACAAAATTTTCAAGGTGTGAAAAATTAGAAGTAGTTTTATCGTGAATTTTAATTTCTTTTGGGTAATTAATACTTTGATTTTTATAATCTATTGAAAGCATGTAACTATTGATTGTTTTTACATAATTTTTATTTTTCTTTTTGAAGCCTAAATTTTCTAAAACTTGTTTTAAATTATTTTTTGTAATCATTTACTTCCTTATAATTTAACCACCTTAGCGCCAAAACCACCTTGATTAATCGGAGCGTCATTAAAGCTTTTTACACTCTTGTGGGCTTTTAAAAACTCTTTTACCGCAAAAGCCAGTTTTCCCGTGCCTATACCATGATAAACTATCACCTCATCAAAACCCACTATCAAAGCATCAGAGATAAATTTATCTAATCTTTCAAGCGCCTCATCGCTTCTTAAACCGTGTAAATCTAAAGTCATATTTAAAGCACTTGGACGGGTTATATTGACACTTGATTTTACCTTTTGTGTAGGGGTTTGATTGCTTTTTTTAAGAAGCTTTAATGGTACACGCAAACTCAAACCATCACTTTGAATCATCGCATCGTTTTTTGAAATAGCTGTGATTTTACCTTTGATTTTTTCATATTTAACAAAATCCCCTACTCTAAGCTCTTCATTTTGCTCCATACTTGGTAAAACAATACTTTTTTTAAGTTCATTGGCTTTGTTTAAACTTCTTTGTTTTTCTTTAATATCTTTTAGATTTATCGTTTTTTTAGCTTCTTCTATGGCTTTGTGATATTTAAATTCTAAATTAGAAATAAGCTTTTTAAATTCTTGATCGTTTTTTTCTTTTTGATCTTTAAGTGAAAGTAAAATTTCATCTACCTTAGCTTCTTTTTTCTCAAGCTCTTCATTTTTTTTGCGTAAAGAAAGTTCAAGATTGATATTTTTACTTACCATTTCTTCTAAATTTTCTTTATCTTCCCCATAAAGCTTTTTAGCATTTTGCACTAAATTTGCACTTATGCCATATCTTAAAGCTGTTTCAAATGCATAAGATTTACCTATGGTACCTTTTAAAAACTCATATTTTGGGTGTGATAATTCTTCATCATACAAAGCAGCGATGAGTTCTACTTGTGAATTTTTAGCCAAAAGCATAGCAAGGCGTTTGTGGTGGGTTGTAATGATGATTTTATTATCTTGTTCTAAAAGCTTAGAAATAAGTTCAGTATATAAACACGCAGCTTCTTCAAAATCTGTCCCAAGCTCTATCTCATCAACCCCTAATAAAACATTTTTCTTACCCAAAAGCTTAGAAAAATACAGCATTCTTCCTGCAAAAGTAGAAATATCATTTTTTACATTTTGTGGATCTTCTAAAATCGCATCAAATTCTTTGAAATTTCCTATTTGGCTTTTTTGTGCATTAATTCTCATAGGAAGCAAATGCTTTGCAAGTAAAGCTGCACTTAAAATTCCTTTTAAAAGCATAGACTTACCACCCGCATTTACACCTGTGATGATTAAAACTTTTTTATTAAACTCTATATTAACGCTTTTTGCATTTTTTAAAGCCGGATGAGCGAAGTTATATAAACTTAAATTATTAGAACTATCAGCTAAAACAAACTCATAATCATGTTTTTTAGCCATCAAAACTCTAGCGCTATAATGATCAAATAAATCAAAAGCATTATTGATAAATTTCAAAAACATCAAATTTTTATAAAAAATCAAGCTGATTTTTTTAGCATATTCATAAAAAATTTCTTCTTTGGCATCTTTGATTTCATCTATTTGACTTTGGATTTTTTCTACACTCAAAGGCACCACATAAAATCCACCACTACTACTTCTACCTATGATTTTTGCTTTTAAGACATGATTAAACCCACCGCGTAAAAGCAAAGCTTCCATACCATTTATAAGATGAATTTGAGTATCGATTAAATACACACTAAGACTTTTAGTATAGGTGAGTTTTTTAAACTCAGTTACCAAGCTTTCTTTTTTCATTTTTAGAGCTAAATTTAGATTAACAAGTCTTTCATCAACACCTTCTTTAATCTCACCCTTTTCATCAAAATACTCAAAAAGCTCCAAAATAGCCTGCGGAATTTCTATTTTTAAAAGCCATTCTTTTAAGCTTTCTTCAAATTTTAAGCCCTTTAAGTATCTAAAATACATACAGATTTTAATAAATTCAAAGCTTTGACTTAAATGTAAAATTCCTTGCTTGCTAAGATGAGTTAAAGCACTATTTAACTCTTCTATCATAGGCGGAGGATTAAAATCAATCAGAGAAAGCTCGTTAATCCTTTTATAATGAAGCTTGCTATCACCTTGTAAAAAAATTTCTTTATCTCTTGCAAAAAGCCCCCTAAAATCTTCTATATAGCCATCTAAATCTAGCTTTTTAAAAAATTGCTCTTGCATTATTTATCTACCTTGCAATCTTTTATATCAAAAACATAGGCTTTAAATTGTTTATTTTTACCATTTGAAATAAAACTTTGTGTTCCATGTTCAAAGTTAAAATACTCTTTAGTGACATTAACATCTTTGCAAATTAGACTTTTTCCTTGTAAAAATGCATTGAGTGTTTCTTTTTTTAAAACCCCACTTCTTGTGGCACTTAACTCAAATTTAATCGCAAAAGCAATCATCAAAATCAACACTAAAATCAAAAGATAATTACTAATCTTACCTATTTTTTTACGCAAAAAAATGAAAAAAAATAAAATCGCAAAAAAAGCTAAGATATATAAAAAAATCTTAAACATACTTTCCCCTGAGCTTTGTGCTTATATCTCCCGCACCAAAGCCAATTACCAAACCATTTTCAATCAACTCATCATCAAGATAAATAGCATTTTCTTCTCTTTTGATTTCTTTTATAAATTTAGCTTTTGGAAAGTATTTTTGCATATTAATTTCTATTTTAGTTTCCCCTGCTGCATACACAGGTAAAATATAAAGCTCATCAACATTTGCTAAAACCTCACTAAAATACTCTATATTTGCGCTTAAACGTGTATAACGATGAGGCTCAAAAATAGCTATGATTTTTTTATATCCAGCTAGCCTTGCATACTCACTTGCTGCTTTAAGTGTTGTTTTGATTTCTGTTGGATGGTGTCCATAATCATCAATCAAAGCCATA
NZ_CP176591.1_gap35	1276956	1281057	4101	TAGAACATGCATTGATAAATTTCAAATCCACATCTGTTGAACTTCTAGTAATAGCTACATCCATATCACTTAATTTTGTCAAAAGCTCATCTTTAGGTAAATGCGCTGCTTCAATAAGTTCTACATCATCAGCTTTTCTTAAAAGCTCCACACCTTTGTCTAATATTGCATCACATACAATAATTTTTTTCATAACCAAACCTCCTTTAATTTTGCATTTATGTTGTAAATTTTTAATTTGTCGATCAGTGCGTTTAAAACTTTTTCATTATTTGTATCCAAATAAATTGCCACTTCATCTTTGCTTTGTGTTAAAGTGTATTTGATAAAAAAAGAATGCAATGTTTGCTTTAAACAAAACATAGAATAAACATCATTTTTATTTACATCAAGCATATAAAATTTTTGTTTTGGTTTTACTACAGAATCATCTATATTAAAACTCATATAAAATTCATTTGCTGCTGGAGAAAAATCATTAATTTTAAGATTTGAAAGCTTATCTTGCCAAGTTTGTGGCAATTCTTTTTTTATTTCATCAAAAGAATACTTAATATTTTGTGAGACAGGTAAATTTCCAACATTTACATATCTCACCATAAAAACAAAAGTAACAATCAAAGCTAGGCTTAAAAAGCCTAAAATACCATAAAGGGTATATTTTTTCATTTGTTATTATGAAAGTTGATCTTTGATAATATCACCTAAAGTTACTTTATCATTATCATTGATTTCGTTTAACGCTTCTCTTTCTTTCATTCTTGCAAGACTTTTTACGCTTAAACGAATTCTATTTTTCTTTTCATCAACGAAAACAATTAAAGCTTCTATTGTATCACCTACTTTTAAACTTGAAAAATCAATATTACCTAAATCTTCTTTGTGAATTAGTGCATCAACACCCTCTTCAAGCTCTACAAAAACTCCAAAATCCTTAATATCTCTAATTTTTCCTGAGATAATATCATTTACTTGGTGTTTTTGCGCATAAACTTGCACAGGACTTTTTTGCAATTCTTTAGTGCTTAAAGAAATTTTTTGATTTTCTTTATCTAATTTGATGATTTTAACTTCTATAATATCACCAACTTTATACATATCTTTGCATTTATCGTTTCTATTCCATGAAGCATCTTCATTATGCAATAAACCTTCTAAGTTTGCAATTTTTACAAAGGCACCAAAATTAGTCACAGAAGTAACACTACCTTTTACCACATCACCTACTTTATGTGATTTTAAAAACTCATCAAAAGGTTTTGCTAATAAATTTTTTAAAGAAACTCTAAGTCTTCTTTCTTTAGCATTAATCTCAATTACTTCTACATCAAGCTCTTGGCCTTCGCTAATATAATCTTTTGGGTTTTTAGCATTTTTATCCCAAGAAATTTCACTTATATGTAAAAATCCTTCTATATCATTTCCCAAATCAACAAAAGCACCATATGGCTCTATATTTGAAACTGTAACCTTAATGGTGTCACCAACCTCTAAACCATCTTTAATTTCATCCCAAGGATCAGGCATAGCAAGTTTGATAGATAAAGAAAGATGTTTTTTATCTTTATCATATTTAATCACTTTTACAGGAACCTTATCACCCTCATTATATAATGAACTAGGATTTACTGGCCCTTTATAAGAAATTTCACTATAGTGAACCAAACCATCAACACCGCCTACATCAACAAACATACCATAGGTAGTGATTTTTTTAACAATACCTTCTATAATTTCTTCTTGATTTAACACATTTGAGATAATCTCTTTGCGTTTTTTTCTTTCTTCATCTACTATTTTTTTTCTAGAAACTACTATGCTTTGAGCTTCTTTATCAATTTTGATGATTTTAACTTTGAAAGTTTTGTTGATGATGTTATTTGAATCTTTAAAGCTACTTTGTGATTTTGGCAAGAAAAATTCTACTCCATTTTCATCCACAGCCACAAAGCCACCTCTATTTTTACCAATGATTTTTACATCAAACATACTTTCATCATCTTTATAGTTATCGATAAATTCTTTAACTTTTTGCTTTCTTAAAGCTTTTTTATGAGAAAGTAAAGATCTGCCACCGCGAGAACCCACTATAGCAACTTCTAATGTATCGCCTTCTTTGAAGATAAATTCGCCTTTGTCGTTTTGAATTTCTTCTATTGCTAAAATACCTTCTGATTTTTGCCCTACATTTACAAATACCTCATCGCCTTTAATCGCGACAATTATACCCTGTGTAGTTGCCTCCTCATCAGACTTGAAAGATTCCTCAAGCATTTGCTCAAAATCTTCTTCTATGATAATATCCTCTAGTCTGTTTTGAACTTTTTTGTTCACCTCGCTCATCGTGGTCCTTTGTTTTAAATTTTAATTCTTGATTATAGTATTGTTTTCTTTAAACTTAGTTAATTTTGGTGTATTCTTTGATTTTTTCCAAAACCAAATCAATCACCCAATCAGGTGTAGAAGCACCCGCGCTAATGCCACATTTTTCTTTGCCACTAAACCATTCTTTTTGAATTTCTTTTTCATTTTCGATTAAATAGCTATTCTCACAGTAGTTTTTTGCTATTAAAAAAAGTTGCTTAGTATTAGCTGAATTTTTTCCTCCAACTATTATCATTACATCACTTTTTTTAGCAAGCTCATTGATTGCTTCTTGATTTTTAAAAGTTGCATCGCATATAGTATTAAAAACACGCACTTCCTTAACCCTAAGCATTAAAAAATTCACAATTTCCATAAATTTTTCTATCTTTTTTGTAGTTTGTGATACCACAGCAATTTTAGAAGACAATTTAATATCAAGCAATTCTTTTTCATCAAGCACTACATAAGCCTTAGTACTTACATAACTTCTCACCCCTTTTACTTCAGGATGATTTTCATCTCCAAAAATTACAACTTCATAGCCTTCATTGCTCATTTGCTCACAAATTTTTTGAGGTTTAGTCACAAAAGGACAAGTTGCATCAAAAATTTCTATATCTTTTTGCTTTAATTTTTCTAAATCTTGCTTTGTGATACCATGAGTTCTAATGATAGCTTTTTTTTCTGTGCTTAATTCATTGATATCATTTAATGTTTTAACATTATAATTTTTCCAAAGTCTTGTGATTTCTTCATTATTATGGATTAAAGGACCTATGGTAGCTGCATCTTTAATCTGTTCAGCCTTTTTAATAGCTCTTTTTACCCCAAAACAAAATCCATAGCTTTTTGCTAGTTCAATCTCCAATTTTAGCTCCTATTTGCTTTAAAATCTCAATAAAATTTGGAAAAGAAGTTTTAATACATTCACTATCATCTACTTCCATTCCACATCTTAAACCTAAAATTAAAAAACTCATCGCAATTCTATGATCTCCAAAGCTTTCTATTTTAGCACTTTTAGCTTCGCCGCCTTCTACTTCAAAACCATCTTCAAATTCTTTTACCTTTATGCCACATTTTTGCAAATTTAATACAATTGATTTGATTCTATCGCTTTCTTTTACGCGCAATTCTTTAGCATTTTTTATAACACTTTTTCCCTTTGCACAAGCAAAAGCTATGGCCAAAGCTGGAATTTCATCAATCAACCATGCGATATTTTCACTCACATTTACCGCCTTTAAAGGCGCACCTTCAACACAAATTTCTCCGATACTTTCAAAATCTTCATTGGTAATATTATAAGTGATCTTTGCATCCATTTTTTCTAAAATTTTAAAGGCCTCAATGCGTGTTTTATTTAACAAAACATTTTTTAAAACTACTTTTGAATGAGGTAAAATACAAGCAGCTAAGGCAAAATAAAAGGCCGATGATGGATCATTTGGCACACATACTTCAAATGCTTTTAATTTTTCTTTTAAAGGATTGATTTTGATAAAAGTTTTTTCCTCATTTAAATATTCAATACAAGCTCCCATTTTATTAAGTATAATTTCACTATGATCTCTTGAAAGCTCAATTTCTTTAAAATAACTTTCTTTTTTGGCAAATAAAGCTGCTAAGATTAAAGCTGATTTTACCTGAGCTGAAGCAATATTACTACTAAAATCAAAACCATCCAACTTAGCTCCTTGTATACAAATAGGTGCTAAATTTGCATTAGCTCTT
NZ_CP176591.1_gap36	1319400	1320542	1142	ATCAAAATCAAGCTTAGTTAAAATATCTCCATTCATAACAATAAATGAATTTTTCATATCTTTTATTAAAGACAAAGCTCCAGCAGTACCAAGTTTTTGTTTTTCTTTAACATAAGAAATTTCAACACCTAAACTTTTACCTTCTTGAAAATAATCACAAATAATTTCTTTTTTATAATTTACACAAAATATAAATTTTTTAAAACCTTGCTCTTTGAAATTTAAAACAATATTTTCAAGTATTGGTTTTTTACCTATTTTTAACATAGGTTTTGGAGTATTTTTAGTAAGCTCACCCAATCTACTTCCAAGACCTCCAACCATTAGAACTACTTCATTTTCAAAACTTTTTTCTTTAAGAATTGAAGCAATAGATTTTATAGCTATAACTTCATTTTCACTATTTAAGACGGGAAAATCATAAATATCAGTTTGACTAGCTAATTTTAAAAGCTCTTCTTTGCTTGTATTTTCTTTAATAGTTAGCGAATTCTTAGTATAAATTGTTTCTATACTATCTTCAAGCTTTTTACCATTTAATAAAGCCCTTCTAATGTTAGAATCACTAATTACACCTAAAAATTTATCATTTTCTACCACTAAAGCTATTCTAACACGCTCGCTACCTATAATTTTTAAAGCTTCTTGAATACTTGCATTTTTAGCAAGTTTTAATTTTTCAATACTCATTACATATCCACAAATTTTTTATATAAAATTTTTTCCAAAGAAATATTTTTTAAAATATCCTTTATCATTAGACTTGTATTTTTACCTTCACACTCAAAAGGATTAATGAAATTTTCTAGCTTATCTTGATATTCTTTGGTATTAGCATACAAAAACGCTTGTTTTAAATGATAAATATCACAATTTATAATATTATCAGCAAAAATTCTTCCTTCTTGTCTGTTACCTATATTGATACAAGGAATTCTTAAAAAAGGACTTTCGCAAATTCCACTAGAGCTATTTCCTATAAGCATATTTGCTATCTTCATTAAACTTAAGTATCTTTTAGAGCCCAAATTATCAAATAACTTTGCCTTATGAGATTGTTTTATACAATACTCATTTAAAAGCTCATTAATATATAAACCATTCTCATCAGCATTTGCTTTCGTAAAAATTAAAGTAGAATT
NZ_CP176591.1_gap37	1324000	1327469	3469	TAAGCCTTTTTCTATATCATATTGTGGTGAAAAGTTAGTAAGGTTTTTGATCTTGCTATTGTCACACCATAGCCTAAATACTTCACTATTTTCAGGCCTTATGCGTTCATTTTCTGTGATAAATTCTACATTTGATTTCATAAGTTTTTTAATGAGCTCTAAAGTATCTTTTATGCTTATTTCATAATTTGATCCTATATTTACCACTTCACCTATAGCCTTTTGACATTTAGCTAACTCTAAAAACCCTAAACAAGTATCTTTTACATAATTAAAATCTCTAGTAGGACTTACATCTCCAAGCTTTATTTGCTTAGCTCCATTTGCAATTTGAGTGATGATAGTTGGAATCACCGCTCTTGCACTTTGCCTTGGGCCATAGGTATTAAAAGGTCTTGCTATAGTCAGTGGGAGATTGAAAGCATTATAAAAACTCATTGCCATAGCATCAGCACCTATTTTACTTGCTGAATATGGACTTTGTGCTTGCAAAGGATGTTTTTCATCAATAGGCACATACAAAGCCGTACCATAAACCTCACTTGTACTTGTGTGAATAATACGCTTTACATTATTTTCTAATGCACTTTGACAGATATTTAAAGTACCTTTTATATTAACATCTACATAACTATCTGGAGCAACATAAGAAAAAGGTATGGCTATTAAAGCTGCTAAATGAAAGATAATTTCTACATCTTTAGTGATGTTTTTGCAAAAATGTGGATCTCTAATATCTCCACAAACTACTTCAATATCATTTAAACACTCTATATCTTCAAGCCAACCCCAATAATTAAAAGAATTATACTGACTCAAAGCTTTGATTTTATAACCATAAAATAGAGAGGTTTTATCCTTACTTTCTTTATAAAGCATTTCAACTAAATGTGAACCTATAAAACCATCTGCACCTGTGATTAATATATTTTTTTTCATAAATTAAATCTCATCTATAAAATTTACTTGATAAATAATGCTTTAATGCTCTAGGTGTTCTTAAGAATCCATAAAAAAGATTTATAAAAGGATTTGCTTCTAAATATATTCTTTTATATCTATTACGCGAATTTTTATTTGGCATTAATCTTGTTTTTATCGAATTTTGGCTTTTAGTTTCGATCTCTAATGTTTTTGAAGGATTTTGCACATCATGAAGTAATATATACTTATTAATACTACTATCTGGACATACTGAAAATATCTTAGCATTGTATACATCTCTTAAAAAATTCAAGATTTCTATATCATAATTTGCATGATGCAAACAACACTCATCAATAATTCTTCCGTCAGCATAGCTATATATTTCATCGCAAAAATCCATTCCAGCTATATAAATCTCCTTATATCCACAAGCAACAGCACACGCTATAGCGTAAGTACCTGTCAACATCTCAATCCTGCTTCCTAAATAACATGCATCAAAATCAACTTTAGCGCTTAACTCCTTAAGTTTGTAAAAAAAACTATCATAACCGTTTAAAGCCGATGGAAAAAAAAATTTAAAATTTTCTTGAAATATTTTTTCTTTCCTGCTAGCAAAATTATACATTTTACATACTATATTTTCAATCTGATATTCATTATTTTTTACCATTTCATGCGAAGTAAAGTACTCATCAAAGAAAAAATCCACAGTATGAAAAATAGCTTTAATTTTTTTGCCTGTATAATATTTATCTTCCGTATAAAACTGATTACTCCTAAAAACATCATATTCACTTGGCAACCTTGCATAATCAATTTTTTTTAAGCTAGGTCCATTTCCAGCAACCAAAACTGCATTCTTCAAATACAACCCCTTAATATATTCATATACCACCGTGATTATATCGCATAAAAACAAATAGTACGATATATAAAATAACCAAAAACAAAAAAAAATGTTTTAACAAAGCATTAAAATTTTACTTAGATAAAAGCATTTCTACTGGAAATTTTGGATAAAAATATAAAGAAAGAAGTTCTAAAAGTATATCTATTGATGCAATAATTTAATGAAAACAAAAATAAAGAAATTTTATGGCAAAATTACATGCATAAAAAACAAAAGTTTAAAACACATTAAAAAAAATAACTAATATTTTTTCATATAAGTATTTTAATGAAAAAATATTTGAAGTTTTAGAAAAAATTTCTAAAACTTCAAAAAATAAGATAAAAAGAAGGATTTATGAAACAAGAAATTAGTAGTTTTTGGTATACACCAAAAGGACATAAAGGTATAGGATTAATGGAACTTTTATCCATAAAATCATTTATAGATAATGGTTATAAATTTATACTTTACACCTATAATCTTGATGATAATATTTTTAAAAGATTAAATGAAATTTTTGATGATTTTGAATTAAAAGATGCAAATAAAATTATTCCTTTTGAAAACTATTTTAGTGATGATAGAGGAGCAGGTGTAGCGGCTTTTAGTGATTATTTTAGATTTAATATGCTATATAAACAAGGTGGAGTATGGGTAGATCTTGATATGATTTGCTTAAATTATATAGATTTAAATCAAGAATATATTTTTTCGCAAGAATTAGATGAAGAAAAAAACACATCAAGAATCACAACTTCTTTTTTAAAATTTCCAAAAAACAGTGAATTTGGCAAAGACTTAATCATGCAAGCTGAAAAAATAATAAATAATCAAAAATTAATCAAATGGGGAGTTATAGGACCTGACTTCTTAGCAAAAGAAGTTAGTAAATATAATTTAGAAAACTACTTTTGGGATTATAAAAAAACTTGTCAAATCTCTTGGTTTGAAGCTAATAAGTTTGTCTTAAATAATACCTATTTGGATAACTCGATGTTTTGCTTGCATTTATTCTCTGAAATGTGGAGAATTAATCATATGAAAAAAGATGCAATATATTTTAAAGGAAGCATTTATTCTATTTTGATTAAAAAATACAACATTGAAGAATTAACAAAACAACTAAACTACAAAATAAATTTTTACAATAAGTATATATATAAATATATTTTCTATATTCAAAATTTTATAAAAACAAAAAAAAATGGCAAAAAAAGGAAGTAATAATGTCAAAGTATGATGAAAAATTTTATCTATCACAAATGGAACAAAGCTATAATTCAGCCAAAGAGCTACTAAAACAAATTACACCTTTACTACCAGAAATCAATAGCGTTATAGATGTTGGTTGTGGCGTGGGTACTTGGCTTAAAGCTTGGCAAGATCAAAACCATAAAATAAAAATACTTGGAATTGATGGTAATAATGTAGATAAAAAATATTTTTACATAGATCAAAATAATTACAAGAAAATTGATCTTTCAAATAATTATAAAGATATTTTGATACAGTTAAAATTAGCCGATGAAAACAAAAGGAGGGGGGCGGGGAAACCTTTTGATTTAACACAAAGCTTAGAGGTTGCCGAACACCTTGAGGAAAAACACGCAGAGAATTTTATACAACTGCTTACCTCTTTATCTGATA
NZ_CP176591.1_gap38	1386835	1388244	1409	CATATTTTCTTTTCATCCGGTTAAACCTATCACAACCTTTGAAGGTGGTGCAGTCGTTAGTAATAATGAAGAATTAATTTCTAAAATCAAGCTTTTAAGAAGTCATGGCATAGTTAAAAAAAGGCTTTGGGATAGTGATATGATTGAGCTAGGCTATAATTATCGTTTAAGTGATGTTGCTTGTGCTTTGGGTATAAATCAACTTAAAAAACTTGATAATATGCTAGAAAAAAGAGAAATCATCACGAATTTTTACGATAAAGAATTTGAAAAAAATCCTTATTTTAGCACTATAAAAATCAAAGATTATAAAAAAAGCTCAAGACATTTATATCCTATTTTACTTTTCCCTGAGTTTTATTGCCAAAAAGAAATTATTTTTGAAAAATTATTGAATTTAGGTATAGGTGTACAAGTACATTATAAGCCTACTTATGAGTTTAGTTTTTATAAAAATTTATATGGAAATTTATTCTTAGAAAATGCGGATAATTTTTATAAAGCTGAACTTAGCATACCTGCTCATCAAGAAATGAGCTTAAAAGATGCACAATTTATTAAAGATAGTTTATTTAAAATTTTAAAAGAAATCAAAAAAGGATGTTCAATATGAATGAGTTAAAACTGGGGGGGGGGATGCATGCTTTAGCTGAAAAACTTTTCCCTATATGTAGAAGCATCACAGGAGAAGGCTTTAGGCAAAGTTTAAAAATACTTGATGAGGCCATGGGAAAAGATGTATTGCAAATTCATTCTATAGCAAGTGGAAGTAAAGTGTTTGACTGGGAAGTGCCTGCTGAATGGGAGATAAACGATGCTTATATCATCACTCCAAATGGAGAAAAAATTTGTGATTTTAAGCAAAATAATCTTCATGTATTAAACTATAGCATAGGTATAGACACAGAGCTTGATCTGACAAACTTACAAGAACATCTTTACTCTATAGAAGAAATGCCTGATGCCATACCTTATGTGACAAGCTATTATAAAAAACGTTGGGGTTTTTGTATAAAACATCAAGATAGAATTAAACTTAAAGAAGGAAAGTATAAAGTTTTCATCGATGCTAAGCATCATGAAAATGGTGTTTTAAACTATGCTGATTTGATCATACCTAGTACCCAAAACAACAAAGAAGAGATTTTAATCTCCACCTATCTTTGTCATCCATCTATGGCAAATAATGAATTAAGTGGTCCTGTAGTAGCTACATTTTTAGCTAAGTGGCTTTTAGAACTAAAAGAGAGAAAATATAACTATCGTTTTGTTTTTATTCCTGAGACTATAGGAAGTATAGTTTATATTAACAAACATTTAAAGCATTTACAAAAATATACAAAAGCAGGCTTTACACTCTCTTGTATAGGTGATGATAACGCTTATTCGCTCATTCACACTCCAAACGA
NZ_CP176591.1_gap39	1514778	1516162	1384	CCAAACCAAAAAAACTCAAAGTGGCTTCACTTGTAATAGCATGAGCGATATTTAAAACAAAAAGCACAAAAAGCAAATTCCAACAAGCAGGCAAAAGCTCGCTAAATAAAGCTTTCATCTTGCTAGAACCTAAAATGATAGCATTTTGATAAAACTCAAGTTTTTGAAATTTATTAAGCTGAGTATCAAGCACCTTTGCCACAAAAGCAAAATGCCCCAAAGCGATGATAAAAATCATACTCCACAAAGATCCTGCCAAAAAGCTTTGAAAAAACATAATCACAAGCAAAGAAGGTAGTGCTAAAAGCATATCAATCACCCTAGCAAAAAAAGCATAGGCAAAAAATCTTGTTAAAAACACATAAACACAAGCAAAAAGCACACTAAAAAATGCTGCCATTACCCCTACAAATAAAGAAACACGCAAGGCATATAAAATACGCGTAAAAACATCCCTACCAAGTAAATCTGTGCCAAAAATATGACTTAAATTTGGGGCCATTTTAGCCTTACTTAAATCCACTAAATTAGGATCATAAGAACTTATTAAAGGTGCAAAAAGTGCTAGAATAAAACTTAGCAAAATCATCATCACGCAAAACTTACGCATTAGCAAACCTTGGATTAATCATCTTACAAATTATTTCTACGATCAAATTTACAAGCACCACCACTAAAATGCTAAAAATCACCACAGCTAGCACCACAGGATAGTCTTTAAACAATATGCTTTTAATTACCAAATTTCCCACGCCCTCATAAGAAAACACACTTTCTACTATATAAGTTCCCATTAAAAAACTCACAAAAGAAGCACCAAAGTACGCAAGTATAGAACCAAAAGCATCTTTTAACACAAAGTGCAAATAAATTCTTGTTTTGCTAAGCCCTCTTGCAAAAGCATTTTCTATAAAGCTTTGATTTAAACTATCAATCAAACTTGTCCTTATAAAACGCACAAAAACAGCTAAATGCGAAAGCACTAAAGCACATACTGGCAAAAACAAATGCCACAAACGATTAGACACATCATCTTCAAAACCAATATCAGCAATAGCCGAACTTGGAAAAAGCTTAAAAAATACAGCAAAAACTAAAATAAACATTAATGATAAAGAAAAAGCAGGCAATGCAAAAAAACTCATCGTTAAAAAAGTGATAAATTTATCTAAAAAGCTATCTTTATAAAGAACACAAAAAAGTGCTAAAACCAAAGATAACACAAAAAGTATAAAAAAAGCTAAACTCGCCAGTATGATGGTATAAGGAAGTTTTTCTTTTAAAATTTCACTAACTTTTTCTCCGCTGATTAAAGAGTAGGAAAAGTCGCCTTTTAAGGCATTAAAAAGCCAATTTTCATACTGCTCTAACAAGGGCTTATCTA
NZ_CP176591.1_gap40	1520793	1523951	3158	TTTATCAATGCATTTTTAAAAACCCTAAAAGAATCTCTAAAATCATTTGCAAATTTATTTAAAGATTTTTCATTTTGTTCATTTTTATATTTATTAAAATTTTCACATTCTTGTTTGATTTTTTCTTGTAAATCATCAAAAGTAAAATTTAAATTTGTATTTACAACATTTAAACTTCCCTTGAAAATAGATTGAGAAAAATTAAACATATTAAAATCAGAATTATAAAACATAATATCATTTAGAAATTGATTTTTTTCAAATTGAGCATTATTAAATAAGTTATCTTTAAAATTACAAAATTCAAAAAAAATATTCATATTAAAGCGACATTTTGCTTCAAAAACACAAAATGTTATATCCAATCTTTTTCTAAATGTTACATCGTTTATATCTACATCTTTTTTAAATATGCATTTATGTATAAAAATATTATTTTGTATATCCAATATAATATCTTTTGAATTAAATACAAAACAATTGAAAACACAATTAACAAAAGACAATTTGTATAATTGAAATAATTTAAAATCAAATCTATATATATTTTCATTAGAAATTTCTATACAATCTAAATAAAAATTATAACCGATGCTCCTTGCTTCTATTTCAAGAAAATTAATCAATTCTATCTTTCTTGTATCAAATTCATCAAAATAAGATTTATTTTCTTCCATTACTTACCTTCAATTATTTTTATTTCTTCTTCGTTTAGGTTGTAAAGTTTGTAAACGATAGAGTTTATTTTGTCTTCTTGGATTTTGGTGTTTGATTTTTTGTCTTGCTCTTTTAAATTTAAAATCTCATCAACTAAGCTTATAAGCTCGTTTGCTAGTTTTTCATTTTTAGAATTTATTTTTGGTATAGGAAGTCTTTCTAAAAATGCCTTTTTATATCTAAATCCATTTTCACCTAAGCTTCCACCGGCGTAAAATGTTTTAAATATAAAAGCCACAAAATCATTGTTTAAAAAAGCAATGAGATATTTTAGATTTTCCCCTGTTAAAATAAAACTTGTTGCTTCTGCGTAAAAATTTAACTTTGTATCTAAATAAAATTGCGGACTTCTCACAATTTCACTATATATTATTTTTTCCTTTTCAAACTGCGATAAATAATCTTTATTTGGATTGTTATCTAATTCAAGCCAATGATGTTGTCCTAAATATGGTTTTTGATCTGTTATAGGCTTATTAGTACATTGTCCCCTAGCTTGAAGTTTTTTCTTGTATTGTTTTAAATGATTGTATATAGCAGGATATTCTTTTTCTAAAATTTTATAACTTCCAAATTCAAAAACTATAATCCACAAATTCGCCCACTCATAACTATATCTTTTTATATCTCTACCGCGTAGCATTTTGCGTATGAGTTTAGTAGTGCGTTCTTTTTCGGCTTCATCTTTGCATTTAGCTAAAATTTCATCTCTTTTTTCGGTAGTGATGATAAAGGCTTCATTATAGCCCGTTTTTATACCATAGTTTATATTAAGCCCATGCCAGTCTTTAAGTGGAGTGCCGTGCTTTTCTATCTTTGCTTTTAGTGCATTTGTGCCCTCATCGTTAAAAGTAAAGCTTTCTTTGCTTAAAGAATTTTGTGCGATTTTGTTAAAATTTAAAATGCTTTCTATGTTAAAGTCGTTTTCTTTTAAAAGCTCGGTGTTTGGGGCTAGGTATTTGAAGCTGTTATCTTTAGTTTTTGCTTTTTCAAAGCTTAGTATAGAAGTATCTACCGTAGCACTTTCAAAGACTTTTATACCATTTAGATCGATGTATTCTAAAAGGGTGGTATTTTTGAGTAAAAACTCTCTTAAAGCTTCTCCATAACCTGCTCTTGTGTATTTGTTTGAAGTGATGAAAGACAAAACACCATTTTGCTTTAGCACATTAAACCCAAGCTCATAAAAGTAGGTATAAATGTCGCTTGTGCCTTTATATACTTTATAGTTTTTGGCTAAATTTGGCTTTAGTTCTTTGATGTCTTCTTGTCTGATGTAAGGTGGGTTACCGATGATGAGATCAAATCCTTGAAAGCTCCCGCCCTCATCAAGTACTTCGCTAAATTCAAAACGCCATTCAAAAGGATTTGCACTTTCTAAGTCAAATATACTCTCATAAAGCTTTTTAAGCTTTTTAAATTCTTTCTTAGCCTCACTTTCATCAAAGTCAAATTCAAACATATTTTTAGAGAAAAATGCTCTAAAATTCTCATCTTTTTCATCTTGTGCTAAAAAATCGCCGTATTTTTTAGAGTATTCATTAGCGCCGTTGGTAAGTTGCTTGATTTCTTTGGCAAATTTGTCTTTTAAGCAGAAATTTTTAAAAGATTCTTTGAGGTTTTTGATTTCTTTTGCGATGAGAGTTTTGTCGGTGTAAAAGCCTTCTTTGTAGTCTTTGACTATGCGTTTGTATTTATCCATGCGTTCTTTGATGTTGGGGTAGTGAGAAAGGCTTTTGTGAATTTCAAAATAACTTATAAGTGAATTCCCACATTTTATGTTGATATCGATGTTTGGTAGGGTTTTAAGATCATGATAGTTTGTATCATCAAAGCTTTCATAAAAGCTGTGTTTTAAAAGCTCTATCCAAAGCCTTAGTTTAGTGATCTCACATGAGTTTGGGTTGATATCTACTCCAAAAAGATTATTTTCTATGATGTCTTTTTTACGCTCGAAAAGTTCTTTTTGGCAAAGGTGGGTTTTGTCTTTGTCAAAATCAGGGCGTTTATACTCTAAAAACTGGCCTTTGTGATTTTGCACTAAAATTTCATCATTTTGCACGCTTAAGTAAAAGTCCTCTTCAAACAAACCAAGCTCATAATGCGCCATAAGCATGGCATTTAAAGCTGAAACTAAAAAATGCCCACTTCCCACCGCAGGATCGCAAATGCGTATGGAATTTAACAAGGCTAGTTTTTGCTCTTGAGGGATTTTTTCTTGGCGTAGCTGGGTTCTTAGTTCGCTTAGCTTGGTGGCATTTAGCTTAAAAGTATGGTTAAACTTATCAAGCACGACTTTTTCTATACTGACTTTACACATATACGAAGTGATAAAGCTTGGGGTATAAAAACTACCTTCTTTGTAGCCATTTAGCTTTTCAAAGACATTTCCTAAAACGCTTGAGTTAATGAGTTCTTTTTGCTTGATGAGTTCTTCGCTT
NZ_CP176591.1_gap41	1606242	1608252	2010	TAACACTTATTTTAGATGAGGATTTAAACAACTATTCTCCACTCATTGCCTTAAATTCTATACTTAAACATTTTCAAAATACCTATGTATTTATCCTTAGTGTAGATACTCCGAGCATAAGTAAAGAAAGTATTTATAAACTTTTTCATCATCTAAAAGCACAAAATATACTCTTAGCAAGCACAAAAAAACACAAGCATTATTTGTGCGGATTTTATCATAGTAGAAATTTTGAAAAAACTTTGCAATTTTTACAAGAAAATAACCACAAACTAGCTCTTTTTTGTGATACAATGAAAGCAGAATTTATAGAGTTTGAAAATGAAAATGAGTTTATAAATTTAAATTATTTAAACGAATACAAAAAGTGGCTTCATGAAAAAGACAATCTTACCCATACTATGTGCCTTTAGTGCTTTAGCAAATGAAGATTTAATCAATCAAGCCTTAGAATATGAAAGGCAAGGTGAGTATAAAAAGGCTATGCAAATTTATAAAAGCTTAGCTTTAAAAGATACAGCAAAAACAAAAAATTTAGAACTTTCTCTTAATAATGAGCAAAATACAACAAAAGAACACAAAATAGATGATTTTAACCCAAGAAGTGAAGCTTTGGCAAATTACCTTGGCACAGAAAAATCATACAATCCTTTTGGTATTAGCACACATAATCTTAGTTATTTTATGCCTATTTCTTATAGTTTTAGCAAAAGAGATTATAAAAGCACTGAAACTAAATTTCAAATTAGTCTTAAAAAAACTCTTTTTGAAAATCTTTTGGGTTTAAATGAAAGTTACAACATAGCTTATACACAAATTTCGTGGTGGCAACTTTATGAGCATTCATCGCCTTTTAGAGAGACTAATTATTTGCCTGAATTTTTCATCAATTTTCCTATAAGTGGGCATGGAGCTTTTGAAAATTTAAAAAATGTACGCGTTGGTTTGTTGCACGAATCAAACGGACAAGATGATCCAAAATCAAGATCTTGGAATAGAATTTATCTAAGCAATGCGTGGTTTTTTGGGGACTTTGTGTTTATACCTAGGGTTTGGCTAAGAATTCCTGAAAAAAGCTCAGAGGATGATAATCCCGATATAGAAAAATATTTGGGTAATTTTGATATCAATCTTGCCTATACTCAAGATGATTATTTTATCAATATCTTATGGCGTAATAATTTAAATTTTGCTAATAACCGTGGTGCAGTGGAAATAAGTGGAGCTTATAAAATCTCTAACAATGGCTTGTATATTTACACTCAATATTTTAACGGATATGGTGAGAGTCTTATTGAGTATAATAAATCTTCAAGCAGACTCTCAAGCGGAATTTTGCTAATGTATTAAAAATGGAAAAATTTTGCTTTATTAAGTTTATCATTAACGATAAAAAATCTTTTAAAAGATTATGTGAGTTGTTTAATTATATTAAAATTTTAAAAGATGAAAATTTACAAATAGAAGATTTATATACAGATGAAAGTATATATAATTTTTATAGCAAAAAAGAATTAGAATATTTCTCAAGCAAAGATTGCTGGGAATTTGATGATATTTTTGATTGTATAGGAAATGGAGAGTATTGTTTTCACTCCATAGAAAAAATAGAGGAAAATATTGCCAAATTATATTTTTACCCCGTTTCTTTTCCTTATGGTGGAGTTGAACCTATAATCGAGTTTATAAAATCATTCCAAATGAAAATTCTTACAATTGATTGTGGTTATATGGAAGAATTTGAATATTAAAAGCCTTTTTAGACTTTTAATATTAAAGCAAGCAAAATGCTATAACACTACCTAAGATAAGTAAAGAGCCATTAAAGCATAAAAAGGTTGGTATACAAGTATCTTTGATATGATCACCTTGCTTATCTGCATTAAGCCCTACGCTCACTCCCAAAGTTGTTTCACTAGCAGGCGATCCTGCATCACCTAAAGCTCCAGCAACACCGATGATAAAAATAATCGCAGCAGGTGAAAAACCAAGCTCTATACATATAGGGCA
NZ_CP176591.1_gap42	1638899	1639399	500	TTTCACCATAAAAGCTACTTGTTCTTTAGTAGCTTTTGCTTTACCTGTTACGGTTTTTTTTACTTGCAAAGGTGTGTATTCTGCAAATTCTCCATGAGTTTGTAAGATTTTTAAACTCAAAGCTCCACGAAATTGTGCTAACTTTAAAACAGTTTTTGGATTATAAGCAAAAAATATATCTTCTATAGCTACCTCATCAAATTGATGATTTTTAAAGATTAGATCAAGTCCTTCACATAATTCTGTGATTTGATACTGTAAATCATTAGGTTTGATTTTGATAAGCCCTGCTTCTATGAGTTGATTTTTATTATTTATTCTTTCTACTATAGCGTATCCACAATACCTAGAACCAGGATCTATCCCTAAAACTTTCAAACTTTTCACCTTTTTATTCACATAGATGTGAAATTTAAATTTTTATGTGAATAATTTTAACCATTTTTTATAAAAAATAAGCTAGAATTTTAAGTTTTACATCATAATTTATAAGAAAAATA
