gap_id	start	end	length	sequence
NZ_CP007139.1_gap1	144694	149454	4760	TAACGATTACGTGCTCTTCTTCCGCAAGCCGGGCGAGAATCCGGAGCCGGTGAAGGCGATTCATGACGCGAGCACGAACCGGCAAGGTTGGCTCGAATCGGAAGAATGGATCCGCGACGCGTACGGCGTGTGGCGCTGGGACGATCTTGTTCTCAACGGCCAAAAGGGCCAGCGGATCGTTCCCGGCCTCGGTTCGAAGTTCGACGAAAACTTCGCCTTGGAAGGCTTCACCGACGCGTACGGCGGCGCCCTGATCCAAGAATGGCAAGAGTCCGGGATCTGGGACGACATCATGGAGGGAGACGTCCTCCAGAATTGGCGATCGGCCCGGGCGAGCAAAGATGAAAAACACGTCTGCCCGCTCCAGCTCGAGGTAATTCGCCGGTGCGTTCGGCTCTATTCGAATCCCGGCGATCTCGTCGTCGATCCGTTTATGGGCATCGGCTCGACGGCCGTCGTCGCCATAGAAGAAGGTCGCGACGCGGCCGGATTCGAACTAAAGGAGAGCTACCACGCCCAGGCGAATCGTAACGCCAAAAAAGCAGTTGAAGCGTATCAGCCGAACTTGCTAAGAGTCCTAACGGGGGGGGGTAAACGGTGCCTGACGGTCAGCGCTTAGGGAACGGAGGCTGCGGTCGTCCCGCTAGCGCCCATTGTTCGTACAGCCACCGCATCAGTTGCGATGCCGCTTGGCCTCGGTCCCGCGCGTCGTCCTCGATCTGGCCTTTCAGCTTAGAGGGAAGCCGCAATTCTAGCCGAGCATCCGAAGGCGCCTTAGGCTGCATCCACGTCCCTCAGGGGAAGTGCAAGCCAATCCATAACCGTCGTGATAGTCGCCCTGTCGAAGTCTGCCCCTTCAAGCGCCATCGCTTCCTCGCGCATCGCCTCGACGATCGCGGGACGAATCTCCGGGTTTCGAAGCCAGTGAAGCGTAACAGCGGCAACGTCACCACCGCACATCCAATTCCAAACCCGCTCCATCTCAGGCGTCCATTCGCGCTCATCGAGAAGAATGACTTTCGGTTCCAGCACTTGCAAGCCTTCAACGGTTTCGAGGTGGGTCGCCCAAGTTTCGCATTCATCTGGAGTGTAGCGAGAGCAAGGCAAGGTGAAGTCAAGCCAGCCCCGTCGATTGTCGTAAAAGCGAATCGCAAACCACTCTTCCATGCTCATATTGTACGGCATTGTACGTACATTTTAAAGATGTTTTTGGGGCGAGTTTTGGGCGGTGCACCCTAAGTGGCCCACACCCTCTCCGATGCTCACCGGCACATGTTAGAGATCGAGTCGGGCATCCCGACCGAGCTCATCGAACAGCGTGGCTATTGGACGGCGACCAAGCGCGTCGAGCTCGAGCGGCTCGGTTTCGGCGCGACCCAGCAATCGGTGCCGGCGCTCGTTATCCCGCAATGCAGCGTCGGCGATGGCCACGTCGTGCGCTACATCGTGCGTCCGGATAACCCCCGAATGCTCTCCGGGAAGTGGGTCAAATACGAATCCCCACGCGGCGCCGCGAAGACGCTCGATTGCCATCCGAGCCAAGTCGAAAGCCTGAAAGATCCGCTCATCCCGCTATGGATCGGCGAGGGGACCAAAAAAGGTGATTGCGGCGCCGCTCATGGGCTTTTGGCGCTAAACCTCGACGGCGTAAGCGCCTGGCGCGGCAAGAACGACCAGGGCGGCATTACCGTTCTCGACGACTGGAACTACATCGCGCTCAACAATCGGCGGGTTTATATCGCCTTCGATTCGGACGTGATGACCAAATGGGAGGTGCGCGAAGAGTTGCGCAAGCTCGGCGAGTTCCTCTCCAAAAAGGGCGCCAAGGTCCGTTTCGTGATCATCCCAAGCGCCGACGGCCGCAAGGTCGGCCTTGACGATTTCTTTGTCGCCGGCGGCACCGTCCCCGAACTGATCGCCGCCGCGATCGACCGGCTTCCGAATCCCGCATCGCCCGCCGCGACGCTATGCGACAAGAAGGTTTACCCCTGCACCGAGCTCGGCAACGCGGAGCGCTTGGTCGACGCCCACGGCGCCGATATCCGCTACTGTGCCACCACAAAGAAATGGATGGTTTGGGACGGCCGCCGCTGGCTGATGGACGATCACGAGGGGGCGCCCGTCTCCCGGCTCGCCCAGGGCATCGTGCGCTCCATGTACGCCGAAGCAAGCACGATCGCCGACGATGCCGACCGTAAGGCGTTCCTGCGGTGGGTGACCATTTCCGAAGGGAAGCGCGCGATTGAGAACATGCTCGCGCTCGCCAAAACCCAGCCGGGCATCGCGGTTTCGCTCGACGAGTTCGACACGCAGCCGTATCTACTGAATCTCGCGAACGGCACCTACGACCTTGAGACGTTCGTGCTCCGGCCCCATTGCCGAGACGACAAGCTCACGCGCTTTGTCGATATCCCGTTCATCGAAGACGCCTACTGTCCGCTTTGGCTTGACTTCCTCGCGACGATCTTTGAAAACGACGAAACCCTCATGCGCTATATCTGGAAAGCATGCGGCTACTCGCTCACCGGCGACGTGAGCGAGAAGTGTTTCTTCTACCTCTACGGTCACAACGGCGACAACGGCAAGAGCGTCTTTATTCGCACGCTGCTCGCGATTCTAGGCCCGTACGGCCGTGCAATGCCGACCAGCTCGTTTCTTGCCAAGCGAGACGGATCTGACGCCGCAAACAACGATATCGCACGGCTCAAGGGCGCCCGCGTCGCCAGTGCTTCTGAGGTCGGCGAGGGCCAGCGGCTCGACGAAGAGCTCATCAAGCTGCTGACCGGCAACGACGTTATTACCGCGCGATTCCTGTATCAAGAGCACTTTGATTTTCTGCCCGAATTCAAAGTTTGGTTTACGGGAAATTATCGCCCCATCATCCGGGGCCAGGACCGGGCAATCTGGAATCGACCGCGCCTCATCCCGTTCAATTACTCGGTTCCAAAAGAAGCGCAAGACACCAAGCTTTCGGTAAAGCTCCGCGCCGAATATCCGGGCATCCTCGCGTGGATGATCGCCGGTTGTAAAGCTTGGCAATCGGAAGGGCTTGGGCGTCCCGACGTTATCGCCGCCGCCGTCGAAGAATATCGCGAAGATATGGACGACTTAGGTGATTTCCTAGAGCAATGCACTACGCAAGGTAAAGGCTTTAGCGCGAGCGCTCATAAGCTTTATGAAGCGTTCGAGAAGTGGTGCAAGATGAACGGCATGAAGGTCATGACTTCGACGTCGTTCGGGCGCAAACTCACGGCGAGAGGTATCGCGAAAGTCAAGACAAACACCGGCGCAATCTATCAGGAAATCGCCCTTTTATCGGACGAAGCGCTCCAAAACGTGTATCGAGGGGGAAATTGATGGTTTTTCGGCTCAGTGACGGGTTTGTGACGGGTTCGGTGACGGGTTTTAGGTTCAAATTGAAAAAATCCCAGAAAACCCCCTTACGCGCGCGCGCTCACACGCAAAGGTTTCATTTTTTGATTTTGGGTTCAAAACCCGTCACTGAACCCGTCACAAACCCGTCACTGAGCTTTGAGGGGGTATTTCGGTGACCCAATTTACCGGCCCTTTCGCCCCGGCTCCTCCGGTTCCCGTTCGGAAGTGGGTCGGTACTCTGCTACACGCGCAACTTACCGAGATGCTTGAAATCACGCGTCTCGCCCAATCTAGGGGACTCGGTAAAGAGTGCGAGTTGCTTATCGTTATGCTAAATGAAATTCTGGTTTCTGGATCAAAAAGCGAAGAGGGATTATCGGCCATGGTGTCGCTCTATAAAGCAGATGCACTGAGACTCGCTATCTCCATCGCAAGACGTATGGGCGCTAACCGAATACTTGAGGATATCGAGCTCTATAGCGCTGCACGCCGAGTGTTTAATGTCTCGCCTAATAAGGCTCGAAATTTAAATGCTTTGGACGATGAAATTGAAGATCCGTCCGCGCCTGGGCTCGTTGGTCAGGGAGCATTGTTGTGAGAAATTTTTTATTTCCGTCATTGATTAGTCTCGTAATGCGCGCGGGCGTGGCCGGGGAGGTGCCTTAGATGGCGCTGCATCGCCGCCTAATGACTGAGGAGGAGATTCGGCGAGTTCGGGCACTTCGGAACGCCGCCCCGCTCGATCCCCAAGAGGCGGTTGTCGTCGAGTGCCTGGTCCTCCGCGCCAATGGGAGTCGCATGATCGACGCATGTCACGGGGATACAATCGCGCGGCTCGTAAATCGACACTGGGTCGCCGTTGAGCCACTCTTGCGCCCCAGCCGGTTTGTGGCGAGTGAGCGACGGGCGATCGACTTCATCGAGGTTTGGGGGCTCCGGACGTCCGGACGGCTACAGACCGCGAAGATGATCTCTCCCGCCAATGGTCGACCGGGGATCGATGAGGCAGAGAGCATTGCTGAGTATGTCGAGAGTGTGCCGGAAGGCGGTGCTTACGGCATGGCGTTCCAGCGAGCGCACCCGGCTCTTCTGTGGCGATTTGGGCGCGGCCTGGAGCCGGAATCGATGTTCTACCGATACGCCGGCGAACCGCTTTCTCAGGCGCTTGTTCGGCTCGGCTGGTTTGAGTTTCGCCTCATGCCCGAGAGGCGCATTCCCGCCGCGGTGATCGATCGGTTCGTCGCCGAGCTCACGAGCCACATGGCGACGACTCCATATCGATCGCCACAGGAGATCATTGACCTTGATGTTTTGGAGCTCGCCGACCAGGCGAGTGACGAGCTGGCGGGGATCTCTGGCCGACGTCGACGGCGAAAGAGCAAGTA
NZ_CP007139.1_gap2	165464	169445	3981	GGGGTTGGCGGATGGCGAGCCTACGATCCGGCTGACCTCGCGCTCTATGGCGTGGAAAGCGGGTCACAAACCGGAGCGTTCCAGGTTAGAACGACTTTGAACGGCACGGCGAGCTCAACGCCCACGGTGTATGCGGAAGGGATCACCAAACGCGGGATCACTACCGTAACTACACCCGGCGAATGGGAAGCTCAGCTCAAGCTTTTGGAGTGGTCCGCGCCTGGCGCGGCAGCCGATCCAACGACGGAATCAGCATCGTTCCGGATCGAGGACGAGACGGTTTCGCTGCCGCTGCTTCGCAACCGGTCGACGATCGCTTACTCGCTCGAGTACGAATACCCCGGCGTCGACTGGACTGATCCGTCAAATGCCTGGAAGCGCTCGATCCTTTCCCGTGGGTACACCACCTCGATCGTTCAGACTCAAAAAGGAAGCGATCATCCTACCGTCGACGCCAATGGCGATCCCTATGTAGACCCTCGGCATGACTACCCGAGTCCCGATTGGCGCGGATTCCAAATTGAAGCGGCGGGCGAATGGCAGCGCGCTAAGTCCGTCCTCGCGCCTTACCTGCACGATTTCTCGGTTAGTTGGGAAAACAGTACTGACACGCCTACGGGCGACCCAGAGAAGGCCACTACGGCGCTCAAGCGGATTGCGGGTTGGCTTGGTTTTACCGATCGCCAGATCGATATTCCCGACCTGCCCATCCGGCTTTGGGCGGGGAGTGAGGGGTTCATTGTCACACCGGGGCAGGACATTCTTGAGCTCGGCAATCGCATTGCTCGCGACTACCTGCTCGGATGGCTTTACTACGATTGGAATTCAGCGACACCCGACATGGGAGGCGATCCGGCCAATTGGGATGTGATGATCCGGTTCGGTCAACCTCCGTCGACCATCACAAACCTCGCCTATTTCGACAAGCGACCGATGGCGAGTGCGCTCACTGGTCTCATCTTCGGCGGCCACGCGCTGAACGATTTTGTTCCGGGCGTTGGGCCGAGCGGCGAAACGATGGTCGGCGCGCCGATCTATAAGCTTTGGCGCGAAGAGCGCATCCCGCCGGAGTTTAACAAGCTCGTCGTTCAGGGAACAGCGCCGGGCGAAACCGGGCAGAATTCGCACGGTCAAGCGACGATCCGTCAGACCGTTTACAACTTCCGAAGCTACAATTTTCATCCGGGCGTGCCGACGGCGGATATCACGAGCCCCGACTGGCTCCCCTATCCGAAAGAAGCAAAAATCATCGATCCGACAATTTCAACGGGTCGGGCTATTGGATTCATCGCCCATCACGCGATGAACTACGCCGGCACGGGGCGCATTCGCCGCGCCTGGGTCGCCCCGATGGTTTCGGTGACGGATCCGAATGATCCGTTCCAGAAGCGCCCGCGGCGGCTTCGCTATTACGATCCGGTGATGCTTTTGGGCGAGCAATATTTCATCCGGAGCTGCACGCCGTACAGTCGAAAGGATGGCGTGATCCTCGCTCGCTACGAAGCAGAAAAGCAGGTGGTACCCATATGAGCCGGGCTACGGCTTCGATGATTGAGTTGCGCCGGCGCGTGATGGAAGTTTTCACCGCCCGGCAGCTCGGGACCCTTCCGAGGTCGCCGCGGGGGCTCGTCTCCCAGCAACGGGCAATTGCGCACCACGGGGAGATTCACGGCTTGCCGGAGGTCCATGTCCCGGCGATTCAGGATCTTGATCCCGCATCGCCGACCTTTGGCGCTTTCTTTTTCTTGCTCGACGCCTCAGAGTTTGACGGCGGCGACATTCTCGGTTGATATGACCGCTCGAAGCATCAAGATCGACGCCGGCGGCGAGGGAGCTGAGCTCACGATCGTCGTTACCGGCTCAGAATGTCGTTGCGAAGATCTGCAGATGTTCATCGCCGCTAAGGTTCGCGAGTTTCTCGCTAGACCAAAGACCACCGGGTCAGCGCCGCGCCCGTGCGGCTGCAAGGAAAATCAGTAAGTGCCGATTAACGGGACCTTGCTTCCGGCGACGATCAACGCGCTCGAATTTGCTTGCCATTCGAGCGGGACGCCAAGCGGTTCCGGTCCAGGTCAGCCGACCTACAGCCATCAGGCAACTCACGACACGTTTTTTGCCCCTAACGCAATCGATTTAAGCCTCGGACTCTATTTGCATGCTGAGAGCAGCTACGACGGTTCTGCGGGCACGTGGCAAGCCGTTTACGATGGACCTGGCGCGCCGTTCGGTGGATATGTCCTCAGCGGTTCGGGATTCCAGTCGTCGGTAAAGATTGCGGCCCGGCCGAAGTCGGTGAAGCTATATGGCACGTCCGGAGGGCTCACTTATATCTCGTGGTCGGAAATCGAGATTTGGCTTAACGACGCGCTGAACATTACATTGCCTAGCTCGGGGATCGCCTCCCTGGGGAACGGTTGCGGGCCGAACTACACGCTGATGATCGGAATCCCGAGTTATCTAACTGGCAGTGCTGGCGCCGGCCGGATTGGCGTCGTTTATCCCGCCTATGACAACTGCGACCCTGGCCATGGCCTTCCGATCTCTTGGTCGACGTCCATCGGATCGACTGCGGCCGGGGGATGGCGGTTTCAGGAGATCGACGGCGGCGCTTGGACCGATCTGCCGGTCGCGCTGTATCATGCGACCCCTCCCGCGGGCGGCGACTGCCCATTCGGCCTAGGGTTGGGGACGGTGTCCGGAGGGAGCACGTCAGCCGGCTCGATCGACACGAGCTCGAGCGTTTCCTCTGACCGTGAGTATGTGACGAGAGAGCTCTTGACCGGCGTCTCAACGGCAACGTGCTACGACAATGACGAAGCAGGAACGGTTCTCGGGACCGTGACGACTCACCCGCGCGTTACGTTTCGAGACCCTTGTACAGGCGAAATTGTCGACGCTTACCGGGATGTCTATTCAACGGAAAGCTGGTCGGAGCATGCGGGCGGTTCGGTGTGGCTGTATCCCAACCTCGCTACGGCTATCCGCCGGTTCTCCCCCGGCTACCGATGCGCTTGGTACCGGGGGACGCTCCCCGAAACGACGGCATCGGCGTCGCGGAGCTGCACGAGCGGCGGCGTCACGGTAACGACCAATTCGAGCACCGTCGTCCATCCGGCCGTGTCCTACATCGCTTCGGTGGTTGGAAGCGGCGCCCATCCGATCGAAGACGTTTTCACCTACACGGCTTATTCGCCGACGACGGAATCTCGAAGCAAGCATCACAGCAAGACGTTCGATTTCGCCGGTCCGGAGGACGTGACCTGCGATCCTCAAGCCGACATCGATTGTCCTACCGGAAACAAAGGGTTTTCGTGCGGCGCCACTGCACCCGATCACCCCGAAATTAACGACAGCGAAACCGTGTCCGGCAGGTTCCCGGCAACGGTCGGCCCGATCCCAGGCAATTACCAGTGGCACTACGTCGACGTCGCGCGGTATCTCGCGACCTGGCCCAATCGACTATGGCAGTTCGCAAATTGGCGCGAAGATTGGAAGGTCGACGGCTCGCCGGTCGCCTGGCCGCTCTATTGGGGGCTGAACGGCGAGCAGTGGCTCTACAATCCCGCGTTTCCCGTTTCCGAGCAGCGGCGCACTCGAAACAGCCAGCTAACGAGTTGCTTGGAGCAATCGGGCTATACGCCCTTTCTTGACGCCTTCTTTGGCGGTTTACGGTGGATCGGTGTTTCGCGGTGGCAGACGATGGGGATCGACCCTCCCGACCATCTCGATTTGACGGCCGCTGGCGCCGATGCTTGGACGATCGAGCACGCGACGCCGACGTACACGAGCACGGGGATCACCCTTGATTCTCCGGACGCGACGACGTTAATCCTCACGCTCGACACTACGCGTTGGGACGTGCCACCGCACCTTTATCCAGCCATCTGCGATCGCATTCGTCTAAGTTGGTCTCTTGGTAACGTCGCCCAAGTCCGGGTCTATTGCGTCGCCGAGGATGGCTCGCTTGCTTTGCTCGAGCAG
NZ_CP007139.1_gap3	330564	334896	4332	CCTCGGCGGAGCATGTCGCAGAGGGGGCCGGGGAGGATGGCGGCTTGGTGGGCGAACAGGCGTTCGTTGAAGGCATCGGCGGTAAGGCCGCCCGGGAGGCGAGCCCAGTGGTAGAAGCCACCGTCGCCGGTGAATAGCTCGAAACCGAGGTCCGCCAGCGCGGCTTCATAGCGCTTACGCTGGCCGCCATAGTAGGTACCAACGGCGCGGCGGGCCTGGGCAACTCTTTCGAGTTCCAGCATTCCGGCGACGCAGATCTGGGATGGGCGGGCGACGCCGCCCATGGCGATGCTGGAGAAGTTGCGGAAGAGCTCGATATTCGCCTTCGACGCAGCGATCCAACCGACCCGTAGGCCGGGGGCTTGGAGCCCTTTGGTGGCGGCGCTCACCACGAAGAGGTTTGTGCGGTCAATATCTTCGACGTACCGAAGGGCGCTGTCCGGCTCCGGCTCATGGAAGAACTCGTACGCTTCGTCGATCAATCCAGCCCAGCCGGGCTGGGAGCATAGGGCGACGAGGGATCGGAGCCGCTCGCCGGTCCAGGTGACGCCGGTCGGGTTGCTGGGATTGCTCTTCAACACTAAGCCGGGCCCGGCCATTTCGTAATCTTCTATTCCGGGGCGGAAGGCGTTCTCCGGGTTGCTGGGGATGAGCGTGGGCGACTTCGAGAGGAGGCGCAGGGCGTCCCAGTACGGCGTGTATTCGGTCTCCTCCACCAACACGCGCATCTCGGGTTTGAGGAAGGCGAGGGTGGCGTAGATGGCGGGGCGGCCGCCGGCGAAGATGGCGATGTTGTCGGTGGTGAGGTTCGCGCCGTAGAAGTGGCGATAGTAATCGCGCAGAGCGACGAGGAGCTCCTGCCCGCCGGTCGCCTGCGGGTACTTGAGGTCTTGGTGGGTGAAGTCGATGCGCGTCGGGATGTCCGGTCCGCCGGGAAGTGGGGTGGTGAGCGGGAAGCCTTGCGCCCAGGGGTGGGTTCCTTCCGTCCCCATGTACTTTCCGGTTGCGTCGAGGAACTTGAAGAGGGTCTCGTAGACTCCCATCGGCGGGAAGTGGCAGAGGGCGGAATCTCGTTGGCCACTCGTCATTGATGGCCTCGGTGGGTTCGGTTCACGTGAGGATATTAGCAGGCGATCACTTTGGGTGCGGACATCGGCTGGGGTACCGACGCGACGGGTTCTTCGCTTTACACATCTTTAGGTTCGGGAGCCAAGGACCTCCCTTCAACAGATTAGCCTGCTCTTATCGCATTGCCTTCCCCGAATACGAGGGCTCGTCATATTGTTAGGCTGATATCGCCGCTTTCAGGGCTCGAGGGGTTTGTCGGCCTTTACCCAGGATTCCGCTTCGCTCCACCCTGGGCTATGGGATGTCGCTCCCATGGGGCTGGCTCAGGACATGGAATCGGCCGCACCTTTATCGGCAGGCGGGTTACCGCGTAAAAAGTGCGATACGACGGCCTGCGGAAGGAGGTGAACTTGGTGCGTTCAATGAAACCGCTGCGGGGCTCCGGCCAAACCGTTCTTCGGCTCGAGGAGCGTTTGAGGACAAGGGTTCGGGTTTGTTTGGATGCCAAAGGAGGACGTGCGGGATGTCGGGGCTCTCCGAGAAAAATTCTGTCGATATTGTCCGGCGCGGGTGGAGGTGAACGTTGAGGGGATGAAGGTTAGACTTCAGGAGGAATTGGACGATGAGTGAATTCGTTTTTCTTTACCGTGGCGGCGACAGGGCGACTTCGCCCGAGCAGGGACAGCAGATGATGCAGAAGTGGATCGAGTGGTTCAAGGAGCTGACGGCGGGCGATCATGTCGTCGACCGGGGGCAGCCGCTCGAGTGGAGCGGGAAGGTTGTGCAGGCGGGCTCAAAGACCATCGTCGACGGCCCGTTCGCCGAGGCGAAGGACCTCGTCGGCGGTTTCACCATCATTAAGGCGAACGATCTCGACCACGCGGCTGAGCTCGCCAAGAACTGCCCGATCCTCGACCGTAACGGACATGTGGAAGTACGCCCCGTGATGCGCCTGGATATGTAATGGAGCACCCCGCCGGCCCGCTTGAACCGGGAGAAGACCCGATCGATCATCTGTTCCGGCGCGAGTCGGGGCGGATGATCGCGACGGTCGCCCGGCTTCTCGGGCTGCAAAACCTCGCCTTGGCGGAAGACGTCGTTCAAGACGCCTTCTGCCGGGCCGTTGAAGTGTGGAAGTACCGGGGAATGCCGCCGAATCCGGAGGCGTGGCTGATGGCGACGGCAAAGAATCGCGCGCTCGACGTGCTGCGGCGCGAGAGGACGGCGCGTAAGTTCGCGCCGGAGCTCGCCTCCGAATGGAGCTTGGCGCAAACGGTCGAGGAGTCGTTCACTCCCCATGCCATCAAAGACGACCAGCTTCGGATGATGTTCTCGTGCTGCGACCCGCGGCTCAAGGAGGAGGCGCAGCTCGCTCTGGTGCTCCATCTCTTGTGCGGCTTCGGGATCGACGAGATCGCGGCGGCGTTCCTGGTCTCGCACCACGCCATGGAGAAGCGAGTGATCCGGGCCAAGAAATCGCTGGCGGAGCTTGGCCTCATCTTCGATCTCGCGGACGCGGAGTTTTCGGCTCGGCTCTCCACCGTGTACCGGGCGCTTTATCTGCTCTTCAACGAGGGATACCACGGCGCGTCGTCGGTGTCGGTGGTGCGGGCGGAGCTGTGTCAAGAGGCGCTGCGGCTGACTTACCTCCTGATGGAGAATCCGCTCGGGGCGGCGCCGGCAACTTTCGCGCTGGGGGCGCTTATGTGCTTTCACGGGGCGCGGCTGCGGACGCGCATCGGCCCGTGCGGCGAGTTGGCGCCGTTGGTGGAGCAGGATCGAACGCAGTGGGATTCCTCCCTCATCGAGCAGGGGAAGCGGCTGTTGGCGAACTCGGCATCGGGCTATGTGCTGACCGAGTACCACCTCGAGGCGATGATCGCCTCGCTGCATATGGAGGCGCGAAGCGTGGAGGAGACGAACTGGCGGGCGATCGTGGAGCTTTACGACGTTCTGGTGGAAATGCGGCCTTCGCCGGTGGTCGCCCTCAACCGCGCGATCGCGGTGGCGCAGCTTCGGGGGCCGGCGGAGGGGATCGAAGAGATTCGGGCAATTTCGGAGCGCGAGCGGCTGGACCGATATCCTTTCTATTGGGCTGCCATCGGGGAGTTGGAATCGCGCCGAGGCGATTTCCCGGAAGCCAGGGAGGCGTTCTTAAAAGCGCGGGACCTGGCGCGCAATCCGATGGAACGCCACTTCTTGTCCAAACGGATAGCCGACTATAGCGCCGTCTAGCGTAGGTGCTCTTGGGAGAAAATGGCGTACTCCTCGCGGGACCAGATCTCGAAGAAGCGTCCCATTCCGATGACCAGGGCATCGGCCGTGAGGCCGGCATCTCGGGCGAGATCTGCCGGGATCGGCAGATAACCGTCCGACCCGAGGTCGACCTGGACGTGTAGAAAGCCATGCTCGGCGACGGCTTCCAGCGCCTCATCGCGGGAGGCGACCCGGATCGCGCGATAGGGAGTGAGCCAAGCAACGAGGCGAGGAGTTAGGATCGCCGCAAAGCGGGGCGGCAGGCGGAGACGGCCGTCGTCTTCCAATTCAATCTCGTATTGCCCGAGCAGGGAGTTCATCTAGGGAGTTTGATGATAACTCGATTCCTGCTTGACGAGGCCTTGGGGTGGTGTTCGGTGGGCGACGATCCGTTGGGGGTGAATGGCGAACGTATGTTCGCCGGGGGCCGCTCTGGAGAGTAGGGAAGCGGCACACGTAGGTGCCAGCTACACGTCCTTCGGACGTAGGGGAGGCCGCTCTGGAGAGCGGCGGTCCGCCGGACGGGACTCCCTCACCCCCAACCCCCTCTCCCTCGTTCGGCACATACATCCGAAGGAGGGAGAGGGGGCTCCGGAGGGTGGGATTGTCCAGCGATTGGTGGCGATTGTCCATTATTAAATGAGAGTCGTCCTTCTCTCTTCTCAAATTGTTTGCCTCGTTGTACAGTATCAACGTGGCTGTCGTAATCCGGTGCGGGTTTGTGCGGAGTGGGAATGTCTAATCGTTCACGCCCAATGGTCGGAACGACGGCGGAGGGGCTTCGCGCTTGGATCCGGGAAGGACGGCTTCGAGCGGGGGATACGCTCGACTCCGAGCATCGGTTGGCCGAGACGCTGGGGGTTAGCCGTGGTACGATTCGGCTGGCGATCGACGTCCTCGTCTCCACCGGCGAGTTGACCCGCCGTCCGCACTCCCGGCCGGTTATCGGCATGCTGGGCGACCGGTCATCGGGGTCGGAAGGGCTCGACGTCTACGTGTGGGTTAGCC
NZ_CP007139.1_gap4	451178	455688	4510	CGACCGGCAAAACATTCGGATCCGTCGTGATCTCCACCGTGTAGGGCCCCGCCCGCCCGGTCAGCGAAAGAGCCATCGCCGGCAGGAGAAATACGAATACCAAGAACACCCACCGCACGGTCGTCACTTGACTTCCTCCACGAGTGGCAGGCCAGCCGCGCGAAGCAGGCGGACGTAAGCGATTTGACGTTCGTAGAGCGCCTGGGCAAGGTCTCGCCGGGCCTGCGTCAGTGCCTGCATCGCGTCCAAAGGCTCGACGAGAATCGCTTTTCCGTTCGCGTAGCGAAGAGCCGCCACCTCGTAAGCAGAGGTGGCCGCTACCACCGATGACTTTGCCGAAGCGACGTTAGCGTTCGCAGTGTCGAAATCGATGTACGACTCCCGTACCTCGCGTTGCACCGTGAGCTCGATCTGGCGAACATTAGCTCTCTCGCGCTCCCTTATCGACCGAGCCCGGGAGACATCGGCCCGGCGCTGGCCGCCGTCGAACAGCGGGATGCTGATGGTCAGACCAATGCTGGCGCCCCGGCTCCCCGCCTGATTGGCCGCGTCGGCCATTGCGATTCCGTACACCTGCGGTTTTTGAGACCCCTCCAACGCCCTTACGTCCGCCTCGGATGCGCGCAGCCTGGCTCTTGCGGCCAAGATCGACCCGCGCCCAGAGAGCGCTTTGGTTAGGTAGCCGGCGAGTTCTCCACGACTTATCTCCCGGTCAAGCGGATCCGTAAGAGCGACGGCGGTATCCAGATCAATCCCCATCGCCTCTTTCAGCATGAGCAGCGACTTCTTCCGCTCGCCAAGGGCGGCGGTAAGCGCACGTTGACTTTGCGCGAGCTCCGATTCCGATCTCTGCACCGAAGCCTCGATACCTTTGCCTGCTTCGAACTGAGCGCGGGTGGTGCGGACCAGCTCGGAACCCGCTTCGACGCGAGCCTGGGCGGCGGAAGCCGTTTCCGCAGCCAAAAGCGCTCTCAAGTAGGCATCTACCGCTTTCAGAGATGCTTCGGCCTGAGTCTCCCGCAGGTCGTATTGGGCCGCGGCGGCGATTTCTTGAACCGATCCGACCTGGGCGTTGAGCAATCCACCCGTGAGTAACGGGATCATCAGCATGACGTTGGCGTCCAATAACCCTCCCGAGGGCGCCAGCAAAGCATAGGCCGGGTCGACTCGCGGCGCTGAGGGATAGATGGCCCCGTAACTTCCCGCCGTGGCGAAGCCGTTTAGGGACGCGCTTGGCCGAAGTCGGGATTTTGCCGAACGAATCGCCTCCCGTGCCGCCTCCAGATCCGCCTGAGCGCCCACAACGGCCGGGTTATTCTTCGCCGCCGCTTCTACGGCCTGCGCCATAGACAAGGGATGGCCAGATTCCGAACGGGTCTGGGCTTGAGCAAAGGAAATGAGAGTGCCGAAAAGGGCCCAAGCCAGCGGCGTTGCCCATCTCGAATGTACGGTTGTGGTGGAAATAGCGGACCTCGCGAGTCATCGGAACGTGGGCTCCGCCGCAACGCGGCCGGAGCCTCCGAGGAGACTCAGCGAGTGGGGGGCGCCCGCCCGGAATGATCCGCCTGAGCGATCCGAGACGGAGGACCCGAATCGGTACCGACGATGCCGGGCTCGTAGGCGGTCGCCGGAACTTCTTCAAGTGCCGGATGGGGGGCCAGCGCGAGCACGAGGACGCAAGCGACCAGGGGAATCGGATGTGAGGTGGCGGCGGTTGGCGCAAAGGTGGCGCTCACCCGCGTCTCGCATCTGCACCCCGACGGAACAAGGGAGACCGTTGGTCGACTTGCGGCCTTGCGACAGCAGGAAGGTTTGGCAACCGGAAGTCGCGCGCCCATCGCGCCATGCGCGCAGCAAGGCATCCCGCAAGTGGCGATCGGCACCGGCGCGCGATTCGGCATGACGCACACCGCCTGCTTGGCTCCGACCGGCATTGAAGCCAAAATCAGAATCAACAAGCTGAGGAGCCTGAGCGCCAATGCGTTGTAGTTGCGCACCACCGTTAGTATCTCAGGAAACGTCGAGAAAAGGCTCGGTGTTCCGGCGGCGCGGGATTCGTGAAGGTAGCTGGGCCGCATGCACGGGCGGGCCCCTTTACAAAACCAGCTTGTGGGCCGAGTTCGGTCAAGGTCTTGCATCGCTGTCCCGCCGGTGGATCCGGTACATGCCCCATCCGTGAAGAAGAATCCCGATGACCATAACGACGATGGAATACACGCCTATCGAATCTTTAAGTAAGAATCCCAAGCCGAAACCGATGAACCCAGCGCCGAAAACGGCTGCCTGGTATTCCAATGTGCTTGCCGTCGTTAGCTTCGCCATTTCGTTTATTGAATCAGTCGAAGGAGCGCAATGACGAGGAGGCCGCCGAGCACAATCCAACAAAGCCAGTACATCGCTTGTTTGTAAATTTCCATGAGCGGCTAGGCGTGGATGAACCGCCGCTCGGATGTCCGAAGCATAACGGCATTGACGGCGACAAAGATCGAGGAAAGTGACATCAAGAGCGCGGATACCTCCGGCCGAAGCGACCAGCCTAGGTTCGAGTAGAAGACTCCCGCCGCGATGGGGATGGCGGCGAGGTTGTAGACGCTGGCCCAGGCCAGGTTCTGCTTCATTTTTCGCACCGTCGCCTTGCTGAGGATGATGGCGTTGACGGCATCTAACGGGTCCGATTTCATGAGGACGATGTCGGCGGCCTGGATTGCCACGTCCGTTCCAGCTCCGATCGCGACGCCGATGTTGGCCTGAGCAAGAGCCGGCGCGTCGTTGATGCCGTCGCCTACCATGGCCACGAACCGTCCTTCACCTTGAAGCTCCTTCACCTTGGCGGCTTTCTCTTCGGGTCGCACAGCGGCGAAGTAACGTGTTATGCCGACCTGCTCGGAGACCGCCTTGGCCGTCGACTCGTTGTCACCGGTCATCAGCACTACCTCGACGCCGCGCGACCGCATTTCTTCCACGAACCGCTTCGAGGTGGCTTTCACGGGATCGGCCGCGGCGACGACCCCAAGAACCCGGTTACCGACCGCGACGAAGATTGTCGTACGTGCCTTGCCCGCAAGCTGCGCTTCGAGTGGCTCAAGGGCCGAAATGTCCAGGCCGGCTTCGGCTAGAAGAGCCTTCTTACCCACCAGCGCCGTCTCGCCGTTGACCTGCCCACGAAGCCCCGCTCCCGCGACGTTTTCGAATGACACTGCCTCTGGAATCGTCCCACGAGTTTTCGCCTCCTCCAGGATGGCGATCGCGAGCGGGTGGCTCGATGCCCGCTCGAGGGCGGCGGCCACCAAGACCAACTCATTCGCATCCACGCCGGCCAGCGGCAAGATCTCGGTAACCCTTGGCTTGCCCTCGGTGAGCGTCCCCGTCTTATCGACGGCCACTACGTCGACCTGCGCAGTCTGCTCCAAGGGCACCGCATCTTTGATCAGAACGTTGTGCTTCGCCCCCAGGCCGATACCAACCGAAACAGCGGTTGGAGTTGCGAGGCCCAGCGCATCCGGGCATGCGATGACGACTGCAGAGATGGCAAACGTAAGAGCGGTGATGAAACCGGCGCCTGATCCGTAGCGCCAAGCGAGAAACGTGATCACCCCAGAGCCCACGGCGAGGACGACCAAATACCCTGCGGCCCGGTCGGCAAGTCGCTGCCCCGGCGCCTTCGATTCTTGAGCCGCTTGAACGAGCTTCGTGATCTGAGCCAGAACCGTATCGCCACCGACTTTAGTGGCGCGGTAGGTCAAGCTTCCAGAGGTATTCACCGAGCCTCCCACGAGCAAGTCTCCAATGGACTTCTCGACGGGGATGCTCTCCCCTGTCACGAGCGACTCGTCCACGGAAGACTTCCCGCTGACGACTTCGCCGTCGACCGGCACCTTTTGCCCTGGCTTCACTCGCAGCACATCGCCGACCTGGACCGAACTGGTCGGGACCTCATGCTCAGTGTCACCGCGCACCACCAGCGCCATCGGTGGGACTAGGTCGAAGAGGGCGCGAAGGGCGTCGGACGTTCCCCGGCGAGACTTCATCTCCATCCAGTGCCCGAAGAGCACGAAAGTGACCAGCATCGCCGCCGCTTCAAAGTACACCTCAGAGCCTGGGATGAGGACGAGATATAAACTCGCGAGATAGGATGCGAGAACTCCGGTGGCGATCAACACCGACATGTCGAGCTTTCGCTCTCGAATGGCTTCATAAGCTCCCGCGATGAAGATCCAGCCCGAGTAAAACACTACCGGCGTGGCGAGGACCAGCATCACGATGTGTCGTAAGTGCCCTTCCATGGGCAGCCACATCGGTAGACCCGGCACGTGGCCCGAGATGATCAGAAGCGGAATGGAAAGAACGAGCGCCACCAAGAACCGGCGGCGCATATCGACTTCCATCATCTTCGCGGCGGCGGTATCCGAAACGGCCCCGTGGTGATGCCCGTGTGCGTGCACCATCCCCACGTGCTCGTGAGTCTCGGACCTGCTGCCCTGAGATGACGTCGACCTCATGTTGCACACAG
NZ_CP007139.1_gap5	522450	524525	2075	ATACTGAGCGACCGCGTGCATAGCGAGCTCTTCGGCAAGAAGCTGAACGGCGAAGAGTGGAAGGACGTCGCCCGCGCCGCCGCGAAACTCGGCCTGAAGCAGTACGCCACGATGCTCTACGGCCACATCGAGACCGATGAGGAGCGCGTCGACCACCTTATCCAGATCCGGGAGTTGCAAGACGAGACGGGCCACTTCCTCACCATGACTCCCCTCAGCTTCCATCCGGAGGCGACCGAGCTCGAGCATATCGCCGGGCCGACCGGCGACGATGACCTGCGAAACATCGCGGTTAGCCGGTTGATGCTCGATAATTTCGATCACATCAAGAGTTTCTGGATCATGAACACGGTGCCGATCACGCAGATGGCGCTGTGGTACGGCGCGGACGACGCCGACGGGTTGGTGCAGGAATACGAGATCACCTACAAGGCGGGCGAGTTCGGCAACAAGCGGCAATACTTGACTGCCGAAAACATGATCCGCATGATTCAGGAAGCCGGTCGAATTCCGGTAGAACGCGACTCCCTGTATCACGAAATCACCAGCGACCAGCTCGAAAGCACCGTTCGTGCGCCTCGAAGTTTGACCGCTCTTCCGATGGCTGCCGTTTAAGAGAAACGATTACTTGACGGGAAGTCTCCGGCGGGTTATAACGGGCTGTGCGTTTTGTCTCTATCTTTGCCCTTTCGTCGGCCGCTCTAGCGGCATGCGTCGTCGCTACCGGTTGCGGAAATGGCGGCGGGATCAACTACCTCTCCGCCGGATGGAAATCGTACGGCGGCAATCCTCAGCACACCGCGATGTCTCACGATGGGACTCAGCCGCTGAAGCGGGTTCTCTGGTCGGCGCCGATCGACCTCAATCCGCAGTATTCCGGCTCGTCGCTGCTGATCCACTACGGCTGCCCGCTGATCAGCGCGCTCGACACGGTCGTCCTAACCGTCAAGACCGGCGCCGCCGGCGGCTTCCGCGTAGAAGGGCGGGAGTTGAAGACCGGAAAGGTGAAATGGACCGAAGACACGGACTACATCCTGCCGAACCATAACTGGACTCCGCCGGTCGGATCGGCGATCGTGGGCATCATGGGCTTGGTCACCCCGGCGGGAGGCGGCACCCTCATGTATCGCGCTTCGGTGGACGAGAAGCAGTCGATGGTGAGTCGAATGTCGTTCTACGGTACATCGCTATACGAGGCGCACAAGGACGAGTTCGACCAGAACGTCCGCATCTGCACCCCGATCACGGTGGACGAGGCGGGAAGCATCTACTTCGGCTTCAAGGTGTACGGACCGAATGCGGCCAATCTCACCAGCGGATACGCGAAGATCAACAGCGCGGGCAAAGGCTCCTGGGTGAGCGCCCAGACCCTTTCCGGCGACGAGAACGCGCCCCAAGCGGCGATGAACTGCGCGCCCGCCATCAGCAACGACGGCAAAATCATGTACGTCGCGGTAAACAATGGCGGCTTCAGCGGAGGCTATCTCGTGTCGGTCGACACCGCGACGATGAAGATGAAGAACCGGGTGAGACTGGTCGACCCGAAGAGCGGTAATCCTTCGATCGTTCCCGACGACGGCACTGCGACCCCGATGGTCGGCCCGGACGGCGACGTTTACTACGGCGTCCTTGAGAATCCGTTCGGTGAGAACCACTTCCGCGGCTTCCTCCAGCACTTCGACAAGACCCTGAACGTTACGAAGACACCGGGCGCATTCGGCTGGGACGACACTCCCTCCGTGGTGCCGAGTTCCGCCGTGAAGGCTTACCACGGCACGTCCAAGTACCTCATCTTGGCCAAGTACAACAACTATGCCGGCGCTGGCGGCGACGGAGCGAACCGAGTTGCGATCCTCGACCCGAATGCGTCGGCCGTCGAGTCGATCTCCGGGGTGACGACCATGAAGGAAGTGATTTCGGTCCTGGGCGCCACCAAAGACAGCGAGTTCCCGAACAGTCCGAACGCAGTTCGCGAGTGGTGCATCAATACCGCCGCGATCGACGTGAAAGGGCGAGCGGCGATCGTCAACAACGAGGACGGCAAGTGTTACCGCTGGAACTTCGACACGAACACG
NZ_CP007139.1_gap6	525691	530449	4758	TGGAGCGCATTCCGGCATGCTTCTCCGAAGCCACCCGATCGCATGTTCTCTTCGATCGTAATGAGCCGCTTCGTCTTGGAGACGGAGCCGATAAGTGTCTCCGAGTCCAGCGGACGAAGGAAACGAGCGTTGATGACGGTCGCCTCGATCCCCTGCGCGGCCAAGCCCGCCGCCGCCTCGTAGGCGACGCTTACCATGGACCCTACCGCCGAGATCGTGAGGTCCTTTCCCTCCCGAATGACTTCCGACTTGCCGAGAGCGATCGAGGTGCGCGACTCCGGCAGCCGTTCGTCGCTGGAACCTCGCGGGTAGCGAACGGCGGTAGGACCGGCGTCGTACTTGGCCATCCAATGGGTCATCTCGCGAAGCTCGGTCGTGTCGCGGGGCGCCAGGATCGTCATATTGGGCAACGGCGACAAGTACGATAAGTCGAAGACTCCGTGGTGGGTCGGGCCGTCGTCCCCCACAAGCCCCGCTCGATCGAGGAAGAACCGCACCGGGAGCTTTTGCAGGCAGACGTCGTGCAGGACCTGGTCATAGGCCCGCTGGAGGAACGTCGAGTAGATCGCGCAGAACGGCCGCATGCCGCCGGCGGCGAGACCCGCGGCGAACGTCACCGCGTGCTGTTCGGCGATACCCACGTCATAGTAGCGGTCCGGGAATTTCTTGGCGTAGCCGGCGAGGCCGGTTCCATCGGGCATTGCCGCCGTGATGGCGACCACCTTAGGGTCCTCTTCCGCGCATTCGATGGTGGCGTCGCCGAATGCCTGGGTGAAGGTCACCGGCCCCGCCGCCTTGACCATCTCGCACGCCGCGAGGTCGAACGGCACCACCCCGTGCCACTTGCGGGCATCTTCCTCGGCCACCTCGTACCCCTTTCCTTTCACCGTGATGGCGTGAACGAAGACCGGGTAGTTCATATCGCGCACATTGCGGAAGACTTCCAGCAAAGTGGGAAGGTCATGCCCGTCCACCGGACCTATATATTCGAAACCGATCTCCTCGAAGATCGTGCCCGTTTCCAGGGGGGCTAGGTAGTGGGTAATGCCGTGGCGAAGTCCGTCCGCGGCGCGAACCGCGGGCTCACCTAGGCGTTCGATAGCAACCTTGGCTTTTCTCGCGAGATTTTGGACGAGGGGGCGGGAACGAAGCTTGGCTAGATAATTCGTCAGCGCGCCGACGTTCGGGGCGATCGACATGCGATTGTCGTTCAGCACCACGCAAAGGTCGGTTCCCAACTCCCCGGCATGGTTGAGCGCTTCCCAGCTCATGCCGCTGGCAATGGCGGCGTCTCCGGCCACCGCGATGACCTTCTCGGTCGTCCCTTGCCGGTCACGCGCGGCGGCAAAACCCATGGCAGCGGAGATCGCGGTCCCGGCATGGCCCGCGCCGAAGACGTCCAGCTCGTGCTCTTCGCGCCTAAGAAAGCCGCTCAAGCCCTTGTGCTTGCGCAAGGTGTCGAACCGGGGCAGGCGTCCCGTGAGCAATTTATGCGGATACGCTTGGTGGCCCGTATCCCACACCACCTTATCCGGCGGGATGTTGTACGACGCGTACATCGCCACCGTGAGCTCCACCGTGCCAAGGTTCGAGCTAAGGTGCCCCCCGGTTCGGCTCACGTTTTGCAGGATCGCCTGGCGAACCTCGTTGGCGAGATCCCGAAGCTCTTTATCGCTGAAGCGGTGAAGGTCCGACGGCTGGACGATTTGGGAGAGGTGCTGAAATGCGGAATCCATGTTGCCCCTACTGTCTGGTACGAGTGAACAGGGTGATTCGTTGTTCGGTTCCTCGCACTACCTCGTCACCATACGGCCTATTGCTAGACGATCCTGTTAACTCTGCGCAATAATGCAGACCTGGTTACCGAATTCGGCGGGCGGGAAACATTCGAAGGCCGACCCGCATCTAATCACGGCGGCGGATAGAGAGCAGATGGCGACCGAACCGAAAACGATACTCCTTGTCGAGGACAACGCAGACGATGAGCAGCTAACGCTGCGGGCTATGCGCCAGAGCGAAGTCCCGAACATTATCCGGGTCGCCCGAGACGGCGCGGAGGCGATTGACCACCTCTTCGGCGCAGGCGCCGGCAAGCGTTTGCCCGATTTGGTGCTGCTCGACCTAAAGCTCCCGAAGATCTCCGGGTTGGAAGTGCTGCAGCGGATTCGTTCCGAACCCACGACAAAGACTTTGCCGATCGTGGTTCTCACGTCCTCCGACGAAGAGCGCGACATCGTCGAAAGCTACAGCCTGGGAGCGAACAGCTATATCCGAAAGCCGGTCGACTTCGACGAGTTCATCGACGCCGTGAAGCAGCTTGGCCTTTACTGGCTGTCGATGAACCGCACGATGCGGAACGGCTAGTCGATCTCGAGCGATCGGAATCGCTTCTCCGTAGCGTCCATTCCTTCCGTCAGAATCGCGTAGGCGCGGTGGACGCGACGGTGGATTTCCTCCGCTTGCTTCGCTTCCGCGGAACCCTCCGGAAAATTTGCCGGATCCGTTCGCTTGATGATCCGGTCGAACGACTTCCGAATGTCCGCAAAAGTCGCTTCGGTGCCGACCCCCATCACCTGGCACGCCCAGTCGGTATCGGAGACCGTCGCCGGCGGGAAGGTACTTCCCGAGGCGGGGCTGGCGGCATTAGCGGCGGGGCGAGGGGCGGGAGCGTCTAACGCGTCGGAGAGCTCGCGCTCGGCGTCCGAGAGCTCGACTCCATGGATCCGCTCCCATTCTCGATTTACGTAGCCACGAAGGACGTCGTAAGCCCGCTTGCCGGTGCTCATAGACCGATGAGTGTACCGGCTCTATGGCCCGAGCACTTGCTCCGCCTCGTCATACGTGACGCTTAGCGCCTTCAAGCGCCCGATCGTGGCCCGAAGCTCGTCGTCCTGGCCCGCGGCGGCCGCACGCTCCCCGGAAGCGCCGACGGTGAGCCGCGCTTTCATCTCCGAAAGAGCGGCCTCCGCTTGGCGAACCCCGGCGTCGATTCGAGTAAGCGCTTCCTCTACCGTCGAGTAATGCGAGACTTCGAGTTTTCGTGCTTCGGCCGCGCCGGCGAGAGAGCTCTTCTCTTCCTCGCTCGTGGCTGCCGACATCCGTTCGTCCAACGAAGCCACCTCCCGCTCGGCGCTCGATCGTCCGCGCAACGTCCGCTTGAGCTCCCCTCGGGCGGCGAGCGCTCGCGCAATTTGGTCTCGAATCCGTCGAGCCTCGGTGATCGCCTCCCGACCGACCGTTCGGATCACCGCCGACTCCTTGTTTCGGTCGACGAGCTCTTCGATCTCGTTCGTAAGCCGTCGAATGGGACCGAACATCGTCCGCGATTCCGGGTCCAGGGTATCCGTCGGGTCTTGGGCGCGCAGCACGGCGGTTTGGCGCATCGCGCCAAGGGCGAGAGTCGCGACCCAAGCGATCAGCGCGATGATTCCCAGTGGAACCTGGCCAAGAACAAAAAGCACGATTCCGGCCAGAAGCGCGGCGAGGGGGACCGGCTTAACGAATTCCTTCATGCTTCCTCAGATCTTGAACCGAACCTCGGCGCCCAGATCCCAAAGCCGGGCGTCTCGGAATCGAATGAACGGCTGCAGGATTACATTCTCCGTCAGCTCTACCGATCCCCTAACCCGAAAGAAGGTGAGCTGAGAGCTTGCGTCTTTCGTGTAGCCAAAAGTGAGCCAGTCGAGCGGCCTTTGACTTACCGTCACGTTAAAGTCAAAAATCGTGTGGTCGCCATCCGACTTGGTAGCGCCCTGACGGAAGTGAACCGCTTCCGCCTGGAGGAAAAAGCGCCCGAGCAGCCGGGATGCGTCGATTCCGTAAACCTGCTCCCAGCCATGCCCCAGCCCGCCGGTATCCTCCGGCCGCCGGATTTGGGTAAGCGACGTCCCGTTAATCCCCCAGTGCCGTCCGATGGCAAAACTTCCGCCGAGTGCCCGGCTCCCTACGTGAGCCATAACCCCTCGCTGGCGTTCGCTCCCTGAATCGCAAACCATGAAGGTCATTGGAATCCCTTCCAAAATCTGAGTCGTGTCGGCTCGCGCCCCGATCACGCTATCCCGAAGGATCTCGCCGGTACCGAACGGCATGTACTGCTTACCGATCCGCCAAATCCCCTCATCCTGAACGTACGCCTCGTCGAGCTGGTCGGGGTCTCCGTCGTGGGGAATCCGCTGGATCTTCTGGGAAATGAATCCGGTGAAGCCGGGTTCTAGCGAGAACCGAAGCGAAGCCGTACTGTGCCGTCCGAAAAGCGAATAATAGCGAAATGCGGTAGGACCCGCCTGGGTCACTCGGTAGCTCCCCAGTACATCGAGCCGAATCCTAACGTCGGGTACCTGCGCGGTGGCGCTGGCCAGTAGAGCTAAGGCGGCCAGGGCAGTGAATAATCCGCGGCCAGCTCGTGGCACGGGCGGCCCGCCCCTGTCCGGTGTCCACGTAGCGTCGGCGCCCTCGCCGATGATCCGGACTCCCTCACCCCCAACCCCCTCTCCCTCGTCGGGCACATGCATCCCGAGGAGGGAGAGGGGGCTCCGGATTGCTTGCTTGATCACCCCGGTAGCCCCTTGAGGTGGAGGGCGATGTCGGGTCGGGAGACTTCGGTTTGTTCGCCGGTTTCAAGCACCTTCACCTGTACGGTCCCTTTCGACAATTCTTCGTCACCAAGGATAAGGGCGAGGCGCGCGCCGGTTTTGTCGGCTTGCCTAAACTGCGACTTTAGCGACTTACCGTCGATATCCGTCAGCACCGAGAGACCGG
NZ_CP007139.1_gap7	569338	570847	1509	TTGGACCATCAAAGCCGTATGTTCCCAAAACTTCGGCGAGTCCATCATGTACGCGATCTTAACGATCACTCCGTAGATCGCAGTCGATCGTAGCGTCGACACGTTCGCTCGATGAGCCTGCTTTACCGACCGTGTAGCAGGCTCATCGGAGCTTTTAAGGATGTGGCCATTCCCGTGACCATCTAGACCGGGGCGGGCGACCCGCGGCCTACACGCCCCTACGTCGTAGCGGGTTCGCAGTACACTACGTCCATGCAGAGCGCCGCCAAGGTGGGTTTGCTCCTCGTGGTTTTTGTGGGGCTGGTCATCGGGGGGTACTCGGTGTTGGGCAAGAGCCTGCTCGCCCCCAAGATGGATCGGTACATGGCCGATTTCGAGGACGCAGGGGGAGTGACCGAAGGGACGCCGGTCTTGCTGGCCGGTGTTGAAGTAGGCTCCGTGGCCAAAATCCGGCTCTTGAACCCCAAGCTCGCCCGCCTGAGCCTCGACCTGAAGCCGGGCACCCAGGTACCGGAGGGCACGGAGGCCGTCATTCCCTCCTCACTGATCGGACTCGGCACGAACCCCATCACCCTGGTTCCACCCGAGCACCTAACGGGGGCTCTCGCTCGCAAAGACGTCCCGCTACCCGGGCACAAAGGATCGCCGCTCGACAGTGTCTTGCCGAACAGCAAGGACACCGTAAAGGAGCTGACCCGCACGATGGTGGCGGTACGGAAGCTGCTGGAGGATCAGAAGCTAAAGGGGAACATCCAAGCCCTATTGGTCTCCTCCAATAAAACCATCGAGCACTTCGGGAACCTGGCTCACGACGTCGATCTGGCGCTCCTTCAGAATCAGGCTAACGTAACCCGCGCCATCGCCGCCGCCACCAACGCGGTGCAAGACGTCCGCCGGGTAACGCTCAAGGTCGCCGAGCTCATGGAGAGCGGCAAGCTTCAAAAGAACGCCGATGCGATCATGACTCGCGTTCAAACGATCGAAAAGCACGCGGACGCCCTCGTGGTGAGTCTGAACAACCTGGTGAACGATCCGAAGCTTCGCCAGCCGGCGGACCGAATCGCCGCGAACGTCGCCGATATCACCGCGACCGGAAAGGGGATCGCAGAAAACACGAAGGCGATCACCGAGAATGGGGTGGAGATCAGTAAGAACGGCATCGAGATCAGCAAGAACGTCGCCACCATCACCGACAAGGCGATCGTCCTCACCGACCGGGCCAACGAGATCGCCGCGAACGCCGTCGACATCGAGCAGCAGCTTAAAGGGGTGCTGGACAAAGTCGGGGGATTCTTTAACCGGAAGAGTCCCGGAGGTGGATTCAAGCTCGGCAGCCAGCTCGACCTGATGCGCGAGAGCGAGCCGGGCCGGTGGCGCACCGACATCACTTTCAATCTCCCCATCCCCGACGGAACCCTCTACGCGGGGATGTACGACGCGTTCGAGCGAAACAAATTGATCGTCCAGGTGGGCCGGCCGATCACGCCCGCACTGGGCTATCGGTACGGT
NZ_CP007139.1_gap8	739204	740947	1743	AACGGGGCCCGATTCGTCTCTGCGATCATGCAGATGAGGAAGATGATTCCCGCCACGAATCCGTACGGCGTGAAGATGTTCCAGTTGGCCAGGGCCGGGAAGAAGCCCCAAAGCGGCCCTTCTTGAGCCGCCACGATGCCGGTGGGCCGGAGCGTGCCCGCCGCCATCACCACCGCCGCCAACGCCATTCCCATGCCCAGTTCGTAGCTGATGAGCTGGGCCGAGCTGCGGAGGCCGCCGAGCAGCGAATACTTGTTGTTCGAGCTGTAACCCGCGAGCACCACTCCGTACACTCCAAGCGAGCTGACGGCGAGGATGTAGAGGATGCCGATGTCGATGTCGGAGATCGGCGTCAGAACGTGGAACGGCCCCCAAGGAATCGTGCCGCCCAGCATGAACGCAGGAAACAGGAACACGGCTGGAGCGGCGAAGTACAGCAGCCGGTCCACCATTCCGGGGGCGAAATCTTCCTTGAAGAACGACTTCACGCCGTCGGCGAGGATCTGCGGAAGGCCCCAAAGGGAGATCTTATGTCCGCGCAGAAAACCTGGAACGAGATGGCTGGTGCGGGAAAAGGTGATCGTGCCGGTCCGATTCGGGCCAAAGCGATCCTGAAACCAAGCGAGCAGCCTTCGCTCGTACCAGATGACCACCGGAAGGGCCATGAAGAGCGGGGCAAAAAACAGGACGATCCGGATGATCGCCTGCAATATCGGATGTAAATGGGAAACCCACTCCAGCATGCTGCAGGTCCGTTGTACCCGACCCGGCCCTCTGAAAAAGCGGCTCCGACGGACCGCCGGTCCCCAGACCGGTAAAAGGCGAACGTACGTTCGCCAGGGACCGGTATGGAGACTGGCGGTCCAACTCTAAACCGCCACGGCTTCGAAAAGCGGCTCGAAACGGGCGCCGGATTTGGAGACGGTATTTGCGTCCATGTAACAAACGCTAAAGCCGCGCCGCGACACGTCGGTCCGATTGACATCGGAGCTGTGGAGCAGCCAGTTGTGCAGCAAGACCACTTCGCCCGGCTTCAACTCTAGGTACACGACCTTGTCGGGGGTGCAGATTTCGGCGGCTTGCTCTTGACTCAAGAAGCCGGAATTATGCTCCGGGTTGATCAGCCCACCACGATGGCTGCCCGGGATCGCCTCCACGCAGCCGTTCGCCTTGGTCGCGGGGTCGAGGGCGGTCCAGAGGGTGATCGTGGGCTGGCGGTCGAGATCGGTCCAGGCGTCCTGATGCCACGGCAGCTTCGTGCCCTGATGCGAAGGCTTGTTCATAAACATCGCCCGGAAGCAGGCGATGGGCGTTTCGGGGCCGTATGCTCGGGCGCAGATGTCGCGGAAGACCGGCTTGCGAAGATAGGCGCTAAAGAGGTCGTCATGCTCCAGGTTTTGGATCTTTCGGTAGGCGAGGGTCGCTCCTTTAAAGCCGTTGCTCTGTTCCGGTGCGTCTTTATACTCGCCGGTGGTGCTGTCGAGCTGCATCAAAAGACGGCCGTAGTCCAGAGAGGCTTCCCCGAGCATGATCTCGTCGATTCGTTTTTGAAGTCCCGCTAACTCCTCGTCGGAGAGAAGTTTCCCCAAGTTCAGATAGCCATCCCGTTCGAACTGTTGCCATTGAGCGTCGCTGATCATCGTCGTTCTCCTTTCGTGGTTACAGCCTACGCTCACGCAGGCGCCCCGACAATGCACTCGGTGAGCGTAAACTTACACTTAATGCTCAGTTCAGGCGGTCTCG
NZ_CP007139.1_gap9	741980	743501	1521	ACCCTTTCTCGGGCGCTCGAGGGGCGCTGCGTGGCGCTCAGGCATGCCGGCCATTCGGTTGAAATCGCCCCGATTGATGGCTGCATCCGAGTAAAGACCGGCCCCTCCGGCGGCACGCAGATCGAAGGCACCTTCCGCCCGGAAGACCTCGAAAAAGCGATGCGAGTCGCCGTCGAGCGCCCGTCGCACTAAGCGGCAACGCCGGAACCTCGTTTCACTCGCCAGTCCACTCCTGAAAGCTGGCGGGCGAGGGCTCCGGATTAACCTTTCAATCCCGTTACCGCGATGCCTTGAATGAAGAGGCGTTGGGTAAAGAAGAAGAGGATGATGATCGGCAGAATGACGATCGTCGACGCCGCCATCAGCAGGTTCCACTGGGTTCCTCCGTTCTGGCTTTGGTACGACTGCAGGCCGAGGGAGAGGGTGAACATCTTCTGGTCGAGAAGGTAGATCAGCGGCCCGATGAAGTCGTTCCAGGCCCCCATAAACGCAAACAATGCCACCACGGCCAGGGCCGGCTTGCTCAGCGGAATGATCACATCGCGGAAGATCCGCCATTCGCTGGCGCCGTCGATCTTGGCGGCTTCGCTGAGTTCGAATGGGATCGTCCGGAAGAACTGCCGAAGCAGGAAGATGCTGAACGCGCTGCCAAACCAAGCCGGTACCCACAGCGGACGGAAGGTTCCGATCCAGTCCAGCGATCGGAAGATGCCGAACGTCGGAACCATCAGGACCGGGAACGGGACCATCATCGTCGCGAGCGTTACCGCGAACAACGCGTCGCGGCCCGGCCATTTCAGCCGCGCGAACGAATAGGCGACGACCGAGTTGGAGGCCACCGTTCCGCAAACGACCAGCACGCATACGAGAAGCGTGTTGCGCGCGTAGATTTCGAACGGGACGTAGCCCACGCTTTCGCTTCCGTAGTTGATCGCGTCCCAGAAGTTGTGCCACTGGAACTGGGCCGGAATCCACTGAGGCGGATCCTTCATCGTCTCCGGGAGCGTCTTTAGCGCGGTCGATAAGAGCCACACGAAGGGGAACGCAAACGAGATGCCGAAGACGATCAGCGCGAGCTGAACGAAGAACTTCTGAACGAGGGAGACGTTTCGCTGACTCTGCATCGGATTAGCTCCCCTGGTAATGAACGTGCCGGTCGCTGAGCTTTAGCGAGACGAAGGTCAGGATAAGGATGATGATAAACATGATCCAGCCCATGGCGCTGGCGTAACCCATCTTGTGGTATTTGAAGGCGCTGTCGTAAAGGTAAGCGGTGTAGAAATAGCTAGACCGGGCCGGATTACCGTTCGTAAACATGATGTAGGGCACGGTGAAGATCTGCAGGCTGCCAATCAATCCCATGATGCCGTTGAACAGAATTACCGGCGAAATCATCGGCAACGTAACATTCTTTGTTCGCTGCCAGCCGTTGGCCCCGTCGAGATCGGCGGCTTCCAACAGAGCCTGAGGGACGTCCTGAAGGCTCGCCAGGTAGATAAGGATAGAGTTGCCGACGCCCCA
NZ_CP007139.1_gap10	771316	773489	2173	CTCTAAACTCTGGAACCCAATGTAGTTGCCAAACCCCGCATCAGCGCTGAAAGCGCGAACTCCTACAGCGAAGGGCCTAGCGGAGCGGAGCCCCTGGGTAGAGGCGCCGACAAACCTCCGAGCCCTGAAAGTGGCGACCTCATTCGTCGCCGTCCCTTCCGCTAAAGGCCGCAGGCACCCGGTACGCATACCCGGCCTCGGGCAAACAAATGTTCTTAATGACCATCGGACCGGAGGTCCTCAGACATCACCGGTCAAACATCAAACATCACTTTCCGGACTCCCTCACCCCCAACCCCCTCTCCCTCGTTCGGCACATACATCCGAAGGAGGGAGAGGGGGCTCCGGATGGGGTTACAAAATCGAACGGTTGGTGACCGCTTCGCGGACAAATGGGGCTAAGCGGCGCTCGACGAGAGCGGCGTCGAAGCGGACGTTGACCGCGGTCTCAGGGGCGTCGAATAGCTCTGGTTCGAGGAGGCGCTCCATCATGGTGTGAAGTCGGCGGGCGCCGATATTCTCCGTCTTCTCGTTCACCTCGGCGGCCATCTTGGCGATCTGGTCCATGGCATCGGCAGAGAACGAGATGTCCACCCCTTCCACCGCCAACAGCTTCACGTACTGCTTCGTCAACGCATTCTTCGGCTCGAGAAGGATGCGGCGGAAGTCGTCTTGGCTCAGGCTTTCTAGCTCCACTCGGATCGGGAGGCGTCCCTGAAGCTCCGGAATCAAGTCGCTCGGCTTGGACATATGGAACGCGCCGGCGGCGATAAAGAGAATGTGGTCGGTGCGGATCGAACCGAACTTAGAGGCGACGGTTGACCCTTCGATGATCGGCAGCAGGTCGCGCTGAACCCCTTCCCGAGAGACGTCGGGACCGCTTCCGCCCGACTTTCCCGCCACCTTGTCGATCTCGTCCAAAAAGATGATTCCCGACTGCTCGGCCCGGTTGATCGCCTCGCGCTGGATGCTGCTCCGGTCGACCATCTTCTTCGACTCTTCCTCGATCAACACCTCGCGGGCTTCGCGAACGTAGCTCTTGCGAGTCGAGTGCTTGGTTCCGCCGAACGCCCCCCCGAGCTGGTTCGTGTCGATCCCCATCTCCTCCATGCCGCCCGGCGTGAAGACTTGGAGGAACGGGTTGTTCGACTCCTCGACGTCGATCTCGACCATCCGGTCGTCGAATTCACCCGATCGGAGCTTCGCCCGGATCTCCTCCCGGCGCTGCTCTCGCTCCCTCTCCTCAGCTTCCCAATCGACCTCTTCGGGCTCTTCCTGGCCGGTGAAGACGCTGGTCTGATATCGGTTCCACACGGCGGGCGTGTCGTCGAGCATCTCCACGAGGCGGTTCTCCGCCTCCCGCTCGGCATCCTCGCGCACCGCTTCGTACCGTTCCTTCTCGACAAGCCGCACGGCGACCGAAACAAGGTCGCGAACCATCGATTCCACGTCGCGGCCGACGTAACCGACCTCGGTGAATTTGGTCGCCTCAACCTTGACGAATGGGGCGCGGGCGAGCTGGGCAAGACGCCGCGCGATCTCGGTTTTGCCGACGCCGGTCGGGCCCATCATGAGGATGTTCTTCGGCAGTACGTCCTCGCGTTCCGCTTCCGGTAGCTGCTGTCGGCGGTACCGATTTCGGAGAGCGACGGCGACCGCGCGCTTAGCGGCGTTCTGGCCGACAATGTACTTATCCAACTCCGCCACGATTTGGCGCGGAGTCAGGTCCTCAATGGGCAGGGGCATGGGTGAAAGGTACCTGAGGGGGCTCGGCGTTGAGGCGTTGGGCGTTAGGCGTTGGGACACAGCCTCGTTAGCAGAATGGAACTAAATGGGGTTAACGCCCAACGCCTCAGCGCCTAACGCCCCAACGCCTTCCGCCTTCCGCCTTCCGAAAGCCTTACAATCTCCTCATGCTCGCGCTTCTTGCAGTTGCCGTTCCTATCCGCATCGCCGCGGCGTTCAACCTTAGTGGATCGATGGCGTCGGTGGATGCGCCGGGGTGGCGGGGGATGCGGCTGGCGGCGGAAGAGATCAATCGCGGAGGCGGAGTTCATGGAAGGCGCATCGAGCTGGTCCTAGTGGACGGCAAGAGCAATCCGCAAGGGCTCGGGCGGCAAGTGGACCGGTTGCTCGCCAAGGGCGGCATCGACGCCGTGGCCGGACTTTACGA
NZ_CP007139.1_gap11	781486	782503	1017	GCCGGATGTACGCGAGCTTCTGCTCGGGGGTCGCTTCGGCGAGGAAATCGTCAACCCCGGCTTCCGCAGCGATGGAGGCGGCCGTGAGAGGGTTGTCCCCCGTGATCATCACCGTCTTGATCCCCATCGATCGAAGCTGATCGAACCGCTGCTTCATCCCACCCTTAACGATGTCCTTGAGCTGAACCACACCGAGAATGCGAGCGCCGTCGGCCACCACGAGCGGGGTTCCGCCTCCCTTGGCAACCTCGTCCACTTTCGCCTGCACCGCATCCGGCATCGAACCGCCCGTCTCGATGGCGAACCTCTTCACGGATTCGGCTGCCCCTTTTCGTACCTCGCGCCCGCCCACGTTCACGCCCGACATTCGGGTCTGGGCGGTGAACGGAACGAACTCCATCCCTTCGGCGTGCCGCTCGCGGATGTTGTGCCGCTCCTTGGCCAGAACGACGATGGAGCGCCCCTCCGGAGTTTCGTCGGCCAGCGACGAGAGTTGGGCCGCATCCGCAAGCTCGGCGTCCGTCACTCCTGGCGCGGGGAAGAAGGCGGTCGCCTGCCGGTTGCCGATGGTGATGGTGCCAGTCTTATCGAGCAAGAGCGTGTTGACGTCTCCCGCCGCCTCGACCGCCTTGCCGCTCATCGCAAGCACGTTGTGTTGCATCACCCGGTCCATGCCGGCGATGCCGATCGCGCTCAACAATCCGCCGATCGTGGTCGGGATTAGGCACACGAGGAGGGCGACCATGACGGTAATCGTGGGTACCGATCCTTGGCCCGCCTGGTCAACCGAGAAGTGCGCGAAAGGTAGAAGAGTGACGGTGGCGAAGAGGAAGACGATGGTCAGGCCCGCCAAGAGGATCGACAGGGCGATCTCGTTCGGCGTCTTCTGGCGCTGGGCCCCTTCCACGAGAGCGATCATCCGGTCGAGGAACGACTCGCCAGGGTTGGCGGTGACCCGGACGACGATTCGATCGGAAAGTACGCGCGTGCCGCCAGTTACGGCGCTTCGATCTCCGC
NZ_CP007139.1_gap12	818505	820636	2131	AGCCGGTGCCACGGGTACAACTGGGCCGTGATCCGCGTCGTCTGCTTTATCCGTCCCCACCGGCTCGAGCCGGTAAAGTCGGCCATTTCGGCGCTGGGGATTAGCGGCCTCAGCGTCTCCGATGTGCGCGGTACCGGCAACTCCCCCGAGCGAGCCGACTTTTTCGGAGGTGACGAAGGAGTCGTCGCGCTCCCGATCCGGGCTCGCCTCGAAGTCGTCGTTCCCGACGACATGGTCGACACCGTCACCGACGCGATCGTGGAAACCGCCCAGACCGGCGAGCCCGGCGACGGAAAGATCTTTCTCGAAAGAGTCATCGACGCCGTACGTATTCGAACGGAGGAGCGAGGCGAAGAGGCTGTCTGAGACCGCTCCCGCCGAACGCTACCAAACGCACCCTTTTGGCGGCGCGAACTAATTATCGGGCGGGTACATTCCAATAAGCAGAGTAATGGTGCTCTGAAAAACCTAGGCTTAATGCCGCGAGAGCGGCAGCGGGGGACCCGTTATCTGGGGTGAATCTCGAGTGATCGAGTAGGACGTTCTTGGTCCGAATCCGACAGCTAACCTCGCCGGCCGAATGCAAGAACGGGTCGCAACGATGCGACTAGAGGAGGTTACGTAACGAATGCTCACGGAATTTGAGGTGAGGCGCCGGATGGAGTGCATCCAAACGTCGCCGATGGCCCCCCTGCGCAAGGCGCGCATGCTACTACGGCTAGGGAGGTCCCTAACCCCGCAAGTCCGTTCACTCATCCAAGCGAAGACGCAGATCGCGCAGACGGCCGACCGCAAGTCGTCCGCCTGTCTCCGGCGAATGGCTACCTCCGCAGAAACCCTGCGCGAGGACCTGAGGGACGCCGCGTTCGACGCTCTTCACACGACCGACCCTTCCGGAAACTTCCGGAATTGAAGGAAATGCCGGCGCTACCGTTAGCGCCGGCATCCTGGTCAAGGTTACTTCAACCGTTTGAGGCTGACCTGATACGGCCCTATCCCAAACGCGGATAGCATGATCGGCCCGACGATCCCTTTTGAAACGTTTGCCACCTGAAACCGAACGATCTCGCCTTCGGCGAGTTCAAAGGTTTCCTTCTTGCTGTAGAGCTGGTTGGTGATCTTCAGCGTATGCTCGCCCGCGGGTAGCTCCGACTCGTAAGATTTTTCGAACTGCAGGTCGGTCACGATCTGGCCGTCGAGCTGAATCTCGAGTCCACGCATTTTGATGTCCTTGGGAGAATTGCGAGTAACGATTAGCCTGGACATCAAACCAGACCTTACCGTCAACCTCGCAATTACTGCAGTTCGATGTGCAGGTGCGGAGGAATCGATTCTTGAAGCGTTTTCACCACGCCCGGCTCCTGCCGAACCGCCAGCATGAGGTCGTGCTTCTCGGAGTCGCTAAGATCCTTGGTACGGATGTCCACCGCGCCGCTCTTGAGGTGGCTCGATATATAAACCCCCTTATCGACCTGAGACTGGATGACCTGAGCCATGTGCTCGGCCACCTGATCGTCGCTCGCCCCCTCGTGCTTCGCCTCTTTGTAAGCGTGGACGATGCTCGCCGCCGCCTTTTTGTTCTTGTAGAGGCGCACCACGTTGTCTCCCAACGCCAGCTTGTCGCGCATCGCTTCCGCTTGGCTCGACGCGGTTCGCGTACCGCTGGTAATAACGATCTGCCGTCCGCTCAACTGAAATTGCTTCTGCGCGATCTCGGCCACTTTCTGCTCGATGTGCGGCACCATCTTGATGCCCGGCTGAACGTGATAGGGAATGGCCGAATTGATTTGCGCCACCGCCTGCTCGCTCGCCATCTTCGTCTCTAAGTCGCTGGACTTCAGGCCGCTCGTAAACGCGGATCGAAGCTGGCGAAGCACGGAGTACGCATTTTGGGCGAACTGCCCCTTTACGTCGTGCACCAGGTTCGGTCCAACCGTGTAATTGGTAACGATCGTCGTGGGCTTGCCGTTCTCGTCCTTGCCTGCCACCGCGACCGGAACCGAGAAGCACGCCTGAGCAGTCAAACCATCGTTGCAAGGCGACTTGATCAGATTGCTTGGGTTCAGCTCCTGAAGGCCGTTCAGAACGAATGGCTCGGAGGTCGGAGCCGAGGTCTGGGGAGCTTGGCGGC
NZ_CP007139.1_gap13	825165	827065	1900	TTCGCGACCTCGTCGACCGAACCGAACGCGAGAGCAATTCCCTTCGAGCGACATTCGAGCGGGATTTCGACCGATATGACCTCGATCGATACAATCGCGCCGACCGTGCTAAGGATCGCATCCAACGGCTGGACGAAAGCTTGGAGCGTCTGCGACGGATCGCCGACGACCGAACGCCGCGCGCCGGCCGCGAGGAGATGCGAGAAGTCCTCTCCCGAGCCCGCGTCGTCGACGAGATCTTCGAGCGCAACCACGGCATCCACCGCCTGGTCCGCGGCCAATGGGCCCGCCTCCGCCGCGACTTGAACGAACTAGCGCGGCTGTACGACCTCGGCTCGGTTTAACTACGTCCACGAAGTGCCCCGTGGCACGGGAGGCTCGCCCGTGGGTATCCATGGGCGGCCCGCCCATGTTGCTTGTGTACCTTCGGTACACCAGACCCTGGGGTGGCCGCTCTGGAGAGCAGCGGTCCATCCGGGCTCCCTCACCCCCAACCCCCTCTCCCTCGTTCGGCACAATGCATCCGAAGGAGGGAGAAGGGGCTCCGGAGTTTTCGCTCACTCCTTCATAGGTAGGGGGCGTAGCTCCGCGGCGGTGATTCGGTCGCCGAGGCGGCCGGGGATAACGGAGAGCTCGAGCACGTTTTCGTCGCGCAACATGCTCGGCGGCAGGTAGAAGCCGCGTTGCGGACCTACCTCCCAGAAGCGGCCGAGCGGCTGTCCGTTGAGGGTAAGGAAGCCGTCGCCGCCGGCGTGAAGGGCGATCTCCCAGGCGACTCCTTCCCCTTTCGGGCGGGCAAAGCGAATCCGTGAGCGGACCTGAAGCGGTCCGTTTGGTCGGGGGCCTTCGATCTTCGGGTGCTCGTTCCGGAGTATCCCGGCTGACGGGCCGAGGTCGTACGACGTGTATCGACCGACGTTCGTCCGATCCGTCCACATCACCTTAACCTCACGCCCCTTGGGGAATGGCGCCTCGATGGAAAGCGGACCGCTAAGCCCACCCGGACCGTCGTTGTTCCGGATAATCAGGGCGATATCGTTCTTGCCGGGGTGCAGATACTGGCCGACGGCGAAGTCGGCCGGGACGTCGTACGTGTGGAGTTCGCCGACGAGGTGGCCGTTGACGAAAAACCATCCTTCGTCGTCCACCCCATCGGTGTGCAAGATCGCGTTCGAATCCACCTTGCCGCCGATATCGACGGTGGTCCGGAGGATAGAGGTCGTGTGTGAAGCGAAAAGTTCCGGTGCGAGGCCGCGTGTCCAACCACTTGTGTCGACGGCGGACGAAACGAGCGAGCGGTCCTCCGGTCCCGAGATAATGCGGCCCCGCCAGTCGCTAATAGTGGCTCCGCTCGGCGCCTCGTCGAGCAGCGAAGCGCCAACCAACCCGTGGGGGAGTTCCATCGCCGAGCCGCCATTAGGCCACCCCGGATTGAAGAAGACGAATCTCATGTCCGCCGACGGCCGCTCCCAAACAAGCCCACCCCGAAGCCCACGTGGCTGGTTAGGATCGCTGGAAACCAGCTCCCCGCCCGCGGTTCGCAGGAAGAGCACCTTACCGGCCCCTTTTGCTTCCGTTCGGAAGAAGAGGAACCTGCTGTCGTAAACCCCCAGCTTTTCGGTCGTCGAGCCATCGGAAGCGACCTTCCACCCGGCCGGCTCGGCGATGGCCGCTTCGGCGGTGCGAATCGGGATAGCGGGTGGCATCGCCACCCGCGGAACTCCCACCGGCTGCACCAACCATTCCCCTTTCGACGGATCGGTCGTGTATCGAAACACGTTCATTCCAAACGGCTCTAAGTGGCACTCAACCGTTCCAAGCACGGTGCCCGACACTGCCTCCGTGCGCGAGACGTTGCGGACAAAGAGATAGTGCGCTCCGCTCCGACCTAGCCTCGCCG
NZ_CP007139.1_gap14	954148	957167	3019	GCGCGCGCCTCGCCGACCGGTACCAAGCCGGCGTCAGCCGTCCGATTCTCGATGTACGCACGTCGGGAGAGTGGTTGGAAGGCCATATCGAGGGCTCGATCCATATTCCCCTGTTGGAGCTCTCCGCGCGGATTGAAGAGGTACCGTTCGGCCCCCTTACCGTAGTGTGTGGTTCCGGTTACCGATCGTCGATCGCCTGTTCCCTTCTCGCGCGAAATGGATGGACGGACCTGGAAAACGTCGACGGCGGCTGGACCGAGCTTGGCCCTGCTCTCGCCAGACTCTGACCCCTCTATTCCCTGGCGAGCGACCCCACGACGATCTCGACGAACTGGCGGACCTGGGCGGCCGTAACCTCGCACGATTCCACCTGTTTCCCGAACCGCGCCGCCCGCTGGTACGCCTCGCCCGGATTGATGGACGCCGCCCGCGCCACCTCCGCCTCTCCCAGTCCGGCGACGTGGAGCATCGCGTAAAGCGCTAAATCTTGAGGGGTCGACCGGGTGAACTGCGCCCGAGACGCCTCCGCGATTTTCAGCATCTTCAGCTTGAGGTCCCAGGCGCTATTGTCCGCGAAGAACGGGTCCAAAACCCCCAGCGCCCTAAGCGTTTCATTCGCGTCCACCCAAGACACGCCCGAGGCGCGAAGACGCTTCAATGCTCCTGCCAGCGTACGCCCGTTCCCGTGCATCCGATCGGCCAAAATCTTAACAAGCCGCGGCGATAGCGCCAGCCCTTCCGCCACGCTCATTTGGTTGAGTAGGCAAACTCTTTCCGCCGGCTGCGGCTCGTGAATCGTCGCGATCGTCCAGTCGCGAGGGCAAGGTAAGAACGTTTTCAATTGCCGGGTCGGCTTGGGCGACGTAAAGACGAGAATCGCCGGACGACTGGACCGGACGCGTCGCTCGAGCGCCATCCGCAACGCCATCCGCTGGCGCGGTTTTCCCATCACTTCTTGGACGTCGTCCAGCAAAAGTGCCCGGCCAGATTCAATTCGCGATGGACTTGCCAAGAATTCCTGAACCCCGATCGGCTCCACTTCCTTCTGCCCATCCAACGAAAGCCGATACGCGACGGCGCGAAGAAGGTGCGATTTCCCCCACCCGCTCGGGCCTACGACGGCCACCAACGGGCTGTAACCCGCGCAAAACAGAAGCGCGGCTTCGATCGCCTCGACGTTGGAAGGGAGCGCCGCAAGCGAGGAGAAAGAAAGCTCTCTCTGCTCAAATAACACGTCTGAGAGCCTTGGCGATGACGTTGCGGTTCCTTGATCGGTCGGCACGAATGTTATCTCTCCCACACTCTCTTAATGGTGACTTGCGCCTCCCAGATTGTGGACGGGTCCCGCCCGTTCGTCAAGGGAACTCCGCCACCGAAACCTAACCGTTACAGCTCCCAAATGCGCTCGTTTCCGGCTGTTTTCGCGCGTAATCTCTAATTTGGCCTTTGACCCAAGTTCCGAATAAACGGTCATTTATGCGAGATCTTCTGCCAGTAAGAAACGAAATTAAAGCCAGGACTCTGATCTGGCGTGTGACATGTGGTACAGACCGCCTGCCCCAGGTGCGCGAGCCGATTCCCCTTGGGATCGGCCACGTGCGCCGCCGCCGGTCCATGGCATGATTCGCAGCCGACGAAGGCAAGATTCGGCGTCTCGACTCGGGACCGAAACCCCCTCTCGCTGGTCAGCCCCGTGACGTGGCAAGAGACACAGTCCGGGTCCCGGCCGTGCCCCTGCTTTTCGAGCGTCGCCAAAGCATGGGAATGCCCCGATTTCTCCCAGACATGCGACGCAGTCACGTGGCACGCCGCGCAACTGGCGCTCCCGGCGAAAGCCGGCGACGGAACGCGTGGAATCTGCTCCAGCAAGTTGGCCCGGTCCACGCGGCGTAAGTAGGCCGAGTAATACCGCTGGATCGTCGCATCGTCCAGGAACTGCGGCCCGAGCCGCTTGACCGAGTAGCCGTCGAAAGACCGCCCGTCAAACCGGACGCTCACCACCGACTTTCCGCGCTCGCCGGGAGTAAGCAGCCACACTTTGCCGACATGCTCCGGCCGGTCGGGTGGCCAGCCATTCAAGTGATAGACGATCGCCCGGAGCGCCGGGTAGCGCTTAGCCATCGCCACCGCCTCCGCGCGGCTGCCGTCGAGCATGAGCACGGCGGCCCCTCGCTTTTCCTTGGCCGTTCTCAAAAGCGATTCGACGGCAACCGAATCCGGAACTGAGGGAGCCGCCAGCGACTCGCCGATCCCATCGGAAATCCCGGCGATCACGAACGGTCCCCGCTCCACGGTGGACCGAACTCCCTCTACCGCTCCGTTTGGTAGGCTGGAACTCACGACCCGCCCCTCGGCCAAGCGCGCCACCGACATCAACGACCCTTTACCGAGCCGGGCATCCTTAGCGGTGACGTTGATAGCGGCGGCATCCAGATTGGTGAGCGACTGGGCCATTGTCTCGGCCTTCATCTCTCCCTGCCGGCCCGGTTCGCCTCCGAGTTCTCCGGTATCAATGAGCACCACACGCGAATGCCGGGCGATGTCCCTCACGGCGGTTCCCCGGCGCCGAATTCCGCCCGTCATCGGCGAGGTGCAGCCGCAAGGGGAGAGGTACCCGTCGGTATCTCCCGACACGACCAGGGTCCAGCCCGGATTCTTGGCTTGACTCTTCGGCTTGGCCGGGCTTTGGAACGCCAGCCCGGCGGCGGCGAGCCCGAGCGCGGTAAGCGCCGCGGGCCAGAGCCTTACGGGCAAGATCGTCATCGCGTGGAGCCGACGATCGGGACGTGAACCACCGATTGCTTCGGATCGTTCGTCGTCACTACGACCTCGCCTTCGATCGGCCCCGCGGGGGCTTTACCGTCGTAAGCGATCTGCAGCTTCACCTCGTCCGGATGATCGCCGGGGAGCACCTTGACCGTGAACGTGCTCAGTGTGGAGCGTGCCGAAAGCACCTGGAACGGACGCCCCGGACGGGTCAGCACGACCGTCGACGTGCGCCGCTCGTGGTTCGTCTCGC
NZ_CP007139.1_gap15	968338	969918	1580	AGGCGTTGGGCGTGAAGGACAGCTTAGCGGGCATCGCATCGAGGTTCATCGGCGGGGTGCCAATGCTGCGAGCGGCCAATGGGACCCCTGGAACTCTCGGCACTTGGCCTGCGTTTTCCAGCGTAGTAACGGTTAGGAACTGAGAAAAAATGAAGACCTCTAGTATTTTGTTCGTCGGCGTCGCGGTGTTCGCGGGCGTCCTCGGAGCGCAACAGGTCGACCACCTCTTCAGCCGCAATCAAGCGGCTCAAGGAGCGGACCTGCTCCCCATGCGATCGACTTCTACCCCGATCGTCAAGACCGGCTTCGAGACCACCGCCCCGGGCACCCCGTTCGATTTCACCTTTGCCGCCAAAAAGGTGAGCCCCAGCGTCGTCAGCGTCGATCGCTACGAGAAAGTGCAGCGAGATTTCTTTGACCGGACCGGCACGATCGCCGAGACCGGGCAGGGGTCCGGCGTAATCGTGTCGGCGAACGGAACGATCGTGACCAACAACCATGTCGTCACCGACGAGCGGTCGGGCGAAGTCGTCGACCAGGTTAAGGTTCGACTCAACGACGACCGAACGTTCACCGCTAAGGTGCTGGGCCACGACGCCCGCTCCGACCTCGCCGTGCTGAAGATCGACGCTCCCAACCTGACGCCGATCGACCTCGGCAACAGCCCGGACGTCCAAGTCGGCCAGTGGGTGCTCGCGGTCGGTAACCCGCTCGGCTTCTCCAATACGGTTTCGGCCGGCGTGGTCAGCTCGCTCAAGCGAAATCTGCCGATCGGCGGACAAGGAATGGTCGACGCGATCCAAACCGACGCGGCGATCAACCCCGGTAACTCGGGAGGCGCCCTCTGCAACGCGCAAGGCCAGCTCATCGGCATCAACTCGGCCATCGCCAGCAGCACCGGTCAGAGCGTCGGCATCGGATTCGCGATTCCGGTCGATCGAGTGAAGACCGTCGTCAACGACATCGTCAAGCTCGGCTACGCTCGCTACGCGGGCCTCGGTATCTCTTTCGACCCGCGGCTTGAAGGCGCCCTCGCCGACCCGCAGGCGCGAGAGCAGCTCCTGCAACTCGCGGGAGGCGACAAGGCTCCGTCGAGCGGCGTCATCGTGCAGACCGCCTCCGGATCGGCCCAGTCCGCCGGAATCGGCCAGTACGACGTCATCCTGGCCGTCGACGGGCAGAAGGTGGAAGGAACGTTCGATCTGAACAAGATCCTCATCCCAAGGAAGCCGGGCGATAAGGTGCAGGTCAGGTTCTGGTCGAAGGGACAGACCAAGACGACCTCCGTCGTTCTGCAGGAGATCCGCCCAGAACGACCGGTCTAACGATCGGTTAACAAACAATCGAAAGAGGCGCAGGCTCTGGAGCCTGCGCCTCTTTCGTTTCTCTGGCGCGCAACACAAAAGGCCCATATTGAAGCGCCGAAATCCGGAATGACGTCTTATATTGTGAGGGAGCCGAATCGTGAGATTCGGCAAACAGAAAACCTAATATGTCTCTCCACATCGACGGCCTCGCGCAGTTCCTCGACGTTCTCCCGGCAGTAGTCCGCGAGCGGCTGGAGAAAAGCGGAGATTTAG
NZ_CP007139.1_gap16	984443	986610	2167	CACCACCGACGACAGGATGCCTTGCGAGATTGACTCGAGCATGTCGGCGACGGCCTCGAAGTCGGTAAGGTCGCCGTAGTACGGGTCCGGCACCTCGATAAGGGGGGAGGCGGGGTCGAAGGAAGTGGCGAGGCGGATCCGGCCGGGATCGGCGCCGCGCCACGAGCGAAGCTCACGCTCGTTCGCGAGGTCCATCGGAATTACCAAGTCGAACTCTTTGAAGTCCGACGACTTCACCTGGCGAGCCCTCATTTCCATGCGGCAGCCCCGGGCGATGCCGACTTGGCGGGCGCGCCGGTCTGGCAGCTCCCCAGTGTGCCAATCGCCCGTTCCGGCGGAGTCGATCTGGATATCTACGCCTCGAGCCTCGGCATCGCGACGGAGAATCGCCTCGGCGAGGGGGCTTCGGCAGATGTTGCCGAGACATACGAACAGGATTCGAGGGGGCATCCCCTCATTTTGGTTCGGATCTTTCTTTTTGGCGACCCTAGCGGGGGCTTAGCCTTTCCCTCGGTCTTTGTACGTTTTGTACACTGGTGAGGGAGGTGTACAAAACGTACGACAAAGTCCCTTCAAAAATGGTCGCGAAGATCGGTGGGACGGTTGACGAGGGCCGAACCGGACTAGGCTTCTTCAACGGTCAGGGAGTCGAATTCGATTCCCTCGGGGCGTTGATTTCGTACCATGTCGAGAGCGTCGGTGAGGTCCTTGACCGGGAAGGTACAGGTCTTGCGGCCGGAGCCGTCGACGGCGAAGTCGAGGTGAATGCAGTCGTCGCGGATCTCTAATTTGCAATAGCCGCCCAGGACCGAAAGTTGCAGGGGGGTGCCTTGGCTAAGGGCATCCTCAAGGTCGCCGACAGCGGTCCAGAAGCGGACGGTGGTGCCGCCGGTGACGGCGACCAACACTCGTTCGCCCGCCCCGCTTACGCTAACCCGTACCCCTTCATCGCAAAGAATGCGCTCGGCCATGCTACTTAGGCCGCCTTTGTACCCCGTTTTCTTCGGGCAAAACACAGAATGTGGGTCCCTTCCTTAGATGCGAGGTGGTGATTTCACGCACGCTCTCTTGGTACAGCTCGTAGTCGACCGGCTTGGGCACGTAGTCGGTCGCTCCCAGCGCCTTGCATCGGTCGATATCGGAGGTCTCGTCGGAAGAGGAGAAGATGACGAAAGGGACGTCTTTTAGGCGCTCGCTGGCTCGAGCCCGGCGGAGGATCTCGTCACCGGAAAGCTTGGGGAGCTTGAGATCGCAGAGGACGAGATCCGGTACCGGGCCATCCGCGTTTGCGTCATCGAGCCCGAGAAGCTTTACCCCCGCCTCGCCATCGCGCGCGACCTTAACCATCAGCGGGACGCCGAGCTGCCGCAGCGCGCGTAAGGCGAGCTGCTCATCGTCGGGCGTATCCTCGATCAGGATCAGGGTTGCAGGTTCGTGAATCACGATGGGCACTCCGAGTTATGACTCCGGTTAACCTCCGGTTACCGCAAAGGAACCTATGAGCAAGTAATATTGCGGGGGTTATCACAAGGTCCCGACGAAGGAGATTTCCCCTTATAGAGCTGGTTCGACTTGTGGTGCGTCGGTTAGGAGTTTTTCGCCTTGGGTTTCGGGGGCGAAGGGGAGGGCGAGGAGGCCTAGAAGGTAGATCGAGCCGGAGAGGAGGACGCCGGTAGCGACATTACCGCCTCGGGCGGCGATGACTTGGCCGATTAGGATCGGGACCGGGATGGAGAGAACCCGGCCGACGTTATACGCGAGACCCGCGCCGGTGGCGCGGATGCGGGGTGGGAAGAGCTCTGGGAAGTAGAGGACGAACGCGGCGGAGACGCCTATCGCGAAGAAATTGACCAGCGGGAGGAGCCACAGGAGACGGGCATAGTCCGCCCCGCCGCCGATCGCCAGGGCGACGCTGGCGGGTGCGAGAAGATAAAAGGCGGCGATCGTGCGCCGGCGTCCGAAGCGGGTGCATAGCCAAGGAACCAGAAGCACTCCCAGCAGGGTCCCGATGTGGGAGATCATCGCGACCGCGCTCTTGCGCGCGTCCACGTCCGCCTTCGCCAAACCGACGCTCGCGGCTTGGACGAGGTTCGGCTGCCAATACGTCGCGGTACCGGCACCGGCGATGCCGACAGCGCCGATAACCACGGCGGCGAGAGCCCGCTTC
NZ_CP007139.1_gap17	991663	996332	4669	TGGTGCAGGGAGGCGATCCGAACTCGCGCAGCGCCGACCGGTCCACCCACGGCACCGGCGGGCCGGCCCAGCGGGTAAACGCCGAATTCAACGACACCCCGCACGTTCGCGGCATCCTCAGCGCCGCCCGATCTTCGGACCCTAACTCGGCAGGCAGTCAATTCTTCTTGATGGTGGCCAACGCGCCTCACCTGAACGGCCAGTACTCCGCCTATGGTGAGATCGTCGAGGGAATGGATGTCGTCGACAAGATCGTCCAACTGCCGCGGGACAGCCGGGACAATCCGCTCCCCGCCAACCCGGCGATTTTGGAATCGGTGACCATCGAGCCGTACGCCGGGGAATCATCCACCGGGGCCTAACTGTTTTGTTTTCTGAGACCCGAAACTTTAACGCTATGAAAACAAGAAAATTTGCCTTTATTTTTAGCGGCTTGCTCGTCGTCGCCCTCGCCGCGGGGTGTGAGCCGACGGCCGGTGGCACGGCTACGGTTAGCAGTGCTTCCAAGGTAACGCCCAACGACAAGAGCACCGCGACCCACAGCTCCGCATTCACGCCGGCCGATCCGGAAGCCGCCGCCAAGCGCGACGAGGCGGAGAAAGCCAACGCGAGCAAGATCGCCGAGAAGGCGGCCGTCACCGAAAAGATTTCTGGCGCTCCCCCTAAACCCGGTGAGGAGGTGGCAGTGATCGAGACCAACCTCGGTCGGATCGTGCTGAAATTCTTCCCGAACAAGGCGCCCGGCCACGTCAAGAACTTCATTTCGCTGGCAAACAAGAAGTTTTACGACGGCACCAAATTCCACCGCGTCATTCCGGACTTCATGATCCAGGGTGGAGATCCTAACAGCCGTACGGGCAATGGCCCGGTGGGACAAGGCGGGCCTGGCTACTCGATCAAAGCCGAGTTCAACGATATCCACCACAAGCGCGGCATTCTCAGCATGGCCCGCTCCAACGATCCGGACTCGGCCGGCAGCCAGTTCTTCATCTGCGTTTCCGAGTCGCCGAACGTGGTCAATTTGGACGGTAAATACACTGCCTTTGGTCAGGTCGTCTCCGGCATGGACGTGGTCGATAAGATCGTCAATCTTCCCCGCGACGAGAACGACATGCCCACCCCGGATGAGGCGGTTATGAAGACGGTTCGCATCGAAAAGTGGCCGCTTAAGAAGAAGTAAATCTAACGAGACAACCTTGTCGTATTTTCATCCGACAAGGTTGTCTCGTTAGTTCACCCATTACTGGCGATCTAAAAGGGGTAGGGCCTACACCCGGCCTGAATCAGTTATTATGTGCCCGGCAAGGGGTAGGTTGGATGAACGAGAGCTTAAAAATTCTCCTGGTGGAGGACAATCCGGACGATGAGCAGCTCACGATGCGGGCTCTCCGGAAGCTGACTCCGAAGGTAAACGCCGACGTCGCCCGTGACGGCCAAGAGGCGTGGGATTACCTTTCGGACCCGTCTCGCCCGCTGCCGAACCTCGTCTTGCTCGACCTTAAGCTGCCGAAGATTTCAGGGTTGGAACTTCTCGAGAGGCTTCGCAAGGTCGAGCGGACGAAGTACCTTCTCGTGGTCGTGCTCACTTCCTCCGACGAGCCTTCCGACGTGAGGGCCAGCTACCGGCAGTATGCCAATAGCTACATTCGCAAACCGGTCGCCTACGAGGAATTCGGCGACGTGGTGCGGCAGTTGGGTCTCTACTGGCTCGACACGAACATCCTGCCGCCTTCTTAGCGGCTCACAGCCGATGAGGGCGAACATCCTTTCGACTGTAGGCCGGCACTAGGTCTCAACCGATCCCTCCCGACGCGCCGTCGGGAGGGATCGGAGGCTCGCTACGTTACGCGTACTTGCTCGGCGCGACGTCGAGGGAAAAGAACTCCAGGACGTCGTCCAACCGGTCGGACTCGGTGTGGCAGGCTTCGCTGACGCGGGTTTGCTTGGCTTTGAAATCTTCGATCGACTGACGGCGTTTGGCGATTTCTTGCTCTAGGGCGCTGATCTCGAGCTCGGTTTTCGAGACGTATTGGTCAACCTGCTGAACGAAGCTTTGGGCGTAGGTGGCGAGGGCGGCGAGCTTGCGGGAGGCGTCGGCGACGATCGCCTCGGCGTTTACGCCGGTCGACTGACTCATCGCGTTAACGGTTACCTTCACGGTCGCGCGCTTGGTCTCGATCGGCAGCTCTTGAGGCAGGGTCGCGAGAAGCTCCAGCATCTGCTCCGCATCGAACGGGCAGCCGGGGAGGTTGGCGAGCTTGTAAATCGCCTGAAAGTCGACCGTCCCATCCGGCGAGACGACCGGCCCGGTTTGGGAGGCGGATACCTTGATCTCGTCGAGGTTGGGTCCGGGCGCCTCTCGCACAATCTGCTCGACCGTCCGCGGAGCGGGAGTGGGTTTGGGAGCCGGCGCAGGCGGGGTCGGGGCCGCGGGGACGGCCGGATCGGTGGCCGGCGCGACCGGCGATCGCATCGCCTTATAGAATTCTTCCTCCGGATTGGGCTCATCGATTTCGACGAACAGCCCGGCGGCCTTTTTGAGCGTATCGCTAATCCTCATGCTTGGTTCTCTTCTACGTTATACAAGCGTCCCGCCCCGGCCGCTACCGGCATCTGGTCGAAAGGCGAAACCTCCTGCAACGTTTCACTCAGGCTATCGCTCTGATAGACCACGTCCTCGATGTCGACGAGCACCTGTTCCGGCGATCGGGCGCGGATCTCGTCGTTGATAAGCCCGAACGTGTCTTCGATCAAGCAAAGCTGCTGACCGAGGTTCACGAGGATCTCCCCCATTTGGCCGACGTATTGCTTACGCCGCATTAGGATCTCCTTTCGCTTCTCCAAGACTGCCTGGTTGTGAAGGTTTTCTTCGCCGGGAAGGGAGGTCCGGATCGACTCGATATCTTCGTCGTACCGCTCTTGGATGCGGGCAACCGTCCGCTTGACCCATTCCTCTTCGGCCGCCTTCATCGGCTCGGCAGCCGGATCGGTCGCCCGCCTTCGCGGCGGCCGGGACGGATCGGTTCGCTCGACCTCCTCCAGCACGGAGCGGAGGTAGTTTTCGAACTGCACCTGCTTGGTGGCGAAGAGGAGAAACTTCTCCAGTAGGTAATCGAGCTTTCGCAAGACTTCCTGAAACCACCGCTTCCCTTTGAACAGCGGCCCGCCTACCTGCTCGCGTACCGTTTCCAGGCGAACGAAGCGGGTTTTGACGTCGGCAGAGAGAGAAGGAAAAACCTCGTCGGCGAGCTTTCTCCGGCGTTGAATGACTTCCTGGTCGTAACGCGCGCTTAATCGGGCGTCGTACCACTTGGAGTCGGGCACGAAGAGCAGGTAGGCGGCCTCTAACACGAGGACGCCCAATATTGGGACCAGGCTCAGGGTCCCCGCCGAGAGGGCAACCGCCGCCGCGAGGCCGATGGCGTTGTAGCTCTCTTTGAAGGCCTCTAAATATTTGTTGGTGCCGGGCATCGCCGCGTGTTTGAATCTACCTCAAGTACCAGGGTGCCACGGGTGCAGGGGATGTCCGTGCCCCGTAACCCGTGCCGGTAAGCGTGACACGGGTTACGACGAGCAACAAAGTTCACGATCTTCGGAACTCGTCGATGCTCGTCTCCACCCGTGGCACCCATTTTTTTACAGATTCGTAAACTCCGCTCGGATCTCCCTCCGAAGGTCGGAGCTCTCTTTGGTCTCACTTATCCCCTTTCGCCACGCCAGACCCATTTGCGCCAAGTTGAAGGTCTTCTGAATCCGCGCCCCGGGGGTAGGATTCCCAGAACCGTCGCGATCGCGACCCAAGAGCCAGATCGTGTCAGCGACCGCGACCGCGGCGTGGATGTCGTGGGTGACGATCACGAAGGTTCGTTTCTCGTCTTGCGCGGCCATCTCCATGATGAAGTCGATGACTCTCTCAGAAGCGAGGAGGTCTAGGCCGGAGAACGGCTCGTCCATGAGCAGCAAGTCGTTGCTGCACATGAACTGCTGGGCCAGGGCGACCCGCTGACGCTGGCCTCCGGAGAGCTGGATCGGATATTTTCCGCCATGCTCCTTAACGCCGAATCGTTCGAGCAACTCGGTCGCCTTGGTCATGGCTTCGCCACCCGAAAGCCCGATCTGTTTCCCGGCCACCACCAGGTTCCCTAAGACCGTTCGATGGGCGAAGAGAGGATAGTTCTGGGCGACGACGCCTACCGTCCCGCGCCGCACCGGCTCCCCGTCTTCCAGGGTAACGCTGCCTGAATCCGGTGCGTCCAGGCCCGCCAAGATTCGGAACAACGTGGTTTTGCCCATTCCGGAAGGCCCTAGCAGCGCGACGACCTGCCCCTGAGTCATCCCCGGCCGAACCAGGTTTTTGACCTCCAAATCGACGTCGCGAAGTACGAGGGTGTCGCCAAGCGTCTTCGAAACCTTATCGACCTTCAGCAGGGTCTCGTGATATTCGAATGGGAAAGTGGTCACGACTTCCGCTCCAGCATCAGGTCGGCATAGGGGCAGACCAGGCGGCGCAGAAGCGCGATTCCGCCGTCCTGCAGCAGCCCTACGACGAGGATCGCGATCTGGATCGCGTAGACCTCGGGCAGCTTGAAGTACTTCACGTTATTCAAGAGCATCGTGCCGATGCCCCCTTCGGACCGGACGACCCCTTCGACGAGGGTTAGCATCATCC
NZ_CP007139.1_gap18	1005015	1006000	985	AGATCGCCAACGTTCGGAACGACGTGGTGTTTAAGCCCCTGGTCGGGAACGTCGACACCCGGATGAGGAAGCTGATCGAGGGCGAGTACGACGCGATCGTACTTGCGCTGGCGGGGCTGAAGCGGCTGGGGCTGATGGAAGACTGGGGTCGGTCCGAATACAAGGAACTCGTCGTCTGGCCAAAGTCGGTCGAGACGATCGTTCCCGCGCCGGGGCAAGCGGTGCTGGTTTTAGAGACGCGCGAGGCGGATGCGGCGGCGATCGAGCTCATTTCCCCTCTTCACCATTCTCTTACGTCCGCGTGCAGCCGGGCCGAGCGAAGCTTCCTGCAGGCCTTCGGTGGCGGATGTTCGGTCCCGATCGGCGCCTATGCTCAAGTAAATGAGCACGGATTCGGCATGATTGGGTGCGTGGCTTCTCCTGACGGGAAACAGTATTTGAAAGGCAATCGCAATGGCTCCCTCGACGCACCCGAAGAGATGGGCGCGGAGTTTGCGAGGGAGCTCGGCGGGCACGGGGCTTTCGAGATCGTTCAAGCCGTCCTCGCCACTCGCGACGGAGGGATCGCGTGAGCCTTCCGCTAGCCGGAATGACGGTGATGGTGACGCGGCCGGCCGCGCAGGTCGAGGATCTTGCCCGACCCCTACAAGAGCTCGGGGCTGAGGTGGTTACGATGCCGGCTATCGAGATCGCGCAGCCACTCGACCGGCGTCCGTTAGATTCCGCCCTGCGAAACCTGGGAGATTACGACTGGGTGGTGCTGACGAGCGTAAACGGCGTCGATGCGGTTCGGCGGGCGATGGACGAAGTCGGCGTTCCCATCGAGGAGATGAACGAGCGGAAGTTGGCCGTTATCGGGCCCGCGACAGGGGCGGCGTTGACCAAGGCGTTTCGCGCTCCTGACTTGATGCCGGCCGAATTCGTTTCCGAGGCGATCGCGCAGGCATTGGGTGACGTGGCCGGGAAACGATTTTTGCTCGCCCGG
NZ_CP007139.1_gap19	1084026	1088356	4330	ATCGAAGCCGATCGCCTGCTCTGCTTTCGCAAAGTTGCCACCCTTGGGCATCGCCGCCTGCGAACAAGACCTCCGACGGTCCTCCTTTATCACCGTAGTACGGCTGGGCGCTTTCTAGTCAAAGCCCCAACCGCCACTTACCCAGCGCGGAACCCAACACAGTGAGCCCAAAGCAAAGATTAGTCGTGATTGGCAACGGCATGGCCGGCGCCCGAACTGTCGAAGAGATCCTGGCCCGAGGTGGTCGAGACTCCTTCGACATCACCGTCCTCGGTGAGGAACCGCACGGGAACTACAACCGGATTCTCCTCTCCAAGGTGCTCAGCGGATCGCAGGATCCGAGCGAGATCCTTCTTAACCCGATCGACTGGTATGCCGACAACGGAGTGACCCTCAAGACAAACTCCAAAGTGTCCTCAATCGACCGGGCCGCAAAGAACGTCCAAACCGCGGACGGCTCCGTCGTTCCTTACGACCGGCTTATCATCGCCACCGGAAGCCGGCCCATGGTTCCGCCGTTCGGAGGGCTCCGCACCGATGACGGCGCGCTGAAGCCCGGCGTCTTCGTTTTCCGAACCATCGAAGACTGCGTCGACATCGCCGCTTACGCACGCAAATGCAAACGCGCCACCGTCATAGGCGGCGGGCTCCTCGGGTTGGAATGTGCGCGGGGATTGCTCGAGCATGGCGTCGAGGTTCACGTCGTCCACCTCGGATCCCACCTCATGGAGATGCAGCTCGACCGCCAGGCCGGCGAGATCCTCAAGGAAACTCTGCGGACGATGGGGCTCCACGTTCATCTGGGCCGCTCCACGAAGTGCATCCTCGGAGATAACCAGGTCGAAGGTCTCGCCTTTGCAGATGGAGAAACTCTCGACTGCTGCATGACCGTCATCTCGTGCGGCATCGTCCCCAACGTCGAGTTGGCCAAAGATTGTGGCCTTACCGTCAAACGGGGGATCGTGACGGATGACCAGATGCGGTCCGTCGACGATCCCGACATCTTTGCCGTTGGCGAATGCGCCGAGCACCGTGGACGGGTCTACGGCCTCGTAGCTCCGCTGTGGCACCAGGGTCAAGTCCTGGCCGATGTCATCACCGATACCAACCCGACCGCTCTCTATCCGGGTTCGAAATTAGCGACAAAGCTGAAGGTGATGGGCGTCGATCTGGCGACCATGGGGATCACCGAGCCGGCGCCGGACGACGAGGTCGTTCAATTCAACGAGTCGCGCCGCGGCCGATATAAGAAGCTGATCATCCGGGACGGAACGCTCGTCGGCGCGATTCTTCTTGGCGAAACCGAGAAGGCCGCGACCCTTCTTCAAGCCTTCGACCGAGGCTCCGCCCTGCCGGAAGATCGGGCACAACTCCTCTTCTCCCTCGAAGGAAACAAAGCCGAAGCTTCCGTAATCGACGCTCCCGACGACACGCAGATTTGTAACTGCAATGGCGTCTGTAAATCGGCGATCGTCCAGTGCGTTAAAAACGGCCGCAAGAGTCTGAAATCGGTGATGGACGCCACCCGAGCCGGCACCGGTTGCGGGTCGTGTAAGCACCAAGTTCAACAGCTCGTCGAGTGGGCGGCGGATGGCGCAGTGGAGGCCGACCCCACCATTCACTACTACGTTCCTGGCGTTCCGCTGGCCAAGCCCGAGTTGGTCGCCGCGGTACGTGAACAGGGTCTGAAGTCGGTGTCCAGCGTCTTCGACGCTTTGGCCGGGGGCCAAGAAGACCCGTCGAGCAAGATGGGCCTGGCTTCCCTCCTGAAGCAAATCTGGGGCGCGGATTACGAGGACGAACGAGACGCCCGCTATATCAACGACCGCGTCCACGCCAATATTCAAAAGGACCGGACATTCTCCGTCATCCCCCGAATTTACGGCGGCGTCACTTCCCCCGACCAGCTACGCCGGATCGCCGACGTGGCGGACAAATACGAGGCGCGCTTGGTCAAGATCACTGGCGGGCAGAGGATCGACCTCCTGGGGATTAAGAAGGAAGATCTGCCGGACGTCTGGAAAGACTTGGGCATGCCGTCCGGCCACGCCTATGCGAAAGCGTTCCGAACTTGCAAGACCTGTGTCGGCACCGATTTCTGCCGCTACGGCCTCGGCGACAGCACCAAACTTGGCGTCGAGATCGAAACCCGATTCCAAGGTCTAGAGAGCCCCGGAAAGCTTAAGCTCGCCACCGCCGGTTGCCCCCGAAATTGCTCCGAAGCCTACGTAAAGGATGTCGGCGCGGTCGCCGTAGAAGGAGGGCGGTGGGAGATCTACGTCGGCGGAGCCGCCGGAGCCCATGTCCGTAAGGGAGACCTCCTCTGTACGGTCGATTCCCACGCCGACGTTCTGCTGTTCGTTGGAAGGTTCCTCCAGTACTACCGGGAAAACGCGAAGTATCTTGAGCGGACTTACGGATTTGTCGAGCGGATCGGGATCGCCAAGATCCGTGAGGTCGTGGTGGAAGACAGCGAGGGTATCGCGACCCACCTGGACCACGCAATGCAGCAATCGGTCGACGCCTACGTCGACCCTTGGCTGGAGGCGGAGCAGCCGGTTTCGGTCCACCAGTTTGCGAGCCAGCTTGTGGGGGTGACCGGTTGACCCGATCTACGATCACCCAGCGGGATCTAGGCCCGGCGGACCGGATCCCTTTAGGGGAGGGTCGAGAATTCGATATCGAAGGTCAGATGATCGCCGTCTTCCGATCGCGGAACGGCAATGTCTACGCTACGCAGGCTTCTTGTCCCCATCGGAACGGACCGTTGGCCGACGGATTGCTTGGCGGATCTACGATTGTTTGCCCGCTACACGCGAGAAAATTCGACCTTGAAACGGGCAAATCCCAGTCGGACGATTGTTTCCTTCGAACGTATTCGATCTATCTGGCTGATAATGGACACTTAATCCTGAACTTCGATGCGGCAGAGTTGCCGACGTGAGAGAAGTTCGGGTGAATTCGGTTTGCCGTCAACGATACCGACGGCGTCCCGCAAAGTAGCGGCCCTCAATTGCTTTGGGAATGCTGCGCTTGATGCACCGGATCTTAACTTATGGCGTGGAGGCTTTGGCCACGGCTCGGAAACTACCGTCCGATCGGTATGTTTGCGCGTCGACCGAACTCCTCGGCACCATGACCGAAACCGCCATCGACCTCGTCGGAGCCTTCGGAGGCCGTCCGCCGGACCTTCTCCTTGCCGACATCACCCGCCAACACGACTGCCTTCCCATCAAGCATCTTCGGCGCGTATTTCGCGAAATTTGGGACGATAAGCCACCCCAGTTGCCGTGCATCGCGATGGTGTCTCCCAACCAGCTCTCACTTCCGGAGATATTCGCCATCGTCGAGGATTTTCTTATCCCGCCCTTCAGTCAGGTCGAAGCGCAGGCCCGGATATCGAGGCTCATGTTCAAACATCGAAAAGTCGAGTCGTCGAACTCCATCCAATTCTTCGATGTGACCCTGGATCTGGATGCGGCCGTTGCCCTGAACTCCAACGGCTGCCGCATTCCCTTGACCCCAAAGGAATTCAACTTACTCAGCTTTCTATGCAGCCACCGCGGCAAGTTCTTCTCCCGCGAAATGCTGGTGAACCTCGTTTGGGGTGTCTCATTCGAAGGCGGCGAACGGACCGTCGACATCCACATCCGCCGCATCCGAGCGAAGCTTCCGACCCAGGCCGCCAGCTTCCTGGAGACGCGCCGCGGGATCGGTTACGGCTTCCGGGGGGTGGAGTGAAGATGACAACTTACTTTCCCGTCTTTTTAGAGCTCTCCGGCCGCGCCGTCCTTATCGTCGGCGGCGGTCCCGTCGCCTGGGAAAAGGTCGAATCGCTCAAGTCGACCGGAGCGGAAATAACGATCCTGTCACCTACGATCTCCTTACAGATCCAGGGGGAGGTCGATGCCGGCCGGCTCGTTTGGATCGAAAAAGCGTTCGAGCCCGCCGATGTGATTCCCTACTTCATGATCGTCGCGGCCACCGACGACCCCGCAACGAACGCCGAAGTCTTTCAAACCGGCAACGCCCTGAACCGGCTCACGAATTCGGTGGACGATCCTGAGAACTGCAACTTCATCATGTCCGCCATCGTGCGGCAAGGTCCGATGCAGGTTGCGGTATCGAGCAGCGGCTGCTCCCCCGCCCTTGCCCAACAAATCCGAAACCGGATCTCCGACGATTTGCTGACGCCGGAGGTGGGCCGGTTAGGCGAATTCTTGGGCCAATGGCGGCCGGCTGTAAAGTCGTCTCTTGGGTCGTACAAACATCGCCAAGGATTCTGGGCGCGCGTCCTCGCCTCCGACGTTCCAGCCCTCCTAAACATAAA
NZ_CP007139.1_gap20	1089754	1094044	4290	CAGGGGCCGCCCCGGGTGCCGTAGATTGCCTCGCCGGCTTTTCGAATCCACTGGCCGGCCTTCTCAAGCGACGTCGCGACGGCCGGAGGGATCTCGCCGTGACGGTCCGGGCCAACGTTGAGCAGCATCACCATGTCCCGTACGACGCAGTTCACCAAATACTCGATGACCATATCCGGGGGCATGACATGGCCTCCCTCGATAGCCCCGCGGTCATAGCCCCACGCCCCCGCCGTGGTGAGACACTTCTGGTAAAGCGCCGTCGAGCGTACAGGACCACGCACCGGGGCGCCTCCCTCTTCATCCATGTAGTCCCCCATCCAGCCAAATCGCGGGTTGGTCGCGACGTGGGGTTGATGTTTGCGGACGATGCCCATGATTCCAAGTGCCCGCCCGCTCGAGTCGTGGTCACGCCATCGTTCGCCCACCGGCCAGGCGTTGCCGGCATCGAGGAAGTGGCCCGATTCATGGAAATACGCGCCATCGGCGTCGCTACCCTGCTCGCCCAGCCAACCTCCGTCCCAAAAGATGTGGTCGATATGGCCATAAGAGCTGAGCAGGTGACGCACGTTGGCGTAGTTCTCCTCCTTCATAAGGCGGGCGTTCTCATGGTGGGCCGGATCGGTTTTATAGCCGAACGGATTGCGCTTGCAATCCGTGCCGGTGACGTCGTAATAACCCGGATATCGCCAGCTCAACACGGAATAGTACAAGCCGACCCGGACTCCCTCGGCCCGACAGGCGTTCGTATATTCGCGCACGAAATCCCGGTGATGCGTCTGCTGGCTTGTAAACGCGTTTGGATAAGGACTGTCGAACAGACAGTAACCGTCGTGATGTCGGGTGGTGAGGCACATCCACTTCATCCCGGCATCCTTTGCCAGGCGCGCCCAGGCGCGGGGATTAAACCGATCCGCCGCGAAGTACTCTTCGCCGCTCTCCGGAAAGGCGAATCTGCGATAGGCGTCGGGAAGGATCGCCTCGTTGTGCATAAGCCACTCCCCCCTCCCCGGGCCGGCATACAAGCCCCAGTGGATAAACATGCCGAACTTGTCGTGCCTTAGCCATCGGAGCTGCTCCTCGCTCAATTGCGAGATGCCCAGATCGGTCTTGGGTACGCGGGGGGCCAGGTGCGGAAAACCGGTGTCGTCGTCACCGGTTCCGAAGAGCGGCATCGCAAACGCAAACGGCGCGGCGCCCAAGTAAGTTAGGACCTTACGACGACTTAGGGTATCGGAATCGAAATTGGACTTAGAGGAGTTGTTCAAGGCTGCACGTTCCTTAGTTCGCCGGGTCGGCGCCCGGTCACTTGCTTGACATGTCGACTCAAATGACTTGCCGAGCTATAGCCACATCGCTCGGCAATCGTCTGAAGGGTGAAATCGGAGTTCCGGAGCATGGAAATGGCGCGCTGGAGCCGCAAATTCCGTTGATACTCTTGCGGCGGCGTGCGAAAGTGCTCGACGAAGTGTGCGAAGAAGCTCGATCGGCCCATCCCAAGCTCCGCCGCGAGCCAGTCCAGATCGACCTTGCCCTCCAAGTCAGCGGTCAAGATGCTCTTCGCCTGACCCATCTTGCGGTCGATGGAGGACGATTCGGCTTCTCGGGCTTTCCGGGACATTTGAATATCGAGCTGCAGGAGCATCAGTTGTAGGAGCTCGTTCTCGGGTTGCTCCACGCCATGAGACTCATGCGCCATCGCCTCCACGAGGTTGCCGATTCTGCGGTGGGAATCGTCGAACGACAGGCGAGGCCAATCGAGGCGTTCTTCCGAAGCAATGCCGACATACACGATGCAATAGCGGCCGTCAGCGATGTCGCAGTGCTCCACATCCGGGGGGTGCAGGAGCAGCATGCCGGGAGACATTTCGAAGGGCGTTCCATCTTGTTCGGTGGTTACGCGCCCTTCCCGCTGGTAGATCAGCTCCCAATGGGGATGGCGGTGACCAGGGAAGGAACCCTCGCTCAGATGAAAGCCCGCAGCGACAACCCGAATTGGACGTGTATGCAATAAATGATTTCCCGCGTACATTCCAATCTCGCCCTAGAGGGTGACGTTGCGGACGAGAATACATCCGTTTCGGTGGCCCCACTTATGATAACCCGAGCAACCCCTCTCGCCGCCTTGTTCGTTTGCAGTTTCCTAAGCGCCGTCGCCGGCGCCCAAAATGCCGAGTTACCCCCGATACCGCCAGGCTCGGTGCTCGCTTCGACGGCGGTGCCCGGCCAGCATTTTCCTCGAGTGTTTCCAGACGGACGGGCGGTCTTCTACTACCGCGCGCCTAATGCGAAACGCGTCGCGCTCGGCCTAAACAAGGAATGGCCGATGACCAACGACGGTAAGGGGAACTGGACCGTCACCACCGATCCGATCGGTCCTGGAATCCACGGGTACGAGTTTCACGTGGACGGCGTCAACGTCGGCGACCCCGCCGTCCAGCACATCTATGACGCGGGCCGCTTCCTGAGCCATATCGAGATTCCCTCCCCGGACGGCGACTACTTCGCCGTCAAAGTGATGGCCCATGGAGACGTTCGAGACAAGCTGTATTACTCGTCCGTTACGACCGGGTGGCGGCGGATTCGGGTCTACACCCCGCCGGGATACGATCAAGATCCGACCCGACGATATCCCGTACTGTATCTGATGCACGGCGCCGGTCAGAACGAAGACTGTTGGACCCTGGAAGGCAAGGCGTCACTTATCCTGGACAACATGATTGCCGAGGGGCGGTGCGTCCCGATGGTCGTCGTAATGCCCAACGGCTATGCGTACCGTCCCGGTGAGGAGCCGCCCCTGATACCGCCGGCTCGACGCCCGGACTTTTCCAAGGCGTTCAGTACGCTGGGCGACGTCTTCTCAAAAGATCTGATCCCGTACGTCGACTCGAACTTCCGGACCAAGCCCGATCGCGAGAACCGGGCTCTTGCCGGACTTTCGATGGGCGGCATGCAAACCTTCTCGGTTGGACTCGATCACCTTGACGAATTCGCCTATCTAGGCGGGTTCAGTGGCGGCGCGGGCGCCTTCAGCACAGAGCCGATCGACTTCAAGACGTTTCACAACGGCGTCATGGCCGACGCGGAGGCATTCAACAAGCGTGTCCACGCCGTCTTCCTCAGCAACGGCACCGAAGAAGCTCAGATGATGCGGGGCGTCATCGCTTTTCGCGAGGCGGCGGTGAAGGCCGGCATCAACGTCAAGTCGTTCGTTTCTCAAGGGACAGCCCATGAGTGGACGACTTGGCGTCGAAGCTTGCACGAGTTCGCCCCGCTTCTCTTCCGCCCGGAAACCGGTTCCTCCGGGAATTCGGCGCTCCCGGGTCGCCAGATCGAACTGGGACCGGATGATAAGCAGGTCCTTCCGGAGCCTCCTTATGGTTTCGACGTGGTACGCGACGACGTTCCCCATGGTCGGATGGAGCGGATCGAATACAAGTCCGAATCGGTCGGCTCCGTGCGTCACGCGAATGTCTATTTGCCTCCCAACTATTCGGCCGAGAAGAAGTACCCGGTGCTTTATCTGCTCCACGGGCTCGGAGGAGACGTCGACGAGTGGCCGCTGTTCGGCGTACCCCATGTACTTCTCGACAACCTCATTGCTGCTGGGTTAGCCAAGCCAATGATCATCGTGATGCCGAACGGACGCGCTCAAAAGGATGACAGGAGTCCGAAAAACCCGATGGAGGCCGCCGGCGCTTTCGCCCACTTCGAGGCCGACCTCCTTAACGACCTTATCCCCGCCATCGAGTCGCGCTATAGCGTTTCGTCGGACCGGGTTGACCGGGCCATCGCGGGCCTGTCCATGGGGGGCGGCCAAGCCCTCGACTTCGGTCTCGGGCACCTCGATAAATTCGCCTGGGTCGGTGGATTCTCGGCCGCTCCGAACACGAAGGTCCCGTCCGAGCTCCTGCCGGATCCCGAGCAGAAGGCTTCGCTGATCAAGCTGATCTACCTTTGCGACGGCCGGAAAGACGGATTGATCTTTATCGGCAAGCGAACCCACCAGTACCTGAAGGAACACAACATCCCACACGTCTGGAACGTCGACGGCAACGGCCACGATCCCACCGAGTGGAGGAATAACCTCTACTACTTCCTTCAACGATTGTTTCAGTGATCCGGGAGAAGCCGCCCCTAAATTCGTTCCAAAGGCGGCTTCTACGGAGTGCTCTCACCTGAGCCTCAAAGGTTAAGGCACGAAAGGCCGGCGGGGGGTGGGCGCCGCCTTTATCCGCAAGGTAGCGGGTTTAAGTCCCCCCGACTTCGCGGTCAGGACGATCTCTCCTG
NZ_CP007139.1_gap21	1101421	1104062	2641	GCTAAATAGATGCCGATCCTCTCCGTTCAGCACCTCAGCAAGGCGTTTCCCGGCGTCCAGGCTCTCAGCGATGTGAGCCTGGAGATCGAAGCCGGGACCGTCCATGCGCTGATGGGGGAGAACGGAGCCGGGAAGAGCACGCTGGGTAAGATCCTGGCCGGACTGTATCAGCCAGACGAGGGCGAGGTTCAACTCGACGGCCAGCACGTCCGCTTTCGCGGACCGCAAGACGCGTCGGCGGCGGGAATCAGCATCGTCCACCAGGAGCTGCTGTTCGCCGAGAACCTGACCGTCGCTGAGAATCTGTGTCTCGGCGACCTCCCTCGCAAGGGGGTTTGGCTCGATTGGGACGCCATGATCGAGCGGTCGAAGCGATGGCTGGACGCGATCGGGGCAAACATCGATCCAAAGCAGATCCTGGGCGAGCTACCGATCTCGAAGCAGCAGCTCGTCCAGATTGCCGGAGGCATCGGTCGCGGGGCAAGGGTGCTTATTTTCGACGAGCCGACCTCGTCGCTTTCCCAATCGGAGGCGCTGAAGCTCTTGGAGCTGATCCGCGATCTCCGTTCGCGCGGGGTCACCTGCGTTTATGTTTCGCACCGACTGGAGGAGGTCTTCGCGATCTGCGACTCGGTGACTGTACTTCGGGACGGAAGCGTCGTCGGCACCAAGCCGATGGCCAGTTTAGATCGCGACGAGCTCGTCAGGATGATGATTGGGCGGGAGCTGGCCTCCAGTTTGTCGGACCATGAGCATCCGCCGGTTGGCGACGAGGTACTTCGAGTCGAGGGTCTCACCAGTCCCGGCAAATTCGAGGAGATCTCGTTCTCGCTACGAAACGGAGAGATTCTGGGCTTCGCCGGTCTGGTCGGAGCCGGGCGCACGGAACTTGCCCATGCCCTCTTCGGGCTGGATCCGATGTCGCACGGCAAAGTCGTTTTACATGGGAAGGAGGCGCGCGTGGGCGGCCCCATGCAGGCAATGCAAGCGGGCATTGGCCTCGTTCCCGAGGACCGTAAGCGTCACGGGCTGGTCTTGTCCCTGACGGCGCGGCAAAACATCTCTCTACCCACGCTCGATCGGGTCGCAAGCATCGGCTGGATCCAGCAAACGAAGGAGCGGTCGATCGCTCAGAAATTCTTCGATCGAATGCGGGTGAAAGCTCCCGGCCTGGACGCGCCGACACTTGGCCTCTCCGGAGGAAATCAGCAAAAGCTGGTCATCGCCAAGTGGCTGGCCGCCGAATCGGACGTTCTCTTGGTCGACGAGCCGACTCGCGGCGTCGACGTCGGGGCGAAGGCCGAGATCCACAACCTAATTCGTGGGTTGGCGGCGGAAGGAAGAGCGGTCCTGCTAATCTCTAGCGACCTGCCAGAACTACTGGCCCTTGCCACTCGCATCGTCGTGATGCGGGAAGGTCGAGTCGTCGGCGAACTGCCCGGCGGCGCGACGGAGGAGCAGACGATGCGCCTCATGGCGGGCGTTTCGAGTTTGGCGGCGTAAGAGAACTATGTTTGACTGGATGGGAGACGTCAACGGTTGGGTCGGGTTGCTGACCCTCGCTCTGCTTGAGATCGTTCTCGGGATCGACAACATCATTTTCATCTCGATCCTCGCCGGCAAGCTGCCGGAGGCGGATCGTAGTCGAGCCCGCAAGCTCGGTTTGATGCTGGCGTTGGTCTCCAGGATCATCCTGCTCCTGGGGATCGGCCTCGTGGTGAAGGCGACCCACCCACTCTTTACCCTCCCCTTCCCCGCTCTCCACGCCGAATCGCGCGAGGTCTCGTTGCGCGATCTCGTCCTGTTCCTGGGCGGTGCGTTCCTGATCTGGAAGTCGGTCAAAGAGATCCACGCAAAGCTGGAGGGGAAAGAGGAGCACGGCTCCGGCGGAAAGGCGCCGAACCTGAGCGCGGTGCTGGTTCAGATCATGGTGATGGACGTGATCTTCTCGCTCGACTCCGTCATCACGGCGGTTGGAATGGTCGACCAGGTCACGTTGATGATCCTCGCGGTAATGATCGCGGTCGGGATCATGCTCGTCTTTTCCACCGCCATAGCGGAGTTCGTGGATCGCCACCCGACGGTCAAGATGCTCGCCTTGGCGTTCCTTATCCTCATCGGGTTTAACCTGATGGCGGAGGGAAGCGGGCAGGAGATTCCCAAGGGGTACACCTACGCCGCCATGGGGTTCGCGATCATGGTCGAATTCCTGAATATGCGAGCGCGGAAGAAGGCGATTTAGCCGGGACCGAGATTCATAATCAGCCCATGTTGGCCGCATGTTTGCCATTGCTGCTAAGTTCTGCCTTGCCGGCTCACTGGCAAACGCGGGGTGAGAAGATGGGGGTTTTCGGGTACGACGTGGGGCCCGATTTCGTCCGGTTCGACCCCTCCTATCGGGACCGCATTAACCACTACAAGGACCGAGTCGAGGAACTGACGAAAGCCCTTTTTGCGCGAGAGTCGAAAGGGAAATCGTCGCGTCGGGCGCACCAGTTGTTGGTGGAGACGCACTGGCTTACCCATTACACTGCCCGCTACGATCAGATCGAGAAGAAGCTGGCTCAGGTCGACGACCTCATCCATGGCCGAGGCGACACCGCCGTCGTGGAGCAAGATGCGGAGGGGAGCTTCGGGCCGT
NZ_CP007139.1_gap22	1110160	1112987	2827	GGTTTACATCGAAGCAAAACTTCTGCGGCTTCCCTCGCGACGTGGTGCCGATCATATATCAGCTCCGTGAAGACATCGTTCTCGGTAAGCGCGAACCCCACGGCTCCCGGCTCCCGGTGGTGCAGCGGGCGCATGGCGTTGAACGTGTGGGTCGTGTGCCTAGCTCCCATAGCGAACGCCTCTCGGCACTGGGTGTAGGTTGCTTCCGTATGCCCGATGCTCACTTTCACGTTTCTATTCGATAATCTTCGGATGAGGTCTCCGCCTCCCGGTCGCTCAGGGGCAAGGGTGATCACTTTCAAACGTGAATCGTCCAAGATTGGGTCCCATTCGGAAACGCCCACGGGCGGATCCACGATGTCCCCTTGTGGCTGTGCGCCCGGATATCGAGGTGAGATAAAGGGACCTTCCAGGTGGAACCCAAGGATCATCGGATCATCCGGAAGTCTGGCAAGAGCTTGCCGAACTTGGGCGACGGGGGCAGTGACCGTGGTGGGCAGGAACCCCTCATAGCCGACTTTCGAAAGTTCGCAGCAGAGATCCCGCATTTCGTCGACCGTGGCCGACATGAAGTCGATCCCAAAAGCGCCATGGGTATGGATATCGATGAAGCCGGGAATGATCAGCGGTCCACTTCGAGTGTCGGGGCTGCCAGAGAATTCGAGTGTCTCCGTGTCGAAGGTGTAGTTCCCAAATCCTCGCGGTCCATATGCGAGCACGACCTTCTTCATGGCTTTAAGGCATACCCTCCGGTGTCGCGGACGATGCGTCCTTCTAATTCCAGCATAGTGAGCTCTGAGAGCACCTCGGCGGTGCTAAGGCCGCTCTGTTCGACGATTCTCTCCGCCGCCAAAGGCTTTGAGGTCAGAAGAGACAAGATTCGCTCACCCTGCGAGCTGGCGGGGGCGGCTTCCTCCGGGGGAGCGCCCGGTTCGATGCCGAGTGATTCGAGCAGCTCGACCGGATGGCTCACGAGAGTTGCGCCGTCGCGAATGAGGGCGAAGGAACCTTGAAAAGACATCGCGTCGATATTGGCTGGCACCACGAAGACTTCCCGGCCGAGCTCGGCGGCGGCTTGGGCGGTGTGGATCGCTCCCGAACGCTTGGGAGCCTCGATGACGAGGACGGCTGAACTAAGCGCGGCGACGAGCGAGTTTCGAACGATGAACCGGTAATCGTTCGGCTTTGAACCGACGGCAAATTGGCTGATGAGGCACCCTTGGTCGCGAATGGCGCCGAATAGGCCGTGGTGAACGGCAGGGTAGACGTGGTCGACCCCTCCGGCGAGCACCGCGGCGGTTCGGCCACCCGCCTCCAAGGCTCCCCGGTGTGCCGAGGCATCGATTCCCAAGGCTCCCCCGCTGACGACGGTGACGCCGGCTCTCGCCAGCGCCTCGGCGAACTTGTGAGCGCAGGCCCGGCCGTAGGTGGACGCGGATCGGGTACCTACGATGGCCACGGTCGGCGCATGGAGGCATCCCTCATCGCCGTGGATGAAAAGGATGGGCGGAGTTCCCACCGCCTCGGCCAGCGCTTCGGGGAAGTCCCTCTCGGTTAATGTGCGCACGCCTGCCTCCAAGGCCCGCTCGAGAGCCTGGGGGTAAGTGAAGCCCACTCGCCGGCGCTCGGCCTCGGAAAGCGCCGAATGCCCGACAAGACGTGGGAGCGCCTCGGTAAGAGGAAGAGAGCCGAGCTCTCCTAGGAGAGCTCGGCTCTTGACCGGCGAGGCTTCGGTAGCCGCGAGCGCTTGCCAGAAGGCAGGTGACCGCTCCGCCGTCAGACTAGCCACCGCCAAGGCCGCCGCCGCCGATACCGCCGCCACCAGGTCCACCCGGACCGTTGGGGCCGCCCTTGCCACCGTTCGTCGAACTTCCCGGTATCACGATCGGGGCGAGCGCGTTGTCGATGGTGAGCGCGAACGGCTTGCGAATCTCGTTCCCCATCCAGTCCGCCGCCGTCACGATGATCTCCTTTCGACCATCGGCGAGGGGCCGATTTTTGCCGGTCTGCGAGAACCGGACTAAGATGGTGCCGTCCTTGTTGAGGGTGAAATCCAGCGGCTGCCCATTGACTTCGACCTTCAGAGACTTCGTATTAAGGCCGGAAGCCTCGTCAGTGAGCCGGAAGTAGAGGACGAGCGGAGGCTGTCCGGAAACCTGGTCGCCAGCGTTCGGGAAGAGCATCTCGACCTTCGGCGGGGTGAGGTCGACGCCTAGGTTACGATCGAAAGCGAAAATGCTGCCGTCGCGCGCCGGAACCAAAAGGGTTTCGCCCACCAGCACCGCCGGCGCGGCTGCCTGAATGAACGTGATCTTCTCCTGGGTCTTGTTTCCGGAATTCTGGCCTCCGGGACCTTGGCCGCCGAACCCGCCAAAACCACCGCCACCTTTTCCGCCGGGCCCGCTACTCGTGGTCGTCGTCGAGGCCACCGCGTCGGCGGCAGGTCGCAGAATGTAAGACCACTGAGCGTCGCCGGTCGTGGCGTCGACGAGATTGATCGCGCCGTTCGACGTGGGCACGATGAACTTGCCGTTGCCAACCGAGGTTGGCTTCACGTTCGGCAGCGAGCCTAGATCGATCGGAGTCTTGGTGACGATCTTGTGGCTCACCGGATCGATGATCAGCAGCTTGCCGTCTTGGGAGGTGACAAGGATCCCGGTTGGGGAATAGACCGGAGAGAGGGCGAGTTGCAGCGGGGTCGCGGTCTGCCATCGCGCCATCCCGTTGCCCGCGTTCAGCGCGATGAGATACGGGCCCGAGTTCGTGTAGATCGTGTCCCCGACAACCGTCGCCGACGGGTTCGGCGCGAGCTGGGTGAACGTCTGGC
NZ_CP007139.1_gap23	1118466	1121270	2804	GGCAACACCGAGCTAGCCGTCTGACCGGCCAACGGCAATGGATTTCCGGTCGCGGCGGAAACGGCCGCGGCTTTTACCGTTTCGCCGGGCTTTGCCACTACGGAACCGGCTGCCTTCACCGGCGCCATCGCCACGTCCGCTGCCACGCGCACGCACTTCTCGAGCAATCCTCGCCTACGTGAAGGACGGAGATGAAGCGCCCGCTTGGGGTCGGCGGCCAAGTTGTACTCACCCTTTTCGTCGGTCTTCGTCCAGGTCAGGACCTTGCCGTCTTTCTCTTGCAAAGCCACGGTCGCCCCCGCGACCGGCTTACCATCGGTATCGAGCACGCGCCCGTGTAGGACGCCTTTGGGAAACGTCTTGGGCGCGGCCGGTGTCTGGGCCGCCGCGAACGACGCCCCTAAAACGGAGGCGGCGAGGCCGAAGGCAAACCAGGTCGAGCGGTGAAGTTCAGTCCTCATCATAGGCAACCTAAATCGTTTGACTGGCCCCAGCGGAGCTGAGTGCCGGGAAGCCGAATCGGGTTACACTCGCGGTTGCCGATATGGAAGATCTCAGCCGACGTTCGATGTTGAAGATGGCCGGAGGAACCGCCCTTGGTCTTGGATTCCCAGGAAAGATCCTTGCCGTGCTCGCGGATGGGACGCTAGTGGTGCAAGATCACAAAGTCCCCGCGGAGAAGGGGCTCTCCCGGGAGTGGAGGGCTCAGCTTATCCAGCGCGGCTCCAAAGAGACTTGGACCGGAGCCGACCTCGACTCGATCGGGATGCCGATCGGGGGCATCGCCGCCGGGCAGCTATATCTCTGCGGCGACGGGACCCTCGGCTGCTGGGAGATATTCAACGAACACCGCTACCAAAACGAAGGCCCGTACAGCTACGCGAAGCGTCCGATCCCAAAGAACGTGGAGTTCGGCTTCACGCTAGAGGCAGGGGGGCGCAAGTACCGGCTGGACAAGAGTTCCTTTAGCCAGATCGAGTTCAACGGCCAATATCCGATCGCGACCGTTTCGTATCGAGACCCCGCCTGCCCGGTGATGGCGGAGATGGTGGCGTTCTCGCCGTTCATTCCGCTCAACGCGAACGACTCCGGGCTGCCGGCTACGGTTTTCGAGATCACGGTTCACAACCCCGGCTCCAGCGATGTCGCGATCGACCTCGCCGGCTTCCTCGAAAATGCCTGCGCTCGATCTGGGGAGCACGAAGATAAGGGGCGGCGGCGACACACCGCCGCGCACGTGGCAAAAGGGCTTACCCTGATGGTTCATGGCGCCGATCCGGCCCACGACACGTTCGCTTCGGAGCGAGCAAATCCGCGACCGAACATTCTCATCGCTGACTTCGAGGGGGAAACGTACGGCAACTGGAAGACGACCGGAACGGCCTTCGGCCCCGGCCCCGCGGCGGGGACCCTTCCGAGCCAGAACCCGGTCACCAAGTTCGGCGGCAAGCGATTGGTCAACTCGTTTTACGGCGGCGACGATACAAAGGGCCGTCTGACCTCGCCCGAGTTCACGGTCGAACGAGATTTCATCACCTTCAAGATCGGCGGCGGCCATATGCCGGGGAAGACCTGCATCAACCTGCTGGTCAACGGCAAAGTCGTTCGCACTGCGACCGGTCTCAACAGCGAGGAGCTGTTATGGGATGCCTGGGACGTCACCGAGTTCGAGGGGAAACGGGCCCAGATCGAAATCGTGGACGACGCGACGGGCGGCTGGGGCCACATTAACATCGACGACCTTAGCCAGGCCGATCGCATCAAGGACGCCAAAGAGGTCGCCTCGCGCCATGCCGATCCGAATCGCGACAACGGCACCCTCGCCCTTGCCGCGCTCGCGAATGGCAAAGCAAGCCACCAGGATAGCTACGACTTCGCCACCAAGTACGTCGGAGAGGTTCGACCCGCCCCATTTCACCTCGCTCCCGGCGCCTCCCACACGGTCACTTTTGTGCTTGCCTGGCATTTCCCGCACCACCCTCGCGGACGTAACTACGCCAACCACTTCGCCGACGCCGGCGAGGTGGCGACCTACGTCGCCCGCAACCAAAAGCGGCTGAGCGCGGACACCAAGCTTTGGCGGGACACCTACTACGACTCGACCCTTCCGTATTGGCTGCTCGACCGGCTGCATTCGACGATCGGCAACATCGCCACCGGCGTTACCGAATGGTGGAAGAGTGGCCGCTTCTGGGCTTGGGAGGGGGTCGTCTGCTGCTCCGGCACCTGCACCCACGTTTGGAACTACGAGCACTCGATGGCGAGGCTCTTCCCCGAGCTCGAGCGGAACGTCCGCGAGCGGCAGGATTTTGGGGAAGCGTTCGAAGAGTCGACCGGACTCGTGGGTTTCAGGAGCGACCGCGAGTATGCCGCCGACGGACAGTGCGGCACGATCCTCAAGGCATACCGCGAGCACCTCAACAGCGCCGACGACCGTTTTCTGAAGAAGAACTGGGCGAGGACGAAGAAGGCACTGGAATACCTTATCAAGCACGACGCCAACGGCGACGGCATGATCGAGGATGCCCAGCCGAACACCTACGACATCGACTTCTTCGGTGCGAATACGTTTGTCGGCTCGCTCTACCTAGCCGCTCTCCGCGCGGGCGAAGAGATGGCGAAAGAGCTTGGCGACCGTCCATTCGCCGAGCAGTGCCGGAAGATCTACGAAAGCGGGCGCGAGGCCACGATGCGGCGGCTGTGGAACGGCGAGTACTTCATCCAGGAGGTCGACCAGTCGAAATACAAGCAGTACCAATATGGGCCGGGGTGCCTTGCCGATCAGCTTTTTGGCCAAGGGTGGG
NZ_CP007139.1_gap24	1127890	1130448	2558	ACGATGTCTCCGATCCACCCGGATTGGAAGAAGCTTGGCGGCGATCCTTGGGACAACAAGGATTGGTCGCGATACAAGGAACCGGGAGAGCCGACGAATCCGAACGCGTGGGGCGGACATTCCGACGCCACCGACTGGGACCGGAACGCTACTCACGTCTCGAACATCTGGGACATCCTCCTGCCGTTCGTGTTGAGCAACGGTCGGCTAAAGGAGGACGACCTAGGGATTCGGGAGAGCGGAAACGGGATTCCCGACCTGCTCGACGAAGCCCGCTACGAAGTCGACTTCTGGCTTCGGCTGCGCGACACGAAGGGCGGATACAGCTTCGGGCTGAACAATCCGACGGTGGACGACAAAGCGATGTACCAGGCGGCGGCGGCGCCTTATATGGCGTGGGCAAACGCGGCCAACGCGGCGATGCTCGCCGACAGCTTCCGAATCGCGGGCAAGCCGGAGCTGGCCGAGCAGTATCGAGCGGCGGCGACCGAAGCTTGGAAGGTGGCGGCGGAGCGGGATCTCGACTTCAAGTTCGGCATCGGCAATGGCTCGATTCGCGGCCGCGATTTGAAGATGATGGCGGCGGCGTTCCTCTACAACGTCACCGGCGACCGGGTTTTCGAAGACGCGATGGCCAAAGAGAGCATCGTTTCCGGGCCGGAGGTGGCGACGGAGGAGGCCGACAAATACAACCAGCTCTATGGCACGGCGGCCTATCTTATGTGCGCCAAGTTCGGATGGCGTCCGATCCACCACCCGGAGCTGCTGGCGAACATGAAGGCGGCGGTGATGTTGGAGACGCGGCATAAGAACGTCGCTCCCTCGTTAATCCGGCCGTCGCGGCGAAGCAGCGACGAGGCGTACGGATGGTTCCAGACGGTGGAAGAGGTGCAGCGGCTGTGCGTGGCCCATGCGGTGGCGACTTCGCCGAGCGACCGGCTGGACTTCCAGCGGGCGATGATCTTAGAGGCGGACTACGGGCTTGGGCGGAACCCGATGAACATGACGCAGATGACCGGGTTGGGAGCGCGGCATCCGGAGGAGATCTACACGTCTGGACGGAACGACGGCATTCCCGATGTCCATCCGGGACACACGCCCTATATGAACGCCGAAGCCTGGAGTCCCGGCTTCATGGGCGACCCGCAGTGGTACGCGAGCCGGGGTTACCCGGCCTGGAGCGAATGGCCACACGGCGAAGCGCTTTGGCGGGCCCGGTACTGCTACTGCAACAACGAGTTCACGCCGCAACAAACGATGCGGGGGAAGATGTGTTTGCTTGCGTATCTGTACTCTTTGCGGAAGTGAGGGAGCCGGTTACGCAGAATTGTCCCGCCCAGCGTTGGCGAATAAGAGATGATTCAGTCAAGATAGCGGTCTCACGATGATCTTTTCTAGCCTGCTCCCGTTGATCGCCTTACTCGGTTCGGGCACAACCGGCAAAGCCGACCAGCCAAATTACTGGTCTTGGGCGAAGACGCCGCCGATGGGGTGGAACAGTTGGGACGGGTTCGCCACGACGGTCACCGAAGCTCAGACCCGCGCGCATATCGACGTGATGGCGGAGAAGCTCAAGCGGTTTGGGTGGCAGTACGTCGTGGTCGACATTCAATGGTACGAGCCGAACGCCACCGGGTTCGATTACCGGCAGGGGGCCAAGCTCGAGATGGACGGGTTTGGACGGCTCCAGCCGGCGCTCAACAAGTTCCCTTCGGCAGCGGATGGGAAAGGGTTCAAAGCGCTTGCCGACTACGCGCACCATCGGGGCCTGAAGTTCGGAGTCCACTTGATGCGCGGCATCCCGCGTCAAGCCGTCGAGTCGAAAACTCCGGTCAAGGGAACTTCCTTCACGGCCGCGGATATCGCGGACCGGAAGAGCGTTTGTCCGTGGAACGGCGACATGTACGGGGTCGATATGACCAAGCCGGGGGCACAGGCGTACTACGACTCGGTTTTCCGCCAATTCGCAGATTGGGGGATCGACTTCGTTAAGGTCGATGACCTTTCGAGGCCGTACCACCTCCCGGAGATCGAGGCGATTCGAACCGCGATCGACCGGTCGAAACGGCGTATCGTCTTCAGCACGTCGCCGGGGGAAACTCCGCTCTCGGCGGGAGAGCACGTGCAAAACCACGCCAACATGTGGCGGATCAGCGACGACTTCTGGGACAACTGGCCGAGCCTGCTCGACCAGTTCCGGCGGCTACGAGATTGGACGCCGTACCGAGCCCCCGGCCACTTTCCTGACGCGGACATGCTCCCCATCGGCATGATCCAGATGGGGCGCTCGAAGACCCGGTTTACTCCGGACGAGCAGATCACGCTGATGACGCTTTGGAGCATCGCGCGATCCCCGCTGATGATCGGCGCCGACCTGACGAAGCTGGACGACTTTACGCTTTCGCTCCTCACCAATCCGGAAGTGATTCGGGTCGACCAGGCGAGCACCAACAACCGGGAGCTGTTCCACCGCGATGGTGTTTTTGGTTGGATCGCCGATGTTCCGGGCTCGGCGGATAAGTACCTCGCGTTGTTCAATACTCAGACGACGGGCCGGG
NZ_CP007139.1_gap25	1136568	1138726	2158	CTTGATCGTTGTTCCTTGCGCCGTGGTCGCCAGCGGGAACGAGGGGACGGCGAGCCAGAACCTGATCGTAAACGGTGACTTCTCCCAGGGGAACACCGGCTTTACGTCCGACCTGCCCTACGCGAAGCCGGCGGTCGACTGCCTTTGGCCGGGCGCCTACACGATTGCCGCTGCGTTCGACCGGCCGCAGTTGCACCACCTTATCGCTCCCGAGTCCTTCGGATCTCCGATTAAGAAGACGGGCAAGGAGAAAGTCTTCTTTGCCAATGCCGGTGGCGTCGAGCCGCTTATGCTTTGGTCGACCACCGTGAAGTGCCAGCCAAAGACGCAGTACCTGATCACCTTTAACTGCATCAGCCTCAGCGGACACATCGAGGAAGGAACCCCGCCCCATCAGGTGGCCACCGAAGAGTGGGTTCCGGACTGCGAAATCTCGGCGAACGGCCAGGTCAGCCCTTCATTCCACGCCGGGCTCGGCCGGTACTACAAGGCGAGAATGACGTGGAACTCGGGCAAGTCCACGACCGCGACGATTAAGATCATCCGATCAAAGATGCTCAATGGCCACAACTGTGGCCTGATCGGGATCAGCAACATCGAGATGGTCCCGTTCCGGGAAGCAGCGAAGAGCGCCGCTAACTGAGGCATAGAAAAAGGGTTGCCGGCGAATCGCCGGCAACCCTTTTTCTGTTTTTAGCTGGACTGGACCTGGATGGTTGCGGTGTGCGTATGCCCGCCGCCGGTGGCGCTGAGCGTTACGGAACTCTGGCCCTGCCCCTGTCCTTGCTGGGACATTTGCAGGTGGATCGTCGTGGTTCCGGGGGAGGCCGAGGCCACGTTGATCGTGAACGGATTCGTCGTCGGCGACGATAACGTGACCCGTGGGTCCGTCGCGGTCGCGGTAACGGTGATCAGCCCAGTGAATCCGTTTTGCGGGTTGGCGGTGACGGTGATCGCCTGGGAGGTCGCACCCGGGGTCAACAGGACGCTATTGGTGCTCGTGCCGAAGGTGAAGTCGCCCGGCAAGTTGCCCGCGACCTGCACATGGAGCATGGCAAACCCATCGTTCGTCCTCGCCCTGAAGAAGACAGGAACGTCGATCGTGCTTCCGGGGGTCGCGGTAGCAGGGATATGGTAGGAGACCGTCGCGGAGAGAGCCCCGTTTGCGGCGATGTTGCCGCTCTGAGGGTTGACCGATACTCCGCCTAATTGGCCGGTGAACTCAACGAGCCCGTGGGCGCTTCCGATCGAAGTCAACGTCAGGGTGCCGGTTACCGTGCTCCCAGGATTTCCTGAGACAGGTCCTTGCCCCTGGAATGCGCCCACCACGGTGGAACTGCCGACGATCAGTTCGTAACTGCTCACAAGCCCGAGGCTGATCGGTGAGGTCTCGGACGAGCGGGCTACTTGGAGGTGAAGGTGGGTTCCTTCGGCAAGCCCGTCCGGAATGTGGACGGTGATCACGTGGTAGTCCACGGCGTTCACAGGACCGACGGTTCCAGTCCAACTGCGATGATCGATGGACGGGATGTCCGAGGAGTCGACGTTGGCGGTGAACGTGTGGCCAGGCTCAGTGCTGTTTACTGCGGTGGTAACCAGCAGCAGGTCAACGGCAGTCCCGGCGAGAACCCCCTGAGGGTTATTAGGCGCGAAGAGGACGCCTTGCCGATCGAAAGTTGTGCCGCTTCCTCCTCCGCCACAGGCAACGATAGTGGCGACGGCAACCGCATAGAGAAGGTAACGAATGAGCTTCATCGAGGCTCTATTATTGCGGAGAGGGGCTGCAAATGCAAAGTCGGCCCATTTAGAGATGGGACCAGGGGCGCATGCGCCTCGCGGGTAAGTTGGAGCTAATGTTTTTGCGTCTCGCGGCAGGAGCGGTTCTGGGAGCGCTGACCGGTTACGGCTATCACAAGCTGATGTGCAGCGTCGGCTCGACGTGAATTAACCGAAAGATCCCGGCGGTGCCGGTGATCATCCTTGCCCTCGCCGGTCTCGGCCTCGCTTTCTACTCGCTGAAGTAGCGGCAGGGGCGAACGTACGTTCGCTCATCGGCGAGGACGCCGAAGAGGCGGAACACAATTGCCGGCAACTAAACGCACCGAGAATGTGTCTTCGGCTCGCGATACAATAGAGCTATGTCGCTCGTAATCCTAGA
NZ_CP007139.1_gap26	1149120	1152025	2905	CGGGACGGAAAACTTGATGGTTACGGCTATTTCGCGCGCCGAGATCAACATCAAAGTCTCCGTCGGCAAACTCCATCTCCCGGTCCCCGAGTCGGTGTTCTGGGATGAGCTTATCTCGCGGCTTCAGGCCACTCAACTATCGTTTGACACTGCTCACGCCGCGCGGTTGGCGAGCTTGCCTTTATATCACCGCGACCCTTTCGACCGAATGATCTTGGCTCAATGCCTGGTCGAGGACCTAGTTTTAGCGACGACCGACATCATGCTTGGAAGTTACGGCGTGACCGTGGTCAATTAGAGTTCTCTCTCGCCCGCGACCTGGAGGTGCACACTGGTCAGCGAGAGTACCATCGCCTCGATCGGCACAATCAAGTAACTTCACCGGCCTCGGAGCCTTCCATTTACCGCTATCATTGCGGCTGCTAGTACCTTACGCACCTATAGAGGGCGACTATGAATTACCAGAAGATGACTCCGGCGCTTAACGCCCTGATGCATGACTTTGAGCACCCCCGCGTCGGAGGATTATCGGCTTCGCTCCAGTCGTTCGGTATCGTGCAGACGGATGCGACGGCGGATCCGAGTGTCGTGGTGAAGGTGCGGATCGACGACAAGCCAGAGACGGTCGCGCGCCTTGCCAAGATAGGAGTGACCGTCAACGAGCCCACTCGGAGCGAAGCCGGACGCAAGAACGGATACGTGGCCCGCACCGCATACCTTCCGATCAGCGCTCTTGGGAGTCTTTCCGACGACCCTTCGGTGCGGAGAATCAGTCCGGGCCGGTATCTGAACCTCTTGTTGGATACGGCAGCGGTCGCCGTAAACCTTCCCGCCTACAAAGCCGCGACCGGCGACACCGGAAAGGGAGTCGTCGTCGGGATCGTGGACAGCGGCTTGGATTGCTCGCATCCCGCATTCGCAGGGCGCGTTCTCCGTGTTTGGGATCAAACGCTGGCCGGCGCAGGCGTCCCTGGTCGAAGCTACGGAACCGAGTTCGTGGCTCCGACCTTTACCGGCACGACCGATACCCACGGACACGGGACGCACGTCGCTGGAATCGCCGCGGGAAACGACGCGACTTATCAGGGGGTCGCCCATGAAGCGAACATCGTCTTTGTTAAGACCACGATGATGGACGCCCACATCGCAGACGGAGTCGAATACATCTTCGATGTCGCCGCCAGCCTCGGATTGCCTGCCGTCGTGAATCTGAGCCTCGGGGGTCACCACGACCCGCACGATGGGACGGACGACCTCTCGCATCGGATCGACCTTGTCTCAGGACCCCAACGCATCGTGGTGTGCGCGGCCGGCAACGAAGGGTCCCAGGATATTCATGCGCACACGAGTATCGCCCCCTCGGGCGCCGACACGATCAATTTCGGCGTCGCTAATCCGGCAATGATCCCCGTTCTCAACGGGTGGTATCCGGGAACGTTCGAACTCGAAATCGCGGTGGAATCGCCCTCGGGGCTGATGACGCCGTTTCAAGGCGTCATCCTCGCCGGTTCGCCGTCGAGGATTTATCCGCTCACGGATGGGACGATAAGAATGACGACGAACGGCCCCGACCCGGTCAGCGGAGACCACAACTTCTTCGTCGAGGTGCTCGGCGCGAGCCCGCTCGGTCAAGTCGCCGCCGGCGTGTGGAAGCTCCACGTGCGACGAGGACCCACGGCGGGGCCGGCGGGTGACCTTCACATTTGGAGCATGGAGGGGCACAACATCGGCCAAGTGCCTTTCGTATCGGGGAGCGGCGTTCCAGGACACAAGGTCGGTTCGCCGGGAGCCTCTGGTCAAGCGGTTACCGTCGCTTGCCTCTGTACAAAGAACAGTTGGACGGACGCCACGCCCGCGCCTCAATCGATTCCCTCTCTCACCGTGGGCGGCCTCGCGTTTTTCAGCAGCGATGGACCGCTTCGCAACGGCGCTCAAAAGCCCGATTTCACTGCGCCCGGGGCGGTGATCGCCTCCGCCATGTCTTCCGCTTCCTTGCCGCTACCGAAAAACCGGCTGCTCGGCGGGTTCACCATCATGATGGGAACCAGCATGGCGGCCCCGTTTGTGACCGGCCTGGTTGCGCTCCTCTTGCAGAAGGATCCCACGCTCGACCCGGCCGGGGTGAAGGCGAAGCTTAAGGCTCGCTCCGCAATCCCCGGCGGAGCTCCCGGCGCTTGGGACGCTCACTGGGGCTATGGGATAATCGACATGGCGACACCCTAGCGTCGAAGGATGAATGAACTACCGAAAGTTGGATGCCGCGCTCGCTAGCGTGGTGGACGATCTTTCCTATCCGGTCGAGGTTTCGGTTAGGACGCAACGCGCCCCCACTCAAACCGAGGCGACGGCATTGGCTCGCCTCGGCGTGGAGTTACCGAGCTTGGAACGGCCCGTCTTCACGGCAACCTTAAACCGGAAAGGGATCGGCTTTCTGTCGGAAGAGGACTGGGTCTTGAAAATTTCCCTTTGCCAGCCGCTGCAATACCTCAAGCCCGCCTAGGACGGTCTGCTAATTCTTTTGGTGTGAAGCGATGTTGACCGCCCTTGCCCTCACCGTTTTAGCGACGACCGACTTGGACTATCTGCACCAAGTCGCCCACGAAGTTGTCGACGCCAGCAAGGTCGTCGCGGGTGGCAGGATCGGCGATGCCAACCTAAACACCACCGGCTACACGGTGCGCGTTCCAGGCGGTACGCAGAGCTACTACCCGGCATTTTGGATGCGCGATGCCGCGATGATGCTGGGGGCAGACCTCGTTTCCGCGGACGAGGTCGAAGGGTGGATAAAGGTTATCGCCGCCGTTCAGCCCGGGCCGAGTGGACTCGACTTTCCACACGGATTGCACGTCCCCGCCTACAGCATTCCCGATCACATTACGCTTCAGGGGGAGGCGTGCTGGTACCC
NZ_CP007139.1_gap27	1204973	1207794	2821	CCAGGTCATCGTGGTTGGCGTGAATGAGCAGTACAATTCGTTCAGGAAACTTGATGAGCGCTGAGCGTGGATGTTCGCTGATCCCAAGTTTCGCCATTGTCGCTCGGAAGGCTCTGACCGTCTCTTGGTCTTCGGTCGAAAGCCAGACCTCAATGAACATGGGGTGAATCCCAGGCATCAGGTCGGGATCGTCGGTCCACAGGTCATTTAGAAAGGCGACGCGAATGTCATTGAGGTTGGTGACGAGACTCTCGTTCTTCGGTCGTCCGCTTCGCTTGTCGTCTTCAGATTCGTACGCCTTGATCTTGTTGAGGAAATAGGACCTTTTGCCTTTCGGCACGTAAGCCGTCGCGATCACCTGATCGCCGTCTCCGTCTTGGAAGGAACGAACGTTTAGAAGTCGAATACCCGAACCCCGACTTTCAAGGCTTTGCACAGGAAGACTGGCTGTTCCAACAAACTCGACGTACACTCCATCTCGGCTCGAATGGGCGACAGCAAGCCTTTCCCCTGCCATATCCCATGCGGAAGAGAACCTCGAACTCAGGAGTTGGGCGTGTTCAGCCCGCTCGCGCTTTACAATGTTCCGAGCAATAACAACCTTCCGGGGATTCGTGTATGAGACTTCGTCTGGATGCCCAGGAAGAATGATTAGAGGGAATTTGTTGATTCGGATCGCCTTTGACCTCCGTGTCCGTGGTGCCGCTCACTCATGGCCCGGTTCAAATCGATCGCAGAAACGTTCTTAAGATCACCAAGAACAGCTTCCTTGAGTGCGTCTCGACACGCCTCGACGACCTCGGCGCTACTGAGCCCCTTGCTCCCGTCAATCGCTGTTTTCCAGCCGAAACGAGACCCCCTGAAGGTGCCAAGCGTGTTCGCAATAAGGCGCTTACGTTCGTCGTCGCTCGGAAGCGCATAGGAAAGAATATCGTCAAACCGCCGGAATAGAGCGTGGTCAAGCAACTCAGGCGTGTTTGTCGAGGCGATGATGATGCTGTCCGAGGAGTCTCCCTCGATGAACTGAAGGAGGGCGGTTAGGACCCGGCGCATCTCCCCAACGTCGTTGTCTCGCGTCCTGCCGGCGGCGAGAGCGTCGAATTCATCAAACAGGTATACACCCTCCCTCTCGCGGATCATCTCAAACATCAGGCGGAGCCGAGCGCCTGTCTCTCCCATGAACTTCGTCACCAGTCGATCCGCTTGGACAGTGAACAATGGTAGCCGTAATTCGTGGGCCAGAACGCGAGCGGTCAGTGTCTTCCCTGTCCCAGGAGGGCCGGTAAGCAGAATCTTCCGTCGATGGGACAATCCATGGAGGCGAAGTTTGTCGCGCTGTCGATATTCGCTAATGACCCGGTGAATCCTATCCAACAAACTCGTAGGCAGCACGAGAGCGGACAAGGGTACACCAGGCAAATCAGCTTCGATCAGGGTGTCCAATTCGGTGGGTAGACCTTGGACCGTGCGACGTTTTTTCTCGGAGCGAGCACGATCAACCAGGTCGCGAATCTCGTGTGCGAGAGGTCCGTGCCCCTGCTTCGCCTCGTGCGCCGCGACCTGCAAGGCAAGCGTGAAGAAACGTTCCGAGTCGTCGCTTAGGTGCGACCTGATCAACGCCTTAATCTGCTCAGCGGTCGCCATTGTCTTCCCTCAGCTTACATGAGGAGACGTTGATTCGGCTCGCTTCGGAGCGGCTATCGCCGACACGAAACGCGGGAAGGTCCTCGATCTAAAAAACGCGCGGCTGACGACTCTTCATGATGGGACCAACTCGTTTGCATGTAGCCAACCACCTGGCAGCTCTGACGACCCCTTCAGCGATGCCGAAGTGTCAACCAACAAATTTGAACCCAAGAAGCGGCCGAGATTGTATTTGGTCGCTCAAATATCCGAGAGGCTAATTGAGGGTCGCAACGCGCTAGAGCCTCAGGCAGGCGGTTCCACATTCAGATTCCTGGATGCAATACGGAAATCGAACATGTGTCCCCCGTCCGTGTGAATGATAAGATGCGCCGTTCTCCACTCCATTTTGAGTTCAGGACCGACCCGTAATGTCCCCATCCGTTTCGCCAATTGAGCGCCCTTCGAGTGACCGTGGCCACATTGGGGCAGGAATCGAAAGCCGAGAAGATCTCGGGACCGCGACCCACGGTCGAGTCGAACAACCGAGCTGGCACAGTGTCCGAGGCTGAATGTTTCCACTCATGGTAATATAACCAACAATGGAAATGACGGGCGACAGCCGCTCCAAGATATCGCTGGTGACCCACCCGGTTCGGGCGAGGGTTCTGCTGACCTTGATGAGGCGCGAACTTACCACGCAGGAGATGGCGGATCTTTTGCCCGATGTTTCGAAGACGTCCCTCTACCGGCATATCCGCGAGCTCGCGGAGGCGGGGGTTATCAAGGTGGTCGGCGAGACGGCGATACGAGGAACCGTCGAGAAGCGGTTTGCGGTTCAGTCCAACGCCGTGACGTTTTCAAACGAGGACCTGCTCGACGCCGGGCACGAGGAGTACTTGCGGCTCATAAGCGGGCTGCTGGAAAGCGTCTTGGCCGTCGTTCAAGGCTATCTTGCGCGTAAGGAGCCCACGCTGGCGGAGGATACGCTGTTTCGGGTCAATGCGGCGAACCTCACCGACGAGGAGTTTTGGGCCCTTCGAAAGCAACTGACCGATCTGCTTTCCTCGGCTCGCGATAACCCAGCCGCACCGGGCAGGCGCAGGCGCGTGATCAGCCTGCTCGCGGTCCCCGATGAAGGCCCTGTCTCCAAAGAGGAGGCAGAAAAGTGAAGCTCATCGCGGCTCTTCTATTCTTG
NZ_CP007139.1_gap28	1215474	1218495	3021	CGACGGCGGTCACTCGCCACTCGGTGAGGTTGTCCGGCAACGGTACCGGAACCGTCGCTTCGCCTCGGGCGCCGGTCCAAACCGTTGGCAGCCACCCTGCGGTGTCCTTGAACTTGGTTCGAAGCGGAACCTTGGAACTCCCCTTATCCCCGCCGTCGAGGTAGATCTCGGGGAACGAGTACGACGTGACCACCCCCTCCGACCGGTCAGGGTAAAGCGCTTCCCGGATGTTCGTGGCATCTTGCGCGATCGCATAAATCCCTTCGTCCACCACCCCTAGCGAAACCTCGGCCGCCTTGGGTCGGCCCTGGCTATCGAACGTCCGAACCGTGACGCGGGCGGTATCCCCGGGCTTATACACATCCCGATCGCTCTTCACCTCCACCCGCAGGTCGTGATCGTTTCGCGCCACCTTCAAGCGCTTGTCGGCCTCCAAGAATTTTTTGTTCTTGATGTAGGCGACCGAGACCCACACGTTAGGCGCGTAGTCTTTGACGATCGGAACCGTGACGAGCGTGCTCGACGACGTGACTGGAATCACCTTGCGCCAGAGCACTCCTTGGCCCTGGACGCAAACCAGCGCCGATCCGCCGGGGAGATCCGTCTGAATCAAAACTCGGGCGTTCGACCCCGCCGAGTACTCGCGGTGGTCGAGAGTTACGGCAAGGCTCCCCTTCAGCCGCTCCGCCATTGCCGGCGACCCTTCCACGTAAGCCGAAGCCTCCGCCACCACTTCGCGCCCCGCCGCGTCTCGCGACGTAGCCCGGAAGGTCAGCGAATCCGCTTTGTCGACCGGAATTCGAAGGTGGGCTGTACCGTCCGCCCCCGTGGTCGCCTGAAGCTTCTCTCGCGGAACGAACACGGATTCATCCTTTGTCCAGACCTCGCGCCCCACTTCCACCGTCACCATATGGTTCGGCGATGGCAGATCACGCTTGACCGCGTCCGTCGTTTTCAGGAGGAGATCGACAGTCTCGCCGGGCTGAATGATCGGGTTCTGAACCTCCAAAGTGAGGTCGTGGTCCCCTCGGACGACGCGCACCTCGCCCTGGCCGTCGAAGTACTTGCCCCCTTCCTCCGTTACCGACGCGCTGACGTTATAAACGTAGTCGTTGGTGAAGAAGCTCGGGTCTCCCTCGACCCGGGTCGGGAATTCGATATGGGCGCGCCCACTGGCGTCGGTCACCGCATCGATTTGCTCGGAATACTCTCCCGCTCCGCTACTCGTGATCCCGGCTTCCTCCCCCTCTCCTTCGTATTGCCATGCCGGCGACCGAAAGACGCTAACCTTCACCTTCGCTCCGACCACGGGGCCGCCGTAGTAATAGCGGCACTCGATCGCCGCCGCCGCGGTGTCTCCCATCACGTAATACGACCGGTCCGAAGTGACTTCGACCGAATACTCCGGCTTTCGGTAAGCCACGACGTTGGCGTAGATCCCACTGCTTTCGGCGCCGAACGCCTTGCACTTGACATCGTAGCCTCCCGGTTTGCTTTCCGGACTGGTGGTGAACGACCCGTGGAAGGTGCCGTGCTCGGAGATCGGCAGCGACATCGTTTGAATCGGATTGCCGTCCGGATCCTGGATCGTCACCGAGGTTGTCCCGGCTCCGGGAAGGAGATACCCGTCCTTCGAAATCCTGCGGACGATCCCTTTGAACTGGATCTCGTCGCCCGGCCGATAGGCGGGGCGCTCGCAATAGCCGACGATGCGGACGTTCTCTTGGTTTGCGCGCTCGTCGAAGAACCCGACGAGGGCGATCGACTTCCCTTGCCGAGCGACCAGAACCGCTCGATTCTCCTTTCCGGGAGGGAGCGCGACTTCCGTGGACCCTTGCGCGTCCGTCTTCCCAAGGCTCTCGAGCGAGCTCTTTCCTTGCCCGAGGATCTCTACCCCGCTCGCCGGCTGGCCCGAAGCCAAACCGGTCGTATAACAGACGGCGCGGCCCCGGAACGACTTGGTGACGAGCGCTAGATTCGAAACGTTGATCGCGGTGCTCGCCCGCTTATCCCCCGCCGTGCAGGTGATGAAGTAGAAACCTTCCGCGAGCTTGCCGACGGTGAGAGGTTCGATAAATGCGCCTTCGGCGTCGCGCTTGACGATGCGATGCGAGAGGTCTGCGACCCGCTCGCCAGCTTCGTAGAGATGGCGAACGTCCCCCGCGTTCGGGCCGGCAAGGGGAGATAGCGTTTCCTGCAGTCCGCCTTTGGCCGCGATTTTCGCGACATCCAGACGGTAAACCGCGATTTTGACTTCGTCGGACCGGACGAACCCCTGGAGCTCGATCTTCGGCGTTTCGTCCGGGGTGAACACCCGCTGACTCGCGTAAAGGCTCAGGTGCGGATCGTTGGGCGTTGCTTCGAGCGAGAGCGTTTGGACCTTTCCCTCCTCAACCATCACCACTTGGCGCTTCAGGTGGTGCTCATTCGCGGAGATATCGAGGTTGTAAGGGCCGGCCGGCAGCGGCGGAAACGCGAAGGTACCGTCGGCTTTCGTCTCCACCCCTTTTGCGCGTGGCCGCTCCTCTTCGGGAGCCCCAATCAGGCTCAACGTAACCACCGCGTCGGCCAGCGGCTTGCCGTTTTCCTTCATCGTTAGGTGGCCGGAGACCCGGCCCACCGGGACCTCTTCCGTTACTCCGTAACTCAGCAGGACTCCGCAGAATAACGCGCCGATCAAAAGTCCAACCGCTCGTTTCATGACGCCACCTCCACTTTCGCCGGGCGAGATACGAGCGCCAGCAGTGCGGCGATCACCACCAATCCTCCGCCCGTGTAAGCGAACAGGTGCACCTTCTCATCGCGACTCAGATCGGCCGAATCGCGAAGCCATCCCAGGAGGGCGACCGTCGTCGCCGAGAGTCCTGCCGCCACCGCCAGCGGCATCAGGCTCCGCTCCCGGCGCAACGCCTGGCACAGACCGGAGAGACCAAGCCCGGCTACGAAGCCGACCGCGCCCTTACCACCCAGCATCACCACTACTAACGCCGGAAATCCGAGGGCCAATACGCTCCAGAGGAA
NZ_CP007139.1_gap29	1390526	1394963	4437	GGTCCAACCCGAAGAGCATCCGAGCGGTTTCGGTCCTTCCGGAGCCGAGTAGGCCCGCCAGCCCCACGGTTTCGCCGGCTCGGATGGCGAGGTCGACGGGGCCGACCCGCTTCTTGCGGAGCCCCTCCGCCTGCAGCAGGGGCGCGCCTTCGGTGGCATGGACGACGGATTGTTGCTCAGCGGCAAAAGCTCCGAGCTCCTTGCCGATCATTTTCGACACGAGCTCGACCCGGCTAAGCGAGGATGAAGGGTATTCGCCGACCAGCTTCCCGTTCCGGAGGACGGTGATCCGGTCCGCGACCGCATCGACCTGGTCGAGGAAGTGGGTGATAAAGACGATGCCGATCCCCCTCCCCTGCAATCGGCGCAGGACGACGAACAACCCCTCCACCTCCGCCTCGTCCAGGCTCGAGGTCGGCTCGTCTAGGACGAGAACGCGCACGTTGGTAGAGATCGCCCGGGCGATCGCCACGAGCTGCTGGATCGCAATGGAGTACGAGCCGAGTGGCATCCGCACGTCGATCTCCAAGTTGAGAACGGCCAACGCCTCTTCGGCTTGCCGGTTCAGCTTCTTCCAATCGATGCCACGCCAACTTTGAGGCATCCGCCCGAACATCACGTTTTCGGCGACGGATAGATTGGGAAGAAGGTTGACCTCCTGGTAGACGGAGGCAATGCCGAGCGCCTGGGCATCGAGCGGGGATCTGGGCCGGATCGCCTGGCCAGAGAGCCGGATCTCGCCCGAGTCCGGGGGAAGAACGCCCGTCATTACCTTGATGAGGGTGGACTTTCCCGCTCCGTTTTCACCGAGAAGGGCGTGGATTTCCCCGGTTCGAAGGTGGAAATCCACGTTATCGAGAGCTCGAAAGCTCCCAAACGCCTTCGAGATGCTGCGCATCTCGAGAAGCGTTTCTTCGGTCGGTTGGCTCATCGTTTCGATGGGCCTAATACTTCCGGGTCGGTAGCGCCTGGGCGGCGGTCGATTCGTCGAACTGCTGATCCTTGGAGACAATCCGCTTGGGAACGTCTTTCCCGGCAAGAATCTGCTCGGCGGCGTCGAACGCCCCCGGGCCGAGGAGCGGGTTGCACTCGACGCTGCAGTTCAGCTTTCCATCCTTGATCGCCTCCAGCGCTTGGTGGACGCCGTCGATGCTGACCAAAATGATGTCCTTGCCCGGCTTCTTGCCCGCCTCTTCGATGGCTTGTGCGGCGCCGAGCGCCATGTCGTCGTTATGCGCGTACACGGCCTGGATCGTGGGGTCGGCCTTGAGGAACGCCTCCATGACCTCCTTCCCCTTGGCGATCGTGAAGTCGCCGGTTTGCGACCTGGTCACCTTCATGTCCGGGAACTTGGCGAGGACCTCCGCGAACCCTTGCTTCCGGTCGTTGGCCGGAGCGGAGCCGACGGTGCCCTGAAGCTCCACGATGTTCCCCTTTCCGTTCATCCGCTTCGCGAGCCAGTTGGCGGCCATGCGCCCTTCCTCCACGAAGTCGGAGGTTAGCAGCGTCTTGTAAAGCGAGTCGTCCGAGACCTTGATTCCTCGGTCGAGCAAGATGACCGGGATGTTTACCCGCTTCGCTTCGCGAAGGACCGGCTCCCAACCGGTCTCCACCTTGGGAGCGAGGAAGATAACGTCCACTTTTTGGGCAATGAAGCTGCGGACGGCCTGAATTTGAAGCTCCTGCTTCTGCTGGCCGTCCGCGAACTTGAGCGTTACGCCCCGTTTCTGCGCCTCGTCCTGGACCGACTTCGTCTCGGCGGTGCGCCAAGCGCTCTCCGCTCCGATTTGGGAGAAACCGACCGTGTACTTCTTCGGCGCGGCGCCCGTCTTGGTCTCCGGGGCCGGAGAGTTGGAGGAGGTCGTACTTCCCGAATCGCCGCAACCGACGAGAGAAAGGAGTGCCCCCGCGCAGGCGAGGAGGGATAGAACGGCGGCGTTGCGCTTCATCGTGATCATTCTTTACCTAACGCGGCGCGGTTGGCACCGGGTCAGCGGTTGGCGGCTTGCAGTTGACGGATTTGTGACGTCGAATCCGGGTTATTTCTTGGCCGGTTGGCCGGAAGCGGGAGCGCCGATAGGGCCTCCCGTCTGGGGCATGCGATAGCCGGCGGGCGGCACGTACGCGTGCGGCTTAATCGGTGGGCCGGCGCTGAGGCTGGACCCAAATAGGGTCCAGCCGATCACCGCGATGATCGCTACGACGACCACCGCCGCAATCGCGATCGAGCCCGGGCTCAGCTCTTTCTTCATCGTCTACTTGGTACCGTCCCACCAGGTGCCCCAGAAGTTTAGGACTCGTGGGGTCAGATAGTGCGCCGACCACTCGTTGTTCGGAGTGTAATCTCCCTTGCTCGACTTGCCGGACCACCAAGCGAACGTCTGGGCATCGCAGTCGTTCGCCGGAGGCGAGTAGATCATTCCCTTCGCCGCCACCGCATGGCCATCCATGATCGCGCTCGGCAACATGTTGTTGTGATACGACGCCGCCGCGTATCCGGGGCTCTGAGGGTCTTCCCACCGCCCCTGGATCTTGTTGTAGCAAGAGGGCTGGGTTTCGGTGAACGCGAAGCAACCTTGCGGGTCGCTGGTTCGGCAAGCGGCCATCATCATCAGCTCGGCGGGATGCTCTTGGGAGCTAATGACCCGCGGCTTGTATCCCTGGCTCGGCATCATCATGCCTCCGTTCGAAAAGCCGAGGGTTCCACTGGCCGTCCAGTCTCCCCAGTAGCCGTCCTTCATTGGGCGGCCACCCTGGAAATTTGGAATCGGGTTCGAAGCATCCCACACCGTGTCCAGGTTCTTGATGTACGGATAGAGCTTCTGGATCGCAAATCCGCCATCCGGTCCGGTCCACGGACCGCCTAGCCAGACCAGGACGAGCGTGTCGTCGAAGTCGTTGGCGTACATGACGTTCGCAAGGGCGTCTTGCTTGAGGTTGGAGAGGGTGGCCGTTCGTTTGGCGGCCTGCTTGGCTTGAGCGAAGACGGGGAACAAGATGGCAGCGAGAATCGCGATGATGGCGATCACGACGAGAAGTTCAATAAGAGTAAAAGCGCGGCGGGCGGTTCCGACGCGAATAGAAAATGCGCTGTGCGACATTGCAAGTTTCTCCTTGGTGCAACGGGTGCAGCCCCGAATAGCTTTAATATACGACATTTTTAGACTTATTAAAGAAATGATTGAAGATTAAGTGCTTAGCTTTATTTACCGATAAATTAGGTGATACTGTTAATGGGCTCGCCCCGGTTCGCAATATGGAAGAGAGGCCTCAATCGGATCTTGGACTCGGCGTCCAGCAAAACCCACCGCGCCCGGCCACCCTCAAGCGGATCAACATGCGCCGCTTCCTCGAAGAGATTCGAACCCGAGGACCAAGCACCCGAGCCGAATTGACCCGCGCCACGGGCGTGGCGCCTCCGACCAGTTCCAGCACGATCGCAGACTTACTAGAAACCGGTTGGCTGGAGCAGTCCGACGACGATCGCGCAACCGCTAAGGGGCGTCCGGGAAAGGTCTTTCGCCTCGCCTCATCCTCGACCGCGATGGTGCTAGGGGTGCGCATCGACATCGACGAGTGCGTGATCGCCCCTTCCGGGCTTGACGGAATCCCACGTGATGCCGAGGCAAAACGGTTCCCCACCCCCAAGGATTACGACGGCTTGCTTCAGGCGATCTTTCGGCACGCAGACGCCTATCTCAAGCCGGGAAAGGGGCGATGCCTCGGCCTCGGACTCGCGGTTCCCGGCTTGGTCGATGAGGGCTCCGGACGAGTGGCGATGTCTCCAAACCTCCATTTCTTGGACGGCCAACCGTTGTGCACGGACCTACAAAGGCGGTTGGAGATCGAGGTGGTCTGCACCCAAGAGGAGCATGCGCTTTGCCTGGCCGAGCAGCGGCTGGGGCGGGCGAAGGAGCTATCCGACTATGCGGTGGTCGACGTCAGCTCCGGTATGGGAATGGGGGTGGTTAGCGGAGGAAGCTACATCCACGGCCGGCGAGGGTTTGCGGGAGAGATCGGCCACGTCACCGCCGAGCCCAACGGCCAGCTTTGCGGCTGTGGAAATCGTGGCTGCATGGAGACGGTGGCGACCGACACCGCTCTGCTAAACGCCGTCTGCGCGCGGGTCGGCCAGCGGCTCTCGTTCGAAGAGATGACGAACCGGATCGCCCGCGGGAACCTAGATATCGCTCCGGAGTTGGACCGCACGCTCGATTACGTGGCGATCGCGCTTTCCTCTGTAACGAACCTTTTTAACCCCGAAGCGATCTTCCTCCACGGCCGCCTTCTCGACCTCGCGCCCGACACGATGGATCGCCTGCGGGTAAAAACCCGCGCCCGAGCCCTCGGCCCTTCCTTCGAAGGGGTGCAGTTGCACCGCGCGCAAGGGAACAAGCTGTACGGAGCGCTTGCCGGTCTGCTGGACCAAGTTTTCGC
NZ_CP007139.1_gap30	1431275	1435442	4167	CGTCCGGGGTGATCGCCATGGTCCCGCCATCTTTCAGCGCCCTGATCGCCTCCACCGCCGCCCGCACGCCGCCGCGCCCGGTGCTGCCACGAATGATCTGGAATCCCAGCTTTCGAAAGATCCGGGTCTGCATCTCGCCGTCGTTGCTCTGCGAGATGATTACCCACCAGCCCCGTCCGCGATACCGGTTGGCGAAGAGCAGAGACCGGCCGTGCCAGCCGCAGAAGATCGTTCGAGCTTCGTCTTCGGGCTCGTCGATCAGTCGCATCCGGATCGTAGCGCCGAGAAATCGGAGGATGCCGTAGAGCACCCCGCTGATCAGCCTCGGACGCACGGCGCGCCAGCCGTACTTCAGCCGATCCATCCACGCTTCCTTGCCAATTCGGCTGCTGGGTGCATTGGGTATTCGGAGCTTAGCTCGCCAAGGAGCTCTTCGGCACGGACGGGGCTCTCGTCCCGCTCGAGAGTCGCTAGCGACAAGATCGCATCGGGCCGTTGCGGCTCCGATCGCTCGCCCTCGACGACGCTTCGCAGCAACGCTTTTGCGATCGCCGGCGATGAAAGGCGTATCCGGTCGGCAAGCTGCAGGCGGCGAAGGGTCGGAAGTCGCGTTACTCGCCCGGCTTGGCAAAGCCGCCGCAAGACCTCTGGAACCTCTTCCTCGCTTTCGATCTCCAAAAGGCGCAGAAGGACGTCGGCCTCCGCCTCCCCTTCGCCAAGCAACCGCTGGGCGTTTGCCAACTCCCAAAGCGCCTTAAGATCGCGCGGGTGCTTTTCCAGGTGGCGGGTCGCCGCCGTAACGACCGCTCCCGGCCCACGGTCGTTCATCTGCTCCAAAACTTCGTGGCCGAGCCGGATCTGTCCCAGGTCGGGCGCTCGAAAAAGCAGGCTGAGCAGAACGCCGCCCGCGAAGCCGCCCAGGTGAGCCCAGTAGGAGGTTCCCCCCTCTGTCTGCCCTACTCGGACGAACGCGCCCACTACCTGTAAGATCACCCAGATTCCGGTCACCGCCGCCACGCTCAGCGCGCGATGCGGGGCAAATGCGACTTTGAGTCCGGTGTAGCGAACCGAGTAGTACGCGGCGCACCCGGCGATCGCGCCGCTCGCTCCGACGAGCGAAGCCGGACTTTGGGTTCCACGGGTCACCAGATAGTGCACGGCCACTCCGCAAAGTCCGGCAAAAAAATAGACCAGAGCAAAGCGCAACGACCCGGTAGCCAGTTCGACCGCCGCGCCGACCGCGGCCAGAAAGACCATGTTGCCGAGCAGGTGAAAGAGGTTCGCGTGGAGAAAAAGCCCGGTTACGGCGGAGGACAGGCGAGGGCGCGCGGGATTGAACCCTAGCTCCTCGGCGAGGCTAGGGGAAATGATCAGGGCGAACGCCGCAACGAGGTTCGCCCCAATCAGGATCAGCGTCACGATCGGGACGCGTCGCTCGATCACGCCTCCAGTGCTTCGTCGTCGATATCGACGTTGACGTAAGTTTCCTGAACGTCGTCCAAGTCGTCGAGGGCGTCGAGCAACTTAAGCAGCTTGATCTGGTCGGCTTCGGAAAGAGTTGCCTTGTTCGTAGGTATGTAGGTCAGGTTCACGTCCTGGGGCTTGAACCCGGCTTTCTCCATCGCCTCATTCACTTTGTGGAGCTCTTCCATCGCTGTGTAGACAGTAAAGCTCTCCTCGTCTACGACCACGTCTTCGGCTCCGGCTTCGAGAGCGGCCAACGTAAACTCGTCTTCGTCGAGGCTCCCGCGTTCGACGACGATCTGGCCGAGGTGCTTGAATTGCCAGCTCACCGAGCCGTTCTCGGCCATATTGCCGCCGTGCTTGGCGAACGCGTGCCGCACTTCGCTCACGGTGCGGTTTCGGTTCTCGCTGTAGCACTCGAGCATGATCGCGGCGCCGCTTGGCCCGTATCCCTCGTATACGATCTCTTCGTAATCGGCCCCTTCGATCTCACCGGTGCCGCGAGCGATCGCGCGCTTGATGTTGTCGACGGGCATCGAGTTCACTCGCGCCTTTTCTACCGCCACGCGAAGGCGTGGGTTCATGGAAACATCTCCGCCGCCCATCTTCGCCGCGACGATGATCTCTTTGCTCATCTTCGTGAACATCTTTCCGCGGATCGCATCTTGCTTTCCCTTGCGGATCTTGATGTTCTTCCATTTGGAATGGCCAGCCATATTCCCGAGATTGTACCGGGAGCATTGAGCATCCATAGGCTGGGACGCCGACACGGCTTAGAGCCGGGCGATCCAGGCTTTGAGCACGTTGAGTTCGGCCGGGCCGAATCCATGGCCGCCGGGGTGCCAGTGGAGTTCCAAGGCCGCGCCGGCGGTCTCGAACATCGTAGCCAAAGCGAGCGCGTTCATCCGAGGGACCATTGGGTCGCGCTCGCCGCAGATCATCAGGATCGGCTTGCCGCCGAGATCGGGCAGGGTGTCGGGCTGCAATGGCACCATCGGGGCCAGCAGAGCGGCGGCGTCGAACGCCTCGGGGCGAAGCAGCAGCGTCGCGGCGGCGATGTTCGCTCCGTTGGAAAAGCCGACCGCAACCCGCTTCTTTTCGGGAAGCTTCTCCATCACGTAGTCCGCCAATTCTTCTGTCCGCATGCGCAGGTTCGGCTCGTCGAAGACTCCCTCGCCGAACCGGCGGAACCAGCGATTGACGCGCCCCTCCGGCTCTTTCCCCCTCAAGGAGAGGAAGCCAGTGCGCCGGGAGAGCTCCTTGCCGAACTGGAGCATCTCAATTTCGTCGCCCCCGGTGCCGTGCAGCATCACGAGCGTGGGATCGCCCGGCTCTTCGAGGTGAATGAAATCGCTCACCATATCTTCAACGGTGGGAGCGACCTTTCTATTTGCCGGCGGTGGTTGGCGAACTGGCTCGGGAGCCGCAAACCACCGCCCAGGTCTTCGAGCGTCTCGTCTGTTGTGAATCCGGGGCCGTCGGTGGCGATCTCCAAGAGCACCCCGCCCGGCTCGCGGAAGTAAATCGACCGGAAATAATCTCGGTCCATCACCGGGCTCACCTGAAAGCCGGCGGCCGTCAATTCGGCCTTCGCGGCGAGCTGTTCCGCATCGTCGGCGATCCGAAACGCCACGTGATGGACGCTGCCATGGCCAGGGCGACCGACCGGCCCCTCGGCATCGACCACTACCTCGATCGACTTTCCGGGGCCACCCTCGGCAACCTCGTATCGATGACGGTTTTCCCGCTCATCCGCAAGGCGAAACCCAAGAAGCCCGGTGAGAAGCTCGGCCGTCGGCTCCAACTGGCGCACAACCATCGTGACCGAACGAACCACGGAAATGGCGAACTCGGGCAGAACGTCGGTATCGTCCCACTCAACTCCGGGAACATGGTCGCTAGCCGCAACTAGCTCGAGCGGCAAGCCATCCGGCGCGCGAAAGGGGAGAACATGGCCGGAGCCACGGTGAGCAACCCGGTCGAAATCGACCTCGAATTCCTTGAACCGGTCTGCCCAATAGGTCAGCGACCCGTGCGGAACCGACAGCGACGTCACCGTAACCTGACCGCTTCCCGGACGCCCCGGATATCCGTTGGGATAAGGAAAGAAGGTCACGATGGAACCGGGCGACCCTGCCCCATCCCCGTAATAAAGGTGATAGGCGGTGGGATCGTCGAAGTTGACAGTCAGCTTGACCAACCGAAAGCCCAATACCCCCGAATAAAAATCGAAGTTCTCCTGCGCCGGACCGGAGATGGCGCTCATATGGTGGATACCAAGGATACGGGCGGGCATAAAGCTTGGCACCTATGATGCAACATCCAAGCGCGTAAAAGACCGCCCTTCGGTGCTTATCCGCGGGAGTAGGCACTCAGTCCGCAACAGCTCAATGCATCGAGACCGCGGGCATCCGCAACGAAACCATGCGAGCGCATGAATCGGCACAGGTGCGGCATTGTTCCGCACACGCCAGCATCCAAGCGTCGCCGTTCGCGCCAGCCTCGCAGTCCGTCGCGCACTCGCGGCAAACCGCCGCGCAAGCTCCGCAGGTAAGCGTGTGGCGAGGACTTTCGCGCAGCATAAACGAGAGCGCGGTGGCGCAGATATGGGCGCAATCTTGAAGGAGTCCGATGTGCTCCTTCGACGAGTGCGATCCACCAAGGTGCAGACAGTGCGGAATCAGAGAAGCGCAGGCAGCATGG
NZ_CP007139.1_gap31	1439649	1444324	4675	AACGACATCTGGAGTTCTTGCGCCGCGGACGGCTTGCGCCGAGTTTCCCCGATGTCGCCATCGGCAAGCGGGCGATCGACTTCTTCCGCGACGCGAAGGCGCGCTCCAAGGACCTGATGACTTGGGTCGGCGAACTCTATCTAGAGCTTCACCGAGGCACCTACACCAGCCAAGCCGCCAATAAGCGAGACAACCGCAAGTGCGAGTTCCTACTGCGCGACGCCGAGCTGCTCGCCTGTTTCGATCCCGGCTTTCCTGCAACCTATCCGCAAGGCGAATTGGAAGAGGCATGGAAGCTGGTGCTTCTTAATCAGTTCCACGACATCATTCCGGGCTCCTCCGTTCGCGAGGTTTACGTCGACAGCGACCGGGAGTACCGCAAGGTCATCGAAGCGGGCGACCGGATCGTGGAGGAGCGGCTAACGCAGATCGCGGGCGCCTTCGACACCAGCGGAATGACTCGCCCGGTGGCGCTTTTCCAAAACGCCTCGATGGTCGGTCAAGCCTCGATCCCTTGGATCGAAGACGCAGCGCCGACCGCCTTGGTAACGACCGAAGAGAACGCTCCGGTTCAGCTCGTCGAAGAATTCGGCGAACGAAAGCTGATCTTCGCGACCCCGGCGGCCGCCCTCGGCGCCGTCACCGTCGCTGACCTCTCGGACGCCGCGCCCACGGTCAAAACTCGGCTCAAAGCGAGCAACCGGCGAATCGAAAACGGCGAGATCGCGGTGCGGTTCGACCCCCACGGGAACCTCACTTCGATCCAGAGCCTCGAAGACAGCACCGAGTTTTTGGAGCCGGGGCGCCTCGGCAACGTCTTCCAACTCTTTGAAGACAAGCCGCTCTTCTGGTCGGCCTGGGACATCGACGTTTACGCCTACGAAACGGGCCAGGAGCTGCTGCGAAGCGAGAGCTTCGAGATCGTGGAGCGCGGTCCGGTACGCGTCGCCGCCGAGATCGTCAAGCGATTCGGCAAGTCGACGATCCGCCAACGAATCTCGCTTGGCCCTACGCCGGGCATCCGGTTCGACACCGAAATCGACTGGCAGGAGGAGGACAAGCTCCTCAAGGTGGCGTTCCCGGTCAATGTGAACTCCGGCCGCGCGACGTACGAGATCCAGTTCGGCAACGTCGAGCGCGCCACCCACTACAACACGTCGTGGGACATGGCCAAGTTCGAAGTCTGCGCTCAGAAGTGGGCCGACCTTAGCGAAGGGGACCAAGGCGTCGCCTTGATCAACGACGGTAAGTACGGTTACGACATCCACGGCAACGTGATGCGGCTGACCCTGCTCCGCGCGCCGAAGGCGCCGGACCCGACTTGTGACATGGGCCGCCACCGGTTCAGCTACTCGCTAGTTCCCCATTACGGACCGTACAACTACGCCGGCATCGTTCAGGCCGCCTACGCGTTCAACGCCCCTCTCCGCACCGCTTGGCTTCAACCGCAAGTCGGAGAGGCGGGGACGCTGCCCGCATTCGTCGCTTGCGAGGACCGAAACATCGTAATCGAGGCGGTGAAGAAGGCGGAGGACTCCGACGCCCTCATCGTCCGTCTGTACGAGTGCCACAACGCCCGCGGCCGGGCCGAGCTCGCCTGCGCGAGGCCGTTCGCGACCGCGATGCTGTGCGACCTCGAAGAAAACGAGATCGCCGAAATGGAAGTCCAAGACGGCCTCGTCGAGTTCGACTACAAACCGTTCGAAATCCTAACGATCAAACTCAAGTCGTAAGTGGCGCCGGCTTCCAGCCGGTAGCCCAAGTTCCGCCTTCCGCCAATGATTGGTCGGTCCGCGAACATTTGGGCTACCGGCTGGAAGCCGGCGCCACATATACTGGTCATCCAAATGACCGTTCGTCTGGCGATCGCGATCCTGGCCGGCTTGACCGTTGTCGGCTGTCGGACGAATGCGGGTTGCCCGCCGGATAAGGCGTGCCTGCGATACATGGCCTGGGGAAACCCGGAGCAGCTTGCGGCCGAGCAGAACGTAGTCGACAAGTTCAACCGGCAGAACCCGGACCTGTTCGTCTCGCTCTTCACCGTGCCCAGCAGCAGCTACCAGCAGAAGGCGGTTCTAATGCTCGCTTCTCGCACGGCGCCGGACGTCATGCGGATCGACCACTACAACTACCCGATGATGCAGCCGAAGGGGTACTTCCGCGACCTCACGGACTTCGCGAAGAACGACCCTACCTTTCACGAGAGCGACTACTTTCCAACCGCCATCGCCGAGTGCAAGATCGGCAACCGTCTCTATGGGCTTAGCACCCTGTACGGGGGGATCATCCTGTACTACAACAAGACCCTCATGCGCCAGGCCGGCCTCGAGGACCCGTACGAGGTGTACAAGCGGGGGGACTGGACCTGGAACCGGATGCGGGAGTACGCGAAGAAGCTCACCCACTTCGAGAACGGACGCGCCAAGACGTTCGGACTCAACGTTCCCAGCTTTCCCGCCAACGCGGTCGCCATCTGGAATATGGGCGGCGATTTTCTGTCGCCGGACATGAAACACTGCGTGGTTGACAGCGAAGGGACGGTCCGCGGCTATCAGTTTCTAGCCGACTTAATTTGGAAAGACCACGTGGCCCCCTCCCCGTCTCAAGCCGCGAACTCGGCATTCGCGTTCGAGAGCGGAAAGGTCGGGATGACGTTCGATTTTATGGGGATGGTGCCCAGCTACCGCCAGAAAGCTAAGGATTTCGAGTGGGATGTCTGTCCGCCTCCCCGGGGCGACGGTCCGCTCGTCGACGTGGTCAAGGGGAACCAGCTCATCATGTCGGCCAATTGTCCCAACCCGAAGGCCGCGTGGCGGTTCATGCGCTTCTACACCGGGGTCGAAGCGGAGACGGAGTTGTACGCGAAGATCCGACGATGTTTTCCCACCCGGATCGCGGTGGCCAAGTCGCCGATCTACCTCGATGGCTCGCTCCCTCCCGCCCACCCGATCGCCTTCGTCCAGGCCGCCGAGGCGGGCCGTATCTTGCCGATTAACTCCCGTTGGGGGGAATGGACCCAACTTCTGAACGCCGAGACCGATAACCTGATGGCCGGCCGGGAGCGAGATGCCCGCGCGGTCTTGCGCCGAGCGAAAGAAAAGATCGACGCCGTCTTGGCGGAGGATCCCGGCTATTGAAGGCGCTGACTCGAAAGCCGGCGTTCTGGGGATTCCTCTTCATCACGCCTTGGCTGCTCGGTTTCCTCCTCTTCACGGCGGGTCCGATGGTGACGTCGCTCTGGCTTTCGCTTCATAAATACGACCTCGCGACGAGCCAATACGTTGGAGGCGAGAATTACCGACGGCTCCTGTTCGTCGATCCGATCTTCTGGAAGTCGGTCCGGATCACCGTCACCTACGCCCTCTTCTCCGTTCCGCTGGGCATCGCGGCATCGCTGGGGCTGGCGATGCTTTTGAATCAGAAGGTGCGCGGCCTAAACGTCTACCGCACCCTGTTCTATCTCCCGTCCATCGTGCCCGCGGTCGCCTCCGCGATCCTTTGGCAGTGGGTGTTCAATGCCGAAAACGGAATCTTGAATCTCCTCCTGGGCATCTTTGGATATGCCGGACCCCAGTGGCTGCAAGACGAGCGGTACACCCTGACTGCGTTCATCCTCATGGGGCTTTGGGGGGCCGGCGGCGCGCGGATGATCATCTTCCTCGCGGGACTCCAAGGGATCTCGGACGCGTACTACGAGGCCGCCAGTCTCGACGGTGCGACCGCCTGGCAACGATTCCGCCACGTCACCCTGCCGCTCTTATCGCCGGTGATGTTCTTCAACGTGATTCTGGGGAGCATCGGCGCTTTCCAGATATTCACTTCGGCGTACGTGATGACCAACGGGGGACCGAATAACGCGAGCATGTTCTACGCGCTTTACATCTTCCGAAACGCCTTCGAGTACTTCAAGTTCGGCAAGGCGAGCGCCATGGCATGGCTGCTTTTCCTGCTTCTCGTAGTTATCTCCGCCGTCCAGTTCGGCCTCTCCAAGCGGTGGGTTCACTACGAAGGGGAAGCCAAATGAAAGCGAGGATGTCGCTGGTCTATTTCTTGCTGGTCCTGGGCGCCGGCGTCTTCGTTATCCCGTTCCTCTGGACCGTCTCGACGGCGTTGAAGACCAGCCAGGAGATCGCCAAAGATCCGGTGCATCTCATTCCGGCCAAGCCGACGCTCGAGAATTTTCCCGGCGCTTGGCACGCGCTCCCTTTCACCACGTTCATTGGCAACACGGTGTTTGTAACGCTGCTGGCAACCCTCGGCACCGTGCTTTCGGCGGCTTTGGTGGCGTATGGCTTTGCCCGGTTTAAGTTCAAGGGGCGAAACGCCCTCTTCTACACGATGCTCGGGACGATGATGTTGCCGAGCCAGGTCACGATGATTCCCGTCTTCTTGATCTGGCGTCAGCTTCACGCGATCGACACGTTCATCCCGTTGATCCTTCCCGCCTTCTTCGGAGGAGGCCCGTTCAACATTTTTCTCCTGCGCCAATTTTTCCTCACGATTCCGCACGAGCTGGACGAGGCGATGCTGATCGACGGGGCAAGCTACCCACAGATTTGGTGGCGGCTCATCTTGCCCCTGAGCCAGCCCGCGATCGCCGCCGTCGTCGTTTTCTCCTTCATAGGAAACTGGGACAACTTCGAAGGCCCGCTGATTTATCTCAACTCGCCCGAGA
NZ_CP007139.1_gap32	1472134	1473049	915	CCAGCCGATGAGGCCGAACAAGGCCCCGCGAGCGATGAGGCCGATGCCGCCCGTCCAACGGGCGAGCGAGAACTGATCTTCGGACATTTCCTCTCGTTTCAGGGCCTTTAAGAACTTGCCGCCGAGTCCGTTCGCGATTTGAACGAACGCGCCGACGACGAAGCCCGCCGCGAGCGCCATGCCTAACTGAGCGCCGAACGGCAGTCCGAAAAGCCTCGCCGCGCTTTGCTGAGGCTGAGACCGGGCCTCATCGCCGGTGAAGGCCACCGAAAGCGCCGCGTAGCCGAAACCTCCATAAGCAAGGGCGGAGATCACGTATCCGATCCGCTTGAGCGTGCCCTTCCCTTCCGGATCTCCGGCCGCCTCTACCAGACGCCAGACGGCATATCCTGCCAGGCCCACGCCAAGGCCAATCAGCAAGACGTTGCCGAACGGCAAGTCGCGAATACTATTGATCGCCCCGGCCTGGTTGGTTTTCTTACCCCCGTAGCCGATCGCCGCCATAAAGGCGAACGCGCCGATAAGAAGGTAAATCACACCCTTCGCCACGTACCCCAATCTAGCCAGCCGCTGAAGCCAAGGCTCCACTTCGACCGCCGCCTGATGAACCGATGTCGGTGCCGCCATTAATAGTCAAACTCTCCTGGCGGTTTCGACTATTGCGACCAATCGGCGGTTCGCCCCGGCCCCAAGAGCCGTTACTGCGAAGCCTTGGCCGGCACGACGGCGAATCTCGCTTCGCCATCTGCCGAACCTATCCATGTCCGGGAGTATCGCCTCTTGGCCTCCGGCTCGAACTTGGGGTTTGGCTCCCCTGACCAAGATTTCGCGGCCCCGCGATGGAATGCAAAATGTGCCTTAAAGGTGTAGGCGCCACCCGGCAGCGGCCTCTTGACAAGCCTCGAGGCCTCGGAT
NZ_CP007139.1_gap33	1498120	1500420	2300	CCGATTGAAAATACGTGGCCGAAGAATGGCGATTAACCTCATGCTCTAAGAGGGACATGTCCCCCATTAGGCGGAGATTCAGGTTCAAACGAGGGTCGGACGCAAAGAAAAGCGGCCCGGTCCTCGATGGGGACCGGGCCGCTTTTCCTAAATTCTGTTTAGTCTTAGCTACGCCCAGTCCCTGAAGTATCACTCTCAACGGACACCGCGAAGCGATCGCGACTCAAGAAAAGAGCGATGGGAGCTAACGCAGCCGAGGTGACAGTGACCGGGTTCATGGGTAAATTTTCCTTAACGTCGACATTATGACCAAGAAAAACCATCTTGTCAACAGAAAGTGCGATTTCTTGAAATTCCTTAGTCGATAAACCCTATCAAGGTAGGCGGTAAACCTTACTTAGACGCTTCGCAAACTCGTTCTCCGGACCGAGTTTCTTTCCTTTGAACTTCGGATCCGGATGCGCATCGAAAAGCTGATGATACGAGTAAACCGTCGACCCCTGGGTTCCCGCTAAAGCGAGCCCAAGCGCCTTTTCGAAATCCGCAGGCTGAGGCGTCACGACGACCGTCGACCCGGCCAAAAACGGAGTCACTTCGACGTGAGCATGGAGGATGGGCTTACCCGTGGGAAAGATGCCGGCAAACCCCTTGACCGCGTTATCCGTCCACTGCGGGGTGAATACGCCGCTCTTCCCCAGTAGCCGCGCGTTCTGCTCCCGCTGCTGCCAGATCGCCCCTTGAATCATGCGGTCGTATCCGAGAGAGGCGATCCCCTTAAAATCGAAGCCGCACTCGTCGGCATACGTGTCGGGGTTCATGAGGTTCAAGCTGTCGAACCGCTCCGTCACGAGATCGTGGATCGCGTACGACTGGCCCTGCGGCAGCCGTTGCGATGCGTGAAGAAGGATCTCGTGGAGCCCCGTCATCCCTTCGGCCCGGTGACGCTTCCATAGCAGATCTCCTTCTGGCGCACCCGGGTGCTTTCGGTTGAAGTCGGCGAGAGCGGCGGCGTTGTAGTCCGGCGCCACGTCCCCATGCTCCATCCCTTCCGCCACCGTTCCCTCACACGCTTCCAGCCCGTCGAGGTCGCGGCATAGCGTGACCACGTCGTGCATCAGCGATGAGAACCATGCGCGGTAGCCAGGGTGCCATGCAGAAAGCGGATGCCCCTTGATTCCGCCAAGGTCGACTTCGTACGGTTGACCGTTCTTTCGCAATACCCGCCAGTCCGGGTGGGCGGTGGCGATCCGTTCGTATTGGTTCAACCGGAAAGACGCCACCACTTTGATCCCTTGAGCATGGGCCGCCGCGATCAGCTTCGGGAGGAAGTTCTTCTCCTTGCTGGCGGCCAGATCCTGCTGCCGCCATGCCCCGGGCAACTCGGTAAAGTAAAACGCGCCGAAAACAGGGGAAAACGCAAAGACAAAGATCGTGTCGACTCCCCACCGCTTGCAATCCGCCACGATGCGCGGAACCGAGACCGCCGGGTCAAGCATCTCAAGCGGTAAGAAGCCGGGGTCGACCCGGAGCCCTTTCATCTTCATTGTGCCGAAAGTATAGGAGTCCTAACGTGCATCCCGCCCTAGCAGCAATACGAGAGATTACTTTTGGCACTCCCTTCCAAGGCGATCTTTACGTCGTGGGGGGTGCCGTCCGAGACGAGCTGCTTGGAATCATCCACGGAGCCGACTTCGACCTCGTGACCCGAAGCGATTCGGCCGAGCTTGCCCGGCTACTCTTCGATCGAGGCGTGTCGGAGATCGCCCCTGTCACCTACGAGAGGTTCGGAACTGCGATGGTTCGAGTCCAAGGAGTCGACATCGAGATCGTCACGGCTCGCCGCGAAAGCTACGACGAGAACTCGCGCAAGCCGCACGTGGAACCCGCGACGTACGAGGAAGATGCCTCCCGCCGCGACTTCACCGTGAACACTCTCATGCGATCGATCGACGATTGGGAGCTGCGCGATCCGCTCGGCATCGGCATCGCCGACCTCCAAGCCAAGGTCCTAAGAACCCCGCTCGCGCCCGAGGCGACCTTCCACGACGATCCTCTGCGCATGCTGCGCGCGGTCCGCTTTCGGTGGAAGCTCGGCTTCCAGCCCGCACCCGGACTGTATGAAGCGATCCGGCAGACTCGAGACCGCCTTCGAATCATCTCCGCGGAGCGGATCCGCGACGAGCTCATAAAGATGCTCGCCCTGCCAACCGGTCCCGACTGCCTGGACGACCTCCGCGAGCTCGGACTTCTCGAAATCTTCGCCCCGGAGCTGTTGCCAATGGTCGGCTGCGAGCAAGGAA
NZ_CP007139.1_gap34	1537610	1539283	1673	AGCAGCAAAACCAGACGGTTGTCGACGGCAAGCACAGTCGGCTGGGCGCCAGCCGTTCGGGGAAGCAGGTTCGGCTCGTGGAGAAGCGGACGCCGCGGATCTTCCATCGTCACCGCGCGCAGTACGGTCCCTTTCGCGGTGGGATAAACGACGTAGGTGATCCCCTTTATGTAGGCGACAGTCGGATCGCCGGTGACGCCCGCACTTTGGTCGGCGAGCTCGTCCGACCATCGGTTCGCCTCCCCGGGTCGATTGGAGCCGGTCCAGGTGCGGACCACGATGCCCCCGTCTTGGGCATAGACCAGGATCGGACGGTCGCCGTGGAGGGCCACGGCGGGGGCGGAGGTCGCTCGCCCAACCGGAAAGAGTGGCCCAGGATCGGTGCCGTGGGTGTAGTTCAGATCGCCGTGTACATCCTTTTCGCCGAAGATCCCGTTCCAGTTCCAATCGACCAGCGTCGTCTTACCGTCCGGCCCCGGCTTGATCTTGAACCGATAGGGACCCTCGGACAAAAAGTGGACGGTTGCGATCGGGAACGGGAGGATCTCGTCGAGGTGCTCCTCGTTCAGTACAAGGGAGGCGCGGGCGCCGTCGGAATACCGCACGTTCTCCCCGCTACCATCCAGGCCATACGAATAGGTGTAACTCATCAGACTGGGGTAGAGCGCGCAGCCGGTGTCGCTGTTGTAGCTGGGGCTCCCATAAAACCCGTCGTGAGCAAGGTCGAGCTGGTGGCCGAACTCGTGGATGAACTCTTGCCAGTGGCCGTTGAAGTGCCCGCGGTCGCCGTTGATCGCGGAAACGAGCGGACCGCCGTTTTCGGCAAACATGGTGTGGACGATGCCGCGGTGCTCGTGCCGGGGGAAATGGCCGTCGAAATCGCCCATGACGACGTTGTGGTCCTTATTGGGCCAGGGCGTGGGGTAGATGAAGTGGATGGCGATGCCGGTGGTGCCGTCGGGATTCTTCAGCGGAATCGAGGCGAAGTACTGAGCGACGCGGTTCATCTGTTGCTGTAGCCCACCGAGGTCGACGTCTTCGAACCGCTCGATCTCCACGACGACGTCGCGGTGGCCCACCTTGCAGCCAAGCGCCTTTAGATCGAGCCCACCGGGATTCACTCGGCCCATCTTCCAAAAGTCGGGAAGGCCGTCGTTGGCGGAGCATAGGAACCCTTTGGCGGCGTCGGTTTTGTCGTAAGAGAAGTGGATGTAGATGTCTTGGGCGCCCCACCGCTCGCGCCCTTCGTGGTGGCGGATCAGGTCGTCTTTGCCGTTTCCATCGATATCGGCGACATCCCAGGTGCCGTCGCTCTTTGCAGCTTCAGTGTCCGGAAGCTCCGTTAGATCGACAAAGTCGGTGGCGACTCCGCTGGTGTACAGGCGACGGCCGACGAGGATATCGGAGAAGGGACGGCCGCGGAACCTGCCAGCCACGAGATGGTCGTCGGGAGAGTGCGTTCCGAGGAGCCGGGGTGGGGCGAGCGCGTCTTTGGCGACGGCGGCCAGCCAGACATTGCCGCTACTGTCCAGGTAGGCGAGCTGCCCTTTATCGCCGACCTTGACATCTTTGAAGTTGCCTGCGGCGAGCTGACGGACGCCGGGAAGGGTGGTCTTCAGGGGCTTGGCGACGAAACGGGGCGGGTTACCCGGACTGGTGGCGAGCTTCAAATT
NZ_CP007139.1_gap35	1550720	1554269	3549	TCGGCCCATCTTGCCCATTAAACGTGAGGGTCCGCCAGCAAACGCCGCGGAGGTACGCGTCGAAGCGTCGGACCGCCAGACCGCGGGCCAAAGCCCGGGTCGGCTCATCGACCCCTTCCAAACTCGCCAGTAGCTCCGCTCGCTCCGGATCGGGCGACACCTCGCCCATCTCGACCAAGGCGGCGTGAAGGCTCTCCTCGGGATTCGCGTTGTGATACTCGAGATCGTAGGATCGAAGGGCTGGATCTCGCCAGTCCGTTCCCTCTTCCTCCATCACCTGCTCAAGCACGTGCAGCTTGGCCGCCCAGTCCACCTCACGTCGGAAGGCGGTCATGTTCGCCCGCCGAAGGTCGTCGAGAAGGGCGCGAGAGGAGTCGATCGTCCAGCGCATCTCCTCGTCAAGGTCGAGCGTCGCTTCCGCGGCGGCGAAGTACGACTCGAGGATTTCGTAGGCGTCCGTCCAACTCCGGCCCGCCAGCTCGACTCGAAACGCGTACTTCTCGTCCCGCGAAATCGCCTGAAATGCCCGTACAGGGTCGACGAAGCTCCACTTCGGCGCCGTCTCCGCCTCGCAAAGGTGAAGGGCAAGCTTCACCAACCCGACCTTGCGCGCGGTGGCGGCGGGGATCATATTGGCGTCGCCACAGATGACGTGAAGCCGAATCCACTGCGAAGCATCGGCATGCGGCTCGTCGCGAGTGTTAAAAATCGGGCGGCGAAAAAGCGTCTCCGCGTTGGCGGCTTCGGTGAAGAAGTCAGCCCGCTGGCTGAGCTGATAAGTCGTGCTGGGGCCGTGTTCGGCGCCGACCTTCCCCGCTCCGACGAGCACTTGGCGCGCCACCAGCATTGGCAAAAGGTCTTTAAAGAGCCGGTCGAACCCAACTTCCCGGGGGACCAGGTACCCCTCGTGGGTGCCATAGCTGGCGCCGTGGAAATCGGTGTTGTTCTTGTAAACCTTGGCTTCCCGTCCTTCGCGCTTGGAATAGGCGCGCGCCGCGTTTAGGACGGCGAGCTGCCCCGCGCAATCGTGCCGGGCTAGGGCGTGAATCGAGAGGCACTCCGGAGTCGAATACTCCGGGTGTCCGTGATCGTTGTAGAAGCGGGCGCCGTTAGGCAGCACGCGGTCGGACCGCACTTCGTGAGCTTCGCCAAACTTTCGGCCGGAATCGTATTTCGCGTCGACCGGGTCGAACGCGAGGCGATCGAGTTTAAAGCCGCGAAGATCGGAGCGGGGGGATTCGTAACGGTAGTCCCAACCGACATGGCACTCGCCCGGGTAACCCCGAACGAGTGCCATGGCATCGTCTACCTGATCTTCGGCCCCGCGGCCATCGATGTGGAGTCCGTACTCCGTTTCGATGCCCGCGAGGATCGGTCTCAGCATCCTTATTGCCGGAAGACGACGAAGGTTCCAGTGGTCTGGAATCCTGTCGGAAGCGTTCCGGTGGTGAAGGTGTAAGTTCCGAAGCGAGTGTTGTCCGGCGAAGTGGTCGGCGATCCGTCTCCCTTCACCAGGTTGCTGATCGTTCCGTCGAGCTCTCCGGTAGCGTCCGCGTTCACGATGTCCTTCACCGGGAAGATCTGGAACCGTCCCAGATCGAGGTTCAGGTGTCCGAAGTAGAACTGCGTGATCGTGCCGCTGCCGTCACGAAGGATGACAGCCATCTCTTGGCTGGCATTGTCCTGCACGGTCGGGAAGACGAGCACTTCAAAGGTACCGATACCGGTGAGAACGGTCGTGTAGTCGCGCCAGATACCCTGCAAGGAAGTGATCCTCGCCATGAACGTAAGGTCGGTCGGGTCGATCTGGGTCAGGTTATAGGTGCCCGGCGTGTTCCGCAGAAGGTTCTGCGGACCGTAGGCGCCGATGATCGGCTGCGAGGCGTCCGCGGTCAGCTCTTCGAAGCTTCCCGACTGGCCCCCGGCGGAGATCGCGATGTTGTCGCCGCTCATGTAAACCCGGTTGGCGAACTCTCCGGTGGAGAGCTGCGGCCGATCGGTGTTGGCGAGGCCCGAAAGGTCGAAGGCGACAAAGTCCGTAAGGAAGCTGTCGATATAACCCTTGTCGCTAAGGTTCCGGAACCGGAACTCGTCCTCGTTGAACTGCACGGTTCCCGAGCCATCGTCGGTAAACATCGCGTCGTTCAGCAGGATCGGAACACTGGTGTTGCGACCAGGCAGAACGCGGATTCGAGCCGGGAACGAGCGCGGCGTCGGGGGATTGAGCGGCGTGGGAGGGCCTGAATCCTCTTCACGATAAAACTTCAGGAAGCTCAGCTCCAAGCTCTCGAACAGTCGTGAGTTGGGGTTCGTCGTCGACGAAAAAGGAACGTCGACGGCAGCGATCTGGCTGGTAAATGCGCGTAGCGGAAGCGCGGTCTCGGGAGAGAGCGCGGCTACGAGACCGTACTGGTCTTCGAGTTGGATCCGACGAATGACCGCGGAAAGATCTCCCGCCGCCCGGCGGCTGACGCCTTGGCCGGTTAGGTAGAGAAACTCAGCTCTGCCAAAGGTTTGACCAAGCCCGTTCGGCTTGGTGAGGTTGACGCGCATGGCGGTGCCCGGAACGGTTGTGGTAGTACCACCGCCGGACGTCCGGTGACCGCCGCCACCACCACCGCACCCGATGATCGCGGCAAGGGCCGCAGCGACGGACAAGTAAGCCCATTTCTTCAAAAGACGATTCACCTCGATACGTAAGCCGAGCCAAGCAAGCTGGCGGGAACAGTATAGCAAGTTCGGCCGATCCCGTTGAAGACGTCTTTAGAACGCGAAATCGTGCGAGTAGCCAAGAAATAGTTGCCGGCCGTCCACATACGGCCAGGAAGATGCGTTAGACAGCCGTTTTACTGAGCGCCGATCTACGGAGGTACAATCCGCCCCACATCATGAAACGGGACGACCTCCTCGACCTGAATGATGTGCTGCAGCATCCGGGTCGACAACTTGCCGTGGATATTTCCACGGAGCTTCCCGAGGAAGCGGACGTCGACCTGATCCGTCCCCTCGAGGGATACCTCGAGGCGGTCAGCACAGGCAACCTTCTGCTGATCACGGGCAAGTTCAGCACCAAGGCCGTTCTCGAATGCGCCCGCTGCTCGGGTCCGCTGGAGTCGGAAGTCGAATTCGAGATCGACGAGCAGTTTCCCGTGGAGGGGATTCCAAGCTCTCTCAGCCCCCAAGATTCCGCGCGGGTCGTTCCGGACGAGCCATTCGAGCTCTTCGAGGGAAACGTTCTCCTCGTCGAAAACCTTCTCCGCCAGGGCCTGCTGTTGGCGATGCCGATTCAGGCGCTCTGTGAATTCGGTTGGGAAGGAGAGTGCCCTCAGGCCGCCGCGCTTGCGGCGAAGCGGCGAGATAGCTCGGCCGGGCGACCGGAATTCGAATCGCTTTCTAATCTCTTAAACCGAGAGGACGACGCTACTTGAGCATCGCCCTCGATGCGATGGGCGGCGACAACGCGCCCCAAGCGATCGTGGAAGGGGCTCTTCAGGCGGCGCCGGACCTGCGCTCGACCCTTTACCTTGTGGGCGACGTCGCCAAGCTCAA
NZ_CP007139.1_gap36	1560894	1563207	2313	CGGCCCGCTTCTCGAGAACTTCATCCAACGTCGAGTGGACGTGAGTCGCATCGGTATCGTAGGTAAGCAGCTCGTTGATGTGACGGTTTAGGTCGAGAAGAAACGTCGCGATGCCGGTCGCGCCTCGTCGAACTTCCTGGGCGATCCGGGCGGCCTCAGGGTGGAACGTCACGTACGGACTCTCGGTGAGGTACTCCACGTTCGCTTGGCGGTTCTCGTCGGCGGCGTAGAAGTCCCATCCATCGGTCAAGAGGTCGACGTCGGCGTAGGGGTCGCTGCGGCGGGTTTCCACCGTCGCGGTCGCCACGATCTCCATCCGAACGTGCGGCTGCCTGACACCGAAGTGGTGAACCGTGCCCCCGATATCCTCATACGAGAAGACCGGCACCCGCGGAAGGACGTCGACGCGGAACTCGCGGCAGGTCTGCGAGTCGTCGGTCAACGGCATCAGCCGAACTTCGTTATGACTCTCGAAGGCGGGCGACGGGTACTCGTAGACGGTTCGGTGGGTAGCTAGAAGGATCATGAAGGGGCGGTGAAAAAAGAGTGGCCCTTCAATAGACGAAGGTGGGCCGCATTGCGCCGCTCTCGAACGACGATTTAGTAGGTCAGGTAGTTCGCATAGATGGCATTGCCGATGTCCAGGCAGCGCATCTGCACTCCGTGTAGGAATTCGTGAAGGCCTCCGCTGATGATTTCCTCGGCTCGAGTGTAGTTCAGATCGCTATAGAGGCGGCCCACCGCTCTCTCCGCTTCGTTTTGGGGCGCGAGGTCGCGGTTTCCGCTCACTCGCCGGAGGCAGCCTTCGATGCGGCCGATCGAGTGGCGGACGGATGCGGGGAACTGCGGGTTCAGGATCAGGAACTCCGCGACCCGAGCCGGGGTCACCCCCTGCCGAAACGTCTTGGAGAACGCTTCGTAAGCTCCGACCGACTTGAGCACGGCGATCCAGCCGTGAACGTCGAGTGGCCCGCCGACCGAGTCGGGCGCGGGCACGGTCGGCGGCACCGTCTCCCGCACCGCGAACCGAGGCAGCAGGTCGTGGTATTTCACGTCGAGAATCCGCGTCGTCTGGTCCGCCCGCTCCAAAAACCGCCCGGCGTCGTGAAAATCGCGGGCCTCGCCCATCATCAGCGTGCGGTTGGTGATCCCCTGGAAAAGGTGCGATCCGTCTTTGACCTTCTGAAAGAAACCGAACGGTGACGTTTCCAAAACCCGATCCACATCCCACGCCTGGTAGTCGAGATAGAACCGGTTGAGACACTCCCACATCTCGCTGGAGATCTGGTCGCGGATGCTACGCGCGTTCTCGCGGGCGGCCCGGATGCAAGCCTGAATGCTGCTCGGGTTCTCCGTATCGAACGCGAAGAAGTGGAGCACCGACCGCTCGTCTTGCTGGGAGTACCGCTTGTTGAACGCCTCCTCTTGGCTGGAGATGGCGAGGATGGAAGACCAGCGAAACAGCTCGCCCACGAGCGGGCTTTCCAACCCGAAATGATAGTGAACGTCGATCATCCGGGCTGTCGCTTCGGCCCGCTCGATGTATCGACCGATCCAAAACGCGCTCGCGGCATGGCGGCTCAGCATTGGGGCGCCCCCGCTTGGCCAGGATTCTCGATCTCCGCGGGGGGATTTGCAAGCTGAGTCTGGGTCATGGTTCCGAGGGTCTGCGACTGGGTATCCGGCCCGTCGTCCGCCAGCACCCACGTATCTTTGCTGCCACCTCCTTGGGAGGAGTTGACCACGTAGCTCCCCTTCCTGAGCGCGACCCGCGTGAGTCCGCCGGGGACGATGGTGACGCCGTCCTTGCCGCAGAGAATATACGGACGCAAGTCGACGTGCCGCCCCTCGAACCCGTCGCTGAAAAAGCATGGCGATCTCGAAAGCGAGATGAGCGGCTGGGCGATGTAGTCGCGGGGATTCGCTCGAATGAGGTCGCCGAACCGCTCACGTTCGGCCTGGGTTGCCTGCGGTCCCATGAGCATCCCGTATCCACCGCTCTCGTTGGTCGCCTTCACGACGAGCTTATCGAGATTATCGAGGATGTATGCGCGCTCATCGTCGCGCCAGGCCAAGTAGGTTGGAACTTGCTCCAAGACCGGTTCCTCGCCGAGGTAGTAGCGGATCATTTCGGGGACGTACGGGTAGATCGCCTTGTCGTCGGCCACGCCAGTGCCGATCCCGTTGGCGAGCGCCACGTTGCCGGCCCGGTAGGCGTTGACCAGGCCCGGCACGCCGAGAACGCTCTCGGGGCGGAAGGCAAGGGGATCGAGAAAATCGTCGTCCACTCGCCGGTAAACCACATCGACCCGC
NZ_CP007139.1_gap37	1568816	1570467	1651	AACGGGTGGCTCAGCTTGCCGGAGGACGAACGGCCGACCGGCTTCGTCGTCGGCGCGGGCAACTCGGCCTGGCAAGCCCTGGAGACCTGCATCGCCCAGGTCCACCGCAAGCTCGGTTTCGAAACCGGCGACGACGCTGCTGCCGGCGTCACCTCCCTCTTTTTCACCCTCATGTTCGGGAACGCGCTCGTCTACCAGGGGATCGAAATCGATAGCCTGGCCCGGTTAGCTTTGCCCGAGCTGCTCACCGCGATCGAGCGGGGTGAGCCGGCCGAGTCGGTCCACCGGTTTTTGCCCGCACTTTCGCCGGCTCCCAGCCTCGACCTTTTGCAGCATGGCGTCTCGTTTTCCGGAGATGCCCCATGACCGCTTTTTGTCATCTCGTCATTAAACGCCGGCCTTTTGTCTGGCGCCGATCCGCACCGAAATCGACGACGTCGTCGATTGCCCTCTCCTAAGAAAGGAGCCCATATGAAATCACTTCGCAATAATCGAGCCTTTACGCTGATCGAACTGTTGGTGGTCATCGCGATCATCGCCATTCTCGCCGCCATCCTCTTCCCGGTCTTCGCCCAGGCGAAGCAAGCCGCAAAGAAGACCGTTGACGCCTCCAACCTCAAGCAGATCGGACTTGGTCTGATGATGTACGCCGGAGACAACGACGACCTGTTCCCACGCAACGATTACAAGGACCCGGCGCGTCCCGACTGGGCCGCTTTCACTTGGCGCGAAGCGAGCGCGCCCTACATCAAGAACGGCACGCCCAACGTAAGCTGGGTCAACAATCAGCCGCTCGCAATGTCCGGGATCTGGAAGAGCCCGGCGGAGCCCGCGAACGGACGATATGGCTATAACGTCCACCGCGCTCTGATGCCGAACCAGTTCGACTGGGAGTTCGGCGACAAGTACCTCATTCCTTCGCGCGGACAAGGAAACGTCGATAAGGTCGCAGAGACGATGCTCGTCACCACCGTCGGTATCAACCCCGATTGGCAGTCAGCCGCTCTCGGCCTGGAAGTAGCCTGGTGGTGGCACGGCGGCGCTCAGTGGCCGCCCGTCTTCACCGGCGCGACCTCCGGTTCCAAGTGGGACAACGACCTTCCTTGCAACTGGATCCCTTCGGGACCCGGCCCGTCCTGCGGCATGCCGCGGTATCGTTACACCGAAAGCGCCAACATGGTTTGGTGCGACGGTCACGCGAAGGCGGTTAAGAAGGGGACTCTCAACTGGTGCAAGAACATCTACACCCCTGGCTTCACCGAGCGCCCGGCCCAATCGAGCGACGCGAGCTACGACTGGATCGTCGGCCCTGGTCAGCCCTGCGAGCCTTACCTGAAATGACAAAGCGGTTCCAACTGGGACTTCTCATTGCGATTGCATCCGGCCTTTCGGCCGGATGCAATAGCTCCGATTCGGGAACGGTTCCCCCTCCAACGGCTCCCCTTACTCAAGATCAACTGGATAAGATGCCGCCGGAAGCGCGAGCCGCCGCTCAGAACGCCAGTAAAGCGGGCGATGCTCAATCGCAACGCATGAAGGAGATGGCTGATGCCCAGAAGAAGGCCGAGGGAGGTAAGTAGGCCGTTGCGCGGACTGCTCCTTCTCGCTCTCGGGCTTGCCGCCGTCGGTTGCGGCAAGGCGCCCGAAGAAG
NZ_CP007139.1_gap38	1576664	1581588	4924	GTCCACCGGGCAAAGGTCTCGGCTAGCTTTGCGGGCGGATTCGCGGCATCGTCTTCGCCTACGTTGGCCACGACGACCACCGGCTTGGCGCTCAGGAAAGCGTAGGTGCGGACGGTCGCCTCCTCGTCCTCGGTTAGCGTCAACGCGCGGATGGGCAAGCCGTTCTCCAAGTCGCTACGAAAGCGCTCAAGAGCTTGCTTGTCCATGTAATCCGGCGAGCCGGGGGTCTTGACGGTGGTGGACCGCAGCAGTCGCTCGAGGCGGTTCTCGATGATCTGGAGATCGGAGAGGACGAGTTCCGTGTCGAGCGCTTCCGCGTCCCGGATCGGGTCGATGGTTTCGAAGTGGTTGGGAAAGGCGGGATTTTCGAACCCGCGTACGACGGCTAGAAGAAGGTCCGCCTTCTTCGCCGAGTCGACAACCTTTACCGAAAGCGCTCTTCCCTGCCCCTGAACCGCCTCCAGATCGTCCTGTAAAACCACCGTCGCCGGGGTTTGCTTCTTGGGCTTTACTTGCGCGACGATGGTGTCGAACCGCTCGTCCGGCACCGGAATCGCGGTCACGTCCCCCTTGGCCAAGCCTCGCGCCGCCGCGCGGTATAGAGTGCTTCGCCCGCTTTGGGCGTATCCGATGAGGGCAACTTTCATGAGCGCTGTCTCGCGTACTCGACCCGAACGGCCGGGGGTTGGCGGTGTCGAGGCGAGAACCAGAAGAAGTAGATCGACCCGATCAACACCAGCAGGAGAACCCACGGAAACCGCTCCCGCTTCGGACTAACATATCTCCGCCGGGCCACGGCGGGAGGATACCTTTGGACGCCGGATGTTGAGGTGTTTCGCCCCGATAGTATCGGGACGGTCTTCGCGCTGATCGAGGACAAAGTATAGCCTCACCCCCACGCCCGGCGAAGCGAAACACTGCCAAACTAGCTTGGCGATGTTTCAACGCTCCTCGGTCGTCACGCTTTTCGACGTCGACAATACATTGCTCGACCATGACCGGGTGGTTCGCGATGTCAAGCGGCACTTGGCGGAGACGTTTGGCACCGAGCGAGAGGAGCGTTATTGGGAGATCTTCGAGCGGACGCGAGCGGAGATCGGCTATGCCGACTACCTCGGTGCGTTGCAGATCTACCGAACCCAGCACCCTCGCGACTCAGGATTCCTGGAAACCTCCCTCTACCTTCTCGGATACCCGTTCGCCAACCGGCTCATTCCCGGATCGCTCGACGCGATCGAGCACTGCGGCGCCTGGGGGCCGACGGTGATCCTCACGGATGGCGACGTGGTTTTTCAACCTCGCAAGATCGACCGGTCGGGATTACTGGAGGCGGTCGACGGGCGGGTGCTGATTTATATCCACAAAGAACAGGACCTCGAGGATGTGGAGTGCGAATACCCCGCCGACCACTATATCCTCGTCGACGACAAGCTCCGGATCTTATCCGCGGTTAAGGAGATCTGGGGCTCCCGGGTGACTACCGTATTCCCCCGCCAGGGTCACTACGCCCTCGACCCGGAGGTCACCGCCAAATACCCACCCGCCGACGTCACCATCGATCGAATCGGCGACCTCATCAACTACGACCTCGCGACCCTCCTCGCCGCGACCAAATAACCGCAGTCCGGGCGTCTTGCCAGCGGCTACGACTCGGTTCGGATAATCTCTTCGACCACTCGCTCGGCGCTCTCTAACGCTCCTTCGATGAAGCCGGTCCACATTGCGGTGTGTTCGCCGGCGAAATGGACGCGGCCTTCGGCGGGCGCGATGTAGCGCATGTGTTCCAAGACATACTCCGGGGCAAGGTGGCTGAAGGCGCCTTGGGCGTAAGGGTCGTTCACCCAGTCGTGAATCCAGCCGCGCTGAAAACTCTTAGCCGCTTGGGGGAAAAGAAGGGAAAGCTCGTAAACCCCGGCCCGCACCGGATCGCCCAGGCGCGACCACTCCACCGCCCGGTCGCCGCAAATGTAGGCGCTCAGGACCGGCGCATCGGCCCCGCTGGCGTCCCAAGTCTGCTGAAGCGGACCGTCGCAAAGCATGCTCCCGCCCCAGCCCGCCTCTTCCCACCAGGGCCGATCGAATTCCCAGACGATCTTAATCGCCCGGCTCATCCGGCACGCCTCCACCGCGCATCGCTTTTCGACTGAAATCGCGGGTTCGAAGACGACCCTCTCCAGCGCGGGGGGAGGGAGGGTCAGGATGACCCGGTCGACTCTCGCCTCGCCGTTTTCGAAGATGAGCGTCACCCCGCTCGCATCTTGCCGAACCCGATGCAAAACCGCTCCGTAAACCGGTTCCGCTTTTAGCGTCCCGATCATCCGCTCGAACAACCGGGATGCCCCGCCGGGAAATCGGTAGGCGCTCATCTCCTCCCCCTCGCGATCCATATAGTGGAGATAGCCGCTAAGCCACCCGAGAAGACCGATGCGGTCCGGGTCGTCCCCTTCGTCGCTTCGATACTTGGCGGTTACCCACCAGAGGCCGCGCTCGGACGAGGTGTGCTCACGTAAGAAGTCGCCGAGCACTTGGCGATCCAGTTCCTTGGCCTGGAGATTCTCCCAAGGGGGCTCCCGCAAGTTGGAGCAAAACTCGCGGGCGGCGGCTTCTACCCTGAGGTCATCCTCTAAGGCGTCGTTCCAGAGCGTCACGTCGGTGCACTCCTTCCCTTTGTGCACCAGCTTTCTGGGCCAGTCGACCGGCTCGTTCGGCTCCAGGCCGAACTCGCCCATCAGATCGAGGCAACGCAGATGGTCGGCGTCGATCCACTCGCCGCCGGCTTCGTAAACGGCGCCGTTTCCTTCGTCGGCGGTGAACATACGTCCGCCCGGCCGGTACCGCGCCTCGAAGAGTCGCACCGTTACCCCGGCTCGTTCCAGCAGCATCGCCGTCCGCAGCCCCGCGGCTCCGAGTCCGACAATGCCGACGGTCAACGCTGTCTCCCGATCCGGTAGACCATATCCCCCGCGAGGAGAAGGAAGACGACCAGTCCACCCGTCCCGAGCAACGGCATCGGCGCGTTCTGAGAGTAGGCGTAAACGGTTCCACCGAGAACGATGAACGCGCCACCCAGTAGATAGGCGCTCGCCCCCCGACTCTTGAACCGCCCCACATTCACGAGCGCCATGATCGCGCAGATCAGCATCACACCGTCAAGGAAGAGCGCCTCGCCTTGACCGTTCACTGTGGAGCACCTCCGCGTAACGCTTCGTTAACCTGCGAAGCGGTACTTACCGGCACAAGCACCGGATCGTCGCTCTCAAAACTGAGGGGCAACGATGAGAATCGCAAAACCCCGACCCGCCGCTCGCGAGCAATGGGAGCAAGGGTTTCGTACGCTTCCCCGTCGTCGAGAGAGTAGGGGACGCGCAGAACCTCGAAAGCGTCGTGAAATTGCCACATCCCGAGCGCCGCGAGCGATGGCCCTTCACAACAGAGGCCCAGGAACCGGATGTGCCCTTCTTGCCGCGCCATCTCCATCGCCTCAAGCGCGCCGGAGATCTGGTACTCCTCGACCGCTCGCCGGACTCGGAGGAAGTAGATGTCGAACCACTCGCGTCCTATGCAGGAAAGCGTCTCGATGAGGTGAGCCTGAATCAGGTCGGAAGCGTGTCGCCCATCGGTGGCTTCCTCGTATCCGGTATTGGACAGGCAGGTGAGAGGCGCGTCCGTCCCCCGCATATGCCCGCCCCACAGACCAGGGCTGCTGCTGACGTCGAGCGGGACCCCGCTCTCCAGGGCCGCGCCTACCAAGCCCTCCATGTCGGACGAAGAGGCGGGAACCGAGAGGCTTAGCCACACGGGCGGGAACTCGAGATTGGTTCGTCCGAAAAGCCCCTGAGGCACGTTTGAGAATACCTAACGCCGTTCCGGCTCCCTCGTCCTCCCGGTTCGTTCAAATTCGTGAGTATCCTTTCCGCCATGCGTTTCCAAGAGAAGACCGTCGTGGTGACCGGAGCGAGCCGGGGAATCGGGCGAGAGATTGCCCTCGCCTTCGCTCGGGAAGGGGCGAAAGTAGCTTGCGTCGCCACGACTGAAGCGGGCGCTCAAGCGACGGTCGACGCGATCGGCGGCGTCGCCAAAGCGTACGCCTGCGACGTCAGCGATTCGGCCTCGGTGGAAGCGCTGTTCGAAGCGGTGACGAAGGACCTTGGAACCCCGGCGGTGCTCGTGAACAACGCCGGAATCACCCGCGACACGCTTCTCGTGAGGATGAAGGACGAAGATTGGGACCGGGTGATGTCGGTGAACCTGAAAGGGGCGTTTCTTTGCATCCGCGCGGTGACCCGTCCGATGATGAAGGCTCGCTACGGCCGGATCGTCAACATCAGCAGCGTCGTTGGCCAGACGGGGGCGACGGGACAGGCGAACTACGCCGCCGCCAAAGCGGGGCTTTCCGGTCTTACCAAGTCTGTCGCGAAGGAACTCGGCAGCCGGGGGATCACTTGCAACTCCGTCGCTCCTGGGTTCATCGAAACGGATATGACGGACGGGCTGTCGGCGGACTTTCGTGAGCAGGTGGTGAACACCGCTCCCGCGGGCCGGTTGGGTACCCCGGCCGACATCGCCCACGCGGTGATCTTCTTGGCCAGCGACGAGGCGGGGTATATCACTGGCCAGACGCTTACGGTCGACGGCGGGTTAACGCTCTAGGCGGTTACCAGCCGCGCTCGGCGAGACGTTGCTGGTCGGTGAGGTCGCCGCAGTTGATCCCGACCATCGGCTGGCCGAGCCCTTTGCTGATCTCGGCGAGCCGCTTCGGCTCCTTATAGAACAGCACCGAGTTGACGATGGCGGTCGCGCGGCGGGCGTGCTCTCGGGACGCTTCGGCACCATCGAGGTTCGGAGCCGACTTGAAGATTCCGGATCCGACGAACACCGTCTCGGCGCCGAGCTGCATCATCAGGGCGGCGTCGGCCGGGGTGGC
NZ_CP007139.1_gap39	1638306	1643191	4885	TCGCGTCGCGACTTCCTGAAGTATGCGGGGGCGGGCGCCGTCTGTTCCGTCCTCCCGTTCGGCTACAGCCAAGTCGACACCCGGTGGCTCAGCGTCGAAGAGGAGGAGATAAGACTCCCGCTTTGGGACGCCGACGGATTTAGAGCGGTTGTCCTTGCCGATGTCCATGCGAATAGCGCCGAGCAGGCGGAATTCGCCGAGATCGCGGCCAAGGCGGCGGTGAACGAGAAACCGGACGTCATCCTGATCCCCGGCGATCATCTCAACGCATCCGATTCGCGGCACCTTCGAAATCTCAAGCGCTTTACCGACGCCTTCGCCGACGCCAAGTGTCCGGTTCTCGCCACCCTCGGCAATCACGACTATTCTTCCGGCGTTGAGAAGATCGTCCGGGCTTTCCACGACTCGCCGGTTCGACTGCTCCGGAACGAAATCGCCGAAGTCGGAGGCGTCTCGGTGGCCGGGTTAGACGACGCCCTGTACGGCAAACATCGGCCCGAAATTCTCTCGGATGACCGCCTCTCGAAATCCTTGCTCACGATGCTCCACGAGCCGGACTTCGTCGACGAGCTGCCCCGCCATGTGAGCCTTCAGGTAAGCGGGCACAGCCACGGCGGCCAAATCTGCCTACCTTTCGGCGTCGCACTCCATACCCCCCGAGGGGCTCAAAGGTACATCGACGGATTCTATCCGGAGGCGCCCATACCTGTCTTCGTGACTCGCGGGGTCGGTACCACCGGCGCCCGATACCGCCTCTTTTGCCGTCCCCAGGTGGCGGTGTTGACGTTGCGAGCAGCCTAGCCGGGCGGTACCCTTAGGTATGCGCTTTCGGGATCTCGCGCTAATTACGTTGGGCGTTGGCGCCGGGATGGCGATTTATGGCGCTTTGGTGGAGTCAAAGCGTCTCGTCTACGAGCGGAAGACGCTCCACCTCGAAGACTGGCCGGAAGAGTTGAACGGCTTTCGGATCGTTGTCGTTAGCGATCTTCATATCAGGGACAAATATTCGGTCGAGCTCGTCAAGAGGGCGTTTGAAATGGCCCTTGCCGAAGAGCCCGACATGCTGGTTCTGCCGGGCGACTTCGTCGACTACTGGAAGCCCGGAGTCGACGAAATGCTGCGGGAAGTGCTCGCCCCGCTCAAAGCCATGGAGGGGAGCGCCGTGGCGATCGCCGGCAACCATGACTACTGGTACGGCGATATCGTGCGGCTGGCCGACGCCCTCGCCGAGGTCGATGTCCACTTCCTCAGGAACGAAATCTGGCGACACAAGGGGATCACCTGGGTCGGCCTCGACTCGGCGGTGCAAAAAATGGCCCGCCCAGAGGAAATCGTACTCGGCCCCGGCGATCGCCCCGCCATCGCCCTTTGGCACGAGCCGGACGCCATCGCCGGGTTGCCGAGAGGCATCGCCCTCCAAATCAGCGGCCACTCCCACGGCGGCCAATTCCGCTTCCCCGGCGGCTTCACCCCGATGCACTCCACCCTCGGCAAGAAGTACCCCTCCGGCTGGTATCCCGACGCCCCCACCCCCCTCTACGTAACCCGAGGCGTCGGCACCACCGGCCCCCCCACCCGCTTCAACTGCCCCCCCGAAATCAGCGTCCTCACGCTAAACAGCCCCACCAACCCATAACCCCTCCGGAGCCCCCTCTCCCTCCTTCGGATGTATGTGCCGAACGAGGGAGAGGGGGTTGGGGGTGAGGGAGTCCGGAAAGAGCCGGTCTGGAGACCAGCGGTCCTCCAGAACATCTGGCGTACCGAAAGTACACCAGGACAGCGGCTAGCCGCCCGTGCCACGCCCGTTGAGCGCCGATACCCTTCACCGCCGTCCATAATCCGTTCATGCGCTCGTTCTTGAACCTGGAGCCGGAGGCGTTTGGGCTTTCGGCGGAGTTGTCGCGGGATCTGCGAACGCTCGACCGGCTGCTGGGGAAGGTCCTGACCGAGCAGGAAGGGGATCAGATGATCGACCTCGCCCGGAAGCTCTATTCCGAGAAAATCGATCCCGCCACCCTCTTCACCCAGATTCCCGAGCTGAAAGACCCGAACCGCCTTCGCGGCCTCGCCCGAGCCTTCACCCTTCTCTTCCAGCTCGCCAACACTGCCGAACAAAAGGAAATCGTCCGGGTCAACCGGGAGCGGCGCGGCGCGCGTCGGGAGTCGATCCGCGACGCGGTGAAGGAGCTGAAGCACAAAGGCTTGGATGCCGAAGCCATTCAGGCTCTGATCGATCGAATCGAGATCACGCCGACCCTCACCGCCCATCCCACCGAAGCGAAGAGAAAGGTCGTCCTCGACAAACTCCAGAGCATCGCCCTTCTCCTCGCGGAAGACGATTCCGGCCCCCTCCTCACCTCCCCGCTCGATGTCGCGAACCGGGCGACCGAAGAGATCGAGCGGACCCTCACCGAACTGTGGCAAACCGACGAGATGCGGGCGACCCGCCTCAGCGTGGGCGAAGAGGTCCGCAACGCGCTTTACTTCTTCGAGCGGACCATCATGGAGGTCGTCCCCTGGCTTCACGGCGACCTCGCCCGGGCGCTAGCCGAGGAGTTTCCGGGCCACGAGTTCCGGATTCCCACCTTCCTCACCTACCGCTCCTGGGTCGGCGGCGACCGCGACGGTAACCCAAACGTCACCCCGGAGCTAACCTGGCAAACGCTGCTGGATCACCGGATCCAAGCGCTGGAAACGTACCTCCCGCGGGTCGAGGCACTCCGTCGCGAACTCACCCAAAGCGTAAAGCTGGTCGGCGTCTCGCCGGAGCTGACGGCTTCCCTGGAAGCCGACCTCAAGCGCCTCCCCTATAAGCCGGAAGCGGTCCAGCGCTACTCGCAAGAGCCATACGTCCTCAAGCTCCTGGGCGTAGAGGAGCGGCTCCGGGAGACGCTGGCCCAAGCGCGCGCCCTCGCCGGCGGCCGCCGGGGGCAGTTCGAGAACCTCTTCGCCTCGCCTGACGAGCTGCTCGCCGATCTCAACCTGATCCAAACCAGCCTGAGAGCCAACCGGGCCGCGGAGATCGCCGACGAGGGAAGGCTCCCCCATCTCATTAGGCAGGTGGAGGCGTTCGGATTCCATCTGGCCACGCTCGATCTTCGGCAACACAGCGACGAGCACGCTAAAGCGCTCGACGAGATCCTCGTCGCGGCCGGAGTGCTGCCCGCTGGAACGAACTACCGGGATCTCCCGGAGGCCGAAAAGATCGAGCTCCTCAAGGCCGAGCTCCGCAGCCCGCGCCCCCTGCTGCCGGTCGGTTACACCGGCTCCGAGACCTGCCGGCGAGTGCTCGACGTGTTCCACGTAACACGCCGGGCGAGGGCGGAGCTAAGCGACCGCTCCATCGTCGCCTACGTCATCTCGATGACCCACGGAGTGAGCGACATGCTGGAGGTGCTCCTCTTCTGCAAGGAGGCCGGGCTCTTCCGCCTTCTCCCCGATGGAACCGTCGAAAGCGAGCTCGAGGTCGTCCCGCTGTTCGAGACCATCGAAGACCTTCACGGCTCCGCCGACCTGATGAGGCAGCTTTTCTCCAACGAGAGCTACCGGCTCCACCTGGAGGCGAGAGGCGGGCGGCAAGAGATCATGCTCGGTTACAGCGACAGCAGCAAGGACGGCGGCTATCTCGCCGCGAACTGGGCGCTGCAGTGGACGCTGGCCGAGATCGCGAAGGTGAGCGAGGAGCTTCATATTCCGATTCGGCTCTTCCACGGCCGAGGCGGCACCGTCGGACGCGGTGGCGGACGCGCCAACAAGGCGATTCTCTCTCAACCCGCCGGTTCGTTCAGCGGCCGGATCCGGTTCACCGAACAGGGCGAGGTTATCAGTTTCCGCTACTCGCTCCCGCCGATCGCCCACCGCCACTTGGAGCAGATCGTAAGCGCGGTCCTCCTGGCCGCCGCCGGCGGTGGGAATGCAGACGCCGAGCGCCAGTACGGCGAGGTGATGGCCGAACTCGAGGAGACCTCCCGCGCCGCTTACCGGTCGCTGGTGTACGACGATCCCGATTTCTGGGCGTTTTACACCCAGGCCACCCCCATCGAGCACATCTCGCTGCTTCCCATCGCATCTCGTCCTGTCTTTCGTCCCGGAAAGGCGCTCTCCGGAATCGAAGGTTTGCGAGCCATCCCGTGGAACTTCGCCTGGGTGCAAAGCCGGACCACCTTGGTCGGCTGGTACGGCATGGGGACCGCGCTCGAGAAGTATGTCAATTCCTCACCCGCCAACCTCGAGACCGTGCGCACGATGTACCGCGGGTGGCCGTTCTTCCGCACCGTGGTCGATAACGCCCAGCTCGAGCTGGTCCGCGCGCACATCCCTACCGCTCGCCTGTACGCCGCCCGCGTCGAGCCGAAGGAACTCGGCGACCGGATGGAGAGGACAATCGAAGAGGAGCACGCCCGCACCGAGCAGATGATCTTGCGAATCACCGGTCAAGAGCGGCTGTTGGAATCCGCCCGGGTCGTGCGGAGCACCGTGGAGTTCCGCAACCCGGCGGTTATGCCGCTCAGCGTCGTCCAAGTAGCGCTCATGGATGCGTGGGAAAGCCTTAGCGAAGAAGAGCAGGCCGGCGCCTGGCGGGAAGCGATGCTTCAGAGCATCGCCGGCATTGCGGCGGCGATGCAGAGCACGGGATAAGCCGCTTTCAATTCTCGGGCGGCCTGCCCGAGATACCCACGGGCGAGCTGCCCGTGCCACGTCGGTTGTGGCTTAGCCGTCAGAATAGATAAGAAACCGATGCCCGATGAATATGAGGCTGCCCTTACTGCCGCGCTACGGCGGCTGCAGGCTTCCGACCGTTACGAGTCGGAGGTTCGCCGGGCGCTGTCAAAATATCCTTCGAGAACCGTCGATCGCGTAGTGGCCTACCTCCAAGAGAACCGCC
NZ_CP007139.1_gap40	1647873	1652102	4229	CGATCGTCTTCGACAGCTCGTTCAGCTTGGTCGCGGTGGCAGGGGAATCGATCGGCTCCATCCGCCGCCGGGCCAGCTCGAGATCGAGGATCGTGTTCGCGAAAGGTAGAAGGGGCGCCATTTGGCGCTTGTACTCAACCGCTGCGTCCAGGGTCCTCAGCTCGTGCCGGAGCATCTCCTCCAAAAGCACGTAGTCGACCTTTCCATCTTGGTCGAGCTGACCATAGTCGATCCGACCCAGCGTTCCGAGCTCCTCGTTATAGAACTTCCGGAAACGGTCTGCCCGTACCTGCGAGGCGGCAACGGGGTAAGCGCGCTCCAAACTGTCGCGATCGGCGGCGAAGCGATTGATGACCGCCGGCATGTCGATGGCGGGAGCGAATGAAGTGACCATGGCGGCGAGAGCGAAGAGCGGAATCATGATGCGTGGGCGAATCGATTTAATATTAAACGATTTGCCCGCGCTAGGAGATCTTTACGATCTCGTCATAGTCTTTCCGGCGAGTGGTCGTCCGCGGTACGCCACCGTTATCCACCCCATCGGCTCCCACGCTGTAAAGCGTGAACCCGTCTCCCTCCACGCGATAGCCGAAAGGCTTTCGGCTGAACGGATCGCTGGCGGTCATCCAAGCGCTAGGCAGCGCGGCCGGGAACTTGCCGGTCTTTAGGCGCTCTTGCAGGAGGCGAAGCTCCGTGTCGGTCTGCCGGCGTCGCATCTCCATCCGGGCGAGCCCCTCACCGAGCACGCTCACGTGCGGGAAGCGGACCAAGGCCGGCATATTCTCCGGCGATTTATCTGCCTGCACCTTGTTTTCCATGTCTCCGCCCACCTGTTTGATCTGTTCCCACCGTTCCGGATCGGAGGGGAGCGCTTTGTAGGTTTCGCGGCAAGCGTGGAGCAACTTCGCCTTCATCAGTTGTCGCTCGTCGGAGGTGATAACGGAATCTTCCACTCCCTTGTCGGCCGGAGGCGTGTTGCCTCCCTCGAACTCTTGAATCGATTGAGCCTTATCGATTGCGGAAATTCCCATCACCGTCTCCCCAAGCAAGGGACGGCGAGGATCGGAAAGAGGTGAAAAATGAGCGTTCGTCTCTTGGGCCGCGATCAGGAATGCGCCGTCGTTTCGGTTTCGCTGAATCACCCGAGCGAACATCCGCTGAGTATTCGTCTCGCAGAAGTTTCGGGCCGCGAATGCGATCATTGTCGGCTCCTCTCCGATGTGGTAGCCAACCTTCTCGGCCGAAGCGATCTCCGCTAGAGCCCCTCGCCAGTCTCCTCGCTCACTCTTCTGCCACGCATCGAACGCTAGCGCCTGGGCGAGCTTCTTCAGCCGGCTAACTTCCGGAAAGCCAAGCTTGTGGGCATCCGCCCACGGCTGAGGAAAGGCGCAGTGCGGAAGCGCCGCCGCTTCCGCCGTTGCCTTAAGCGCCGGGGTGACGATCGGCAGTACCGCAACCGCGGCTTCGATGCTCTTCGGCGATGCGTCTTCGAAGCTGCCGTCTTGGATCGCAACGAGTCCATGCCGAAGATCGGCGTCTTGCCTGATCAGCTCGATGATTTTGAGGTAGCCGGGAGCCGCGTTTTGGTTGGAAGGAACGGAAAGCTTACTTTCCAACTCCGCCGCCGAAACCGGCAGCCCCAGCCCCTTCGCCGAATCCAACTCCTCGTCCAAGCTCAGCGTGTGATTCCCCAACCGTCCCCGAACCACAAACGCGCACAGGAGCAGCGCCGCGACGCCCAGTACCAGGGAGAACAAAGCCTTGGGAGAACGATTCATAGAAAACTCTCTCATCCAACTTATCACCCTCCGGGCAATCGGTGGTCTCTTTTCGCAGCATCGGCTCCCAGCCGACGAACCTCTCGAAGGAAGTCCCGTTCTTGTCGATCCCTCCCGACGCGCCGTCGGGCAGGGATCGCCAGCCGAGCCGATGAGCTTTCCGTTCATCGGCTGGGAGCCGAGGCTACGGGCTACAAACCCATGATCTTCTGCAACAGCGCCTTCTGCGCGTGGAGGCGGTTCTCGGCTTGGTCGTCGGTGCGGCTCTGCGGACCGTCGATGACGTCCGCCGTAACCTCGAAGCCGCGGCGGGCCGGAAGGCAGTGGAGGAAGATGGCGTCTTTTTCCGCCATCGACATCAGCCGGCCATTCACCTGGTACGGCTCGAACACCTTCAGGCGGTGCTCCTGCTCGTGCTCGTCGCCCATGGATACCCAAACGTCCGTGTACACCACGTGGGCGCCGGCAACCCCTTCTTCGAGGTTGGTCGTCTGCCGAACCCCTTCGATTGGCTCCAGGCGGAAGTTCTCGGGGCCGCAGATGGTGAACGGATAGCCGAGGCGCGTCGCCAGCTTGGCGAGCGAGCGGGCGACGTTGTTTCCGTCGCCGACGTAGGTGATCTTCACCTTGTCCTGGCCGAAAACCTCCCGGATCGTCTGCATATCGGCTAGGGCCTGGCAAGGATGCTCCCACTCCGTGAGGGCGTTGACGACGGGCACGGTGGCATGCTCGGCAAGCTCCACGATGTCGCGCTGCCAATAGAGGCGGGCCACGATGAGGCTGCACCAACGGGAGAGGTTGCTGGCGACATCCTTGATCGGCTCTCGTTGACCCATTGCGATCGAATCTTTTCCGAGGTGGAGAGGATGCCCGCCAAGCTCTCGGATCGCGGTTTCGAATGAGACTCGGGTTCGAAGCGATTGCTTCTCGAACACCATTGCGACGGTTCGCCCCTCTACCGCCTGAATGACCGACGGGGCGAGCGCGCGGCGCTGCTTGCTGTAAGCGGCGAGGTCCAGCACCTCTTCTAGCTGCCCGTCCGTCATGTCGTCGATCGACAAGAAGTCGTGAGCCGGCTTGACGGCCGTCGACGTCCGGGTCGAAATCGGCGTCAGCGCCGGCGTTTCCACTCCCATTGCCTCGGCCAAGATACCGATCGCCTTGGCGATCTGCTCCTCGGTGACGATGAGCGGCGGCACGAATCGAAGATTAAGCTCGTCGGTCGCGTTGATAATCAGCTTTCGGTCGAAGCAGGCACGAACGATGTCTCTCGCCACCGGCTTGTCCAAAACCGCGCCGAGCATCAGCCCCTTTCCTCGGACTTCGACCACTCCGGGCAGTTTTGCGAGCGCGTCCCTTAAGAAACCGCCCACCCTCTCCGCATTCTCAAGAAGGTCTTGGTGGTCCAAAGTGTCGATCACGGCCAGCGCGGCGGCGCAGACCAAGGGGTTGCCCCCGAATGTGGTGCCGTGGTCACCGGGTTCGAGAACGGAGGTCGCCTTCTGGGCGACGACGACCGCGCCGATCGGCAAGCCGCCCCCAAGGCCCTTCGCCAAAATGAGCACGTCGGGTCGGACCCCGTGGTGTTGGAAGGTGAACCACTTTCCGCTCCGCCCCATGCCGCACTGAACCTCGTCGAGGATAAGTAGCGCGTCGTGCTCTCGGCACAGCCGCTCGGCTTCCTGGAGGTATTCGGTCGAGAGGTCCAGGATTCCCCCCTCGCCCATGATCGGCTCGAGAAGGACCGCCGCCGTTTTGTGGCTGAAGGCGTCTCGAAGCTCTTGGAGATCGTCGGCGGTTACGTGGACGAAGCCGGGGACGAGCGGCTCGAACGGACGTTGGTATTTGCGCTGCCCGGTTGCCGAGAGCGCGCCCATCGTTCGCCCGTGGAACGAGCGATGAAGGGTGATGATCTGGTAGTCGCCGTCCGGACGCTTCTTGTTTCCGTGCTTCTTGGCGATCTTCAGGGCCGCTTCGTTGGCGGTCGCCCCGTCGTTGGCGAAGAAGACCCGCTCCATGCCGCTGATCTCCGTCAGCCGCTTGGCGAGCTGCGCCTGGGGGGCCGTGAGAAGGAGATTGCTGGTGTGGATGAGCTGCTGCGCCTGACGGGTGATCGCGGCGACCACGGCCGGATGGCAATGGCCAAGCTGGCAGACCGCGATGCCGGCAAGCATATCCAGGTACTCGTTCCCCCGGTTATCCCAGAGGGAGCAGCCCGCGCCTTGCACGAAGAGTGCCGGCATTCGGTTGTAGGTGTGCAGCACGAACTCGTCGTCGGCCGTCTTGATCGAATCGTATTTCAACATTTTCTGGTTCTGCGAAGGTGGTTTGGGTCAGTGAGGAGCCAGGTTGCCTTTAATTCCCGGCACTGACCTCCGAAGATCGACAACTAAAAGTGAAAAGGGGAGCGGGGTTGAAGCAGCTTCGCTTCGAAGGGATGAGGGGCCCGGC
NZ_CP007139.1_gap41	1814334	1816249	1915	CCCGAAGCGCGATCCGGTCTTCTACAATCCAGCCGACCCAACTCTAGTCGAGCACTTGACGTTGGATGATGAGGAAGTGAGAAGAGTAGTGAGAGCCATCCAGCCCGTATAGACTGCGGTGACCTGTCACCGCTTTTTCCTCAGCGAGCCTGCGAGCGTTGCTCATAAAGAAAGCAGGGTTCATCGGCTGGGAGCCGATGCTACGAGTTCGATTCCTCCCACCGCTCGCAGGCTCGCTACTTAAAGCGGTGACAGGTCACCGCAGTCTATAGGGGTTGAGACCTTTCTCGGATCGTGATCCTGGAAATGTGGTGGTCGGACTCTTTCCTCAGCACCACGTCCGCGTACTCCTGGGTCGGCGCTATATTTTCCCGAAGATTGACGAGGTTCACCTCCCGCCAGACGCCGCGGGCGCGGTCGAGGAATTCGTCGGTCGCCATCTGGCGGAACTGCCAGTAAAACGAATCCGGCTCCGCCCGCTCGCGTAAACCGAGGAGACGCGCCAAGAACCACTGCTCGACCACCTCTTCGTCCGCATCCAAGTAGATCGCCAAGTCGATCGACGCCGGATCGTAGAAGGCGGCGACCCCTTCGAAGATCACCATGCCCGGATTCTCCAAACTCCGCCCGCCCCCTTCCACAACGTCGTAGGTTTCGTGGGAGTAAACGGGCGCGTTGGCAGCTTTACCGGCCCGCAGATCGGCGAGAAACCGGTGCATCTTCGCCCGGTCGTAGCTCCGAGGGAACCCCTTCAGGTGCATGATCCCCTGCGCTTCCAGCACCCGAGTGGGATAGAGAAACCCATCCGTCGAGACGATCTCGACCGGGCCTATCGCCTCTGAAATCAGTTGCTGCATCACCCGGCAGAAAGTCGTCTTGCCGACCGCCACACTCCCAGTGACGCCGATCACGAACGGACGCCGCTCCTCGATTATCCGCAGCAGCGGAAGGAAAACCTCCACCACCTCCTCCCGAGGCGCCAGCTCTACTTCCCCTCCTAACGCCGAAGAGTGCGATGCCAGCGCCGCCCATTCCGCGCGAGAGTACGTGACCACGAAGACCTAGCCTACCGCTCCCGTTCACAATTGGCGACGTGAAGCAAGGCCTTCGGTTCTGGCCCCTGGTGGCGGCAATCTACTTCTGCGTCTGCGGGGGACCGTACGGGCTGGAAGAGGTCGTCAAGAGCGGCCCCGGAATGGCGATCTTCCTCATCCTCCTCATGCCCCTGGTGTGGGCGATTCCCGCCGCCTTGATGACCGCCGAGTTGACCAGCGCGATCCCGGCCGAGGGTGGTTACTACGTCTGGGTCCGGCGGGCGATGGGGCCGTTCTGGGGCTTCCTTTGCGGATGGTGGACCTGGGTTTACACCTGGGTAGACGTAGCGATCTATCCGGTGATGTTCGCCACCTACGTCCAAACTTTGCTCCGCCTCTTTGGCTACGGAGCCGCTTTCGACGACCGCCCATGGCTCCGCTGGGGCGTCGGAATGGCAATCATCGTTCCGCTCACCTGGCTTAACATCCGGGGCGTAAAGGTGGTCGGCAAGACGGCGGTCGGATTCTTCGCGCTGCTGCTGATTCCATTCGTCATCCTCGTCGCGCTCGGCCTTCCCGCCTTCCTGTCCCATCCCGAAACCGCCATTACTCCGCGGTACGTGGGCAAGTCCGCCTACGAGGCGTTCACCGCCGGACTGTTCCTCGTGATGTGGAACTACTTGGGATGGGATTCCATGTCGACCATCGCGGGCGAAGTGGAAGATCCGAAAAAGGCGTTCCCGCGAGCGCTCGCTCTCGGCGTTCCTTTGGTGACGCTGACCTACCTCATCCCGGTCCTCGTCGGCCTCGCCTTCCTCCGCGATCCGGCCGCATGGACGGAGGGCGCCTGGACGGAGGTGGCCCGGCGAATCGGCGGATCT
NZ_CP007139.1_gap42	1826573	1827748	1175	CCGCCACCTTCCGGTCGCCTACAACGGCCGCGCCTCCAGCGTGATCCCGTCCGAAGTGCCCGTGAGGCGCCCCAAGGGGCAGACGAAGGGAGCGGACGACCCAGTACCGGTCTTCGGTCCTACCAAGGAGCTGGACTTCGAGCTGGAGCTTGGCTTCTTCCTCTCGGAAGGGAACGACTTAGGCGAACCGATTCCGATCGGATCCGCTGAGGACCACATCCTGGGCGTGGTTTTGTTGAACGACTGGTCAGCCCGCGACGTTCAGCGCTGGGAATATCAGCCGCTCGGCCCGTTCCTCGCCAAAAGCTTTGCCACCTCGATCTCGCCGTGGATCGTCTCCCTCGATGCCCTCGAGCCGTTCCGCGTCGAAGGGGCCCCTCAGGAGCCGGACGTGCTTCCGCATCTCCAACCGAGTAAGCCGAGCCACTACGATATCCACCTCGAGGTGGCGATCCAGACCGAAAAGATGACCCAACCCCAGGTGCTCTCTCGCTCCAACGCGAAGTACCTCTACTGGAGCTTCGTCCAACAGCTCGCGCACCAGACATCGAACGGAACCAACACGGAACCCGGCGACCTTTACGGCACCGGGACGATCAGCGGACCCGCCGAAGGAACCTACGGCTCCCTCCTCGAGCTCTCCTGGCGCGGCCAACGCCCCATCAAAATGACCGAGACCGGCGAAGAGCGAACCTTCCTAGAAGACGGCGACACCGTCATCATCACCGGCTATTGCCAAGGAGACGGATACCGGGTCGGTTTCGGAGAGTTGCGAACGACGGTGATGGGGTAAGGGCCAGGCGTTGGGCGTTAGATCAGAAATAACTCTTTCTGCCTAACGAGCCGCTGTCCCAACGCCTAGCGCCCAACGCCTTAACGCCCAAACACGCCCCCACAACCCGTAAACTCCAACCATGCCTCTCTCCGGAGTCCTCCCCGCTTCCGTCACTCCGTTCGACCTCAGCGGTCGAATCGATCTGCCCGGCTTTGCTCGCCTGGTGGCTTGGTTTCGCTCGAACGGGTGCTCGGGGATCGTGCTGGCGGGGACGAACGGCGAGGGGCCGTCCCTGAGCGCGGTCGAGAAGCGCGATCTTGTGCGGGACGTGGTTCCGCTCGCTGAGGGGCTTCACGTCGTTCTCGGGGTGGCGACCGCAAGTTTGGAAGAGGCGGTGTGG
NZ_CP007139.1_gap43	1835170	1838207	3037	GTGGGACGGCTGTCTGACGATCGGCGAGGAGGGACGCCGCTGGCATGCCGAGACGAACTTCCCGCTGTTTGCCTGGTCCTCTACCGCTCGCGGCTACTTTGCCGGCGTCGACGACCCGGAGGTTTTGCGAGCATACGACAGCGAGACGAATCGAGCCCGCCGCGCGCGCTGCGAGGAGCTCGGCAAGAAATATGGGATGTCCACGGTCCAGATGGCGCTTGCTTGGACTCTGAGCCAGCCGGGGAACATCTTCGCTCTGTGCGGTCTCCGAACCGTGGATAACGTCAAGCAGAACGTCGAAGTCACGAAGCTGAAACTTTCCCCGGAAGAGCTGCGATATCTCGAGTTCGGCGAGCAGTAGTTAGGAACATGGTGCCAATCGAAGTCGTGCGGGGAAGCTTGCTCGAGCAAGACGTCGAGGCGATCGTCAATGCCGCCAACACCGCGATGCGAGGTGGTAGCGGGATCGATGGCGCGATCCACCGCGCTGCCGGTAAGGAGCTTATCGGGGAGTTGATGAGGGTTGCTCCCCACGGAGCCAAAGCCGGAAAGGTCGTCGTCACCCCCGGCTTCAAAACCGGATTTCGGTACATATTCCACACCGCCGGCCCGATCTGGCGGGGTGGTTTGAACGGAGAGCCAGCCCTCCTGGCCGATTGTTACCGGAACGCCACCCTGGAAGCCGAGCGTCTCGGCGTTCGCACGCTCGGGTTCTGCAGCATCTCCACCGGCGTCTACAGTTACCCGCTGGAGCGCGCGGCCCCAATTGCCTTAAACACCGTCCGCGAGACGGCCACGAATCTCGACCGAGTCGTCTTCGCCATGTTCGGCGAAAAGGAATACGAAGTCTTCGCCAAGCTAGCGAACGGCTAACGTGGCATCGGCTCCCAGCCGATGAACCCCGCGACCGTACCGGTCGTGGAATAGGGCCAAGGGCAGGATGCCCTTGGGACCCACTGGCTAGAAGCCAGTGCCACGTCAGTCTTCTAAGGCAGTCAACGACGGCTCCAGCCGCTTGGCCAGCCGGCCGCGGTCGATCTCTCGTTCGGCCACGGCGATGCCGAGATCGTACGCCTCGTCAGGGTCGATTTCCAGTTCATAGCCGTTCGTGTAGAGGAACAGCACGGCGGAGGAGAAGCCGACTCGTTTGTTGCCGTCGGCAAACGCATGGGCGAGGGCGAGGTGGACCCAGTAGGCGGCCGCCAGCAAGGCGATCGCCGGACGGTCATCATCCTCGTGGCACTCGTATAGGTAGAGGTTTCGGGGCGCGTCGAGCGCGCTTTCCAGATGGCCCGGGTGCGGCAGCCCGATCCGGCCGCCATAATTCAGCAAGCTGTCTTCGTGGATAACGAGGGCATCGTCCCACGAGATGAACCGAGGCTCGACCGTCACTTCGCCAGCTTTTCCAATGTCTTAGCGTACTTGCGGTTCAGTCGCTCGATCCCTTTCCGTAGCGGCAAAGGGGTTCCTCGGCGCAATGGCCGCTTTGGGTTCTCCGGTGCGCTTGTCTCCGTTCTCATGAATTCATTGTCCCTCATCCGAAGGCGATAAACTGTACGGTGCCCCGCTTCCGCGTCTGTAAAACGTTCACCGTCGAGTCCGGCCATATGCTGAGCAAGCATCCGGACCGATGCCGTTTTCCCCACGGCCATACCCGTAAGGTGGAGGTGATCGTGTCTTCGGAGCGACTCGACGAGAACGACATGGTCATCGACTTCAAGGCGCTGAAGCTCGCCGTGGCCGATTACATCGAAAGGTACGACCACGCGATGGCGATCAATTCGGAGGATCCGCTGCTACCTGAAATCTTGCGCGTCCATCCGACGAGCGCGATCGTTTTCGAGGGGGTGGACCCGACAACGGAGGTGATCGCAAAGGACTTGTACGATCACGTCGCGTGCATTTTGCGAGACGGGTTCGCCGGTTCTTCCTCGACTGGCATCCCCTACACTATCCATGCGAACGCCGTCTCTCTTGAGAGGGTCCGCGTGTGGGAGACTCCGAGCAGTTGGGCCGAGTACGGCGACTGAGCGTTCGGATAAAGTGGCGGTTAGATGGACGCCGTTATCACTCTCCTCCCCGACGAGCCGTACGGGCACGTATCGCCCCGGCTTTATGGCCACTTCGCGGAGCACCTTGGAAGGTGCTGTTACGACGGGCTTTGGGTGGGGCGCGATAACGTCGAAGTCGAGCACGTCGACGGGTTTCGCAAAGACGTCGTCGAGGCGCTCCGCGCGATGCCGACTCCACTCCTCCGGTGGCCGGGTGGATGCTACGCCGACCACTACCATTGGCGCGACGGAATCGGGCCGGAGCGCGCGGTGCGGCTCGGCCTCTCTTGCGGGCGGCAGGTGCTCGACGACAACACGCTGGGCACTCACGAGTTCCTTCACTTTTGCCAGTTGATCGGCGCCGAGCCGTACCTCGCGGGGAACATGGGCTCGGGATCGGTGCAGGAGCTGTGCGATTGGGTCGAGTACTGCAACACCAAGCTACCCACGACCCTTGGCAAGGAGCGAGCTGCCAACGGTCACACAAGGCCGTTCGACGTGAAGCTTTGGGGGGTCGGAAACGAGAACTGGGGATGCGGGGGTAATTACGACCCGGAGAGCTATGCCCTGGAATACCGCCGCTACTCGATGATGATGCAGCACGTCGACCCCTCGATCGAAATGGTGGTCTGCGGCCACGACCGGACTTGGAACCAGCGCTGCCTCGAGAAACTACGCGGTTATACCGGCTTCGTCGACCACTATTCGATCCACCGGTATTGGATCGAAGGAGGCCACGGAACCGAGTTCTCGGAGACCGACTACTACGCGCTTCTCGCCGAAGCCGAACGGACGGAAGAGTTCATCGTCGAGACCCGGGCGATGATCGAAGACGTCAGCCCCAAGAAGCGAATCGGCATCGCCCTCGACGAGTGGGGCGTATGGCACCCTGAAGCCCGAACCTGGGGTCCGGGACCGGTCGCCGAAGAAATCGGCGACTACTCCCAGGCCGGTACGATGCGAGACGCCTTGGCGACCGCCGTCGG
NZ_CP007139.1_gap44	1928036	1931563	3527	CACCAGGCCCGCCCCAAGGACGAGCAGAGGACGGCGGCCCAGCATGTCGCGCACAGCCGTAACATAATAACGCGATCGTTTACGATCGGTCCCGCATTTGCCGAAGGCGGCGCTCCGCGATGTCGCGGATCGAGAGCTCGGTGTCTTTAGGCAATTCCTCACCGGTTTCCGCGGGGGGGATTTCCGTCTCAAAGGCAGGTGGCAGCGGACGAACGCCGAACCTCACATCCAGGAACAGGGCGGGGTCGCCGGCGCGCTCCCGGAGGCGTTGGAGGATCGTATCTTTCCGCATCCGCAGCTCCTGCGCCCAAGCGGATCCGGATACGGCAACCCATACGGTCCCTTGTCCATATCGATCGGGATAGGAGCGCGAGGCGAGCGCTTCTCCAACGACGTCCGGCCACTCGCGAAGGATCTTTTGCGCCCGGGCGGTGCGCAACACTTCGTCACGTCCGATCGCTTTTGGAAGGGCCTGGGCGGCACGCCTCATAACGGATTTACCGTACCTGAGACCACCTCGAACACCCGGGCCTGCTCCAAAATGCGTGCACCCGCAGAGTCCGCCTCGGTGCAGGTCAGCACCGCCTGTCCAGCATTTTCCAGGACGACTTCGACCAAAAGCGCGCGACGGCGCTCGTCGAGGTCGGAAAGAATGTCGTCGAGAAGCAATAAAGGGGGAACTCCCAATTCCTGCCGAGCCACTTCCAACGTGGCGATCTTCACTGCGATCACCGACGTGCGCTGCTGCCCCTGCGAGCCGTACAGGCGTCCTTCACGCCCCTCGATCTCGACGGTCATATCGTCCCGGTGCGGGCCGCAGCTGGTGCCTCCTCGGGCAACGTCGGCCATTCTGGTGGCGGCCAGCGCGTCGGCAAGGGCGTTTGAGTCCGCGGTTTCGTCCTTGGCGGCGTATGCGACGCGGATTTTCTCCCCGGATCCCATCCGAGCATGAGTCGTCTCGGTCGTCGGAGCAAGGCGGTCGACGAAGTTTCGGCGATAAACGCGCAAGGCAGCTCCGTGTTCGGCCAACTGGGCCTCCCAAGGCTCGTACAGGGCCGCCGGCACCGCATTCTCTCTGGCATCCCGCAACAAGGCGTTCCGCTGCTCTAAGGCGCGTTTGTACAGCGTTAAATGCCTGAGGTAGCCGGGGTAGAGGCTGCTCAGCTCCAGATCAAGGAAGAGGCGACGGTCGGTCGGCTCGCCGCGGACGATCGCCATGTCTTCCGATCCGATCGAAACACACGGAAGCCGGCCGATAAGGTCGGCCGCTCTCGGGAGATTTAGTCCATTGAGGCTGGCTCGCTTTCGAACCCCTCGCTCCAACGTGATTGCGAGGCGAGACCGTCCTTCGAGCATCTCGGCGGCCACAATCGCGCGGGATCGCCCGTCGTACACTGCTTCCGCATCTCGCTGCCCTCTCAATAAGCGCGTGGTAGCGAGGAGGTACAGCGCCTCGAGGAAGTTCGTCTTTCCCTGGGCATTTCGTCCAGCCAAGACATTGAAGCCCGGAGAAAGGGATAACTGTAAGTGGTCGTAATTCCGAAATCCATCCAGGATCACCTCGGCGACCCCAAGCTCGCGGATGCGAGTTTCCCCCGCCTTCTGTATGGAATCCGCTTCTAGCATTTAATCTTGTTGTTATCCTTATAGGAAGCTGTTTTGGGGAAAACATCTGGCGCGGGTTCAAGAGAAAGCGCTGACTGCGCCACTTTTAGATTCAAACGGGGCGAAAACCTACACAAACCCTAAGTGGAAAACTGAGTGGATAACCGGCCCAATGTTTAAGTTCTTAACGTGCGTTCTCCCCACGCTTCAGATCTTCCACACCTTTCCCCATGTCGTCCACGTTCACTTTTCGCCGAACGGGGATTTCGGCCTACCGGTTTCTACCGCCTAAATTGTGACAGGCCGCGGCTACAGCAACCCGTGCTGGCGGCCGTACTTCATGACCGTCGCCTCGGCAAGGTAGAGCGGATGGACGTCGGGGATGGCGGGCACTCTCCTACGCTCGGCGAGGGGGCGCCAAACCTCCTCTATTAGCTTGTTCTGGGTGGCGGTCGACAGCTCGGGGAAGCGGTCGCAGAACCGCTTGAGCGCGTCGTACTCCTGCGGGGTCATGCCGGGCAGGTCGCCGATTTGGGGTTCCCAAGGATGGATTCCGACGACGTGAGGGGCCGCCGCGAAAATCGCATGGGGCCGCCGCTCGTAGCAGACGACGGTGCCCGCGATCTGATCGCCGATCCGCTGCGAGCGGGGATTGGTGAACATCGCGATCAAACCGAGGAAATACGGTCCTGGAATCATGTCCGCGGGCCGCATCAGGTTCCGTCCCACGGCCGCCACGAACGTGATCGGCGTACCGTCCGCCATTCTCACCCGAATGCCGGCAAATCGCTTCCCCAGGGTCTGACCGTTCCACAAGCCCTCGAATAAGATGAAGTATAGGAACGGAAACGCCCCCAAAACCGCGAAGACAACGCCGACGGCCAGACCTTGGTCGATATTGGAAAGCAGTAAGCCGATCCCAATTCCGAGCCCGGACATGCCGGCAACGCAGAGCATGAGGTCCACCACGTGGGCGCCTACCCGGCTGCCAAGACCGGCTAACCGATACGTCAAGATCGTCTTCTCCGGCGTCAGAATCGCGAGATCTTGATCCACAGCCATTTATAGCACTCCGCGCGCATGAGGTTTGATCTTCCGTACGCTAAGATAGGTCCGGTCGATGGTACCGACGCGTAGGTTCTGGCTCATGGTGGGCATTGGAGTCCCGATCGCCGCGATTGCGGCGGCCGCGGGTTCGCCCATGCTGGGCTTGGTCTACGACGTGCTCCTCCTCGCCGTGGCCTACGTCACCACTCGGCTCGCTCCATCGACAGAGGGGTTGCGCCTCAAGCGAACGTTCGATTCCGTGCTCTCGGTTCGCGCTGCCAATAAGATCCTCCTGACGGTCGAGAACGACGGCGACGAAGAAGTTTCGGCCCTTTTGCGGGACGAGGCGCCGCCAACTTTTTTTGCCAGTAAACGAGAGTTTCGAGTGTTGCTGAAGCCGGGCCAAGCGGCGGAGCTCGTCTACCACCTGACCCCGCCCGAGCGGGGCGCGGACGCGTTCCGCGGCACCTATCTCAGAGTCGATTGCCCGCTCGGCCTGGCCGTCAAGGAGGTTAAGCTGCCCACCGAGCAGCCGGTAAGGGTGTACCCAAACGTCCTTGCGCTACGCGAATTCGATCTCCTCAAGCAGAGGGGCCGGCTGAAAGATATGGGGATCCGGCGATCCCGCGCCCGAGGACTCGGCATGGAGTTCGAGTCGCTACGCGAGTACGGCGAGGGGGATGACTACCGGAAAATCGACTGGAAAGCTTCCGCGCGCCGCGGGAAGCTCGTGGTGAAGCAGTACGAGCAAGAGCGAAACCAGTGCGTCGTTATCTGCATCGACATCGGGCGGCATATGCTCAGCGAGGTGAACGGGGTTCGAAAGCTGGATCACGTGCTCGACGCGCTCCTCATGCTGACGAACGCCGCCGCAC
NZ_CP007139.1_gap45	2038288	2040556	2268	AAGCTTCTGAAGCGCGCCCGAGACGGTTCGCCCCGCGGAGTCGAGAAGAGAGGGCTTGAGCGTCACATAAACGCGGACCGTGGGCATGTGGCGATTTTGGCACACGGCGGGCGGCGGTCTTCTGGTTTATACGCCGAACCCAGTTCAGGTGTCGGCTCAAAGCCAGAAGCTCACACGTAGGCCACGGTGATCGCGCCTTGCCGTTGATCGGGCTTGGCCCTCTTGTGAATGACGATCTCCACGTCCAATCCGAAACATATGAGGAAGTGGAGCAAACGCTCGGTGGAGAATTCACTCAAACGACCCCTGATGATCTTGGATACCTTGGGCTGGTCAACCCCCATTAGATCCGCCGCTTGGTTCTGGGTAAGACCACGCGCTTCAATAACATCTTGGATAGCACTGGCGATCTTTGCCTTCGCAAGACGCTCTTCGGGATTGGACAGACCCAAGTCGGCAAACACGTTTCCACTTCCACGCTCCACGATTTCTTCAATCATTTCCTCTTCTCTTGCCACCGCTTGTACTCCTCTTCGGCTTGCTTAAGCCGGCTTCTAATCAGTTCGACTTCCTGCTTCGGGGTTGCGATGCCGGACTTGGATTTCTTCTGAAAGCAATGCAAAACGAAGACAGCCTCCGCGAACCGCACCGTATAAACTGCCCGATAAGCATCGCCGTCATCAGTGGCGACAACTTCGAGGACTCCAGCATCGCCGAATCCTTTTAGCGGTTTTGCCGCTACGTGTTTCTTGCCCTCCTGGGCTCGATACAGCGCAAAACCCACATCGCCCTGAACCCCTTCGGGAAAGGATTTCAAGTCTTTCCTGCTGGAGGCGATCCAGAAGACTGGTTTAAGCTGTTAACCCATTATGCCAGCACTAGCATACTTCGCGATGGGGCTTCTTGAGCGTCACCAAGACTCCCGCTAGCAAGATCGCGCCTCCCAGGGCGGACGGGGCGTCGATCCGCTCCGCGAGAAAGATCCAGGCCAAGATCGCGGCGAAGACTGGCTCGAGCAAGGTGGCGCTTGCGACTTGGCCGGCGGTGAAGTGGCGTAGCGACCAGTTGAATACCGTATGCCCGACAAGCTGCGGAAACAACGCCATGCCGCCGACCGCCAGCCACATGCTGGGATTCGAAGGGACGGTTTGCTGGCCGACCGAGAGCGCCACGATCCATAGGCAGACGGCGGCGGACGAATAGATCCAGGTCACGGTGCGCGCCGTGCCGTGTTCCTCTTGCACCCGCTGAGAAAGCAGGAGGTACGGGAGGATCAAGAGCGCGCCGGCGATGGCCATTCCATCGCCTACCCAAAATGAGCCGTGCCCCATCGGTCCGTGGGTCGCCGGCTTCGTTACCAAGACAACGCCGAAGGCGGCGATCGCCAAACCGATCCAAAACGACTTGGTAGGACGCATTGCCGGCACGAAGAGCCCAAGGATCCCGGCGAAGACCGGGGTGATCGACACGAGAAGCGTGGAGCGAGCGACGGAGATGTATTCCAACGACGTCATCCACGTCACGAAGTGAAAGGCGAGGCAGATCCCGGCAAGCGTCAGTCGAGCCCGGTCCTTCGCGTTCAGACCAGGGCTGTCGGGTTGATAGAATACGGCCCATATTCCAAGGAGGAGAGATGCCAGGGTTAAGCGCCACAGCGAGAGCTGGAGTGGCGTCATTCCCGCCTCGAGCCCGATCCGCACGAAGAGCGCGCCCGCGCCGACGGCGAGAACGCCTCCGATCAGCACGAGTGGATAGAGCACCGTCTATTTTGGGAGTGCGCGAAGCTCTTCGCGCTTTTCACCCTCCGCGGAGCAGCAAATCGCGACGAGAATGCGACAGATAGTAGGCTATAGCCCATGCCGCTGGCCGAACTTCACTACTTCTCGGATGCCCTCGGAATGCAGACCGCCGCGAACGTGATCCTCCCGAACCGAAAGTTTCCCGGACCGTATCCGGTCATGTTCCTCCTCCATGGGCTCTCCGACGACCACACGATCTGGCTGCGGCACACCAGCATCGAGCGTTACGTCTCCGAGTTGCCGCTCATCGTGGTGATGCCAAACGGCGGGCGCGGCTTCTATTGCGACGCGGTCGAAGGCTTCGCCTATTACACCGCGATCGGAGTCGAACTGGTGGACGTGGTCAGAAACTATTTCCCCACTACGGACAATTGGTGCGTCTCCGGCCTCTCCATGGGCGGCTACGGCGCGTTCCGGTTGGCGCTCGATCGTCCCGAGCTGTTTCAGTCGGCAACCGCGCTTTCGGCGG
NZ_CP007139.1_gap46	2161937	2166467	4530	GGCGGTTCGAGTGTGGAACCATGCGACGGCGTCGCTCGGCATCCCCGCACTGCCATCGGCTTCGCGGGCGCAAAATTGAAGGAGGCGGAGAGCGTCCGCCGGCTTGCCGTCGATGTCGAGGAGTCGAGCGACGATCGTTTTGCCCGAGGCGTCGCCGAAGGCTCGGGAGTTCGCCTTGATCAGGTTCCTTGCCTCGTCATAGCGTCCGACCTCGATCAAGCACTCGACGTGTGAGCGGGTCGTATGGTCGTCGGAAACTTTCGCCTTTTCGGCCGCCAGGCACTGGGAGAGGGCGTCATGGAATCGATGCTGCTGCAGGAGGCTCTGGACGAGTTTGTTCCAAGCGCCGACGTTGCCCAACTTGCGGAGGGCGAGGCTCTTTCTCGCGGCGGCTTCCGCTTTCACGGCGGTGGCGGAATCGTCCGACTCCCGGCTTCTCGCGAGGTATTCGGAGCTAAGTCTGGACCAACCGAGCGCCCCGTTCGGATCACGCCTTACGGTCTCCTCGGCGGTGCGAATCCGAGCGTCGATCCGACTGGAGTCGAACGGAATGTGGATCGGCGGCTTAGAAACTGTCGCCCAGTAGCCGGGCCGGCTATACCAGGAGGCGTAGCCCATCCAACCACCGAACGCGGCGACACCGAATGCTAAAAACATGGGGGGTTTCATTTCAGAGCTGCTCTAGAGGCTGGTTCGGCGCGCCCGGGAGAGGGACCCGGGCGCGCCGGTCGGGCTATCTGGGGTCGCCCAGATAGGGGAAGGTGCCTTTGAAGTGCTTGCCGCTGGCGTCCACGTTGTCGCTGGTGAACGCCGGTACCTCTTTGCCGTCGTCCGGCGCGAGGCCGAGCGTGGAGATGGTGTTGCCGAACACCACGCCGAGCGAGATGTCTACGACATCGTCGCCGAGCTTGCGACCGCCGAACTTGCCGCCGGTTGCGCCGCCGGTCTCGTAACCGAGGTAGGCCGCGTTGCCGGACTGGCTGAGGTCGACCTTCATGACATCCGGGACGAGGACGGCCTTGACCACTGCGGTCGTCGCCGCCGACCGCCCGGCCGGGAAGGTCATGAACGACTGAATGTCGTTCGCGAGGTTGGCGCTGTCTTCCGAAGGGGTTGCCTCGTCGTTGATCTTGTGGCGGTTGTTGGCGACGGTGGCGAACACTTCGTTCACGACCGGGCGGGCAAGACGATCCACTTGGTGGAAGGTGCCGCCGCTGGCGACGCTGGTGGTCGTCCACATGCCGATGATGTTGTTGGTCGGCCCGGGCGTATGGTTGGTGGACGAAGATCCGCCGCAGCCGGCGAGGACGACGAAAGGAACGAGGATTAGGGCTTTGTTTCTGATCACTGCAGGCTCCTCTTCGGAAGCTCCACTACGATGGAGAGGACGTTGTACTTACCGGTCGACAGGAAGTCTTTAGCGACGCCGGGGGCGCGCCAGGAACTCTGCTTCGGAGTATTCGGATCGGCGACCGGAGTTCCGGTGAGCGGAGTGGCTCGATCCGGAAAGATGTTGAGGAACTGTTCGAGGTCGAAGAAGAACGGATCTTCTCTTCCGCCGGCGAAGACGGTCATACCGCTCTTGGGGCTGAACGGAGCGTTTAGGGTGCCGTGGACCGCCAGCGGCGTTTCTTGGACACTGTCCTTGCCGGTCATGGACGGCCGAACCGGGCCAGAGATGGAGACGGTTTGCGCGGCGCCCGCGCCGGTGAACTTGGCCTGAATGACCTTGTCCTCGACTCCGTCGCCATTGTTGTCGATCTTGAATTGGTACAGGACATTTGGGTCGAATCCGACGGTGGTTCCTTCACCCGATCCGATCAAGGGGTGAACGTTCATGACGAGAACGATGTTGTCCGCGTTGGTCGGACTCGGAAACATGTAAACGTCCGTGATGTCGGTACCGGGGTTAGCGGCGATATCGGGGGTGTCGGCATGGTCCGATGCTCGGACCTTGCCGATCAACATGAGCGGCGCGAGGAGCGCTACCATGCCGAGGGCGATGTACTTCTTTGTTCGATGGGTCACGATTGTCTCCCGGGAATTGCCAAGGCATTCCTGTGAGAGAAGGTTCGCCCGCGAACCTTACGCCCCGGTGATCGGAAGATGAACAGTGGATGAACTCGCCCTAGGCCGGGTGAACGCTTCCCCTTCCCACCCACAGCGCCCACGCGATCAACACGCCTTGGAGGGGGAGTCGCAGCCAAAGCGCGACCCTTAGCCAGGGCGCGGCATCGGCCGCCGGATGCAACGCCATGTCGACGTTGACCGGGAAGACGGCCACGTACAGGGCCACTAAACCGAAGGAGGCGTAGCGTCTCGACGCGGGGATAAGAAGTCCTGCGCCGCCGGCGACTTCGAACAGGCCGCTGATAAGGACCAACCCGCGGTGGGCGGGAATATACGCTGGCATCACCCGTTCAAACTGCTCGTTTAGAACGAAGTGCAGAATGCCGATCGCGATCATTCCGAGCGCGAGTAGGGCTCGGAAGAACGGCTGAGGCGCAAAAAAGCGGCCCATATGCATAGCATACGGGCCTCGATTGGGACTAATTAGTCCACGTGCTTGCCGGTCTTGTCATCGATCCGGTCGCCGGTCAGGGCGTCGGCCGCCTTCTCGGTTATGCCGCGCGTGTCCGGGGATCCGTCCACGTCATGTCCGCCGGTCTGAATGCCGGGGACTCCGTTACCGGGAGTCGGCACTCGATCGTTGACGTCGCGAGTGGCGCCGTGGCCGATTCCGGTGATGGTGTCATCGTTATCCACCTTGTCGACGGCGGCGACTGCCGCCTGGCTGCCAAGCCCGCCCGCTACGGCACCGACGATAGCGCCGCCGATCGTGCCAAGGGGACCGGCCGCCGATCCGGCGATCGCACCGGTCACTGCGCCACCGACACCGCCGATGTTGCGCGCCTTGACCGAATCGTTGTTGGGATCGTCGTCGATACCGTGTTGAATATTGTCGTCAATCTTTTCTGCCATTTGCTCTCCTGCTCATCGCCGTGGCGAGGAGCCTTTCAATGACTACGGCGAACGCAATCCTGTTCATGAAGCGTGGGACCGGCTGCTTATCCTTGAATTGGGACCGGTCGTAGCAGCTAGCATGTAGGCATGGTCGCCAAGATCCTTTCCGCCAAAGAGGGTGAGGTTATGTCGGGGGCGGGCGGCTCCGTTCGGCTCCTTCTCGAAGGAGATCCAGTCGGAACGATGAGGCGATTGAATCGTTGCTCCTTCGCCATCAGCGGCACGTTCTCAAACGACAGCTTGAGATATATTCGCTTTGTTCAGTTACTAGGAGCGGTTACCATTTGCAACTGTAGCAGCCGTTTGCCGTTGGTTCGCTGCTCTTGCTGCACGAGGCCGGTGCCGGGGGCGTACCAGGATTCGAGTTGGATCGTGCCCGTTGGGAGCCTGAGGGTTAGGGTGGCGAGGATGGCGTCGATCTTGCGGCTGCCGATGTCGACCTTGGTCTTCTTGTGGACCAGCTTGGCGCTGGCAGGTTGAACCCGGCCCATTGAGACGAGGCGGCCATGCCAGGAGCGCGGTTTTTCGTCCTCAGCGAGCATCGGAAGCGACGGGGAAAACCATGCGTTCGCCGCTTGATCGGCGTAAAGCACGCCGCCCTGCCAGGCCAGGCGCGAGACGCCCAGGGGTCCGCTGAGCTCATAGCCGTCCTCGCCGGCTACGGAGAGGCGGCGGGCGACCCGAATCGGCTCGATACGCGAGTCGAAGCCGAAGCGAGCGATGTAGGTTGTCGCGCGTCCCACCTCCATAGGCATAAGAGGGTGCGAGCTTCCGCAGCCGGCGACGCTCGTCGCTACCGCCGCCAGCGCGCATCTCTTCAGGCTTCCATGCCAATCGGAACGCATGCGAGTAAGTATGTCTTGCACGGGCGGTTTCGTAGTACATTCAGTCCGAGGCGAGGACCCGAAGCGCGAGGTGAGAGGAACCGGCCGGGTTGGACCCAGTACGCGGCGTCGTACAATGAATGAGGAGACGGAATGACGCCGAAGCACGAGCCGAAGGAGAACGTGGTTGGATGGCTTGCGGGGCTGTTCGCGGTCCTTGTGATTGGAGCGGCCTTGTTTCCCGCGTATGGGAATCAAAAAGGGTACGCCAAGCGCACTCAGTGTTTCTCGAATCTCAAGCAAGTTGGAATCGGATTTGCTCTGTACACCTCGGACAACGAGGGCTGGATGCCGCCATCCGCCGCTTGGATCGACGAGCTGAAACCTTACACAAAGAGCGAGGAGCTCTTCGACTGCTCGGTGGCGGGCCGGTACGGCTATGCGATGAACGAGGCGCTTACCCAGGCGACCGTCGAAAAATGGTCGACGGAGAGGGCGGCTGAGACACCGGTAGCCTTCGAGTCGGTGACGATCGGGCGTAGCGTGGTCGGTTCGCTTCAATTGCTGCCCCGCGCCCCCCGCCACGGCTCGGTTAACAACATCGCCTACGTGGACGGCCATGCCAAGGGTGTGCGCCAGGGTTCGATTTTCAACAGTTTGTAGAGGAGCGCGAAGCGTTCAG
NZ_CP007139.1_gap47	2177938	2181213	3275	GTGCATGAGGGAATGGCCGAGTACAGCGGCGTCCGGTCGATGGGTCTCGGCGGCTTTGCCCGGCGTTCTTACCTCTCGGGGCGGCTGAAGGTGAACGCGCTGAAGCCATCCTACTCGTACGCTTTCGCCTACGAGACGGGGCCGGCGTACGGGCTGCTGCTGGACATGGACAGCAAGGACTGGCGAACCCGGCTAACTCCGCGCTCCAGCCTCTCCGATATGCTGCGCTCGGTCGCGAAGATCGAGTTTCCGCACGACATCGCCAAAGCGGCTCGGGCTCGGGCGGGGTTCTATGGCGGCAAGGAGATCGTCCGCGAGGAGGAGGCCCGCCAGCGAGAGACCGACGCCAAACTCAAGCTGTACCGACGCCTGCTCGTCGACGGTCCGGTTCTGGAACTGCCGGCTCCCAAGCTTGACTACACCTTTGATCCGAACGAAGTCGTTCCGTTCGGCGAGTTGGGCACGGTCTATCCGCACCTCACCTTAAGCGACGAGTGGGGGATTCTGGAGGCTTCTAAGGGAGCCCGCCTGGTCGTGAGCGCTCGTACCGCGTATGTCTCCGCGCCGACGTCGTCCGACGCCGCTTCCGGCGACGGCTGGAAGCTGACTCTCAAACCAGGATGGCGAGTCGTTCCGGGAAGCCGAAAGGGGGACTATCGGTTGGAGCGGCGGCCGGGATCGTGAACAGATCTCCATCCAACGGTCTCAAGTCTGGAGGGATCGTTAACCACGAAGTATCTTTCGACTATCGCAAGTAGGTTTCGCGATCGCCTTTGAAGCCACGGGCCTTGGCGAACACGGAAACCGTTGGTCTTGTGCCGACCCGTTGTATAATGTCTGGGTTGAGATAAGGCTCATAACGGCTACACAAGGCCGGCGGATCCTCGACGAATCTGGGGACGCCGGCCTTTTTGTGCGTCGGACGTTCCTAGTCAGGAGAACGAGAAGATGCAAACGCTTGTAATCGTGGGCGCCCAGTGGGGCGATGAGGCGAAAGGGAAGCTGGTCGACGTGCTCGGAAGCCAGGCCGAGATTGTGGTCCGCTACAGCGGCGGCAACAACGCCGGGCACACCGTCATCACCGGCGGCAAGACCTATAAGTTCCAGCTCATCCCGGCCGGAATCCTCCACCCCGGGACGGTCGCCATCGTCGGCTCCGGCATGGTCGTGGACCCGAAGGGGCTGCTCGACGAGCTGGACCGGACCTTGGCACAGAAGAGCGACCTGGGAACCCTAAAGATCTCCTCCGCCGCCCATGTGGTTTTCCCCTATCACCGGATGCTTGACGCCCTGGAAGAGGAAGCCCGGGGAGAGAACAAGATTGGAACGACCTCGCGTGGCATCGGCCCGGCGTACCAGGACAAGGTCGCCCGGATCGGCATCCGGATGGGTGAGTTCGTGGAGCCGGCGATTTTCGAAACGCGGTTCCGCGATGTGCTGAAGTACAAGAATCGGGAGCTCGAAATGCACGGGTCGCCGACGCTGGACTTCGACACGCTGTTCAGCGAATACACCGCTTACGCCGACCGGCTGCGTCCATTCGTCTGCGATACGGAGGTGCTTGTTCAGGACGCGGTGGCGGCGAACAAACGGGTCCTCTTCGAAGGGGCCCAGGGGACGTTCCTCGACCTCGATTCGGGTACCTACCCGTACGTAACCTCGTCTCACCCGATTGCCGGCGGCGCCTGTCTCGGCACCGGCGTAGGACCGCGAGCGTTGAAGAACATCCTTGGCGTAGCAAAGGCGTATACCACCCGGGTCGGCTCTGGCCCGTTTCCGACCGAGTTGGACGACGAGGTCGGCGAATTTATTCGGGATGCGGGTCAGGAGTACGGGACCGTTACCGGCCGCGGCCGCCGGTGCGGATGGCTCGATCTGGTGTTGTTGCGGCAGTCGGCTCGTCTCAACTCTCTCAGCGGCTGGGTGTTAACTCGGTTGGACGTTCTGAGCGGCCTTGAGAAGGTCAAGGTTGCGACGAAGTACCGCTACGAAGGGGGCGAGATCGAGCATATTCCGCAGAACATCTGGGACTTCGCCAAGGTGGAGCCGGTGTACGACGAGATGGAAGGGTGGTCCGGCAACCTCCGTACCGCGCGTAAGCTGTCGGACCTACCCGCCAGCGCTCAGCGATATCTCCAATACGTGGAGGAGATGACCGGCGTGCCGGTCGCCATCGTCAGTATCGGGCCGGATCGAGACGAGACGATCGTCGTTCGCCCGGATCTTATCTGGGGGTAGTTCCGGACCGGCATTCCGGATTTCTCCACCCCCAACCCCCTCCTCATCGCACATACATCGACGAGGAGGGGGCTCCGGATTATCGGGTGCCGATGGCGCGGCCGAGTCGCGGTGAGGCGACCGATCGGGTCCGGGTGGTCATGAAGGCCACGGTGGAAGCGCCGGCGACGACGATCGCCCAAGCCCCGAGATCCATCAAGATCATGGTCGAGACGTAGGTCGGGTCCAGCTTGAAGAACGTCGGCGGGTAAGAGACTCCGAGGAGGAGGCCAGCGTAAGCGACGGCCAATAGCGGAAGCACCCACAGCATCTTAGCCGGGCGAAGCTTCAGCACTTGAACCGAGATTGCGCAGGCGACGCCGATGATGAGGCCGAGAGTGGCGTGACCGACAAAGTTGGCGGCGCTCAGCCCGCCCATCGTCAAGCCGATGGCGACGATTTCAATTACGCGAAGAATGGGCACGCCGAGGATTAGCGAGAGCCCGAGATAAATTTTCTTTTCCATTCGTCTGTTCCGTCCACAAAGAGGAAGAAGTTATGCTCCGCGCGATCACCCCCGCCACCCGGCGAGAGGTAGACCGGTTGGACCCGGTGAGTTTGAACCGAACCATCGAGGACCAAGCGGTGGTAGCTTCCTTCGTACCAGCCGATCCAAGCGCTCTTATCGCGGCGCTCAACCGAAGCGATGCTGACTAGCCAGCCCGCCGTAGGGTTGTCCTTGATGTATTTGTCGATCCACTCATAGGGCATGCAGAATTCACGTAGGCCGGGGTAACTGTTCCGGAATTTTGAGACGGCTTCGGGGTGATTTCCCATCTGCGCGTAATCTTCGCGGGCGACGAGATTGCCGATGCCATCCAGCGTGTTGTCCAATGCGGATGAGCAGACCGTTTCGGGGGCGTAGTGGCCCTCAACCAAAACCGCGGGGGAGAGGGGGACGTATCCGGTATCTCCGGTATAGATCCCCTGCGCCACTGCGAGTTGGTGCATGTTGTTGAGCTCGGAGGTTTCCGCGGCTCGACGCTTGGAGGCGAGCA
NZ_CP007139.1_gap48	2260144	2260961	817	GGCCCGTGCCCGTTTCTCTGGGTCCGTTTACCGCATCGTTCTTTTCGGACGAGGCACTGGGGAAAGAGGCTGCCCGTCGCACCGATCGGGTGGTCGACTTCGACTGGAACGGCAAGCCGCCCATGTCTGGCGTCGATGGGAGCCACTGGAGCGCCCGATGGAGCGGAAATTTTATAGCGCCGAAGGCGGGCCGGTATCGGTTCTCGGTCACTTCCGACGACGGGGTGCGACTCCTTCTGGGATGGCGAAAGATTCTCGAGGATTGGACGGTCCATGCGCCAAGTCAACGTGAAGCCGAGGTGTCCCTAAAAGCAGGGGAGGCGAAGCCGATTGTTATCGAGTACTACCAGCACGACGGCGGGTCTTCTCTTCGCCTCAGCGCCGCACGAATCGAGGCGGGTCGACCGGAAGACGCGTTCCTGACGCGAGTGACGCCGATGAACTTCTATCCGCTGATCGCGGGCGTGCCGAATGCCGAGCGGGGCCAGCAGGTGATGGCGAAGCTGACGGATCCGAAGCGATTCTGGGGGAAGTGGGCCATTCCGACCCTTTCCTACGACGACCTGAATTACCACGAGCAGCAGTATTGGCGAGGGGACGTGTGGGGGCCGGTGAACTACCTACTGATGCAGGGTATCCAGCGGTACGCGAGCCCCGCGCAGCGGGCGGAGCTCGGTCGGAGGAGCGTCAGCCTGTTCATGGGACCGTGGACGAGGTCGGGTATTTGCAGCGAGAACTATCTCAGCACCACGGGGGAGCCGGGCGGGGATCCTCATTACACATGGGGGGCGCTGCTGGATCTGGTCGGGATCGAGAG
NZ_CP007139.1_gap49	2385243	2387424	2181	GATGGCTGCTCGACCGCACGATGGCGACGACGAGCACGTTGGCCACGATGACCTGCGTCCGATTCGCGAACGGGCGGTTCTACGGTTGGGAAGGGATCGGATGCTGTGAAGGGACCTGCGGCCATGTATGGCAGTACGCCCAGGCGATGGGGCGGCTCTTTCCCAAGTTGGAAAGGACGGTCCGGGAGATGGTCGACTTCGGCGTGGCGTTCCACCCGGAGACGGGGATCGTCGAGTTTCGGGGCGAGTACGGCAATGGCTATGCTGCCGACGCGCAGGCGGGCTACGTCCTTCGCGCCTATCGCGAGCACCAAGTGAGCCGGGATTCGGCCTTTCTTCATCGGGTCTATTCGCGGGCGAAGAAGGCGCTGGAATATCTCATCTCGCAAGATCCTGATGAGGATGGAATTCTCGTCGGCCGACAGCACAACACGTTGGACGTCGACCTATACGGCCCTTCCTCATGGCTTTCATCCCTCTACCTGGCGGCCCTACGGGCGGGAGAAGAGATGGCGAAGGAGACGGGAGATAAACCGTTCGCCGCCCGTTGCCGCAAGATCTTTTTGGTCGGTCAGAAGCGGTTTGTCCCCGTGATGTGGAACGGCGACTACTTTGTCCAGCGGGCCGATCCGGCTTATCCGGATGCGCTTCGATACGACGACGGGTGCGAGGTCGACCAAGTGATGGGGCAGTGGTGGGCGTGGCAACTCGGTCTCGGGTGCATCATCGAGGGAGACCGCACTAAACGAGCGCTACGCGCCCTCTACCGGAACAACTTCCTGCCCGACGTCGGACCCTATCGCGACAAGTTCACCCCCGGTCGGTGGTACGCCATGCCGGGCGAGGGCGGGCTTGTGATCTGTACGTTTCCCCGAGGCGATCGAGAACGAATTCTTGGCAACCGTCCGACCTGGGCGTCGATGTACTTCAACGAGTGCATGACCGGCTTCGAGTACGAAGCGGCCGGTCACATGATCTCCGAGGGCTTGGTGCGGGAAGGGCTGGCCGTGATCCGAACCGTCCACGACCGATACAGCCCGAGCCGCCGAAACCCTTACAACGAGGTCGAATGCAGCGACCACTACGCCCGCTGCATGGCGGTCTACGGGGCGTATCTGGCGGTTTGTGGCTTCGAGTACCACGGCCCGAAGGGTCACATCGGATTCGCCCCCCGGGTGACGCCGGAGCATTTCCGGGCGGCCTTTACCGGTGCGGAAGGATGGGGGACCTATGAGCAGCGTATCGGGAAGTCGTTCGAAGCCAGCTTCCACGTAAAGCATGGTGAGTTGCGGTTGCGGACGATCTCCTTCGACGTCCCGATGGCGATCCCAACCTCCAATGTCCGGGTGACCGGTAAGCACGTCACCGCCACCGCCGCCCGCGTCGGCCGCCGAGTGACGGTGACGTTCAGTCAGGAGGTCGTGATCACCGAAGGAGAAACCGTTCGGCTTGGTCTCTGATGGGTACGTTCCGGCTGAGCCGTACACAGGATTGTGATTCCCGTGCAAACGATTCGATCTTCGTGGCTAGCCGACTCTAACTTTTCGGCGAGACGTCCAATCGAACTTAACGTGCCCCGATGAAACGTCCTGACCCTACTAACCTGGTGTAGGTTACGGAGTAGAAAGAGGTAGAAGGGTTTAACACATGCCGACGTTCGAGTATCAAGCGCAGGCGGCGGATGGCCGCGAGGTCAACGGCAGGGTTATTGGCGCGTCTTTGGACCAGGCGTTGCAGGATCTGGTCGCGAAAGGGATGCAGATCACTAAGATTGGCTTGGCCGGAAACCCAAACGATCCGCTCGCCGGCATGTCGATCGCCTCTACCACGGTTCAAGGCGCCACCCCAGCAGAGTCGGCCGCCGAAGAGACGGGTCGAGAGGAGCCCGTCTATGACTACGGCCCCCCGACCGGCGAGCGCTCTTATGCCGAGACCAGTATCTGGGGGCCGCTTGTTGGCCAGGTCCCGCTGCCGGCGCTTCTCTTCTTCTTCCGGCAGGCGTCGACGATGTTCGAAGCGGGAGTCCCGGCCGTGCAGGCGCTGGAAACGCTGGCCGGACAATCGCAGAGCGCCAAACTTTCCGGGATCATTCGGGAAATCGCCGGCCATGTGAAGGCAGGCCGGCCGATTTCGGCGGGCTTGCAGCGATACCCCGAGGTGTTCTCCCCGATCGTGGTAAGC
NZ_CP007139.1_gap50	2489375	2492405	3030	GAATCGCCCAGCTCGGTGAGCCCCTCGGCGTAACGAGCTTCCAGGCCTTGCTCGGCGATGAGATGGCGAAGGAACTCTAGAACTCCCACTTGTGTGGCGGAGGGCCATTCGTCGGCCGGTACGATCCGGTCGACGACGGCGGCGAGGGTGCTCCAATGCGCTTCGGACAGCTCCATCGCCGCCAAGCATACGCCGTATCACGTTCCGAGTAACATGCTCCCCGGTAATGAAGAAGGTCTGGGGTGGTGCGTTTAGCGAGTCTTCGAACGACTTGGTCGACCGGTTCGGTCAGTCGATCGAGTCGGATCTGAATTTTTGGCAGGAAGATATCATCGGCTCCGTCGCCCACGCTCGCATGCTGGGCGAAGTTGGGATCATCACCAAGGAAGAGGCCGACATCCTGATCCGCGGCCTCGAAAAGATCCACGAAGAGGGGCCGGATTTCCTCCACCTGGACGTCGAGGACGTCCACACCGCCATCGAGATCCGCCTCAAGGAGCTGGTGGGAGACGTCGGGGGCAAGCTCCACACTGCCCGCAGCCGCAACGACCAGGTAGCGACCGATACCCGCCTCTACGTTCATAACCAATTGATCGAAGTCCAGGACCTGATCAAGAAGCTCCAAGGGCTTCTGCTGCGGAAGGGCGAAGAATTCCAGGGCGCGATCATGCCGGGATACACCCACCAGCAGCGGGCTCAACCCATCACCCTCGGCTTCCACCTGATGGCCCATTTTTGGGCGCTACAGCGGCACGGATGGAGGGCCGAGCGACTGTTCGAGCTCGCCAACTACTCCCCGCTCGGCGCTGCCGCCCTCGCCGGAACCAGTTTCCCGATCGACCGGGAAATGACCGCGAAGGAACTCGGCTTCATCGCCCCAATTCCAAACGCTCTCGACGCCACCAGCGACCGGTCGTACATCCTCGACACCCTGCACCTTTGCGCGCTCATCATGCTGGATCTCTCCCGGATCTCGCAAGAGCTCGTCCTCTATTCGGGCCGCGAGTTCGCATTTGTGAAGCTTAGCGACACCGTGACTACGGGAAGCAGCATCATGCCGCAGAAGCGAAACCCCGACATGGCCGAGTTGATCCGCGGCCGAACCGCCCGCGCCGTGAGCAACTGGGTCACCCTTGCCGGCGTGATGAAAGGCCTGCCCCTCGGCTACAACCGCGACACGCAGGAGGATAAGCCACCGCTGTTCGATTCCCTGCGCAAGGTCAAGGACAGTATCGAGCTCGTGTTCATGATGATCGACACCGCCGACTGGCAGCTCGATCGCATGGCGACGACCGTCCGGGGGGATTTCAGCACCGCGACCGATTTGGCCGATTACCTTGCCGCCCAAGGAATGCCGTTCCGCGAAGCCCACGAGCTCGTCGGCCAAGTCGTCCGCGGCTGCGATTCCTTAGGCTGCGCCCTCGAAGACCTCACCGAAGCCCAACTCGCGCAGATCGCTCCCGGCGTCCCCAAGGAAGCCTTAAGCGTCCTCCAACCGGAAGACTCCGTCCGCCGCCGAGAATCCCTCGGCGCCCCCGGCCCCAACGCCATGGCCACCCAACTCGCCCACGCGCGACGAATGCTGGAAGCCGTCGGGTTCCCGAAGGTCGCCTAACCCGCCACCGTGGCATGGGCTTCCAGCCCATGTGTATCACGACCATCCTGGTCGTGCAAAGCCGCCAAGGGCAAGATGCCCTTGGGACACACGGGCTGGAAGCCCAATGCCATCCAGTTTTCGTGCCGGCCGCCTATTTAGACTGCGGTGGCCTGACACCGCTTTCTGTCCGCGAGCCTGCGAGCGAGCCACCGAGTCGCTCTCGATCCCGATTCTAAGGCTCCGTCGGCAGGAAAACGGCGGCAAATCTTGCCCTCCAACAAAAACTGGATGGCATTAGGCTGGAAGCCCGTGCCACGCCCGGAACCTAGCCCACGAGGACGATGTATTTGTTCCACCGAAGGCCGTGTCTCACCCGGTGCTCAGACCGGGTGTGGATTGAAACAAGGCGAACGACGGGATCTATGCCTCGAACGGAGGTCTCATCTGGTCCCCCGACCGGGTGCGGTCCCTTCGCGCCCTGCGCCCCGCGCTTCCCCCCGCAGGAGGAGGCCAAAGGCCACCACGTGCGTGACGAAGAGCACCGGGACGTAGATTGTCGGGATCGCGAAGTTTGCGCCGAGCTGGCCCGAGACGGAGGGCAGGTCCAAGCGGACCGCGTTTGCCGTATCGATGACAAGGTCTGCCATTCCGGCCAAGTTGAATAGCCAAACCATCGGCCAGAAAATTTTCGGCCGCCGATAGCTCACCAACGCCCCGATCGCCAACGTCGCGGCTAGAAAGTCGCCGTAGGCGGCCGTGACCGCAAAGTCCGAGGGCAGATGTGCGCCAACCACCCCGGGCAACAGGAACGTGAGGCCGTAGTACCGAAAGCTGTGGATGGTCGCGATGAGGCGGTTTGCGCTCAAACGATCCATCGATTTGACCTTTGGCCAAAAGTAGTGAATCGCGAAAAGAGTCGCCACAACGTATCCGGTAACCAGGTCGACGAGAAAAATGCTAGTTGGATTCATGGCCTACCTCCTCGGGTCAGATTCGGGTCGAGCCCGGCTTGCGGGCGATGAACAGATAGACGCGCAAGCGGCCGTCGCGCAGACCCTCGGTGAGGTTCTGTACGGCATCTCTTGCCCGCCCGCCGACCAGCGAGACGAGGTTAAGCGGCGGCATCTCGCCCGACTGCATCAGCCGCCCAAGCTCGGCAAATCCCTGGACGGCGAGCGGCGTCTTGTCTTCCGCCGAAATCTCTTCGAAGCCGGCGGTCAAAAGCGCTTCGATGATCGCATGGGGCGGTGCCACGAAGCTAGAACTAGGGTCGGCCGCCCACGGCATCGGGTAATTCGGAGCCTCGCCGCCGGACAGAACCACGTCGTAGATCGCGATCCTGCCGCCCGGCTTCAGCACCCGGAACACTTCGGAATAGAACCGCGGTTTGTCTTCGATGTTCATCCCGGCGTGCTGGGTCATCGCGTCATCGA
NZ_CP007139.1_gap51	2498794	2500124	1330	ATAGGTACCGGGTCCGGAAGCGAAGTTGGAGGAGGAATCCTGCGCTCGGGCGGTGGATGAAGCCAATACAAGGGATAAGGCCATTGCTCCGCAGGCTAGGGTTCGGCGGGCGACTGCGCTCATCGGCCCTTAGACGACGTTCGCCGGAATGAGGTTCCGCTACTCACATTCCTCCAAATTGAAGCGCGCAAGACTGAGTCCCATTTCGGATTTGGTCAATGGTGGCCGGCAGTTTGCACACCCCCCAACCCAGCAGGAGGAATACCACGATTCCCAAGAGGACGAACATTGCGCCCTTCGTCCATCTCAACCTCTGATGCTGTCGCAGGCGAATGGCGATCGAATCGTCTTCGCCTCCGAGGGCGGCGGCCATGAGCAGTCCGACCCGTTGGTAGTCGGCGTGTCGCTTTCGGGATTTCGCCGAGAAGAGAAAGAGTCGGAGAAACGGGTTGGCGGCTCCGACCGCACACAAAAGACTGAGCTGGTTGCGCTTCATCGTCGCACCTCCCAAGATTCCGCGGGAGCTGAGCTGAGCAGTTTCTCTCGAGCTTCCTCGTGGGCTCGGTAGAACTGGTATTTGACCGTGTTGAGGTTTCGATTCAGAATCCGGCTGATCTCCGGAAGGCCGAACCCCTCGGAATAGTAGAGGCTCAGTAACTCGCGCTGCTCGGGCGTGCAGGAATTCCAGTAGCCGCGCATCGCCTCGCGGAGCTCCACGCTCGCGAACTCGGAAGGGAAGTAGGGGGTGCCGTCCTCGGCCTGAAAAATGTCACCGCAAACCGGACGGCCCCGTTCACGACGCCAGTGGTCCTGGACGGTGTGGTAGCAAACCGAGTAGAGCCACGTTCGAACGCTACTGTTCCCGTCGAAGGTTGAGAAACCTTGCCAGGCTCTCATCCAGGTCTCCTGGAGAACGTCTTCACGATCCCGTTCCTGAACCCTACGGGCGATGAAGCGGCGGAGGTAGCTCGAGTTTTCGTCTACGACCAAGCCGAACGCTTCCCGATCTCGCCCTTTTGTCCCGCCGAAAAGGGAAGTTTTACGCCCTCCCTGGGAGAGCGCCGCCGGAACCAACATCGCCAAAAAGGCGAAAACCCTCTTTCTTGAAATAACAACGCCGCTAAACAGGGCTGCAGTATTCATGTTCCTAACGTTCGTCGCGCTCGAAGCGAAAGAAGTTGGGCCTTTTGTCGCGACATCCAACTTTTCTTGAAAGCCAGGCGACTACCCGCGCTGTGATGCTCGGACGCCGTTTCAATACCACTCGGTCGCTCCGAGCTCAGACTCGCGCCGCCGACGCCAGCGGGCAAGGATGCCCCGAGGTGCCGCC
NZ_CP007139.1_gap52	2505375	2508179	2804	CTTGACCGCATCGATTACGTTGCGGACCGTCTCCACGATGGCGTGGAACGCTTCGGGGGTTACGTCTCTCGGGTCGGGGCCATCCCACCGTTCGCCGAGGCTTCCCGCGATGTTCACGCAGCATCGGGCGCCGACGAGGTCGGCCAGCACCAGGCGCTCCTTGCATTTCTCCACCGCTTCTTTTCGGCGTTGGGGATCTGGAGAAAGAGGGTTGTTCCAAATCCCGACCTCGGCAATGAGCAGGTCTGCCTCGCGCGCGGCGGCGGCGAACTCCGCCGGATTGGGCACGTCCCCGGGAAAGTAGGCTGCGCTGTAGCCCGCATCGCGATGCGCCGCTACCCAACTGTGCGGGTCCGTCCAACCAAAAACCGGCCCGCCGAACCTCATGCGAGCGGCGTCCGTTTCTGTTCGAGAAGCTCGATCATCGTCCCGATTTGCTCCTGCCCGTCGAAATAGGCGTACTGCCCATCTCCCATGTCGCCGCGCTGAATCATGGTCACGCCGTGTTCGTCGAGGAACGTTTTGGATTGCCGCATGTCGTCGGTCCAAAAGGCGATGTGGTGCAGACTCTCTCCTCGCTTGTCGTAACCCTCGTACCAGGCGCTATCCTTTCCGATCGGCTCGATGAGCTCGAGCTGAACGCAGCCGATGTCGAAGAAGGCGAGCTTCGCGCGGTCGTTGGTCGGCTTACCGCGGTACGTGCCATTCACCTCGCTTCCCGGATCGGTGACGATGATATTCGGTGGGTCGACTCCAAGAACGGCGGCCCATCGCTGCACCGCCAGCTCCATGTCCTTCACCACGATCGCCACCTGCGCGAGCTTCTTATTTCCGAGACTCATGGTGGTGAGTTTAGTAGAAATGGGAACGCTCGTAGTCCGGAGCCCCTCTCCCTCCTTCGGATGCATGTGCCGACGAGGGAGAGGGGTTGGGGTGAGGGAGCAAGCGAACGTACGTTCGCCATGTCCTGGAAGGACATGGGACCCACTGGCTGGAAGCCTAATGCCATCCAGTTTTTGCCCAGGCGAACTCTCGGAGAATACAAACACAGAGGCACAGAGACACGAAGGCACGGAGTTCTTGGCAATGGGACGTGCGGATGGGGCAAACGCCGACTGGATCTTTGTGTCTTTGTGCTTGGCGCCTTTGTGTTAACTCCGGACGGAAGGTTCGTTCGAAAAACTGATGGCATTAGGCTGGAAGCCAGTGCCACATTGCCGCCGGCAAAGTCAGGCTTGCAAGCTTTGGCAGACGGTAGTCAATTTCTCCGCGAAGAGGTCGAAATCCTCGAGACGGGGAATGGTGATCCGAACTCCTCGATCCAGCGGGGGCTGGCCGGGTTTTCGGACGAAGATTCCGGCTTCGAGCAGCGCCTTCATCGCCGAGACGGCGCGATCCTTCGTGCCGAAATCCACGAGCACGAAGTTGGTGTGGGAAGGCAAGGCTCGAAGTCCGAGCGACTCGGCTAGTGCTTCCATCTTTACACGCCCTAAATCGGCTTGCTGGACGACGAATCGGAGAAACTCCGGATCTTCGAGCGAGGCGATCGCTCCCGCGGCGGCCACGGAATTGACGCCGAAGTGCATCCGAATCCGGTCGATGAGTCCCACCATCTCCACATGGCCGACCGCGTAGCCGACTCGCAAGCCCGCCATCCCGTACCCTTTGGAAAAGGTGCGAACCCGGACGACACTCGCGTCCGATGTATCGATCGGCGGCAGATCGTTGGTGAAGTCGGCATACGCCTCGTCCATGAGCAACAGTGTTCGTTCCGGGAGCTGTGCTCGAAAATCGCTTAGCTCCTTTGAGGTGAGCAAGGAACCGGAGGGATTGTCGGGATTCGCCACGTACACGATGCGAGCGTCGGTTCGCAGAACCTCCGCCAGCAAAGCCGCCAGATCCACGGCGTCGTTTCGATAAGAAACCCTCGCGATCTGAGCCCCTGCGCCCAGCGCGCCGTACTCTAACGTGGGATAGCTGCCCAAGGTGGTGACGACGAAGTCGCCCGGATCGCAGTAAGCCCGGCAAAGCAGGGCCAGCAGGTCGTCGATGCCGGTGCCGACCATGACCTCTTCAACGCGAACGCCATGGTGAGCGGCGATCGCCGCCCGGAGATCCCAACCGTCGGGCTGGGAGTAATTCTGCCCCTGCGCCGCCTGAGCGACCATCGCCTCGATCGCGCGCGGCGACGGCCCGAATGGGCTCTCGTTCGCTCCCAACCGCAAAGTGAATTTTCGGCCAAGCTGCCTCTCCAGCGTTTCCGGTCCGAGGAAGGGAGCGGTAGAGGGAAGGGAGGCAACGAGCGCGGAGGGAATCGGCATGGCGCGAGATTACCGTCGTGGCACGTAGCGTCGGCGCCCTCGCCGATGAACCTGGTGTACCTTCGGTACACCAGGCGCAGGTACGAGCCAACCTGCGGCTACACGACTTCGTCGTAGGGATCCGGCTTAAGGTAGGCGAGGGGTGAAATCTGTCTCGGGCTTGACTTGGCGGCAGTAGGCGGCCATGAGGCGGGCGCAGTTTTCGACGTCGGTTAGCGACAGCAGCTCGCACGGAGTGTGCATATAGCGGAGGGCGACGCCGACGATGCCGACGGCCATACCGGCGCGGTTGAGCTGCATCGCGTTGCCGTCGGTTCCGGTGCCGCCGGGGGCCACGTCGATCTGGTAGGGGATCTCTTCTGCCGCCGCGCCCGCGCGGATCATCTTCACGACGTTCGGGTTGGCGTTCGCCCCGCGCATCACGCTCGGTCCCTTACCGACGTCGAGAGCGCCATGCTTCGTCTTGCTCACGCTCGGATAGTC
NZ_CP007139.1_gap53	2517960	2522845	4885	AGACCAAGCATCCCGTTTTCACTCTGCAACACAACGTTCATCCCCTCTGGAATGAAGTTCGCGACGAGGGTTGGGATTCCGATCCCGAGGTTGACGTAGAATCCGTCGCGCAATTCTAGCGCGGCTCGCTGGGCCAATTGATCGCGGCTGAGTGGCATGAGGTCGTTCCTTACTTGAGGTTATCTCACCCGGCCCCACACTTGGTGGGTCCCGGCCCCGCTGATGAGCGACTTCTGGTCGTCTTCGAGCTCTAGAAGTTCGGCGAGCACCTTTTCTATCTCTTCGGCGCTTGCCATTCCTTCCGCGACGAGCGCTTCTTTAATCCCATCGAGCGTGAGGCTGCTGATCCGCTTCGTCTCTCCTTCCGGTAAGAGAGTGATTTGAACGTCCGCCCTTACCGGATCGAGGCCCGCGTCGAGGGCAAGCCGGTACAGCTTTCGTCCCAGGTATGGGTCCCCTCCGCGACGGCGCACCACTACCTCGTACCATTCCAGATAGCGATCAAACGCCGCCGTTCGCGGCTCGGCGACGTGCAGGTCGAAGTCGATGTCCTCGAGCACGACCCGTGCACCCGGCTTGGTGGCCGCGATCATGGAAGCGATCGCGGCCGCTGGATCGGCGAGATGGGAAAGCAGATACCGGGCGTAGACGAGGTCGAACTTCCGTTCGATGAAAGCTAGATCGCGAACGTCTATCCGCTCGAACCGGATGCTCGGATGCCGATGGCGAGCGGCCTGGATAAATCCCTCGTTCGCGTCGACCCCCATCGCGTCGACTCCCAATTCCGCGACGCGGGCGGTAAGCGCCCCGACTCCACAACCGACGTCGAGGAACGACATCCCCTTCCGCAGCCCCGCCGCCCGAAGCAATCGCCGCGAACGCGGCCACATCGCCTCGTTAAGGATCTCGAGCCGGCGCCTGCCCGGCGCGCCGGTCGCCAACGAATACCTTTCGTCCATGGCGTTAGCCTCGCATATCCATGCCGCCATCGACGGTGATCGTGCTGCCGGTGATGAACGAGGCTAGGTCGGAGAGAAGGAACACGGTCGCCCCCGCTACATCTTCTGGGCGGCCTATCCGGCCGAGAGGAAAGCTGGCGGCTACGTTATCGCGTCCGAGAATGTCGAAGCTGGGAGCGGCCATGTCGGTGTCCGTCCAAGCCGGGGCGATGCAGTTCACCCGGATCTGATCAGGCGCCAACTCCTTGGCCATGGAGCGCATGAACATGATCTGCGCCCCCTTCGAGGTGGCGTAAGCCGAATACTCGGCGGAGCCGCGCTGGCCGGCGGTGGAGGTGTAGATGACGATGCTTCCGCCCGCGGTCCTCATATGCCGAGCGGCCGCGCGCACGGCCAGAAAGGTGCCGCGTACGTTCACCGACATCGTTCGATCCCAGAACTCGGCGGTCATCTCGGGCAAGTAACACCCTTCGAAGACCCCCGCGGAGACGACCAAGCCGCTCAGCGGGCCAAGCTCCGCCACCGCCGCGTCGACCGCCGCGTCCATGGCGCCGTCCTCTGAGATGTCCGCCTGGACGGCGAATCCTTTGCCGCTCGACGCGCGGACGTCCTCCACCGTCCGATCCGCGGCTTCGCGGTTCGAAAGGTAGTTGACGCTGACAGCGGCTCCGGCTTGCGCCGCCATCCTGGCAGATGCCGCCCCGATACCGCGGCTGCCGCCGGCGATAAAGATGTGCCGGCCGGCCAGGCTAATCATAAGCGGCTCTTTTGTGGTCACCCATCAAACGGAGCTGTCGAGGGTTCGCCGCTGCCAAGACCTCGGGATTAAATTGCCAACTCATGAACGGCGAGAACTGTTGGGCAATGAACCGGTGCGAGTAGTGGACTTGGAGCAGGTGACGAATCCGATCCGACTTGTTTTCGCTCCCGGTATGCCAAATCTCGCTTCGGAAAAAAAGGACGTCGCCCGCTTTGCACAACACCGGCTCGAGCTTCCGCCCCTTGTACTCCGGGTCCTTGTCTTTCCCCCAAGTAAGGGCTTGACCCGATTTGTGGCTGCCCGGAATCACATAGGTCGGACACAGCTCCTCGTCGATGTCGCTGAGGTAGAAGTGGGCGGTGCAGAGGTAGATCGGCAGCTTGAAGCGAGGGTCCTCGGCCATGTCTTCGGGCACTTCCACAAAGACGCGGTCGGTGTGCGGCGACCACCCGTTGTGACCTGGGTGACTGCGCCAAGCCGTCTGCCCGATAATGTGGCACTCGCTCCCCATCGTCGCCTCCGCGAGGTCGATAACGCCAGGCCAGTCGATGAACTGCAGCCAGAACGGGTCGCGGTTGAAGACGCACTTGTAATGGTCGTTGATCCCCTCCGAGTCGAAGCCGAACGGCTTAAGTCCGTCGATCTTCTCCCGTGCCTGCGCCACCAGCTCAGACGAAAGGACGTTCGGGATCAAAGCGAAGCCGTCGTCGTGGATCGCCTGGGCCATTTCGGCGACTTGGTTGAGGCCAAAGGTGTGCTGTAGATAGCGGAAGTCTTGGGTCACGCTCATGATTCTGGGCACACTTTATCATGTTAGGCGCGTTTCAAATCCGCATAAAGGATGTCGTTTCCGTACAGAGAGTGGGAGGTCGCCAGGATCTCTCCCTTCGGCGAATAAATCGTCGAGAATCCGTACCCGAACCACGGCTGGGGTTCGTCGACGCTCCAGTTTGCGCCCACGACGTAATGACCGTACGCCCTTAACCGCCCGGGCAGGATATGCCAAAACCAGTCGGCGGGATGGCTGGGCGAGACCCAGGCGATCGGATAGAGCAGCGCCCAGATTTTCTTCGGCTTGAGACGGTCGAGGATGGTGTGGATGTCGAAACAGATCGCCAAGCCGACGCGGCCGTATTCCGTGTCGTACGTCTGGACGTCTCGATCTCCCTTCGTCGCCCAGCTCTTCTCCGGGACCGGCCAGGGCGTCAGCTTGCGATAGTGCGCCACGATCTTTCCCGTCGGAGCCGCGAGGCAGACCGTGTTGTAATACTTCGCTCCATCCTTCTCCACGAACGGGACGGTGACGTAGATGCCGAGACGCTTGGCGGCGGCGGCGAATTGCTTCGTGGATTCGCCGTCCACTGCCTCGGCAAACTGTTCGGGATCTCGGCCTCGAAAGGACGGCTCGATCGGCCAGCCGTCCAGATGCCAGTTCGTTCGCAGGTCCTGCGAGAGGTAGCCCGTGATCGATGCCTCGGGCAGAACCACGATCTTGGCTCCGTTCTTGGCGGCTTGCTCCACCAAACCCAGCAGCTTCTTCCGATTCGCCTCGACTTCGCCCATCACCGACGAACATTGGATCGCCGCCACTTTGACCGTCGCGGACTGGGCGATAAGAAACGTCGAAAGAAGTGTAAGCATCAAATCAATTCATCCTTGCAGTCGGAAGCCGAGGGTTTCGCTCGACTGCTAATCTAGACAAATCGATGGCCATCCCCACTTTCCTCGCCTTGCTCCTGATCCGGGCACAGACGCCGGTTCAGTACGCAAAGTTCGAATTCAATATTCCAATGCGGGACGGGGTCAAGCTTTACACTTCCGTCTACATTCCCAAGCAGGTTGCAGGCCGGCACCCGATTCTGTTGGAGCGCACCCCTTACTCTGCCGGACCTTACGGCCCAGCGAATAAGGATGATTTCTTGGGCTCGCCCCGCATGCGTCAAAAGGGCTACATCTTCGCCTACCAAGATGTCCGTGGTCAATACATGAGCGGCGGAACGTACGAGAACGTCCGCCCGATACGGAAGGACGCGACGGTCGGGACCGATGAGAGCACCGATACCTGGGACACCGTCGATTACCTGGTGAAGCATGTGCCGGGAAACAACGGAGCGGTCGGGCTTTGGGGGATTTCCTACCCCGGGTTTTACGCCGCCGCCGGGGCCATCGACACCCACCCGGCCCTGAAGGCGGTATCGCCGCAGGCGCCGGTGAGCGACTGGTTCGTGGGGGACGACGTGCACCACAACGGGGCGTTTTTCCTGCAGGACAACTTCGATTTCGGGGCGTGGTTCGATATGCCCCACAAGTCATTGGAGCGAGACCACCCCGGACTCAAGATCGACCGCGGCGGTCGCTCGGCCTACGATTTCTTCCTGCAGGGCGGATCGCTCGCGGAAATCGAGAAGAAGTATTTCAAGGGAAGAATCCCGTACTGGAACGAAGTCGCCCGACACGGCACTTACGACGATTACTGGAAAGATCGAGCCTTGCCGCCTCACATGAAGAACGTGAAGTGCGCCGTCCTAACCGTCGGCGGCCTCTTCGACGCCGAGGACATGTGGGGCGCGCTGAATACCTACGCCGCGACCGAGCGCCAGAACCCCGGAATCCCCAACTTCCTTGTGATGGGCCCGTGGTACCACGGGATGTGGGCCGAGGGAGAGGGAACCGCGTTCGGAGATCTCTCTTACGGCATGGCGACCAGCCAGTGGTATCGCGAGAATGTCGAATTTCCGTTCTTCGAGCGGTATCTTCGCGGCCAAGAAGTACCTCCGCCCGCGGAGGCGACGATTTTCCAAACCGGTGCTAACCGATGGCGCACGTTCACCCAATGGCCGCCCGCCGGCCTGGGCAAATATTCCGTCTATCTGGGCGAAGGACATACGCTGACGGAATCCGCGCCGGGTACAGAGGGCGCGGATTCGTATGAGAACGATCCAGCCCGGCCGACCCCGTACATCGCGGATCTCTCCTCGAAAGAACGTCCCGCCACCTACATGGTGGACGACCAGCGATGGGCCGAGAAGCGTTCGGATGTCGCCACCTATAAGGGCCCGGTGCTAGCTCGGGATCTGACGGTTGCCGGTCCGGTCGACGTCGACCTCTGGGCCTCGACGACCGGAACCGACGCCGATTTCGTGGTGAAGGTGATTGACGTATGGCC
NZ_CP007139.1_gap54	2531219	2535973	4754	TCGTCCACAAAAATCTTCGACCCGTCCACCCTTACCCGCGATGCGAGCGGGGGACGCTGCAGAATGGGCTCCCCGCGCACCAGCTCGACCATGCCGAAGATGCCGCCGAACGTGTGGTAGACGAACGGCAGGAAGCCGCTGGCGACCTCCCTGACCGGGTAGGTCGGCCCTCCGTTCTTGACTACCGAAACCTCGACCTCGATCTTCTTCGCCGAGTATTTGTCCAACGGAACCGCAAAGGCATCCCAGATCCCCTTGTGAGAGGCAACCGTTTCGCCGTCGATTCTAACCTCGGCCGCGTAACTTACGTTGTGGAAAAGAAGATGCGATTTTCCGCGCGGCACGGCGATCGTGGTTCGATAGGTCACCGGCCCCTCGTAGCTCACGGCGACGTCTTGACGCCAAGTGTGAGGAAGAAGGATCTCAACCGACGGAGCGTCCGCATCGTAACGGACATGCCAGCGTACGACGGGTTCAGCGTGCTCGCTCATGGGCACGGGCATTGTCGCATGTTAAGTGCCTCCGTTGCGAAGGTGAGCGCCTTTTCCGCATCCTTGGCCCACGAAACGTAACTCTCGGCGCATTCTGACGTTAAGGGAAATGGTGGCCCCAATCTCCGGATCGGGACCCCACCCGTCTTTCAAGGAGGATCCATGACGTTTCTAACCGCTGCCCTCGTGCTGGGCATTCCGGCTGTGGTCATTCCCGGCCCGCAAATCCAAGGCCTTCGCCCCCTGGCTTACGCCGCCTCGCCTTTCGGCTCCCAAGTTCTGGTGACGCTGGAGGACGGTTCCGTCCGGATTATCGATACAAAGACCCGGCAAACCGTTCGCACCCTCGCCAAACACCTGCAGCCGGCTTATGCCGCCGCTTGGAGCCCGGACGGACTCTTCGTCGCCACCGGCGACGAGACCGCCCGCATCTGGATCGAGAACGCCCGAAGCGGCCAGAAGGTGCGCGAGTACCGGACCCACACCAAAGGGATTCAAAAGCTGAGCTTCAACAGCATGGGGAACCTGCTCATCAGTACCGGCAAGGACGATGAGATCAAGATCTACAACCTCACGAAGCCCGGGCCCAAGGAGAGCCAGCACGTTCTCGGCAAAGGGGCCAACTTCTACGGGGCCGCGTTTGATCCGCACTCGCCCTTCGTCTTCGCCACCGGGATCTTGATGGCCGGCGGCGGACGCACCTACGATGCCCAGTCGGGCAGCGTCGGCGCGTTCATCTTGGGCCACGACAGCCAAGGCGCGATGGACGTGGCCTACAATCCGCAGGGAACCCGAATCGCAACGGCCGGCAAGGACGCCACGACCGTGATCGCCGATACGAAGAGCTACAAGAAGATCGGCACCCTGAAGGGGCATGCCGACTGGGTAATGGCGGTCGCATTCTCGCCGAACGGCAAGCTCGTGGCCACCAGCTCCACTGACCGAACCGTGAAGGTTTGGGACTCCACGACGATGAGAAAGGTCGCCGACCTTCCCAACCAGAGCTTCGTCGGTTCCCCCGTCGCCTTTACCGCCGACGGAAAGTCCTTGGTCACGGTCAGCGACCAAGGGTTCCTCCAGATCAACACCGTCGTCGGTCCCCAGTCGGCGGCCGTTACCACCGTCTCTTCGAGGCCGACTCCGAAGCATAAGAAGGGACTGCACGGCTAAGCCGCACCCAACATCGCTCGGCGAACCACACGAACCCTCCAGACTCCGTCTGGAGGGTTTTCCATGGCTTCAGGTTCTAACTCTTCGGCTCACCTTCCTGCCCTAACACATCTTCGATCCACGATAACCCCCGCATCATGTTGGGAAATCCGATCGTAGTCAAGGCCTGAAGCGCCGCGTGGCGAAGCTCCTCCGGAGTCGCGCCCGCCTCTAGAGCCTTCCGCGCCTGACTGTGGGTTCCTCCCTCGAGTCCCGCGCCAATCGCCAAGCCGAGCTTCACCAGGCATCGCTCCTTATTGCTAAGCGGCCCGGCATCGGCGACCGCGTCACCCAGCTCCCGGTATGCCGCCCCAATCCTCGGGTACGTCTCGACAAACGCCGTAAACCGTTTCGGAAGCTTTCCCATTCCCTAATCGTGGCACGAGCGGGGTGAGGTAGCGTCGGGACATGAGCATTGAGGCCGTCGTCCTTACCGGAGGCGCGAGCCGCCGAATGGGAACCGACAAGTCGCAGATCCCGATCGACGGGGTCGCCCAAGCCGAACGAATCGTCGCCGCCCTCACAGTGGCCGGAATTCCGGTGACCGTTCTCGGCCGAGAGGCGGTTCCGGGAGCCGCTTTCCTCGCCGACGCGGAAAAGTTCGGCGGGCCGCTCGCCGCGCTTGCCGCTTTCTCTGCAAGCCATGAGCTCGTCTTCGTCGCCTCCTGCGACCTCCCCCGATTCGAGCCGAGCGTCGTCAACCTCCTGGCTTTGAAGCTTGGCGGAGCCGATGCCGCCGTGCCTCTGCTCTCTGGTCATCGCCAACCACTCTGCGCACTCTACCGGTCCAACGCCTTCGAAGCCGCCGCCGAGGTTGCCGCCATGGGGAAGCGCAGTCTCATGGCCTGGCTCGACGTCCTCCAAGTCGCCGAGGTCGCCGAAGGCGATTTCGAATCGAGTGGCTTGGACCCGGTGGCGGCGACAAGCGCGAATACCCCCGACGAGCTCGCCGCCTTGCTTGAGCCGAAACCATGCTGACCTACGAAGAAGCCCTGTCCACGATCTTGGATGCCGTCGCGCCCCTTCAAAGCGAGTCGGAGTCACTCGTAATGCTCCCCGGCCGGATCCTTGCCGAGCCGATCGTCGCGCCCATCGACCTCCCGGTCTTCGATAACTCCGCCGTCGACGGATACGGCGTCGGCTTGCCAATCAAAGGCCCGCTCCGCCTCAAAGGCGAGCTGGCAGCCGGCTCGGATCCCACGAATGTCTCCGTCGGAAAGGGCGAGACGATCCGAATCTTTACGGGCGCCCCAGTCCCGGCCGGCGTCAACGCGGTTGCGATGCAGGAGGATTGCGTGGTGGAGAACGGCTCCGTGACGATCGGTGGAAAGCTCAAAGTGGGCGAGCATGTCCGCCGGCGAGGCGACGAGTTGACCGCCGGCACGCGGATCTTCGACTCGGGAGTCCTGGTCACCCCGCCCGTTCTTGGAGTGCTCGCCATGTGCGGCGTTGCTTCGGCGTCCGTTGCCCGCCGCCCACGCATTACCGTCGTGGAGACCGGTACCGAGCTCGTCGAGCCGGGGCAGCCGCTCACCCCCGGCGCGGTCTACGCCGCCAACGGCGTGGCCCTGGCCGCGGCGGCCCAAGCTCTGGGAGCAGAAACCCGGATCCTCCGCGCGACCGACGATCCTGCCCTATTGAAAGAAACTCTCCGCGATGCCATGAACGACGCCGACCTCGTCGTCACATCCGGCGGCGTCTCGGTGGGCGATCACGACCTCGTCCGCCCAACCTGGGAGTCGCTGGGAGTTCGCGAGGTTTTCTGGCGTGTCTCGATCAAACCGGGCAAGCCGGTCTTCTTCGGCAAGAGCGAAAGCGGCCCCCTCGTCCTTGGCCTTCCGGGCAACCCGGTTTCCTCGCTCGTAACCTTCCGCCTCTTCGTCCGCCCGGCCCTCTTGGCGCTTCAGGGGCGGAAGGATGGCGGCATCTTCACCGTCAGGGCCGGGGTCGAGATGCGCGGCAGCGATTCGCGGGACGAATTCGTCCGCGTCAACCTCCGCGATGGCCACGCTTACCCCACTCCGCACCAGGGCTCGAACGAGGCGACCGGCCTCGCGACTGCCGACGCACTCGTGCGCCTACCCGCCGGAACCGTAAGGCTAAAGTCCGGCGAAAAGGCCTCGGCGCTCTTGCTCGACTGGGCTCCGTAGGCACTTCGCTTCAATAAAGGAGCGACAGGAACCCCCCTAAACCACACTTGGTCTACCAATGTCTAAAGTCGTAAGCGCGCCGATAGCGCGGTGGGTCAAGGCAATGTCTCTCTTAGGTAAGTGGTTCGGATTTTCAGCCGACGAGGTCTTCGATGAGGCCATGGCTGAATTCGACCAAGGAGCCTACGAAGAGGCGATCGAAGCGTTCGCCAGGTGCCTCAGCGACGACTCGGTCGACGCTGCCACGCTGAGACTATCCCGCTTCTACACTGCGGAAAGCCATTCCCAGCTTGGCAAAAACCGCCTCCGAACCGGCTTGGCGCTCTCGGCCCTCCAGCACTTCGAGGCCGCCCTTCAGCTCTTTCCCGGATACCCGGACCTGAACCTGAGCGCGGCCCGCGCCTGCCGCCTTCTCGGCGCCCGGACCCGCGCTCGCTTTTACTTAGACCGAGCCCTCGACGCTAATCCGCGCTTCCCGGAGGCAATCTTCCTCGACGGAGTGCTCCGGTATGAAGCGGCGGAGTACGAGCCGGGGCTCAACCGATGTCGCGAAGCGTGCGAGCTGGAGCCAAGCCTCGGACTGGACATCTGCCGCCGTGCCATCCAGGACCATCAAGACGGCGAATGCGAACGGTGCCTCAAGTGTCTGGCCGCGATGGCGGTCAATAGCCACGGCGACTCGACGCTTCACGCCCGCGTCGCCGATAGCTTCATGCGAGACGGCCTGCTCGAAGAGGCCGCCGAGGAATACCGTCGGGCAACCGCCCTCGCCCCCGGATTTGCCGACGTTCGGTGCAAGCTCGGGCGAGTTCTCATCGCCCTCGGGCGGCCGGGGGAGGCGCTCGATCAGCTTCGAGAGGCCCTGCGTATCAATCCCGCATCGGCGGACGCCTACGCCCAGGCC
NZ_CP007139.1_gap55	2602565	2605476	2911	TTATCCGCAATAAGAATCTGGCGACGGCGATGCTCTCGCACAACGGGGTCTATCCGGATCTCTACCAGAATTTGTTCCGCTACAATCCGCCTTACTTCCGCCTGACCTCGATCACGGCCAGTCCGGTCGACGCAGAGACCGCTACCGTCACGATGACGGGCACGATTTCGACGTACCAGCAGTACGCCGACCTGATGCTCGCCGTGATGCGGAACCCGCGCGTTAAGTCGGTTGCCCGAGCCGGATACCAGGATACGAAGGATTTGTACGTCCCGCCGCTGCTCCTTACCGACCAGCAAGGCAAGCCGCACAAACCGGGCGAAACGCCGATTCCCGACGATCCTCTCGAACGACTCGCGTACTTCCAGTCGCAAGGCCAACCCGCCGGATATCTTTCCGCCGGAAACTTCGGCTCGGGCACGGACAACGAGCGCCTTGCGAAGCCGGGCGACTCCCTGATCACTCTGACGTTGAACGTTGCGGCCAATTTGCAGGTCCCCAATCCGCGAGCCACCTTGGCGGCGAGCGGCGGGGGAGGAGCATCCGTGGGAACGACTCCGGCTAGCGGACCGCTTGGCGGAGCCGGCGGGTTCGCTCCCGGCGGACCTCCTCCCGCAGGCGCCCCTGCCGGTGGCGGCAGCGCCCCTAAAGGGGCTGGCAAAGGTCGCGGTAAGGGCGGCGCCGACGACTCGGATTAAGGAAGCATTAGGATGAAGCTCAGTCCACTTACCATCATTATCGTCGGCATCTGCCTCATGCTTCCGATGCTATCGCTCGGCTTCTTCATGTATTGGAGTCCCAATATGGCGGAGAAGAAAATGTATGAGGACAACTTGGCCCTGCAGGAAGCCGAGATCGCTAAGAAGCCTCAGGCCGAGAAGCGAGTCAAGCAGGCCTACAAAATGGTTGCCGACGCCACGGCAGGTTGGTCCAACGTCGTCGCGGTTCACACGCCTCCCAAGGGAGTGGAGAATGGCGGTATCGACCTTGCCGTCAACCCTGCGCAGTTGAGCGTCGATACTCACAAGTTTCGGAATAGCGTTCAGCGCGCGCTGAACCACCAGTTGAAGGCGGGCGGCGTCACCGTGGTTAACGGACCGTACGTGAACGACTATCCGTACGACGGACCGGTCAACTCGATTCTGTCTACCTACTACAACTATCCGACACCGATTCCGTTTCCGGTCGTGATCTACGATCTCGGTACGGTGACGGTGCAGGGGACCTATAAGCAGATCTTCGATAACATGCGCGCTTGGTCGCGGATGCCGCGTTACCTCGCGGTGGCCGACGGTCTCCGGCTGGATGGCACCTCGCCTAATCTGACCGGAACCTATAACCTGACGCTCGTCGGCTTCATTCGCGCCAAGACGATCGCTCCCGCGATCAGCGAAGGAGTTGCCGCGGCGTCTACCGGTGGTGGCGGCTTCCCCGGCGGCGGTGGCTTCCCCGGCGGCGGTGGCTTCCCTGGAGGCCCTGGTGGGTTCGGAGGTCCTCGGGGGCCTGGTGGAATTCCCGGCGCTCCGGGCGGCGGTGGCGCTCCTGGCACCATGTCGGGCTCGGTGGGTGGCAACGCAGGGAGATGAACGAGCCTATGTTGACTCGTCGTAGAATAGAAAGAGACGTTCGGATGAATAAATCGCTTCAGATCCTTGCTTTGAGCGGAGTCCTGGTTGCCGTGGTCGGTTGCGGCGCTCCGGAGCCTCCTCTCGCCGCGCCGACGGTAACGCTTCCCGCCGTCAAGGTTAATTTCTCGACGGAGGCCGGAGTGCCGCCCACGGACGGAGATCCGAAGATGAACTTGGTGGCGATTCGCCGCGCCGCCGCTCGATCGGGCGGCGCTCGCTCCGACCCGTTCGCATTGCGACCGGACGAGCAGCAGTTCGAGAAAGAGCAGAACATGGAGCGGATGTTTGCCGAAAACGGTACCTTCCAAGGCCCCCAGTTCGAGCCGAAGGACGCGGTCGTAGTGCCGCCTCCGGTGGTGGAGCCGCAGCCGTACCGTCGTTTGGCGGGAATCGTCGTCGGCGACTCCGTTCTTGCGATCATCGACATGGGCAACGGCTCGACCGAGCTGATCCGGCCGGGAATGAAGGTCCCGGGCACGGAGTGGACGGTCGTCTCGATCGACGAGGAAAAGGCAGTCCTCCGACGCGCCGGCAACCGGCTTCCGAAGCAGATTGTCGTACGGCTCGAGCTGCCGCCTGCCGGTATCGGCGGGAACAACGGCGCACCGGCCGGTGGCGGCTTCAAAGGACCCGGCGGCGGCCCTGGACCGGGCGGCGGCGCCCCAGCGGACGTCGGTGGCGGTCTGGGCGGGAACGGCGGTTAGATTTTCGTACAGAGATACAATTCGACCAAAACGTAAGGAGATTTCGGCCTTCTGAAGGTTCGGAGGTTTGAGAATGAATAAAAGTTTAAAACTAGCCCTGAGCACCGCTTTCGCGGTCTCCATGCTGAGCGCGCTGCCAACCATGGCATCCGCTCAGCAAGATATGGGATCCGTCATGAACAAAGTCGTCCCTTCGCTGGAATATCAGCAGGCCGACGTTCGGGAAGCTTTGCGCGCGCTCTTTAAGAACGTGCAAGGCGTGTCCTACACGATCGCTCCGGACGTTCAGGGTGTGATCACCGTGAACCTGAAGTCGGTCACGTTCGAGACGGCTCTCCAGAGCATCACCCGACAGGTCGAGGCGACCTACCGGGTCGAGGGTGGCGTGATCAACATCATCCACCGCACGGTCGACACCAACAACGGCGTGCCTAGCGACGTGACGCCTCCGCCGGATACGAAGGGCAATAAGGTTATTCGCCGCATTCGGATTCGAGCTGCGGACCCGCAGTTCATTGCTCTGCTCATCGGATCGGACAAGGGAAGCCAGAACTTCGTGCTTGCGCCTGAGCGAAGCAC
NZ_CP007139.1_gap56	2650378	2655173	4795	TTACTATGAGTAGCCAAGCGTTACCAACTGAAGTTCAGAATCAACTTGAATTAGCTTCCGCACTCATTGAGTACGTGGTTGCAGAAGCATCGGGCCGTTCCGAGACTGTTTGCTTCGGGGACTTCCCAAGGAATCAATACTTCATCGGTAGTCTCCGACCCACTCCCTTGGCTCCCGATGCGACTCGCTGGCTTTCAGACCTAAAGCAAAAAATGTCCCCGGTTGCTGCAGGCTTGGACGCGCTGGTCAAGATACCCAGTGACCACTCAATAGAGGTTTGGGCAACGATCAGTTGGAACGTCTACTACCGAGTCCGTCCATCGTATGAAGAACAACAAACCTTTCAAGATCCAATCCGCAGGGACGATGAGGACAACGACGATGACTCGGTCGGGTCTCCACCCCCGCCTTCACAACCTAACACAAGGCAGCGGGAGCGGCCGGTACCCAAATTCAAGAAATTGAATTGCTCGGCATCTGGTCCATTAGTCTTGCAAAGCCATGAAAGCGGGATAAGTGTCGAAGCTGGTGGCGTAAATACCGCCATTAACGCGGAGCTGGCGAGGGTTGGCGCTATACGTGACGCAGACCCTGACTTGTTCCGAGTGGGTCCAAGGCCGGACCCTGAGTTACCAAACAAGCTCGGAGCAGCAGACATGGTTAGCGACCAGGCCTATAGACGATATTGGGCTAATTTGCCGGACCTGGCGATTACACCATGGGCTATCCGCGTTGACGTCTCCTGCGAACCTTCTCCTGAGCACATTGAACATGGCCGGCTGGTAGTGGATATCGTCAATGTCACTCCGATCTCCGAGAAAGACCAGGTTCACGAGCCGTTCATATTCGACACACGCTTGCAACTCGAATTCCCATCAGGCTGTCTGGCTCCATTTCGCCTAGTCTCTGCTCCGAAGGACTTTCGAGAAAATCCACGTATGTTTGGCCGGGGCCGCAACTGCGCGGTCGAACATGCTGACGACACCCTTTCTACCACCCACACGCCGATGTACATGCAGGGCCGTTACGTCACAAGGGAAACGCCCGAAGCACTTACTTGTGAGCTTGCAACAGATCCGTTTCCCACATTGGAGAAACTAGAAGTGGCAATGTCCTCCTACGAATTGGCGTGGGATCAAGCGCTGTCCGAATTCAGACTCGACCCAGCATGGGATGATGAACAAGAATTGGCCTTTATGAAGGACCGAGCACTCTACTTCGATGAGGTAAGTCGCTTCAAACACGGCCTCAACCTATTGCGAACAAATGCAGATGTTGCATACGCTTTCACGCTCATGAATCGCGCTTTCGAGCGCAATGCACTAAGAGCCTGGAGACTTATGCAGATTGTCTTTATCGTTACCCAACTCCCGGGACTCGTTGCCGAAGATCCGATGGATCAGGAAAGGGAAACAGTTGACATAATCTACTTCCCAACTGGGGGCGGAAAAACCGAAGCTTACCTTGCCGCAGTAGTTTTCTCATGCTTCTGGGATAGATTGCGAGGGAAGATTGCAGGTGTCACGGCTTGGGCTCGATTTCCTCTTCGCCTCCTTACTGCACAGCAGTTGCAGCGTTTTGCAAACATCATTTGCTGTGCCGACCTAGTGCGAAAAGCCGAACCGGATATTAGGCTCTCGGGGAGTAATGTAGACGGTTTTGCGGTCGGCTATTACGTTGGCTCTGGCGGAACACCGAATTCCATCCAGTCGGCCACGGCGTCGAACTCCGGATCGGGGCTACCTTGGGCTCAAGCGCAGGACCCAACGTTCATTCAGAAGTTCAAACGAATCGCAGTCTGCCCGGCGTGCCGCACGAGAACCGTGATCGTGGAATTCGACCACGTCGCCGTAGTTCTCCGCCACAAATGTGTAAATGAATCGTGCGCGTTTTCAGAAGGAATACTTCCAATATACGTTGTCGATAACGACCTTTATCGTTATCTCCCAAGTGTTATGGTCGGCACTCTCGACAAACTCGCGCAAATAGGTATAGCACGAAAATTTGGAATGATTTTAGGCAGTGTCGATGGCAGGTGCCCCACTCATGGGTACTACAACGGCAAATGTTGCCAAGATGGCTGCCGCGAAACTCTATCGAAAGTGAAGCCTGTGGGCCTGTCCGGTCCTTCCCTCTTTGTTCAAGATGAACTGCATTTGCTGCGCGAGGGTTTAGGAACCTTCGACTCCCATTATGAGACGCTATTCCAGCTACTTCTGAACGAAGCTGGTACGAAGATGCCGATCAAGATACTAGCTTCCTCAGCCACGATTGAGCAGTTTGAGAGGCAAGTCAACCAGCTGTATGCCAGAAGCAAGGCCAGAGTATTTCCCGGCCCAGGTCCGAAGAAGGGCCACTCGTTTTACGCAACAACTCTGAACTACCCACAAAGGCTCTACGTCGGAGTGTTACCCCACAACAAGACTCTTCTAAACGCGTTGTTTAAGTTGACTGAGTCGTACGTGCGCGGCTTGGGAACGCTACGCGGGAGATATCACACAGGACCAACCTTTACCGACGTTTCCACCCTCTACTCGTCTTGTGCGCATTACTTCTTGGCCAATCCTGACTTAGACGCTTTTAAGACTGACTTACGGGATCATGTCAGCCCAGCGCTAGTTAAGGATGGTTTCCCGCAGCCCACGACGTATACACTGACTGGAGGCACGTCTGCAGACGACGTAAGTGGAACCTTGGAGGCACTTGAGAGAAGCTCAGCCGTGTCAGACCCTGTTCAGTTCGTGTTGGCCACCAATACGATAAGCCACGGAGTCGACATTGACAGGTTGAACTGGATGTTCTTCTTTGGGATGCCTCGTCAGACTGCCGAGTATATCCAAGCGTCGAGTCGAGTGGGAAGGGCATACATTGGTGTTGTCTTCACATGCTTCAACCCTACCAGGGAGCGAGACCAAAGCCATTATCACTACTTCGCTAAGCAACACGAATTCCTCGGCAAACTCGTTGAACCTGTGCCAGTAAATAGATGGTCGAAATTCTCTCTCGACCGTACTTTGCCGGGTGCCATCAATGCGATGTTGCTACACCAGCAGTCCCAGAAACTGAGAAGTGACCGCAGGAATCTAGTCTATATTCTCGACAATGTCAAAGCCATGTTTGCCAGCGGCGAACTGAGCGAAGCAGAAGTTGAATCAGGCGTACTGACGGCGTATTTGGGGCCTCAAAACAACCTTGGGGACCCAGCATTCCGAGCTAGACTGCAGCAACGCTGCAAAGCCATTATATTTGACCAGATCGAGACGAGTGTTCGGCCGGTCACGTTCGTGAGCGATGCCATGACACCTAGTCCCATGAGGAGCCTTCGTGAAGTTGACGAGCCTGTGTCCATACGACTGAATTCGGCGGGCTTAAGTTGGAGTAGGGTTGCACGTGCAAAGGGCGGTGGAGCGTAGTGGCGATGGAAGTTGGTAAGCGGCAGATTCTATTTCAATACTTGCCTGGAAAGGTGTTCGATCATCGTGATGGAGTAATCGCGCGCGTCCGTTCAATTGTGGGCAGGGAGCACAAAGACGTTACGCCCAGCCTGCTACTGCAATCCATTCGTGAGCATGCATCCAGCTGGCCCGCCGACATGCGCACAAACTTGCCGGACCAACACCTAAACGACCTCAGCCAGTTCGTCTTTCTAGACCCGCTCGAATTAGAAGCCGAGCTATTTCCGCTCGTCTTCTGGTGCAATAACGATAGCTGCGCGCACGTTCGAGTAGTCAACGAAGACACAGTACCCAGGACGGCAAAGTGCACGAGATGCTCGGTCGGCGAAGCTATTCAAATGCCGTTTGTGCTGATGCACGCTTGTGGTCGGCTCGAAGCTTGGAATCCTCCTCAGTGCGGTACATGTAGATCAAGGGCCGATCTTGCTCTTCAGCGAAGAGGCAAGCTTCTGGGAAGCAACTCCCGCTGGTGGTGTCTGCGTTGCCAGGTAGCTGTTACCCCCCTCACGCCGAGATGTTCATGCGGTTGGTCGAACCCTGCAGATGGCATTTCGCCGATGATGCAGTACGAACTATATCGCGCCGGTCGAACCATGTACCCGCAAACTGTAACTGCGGTCAATCAACCAAACAGATCGGAGGAGACAACGAAATTACTGGCCACCGATGGTTGGGCAGCAGCGGCGACTTCAATCCATCTGGGCTTGGACCAGATTCGTGGAATGTCCCTCAACGAATGGTGCCGCCAAAGGCGAGCGGTTGACGGCGACGGAGCAGCAGCAACTGCAGAAATCAGCACGGAGGAACTAAATGCTTTAATGAATCAGCTTATGCGAGGTGAGATCACGCCGGCGCAGATGCAGGAACGGGTTACTCAGGCTAGACAGTCCGCAAGTTCTAGCCAAGTTGCTCTTTCACGAGCGAATTTGGAAGCCGCTATTTACAACGCGATCAACTTGGATTCTCCAGCAATAGCAAGCGTTGGGCGTGAAATGTTGGAGTCAGTATTCCTCTCGGAAGCTACCCGAGTAGGAACTGAACAGGGGGACTCCAACGGCACCTCTATTGAAAGACTGCTGGCCAAAATGGGAATTGCCGAAGTTTCAGTTGTGACAGACTTCCCCGTGACTACTGCAGTTTATGGCTTTACGCGGGGAGCCCCAGGTCAGAAAGCCAAGCTCAACCCATTTCCTCGCGACACTCATTACGGAAGAATTCCAGTTTACACGGACGTCGTGGAGGCGGATGCATTAATTGTAACGCTCAATCCCAATATGATTGTACAGTGGCTCGAATCACTTGGCTACAGTTGTACTTTGCCCGGTGCCTCTTCTCCGGAG
NZ_CP007139.1_gap57	2673326	2674673	1347	CCCGCACCGCCCCGGCATCCAGTCAATAGCAAGAGCCCCACGAAAAGCACCCTCCGAGACATGGATACATGATAAGCGGATTGCCCGCGAGAGTACTCCTCGAAACGGCCTACGAGACCGTAAGAACCGATCACTGTCATTGCCGATAGTCGTTACAATTGCCATGTGAGATACGCCGGGTGGATTTTGTGCCTGCTCCTCCTAGCGGTGCCGCGGCACGCGTCGGCGATTTGGTACATCCTCCATGATAGCGACCCCGAACTGGCGGTCTCGCCGATCGTCGTCGTAGGCTATTGGCCGAAAGCGAAGCGGATCCCGCACGTCCACTGGGTTGGAAAAAACGCTATCGACCACTCCGAAGTCCGGACTCAACTTCGGGTATTAAAAGTGTTGCACGGCGACATTCGAGCCGGACTCTTGCCGATTCGTTACGACGTCGGTGTTTCTTGGAACGATCAAGGAACATGCCTAAATTCGGACTCTTCGACCGAGGAAATTGGCGACGTAGACGACGTCACGAAGCCAAACATCTGGTTCCTGAAGTGGGGCAAGAGCTGGGACAAACGCGATCCGAGGCGCACTCTCACGGTCTATTCGTATCGCTGCATTCAAAGCCGGCGATTCATTCCCTACTATGAGATCTTGCGCCGGCCGGAACGCGACCGAATGATTGGCCGACTGCTCGAAAGTCGGGATTCGAAAATCGTCTACCGGTCGTTAGACTATGTTTGCGGCCCAACTCTGCCATGGCCGTTCACTTCATTCAGGACCAAGCAGGAGCTACGTCCCACTCCACCTCAAAGACCTCAGTTCATCGGTCTCATGCTGAGATTGGGACGGGTGATCGACGGGCGTATGCTCGACTGCCGTCCACTTGCCACGGCCCTCTTCTCGAATCTGTCGGGGCAATCGGCGGTGCCTAGGCTTTGTGACCTGCTCAAGGATCCACAGCCGGAGGTCCAACTGATCGCTGCCGGCTACCTCGTTCAACTGGGCAATCTCAGTTCTCTTGCCGGTATCGAGCAGGTCTGCCACACGGCCGGCACACTCAATCGTTCGGGCGCCACCGCAGGGGGTGACGACGAGAGACGTTGGAGAGAATCAAGGTTCTCCTGTGAGTTGATCAAGGCGATGGAGCGGTCCCAAGACCTTCGATACGTGCCTGCTTTGATCGGGTTTCTGGAGGACGATTCCTTCGGAGGGGCAGTTGACGAGGATATTGAGATGCCCACGCTCTACGCACGAGATGCCCTCGATCGACTTACGGGTTATCGCTTCCCGCCGGACGTGGAATCCTCTCTCAAGGCTTGGCGCCGCGTCGGTAGTTTAGCCGCCGATCAGAGAAAC
NZ_CP007139.1_gap58	2679234	2682377	3143	CGAGGAGCGGGTCTTGCGTTTTCGCCAGCGAAAGCGCGCGGGAGAGGAGAGCACGGAATCCCTCGGTTCCGGCTAGCTTGATCAGAGGTTGACGCAGCTCTTGACAGACACCAACCGCGGCGTCGACGCTCGTGCGATCCTCATTGGCGAGGAGCCGCCGAGCGAGGTCTCTGATCTCTGGCGTGGTGTTGTTCACGTCTCCCCAGTCTTCGGATCCCCGGTGTTCGGATGGATGGGTCTTCGAATAGAAGGTCGCGAAAGCCGTCGCGCAGCTTACTCCGTCGCGCCCGGCCCCTCAACCATACCATCATTTCTGTGGGAGCGCTTACAAAAGAAGAGGAAAGCTCATTTGCAGCTCGGCGCATCCGTGGCCAGGGTATTGCGGAGATTTGCTTGCTTTGTAGTATTACCTGGGTCGGATCGCGGTCCCTGGGGGACACTGCATGTATGCCCAATGCCTTCATTCTTTTGGCCGAGGACAGCGAAGACGATGAAAAGCTTACGCTTCGGGCACTTCGCGACTTACCCTCCTGCTATTCCGTGCGGGTAGCTCGGGACGGCGGCGCGGCCGCTGAAATGCTGGGGTTGCGAGGAGGGGCGAACTCGAATGCGCCTCTGCCTATTTTGGTGCTGTTGGACATCCAGATGCCAAAGATAAACGGCCTAGATCTGCTTCAAATGATTCGCGACGAAGGGAGAACGAACCTACTCAATGTGGTCGTGTTCAGCAGCTCTAACCGGAAAGAGGACGTAGACCGGGCCCACGGCCTTCGGGCGGAGTATCGGCAGAAACCGATGGAGTACTCGGAATACCTGGATACGGTGAAGAGCGTGGTCAGCCAGGCGTTGCCGAGCTTCCATCCTGAAGCCAGCGCTTTGTCGATGGCGCGGCTGGCGTAGGTCCCGCCGATTGGCGGGGTCGCTTTCAAAATGCTACCGAGCGGTGTGGCTGCCGCCGACCCTTCCCGCAAGCAACTTAACCCTCCCTGTTCGTGTGCCGGGTGAAAAAGCTTTTGGCCCGGGCGGCAAATTCTCCGTCGGTCATGTGGCTGATATTGGCCACCTCGCTTGCGGAGATTCGCTCCGCGAGTGCTTCGTTACGGTTCTCGTGCAACTCGGCCACGAAGCGATCCATCTCGCTGCTAGCGCCTTGGCCGTCCCCCATCAACAGGATCCGGTCGGCTCCCTCGAGCTTCTTCGCAAGCGCTTCGTAGAACTGCTTTCGGTGAGGTCCTTGCTGGCCGCCGGAATCGCCCTTCGGGTTATGGACCTGCTGGTCGTGGCCTTGGGGATCGAGAGGCACGACGTGCTCGGGTATCGCTTCCTCCGCATCGGCGCGAAAGATACGGGCGCCGGAGTGATCGAGAACTACCAACACATCCCTGGCGAGCGTTTGCTTCGGTTCTTCCGCGGTGTTGGTGCTTTCCAAGAAGCGGCGGATGTGCATGAGCTCCTCGACCTCGACATCTTTGCCGCGGCTGTGAAGGATCAGCGACTGCCCGTTCCGGGAAAACTTCATCTTGCCGTTCGCCTCTTCCTCCAACTCACCGATGTGGTTGAACACGGCGATAAGGCTGCGCCATTCTAGGTTGTGGGCGACTGGATGGCGAAAGATGGATTCGAAAGTGGCCCGATCGGCGCTGGAAAGTGTGGATGGCATGTGGATTCTCCCTTAAGAGGCTCCGCAGCCAAAGCAGCCGATTCCCGCCTATTTGCCGGATCGATTGCTGATGCAAATTATGAGTGCGCCCCTCCTCACATGACTCCGAACTCTGCTCCCTGTTCCTTGTACTGCGAGATTCGGCTGAATCGGGGTGGCATGGGGGAACTCTCCATCTACTCGAATCCCAGCCGCCGCCCCGGCGTTGAGGCACCCGAGTAGTCGCCGAAAGGTCTCTTCTTCTTCGGTGTAACGGCCGAAGGTCTAGCAACCCCGGGAAGCCTGTTCGGATTGCTCATCTATATCCTTAAAGCGTCCCTCTGTAGCGCCGGTACGGGGAGTTAGTGGTGCCACCGCCTTCGGTTTACGATTATCGATTAGACTGAAGGTCTCATCGAAATGCCTGAACTTAAAGAGTCCGACTCTACTCCTCGAGGCATTCGGCTCCTCGGGCCCGGCCTGATTACCGGCGCATCCGACGACGATCCTTCAGGCATCGGTACCTATTCTCAGGTCGGCGCCCAGTTTGGTTTCGGGATGCTGTGGACCATGTTGTTCGCGTACCCGCTGATGAGCGCGATCCAGGAAATCGCTGCCCGCATTGGCCGTGCAACCGGACATGGGATAGCCGGGAATCTGCGCCGTCATTATCCAACTTGGTTCAGCGTCCCCATCGTTACGGCATTACTTATTGCCAACATACTGAATATTGGCGCCGACATCGGAGCGATGGGTGCATCGCTGAAACTGCTGATCGGCGGACCCGCCCTGCTTTACGATGTGCTCTTCGCCTTAACGTGCGTTCTAGGCATGATGTACTGCAGCTACAAGCGCTATTCAGGGATCCTCAAGTGGCTTACCGCAGTGATCCTTGCCTATGTGGCAACTGCATTCATCGTAAAGGTGCCTTGGACCGAGGCGCTGAAGGCGACGGTGATTCCCGGATTTAGCACCAGCTCAAGCTACTTGGCCGCTCTCGTAGGGGTGCTCGGCACTACCATATCCCCCTATCTGTTTTTCTGGCAGGCTTCGGAGGAGGCGGAGGAGGTGCATGACAGCAAGATCGAAAAGGCTCTTACCCGTGCCCCCGAACAGGCGAAGTCGCAATTTCACCGGATTCGGATCGACACTTACGTCGGAATGTTCGCCTCCAATCTGGTGGCATGGTTCATCATTCTCGCGGCTGCGGTCACCCTTCACGCTCACGGCGTCGTCGACATCGATTCCGCGCAAACCGCCGCCAAGGCGTTGAAGCCGCTGGGAGGGAACTTGGCATTTCTCCTGTTCGCGGGTGGAATTATTGGCACTGGCATGTTGGCGGTACCTGTATTGGCGGGTAGCGCCGCTTATGCGGTGGGAGAAGAAATGCATCGGCGTGTAGGTATTGACTATTCTCCTCGGCGAGCCCCGTTCTTCTATATCGTGCTGGCAGTAGCGACGGCGATCGGAGTGGGTCTGAACTTTACGCCTATCAACCCGATCA
NZ_CP007139.1_gap59	2683968	2684786	818	TCCTGGGGATCGACCTTAGATCCATCGCGCTATTCGTCTTCTTGGAGAGGCTTTACACGGTCATGCTTCACTCCAATCTCAACCTGGACTGGGGCTGGTTTTCCAAGGTTGTCGCCAGCCCCAACGTCCATCGTCTCCACCACTCGCCTACTTGCCGCGGCAAAAACTACGCGGGCATTCTGAGCCTTCTCGATGTTCTGGCGAATACCTACCAGTCTCCTAATGCTAGCGTCAAAGTCGGGAAGCCCCCGGCTGATTTGACAAACCCATAACTGTTCGGTTATGATTTAGCGGTGTCCGAAACGACCAGCCGGGACCGACTCTTCAAAACCCTTGCGGATCCCTCGCGGAGGGCGATCTATGAGCGGATTGCTCGGGGTGGGGCGCAGACGGTGCATGCCCTCACGGATCGGTCGGGGATCTCGCAGCCGGCGGTATCCAAACATCTGGGCGTGCTGAAGAAAGCCGGTTTGGTCGCAGACGAACGATCGGGGAGGGAAACCCGATACAGCGCGACGCCCGATGGGCTCGCACCGTTGCTCGACTGGATGAAGCACTACGGGACCTTCTGGAACAAGCACCTCGACGAGCTCGAGAATCTACTTAACAGGATCGACTAATGAACGAAGACCAAACTCAAACGCAAAGCGTGGTGATCGAGCGGGAACTGCCGCACGTGCCGGAAAAGGTATGGCGCGCGCTTACCCAGCCGCAGCTCATCGAGCAGTGGCTTATGAAGAACGATTTCAAGCCGGTGGTGAACCAGGGTTTCACCCTGAGCGCCGACTGGGGTTCGGTCGAGTGCCAAGTCGTGACGG
NZ_CP007139.1_gap60	2707120	2710103	2983	GTTTCACGGACGACGAGATGCACGCGTCTTACAACGACGACCAGGTGAGAGCTTGGTGGCGGGCCATGCTCGCGATGAAGCCGGTGATGGAGGAATTCCGGTGCGAGTTCGTCGGGAAATGTAGTCCGGTCCACTTTTTCTGGGGAAGCTTCGACCTTGCGGTGACCCGCTTCTCCGGTCACCGAGCCCCGCCCAAACCGGAGATGGGCGACATGTACGCCGAGGCTTACTCCCACGAAGTGATCAGCCACGGCTTCTGGCCCGGCAGCGGTCCGGTACACGAGGCGGCGTTCTACGCTTACGCGGTTCCCGAGCCTGCCGGTTTTGCGACCGCGTCGATCGAACCCTCGGCCGCTTATTACCACTCGGAGCTTCACGAGTACATCCTCCCGTACGAGGCAGTGCGAACCGCGTCATCGCCGGAGGCGACCCTCCTCGCGTTTCTGCGCACCACCTACAACGCGGGCGCTGATCTCGGCAACTGGGATCGAAAGGAGCTGGAGAGATGGCGATGGGCTAGAACAAGCAAATCGGAAGCTTCATGAGACAACGATGCTGTGAGGGTCAAAGGACGCCGTAAGCTTTGGCCAGGCAGAGCATCGACAGAAGAAATACCAACGGAAAGGCGAACCGGCAAATCCGGTCGAGGCGCAGGGCTTTCGCGGTCCTTTCGGAGCTGTGGTAGTGGTAACTGACCACGTTTTCGATCATGAGGAGCGAGGAGTAGACCAGCGAGAGGATGACGATGCTGTCCAGGAACGTGTCGTAGACGTGAGCCGGTAGATACGTAGTGATGGTAAAGCCGTACGCCGCCGCCGTGAGCATGCCGGTCAGAGTGGCGCTGATGCGGTCCTTGACGTCGTGGGGAGGAACCCACAGGACCCCGCACAGGAGAAGCATGACCACCGCCAAGGGGACGAAGAATTTGGAAACGAAGAAGCCGGGGACGCGCTGGATCGACACGTCCGCCTCGATCTCGCTGAAGCTCGTTCGGTCTCGGATCCCCTTTCGCTCGTGGACCTTCTCGTCCACGCCCAGCATGCTCCAACCAGACATCCGGAAAGTGGGCGATAGTCCGACGATCGTCTTGTCTACGCTGAAAACCAGCTCGTCAGACCCATAGGCGAACGAGGCTAGATGTACCCGAAGACGTTGAGAGTCGAACGGGAATTTCGACATCTCGAAAACGGAATCCAGCGCTACGGAAATTTTTTCTCGGAAGAGCACGCTTCCGTCGGAGGAGATCATCAGCTCCTCGTTCTCGATCGTTGGCTTGCCGATTTGGTTGACGAACTGCACGGTCGGCCACCAAATCTTTTCCAGCATCTCGTTGGCATCCTCCTCGAGGTAGACCTTGACCTTCGCGCCCACCTTGGCGGTATCGAATGCGAGCCGAGGGTCCCGCCACTCCAAATCGAGGGCGCCATGGAGCGTGAACCGATTCGTGCCCTCGTCGATGCCGGAAATCTCCTCGACGTAAAGTCCCGCTCTCACCGGAACCGGCTCTCGCCCGTTGCTTGGAGGGGTCACGGCTACTTGGGCCAGTTGGAGTTTCGCCGGGTGGTTTTGAGCCAGCCCAAGGCTGGCCATGCCCAAAGTGAGCAACGCAACGAGGGAGACGAGCCGGTATGACATCGGGAATATGCGTGCGAATCTCAGCTTCCCATTAAGACACGCTTGCGCTAACGATATAGTAAGGCGTCTGCTTCGCTCGGATTACCGAATGAGCCGGAGCCCTAACCTAATCATGCAAAGCCGCTGGATCCTATCTCTACTATCCGTGACCCTGGTGTCGCTCGCCGCATCTCAAACGCCGAAGAGCGTGCCGTACAACTGGAAGAACGTTCAGATGGTCGGGGCCGGATTTGTCGACGGCATCGTCTTCCACCCGACGGCGAAGGATGTCCGGTACGCCCGCACGGACATGGGCGGGGCTTACCGCTGGGACGCTGGACGTCGCCGATGGGCGCCGATACTGGACTGGGTACCGTTCAACGATCTCAACTTCATGGGGGTCGAGAGCATCGCCGTCGATCCGGCCAACCCTCGAAACGTTTATCTGGCGTGTGGGACCTACACCAATTCGGGAACCCCGAATGGAGCGATCCTCCGCTCTCGAGACGGCGGCCGCACGTTCTCTACGACCCGAGTGCCGTTTAAGTTCGGCGGCAACGAGAACGGACGCGGCAACGGCGAGCGTATGACCGTCGATCCGAACGATCCTCGGCGGCTGCTCTTGGGTACCCGGCACGATGGCCTTTGGCGTAGTGACGACGGCGCGGTCACCTGGCATCGCCTGGAGAGCTTCACGCCCCTCGGCGGGCCCCGCGGCGCCGGGGTTGTGGTAACGCTATTCGATCCGAACTCGGGTAGCCGGGGGAAGGGGAGTCGAACCGCTTATGTCGCCGTCTCGAACGCGACCGGCCCTAACCTTTTTGTCACAACGGATGACGGCGCGACCTGGGCGCCCGTACCCAATGCGCCTACCGGCCTTTATCCCACCCACATGGTCCGGGGCGGCGATGGCGCGCTTTGGCTTACGTACGGTTCCAACCCCGGTCCGCAAGGGATGACGGACGGGGCGGTTTGGAAGTACAAGGGTGGGGCTTGGTCCGACGTCACGCCCGAGAAAGGTCGTTTCGGTTACGGCGCCGTCAGCGTTCAAATGGGCCGCCCCGACACGGTCATTGTTTCGACCTTCTTCCATCCCCCGCATGAGCAGATCTTCCGTACCACTGACGGGGGAAAGAGCTGGCGGCCCACGATTGGAGGCAAAGAGACTTTCGACTACTCGAAAGCTCCTTACATCTCACGCACCGGAATCCACTGGCTGTTCGATATCGAGATCAACCCCCGCAATCCCGACCACGCCATCTTTACCACCGGCTACGGTGGGCACGAGACTTTCAACCTGACCGATGCCGATCGCGGCAAGCCCGTGATCTGGCATGCGATGGCGACCGGAATCGAGGAGTCGGTCGGT
NZ_CP007139.1_gap61	2729589	2731737	2148	GACCTACGCGCTCTGGGTCTTTCACCTTTTCGGTCACACCAACTGCCGGATCATGGACGGTGGGCGGCTAAAGTGGCAGAAGGAAGGGCGGCCACTCACGAAGGAGGTCCCGAGCTATCCAGCGACCGAATACCGGTCGCCGGAGCGTGACGATAAGGAATTTCGCGCCTTCCGCGACCAGGTGCTGCAGCACCTGCATAGCCAGGGGAAGATGATCGATGTTCGCTCGCCGGAAGAGTACAACGGAACTCGCCTTCACATGGAGGCTTATCCGAACGAGGGAGCCCTCCGCGGTGGGCACATCCCGGGCGCAAAGAATGTGCCGTGGGCAAAGGCGGTCGATCCGGAGACGGGCGAGTTTCTGCCGGCCGACAAGCTTCGCAGCTTGTACGAAGAGATGTCTGGTTTAAATCCGCAAGACGACGTCATCGTCTACTGCCGCATAGGCGAGCGGTCGAGCCACACCTGGTTCGCGCTGCATTACTTGCTGGGGTATCCGAGCGTTCGGAACTACGACGGCTCTTGGACCGAGTGGGGCAATCTCGTCGGCGCGCCGATCGAACGCTAACCCGCCGAAAGCCCCGAAAGGCTTTCCTCGGGCTGGGTGGTCACTAGGCTCTTAAGCGGAGATTCCTCCCCGATTGGGGGAGGAATAAAACGTTGAGGGCAAAATGGAAGCCGGAAGCCAGAAATGCAGTCACACGGAGAAGTGGAGTCAACCGCGGAAGTCAAGAGGGTTTTGATCGTCGAGGATTATCCCGACGACGTATTGCTGATCGAGCGGGTGTTCAGCCGCTTGCCGGTCGAGATCGAAACGATGCACTTAGACGACGGCCGCGAGGCGGTGAAGCTAAGCGAGGCATGGAATCCTCTCGATGAGTTCTTCGACCTGGTGCTGCTCGACTCCCGTTTGCCCGGGGCGTCCGGCTTAGAGATGCTGAAGGCGCTCCGAATGTCCGACCCGATGGGCAAGGTTCCGATAGTCCTTCTGATCGGGGCTTCGGGAGACGACTTCTCCGAGGTGGCGCTTGGATACGGGGCCGATGCTTGCATCGTAAAGCCTCTCGCGCCGGAGGCGTTCATGGATAAGGTCCGCAAAATCGCGGAGACCTGGCTGAACTTGAACTAAGTCCACCGCTCCGCTTAGCGGAGCGGTGGACTTGCGGCTCTAGCCGCGATGTCGCCCGTTGTGCTTCAGCCGCCAGATATCCCGGCTCACCTTGTTCAACTCACGTTGGGTGTGCCGCCGCTCACCGAGGGTGTACCGGTGGCCGTCACGGCGATCTCTCCATTCGCTTCGGCGAACCCGGGCTTCCTCGCGAGCAAGCCGGTTTCGCTCATGCCAAGTGAGGCCTCCCGAACGGACTCCCTGATGGATTCGATGCCACTGGTGGCGCTCTCGGTGGTTGATGCTTTGTGCGTCGGCTACCGCCGGAACGATCGCGGCAACGGCGACGAGCGTCAACAACAGGCTCTTAATTCTTGTCATCTCTCTTTCTCCAAGGGCCCGTAAAGTTACTGGGCCACATTCCAGTTGGGACGCTCTCCCGACTCCTCGGTTCACTGGCCTGTCGAAAAGCCCGCGGGTGAACAAACCGGCCGCCGACGGCGTTATAGCGGACGTGGCCGGCCGATTGGGCGGCAGGAGATGGAGCATGAAAAAAAGTTTTCTGATCGTTTGTTTGGCGGCGGCCCTTGGCTTAGCGACGGGTGCGATGGCCCAGTCCGCCGGTCCCGTGGGCGGCGCGCCGTCAAGTTCTTCCGGTAATCATGCGGGACACGGGCAGAGAGAAAAGATCACCGAGGAGATCCTTGCCAAGCTGCACCTCACCGCCGACCAGAAGGCGAAGCTGAAGGCGCACGCCGAAGAGCTCAAGAACAAAATCAAGGAGATCCGCAAAGGTTCCAAGGGAGCTCCCACGGACGAGCAGAAGGCCAAGATGAAGGAACTGCGGAAAGCGAACCACGAATTCCTCAAGCAGACCCTCACGAAGGATCAACTGCGTGAGTTCATGAAGCTCCGAAACGAGAAGATGAAGGAGCTCAAGGAAAAGAACAAGGGTTCCGGAAAAGTCGGCACCCCCTAGGCCTCGCTATCCCGCGCCGACGCTTTGGTAAATTCCCAACGACTCGATTACCTGGAGAATC
NZ_CP007139.1_gap62	2745301	2748918	3617	TATCGATTTGATCTTAATAGTCTTGATTTCGATCGCAATCGGCAGAGAGTGGTCATCCTGAATACTTGGCGAGCATCTCGCGGATTTTCGATACTGCCCGTGCCGACCCAACATGTTGACTCTTCGATATCGACCAATGCGGCAAGATTGATTAGGCTTATCTTGCTAAGCCCAACTCCGGGAACTCGAGTGCGTGCAGAAAGCGAATTAAAGCGTCTAGGCCCGAACGCATTGCCGCAAATTATTTCCGCACTTAAGGGAGCAGCTAAAGATTCTAGTAAGAAAAACCTCCGTCTGATTGGCTCTCATTTAGCATGTACCGTCGTGGACGTCAAGTTGAACTCGAACGTAGAGGGAATCGCACGATGGCGGAACCGAGGTAGATCTTTGAGAGGGATACGCCTTACGACGCATTCGATTGTTTCGCTTCTCGAAGATCTCGAAAGCGACTTTCCCATGAAGTTTCAGACGTGCACTATACATGCCTCGCGAGGAGCGGGTGGAAGCGGAATTACGTTGGCCATTAACTTTGGTCGTTCTACGGCCGTTGGTCCGAATTCCGCTCTAAATGAAAAGTTTGTTGGTGCCGGAAAGGAACTTGGCTATGTGAGCTCCATGAACGTGCCGCTTTCCGACGAAATACCATATACTGGCTCCACACTTGACCGGCTCTTGGGATCTTCCCCTGAGTCACCCTTCAGCTTTGAGATTGAAATGAAGCATCAAGTGCCTCAGGGTTCCTTTATGGGTGCAAGAAGGCAAATTATTGAAGTCTTGGTGAGCGGCGCTCCTACCTAACGACCGGCTGGCGGAATCCCCGCTCGACGGCGTCGTTTGGATCGGTGGATACCGGCCCGTCGCGCCAGAGCCAGCGCATCATGTCGGGCATGATCGCGCCGCCAAACCTTTGGCCGTGGTTGTTCATCCCCCAGGAATAGTTCACGTCGTATCCCTTCTTGGTAAGCGCCTTCATCAGCCGCACGTTCTGCAGGAACCAGTCCCATCGCTCGTCGTAAACGCCGTTTCGGATTCCCCGATTGTCGTTCCGGCCGTCGCACAGGAATATCCTGATCGGCTTCTTCCGGCTCTTCAAGACTCGCTCGGTGTACACGTCGCCGCCATGGATGTTCGTGAAGCTGCCGACATTGCTGAGCACCTTTCGGAATGCGTTCGGCCGCTCCCAAGCGACCATGAAAGCGGCGATCGCGCCCGAGCTGGAGCCGCCGATCCCACGCTGCTCAGGATCTTTGGAGATGTTGTATTCCTTGTCCAAGGCTGGCATTAGCTCCTCGGTAATGACGCGCGCGTACTTGTCGTTCGGCGTGTTGTATTCCACTCCACGGTTTGTAAAGCCATCTCCCCAACCGGCTTTGGGCGAGGGCTCGGTCTGCTCCGGCGTACGGCCGGGATTGATGAACACGCCGATCATCACCGGTATTTCCCGGCGATAGATAAGGTTGTCCATCACATTCTGAGCTCGGACCTCTCCGTTCTCGTCTTTGAAAGCCTGTCCGTCCTGAAAAACCATAAGGGAGGCGGGAACCTTTGGATCGTACTGGGCCGGCACGTACACCCAATAGGTGTGCTGGGTTCCCGGATAGACCTGGCTGGGAATCACGAACGGCCCCCGAATCTCCCCCTTCGGAACCCCTTCCTGCGCCATCGAATCGGGACCCAGCCGGTACTGCGAGTCCGGATTCGGCCTCACCGGCCCTCGCTGAACTTGCGACACCGCCAACATCGCCGATGCTCCGAGCACGATCCCGATTGCGTAGGTAGCTGCCTTTCTCATTGAGTCCATTCTCCGTCGTCCTCGTACAGTATCGTCTTTTAGCCGCGAGGCTGCCAGACCCGAAACCGAACGGTAGGTGGTTCAGCGTAACTGGAAGCGACGAATCGGGCCGACGATGAGGAGGTAGCTGAGCATCGCAACAATGGAGTGGGCGGCGACGAACGTTAGGGCGAGGTCGAAGGAGCCGGTGCGTTCGACGATGTAACCGATAACGATTGGAGTCGTGATTCCGGCGATGTTGCCGATGGCATTGAAGATTCCGCCCGACAGCCCCGTCACTTCGCGAGGGGCCGCGTCGGAGATGATCGCCCAGCCGAGCGCGGCAAGCCCTTTGCCGAAGAACCCGACGGCCATGAATCCGATGACGAGAGCGTGATCCTGCGTGAGGTTGCAGAGCACAACCGCCGTTGAAAGCAGCGCACCCACAACGAGCGGGGCCTTGCGAGCGAACGTGAGGCTTTTTCCGCTCTTAATGAGCCGATCGGAGATGACCCCACCCAGGATGCCGCCGATCACGCCGCATATCGCCGGCGTGGCCGCGCCGAACCCGGCTTGGATGATCGTCATGTGCCGCGCCTTCACCAAATAAACCGGAAACCAGGTGGCAAAGAAGTAAGTGAGCGCCGTAATGCAGTACTGCCCTACGTAGATGCCAACCAACATCCGGTTCGTCAGCAGCTGCCCGACGACCCGCCAGGAAAATGGGACTTTGATGGTTCGATCCTCTCGGTCGAGATCGACGAGTGCGCCATTCTCGCGGATATATTCGAACTCAGATTCGTTGATCTTCGGATGGGAGTGCGGCGCATGAACGATCGCGGAGAACCCCATCGCGGCGACAAGGCCGATCCCACCCATTACGAAGAATACATATCGCCATCCGTAAGCTTGGGTCAGCCATCCCATGAAAGGAGTAAAGAAAATGAGGGCGGCGTACTGGGCCGAATTAAAGATTGCGCTTGCCGTACCGCGCTCGCTATGGGGAAACCAAGCCGCCACAATGCGTGCGTTGGCCGGAAACGACGGTGACTCCGCAATCCCGAGCAGAAAGCGGAGTATGAATAAAGCCACGACCGCGGAGGTCGGAGCCAGCCAAGAAGCTAACCCTTGGGCTGAGGTCACAACGGACCAGGTGAGGATCGACCAGAGATAAACTTTCTTGGAGCCGAACTTGTCGAGCAGCAATCCACCGGGAACTTGACCCAGAACGTACGCCCAACCAAAAGCGGAGAAGATATATCCGAGGGTTACCGAGTTGAAACCCAGGCTCTTCTGGACCGCGGTCCCCGCGATGGACATCGTCGCGCGGTCCGCGTAATTGACGGTAGTCAGAACGAACAGAACCGCGACGATCCAATAACGAACGCGCGTCGCCTTGAGCTCCCCTGATCCGCCCCTTACCCCCAAAAAGCTTTCCTCGTAAGTTCGATGGCTGCCGGAGTATATAGATTTTCAGGACTAACCGGCGGCGATTGGCTTTACCGCGACATCAACGTCGCGGTAAAGCCAGTCGATCCAAGAACTAGGTGGATTTGTGGGGACGCCGTCGACGGATTTGCAGCGCAAGGCCCGAACCGACGAGCAGTAATCCGGCGCCCACGACTGCATAGGTCCCCCAGTTCTGGTTGCCTCTCCCCCCGCCCGTAACTTGCGCTTTTTGAAGCTTCTCTAGGTCGACCATGGACGGTAGGTTATCTTGCAGGCGGTAGTACACCTGGTACTTAGTATCCGATCCAAGTCGCGAGTCCACTATTTTGACTCCGTTCGCGAGAACGTCATGGTACGACCAGTCTTTGCTCTGATCGACCTTTTCGAGTTCGTAAAG
NZ_CP007139.1_gap63	2839917	2842568	2651	CTCGACGCGGCAGGTTGTGTTGGGGGCGACATCATGAAGAGGTCTGGAAGTCATTTGCCTCCGTTGCTGATCGAATGGTCTGCGTCGAACGTCCGGGTCTTCGATCCGGTGACGCGCGAATCGACCTTTGGTGGAAGCATTACGGAGGCGTTAACATCGTCGCAAGGCGGCCGGGACGTGGTCGTCGCGGTCGGCCAGCGTAGCACGTTCATCCGCACGGTTCCGATCCCGGGCGCCTCTCGTGAAGAGATCGCGAAGATGGTGGCGTTCAAGCTGGGGCCGCTGCTGCCGATGAGCTCGAACGAGTACGTCTCCGGGTTCCGGCTGGGGCGCGGCTCAAACGGCTCCGGCAGGGTTGCCGTGGTGGGGGCGATGAAGACGGTATCGCTACGCCGGATTCATCAAGAAGCGTCGGCGAACAAGCTGACGATCCGCGCGGTGGTGCCGCTCGCGTTCGGCTCGTGGATGGCGGCGCGCTCGCGGTCGCTCACCGACTGTGCGGTGGTAGAGACCCGCCAAGAGTCGATGCACATCGACGTCGTGGCGAATGGCGAGCTTTGCTACAGCCGCACGGTCCCGATCTCCAACCCAGGCGGTGACGCGGAGGACGAGATCGCCAAAACCTTTGCCATCGCTCAGGTCCCCCCGTCGCCCGTCCTTTCGATGGCGAGTCCCGGAATTGCCGCCGACTACCTCGACTCGAAAGAGTCGATCGAACACCTCTCGGATCCCCACGCGATCGAGAAGCTCCTCTTCACCCTGGAACTGCCCGAGAAGGCGATCGCCCTCAAAGCGCGCGGGGAAGTGTGGATCATGTGGCGCGCCCTGCTGACTGCGCTCGTGGCGGTCGGACTTGGGGCAAGTGCCTACATGAAGACGAGCGCGGCGAAGGGGAAGATCGACAGCGCGAATGAAAGCCACGCGGGCCTCCTCAACACCGCGACAAAGACACAGAGCGCTGCGATCAAGCGAAGGGAAATTTCGGCGGAAGCGAAAGCGATTAGCGACCTCGCCTTTCACCCCGCCCAAAACTTCGGCGACGTGATCTCCGTGGTGGGAGGCATAGCGTCGCCCAAGTCATGGTTTACCGGCCTGACCTTGGAACGGGGGAAACAACTTCAGATCAACGGGCAGGCGCTGGATAGCAAATCGGTGGCCAAGTACAACGACGACTTGGCGAAGAATCCCCGGTTCCGAAATATGAAGGTTATTTACGCGAACAAAGGGTTGATCGGCAAGAAGCCGGTCGTGCAATTCGCGATTGCGGGCCACGTGGTCGGAAACCTCCCGATCGATCAGCTATTGAAGCGGGCAGGTAAGAAATGAACGACGTCGACATCAAGCCGGCCACCGGTTGGAACATCCTCTTCGGCGTCTCCTTGCTGGCGATCGCCCTGTCGATTTGGTTTGGTTACATGCGGCCTCCCGAGCCGGGAGCCGAGTTGGCCTGGAAGCGTAGCCTCACCAAGATGACGCTGGCGAGCCGTAAGGCTAACGACGAGGCGGACGCCAACTTCGCGCCGGTTAAGGAAAAGATGTGGAGTCAGACGATCGACACGCTTGGCTCTACGGTGCTGGACCAATTGACGCGAATGTCCGAGGAGGAGAAGCTTCAGCTTTCCGGATTCCACACCGAAAAGGCGATCGACGTCGCCGGCCTTAAGGAAGCTCCTTTCGTTCTAACCGTCGAGGGGACGTTTCCCCAGGTGATCGCTTTCATGAAGAAGCTCGAGGGACCGCAGTCGAAACTGGCAGTGAATCTGTTGCAGATCTCCGCGTCGGATACCGCGCCGGGCAATGTCACCGCGACGCTTGGCTTGGTCGGATTTGTAAAGGGGGATGCCTAAGATGGCGGTGGTTAGCAAACCGATTCTAATCGGCGGATTGATCCTCATCGGCGCGGCTGTGGTGTTCGTTTCGAACGGGCAAGATGCCCCCAAAACGGTCAAAAAGCCGCCCAAGAGCCACTCGAAGTCGCTCTCGAAATTGGAAAGCGAGTTCACGGAGGAGGACTACACGACCCGGTTCGGGAAACCGAATCAGAAGCTGCGTAACCTGTTCAGCCCGCTCGTGGTAGCGGAGGCGCCGAAGACGGCGGTGGTGCTGCCCACCGGTCCGGTCGAGCCGCCCAAGGACGTCGATAAGATCCCCGCGGAGCTGGCCGACAACGATGGGAATTGGGTCTACACCGGGTTCGCGCAAGTGAACGGCAAAGACTTGGCGCTCATCGAGAACAGCACCACCCACCAAGGGGGCTTCGTGAAGCAGGGCGAGATCTGGAAGAAGACGAAAATAATCGCGATCTCCACCGGCAGCATCGTTCTTCTCGATAAAGATGGCAAGCCGAAGGTGATCCTTCGCTACGACCCGAATCGTCCGCAGCCGGCGCAGACCCCGGGCGGCGCACCCAACTCCGGCTCCGTTCAACCTGTCAACCCGCTCCAGGGCCCGATTGGCGGTCCTTCCGGATTCCGCGGCGGCCCTTCGGGACCCCCGCCAGGCATGCAGATTCGCCCGATGCCCGGCAATATGGGCACCATGATTATCCAAGACTAAACCACCAGGACGTACTTCCATGAAGCATAAGCTCGCATTTACTATCCCCGCTTCGTTTCTCTCGCTCCTGGCGGTAGCGACCCCAGCGCTCCAGG
NZ_CP007139.1_gap64	2873976	2878767	4791	ATACGGAAGCGGTCTTCGCCGTTCACCCCGGCCTCAAAGTCGTGTCCCGCTGGGGAGTGGGCATCGACAGCGTCGATCTCGAAGCCGCCACCCAAGCCGGGGTCATAGCTACCAATACGCCGGGAGCGATGGTCGAGGCGGTTGCGGACTACACGTTTGGGTTGTTGCTGGCGACGGCGCGGCGAATCGTGGAGGGCGACCGGTTGATGCGATCCGGAGGATGGGATGAGATGCCCGGCACGCTCGTGTACGGGAAGACCCTCGGCCTGGTGGGAGCCGGAAGAATTGGGCAGGCGGTGGCACGCCGCGCCGCCGGCTTCGGGATGCGGGTTCTTGCGTTCGACCCTCCGCTACAGGCCGGCGGTGGAAAGGTCGAGATCGAGTTCGTCGATCTCGACGAGCTACTCGAGCGAAGCGATTTCGTCTGCCTTCACGCGCCGAGCTTGCCCGAGACGAAGGGGATGTTCGACGCGAAGCGGTTTGCCCAAATGAAGCGGTCGGCCTACTTCATCAACACCGCGAGGGGAGCGCTCGTCGACGAAACGGATCTCCTCGCGGCCTTGGAAACCGGACGGATCGCGGGCGCCGCGATCGACGTTTACCAACAAGAGCCGCTGCCCGCCGATCACCCGCTTAGAAACGCTCCCCGTTGCGTTCTTTCCCCCCACAACTCCTCGAACGCTCTGGAATCGACGGCGACCATGAGCCTGATGGCCGCCGAGAACGTCCTCGCCGTCATGCAAGGCGAACGCCCCCAACATCTTTGCAACCCAGAAGTCTGGGACTCGCCGAAACGAAGGGTCTAACGTCGCACGGGCGCGTTTGGTGGGAAACGACTCGCCGTCTGTCGCCCTCACACGGATGCGGAGAAGATTTGCCCACTAATACGTAGACAAACGGTGTATATTCCAACCTATGGGACTGACCGAAGCTCTGCTCGACTCATGGGATCGTCAATGCCACATCGTGGATGCCGTGGCTGGTTTGGTAACCGAAGAAACCCGCAAAGCGCTTCCGTCTCCCGACGGCTGGCCGCTCGACCACCAGCTCGCTCACATTCACCTCGTGCGGCGATACTGGCTCTCCCAGGTCTCGCCGGAGCGTGGTAAGGCCCTCGGTGAAACCTACACGGATGGTTGGGAAACCCCCATCGAAGACCTGGATCGGATCAAAGAGCTCCTCCGAGACAGCGCCGTCGCCGTGCGTGAGGCGATGCAAGAGCTGCTGACGAACGGAACCGGCGCCATCGGCGGCTACGACCACCCGGTCCTCTTCCTTCAACACATGATCTGGCACGAGGGTTGGCACGTCGGCCTCATCTTCCTCGGCCTCCGCCTCGCAGGCCACGAGCCCACCGAAGAATGGGAAGAGCCCAACGTCTGGGGTCAGTGGCGTACCGAATAGGGCCGAACTCGGAACCCACGCGCTTGGCGTCATATACTTTAAGCATATGAAGAGTGTGATAGAAGGCACTTGGGCGGAAGTTTCTCGAAAGGCCGCTGGGCTCGATGCATCGAGCCGTGTGCGGTTAGAGGTTGATCTGGACTCTCCCGCTGCTCCGGGCGCGCGAGAAGAAACTATCGAACAACGGCTTCAGAAATTTGACCGCCTGACGCGGTGGATCGATGAGAACGTTCCCAAAGACCTTCCCTCTCTTTCGGATGAGGCGCTTCGCAGAGAGTGGATGTAAAGCAAACCCATGATGCCAGGCTGGTTGCCGCTATGATCGTAAGCGGAATCGACAGGATCTTAACTTTCAACGGTCAAGACTTCGTGCGCTATCCCGAGATTGCCGTGTTGACTCCCTGATTCAAGGGAGGAGAAAAGGGATAGATTGGGACGCAGATGCGAAACAACTCGGTTAAGGCGGCGCTGAAGGAAGGGCGGGCTCAGGTGGGGACTTGGCTATCGCTAGCCAGCCCGATCGCCGCGCGATACATGGCAAGAACCGGCTTCCACTGGCTGACTCTCGACATCGAGCACAGCCCGGTCAATTGGGAGTCGGCGTCGTTGATTTTCGGGGCCATCGCCGACGCCGGCGGCGTTCCGCTCGCCCGAGTACCCGGTATCACGGTGGAAAACGTGAAACGCTGCCTGGACGCCGGAGCCTACGGAATCGTCTTCCCCATGTGCAACTCGGTGGAAGAGGCTGAGCTGGCGGTCGCCGCTTGCAAATATCCGCCCAATGGGCAGCGCAGCGTTGGCGGCGGATTCCACGCCCTCAACTTCGGCGCCAGCCCGGCCGAGTACTACCGCCGCGCCAACGATGAGATCTTGGTCGTGATCCAGGCCGAGCATGTGTTGGCGGTGGAGAGAGCCGATCAAATCCTCGCCGTCCCCGGCATCGACGCCGTCTTCGTCGGCCCGAACGATCTCCTCTCCTCCATGGCCAAAACCCCCGCCATGGACTCCGACGACCCCGCCTTCGTCGACGCCCTCCGCCACGTCCGAGAAACCGCCGTCAAACACGGCGTCGCCCCCGGCCTTCACACTGCTAGCGCCGCCGTCGCCAACCAACGAATCGCCGAAGGCTGGCAATTCGTCGCCATCAGCAGCGAACTCGGCTTCATGCTCCATTCCGCCGCCGACACCGTCTCCACCACCATCGGTCAGCAGCACACCGCCGCCGCCCGCTACTAACCCTTCCGGAGCCCCCTCTCCCTCCTTCGGATGTATGTGCCGAACGAGCGAGAGGGACTTGGGGGTGAGGGAGTCCGGAGGACCGCTGCTCTCCAGAGCGGCCCTCCCGCCCTAATGCCACAGCCGTCGCCTACGCCGCAGGCGTGTAGTAGGCACCTACGTGTGCCGCCTGCCGTCCTGGGTTGGTTATCCCACGAAAAGCTCGCCACAAAATGTCCGCGAGAACGAATATCTGACATCCAAAATAGTAGACATTTGAACACATATCTGTGTTATTATCACGGTGACTGAATGCATCTGACTTCGTAATGCAATTATCGAGACCTCGCGCCGCGCCTCCTGTGCAGAAAACAAAAAATATGGAACGAACCCAGATTTGAACCTGAGCGGCAAGGAAACGAACCCAGCGGCGCCCTTTACGCGGGGCAGTCTGAAGAAAAATCGGGGTTACCTGTCGATTTCGGGCCAGGTCATTCGACTATTTGATGAGGGCGGGGCTGGGAGCCTCGCGGTTTAGGAGAAAACGATATGTCTACAACACTGACGACGGAATCGAAGACGGTTCCCGCGAAAAGCCTGAGGGGGGCTTGCAATCTGTTTTTGAAGGATCTTCAAGCGTTGCCCGAAGAGGCGTTTAAGAAGGACTTCGGGGGCAAGACCCGCACCGTCGCCGACATCGTTTACGAGGTTAACCTCGTAAACGACCACGTCGGTATGGTGATCCGAGGCGAGGAGCCGTTCGTATGGCCGGAAGGCGCCGCCTGGATCAAAGCGCCCGAAGGGTTTGGCGCCAAAGACGACGTGATCGCGGCCTTCCAAAAGTCGTCCGAAAAGATCATCTCCACGGTCGACGCCTACTCCGTCGAAGAGCTCGAAGCCCCACTTCAGACCGAAGACGGCGAGACCAACCGAGCCGAACGCTGCCGCTTCATGACCCTCCACGTCTGGTACCACGGCGGCCAACTCAACTTCATCCAAACCCTGCTCGGCGACGACGCCTGGCATTGGAAGTAAGCACCCCGCGCAACCACAGGGGCGGCCTACGCCGCCCCGACTCCCGACGCCGGCACGGCCCGCAGAGGCTTTTAAACAAGGGTCGAGCGAGTGCACCCCTTAAGTTCGACTGTTACCGATCCGCCAATCGCGCGGTCGATCTTCTAACCAACAGCCGGGTTGGCAGGATCTTTTCGACGATCGCGGCGGCGGGATTGTCGATGGCCTGGAGGACGACCTCGACCGCCGTGGAGCCCATCTCGTACGCAGGCTGCGATACCACGGTGAGGAAAGGATCGACCATCATTGAGGCCGGAAGGTCGTCGAAGCCGACGATCGACATGTCTTCGGGCACGCGGACGCCTTGCTCGTGGAGTACCTGCAGAGCGCCGATCGCGATAAAATTGTTCAACGCGAACAGTGCCGTTGGTCGAGGTTTCGACGCCAATGCGATCGCGGCCGCTTCCCGCCCCCAGTCGGTTGAAAACCGTCCGTGCAAGACATCGATAAGGTTCTGGTCGCCTTGAAAACCGCCAAGGAATGAGGAGACCCGATCGTCCGAGGTCGGCACGCCGACCGGGCCGGCCAAGATTGCAATCCTTCGGTGGCCAAGTTCTCGAAGGTGCTCGGCCGCCGAGACCGAACCGGAACTCGAGTCGCATCGCACGAAAGAGACCGGTTCGCCCTCGACGCGTCGATCGAGAATGACGAGGGGAAGGCTCCTAGATGCCGCCAGTTTCCGCGCTTCGTATCCGTTTTTCGCCGGGACAAAGAGTATGCCGTCGACCCCTTGGCCCGCCAGGAGCTCGATGTAGCGGAGCTCCTCGGCTTCCGATTCGTCCGTGTTGCAGAGCAAAAGGAGTTGGTTCCGATCGCTGGCAGCGTCTTCGGCGCCCCGGGCTACCGTTGTAAAAAACGGGTTGGTCACGTCGGTAACGACGAGGGCCAGGGTGTTGGTTCGGTTCGAGCGTAAGCCGCGGGCCACGCGGTTCGGAATGTATCCGAGCTCACGTATCGCGGCTTCAACTCGGACCCGAACCGAGTTAGATACCGGTCCGGATCCGGTGAGCGTTCGGGAAACCGTCATCGACGTCACGCCCGCCCGCTTGGCGACATCCTCGATCGTTACCCGCTTTCGTTCACGCAAGGCTCAGCATG
NZ_CP007139.1_gap65	2967708	2971934	4226	TCGCCTTCTCGCTTAACGCGAAGGTGATCGCGAGTCCGATCGCCGCTAATCCGAAGCCCGCCGCCGCTCGTCCTGTCATCTCACTTCAGCCCCCCAAGGCGGAAGTTCGACCTTACCGGATCGTTCGGTGGAGAAAGAGACTGAGTTCGGGGTTGCGTTTAGAAAAAAGTGGAATTCGCGTCCGCCGCCGACTCGGCGTTGAACGGTGACTCCGGTCGGCAGCAGGAAAGTTTCAACCCCTGCTTTCTGGGCAATGGCGGTAAGGAACGCATCGTTGAACGTGGGCTCGGTTCTCGATGCGACGTAGTAGGCGAGCCCGTCGCCTACTCGGTTCACCGTGACCGACGGGCGTCCCTCATAGAAGTCCTCGGCGTAAGTGGCGGCGGCTTTAGCGGTCGTGAGGTGGATCAGCTCGCAGAAATCGGAGGCGGTGAATTGGCCGGCGAGCCCGAGGTCGTTGTCGTCGACGAACTCGCTGGCTTTGGAATGGCCGGGATAGAGGACGTCCAGTTCCTCGCTCCAAATGCCGAGGAGCTCTCGTAGCGGGGAAAGGAAACCTCCTTCATAGACGAGGGAGTTTTCGTCGACCCATCCGGTGAGGTAGGTCGTCACGAACGTTCCGCCGGCTTCGACGAACGCCTTCACTCGCTCGGCGAAGCCGGGTCGAAGGGAGTAGGCCATGGGCGCGACGACGACCTTGTATCGATCGAGCGGATCGTCGAGGCCGATGACGTCCACGGGGACTCCGGCTTGCCAGAACGCCCGGTAGTGCTCGATGCACGTCTCCTCGTACTTCTTGCTCTCCCGCACCGGGCCGGAGGCGGCGTCGATCGCCCAACGAACCTCCCAGTCATACACGATCGCGACTTCGGCATCGACCTGGGTGCCTACCAGGTGTGCCAGAGACTCTAGCTCTTCGCCCACGGCTTTGACTTCTTGGAAGACTCGGGTTCCCTCATCGCCGGCGTGGCCGACGACTGCACCGTGAAGCTGCTCCTGGCTGCCGCGCGATTGACGCCACTGGAAATACTGGACGCCGTCCGCGCCATGGGCGACCGCTTGCACGGCTTCGAGGCGGTGCATTCCGGGGCGTTTTAGCGCCATGTAGGGGTACCAGTTTCCGGAGCTTGGGGTCGACTCCATCAACAACCAAGGCATTTTTGGCTTGATCGAGCGGGTGAGGTCGTGTTTGAACGCCGCCGCGACCCAGATCTTGGTTTCCTCTAAGCCGCCTTGAAAGGCTGGATAGCTATCCCAGCTTGTGAAGTCGATGTGGGAGGCGAACTTGCGGTAGTCGAGCCCCGGATAGGTTCCCATCATGTTGGTGGTGATGGGGACCTCGGGGGAGAGCTCGCGGAGCGGGGCCGCTTCGTTCAGCATGAAGTCAATCGTCTGATCGGTGACGAACCGCTGCCAGTCGACGGTCAGGCCTTGGATCGACTCCTCGCCGTGCGGTGCTCCCGGCGGGTGGATCTCCTCCCAGTCGGTGTAGGTGTGGCTCCAAAACGTGGTCCAGTAGGCGGCGTTCAGGGCATCGAGGGTCCCGAACTTCCGTTGCAGCCAAAGTCGGAACGCGGACGCGCTTTCTTCTCCATAGTCGGCGCCGCCGTACTCGTTCGACATGTGCCAGGCGAGCAGGCGGGGGTGGGCGCCGTAACGTTCGGAGAGTCGGCGGGCGATTTCTCGCGTTTTCTCTCGATAAACCTTCGAAGCGAGGTTGTAATTCACTCGGTTGCCGTGCCGGCGGCGGACTCCGTCGGCGCCGGTCCGCAACGTTTCCGGATAACGTCGCGAAAGCCAGGCGGGAGGGGCCGCGCTGGGCGTCGCCAGGATGAACCAGCGATCCCCTCTCGACAGCCGGTCGATGACGTCGTCCATCCATGCGAAGTCGAACCGCCCTTCCGAGGGTTCCAATTTCGACCAAGAGAAAATGCCGATGGTGGCGACGTTGCAACGGGCGGTTTGCATGAGCCGGACGTCGTCGTCCCACACCTGCGAGGGCCACTGCTCCGGGTTGTAATCCCCTCCATGCCAGAGCCGCGGGAGTCGAGAGTTCAGCAAGTGTTCGTTGCTCATCGGTTTGCCGTACGATTATCGACCAAAGCGGCCAGACGAATTAGTCTTTCTTCCCTCCGAGAGCCCGCACTCCGGGTAACGCTTCGCCTTGGTCGTTAAAGGTCGCCATGTTGGACCAGGGGATGTGCGTTTTAGTGGAGATCCAGGTGGGAGCCCAGTAGAGGAGCCCTTTGCCTCGGCCGCCGGGGATCGCTTGGACGATCTCGAGCATTTTACGGAGGAACTTCGCCTGGCCTTCGGGAGTGGGCGGGTATTCCGGGTCGAGCTTTTCGGTCATGGCAAAGCCTTGGCCCCGAGCCCGGTCGATCGTCCACGGATAGGCGGTTTCCACGACGTAGATGTCTTTCCCGTACCGGACGGCGAGATCATTGACGTTGGCTTGCAGGTCGGTGAGGGTGCCGTGCCAGAACGGATAGAACGACAGGCCGATCGTATCGAAGTCGACCCCCTCCGCTTTGAGATGGTCGAACCACCAGCGGGCGCCCTTGTTATCGCCGCCGCGGTCGAGGTGAATCATCGTAAGGATTCGGTGGCGATTGCCGTCCGCGTCGTGGACGGCGCGAATCCCCGCGTCGATCAAAGCGGCAAGGTTTTTCCACTGCGCCGGATCGTTACTCGCGAGCTTGCCTTGGGGCCAGATCATGCCGGCAGTGATCTCGTTTCCGATCTGCACCATATTCGGCCGCGTCCCTTGTCGGTTCATGGCGTCGACGACGTCTTTCGTGTAGTCGTACACCGCCTCGGTCAACTTATCCATCGGCAGCTCTTTCCAGGCCGCGGGGGCGTACTGCTTGCCCGGATCGGCCCACCAGTCGGAGTAGTGGAAGTCGAGACTGATCGCCAATCCGGCCGCTTTCGCCCGTTTCGCTGCGGCTAGGGTGTGCTCCTTGTCGCAGAAGCCGTCTTTGGGGTGATTCCAGATGCGAAACCGCACCCAGTTCCAGCCCGCTTTCTTAAGAATTCGGAAAGGGTCCTCGGTTTTCCCTTGGTATGAATAGTGCCCTCCAGTCGCTTCGACTTCTGGAATCTCTGAGACATCGCCCCCACGAAGGAAGCCGCGGGGGAGCTGGGCAGAAACGGCGATGCTGGCGGCGCTGAGCAAAAGGATCGTGAGAGCGCGGGAAAACATGCGGTTAACTACCCTCCATCGGGCCGGACATTTGGGCGCCGCTCGACTCACGAACGGTAAGGCGGACGGGAAGGACGACTTGACCGGCGTCCGTAAACTGTCCCTCGATGGCATCCAGTACGAGGTCGGCGGCGCGGTCTCCGAGCCCGAGCACGTCCATGTCGACGCTCGTCAGCGCGGGTTGGACGACGGTGGCGAACCAGGTGTCGTCGTAGCCGACCACGGCCACATCCTCGGGAATCCGGAGCCCGGCTTCGGCGATCGCCTCCATGGCGCCGTGGGCGGCGAGGTCGTTGCAGGCGAAGATGGCGGTCGGACGCCGGGAACCCGGCAGCGCCATGAGCGCCTTCGTCGACATAAAGCCGGTCAGGCGGTTGAAGTCGCCGGGCTGGATTAGGGTTTCATCGACCCCGATCCCGGCCTCGTGCAACGCGTCCTCGTATCCCTGCTGCCGCGGGTGCGTGGTGCGGATCTCCTCTCGCCCCCTTAGATGAGCGATCCTTCGATGGCCTTGTTGGAGGAGGTGGCGGGTCGCCATCAGGCCACCCTCGCGGTCGCTAGAGCCGACGGTAAGCCGTGCCTCGGCCGGATCGCCAAACACGGAGACATACGGGATTCGCTGCCGATCGCACTCGGCGTACATCGCCGCCTCGGTCGGCGGGCTCACGAACACCAGGCCGGCGACAAACCGGTCGATCTGAGCCGGCCCGTTCTCCGAATTCGCGGAGTAGAGCATGAGGTTGTAGCCTCGACGGGCGGCGGCGGCGGCGACGCCGGTAGTGAAGAGCCAGAAAAATGGGTCGTGGTCCGCGTAGGAGGAAGCGGAGGGAAGCATCAGCCCGACCACCTTAGAGCGCCCGGTCGCGAGCGCCCCGGCGTGGGGATTGCGGCGATAGCCAAGCTCGTTGGCCGCGCGTAGGATCCGCTCCCGAGTGTCTTCGCTCAGCTTTACGGTCTTGGACCGAGCTCCATTAAGCGCCACCGAGACGGCGGCCACCGAAGTGCCGGCCCTCGCCGCAAT
NZ_CP007139.1_gap66	2981213	2984500	3287	CGCTGGAGATCGCGCTGGTAAAGCCGGCTTACGAAGACGTCGCCTCCAAGTTCTTGGAGCACTTCACCTATATCGGCCGCGCGATGACGACGATTGGCGGCGACCAAGAGATGTGGGATGAAGTCGATGGGTTCTTCTACGACGTGCTCTGTACGCCGGATGGGAAGCATCGCGAGCTACGGATCCGGTCGATGGTAGGAATCATTCCGCTCTTCGCGGTCGAGACGCTCGATCCGGAGGCGCTGGAAACCCTAAAGGGTTTCCGCGAGCGATTGGAATGGTTCATCGAGAATCGCCCGGACCTTACCGCCTACCTTGCATCCATGGAAGAGCCCGGCCGAGGCCAGCGGCGACTGCTTTCGATCGTCGACAAGGAAAAGCTCGCCGCAGTCTTGCGGTGGGTTTTGGATGAATCCGAGTTCCTCTCCGACTACGGCGTTCGGTCGGTCTCGAAGGTCCATCGAGCGCACCCGTACGTTTTGGGTTTGGAGGGGCACGAGTACAGCGTCGACTACGAGCCGGCGGAGTCGCAAACGTCGCTGTTCGGCGGCAACTCGAACTGGCGCGGCCCGATCTGGTTCCCGGTGAACTACCTGCTTATCGAGTCGCTGCAGAAATTCGACTACTACCTCGGCAAATCGTTCACCGTGGAGTTCCCGACTGGCTCGGGAGTCATGATGCGGCTGGAGGACGTGGCGGCGGAATTGTCGCGGCGTCTCAATCGAATCTTCCTACGAGACGCGGAAGGGCGGCGGCCAGTGCACGGCGACGAGGAGCGGTACCGGAACGACCCTCACTGGCGCGACTTGATTCTATTCCACGAGTATTTCCATGGCGACACGGGCCGCGGCCTTGGCGCGAGCCACCAGACCGGTTGGACCGGCTTGGTGAGCAAAATGCTTCAGCAATCAGGAGAGTAAGAGATGGCGACGTTAAACGATCCGACTCAGGCCCAGCTTGCGGCCGCTTACGAGCACCGTCCGCTTCGCGGCCAAAAAGCGCTGGTCACCGGCGCCAATTCCGGCATCGGCGAGAGCGTCGCCCGGCACCTGGCGGCAGCGGGAGCGAGCGTGGTGGTCAACTACGTAACGAATCCCGATGCGGCGAATGCCATCGTTGCGGACATCAACGCGAACGGCGGGGAAGCCGTCGCCATCGCTGCCGACGTGAGCAAAGAGGACCAGGTTCAGGCGATGTTCGCCCAAATGATGGAGCGGTTCGGCACGATCGACATCCTCGTGAATAACGCTGGGCTGCAGCGTGACGCGGCCTTTCACGAGATGACCCTGGACCAATGGAATTTCGTGCTCTCCGTCAACCTAACCGGGCAGTTCCTATGCGCCCGCGAGGCGATTCGGGAATTTCTACGCCGAGGCGTACGCCCCGAGGTCTCTCGCGCGGCCGGAAAGATCCTCTGCATGAGCAGCGTCCACGAGGTGATCCCTTGGGGCGGACATGCGAACTACGCGGCTTCCAAAGGGGGCATTTTGATGTTGATGAAGAGCCTCGCCCAAGAGTACGGCGGCAAAAAGATCCGAGTCAACAGCATCGGCCCCGGCGCGATCAAGACCCCAATCAACCGCCCCGCCTGGGACACCCCCGAGGCCGAGCAAAAGCTGCTAACCCTCATCCCCTACGAGCGAGTCGGCGACACCGCCGACATCGGCCGCGCGGCAACCTGGATCGTCTCCGACGAAGCCGACTACATGCACGGCGTCACCCTCTTCATCGACGGCGGCATGACGTGTTATCCCGGTTTCGCGACCGGCGGATGATGTGGTGTGCGCGAGCGTAACGTTGTTGCGATCGCGAGCTTTGACGGTGATGTAAGTTCACTCCCCCGACCCGGAGGGTCGCAGATCTTAGCCAGGGTGTCGAAGACCCCTGGTCTGCGGGCGGCTGCATATCCGATCTCGTGCGAGAGGTTAAGAAGTCTTCCACAAAGTGGATGCGAGAGGAGATGGGAATCGCCCGGTTCTCTTGGCAGGAAGGATACGCCGCCATTTCGGTAAGTCCTGAGCGGTTAAGCGGCGTTTCGAAGTATATCGAAAATCAAGCCGAACATCACCGCACCCGCTCGTTCAAAGAGGAATTGGAGGAACTCCTTAGGTTGGCCGGAATTCCTTTTGATCGGGAGTCTTTCGGCTAGAGATCTTCGACCGCCTCCGGGGTCGGAGAGGGTGGTGGCGTCTTTTCCAGGGGTCTTCGACACCCTGGCTAAGGTCTGCGACCCTCCGGGTCGGGGGAGGGTGCTGGTGTCCTCAGGCGGAGTAGGTCGCCTTTGCGGTGTCGGAATCCCTGGAACGCCTTCCCATAGGTCTTCGACCCCTGGCTAAGCTCTGCGACCCTTCGGGTCGGGAAGGGAACAACCGGTTTGCGGCCTGCCTCCTCACGACCGCTAACCGCTAACTCCCCGTCACGCCATGATGCCGGGTACCAACTCCCCAAAAACGTCCGTCAACCGGAAATCGCGGCCCTGATAACGGTACGTCAGGCGCGTGTGGTCGATGCCGAGGATGTTGAGCATCGTGGCGTGCAGATCGTGCACGGAGACTGGGTTTTCGAGGATGTTGTAGCAGTAGTCGTCGGTCTTGCCGTACGTGACACCCTTCTTGATCCCCGCGCCGGCGAGCCAGACGGAGAAGCAGCGGGGGTGATGGTCGCGGCCGTAGTTTTCCTTCGTTAGGGTGCCCTGGGAGTAAACGGTCCGGCCGAATTCGCCGCCCCAAACGATGAGGGTGTCGTCGAGGAGCCCACGCTGCTTAAGGTCTTTGATCAGCGCCGCCGAGGGCTGGTCGGTGTCGTAGGTTTGGCCCTTAATCGCGCGCGGAAGGTCGAAGTGTTGATCCCAGCCCATGTGGAAGAGCTGGACGAAACGGACGCCGCGCTCCGCCAAGCGGCGGGCGAGGAGGCAGTTGTAGGCGTAGCTGCCGGGGCGCTTTACCTCCGGCCCGTACATTTCGAGCACGCTCGACGGTTCTTTCGAGATGTCAGTCAAGTCTGGAACGCTCGTCTGCATTCGGAAGGCGAGCTCGTACTGGGAGATGCGGGTTCCGATCTCCGGATCGCCCGTCTTGGCCAGCTTCATCTTGTTCAGCGCCATCAGGTCGTCCAGCATGTCGCGTCTCGTGGTGCGGTCGACGCCATCGGGATCGGACAAGAACAGCACGGGGTCGCCTTGGTTTCGGAACTTGACACCTTGGTATTGGGTGGGTATGAAGCCCGAGCCCCAAAGACGGTCGTAGAGTGGCTGGTCGTCCTTGCGGCCGGTGCCGGTCGAAGTCAGG
NZ_CP007139.1_gap67	2990368	2992750	2382	CTAACAGGTTTGCCGCCGACGCCGACGGAGATCGACGCCTTCCTGGCGGACAAGCGACCGGATGCGTACGAGCGGGTGGTCGACCGGCTACTCGCCTCGCCGCAATACGGAGAGAAGCAGGCGCGCTCTTGGCTCGATCTCGCCCGCTACGCGGACAGCAACGGGTACGAGAAAGACTTGCGCCGCACCGCTTGGCCTTATCGAGATTGGGTCATCGACGCGTTCAACCGGAACATGCCGTACGACCAGTTCACGATCAAACAACTGGCCGGCGACCTGCTGCCGAACTCGACTCTGCAAGACAAGGTCGCTACCGGCTTTCACCGGAACACGATGTTCAACGAAGAGGGGGGCGTGGATCAAGCCGAGGCCCACTTCGCCGTCATCACCGACCGCGTCGACACCACCGCGACCGTCTGGCTCGGATCAACCATGGCGTGCTCGCGCTGCCACGACCACAAATACGATCCGTTCACGCAGAAGGACTACTACCGGCTGGCCGCATTCTTCACGAACACTGAGGTGTACCCGCGCGGACCGAAGTCGATCGGTGAAGAGAAGTGGTTTGAGGCGGAAACCAAGGTGCCGAGCAAAGAACAGGCGGCCGAGCAAGCCAAGCTGAACGCTTTGATTTCAGAGAAAGAGAAGGCGCTTACCACGAGGTACGCCGGGGCGGACGCGGCTTTCGAGGCGTGGGCCGCTGCGGCTCTGACCCAGCCGACCTGGACCACCTTACGACCGACGCTCGCCATCGCTCCGCAGGGAGTGAACCTCGTGGTCCAACCCGACGAATCGATCCTCGCCACCGGCGCGAATCCGGACCGTGGCCAGTATCACCTGGCGTTCCCGGCCTCTCCCCAGCCGATCACCGGGTTTCGCTTGGAAGCGTTGTCCGATCCATCGCTGCCGTCAAACGGTCCCGGGCGAGCCGGGAACGGGAACTTCGTCGTTAGCCGCATCCAGGTGGCGGCGGGGGACCTATCTCCTGTCGTAGCGAACGTCAAGACCGATTTTCTCCAGGCGGGACTGACACTCGACCGGCTCAATGTCGGTGACGACACTCAAGGTTGGGCCGTCGATGGACAGATTGGGAAGCGGCACGAGATGATGTTCTCCCTCTCAAAGCCGATCCCGGCGGGAACGGCGTTCAGTGTGACGCTCGGTTTCGAATCGCGTTTCGGCACGCACACCCTGGGTCATTTCCGGTTGTCGCTTACCTCAGCGGCCGAGCCGGTAAGCGCCTACCTGCCGGACAAGATTCGCTCCCTGCTGCAGGCAGGGGCCAAGAACGACGAGCTGCGAAACTATTACCAAACGACCGCTCCCCCGCTAGCGGAGCCGCGGCTCGAACTTGCACTACTCAAGAAGAAGCAGGAGGAGCTGGAAGCCTCGGTCCCCACGGCCCTCGTGATGAAAGAAAAGCCGGCGAAGGGGCCGCTTACCTGCTTTGTTCGACACCGCGGTAGCTTCCTCGATAAGGCGGAGGAAGTAACGGCGGGCACGCCGGCCGTATTGCCGGCGCCGAAGAAGGAGCCGGCCAACCGTCTCGATCTCGCGAAATGGTTGGTCGATCCAAAGAACCCGCTTACTGCCCGGGTCGAGGTCAACCGGATCTGGGAGAGCTACTTCGGACGCGGACTCGTGGAAACGAGCGAAGACTTCGGGACGCGAGGGACCCGGCCAACCCATCCGGAGTTGCTCGATTGGCTCGCCACCGAATTCGTCGCGAAGGGATGGGACATGAAGGCGCTCCACCGCCTCATCGTGACCTCTTCCACCTACCGACAGTCGTCGAGCGCCACCGCGGCTCTCATCGCCAAAGATCCGCAGAACCTGCTGTTAGCGCGGGGACCGAGGTTCCGAATGGAGGCCGAGACGATTCGCGACGCCGCGCTTGCCGCGAGCGGCCTGCTCAACCTCAAGATCGGCGGGCCAAGCGTCTACCCGTACCAGCCGGAAGGGGTTTGGGATAGCCCATACAGCGGAGAGGCCTGGATGCCGAGCAAAGGAGCGGACCGCTTCCGCCGCAGCATCTACACCTTCTGGAAACGCACTTCCACCTATCCGGCCTACATGGCGTTCGACGCCACCAGCCGCGAATCGTGTACCGTCCGCCGGATCCGCACCAACACCCCGCTGCAGGCGCTGACGCTGCTTAACGATCAGGAGATGATCGACGCCGCGAAGTCGCTCGGAAATCGAATGCGGGGTGCCGCGAAGGCGACCGACGCCCGACTTGTGACCGGCTTCCGCCTTTGTACGGGGCGCAAGCCACGAGTCGAGGAACTCGGACGTCTGAAACAACTGCTCTCCAAGTTAGAATCCCGCTACGCCCAACACCCCGCCGAAGCGAAAAAGCTAGGCGCAGGCCCCGAAGACGCC
NZ_CP007139.1_gap68	2994626	2996022	1396	TAACGTGCGCGACCATATCGTGGTCGTTCTGCACACGCAAGCGCCGCCGGTAAGCGACGGTCTTGTCGAGCTCATGGCGCTTCTCGACGCCGTGAACAATGCCCATCCGCGGCAGACGTTCCTCGTCTTTCCGTACATGCCGTATGCCCGGTCGGATCGAAAGAACCGGCCCCGAATCTCCGTGCTCGGACAGCGTCTTCCGGAAATCCTAAATAAGGTTCTCGGGGTCCGCCGGGTTCTCCTCGTGGAGCCACACGACCCGCATCTCAAGCAGTATTTCTTGCCGACCGCGGACGAGATCCCGGGGACGCCGCTGATGGTGCAGCACATCCGAAACTCGCTCCTGAAAACCTGCAAGGCCGACGATTGCGTGCTCGTTTTCGCCGACGCCGGCGCCGCCAAGCGGTATGAGGAGCTCCCATTCGCGCTCGGGCTCCACCGCGCCTACATCCATAAGTCGCGGACGGATCACACCGAGACACCGACGGTGCGGGCCCTTACCGGCGAGGTCCAAGGGAAGCATTGCATCCTCGTCGACGACGAAATCTTGACCGGCAATACCGTTCTCAAGGACGCACAGCTCCTCAAAGAAGCGGGCGCCGCCACGGTTCGGATGTATGCGACCCACGCGGTTCTGATGGACCAGAAGATGTCGACGGAGGCACTGATCAAGAAGCTGGTCGATTCCCCGGTCGACGAGTTCGTGGTGACGGACACGATCCCGGTAGAACTTAAGGCCGCGATGGCGCCCGACCGCATCACCGTCCTCCCCGCCGCGCCTTTCATCGGCGAAGCGATCAAGCGCATGCTGCTCGGCGAATCGCTGAGCGAGCTTCACCATATCTAGCGAAAGTAGTATCGGCTGTGAGCCGATACTACGTGCTGTCGGCTATTCGCCGTAACGCCTCGAAATGCTCTGGGAGAATGCTGTTCGCCGCGAACAGGGACACGCCCGCCGCTCCCCGGTGAAGGGCATGGCGCACTCCCGCCTCGAAATCGTCCGCGCTGGTGAAAGCGGGCATATATAGGCCGGCGTAAACCGGAAATCGCACCGCCTGGATGTTCTCCCGCACGGCATCGCCGATCCATTCCGTAGGAAGGTTATAGAAGCTGTGATAAACCATCGGACAGACCGCGTCGAGCGGCCACTTGTCCCAGCTTTGTCGGCAGATCTTACGGGCCATGCTCGGGGTGGGAAACACGGCGGCGGTGATCTCCTTGCCGTGGGCGTGCACGGTCTCCGCGAGTCCTTCTACGAGCTGGGTGATCGCCTCGTAACGGAAGTGGAGCCACTCTTGATCGGTGGCCGGATCGGCAATCTCTAGCGGGTCGCGTCCCGTGGCATTCCGGAAGGCGGCTCGCGCGGCGTCGGAGTAGTCGAAGTCGAAATCGGCCA
NZ_CP007139.1_gap69	3000849	3005282	4433	GTGGAACTGGTCCAGCGCGGCGTCCGATCCCGTTTCTACGACCGAGGCCGCTTCTCCCCAACCCGCGAGCTGGGCGTCTGGCACTTTCATCGTCTGCTAAGCGAATTCCTGTCCCCGTAGCGTCGGCGTCTCGCCGATGATCCTATTTTCATCGGCGGGCCCGCGACGCTAGGATCGCTACGTCGCTGAGGGTAACCCCGCCCAAGGTGTCGAGCCGCGCATCGGCGTGCGAGAGATCTAGCTGCCCCGTGATCGGATTGGGCACGGCCACGACGAAGACGCCGGCGGCTTTGGCCGCACGGATGCCGTTCGGCGAATCTTCCAGGGCGATCGCTTCCGACGGCTGAACTCCGCATCGTTCACATGCCAGCAAGTACAAGTCAGGGAACGGCTTCGCCCGAGCCGCGTCGTCGCGGCATACGCGGTGACCGAAGCGGTCAAGGATCCCTTGCCGCCTAAGAAGCGGATCGACCCAGGCGTGACTACTGCTGCTAACCACAGCCAACACGAGTCCGGCGAGTCGAGCCTCTTCGGCTAGTTCGGCGACTCCAGGGCGTAACGGCTGAGCATGGATTCGAGCCATGACGCGGTGATGCCGGTCGGCATCTACGGCTACCCACTCGGCGGATCGAGGGGCGAGGCGGGCGAGTAGAGCGATCGGCTTCTCCTCTATCTGATCGGACCCTCGCCCAATGCAGTCGATCCAATACTGCTCAGGGAACTCGGTCCCATGCTCGGCGAAAACTTCCCGCCAAACCTCGACTTCCGGCGTCTCCGTGTCGACGATTAGCCCGTCGAAGTCAAAAAACAGAGCACGCAAAGGCATTTTAGGAGAATATCGTAGTGCCGCCTTCCAGGCGGCATCTTCTCAAGTGTCCCCCCGGCATCCTGCCGGGAAAACATATTGACGACACTACAATAGAGAATGACTTTGCCTCGCCTCACTTCCGGCGGACTGGAGCTTGACCTTTCGGCTGAGAGCTTCGGGTGGCTGCGCGACAGCAACGACGCCATCGGAGACCTGCAAGAGTTACGGACCCGCATGGCCAACGACGGCTATCTCTTTCTGCCCGGTTTTTACGACCGAGAGGAGGTGCGAGCGGTGAGGCGTTCCATCTGCCAGGTGCTGGAAGATGACGGGCTACTCGACCCGGACTTCCCGCTGGAAGCGGCGATGGCAAAGCCGGGAATCTCGACCTACTTCCGTCCTGATATCGCCAACGGCAGCGCGGCACGGCCACTGCTGGAGCGGGTCATCTATGGTGAGAAAATCATGGCGTTCTTCTCCGAATTTTTGGGAGGTCCGGCGATGCACTACACCTTCACGTGGCTTCGAACCATCGCGCCGGGCAAGGGGACCTACCCCCACTGCGATGTGGTCTACATGGGGCGCGGAACTGCGAACGTTTACACCGCCTGGACTCCGCTCGGAGATGTGCCGCTGGAGGTCGGAGGGCTCATCGTCGTGGAAGGCTCGAACCGCAATGAGGAGTTGAGGCGCTCCTACTGCGAGATGGATGTCGATACGGCGTGTCAAAACCTCGGCGGGAAAAGCCAAACCGACTCCGCCGGCCACCCGATGTTCGGTGCGATCGGGGTCGACATGCCCGGTCTGCGAAAGCGCCTGGGAGGCCGGCTTCTAACCGCTCCTGAGTACCGGATGGGCGACCTCCTGATCTTCTCGATTTTCACTGTCCACGGCTCGCTCGACAACTCTTCGCGAGAAATCCGCATGTCCAGCGACTCCCGCTACCAACTCGCCTCCGAGCCCGCCGACGAACGATGGATCGGAGAAACCCCACCCGGCCACGGCGGGGCAATGGTGAGAGAAATGATTTGCTAACCTGGGCCGTAGCGTCGGCGCCCCCGCCGATCTCACCCATCGGCCTAAACTAAGTGTCCCGGAACGCTACCAAAGCAAAGGTATGCGGCATTCGCCGTAGCTCGGCTTCGGGAATATTTGGAAACTGGTTCCAGAACGGTTCCGGGTACTCCTCGAGCAATTCGATGCGAAGACCGGCCCGGATGACCGACGTGACGATCTCGCCCATTGTCCAAATGCGGGAGGTTAACTGGACGGGTCGATCCGGCTCGACCCGTAACGCCGCATTGTAAGGAAACCCCCGCTCCGGCCCCGGTCTGGGTACGAAATACGAAGTACCCTCGGCAAGCCGGAGGGTCGATGCCTCGGTGTCCCAGGCAAAGTCGAGCGGATGGCCCTCGAACAGAAGCAATTTGCCACCTGGCTTGAGAAGGCGAAAAACCACGTTGGACCAGGCATCCAAGTCCATCATCCAGCAAATGGCTCCTCGGCCGGTATGAACCAGATCCGCGGTGCAGTCCAACTCGTGCGGCGTCTGCAACACGTCGGACCGAATCCAGCGCGCGGGCGCGCCGAGCAACTCCGACTTGCGCTGGGCAGCGGCGATCATCTCTTCGCTGATATCGACCCCGACCACCTCTTTTGCCCCGAGCTTCCAAAGCGAAAGCGCGTCCGATCCGTGCGAGCATTGGAGGTGGATCGCCCGATCGCACCACTCGCGAAGGTCGTGGAGGATTCTAAGCTCCGGCTCCATCAGATTGGTGCCCCCGGCTCGGAGCCTCTCGACATCCTCCTCGATCCCGCCCGCGTAGCCTCCTCGGGCCGTCCGGTTCCACGCCTCCCGATTCCCTTCATGAAGCGCCTCGATGTCCATCGGTCGAGTCTAGCTCCGGAACCAGCCGATCAGTTTTTGAAAGACCGAGCGGAATCCGTCGGCTTTTCCGCCATCGTTCGGCTGGCCAAAGCTGTGGTCGGCTCCTTCGATCCTCTCGTACACGACTTGCCGGTTTCGGGCGCTTAGTTCGGCGTACAGAACGTCCGCTCCGGATGGCACGACGTTCCGGTCGGCCAATCCCTGAGCGAGGTAGACGGAAGTTCGGCTGCGAAGAGTTTCGGCCAGTGTGGAGCTCGCGAGAAAGGTCGACCAGCGTCGAAACGGATGTCCCCATGCAAACTTCGTGGTGCTCACCGGATCGCCCAAGATCTGCTTCCATTGGGCGTAAACCGCCGCGGTGCCTCCCCCAAGGAGCTGGGAGAGGTCGTACAGTTGGTTCGGACCGCCGCTCGCCAGTAAGCCAAGGTGGGTAACGCGAGGGTTTTCGGCGGCGACTCGCGCCGCCACGATTCCACCCTCGGAGTGGCCCATCACCAGCGTCCTGCCCCGATCGACATCTTTCCGCTTCCATGCGTCGCGCAGGGCCGCGCCGTTCGCCTCCGCCCACCGATCCAGGGTGTGCTCTCGTAGGAATTCTTCGGGGCACCCCTCGGCCGAACCGGGACGAGGCGGTTGAAATGCGAACGGCACCCCAGGCTTCTCGACCGCCATTACTCGAACCTGGCCGCCGGCCGTGTTCTTCAGCAGGTTTTGCAAGCCGCCATAGAGCTTACCGTCGCGCACGATCCACATCGATTGGCCGCCCGATCCGCCTATCAAAAGCGCGAGCGGTAGCCGCTCCTTTTCGCTCGTGACGTAATAGGTGATTCTTCGTCCGTAACGGTCACGGCACGTGTGGCGTGTGAACGAGGACTTGAAGCTCTCAAACGGAGGCGGCGGCTGCTGACGGAGCACCGTCGGCAGCGGAATCAACGGCGACATAGTGCTCGATACGTCGTCGGCGCCCCACCCCGGTTCCCAAGCCGTCTGCCTGCGGTGTCGGCGCTTCGCCGCCGATCCAGACAAACCCCTCTTACATCGCCTAAACGCCGATGAAAGTTAGGATCGGCGCCTCGCCGATCATCCGAACAAACCCCTCCTTGCATTGCCTAAACGCCGACGAAAGGAGGGGCGTCGGACGGCCGGCGAGGCAGGGGCTGTCAGGTCTAACAGGTACCCTGAGGGCACATGAGTGAAGTACAAGTCATTGCCCTCGGCGGCGTGGGAGAAATTGGAAAGAACTGTAGTCTGGTGCGCGAAGGGGACGACATCGTCGTCATCGATTGCGGGCTCAGCTTTCCCACCGAGGAGATGCTTGGAATCGATATCGTCGTTCCCGACTTCACCTACCTAGTCCAAAATAAAGAAAAGGTCCGCGGGGTTTTCCTTACCCACGCCCACGAGGACCACGTCGGCGGCCTTCCGTACCTGCTCCGCGAGATCGACGTTCCGATCTACTGCACCGAATTCACCCAGGCTCTCATCCGCCAACGACTCGAGGAAAAGCTTCCGCATAAGCAGCTCGATTTCCGCATTTTCAAGCCCGGCGACATTATCGAGGCCGGCAAGCTTTCGGTTGAGCCGGTCCGGGTCACCCACTCGATCCCCGAGAACTGCTCGATGGCGATCCGCACGACCCATGGCATCGTGCTCTTCACCGGCGACTTCAAGTTCGACTTCACGCCGGTCGATGGAAAGTTGGCCAACATCACCCGCTTTGGCGAGCTCGGCCGGGAA
NZ_CP007139.1_gap70	3010555	3014336	3781	CATGGAGCTCGGGAACCGTTTTTCGGCGTCAAGATCGGCGACATGAAGCCGATCGAAAAACGGCTGAAGCCAAACTACGAGTTGGCGTTGGAGCTGTACGCAACCGGAATTTCCGATGCGATGTACCTTGCCGGGCTCATCGTCGACGACATGAAGATGACTCGCGATGATCTGCAGACGTGGGTCGAGGGGGCCAACTGGTCCTTGCACTCGGAGAGCACCGTGCCATGGGTCACTTCCGAAGGAAGGTACGGCCGCGAAATGGCGTTACAGTGGATCGACTCGCCGGTGGAAACCATTGCCTGCGCGGGTTGGCGCACGCTGAGCTGCCTTACTCAGATCAAGCCTGATTCCGAGCTCGACATCCCAGAATACAAAGGGCTGCTTAACCGGGTGAAGGACACCATCCATGAGCGGCCCAACCGGGTTCGATACTCGATGAACGGTTTTGTCATCGCGTGCGGAGCCAATGTAAAGCCACTCACCGAGCTGGCCCTGGAGTGCGCCCGGGAAATCGGAGAGGTCTCCGTGATGATGGGGGCCACCGCCTGCCGAGTGCCGTTTGCGCCCGACAGCATCGCGGAGGTCGTGGCGCGAGGGACGGTCGGTAAGAAGCGCAAGACGGCGAAGTGCTGATCGCGACAAAACCAAGCTAACTGTACGGCGCGACCTCCGAGGTCCGGAGGGAATAATGGGCTCATGGCGGATTACACCGCGCGGCGAGCCGCGTTTCGCAAACTACACGAGAGCGGATGCTTCGTCGTTCCAAACCCCTGGGACATCGGTTCCGCCCGGTACCTGGAGACGCTGGGATTCAAGGGTCTCGCCACGACCAGCGCCGGGTTTGGCTTCTCCCGTGGCCTTCCGGACTCGGTCAAGGCGCTCACTCGGGAAATGGTGCTCGCCCACGTCGCCGAGATCGTTCGGGCCACGGAGCTTCCCGTTAACGCCGACTTTCAAGCCGGCTATGCGGCCACTCCGGAAGGGGTGGCGGAGAGCGTCCGCCTCTGCGTCGAGACTGGTGTCGCCGGTCTTTCGATCGAGGATGCGACAGGCGAATCGAGCCGTCCGCTCTATGACATTTCGGAGGCGGTCGATCGCCTCGCCGCCGCCCGAGCCGCCATCGATGCCTCGGGCGCCGACGTCTTGTTGACGGCCCGCGCCGAGTGTTTCCTCGTCGGCCATCCCGATCCGCTAAATGAGTCGATCAAACGGCTTCGCGCCTACTCGGATGCCGGAGCGGACGTCCTCTTCGCGTCGGGACCGCGGCAGCGGGACCAGATTCGTGCGATCGTGGATGTGGCCGGACCGAAGCCGGTGAACGCCATCGTAACTGCCGACTACGGCTTTTCCGTTGCCGACATGGAGGAAATGGGAGTTCGCCGCATCAGCGTTGGCTCCGCCCTAGCCCGAACCGCATGGTACGGCTTCATCCGCGCGGCGAAGTCGATTGCTGAAGAGGGAAGCTTCGCTGGCCTGGAACAGGCATCCACCTTCGCCGAGCTGAACGCGCTATTCGAATCTCACAACTGATATTGCGTGCTCGATTCTGAGCTCCCGGTGACGCTCGCCAGCCGCGAAGCATCAAGGAATATATGCTCCTCGCGCTCCTGCTCGCGGCTCCTCATACGCTCCGGATCCTGTTCGTCGGCAACAGCCTTCTGCACGTGAACGAGGTTCCTGCGACCGTCGCGAATATGCTTCAAAGCGACGGAAACGGCACCCGCGTGGCGTACAAGAATTACTTCGTCGGCCACCTCGAAGACGTGCCCCCGGGTTCGGAGATTGCCAGAGAGGTCGGCAGCGGCCGGTACGACATCGTGGTTCTCCAGAGCGCCATGGTGAGCTCATCCCTGACCCGGAACTACGCTCAGACCCGAGGTATCGCGATGGCGAAAGATGCCCTTGCGCACCGAGCGCGGGTTCTGCTCTATGTCGAGTGGCCAAGACGAGGGGTCGACGAAACGGAGTACACGATGAATGTCTACCGAGGCATCGCCAAAGCCTCCGGCGCGGAGATCGTGCCCGTCTGCTACGCCTGGAATTGGGTGCACCAAAAAGCGCCGAACGCGCCGCTTTGGAATCCCGATGGCAACCACGCCCTCCCGTCCGGCTCCTTCGTCGCAGCCGCCTGCCTCTACTCCTTCATCGCCGGCATCAAGGCGACTCCTACCTACCGCCCTGCCGGAGTCGACTCTACCTTTGCGTCACTCGCCCTCTTAGCCGGCCGCCGCTCCGCCATCCAGCCTTAGGCAGCGTCGCCGGTCGTGTAGCCGCAGGTTGGCTCGTACCTGCGCGAGGGTGTTTCGTGTGTTGACCTTGTATGCGGATCGGTGGTGGGCTGTCGCGCAGGTACGAGCCAACCTGCGGCTACAACGCTTCGCGTTAAGACAGAAGGATCGTCGGCGGGGCGCCGACGCTACTTGCCGGCCGCCAATCCGTTCCCCGTCAAGTAAGCGTGGCTGTCGCGGACCGCGTCCATCATGTCGCCGTCGTACTCGTCGAGTTCCACAACGAGCCACGCCGGGTTTGCCGCCTCGATGCAAGCACGAACATCGACGGTGCCGTGCCCCACTGCCGTCATCGGCTCGCCCTTAATTTGCGGTCCGTCTTTCACGTGCATCAAAGCGACCCGATCTGCGTAGCGGGCGACCATCTCCTCCGGTTTGTTGGCCATGAAGTTCGACGACCAATAGATATCGAGCTCCAGCTTTAGATTTGGCACGAGCCGCACCAAGTGGTCCATCACCAGCACGCCGTCTCGGCACTCGAACTCCATCCAGTGGTTGTGCAAGCCAAAGGTAATCCCCGCATTTGAGAGGATTGGCAGCGTCTCATTGAGCGTTACCGCCGTCTTCTCGATGCTCTCGCGTGTTTCGAACGCTTCGACCCAGAACCCACCGGCCGCATAAGTAGTGCCAAGGGCGTGGCAAGACTCCACGAGCTTCTCCGCTCCTTCTACGGTGCCGACATCTCCCCAGGTGGAAGAAACGACCATTCCAAGATCTTCGACGATCGACCGAAACTCAGCCTCCGAAAGCCCATTGCCTGCTCCCCCTTCGACGCCTCGGTACCCGATGTCGGAGATTTCCTTGAGAACCGCAGGAAGGCCGCGGTCGGCAATGACATTGCGGCAAGTGTAGAGCTGGATAGAAAGCGGCTTCATCGCGTCCCGACTTTAGCCCATTCCCGCAAAACCAATCTCCGCAAGCCCCCTCTCCCTCCTCGGGATGCATGTGCCCGACGAGGGAGAGGGGGTTGGGGGCGAGGGAGTCCGGAAGAGCCGGGCTGGAGACCAGCGGTCCTTTCGGAAGGGTAAAACCCAATCGCCGACAAGGTCCGAAATGCTCTCCCACCTAATTCTCCGATCGCTCCTATCCGTAATTATCGTGGTCGGGCCGACTCCGTCGTTCCGCCCCTATCGACGGCCGGTCACCCTGTGGGTTCCTCCCTATGCCATCGACAAGTCGAAGGCGCAGCTTCCGGCGGTTCAAGACGCGATCACCCACCTTGATCTCCAGTTTTGGGTCCCGACGAAGACCGGCGGAGTGGCCAAAGTTGGATTCGACGAAGTGACCGACAAGGTGATTGCCGAGCTTCGGGACTGGGGGCACGCGCATGGAATAAGGGTGATGCTCTGCGTCTTCAACGCCGAAAAGGACTGGGACTGGCCGCTCGCCAAAGCCGCCTTCGCCGACCACCGGTCCGACCTCGTGAAGAACCTCGTCGCGGAGATGGAGCGGCGGAAACTCGATGGGATCGACATCGACCTGGAAGGTCC
NZ_CP007139.1_gap71	3015900	3018842	2942	GTTTTGCTTGACATCGAACCCGGTACCGCAGAAACGATCTCCATTCACCTCGGCGGCGCGGACATCGTTTACCGATGCCAGCAGCAAGAGCTGCTAACCCCGGGTCGAACTCCTGTCCGGTTGGAAAAGCTCAAGCTGCACCTCTTTCTCGACCACGGCGCTCTCGACCTCTACTCCGCCGATGGCGCCGTCACTCAATGCGCGATCATCCCTTCTGCACAAGGACTTGCCATCTCTGCCACGGGCGGTGTAGCAAAACTCCGATCCCTGATGGTCTACACCATGAAGCCGGCAACGTTCGACCTGAGCAAATTCCGATAACCCCCGTAGCGTCGACGCCCTCGCCGATGCCGCGAACGTACGTTCGCCAGTTGCCGGTCTATTCTCCCGACCCCGGCAGGGGTCTTCAGAAATTAGCCGCGGGTCGCAGACCCGGGGATAGGAAGCCACTCGGCCCCCAAGATGTGGGCAAGGACAGGGATTTATCCCCGGAGAAACCTTGAACCGCAGCGAAAGGCTACGGGGCAAGCCAACACAAGGTTGTCAATGACCATGAGTCCGGCGAATGGTGGAACCGGATTGCGCCCAACGTCTTATGATCAAGAGATATGCGCAAAGAAGCTTTTGACGCCATCGTGATCGGGGCTGGCCAAGGAGGGGATCCCCTGGCGAGGGCGTTCGCCCAGTCGGGGAAACGCACCGCGCTGATCGAGCGAGCCGCGGTCGGCGGGACGTGTGTCAACTATGGCTGCACGCCAACCAAGACTCTCGTGCACATCGCCAAGGTGGCGAACACCGTCCGGCGGTCGGAAGAATACGGGGTTCACTCCTCGGCTCCGGAAATGGACATGCTCAAAGTCCGAGAGCTCAAGCGAGCCATCGTCGCAGACTTTCGCGACGGCACGGAAGCGAAGATCAAGAAGGTCGCGAATCTGGAGCTCATTTACGGCCACGCCCGTTTCACCAGTCCCAAAACCGTGACGGTCGGCCCCCGCACCCTCCAAGCGGAAACGATCTGCGTCAACACCGGCACGAGGCCACTGATCCCTCCAGTGGAAGGCCTGGACAAAGTTCCGTATCTCGACAACGCCTCGATCATGGAATTAGACCGCGTTCCCGATTCGCTCCTTATCATGGGGGGCGGCTATATCGGGCTCGAGTTTGGTCAGATGTACGCCCGATTCGGAAGCAGGGTCACTATCTTCGAACACGGAACACGTTTTCTCCCGCGTGAGGATCGGGACGTGGCCGACGAAGTCCTCAAGATTCTGCGGGAGGACGGAATCGACATTCGTCTCGGCTACAACGTTAAGCGGGTGAGCCACGACGGCGCTCGGCTTCATTTGGGAGCCGAAACCGCCAATGGGAAGGAGCGTTTTGAGGGTACGGACCTATTGGTCGCCGTTGGACGCCGGCCGAACACCGACGATTTGGGGATCGAGCTGGCCGGCATCGAAGTCGACGAGCACGGTTACATCAAAACCGATCCCAAACTCAAAACGACTGCTCCCGGCATTTTCGCCCTTGGCGACGTAAAGGGCGGCCCCGCCTTCACCCACATTAGCTACGACGATTTCCGGCTCCTGAAGGAAAACCTGATCGACGGCGGCGACCGAAAGATCACCGGGCGACCGATCCCATATTGCATGTTCACCGACCCCCAACTCGGACGGGTGGGCTTGAGCGAGGAGGAGGCGAAGAAAAATGGGATCGATTGCAAGGTTTGCAAGATGCCGATGGCTAACGTCGCCCGCGCTCTCGAAATGAACGAATCGCGCGGATTCATCAAGGCATTGGTCGATCCCGGCACGGACAAGATCCTCGGCGCAGCAGTGCTTGGCGTAGAGGGGGGCGAGGTGATGTCGATGATCGAGCTGGCGATGCTGGGCGGACTTACCGCCACCGATCTAAGAAACGGGATACTCGCCCATCCGACCCTGTCGGAGCTGCTGAACAACCTGTTTATGTAGGTGGGTAGAGCTTGGCGAGGCTCGCGAGGACGGCATACAACTCTTGTGGGTTGATCGGTTTCGACACGTAAGCGTCCATCCCCGCGTCGAAGCACTTCTCCTGGTCCCCTTCCATCGCGTAGGCGGTTGTGGCCACGATCGGGACATGGCGACCCGTGGCGACTTCCCATTCACGGATCGCAGCCGTCGCCTCGAATCCATCCATCTCGGGCATCTGAACGTCCATCAGAACGACGTCGAACGGGGTTTTCTGAACCAACTCTAATGCCTGACGTCCGGTTTCTACCGATTGGACCCGGCATTGCCATCGCTGCAGGAATTTCTCGACGATTTTCCGGTTGACGGGGTTATCCTCCGCAACCAAGACGTTGAGTCCTAACGGGACCTGAACACCTTCCTCCGGGGCGGTAGCAAGCCGTTTCGTTGACGTCGGCTGGCCTCCTCCAAGCTTTTGCAGAGTCTCAAGGATCTGCCATTGCCGTACGGGTTTGGAGAGGGCGCCGGCTACGAAACCGCTGGACTCTACCTCGACTTCAACTCGGGTACCCAGTGGAGTCAGGAGGTACGTCGTTGGGGTCTCAAGTCCCGCAAGCCGTAGGGCGCTGATCGCACTCTTCCACGTTCCGCCCTCCAGGTCGGCATCGATCAGGAGTAGATCGGGACGATGTCTCACCAGAGCTACAAGATCGTTGATCGAGGTTGCCTCCTCAACAACGCAGTTCCAGTAACGCAGATGCTCTGCGAGGACCTCGCGAGTAGCTTGGTTGGAAGAGGCGACGATGACATGGCAGGGAACGATTTTTTCGACCGCGGTTTGCGGAATCGCGGACTTGGCCAATGGAAGTTCGACCCAAAACCGGCTCCCCTCCGATTCGCGGCTAGACAGGCCGATCCGCCCACCCATGAGCTCAACCAGTTGCCGACTAATCGTAAGGCCCAGACCGGTACCGCCGAATCGCCGAGTGGTGCTGC
NZ_CP007139.1_gap72	3172137	3174619	2482	ACTCCACATGGAGATCGCCAGGGAGCGCTTGGAGCGTGAATTTGCCCTCGACCTCATCCTCACCGCACCCTCGGTGGATTACCGGTTGACGATGAAAAATGGGGAAGAGATCCACATCGCAAACCCGGCGGATTGGCCGGATCCGAACGACATCGCCAGCGTGGAGGAGCCGATGGTCACCGCGACGATCATGGTTCCGCAGGAATACGTAGGCGCCTGTATGACGCTTTGCCAGGAGCGGCGGGGAATCTACGTGAAGACGGAGTACCCGACGCCGCAACGGGTGATCCTCCACTATGTGCTTCCGCTGGGAGAAATCCTGCTCGACTTCTTCGACAAGCTCAAGTCCAGCACTCGAGGGTATGCCTCATTCGATTACGATTTGTCGGACTATGCCCTTTCAAACTTGGTGAAAGTCGATATTCTGCTGAACGGCGATCCGGTGGACGCGTTGTCGTTCATCGTCCACAAGGATTTTGCCTACAATCGGGGCCGCGCGATGGTGGAGAGGCTCCGCCAGGTCGTTCCCCGTCAGCAATACGAGGTTCGCGTGCAAGCGGCGATCGGGGCGAAGGTCATTGCGGCCGACACCATCAAGCCGTTCCGTAAGAACGTTATCGCCAAGTGTTACGGTGGAGACATTACACGTAAGCGGAAGCTTCTCGAGAAGCAGAAGGAAGGTAAGAAGCGGATGAAGCAGATCGGCTCGATCGAGCTTCCGCAGGAAGCGTTCCTCAGCGTCCTGAAGGTCGCCGACTAGAGCCCAATCGGCGAAGGGAACGGCATACCGATGGCGTCCGATACCTGCGACCACGCCTGCTCGTCGATCTCGAAGTCGATCGGCGCTACCCGGGAGTGTTCGCGGAGGGCGGAATGGATGGAGCCCCAAAGCTCGGGCCGCAGCAAGATCAGAGAGCGGGGCGAGATGTGGCGGGCATCGAGAAGCCGGTGGATCTCTTCCTCGACATCGCTCACGATCTTAGGCCGAAGAGAAATCGAGCGGCCGCTCGCTTCTATATCGTTCATCAGCCCCACGATTTCTTCCTCGCTCGTATCGAGGAGCCAAGCCTCTCGGACGTCTACCCCGGAGGACTGAAATGTCTTCGGAGAAATTTCCAGCGGGACAGCTTCGATTCGAATCCCACGCTTTGCGAGCGGCTCAAGCCGGGGAAGGCTAGAAGCGGTCGTAAGGACCGTCTTCACGCTTCTTGGCAATGAACGAAAGTCGGAGCCGAGCTGTTCGAACGAATAGTGGCCGACCGGCACCTGCAGACGCTCGCGAATCTCGGATGCATGCTTGCCGGCTTGGATAACTGAGCTCTCGACGAAGACCGCTTCTGGGGAGCGCGCGTATTGTTGTTCTGCTAGTCGAGTTAGATAACGAAGGGCTCCCAGCACTGAGAGGTCTTCATGGACCTGGATTCGCTTGGAAACTTCCTCGTAAAGCCCTTCCATCAAGTATCGGTTGCGGCAGACGCGCTCCAGCGCTTGACCGCCCACGACTACATATCCGGATCGTGGTTTGGATTCCGCCATGCCCATCTCGGCAAGCTTTTGGTACGCCTTCAGCACCGTGAGCCGGCTCGCGCCCCACTCCGCCTCGGCGCGCCGAACGGACGGCAGAACCTGACCTTCGCGCCAGTGACCGGTCGCGATTTCGTAGAGCACATGGAGCAAAACTCCGTCGACAGTGTTGCGATTCACGAGCATGATTGTTCTATTCGGCTGGCCAGATGGCCGATCTTAACACGATTCTGACCTCGGCGGGAAGTCCCGCACTTGCACGAAATGTTTGACCGATCGGTCAATTTGGATTACAATACATTCATGCGGAAGCGGCTCGACGCAGATGCGACCCGGGAAGCGATCCTTACCGCCGCTCTAGAGAGCTTTAGCGAGCGCGGGTATGGCGCGACGTCGATTAGCCAGGTTGCGAGCCGGGCTAAGGTGACAAAGAGCCTGGTGCTTTACCACTTCGAGAGCAAGGAAACCCTGTGGCAGACGACCTTGGAAGCCCACGTCCGTCCGATGGTTCAATTGTTCTTGAAGTATGCGAATGGCGATCCTTCGCTCTCCTTTAGAGACGTTATCAGAACGCGGTTCGACTTTATGAAGGCGAGTCCACATCTGTCGAGGCTAATGACCTGGCTCACTTTAGAATCGGCGCCGCTTCCGATCCCGATCGATCAAATCGCTCCGAGGGTTTTCGCCCGAGCAAAGGCAGAGTTACACGATTCGGGAGAGCCTGAGCTTGTCGCGGCATTGGCCCTGGGAGCGGTCGATAGTTGGTTTCGTTATCGGTTGCTCCTCGAGCGGATGGCCCAAATACCGGCCGGTGATTCTTCGCTCGACGACCAGTACCTCGACCTCGTGCTCAAGCTCGTTCCGGAGGTGAAGCGATGAAGCCACAAATGCTCGCGCCGATCGTCTTGCTGGCCGCGCTCGCGGTCGGCGGTTACTACCTGGATCGAAGCCGCGCGGA
NZ_CP007139.1_gap73	3175874	3178479	2605	GAGGAGAGGGGCAAGCAGGTTTTTGCCGTCCGCCTTCGGCTACGCCGGCCTGACTCTCGGGTCAAGGCCGGCATGGCGGCGACGGTTAGGCGGATCGGATGAAGCGCCTAACCCTGAAGCTTGGAGGCCATAGACCACGAGTGGCCGAACGAATCTTTGAGCTGCCCGTATCGGTCGCCCCAGAATTGGTCGGCGAGGGGAAACCCAACTTCCAGCCCCGCCGCGACGGCTCTTTCCCAAGCCGCGTCGACATCCTCGACATACATGTGAAGGGTGACCGCGGTGCCGCCGATCTTCTTCGGACCGACAACGCCGTGCTCGGGAAATTCGTCGTTGAGCATCAGCATCGAGTCACCGATTTTGAGCTGAGCATTCATCACCTTACCGTCGGGAGTATTGGCCAACGAGGTCACCTCGGCGCCAAATGCGGCCTTGTAAAGCTCAATCGCGGCCTTGGCGTCGTCGACGACGATATACGGGGTCAGAGTGTGGAAGCCGGCGGGAATTCGAGAAGCCATGGGGAGATCGTAGCACGATGAGCGCGATCGAACTAGAGGGGCTAACGCGACGGTTCGGGACGTTCACCGCCGTCGATCATCTTTCGTTCAAAGTCGAAAAGGGGTCGATCTTCGGGTTCCTCGGGCCTAACGGAAGCGGCAAGAGCACCTGCATTCGAATGCTGTGTGGCCTCCTGCAGCCGACGGAGGGACGGGCGACCGTGAACGGATTCGATGTCGCGAAGGATCCGGAGTCGGTCAAACGCTCGATCGGTTATATGAGCCAGTCGTTCAGTCTGTATCGCGACCTGACGGTCGGCGAGAACCTCGACTTCTTTGCCGGTATATACGGTCTTCGGGGCGCGAGGCTGGCGGATCGGAAGAAAGCGGTCATTGAACTGACGCAGTTGGGTCCGTACGTCGATCGGCAAAGTGGGCAGTTGTCGGGAGGATGGAAGCAGAGATTGGCCTTGGCGACGGCGCTCATCCACGAGCCCGAAGTGATCTTCCTAGACGAACCGACGGCGGGAATCGATCCGGTGGCTCGGCGCGAGCTATGGGATCTTCTCTTCGACCTCGCCGCAAGTGGAAAGACCCTGTTCGTCACGACCCACTACATGGACGAGGCGGAGCGCTGCAGCGATATCGCCTACATTTATCTGTCAAAGCTGATGGTAATCGGCACCCCTGCGGAGCTTAAGTCGCTGCCGGAAGTTTCGCCTCCGAACACGAAGAGGGTTTCGGTGGCGGCGACCCCGCCAGCGGTCGGGCTTCGAGCGGCGCACAACATCGAGGGAATTTTGGATGCCACGCTCGTCGAGTCGGAGCTTCACCTCCTCGTTCCGGAGGCGATGACGAACGAAACGATCCTCGACGGGCTTCGTCAGCCGGGCCTTACGATTGGAGAAATCCGTGAGATCTCTCCTTCGCTCGAAGATGTCTTCGTGTCGTTAACCAGGAGGTTGGCCAAGGCGTGAACGGGTTTCTCTTCGTGGTGCGGAAAGAGGTGCTCCACTTACGGCGCGACGCCACGAGCTTGGTCATCGCCCTACTGCTTCCGCTGTTTCAGCTCCTCGTGTTCGGATTTGCCATCGACTTCGACGTGCGCCATATCGGTGCGGTCGTGGTGGATCAAGATCGATCCCGAGAGAGCCGGGCCTACATCGCTTCGCTGCGGAATACGCAGTATCTCGATCCCGACACGGAGGTAGCGACCGCCGAGGAGGCGGCCAAGCTCATTCAGAACGGGCGGGCGAGGGTCGCCGTAGTCATTCCGCCCAATTTCGGCCGGGAGGTGGCGGCGGGTCGCTCGCCGCAGGTGGGCGTACTGCTCGACGGGTCGGACAGCACGGTGTCGACCAGGGCGACCCTGGCGTTCTCGGCTCCGCCGCAGGCGGCGGTCGGCGGCCGCCCTCAGGCGCGGGTGCAGGTGCTTTTTAACCCGACCGGCCGCTCTCAAACTTCGATCATCCCCGGTCTGATCGGCGTGGTGATTCAAATCGTCGTCGTCTCTCTGACCAGCTCGAGCATCGTGCGGGAGAAGGAGCTCGGCACGCTGGAGCAGCTCATGGTAAGCCCGATCGGGCGGCTCGGACTGATGCTGGGCAAGCTCGCCCCTTACGCGGTTCTGGCCATGTTCGAGTTCGGGGCGGTTCTGGGGGGCGCGTTTTTCTTGTTCGACGTGCGTGTAGTGGGGAGCCTGCCCGGCCTCATTGTGCTTGCCATACCGTTCGTTTTCGCCTCGTTGGCCCTCGGCTTGTTGATCAGCACGGTGGCCAAGACTCAGGCGCAGGCGCTCCAGTTGACCCTGTTGACGATGCTTCCGTCGATTCTGATGTCCGGCTTCGTCTTTCCGCAGGAGACGATGCCGGGAATGCTATACATCGCCTCCCAAGCGATTCCCCTAACGCATTTCTTGCAGATACTGAGAGGCATCATCGTTCGCGGCTCGATGGTGGTCGAGCTTCTTCCAAGCACCCTCGCGCTTACCGCGATCGCCGTCGTGCTGGTTACGATCGCGACGACGCGGTTCAGGAAGTCGGTGGAATAGCGTGGGCGTCATAATATGTGACTAACGGAGGCGCCGTATTGAGCTTCGACATTCCAAG
NZ_CP007139.1_gap74	3201718	3204543	2825	GAGAAAGGGGCGTTCGAGGTGTTGTTACGCCTGCTGCAGAAGGCGAGCGCGCGGTTGCGGGCGACCGACCTTTGGGCCACGGCGATGGCGGTTTCGGTGAAGGGGTATCGGCGAAGCTGGCAGGCGAAGGTGCGGATGCCGGCGACGCAGGACACGGTGACGATGAACGAGCATCTGGCGGAACTGTGGGCCGATCACGACTTCGATATGCCGAGGCTCGTCGCGGTGACTTTTTACGAGCTCAGGAGCGAGGCGGAATTTACACCATCGCTTTTCACGCCGACGAAAGATCGGGCGAAGCTCAGTCACGCCGTAGACACGGTGAACAAGAAATTCGGAAAGCACAAGGTCTTTCTCGCCGGCATGGAGAAGGTGCGGCACACCGCCGACGAGAAGATCGCGTTCAACAAGACCTGGCTGTTCTCGGAAGGTAAGGGGGACAACGAGTGGGTCGACACCTTCCGGGGAGCCAGGGACTAGTCGTACTGAGGGTTCTGCAACCCGCTCCGGGGTCGGTTCGGACAGGCCTCTATTCCCCGGGTAGGAAACCCGGGGGCTAATTTTTGGCACCCTTCCAGGGTGGATGCTGGGAAATGAGCGTGTCGGTCTACTGTTCCTGAGGAACTTGCTTGGCCTTTTGGAGGCTTTGCGCAGGTACGAGCCAACCTGCGGCTACACGGCTTCGCCGTAAGATGCATTCTAAATGAGGCTTGACGGTCTACTTGCCGGCTTTGACCTTGCCGAGGTCCTCGTGCATCTGCTTGAGGTCGCTTCGAAGGCGGTGGAGCTGGTCGAATAGGTTCTTGAACGTCACGTTCAGGCCATCGATATCTTCGCGTTGGCTGCGCATTGCGGCGACGGAGAGGCGGAGGGTCTCGATTTGTTTAGCAAACTCGGTCGTTTCGGCTTTGGTGACTTCCGGGGTCTGAGCGGGTTTGGCCTTCAGGGTGTCGACTTGGGCCTGCAGGTCGCTTAGCTTGACTTGCTGCTGGCCGTAGAGGGCGCCGAGGGCGGCGGCCATTTCGAAGCGCGATGCCGGACGGCTGCCGCGGAATAGGCCGTCGGGATAGCCCTTCAGCACTCCGACTTTGAAAAGGTTGTCGACGGCGGAAAACGCCCAGTGGTCGCGGGGGACGTCGGCCGGGGCTCCGGATTGGCTCTGGGCAAGCGCGCTCGTCGCGAGCAGTGCGCCAAGCATAAGGGCAAGCGGCTTAATCTTTGTCATGGAGTTCCTCTACTTAACCTGACGAACGGAGCGGCTCCGAAGTGCGCCACCTACCCGCATTCTATTTGTGAAGCTTCGGAACGACGAATTCTGAGGCTTCGAAGATCTTTGGCCTCCAGACAGGGATCCAGGCCATGGCCAGCGGCTTGTGTCCGGCTTCTTGCGCTCCGATCTGGGCGCTTACCGGAAGCTTCCGCGCACCGTCGATGTTCAACTCGATGCGTACGGGGCCTATCTTCTTGGCCTGAGCGGGCGTTCGCAGGATGAGGAGCTGATATTGCTTAAGGTTGTATTTGCCGTACTTCACCGTGCGCTCGCTCACCGACGTGGTGAAGCCGCTTCCCGGACGGCGGGCGAGGGAGACCAGCGACGAGAGAGGGGCCTCGCCTCGTATTCCACCCAGGATGTAACGGGGGAAGCCGGTGACCCAATCGGCGACTTTCTTCGCTTTGTTAAAGGCAAATGCCGAAAGGGGCATTTGAAGCCGTTTGGAGCCCTTGCCGCTGCCCGCGTATTGGAGCGTCTTTCCGTTCGCGACCAGGTTAACCCCGGAGAAAGGGACGTCGGCGCCGTTGCGGGGGTAGTGGGCGTCGGGGAAGTTTATGTTGAAGGTCTTGGAATCCTTGACTTTGACCCAGCCGCGATTGGTGCCGCTGCCGTCAAAGATGATCGCCGTCTTAATCTGCCCAAAGATATTCTTCATGCTAGCCATGCTGGCGTCCGCTTGGCGGGCAAGGGTGACGGGGGAGAGGCTCGAGGGCTTCCAGGGAGCCGCGGCGGCAGCCTGCTGGGCGGATGCCGGGGTCGGGAGCAGGCCGATCCCGATGGCGAGAACGAAGAGATGGCGCATCGCGGACATGTTACTGGGCATTAAGTTTTGCAGCGTCGGGGAGCCAAAGGCTCAGGTCTAGCTCGGCGAACGGAGCGTCTTTCTGCTGACACTCCAATAAGAACGCCGTTTCCTCTTCGGTCATTACGGCGCCGGTATGGACGCGGTCGGCGATCTCGGCCAGGCGGTCGAAGCGGTCGATATGATCTTGGAAGCGTATTTCGGCGTAGTCTTTGGCGGCAAAGGTTGAGATGAGGAACTGCCAGTCCGAGCTCTCGGCGAGCAACATCTCGCGCGCGGCTTGGGTGACGACCTCTTTCGCTGGGCCGTCGGCGTAGTCGCGGGCCATCTGACGCATTTTTCGCTCGATCGGATAGAGCTTGGCCCAGGTCCACGAATTCTCTTCGTTGATCCAGATGTAGTGATAGCCGCCCTCACCCCAGCTTCCTTCGGGAAGGTTGATGAGGTGCTTGGCGGGTTCGGTGTCCATCATGTCGCCGCCGCTCACCATCTCGATCTCGCCGTCGGCGTGGAGGCGCTTGGTCAGCTCGTAGAGGAACTCCGGGCCTTCCCACCACCAGTGGCCGAACAACTCGGTGTCGTACATGGCGACGAGGGTTCCGGTTCGGTCGGCGAGCCCTTTGTAATGGGCGAGGGTTCCCTTTAGGACGTTGACGAGGTCGGCAGCGTGGTCTTGGATTCGTTCGAACGCGTTGTAGGGGTCGTACGGCTGCTTTTTGCCAAGGTCGCTCTTCTCCTGGGAGATCCGCC
NZ_CP007139.1_gap75	3306650	3310828	4178	CTTTGGCGACTCCGAGTTGCCGGATGCCGGTGAGTTCCGCCATTCAAAGGAAGGACGTCGGCACGCGAACAACGCCGAAGTGGTTCGATCCCTGCAGCTATCGAGCGGTTACGCCAAGAAGATCCACGGCAGCGCACCGGGTTCGCGAGAGGCGTTCGACGATTATAAGGATTTGGTCAATGGGCGCGAGCCGGTCACCGTGCTCGATCTGCTCCAGGTGCGAAAGGGGGAGGCGATTCCGATCGACGAAGTCGAATCGGAAGCCGAAATCCTGTGGCGCTTTATGGCGCCGGGCATGAGCGAAGGGGCTCTCTCCGAGCCGGCGCACCGTACGGTGGCAAAGGCGTTCAACGTTCTCCATCGCTATTGCCGCATCAAGCTCGGCGGCCCCCGGCCGGGGATCGGCCCCGTGGCGAACAGTGGCGAGGGCGGATTCGACAAGGCGCGCATCGGAAGGCGGGACGGGAACCGTTCGGTGCAGTATGCCGGTGGCCGCTTTACGATCACCCCGATGACCGCGGCTCGGGCGGCGGAGGCGGAGGTCAAATTCGCTCAAGGCGCCAAGCCCGGTAAGGGTGGCCAGCTTCCGGGCAAGAAGGTCTCGGTTAAGGTGGCCCACCAAAGAGGCTGTGAGCCCGGGTACGAGCTCGTTTCGCCGCCGATCAACCACAACCTCTATTCCATCGAGGACGTGAAGCTGATGATCGAAAGCTGGCGGCACCTCAATCCCTCCGTCAACTGCGCTTTGAAATACGTTGCGACCCATGGCGTGGAGATGGTAGCGGCGGGCGGCGTAAATGCGGGCGCGAACCGGCTCCACCTGAGCGACGGCTGCGGCGGAACCGGCGCCGCCAAGCGGGTCGATCAGAAGCATGCAGGCGTGCCGCTGGCCGCCGTGCTGCCCACGGTTCACGACCTTCTGGTAGAAGAAGACGTCCGCCACCTGGTCGAGCTCTCCGTCGACGGCGGAGTGCAGACGGGTACTCAGGCGCTGAAGCTTTTCCTTCTTGGCGCGGACCGGGTCGGTTTTGGAACCTCCCTGCTGATCTCGATCGGTTGCTCGATGCTCCGAAAGTGCCACTTAAGCGGTCCGGACCCGGCCGACCCGACCGGGAAGCGGCGTCTTGGCTGCACTCCCGGAATCGCCACTCAGGACCCTCAGTGGATTGCCCGCTTTGCGGGGGACTGGCGGCACATCGTCCGGATGCTCCGATTTGTGGCGCAAGAGATCCGCGAGTCGCTTGCCGCGATGGGCGTTCGATCCGTGGCCGAGGTGATTGGCCGGCGGGATCTGCTGGAGCGCAAGCCGGGGCTCACCGGCAAAGCCGCCATGCTCGACCTAACGTCGATCCTCTCCGCGCCGCATGGCTTCAGTCAAGCACGCGATCTCGCCGCACAGAGCAAGGCGCATATGCCGGCGCTCCGTGGGGAAGAGCTCGAGGCCGCCGACCGGGCGATGTCGGGCGAGACGGTAACCATTATCGAGCGGCTTACGAACGAGAGCCGCTGCGTAGGCGTCGGGGCGGCGGGCAAGGTCGCTCGTCGCTTCGGCGATTTGGGGCTGCCAGAAGGCGGGCTCCATTTCGTACACACCGGGGCCGCCGGCCACTTCTATGCGGCCTATTCGGTGGAGGGTTTGGAGTTCCGCCTGCAGGGCGTGGTCGCCGACTCGTGCTTCACCGCCGCCTATGGCGGTCTGCTTGCCGTGACTCCGGCGGACGGGCAGTCGGGCAGGTCGCTGGTCGGCAATGCATTCGGCTACGGAGCCCGTGGCGGACGAGCCTATATCGCCGGCCGCGGCGGCAACCGGTTTGGAATCTGCCTCCGCAAGAGCCACGAGGGAACCGGCCCGCGCGTGGTCGTGGAAGGGGTCGAAGCGAACGCGTTCCAGTACATGACCGGCGGGGTGGCGCTGGTCCTCGGACCCACCGGTCCCAACCTTGGCTCGGGCATGACCGGCGGCCGCGTTTTCTTGCTCGACGCCGACATGGCCTCGCTGAACTCGGACTACGTGGGCGCGGTTTCTCTCGACGAGGGAGAGTCGCGGCTGGTCCGCGAAATGCTCCGCGAGCATGTGGAACACACCGAAAGCCAGATCGGCCGCCAACTTCTAGAGTCGTTCGACGCCTCTCGTTTCGTCCGAGTGTCGACGGTAGTCAAACCGGAACTGGTGCCGGAGTTGGTCAGCGTCGTCTAGCTTCCGGATTTCTCCACCCCCATCCCCCTCCTCATCGCACGGACTTCGACGAGGAGGGGGCTTATGGAATGGTCGCGGCTTCGAAGATTCGGATCTGGTTCTTACCCGCTCGCTTCGCCGCGTAAAGCGCTACGTCGGCGGCGTCTAGCGCCTCCGAGGCCGAATGCCGCCCGCTGGCTAACATTAGGCCGGCGCTGAAGCGAATCTCCCTGGCCTGCAGGCTCGACATCGCGCCCTGTAGGCGCGTGGCCACCTCGGTGGGCGTCGCCTTCCAAAACAGGGCGAGAAACTCGTCGCCGCCCCACCGCGCCACCCAATCGTTCGGCCCCATCTCGGCCCTTAACGTGCGGGCGAGACCTATCAGGCTCTCGTCCCCTCCCGCGTGTCCAAAGGCCGTATTGGTTTCCTTCAAATCGTCGAGGTCGATGACGGCGAGGGTGAATTCCGCGCCCGCGCCCCTAGCTGCGAGGAGATCGCTCTCGAGGCGGTCGGTTGCGAAACGGCGGTTGTGGACCCCGGTAAGGGCATCGGTGGTGGACACTTTCGCCAGCTCCGCCACCGATTCATCCAGGTGGGTGACTACCTTGTGGGTGAGAGCCATCAGCCGCCCCATCTCGTCCGGAAACTCGGTCGGGAGCTCCGTGATCCGGCCGTGCCGGTCGTACTCCTGGAGGAAGCGCAGCATTTGCCGCATCGGCGCCAGAAGCGCCCAGATCATCCAGACGGTGAGCACGATGGAAGCGACCCGCTCGCCTAAGATCAGTCCGCGGACTACGCGCACGTCGAGGTCGGGGTCCCAAACTTTGAAGAAGGCAGAGCTCAATAGAGCATGGGTTCCCACGATGGCCACCAAGAGGAGCTTGGTGGTAAAGCTGCTCTTTCGCCAGACTTTGGATAGAAACCGGTAAAGGCCCAATTCTGTAGATGTTGGCGCAGGAATGGAGGCGATAGTATTTGGATCGGTCATCGGGCAGCAATCCAGAGACCCAGTGGGTATAATTCTGGACTGTTCGCATATGGGTGGATGCCCGAGTGGCCAATGGGAACAGACTGTAAATCTGTCGGCGAGAGCCTACGTAGGTTCGAATCCTACTCCACCCACCATAAGCCTTCGTAGCTCAGCGGCAGAGCACTTCTTTGGTAAAGAAGAGGTCACGGGTTCGATTCTCGTCGAAGGCTCCACTTTTGAATCTAAAACGCAGCCGCCGGCAAGAGCCGGCGGCTGCGTTAATTTACTTAGGTTGCGTAGGGGGCGTTAAGCTACTGGAACCTCCATTGCTGGTTGGTTTTGCCGTTGGACTGATACTGATCGACGAGGGTGCCGTTGTTCCTCTTGGCGCCAACGACGTCTAGCAATAGTCCGCTATTGACGTTCTTCAGGTTGTAAACGCCGGCGCTGACCTGAACGATCTGCCATTGCTGGTTGGTGCCACCGCCGTACGGCCACTGATCGACTTTCGCTCCATTCGTGGTCGAGGCTCCGTAGACTTCGAGGGCAAGGCCGCTGGCGACGTTGATGAGCTTAACGACGTTATTCCCGAGATTCGTCAGGACCCATTTCTGGTTGTTCCCGCCGTTTACGGACCAGATGTCCATCTGGGTGCCGTTCGCCGTCGAGGAGCCCGGATCGTCCAGCGCAGAGCCGCTTTGGACTCCGACGATCGTATAGGTTCCGTTGTTGATCAGGTTCCCCTGTGCCGGCGGGGGCACGGCAGACGTTCCCAGGAACGAATTGAGCATCGTTTGGTCCGTGACCGCACCCGTGGTCCAGTTGAATACCTGGCCCGCGATATTCCAAACCGTACAGTAGAGGCCATGGCTGTTCGCCGAATCGTGGACGTACTTGTTCCAATACGTGCACGAGTCGTAGTTCAGCGTAATGTTGGCCCCGGTCAGGTCAGGCTCGGACGGCTTCGGGGAAGCCTCGTATTCTCCAATAAGAACAGGAACGCCCGCGTTCTTGAATTGGGTCTGCATCTTG
NZ_CP007139.1_gap76	3315302	3315951	649	TATCGCTTGGCCCGACAATAGCGTCGTTCTGGAACCGTGCAATCTAAAATTTGGAATTCCCGCTCTTGACGAAATGCTTAGCGAGGAAGGCGGCTTGGGTGCTGGAGGTATACACCTAATTCTTGGAGAAGAGTACACACACACGTCAAAATTGATAACTGCGTTCTTATCGCAAGGTTGTTATCGAGTTTATGAACTATTAATGGTGGGGGCAAAGGCAAAATTACGCCCAGATATTGACCTGCTAGGTCGCGAATTCCGTAAAGCGGTGATAGCGTATCTCCCAGATGTCCGTCGCCAACTACTTTCACAGTTAATTCCAAATTCAGCATTGCCTCAGGACCTATTTGGAACAGGATTACTCTTTAGCTCTGGGAGGTCTGTTACGGCGCGGAGCTATTTGAATGGTCTTATTGAAAATTGGAATGCAATCTTTCAGGTTCAAGAAGGAGATCGCCTTGATGTAATTAATGCAAAAGTAGATGAGTCGGGAGTAAAGGAAGTCGCAGAGGTATCTGCCATGTTTTGTACGCAATTTCTTGCCCATAAAGGAGTACGTAGCTCGTTAAAGGCACCGCGTCCTTTCATTTACCGAAGAATGCCGTCGAGACCTCTGTCTAAGGAGATGGTGTACTTTATCATCTTAGAG
NZ_CP007139.1_gap77	3328804	3330746	1942	GGCTCGGCTTTCAGTATCTGGAGTCGCCTGAGCTAGAGGAGTTCCGCTACAACTTCGACGCCCTCAACTACCCGCCCGATCATCCGGCAATGGATGACCAGGACACGTTCTACGTCGATGACGATCACGTTCTCCGAACGCAGTGCACGGCCTTGCAAGGCCGGGTTTTCGAGAGCACGCCGCCGCCGCTACGCTGCTTCACCGTCGGGCGCACTTACCGAAACGAAGCCGTCGACCGAACGCATAACCACACCTTCCACCAAGTCGACTGCTTTATGATCGACGAAGGGGTAAGCATGGCCCATCTAAAAGGGACGCTCGGCGTCTTCGCCCGGGCGATGTTCGGTGAGGAGGTGCAGATTCGATTCCGCCCTGACTTCTTCCCGTTCGTTGAGCCGGGAGTCGACTACGCCATCTCGACGCCGAAGCTTTTCGACGGCCGTTGGGTCGAGCTCGGTGGCGCCGGCCTCATCCATCCGAATATCTTGGAACGCTACGGAATCGACACGGAACGCTACTCCGGCTTCGCCTTTGGCCTCGGCGTCGAGCGCATCCCGATGATGGCCTATGGCATCGACGACCTACGCCTCTTCCTAGAAAACGACCTCCGCTTCCTCGAGCAGTTCCGCGGAGAAAGCCAGGATCCGGAGCCGCTTCCTCGTCAAAGCATCGCCTGATTTCTCCACCCCCAACCCCCTCCTCATCGCACATGCATCGACGAGGAGGGGGCTCCGGACTACTTTACGCTGCAGGTCAAACGGAGTTGACCATTCAAATAGCCCTCCAAAAGGTCTCCACTTGCGACAGGTCCGACGCCGGCTGGAGTGCCGGTGAAGACGAGATCACCCGGTAATAAGGTGAAGTAGCGGGAGGCGAAGCTGATGAGAGCGTCGAATCTGTGGAGCATTTGGCGGCTGCTGCCGGCCTGGACGACCTGACCGCCTCGTCGAAGATCGAATTCGATATCTCCAGAAGGTACCGGTCCGAACTCTCCAACCGCCGCGGACCCGTCGAACGCTTTGGCGATCTCCCATGGCAGTCCTTTCGCCTTACATTTGCTTTGCAGGTCGCGAGCGGTGAAATCGAGTCCGAGCCCGATTTGATCGTAACAGTACGCAGAGTCCTCGACAGAAACTTGCGTTGCCTTCTTTGAAATGCGAAGGACGAGCTCGATTTCGTGGTGAATTTCTTTCGAGAAAGGAGGGAGGCGAAACGGCTCGCCCGGAGGCAGCATCGCCGTATCTGGCTTCAAAAAGAGCACCGGCTCCTCCGGTATTTCGCTCCCGAGCTCGCGAGCATGTTCAATATAATTGCGCCCTACACAGATCATCTTCATGGTGAAAGTCTGACCGCCTTGGTCACTGAAAAGCGCGACAAGGAAAAGGACGACGGTCTTCCCATAATTCGAGTATGGGGTTACAACGGGGAAAGTGCGCATGAGCGCGCGTCTCCCCGACAACGAACGCGAGCGGCTTGCCGCGTTGCGAGAGTACGGCGTTCTCGATACGCCACGCGAACTTGCCTACGACGACCTCGTAAAGCTTGCCGCTTCGATCTGCCGCGTCCCCATCGCGGCGATGACTTTCGTCGATGAAGACCGCCAGTGGTTCAAAGCTCGAATCGGCCTCGATGCGGAGCAAACTTCCCGGAGCCAATCGTTTTGTGCTCACGCGATCCTCGACCCCGCTTCCGTGATGGAGGTAGAGGACGCTGCGGTGGACGACCGGTTCCGTACGAACGAGTTGGTCGTCGGCAGTCCGGGAATTCGGTTCTACGCAGGAGCGCCGCTTCTTACGGATGACGGCTTGGCCTTGGGGGCGCTTTGCGTCATCGACGTAAAGCCACGGCACTTATCGGAAGAGCAAATCGAGGCGCTCAAAGCGCTCGGCCGGCAAGTGATGGCGCTGCTCGATCTTCGCAAATCGATGAGCCACCTGCAAAT
NZ_CP007139.1_gap78	3345750	3347616	1866	TTCGCTTGGATTGAACGACCCGTACAGGCCGCCGGCGATCGCCGAGATGCCGAATGAGATAGCCAGACACACCGCCACGAATGGGATCGCCGTAACGAGCGGAAATAGCTTCAACACGAAGAGGCCGATTGCCATTCCGACCGGAACCAGAGCGGTGAGCACGCACCCAATGAGCAGCAACATCCCTCGGAAGCCGCGTTGCGCCGCATCGTCCACGTCGGGAAAGAGAAGGATGACGAGCAGTGAAACCGCCGCCCACGTAAGCGCCAACGTCGTCGCCATGAGGATCGCCGCCAACGAATAGGCCCAGATCCGATAATCGATGATGGTCGCGCCCACGCCGGTAATCGTCGAGATCACGAAGGTCGGTACCGTCTTGCCGACCACTTCGGCAAACACGGTCGCCGCCGGACTGAACGGCAACGGCTTCTGAAAATCGACCCGGCGAAGCAGCTCCATGAATCCGCTTGTCGAATTGCTGATGGTGAGCGAAAGAACTCCGATCGCGAGGAACGCCATTAACATCCCTCCTTCGTTGTGCACGTTCCCCCGCTTCGACATTGCCCACAACGGCATCAGCGAAATTGAGAGGACCATCGGGGTGAAGATGACGTACTGCCACATCGCTCCCCGCGCCTGAAGCAGAAGCTCTTTCCATAGGAGAGCCGCGCTCCCGCGGAAACGCCAGCGGCCGATCACCCGCGCGATGCGTCCCCCCTTAACTTTGCCCTGCCGTGCTTGTTCGGCCACGATCGCGTAGGTATCCCCGCTCCGCTGCATCCGCCGCATGTCGGTGCTCGCAAATCCCTTGGCCGCGGCCTGATCGTAAAGGTAGTCGACCTGTGTCATCGCGGTGCGAAGGCTGAACAAGATGATCGCGAGCATCGCCGCCGTTCCGGCCAGTCCTTCCCAAACGCTGTTGTGAAATGGGGCCATCACCACTGCGGTCGCCGCCGTGGCGGTGAAGAATACGGCGCGAAGGAACGGGCTGCGGCTGAGCTCCAAGGCGGTATCCCAGCTCGGATCGAGGCGAACGTACCACGCAATATAGCCAAGCACCGCCACCACGACGACGGTCAGCGTCACATTGATGATCTTCTTGTTTCGGTCGCTCGCCTCGTCGCTTCGGTTGATGAAAAGGCTGAGGGCGTAGCCGATGCAGACCCAGCAGAGCGCCATCAAGAGATACGAGATGGAGAAAAGTCTTCCGGCGAGCGCCCCCTCCTGGGGGAAGTGCCGGAAGATCCGGTCATAACCGGCCAGCGCCCGGCGGCTGGCGAGGATCGCCAGGAAGAGCGGGATGAGCAAGGTGATCAGGTAATCGCGGACGATCCGGAAAACCAAAACCGTCCGCGGGTTGACCGGCGTGGCGAACAGAACATCCACATCCGAGGCCCGGAATCCGCCACGCGGATTGAACGAGCTGCTTAGCAGCAGGAGGGACAGGAACGCCAAGATCCCAAAGACGACCCCTTGAACCACATCGGGACGGAACTCCAGCATTGCCTGCGGCTGGGCGAAGCCACCCGGTATTCGCCGGGAGTCCGGCGAAAGGGTCTGGAAAAACGTCATAAAGTAGTAGCCGAAGAACACCAACAGTCCGATCAGCCGCTGTGGCGAGCTGACGGCTCGGCGGATGCCGTTCACGAACGACCGCACGGTTAAAAAGAGAAGCGGCTTCACTTCTCCTCGGTGAGCGTCAGGAAGATGTCTTCCAGACTCTGCCCCTCGCCATGAGTTAGCGTTCGGATCTCGTCCACCGTTCCTTCGACCAGCTTCTTGCCTCGGGCGACGATGATGACCCGGTCGCACAGTTTCTCGGCGGTGTCGAGGAGATGAGTGGAGATGAGGATGGCGGCGCCGGCG
NZ_CP007139.1_gap79	3358091	3359366	1275	TGTTCTCACCGGGCTCTAAATGGCGGTACTCCAACTCTAACTACTACTTGCTCGGCCAGATCGTCGAGAGACTCGGAGGGAAGCCATGGAGCGAATTTCTGAAGGAGCGGATTTTTCGTCCGGCGGGCATGGGAGCGACGCGAGACAACGTTCCGACCGATGTCGTTCCGAACCGCTCCGCCGGATACCACTGGCTCGACGAAAACGCCGCCCGCCTTCCGGCCTTCGTCACCGGTTACCACGGGCGCGTAAACGTGCTGCAGAACGCGATCTATATTCACCCAAGCAAGATGTGGGCAGCCGGGTCGCTCCTTTCGACCGTTCGCGACCTCGCCAAGTGGCAGATCGCCCTTGATAAGGGACAGATTCTCCCGCATGAAACCGTAGCCGCGATGGAAAAAGCCGCATCCCTCCGCGATGGCACATTCGCCCCTTATGGGATTGGGAACGAACTGATGACCGTCGGCAAGCATCGGGTCGCCGGCCATCAGGGGGGAGGGATGGCGTTCAACTCGACCGTCCTCCGTTTTCCCGACGACCATCTTAGCGTCATCGTTCTAGCCAACCAGACGAGTGCGCCAAGTCGCACGTTGGCGATGCGGATCGCCGCCCTCTACCTACCGGATCTCGATCCGATGCGAGTTGTACCGCCCCGAGATCCCGACCCAGCGCGTACCGGACGGCTCCGCCAGTTCCTCGTCGATGCGGCTCTGGGTCACCCCGATGAGTCGATGTTCGCTCCCCAAGCCGCCGACTTAGTCGCCTTCGTTAAGCGAAGCGCACCCCAATTTCTCGGTGAGCTCGGAAAGCTAAAGTCGTTCAAGTTTCTTTCTTCGGAATCGACCAACCAAAGAACGGTCGTGAGCTATCGGTCGGTTTACGAAAAGAAGACGATCCTTTGGCGCTTCACCATGACGAAGGACGACCATATCTCCAACATCGAGCCCGTAGAACAATGATCTCCCCGGGCGGGGCCATCCGGACTACGGGCCCGTAACGCCGCAAAGCTAAAATAGGTGCATGTACATTCCCGGACCCTTTCGAGTGGACGACCCGGAGATCATTCGCCAAGTCGTTGCCGCGAACCCGTTCGCAATGCTCGTTTCGGTTCAAGAAGGGGTTCCCATGGCGACGCACCTGCCCGTGCTGCTGGTGCAAGAGGAGGGCCAAGACGTTCTCGTCGGCCACGTGGCAAAGGCGAATCCGCACTGGCAGGTTTTTGGTTCGACAGCCCTGATGGTCTTTGCCGGGCCGCACGGTTACGTCTCTCCCGCC
NZ_CP007139.1_gap80	3380921	3384373	3452	CGCTGTGGGTGTTGGTCAGCAAGATCGGGCTATCCAAAAATCCTGCCTCCTCGATCCAAGCCGTACCCGTCATTTCGCCGTTTCCGTTCAAGGCGTACGAACCGGCAAACGTAGGGGCGGTGCTCCCCAGACCACGGGGAAGGATGGCGGTAACGCCGGTCCGCACGCTTCCGTCCAAGGGGTCGAGGGTGCAGTGGCCGACCTCCACGCCCGCCACGTCCGTAATCGAGTTCCACGTACCTGGTGTACCGGCGAACGGAATTCCGAGCTCTCTCGCTCTCGTCAGATCCATTCGCCTAGCTTAGCTTCGCTTGCCCCATTGGCGAAGCTTCTGAAGCATCGCGGTCGGATTTAGCGGCTTGGACAGGTAGTCGTCCATTCCGGCCGTAATGCACCGCTCACGATCGCCCTGCATAGCATGGGCGGTCATCGCGATGATCGGCACGTGCTCCCCGGTGATCGACTCGCGATGGCGAGCCCGCCCCGTCGCTTCAAACCCGTCCATGCCCGGCATCTGAACGTCCATCAGAACGATGTCGAATCTCTGACGCTCCATCAGCTCCAGCGCTTCGATCCCGTTCTCCGCGCTTTCGAAAGTGCAGCCCCACATTTCAAGACGTCGCCCCGCGACAAGCAAATTGACTTCGTTGTCCTCCGCCACCAGGACGTGGAGGCCAAGGTCGATCTCTTCGGCTACCGGGTTCGACGGGGCGGGCGACTGAGCTCCCGAAGCGCCGAGTACTTCCAAGAGGGCCATGCGAAGGTGTGCCTGCCGGATCGGCTTGGAAACGACGGCGGAAAATCCGAATGAGCGGAGCGCTTCGAGCGTGGGGCGAATGCAGACCGACGTTAACAGCACCACCGGAATATCTTCATAGGCGGCAATCTTGCGGATGTCCCGCACCGTCGCGATGCCGTCCATCTCAGGCATCTGAAAATCGAGAAGTACGAGCCCAAATTGGGGCGACCCATCGCCGGACCTGAGAAGCTCAAGCGCTTCGCGACCGCCGGTGGCCTCCGTCGCGATACACCCCCAAGATCGGAGCTGCTCTTTTAGGATGCGCCGATTGGTTGCGTTATCGTCGACGACCAAAACGGATAGATCGGTGAGATTTTCCGCCGAAAGAACCGGCGGGGTGGCCCCCGTCGCCTGCTTGGTCAGTGGAAGCTCGATCCAGAAAGTGCTACCTTCCCCTTCGACGCTGCTCATCCCGAGCGTCCCATTCATCAGAAGCGCGAGTTGTTTGGTGACGGTGAGCCCCAGGCCGGTGCCGCCATATCGGCGCGTGGTGCTGTTGTCGGCTTGCGTAAAGCTCTCAAAAATTGCCGCTTGGCGATGGGCAGGGATACCGATTCCGGTGTCGCGCACCTCGATCCGCACGTGAACCCGGGTGCCGGTTTCCTCGAGAACGCTCGCCTCTACGGTGACCTCGCCGCGCTGGGTGAACTTGACTGCGTTGCCGGCGAGATTGGTGAGCATCTGCCGAATGCGCCCCCCGTCACCGATCAGGAGGTCGGGGAAGCCGGGCGGGACGAAGCAGTTCAGCTCGACTTCTTTGTCGCCAACGCGGGATGCCATCATCTCGCAGATCTCCTCGATGCATGTCCGGAAGTTGAAATCCGCTCGGTCGATGACCATCTTTCCGGCCTCGATTTTGGAGAAGTCGAGGATGTCGTCGATGACGGTGAGGAGTGCTTCGGCGCTGTTCTGGACGGTTCGAGTGTAGTCGAGCTGCTCCCGGGTCATCGGCGTTTCCAGCAAGAGGGAAGTCATGCCGATGACGCCGTTCATGGGCGTCCGTATTTCGTGGCTCATGTTGGCGAGGAATTCGCTCTTCGCGCGGGTCGCCGCCAGCGCCTGGTCCCGGGCCAGGATCAGCTCTTCGGCTTGCTCCCGAAGTTCCGCCTCGGCCAGCCGACGCCGTTCGAGCTCGTCGTGGGCCGCCTTATTTAATTTAGCGTTCAAGATCGCGACCGCCGCCTGGTCGGCGAACGGCAGCAGCAGCTCCGCGTCGGCGGCGGTGATCGGTCGACCCGTACGTAACGTATCGACGGAGATGATTCCCTGGAGCTCTCCGCCCGCCCTAAACGCCATGATCGCCCGGGGGACTCCGCTCGTGCCGGGCTTGCCGACGACGCTCAGGTCGGACAGCACGTCGATGACGAACGGCTTTCCGTCGCGAATAACCTCTTGTACGGTGTCCGAACAGTCGCGAAGCGAGTATGAGAGGTGACGTTCGTCGACGATGTTGCCTTCGGCGTCGGTACCCCACGTGCCACATAACTTGTCGCCGTCGATCACCCAAACGCCCACTCGGTCGATCCAACCGGTCTCCAGCATCGCGTCGCAGACAAGACGAAATACCACGTCCAGGTTTTGCTGCCCGCTTATCGCGGTCGCCATCTGCATCAACCGCCGCTGACGCCGCATCATGGTTTCCTGCGCCTGTACCAGCGCCGCCTTCTCGATAGCTACCGCTGCCTGATTGGCGAAGGCAACTAGCGGCTCGATGCTCTCCGCGGTGATCTTTCGCATCGTAAAGAGCGAGTCGACCATAAGGAATCCCACGAGCCGATCGCCGGCTCGAAGCGCGATCTCGGCGTGAGGGACGTTCTCGCGGACCTCGCCGTTTGCCAAGGGGATCGCCGGTCGCACGCCGATCTGGAACCAGGTCTCTCCAGGAACCACCGACATGGTCTCCAACTTGTCGCCCAGCGGAAAGCTCTTTTCGTGCTCGTCCAGTACCTCGCCGCTATTGGAGGTGCCCCAGGTTCCGGTGACGAAATCTCCGTCCACGATCCAGACGCTCGCCCGGTCCACCACGCCGCTCTCGACCGCCGCATCGCGAACGAGGCGAAAAATCGAGTCTAGTTCGACGTTCGTGCCGATCGCCACCGCCATCTGCATCAGGCGGCGCTGCTGATTGACGATGACTTCGCGTTCGTCCAGCAACCGTGCCTTCTTAATCGCCGCCGCCGCCTGTCCGGCAAATGGAAGCAGGCCGCGCATATCCTCATGGGTGATCGGTCGCTGGGTGATTAGATTGTCCACCCCGACGAAGCCGACCGTTTCATTGTTCGCCCGGATCTGCACGATGCCGTGGGCGTGGACGCCGGTCATTGCCTCCTCGTCAATCGGAGTGTATTCCGAGGCATATTCCTGCACAAGAATGTAATCTTGGCCGTCGGAAACCCCCATCCCCCAACTCTTAAGGTCCTCCTCGGTCATCGGATGAATCTGGTGGCGTATGTCTTCTAGGTTCCCATCCCGATCCGTGCCCCACGCGCCACGCATGGTGCGGGTGGCTTCATCGAACAGAAAAACCCCGGCGCGATCGAAACCGCAAACGTCGACCACGGTGTCTCGGACAATCCGGAGGACCTCGGAAATATCCATGCTGGCGTTAATCGCCGTGGTGAGCTCGACGAGGCGGCGTTGTTTCTTTAGCGCA
NZ_CP007139.1_gap81	3561162	3565729	4567	CCGGAATCGGAAGGATCGCCTGCAGCGCGTAGTAACGCGTCACCTCGTCCGGGTCCGATTGGGCTAGCGGGCGGAGTTGATCGAAGAAGGTGTTCTCCTTATCTTTCCACCCCATAATCGCCCGTACCGCGACCTGGCGAACGTTGGCCGACGGATCTTTCAGCGCCGCCAAGACCTGGTCCTGAGCGACGCCGCGCAAGGCGACGAACGCCTTCACCGCGACCTCTTTCTCGATCCAGTTCGTATCCCCTCGCAGCCGGTCCAGAATGAGGGGCGCCGCGGCCGCATCGCCGGACATGCCGAGCGCCTCGATCGCCGCCACCCTTACGCTTGGCTCGCTGTCGGAGAGCCGCCCTGCGAACACGTTGGCGCTCGCCGGGCCGAGCCGGGCTCGTGCCCGCAACGCCTGCCGCCGCACGATCGGGTTTTCGTCGTCGATATCTTTCTCGACTTCGCTTGGCTCAGGCTTGATCTCATGGCGGACGATCCTGGCCAACGCCTCCGAACGGTCTTTCCAGTCCCCCGCCCTTACCCCGGCCGCGGGGACCGCCTTCAGGTTATGACGTAGCATCTGCTGCCCAGGGGCGCCCCACCCGGTAAGGTGCGCCCCTTCGGCGACGAGCGCCTGCATATCGGGCGAGAAGGGGCGATCGGTCAACAGAGTTACCGAGATCGACTCCGACTTGCGGAACGGAAGCGCCTTGCGGACGAGCGCCTTGCCCGCATCCGCGGTACCGCCCATGACGCATAGCTCGTCGATGCTCCCTTCCTGCAACCAACGTTGCCAGTCCATCGTCGCGCCCACCGCGACCCGTCCGCCGCTGAGAGGCCACTCTTGCGGAAGGTTCGGGTTTGCCGCGCTCAGAGCCACGGTCAGTTTTTTCCCTTTGGCGTGAAACGCCTTGGAGAGCTCCCTGAAGAACTGGGAAACATACTCCCCCTTGAGATCGCGCCATTTCTGGACGTCGAACGTTTCTTTCCTTGGGTCGACGCCATACCTCTGCTTGAACTCCGCCACCGCTTCGTCGCTATAACCGAATTCGTCCGGGAAGCGGGTGGCGTAGTTCTCCATGTAGGTGTAGAAGAAGAGCCCGTCGTACCCGCCGTTGACCGCTTGATCTGTAAAGCGCTTTACCAAATACGCCCGCGCCGCCGGAATCGAGAGCTCGTAGGGTCCCGGCTGACGCCGCTCGCCGAACCGGTCGATCGGCTTCCACTCCGGATGGGAAGCGAGCGTTGCGTCTTCCACCCCGTAAGGCAGCGTGTCCCAGTACTCGGCTTCAGGTGACGCACCGAAGTCGAACAGGGAAGCCATCATATACAGTTGCACCCCTCGCCGGTGCGCCTCCTGAACCGCGATCCGGTTGACCCCTACCGTGTCGTAGAGGTACCTCTCCCACACGGAGTAGAACTCGAAACGAGAAGGATTCTCCTTTCGATGGATTCCCAAGTTGACGTAATTCTCGCCCTGAGCCCCTCGCCAGAACACCTTGGAGACTTTCTGTACGTTGGCAATCCGCTCGAAGAAGGAGGCGATGGTCGCATTGCTGTCGAGCGGTTCCCAAATCGGATCGTAGTGGGAGTCCGGCACGCTCACGTACATCGACAACGTGCCCGGCACGGCATCCTGGTGTTTGGGAGCTCGGTGCGGAGGCGTTCCGTGGGCGAGCATTAGCGCCCAGAATCCGGCGATTCCCGTGAGGGCCACGCTGCAGCGAATCATGTTGTTTGAGCTCACCGATCGTCCTTTCATTGCAATCCTCTCCTGGAGCTGAGCAATCCTGGCAAGGCCGCCGGCCGATCGCGCCATGAAATAGCTAGCGGTTCGACGGAGGGTTTGCCTGGGGTGTTCTTCTTCTACGTAGCCTACGGGTTATAGCCCCGCCGTAACGGTAAAACAACCAGGTAAGAACGGGCGTTCCTGCGAAACCGCCTCATCCGCGAGAAATTTCGCTCGGTTGGCGAGAGGGTGGGCAGAATGGAGTACGACCGCGCAAGACGCGGCGCTCACTAGGTAGATTTTCTGTCGCAAGGGGCCTACCCGCCTTCGCTTGTCGCCGATGCTGTTCAATTCGATCGTCTTTGCCGTCTTCGCGGTCGTTTTCTTTTCGGTCTGGTGGCTTGTTAAGTGGCGTCCAACCGCCCGGTACCTGACGATCATCGGGTTCAGCTTCTTCTTTTACGCTTACGACACCCCCTGGTGGCTGCTGCTCCTCATGGGCACGGCGATCCTGGACTATTTCGCGGGACTCGGCATTCTCAGCCGCCCCCATCTCAAACGGTTGTGGGTAACCCTCTCGCTCAGCGGGAATCTGGGCCTGCTTCTCTTCTTCAAGTATCAGTTCTTCATTGGGAAGAACCTATCCCACGTTCTCCAACTCTCCGGTCTCAACCTGGATATCCCGGTGCGGCAACTGGCGCTGCCGATCGGCATCAGCTTCTATACGTTCCAGTCGATGAGTTACACCATCGGCGCGTACCGAGGCATCCTCACGCCGACCCGCAACATCCTCCACTTCTTCGCGTACGTCTCGCTCTGGCCCCAGCTCGTGGCCGGTCCCATCGAGAAGGCCGCCCACCTATTGCCTCAGGTGGCCAATCCGAAACCGCTAGAGGACTCGGATGTCTGGGAAGCGATGCTCCTTATCGTGCGTGGCTTCTTCAAGAAGATGGTCATCGCGGACAACCTGGCGCCCGCCGTCAACGCTGCGTTCGGGGCCACCTCGTTTGTCTCGTCGGCTCCGCACTGGTGGCTGATCTCCATCATGTTCGCGCTCCAGATCTACGGCGATTTCAGCGGATACACCGACATCGCCCGCGGATTTGCGAAGCTGATGGGACTGGAGTTCGCGCTGAATTTTAACCATCCCTATGGAGCGAGGTCCGTTCAGGACTTCTGGCGTAAGTGGCATATCTCGCTCTCCACGTGGTTCCGCGATTACCTTTACATCCCGCTCGGCGGCAATCGCGGCTCGACATGGCAGGGGGTCCGCAATATGTGGATCACGATGCTCGTCAGCGGCATTTGGCACGGCGCCGCCTGGACATTCCTCATCTGGGGAGCGCTCCACGCGACCTACCTCACCGTCGAGCGATTTACCGATTGGCCGAAGAAGCTCGCCACGAAGCCGGGCGGAAAGCATCTTGCCGCCGTTCTCGTCTTCGGCCTCGTCACCATCGCCTGGGTCTTCTTCCGGTCGAACTCGACGCATCAGGCGTTCAGCATCGTCGCGACGATGCTGAATCCGTTGCGAATGAGCCTCGCCCCTCTCAAAGCCGTTGATCCCTCCACGTACTTCTTCCTGCTGCTCGCCATTGCCATGGTGCTTAACAGCTACTTCGGCTGGCTACGGAACCTGTACGCGAACAACTCGACGGTAAGGAACCTTCGCCCGGTCTTCGTCGCTCTCCTCATCATGGTTTGCATCTTCTGGCGCGGTCCGGGAGGCGCCTTCATCTACTTCCAGTTCTGAGCCAACCACCATGGACCGACGCGTTACTCAAGCTCTCCTTGTCGCCGCCGTCATTTGCCCGGTGTACGGCCTTATGGCTGGCAAAATCGACAAAGCGCCCCGGGAGGTGACTAATTTCTGGGTTCGCAAGATGCGCCTTTCCGGCGTGGCCGATGTCGTTTTCATCGGAGACTCTCGGGTGAACCGAGGCATCTCGCCGGCGGTCGCCCAGGAAGTGCTGCCCGGACTGCGAATCGAGAACTTCGGTTTCAGCGGCCAAGGGGTCACCCAGCCCTACTTGGATCGGGCTCGCACGGTGGTCGACCCGAACAGCAAGGTTCGCGCCCTCGTCATCGGGGTAACCCCCCGCATGTTCACCGCCGCCGCCATCAAGCTGAGCGAGTACGACAAGTGGGCGAAGATGCGGGAAGTCGACTACTACCTGCAGGACATCGGAAGCGGCGTTAACTACTTCTTCACGCCGGAAGATCCGGTCAAGTTATTTGGCCGTGCCCTCAGCTCCTCCGCACCCCGCTACACGCAATGGTTCGAACCGGGTGGCTGGATGCCGGCGACTCGCTCGACCTTCGACACGAAGAGTGCGGAAGCGGAATACCGGACCCATTTTGCTCGCGGCGGGGCGCTACCGGAGGCGATCGACCGCTTGGTCGCATTCGTTGCCCATGCCAAAGCGGATGGTTTCAAAGTGTTTCTCTTCCGTCCGCCGATTTCACCGCAGGTCCGCGCGATCGAGGACGAGATGGGCCAGTTCGACGAAGCCGCCTTGCGCTCTAGAGTCGAGGCCGCCGGCGCGGTGTGGCTCCCCACCCGTCAAGGCGCCTACCAAACGTTCGACGGCCACCACCTAGATCGAAGCGCTGCCGAAACCTTTACCCGAGACCTTGCAACCGAACTAAAGCCCTACCTCTCTACCCGATAGCCATCGGTTTTTTGGGACTCCCCCGTGTTTCGGTTAGGCTGATGTCGCCGCTTTCAGGGCTCGGAGGGCTTGTCGGCCTCTTTACCAGGGTTCCGCTGCGCTTACCCTAGTAAGTTCTAGGAGGTCGCGCTTTCAGCGCTGAGAGGGATTGGTGGGCTCTTTACAAGGGGTTCCG
NZ_CP007139.1_gap82	3632694	3635545	2851	AGCGCTTGCACGTTTTTCGCTTCGTCCCAAAGCCGGCCGGCAGAGAAGACGAATGGCTCTTTCGAATCGGAGCGGAAGCGGTTGGCGTCGGCGGTGTTTGGAATCGCGATCGAACGCTTGAACGGGCCATAGAGCCGATTCGCGGTGTTTAGCATCGCACGGGTCGGAGCTACCAGGTACTTGGCAGCTCTCAAACCCTTCGCTACCTCTTGGCGGTACCGGTACCAGTTTTCCGGGGCGGACTGCCGCTTCACCGCTTCGAACCAGGAAAGAACGCACGAGTGGAAAACCACGACCGTCGGAGCCGACCAGCAAAGGGCGGCGTGGCAGAAACCGTTGAGATGGACGACATCGGGTCGAACCGCATCTTCAAGGCTTAGCAGCCATCGACCTGCTTTTCGCACGTCACTCCACGGATCGGCCATCCACTCGAGCTTGTAATTGCTCTCGTAGAGCGTAAGCCCGCGAATCGCCTCCGCCGACCGTACTTGGTCGCTCGATAGGAGAGCGCCCATGGTGGCGAGGGAGACTTGAATGCCCCGCTCGGTCAGGCATCGGGCGAGGTCGAGGGAGTAGTTCCACACCCCGCCGACGGTGTCGGCGGTCATCAGAATCTTTCGGGTCATCGCCGTTCGGGCTCCATAAGAATGAGCGCCTTCTTGAATCCGGCGGGGCGGTCCCGGGTGAGATTCAGAGCTACGTCGAGCTCATCTAAAGCGAACCGATGCGAGTAAAGGGGCGAAGGGTTTAACCGCCCGGATTCAACGGCATGAATCGCCTCCTCCATGCCGCGGCGGTAAACGGAAGGCTCCCGTTCGTGTGCGTTGGTGACTTCGAGACCACGCCAGTTCCAGAGTTGCATGTTCACTTGGCGCAGACCGTCTTGGTGGTAGCCGGCGACCACGAGCCGCCCCATTTCTTTGGTGAGCTCGGCGGCGAGGTCGAGCGGCCATTGCTTGCCGACGGCTTCGATCACGACATCGCACATCTTGCCGCCGGTCAGTTGACGGACTTGGTCGATTACTTTCCAGTGGTCGTCCATTCGGACCGTTTCGGCCGCTCCGACCTCGCGGGCGGTTTCCAGCGCTTCATCTTTGCGGGCGATCGCGATGACCCGGGCTCCCGCTTGGGAGCAAAGGCTGGTGAGGAGGGCGCCGAGGAATCCGATGCCGACGATGGCGACGATGTCGCCGGCCTTGACGTGAGACCGGCGAAAGATATTGATCGCGCACCCGAGCGGCTCACCGGGAAAGGGGACTTGATTCAAGGAGGCGGGAATGCGGACGACCGAGTCTCGGTCCGCGACGTCGTACTCGGCGTAGGAGTGGGTGGCGAGGAAGGCGACTCGATCGCCGACCTTTAGCTCGCGAACGTCTTCGCCTAGAGCGTCGACCGTTCCCCACCCTTCGTGCCCCAAGCCGCCGGGGTCCATCGGGTAGGTGAACCATTCCCGGCCTTCCCAAGGAGGGATGTTGGAGGCGCAGACGCCGCAGCCCTCCAGCCGGATTCGGACTTCGCCCGGCCCCGGTTGGGGAATAGGTACGTGACGGATCTCGATTTTGCCGGGCTGGGTCACGGTTGCTGCCCGCATCGTGTCTAGGCGACTTTTCGGAGTTTCCGCGGCCGGCATCATGAGGCGAACGCCTCCGATTGCTTGGAAATGGCCACCGGCTTTGGCCGGCCACCGAGCCATTGGTAGAGGTTGCGAACTCCCTCGAGAGCCGAATACACGGGAGTCCAGCCGGTCGCTTCTTGGAATTTAGCGGTGTCCGAAACGTAGTAGCGCTGATCGCCGGGGCGCCAGTCGCACATCTGCGTCTTCGGTCTCGTGCCGTGCAGCGCCTCGATTAGGTCGAGAAGCTCGATGAGGCTGATGGAGTTTTGAGGGCCGCCGCCCATGTTGAACGCCTGACCGGTCAGGCGATCGATATTCCCCATGAGCAGACCGAAAGCTTCCACGAGGTCTTGCACGTAGAGAATGTCTCGAACCTGTTTTCCGTTTCCGTAGAGGGTGATCGGGCGTCCCTTAAGGGCCTGGAGTAAGAAGTGGGCGACCCAACCTTGGTCTTCGGTCCCACATTGGTGCGGGCCGTAGATGCAGCTCATGCGGAAAACGGCGGCCGGGATCCCGTAGGTTCGGGCGTAGTCCAGCACGTATTGGTCGGCGGCCCCCTTGGAGCATCCATAAGGGCTGTGGAAATCCAGCGGACGGGTCTCCGCGATCCCTCGAAGCTTGGTCAAGGGCGACTCCGGCTCGTACCGGGTCTGCGATTGCACCAGTGGGATGTCCTCCAAGCTGCCATAGACCTTGTTGGTGGAGGTGAAGACGAGACTGGGAGGGGTTACCTGCCGTCGCACCTCCTCTAGGAGATTCAACGTTCCTCGGGCATTGCGCTCGAAATCGTCGATCGGCGACTCCAAGCTTGTGGTGACCGCCACCTGGGCGGCAAAGTGGAACACTTGATCGGCCCTAGGGACGACGGCGTGAAGAGCTTCTTGATCTCGAACGTCTCCCCGGTGGAATTCCACACGCTCGCCGTGTTTGTGCTGAAGCCACTCGAGGTTCTTCTCGACTCCGGCCCGGGCGAGGCTGTCGAAAACAATGACGCGAATTCCCTGGGACAGGAGCCGATCCGCGAGGTTCGTTCCGATGAAACCGGCGCCGCCCACGATCAGCGTCGCTTTTCTGCTTTTCATATGGTCAACCCCCGAGAGGCGAGCTGCTGGCGCATTTCATCGACCTTGTCGATGGCGGTTTGCTCCTGCAGCCATTCGGCGAGCTCAGCGAGTCCGTCGTCCAACAGAATTTGGGGCTCGTATCCAAGCAGCTCGCGGGCCAGCGTGATATCGG
NZ_CP007139.1_gap83	3639332	3642960	3628	TGGGGGATGGTTAAGCATTACGGTTTGATGACGGACCGGCGAGGCAAGGGGAAAAGGAGCGTGAATCTGGTCGGGGCGGTGACGACGGGAGCCGCGCTGGCGGTGGTTCTCGCGGCCAAGTTCACCGACGGAGCTTGGATAACCCTCGTCCTCATCGGGGGAATGATTTGGCTTTTTCTGCGAGTGAAGCGCCACTACCGGTTTATCGAACGGCTTACTCACGCCGGGGAGCCGCTCGACGTCGAGAACCTACATGCGCCGGTGGCGATCGTTCCCTTGACCGCATGGAGCAAGGTGACGGCCAAGGCGTTGCGGTTTGCGTTGACGATGTCGGACGACGTGAGGGCCCTTCACATCAGCATCGACGAGGAAGAGGAACGGAAGGTATGCGCCGAGTGGCGCCGGCACGTCGAGCTTCCGCTCGCGGGAACGGACCGTGCCGTCCCGCGGCTCGACACGATCCGGTCGCCTTACCGACGCCTCTCGGGGCCGCTTCTTACCTTCTTGTTACGGACTCAACACGACCACCCGGAGCAGACTGTGGCGGTGATCATCCCCGAGCTGGTCGAGGCCAAGTGGTATCAGTTCTTCCTCCACAACCAAAAGGCGGCGGCACTGAAGATGGCGTTGCTCCTACGCGGGGGGAGCCGCGTGGTGGTGGTGAGCGTGCCGTGGTACACGGACGAACCGGAAGAGCCACGTTAACGGGAAAGTAGCGGTGGCTATGCTTATGCCGCTGCCTTGATTGAGCAATAAGAACATGAGAACTTCGGCGCCGAATGTTAAGGGGTAGCCGGTTCGAATATTTGGGTGCTCTCTACATCTTTGGCGTGTAGAGAATCTCATGTACAAATAATTCTTGTCACCCTCGCCAGCTTCTTTGTAGGTCAGTAGTTTTGGCCGCTAGGAGCGGCGGGGGACAAATGGAAGAAAAGAGGGAGATGCTCGATCTGTTTGTTCGGCGAGCGCAAAATGGAGACCGGAGCGCCGTCGATGTACTTATCCGCCAGCATCGGGAGCGGCTATTCCGCTTTGCAATCGGCCTCTGCCGCGATTCGGATGAGGCAGCGGACGTGGTCGCGGAGACGTTCCTCCGCGTGTATCGATCGCTTCACACTTTCAAGGGGGACTCGGAGTGGTCGACATGGCTGTTTCGCATCGCTGCCAACGCGTTCTTCGATTACCGCAAGCGGAACTCTCGGCGGGAAAGGTTTTCGTTGTCGGAAAGGGAATTTTTAGCGGAGTCCGATTCGGCGGTCGCGCATGTCAGCTTGAGCCCCCACGAGGTCGCCGTGAGACGGGACGAAGAAGCGAGAATTGGCCGGGCGGTGAGCCAACTCCCCAGCCCCCACCGGGAGATGGTGCAGATGTACTACTTCGAGGAGTCGTCGTATGACGAGATGGCGGAGCGGCTGGAAATCCCGATCGGGACGGTTAAGAGCCGAATGAATCGTGCCCGTCGACACCTCGCCCCGCTGCTCCTCAGCGAGCCCACGTTCAGCCTCGGGTGAGTTGCGGCTCCGCACTATTGCGTTTATACTGCGCCCCATGGCAAACGAGCCGATGACGTGGGATTCCTCTGGAAAGCTTGTGCCATTGACGGCGGATGAGATCCAGCGACAGCAGGCCGATGCCCATGAGCTATGGGTAGAGAGCGGGAACGCCAACGCCAAGATGACTGAGGTGATCCCTATCTCCTGGGACACCGGCGCTTGGATGATCCTCAAAGACCTGGGTGAGCTAGGAATGGAGGCGGTCACGAGCGTGTGGTCGGATACGAAGCCTCGAGTGTACGTACCCTCCGTCGGAATGACCGGATTGTCATTCCTCATCCTGGCATTGGGCTTCCTGCTGGGTTTGATTTTCTTCCCATTGTCTTTCTTGGCCCTCAATATCGGCCGCCGTGGCTATGATTGGTCCCTGCGACGAGCGGTACGGCGAGAAGAGGCGAAGAAGATATTTCTTGGCTAGGTGAATCCCGGGCGCTGCCTCGGCTTACTCACTACGGTGGTCGCTACAACATTCATGGAACTGGCACCTTCGATCTGAGGTCATACCCGCACACATGACTACTATTCTGTTAATCGTAATTGTCGTTCTTCTGCTCGGCGGTGGTGGCTTCTACTACCGTGGGCGTCGCTAGCCTTCTGTCATGTGAGTTCCTAACGATCACTCCCGTTAGGAACACTCCTCAGTCCATTCGCGCGATCGCCGGCAGCCGACGGGTACGGCATTACTCCATCAGCCGGCGTGCTTCTCCGTTTCCAAGCCCCACCCGAGGTGAAAGTGGGACCGGCCATACGAGCGGGGAACTGCTTTCAGCAGAGTCCTGTAATTCGGAACGAACTTCTCGATGGTGACATGAAGATGTCCGAATGGTGTGGACGATTGTTCACCTACTCGAAGCCGGTATCTTGCGACCTCGCCGCTGGACGGATTTTTAGTCCCAGGAATCGGCCAACGAGGCCGAATAGGCTCGCTTTAGGTGAAGAACCGCGGCCGGCGCGAACTTGAGGTGAGGCTGAATTTGCTGGAGGCGAAGCTGCAACCATACGTAATGCTAATACGGTCTCAAGAGAAATCTTTGAGGCCGTATTAGCTTCAATTAGCCGCTTGAAGCGGTCGTATTAGAAACGGCAGCTACTCCGCGGACGGGAAAAGGTCGGCGAGCCAGCGTGCCCACTCCGGTTCCGCCTCTGCCGCGGCGGTGTCTGCGCCTTCGCCAAAGAGATAAAACCGGATCGAAAGATAGACCTGGTCCCCCATCGGCATCGCGAAGAGATTGCAGATTCCCTGGGCAGGCTCACGGACAAGGACCAGGGAGCCAGGCGCGTCTTCCGGACCCATCGTTGCGACCTCGCCGGAGAAACTCGGCGCATCCGATCCAGCGGAAACCTGTTGGCCCACGGTGGCGTTGGCCACGCCTAGTGGACCGGCAAACTTTTCCCATGTCGAAGAGATCGGACCGGGAGCCACTGCCGAGGCTTCGAAACTCGCGCTGGGTTGGCCGGGGAACCGGGTGAGCACCAGCCGGAGGATCTGGAAGAAGGTGCCCCAACCCTGCTCGATCGCTTCGAACTGGCCATCCCACTCGTCGGTGCTGGCAAACCAACTGTGGACAACCCGAACCACGCAGGTTCCGCCGGACTTGGCTTCCACGGTCCACTCGTCCGCGACCGCCGGCGCGCCCGGCGACATCCCTTCGCTGTTGGCCACAAACCTCCGGGGAGGGTCCCATTCGGCCATGGTTGAAACGGTATCCATCCCGGGGCCGAAGCAAAGGGAGATCTCGCCTCCGACACGCTCTTCGATCTTCGCGGGAACGAACCAGGACGAGATTCCCGGCCCGGTGGCGATCGCTTGCCAGACCTCTTCCGGCGAACCCGGAACTTCGACTTCGACTTGGACGGAACGGAGTCCATTCTCTCCTACTTTGACGCTCATGATTGCTCCTTAACGTTGGATTCGTATGGGGTGGGGTGGGCGGCGACGATCAGCCGGTGCGATCGCCCGCCCGGGGACGACGCATCGTGGTAGTGCGAGACCAATGCGGTAACCGCCCGGGTTAGGTCGGCGGTGAACGCTGCCCGCTCGGTGGCGGATCGGAACCGGATCTCGGTGTCGATCG
NZ_CP007139.1_gap84	3718337	3719261	924	GCGATTTCAGCCGAGAATTTCGGCTCGGGAGAGACGATCTAGGACCCTGCGAACGCCAGTCGGTCGACCTTAGTCAAAACAATTGGCAAGGGGCTAACTTGCGCGATTGCCAAAGGAGAACACGATGAATTGGGACGTTGTGAAAGGAAACTGGAAGCAGTTGAAGGGCAAGTTCCGCGAGGAGTGGGGCAAGGTCACCGATGACGAATTCGAGCAGATCGCAGGCAATAAAGATCAGCTCGTCGGCAAACTCCAGGAGAAGTACGGTTGGACTCGCGACGAAGCCGCCGCCAACGCGGATGCCTGGGCGAACCGCCACTACGTAGCCTGAATATCTTCTTTGCGGCTATCTTGAGGCCGCGTTTCGGGCTCCGACGTTGTGGCCCGAATTAGCCCGCGATCGATCGGTCGCGGGCACTTTCCGTTCTTTTTCGCAAGATGCAGCCTTAGCGTCTCGCTTCCGTATTGATATACTGATGTCGACCCAAGGATCGGGTCAGGGGTTCAGGTCAGGATGAAGGTCAGCGCTCGGCAGGCGGGGAAGGCCAAGGCGAAGCCGGCAGCGAACGGTCCAAAAGGATCGAAAGCGTCGTCGCACCGCTCTTGGGACATTGCGGGCATTCTCATGCTCGCGTTCGCACTACTGGTGCTCGTGTCGCTATTCACGAGCAACTCCGGCTTTGTGGGGCATGCGCTTTACGCTTGCTTCTCGTTCCTTTTCGGCCGCGGCGCATGGGTGGTGCCGCCAATCGCGATCCTCTGCGGAGTCACCTTCCTTAAAGGGCGTGGCCCTGCGCTTTCGCACCTCGCTTGGGGTCTCGGACTGATCTTTCTCACGATCCTTGGATTCATGGCGAGTTACGGGCGAGGCACGTACCTCGACAGCGAGCTTATGCGGGGCAGTGGAGGGATCGTCGGCGGACT
NZ_CP007139.1_gap85	3721070	3722631	1561	CAGCTCGATGGAAGTAGAAGAACTCTTCGGCGGTCCCAGCGCGGGGTCGGGCTATGTATCTTCGGGAGTGGGTGACGAACCTTTTAGCGATGACGAGGAGTGACGCTCATCATGCGCGCGAATAGGGCACTCGTACGTCCAAGTTGCGAGTCCATGCTCTCTCGCGAATTTGGGCAGAAATTTCGGTTGGGTCCATTTCTGCAGGGAAGTCTGACCAGATGCCTTCGAGGTCGGATTTCATGAGATCGCCGAGGACGCTACGTTGGGAACCGCTATTACAAACAACTCGACATCGCCCTCCGGAACGGCGGAAGGAAGGAGGATCGTGACCTCCTGATCTGCGCCTACGTGCGCTGTTAGGCTCATGGAGTGCGTCATTTCCTTATCCTACGCCACTACAGGCTATTAGGCGGGTTGCTCCCTTCGTCAAGCAATTAAACATGGCGAGGTCCCATGGACAATGGCCTCTAATACTCCGCCATCGAAGGGTCGACTTGGCGGGCCCAGGCGTTCATGCCGCCAGTGAGGTTGCGGACTTGTTGGAAGCCGTGTTGCAGAAGGTAATCGGTGGCTTGGGCGCTGCGGCCGCCGACTCGGCAGATGACGACGAAGTTGGATGAAGGGTCGAGCTCTCCGAGGCGGAGCGGTAGGTCGTGCAGAGGGATTTCGACGGCGTCAGGGAGAAAGCTGTACTCCAGTTCCTCCGGCTCCCGCACGTCGATAACGATCGGCGGGTTTGGGCCGTCGAGCTCGGCTTTAAGAGTGATCGGGTCGATGGAGGGGACGTTTAACATCCAATGTTCGAGGCTACCGCAGACAACGGATTAGTCGGAGCTCTCATTCGGATAAGCCACCGGCGCGTAGAAGTTGAGCGTACGATTGGGTCCGCGTACCTGGTGAGGTTTCCCAGCGGGGACGATGACCACGTCTCCAGCATGAAGTTCCTCCACTTCGTCGTCGATTCGCACCGAGCCTCCGCCTTCTAGAACAAATAGGACCTGGTCCGACTGCGGGTGATCGGTTCCCATTTCACCGGAGACGTCTTCGGGACCCAGCGTCATCACGGCGACCTGAGCGCGGTCCGTCGTCTCCAAGACCCTGAAAAAGCTCCCAGCCTTTGCAAGCTCGGCGGCTCGGATGACGCGCATTATGCGGCGTACCCGTATCGGTCGACCTTGATCGCGCCGAACTGATTGAGCGTGTCCTCGATCATCCCTTTGTCAGAATTTTCGTGAAGCTCCACGCAAATAATCGCTCCGCCATCTTCGTAGGCTTTCTGGTATCTCGGAATGTCGTTTGCCGGAACTCCGTGGTCTTTGAGGTAGGTAACCACGCCGCCGGACACAGCGCCGGTGCTGGAAGCCGCCGCTAAACCGGCCAGCGCAAGGGCAAGCGCGCCCCCGCCCAATATAAGCCCCACCGCCGGCACGAAGATCGCGGAAGCTGCCGCCAAAGCGCCGACGCCTAGTCCGGCGACGACCCCTTTCTTCGCGGCGTCGGCAGCGCCGGGGATAGTAGTGGCGTGGATTCCGTGATCGTCGGCCCGATCCGAGGTCGCCTC
NZ_CP007139.1_gap86	3736040	3736920	880	TCTTCCTGGCGATTACCGTTATCCTGTTCCTGATGAGCCTCTTCGGCCGACGCCCAGTCGTCTAAAGGGAAAAGGTAGAAACACAAGAGTCGGCCGGCGCCATAGCGCCGGCCGACTCTTTGTGTTTCGGGGCGCTAGGGGTTGAGGCGTTGGGGCGTTGGGCCGGATGTAGCCTTGGTCAGCCGCCGCTACTAACGCCTAACGCCTTAGCGCCTAACGCCTCCGCTACTCCCCCGTCCTCCGATACTCGGCCGTAGTGTTCACTTCCCACTTGTCGTCTCGCTTGATCGCGACTTCGGCTTTGTAGTGGCCCGGCTCGAGGAGGTCGTAGGTGATTCGGAGCTTTTCGTCGGCATCGGTGATCACGAACTGCTTGTCGCCGAGGACGCCGGTGAAGACGATCGGCTGAGCGCGGTGGTTCATGAACCAGTAGCCGCGGTATTTGCGAACCGATGGGTCGAAGTTGAACAGGATATGGTTAGCAAATTTGCCCATCTCCGCCACTTCGAACGCCTCGTCGATCTGCAGATATCGGCCCTCCAGGATAAGCGTGTTCTTTCCCTTCAGCGTAAAGGCGACTTCTTTACCCTCAGGTCCCTTGGTGGTCTCCTTGGACTCCCAACTTCCGAGCAGGAACGCCAGACCCTTCATCGGATCTTGGGGAATCGCTCCCGGAGCGGGGGTCTGACCCTGCGAAATGGACAGAAGAATTCCGGCGAAAAGGGAAGCGAGCGGGGCCATAACGAGAATCGTACCGCTCTACCTGCTGCCGGCGTTCCCGCGTCGTGGGTATATATGTTCCGGTGGGGCCTGTAGCTCAGCGGTTAGAGCTGGCGGCTCATAACCGCTCGGTCAGGGGTTCGAACCCCCTCGGGCCCAC
NZ_CP007139.1_gap87	3740329	3744804	4475	TAAACTGTCGATCAGTGGCGCACCGAGAAACATTCAACCGGCCCGATGAGCCGTATAACGATCTTCCGGCCCTTCCGCCGCTCGGCGATCTGGAGACAAAAGCGATTCTTAAGGCCGCGATCGATGCCCATGTTGCCCTCGCGGAGCTGAGATCGGCAGCGAAGACGCTGCCGGACGATGGCATCTTAGTGAGAGCGATCGCGTTGCAAGAGGCACGAATATCTTCCGAGATCGAAATGGTGGTCACCACAAACGACGAGTTGTACCGGGCGCTTAGTCAGCAGGAGGAGTTCACCGATCCGCAAACGAAGGAGGTTCTTCGATACGGCGATGCCATATGGCTTGGTTACGGCCATCTCCGAAAAGGGTCGGCGATGGACGTGCCGCTTTTACAAAGGCTCGCTTCGGTGATTCTAAAGTTCGATCTAAAGATCCGAGAGAGTCGAGGTACGCGAGTCGGCGACCCAAGAACCGGAAGAGTTGTCTATACGCCACCAATCGGCTGCGAGCGAATTACCGCGATGCTTGAGAACCTATTGGAATACTGGCATACCGAGTCAACCGTCGACCCTTTGGTGAGGCTGTGCGTCATTCACTATCAGTTCGAAGCGATTCATCCGTTTCCCGATGCCAACGGCAGGGTGGGCCGTGTCTTGAATATTTTGTTTCTAGTAAGTCAAGGCTTGCTAGACAAGCCGATTTTGTACCTTAGCCGGGCGATCATCGAAGACAAGAGTGGTTATTACAAAGGGCTGCGCAAGGTGACCGAGTATGGCGATTGGGAGACTTGGGTGTTGTATATGTTGGAGAACCTCAGCGTGACGGCGATTGAGACCCGACGCCGGATTGAGGCGATCCACCATGAACTCGAGGCGGCAATAGATTACGCTGAAGCAAGTATGCGAACCGGATATAGCGAGGAGCTTATCCGATTGGTATTTTCCCAGCCCTATACCCGTATCTCGTTTCTCGAGCGGGCGGGAATCGCCAAGCGTCAAACCGCTTCGCTTTATCTTCAAGAGCTTGAGCGAATCGGAATTCTTCAGGGCGAGAAGAGGGGAAGGGAGATGTACTACCTAAACCGACGATTGTTCGAGATCCTTGGGCTTTAACTTCTTGACCGTAGCCGAAGACACGTATTGTTCGAGGTCGGTCTCAGGCGTGATCTTTTGGCGGCTGGGGAGGAGGGCGCCGGACGGAACGGAGACACCGGCGCCGACCACGGTTCGTTTGCCGACGTACGACATGGCGCCCACGGAGGATTCTTCCAGGAACGAAGCACCCGAGTCGATGGCGCAACATGGGCCGATGTAGGCTCGATCCCCAAGCTCGACTTGCAGACCGACGCCGCATCCGACGCCGATTTCCGCTTGCTTGCCGACATGGACACCGGGTGCAAGCATCGAGAGGTGCCCGATGAGTGCGCCGTCGTCGATGGTAATGCCGGAGACGACGATCGACCCGTTCCGGGTGGCGATGTTGGTGCCGATGGTGGCGCGGTTGGAGAGATAGACTCCTTTGCCGATGCTGAGGAGCGGAAGGTCGCGAATCCACGTATCAGGGTAGGCAGTGAAGTCGAGGGAGCCTCGGTACCCGAAGAGCCGGAAGGTCGCCCGTTTGAGGGTGGGGATCGTCAGGCAGAGGTAGTAGACCGGCTTGAAGTAGTAGAGCGAGGTCCAGCAGAGTCCGTGCATCCGCCGGTGGAAATAGACCGGGTGCCGCACGTCCCGCGGGAATTTTCCGGCGACGACCCCTTTTCGGTGGGGAAGACTCAGTACCCCGGCCAGGATGCAGAACATGAATGCGTAGGCCAATGGGGCGATCAGAACCAGGAGGCCTCGCGCCCAAGGGTTGCCTACCAAGCTCCAAGACGCTTCTATAATCGCCAACGGCGCACCGAATATGACGGTCAGATAAACCGGCACGAGCACCTGACAAATTGGCCTTCGCCACGGATGTAGAACTTCTGACATGAGTACTGTAGTATTATACATCCAGGTTTTGGATCATTGAAACGTTTCTCGCAGGTACGAGCCAACCTGCGGCTACAACGCTTCGCGTTAAGGGATCGCGGTGGGGAGGCAAGTGAATAAGTCGGCAAGGTTGGCGGTCTTCGGCGCGAGCCAGCTCGTGACCCTTCGCGGACCGGCTAGGCCGCGGGTGGGCGGCGAACTGGCTGACCTTTCGATCATCCGAGGCGGTGGCTTGATTTGTCGTGGCGGAAAAATCGAGTTTGTAGGAACGTCCGACCAGGTGCTGGCGCGAGTGACGCCGGGCGACGAGGTGGTGGATGCCACCAGTGGCGTGGTGTTGCCGGGGTTTGTCGATGCTCACACTCACCCGATCTTCGGCGGCGACCGGCTCGACGATTTCTCGCTCCGCTCGTCCGGCGCAACCTACCAGGAAATCGCAGCCGCGGGTGGCGGCATCCGATCGACGGTGGCTAAGACGAGAGCGGCGTCGGAAGAATCCCTCGTCAAAGCAGGTGAGCGGCATGCCCGCCTCTTCTTGGAGAACGGTACGACGACGATCGAGGCTAAATCGGGCTACGGGTTAGACAAAGAGACGGAGCTGAGAATGCTGCGAGCGATTCGGCGGCTCGGAGAGATCACGCCGATCGGGTTCGTTCCGACCTATCTCGGTGCCCATGCCTTTCCTCCGGAGCACGAAGCGGATCCTGACGGTTACGTCGATCAAGTGGAAGCGATGCTTCCAAGAGTGGCGAACGAACGGCTTGCAGTCGCTTGCGACGTCTTCGTCGAGGAGGATTACTTCGATGCGGGACAGGCCCGCCGGTTGCTTGGCCGGGCGCAGGAGTTGGGACTGGCAACGCGAATGCATGTCGACCAGTTCGGCGATTCTGGCGGCGCGCGTCTCGCCGCCGAACTTAGAGTCCGCACCGCCGACCACCTGGAGCACACGGGGATTGGCGGGATCAATGCGTTGGCGGACGCGGGAGTAATCCCAGTTTTACTGCCTGCTTCGGTTTACTGCCTAGGGTTAAGCAAATATCCGCTAGCGCGGGAGATGGTGGAGCGTGGGCTTCCTTTGGTGGTGGCGACCGATTTCAATCCAGGGTCGGCGCCTACCTTGTCGATGCCGTTCGTCTTGTCGCTCTGCGCGACTCAGATGCGGCTGAAGCCGGAGGAGGCGTTAACGGCGGCGACCTTCAACGCCGCTTGCGCTCTGGGCATCCAGCGCGACAAAGGTTCGCTCGAAGCGGGGAAGTCGGCGGATTTCACGATCTGGGATTGCCAGGATTGGCGCGAGATCCCGTACCACGTGGGATCGTTGCGGCCGTCGACCGTGTATGTTGGCGGCGTGGCATGGGCTTCCAGCCCATGTGTATCGCGACCATCCTGGTCGTGTGATTCCAGTGTACGGTCCTTCCGGACCGGAATTCTCCACCCCCAACCCCCTCCTCATCGCACGAACATCGACGAGGAGGGGGCTCCGGAGGACTAGGTTTGGGGGGCGGTGTAGGTGGCGCGGAGCCAGTATGTGGGCTTTAGGTTTCCGGCTGGGGTGTTGTTGGAGCGGATTTTGAACGTGTACCAGCCGGCGGTGGACGCGGTTGCCGTCAGGGCGGCTCCCTGGGCGGTTCCGGTCGTGTACGTCTTTGTCGTCACGATTCCGCCGGACGGGTTGTCGAGCTCTAGGTAGATGTTCGTGGAGGCGGTCCAGCTCGTGGTGGTGAAGTAGAGGGCGCCGGAGATCGATTTGCCGGCGGCGACGTTGATGCGGCAGACCTGGACGAGCGCGGTGTTGTCGGCCGGCTTGATATCGAGGTCGGTTGCTCCGGCGTACTCTTGGGTCGTCGAAAGCTGAGACGCGGTGAACGAGCCTCCGATGCCGACGGGAGCGTACGCGACGTAGCCCATTCCATTCGTGGCGGTCGGGAGGCTGAGCGACACGTTGCCGCTGCCGTCCGTCCACACGTCGGGGGCGTGTCCGGTGTAGTCGTGCAGCTGCCGGTTCGCTCCGAAACCGGTGGCGCAAGTCAGGTTATAGCCAAAGCCGGTGTTGTTGTTCAGACCGACCAGCAGGTGCTGCCCGCCGTTCCGCTCGTACACGAACACGAGGTTGTTCTTATATCGCTGAGTGGTGGTACCGCTCGCCAGCTTCTCGTGGACCCACATCAGATTGTCGATCGTCGGCTTCATGCCGTAACAGCCGGCGTCGGTGCTGTAGTCCTTATAGAACACACTCGGGTAACCCTCGGAGGTGAGGATGTAAGCGTAGGCGAGCGCCTTGTTCTGGAAGATCGCGTCCGATCGGTCGGTGTCGTGATTCTCGACGAAGGTCACCGCGTGGGCGGGGTCAACGCCGGCAAGGCCGGCATGGTCCAGGTTCGCCATGTTGAAGGAGCCGGGCGAGTTGCACATCCCTTTCAGCTGATCGCGGAGCGGGAAGTCGAACGCGCTCGCGCGGTTGCCCATCATCGTGGAGATCCAATACTGGATGCTTCCGAGGTT
NZ_CP007139.1_gap88	3795766	3799080	3314	CGACCGTGCCGTCGGAAATTCTGTTGCGTAAATGTCACCTGAAACCGGTGCTTACCGCGCCGCCCCGACACGCGGTAGATGGCCGGGCCGTTCCAGTGCAACTTCTGCGGCAATGCGAAAGCGACGAAGCCAAACATGATATAAGCCATCAGAACCTCGACTTGGATCTCCGTTACTGCCAATACACAGGAAAGCTTCGAATCCTTAAGGGCCTCCCCATCTCCAAGTTCCCGGACGGCGGGGGATCGGGTGCATACTGGAGCCGCCATGGCAAATGCGAGTGAATGGAAGAGTCTGCTGACGGAGAGAGGGTGGATCGACGAGGAAGGAAAAATCGTGGCTCCCGGAACCTCGATCGTGAAGATCTCGCTCCCAGAGGCCCGATCGTTCACCGTGCGCGGCGGCAAGATCTCCCAACCGATCCAACTGTCGGGAGAGTTCCTTGTAGTGCAAGAGAGCAACGTCGATACCGCCGGTCGATCCCGCGTGACCGCCATCCCACTTAGCACCATCTTGGCGATTGAGTCTCTGGCATAAAGAGGGCGCCTACGCGTGCCGCCCCCTGTACCTTAGGTACAGGGGAATCATCGGCGAGGACGCCGACGCTACTCGGAACCGGTGCCCACGCCTGCTGCCGATAACAATCTCTCCGCCTCAACCGCCATAGCGCTCGCCGCGATCTCTCGCGGCGTCTGCCCATTGCCGGCCCGCAACGTCGGATCGGCGCCCCGGTCCAATAGGAGGCGCACCATGTCCACCTTGTTGGCATAGGCGGCGCAGTGCAACGGAGTCGCCCGGGGAATTCGCCACTGATCCTGTCTCTCGTTTACCGAAGCAGGGTTCTCGCTCAACCGCGTTTCGGCAACCTCCCCGAATCCGAAGCTAACCGCGTCGTGCAAGTCGACTTTGCCGTTCTCCCGTATCCACCGGACCACTTCCGGCTGCCCCATGTGATCGGCCCACGAGAGCGGGGTCGCCACGAACGGGTTGTTTCGGTCGTTGACGTTGGCACCTTTGGCAACGAGGCGCTGCACCATCGCCAGATCGCCGTCCCCCGCCGCTCGATGCAACGCTGTCCCGTTGTTGACGCCGATCATGTCCCAATTTCCGTTCTTCTCGAACAGATAATCGACCACATGGGACTGCCGCCGAACGTACGCGACGAGCATCGCGAGACCGATCGCATCTCGCTGGGACAGGACTCGTCCGCGCGGCTTCAGCTTCGATCGGAGACGCCCTTTTTCATCGAAGGCTGCCTTCACCAAATCGAGACGGCCTAAGGCGGCAGCCGCGAAAAGGTCGGCTTTGGCCCCCAGCTCGATCATCCGTTCTGCCGCCCTTGGGGCGTGGTTGATGAGGGAAGGGTACAGGCAGTCCGGTCTCGATAGGTCGATCTCGTCGCCATATTCCAGCAGCAGGTCGATTAGCGGTCCTGACACGTTGTAGTCGCTCGCCGGCTTGCTGGTCACCAGCAGCCCCATCGTTCTGCCGCCGTTCGGTCCGAGCGTCGTAGCGTGAACGTCGGCGCCGGAATCGAGCAGGAGACGGCCGACCTCCACAATGTTCTCGGGCATCGGCCCAAGCTCGCCAGACAGTCGCCCGCGATCCGGGTTTCCGGCAATGTGATGAAGCAGCGTTGCCCCCGTGAAGTAGTGATACGGCGGCTCTAGGTTGGTGCGTGCGTGGACTAGCTCCGGGTTTTCATGCAGGAGAGCCCTAAGCCTGTCCACGTCGCCCGCGTCCATCGCGGCGACCGCATCGTCGAAGCGAGGATGGGGAGAAACCGGGGCCAAGCGGGCCGAGGTCTCCACAAAGTGCTTGAGCTTCGCCCAACTATCGAATCCGTACTCTTTTGCGACGACGAGCTGCGCGTCGGCGAGCTTGAACGGATCTTCCGGTTTTGGGTGGTGGGCGGCGACCCGGGCAAGCGCTGCTGGGTCGTCTTTCCGGTACTGGCGCCGAAGCTCCGTAGCTTGAAGCTTTAGTTGGGCGAGGTTAGGGCGAAGCGGTAAGGTGCGAGTTGACATAGACACTTCCTTCGAGAGAGCCCGATGTCCGCGGTGTGGGCCGAAAGAAGCGCGACGAAACAGTTGAAAACGGTAGGCAGGACTCAGTCCTTTTCCGCGGACGGGAAGCACCCTACGTGCTCTCCTCCATCCTAGCGCTACCTAAGCCACCCGGTCAAGTCCCATGGACCGCCGCTCTCCAGAGCGGCCCTTCCTGACGCCCTATCGCTGCTCGAGATGCGTGAACTGCTCCTCAAGCTCCCTGCTTTTCGCGACGATCGAGGCCGGCGGATCGACCGCAGTCGTAAGCTCGCCAATACGCGACATCATCGGCTCGATCTTCCGCGATCTGCTTCGATGGAGTCGGGCGGCCAGGCGGTTGGATAGCGTGAGCATCATGCCGATCCAGGCGACGAGGGAGGCGACGACCGTCAGCGGAGCCGCTCCGTGTAGCTTTAGGTTGATGCCGATCGCGATGCAGCCGAAGAAGGAAAGGATAAGTCCCAGCATCCAGGCAAGGACCACGCCTCCCTCGTAGCGAATCATCAGGCGGTACCTGGTTTGGCCGTTTCGAGGCGTCGCCGATACGTGGGCGCCGAAGAGGTCGGATCCTCCGGCCCACTCCCGGCTTGACCCCACCACGCTCGTCTTTCCGGCGGTGCCGAACGTTTTGCGAAGCTCTCCAACCACTTCTTCCCACGCCAAATCGGTCAGCTCGCCCGCAAAGCTACGCTCCAACTGTTCGGTGGTAGGGGCTCCGAAGAAGAGAAAACCTTTTCGGACGGGAGTGGAATCCAGCTTGGCCGCGGCGGCCGCGACGTGCTTTCCTTCGATCCCGACCTCGGCCGCCAACCGCTCCACCTCGGCGAGAGTGAAACCCTCCCGTTCGCCGCTCGCCTCGGCCCCTTCCGCCTGAGCCGCCGCGGCCGCGCGAAGGATCGCCGCGAGCTCTTTCTCGTCATACCGACGGTCGGCCATGTAAGGCTAGGACGAGGAAACCAACCGGTTCGTTGCGATACGTAGCATCGGCGTCCTCGCCGATGAACCGAAGCCTGGCCAAGCTTACTGTAGCAGTACAATCGTTCGGTGGAGGAATTATCTAGGGATATTAGAAGGCTTGAAGCCCAACTCCGAGTGGGACTCGTACTGCTGGCCTTTCTGTGCATTCTTGTCGGCGGGATGATATTTGGCATTTACAACGCAGGCGGGAAGGCAGGTCCCCGACTCCTAAAGATGAGAGAAGAAAAGGATGCCCTTCTGAGCGAAAACGTCTCGCTCAGGAAACGATTGGCCGATCTAGAACATCGG
NZ_CP007139.1_gap89	3800805	3801638	833	GTGAAGACGCCGTTCATGGTCCGCTGCATCTCCAGCACCATGAAGTCGTTGATGAGCCCGCCCTGGTTGAACCGCTCGTCGACGATGATTCCATCCTTGCCGGTCTGCGCATAGTAATAGCGCTGGAACGACTCCCAGCCGCCCTGCCCGGTATCGGGAATGTGCACGTAGCCGAGGCGGCCGCCCGAGAGCTGCTCCACCTTGCGGCGATTATCTTCCTTCCAGGCGATCTGGCGGAGCGCGGTGTCGTTTCCAACCGGAACCACCGTCGCCTCACGCGCCCCAACTCCGTTGGGCGTGGGGCCGATTTTGACCTTGACTTGCCGTCCGGCTTTGCCTTCCAACGCCTCGTAGATATCCATGGCGTCGTTCAGGTCGCGCCCGTCGATGGAGAGGAGGTACTCGCCCGCCTTGGCGCTGACGCCCGGCTTGGAGAGCGGACCGGCGAGCCCGGGGTTCCAACTCTCGCCATTGTAAACGCGCGTGATTCGGTACCGGCCATTCTCGAAGGCGTAGTCGGCGCCGAGGAGGCCGCCGGGGACCGACTTCGTGCCCGGAATGTCGCCGCCGCGCACCCACATGTGACCGATGCTGATTTCGCCGGTCATGTCCTCGAATAGGTAGCTCAGGTCGTCCCGGGAATTAATGCCCTCCAAGAACGGGGAATACCGGCGAACCATCTCTGCCGGCTTGATGCCGTGGAGGTTCGGATCGTACAGAAGAATCGGTTCGTTCTTCCAGACTTCGGCGAACATCGACCGCCACTCTTGGCGAGGCTCGATCTTGGCGCGCAAGCCGCTAAAGTCGACCGCGCCCTGCCCGGGTGCGGCTGC
NZ_CP007139.1_gap90	3806859	3810351	3492	GACGGCTCGTCGGACAAATTCGGAGCGATGTTCGCCAAGTTCTGGGGGACAAACATGGCCTACCTGGTCATGGGCGGCCCTTCATGCGAAGAAGCCGAGCGGGGCGGTGAAGCGGGACTGATCGCATTGGCGACCGAGCGGTTGGTGCACATGCTGGGCCCGGACGCGACCGGGCACATCGTTCGGACAGCCGTCCATTCGTGGATGGGCGACGAGTGGGCGCGGGGAGCGTACAGCACGTCGCTCCCAGGGCACGTGGCCTCGCGGATCGCGTTGCAGACGCCGGTGGAGAACAAAGTGTTCTTCGCGGGCGAGGCAGCGGCATTGGAGGGAGGCGCCTCCATGGAAGGAGCCTGGCTCTCCGGCCAGGCCGCCGCCGCCCATTTCTCGAAGCGAGGCGTGAAGCACTAAGCCAGAGCCTGGCTCACAACCTCCGGAGCCCCTCTCCCTCCTCGGGATGCATGTGCCGACGAGGGAGAGGGGTTGTCGTAAGACGCATCTTTAGGCTCAAGGATCCAAGTAACTCCCTTTGATCTAGGTTTGGTGACGCATATCGAGTGAGCCCCGAGCCCCTCGGTGGCAAACCACTCGGACGCCGCATAAGAGTGGAGAGCCGACAGTACCAAACTCCCCTCCTCCGCGAGGGGAGTCGGTGAGGCTAGGCGAGTCTTGCGAGCCATGCCGAACCGGTGGGGAGGGACATGGCGACCACGCAAAGAGTCCATTGCAAGACACTCTCCACCTGAATCAAGTAAACTCGCCGGCAGACGTTTCTACTTAATGGACTTCCCAAGGTGAGACCGGAAGGTCCCTCCCCACCGGTTCGCCAATCTCGTGGAACTCGCTTGAGCTTACCGACTCCCCTCGCGGAGGAGGGGAATTTGGTACTGTCCTCGATTCCGCTGAACTGCCGGCTTCTAAGATCTGTATAAGGCCAAGGTTCCTATCCTGGGAACAGAGCCCGGTCTAGGATCGGCGATCCTCGGACATCAGCGGAGTGAACGGTGAAGATCTACTCGGTGGACCCCTAAGGTAGGCCCAGCTTATCAGAATTCGCGGAGAGCTTTGCGCATACCGTGCCGTAACGCGCCTGGCGTGGATCGTGTTACTGTTGCGGCAGTGGTACCCCCTCCGATTGACCGAGTTTCCACAAACCGCCGTCCCTGGCTGTGGTTTTCGGTGTCGCTCGCCTTGGTCGCGGGGTTTTGCGGGTGTTGCGGGACCTGTATCGGCATCGATTTCACAAAAATCGGTGAGATTGGGCGGGAGCTTCCGTATCGGCGCGCCTCCGACCTTCGAGAGGCTTCGTCCAAATACTCGGGGAAAGCTGAACAGTTGACCGCTACGGAAGATGGCCGGGTGGTGGTCATCGCAGACGGCAAGGTTGTGAAGCGCCTCGATCCGACTACATTGGCTCCCCAAGGATCATGGAGGGCGTTGGCTGACATCGAGAGCATTGCGTTATCACGTAACGGATTTCGCGCCGCGGTCGTTGATCAGGATAGGCGCCTGACCGTCTTGAATACCGCTTCGATGAAACCCGTCTTCTCGGTAGCGCTTGAAAGGGCTGGTCAACCGGCGAACCGAATTTCCATGGTGCCGTCGTTCTCCGCCGACGGAAAGCGAGTCGTGGCGGTAGATAGCCAACGAGGCCTTCTCGAATTCTCGTTGTCCGGCGAGGCACCGCCCCGTCGACCGGTCCCCGATAACACGCCAGTGACGGGAGTTCCCATTTGTTCGGCGACGGGCGAATACATCGTTGTGCCGAGCCAGTCCGGCTTCGCGCTCTTTCATGGGCAGGCCAAGGCCGGGACTATCTACGGCGAAATGCCAGCGTTCAGTCCGAACGGGAGTCGCCTAGCATTCGTGCGAAATGGACACCTAGTCGTCCGAGAGTTAAAGACTGGCTCCGAGCGCGACCGACAGCTTCCGAGCACGGCCTGGAGTCTGGCTCTAAACGACGACGGGAACTGTATCGTTTCCAGCCCAGGAAATTTCGGCCCTTGGACCGGTGGGCGAACGTTTGTGACGAACGGCGATGGATTCACTTTGCTGGACCATCGCAACGTGCCGCTGCTTCAAGTCGGATGGTGGCACGGCCAACCGTTTGCGGCAGGCTACGGCGGAGACGTCTGCGTCTTCGACCGGGAAACCGGGCGTCAGTTGGTTCTTCTGGCCGGGCACAGTTCCGAGGTTAAGGCGGTGGTTCCGACGAACAGAGTTATGTATTCGCTCGACGCCGACGGAGTGTTGCTGGCCCACCGGTGGATTGCGGCAGGAAAGTCGTGAGAGTCGAACGGCAGTTGCTCGTTCGGCAGGGAGCCAGGCCAGGTGTCCTTCGGCCGCTTTTCGGGTCGGCGGGCGGGACGCCCGCGCTCCAGGGATTTAAGGTAGCGCGAGTGGCGTTTTTGTCCGCGCCGTCAGATAGAGAAGCGGCAAACACGAGAACGCATGGCAAAGGACGCCACGGGTGCAGTCGGATGCCCGAGCCGCCGTAACCCGTGCAGGTCACTCAAGAGCCCCAATCCACCGAGTGCAACTCCATCCCTCCCGACGCGCCGTCGGGCAGGGTCCGGCCACCGGACGGGCAACGAGGAAGTTCGGTCACGATCCCGCTCCACCAATAGGACTCCCAAGGACTGCCGTTCGCATGGTCATTCACAAATTGGGTTTGCATTTAGCTTGCCCGTAGCCCGTGGCTTTAACCGCGGTTCAAGGGTCTATCGGCGATATCTCGCTCACGAAAGCGCGACCGAGGTCGCGCACTCCCAAAGCGCTCCGCGCGGGGGGAAAGTGCGAAGGGCTTCGCGCACTCCCAAAGTTAAGATTTAGCTTGACTTCCGGACCCCTAGGCGGTATTCTGGAAGTTCGCGCAAATGTGTCCGGAGGCTTGATGAGAGTAATTCAGCCGACCTCGAAGCGAATCGGTCGCTACCTAGAGGTCCCAAACCTAATTGAACTTCAGCTTAACTCATACAAGTGGTTTCTGGAAGAGGGACTCCCAGAACTCTTCACAACTTTTTCCCCTATCTGGGACTTCACGCAGACCAACTATATCGAGCTGGTGAGCTTCACCCTCGGTGAGCCCAAGTACTCTATTCAGGAGTGCCGCGACCGCGACATGACGTTCGAAGCGCCCATCAAGGCGATCGTGCGTTTCGGCGGCCGTGACCGGGAAGTCATCGAATCGGAGGTCTATCTCGGCGATCTGCCGCTGATGACCAACAAGGGAACGTTCATCATCAATGGCCGCGAGCGAGTTATCGTGAGCCAGCTCAGCCGGTCGCCCGGCCTCTACTTTGAAGAGGGTGTGGACAGCTCGATGCAGGTCATCGTGTCCGCCCGCGTCATTCCGAACGAAGGTCCGTGGCTCGAAGTTGAGTCGGACGCCAATTTCATCGTTCGCACGCAGATCAGCCAGACGAAGAAGCTGCCGCTTACGCAGCTCATCAAGGCGCTGTACTACTTTGACAAGGGCCGCGGACGCGCGAA
NZ_CP007139.1_gap91	3814730	3819635	4905	GAGCTGACCGACGTGGCCTTGAAGGTGACGGACGCTGAGCATCTCGTGGTCGATCTTCGGGATCGGGTACCAGGGGAAGCCGGAGTCTTGAGAACCTAGGTCGACCTTGGCCAAAGTCTCCTCGGTGACTCCAATGATGTGGTCTACATAGGCAAGTAGCTCCTCTTTCGTATAAGGCTCCGTCTTGCGCGGGCGATTTTCGTCGTCATCCTCCCACAGCGCAACCGCCTCTAAGTCTTGCTTATCCCAGAGGTTCACGTTGTTATGGCTTGGTTGCATGTAGAAGTGGGCATAAAAGAGCGCATGGTAAGCGATCCGCCAAAAGGAACGTGGCCACGGCGCTTCGTTCCACAAGTCGTCGGGACAGACTTCGATGCACTGCCGCAGCATCTTGAACCCCGCATAGTATTGACCCGCTAACGCCGCCCTGACCTCGTTCCAATGATCCATCTAAGGCAATAGCATAGGAGGTCTTGCCGCCTCGTGCAAGAGCGGGATGGAGGAGGCCAGATAACGACGGGCCTCGAAGTCGTTCCGAAAGGAGGGTTCATCGGCTGGGAGCCGATGCTACGTTATTCGTGGCGCACTTGGCGGTCGTGTTCGGCGGCGTCGATCTCCTCGACGACGGGGGTGCCATCTACGTCTACCCAGTGACCACAACGGGTGGAAGCGGGGCTGACGCCGAGCTCGACCTGCTCGCCATCCATCGTGTAGATCGGGTGGTAGAACTCGCCAACTCGCTCGGCGTCGCCGGTCAAATAGTGGCCGATGAGAGCTCGGCGAAAGCGGTCGCGGCTGGTGTTGGGGAAGCTTCCGTGCACGACGGAGCCGTTGAAGAAGAGAACGTCGCCGCGTTTCATGATGACGGGCAGCGGAGCCATACCTTCGGGTAGCGGCACGGTGACGTCCGTGAAGCTTTGGCTTGTGTCCGCCTTGACCGTGCACAAAAGCGGTAGGTCATGTGTGCCCGGCACCACCTGCAGGCACCCGTTCTCCTCATCGCAATCGTCGAGGGCAAGCCAAGCCGCCAAGCAGGTGCCGGGTTGGGCTCGAAGGTAAGAGTTGTCCTGGTGCAGCGCCTGCCCTCGGCCGCCGGCCGGCTTGAAGTACAGCATCGTCTGCACCATATACGGCCGCCGCCCGAGGATTGCGGTCATCACTATTGCAAGGCGCGGGTCCGTTGCCCACGTCATCGACACCGAGTCCCACCGATGCATATGGATCATTCGCGGATACCGCTTCAAAGGGTCTTCGCTAGAAAGGTCGACTCCCGCGAAATCTCCGGGCCGTTCTTCGCTCCTTAGATCCATGAAGTGCTGGGTGTACCGGTCGCACTCGTCGGGGTCGAAAAGCCCTTCAACAAGACAGAAACCGTCCCTGGCAAAGGTGGCAGCGGCTTTGGCGAGGTCGAGGTCTACGGCTGGCATCTCTTGCCGGAGCCTACCGCAGGGGATCTGAAGGAGCGGCGTAATATATACCGATGGAGGCCGCCGCGCTTCATCTCCCACCCGTCTCGGATAAGCAACTCCTAGATCTCTTCGCCCGGGCCGAAGAGATCGGTTTGCTCTTGGAATTGACGGACGGAGGAATTACTTGGGAGCCTTGGCCGGACGAGAGCACCAGGATGTGACACTTGCCGTAGTGAACTCGGTTCGAGCAGGCGATGGCCATCAAGCCGGATGCGAAGGCTATCGCGAGTTCGATCTCAACATCCGATTTCCGGATGGTACGGTGAAGCGACCGGATGTGTCGATCTTCTGCAAGAAACCTGCTGAGCCGGAAGGGTTTGCGGCCGGGGTACGACCTGCGGGAATTGCCCACGGAAAAGGATGTCCTTTGGGTGGCCGAAGTTTCGGTTAGCAGCCGTAACTTCGATCTCGGCTCAAAGAAGGCGGCTTACGCGGAATCAGAGATTCCTTTTTATTGGGTAGTCGACGCGATCAAGCGCGGCATCTGGGTTTTCGCGGCTCCTGAGCAGGGCCTATACAAACACGAGGAGTTTTTCCCAGCGGGCGCGGTTCTGGAGATTCCCGTGATCGGGGAAGCGTTGGATACGGGAGCGATTTTCCCTCCGGCGTGAGCGAGCTCGCCGCCACAGATGGGTTGCGGACAGCCATTCTAAGGGAGGTAGGGAGAATTGCGTCAACCATCCCGTAGAAATCGGCACAAAGCCCTAGGGTAAAGTAAAGGGACGCGCGGTACGCCCTCCGACCCCCTCCAGCCTTAACGCAACGTCCCTCTGGTCGCTGTGGGACTGATCCGTGCGCTTTGAAATTATGGCAGACGTCAGCCTTTTCGACAAGATCCGTATTGGTATCGCGTCCAGCGAGGATATCCTCGGCTGGTCTCACGGCGAAGTAAAGAAGCCGGAGACGATTAACTACCGAACGTTCAAACCTGAGCGTGACGGCTTGTTCTGCGAGCGCATCTTCGGTCCCGTAAAGGACTGGGAGTGCGCTTGCGGCCGCTACAAGAAGATTAAATACAAGGGCATCGTTTGCGAACGATGCGGCGTCGAGGTCACCCGAAGCAAGGTGCGGCGCGAACGGATGGGCCACGTAGAGCTGGCCGCCCCGGTTTGCCACATTTGGTACCTCAAGGGCGTCCCCTCTCCGCTGTCGCTGATCCTCGACATCTCGCCGCGGCTGCTCGAAAAGGTCATCTATTTCGCCAGCTTCATCATCATCGACATCGACAACGAGAAGATCGCCGATATCCTCCCGGACATCCGCGTCGCCGTCGAAGTCGAAAAAGCGAACCTGCAGATGCAGATGCGCGAGTTGGAAGAGGAGTCGTTCAAGCGATTCGCCGACGACCTCAACAACAACCGGGAAGAGTACGACGAGCTGTTCGCCCGCGAGCGCGCCAAAGCGGTTAACGACCGAATCAAGGCCGAGTACCGCGACGCCGACGATCGCCTGAAGGACCTCGACCTCGCCGTCGAAATCCTCGGCAAGCTCGAGCGAAACCAGCTCATCGACGAAGACAAGTACCGCGCCGTCAGCAAGCTGCTCGACAGCGTCGGCAGCCGTCTCGGCAAGGACCTCCGCTCCCTCGTTCGCGCCAACATCGGCGCCGAGGCGATCAAGGAACTCCTGCACCGCGTCGACCTGGAGCGGCTCGCCCGCGAGCTTCGCCAGGAAATCATCATGACCACCAGCCAGCGGCGCGCCCGCGCCATTAAGCGGCTGGAAGTGGTCGAGGCGCTCGTTAGCAGCCGCTCTCGCCCCGAGTGGATGATCCTGGACGTCACCCCCGTCATCTCCCCCGAGCTTCGCCCGATGGTTCAGCTCGACGGCGGCCGGTTTGCGACCTCCGACCTGAACGACCTCTACCGGCGCATCATCAACCGAAACAACCGGTTGAAGAAGATCATCGAGATCCACGCCCCGGAATCGATCATCAACCACGAGAAGCGACTTCTCCAGGAAGCCGTCGACGCGTTGATCGATAACGGCCGCCGTGCTCGCCCGGTCGTCGGCTCCAACTCCCGGCCGCTCAAGTCGCTCAGCGACATGCTCAAGGGTAAGGAAGGCCGCTTCCGAAAGAACCTTCTTGGTAAGCGCGTCGACTACTCGGGACGATCCGTTATCGTCGTCGGCCCGCACCTCAAGCTTCACCAAGCCGGTCTCCCCAAGGAGATGGCGCTCGAACTGTTCAAGCCGTTCGTGATGAAGACGCTGGTCGAGAAGAAGATCACGCAGAACATCAAGACCGCTAAGCGGATGATCGACCGGATGCACCCGGCGGTGTGGGACGGCCTCGAAGAGGTCATCAAGGAGCACCCGATCCTCCTGAACCGCGCTCCCACGCTTCACCGGCTCGGTATCCAGGCGTTCGAGCCGATCCTCGTCGACGGCAAGGCGATCCAGGTTCACCCGCTCGTCTGTAACATGTACAACGCGGACTTCGACGGCGACCAGATGGCCGTCCACATTCCGCTGAGCACCCAGGCGCAGGCGGAAGCCCGCGTCCTGATGCTGTCGACGCAGAACCTCTTCTCGCCGGCGGACGGCCGTCCGACCTGCGCCCCGGTTCAGGACATCATTCTTGGTAACTACGCGCTGACCTTCGTGCGAAACGAAGCCCGCGAAAACCTTGCCGAGATCGAGCGTCTGCACGCCGAGGATCCTGAGAAGAATCCTCCCGCGCGGACCTACGCCAATCCGGAAGAGGTCATCATGTATCTCGACACTCCCATCAAGGAGCAGCGGATCGCGACGAACGATCCGATCAAGGTCCGGATCAAGCGGCCGATCTTCCGCCCCGATTCCGAGGTCGATTTCCGCGATCCGGTCACCGGCGCCGAGTACCGCAAGGTCACGACGCAGACCGAGGAAGGAGACGAGTTCCAGGAGCTTCAGCCGTACGAGCAAGAGTTCGAGACGTTCATCGCGACCTGCACCCCCGGCCAGCTCGTGCTCAACACGATCCTGCCGTACCCGATCAAGCACTCCGACGAGTTCTTGAAGGTCGAGCTGAACAAGAAGGCGCTGTCCGAGATGATCCTTACCGTCCACCGCCGAGCCGGCGTGGGCGCTACGATCAAGCTGCTCGACGACATGAAGGACATGGGCTTCAAGTGGGCCACCCGATACGGTCTTTCGGTCGCCATCACGGACATGGACCCGCCTGCCCGGCGCGAGGAGATGATCAAGGACGCGGACGACCGTTCCACCAAGATCACCAACCAGTTCCGCCGCGGAATGCTCACCTATAACGAGATGACGCAGAGTCTGGTCAAGCTCTGGACGGACACGTACGACGAAATCGGTAAGGCGATCGTCGCGGGTCTGCACCAGATGAACCCGCTCAGCATCGTCACCGTCTCCGGCGCTCGTGGTTCGGTCAAGCAGCTTGCGCAGCTTGCCGGCATGCGCGGCCTCATGTTCAACCAGTTCAACG
