gap_id	start	end	length	sequence
NZ_CP084144.1_gap1	199221	202604	3383	AATTTAAAAATAAATATCAAGGTAAAGTTTATTGTAGCCAAATAGATACTGATTATATAAATCAAATGAAACATGAACTGTATGCTGATAGATTTGTTCCTACATTAAAAGTTATGGGAATGAAACCAGACTTTAAATTTTTTGAAACTCACCCTGGACTTGTCTATTGTGTAAAAGGAAAACTTGACACAACAATAGTCAAAGATGGAGATAAAATAGATTTTGGAGATTATAATTTTGAAGTTGTTGATTTAAGTGGTCATACTCCTGGGCAAGTTGGAATATATGACAGAGAACATAAAATCCTATTCTCAGGAGATCATATTTTAAATAAGATAACACCTAATATAAGTTTTTGGGAATTCAAATATGAAGATATTTTAGGAACATATCTTAAAAATTTAGATAAGGTTTACAATATGGATGTAAATATAATTTATGCAGCACATAGAGGAATAATTGAAAATCCTAAACTTAGAATAGATGAGCTAAAAAAACACTATGCTGATAGAAATGCAGAAGTGTATGGTTTATTAAAAGAAGGAGAAAAATTTTCTGCTGCACAGATTGCTACAAAAATGCACTGGGATTATAGAGCTAAAAATTTTGAAGAATTTCCTAATAATCAAAAGTGGTTTGCAACAGGTGAAGCATTAGCTAATTTAGAACATTTAAGAGCTATTGGTAAGGCAGATTATGAGTTTATAGACGGGGTTGCTTTTTATAGAGCTATATAATAAGAAAGAGTTGTTGTATTCAATCTGCAACAACTCCTTTTAATATATATCTCCTCTATTATCGGCATCTATAACATCAATTAATATAATTTTATTATTTATAACTTTATAAATAACCCTATAACTGTTTATTCTCATTCTAAATAAATCGCTATATCCTATTAGTTTTTTTATATCTATATTTCTTTGTCCTTTAAAATGAAGAATAATATTATTTTTAAATTTTTCTTTTATATTTTCGTGTTTTTTGAAAAAAGACTTGGCAGGTTTACGGATTATAAAATCAATAATAAACTCTTGCTTCATAATTTGACAACCACACTTTCTTTTTCAGCAATTTCAAGTTCATCATCATTATATTTATTTAATCTTTCAATGATTTCATCAGTTTCTTTTTGGGTAGTTTCTTCAATATCTGCTGTTAATCTATAATAAGCTTCACTTTTTTTAGCTTCTAAAATCATTTTAATACCTTTTCTAATCAAATCAGATGTAGGAATATTATATATGCTAGATACTTTTTTTATATCTTGTAATGTTTGTTCGTCAAGTCTTAAACTGATAGCTTTCATTAAAAATCACCTCTTTGTATCTCTGTATATACAGAGTATACTATAAAGTTTCTAAAAATACAATAATATTTTTATTTTTTCTTTACATATATAAAATTAAAAATTATAATATATTAGATAAATCAATATATATTATGAAATTTAAAAAAAAGGACAGCGAAGAATATGATAAAGGAATTTGATGGGTCACGAAAAATGATGGAAGATATAATTTATATAGATAATAAATCTTTTAAAGATATAGATTCTGATATAAATGAGTTATGTGAAAGAATAAAAAAGAATAAACAATATGAATTATTCATTAAATACATACAAAATATTCCAGTTGCATATTTAGGAATTTTGTATATGTCTAATTTACATTATGATGGAGCATGGATAGATTTGATTGCAGTGGTGGAAGAACATAGAAATAAAGGTATAGGCAGAGAATTACTTAAATTTGCTGAAAACAAGGTAAAAGAAAAGAAAGGGACAGTTTTAACTGGTTTAGTAAGAAAAGATAATGTTTCCTCTTCTACAATGTTTTTAAATTCAAATTTTAAATCTAGTGAAAAAGATTTTATTCTATATTTAAAAGATATTTAAAAATAATTAGAAATATTTAGGGGTTGTTGTAATAAAGATTTTAATTTTTACAACATTCCCTTTTATTTTTTCAATAAAATAAATAGTAAATATAGTCAAAAAATAGTATTTGCAATTACCATATATTTGATGTATAATTACAGAAAAAATTTTTAAATTTCTATAAATTAAAGGAGACAAAACATGAACAACTTATTGGACAACTTTGGTACTAACTGCTTTTCAGAAAAAAATTTAAAGAATAGAGTTCCAGATTATGTGGTTAAGAAATTTTTAGAAATCAAAAATGGAAAAGCTGAACTTACATTAGAGATTGCAGATATAATAGCAAATGCTATAAAAATGTGGGCATTGGAGAAAGGAGCAACACATTATACACATTGGTTTCAACCTCTTACCGACCTTACAGCTGAAAAACATGAATCTTTTATATCCATTAATTCAGATGGAACAAATATGGCAAAATTTTCAGGAAAGGATTTAATGAAAGGTGAATCTGACACTTCATCATTTCCAAATGGAGGGTTAAGATCAACTTTTGAAGCAAGAGGTTACACTGCTTGGGACATAAGTTCCCCTATGTTTTTAAAAGGTGAAGAAGGTTGTAAAACATTATATATTCCAACAGCTTTTATAGCATATAATGGAGAGGCTTTGGATAAAAAAGTTCCTTTACTTCGTTCTATAAATTCTTTAAAAGAACAGGCTTTAAAAATTCAAAAATTATTAGGAGATAATGAAACTGAAAATATAAATGTAACTCTTGGTGTGGAACAAGAATATTTCTTAGTTGATAAACAATTTTTCTATAAAAGACAAGATTTGGTTTTGTCTGGTAAAACAGTTTTTGGTTGTTTACCACCAAAAGGGCAACAAATGAATGATCATTATTATGGAATGATAAAAGAAAGAATAGAAAATTTTATGGCAGAACTTGACAATGAACTTTGGAAAGTTGGAGTTATGTCAAAGACAAAACATAATGAAGTAGCTCCAAATCAGTTTGAAATTGCATTGATGTTTAGTACTGCAAATGTTTCTGTTGATCAAAATCAAATTACTATGGATATGATTAAAAAGGTTGCTAATAGACATAATATGGTTGCACTTTTGCATGAAAAACCTTTTCAAGGAGTAAATGGTTCAGGAAAACATTGTAATTGGTCATTATCTACTGATAAAGGAGTAAATCTATATGACCCTGAGACACTTTCTGAAAATAATTTAAGTTTTTTAATTTATTTAATTGCTGTAATAGAAGGTGTGGATAGATATGCTTCTGCACTTAGAGCAACAACTGCTACTCCTGGAAATGATTATAGGTTAGGAGGACATGAAGCTCCACCAGCAATTATTTCAATATTTTTAGGAGATCAATTAGTAAACATTTTAGAAAATATTGAAAGTGTGAACTTTAATAATAATTCAAATTCACACCCAAGTGAAATAACAATAGATAAAAATATTTCAAGAATTCCAAAAG
NZ_CP084144.1_gap2	207975	212097	4122	GAAGCTATAACTGAAAATGTAACTTCTTCTGTACCATTTTCAGCAGCTTCTAAAACAGGAGAATTTAATTCTGTAATATGTCTGTAAATATTATCCACAACAACAACCGAGTTATCCGTCAACATACCAACACCTATTGACAATCCCATAAGTGAAATCAAGTTAAGAGTTGTACCTCTCATTGATAAAAATGCAAAAGTAAATATTATTGCAACTGGAAGTGCCAATGAAATAAGTACAGTTGTTCTAAAACTTTTTAAAAAAGCAAATAATATAATAGTTGCAAGTACAAGCCCTTGTATAGCTGAACTTGAAACATTTGAAATTGAGCTATTGATATTTTCTGAATTATCAAGCTCTATACTATATTCAGTTCCTGCTGGCATATATGGTTTCATTTCCTCTATAACCTTAAATGCAGCACTATTTAAACCTATTGTATCACCATCAGATGATTTTGATAAAAGTACAATTATAGAATCTTTACCTTTAAGATATCCTAATCTATCTGGGTCTTCTGTTGTGAGTACAACATTAGCAACATCTTTTAACCTCAATGTATTACCATCTGAACTTATTAAAATGTTTTCATATTGATCTATATAATCAAGTTCTCCCATGAACCTAATAATCATATCTTTATCACCAGTTGATAACTTACCAATAGGATAAGTTGTAACTGCTGTTCTTATAATATTATATAATTCCATAGGTGATAAATTATAAGCAGATAATTTATCACTATCAACTTGGATTTGTAATTGCTTTTCAGGATTACCAGCAATAGTAACTTCTCCTATACCTGCTAAACTTTCAAGTCTTGGTTTTAATTTCTCTTTTATGAAAGTGTTAAGTGCAGTTTTATTATCAGAGTTAAAAGCAATTATCGCTGTCATACTACCAGTAGCAGCATCTACCTTTCTGACTATTGGAGTATTAGCATCCTTAGGTAAATCATTAGTTATTTTTGAAACTTCTCTTTGAATTTGTGTAACTTTATCATTAGTATCCACTCCAAAATCAAAGTTTACAACCACTGATGAACTACCATAAGAAGATACAGTTTGTATTTTGTCAATAGCCTCAACATTAGAAAGGCTATCTTTTATCTTTTTTGTAACCTGTGTTTCAACATCTTCTGCAACGGCTCCATTCCAAGTTGTAGAGATTGTTACAACTGGAATATTTATATTTGGTATCAATTCTTTTTTCATTGAGAACATTGCTAAAAGTCCAATAAAAATAAATGATACCATTACCATTGTTGTTGCAACAGGTCTACGAATTGAAATTCCTGCTAACGACATTATTTATTCACCCCATTTTTAATTTCAACATTATCATTGTCTTGAAGTCCAAATAATCCTTTTACAACTATTTTATCTCCTTCTTTTATTTCAGGAGAAGAAATTTCTGTATAAGGTAAATTTGTTGCTCCAACTTTGACCTCAACCTGTCTTACTTTTCCATTTTCATACTTAAATACATAATTAACTAAATCTCTTGTAACAATGGCTTCATCTTCTATACTCAAAACAGAAGATTGACCAACAGGAATAACAACATTACCAAACATACCATCTTTTATCTCTTTATCTGGGTTATCAAGAACTAGTTTTACTTTAAAATTCTTTGTTGTGTTATCAGCAATAGGGTTTAATTCAGCAATTTTTGCTGTATAATCTTTTCCAAGAGCATCGATTCTTACTTTTATATCATCACCAATTTTTACTTTTGATATAGCTTCGGGAGCAATTCCAACATAAGATTGCATTTTACTATCATTTAAAATAGTAAATAAAGTTTCTTTTGCTGCTATATCATTTCCTTCTTTTATAAATAAATTTCCAACAACTCCACTAATTTCAGCCCTTGCTATAAGTTTACTATAACTGTCTTGTGCATTCATATATGCTGCTTTAGCTACCTCTAAATTTCCTTGTGCACTTGTATAAGAGGTTTCATAATTTGAAAACTCTAAATACGAAATTAGTTGTTTATCATAAAGTGTTTTAAACTTTTGATAATTATTTCTTGCTATATTATAATTTGAAGTTGCTGTTTGATAATTTGCCTTAGCCTGTAAAAAATCAGCTTCTGTTTGTGCATCAGAAAGTTTTACAACAACTTCTCCTTTTTTTACAAATTCACCATTCTTTTTAAAAATTTTCTTTACTGTCCCACCTTTATCTGTTGAAAAATCAACTTTTGCTAATGGCTCCCAAACAGCACTTGAATCAAAAAGTTTTGACATTTCCCTAGTTTTTACTTCTGCGACTTCAACAGATTTTACTGATTTTTGTTCATCAGTAACGGTTGCTTCTTGTTTAGTAGTTTCTTTTTTTTCTTCTTTATCTTTTCCACAAGCAACTAATAATAAACTAGCTGCGAGGAATATTGTTAATATCTTTTTCATAAATTTTCCCTTTCAAATTATATTTTAAAATGTTATAAAAATAGTTCGTTACTAGCCAGATTTTAGAATAAAAAATTAAATAGAATAAATCAAAATAAATTTTATATTGTAGATAAAAAATAGGTGAAATTGCATTCTAAATTTTAGGTGAAAAATTGAAGGAAATGAGCCGAACAAATCTCGGCGTGTTTGAAGCCAACTTGTTGGCAAGTTTGCCGAATTTGTAGCGAATGTCAATTTTTCAGCGTTAAGAAATTTAGCTAGCAATGAATTATTTTTTACTACATTTCTTAATTAAACTATTTTGATTATATTAGCAATGATCTATATGTTTCAAAAGCATAGTAATAATCAAGTAAAACTTTATTATACGCTATTCTTGCTTGTCTATAAGTATTTTCAAAATCTAAATAGTCAACTGTTGATATAAGTCCAGCATCATATTTTTCTTGATTTAACTCAAAATTAACTTTTGCAGCTTCCAAAGCCTTAGATTGAGAGGCTATTTGTTTTTCTAAACTTAATACATTGAGATAAGCACTTCTTACATCTATTTCTATATTTTCCTTTGTAGAACTTTCTCTCAATTCTTCTTGTTCTTCTTGTAATTTTGCTACTCTATAACTATCTAAATCTTTTCCAAAAGAAAATACTTTCCAAGATACTTCAATTCCACCTGTCCATTCTCCATCTTTATAACTTCTTTCAAATGTTGTTCTTTCACCTGTTCCATAAGAAGCATAAGCATTTACTTGTGGTAATAAATCTCCAACAGCAGCCATTCTAGTTGCTGAAGCCACTTTTACTTGTTCTTCTGCAATTTTTGCAGACAAACTTTCATTTATGGCTTGTTTTAAATCATTATCTAGGTTTATCTTTTCAGAGAAATTATTAGGAACATCAAAAGGTATTAAATTTAAAGGTTCACTTTTGCTAATTCCAGTTCTTATATATAATTTTTCCATATTTGTATCTATTGTATTTTTAGTATTAATTATTTGTGCATTAATATCTTCTATTGAATATTCGGTTTGTAAAATATCAGGCTTAGTTATAAGTCTTAATTTTAATTGCTCATCTTGTTTTTGATATCTCTTTTGTAAAATATTTTCTGAATATTCAAGAGCCTCTAAATTTCTTTTTGCATTTATTATATCTGAAAATATTTTTATAGTATCAAGTCTATTTTTTATTTTACTTTGTAAAAATGAGTAACTTGCTATATTTTCATAGGCTTTTGCACCTTTAATACCAGCTGTTATTGCCCCTCCTGTAAAAAGAGGTTGTGTCAATCTTATATTTTGTGTATAGCCTCTTTTTTTATTAACTCTATCTTTTTCAGTTTGAGTTAAAATCTGTCTTTTATGTTCTCCTATTGTGTAGGCTCCAGAATAAGTTACAGAAGGTAAAGCATTTTTAAAAGCCTTGCTCACATTTAATTTTGAAATATCTAAATTCTTTTCAGATATTTTCATCTCTTTACTATTATTTAATGATAAATCTATTGCTTGTTCCAAAGTTAAATCTCTGGCTAAAACAATATTTGTCATTAAAAGAAATACTGTTAATATTTTTCTCATTGTTCCTCCTAGCAATTTATATTAATATAAAATTTTTTTAACACTTTTCTTTATAAACTCAAGATGTTCTTTCATATCTCCACTTTTATAAGATTTTTTAACCTCTTCTAAACTTTTAATTGAAAA
NZ_CP084144.1_gap3	257875	262159	4284	TACCAAAATATTAAATTTTAAAGAGAGGTGCTTAGAAAATGGAAGCATTTATAACATCAATAGGAAGTATATTATCCATAGTTTTACTGATAGCATTAGGATATATATTAAAAGAAAAAAATTGGTTTAGTGATAGTTTTAGTGGAAATATATCTAAGCTGATTATGAATATTGCTTTACCAGCCTCTATTTTCGTATCTGTTTTGAAGTATTTGACATTAAAATCTTTATTATCTTTAACAGGAGCTTTAGTTTATACATTTTTATCTGTAATAATTGGTTATATTTTTGCATACATACTTGTAAAAATTTTAAATGTTCCAGTTGGAAGAAAAGGGACTTTTATAAATACTGTTGTCAATGCAAATACAATTTTTATAGGACTACCATTAAATATTGCCTTATTTGGAAATGAAAGTTTACCATATTTTTTAGTTTACTATGTTACAAATACAGTTTCAACTTGGGCATTTGGAGCAATACTAATTGGCAATGATACAAATGATAAAGATAAACAAGGAGCAACTTTTAATTGGAAAAAGCTGTTTCCGCCTCCATTATTAGGTTTTATAATAGCTCTTATATTTTTATTTTTAAGTATACCTATTCCAACTTTTGTTAACTCAACATTAGGATATTTAGGAGGAATAGTTACACCTCTATCTTTGATATATATAGGTATCGTTTTACATAATGCTGGGCTAAAAAGCATAAAATTTGATAGAGATACTATATTTGCACTTATAGGAAGATTTATATTTTCACCAATTGTTATGTTTATTTTAATAAAATTTGGTTTAGATATTTTAGGATTAAAAGAGCTATCATCTATAGAAATAAAAACATTTATAGTGCAGTCAGCTGCACCAGCACTTGCAGTATTACCAATTTTGGTTAATGAGGCAAAGGGAGATGTAGAATATGCAACAAATGTAGTAACAACAAGTACATTGTTATTTATTATTGTGATACCAATCATTACTACATTATTGGGAGGAATATAAAAGTTATTTTTGTGGAGGTAAAAAATGAATGAAGTTTTAAAAGCAATGAAAGAAAGAAGAAGTATTCGTAAATTTAAAAGTGATATGCTACCAAAAGAAATTATTGATAAGGTTATTGAAAGTGGACTTTATGCTGCAAGTGGAAAAGGACAACAATCTCCTATTATTATTTCTGTAACCAATAAAGAACTTCGTGATAAATTATCAAAGATAAATTGTAAAATTGGAGGTTGGAAGGAAGATTTTGATCCATTTTATAATGCACCTGTTGTATTAATAGTATTAGCTCCAAAAGATTGGACAACTTATATATATGATGGAAGTCTTGTTATTGGAAATATGATGTTGGCAGCACATTCATTAAATATTGGAAGTTGTTGGATACATAGAGCAAAACAAGAATTTGAAAGTGAAGAGGGAAAAGAAATTTTAAAATCTCTTGGAATTAATGGAGACTATGAAGGAATAGGACACTGTGTATTAGGTTATATAGATGGTAATTATCCAAATATTCCAGCAAGAAAAGAAAATCGTGTTTATTATATTGATTAAGAGTGTATTAAATAAAAAAGGTTGCTATAAATTATATACTTTATGGCAACCTAATTTTATTAGAGAATAAATAAAATTAGTAACATTGTAAAAGTAACCAAATATTTTCAAAATTTTTATTTGCTAAATCTTCTTTTTTAATCCAAAAATAAAGATGTCCACAATCTCCAAACATCAACTCATAATTATCAGATTCAACAGTATCCATTTGAAAAAGTAATATCCAATCTTTGCTAGCTTTTTTTATTTCTTCTTTATATTTTTTAGGATAACCTATCCCACCCATATTAAATCCTCTTGTTACAGCTGCACATTCTTCTTCCATTGAATTTTGGATAATATCTGGATAACCAAGTAATTTTGTATAATTTTTAAGAGATTTCATATATTCATCACAAATATCAGAATATTCATCAAATAATTTATTTTCAAACTCTTTAAAATTTTCATATGTTTTATATTTTTCTAATATATTTTTCTTTTCATTAAGATTATCAAAATCTTCATAAGAAGGTAAACTAATATTTGATTTGAAATTAACTTTAAATTCTGGAATTTTATAATAATCTTCCATATCTTCTGGAAAGTTAATTAGTGTAAAGTTTGTAGTATTTTCAAAATAAAAAACTTTAGCACAGCCTTTATTTTGGGGATTATAACCCCATTCTTGTGTTTCTAATTCATAGAAAAAATATAGAATTCCACTATTTGGAAGTAATTTATCTTTATCTAGTGAACTTACCTCTTCTAAATTAATTTGAGCTAAAAAAGATAAAGGTAATTCTTGATAATAAGGCCAAATAAAATCTTTTGGAAGATAAGGTCTACCTCCAATCTTACTTTTATCAACTATTTCAGAATTATTATTAAATTCAGTAGAAAGAGTAATTTCATTCTTTTTAAGGTTATCTAACATTTCTGTTATAATTTTTTTAAAATCCATATAAAAACTCCTTATATAATATTTTTTTAGTATATAGCTTTAGTTAATATATAATATTGTAATTCAAAAGAAAGTATAATACAATAGAAAATAATAATATATTTTAAAAGGATATGAAGGAAATGAGAGAATATAATTTTAAGGCAAGTGATAATAATGGAGAAATGTTAATGGGATTGAGTTTTCCTTTTTCATTTATGGGAATAGCAGGTTTAATTTTAATACTAAGGTTATACTTATTTCCAAAAATAAAATTTTTAGATTATGTAAATAATCCCTATTTAGAAATGTTAACAATAATTTTCCCAGCATTAGCAATAACATCTTATATAATGAAAATTGTAAAAAAATATGCAATAAAAAATTATCATATATATGAAGATAGAGATATATTGAAAATAGAAAATGATAGTAAAATAATAGAATTGAGTTACAATGCCATAAGAGATGTGAAATTGACTAAAAAGGGAAAGAATATGGCTAAGTGTTATAAACTTATTATAAAAACAAACGGAAAAAATTTAAAATTTTTTGTAAGACCTAAGGAAAATTATTTTTTTGGTGGAAGTGATGAAAATGATTTTTGTAGTTTAGAAGATTTTTATTTTTTTCTTAAAGAAAGAAAATAAAAGAAGTTGCTATAAATTTATAACAACTTCTTAAAACTTTTATAATTCACAGATATTAGATAAATATTTTTCACCAGAATCAGTAGATAAAATAACTATTTTTAAATTTTTATTAGCATTTTCTTTTGAGTAATCAAGAGCAGCTTTTAATGTTGCACCAGTTGAAATACCAGCAAGTATACCTTCTTTAAAACTTAATTCTCTCATCATTTTAAAAGCGTCATCATCTTCACAAGTTAATATTCCATCGGCTAAACTGCCATCATAAACTGCTGGAATACCACCTATACTCATTCCCATACCTTGAATTTTATGAGGACCTATATATCCCTTTGAAAGTAATGGAGATGAAGCAGGTTCAACAGGAAAAGTTTTTATATTAGGTAATCTTTCTTTTAATTTCTTAGCAGTTCCAGAAAAACTTCCACCTGTTCCTGTTCCACAAATAAATACATCTACTTTATTATCCAAATCTTTTAAAATTTCCTCAGCAGTAGTTTCATAGTGAGCTTTTGGGTTATTCACATTAGTGAATTGGTCAGGGATAAAATATTTTTTTTCTTTCTTTTTAAGTTCTTCTAATTTTTCTAAACAAGCCTTCATTCCAAGAGAACCATCAGTTAAAATAACCTCAGTTCCATAAGCTCTCATAAGTTGTATTCTTTCAACACTCATAGTGTCAGGCATAACAATTTTTAATTTATAGTTTTTAACTGCACATATCATAGCAAGTCCGATACCAGTGTTTCCACTTGTTGCCTCCATAATAACAGTATCTTTATCAATTAAACCAGCTTTTTCACCTTCTTCAATCATTTTTAAGGCAATTCTGTCTTTTGTACTTCTACCAGGATTTGAACCTTCCAACTTTATATAAATTTCATTCCCAAAAGTATCAATATTATTAATTTTTACTAATGGTGTGTTCCCAATTAAATCAATAACAGAATTTACTAACATAAAAATCCTCCAATCAAATTTATTTTCACTTTATTGTATAACTAAAAGAAAAAAAATGAAAGAACTCATAAAAAAATATATAGAGTTCTTTATTTTTTAAAAATAATATTGAAATAAAATAAATTTAATTTTAAATAGGTTCATATAAATAGAACTTAAAAATAATATTTTAAAATTTTTCTCTAAGTAACAGTAA
NZ_CP084144.1_gap4	264966	267628	2662	CCTAGATGATGAAGAAAAGGTTATAGATTGTAATGAGATGGGAGAGGGTAAAGTACATAATTGTAGTGAAGCAGGTTGTGGAGATACTTGTATTTGGAGCAAACTTGACAATGCTATGACAAAAATTTTATCTGAAACATCTTTACAAGATTTTATTAACAATGGAAAAAGAATACAGGAGTAAAAATTGTTAAGTGTTGTTGTAACAGAAGTTTATAATGATTATATTTTAGTTGTTGAAGCAAGTGATATAAATCACATAAAAAATGTTTTTAGAAAAGTAAAAGGAGATAGAATTAGGGCTGTTGATGGAACTAATGAGTATCTTTGTGAAATAGAAAAAATTGATGAGAAAGAAATTAAGCTAAAAATTTTAGAAAAAATAGAAGATAATTTTTCCTTAGATATTGAAGTAGATGCAGGTATTTCAATATTAAAGGGAGATAAGATGGATTTGACTATTCAAAAATTAACTGAATTAGGAATAAACAAAATCATTCCAATTTCAGTCAAAAGATGTATAGTGAAATTAGATAAGAAAAAAGATAGATGGGGTACAATTTCAAAAGAAGCACTAAAACAATGTCAAGGAGTTGTCCCCACAGTTATTGATGAAATAAAAAAAATTGACAAATTGAATTTAAAAGATTATGATTTGATTTTAGTTCCTTATGAAAATGAGAAAAAAGTATTTATAAAAGATATTTTAAGAAATTTAAAAGTAAAACCAACAAAAATTTTATATATAATAGGAGCAGAGGGTGGTTTTGAAAAAGAAGAAATTGATTATTTAAAAGAAAATGGAGCTAAAATAATAAGTCTTGGAAAAAGAATATTAAGGGCAGAAACAGCAGCAATAGTAACAGGAGGAGTAATAATAAATGAGTTTCTCTAAAAAGGTTGCTTTTCATACCTTAGGCTGTAAGGTCAATCAATATGAGACAGAAAGTATAAAAAATCAACTTATTAAAAGAGGATATGAAGAAGTTCCTTTTGAAGATAAATCAGACATATATATAATAAATTCTTGTACTGTTACAAGTATAGCAGATAGAAAAACTAGAAATATGTTAAGAAGAGCAAAAAAAATAAATCCAAATGCTAAGGTTATAGTTACAGGTTGCTATGCACAGACAAACAGTAGAGAAATTTTAGAGATAGAAGATGTAGATTTTGTTATAGATAACAAAAATAAAAGTAATATAGTGAATTTTATTGGAGCTATTGAAGATATAAGTTTTGAAAGAGAAAAAAATGGAAATATCTTCCAAGAGAAAGAGTACCAAGAATATGAATTTGCTACTCTTAGAGAGATGACAAGAGCCTATGTAAAAATACAAGATGGTTGTAATCATTTCTGCTCATATTGTAAGATACCTTTTGCTAGGGGAAAAAGTAGATCAAGAAAAAAAGAAAACATCTTAAAAGAAATAGAAAAATTGGTAGAAGATGGTTTTAAAGAAGTAATATTGATAGGTATAGATTTAAGTGCCTATGGTGAGGATTTTGAAGAAAAAGATAGTTTTGAATCTTTACTTGAAGATATTTTAAAGATTAGGGATTTAAAAAGAGTTAGAATAGGCTCTGTCTATCCAGATAAAATAACTGATAGATTTATAGAATTATTTAAGAATAAAAATTTAATGCCTCATCTTCATATATCTTTGCAGTCTTGTGATGATACAGTTTTAAAGAATATGAGAAGAAATTATGGAAGTTCACTTATAAGAGAAAGTTTATTAAAATTAAAATCTAAGGTAAAAAATATGGAATTTACAGCAGATGTAATAGTAGGCTTTCCTAAGGAAGATGAAACTATGTTCCAAAATACTTATGATGTAATAAGGGAAATAAAGTTTTCAGGCTTACATATTTTCCAATATTCAGATAGAGAAGGAACCATTGCGAGTAATATGGATGGGAAAGTTGATACTAAAACTAAGAAACAAAGGGCTGATAGACTTGACAGTTTAAAACAGGAAATGCTTATAGAGAGTAGAAAAAAATACTTAGAAAAGAATTTAGAAGTTTTAGTTGAAGAAGAAAAAGATGGAGAATATTTTGGTTATTCTCAAAATTATTTAAGAGTAAAATTCAAATCTGATGAAAAAGAACTTATAAATAAACTAATAAATATAAAAATAAAATGTGTAGAAAATAATGTATTAATTGGTGAAAAGGAGATGTAGTTATGGCAACCAAAAAGAAAAAGAAGAAAAAAGGGCGTGCACCTGTACTTGTAATAGTTCTAGCTGTAATTTTATCAATTCTTCTATATTTTAATTTTAGAGGAAATAATATAAAATTATCTAAGGATGAAAGGGTATTGATTATAGGGAAACAAAATTTATATGCTGTGTATGAAGATAAATTAGCAGTAAAAATACCTTTTGAACTTTATATTGATAGTGAAGAAACTGTGGAAGATTTGGTAGATAGCCAAAACTATGAAAATGTTTTAGAAAAGATAAATTCTATTGTGCCTGAAAAACTTACTAGATATACAGTTATAAAAAGTGGAGAAATAAAACTAGATGTAGAAAATGCAAGAAATATCCCTGAAACAAATATAGGAGATAGAAGATATATACTAACTTCAAGTGTTTATGCTATGTTTAAAGATTTATATCATGAAAAAAATGCTGTTGATGAATTAAATGAA
NZ_CP084144.1_gap5	269944	270886	942	TAGCAAAAGCATATACATTTTTGGCTAATAAGGGTTGGGCATATGAACCACATGTAGTTTCAAAAATAGAAGATTTACAAACTGGAAAAATAGAAACAGTAACTACTCAAAAAACTGTTATAGAGGATTATCCTAAATCATACTATGATATTATAAATGATGCTTTGATAGCAACAGTTGATCAAAATAATGGAACAACAAGAATTATGAGAAATCCTTATGTAAAAGTTGCTGCAAAAAGTGGTTCAGCACAAAATCCACATTCTAAGTTGACACATGCTTGGGTGGCAGGTTACTTTCCTGCTGACAAAGAACCTGAGGTTGTTTTTGTGTGCCTATTAGAAGGAGCAGGTGGTGGAGGAGTAATGGCAGGAGGAATGGCTAAAAGATTTTTGGATAAATATCTAGAAGTAGAAAAAGGGATAGTTCCTGTTCAAAATACTCCACATATAGAACCTAAAACTACTAATTCTACTATTCAAACAAATGGAAATCAAGAGAATGAAAGTTCAGGGGAAGGAATAGGAGAAGAAAGAGAAAATGAAGAAAGAGAAACAGGGGAAACAAACACAGTTGAGGAACAACAAAATTAGTATTCGTGATAAAATAATGAGTATTAAAGATGATGTTTTAAATTTAAAAAGTAAAAAAGTTAAAAATAAAGTAGTTAAAAAAGTGGCTGAAAAAGAAAAAAAGAAAAAAGAAGAAATACAAAAAGTTGAAGTGATTCAAAATAATAGCAAAAAAGTGAAAACTTCAAAAAAAGATTTGGATAAAATGTATGTTATTCCACTAGGTGGTTTAGAAGAAGTTGGGAAAAATTGTACTATAATTCAGTATAAAGATGAAATAATTATTGTAGATGCAGGAGCAATATTTCCAGATGAAAATTTACCTGGTATAGATTTGGTGATTCCAGACTATACTTTTTTGGAAAATAAT
NZ_CP084144.1_gap6	321085	322091	1006	TAGAAGAATAGTGTCAGCACTTAATTTTTTAAATTTTTTAACAATACCAAGTTTATTTGTATTGACATTTTTTTCAAAAGATGTTATAAGACTTATATTTTCTTATGGAAAATTTAATGAAGAGGCTGTAAAAATAACCTCAGAATGTCTATTTTATTATTCATTAGGTTTACTTTTTTATGTTGGAGTTCAGTTGATAAGTAAAGGTTATTATGCTATGGGAGACAATAAAAGACCTGCAAAATTTTCAATAATAGCTATTATTATGAATATAGTTTTAAATTATTTATTAATAAAAAATTTTCAACATAAAGGGTTGGCATTAGCTACATCAATTTCATCAGGAATAAATTTCTTTTTACTATTATTTGTATATATAAAAAATTATGTAAAATTAGATTTAAAAAATATTATTTTAACAAGTATAAAAATTTGTATTTCATCTATAATAGCAACTTGTGCAGCATATTATATAAATAATGTAATTTTGAAATTAATAGTTTTTTCTGCTGTATTTTTATTACAATGGGCATATCCAATTTATAAATACAGAGAAAGAGTTTTTTATAAAAAGTGATTAGTTTTATTTTAGATTTTATGTTATAATCAATTAAAAAGTTATAAATTTCAGGGAGGGAGAACAATGGGCTTAGGCGATTTCCTTTTTAAAGAAAAAGAAGAAAAATATTTAAAACAAATTGAGAACTTACAAAATAAATTAAAGAAACAAGAAGAAGAAATTTCACAATTAAAATATGATTTAGAGGTTGTTACACAAGAAAGAGATAATAGAATAAGTGGAAAACAATTAGAAATTTTTGAAAGAAATTTGAAGCAAAATGTGGAAAGTTCTAAAAAATATAAAGAACTTTTAATTTCATATAGAATAAATCCTGAAAAAATCCAATATAAATATAAAGTAGAATTAAAGTATTTTTATTCTGGAAAGAAATTTCAAGAAATATTTAATATTTTTAATGAAAAAAATATATTGTTGCTTGATTAT
NZ_CP084144.1_gap7	326254	328525	2271	AAACTGCAAAGGAAATGACAAATAAAGTCAATGATTTTGTAAATAATGTACCAGAAGGAAAAGAAAATCTTTTTGCCATAGGTGGAGGAATATTATCTATATTAAATACTTTACTATTAGCAGTAGTAACTATAAAACTTCCATTTTTTGGTAATTACTCAATAGGATTTTTTAAAGGCTTATCTGGAATAGCTGATTATATCAAAGAAGCTAAAAATTCTCAATTTATTTTAATATTTTCAGGAATATTATTTTTAGCAATGGCAGGATTTTTAATTTATTCAGCTTTTATAAAAAATAAAAACTTCTTAAAATATTCTATTTTTGGAAATATAGCTTTATTAATAATATTTTATATAGTTTTATATGTAAAATTACCTAGTGGAGAATTAAATAAATATATTTCTGTATCTTATTTTAAGATTTTACTTTATATAATCTCAATAGGATTAGCTTATTTATCTTATAATGCTTTAAATAAAAAGGAAGAAATTATTGAAGAAAATGTAAAACCATTGGGAAGTGTACTTGAAAAAGAAGATAATGAGGAGGATAAAGGTGAATAAGGATTTAAAGAAATTTATTTTTTTTCTAATAGCTTCAATAATAGTTGCTTTTGCTGTTAGTTATTCTTATTCTGCTTATCAAAGTTATCAACAAGAAAAAAAGATAGATGCAGTTAAAAAGGCTTTTGGCTTTGGAGGAAAAGATAAAATAACCAGTGAAGTTGAAGAAAATAGTGATCCACAAGAAGCATGGCAAAATCAAAGGCTTGAAGCATTAGAATCGTTGGGGTATACAAAAGTTGATATCAGACCTTTTTATAAAAGAATATATGATAAATTGACTGGAAAAAAAATCTACAACTACAAAAGTATTGATGATGAAGCTAAAACAGTTGTAGTTGAAGTTAAGGATAATAAAATAATAGAAAATTTCTTTAATGGGGACAAGGCAACAACTCGTCAAGAATTGGTTTCAAATGATGATTTTACCTCTTATGATTTAAAATCTTATGATTTAGATACTAAGGAAGTTACTACCTATAAAGATGTTTTGAATAATGATGTTTATCTAAATACAAAGAATGGTATCATAGAATATGAAGATGGAAAAACTATTGAGTTCACACATCAAAATGGGGCAATGAATGGACCAGCTGTTGAAAATCTACCTAATGGAGATAAGATAGAATTTAATTTTGTTAATAATAAAAGAGTTGGTGAAGCAGAAAAATTCTATAAAAATGGTGATAGAGAAATATTTGTTTATGGCGAAAATAATCAAAAAAATGGAAATTCTATATATTATTTTGCAAATGGTGATATGGAAGAAACTACCTATGTAAATGGAGTGTTACAAGGACCAGCTAAATATATATATAAAGATGGTGTTACTGAACATTATGAGTACAAAGACGGAAAAAGGGTAGAAGACTAATGAGATTAGATAAGTTCTTAGTTGAATGTGGTATAGGAAGCAGAAAAGAAGTTAAAAAATTAATCTCAAATAATGAAATAACTGTTAATGGAATAAGTAATATATCTGCCAAAGATAATATAGATGAAAATTCTGATATTATAGAATATAATGAAGAAAAACTAGAATATAAAAAATTTAGGTACTACATTATGAATAAAAAATCTGGATATATAACTGCAACAGAAGATTTTAAAGAAAACACTGTTATGGATTTACTTCCTGAATGGGTAATAAAGAAAGATTTAGCACCAGTTGGTAGACTTGACAAAGATACAGAAGGTTTACTACTTTTTACAAATGATGGAAAACTAAACCATAAATTATTATCTCCTAAAAATCATGTAGATAAAGTTTATTATGTGGAGATAAAAAATAATATTTCAGATGAAGATATTTTTAAACTGGAACAGGGAGTTAATATAGGGAACTATATCACTCAACCTGCAAAAGTTGAAAAAATCTCTGATAATAAAATTTATTTAACTATTAAGGAAGGGAAATTTCATCAGATAAAAAAGATGTTAGAATCCATAAATAATAAAGTTTGTTATTTAAAAAGAGTGAGTTTTGGCAGACTAAAATTAAATGATTTAGCTTTGGGGGAAGTTAGAGAAGTTAATTTAGAAGATATAATTTAATTATTTAGGAGGGGGATTTCTATGAAAAAGAAAATACTTTATTTAATAGTACCAATATTATTAGTTACAGCATGTACAACTTCATTTGGAGTTGGGTCAGGAATAGGGATAGGAAGAGGAGGAGGCTCAGTATCAGTGGGAGCTTCAAAAG
NZ_CP084144.1_gap8	377572	382321	4749	TCAATTTTAGCAAGTCTAGTTTCAGGCATATCTTTTTTTATTTCTTCAATTTCTTCATCACTTATAACGAGTTTTAATAGATCAGGTTCATTAAAATATCTATAATCCATAGCTTCTTCTTTTGATCTCATAACTCTTGTTATTTGATTTTCTTCGTCCCAAAGTCTCGTTTCTTGATCTACCTTTCCACCATTTTCTATAAGTTCTATTTGCCTACCAATTTCATAATCTATTGCTCTTGCAACAGCTTTAAATGAATTTAGATTTTTAACTTCTACTCTTGTTCCAAAAACTATACTACCCTTTTCCATAACAGAAATATTAGCATCACATCTAAGTGAACCAGTTTCCATAGAAACATCACTAACTTTTGTATATTTTATTATATTTTTCAAAGTGTTTAAATATTCATAGGCTTCTTCTGAACTTCTCATATCAGGTTCAGAGATAATTTCTATCAATGGAATAGAAGCTCTATTAAAATTCAAATATGACTCATTTTTTCCATGTATAGCTTTAGCAGTATCTTCTTCAATTTGAACTTTTGTTATACCAATTTTAACTTCTCTACCAGAATTTAATTTGAACTCTAAATATCCTTTCTCAGCATAAGATTTCTCAAATTGTGTAATTTGGTAATTTTTTGGTGCATCTGGATAAAAATAATTTTTTCTATCAAAACCACTTTCATTATTTATTTGACAGTTAAGAGCAAGTGCAGCTTTAACTGCATAATCTACAACTTTTTTATTTAACTTTGGAAGAGCTCCAGGGTGTCCTAAACAAATTGGACAAGTATGTGTATTTATACCACTTTCATCATAGTCAGATTTACAGCCACACCATACCTTAGTACCTGTTTTTAATTGTAAGTGAACTTCCAGTCCTATTACTGACTCCCATTCTTTTATCATAATGTTCTCCTTATTAATCCAACTTAGGTAGATTTAATCTTCCTATTTTCTTTTCAAGTGCATCAGCTACTTTTATTAAAGTTTCTTCATCAAATGGTTTTCCCATAAATTGTACTCCAACTGGTAAATTATCTACAAGTCCTCCCGGTAATGATATTGCAGGCACACCTGCTAAATTTGCAGATATAGTAAATATATCTTCCAAATATAATTCTATTGGAGTTTTTGTATCTGATAATTTAAAAGCTACACTAGGGGCAACTGGTGTTAAAATAACATCAACTTGATTTAATACATTTTCAAAATCTTGCTTTATAAGTGTTCTAACTTTTTGAGCTTTCTTGAAATATGCATCATAAAAACCTGCACTTAAAACATAAGTCCCCATCATAATTCTTCTTTTTACTTCTGCTCCAAAACCTTCACTTCTTGTTTTAACATACAGGCTTTCTAAATCAGTATAATCTTTTGCTCTATATCCATATCTAATGCCATCAAATCTTGCAAGGTTAGAACTTGCTTCTGCTGGGGCAAGTACATAGTAAGTTGGAACAGCATACTTTGTATGAGGTAGTGAAACTTCAACTACTTCTGCTCCCAATTTTTTTAATGCTTCAACAGAATTATCTATAACATTTTTTATTTCAAGATTTAGTCCTTCTATAAAATATTCTTTTGGTAACCCAACCTTTAAACCTTTTATATCTTTATTTAAAAATTTAGTATAATCAGGAACTTCTTTTTTACTAACTGTTGCATCATAATCATCTGCTCCTGCTATAACATTCATACAAATAGCAACATCTTCAACAGTTTTAGCTAATGTTCCTATTTGATCAAGAGATGAAGCAAATGCCATAAGTCCATATCTTGAAACTCTACCATAAGTTGGTTTTAAACCAACAACTCCACAAAATGAAGCAGGCTGTCTAACACTTCCACCAGTATCAGAGCCCAAAGATATTGGAACTTCTTGTGCTGCAACAGAAGCTGCTGCTCCACCACTACTACCACCAGGAACTCTATCTAAATCCCAAGGGTTAGATGTCATATGATGAAAGGAAGTTTTTGTTGTAGAACCCATAGCAAATTCATCCATATTTGTTATACCAATAATAATTGCATCTTCCTCTTTTAATTTTTTTACAACAGTTGAATCATAAATTCCTATATAATTTTCCAATATTTTAGAACAAGAAGTTGATTTTTGTCCTTCCATTAAAATATTATCTTTTATTGCAATAGGAATTCCTGCTAATTTTCCTAATTTTTCTCCATTTTTTCTTTTTTCATCAAGTTCCTTTGCTTCTTTCAAAGCCAAATCTTTTCTTAAAGATACAAAACTTTTTATTTTATCTTCAACCTTTTCTATTCTTTCATAAAAGGAATTAACTATTTCTACTGCTGAAAGCTGATTAGATAAAAATTTATCCCTTAATTCTTTTGCAGTTAATTCATAAATAAACATATACCCTCCTACTCTCCAATAACTTTAGGAACTACTATTGCATTTTCAGCACTTTCAGGTGCATTTAATAGCACTTTTTCTATTTTTAATGATGGCTTTTCTTCTTTTTCTCTAAAATTATTGACAGCCTCATTTATATAAACTAATGGTTTGACCTCTGATGTGTCAACTTCATTTAACATATCTATATATTTTAATATATCATTTAATTCTATCTGAAACTTTTCAATTTCTTTTTCTTCAAATGATAATTTTGATAATTTTGCAATCTTTAAAACTTCTTCCTTTGTAAGTGCCATTTTCCCTCCTAAATTGAATATAAGTATTCTATTTCTTGTTTTGTTAACTCTCTATATTTACTTTCTTCTAAATCACCTAATGATAATTCACCAATTTTTTCTCTTCTTAACATCAAAACTTTATATCCAAATTTTTCTATCATTCTTCTAATCTGTCTATTTCTACCTTCTCTTATTGAAATATACATAGAAGTTTTATTTTTATCGTATTTTATTCCAGATATTTTAGCTGGTAATGTCTTACCATCATTTAATAAGACACCTTTTTTTAGTTCAGCTATCTCTTCTTTTTTAATTTCACCAAAAATTTTTACATAATATTTCTTATAGATTTCTGATTTTGGATGAACTATTCTATTAAATAATTCTCCATCATTTGTAAGCAAAATTAAACCACTTGTCATATAGTCAAGCCGTCCAATAGGAAAAATTCTTTTATCAGTTTTAATTAAATCAACTACTGTTTTTCTACCTCTATCATCACTTGAAGAAGATAATACTTCCAATGGTTTATTTAACATAAAATAAACTTTTTCCTCATTTACATCAGTTTTAATTTTTTTACCATCTATGAAAATATTATCATTTTCACTTATATCCATTCCAGTTGTTGCTATATTACCATTTACAGTAATTCTACCTTCTTCAATATATTTATCAACAGCTCTTCTTGAAGCAATACCAAGAGTTGATAAAAATTTATTAATCCTCATTAGTAGTTATATTCTCCATATTTTTTATTTTTTCTTTTAATAAATTATAATCAGGCAACTCTCCTACATTTTTTATGCCTAAATATGACAAAAATTTACTAGTTACTTCATATAGGTTAGCTCTTCTACCTGTTTCTTGTTTACCACAGTTTCTTACAAATTTTCTTTCTTCTAAGTTTGAAATAATCCTATCAACAGAAACTCCTCTAATACTTTCAATTTCAGACTTTGTAATAGGTTGTTTATAAGCTATTATAGATAAAGTTTCTATTGAAGCAGATGATAACTTTTTAGGTTTGGTTTCTTGCTCAAAATAATTATTTATAATTTCACCATATAGAGGGTTTGTTGATAAATAAACTATTTCTGAATCAATTTCAATATTTATTCCCATATCCTTTCTATCATCTTTTAATTCTAAAAGAATTTTTAACATATCTTCAATAGAAATCTTAAAAAATTTAGCCAAATCTTTTATTTTATTTTCATCTCCACCTAAAAAAATAATAGCTTCAACTTGATTTTTTATACTCATTTTTTATATTCCCTTAAAAATACTAATATTCTGTCTCTGTTGATACTAAAACTTTACTATATAGTGAAAAGTTATTTAATAATACTCCTATACCATTAATAACTGCATTTAAAGGGTCTTCTGCAATAGTAACCTTTAAATTTAAACCAGCTGATATTTTTTTATCAATTCCTCTAAGTAATGCACCACCACCACTTATATATATACCTCTTTTTTTAATATCAGCTGCTAATTCAGGAGGAGTTTTTTCAAAAACAACTCTTATTTCTTCAATAATTTCTTGAACTAAAGTGGAAAGAGTTTCAATTAATTCTGATGAAGTCAAAATAATATCCTTTGGTAAACCATTTAAAACATATTTACCACTAACTTCTATTTCCATTTCTTCTTCTTCTGGACTAACAGTTCCTATTTTAATTTTTATATCCTCAGCTGATTTTTCACCTATCAATAGATTGTGCTTTTGTCTTACATAATCAACAATGGCAGTATCAAATCTATCTCCTGCAACTCTAAAAGAAGATTTTTTAACAACTCCTCCTAATGAAACAACAGCTAATTCAGATGTACCTCCACCAATATCAACTACCATACTTCCTTCTGGCTCAAAAATATTTATTCCTACACCTATTGCTGCTGCCATAGGTTCTTCAATTAAATATGCTTCTCTGGCACCAGCTTCTCTTGTAACTTCCATAACAGCTCTTTTTTCTACTTGTGTTATTCCTGCTGGTACACAAATAATTACTCTAGGTTTATTTAGGAATGTTCCTGATTTTATTCTTCTATAAAAACATCTTAACATTTTTTCTGTAACTTC
NZ_CP084144.1_gap9	383595	386576	2981	CATATGTTAGCAAATAGCCTATTTTATATTCAAATAGAGATTTATTAATAAGATTTTTTAAAAACTCTCCATTAATTTCAAAATTTTTTACATTTATAAAATAGACACCTGAGCTGAATAAAATATATAAATAAACAGCTATAATAAAAAAAGTAAATATATAATATACTCTTAGTTCCCAAAAGAACCTAACTTTTTTATCTTTTATTAAAAATACAAAGCCATATAAAATAAAAAAAAGAAGTGCTGGAATTAACATTATCCCTAAATACTTATATATTTTTTCATATATTCCTTTATCAATAAAAGGAAGTTTTATAAAATATCCTCCTATAAAATAAAGTAAGAATAAAAAATAGATATATACAAATTTTATTCTTTTCAAAATTACACCTCTTTATTTCAATTAATTTTTATTTTAAACAACACTTTAATAATAACATATATAATTTTAGTTTTCAATGAAATTTTAAAAACAAAAATAATTAATTTAATAAAAAATTATTATTATTTCTATAATATTGACAATATTAATATATATATATATAATGAAAAAAATTATTACTATAAATTTATAATTAAGGAGCTAAAAATGATTATTGGTATTGATATTGGAAATACTCATATAGTTACAGGAATTTATGACGATGATGGGAAATTAATTTCAACATTTCGCATAGCCACAAATGATAAAATGACGGAGGATGAATATTTTTCCTATTTTAATAATATTACAAAATATAATAATGTTTCTATTGAAAAAGTAAATGCTGTATTAGTTTCATCTGTTGTTCCTAATATAATAATAACTTTTCAATTTTTTGCAAGAAAATATTTTAAAGTTGAAGCTATTATAGTTGATTTAGAAAAGAAACTTCCTTTTACTTTTGCAAAGGGATTAAATTATATAGGTTTTGGAGCAGATAGAATAATTGATATTACAGAAGCAATGCAAAAATATCCAGATAAAAACTTAGTAATTTTTGATTTTGGAACTGCAACTACTTATGATGTGTTAAAAAAAGGTGTATATATTGGTGGAGGAATACTTCCAGGAATAGAAATGTCTATTAATGCTTTATATGGAAATACCGCTAAACTTCCAAGAGTAAAATTTACAACTCCTAGTAGTGTTTTAGGAACTGATACAATGAAACAAATTCAAGCAGCTATATTTTTTGGATATGCTGGACAAATTAAACATATTATAAAAAAGATTGATGAAGAATTGAATGAAGAAATTTTTGTTTTAGCAACAGGTGGACTTGGAAAAATTTTATCAGCTGAAATAGATGAAATAGATGAGTATGATGCCAATTTAAGTTTAAAAGGACTTTACACATTGTATCAATTAAATAAATAAGAAGTTATTGGAAATTAAATTCTTAAATCTAAAAGAAAAAATAAGTGAGTTATGAATGTAGGTTTTAGATAAAAAATTAAAGCAAGTGAGCCGAGCAAATCTCAACATGTTTGAGCTAACTTGTTAGCGAGTTGGTTGAATTTGCAGCGGATGTTAATTTTTTATCGTTAAGAAACCTACTCAATAACGAACTATTTTTACTTTTAAATTTATTTAAGAAAATTTATCCACTGCTTTCATTGTTATAACTTTAATTTTTGAAAAATCTGTTATATCACTAAAAATATTATTATCACAGCAACTTGAACCAGGGGAACAAGAATTACAAGAAGATGAAGAACAATTTGAACAAGCCTTACCTTTTTTTGTTTTACAACAATCACTTTCTTCATTTAATTTTTCTCTTTTTATAAACTCTTCATAGCTTTCAAGATAACCATTATCTTCTAAAATTTTAAGACTTTTATCTAAAACATTTTTATCTATACCTAAATTTTTCATTATAGCATTTTCACTGTATACAGCAGAGGATAATAGAAATTTTATAATTTTTATTTCTAACTCTGTCAAAACTAAACCTCCTTATCTTTTAGTAAAAAATTATAACATTAAATTATAGAAAAAAAAAGTAAAATATGTTAAAATTATAAAGATCTTCTAAAAACTAAATAATTAAGGAGTTTTATTTTGGATATTACAATTTTAAAAGGGATATTAATGGGGTTTATTTTATCTTTACCCTTTGGGCCTGTTGGGATTTACTGTATGGAGCTCACCATTGTTGAAGGAAGATGGAAGGGGTATATAACAGCATTAGGAATGGTTACTATTGATGTAGTATATTCAGCTGTTGCTTTATTATTTCTCTCAGGTGTAAAAGATTATGTAGTAAAATATGAGAATTATTTATCTTTATTCATAGGAATATTTTTAATGATAATTTCTTTAAAAAAACTTTTAACAAAAATAGAATTAAAAGAAATAAATGTGGATTTTAAAAGTATGTTACAAAATTATCTTACAGGAGTAGGTTTTGCTATTGTTAATATTTCTACCATTTTAATTATAGCAACTGTATTTACACTTTTAAAAGTCTTAGATGATACAACTACTGTAACTACTATGATTTCTATTGAGGCTTTATTAGGAGTAGGATTAGGAGGAGCAGGGTTATGGTTTTTTACAACATATTTAATTTCTCATTGTAGAAAGCTTTTTGGAAAAGAAAAACTTATAAAGATAATTAAATTAACAAATGCTGTTATTTTTATTTTAGCATCATTTATAATAATATACACTATTAGAAAAATAATAAATTAAGAAAGGGACAATATGATAGAAACAAAAAATGTTGCTTCTGAATTTAGTAAATATATTGAATTTGATAGTAGCAAAAAAAATATTAAAGTTGGTGTGGCTATGAGTGGAGGAGTTGACAGTTCAACTGTTGCTTATCTTTTAAAACAACAAGGTTATGATATTTTTGGAGTAACTATGAAGACCTTTAAAGATGAGGATTCCGATGCTAAAAAAGTCTGTGATGACTTAGGAATAGAACATTATGTCTTAGATGTAAGAGATGAATTTAAAAAAAAAGTTGTTGATTACTTTGTTAGTG
NZ_CP084144.1_gap10	394029	396834	2805	AAATAACTAATGGTAAAGATAGTTATAAATATATAAGAAATAATAATGGCTTAAAAAATTTATTACCTATTGGGGTTGGAGCAGGTGGTCATATTCAAGCCATTGGAGCTTATAATATGAATCAACAAATGAGCTTTTACTCTAAAACAACTGAAATTGGTCATAATCTTTCTATGATTTCAGGGTTAATGCAATTTGATAAATTTGATTTAGATGAAATAAAAAAATATTGTAACGAAGAAAGTTATAAAATTGTTTATAGAAAATTAAAGGAATTTGAAAAAGAAGGATATATAAAAATTGAAAATAATTTTGCTATATATCAATTAAAAGGAATTTTTTGGGGAAATAGCTTGGTAGCAGATATTATTGAAGAAATTGGGAGGTCTTTATGAAAACATTAATAGTTTATTCCACAATCAGTGGCAATACAAAATCCGTATGTGAAAGAATATATAAGGTTTTAAATACAGAAAAAGAAATAATGAATGTAAAAGATAGTAAAAATTTAAAAGTAGATGACTATGATAATTTTATAATAGGTTTTTGGTGTGATAAAGGAACTATGGATAAAGACTCTATTGATTTTTTAAAAACTTTAAAAAATAAGAATGTCTATTTCCTAGGGACATTGGGAGCAAGACCTGACTCAGAACATTGGAATGATGTTTTTGAAAATGCTAAGAAATTATGTTCTGAAAATAATAATTTTAAAGATGGTTTATTGATTTGGGGAAGAATTTCAAAAGAAATGCAAGATATGATGAAGAAATTTCCAGCTGGACATCCTCATGGAGTAACACCTGAAAGAATTGCAAGATGGGAAGCTGCTTCCACTCACCCAGATGAAAATGATTTTAAAAAAGCAGAAGAATTTTTTATAAATTTATTAAATAAATAAAAATAAATATTGAAATTTATTAAAAAATTAGTTAAAATAACCTATCTTAATTTAATGGAGGTTTTATATTTATGAAAAAAATTTTATTTTTACTTTTAGCTTTTTGTAGTTTTATTGCTTATGCAGCAGGAGACTTAAATTATGATGAAGTTAATAAGTATATTAGAGAAAAATTGGATAGAGATAAAGAAATAACTTTAACATCTAAAATTAATAAAGCCAATAATACTTTGGAAGGATATAGTGATGAAGGAAAACTTTGTGCTGTTAATTCTTTGAAAGAACATCCAGATATGGCGAATATGAATGGAATGAAAAATAAAATTTCTGAAAAAAATGGTAAATTAAATCCAATTTCTGAAATTTATCTTCCTAATGGACAATTAGCAGTAAGAAATACTTATAAATTAAATAAGGCTATAAACTTATTTGAAACAGGAATTTTACTTGCATATATTGATGGTGAAATTAATTATGATGACCAATTAAAACCTATTGCAGATGCTGTTGATAGTATAAAAATAGAAACTTATGAAAATGGAAAAATATCTGTCTTGACTACTTATGAAATAAATCATAAAACTCAACAAATAACTATTAAAAATGGTTTAAGTGAAAAAGTAACTATTACAAAGGCAGTCTTATCATTTAAAGGATTAAATGGTACTATGGAAACTTACTATGAAAATGGAAAAGTTAATCAAAAAGTGGCTATAAAAAATGGATTATTTAATGGAAAAATTGAAAAATTCTCTGATAAAAGCGGAAAACTTGTTGGAACAGGAACAATGAAAAATGGTTTACCAGATGGAGAATTTATTGAATATGATGAAGCTGGAAAAATAATATCAAAAGCAAAATATAAAGATGGTAAAGAAATAAAATAATTTAAAAATAGGCTAAAATAATGGGATTGTTATTACATCCCATTATTTTTATGTTATGTAAAATAAATAAGTAAAATTTTTAAAATTTATGTTAAAATAGGATATTATAATTAAATTATAGGAGGAAAAATGGAAAAATTAAAATTGGCTAAACATTTAATAAAATTTATTGATGAAAGCCCATCTAATTATTTTGCTTGTATAAATGCTAAAAATATTTTAAATGAGAAAGGTTTTACTGAACTTTTTGAAACAGAAGAATGGAAATTAAAAAAGGGTGGAAAATATTTTGTAACTATAAATGATAGTGGAATTATAGCTTTTACAATAGGTAGTGAAAAAATATCTAAGTCAGGTTATAAAATAGCTGCTTCCCACACTGATAGTCCAGGTTTTTTAATAAAACCTAGTCCTGAAATAAATAGAAAGGGTTTTAATATTTTAAATACAGAAGTTTATGGAGGACCTATTTTAAGCACTTGGTTTGATAGACCATTATCATTCAGTGGAAGAGTTTTTGTTGAAAGTGATAATGCCTTTAAACCTAAAAAATATTTTATAAACTATGATAAAGATCTATTTATAATTCCATCTCTTTGTATACATCAAAATAGAGGTGTAAATGATGGAATGGCAATCAATGCACAAAAAGACACATTACCCTTGGTAACTATTACAGATGAAAAAGAAAAATTTTCTTTAAAAAAATTGTTGGCTAAACAATTAAAAGTAAAAGAGGATAAAATTTTAAGTTATGATTTGAATTTATATTCAAGAGAAAAAGGTTGTCTATTAGGAGCAAATGAAGAATTTATTTCAGTTGGAAGATTGGATAATCTTGCAGCACTTCATGCAGGTTTAATGTCATTGGGGGATAATAAAGATAAAAAGAATACTTGTGTTGTTGTTGGTTATGACAATGAAGAAATAGGTTCTAATTCTATTCAAGGGGCAGATAGTCCAACTTTAAAAAATATATTGGAAAGAATTTCAAATGCAATGAAGTTAAGTTTTGAA
NZ_CP084144.1_gap11	399840	400710	870	ATATAAATAAAGAAAAAATAAAAGATACTTTAAATAATATAATTTTATATTCAGATTTGAAAATAGCAGTAGAAAATGCTGATTTTATTATAGAAGTTACTCCTGAAAAATTAGAATTAAAACAAGAACTTTTTAAAAATTTGTCAAAATTGACAAAAAAAGAAGCTATTCTTGCAAGTAATACTTCAAGTTTGAGTTTAATGGAAATGATAAAATTTGTTCCTGAGGAAAAGAAAAAATATTGTATGGTTAATCATTGGTATAATCCTGCACATTTAATGCCATTAGTAGAATTATCATATTTTGGCAATATGCCTGAAGAAATTTTTGTTGAAATTGAAAAAATATATAAAAAAGCTAATAAAGTAACTATAAAAGTTTTAAAAGATATTCCAGGATTGATTGCTAACAGGATACAACAAGGAGTTGCTAGAGAAGTTTTTTCATTAATGGAAATGAAAGCAGCTTCTAATGAAGATATTGACAAAGCATTAATGTTTGGACCTGCTTTTCGTTATGCTACTACTGGACAATTAGAAATTGCTGATATGGGAGGGCTTGATATATGGTACACTGTTGGGAATAACTTACTTAAAGTTATGGATAACTCTCAATGTGCTAATAAATTATTAAAAGAAAAAGTTGAAACAAATAAATTAGGTATAAAAACTGGTGAAGGATTTTTTAAATATAACAAAGATGACATTGAAAAAATAAACAATAATTTTTATAAAAAACTATTATTACAGTTAAAAGTTTCTAAAAATTATCAATAAATAGAGGAGGAAATTAAAAATTATGAACAGTAAAAACAATCAAATCAATTATGATGGTTCAATTCTATGGAGATTTAGTAAAAAATTCCAGTTT
NZ_CP084144.1_gap12	407129	408152	1023	ATCAATGTTATAGGGCTTAAAATTTCAATATCATTATTATTGATTTCTCTTATATTTTCTATAATTGAACTTAACATTCCAACTCCTGTTGGCTCAACAACTAGATATTCAGAATTAATTTCAGAATAAATTCTTTTAATAGAAGATTTAAAATCTCCTTTCATAGAACAACAAATACAACCTTCTGACATTTCCCAAACATTTAGATTTTTTTCATCCAAAAAATCTTTATCAACACCAATATCTGCATATTCATTTTCAAGTACAACAAATTCTAAATTTATATTTTTAGCCAATTCTTTTATAAAGGTAGTTTTTCCTGCACCTAAAAAACCACTAACTAATAAAATCTTCATAATTATATCCCTTCATTTCAAACTTTATGTTTTTTCTTATATTCTTTAAATTTTCTATATTTTTTTAAAATTTTTGTATATTTTATAGTTCTATCAAGAATTTGTGAAAAAGTAGAAACTAAAAATATTCCTACACTTAATGCCACTGTCAAAAAAATAGTTTCCCTTCCTTTCTCAAAAGCCTCAGGAAATCTATTCTCAACAAAAAAGGACATAGTATAATAAATACCACCACCAGGAACTAATGGAATTAAGGCTGGAATTAATGTACTTGTAACTGTTGTTTTTTCAATTCTACCAATTATTTCTGAAAAAACAGTTATTATAACAGCTGAAATCACAAAAGAAGCAGTTTTTGAATAAGCTAATTCCTTAAAAAAAAGTAGGTGAGTATACCAACCTAAGCCACCAGCAAAGCTACTATAAATCAATTTTTTACCTGTAAGACTAAATATTATTCCAAAGAAGAAAGTTGCAAAAATTGCTGTTAAAACCTCTAAATAATTCATTTTATTCTCCTAATTTGTGATTAAAAATAAGACATTGCAAATAGTGCAAAACCTGCACCTATTGCTAAGGCTGAACCAACTAAGGCAGCTTCTACTGTTCTTGAAGTTCCTGCAATCAAATCACCATTTATCAAATCTCTTATTGCATTTGTTAGAGC
NZ_CP084144.1_gap13	416369	417367	998	AAACATTTAGATATAGCTGCTTCATTGACTATGGAAAGTTTACATGGAATTATAGATGCTTATGATCCAAGAATTAGTGAAGTTAGAGAACATACTGGACAAATTAATACTGCTGAAAATATGAGAAAGATTTTAGCAGGAAGTAAAAATGTTACTAAACAAGGAGTTGAAAGAGTACAAGATTCTTATGTTTTAAGATGTATTCCTCAAATTCATGGAGCAAGTAAAGATACCTTAGAATATGTAAAGAAAAAGGTTGAAATAGAAATAAATGCTGTTACAGATAATCCTATTATATTTGTTGATACTGATGAAGTAATTTCAGGAGGAAATTTCCATGGTCAACCTATGGCATTGCCATTTGATTTTTTAGGAATTGCACTAGCTGAAATGGCAAATGTATCTGAAAGAAGAATAGAAAAAATGGTAAACCCTGCAATCAACCATGGACTACCAGCATTCTTAGTTGAAGATGGAGGATTAAATTCTGGATTTATGATAGTTCAATACAGTGCAGCAGCCCTTGTATCTGAAAATAAGGTTTTAGCTCACCCAGCTTCTGTTGACTCAATACCAACATCAGCTAACCAAGAAGATCATGTTTCTATGGGATCTATTGCAGCTAAAAAATCAAAAGATATATTTGAAAATGTTAGAAAAGTAATAGGTATGGAATTGATTACAGCTTGTCAAGCTATTGAGTTAAAAGGAGCAAAGGATAAATTATCCCCTGCAACAAAAGCAGCTTATGAAGAAATTAGAAAAATAATACCTCATGTTGATATTGATAGACCTATGTATATAGATATTCATGCAGCAGAAGATATTATAAAAACAAATAAAATAGTGGAAAATGTGGAAAAAACAATAGGAGAATTGAAGTATTAAAAAGGAGGTTAAGTAACTATGTTAGATAACAAAACCATTTATGATGCAATGACAATAAAACTTACAGCAGAAGATATTCCAATGGAGATTCCTAAAATGGATCCATCAAT
NZ_CP084144.1_gap14	454344	454880	536	TGCTTCTGGAAATATAGATGAAAAATATCTGTATAAAGAACTAAATAAAAAAATGAAAAATTTTAGAAAAACTAAAAAAGAAGAAATATTAGATTTATCTTATGAAATAAAGAAAGGTAAAAAAGTTGTAAAGAAACCTTCTAATCAAATACATCTTTGTTTTACTACAAGAGGGGTTTCTTCAAAATCAAATTTGAGATATCCAGCTGCAATAATTTCAAATGTTTTAGGTGAGGGAATGAGTTCAAGATTATTTCAAAAGATAAGAGAAGAAAGAGGACTGGCTTATTCAGTTTATACTTACCTTACAAGGTTTGAAAATTGTGGATTACTTTCTGTATATGTTGGAACTACAAAAGAAGATTACAAAGAAGTTATAAAACTTATAAAAGAAGAATTTAAAAATATTAAAGAAAATGGTATATCAGAAAGGGAACTAAGAAAGGCTAAAAATAAATATGAAAGTGCCTTTACGTTTAGTTTAGAAAGCACAAGTTCAAGAATGAACAGATTAGCTTCTACATATATTACTTATG
NZ_CP084144.1_gap15	521645	524154	2509	ATATAAAGAGAGATATTGAAATGGAAGAAAAAGAATTAAAAAATGGCTATACAACAGGAACTTGTGCAACAGCAGCAGTAAAAGTCGCTTTGGAAGCATTAATCTATGGTAAAAAAGCCACTGAAGTTGATATAACAACATTGAATTATAAAACATTAAAGATACCTGTACAAAAGTTAAGAGTTAGAAATAATTTTGCAAGTTGTGCTATACAAAAATATGCAGGAGATGACCCAGATGTTACTGATGGAATAAGTATCTGTGCAAAAGTACAATTAGTAAAAGAACTTCCTCAAATTAACAGAGGTGCATACTATAATAATTGTGTAATTGTTGGTGGTAGAGGAGTTGGACTTGTAACCAAAAAAGGTTTACAAATAGCAGTAGGAAAATCTGCAATAAATCCTGGACCTCAAAAAATGATAACTTCTGTTGTAAATGAAATTTTAGATGGCAGTGATGAAAAGGTTATAATAACAATTTATGTTCCAGAAGGAAGAGCAAAGGCATTAAAAACATATAATCCTAAAATGGGGGTTATAGGTGGAATATCAGTTTTAGGTACAACTGGAATAGTTAAGGCTATGAGTGAAGATGCTTTAAAAAAATCTATGTTTGCAGAGCTTAAAGTTATGAGAGAAGATAAAAATAGAGATTGGGTTATCTTTGCCTTTGGTAACTATGGAGAGAGGCATTGTCAAAAAATTGGATTAGATACTGAACAGCTTATAATTATAAGTAATTTTGTTGGTTTTATGATAGAAAGTGCCGTGAAGTTAGGTTTCAAAAAAATTATAATGTTAGGACATATTGCAAAAGCAATTAAGGTAGCAGGTGGAATTTTTAATACTCACAGTAGAGTTGCAGATGGTAGAATGGAAACTATGGCAGCTTGTGCTTTTCTTGTTGATGAAAAGCCTGAAATAATTAGAAAAATTTTAGTCTCAAATACTATTGAAGAAGCCTGTGATTATATAGAAAACAAAGAAATTTATCATTTAATTGCAAATAGAGTTGCTTTTAAAATGCAAGAATATGCAAGAGCAGATATAGAAGTATCTGCTGCAATATTCTCATTTAAGGGAGAAACTATTGGAGAAAGTGATAATTATCAAAGAATGGTTGGTGAATGTGGTGCAATTAAATAAAATAAATGTAGTAGGTTTAGGACCTGGGAATATAAAATATCTTTCTACTGCTGGAATTGATTGTATAAAACAGGCAGAAATTATAATTGGAAGTACAAGACAACTTTCAGATTTAAAAACTATTATTTCAGAAAAACAAGAAATATATATTTTAGGGAAATTAACTGAGCTTATAACTTATTTAAAAGAAAATGTAGAAAGAAAAATAACAATTATAGTTTCAGGGGATACAGGATATTATAGTTTAGTTCCTTACTTATCAAAAAATTTGTCTAAGGATATTTTAAATATTATTCCTAATATTTCATCTTATCAATATTTATTTTCAAAATTAGGAGAAAATTGGCAAAATTTTAGATTGGCAAGTGTACATGGAAGAGAATTTGACTATATTAAAAATATAAATGATGAAGATATTGAAGGTTTAGTTTTACTTACAGATGATGTTCAAAATCCTTATGAAATAACAAAAAAATTATATGATAATGGAATTAGAAATTTAACTATTATAGTTGGAGAGAATTTATCTTATGATAATGAGAAAATAACTATATTAGAAATAGAAAATTATAAAAAATTAAATAGAAAATTTGATATGAATGTTTTAATTTTAAAGAAAGGAGAAAACTATGGAAAAAAATAAAGTAAAAATTTTATTTTTAGACAGAAATGCAGTAGGACCTTATGAATTAAAAGGGATATTTTCAAAGTATGGAGAATACACAGAGCTTAATCTTACAAATAATGATGATATAGCAAGTTATTTAAAAGATTATGATGTTGTAATTTTAAATAGAATTAGATTAGGTAAAAAAGAATTTGAAAAAGCTCCTCATTTAAAATTAGTTTTATTGACTGGAACTGGATATAATCATATAGATTTAGTTGCAGCAAAGGAATATGGAGTAACTATTGCTAATGTGGCAAACTATTCTACTAATTCAGTATCTCAACTTACAATGACACTTTTGTTAAATGAATTAACAAGAGCAGAAAAATTAAGTCAAGAAGTAAAACAAAATAAGTGGGAAGAAATTTCTAACAAAATGGATAGATACTATCATGTAGATACAGAAGGTAAAGTTTTAGGAATTTTAGGACATGGCAATATAGGAAAAAGAGTAGAGCAATATGCTAAAAGTTTTGGTATGGAAGTTATGATTGCTAAAATTCCTGGAAGAGAATATACAGATAATTTAGAAAACAGATTTGACTTAGATGAAGTCCTAGAAAAATGTGATATATTTTCTATTCATGCACCATTAACTGATTTAACAAAAGGTTTAATAAATTTAGATAGAATGAAAAAGATGAAAAAGTCTGCAATAATTTTAAATTTAGGAAGAGGTCCTATAATAAAT
NZ_CP084144.1_gap16	612197	615230	3033	CTGCTGCTTCTGTAACTCTTGCAAATTCCAAAGCTAGCTCTCTTTTCATTTTTCCTCCTCAGTATTTTCAGTTTTATTATTATTTTTTTCTACATATTTGTATATTACTTCATTTTCCTTTACCATCTGGAACATATCCCTTGCTACTCTTTCTTTTTCAAATTCATCATCTAAGGAAGCAATCTTTTTATCATATTTTTCTATATCTGCTTTTACTTCTTCAATTTTTTTATTAACAGCAATAATTTCTTCCTTTGTACTCTTTTTTTTAGAAAGACTATGTTTAATTTGAGGTACAACATTAAAACTTGATAATAATAAAATAATTATTACTATAAGCCATAACAATCTTTTATTCATTTTCTTCTTTTATCCTTTTTGTTTCTTTTTTTATATTTGCTAATTTCTTGGCTATAAGCCTTTTTGCCATAGGAGAAATTTTTTCAACAAATAAAATCCCATCTAAATGGTCATTTTCATGTTGTACTACAACAGCTAAAAAATTTTCTGCAATTTCTTCTATTTCTTCACCATTTTCATTTAAGTATTTTAATAGGACTCTTTTAGGTCTTTCAACTTTTTTATATATTCCTGGAACACTTAGACATCCCTCTTCAAATTCTTGTGTTTCTTCTGTTAAAGGAACAACTATTGGATTTATAACTTTTCTTACAACTCCATTTCCATCATCACAAACAAAAACTCTTTTGCTCACTCCTACTTGTGGTGCAGCAAGTCCAACTCCATCTGTTTCATACATAGTTTCAACCATATCATCTAAAAATTTTCTAAATTCATCATTTATTTCATTTAATTCTACTTCTTTTGCAATCTGTTTTAATACCTCTTCTCCATATCTTTTTATTTCATAAACCATAAATTCTCCCTACATCAAATTAACTGGATCTATATCAACAACTATTCTAACTTTTGTATCACTAAATTCATTTAATTTTTTCTTTAAAAATTTTTTAAAATTATCAATTTTCTTTTTACTTCCTTTTACAAAAATATTCATTCTAAACCTTTTTTGAACTTTATATACCATACTTGGCATAGGTCCATATAGTTCCACATCCTGTGATTTTATCTCATCATAGAAGTTTTTAGATATCTCTAAAAGTCTTTCTTCATCTTCTGAACTAAAACCAATATTTAAAATTTTTGAAAAAGGAGGATAAGAAAAAACTTTTCTTGAATTAATTTCTTTTTCATAGAATAAATCATAATTTTCTTCTTTACTGTCTTTTATCACATTATTTTCTGGCTCATAAGTTTGAATAATAACTTTTCCTTTTTTATCACCACGCCCAGCTCTACCTGAAACTTGTGTTAATAATTGAAAAGTTTTTTCTCCTGATCTAAAATCAGGAAAATTCAAAATTATATCAGAATTTATTACTCCAACCAAGGTTACATTGGGAAAGTGTAAGCCCTTAGCTATAATTTGAGTTCCTATCAAAATACTATATTTTTTATCAGAAAAATCTTTATATATTTTTGAAAAATAATCTTTATTCCTTGATAATTCACTATCAACCTTTATCATAGGAACATCAAAATAATTTTTTAACTCTTCCTCTATTCTTTCAATGCCCTTACCACTATGAATTAAGTTTGTACTACCACATTTTGAGCATTTTCCTGTGTAATGAATTTGTTTTCCACAGTAATTACACTTATACTTATTAGTACTTTTATAGTAACTCATTTTAATAGAGCAATTATCACATTCTTCAACATAACCACAATCTTTGCATTGAATATATGTAGAATAACCTTTTCTATTAAGTAGCAGTATAACCTGTTCATTTTTTAATAAGGTATTTTTTATTTCTTCAAGAAGTGCTTTACTAAAAAATAAATCTTCTTCCTGTTTCATATCAACTATTTGTATATCTGGCATTTCAGCATTACCATATCTATTATCTAAATTTAAAAGTTCATATATACCAGTTTTTGCATAATAATAACTTTCAATAGATGGAGTTGCAGAACCTAAAATCAATTTTGCACCTTCATCAAGACATCTTTTTATAGCCACATACTTAGCATTATACCTTGGACTACTATCTTGTTTATATGTTGCTTCATGTTCTTCATCTAAAATAATATATTTTAAATTTTTTACTGGTGAAAAAATAGCAGATCTAACACCTAAAACTATTTTCTTCTCACCACTATATATACTTTCCCATTCTTTTGCTCTTTCTATATCACTTAGACTACTATGTAATATAGCAATATTATTTTTAAATTCCTCTTGAAATCTCTCAACCATCTGCGGAGTTAAAGAAATCTCTGGAACTAAAAATATACTTCCATAACCTTTAAAAAAAGCCTTTTTAATAAGCTCTATATATATTTCTGTTTTTCCAGAACCAGTTACTCCTTTTAAAAGAAAATATTTTTTATCAGATTTTTCTATACTTTCTTTTACAAGTAATTGCTCTTTGTTTAAAATACTTTTATTTTCTGTTACATTTTCTATTATATCAGAAATATATTCCTTTTTTTCATTTATATTGGCTTCTATTTTTAATATTTCTTTTTCTTCTAATTCCCTTATATCATTTCTTTTAAATTTTTCTTCTAATTTTTCTTTTTTTATAATAGTTTTTTTATAAAAATAGTCAAATATTTCTTTATTTTTTTCTTTTAATTCTGAAAACTTTTTTATATTTACACAAATATTATTTTCATTTTTATATAGAAAATTTTTATTTATTAAACTATCAACAATAGATTTTTTAAATTTTGTTTTAGCTGTGCCATAAGAAATTATTGTTAAAGAAAAAATATATTTAATTACCTCATTATTCAAATATTTACTTAAAATATCAAGTTTATTAAGATTAATAGAATAAACATTGTTATAAGATATTTTAATTTTCTTTGGTATCATAGCTTTTATTACACTATCATAGGAAGCCAAATAATAATCTACCATCCATTCTATAAGTTTTATTTGCTCATTTGATAATTTTAATGAATTTTTTACCTTAGATGAAATATTCAATACTTTGAATTCAA
NZ_CP084144.1_gap17	709864	711895	2031	TCCAAAGCCTAAGCAGATAATGTCAAATAAGTTTAAATTTTTCGCTTCAATTTTACTTTCATTTTTCATAACATTCCCTCCTTTTACATTAGTTACTTAATAGTTAAATATCTTAAGTATTTTTATTATAATTTATTTTTTATAAAAAATCAAGAGAAATATAAAATTTATTTGAAATATTAATAAATTATGTTATATTAAAAATATATAATATTGGAGGTTTTATAGTGGATAATAAAAAGCTATATGAAAAAGAAATTCTAAATGTAAAAATAGAAGAAAATGAAGATGAAAAATTAGTTAATAGTAGATATGAAAAATTAAATGGAATAATGGAAGCTATGTATGATTTTATTTTAGCTTATTCAAATTATTATTCTGTTAGAAGAGATTATGGTACTGGTGAAAAATTTACAATGATAGAAATACATATTTTAACGGAAATATATGATAACTCAGGAATTACCGTTACAAAACTGGCTGAAAAATGGTGTAGAACAAGTAGTGCTATTTCTCAAACTGTCAGAAAATTAATGAAATGGGGACTTATAAATAGAATAGGTAATGAAAATAATGGTAAAATTTATCATTTAACTATTACAAAAAAAGGTAAGGAGCTTGCTTTAATTCATAAAAAGTATGATAATTTAGATATAGTGAAAACTAAAAAAAAGCTATTAAAAAAATTCACAATAGAAGAATTAATAGCTTTTGATAAAATATGTAAAGAATATACAAATATTTTAAGATACAAAAAAGAGAAAAAATAATTCTGTATATTATAGTGTTCCAAATTTTTCTAGTGCCTTTTTTCTAAGTTCTTCTCTAAAATTTGGGTGAGCAATCTCAATTAAAAGTTTTGCCCTTTCTCTTAAAGTTTTTCCTCTTAAATGGGCAATTCCATATTCTGTTATAACATAGTCCACATCATTTCTTGTAGTGGTAACTGGAACTCCTTCTTCAAAATTAAAAACTATCTTTGAAATAGTTCCATTGGCAGCAGTTGATGGAAGAGCTATTATTGATTTTCCTCCTTTAGACATAGTTGCTCCTCTTACAAAATCAACTTGTCCTCCTGGTCCACTAAATTCTTTTGAGTTAATATATTCTGCATTTACTTGTCCTGTCAAATCAACTTCAATAGCAGAATTAATTGAAATCATATTATCATTTTGAGCTATGATAATAGGATTATTTACATAGTCAACAGGGTGTAGTTCTATTGCAGGATTATTATCAGCATAGTCATATAGTTTTTTTACTACCCATTAAAAATGTTGCTATTGACTTATTAGGATTTAGATTTTTCTTTTTATTTGTTATGACACCTAAATTAATTAAATCAACAATTCCATCAGAAATCATTTCTGAATGTATACCTAAATCTCTTTTATCTTTCAAAAAATTTAAAACTGCCACTGGTATTGCACCAATTCCAAGTTGTAAAGTATCTCCATCATTAATTAAACTTGCACAAAATTCCCCTATCTTTCTTTCAATTTCTCCAACAACTGGTGGTTGAACTTCTGGAATAGGAGTATCTTCTTCAATGATATAGTCAATGTCATCTATATGTACAAAACAATTTCCAAAAGTTCTTGGAACAAATTTATTTATTTGTGCAATAACAATTTTTGCACTTTCAGTAGCTGATTTAGTGTAATCACAAGAAAGTCCATAACTACAATATCCATGTTCATCAGGAGGGGATACTTGAAGTAACATAGCATCAAGTGATAATTCTCCATCTTTTCCAAATAATTTTGCAGTTTCAAAGAAGAATGTTGGAGTGTAATCTCCATAAGAACTATTTGCTGCTTCTCTTGTTTTAGGACCAATGAATAGAGCATTATGTCTAAAATATTCTGAATTTTCTTCCTTTGCATACTCACTTTTTCCTACTGACAGTAAATGAGCAATTTCTAATTTTTTAAATAATTTTTTGTTTCTAAGCAGTGCTTCTGTTAAAACAGTTGATTCAGAACAAATATGTCCAAAAGAAATTCTTTTAGCATCTTTAATTTTTTGAAT
NZ_CP084144.1_gap18	714286	718989	4703	AGAGAAGAAGAGCTAATATATTTATAACCCTTCTTTCTACATTTTATGTTAAGGAGTTGTTATTAATTTATCTATATTTTTTCAATTTTAATGAAGGTATCCACCATTTTAATTTCCAAGCTATTAGCCACATAAAAATGACTATTCCTAATATTGCCCACGTTACTATATGTCCACCTATGACTGGAAAAATGCTCATAATTATTGGTGGAACAACTTGTAAACCAATTATTAAAGGACGATTAAACAAGTCAGATATTCCAGAATCTTCTATTCCTCTTGATTTTAAATCTGGATCTACAACTCTTTGAAGTAAAACCCCAGTTGCTGCTACCCCAGTGGCATGTCCCCAACACATCATATTACGTTCAAACCAATCTTTTGATGAAGATTTTCCTCCAACATATATAAACCATAACCATGTAACAATAAAACCTATTGTACAAATTATTAATAAAGGTCCAGCATAATCTAAAACTACTGATAAATTTAAAGAACCTATTCCTGACACCATAAGGAAATCTGTTGCTACTCCTTGTATACGACTTATAGAAAATCTATCTACATATTTTGAAGCCTTTGTTTTATTTAAAATACTATTTAGTAAAAAACCTGCTAAAAGTGCCGTACAAAAGGCTGGAATTGATATAGGATATCCCATTTTTGATGTAAACAATTTAAAATAATTTGCTGATAACACACCAAGTATTGAAGCTAATAACACTAAGCCTATATGAAAAGACATAGGATCTAAACATATTGAAGAAATTGTAACTTTTCCTTGAGACTTTTGCTTTTCTTCTGGTATTAATCCTGTTCTTAATTCAATAGGTAAATCTTGAGGATTTTCAACATAATGAGTATATCCTTTACGAGTTCCCCAATTTATAATAATAACACCAAATATAATTCCTCCAACTATACCAATGGTTGCACAAGTATTTCCAAAGTCAATCATATTTGGAATGCCTAAATCTTGAAGAGCATTTCCAACTGCAATAGCTGTTCCATGTCCTCCATAAAAACCTGTTGCCATCATTAGACCAAATTGTTCTGGAAGGCTTGGATAAATATATTTTAGCAAATACATTGTTACAAGCATTCCAACAGCATATTGTAAAACTGCAATTCCAGTTATATTAAAAAACATTCCTCCAATTGTAGAACTTGATGTTGCTTCTTTGTCAGGTTTATCACCAATTGGAGTTGAAGCAAATATTACTACAATTAAAACAGCTGCATAAGTTCCAAAACTTGAAGATAATTTTAATACATTGTATCCTTTAGGACCCAAAATTAATGCTATAAATCCTGCTATTAACGCAGATGGTATTAATAACTTTTGAAAAATCTTAACCTTTGCTCTTAGTATTTGCCCTATTAATAATAAAACTGCCATTATACATATATCATTAAATACATCCCATATTGCTTTAGTCATCGTAAGTTCCATAGAATCCTCCTCCAAGTTTATCCTTTATAATAAGGTAATTGTTCATCAAACTTTTCTTTATTATTTTTATACCAAGCACATAAATGTTTTATTGTTTCTTTAGCCTTAGCTATTGAAGCTAAATCTGAATTAAAACCTTGATGTGGTTGAACATAAAAATTTTCACTAAGAGCTAAAGCCTTTTCTTCTATTTCTTTAGCTGCTTTTAAATCTTCATTTTGAGTTTTTACCTCATTTTTTAAAAACTTTGAAAATATAGATTCATTTGAAAAAACATCCAATGCAATTCCACTTAATATACTTTCTTTATAGTATTTTAATAATATACTTTCTGGAGCTATCTCTCCTCTTGTTACATTTATAAAAATTAAACCTTTTTTTGCCATTAAAAATTCAATATCTGAAAAATAACCAACATTATAAAATTTACTATCTGGATTTTTAGTTAAATTCATAACATTAATAATAACATCACTATTTTTCATAGCTTTTTCTTTTGTTACAAAATTAAAAATATCTCCATATTCTTTTTTTAATTCATCTTCTCTGATATCAACAGCTTGTGTAGAAAAACCATTTATTTCTAGCAATTCATAAACTTTTTTTCCTATTTTTCCTAATCCAAATACAGTTGCAATTCTATTTTTGTTTATTTCAATAAAAGATGAAATATTATTTCTTTCAAAACTTTTTGTTTTTGACATATACTCATTTAACTTACCACAAGTTACATAAACAAATTTTATAGCTGTTTGTGCTACTGCATCAACACAGTATTCTCTTAGGGAAGTTAAATTAATTTTATTTTGTAAATGTTCAAAATGGTCATAACCAGCACTCCTAGTTATTACACTTTTCTTTTCACCTATTAAATAGTCCAAAGGTAAAATTGAATGTGTTTTTGTTGTAATAATATTAGGTAATTTTGTATCTGGGTATTCTTCTAAATAAGTTTGTAAATTTTTTTCTGTTATTAAATAATTTAAATTTTTTGGTAAAAGATTATTTTCTTGTGCTTTTATTGTTTCTGTTTTTAAATGTTCAGCTTCTTTTCCTAAAGCTTCAAAATGTATGATATCGTAATTCATAGTTCCTCCTAAAATTTTTAGTTTATTTTAGGAACAAAATATGATATAATTGACTTGCTTAGGGTATGATTATATCATATCTGTCCCATTTTGTACTTTGTGCAAAGTGGGATTTTTTATTTTAATGCTTCCCATAATTGCTTCACTATAATATTTTTAGTTATATTTTTAAAAAACATGTTCCCTCCTTTCGTTCTATAATATAGAACTAAGTTTGTTATTATTGACTATAATATACACCTTCTTAATTTTTATGTCAACATTATTTTATAAAAATACATATTATTTTGAAATACACCATAAATGTAATATATATTAATTATAAACATTGAAAATATTTATTTAAAATGTTAGAATAAATAATATAGATTTATTGAGATAGGAGTATAAATAAAATGATAAAAAGTTTAAATAAAGCTATAGAAATATTAGAATTATTAAAAAAAAATCCTTCTGGTTGTAGTTTATTACAAATTTATACTACTCTTGGAATACCTAAAAGTACAGCCTATGGGTTACTTCAAACACTATTGTCAAAAATGTATATTTTAAAGGATGAAAATTCACTTTATAAACTTGGACCAGCTCTAATTTTTTTGGGAAAAGTTGCAGCATCACAAAATAAACTTCAAGATATTGCATATCCAATTTTAAAAAATTTGACATCAGAAATAAAAGTAGATTCTTTTTTGATGATTCCAACAGGTTATAAAGGTTGCGTACTTGAAAGATTTGATGGTGAACAAAGTATAAAAATTATAGAAAGATTTGGAAATGAATTTTTCTTACATTGTGGTGCAACTAGAAAAGCTATACTTGCCCATAAATCAAAAGGTTTTATTGATGAGTATATCAAAAATGTGATTGAAGATAAGAGAAATAAAATAACTTTGACTGCTGAGGAATTAGAAAAGAGTTTAAAAAAAATAAGAAAAGAAGGAGTTGCTGTTTCATATGGAGAATATGCAAAAGGGACTATTGGAGTGGGAGCTCCAATTTATGACTATAACAACAATGTAGTTGCTTCCATTGGAATAAATCTTCTTGAAAGTAATGAATTAACTGATAAAAAATTAGAAGAATACAAAAAAATCATAAGAGAAAAAGCTGAAGAAATTTCAAAAAGTATGGGTTCATCTAAATAAATATAAATAAAAAATGTAAAAAATTTTATAGAGTCAACTTAGAATTTTTTACATTTTTTCTATTTTTTGTTTTTAATTTATAAAGTTCCAAAATTAATGACTTTCTTTTTCTTCTTTTGTTCTTAATAGTCCAAATTGGATAGTTATACAAGTTGTAACTATTAATGCAAAAATATAGAAGGAATATTTTAAAACTTCCAATGGAGATACATCTACCAAAGCTGTAACCATAAGCATTCCTCCATCATAAGGAGTTAAGGCTAAAAATGCACAAGCAAAAATATCTATAAGACTTGCTAATCTTTTTGGAACAATATTGTATTTTTGTCCGATTTCTTTTGCAATAGGAGCTGTAATAATTATAGCAATAGTATTATTTACTAATGCTGCTGATAAAAGCCCTGAAATCAAACCTATTCCATATTCTGCATTTTTTCTATTTTTTATTTTTGAAGTTATACTGTTAACAAGCCATTCTATCCCACCATAATATTTTACTAAACCTATTAAACCAGAAATAAGAATTGCAACAATAGTAATACTGAACATATCAGACATTCCTTCAGCAATAGCTCCTATCCAATCAAGAAAAGTGATATTTCCTTCTAATAATCCAATAATACCTGTCATAGCTATTCCTAAGACTAAAACTCCTGAAACATTAAATCCAATTAAAGCAGTTATTAAAACTACTATATAGGGAAGTACTCTGATGATGTGGTAATTATATTCACCTGTTATATTTCCATTTCCACCCATAATACCATACATAATTGCTGCAAAAATAGCTGCTGGAAGTGCAATGAAAAAATTCATTTTAAATTTATCTTTCATTTCAGAACCTACACCTTTTGCAGCAGAAATTGTTGTATCAGATATCATAGATAAGTTATCTCCAAAATATGCTCCACCTATTACTGCAGCAGCAGTTAAAGGAATGTTCAAGTTAGCTGCTTGAGCCACTCCAATAGCTATTGGTGCCATTGCTGCTACTGTTCCCATTGAAGTGCCAATAGC
NZ_CP084144.1_gap19	724915	726807	1892	TAATGCTTGTAACATAACTACCTCCTTATCTATATAAAATTTTATTGTCTGTTGCTAGTTGACGAATTTCTATTTCAATTCCATTTTTTAATAAATCTTTTAGCATTAGTTCTTCATCTTCTAATAAATTTATGGTTTTTGAAATATTTTTACTATTTTCTCTTGGCTTAATTCCACCAAGATTTATTTGTTTAATCTGAGAGGTTTTTTTTGCAATTTTATATGCATCTTCAACTGATTCAACTATCACTAATAGATTATACTTATCTGTAATACCTGAATTTATAGAGATAATTGCATCATTTATATTTTTAATAACTAATTTTACTTCTTGTGGTTTAGCTAGTTTTAGTGTTGTTTTTCTTAATTCATCTGTTGCTACACTGTTATTAGCTATTAAAATACAGTCAGCTTTTAAGTTTTGTACCCATGAAAAAACTACTTGCCCATGAAGTAATCTATGATCAACTCTTAATAAAAGTATCATACTGCCTCCTTTTTAAAAATCTTCATCTTTTGAAATTTTTAATAGTTCTAAATTACAATATTTTACTGCATCTGATGAAATTGTTATGGAATTTTGAATTAGTTCCTCAGGAATTAAATAATTTTCTTGTTCTCCAAGTAAATTTAATATTAAAGGTAAGTTTAATCCAGTGATTAAATGAATATTTTTATTTGAAGAAATTTTTTCCATAAATAAATTATTGACACTTCCTCCAAAAATATCTGTAATTACAATAATTTTCTTATCATTATATTTTTTTAATATATTATCAATTTCACTTTTTAGATTAAAATCAGATTTTGTATAACAAGATAAAGTGCTTAAATTCTCAAATTTTCCAAGTATAATTTCAATTGAATTTTTTATTCCTTCCGCAAATAACCCATGAGTTGCAATTATAAATTGATACATTTCTTTCACCCCTAATATTTTTTATTAAAAAATAACACATAAAAAAAATGATGTCAAATTTTTTTCTTTTAACGTTAAATATAATTTTTCTTCTAAAAAAATATGTGTTATACTATTCATAAAATAGCACTTTAAATAGTAATTAACGTCTATAAAATAGAAATTTTTTCGTTGATGTTAAAATGTTTTTTAGGAAAAGGAGGATAAACTTTGAAAAAAATTATAGATTTAATAGAAGATTCAAGTGTTTTTGACATTAAAATTGAATATACAAAAAAATTTTCTAAAAATGATATATACTTTAAACAATTTTTAATAAAAAAAATAATAAAAACCAATGAAAAAATTTTTTATTTAACAGAAAAAGAAGCTAAAAAAATTTTAATATTTCCACATGGGGAAAACTTTGATATTTTTTTAAAAAAATTTTGCTCAAAAAGGCTTATTATAAAGTATAAAAAATCTGAAGAGGAGTATTATGAATTGATATTAAATATAATTTCTTCTATTTTAAAAAATAAAAATACATATGTTTTGAAAGTAAGTGAGGATTTTTATAAAATATTTAATTCTGAAAAAAATGATTTTAAGTTTTATCAATTAAATATATTTTTGGGTTTTTCAAATATAATTACTAGAAAGCTTTTTAATCTCATAAAGAATATTTATAATGAATTATCAATTGAAATATCTCTTGATAATTTAAGAAGATATCTTAATCTAGAAGAATCTTATGAAAGATTTTTTGATTTTGAAAGAAAAATATTAATTCCTTCTTTGAAGGAAATAGAAGCTTTTACATCATATAAAATTTTATATTCAAAGGTTAAAAATTCTATAAGTCCAAATGCTAAAGTAAGATTCATTAGATTTGATATTATCCAAAATTTAGGAAATAAAGATGAAAATGATATTTCAATTTTGTATAAATTAGTAAAGCCTTTTGCACAAAATTTATTTACACTTCAAAAAT
NZ_CP084144.1_gap20	732918	736364	3446	TTAGCTCATTTTGAAGAAGTTGATACTATTGGATTAAATCCTACTGTTTTATTTAACAAAATTATTTTTAATAGAAAAAATGATTTCTACAGGAAGTCGCTTGATTTAGCTAAGTTCTTTTTACTAGATGAAAGCCCTTATTCTATATTTTTCAATGATGATAGGGGTGTAACAGGGCTTTTCTTACCAATGGAAACCATTTATGAAAGTTATATTGCTAATAAATTAAGACAAATTATTAATGAAAAATATTCTGATAAGTTTTCAATAAGAATTCAAGATAATTCACATAGAGTTTTTGATGATTGTAGGTATAATGGAAGAAAAATAGATTATAAAAAAAATAATATCACTTTTTTTAGGTTAATACCTGATATTATTTTAGAAAGTAAAAATGAAATAATTATCTTAGATACTAAGTGGAAAGAGCTTAATAACCCTGAGAAAAATGGAAAAATCTATAATTATAATATCTCTCATGAAGATATTTATCAATTAATAACATATATTCAAATTTATCAAATTAAAGAAAATAAAAATTGTAAAAGAGCATCTTTAATATATCCAGTTAATAATAATGAAGAAAATTCTTTAAAAGAAAATATTCTATTTAAAAATTCTAATTTAGAAATTGGAGTATATTTTGTAGATTTAAGTTCAGAAGAAAAGGTCAATGAATCTTTAGAAAGTATTTTAAATGATATTTAATAATTACTAGAAAGAAGCCCCCTACTTCTATAAGTGGAAGTAGTTTGCTTTAGAAAAATACTCTACTTAATAATTGAAATTACAATAAAAATAAGATATAATTATATTATAAGATGACTTAATTGTATAATTTTTTTACAATTAATTAATAACTAAAACATTTATCAAAAGAATTATCTTCAATTAAATTCTAAATATGTAGAGGATGTGATATTATGGAAATAAATAGACTAAATACAAGCCCAATAGATGATAAATATTGGGAAGTTTTAGAAGAATATTCCTATGAAACATCAAAGGGACTTGTAGTTGTTCCAAAAGGTTTTAGAACAGATTATGCTTCTGTACCTAAGATTTTTAGAAATATTATAAACACTTATGGCAAACATGGGAGAGCAGCTGTTGTACATGATTGGTTGTATTCAAGTCAATGTAAAATTGATATTACAAGAGCAGAAGCTGATAAAATATTCTTAGAAATTATGGTAGAATGGAATGTTAAAAAGTATAAAAGACTTTTGATGTATTATTTGGTTAGAATATTTGGAGAAAGTCATTTTAGAAAAGGGGATTAATTAAATCAAAAGGGTTATTACAAATTAATTTTAAGTTTATAATAGCCCTTTATTTCTTATTTTACTATTTTTCCATTTTTATATAAAACTTTTTCTAAAATGTTTCCATCTTCATCATATTCAATAGTCTCTCCATCTGGAACACCATTTTTGAAATTTATAATCATCTTTGTCTTCCCATTTTCAAAAAATGCTTTCATCATACCTTCTGGTTTACCTTTTTTTACATTAAATATAGATAGTAATTTACCACTAGGATAAAACATTTTAGCTTCTCCCTCAGGAATAGAATTTTTTATTTGCATAATACTAACTAAGTTCCCATTTATATATGTTTCTAATTTTCCACTCATAGGATTAGAACTATCAAAATAATTAATCATTTTAACTTTATTTCCTTCTATTTGTTGTTCCACTATCATTTTATTATTTTTATAGTTCATTGTTAAAATTAAATTATTATTTTCATCATACATTTCTGATTTTAAATATTCAGTATCTGAATAAAAATTTTTGGCTGTATTATTTAAATCACCTATTAAATTTAAACTTTTTATTGCATCTTTTTTATTCATTTTTTTCTTCATTAAAAATTCAGATTTTATTTTTACTTTTTTTCCAAGCATCTCTGTATCCATTTCTGAATAGCTTAAAGTTTTTCCATTTTTTAGTTGATATGTTTGTTTTATTTCAAAATAAGTGGTTAATTTTTCTATACTTTCTGGGATTTTTTCAGTATAGATGATATTATTATTTTCATCTGTAACAATCATTTCATTTTTTTCTTTTTCTAACTTAGAATAGTAAACAGCTTTTCCTTTTTCTTTTATATTTTTTTCTATGTAATTAAATATTTTATCAATATTTTCAAGATTTGGTTTATAGTCTTTCAATGCTTCTTGGTAAGCAGAGTCAACTAAACTTAGACCATCAGATAAAGTAGTAGGATTTTCAGCTGCTATACTTAAAATATTAATAAATAAAAACATTAGTACAATTAAAATAAAATTTTTTCTTTTCATAATTTCCTCCAAAAATGTTTGATATTTAATTTAACTTTATATTTCTTTCTGCCACTTTTTCTGAATTTATTTTATATAACATAAATAATACTCCTGTTAAATAGAGAATTGTATAAAAAATTCCTCCTTCAAAACCATAATTCCCACCATTTAATATAATAGTATTTTCAATAATTCTAAGTTTAAATAAAGGATTTATTGCATAAAGTATATCTAATTTTGAACCAAATACCATAGTTTCAAAGAAATTATTCAAAGTTGAAATTCCAACTACTAACCACATATTTCCATAAAAATAATAGATTAAAGAATTTAATATATATGCTAAGAAAGTATTGAGTAAAAAAATCAATGTTTTTATATCTAGTATCTTAAAACCTTTCGCTATAAGAAAAATTAAAACTGATATAAAACTTATTAAAATAGTTGAGTTCCTTATTCCCATTATTTTAGTAAAAAAAGTTAAGAAATAATTTCTCATTAATATTTGCTCACCCAACGCAAGTACAAAAAACACTATAAAAACTTTGAAAATATCAACATATATTATATTTTCATTCATTTCAACTAATATTGAATTAGAAAAGAAAAGTAATAAAAATACTATTGTTGCCATAACTATTCCTACAAGAGAACCATAGCAAAAATATTTAATCCCATTTTCTCCATTAATACCTATCTCACTAAGTTTACTTCTTGTATTTTGTTTTATAAGAAGTATAGTAAAAAATAAAAGTAGTGTATAAGTTATTAAATTTATAAAACTCGTTCCTGAAAGAAAAGCCTCAAAATCAATTGTTTTATGTTTTATTATTGATATAAAACTGACTATAAAAACAGAAGCCATTCCTAAGAAAAAACCTATTATTTGCATAACTACTAAGATTATAAGTGGTAAGATAAGTAATTTTTTCTTATCACTTTCTTGAATATTATCTACATAACTTTGAAATTTGTTTGTCATTTTATTCCTCCATATTAAAAACTTTATTTTTCAAAAGTTATTTTATTCTTTTCTTTTTTTATTAAATAAATTACAAATAGACTTATGGTTAATTCAACTATTGTTGTAACTATACTAGCTTCAAATCCAAATACTCCTCCACTTATTAAATCCTTATTCTCAACTGGTATTGAGAAA
NZ_CP084144.1_gap21	751922	756375	4453	ATAAAACCAATATTAGAAAGAAATGATTATATACATTTAAGTATTTGCACAGATGTATTCCATATAACTTGTGCACCAGGAGTAAGTGCTCCACAAACATTTGGTATTTGGCCTAACCAAGCAATAAGACTTTTAAATATTATTGCTAAAACTAAAAAGAATTTAACATTAGAAGTTGCTGAAATTAGCCCAAGATATGACTATGATGATAGAACTTCAAGACTTATTGCAAATTTAATTTATCAAGTTATATTAAAACATTTTGATTGTGAAATAAATTAAAAGTATTTTTAAAAGAATATAATAAGAAGCTATTGTAAAAGATAAATTTGCAATAGTTTTTTTATTTAAAAATATTTCTTGCAAATTTTCAATATGCTGCTATAATATAATGTAACATATGTTATTTTATAAAAAGGAGGATTTGTATGATTTCAAGAATTAAAAATAATTTTACTGAATTAATGGAAAGTCTAGTTAATAAAAAAGATGAAATTTTAAAGCAAAATAAAATTATAAATCTTGATAATCTACTTTCCTTTTATGAAGAAAATAAAAAAATATTTTTAGAAAAAAAAGAAGTTTTATTAAATGCTATAAATGAGTATATTTCTAATGTTGATTTAAAAATCAATTTAGATTTGTCATTTATTGAAAAATTGGATATAACTTGTATTAATGAATTAATAGAAAAAGTTGAAATGTTTTATACAAATAATTGTATAGAGCCAATAGAAAATGATATTAGAGAAAAGGTTGTTGAAAAGTTAAAAAAAATAGTAAAATTTTTAAAAATTTTATATATTAATTTTATAGATACAATCTCAAATTATAAATTAAATTATTTTAGTAAAAAAGCAGAAAGAGCCCCTCCTGTTAAATTTCTTTATATTTAGAAATTTAATATATTCAAGGAGGAAAAATGAAAGAATTAAAAGGAATAAAAATAGGAAAATATTATATAGAAAAACCAATAGTACAAGGTGGAATGGGTGTAGGTGTCAGTTGGGACCAACTAGCTGGAACTGTTTCAAAAAATGGTGGACTAGGAACAATAAGTGGAATTTGTACAGCATACTATGATAATTTAAAATATTGTAAAAAGGTTATAAATGGTAGACCCATAGGTGTAGATGCTTTGAACTCAAAAGAAGCTATGATAGAAATTTTTAAAAATGCAAGAAAAATTTGTGGTGATAAACCTTTAGCTTGTAATATTTTACATGCTATAAATGACTATTCAAAGGTTGTTGAGTATGCAATAGAAGCAGGAGCAAATATAATAGTTACAGGTGCTGGACTTCCATTAGAATTGCCTAAACTTGTAGAAAATCATTCAGATGTAGCAATAGTACCAATAGTTTCATCTGGAAGAGCCTTAAAGATAATTTGTAAAAAATGGAAAGCTGCTGGAAGATTACCAGATGCAGTTATAGTTGAAGGACCAAAAAGTGGAGGACATCAAGGAGTAAAGGCTGAAGATTTATTCTTACCTGAACATCAATTAGAAAATATAGTTCCAGAAGTAAAAGAAGAAAGAGATAAATGGGGAGATTTTCCAATAATTGCAGCAGGTGGAATTTGGGATAATGATGATATCCAAAAAATAATGGAACTTGGGGCAGATGCAGTACAGTTAGGAACAAGATTTATAGGAACTTATGAATGTGACGCAAGTGAAGAATTTAAAAATATTTTAATCAATGCTAAAAAAGAAGATATTGTTATAGTAAAATCTCCTGTTGGTTATCCAGGGCGTGCTATAAAAACTAATTTAATTAAAAATTTAAAGGCTGATAATCAAACAATAAAATGTTATAGTAATTGTATAGCTCCTTGTAATCTTGGGGAAGGAGCAAGAAAAGTAGGTTTCTGTATAGCAAATTGTTTAGGTGATTCTTATAATGGAAAAGTTAATACAGGATTGTTCTTTTCAGGCGAAAATGGTTATAAAGTAAATAAGTTAGTTAGTGTTGAAGATTTAATTAATGAACTTATAACACCTTGTAGAAAAGATGTGATAGTAAATATTAATACAGAAAACATTAGAGAAAATACTGTAAATTTTTAAAATTGACTGTCAATAAATATCCATATATTAAAAGATAAGATAAATATAAATTAAATATTCGTCTTATCTTTTTTTATTATAAAAATTAATTAGGATTTTTAATTTTTTTACCTATAATTTTTAGGAAAGCAATTATAAATATACTTGCTGTAAAAAACCAAGTCATAGGATAAACATAAGCAATAGATTTAAAATCAAGATTAAATTTTGAGATTAAATAAAGTAATGATATTCTAACTCCACAAAGACAAATAATAGTAATATACATTGATACTATTGAATACCCCATTCCTCTTAAAGAACTACCTAAAACTTCTAATATAGAATACAACCAATAGAAAGGAAAAGTTGTTAAAGCTATTTGACTTCCTAAATAAATAATTTCTTTATTTTTTATAAATATTCTCATAAAAGTATGTGAGAAAGTTAATATTATTGTTGCAATGACTATACTTAAACCTCCTGATAAAAGTATAGCAACAAAAGCTCCTTTTTTAACCCTTTTATAATTATTAGCCCCTACATTTTGCCCAGAGAAAGTCATACTTGCTTGTCCTATTGCAACTATTGGCATCCAAATAAAATTTTCTAATTTAAAATATGTTGCATAGGCAGCAACAGCATCTCCACCATAACCATTTATATAATATTGAACTATTATATTTGAAAATGTTATAAGCATTGACTGTATTCCAGCAGGTAAACCAAAGTATAAAATTTGTTTTAATAAAGAAAAATCTATTTTTAACTCAGAAGTTTTAAATTTTATTACTGTTTTGTTTTTAAATAGATATGTTAAAACAATGGCAGCTGTTAATGTTTGAGATAAAGCAGTGGCAATAGCAACACCTGAAACTCCCATTTTAAAAACTACTATAAAAATATAGTTAGCAAGCACATTTGTAAGTCCACCTATTATAAGTATATAGAATGGAGTCTTTGAATTTCCAGTTGAACGAATAATTCCAGCACCAATATTATATAAAATCATTGGTAACATACTTAAAAAATAAATTTTTAAATATAGGACAGAATCATACATTATTTCTTTTGGAGTGTTCATTAAAGTTAATAAAAACTCAGCAGAAAAGAAACCTATAAGAGTTAAAATAATTCCTCCAATGATACCAAATGTTATAGCAGTATGAGAAACTTTTGAAGCCATTTCTAAATCCTTAGAACCAATTTTTTGAGAAACAGCGACTCCAACTCCTATTGAAACTCCTGTAAATAGTCCAATAATACAAGTAAATAATAAACTACTTGCACCAACAGCTCCTGTTGCTTCTTTACCTACAAAATTTCCTACAAATATCATATCAGCAGTATTGTATAATTGTTGAATTAAACTTGCTCCAAGAAGTGGCAGAGAAAAAGATAGGATTATAGTCCAAATTTTTCCTTTTGTCATATCATAAACTTTTTTCATATTTTAATTATCACCTTTATTATATTATTTTAGTAAACATTGTTATCATTCTATCATATTACATTTACAAATACAATAAACTTTATTTTGCTAACCTTTATATTATAATACAATTATAGATGACTTTTTTCTTTAAATTTGTTAAAATAAGAAAAAATTTGGAGGAAATTATTATGGATAATAAGTTAGATATTGTTGAAAAACAAAAATTAACACAGTCTTTAAAATTATCACAAATGATGAAACTATCAATAAATATACTTAAAATGTCTGTAATGGATTTAAATAATTTTATTGAAAAAGAATTTTCAAAAGATTTAGGGATTTCAGTTGAATTAAATTATTCTAATCAAGAAAATTATGATAATGAAAAAGAAGTAGAAATTAATTATCTAACAGATGAAAAAAATTTTTTTCAAATTTTAGAGGAACAATTATCTTATTTTAAAATAGAAACAAAGATAAAGGAAATTTGTATATTTATAATCAATAATTTGAATAAAAAAGGTTATTTAGAATTATCAAAAATTGAAATAAAAGATACTTTAGAAGTAAGTGATAAAGAATTGGAAGAAGCATTTGATATAATTCATAATTTAGAGCCTTATGGTGTTGGAGCTTATTCATTAGAAGAATGTCTAAAAATTCAGTTAAAGGCTAAGATGATTATAGATAAAAAATTATTTTTATTTATAGATAACTATCTTTATTTTCTAGCTGATAAAAAATATAATTTGATAAAAGAAAAATTAAATATTAACGATGAGATATTATTTTCTTATATAGATATAATTAAATCTTTAAATCCTATTCCTAGTCGTGGTTATAGTGTTGGAAAAGTAAAAAAAATTATTCCAGATATTTTAGTAGAAATAAAAGAAGATGAGGTATTTTATGAAATAAATAGAGCTTCAATACCTCAAATAAATATAAAAGATAAAGTAAATGTTAAG
NZ_CP084144.1_gap22	761840	762872	1032	AATCCACCTAAAAGGTATGGATGATAATGATAGTATAATATATCAACATATATCAGAAGTGAAAAAGGATGGACTTATTATTAAATCGTATGAAGAAATTTGTCAAGAATTGACTCCAAAGTTAAAGACACATTTGGATAATCCAGATGGAATTATATTTCATGCAGATATAGGAAGGTCTTTTATTTTAGGAAGTGATACTTTTGAAGATTGCTTATATAAATCTCTTGTTTTAGAAAATGGTACAGTTGATGAAGTAAAAAAAATTATCTTACAACCTGGTGAATTAAGTGAATTCTATACTTTCAAAAGTGAAAATCAATATAAATTTACAGAGATAAATTTACAAGCTAAAAACTTATCAGATTTGCCCTGTTCTTTATTTGATGCAACAATTATCAAAGCAGTTATAGATGGTTCAGAAGACATATATATTGATCCAGTATGGATTGAGCTTGTTTTTGATAAACGCAGAGAATGGAAAGATCCATATGAAATGCTAGGTGTTTCTCCACCAAAAACAGAAAAAGAAAATATAGAAGGTGTACAGTATAAAAATATTAAAGTTTTATTTGAAATGAATAAATACTACAAAGGAGTAAAAAAGGTTACATTGACTTTTTGATAAGTAAGCTACTTTTTTTTACATTAATATTAAAAATTTCAAAAAAAAATATTTTTTTAGTATCAATACTAAAAACTTTTAAAAAATAAAATTTTGTGTTATACTTTGTGTAGAGGTGATAACATTGTTAAAAAAAGAAACTGAGCTAAAAAATCGTAATAGTTATTTAGAAAAACTTATAAAATTTAAAGATACAAATTTTATTAAAATTATCACTGGTATTCGCCGTTGTGGAAAATCAAGTTTAATGAAATTAATGATAAAACACCTTTTAGAAAATGGAGTTGAAAAAGAACAGATTATACAAATAAATTTTGAGTCAATAGAATTTAAAAAAATGACAGTTGAAATTTTATATAATTATGTAAAAAATAATTTGCCAAAAGATAAAAAAGCTTATTTATTTT
NZ_CP084144.1_gap23	765389	769152	3763	TTTACATCATTCCTGGCATCATTCCACCAGCTCCCATTGGAGCTTTTTCTTCTTCCTTCTTATTTGCAATGACAACTTCTGTTGTTAGAAGTAAAGATGCAACAGAAGTAGAATTTTGTATAGCAGCCCTTGTAACTTTTGCTGGATCAATAATTCCAGATTCTATCATATTGACAAATTTTTCATTTCTAGCATCAAAGCCAAAACCTTTTGGAGACATTCTTACTTTTTCTAAAACTACTCCACCATTCAATCCACAGTTTTCAGCTATTTGTTTTATAGGTGCTTCCAAAGCTCTTTTAACAATTTCAATACCCATAGCTATTTCACCAGTTTCATTGAAATCTTTCATTGATTCAATGATATCAAGTAAAATAGTTCCTCCACCTGCAACTATTCCTTCTTCAACAGCTGCTCTTGTAGCATTTAAAGCATCTTCTATTCTTAATTTTTTATCTTTCATTTCAACTTCTGTGGCAGCTCCAACTTTTATTACAGCAACTCCACCAGATAATTTTGCAAGTCTTTCTTGTAATTTTTCTTTATCGTAATCAGAAGTTGTTTCTTCTATTTGGGCTTTTATTAAATTAACTCTTGCAGATATATCTTTTTGTTGTCCTCCACCATCAACAATTACAGTTAAGTCTTTTGTAACTTTAACAGTTTTAGCTTTTCCTAATTGTTCAATAGTAGCTTCTTCTAATTTCATTCCCTTTTCTTCTGATATAACTTCTCCACCAGTTAGAATAGCAATATCTTCAAGTATAGCTTTTCTTCTATCTCCAAAAGCAGGAGCTTTAACAGCAACAACATTTAAAGTTCCTCTTAATTTATTTATAACAAGAGTTGTTAGAGCTTCTCCTTCAATATCATCAGCTACAATTAAAACTGGCTTAGACATTTGTACAGTTTTTTCAAGCAAAGGTAATAATTCTTTCATTGAAGAAATCTTTTTATCTGTTAATAAGATTAAAGGATTATCAAGTTCTGCAGTCATTCTTTCAGAATCTGTAACCATATATGGAGAAACATATCCCTTATCAAATTGCATTCCTTCAACAGTTTCTAAAGTTGTTTCCAAAGACTTAGCTTCTTCAACAGTTATCACACCTGTTTCACCAACTTTTGCCATAGCTTGAGCAATTAATTTACCTATTTCTTCATCACCAGCTGAAATTGATGCAACTTGTGAAATTTCTTCATTAGATTCAATTTTTTTAGCTTTATCTTTTAAAACTTCAATAGCTTCTTTTGCAGCAAGTTCAATTCCTTTCTTTAAGAAAACTGGATTTGCACCAGCACTTAACATTTTTAATCCTTCTTTAACAATGGCTTGTGCTAAGATTGTAGCTGTTGTTGTTCCATCTCCTGCAACATCATTTGATTTAATAGCAACTTCTTTAACTAATGCTGCACCCATATTCTCAAATGGATCTTCTAATTCAATTTCTTTTGCTATTGTAACTCCATCATTAGTAATTAAAGGTGCTCCATAAGACTTTTCAAGAACTACATTTCTACCTCTTGGTCCTAATGTAATTTTTACTGCATCTGCAAGTGTATTAACCCCAATTTCTAATTTTTTTCTAGCTTCATCATTAAAATTTATAATTTTTGCCATTTATTTTACCTCCTGAATTATCCAATAATAGCCAAAACATCTTCTGCATTAACTATTAAATATTTTACATCTTCATCTTCTATTTCATTTCCAGAGAATTTATTGAAAATAACCTTATCTCCAACTTTAATTCCTTCTAGCTTTTCACCTTTCCCCAAAGCAATAACTTCTGCTTGATTTTGTGTATCTGTATTAGATGATTTTGAACTAAGTAATATACCACTCTTAGTTTTTTCTTCTTTTTTAATTGGTTTTAATAAAACTCTTTCTCCAATAGGTTTGATATTCATAAAAATTTACCTCCTGATTTTTGTTAGCACTTAATTAAGTAGAGTGCTAATTTTTTTATAAGACAATAATAATATATTATTTTTCATTTGTCAATAGCAAAATTAAACTTTATAAAAATAAATAAAAATGTTAAAATAAAATAGAAATATTTTTAAGTAAGAAGGTGAGTTTATGAAAAAATTAGCCATAGGTGTTGATGATTTTAAAGAAATAATAAAAGAAGATTGTTACTATATAGATAAAACAAAATTTATAGAAGATATTTTAGAAGATGGTTCAAAAGTTAAATTATTAAATCGTCCTAGAAGATTTGGAAAAACCATTAATATGACAACTTTAAAATATTTTTTTGATATTAAAAATGCAGAAGAAAACAGAAAATTATTTAATAATTTATATATAGAAAAATCTAAGTATATAGAAGAACAAGGAAAATATCCTGTTATTTTTCTTTCATTAAAAGAAATCAAAGGTAAAACTTGGGAAGAAATGTTAGAACAGATTAAAAATTATATAAGTAGTATGTATAATAATTTTGAGTATATTAGAGAAATTCTAAATCAAAAAGAATTGAAATCTTTTGATAAAATTTGGCTTGAAGAAAAAGGAAACTATGAGACTGCTATTAAGGATCTGACTTTTTATTTATACAAATATTATAAACAAGAAATTATTTTACTTATTGATGAATATGATGTACCTCTAATAGAAGCCTATTTAAATAACTACTATTCTGATGCTATAGTATTTTTTAAAATTTTTTTAGGAGGAGCATTAAAAACTAATCAATATTTAAAAATGGGAATAATGACTGAAATAATCAGAGTTATTAAAGCAGGAATATTCTCCGACTGGAATAATTTATCTGTATACACAATTTTAGATAATGATTATAATGAAGATTTTGGATTGACAGAAAAAGAAGTTGAACAAGCATTAAAAGATTATAATATTTTTGAAGAATTAAATGATGTTAAATTCTGGTATGATGGATATAAAATAGGAAATAAAGAAGTATATAATCCTTGGAGTATAATAAATTTTTTAAAAAACAAAGAATTAAAAGGCTTTTGGATAAAAACTTCTGGAAATCAACTTATTAAAAAAGTTTTAGAGGATGCTACACCTGATGTTAATTAAGGTTTACTAAAATTATTCAATGGAGAAGATGTAGAAGAAGTTGTAACAGGAACTTCGGATTTATCAAATTTACTAAATTATAGAGACGTGTGGGAATTACTTGTATTTAGTGGATATCTAACTATAAAAGAAAAAATAGATAGAAGAAACTATATATTAAAAATACCTAACCAAGAAATAAGAGAGTTTTTTAAGGATGAATTTATTGATTTGTATTTTGGAGAAAGTAAATTAAAAAAAATTTTAAATGCTTTAAAAGAAAATAATATAGAAGACTTTGAAAGAATTTTTCAAAATATACTTTTAAACTCAGTTAGCACTTGGGATACAAGTAAAGAAGCCTTTTATCATGGACTGTCTTTTGGAATGTTAAGTTATTTAGATGGAGAATATTATGTAACATCTAATTTTGAAAGTGGTTATGGAAGATATGATATCATAGCAGAACCAAGAAATAAAAATAAAAGAGGTTTTGTTATTGAATGTAAAATAGTGAAAGACGAAAAAGATTTAGAAAAGATGTCTAAGGAAGCTATTGAACAGATAAAAAATAAAAAGTACGATACTCAATTAAAAAAAAGAGGAATTAAAGATATAACTTTATTAGGTTTAGCTTTTTGTGGAAAAAGAATGAAAGTTAGTTATGAATAATAGAATAGAAATTGCTATATTTAAAATTTTTATAGCAATTTTTTATATTTCAAAATAAAT
NZ_CP084144.1_gap24	775184	777072	1888	CCTGAAATTACAAAAGTAAAAATTGGAGCTGGAAAAAGACCTGGAATCTTAATAAGTGGACATGACTTATGGGATTTAAAACAATTATTAGAACAAAGTAAAGATTCAGGAGTAGATATCTATACTCATTCAGAAATGTTGCCAGGACATGGATATCCTGAATTAAAAAAATACTCTCATTTCTATGGAAACTATGGAAATGCTTGGTGGGATCAAAGAAAAGATTTTACAAACTTTAATGGACCTATCGTTTTTACAACTAACTGTATAGTTCCACCATTAAAGAATGCTTCATATAAAGATAGAGTATTTACAACAAATGCTGCTGGATTCCCAGGATGGAAAAGAATAAAAGTTAATGCAGATGGAACAAAAGATTTCTCAGAAGTTATTGAACTTGCAAAAACTTGTCAACCGCCAGTAGAAGTTGAAAGTGGAGAAATAATTGTTGGTTTTGCACATAATCAAGTTTTAAGTTTAGCTGATAAAATAGTAGAAAATATAAAATCAGGAGCAATTAAAAGATTTATTGTAATGAGTGGTTGTGATGGAAGAATGAAACAAAGACATTACTATACTGAGTTTGCAGAAAATTTACCAAAAGATACAATAATTTTGACTTCTGGTTGTGCTAAATATAAGTATAATAAATTAAATTTAGGAGATATTAATGGTATTCCAAGAGTTTTAGATGCTGGACAATGTAATGACTCTTATTCTTGGGCAGTGGTAGCACTTAAATTAAAAGAAGTATTTGGCTTAAATGATATAAATGAATTACCAATAGTATTTAATATAGCTTGGTATGAACAAAAAGCAGTAATAGTTTTACTTGCATTATTATACTTAGGAGTTAAAAATATTCATCTTGGACCAACATTACCAGGTTTCTTATCTCCAAATGTTGCAAAAGTATTGGTAGAAAAATTTGGTATAGCTGGAATTACAACTGTTGAAGAAGATTTAAAAAAATTTGGGTTATATGAAGGTTCTGCATTAGCCAATAATGCAAGAGCATAGTTAAACTTTAAAAATTAATTAAGTTTAAAAAAGAAAAGACACTAAAAGTTGTATTGCACCCAAAATCTTGGGCACAAGATTGGAGGTACAGTTCAATTAGTGTCTTTTTTTTAATATATTGTAAAATGATTATTTCTTTTTTTGGCTTGCTACAAAATTATCATAGTGTTCAGGAAAATATTTTTTAACAAGTTTAGCATATTCTGGTGAAGATTTTAATTCTAAAATAGCATTTGAAAATTCTTTTGCAAGTTTAGAATCAGCTTTTCTAAAAGCAATAGAAGCATTAGGTAATTTATCTTTTATTGTATCAATCTTTTTAATTCCTTTCATAGTTTTTAAATATTCCTTACCAGAGACTTCTGCAATTATAACAGCATCAATTTTTTGATTTTGTAAATCTAATAAGGCTTCTGTAAAATTATTGTATAATTTTGGGATAGAACCATTATCTTTTGCAAATTGTTCTTGTATGCTTCCAAGTTGTACACCAACAGTTTTTCCTTTTAAATCTTCTTTTTTCTTAAATGAACTTTTATTATTAACTATGACATCGTGTCCTCCTTCAAAGAACACATAAGGTATAGAAAAAGATACGGCTTTTTCTCTTTCAGGAGTTGCTGACATTCCTGCTATAACAGCATCAATTTTTTTCATTTGAAGGGCAGGTAGTAAACCATCAAAACTCATATCTTGCCATTTAATTTCATAGCCTAATTTTTTACCTAATAATTCCATTAACTCAATATCAAAGCCTACCATTTTATTGTTTTCAAGATATTCATAAGGTTTAAATTCAGCATTAGTTCCAACATATAATTTTTTAGCAGCAAAAGATAAAGCAGATAAGATTAACATTAATATAGCG
NZ_CP084144.1_gap25	786738	788195	1457	AATGTATAAATCTAAAAGAAGAAAGTGAACCTGAAATTTATCATGCTATTAAATTCGGAAGTGTAGTAGAAAATGTTGTTGTAGATCCTAAAACAAGAAAAATTAATTATGAAGATGCAAGTATAACTCCAAATACAAGAGTAGGATATCCTATACATTATATCCCTAATGCAGAATTAGCAGGAGTTGGTGGAATACCAAAAGTAGTTATATTTTTAACAGCAGATTCTTTTGGAGTATTACCTCCAATTTCAAGATTGAGTCAAGAAGCTGCAATGTACCATTTTGTAACTGGATTTACTGCAAAATTAGCAGGTACAGAATTAGGAGTAAAAGAACCAGTACCAACATTTTCAACTTGTTTTGGAGAACCATTTATGCCTATGGACCCAAGTGTGTATGCTAAAATGCTTGGAGAAAGATTAGAAAAACATAATACAAAAGTATATTTAATTAATACAGGTTGGTCTGGAGGAGCTTATGGAACAGGTAAAAGAATAAATTTAAAATATACTCGTGCTATGGTAACAGCAGTATTAGGTGGATATTTTGATAATGCTGAATATAAACATGATGAAATATTTAATTTAGATATTCCTCAATCTTGTCCAGGTGTTCCTAGTGAAATTATGAATCCAATAGATACTTGGGCAGATAGAGACAAATATATTGTAGCTGCTAAAAAATTAGCTAACTTATTCTATAATAACTTTAAAGAAAAATATCCAAATATGCCTAAAAATATTACTAATGCTGGTCCTAAATACAATGATTAATTAAAAGGGGACTGTTGCAAACTTATGAATGTATAAAAAATAGTTCATTACTAGCTAAATTTCTTAACATTTAAAATGTAATTTCACCTATTTTTTACTTACATTCCAATAGATTAATTTGCAACAGCCCCTTCTTTTTATTGATTATAGTATAAGTTTTCAGTTGGAAAAACTTGATCTGATGTAACATCTATTCCTAATTTTCTTAAAGATTGCTCATCATTTCTACCTAAAATATGTGTTGAATGAGCTTGTACCCCTTCTAATTGTGAAAGTTTAGATAGTGCAACTTCTGCCATAGAATTAGTTGCTGCTGTGATACTTAAAGCTATCAATATTTCTTCACAATCAAGTGGAATATGTTTATTTTTTAAAGTTTTTTCTTTTAGTTTAATAATAGGTTCTAAAATTGTTGGTGAAATTAGAAGTAACTCATCATCAAAATTAGATAAATACTTTAAAGAATTTAATATAGCTGCTGAGGGAGCATCCATTAAAGAAGATTTTTTACCTGTAATTATTTTCCCATCAGGCATTTCAAAAGCAATAGCAGAAAGAGTTTTTTGCTTATCATTTTTATCATTTTTTTCTTCATTTAAAAGTTCTAATCTTTTTCTAGCAAAAGTTACAACTTTTCTATCTTCTTCTTTTAATCCTAGACTATGCATTATAAATTCTGCT
NZ_CP084144.1_gap26	792299	796263	3964	TTTCCTAGTTTATTTGATGAAACAGGTAAAACTTATACTGAATATGAAATAGAAGAATATCCTTCAACTTTTATTATAGATAGAAATGGATATTTAAAAGTTTATGTAAAAGGTGCTGTTTCAAAAGAAGAGTTGAAACAACATATTGAAAGTGTTTTAAATCCAAAGAAATAATTATAGAAAAAATAACCTTTAACTAAAAATTTAGTTAAAGATTATTTTTGGTTATTAAATTGTAGGAATAACTATTTCAACACGACGATTTTTTTGTTTACCTTCTGGTGTATCATTTGAAGCTATTGGTCTAGTTTTTCCATAACCTTTTATTGTAATTTCAGCTGTTATACCTTGTGAAGTTAAAAAATTCTTAACAGCATTAGCACGATTTTCTGATAAAATTTGATTATGTTTATCACCTGCATCAGAATCTGTATGACCATCTATTTCAAATGCCTTTATATCTGCTTCTTTTAATACAATAGCAAGATTCTTAAGAACTTCTTCTGCTTCTGGACGAACATCATATTTATCAACATCAAAAAGTATACCTGAGTCCAAAGTTATTAAAAGACTATTTGCTTCTATACTAGGAACAGGAGGTACCATTTTTAACTTAGGAAATTTTTCTGGTTTTTCAAGAGGTTTTGCATCCACCTCAGTAGTTTTTCCATTAAATGTTATTTTAGCTTTTCCTTTTCCATCATTTTCTATTAAAAGATTTTTAGCTTTATCATTATAAGTTCCACTACCATCACCATTATTTTCCATTGTGATGTCACCACTTGTATAAGTAGCATTTTTTTCATTTATAGTAACTGTTACATTATTCTTTTCATCTTTGTATACACCTGTTCCATCAGCACCTATTTGGAATGAAACTTTATTTTTTTCATCAAGATATTTTCCTTCTCCTTGTGCATCAACTTGGAGTGTAACACCAGTCACTTTATTAATATATTGTCCTGAACCATCTTCATTTCTTTGTATAGTTACATTTTCATCTGTATATTGTCCTGAACCTTTTCCATCAGTTTGAACAGATTTATTTTTATCAGTAAATTTTCCATCTCCATTTTGTCCAATTTGCATAGAATAATCTCCACCAACTATATTACTATTTTCAACCTTTACAGGTGTAACATTGATGCCAGGAACAGATGATATCTTTTTAGTCATATCCAAAGTAATTTTTGCATCTGGATTTTCTGTTACAGAAAGATCAGGCATTTCAGGTGCTGTGATAGGTGGTATTTCCCCTAAGGCATAACCTGGCACTAACATTTCATTTTCGTTTCCATTTGAAACTTCCTTTTCTGCTGTAATTTGAGTGTTATTATCAGCTTTTTTTTCATAATAAGTTTTAACACCAAAAACTAAAATAATAGCAACTATTACTGACATTAAAAAATCTTTTTTCATAAAAACCTCCATTATAGTTTAAAATTTAACTTGTACTTCTTCTCTTGCCATATCATTTGCTTTAAATAATTCTGCATTATGATAGTTAAAAAATCCTGCAAATAAGCTGCCAGGGAACATTTGAATAGTTTGATTATATTCTGTTACTGTATCATTATAGAATTGTCTAGCAAATCTTATTTTATTTTCAACTTCTACAAGTTGAGCTTGTAAATTTTCAAAACTTGTATTTGCTTTTAATTCTGGATATGCTTCTGATATTGCAAAAAGTCTGCCTAAGAAACCACTTAGTTGATTATTAGCTTCCATTTTTTCTTCTGGTGTAGTTGCTGACATATACCTTGTTTTTGCATTTGCAATACCTTCAAAAGTTTCTTTTTCATGCTTTGCATAACCTTTTACTGTTTCAACTAAATTTGGTACAAGGCTAAATCTATTTTGCATTTGTACATCAATCTGACTCCAAGAATTTTTAACTCTGTTATCTAAAACTACAAACTTATTTTTATAGCCAATAGCTACCACAACTAAAATTATAATTATTCCTATTATTACTCCTAATGCTATCATTTTTTTCCTCCTAAATCTTTTTTAATGGGATTTCCATATTTATTATATTTTGTTTAAAACCTAATGATTCATAGAACTTTATTGTATCTTTATTTTCTATAAGAACATTTACAGATACACTATTGCATTTATTATTTTTAAACCATTCTAAATGCTTTTCTATTAATATATGTCCCAAACCATTATTTCTATGTTGTTCATCAATAAATAATGTACATAATTCTCCTGAACTTCCTTGAATTATAGATAAACAATAACCTACAATATTACTTTTATTTATTATAGCACTAATTTTATAATATTTTATATTTTTTGAATTAAATATATTATTCATCCTTTCATCAAAGTTTAAATTTGAATATTGATAAGAAAAATTATTTGTTTTATTTTGATGAAATATTCTATTTTTTTCCCATAAATCTTTTATTAAATTTATATTTTCTTTTTTTATCTCAATAAAATTATATTCTATTTTCATAATTACTCCTATAAAATTTTAGAAGCCTCCGCCTCCACCATGAGAGCCTCCACCTCCTGATGAGCCAGAACTAAATCCTCCACCTTCACCAGATGAACTAGAACTCCTACTTGAAGCAATGGTTGAACTTGCTCTTGAATTAGTTTTACTAACCACACTATTTAAGTTATTAAATGAACGACTAAATCCACTATTAAATATAGGTGAATAAGCAAGATTAGTCATTCCATCAACATCTTTTATAATACCCATATCCAATGCTTTTCTATATGCTTTTACTACTTTATCAGATACCCCCAATGCTATTGCATAAACAAAATATTGTTCCCAAAGATGTATTGAAGTAATTTTTGCTTCTTCTAATTGAGAATAATCTGATAAAAAATTCTTAAATGCTTGCCATTTATTAATTGTTTCAGCTAATTTTTTACTTGGACATTTAGCTGAAGTTTTTGAAAAAGAAAGTGTAATTCCTAATGGGAAGGAAAGCATAAAAATTGGATTCCCTGTAAGACCAGTAATTACAAATCCACCAAAAGTAAAAAGTGTTGAAAATAAAGAAAGAAGTCCCGTAGCTCCATAACCTATATGTTCATAGACTAAACCTTTTCTATTTATTTCATTGGTAATGTAACTACTCCATTTTTCAAATTTTCTAGCAGTACTCATTGGAACTTTATGGAAAAATCCAAAACTTTTCAAATCTAAAGATTTTCCATCTCCAAAATCATTTATATAGATATCTATTAGAGCTTTTTCTTGATCAGATAATGTTTCTGTACTTCCTGTTAAAGTTATTATAGTTTTTTTTATCAGAAGTTTCAAGTGTTAAAACTTTTTTTCTGATTAAATCAACAATGGTTGCAAGTATCTCATTATCATTTACATTTTTTGTCATAATTCCACCAACAAGTGCAGGAGAAGAATCATCTGGTAAATCTCTTAAATATTTTACTTCATCATTTTTAAATTTATTTTTTCTTTTAAATACTATATGTATATAGTACATTAAAACTGCCCATATTGAAGCTTCTGCACCCAAAATTGTCTTTGGATTATTAGAAAGTATTTGGATACCTTTTTTTATTTTTATTGCATTATCTCTTTCTGTATTAGCTTCATTAGCTAATCTTGCCTCCATATCTAAAAGTTCTTGTTTCATGTCCTTATGAATTATTTTTGATTTATCAAATTCTGAAAATATTTCAGGTTCCATTAAAATATGTGCTTCTAAAAAATCTCCTGGATAGTAATCCTCTAATTTATATACAACAGTGTTATCTATTTTATCAACTTCACCTGTAAGAGGACCATGACCAAAGACTAAAATTTTTGAGTTATCATAATTTTTTGATACAGGAATTTCAATAGTTACTTTAATAGTAAAAATTCCTTTTTGCCAATCTTGACCTACCATTTTTCTATTTAATTGAGCAACATCATCATAAACTTTTATGGCATCTGGCAGTGTATAAACAAATTTAAAAGTCCTTATAT
NZ_CP084144.1_gap27	797715	800904	3189	ATTATCATTGACACTTTTTGTCATAACTCCACCTACAAGAGCAGGAGAGGAATCATCAGGTAATTCTCTTAAATATTTTATATCATTATTTTTAGATTTATTTTTTCTTTTAAATATTCCATGAATGTAGTACATTAAAATTACCCATACAGATGCTTCTGCACCAAAAATTGTTTTTGCATTTTTAGAAAGTTTTTGTATACTTTCTTCTCTTTTTAAAGCATTTTCTCTTTCTTCATTAGCCTCATCAGCAAGTCTTGCTTCCATATCTAAAAGTTCTTGTTTCATATTCTTATGTATTACTTTTGATTTATCAAATTCTGAAAATATTTCTGGTTCCATTAAGATATGTGCTTCTAAGAAATCTCCTGGATAATAATCATCTAATTTATACACAACAGTATTTTCTACTTTATCAACTTCCCCTGTCAAAGGTCCATGCCCAAAAACTAAAATATTTGAGTTATCATAATCCTTTGATACTGGAATTTCAATAGTTACTTTAACAGTAGATATCCCCTGTTGCCAATCTTGCCCTACCATTTTTCTGTTTAATTGAGCTACATCATCATAGACTTTTATAGCCTCTGGCAATGTATAGACAAACTTAAATGTTCTTGTATTATTATTATTTCTTGAATAAAGTTTTATCCTATACACTCCATCATTTTCTGTAACTTCATAATTTACAGGGTCAACTTCTCTATAAGAAATTACATTATCTTCATAATGTCCTTCATCTTCAAAAACTTGTAAAGAAGTTATTCCTCCATATCCTTTTGCATCAATATCAAAATATATCCCATTTATCTCATCTATATCATAAGTTACAGCTTCACTGACAAGCATTGAACCATCTTTTTGAAGCTTAGCTTCTACATCTAAGTCAGAAATGCTAAAACTTGCTGAAAAACTTATAATAGAAATGATTAAAAAGAGAAAAACTCTTAAAATATTTTTTTTCATAAACCACCTTCCATATCATTCTATAATCATTAAAAGTGAATAAAAATAAACAAGTTATATTTAATAATGTAAGTAAAAAATAAGTGAACTTGCATTCTAAATTTTAGATAAAAAATTGAAGGAAATGAGCCGAGCAAATCTCGCTGTGTTTGAGCAAAGCGAGTTTAGCGAATTTGCAGCGAATGTCAATTTTTTATCGTTAAGAAATTTAGCTAGCAATGAACTATTTTTTACTATATTATTTAATCTAAACAATGATAAATTATTTTTATTACTTTAAATATTTCTCAAACCAATTTGTAATTTCTGTTAATCTTCTAATTCTATGTTTAGGTTTTCCACTTCTTGATAGTTCATGATTTTCTCCTCTAAACATACAAAGTCTAGCTTCTACTCCATGATATTTTAAAGCAGTAAACATTTGTAATCCTTCGGCTAACCAACATCTGTAATCTTCTTCTGAATGAATAAATAAAGTTGGAGTTTTAGCTTTATCTGCATATTTAAGTGGAGAATGCCACCATAATTTATCATGATTTATCCAAGGAGTAGCTTGATTTTGGTCAGCATTAAAATAATAACCTATATCTGTTGTACCAAATTTTGAAATCCAGTTAGATATACTTCTTTGAGAGGCAGCACACTTAAATTTATCTGTATGCCCTATTATCCAGTTAGTCATATACCCACCATAAGAACCGCCTGTTACTCCAACTCTTGTCTTATCAATAGGATATTTTTCTAAAACATAATCAGTAAAGTTCATTAAATCTTCATAGTCAATAGTTCCATATTTTCCTCTAATATCTGCAAATTTATTTCCATATCCATCACTACCATGTGGATTAGTAAATATCACAAAGTAACCCATATTAGCCCAGACTTGCATTTCATGGTAATAAACGTCTCCATAAACTGTTTTAGGTCCACCATGTATATCAAGTATTGCAGGATAAGTTTTATTTTTATCATAGTCAACAGGATAAATTACAAAACCTCTTGTTGTATCTCCATTTGTAGTAAAATCAAAAACTTCTGGTTTAGATATCTTATATTTTTTATTTATTTCATCATTAAAAGAACTTAATTTAATAGAAGAATTATTTTCTAATTTATAAATTTCTTGCAAAGTATAATCTCTCATTCCAACATAATATATTTCATTATTTGCTATATCAAAAAAATCTATGCTACCATTTTCAGAACATAAAATCTCAATCTTTCCATTTGTATCAAGTGAACTTAGATGAACACTATCTGCTATTGTAGATAGAAAATATAGTTTATTTTCTATTACTTTAAATGATTTTCCTCCACCTAATCTACAATCACTTCCAACTGTGCAAGCAAGCCAAGTGTCATTATCATATAAAAGACTTATATTTTTATTACTGTCTACTAAATAGATTTTATGATTTTCATTTATTCCATATTCCTTCATATCATTTAGAGCACAGATTATTTTATCTTCAATAAAATTTGCATAACTGATATCATAAATATTATTAGGAATAATTGTTTCTAGTTTGTTATTTTTGACATCATAAGTCCAAAGTCCAGCAGTTAAATCTTGTTTATCCTTATAAGTTCTGCCTATAAAAATAACTTTATTTTCTTTTATATTAAAAGATTCAACATTTGTATATTCATCAGAAATAGGAGTTAGTTTATTATTTAATTTATCAAAATAATAAAGTCTATTTCTCTTTTTATTTCTAAAACCATTTCCATTACTCCAAAATGGAATTTCATCTAAAACTTCATAATCTTTATTTTCTTCAATTTGTTTAATTGCTTTTTCTCTTTCTTCACCTTTTAAATCATTCAAATTAAGTGAATTATTATCAAAATCAGCTGTAAGTATAAAATTATTTTCATCAATTATTTTAATTTCTGTTACATCAATAGGTAGCCTCATATATTCATAGGCTTCTCCACCATTTTTTATATCAAGTGCATAAAATAGAGTCCAAGTTTCCCCAATTTTTTTCTTTTCTTTTATATCTTCATCTCTATCAGCTGTAAATAAAATGGTATTATTATTTAACCAAAGAGAGTTTTTTTCCTTTCCAGAATGAGTTAATTTTCTAATTTCTTTATTTTTTGTATCTAAATTGTAAATAAAATGTTTGTAAGTATTGTTTTCTAAATCTGCTTCACTAAGGCTAAAAGCTAAATTACTACCATCAGGATTGAAATCTAAATTTGATAAAAATTTATATT
NZ_CP084144.1_gap28	805202	807703	2501	ATTTTAAAAGAGCTGTTAAAAGAGCTTCTGAATTTATTATAACTAAATCAGATTTAGTAAATGAAAGGGAACTTAAAAGAATAAAAAATTATTTTAAAAAGAAATATCATAAAGAGGTGTCTGTTGCAAAACACGGAATCAGTAAATTATGTGATTTAAAGGGAAATATGAAACCATTGTTTTGGGTAAAGGGTAAAAGACTTTTAATATTTTCAGGACTTGCTAATCCATTAAATTTTGAAAAAACTGTAATTTCATTAGCACCAGCTTATATAGAAAGATTAGATTTTAAAGATCACCATAATTTTAAACCTAAGGATATAGCATTAATTAGAAAAAAAGCTGAAAAAATGGATGCTGATTATATACTTACAACGGAAAAAGATTTAGTTAAATTGCCAGATAATTTGAATATTAGTAATTTATATGTATTGAAGATTGAATTTACAATGTTAGAAGATAACACATTAAAAGATATGAAAGGGTAATCTATGAAAAAAGATAGTAAAGTTGAGTTTTTAAGAGAAAAAAATTTAGAAAAAACTATTAAACTTATAAAGGAAAAAGGAAAATTTACAATTCTTTCTGAATATTCTTCTTTTTTTGATATGAGAACATATTTTAAAGTGAATGAAGATGGAGATATAAGTCAAAAATCATATAATCCTATAACTTTACTTTATTTATTTTGTGATGATGAAGAAAACTTAGCTGGATATTTTTTTAAATATTCATACCCAGAAGAAAAACAAAATATCAAAAAAATTGATAGAGCAAGTAACTTAGATATAGAAACTTTAAAGAAAAACTTAATGAAAACCTTAGTTAATTCTCATTTAGATTTTTCTAAGACCTTTGCAAAAGAATTATTTTTAAGGGATAAGAAAGCTTTTTTTGAAACTGCATATAACTTTTCTTTAATGGGAAATCCAAAAGATTTAAAATTATTTTTTGTTTATGCTTTGGAAGAAATTTTTTCTAAAATTAACTATGATGAAAATATCTTTTATATCATAATTGCATATTTGACTAAATTTAGAGATGATTATTCCATTTATATGGAAGTTGATGAAAATAATTTAAACTTTGATATGAAAAATTATTCTGATGATAAAAAAATTTATTTGAACATATTTGAAAAAGTTTTAAATAAATATAAATTAAAGAATGTAAATAAATTTAGAGCAAGTTTATATAAATATTTTGAAAAAGACTTTATTTTAAATCAACATTTAAAAAACATTCTAATGGAGAAAATGATATGAAAATAGCTATCTACGGTGGAAGTTTTAACCCAATGCATATAGGACATGAAAAGATAGTTGACTATGTTTTAAAAAATTTAGATATGGATAAAATAATAATAATTCCTGTTGGTATTCCCTCACATAGAGAAAATAATTTAGAGCAGTCTAACACAAGATTAAAAATTTGTAGAAAAATTTTAAAAAATAATAAAAAAGTTGAAGTTTCAGATATTGAAATAAAAAGTGAAGGAAAATCTTATACTTATGATACTCTTTTAAAATTAATTAAAATCTATGGTAAAGATAATAAATTTTTTGAAATTATAGGAGAGGATTCATTAAAAAATTTAAAAACTTGGAAAAATTACAAGGAATTATTAAATTTATGTAAGTTTATTGTTTTTAGAAGAAAAGATGATAAAAATACTGAAATTGATAGTGAATTTTTAAATAATAAAAATATTATTATTTTAGAAAATGAATACTATAATATATCTTCAACTGAAATTAGAAATAAAGTTAAAAATGGAGAGGATATTACAGGACTTGTAAATGAAAAAGTTAAAAAAATAATTGAAAAAGAATATATTGATTAAAAAGTTTAGAGAATTTTTTTGAGAATAAAAATCTTAAAAAAATTCTTTTTTTATAAAAAAATATAATTCACAAAGGTAGACTATTTTAGTTCAATTTGTTATAATATATTAGAATTAATTTGATTATTTGAAAGGAGAAAAAACAGTGAGAGTAAAATGCTTTCATTTAGGAGCTTATGGAACAAATTGTTTCTTAGCTTATGATGAAAATAATATAGCTTATTTTTTTGATTGTGGAGGTAAAAATTTAAAACAAGTTTATGAATATATAGAAGAACATAAATTAAATTTAAAATATATAATATTAACTCATGGTCATGGGGATCATATAGAAGGATTGAATGATTTAGCTTCACATTATCCAGAAGCAAAAGTGTATATAGGAGAAGAAGATAAAGATTTTTTATATAATTCAGAACTTAGTTTATCAGCTGCAATTTTTGGAGAAATTTTTAAATTTAAAGGTGAACTTATTACAGTAAAAGAAGGAGATACAATAGGAGATTTTAAAGTTATAGATACTCCGGGGCATACTATTGGTTCAAAAAGTTTCTATGATGAAAAGGATAAAATTTTAATGTCAGGGGATACATTATTTAGAAGAAGTTATGGTAGATATGATTTACCTACTGGTGATTTAAATATGTTATGTAGCAGT
NZ_CP084144.1_gap29	811733	814059	2326	CAACTGAGCAAATTATAAGTATGATGGTAGGTAGAGATTTAACAGAGCGTTTCCCTAAAAAAGATAATAAAGCTAAGGAAATGATATTACAAGTTAAAAATTTAACTGCTTTAAATCAGCCTTCAATACAAGATGTAAGTTTTGAACTTTATAAAGGAGAGATTTTAGGAATAGCTGGGCTTGTTGGTTCTAAAAGAACAGAAATAGTTGAAACTATTTTTGGAATGAGACCAAAAGAACATGGTGAAATTATTTTAAAAGGTAAAACTGTAAAAAATAAAAGTCCAGAAGATGCTATAAAAAATGGTTTTGCCTTAGTAACAGAAGAACGTAGAAGTACAGGAATATTTTCAATGTTAGATGTAGCATTTAACTCTGTTATCTCTAACTTAGATAGATATAAAAATAAATTTAGACTTCTTAAAAATAAAGATATAGAAAGAGATACTAAATGGATAGTAGATAGTATGAGAGTAAAAACCCCTTCATACTCTACGAAAATTGGAAGCCTTTCTGGTGGAAATCAACAAAAAGTAATTATTGGAAGATGGCTACTAACTGAACCAGAAGTTCTTATGCTTGATGAACCTACTAGAGGTATTGATGTTTTAGCAAAATATGAAATTTATCAATTAATGATAGACCTTGCTAAAAAAGACAAGGGAATTATAATGATTTCCTCTGAAATGCCTGAACTTTTAGGAGTAACAGATAGAATACTTGTTATGAGTAATGGTAGAGTTGCAGGAATTGTTAAAACTTCTGAAACTAATCAAGAAGAAATAATGGAATTATCAGCTAAATATCTATAAAAATTAAGAAGGAGAATAAGAAATGATTGCAAGAACTAATGAAGGAAAAATAGATTTTAAAAAAATTATTATAGAAAGTGGACTATATCTTGTATTGTTTTGTATGCTTGTTGCAATAATAATAAAAGAACCTACTTTTTTAAGTATAAGAAACTTTAAAAATATTCTTACACAATCTTCTGTAAGAACAATTATTGCTCTTGGAGTTGCTGGGCTTATAGTAACACAAGGTACTGACTTATCAGCAGGTAGACAAGTTGGACTTTCTGCTGTTATATCTGGAACACTTTTACAATCTGCAACAAATGTAAATAAAGCATTTCCAACACTGGGAGAATTTTCAATATTTACAACTATATTGATTGTAGTAGTAGTTGGTGTAGTTATAGCAAGTATAAATGGTATAGTTGTGGCAACTTTAAATGTTCACCCATTTATAGCTACTATGGGAACAATGACTATTGTATATGGAATAAACTCTCTTTACTATGATAAAGCAGGAGCTGCTCCAATTTCTGGATTTGTAGAAAGATATAGTAAATTTGCACAAGGTTATATACAAATAGGCTCATATACAATACCATATTTAATTATCTATGCTGCTATTGCAACATTGATTATGTGGACTTTATGGAATAAAACAAAATTTGGTAAGAATGTATTTGCTGTTGGAGGAAATCCAGAAGCTGCGAAAGTATCAGGAGTAAATGTTGTTCTAACTCTTATGGGAATATATGCACTATCTGGAGCATATTATGCTTTTGGTGGTTTCTTAGAAGCAGGACGTATAGGTTCTGCAACTAACAACTTAGGATTTATGTATGAAATGGATGCCATTGCTGCCTGCGTAATTGGAGGAGTTTCATTCTATGGTGGTGTTGGTAGAATTTCAGGAGTTATTACAGGAGTTATAATTTTAACAATTATAAACTATGGACTTACTTATACAGGTGTTAGCCCATACTGGCAATATATTATAAAAGGTATAATAATCGTTGTAGCTGTTGCATTTGACTCTATTAAATATGCTAAGAAAAAATAAAATTTAATAATAATATAAAGATTACTTGACAGCCTATAATGTTTTCAGAGCTCTTAAATGCTCTTTCAACATTATAGGATGTCGCAGTAATCTTATTTAAAAGTTATAAAGATTTTTATTTCAATTTACAACAGCTTCTCTTATATTATTGAAAACTAAACATACTATAATTATAATAGCTATATTATCAATTATATATGTAACATCAGCACCAATATATGATGATAGATAACCTGCATATAAAATCCCTAAGGGAATTAATCCTCCTGAAAAGAATGATAAAATTGAGAAAAAACGACTTTGATATTCAATCTCAACATTCCTTTGAAATGAGGATATTAATGGAACATTTACAAAAGTAGTTATCATTCCAATTAGAAATTGAAAAAATATAAATACTACAAAATATATATAGTGGTTATATTTAAATAATATTATAGATAATAAACCTAACAAGCACATCAAAAAACTA
NZ_CP084144.1_gap30	892281	893933	1652	GAGAAATATTTAGCATCTATTGGCATGCCATTATAAGTCATAATTTCACCAGCAGTTTCCTCTATTGCACGAGTAGCTTCTTCATTTTCAACTTGGTTATTATACACTTGGCTTTCAACAGTATCTTTTATGTGGAAACCATCATTTGCATATTTTCCTTTTAAAATATCACTCACTGCATAAGTTCTGGCTGCAACAGCTTGTACTTTTAATGCTTCAACACCAAAACTTTTTGGCATTTCACTTGGAACAACTTGTAATAAATATTTTTCAATATCCAATGTATTAATCACTCTTAAACTTGAACCTCTTGGTATAACAGTAATAATTCCTCTATATTTTGGAGAAGATGTATGTCCTTTTCTTACAGGACTTAATGTTATATATTCTCCTTTTGCGTAGAAATTAAGAGGATTTTTAGTTTTATATGTTTTTCCATTTTCAAGAGTTATAGTAACTGCACCAGAAGTATTTCTTACATCAACTCTTTCGTTTTCTCCAACAGTTATATCAAAATCATCATTGTATATTTGAACCTTATTTTCTGATGAAAAAATAGAAAGTCTACCATGTTCTAAACTTCCATTAGTTGTAATTCCAACTTTAATTTCCTTGTCTTTTCCTAAAACAGATTCAACAGTTGAAAGTTTTATATCTGTATAGTATCTTTTTAAAATATTTTTATAGCTTTCTCCATTTTTAGCAAGAGCTCCTGCTGCAAATTGAGACATACCAACTCCATGTCCAAATCCACCACCATAGATATTAATATATCCTCCTTCTTCTTCAAGAGCTAAGTATGCAGAAGGTAAAGATGTAACATTTGGTATAACAGGTTTACTATTATATATTCCCTCTTCCCCCTTTGAACCATAAAGAGCATTATTAGTTGCTAAAAGTTTTCTTACATTAAATTCTTTTGCAACTAAGTACTTTCCATTACTTGTTATTACAAGCATATGAGTTATTATTCCAGATTCTCCTCTTGCAGCAACAATAATATCTTGAACTGTTCCAACATTTTTTATAGGAACTTGTTGCCATTCACCATTTACAAGTGTTAAAACATTTCTAGGGTTATTTCTATAAATGGCTATTAACCTATTTGCAGCTTTGCTATATAAATCAGATTTTTTAATGCTTGTTTTCCATCTCCAATAAGGTGAATTATCTCCATGTCCTCTTACACTTAAATCTTTAAAATATTTTAGTGCTCTATTTTCATTATATTCTTCAAATACAGAAAAACTTTCTTTGTGGTTGTCATTTACAGGTACTAAATATGGGATAGGTTCACCAAAAGTATTATAAGGTAAAGGTAGTCCCATTTTTTTAAATACAGTATTTTCCAATTTTATTTTTTCCCTAGTTCCTCTTTGAATATTAGGTGGTAAACTATGTCCATAATCTCCATTAGGTTTGACAGGTTTAACCCTATTTACTGTTTTGTTACTTGAACATGAAATAAGTACAAGTGCTGATAAAAAAATTAAAGATATTTTCTTTTTCATTATATTTGTGAGGTTATTACCTCAACTCCTCCTTTATATATGATAATTAAAATGCATTATATTTTAATATTATTTTTTCTAATAAATGTAATTACTTGTTCTAAATTTTCTTGTGTATCAACTCCAATTAGGCTATGAGTT
NZ_CP084144.1_gap31	1062590	1063244	654	ATTTCTTTAACATTTGCTCTCCCTTCCTTTTTAAAGTTGTTCTACTATTATTATTATTTTATTTATTTCATTATGATTTTCATCCAATAACAAATATGAAAATTCAAAACTTTTATTCTTTATATTATAAGAGTATTTTTCTCCTAATACAAGAAAATTTTGTTTAAAATTTTCTATTTCATAAAAAAAATTATTTTTTTCACCATTAAACTTTAAATTTATATTTAATTTATTTTCAGAATTTCTAATTAAAGATAACTCTTTATTTTCTAATTTTATAGAATATTCATTTTGAGAATTTTTTAAAAAGAAATTAATATTTTCAATATCTTCTTTTAATTCTCCTTCCATCTCTCCAACTAATTTCTCAAAACTTTCTTCATTATAGCTATCTTTTATTTTTAAAATAAAGTTCCCTTTTATAGCTGTACCTCCCACTAAAATTACTTATGATATTTAATATTATTAGATATTGCAAACCATCTATATATTTGTTCTAAAAGAATTAGTCTCATAAGTTGATGCGGAAAGGTAAAATATGAAAATTTTAATTTCATATCAACTGAATTTTTTACTTCTTTATTAACTCCATTAGAACCACCTATGATGAAATTTATACTACTTACTCCCTTATTTTTTAAATCATCAATATAC
NZ_CP084144.1_gap32	1081267	1083138	1871	GTTGTATCTGGCTCAATTGTTACAGCATAATTAGCTTTACCACTTACTATAAAATTTGTATGTTCAGCTTTATTAGAATAAATCACATTATAATCTTCTTTTTCTTTCAAACCAGCTTTACTTAAAAAATAATGTGTAAATACATCAGGTGGAGAAGATTTTATTCCCATATAAATAGTTTTTCCTTTTAAATCTTTCCAATCTTTAATTGAATTATCGGTACTTATAAGTGAAGCAACTCCCCAAGTATTTACATTCATTAATTTTACATCTAAACCCTTATTGTATAATTTTGAAACTACAGTTAAAGGAAAAGCAAAAAACTGTGCTTCTTTACCTTGTACCATAGCTATCAAAATTTCAGGACTATTCCATACCTTAACATCAATTTTATACTCTTTTCCTAAAGCATTCGTTTCCATCATTCTAAGAACTGGTAAAACAGGTGGTGCTTTTGGTGCTCCTACATATATTTGTTCTACTGCAAATATATTTAATGTTAAAAATAAACTTAAAAATAACATACTTAATTTTTTCATATAGACCTCCTTATAAAATTTTTTAAATAATCTTCCATATATATAATAATATGTTAGAAAAAATTAATAAATTTATAATTGAAATAGTTATACATATTCCTGTTGTTTTTGCCTTAGAAACTCCTGTTTCTTGTAGTGCAACTACTAATGGTGGAGCTTGATATGGAAAAAATATATTAGAAAAACTTAAAACTTGTAATTTACATAAAGTTTCTATTGATAATGATGTCATTTCAGAAAAATTTATAGCTAAGGGGGTTAATATTGCTGGAATTCCTGGAACAGTAACAATTAAGCCTATAATTATTCCTAGAATAATCCATAAAATTGAAATCCTATATTGCCCCATTGAAGCAATTGAGAATTGTTCTATAAAGTAATTAGAAACTTTTGTAGCTATTTCAGTATGTCTAGCAATATTTCCTAAACTTACAATTCCTGCTATATAAAAGAATGATTCAAATCCAATTGACCTAAGAGGTTTTTTCATTAATAATCCACTACCTGGTAAAGCACATATAATAGAGGCTATCATTCCAACCCAACCAACTGAAATTCCATGCCATTTTTCTGTTATCCATAGAATCATTGTTATAAGTAATAAAAAAGAAGCCTTTTTTTGTTGATTGTTCATTTTTAAATTTTTTCTTTCTACAATGTTTAATGGTGGTTTACAATTTCTATATAATATTAAAAATAGAATATAAATTATAATTAACTTTCCTAAGCCTAGTATTATAAAAAAATCAAGAAAATATGAAATATAAGTAAAATGTATATTATATAAACTTTGCATTGAACCTAGTAAGACATTATTTGGAACATTTGCAGGTAATATAGCAAATGCTGGAAGATATGTTGATAGTATTCCTATTAATATAATTCCTTCTTCTTCTCTACTTCCTTTTTCATAACCTATTTTTTTTGTAAATGCTGATAAAATAGGAAGTATTATTAATACTCTTCCCATAGCAGAAGGCATTAAAAAAATAAAGATAGTTCCTATTAGTAGTGTTCCAAGTAAAATATTACTATAAGATTTATTAAAAATATGCTGTATTCTTTCAGCAATATATTCATCTAATCCTACAAAAGTTATCATAGCTCCAAGTATTAAACCTGCTAAAATTAACCATGTCGCTGATGAAAAAAAACCAGACATATAAACATTAGCTGGAACTAATTTTCCTATACTACATCCTGCAAAAAGTATAAATACTGATAGCCATTCAGGCATTATACTGGTTATCCAGCATAAAATTGTAAAACCTAATAAAAAAGCCACTCTCAATATAGGACTAATTCCTGGATAAAAAGATACTAAAAATATAA
NZ_CP084144.1_gap33	1117491	1118386	895	CTGTTTCTATAATACTTAAAGCATCTATTTCACCCTCAACAATATAGAAATCTTTATTAATATTTTCTTTTTCTCTTAATTCCCATAGGTTAAATATTTGAGTGTCCCCTACTTTTCTTATTTTATCTTTTGCATTTTTATCTATGTTTCTAGCTGTAAAACAACATAGAAAAGTTGGTATAATTATAGCTTTCCATTCTCCTTTTTTAAAATTAGGGTCATAGCCAATATGATATTTTTCCTGTACTTTCTTTGAAATCCCTCTTTTAGTTAGATAATCACAATCTTTTAAATTATCAATACATTTTTTTATATATGCTTCATATCTAGGAATTAAATATATAAGGTTTTTTCTTTCTTTATTATTTTCAACATACCCTTCATTTTTACTTAATTCTATAAAAGTATTCTTTTTAGAGTATATAGCCTTGTTTGCATCCTCTATAAGTTCTCTATGGTTATATAGTTCATCGACTTTTTTAGCTCTTTCTTTAAAATCTTCTATTCCATACTCTTCTCCAACAAGTTTGAAAATATCATATTTTTCTCCACAAGCAAAGCATTTACAAATCTTACCTGGTGCAAAGTAGCTCATACTTGGATTTCTATCTTCGTGTTCCTTAGAAAAACATCTCATTAACTTACTTGTATCTATCCCTTTTAACTCTAAATATTCCCCTAAAAAGTTCTTTAATTTTTTTAAATCATATACTTTCGCCATAAGACAACCACTCTCTTGTAAAGTCATTAGCATCCCTGTAAATTTCTTTTAACTCCTTTGCCTTGTTCTGTTTAGCTAAATCAGAACTAGCAATTAAACTTAAAGTTTTTTCCTTTAAATCAAGTTCAAATAGTCTACTACCTTTTGTTGATTTATAGTAATACTCTTTCTTTT
NZ_CP084144.1_gap34	1165944	1167707	1763	ACCACTATTCTTACCTTTTCCTTTACCATTATTTTTAGCAGCTTCTCTTGCTGCCTTTTCTCTTGCAGCTTTTTCAGCAGCTCTTCTAGCATTTTCTCTTATAATTCTTTCAATCTCTTTTGAAATTCTTTGTTTTTCTTTCTTTAATTTTTCAATAGATGATTGATGTCCCTTTTTTTCAACCTGTAATTGTTCTTTTAATTTTTTTTGTTCTTCTTTTTTAGCATCACTTTTTCTTAAATTTTCTTTAAGGTCTGCTTCAAGTCTATCTAATTTTTTCTTTTCTGCTTCTACCTTTTCTTTTGCTTCTTTAATGCTACCTGTAACCTTTTCTATATGTCCCATTCTTTGTAAATCCCCATGTAGCATTTCCCTATAATTTTTAGTGAGCAAAACTTTCTCATCTATTTCTTTTCTGTGAACTTTACTGTATTTATCCCAAGCAATTATCTTAGCAACAAATTCAGACTCTTTTCTATCATGTTCAACCTCAGAAATTTCAAGATTTTTCCTACTATAATCTATATTTTTCTTAACTACTGTAATCTCATCCTCTATCTCTTCTCTTTCATGTTCCAATTTTTTAATTTCATCTTCTAAGTCTTTTATCATCTTTTCTAATTTAGAAGTTTCTGTATCTATTGCTTTTATCCGAGTATTTTTCTTTTCTATCTCTTTATCTATATTTTTCAACCTTTTATTCATATCTTTTACAGAAGCTGGATAAATACTTGCTGATAAAAGAAAGAATGTTAAAAATATCTTAGTCTTCATCATCTTCAAGCTCATCATAATCTCCATCATCATTTTCATTATCTTCATCATCTTCATAAAATTCATCTTCAAGCTCATCATCTTCGTCTTCATCTTCAGAATATTCTATTCTTCCAACATTTGCAGGAATTAACCAAACTAAAAGATTTAAAATTACTATTGCTCCAAGATGCCATAAAATAATTTCCTTCAAGGATAACATTGATGAATTAAAATTTGCATGTGATACATATTTTCTAAAAAGTACATATATATTAAAAAATACCAATGTTCCTATCACAGTTGACATAGTAAAAGATAATAGATTTCTAATTTTTGACTTTCTAATATTTTCAGCATAATCAAGCCCTGTATTAGCATTATTTAAAAATTCTATTGCAACTCCAAAGTTAAAGATAATTATTGTGATAAGTGCTAAGAAAAATGAAAATACTCCACTTCCTATTTGGGCTATTGAAGTAATATAACTTTGTTCCTTAGATTGCTTTAAATATGATTCATCTTTATACACTTCTTTCACTTCTTCTCTTGCCTCTACAACTTCTTGTATATGCCCTAAAAGAGTAGGATCTTTTACAGAAATTACTAATGAATCTGTAAGAGGATTACTCGATTCAGGAATTGAAATATTAAGTTCATTCTGTAAATTTTTAAAACTTTCAGATTTATCCATAAATCTAACTGAACGAACTCCATCTACTCCTAATATATATTTTTCTATTTCATTCTTTTTATCTTTATCAAGATTGTTTTGTAAATCTGCAACTATAAAAGAATTAAATATTTTCTCATTTGTTAGATTTCTTAAATTCAATGAAAAACTTATAAAAATATTTAATGCAACAACTGTAATTACAACAGCATAAAATACTCTTCTTTTTAATCTATTTATATAAGGAATACCTTTCAATCCATAACCAAATAACTTATACATAATACTAACTCCTTCTGACAACTTATAAAATTTAATCTATTTTATATTTTAACAT
NZ_CP084144.1_gap35	1173951	1175969	2018	GCAGAAGTTGAAGTTTTAATAACATTTTCTCCATCCAGTGTATATTCTCCTGAACTTGCATTATACACACCTGTCAAAATATTAAATACTGTTGTTTTTCCTGCACCATTAGGTCCTATTAAGCCTATTAATTCTCCTGAATTTATTTCTAAATTAAAATTATCTACTGCTTTTAAAGCATCAAAACTAATTGATATATCTTTTGCAACTAAAAGAGGTTTTTTATTTTCCATTTTCTTCACCTCTTTTTTTAGTGAAATATGAAATCACTTTACTTATTTGAAATTCTTTTCTACCAAGTAATCCTTGTGGTCTAAATAACATCATAATTATTAAAATCAAAGGATAGACTATCATTCTATATTCTGCAAAACTTCTTAAAACTTCTGGCAAAATAGTAAGAACTATTGCTGATAATATTGAACCTGTGAAACTTCCCATTCCTCCAAGTACAACCATAACAAGTATATTTATTGAATAGTTATAGTCAAATTGTTTTGCTCCTAAAATTCCTAAATTATGTGCATAAATTCCACCTGCTATACCTGCAAATATTGCTGATAATACAAAGGCAAAAGTTTTATAATAAGTTGTATTTATTCCAGAAGCTCCACTTGCTATTTCATCTTCACGTATAGCCAAGACTGCTCTACCATGTCTGCTTGTCATAATTGAATACATAAATATAACTGAAAATATTGTTATAACATATATTAATGTAAAATTATTTACTCTTGGTATACCAGTTAATCCTTGTGCTCCACCAGTAAATTTAAAATATTCTATCAACACTCTTATAATTTCTCCAAAAGCCAAAGTTATAATTGCAAGATAATCTCCTGTAAGTCTTAAAGCAGGTATACCTATTATAAACCCAATTACTCCTGCTACAAGTCCTCCTATTATTAAAGCCACAATATAACCTGGATAACCTGAAAGAAAACCAGATTTTGTTAAAAGTGCTGCTGTATATGCTCCTATTGACATAAAACCTGCATGTCCCAAAGTTATTTGTCCCAAACAACCAACTGTTATATTTAAACTAGCTGCTAAAATTATATTTATTAAAATCAAAATTAAAATTCCAACTTGATATCTACTTATGAAACCTGAACTTATCAAAGAGAATAATATAAAATATAGGACTATTAAAAGTACATAAGTAATTATATAACTTAATTTTTTATTTTTATCCATTTTATACTTTCTCCTTTACATTTTTTCCAAGTATTCCAGTAGGTTTAAATAATAAAACTATAATTAATATTGAAAATACAAAAGCATCTGCTAGTTGTGATGATAAATATGCTCTTGTTAGACTTTCAACAATTCCTAATATGAAACCTCCTATTACAGCTCCTGGTAGTATTCCAATTCCTCCTAAAACTGCTGCAACAAAGGCTTTTATTCCAAGCATTGAACCCATTAAAGGTTGTATTTGTGGATAAGCTGAAACATATAACACAGAACCAACTGCTGCAAGTCCACTACCTATTGCAAATGTTAATTGTATTGTTCTATCTACATTTATTCCAACCAATTCAGAAGCTGCATAATCTTGACTTGTTGCTATCATAGCTTTTCCATATTTTGTCTTTTTCATAAATAATTGTAAGCCTATTGATAATATTAAAGTTACAACTATTGTTACGACAGCTCCAAAGTTAATATGAATATTAGCTCCAAAAGATATTGGAGCTTGATTAAAAATCTTAGGAAATGACCTTGTATTTGGAGTAAATATTTTCATAAATAAATTTTCTAAAAATAAACTAACTCCAATAGCAGTTATCAAATTTGAAATCCTTGGTGAATTTCTAAGTGGTCTATATGCAATTCTTTCAGTTAAGCAACCTACAATAGCACAAATAATTATTGCTGGGATAACTGTTACCCAAACTGGCAATCCCAATGATGTAAATAAAGGAATAGAGAAAAGTGATGTATAAGCCCCTATCATTATAATATCACCATGTGCAAAATTTATAAGTTGTGCTATACCATATACCATTGTATAT
NZ_CP084144.1_gap36	1177009	1177556	547	TTTCATCAATAGCTAATTTTAATCCATTAGTTGCTGATATTCCATAGATAGCAACTGGTCCAGTTAATGGTCCCATAGCTCCAATTTTTATTGTTTCAGTCTCTGCTGGTTTTTCTTCTGTCTTTTCTCCTCCACAAGCTACTAATAAAAGTGAAGCTCCTAATAATGCAGTTAAAAATTTCTTTTTCATATTTTTTTCCTCCCAAAAAATTGTTTTTTAATATTTAAGGCATACTATACCAAAAAAAAAGAAAAAAGTAAAGTACTTTTTTAATATTTTTGTATTAATAAAAAAGACAGTTTATTTAAACTGCCTTTTTATTATTTATTTACTTAATTTTTCAACTATTTTTATTTCACTGAAAAATATGGTACATTGTAACCTTATTTTTCACTAAAACTATTTTTCTTTATAAATATGTATAGCATTAGCCTGATGTAATGGTGTTATAGATAAATCTGTAATTTGTATTTTTTCAGGTAAATTAACAATATAGGCTACTGTATCTGCTATATCTTCTGCATATAAAGGATCTATTCCTTTATA
NZ_CP084144.1_gap37	1187616	1191435	3819	CACTCTCCATGAGATAAAAGATTTCTTATCTTTCTTATAAGATTAATATCTTTTTCAAATTTCTTATATTCTTTTTGCATTGATAATTTATTAAATGCTCCTTCATCATCTTTTACTTTATATTTAATTCTTACCAAATCCTCAAATTTATTACATAAATCTCTGAATATTAAAATTGAACCTTTCATTTTTCTCCTCTCCTTGATATATTTCTATATTTCGCACGATTCTTCGCACGAAAAAATTTTAAACATTATTCTTTAAAAAATTATATTTATAAAACTTTTTCTATTGTAACATAGTTTTATTTTCTATTAAATTTTAAATCATAATTTATTAAAAGTTTTCTAAAATTTGTGGAGATCTCTACATTATTAACTTTTTTCATTTTTTGCACTCTATCTAATATATAATCTCTTAAATCTGATTTTTCAAAATTATCAATATTATAATTAATAAGTGCTTCTTCAATTTCCTCCAAAGTAGTCTTCATTTTCTTTTCATTTTTTTTACTCTTTGCATATTTTTTTACATCACTAATTGTATTGCAAGACAGTTCTTTTTTATAGAATGTACTTTCTATATTATAATCTTCTAACTTTTTTATTCTTTTTTTTAATTTAAATTTCTCATTATCTAGTAAATTGGAATTATCAATATTATTCTCAGTTAAATATCTCAAAGCAGGAAATGCTATTGAATTACTTTGTTGTGCTAAAAATCTTAATTGAATCTCTATTTCACCATTATTCTCCTCTTTAAAATATTCTTCTAAATAATCTAAAACTGAAGGGCTTTTTACTAAAATAGCACTTTTCCCTATTGCTACAGCTAGATTTGAATTTCCTATATTTTTTATATTTTTTAAATCTTCATTTGAAATTAAATTAACAATTGTTTTATCCAACTCACCTTTTTTACCTTTTTGTATAATTAATTCTTTAATTATATGTTCAAACTTTGATATTTCAGCTGGGGTAGCCCCTTGATTAATTTCTCCTATTTTCTTAAAAACTTCTAAATAATTATCAGTTTTTATTACAGTATATGTGCAATTTAATGAACTATCTGTTATAATCTCTTCAATAATATCTTCTTCATCTTTTTTCCAATTTATTATTATTATTCTTTTACTTAATAGGCTTTTTTCTTTTTCATCCAGTGAATTTGAAAAATTTTTAATTATATTTTTTATATTTAAATCTGTTAATGAATATCCTATAAATATTATTGGTGAATTTAACAATGAAGAAACTATTTTAGAAGTTATCAATATTGAATTTTTATCATACTCTTTATAATCTTCTTCTGTTATGACTATAGAATTTGGTTCTTCTATACTTCCATGGATTTTATATAGTTCACAATATCCACTTCCCCCTTGAAATAGCCCTTTTTGTCCTATATATTTTTTTAAAGGATTTATTTCATTATTATCAAAATTATCTTCTATAAAAGTATCATAGTTAGTAGTTAAAATTACTCTAGTCTTTTTTAACATATTTTTAAATTCTTTTAGTTCTTCAGACTTTGGATTAATTAATTTACTATCTGAGAAAATATTAGCTAAATATTTTTTAAAAGGGTTTATTTTATTTTTAAATACTTTCTCTTGATTTAAATCATCTATTTTTAACTTTTCTTCGATAAATAAATCTTTTACTCTTTTTTCTATAAAAGAGGCAACCTTAATATTTACATAAAAATCTTTATTATCTTCATTTTCTAATTTTAATCCTTCAGAAATAGAGTTTAATTCAGAATAAAAATCTTTTGATTCTACCCCTTCACATTTTTCAGTTTCTTTCCAAATTTTCTCTAATAATTCTAACCAGCTAGGATAATTTTTTAAATATCTTTTTGATATTCCTGAACCAATAAATATTATTGGAAATTCATTTTTTTTAACTAATTCATCTAAAATTCCCATTAACTTACCTCTTTCAATATTTTTTATAAATATATTTTATTTAAAATTTCTAACCAATTCTTTTTCGTCTTCTGTCAATCCATACAAATTATATACCATCTCATCAATTTGATTTTCTAAGTCTTGAGTATCTTTATTTAATTTTTTTAGTTCTATAATTTCTTCAACTAATTCAATTATTTTATTTTCTAAATTTTTATCTGCTATTTTTATTGGAATATTCATTAAAGGTTCTTTATCAATTTGATAATTACTTCCTTGCATTTTCCCCATGTATCTTAACCAAAAAGCAATTAATTTAGAATTAAAAAGCCCTGTTAAATACTTTATATTTATTCTATCTGTTTTTATTGAGAAAAATGTTTGTGAAACATAACATTCTCCTTCATTATAAATAAATACTGGCTCTCCTACTGATTTTCTTAAAGAAATAATTTTAATACCTTTAAAAAATTTTTCATCTCTTGCTCTATGTAATCCATAAGGTTTATTATCAGAAGTAATTATACTTGAATAAATATCTAAATGTTCTTTAATTAATGGGTAATTTTTTATATTTTCTTTTATTGATGATTTTGTATATATTATCCAATATCTATTTTTATTAATAGCAGTATATTTTTTTAATTCTTCTGTTGTATAATATGGTTTTATTATTTTTTTCTCATTTAATGAGAATTTTTTTGAAGATAATTCTTCTTCCGTAAGAACAAAAATTCCTTCTCCTACCTTTCTATTTATCTTTATAGCATTTTCTTTGTTTAAAAAATCTTGTGGTGCTACTATTCCTTGTGCAACTTCATCTTTTTTTAAAAAAGTGGTTTGACTTTTTATTTTGTCAAATACTTTTTTTAATGTAAAATCTAAAAATACAATATTTTCACCTTCTAAATAGTCTGTATAACTAATTTCAGACAAATAATATAGATATGACTTATTTTTTATTTTATTAAAAAATTCCTCATATTTAAGATAATTTTTATCTAAAATTTTTGAAATTTTTACAAAATTTTTTGATATTTTAGATTTTTTTTCTAACAAAAATACCATTGTTTGTTGAGAGGCATTTTCAAAAACCATATAATCTCCAAAATCAATAAACTCTTTTATTATAGTTTCTTTCATTATATGATTTCTCATTTTCTTTCCACCAGCAGTAGTTAACCAGTTATTAGGTGCTATGTAGCTTAAAGTTCCATTTTCTTTTAATAGCTCTATTCCTAATGAAGTAAAGAAATACCAAAAATCCATTTTACCCATATAATATTTTTCTCCAAATGAAGTATTTTGAACAGGTAAAAAAACCTCCTTGTTTTTGCCCTCTCCTATATATGGTGGATTCCCAATAATGATATCAAAACCTCCATTTTCTTTAAAAACTTTTGCAAATTCAAGTTTCCATAAAAAATAAGGTTTTCTCCTTTCTTTTCTCCCTTTTTCTATTTCTTCTAATTTCTTATGATTTCCACTTTCATTTAAAGTCAATTCTATTAAATTATTTTCAAGACTTTCTATATCATTCTTTAATTCTTTCTTTTTATGAGAATTGTTTTCATTAAAAAATAAACTTTGTTTGGTAAAAATTTCTTTTAGAATATTTTGTTGCTTATCTTCAAAACCTTGAAATAGTTTATTATATTTAACTTTCTCAGTTTCTTTTACCTTTTTTTCTAAAACTTTATCATCTAATAGGCTTTCATCAAATAATTTCATTCCTTCAAACTCATCAATCAATGAATTTCCTATCATAAAGTTAAAATCTAAGTTTGGTAGAGGTCTTACATCATTATTCGTACTATCAACTAAAATTGAAAGCCAAAGTCTTAATTTTGTAATATCTATTGCACTTGGCTCTATATCTACTCCATACAATGAATTTTGAATAGCGT
NZ_CP084144.1_gap38	1352587	1354582	1995	TTTTCCAACTTTAATAGTTCCATCATTTTTACCTCTTGCAGAATTTATAAACATTGCTGTTGACTTCTCAGCAGCTGAAAAATCAATAGTTCCATGATTTACTGCTTCAAAATTCCCTTCTTGCCAAATAGTCATACCATGATTTTTAATTCCTTCTGCCATAAGTCCAATATTTTCCTTAGCTGTAATAGTTCCATCATTTACAGAAGTAACTGTTTTTCCAGTAACAATAGAAGTTTCTCCATTGATAACATGAGTTAAAACCATCCTAGGTTTTAAATTTTTGTTTCCATTAATATGGACTTTTCCTTCTTCAGAACGAACTTCTTCTGCTGAGTTTCCATGGTTATTGAAATTCCAGTGACTTACATCAACGTCTGAACCTTTTTTACCATAAACTCCTACACCTTGAACATCTTTTCCTTCCAATTCTATTGTTGCAGTTCCACCATTAAATTCTGTTCCTTCAGAAGCAATAGCCACAACTCCTTTTGTTCCCTTTAATTTAATAGTATTTGAACCTAAAGTAACTCTTCCTCCTGTTGCTCCAATTTTCTTAGTTATAAATATTCCTGTTCCAGCTGTTGTTCCATCACCAATTTCCATATTTCCAGTGTAATTAATATTACTGTCCTTATCAGCAAAAATTCCTACTCCACTTTTTCCAGCTGTGATAGGGGTTGTTATATTATAAGGAGTTCCAGCTGTTCCTTGTGCATCTGCATAAATACCTATTGCATATTTATCCTTATCACTTGGATTAGATCTTGGTACTGTATTTCCAACTTTGATTCCCTTTATATAAGATTGAATATCTGTTTCACCTTTTAATAGCAATCCTATTATTCCATCTCCACTTCCTTGAGCTGTATAATCTAATTTTGAAGTATTACTATCCAATGTAGCTTTATCTCCACTTGCTCCTTGTAAATATACTCCAACTCCATATCCTGTAATTTTTCCAATATTAGCTCCAGCTAAGGCACTATCTTTACCATTTACATAATAAGCAACTCTATTTTGATTTACTGTTCCTAAATTAATTTTTGCACCAGCTGTATTAGCTACTTTTCCTCCCTTTGAAACATATACAGCTGAAGAACCATTAGAAACAGTTGAATCTTTTAAAGTGATTGTTCCCACTTTTGAAATATTTGATTTAGGTGCATAAATTCCTGCTGATTCTTGAGAATTGATATTAATATCTCCTGTATTTTCTAAATCTACATCAGTTATATTTGAAGCGTCATTTTTTGCATACATACCCACTGATTTTTTTGTATTTATATTAATATCTTTTGTATTTTTTACACTAGCTGTTTTTCCTGACTCTGCTTGTGCAAACATACCTATTAATGATTCATGTGATGTTGAACCATCAGCTTTACCTAAATTAATAGTTCCTGAATTTTTTGCAGTATCATTAGTTCCATTATTTTTTGCAAATATTCCAACTGACTCTTTATTTTCTAAAGATATTGTTCCAGTAGATGTATTTTCTCCTACACCACTTCCTGTACCATTATCACGAACAAAAATTCCTACTCCACTTTCAGCAGTTACTTTTATCGTTTTATTATTTTTAACAGTTCCAGAATCTTCCCCTAACATTCCTAAAGATTCTTTTCCATTGACATTTATAGTATCATTATTATCAGCAGTAGAGTTTGTATCTTTTGCTAACATTCCTATTCCTTTTTCACCTGATAAAGTAATAGTTTTATTATTTGTGATACTAGAAGCATTTTGTCCCAACATTCCTATTGATTCTTTACTGTTTACATTGATATTACCTGTGTTTATTCCAGTGGCTTTATCAGCTAGAATACCAATATTCTTTTCATTTGTTGCAGCTGAAGCTGTTAAATTAATAGTTCCTATATTTTCAGCTTTTACATTAGCTTTATCAACGGTTGATTCATTTTTAATCATCATTCCAACTGATGATTTATATTCTATATTAATATTTTTACTATTTGATAATGTTAATTTAGC
NZ_CP084144.1_gap39	1360757	1361554	797	CTTCAACAACACGGAATCCATAATTTAATCCTGTTCCTGCTAAGAAAATTGATAAGAAATATGTTCTCATTTTTCCTAATACAACAGAATCCATACGGAATGTAATAGGTCCAATCTTACCTATAAATCCTAAAAGAAGTGCAACTATTATTGCTCCTCCAATGCTTCCTAGTGAGAAAGTTCCCAAAGGTCCCATTGAAATTTTAATTCCTCCTAGGAAATATCCTAAAAATGCAGCTACTGAAAATCCTACAAAATCCATTTTAACTTCTGGAATAGTATTTTTACCAGCATCTTTATCCTTACTCAAATCAATTTTCTTTTGTGCAAAATATTTTTCTTTTTCTTTTTCTACATCAAATCTAAATATTTTTGGTATAAAGTTAATTCCTAAAATTAAGAATAATACTCCAAATGGATATCCTATTGAATGCCCCACTCCAACTCCTGCTTTTGCTTCTGTTACATAAACTTCTGTATCTTCTGCTGATAAAGTTGTTGTATTTTCTATTGTCATTTTTTCTGGAATATCTTCATTTTTTAATTTAGCATCTCTTTCTTTTGCATTATTAATAATGGCTAAAATTTTTGTTTTAGTTCCTTCACTTAAACCTTGAAATTCACTTGCTAAATGTCTTGATTCAGCTTCTGATGATTCTGTGGCTGCTGCAAGCCCTGCTGAACTTGTTAAAGCCCCTGTATAAGTTCCTGTTATTTGATATGGGCTCATCTTACTAAATATTTGTGAAAATCCATAAGAAGCCACTGCTCCAACAAATGGAATAAATATTGCTATA
NZ_CP084144.1_gap40	1379886	1380692	806	TTTATTTCCAAAGATATTTGGTAAAATTAAGAGCAAAATACTATTAAATAATATTCCTCTTGGAAAAGTTATTAATGCTGAATAAATAACCTTCTTTATTGCAGTAAAATATGCTGAAATAAAGATATTTATTCCAATTAGTAAATAGGATAGACTATATATTTTCAAAACTCTTTTTACATATAAAATCATATCTTGTTCTCTAAAAAATATTTTACCTATATATTCTGAAAATAGACTTATAAATATAAAACAAAAAATTCCTAAAACTCCTAAAAATATAATAGATATTTTTAAAATTTCTTTTAAATTCTTATAATTTTTCTTACCTAAATAATAACTTATCACAGGTTGTATACCCTGACTAAACCCTATCATAGTCATAGTTATAAATGAAGTTATATAACTAACTGTTCCAAAAATTGAAACTCCTAACACTCCAATTTTTCTTAATAGAACAAGATTATAGATAAGTATTAAAATTCCTGATGATATTTCTGTTAAGAACTCTGAAAATCCTGTTTTAAAAATTTTAGATATTTTTTCAAAATTAATTTTATTTAATTTCTTAAATTTTATATACTTAGCCTTTAAAATAATATAAAGTAAAAGCATAGTGCAACTTGTTACTTGGGATATACCTGTTGCTATTGCTGCCCCTGTTACTCCATAATGAAAAATAACAACAAAAACATAGTCCAATACTAAATTTGTTAGTCCCCCAACTAGAACACAAATAGCTGGGTAACTTGGTTTTCCATCTATCTTTATATATATTTCAAAGGCATAGCCAGACATATAGAACA
NZ_CP084144.1_gap41	1393582	1397059	3477	TTTCCTTCTTTTTTCTTTTCTTCTTTTTTCTTTAAGACTTCTTCAATAGTTAAAGTTGAAGCAGCTCTTTCTTTTTCTAAATTAATTTTTATTTTGTTTATTAAGATATCAAGTCTACTTCTCTTTTCTCCAATATAGAAATAAAATTCATCTAAACTAGATATATTATTTTTTTCCATATGTTTTTTAAGTGTTGGATCATTTTCAATTTCTTTTAAAGTCATACCTAATTTAGAGGCTTCTTTTTCTAAATTATCTTTTCCTAATTTAGTTACATTCTCTTTATTTTCATCTTTTAAAAATTTTCTAATTTTCCCCTTAGCACCATGAGTTACAACTATATCTAACCAATCTATACTTGGTCCCTTTGAATTTTTAGAAGTGATTATTTCAACCTTATCTCCACTTTTTAACTTATGGTCTATGGTTACCATTCTTCCATTTACTTTTGCTCCAACACATTTACAGCCTACTTGGGTATGAACCATAAATGCAAAGTCTAAAGCTGTTGCTCCAACTGGTAATTCTATAATATCTCCCTTAGGTGAAAAAGTAAAAACAGTTCCTCTATCTATATCTCCTGTTACTCCTTCAATAAAATCTTCTGTTGAATCTGATTCATTTTGAAATTCTATAATATGCCTTAACCAACCATAGATATTATCATCTTTACTGCTCTTTTTATTTTCTTTGTAGTTCCAGTGTGCTGCGATACCCTCTTCTGCTATATCATCCATATCCTTTGTTCTAATTTGTATTTCTATAAATTTTCCCAAAGGTCCAACTATTGTTGTATGTATAGACTGATAATTATTAGATTTCGGCACTGCTATATAGTCTTTAAATCTTCCAGGAACAGGTGTATATTGACTGTGAACTATACCTAAAACATGATAACAAGTAGCCTTATCTTCCACTATTACTCTAACTCCCATAAGATCATAAATATCATCAAACTCTTTACCTTTTTGATACATTTTTCTATATATACTATAAAAATGTTTAAATCTTCCTTTTACTTCCGCTTTTATCCCTAGTTCAGATAGAGTTCTTATCATAGTTCTAATAAAGTTTTCTATATAGTCTTTTCTTTCTTCTTTTGTATTATCTACTAATCTTTTAATTTCTAAAAATTCATCGTGGTGTAGATAACTAAATGCTATGTCTTCAAGTTCTGACTTAACTTTTGCCATACCTAATCTATGAGCAAGAGGGGCATAAATATCTAAAGTTTCCTTTGAGATAGACTGTTGCTTCTCAGGTTTCATAAATTTTAAAGTTCTCATATTATGAAGTCTATCAGCTAATTTTATAAGAATAACTCTAATGTTTTCAGCCATAGCCAGAATCATTTTTCTTATATTTTCTGCTTGGTTTTTAGTTCCATTTGGTAAGGCTTTTAATTTTGTTACTCCATCAACAAGAGTAGCAACAGTGTCTCCAAAATTATATTTTATATCTGCTATTGGAATCAATGTATCTTCTACAACATCATGCAAAAGTCCTGCTACTATTGTATCAGTATCCATTTTCATATCCATTAAAATTTTTGCAACTTCAACAGGATGGACAATATAATCATCACCTGATTTTCTATATTGCCCTTGATGACTTTCTTCTGCAAAACCTAATGCTAATTTAATTTTATCAAAATCTAAATTTAGATGATTTGCTTTCGCTTTATCTAATAATTGTTCCCAATAGTTCATAATATACCTTCTCTCTAATTAAAACTGCATTAATGCAATCATAGGATATTTACTTAATTTCTCTCTTCCTTTTAAATCAACAAGTTCTATTAAAAATGCTAATCCTGCTACAACTCCACCCAACTCTTCCACTAATTTTATTGTAGCTTCAACTGTTCCACCAGTTGCAAGTAAATCATCAACCACCAATACTTTTTGACCAGGTTTTATTGAATCTCTATGTAAGCATAATTTATTTGAGCCATATTCTAAATCATAGGAATATTCTATCACTTCACGAGGTAATTTCCCTGGTTTTCTAACTGGGGCAAAACCTATCCCCAAAGCATAAGATACAGGACAACCAAATATAAAACCTCTTGCTTCTGGACCAACAACTATATCAACATGGTGTTCTTTTGCAAATTCAACTATTTTTTCTGTTGCATATTTATATGCTTTTCCATCATTCATAAGTGGTGTTATATCTCTAAATAATATCCCTTCTTTTGGATAATTTTCTATTGTTGCTACATAATTTTTTAAATCCATTTTCTCTCCTATTCTATTCCTTAATTTATTAAAAATATTGTATGTAAATCTTTAAATTCTATTTATAAGTGAGTCATATTTAAATTTTATTATAATAAATTTTCTTTGAAATAAAGAATAATTTCTAAATAAGATTACTGCGACGTCCTATAATGTTGAGAGAGCCTTTGCGGAGCTCTGGAGACATTATAGGCTGGCAAGTAATCGCTATACATAATTAAAAATTATTTAGAATTTTTTCAAAGAAAATTTAAAAAATCTACTTAGGAACAAACTATCTTTTATAGAATTTTTATATTTTATTTCTTAAAATCTTTTTTAAATTTTCTAATTTTTGTCTATTATTTTCTTTTGTATACAATGTTTTCAAAAGTGCATACTCATCTAAATTATCTTCATTATTAACTATATATTTCATTAAAATATCTTCTGCTTTTCTATATTCCTTTATTTCTATCAAGAAATTAGCATACATTCTTACTATACCTTTATTCTTATTTGAATATTTTTTATATGCTTTTTCAAAAATAGTATTAGAATATTTTATTGTATTACCTGATAAATTTGCAACATCTAATAAATCTTTGTAAAAACTTTCATTGTATTCTTCTAAAAATCTATCATTAGAACTTATCTTCAACAAATATTTTTCTATTTCACTTTTTTCATTTTCTAAAATAGCCACTCTAAAATTATTAAGATTATAAACAAAACTATTTCTATCTATAATCATAGGAATATATTTTTTCATCTCAATTCTCTTATTTTGAAGATATAATAATTGTAATAAATTTTTTAAAGAATTTTCATCATTAGGTTTTATTTCTAATGCTTTTTTATAATAATTTTCTGCTTCTTTATAATTTCCTAAATCAACATATAAATAAGCTATTTCATTTAATAAAACTACATTATTTTTATCTATTTCATAAGCCTTTTTATAATTTTCTAAAGCAGAAACTTTATCATTTTTCTGATATTCATTTAAACCTTTGATAAAATTATAATTCTTTTCTTTATTAGCATTTAAACAACCTGAAATTAAAATACCTAGCCCTATAACTATTACTATTTTTTTATTCATAGCCATTTTTAGCTCCCCCAAATTATTCATTCACATTTTCTTTTTTTTCTTTTACTAACTCTTCTGTTAAATATCCCCCCGAAACTATAAGTTTAAATGCCCATTCAACACTCATATTAAGTGGATGTATATCTTCCTTTGGTATACATAACA
NZ_CP084144.1_gap42	1414956	1416704	1748	TAATTCAATGTGGCAATAAGTTCCTTCTTTTGCAACAAGTCTTGCAGCAGTTCCAGCAGATCTTACTAATTGTCCACCTTTTCCTCTTTGAAGCTCTATATTATGAATTTGAACCCCAACTGGCATATCTTTTAATTTAAGTGCATTTCCAGGTTTGATATCAGCTCCACTTCCAGCAGAAACTATATCTCCTTTTTTAAGCCCCTTAGGTGCTAATATATATCTTTTTTCTCCATCAGCATAGAATAATAAAGCTATATTTGCTGATCTGTTAGGATCATATTCTATTGTTGCTACTTTTGCAGGAACATCTAATTTATTTCTTTTGAAATCTATAATTCTGTATAATCTTTTATGTCCTTTTTGTCTGTCTCTACAAGTTCTGTGACCATAATTATCTCTACCATACGCTGATTTTAGAGGTACAGTTAAAGATTTTTCAGGTCTTACTTTATCTAGTTCATCATTTACTAATCTTGACATATGTCTAGTACCATTAGTAATTGGTTTCATTTTTCTAATAGCCATTTTTATTTTTCCTCCATTGACCTATATATATCTTTAATTTTTATTACACTTCTTTGGAATAAGTTATTGTATTTTCTTTTGCTAATTTAACAACTGCTTTTTTCTTAGCTTGAGTCTTATAAAGTCTCATTCCATGTCTTTTTGTAATTGGTTTTTTATTAATTGTAGCTACATCTTCAACTTTTACATTGAATATTGTTTCAACAGCTTTTTTTATTTCAATTTTATTAGCTTTTGGATGTACTTCAAAAGTATATTTATTGTATTCTTTTCTTAAAAGTTCTGTTTTTTCTGTTACAACAGGCTTTTTAATTATATCGTAAACATTCATTATCCTAGTACCTCCTCTACAACAGCTAATGCTTCTTTAGTAAGGATTACTTTTTCTTGTTTTAAAAGCCAGTAAACACCAATTTCATTTGGTTGTAAAATTACTGCATTTTCTAAATTTCTTGCTGACAAGTATAAATTGTAATCTTTTATTAAATCTCCTACTACAAATAATTGTTTTTGTTTTGCATCAACTTTATTTACTAAATTTACTATCACTTTTGTTTTAGGTGTTTCTATTCCATCATAATCTAACACTAAAATATTTCCAGCTGCAACTTTTGCAGATAAAGCAGATCTTAATGCTAAATTTCTAACTTTTTTATTAACCTTTTTTTCATATGATCTTGGATGAGGACCAAATGTAACTCCTCCACCTACCATATGAGGTGCTCTTATTGTACCTTGTCTTGCTCTACCAGTACCCTTTTGTTTGAAAGGTTTTCTTCCTCCACCTCTAACCATTGCTCTAGTCTTAGTAGAAGCTGTACCTTGTCTAGCAGCTGCTAATTCAGCAGTAAGTACTTCATGAAGAACTACTTTATTAGGTTCAATCCCAAACACTGCATCATTAACTTCAACAGTACCAGTTTGTTCTCCTGCTAAGTTATATATGTTTAAAACTGCCATTGTTTTCCTCCTCTTTCTACTATCCTATTACTTTCTTCACTGCTGGTTTAATTACTAAATAACTATTTTTAGCTCCAGGAACTGCTCCTTTTATTAAAAGTAAGTTATGTTCAGCATCAACTTTAACAACTTTTAAATTTTGAACTGTTACTGTTGCATTTCCATGTTGCCCAGCCATTCTTTTACCTTTTAGAACTTTACCAGGCCAACTTGACATCCCTATTGATCCACCAAGTCTATGGTTTCTTGATACCCCATGT
NZ_CP084144.1_gap43	1432562	1437524	4962	TATTCAAAAGGTTTTAAATCTTGTTTTGAATGTGGCATATTTGGGGCAAATATTGTATCTGCTGGTTTTTCTATTCCATCTAATATTCCTTCAGATATTGCTTTCTTGTCAGTTGCATAAGCTAAAGCATATCTTAAATTAATATCACTTAATGGTCCTGTTGTTGTATTAAACATAAGTAATCTTGTTGACATAGGTTCAGATACAGCTGTCTTATATTTTGGATCATCTTCATAAGATTTAAAAGTATCATAACTTATTAATCCATTTCCATAGATCATATCAAGTTCCCCAGCTTCAAATTGTAAAGCTCTTGTTTCAGCATCTGGAATTATTTTTATTACTACTTCATCAAGTATTGGTTTTTCTCCCCAGTAATTAGGATTTTTTTCAAAAATTGCATATTCATCTTTTTTATGTTCTTTTAATATCCATGGTCCTGTACCTATTGAAGCCTTTATGCCTTTGTATGTATCTCCATCATCTGGAAAACCTGCATCAGCTAAAAAACGAATTGGTCTTATCATTGCTAAATCATATAAAGTTGGTGTATATGGTTCATCTAAAACTAATTCAAAAGTATTTTCATCAACTGCTCTGTATGATTTAATATGATTAGTTAATCCAAACCAAGAATGTCTTTCTTTATTTAAAAAAATAGAATTAAAATTTTTTTCTACATTAGCAGCATTAAAATCACTACCATCTGAAAATTTTACCCCTTTTCTTAAATGAAATGTATAAGTTTTTCCATCTTCTGAAATATCCCAACTTTCTGCAAGTGATGGTAAAATTTCTCCATTTTCTCCATAATTTACAAGTCCTTCATAAACCATACCTTGTGTGATAAATTGATCTGGCAAATAAGCATGTGGATTTAAAAAACCAACATCTTGATTCCATGATATCGTTAAAGTTTTCTTTTCTGTATTCTCTCCTTTTGTTTCTTCTTTATTTTTATCTCCACAAGCAACTATAAATAATAAAGAAAATATCAGCATTAAAAATGTTTTAAATATTTTTTTCATAGTAAACCCTATCTCCTTTTTAAAATAATATTTTTTTAGATTTGTTCTATATTGTTAAGTATAACATATTTAGCTTATAAAAACAATTATATCAAACTAATATTGTATTTAAAATATTAAAAAAATTATAAATTATTGTAATGAATTTTAAAATAATCTCAAATCCTGTTCATAATTTATAAATAATTTTTTAAATAAATCTTGACAAATTAACAAAAGAATATTATATTTATGATGTAGACAATTAAATATGTAAAATAAAGTCTTCAGGGCAGGGTGAAATTCCCGACCGGTGGTACAGTCCACGAAAGCATTTGCTTTGATTTGGTGAAATTCCAAAACCGACAGTAGAGTCTGGATGGGAGAAGAATTAGATTTTTTTAATTATACTCATATTGCTCAGACTTTGTTTGAGCATTTTTTAATGAAATAAAAAATTTAAAATATATTTGGAGGAAAAAATGAAAAAATTTGAAGGAAATTTTAATGGACAAGGGGTAAAAATTGCAATAGTTGCAGCTAGATTTAATGAATTTATTACATCTAAATTAATAGGTGGAGCAGAAGATATTTTAAAAAGACATGAAGTTCAAGATGATGACATAAATCTATTTTGGGTACCTGGTGCATTTGAAATACCTTTAATAGCTAAAAAATTAGCACTATCTAAAAAATATGATGCAGTTATAACATTAGGAGCTGTTATAAAAGGTTCTACTCCTCACTTTGATTATGTATGTGCAGAAGTTTCAAAAGGTGTTGCTCATGTTGCATTAGAAACTGAAATTCCAGTAATATTTGGAGTTTTAACAACTAATTCAATAGAAGAAGCTATTGAAAGAGCAGGAACAAAAGCAGGTAATAAAGGAGCTGATGCTGCTATGACTGCTATTGAAATGATAAATTTAATAAAGGGAATTTAATCATGGATAAAAATTCAGATGAAAAATATATGGCAAGAGCCATTGAACTTGCTAAAAGAGGAACAGGAAGTGTAAACCCTAATCCCCTTGTTGGTGCAGTTGTAGTTAAAGATGGCAAAATTATTGGTGAAGGTTGGCATAAAAAATATGGTGGTCCTCATGCAGAAGTTTGGGCTTTAAATGAAGCAGGAGAAAATGCAAAAGGAGCTACTATCTATGTAACCTTAGAGCCTTGTTCTCATCAGGGGAAAACTCCTCCCTGTGCTAAAAGAATTGTTGAAGCAGGCATAAAAAGATGTGTCGTTGCTTGTATTGACCCTAATCCTTTGGTTGCAGGTAAAGGTATGAAGATAATAGAAAATGCAGGAATTGAAGTTAAACTTGGAATTTTAGAAAAAGAAGCCAAAGATGTGAATAAAATATTTTTAAAATATATAGAAAATAAAATTCCTTATCTATTTTTAAAATGCGGGATTACCCTTGATGGAAAAATAGCTACAAGAAGCGGAAAATCTAAATGGATAACCAATGAAATAGCCAGAGAAAAAGTACAATTTTTAAGGACTAAATTTATGGCTATTATGGTGGGAATAAATACTGTTTTAAAAGATAATCCAAGTCTAGATTCAAGACTTGATGAAAAAAAGTTTGGAATAGAAAAAAGAAATCCTTTTAGAGTTGTTATAGACCCAAATTTAGAAAGTCCAATAGAAGCTAAATTTTTAAATTTTAATGATGGAAAGGCAATAATAGTTACATCTAATGATAATAGAGAACTTGAAAAGATTAAAGAATATAAAAATCTAGGAACAAGATTTATTTTTCTTGAAGGAAAAATATTTAAGATGAAAGATATATTAAAAGAGTTAGGAAAATTAGAAATTGATTCTGTTCTTTTAGAAGGAGGAAGTGGACTTATTTCAACTGCTTTTAAAGAAAATATAATAGATGCAGGAGAGATATTTATTGCTCCAAAAATTATTGGAGATAACTCTGCCATTCCTTTTATAAATGGATTTAACTTTGATAATATGGAAGATGTTTTTAAACTTCCTAATTCTAAATTCAATATCTATGGAGATAACATTTCTATTGAGTTTGAGAAAAATAAATAATTTTAAATACTTAAAAATAGTTCGTTACTGAGTAAATTTCTTAACAATAAAAAATCAAGAATTCGCTGCAAATTCGCTAAACTTGCTGACAGGTCAGCTTCAAACACAGCGAGATTTGCTCGGCTCATTCTATTTGATTTTTCATCTAAAATTTACATTCGTAACTCACTTATTTTTAAAGTATTAATTTGTTTCTACAAATAAGGTAAGGTGGTATATGTTTACAGGTTTAGTTGAAGAAAAAGGTAGTGTTATTTCTTTAAATAATGGAGATAAATCCATTAAATTAAAAATAAAAGCAAATAAAGTCTTAGAAAATGTTAAACTTGGAGATAGTATAGCAACCAATGGTGTGTGCCTAACAGTTACTGAATTTTCAAAAGATTATTTTATTGCAGATTGTATGTTTGAAACTATTTCTAGGTCTAATCTGAAAAGATTAAAAGCAGGAGATGAAGTGAATTTAGAAAAATCTATCACACTTTCAACTCCACTTGGTGGACATTTAGTTACAGGTGATGTGGACTGTGAAGGCGAAATTGTTTCTATCACACAAGAAGGAATTGCTAAAATTTATGAAATAAAAATTAGCAGAAAATATATGAGATACATTGTTGAAAAAGGGAGAGTTACTATTGATGGGGCTAGTCTCACAGTTATTTCTTTAACAGATGATACTTTCTCTGTTTCATTGATACCTCATACACAAGAAAAAATTGTATTAGGAAGTAAAAAAGTTGGGGACATTGTAAATATTGAAACTGACTTAGTTGGAAAATATATTGAGAGATTTGTCTATTTTGACAAACTTGAAAAAAAAGAAAATAAAAAAAGTAAAATTTCAAGAGAATTTTTACTTGAAAATGGTTTTTAGGAGGATAAAATGATTTACAAAATTGAGGATGTATTAGAAGATATTAAGAATGGTATTCCTCTAATAATAGTAGACGATGAAAATAGAGAAAATGAAGGAGATATTTTTGTAGCTGCTGAAAAAGCAACTTATGAAAGTGTCAATTTTATGGCAACAAATGCAAGAGGTTTAACTTGTGTTCCTATGTCATCAGAAAATGCAATCAGATTAGGTTTAGACCCAATGACTGCAAGAAATACTGATGCCAAATGTACTGCTTTCACTGTATCCGTTGATGCAAAAGAAGGTACTACAACTGGAATTTCAATAGCTGATAGGCTTACAACAATTAAAAAATTGGCAGATAAAAATTCTATGCCTTCAGATTTTACAAGACCTGGACATATTTTTCCATTGATTGCAAAAGACAGAGGTGTATTGGAAAGAGAAGGACATACAGAAGCAACTGTTGATTTATGTAAAATCTGTGGACTTGCTCCTGTGGCTGTTATATGTGAAATTTTAAAAGATGATGGTACTATGGCAAGGGTTCCTGACTTAGAAATTTTTGCTAAAAAACATAATTTAAAAATTATTACAATAGCTGATTTAATTAAATACAGAAAAAAAACTGAACAACTTATGAAAATTGATGTTGTTGCTAATATGCCAACTGATAGTGGCACATTTAAAATTGTAGGTTTTGATAATCTTATTGATGGAAAAGAACATATTGCCCTTGTCAAAGGAGATGTTGCTGGTAAGGAAAATGTTACTGTTAGAATACACTCTGAATGTTTTACAGGAGATATTTTAGGTTCTTTAAGATGTGATTGTGGTTCTCAATTAAAAACTGCAATGAGAAGAATTGACAAACTTGGGGAAGGAATTATTCTTTATCTAAGACAAGAAGGAAGAGGTATAGGACTTTTAAATAAATTAAGAGCATACAATCTTCAAGAAAAAGGTATGGATACACTAGATGCAAATTTACATCTTGGTTTTGGTGCTGATATGAGAGATTATGCTGTTGCTGCACAGAT
NZ_CP084144.1_gap44	1439842	1440523	681	GATTTCTATGAGAAAGATTTTTATTACTTTAATTTTAATGTTATCTGTATTTTCCATTGCTAATGCTCACCCATTTAAGAGTGAAAAAGAACTTCAGGATTTTTATGCTAAGATTGATAAAGAAGTTGCTAAGGAATTAAAAAAAGATTATGTAAAAATTTTTGAACAAAGAAAAGCTAATTTAAAAGAAAAAGCAACTGATGATGTTACAGAAAAAAATTTAGAAGATGACGAATACCTTTTTATTTTAAAAAATGGGAAATTAGAAATGGTCTTTAAAAAGGAAATTCTTAATGGAAAATTTAGAACTTTAAGTAGACTATATGAAAATGGTAAAAAAAGTAGAATAGTATGTTTAAGTGCAGGAAATCCTGCTTATTATGGTACTGTTAAATATTTTAGAGAAAATGGAACTCCTTTGTATAGTGGACAATTTTATGCTGGAAAAATGGAAGGAATGTATAAAGAATATTATGAAAGTGGTAAAATCTTAAAAGAAGTTCATGTATCTAATGACAAAGAAAATGGACCAGAAAAAATATATTATGAAAATGGAAAAATTTCAAGTATTAAAAACTATAAAGATGGTAAAGCCAATGGAGAATATATAGAATATTACACAAACGGAAAGTTAAAGCTTAAAGGTTCATATAAAAATGGTCTAAGAAATGGAGAATTTAA
NZ_CP084144.1_gap45	1442113	1445881	3768	AGGTGAGGGTATATTTTATTATGAAAATGGAAAACTTGAAGAAAAATACTTTATGAAAAATGGAAAGTTAGATGGAGAAGCTGTAAATTATTTTGAAGATGGAAAAATTAAAAATAAAGCTATTTTTAAAGATGGAGTTACATTAGAAGAAGAAATATATAAGGATAATGAGATAAGAAAAAATACCTTTAAAAATGAAGAGATTGTCCAACAAGATATATATTCTAAAAATAAGATATTAAAAGCTAAAAAATTCTTTTTAGAGAATGGAAAAATGAAAATAATATCTTACTATGAAAATGGTAATAAAGAAGAAGAGGTTTTTGTTATAAATGAACTTTTTGATGGAGAGGCTTTTAAATATTACCCTAGTGGAAAACTTAGAAATAAGTCGTTTTTTAAAGATGGAAAAAGAGAAGGAGAATCTTTAACTTACTATGAAAATGGAAAGTTAAAGAAAAAAATTCTTTATAAAAATGGTATAAGAAATGGTAAAGCTTCTGAATATTATGAAAGTGGTATTATAAAACAAAAAGCCTATTTCATAAATGACAAACTAGAAAAAGAAGATTTATACTATGATGAAAAAGGAAATCTTACTAAAACTGAAATTTATAAAAATGGTATAAAACAATAAAAAATTAAGGGAGTGCTACAAAAGTAACATTCCCTTTAAATTATTTCTTCCCTTTTAAGTTAGTAAAGAAATACACTAAATAAGCCCCAATACCTATAAAAGTACAACCTGCCATAGAGTATTCAGAATTTAAAAATCCAAATTTTATAGCAATAAAAGCAAATAAATTTATTCCAACTACTAAACAAAGTAATATTAATACTTCTTTAAAAAAAGCCTTTAATTTTTCATTCATATTTAAGCTCCAAAATATTATTGAGGTTTTACAACAATATTGACTATTCTATTAGGTATTACAATAACTTTTACAACATTCATACCTTCTAAATGTTTAGCTACATTTGGTAATTCCAAAGCAGTCTTTTCAACTAAGGCTTTATCACTATCTTTTGCAATTTCAAAACTTCCTCTAACTTTTCCATTTACTTGAACAGCAATAGTAGTTTCATCAGATGATAACATTTTTTCATCATATTCAGGCCATTTTTCATTGAATAAATATCCTTTTTCTCCTAATTCCTCCCATATTTCATCACAAAAATGAGGAACAAATGGAGATAACATAATTATTATTTTCTTCAATGTATAACCTAAAATCTTAGCAGCTTGTTCTGAATTCATTGAAGAAGCTACATAAGTTTGAACTTCATTTATAAGTTCCATATTAGCTGCTATTGCAGTATTAAAATGGTAATTATTTTCAATAGCATCTGTAACTTTTTTAATAGTTTGGTTTAATTTTATAAGTAAAGCCTTATCTTCTTTTGAAAGTTTATTATAGTCAATCTTATCATTAGATTTTTTTACAAGCTCAGAATTTTCAAAAACTAATCTCCAAACTCTTGTTAAAAATCTATATGCTCCTGCAAGTCCATTTTCATTCCATTCCAATTCTTTTTCAGGTGGTGCAGCAAACATAATAAATAATCTTGTTGTATCTGCTCCATATTTATCTAGCATTTCTTCTGGGTCAACACCATTATTTTTAGATTTTGACATCTTTTCAACTTTTACTTGTAGTTCTTCCCCTGATTGAGAATAAGCCTTATCTCCCTTTATAACAACATCTTTTGAAAATAAGTATTTATTTTCTTTTTCAGAATAATATGATGGTCCTAATACCATTCCTTGTGTCAATAATCTTTTAAATGGTTCATTTGATGAAAGTAAACCTAAATCTCTTAAAACTTTATAGAAAAATCTTGCATACAATAAGTGCATTACTGCATGTTCAACTCCACCTATATATTGGTCTACTGGTGTCCATTTATCTACTATTTCTTTACTGAAAGGTAAATTTATATTTTTAGGGTCACAATATCTTAAAAAATACCAAGACGAATCTACAAATGTATCCATAGTATCTGTATCTCTTCTAGCTTTTCCACCACAGCAAGGACAAGTTGCTTCTTTAAATTTATTAGAAGTTTCTAATGGGTTTCCACTACCAGAAAATTCTATATCATCTGGTAATAACACAGGTAAATTTTCATCTTTTTCTAAAACTTCTCCACATTTTTCACAATATAGAACAGGAATAGGAGTTCCCCAATATCTTTGTCTTGAAATTCCCCAATCTTTTAATCTATATTTATATGTCCTTTGTCCATAGCCTTTTTCTTCCACATACTCAGCTATTTTTACTAAGGCTTCTTTACTATTTAAGCCATTAAATTCTCCAGAATTTATCATTACTCCTTCTTCTAAATAAGGAAGCTCAACTTTTTCATCAGCTTTTTTAGAAGTTATAACTTGTTTAACTGGTAAATTGTATTTACCTGCAAAAACAAAATCTCTTTCATCATGTGCAGGAACTCCCATAACTGCTCCTGTACCATAGTTCATAAGAACATAGTCTGCTATCCATAATGGTACAATTTCCTTATTAACAGGGTTTTCAATATGCCAACCACTGTCTATACCATTTTTTTCTCTACCTTCTGCTCCTCTTTCAATTATATCTGTGTTTTTCATTTCTGTTACTTTATCTTTAATTGAAGGATTTACTTTTAAAATCTTTTCAACAATAGGATGTTCAGGTGCTACAACTGCATAAGATACACCATAGATAGTATCTATTCTTGTTGTAAATATAGGTAAATCTTCCCCCGTTTCAACAACTTTTAACTTTAACTCTGTTCCAAAAGATTTTCCTATCCAATTCTTTTGCATAGTTAAAACTTTTTCTGGCCAACCATCTTTTATTTCTTCATGTCCTTCTAATAATTCATCTGCATAGTCAGTAATTTTAAAAAACCATTGTTCTAATTCTTTTTGTATAACATGAGTTTTTGAATGACGCCAACACATTCCATCTTCAACTTGCTCGTTTGCTAAAACTGTTTGACAATCAGGACACCAGTTTACCAAAGATTTTTTCTTGTAGATTAAGCCTTTTTCATACATTCTTTTAAATAACCATTGGTTCCATTTATAATATTCTGGTGTATAACTTGCTATTTCTCTTTCCCAATCATAAGAAAATCCCATTAACTTTAATTGCCTTTTCATATTCTCTATATTAGACTTAGTCCATATAGCAGGGTGAGTACCATTTTGAATTGCTGCATTTTCAGCAGGTAATCCAAACGAATCCCAACCCATAGGTTGTAACACATTATAACCCTTCATTCTTTTATATCTTGAAATTACATCTCCTATTGTATAGTTTCTAGCATGTCCAACATGCAATTTTCCAGATGGATAAGGCAACATTGAAAGTACATAGTAATTTTCTTTCCCCTCTACTTCATTTTCAGTTTTAAAAATATTATCTTTACTCCACTTTTCTTGCCATTTTTTTTCAATTTCCTTAAACTCATAATCTCTCAATTTATTCACCTCTTGATATTTTCTTCTTCTTTTATCCATTCTTCACTCTTTTTTCTAATTCTTTGAATGGTATTATCTATACTTTTTATATTTTTAGATAAAATCTTTGCTATTTCTCTATATGAGTAACCTCTTATTAAATAAGTTAGAACTTCTTTTTCAAATTTACTAAAATTATTCTCTGAGAACTTTTTAAATTCTTCTATTTCTTCTTTTAATAAATAGGCTTCTTCTGGATTACTTTCTGATGATTTATAGTTATTTATATTATGTTCTTCATCATCAAAATTTGCACTGTC
NZ_CP084144.1_gap46	1540136	1543297	3161	ATTAAAGACATTATAATAGATTGAACTGTTATCTTTGAAATAATTAATGGTACTATTATAAATAATGGAACTATATATACTCCAATAAATACACTATTGTTTTTAAACACAATAACTATACTTTCTTTCGTATTTTCTATTTCCATATCTTTCCATTCCTTTCTAAAATATTTTTTATTTTCAATACTGTGTTATTTATTTCAAAGATATTTTTCTCAGCTTCTTTTTTATTAGAATTAATTTTTTATTAAACTTATTGCTGTTGCAGTTATTCCTAGCCTAAAAGCTGATAATTCAGAAGTTTCACTATCATAAATTAATTCCCCATTTATGATTCCCAATGAACCACCTACTACAAATGTATTTGTGTAGTATGGTTCATTTAGAGCTGTTACATCTGTTAATACCATCTTTATATCTGGTCCTGCATAACCTTTTGCTCTTAAGGCATCATTTAATAATTTATTCATTACTGATATCTACCTTATTACCAGTCCATCTATAAAATATAGCTTTTAAACTCCTCACAAAAAACCTTATATGCTTTTTCTTCAACTTCTTCTATTATTTCTTGTTGTTCTTCTAGTAGTTCTTCTTCTTTTTCCTCATCATCAATATCACATAGTATTTCTTCTATCTCAAAATATCTTTCATACTTAGATGATAATTCAGGAAATTTCTTTTTAAAATATTCTTTACAATCTAATTCCTTTGTTTCATCTACAATATATCTTCCATTTAACTGGTTTTTATTTTCTTCTATTATAAATTTCCCTTTTGAAAAAAATAAATAAGAAGTAAATATTGAATATCCACAGTAAGAAATTATTATTTCTTCAATATTTAATTCTTTACAGTAATCTGTTAAATACTTTGTATGGTCTTTATTTTTCCAACGGTTTTTAAAAGATCCATTTATCTGTGAAAACCATATTTCTTTTTCTTCATCTTCTATTTGCCCATTACTTTCTAAATCTGTCATGAAGCAAAATAATGAATCATTCTTAAAAGAATTTTTTATTATTTTTCCATCTTTTTTTTATTTTAATCTATAAAATATTCGCTTCGTTTTATTTTTCAAATGTAATAACCTTTTATTTAATTTATTTAAATGTACTTCTACTATCTCTTATTTTATTTATATCCTCTTTAAGCTTTGACATAGTTACTTCTTTTTCATCAATTCCATTATATCCTACTAATACCTTTTTATTTTCATATTCTTTTTTAGATAAATAATTTACATAGAAAATATAGAAATCTATTTCTTCAAAATTCATATTTTTAAATATTTCTAAATCTTTTATTCCATTACCACCATTAACTATATAATCACTGTCTTTTTTGGATAAAAATATTTTTTTTTCATTTAGAATAATATTTAATATTTCCTTATATCTTTCTTCAATTTCTAAATTATAAATTTTAAATAATTTCTCTTGTTTTCTTTTATACTTATTTAAGATTATTTTTTTATCTTTATGTTCTTTAATTTTAGGTTGGAGGATTGCATCTATTTTTAGAAAATCATTATAATCTAAAAACAATCCAAATGAATAATTTTTTTTGCTTCTATCTTCATAAATTTCTGTTTTGAATTAAATAAATAATTTAATATTCCTGGGTCTAACATAAGAGAGATTCCAAATGTATTTTTAAAATATACTTTCTTTACTTCTTCTAAAAGTATCTTTTTAGAATAAAGAACTTTCTCATTATTATTTAAAGCTTGAATAATTAAATAATCTTCTTTTATTATTATTTTTTCAGTAGAAATACAAAATAAGGAAATATAAATATATCCAATAATAAAAATAATTGAAAGAAAATTAAAAAATATCCCTGTAAATTTTAAAGTAATAAAAGAAACTAATAACACAAAAAATAGACAATATATTTTATAAAATTTTATATATTTTGAGTAACTTTTAAATATCTCTATCTCTCCATGTTCTTCTATTATTTCTATCATTCTTTAATTCCTCCATATTACTAGAAATTCTTACCATTATATCTGATATTATAAGAATGTTTTTTAGAGCAGTTTTTTCATCTTTGGCTAATTCAGATATTTTACCTAAATCATAGCCTATTTGTTTCTCAATTTCTTCTTTAGATTTTTTAATTATTTTTGAGCTAGTTACAATGGTGTTATCAATACTTCCATATACACTAATAGGAGGTTTAAATTTAATATCACTTATACTTTTTGTTAATCCTCCACCAATTACAAAAGAATAACTATTAAGTTCTTTAGCTGTATTTACATTTTTAAGAAAAACTAATGATTTTCCCCCACTAGCACCTATCATTCCTAATCCAACTCCTAAATCAGTTGTTTTAGCTCGCTCTAATTCCCCAGTATTTTCATTATAAATAGTATACTTTGTTCTTCCTACATTTACCCTTCCAATAAATTCAGCAGATATATTAGTAGTTTCTCCTATTGCCCAATGTTCCTTATCTTTTTCAGGTACAAGTTTAGCTTCTGCAAATTGTTGCTTTATACTCTTTTGATTCTTATACTTATTTCTCAAATTATTTAGATAGTCTACTTTTTCTTCTTCTGTAAATACCTTATTCTTGTTTTCACTTCCTATCTTTTTCTTGTATGGATTGATATTTCTTCTCCATATTTTCCTTCATCATAAGTGTTCATATGAGCTTTTTCATGTCAAAATAATTGTGAAAAAGCTAAGTCTGGATTCGCCATATCATTTATTGAAAAATATATCTTTTCTCTTCTTTTAGCTCCTGTTGACTTATCTTTTGAATCTACTGTAAATGAATGTGCTTCATCTGTTAATAATACTTATGGTATTACCCCTTGATAGCCATTTTCTCTTAGATAATTTATTACCAAGTTCTTAAAAAACCTATTAAGAATTTTTTTTGAATAGGGTTATAAAAATTTTTATTTCTATAACCCTATTTCTTAAATACTATTAATTTTTAAATGTACTTCTACTATCTCTTATTTCATTTATATCTTCTTTTTATTTTGACATAGTTACTTCTTTTCCATCTGTTCCATTATATCCTACTAAAACTTTTTTGGTTTCATATTCTTTTTTGGATAAATAATTTATATAGAAAATATAAAAATCTATTTCTTCAAAATTCATATTTTTAAATATTTCTAAATTTTTTATTGCTTCACT
NZ_CP084144.1_gap47	1544484	1545908	1424	AAGTTTCTTTCCTTCTTCTCCTGTTATTACATTCTTATTGTTTCTTATTGCTGCTAAGGTATCTTCTGTTGCTTCTTTAGCTACCATACCTTTTGTTCTATCTTCTAATTTTTCTCCTGAATAATTAGCTATAGTTTGATTTCCTGTCTTATTATCTTCTTTACTGTAATGTCCAAACTCATGTCCTAATGCATTTAGTATTTGGTCTCTATTTGCATTTGCTAACATTGTTCTATCAAATACTACTGTATTTGTTAATGTATCTGTATAATATGGTCCATTTGGATCTGTTACATCTGTTAGTACCATCTTTATATCTGGTCCTGCATAACCTTTTGCTTTCAAGGCATTATTCATAATAAATTTAGTAATTTATTCATTACTATTTTTGCCTTCTATAAAATCTTCAATTTCTTCTATAATTTTATAGCTCTCATATTCACTCATTTTATATCCAAAAGCATATATTTTATCTTCAAATTCACTTTCTTTTACTCTAAATTTTATTTTTTTTAATAAATCTGTTGGAAAGAATAAGACTGGATAATCCTTATATGTTACTTTCTCATAGTAAATTTTTCTTATATTTTCAATTTTTAATATCTTTGAATAATAACAAAAAAATAATATATATTTTTTTAAAATTAAATTATTTTCTTTTATAAGTAAAAGTTCCTTAGAAGGTGCTAAAATTACTTCTGAATAAAGAAAGATAAAAAATGGAAGACTTCCAATAACAAATTTTATTACTATTTCTAAAGACAGAATTTCTCTGAAACGAAAAATTCCTAAACTTACATATATAAGATATGAGATAATTAAAATTATAGTTTTAAGAACAAGTTCTGATATTGAGTATCTTATTATAGAATACTCATCAGTATTATTAATTTTATTTGTTACAATTTTCATAATTTTTTATTCTCCATTCTTCATAATTATTTTTGATAATAGTAAAAATCTCTAATACTTCCTCTTCTATTAATCCTAATTTATATTTATAAACTTTTTTGTTTGTTTTTGTTATCTTTAGTAAATAATAGTCCTTTGTCCCAAATTTTTTTGTCTTGTATTCAATATTTTTAATTTCTCCATATAGGTGTAGATGATTTTTTCTTCTTCTTAGTATTTCTATCCTGTCATTATATATGGTAATTTTTATTTTAACTCCTATTTTAAAGAATGGTATTTGATTATTATAATCCATTATAAAAAGTATATAAAAAACAATATATACATATATATAATTTATATAATTATTATAAGATTCTGAAGTATATAATACTAATATAAGACATAATATTATATTATATTGTATAGATGTATAATTTTTTTTTAATAATTCTTCATCATAAACAATGTAAATAAAATCCTTTTTTTTAGTAATAGTTTTCATTGAAAGCCTCCTAATCATAATATCCTTC
NZ_CP084144.1_gap48	1710239	1712489	2250	CAGCTGAAATTATGGCTAAGGTATTATTATTTGCACAAGATGATAAGATAAAAGATGTATTTATTTTGGAACAAATAAAATAAAAATAAAAAAGCAGGGAATACCTGCCAGAGTAATCCCTACATAAAATCTTTACTAATTAAAATTAGTAAGTATTTTTAGATAGCAATATAAATATGACTATCAGCATTAGAATGAATAAATATTTTTTCAACTCTTTCACCTCCCTTCAAAAGAGATGTCAGAGGAAAAATAAAATGACATTTATAATTATAACATTGTAATAAAAAAAATTCTATGGTATAATCTTCTTAAGTAGAATGAGTAAATATGAGAATGACAAAATAAAATAGCACCTATGCCAGTAGGTGCTATTTTTTTATTTTTTATATGATTATTTTCTAATTTTATTAATAATCCAAAGTAAGATACAAGCTCCTACCACTGATACAAAAACACTGTGAAGATTTAAACCTGTAATTGTTTGAGCTCCAAGAAAGTTAAAAACAAATCCTCCAATGAAAGCTCCTATTATACCTATTATTATATTATCTATTAGTCCTGTTGATGAATTCATTAGTCTATTAGCTATCCAGCCAGATAAAGCTCCTAGTACTAACCAAGCAATAACTCCCATATTAAACCTCCTTCTTTTATAACTTACTAAGTATTTTATGATATTATAATTTTGTACATTATATATTAATTGTTGAAATTATGCAAATAATCTATTTGCAACAATTCTTCTTTCGTCATAAAAATCCCTCCTAAAATGGGGCTGTTGCAAATTAACTTATTGAAATGTAAGTAAAAAATAAGTGAAATTACATTCTAAATTTTAGATGAAAAATTAAAGCAAGTGAGCCGAGCAAATCTCGCTGTGTTTGAGTGAAACGAGTTTAGCGAATTTGCAGCGAATGTTAATTTTTCATCGTTAAGAAATTTAGCTAGTAATAAACTATTTTTTACTTCATTTATAAGTTTGCAACAGCCCCTATTTATAACATTTTCTTTTAGTCTTTACAATATGATATAATTTAATAAAAATAAACTTAGGAGGAATTTTATGAAAAAAATTTTTTTATTGTTATTATCTGTGTTCTTTATTTCTAATAGTCTTTTTGCTGCTACTGATGATAAACATATTTTCTATTTAGACAATCCAACTAATAAAAATATAAAGATAACTGTAGATAGCAAGGTATATAATTTAAAACCAAAGACTTATGAAGTTTTAAACTTAAAAATGGGAGAACATATTGCAGAACTATCAGATGGAACAAAGGTATATTTTAAGATTTTTGCTAACTCTAAGGGAGGTATTGTCAATCCAACTGGAGCAACTTATACTATAAATTATTTTCGTTACCAAAGTCCAAGAATAAGTGTTGACTGGAGAGACCCAGAAGATACTGTCCTTCCTACATTTAATGATTTCATAATAGACAAAAATTATATAGCTTGGGAATATGATATTTTTGAAGAAGTTACTAAGGAAAGTATGCCAAAGAAACTTCCACCTAATGAGGATATTCATGTTTTCACTAAAATATATAGTCCTTCTGAGGTCAAAGAGCCTGATTATACTAAAAGAAAAGCAATAGAAGTTTACAGCTTTAAAAAGTCTGATATTGATATGGAAAACCCAAAAGCTAATTTACCTAAAATAGACAGTAACTACAACATTCCAAATAATGATGATAAAGCTTTTCAAAATTATATAAAACAAATTATAGATTTAGATAAGGCTTACATGAATACAAATGATGCTAAGAAACAAAAGAAAATATTGCAAGAATATGATAAAATAGCTAAAATAATATGGTCAAATTATTCAAAATATAACATTGCTCAAGGTTCTTATGATAAAGTAGATTTAAAAGCTTTAAATTTAAAGAGTTTAGACAGAGGAGTTATTATAACTGAAATAAAGGAATAAAAAATTATTTTGCCTATAAATAATAAAAATGTTACAATGTAATATAATATTTAAAGAGGTGATTTTTATGTCAACAATAACAATAAGACTTTCAGAAGAACAAAAAAAAGCAATAAAAGGTTTTTCAATTTTAAAAAATAAATCAATATCAAGTGTTGTCCTAGAAGCTATTTTAAATAAAATAGAAGATGAAGAAGATTATGAATTAGCCTTGATGGCAGAAAAAGATAGTACAAGAGATTTTAAAGAATTACTAAAAGAATGTGATATTGACTATGACAGCTTATAAATTTGTAACTACAACAACTTTT
NZ_CP084144.1_gap49	1763685	1765217	1532	CTTCATTGATTTATCTTGTTTCAATGTTAAAGGTAATAATAATATTTTTATTATTATTGTAACTATTATTATTGAAATACCAAAGTTTCCTACATATTTATCAGTAGTATTTAATAAAAACGCTAAAAATTGTCTTATATAACTCATTCTTCCTTTTTTCCCTCCGAATTTTTATTTTTTCTTTTTGGTACAGGATCGTACCCTCCCTCATGAAAAGGATGACATTTTAATATTCTTTTTATTCCTAAATATGTCCCCTTAATAGCTCCATATTCTTTAATAGCTTCTAAGGTGTATTGTGAACAGGTTGGATAAAATCTACATTTTGCTGGAAACATTGGAGAAATAAATTTTTGATAAAATCTGATTAACAGTATTAATATTTTTTTCATATCTTTTCCTATATAATTTTAGAATTTTTAAACATCCTATCTAAATCTTTTTTTATATCTTGGTATTTTAAATTTTCTATATTTTCTCCAAATTTTTTCTTAGCTACTATGATTATATCATAATTATCGTTTAATTTATTTATATTTAATCTAATATATTCTCTAAAAAGTCTTTTAATTCTATTCCTACAAAATGCTTTTCCTATTTTTTTACTGGCAACAAAACCAAATCTTGAACATTCTAATTTATTTTTATTAAAAAAAATAAGAGAGTAACTACCAAAATATTTATTTCCAAGATTGTATATATTTTGAAACTCTCCATTCTTTTTTAAAGTATTCATTATGTCTCCAAAAATAATTCTAGGTAAAAACCCAGTGTTTTTCACTGGGCTTTATGCTGATAATTTAGATCTTCCTCTAACTCTTCTTCTTTTTAAAACTTTTCTTCCATTTTTAGTTGACATTCTAGCTCTAAAACCGTGATCTTTTTTTCTTTTTCTTTGATTTGGTTGAAATGTTCTTTTCATAAAATATATTCACCTCCAAAAAACTACTGTATTCAGTTTAGAATTTTACAAGTTATTTGATATTTTGTCAAGTATTTATTTATAGAATTAATAACTAATTTTAAAATGCTAGTTGTGTTTTTTGTAGATTATGTTATATGTAATGAAATTAAAAAAAATTAAAAGACAATCAAAATTTAGAATTTATTTGAAGAAAGATGTGAAAAGTATTTTTATTTTTATTTTTATTAATATACATTAAAAATAAGTATTGAATTTTTTATAAAATTTTTATTTAAGAAAATTTTTTTATTGAATATAGAAGAAAATTTCCTTATATATTTTATTTTTATCAATATACATTTTTTAAATTATTATTTTTTAAAGATTTTTATCAATATAAAATTTTTTTCTTTTAATTTTGCTAAAAAGTAAAATATTATTATAGATATACATTAAAATTTTATTTTATTTTCAATATTTATTTAATAGATAAAAATTTAAATCCAGTAAATTTTATAATTAAAAATTATATTTTTTATTATTGAATATATACAAAAAATATGATAAAATTTTTCTGTAATATTTTTTATTTTTAATTATATACATATTTAAAAAATATTGCAATAAC
NZ_CP084144.1_gap50	1799253	1801179	1926	AATATTATCCATTTTGATTTTTTCATTTTTAATGAACATTGCTTTTGTAAAATACAGAGAATTTAAAGAATTAAGAGATATAAATGAAGCTAAAACAAAAATAACAGAAGCCTTTTATTTGGTGTCAACGACTTCTTTGAAACAGAAAACAAAGCAAGAATTACAATTAGACTTATCTGCAAAAAAGATTATAATATCAAATAAATCACTTAAAACACAAGAAATAAAACTTCCTAAAGACTTGATATATTACCACACTTATACATCAAATTTAAATTCTTTAAAACTTTCTTTTACCAAAAATGGTAATATTTCAAAATCATTTTCAATTTATATTTTCAATAGAGCTAAAAAAGTAAGATACAAAATATCATTTTATGGTTTTGATAGGAGTAAATTCTTGAAAATCAATAATTATCGTAAAAAGAAAAATAATGAAATATCCTATTCAAAGATATTAGACTATCATAAATCAACTAATGAAGATAGAGAAACTTTCTATAAGGATTGGAGACGAGAGTGATGAAAAGATTAATATTAGTCTTATTATTTTTGTTTATATGTATACAAATTTTTTCCATTCAATCTAAGAAAAATTTAGTTAAAGTTGATATTATTGGAAAATCTGGGGTAAAAAGTTATTATGTAAATTTTTCTAATGAGCAGAATTTAGACAGTTTTGAAATATATGATACATCAGATTAAAAATAATTCATTTATTTGAATATAGCATAGAAAATAAATGAGTTACATTTCAGATTTTAGGATAAAAATTAAATAGAATGAGCCGAGCAAATTTATTTTGTAATGTAGATAAAAAATAAGTGAAATTGCATTCTAAATTTTAGGTGAAAAATTGAAGGAAATGAGCCGAACAAATCTCGGCATGTTTGAGCTAACTTGTTAGCGAGTTTGCCGAATTTGTAGCGAATGTCAATTTTTCATCGTTAAGAAATTTAGCTAGCAATGAACTATTTTTTACTACTTTTCTTAATCTGGCTAGTAACGAATGATTTTCTATATATTATAGTTGATAAGAAAGGAATAAAAATGGAAAATAGTTCTGAAAAAATAGAAAAATATTTTAAAAAAGCTATTAATAGTAGTATAAACAATAATAAAAATTCATATATTGAAGATATAGAAGAGCTATTTATCCGTGAAAATGTCAATTCTAATAAAGGAATTTTTTCAATATTGTTAGAATCTATAAAGTTTTCAGCAAGTGATATTCATATTGAAGCATTGACAGATAAAATAAGAATAAGATATAGAATTAATGGTATTTTAAAAGAAGTAGCAGAAATTGATAAATCTTTTTTATCTTCAATAGTTTCTAAATTAAAAATTTTATCTTCTCTTGATATAGTTGAAAAAAGAAAGCCCCAAGATGGTAGATTTTCTTTAAGATATAAAGGAAGAGAAATTGATTTTAGAACTTCTATTATTCCAACTATGAACGGAGAGAAAATAGTAATTAGAATTTTAGATAAATTTAACTATAACTTTACCTTAGAAGATTTATATTTATCAGAGGAAAACAAAAGAATTTTCTATAAGGCTATAAATCAAAATAATGGAATTATTTTAGTAAATGGACCAACAGGTTCAGGAAAATCAAGTACACTATATAGTATTTTAAAATATAAAAATAGAGAAGAAGTTAATATTTCAACTGTTGAAGATCCTATTGAATATCAAATTGAAGGGATAAATCAAGTACAATGTAGAAATGAAATAGGCTTAGGTTTTGCAACAATTTTAAGAGCATTATTAAGGCAGGATCCAGATATTTTAATGGTGGGAGAAATAAGAGATAGAGAAACAGCAGAGATTGTCGTTAAAGCCTCACTTACAGGGCATTTAGTTTTTTCAACTCTACACTCAAATGATAGTTTGGGTTGCATTAATAGACTTATAAATTTA
NZ_CP084144.1_gap51	1807494	1810042	2548	TCAAAGTTTTGCAAGAAGTAGAAAAGATGGGGATAAGTTAAAAGTAGCTATGGTTTTAAATGGAAGTGAAGGGAATATAAAAAATTTTTTTAGAGAGATAGAAAATGAAAATTATGATATTAATTTTTCTTCTTCATACTTAAAAATCAGTGTAGATAAGAATTTGCTGGAAGTAAAAACAACTTTATCGGCTAGTGTTTTAGATAAAACAGAAAAAATAGATAGTCTTATTAACAATAATATAAGTAATAAAGATATTTTTAAAAGAACTAATAAAAACTCTGAGGGGGAAGATACTACATATTCATATATGAGAATAGGAGATAAGACATATTATAGAGTTTCCAAGAAAAAAGAGATTGAAAGTAAGACTACAACTGAAAATAAAGAAGACAAGAAAAATAAAAAGAATAAAGATAAAAAATCTAATAAGAAAGAGGAGGATAAAAAAAGTACGGATAATAAAAAAGAAGAAGTTAAAGAAACTTAAAATATTATAGAAAGTAAAATTAATTTTTCTTGAAGTAGTCTAAATAACCTTAAATAAAACTACTGCGACGTCCATAAATGTTTGGAGAGCCTTTGTGGAGCTCGAAAAACATTTATGGCTGTCAAGTAATTGATACTATAAATAAAGAAATACTTAGTAAGTTAATTCAAGAAAAAATTATATATATGTTAATTTATTATTTATTAAAAAACTATAAAAAAGGTGAGAATAGATGAAAAAATTTACTTTAATCATATTTTTAATTTTAAATACCTTTATATTTCCATCTGCTTTAAATCGTGATATAGACATTATAGATATGCCTTTACACGAAGTTTTAGCAGTTTTATCTAAGGAGACGGGAAAGAATTTAATTTGTTCTAAGGAAGCCAAAGATATTGTGATAGATACATATTTCAACAAGGGAGAAGATGTAAACTCAGTTTTACAATTTCTTGCTGAAAGCTATGATTTATCAATAAAAAAAGAAAATAATACTACAATTTTTATGTTACAAAGTGAGAAAAACACTAAAAAAGCTAAAATTATAGGTAAGATAACTTCAAATAATATAGCTTTAAAAAATGTAAAGATAGAATTAAAAGATTTGAATAAAGTAGTTTACACAGATAACAGTGGAAATTTTATTATTGATAATATACCCAAAGATGTATATGTCTGCAAGATTTCAAAGAAAGGATATGAAGAAAGAGGGGAAATAATAGATACTGTAAAATCAATTAATGTATTAAATGTTGATTTAAAAGAAAATCAAAATAATTATGAGAATAAGGATATTTCTGATGATTTATCAAATTCAAACTTCTATGAAATAGATGGGAAATTTTACTATACTAAAACTTTTTCTCTATTCAATGTTTCACCAGATGAAGTTTCAAAAATTTTACATGAAACTTTTGGGGAGAATATAAAGGTGAGTACTTTAAGTAAGGTAAATAAATTGGTTGTAAGTGCAGAAAGGGATATTTTAGAGAATGCTATATCTATAATAGAAGATATAGATAAAAATCCTAAACAAGTAAAAATAACTTCTCAAATTTTGGATATATCAAATAATTTATTTGAAGAATTGGGCTTTGATTGGGTATATAAGCAAAATGTTGAAAGTCAGGAAAGAAATAGTCTGACAGCAATGATTTTGAATAAAGCAGGAGTAAATGGTGTGGGAAGCACTGTAAATATAGTAAGACAATTCCATAATAAAAGTGATGTATTGAGTACAGGAATAAATTTATTGGAAGCAACCAATGATTTAGTTGTGAGTTCAGTTCCTACACTTATGATAGCAAGTGGAGAGGAAGGAGAATTTAAAGTAACAGAAGAAGTTGTTGTCGGAATTAAAACTCATAGGGAAGATAAAAAGGATAGATACAGCGAACCTATTTTTAAGGAAGCAGGTTTAATAATGAAAGTTAAACCTTTTATTAAAGATAATGATTATATAATTTTGGAAATTAGTTTAGAATTAAGTGATTTTAAGTTTAAGAAAAATGTTTTAAATTTGAAAGATATAAATTCTGGAACATATAATTCAGAGGGAGGTTCTAAGGTCGGTAGAGGACTTACAACAAAAGTTAGAGTTAAAAATGGAGATACAATTTTACTAGGAGGATTAAAAAAATCTATACAACAAAATATAGAAAGTAAAATTCCGATTTTAGGAGATATTCCTATAATAAGTTTCTTTTTTAAAAATACTACTAAGAAAAATGAGAACTCTGATATGTACATAAAACTTAAAGTTGAGATAGATGAGTAAAAAAATTTTTAAAAAATAGGGTAAATTCATTTTATATTCATTTTTCTACTATATACTTAAAACATATAAGGGAACATAGATAAACCCCTCCCTAATAAAATGAATATGTAGATAGAAAAACCACAAGTCTCTCCCCTCATTTCTTGTGGTTTTTTGTATTTCAATGAATATGGTATAATATAAAAAATATTTACAAGGAGGAGGGTTAAATGAAAAAAGGAATAGGAGTAGGAATAGAAGATTTTAAAAAAATAATAGAAGAAGATTGTTACTATTTT
NZ_CP084144.1_gap52	1811812	1815858	4046	GAAAATCCAAAGATAACTTCTGAACAAGCAAAAGAAATAGCATTAAAACAATCTAAAAATGGAAAATTTAAAGAAATAGAATTAAAACATAAAAATGGAGTATTAGTATATGAAGTAGAAATTGCAGAAGGATTTATGGATAGAGAATTCCTAATAGATGCAAATACAGGAGAAATTTTAAGAGATAAAAAAGATTTCTAATAGTTACCCACCCTAATAAAGTTAATATAGATAGAAAAACCACAAGTTCCCCCTCATTCTTGTGGTTTTTTACTATTATTTTTATTTTAAGCAATTTAATTTTAACAGGAAAATTTTATTGTCTCAACTTTTTTTATACAACCTAGAGCCAAAGAATAAAACAAGAGAGCCTTTATAATGGAATTTAAGTCAACGTATAGTGTAGAAAAATTAGAAGAAGTCTCAAAAGAAGCGTTAGAACAGATAGAAGCTAAGAAATATGATATATCATTGAAGTAAAATGGAATAAAAGAGCTAACATACTTAGGTATAGCATTTTGTGGAAAACAAATTAGAATATCTTCTAAATATTAATAATGTTCATTGACAAAATATGATATATGAAATATTATAGAAGTAAGTACTAACTATTATTAAATTATTGGAGGAAACTATGAAAAAAAATTTTTTTGGGAAATTGTTTGGGCTGACACTTTTAATGTTTACTCTTTTGTTTACAGGAGCTTCTGCTGAAACATATGAAGGAACAGGACTAGGGTATGACAAAGATGGGATAGTTTTAGATGTAGAAATAACAAATAATAGAATAGTTGATGTAAAAGTAAAAAGAGCAAAAGAATCAGAATTTGCAACACCTGCTATTCAAAAGATTGCTAAAAAAGTTATAGCAACTCAAAGTTTAGATGTTGATGGAGTTTCAGGAGCATCTTTAACAAGTGAAGGAACTAAGGAAGCTATTGAAGAAGCTGTTAAAAAAAGTGGGATAACTCTTACAACAGTTACAGTACAAAACACAAAAGCTGTTGAATTACCAAAAGAAGGTGATGTAGTTGTAATTGGAGCTGGTGGAGCAGGTTTAACTTCTGCTATTGCTGCACATGAAAAAGGAGCTAAGGTTATTTTAATTGAAAAAACTGAGCTTTTAGGTGGGAATACAAACTATGCAACAGCTGGGCTTAATGCAGCAGGAACAAAAATACAAGAAAAATTAGGTATAAAAGATAGTCCAGAACTTTTCTATGAAGATACAATGAAAGGTGGAAAAAATAAAAATAATAAAGAGTTAGTAAGAGTTTTAGTTAATAATTCAAGTGCAATAGTTGATTGGTTAACAGAAAGAGGAGCAGATTTATCAGAACTTACTTCAACAGGTGGACAAAGTGTAAAAAGAACTCATAGACCAACTGGTGGATCAGCAGTAGGACCTAATATAGTGGCTGCACTTTCAAAAACTGCTGAAAATGAAAAAATAGATATAAGAAAAGGAACTAAGGCAATAGCATTAGTAAAAGCTAAAAATAGAATAGTTGGAGTAAAAGTAAGAGAAATTGATGGTAAAGAATATACTATTAAAGCAAAAGCTGTAATCGTTGCAACAGGTGGATTTGGGGCTAATGCTAAAATGGTAGAAAAATATAATCCAAAATTAAAAGGTTTTGGTTCAACTAATAATCCAGCAATAGTTGGAGATGGAATTATTATGGTTGAAAAAGTTGGAGGAGCATTGGTTGATATGAGTGAAATTCAAACTCACCCAACTGTTGTATATAATAAAACTAATATGATAACAGAAGCTGTTAGAGGAGAAGGAGCTGTCCTTGTAAATAGAGATGGTAAAAGATTTATAGATGAGCTTGAAACAAGAGATGTTGTTTCTAAGGCTATATTAAATCAAAAGGGAAAATTAGCTTTCTTAATATTTGATGAAGGGATAAGAACAAAATTAAAAGCAGCTGATGGTTATGTTAAAAAAGGTTTTGCAGTAGAAGGAACACTTGAAGAAATAGCTACTAAAATCGGAACAGATACAAAAACTTTGGAAGCTACATTAAATAAATATAATGAAGCGGTGAGAAATAAAGTTGACAGTGAATTTAATAAGAAAACTTTACCTAAGGAATTGACTGGAACTAAATACTATGCAATAGAAGTTTCACCAGCAGTTCATCATACTATGGGTGGAGTTCGTATCAATACTAATGCAGAAGTACTTGGTAAAAATGGTAGACCAATAAAAGGACTTTATGCAGCAGGAGAAGTTACAGGTGGAATTCATGGTGCAAATAGAATAGGTGGAAATGCAGTTGCAGACATCACTATATTTGGAAAAATTGCAGGAGAAAATGCTGCTATTTATTCAAAATCTGTAAAATAACATATTAAAATAAATTTTTAGTAAAGACAATTATATGAAATTAAAATTCATATAGTTGTCTTTTTTATCTTAAAAATAAAAACATCACTAATTGCAGTTAGTGATGTTTTGCCTTGTTATTTTGCAATCATTGTATAAGATATATCTCTATATCTTTAAAATGATTATAACACTTTACAAAATAAAAATCAATGCTATAATTATTTTGCCTTTGTTATCTTTCTTTATGTAGCCTTGGAAGGAGGTGAAATATTGAAAAGGCAATTATTGTATATTTTGATATTTGTAATAGTTGCAATATTGTTATTTATATCTAAAAACATTAGCATCACAATTAATTTTATTTTTTAATTAATTGATAGTTTTATGTGGGTTGTAATTGCAGTTGCAACCTGCTTTTTTTATTGTTAATTTTTAGGCATTGTGGTATAATTCTTAAATTAATATAATAATAAATTAGGGGGTATAAAAATGAAAGATATAGTATTTTTTTGCTATCCAAAATGTTCAACTTGTCAAAAAGCAAAGAAATGGCTTCAAGAAAATTCAGTAGAATTTACAGAAAGGGATATAGTAAAAAATAATCCTACTGAGGCAGAATTAAAAAAATTCTATAAAAAAAGTAAAAAAGAAATAAAGAAATTTTTTAACACAAGTGGAATTTTGTATAGAGAAATGGAATTAAAAGATAAATTGCCAAAAATGACAGAAGAAGAAATGTTAAAATTATTAGCAACTGATGGGAAACTTGTAAAAAGACCTATGATAGTTACAAAAGATTTTGTTTTAAATGGCTTTAAAGAAGAAGAGTGGAAAGAATTATTAAAAAAATAATTTTTAATTATATATGTCAATTACTTGACAGCCTATAATGTTTCTTGAGCTCCACAAAGGCTCTTTCAACATTATAGGACATCGCAGTAATCTCACAAACAAATTTATTATTTTTTTAATAATTATTATGAAGAAAGGGAAAATAAAATGTATAATATGATAGATGTTGTTACAGCAGGGTTTGCATTATTTGCAATGTTATTTGGGGCAGGAAATTTAATATTCCCTCCTATGTTAGGATATCAATTAGGTAGTAGTTGGGGAGTAGCCTCATTTGCTTTTATCTTAACAGGGGTTGGTATTCCACTTATGGGAATTATTGCTTCTGCAAACGCTGGTAAAAGTTTAGATAGTTTTTCAGATAAAGTTTCACCTTTATTTGCAAGATTTTATGGGATAGCACTTATTTTATCAATAGGACCACTTTTGGCACTGCCAAGAACAGGTGCAACAGCTTATGAAGTTACTTTCTACCATGCAGGATTTACAACTTCAATTTGGAAATATGTCTATTTAGGAATTTATTTCTTATTGGCATTGTTATTCTCATTAAAATCATCAAAAGTTGTTGATAGAGTAGGAAAAATTTTAACACCTATACTTTTAATAGTTCTTTTTATAATTTTAGTTAAAGGTGTATTTTTCAATGATTTACCAATTACAGAAAAAGTGTATGAATTACCATTTAAAAAAGGATTTATAGAGGGTTATCAAACAATGGATGCTCTAGCAACCATAGTTTTTTCAACAGTTATTTTAAATGCTATAAGAGGAAAAACTGAACTTACTCCTAAACAAGAATTTTCATATTTATTAAAAGTTGGACTTATTGCAGCAGCTGGACTTGCAATAGTCT
NZ_CP084144.1_gap53	1829005	1831835	2830	TTAATGGAGGGCTAAAAATGTTTCTATTGGCACAAGCAAGTGATTTAATATACTTATTCTTACTAATGTTTTTAAGTGAACATGTTTTTAAAGTTTCAAAAGAAATACAACAGGGAGTCATTTTTATGTTTATTTTGACAAAAATTTCATTTTTATATTTTTATATAAATGAAGAAAAATATGACACTAAAACTTTTGTTTCGTTAAGAATTTTCATATTTTTAGTACCTTTGTTATTCATTGTAGGGAACTATTGGAAGATACCAATTGTTAATTATATAGGAGGAGCTTTATTACTTTTATTTTTAATTTCATTGATATTTAATTTTATAACCATATATAGAATTTCTGAATTTAAAATATGGAGGACCATATTAGTTATTTTATATTTGTTTGTTTCATTTTATTTATTATTATTTATGATGGTTATGATAGGGGAGGGATAATTATGAAATATCTAAAAATATTAAGTTTCGTTATTTTTTTATTTATTATAGGGCATCTTTTTACAGAATACACATCATTACTTTCAATAATTCTAATACCCTATTGTCTTTTAATTTTGATTGAATATGCTTTATTTGTAAGGAAAAAATAAAAAAGGAGTTTTCAAGCTGCCATACTTTACTAACCCCTTAGCATTGATTTTTTACAAGAATCTAGCCAATAAACTTGTAATACTATCTTCAATTAATAAGTAAATAACTATTTGGATAGATACAACAAAAATTAAAGTTAGTATTAAGATGAACTTCCTAAACATATTGCACCCCCTTTCAAGAGGAAGGAACAAAAAAATTATAACATATTGTATAAAATAAATAAATATGCTATAATAACCTAGTAACAAAGCAATAAAAAGGTGAACTTTTTAAACAAAGGAACAAAAAGTCAGGACTGCCATAAATGCCTGACTTTTTTATTTTATAAATTTTCTTACTCTATAAAATAAATAAAAAATATGGTACAATATACAATACTAATTTAATAATCATAAGGAAAAAATATAAGGGGAATGTGATGGAAAAGATTTATAAAATTGTAGCAGATGAATTAAAAATTCCAGTTGATAAAGTTGAGAACACAATAAAACTTTTGGATGATGGAGCTACTATACCTTTTGTTGCAAGATATAGAAAAGAAGTAACAGGAAATTTAGATGAAGTACAGATAGGAGATATTTTACAAAAGGTTGAATATTTAAGAAATTTAGAAGAAAGAAAAGAAGAAGTAATAAGACTGATTGAAGAACAAGGAAAATTGACAGAAGAACTAAGAAACAGCATAATAGAAGCAAAAATTTTACAAGAAGTTGAGGATATTTATTTCCCATACAGAAAGAAAAAGAAAACAAAAGCTGACATTGCTAAGGAAAGAGGTTTAGAGCCATTAGCAGAAAAATTTTATACAGCTAATAACTTAGAAGAAATCCAAAATCTAGCAAAGGATTTTATAACAGAAGAAGTACCAACAGTTGAAGATGCAATAGAAGGAGCTATGCTTATAATTGCACAAAATATTTCTGAAAAAGCTGAATACAGAGAAAGAATAAGAGAAATCTATTTAAAATATTCTATTATAGAATCAAAGGCTAGTAAAAAAGCAACAGAATTAGATGAGAAAAAAGTCTATAATGATTATTATGAATACAGTGAAAAAGTTGAAAAAATGCCATCACATAGAATACTTGCATTGAACAGAGGAGAAAAAGAAGATATATTAACAGTTCATTTAAGACTTGAAGATTCTGATAGAGAAAGAATTGAAAGTATGATTCTAAAAGAATTTCCTAAAAATGATTTAGTTGAAACTTACAAAGAAATTATAAAAGATTCTTTAGACAGACTTATAGTTCCTTCTATTGAAAGAGAAGTTAGAAATGCTCTAACAGAAAGAGCCGAAATTGAATCAATAGCAGTGTTTAAAGATAATTTAAAGAATTTACTTTTACAAGCACCTTTAAAAGAAAAAAATGTTTTGGCACTTGACCCAGGATATAGAACAGGTTGTAAGGTTGCAGTTATAGATAAATATGGCTTTTACAGGGAAAATACAGTATTTTTCTTAGTTGAAGCTATGCACAATCCAAGACAAATTCAAGATGCTAGAGATAAATTTTTGAAATTAGTTAAAAAATATGATATAGATATTGTGAGTATAGGAAATGGAACTGCTTCAAGAGAAACAGAAACTTTTGTTGCCAATATAATAAAAGAAGAAAAGTTAAATGTAAAATATTTGATAGTTAATGAAGCAGGAGCTTCTGTTTATTCTGCCTCAAAGATTGCAGCAGAGGAATTTCCAGACTTAGATGTTACAGTAAGAGGAGCAATTTCAATAGGAAGAAGAATACAAGATCCACTTGCAGAGCTTGTAAAGATTGATCCTAAGTCTATTGGGGTTGGAATGTATCAACATGATGTAAATCAATCTAAATTAGATGAATCTTTGGATAATGTAATAAGCCATGTGGTAAATAATGTTGGGGCTAATATTAATACTGCCTCTTGGGCTTTACTTTCTCATATTTCTGGAATCAAAAAGACAGTTGCTAAGAATATAGTTGATTACAGAAAAGAAAATGGAAACTTCAAGAATAGAAAGGAAATTCTAAAAGTTAAAGGTGTTGGACCAAAAGCCTATGAGCAAATGGCAGGTTTCTTAGTTATACCAGAGGGAGAAAATATTTTAGATAACACAGTTATTCACCCTGAATCTTATGGAATAGCAGAAGCTATTTTAGGAAAAATAGGTTTTGATTTAGAAAAATATAATAATGAATTAAATGTTGCAAGAGAAAAATTAAAATCTTTTGATTATAAGAAGTTTG
NZ_CP084144.1_gap54	1833211	1833997	786	AAAAATAGGTATAGATAGTGAAAAAGATAAGAATGGAATAGATTTCCAAGAAGAAAATCTCTATGAAATTCGTTCAATTTCAAACTCTTTAAAGTTTATGGCAGAGAGAATAGAAGAAAATGAAAAACTTTTGAAACAAAATAATAACAAATTAAATACAAACTTAAATAGGTTAGTAGCAGTTGAAAAACTATTGATGGAAACTGATTTAGTTAGAAGTTTTCAAGAAGGCATAAATAAAGTTTTAAGTGCTTTAACATCAGAAGTTGGTTTAGGGTACAGTAGAGCTATATATTTAGAATACAGCGAGGAAAAAGATGAGCTTTCAGTAAAAAATTATGCTATAAATCCTTCTATATCAACAAATATGGAAAAATATACAAAGGGGACAGATGGTTTTACCTTTCAAATTAATAATATAGGTGAGATGAGACCTCTTTTGAATATAAAATATGAGCCGGGTGGAATATTTTGGGATAGTATGGAATCAGGGAAAATAATCTATCACAATGACAAAGGTTTTAAGTATACCTATGGAAATAAATTATTTAAAACTCTTGGTTTAAAAAATTTTATGATATTACCTATTGCTGATAAAGAGATGAAAATAGGCTGTATATTGGTTGATTATTTTGGAAAAGATAACTTAATTTCAAAAGAAGAAGTTGAAGTAAATAATTTACTATTGATGAACTTATTGATTAGAATTAAGAATGCTATGCTGGAAGAAAGCAAACTTATGAAAGAAAGATATTTAACAATGTCTAAGGTTTCTAATAAGTTTAT
NZ_CP084144.1_gap55	1841803	1845515	3712	TAAGCCTAAAATGCTAATCATTCGCTAAAAAGCAGAACTCACTTCGTTCAAACAACTGCTTTTTTGACGCTCATTAGCATAGCATTTAACGGCAAAATTCGTCATTCGCAGTTCGTTTGTTTTATTTAGCATTTAATATAAAAGTTTATAAAGAATGAGTGAAATTGCATTCTAAATTTTAGATGAAAAATCAAATAGAATGAGCCGAGCAAATTTCAACATGTTTGAGCTAACTTGTTAGCGAGTTGGTTGAATTTGCAGCGAATTCTTGATTTTTTATCGTTAAGAAATTTAGCTAGCAATGAATCATTCTTATAAATGGTATATAAGGAGTATTTAATGGATAAAATTTATATAAGAGATTTGGAATTTATAGGTTATCACGGAGTTTTTGAAGAAGAAAAAAAATTAGGTCAAAAATTCTTTGTAAGTTTGGAACTTACCACTAATTTAAGAGAAGCAGGCTTAAATGATGATATAACAAAAACAACTCATTATGGAGAAGTTGCAGAAACTGTAAAAAAAATATTTTTCCAAAAAAAATATGATTTAATAGAAACTTTGGCAGAGGATATAGCAAGAGAAGTTTTGCTTAATTACCCTTTGATAAGTGAGTTAAAGTTGGAAATAAAAAAACCTTGGGCACCAGTGGGTATACCTCTTAAAGATGTTTCTGTTGAGATTACAAGAAAATGGAATGAAGTATATATCTCATTGGGGTCTAATATGGGGAACAAGAAAGAAAATTTGGAAAGAGCTATAAAGGAAATAGCCAATATAAAAGATACCTTTATTATAAAAGAAAGTAAAATTATTGAAACAGAACCTTTTGGTTATAAGGAACAAGATGACTTTTTAAATTCTTGTATAGGTATTAAAACTTTATTAACACCAAGAGAAATTTTAAAAGAGCTATTTTCCATAGAGAAGAAAATGGGAAGAGAAAGAAAAATTAAATGGGGTCCAAGGATTATTGATTTAGATATAATTTTTTATGGCAAGGAAGTTATAGAAGAAGATGATTTGATAGTACCTCATCCATATATGGAATACAGAGAGTTTGTCCTAAAACCTTTGGAAGAAATAATACCTAATTTTGTTCACCCTTTGCTTTTAAAAAGGGTTAGTACACTTAAAAAGGAGCTTGAAAATGAAAACAATTAGTTGTGGAAACAAAGAAATTATTTTAGGAGAAAGAACCTTAGTAATGGGAATTTTAAATGTTACTCCTGATTCTTTTTCAGATGGAGGAAGATATAATAATTTAGATTCTGCAATGAAACAAGCTGAGAGACTTATTTCAGAAGGAGCAGATATAATAGATGTAGGTGGAGAATCTACAAGACCAGGGCATACTCAGATAACATCAGAAGAAGAAATTTCAAGAGTAGTGCCTGTTATAGAGAAGATTTCTAAGAACTTAGATACAATAATTTCTATTGACACATATAAATATGATGTAGCAGAAGAAGCGATAAAAGTAGGTGCAAATATAATAAATGATATTTGGGGTCTACAATATGACAAGGGAGAAATGGCAGAACTTGTAAAAAAATCTAATCTTCCAATTATTGCAATGCACAATCAAAATGATGAAATCTATAATAAAGATATAATGTTAGTTTTAAGAGAATTTTTTGAAAAAACATTTAAGATAGCAGATAAATATGGAATAGATAGAGATAAAATAATTTTAGATCCAGGCTTAGGCTTTGGGAAAAATGTTGAACAAAATATAGAAATTTTATCAAGATTAAATGAATTAAAAGATATGGGACCTATTTTATTGGGAGCTTCTAAAAAAAGATTCATAGGTAAACTTCTTAATGATTTGCCTTTTGATGAAAGAGTAGAAGGAACTGTTGCAACTACTGTAATAGGTATAGAAAAAGGAGTTGACATAGTGAGAGTTCACAATGTCTTAGAAAACAAAAGAGCCTGTTTGGTTGCAGATGGTGTATATAGAAAGAGAGGATAGATTTGTATGGAACAAGAAAAGCAAAGAACGATTCAAGAATATGTACCGGGGAAACAAGTTACACTAGCACATTTAATTGCAAATCCTGATAAAGATATGTGTATAAAGTTAGGACTCGATGAAGAAAAAACAAATGCTATTGGTATACTCACTATTACACCCGGGGAAGCTGCAATAATAAGTGCTGATATAGCAATAAAGTCTGGAAGTATTGAATTAGGGTTTTTAGATAGATTCAGTGGAACGCTTTTATTGACAGGAGATTTTGCAAGTGTAGAATCATCTCTTAAAGCAGTTCTAGCATTTTTACAAGAAACTTTAAAATTTTATATTTGTGAGATTACGAGGTCATAAGTATGAAAAAAATAATGTTAATAGGTAGGACAAGTTGTGGTAAAACTACTTTGACACAAAAATTAATGAATGAGGAAGTAAAATATAAAAAGACACAGGCAGTTTCATATAAAAGTAGAATTATAGATACTCCCGGAGAATATGTTGAAAACAAGATATATTATAAATCATTATTGGTGTTATCAGCAGATGCTAAGATAATAATTTTAGTGCAATCAGCCATAGATGGAGCAACATTGTTTCCACCAAAATTTTCAACTATGTTTCCTAAAAAAGAAGTTATAGGTTTAGTAACTAAAATAGATTTAGAAGGTGCAGATATAGAAAGAAGTAAAAGATTTCTATTGGAAGCAGGAGCAACAGAAGTATTTACAATAGGACTTAATGATAAAAAAGGTTTGGAAGCAATTAAAAAAAGGTTGGTAATGAATGAGTCTTAGAGTTGTAGTAGTAGAAGATGAAACACTTACAAGAATAGATTTAATAGAAATATTAAAAGAAAATGGCTATGATGTTGTAGGAGAAGCGGCAGATGGAATAGAAGCAGTTGAAGTCTGTAAGAAATTACAACCCGACATAGTTCTTTTAGATATCAAAATACCTTATATTTCTGGATTAAAGGTTGCTAATATTTTAAAAGAAGAAGGTTTTAAAGGTTGTGTTATCATATTGACTGCATATAATATTGCGGAATATATACAGGAAGCATCTAATACAATAGTTATGGGCTATATTTTAAAGCCCATTGATGAGGCAATTTTTCTTGAAAGATTAAATTTAATTTATAAAAACTACAAATTATATGATGATTTAAGAATAGAAGTTGAAGATACTAAAAAAAAACTTGAAGAAAGAAAAGTTATAGAAAGAGCCAAAGGGATAGTTATGTCTAAGTACACTCTATCGGAAGAAGAAGCATATAAAAAAATGCGTGATTTAAGTATGCAAAAAAGAATATCCATGTTCAAATTATCTGAAATTATTATTATGACCGGAGGTTTGGAATAATGCTAAAATTGTTATGCAAAATTTGTGCCACTTTAACTCCCTCAGATATAGATATTGTTGAACAGATGTCAAATGTAGCAACTATATTGAGTAACATATTAGATATGGATGTCTTTTTAGATTGTCCTACTAAAAAAGAAGATGAAGCTATGGTAGTGTTTCATGCAAGACCTGAAAAGAGTAGCCTATATAGTAAAGATATTTCTGGTGAAATAGCACATAGATTTAATGAGCCAGCAGTATTTAGAACCTTTGAAACAGGTTTACCTTCAAGGAACTATAAGGCAGTAACTCAGGAAAAAGCAAATGTCTTGCAGAATATACTACCTATTTTTAATTCTCTTGATGAAGTGATTTGTGTCATTATTATTG
NZ_CP084144.1_gap56	1864052	1866526	2474	AGAGTCCTGTATAAGTAAATCCTTACACATATAACTTTGCTCCCAAGTAACATGGAACACGAGGAATTCTGTGTGAATCAGTGAGGACCATATCTCATAAGGCTAAATACTCTTACTAACCGATAGCGCATAGTACCGTGAGGGAAAGGTGAAAAGAACCCCTGGAGGGGAGTGAAATAGAACCTGAAATTGTGTGCTTACAAGCGGTCAGAGCCCATTAGGGTGATGGCGTGCCTTTTGGAGAATGATCCTGCGAGTTACGTTAAACGGCGAGGTTAAGTATAACGGAGCCGAAGGGAAACCAAGTCTTAATAGGGCGATATAGTCGTTTGGCGTAGACGCGAAACCTGGTGATCTAAACCTGTCCAGGATGAAGCTGTGGTAAGACACAGTGGAGGTCCTAACCCACCGCCGTTGAAAAGTTGGGGGATGAGGTAGGTTTAGGGGTGAAAAGCCAATCGAACCAGGAGATAGCTCGTTCTCTCCGAAATGCATCTAGGTGCAGCCTTGAGTGTTCAATTATGGGGGTAGAGCACTGAATGATCTAGGGGGCATATTGCTTACTGAAATCAATCAAACTCCAAATACCATAATTTATAGCTCAGGAGTGAGACCATGGGAGTTAACTTCCATTGTCAAAAGGGAAACAACCCAGACCACCAGCTAAGGTCCCTAATTATAACTAAGTGGGAAAGGAGGTGGAGATTCACAAACAACTAGGAGGTTGGCTTAGAAGCAGCCATACCTTTAAAGAGTGCGTAATAGCTCACTAGTCGAGAGTCTCTGCGCCGACAATGTAACGGGGCTAAGTTATAAACCGAAGCTGTGGAATCCTTATGGATTGGTAGGAGAGCGTTCTGTAGGCTGTTGAAGAAGAAGGGTAACCAACTTTGGAGGTATCAGAAGTGAGAATGCAGGAATAAGTAGCGAGAAAGGGGGCGAGAATCCCCCTCGCCGGAAGACCAAGGTTTTCAGGGTAAAGCTTGTCTTCCCTGAGTAAGCCGGGACCTAAGCCCAGGCTATAATGCGTAGGCGAATGGAAAACAGATTAATATTTCTGTGCCAGTCATTTATTGTGATGGAGGGACGCAGAAGGGTATGTACGCGGACGATTGGTTGTGTCCGTAGAAGTATGTAGGGTGACTTAGTAGGTAAATCCATTAAGTTATATCTGAGGTATGATATACAGTCGTAAGATGAATGTACAAATCCCACGCTGCCAAGAAAAACTTCTAACGTTAATATATGACTGCCCGTACTGTAAACCGACACAGGTGGTCAGGATGAGAAATCTAAGGCGGACAGGCTAACTCTCGTTAAGGAACTCTGCAAAATAACCTCGTAACTTCGGGAGAAGAGGAGCCCTTGTGTGTGAGTATACACGCGATACAAAGCGCACGAGGGTCGCAGTGAAGAGGCTCAAGCAACTGTTTAACAAAAACACAGGTCTATGCTAAGCTGTAAGGCGATGTATATGGGCTGACACCTGCCCAGTGCTGGAAGGTTAAGAGGAGGAGTGAGAGCTCCGAATTGAAGCCCCAGTGAACGGCGGCCGTAACTATAACGGTCCTAAGGTAGCGAAATTCCTTGTCGGGTAAGTTCCGACCTGCACGAATGGTGTAATGATTTGAGCGCTGTCTTGACGGGAGGCCTGGTGAAATTGTATTACCGGTGAAGATACCGGTTACCTACAGTAGGACGGAAAGACCCCATGGAGCTTTACTGTAGCTTGGTATTGGGTTTTGGCATTGCATGTATAGGATAGTTGGGAGACTATGAAGGTATGGCGCTAGCTGTATCGGAGTCATCGGTGGAATACCAACCATTCAATGCTGAAATTCTAATCTGTGGTTTGTCGCCACGGAGACAGTGCTAGGTGGGCAGTTTGACTGGGGCGGTCGCCTCCGAAAGAGTAACGGAGGCGTTCAAAGGTTCTCTCAGGTTGGATGGAAATCAACCATAGAGTGCAATGGCATAAGAGAGCTTGACTGCAAGACTGACGGGTCGAGCAGATGCGAAAGCAGGACATAGTGATCCGGCGATTCCGAATGGAAGGGTCGTCGCTCAACGGATAAAAGCTACCCTGGGGATAACAGGCTGATCCTACCCGAGAGTCCATATCGACGGTAGGGTTTGGCACCTCGATGTCGGCTCATCGCATCCTGGGGCTGGAGAAGGTCCCAAGGGTTGGGCTGTTCGCCCATTAAAGCGGTACGTGAGCTGGGTTCAGAACGTCGTGAGACAGTTCGGTCCCTATCCACTGTAGGCGTTAGAATATTGAGAAGACCTGTCCTTAGTACGAGAGGACCGGGATGGACAAACCTCTGATGTACCAGTTGTCACGCCAGTGGCACAGCTGGGTAGTCACGTTTGGAATAGATAATCGCTGAAAGCATCTAAGCGAGAAACTAACTTCAAGATAAGTATTCTTTAAGATACCTTTGAGACTAGGAGGTTGATAGGTTGGAGGTGTA
NZ_CP084144.1_gap57	1922880	1923430	550	GTTTAAAATGAAAAAAATTATTAACACAACAAATGCACCAGCTGCACTAGGACCTTATTCACAAGCTATTGAAGCAAACGGAGTTTTATATGTTTCAGGACAAATTCCTTTTGTTCCAGCAACAATGACATTAGTTTCAGAAGATGTAGAAGCTCAAACAAAACAATCTTTGGAAAACATAGGAGCTATCTTAAAAGAAGCAGGATATGATTTTAAAGATGTAGTAAGTGCAACAGTTTATATAAAAGATATGAACGATTTTACAAAGGTAAATGGAGTTTATGATAAATATTTAGGAGAAGTTAAACCTGCAAGAGCTTGTGTAGAAGTTGCAAGATTACCTAAAGATGTAAAAGTTGAAATTGGAGTTATAGCTGTTAAATAGAAAAAATAAAATTAAAAAAAGTCAGGTGTACTATATCCTGACTTTTTTGTAATTGTTTTAATTTTTTATATCATTATGATTTCATCTTTTTTGATTATGTTTTGAATTTCCAGCATATTGAAATATTGGATTTAAAAGTTGAAATTCAAAAGTTTCTCTGTCAAC
NZ_CP084144.1_gap58	1931748	1934788	3040	AAGGGGAGTAGTTCATTAAAAATATAGAGGTGAAGAGCATGGATGAAAAATTTTGGGAACAAATAAATACTTTTGGAGAAAATGGAGAATTTGATAAAATTATTAGAGAAATTAAAAAACTTCCAGAAGAAAAACTTAATATAGAATTGATTAATGTATTAGGTAGAGCCTATATGAATTTAGGAGATTATGAAAATGCTCTTGATACATATTTGTCTTATATAGGAAAAAATAAAGAAGATGTTACAAATGCAGATATATGGATTTATTCTGAATGTGGTTGGCTATGTAATGAAGTTGGAGATTATGAACGAGGACTTAAATATTTATTAGAAGCTGAAAAATTAGGTAGAGATGATGAGTGGCTTAATACTGAGGTAGGGCAATGCTTAGGAAGGCTTGGAAGAGCAGAGGAAGGTATAGCAAGACTTAAAAAATCATTGAAATTAATTGAAACAGAAGCACCAGAAAATATTAATGAAAAGATTTTTATCAATTCTGAAATAGGATATCTTTATGGATTCTTAGAAATTCCAGAAGAAGCTTTAAAGTATTTTTATATAACAAAGGACTTAGGAAGAAATGATGAATGGTTATATATGCATCTTTGGTTCAATTTAGAAAGATTTAAAGGGAAAGAAGAAGCCTTAAAATATTTTGAAAATGAAGTGAAAGATAATGATAAAAATGTTGTTTTTTGGTCATCATTAGGACAAGTATATATGAATTTCTTAGAAAATTATGAAGAAGCTGAAAAAGTATTTAAAAAGGCTTTTGAACTTAGTGGAGATGGATTATATCTATATAATAGAGGAATAGCTTTGAGAATGCTTGGAAGATACGAAGAAGCAATAGAAATTCTTTTGCAATCAAGAAAAATTTCTGTTCAAGAGGAAGATGTAACAGATGGAGAAGATTCAGAGCTTGTTCGTTGTTATATAGCACTTAAAGATAAAGAAAATGCTAGAAAATATTTAGAATCTGCTAAGGAAGGGGTAAAAAATATTCCAGAAGAACATGTAAATGAATTTAAAAACACTTTAAAAGAATTAGAAGATTCGATAGCAAAAATATAAAAAAATTACTTGACATAATAAAAAAAAGGGGCTATAATAACGAAGTATCAAAAGTAAGTCGGAATATAGCGCAGTCCGGTAGCGCACCTGCCTTGGGAGCAGGGGGCCGCAAGTTCAAATCTTGCTATTCCGACCATTAGATTGCGGGAATAGCTCAGTTGGTAGAGCGTCAGCCTTCCAAGCTGAATGTCGCGAGTTCGATCCTCGTTTCCCGCTCCAAGTATAGTTATGGTGACCGTAGTTCAGTTGGTAGAGCGCCAGTTTGTGGCACTGGTTGTCGCGAGTTCGATCCTCGTCGGTCACCCCATTTGCGTCATTAGCTCAGTTGGTAGAGCACACGACTTTTAATCGTGTTGTCACAAGTTCAAATCTTGTATGACGCACCATCATTTATTTATGCGGGGATGGCGGAATTGGCAGACGCGCTAGACTTAGGATCTAGTGTCCCAGACGTGAGAGTTCAAGTCTCTCTCTCCGCACCATAAAATAATCAGCCAGTAGGCTTTTTTTAATCTTAATATATTGGGGTGTCGCCAAGCGGTAAGGCAACGGACTTTGACTCCGTTATGCGTTGGTTCGAATCCAGCCACCCCAGCCATATATAAAACTTAGTACTAGTGAGAAATCACTAGTTTTTTTATTATATATAAAAATTATTCATCAACTGATATTGAAATAAGTAATCTGTTAATACTATTTTTTAAGTTGAAATTATAGAAATAAAAAATAATATTATTTTAATATAAATATGTAAATAAAAAAAATTAACTGTCTTATTATAAAAAATTTTCAACAAATAATAAAACATATATTGACAGAAATTAATAAAATATCTATAATATAAAATATAAGCTTTAATTAAAGGGGAGATTATTAATGGAAGTTTACGAAATGAAATTAAAAGTAAAACTTAAAAAAGATATTTTTCTAAAAGATGTTTCCACATATATCACAAGATTTATGGATATGAATCTATCAGCTAATCCAACAATGTACAATTATCATACTTCTAAAATCTACAAAGGATATACATTTGACGGACTATTCCCTATTGAAGAAGATAAAATATATAAAAAAAATAAAGAATATTTTTTTAGAATTAGAACAATAAATCAAAAAATAGCTAATTATTTTTTAGATACTCTTATGTTCTTTGAAAATAAAGATATTCAAGGTTTGACATTAAATATAAGAGTAGTGGAGAAAAAATTAATTGAAAAGTTATATACAATAACTCCTATTTTAATGAAAACAGATGAGGGATATTGGAGATATTCTATGACTTTTGAAGAATTTGAAAAAAGATTAAAAATAAACTGTTTAAAGAAATATTTATACTTTACAGAGAATAATGATGATATAACTATTGATACTGAGCTTTTAAAGAGATTAGGAAAAGATAAATCTGATGATATAGATTTATTTACTAATATTAAATTTATTAACAGAATGCCTGTTCCAATTATTTATAAGGGAAGAAAATTAGTTGGAGATAAGGTTGAATTACAAGTTGCTAATAATGAGAAAGCACAAGATATTGCATATATGCTTTTAGGGACAGGGCTTTTAGAAAATTGTGCAAGGGGTTGTGGCTTTTTAAACTTTAAAAATTATGAGTAATAGGGGGTGTTATTTTGATTGATGAAGCATTAGAAGTATTTAGAAAAATCTATGATAAGGAGGGGGAAGAACTTGTTGTAAGTAAACATATTCCAAAAGATGGAACATATATTTTAGTAAATAAAAAATCAGGAAAAATTATAGAAACACTTAATATTTCCTATGATAAAAAAAGCAAAAAAATAAATGGTGAACTTAATCAATACTATGGCTATTTTAGAGCTTTTGATTATTATTCTAATCTAGTAGATATGAATAAACCAATGGATCCTAAAAAAACAATACACTCAAATCAGATTTATTCATTTTTTATAAAAAAAGATAGCATAAGAGAAAATAAATTA
NZ_CP084144.1_gap59	1937148	1939979	2831	AATTTACTTTAAGTGGTAATAGTGCCTTTTTTAAAGATAATGTAATCAACACTGTTTATTTAACATATGGAAATATACATAGAGTAGCTTTATTAGGAATGTTTGGAGCAATTTTAGGCTATGGTGGATATAGTAAACAAAATGATATGTTGAAGAAAAAAAATAAAAAAATGTCTGATTATCCAGAATTTTATGAGAAATTAAAAGATATTAAAATATCAATAGTTTCCAATGGAAAAAATGGTTATTTTAATAAAAAATTACAAACATTTAATAATAGTGTTGGTTATGCGTCAAAAGAAGAAGGTGGAAATTTAATAGTAAAACAATTCTGGTTAGAAAATCCTTCTTGGGATATTTATGTATTGCTAGATTGTGATGAAGCAAAGAAAATAGCAGACTATATACAGAATAGGAAAGCTATTTATCTTCCATATCTTGGAAGCAATGACCATTTAGCAAATATAATGAATGTAGAGATAATAGATATTGAAGAAAAGCTGAGTTCAGAAGATGAAATTATTGAAATTCTTTCTATGATAAAAGATAGTGATATATCAGAAAAGAAGAAAAATGTATTTAGTATAGATAAAAATTCAATAAGAGATGATATATATAAATATTCTGAATATTTACCAGTTACCTTATCAAAAGAATTAAATCAATATGAAAAAGAAAAAATGACAATTACTAATATGTCTGTTATATTAAAAAAATCTTATTATAAAGTGGAAGATAAAAACATTGTTTTCTATTAAAAGTAAAAGCTATTGCAATATTTAATAACAAGTTATATTTGCAATAGCTTTTAAAGTATTGTGGAGGGGACTATGACAAAGTTTGAAGATATATTTAGTTTTCAAGATAAGTATAAATACTTAGCACATATAAAGGATAATAGAAAAGAAACATTACAGGAGCATACAGAATTAGCAAATAAATATTTAAAAAAAATTATAGAATATAAAAATTTAAAACCATTTTTTGAAAGAATTAAAAATATTTTAAATTTGAAAAATCAAGAAGAAGAACTTTACTATAAAATGATAGATGATGTAGTAAATTTTCATGATTTTGGTAAAGTTAATAGTCAGTTTCAAATTGACAAAATGTTAAATGAAGAAATATTAAAAATGGAAGATAAATATAATATATTAGGAGTTCTAGGCTCAGATCATTCTCTTCTATCAGCAAGTATGTTTATAGCCTATTATTTTGGAAAAATTACTGATTTAATTGAAATAGTAGAAACAAAGAAAATAGTTATCTTATTTGAAATATTATTTGCTTTATCTTATGTTATTTCAAAACATCATGGAAATTTAGACAGTTTTGAAGAATATATTGAAAAATTATCAAGAAATAATGATGAAAATATTTTAAAAGAACTAAAAAATATTTCTGTGTCTAATGGAGGAATATTATTACAAGCTTTCTTAGAAAAAGAAAATATAACTATTTTTTTTAATTTTATAGAAACATATATATCTGAAAGAAAGAAAAAAGAAAATATTTCTTCACAGGAAGCAATGTCTATTTTTGTTTTTACAAAGATGATGTTTTCTCTTCTTGTAGCAAGTGATTATTATTCTACCAATGAATTTATGCAAGAGATAAAATATGAAGATTTTGGGAATATGGGAAATATAGATACAATAAAAAAAGAATATGAAAATAGTGAGATAATTAAATCTATCCGAGATAAAGAAAAAAATGGGATAGCAAATGATGAAGATATAAATAATTTTAGAACTAAAATTTTTTTAGAAGCAGAAAAAAATTTAGAAAAGAATAAAGAGGATAATATATTTTTCTTAGAAGCACCAACAGGAAGTGGAAAAAGTAATACAGCTTTAAATTTAAGCTTAAAATTACTTGATAAAGATAGAAGAAAGATTTTTTATGTCTATCCATTTAATACTTTGGTTGAGCAAAATATGAATACTTTAAAAAATATTTTTGGAAATAATAAAGAAGCAATAAAAAATATAACAGTAGTAAATTCTATAACAGCTTTAACAAATAAGGATAGTAGAGATATACCAATAGAAGAATATAGTGATATTTTAATGGATAGACAATTTTTGAATTATCCTTTTATTGTAACAACACATGTAGGGATATTCAATACACTAATAGGAAATACAAAAGAAGATTGTATGCCATTTTATCAGTTGACAAATTCTGTAATAGTCTTTGATGAAATCCAAGCATATAAAAATACAATTTGGACAGAAATTATAAAAATATTAAATTCTTATGCTAAATTATTGAATATTAAAATAATTATAATGTCCGCAACACTACCAAATCTTTCATACTTATTAGATGAAGAAGAAAAAAATAATATTTCAAAATTGATAAAGAATAGAGATGAATATTTTAATAATACTATTTTTAAAAATAGGGTTGAAGTAAATTATGATTTATTAAGTGAGCAAAAGATTGAGTATGAAGGATTACTACAACATATAATTGAAAATTCTTTAAATAGTCAAAAGATATTGATTGAATTTATAAGTAAAAATGATGCTAAAAAGTTTTATGAACTTTGTGAAAATAATGAAGACTTAAATGTTGATCATAAAATACTTATTCTAACAGGAGAAGATAATAAGGCTAGAAGAAATTCTATAATAAAAAAAATTAATAGTAAAGATAAGAAAATTATACTGATATCAACTCAACTTATAGAAGCAGGAGTTGACATAGATGTTGATGTAGGTTATAAAAATATTTCTGGTTTAGATAATGAAGAACAATTTTTAGGAAGAATAAACCGTTCTTGTAAGAAAAGTGGTAAGGCATATTTCTTCTATTTAACAGATGCA
NZ_CP084144.1_gap60	1972064	1975177	3113	TACCCTCAATAGCACTATTGGGATTTTTTATAACTATCACAGGAGTTGGTAATACAACAGCACTTATTGCTTTAATAATATATGCACTTTTGCCAATAATAAGAAGTACATATACAGGAATTGTGAACATAAATCCTTTAATTATAGAAGCATCAGAGGGAATGGGAAGTACAAAATTACAACAACTATTCAAGGTTAAATTGCCATTAGCATTGCCAGTTTTGATGTCAGGTATTAGAAATATGGTTACAATGACAATAGCTCTTGCAGGTATAGCTTCTTTTGTTGGAGCAGGGGGCTTAGGGGTTGCAATTTATAGAGGGATAACAACTAATAATTCAGCTATGACTTTTTTAGGAAGTTTACTTATAGCAATCTTAGCCTTGGTCTTTGATTTTATCTTGGAACTTATAGAAAAAAGATTGACTAATCGTAAAAGAGTAAAATATAAAATAAATCCAAAATTAATAATTTTAGGACTTTTTATAGTGATATTTGGAGCATATTTTTCTTTAAATTCAAAGAAAAATAAGACTATAAATATTGCAACAAAACCTATGACAGAGGGCTATATCTTAGGACAAATGCTGACTGAACTTATTGAACAAGATACAGATTTAAAAGTTAATATCACAAATGGAGTTGGAGGAGGAACTTCCAATATACATCCTGCAATAGTTAAAGGTGAGTTTGACTTGTATCCTGAATATACAGGAACTTCTTGGGAAGCAGTTTTAAAGAAAGAAGCAAGCTATAATGAAAGTAAATTTGATGAATTGCAAAAAGAATATAAAGAAAAATATAATTTAGAATACGTAAATTTATATGGTTTTAATAATACCTATGGTTTAGCAGTAAATAAGGATATTGCAGAAAAATATAATTTAAAAACATATAGTGATTTGGCAAAGGTATCAAATAATTTAATTTTTGGAGCAGAATATGATTTCTTTGAAAGAGAAGATGGCTATAAAGAATTACAAAAAGTATATAATATGAATTTTAAAAAACAAATAGATATGGATATAGGGCTTAAATACCAAGCTATGAAAGATAAGAAAATTGATGTTATGGTAATATTTACAACAGATGGACAACTAGCAATATCTGATGTAGTTGTTTTAAAAGATGATAAAAAGATGTATCCATCATATAGGGCAGGAACAGTTATAAGAAGTGAGATTTTATCTGAATATCCAGAATTAAAACCAGTTTTAGAAAAATTAAATAATATCCTAGATGACAAGACAATGGCAGATTTGAATTATCAAGTTGAAAGTAAAGGAAAGAAACCAGAAGATGTAGCAAGAGAATACTTACAAGAAAAAGGTTTATTGGAGGCTAGATAATGATAGAATTTAAAAATATTAGTAAGAGTTATGGAAATCAAGAAGTAATAAAAGATTTTAATTTGACTATTGAATGTGGAACATTTTTAACTATCATAGGTTCATCAGGTTCTGGTAAAACAACAATTTTAAAGATGATAAATGGTCTTATAAAGGCAGACAAGGGTGAAGTACTAATAAATGATAAAAATATCCAAGATGAAGATTTAATTGAGCTTAGAAGAAAAATAGGCTATGTAATCCAAGGAAATATTTTATTTCCACATTTAACAGTTTTTGATAATATTGCTTATGTATTAAATTTAAAAAAATATGATAAAAAAGAAATTGAAAAGATAGTAAATGAAAAAATGAATATGTTAAATCTTTCAAGAGATTTAAAAGACAGACTACCAGATGAGCTGTCAGGTGGACAACAACAGAGAGTTGGAATAGCAAGAGCTTTGGCAGCAAGTCCTGATATAATATTGATGGATGAGCCATTTGGAGCAGTTGATGCTATCACAAGATATCAGTTACAAAAAGATTTAAAGGAATTACATAAAAAGACAGAGGCAACTATTGTTTTTATCACTCACGATATAACAGAGGCTTTAAAATTAGGAACAAAGGTTTTAGTGTTGGATAAAGGAGAAATTCAACAATATGATGTACCTAAAAATATTTGTTCTAATCCTAAAAATGAATTTGTGAAACAATTATTAAAAATGGCAGAGATGTAAAAGGAGCTATTAATATGAAGATGAAAGCAGTTGTTATTTATGAGGCAGGAGGACCTGAACAATTAAGGATTGAAACAAGAGAAATTCAAAAAGTAAAAGAAGGTTGGACTTTGGTTAAGATAAAAGGTTTTGGTATCAATCATTCAGAAATTTTTACAAGAGAAGGTTATTCACCATCTGTAAAATTTCCAAGAATATTGGGAATTGAATGTGTTGGAGAAGTTGAAGAAACAACAAGTTCTAATCTAAAAAAAGGACAAAAGATAGTGTCAATTATGGGAGAAATGGGAAGAGCTTTTGATGGTTCTTATGCAGAGTATGTTTTGTTACCTAATGAGCAAGTTTACCCTGTAAATACTTCTTTGAGTTGGGAGGAATTAGCAACAGTTCCTGAAACTTATTATACTGCCTTTGGTTCAATGGGTAATTTACAGATTAAAGAAAACGATAACATACTTGTTAGAGCAGGTTCAAGTGGAGTGGGTATAGCTTTTTTAAAGCTTGTAAAAGCTAAATTTCCAAATATTAGAATAGTTGCTTCTATTAGAAAAAAAGATATAGAAAAAAGGAATAAAATTTTAAGTTTAGGTTATGATGAGGTAATTTTTGATAATAATAATATCTTAGAAACAGAAGAAAATTTTGATAAAATTCTAGAATTAGTAGGACCTGTTTCTATAAAAGATAGTTTTTCTCATATCAAAGAATATGGAATTATTTGCGCAACTGAATTGCTAGGTGGAAAATGGTTTTTAGAAGACTTTGATCCTACAAGAGATATTAAAAATAATGCTTATTTAACAACTTTCTATTCAGGTAATGTCAGTGAAGAAAAAATAAATTCTATGCTTAATTATATAGAAAAGTATAAAATTGATGTAAAAGCAGAAAAAATATTTTCACTAGATGAAATAGTTGAGGCACATAAATATTTGGATAGCAGTTCAGGTTTTGGTAAGGTTATAGTTATTAATAAATAGAAGAGGGAGTGAAAGTTTGCTAGTTTATAATTTTGAGATTGTGGTATAATCACATATATGTT
NZ_CP084144.1_gap61	2009272	2010763	1491	TTTGTTAAAGCATATGCAATTATCATTATAAGTGTCTCTTGAAATCTCGCAGGAACTTTTGATTTTTCTATTAAGGACTGTAGTTTTTCAATCTTATTAAGACACTCTTGCAATTCAAATTTTTCTTCTTTCATTAATGAATAACACTCACCAATTATTTTTTGAAAAGTATTTTCTTCTATATTGAACTCATTTTGAGTGTTTTTCTCTACAATTTTCTTAGCCTGACCTTTTATTTGAGGAATAAGTGCATATGTATGCTTATCTACTTTATTTATAGTAGCATTTCGTAAATCCATTTTTTGTATTTGTAAATTAAATATAGCATATTTACCTTCATTAGGTGTAATTGAGTATAAGTAATCAAGAATACTTTCTGCCCTCTTTTGGTAATCACCCCCAAGTAACTGCATTTTAAATACATAATTTTGAAGAGAATCAGTCTCTTTTATTTTAATGTCATATCTATTTTTAATTTCAGGTATTCCTATTGACTTTAAAATTAAATTTTCATATAATTGTCTAGTGGAATTAGGTATTAGAAGATTTATTTTTTGAATATCTAACATAATTAAGTTAATACTTGAAGCTAAAAACAAAGAATATCCTGGTATAACTTGTTCACAGTTTCGTCCAATTTCAGCAATAACAGATAACATCATGACATTATTAGATTTTTTTAGAATTTCTGATTTTATATATTCAGCAAATTTTACTATTGACTCTTTATCATTGTTTTTAGAGTTTATTTCTTTTGTAACAATTTGAGTAAAAATAAAAATGGCATCACTAATTAGTCCGTGAACTCTATGTTCTTGAATTCCAGCCAACCAAAAATAATCATTACAAATAAAATTCTTTTTATCTTGTGGAGAAGTTTCCCAAATGCTTATATAAAATACACTTTCAGGAGATAAAGTCTCCATAGAAGTCGCAGCATGATTTGTAAGTTGGATAATCCACTCAAGTCCAGTACGAAAGTTATTTTGAATAATAGAATATAAAAAAGTGTTTTCATATAAGTTACGATATTCAAAGTCATATGAATCTGCTTTTATAGATAAGCCAAAGATTTCAGTCTTATTACTTAACGAACTTCTAAAATAAAAATCATTTTTATCATATTCTGGTTTTTTTATCCAATATGTATTTGCTATTTCACATAATTCCTCTGGGAGAAACTTTCCTAAAGCAAAAACTGTATTTTTTAATACATATTTTAAAATAGCTTCATCTATATGATGAATTTTATTATCAATAGTCAAATATCCTTGGATTCGTTTAGACCAAAAGTTTTTTATCCATGTCTTAGAATTTTTAGCCATTTTGTAAATAGGTAATAAACATGAATTTATATCTTCAGCGATATGATAATTTTCCTGAGTTAAAGAGTTTTCTAATTTTTTTTCAGCATAAAATTCCAATATCTGACAAGCAGAATCAACAGCTATATCATTTTGAATAAATACATCTGAGTAATCAGAACATAGT
NZ_CP084144.1_gap62	2012821	2014094	1273	AAATTTTAGAATGATTGAATATAACTATATAGGGATATCTTTTGGTAAGTATGGAATTATAGCATTAATAATATCATTTGCTTTTTCTCCCCTTATTTTTCTTAGTATAAAATTTTGATATTCTTTATTATTTATCCCCAAAAAATGTCCTATTGACATTGAAAGTGACTTGCAATTAAAAACTTTTAAAATATCTTTGTATACATGAGAATCTAAAATTTTATTAAATTTTTCAGTTTGTTTTGTTTTTATATTATCATATGATATTTTTTTAAAAGCTTCATCTAAAGTTTCTTTTGCTTTTTCTTCATTTACTTTTGATATAGATGCTGTATTAAGTTTAAACTTCAACTCGGATACAATTGCCTCGCATATTTGTTTATTAATTTCTTTAGCAAAGCGCTCTTCAATAATATATTTTTTTATCCTTTCTATTTGAGAATTATCATTAAATTCTAGAATATTATTAATAACTTTAAGTAATTCTTCTGTTAAAAATAAATTTTCTACCTCTGCTACCTCTAGGGTAAAAATATTATCTTCTTTATAAGCATCTATCTCATAATCATCTCGATAATCACGATCAATAATACCATAGCATTTAAAGTTATGTAATTGTTCATTCATTTTCATAGATTTTGTTTGAGAGATTACAGAACTACAACTACCACATGGAATAACATAATAATTTTTATATATTTCAGAATATAATTTGGTATCATAACTATTACTTGTTCCTTCTACAAATAGAACAGGCTTTCTATTACCTAAAATATCTAACAAAAGTTGTTCTGGAAGATTACTATCTTTTATTTCCTCAAAATTCCAATTTGTACCATCATAATTTTTAATCCATAGTTTTTCTGAATTTTTATGAGTAGCTGCAAATTGAGTATCATGTGTAATATAAATAAAAAAACAGTCTTCTCTTTCAGCTTCAATAGAGGTCCAAAGTTTATCCATAATGGAACGATGTAAATGAATTTCAGGTTCATCAATTATAATTATTTTATCTTCAGGAACACATAGACACTGTGCTATGAGGTATAAGGCAACTCTTTCTCCATCACTCATAGCTCTACCTTCATATGTTACATCATCTAAGATAGTTGTGACTTCTCCATCTTTAATATCTATTATTCTATGTGAAGAAAATATAGTATTCCAAATTCTTTTTAATTTATCCAAAACCATTTCAGGAACTTTATCATGCTTTTCTCCTTGAGATTCTTTTTGTTTACAATCTTTTATAAATTCCTCCTGTTGTTTTGTT
NZ_CP084144.1_gap63	2015517	2019325	3808	ATACGTCTTCACTTACCAGGACATCAGAGATTTCAATATCAGAAAGCCCTGCAATTTTTCTCATTACTTCTTCAACCATAAGCCTTTTATATTTTAATTGACTTTCATATTTAAGCATAGCAAAATCACAGCCACAGAAATCTTCAAAAGTAAATTTATGGCTGTCTATTCTTTCAGGTGAAGCTTTAATAATATTTTTAATTAAACCTCTAGCATAAGTTTTTTTTACAGAAATTATTTCAACTTCAAGCTCATCTTCTGGAACAGACATAGGAACAAAAATGGCAAAATCATTAAAATATCCCAGTCCTTCCCCTCCAAAAACTATTTTATCAATTTTAATTTTTATAATATCAGATACTTTTAACATTCTATTCCTCAATTTCAAAGTAAACTACTTCATCACTGACTTTCATTCCTTTGGCTTCCATATCTTTTCTTATTTTATCTAAATCTAGTTTAGCATCATAAAACATTATTTTTTTATCTAATTCTTTTTCAAGTTCTTCTAAATTTTCATTGGCTACTTTTAATTCTTTTTCAAGGCTTGTTACTTCTCTTAAAGTTTTTACATTAAAAAGCCAAATAAAAAGAATACATATAGCAAAAACAATAGTGATGTACTTCATATTAGTCCAATATCCTTTCTAAAATTCTAAGTTTTGATGAATGAGCTCTATTATTATTTTTTAATTCATTATCAATAGGTATTATAGGCTTTTTCGTAATAATTTCAAATTTTTTTACTCCACCACATACACAAATAGGAATATCTTTTGGGCATTTACAAGCAGTTGCTAAATCTTTAAATTTATTTTTTACTATTCTATCTTCTAATGAATGGAAAGTTATAATGGCTAATCTTCCACCAACTTTTAAAAGCTCAGCTGCCTTAGATATGGCATTTTCTAAAACTTCTAATTCTCTATTTACTTCAATTCTAATGGCTTGAAAAGTCTTTTTAGCTGGATGCTTTGAAGCTCTTTCAGGATAAGCTCTTTTGATTAAAGTAATTAAATCAGAAGTTTTTTCTATTGGAGAAGATTTTCTTTCCTCAACTATAAGTTTTGCAATTTTTCTAGCATGTCTTTCTTCTCCATATTCAAAAATTATTTTTGATAGCTGTTCTTCTGTATAAGTATTCACAACATCATAAGCAGAAATTTTTTGCTCTGTGTTCATTCTCATGTCTAATTTGACATCATATCTATATGAAAAACCTCTTTCAGGGTCATCAAGTTGTTTGGAAGATACACCTATGTCCATCAAAATTCCATCAACTTTATCCACACCTGCCATATAGGCAATAGTATCAATATTTTCAAAATTTCCCTTAAATACTTTCCATTTTGAACCAAATTTTTCTAATCTTTTTTTAGAATATTCTATTGCAGTACTATCTTGGTCAATAGATATAAGAAGTCCTTTATCAGATAACCTTTCTAAAATTCCTTCTGAATGACTTCCTCCACCAAGAGTGCAATCTATATAGATACCATCAGGATTTTTAACTAAATTATCTAAGGTTTCATAATACAAGACAGGGATATGATAATCATTTCCAATTTTTTCCATAAATTCTCCATTTTTCCTTATTATATATAAAAAAGTTATTGCAAAATATTTGAGAAATGTAAATAAAAATAAGAGAGTTACATTCCAGATTTTAAGATAAAAATTAAATAGAATGAGCCGAGCAAATCTCGCTGTGTTTGAACGAAGTGAGTTTAGCGAATTTGCAGCGAATTCTTAATTTTTATCTGTTAAGAAATCTGGCTAGTAACGAACTATTTTTATACATTTGATATTAGCAATAACCCCCACAGTATTATTAAAAAATAACTATAATCAGCCTTATTAAAATTTTTTCAACTGCTTCTACACAAACTATAAAAAGCAAAGGTGAAAGGTCAATAGGTAAATTTAAGTATTTATTTAACACATCCTTAAATGGTTTTAACATAGGTTCAGTTACATTGTAAATGAGTTCAGAAAAGCTATTATTCATTGGAACCCAAGATAAAAGAACTCTAATCATAATTAAGATATAAATAATCCAACTCAATTTTTGTATTATAGTTATAAGTGAATACGCTAAAAGTGACATAAAATTTCCTCTTTCATTGTTCAGTAAAATAGTGTTTTGCTTTAAAAGTATATTCCCAACCTGACCATATTGTTAAAATAACTGGTATTAACATCAATGCTTCTGCTACTGTAAAATAATAATCAGATATGTGAAAACCAATAGGACCTATTATTAAGGATATTATAACAACAATCATTTGACTTGTTGTCTTATATTTTCCTAAATTACCTGCTGCAATAATTTCTCCTTTTGCAGCTGCAAGTATTCTTATTCCACTTATCAAAAATTCACGAGCTAAAACAATAATAGACATCCAGCCTGGGATATACTCTAATTGTACAAATATTACAAGTGCTGAAATAACAAGTATTTTATCGGCAAGAGGATCCATAATTTTCCCAAAATCAGTAATTAAATTGTATTTTCTTGCAATATAGCCATCAAAAAAATCTGTGAGTGATGCTATTACAAATATCACAAGAGAAATTAATCTAAAAATCAAACCATATTTACTTGAATCTGAATATTGTAAAAATATTATAAAAGGCACTGCTAATATAAATCTAATCATAGTAAGTCTATTAGGTAAATTCATAAAAGTCCTCCTAGAATTAAACCTTCTTTTTACTTAAAGAGATTTTTCCACCTTCCATAGAAATAACTCTTACTTTAAATACATCTCCAACTGAAAGTACATCTTCAACTTTTTCAACTCTTTCTGGTGAAATTTCAGAAATATGAAGTAGACCTTCTTTACCAGGTAAAATTTCCATAAATGCACCAAATTTCATTATAGAAACAACTCTTCCTTCATACACTTCACCATATTCAACTTCTTTTACATAAGAATCTATAAGTTTTAAAGTTTTTTCTAATGTTTCAGCATCTTTTGCAAAAACAGATACAAGTCCATCATCAGTTATGTCAACAGTAGAACCTGTTTGGTCTATGATACCTTTAATATTTTTCCCAGCTGGTCCAATAAGAACTGCAATCTTATCCTTAGGAATAGTTATTTGCTGTATTCTAGGTACATTAGATTTTAATTCAGCAGGTTTAGAAATTGTACTATTCATAAGCTCTAATATTTCAAGTCTAGCTTGATGAGCTTGATTTAAAGCAATTCTCATAATTTCTTCTGTTATACCTGTAATTTTAATATCCATTTGTAAGGCTGTGATTCCAGATTTTGTACCAGCAACTTTGAAATCCATATCTCCTAAATGGTCTTCCAATCCCATTATATCTGTTAAAACTGTAAATTCTTCTCCTTCTTTAATAAGTCCCATTGCTATACCAGCAACATGCTCTTTTATAGGAACTCCTGCTGCCATAAGTGATAATGAACCACCACAGATAGAGGCTTGTGAAGATGACCCATTGGATTCAGTTATTTCAGATACCACTCTTATAGTATAAGGAAATTCTTCTTCAGTAGGAATTACATATCTTAAAGCTCTTTCTGCAAGTGAACCATGTCCTAATTCTCTTCTTCCAGGTGAACCCATTCTTCCAACTTCACCAACTGAATATGGTGGGAAGTTATAGTGTAAATAGAATTTTTTATAATATTCTTTTTCTAAATCATCTATTAACTGTTCATCTTCCTTAGTTCCTAATGTTGTAATTGCAAGAGATTGGGTTTCTCCTCTTGTAAACAGTGCTGAACCATGAGGAATAGGTAGAACATTTATTTGAGCATCCAAAGGTCTTATTTCA
NZ_CP084144.1_gap64	2023243	2024296	1053	CATAAGAAATCATAGAATTATTACTAGGTTGAGTAAAAATTCCTACATTCAAATATGCTTCTCTATTCATAAATTTAGCAATTTTTTTTCTGTTATCATATAAGAAAAATGGACTCTCATTATATCCAATATTTGTTAAAATTCCAAATCTATTTTTAATACTGTGATATGTAAGAGTTCCTAAATCAAGCCCTAAATAATCACCAAATTTAAAATTCAAATTGATATTATTTCCAAATTTTCCATTAAAGAATAAATCAGTTCCAATATTAAAAGTAGTGCCATAACCAGTTTGATAGTTAGCACCAACACCTATTCTATTTGAATGTGCTTTTTCCCCATCTAAATATAGGACATTATCATTGATAGTATAATAAACTTTATCCATATATTTTAAGTTATAAACTTCTGTAATTGTATTTTCTATATCTTTTTCAGAAATAGGTTTATTAAGTAAATTTTTAAAAGTATTATCTAAAATTTCAACAGTAGTATTATCAAATTTTTTGTTATATTCTATTTTATTTATAACAAATTTTTCTTTTTTATCTTCAATATTTTTTACTATTTTTCTATTAGAAGAACTCTTAGGTAATTCTTTTATCTTTGCTATTTGTTGTTCAGCAGCAACTTTACCTAAATTTATTAAATCATTCTTTTTTGATGAATCAATTGCAGAAATATCTTTAACATCTGGACTTATTAAAATTGAAGCCTTTTCTCTTGAAACTTTTGTAATATTTGAAGATTGAATAGTGCTTATTTGATTTAAAACACTTAAAATATTATAATTATCTTTTTTTACAATAGGTGCTCCTATATCTGAGGCTACAACCAAATCAGCCCCCATATCATAGGCTTCTTCAACTGGTAAATTTCTACTTACAAGTCCATCAACATAAGTATTTCCATCTATTTCAACTGGTTCAAAAATAGTTGGAATTGCCATACTTGCAATTAGAATTTTTGATATATCTCCCTTTGAAAAGGCTTTTGTTTCACCAGTATTTAAGTTTGTTGCAATTATTCTTAATGGTATAGGGAAGTCATCAA
NZ_CP084144.1_gap65	2104385	2106908	2523	TAGACACAACTTTAATTGAAGCAGCACCTCATATTTTAGCTCCATTTGACAGTGAAATTTCAAATATTTTAGAATATGAGCTTGTAGACAATGGAATTAATCTTTTGATATCAGAAAAAGTTACTGAATTTCAAGAAGATAAAGATGAAGTTATTATTAAACTTGAAAGTGGAAAATCTGTTACAACAGATATGGTAATATTGTCAATAGGGGTTAGCCCTGATACTGAATTTTTACAAAACTCTGGAATTAATTTAGGAGAAAGAGGACATATACTTGTCAATGAAAATTTAGAAACTAATATAGATGGAGTATATGCTTTAGGAGATAGTATAATTGTTAAAAATTATATAACAAAAGAAAATTGTGCAATTCCTTTGGCTGGACCTGCTAATAGACAGGGAAGAATAGTAGCAGGAAATATAGTGGGAAGAGATGAAAAGTATAAAGGAAGTATAGGAACCGCTATTATAAAAGTATTTGAATTGATAGGTGCTTCAACAGGATTAAATGAGAGAGCTTTAAAACAATTAAATATATCTTATGAAAAAATATATTTACATCCAAATAACCATGTATCTTATTATCCAGGAGCAACACCTATAACTATAAAAGTTCTATATAACAAAAAAAATAGACAAATATTAGGTGCTCAAGCTGTTGGAATAAATGGAGTGGATAAATTTATTGATGTAATAGCAACAAGCATAAAATTTAGAGCTACAATAGATGATTTAGCTGAATTAGAGCTTGCTTATGCTCCAGCTTTCCTATCAGCAAAATCACCTGCTAATATGGTTGGTTTTATTGGACAAAATATAGAAGACAATTTATTGAAACAAGTATTTATGGAAGATTTAGAAAACTATAATGAAAAAGAAACTATAATTTTAGATATAAGAGAAGAATTAGAATTAATAAGTGGAAGTCTAAAAAACAGTATTAATATTCCTTTAAGTGAGCTTAGAAAAAGATATACTGAACTTCCAAAAGATAAAGAAATTTGGACATATTGTGCTGTTGGATTGAGAGGATATATAGCAGCAAGATTTTTATCTCAAAATGGTTATAAAGTAAAAAATTTAGCTGGTGGGATAGAAATTGAAGAGAAAGAGCTTGTTAAAACACAGACAGAAGAAAATTTTTTAAGTAAAGAAAATATTGATTTTAAAGTTAAAAAAGAAGATGAATATATAGATTTGTCAGGGCTTTCTTGCCCAGGACCATTGGTAAAAATAAAAGAGAATATAGATAAACTGCAAGAAAATGAACAATTAAAAGTAAAGGTCTCAGACCCAGGCTTCTATAATGATATTCAGGCTTGGAGTAAAGTTACAAAAAATTCTCTTTTATCTTTGAATAAAAAAGATGGAATAATCTATGCTACTCTTCAAAAAGGGCAAACTTCAAAAGTTGCAGTAAAAGAACAAGAAAATGTAGTAATTGAAGATAATTCAAATATGACAATGGTAGTTTTTAGTGGAGATTTGGATAAGGCAATAGCAGCATTTATAATAGCTAATGGAGCTCTTACTATGGGTAAAAAAGTAACAATGTTCTTTACTTTCTGGGGCTTGTCTATTCTAAAGAAGAAGAATTTATCTAAAAAAAGTTTTATAGAAAAAATATTTGCTATAATGTTACCTAAAAATAGCCAAGATTTACCAGTATCAAAGATGAATTTCTTTGGAATAGGTGCTAAAATGATAAGAAGTGTTATGAAGAAAAAGAATATTATGTCCTTGGAAGAATTGATGAAAAAAGCTAAAGAGGCAGGTGTAAATATTACAGCTTGTACTATGTCTATGGATGTTATGGGTATAAGTAAAGAAGAATTAATAGATGGAATAAATTATGGAGGAGTGGGACAATATTTAGGAGAAACTGAAAAATCAAATAATAATTTATTTATCTAAAAGCATATGTAAAGAAGTAAAAATATTTTAGAATGAAAATTCGCCTATTTTTACTTCTTTTTATGTTCTAATTTGTAATGATGCTTTTCCTTATATTTATGGTTGCTATTAAAAAGATAAAATGTTATCATTAATATTATTAAAAAATAAAGGTGATAACATGAGAGAAAATTATATAAATTGGGACAGTTATTTTATGGGTGTAGCAATTTTGTCATCTATGAGAAGTAAAGACCCTAATACACAGGTTGGGGCTTGTATAGTAAATGAAGATAAAAGAATAGTTGGTGTAGGATATAATGGTTTGCCAAAAGGCTGTGATGATAAAGAATTTCCTTGGGAAAGAGATGGAGAATTTTTAAACACAAAATATCCTTATGTTTGCCATGCAGAATTAAATGCTATATTAAATAGTATAAAATCTTTAAAAGATTGTATTATTTATGTGGCTCTTTTTCCTTGTCATGAATGTACTAAGGCCATTATTCAAAGTGGAATAAAAGAAATTGTATATTTATCTGATAAATATACAGATACTGATTCTAATAGAGCCTCAAAAAAGATGTTAGATTCAGCAGGTGTAAAATATAGAAGATTTGACCCAGAT
NZ_CP084144.1_gap66	2146200	2148334	2134	AACTAATAATAAATATTTCTTAAACTTTGAATCAGAATATACTTTACCATTAGGATTTAGCGCTGAATTAAATGTTTATAATGGATATGACAGATACCAAGGTTCTTTTGCTTCTTCTAAAGGAAATAAAAAAGGACAATATTATGGTGCTTTAGAAGCATATTTATATCAACATACTCCATTATATAAAAATAATGGTGTAGAATTATCATTTGATTTTGAAGGTGGATATGATCCATATACTTGGCATCAATATAAAGTAATTGCTAATGGTAGTGGATATGAAAGAGCTAGTTATGAATTATATATGTTACCAACTTTCCAAGTTTCTTATAAACCAACAGATTTCGTAAAATTATATGCAGCTGCTGGTGCTGAATATAGAAACTTTGCAGTAACTAATAATTCTGAAGCTAAAAACTGGAGATGGCAACCAACTGCTTGGGCTGGTATGAAAGTTACTTTCTAATCTAGCTTAGCTAAGGTTAAAATCAATAAAAAATTATTAATTAATAATATAGAAACCGTGAGTTACCTCACGGTTTTTTATTGTTTAAACAATATTATATTATAGTTGTTGTAAGTAATTTTTTAAAACATATATTTCATTTAGTAAAATATTGTACTGAAAAAGTTAATATTTAGTTGACTTTATCATATAAACAAGTTAAAATAGAAAGAGATAGTTTTAATTTTATTATATAGGAAAAGGGGAAAAATTATGGAAAGTGTTAAGGAAAAAAAAGGTTTATTTAAAAGATTTACCTCTATGTGTGTGCGTGTGATGGAAAGATGGCTTCCAGATCCATTTATCTTCTGTGCTTTGTTAACTTTTATAGTTTTTATAGGAGCTATATTTTTAACAAAAGCAACACCTTTACAAGTAATTGGATTTTGGGCTGATGGTTTCTGGAATTTATTAGCTTTTTCAATGCAAATGGCATTAGTTTTAGTTACAGGGCATACTTTGGCAAGTTCAAAATTATTTAAAAAAATGTTGTCAACATTTGCTTCTGGAATAAAAGGACCAAAACAAGCAATACTTATTGTATCAATAGTTTCAGGAATAGCTTGTGCATTAAACTGGGGTTTTGGACTTGTTATAGGAGCTTTATTTGCAAAAGAAATTGCAAAAAAAGTGAAAGGAGTAGATTATAGACTTCTTATAGCTTCAGCTTACACAGGATTCTTAGTATGGCATGGAGGATTATCAGGTTCTATTCCATTACAACTTGCAAGTGGAGGAGAAGGATTAGCAAAACAAACAGCAGGAGTAGTAACAGAAGCTATACCAACAAGTCAAACTTTATTTTCACCAATGAATATTTTTATAGTTGTAGGACTTTTAATAATAGTACCTTTATTAAATATGGCAATGTTCCCAAGTAAAGATGAAGTTGTAGAAGTTGATCCTAAGTTATTAACAGAACCAGAAGAAGTTGTGCTTGACACTTCTAAAATGACTCCAGCTGAAAGAATAGAAAATAGTAGGGTAGTTTCAATTTTACTTTCAATTATGGGATTTATATACATAGGATATTATTTAATAACAAAAGGATTTGCATTAAATCTTAATATAGTAAACTTTATATTCTTATTCTTAGGAATTTTATTACATGGAACTCCAAGAAGATATTTGAATGCACTTGCAGAAGCAATTAAAGGTGCAGGAGGAATATTATTACAATTTCCATTTTATGCAGGTATTATGGGAATAATGGTAGGAGTGGATGGTGATGGAATGTCTCTTGCAAAACTTATGTCTAATTTCTTTGTAAATATTTCTACACCAAAGACATTCCCAGTATTTTCATTTATCAGTGCAGGAGTTGTAAATTTCTTTGTTCCATCAGGTGGAGGACAATGGGCAGTTCAAGCTCCAATAGTAATGCCAGCAGGACAAGCAATTGGTGTATCAGCTGCAAAATCAGCTATGGCAATAGCTTGGGGAGATGCTTGGACAAATATGATACAACCATTCTGGGCTTTACCAGCATTAGGAATTGCAGGTTTAGGTGCTAAGGATATAATGGGTTATTGTTTAATTGTAACAGTTGTATCAGGATTATTTATTTGTACAGGTTTCTTATTATTTTAGTTTATAAAAATAAATTTTTATAAATTTTTTTAGATT
NZ_CP084144.1_gap67	2172075	2175789	3714	GTCCTATTGCAATAGTTGTGATAAGTCCATTGTTACTTTTTACAAACTTTTCTCCTGTGTTCATAAGTAAGAAACAACCTGTTCCATAAGTATTTTTAGATTCTCCTTCTTCAAAACATGCTTGCCCAAATAATGCAGATTGTTGATCTCCTGCAACTCCTGCTATTGGTATTCTATGTCCACCTTTTCCACCAAGATTTGCATAACCAAATGTTCCACTTGAATCTTTTACTTCTGGTAACATTGATTTAGGAATATTTAAAGTTTTTAGTATTTTTTCATCCCATTTTAATTCTTTAATATTATAAAGCATAGTTCTTGAAGCATTAGTGTAATCTGTTGCATGTACTTTTCCATTAGTTAATTGCCAAATTAACCAAGTGTCAACAGTTCCAAATAATAATTCTCCTTTTTCTGCTTTTTCTCTTGCACCTTCTACATTATCTAAAATCCATTTTATTTTTGTTCCAGAGAAATAAGCATCAACTAAAAGTCCTGTATTATCCTTTACATAATCACTAAATCCATCTATCTTTTTCAATTCATCACAAATTTTGGCAGTTCTTCTACATTGCCAAACTATTGCATTGTATATAGGTTTTCCAGTTTTTTTATCCCAAACTATTGTAGTTTCTCTTTGGTTTGTAATTCCTAAAGCTATAATATCATGTTGACTTATTCCAGCTCTAGCAATAACTTCACTTAAAACTCCACTTTGGCTAGCCCATATTTCCATAGGGTCGTGTTCTACCCAACCTTCATTTGGATATATTTGTGTAAATTCTTTTTGAGCTACTCCAATTATATTTTGACTTTCATCAAATAAAATTGCTCTTGAACTTGTTGTACCTTGATCTAATGCTACAATATATTTCATATGTTTTCCTCCTAAATATTATAAAACAGCTGATAAAAATGCATCAAATATAACAGCACCTAAAATTCCACCTATAATTGGTCCTACAACTGGTACCCAAGCATATTTCCAATTTGATCCACCTTTACCTTTTATAGGAAGTATAGCATGAGCTATTCTTGGTCCTAAATCTCTTGCAGGATTGATTGCATATCCAGTTGCTCCTCCTGTTGCCATACCTATTATGACAATTAGAAGACCTACAAAAAATGCTCCATTACCTGGTTGAATTCCAACTTCTCCATAACCAAAAGCTAATACACCTATCAACAATAATGCAGTACCAATAATTTCTGTAACAACATTCCATATTGGTGCATCAATAGAAGGACCTGTTGAGAAAACTCCTAATTTTACTGCTGGTTCTGGTTCTGCATCCATTTGAGCTTTGTATGTTAAATAAGCCAAAGTCGCTCCTAAAATTCCACCTAACATTTGAGCTACAATATAACCAAAGACTAAATTCCAAGAAAATTTTCCTGTTACTGCTAAGGCAATAGTTAAAGCAGGATTCATATGTGCTCCAGATACCCAACCTGTAACATAGGCAGGAATCATTACAGCAAATCCCCAACCAAAAGTAGTAACTATCCACCCTCCACCTTTGCCATAGCTATGTTTTAGGCTACATGTCATGTTAACTCCATTTCCTAATAATAGCAAAAGTGTTGTTCCAACAAATTCTCCGATATACAAACTCATATTACTCATATAGAACCTCCTTTTATATACAAAATATATTGATTACTCCTTTTATATATATAAATATATTATAGCATATTTTTTAATATAATAAAGAGTGTTAATTAGAAAAATTGTAATTATATAAAACTACTTTATCTTAATCAACACTCTCCTTATAATAATTTTTAAAATATTATTTATTTTATTGAAAATCCTCCAACAAGGGCACATCTTCTATTTCTTGCAAAACTTTTAGCTGATGTAAGCCCTTCTCCTGTTGGTCCAGCTATTGTGAATGTTACATGCCCTTCTCCACCTATTCCTATTCCAGCATAAGAAGGTCCATTTTTAACAAGTATAGTTGTTTCCATTTCTCTTGCATATTTTGTTAATATATCAATATTTTTAGAGTGAATTACAGCTGTATGTCTTAAACCTCTTTCCAATTCTTTTGCAACTTTAATTCCTTCTAAAGCATCTTTAACTTTCACTATTGGAAGAATAGGCATTAATAATTCCTCAACTGCAAAGGAATGATTTTTATCTGTTTCTACAATTATAACTTTAATTTCATCTCCCACTTCTATTCCTATTTGTTTAAGAAGATATTTTGCATCTCTTCCAACATATTTTCTATCTGGTGAATTATTTTTTAAAACAAGTGATAATAATTTTTCTATAAGTTCTTTATCTTTTAAAAGATAGGCACCATTTTTTTGCATTTCAAAAATTAAATAATTCACTATTGAATCAACAGCAACAACTTCTTTTTCAGCTGTACAAGGCAGATTGTTATCAAAGCTGCAACCTGCAATTATATCCTTTGCAGCTTTTTCTATATCAGCAGTTTCATCAACTAAAACAGGTGGATTTCCTGCTCCTGCTCCTATTGCTTTTTTACCACTAGACATAACAGTTTTTACAACTCCTGGTCCTCCTGTTGCAACAAGCATTTTAATATTAGGGTTTGCAATTATTTTTTCTGTATTTTCTATGCTTGGTTCTCTAATAGTTACTACTAAATTATCAGGACCTCCAACTTTTCTAATAGCTTCATTTATTAATTCCACAGTTCTAATTGAAGTTCTTTTTGCTCCAGGGTGAGGTGCAAATATAACTGCATTTCCTGCTGCTATCATTCCAATAGAATTACAGATTACTGTTTCACTTGGATTTGTTGAAGGAGTTATAGCCCCAATTACTCCATAAGGGGATAATTCCATAACAGTAAGTCCATCATCTCCACTGAAAGCAAAGGCTTTTAAATCTTCTAAGCCTGGTGTTTTTTCAATAGCAATTTTATTTTTTAATTCCTTATCTGCCACTCTACCCATACCAGTTTCTTTTACTGCTAATTCAGCTAATTCAGTAACATGGTTTTTTAATGTATCTCTTATTGAAGCTATTATTTTTTCTCTTAATTCAAGTTTTGAAGAAAATAAAATTGCTTGTGCTTTTTTGGCTTCTTCAATAGCCTCATCTACATTATCAAATACTCCATTTTTAGAATTACCAGCAGTAGAGATATTACTTTCAGCCATTTTTTTCATTATTAACTCTACTATTTCTTCTATATTATTTACTTCAAATTCCATAAGTTCTCCTCTCAATTAAACAGTTTCAAAAGCATTCACACAGGCTTTTGCTATTTCCATATCTTCTTGAGCACTTCCTCCACTTACTCCTACTGCTCCAACTATTTTTCCATTAATTTTTAAAAGCATACCTCCACCAAAAACTATATATTTTGGATTTGATTGTAATCCATAGAACATAGCCCCTGGTTGAACTAATGCTGTTAAATCTTCTGTATTTAACTTTAATGCAGCAGCAGTATAAGCCTTTTTATATGCAACTTCAACACTTACTAATATTGCATTATCCATTCTTTCTTCTATTATTAAATTTCCTTCTGCATTAACAACAGCAAAGACAGCTGCAATATTCATTTTTTTTGCTTTTTTTTGCCCTGCTCTAATGATTTTTCTAGCCTTTTCCAAAGATAAATTATTATCCATATCTATTGAAGAAAGTTTTTCAGAAATAAGTTCTGTAACATATTTAACCATAGCTTTTTCTCGTATAAATTTATATATAATATGAAAAAAATTACA
NZ_CP084144.1_gap68	2177201	2179922	2721	CTATATATTCAATAATTTTTTCTAGTTCCATTTTTACCTCAGTCTTATTCTCTAATTATTTTTACATAGTCATTGTTTTTTAAACCAGCTGCATTAGCTTCATCTACATCTATATGCATCTCTTTTGCCATTTTATCACCAACTCTTAAAACAACATTGCACATAATAATTTTTCTTTCTCCATAAGTTTCAACCTTAACGATTTCTCCATTTTTATAGCCTCTTATATCAGCTATATATTTTGGTATATGGATATGTCTTCCTGCAACTATGACACCTCTTGGTATTTCTATTTCTCCTTTTGGACCAATTATTTTAATCCCAGGTGTTCCCTCTAAATCTCCTGATTGTCTGATTGGAGGAGTTAAACCAAGTTTAAAACTATCAGTTATTGAAATTTCAACTTGGGTTTCTTTTCTTACAGGACCTATTATTCTAACTCCTGTAAACTTTCCCTTAGGTCCTATAATATCTACTTTTTCATTTGTTGCAAATTGCCCAGGTTGTTTCATATCTTTCATTTTACTTAGCTTATAATCTTTCCCAAAAAGTATTTCTAGGTCTTTTTGGGAAAGATGTATGTGTCTGTTTGAAACTCCTATAACCACATCATCGGAAATTATTTCTTCTAACACCTCTTTAATAATCCCTCTGATATCCTTCATTTTTTACCTCTTATTATTTATCTAATTTTGGTAATAATTTTTCTGTATCTGCATGTGGTCTTGGGATAACATGAACTGATTTAACTTCTCCAACTCTTTCGGCAGCAGCAGCTCCTGCATCAACAGCAGCTTTAACTGCTCCTACATCACCTCTAACCATAACAGTTACAAGTCCTGAACCTATTTTTTCATAACCAACTAATTCAACATTTGCTGACTTAGTCATTGCATCTGCTGCTTCTATTGCTCCAACAAGTCCTTTAGTTTCTATCATTCCTAATGCATTACTCATAATTTTCTCCTCCTAAATTTATTTTTTATTTTTATGTTTTTTATTTCCTTTTACTACCTGAATTTCTTTTATTTCTTCTAAGATTTCATTGACTTCATCATTTTGATTATTGTCAACAATTTCTTTTTGAACTTCATCAACAATAACTTCTTCAACTTTTTTGTCAGATTTTTCTTTTTCAGCATTTATAATTTTATCTAATTCATCAGAGGGTCTTGCAATAACATGCTTGCTAATTATTTGAGTTATTTTTTCAGCTGCTACACTTGCTGCTTCAACAGCTGACTTCACTGCTGAAACTCCTCCAACCATTTTTACTACAACCATTCCTGAGCCTCTGGTTAATTCATAGCCTATGACCTTTACATCAGCAGCTTTACTTGCAGTATCTGCTGCCTCTATTGCTCCAACCAATCCGACTACTTCAATAAGTCCAAGTGCCTCTAACATCTCTTCCCTCCTTTCATTTGAGTTGAGAAAGGAACTAAATTATTATAAATGGGTTCCCTTTTATTAGTCTTGCTCCATTTGTTCCTATTGCTCTCAATATATAATCAGAGCTATTTAGACTACATTCAAATAAAGGTTTTTCTACACTTAATTTTTCTTGATAAAGAGTTACTTCATTTGAATTTATACCTATACCGACTCCTAACTTTGAAGACTTTGCTGCCTTATCTCCTAAGATTTTTACATCATCTTCATCATCTGGAATTAGGATAAAAGGTATTTCTTCCTCTTCTATTCCACATAGAATAGTTTTTATTCTCTTATCAATAGTTAAGTTTTTATTATAGTAAATATTTATACCTATGGGGTTCTTTTGTTCTTTCATTAAATCTTCTTTTAAACTGATAGTCATTATTCCCCCTTATATGATAGAGCCAGTCCAGTTGCAACAGCATTTCTTGGTCCTTCAACTCCTCTGATATTACCTTTTCCTGCTACCACACCAAAATGTGATAAGGCTTCTGTAACCATTTGAGGTATTTCAAAGTCAAGTGCTGAACCTCCAACTAAAACTACATAATCTATATCTCTTACATTTCCACTAGGTATAACTTTTTTTAAAGCTCTTAGTGTATTAGTTACAAAAACTTTTTCCTTAGCTTCTCTTCTTACATTTTTAATTTTTTCTAAATTTTGATTTGAATCCAAAGGAATCATATTTCCTTCTTTTAAAATAACTATTCTTGCAAATACTCTTGGGTCAAGAGCTTCTTCAAAGAATTGTACACTACCATCTTCATGTCTTATATGAAATAGACTTTCAACTTTTGCCAAAGGATATTTTTTTATATCTTCTGAAAGTTCAATATTGTTTATACCTAATTCTTTATCTATAAGCATAGTTACCATATTACCTGCTCCTGCTAAATGGCAAGAAGATATTTTGTTATCTGCTGTCATTATAGAAGCATCTGTTGAACCTGCCCCCATATCAATTATTGCTAATGGTTTTGCTGTCCCAGGTGTTGTTAAAGCTCCTATAATTGCCATTTCAGCCTCGACTCCACCAACTACAACTTTTTTGTTTATCTTATTTTGTAGCTCCGTTGCTATCATTTCCATTTGTAGTTTATCAGCTTTTACCATAGCAGCAAGTCCAATAGCATTTTCCATTGAAAATTCTTCTGCTATTCCACCTTTAACTTTTTGTGGAACAAAAGTGTTAACTGCTAACAAATCTTGAATTTTTATATTTTTAGGATCTTGGTTAGTAAGTTGAGCCATAACGATTCTGACTCTTTCGAGCATTCCACC
NZ_CP084144.1_gap69	2193177	2197627	4450	AGATAAAAAATCAGTGAACTTGCATTCTAAATTTTAGATGAAAAATTAAAGTAAGTGAGCCGAGCAAATCTCACTGTGTCTGAGTGAAACGAGTTTAGTGAATTTGCAGCGAACGTTAATTTTTCATCGTTAAGAAATTTAGCTAGCAATGAACTATTTTTTACTACATTTCTCAATCTAACTTGAATAATTTTTATATTGTAAAAGGAGGAAGTGGATAAAATGAGTAAAAAATTGTTAGCATTATTTTTAGTATTAGGACTAATGGCTTATGCAGAAGATACAGATACAGTAGTTAATGACACAGCTGCAACTGAAAGTTCAGCAGAAGAAAATGTTGCTACTACTGAGCTTACTAAACAAGTAACTAGTGAAAATAATCAACAATTAGATGTAAAAGAAATAGATACAGAAGACTTGATACTTCAAAATCAAAATTTAGAATCATCTTCTGTAAATATAACAGGAGAAAATTTAAAAGAAAATGGAGACAAAGTAAAAGTTAATCAAGAAAATTCTGCTACCTTAGAAGAAGAATTATCAAAAGGTGTTGAAAAAAAAGGCTTTTTCAGAAGAGTATTGGATAAATTATTTGGTTAAATATATAATTGTGAAAGGAAGAAATAGGAATGCAAATACTTAAAGCAGGTGGAATATTAATGTATTTTATTCTCTTAATGGGAATAATAGGACTTTATGCAATATTAGAAAGGTTTTCATATTTTCTGATAAAAGAAAGGAACAATTTTTCTAAATTACCATCAGAGGTAAAACAACTTATAAATGAAGGTAAAATAAAAGAAGCAATAGTTGCTTTAAATTCTAATAAATCATCAACTTCATTAGTTTTAAAGGAAATATTGATTTATGGATATAAAGAAAATAAGGAAACTTTGTCTTCACTTGAAGAAAAAGGTAAAGAAAAAGCAATAGAAAGAATAAAAGCATTGGAAAGAAATATGTGGCTTCTTTCATTGGTTGCTAATGCTTCTCCATTATTGGGATTATTAGGAACAGTTACTGGTATGATAAAAGCATTTAATTCAATAGCCTTAAATGGAACAGGAGATGCAGGAGTTTTGGCAAAAGGTATATCAGAAGCCTTATATACAACAGCAGGAGGACTTATTGTAGCTATACCTTGTATGATATTTTATAATTATTTCAATAAAAAAATTGATTTAATAGTGAGTGATATAGAAAAAACTTGTACAGAGTTGTTGAACTATTTTAGAGAGTAGGTGCGAGTAAATGAAATTAGAAAGAATAAAAAGAAGAAGTGGAGGGACATTAGTTCTTGAAATAACACCACTTATAGATGTTGTTTTTCTTTTGCTTATTTTCTTTATGTTGGCAACAAGTTTTGATGAAAGATCAGCCTTTAAAATAGATTTACCTAAATCTACTGCTGCAAAAACAAAAAGTACATTAAAAGAAGTACAAGTTTTAGTTGATAAGGAAAAAAATATATATTTAAGATATACTGATAACTCAGGTAAATCACAAAGTGAAAAATTAGATTTATCAAGTTTTGTTTCAGTTGTATCAGAAAAACTTAACACATCAGAAAGTAAGGATGTAATGATTTCAGCTGATAAAGCTATTGATTATGGATTCATTGTTGAGATAATGAGCTTACTAAAAGAATCAGGAGCAACTGCTATAAATATAGATACTGCAATAAAAAGTAGGTGATAAAAGTGAAAAGAAATGACTATATTTGTTTATTTTTATCAATAATTATAAATATAGGTATAGTATTTGCTTTAACAGTATTTTCAACAGATGAAATGGTAGAAACAGATGAAATCAAAATAGGTTTGGTAGCAGTTGAATCTGATGCAAGTACAAGATTTAAAGGTGAGAAAAATGTAGATGCTAAAAAGCAAAATTTAGATGCAGACAGTATAGAAAAAAAAGCAGAAGAAGATAAGACTCAGGAAGAAAAACCTGTGGAGAAACCAGAAGATAAACCAGTAGAAAAGCCTGAGAAAGAAAGACCAGAAAAAAAGGTTGAAGAGAATAAAAAAGCTGAAAAAACAGTTCAAGTAGAAGATAAACCTAAAACAACACCTAAAAAAGAAAAACCATCATTGGCAGATTTAAAGAAGCAAATATCTAATTCACAGCCTAAGACTTCAAATGGAGGTTTTAGTCCAACTGCTGACCCTGATGGAGAAGAAGTTGTAGATAGAGTTTTACAAAATGTAACTTATTCAAATGGTTTGGTATCAGGAAGTAAAATGGGAAATTCCGAAGGAGGTTTATTAACTGATTGGAGTGATAGTAATAGAGCACCAGAATTTCCAAAATCAGCAAGAGATTCTGGAAAGCATGGTAAATTGAAAATTAAATTAAAGGTTGATAAAGCTGGAAATGTTTTATCCTATGTTATAGTAGAAGGAAGTGGAGTACCAGAAATAGATGCCTCTGTTGAAAGAGTTGTAGGAAGTTGGAAGGTAAAACTTCTAAAAAAAGGTAAACCTGTAAATGGAACATTTTATCTAAATTATAATTTTAATTTTAAATAAAGAGTGGAGGGGTAATATGTTGTTATTGGGTTTTCGGCTTGACAATGACTTAAAATTAGAGTTTGAAAATAATTTTGAAAATGATTTACTATTTGTAGAAAATATTATGTCTTTTATGGAAGCAATAAAAAGTAGAAAATATGAAGCAATAGTTATAGATGAAAGAAATTCAAAGGAAGATGCATTAATTAATTTAATTATAAAAGTTACAGAGTTACAAAAGAAAGCAGTTATAATTATTTTAGGTGAAACTTCAAATTGGAGAATTATTGCAGGAAGTATAAAAGCTGGAGCTTATGACTATATATTAAAACCAGAGCTACCTAGAACCATTGTAAGAATAGTAGAAAAATCAGTAAAAGATTATAAAGGACTTGTAGAAAGAGTTGATAAAACTAAAAGTACAGGAGAAAAATTAATAGGTAGAAGTAAACTTATGATAGATCTTTATAAAGTTATTGGAAAAGTTGCAAACAACTCTGCACCAGTTCTAGTAACAGGAGAAAGAGGAACAGGGAAAACAAGTGTTGCAAAGGCAATACATCAATTTAGCAATGTTCATGATAAACCACTTATAAGTATAAATTGCAATTCATATAGAGCAAATTTATTGGAAAGAAAATTATTTGGTTATGAAAAAGGTTCATTTGAAGGGGCTGCATTTAGTCAATATGGTGAATTAGAAAAGGCAGAAGGAGGAATACTTCATCTAGCAAATATAGAATCTTTGAGCCTTGATATGCAATCTAAAATTTTATTTTTATTGGAAGAAAATAAATTTTTGAGATTGGGAGGAATGGAGCCAATAAATGCCTTTGTAAGAATAATAGCTTCTACAAGTGTGAATTTAGAAGAACTTATTGAAAAAGGTCTATTTATAGATGAGCTTTATAGAAAACTAAAAGTTTTAGAAATAGATATACCTAATTTAAAAGAGAGAAAAGAAGATATTCCTTTTATTATAGATCATTATATGGCAGAATGTAATCAAGAAATGAATAAGAATATAAAAGGTGTAACTAAGATAGCATTAAAAAAGATAATGAGATATGATTGGCCAGGCAATGTAAATGAATTAAAAAATGCTATAAAATATGCAGTTGCAATGTGTAGAGGTTCTAGTATTTTAATAGAAGATTTACCTCCTAATGTTGTTGGAGAAAAGATTTTAAATGGAAAAGATGAATCTAAGGCTGTATCCATTGAAAATTTAGTTAAGAATGAAATAAATCAATTAAGAAGCAGAAATAAAAAAAGAGATTATTATTTTGAAATAATATCAAAGGTTGAAAAAGAAATTATTAAACAAGTGCTTGAAATTACTAATGGTAAAAAAGTAGAAGCAGCTGAAATTTTAGGTATCACAAGAAATACTTTAAGAACAAAAATGAATTATTATGATTTGGAGTAAAAAATGCATATTACACTTTATAGAAAATATAGACCAAGTAGTTTTTCAGAAGTATCTGGTGAAAATGAAATAGTAAAAAGTTTAAAACTATCTTTAAAGAATAAATCTATGGCACATGCCTATCTTTTTTCAGGACCAAGAGGTGTAGGAAAAACAACTGTTGCAAGACTTATTGCAAAGGGAGTAAACTGTCTTAACTTAAAAGAAAATGGTGAGCCTTGTAATGAGTGTAAGAATTGCAAGGCAATAAATGAAGGAAGATTTTCTGATTTAATAGAAATAGATGCTGCTTCTAATAGAAGTATAGATGAAATTAGAAGTTTAAAAGAAAAGATTAACTATCAACCAGTTGAGGGCTTGAAAAAAGTATATATAATAGATGAAGCACATATGCTTACAAAAGAGGCTTTTAATGCACTTTTAAAAACTTTGGAAGAGCCTCCTGCACATGTTATATTTATACTGGCAACGACAGAATTAGAAAAGATTTTACCTACTATAATATCTC
NZ_CP084144.1_gap70	2206086	2207147	1061	TTTATAAATTGTTAAATAAAAATAAGTGAGTTACATTCCAGATTTTAGAATAAAAATTAAATAGGGTGAGCCGAACAAATCTCGGCGTGTTTGAAGCCAATTTATTGGCAATCTTAGAAGCTATTAATGAACTTGTTCATTTAGAGCTTCTTACAGATGCCGAATTTCTTAGAAACACTTAGCAATTTATTGCTTAGAGTTTCTTAGATGCGAACTCTTAATTTTTATTCGTTAAGAAATCTGGCTAGTAATGAACTATTTTTATTAACTTAATAATTAAATTTTAAATATGTTGTTACATATAGAAAGTGTGGACTCTCTATGTGATACCAAAATAACAGTTTTATCCTTTGCTTCATCAGCCAATGATTTTAAAATTATAGCTTCATTTAATATATCCAAATTAGAAGTTGGTTCATCTAATAAGAAAAATTCTCTATTAGCAAGGAAAGCTCTAGCAAGTCCAATTCTTTGTCTTTCTCCACCAGAAAAATTCTTTCCACCTTCTTCAACTACACTATCTAACTTATCTGGTAAAGACATAACATAGTCATAAAATGAAGCTTTTTTTAATGCAGTATAGATTTCTTCATCAGTGGCATCAGCTTTTGCAACCAATAAATTATCTCTTATATTTCCAATAAATAAGCTAGTAGATTGTGTCATATAGTTAAATTTTTGATATAGATTTTTTAAAGGAGTAGCCTTTACATCCTTTCTATCTAAAACAATTTTACCTGAATCTACATCCCAAAATCTCATAATTAATTTTAAAAGAGTAGATTTTCCACAACCACTTGGACCCATAATTCCAGTTAATTGTCCTTTTTTTATTTTTAAAGAAAAATCTTTTAAAATTTTATTATCAGTATTTTCATAAGAATAAGAAATATTATCTATAAGGATATCATCATTTTCTGTAATATCATCATTTACAATAGAAACATTATCACTCACTGCTGGCTTTTCATCCATTAGATTTAAAACTCTTTCTCCAGATGCAAAAGTTTGAGCAAGTATATTTCCAAGAGCAGCTAGATTAATATAAGGGGCGAAGCTTC
NZ_CP084144.1_gap71	2231855	2235987	4132	TTTTTCCTATATTTTTATGTGATTTGTATATTTTTTTCAAAAGAAATTTTTGAATTTAAAAATAAGGAAATAAAAATAAAAAAATATTTTCTATTTTTCTGCTATTTAAAAAAAACAATAAAAATAAAAGAAATAGTTAAGATAAAATATATCTCAACAGGGGGAATTTTTAGTGTAATATTGTCAATATTATTGGTAGGAATATTTTTCAAAGATAATATACAAATTCAAGCTAACACAGGCTTAGATGAAGATGAAGCATTTTACTTTGGAGCAATAATAGGTTTTGAAGGTTATAGAAAATTTTGTGAAATATTTAGAAAAGTTACAAATAGAGATAGAGCAAATATTTATTTTTTAGAGGAAGAAAATGAAAGTTATAACATATAAAAATCTTAATATGGGAGAAACTATAATAAATTTTTTATTTTTATTGTTTCAACAAGCAATATTTTTTGGACTTATATTTATTTATATTTCATTAGATTATACAGTTTATATTCAAAAAGATTATGAGTTATTGGGTATAGCTATTTTAGTAATTCATAATATTGTCTGTCTTGTAATAAACTTTTTTTATTTGAGAGCAATAAAAAATGCAATATCTAATTTTTTTACCTATGAAAAATATAAAATAAATGATGGCAAATTATATTATGAAAAAGAATTAAAATTATTTAAAAAGATTTTTTGTTTTAGAAAATTTGAAATTAATTTGTTTGATATAAATGATATTTCTATATTACCACCAAAAGAATTTTATAATGATAGATGGCTCAAAGATATTTTTGCAAAATATACAGAGTATTTTAAGCCTTGTAAAAGAATAAAGATAAAATTAATAGATGGGAAAGAGTATACTGTTTGTAATTATGTAAAAAAAAGAGAATATAATAAAGTTTATGACGAAGGAGCAGAGGCAGTATTTCAAGTGATTGCTAATAATATAAAAGATTTTATTTTTGAAGAAAAAGAAAATTATAGGCTACAAAAAGAATTAGAAAATTTGAAAGAAAAATATAATTTACCATTAGAAGAAAGATATAATTTTATTTTAAATAAGATTATAGAAGAAGAAAAGTTATATTTCTACAAAGATGAAGAAAAATTTATAGTTAATGCAGAAGAAATGGCAATAAAAAATTTAGAGATACTTAAAAATATGAACTTTGAAGAAATAGATTTTTATGTGTTCTATGTTGATTATTTATCAAAAAAAGAATATGAAGATAAAAAAGTATTAGTAGGTTTCAATGGGATTGATGGAAAAGAAGTAACTATGTCAAAGCTAAAAGATGATATAAATGAGATTAGAGATAGTAAAAGTACATTTATTTAAAAAAAGAGGTGAAATATATGTTGCCAAATAGATTGATAATAACAAAGAGAAGTAAAAGAGAAGAAATATACAAAAACTCTGAAAATAAGTGGATTATTGATTTTGAAGATAAAATAAAAAGTTGGAGTGATTTTTATGATATCATTCAAAAAGAAATGGATTTTTGGAATTATAATGAAAAATTTAGAAAAGATGATTATACATATTCAGATATTGTAGGAGATTTAATAGTCTTTGAAAAAATGAAAGAAAGAAAAAAAGAAGGAATGATATTTATTCTTGATTATACTGAAGACTTTAAAAAGATAAAAGATAGTGATGAAAAAGACTATGATAAAAGTACTATATACTGGGATTTAGTATATAGTCTATTAGTAGAATGGTATAGAGATAATAGAATTATGTTTAGAGAATGGAATGCTGCAATAGATATTGAAGTATATATTCTAATAGATGATGATTTAATAAAAAATAAGGATATAAATTTTGATAATGAATTAATAATAGCCACTGAAAGTGATAGAAATGATGTGAGACAACAATATAAAAATTATGATAAAACAAAAATTCGTTTTTTTGACTACGATGAAATAAAAGATTTACCTAATATCTTTTTAAATAATAAAAGAGCATCAGAAGCTGAAAAATTTATATTTTTTTATCAATTAGAGAAAATAAAAGCTGATAACTCAAAACAATTAAAAGTGGAGATATCTAATTCAATGAAAATATTTCATGTACTTAATATATATCTATTAGTTTATATAATAGATAAAATATTAATAGAAAAATTTATAGAAGGAAAAGAAATAAAAATGTTTATGATATTTGCTAATGAATTGGCAGAATAAATATCAAAAGTAAAAAGCTATCTTTCTTTGAATATAGGATATTTTATAAAAATATAAAGAGGTTAAAAATGATGAAAATAGAAACTGTAAATAATAAAGAAATAGTAATATCTATTGATCACCATAAGTATATAAAAAAAACAAAAATATCACTTCTTTTATGGTTAATATTTCCAAGCATTATGATAATTTTGAATGTAACGCCTTTTTTCCTATTAATTGTAACAGAATTGTTTATTTTAGTAACTTTTACTATAAGTTATTATCATTTTAAAAAAAATAATATTATTTTAGAAAAGTTAATTGTAAAAGAAAATTCATTAGTTATACAAGATATAAATGATGATAAAAAAATAATATTTAATGAAGAAATAAAAATTGATGAGATAAAAGAAATATTTTTTAAAGATGAATTAGGAGTTTATTTTTCCTGTGGTGGAGGCTTAGGAGATAAAAGAAAATTTTTAAAGATAAAAACTTCTTACAAAATATTTTCATTTGGGATTTTAATAGAAAATGAAGAATATAAAAAAATAAGAGCAGTTATAAAAGAAAAATTAAAGATATAATTGGAGAATTTAAAAAAATGAAAAAAATAATTATTATGGAATTAATCTTAGCATTTTCAATATTCTATTTGATAAAATATGTTCCAAATTATAAAAATACAATATTAGTATTAAGAAATGACATAAAAATAGAAAGAGAAGAACCTTTGGAAAGAAGTGAAGAGGATTTATTTTTATTAAAGAAAAACATATATGTAAAAGAAATTTCAAATTTAAATGGTATTTGGGTCGGAAAAACTTATTCTTATGATGAATTAAAAGAAATAAGTTTATTTTTTAGATACTTAATTAAAGAAGAAATGGTTGATAGAGAGGAGTATAATAAAGAAACTGGATATTTTATTATAGAACCTAATAAAGAATTTTATACTTTAAGTGAAAATGAAGTCAAAAAGAAGTTAGGTACTAATAATTTAAATCTAAAAAAGTAGAAAAATATATGAAAAAATATGGAGAAAAACCAATTTTTACTAATTTTTATCAAGGCTATCTATCAAAAGTAAGATTTGTAAAAAGTGAATTACCTTTTTATAAAGAAAATGTAGAAGATGAAAATTTTGAAAAAAGAGAAATAGGCTATATAATGCTGTTTAGAAATATGATGTTAATTATTTTAATAGTTAATTTTTGTTCATATCCATATTTATTGAAGAAAAATAGATTGAAGATAGAATTAAATAAAATAATTCCAATAATAGTATTTTTCTTTACAGATACAATAATTTTAGTTTTAAGTTTTCTTTTAAAAAAACCTTGGGATTATATTAACACTGCTTATATCTCAATTTATATAATATTTCATATTATTTTTAAAAATATTACAACAGGTTTATTTTTTATAAAAATGGAGAAAGTATTAAGAAAATTTAAAGATATCCCACAAAATGATATTATAGAAAAATTTAAAATGAATGAAAAAATTATGAGTGCTGAATTTAATATTTTCCTTTTAGTAAAAGTAATTTTACTATATTTAGTTCCAATGTTATTAACATTTCTATTATCAATGATTGGTACAGCACTTATGACAATTTGTTACTTTATTATTTTTATTTTTTCACTCCTATATTGTTTTTGTTGTTTTATAAAAATAGAAGATAATAAATTAAATGCAACATACTATATATCAATTTATTTATTACAATATCTTTTATTTATTTTTTTACTAATATATTTCTAATAAAAGAATTTAAAATTAACATATTTTTATATGTTATGCTATAATATAGAGTAAAAAAATTAAAGAGGTGATAAAATGAAACCAATAGTTGCAATAGTTGGAAGACCAAATGTTGGAAAATCTACTCTTTTTAATAACTTGGTAGGAGATAAAATAGCAATAGTTGATGACCTGCCGGGTGTAACAAGAGATA
NZ_CP084144.1_gap72	2237610	2242447	4837	TAATAAAAAAGTGATAGAATATATTAATATATAAAATGGTGATAAAATGAATGAGAATTTAGAAAAGATAGAAAACTATATTAAATTAGCAGAGAAAGCAGATACAGTAATATATAGTAACCAATTCTTTCCAGTATCACAACTTAATAATTTAAAATATTCTGGAATGAAATTTTCTTTTAAAGGTTTAAATGAAGACTGTGAAAAAAAATTATTAGCAGTTTATCCTGAATATTTTTCAGAAGATTATTTGTATTTTCCAGTAAAATATTTTAAAATAATAAAAAAATCAAAATTCATAAATTTAGAACACAAGCATTATCTAGGAAATATTTTAGGATTAGGAATAAAAAGAGAAATTTTAGGAGACTTAATAGTTAAAAATGATGAATGTTATGGTATTATATTAGAGAATATGTTTGACTTTTTAAAAGAAAATCTTTTAAGGATAAATTCTTCCCCTGTTGAAATTATTGAAATAGGAGAAAATGAAGTTCCCCAAAATGAGTTTAAAGAATTGAATATAAGGCTATCATCTTTAAGATTGGATAGTTTAGTATCAGAACTCACAAATTTATCAAGAGCATCATCAGTCAACTATATTGATTTAGGTAATGTTCAGGTAAATTATGAGATCCAAAGAGGAAAAAGTTATAGGATATCAGTTGGAGACACTGTTATAATAAAAAAGTATGGTAAATTTAGAATTGAAGAGGAAAATGGCTTAACAAAAAAAGATAAGGTTAAATTAATTGTTAGAAAGTACATATAAGTGAGGTTTAAATGAAAAAGTTTTTAGGAATATTATTACTTTTTATTGTTGTAGTTGTTACAGTCTTGTATTTTGCAAGAGATTTTTTATTGAAAGAATATTTAGAGAGAAAAATGTCTAAGGCAAATAATGCACCAGTAACAATAGGAAGTGTGGATTTAGATTACTTTGAAAGTTATGTAACATTAAAAGATATAAAGATTATGAGTAATTTACATAAAGATGAAATTTTTATTTCTATTGATGAATTAAAAAGTTATTATGAAATAGATTTTAGTAAAAAAGTTATAACTTTTGATGATACTGAAATAGAGGGAATAGCTTTCTTTAAAGATGCTAATTATGAAAATAGTGATAGAGAAGGAGTTGTAACTTTTGAAAATAAGGTTACAGAAGCAGAAGAAAAAACTAAAAGAGACAAGGTTTTAATGGAATTAAAGACTCTTTATCTTAATAAGATAGAAGAAAATCATCTAAATCTTAATGAAATTCTTTCAAGAAATTTGAATGATAAAAGTAATGTGAGTGAGCTTGAAAAAATAAAGCAAAGTATTAAAAATATTAAGGAAAGTAGTGAGAAAAATCTTAATATTTCTGATGTAGTTGGAGAAATTTCAAATATTGGTAAAAGTACAAAAAAATTAGGGAAAGATTTAAAACTTGATAATTTAAACAAAACAGAAGAAGATATAAAAGAAGGTTTAACATTGGAAGAATCATTGGATAGAGTAGTTAGAAACTTCTTAGATAGAAATAAACTTGTTTTGTTTGACTTAGATGGATACATAAATATGTATCTAAATTTAGTCTATGAACAAAAAATATATAATTTATCTTTAAAATATAGAGATATTTTAGATGAAATCCGTTTGAGAAAAGAAGAAGATTCAAAATTATCAGACGGGGATATTTGGGAATTATTCTTTAATAGCATTAGTGTTACATCTAATGTGTATGGAATTAGTTTTAATGGCGAGGTTAAGAATTTCTCAACAAGACTTTCTAAAAATAAGGGGGATACAGTATTTAAGTTATTTGGTGAAAAGGGAAATACAATAGGTGAATTCAAAGGTTTTATTAATTTTAATACTGAACTTACAGAATCTACTTTGAATATACCTGAGGCAGATTTAAAAGATTTAGGAAGTGATTTATTAAAAGGTGGAGAAGGAGTTTTATTCCAAAGCCTATCTACAAATGGTTATCATTTGGCTATAAATGGAAGTATACATCTAAAAAATATGAAGTTGGATATAGATAAAGTTATTGAATCTATGAAAATTGAAGATGAAGTTATAAAAGAAATCATTGCACCATTATTAAGAGAACTAAATACAGGTGAAATTTATTATAGTTATGATACTGATACAAGAATATTAACAATTAAAACTAATATAGTTGAAGTATTTGATGACATATTAAATGGTGAAAATTCTTCTTTGAAGACTAAAATCAGAGAAAAAATAAAAGATGATTTTCTAAAAAAAGTAGCTGGTTAATATAAAGTTGACAAATAATAATAAAAATGATAATATATATTGCCCTTAGGGGATATGATATATTGTTGTCGAACCGTGTCAGATCTGGAAGGAAGCAGCACTAAGATTTATAGTATATGCATGTCTTTCTGAGGGTATCTTTATATTTTCAGATATGCATTTTAATTATTAAAATATATGGAGGAGTTTTTAATGAAAAATAATAAAATTTGTGAAATGTTAGGAATTAAATATCCAATATTTCAAGGAGCTATGGCTTGGGTTTCTGGTGGAGAGTTAGCAGGAGCAGTTTCAAGAGATGGAGGACTTGGAATTATTGCTGGTGGTGGAATGGAACCTGAACTTTTAAGAGAAAATATAAGAAAGGCAAAGGCTATAACTTCTAACCCATTTGGAGTAAATTTAATGCTTTTGCGTCCTGATGTTGAAGAACAAATGAATGTTTGTATTGAAGAAGGAGTAAAGGTTATAACAACTGGTGCTGGAAATCCTGGAGCTTTTATGGAAAAATTAAAAGCTGCTAATATAAAAGTTATACCAGTTATTCCAACTGTAAAACTTGCAGAAAGAATGGAAAAAATTGGAGCAGATGCAGTTATAGCTGAAGGAATGGAAAGTGGGGGGCATGTTGGAACTTTAACAACTATGGCATTGCTTCCTCAAATAGTTAATGCAGTGAATATACCAGTTATTGCAGCAGGTGGTATTGCTAGTGGAAAGCAATTTTTAGCAGCACTTGCTATGGGAGCAGAAGCTATACAATGTGGAACTATATTCTTAACAGCAAAAGAATGTTTAATTCACCAAAATTATAAAAATATTATCTTAAAAGCCAAAGATAGATCAACAATAGTTACAGGCACTTCAACAGGACACCCTGTAAGAGTTATAGAAAATAAATTAGCAAAAGAAATGATAGCACTTGAAAGAAGTGGAGCTCCGAAAGAAGAAATTGAAAAACTAGGAACAGGAAGTTTAAAACTTGCAGTTGTTGATGGAGATGTTGAAAGAGGAAGTTTTATGTCAGGTCAAGTTGCAGCTATGGTAAATGATGAAAAAACAACAAAAGAAATTTTAGAATTTTTAATGTATGATTTAAAACTTGAAACAGAAGTCTTAAAAAGAAGACTAGAAAATTGGAATATTTAAAAAAATTTTTTCTTAATGTTTGCAATATTTTATATACTATGTTATACTTTTTCTAGGATGGGAAGAAAAAAATAGTAGTAAAAATTTAATATTAAAAAACTATTTTGTAGGTGAAGTCATATGAGCAACCATGTAATAATAAAGGGTAAAAATGATAGATTAGTAATTGCTTTAAATCCAGATATTGATTTTTTAGATTTATGTGATATTCTAAAAACTAAAATACTAGAAGCTAAAGATTTTATTGGAAATAGTCGTATGGCTATTGAATTTAGTGGAAGGACTTTGACCAATGAAGAAGAAAATACTTTGATAGGAATTATTACAGACAATAGTAATATAGTAATATCTTATATTTTTTCTAAAAGAGCAGATTCAGAAGAAGAAAATATAGATTTAGATCATTTAAATCCATTAATTGAAGAAGGAAAAACTCACTTTTATAAAGGGACACTAAGGTCGGGTTCTAAAATTGAATCAGATGGAAATGTTGTTGTGCTTGGAGATGTAAATCCATCTTCTATAATTAAAGCAAGAGGGAATGTTATAGTTCTTGGACATCTTAATGGTACTGTGTATGCTGGTTTAGGTGGAGATGATAGGGCTTTTATAGGAGCAGTTCATTTTAATCCTATTCAAATTACTATTGGTATGAAAACTATAACAGATATTCAAAATGAAATCTTAGACTCTACAAGAGTTGATAAAAAAAGCAAATTTAAAGTTGCAAGTATAAAAAATCAAGAAATAGTTGTTGAGGAGTTGATATAGTATGGGAGCAAGAGTTATTGTGGTTACCTCTGGAAAAGGTGGAGTTGGAAAAACAACGACAACTGCAAACATAGGTGCTGGTCTTGCAGATAAAGGACATAAGGTTTTACTTATTGATACAGATATTGGGCTTAGAAACCTAGATGTTGTTATGGGATTAGAAAATAGGATAGTCTATGATTTAGTAGATGTTATAGAGGAAAGGTGCAGGATTAGTCAAGCATTTATAAAGGACAAAAGATGTCCTAATTTAGTGTTGTTACCAGCAGCACAAATAAGGGATAAAAATGATGTTAGTCCTGAACAAATGAAAATCTTAATTGACTCTTTAAAAGCAAGTTTTGATTATATTTTAATTGATTGTCCAGCAGGGATAGAACAAGGATTTAAAAATGCAATAGTTGCAGCAGATGAAGCAATAGTTGTTACCACACCAGAAGTTTCTGCTACAAGAGATGCTGACAGAATAATTGGTTTATTAGAAGCCTCTGGAATAAAAGAACCAAGACTTGTTGTCAATAGAATAAGAATTGATATGGTAAAAGATAAGAATATGTTAAGTGTTGAGGATATACTTGATATATTAGGAATAAAATTATTAGGAGTGGTTCCTGATGATGAAACTGTTGTTATTTCTACTAATAAA
NZ_CP084144.1_gap73	2249039	2251838	2799	CTTTATCAAGTAATAAAATTTTTAATTCATACTTAGATAATTCTCTTGAAACTGCTGCTCCCATTATTCCAGCACCAATAACAACTACATCAAACATACTATCGTCCCTCCTAATTTCCAACTAAATTAAAAAGGTCGCAAAAATACAGAATCCCTCCTGTTATTTTTACGACCCACCATTCACTAGTCTAATATTCTATTTATACTTCATATATATTATACTAGAAATAGAACAGTTGTCAACTGAAATATTTATTAATAAGAAGCCATAAAGGCAAAAATTGCAATTAGAACCCCTATAAGAACAAAAACCATAATGACAGTATGTAAATCTTTTTTTCTTTCTTTTTCATATTCTTCAATAATTAATTTATATCTTTCCATTTTTTCTTTATCTAATAAATCTTCATTTGTATATTCTAAATATCTATTTCCTTTTAATATAGCATTTGAATAATCATCATCTTCTGGTGGAAGATACCCCTTTTTCAATAAATCTTTTGTATAAAATTTATTATAGATAAATGGGAAAACAAATTTTGTTATAAGTATTGGAAGCATAAAAATAATGGATATATACTCATTATCAAAATCTAAATTAAGAATATTACCCAAATAAATGAAAATAAAAGGAAATAAAAATATAAGAAGCCATTTAAAATCACCCCTAATCAAAGGAACAAAAAAATTAAAGAAAAATGCAGTCCAACTAAAACCTAAAAATCCTTTCTTTCTATGCCCATATTTTTCCAAATTTACTTCTATTGCCATAATCTATCCCCCTTAAAAATTTGCTGCCTGTATAGCTTCAAGATACGTCATATCACCAATTCTACTTATTTCTGAATAGTATATTATTATTACAATAATAAAAGTGATAATAAAATATACCAAAAATATATAATATTTTGATTTTTCATCTTTTTTAACTGTTTCCACTATATTTTTATATAATTCCATTTTTTCTTTGTCTTCTTTTTCTTCTTCTGTATATTCCAAATACCCATATCCTTTTAATAATGCAAGAGCATAGTCATCATTTTCTAGTGGTGAATATCCTTTATTTAACAATCTCATAGTATAGTTTTTATTATACCAATTTCCTATGTATAACCACATTAAAGTAGCAATTATTAATATTAACCCTAGAAAAAGATAATAGCAAATTACAATATATTTATACTTTATATCTAATAATGGTGTTAGAATTTTAGTAAGTAGGGAATTTGGATTAAAAATAAAATTTCTAAAAAAATACTTTATTAAATATCCAGGACTTAAAAGTAATATCCGAGCAATAAAAAGCATAAGCAATCCTTTGCCATCTCCTCTAAATATAGGGACAAAAAATTCCCAAAAATATGTAGTATAGCTGAAACCAACAGCTCCTTTTTTCATGTAAGCATCTTTTTTTAATTGAAATTTTACAGACATAGACACTCCTATTAAAAACGACTAATAATACTTATTAACATAATAAATAGAACAAGGTAAGAGATAAAAAGTATTACAAAAAAAGCAATAACTTTAGATCTTTCAGTTTTTCTAGCTTGTTCTGCAAAAATAAGGTACCTTTCTATTTTATCAGTGTCAGCCATTTCTTCATCAGTATAAGGAAGATAAGTATAATTTTTTAAAATTGCTGCTGAATATTCATCTCCATCCATTGTACGAAAACCATCAGCTAATAAATTTTCTGTATAATATTTATTATAATAATATGCTATCCATATTTCTGCTGAAAATATTACTACAAATAGTATTGATGGTATCAGTGCAGTATAAGAGGTAGAAAGTTGGAAATATATATTTTCAGATGCCTGCTGAAAAGATAAGTAAAAAACAAATATTTTGAAACCAAAAAATATAAAAAACATTAAGAAATCTTTTAATTTTAATCTAAATAATGGAACCCAAAATCCAAAAAATATAGTCGTCCAACTAAAACCTGTAAATCCATTTTTAATATAACCATTCTTTTCTAATTTAACTTTTACTGACATAATTGATTCCTTTCAAATTTTTTTAAAATATATTGCTAAACAAACTATTAAACAAATTATTAAACCAAGGGCTAATAAAAAGTAAATTAATTTTTTTCTCTCTTTTCTTTTAGCTTCTGCTATAATTTCAGAATATTCTTGCATTTTATTATTATCTGATATTTCAGCTTCAGTATAATCTAAATAACGATAACCCTTTAAAATTGCAGAAGAATAGTCATCATTTTCTAATAATTTCCAACCATTTTTCAACATTTTTTGAGTATAATATTTATTATACCAAAATCCAACAATAACATTTACAATATAAAGACTAAATTGTAAAATTGAGACTGATGAAAAATTATTAATATTTTGAGTACGAATTAAAGTTATCATAATAAAAGCAGGAAGTATCGTTTCAATTAAATAAACTATAAAAAATATTATAAAACCATCAAAGTCTAACCTAGATGCTGGAACCCAAACATTGAAAAATAGGGATGTCCAACTATAACCAACAAAACCATCTTTAATAAAACCATCTTTTTCTAATTTAACTTTTATTGCCATATATCCCCCTATTTAAAAAAATATTCATCTGTGTATAATAACATATTTTTTCTTTTTATTCAAAAATTTTTCTAACCTTTTCTTCTAATCGCTTTGGAACAATATATTTAGGATTAATAACAGTTTCTAAGGCATAGAAAGGTTTATTTTTATAATTCTTTTTATCTCTTGACTCATCATAGATTTCTTCTTCAATATCATTTTCAAATTCAACCCATTCTCCAAGTTTTTTCCAGACTAATTT
NZ_CP084144.1_gap74	2253179	2254750	1571	TCGCAGTAGTCTTATTAAAACTTGTAAAGTAACTTACTTATTTTTAAAATATAAGAAATAGGAGTATAAGAAATGTTAAATACAGAATTATTTATTGGAGCAGTTTATGTTGCAGGATTACTTTCTTTCTTTTCACCTTGTATATTTCCATTACTTCCAGTCTATATTGGAATGTTAAGTACAAGTGGGAAGAAATCTATTATAAAGACAGTGGTATTTGTAATTGGACTTTCAACAAGTTTTGTTTTACTTGGATTTGGAGCTGGAAGTATAGGTTCATTTTTAATAAGTAAAACATTTAGAATAATTAGTGGAGTGATAGTTATAATATTTGGAATTATTCAAATGGAGATTGTCAAAATACCATTTTTGGAAAAAACAAAACTTGTGGATATAAAAGGAAAAGAAGATGATAGTATTTGGGGAGCATTTTTACTAGGTTTTACTTTTAGTTTAGGATGGACACCTTGTGTTGGACCAATACTTGCTTCAATTCTTTTTATTTCAAGTGGAGGAGGGAATCCTTATTATGGAGCACTTATGATGTTTATTTATGTTTTAGGTTTAGCGACACCTTTTGTCATTCTATCTTTATCTTCAAAATATGTATTGACAAAAGTTTCAGCAATAAAAAAACATTTAGGTATTATGAAAAAAATTGGTGGTTTATTAATAATTATTATGGGAATTTTACTTCTTACTGATAAATTAAGTATATTTTTATAGAATTTCATGGTTATGAGTATGAAAAATAATTTGGTGCTATTCCAATTAGTAAATGTGATAAAAAATAAGTGAAAATGCATTATAAATTTTAGATGAAAAATTGAAGCAAATGAGCCGAGCAAATCTTGACTTGTTTGAAGCTGACTTGTCAGCAAGTTTGTCAAATTTGCAGCGAATGTCAATTTTTCATCGTTAAGAAATTTAGTTAGCAATGAACTATTTTTTACTCACATTATAAAATAAAATTTGGAATATAAATCATTTATTTTTATATAAATTAATAAATTTTAAAATTATTTAAGGAGGTTTTAGCAGATGAAAGGGCTAAAAAAATTGTTTTTAGGAATTATGATGTTATTAATGGGAGCAGTAGCTTTTGGAGCAGAGATGGATTTGTCAAAGGTTACTTTAAAAGATGTGAATGGAATGAGTTATTCTTTTGGAAAAGATGGAAAACCAACTTATGTTAAGTTTTGGGCTTCTTGGTGTCCAATTTGTCTTTCTGGATTAGAGGATATAGATAATCTTAGCAAAGAAAAGAAAGATTTTGAAGTTGTTACTGTTGTTTCTCCTGGGCTAGTTGGTGAAAAGAAAACAGAAGATTTTAAAAAATGGTATAAATCTTTGGAATATAAGAATATAAAAGTTTTATTAGATGAAAAAGGTGAACTATCAAAGATATTAAATGTTCGTGTTTATCCAACTTCTGTTGTTGTAAATAAAGCTGGGAAAGCTGAAAAAGTTCTTCCAGGTCATTTAGAAAAAGCAGAAATAAAAAAATTATTTTCTTCTAAAATGATGATGAATGATAAAGGAATGAAAGACACTATGATGAAAGATAATCA
NZ_CP084144.1_gap75	2294530	2295030	500	CTCATTTCTTATTCTCTTTCTCTTCTCTTTCTATCCTTTTTTTCTCTCTATTACTACTCTTAAATTCTTCTTTCTCTCTAATTTCTCTTTAATACTTTCCCGTCTCTCTTTTCTTTTTTCTCGCTTTTTGCTCTTCTCTTTTCTTCTGTCTTTTTCTCTTCCTTTTTATTCTTCTCTCTTTCTCCGTCTTCTCCTTCTCTTTCTTTTATTCTATTCCTATTTACTATTTCTAAATTTCTTATCCTATACTTTTATACTTGCTCTTTCCTTCTACACTCCTCATTTATGTTACTTCTTTCCTTCGATTTTTTCTTCTTTAATTACTTATGTATTCCTCACTCCTACTAGCCTTCTTTTCCTACCTTTTTCTCTATTCTACTCTTTTATATTATTCTTTTCATTTTTCTTCTACTGTTCTATTTCTCTTTACTCTTCTTAATTCTTTATCTTCTGCTCCTTCTTCTTTTTTTCTTTACTTTCTTCTTATCTCTCCTCCCTAT
