gap_id	start	end	length	sequence
NZ_CP070225.1_gap1	116052	117638	1586	AGGGCGCGACGTGCCGGTGCTGGTGCGCGGCGAGACCGGCACCGGCAAGGAGCTGCTCGCGAGCGTGCTCCACGTCGCGGGCACGCGCGCGTCGGGCCCGCTGGTGCGCTTCAACTGCGCGGCGATCCCCGCGGAGCTCGCGGACGCCGAGCTCTTCGGCCACGCGAAGGGCGCGTTCACCGGTGCCACCGCGGCGCGTCGCGGCTGGTTCGCCGAGGCGCACGGCGGGACGCTGGTGCTCGACGAGATCGGCGAGCTGCCCCTCGCGATCCAGGCGAAGCTGCTGCGCGCCGTGCAGGAGGGCGAGATCCAGCCGGTCGGCGCGGCGCGCGTCGAGAAGGTCGACGTGCGCATCGTCGCGTGCACCCACCGCGACCTGAAGAGCGAGGCCGCCGCCGGACGCTTCCGCGAGGACCTCTATTATCGCCTCGCGGTCGTCGAGCTCACGATGCCTCCGCTGCGCGAGCGACGCGGCGACATCCCGCAGCTCGCGCGCACGTTCGCCGCGCGTTACGCGGAGCGCTTCGCGCTGCCCGACGTCGCGCTCGCGCCCGCGCTGATCGACGCGCTCGCCGCGCGCGCCTGGCCCGGCAACGTGCGCGAGCTCGAGAACACGATCGCGCGATGCGTCGCGCTCTCCGAGGGCGGCGTGATCGGCCTCGACGCGCTCGACGACACCACCACGCCCACCGCGCACGAGGGCACGTTCCGCGCGCAGGTCGAGGCGTTCGAGCGCGAGCTCATCACGCGCGCGCTCGCCGAGCACGGCGGCAACCAGTCCGAGGCCGCGCGCCGCCTCGGCATGCCGCGCGTCACGCTGGTCGATCGCATCAAGCGCTACGGCATCGGTTGAAGGAGCCCTGCGCCGGCGAGCACTCCAACTGGGCTGATCAAAATCGGCTCGCCCGCTCAGGGCCCTCCCGTCCACGTGCTCCGCACGCTCCCGTGCGGGCCCTGCGCCGGCGAGCACTCCAACTGGGCTGATTGCCGCGTGTGGCTGCGCGCGGTACACGCGGCCGCGATGTTCTCCACGTCCACGATGCTCCCGCGCCACGCGTTCTCCGCGCGTGATGCCGCGCGGGCAGGCGACGTCTGGCGCCTCTTCCAGGAGGTCGCGGTCGAGGGCTCGACCGCGTGTGGCTGGCCTCCGATGCGCTACCGCGAGGAGAAGACCGCGTTCGTCGTGCGCAGCATGACGGTGCGCCATCACCTCGAAGCGACCTACGGCGAGCCCCTCGCGGCGACGACGTGGGTGTCGCGCATGCGCCGCGAGATGCTCTCGACGCGCGAGATCCGAGTGCGCTCGTCCCGCGGTGCGATCGCGTCGGCGCGACAGGAGTGGGTGTACGTCTCGGAGTCGCTCGAGATGGCGCGCGCGCCGCGCTCGCTGCTCGACGCGTTCCCGGTGGAGAGCGGCCCCGACGACGACGCCGCGCCCGAGCTGCCCGCGCTGGCGCGCGAGGTCGACGCGCACGAGCCCCACGTCTTCACGTTCCGCGCGTGGTGGACGTGGATGGACCCGCTCGATCACGTGAACCACCCGCAGTACGTCGACTTCTGCGACGAGGCGCTCTCGATCGCGGCGC
NZ_CP070225.1_gap2	171801	175020	3219	GCCCAGCGCGCGACGTGCGGTGGCTCGCTCGCCCGCGCCGGGGTCGCGAGCACGGTGCGCCACGGCGAGACCAGCGCGGTGAGCCACAGCGTCTCGATCAGCAGCGTGTCCCACTGGAGCGGGAAGAACGGCGATCCGACGTGGACGATCGACACGTACCCGAGCGCCGCGATCACCGCGCTCGGGCCGGGGAGCACACCGAGCGCGAGCATCAGCGACGCGAGCTCGCCGATCACGCAGAGCGCGCTCAGCGCGCCGTCGCCCGCGCCGGTCGAGAGCAGGAGCGAAGGGCGCGTCCACCAGACCTCGTCGCCGAGCACGCTCTGCAAGCGCGCGAGGCGCGGGCCGAGCGGGAGGATGCCCTCTTCGCCGAAGAGCCCGTGGATCTGCGCGTGCGCCGAGACGAACGCGCCGAGCGACGCCGCGCCGACGAGGCGGGCGAAGAGCCACGTCGATCTCGCGTACGAGCTACGCACGTTCGATCAGCGCGCGCGTGATCGCCGGGACGTACTGCGTCGCGGTGCCGCGCAGCACGGCCGCGCTGGAGAGGCGCTCGGCGATCTGCGTGAACGGGCTCTCGTCCTGGTTCACCACGAGCATCGGCACGCGCCGGTGCGCCGCGACGTTCACGATGTGGCTCGGCAGCGTCGTCGCGCCCGAGGTGCCGATCACCACGACGAGCGACGCCCGCCGCACCGCGTCCATCGAGCTCTCGAAGCGGAAGAGCGGCTCGTCGTAGCTCTCGTCGAACCAGAGCACGTGCGGGCGCGACCACCGTCCGCGCCCACAGCACTGCAGGAGCGCGCGCTCCGCGTCGTCGATGCGCCGCGTCTTCGGCCACTCGAGCGCGATGCCCGCGGGGATCTCGCGGATGCGCGGGTGCTCGTCCTCGCACCGCAGGTAGTCGATGTTGCCGTGGATCTGGAAGGTGCGCGCGAGCGTGTTGCCCGCGCGCAGGTGCAGCCCGTCGACGTTCTGGGTGACGAGCAGGAAGCGATCGCCGAGCGCGCGCTCGAGCTCGACCAGCGCGAGGTGTGCCGCGTTCGCGCTCGCGGCGCGACACACGCTGCGCCGATAGAGGTACCAGGCCCAGACCTCCTCGGGCATGCGCGTGAACGCGTCGTAGGTCGCGAGCTCCTCGGCGCGATAATTCTTCGAGCCGATCGTCCAGTAGCCCTCGGGGCCGCGGAACGTGGGGATGCCGCTCTCCGCCGAGATCCCCGCGCCGGTGAGGAAGAGCAGCGGGCCCTCGCGCGAGAGCGCGTCGTCGAGCAGCGCGAGCACCTGCGGTTCGAGCGTCATGGGTCGATCCTACAGAAAGCGCGCGCTCGGGACCGGGCCGCCGAGGCGCTGGTGCCATCGCTGTCCGCTCGCGCGATGGAGGCCGAGCCGGTACGCCTCGGGCAGCGAGGCGAGGGCGCGCGCGATCGCGATCACCCGATCGCGCGACGTGACGCTCTCGTCCTCCGACTTCGTCGCGAGGATCTCCGCGGCGAGCGCGTCGTCGCTGCGCGGATCGGGTGAGGCGCGCGTGATCTGCTGGGTCGCGGGATCGACCTCCATCGCGCCGCCGGTCCACGGGTGCGTGATCGACTGGTAGAGGATCGTCGTCACGTCGGGCGCGTACGCGAGGGGCTCGGTCCAGCACGAAGCGTGGGCGAAGAGCCGCTGTCCCGGCGCGTGCATGTGCATCGCGCGGAGGAACGTCGAGTCCTCGATCGCCTCGAGCGACCACACGACCACCAGCCCCTCGCCGCGCTCGACGCCGGCGCTCCAGTCGATGCACGGCACGCCGAGCCGCGTCGCGGTGGCGCGCGCGAGGATGCGGCTCGCACGATCGGGCGCCGCGATCACGCGCGAGGGGCGCTCGATCACGGTCACGAGCCGCTCGATGCCTTCGCGCATCAGCGGGGGCGAGTCCTGCACGAACGCGTAGCGGCCGCGCATCGGGTGATCGTGGCCGTGCGGCGACTCGTGCAGCAGCAGCGATCCCGAGAGCACCGCGTGCCACGCGGTGAGCGAACGATCGTCGAGCGTGATCTCCGCCGCGATCAGCGCGCCCGCACGCGCGAGCATCCCTTCCAGCGCGCGACGCATGAACACGATGCGCTCGTCGTCGAGACCTGCGAGCAGCGCCACGCGCTCCCGCGGCACCTCGAGCTCGCCGCTCATGATCCAGTGGAACCCGCTCAGGTACGCGCAGAACGGGTCGCGCTCCGGCGTGCCCGATGCGTCGAGCAGCAGCGCGGCCTCGCCGCTCCGCATCAACCGCTCGAGCGCGGTCGCGAGCTCCGACACGATCGCGGACTGTCCGGGCGCGAGGCGGTTCGCGCGCGCGAGCATCGTCGCCGCGAGATCGAACTGGCTCTGCTCGTAGAGCCCGTAGCCCGCGTCGTAGAGCGCGCGCACGTCGTCGGGCTCGCGTGCGATCTTCGCGATCGTCTCCGCGAGCGGCCCCGCGCCGAAGCGTCGCGAGAGCTCCGCGAGCAGGGTCGCCGCGCGCGCGAAGAGCGCGCGATCGTCGAGCCCGGTCGCTGGGTATCCCGCCACCGCGCGCAGCGCTCGATACGCGCCCTGTACGTCGTTCGCCGCGAGCTGCCGCTCCGCCTCTTCGAGCTCGTTCATGGCGCGCAGCATCGCACGCTGAACACGGCGCGCGCCCGAGCGTCTATGCTCGCGTCACGATGCGGGCCCGCTTCGTCTCTTCCTTCGCAGTCGTGTGTCTGCTGCTCGCGCCCTCGCTCGCGCGAGCGCAGCGCAACCTCGACGTGGAGCGCTTCGCGCCCGCGCCCGACGGCGACGGCTTCCTCACGATCCCCGGCACACGCACGCCCGGCCCGTGGCGATGGAACGTCGCGCTGTGGCTCGGCTACGCGCACGAGCCGCTCACGGTGCGCCTCGCCGACGGATCGAGCGTGCCCGCGGTCGAGAACCGCTTCGGCGGCGATCTGCTCTTCCAGCTCGGCATCCTCGGCCGCTTCGCGGTGGTGATCGACGCGCCGATCGTGCTCTACCAGGACGGCGAGCCGCAGGTGATCGACATGCGCGGCCCACTGCAGACCGTCGCGCTCCGCGATCCCCGCATCGCAGTGCGCGCGCGCCTGCTCGGCGAGGACGCGACCGAGGAGCGCGAGCGCCACGAGGGCGAGGGCCTCGCGATCCAGATCGCGACCACGGTGCCGATCGGCCACGAGGACACCTACGCGGGCGAAGGCAATC
NZ_CP070225.1_gap3	204005	207197	3192	AGGCGGCGCTCGCGCGCGGCGCGGACTCGCCCGGGCAGCTCGACCCCTTCGTGAAGGGCAAGATCGCGAACCTCCACGCCGAGGTCGCGCAGGCCTACACCGACGCGGGCATGGTCCCCGACGCGATGCACGAGCTGCGCAAGGCGATCCTGCTCTGCCCCACGTTCGCCGATCTGCGCGTGAAGCTCGCGAACCTCTATCGCCAGGCCGGCGATCTCGACGCCGCGCGCTTCGAGCTCGAGGAGGCGATCAACGCGCGCCCGCGCTACGTGCCCGCGTACATCGCGCTCGGCGTCACGCTGCTCTCGATGGGCAACGGGGAGCGCGCGATGGAGATGTGGAAGCGCGCGCTCGAGGTCGACCCCGAGAACAAGGCGGCCGACATGTACCTGCGCATGGCGCGCGGCGCATCGTCGTCGTCGCCCCCGCCGAAGCTCGACGCCTCCGCGGAGCGCGCGATCCTCGGCGGCAAGATCGACAACGACTGACCGGAAGGACCGTCGTCGTCGCGCCGCGCCTAGAACACCTGGGCGATCGCGCTGGCGTCGACGCGCCCGAGATCGGCGCGCGCCTTGTCCGCCGTCCACATGAACGCGGTCCAGACGAGCGGGCCGAGCAGCAGGTTGCAGTACGGCACGAAGTGCAGGCACGCCGCGAGCACCGGCACGACGATCGGCACCTGCTGGCTCGATCCGCGCGTGTGCGACGCGCTGTTGATCGAATTCGCGATGCCGATGTTGCACGCGAAGATCCAGAACGCGTTGAAGCACGGGACGAAGAAGAGCGCGACCGCGGTCGCGGGGGTCACGCGCCCGACCAGCGGTGCCTCGCGGTGCTCCTCGGGGATGCTCGACCACGCGTCGTAGACCCACCACAGCGCGCAGCCGAACCATCCGATCATCGCCGGGATCGCCGGCAGCACGAGCAGGCTGCCGATGATCTCGAGGTCGCGATCGATCTCGCTCAGCACCGCCGTCGCGATGCCCCCGGCGATCGCGAATGCGAAGGTCGCGACGTACGACCCGACGAAGAAGTACTTGATGCGCGCGTTCACGAGCCCCCCCGTGGGCACGATACGCGAACGCGCACGAAAAAAGGCTCGCCCGCCGGCCCGCGCGCTTCGCGCGCGCCCGAGCACTCTGGCAGAGCTCAGAAAATCGGCTCGCCCGCCGGTCCCTACCGTCCGCGCGCTTCGCGCTCTCCCGTCCGGGCCCTGCGGGACGAGCACTCCGGCAGAGCTCAGAACACCTGCGCGACCGCCTCCGCGTCGACGCGCTCGAGATCAGCGCGTGCCCGGTCGGCGTTCCACATGAACGCGAGCCAGAACGGCGGCGCGAAGATCAACCCGGCGATTGGCACCAGCTGGACGAGGCACGCCACGATCGCGAGCGCGACCGACACCTGCGCGCCGGTGCCGCGCGCCGCGGACGCGTGGTTGATCGAGCGTGCGAGGCCGACGTTGCACGCGAACATCCAGGCCACGTTGAGGCACGGCACGAAGAAGAGCAGGAGCGCCGTGCGCGGCGGGACTCGCCCGAGGAACGCGGCGTCTCGGTAGTCCTCGGGGACGCTGCGCCAGGCGTCGAAGATCCACCAGAAGCCGCATGCCCAGAGGCTCAACACGGCGGCCGTCGTTGGGAGCCGCGTGAGCCACTGCAGGTCGGGCTCGAGCGCCGCCTGGAGCGGTCTCATCAACATCCCGAGCGCGAACCAGCTCGCGTACGACGCGAGATAGAAGTGCTTGATGCGCGCGTTCACGAGGTCCCCCCGGCGCCGCGATACGCGAACGCGCGCTCTTCGATCACTCGGGCTCGACGACCTCGAGCGTGATCTTGCCTTCGCCGACCACGCTGATCTGGCAGCAGAGGCGCACGTCCTTGCCGTCGCCGAACACCTCGAGCACGTCGAGCTCGTCGTCCTGCGGCTTGCTGAGGAGCGGCATGCCCTCCTTCACGCGCACCCGGCAGGTCCCGCAGCTCGCGGAACGACACGAGAACGGCACCTCGGCCTCGGGGTGCTCGTCGCAGGTGTCCACGAGGGCAGTGCCCACCTTCACATCGCACTCGTAGCCGGACGGCAGGAAACGAACCTTCGTCATACGCGGCCGCGAGTATGGACGAGCGGTCGCCTCGGTCAACACCCGCGAGCCGGCCCGTGCTGGCGCGTGGCGCAGCGCCTCGATCCCCCGCGTACCTGCCCGTTCTTCGCGGCACACCGACGCGTGATCTCGCTCGCGCTCCTTGGACCAATTGGACCAGCCGTGTACGATCCGCGCCCCCCGCGCGTGCGCGGTACGTCCGCGTTCTGCGTTTCCTCCTCCCCAGCGCCGCACGGATCGGCTGTGGTTCCGCCAATCCGAAGGACCCCATGACCGCGACGATCGACATCCTCCGTGGGGAGCTCGAGCGCCTCTTCGAGCTCGACGACATGAAGCAGCTCTCCAGCGACCTCCTGGGCATCGCGCCCGACGAGGTCGGTGCGACCAGCGGAAAGGGCGCGTTCGCGCGCGCGCTGGTGGAGCGATGCAGCGCCGACGACGCGCTCCCCGCGCTCGCCGACGCGATCGGGCTGGTCAAGAAGGGCCTCAAGGAAGGCGTCGACCTCTACGTCGCGCCCGCAGAGGAGCTCGCGGCCGGCACGACGGTCGGTGGCTTCAAGATCCAGAAGAAGCTCGGCGAGGGCGGCATCGGCATCGTCTATCTCGCCGAGAAGGGCGCCGGGTCGAACGGCGCTGCGGCCAAGGACGGAGCCGAGGGCGAGAAGGTCGCGATCAAGGTGCTGCGCGCGGTGCACGCGAAGGATCGCGCGGCGGCGAAGCGCTGGCTGACCGCGGCGCGCGCGATCTCGCGCGTCGACGAGCGCGGCATCGGTCGCATCGTCGCGACGGGCGAGCTCGAGGACGGGCGCCCCTGGGTCGCGACCGAGCACGTCGACGGTCAGTCGCTCGCGGCGCGCCTCTCGCGCACCGGGCCGATGCACTTCAACGAGGCACGCCCGATCGTGCGCGGCGCGCTCGCGGGCCTCGAGGCGCTGCACGCGAAGGGCATGGCCCACGGCGGCGTGAAGACCGAGAACGTCTTCATGCTGCGGCCCAGCGCGTCGGACAAGATGCGCAACGAGCCGAGCGGCGTGCTCGTCGATCCCGGCGCGGATCGCCTCTTCGCGCGCCCGCCGATCACCAGCCCGGATCGC
NZ_CP070225.1_gap4	316139	319855	3716	AGTCGTCGTCGAGCGTCACCGTGACGCGCGCTTCGCTCGGCAGCGCCGCGCGCGGCGTGATCGTCAGCGTCGTGCCCTCGTCGCTCCACGCGAGGTCGACCTCACGGGTCTCGGTGCCGGCGCGCACCGACACCGTGCCGGCGCTCTCGTCCATCTCCTCCGAGAACGTCACGGTGATCGTCGCGTCGGGCGCGACCCCCGTCGCGCCCTGCTCGGGCGACGTCTCGGTTACCTGCGGCCGCACCGTGTCCGGCGTGAACGCGTCGACCGGTGGCGTCCCCGAGTCGTTCGGGGTGGGACCGGAGTCGGGCACGAGGACCGGACCTCCGTTGCCGTCGCACCCGGCGCTGATCGCGCCGAGACACGTCGTGAGAGCGAGCGCGAGGGAGATGCGGCTGCGCATGAGTCGGAATTCGCCTCCGTCCTCACTCGTGCACGCGGCCGTCACGATCGGCTCACGGCCGCACACGAGCTCGTCGATTTGTGCTCGACGGGCGCTCGATCATTCGGGACGGACTTCGAACCCGAGCGTGATCGAGAGCTGTCCGTCGCCGATGCGGGCCACGGTTTCGCCCGAGGATCCCAGCGTTCCGTAGAGCGGTAGCGTGATCCACGCGAGCTCGATCCCCACGTGCAGGTACGCCGATGCGACGATGTGCAGCGAGATGTGGGTCGCGGTGACGACCCCGAGCAGCGGCCCGCTCTGCTCCGCACCACCGATGCCGCGCTCGCCCTCGCCGACCATCCAGCCGTAGCCTGCGCGTCCGCCGAGGCCGAAGTCCGCGTGGTGCAGACCGAAGGGCACGCGCAGCGCGAGGAGCGCGTTCGTCCACGCGACGGTCATGCGGACGAGCCCGCTCTCGCCGACCGTCACCGAGCCCTGCTCGCCGCGCACGTCGACGCTCATCGCGAGCGGCGCGTAGAGCTCGAGATCGACCCCGAGCCCACCGCCGCCCGAGAAGTGCAGCGGGTCGCCGGACACGCGCCCCACGCCGATCGCGCGCACGCCGAAAGGACGCGCGCGCGGGGTCTCGCGTGGGGTCTCCTCGACACGCACGACCTCCGCGCCGGGCATCCGCTCGCGCGCGATCGCGAGCGCGACGGCGCGCGCTTCGTCGCCGCCCTGCGCGCCGACCTCGACGACCTCGGGATCGCGCCGCATCCCGAGCTCGATCCAGCTCGCCGCGAGCAGCTCCGCCAGCGCGAGCGCGACCAGGCGCGATCGCCCGGACTCCGGTGACGCGACGAGATCGATCGAGCGCTCGAGGTGCTTCGCGGTGAGGGGCTCGTCGACCGCGAGCGCGACGCGCGTGCCTTCCGCGTCGGCGCACGTCGCGCGCACCCGGCTCGCTTCGGGATCGGTCGGCAGCGCGTCGAGATCGGCGTCGGCGCCGAGCTCGATGCCGAGGATGCGATGCACGATCTCGGGATCGATGCCCGCGCACGCCTCGACCTCGAGGGCGACGCGCGGGCCGGTGATCGTGCTCGCGTCCTGTGCGTGGACGGCGTGGGGAGTCGAGAGCGCGCACACGATCGCGACGATCGTGGTGCCAGCGAAGGACGCGCTACTCGATGCCTCCATAACGCCGCACGGCGCTCGCGCGGAGCCCGTGGGGATGCAAGCGAAGGTACTCCAGCGCGCGCTCACGCGCCTGTTCTACGTCGCCCGCGCGGTGCCACGCCTCGACCTCGCGCGCGAGCGCGTCCTGGGCGAGCGAGCCGTCGGGCGCCATCGCGCGACACTGCGCGAACGCCGCGGCCGCGTCGCTCGGACGACCGAGCTGCTGGAGGAGCACGCGGCCGAGCGTGAACGCGACCATCGGCGCGCGCGGATCGCCCCGCCCGACGTCGAGCGCGCGTCGCAGGTACGCGAGCGACTCGCTGGGATGCCCCGACAGACGCGCGACGTCGGCCGCCTGCATGAGCGCCTCGAGATCGCGCGAGGGCAGCACCGACGCGTCCGCGAGCAGGAGCCCGTAGCCCTCGTCGAAGCGGCCCCGCTCCGCGAGCGCGCGCCATCCTTCGAGCTCGGCCTCCTCCGGCGCGATCTCGATCTCGATCTCCTCGTCCGCGACCTGCTCGATCGGCTCCGCCGCGCGCGCGCGACGATCACGCCTGCGCGGCGCGCGCTCTTCGCGCACGACCGCCGTCGCGACCTCTTCTGCTTCGACCGATGCCGCCGCGACGGTGGGCTCGGTCGCGACCCGCGCGGTCGCGGCCGCGCGCGGGAACGCATCGCTCTCACCCGCGCCGAGCACCGCGTTGCCGTCGGGCTCCCACGTGACCTCCACGCGCCCGCGCTCCACCTCGACGCTCGCGCCCGCGCCCTCGCGCCGCACGGTGAACACCGTACCCAGCACCGTCACCACCACGTCGCCCGCGCGCACGCGGAAGCGCCGCGGCAGCCCGGGCGTGACCTCGAAGCGACCGCCACCGTGCACGACGTCGACGACGATCTCGTCGTCGCGCACCGCCGCCACCACGAGCTCCGAGCTCGCGTCGAGCGGCGTCGCCACCGATCCCTCGGCAAAGCGGAGCACACCGTGCCCCTCGGCCGGCAGCGCGTGCGCAGCGTGCGCGATCGCGTCGGGGCCGTGCGTCGCGGCTGGCGTGCGCCGGGCGCCCCACATCAGGAGGAACCCCGCGGCGAACGCGACCACACCTGCGCCGATCGCACCGCGCGCCAGCGTGCGCCGGCGCTGCCGTGCGCTCGCACGTTCCGCGAGATGCGCGGCCCTCGCCGCGTCCCACTCGATGCCCACGTGCTGCTTCGCAGCACGCGTCATCTGCCGAAGCGTCGCGCGCTCAGACATCCCCCAGCTCTCCCCCCATGATCGCGTGCGCCGCCGCGATCCGCCGCTTCACCGTCGCCAGCGAGCACCCACACAGCTCGGCCACTCGCTCGAGCTGCTCCCCTTCGAGGTGTCGCAATGTCCAAGCGAGCCGCTCTTCCGTCGGCAAGGTGTCGAGCATCCGATACAGATCCGCGATCATCACGCGCTCCGCGGACGAGGCGCTCTCGTCCACGATCTCCCCGTAGTCCGCGCCCTCGTCCACACCGAGGAAGCGCATCATCCGCCGCTTGCGCAGCACGCGACGGGCTTTGCGCACCGTCAGCGTGCCGAGCCACGCCTTCGCCGCGCCGGGATCGCGCAGGCGATCCATCCCGCGCACCGCGTCCAGGAAGACGTCTTGCACCAGGTCGTCGACGTCCTCGCGCCGGCCCAGGATGCGCATGCCGATCCACGCGACGTAGCGGCCGTACGCCCGGAACGCCGACGCGAGATCGATGGGCGCGACCGCGGGCAGGTGGCCCGAGACGTCCGCCGAGATCTCTCCTGAAGCCTTGGCGCCCTCGTGCGAGCCCATGACGGGATCGCTAGGGCTGATCAGGCGCAGGCGCCGCGGGGTTTCCCGGCTCACACCGTAGTTGTGCCTCGGCTCCCCCTGGACGGCTCACATGATCGTCTGCGTGGTACTGTCCGCGCGTGATCGGGCGTCTTCGCGGGCAGATCGTGGATCGTGGGGTCGACGGAACGGTGGTCCTCGACGTCGCGGGCGTCGGGTACGAGGTGTCGGTCCCGCTCGGCGCGCTCGGGCGCCTTCCCACTCCCCCGGAAACCGTGACGCTGCACGTGCACACCCACGTCCGCGAGGACGCGATCGCGCTCTTCGGGTTCGCCACACCCGAGGATCGCGCGGCGTTCCGCACGCTC
NZ_CP070225.1_gap5	392907	393728	821	GCGACCGCTGGTGCTCGCCGATCCCCGACGTGATGCGCCTGCCGGTGTCGGCCCAGCGCGAGCTCGCGCCGCGGCTCGACGATCGTGATCTGCGCGTGCTGACGGAGGTCCCGCGCGCGCAGCCCTACGACAATCCGTTCCTCGTCGTCGACCTCGCGGTGTGCAACGGGTGCGGCGAGACCAACACGCTCTGCCTCGCGCACGTGCACCGCACGCAGCAGGGCAATCGCGAGCACGTCGCGCGCACGTACGTGGTGAGCCACGTGCTGCTCACGCGCGAGCAGGCCGACTGGGTGCGGCGGGGCTGAGCGGATGGAAGCGCTCCTCGGGCTCGTCGTGATGCTCGCGATCGGCGGCGCGTTCGTCGCGTTCGTCGTGCTGCTCGTCGTGCTCGGGCAGAAGCAGGCGCAGAAGAACCGCGAGCGCTTCGCGCGCGCGGCGGAGGCGCTCGGGCTCACGCTGCAGGGCACGCACGAGGCGGTCGCGGTGCGCGACGGCATCGCGGTGCGGGTGCACCTCACGAGCGAGTCGCGCGGCAGCGGCAAGAGCCGGCGCCGCGTGAACGTGACGCGCTACTACGCGTACCCCGATCCGCCGCTGCGCATGGGGCTCGAGCTCTCGGAGCAGACCGCGTTCTTCGGGGATCTGCTCGACTTCGCGGGGCTCTCGAACGACGTGACGCTCGGTGATGCGGCGCTCGACGCGGCGCTGCGCATCAAGGCGCTCGAGACCGATCATGCGCGCGCCGTGCTGCGCGAGCCGATGGTCGGCCCGCCGATCCTCGAGGCGTGCCGCATCGGTCGTTTCGCGCTCGCCGACGG
NZ_CP070225.1_gap6	406758	411315	4557	CGCGCACCGTCGCGTGCTGCCGGCGGACGTGGTGGCGCTGCTCGCGCTGGAGCTCGCGACCGCGCTCGAGCACGCGCACGAGCACGGGGTGCTCCATCGCGACGTGTCCCCGGCGAACGTGCTGATCAGCCAGGTCGGCGAGGTGAAGCTCGCGGACTTCGGGATCGCGAAGGCGCAGGACGGAGCGGCGGTGACCTCGACCGGGTTCGCCAAGGGCAAGGTCGCGTACATGGCGCCCGACTACGCGGCGACCGGCAAGGCATCGACCGCGACCGATCTCTTCTCGCTCGGGGTTCTGCTCTACGAGGCGGCGTCGGGCCGTCGCCCGTTCCGCGGCGCGATGCGCACGCCGAACGATCGCGCGCCGCTCGCCAAGATCGCGCCCCACGTCCCCCAGCGCTTCGTGGAGATCGTCGAGCGTCTGCTCGAGCCCGAGCCGAGCGATCGTCATCCGAGCGCCGGCGCGCTCTTCGATGCGGTCGCGGAGCTCACGCCGACGGCGAGCGCGAGGAGGGCGCTGGGCGCGCTCGCGAGAGCGGCGGATGCGGAGGTCACGACGGTGGAAGAGCGCACGATGGAGTCGGAGTCGCCGCCGTTCCTGTGATCACGCGAACAGGCGAGCGCCTTCTTCTTCCCACCAGCGCCGGTACTTCTGCTGCGCGACCTCGCGCTCCTTGCGCGTCGCGGCGGGATGGAACCCGTAGTACTGCTGGGTCAGCGACTTGAGCTCTTCGCCCGCGGCCGTGCGGATCGCCTCGTCGCTGTGTGAGAGCGCGTCGATGAGCCACTCGATGCGGTGACGCCGCTCGTTCTTCTGGAGCCACGGCATCCACCGGCGCGCCGCGGTCCCCATGTCCTCGCACGCGATCTCGACCAGCGCGCGGTGCGCGACGTCCGCGAGATCCTGATCCTCGTCGTCGAGCAGCTCGATCAGGAGACGCACCGAGCCCGCGTCGCGAAGCGCGCCGAGCGCGCGCGCCGCACGCCTCCGCTTCTCGGGATCGCGCCCGCGGATCTTCGCTGCGCGCCGGAGCTGCGCGAGCGTCTCGACCCACTCCGCTTTGAAGCTCCGGAACCGCGGGAGGATCTCGAGCGCCGCGGCGCGCACTCCGTCGTCGTCGTCGAACGCACGATCCGCCAGCGCGGCGACGAGCGTGGAATGCACGATCTCGCCCGCGACCAGCGTCGCGTAGAAGCGCCGATCCGCCTGCGCCACGTCGAGCAACGACGCGACGTACGGCGCTGCACGATCGCGGAACGCGACGAGCGCGCGCCCGATCGCCGACACGTCGCGACCACGCGGCATGCGCCGATACGGACGCCGACGATCGAACCAGAGCGGCCCCGGGAACGCCTGTGCGAGCGTCGGCAGCGCGACCTCGCCCATGCGCACCAGCGACTCGACGATCGCCTGCTCGCCGTCCGGCCCACAGCGCGAGAGGTCGACCACCATCGCGTTGACCTGATCGCCCATGTCGACGATCACCGACGGGCTCTCGACGCTCGACGGAGGCGCGGCGCGGTTCTGCGGCGGTGCGCTGTCGGCGGGGCGATGGCGCCGTGCGTCGATCGCGGGGACGTGGATGACCTCCTGGGTCACCGGCACGTCGTGATCCGAGACCTCGGCGCGCGGATCGGGGCGCATCGAGCGCGGGCGCTCCGCCGCGCGCTTGGGCGTCGCCGCGACGACGTCGACGCCCGCGTCGCGGACGATGTACGCGCCCCCCGCGCGCGGCGTGATCGCGCGCGGCGGCTCGGGCGTGAGATCGCTGGCGAGATCGTGCTCGCCGCTGTCCGCCGTGTTCGCGTCGTAGGCGAGCGTCAGCTCGGGCTCGTCGTCGTCGCGCGCCGGCGCGGGCGGAGGACGCTCCGAGACCGGCGGGAGCGAGACGTTCGCCTCGGGCGGCAGCGGCGCGGCGCGCGGGATGCCGAGCATCGAGCGGAGCGTCGCGCTGCGGGGCGCGCTCGATCGTGCGAGCGCGGCGACGTCGAGGCCCGGCGAGCTCGCCGTGCGCGAGGCCGCGGGACGCGGGGTCTCCCTCGCGATCGGCGCGGGCGGTGCCGCCGACTCCCAGCGCGATGCGACCGACGATCCCGGCTGCGGGCTCGCGTTCGGCTGGGGCGACTCGAAGCGCGCGACGCGGTCGCGCAGCGACGCTCGATCAGGCAGGCGCGGCTCGTCCTCGGGGCGCGAGAGCTCCGGCAGCGCCTCGGGCGGCGTCGAGGGCGTCGGCTGCGCGCCCGCCCACGATGCGCGCGGTCGCGTCATCGGGGTGATCTCCGCCATCGCGCGCGCGGCCATCTTCAACGTGTCGCGCTCGGAGCCGGCTCGTTCACCCTCGCTGGTCTCGTCACCGCCGCTCGCGCCGCCGCGATCGCCGCCGGTGCCGCGCTGGTATCCCGGGCCTCGCTTGCGCCGCAGGATCAAGCGCTCGAACGCGTCGACCACGCGCGGCACGAACGCGACGAGCTCGGGCAGATCCGCGAGCGTGAACGAGTCACCCGCACGATCGGCGTAGAGCATCAGCACCGCGCGCCCGCGGATCGCGACCGGCATCACCATCGCGGGCGTCGTCGCGCCGCGCGAGAGATCGCGGAGCACGAGGCGATCGAGATCCGACGAGGCGAGCCGACCGACGTGCGGCTTGAGCGAGCGACGCACGTCGCCGAACGTGCCCGGCACGTCGAGCGGCACCGCGACGCGCTGCACCGCCTCGAGGCTCGCGCCCGAGCCGAACGCGTCGCGCCCGTCGGCGACGTCGTCGTGCACCACGAAGAGCGCGGCGTAGTCGAAGAACTGGCGCGAGAACGCGAAGAAGACCTCGAGGATCTCGTCGCGGTGCTCCGCCTGCTCAAGCAGCCTCACGGCGTGTGCGGCGGTCAGCGGGCCGCGGAGGCGCCGCAGCGCGCGCGCGGTCTCGCTGCCGGGCTCGGAGCGCGGCGGCTGGTCGGACGAGGGCTTCGCCGCCGTGGGCTCGGGCTTGGTGGGCTCGGGCTTGGCGGGCGCGGGCGACGGCGCGCTCGGCGCTTGCGCCTCGCGCATGCGTCGCTCGACGACGTCGCGCGGCACGCCGAGCGGATCGGTGGTGCGGCTCTCGGGGACCTGCGAGGTACGCACCGTCGGCGTGCTCGGCGGAGGGGCCTCGTCGTCCTCGTCCTCCTCGTCGAGCCAGTCGGCGACGCTCGGCCGCTTCTGCGGCATTTGCGAGAGCGACAGGCGATCGACCTTGCCCTCCTGAGGCGGAGCGACGTAGGGGACCGGCCCGGGATCGCGCGCGCGCAGCCTGTCGATCAGGCGCGTGTGCCGCGGCGGCGCCTCGATCGCGTAGTGATGGAGCAGCGCCGCCGAGATGCGCACGTCGCAGACGATGCGCGTGACCAGCTCGAAGCCGAGCAGGAAGCCGAGCTGCTCCTCGACGTCGGCGTCGAGCGGGCGCGCGAGCGCGACCAGCAGCGTGCCACCGTCGACCGCGAGCGGGACGAGGCGATGACGCTCGGCGATCTCGCGCGGCACGATGCGCACGGTGTCGCGCGGGACGCGCATGACCTCGTCGCGCGTGGCCGGCAGGAGCGCGTAGAGCGCGGCGCAGTAGGCGGCGAGCGTGTTCTCGGCGACGGCGTCGAGCTCGAGCAGGACGCTCGACATCTCGCCCCCCGACACGACCTGCTTCTGCAACGCCTCCTCGATCTTGCGAACCGGGACCACCTGGTCGCGTGCGAGGAGAGAGGTGAGGGCGGACATGCGTCGTCGTTCCGAGGGGTTCCGATGTTCGCCCGCGCCCTCGGGAGGTGTCAACGAACCTGTGCGTTTTCCGGCGCGAAAGGGGAGGTCGTGCTAGCTCTCCGAGGACATGCCCGGACGCACGCTGGGGCTCGTGGTGATGGCTCTCGTGGCGCTCGCGGGATGCGGGCCAGGCGGGGGTGGGGGCGGCGACGACGGCGGCGGGATGCGCCTCCGGACGCGATCGCGAGGCGCGACCGAGGCGACCTGCCCGGACGGATCGACGCTCACGTACGAGACGTTCGGGCGCGAGTTCTTCGAGGCGTACTGCGTCCGCTGCCACGACTCGCAGCTCGCGACGGTCGGCGAGCGCAACGGTGCGCCGCTGGGCACCGACCTCGACACGCTCGCGGGCGTGGAGATGCACCTCGAGGCGGTCGACTCGGCGGCGGCCGCGGGCCCGACCCGCGTGAACCTGTACATGCCGCCGCCCTCGAGCAGCGCGATCCCGAGCGACGCGGAGCGCGATCAGCTCGGCGAGTGGATCGCCTGCGGCGCGCCCTGATCGCCGCCGCGCGCGAGCCGATCGACGCTCATCGCGACGAGCACCGGCGCGGCGGTCTCGACCCGCATGATCGGGACCGCGACCCGCGCGCGGCGCCATCCCGACGCGACGAGCGCGTCTTCTTCGGCGGGCGAGAGCCCGCCCTCGGGGCCGACCGCGATCCACACCTCGCGCGCGCCCTCGAGCGCCTCGTCCCAGGTCACGCCCGCGCGGGGTGATGCGATGAGGCGCGTCGCGCCGTCGGGCGCGCGTCGTGCGACCTCGTCGAGCG
NZ_CP070225.1_gap7	416213	416859	646	GTGGCGGCCGACTCGACCGGCGTGCGCCGCGCGCGCGAGGTGCTCGCGGCGCGCATGCCCGACGGCGCGCTCGATCCGCATCTCTACGAGCGTTCGGGCGCGGAGGCGGTGCGTCACGCGTTCCGCGTCGCGTCGAGCCTCGACTCGATGGTCGTCGGCGAGCCCCAGATCCTCGGTCAGTTCAAGGAGGCGTACGCCGCGGCGACCGAGGCCGGTGTGATCGGTGGCCTGCTCGATCGCTGCTTCGCGAAGGCGTTCGCGGTCGCGAAGCGGGTGCGCACCGAGACCGGCATCGCGTCGGGCTCGGTCAGCGTGAGCTCGATCGCCACCGACCTCGCGAAGAAGATCTTCGGCGACCTGAACGGCAAGCGCGTGCTGCTGATCGGCGCGGGCAAGATGGGCGAGTCCGCGGCGAAGCACCTGCGCAAGCAGGGCGCGAAGCTCTTCGTGCTCAACCGCAGCCGCGAGCGCGCGCTCGAGCTCGCGAAGGCGTGCGACGGAGAGCCGCGCTCGCTCTCGGAGCTGCCGGGTGAGCTCGCGCTCGCCGACGTCGCCATCGCGAGCACGTCGAGCGATCGCTTCGTCGTCACGACCGACCTGATGAAGGAGGTCGTGCGCGCGCGAAAGTACCGCCCGCTCTTCCTCA
NZ_CP070225.1_gap8	423256	426781	3525	GTCGTCGCCGGTCTCGTCGCGTTGATCGCGCAGAGCGAGCCCTCGCTCTTCGGCATGGTCGGCGTGGGCACTTCGATCGGCGGCCTCGCGCTCGCGTTCCTGCTCACCGAGGTGCTCGGCGGCGGCGACGACCGCGCCTATCGGATCGCGGCGCTCGAAGATCTGCGGCTCGGGGCCGCCCCGACCGAGGGCGGTGGCGTCGTCACGCTGAGCGGTCGGCTCTGATCGAGGGGTCGCGCGGCTCGTGGAGCGAGGCGAGCGACGCTCCGGACCTCGCACGAGGTCGATGCATCGAGCAATTGGGGCCGGCTACCCCCGATGGAGGCAGATGCATCGAGGTGAATGGGGCTTCTGGGCCCCAATTGACCTCAGCGCATGCGCGTCGGGTCGATCCACACGATCGTCGCGGTCTCGAGCGACACCTGCGCGGGGCGCTCTCTCGCCGCGAGGTTCACTGCGACCGATCCCCAGCGTCCGAAGAGCGCGGCGCGGATCGCGTCGACGAGGGGGCGCTGCGCCGCGGGGCCGAGCGCGTGGTGCACGTCCTCGACGAGCTCGAGCCAGGCGCGGCACAGCGGGTCGAGCGGGAAGAGCGGCGTGCGATCGACGAGCGCGCCCTCGGCGAGCAGCGCGGCGAGGCGCGCGTGGGCCCGCGCGGGATCGATCCCCTCGCACGCCTCGGCGCCGAGACCGACCAGCGCGAGGCGGGCCGCGCTCGGCGCGCGCGGGTCGTCGAGCAGCCGCGCGCCGCCGATCGCGATCGCGCCCTCGAGGGTCTCCACGCGCGCGATCGCGCCGGGGAGGCCGCGCGCCGCGAGCGCCCTCGAGAGCGGCGCGGCGAGCGGGTCCTCGCAGGCCGTGGCGAGCTCGATCGACACCCCGCGCTCGTGCAGCGCGAGCACGATCGTCGCGCCCGCGAGCAGCGCGCCGGGCTCGGTGCCGATCAGGGTCCGGAGAGCGATCGGCCTGAGCGCGCGCTCCATGCGAGAGGTCCTCCCGTTGCCACGGCTGGGGTCCTATGGATATCACCCCAACCAGCCATGACGCAGGCCGCGAACGACAATCCGCTGCTCGAGCTCGACTCGATCCGCATCCCCTTCGACCGCATCCGCCCGGAGCACGTGCGCCCCGCGGTCACGACGCTGCTCGCCCGCGCGCGCGCCGCGATCCGTGAGATCGGCGAGCGCACCGCGCCGCGCACCTACGCGACCACCCTGGGCGCCCTCGACGATGCGACGGAAGCGCTCTCGCGCGCGATGGGCGTCGTCTCGCACCTCGAGTCGGTCGCCACCACGCCCGCGCTGCGCGAGGCGTACAACGACGTGAAGCCCGAGGTCAGCGCGTTCTACACGTCGATCCCGCTCGATCCCAAGCTCTGGGAGGTGCTGCGCGCGTACGCCGGGACCGACGACGCGAAGCACCTCGACGCGATCCGCGCGCGCCACCTCGCGAAGACGATCGACGAGTTCCGTCGCGCCGGCGCGGACCTCGACGAGGACGGCAAGAAGCAGCTCGAGGCGATCGACGTCGAGCTGTCGACGCTGACCACGAAGTTCTCGCAGAACCTGCTCGACGCGACGAACGCGTTCGAGCTGATCGTCACCGACGAGAAGAAGCTCGCGGGCCTGCCCGAGAGCGCGCGCGAAGCGGCGCGCGCGAGCGCGCAGCAGAAGGGCGTCGAGGGCTGGCGCTTCACGCTCCAGGCGCCGAGCGTCATGGCGGTGCTCACCTATCTCGACGACGCGGAGATCCGCGAGAAGATCTGGTGGGCGTACAACACGCGCGCGAGCAGCGAGCAGTTCGACAACCGCCCGCACCTCCTGCGCATCCTCGAGCTGCGCAAGGCGAAGGCGAAGCTGCTCGGGCGCCACGACTTCGCGGACCTCGTGCTCTGCGATCGCATGGCGAAGACCGGCTCCGACGCGGCGAAGTTCGTGGCCGAGCTCGAGGGCAAGACCCGTGACGCGTTCGAGCGCGAGAAGCAGGACCTCGAGGCGTTCCGCAAGAAGGCCGAGGGCGCGAGCGCGCGCTCGATGCAGCCGTGGGACGTCGGGTACTGGTCGGAGAAGCAGCGCAAGGCGCTCTACGACTTCGACGAGGAGGCGCTGCGCCCGTACTTCCCCGCGGAGCGCGCGCTGCAGGGCGTGTTCGACATCGCGCGTCGCCTCTACGGCATCGTGGTCGAGCCGTGGGAGAACGCGCCGACGTGGGATCCCTCGGTGCGCACGTTCCTGGTGCGCGACCCGAAGCGCGGCGAGCAGATCGGCGCGTTCTACGTCGACCTCTACCCGCGCGAGAGCAAGCGCGGTGGCGCGTGGATGGCCGGGCTGATCACCGGCGGTCCGATCGACGGCGGCGGGTTCTCGCCGCACCTCGGGCTCTTCTGCGCGAACGCGAGCCCGCCGGTGAACGGCAAGCCCGCGCTGCTCACGCACGACGAGGTGGAGACGCTCTTCCACGAGTTCGGGCACCTGCTGCACCACCTGCTCTCGCGGGTGCCGGTGCGCAGCCTCGCGGGCACCCACGTCGCGTGGGACTTCGTGGAGCTGCCCTCGCAGATCATGGAGAACTGGACGTGGGAGCGTGAGGCGCTCGACCTCTTCGCGCGCCACGTCGAGAAGGACAGCACGATCCCCGGCGAGCTCTTCGAGAAGATGCAGCGCGCGCGCTGCTATCGCGCCGCGACCGCGCAGATGCGCCAGCTCGGGTTCGCGACCGTCGATCTGATGCTGCACCGCGTGTACGACGTGAAGAAGGACGGCGACGTCGTGGAGTACGCGCGGCGCGTGATGGAGCGCTTCGCGACGACTTCGCTGCCGGGCGGCTACGCGATGATCACGGGGTTCTCGCACCTCTTCGCGCACCCGGTCGGCTACGCCGCCGGGTACTACTCGTACAAGTGGGCCGAGGTGCTGGACGCCGACGCGTTCTCGCGCTTCCAGCGCGAGGGCCTGTTCAGCGAGCAGGTCGGCGCGGAGTTCCGCGACAAGCTGCTCTCGCGCGGCGACGCCGACGAGCCGATGAAGCTCTTCGTCGACTTCATGGGGCGCGAGCCCGACCTGAACGCGCTGCTCGAGCGCAACGGGCTGCTCCCGCCGACGGCGCCGGGCGAGATGCCGGACGCGACCTGAGCCCTTGCCGGAGTGCTCGTCCCGCGGGTCCCGGACGGGAGCGCGCGAAGCGCGCGGAGGGTAGGGACCTGCGGGCGAGCCGATTTGTTGAGTCGGAGTGCTCGTCCCGCGGGTCCCGGACGGGAGCGCGCGAAGCGCGCGGAGGGTAGGGACCTGCGGGCGAGCCGATTCTTCGAGCCGAGCGCGACGGCGATCACACTCTGATAGCCTCGCGAGCCGATGGCAGCGCGAGCTCTGGGTGTGATCGCCGCGTCGTTCGTGGTGCTCGTCGCGTGCGGGGATCCCGACGATCCAGCACCGGATGCCGCGACCGACGCAGTCGTCGTGTGCACGAGCGACGAGCAGTGCGGCGACGGAGCCTTCTGCAACGGCGAAGAGCTCTGTCTGCCGCGCT
NZ_CP070225.1_gap9	466231	471038	4807	TCGCGAGCAAAGCTACGCGGCGTGATAGCGATTCGGGAGCTACCCAGCTCTGACGCGAGTGCAACTCGTAGCCCCACGCGCTCCTCCGTGCTCAGCTCGGCGTGATTCGCGAAATCCTTCACCGCGTCGACGAAGGACTGCGTCTGCACGCGCGGATTGCCGGCGAACGTGCACCCGAGGAATCGTTCCAGAAAGAACTGGGCGACGGTCTTCCCACCCGTAAGCTGGTCATCCGTGACTGAAATCCTGATGTCGGCACGGTGTCTGCCCGTCTGCACGAACAGTGCGCTCTTGAAGATCCGCATCTTGTCCGAGAGAACAAGATTCCGAATATGCGAGAGAATGAAGCGAAGGCCGGCAGACGTTTCCTCAGGAGACACGACGAGACCGTCATGTCGCTCGACCTTGAGAACAGCGACGCACGGAGATCTCACCACCGTGCCGACGGCCACTACTAGTAGCCCCGGGGAGTTTGCGCGACTCTGTATGGTGTGGAGATGGCGAGCCATCTCCTGGGAGAGTCCAACGAGATCGCCGGTGCCCCCGGTGAGCGCATGAACCCCGTTCGGAACGGGGGACTCGGTCGAATCCAAGAACCGGGCGTCGAACCCTGCGGTCGGCACGGCTGCTCTCAGCCGCCCGACAAAAAACTGCTCTACGGCCTCGTCGCGTTCAGTCAGATCGGTGGCAAGTCGCACCTCACCGTCCCCCTTCTGCGGCACTTCGTGGACGATCAGTTTCTCGAATGAAAGAGTTCCGAGATCCATCACCCCTCCGTTCTTAGTACGACATGGTAGAGCGCCGTGTTCTTCGGACCTCAGCTCAGCCCGCCACGAAAAGCTGCCGAGAGCGTGACTCGATCGAGCGCTAATATCTGAGAGCGAGCAACTGCGGTAGTCGATTCAACCATTTGAAATCTGCCGCGGACCTGCGACGCGGCGCGCGCGACGACTGCCGCGATCTCCGCGCGGGGCGCAAGCGGGATGGGCACCGAACGAACGTCGTCGAGCCCTAGGCCCGCCTTCGTCATCCCGCGGTCCCTCAGCTTGAGGAGATGCTGGCCAAGGGGCGACGACAGCCACAGGGCGATGTACTCGGCAAGCTCGGGAAGACACAGCCGAATCAAAGCCAAGTGCTGGCTGACGTACGCCGGTCCGATCTGCTCCTGAACGTAGCCAACGCGTCCGAGGTCGGCCGTAATCGAGACCACGATGTCTCCCTGACGCACTCTTGTGCGCTCACCCTCGACGTTTGTGGGTGTCTGAACTCGCTGAAGCTCGCTCAGGTCGAGTCGGATGTCATCACGCCGAGTATTCCCGACACGCAGGAATGCCGCGCCCTCCGCGGAGTAATACTCCGCCCAGCCTCGCGAGCCGCTGGTGACGAACTCGAACAACTGTGTGCCCGTCGCCCAGGACCAGCCTTCGGGGAGCTCCGGCAGCTCGCCGTCGTCGACCGGCTCCGGCTCGACGTACTTCGACTTCCAGAGAGCGTCCTTGGGGGGCTTGCCCTTCGCGAGCATCTTGGCGAGCTCGGCTTCCTCCCAGCGCCTGCGGCGCTCGAGGCGGATGCGCTTCAGGAGCTCGGAAGCCGGCTCGACGGCGGGGTTCTGCTCGCGCCAGTCCGCGGTGAGGTCGCCGCGGAACGCGGCGGCGAGGATCGACTGGCGCAGGCGATCGAGCAGCGCGGGCACCGCGTCGAGCGCGTCTTTCGCGCGCCGACTCCGGGCGCGGAGGGCACCGAGCCGCGCAACGATCGATCGCTCCTGCTCATGCGGTGCGATCGGCACAGAGAGCGCGCCGAGCTTCGCCTTACTGAGAGTGTACAGGCCGGTGGCCGACACGGCCTGCTCTCGAATCGCGGCGCGCCCGTCGGGCGATGCGAGCCACTCCAGCAACCACGCGCTGTCACAGGCATGAGCGCGCACACGGAGGATGTGGTTCTGCAGACGTGCGTCCGGAACCTCGTTGTTCCACATCGCAGCGCGACCGAGATGAGCGAGTGACCCGTTGCCTTCCACGACGAGCACGTCCCCAGGCGCCAACGTGCCGCGATCACGGTCCGCCTCGAGGAGTCCAATCGTCGAAAGCTCGCCGACGTCGATTCGTCGAGACTGCACCGCCGCCACACTCACGAGCGGCACGATTTTCCGAGATCGAGCACGCAACGCACCGTTCTTCGTGAGACCCGCCTCGATATCCGCGATCTCAGAAAGGGGCCGTGCGCGCCAGCCCTCCGGCAGCTCCTCGCTCACGCTCGCTCCTCGCCGCGGAGGACTCGCTGCAGCGACTCGATCTCGTCCATCGCGATCTGCAGCTTGCTCATGATCTCCGCGGCGATCTCCTCCGGGTCGCCGAGCTCGCCGTTGGCGCTCGCGCTCTCGTCCTTCAGCCATGCGATGTCGAGGTTGTCGCCGCGCCTCTTGATGTCGTCGCGGGTGAACTTCTGGAAGCGGCCCTCTTCGCCCTGGTCCTTGCGCTTGCTCTTGCCGAGCGGGTCCGCGCCAAAAGCCTTCTCGAACTCCGCGAAGTGCTCGCGCGTGAGCGGGGTGCGCTTGCCGAAGCTCGGCATGTTGGCGCGCAGGTCGTAGACCCAGACGTTCTTGGTCTGGGCGACGTCCTTCTCGCCCTTGGTGAAGAAGAGGACGTTCGTCTTCACGCCCTGCGCGTAGAAGATGCCGGTCGGGAGGCGGAGGATCGTGTGGAGGTCGCACTTCTCCATGAGGTCCTCGCGGATGCGCGTGCCGACGTTCTCCTCGAAGAGGACGTTGTCGGGCAGCACGACCGCGGCGCGGCCGCCGGGCTTGAGGCCTCGATAGATGTGCTGGAGGAAGGCGAGCTGCTTGTTGCTCGTCGGGAACGTGAAGTCGTCGCGGGTCGGGAGACCGCCGCCCTTCTTGGTGCCGAAGGGCGGGTTGGTGAGGATGATGTCGGCCTTCGGGAGATTGCTGCCGGTCGGCGAGAGCGCGTCGCCGAGGAGGAGGTCTCCCTCGAGGTCGTGCAGCATCAGGTTCATGAGCGCGAGGCGGTGCGTGTCCGGCACGAGCTCCACGCCGTAGAACGCCTTGGTGCGCTGGAAGACCTGCTGCTTCTCCTTGAGCTCGAAGAGGTTGTCGGTGCGCTCCTTGATGTAGCGATCGGCGGCGATGAGGAATCCCGCGGTGCCCGCGGCCGGGTCCTGCACGAGCTCGCCGGCCTGCGGCTGGATCACCGCGATCATCGAGTCGATGAGCGGGCGCGGCGTGAAGTACTGACCGGCGCCCGACTTCTTCTCGCTCGCGTTCTTCTCGAGCAGGCCCTCGTACATCTCGCCGAGGCCCTCGGTCTTCGCCGAGTACCAGTCGAGATCGTCGATCGAGTCGACGAGCTTCTTGAGGTTCCGCGGCTCCTTCAGCGACGTCGATGCGTTCGCGAAGATCGCCTGCACGCGCGGCGAGCCCTGGGTGCCGAGGTGGAGCAGGAGCTGCCGGTAGAACGTGAGCAGCGGGAGGCCGTCCTTCTGCTCGAGGTCGGCCCAGCGATACCCCTTCGGCAGCTGCGACTCGCGCTGCGTCTCCTGCGCCATCTTGAGGAACAGGAGCCACGTCAGCTCGGTGACGTACTGGTGGTAGGTGATGCCGTCGTCGCGAAGGACGTGGCAGAGGTTCCAGAGCTTCTGGACGATGTCGGTCGTGTTCATTTGACGCTGGGAGGAGCTGCGCGGCCGATGAAGGTTCGCCACCGGCTGCGATCCGAATCCTCGTGCGTAGTCAGAACCCGGTCGCGCTGCAGCCGCTGCGCGAGCGGCGCAATCACAGCAACAGGATCGAATTGGGCGGCGGCCTCAAGATCGAGCACATGCGCCTTCCCGGCATCTATCGGTCGGACTCGAAACACGCGTTCGCTCGAGTCGGACGTGGCACCACGAACGCCTTCCCAGGCGATAGCCTGCACGACGATGCGGCTGCCGATGCGGAACCATGCTGGAGTGATCGTCGCGTACGTATCCTCGACCATGCGCCCATCATCCACGAACGAGTGCTTCGTATCGCGGTCGTAGTAGAACCCCCAAGTACGCAGTTCGTCCATCTGCTCCATCAGACTGCGCGCGGCGACTCCCACATCATCGGGCAGGCCGGCCGCGTCGACGGCAGCAGCGGCCCAGCGAAAGCACATCAGCGCTGGTACCAGCATCCGCAGGCTTGCCACATCGAGATCGCCGCCTTCAACCGTCAAAGGCGGTCCGGCAACCGGTAGGATCGTGATCTTGCGGCCTTCGCGTGCATAGTTGACGACCGTGTCAGCAGCGCGGCGAGCGTCGCGGAGGGCAAACGGTGTGTCGAGCTGCGCGAGCGCGCGATGTTCCAGCGTCGCCATCGTTTCGCCCTGCGTGAGGTCGAGCCGGAGCGCGGGTGCCTCGAAGCGAACCACTTCCTTCTCAGAGGAAAGGCCAAGTGACCTGACGCCTGCGATGCGAACCTTCCCACGAACGGAGGTGCGTGCGATCTGAGACTCGACCACCAGCTCGGCGTCGACCGCCTCGATCGGGTCAAAGCGCATGGTGTAGCGATCACCGGGCGGAAGATCCGTCGCCGGGCGATCGATGTTGAATCGGATATCAGTAGCTTCGACGACCGTCACCGGGATATGGCTGCCATCCAGCAACGCAGCGACAATCTCCGCATCACGCGCACGACTCTTGATTTGCACGCGACGCGAGCCGTGCTCGTAACCTGCTGTCTTGCGAACATGAGCTTTCCTCGTCGCGTACGTTCCAGCATCGCCGACTTCGGCGAGAATGCGTCGAACCAGATCCTGGTGATACGGCT
NZ_CP070225.1_gap10	515470	518187	2717	GACGTGGTCGCGATCATCTCGGGGAATCGCGTCGAATGGGCCGTCGCCTGCTACGCGACGTACGGCCTCGAGGCGACGTTCGTCCCGATGTACGAGGCGCAGCGTGTCGACGAGTGGAAGCACATCCTCGGCGACTGCGAAGCGAAGCTGGTGATCGCGTCCACGCGCGAGATCTTCGATCGGCTGCTCGCGATGCAGCCCGAGCTGCCGGCGCTGCAGTACGTGATCGGGATCGATCTGCCCGAGGACGATCCGCGGTCCTTCGCCACGCTCGCACGCGAGGGAGTGGCGTCGCCGGTGCCCGCGCGCTCGCCCGACCCGAGCGTCACGGCCGGTCTGATCTACACGTCGGGCACCACCGGCAAGCCCAAGGGCGTGATCCTGAGCCACGGCAACCTCGCGTCGAACGTCGTCGCGATGAGCCGTGTGTTCCCGCTCGAGCCGACCGATCGCACGCTCTCGTTCCTGCCTTGGGCGCACTCGTTCGGACAGGTCGCCGAGCTGCACCTCGCGGTGAGCATCGGCGCGTCGCTCGCGCTGAACGACGCGCTGCCGCGCCTGCTCGAGAACCTGAGCGAGGTGCGCCCGACGCTGCTCGTCGCGGTGCCGCGGATCTTCAACCGCATCTACGAGTCGGTGAACGAGCAGATCCGGCGTCGGCCCGCGCCGATCCGCCGGCTCTTCGACGACGGCGTGCGCAGCGCGAAGCGACGCACGCACGGCGAGCGCTTGAGCCTCCTCGAGCGCGCGGAGCTCGCGATCGACGACAAGCTGATCTTCGCGAAGATCCGCGAGCGCTTCGGAGGTCGGCTCCGCTGCGTGATCAGCGCGAGCGCGGCGCTGAGCCCGGAGGTCGCGGAGTTCGTCGATGCGATCGGGCTGCCCGTCTACGAGGGCTACGGCCTGACCGAGACCAGCCCCGCGGTGACGGTGAACACGCCGGCGCACCGGAAGATCGGCAGCGTGGGAAAGCCGCTGCCCGGCGTGCGCGTGGTGATCGACGAGTCGAAGGGCGACGTGCCGGGGCAGGGCGAGGTGGTCGTGTACGGACCGAACGTCATGCGCGGCTATCACCGTCGTCCCGAGGAGACCGCGAGCGTGCTCACCGCCGATGGCGGCCTGCGCACCGGCGATCTCGGGCGTTTCGACGAGGACGGCTACCTGTTCATCACCGGCCGCATCAAGGAGCAGTTCAAGCTCGAGAACGGCAAGTACGTGATGCCCGCGCCGCTCGAGGAGAAGATCAAGCTCTCGCCCTACGTGGCGAACGTGCTGATCCACGGCTCGAACCGTCCGTACGTCGTCGCGGTGGTCGCGCCCGACGTCGACGCGGTGCGCCGGTGGGCGCAGGAGCGTGGCGTCGCGCTCGGCGATCTCACGAGCGATCCGCGGGTGCGCGAGCTGATGCTCCGCGAGGTCGACGCACGCAGCGCGGGCTTCGCAGGGTTCGAGGTGCCGAAGAAGGTGCTCGTCGTCGGCGAGGACTTCACGACCGACAACGACCTCCTCACGCCGACGCTGAAGCTGAAGCGGCGCAACGCCGAGGTGCGCTTCGCGCGCGGGCTCGATCAGCTCTATCGCGAGCCGCTCACGACCCCCGAGCCGGTCGTCGCGCCGTAGCACGACCTGGCACGGATCGAGATCGTCGGTCGCATCGCGATCCTCGGAAATCGCGCGAAACACGCGATGGAACGCGAGCTGCTCCGTCGCGCGCCATGACGCTTCGATGCCTCTCGTGGGTGACGGCGATCGCGGTGCTGCTCGTGGCTCCCGTCGCGTCCGCGCAGACGAGCGAGGTGCTCGCGCTCCCATCGCCGAGCACGCATCCCGACGAGGGCCTGATGATCGCCGGAGGCACGGTGTTCCTCCTCGGCGTGACCGTCGGTGTCGCGGTGCTGATGCCGATCGAGCTCGCGGGCTGCGTCGAGCCGAGCGATGCGGGCTCGCTCCCGCCCGACCACTGGGGCGCGACGTGCAGCCAGGCGCCGCTCTCGGCGATCCCGTTCGCGCACTTGATGGGCGGTGGCATCGCCTCGATCGTCGCAGGGCCGATCCTGCTGGTGGCCGAGATCGTCGGCCTCTTCACGTTCATCGGCGGCGCTGCGCACCACCATCCGGACGAAGCACCGCAGGCCGGCGACGTGCGGCTCTCCGGCGTCGCCGGCGCCGACGCCGGCCTCTCGGTCACGATCGACTTCTAGAAGAGGCCGATCGAGAAGTGCAGCGAGCCGAAGGGCTCGCCGAGATCTTCGCGTCGATCGAGGTTGAACCCGTAGTCGAGCGCGATCGGGCCGACCGGCGTCGCGATGCGCAGGCCGAGCCCCGCGCTCCATCGCACCGCGAGCTCGTCGACGTTCGACACCACTGCCCACACGTTGCCGACGTCGAGGAACACGCCGCCCTGGAGCGCGTCGACGATCGGGAAGCGCAGCTCCGAGCGGAACAGATAGAAGAGGTCGCCGGTGCGCGTGATGTCGACCGGATCGATCCCGCTCTCGCGCACGAGGCGCGCCTGGTCCTCGGGGATCACCTGGTCCTGCAGGAAGCCGCGCAGCGTGTCGACGCCGCCCATGTAGAACGCGCGGTTCGGGTACGTCTGCGAGCCGGTCTCGAGGTGCGCGACGATGCCGCCGCGCGCCTGCAGCGCGAGCACCCAGCCCTCGGTGATCGGCACGTAGCCCGAGAGCCCGAGCGTGAGCTTCAGGAAGTTCGAGAAG
NZ_CP070225.1_gap11	519297	521129	1832	TCGTAGACGAGCGTGCGTGGTCCTTCGAACACCGGCACCACGACGACCGCGCGATCGTCCTCGAGCTCGCGCAGCTCGGGCGTGCCCACGCGCGCCGCGAGGAAGCCCGCGGCCTGATAGAGCTCCTGGATGTGCGACGCCGCCTCGGCGTAGGTCGGCTCGAACCAGATGCGCGCCGGCACGACCTCGACGTCGGCGGGCACCTGGCGTCGCGCGCGGGTGCGCTGACCGCTGAGCCCGATGCGATCGACGACCTCGGAGTCGACCGGCCAGAAGAGCTCGGGCGAGGGCAGATCCTCCTCGAGGTAGCTGTCGATCTGATCGCGCAGGAAGTCCGTCTCGAAGTGCGACGCGCCGGGGAACGAGACGCCGATCACCTGCAGCTGCGTGCCCGGCGTGACCTCGATCGAGAGCAGCGCGGCGCGGCGCTGATCGATGCGCTGGGGATCGCGGGTGCGCCGGATCTCGACGCTCGCGCGGTGGAAGCCGTGCCGACGGTAGACCTCCACGATGCGCTCGCGCACCGCGCTGATCACCGGCGGTCCGAGGGGCTCGTCGGCGAGGTGCAGCACCTCGTTGACGGTGTCCTCGTCGACCGGCGCGTGGCCGTGCAGCTCGACGCGGTAGTGACGACCGAGCTCCAGCGGCACGTGGATCACGACGCCGCGCTCGGCGGGCTGCAGCGCGGGCTCGCCGAGCCGCGCCTCGAGCCAGCCGTGCTCGCGCAGGCGCGTCTCGACGCGGCGCACGCCTTCGTCGAGACGACGTCGATCGAGCACGTCTCCGTCGTGCAGCCCGAGCTCGTCCCACGCGTGCTCGGTCTCCGGCGCGTCCTCCGCGCCGTCCCACACCACGCCGCGCACGCGCATCGGCTCGTTCTCGACGACCTCGGCGAGCAGCACCTTGCGCGCGGGATCGTCGGTGTCGCGCAGGCGAAGGCTCACGTCGGCGCGCACGAAGCCACGCGACGCGTAGAGCTCCTGCGCCGCTTCCGCCATCGCGGGCAGCTCGCCCGGCTCGAGCTCGCCGCCCTCGCGCACCCGCAGCGACGCGCGCAGCTCGTCGTCGTCGATCGCCGAGTTCCCGCGCAGCTCGATGCGCGTGATCACGATGCGCGGCGTGAGCCGCACCGAGAGCGCCACGCCCCCGTCGGTGATCGCCGCGTCGATCTGCACGTCGGCCCAGCGCCCCGACGCGAGCAGGTGCGCGATCGCGTCGCGCACGCGCCGTCGATCGAGCCGCTCCCCGCGCACGAGGCCCGCGTCCGCGAGCTCGCTCTCGGTCGCGCCGCCTTCGATCGTGAGCTCCGCGATCGGCCGCCCCGCGAGCTCCGAAGGCACGTCGGCGCGCGCCGGTGCGACGAGCACCGCGACCAGCAGCAGCCACGCGAGGAGCGCCGAACGAACGATCACCACCACGACGTCGTACCGCGCTCAGTTCTCGGAGGGGTCTTGGAAGACCCCTCCCCCCGACCGGCGAAGCCGGATCGGGGCCCCCCACCCCGAACGCTGCGCGCGGGGCCCCACCCCCACTTGCTCGCGTTCGCGCAGGTTCCGATCCATCGACAGCCTCTCACTCGAATTCCAGACGCCATCGGAGGTCGCACCCGACGTTTCCGAACGACGTCGCGCTGCCCTGCGTGAAGTTGTCGTAGCTGCACTGGACGCCGGTGGTGTCGTCGAGCTGCACGTCGACGAGCGCGCGGAAGTCGCGCGCATCGCCCGCGCCCACGCCCGTCGTCGCGCTGAGGCGCACCCGATCGGCGATGCGCTTGCCCACCGAGATCTGGGGCTCGGTGCGCCCGCTCCGGAGCGAGTACCCGCTCGAGATCC
NZ_CP070225.1_gap12	526522	527414	892	CCGCGCGTCGCCACCACGCCCGCGAGCAGCGCCGGCGTCACCAGCGGGAACAGCACCACGCTCAGCATCAGATCGCGCGAGCGCGTCCGCACCGTCATCGCGCCGAAGAGCGTGCCCGTCAGCACGAACCCGAGCGATCCGAGCAGCAGCGTCGGGATCATCAGCGGCAGCGCGGGCACCAGATCGAGATGGAAGAGCACCGCGACCAGCGGCACCAGCATCAGCTCGATCGCGACGATGAACGCGAGGGTCCCCACCGCCTTGCCCGCGAAGATCGCGGGCCGCGGGATCGGCGCGAGGAGCAGCCCGCGCATCGCGTCGTTCTCGCGCTCGCGCCCCCAGGTGCGACCGATCGCGAGCACACCCGCGAACGCGATCGCGATCCACAGCACGCCCGGCGCGATGCGCCGCGCGATCACGTCGTCCACGTAGAACGAGAGCGACGTGAGCACGACGGTGAGCACCGCGAAGAGCCCGGTGCTCACCGTGATCTCGCGGGTGCGCAGCTCGATCCGCAGGTCCTTCCAGGCGAGCAGCGCCGCCGCGCGCAAGACGCTCACGCGCTCGCTCCTTCGCGCGCGACGAAGGGCTCGTCCTGCTCCACACGGCCGCGCGACAGCCGCACCCGCCGGTCGCCGATCGCCTCCGCGAGCGGTACGTCGTGCGTGACCAGCACGACGATCGCGCCGCGCGCGCGCTCGGCGCGGACCGCCGCGATCAGTCGATCGACCGACGCGGGATCGAGCCCGGTCGAGGGCTCGTCGAGCAGCAGCAGTCGAGGCTCGTGGACGAGCGCGCGCGCGAGCGCGATGCGCTGGAGCTGACCGCGCGAGTAGGTGCGCGTCGGTCGCTCTCCGAAGGGCCCGATCTCGAAGCGCTCGCGCAGCGCGGC
NZ_CP070225.1_gap13	671803	672438	635	TCTTCGACGCGAAGCTGCCGAAGTGACCTCGTAGGGCCGCGCGAGCCCGCGGCCTCGGCATCGATCGGAGCCGACTCCGCGAACCGAACGAGAGCAAGCGGGGCTGGGGCCCCGCGCGCAGCGTTCGGGGTGGGGGGGCCCGATCCGGCTTTGCCGGTCGGGGGGAGGGGGCTTCCAAGACCCCTCCGAAAAACAGCGCTGTGCCGACCCGTGGGAAGTCCGGGAGCCGGGCTCGTTGTCGCCGTGGACAGGCGACCTCAGAGAGTCTAAAAGGCTCCCGCCATGAATCCCATCGCGATGACGGTGATTTTCGTCGTGACCTTGGGCGCGTTCGCCTGGTCCGCGGTCCGACGTTGGCGACTTCTGATGGTCGCGGCGCCCGATCGACGCATCGCGCTCGACGGCGATTCCCTGGCCGAGCGCGTCCGACAGGTCCTCGTGATCGCGCTCGGGCAGGAGAAGATGCCCAAGAACGAGCGTTATCGGCTCGAGGGCATCGCGCACATCTTCATCTTCGCGGGGTTCAACGTCCTGCTGCTCAACACGCTGCTCCTCTGGGGCCGCGCGTACGACAGGGACTTCGACTTCTTCGGGCTGCTCGCGGACGGCTTCGTCGTCGGGCAGCTCTACTCGTT
NZ_CP070225.1_gap14	688247	690935	2688	GTCGTGCCGCCGCGGCGTCGACCTCGAGCTCGAGGTGCTCGCACAGCGATGCGGCATCGGTGCCCACGAGCCGCGCCGCCTCGTCGCGCGCCGCGCCCTCGTCGAGCCCGAACACGCCGCACGCGGTGGGATCGCCGTGCGCGTCCTCGCCCTCCTCCACGAGCATGCCGGTGCGCGAGACCAGGCGCGTCTCGGCCCATCCGAGCGCGAGCAGCACGTCGCGCGGGACCTCGTGTCGCGCCGCGGCCTCGGTGACGAGCCCCACGATCAGCGCGTCGCCGCGATAGGCGAGCGGCGCGACCTCGGGCGTCGCGCTCGGCGCGGGAGCGACTGGATCGGTCTCGCATCCGGCGAGCGCGGCGACGACGACGAGGAGCGCGAGCTTCCGCATACGGGACACGCGCCTAGCAACGTGACGGCCAGCGGATCCTCCGAAGATCACCACGGATTTGCGATCTCCGCGCCGCGCCGGCGCGCCATCTCTACGCAGCGCGCGTGCGCGGCCGATCAGCTTCTGGACGCGCGACCATCACGCCTGCGCCGATGATCAGCAGACCGCCGAGGATCGCGGTCGCGGCGAGCGCCTCGCCCCATACCAGCCAGCCCACCACGCACGCGACGAGCGGCTCGAGGAACGCGAGCACCGCGCCCCGCGCCGAGCCGATCGCGACGAGCCCGTTCGCGAAGAGCACGTTCGCGCCCACGCCGAGCAACGCCGCCGCGATCGCGAGCACGCAGAGCGACGACACGCCGATCTCGGCGGGCGTCACCAGCGCGATCGGCAGCAGCAAGAGCGCCGATCCGATCGAGTGCAGGCCCATCGTGCGCGCCGCGCCGATGCGCGGCGTGAGGCGCCGCGCGAGGAACACGTTGCCCGCGTAGGCGAGCGCGCTCGCGCTTCCGAGCGCCGCGCCCGCGAGCACGCTGCCCGAGAGCGCCTCGGGCTCCCACGGTCGCAACAGCAGCACGATCCCCGCGAGCGCGATCGATGCCGCGATCGGTGCGCTGCGAACCCGTTGTCGTTCCACGAAGGGCGCCGCGAGCGCGACCACGACCGGCGCGAACGAGTGCGTGAGCACCGCGATCGCGACCGACGTCATCGACATCGCCGCGAAGAACATCCCGACGTTCACCGCGTCGAGCACCGCGAACGCGCCGAGCAGCACGAACGTCTCGCGATCCCAGCGTGGGGTGATCTCGCGCCGATAGAGCGGGATCGCGAGCAGCGAGATGAACACGAAGATCAGCGTGGAGCTCCACGCCGAGGGCAGCCCGAGGGGGCGCAGGAAGAGGCTCCACGTGCCCCACGCGCACGCGGCGAGCACGACGAACGACACACCACGGATCATCGAATCAGATCGTGTCGTGCGCGACGACCGGCGCAGGGAGCGAGGGCAGCGGCGCGTGCTCGAGATCGGCGTCGAAGATCGCCGCGAAGCGCCGCTCCACGGTGTCCATCACCTCGTCGATCGGGACGCGCCGATCGAGCTCGCGCTCGAACGAGGTCACGCCCTTGTCGCGGATGCCGCACGGCACGATCAGCGCGAAGTGCGAGAGGTCGGTCGTCACGTTCAGCGCGAAGCCGTGCATCGTGACCCAGCGGCTGATGCGCACGCCGATCGCGCCGACCTTGCGATCCCCGAGCTCGGGGTCGCGCAGCCACGTGCCGTTGAGCCCGTCGATGCGCTCGGCGCGCAGCGCGTAGTCGCCGCACACGTCGATCATCATCTGCTCGAGGTCGCGCACGTAGCGGCGCACGTCCTGACGGTCCGGCGCGAGGTCGATGATCGGATAGCCGACGAGCTGACCGGGGCCGTGGTAGGTCACGTCGCCGCCGCGCCCCGCCTCGTGCAGATCGATGCCGCGCGCGGCGAGCATCTCCTTCGCGAGCAGCACGTTGCCGATCTTCGCGCCGCGCCCGAGCGTGATCACCGGGTCGTGCTCGAGCAGCAGCAGCGTGTCGGGGATCGTGCCCGCGATGCGCGCCTCCTGGAGGCGCTGCTGGAGCTGGTGCGCCTCGTCGTAGCGGATGCGGCCGAGACGATGGACGCGGACCTGTCTGCGCATGACGGACGGGGTTGTGGTCCTCGCCGGGCGCGGACGCCAGGTCAGCGCCGTGAGCCTTCGAGGACGCGCCTCGCGAGGCAGGAGGCGCAGCGTCGCGTGCTCGCTCGCGGTGAAGCGCGCGATCGCGGTCGAGCGGGTGGTGCCAGTGCCGTGACGTTTCGGAAAGGATGCCGGATCAGGTACCGTCTTGGATTCGCTTCCCCGAGGTGGTCATGCGTGTGCAGTTCCGCTCCTCATCGATCCTCGCGCTCGCGCTCGTCCTCGCGGGCGCGCTCGTCGCTCCACCCCCCGCCTTCGCCGCGCCGCTGATGGCGACGTTCGGCGGCCCCGCGGGCTACGGCACGGGGACGCTCCCTGCCAACGACGACGGGTTCTCGTCGCCGATCGATCTGACCACCGCGTTCCCCGGCGGCCTCAACTTCTTCGGAGGCCCCTTCACGCAGGTGTGGGTCAACAACAACGGGAACATCACGTTCAGCGCGGGCGTGTCGCAGTACACGCCGACGGCGTTCCCCGTCGCGGATCGCCCGATGATCGCGCCGTACTGGGGTGACGTGGACACCCGCGGCCCGCGCAGCGCGACGAGCAACATGGTCTACTACCACCTCGAGCCCGGGCTCC
NZ_CP070225.1_gap15	743310	747051	3741	CGCTCTCCGGCGGGCGCGACCCCGGGGTCGGGCGGGAGTCGGTCTCGGAGCTCGGTGCGGGAGGGGCTTGCTCGGAGCTCATCGTCGCTTCTCGTGTCATGGCGCGAGGGGCGAGGGAAGGGGGATGTTGCCGGGGATCGGTCCCGGGCTCGGGAAAACGTGAGTCAGCTCCGGCGCGGCGGGGGCGGCGGCGGGACCGACGTCTTGGCGCCGTGCGGCGGCGGAGGCGGCACGCTCGTCGGACGCGGCGGGAAGGGTGGGGGCACGCTGGGGACGCTCGGACGCGGAGGGATCGCCGCGAGCGGGAGCGCGACCTCGGCGAGCGGCGCCTCGGAGAGCTCCTCGAGATCGTCGTCGTAGGCCTCGACCTCGGCGGGATCCTCGTCGTCGAGCGGCTCGGCGAGCGCGTCGGCGTGCATCACCTCGTCGTCGTCGAGCTCGTCGAGGTCGTCGCCGATCTCCTCGGCGTCGTCGTCCTCGAGGTGGTCGTGCGCGAACGCCGCGGCGTCCTCGAAGTCCGCGTCGTCGTCGGGCGGGCTCGCGATCGCGCCGGTGACGTCGCTCGGCTCGATCGCGGCCGGCGCGCTCCAGTCGCGCTCGTCGTCCGCGAGCACCTGCGTCGCGACCCGCGGCAGCGGTGCGGGATCCACCTCGACGCGACCCGAGCGGACCGTCGGAGGAAGCGCGCCGAACGACATCGGACGCTGCTCGCCCGGCTCGTCGAGCTGCTCGGGCGTGGCCTCGACCGAGTCGGTCGGAAGGAGCGCCGACGAGGGAGGCACTTCGAGCGCGTCGGACTGGTCGAGGCCGGGCTCGGGCGGCGCGTCGATGCCGGGGTCGGTGTGCTCGCCGGCGCGCGCCGTCGCGAGATCGCGCTGCTCGGTCTCCGCGAGCCCGACGTCGAGCGCGCTCGCCTCGACCGAGTCGTCGTCGAGCACGTCGCGCGAGCGGCCCTCGATGCGCGCCAGCGCGGCCGCGACGTCGGCGTCGTCCGGCGCGAGCTTCTGCACCTTCTGCCACGCCTCGAGCGCTTCCCAGCGGTTGCGCAGGCCGTGCTCCCACGTCAGCGCGATCTCCTTGCGCAGCGCGATCTCCTGCTCGCGATCGCCGCGCGCCTTCACGAGATCGCTGTCGAGCGCGAGGAGCAGATCCTGGTGTCGCGCCGCGCGACGGAGCGCATGGCGCAGCGCGACGCGCGCCTCGGGATCGTTCGGCGCGACCGCCTTGAGGTTCCCGAGGACCTCCGCCGCGTCGCCGTGACGGCCGAGGTGCTCGAGCACGCTCGCGCGCCGGCGCAGCAGCGCGGCGGCGGTCTTCGAGTCGAGCGCATCCTCGACCAGCTTCGCGAGGTGCTGGTCGAGCATCGGCAGGCGCCCGTTGCGCGCGCCGAGGCTCTCGAGGGCGTCGAGCGGGCCGGGCTCGGAGGGCGCGAAGGTGCTCGCGCGGAGCAGCGCGCCCCATGCGCCGTCCGGCTCGTCGAGCTCGCTCTCGAGCAGGCGCGACGCGCGGAGGAGCAGCGCGGCACCGCCCTTGGGATCCGCCTCCATGTCCTCGGCGATCGCCGCGTACACGTCGACGAGCCCGCGCAACAGGCCGCTCGCCGCGTCCTTGCCGCGCTCGCGATCGAGCTCGCGCGCAGCCTCCTCGATGCGCGGCGCGAGCTCGCGCGAGCGCACGCCGAGCGCGACCGCCTGCGCGAGGTACGAGAGCGCCTTCTCGCGATCCTCGAGCCCGTCCTCGCAGAGTCGGACCGCGCGGAGCAGCGCCTCGATGCGCGACGCGTCGTCCTTCGCGCCGCCGCGACGGCGGTCGTACACGACGAGCAGCTCGTCCCCGCGACCGGCACGCGGCGCGAGATCTTCCGCGACCGCGAGCACCTCGTCGTCGTTGGGCGCGAGCGAGCACGCACGGAGCGCACGATCGAGCGCGCCCGAGGGATCCTCGGCCTCCTGATCGAGCAGCGACGCGTGCCGCAGCAGGAGCTCGATCTTGCGCTCCTTCTCCTCGGCCCGGCGGATCAGCGTCTCGTACACCTGCGCGAGCCGCGGCCACGCCGCGGCCTTCACCGCGAGGCGATCGACCTCGTCGTGCACCGCGCGATCGTCGCCGCGCACCACCGCATCGAGATCGATCGCGAGCGCCTTGAGCGTCGACTCCAGCGCAGCGCCCGCGTCGCCGAGCTCTTCCTGCACGCGCGCCGCATCGAGCCAGCGCGCGCGCTTGATCGCGGCGTCGTCGCTGCTCTCCGCGATCGACACGAAGTGCTCGACGAGGCGCGGCGCCAGCCCCGCTGCGCGCGCGAGCTCGCGAAGCTGGGCCTCGGCGTCGGAGTCTCCTTCGCGCGCTCGCTCCGCGAGCTTCTCCCACGCGCCGTCGACGTCACCGAGACGTCGGAACGCGATCTCCGCGCTGCGGCGCACGAGAGCGCTCACGGCGCTCGGATCGTCCCCGAGGTCGGCGAGCGAGTCGAGCGCGATGACGAGATCCTTCCACCGCTCCGCCGGCTCGAGCAGCGCGATCAACCGGCGCAGCGGCTCGGCCTCCGTGAGGTCGGCATCGGCCCACGCGTAGAGCGCGTCGATCGCACGCGCGGGATCGCGCAGCTCGTCCTCGTAGAGATCGGAGAGCCGCTTCGCGACCGGGACGCGCAGCCCCGGATCTTCGAGCACCTGCAGCGTGCGCTCGAGCGCGTCGGCGACGCCGTGCCGATCCTCGATGCGATCGTTCCACGTCGCGAGCAGCTCGAGCGCAGGGAGGCACGTCGGATCGATCGTGCGCACCACCACGTTCGAGAGCTCGATCGCGTCGCGCGGACGATCGAGCCGCTCCGCGAGCAGCGCCGCGCGCTCGAGGAGCAGATCGCGCTTGTCGCTCGGCGCCTCGGCGATGTTCGCGAGCCGCTCGAGCGCCTCGTCGAGCGCGGCGACGTCGTCCTGGGCACGCGCACGATCGCGAAGGAACGAGAGCGCCTCGACGTCCTCGCCGGCGTCGAGCACCTCGCGATACGCCTCGGCCGCTGCGGCCTCGTTGCCGACGCGCTCGCGCAGCGTGCGCGCGATGCGGCGGTAGAGCGCGGCGCGCATCGCGCGGTCTTCCTCGAGCCGCGCGCGCTCGCGCAGGAGCACGACGAGATCCTTGAAGCGCTCGCTGCGATCGTAGACGTCGCAGAGCGCGTCGAGGATCGCCTCGTCGCGCGGCGCGAGCTCGTGGGCGCGCGCGTAGAATTCACCCGCCTGCGCGAGGTCGCGCAGCGTCTCGGCCGCGATGCGGCCCATGCGCGTGTAGGTCGCGGCGCGCTCGGGCCCATCCTCGACGTCGGCGCGGTACGAGAGCGTCGTGAGCAGTCGATCCGCGTTGCCCGCGCGCTCGTCGATCGCCTCCATGCGCGCGAGCGCCTCGGGATCGCCGGGCTCGTCCTCGAGCACGCGCGCCCACGCCGAGAACGCGCCCTCCTCGTCGCTCATGCGCTCTTCGAGCACGCGCGCGAGGGATCGACACAGCGCCGCGCGATGCGCCCCGTCGGCCTGCTCGATGCGCGTCTTGAGCATCGGAATGGCCTCGGTGAACGCGCCCGCGGCGAGCAGCACGTCGCACAGCGCGTCGCGTCCCGCGGCGTCGGTCGGCACGAGATCGCGCAGGTTGCGCAGCGCCGACATCGCCTCCTCGAGATCGCCGCGTCGATCGCGATGGATCGCCGCGAGGCGCCGATAGACCTCGGCCTTCTGCTGCGGCTCGAGCGTC
NZ_CP070225.1_gap16	748539	751726	3187	CATCCCTCGAGGAGGTTGGCGAGCGACGCGTAGTCGCCGATGCGCTGGTAGTGCGCCCGGAGCGCTGCGTACGCCGACGCATCGTCAGGGTTGCGGCGCAGGCGTGCGATGAGCTCCTCGGCCGTCGCGTCCATCTCTCTCGCGGGGCTCGCTGTCCAGGGTCGGGCGGGTGGGTAGAGCAGGCTACCATACGTCGTCTCCGTCTCGCGAATGCCTCTTCGTTTGGTCTTCGGCGCTCGTGAGCGAATGACCCTGGGCGGATTCGCGAGGCGGGCGTACGTATCGCGCACGACGATGAGCTCGCCCTCTGCCGATCCGATCGCCCTCTTCCTCGAGACCCGCTCGCGCGCCGAGCCGAACGAGCCGTGGGACGCCGTCGCATGTGCGCTCGCGACCGCCGACGCGAAGGGTCGCCCGAGCGCGCGCTTCGTGCTGGTGAAGGAGGTCGATGCGGACGGCTTCTGGTTCTACACGAACGAGCAAAGCCAGAAGGGCCAGGACCTCGACGCGAACCCGTGGGCGTCGCTCTGCTTCTTCTGGCCCAGCGTCCACACGCAGTTCCGCATCGAGGGTCCGGTGGAGAAGGCGAGCCCGGCGCGCAGCGACGCGTACTTCGCGTCGCGCCCGCGCATCTCGCAGATCGGCGCGTGGGCGAGCGATCAGAGCCGCCCGATCGCGTCGCGCGAGACGCTCACCGACCGAGTGCGCCAGCTCGAGGCGAAGTTCGAGGGCAAGCCGGTCCCGCGCCCGCCGCACTGGGGCGGGTATCGCGTGATCCCCCAGGTGATCGAGCACTGGGTCGAGGGCGACTATCGCCTCCACGATCGCTTCCGCTACGAGCGCCAGAAGGACGGCGCCTGGCGCGTCACGCGCCTCGCTCCGTGATCACTCCGCGCTGATCGCGAGGTGCCCCGGCCCGAGCTCGACCACGAGCGAGGCGAGCAGGGCCCACCCGAGCGCGCCGTCGATCGCGCTCTCGACGTGCGCCTCGAGCGAGTCGTCCATCACGTCGCGCGCGATCGGCACGTCGGTGATCGCGACGTCGCCGAGACGCACCGTCGCGGTCTCGGCATCGAGCCCGATCCGCTCGGCCCCGCTCGGCGTGATCGCGAGCGCGTACGCGCCCGCGCTGTCCACCAGCAGGTGCGCGGTGCGCCCGTCGATCTCGACGTGCGCGACGAGGATGGTGCCCTCGAACGTCGCATGCGCGATCCCATCGCGTGCCGCGGGCACGCCGAGCGTCGATTGCGATCCCTGCTCGATGCGCGCCCCGACGCGCGCGAGCAGATCGAGCCCGATCACCGCGCCGAGCTCCACGCCGAGCGCCGCGCTCTCCGCGTCGAGATCGCGCACGACGAACGGCACGTCGCGCACCCGCATCGCACCGAGCGCGATCTCGTCGGCGACGCCGTGCTCGGCACGCAACGAGGGCGCGAGGACCGTGAGGTGCACCGACGTCGCGATCAGCGCGAGCGTCGCGCGCCCTTCGACGTGGATCGCGATCACCGGCAGCGCCGTGTCCTCGCGCAGTGCGAGCGTGCTCGACGCCGCGCCTTCGCGCGCGTGGAGCGTGCGACCTCGCGCGATCGCCGCGATCGCCGCGATCGCGCTCGCCCACGGATCGTCGTCGAGCGCACCGAGCGCGCGTGCCGCCGCGTCGTAGTCGTCGCCTGCGAGGAACGCTGCCGCGCGCAGTCGCACCAAGGGCTCTTCGTGCGCGCCCTCGGTCGCGATCAGCGCCACCGCGGGCCGGCCGAGCGCGAGCCCCGCGCGCGCCGCGATCTCGCGCGGCAAAGGGTCTCCGGGCAGCGTCGCGCGCGCCTCTTCGCTGCGCGCGAGCGCGGTCTCGAGATCACCCGCTCGGTATGCACGCACCGCGTCGTCGATCGCGCGTGTGTCGCTCGTGCGCGCCGTCGCGCCTCCGCAGGCCACGAGACAGATCCACCACGAGAGCACGGCGAGACGTCGCACCGCGCGCGAGTCTAATCCGAGTGCCGGCCCGGGATCGTCGGCGTCCATCCCGCGGGCGCGCACCGCGCGACCGGCACGTCGGTCGGCTCGACCCAGAGCAGCCGATCCCCACGCAGCGCGCGCTGCACCTGCTTGTCGTGGAGCCAACCCTCCACCCGCGGCGGCTCGAGCGCCCACACGTCGAAGAGATCCTCGATCGCGCACCGCCCCGGCACCCGATAACACACCCGCACGGCGCGACCCTGCGCGTGCGCGTCGCGGAGCAGCGCCTCGACGTCGCCGCGCAACGTCGCGCGCCCGCCGACGTCCTGTGCGAGCAAGAGATGTCGCGCGGTCGCGGGCCGCAGCACCTCGCGGATCGCGTCGAAGAGGGCGCGTGTCGCGAGCACGTCGGGCTCGGCGCGATGTGCCGGTCGAGGCAGCGCGAGGTCGTTCGCGAGCGAGGCCAGCGACGCGCTCCCGACCCGCAGCGCGCGCTGCGCGAGCCCGCGTGTGTCGAGCGCGATCTCCGGCGCCCACGCGAGCTCTCCACGTGCGACCGCCGCGCGCAGGAACGCGAGATCGAACGCGACCGCGTGCCCGATCACGATCGCGCCCTCGAGCACCGCGCCGATGCGCGCGGAGAGCGCCTCGAGCCGCGGCGCGCCCGCGAGCATCGCGTCGGTGATCCCGTGCACCTCCACCGACGCGCCCACGCTCACGCCGGGATCGACGAGCGACACCACGCGGTCGACGACCTCACCGCCCACGACGCGATGGATCGCGACCTCGCAGATCCGATCGTTCGCGGGATCGCACCCCGTCATCTCGAGATCGAGGAACGCGAGCGCCACCCGCGACAGCGGCTCGTCCCAGCTCACCCACCGATCCTTCGAGCTTCGAGGCGACCCTGCAACCGCGTGCTAGAGCACCGCGCCATGCGCCTCGCGGATGCGCTCGCGGCCATGCCGCCCGCAGCGTTCGAGCGCCTGCTCTCGCGGCGCGGCGTCACCCTCGATCCGGGCAAGCGCCTCCCACCTGCGGAGCAGGCCGCGCGCGCCCTCGCGGTCCTGCCGGCCAAGCGCCTCGCCTCGCTGCCCGCGTCCGCGCAGGAGGTGATGCGCGCGCTGACCCCGCGCCCCGGCCACGCACCGCGCGCCGCGCTGGGCGGTGGAGCGCTCCCGCTGGTCGAGCTCGGCCTGGTGTTCCCCCGGGCGGACGCGTCCGACGTGCTCGA
NZ_CP070225.1_gap17	781714	782253	539	GCGCCGAGCTCGTACGTGAGATCCGGCGCGAGCGACATCGCGCCGCGCCAGTCGGGCGCGGTCGACGTCGCGAAGGCGCGTGCATCGGGCTCGTGGGCGGCGCCCGCCACGTCGAAGCGAGCGAGGGTGATGTTGCGCGCGTAAGCGTCGACGACGCGCACGTCGGCGCCCGACGCCGCGGGCGCGACGACCTCGAGATCGACGCGGTTCCCGGGCGCGATCTCGAGCCGATCGAGCGTGAGCGGTGCGTCGGTGGGACGGCCGTCGAACGCGATGATGCGGGCATCGGCTCCGACGACGCGCGGCGCGAACACGCGCCCGTTCGCGACGTTCACGATGCGCACGCGGAGGCGCTCTCCCGGCGCGATCGGCTCGCGGTGTCCGATGCGCGCGTTGATCGTGATCGCGCGTCCCCATCGGCCGTCGTGCGCGAGGTCGTGCCTCGTGACGAACGCGGGATCGATCGCGCCGCTCGCATCGAGGCGCCAGTCGTCGAGCACCCAGACCGCGTCGCGGACGCGCGGGGCATCGGGATCGTC
NZ_CP070225.1_gap18	965628	967850	2222	CCATCGGCGGCACCATCTACTACCGTCGCGTCACGGAAGCGCAGCTCTCAGGCAGTGACTACGTGCTCACGCTGGAGACTGCATTCCCAGTAGGCGCGCAGAGTTCACTCCGAGCCCTCGAAGGCTTCGAAGCTGTCGTGGAGTGGCAGGCGCTGACGCCAGGCACACCGGCAACCACAGGGCTCTGGAGCGAAGTCCAAGGGCTCTTCGACTGGTCGACACCGCTCGTCGCTGGTGGCTCGGTGCCATCATCAGCACGCGTCGAAGTTGGCGCATCAGCGAACGGCACCACAGCCGCGGAGACGGTGACATGGACGGGCGCCTACGAGCAGACGCCTACGCTGATCGCACGTGTGGGTACACCTCGTGATGTCGCGCGTAGCGCTCACTTCTATCCGCACGTCAGCACGTGCGATCTGCTCATCCCTTGGCGTCTCGTGGGCGTCGCAGCGGTCTTTGAGCCGGTGAGCCAGAGGACCAACAGATGAGCCGACTTCGATTCGATCCGATGCCTGAGAAGTACGAGCGCGCCCGCAAGGTCGTGGACGAGTCCTTCCGCTCGCTCCGGGAAGTGCTCGATCGCGGCTTCCGCTGGAGAGAACAGGTCGGGGGCGTCGTGGACACCGTGATCGACACCGACCAACTCCCAGTGCTGATCGACGTGCCCGGCGTGAAGACCAAACCGCTTGCTGTCTTCCTACTGCGAGCGGTCCCGCAGCGCACGAGCGACGGCAAGGTCATCACCAGCCCTGCAGTGCAATGGGAGTGGCGCAGCGGCGCGCTGCTCGTGCACAGCGTGGACGGGCTTGCAGCTTCAACAAGATACAACGCGACGATCGCAGTAATGGAGTAGATGCAATGGCTGGATGGGGCAATACCTCCGATGAAACAGTGCGCCTCGTTACCCGTCTTCAGCAGCAGACGGGACGCGGCTACGCAGACGCCGATCGCGATGGTCGCGACGACGCGACGGGTCAGACCTTGAATGAGTGGATCAACATCGCTCAGAACGAGGTCGATACGCGCGAACGTGGCCAGGCTCAAGAGCGCCGACTTCTAGAGCGTCGCCAGGGCGAAGCCTATGAACAGGAGTACGAGGAGTACGTAAGCAGCGGTCAGCGCCAGCGCGACATCGATGCTGGTCGCGAACCGATGGCGCCTCCTGGTTCACCAGGCTCACCACAATCGACTTGGGATGGGCGCGGCGGGAGTGGCTACACGGATGGTCGTGATCCTGCTCTCCGTGACTTCGACGAAGCATCAGGTGGCATTCCGATCTGGGGTTGGCTGTCTGGTGCAGACGCGAGAAACGCCGCAAGCGAGGGTGAACGACAAGCCGCAATGAATCGCGGCATGTGGGCCGACCTTGGGCGCTACGCTCCGTCTGCTGATGATCTGACCGTCGACTACGAGCAGTACGACTCGAACGAGCTGGGCAACGCGCGAGCGGACCAGATGTCGATCGACGTCCAGCGAGATGCCCTCCGTGGCCTGCAGGACGTCTATCGATCAGGTGGCATGACGGCCGCCGATCATGCTCGTCAGCAACTCGCTCGTCAGCAGACGGGCCAGGCTACCCGTGCCCAGCGTGACGCTGAACTCGCAGCCCTCGAAGCACGCGGCATGGGTGGATCAGGTGCAGCCCTCGCAGCTCGTCTCGCGTCACAGCAGGCTGGCGTGATGGGGCTCTCTGCAGCCGATGCCCAGATGCAGATCGAGGCACAGCAACGCGCGCTCCAGGCCATGCAGGCAGCGGGTGCCGCTGCTGGTCAGATGCGTGGGCAGTCGTGGCAGGAAGACGCTACGCGCCGCAGTGCCATCGATGAGTTCAACCGCGCGAACACCGACCAGCGCAACCGCACGCGTGACTCAAGAGCTGCAGCTCGTCAGCAGGCTTATCAGAACCGTGAGCGCATGGTGGCAGGCGCGACGAACCAGTACTCAACCGATGTCTCTCGTCGCCAGGCAGAAGGTCAGCGCGAGGACAACGCGAACGCAAGTCTCACGAACCTGATCGGCACGGTCATCAGCTGAGGTCACATGGCGATCACTCTCGACCCACTCTCAATCACTGCCCGACCGGAGGACGACGAACAGCGTCGTCGCGACGAAGAGGCCATGCGTGCTGCCGAAGAGGCGACGCGTGATGCTCTCCGTGCGCTCCAGGCACCTCTTGCTGTTCCCTCTCCAACACGACCAGGAGAGGCAGCAGACGCTGTTGC
NZ_CP070225.1_gap19	1026645	1029462	2817	TCACGCCCTGCACGAAGATGCGGTGCTCGTAGATCGCGAGCAGCGCGCCGAGCGTGCGCGGATCGAGCCGGCGGAACGTCATCGTCGTGCTCGGGCGATTGCCCTCGAAGACCTTGTGCGGCGCGAGTCGCTCGATCGCGTCCTTCGAGAGCCCCTGCGCCTCGAGCTCGCGCTTCACGACCTCGATCGACTTGCCGACCATCAGCGCCTCGGCCTGCGCGATCACGTTCGCGAGCAGCAGCGTGTGCTGATCGCGCAGCATCGACGCGAGCGGCTCGGGCGTGCCGGGGCGCGGCCAGTCGGGCTCGAGCGGCGCGAGGAAGTCGATCGGCACGAGGCGCGTGCCCTGGTGCAGAAGCTGGTAGAACGCGTGCTGTCCGTTGGTGCCCGGCTCGCCCCACACGATCGGTCCCGTCGTGTAGCCCTCGACGCGGCGGCCCTGATGGTCGACCGACTTGCCGTTGCTCTCCATGTCGCCCTGCTGGAGCCACGCGGGCATGCGATGCAGGGCCTGCGAGTAGGGCAGCACCGCGAACGTGTCGGCGTCGAAGAACGCCGCGTACCACACACCGAGCATCGCGAGCACGACCGGCACGTTCTGCTCGAGCGGCGCGGTGCGGAAGTGCTCGTCGATCGCGTGCGCGCCAGCGAGCAGCTCCTCGAAGCGCTCGAACCCGACCGCGAGCGCGATCGGCAGACCGATCGCGCTCCACAAGCTGTAGCGCCCGCCGACCCAATCCCAGAAGCCGAAGGTGCGCTCGCGCGCGATGCCGAACTCGCCGACCTTCGCGTGGTTCGTCGACACCGCGACGAAGTGCGAGCGCACCGCGTCCTCGCCGAGCGCGCTCACGAGCCACGCGCGCGCCGCCTTCGCGTTCGCGATCGTCTCCTGCGTCGTGAACGTCTTGCTCGCGACGACGAAGAGCGTGGTCTCGGGCCGGAGGCCGTGGAGCGTCCGCGCGAGGTGCGCGGGATCGACGTTCGACACGAAGTGCGGCCGGATCGGCCCGTCGATCCAGTACGGGCTCAGCGCCTCGCACACCATCAACGGCCCGAGATCGCTGCCGCCGATGCCGATGTTCACGACGTCGGTGATGCGATCGCCCTTCGCGCCCCGCAGCGCGCCGCTCCGGAGCTCGCCCGCGAACGCGCGCATGCGATCGAGCACCTCGCGGACCTCGGGCATCACGTCGTTGCCGTCGACGAGGATCGGCCGCGACGAGAGATTGCGCAGCGCGACGTGCAGCACTGCGCGTCCCTCGGTCTCGTTGATCGGCTCGCCCGCGAACATCCGATCGCGCATCGCGGGCACGCCGCACTGCTCGGCGAGCCTCGCGAGCAAGCGCAGCGTCTCGTCGGTGGCGCGGTGCTTCGAGAGATCGACGCGCACGTCGTCGTGGTGCAGCACCATGCGCTGCGCGCGTGTCGGATCCTTCGCGAAGAGCTCGCGCAGCTGGACGCCGCGGATCGCGTCGGCGTGCTTCGAGAGCTCGTTCCAGGCGGCGGTGTCGGTCGGTCTCGGCATGTCGACTCCGCGCATATCGCAACGGACACGGCGCACGCAACCCGTGGCCCTCTGCAGGAGTGCTCGTCCCGGGCGGACCCGGACGGGAGCGCGCGCAGCGCGCGGACGGGAGCGACGCCGGGCGAGCCGATTGTTGGCCCTCTGCAGGAGTGCTCGTCGCGGCGGACCCGGACGGGAGCGCGCGCAGCGCGCGGACGGGAGGGACGCCGGGCGAGCCATTGTTGGCCCTCTGCAGGAGTGCTCGTCGCGGCGGACCCGGACGGGAGCGCGCGCAGCGCGCGGACGGGAGGGACGCCGGGCGAGCCGATTGTTGGCCCTCGACGTTCGTGAGGCGGCGCCCCAGGCTCGGCGCGCTTTGGCTGCTGCATCACCCAACGGCGAGCCCTCGCGCGCCCTCGTCCACGCCGCGCTCGTCGGGGTCCAGCTCGCGTTCGCCTCGCTCTCGGTCGCGGGCAAGGTCGTCGTCCGGACGCTGGACCCGAGCGCGCTCGCGCTGATCCGGCTCGCGGGCGGAGCGCTCGTGTTCGGTGTGCTCGCGCTCGCGCGTCGTGATCGCGATGCGCCGCCAGTGCCGCTGCGCGACGTGCTCGCGATCGCGGGCTGCGCGTCGCTCGGCATCTTCGGCAACCAGGTGCTCTTCCTCCACGGACTGCGCCTCACGAGCGCGGTGAACGCGACGGTGCTCGTCGCGACGATCCCGATCTTCACCGTCCTCGCGGCGATCCTCCTGCGCCGCGAGGCCGCGCGCGCGAACGCGCTGCTCGGCGTGCTCGTCGCGTTCGCCGGCGTGCTCTGGCTCGTCGGTGGGCCGCGCATCGAGGCCGAGAGCGCGCTCGGTGATCTCCTCGTGGTCGGGAACTCGATCGCGTACGCGTTCTATCTCGTGCTGGTGCGCGACCTCGCGCTGCGCCACGGATCGATCCGCGTGGTCGCGATCGGCTTCGCCGCGGGCACGCTGCTGGCGATGCCGCTCGGCGTGCCGGCGCTCGTCGCGCAGGCCCCGACGATCACCACCGAGACCTGGTGGCTCGTGCTCTACGTCGTGCTCGTGCCGACCGTCTTCACGTACCTCGCGAACGCGTGGGCGCTGCGCTTCGCGAGCTCGTCGATGGTCGCGATCTACATCTACGTGCAGCCGCTCTTCGCGGCGTCGCTCGCGTGGACGTTCCTCGACGAGATGCCGAGCCCGCGCGTCCTCGGCACCGGGCTCGCGGTGTTCGCGGGGATCTGGCTCGTCACGCGCCCCGCGCTCACGTCAGCACCTCGTCCCGCGCCGTCGGGCGCGCCCCCGC
NZ_CP070225.1_gap20	1040632	1042031	1399	GGCGCTGTGCGCCGAGGTCTCGCAGATCGTCGGGTGCGAGATCGTCAGCATCTACCTGCGCGAGAAGCACGACGACGGCGAGGACCTGCGCATCGCCGCGAACGTCGGCTTCCCCGCGGGCGCGATCCAGAAGATCCGCCTGCACGTGGGCGAGGGCATCGTCGGTCACGTCGCGCAGAAGCTGCGCCCGGTGTCGGTCGAGCTCGCGCCGACCGATCCGCGCTTCAAGGCGTTCCCCGAGCTCGGTGAGGAGCGCTATCCGATCTTCCTCGCGGTGCCGCTGCTCGTCGGTCGTCGCGCCGAGGGCGTGATGGTCCTGCAGCGCTCGCGCGAGCGCTGGACCGCCGAAGAGGTCGTGCTCGCCACCGCGCTCGCGAGCTCGTTCGCGTACGCGCTCGAGCGTGCGCGTGTGCGGCGCAGCGAGGTCTCGCCGTCGAAGGAGTCGCGCCGCGCACGCCTCGAGGGCGAGGCGGTGTCGCCCGGCAGCGAGCTCGGGCGCGTCGAGACGCTGCCGACCTTCGAGGGCCTCGCGGCGCGCTGGGCGACGATGGAGGCGGAGCAACCCGTCGACGTCGGCGTCGCGGCGACGTGGCGTGCGTCGCGCGTGAAGGACGCGTTCGAGACGCTGGTGCGCGACCTGTCGAAGGCGCGCAAGAAGGTCGCGCCGAAGCTCGACGCCGCGCAGCGCACGGCGCTCGAGTCACTCGCGCTGCTCGAGTCGGACTCGCGCTTCCTCGAGATGCTCGCGGAGGAGGGCGCGAAGGGCGGCAACATCCCGCTCGCGCTCCGCAAGGTCGCGCGCGAGTACGCGCAGGCGCCCTACAAGAGCACGGTCGCGGGCTCGGTGCAGGGCTGGCTCGCCGAGCGCGCCGAAGAGGTCGAGGAGCTCTGCCTGCTCATCGCCGCGCGCTCGGTCGGCGAGCGCGTCCCCACGGGCAGCGCGGCGCTGCTGGTGCCCGAGCGCCTCTCGGCGGTGGTCGCGCTCGCCGCGGTCGCGCACAAGACCGCGGCGATCGCGGTGGGCAACAGCGTCGAGCCGAACGCGCTCGGTCCGGCGATCGCGCGCGCCGCGGGCGTGCCGGCGGTCTCGGGCGTCGGCGGCCTCTTCGCGTGGGCGCGCGCCGGTGACGTCGTGCTCGTCGAGGGCGACGAAGGCGTGGTGCGCGTGAACCCGTCGGCCACGCAGATCGCGCGCTTCCGTCAGAAGGAACGGGTGGCGCGCGAGACCGTGTCGCCCCCGCCGGGCGAAGGTGGCGAGGAGCCGCCGCGAGGATGAGCGGCGTGGTGCTGCTCGCGATCGCGGTCGGCATCGCGCTCCTCGTCGCTACGATCGCGCACTACCGCTACTGGGTGAAGCGGCTCACGGTGCCCCTCGAGTACGTGCTCGAGGAGCGCATCG
NZ_CP070225.1_gap21	1054060	1057425	3365	GGTCGATGACCCCGTCACGACGACCTTGCATCCCGAGGCCAGCAGCACAGTGGCGATGCAGACCGTCGCGAGGGCTAGTTTTCTCATATCCCGCAAAACCTCCGCCGCGAGCATCTCATGATCCTCGCGAGCTGCACAGGACGCAACGATCCGCGAACCCATTCAAGGGGACGCTTGATCTCGTTGCGACGGGTCTCGGCGCTTGCTACGGTCGCGTGCCCGCGTTTTGGGACTAGAGGTGGGAGACCGCGATGAAGCGAATCGCTACGATTGGCCTGCTCACGTGCACGCTGGCGTGCGCACACGATGCGGTCGACGCTACATCCGCCGCGTTGACTGGGCGAGAAATTCCAACGGATATTGCGGATCTGTTCGCGCATCCCGCGTCGGGATTCGCCGGTTGGACCGAAGGCGCGCCGACCGTCCTGGATGACGGATCCGCCGAATACGCGATTTCGTTTGCCCTGCCACCCGGGCGAGCAGGAATGACGCCGGAACTCGCACTCCAGTACAACAGCCGTGCGGGCAATGGGATCGCTGGGTGGGGATGGGAGCTCGCGGGCTACTCAGCGATCGCACCATGCTCACGGGAAGTAGCTTTCGACGGCGAGCATGAACTCCCTCAGCTGGACGGCGGAGACCCACTCTGCCTCGGCGACACGAGGCTTGTTCGCGTCGACGGCGCCCTCGGTGGTGGTGAGTACCGAGTACACAACGATGGCGCGCGAGTAGAAGTCGTCCCGGACGGCTTTCACGTCTCGTATGCAGACGGCCGACGCGTCACGTACGGTGTGCGGTCCGATGCGATTCTGCAGTCCGGTGATACCGCGATCGCGTGGCTACTTAGTCGCATCGAAGATCGCACCGGGAATGCCATCGTCTACTCCTACGGTCACGTCACCCACGCGGCCGGTGAGGTAGAATACTGGCCCACCGAGATTCGGTACACCGATCATCCAAAGTACGGTGATGGCAACCGTGTCGTGCGCTTCAGTTTCATTGAGCGCACCGATCGCGTCTCGCGTACGATCGCTACCGTCCGCGCACGTACGACGCGTCTCCTCGAGCGCGTGGAGGTGCTCGCTCCTCGAACGCCGGGTGAACCGGCCACGCTCGCAAGGGTCTATCAGCTCAGGCACAGGCGCGGCGAGACTGGCCGTTCTGTTCTTGAGAGTGTGCGCGAATGCGACGCGGACGAGACGTGTCGCGAGCCGATTGCGTTCAGCTGGACCAGAGACTCCGGGCGGCCTCCGGTAACGGTGACCGGACCTGCTCTCCCGTTGTCTCCTTGGGAGGGGTCGACTTTCCTTGAGGAGCAGCCTGGGTCTCTTGCGGGACCTTTTCTCGGCGGCGAACGGGAGGTGATCCTCTACCGCTCGAAGGACGGGTGGCGCGTAACTGATGGTAGTGACGTGCTGTCGACAGCCATCGATCCGTCCACGACGCTCATCCCCGTCGATCTCGATCGGAACGGCTACTGGGAGCTTCTGCACTTCAGTCTGGACGGCGCCGAACCCTGGGTGAAGCCGATACGACTCGTTCGGGTGGATAGGACAACGACCCGAACGGAACCGGCAGGTGAGGCGCTTCGCGCGGATACGTGCCGGAGCCTCGCGGCCGGCCAGTCAACGTCCGTGACTGTCGCTGACCTCAACGGCGATGGTGCGTTCGACATCGTTACCTCGTGCCTCGACGATCCTGATAGCCATCTGCGCGTGCGGATGAACGCGGCCGATGGGGACTGGGCGACTTGGACGTCGCTCGTCTCGATTGAAAAGCCGAATGGCCGCTTCGATCCGCAGCCTCCGCTGATTGCCGACGCCAATGGAGACGGCCGGGACGACCTCTGGGTCCGCGGTGAGTCGGGCTGGTTCGTCGGCATGTATCGACGCGCTGGTGATCCGGCTTGTCCCGACGCTGATGAACCGTGCATCGCCTATGAAGCGTTGTCGGGACCACCTACGACGGAGGAGATCGAGGTCGATGGCGAGACGCGTCGAGTCACGCGTCCACAGGTTCTGATTGACGTCGACGACGACGGACTCGTCGACATTCTCGACCTTCAAAACCCCAACGCTCTGGTCGGCTGGATCAACCAGGGTCCCGGTCGTTCGTTCGCGCCGATCCAAATCGAGGTCCAAGGCGACGATTTACCGGTGCTCGGACATATCAGCGAAAACGACGTGCAACTCGCGGATATGGACGGGGACGGGCGCCAGGACCTCGTCGTGTACTCTGTCGCGGAGTACATGGATTCCAACGGAGAGGCCCTGCCGGTCGGTGCGCAGGTCGCGCGCGAGATGCTCGACTTCGACGCTGTGTGGTTTACGTCGAATTCCGCTCCTCGCGCGGATGTGTTTCTGGCACGTGGAGAGCACTTCGAGGCACGCCGCCTTCCAAATGGATACGAATCTCAAGGCCCGGTGTACGTACCCTCTTCCGAGACGCTGGGACGTTTCGTGTTTCCGAACGGTGAGCCGGCTGAGCGCTACTGGCCTCGAAATCACGTGCTCGACCTGAGCGGTGATGGCATTCCCGAACTGTTGCGCGAACGCTTCCAAGATCCCACTCGGCCTATCGGCACGCAGGCTGTGTATAGCCGGTCCGATCTCTTGGAGAGTGTGGCCGCGGGGGGAAGGCAGCAGGCGTCGTTCGCGTACTCGTTCGGTTATTACACTCGGCGCTGCGACGAAACCATCTGTGTCGCTCCGCGCGACGGGTGCGCGTACCCGGATGTCTGTGGCGGAACTCGTCTGGTGGTGGGGAGCCACACGGATATCGTGGGCAGGACGTACGACCATCACTTCATGTTTCCGAGGTGGTCGGTTGGAGGAGAGGGCTGGCTCGGCTTCGAATTCCATCGCAGTGCTGATGCGACGCGAACCAGCATTGTTGAGACAGAGCTGGACTTCTCCAGCGACGACCTCGAGCACCCGTTTGCCAGAGAAGTCTCGCTGCAAACCGAGTGGATTCGCGACGAGGAGCACGCATTCTCTATCGTAACGCGGAGCGAAACCAAGCGAAGTGTTCGAGCGCTGACGACTGGAGGAACGACAGTTACGGTCGATCAGGAGGCGAGTCACACGTGGCAGATCGAAGGGAGCCCACCGGCTTGTGTGGCAGTCAATTCCTGCCGGCCACCCACTGGCGCGCCTGCTGATCTCGTCCGTGCGACCATTCACGACTTCGACTACTCGTCGTCAGGCGCGCTCGCCCGCAGTGTAGTGCGAGTTCCGGGCGTGGAGACCACGGAGACGAATTACCTCGAATTCGACGAACGTCCGGCGGATTGGCTCTTTCTGCCAAGGTTTGTGACCGTCACTTCGACCGTGGCTTCCGGTCAGACGGCCACACGTTCGCACAGG
NZ_CP070225.1_gap22	1059656	1062186	2530	GATCGACATGGGCGGGCGCTTCTACGATCCGGTTACGGCTTCCTTTCTTACGCCCGACCCTGTCATCCACTCCGCACTCGATCGCTCGTCGTACAACTCCTATGCGTATGCCGCCGGGAATCCGCTGCGCTTCGTAGACCCCACCGGTTTCGACTGGTGTGACGGAGGGTGCGGCGACACCGGCGCTGGTATCCTCGGATTGGTCGCTGGGTTCTTCGCACAGGTGTTCGGTGGCGGGCTCACGCCTCAGCAGCGCGCCCAGGCGACCGCTTCGCTTCCGCCGCGCCCCCCCCCGACAGCGCGTGAAGCAGCGCGCCAGGCATACCGAGAGTGGGCACGCGGTCGGCGACAGCCGTCGGTGTCTACCAGCGCCCGTGACGGTGGTGGCGGTGACTGGGTCGACACGGCGCTGCACTACACGGCAGCGATCGATCGCACGCCGGGGCCGCTGCGCCGCACGTTCCTCGAGCTCGGTCTGGCCGTCGTTCAGGTTCCGCTGAGCATGATCCCCTGGGTAGGGGCGGGGATGGATGGAGTAACCCTCGCAGATCCCGACAGCGAGCCTTGGGAGCAAGCGATCGCCGGCGCTAGCCTGACGGTCGAGGGGTTCACCGCCGGCGCGTCACCGAACGCTGGTCCGTTCCTGCGAGCGCTTCGGATCGTCCGCAGAGGCAGCGCGCCATGGCACTACGCGCCAGGCCTGTACCACGTCATCCATCGCAGCGGACTTCTCACCCGGGTCTTGGTGGGCCAGCTGGGGCGCATCGAGCGCGTCACTGCGGTCCTGACTCAGGCCGCTCGGGCGCAACGCGGGACCCGAGCGACACGAGCGGCGACGCGTCACGGAAGACTGAGGAGCGGTCGAGCCACCGACGATGCGGGCCACGTGGTCGCGCGGGCACTCGGCGGAGATGGGGGACTCTGGAACACGTTCGGGCAGCTACCGCATATCAACCGGGGTCAGTTCATGCAGTGGGAGCAACAGATCGCTGACGCTGTTGACGCCGGTTCAGACGTAAGGATCTCGGTAGTTCTGAACTACGCTGATCCAGCGAACGTTACACGCGTCACGAGTATCGACTACAACGTCTGGGTCGATGGCGTCCATACGGTAAGGAACTTCACGAACTAGTGTGCTTTCGCTATACGAGTGGTCATGCTCGAAGAGATTTTGGAAGAGGACGATCTCGCGGGGCTGCAGGCTCTCGCGGCGCGAGATAGAGGACGCCTCGCGTCGGTGGGACCGGGAGGGGAGTCGGCCCTGCATGTGTGTGCGGCGGTCGGTGCGGAGAAGTGCGCGGCGTGGCTGCTCGATCAGGGCTCGCCGGTCGACGCGCGTGACGCGCTGGATCGGACGCCGCTCCACGTCGCGGCCGAGCAGGGGCAGCTCGGAATGGCGAAGCTGCTCGTCGCTCGGGGTGCGGCACTCGAAGCGACGTCACAGGGACGGACGCCGCTCGATCTGACGGGCGAGAGCCGTGAGGAGGAGGCGGCGCTCGTCGCGGCGTTCTTGCGGCGCGCGGGCGCGCGCGAGTCGCTCTCGAGCGCGGTCTCGTCCGGCAAGGAAAAGCAGGTCCAGAAGATCCTCGAGGCTGGGGGCCGCGACTGGGGCGCTGCGGCGACGGCGGCCCTCTGCATCGCAGTCGGCGCAGCCTCGATTCACAGCGTGGGTCGCCACTGGCCTCGTGTGCGCGAGAAAGCCGAGCCTCGGTATCAGCTCAATCTTCGGATCGTACAGTTGTTGCTCGCGCACGGTGCTGATCCGAACGGGCCGCTTCCTCCGGGAGCGTTGCCGCCGCTCTCCGAAGCCGCACAGGGGAAGGGCACCGAGCTCGCGGAGCTGCTTCTCGCTCGCGGTGCAGATCCCACCCGGCGCGACGCGGTCGGGCGGCTGCCGTACGAGCAGGCCCAGAACGATCCGGAGATCCGCGCCCTCCTGAAAGACGCTTACGACCGCGCGACGTCTCGGCGCTAGCCGCGGCCGCCTCTGCGGTTCTGCCCGGGGGGCGGCTTCAGGCCGTACTTCTCCATCTTGTAGATCAGCGCGCGGCGCGAGAGGCCGAGGCGCTTGGCGGCGTGGGTCTGGTTGTGGTTCGCCTCGGCGAGCGCCTTCACGATCGCGTCGCGCTCCACCGAGTCGACGTGCTCGCGCAGCCGACCGTCGCCCTGCGCCGCCGCGAGGCTGTCGCCCGGCAGGTGCTCCGCCAGGATCTCGCCGCCGCCCGCGAGCCGCACCGCGCGCTCCATCGCGTTGCGCAGCTCGAGCACGTTGCCGGGCCACGGATAGCTGCGCAGCCGCGCGAGGCCGCCCGCCGAGAAGCGCACCGGCACCCGCGCGCCGGCCTCGATCGCGAAGCGCGTCGCGAGCGGCACCACGTCGTCGGGCCGCTGCCGCAGCGGCGGGATCGCGATCGGGTCGCGCGCGAAGAGATATGCGGCGAGCTCCGCGTGGAACGCGCCGCGCTCGGCGAGCGCGCGCAGATCGCGATGGCTCGTCACCACGAGCCGCGCCTCCGGCTCGAGCGCGCGC
NZ_CP070225.1_gap23	1063529	1065355	1826	CCTCTTCGTGGTGCGCACCGGCGAGGTGAAGCTCACGAAGAGCGGTCGCGACGGACGCGAGCAGATCATCTACCTCGCGCGTCCCGGCCGTCCGATCATCGAGGGCGTCCGCTTCGACGGCGGTGTCTATCCCGCGAGCGCGATCGCGATGCGCGCGGGCAGCGCGCTCCTGGTCTCGAACGAGACGATCGCGTCGCTCGGCGAGAAGCGCCCGGCGATCCTGCGCGTGATGCTCGATCTGCGGGCCCACCGCGCCGACAAGACGCTGCGCCTGGTGAGCGATCTGTCGCTGCGCACGGTGCCGGCGCGCCTCGCGTCGTTCCTGTGCACACTGGCCGCGGCGCGCGAGCTGCGCGGCGAGGACTCGCGTCACCTGGTGCGCGATCTGACGACCGAGACGGTCGCGGGACGCCTCGGGACGGTGCGCGAGGAGATCTCGCGCGGCCTCGCGCTGCTGGAGCGCGAAGGCGCGCTGAAGGTCACGCCCGATCTGATCGAGGTGCTCGACATCGCGAAGCTCGAGTCCATCGCGTACGGGCGCAAGAAGGGCTCGTAGCGACGGGTGGTCGGGGCACGCGCGTTCGCGTGGGTGCTCGCGGCGTGCGTCGCGGTGTTCGTGCTCGCGGCGTTCGTCGCGCCGCTCGTGCCGATCGATCCGCGATCGAGCGCGGGCGCGGCGTTCGCGGTGTTCGGCTTCGGGTTCGGCGCCGTGTCGGCGATGGCGATCGCGGGCGGCGCGGCGATCGGGGCGCTGCCGCCGCGGGCGCTCGCGGCCTGGGTGCCGGTGGTCGCGGTGCTCGCGGCGCTGGTCGCGACGCGCGGGAGTGGGATCGCCGCGAGCGCCATCGTGATCGTCGCGCTGCTGACCGGTGGCGCGGTGTCCGGCGGGGTCGTCGGGGCGCGCATCCAGCACCCGGGGCACGTCGTGATCGTCGCGGTGGTGTCGTCGCTCGCCGACGTGTGGAGCGTGCTCAGCCCGGCCGGGCCCAGCGCCGCGGCGCTGGAGTCCGCGCCCCTGCTCTCGGTGCTCGCGCTGCCGTTCCCGATGCTCGGCACCGACGCGATCGAGCCGCTGCTCGGCATCGGCGACCTGGTGTTCGTCGCGCTCTATCTCACGGTGTCGCGGCGCTTCGAGCTCGGCGTGCGCCGCACGATGATCGCGCTCGGCGTCGCGTTCGCGCTCACCGCCGCGAGCGTGATCGCGATGGAGCGCGCGCTGCCCGCGCTGCCCTTCCTCGGCGCGGCGATCCTGATCGCGCATCCCGAGACGCGCCTGCCTCCGCCCCACGAGCGTCGCACCGCGGTGATCGGCGTGGGCGTGCTCGCGGTGCTCGTCGTGGTCGTGCTAGCCCTCTCGCGATGAAGATCGAGCGGCTCGGAGATCTGCACGCACGCATCGTCGGCGAGAGCGAAGGCGAGGGCCCCGTCGTGGTGCTGCTGCACGGGTTCGGCGCGCCCGGCGAGGACCTCGTCGGGCTCGCGCCCTATCTCCAGGTGCCGCGCGGCACGCGCTTCGTGTTCCCCGAGGCGCCGCTCGATCTCTCGCGCGTCTACGGCATGGGCCGCGCGTGGTGGATGATCGACATGGTCGCGCTCGATCGGATGATGCGCGAAGGGCGCGCGCGCGATCTCGCGAACGAGGTGCCCGAGGGCATCGACGAGGCGCGCACGAAGGTCGTCTCGATGCTCGACGCGATCGAGCAGCGCCTCCGGCCGAGCTCGCTGATCCTCGGGGGCTTCTCGCAGGGCGCGATGCTCTCGGTCGACGTCGCGCTCCACGATGCACGTCCGCTCGCGGGCCTCGCGCTCTTCTCGGGCACGCTGCT
NZ_CP070225.1_gap24	1093275	1097907	4632	ATCGCGGAGCTCGAGGCGCTCGAGCCCGCGGCATCGAGCGCGCGCGACCTCGCCTGGCGCGTGCACGCGACGCTCGCGCACCTGCACGAGCTGCGCGGCGCGGAGGTGCACGCGCGGCGCAGCAGCGAGCGCGCGATGGAGCTGCTCGAAGATCTCGCGACCGCGCTGCCGCGCGAGGCGCGCGAGCACTTCTGGCTCGATCCGCGTCGTGCCGCGGCGCGGGCCCGCGCATCGGGCAGCGCGCGCGCGGCGGCGAGCAGCGCGGCGAGCGTCCAGGGCGAGCCGGCGCGCGACGGACGCTGGGCGCGCCTGCTCGAGATCACCAAGCGCCTCGCGGGCGAGCACGAGCTCGATCGGCTCCTCGAGCGCATCACCGACAGCGCGGTCGAGCTCAGCGGCGCCGAGCGCGGCTTCGTGCTGCTGGTGGGCGAGGACGGGAAGCTCGCGCCCGCCGCGGTGCGCGACGCGAAGAGCCCCGACGATCCCCACGTCGTCTTCAGTCAGTCGATCGCCGAGGCGGTGCAGATCGACGGCGAGCCGATCGTGACGGTCGATGCGCGCGCCGACGGACGGCTCAGCGAGTACCTCTCGGTGCACAAGCTGATGCTGCAGTCGGTCGCGTGTCTGCCGATCCGCGATCGCTCGGGCATCGTCGGCGTGCTCTACGTCGAGCACCGCGTGCGCCGCGGGCGCTTCCGCTCGGGCGACGTCGAGCTGCTCCTCGCGTTCGCGGATCAAGCCGCGATCGCGCTCTCGAACGCGCGTCTGCTCGGGGAGAACGAGAAGAAGCGGCGCGAGCTCGAGGCCGCGAACGACGCGCTCGAGAAGGCGAAGGACGAGATCGAGCGCCTGCTCGTCGCACGCACCGCGGAGCTCGACGACGCGCGGCGCGAGCTCGGCCGCGCCCGCGATGCGCTGCGGAGCGCCCACGATCGACACGGCATCGTCGGGCGCAGCGAGGCGATCCGTCGCGTGCTCGCGATCGTCGATCGTGTGCGCGACGCGTCGGTGCCGGTCGTGATCCACGGCGAGAGCGGCACCGGCAAGGAGCTCGTCGCACGCGCGATCCACTACGGCAGCAGCCGCGCGCGCAAGGGCTTCGTCGCGGTGAACTGCGCGGCGATCCCCGAGCAGCTCCTCGAGAGCGAGCTCTTCGGTCACGTGCGCGGCGCCTTCACCGGCGCCGATCGCGATCGCACCGGGGTGCTGGTGCAGGCCTCGGGCGGGACGCTCTTCCTCGACGAGATCGGCGACATGCCGCCGAAGATGCAGGTCGATCTCCTGCGCGTGCTCCAGGACGGCAAGGTGCGCCCGATCGGCTCCGAGGAGGACGTGCTCGTCGACGTGCGGATCGTCTGCGCGTCGAACAAGAGCCTGCGCGATCAGGTGACCAAGGGCCTCTTCCGCGAGGACCTCTTCTATCGCCTGAGCGTCGTCGAGATCCGTCTGCCCGCGCTGCGCGAGCGACGCGAGGACATCCCGCTGCTCTGCGATCACTTCCTCGCGACGATCGCCAAGCGCGAGGAGAGCACGCCCAAGCGCATCTCGCGCGAGGCAGTGCGTCGCCTCGCGTCGCATCCGCTGCCGGGCAACGTGCGCCAGCTCGAGCACGTGCTGATGAACGCGTGCGTGATGGTCGAGGGCGACGTGATCGAGGCAGACGATCTCGCGCTGCTCGGGGACGACTTCCGACCGTCGCTCGATGTCGCGCCCGCGGCCGCGAGCTTCGCCGACGAGGACGACGCGGACGACGAGGGCGACGACGTACGCTCGATCAGCGGCGCGCCGCCGGCGAACCTCGAGGAGTGGAAGACGCTCGAGCGCCGCAAGATCCTCGAGGCGCTCGAGGCCACGAACTGGAACCGCGTGCGCGCGGCCGCGCATCTCGGGATGCCGCGGCGCACGTTCTATCGCCGGCTCAAGGAGTACGACATCCTCTGACGCTTGCTGGTGCACGCGACGGAACGAGGTGCCGGAGCTATGCTCGATCGCATGCGTGCGCGGACCCCGGCGCTCCTCGTGTCGATCGCGCTCGGGGCGACCCTGCTCGCGGGCTGCCCTCGGGAGCTGCAGCCGCCACCGCCGGGCGATGCGGCCGCGTGCGAGGTGCTCGAGGACTGCAACGCCGGACGCAGCTGTGGCGAGCTCGCGCTCTGCGTCGGTGGGTTCTGCGAGGACACGCCCACGTTCGCGATCCCGTGCCCCGGCGACGGTGAGCCCGTCGTGCTCCCGGAGCCCGAGGTCGAGACGGACTGACTACTCGGTGGCCGCGCTCGGGGCGGCGGCTTCGGTGTCCTCTTCGGTCGCGACCGAACCCTCGGCGCCCTCGTCGGACACGTCGTCGCCGCCCTCGCCGACACGCGCGCGCTCGTCGGTCGTCGCGTCCTCGGGCGGCGCTTCACCACGACGCTGGTAGCGCGGTGCCTCACCCGGCCGCGACCAGTCGACCCAGTAGGTCGCGCGGTCGCGGACGTCGAAGTGCACGAACGTGCTGCGCGGATAGTAACCGACGCCCACGCGATCCAACGTGCGCAGGTAGTCGCGGAGCACGGTGTTGGGCACGCCGTCGATCCGGATGTCGATCGCGTGCCCCGCGACGTGCTGGCTCGTCTCGCGCGTGTAGCCGCCCGCGGAGCGGAACCCGCTGACCACGTGGATGGTGCGCCCGCCGAAGTGGTCGGAGACCCGCGCCAGCAGCTCGAGCAAGCGCGAGGGCGGCTGGGGATACCGATCGCGCCGCGTCGCGCCGCGCGGCCGCATCAGCTCCTGCATGCGACGGAGCGACGCGCGCGGTGCACGCCCGCGCGTGTCGACCAGCCGGACGCGCGTGCGGGTGCGGGTCGCGGTGCGGTAGATGGTCGCGACGCCCGGCGTGCGCGGCCGACCCCAGCGCGACGCGGCGCGATCCACCTCGGCCTGCTCGACGTGCCCGGGCAGCACGATGCGCTGACCGACCCGCAGCGACTGCCCGTCCCGAAGCCGGTTGAGGCGCTGCAGGTCCGAGATGCTGCACCCGGCATCATGCGCGATCTCGCTCAGCGTCTGGCCCTCGCGCACGTAGGTCACGCCCGCCTCGGGGACGCGCAGCTCCTGGCCGGGGCGCACCTGGGAGTCGGGCCGGAGCCCGTTCGCCGCGGCGAGGTCGGACACCCGCACGTCGTAGCGACGCGCGATGCGCGCGAGGCTCTGTCCCTCGCGGACGGTGTGCGTGCGCTGGGCGCTCGCCGCGCCGGGCATCGCGAGGACGGCCAGCGCGAGCGCGAGCGTCGCGAGGAGGAGACGGAACGGCGTCATCACGTCGAGGGCGCGCAGGGTTACGCGTGCTCGCGTCCGAAGCAAACGGCACCTCCGGCGCGCCCTCGGTGCTCGCGTCCGCTTTTTTTGATTCGAGCGGACCGCTCTGGGAACATGGCGGTCCGACCTTCGCTCGTTGACAACCGAGAGGAACGCGTGACGTGCCGTGTGCCGCGACGGATCGCCCCGGGATCCGCGAGGTGCCCGACGTGGGATATCAATTAGATGTCAGTTCCATCTAACTTCAGCGTCAATGGATTTGAATTGACGCGAAATGCTTGACGTTCCGGCCGATCCGCGCCAAGACGGGGGAGAGGCTCGGCCTCCCGTTCCGCATCCGCCTTTTCGCCGTATTTCACGGTATCCGCCTTTCGCCATGGAGCACGACGACAAGTTCGCCGCGATCGTGCCGGGCTCCTCCGGTGGGCCGGGCGACGGATCCGTGATCACCGGTGGGTCGATCACGGGCGGAGAGGCGATCGCGGTCTCGCCGGAGCTCGAGACCGGCTCCGGTGGTGGGGCGGTCGCGCCGGCGAAGTCGAACGAGCCGGCGAAGGCGAGCCCGGGCGAGCGTGCCTCGGCCCAGCGTGACCCCGGGAGCCCGGACGGACCGGACGTCGCCGCCCGCGAGGCGGTCGACGAAGAAGAAGAGGACGAGGCGCCGCGAAAGGCGCGTGGGCGCGGGACCGAGAAGGGTCCCACCTCCGACAAGGGCTCGGAGAAGGGCAAGCGCCAGCCCAACAATGTTCGCCGCCTGCGCATCGAGCGAATGATGTCGAAGGCGGAGCTGGCACGTCGTGCGAACCTCTCGGTGCTGACGATCGATCGCGTCGAGAAGGGATACGGGTGCCGCATGGATTCGAAGAGAAAGATCCTCGAGGCACTCGGCTTGAGCCTCGCGGACCGCGTACGCGTGTTCGGCGAGGAGGAGTGATGAAGCCCGATGTCCGAGGGGAAGCACCTGGTCGGGGTCGACATCGGGTCGAGCTCGATCAAGGTCTGTGAGCTGAAGGAGGGGCGCAGGGGCGCGCGCCAGCTGGTGCGCTTCGCGTATCACCCGCTCCCTCCGCAGACCATCGTCGACGGCCACATCATCAACTCCGCAGCGGTGGTGGAGGGCCTCGACAAGCTCTTCCACAAGCAGAAGAACCGCGACGTCGCGCTCCGCGTGAGCGGGCACTCGGTGATCATCAAGAAGATCACCATGCCGCTCATGACGAGCGCCGAGCTCCGCGAGCAGATCAACTGGGAGGCCGAGCAGCACATCCCGTTCGATCTCGCGGAGGTCGAGATCGACTGGCAGGTGCTCCAGCAGCGGCAGGAGCAGGGCCAGATGGA
NZ_CP070225.1_gap25	1283258	1285271	2013	GGGCGCTCCGCCGGCGACGGGGATCCGGAAGATGTAGTCGCCGCCCGTCTCCGCGCATGCGATGTAGAAGTACGTCGAGTCGCGCGCGAGCCCGCTGCAGTCGCCGATCCGGCTGTCGACCAGCTGACGCTCACGCGTCGCGACGACCGCCGGGGTCCCGGTCTGATCGAGATCGACCGACCAGATCTCGGTCGCAGTCAACGACGTGTCTTCCTCGGTGAGGAGGTACACCTTGTTGCCGTAGATCGCCGTCGCGCGGAAGTCGTCCGAGGGCTCCGGCGTGAAGACCGCGTAGTCCTGGATCGACCACGTCGCGCCACCGTCGCGCGAGATGCGGAAGAGGTGACCGTTCGTCTCGATGTTCGCCGCCGACGGCGCCTCGACGACGTAGATGTCGTCGCCGTCGATCGCCATCGCGTAGCCGAGGTGGGTCGCGGCGAGCGCGGCGAGCGCCTCGATGTCCTCCACGGGCCCACCACCACGCGGCATGCGGTAGAGGTTGCCGGTGCCCCCGACGTACATGTGGCTGTCGTCGAGCTCCATGAAGTACTCGGTGAACGAGGCGAGACCGGTGGGAGTGCGCGCCGTCGAGGTGCCGAGGATGCCGCCGACGCCGGGCGCACAGGACGCCTCGGTCGCGGTCACTTCGACGATCATCGGGTTCGGGAGCGGGGCGCTCTCCGACGTGCTGTCGACGTCGACGACGTGCAGGTACACCGTCTGACCCGCCATCACGATCAGCGGATCGGTCGGGGTCGTCGTCCCGCTCGACGACGAGTACAGGCACCCGATCTCGGTGGCTTCGTCGCCGCAGCTCGTGGTGAGCCGCCCGGCGACGATCGAGCTCGCGCCCTTGCTGAGCGTGAACACGACCCGTTGCGTCGTGGGAGCCGTGTAGCTCATCACGATGTCGGGCCCGTGGAGCCCGTTGGTCGTGCTGGTCATGCACGCGGGCGGCTCACGCACGTAGTCGTTCGACGACGCTTCCCACACGAGCGTGTTCGTGCCCGCCGCGAGGACGAACGGAGCGCTGCAGGTGTCGCCGACTCCCGCGCCGACGCCCGTCGTCACGCAGGTCGCGCCGACGCACTCCTCGGTCGCGCCGCAGACGGTGCCGCACGCGCCGCAGTTCAGCTCGTCCGCGCCGAGGTTCGCCTCGCAGCCGTTGTCGCGCAGGCCGTCGCAGTCGTCGTGCCCCGCGTCGCAGCTCGCGATCGTGCACGCTCCCGCGGAGCAGGCAGCGACGCCGCCGGCGACCTCGCAGGTGAGCCCGCACGCGCCGCAGTTCTGCGCGTCGGTCGCGAGCGACGTCTCGCAGCCGTCGGTCGCGCTGCCGTTGCAGTCGCCCTGCAGCGCGTCGCACGCGAAGCGGCACTGCCCGGCGGCGCAGAACGGGGTGGCGCCGTCGACCGCGGCGCACGCGTTGCCGCAGGCTCCGCAGTGGTCGGGCGACGTCTGGGGCTGGACGCAGGAGCCGTCGCACGCGGTCAGCGACTCGCTGCACGTCGTCGTGCAGTCGCCCGCGTTGCAGACCGCGCCGGCCGCGCACGCGTTGCCGCACTCGCCGCAGTTCGCGTGGCTGCTCTGCAGATCCGCGCAGACGTCGCCGCACAGGATCTGGCCTGCGGGGCACGAGACCGTGCAGCTCCCGTCGACACAGATCTCGCCCGCGTCGCACGCCGTGCCGCACTCGCCGCAGTGCGCGCGATCGCTCGAGACATCGGCGCACACGTCGCCGCACTCGGTCTGGCTCGCCGGGCAGAGCACGTCGCACGCGCCGTCGACGCAGGCCTCGCCGGCTGCGCACGCGTTGCCGCAGCTGCCGCAGTTCGCGCGCGACCCGCTGGTGTCGACGCACTCGTCGCCGCAGAGCGTCGTGCCGTCGGTGCACTCGGGCGGACCCGAATCCGTGCGCGGCGTCTGCGCGTCGATCTCGACGTCGCCCGCGTCCGGCGTGGGATCGGCGTCGTCCCCACAGCCCGCGAGCGCGAGCGCCAGTGCCACACCGATCCA
NZ_CP070225.1_gap26	1339658	1341792	2134	CGTCGAGCGCGCGATCGAGTACGCGCACGAGAAGGGTGTCGTGGTCGTCGCGGCGGCGGGCAACGCGTCGCGCAGCACCGTCGAGTACCCGGCGCGCCACGACCACGTGATCGCGGTCGGCGCGGTGCGCTTCGATCGCACGCTCTCGTTCTACTCGTCGTACGGCCGCGGCCTCGACGTGGTCGCGCCCGGCGGCGACACCCGCGTCGATCAGAACGGCGACGGCATGCCCGACGGTGTGCTGCAGAACACGCTCGTCGGCCGCGATCCGCGCCGCTTCGACTACGTCGCGTACCAGGGGACGTCGATGGCGGCGCCGCACGTCGCGGGTGTCGCGGCGCTCATCGTCGGCGCCGGCGTGACCGATCCCGACGCGGTCGAGCGCGTGCTGACCTCGACCGCGACGGACCTCGGTGATCGCACCCGCTACGCGGCCGGCCTCGTCCAGGCGAACGCGGCGCTCGCGCGCGCGTCGCAGGAGACCGGCGCAGCGCGGGGTGCGCTCGCGGCCCTGCTCGGTCTCGGCGTGCTCGTCGGGCTCCGCCGGCGCGGCAAGCTCGGTGTCGGCATCGCCGGCGCCACGATGCTCGCGGTCGTCCTCGCGGGCGGCCTGGGCGCGCTGCCGTGGCACCTCGTGCCCGGCCTCGGTGGGCTCGAGTCGCTGCTCGCCGGTGGCGGCCCCGGCACCGCGGCGCACCTCGGCGGTCGCTGGACCGCGCTGCTCGCGATGAGCGCGCTGGTGCCGCTCGCGGCGGTCGCGCTGATGCTGCACTTCCGCAAGATGCAGCCGCTGCTCGTCGGTCTGTGCCTCGGCACCGCCGCGTTCCTGCTCGTCGAGGCGCTCGCTCCGACGACTGCGATCGCGCTGCTCCCCGGCTGGCTCGCGGGCCCCTGGCTCGTGCTCAACGCCGGTGTCGCGCTCTGGCTCGGTCGTCAGGTCGCGCGCCAGTCTCGCTGACATTGGTGTCAAGCCCGGCCACGCCCTGTGCGAGGCCGGGCCGACCGCGACAGGGATGTCATGCATCGAGCCCCGGTGACCATTCGGCGTCACCGGGGCTCGCGCATTTCGTCGAGGAAAACACGTGGTGTCGAGCGCGCCGTGAAAACGTCCGCGCGCTGGCAGGCTCTCTGCTAGCACGCCTCGGACGACGACGGGAGCGAGCCCGAAGACTCGCTCCCGCCCTTCTGCTTCACGTTCCGCCGCGCTTCGTTCCTTCGACTCGACTGCCGTTCCTTCGATTCGTTCCGGCTCTCGACTGCTCGCGGCTTCCAGCTTCGTCCGACTCGCGGTTCCTCGGCTGTTCCGCGCGAGACGGCTCCTTCGATCGATCTCGCTGGCGTTCGGGTTCGCGGTTCGAGCCTCTCGCGCCGAGCTCCTCGACGTCTGCTTCACGTTCCGTTCGCGACCGCTGCTCTGGCCGGCGGGGTCGCGCCCGGTGGCTCGCTTCGCTTCGCCTTTCCTTCTACTGCGTTCGCTCTTCGCTTGCGGCTCTTCTTGCTTCGGAACCGTCTTGATTTGCTTCGCGTCGATGTCCGACGCGCCTTTTTCCTTCGCTGATTTCGCTCTTCTTCTTCGCTCGCGTCTCTTCTTCCGAGCGCGGGGCCGTGGCAGCGGCTCCGCGCTCTTTCTCTTCGTGCTCTCCGCGCTTCGAGCGCACGCGCGGATTGCGTTGTCCCTGAGATTGTATGCTTCTGCTGCTCCGGTGCCAAGACCGTGTCGAGGGCTGCAACGTGGCCTCGGGATCGCGCATTCCCCCCGTGCTCGGGTATGCTCCGCGCGCGATGCGACGCTCTCTCGCCGTGATCCTGGCGCTCGCGCTCGGCGCGTGTGCCGCGACCTCATCCGAGATGCGGCGCGCCGAGGAGGCGTACGACCAGGCTCGCTTCGACGCCGCGCGCACCTGGCTCGTCGACCTCGAGGACGTCGCGCCTTCGATGGACGAGCCGATGCGCGCTCGGTACTTCTACCTCCGCGGCATGGCCGAGTACCGGCTCGGGCACCGGCTCGAAGCGCTTCACTACCTCGAGGTCGCGCAGGAAGTCGCGGGCGAGAACGGACGCGGGTTGCGCGAGGAGCAGCGCGAGCTGCTCGCCCGCACGCGCGCCGAGCTCGAGCCCGTCGACCCGCTGAGCC
NZ_CP070225.1_gap27	1343413	1344890	1477	GAGCACGATCGAAGGCGCGACGAGCGCATCGGCGGCCGCGAGCCAGCGCGCCTTCTCGTCGCCGGTGATGATGCCGAGGAAGCGCACGTTCGCGTCGAGGGCTCGCGCGGTCTGCTCGAGGCGCGCGCGCTCGGGCCCCTCGCCGCCGATCACGAGCTCGACGTCGGGCATCGTCGCGATCGCACGGATGGCGCGATCGAGGCCCTTCACCGGTACGAGGCGCGCGAGCACGAGCAGCGTGAAGCGCTCGCGTCGCGACATCGCGAGTGTCGGAGCGGGATCGACGCCCATCGCGATCACGTGCGATCGATCGTGTGCATCGGGCGCGAGCGCGAGGAATCGATCGCGCAATCGCTCGCTCACGAACACCAGCGCGTCGCTGCGATCGGCGATCGCGCGAGCGAGGGCGCGCGGTGCGCGAGAGAGAACGTGCACGTCGGCCGAGTGGAAGAACGCGACGTGCCGCGCCGCGCCGCGCATCGCGCCCGCGACCAGCCCGCAGGGCACGCCCCAGTGGCTCGCGATCGCGTCCCATCGCCTCGACGACATCGCCGCGGCGAGCGCGATCGGGAACGATGCCGCGCCGATCCACGCGAGCGGATCGCGCGCGAGGTTGTCGGGCGCGCCGGCGCGATGGAACGTGCGCTGGAGCGTGCGAGGTCGTGCGTAGTCGATCCATCGCACGCGTACGCCGGGTGCGGGATCGGTCCACGGATCGCCACGATCGGGCGCGGGCGCGATCACTTCGATCTCGTGCCCGCGTGCCGCGAGCGCGCGCGCCATGCCGAGCACGAAGAGCCCCGAGACGTCGCGCTCCGACGTCGGGAAGCTCGTCGCGGGCATCGCGACGATCACGAGAGGTGCCGCGTGATCGCGGTGCGCGCGAGGAGCAGCGGGATCACGATGAGCCCGTGATGGATGCCGATGCCGCTCTCCTCGTCGGCGTAGATCGGGCGCACCGTGACCTCGCCGACGCGCAGCCCTGCGGCCGCGGCGCGTCCCAGCAGATCGTTCGGATAGCCGTAGCCCGGCCACATGCGCTCGAGCTCGATGCGGCGCGCCGCGGTCCGCGAGATCGCGGCGTAGCCGCACTGCGAGTCGCGCACCGGGATCCCCGTGGCGAGGTGCGTGAGCCGCGAGAGCACGTGGTTCGCGATCCAGCGATGCGGCGGCATCGTTCGGCGCACGCTCGGGTGCGAGAGCCGATCACCTTTGCAGTAGTCGACCTCGCCGCGCGCGACCGGCGCGACGACGCGCTCGAGATCCGAAGGATCCATCTGCGCGTCGCCCGCCATCACTGCAGCGACGTCGGCGCCGCGATCGAACGCGATGCGCGTGCCCGTCGCGATCGCAGCGCCCACACCGCGGTTGCGCGCGTGACGGACGACCTCGACGCGTGCATCGCCGGTGCGCGCTGCTTCGCGCGCGGTGGCATCCGTCGACGCGTCGTCCACGACGACGACGCGATCGACGAACG
NZ_CP070225.1_gap28	1534494	1537826	3332	GGTGCGCAGATCGGTCTCGCACCCGAGCGTGGCCGCGCTGCAGTCGCCGAAGTTGGTGTCGCACGAGCACCCGCCGCCGGTGCAGGTCGCGTTCGCGCCGCAGCGGATGTTGCACCCGCCGCAGTGCTCCTCGTCGCTGCGGGTGTCGATCTCGCAGCCGTTGCCGTCGACGCCGTCGCAGTTCGCGCGGCCCGCGGTGCAGCTGCCGGTCTGGCAGGCGCTGTCGACGCACACCGCGTTGGCGCCGGCGCGGGTGCAGACGTTGCGGCAGACGCCGCAGTGGTTGGAGTCGGTGCGGGTGTCGGTCTCGCAGCCGGTCGCGGGGTTGGTGTCGCAGTCGGCGAAGCCGGGGTCGCAGGTGCAGCGACCGGCGACGCACGTCGAGCTCACGCCGCAGACGTTGCCGCAGACGCCGCAGTTGTTCTCGTCGGTCTGGGTGTCGACGCAGCCCGCGCCGCAGCACGTCGCGCCCGCGTCGCACGGGCTGCCCAGCGTGCCGCAGGAGCACGATCCATCGACGCAGCGATCCGACGCGTCGTCGCACGCGAGGCCGCAGAAGCCGCAGTTCGCGACGTCGGTCTGGAGATCGCGGCAGCCCGCGCCGCTGCAGCACGTGGTGCCGCTGGTGCACGCGCCGAGCGCGCCGCCCTGCGAGCTGCAGTCGCACACGCCGCCGATGCACACGTCGGCGACGACGTTGCCGCCCGCGACGTTGCAGGCGACGCGGCAGCCGCCGCAGTGGAAGACGCTGGTGAGGAAGTCGGTGACGCACGCGCCCGTGCCGGCGCACGCAGCGCCGAGGCGCGCGTCGCCGAGCACGCAGCCGCTCGGGCCGTAGGGCAGGCCCGCGACCGGCGTGCCGAGGACCTCGTTGGTCGTGCCGTCGCAGTCGTCGTCGAGCGTGTTGCACGCCTCGGGCTGACCGGGGGCCTGCGCCGGGTCCTCGGGGCCGCAGTCGGCGGGCGGGACGTACTGATCGGCGTCGGTGTCGGCGCCCGCGCAGTCGACGTCGGCGATGCAGCTCTGCGCGATGCCGTCGCCGCAGCGCTCGGGCGCGCCGGGGTAGACGCTCGCGCTGGTGTCGTCGCAGTCGGCGCCGCCCGCGGCGAGCGACGCGAAGCCGTCGCGATCGGCGTCGCCCGCGGGGCACGCGGAGTCGACGCCGTTCTGGTCCTCGTCGAGGCCGTTGCCGCAGAAGTCGATCGCGCCGGGGTGGATGCCGGCGTCGCAGTCGTCGCAGTCGCAGTCGTTGCGCGCGCAGCCGGCGCCGGGGGCGACGTCGGTGCACGCCGGCGTGCCGTCGCGATCGAGATCGTCGTCGGTGCAGTCGGGCGCGTCGTCGACGAAGCCGTTGCAGTCCTCGTCGCGCGCGACGGCGTCGGGATCGTCGCGCGGCGTGCACACCTCGGTCGCGCCGGGGAAGACCTCGGGATCGGTGTCGTCGCAGTCGGGCGAGCCGCCGGTCTCGCGATCGGCCTCGAAGCCGTCGCCGTCCTGATCGCAGATGCCGTCGCGGCCGTCGCAGTCCTGATCGACTCCGTCGCGACAGAGCTCGGTCGCGCCGGGGTTGATCTCGGGGACGCCGTCCTCGCAGTCGCAGGTGCCGGGCGCGTCGGCTGCGCTGCACGAGCGCCAGTCGTCGCCGTCGCGATCCTCGCACTCGGCGTCGCGACCGTCGCAGTCCTGGTCGACGTCGTCGCGGCAGAGCTCGGGCGCGCCGGGGTGGATCGTGGCGTCGGCGTCGTTGCAGTCGGCGCCTTCGGTGCTGTCGCACGCGAAGTCGCAGGACGTGGTGCGCCCTTCTTCGCCGGGGTCGCGGCACGCGGCGCCGGGATCGACGGGGAACGCGTCGCCGTCGGCGTCGAGGTCCTCGCCGATCGGGCCGACGAGGAGCACGGTGTCGCGCACCACGCCGCCCGCGTCGTAGCAGCGCGTCGCGACGAAGCGCTGCGTCGCGTCGCGCCCCGTCGCGACGACGTGCACCAGCACGCGCATCGGTCCGGGCAGGGGCACGGCGACGCGCACCGGCTCGCCGGTCGCGATGTCCTCGGCGGTGCGGCGCACCGGGCGCGGGCTGGTGCGCGTGGGCGGGCGCTCTCCCGAGAGATCGATGACGGTGACCTGCAGCGTCTCGACGTCGCCTTGCGAGCGGGCTTCGATCAGGACCGCGTGCTCGGGCTGGGCGCAGCCCGGGAGGGATGCGGCGGTGCAGACGAGGAACGAAGCGAAGAGCGCGCGCGCGCGACCTGGCGACACATCCGCATCGTATCAGAACGGGCTCTCGCGCACGGTGGCCGCAGCTCTCCGCCCATGACAGATTCGCGGCGGTGACGTTCGGTTACGTCGGATACGTCTGGGCGATCCTGGGCTGTGCGTCGGTCGTGCTGTTCCTCTCTGCGATCGGCGCCGGGCTCTATGTGATCGGCAAGCGCGCGGAGCGCCGCGGTCCTCGCACCGTGGTGCAGTCGCTCTCCGGACGCGACGATTCCTCCTCTACTTCTCCCTCGAACGTCACGCGGTGACCATGGAAGCGATCGAGACGCACTCGACGCGATCGAGTGCGGAGGCCGGTGATCTCGGCCTCGCGAAGACGTTGCGCGACCTGCAGTGGTCGCGCGTGGTGGACGCGGTCGCGCAGCGATGCGCGGGGCCGCTCGGCGGGCGCTTGCGCTCGCTCGCGCTCGCGCCCGATCTCGCGACGGCGCGGGTGTCGATGGACGAGACGCGCGAGGCGCTCGCGCTGCGCAACGACGGTGAGCCGCTGCCGCTGAGCGGGATCCGCGAGGTGCGGCCGAGCCTCGATCGGGTGGCGCGCGCGGGCTCGCTCGAGGGGATCGCGCTGCGCGACGTGCGGGTGACGCTCGGCGCGGCGCGCACGCTGCGGCTCTTCCTGGCGCGGCGTCGGGATCGGGCGCCGGCGCTGGTCGCGGCGTGCCCGATCGATCCGACGCTCGACTCGCTCGAGGAGGAGATCGGCGCGGCGATCGAGGCCGACGGGACGGTGAGCGATCACGCGTCGCCCGAGCTGCGGCGGCTGCGTCAGGAGGTCGCGAACCTCCGCGCGAAGATCATCGCGCGCCTCGAGCAGATGCTGATCGAGCACGGCGACGTCGTGCAGGATCGCTTCCACACGATCCGCGACGGCCGCTACGTGCTGCCGATGCGCACCGACGCGCACGACAAGATCCCCGGCATCGTGCACGGCACGAGCGGCAGCGGCGCGACGGTGTTCATCGAGCCGCGCGCGCTGATCGAGCAGCAGAACCGGCTGACGCTCGCGCTGGGCGAGATGGAGGCCGAGGAGGCGCGCATCCTCGCGCAGCTGAGCGAGC
NZ_CP070225.1_gap29	1540129	1543077	2948	GTGCTCGTCGCGATCATGGGGATCGCCGCGTGCGATCGACAGACGTGGCGCGATGTCCCGCGCGAGTGGTCCGACGCGCAGGAGCGATGGCACACCCAGCGCGACCCCGACGCGTGGCGCGCGTGGGACGCGATCGACGCGACGACGCCCGAGGGACGCGAGGCCCATCGACTGCTCGCCGAGGCCGACACGCTGTATCGCGAGGGCATCGCGCGGGTCGACGAGGGCGATCCCGATGCGCGTCGATCGTTCGAGGACGCGCTCTTGCTCGCGCCGATGGATCCGCGCCTGAACCTGCCGCTCGCCCGCGCGTTCCGGCGGCGCGCCGATCTCGACCCCGAGAACCCGCACCTCTTCATCCGCGCGGCGTTCACGTACCGGAAGTTCCTCCTGCTCGTGCCCGAGGATCCCGACGCGGCGATCGCGCGGCGCGAGCTCGAGCAGCTCGATCCCGAGGCGGCCGCGTGGCTCGATGCGCTGGGGCCCGAGCCGCAGGCGGCGAGCGCGACGAGCGGGGCCGATGCCGCGTCGTGGCTCGCGCTCGCGTCGCTGGTGCTCGCGCTGATCGCGCTCGTGCTGTTGATGCTGCGACCGGGACGTCGGGTGCGATCGCTCGAGGAGCTCGCGTCGTCGCGCCCCGAGCTGCACCCGGCGATCGCGTACCTCGTGTCGGGGCTGCGGCACGAGCTGCTCAAGCATCGCATCGGCGCGGTCGCGAGCGCGGTGGAGGCGCTCGCGGAAGGGCGCGCGAGCGTGCCGCAGCGCGAGTTCGTGAGCGGTCGTCTGTTCGGCGGCGAGCCACTGCGCGACGCGTGGGAAGGGCACCTGCGCGCGTTCGAGCGCGCGCTCGGGCCGGAGCTCGATCTGCATCGTCGCGATCGCGAATTCGCGCGCGCAGGCAAGGCGATCGTGGCGATCGCGAAGCTCGAGGGCGCGCTGCGTGCCGGGGACGCGAAGGCGATGGCGAAGCTGCGCCGCGCGCACGAGGAGCTGCGCGCGCTCGATCGGAGGCTCGCATCGCTCGTCGCGAAGCTCGTGCGCACGCACGTCGATGCCGGGCTCTTGCGCGACGTCGTGGACGAGGTGCGGAAGGAGTACGCGCCTTCGCGCGTCGCGCTCGACGCCCTCGCGATCGAAGCCCCCGATCCCGCGCCTGCGATCGAGGTGTTCCGCGTGGATCTCGTGCTCGTGCTGAAGAACGTGGTGCGCAACGCGATCCTCGCGGTCGGTCGCGCCGAGGCGCCGCGACGCATCCGGCTCGACGTGCGCACCGAGCTCGAGCCGACGGGCGAGGAGAACGTCGTGATCCGCGTGCACGACACGAGCCCCGACGCGCTGACGACCGAGGCGATCTACGAGCGCCGCGTGGGGAGCGGGCTCGGGCTCGTGACCGCGGCGCTGAGCCGATACGATGGCGCGATCGTGGTCGAGCCGGGCGAGACGGGCTGGGCGAAGGCGGTCGCGCTGCGCTTCTTTCGTGTGTACGACGAAGGGTCGGCGCGCGTGGAGGCCGCGTGAAGATCCTGCTCATCGAAGACGGCGGCGAGTACGAGGAGTTCGCGCGGCTCTTCCTGAGCGAGCACGAGCTCGCGGCTGCGCACTCGGCGTCGGAAGCGCTCGCGCGCGCGGCGGAGACGCGCTTCGATGCGTTCCTCGTCGATCTGCGCTTCGAGCGTGCACCGCAGGAGTCGCTGGTCGGCGATCTCGACGACACCGCGCGCCGCCTCTTCGGTGGTGATCGCGCGCGCGCGCTGCGCTGGCTGAAGGATCAGCAGGGCACGCTGGTGCTCGCCGAGCTGCGCCGCGCGGGGCACGCGCAGCCCGCGCTCTTCGTGCACGACTTTCCGGCGCAGCGGCTCGCGAACCTGCGCCGCCTCTACGGCGACGTGCGCGCAGTGCCGGGCTTCGATGCAGCGGCGATCCGCGAGGCGCTCGGCGCATGAGCGAGGCACGACGGCTCGCCGCGACGCTGCTGCACGACGTCGGCAAGTACGTCGCGCGCACCGCGCGCAACCTGCGCGACGGGCAGGCGATCGAGGCGCCCTTCGCGTCGATGTTGCTGCGCGACGTGTACGAGACCTACCGCGGGGCGCGCGCATCCGCGCGCTTCGAGGAGCTCGCGCAGCCGCTCGCGGCGCTCGTGCCCGACGTGCGGCTCGACGAGGTGCGCGCGCTGCTCGGTGCGATCGACGCGCGCGAGAACGAAGCACGCGCCGGAGATGCCGCCGCGCTGAGCGCGATCGCCCGCGATGCGCGGGTGATCGAGGAGACCCTGCGCGCGATCGCGCGCGAACGGATGTCATGAGCGCCACCCGCCCCAAGCTGCTCGTCGTCGACGACGGCGATCGATACGTCGAGCTCGCCCACGCGTTCTTGCGCGACTACGACTACGCGACGCGCTGCGATCAGCCCGGGCCCTGCTGGGAGTGCGCGCGACGCAGCGGCTGCACGCTCACCCACGCGCACGATGCGCGCGAGGCGGAGGAAGCGCTCGCGCGTCATCGCGACGTCGACGTCGTGCTGCTCGACGTCGCGTTCGACGTGCCCGAGGAGCGCCTGCTTCCGTCCGACGAGCCCGACCTCGAGCGACGCCGTCGCCTGCAGGGCATCGACATCCTCGCGCACCTGCGTCGCGCGCGCGGCGAGCTGCCCGTCGTGCTCATGACGTCGGAGGAGGAGATCGCGTTCGAGGACGCGGCCGAGGCGCTCTCGGTCGACGAGTTCGCGACGCTCGCCGGTGAAGCGGCATACGACGCGCGTGCGCTCTCGTTGCTCGTGGAGCGCGTGCTCGCGCGGCGCCGCGACTCGCCGGAGGCCGGCGGGTACACGTGGGGCGGCGCCGCGGCGATGGCGCGCCTGCGTCGCGATGCGCTCGCCCTCGCGCGCACCTCGCTGCCGATGTTGGTCCTCGGCGAGACCGGCACCGGCAAGAGCGCGCTCGCGGAGCG
NZ_CP070225.1_gap30	1545660	1546495	835	GGCCCGGGCACGACGCGGCGAGACGCTCGGCGCGAGCGCGCGCCTCGGCATCGAGCTCGCGCAGCAGCGCCCGCGCGCCGTGGGCCTCGCCGCGACCCGCCAGGACGTGCGCGCGGGCGAGCGCGATCATCGCGCGATCGAGCGGGCTCGCGAGCACACCGGTGATGCGGCTGATCCCGATCAGCGCGCGGCGCGCGTGACCGTCGACCGCGTCGAGCAGCGCCCACACCGCGCGCGCCGTCGAGACCTCGGGCGCGCCCAGCGGTGCACGACCGAGCGCACGCGCGGTGAACTCCCTCGCGCGCGCCGTCTCTCCGCGCTCGACCGCGAGCAGCGCGATCGCGAGCGAGATGCGCGCGGCCTCGCGCGGTGCGAGCAGCGTGCGCGGCAGTCGCTCGAGCGCGTACTCCGCGTCGCGCGTGCGGCCCATCTCGTCGAGCGCACGCGCGATCGCGAGCGTGTGATCGACGCGCAGCGCGCTCGCGCCGCGACGTGCCTCGAGCACACCCAGCCACTCGCGCGCAGCGCGCACGCCCTCGTCGCGCCGCGCGGGATCGCGCATCGCGGCGAGCACGAGCTCGAGCCGCTGCTCGTCACGACGTGCGGCCCAGACCATCAACAAGAGCGCCGCGTCGAACCCCGCGAGCACCAGCAGCGCGACGCCGTACGAGACGAGCATCGGCGGCAGCGCGAGAGCGTGCAGGAAGATCGCCGCGCGCACGTACGCGGCGAGGGCCTGCGCGCTCCGGTCGGGGTCGTGGATCGCGGCACGCAGCATGAGCGCGCCGACGACGGGAGCCCAGAGCACGAACAGCAGCACCCACTCCACGATCAC
NZ_CP070225.1_gap31	1576575	1580310	3735	CCTTCGCGTACGCGGCGCCCTTCTCGATGAGCTTCTCGATCAGCGCGACGATCTCGGTGAGGTGCTCGCTGACCCGCGGCTCGATGTCGGGGCGCACGTTGCGCAGCGCGTCCATGTCCTCGAGGAACGCATCGGTCATGCGCGCGCTGAGCGTCGCGGGCGTCTCGCCGTTCTGGCGGCTGCGCGCGAGGATCTTGTCGTCGATGTCGGTGACGTTGCGGACGTAGGTGAGGGTCTGTCCGCGCGCGCGCAGGTGACGCACGAGCACGTCGTAGACGACGTAGCAGCGAGCGTGGCCCAGGTGCGAGAGATCGTAGACGGTCGGGCCGCACACGTAGATCCGCGCGTTCGACGGATCCTGGGGAGCGAAGGGCTCCTTCTTCGACGTGAGCGTGTTGTAGAGGACGAGGGCCATGCGCCGGGGGTGTACCCGTACGGCCGGATCGTCGCAATGATCTCGGAAAATCAGTCCGCCGGGCGCGCGGAGACGCGACCACCGTCGCTCTGGGATCGACCGCTGATCGCGCCGCTCGCGGCGATGCGGAGATCGTAGTGATCGGTCGAGACCAGCGTGGGATCGGAGGTCTGGTACCCGGCGAGGTCGAGGGCGCCGGTGGCCTCGTCGTAGTGGCCGTCGACGAATTCCTCGGCCTGGTGCCCGATGCGCGACTGGAAGTCCGGCCTGGGGCTCTCGAGCAGGCGCCATTCGATGGTGCCCGACGCGTCGCGACCATCGCGGCGCAGGGCGATCGTGATCGCGTAGCGCCAGCCCTGGCCGCTCCAGGTGCCGCGCCAGCGACGCCGCGCGCCATCGGCCCACGCGAACCGCGCGACCTCGTCGCTCGGCGGCTGGGGATCGCGCGGGGCTTCGGTGCGGGCGCGCGACGCGTCGCTGCCCGCGTCGTGGGCGGGCGGGGCGACGATCGCGGGGCCCGAGTCGGGGAGCGCGATCGCCGCATCGACACGCGCGAGCTGCGCGCCCGCATCGAGCTGGACGTGCGCGACGAGGCGGGGCGGAGGAGGCACCTCGCGCTGCGAGAAGCGCTGCCACAGGACGAGCCCACCGAACGCGCTGAGGCCTGCTCCGACGAGCGTCGCGACGAGGCCCAGCGCGAGCGCGATGTGGCGGGTCGCGCTCGATCGCGGCGCGCCCACCGGACCGGTCGCGGTCGAGGGGCCGTGCACCGCGTAGGGCGTGCTCGCTCGTGGGTGCGGCGTCCAACCCTGCGGCGCATAGGGCGTCGGCGCGTGGGGCTGCACCGACGAGGGCGTCATCGCGACCGTCGGCGGCACCACGCGACGATGCTCGTGCGTCATCGGCACGTGGGGCGCGTCCTCGCGCAGCGAGAGACCGGGCGAGAGCGACGCGAGCGCGACGCGCGCGTCGGGGAAGCGACGATCGGGATCGCGATCGAGGCAGCGTGCGAGCCACGCATCGAAGCCCGCAGGCACGAGGTGGCCGACGCCGAGCTGCGCCGCGCGCACCGAGCCCGGCTCGAGCGGCGTGACGAGCACCTCGGTGAAGAGCGCGGTGAGGCGCACCTCGGGGTGGTTCGCGACGCGCCAGTAGGAACGACCGGTGATCAGGTAGAACGCGACGAGGCCGAGCGCCCAGACGTCGGTCGCGGGGCGGATGCGCGCGTGCGCCTCGGTCTGCTCGGGCGCCATCCACATCGGCGAGCCCACGGCTGCGGTGGTCGATGCGGTCGCGCGCGACTCCTGCGTGAGCTTCGCGATGCCGAAGTCGAGGATCTTGAGGGTGAAGGGCACGCCGCGACGGCGGCTGATCGCGACGAACAGGTTCTCGGGCTTGAGGTCGCGATGGACGATGCCCTTCGCGTGCGCCGCGCCGAGGCCGTCGCCGAGCTGCTGCAGGATCTCGTACACCTCGCTCGGGGGCAGCGCGCCGCGCTCGCGCAGCGCGTGCGAGAGGTCGCGCCCTTCGAGCAGCTCCATCGCGAGCCACGGAAGGCCGGTGGGATCGTCGATGCCCGCGGCGACGGTCTCGACCACGTGCTCGCTCTCGATGTGCGCGGCGATGCGCGCCTCTTGCGCGAAGCGCTCGCGGGCGCGCGCGTCGACGACGAGCTGCGGGAGCATGACCTTCAGCGCGCGACGTTTGCCCGTGGAGAGCTGCTCCACGACGTACACCGCGCCCATGCCGCCTTCGGCGAGCAGGTGCAGGATGCGGAAGTCCCTTGCGAAGACGTGTCCGGGGACGAGCTGGGGCAGGGCGGGCACGTGAGTCGAGCTTAGTCGCAAACCTGTGGCGCGGGCTTGGATCGTCGGCGGCGGATCGCGCGCACGATCGTGGCGACGACGAGGACGAACGTGACCGGCGACGCGCGGGTGCGCGCACCCACGCGACATCCACAGCCGCCCGAGATGCGCGGCATCTCGCGAGGACCGGCGTCGAGCGTGTTGCCACCATCGTCACCCGCGGTCGCGCCGTCGAGACCGGCGTCGGGCGGGGGCGCGCACTCGTCGTCGGTGCCCGCGGGCATGCTCGCGCAGCCCCACGGGCACGGCTCGGTCGTGTCGGCTCCGTCGATGCAGCGACGGCGCGCGGTGCCCGCTTCGTCGCAGGTCCAGAGCGCGAACGTTCCGTCGGGGCACGAGGTCGCGGTGCCGCACGTCGCGCCCGGGATGCCGCGATGGATGCCTTGCTCGGCCCAGCGCGACGGCGCGGTCGGCGAGCACGTGCCCGCGAAGGGATCGAACGCGGTGGTCGATGCGCCGCCGAGTGGTCGGGTCTCGAAGTGCAGGTGCGCGCCGGTGCTGCATCCCGAGCTGCCGATCTGTCCGAGCACTTGCCCGCACGTGACGCGATCGCCGGGCGCCACGCGCACGCTGCCGTTTCGCAAGTGCGCGTAGACCACGCGGGTGTCGCCGTGATCGACGACGACGTGGTTGCCGTAGCCGAACCCGAACGCGGTGCCGCAGTTGTCGCCGCCACATGCGGTGCAGCGATCGAAGAAGCCGTCCTGCGCGCGCACCACCTCACCGTCGGCCGCGGCGACGACGTCGTGGCCCGCGTCGATCGCGGCGAGGCCTCCGCGCAGCGAGAAGTCGGTGCCGCGATGCCCGTCGTAGGTCGACGTCGCGCAGCTCCAGTCCTGCGTGCCCGCCGTCTCGCCGGTGTGATCGAAGTAGAACCAGTTCGCGATGCACGTGTCGCACGCGAACGGGCGGCGGAAGGTCTGCGCCTCGGCGCGCGACGCGACGAGGAGCACGAGCGCCGCGAGCACGACGTGCTTCATCGCGGCACCCGGTGCGTGGCGCCATCGGCACCGACGAACACGACGTGCGCGCCCTCCAGATGGATCGACGCTCCCGCGGGCGGAGGCGTGTACGCGTCGCCCCACGGCCGTCCCACGCGCAGCGCGCAGTTGGTGAGGCAGCGGAGCTCGTCGTCGAAGAGCCAGAGCCCCGCGACGCCGCCGTTCGTGCTGCCGACGAGCGCGATCGAGCCGTCCTCGAGGATCGCGAGCGGCGCCATCGGCCCGGGCGCGTGCGCGAGCGCGATCGGCTGGGCGTCGCGCAGCTCGAAGATCGTCGCTCGTTCATCGCACCAGACGAGGCGAGCGCCGTCGGTGATCGGTGGTGCGAGCACCTCGTCGCCGATCGCGTGCTCGCGTCCTTCGCCATCGATCACGACGAGACGCGCATCGCGATCGACGTACGCGACGCCCTCGCGCAGGCGCAGCGCGACGTCGTTCGTCGGTCGCTCGTCGG
NZ_CP070225.1_gap32	1582859	1584612	1753	CGCCCGATCCCATCCGCTGCGTCGGCTACGCGTACGCGCTCGAGCGCCTCGCGACGACGGTGCGCGCGGAGGACGTGAAGCGCATCGAGGCGATCCTCCCGGATGGCATGCGCGCGACGCGCTGCCTGCGCGTGCACAGCGCGATCGGCAGCGACGGCGATCACGTCGCAGAGACGGTGCGCGTGGTCGCGCGCTGCAGCGGGAGCGAGCGCCGCGAGGTCGCCACGGCGGTGCACGAGACGGCGCGCCTCTGCTTCGCGCCGCCGCCCGGCGGACATCCGACGGACGACGAGATCGCAGCGCTGCTCACGCGCTGAGCGCGATCACCGCGAGACGAAAGAGCACGCGCGGGCCCGAGGGCTCGACGCGCGAACGGACGACGTGTGTCCACGACCCCCCAACCACTGCAGGAGAGAGAGCACATGGAGCGCAACGACAGCCAGCAGCAGCACGACGCGACGATCGACATGGAGACCCGCGAGGCGCGCGAGCGCTTCGAGGTGAAGGAGAGCGCGGAGACGCTCGAGGTCGTCGAGCTCGAGAGCGCGCCCCTCACCGACGTGAACTTCGGCTTCTGAGACGCACTGCCCTCGGGCTCGTCGCGCACGAGCCCGAGGGCGCTGCCCCTTTTCGATCACCGGAGGCGAGAGATGACGTCGAGCGTGGAGATGGTGGACTGCGTCGTGCTCGGGGGTGGGCCCGCGGGCAGCACCTTCGCGGCGATCGCGAAGAAGTACGCGCCCGAGGCGCGCGTCGTCGTGCTCGAGAAGGAGCGCTTTCCACGCTGGCGCATCGGCGAGTCGACGATCCCCGCCGCGAACGGCGTGTTCAAGGATCTCGGCGTGTACGACACGCTGCTCGCGTCGCCCTTCGTGAAGAAGATGGGCGTGACGTTCGTGTGGGGCCGCGATCGTCAGCCGTGGAACGCGGACTACCTCACGCTGCGCACCACGACGAAGCACGAAGGCGCGGAGATCATCGAGGTCACGGGGCAGGACTTCGAGGCGCTGCTCGGCGACGGCAACAAGCGCGACACGCCGTACTCCGCGTTCAACGTCGAGCGCTCGAAGTTCGACGACATCCTGCTGCGCAACGCGGAGCGACTCGGCGTCGAGGTGCGCGAGGGCACGCGCGCGACCGCGGTGACGCGCGTCGACGGAACGAGCGCGCACGTGATCGCGTGGGAGGACGATCAGGGCGCGCGGGGCACGATCCGCACCGAGTTCGTGATGGACGCGAGCGGGCTCTCGAGCCTGCTGACGCGCGGCCAGCGAGTTCATGACGAGTCGCTCAACAACTTCGCGGTCTACGGATATCTGCGCAACGCGGAGTGGAAGGTCACGTACAGCGGCACGAAGGATCGCTCGACGGTCTTCATCGCTGCGGTCGAGAAGGGATGGATCTGGTACTTCCCGCTCGGCGAGGACCTGATGACGGTCGGCGCGGTGACCAACACGCGCCACTTCAAGGATCGCTTGAAGGACGTCGATCTCGAGACGTTCTTCTGGGAGATGCTGCGCTCGTGCCCCGAGGTCGCGGGGCTCGTCGAGAGCGCGACGCTCCGCGACGACATCCTTCCGGGCAACGCGCGCGTCGGTGCCTGCCGCGACTGGTCCTCGTGGGCGCGCGAGCCGATCGGCGAGGGCTGGGCCGCGGCGGGGGATGCGGCGATGTTCGTCGATCCGATCCTCTCGACCGGCGTGACGCTCGCGCTGCAGACCGGACATCGCGCGGCGTACACGTGGCTCACCGC
NZ_CP070225.1_gap33	1588114	1592995	4881	TCATCTGCTGCGCGATCTCGCGAAGCAGGAGCGCGACGCGGGCGTCGTCGCGGTGCCCGTGGGCGGCGAGCGCGACGAGCCCTACGGCTTCGACTACTCGCCCTTCGACGAGGTGACCGACTTCCTCGAGGAGGTCGGCAACTGGTTCCCGTCGCTCGAGGAGCGCGCCGATCAATGGCGTCGCGATCACGGCCTCGCGGAGGTGGAGCGCGTCACCGCCGACGCGCTCACGCGCGCGCTGCGCGAGCAGGACGTGCACGTGCAGCTCGTGCGCGGCGAGACGAGCTCGGTCATCCGCCGTCTCGATCGCGAGGGCGGCGTGCTGCGCATCTCGCGCGACGTGCCCGAGCACCGTCGTCTCTTCCAGCTCGCGCACGCGATCGGCCTGCGCCTGCTCGACGACGAGAAGCTGCACGAGCCGATCATCGCGGAGACCAGCGCGGGCCACTCGCAGACCGCGCGCCTGCTGAAGATCCACCTCGCGAACTACTTCGCGGGCGCGGTGCTGCTCCCGTACGAGACGTTCTTCCGCGAGGCGCAGCGACTGCGCTACGACGTCGAGCGTCTCGCGCACGTGTTCGACGCGTCGTACGAGACCGTCGCGCACCGGCTCTGCAACCTGAGCGATCCCAAGCGACGCGCGGTGCCGTTCCACTTCCAGCGCGTCGACGTCGCGGGGAACATCTCGAAGAGGTACAGCGCGACCGGCCTTAAATTCCCGCACGGCACGGGCAGCTGTCCGAAGTGGATCGTCCACACCGCGTTCCTCACGCCGCACGCGATCGCGAAGCAGTACTCGCTCTTCCCCGACGGCTCGATCTACTTCTGCTTCGCGAAGGTGATCGCGGAGCCGATCGGCGGATCGCTCGCGAAGGGCACGTGTTACGCGATCGGCCTCGGCACCCACGCCGACAACGCGAAGCACCTCGCGTACGCCGACGAGATGCCCTTCGTCGATCCGCAGAAGATGGTCGTGCCGGTGGGCACGACGTGCCGCTTCTGCGAGCGCACCGACTGCAACCAGCGCGCAGCGCCGAGCTACAAGTTCGCGTTCCGCGTCGACGAGTACATCAAGAAGGACAACTTCTTCTCGCCCTTGGTCGTCGAGGACGAGCTCACGCCCGCGCAGGGCGAGCCCGAGCCCGACGTGGCGCTCGCAAAGCTGCGAAGAAGGCGTTGAGCAACGGCGCGCGTCGAGCGTCGATGTGGCGGCTTTCACTCGGGAGGGAGACCGTGAGACCAGTCATTCTGTTGTCGTCGTGTGTGCTCGTCGCGATGCTCTCCGGATGCGAGCGCGATCTCGCATGCGGCACCGACCTCCGATACGACCGCGGGCGTCACCGGTGCATCTGCCCCAACGGCGGCGAGTGGCGCGCCGAAGATCGAACGTGCGTGTTGCCCGACGGATCGGTGACGCCGCTCGACGACGCGGGCATGGGTGACGGCGGGATGCCCTGCGAGCCGCAGGTCTTCCATCGCGACGCCGACGGCGACGGATTCGGCGATCCGACGCAGACGACGCAGGCGTGCGAGAGGCCGAGCGGATACGTCGACGACGCGAGCGATTGCGACGATGCATGCGAGTCGTGCCGACCCGGCGGCAGCGAGGTCTGCGACGCCGAAGCGCGCGACGAGGACTGCGAGGGCGGCTCGAACGAGGGCTGTGCGTGCACCGGCACCGGCACACGAGCGTGCTCGGGAGGAACGGAAGAGGGCGAGTGCACCGCAGGCACGCAGTCGTGCGTCGACGGCGTGTTGAGCGAGTGCGTGGGCGCAGTCGGACCCGTCGCCGAGGTGTGCAACGGTCGCGACGACGATTGCGATTCGGCGATCGATGGGCCGATTGCCACGCTCGCATGCGGCAGCGCGACGCGGGCGAGCGCCGTGGGGTGCAGCGCCGGCGAGTGCAGAGTGACCGCGTGCACGACTGGCTATCGAGACTGCAACGAGCAGTTCGAGGACGGATGCGAGGTGCAACTCGGGACGGCGAGCGACTGCCTCTCTTGCGGAGATTCGTGCGCGTTCAGCTGCAACGACGAAGGTTGTGACGACGTCGTGCAGGTCGCGACGGGCGCGTTTCATACGTGTGCTCTCCGAGCGGGCGGCAGCATCGTCTGCTGGGGCTCGAACGATCGCGGCCAATTGGGCGACGGCACGACGGCTGCGCGGAGCACGATTCAACCCGTCGTCGGCATCACCAACGCGCGATCCGTGGCGGCCGGCACGTACCACACGTGCGCCGGGCTGGCTGACGGTACGGTGCGTTGCTGGGGATGGAATGGTTGGGGGCAAATTGGTGATGCGACGACGCAAGATCGCCCCCTCCCGACCAGCGTTGCCGGGCTGACTGATGTAGCGACGGTCACGGCAGGCGGACACCATGCATGCGCGCTCGGAAACGACCGGCGTGTGCGGTGTTGGGGCGCTGGTAACGGTGGGGATGGCTCGACCGCGGAACGTCAGACCCGACCGGTGCTCGCGGCGGGACTCGCGGATGTCGTGAGCGTTTCGGCAGGCGGCGGGTACACGTGCGCCGCGCGCGGTGCCGAACACTCGGCGTGGTGCTGGGGAGGCAACATCTACGGACAGCTCGGTGATGGCACGCAGACGAGCCGCGCCACGCCGACGCGGGTCAGTGGGCTCACGAACGTCGCCCGAGTTCATGCTGGCGACCGCCACGCGTGTGCGGTGCGGACGGATGGAACTGTCGCGTGCTGGGGGGACAATGCGTGGTCGCAGCTCGGTGACCGCACCACCACGACGCGCCTGACCGCCGTCGCGGTGCTCGGCGTCAGCGACGCCGCCGACTTGGCGCTCGGATACGGACACACGTGCGCTCGTCTCGGCAGTGGTGTCGTGACGTGCTGGGGGCGTAACGCGCACGGCCAGCTGGGTGACGGGACCACGGCGCCTCGCGCGACGCCTGCGGTGATCGATGGCCTCGATGGAGTCGTGTCGCTCAGCGCAGACCACTATGGGTTCGTCGATATCTACGGGGGCGTGGGCGATGACAACCAAGTCTGCGCGGTGACGAACGGTGGGCTCCGATGCTGGGGTTCGAACCTCGTCGGCAAGATCGGAGGCGGAACGACGGCGGACAGGCCGAGCCCGGTCACAATCGTGGTGCGCTGAGCTCATCTCGCCCGCTGAGCGGCCATCGGCCAAAAGACGGAAGGCCCGCGATGCATCGCATCGCGGGCCTTCTCGTTCGTCATCGCGCGCTCAGCGCGCGGCGGTTGTCACGGCGTGTAGTTGTCGACCCACGGAACGACCGTCGGGCCGCGCGGGTGCTGGCAGACGTGGGCGACGGGGTTGCAGCCCTGGCCTGCGGGAAGCGCCGCAGTGCAGTCGGCGTCCGTCGCGCAGGTAGTCGTGGCGGCGGGCGTGAACGTCACGTCACCCACCGCGAAGATCGAGACGATCTCGCCGTCGTCGAAGGTCGCGCCCGCCGAGATGTTCCCGGGGATGTTGGGCGTTCCCGCGGGCGGCACCGGCAGCGGGACGGGGATGCGGATCACGCCGGGAGAGAGCGGGTTCGCAGTCGCGCAATCCGTCGCGCCCGCGGCCCGCGGGAAGACCGCGATCAGACCGCCCGTGATCGGCGTCCGGCTCACGTAGTCGATCGTGCGCACCATCGCGACGGGCGGATCCGAGAGCGCCGCACCGATGTAGCTCTGGTTCGCGAACAGCGAGACGGCCTCCATCGGGCCGGGCGTCGGAACTCCCCCGGGGAACGTGTAGTCGGGGTCGTAACAGACGTCGACGGGCACCGGGATGTTCGGGATCGCGTGGACGAGACGCACGCGCGTCTGGCCGTCGGCCGGCTCGGTGCGATCGTCTTCGATGATCACGAACTGCGGTGCTTGCGCACCCGAACCGGCGAGGAGGCCGGTCGCGGCGATCGTGTAGTAGTTGCCCGGCATCAGGTCGGTCGTATCGACGCCGATCGAGAAGAGCGCCGTATCGGTCGCCGGGCAGGTGCTGCCCGCGAACACCGGGTACACGTGCACCGTGTACTCGAGGGGCAGAAGGTTCAGCGGCGCCGTGCTGATGTAGTCGGACACCCCGCGGTAGGGGATCGGGAACGGCGTCGGCGTGCCGCTCACGACGCGCTGGGTGAGCAGCGACTGCGCGCCACCAGTCGGCGCCTCGAGGCAGACGTGAACGAAGCCGTTCGGGTTCTCCGCGGTCACCGCGTCCGAGATGAGATGCGCGAGTCGGATCGACGCCGCCGGAAGGCCCGCATCGCTGCCCGAGTCGACGGTGTCGCCGCCGCCGTCGGTGCCCGAGTCCATGTCACCGGTCGTTCCTGAATCACGGCCGGCATCGGCGCGGCCCGCATCGGTGCCGCCGCCGTCATCATCGTCTCCGCAGGCTGCGGTCATTCCGCCCAGGGCGAGCAGCGCCGCACAGATCGCGACCCTCTTCGTGGTTCCGATCATTCCATTCCTCCTGAAGTTACGCCGGGCCGGTCTCACCCCTCGGTTCGCCGCAGAAGCGAGGCGAGCCGTCGGCCGATCCAAGCGTGGTGCGCCCCCACGCGCGCACTCCGTGAGCTTACACCAACCCGATCGGGGAGTGACAAGACCCTGACGAGTAATCCAACGTCGCTGGATCCATCGGGCTCGTTGGAATCGTGGCCGCGCCCGCTATAGAGTGCGCGCGACATGAGCGTCGCTCCCAAGGTCTGCACGGCCTGCGGGCACACGATCTCGTCGGACGCGCGGTTCTGTGGACGTTGCGGCGCACCGGTGACCCCCGAGGCCCCTGCGCCGATCGCTGCGCCCCCGCCCGCACGTGCGGGTCACGGGACGATGATCGGCGCGTCGCTCGACGACCTGCCTGGTGCGCCTCCGAAGGAGCACGCGCGCACGTTGATCG
NZ_CP070225.1_gap34	1786970	1791411	4441	TCTGCAGAACACCGACTGCGCGGAGAACTCGCTCGACGCGCTCCACCTCGCCGCCACGACGTGCCCGTGGCGCGCCGGCGCGACGCGGGTGATCGTGCACGTCACCGACGACACGTTCGCGGAGCGACCGCAGGTGCTGAGCGAGAGCGTCGCGGTGGAGCACACGTACGCCGAGGTCGCGAGCGAGCTCGTCTCGCGCGAGCTGCGCGTCGGCGCGTTCGCGGTGCCGGGCGTGGGCGAGCCGTGCGGCGCGGGCTCGAGCCCCGACGTGGGCCGCGGGTTCCACGCGCCCTTCGGATCGATGCCGTCGCTGCCGATGCAGACGCGCGGTCGCGCCTACGACCTGCGCGCGGTGCGGAGCGGCACGCTCGACATGGCCGCGTCGATCACCGAGCTGCTCGCCGACGAGTACTGCACGCTGTTCTGACGGCTGCGCGAGATCTCGAGCAGCGCGGCGAGGATTTGATCCGCGCTGCAGGGCTTCTGCAGGATGCTCGCGAAGAGCGCGCGATCGGCGCTCGCGAGCGAGCTCAGATCGCCGGTGTGGAGCAGGAACGGCGGCGCGTCGTCGCCCGCGATCGAGCGCACGCGACGGCACAGCTCGACGCCGTCGATCCCGGGCATGAGCAGGTCCGTGATCACCGCGTCGACGCCCTCGTCGCACACGAACTGCAGCGCGGCCTCGGGCGACGTGAAGCTGCGGATCTCGAAGCCCAGCCCCCCGAGCAGCGCGAGCATCGCGCGCAACACGCGTGCGTCGTCGTCCACCAGCGCGAGCCGCGCCGGTCCCTCCCCAGTCCCGTTCATCCTCGAGGCCCCTCCCGTGCGGGCGCACCATCGACCCCGCCGCACTGCGTCACAAGGGTCGCGGCGTGACGGACCACGAAAGAATGCACGGCTGGGGCGTTGTGGAACGAAACGTGGCGTTTACGTCCATCCAGCGTGGAACGACGGGAGCTCGACGGTCTGACCGTCCTGGTGATCGACGATCACCTGGACAGCCTCGAGATCGCCGAGATCGTCCTGGAGCGCGCGGGCGCGCGGGTGCTCGCAGCGCCGAGCGCCGAGGCCGGGCTGCGCTTCCTCGATACACAGTCGATCGACGTGCTCGTCTGCGATCTGTCGATGCCACGCGTGGACGGGTTCGACGTCGTGCGCGCGGTGCGCGCGCGCAAGGACGACAAGCGCTCGTTGCCAGCGATCGCGGTGTCGGGCAGCGGCGCGCACGACGCGGGTCGGGCGATCACGGCGGGGTTCGACGCGCACGCGACGAAGCCGATCGCGCCCGAGGCGCTGGTGGCGCACGTTCGTCGGCTGGCGGATCGACCGGCTGCCTGACTGAGGATCTCCGCGCGGGGAGAGGCTTCGGTGGGGGGCGCGGGGAGGGGGTCCGTGCTCGGACAATCCTCGCGATCCGACCTGCTTCTGTCTCGGTGATCGATGGCCGGGGCTCTCGTCGGCGCGGGGCGCCTTCGGCGCTTCGCGCTGACTCGCATTCGGGGCGCTCGCGGAGGCTGGATGGCGCTGCGGAACTGCGCGCGGACCCCTCCCCGCGCCCCGGCTGGTAAGGCCTCGGCCACGCGCGAAGGTGGGCGCCGCTCGGTGTGTTGGAGGGGGGACGCGTTCTCGCGCGAGTCCGCTTCGCGTTCTCGCGCGAGCACGCGGACCGGCTCGCCCTTCGGGCATCGCGGCCGAATGGGGACGGGCTCGCCCTTCGGGCATCGCGGTCGATCGGGCGTGTGGATCGATGCGGCCAACGGGTGAAGGCGCGGCCTCCGTGACGGCCGATGGTCCGGCTGGCTCTTCGGCATCGCGGCCGAGCGACGAGGGGTGGACACTCCTGCTCTCCTTCGAAATTCCGCCTCTACGCCCCTCACCGCGCGTCCCTTGCGCGCTCTCCCTCCGCGTCGAAGGTTGGTGCCGTCGCCGTCCTTCTCGGGCGACGGATTGGAGCGAGTCTCGCGCGTGCTCTCGAAGGTGCCTCCCACGCCCGTCCTCGAGCGCCGCATCGGAGATCTCGTGAAGCGTCGCTATCGCCTGAGCGCGCTGATCGGCGCGGGCGGGCAGGGCGCCGTCTATCGCGCGACCGATCTCTTCGAGGGCGACGAGGTCGCCGTGAAGGTGCTGCACGAGGAGAGCGAGCGAGATCCCGTCGCGCGCGAGCGGCTCCTCCGCGAGGCCGAAGCGCTGATGGTCACGCGCGGGACCGCCGCGGTGCAGGTGCTCGACCAGGGCTTCACCACCGATGGGCGGCTCTGCCTGGTCACCGAGCTGCTCGAGGGCTGCGACCTCGAGGACTCGCTCCACCGCATCGAGGAGCAGGGGCGCTCGTTCCCGGCGAGCGATCTCGTCTGGCTCTTCGAGCCGCTGGTGACGACGCTCGAGCGCGCGCACGCCGCGCACATCGTGCATCGCGATCTGAAGCCGGCGAACGTGTTCCTCGACGAGCGGGACGGACACATCCGCGTGCGGCTGATGGACTTCGGGTTCGCGAAGTTCCAGCGCCTCAAGCGGCTCACGCTCGATGGCTTCGTCGCGGGCTCGCCGAGCTACATCGCGCCCGAGACGTGGCTCGAGCGCACGCCCGCGCCGAGCGTCGACGTCTACGCGCTCGGCGCGCTCATGTACCGCACGCTCGCGGGCGAGCCACCGTTCTCCGGCGAGGGGCTCATGGCCGTCGTGCGCGCCGCGACGAGCGCGCCGCGGCCGAGCCTGCACGCGCTGCGTCCCGATCTCCCGCGCGACGTCGACGCCTGGGTGCAGCAAGCGCTCGCCATCTCGCCCGAGGAGCGGTTCCAGACGCCGCGCGCCGCGTTCTTCGCGCTCTGCACGGCGCTCGGTCTCGAGCCCTGAGTGAGTGCGCCGAGAAGCCGAGCCCGGTGAGGTCGTCCCGGCTCGGAAAGGCGCCTATCTGGCCGGCGTGAGCGACGCGGCAGCCCCCCCGACGCTCGAGTCGACGACCGGACGCCCCGGCTGGATCGCTCGGGTGCGCGCGGCGGTGACCGACCGCGACGCGCTCAGGGCCTGGAGCGTGGTCGCCAACGACGGCATCGTGGCCACCGCCGGCATCCTCGAGGGGTTCGCCGGAGCGGGGGCCAGCGGCGCGACGCTGGTCACCGCAGCCACCTCGGCGACCATCGCGGGGATGCTCAGCGCCGGTGGCTCCGAGTGGGCCGAGGCGGCCGCGGAGCGCGAGGCGCATCTCAGCGCCGCCGAGGAAGAGGCGGCCGAGCTCGCCCGCCAGCCTGACGTCGAGCTCGCCGAGCTCGTCGCCTACTACCAGCGCAAGGGCCTCGGTCCCGAGCTCGCGCAGGAGGTCGCCGGCCAGCTGATGGCGCGCGACGCGCTCGACGCCCAACTGGAGAGCGAACACGGCATCCTCGAGGTCAAGTCCCGCGCCGACGTCTTGCGTGCAGGGGTCGGGTCGGCGGTCGCGTACGGACTCGGCGCGGCGATCCCGCTCGTCATCACGCTCACGGTGCCGGTCGCGATCGAGGCCTGGGCGATCCTCCTCGCCGCGCTCGTGTCGCTCACCCTGACGTCGGTCGTCGGCGCGCACCGGGCGCATGAACCTGCGGCGCACGCTCGCGCGGACGCTGGTCGTCGGCGTCTCGACGATGGGCGTCACCTACCTCGTCGGCAGGCTCGTCTTCTGACCGCCGCCGGGCAGAGCCGGGTGCGAAATCCCAGGAGGACTAGGAGCGCGCCCAGGAGGGCTCGAACCTCCGACCGTCGGCTTAGAAGGCCGCTGCTCTATCCAGCTGAGCTATGGGCGCTCTGGTCTCTCTCTACCGCGTGGTCTACCGGGTCGCGAGTTCTCGATTCCGGTTCGGCGCCGCGCGGCACCATTCCGGAGGACTCGGGGTGGAGGGATTCGAACCCCCGACGACGAGCACCCAAAGCTCGTGCACTACCAGGCTGTGCGACACCCCGGAATGGTCGCGGAGGATAGCCGCTCCCATGGATCTTGTCGCGTGCAACGAACGGCGATTCCAACGTTCATCGACGTGCTCCGAGGTAGGCCGCGAGGCGCTCGCGCATCGCCGCACACGCGCGTCCACGATGGCTGATCGCGTCCTTCGCCGCCGCCGAGATCTCGCCCATCGTGCCGTCCTCGCCCTCGGGCAGGAAGACCGGGTCGTAGCCGAAGCCACCCGTGCCTCTCGGCTCACGCGTGATGCGACCCTCGCAGCGACCTTCGATGAGCTCGACGCGCTCACCGAGCGCCCCGCGCGGATCGGCGAGGGCGAGCACACAGCGGAATCGCGCGGTGCGGCGCTCGTCGGGCACGTCCGCGAGGGCTGCGAGCAGCTTGCGCACGTTCGCCTCGGAGCCACCGCCGCCCGCGTAGCGCGCGGAGATCACGCCGGGCGCGCCATCGAGCGCGTCGACCTCGAGCCCGCTGTCGTCGGCGATCGTCATCAGGCCCGACGCCTCGGCC
NZ_CP070225.1_gap35	1793505	1797550	4045	GCACCTCGCGATCGCGCGCCGCGATCGCATCGACCATGCGCTCGAATTCCTGGGCGAGACGGCCGATCTCGTCGTCTCGACCGGTCTCGAGGCGCGTCGAGAGATCACCGCGCGCGACCGCCACGACGCGCGACTGCAGCTTCGGCAGCGGCGCGAGCAGGCGCTGCGACCACCACGTGACGCCGAGCCCCGCGAGCAGCGCGAGCAGCGCGAGCACGGCGATCTCGATCACCGAGCGACGCTCCTGCTCCGCGGCGCTGCGGCTCGTCTCCTCGAAGCGCGACTCGACGCGGTTGCGCGTGACGAGCAGCTGCCGCGCGATCTGCGCCTCGCGACGCACGATCTCGGCATGCAGCTCGACGGCGCGCGCGCGATCGTCGCGATCGAGCGCCGCGAAGAATTCGCCGTAGAGCGAGTCCGTGCGCTCGTAGGCCTGCTGGATCTGCGCGAGCGTCTCGCGCACCGATGCGAGCGTCGCGCGATCGGGCTCCGGCCCTTCGAGGCGCTCGACGCGCTCGACCGCGGTGAGCGCTTGCGAGAGACGGCGCGGCCCGACCTGACGCGCCGCGCTGATCCAGCTGCGCGTGCGTCGCGACTCGCGCTCGTCGAGCACGTACTCGAGCATGTTGTTGACGACCGCGCCGTTCGCCTGCGCCTCGGCGATGCGCATGACGAGCGGGACGTAGGCCTCGTGCAAGAGGCGCAGGTTCTCGGACGTGCGCTGGTGCTGCACCAGGCTCGTGCCCGAGACGATCCCGAACGCGACCAGCACGCTCGCGAAGGCGAGGAAGATCCGAGTCGGGATCGTCAGGCGCGCGCGCTTCATCCGCACCGCCGTTCTAGCCGTAACCGAGGGAGCGTTCACGGGGGGAGCACGGCTGCGGCTTGCGCGGCGAGCGCGGGATCGGCGGCGATCGCCGCGGCGAGCGCCTCGCGCGCGTCGCGGGAACGGCGCAGCGCGACGAGCGCACGGCCCCTCGCGAGGTGCACCGGCCCGGGCGTCTCGACCTGCGCGGCGAGCGCGAGATCGAGCTCGGCGAGCGCCTCGCGCGCCCGCCCCGCGTGGAGCAGCGCTTCGCCGTGGAGCCATCGACCGCGGCCGTTCTCGGGGTCGACGAACACGACGCGCGGCGCGACCGCGAGCAGCACGTCCCACGCGCCCGCCTCGTGGAGGGTCTGCATGAGCGCGGCGAGCGCGCCGCGATCGTGCTGATCGAGCGCGACGATGCGCTCGAGCGCGCGCCTCCGGAGCGTCGCGTCGCTGCTCGACTCCGCGATCTGCGCGAGGCCGTGCCACGCATCGAGGCGCTCGGGATCGATCGCCGCGGCGGCCTCGAGCGCGGTGCGCGCGGCGGTGGTGTCACGGCGAGCGAGCGCCGCTTGCGCGGCGAGCAGGCGCACCTCGTAGCCGTCGTGCCCGCTCGCGATGAGATCGGCGACGTGGGTGTCGACCTCGGTCGCGTCGCGTCGCGCGAGCGAGGCGCGCGCGAGCACGAACCGCGCGATCGGCTGGTGCGGGTCGATGCGGATCGCCTCGATCGCCGACTGCGTGGCGCCCGCCGCGTCGCCGTGGACGACGAGCCCGGCGGCGAGCTCGGCGTGGGTGATCGCATCGCGCGGTGCGCTGCGAGCGCGCGCGCGGAGCGCCTCGACGTCGAGATATCGCCCGAAATCGACGGCGAAGTCGCGCGCACGTGCCGCCAGCCGAGTGCGCTCGTGCACGCGCCAGTCGCGATCGAGATCGTCGATCGACACGCCGAGCGCGCGCTGCACCACGTCGGCGCTGGTGCGTCCCTCGCCCCAGCCGCGCAGCATCGCGACCACGCGATCGAACCCGAAGCGACCGACCATGTATCCGACGAGCCGCGAGCTCGCGTAGTACGCGGTCATCACGTCCTCGGCGCTGCGCGCGTGGGTGAACGCGGAGTTCAGATCGCGCACCGGCGGCAGGCGATCGAGCGCGAGCCAGAGGCGATGATCTTCTTCGCGACGCCACTCGGGGCGCGCCATCACTGTCTCGTGCTCCGCGAGCCCCTCGGTGAACCAGCGCGGCACCCGGTTGCGCGAGAGCTGGATGTGGAAGACGTGCGCGAGCTCGTGGGTGGTGATCTGACCCCAGTCGAACGCACCGCCGCGCGGGCTCAGCGCGGTCACGACCTGGCCGAAGCACACGCCCTGCACGCCCGCGTTGGGCAGGCCCGAGGTGCGCACGCTGAAGTGCTGCGTGCTGGCGAACATCTCGATGTGCACCGGCTGTCGCGGCGTGAACCGATAGCGGCGGCGCATGTCGTCCCAGGCGCCGCGCAGCGTGGTCGTCACCGCGCTTTCGATCAGCGGGCGCTCCTCGCGGTGCATGCGCAGCACGAACGGCCGCGCGTCGAAGCGCTCGTAGTGCGGCGTGATGACGTCGTCCCAGAGGTTCAGCGTGTTGAAGACGCGCGCATCGAAGCGATCACGACGCCACGCCTCGCGCAGCGCGGCGAGGCCGTCTTCTTCCTCGCCCATGCGCAGCAGGTTGAGCCCGAGCGTGGCGTGGGCGCGCGCGTCCTCGGGATCGATGCGCAGCGCGCGCCGCGCGAGCTCGACCACGTCGGGATAACGATGCTCCCAGTCCGCGTGATCGCCGACGATGCTGTAGAGCTCGGCGTAGCGCGGGTTGTGATCGAGGACCGCGCGCACCGCGGCGTCGAACGCGCGCTGGTCGCTCTCGACGAAACGCACCGCGGCGCGCACCGAGAGCGCCTCGAGATCGCTCGGATCGATCGCGAGCGCAGCGTCGAGGTGCGCGTCGGCGCGCGCGATGTCGACGTCGCGCAGCGCCATGCCGGCGCGGGTCACGTGAGCCGCGACGAGGTTCGGATCGACGGCGAGCGCCGCGCTCAGCTCGCGCTCGGCGCCCGCGAAGTCGAACGACTGCTCGAGCACGATGCGCGCGCGGAGCAGGTGCGCGCGCGGGTGGTTCGGGCTCACGCGCAGCGCGTCGCTCACGCACTCGTCGGCGTGGCCGAGATCGAATTTCGAGAGGAAGAGCGTCGCCCACTCGAGCTGGGTCTCGACGCGATCGCGCGCAGCGCGCGCGGCCTCGCGGAACGCGTCGTTCGCGTCGTGCGCGCTGCCGAGCATCGCCGCGGCCATGCCGACGTACGCGAGCCCTTCGCCGTCGCGCGAGGTGATCGTTCCGTCGTTGTACGCGCGCACCAGGCGCATCAGCACCGTGCGCGCTTCGCTCTCGCGCCCGCGCCGCAAGAGCAGCCGTCCGAGCATCACGCGGGCGCGATGCGCGGTGGGCTCGCTCGCGACGTCCTCGAGCGCGCGCTGCGCTTCGTCGAGGCGGCCGCGCGCCATGTGCGCCTCGCCCGCGAGGGTGCGCGCCGTGATGCGCACGCCGGCCGTGCGCGCCGCGCCGTCCGCGACGCGCTGGGCCTCGTCGTGACGACCGGTCTCGAGCAAGAGCCGCGCGAGCACGACTTGCGCCTCGGCGCCCGAGATCGCGCGCAGCGCGGTCTCCGCGGAGCCGTACTCACCGCGATCGAGGGCGCGCACCGCGTCGGCGAGCGGAGTCGCCGGACGTTCCTGGGCCAGGCCGGCCGGCGCGAGAGAGATCGCGAAGAGGACGACGAGGGTCGAGAGCGCGCGCCGCATTCGATCTCACGATCATACGGCCCGTGCGCCGGGTTCGCTCGGCGTCGTGCCTACGCGATCGGTGAGCCTCCACCCAGCGGTCGCGCGGGATTGCCGCCCACCTTCGCGCCTGCGGGCACGTCTCGGATCACCACGCTCCCCGCGGCGATCACCGCCTCGTCCCCGATCGTCACGCCGGGCGCGATCACTGCGGCACCGCCGATCCACACGCGATGACCGATGCGAACCGGCTTCGCGTACTCGACGCCCGAGATGCGCGTCGCCGCATCCAGCGGGTGCGTCGCCGTGTAGAGGTGGACGCCCGGTCCGATCATCACGTCGTCGCCGATGTCGATGCGCGCGCAGTCGAGGAACACGCAGTTCGCGTTCACGTAGAGGCGCGCTCCGGCGTGGATGTGGACGC
NZ_CP070225.1_gap36	1809856	1814141	4285	CCAGCGCCGCGCGCACCGCACTGCGCGAGATCGAAGGCGGCGATGCGTCCCTGCGCGACGAGATCGAGTCCGCGCTCTCGGGATCGCCGACGAAGACGGAAAAGAAAAAGCGCCGCTGAGCCAGCGGCGCCGTCGACATCGTCGATCTCGATCTCAGCCGCCCGAGCGCTTGAGCTCGGTGAGCACGAGCTTTGCGACCGACTTCAGCGTCTCGAACACGCCCACGCCCGTCGCCGCGACCGCCTCGTAGTCCGGCACACCGCCGGGATTGAGCAGCCTGCGCAGCTCGTCGACCGGCGCGACGCTCGGCATGTCGCGCTTGTTGTACTGGACGACGTACGGGAGCTTATCGAGCGAGTAGCCCTGCTCCGCGAGGTTCGTGCGCAGGTTCTCCATCGACTCGAGGTTCGCTTCCATACGCGCGATCTGCGAGTCGGCGACGAACACGACTCCGTCGACACCCTTCAGGATCAACTTCCGGCTCGCGTCGTAGAAGACCTGACCGGGAACCGTGTAGAGGTGGAATCGAGTCTTGAATCCGCGAATCTCACCGAGCGCGAGCGGGAGGAAATCGAAGAACAGAGTCCGCTCGGTCTCCGTGGCGAGGCTGATCATCTTGCCCTTCGCCTCGGGATTCGTCTTGTTGTAGATGTACTGGAGATTCGTGGTCTTTCCGCAGAGACCAGGTCCGTAATAGACGATCTTGCAGTTGATCTCGCGCGACAGGTAGTTGATGAACGACATGAGCTCTGCTCCCTCCGCGCCAATCAGTCGTTGAACAGATTGTCGATGTCGTCGTCGGTGATCTCTGCGAACGGAGTCTCGCGCGACGGATCCTGCACTTTGCGGAGCAGTGCCTCGAAGATGCCGTTGAGCTCTTCGCTCGCCTTCTTCACGCGGAGGCGCACCAGACCGAGGCTCGTCTTGTTGTCGAAGATCACGACCAAGATGACGCGGTTGCCGACGAGCTGGATGTGGATGTTCTGCTTCTCGCCCTCGTGGAACTGAGTCGTGAACTCGTTCTCGCGGAGGAGCTTCGCCATACCGCCCGTCGCGGCGATGTTGCCGGCTGTGAGCGAGGCGAGAGAGGTCGTATCGAGCTGCTCGGTCTCACCGGCCGCCGCGATCAGCTGGCCGTTCTTGTCGATGATGAACACGACGCGGGCGTTCGCTTCCTTCACCAGGCGCGTCACGATCGCCTGGATCTGGTTGAACTCCTCCTCGTACATGACCATCTGCGGGTTCGTCATGAAGAGCTCCTCGGCCGGGCCTCGGTTTCCCGGGGCCGCCAGCGCAGACCCGTAGGTAACAGAGATCGCGAGCGAGCGTAAAGGGCTTCGCGCCCTGGACGAGGACGTGGTCTGTGCCGCTTGCACGCACACTGCACGGGCCCCAAGAACGATCGTGTGGGGCGCCTGATCGTCGACGTCGCGCTCAATCTCCTGCGGCTACCATTCCTGCCGGTCTGGTGGCTGCTCCGGAGGGTGAGGATGCCGCGTGAGCGCTGGGTGCACGTCAAGCTTCGGAGCCGGCTGGTCGAGGTCGATCGCCCGCTGCACGCGCTGGCTCGATTCGTCCCCGGGCTCGCCACGCGCAGACCGACGTCGCTGCTCGCGCTGCGTGAGCTGACCGACCACATCCTGCGCGACTCGAACGTCGAGGGCGTGGTGTTCGAGATCCCCTCGCTGCACGCGGGATGGAGCTCGGTCGACGCGGTGCGGGAGCTCATCCAGAAGCTCTGCGCGGGCGGCAAGAAGGTCGTCGCGTGGTTGCCCGACGGAGGAGGCAACCGCGAGCTCTTCCTTGCGTCCGCGGCGACGCGCGTGCTCACCTCGCCCAACGCGACGCTCGCGCCGCTCGGGATCGCCGCGTCGAGCAGCTACGTGAAGGGCCTGCTCGATCGGTTCGGTGTGCAGGTCGAGGTGCATCGCCGCGCGGAGTTCAAGACCGCGGCCGAGACGGCGGTGAGCGAGACGATGAGCGAGGCGCAGCGCGAGCAGCTCGGCGCGCTCCTCGACACGATCGATCGCGCGCTCGTCTCCGCGCTCGCGTCGCGCACCAAGCTCGGCCCCACGCCCGAGGCCCGCGAGGCGAAGGTGCGCACGCTCTTCGACGACGCGCTGGTGTCGGCGCGCGCCGCGCTCGACGCGGGGCTGATCGACGGGCTCTGCTACGAGGACGGCCTTCCGCAGGCGCTGCTCGAGGGCGAGGGCAAGCCGCCGAAGGTGGTGCGCGCGTCGCGCTACTTCAGCTTCCATCGGTCGCGCTTCTTCCGCCCGGTCGGCCCCCGCCCGTACATCGCGATCGTGCCGGTCCACGGCGCGATCACGTCGGGCGGCGGAGGTCCCGCGGTGGGCGGACCGCCGGCGACGCAGGAGGCGGTGATCGGCGCGATCCGCATGGTCGGTCGCGATCCCCGATGCCTCGGCGCGGTGCTCCACGTGAACTCGCCGGGCGGCTCGGCGCACGCGAGCGATCTGATCCACCGCGAGGTCGAGCTGCTGCGCGAGAAGAAGCCGGTGATCGCGTGCTTCGGCGAGGTCGCGGCGAGCGGCGGCTACTACATCGCGGCGCCCGCGCACGCGATCATCGCGCAGCCGCTGGCGATCACCGGATCGATCGGTGTCGTCTCGGCGCGCCTCGTCGCGCGCGATCTGCTCGAGGGCATGGGCGTGCACACCGAGGTCGTGCGGCGCGCGCCCCACGCCGATCTGCTCGCGAACCCGCGTCCGATGGACGCCGACGAGCACGCGATCTTCGAGCGCGAGATCGACAACTTCTACCGGACGTTCGTCGGCATCGTCGCGAAGGGGCGCAACAAGTCGGACGCCGACGTGGAGCCGCTCGCGCGCGGCCGCGTGTGGTCGGGCGCCGACGCGCATGCACGCGGGCTCGTCGACAAGCTCGGCGGGCTCGACGTCGCGATCGACGAGGTCCGCTCCCGCATCACGTTCCTGCCGAGCGCGCTGCGCGGGATCATCGAGCCGCGCGTGGTGTGGCCGCGCCCCGGCGATGCGCCCCCGATCCCGCTCGCGGCCGCGAGCACGATGCTCGGGGGTCACGCGGGCACGCTGCTCGATCGGCTCGATCCCTCGGTCGCCGAGATCCTGTCGCTCGTGAGCGGGCGCGATCGCGTGCTCTTCTACGCGACGGGCCTCCCGCGCATCGATTGACGCCCGGCGTTGCGTCGCTCCGCGCCCGTCGTCTATCGTCGGCGCGGAGGAAGAAGAATGCTTCGCTCGTCCCTGATCGTCGGTCTCTCGGTCTCGCTCGCGATCGCAGCGGCAGGCTGCGGCGGCGGTGGTCGCCGCGCGAACGTGTCGCCGGGACCGATGCCGGAAGGCGGCACCTTCACCGGGATCTGGCACTCGCCGCAGTACGGCGAGATGCACTTCTCGCAGACCGGCACGCAGGTGGTCGGCTGCTACACGAAGGACGAGCGCCGCGGGCGCGTCCAGGGAACGGTGCAGGGCAACCTGATGCGCTTCGAGTGGTCGGAGCGCCGAGAGCTCGTCTCGGGCCGTCCGGTCACGACGCGCGGCCACGGCTACTTCCAGTACCGCCTCGGCGACGACGGCGACTCGTACGCGACGGGCGAGTGGGGCCACGACGACGACGAGACCGGCGGCGGTCAGTGGAACGCCGTGCGCGATCGCCGTCGCACGCGCCGCCCCGACCCCGACACCTGCGGCGCTGCGACGACCGGCGACGAGGAGCCGCAGGGCGACTCGTTCGACTCGAGCGGCGGCGGCGACTCGTTCGACTCGGGCGCGAGCTCGAGCGACAGCAGCGGCGGCGACGATCTCGGCGGGCTGTGATCTCCGAGGGGGCGCCGCCCCCTCTCATTCCGCCGGCGCGCGACCGCGTCCCGCGACGATCAGCCACGCGAAGAGCGCGATGCCCACGACCGCTGCGAACACCAGCTTCGCGACGTAGGGCATCGCCGGCTCGTGCATCTGGCTGATCGTCCCTTCGATCACGCCGGCGAGCACGAGGATCGGCATCCCGCCGATCACGAGGCGCGCAGCGCGACGGGCCTCGGCGCGCAGCGCGTCGCCGCGCGCACGACGTCCCGGTAGCACCACGCCGCGCGCGATCACGAGCCCCGCGGCGCCCGCGATCACGATCTGCGTGAGCTCCGGGATGCCGTGCGGGAGGATCCACGCCCAGAAGAAGAGCCCGTGCCCCGCGAGGTGGTACTGCACCGCGAGCGCGCCCAGCGGGATGCCGTTGCTCACGAGCACCGCCGCGGTGCCCACGCCGAGCGTGATGCCGAGGGCGAACA
NZ_CP070225.1_gap37	1827245	1832080	4835	GACCCCGTCGTCGCGGATCTGCCGGCGGGCGACCCGGTGCCGATCGATCTCTCGCATCGTGGCTCGGCGCGCTCGCGCGCGGATCTGACGTGCGAGCTGACTGCGCCGGAGGACGAGGTCGACGCGTTCTTCGCGACGCGCACGCGCGTGTACGTGGTCGCGGTCGGGCGCGAGGATGCCGGCGAAGAGGGCGTGTTCGGCGTGTACGACGAGGAGACCGGGTGCGCCGCGGAGTGCCTCGTGGTCTGCGAGGATCGGTGGATCTGCTCGACGCTGCAGTGCGGTGAGCGCGACGCGCCGGACGGCGATCCCGACCAGATGAACGACGAGCTCGAGGACAACGGGTTCCCCGTGCCGGGGCGCGAGCCGCGCGGAGACGAGCCGCGCGAGCCCGGCGGCGGCGGCGACGGGCCGTTCGATCCGCCGGACCCGGGCCCGATGCCGCCGGGGATCTGAGCGGCTCGAGACCGTCGAAGATCGGCTCGCCCGCGGGTCGAGGACTCCTGCAAGCGCCTAACGCGCGTCGCCGCGCAGGGTCTGCACCGCGTGCTGCAGGCGCTCCGCGGTCGCGTCGCCGGGCGCGATCGCGTCGCCGATCTCGAGCTCGATCTTCGAGCGGAAGCGGCGTGGACGCTTCGCCATCGCCGGCCCACCGCGGCGGCTGAACCAGCTGCCCCAGAGGCCCTTGAGCGCCATCGGGTACACCGGCACCGGGACGCTCGCGACGATCCGCTCGACGCCCGGGCGGAACGGCGCGATCTCGCCGGTGTACGTGAGCGCGCCCTCGGGGAAGATGCAGACGAGCTCGCCCTCGGCGAGCGCACGATCGATCTCCGCGAACGCCTTCTCGACGAGCTCGGGCTTCTCCTTGCGGCCCGCGATCGGGATCGCGCGCGCGATGCCGAACATCCACTTGAGCAGGGGGATCTCGAAGATCTTCCACCACATCACGAAGCGGATCGGGCGCGACGACGCGGCCGCGAGGATCAGCGCGTCGACGTACGCGACGTGGTTGCACACGAGCAGCGCCGGGCCCTCGCTCGGGATCTTCTCGATGCCCTTCACGCGCAGCCGATACATCGTGTGCATCAGCAGCCACACGAGGAACCGGAAGAGGAACTCGGGGAGCAGCGTGTAGATGTAGAGCGCGACCAGCGCGTTCATCACGCCGGCGGCGAGGAAGAGCTGCGGGATCGTGAGCCCGAGGCCGAGCAGCACGATCGCGACGCCCGCCGCGCCGACGATGAAGATGGCGTTGACGATGTTGTTCGCGGCGATGATGCGCGACCGCTTCGTCGGGTCGCTGCGGTGCTGGATCATCGCGTTGAGCGGCACGCTGTAGAAGCCGCCGAACACGCCGAGCAGCGCGAGGTCCATGAGGATGCGCCAGTTGCTCGAGTCGGCGAGCACGGCGAACGGCCCTTCGACGACGGCGGGCGCGACGTGCCACTCGCTCGCGAGGAAGAGATCGATCGCGAAGAACGTGATGCCGATCGATCCGAAGGGGACGAGGCCGAGCTCGATCACGCGTCCGCTGAGGCGCTCGCAGAGCAGCGAGCCGATGCCGACGCCGAGCGAGAACACGATGAGCAGCAGCGTGACGACCTCGGGCGATCCGTGGAGCACGTCCTCGACGAAGCCGGGGAGCTGCGCGAGAAAGAGCGCGCCGACGAACCAGAACCACGAGTTGCCGAGCACCGAGAGCCAGACCGCGCGGTTCTCGCGCGCGTACCCGATGACGCGCCACGTCTGGACGAAGACGTTCGGATCGATGTGCAAGCTCGGCATCGCCGAGGGGACCTGCGGCACGCCGCGGCTCGCGACGTAGCCCGCGATCGCGACGACGACGATCGTGATCGCGACTGCATGCACGCCCCAGCCCTGCTGCGCGACGAGCACACCGCCGAGCATCGTGCCGCCGAGGATCGCGACGTACGTGCCCATCTCGACGAGGCCGTTGCCGCCGACGAGCTCGTCCTCGCGCAGCACGGAGGGCAGGATCGCGAACTTCACCGGGCCGAAGATCGCGGCCTGCAGCCCGAGCATGAAGAGCAGGGCGAGCAGGAGGATCGCGCTGCCCGAGAAGAGCGCGAACGCGGCGACGAGCATCACCGCGATCTCCATGAGCTTCGTCCAGCGCACGAGGCGCGACTTCTCCATCTTCTCGGCGAGCTGTCCGGCGGTCGCGGAGAAGATGAAGAAGGGCAGGATGAGCAGACCGCTCGCGAGGTTCACGAGCGCGTCGCGCGAGAGCGAGACGTCGCTCGGTGGCGTGAGCGTGAAGAGGATGACGAGCGCGTTCTTGAAGACGTTGTCGTTGAACGCGCCGAGGAACTGGGTCCAGAAGAACGGGGCGAAGCGCGTCTCGGCGAGCAGGCGGGACTGGCTCATCGTTCACCGTCCAGGGCGGAGTCGAGAGAGAGGACTGCCGCTCGCGAGCCGCGTTGCTCGCGTCACTTCGGCGCCATGCGCAGCGCGCCGTCGATGCGGATGACGGTGCCGTTGAGGTACGCGTTGTCGACGATGCTCAGCGCGAGGCGCGCGTACTCGGTCGGGTCGCCGAGGCGCGACGGGTTGGGGATCGCGGCGGCCAGCGACTTGCGCGCTTCTTCGGGCAGCGCCGCGAGCATCGGCGTGTCGAAGGTGCCGGGCGCGATCGTCATCACGCGCACGCCGACCTTCGCGAGGTCGCGCGCGGCGGGCAGCGTCATCGCGACGACCGCGCCCTTGCTCGCGCTGTACGCGACCTGACCGATCTGACCTTCGAACGCAGCGACCGACGCGGTGCCGATGATCACGCCGCGCTGTCCGTCGGCGAGCGGCGGGGCCTTCGCCATCGCGGCGGCGGCGAGGCGCAGCACGTTGAACGTGCCGACGAGGTTCACGTCGATGACCTTGCGGAAGAGCTCGAGGTCGTGCGGCTTGCCGTCCTTGTCGACGGTGCGCGCGGCCCAGCCGACGCCCGCGCACGCGACCGCGACGCGCAGCGGCCCGCGCGATGCGGCGTCGTCGATCACCGCGCTCATCGCCGCGCCGTCGGCGACGTCGGCGGGTGCGGCGAACGCGCGATCACCGCCGATCGCCGCCGCGAGCGCCTTCGCGCGATCGGCATCGCGATCGACGATTGCGACGTTCGCGCCGCGCGCTGCGAGCGCCTCCACCGTGGCGCGTCCGAGCCCCGACGCGCCGCCCGTGACCAGTGCGACCGATCCGTGCAGATCCATGCGCGCGATCTAACCCGACCGAGCGTCGCGGCGGAAGCGCGCTCCCGAATCAGTACGGGCTGTCGCGGTAGCCTTCGACGCGGGTGTCGCCGCCGCTCTCGTCGCCGCCGCCACCCCCACCGCCGCCGCCACCGCCGCCTCCCGGGCGACGGATGAGCGTGAGGCGCGCCTCGACCTCCATCGAGGCGCCGTGGACGGTCTCGGTGACCGTCGTCGGGCGGAAGCCCGGGCGCGAGAACGTCAGCTCGAGCTCGCGGCCCTCGGTCGCGAGCTCACCGACGAGCTCGACCTGCGCGGGCGTCGGGCCGTACGCGCGTCCCGCGATCTCCACCGTCGCGCCGGGCGGAGTCGAGCGCAGCGACACCATCAGCGTGCGCACCGGCTCCGTCGGCTGCGGCGCGGTGCCCGTCGTGTCCGGCGTCGGCATCACGGCCCCGAGCGCGTCGGTCGGCGAGGTCGTGGGGTCGTGCGGCGGCGACGCGGTGGACGGCGTCGGCAGCACGGTCGTCTCGGCGGCCTCGGCGCCGCCGACCATGCCGGTCGCGTACGCACCGATGCCGCCGACCGCCGCGAGCACCGCGACGATCGCGAGCGCCATCGGCGCCTTCGACCTCTTCTCCTCGGGCGCCGCGCTCATCGGCGCGGGCGGGAGCGCGCCGGAGGGCATCCCCGCCGGCGGCGACTGCGGCCCGACCGTGTGCACGCCACTGATCGGCGTGCCGCCCGTCGACATCGAGAGATCGACCTCGCGGCTGTGCGAGGCCGTCAGGTGGAGGCCGTCTCCGCCGCCCTGCTTCAGCGCGACGAGCAGCGCTTCCATGTCCGGGTAGCGGTCGGCGGCCTTCTTCTCGAGGCACTTGAAGACGACGGCCTGCAGCTCCGGCGGGATCGGCGGCTTGCCGGAGGGCACCGTCATCGGCGGCACCGGCTCGCGCACGTGATCCATCAGGATCTGCATCTGGTTCTCGCGGTTGAACGGCACCCGGCCGGTCAACATCTCGTAGAGCATCACGCCGATGGCGTAGATGTCCGTGCGGCCGTCGACGTGCTCGCCCTGGATCTGCTCGGGCGACATGTACTTGGGCGAGCCCATGAACACGCCGGCCTGCGTGAGATCCTCGTCGGGGTTCTGACCGTCGATCTCCTTGACGAGACCGAAGTCGAGCACCTTGACGTAGTCCTCGCCGTCGCGGTCGACGAGCATCACGTTGCCCGGCTTCATGTCGCGATGGATGACGCCGAGGCGATGCGCTTCGCGGAGCGAGCGGCAGATCTGCTTCGCGATGTTGATCGAGCGGTCCGCGGAGAACGGGCCTTCCTGGGTCAGGCCGCGCTTGAGCGTGCGCCCGTTCACCAGCTCCATCGCGATGTAGTAGATGCCGCCGTCGCCCTGACCGTAGTCGAACACCGTGACGGTGTTCGGGTGCGTCAGCTTCGCGACCGTGGCGGCCTCGAGGAAGAAGCGCTTGCGGAACTCGGGATCCTTCTCCTCGTCGTGCTTGAGCGAGAGGATCTTGATGGCGACGAGACGACCGAGCGGAGCCTGCTCGGCCTTGTACACGACGCCCATACCGCCGCGAGCGATCGGCGAAAGGATCCGGAAACGATCGG
NZ_CP070225.1_gap38	1833274	1833778	504	GATCGGCATCAGCACGCGCACGCCGATGCGCGAGTGCAGGCACGCGCGGAACGCGTGATCGATCGTGCCCTCGAAGCGCGCGCCGCCGCGATCGGCGCGCACCTTGTGGAGGCGCAGCTCGCGCAGCTCGTCCTTCAGCGCGAGCTCGGTCCCCGCGGCGCAGGTGACGAAGAACGGCTGGAAGCGGTCTTCGCGCTCGACGCTCACATGCGCTCGAGGACTTCGATGCCGAGCAGCGCGAGGCCGCGGCGGAGCTGACGCACGACGATGGCGGTGAGCGCGAGACGCGACTCGCGCGTCGGCCCTTCGGCCTTGAGCACCGGGCACGCCTCGTAGAACGTGCTGAAGTCGCGGGCGACGGCGTAGAGGTGATCGGTGAGGAGGTGCGGCTGGCAGGTGTCGGCCGCGGCGTGCACGACGTCGGCGAACTTCGCGAGCTGGCGCGCGAGCGCGAGCTCGGCAGGCTCGGTGAGCGTCATCGACGCGGGCGCGAAGCTGCGCTCG
NZ_CP070225.1_gap39	1835397	1837743	2346	GCGCCTCGGCGAGCGCAGTGGTCACGGCGTTGGAGATCCTCCGCGTCGAGGAGATCCACGGTCTGCAGGGCGGGACCCACGTGGAGGTCGACGTGCGCGTCGTGGGGAGCGCGCTCGGTGCGTGCATCGCGCAGCGCACCGAGCTGCGCGGACCTTCGGGCGTGGTGGAGTCGAACGCGTCGAACGTGCCGCTGCGTGGGAGCGACACCGACGCGACGAGCGCGCCGATCCTGCTCTTCCCGCCCACGGCGCCGTCCATCTCGGACGTGCCGCTCACGCTCGTCGTGGAGATCGGTGGTCGCACCGCGGCGCGCGAGCTCGAGACGCTCGCGCACGATGGCGGGCCCTGAGGCGCTGCGCGTTCTAGACTCCGCGCCTCATGCCGGGCTCGAGCTTCGGACAGGCCTTCCGCGTCACCACTGCGGGCGAGTCGCACGGACCGGGGAACGTCGTGATCGTCGACGGTTGCCCGCCCGGTCTCGCGCTGAGCGAGGAGGACCTGCGCCCCGATCTCTCGCGCCGCAAGCCCGGCCAGAGCGTGCTCACGACGCAGCGCATGGAGAGCGACGAGCCGGAGATCCTGAGCGGCGTCTACGAAGGCCGCACCACCGGCACGCCGATCGCGATCCTCGTGCGCAACACCGATCAGCGCAGCAAGGACTACGCGTCGATCGCCGAGGTCTATCGCCCCGGCCACGCCGACTACACCTACGACGCGAAGTACGGCTTTCGCGATCCGCGCGGCGGAGGTCGATCGAGCGCGCGCGAGACGGTGGCGCGCGTCGCGGCGGGCGCGATCGCGAAGAAGCTGATCCACGAGGCGTTCGGCGGTCGCGTGATCGCGTACGTGAAGCAGGTCGGCGACGTGGTCGCGCAGATCGACGAGCCCGCGGGCGTGACGCTGACGCAGGTCGAGACCCTGCCCGATGGATCGCCGAACCTCGTGCGCTGCCCCGATCCCGACGCGGCGTCGCGCATGGTCTCGCTGATCGACGAGGTGCGTCGCGACCTCGACTCGATCGGCGGTGTGTCGGAGATCGTCGCGACGAACGTGCCCGCGGGGCTCGGCGAGCCGGTGTTCGACAAGCTGCGCGCCGATCTCGGCAAGGCGCTCTTCTCGCTGCCCGCGGTGCTCGGCGTGGAGTTCGGCAGCGGGTTCGCGAGCGCGCGCATGCGCGGCAGCGCGCACAACGACGTGTTCCTCGCGGCGGAGCGCGAGACCTCGCCGCCCGACGTGCCCTCGTTGCGCACCGCGAGCAATCGCCACGGCGGCATGCTGGGCGGCATCTCGAGCGGGATGCCGATCGTGATGCGCGCGGCGATCAAGCCGACGAGCAGCCTCGCGCGCGAGCAGGACACCGCGGACGTGCACGGGCGCGCCACGACGCTGCGCACCAAGGGGCGTCACGATCCCTGTCTGCTCCCGCGCTTCCCTCCGATCGGCGAGGCGATGGTCGCGATCGTGCTCGCGGATCACTGGCTGCGCTGGACCGGCTCCCGGCGGGTGTCGACGTCGACGTGATCGCGCGGCGAGCTGTATCGATCGTCGCGATCGCGCTCGCGGTCGGATGTGGCGCCGCGGACGCGGACGAGCGCGGATCGAGCATGCCGCTCGCGCCGACGTCGCCGGGGGAGCTCGCGCGTGCCGCGCTCGACGATCTCCCGCGGCGTCCGACCGACGGGCTCACCGGCGATCTCGTGCTCGAGGATCCCAGCGGTCACGCGCTCGACGCGCTGCACGCCGCGCTCGCGCGCGCGGCCCGCGGCGAGCACACCGCGCGGCTCTCGTTCTACGGCGGCTCGCACACCGCGAGCGATCTCTACACCGGCGTGATCCGCGCGCGCCTGCAGCAGCACTTCGGCGACGCGGGGCACGGCTTCGTGCTCGCGATGCCGCCGATCGATCGTTACTGGCAGCAGGGCGTGCGCATCGCCGACGCCGAGGGCTGGACGATGCTGCAGCCCTCGAGCAAGCGCATGGGCGTCGAGCACTACGGGCTCGCGGGCATGGCGTTCGAGGCGACCGAGCCCGCGTGGGCCGAGGTCGAGACCGAGCACGGCGCGAGCGCGTCGCGGATCGAGATCATGTACCTGCGCCAGCCGGGCGGCGGCGCGCTCGAGGTCGAGATCGACGGTGAGCCCGCGCGCGTGCTCGACACTGCGAGCGAGACGATCGCGCCCGCGATCGAGCGCATCGAGGTGCCGCTGGGATCGCATCGCGTCTCGCTGCGCACGCGCAGCAGCGCGCCGGTGCGCGTGTTCGGTGTCGTGCTCGAGCGCGATCGACCCGGTGTCATCGTCGATCAGCTCGCGATCGCCGGCGCGAAGGCGCGGCATCAGCTGCTC
NZ_CP070225.1_gap40	1927030	1930337	3307	GCTCCTGCGTCAGCTCCGCGTGGATGCCCGCACAGACCACCGCGCCCCAGCGCGCGACGTCCGCCGCGTCGACCCAGTCCGCGTGGGCGACGTGCTCGACGACGTCGCCGTTGCACGTCGCGATGCACGCGATGCCCCCGACGCCCGCCGCAGCGTAGTCGAGGATCCGGCGGACCTGTGCGAGGGCCTTCGCGCTCTCGAACTGCCGGGGCACGAGGCGAGCGTAGCGCGGGTCGCACGGCGCGCGGAAGAGTGGCTCGCATCGTGCGAAGCGCCTCGGCCGTCCTCTCTCGCTCACCGAGGTGCTCATGAACGCCGCTCGTTCGGCGCGCTCGCTCCGCGCGTCGGAGACTCGCGACCCCGTTCTCTCGCTCGTCCTGGGGCTCGTCGTCCCCGCGACGATGCTCGCCGGCTGTGACTGCAGCGGGCGCATCGACGGCGCGGGCACATCGTGCGTGACCAGCGCCGAGTGTCCGACCGGGAGCGCATGCGTCGATGGTCTCTGCCAGGGCACCGGGGTGCCCGACGGAGGTCAGGTCGGCTCGTGCACCTCGGACCCGCCGATGCCGGTCGCCGAGTCGTGCAACGGCCGCGACGACGACTGCGACGGAGAGATCGACGACGGCGTGCTCTCGACCTGCGGCGACTGCGATCCCTCGTGCGAGGGCGAGCACCTCGGCCCGGGCACGGGCACGCCCTTCGATCCCGAGGGCCACACCGACGGCAGCGAGAGCGAAGGCGTCGGGCTCGACGACGACGGCGCGATCGTCCTCGACTCCCGCCGCATCGAGACCGCGTTCATCTGGATCGCGAACACCGGCGACGGAACGGTCTCGAAGGTCGACACGCGCACCCGCGTCGAGGTCGCGCGCTATCGCACCGGTCCCGCGGGCGGCGCCGACGACCCCTCGCGCACCTCGGTGAACTCGCTCGGCGACGTCTACGTCGCGAACCGTGCGGGCCGCAGCGTCACGAAGATCTCGGTCCTCGGCGCGGACTGTCCCGACACCGACGGCGACGGGGTGGTGCGCACCTCGACCGGCCCCACCGACGTTCTGCCGTGGGGCCAGGACGACTGCGTGCTGTGGAACGTCTCGCTGCCCGACGGCGGCATCCTCCGCGCGCTCGCGGCGCAGGACACGCTGGGCCCCGACGGCGAGATCATCACGGCGGTGTGGGTCGGCGGGTGGGAAGGGCTCGCGTGGAAGCTCGACGGCGAGAACGGCGCGATCCTCGTGCGCACCGCGTCGCCCACGAACAACTACGGCTTCGCGCTCGACGGCGCGGGCAACCTCTGGATCGCCGGGCGCAGCGCGCGCGTGCTCGGCCGCATCGACACCCGCCGCTGCGTCAACACCGCGAGCTGCGACGTCGCGCCGTGCGCCGACGACGGCGACTCGTGCATCAAGCAGCAGGTCTCGATCCCCGCGGGCCACAACCCCTACGGCATCACCGTGGACGCCGATCAGCGGGTGTGGGTCGCGATGCACGGCACCAGCACGATCGGCCGCTACGATCCCGACGCGGCGGGCGCGCGCTGGACCTTCGTGAACGTCGGCATCGACTGCCACGGCATCGCCGCCGACGGCGCGGGCTGGGTGTGGGCGGCGGGCTACGGCGCGGGCGTGGTGCGCCTCGACGCCGACGATCCGACGATGTTCGTGGTCGTGCCGGGCACGGGCGGCCGCGCGAGCAAGGGCATGGCGATCGACTTCGACGGCAACGTCTGGTCGATCAACCAGGGCACCGACGACGCGACGGTGATCGAGCCGGGCGCGACGCTCGCCGACGCGACGGTCACGACCGACGTCGTGCCCGCGGGCATCGAGCGCTACACGTACTCCGACATGACGGGGCAGCAGCTGCGCCTCGCGACCGATCCGCGCGGCTGGTACCGCCGTCCCTTCGAGGGGTGCCCCGAGGGCACCGACGTCGAGACCGAGTGGCGCGACCTGCGCTTCGAGGGATCGACCCCGCCCGGCACGCTGATGCGCTTCCGCGTGCGCACCGCGGCGACGCGCGCGGAGCTCGCGAGCGCGATGTGGATCCTCGTCGGCGAGGCACCGCCCGCGACGTCTCCGCTGTCCATCGGCGATGCGCTCACGGCCGCGTCGATCGAGCCGCTGCGATGGATCGAGGTCGAGGTCCAGCTCGAGGCGATGCGCTCGAGCGCGACCGAGATCATCTCGCCCCGCCTCACGTCGCTGACGGTCACGCGCCAGTGCGGATCGCTGGTGTTCTAGAAGGAAGGCAGGACGACGTGTCCCTTCCGGTTCCTGCGCCTCGGAGGCGCCCTCGTTCAGTCGAGGAGCTCGTCGACGGGGCGGAGGAGGGGCGGGGGCTCGGGATCGCCGATGCGCTGCCTCAGGTTGACCTCGATCATCCGCGAGATGGCGCGCAGCGGGAGGTCGTTGGGGTCGGTGCCGAAGGGCATCTCGATCTCGTCGCCGACGACGTCGAGACCGAAGAACGCGTACGCCACGAGGCCGACCGCGAAGGGCGTGTAGATCCCGATCTCGTCCACCAGTCCGAACGGCAGCGCGTAGCAGTACACCGCGGTGATCCGGTGGATCAGCGTGGTGTACGAGAACGGGATCGGCGTCGCCTTGATGCGCTCGCAGCCGCCCTGGATGTCGGTGAGCGCGGTCATCGACTGCTCGAGCACCGGCAGGTGCATCGTGTGGATCCACCCGCGCTGCCACGCCGCGCGGATGCGCTCCGCGGTGCCCTGCGTGATCGCGAAGGGGCGATTGCTCTCCTTGCGCAGCAGCTCGATCTCGTCGGCCGGGAGGAACGGCGCCAGCTGCGCGAGGTCGTCCTCGTCGCGCAGCGCGAGCCGCAGCGCATGCGCGAACGCAGCGATGCGCAGCACGATCTCGCGCTGGAACGCGCGCAGCTCGTTCTCGTCGACGCGCGGGCCCTCGGGCTGCGTGCCCACGATGGTCAGCACCTGCCGCGTGAACGTGCGCGTCGTGTTGACGAGCGAGCCCCAGAGCTTGCGGCCCTCCCACCAGCGGTCGTAGCTCGCGTTGTTCCGGAAGCCGAGGAAGATGCCGAGCGCGACGCCGATCAGCGTGAACGGCAGTGGCTTCAGGTTCGGATGCCAGTCGTGCAGCTCCTCGAGGATCGTCACGAAGATCGAGACGACGAGCACGCCGGCGATGCGGTACTTGGTCCGTGGGAGCTCGCTTCCCTTGTACGCGAAGACGAGACGCCACCACGAGACCTTCGACGGGACCAGCATCCGTGCGCTTCCTCCGCGGGCCCGTGTGTAACACGAACCCGCGGAGCGCACGCTCTACAAGCC
NZ_CP070225.1_gap41	2012338	2014233	1895	ACCGCGCGCTCCGCGAGCGGGCGGGCCGCCGCGATCGCCCCCGCCTGATCGGCGACCAGCAGCGCCTCGACGCGCAGGCCCTCGGCCGAGGGGGCGCTCCGCAGCGTGCGCGCGCGATCGAGCCGCGAGCGCGCGAGCGTCGGATCGCCCGCGAGCCTCAGCGCGTCGCTCAGCGCGATCTCGGCGTCGGCATCGCCTGCGCCGTGGCGCGCGGCGGCCTCGGCGTGCTCGCGCGCGTCCTCCGCGTGCTCGGCGGCGTCGCGGCGCAGCGTCGCCGCCTCGCCGCGCAGCGTCGCGTCGCCCTCGGCGCGGGCCTCGAGATCGAGCGCGTCGAAGGTGTGCTGCTGCGCGATCAGCGCGTGCGCGCGCGAGAGCCCGGTGAGCGCGCGCGCGTCGTGCTCGCGGAACGCGAGCGCCTTCGTGTACTGCGCGATCGCGTCGTCGTAGCCGTCCTCGTGGTCGAGCCGCAGCGACGTGTCGCCCGCCGCGACGAAGGGCGCCGCACGATCGGTCTCCTCGCCCCCGGCGATCAGGCCCGCGATGCGGTCCCAGCCGGCCGCGACGCCGCCGGCGATCGCGAGCAGGAACACGAGCGCGACCCACAGCCCGCTGCGGCTGCGCGCGCGCGGGCGTGCCGGCTGGTCGTCGTCCTCGTCGACGTGCAGCGGGCGGAACGACGCGCGCTTCTCGCCCGAGGGCGTCGGCGTGCGCGGCGCCGGCGTCGACGGCATCGCGGGCCCACGCGGCGGCGGCGGGAGCGGCGCGGGGGTCGAAGTCATCGCGGGCGCCGGCGGGCGCGAGGTCGGCGGCGCGGCGCGCGGCGGGGCGGGCGGTCGCGCCGAGGGCGCGCGGATGCCGCCCGGCGTGGTCGAGTGCGCGTCGGGCACCGGGCGCGGCGCCGACACCGAGCCGGTCCGAGGCGCGGGCGAGGGCACCGGCCCGCCGGGCGGCGGCGGCACCGCCATCTCGAGGGTGCGTCCCTTGATCTCTTCGACCGACGGCAGCGGCTGCGACGACGGACGCGGCGGCGGCGCGCTCGCGCCGCCCATGCCCAGCATCGTCGACTTGCCCGCGCCGCGCCCCGCGGGCGGCGGCGGTCGATCGGTGGCCGGCGCTTCGACCGTCGGCGCGAACGGGCGGGGCTGGTCGGTGCGCCCGGTGGGATCGGTACGCCCGGTGGGGTCGCGTCGCGTCGCGCTCGCGCCGGTGGGATCACGCCGCTGCGTGCCGGTCGCGTCGCGCCGCTCGCTGCGGGTCGCGTGCGCCGCGGCGAAGAACGTCTGCAGCTCGGCGATGTCGCCGAGGCGCTTCCATCCCTCGCCGCTGCGCGAGATCTCGTCGTCGGGCGTGAGCTGACCGAGCGTGATCTTGCGCTGCAGATCCTTCAGCGACGCGATGCTCTCGCTCGCGCCTCCGGCCGCGCGGCGCACGGTCCACACGCGCGCGTCGCCCGCAGGCGCGCTCGACGCCGCGGCCGCGCCCGGGCGGAACACCTTGAAGAGGTGCCCGCAGTTCGTGCACTTGACCGTGGTCCCGCGCGCCGCGACGAGCGTCTCGTCGAACTCGTACTCGGTCCCGCAGCGCTCGCAGGTGACGTCCATCGAAGCGTGTTCCGGTGGGTGACGCGCGAGGGTACCCGCGGCATCCGATCGTGTCGAACGTCGCGTGATCACTCCGCGAGTGAGGCTGCGAGCGCACGCGCGCCGTGCAGCCCGGTGCGCGGCTCGATCACGATGGACACGCGGATCGTCTCGAGCACCGGGCGCATGCGTCCCTTGGCGAGGAAGGACTCGCGGAACGCACCGCTGCGCAGCGCGTCCAGCTGCTTCGGCGCGATCCCGCCCGCCACGAAGAGCCCGCCGGTCGGCAGCGTCTTGAGCGCGAGGTTGCCCGCC
NZ_CP070225.1_gap42	2015657	2019410	3753	GGGCGGCTCGGTGGTCTCGTCGGCGATCCGATCCATCGCGTCGTCGGTGCTGCTGCCCTCGCCCGAGAGCGGCGTGGGCACGCTGCGGCTCGAGGGCAGGCCGCGCGTCTCGCTCGAGCGCAGCGCGCGCCCGGGGGTCTCGGCGTAGTGCACCGCGCCGAGGCACTCCATCGCGTACACGAGCTGCGCGACCGCGCCGGGGCGCGTGCCCATCGAGAGCACCTCGCGGAGCGTCAGCTTGCCGTCGACGCGCCCCAGCACCTGACGCGCCTCAGGCACCAGTCGCACGCGCACGAAGCGCGCGAGCTGCACCGGATCGGGCACCAGGTAGCGCGCGAGGTGGGGCGAGAGCAGCTCGAAGAGGCGGGTCGCGGGCATCGCCGCGCACACGCCCTCGTAGACGATCTCCGCGAGGCCGAGCTCGATCCCCACCGAGCTCTCCGGCGGCTCGAGCTTGGTCGAGAACCGATAGGTCCCGCGCATCCACCCGAACACGTCGAAGAGCTTGTCGCGCGCCTGATCGGCGAGCGCCTCGCCGAGCTCGAGCGGCGCGAGCGCGCCCATGTCGATCAGGATCTCGCCCTGCAGGCCGTGCCCGAGGCGCATGCGGCGGATCGACTCCTCGAGCGTCGCCGCGCCGATGCGGCGACGGCGCAGGAGGATCTGTCCGAGGCACTCGTCGAGCAGGTTGGAGCGCACGTGCGTCGGCACGCCGGCGCGGAAGTAGACGAGCTTCGTCGGCGGATCGCCGGTGGTCGTCTCGCGCCGCAGCCCTTCGGCGACGCACACGAGCCCGCCGGTCGCGCGCTGGTCCGCGAGCCGTCGCAGGAGCGCGGCGAAGCTGGTCTCCTCGAACGAGCCCATGATGCGCTGCGAGCCTTCTTCGCTCGCGCGGGCGTCGGCGCCGACGTGACGTCCTTCTTCGAGCGCGTCCGCATCGGCGAACGCTTCGGGGGGGATCTCGCGACCGTGCCCGGGCGTGATCTCCGGCGTGCGCATCGCGGGAGGCGGCGTCGTCAGGCGGCCCGACGTCGGGCGTCGCAGCACGCCCGAGCCGCCGTCCTCGGGGTCGGCGTCGTGGTGACCCTCGCGCGTCGTCGCGCGCGACGCGTTCGCCATCACGGTCTCCACCACCGGCCATGCGGCCGCCGCATCGTCGGCGGCGGGCGGCTCGTCGGTGTCGCCGTCCTCGTCGCGGCGCGCGTCGGTGATCGTCGGACGCTGCGCGAACGCATCGGTCGGCAGCAGCAGGCGCTCGAGCTGGCCGTCGATCTCGTCGACGCTCGCGACGCGCGTGCTCTCTCCCGGCGGACGCGCGAGCACGTCGACGAGCCGCTCGATCGCGTCGTCGTCGAGCGGTCCGAGCAGCGTCGCGGTCGCGCCCACGCGGCGCCCGAGCTCGTGCAGCGTCGCGCTCTCGGGCTCGTGCGCGGCGAGCAGCACGACGTGCGCGTCGCGCCCGCCCGGCGCCCAGCGGATCGACTCGATCGTCGCCACGCCGTCGCGCCCCGGCAGGAAGAAGTCGACCACGACGACGTCCGCGGGCTCCTGCACGAAGCGATCGATCGCGCGCTCTCCGTCGGCGAGCAGCACCGGCGCGTGCCCCGCCACCGCGATCGCCCGCGCGATGCGGGCCGCGATCGCGGCATCGGGATGCACGACGAAGACGGAGAGCGGGATCACGCGCTCGCCTCCGGGGACCACGGGGAGGGCGCGGGCACCGGCGCGATCACGCGCTCGAACACCGCGCGGATCTCCTCGGTCGTGCGCTGGTACGACGACGTCAGCACGCGCGCCGGATCGTGCCCGTCGCGCTCGCGGATGCCGAGCCTCCGCGCGAGCTGCTCCGCGCTGCGCGAGCCCGGCCGCAGCACCGGCTCGCGCGCCTCGTCGAGCAGCTTCAGCGTCTGCTCGATCGCGCGCAGGAACGAGAAGCCCTCGATCAGCGCGTCGGCGTCGGAGCGCGAGATGCGCCCTGCGCTCGCGAGCGCTGCGACGAGGCCGGGCGTGGTGGGGACCGCCTCGGGCTCCGTCCGGAGTCGCTGCTCCATCTGAAGCCATTGGGCGAGGAACTCGACGTCCACCAGACCCCCGAAGCCGAGCTTGGGATGGTATCGATCGCGGCTCTCGCCAGCAAGCTCGGTCTGGATGCGCGCCCGCATCGTCGCGAGCTCCTCGGGCGGCGGGGGCGGCTCGCCCGCGAGCGTGATCGCCGCGATGCGCGCCTGGACCGCGGCGCAGAGCGCGGGCTCGCCCGCGATGGGGCGCGCGCGCAGCAGCGCCTGTCGCTCCCAGGGCGCCGCGTTCTCGTGGTGGTAGCGGTCGAACGACTCGAGCGAGACGACGAGCGTGCCTTGGGAGCCGCTCGGTCGGAGGCGGGTGTCGGTCGCGTAGCCCGGGCCCTCGCCGTCGGGCTGGGAGAGCACGCGCACGGTGCGCTGCGCGATGCGCGAGAAGAGCTCGGCGTGACCGATCGAGCGCGCGCCTTCGGTCTCGCCGTCCTCGTCGTAGAGGAAGATCAGATCGAGGTCGCCCCCGAAGCCGAGCTCGCGCGCGCCGAGCTTGCCCATCGCGACGACCACGAGCGATGCGCGCTGCCCGCTCGGGCCGAGCGCGGGAGGGCCGAAGCGCGCGATCGACTCGCGCGTCGCGAGCGCGACGGCGGCGCGGATCTGCCGCTCCGCGGTGAGCGTCAGCACGCGCATGGTGTCGTCGAGCGCGAGCTCGCCCGCCGCGAGCGCGAGCCCCGCGCGCAGCGTCGCGCCGCGCTTGGCGCGACGCATCGCCGCGACGATCGCCTCGGCGTCGACCTCGCCCTCTTGCGCGATCAGCGCATCGACCTCGGCGTGCAGCGCCTCGACCTCGCTCGCATCGACGACGCCCGGCGCGAGCAGGAGATCGAGCTCCTCGGGGTGCCCGATGAGCCCGCTCGAGAGCGTGACCGAGGTGCCGAAGAGCGCGACGAGACGCCGCAGGAGCAGCGGGTCCTCGAAGAGCCTCCGCTCGTGCGAGAGCCCGCGCAGGCGCGCGAAGAACTCGGCGAGATGGCGCAGGCTCGCCATCGGATCGGCGACGCTCGAGACCTCCTCGAGCAGGCGCGGACCGAGCCCGGGATCGGTCTCGCGCATCACCGGCCCGAGCGGCGCATCGGCGCGGCGCGCGAGGCGGCACAGGTGCTCGGCGGCCTCGTGTGGATCGCCGACCGGCAGCAGCGGGGCGACGAGCTCCGCGACGGTGTCCACGTCGGCGCCCGCGGCGATGCGATCACACAGCGCCTCGAGCTGCTCCTCGCGCCCGCTGCGCTCGCGGCGCCCGCTCGTGCCCTCGGGCATCAGCGAGTCGAAGAGCTCGGCGATGCGCGCGCGATCCTCGCGCATCACGCGCTCGAGCGCGTGATCGTCGTCGTAGCCCAGTGACCGCGCGAAGCGTGCGCGCTCCGCGCCCTCGGGCGGCAGCTGGTGCGTCTGGTAGCCCGACCACGCGTGGATGCGGTGCTCGATGCGCCGCAGCCGCGCCCACCCCGCCGCGAGGGCGCGCGCCTCGCGCTCGCGCACCAGCCCTGCGGCCTCGAGCCGCGTCAGCGCCTGGATGGTGCCCGGCACCTGGAGCTGCGGGTTCCGCCCGCCCCACACGAGCTGCAGCGTCTGCACGAAGAACTCGGCCTCGCGGATGCCCCCGCGCCCGAGCTTCACGTCGCGCGCCTCGTCGACTGCGAGCTCGCGCCGCGAGCGCTCGAGCATCTGCGCCATCTCG
NZ_CP070225.1_gap43	2025674	2027708	2034	TTCGTCGTCACGTGTGTCGTGGCGGCTTGGCTGGCGCTCTGGCCGAGCGTGGATGCTTGGATTCCCGCGCCCGAGTGGGTGAAGAGCACGTTCACCCACCAGATCGCGCCTGGTCTCGACATCCGCGGCGGTCTCCGCCTGCAGTACGAGGTCGAGGTCGACGAGGCGGTCGCGGATCGACGTGACTTCCGCGCGCAGCAGGTGGTCGAGCGGCTCTGCCAGCAGTTCGAGATCTGCGAGGAGAACGAGCCGCCGACGCGCGAGCAGCTCGACGAGACCGCGGAGCGCGTGCGCGTGGCGACGGCGGGCGAGCAGGGCTTCCGCCTCACGTTCACGAACCCCGAGGACGTCGCGGAGCTCGATCGCGATCTGATCACCAGCTTCGGTGATCTCCGCGAGGCGCAGCGCACCGAGACGACCGTCACGCTCGAGCTGCGCGACGACAGCCTCGAGCGCCTGCGCGACACCGCGGTGGAGCAGGCGCGCGAGACGATCGGCAACCGCATCGACGAGATGGGTCTGCGCGAGGCGTCGGTCATGACGCGCGACACCGACATCATCGTCGAGCTTCCGGGCGCGAGCGAGGCGCAGTTCCAGCAGATGCGCGAGATCATCGCGCGCACTGCCCGCCTCGAGTTCAAGGTCGTCGACGACCTCGCGGACTTCGTGCAGACGCTGCAGGACCTCCCCGAGGGCATCGAGCGCGCGAGCGAGGTCGTGTCCGCGGGCGAAGAGAACCCGCAGGAGATCGTCTACTACCTCACCGCGTCGGGCGAGGGCTCGCGTGATCGCCTCCAGGCGTACGTGCTCTCGCTGCGTGACTCGGGGCAGATCCCCGAGGACCACCAGCTCGCGATCGGCCAGGCCGATCAGGGCGAGCCCGAAGAGGGCGAAGAGGTCGAGGAGGCGTGGCGCACGTACTACCTCTACGACCGCGCCGAGCTGACGGGTGACGCGATCGACGACGCCTCGGTGTCCGTCGATCCGCAGGACAACCAGCCCTACGTCTCGATCGTCTTCAACGGCGCGGGCGCGCGCGCGTTCGAGCGCCTCACCGGCGCGAACGTGAAGCGCCGCATGGCGATCGTGCTCGACGATCGCGTCGCGTCGGCCCCGGTGATCCAGCAGCGCATCGGCGGTGGCCGCGCGCAGATCACGCTCGGCGGGTTCCGCGACTACAACCAGATCCTCAACGAGGCGAACCAGCTCACGATCGTGCTGCGCGCCGGCGCGCTCCCCGCGCCGATCCGCCCCGCGAACGAGCAGCTGATCGGGCCGACGCTCGGCGCCGACTCGATCGTCCAGGGCGCGATCGGCGCCGGTCTCGGCGTGCTCCTCGTACTGCTGTTCATGGCGTTCTACTACCAGGTCGGCGGTCTGGTCGCGGACGTCGCGGTGTTCCTCAACGTCATCTTCCTGCTCGCGGTGCTCGCCGCGTTCGAGGCGACGTTGACGATGCCCGGCATCGCGGGCATCGCGCTCACGATCGGTATGGCCGTCGACGCGAACGTGCTGATCAACGAGCGCATCCGCGACGAGATGCGCCTCGGGAAATCGCCGCGGTCCGCGGTCGAGCTCGGCTACCAGCGCGCGTTCACGTCGATCTTCGACAGCCAGATCACGACGTTCATCGCGGGCGTGGTCCTCTATCAGTACGGCAGCGGCCCGATCCGTGGCTTCGCCGTGACCCTGATGATCGGCATCGTCACGTCGCTCTTCACCGGCGTGTTCTGCTCGAAGGTCGTGTTCGACTGGGTCGTTCGCGGGCTGAAGGTCCGCCGGCTTCCGGTGGGGTGACAGAGAGATGGAGTTCATCAAGCCCGGTCGTGTGTTCGACTTCATGCGCTACCGCACCGCCGCGGTGGCCACGTCGTCGATCCTCGTCCTCCTCAGCGTGCTCTCGCTCTTCTGGCCGGGGCCCAACTTCGGCATCGACTTCACCGGCGGCACCGAGGTCCAGCTGCGCTTCCGCGGCGACATCTCGACCGCCGAGCTCCGCGAGACGCTCGAGGGACTCGAGTACCAGAGCCCCGA
NZ_CP070225.1_gap44	2035848	2040429	4581	AGCGCGCCCATGTGCAGCAGCGGCTTGATGCCCGCGTTGTGCCCGGTGTCGAAGCACTCGAGCTCGGGCTTCACGCCCGCCTCGTTCATCGCCTCGAGCAGCGTGAGGATCTTCGAGTACGGGTTCGGGAAGATCATGTCGAACATGAACTGCTTCCGCGACTCCGAGTACTTCGCGTAGTTCATCGTGCCCATGTTGAGCGCCGCGATCTCGGGCCGGACCGCCTTGATGATCTCGACCGGCTGCGAGACGTCGTCGCCGAGCACGCCCGTCGAGAAGTTCAGGATGATCGGGCAGCGCTTGCGCACCTCTTCCTTGATGCGCGCGAACACGCTCGGCTCGAACGTCGGCGAGCCGTCGTCGTTGCGCGCGTGGATGTGCACCACGCTCGCGCCCGCGTCGTACGCGCGCTTCGCGTCCTCCGCGATCTCGACCGGTGTGTACGGGATGCCAGGGCACTGCTTGCGATTCGCGAGCACGCCGGTGAGCGCGCAGGTGACGACGACCTTGTCCTCGAAGCCCATCTCGATCCTCCTCGGTCTCAATCCCCGTCGCGCGCGGCAGTGTCCGCGCCACCCATCTTCTCGCGCTCCTCGATCTCGATGCGCACGCGGTCCGCGAGCTTCGCGAGGATGCGCCGCAGCTCCGCGCGATCGCTCGCCGAGAGCGACTTGAGCGCGCTGCCGAAGAGCTCCATCGCGGTCACCGGAACACCCCGCGCGATCTGCGAGCCGCGCTCGGTCGCGCGGATCTTCACGACGCGCCGATCGGTCTCGCTGCGCTCGCGCACCACGAGCCCGTCGCGCTCCATGCGATCGACGATGCCGGTGATCGTCGAGTTGCGCGCGCTCATGCGCTCGCTGAGCTCGGAGAGCGAGATCTCGCCGACCGCCTCGAGGATCTTCAGCGCGGTGACCTGCGGCCCGGTGAGGCCCATCCCGCGCGCGACCGTCTTCGTGACCCTCCGGCTCTCCGTGTAGAGATAGAGGATGGTCTCGACGATCCGATCGATGTCGCTGCCGCGTTGAACGCCGTGCTCCGAGTGCGCCACGGTTCTCTCGCTCCCGCTCGTGACCCACGAGCGAGATATTTCGCATGCGTAATATTCGGGTCGCGGATGACGGTCAAGAGGCGTGGCGTGTGGGCGGCGTCCCGCGGTTGCCCGCGCCGTGGGCCATATGTCAGTCTGCGCGCCGATTGATTCCGATCGCCGCGCGCGCGTGTCGCGCCCGCAGGCAGGGGAGGCGAGCTTGAGCTCCAAGGGTAGTTTCTTCGCGCGAGCGATGATCACCGCCGCGCTCGCCAGCGCGATCATCGTCGGTTCGCTCTCGATCGGTCCAGCGCGCGCCGAAGCGCAGTGCATGCCCAGCCCGACCTGCACGCGCGTGTCGCCCGACGGCAAGGGCATCGTCGGTCTCGGCCTGATCGGCGCCGAGATCGGGTTCATCGTCCCTGCGCTGGTGCAGGAGGCCGCGGGCACCAACGAGTGGTGGCCCTATCTCGTGTTCCCGGTGGTCGGCGCGGCCGCGGGCGCGATCGGCGGCTACTTCATGGAGCAGGAGACGCAGAATTCTCCGGAGGTCGACGTCGCGTTCCTCGCGGTCGGCCTCGCGCTCGTGGTGCCCACGCTCGTCGCGACGCTCGCGCTCACCGCCTACGACCCCGGTCAGGACGCGGTCGCGCGCGACGACGGCGGTCAGGCCGAAGAAGAGCCGGCCTACGAGGACGGTACGACGACCGAGGCGGTACAGGACGAGTTCGGCGACGAGCCCGCCCAGGGCGGCGAAGGTGAGACGCAGCCGGCCGACGAAGGCGGCGCGACCGAGGGCGGTGTCGAGGGCGGCAGCACGGCGGTGCAGCGCCAGGTCCGCGGTCTGCTCGCGGGTGGGCCCGGCATCCTGCGCTTCGACGGCATGGGCCGTCAGGTGCTGCTCGGCCTGCCGATGGTGCAGACCCGCTCGTCGTTCACCGTCGCGGAGAGCGAGGCGCTCCGCCTCGCGCCGAGCACCGACGTGAACGTGCCGGTGATCAGCGGCTCGTTCTGAAGCGAGATCGATCGTCGACGAGCGGCGCGGCCCGAAGGCTGCGCCGCTCGTTCGCGTTTCAGCGAAGCGATCGGAACGCGGTCCAGAGCTCCTGCGACAAGAGCTTCGGCTGTTCCCACGCCGCGAAGTGCCCGCCCTCGTCGAGCTGGTTGTAGTGGATGAGCTTCGGATACGCGCGCTCGGTCCAGCTCCGCGGCGCTTGGTAGAGCTCGTCGGGGAAGACGCTCACGGCCGTCGGGACGGTCACGTTCTTCGCGGCGAAGAAGTCGATCTTGCTCTCCCAGTAGAGGCGCGCCGAAGAGATGGCGGTGTTCGTCAGCCAGTAGAGCGTGATGTTGTCGAGCACGTCGTCGCGCGTGAGGCCCTCGGGCTTGCCGTCGAAGACGCGCGCGATGAGCTCGTAGCTCGCGACGTCGTGATCGATCATGAACGCGGCGAGCCCGACCGGTGAGTCCGCCAATCCGGTGAGCGTCTGCGGGCGCGTCCCCATCAGCACCGCGTAGCCGACGTGCTGGAAGAAGAAGACCAGCTGGTCGTACGAGCGTCGTTCTTCGGGCGAGAGACCGGACGGCGCCGGCGCGCCGCTCCGGGCAGCCGCCAGGATCTCCCGCGGGAAGACGCCCGCCATGTTGGTGTGGATCCCGAGCAGCTCGGGCGGAGCCAGGACCCCCATCTCGTCCACGACGAACGCGCCCCAGTCGCCGCCCTGCGCGACGAAGCGCGTGTACCCGAGGCGCTTCATCAGCACGATCCACGCACGCGCGATGTGGTCCGAGTCCCAGCCGGCGGTGGTCGGCTTTCCCGAGAACCCGTAGCCGGGCATCGACGGGATCACGACGTGGAACGCGTCCGATGCGCTCCCTCCGTGCGCCGTCGGATTCGTGAGCGGATCGACGATCTTGAGCTGCTCGAGGATCGAGCCCGGCCATCCGTGCGAGACGATGATCGGCAGCGCGTCCTCGTGCTTCGACCGCACGTGGACGAAGTGGATGTCCACTCCGTCGATCTCGGTCATGAACTGCGGCAGCGCGTTGAGCCTCGCCTCGCACTTGCGCCAGTCGTAGTCGGACGCCCAATGGCGCGCGAGCTTCTGGATCGTCGCGAGCTGCACGCCTTGCGTCGAGTCGGAGACCAGCTCCCGGTCCGGCCACCGCGTCGTGTTGATGCGCCTGCGCAGCTCGGTGAGCTCCGCCTCGGGAACGTCCACACGAAACGGCCGGAGCGCCTTCGCGTCGGCCGTCTTGCTGCGCTTCAGCGCTTCGGTGTCGGGTCTCTGGGTCGGCATCGCGGGGACGTGCGACCGGCCGTCCCACGAGCAAGTCTCTCGATCCGCGCGCGTCAGGTCGAAGGGACGAACACTGCGCGGCGGTAGTAGCGCAGCTCGTCGATCGACTCGCGGATGTCGCCGAGCGCGCGGTGCGAGCCGCGCTTCGTCGGACGCCCCGCGTACGCCTGCGGGTGCCATCGACGCACGAGCTCCTTGAGCGTCGAGACGTCGACGTTGCGGTAGTGCAGGTACTTCTCGACCTGCGGCATGTACTTCGCGAGGAAGAGGCGATCCTGGTGGACGCTGTTGCCCGCGAGCGGCGCGGCGCGCCCCGGCACGTGCGCCGCGACGAACTCGAGCACCTGACGTTCGGCCTCGGCCTCCGAGATCGTCGACGCGCGCACGCGATCGACGAGCCCCGACGCGCCGTGGTGCTGCTTGTTCCAGTCGTCCATCGCGTCGAGCAGCGAGTCGGGCTGGTGCACCACGATCTCGGGCCCTTCCGCGATGATCTCCAGCTGACCGTCGGTGACGATCACCGCGATCTCGAGGATGCGCTCCCGCTCGATCGCGAGACCGCTCATCTCGAGGTCCATCCACACCAACAAGTCGCTCTCGACCGGCATCCGCTCAGCTCCCTGCGCCGCATGCGAGCACCGCGAGGCTGCTGCCCGCGGCGCCGAAGTTCGTGACGATCGCCGTGCCCTGCGAGGTCGACGCGACGTCGACGCTCACGATCGCACGGCCGGTCCCGCTGATCTCGTCGGCCCCGAACGTGCGCCGGATCATCGAGGGCATCGCCGCGTCGAGCACCCACGCGCGCACGCTGCTGGTGTCGCCGCGCGTGATCACGAGCCCATCCGGCGTGCGATCGATCCCGAGGTGCACCGAGCCTCCGCCGGTCGGCAGCGTCGTGACCGGGCTCGTGCCGCTCGCCGTGATCGGCTGCACCGAGTGATCGAACGCGTCGCGCACGAGCACCCAGACGTGCCCCTCGTCCGACGCGAGCGGCCGACCCGGCGAGAGCTCGCCATCGGGCGTCACCGTCCCGACCACCGTGCCGTCGGTCGCGGCGAGGAACGTGACCTCGCCCGTCCCGCTCGGGACCGCGACGTTCGTTCCGTCGCTCGCGAGATCGAGCGCGCCGATGCCCGCGACGAGCCCGTCGGCCACGCGCACCGGCGCGGCCCACGCGGGCGTCCACACGAAGCGCGACGTGTCCTCCGCGTCCCACGCGACGTAGGGCACTCCGTCGATCGTGATCGCGAC
NZ_CP070225.1_gap45	2070203	2070740	537	ATCGCCGCCGTTCACGTCGTCGCCGTCCTTCGGGACGATCGCGACGATCTTCGCGCGCTCGGGCACGCTCGCGCCGCCGTACTGCACGCGGTTGAACGTCTTCATCACCTCGAGCAGCGCGATCGTGCGGCCCGTCTCGATCACGTCGCCGACCTTCACGAACGGCTCGGCATCGGGGCCCGGCTTCGCGTAGTAGCGCCCGCTCATCGGCGCGCGGAACGCGAGCCCCGCGCCCGCTGCCCCACGCTGCTCGGCCGCGCTCGCCGACGCGCCCACGACCGCCGCAGGATCGAGCGTGACGAGCCGCTCGCCGTGCTGCACCGCACGCCGCGCGATGCGACGTCCTTCGGGCAGCGCGACCACCGCGCCCTGCGCGCCCGCCGGCACGATCAGCCGGAAGCGCGCGCCCAGCACCTCGAGCTCGCCGAGCACCATCCCCGGCGCGAACAGCGCACCTTCCTGCGGCGCCGCGCGGAAGTACCCGGGCCGCGGCGCGAGCAGCTCGGTGCGCCCGTTCTCGGCGGCGCGTGCGATCAG
NZ_CP070225.1_gap46	2086534	2089571	3037	ACGCGTCGTGCGTGGTCGAGCTGACCGACGTCGATGGCGACGACGTGATCGTCGACGTCGAGGCGTGCACGCTCACCTCGGGCACGAGCACCGCGACGCTCGACGCGCACCTCGAGCTCGACGGCTGTGCCGTCGTGCAGTGATCACTCGAGCCTGATCGTTCTCCCCGACCACGTCCGCACCTCGATCGCGCCCCCATCGGTCGTCACGATGACGCCGCCGTCGCGATCGGTGCGGACCACGTGCTCCGCGCTCGCCTCGAGCCGCTCGACCACGTCGGCGTGAGGATGCCCGAACGTGTTGCCGCGCCCCGCGCTCACGACGGCGACGCGGGGCCGCAGCACGTCGAGGAAGGGCGCGGTGCTCGACGTGCGGGAGCCGTGGTGCGCGACCTTGAGCACGTCGACGCGCGAGAGGAGCCCGCTGCGCGCGAGCGCGCCCTCGCTGTGCTGCTCCGCGTCGCCCGCGAGCAGGAGCCGTCGCGCGCCGATCGCGATCTCGATGACGAACGAGTTCTCGTTCGCATCCCATCCCGGGTCGAACGAAGGGCAGGGCCAGATCACGCGCACGCGCGCCGCACCGAACGCGCGAGGCCGCGCGCACAGCACGTCCGGCCTGCGCACCGGGATCCCTCTCGTGCGCGCCGTCGCGAGCATCGTCGAGAGCTCGCCGTCGGGCACCTCGTCCTCGCTCTGCCCGGTGTCCCAGAGCTCGCCGAGCTCCACGCGCGCCATCAACGCGGCGAGCCCGCCGTAGTGATCCGGATGCGGATGCGTGATCACCGCGACGTCGATCCGAGCGCGACGACGCGCCCGCAGCAGCGGCGCGATCGCGGCCTCCCCCGGATCGATTCCCGGCCCGACCACGCCTCCCGCGTCGACCAGCATCAGCGAGCCATCCGGCATGTCGATCAGCGCACCGTCTCCCTGACCGACGTCGAGGAACGTCGCGCGCAGCACGCCGCGTGGCCGCTCGATCGCGCGCAGCCGCGCCTCCGCGCCCGCCATCACGAGGAGCCCGAGCGCGACCACGATCACGCGCGCCCGCATGCTGCGCGCCATCAGCAACGCACCACACGCGATGGTCAGCGCGACCCCCTGTGCGACGTCGAGCGGCGGCAGCGCGCGCCCCAGCGGGAACGCCGCGAACGCCTCGCACGACGCGAGGAACCCACGCGCGACGAGGTCCATCGCCGCCGCGCTCGGCGTCGCGAGCGCGGGCGCGCTCGACGCGATCACCGCGTGCACCGCCGCGATCGGCAGGAGCACCGCGCTCGCGATCGGCACCACGATCACGTTCGCGATCACACCGGTGAGCGGCAGCCCCTCGAAGCACCAGATCACGAGGGGCGCGGTCGCGAGGCTCGCGCGCACGCTCGCGATCACCAGCGCGCGCAGCGGTCGCTCCTCGGCATCGGCGATCGGCGCGAGGATCGCGGCGGTCGCCGCGATCGAGAGGAGGAAGCCCGGCCGTGCGAGCGTCGCGGGATCGACGACGCCGAACACCAACACCGCGGCGGCCGTGACCGCGACCGCATCGCTGCGACGCCCCGATGCTCGCAGCGCATACGCGATCGCGCCGGTGATCGCGGCTCGCCACGCGCTCGGCGCGCCCCCCGCGAGCGGCGCGTAGATCAGCGCGAGCGGCACGCCGATCCCGGCCGCGATCCGCGCGACCTCCGCGCGCATCGCGATCGCCGGGACCCACGACAGGGCACGCGCGATCAGCCACACGAGCGCGCCGATCAAGAGCGTCACGTGCATGCCCGACACCGCGAGCACGTGCGCGAGCCCCGCGCCGCGTACCGCCGCCTCGTCGTCCTCTCCGAGCGCGAGATCGCCGAGGATCAGCGCGCGCGCGACCCCACACGCGGGCTCGTCGAGCGTGCGCGCCAGCGCGCTCCTCACGTGCGCGCGCGCCGCGCCGATCCATGCGCGCAGGCCGATCTCGCGCGACGTGCTCGCGGTGATCGCCCGCGCATCGGCGCGCACCGGATCGACCGTCGGCCATCGTGGATGCGGGCTCGGATTGCGGAAGCCCGGCGTCGCCGCGAGCGCGAACGTGCCCTCGACACGCGTCCCTTCGGTCCACGCGCGTCCGCGCACCCGGATGCGATCGCCACGTCGCAGCGCGACGTCGCCCTGCGCGTCGTCGATGCGCACGATCGCGTCGGCACGATCCCCGCGCGCGCGCAGCTCCTCGACCACGCCGCGCACCTCTGCGGTGCCGACCATCACCACGTCCTCGCCCGCCCCGGTCGACACGCCCGCGCCCGCCGCACACGCCAGCGCCCCGAGCCCCACGCCCACCCACGCACGCGGTCGCGCGTCCGAGCGCCGCGCCAGGAGCGCCAATCCAGTCCCCGCCGCCAGGGCCACCACCGGCCCGACCCAGCCCGCGTCCAGCCCACCTGTCGCGGCGCTCAGCACCACCCCGAGCACCAGCCCTCCTGCGGTCCACCCGAGCGCACCCATGCGCGCCGCCCACGTCACACCGCGTGCCGGACGAATTCATCAATGATTCCAACATGAGACCCTGACGGTCCGCCCGCCATCCGCCGTCACGTCCGCCGTCCCGGCGCGCGCCTTGACACTTATTCCGCCGCCCCCTATGCCTCAGCTCGGCTCAACCCTCACCCGTACGTGAGGGTTCGACTCGAACCCCTCCCGAACCGTGACCACCCGATTCGAGCTACCGCCCGGCAAGAACGTGCGCCGCCTGCCCATCGCGGCGGACGGCCCGTCGTCGCCCGGCTCGAGCGTGTGCACGGACGTCGAGCCGCTCCGTGTCGGCGAGCTCGCGAAGCGCACCGGCAAGACCGTGCGCGCGCTGCACCTCTACGAAGAGATCGGCCTGCTCGAGCCCGCGCGCCGCACCGACGCCGGTTATCGCCTCTACTCGTCGGACTCGGTCACGCGCGTCGAATGGATCACGCGCCTCCAGGACGCCGGTCTCTCGCTCCCCGAGATCCGCGATCTCCTCGCGAGCTGGGGCTCGAGCGGCTCCGCGCCCGGCGCGATGAAGAAGGTCACCGAGG
NZ_CP070225.1_gap47	2227137	2231705	4568	TCGTCCGCATCAACGCGGGCGCTCGCACCCACGGCCTCAGCTACTCGCGCCTCGTGTCGTCGCTGAAGAAGGCGAACATCGCGCTCGACCGCAAGATCCTCGCGGATCTCGCGCTGCGCGATCCGGGCGCGTTCAAGGCGGTGGTCGACGCCGCGCGCTGATTCCTCCTCGAGAGCCCCATGAGCGACGCGGTCCAGAAGTTCGAAGACGGTCTGGCCCGCGTCGCTGCGGGCTTCGAGACCACCTTCGCCCAGTGCCCCGACGAGAGCTCGCTGCGCGCCGCCGCGGCGAAGCTGATCGGCGGCAGCGGCGAGGTGACGCAGCTCCTGAAGCTGATGCCGCAGCTCCCCGGCGATCGCCGCAAGGAGCTCGGACAGCGCGCGAACGCGCTGAAGAACGCGGTGCAGTCCGCGTTCGACGCGCGCCTCGAGGGGCTCGCGCGCGCGGCGCGCCAGGCGGATCTCGAAGCGCCGCCGATCGATCCGAGCCTGCCCGGTCGGGGCCTCTCGCGCGGTGCGCTGCACCCGATCACGCGCACGATCGACGCGCTGCTCGACGTGTTCTCGTCGATCGGCTTCGAGGTCACCGACGCGCCCGAGATCGAGCTCGCGGACTTCAACTTCACGCGGCTCGGCTTCCCGCCCGACCACCCTGCGACCGACATGCAGGACAGCTTCTTCGTCGCAGGCGGAGAGCTGGGCGCGCGCGGTGTCACGCGCTTCGAGGACCAGGTGCTGCTTCGCACGCACACCTCGAACGCGCAGGTCCACGAGATGTCGCGCCGCCGGACGATCCCGATCGCGTGCATCTCGGCGGGCAAGGTGTTCCGCCGCGACGACGACGCGACGCACTCCCCGATGTTCCACCAGATCGAGGGGTTCTGGGTCGATCGCGGGATCTCGTTCGCGCACCTCAAGGGCGTGCTCACGACGTTCGTGAAGCGGATGTTCGGCGAGCAGGTGCCGGTGCGCTTCCGCCCGAGCTACTTCCCGTTCGTCGAGCCCGGTGGCGAGCTCGACGTGGGCTGCACGATCTGCCGCCCCTACGACGAGCCGGGCAGTGACGCACAGCGCGCGCGCACTGCGACGTGCCGCGTCTGCAAGAGCACCGGATGGCTGGAGGTGCTGGGCTGCGGGATGATCCATCCCGTCGTCTTCGAGCACTGCGGCTGGGACCCGAAGGAGGTCACCGGCTTCGCGTTCGGCATGGGCATCGATCGCATCGCGATGCTCCGCCACAACGTCGGCGACATCCGCCTCCTCTACGAGAACGACATCCGCTTCCTCAGCCAGCTCTGAGGCCGCGGCCGAGGGATCGATGAAGGCTTCGTACCAGTGGCTGCGCGAGCTCTCGGGCGTCGACGCGAGCCCGAGCGAGATGGCCGAGCGGCTCACCCGCGCGGGCGTCGAGGTCGAGGGGCTCACCGCGTTCGGCGAGGGGCTCGATCGCGTGGTGATCGCGGAGGTGCGCGGGAAGCGCCCCCATCCGTCGCGCGACAAGCTCACGCTCGTCCGCGTCTGGAACGGCAAGGAAGAGCGCGAGGTCGTCTGCGGCGCGCCCAACGTGCCCGACGCGGGCGCGAAGGTGCTGCTCGCCGAGGTCGGCGCGCGGCTGCCGAACGGGATGGAGATCGCGGCGCGCGAGGTCGCGGGCGTGAGCTCCTCCGGGATGCTCTGCAGCGAGGTCGAGCTCGGGATCGGCGCCGACGCGGAGGGGATCGTCGTGCTCGAGCGCGCGAGCTCGGGCCGCGTGGGCGCCGCGGTCGCCGATGCGCTGAGCCTGCGCGATCAGGTCTTCGAGATCTCGCTGACGCCGAACCGCGCCGACTGCCTCGGCCACGTCGGGCTCGCGCGCGAGATCGCGATGCTCTTCGAGCAGCCCTTCGTGCTGCGCGCGCCTCCGGCGCCCCAGCGGCTGCTCTCGGTCGATTCGGCCGATACGCGCGGGCCGGTCGTGACCGTGCTCGATCCCTCGCGCCAGCACCCGGGCGAGACGCTGAGCCTGGTGCAGCCCGCGCAGGGCGCGCCGATCAACGTGCCGATCGCGATCCGCGATGCCGATCGCTGCTCGCGCTACCTCGGGCTCGTGCTGCAGCACGTGCAGGTGCGTCCGGCGCCGTTCTGGATGCGCTACCGCCTCCACGTGCTCGGTCAGCGCTCGATCGACGCCGTGGTCGACGTGACGAACTGGGTGCTGCTCGAGACCGGACACCCGATCCACGCGTTCGATCTCGACGCGCTGCGCGGTCCCGCGATCGTCGTGCGCACCGCGCGTGACGGCGAGCGCTTCACCACGCTCGACGGAATCGAGCGCGAGCTCTCGACCGACGATCTCGTGATCGCGGACGCCGAGGTGCCGGTCGCGCTCGCGGGCGTGATGGGCGGCGCGGCGAGCGGCGTGCGCGCGACGACGCGCAACGTGCTGCTCGAAGTCGCGCACTTCGATCCCCGCTCGGTGCGCCGCACCAGCCGCCGTCACGGGCTGCACACCGAGGCGAGCCATCGCTTCGAGCGCGGCGTCGATCCCAACGGGCTCGAGCACGTGCTGCGGCGCGCGGCGCAGCTGCTCGGGACCGTGGCCGAGGCCGCGAGCGCGCCGAGCGCGAGCGATGCGCACGCACGCCGGATCGCGCCGGTCGCGATCGCGCTCCGCCCCGGGCACGTCGAGTCGCTGCTCGGCGGGCCGGTGCCCGCGAGCGAGGTGCGTCGTGTGCTCGAGGGCGTGGGCTGCGAGATCGCGCCCGCCGAAGAGGGCGGCTGGCGCGTGACCGCGCCGACGCATCGTCCCGATCTCGGACGCCCCGAGGACCTCATCGAAGAGGTCGCGCGCGTCCGCGGCTACGATCACATCCCGAGCGCGCTCGCCTCGATGGCGCCCAGCGCGGACGCCGGCGATCGTCGCTACGCGATCGTGCGTGCGCTGCGCGAGGGTGCCGCCGCGGCAGGGCTCTTCGAGGCCGTGAACTTCGCGTTCTGCTCGCGTCGCGATCTCGAGATGGCGAAGGCACCGCTCGACGTGGTCGCGCTGAGCAACCCGCTCTCCGAGGAGCGCTCGGTGATGCGCACCTCGATGCTTCCGGGCCTGCTCTCGGACGTCGTGCGCGCGCAGCGGCACCAGGCCCCGCGCGCGACGCTGTTCGAGGTCGGTCGCACGTACCATCCCGCGGCGTCGACGCCGCGTCGCGTCGTCGAGCGTCCGGTGCTCGCGCTCACGCTGAGCGGCCCGCGCGAGCTCTGGGTCGGCGACGAGAGCCCGTTCGACTTCTGGGATGGCAAGGGCGCGGTGCTCGCGATCCTGCGCTCGGTGGGCCTGGTGGCGGAGACCGTGCGCGACGAGTCGATCGCGGAGCACGCGCCGTGGCTGCACCCGCGCCGCAGCGCGCGCGTGGTCGTGGGGGCCCGATCGGTCGGTGTCCTCGGCGAGGTGCATCCCGACGTGGTCGAGGCCTTCGAGGCGACCGGGCGTCCGATCTTCGGCGTGCTCGACCTCGACGCGATCGTCGCGCTCGTGAAGGCCGCGGGGCCGCCCCGCGCGCGCCCGCTGCCGCGTTTCCCGGCGGTGGTGCGCGACCTCGCGGTCGTGGTGCCCGAGGCGACGACCGCGGCGGACGTCGTCGACGCGATCACGCAGGCCGCGCCGCTCGCCGAGCGCGCCGAGCTCTTCGACGTCTACCGCGGCAAGCCGGTGCCCGAAGGCCGGAAGAGCCTCGCGTTCCGGATCGCCTATCGCGATCCCGACGCGACGCTCACCGACGCGCGCGTCGAGCAGGTCCACGCCGCGGTGGTGCAGGCGATCGCCGACCGCTTCGGCGGCGCGCTGCGCGCCTGAGCAGCGCACTGATCCCGCGGACAGCCGCCGGCGCGGGGATCCAGGCGTGTGCGCGCGCCAACGATTCCTGAATTCGACTGTGAATCCAGAGCCCTTGAATTCGACTCCATGCCGTGGTTGCATCGCATACCCGGCATCGAGGGGGCTCTGATGACCAAGGCCGAGATCATCGACAGCGTCTACGAGCGGGTCGGAGGCTTCTCGAAGAAGGAAGCCGCCGAGGTCGTCGAAGCGGTGTTCGAGGAGATGAAGGAAGTCCTCGCCCAGGGCGAGAAGATCAAGATCTCCGGCTTCGGCAACTTCGTCGTCCGAGCGAAGAAGCAGCGCGTGGGCCGGAACCCGCAGACCGGCGAGCCGATCCCGATCAGCGCCCGCCGCGTGCTCACGTTCAAGCCGAGCCAGGTCCTCAAGGCGACGCTGAACCCGCACAAGTCGAGCGGCTCCGGGACGTTCGTCGCGCCGACCGCCAACACCGGCGCGAGCTCGTCGGGCACCTGATCCGGCTGGGCACCTGATTCGGCTCCGGCCCCTCCGTTGACGCGGTCGGGCCGGCCGGGTACCAGAGCGTCCCCCGAGAGCGATGGCGCGACCCACACTGCTGCCGGACAAGCTCTTCTTCCGCATCGGCGAGGTCTCGGAGCTCGTCGGCGTGCGGCCCCACGTGCTGCGCTACTGGGAAGAGGAGTTCGGCATCCTCAAGCCGATGAAGACACGCGGCGCGCACCGCCAGTACCGGCGCC
NZ_CP070225.1_gap48	2274325	2277178	2853	AACCCGTCGTGCGCGGTCACGAAGTTGATCGACTGGTAGGGCGCGCGGCCGTTGCGCTGATAGAGGTCGCTCGAGCCCGTGAGCCGATATCCGAGCTCCGCCGCGATGCCGCCGTCGCCGCGCCAGAACGCGCGGATCGTGTCGCGGTACTTCCCGTTCCACTCGGCCCAGCGCACCGGGAAGTGGCCCACCTGGTACCCGCCGGCGCCGACGTCCCAGGGCTCCGCGATGAGCTTCACCTGCGAGAGCACCGGGTCCTGGTGGATGATCGTGAAGAAGCTCGAGAGCTGATCGACCTCGTGCAGACCTCGCGCGAGCGCGCTCGCGAGATCGAAGCGGAAGCCGTCGACGTGCATCTCCTCCACCCAGTAGCGCAGCGAGTCCATCACGAGCTGCAGGGTCTGGGGATGACGCATGTTGAGCGTGTTCCCGGTGCCCGTGTAGTCGAAGTAGAAGCGCGGATCGTCGGGCACGAGCCGGTAGTACGTCGGGTTGTCGATGCCCTTGAACGACATCGTCGGCCCGAGGTGATTGCCCTCCGCGGTGTGGTTGTAGACGACGTCGAGGATCACCTCGATGCCGGCGCGGTGGAGCTGCTTCACCATCTCCTTGAACTGCCGCACCTCGGTCGCGAGGCCGTCGCCGGAGCGATAGCGGACGTCGGGCGCGAAGAAGTTGAGCGTGTTGTAGCCCCAGTAGTTGCGCAGCCCGCGATCGAGCAGGAACCCGTTGTCGGTGAACGCGTGCACCGGCATGAGCTCGACCGCGGTCACGCCGAGCTTCTGGTAGTGCTCGATCATCGCGGGGTGCGCGACGCCGAGGTACGTGCCGCGGACCGGCTCGGGGATCTCGGGATGGCGGAACGTGAGCCCCTTCACGTGCGCCTCGTAGATGACGGTCTGCGCGAACGCGGTGCGCAGCGGCGCGTCGCCTTCCCAGTCGTAGTGCGAGTCGCACACCACGCCGAGCGGCGCGCCGTTCGCCTCGCTCTGCGAGGGCACGAGATCGCGATCCTTGTGCAGCAGCTCGAACGCGAAGAGGCCCGCATCGCGCCGCTCGAGGCCGTCGATCGCGCGCGCGTAGGGATCGAGCACGCGCACCTTCGGGTTGAAGCGCAGCCCGCGCTTCGGATCGTAGGGGCCGTGCACGCGGAAGCCGTAGCGCTGGCAGGGATTCACGCCTTCGACGTACGCGTGCCAGACGAACGCGGTCTGGTAGCGCAGCGGCACGCGCGTCTCGCGTCCTTCGGGATCGACGAGGCAGAGCTCGACCGCCTCCGCGTTCTCCGAGTAGAGCGCGAAGTTGGTGCCTCGACCGTCGAACGTGGCGCCCAGCGGGTAGGGCGATCCGGGTCGCACGCGGCGCTGGGCGCCGGCCTGCGGAGGGGGCGAATAGACGACGTCTCCGGGGTCCTTCGCGATCACGTGGTGAGCTCCATCCTGGGCCCCGCACGAAAGGGGGCCGAGGGCGGATTGCAGCGCTCGTGCCTCGCGAGAAACGAGCCACATGCGTGCTTTCACGCGTCACCGAGTGGGGCGCAGCGTCTCGATCGGAGGCGCAGTGCCTCGTACGCGTCATTCGCGCGGCGGCAGCGGCTCGACCGGGAGATCGGCGTCGTTCAAGAGCATCGACCCGACGTGTCGAGCGAGGACGCCGATCACGATATCGACCACCGCCTCGTTCACGTCCCACCGTAGGTCGCTCTCGGGGAGACGGCGCAGCTCGCTCCAGATCTCGCCGCCGAGCTCCCGGACACTCCTCGAGCGCGATGCCGCGCGAAGCGCTCGAAGCTCCGCGAGCAAACGCGGCAGGTCCTGACGCGCGTGGGCGATGAAGTCGTAGTCGGCCTCCGAAGCGCCCGACATCTCGATGTCCTCGCCCGCCGTGCGAACGATGCTCGAGCCCCCAAAGTGATCGCGTCCTTCGACGAACGCAGTCCACGGTCCGCCGGTCGCCGCTTCACAGCGGCGCTCGATCTCGTCGAGCTCGGCGTCGGTCAGTGTCTCGCTCATCGCGCATGAGTAGCGGACCGACGTGCGCCGGTCCCGTGGATCAGCGACGACGCGCGCGGCCGGTCGTCGTGGTCGCGCGCTCTCTCCTCACGTCGCTCGCGCGCTTGTCCTCGCGCATCCCGAGGAACGCGGGGTGGCGCAGCTTTCCGTCGCGGGTCCACTCGGTGTAGCGGACCTCGGCGACGAGCTCGGGGCGGATCCACGTCGCGCCCTTCTCGCGCGGCGGATCGATCACCGGCGGTTCCTCCACGCGGAGCGGCACCATGCGCTCGTAGAGATCCTCGAGCGTGTGGGTGTCGAACCCGGTCCCGACCTTGCCCGCGTAGCGCAGCGATCCATCGCGCTCGGGATCGACGGTGCCGAGCAGGAGCGATCCGAATCGCTGCCGCGCGCCCTTCGGCGGCGTGAAGCCGACGATCACGAGCTCCTCGCGCTGCTGGACCTTCACCTTCTGCCAGTCGAGCGATCGTCCCGCGAGGTACGGGCGATCGACGCGCTTCGCGATCAACCCCTCGAGCCCGAGCTTCGCCGCGGCGTCGAGGAACGACGCGCCGTCGCCGCGCACGTGCTCGGCGCGCCGCACCATTCCTCGCGAGGTCTCGGGCAAGAGCCGCGCGAGCCGCTCCTTGCGCTCGATCAGCGGCAGCCGCCGCAGATCCTCGTCGCCCTCGAAGAGCAGATCGAACACGAAGTACACCAGCCCGTGCCGCCCGCCCTGCTGCAGCGCTTCGAAGTGCGTGCGCCCCGCCTCGTCGATCGCGCAGAGCTCGCCGTCGAGGATCGCGCGCTCGATCGGCAAGCGCGCGAGCGCCGCGCACACCGGCGCGAAGCGCTCGTTGAA
NZ_CP070225.1_gap49	2295778	2296932	1154	AGCGCGCATCGTGCCGCGCGCGCCGCGAGATCGGTCGCGGTCGTGGTGCCTCGCAGCGCGACGAGCACGCTGCGATCGGGCAGCACCTCGGGCTCGACGCCGAGCGGACGCAGCGCCGCGATCAGCGCGCGGCGCGGGGTCGGGTGCGCGGGATCGATCGACGCGAGCACGACCGCGACGAGGCGCTGCTCGTCCTCGCCCAGCACCGCGGTGGTGAGCGGTCGCTCGTGTCGCGGCAGGAGCGGCTCCATCGCGTCGAGCACCGCCGCGACCTCGCGCGCGTCGGCGGGACGGTCCGCGAGATCGCGCGCGAGCATGCGGTGCACGAGCGCGAGCAGCGGCGCCGGCAGCGCAGGCCGGACGCGCTCGAGGGGCTCGTAGCGGCCGGCCGCGAGATCGGCGAGCACGGTGACGAGCGCGTCGCCGGGGAACGCGGGACGCTGCGCGAGGCAGCGATAGAGCACGCACCCGAGCGCGAAGACGTCGGCGCGCGCGTCGATCACGAGCTCTCCGCGCGCCTGCTCGGGGGCCATGTAGCCCGGCGTGCCGACGAGCGCGCCGGTCGCGGTCACGCGATCGGCGAGCCCACGGCGCGCGATCCCGAAGTCGAGGAGCTTCGCCCCGCGCTCGGTGAGCATCACGTTCCCGGGCTTCACGTCGCGGTGCACGATGCCGCGCGCGTGCGCGACGCCGAGCGCGTGGGCGATCGCCGCGACGAGGTGAACCGACTCGAGCACCGTGAGCTCGCGCTGCGCGAGCCGCGCCTGCAGCGTCTCTCCCTCGAGCCACTCCATCGCGAGCCACGCGTCGCCGCGATCGGTCGTGCCGTGCGCGACGTACGCGACGATGCTCGGATGCGCGATGCCCGCGAGCAGCACGTGCTCGCGCTCGAAGCGATCACGATCCGCCGTCGTCGCGAGCGCGATCAGCTTCAGCGCGACGTCGCGACCCGTGAGGCGATCCCGTGCGCGCCACACCTCCGACATCGCCGTGGACATCACGCGGTGTCGCAGCTCGAAGCGTTCCTGCTCGTCCCGTGCGACCACCCTGGCGTCCGCGGCTCGAAACGCGCGAATATACCAGAGTGCGACGTCGCGCCCCGCGCGAGTGACCATGAACGTCCTCTCGCGCTCCACGGTTCGGGTGGGCGACGT
NZ_CP070225.1_gap50	2375255	2378993	3738	CGAAGCTGAGCGAGCGACTCGCAGTGGGAGGGGAGCGATGAGCGCGCCGGAGCCGTTACCGCCGCCGAGATCGCTGGCGAAGTGGGTCGAGCCACCGCTCGACGACGTGAAGCTCGAGAAGCAGTGGTCCACCATCCGCGAGCGACGCGGGCATCGCCGCGGGAGCCTCTGGGGGTGGTGGATCGGGGGCACGTCGGTCATCGCGATCGCCGCGGCGATCGCGGTGTTCGTGATGTCTCGCGAGGCTCCGATCGGTCCGGGCACGACGGTCGCGGGCGCGACCGTGTCGTCGACCCCAGGCGCCGTGATCGAGAGCGGACCAGCGCCGATCGACGTGCGGCTCGCCGATGGATCGGAGATCGCGCTCGATCCCTCGACGCGGCTCGAGGCGACCGAAGCAGAGGGGCGCGACGTGCGCTTCGCGCTGCGCCACGGCCGCGCGACGTTCGAGGTCGCGCGCGACGAAGGACGTCGCTTCGTGGTCGCGGCGGGCGAGGTCGAGGTCGTCGTCGTGGGCACGCGCTTCTCGGTGGCGAGCGAGGCGTCTCGCGTGGCGGTCCACGTCACGCGCGGTCGCGTCGACGTCCACACCGGACGCGCGGTGCACCAGCTCGCAGCGGGCGAGACGTGGTCGGGCGACGCGGTGGCGCGCGACGAGGACGTCGCGGTGCCGAGCGAGGACGCGATCGAGGAGACGACGGATCGCGAGCGCCCGCGCCGCGAGGGACCGAGCGCGAACGATCTCTTCGAGTCCGCGCGCGAGGCGCGTCGCGAGGGACGCGACGCCGAGGCCGCGGGCGCGTACGAGCAGCTGCTGCGGCGTCATCCGCGCGACGGGCACGCGGGGCTCGCTGCGTTCGAGCTCGCGCGCATCCGCATGGACTCGCTGGGCGACGAGCGAGGCGCGATCGAGCCGCTCGAGCGCGCGATCTCCGCGGGCGTGTTCCGCGAGGACGCGATGGCGAGACTGGTCCGTGCGTACGACGAGACGGGTCAGGACGCGCGGTGTCGCACGGCGCGCGAGCGCTACGTGCGCGCCTATCCCGAGGGCGTGCACCGCGCGCAGGTCGAGGGTCGCTGCGCCGAGTAACGTGCGGCGCGCGGCGACGATCTGGGCCACGGCGCTGGCGATCGAGCTGATCGCCGGCGCCGTCGCGTTCGCGCAGGAGGAGATTCGCGAGCCCGCGCCGCGCGTCGAGCTCGGGCTCGAGGGCGAGTGGCCCGACGCGCTGCGGCTCGCGGTGCGCGCCGATCTCGACGCGGCGCTGCGCGCGCAGGGGCTCGAGCTGGTGCACGCCGAGGACGGAGCCGAGCGCGTGGTCGCGACGGTGCGCGTGACCGCGCCGAGCGAGAGCGCGCCTGCGTGTCTGGTGCGCATCGACGACGTGATCACCGGCAAGCACGTGGAGCGCGCGGTCGATCTCACGCGCGTGCCGAGCGACGGATGGAGCGTCGCGATCGCGGCGGGCGCCGACGAGCTCCTGCGCGCGAGCTGGGCCGAGCTGGCGATCGCGGACGCGCCGCCGCCCGCGATCGAGCCGCCCCCTGCGGTCGAGGCGTACGTCGAGCAGCGCGTGATCGCGCCGATCGTCGACGAGCGCCTCGCGGCCGCGCTCTCTCCGCCGCTGCCGCGCCCCGCGCTCTCGCTCGGCGCGCGCGGCGCGGTCGAGGGATACCTCGGCGGGCTCACGCTCTTCGGCGGCGATCTGACGGTGCGGCTCTATCTCGCGGAGCGCGTGGGGCTCGAGCTCGGTCTCGGTGCGCGGGTCGGGCTCGACGAGGAGAGCGCGCGCGGCGTCGTGCGCAGCTGGATGCTCGGCGGTGAGCTCGGTCCGGTGTTCTTGCTGGTGTCGGCGCCGAGCCCGGTGCGGCTCGAGGCGTTCGTCGTCGCGCGCGCCGGATGGCTGAGCTTCGAGGCCGATGCGAACGGTGGATCGATCGCGCAGGACGCGGCCGGTGCGGTGGTGATGGCGCGCGCCGGCCTGCGCGCTGCGCTCGCCATCGATCGCAGCGAGCTCGGCGTCGCGCTCGGGCTCGGGGTGCCGATCCTCGGGCGCGAGGCGATCGACGATCGCGGCGTGGTCGTCGGGCTCACCGGGCTCGAGATCCACGCCGCGCTGAGCTTCGCCGTGGAGGTGCTGCCGTGAGGTGGTGCGCGCTCGCGCTGCTGATGCTCGCAGGATGCGTCGAGTCCGCGCGGGTGCTGGGGCCCGACGACGCCGGCACCACGCCGCCGGAGATCGACGCGCAGGTGCCGCGCGAGGATGGCCGCATGCCGATGCCCGGCGTGAGCGACGTGTCGGCAGGCGGCGCGCACTCGTGCGCGATCGTCGGTGGATCGCTGTGGTGCTGGGGCGACGGCACCGAGGGCGCGCTCGGCACCGGACCGAGCGGCGATCGCCTCGTTCCTGCGCGGGTCGGAGCGGCGAGCGACTGGCGCGCCATCGAGGCCGGGCAGGGCATGACCTGCGGGATGCGCGAGAGCTCGGTGTGGTGCTGGGGGACGAACGAGCTCGGTCAGCTCGGGCTCGGCGATCGCGAGCCGCGTCGCTCGCCCGCCGAGGTGCCGCTCCCCGGTGCGCCGCTCGTGGTGCGCGCGTCGCGCGAGTTCGTCTGCGCGATCATCGAGGGCGGCGAGCTCTTGTGCTGGGGCGCGAACGTCGAGGGCCAGCTCGCGCGCGCCGATGGCTATCCCGGTCCCGACGGGCTCACGCCCCAGCGCGTCGCGTCGGAGCTGCGCTTCCGCGACGTGTGCACCGGGCAGGGCCACGGGTGCGCGATCGCGACCGACGGATCGTTGTGGTGCTGGGGCCGCAACACCGAGAGCCAGCTCGGGCTCGGCACGGGGGTGCCGCTGCAGCTGCGCGAGCCCACGCGCGTCGGCACCGAGGTCGACTGGGCCGAGCTCGCGTGCGGCATGAGCCACACCTGCGCGATCGAACGAGACGGCACGCTCTGGTGCTGGGGCGCCGACTTCGCGGGACAGATCGGGATCACGCGAGGCTCGCAATTCGACGTGCCCACGCGCATCGACGCGGGGTGGAGCGAGATCGCGACCTACGTGTTCCACACCTGCGGTGTGAAGGACGACGGGTCGCTGTGGTGCTGGGGTCGCAACGCCGAGGGCCAGCTCGGCGTCGGCGACATCGACGATCGCAATCGACCGACGCGGGTCGACGATCGCACCGACTGGGCGCGCGTCTCGGTCGGCTGGTTCCACACCTGCGCACAGCGCACCGATGGGAGCGTGTGGTGCACCGGCGAGAACGGCGACGGACGGCTCGGTGTCGGCGATCCCGAGCGCCGCAACGTCTTCACCGAGGTGCAGGGCATCGGCGTGGAGTGAGTCCCTACCGGAGTGCTCGTCCCGCCGGTCCCGGACGGGAGCGCGCGGAGCGCGCGGACGGTAGGGACCGGCGGGCGAGCCGATTTTCGACGGGCTATGAGGGCGCGCTCTTGAGCGCGCGATCGCGGCTCGATACGGTCGCCGCGTGCCGGACGTCATCAACCCCGCATCGCTCGCGCCGCCGCGCGGGTACTCCAACGGCCTGCTCTTCCCCGCGAACGGCCGCGTGCTCTTCGTCGCCGGACAGATCGGCTGGGATCGCGAAGGCCACTTCCCGAGCGACGAGCTCGCGGCGCAGTTCGATCTCGCGCTCGCGAACGTGCTCGACGTGGTGCGCGAGGCCGGCGGCGCGCCCGAGCACGTCGGGCGACTCACGATCTACGTGACCGACA
NZ_CP070225.1_gap51	2383986	2386925	2939	ACCACCAGCGCGACGTCCTTCGTCGACACCTTCGGATCGAGCCACCGGATCAGCTCGTCGGTCGCGCTCGCGAGCGCCTCGGCGCCCGGCGTCCGCTTCGCGGGATCACGCGCGAGCACCTCGATCACCAGCCGATCCACCTCGCGCGGGATGCGCGGATTGATCGACGAGGGCCGCGGCACCTCGCACGCCGCGACCGCGCGCACCGTCGCGCCGTCGTCGTCGCGCTGGAAGAGCCGGCGCCCGCACAGCATCTCCCACAGCACGATCCCCGCGGCGAACACGTCGATCTGCGGCGTCGTCGGCTGCTGCTGGATGATCTCCGGCGCGAGATAGCCGAGCTTGCCGCCCATCATCCCGCCGCCGAGCTGCGTCTCGTGCACGTTCGCGTCGGCGAGCCCGAAGTCCGCGAGCTTCACCGCGCCGTCCTTGCCGAGCAGCAGGTTGTGCGGCGACACGTCGCGATGGACGATCTGCAGCGGGCGTCCCGTCGCGTCCTGCGCCTCGTGCGCGTACGCGAGCCCGTGCGCGAGCTCGCGCGTGATCCACAGCGCGGTCGCGACCGGCATGCACGCGCCCCGTGCGTGCGCGCGATCGAGCACCGCCTTGAGCGTCGTCCCCTCGACGAGCTCCATCACCATGATCAGCGAGCCCTGCACCTCGCGCGCGTCGTAGACCCGCACGATGTTGCGGTGGCGCAGCTGCATCCCGAGCCGCGCCTCGTCCATGAACATCGAGTGGTAGAGCTCCTGCGACGCGAGCTCGGGCAGCACGCGCTTCAGCGCGACCGGGTACGAGTCGCCGCCCTCGAAGTGCGCGAGCCCCTTCCACACCTCGGCCATGCCGCCCGCCGCGATGCGCTGCGTCGGCACGTAGCGCGTCGGCGCGCGCCGCAGCTTCGTCGAGATGCGCGAGTTGTCGGCGGGCACGCGCCGAGCGTCACCCCGGCACCCTCGCGCGTCAATGCGCCCGGGCTATGCTCCGCGCGCCATGAGCGACCCCGTCTCCGCCGAGCTCTTCCGCCGCGCCCAGGAGCGCTTCCCCGGTGGCGTGAATTCCCCCGTGCGCGCGTTCCGCGCGGTCGGTGGCACGCCCGTCTTCGTCGACCGCGCAGAGGGCGCGTACCTCTGGGGCGCGGACGGCAAGAAGTACGTCGACTACGTCGCGTCGTGGGGCCCGATGATCGTCGGCCACGCGCACCCCGACGTCGTGTCCGCGGTGCAGACGGCGATGACGCGCGGCGCGAGCTACGGCGCGCCCACCGCGCAGGAGACCGACCTCGCGGACCTGGTCGCGAAGATGGTCCCGTCGATCTCGATGATGCGCTTCACGTCGAGCGGCACCGAGGCGGTCATGGGCGCGCTGCGGGTCGCGCGCGGGTTCACGGGGCGCGACCTCGTCGTGAAGTTCGAGGGCTGTTACCACGGCGGCGCCGACTACCTGCTGGTCAAGGCGGGCAGCGGCCTCGCGACGTTCGGCGTGCCCACCAGCGCCGGCGTTCCCGCGTCGATCGCGAGCACGTGCACGGTGCTCCCCTACAACGACGTCGCGGCGCTGAACGAGCTCTTCGCGGCGCGCGGCAGCGAGATCGCGGCGGTCATCCTCGAGCCGGTGGTCGGCAACATGGGGACGGTGCCGCCGGACCGCGCGTTCCTCGACGCGCTCCGCGCGCTGACCACGGAGCACGGCGCGCTGCTGGTGTTCGACGAGGTGATGACCGGCTTCCGCCTCGCGAAGGGCGGCGCCCAGGAGCGCTTCGGCATCACCCCCGACCTCACCACGCTCGGCAAGATCGTCGGCGGCGGCCTGCCGGTCGGCGTCTACGGCGGACGTCGCGAGATCATGGAGAAGGTCTCGCCGATCGGCCCGGTCTACCAGGCGGGCACGCTCAGCGGGAACCCGCTCGCGGTGGCCGCGGGCCTCGCGACGCTGCGCATCCTCGATGGCGACGCGACCTTCTACGATCGCCTCGAGGCCGCGAGCGCCGAGCTCGAATCGATCCTCGTCGACGCGTCGAAGGCCTCGAAGGTCCCGGTCCGCGTCCAGCGCACCGGCTCGATGATCACGCCGTTCTTCTGCGAAGGAGAGGTGCGCTCGTGGGCCGACGCGGCGCGCTGCGACACCGCGGCGTTCGGTCGATGGCACCACGCGATGCTGGACTCGGGCGTCATGTGGCCCCCTGCTCAGTTCGAGGCCGGCTTCGTGAGCATCGCCCACGACCAGGCCACCCTGCAGCACACCGCCGCGGCCGCTCGGGCTGCGTTCGCCGCGGTGTAACCATCGGTTATCGCTGAGCAAAATGGCCAAGCGGGCGCGCGCCTGGCCATCCTTGCACCCCCCAAAACGCCATGCTACATGGCGCGCGCCGTCGGGCCTGAGGGAGTTTGTTGGGACCCGAGCAGCGCAAGCAGCTGAAGACGGCGGGCCGTGTCGGCTCCGTCGGGCTCGAGCTCGTGATCGCCACGATGCTCGGGTACTTCGGAGGCACCTGGCTCGACGGAAAGTTCGGAACCAGCCCCATTCTCACCTACGTCGGATTGGCCCTCGGCATCTTCGCCGGCTTCAAGGGCCTCTACGACCTCGCGAAGAGAACCAACCTCGACGAGCTCTGACGCTCGCATACCCCTGAGCACATCTTGGAACACCGCATCGTCGACACGATCACGCGCTGGGTGGGAGCGAGCACGCTTCCTCTCGTCGTGATCGCGTTCGTGGGCGGCGGCTTCGAGCGTGGCCTCGGCGCCATCGCGGGCGCGTCGCTCGCGGTGCTCAACTGGCTGGTGATCCGCTGGGTCGTGATGGCGATCGTGCGTCGTGGTGAGCGCGGCTTCGGCCTCACCGCGGTGCTCGTCGCGAAGATCGGCTTCGTCCTCGCGGGCGCGGCGATCCTGCTCCGCATCTTCGACGCCACGGGGTTGATCCTCGGCGTCAGTGCGCTC
NZ_CP070225.1_gap52	2391828	2393775	1947	GAGCGCGCTCGGGATCACCACCGTGATCCTCGATCGGCCGAACCGGCTCGGCGGCGTGGTGATGGAGGGCGCGCCGCAGCGCGACGGATATCGCTCGTTCGTGGGGCTGCACGACGTGCCGGTGCGGCACGCGATGACGATCGGCGAGATCGTCACGATGGTCGCGACGTCGCGCGGGATCGCGCGCGAGGCGCTCGAGATCGTGACGATGGAGGGCTGGGACGCGACGCGCGGGTGGGACCTGCCGTGGGTGCTGCCCTCGCCGAACATGCCGACGCTCGACACCGCGCGCGTGTATCCCGGTGGCTGTCTGATCGAGGGCACCAACTTGAGCGAGGGGCGCGGGACCACGCGGCCCTTCGAGATCTTCGGCGCGCCCTTCGTCGACGGACGCGCGCTGGCGCGCGACGTGGTGATCGAGGGCGCGACGCTGCGGCCGCTGACGTTCTCGCCGACGTTCCACAAGCACGCGAAGACGGTGTGCGGCGGCGTGCAGGTGCACGTGATCGACGAGGCGCGCTTCGCGCCGTACGCGGCGTACGTGCGGATGCTCGCAGCGATCGCGCGCGCCCATCGCGCCGACTTCGCGTGGCGCACCGAGCGCTACGAGTTCGTCGATCACGTCCCCGCGATCGATCTGCTGTGCGGTGGGCCCGAGGTGCGCGAGGCGATCGACGCGGGCGCGGACGTGGACGCGATCCTCGACGCGGAGCGCGATGCGGTGGCGCGCTTCGGCGAGGAGCGCCGCGCGTGGCTGCTGTACCCGAGGTGAGCAAGCCCGCGCGCGTGCAGGGCATCGACGTCGCTCGTGGGCTCGCGTCGATGCTCATGGTGCAGGGGCACGCGTTCGACGCGTGGGCGTCGCCCGAGGCGCGCGAGACGACGTGGTACACGATCGAGCGCGTCTTCCTGCAGACGCTCGCGCTGCCCGCGTTCCTCGTGCTCGCGGGCGCGTCGCTCTCGCTGAGGGTCGAGGCCGCGGCGCGCAAGGGCGAGCGCGCCGACGACGTGCGACGCGCGGTGATGTCGCGCGCGCTGCAGATCGTCGCGGTGGGCTACGCGCTCAACGCGTTCTCCGCGATCGTCGACGGCTCGGAAGGGATCGTCACGTGGCTGCGCGCCGACGTGCTCCACGTCATCGGGCTCTCGCTCGCGTCGCTCGCGCTGGCGATCCGCGGTGAGCGCGTTCGCGCGGAGGTGGTGACGCGGGTTGCGATCGGGATCGCGATCGTGCCGATCGTGATCTGCCCCTGGGTGACGCGGTGGTCACGCACCGTGGAAGGGCCGATCGGCTGGGTGCTCGGGCTCTTCGCCGACGTGCCGGGGATCACGCGGATGCCGTGGATCCCGCTCGCGTCGTGGGCGGCGATCGGGTTCCTGGTCGCGCGGCTCATGATCGCGCGCAACCGCGAGGCACGCAGCGCAGCGGGCGCGCCGACGTCGTTCGTGATCGCGATGGGCGCGATCGCAGGCGTGGTCGTCGTCGTGGGCACGTGGGCGCAGCGCGCGATCGTCGATGCGCTCGGTGGGCCGCTCGATCGTGCGCACGTCGCGGTGATCGCGAACGCGGTGCAGCTCGTCGCGCGCGGTGTGCTCGTGCTCGCGATCGGTGCGCTGATCGCGCCGCGCTTGCCGGAGCGTGTGCGGTGGCTTTTCGTGGTGATGGGGCAGGGCTCGCTGTGGGCGTACGCCTTCCATGTGCCGCTCTGCTACGGGCGCTTCGCCGAGGTCACGGGCTTGCGCGAAGGGCTCTCGCTCGGTGCGTGCGCGCTCGCGGCGACGCTCTTGGTGGTCGCGAGCTGGGGCGCCGCCGCGCTCAAGCGCGTGAAGGATCGGCGGTGGGCGAATTCGTGAATGGTCGCCCGATGTTGCGCATGTCGCACCGACGCGTGCGCCGTGCTCGCGGTACCACGAGTTCCTTGTGATCGACCCCCGCCTCGTGCGTGA
NZ_CP070225.1_gap53	2412136	2415422	3286	CGACGCTCCTCGCCGAGCCGGAAGATCAGGTTCGCGAGCTCCTGCTCGCTGGTCTCCGCGATCAGCTCGCGCGCGCTCAGCCCGCGCGTCGGATCCATGCGCATGTCGAGCGGGCCCTCGGCGCGGAACGAGAACCCGCGCGTCGCGTCGTCGAGCTGCGGCGAGCTCACGCCGAGATCCGCGAGCAGCCCGTCGACGCGCTGGTCGCCGAGCACGTTCTGCAGCTCGGCGAACGCGCCGTGAACGAGCTGCACACGATCGCCGAAGCGCGCGAGGCGCGGCGCGGTCTCCTCGAGCGCGCGGGGATCGCGATCGATGCCGATCAGCCGACCATCGGGCGCGCTCGCCTCGAGGATCGCCTCCGAGTGCCCGCCACGACCGAGCGTCGCGTCGACGTAGAGCCCGCCGCTCTTCGGCGCGAGCTGCGCGAGGACCTCGGCGAGGAGCACCGGCGCATGCGTGTAGACGGTGTCGCTCACAGCCCCAGCTCCGCGAGGCGCTCGGCCATCTTCTGCTTCGCGCTCTCGTCCGCGAGCACCTGCGCGCGCAGACCGGCGAAGCGCTCCTTCGACCAGAGCTCGATGTGCTTGCCCATGCCGGCCCAGAGCGCCTCGCGCTCGAGCTCCGCGAGCTCGCGCAGCGTCTGCGGGATCAGCAGGCGACCCACCTTGTCGAGCTCCACCTCGACCGCGCCCGACACGTAGAGACGGCGGATCATCGCGACGCTCGGATCGAATCGTGGAAGCTGCGAGAGCCGCTCCTCGAACGCGATCCACTCCTTCATCGGATAGGCGACGAGGCAGGGATCCACCCCGGCCGTGATCACGAGGCGCGACTCGCCCTGCGCCGCGAGGATCTCGCGGAAACGCGAGGGGACGGAGGTCCGCCCCTTCTCGTCGATCGCATGCGCGTACTGCCCTCGGAACAAACCGCCTCCTCGTCAGAGGAGCCTCGGAAGCGTTCGCAGTGCCGCGGCCTGGCACCGCTTACCACCGCTTCCCACCGCGGCCGAACCTACGGGAGCGATCCCAGCGCTGTCAACTTCGCACCGGACGCGGATCGCACGATTTCGTCGATGATCGCAGGTCCACTCGGCGAGGTGGTAGAAAGTGGATCGAAACCCCGCTCCACCGATCTGATCGAGTGTTCATGTCGGAGGCGCTCGGGCGACGCGGTTAGAGTCGATGGGGATGGACGAGGACCTGGAGCGCGCGTGGAACGAGGTGCTCGCCGCGTGGGACGACGGCGATCGGCACAAGCGCTTCCTCGTGCTCGCGGAGACGACCGATCGCCTCGCCGAGGCGGGCCGCCGCTATCGCGAGGTGAAGGAGCACGATCCCGCGCGGCGCGCGGACGCGGAGCGGCGCATCGACGAGATCCTCGGGCGCGCGATGGCGCGCATGAAGGTCATCGAGCAGAGCGACCCGAAGCCCTCGCGCGGCAAGATCGAGTGGATCGCGTTCGGCGTGAGCGCGGCGCTGATCGCAGCCGCGCTGTACCAGCTGCTCGGCCGCGGACCCTGAGTACGCGATCTCCGTGATTGCGCCGGGGCGCAGCGTGCGCGTAGCCTGGGTCGCCGCGCCATGCAGCTCGATTTCAAGGCACGCGAGCTGACCGTCAAGCTCGTCTATTACGGGCCGGCGCTCAGCGGGAAGACCACCAACCTCCAGGCGGTGCACGAGCTCGTCTCGCCGCAGGCGCGTGGTCGCCTGATGACGCTCGAGACGAAGGACGACCGCACGCTCTTCTTCGATCTGCTGCCGCTCTCGGTGCAGGCGGGGCGGGGCCTCTCGGTCCGCATCAAGCTGTTCACCGTTCCCGGCCAGGTCATCCACAACGCGACGCGCCGGCTCGTGCTCCAGGGCGCCGACGGAGTCGCGTTCATCGCGGACTCGCAGCGCGCCGAGACCAAGGCGAACGCCGCGGCGTTCGTGAACCTGCGCCAGAACCTCGTCGAGAACGGGATCGATCCCGCGGCGATGCCGCTGGTGATCCAGTTCAACAAGCGCGACATGCCCGACGTGCGCACCGACGTCGAGATCGACGCGCTCGCGGCGAAGGGCAAGGAGCCCGTCTACAAGGCGATCGCGCTGCGCGGGCACGGCGTGCTCGAGACGCTGATCGGCCTCTTCGAGATCACGTGGAGCAAGCTCGAGCGCGAGCACCAGCTCGCCGAGAAGTTCGGCGTGCAGGGCGCGGATCTGCTCGGCGAGGTGCGCACCAAGCTCGGCATCGAGCCGGCGCGGCGGGAGGTGGCACCGTGAGCAGCGCGGTGGACACCGAGCTCAGCCTCGCGGACGTCGCGCGCCTCGAGGACGTGGTCGATCGTGCCGCGCTCGCCGAGGTGTGTCGCTCGTTCTTCGAGCTGTTCTCGCTGCCCGTGCGGGTGTTCTCGCGCGACGGGACGTTGCTGAGCGACGTGCACGAGGAGCAGGCGATCTGCCGCTACGTGAACGGGTTCGCGCCCGGTCGCGCGGCGTGCAGCAAGCTCGTGGGCGAGGTGCGCGCGATCGATCCCGAGGACGGACCGGTCGAGCATCCGTGCTTCACCGGCGCGTGTTATCGCGTGGTGCCGATCCACTACCAGGGCCGGCGATTGGGCCGCTTCGTGGTCGGTCCGTACATGCCCGCGGAGCGACGCGAGGTGCCGCGCTCGCTGCTGGTGCTCGACGATCGCATCGATCCGCGGGCGGCGCGCGACGCGCTCGGCGAGATGCCGCGGGTGCGTCAGGAGACGATCGAGCGCATCACCGAGCACCTTCGTCGGGTGCTCGATCTGATCCTGTTCTCGGGGCACCGCGCGTACCTCACGAGCCAGATGCACGTCGCGAGCGTGCGCGAGAGCTACCGCGAGCTCACCGAGAAGACGCAGCGCCTGCAGGACGCCTACGATCGACTGAAGGAGCTCGACCGCCTCAAGTCGAACTTCCTCGCGACGGTGAGCCACGAGCTGCGCACGCCGCTGACCTCGATCATCGGGTACAGCGACATGCTCGCGTCGGGCATCGCGGGCGAGCTCAACGGCGAGCAGCAGGAGTTCGTCGAGACGATCCGGAGCAAGGGCGATCACCTGCTCGCGCTGATCACGAGCCTGCTCGATCTGAACAAGCTGGAGCAGGGCAACCTCCCGCTGCGTCGCGAGCCGGTCACGCCCTCTGCGCTGATCGACGATCTCGCGAAGACGGTGCTCCCCCAGGCGCAGAAGAAGGGCGTGCGGGTCGAGGTCGACGTGCAGGGCGCGCGCGAGCCGATGCCGCTCGACCCGGTGCGCATCAAGCAGGTGCTC
NZ_CP070225.1_gap54	2513111	2518022	4911	CGCGCGGTCTCGACGCGCAGCTCACGACGTTCCCCTATCCGCACGAGGTGCGGATGCATCCGATCGTGATGCAGGGGCATGCGCTCGAGATGGCGTACATGGACGTCGCGCCCTCGGGGCCGGCGCGCGGAACGGTCGTGCTCCTGCACGGGAAGAACTTCTCGGGCGCGTACTGGGCGCGCACCATCGATGCGCTCGTCGCGCTCGGCTTCCGCGTGATCGCGCCGGATCAGATCGGGTTCGGTCGATCGAGCAAGCCGATCGACGTGCAGTACTCGCTGCACACGATGGCGCGTCACACCCTCGATCTGCTCGACGCGCGCGGCGTGCAGGGCGTCGCGGTGGTCGGGCACTCGATGGGCGGGATGCTCGCGACGCGGATCGCGCTGGTCGCGCCCGATCGCGTCGAGCGGCTCGCGCTGGTGAGCCCGATCGGGCTCGAGGACTGGCAGCGCGTCGCGCCCTACGCGACCGTCGACGCGCTCTACCAACAAGAGCGACGGCGCACGCCCGACGACGTGCGCGGCTACATGCGCGACGCGTACTTCGCGGGCCGGTGGGACCCCTCGTACGAGGCGCTCGTCGCGATCCAGGTGGGCTGGCTCGAGGGGCCCGACGCCAACGTGATCGCGCGCGTCTCCGCGCTCACCAGCGACATGATCTTCACGCAGCCGGTGGTGCACGAATTCGGCGATCTGCGCGTGCCGACGTTGCTCGTGATCGGACAGCGCGATCGCACCGCGCTCGGTCGGGATCGTGCGAGCGCCGAGGTCGCGGCGACGCTCGGCGACCATCCCGCGCTCGGTCGTCGCGCGGCCGAGGCCATCCCCGGCGCGCGTCTGGTCGAGCTCGACGACGTCGGGCACGTGCCGCACTTCGAGGCGTTCGATCGGTTCTTCGAGCCGCTCTCGTCGTTCCTGACGGACGAGCGATGAAGCGCGTCGTGATCGATCGGCCGGGCGGCTACGAGCGGCTGCGCGTGGAGGAGGCGCGCGACCCCGAGCCCGCTCTCGACGAGGTGCGCGTGCGGGTGCGCGCGAGCGGCGTGAACTACGCGGACTGCGTGATCCGCATGGGGCTCTACGAGTCCGCGAAGCACTACGTCGGGTATCCGATCACGCCGGGCTTCGAGGTCGCGGGCACGGTCGACGCGGTGGGCGCGCTCGCGCGCGACGTCGCGATCGGGACCGAGGTGATCGCGGTCACGCGCTTCGGCGGGTACGCGTCGCACGTCGTCGTGCCGCGCGCGCAGATCTTCGCGAAGCCGCGCGCGCTCTCGTTCGACGAGGCGGCGAGCATTCCTGCCAATTTCCTGACAGCGCACTGGGCGCTGCTCGGGCTCGCGAAGGTGCGCGCGGGCGAGACGATCCTCGTGCACTCGGCGGCGGGTGGCGTCGGCGGCGCGCTCGCGCAGCTCGGTCGTCGCGCGGGGGCGCGCGTGATCGGCGTCGTCGGTCGTCGCGAGAAGATCGACGTCGCGCGCGGGCTCGGGTGCGACGTGGTGATCGACGCGTCGAGCGAGGACTGGGTCGCGCGGGCGCGGGTGCTCTCGCCGCGCGGATACGAGATCGTGCTCGATGCGAACGGCGCGTCGACGCTGCGCGCGAGCTTCGAGCTCCTCGGCACGCCGGGGCGGCTCGTGATCTACGGCTTCCACTCGATGCTGCCGCGGGGGCGGGGGCGTCCTTCGCTGACGCAGCTCGCGCGGACCTGGCTCGCGACCCCGCGCTTCGATCCCCTCGCGATGACCGGCACGACCGCAGCGTGCTCGCGCTCAACCTCAGCTATTTGTTCGAGGAGCGCGCGATCCTCCACGAGGGCATGCGCGATCTGCTCGATGCCTTCGCGCGCGGGGAGCTCGTCGCGCCGCCGATCACGCGCTTCGCGCTCGACGACGTGGCGGACGCGCATCGCGCGATCGAGACGGGGACGACCGTCGGCAAGCTCGTGCTCGTGCCGTCGTGAGCGCGGTACGCTCGTGACGTGGTGGACTGGGAGCGGGTCCAGCGCGAGCGGGAGGAGCGCGAGCTTCGCGCCGCGGCGCGTGCGCGAGAGGAGCGCGAGCGCGGCAAGAAGGGGCTCGTCGCGATCGCGTCGCTCGCGATCGCCGCGCTCACCGGCGCGCTGGGGTGGGCGATCGACCGGCGCGCGCTCTTCGTCGCTTCGCTGCAGGCCGCGGGCGTCGGGCTCGCGGTGCTGCTGGTCTACGTGGTGGAGCAGACGAGCGGGCGCGGGATCGAGGAGCTCGATCCCGCGCCACGCAGCGTGGTGCGCGGTCTCGCGTTGTTGCTGATGGTCGCGCCCGCGCTCGCGTTCTTCGCGTGGGCGGCGCAGCAGCTCTGACTCATTATCAGTGCGACCAGTCCGCGTGCGATGCGGCGTGCTCCGCGATCGCGCAGGGGACGCGGTGGTTGCCGCCGATGTCGGCGAAACGGATCGCGCCCGCGAAGTCGCGGCCGTCGTGCTCCTGCACGAAGCTCACCGGCGTCGCCTGGCAGAGCCCGCTGGGGAAGCGCGCGATCGCGACGCCGCCCATCGCGCGCCGCAGGATGATGCCGGTGTGGCGGTGCCGGATCGTCTCCCAGTCGCTCGACGTGAGGCGCAGCGCGAGGAACGTCTCGGGCCAGCGGCGGCCCGCCGCGCCCTCCTGGAGCGCGCGGAACGCGGTGTCGCGGAGCGCGCGCTGGTTCATCGCGTCGGAGTGCGAGGTCAGCAGGCCGCGCACGATCCCGTCGAGGTACGCGTCCGCGGTGAGCGGCTCGGCGTGCAGCACGCGACGATCGGGGGCGTCGCTCTCGGGCGCGCTCTCCGCGAGCGCGATCGTGCCCGCTCGGAGCGTGCCGATGTACGCGGTCCCCGGCTGCGTGAGTGAGGGGTTCGGCCCGCCGAAGACCACGCGCCCGTCGCAGCCGATCGCCCAGAGGTGCGTGAGCTCGGTCTGCACCGCGAACGTCCCGCTCGCGCCCGGCGCGATCTCCACGCGCGTGTCGCCGTAGCCCTGACCGTCGTTCGTCTCGATGCGACAGATCGCGCTCGACGTCTGGTTCTCGAGCGTGACCTCGCCGCGATGCGGACCGCTCGGCTGCGCGGGCGCGGCGACCTCGGTGAAGCGCAGCTCGAAGGGCGCGCTCGTGCCCGCGCGGTAGGTGCCGACCCAGACCTGGTGCGCGCCCTCGGCGAACGCGCCCGCGACGCGTGGATTGCGCGAGCCGCCCGAGTCGTCGTCGCAGGCGAAGGTGCCGTCGGGGTGCTGCACCACGAGCGTCGTGTCGGCGCTCGAGGTGACGCGCAGCTCGAGGCCGTCGAAGGGCGCGCTCGCGTGGAGCACGAGGGTGGGCTCGTCGCCGATCGCACCGACGCACTCGCTCGAGAGCGCGTTCGCGGCGCGCGCGCCGCTCGCGGTGCCGGTGATCACGTTCGCGTCGGTCGAGAAGCCGCGATCGAGCGTGAGCTCGGTGCTCGCGGTCGAAGTGGTCGGCTCGGCGGCACGGCCGCGGCCGAGCAGCGAGCACCCGGTGAGCGAGACGAGCGCGAGCGCGATCACGATCGAGCGATGGTTCATCGTGCGTGTTCCTCCTGGCTGCGTCGTATCGCGCCGGACCGCAGCGGCGCGCGGCGCGTAAGGAGTCGTAAGGAGGGGCGCAACGCGCGGGCGCGGTCCGTATACTCGGCGCGCTGGATGCTCACGGAGAACGCGCTCCACCGGGCCTACCGCGACATCACGCTGCTGCGCGCGAACCTCGGGTTCCGCTTGCTCGCGGCGCGCCGTGTCGGGGATGGCCGCGCGTGTGTGCTCGTCGCGCCGAACCGCCTGCGCGATCCCGCGCGATCCCGCGCTGCGCTCGAGCGGGCGGCGGCGGCGCACGCGCGGATCGAGCACCCCGCGGTGCCGCGTACGACGCGGCTGCACGAGGTCGAAGGGCGACCCGTGCTCGAGCTCGAGTGCCACGCGATCGCCGATGGGCTCGAGCTGCTCCGGCGGCTCTCGGCGAGCGGCACGTTGATCCCGTACACGGCGGCCGACGGGTTCATCGTCGGGCTGCGCGTCGCGCTCCAGGCCGCGCACCGCGTCGGGCTCTGCCTCGGGCGGATCTCCAATGCGAACGTGCTCTTCGGGCCCGACGGACGCCTTCATCTCGTCGGCTTCGGCCACAATTTCGCGCTCGAGGACGAGAACGGGCTGCCCGAGCCGAGCATCCCGCAATTCGCCGCGCCCGAGCTCGCGATGGGCGGCGCCGCGAGCCCCTCGGGCGACTACGTCGCGCTGCTCGCGCTGATGCGCGCCGGCATCCCGATGGTCGACACCACCGGCGCGATGCGGCGTGTCCTCGGAGCGATCGCGACCCGCACCGACGCGGCGCTGCTCGAGCTGGTGCTCTGGGTCGAGCGGCGCGTGATGTCGGCGATGCCCGACGCGCGCGCGAGCATCGACGAATCGGTGGCGACCGCCGATCGCATCCGCGCGCTGCTCGGTGTCGAGCCGGACCACGCGGGGTTCGCCGCGCTCGCGGCGCGCACGCTGCGCGATCCCGCGATGGGCGAGGCGCTCGTCGCGCGCGGACCGAGCGGGCAGCCCTCGCTCGTCGTCGGGCCCGACGCCGAGTGGATCCAGTGGGACGAGGAGCGACGGCGGCTGCGTGGTCCGATGCGCCGCGTGCTGCTCGTGCTCGTCGAGAAACAGCAGCTCGGCTCGCCCGAGCCGGTGCGCACGGTGGATCTCGCGGAGGTCGGCTGGCCCGACGAGCAGGCGGAGCACGAGTCCGCGCTGAACCGCGTCTACGTGACGATGAACCGGCTGCGCAAGGTGCTGCCCGAGGGCAGCGTCGAGCGGTTCGACGACGGCTATCGACTGCGGCCCGAGGTCGCGGTGCATCGCGTCGGCGTCTGATCGCCTTACACGCTCTTACGACG
NZ_CP070225.1_gap55	2554655	2559346	4691	CGCGACCGCGTCGAGCATCGGCTGGCCCGCCTCGCCCACGATCTCGATCGACGAGCCGCGCGACTTCGAGGTCATCGCCTCGTGGGCCATGCCCACGTCGTTCCAGATGCCCCACGCGATCGCGGTCGCGGGCAGCCCGCGCTCGCGACGGCTCTGCGCGAACGCGTTGAGGAACGCGTTCGCCGCGACGTAGTCCACCTGGCCCGCCGCGCCGATCAGGCTCGACGTCGACGAGAAGAGCACGAAGAAGTCGAGCGGCTTGCCCGAGAGCACGCGGTCGAGGACGAGCGTGCCGTGGATCTTCGGCGTGAAGACGTCCTCGCACTCGCCCTGGGTCTTCTGCGAGATCAGCGCGTCGCGCACGACGCCCGCGGTGTGCAGCACGCCGTCGATGCGACCGAACTTCTGCTCGGCGCGGCGCACCACGTCGCGCATCTCGCTCTCGATCGTCACGTCGGCCGCGGCGACCATCACCTCGGCGCCGATGCGCTCGAGGGCGCGCACCTTCTGGATCCGCTGGCTCGTCTTGTCGTCGGGGCCGAACGCGCGCAGGTGCGCGTCCCACTGCTCGCGCTCGGGCAGCTCGGTGCGACCGACGAGGATCAGCTTCGCGCGGCGAGACGACGCGAGGTGCTCCGCGAAGAGCAGGCCGAGCCCGCCGAGGCCGCCGGTGATCATCACCACCGCGCCGTCCTTCACGCGCCCGTGCAGCGTGCGCTCGATCGTCGGCAGCTTCTGCTGCTCGAGCGCCTCTTCGAAGCGCACCGCGCCGCGCAGCGCGACGACCGCGTTGCGCGCGGGCGCGAGCACCTCGGCCTCGAGCTTCTTCGCGAGGTCCTCGAGCTCCTCCTGCGCCGCCTTGCGGCCCGCGAAGGGATCGATGAGCGCGTTGAAGAGGTTGCCGCCGAAGAGCTTCGAGCTCGTCTCGGGCAGGCGCAGATCGATCGCGCTGCACGTGACGCCCGGCATCTCGCGCGGGATGACCTTCACCGGCCCGAGCAGCGTCGACTTCTCGGGGTAGGGCAGGGCCTCGTGCTCCACTTGCGCGAGGCCGTTGCCGACCATCGTGATGTGGATCGGCGTCGCGAGCGCCTCTTCCTGCATCGCCTGCCCGAGGAAGAGCAGCGAGTAGAAGCCGCGCTCCTGGTTGCGATGGAAGAAGCTCGAGCCGGGACGGAACGACTCGTCCGCGGTGACCATCCACAGGTGCGCGATGCGCGACGGCGCGTGCCCGCTCTTGATCAGATCCTGGAGCAGCGCGACGTAGCCCTCACGGCCGCGCTCGGGCGCGATCGCGTACTCGGTGTCGCTGCGACGCACGTACGCATCGCCTTCCCACACCGAGATCACGTTGTGGCCGTGCGACGCGAGCCGCTCGCGCAGGCGCTTGCCGAGGCCCGCCGAGTCCATGAAGACCAGCCACGTCTGCGGCTTCGTCGACTCCGGCGGCTGCACCAGCGAGGGCCGCCACACCGGGCGCCAGCCCCACTCGCTCACGTCCTCGAGCTTCGGCAGGTCGCGCACGTCCTCCTCGAGGACCTGCACCTTGCCGGGCTGGATGAAGAAGTACTGGCGCTGGAACGCGTAGGTCGGCAGCGGCACGCGCTTGCGCGTCTCGCCGGCCCAGAGGCGGTCCCAGTCGAACGTCCCGCCCGCGGCCCACACGCGGCCGAGCTGCGTGAGGAAGTACGCCGCGTCGTCGACGACCTCGTCCTTGTGGCGCAGCGAGACGAGCGCGTGGGTCTGCGCGCCGCCCGACGGATGCTGCTTCGCGAGCGAGCTCAGGGTGCGGCCGGGGCCGACCTCGATGACGACGCGATCCTTCGTCTCGAACAGCGTGGCGAGGCACTTCGAGAAGTCGACCGAGCCCCGCAGATGCCCGACCCAGTACTCGGGATCGATCGCCTGCGCGTCGGTGATCCAGGTGCCGGTGCGATTCGAGAGGAACGGCGTCTTCGGCTTGCTCAGCTTGATCGACTTCAGGTACGCGCGGAACTCGCCGAGGATCGGCTCGAGCATGCGCGAGTGCGCTGCGACCGGGATCGCGAGGCGCTTGTGCTCGATCTCGCGCTCCGTGAGCTGCGCCTCGAGCGCCTCGATCGCGGGGAGCGGGCCCGACACGACGGTCACGTCGGGCACGTTGATCACCGCGATGTCGACCGCGCCGCCGACGATCGGCTCGAGGTCCTCGCGGCGCAGCGCGACGCTCGTCATCGCGCCGCCGGGCACCTTCGCGAAGAGCTTGCCGCGCAGCGCGACGAGGCCGAGGCAGTCCTCGAAGCTCATCACGCCCGCGAGGCACGCCGCGGTGTTCTCGCCGAGCGAGTGACCGAGCAGCGCCGCGGGCTCGACGCCCCAGCTCTTCCACAGCTGCGCGAGCGCGTATTCGACGATGAAGATCGCCGGGAGCTGGTGCGGCATCGCCTCGAGCTCGGCGTTCGCGCCTTCGAGCTCGTCGGGCTTGCAGAAGAGCAGCGGGCGCAGGTCGATCCCGTGCTTGCTCTTCAGCAGGTCGAGCCCGCGATCGACGTGCTGCTTGAACACCGGCTCGGCGTCGTAGAGGTCCGCGCCCATGCGCGCGTACTGCGCGCCGCCGCCGGGCAGCAGGAACACGATGCTCGGCTTGTCCGCCTTCGTGTCGCCGAACACGCGGCGCGGGTCGCTCTCGCGCAGCAGCTTCGCGGCCTCGGCGTGATCGCGCGCGACGACGACGCGACGCTTGTCGAACTCGCGACGCCCGACGTGCAGCGTCCACGCGATGTCGGCGAGCTTCGTCTGCGGGTTCGCTTCGAGGTACGCAGCGAGACGCTTCGCGTTGTCGTCGAGCGCCGCGTTGTTGCGCCCGCTCACCGTGAGGAGCTGCCACGGGCGCTTCGCGTCGCTCGACGCCTTCGGCTCCGGCGCTTCTTCGAGCACCGCGTGCGCGTTCGTGCCGCCGACGCCGAGCGAGTTGACCGCCGCGCGTCGCGGGTGATCGCCGCGCTTCCACTCGGTGAGCCGATCGTTCACGACGAACGGGCTCGTCGCGAAGTCGATCGTCGGGTTCGGCTTCTCGTAGTTGAGGCTCGGCGGCATCTGCCGGTGGTAGAGCGCGAGCGACGCCTTGATCAGGCTCGCGACACCGGCCGCGTTGTCGAGGTGCCCGATGTTCGACTTCACCGAGCCGATGCGGCAGTAGCCGACGCGCTTGGTCTCCTTGCGGAACGCCTGCGTCAGCGCGGCGATCTCGATGGGGTCACCGAGATACGTGCCCGTGCCGTGGGTCTCGATGTAGTCGATGGTGTCGGGCGAGACGCCGCTCAGCCCGTACGCCTCGACCATGCAGCGCGCCTGACCGTCGACGCTCGGCGCGAGGTAGTTGACCTTCGTCGAGCCGTCGTTGTTGACCGCGGTGCCCTTGATGATCGCGTAGATGTGATCGCCATCGGCGAGCGCATCATCGAGGCGACGCAGCACCACGATGCCGGTGCCGCTGCCGAACACGGTGCCCTGCGCGCGGTGATCGAACGCGTGGCAGTGCCCGTCGGGGGAGAGCACCTCGCCCTCGTGATACAGGTAGCCGCGGCGATGCGGCATCTCGACGGTGACACCACCGGCGAGCGCCATGTCGACCTCGCGCGCGAGGAGCGACTGCACCGCGAGGTGCACCGCGGTGAGCGACGACGAGCACGCCGTCTGCACCGCCATGCTCGGCCCGTGCAGGTTCAGCAGATACGAAACGCGCGTCGGGAGGAAGTCCTTGTCGTTCCCGGTGTGGCGCAGCAGGAAGAGCCCCACGTCGCGCGTGAGCTCGGGGTTCGTGCAGAGGTTGAACGCGAAGTAGAAGCCGGGGCCGCACCCGCTCCACACACCGACGGGACCGTCGAACTTCTCGGGCGGATGGCCCGCGTTCTCCATCGCCTCCCAGGCCGCCTCGAGGAACTGGCGGTGCTGGGGATCCATGATCGCCGACTCCTTCGGGCTGAACCCGAAGAACTCGCCGTCGAACATCTCCATGTCGTCGAGCGGCGCGCCTGCGCGGACGTAGTTCTTCTTGCGCAGGTTCTCGGGCGACTCGCCCGCCGCGAGCAGCTCTTCGTCGGTGTAGCGACGGACCGACTCGACGCCGTTCTTCAGGTTCCGCCAGTACTCGTCGACGCTTCGCGCGCCGGGCACGCGCGTGGCCATGCCGACGATCGCGATCGCGTTGCCGTCGACCTCGCCCTCGTCGTCGACGTTCTGGTCCTCGATGGAAGTCTGGTCCGACATCGTCTCGGTCTCGTCCGTCAATCGCGAAACTGTTTGCAGGCTCGCGGACTGAACGCCGCGAACGCGCGAGGCCCCCGCCTCAGGCGGCGAGCGCCAAGGTGCCCCGCCCCGCTGCGTTTCGCAATCGGTCGAATGAGTGCGCCTGCACTGTGAGTGCAGCACGCGCGGACACGGTTCCCCCGACCCTCCGATCACCTCTTGCCGAATCGCGCGACTCCCCGCGCGCACCGCCCGCACACGAGGATTCATCGACACCCCGTGACGGGCTCGCAACGTCGACGAATCGCGCTTGCTCGCGTCGGATGGGGCTGGCTTGCGGTCCACGCGAGGGGAACGTATGCGATGGGCTCGAATGGTGGGGCTGCGAGTGAACGGCGAGGACCTCGAGGTCGACGCGCCGGACGACATGCCGCTCCTCTGGGTGCTGCGCGACGTGCTGGCGC
NZ_CP070225.1_gap56	2583912	2587585	3673	GACCTGGCCGAGCACGCTCACCAGGCGCCCGAGGTCCGCCGGGACGTAGAGCGTGTCGCCGGGGCGGACGCGGATGTTGTGGCGAGGATCGCCGGTGAGCGCGACCTCGAGCGAGATCGGCAGGGCCTCGCCGTTGCGCACGAGGCGCGCGCCGCCGAGGTCGCCCGACGGCATCGAGAAGCCTTCTTCCTCGGCGACCGCTGCACCGCCCGCCGCGGCGAGCAGGTCCGCGAGGCGCATGCCCGGCGTCACCGCCACGCGCCCGGGCGTGCCGACCGCGCCGAGCACGCTCGCGAAGTGCCCGCTGGGCTCGCTCACCACGAGCGACACGCGCGACGTGCGATCGAACTGGCGCATCGCCTCTTCGACGCGACGCTCGGCGTCGGTGAGGTCGAGACCGCCGACCGGCACGTCGCCCGCGAGCGGGATGTGCAGCACGCCGCGCTCGTCGACGACCAGGCCCTCGTACTCCTCGGTCTCGGTGCTGATCAAGCGAAGCGTCACGACGTCGCCCGGGTAGAGCTGCATCGCGGCGGCCGCGTCGTCGGCCATGCCCGGCGGAGTCAGATCGGCGCGTTGGAAGCGCGCGTCCTCGCTCGGCGTGGTGGGCGTGCGTGGCAGGTTCGGCGAACAGCCTGGACCGAGCGAGCCAGCGATCGCCGCCGTGAGGACACAGGAGAAGAGGTTCCAGTGTCGACGGAAAGGCGAGCTGATGGTCATCGGAGTCCCACCTACTCCCCCGGCGACGGGCTTGCAAGCGGCGAGTATCGCCGTTCGGACGTCCGCTCAGAGCTGCGTGATCTCGCGCGGCGGCAACGTGCGACACGTCGGCAGCAGTACGAAGTCACGCAGGGTCACGCCGTCCGCGTCGACGTCGAGGCGATGCACGCCGCGCGCGTCCGCGTCGGGGACCAGGAGCAGGCCGCGAGCGGGATCGAGCGCACCGCTGCCGAGCACGAACGAGGCCTCGGCCTCGAGGAGGATCGCCGTCGAGGCAGCGTCGAGATCGAGCAGCGCGACCACGTCGCGGCCGCTCTCGCCGCGAGGATCGGCGACGTAGATCGCGCGTGATGCGTCGAGGGACACGAGGCCGGTGGTGGGCGAGGGCGCGCTCTCGTGATCGGATGCGCGCCACACGCGATCGAGCGTGATGCGTCCGTCGGGATCGATCGCGACGCGCGCGATCCCCGCCTCGCGACGTCGCTCGAGGCCGGGCGCGAATGCGTCGCCGGTGCAGAGGATCATCGCGCGATCGGGCACGCCGGGGATCGCGCGTACGCCGTGGCACCCGCTGAGCCCATCGAGCGTGACGAGCTCGGCCCGAGCGCGCGCGACGGGATCGACGACCGCGAGCGCTCCGTCGCCGGTGAGCGTGAAGTCGGCGCTGAGGCGCTGGAGCCCGACGAGCACGCGGCGCGCGCCGCTCGAATGCGCGATCGGGACGAGCGTGGTCGGGCGCGCGTAGATCGGCGTCCCGTCGGGCGCGCTGGTGTCGGCGGCGAGATCGATGCGCGTGAGGACGAGCCCCTGCGCGACGTCGACGACGACGACGTCGTTGCCGCGTGCGAGCTCGGGCGCGTCGGGATGAAAGCTCGGGTTCGCGCGGGCGACGAGCGCGATCGGGCCGTCGATCGCGAGCACGTCCTGCACGTTGGGCGAGTGACCGCTCGGCGCCTCGGGATCGTCGCCCCGCAGATCGATCTGCCGCACCGCGCCCGTCGCGTAGGCCGCGAGCGTGAGGCGATCGGCGTTGAAGCGCTCGAGCAGCGCGAGCGTGCCGGGCTCGGGGGTCGCGACGACCACGACGTCGCCGCCGAGGCCCGCGGCGATGCCCGAGGCGCGCGTGCCCGAGTCGATCCACGACTCGGTGATCGCGTCGCCATCCTCGTCGAGCAGCGCGATCGCGGTCGACGCGTAGTCCGAGAGCACGACGCCGAACGCCGGGGCGCGCGAGATCGGCGCGAGATCCGCGACGTCGCAGGGACGCTCGGTGCCGCACGCAGCGAGCAGCACGAGCGAAGCGAGGATCGAGCGAGACACCGGCGACCTCCGAGGCGGGGCGCCCTCCCACGGGACGCCGTGTGCCGTCGCGCGGATCTCGCGCGACACCGTCGGCAGGTCTTCGGGCTCGCAGGCGCTCGGATCGCGATCGATCCGGTCTCTACTGGCCGTCGCTTCCCAGAGGACCATTCCTCCAGTGCTCGGGACGGCGTTCGTTCCTGCACACCGCTGCGGGGCAGCTCCGGATTCGCACCGGATTCCCTCGAGGCGCGCGGTCCCACCGCACGCACCGCTGGCGAGCGCGAACGTGGCGGGCGCAGCGGGAGCCGTCAAACCGGGGCCGGATGGAAATCCGCGCCCGTCCGGCGTACCAGCGGGAATGCGTGATGCGGTGAGGCTCCCACTGGTGTGCGCGGCGTGCCTGCTCGCGCCGGGCTGTTATCTCGCGCACACGCTCGACGAGCCTGCGCCGATCGACGCGAGCGTCGTGGATGCGCGTGTGTCGCGTCCCGACGCGGGCCCGCCGCCGCCGCCCGAAGAGCCGCCGCCCGGCACGCGCGTCGTGCAGATCGCGGCGGGCGGGGATCACGTCTGCGCCCTCAGCGAGCAGGGCGCGCTCTACTGCTGGGGCGAGAACGAGATCGGCCAGCTCGGCGTGAACGAGCGGCGCTCGACCACGCGACCGCTGCGCGTTCACGGCCTGCCGCGCGTCGCGTCGGTGAGCGCGGGGCCGAGCCACACCTGCGCGGTGGACCTCGACGGCGGGCTCTGGTGCTGGGGCTTCGACTACTACCGTCAGCTCGGCGTCGCGCGCGAGGACGTGCCCGACTGCGGTCGCGCGGTGTGCAGCCCGATCCCGCTGCGAGTGCCCGACCTGCCTCCGATGCGACGCGTGTGGATCGGCGTCCACGCCACGTGCGCGGAGCTCGCCCCGGGCGACGAGCTGCGCTGCTGGGGCAACGACGCGGCGTCCCGCGCGGTCGTGCGGTCCGGGCTGCGCCAGGCGCGCGACCTCGGGATGGGGCTCGGACACGCGTGCCTGTGGCTGCCGGATGGACGCGTGCGGTGTGTGGGCGACGCGACGTTCGGGCGCTCGGGCGACGAAGGACGGGGCGACGGCTTCGTCGATCTCGAGGGCGTGATCGACATCGAGGTGGGGACGGATCACGCGTGCGCGCTGCTCGCCGACACCCGCGTGCTCTGCTGGGGATACAACTGGGACGGCGCGCTCGGCATCAAGGAGGGGCTGCCCTACTGCGTGCACGGCGACACCGGCGGTCCGTGCGCCATCGCGCCGGTCGCGCCCACGGGCGAGCCCACCGGGACCGCGCTCTCGATCGGGAGCCATCGCTCGTGCGTGATCGAGACCGGCGGCGGGGTGACGTGCTGGGGCCCGTGGACGATCGACGGCAGCACGAGCTGGTGCGGCGGCGGAGCGCTCCCCGACGAGTGCGATCCGACGCCGACGCGCGTGCCCGGCCTCGAGGCGGCGCGCGCGATCGCGACCGGCGACAGCGTCGCGTGCGCGATCGTCGAGAACGGCGGCGTCGCGTGCTGGGGCTGGGGCTCGCACGGACAGCTCGGGCACGGCCGCGAGGAGGGCGCGATCGTGCGCGAGCCGGTGCGCGTCATCGGCTTCGGCGAGTGAGCCAGGCCTCGAACGCGCGCGCCT
NZ_CP070225.1_gap57	2778333	2780861	2528	CGGGTTGTACTCGCCGAGCCCGACGTGCTTGAGGGCTGCCGTGTGGAACACGACGTCCACGCCGTTCATGGCGAACCGCAGTCGATCGAGGTCGCGGATGTCGCCGAGCTGCGGTGCGACGTGGCCACGTCCCTGCAGCCGCTGGTGGAGGAAGAAGAGCTCGCTCTCCGCGTGGTCGAAGGCGCGCACCGCCTTCGCGTGCGACGCGAGTCGCGCACACAGCGCCGAGCCGATGGTCCCGGCCGCACCGGTGACGAGGACGGTCTTGTCTTTCACATACGCGGGGACGAGCACGCGATCTCCTCGAGACACGACTGTTGCCGGGGAGGTCCCCGACGTTCGGCCGGCCGGTGTACCACGCCCCTCTCGGATGCGGCCAGGCGCGTGGGCCGGCGCCCGTGGCGGCGATGTGTGCGAGGTGTCGTGGCTCGCGCGTCTCGCTCGGAGCCGAGGAGCAACATCATGCCCGACGAGCGGCGACGGCCCGGAAGGGCCTGATCACTCGCGATAGAACTCGCGGTACCACTCGACGAAACGCCCGATCCCCGTCTCGATGCTGGTCGCCGGCTTGAACGCGACGTCGCGCTCGAGGTCCTCGACGTCGGCGTACGTCGCGGGCACGTCGCCGGGCTGCATGTCGAGGAAGCGCTTCTCCGCCTTCTTGCCGAGCTTCGCCTCGAGCACCTCGATCAGCTTCATGAGCTCGACGGGCTCGTGGTTGCCGATGTTGTAGACGCGCCACGGCGCCGCGCTCGATCCGGGATCGGGCTTCGCGCCCGACCACTCCGGGTTCCGCTGCGCCGTGCGATCCGCGATCCGCACCACGCCCTCGACGATGTCGTCGACGTACGTGAAGTCGCGGCGCATGCGCCCGTGGTTGAACACGTCGATCGGACGCCCCTCGAGGATCGCCTTCGTGAAGAGGAAGAGCGCCATGTCGGGGCGACCCCACGGCCCGTACACCGTGAAGAAGCGCAGGCCCGTCGTGGGCAGCCCGTACAGATGGCTGTACGTGTGGGCCATGAGCTCGTTCGCCTTCTTCGTCGCGGCGTAGAGGCTCAGGGGGTGATCGACGTTCTGATGCACCGAGAACGGCATCTCGGTGTTCGCGCCGTAGACCGAGCTCGACGACGCATACGCGAGGTGCTTCACGCCGTGATGACGGCAGCCCTCGAGGATGTTCACGAACCCGACGACGTTCGCGTCGACGTACGCGTGCGGGTTGACGAGCGAGTACCGCACGCCCGCCTGCGCCGCGAGGTTGATGACGACGTCGAAGCGCTCCTTCGCGAAGAGCGCGGGCACGAGCTCGCGATCCGCGATGTCGCCGCGGACGAAGCGGAACCCCGGCCGGCCCTCGAGGCGCGCGAGGCGCGCCTCTTTCAGCGTCGGATCGTAGTAGTCGTTGACGTTGTCGAGCCCGACGACCTCGTCGCCGCGCTCGAGCAAACGCAGCGACGTGTGGTGTCCGATGAACCCCGCGGCGCCGGTGACGAGGTACTTCGTCATCGGGATCAGAGTGCCCAGTAGCGCACGCCGGCCGGCAGGTCGTGCGCTCCGAGCATCGACTTCACGTCGACGATCACGCCGTCGTTGCGCACGTGGCGGAGCAGGGCGCTGCCGCGCAGCTCCTCGTACTCGCGGTGCGCGACGGCGAGGATGAGCGCGTCGAGCCCGGTCGCGCGATCGATCGGGCTGAGCGTCAGCTGGTACTCGTGCATCGCTTCTTCCGCGTCGGCGCGGGGATCGTGCACCACCGGCTCGATCCCGAACTGGCGCAGCTCGGCAATGATGTCGGGCACACGCGAGTTGCGAAGATCGGGCACGTTCTCCTTGAACGTGAGGCCGAAGATGCCGACGCGCGCGCCCTTCACCGGAACGCCCTGTTCGATCAGCAGCTTGATGGTCCGCTGCGCGATGTACGCGCCCATGCCGTCGTTGATGCGACGGCCCGCGAGGATGACCTCGGGGTGATAGCCGACCGACTGCGCCTTCGAGGTCAGGTAGTAGGGATCGACGCCGATGCAGTGACCGCCGACGAGGCCCGGCTGGAACTTGAGGAAGTTCCACTTCGTGCCCGCCGCCTCGAGCACGTCGCGCGTGCGGATGCCGAGCCGATCGAAGATGAGCGCGAGCTCGTTCATCAGCGCGATGTTGAGATCGCGCTGCGTGTTCTCGATGACCTTCGCGGCCTCTGCGACCTTGATCGACGGCGCGCGGTGCACGCCCGCGGGGATGATCGCTTCGTACGCCTTCGCGACGCGCTCGAGCGTCTCCGCGTCCTCGCCCGACACGACCTTCGTCGTGGTCTCGAGCGTGTGCTGCTTGTCGCCCGGATTGATGCGCTCGGGCGAGTACCCGAGGCGGAACTGATCGCGCGAGAGCCCCGAGACGCGCTGCAGGATCGGCGCGCAGACGTCCTCGGTGACACCCGGATAGACCGTCGACTCGTAGACCACGACCGCGCCCGGCTTGAGCAGCTTGCCGACGCTCTCCGATGCCTTCACGACCGGCGTGAGATCGGGCTG
NZ_CP070225.1_gap58	2782056	2786559	4503	TCGCGCACGAGGCGCTTCACGCGGACGTTCGTGCCGACGGGCACGGTGCTCTTGCAGACGAGCACGCACTCGCGCGTGGCGTGCTGCGCGACCGCGAGCGCGACCGCGTCGACCGCGCTCAGATCCGCCCCACCGTCGGGCCGCATCGGCGTGCCGACCCCGATGAAGATCACCTGCGCGTTCGCGATCGCGGCGGGCACGTCGTCGGAGAACGAGAGACGCCCCTCGGCGACGTTGCGCGCGACGAGCTCGTCGAGCCCGGGCTCGAAGATCGGGATCTCGCCGGCACGGAGCTTCGCGATCTTGGTCGCGTCGATGTCGGCGCAGACGACGGTCGCGCCGGTCTCGGCGAAGCCTGCTCCGCTGACGAGGCCGACGTATCCCGTGCCGACCATGCAGACCTTCATGCCGAAGCCTCCGATCGCTGCGGCTCGCTGGTGTGCCGCGCGAAGTACTCGATGGTGCGCGCGAGCCCCTCGCGGAGCGGGACGCGATGACGGAACCCGAGCCGTTCGCGCGCGAGGGTGAGATCCGGACGGCGCTGGGTCGGATCGTCGGCGGGCAGGGGCTTGTGCACGATCGTCGATCGGCTGCCGGTGAGCTCGCGGACGAGCTCGGCGAGCTCGAGCATCGTGAACTCGCCGTCGTTCCCGATGTTGACGGGACCGGTCGTGTCGGGGTGCTGCATCAGGAGGAGGAAACCGTCGATCAGATCGCTGACGAAGCAGAAGCTGCGCGTCTGCTTGCCCTCTCCGTAGATCGTGAGCGGCTCGCCTCGCAGCGCCTGCACGATGAAGTTGCTCACGACCCGCCCATCGTTCGGATCCATGCGCGGGCCGTACGTGTTGAAGATCCGCACGATGCGCACCTCGAGGCCGCGCGTGCGATGGAAGTCCATACAGAGCGACTCCGCGACGCGCTTGCCCTCGTCGTAGCAGGCGCGCGGTCCCAGCGTGTTGACCGAGCCGCGGTAGCTCTCGGGCTGCGGGTGCACCTCGGGGTCGCCGTAGACCTCGGACGTCGAGGCCTGGAAGAAGCGTGCTCCGTCGCTCGTCGCGCGCTCGAGCCCGTGGAGCGTGCCGAGGAAGCTCGTCTTCGTCGTGAAGATCGGGTCGCGCTGGTAGTGCGGTGGCGACGCCGGACACGCGAGGTTGAAGATCCAATCGAAGCGACTGCCGAGCGCGGGGAGCGGCTCGATCACGTCGTGCTCGAACAGCGAGAAGCGCGGGTGCGTGCGGAGATGCGTGAGATTGTCGCGGGTGCCGGTGTAGAAGTTGTCGAGGGCCACGACCTCGTGACCGAGCTCCAGGAGTCGGTCACAGAGGTGCGACCCGACGAACCCGGCTCCGCCGGTGACGAGGGCGCGCTTGGTCATGAATCAGCGGGTTTCGTAGACGCTGCCGGCGGGCTCTGCAACCAGCGTATATGTCCTCTGCGAATGCGGTCGAGGAAGCCGAGAGGACGCGTGTGAGCATCGCATCGACCTTTGCGATCCTACGCCGACTGGGTGGAGCGCGTGCGGACTGGGCGCGCGCTGCCGCGCTGGGTGTGCTCGCGGCGGTCGCGGAGATCGTGCTCGCTCTCGCTTTCGCCGCGCTCGCCCGCGGGGCGTCGGACGGCGGGACCTCGACGGCCGCACTCTGGCCGGTGGCGCTGGCGCTCGGCGGTGCCGCGGCCGGGCGCGTCTGCGTGGGGATCGCCATCCATCACCTGACGGCCACGAGCGCGGTCGAAGCGTCACGCGCGCTGCGTCGGGTGGGCTTGGATGTCGCGCTGCGCGCCGATGCGCGGGGGCTCGAGCCCGCGACGGATGTGCTCTCGCGCTGGATCGAGCGCGTGCCGCGCGCGACGCAGGCGCGACAGGCATCGGTCGGGCTCGTCGCGTGGTCGGTCCAGTCCCTGTGCCTCGGTGCGCTGGTGATCGTGAAGGCGCCCTCGATCGGGCTCGCGATGATCGCGGTCCTGATCGCCAGCGGCGCGATCGCGGCGCTGCTCGCGCGGCGCGTGCGGCGCATCGCACGCGGTCTGGCGCCGGCGCAGCGTCGCATCGCGAGCACCCTCGAGCGCGTGACGCGCCGCGCGTGGGAAATCCGCGCGCTGCGGACCGTCGCCATCGAGCGCGCGCGGCTCGCGCGGGACGTCGACGCACACGCCGAGGAGCAGACGCGTGTCGCGACGGCGAGCGCGCTCGCGAGCGCATCCCCGCTGCTGCCGGCCCTGCTGGCGATCGGTGCGCTCGCGAGCGCGGGGCTCGCATCGGGCCTCGCGCTCGCGGATCTCGTCGCGATGCTCTACGCGCTCGTGCGGCTCGCGTCGTCGCTGACCGCCGCGGGGCACGCGATCGGCGCGCTCTCCGCAGCGGGCCCGGCGCTCGAGGAGATCGCGCGCGAGGTGCCGCTCGGGAGCGACACCGCCGCAGCAGCGCGCGCCGAGACGAGCGCGCCGTGCGCGATCGCGCTGGAGAACGTGCGCGTCACCGTGGGCGATCGCGTCGTGCTGCACGACGTGAATCTCGACGTCGCGCCGGGCGAGATCGTGGGGCTCGTGGGACCGAGTGGGGTCGGCAAGACGACGCTGCTGCGCGCGGTGCTCGGCGTGATCGAGCCTGCTGCGGGACGGGTGCGCATCGACGGGATCGCGCCGGCGGACTGGTCGCTGCGTGGCGGGCGGCTCGGCCTGGTCACCGCCGAGCCGATGCTCTTCGCCGGGACGCTGCGCGAGAACGTCGCGTACGGGAGCTCGCAGGTCGACGACGACGCGCTCCTGCGCGCGCTCGCTCGTGCGAGGGCGTCGAGCGTCGCGGGGCAGGGCCTCGACCGCGTGCTCGGCGAGGGAGGCGAGGGCGTCTCGAGCGGTGAGCGCCAGCGTGTCGCCCTCGCGCGCGCGCTCGTCGGCGATCCCGACCTTCTGGTGCTCGACGAGCCGACCTCGGCGCTCGACACGACGCTCGAGCAGGAGATCGCCGCGCTGCTGCGCGATTGTTCGGGGCGATGCACGGTGCTCGTCGCCACCCACCGCGCGGCGCTCCTGAGCGCCTGCGATCGTGTCGTCGAGGTCGTGCCCGACGACCGCGGCGCGACAGTGATCGAGCGCGCGCGCGACGCGAGGAGCGCGTGAACGAGCACGCGAAGCTGACCCACGCGCCTCGCGCGGTCGCGCGTCGGGTCGCGGGGCGCATGGTGGTCGTGACGTTGCCCGGCCTCGAGACGCGCGTGCTGAACGAAGTGGGCGCGCGCGTGGTCGAGCTCGCCGACGGGCGCACGTTGGGCGAGATCGTCGACGTGATCACCCGCGAGCTGGATGCGGACCGCGAGGTCGTGCGCTCCGACGTCCACGAGTTCGTGATCGAGCTCGTGCGCGAAGGGGTGCTCAGCGCGGACGCGTAGCGAGCCACGCGCGCAGCAGCTGCGGGACGACGAGCGGGTCCTCGAGCGCGTCCGGGCCCGCGACGAGACGCGCCGCGGGGAGGGTTGCGAGGTCGGCGAGGATGTCGATCATCGCGTCGCGATGCGGCGTTCCCGGCACGACGGCGAGCGCGCTCGACCCGAGGAGCGTCGCGAACACTGCGGCAGGCTCGACGGGCTCGACGCGAGTGCGCGCGCCGCGCTCGATGCTCGGGATCACGATGGCGTCGACACGCGAGGGCGACGCGGGCCCTGGAGACGGCGCGCGCACCCGCGTCTTCGCGACGCTGCCATCGAGGACGGGCCCGAGCGCTTCGAGATCGGGATGCGCAGCGCGCGTCTCGTCGCTGACGTGCGGAGGCCGCCGGATCGGCCACGCCACGCGATGGGCGTCGACGTACGCCGCGTCGTCGCACGCCAGCACGCCACCACCGCGAGCGACCGCGAGCGCAGCGCTCGTCTTCCCCGACCCCGACCCGCCCGGGAGCAGGACCGTCGCGCCGTCGAGATGCACGACCGCGGCGTGGGTGTGCACCAGGCCCGCGTGGGCCGCGACGACGTGGAGCGCGATCGCGGCGGGCAGCCCGCTCGGCCCGTCCACGCGTCCCTGCAGTCCGTGAGGCGTCACCCGGAGCTCGGCGTGCGGGCTCCACACGATCACCGCATCGGGCTCGAGGACGAGCCGGGCAGGCCCGTAGAACGCCGCATACCGCGCGGGCGCCCGAGGGATCGCGCCGCGCTCCACGACCCACGGGTAGACCGCGATGCCTTCGCGACCAACCGCCGCGCCGAGGTGCTCGAGGCCGCCGCTCGCGCCCGCGGGCTCGTCGGGCACGTCCCACGCGACGCTCAACGCGCCGAGCCGAGCCTCACCCCGGGGCATCCGCGGGGTCGACCACGTCGATCAATCCGAGCTTCTGAAGCTCGTCGAGCCACGTCTCAGTGTCGGCCCGAGCGACATCGACCCCGACGTCGAAGACGCGCACGAGCATCGCCGCGAGCTCGTCGAGCGTCGCCGGAGCCGTGAGCGCGGACCAGAGGGCCTCGCCCGTCTCGTTCAGCGTGAAGTACGCCTTCGAGGCGGGGTCCAGGACGACCC
NZ_CP070225.1_gap59	2789329	2790291	962	CGCGGCGCCGAGCGCCTCGGCCTCTGCCGCGATCGCCTCGATCTCGTCGACGTTCCTGGCGTGGATCGTCGTCGTGATCCCGAACGGCACACCGAGCGCGACCGACACCGAGGCCGCGCTCAGCACTTCGCGACGCTGGCCGGCGCCCCTGATCGAGTCGTGCGTCGCGTCGGACGCACCGTCGAGGCTCAGCGCGATCCAGCGACACGCGTCTCGGCGCGCCGGTGCCTCGTCGAGCCAGAGCGCGACACGCTCGAACCGTCGGCCGTTCGAGACCATGTCCCAACGCATCCCGTGAGCGACGACGAGATCGAGGATCGCCGGGAAGTCGGGATGCAGCGTCGGCTCACCACCCGTCAGTGACGCGTGCCGAATGCCGAGCTCGGTCGCTGCTTCGGCGAGCACGGCCGCGATGGTCGCCAGGGGCAGGTCGACCGGTTGCGTGCCGGGGTCACGCAGGCAGTGATCGCAGTCGAGCTGGCAGCGATCCGTCAGGTGGAACCCGACGCGCTGCACGTGCTCACTCCTCGCCGGGACCGAAGATGTCCTCGGTGCCCGAGGTCGGTTGGAGCGTGTTCGAAGCGATGGGGATGCGGCGCTCGATCCGCGGCGACTCGTACGCCCTGCGGCCGTTCGACTTCGACTCCGTGGTCGTCGTGTCCGCCGCGCGGTCGTCCGCGTTCTTCCCCTCTCGCATCGTGGCCCCGTTCTGCATGGACCGTGTAGTTGTGTCAAGAGAGGCAATCGTTCGATGGACGAGCGCGAAATCGCTGCAGCGATGGCCGTCGTCGCGGGGCGTGAGCTGCTCGCGCGCGCCGCGGACGCGCTGGCGACGGTCGACGTCGTGCCGGTCGCTCTGAAGGGAGTCGTGCTGTCGGCGCTCTCGGAGGGTTGGGGGGCTCCGCCGCGTCGGATGCTCGATGTCGACGTCCTCGTGAGGCCGCGCGAGCGGGACGTCGCGG
NZ_CP070225.1_gap60	2792380	2796633	4253	CTGCGGGCATCTGCGCGCGGGGATCGCCCACCGGGCTCACGAACACCTGGAGATCCGCCGTGGCGACCGGCGTCCACCCGGCGCCGTTGGTCTGGTACGCGACGTAGCAGGACTCTTCTTCGTCGGCGCACGCCATCGCGCTGCGCCCACCACCGACGCTCGCCCCGCCGAGCACCGCGAACGCGCTCTCGGGCGTTGCCTGGAACGTGCTCGCGACGAAGCAGCGCTGCAGCTCGGTCGCGGTCGCGCCCATGTCGCACACGTAGTGCTGCGTTCCCGCGACCGGGAACGTCGTGGTCGACGCGAGGTTCGTGTAGCTGCTCCAGAACGACACGAACCGACCGTTTCGCGAGAGCGCCGGCCACGGCGCGTCGAACGACGTGCCGGTCGCGTTCGCGTCGGTCGGCGTCAAGGTCACGCGCCGGACGCTCTGGCTCGCCGACGCGCCGTTCGCCGACGATCGTCGATAGACGTGCCGGGCACCCACGGCCGTCTGCGCGCCGGTCGAGACGTTGCGCGCGAGCGACGAGAACGCGACGAACGCACCGTCCGCGGAGATCGACGGGTGATCCGACCCGCCCGCGAGCTGCATGTTGTTGTGGCGCAGGCTCACCCGATAGACGTTCACCGTCGCACCGCCGTGCGCGTAGACGTAGACGTCGGAGGCGCCGTTGGTGTCGCCGGTCACGAGCGATGCCCACGAGCCGCGGAACACGATCCGGCTGCCGTCCGCGCTCACGTCGGGCACCTCGCCTGCGTTCGTGGCGTCGTACGGGGCGAACCCCGCGACCGCGTTCGGGGCGGTGCCGGGGCGCGCGCTCACGTGCGTCGTCGTGCCCGCGCTCAGGTCGCGTCGGTACACGTCGATGCAGAAGCGGAAGAGCGGGATGCCGAAGAGCTCGAGCGCCGGCGTCCCACTGACGAGATCGAACGCGCGGCTCTGGAAGACGACGACCTGACCGTTCCCGCTCAGCTGCGGGCTCGTCGCCGCCTGGTTCGCGTACTCGCCGCCCGTGTCCGCACTGGCGAGCGTCGTCGTCCCGGCGCTCACGTCACGGACGTAGACCTGCGTGGTCGTGGTCGCGCCGAGACCGACGAGATCGCATCCCGAGCTCTCGAACGCGATGCGGTTCCCGTCGTCGGAGATGCTCGGATTGGACGACGTGCAGCCGGTCGCGATCGTCTCGGTGCCGTCGATCCGTTCGACGACGTAGCTCTCGCCGGTCGTCATGTCGTGACGCACGACGTACTGGCCGCTCGCCTGACCGTGGAGCGCGGTGGAGCTCGTGGTGAACACGACGTAGCGACCGTCCGCGGAGACATCGATCGACGAGGGGCCGACCGTCGCGCCCGTGGTGCGCGCCGGGTAGTCGGCGGCGGGATCGTCGTTGCCCACGACGCTCGCGCGGCGCGTCGGCGAGACCAGCTGTCCGCGCACCTGCACGACGAAGCGGAACGTGAGCTCGGTGCCGGCCGGCGTCGTGCCGTGGAACACCCAGCGCGTGGTCGGGCTCGTCGTCGCGGTGCCGTCGCGGCCGATCTCGCCGAAGCGCCAGAGCCCGTTCGGGACGGTCGGCGCCAGTGAGAAATCCGCGAGCGCAGCGAACGGCTGCGCCGGCACCGAGACGCTCGTCGTCGAGCCGGTCGGCGTGAGCGAGAGGAGCTCGGCGTACGCGCGCTCGATCTGCGTCGAGTACAGGTTGCGCAGCCTGACCTGCTGGCAGACGCCGGACGTCGGGCTCGCGGGCGCCGCGCCGCACTGCGCAGGGGCCCACGTGCCGACCGTCGCGCCGTTCGTCGACGTCGCGCGCCCGCCGGCGACGTTGGAGAACGCGACGTAGTTCGCGTCCGTGCAGGTCGCGGTGGTGCACGAGCGCGAGGGGATGTCGATCAGCGCTTCGCGTGCGACACCGCGCTCCTCCGCCTCGTCGCGATCGAGCGTCCGGAACGTGAGCTCGTGGCCGTCGTACTCACCCTCGATCAGGGCGACGACCGGGAGTGGCTCGAAGGGCGCGTCGGGGATCGGATCCGCCGATTCCGGTGTCCCCAGACACCCGACGAGCAGCCCTGCGCACGACGCCCATCGCCACGTGAAAGTCCAGCGTCGTCGCAACATCCGAAGCCTCCCGAGCGTGCTCGTGCTCTGCGTCAGGAGAGCACGCTCCGGGGACGAAATCCAGTCGCGAACAAAAGTTCCGCTGTGACTATTGTCTCAACGGCACCGCTGGATCCGGGGCTCGGTGCGCACCGCACAGCTCGGATCGCATCCCGCGACGAACGTCGCCTCGCCGCCGCACCCGGGAATCTCGGCGGCGGCCCAGCCGGCCGTGTGCTCGCAGGTGCCGCCCGACCGCGCACAACCGCCGGCGGCCGCGTGCTCGAGCGTGATCCGGCCGTCGCAGTCGAAGTCGAAGTCGAGCCCGGTGACGTGGCCCTGCATGCGCGTCGCGAAGAGCTCGGTCTGTCCGGCATGAGCGCGCACGTCGGAGTCGTCGCAGTCGAACGCGCTCTCCGTCGGCGCTCGGGTGATCCAGGTCGCGCTCGCGCCGTCGCAGCCGGTCGTGCTCGGATCGGGCGGCTCGCAACCGGTGTAGGTCGTCGCATCGCGCGGCGCGTGACCGTCGTCGTCGCAGTCGGCGAAGTAGACCGCGACGCCGTTCTCGTCGATCGCGAGGTCGCAGTCGTCGTCTCGCCCGTTGCACGTGTCCGTCGCGCCGGGGTGCACGTCGGGGTCGGAAGGCGCGCAGTCGTTGCAGTCGTCGGCGCCGTCGAGATCCGCGTCGGGCGCGCTCATCGCGCAGCCGCTCGTCGGGTCGCACGTGTCGAAGCTGCACGCGACACCGTCGAAGCATCCGAGCTGCATGCCGGGCACACACGCTTCGTCGATGCAGCGCTCGATGCCGGTGCACACGTCGTCGTCGGAGCAGTCGTCGTCGACGAGGCACTCGGGCGGCTCTTCGCCGGCATCGGGATCACCGCCGTCCGCGCCCGCGTCCTCGACGCCCGCGTCGTGCTCCGGCGGAGCCGCGTCGTGTGTCGCCGCATCGAGGAGCGAGCCAGCGTCACCCACGCTCGCGTCGTCGTCGTCGCCGCACGCGGGGAGCACGATCACGAGCAGCAGGATCGAGCACAGCGGGATCGAACGCACTCCGACGACTGTACCCTCGAACGCGGCGCGCACGTATGTGATATCCGTTCGACGAATGCGCGCGATGGTGTTCGCCGCGGGGCTCGGGACGCGCCTGCGGCCCATGACCGACGTGCTCCCCAAGCCCGTCGTGCCGCTCTTCCATCGTCCGCTGTGCTGGTTCGCGCTCGACCATCTACGTCGCGCCGACGTCACGGACGTCGTGCTCAACACGCATCACCTCGCGGCGCGCGTCGAGGAGGCGGTCGCGAGCGCGCCGCGCATCGACGGGCTCACGGTGCGCTTCGCGCACGAGCCCACGTTGCTCGGGACCGGCGGCGGCGTGAAGCACGCGATCGGGCTGCAGTCGCGCGCGCTCGGGCGTGAGCTCGCGGACGACGACGTCGTGCTCGCGTTCAACGGCGACATCTCGTTCGCGCCGGACCTCCACGCCGCGATCGCGACCCATCGCGCGACGAACGCGATCGCCACGATGATCGTGCGCGAGGATCCCGCCGCGGCGCGCTACGGCGCGATCGAGCTCGACGAGGAACGCGTGGTGCGTCGCATGCTCGCGACGCCCGACGGAACGCTGCGCGCGACGATGTTCACCGGCGTCCACGTGCTCTCCGGGCGCGCGCTGCGCGAGCTGCCCGACGAGGGATGCATCGTCCAGCGCGGCTATCTCCCGTGGCTCGCCCGCGGCGCGCGCATCGGCGCGCACGTGGAGCGCGCGGCATGGCGTGATCTCGGCACGCCGCGCGAGTACGTCGCGGCGCATCTCGACGTGATCCGGGGCGCGCTCGCGTGGCCGGGGATCGACCCGGCGCGCGATGCGGTGCACCCCAGCGCGAGCCTCGGGGCGCGCGTCGCGCTGCACGAGACGACGGTCGGCGCGGGGGCGCGCATCGAGGACGGCGTCACGCTCGAGCGCTGCGTCGTGTGGCCGGGCACCCGAGTGACCGAATCCGCGCGCGATCTGGTCCTGCTCGGCGCCCACCGCGTTTCCGCCGTGTAACGAACGCACCCCCTGGTGGCGAATCCGTGAGCGATGGCAGTCTCTGTGGTTGCGTCGGAGTGGACGACCCCATTAGCGTCCGCCGACTCGATGCCGTGGGGGCTCAAT
NZ_CP070225.1_gap61	2804537	2806103	1566	CGAAGCGTCGTCGATCTCGAGCGCGCGGTGCTCGCGGGCGCGCTCGCACTGGCGGGCGATGCGCGCGGCCTGCCGTACCTGCGCACGCTGCTGCGCGGCGACGATGCGCGCGTGGTGCTCGCCGCGGCGGAGTCGATGGAGTGGGCCGCGACCAGCGAGGACGTCGAGCTCCTGATCCGCATGCTCGATCGTCGCGATCCCGCGCTGCTCGGCGTGCTGGTGCGCGCGCTCGGGCGCATCGGCGACGGCCGCGCGCTGCGCGCGCTCGAGGCGCTCCGGGATCGCGAGCCGCCGAGCGCGCTGCTCGCGGACATCGAGGACGCGGAAGCGTCGATCCGTGCCCAGATGGATCTGCGCGGCGAAGAGCCTCCGGTGCCCGCGGAGCCGAGCTCGCTCGCGACCGCGGCGCGCGCGGGCGTGGTCGCGCGAGGGGCCGAGGAGACGTTCTGGGCGCGCCTGCAGGGCCGCTTCGATCTGCTCTTCGGTCGGCTCTGGCTCGCGATCGGCGCAGTCGGTCGTGCGATCGCGTGGTTCGAGCTCGCAGCGGCGCGCCGTCCGCGCTGGCCGGAGCCGCTCGCCGCGATCGCGCTCGCGCACGTGCGTCAGGGCGAGCCGGCGCGCGCGCTCGGCGCGTTCCGCCGCGCGATCGAGGCCAACCGCGCGTGGGTCGAGCACGAGCGCCCGGTCGTGCGCACGCTCGCGGGCGTGGTGCTCCGGCGCGCCGAGGAGATGGAGCGCGCGGGGCGTCTCGACATCGCGCGCGGGCTGCTCGACGAGGTGCTCGATCTCGATCTGCGGCGCGTGCCGAGCAACGTGCGCTTCGAGCTGCGACGCCGACGTCAGGCGCTCGCGTCGTCGGCATCGGCGGAGCCCGTATGAGCCTGCGCGACTCGGCGCGACGCGCGCTCGGCGACGATCCGATCACGCTGCCGTCGATCGTGCTCCCCGACGCGCCGCGCGCCGGGAAGGCACGCACGACCGATCGCTTCTCGATCACGCCCGAGGCGACGCGCGAGACGAGCGTGGAGCGCATCTCGCTCGACGTGCGCGTCGATGCTCGCGTCGAGCAGGTCACGCTCGTGATGCGCGACGGAGAGCTCGCGTGGTCGTGCACCGACGGGAGCGCGGGACGCGAGAGCTCTGGCGCACCCTCGTCGCCGTGGGTGCGCGCGGCGCTGCGCTGGGTGCTCGCGGAGCCGCGCCCCGAGCCGCAGCAGGCCGCGCCGCGCCCGCTTCGTCCGGTGGCCGGCGCCGCGGGCGACGACGTCGTGGAGCGCGGAAGGCCGCTCGCCGATGCCCTCGACGACGTGGTGCTCGCGGTCGTGCGGGCCGGCATCACGGGCCGCGAGTCGCCGAGCGTGCGCGAGGCGCTCGATCGCGTGGCGCGCGTGATCGTGCCGGTGCCGAACCCGGTCTCGCGCTGGATCGGCCGGCTCGAGCGCGCGATGAGCGCCGGTGACGCGCGCACCGTCGCGCGGCTGCTCGATGGCGCGACCCGCGCCGGGGACGATCTCCGCGGCGCGCGCAGCGGACCGATCGGACGCGCCCGCGCTGCCGCATGGCTCG
NZ_CP070225.1_gap62	2840277	2842215	1938	GATGATCGAGCGGCGCCTCGACGGCGAGATCGCGCTGCCGAGCGGCAAGCAGTGGCGCGCGCACCTCTTCGTGCAGAAGCACGATCGGCGCGAGTTCCTCGCGCTCACGCTGGGCGAGATCGACGAGACCCCGACGCTGGTGCGCATGCACACCGGCAGCGTGCTCGGCGACGTGTTCGACGTGCGCAGCCGCGGGCGCGTCGCGATCGACGACGTGGTCGCGCGCATCGAGGAGGAGGGGCGCGGCGTGATCGTGTTCATCCCGGGCCCGATCGATCTCGAGTCGGATCTCGCGCAGCGCCTCGGCAAGCAGGTGAAGCCGAAGCACATGGACAGCGGCGAGGTGCTCCGCGAGTACGGCCTCGGCGCGCAGGTGCTGCGGGCGATCGGGCTGCGTCGCATCCGCCTGCTGACGAACCGTCCGCGCCGCATCGCGGGCGTCGACGGCTACGGCCTCGAGGTCACCGAGCAGCTCGTGGTGAGCGAGGACGCCGCGCTCAGCGGCGAGATGGACGCGCCCGAGCTCAAGCACTGAGCTTCCACGCGTCGACGCACATGCACGCGCGCTCGTGATCGTCCTCGGCGTGCACGAGCGCGCGGCGTGCGTTAGACACGCGACCCGAGGGAGTGATGGCTGACATCCTGGAGATCGAGGGGACGTTCGAGACGCCCCAGGGCGCGCGCATCGCGATCGTCGTGTCGCGATTCAATCACTTCATCACCGATCGACTCCTCGAGGGCGCGCTCGACGGCCTCCGCCGCCACGGCGTGCCGGACGCGAACGTCGTCGTCGCGCGCACGCCCGGCGCGTTCGAGCTCCCGGTCGCGGTGCGGCAGCTCGCGTCGAGCAAGAAGGTCGACGCCGTGATCGCGCTCGGCGCGGTCATCCGCGGCTCGACGCCGCACTTCGACTACGTCGCCGGCGAGGCCACCAAGGGCTGCGCGCAGGTGATGATGCAGACCGGCGTGCCCGTGATCTTCGGCGTGCTGACGACCGACACCATCGAGCAGGCGATCGAGCGCGCCGGCACGAAGGCGGGCAACAAGGGCTGGGAAGCGGCGCTGGGCGCGATCGAGATGATCAACCTCCGCCGCGCACTGGAGAAGGCCGGCTTCTGAGCGCGCACGCGCTCGGTCCGGGTCCGACGACGATGAGCTCCACCGCGCGCACGGGCTCGAGGCGGAAGGGCCGCGAAGCGGCGCTCCAGATGCTCTATCAGATGGAAGCATCGGGAGTGCGCGCGGAGCAGGCCATCCACCTCTTCTGGGCCAACCTCGGCTCCTCTCGCGAGGGCGAGGACTTCGCGAACCGCATCGTGCGCGGCTGCGAGAGCGAGGGCGACAAGATCGACGAGATCATCCGCAAGGTGAGCCAGCACTGGCGGCTCGAGCGGATGACGCGCGTCGACCGCAACATCCTCCGCCTCGCGACGTTCGAGCTGATCGCGATGGAGGACATCCCTCGTCGCGTGACGCTCAACGAGGCGGTCGAGCTCGCGAAGCGCTACGGCAGCGATGGCAGTGCGGGCTTCGTGAACGGCGTGCTCGATCGCATCGCGAGCGATCTCGGCAAGGACTGAGCGAGCGTGGAGCTCCGGTTCGTCGCGCCCGATCTCCGCGCGCTCGACGGCCTGCGCTCCGAGGCGCTCGCGCTCCCGTTCTTCCAGGACGAGCGCCCGCTGCGCGGCGCGGCGGGGCTCGTCGACTGGCGCCTCTGCGGTCGTCTCTCGCGCCTCCTCGTGCGCGGCCGGGTGCGCGGCGCGCTGGGTGAGCGCGTGCTGGTGCCGGCGCGCCCGCGGCTCGCGTTCGAGAAGCTCTTCCTCTTCGGGCTCGGTCCGCGCGCGGCGTTCGACGAGACCGCGTTCGTCGCGTCGGTCGACGACGTGCTCGACACGCTCGAGAAGGCGCGCGCGCGCACCGCGGTGATCGCGCTGCCGG
NZ_CP070225.1_gap63	2848689	2851977	3288	GCGGTCGCTCGCGCCCGCCCGCCATCAGCAGATCCTTCACGTACACGTAGCCGATGACGTGATCGGGATCGCCGTCCTGGCTCACCGGGTAGCGGCTGAACCCGAAGCGGCGGACCTTCGCCATCCACTTCTCGTATCCGTCGCCGACCGAGAGCACCTCCATGTCGACGCGGGGCACCATGATCGCGCGCACCGGGCGATCGGTCGCGCGCAGCACGCGCTCGAGCAGATCGCGCTTCTTGCCCTCGAGCTCGTCGAACGACGCCTGGATCACGAGGCGCAGCTCTTCGAGCGAGAGCTTGCCCTCCGCGTGCTGCGGCGCGGGCAGGCCCATGAGGCGCAGCACGAGGTTCGACGTGCCGTTGAGGATCCAGAGCGCGGGATACGACGCGTAGAAGAACGCGCGCATCAGCAGCGAGCTGTGGCGCGCGACGTCCTCGGGGCGCTGGATCGCGAGCGACTTCGGCACCAGCTCGCCGACCACGATGTGCAGCGCCGAGATGATCATGAACCCGGTGGTCACGGCGACGCCGGAGGCGGTCTGCTCGTCCACGCCGAGCGCGTGGAGCGGCGGCGCGAGCAGGCGCTCCATCGCGGGCTCGCCGAGCCAGCCGAGGCCGAGCGACGCGAGCGTGATCCCGAGCTGGGTCGCGCTCAGGTACGCATCGAGGCGCTGGGTGATCGCGTAGGCGCGCGCCGCCGAGGGATCGCCCTCGTTGGCGAGGGCCTGCAGCGCGGTGGGACGCACCTTCGCGAGCGCGAACTCCGCCGCCACGAAGAACGCGTTGGCGAGCACGCACAGGAGCGCGGCGAGCAGCGCGAGCACGGCTCCCCGGACTAGCGCCCTCGCGGGCGACTGTCGATCCCCATGATGGTGACTGTGGCGCGTGCGCGAGCCGAGCCGGCCGCGCTCCCTGGGTCGGGGCCGCCGCTCACAGCTTGTGGAACGGGATGGGCGAGCGTGCGCCGCCGCTCGAGGTGGGCGCGGTGCCGGGCGGCGGCGCGAGCGACGGGTCGACCTCGCCGTCGAACACCGCGATCGCGGCGGACACGCGATCGAGACCCGCCTGGGTGGCGGCCTCGCGCTGGAACACCTGCACGGCGCGCGCGAGGCGCAGCCCGAGCTGCTTGCCGAGATCGATCTCGCGCTCGAGGAACGCCTCGAACGAGCCGTAACCCTTGACCTCGTAGAGCTTCCGCTCGTCGATGTCCTTCAGGATCAGGCCGATGTCGTAGAAGCTGCGCTGGAGCGAGCGCTTGAGGTTCCGGATGTTCGCGGTCGCCGTCGCGAGCGCGCCGATCTTCTGCTTGAGCTCGTCCGCTCCGACCGGGGTGCGCACGGTGAGGCGCGGCGCAGTGGGCTTCGCGAGACCGGCCGCAGGCGCGGGCGCGGGCGGCGGCTCGCTGCCACCGGCCTTCTCGGCGGCGACCTTCTCGGCCTTCTCCGCCTTCTCCGGCTTCGCGACCTTCTCCGGCTTGGCCATTGTCTTCGCCGGCTGCTTGGGCAGGGGCGTCGCCTTCTTCGCAGCCGGGACGGGCGCAGCGGCCTTCGCCGTCTTGGGCGCGGCCGCAGCCTTCACGGGCTTCGTGGGCTTCTCGACGGCCGCCTTGCTCGGCACGGACTTCTTCGCCGGTGCTGCGGGCGCCCGACCGGGCTTGCTCGCGGCGCTCTTCGCTGCTGCGGTGCTCTTCTTCGCGCTCGTCACCACCTGCCGCCTCCCCCTCCTCGGCGTGGGCCCTGGAGTCCGGGTGCTCCCGTGACGCGCATACCACTCTTGAAACAGGGTGTAAAGAACGTGTGCAGCGCGCGCCGTGCCAAATCGTATGAGGACGAATGATCCTCCGAGAAAACGTCCGGGAGTGGTGGGCACCCCGCCGATCGAGGCCCCGCCCGTCGCGATCTAGGCCCGGATCAGGACGGACGCGAGAAGGCCGGAGCCCCCGTCGGGGTGCTCCGGCCTCCTGAAGGGTGACCGAACGGTCGGAGGGGAGGGCTACTCCTCGCCCTCTTCACCCTCGATGCCGAGGTGGAACCAGTCCTCGCCCGCGCGCGGGGTCTCCATGAGCGTTCCGTCCGGCGCGTCGCGCCGCACGATGAACGTCCGCCGCGACAGCACCTCGTCGTTCTCGCGGGCGACCACGATCACGACGTTCACGCCCGGCCGCAGCGGCACCTCGGTGTCGAACCGGACCTCCCGGGGATCCGTCGCGTCGCGGTTCGAGACGTAGAAGACCTTCCGCGTCCCGACGAAGACGTAGGCGTCGCGCACCTGCAGATCGTCGCGCACGATCGCGCGGATCGGCACGCGGTCCGCGGTGGTCGTGAGCATGCCCGCGACGCCCTCGACGTCGATGCGGGGCGGCATGTGGTCCATCAGCGGCGTGACGCGCGCGCCCGAGGCCGCGCGATCGGTCGTCACGTCCGACGACGCGACCCAGCCGGGACGGCCCTCGCCGAGATCGACGCGCACGAAGCCCGAGAGCTCCGCCTGCGCCGGGAGCGAGATCGCCCCGCCCTCGACGCGGGCCAGGGTCTGCGAGTCCGCGGCCGGACGCTCGCGCACCGCCGCACCGTCACGGAGCGTCACGCGACCCCGACGCGCCGTCGGAGCGGCCGCGCTCGGCGCGATCTGCACGTCGACGCGCTCGACCATCAGCTCGCGGAGGCTCACGTCCGCGACGCGCGCCTCGAGACGGACGCTGTCGCGCTCGAAGTCGGGCAGCACCTCGAACGTGAAGTGGATGAGGCGCTCCTCGCCGGGCGGGATGCTCTCGAGCTCGAAGCGCCCCGCGTGGAGCAGCACGCCCTGACCGGCGCGGCTCTGGAGGTTCGCCTGGGTCTCGTAGGTGCGGCCCTGCCCGGTGTTGCGCACCCGGAGGTACACGCTCGCGGTCTCGCCGCGCTGCACCAGGCCGTCGCCGTTGCCGCGCACGTCGTCCGCGACCTGCACCTGATAGGCGAACTGCGGGCGCGGGAGCGCGCGGATGTGCGTGCGGATCTCGGTGCTCGCCGGCGCGTGCCCGTGCGCTTCCGAGAACTCGACGCGGATGCCATCGGCGCGATCCGGGACCTCGCGCGGCACCACGCAGGTGCGGCGCTCGTTCTCGGTCGTGCAGATGCCGAGCGTCGTCGTCCACTCGCGCGTCTGGCCGGGGTCGAGGCGACCGAAGACCAGCTCGCGGTGGTTGAAGAGCGCGAAGTCGCTGCGGGTCTGCGCACGCAGGCGATAGAGCGGCGCGGTGCCGGTGTTGGTCACGCGCACGCGCAGCTCGAGGTTCTCGCCCGCG
NZ_CP070225.1_gap64	2854009	2856249	2240	GGAGACGCGTGACGCTGTCCGGAAGTTCCCCTCGGGCGAGAACGCTCCGAGGCAGGGAGGCGTGTGAGCGACGACGGAGAGGAAGAGGTCGCCCGCGCGTTCCGGCCGGGACGACGCCCCGGCTGGATCGCGGCGGGGCTCAACGCGACGCTCGCGCTGCTCTTGCTCGGGATCCCGTACGCGCGCGGGAAGTGGCGCGCGACCGACGCCGGCGCGCACTACGCGGCGCTCGCGCAGTGCATGTACGGCGGGCGCGCGGTGGAGAACCCGGGGCTCGCGCTGCCGCCCGGGGATCGCGAGGCGTTCGCGGCGCGCGTGGCGCGTGCGGATGCGTCGTGGCCGGGGCCCTGCATCGAAGAGCTGCGGGCGATGCGGCCCGAGCCGGTGATCTTCTTGTTCCCGTCGCCCAAGCAGGCCGAGGAGGATCTGCGGCGCGCGATCGATCAGGCCGAGGCCGAGCTGGTCGCGCTGCAGCGCGCACGGAGCGCCGAGGAAGGCGGTGTGGGCGCGGTGCCCGAGCGCCCGCTGCGCGCGCTGACGCAGCTGCGATCGGCGCTCGCGAACCTGTTCACCGCGTCGGACGTCACGGTCGATCCGAACGCGCCGGCGATCGCGCTCGATGCAGATCCCACGATCGTCGCGCCGTCGCGCATCCCGACGCGCACCGCGGGCAGCGGCGCGATGCAGGTGCGGCCCGAGCCCGGTGGTCTGCGCGCGATCACGAGCGACGGTCGCAGCGTGTCGGAGGCGGCCGCCCACGAAGGACGCGTCGACTTCACGCAGGTCCGCCGGCCGCCCGCGGTGCGCGGGATCACGCTCGGTCCCGAGGGCGGGTTCCTGCTCTGGATCACCAGCGAGACCACGTGCGCGAGCGATGCGCAGCACTGCGCGGCGCGCTTGCTCGGCATCGCGCCGATGCGCGACGTGAGCGAGCCGACGCCGAGGTGGTGGGTCGCGGCACATCCTGCGGGGCGCATCGATCGCGCGGTGCGGGTCGAGCCCGGCGGCGTGGTGCGCGTGATCGCGGTCGGGGAGGGCGGGGAAGGGCGCGAGATGCGGCGCTTCGTGCTCGATCCGGACGCGCCCGAGCCGGCGAGCGAGGATCAGGTGACGCCGATCGTCGCGAGCGAGCGCGTCGCGCTGGAGAACGCGGTCGATGCGCTGCTGGTCCCGGGCGGCGTGGTGCGGGCGTGGCGCGACGCGGGCGCGTTGTGGATCGAGGGCGCGGGGATCGAGCCCGCGATGGAGGTCCCGCTGCCCGGTGAAGGAGAGGAGCGCCGCGCGTCGCGCCAGGTCGCGCTCGCGCGATGCGGTGCGTGGACCGCGGTCGCGATGCCCGATGGGATCGTGATGCTCGATGGTGCGCGCGCGCTCGCGCCGATCACGCAGGCGCTGCGCGAGCCGGTGCTCGGTGCGTCGCGCGAGGACGACGCGGTGCGCATCGCGTGTCACGACGAGGGCGTCGACGTGCTCGCGATCGATCGCCGTCGCCGCGTGCTGCGATGGGCGTGCACGACCGAGGGATGTCGCGACGCGCAGGTGGTCGCGGAGGGCGCGAGCCAGATGGACGCGGCGCACGGCGGAGGCACGACGCTCGTCGCGTGGACCGGCAACGAGCAGCGCCCGCAGGTCCGCGTGGCGCGAGTGCGCGGGAACGTGATCGGCGCGCCCGAGGTGCCGGCGCCGTGCTGGGCCGGGCCTTCGGGCGGCGTGGGCGAGGGGTTCTGCGGCGCGCCCACGGTGGTCGCGGAGGGCGAGCGCGTGCTCGTCACGGCGCGCGATCCGCAGCTCGGCGATCTGCTGGTGCTCGAGCTCGCCGAAGTGGGGTTCGCGCGGCTGCCGGGGCTGTGATCACTCGCGCGTCAGGCGCGCGTGATCGAGGTTGAGGAACCCGCGGCTGCCGCGCGCGCCCTCGACACGCAGCTCGAGAGCGCTCGGTCCCGCGGGCAGATCCGCGACGAGCTCGACCGTCGCGTAGGTGCCCCAGCTGCCGGTCGCGGGAAAGCGCTGTGCTTCGGCGATCACCGTGCCGTTCAGCCGGACCGTGCGCACGGCCTCGCCGTCGTCGCCCGCGTAGCGCAGCGCGATGCGATGACGTCCCGCGCTCGCAGCCTCGATGCGCATCGCGACCCCGCTGCCCTCGCGGCTCCATCCCGCGAGGTACGCCCAGCCCGTGAAGCCAGCGCTCGACGCCTCGAGCCCGACGTCGGTGATCGCGCCGTCCTCCGCCTCGAATTGCG
NZ_CP070225.1_gap65	2906168	2907866	1698	GCTCGATGGTCGGACGGCCCGACGCGCACACCACGCGCGGCGTCGCGGCGCGCGCGGCGCCGAGCAGATCTCCGCGCGGCCCGACCTCCTGGGCGGCGATGCCATCGTCGCAGCGCCCGATCGCGATGGCGCCGCTCGCACCCGGCGCGATGCCGATCGGCACGCACCCCTCGACCACGTCGGGCGCCGACGCGAGCGCGCCGCCGCCGCCGCGATCGATCGCGTAGAGCGTCGTCGTGGGCGCGCCCTGCTCGGTCACGTGGCACGCGCCGTAGAAGAACGCACTGCCGCGCGCGATCCCGCCGACCACCAACGGATCGCAGGGCTCACGCACCTCGTTCACGATCGCGTCGCGCCCCTCTCCGTCGCCGATCGACGCGAGCGCGAAGCGCGCGCACTCGCCCGCGCTCGCCTGGCAGGGCCCCGGCGGTGCGCGCAGCACGATCATCGCGGAGCCGTCGTCACGACCCCACGCCGCGACACGACCGCGCGTGCTGCGATCGTAGGCGCCCGCGACCGACGCACCGAGATCGCGCACCGGCGCGAACCCGTCCACGCCCGCGCTCGCGATGGTCGCGATCGCGCGGACCGTCGGACCGCTGCGCGCGATCCATGCGACCGCGACGCGATGACCCGCGGCGGCGATCGCGAGCTCTTCGACCGAGCCCGGATCGTCTCCGCCGCCGACGAACGCGATCTCGGACACGACGACCTCGTGGCCGCGCACGCCGCCGTTCGGATCGAGCGCGATCGCGCGCACCCCGCCTCCGTCGTTCGGCGTCGCGCCCCACGCGAGCGCGGCTCCGTCGGGGAGCGCGACGAGATCGAACGACGCGCGCGACGAGATCGGACGCGCCGCGACGACCGGAGGTGGCGGAGGCGGCGCGGGGGCAGGCGGCGGAGGCTCCGGCGCGGCGCTCTCTCCACCGCACGCGACGAGCAAGCACGAGAGCACGAGCCAGCGCATCGCGCCCAGGGTACTCGTCACCTCGGCTCGCGCGCGAGCAACGCGCGATACTCCGCGAGGCGAGCCCGGTACGATTCCGCGCCTCCCGACGCGAGCACCGCACGCTCGAACGACACGAGCGCCTCGTCGCGACGCCCGAGCTCGTGCAGCAGGATCGCGCGACCGACCAGCACGGGCGCGACGTCCGGCGTGCGCTCGAGCAGCGCGTCGTACGCGGCGAGCGCCTCGTCGTAGCGACGCTCGTTGATCAGCGCCGCCGCGAGCCCGAGGCGCAGCCCGGCGTGCTCCGGGAACCGCTCCACGCCGGTCTCGAACTGCTGCAGCGCGCCCGTGTGATCCTCGGCGTGCCAGCGCGCCATCGCGAGCGCGTTCCAGGTCTCCGCGTGATCGGGCGCGAGCTCGAGCGCGCGCTCCAGCGCGGGGATCGCGTCGCTCGATCGCCCCCATCGCAAGAGCCGCGTCCCGAGCACGCGCCACGGGCGCGCGGCGTCGGGCTGGACCCGGCACGCCATGCGATAGGCCTCGAGCGCCTCGTCGTAGTTGCGCTGCAGCTCCCAGGTGTTGCCCACGAGAATGCGCGGCGTCGCGCTGCTCGGACGCAGCGCGGCGACATGCGTGAACGCATCGCGCGCGCGCTCGAAGCGCTCGGCGGCCATCTCCGCGCGCCCCAGCGCCATCCACGTCGCGGGCTCCTCGGGATGCGCCTCCGCCGCGCGCCGGAAGTGCCGCGC
NZ_CP070225.1_gap66	3004607	3007281	2674	CGCGAGCGCCTCGCTCACGTCGCTCACCAGCGGCACGCGCTTGCCCTCGCGATCGAGCAGCCCCTCGACGTCGCTCAGCAGCACCAGGAGGTCAGCGCCCGCGAGCGTCGCGACCATCGCCGCGAGCTGATCGTTGTCGCCGAACTTGATCTCCTCGACCGCGACGGTGTCGTTCTCGTTGATCACCGGCACCGCGCCGAGCTCCCACAGCGCGTCGAGCGCCGCGCGCGCGTTCAGATAGCGCTCCCGATCCGCGAGATCCGCGTGCGTCAGCAGCAGCTGCGCGACCGGCACGCCGTAGGGCGCGAACGACTCTTCCCACGCGCGCATCAGCCGGCTCTGCCCGACCGCCGCGCACGCCTGCAGCTGCGCGATCTCGGTCGGCCGTTTCTCGAAGCCGAGCGCGCTGCGCCCCAGCGCGATCGCGCCCGACGACACCACCAGCACCGCGCGACGCTCGGCGCGCAGCGCCGCGATCTGCTTCGCGAGCGCTTCGAACCGCGGCCCGCCGCCGTCGCCCACCAGCGACTTGCTGCCGACCTTCACCACCACGCGACGCCCGTCGGGCGCCGTCCGCTCGTTCATCGCGCCAGCTCTCCGGAGCGCGCGGCGATCGCCGCGTCGAAGTGATCGCGCATGCGCTGCACGAGATCGTCGGGCGCGTCCGCGGCGCCGTCGAGCAGCGCGTCCACGAAGCGCTCGACCGGCCCGCGGCCCTCGGTGTCGAGCTGGAAGGCGGCCTTCGCGGCGCGCGCGATCAGCTCCGCGATCCCGACCGGCACCGTACGCAGCGCCTCGAGCCCCGAGTCCGCCCACGCCTGCTCCATCGCGCTGCGCACGATCGTCGCTTCGAGCTCTCCGAGCGGCGCGCCCACGCGGCGATCCGAGGTCGCGAGATAGTGATCGAGCAGCAGCGCGGAGAGGAACGTCGCGGTCGCGTCCTCGATGCGCGATGCGATCCGGATCGGCGTGAGCGCGCGCGTGATCGCCGATCGCAGGAGGCGCGCAGGCGCGCTCCCGAGCGGCGACGAGAGCCCCGGTCGCGCGAGCACCGCACGTCCCTCGGGCGTGAGCCGAACTCCGCGACGCGCCGCGACCCGACGCATCGCCGAGCCCCGCGCGAGCTTCGCGAGGATCGCATCGACGAAGGGCACCGGCACCACCGACGCCGCGCCTGCGACCGCCGCGTACACCACGACCCCGCCGGTCGCGGGACGCGCGAGCGCGCGCGGGGTCTCGCGCACGATCTCCGCAGCGTGGAGATCCGGCTCGGTGGTCACCTCGGCGTCGATGACGCTCGCCTCGTTCTCTCGCTCGATCGTCACGCGCGCAGCATAGCCTCGCGGAACAACCACGACGACCCGCCGCGTCGTACCATGTGCACCTCGATGCTCGCTTCCGAGCTCCCTGCGTGGATGGCACGTCTCGTCGCGTTCGTGTTCGGCGCGCTCTGGGGCAGCTTCTTCAACGTCGCGATCTATCGCTGGCCGCGCGAGATGTCGGTGGTGAGCCCGCCGAGCCACTGCCCGGCGTGCGGCAAGCCGATCCCCGCGTGGCGCAACATCCCGCTGCTCGCGTACCTCGTGCAGCGCGGGAAGGCCGCGTGCTGCGGCGCGCGCATGACGCCGCGCTACTTCTTCGTCGAGCTGCTCTCGGGCGTGATCGCGGTCGCGATCGCGGAGCGCTTCGTGGTGAACGCCGAGCCGATGACCGACCTCGGCGATGCCGCGATCGAGACGCTGCTCTGGTTCGTGTTCGCAGGCGGGCTGATCATCGCGACGTTCGTCGATCTCGAGTGGATGGAGATCCCCGACGAGGTGTCGATCGGCGGCACCGCGCTGGCGCTCGCGACCGCGACGTGGCGTCCGAGCGTGCCGCTCGAGGAGGTCGCGCTCGGCGCGGGCGCCGGGTTCCTCGTCGTTCAGCTGCTGCTGGTGTGGAGCTGGGAGCGGCTCACCGGCGAGCGCGGGATGGGCGAAGGCGACTCGAAGCTCGCGATGTACATCGGCGCGTTCCTCGGCTGGCGCGGCGCGCTCTTCGCGCTGGTCGCGGGATCGTTCCAGGGGATCGTCGCGTGGGTGATCGCGCGCGCCGCGGGCGCGAAGATCGGCCCGAGCACCGATCACTCGCACGAAGAAGACGTCGCGAAGGACGAGCCCGCGAAGGACGAGGAGAAGAAAGAAGACGAAGAGGACGCGCATCCCTCGCGGCGCATCCCCTTCGGCCCCTTCCTCGCGCTCGGCGCGATCGAATTCCTCTTCTTCGGCGGCGCGATCGTCGACTGGTATCTGTCGTTCTTCGAGTGAGCGAGTGTTCAAAAAATCGGCTCGCTGGCGGAGGGCCCTCCCGTCCGCGTCCGTGCGCCGCACGCTCCCGTGCGGGCCCTCCGCCAGCGAGCACTCCAGCTGGACTGAGCTCTCACCCGATCCGCACGATCCGATGCACCGCGACGCCCTCGCCCACCCGCGGCGCGACCACGCGGTCCTGGGTCTCGGCGAGCGGGTCGGGCGGCGGTGACGCTGCGATCGAGAGCGCCTTCGGACGACGGCCGAGCAGCGTGGGCTCGTCGTCGTCGATCAGCGGCGTCTCCTCGGTCGGCGGCTCGACCGCGACATACGAGCGCCGCGCCTCGCGTGCGTGCGCGATGTCGCTCACGTCGCGCCGCACCGTCGCC
NZ_CP070225.1_gap67	3032486	3033719	1233	TCGTGCTGACCGCGACGCGCGAGATCCTGGTGGTGCCCGCGGGGCTCATGCTCGCGGTGTCGGTGGGGACGTTCCGCTCGCGCATCGAGTACTGCGCGCGACCGAGCGGGAAGGCGACGACGGTGGCGCAGTTCCTCGTGCTCGGCGCGCTGCTCTTCGACCTGCCGCAGGTCGCCCTCCCCGCTGCGATCGCAGCGGCGGTGCTCGGGCTCGCGGCGGGTGTGGAGTACGGCGTGCGCGCGCGCGCGTGCCTCGATGCGCCCGGGCCCACGCGCGCGGCCGGCGCTGCCGAGTAGTACGCTGACGCGATGCTCAGCACGGACTGTCCGCGGTGCGCGACGACGATGCATCCGGTGCGGCTCGGGCTGCGGCACGGAGGCGCGTACCGCGAGGCCGCGGGGACGAGCGAGGCCGAGCGCGGTTGGCAGTGCCCGCGCTGCGCGCTCGGCGTCGTTCCGGGGACGCTCGTCGACTGGCTGATGAAGCGCGTGCCGGTCGGCGGTGGGCCGAGCGAGCGCCATCGCGCGCGGGTCCGCACGCCCTGCCCTGCCTGCTTCGCGAGCGTCGATCAAGTCGTGCTCGACTGGGGCAGCGAGCTCGTCGAGATCGAGCAGTGCGCGCGCTGTCGCACGATGCTCGTCGACCCCGGCGAGCTGCCGAAGGTGTTCGCCATCGAGCACGACGCGCACCGCGCGTGATCGATCAGCTGTCGACGACGATCGACCAGCCGCGCGCGGCTTCTTGCGCGAGCGCGCGATAGAACGGCGCGAGCTGCGCGAGCTCCGCGATGCTGCGTCCCTGCACGCGCTGCTCGCTCGCGTGCGCGGCGATGCGGGCGTGGAGCTCGGCGTGGAGGTGCAGGCTCGTCGCGTCGCGGCCGGGGTTCATCAGCGCGACGAGGATCTGCGCGCTGTCGAGGCGCTTGCGCGAGAAGAGCCCGCCCCAGCGGTGCTCGAGCGGCGCGGGGAGCTCGGCGAGCGAGCCCGAGCGCACGTCGCCGCCACGGCGCGTGTGCCAGCCGGTGCCCGACGCGGGCAGTCGCGCGAGGACGGCCTCGTGGAAGCGCTGCGCGATCGATCCGTGGGTCGCGACCTCGCGCGCGAAGAGATCGAAGAGCGCGCGCTCGCTCGCCGCGTCGACCGGATACGTGACGTAGCGATAACAACCGAGCGGTGCGCCGCCGCCGAGCGGACAGCTCGCGCACGCGGGCACGCCGGCCGCGAACGACGCGAC
NZ_CP070225.1_gap68	3074280	3078440	4160	TGCTCGATCTGCGCTACCGCCGGAAGCTGATCGCGAAGAACGGCGAGAGCGGGCGCGGCAAGGACCAGTACGGCGCCGCCGGCGAGGACCTCGTCGTGCGCGTCCCGATCGGCACCCAGGTGTTCGATGCGGAGACCGGCTCGCCCGTCGCGGATCTCGACGCGAACGAGAAGGAATTCGTCATCGCGCGCGGCGGCAAGGGCGGACGCGGCAACATCCACTTCGCCACGCCCCAGGATCGCGCGCCGCGACGCGCCGAGCCCGGCGAGCCCGGCGAGCAGAGGAAGCTGCGCATCGAGCTCAAGTTGCTCGCGGACGTGGGCCTGCTCGGCTACCCGAACGTCGGCAAGAGCACGCTGATCGCGAGCATCTCGCGGGCCCGCCCGAAGATCGCGGACTACCCGTTCACCACGCTGGTGCCGAACCTCGGTGTCGCCGCGATCGGCGAGCGCAGCTTCGTGGTCGCCGACATCCCCGGCATCATCGAGGGCGCGGCCGAGGGCGCGGGCCTCGGCCATCGCTTCCTCAAGCACGTCGAGCGCACGCGCGTGCTGCTCCACATCCTCACGCTCGATCCCGATCCCGATCGCAAGCCGCTCCAGGACTACGACGTGCTGCTGAGCGAGCTCGAGCGCTTCGATCCCGAGCTCGCGAAGCGCCCGATGATCGTCGCGGTGAGCAAGCTCGATCTCCCCGACGTGAAGAAGCGCGTCTCGTCGATCCGCCGCGGCATGAAGGCGCGGGGCGTCGACAAGGTGCTCGCGTTCTCGGCCGCGACCGGCGAAGGCATCGACGAGCTCCTCCACGAGCTCGTGCGCGTGCTCGACGAGCACCCGGTCGCGCCGACCCCGCGCGCGGCGCCGCTGGGCCGCCCTGGCCGCACTGCGGCCGCGCTCGACGACGAGGGCGACGACGTCGGAGGTGACGTGGAGTACGTGGAGTGACGATCCCGCCCGCCGTGCTCGCCGCGTGGGGCGCGGAGTCGGCGCGCATCACGCCGATCGAGATCGGGCTCATCAACCTCACGTTCCGCGTCGATCGCCCCGAGGGCGCGATCGCGCTCCAGCGGCTGCACCCGATCTTCGCGGGCGAGGTGAACCTCGACATCGACGCGATCACGACGCAGCTCGAGCGCGCCGGGATGATCACGCCGCGCCCGGTGCCCACCAAGGACGGCGCGCTCTGGATCGATCACGACGGCGTCTGGCGTGCGCTCACCTGGCTCGAGGGGCGCGTGCACACCGAGCTGCGCAGCGCGGGGATCGCGCGCGCGGCAGGCGCGCTCGTCGGTCGATTCCATCGCGCGCTCGAGCACGTGGAGCACCGGTTCCACTTCACGCGCCCCGGCGCGCACGACACCGCGCGCCATCTCGCGAAGCTCGACGCTGCGCTCGCGAGCGAGAGCCCGCACGTCATCGAGGCGCGCCCCATCGCCGAGGCGATCCTCGCCCACGCGCGCGAGCTCGCGCCGCTCGCGACCACGCGCACCCGCATCATCCACGGCGATCTCAAGATCTCGAACGTGCTCTTCGACGAGCCCGGCGCCGAGGCGCGCGCGCTGCTCGATCTCGACACGATGGCGCACGGGATCGTCGCCCACGAGATCGGCGACGCGCTGCGCTCGTGGTGCAACCCCGGCGGCGAGAGCGCGGAGGACGCGCGCGTCGATCCCGCGATCTTCGAGGGCGCGCTCGAGGGCTGGAGCACGTCGATGCGGGGCGCGCTCGACGACGACGAGATCGCGTCGATCGTCCCCGGCTTCGAGACGATCTCGCTCGAGCTCGCGATGCGCTTCGCGACCGACGCGATCGAGGATCGCTACTTCGGCTGGGACCGCGCCCGCTACGCGTCGCGCGTCGAGCACGACCGCGTGCGCGCGCGCTCGCAGCTCGCGCTCGCACGCTCGGTGCGCTCACACCGCAGCGAGCTCGAGGCCATCGTCGCGCGCTGCTTCCGGTAGTCTCGCGCCCGGATGCCCTATCCCGCCGATCCCTCCGCGCGCGCTGCGATCCTCGATCTGCTGGGCTCGGTCTGGCCCCACGTTCCACCCTCGGTCGCGCAGGCAGCTCGCTGGGGCTCCGAGTGGTGCGAGGTGTCGACGCCGTTCGTGCGCTGGGACGATGGGCGCGCGGTGTCGCTCGTCGGCGTGCTGCGCCTCCCGATGCGCGTGAACGGGCGCGACGTGACGCTCGCCGGCATCCACGGCGTGTGCACGCGTGCGGCGTATCGCGAGCGCGGTCTCTTCCGGAGCGCGATCGGGGACGCGCTGCGCTACGTCGAGCGCGAGATCGGCGAGACCGCGATCCTCTGGACCGAAGAGCCCGCGATCTACGAGCGCTTCGGGTTCCGCCGCGTGGAGGAGCGCATCGCGACACTCGACGTCGACGTGACGCCGGTGCGCGATGCACGCGGGCGTCGCCTCGATCCCGATCTCGACGACGACCTCGCGCTCCTGCGACGGATGCTCGCGTCGCGCGCGCCGGTCTCCGATCGTCTCGCCACCCGCGAGCCCGGCTGGCACTTCCTGATCGACCTCGCGCTCCACGGCTCGCTCGCGCCCGCGCTGGTGCACCTGCCTGCGCTCGACACGATCGTCGCGGTCGAGGATCGCGGCCGCGCGCTGCGCATCCACGACGTGATCGCGCCGCGCATCCCCGACGTGCGAGACCTCGTCGCGCACCTCGGCGGCGCGCCCTGGGGCGTGGAGATCGCGCTCACCTGCGATCTCCTCTGCCCGCGCGCCCACGAGACGATGCCGCACGACGCGAGCGACGTGCTCATGGTGCGCGGCCCGCTCGACGTGGAGCCGCCCTTCGCGCTCTCGTCGCTCGTGCGCTGCTAGCCGCGGATGCTCTTCGCGGTCTGCCCGAAGAGGACCTTCTTCGCCTCGTCGTCCATCTTCGGCACGCGCAGCTCCTTGCCGACCTCGACGCCGCGCTTCACCGCGTCGCGCGCTTCGAGCGCGCGGAACCAGCGCTCGAGGTGCGGGAACTCCGAGAGCTGCTGCCCCTGCGCCTGCCACGGCACGACCCACGGGTAGATCGCGATGTCGGCGATCGAGTACTCGCCCGCGACGAACTCGCGATCCGAGAGCCGGCGATCGAGCACGCCGTAGAGGCGGTTCACCTCGTTGGTGTAGCGATCGATCGCATAGGGCAGCTTCTCCGGCGCGTACTGTCGGAAGTGGTGCGCCTGGCCCGCCATCGGCCCGAGGCCTGCGACCTGCCACGCCACCCACTGCAGCACCTCGTAGCGCCCTCGTACGTCGCTCGGGATCAGGCGCCCGGTCTTCTCCGCGAGGTACTGCAGGATGGCGCCCGACTCGAAGATCGCGATCGGCGCGCCACCGCCCGGCGGATCGTCGTCGACGATCGCGGGCATGCGATTGTTGGGGCTGATCGCCAGGAATTCGGGGCGGAATTGCTCGCCGCGCCCGATGTTCACCGGCTTCACCGCGTAAGGCAGCCCGAGCTCCTCGAGCGCGATGGTGATCTTCCAGCCGTTGGGTGTGGGCCAGTAGTGGAGGTCGATCATGGCCTGCGCGAGCATCGGGTTGCGATGCATCGACCGCAAGGCCGCGCCCGGCGTCGCGTTGTAGAATGTCCGCGATGGTGGTGTCCGAGGAAGGCCTCGCGCTGCGCGCTGGAGACGTACGCGCCGCAGAGCTCCTCGAGACGCACCTCGCGCGTGTGCTCCGCACGCTGGAATCGGAGCGCGCGACCGGCGTGCTCGACGTCGACGCGGGCGGGATCCGCACCACGTTCTACCTGCGCGAGGGCGCGATCGTGTTCGCGGAGTCGGGCACGGTCGGCGAGACGCTCGGCCGCGTGCTCGTGACGCGCGGTGTGATCACCGACGCGCAGTATCGGCAGATCCTCCGACGCATGACCGACGCGCTCGTCCACGACGAGCTGATGCGCTTCGGCGAGGTCGCGATCGAGCTCGGGATCCTCTCGCCCGATCGCGTGTCCGAAGGGCTCCGTGCGCAGATGCGGGCGCGCGTCGTGCGCTGCCTGCAGCTCGATCAGGCACGCTGGATCTTCCGCGAGGATCTCGACGCGGTCGCGTCGGTCGCGCGCTTCGCGCTCCCGCTGCCCGCGGTGTTGCTCGAGTCGCTCGCCGAGCCCCAGGAAGCGGCGCGATGGGCGTGGCGCCTCGCG
NZ_CP070225.1_gap69	3080405	3081358	953	CGCCCGTCGCCGCTCAGGATCGCGTCGGGCGGCTGGGGGAACGGCTGCGCGCGCATCACCGAGTTGAACGCGCCGAAGTCGAAGAGGATGTTGCCGCTCGTCGCGACGATGCCGACGCGATGCACGGTGCCGTCGGGGTTCACCGCGATCTCGAGCGTCGTGTTGAGCGACATGTCGTTGAGCCCTTCGCTCGCGTCGGGCGAGATGCCCGCGACGTAGCGATCGGCGAACTCGCGGTGGATGCGCCGGTGCATGTCCGAGAGGAACGTCGCGAACGGCGAGGCCGCCGCGTCGAGCGCGGTCTGGTTCCCGGGACGCACCTCGCTCACGTAGTTCTCGATCGCCGCGCGGAACTCCTGCCAGCGCTGCTCGCGGCTCGCGCCGCGCGATCGCGATCGACGCTCCTCGAGGCGCGCCTCGCGCTGACGTCGCAGCTCCTCCTCGCCGTAGATCGACTCGAACTGCGACCACGAGAGCGGGCTGCCGGGGCCGCCGCGCACACCGGTCGCACCGCCGCGGCGCGCACCACCGCGGGTCCGCCCGGGACGGCCGACCGCCAGGCCCTCGCCGCTCTCGCCTCGCCCGCGCCCCTCACGTCGCGCACCGCCCGCTTCGCCCTCGCCGCTGCCCTCGGGCCGCGTCGTCGGGCGCGGGCGCGTGATCGTGAACGTGCCGAACCCGTCGGAGATCGTGACCGTCTCCTGCTCGACCGGCGCACCGCCGCCCATCGCGCGCGCGCCGCCTTCTTCGCTGCGCGCGCGCTCGCCCTCGCGCGCCTCGTGATCGTGCCCGTGGTCCATGCTCTCGGCGCCCGCGGCGGTGGGACGCGGCGAGGTCGACGCCTCGCGCTCGCGCGGCGGGCGTCGCTCGGCTTCTTCGGGCAGGACGCGGCGTCGATCGTCGCCCTCGACGTCGCGCATGTCCGCGACCTCGTCCTCGTCGGAATTCCCGGG
NZ_CP070225.1_gap70	3091415	3092477	1062	ATGCGGTCGCGCCGGTGCCATCGGCCGAGTACGTCCCCGCGGGGCACGCGCTGCACACGTACCCGCCGCCCGCTCGTCCCGTGCAGCTCGTCCCGCTCAGGCACGGGTCGCCGCTGCCGCCGCACGTGCCCGCGGTGCAGATGTCCGTTGCGGTGCACCCGAGCCCGTCGTCGCACGCGTTGCCGGTGGTCGCTCCGCACGTGCCGTCGCTCGCGGCTCCTGCCGCCACCGAGCACGCCTGGCAGTCGTCGGTGGCGCCGCCGCACGCGCTCTCGCAGCACACGCCGTCCACGCAATGCCCACTCTCGCAGTCGGCGCCGGCGCCGCAGGAGTCACCGAGGTCCGCGCCGTACCGGACGAGACGCGCCTGAGCGCGCCAGATGCCGAACGGAGCCTCGGGCACGAAGCGGCTGTACGCCAGGAGGAGCTCGCCCGGCGCGCCGCCCGCGAGCCGCGGAGTCTCTTCGTTCGTCGCCAGATCCGCCGCGAGCACCACGCCGCCCGGGGACTCGACGATCCCGTCGCTCACCCGGGTCCCGTAAATGTCCGTCGAGGCCCCGCGGGAGTCCTGCCAGACGACGACGTAGTCGATCCCCGTCGACGCCACGCTCGGGAACTGCTGGCCGTTCACCGCGGTCGAGATCGCCAGGCCGGTCGCGTCGAGGACGGTTCCGGCGGCGCTCACCCGGCTCCCGTAGATGTCGGACGCCACGCCGCTCCGGAGGTCGTGCCAGGCCACCAGGTAGTCGGTCCCATTCGACGCCACGCTCGCGAACTGCTCGCTGCCCGCCGCGGTCGAGACCGCCAGGCCGGTCGCGTCGAGGACCGTTCCGGCGCTGCTCACCCGGCTGCCGTAGATGTCGGACGCCACGCCGCTCCGGAAGTCGTGCCAGGCCACCAAGTAGTCGGTCCCGTTCGACGCCACGCTCGCCGAATGCTGGCTGCTCGCCGCGGTCGAGACCGCCAGGCCCCCGGCGTCGAGGACTCTTCCGGCGGCGCTCACCCGGGCCGCGTAGAGGTCGAACGAGACATTCTGAGAGCTCTGCCAGACCACCAGGTAAT
NZ_CP070225.1_gap71	3099463	3103852	4389	GGCGACGCTCGCCGCCGCGGTGGGCGAAGGCGGGCGGCTGATGATCGGCACGCTCGGCGGGCTCGTGAACGTGTTCCCCGACTCGCCCGTGGTCCCCTTTCTCGCCGCGGGCGGCGGGTTCGTGGTGAGCGATCCCAACGCCGACTCGTTCTTGCTGCAGTCGGGCGTGACCGGCGCGCTCTACGCGGGCGGCGGGCTCCGCATCGCGTTCCGCTATCGCATCACGCTGCGGCTCGAGGCGCGCGCGTGGGCGATCTACGAGGAGAACCGCTACGTCGCGCAGGAGGAGCTCAGTGCTGGCTTTACTGTGTTCTTCTGAGCGAGTGCGGCTCGCACTGGTGATCGTGCTCGTCGGCGCGCTCGCAGAGGGATGCGTGACGGTGCGGCCCGAGGAGCGCGAGTTCCTCGCCGATCCCGCGATGACGTTCGGCTCCGAAGGCGAAGCGGGCGCGCACGAGGCGCACGTGCTCTCGAACCGCGAGGGCAGCTACGGCGCGGCCGGCGTCACGGGCGGCGGCTGCGGGTGCAACTGATGCTCCGTGCGATCGCGATCGCGTGCGCGCTCCTGCTCCTGGCGAGCTCGCTCGCATCGGCGCAGAGCGGCGAGATCGGCGTCGCGGGGACGCTCTATCACGAGGGCGGCGGGCCACTGAACATGACCGTCGTCACGCCCGGCGTGAGCGCGTCGGTGGATCCGATCGAGGAGCTCACGATCCGCGCGGGCTGGGAGGCCGACATCGTGAGCGGCGCGAGCGTCGCCGTGGTCGATGCGCCGGCCCCCGAGGTCGACGTGATCTCGACCGCGACCCAGCTCTTCGACTTCCGCAACGTGATCTCGGGCGGCGCCGAGGTGCGCAGCGACTACGGCGCGATCCGCGCGGGGTACGCGTACGGCTTCGAGAACGACTACCGCAGCCACGCGATGACGCTCGGCGCGCGCGCCGAGGCGTTCGAGCGCACCGCGGCGTTCGACATCTCGTACGCGCGCGGCTGGGACGAGGTCTGCGACGTCTTTCAGCCGCGCAACCAGGAGCCCGTCGATCGACGTCGTCTCGCGAGCTCCGAGGGATGCTTCGGCGACAGCCCGGAGCTCACCGAGCGCCCGGTCGAGCTGCAGACGTTCCAGGGCTCGTGGACCCAGGCGTGGGCGCCGATCTTCACGACGCAGCTCACGGTCACCGCGCAGCTCGTCGACGGCTTCCAGAGCAATCCGTACCGCGCGGTGTGGCTCGGCCGCACTGCGGCCCAGGAGCACCACCCGGACTTCCGCGCGCGGTACGCGGCGGCGCTGGGCGCGCGCCTGTGGCTGCAGCCGCTCTCGGCCGCGCTCCAGGCGAACGTGCGCGGCTATCGCGACACCTGGGACGTCACGAGCATCACTGCGGAGCTCGCCTACGAGCAGGTGATCGAGGGCGCGCTGCGCATCCGCGTGCGCGGCCGCTACTACAACCAGACCGGCGCCGCGTTCTACAGCGACGACTACGCGCTCGCGCCGCGCGGCCAGTTCTTCACCGGCGATCGCGAGCTCTCACCGATGTGGAGCACGCTCGTCGGCGCACAGATCGCGTACACGATCTCGTCCGGTGCCGACGGAGCCGCGCTCGGGTTCCTGCGCTCCTTCGATCTGCTGCTCAAGGGCGACTGGCTGCACCACGATTTTCCGAGCTTCCACTATGGTCGCGTCGCCGTGCCCAACGTCGACGGGCTCATCGTGACGCTCGCGCTGGAGGCTGCGTTCTGATCATGTCGATGCTCCGCTCCTTGCCGCTGGTGCTCGCGGCGATCTTGTCGCTCGCGGGATGCAACCGGCGCGGCTCGCTCCTCGATCAGCCTCCGGCCGCGACCGGCGATGCGACGCGGCCCGGCGCACGCCCTCCCGGCAGCGCACGTGGCAGCGCGCGGCCGCCCGCGGGCACGAGCTGCATGGGCCGCGAGGACTGCCCCAGCGATCAGGTCTGCGTCGATCGCGTGTGCCGCTATCGCGAGACGAGCGTCGCAGGCGAGATCCTCGCGACCGCAGCGCGCGCGCAGGTCGAGGCGGGCGACTGGGAAGGCGCGATCCGCACCTTCGATCAGGCGATCGAGCACTACGACACCGCGCACGCACCGGTGCCGCCCGACCTGCTCTGCGCGTCGGCGTCGCTCGTGCTTCGCACCGCGTCGGACGCCGAGGGTCGCGAGCGGGGCGCGCGCCGCGCCGATGCGTGCTTCCGCGCGTCGCTGCCGGGCTCGCCCGAGCGCGAGGAGGTGCGCCGCGCCGTGGCCCGTCTTCGCTTCGAGGGGCTCGACACCGCGCTCTTCGATCGCACCGAGCCGGCCGAGCGCTTCTTCACGCAGGAGCCGAGCCGCCCGACCGTCGACGCGCTCGCGATCGACGTCGAGCTGCCGGAGAGCGAGGACCCCGGCGTCGCCCAGGTGCGCGAGCAGCTCGCGGGCGAAGCGGCGCGCCGCGCGATCGCGGAGTGCTTCGTCCAGGACTGGGAGCTGCGCCACGAGCGCAGCGCGTCGGCCTCGCTGATCGTGCGTTACGCGACGCGCCTCCACGACATGGGCACCTACGACACGTACGAGCCGACGATCAGCGTCGAGAAGACGACGGTCGCCGAGGACGGGTTCGAGCCCTGTGTCGCGCGCTCGCTGTCCGGCGCGATCGCCGCGCCGCGCGCCAGCCGCGTGGTCGCGTGGCAGACGTCGATGTCGATCACCGCGAGCGTCCAGTAAAGCGCGTCGCTCGCGCCTGAGTGACGTTTGCCTCGATCGCCGGAAGAGCCTATTTTCCGCCGGCTCCGATGACGACGAAGCAGCACGCGTGGGCCGTGATCATGGCGGGCGGCTCGGGGACGCGGTTCTGGCCGCTCTCGCGCAAGGCGCACCCCAAGCAGCTCCTTCCACTCGCCGGGAGCGACGCGTCGCTGCTCGCGGAGACGGTGCGTCGCATCGCGCCGATCATCCCGGCGGAGCGCGTGGTGGTGGTCACCGCCGAGCACCTCGCCGACGCGACACGCGCCGCGCTGCCGAACGTGCCCGCGGAGAACGTCCTCGCCGAGCCGGTCGGTCGCAACACCGCGCCGTGCGTGGGCTGGGCCGCGGCGCACGTGCGGCGTCGTGATGCCGACGGCATCGTCGCGGTGCTCGCTGCGGATCACCACATCGGCGACGAGCCCGGGTTCCTCACGATCCTCGAGCGCGCGCTCGGCGCCGCGGAGCACGGCGAGCTGGTCACGCTCGGCATCAAGCCGACCCGCCCCGAGACCGGCTATGGCTACCTCGAGGTCGGCGAGGAGCTCGGGCCGGGCGTCTATCGCGCGCGCCGCTTCGTCGAGAAGCCGAACCGCGCGCGCGCCGAGCAGTTCCTGACGTCGGGCTCGTTCCTCTGGAACAGCGGGATGTTCTTCTTCCGCGCGAGCTCGGTGCTCGACGCGATCCGCGTGCACCTGCCGGGGCTCGGCGCCGCGCTCGAGCGCTTCGATCACGCAGCGGAGCAAGGGCGCGAGCAGGACGTGGTGCGCGCGGAGTACGCGGCGCTGCCCTCGATCTCGATCGACCACGGCGTGATGGAGAAAGAGGATCGCGTCGTGGTGGTGCCCGGCGACTTCGGATGGTCCGACGTCGGGAGCTGGCTGACCGCTTGGGAGCTCGCCGCGAAGGACGCGCAGAACAACGCGGTCGCGGCCGGCGGCGCGAGCGACGACGTGGTGCTCGTCGACGCGACGGGCTCGTACGTGCGCGCGCCGCAGGGCAAGGTCGTCGCGCTGATCGGCGTGCGCGATCTCGTCGTGGTCGACACCGAGGACGCGCTGCTCGTGGTCCCGCGCGATCGCGCGCAGGACGTGCGCGCCGTCGTCGACGCGCTCAAGGCGCGCAAGCGCGACGACAAACTCTGATTCGACATCGCGATCGCCGATCGCGATGGGTGGGAGACGCTCATGGCCTCGATCCCGAATCCGTTCGTGTTCCGCGAGTACGACGTGCGTGGCGTCGCCGATCGCGATCTCAGCGACGACTTCGCGCTCTCGCTCGGGCGCGCGCTCGGCACGTTCTGGGCGCGCCGTGGACAGCGCCGCGTCGCGGTCGGTCGCGACTGCCGTCTGAGCTCGCCGCGCCTCCACGCCGCCCTGGTGCGCGGGATCCTCGAGACCGGCGCGCAGATCACCGACGTCGGCATGGTCCCGACGCCGCTGCTCTACTTCAGCGTGTTCCACCTCGGGCTCGACGGCGGCGTGCAGATCACCGGCAGCCACAACCCGCCCGAGGACAACGGCTTCAAGATCATGAGCGGCAAGGGGACGCTCTCCGGCGAGGAGATCCTCGAGCTGCGCCGCATCATCGAGCAGGACGACTTCGCGATCATCGGCGAGCGCGCGATCGGCGCGCCGGGCACCCGCACCG
NZ_CP070225.1_gap72	3198832	3200901	2069	TCCACCGGGACGCCAGGACGACGGCGGCACCGGACCAGGCCCGATCATCGAGGGCATCTGCTCGAGCACGACCGACAGCGACGGCGACGGGCTCTACGACGCGATGGAGGGCACGGAGGACTGGGACGCCGACGGCAGCGGCAACCACCTCGACACCGACTCCGACGGCGACGGGCTGCTCGACTCGGCGGAGTCGGGCGGGCTCGGTGGATGCCGCGCGCGCAACAGCGACGACGACGCGATCCCCGACTACCTCGACAACGACTCCGACAACGACGGTCTCTCCGATCGCGAGGAGACCGAGCGCTACGAGACCGATCCGCTGAGCCCCGACAGCGACGGCGACGGATACATCGACGTCGCCGAGGTCGCGACCGGGCACGATCCCAACGATCGCAACGACGGGATCCCCGAAGACGACTTCTACGTCGTGCTGCCCTACCGCGGCGATGCGCAGGAGCGCGAGCTGCGCTTCGGCACGACGGTGAGGCAGGCCGACGTGTTCTTCATGATGGACCGCACCGGCTCGATGCGTGAGGAGGTCGCGCGCCTCAAGAGCTCGCTCGACACGGTGGTCGAGCAGATGACGACGACGATCGACGACATCGGCGTCGGTTTCGGTGGCTTCGCGGGGTTCGGCGGCGCGGCGGGCCCGCGCGTGTGCACGCCCAACCCGTTCGGTGGCGCGCCGATCTGCACCACCGGCGAGGGCAGCGCGGGCGACGTGCCGTTCAACCTCTACGGCGTGATCACGACCGACCTCGCGCAGATGCGCGCCGACCTCGACATGATGCAGGCCGATCAGGGCGGCGCGAACTGGGCCTCGAGCAACGAGGCGCTCTACCAGGCCGCGACCGGCGAGGGCATCGCGCCGTGGGTGCCGATGCAGCGCTGCGTGGCGGTGCCCGACGAAGAGGGGCGTCGCTACGGGTATCCGTGCTTCCGCCCGGGCTCGCTGCCGATCATGGTCGTGCTGACCGACACCTCGTCGCGCAACGGTCCGCTCACCGAGGGCATCGACGGCGCGACCTACGATCCCGCGGCGTTCACGATGGGCCCGCCGGCGCACACCTACGATCAGACGCTCGGGTCGCTGCGCATGATCGGCGCGCGCGTGATCGGCGTGGTGAGCGGTGAGGAGATCGACAACCCGACGCCCGAGCAGCAGTTCGACGCGTGGGCGCGCGAGACCGGCACCGTGTACGCCGATGGTCGTCCGATCCGGTTCACCATCGCGTCGAACGGCACGGGCCTCGACACCTCGATCGTCGAAGCGATCCGGGTGCTCGCCGAGGAGACCCCGCAGAACATCAGCGCCGTTCCCTACGACGGTGAGGATCTCCCGGCGCAGGACCCGCCCATCGACGCGACCGGCTTCATCAAGTCGATCACGCCGGTGCGTCTGCTCGAGGACGGCGTGCCCACGGTGGCGTGCCCGATGGCCGAGCGCTGCGACGACTGGATCTTCTACGACGTCGCGCCCGGAGACGTGGTCGAGTTCCGCGTCCGGTTCCTCAACGACTTCGTCGAGCCGCGCTCGACCACGCAGCTCTTCGAGGCCCGCATCGTCGTGCTCGGCAACGGCGTGGCCGAGCTCGACGAGCGCGACGTCGTCATCATCGTGCCCGCGGGCTCGGTGCCGAACCTGATCTGATCAGCGGGTGCGCGCGCCCGGCGACGAGGTCTCGGGCGGCGGAGAGATCACGGTCGCGTCCGCCGGGCTCGCCGGCGGGCGCTCGAGCCCGGGACGGCTCTCGCTCGCGGGCACGCCGAGCGCGACCTCGCGGAAGTGCAGGAACAGGCTCTGCCCGATCGAGAGCACCGGGACCGCGAGCAGCGCGCCGGTGATCCCGAAGAAGTGCTCGCCCGCGAGCAGCGCGAACACCACGAGCACCGGGTGCACCTTCGCCGCGTCGCCGAGGATCTTCGGGTTCAGGAGGTTCGCCTCGACCTGGTGGATGCCGATGATCCACGCGAGCACGAAGAGCGCGACGCCGAACCCGTCCTGCAGGCCGACCACGACCGCCGGGATCGAGCTGATGATCGCCCCGAAGATCGGGATGATCGAG
NZ_CP070225.1_gap73	3202863	3203565	702	GTGGGCTCGAGCGCTGGCTCGTCCCGTTCACGTACGCGATGGCGATCCCGTTCTATCTGCTCGTCGCGTGGCTGCGCCCACCGTTCGAGTGGATCGCGGTGGTGTACACGCTCGAGCAGCTCGCGGGCGCGCTCGCGGGCACCGCGCTGCCGGTGTTCCTGATGCGTCGGTGCAAGCGCGCGTTCTCCGCGTCGCACTACGCGTTCTTCTCGGCGATCACCGCGCTCACCGCGACCGTCGCGGGCGGGCTCTCGGGGCACGTCGTCGAGGGGCTCACGTCGGCGTTCGCATCGGGCGCAGCCGACGCCGCGAGCGCGCGGGCCGACGCGCTGGTCGCGTTCTTCGCGCTCTGCTTCGTCGCGGCGCTGCCCGCGGTGATCCTCGTGCACCTCGTGCCGACCGATCCGATCGAGCTCGAGACCTGACTCAACGCGAGAGCACCTCGAGCGCGCGCTCCACGTGCGCCCTGCCCTCCTCGTCGCGCGCGATCGCACGAGCCGCTTCGAGCGCGGCGCGAGCCTCGTCGCGACGTCCCATCGCCGCGAGCGCGAGCGCACGACCGATGCGCGCGTCGATCAGCTCGGCGTCGATCGCGAGCGCACGATCGTAGGCCTCGATCGCACGATCGGGCTCGCCGCTGCTGGCGAACGCATCGCCCAGCACGGCCCACTGCCGCTCGAAGTGCGCATCGCCGCGCACCGG
NZ_CP070225.1_gap74	3213761	3218620	4859	ATCGCCACGAGATCGCCCGGGTACATGTGCTCGGGCTGGTCCTCGCTCAGACCGGCAGCGCCCTCGGGGCCGAGCACGCCGCGCTCGCACAGCGGGATGCGCGTCTCGAGCGCGATCCGGCCGTCGTCGAGCGTGCGGAAGTTGCCCGCGATGCTCGCGGTGCTGGGGATCACGCCCTGCCAGGTGAGCGCCCAGGACTCGGGCTCCGCGGTCCACGGATCGGTGGACGTGCAGATCAGCGTCGCGGGCGCTCCGAACACCGGCGCGATGCCGTCGGGGTCCTCGCACACGATCGGCTGGAAGCTCGGCACCGCGTCTTCATCGGGCACCGAGCCCTCCGCCGAGAAGCGCTGGGTCGATCCCGACAGCGACGCGACCGGCGGATCGGTGAGCGACACCGGATCGGCCACGCGGCTCGCGATCCGCGGCCGATGACGACGGATGAACGAGTACTGCTGACCGCCCTGGAACGACTCCTGACAGTTCTCCCCCGTGCGGCACGGCGCGTCCTCGTCGAGCACGTCGACGTACCGGATCGTTCCGTCGGAGAGCGCGACCGACACGAACACGCCGCGCAGGTTGTTCGCGGAGGGATCGATCGTCGCGTCCTCGTAGTCGCACATGCCGGCGTCACCACGGCGATCGATCGCCGCGATCGCACGGGCCGGCGCGCCGAAGGGCACGCGCAGCACGCGACCGGTCGACTCCGCGGCCACGGGAACGAGCTGCCCGACCGACTCGTCGATCACCATCACCGAGCCGTCGCGCGCGTCGATCGCGTAGATGTAGCGACGCGTCGTGGCCTCATCGAGGCGATCGGGGACCGCCGGCGTGAGCGTGAGATCGAGGATCGGTCCATCGGTCCGGATGCCATCCACGAACGCGCGCGTCGCGAGGTCGTAGCGGTAGATCACGGGACGTGCGGCATCGCCGATCAGCAGCGCGACCGCGTTGCCTTCGTCGTCGCGCGCGACCTCGATCTCGAGCGGCTGCGGCGCGGGCAGCGGATCGGGCGGCGCCTCGAGCGTGACGGTCGGAGGCGGCGTCGCGAGCTCGGGAAGCGTGAGGCCGGTCGCAGCGCACAATGCGATCGTGGCCGGGTCCTGATCCGTCGTGGGAACGACGAGCGTGGGATCGGGCGAAGGCTCGGTGGGCTCGACCGGCAGCGCATCGGGGAGCGGGATCACCTCGAGCGCGCCGAAGCGACAGCCCGTCTCGTCCGACATCACCGGGACGCGCCCGATCACGCCGTCGTCGGGCAGCGTGACGTAGAGCTCGCTCGTCGCGCCGTCGTCGTGGATCACCAGCGCGTTCGGGCGACCGGTGCGTCCCTCGCCCGCGAGCGAGAGCTCCTCGGTGTCCATCCCGGTGCCGAGCGACTCCTCGCGGAAGCGCGCGGTCTCGACGGCCGACAGGCTGCTCGATCCGCGGTTCGCGACCCACGTGCACAGCGGATTGCGATGCGACACCGCGAGCCCGACCGGCACCTCGCCGACCTCGACGAACGTGAACCCGGGGACGCGACGATCGCTGTCGATCACGACCGGCGGATCCGCGCTCAGATCGACCGCTGCGACCTCACCGCGCGTCTGCTGGGTCACGAGCGCGAGCAGCGTGCGATCGCTGGCGTCGCTGCCGGTCGCGCACTCGCTCTGCGCGACCGGGCGATCACCGGAGAAGCACACCAGCTCCATGCGCGCCGGGCGATTGAACGCGCGCGGCGGTGCGACGTTGACGGCCTGCGTGCACGCGCCGCAGAGCGCGAGGAGGAGCGCGGGGACGACCTTGAGGCGCACGGCGAAAGCTCGCTTCATCCGGAGAACGGGCTCGGCGCGTCGGGATCGCCGAGGTACGCGATCAGCCGCGGGGACGCGCCGGTGCGCAGCGGCGAGAGGTCGACGACCCCGATCGTGTTGTTGCGGAAGTTGATGACGAAGAGCAGCTCCCGCGTCGGGTCGTACGCCATCTCGAAGGGCCCCGCGAGGCCCGCGACGGTCGCGATCAGCCCGAGCTCGGGATCGATCACCGAGACGTTGTTCGCGTCGTAGGCGGTCGCGAGAAGGTACGTGCGATCGCGCGGCACGATCGGCCCATCACCGTCGGGATCGAAAGGCACGACCACGCGCTCGAGGCGCGACGGCCCGGACGCCACCGCGAAGATCTCACCGAGCGGCGCGAGGTTCGGCGCGACCGGCGGCACCCGGAAGTCGACCGTGATCACCGCCTCGGGCCGGCGCGCGAGCACCCACGCGCGATCGACGCCGACGTCGAACGCGATGTCGCGCGTGTCCGATCCCACGCCGCCGTCATCCACCCCCGCGAGCGTGATCCGATTCACCACCGCGAGACGGGTGTCGACGTCGGACACGATCGGCGCGACCGCGACCAGGTCGCGTGTCGGACGCGTGCTCGGCGGGGCGCTCGTCATCCACACCGTGCCGCTCTCGGGATCCATCTCGACGCTCACCACGTCGGTCGGGAGCCCCTCGATCACGTCGAAGAGCGTCGGCTGACCGCGCAGATCGTCGAGCAGCAGGCTGCCCGAGCCGTTGCGGTGAATCATCACGATCGCGTCCGACTGGCCGCCGCCCACCAGCGCGCGCGGCACGACCGTCAGCGCGACCGGATCGGTGGGGAGCGAGAGCTCGCGCGAGACCGGCGCGACCGCAACGGTGTTGTGCAGGTCGTCGCAGGCGTCGCCCTCCCCGCACGAGAAGTTGCCGCCCGACAGGTCGATCCACGTGAGGCCGCCGCGCCCGCTGCGCACCGGCAGGTAGATGCGCTCTTCCGTGGGCCCGACCGCGATCCCGTCGGCGTGCGAGGGGATGCGCACCTCGTCCTGGAGGAATACGTCGGGCCGCTCCTCGATGTGGATCTCGCACGCGGGGAGGCCGTCCTCGCCGCAGTCCACGCCGAGATCGTCGACGCCCGCCACCGCTTGATCGATCGCCGCCTCGATCTCCGAGAGGCGCCACGACTGCAGCGAGCCCGACGCGTAGCGCACGTCGAAGTTCGAGTTGACGACCAGCAGGAAGTCGTCGTCGCCCGTCTCCGGCGCTCCGTCGACCACCGCGATCGCGATCGGGAAGTTCAACGTGGCCGCGGGCAGCGGCACCCCGGGGTTGTCGAGGTCACACCCGGCGATCGCGATCGCGAAGACTGTGATGGTCGCGGCGTATCCGACGCCGCATCGCTCCGCCCGCATGAGGCGCGGACCCTACTGCGAACCCTGACTCAGCGCCAGGGGTCGAGGACCTCGCTCTGACCCACGCCATGGTGCTGCGTGGGCGGCGTCGTGTGCTGCTGCGGAGCCGTGCCGCCGGACGAGGCTTCGGGCTGCCTGCGACCACCGCTGCCGCTGCGACGACGCTCGGCGACGAGCGCGATGCGGACCTGCGCCGCGGTCAGCGACGAGAGGCGCACGTCCTGGCTCTGGAAGCCGGGCTTGCGGAGCGAGACCTCGAGCGTCTCGCCCGATGCGGGGCGCGGCAGATCGAAGGGCGTGTTGCCGAGGAGCTCGTCACCGCGCCAGACCTCGACGCCCTCCGGATCGCTCACGAGGTGGATCGTCGGCGAGATCGCGGGCGCGGCCTCGCGGGGCGATTCGACGTCGGTCGACGTGCCCTCGGCGCCCGCAGCGACGCTGCCCGCGCCGGTCTCTTCGGGCGTCGTCGGCGGTGCGACCGGCGGGGTCGGCGGCGTCGGAGGCGGCGTGCTCACGACCGGCGGCGGCGTCACCGCGACGGCGGGCTGCTGCGTCATCACGAGCGCAGCCGCGCCACCACCGACCATGAGCAGGAGCACCGCGACGGTGCCGATGATCATCGGCACCTTGCTCTTCGGCGGCTCGGGCGCGACGTCGCCGACGCCCATGCGCATCATCGACTGCACCGGCACGCGACCGGTGCCGTCCATGCGCGGCATCGTTCCGTCGCGACGCGGCATGCCCGCGCCCGACGCGCGATCGACGCCCTCGACCACGGCGCGCGGCGTCAGTCCCTGCTCGAGCGCGACGAGGTCCTCGCGCACCTCGGACATCGACTGGTAGCGCGCGTCCGCCGACTTCGAGAGGCACTTGAGGATCACGGCCTCGAGCCCGGGCGGGACCTGCACCGGCGGCGGCAGCTCGTGCGGCGCGATCGGCTGCTCGTACATGTGCTTGGTCAGGATCCCCATGAGATTGTCGGCGTCGAACGGCACGCGGCCGCACGCCATCTCGTAGAGGATCACGCCGAGCGCGTAGACGTCGGTGCGGTGATCGACGTTGCTGCCCGCGCACTGCTCGGGCGACATGTAGTGCGGCGTTCCGAAGACCTGGCCGGCCTTCGTCAGCTTGCTCGACGCGCCGCCCACCTTCGCGATGCCGAAGTCGAGCACCTTCACGAAGTCGAGGTCGCCACCTCGCTTGATGAGGTAGACGTTGTCCGGCTTCATGTCGCGGTGGACGATGCTGCGCTCGTGCGCGGCACCGAGCGCGTCGCAGAGCTGCTTCGCGATGTGCACCACGCGCTCGGGCGCCATCGGCGCGCCGCCCTTGTCCTGCGGCGACTCGATCGCCTTCGTCAGCGACACGCCGTCGAGGAACTCCATCACGAAGTAGGTGGAGTTGTCGGGCAGCGTGCCGAAATCACTGATGTCGATGATGTGCTGGTTGCCGATCGCGCTCGCGCTCTGGGCTTCCTGCTGGAAGCGCGTGAGCACCTCGGTGTCGCGCGAGACCTCGGGCTTGAGCACCTTGATCGCGAGCGGCTTGTTCAGCATCGCGTGGCGCGCGCGGTAGACGAGGCCCATGCCGCCCTCGCCCAGCACCGACTCGATGCGGTAGCGCCCGTCGAGCGTGCGGCCGATCAGCGGATCCG
NZ_CP070225.1_gap75	3252688	3256800	4112	CTCGAGCACGCGCGCGTGGACCTCGTGGCCGAGCCCCGGGCCGATCCCGCGCGAGGCGCTGCGCGGCGACTGGTCGTTCCACTCGAATTCGATCTCGATGCGCGCGGCCTCGGTGCGCGTGGTGCGGGTGAGCGACGGAGCCGAGCTCGAGGTGAGCGTCGATCACCCGGCCGATGGCTACGGACCGAGCACCGTCTCGTTCCGCCCGATGGGCTGGAGCCCGGCGGCCGGAGAGCGGTACCGGGTGACGATCGAGGGCATCGACGGCGGCTCGATCACCTACGAGGTCGCCCCCGTCGAGTGCTGATCACCGCGTGACACACGCGTTTCGTCGACCTTTCCTGCGGATGTAACACGCCGTGTGACGATTTTTTCTTGACGCGAATCACGGCGTGACACAGAACCTGGCTCGTGACCGCCGAGCGCGACGACGAGCCCACGACCTCCTCCGCCGATGCCGCGGACGAGCCCGCCGAGCGCGCGAAGAAGGAACGCGTGCTCCACACGCGGGTGCCCGCCGTGCTCGAGCAGGAGCTCAAGCGCCTGGCGACGAACCTCAAGATGCCGGTGTCGAACCTGGTGCGCGCGATCCTCGAGGACGCGCTCGATGCCGTCGATGCGGTCGGTCAGCGCGCCGAGGGCGAGCTCCACGGCATCGCAGAGCGCCTCCGCGTGCAGCGCGATGCGCTGCGCAGCACTGCGGTCGCGCGGCCCTCGCGCAGCGCGAACGGCGCCTCGACCGAAGGGCCGGCGTGCCCCGCGTCGAGCGTCTCGCTCGAGGGCGTGATCGGCTTCCAGTCGCTGGTGCTCGTCGCCGACTCGACCTGCACCGGGTGCGGCCGGACGCTGCGCAAGGGGACCAAGGCGTGCCGTGGGGTGCGCGAAGAGCCGGGCCCGAGGGTCCTCCTCGGGCCGGAGTGCGAGCTGCTGCCGAGCGGTCTCGCAGAGGAGGATGGAACATGACGAGCGAGAGCCAGGATCGCGACGCGACGATCGAGCAATGCGTGGGCAACGTGGTGCGCATCGGCCGCCTCTGGGCGGTCTACGGGCTCGAGGTCGGGCGCGCCGCGCTGCGGACGAGCGCCGAGACGCTGAGGACCACGTCGGAGCTCCTCGGGAACCTCGCGAAGCAGCTCGACGAGCAGCAGCCCGCGGCCGAGGCGCCCGCCACGACGGCGCCGGTGGCCACCACCGATCAGCCCGTCTGATTTCGCGAACGACCCGGCTCGCCCGCGCCGCGCGAGCGCTCCGGTGGAGTCAAAAACCCGCGAGCCAGACGCGGGCGCGCATTCCGAGCTCGGTGGTGTAGCCCACCTCGACGTGCCGGATGTCGCCCTCGCGGTCGACGTAGAAACTCGTCGGGAGCGCGCGCACGCCCCAGCGCTGCGCGAGCGTGCCCCGTGGATCGGCGACGATGCGCGTCGCGCCGAGCTCCGTCTCGGACTCGATCCACGCGCGCACCTCGTCGGGTGAGCCGGACGTCGTGGCGATCGCGATCACGTCGTGATCGCGCGCGATCGCTGCGACGTTCGGCTCCTCGGCGCGACACACGCCACACCAGCTCGCCATGAAGTGCACGATCACCGGGCGCTCGAGGTCCTCGAGCGAGACCGGCGTGCCCGCGAGATCACGCGCGTCGAGGGCGGGCGCAGGGCCGCTCGGCAGATCGCGCGTCTGCCACGCGCGGACCGCGACGAAGATCGCGATCACGACGAGCGCCTCGAGCATCCAACGACGCCATCGCGGCGCGCTCGGCTTCGCGGGGTCGCTCATGTCCGCTGGTATAGCCTGCTACGCTCGGTGCGGTGGACGACTCGCGCGGCTCTCGGATCGACGCGGTGCGCGGTGCGCCGAACGTCGGAACCGAGATGCGCATGGGTCGCGACGAGCCGCGACTTCCGAGCCACGCGCTCGCGAGCGCGTGGTCGTCGCTCGTGCCCGCGCTCTCGCTGATCGCGCCGAGCGATGCGCGCGCGGCGTATCGGCTCTTCTGGACGGGGCGCGGCGAGAACGGGTTCCGCGACTTCGCGCTGGCGCGCGATGCGCACCTGATCGTGGGCCGACACTCGGCGTGCGACGTGGTGCTCGCGGGCGACGCGGAGCTCTCGCTGCGGCACTTGTTGATCGTGCCGGCGCACGTCGAGGGCGGCGCGGGGCTGCGGCTCGTCGATCTGCAGGGCTCGATGCCGATGCACCTCGACGACGACTCGGCGCAGCGCTCGCTGCTCGCGCAGGGTCCGTTCGCGGTGCGGCTCGGGCGCTACGTGATCGGAGGCTTTCCGATCGGCGCGGGACAGCCCTCGCCGCCCCACGATCTGCCGCGCTCGGAGCGCGTCGATGCGTCGTCGATCGACGCGGCTTCGCAGGATGTGTCGGCGAGCGTCTCGCACGGGCACGGGCCCTATCGCGAGGCCGCGGTGGGTCGATCGCGCACCGTGATCACAGCGCTGCCGCGCCCGATCACGATGGTCGAGGAGATCGCGAGCGCGAGCGCCGCGCCGGATGCGGTGGGGCTGCTCGGCGCGGCACGTGACGGAGAGCGCGCGCGCATCACCGTGGGCCGTCGCGCGCTCGGCGCGGGTGTGCTCGTGGGTCGCGCCGACAAGTGCGACGCGGGGCTGAAGGCGCTGCTGACGATCCGTGTTTCGCGCGTGCACGCGGTCGTGATCGAGATCGACGGGCGCGTGATGCTCTACGACTGCGCGTCGACGAACGGGACGATGGTCGCGGGACGCCGGGTGCGCAGCGTCGAGCTCGACGGCGACGCGCCGGTGGTGCAGCTCGCGGGCAGCGACGGAGTCGAGCTGCGCTGGACCGCGCTGCATCGTTGAACGGAGGAGCGTGATGGTGCGCGTCGAGAAGGACGGGGAGATCACGATCGTCGTGATCGATCGTCGCGAGGCGAAGAACGCGGTCGATCGCATCACCGCGGAGGCCCTCGCCGATGCGTTCCGCGCGTTCGACGCCGACGAGAGCGCGCGCGTCGCGGTGCTCGCGGGGGATCACGGGACGTTCTGCGCGGGCGCGGATCTGAAGGCGTTCTCGCGCGGCACGCCGAATCGGATCGCGCCCGACGGCGACGGACCGATGGGGCCGTCGCGCATGCTGCTGCGCAAGCCGGTGGTCGCGGCGATCGCGGGGCACGCGGTCGCGGGTGGGCTCGAGCTCGCGCTCTGGTGCGATCTGCGCGTGGTCGAAGAGGACACGGTGATGGGCGTGTTCTGCCGTCGCTGGGGCGTGCCGCTGATCGACGGAGGCACGGTGCGCTTGCCGCGCATCGTGGGGCTCGGGCGCGCGCTCGATCTGATCCTCACCGGGCGCGCGGTCGACGCGCAGGAAGCGCTCGCGATGGGCCTCGCGAATCGGGTCGTCGCGAAGGGACGCGCGCGCGAGGAAGCGGTCGCGCTCGCGAAGCAGATCGCGAGCTTCCCGCAGACGTGCATGCGCGAGGATCGCCTCAGCGCGTACGAGCAGGACGGCATGTCGATCGACGCCGCGCTCGCGAACGAGCTGCAGCACGGGATGAGATCGCTGGCCGACCCCGAGATGATCGCCGCCGTGATGCGCTTCGTCGGAGGCGCAGGCCGCGGCGGCAAGCTGGAGTAGCTCAGGGAGGATCGCTGCGGAAGATCACCGCGCCGACGTCGTCGGCGATGCGCGGGAGCGGCACCACGCCGTACGCGTACCAGCGACCGAACTGCGCGACCTCGCCGGTGAAGCCGCCCGGGCTGCGCGCGAGACCGGCGTTCCGTGCGGCGGCGTCGGGGACGATCGTGTCGAGGTCCGCCGGCGTGCCGTGGTGGTGGAGCTGATCGCCGCGATAGAGGTAGACCCAGAGGATCAGGCCCTGGTTGATGTCGCTCGCCTGATCCGCCTGGAGCTGACGACCGAGGCGCTGCGCGGTGCGCCACAGCGGCGTGCCCGCGAGCACCGCGCCCACGATGCGCCCGTCGCGCATGCGCGCCGGCGCGACGTAGAGCACGGTCTGCGACGGCGGCTGATCGGGGATCAGCGCGGGGAACTGCTCGAGCTCGTAGCCCGACCATCCCTCTTCGAGCGCGCGTCGCACCATCGGGAACGCCTCGCGCGCGTCGAAGCCCGCCATCGGGTCG
NZ_CP070225.1_gap76	3408348	3409925	1577	GCTCGAGCGGCGCGCGAGCTTCGCGCGCAGGAAGCCCGCGAGCTCGTCCATCGAGTACGGCTTCGGCACGAAGCCGATCGCGCCGACCGCGGCGCGCTCGATCTGGCGCTCGGTGAGGTGGTACGCGCTCGTCAGCACGACGCGCACGTCGGGGTGCCTCATCCGCATGCGCCGCGCGAGGTCGAGCCCGTTGATGCCGGGCATCATGAGATCGACGATCGCGATGTCGGGGCAGTTGTGCTCGAGCCACTCGAGCGCGTGCTCTCCGTCTCGCGCCTCGCTGACGACGAAGCCCTCGAGGCGGAGCCCGATCGCGAGGCTACGACGATGGTTCTCCTCGTCGTCGACGATCAGGATGTGCGGTGCATTGACTCCCACCACGTCCGGCGGTTCTCCTGCGGGCTCCGGCTCTCGCGCTGCGAGGCTGCCCGACGGATGGAAAGACGGTGCAAGAGCGAAAGTAGCGGGAGGAGCGCGCCCCGGGGGTCTGGGGGGGCAGCCACGGAGCGCGGCCTCCCTGGGTCAGCCGTTCAGCAGGTGATGTGCCATTCGGAATTCCGAAGAAAACTCGCGGAGCGCACATCATCCCCGCCGCACGACTGCAATCCCGGCGGACCCTTCGCTTTCAACTCTGAAAGTGCCTCGACGATCGGTCAGCTGTGCACGTTGAGGCGCTTCATCTTGCGCCACAGCGTCGTCGCGGAGAGACCGAGCACCTCGGCCGCCTTCTCCTTGTTGCCGTCGACGTCGCGCAGGACCATCTGGATCGCATCGCGCTCGGCGCGATCGACCACGTCCTGCAGGGTCTGACCGCCGCCGCTGCTGGCCGGCATCGCCGCGGGCCTCGACTGCTGCTCGAGCGGCACGATGTCCTCGAGCCGCACCTTGCCGTCGACCGAGAGCGCGACGCCCTGCTCCACCATGTTCTCGCACTCGCGCACGTTGCCCGGGAACTCGTAGCGCGTGAGGTAGTCGACGACGCCTTCGCCGAACTCGACGCGCCGCCGCATCTTCTTCGCGTACTTCTCCTTGAAGAACTCGGCGAGAAGCGGGATGTCCTCGCGGCGCTCGCGCAGCGGCGGGAGCATGAAGCGCGCGACGTTGAGTCGATAGTAGAGGTCCTGGCGGAAGCGCTTCTCCGAGATCGCCTCCTGCAGGTCCTGGTTCGTCGCGGCGATGATGCGCACGTCGACCTGCACCGGCTTGTTGTCGCCGAGGCGGCGGATCTCGCCTTCCTGGATCGCGCGCAGCAGCTTCGCCTGGAACGCGGGCGGGGTCTCCGCGATCTCGTCGAAGAAGAACGTGCCGCCATTGGCCTCTTCGAAGAGGCCTTTGCGCGTCGCGACCGCGCCGGTGTACGCGCCGCGCACGTGCCCGAAGAGCTCGCTCTCGAGCAGCGTCTCGCTGATCGCGGCGCAGTTCACGCTGACGAAGGGCTTGTCGGCGCGCGTGGAGTTCACGTGCACCGCGCGCGCGACGAGCTCCTTGCCGGTGCCGCTCTCGCCGGTGATCAGGACCGTCGTGTCGGTCGGCGCGATGCGCACGATGCGCGCGAGCACGTCGCGGATCGCGGCGCT
NZ_CP070225.1_gap77	3441148	3443001	1853	GTTCGTGAAGCTGATGGCGCAGAAGGACGCAATGCTGGGCAAGGGTGACCAGATCCAGTGGCACCCCGACTTCATGCGCCTGCGCTACCGCAACTGGACCGAGAACCTCGGGCTCGACTGGTGCGTGTCGCGGCAGCGCTACTTCGGCGTGCCGATCCCGTGCTGGTATCCGATCGGCGCGGACGGCGCGATCGACTACGCGAAGCCGCTCCTGCCCTCGCGCGAGCAGCTCCCGATCGATCCGCTCTCGCACGCGCCGACGGGCTACACCGAGTCGCAGCGCAACCAGCCCGGCGGCTTCACCGGTGACCCCGACGTGTTCGACACGTGGTTCACATCGTCGCTCACGCCGCAGATCGGCTCGGGCTGGCTGCTCGATCCCGAGCGCCACAAGAAGCTCTTTCCGGCGGACATCCGCCCCCAGAGCCACGAGATCATCCGGACCTGGGCCTTCTACACGATCGCCAAGGCGCTGCTGCACGAGGGCTCGGTGCCCTGGCACCACGTCGTGATCAGCGGGTGGATCCTCGATCCCGACCGCAAGAAGATGAGCAAGTCGGCGGGCAACGTGGTCACGCCGATCGACCTGCTCGACACGTACACGAGCGATGCGGTCCGTTACTGGGCCGCGAGCGCGCGCCTCGGCACCGACACGCAGTTCGCGAGCGATCAGGAGCTCAAGAACAAGAAGTGGCGCGCCGGGCTCGAGGGCAAGCGCCTCGTCACCAAGCTCTTCAACGCGGGCAAGTTCGTCCTCGGTCAGACCGCGGACGCGCCGGCGAGCGGGCACGGGATCACGCACGAGCTCGATCGCGCATTCGTGGCCGAGCTGCGCGCGCTGATCGAGCGCACGAGCGCGAGCTTCGCGGAGCTCGACTACGCGCACGCGCTCCAGGAGACCGAGCAGTTCTTCTGGTCGCGCTTCACCGACACCTACCTCGAGCTCGCGAAGATCCGCGCGCGCGGGGACGTGGGTGACGCGGCGGGGCGCACCAGCGCGGTCGCGGCGCTGCGGCTCGGGCTGAACGTGCTGCTGCGCCTCTTCGCGCCGGTGCTCCCGTACATCACGGAAGAGGTCTGGAGCTGGGCGTTCGCCGCGGAGAGCGGGCACGCGAGCATCCATCGCGCACCGTGGCCGACGATCGCGGAGCTCGGCGACGTCCCGATGCCGAGCGACCCGGGCGCGCTGCAGTGCGCGATCGACGCGCTCACCGCGATCAACAAGGCGAAGACCGAGCGCGGTGCGAGCGTGGGCCGCGTGGTCGATCAGCTCGAGCTGCGCACGAACGAGGAGACCGCGGGGCGCGTGACGAGCGTGCTCGACGACGTGCTCGCGAGCGCACGCGTGAAGTCGCATCGCATCGTCACGCGGCCCGGCGAGGGCTTCGAGATCGGCGAGATCGCGATCGCGCCGAAGGAAGCGAAGGAGACCGCGGCGACCTGATCAGCGCGCGAAGAGCGCGTTGAGCTCGGGCACCGGGATCCGCTCCGCGAACATCGCGGACGGCCGGTGCCCGAGCAGCTCCGTCGTCGCCTTGCGCACCGTCGCGAGCGCGGCCTGGGCGAGCCCGGTCCCGACGCTCACGCGTCGCACGCCGAGCGCGTGGAGCTCCGGCATCGGCGCGAGCTCGGGCATCGCGAGCACGTTGAGCGGCACCCGCACCGCGCTCGCGATCGCCGTGATCGCCGCGGAGTCGACGAGACGCGGCACGAAGAGCCCGTCGCATCCCGCGGCGACGTACGCGGTGCCGCGACGGATCACCTCGTCGACCGCGCGATCGTTCGGTACCAGGCCACGCAGGTACACGTCGGTCCGCGCGTTGACGAAGAGCTCGACCCCACGCCGAGTCGCG
NZ_CP070225.1_gap78	3464906	3466410	1504	GCGCGTGCTCTACGGCCTCGTCGGCTGGGAGCACCGCAATCGCCACGATCGGCTGTGGCTCTTCTACATCCCGATCGACTTCGGCCACGCGCCCATTCAGCCCGCCGAGCCGCGCACCGAGCCCGCGAGCGAGAGCGCGCTGTCGATCCCGACCTACACGCTGCAGTAGCCGCGCAGCGATCGATCCCGCCCCACGTGCTCGTGCGCGCTCAGCGCTTCGGCGTCGGCCCGCGCACCGGCGGGCGCTCGTCGTCGAGCGCCCGTTCCTCGTCGCGCGTCATCGGAGGCGGGGCCTCGCTCGGCGCGCTGGGCGCATCCCCGCCGCTCACGATGCTGACCCCACCCTGCGGCGCCGGCGCAGGCGCCGGCTCGCGCGGCGCGTACTCGCCCGGCGCGAAGTCCACGTAGGTGTAGTGATAGCCGTCGCCCGCGCCGCTCGAGACCTGCGGCGTCACCGCGGCCCGCATGTGCATCACGAGCACCATGTCGCGCCCGCGACGCTCGAGCCGCGCGCGCCGCACCGGCGTCTGGAAGTGCTGCGTCTCGAGCCAACGCGCCGAATTCGCGAGGTGGATCCCGGTGTTCGGGAACACGATCTCGACCCGCTCCGGCGTCGTGTGCACGCGCGTCGGGACCGCGGCCGTCGTCTGCACGAAGAAGCGCGAGCTCCCATCGGCCTGCATCTGGAACCCGGGCCACGTGAGGATCGCCGCCCGCGCCCGACGCCCCGCCGCGCGTCGCCCGAGACGCTCCGCCGCCGGCGGAGGCTGCGCCCCACCCGGCACGACGCCTTCATAGCCGGAGGACGGACGCTCCTGCGCACCCGACGCCGCCGGCACCACCAGCAGCAGCGCGCACGCGAGCGCGAGACGAAGGAGGCGTCGCACGAAACGATCGTAGGCGAGCGCTCACCATCGGCGCAAAGAACGTGCACCGGCGGCTGTTACAGTACGCGCCATGTCGGCCGACGCCGCGCTGCGGTGGACGTGGTGCGCGATCTACGGATTCGCGGCCGTGTACTACCTCGCGCTCTGGGCGCGGACGCATCGCCGCGATCCCGAGCACGCGTCGTACGCCTGCATCTGCGCCGGCCTCGCCATCCACGCGGCGGGCGCCGCGCTGCTCTCCGACGCCACCACGCTCGCCGAGGGCACGCTCGCGGTGCGCCTCCAGTACGCGGGCGCGCTCGCCGCCACCGCGTTCGTCGTCGACTTCACCTCGCACCTCGTCGAGCGACCACGCCGCCGCGTCGTGCTCGCCTCGTACGCGCTCGCGGGGATCGGCCTGCTCCTCGATCTCGCCGGGCGCCTCGTCGACCCCGCGCGATCCACGCTGCACGCGCCCCTGGCCCGCGATCTCCCGCGGGTCGCGATCGAGCCCTCGCTCCGCGTCGAGGGCGTCGTGGTGCTCACGATCAGCGTCACGTTCGGGCTCGTCGCGACATTCGCGCTCGGGCGCGCCGCGCGCCGCGACGCCGATGCGCGCCTCGTCCTCGCCGGCGTCG
NZ_CP070225.1_gap79	3469970	3471140	1170	TCGACGCGTTCGCACGCGCGGCACGGCTCGGCGACGTCGACGCGCTCGTCGCGCTGCTGCGCGACGACGCGGTGATGATCACCGACGGCGGCGCGGCGGGCCGGCGCGGTCCCGGCATCCGCAACCTCGTGGTGCCGCTCCACGGTGCGGCGAACGTCGCGCGCTTCGTGGTCGTCGCGACGAAGCGCGGCCCCTCGGGGCTGACCATGGCCTCGCGCGAGCTCAACGGCGCGCCGGCGCTCGTGATCGAGCACGAAGGCGCGCCCTACGCCGTGCTCGCGGTGCACGTGGAGGACGGGCGCATCGCCGCGGTCTACTTCCACGCCGACGCGGCACGACTGGGTCACGTTCGCCGGCGCTCGCCGGTCTCTGGGACATGAGACCTCGCATCGTCTACTGGGTCAGCACCGGCATCATCGCGACGCTGATGCTCGTCAGCGCGCTCACGTTCGCGCTCGATCCGAGCCAGCGCGACGCATTCGCGCACCTCGGCCTGCCCGACTGGTTCCGCATCGAGCTCACCGTGGCGAAGCTCCTCGGCGTCGTCGCGCTGGTGCTCCCGAGCACGCCGAGCGTGATCCGACAGTTCGCCTACTTCGGGTTCGGCCTCACGATCGTGTCGGCCGACATCGCGCACCTCTCGAGCGGCGATCCCGCGTGGCTCGTGATCCCCCACGCGTTCTTCCTCGCGATGCTCGTCGTGTCGTATCGGACGTTCCACGCGGGTGCGAGGGGCTGAGCGCCGGTCGACCACCGAGCGCGACGCGGACTTCCTCGGTGCGGTCCCGGGGATCACACCGAGCGCTCGCGAGGACCGCTCGGTGGTCGACCGAGGACCACTCGGTGGTCGAGCTGGGACCACTCGGTGGTCGAGCCAGGACCACTCGGAGCAGTCCCACGGACCGCACCGACCTCCTAGCTCGCAGACGGTCGGCGGGATCGCGGGAAAACCGTTGCAAAACGCGCGATCTACGGGTCGCGATCGACGAAGATCGGGCTCGACCAGGCCATCTCTCCGTCGTCCTGCACGACTTTCGCGTACGCCCAGCCCGACTCGAGCTCGCACTCGACGCCCGCGCGCTCGTTCTCACCGCGCGAGGTCGCGATCACCCCGCTCGCGCTCACGATCGAGAGCTCGCGGATCGAGCTGGTGCCGATCGCCTCGGCCTC
NZ_CP070225.1_gap80	3472383	3475366	2983	GCGATCCACTTCACCACGTCGGGCGCGCCGTCGTCCTCGCGGAGGTCGTGGTGGAACGCGATCCACGCGCCGTCGTGGGTCGCGGCGATCGCGGGCGCGGCGACGATGGCGCTCGCCTCCCACACGATCACCGGGCCGCGGGTCGCGCCTTCGACGACGACGCGGCCGCGCGCGCCCTCGCGCACGATGCGCACGCGCCACACGCCGTCGCGCGCCTCGTCCTCGCTGCTCGGTGCGTCGGCCACGCGCGGAGACGACGCGTCGTGGGTCAGACCGGGCAGCGCGCTCGCGCGAAGCAGCTCGCGCGGCTCGGAAGCGAGCTCGCCCTGTGCATCGAGCGAGACCACGACGTGCGCCTCGCCCTGCTCGTCCCAGCGCAGCACGTGCAGGTCGGCGACGGTGCTCGTGCCCGGCGCGACCAGCCGCGGATCGCGGAGATAACGTCCCTCGCCGTGCGTCCAGAGGGCCATGCGTCTCCGATGTCACGCGCGCCCGAGCACGTCCACTTCTCCGTCAGGTCGCGCGATCGGATCGTGGTACACCGAGGGCCCCATGTCGGCGGACGCGATCGACGACGCGCTGCAGGTGCTGCTCGGACGCCCCGAGGGAACGCCGCCGCTCGCCGCGCTGCGCATTCGTCCCGCGACCGCCGAGGAGCTGCGCGAGGGCACGACCGGTGAGGTGGTGCTCGGGGAGAGCCTCGCGGCGGACACGCTCGCGCCGATCGAGGGTGGGCTCTTCTGCGAGCGCATCTTCGGCTCGCTGGGCGCGACCGAGCCGACACGAGAGGCGTACCTGCGCGTGCTCGAGCCGCCGCTGATCCGCGCGCGCGAGGACGACGTGCTGCCGCCGCGCGAGCGCCTCGAGCGCTTCGGTCGGATCACGCTCGCAGAGCCGATCGATCATCCGCTGCTCACGCGCGCGTCGTGGACCGAGCTGCTGGGCGAGGCGGGGCTCGAGTCGTGGCCGATCGAGGTGCTCCCGGTGCTGCCGCCCGACCTGCGCGCGGTGGTGCCGGTCGAGGGCGGCGAGCGGATGCGCTTCGCGGTGAGCGACCTGCACGAGCTCTATCGCGAGGTGATCCAGGCGAACGCGAGGCTCGCGCGCGTGAAGCAGCTGCGGGTGCCGCCGAGCGTGCTCGAGGTCGAGCAGGGACGGCTCGCGATCGCGATCGCGCAGCTCTTCGACAACGCGTCGACGACGACGCCGAAGCTCGGCCCCGCGGGGCGCCCGCTGGTGGGCATCCTCGGGATGCTCGCGCATCCGGCGCGACCGCTGTGGGGCACGCTCGCGGAGCTCGACGGAATGGTCGCGCGCGGCGTGGTGCGGACGTTGGCGCCGCCGCTCGCGAAGCGGAGCCTGCTGGTGTTGTGGCAGCTTCGGGCGCTCGCTGTGGCGATCGACATCGTGGGGGAGCCGCCTAGCGACTCTGGGGTGGCCACGGTGCACTGAGGAGGCCGCGCGCGGAGAGGCTTCGGTGTGGGTGCGGCCCTCAACGCCGCGAGACCCGAGCAGGCCGAGCAATCAGATAGCCCTGCCCCAGCTCGCACCCGATCTCGAGACACACGTCCCGCTCGCCCTGCGTCTCGATCCCCTCCGCGAGCACCCGGATCCCGAGGTCGCGCATCACTCGCGTCAGCGCCGCCACGAGATCACGGCGCGCCGGGCTCTGATCGATGTCGCGCACCAGCGAGAGATCGAGCTTGATGAAGTCCGGCGGCACCTCCGCCAGCTCGCGCAAGCGCGACTGACCCGCGCCGAAGTCGTCGTACGCGATCTCGATCGCGCGCTCGCGCAATCGCTCGCGCAGCCGGCCCATCGCCGCGAGATCGGTGATCGTGCTCTCGTGCACCTCGATCACCGTGAGGCGCCCCTGGCCCACGCGCTGCGAGGCCTCCGCGAGCGCGTCGATCAACGTGTCGTCCTCGAGCTCCGCGGGATGCACGTTGAGGAAGAAGCGCAGCCCCTCGCCCGCGAGCAGCGGCGCGTCCGCGAGCTGCACCTCGCGCAGGAGACGGCTCAGCTCCGCCGCGCGGCCCTGGGCCTCGGCGCTGCGGAAGAGCTCGCCGATCGAGCGTGGCGGCTCACCGATCTCCCTCGGCACGTCGCAGCGACCGAGGCACTCGTAGCCGCGCAGCGCGCCCGTCGCGAGATCGACGATCGGCTGGAAGACCGCGTGGACTCGACGCTGCGAGATCGCGAGCGCGAGGTCGCGCACGCCCACGAGATCGCCGCCGCTCGTGCCCAGCACGGTCGCGTCGTCGCGCTGCGCGCTCGGGCGCCCGAGGTGGAACGAGAACGCGCGATTCGCGACGTGCACCACGTCGCCGGGGCGCAGCCGTCGCGGCTCGGTCACCCGCTCGCCGTTGACGAACGTGCCGTTGCGGCTGCCGAGATCGCGCACGACCCACGTGTTGCGGCGACGATCGATCTCCGCGTGCTCCTTCGAGACGCGCGTCGAGTGGATCACGAAGTCGGCCTCGGCCGCGCGCCCGATGCGGAACGGCAGCCGCTCGAGCGTGATGCGGATCGGGTCCTCGTCCTCCGCGGCGCGGTGCTCGAGCCAGGGCACCGATTCGCCCGCGTCGTCCGCCTCAGCGTCGCTCACGCGGCCCATTCTAGTGCGTTTTCCTGGTGGACGTCGCCATCGTGCCTCGCCCCGACACCCAGGTCGGATGGATGCGTAGGGGACCGCCGCGCACCCGCAGCCACGCGAGCGTGAGCACGATGCCGAGCACCATCGCGCCGAGCCCCTCGAGACCGGCCTCGGGCCCGAACGCGCCGCCGGTCGCGATGTCCGGCCCGAGCTCGTCGCGCCGCAGCAGCGCGCCCTCGTCGAGCCACGTCTGCCCGCTCACCTGCATGCCGAAGAGGTTCTGGAACAGGTTCCACCCGAGGTGCGCGCCGATCGGGATCGCGAGATCGCCCTGCACCACGAGCCCGAGCACGAGGAAGAGCCCGCCGAACGCGATGTACGCGGTCG
NZ_CP070225.1_gap81	3476694	3479746	3052	TGCCGATGCGGATCCGGTCGCCCTCGCGGAGCACCTGCTCGCCCTTGATGAGGCGGCCGTTCACCCGCACGCCGTTGCGGCTGCCGAGGTCCTGCACCGTCGCGGTGTCGTCGTGGATCACCACACGCGCGTGACGACGCGAGATCAGCGGATCCTCGATGGTGATGTGACAATCCGGGCTGCGGCCGATCACCACCTCGGGGCCGACGAGATCGAACTCCTGTAGCAGGAATCGCAGCCGAAAACGGGGCACAAGCACCTCGAGCGCGGCCTGCAGGATAGTTCAGCGCGACTTCGGGGGTAAAGACGAAAACCCGCGCGGAGCTCCGCGCGGGTCTCGTCGTTCCGGACGCTGATGCGTCGCGTCAGAGATCCATGCCGGCGAACGGATCGTCGGGATCGCCGCGGCGCTGCGACGAGCCCGATCCGCTCGTCGACGCGCCCGAGCTCGACGACGAGCTCGATCCACTCGACGACGTGCTCGACGCGGTCGCGGCGCCCTCGGCGGGCGCGTCCTGACGACGACGGATCTGACCGGTGATGCGATCCGCGACGTCCGCGTGGCGATCGCTCGCGCTCTCGCTGCCGCCCGGCTGCGCATCCTCTTCGCGCGTCACCGAGTCGACCAGCGCGTGGCCGTCACCACCGCGCTGCACGGTGTGCGTGCGCAGCTGCGGGAGCTGCTGCAGCGTCCCCTTGTCCTCGAACACCAGGCAGAAGAACCCGTAGAAGCGGGTCTGATCGATCGCGCGCAGGCGCGTCGACGTGTCCTGCCACTCGATCCACTGCGCGGGCGCCCTGCCCTCGACGAGCGCGCCGCTGCGCTGCACGCCGCGACCGAAACGGCCCTGGATCGCCTCCGAGAACTGATCGAACGTCGCGCCCGCGAACACCGACGCGTCGAACGCCTGGAAAACCTTCCACAGGCGGTCGTTGATGAAGAAGTAGAAGCGCTGCGAGTGCGTGGCCTCGTCGCGCCAGAGCATCATCGACTCGTTGTTGCCGTGCGTGAACTCGTCGCGGATGAACGCGGTGTCCCAGCCGCTCGCCTGACCGCGGAAGCGCACGTAGCTGGAGCGGAGACGGCGCGTCTCCTCCTGCATCTGCCCGCGCAGGCGATCCTCCTGGATCGCGTCGGTGCGCGCCGCCTTCTGCAGGCGCTCGCGGTAGCCCGTCTCCACCTGTCCCTTGAGGTGGTTGAAGGTCTCCTCGGGGGTCATGCCCCAGCGCAGGTCACCGAGCGCCGGCGCGATGGCCGCGCTCTGCGGCGCCTCTTCGGGCGCTGCCGCGGCCGCGCCACGACGGCTGCCTCGACCTCGACGCCCGCGCTGCGCCTCCGCGTCCTCCGCGACGAAGAGCGATGCCGCGATGCTCGCGACGCAGCTCACGAGCGCGAGACCGACCAGAAGCCTTCGACGATGCGACCGCATCCCGTCCTCCGTCGCTCGCGGCGGTGAGTCCGCGAGCCATGAACACACCTCGGCGCGGCAGCATACACGCCGTCGCGCGCGTGAAACAGCCCCGTGCCCGCGTCGGCCTGCGACGAAGCGCACGAGGACGAGATTCATGGACCCGCGACGCCGCGCGGGATTGGCCGTCAATTCTGGACAGGAGTGCTCGCACGCGGGGGCGCGCACGGGAGCGCGCATCGCGCGCGGACGGAAGCGACCGACGTGGGCGAGCCGATGGTCAATTCCCGAGGCCGCCGACCGCGCCGCCGAAGAACGGGAACAGGTTCGCGAGGTCCTCGTCGTCGAAGCGCAGCATCGCGCCGAGGAAGATGTCGACCGTCCTCTCGTTCAGGAAGTCGTCGACACCGCCGAGGATGTAGAGGCTCGACACCAGCTCGAACGACGCGCGCACGCGCACGCGCGGGAACTGCGAGTACCCGAACTGGAAGATGTCGGCGTTGATCTCGAGCCGCTCGTCGAAGAAGTTCAGATCCACGCCGAGACCACCGCTCGACTCGAGGATGCCGAAGCGGAACGTCGCGAAGTAGACGCGCTGCGCGAGCATCAGCGTGAACACCAGCTGCTCGCTCGTGGTGATGCGCGTCTCTTCGTAGAACTCGGGCTCGCCCTCGGGCGGCGGGCTGCGCCGCACCTGCGTCGTCGTGACCGTCGTGCGGCCGCGCGGATCGTCGATCAGCTGCACGAGGAAGTAGCGCCCCTCGCGCGGCAGGATGCGGATGGAGAAGTAGTTCTTGAACGTGTTCGCGAGGAAATTGTACTCGCTGCGCAGCTCCATGATCGTGCGCAGGCGGACGAAGCTGCCGAGCACGTCGCTGACGCCCTCGACCGTCGTCTCGACCTCGTCGATCAGGTGCTCGTCGGTGGTGAGCCGGCCCAGCGTTCCTTCACCGGCCGCGGTGCGCTCGGTGATCTCGCCGACGTCCGCGAGCACCAGCTCGAGCTGCTCGCTCGCGCGGTGGATCGACGCGATGGTGTCGTCGACCTCGCCGACGCCCTGATCGATGTCGGCCTGGTTCGCCTCGACGACCTCGCGGATGTCCTCGGTGACGCGCTGGATGTCGCGCAGGATCTCCTCGAGCAGCGGGCGCGCGTCGGCGGTGATCGCCTCGATGTTCTGCAGCGTCGCGCCGACCGACTCCTCGTTCGCGCGGATCGTGCGGTTCACGGCCTCCAGCGCCTCGGATAGGTTCCGTAGCGCGCTGGCCATCTGTTGGCCCGCTTCGTCGGTGCCGAAGCTTCGTTCGAGCTGCGCGGAGACCGCGCGCACCGAGCTCGCGATCGCACCGACGTCGGTCATGATGTCGCCCATCCCCGGCGTCTCTTCGACGACCATGATCCGATCGCCGTCGTGGAGGCGCGGCTGGGTCGGGGTGCCGGGATGGATCGCGAGCAGGTACTCGCCGAGGAGCGATGCCGAGACGCGACGCACGCTGGCGTCCTCGTAGAGCTCGACGTCGTCGTCGATGACCATGTCGACGCGCGCCTGCGCGCCCTGGAGCGTGATGCGCTCGATGCGGCCCACGGTGATGCCGGCGATCGTCACGCGCGACTTCGTGATCAGGCCTTGAGCGTCGTTGAAG
NZ_CP070225.1_gap82	3481721	3483803	2082	GCGCTGCGCGACGCGCTCGCGCGCGTGCCCCGGACGTCGTCGGCCTCGCGCTCGATCGCGGCGATCAGCCGATCGATCGCGCCGCTCTCGCCCCCGCGGATCCCGGTGCGCACGAAGAGGAAGACGATCGCGCGCTCGGGGTGCTGGTAGAAGCCCTCGGGGAAACGATCCATCGCGCGGCGCGCTTCGTCCGCGTCGCGCTGGATGCGATCGATCACGGCCTCGGGATCGGGCGGCGCCTCGTCGCCGAGATCGATGAAGAACGGGTTCGCGCGCGCGCGCTCCCAGTCGAGCCGCTCCTGCAGCGCGTCGCGGATCGCGACGAGATCGTCGAGATCCGCGTAGAGGTGGCGATGCGCCGAGACGAAGCGCTCGAAGTCCGCGACGTTCCAGTCGACCGACGCGACCTGGAGCGCGTCCATCCCCTCGATGCGGGGCGCGAGCGCACGCGCGAGATCGCGCGCCTCGCGCACGTCGGCGCCCTCGCTCGCGGTGATCGCGAGCGCGAGCGTCGAGGTGCCGCCGAAGCGCGCGCGGATCTCGTCGAGGTCGCGCACCGACTGCGCGTGCTCGGGCAGCAGCGCCTGGAAGTCGCTGTCGAGCTCGAGCTGCGCGACCAGCGGCAGCGCGCCGATCGACAGCAGCAGCGCGACGACGACGAAGCCCCACGGCCGCGCGTGCTGCGCGCGCGCGACGCGCGCCCAGCTCATCGCGCCCTCAAGGCTCGACGGTCGCGCCGTCGTCGACCGCGACGTCGGCCGGGCTCGCCTTCCACAGTGCGCTCACGATCAGGCACGTACCGGCGAGCGAGAACTGGCAGATGCGCGCGACCAGCGCAATGCCGATGGCCCGCGCCGCTTCGTGCTCGAGGCCCAGCGCGGGCGCGAAGAGGCGATACGCGCCCTCGGTGATGCCGACCTGGTTCGGCACCATGTCGCCCATGCCCGCGCCCACGAGGTGGATGCCCTGCGACACGAGCGCGCTCACGATCGTGAGCGAGCCACCGACCGCGAGCAGGATGAGCCCGTACTGCAGCGTCTGGAACGCACGCCCGATCGCGGTCGCGACGATCGCGGGCGACCACGGCGTGTCCTGACGCAGCGCCGCATCGAAGCTCGTCCCGTGCGCCGCGAGCATCGGCACGCGACGCCCGAGCCACTCGCCGAGCGACGACTTGCGGCTCGCCAGCACGATCGCCCCGCCGATCACCGCGGTGATGAGGCCGTTGCCGATGATCGCCCAGAAGAGCGGGCTCTCCGCGACCGGCACGTCGACCGCGAGCGCGACGCCGATCGCGCACGGGATCGAGATGATCGTGTTGCCCAGCAACGTCGCGGCCTGGAGGCGCGTCGCCGCCGCGGCCGCGCGCGCCGCGCCACCGACGTACGGCGAGAGCCCGGCCGCACGCGCGACCTCACCGCCCGCGCGCCCCGCGGGCAGCAGCTGCATCACGCCGTACTGCAGGAACGCGGTGCGCACCCACACCGCGACCGGCACGCGCCTTCCGCGCTCGCCCATCAGCCCGCGCAGCGCGACCACGTCCATGCCCATGAAGCAGCACTCGAGCAGCACGATCAGCGGGATCCACGGGCCCGCCTGCACCAGCGTCTCGAGCACACGATCGGGCCCCGCCTCGCGCACCAGCAGCACGACCGCGGTGACGCCGAGCACGAAGAGCAGCGCGCGCCCGATCCGCTTGATCCAACGCCAGCGCGCGCTCCCCTGCTTCTCCGTCGAGCCGGCGGTCATCGAGGGCGCTGCGGGATCCGAATCGGGCGCGCTCATCTCGGCTCGTCAGCCCTTCGCGACCTGCACGAGATCGGCGCGGTGCTCCCAGATCTTCCGGAACGCGTCGGCGTACGCGTCGACCGTCGCCGCGTCCTGCGCGATCAGCGGGCACGTCTGCGAGAAGAGCACGATCGACGAGTCGAGCAGGCGACGCGACGTCGGGAAGTTCTCGGCGCCATAGTTGGCCTTCACGCGATCGAGATCGCCCGCGCTCCACGGGAAGCCCTTCCCGTAGCCGCGCAGATCCTGGAACACCGGGTACGCAGGCATCGGATCGCTCTGCCACATCACGAC
NZ_CP070225.1_gap83	3484831	3486502	1671	TCATCGAGACCTCGTTCCGGGGCTGGAGAGACGAACGGGCCCGTCCACGATGACGCAGACGGGCCCGTAATTCACGGCGAGCTGCGGAGAGCTCGCTATCCGATCACTTCTTGTCCGCGTGCTCGCGGCACCACTTCATGAGCATGCGCTCCTGCTCGAAGACGTCGTGCTCCGCCTTCTCGCCCTCGCCGGTGTACGGCGACTTGAAGTAGATCGAGAGCTGGCGCTGGATGCCCTTCTCGCCGCGCGCCTTCGCGACCTCGACGAGGCGGACCATGTCGAGGACCAGCGGGGCCGCGAGGATCGAGTCCTGGCAGAGGAAGTTGATCTTCATCTGCATCGGCACGCCGCAGAAGCCGCCGATGTCGATGTTGTCCCAAGCTTCCTTCGCGTCGCCGCGGGGCTTGTAGTAGTGGATGTGGACCTGGTGGTTCTCGACGCGGTAGCCGACGATCGAGTCGAGCACGGCCGCCTTCGACAGCACCTTGGTCTTGTTCGACGCCGGGTTGTCCAGCACGAGACCGTCGTTGTTGCCGAGGAAGTTGACCGAGTACCAGCCGACGACCTTGAGGTTGCGCAGGCGGAACATCGACGCGAGCGCCGTCTTGAGCAGCGTCTGGCCGGTCTTGCCGTCCATGCCGCAGTACGGGTTGCGGAGCTCGTTCGCCTGCTCCTGCAGCGCCGGGATGTTCGTGAGCGACGGCGCGAAGTTGCAGTACGGGACGCCGAGCTTGTTCGCGACGTAGAAGTAGCGCATCGCGGGCGCGATCGCCGAGTGGTTCTCGTCGAGGCCCTTCTCGAACGCCGCGAGCGTCTTGTGGACGTCGAGGAGCTCCTGGTAGCGCTCGGTCGACGCGAGGTTGACCATCACCACGGTCTCGCAGTTGTTCGCCTTCTTGAAGTCCGTGATGGTCTTCTCGATGTGGGCGAGCTCCTCGCGGAAGTTCTTGACCTTGACGATGTTGTCGCCCTTCGCGTTCGCGGCGTACTCACCGCTGAACACGGCCGGCCACGGCTTGATCGCCTGGAGCTTGTCCTTGACCTGATCGAGCTGCGCGTCGGGCAGCACGCCGTGGTGCTTCGTGGCCGCGTAGACGTCGCTGAACTGCAGGTCCCAGCCGCCGAAGACGATGTCCTCGAGCGCCGTGAACGAGAGGTGGTCGAGGATCTGCTCGCCGGGCGCGGGGTTGCCGGGCTCCGTGAGCATGCCGACGCGCGGCACCAGGCCGCGGACCATCAGCTCCACACCCGCGATGACGGTGGAGGCGACGGCGCCGTTGACGCCGACGATCACGACTCCGAGCTTCTTACCCATGTCTTCTTCCTCTGTTCCTTCTCTCGCGTACTTCGTTCGTGTTCGCGGCGTCGAGTCTTCGCGAAGACCGCGGTCACCGGTGAGAGCGAGCGGCGTGCTCGCGAAGGCCCGGGCGCAGCCTTTGGCTCGGCTGCGGGCCCGTGCTTGGCTCGAAAATCAGCTCTGCACGTAGGTGCGCAGGAGCTGCTTGCGCTCGTCGTCGAGGATGCGCGGGAACTTGCTCTGTACGCTGGTGTTCCCGATGTCCTTCATGAAGCGCTTCACCGAGCCGGGCGGCAGCGCGACGAGCTCGGGCGCGAAGATGCCGACGTCGTCCTTGCGGTGCTCGCGGTAGACGCGGTTCTGCTGGCAGAGAC
NZ_CP070225.1_gap84	3491018	3493441	2423	ACCGACGATGTTCGAGACCTTGACCAAGGGGTTCCGCGCCGCGCGGAACCGTCTCGCGGGCCTGACCGAGCTCACCGAGGAGAACCTCGAGCCGGCGCTCCGCGACGTGCGCCTCTCGCTGCTCGAGGCCGACGTCGAATTCGGCGTCGTGAAGCGATTCCTCGGCCGCGTGAAGGAGTCGGTGATCGGCGAGACGATCACCAACGAGGTCGAGGCCAAGGGCAAGAAGCTCAAGATCGGCCCGGCCGAGCGCTTCATCAAGGCATGCCAGGACGAGCTCGTCGGCATGATGAAGAGCGAGGGCCCGGCGATCATCCACGCCAAGGCCCCGCAGCCGACCGGCATCATGATGGTCGGTCTCCAGGGCTCCGGTAAGACGACGACCACCGGCAAGCTCGCGCGCCTGCTCGAGTCGCAGGGGAAGAAGCCCCTCCTCGTCGCGGCCGACGTGCAGCGCCCGGGCGCGATCGAGCAGCTCAAGGTGCTCGGCGAGCGCCTCTCGATCCCGGTGTTCTCGATCCCCGGTGGTCGCCCCGTCGACATCTGCACGAAGGCGATCGATCACGCGCGCAAGCTCAAGCGCGACGTGATCATCTACGACACGGCGGGCCGTCTCGCGGTCGACGAGCCGCTGATGGTCGAGCTCCAGCAGATCAAGACGAACACGAAGGCGGAGAACGTCTTCATGGTCGTCGACGCGATGATCGGTCAGGACGCCGTGAAGACGGCGGCCGCGTTCCACGAGCGCCTCGGTCTCACCGGCGTGGTGATGACGAAGCTCGACGGCGACGCGCGCGGCGGCGCCGCGCTGTCGATCCGCGAGGTCACGGGCGCGCCCGTGAAGTTCGTCGGCATGGGCGAGGGCCTCGACAAGCTCGAGGAGTTCCGCCCCGAGGGCATGGCCAGCCGGATCCTCGGCTTCGGCGATGTCGTCGGCCTGATGAAGGACTTCGAAGGCGTCGTCGACCAGAACAAGGCCGAGCAGGACGCGAAGCGGATGCTCGAGGGGCGCTTCACGCTCCACGACTTCCTGGAGCAGATCCGCATGCTCCAGAAGATGGGCCCGCTGCAGGACCTCTTCGAGAAGCTGCCCTTCTTCGCCGACAGCGTGCCCGAGGGCTTCCAGGTCGACGAGAAGGAGCTCAAGCGCGCCGAGGCGATCGTCAGCTCGATGACGAAGCGCGAGCGCGTCGAGCCCGAGCTGTTCGCGAAGGACAAGGGCCGCATCCTTCGCGTCGCGAAGGGCTCGGGCCGCACCGACAAGGAGGTCGTCGATCTCCTCCAGCGCTTCTCGTTCATGAAGCAGATGATGGGCGACATCGGCCAGCAGGCCGGGTTGCTCCAGCGCCTGCCCGGCATGAAGCAGATGGCGATGTCCAAGCGCCTCAACGAGATGGTGCGCACCACCGGTCTCGAGGCGAACCCGATGATGTCGTCGCTCGCGGATCAGCTGCTCGAGGCGGCGGTCGCGGGCGAAGGCCCGATGGCGGCGATGATGCGCGGCGCGGCCGGTCCGAAGGCGATCAAGCCCGGCGACAAGACCAAGAAGAAGCACCTGCGCAAGCTGCAGAAGCAGGCGCGCAAGAAGTCGCGCAAGTGATGTGAGCGCGGGGCTGCGAGCTCCGCGCGAGGAATCGAGATCACGATGAAGAAGAGCGTCCTCGTCTTCCTTGTCGCTTCGCTCGCGATCGCGTGCGTGGAGCAAGCGCCCGAGCTGAGCGCGGCGGAGCGCGAGCAGCTGCGCGAGAACATCTCGCGCGAAGCGCCGCACCCGCAGCACGAGCTCGACATCAACTTCGAGAACCGCGTGCGGCTGATCGGCTACGACGTCAGCACCGAGACCGTCACGCCGGGCCAGGCGTTCACGATCACTTGGTACTGGCACGCGCAGCGTCAGCTCGACGGCGGCTGGCAGATCTTCACGCACCTCGCGGACGGGCGCGGCGAGAACCGCGTCAACGAGGACACCAACGGTGTCGTGCGCCAGCTCTACCAGCCGGGCCGCTGGCGCGAGGGCGAGTACATCGAGGACCCGCAGACGATCACGCTGCCGGCCGACTGGGGCTCGGATCAGGTCGTCTTCTACCTCGGGCTCTGGAATGGGCCGCACCGCCTGTCGATCTCGCGCGGTCCGAGCGACGGCGAGAACCGCGCGCGCGCGGCGCAGCTGAGCGTCGCGACCGGGCCCACCGCCCAGGCCGCGCCGGAGCGCCCCGCGACGCCGCCGCCGTCGATCCGTGCGCAGCACGCGACGGGCGGCGTGCGCATCGACGGCCGGCTCGACGACGCCGCGTGGCAGGTGCCCGCGTCGACGGGGTTCGTGAACACGGTGACCGGCGCGACGGGCGACGTGCGCGCGACGGTGCGCACCCTCTGGGACGCGCAGAAGCTCTACGTCGCCTTCGAGGTCGACGACACGTTCC
NZ_CP070225.1_gap85	3640199	3641009	810	GCGCACGTCGTCCTTCACGCGACGCAAGCTGGCGATGCTGCCTTCCCAGACCTGCACCGAGTCGCGCACCAAGCGCGCCTTCGCGTTGCGCTTGATCGTGCCTTCGGTGACGTAGCAGCCCGCGATCGTGCCGGCCTTCGGGATGTTGAAGACCGCGCGGACCTCGGCCTTGCCGAGCTCCTTCTGCTTGAAGACCGGGGCGAGGAGGCCGGTCATGGCCTTCTTCACCTCGTCGACCGCCTCGTAGATGATCGAGTACTGGCGAATCTCGACGCCCTCGCTCTTCGCGACGGCCGCCGCCTGACCCGCCGGGCGCACGTTGAAGCCGATGATGATCGCCTTCGACGCAGTCGCGAGCATGACGTCGTTCTCGGTGATGCCGCCGACGCCGGTGTGGATGACGTTGACCTTGACCTTCTCGGTCGAGAGCTCCGTCAGGGCCTTCACGAGCGCCTCGACCGAGCCGGCCACGTCGCTCTTGATGACGAGGTTCAGCTCCTGGACCTCGCCCGCCTGCATCATCTTGTACAGGTCTTCGAGGCCCTTCGCGGTGGTCGTCTTCGCCTTCGCGGCGACCGCCTTCTTGCGCGCGTCGACCAGCTCCTGCGCCTTCTTCTGGTCGGCGACGACGAAGAACTGATCACCCGCCTGCGGGAGGTCGGGCAGACCGAGCACCTCGACCGGCGTCGCGGGCCCCGCGTTCTTCACGCGGCGACCACGATCGTCGGTGAGCGCGCGGATGCGGCCGAGCGCCACGCCCGCGAGCATCAGATCGCCCTGGTTGAGCGTGCCGTTCTGCACCAGCACGTT
NZ_CP070225.1_gap86	3816897	3820895	3998	ATGCTCGACGACGACGAGCTCGTGCGCCGCACCGAGCACGACGCGCTGCGCCGCGCCCGCCGTTAGAAGTCGAGCTCGCGGCGGATCGTGGGCTCCGTCGCGTCGCCGGGATCGGGCTCGCCGGTGCTGCCGGCCGGGCGCCGCGCGCGGCGGCGCGGGCGGCGCGTGCTGCGCTCGGGCGCGGCCTCCTCGGTGGCGTCGCCCTCGCTCGCTTCTTCGTCGTCGCTCGCGGCCGGCGGCGCGGGCGCTTCGTCCTCGGGGACCGTGCTCGGGACCGCGGTGGAGGGCGCGGCCTCCGCGGCGTGCACGGCGGCGGTGGCCGGTGGCTCGCCTGCGCGCTCGTCGCTGCCCTGCATCGCGAGCCACATCGCGCCGGCGCCGACGACCACGAGCATCACCACCGCGATCGGGGTCCACGGCGTGCGCCCCCGCCCCGCGGGCGGCGGCAAGGTCTCGGCGAGCGTCTCGCCGCTGCGCGTGACCCCGCTCGCGGCGACCGTCGCGACCGCCCTCGCCTGCAGCCCGCTCACCCGCGAGTCGCGCGGCACCGCCGAGCTGCGGCCGGTCACGTCGGGACCGCGGCCCACCGCGTCGAGCAGCGCGCGACGCATCTCGCGCGCCGAGTCGTACCGCGCCTCGGGCATCGGCGACATCGCGCGCGCGACCACCTCGCAGATGTCGGGCACGTCGGGGCGCATCGAGATCAGCGGCGCCGGCGTGCCGTGCGCGACGAGCTCCACGACCTTCTGGGGATCGGGATCCTCGAAGGGCAGCACGCCCGAGAGCATCTCGTAGAGCACCACGCCGACCGCGTAGAGATCGGAGCGCGCGTCGAGCGGCTCTCCGAACGCCTGCTCCGGCGACATGTACTCGGGCGTGCCGACCACCACGCGATCCGACTCGGTCGCGACCTCGTCGGCGCCCTGCGAGATCCCGAAGTCGAGCAGGCGCGCGAAGATGCCGTCGACCTCGTCGTGCGTGAGGAAGACGTTCCCGGGCTTCAGATCGCGATGCACGATCCCGGCGCGGTGCACCGCGTCGAGCCCGCTGAGGAGCTGCGCCGCGATCTCGATGACCTCGTCGACCGGCACCGGCCCACGACCGAGGCGCTGATCGAGGGTCTCGCCCTCGAGCAGCTCCATGACCATGTAGGGCTCGCCGTTGCGGCTCGTGCCGAAGTCGATGATGTCGACGACGTGCCGGTGCCGCACCGACGCCGCGACCTTGGCCTCGCGCAAGAAGCGCTCGTTGCGCTCCTCCGGCGTCGCGCCCCACGCGTCGACGAACTTCACCGCGACCGGGCGGTTCAGCGTGACGTGCGTCGCGCGCCAGACGCGCGCCATCCCGCCGCGCGCGATCGCCTCGTCGAGCCGGTATTTGCCGCCGAGAACGACCCCGGGGATGCCGACCGGTGCGCGCTCGACCTCGTTCGGTCGAATCGCGTGGATCGTGGATCGCGTCACGCGCTGCCCTTGCCCACGCGGCGCGTCAGCGCGCCGATGCGACGAAGGCGGACGTGCTCCTGCGGCGAGAGCGTCGCGCCACGCGCGTGCATCGCCGCGAGGTACGTCTCGAGCGCTTGCGAGGTCGCGCCCGCGAGGTACGGCAGCGCGTTCTGGATCGCATCGATGCTCGCGCCGTCGATCACCAGGCGGCGCCCGGTGTGGATCTGGAAGACGCGGTCGAAGAAGCGCATCTCGCCGGTGCGCTCCGAGAGCGCGAGCAGCAGCTCGACCACCCGCGCGAGCTCGCCTGGCATCAGCGCCTCGGAGGGGTCCGCGTAGCGCGCGACCACCGCGTCCATCGCGACCGTCGCGCCCTCGAGGTCGTCGTCCGCGAGCGCCTGCGCGATGGTGTCGAGCGGCGTGACGATCGCCCGCTGCGCGCGCGGCGTGGGCCGGGTCGCGGCGGCCGTGCGCATCGAGCCGCGGGTCGTCGGGGCGTTGCTGCGATGCTCTCTACGCTGGTCGACCACCAGGAACACGTGCGCGCCGATCTGCACGCGATCTCGATGGCCGAGCGCCCTGACACCCTTCACTGGCACGTCGTTCACGCGGACGCCGTTCAGGCTCTCGAGATCGACGATCTCGAGCTCGTCGTCACCGTGAGAGCGGAACGCCGCGTGACGGCGCGAGACCAGACGATCGTCGAGCGCCACGTCGGCGACGGTCGCATCACGTCCCACCACCAGCTCTCCCGCCTCGGGCAGCGCGATCTCACGATCCTGCAGTCGCAGCCGGAATCGAGCCATGACGCGGTCTTGCAATCTAATCGCAACCGGCGAAGATCGAAAGCGTGGTGACACCCCGTTGGGCACGCCTCGGTCTGGGAGGCGTGTGGCTGGCGGTCGCGCTCGCGATCGCGGTCCCTCGATCGAGCGCATCCGCGCAGGACGCCTCGGTGCGAGACACGGCCGCGGCGAGAGCGCTCTTCCAGGAAGGCGTGGCGTGCGCGGACCGCAGCGACTGGAGCTGCGCCGCGGATCGTTTCGCCCGCGCGCACGAGCTGCGGGCGTCCGCGGTCATCGCGTACAACCTCGGGCACGCGCTCGTGGAGTCGGGGCGGCTGGTCGAGGGCACCGAGATCCTGCGCCGGCTGGTGCGCGACGAGAGCGTGGCCGCGAACGTGCGCGCCGATGCGTCGCGCGTGATCCGCGACGCGGAGCCGCGCATCGGCAGGCTCGCGGTGCACCTTCGCGGGCCGCACGACGACGTGTCGGTCGCGCTCGGCACGCACGAGCTCGCGTCGTCGCTGCTCGGCACCGCGGCCCCGGTGGATCCCGGCGAGCACGTGCTCGAGGCGCGGCGCGACGGCGAGATCGTCGCGAGCGCGCGCGTGCACATCGAGCCGGGCGGCAGCGAGGAGATCGAGCTCGAGATCCCGGCGCGACCGGAGCGTCCGGCGGCGAGCGCGATCGGGCCCGAGGCCGCGGCGCGGACCGCGCTGGATCCGACGAGCCCGCCCGACGTGGAGAGCAGCGACGAGGGCACGTGGATCGCGCTCGGCGTCACCGGCGGCGTGCTCGTCGTGGCCGCGGCGGTGGTGGTCGCGGTGGTGCTCGCGGCGCCGGCGCAGGAGCCCGCGCCGTTCGACGGAACGCTGGGCTGGGTGGAGATCGGACGATGACGCGCGCGCTCCGGCTCGCGACCGCGGCGCTCGCCGCGACCGCGCTCGTCGCGTGCAACGAGCGACCGCTGACGCAGCTGATCGTCGTCACCGACACCGATCTCGCGATCCCCGCGGAGGCGACCGCGATCGAGATCGAGGTGACCGCGCCCGACGGCACGATGCAGCGGGTCGCGGGGGATCTCTCGGGCGACGCGGCGATCACGATCCCGGCGACGCTCGGCGTGGTGCATCGCGGGGGCGCGCTCGGTCCGGTCGAGATCACCGCGCGGGCGCTGCACGAGAGCACCGCGATCGTCGAGCGGCGGGCGCGCGCGTTCATGGTCACGGGGCACACCCTCGTGCTCACGCTGCACCTCGAGCGCGGGTGCGCGGGCGTGGCCTGCGCGGGCGACACGACGTGCGAGCACGGCACGTGTCGCGCGGTGCTCGTCGACGCGACGGAGCTGCAGGACTACGACGGAACGATCCCGCGGCTCGCGCACGACGGCAGCGTCGGCGACGGCTGTCTGGGCGTCGAGCTGTGCAACGGCGTCGACGACGACTGCGACGATCGCATCGACGAAGGGATCGATCTGCAGACCAACGCGATGCACTGCGGTGCGTGCGATCGGCGGTGCCCGGCGTTCGGCAACTCGACGCCCGCGTGCATCGACGGCGAGTGCGGCGTCGCGTGCAGCGAGGGCTTCGGCGACTGCGACCTCGAGGTGCGCACGGGCTGCGAGACGCCGCTCGACTCGCTGACGATGTGCGGTGAGTGCGGGCGCGAGTGCGCGGTCGAGCACGGCACGCCCGACTGCTTCGGCACGGTGTGCGCGGTGCAGTCGTGCGCGCCGGGGTTCCGCGACTGCGACGATCGCGTGGAGAACGGG
NZ_CP070225.1_gap87	3838339	3840427	2088	GCGTCGCATCGCCTGCCCGCGACGATGGGCTGGATCGACCTGCTGACGCGCGGGAAGAACATGGGCCGCGGCACGCTGATGGCGGGCGACTTCGCGTCGCCGGACATCGCACCGAAGCGCTTCCCCAAGCCGCTGCCGCGCGTGACGATGCCCTTCGAGCTGCCGTCGTGGACCGTCGATCGCTGGTCGGTCCGCGCGTTCAACACGGCGTACTACTGGAAGCACCTGCCGCGCGAGATGCACGGCATCGTGCACTGGGAGACGTTCTTCTATCCGCTCGACATGATCCGGCACTGGAACCGGATGTACGGGACGCGCGGGTTCACCCAGTACCAGTGCGTGCTGCCGGACGCCGCAGGGCCGAGCGCGCCGCGTCGCCTCCTCGAGATCCTCACGTCGCGCGGCGGCGCGTCGATGCTCTGCGTGATCAAGAACTGCGGGCCCGAGGGCAAGGGCATCCTCTCGTTCCCGATGCCGGGCACGTCGATCGCGCTCGACATCCCGGTGCGCGACGACACGCAGCAGCTCGTCGACGCGCTCAACGAGTTCGTGCTGCGCGAGGGCGGGCGCATCTACCTCACGAAGGATCAGTTCACGCGCCCCGAGCACTTCCGCGCGATGGAGCCGCGCCTGCCGAAGTTCCAGGAGATCCGCGCGAAGTGGGATCCCGAGCAGCGCATCCGCAGCGCGCAGTCGGTGCGCCTCTTCGGCGACAAGCCCTGAAGGAACGAGAGATGGCGATGGATCAAGGAGCGCGCGGACCGAAGCGCGTCGTGGTGCTCGGCGCGACGAGCGGCATGGGACGCGCGCTGGCGCGACGTATGGCGGCGCGTGGTGATCGACTGCACGTGCTGGGCATCGGCGACGACGAGCTCGCGCGCAGCGTGGCGGACCTCGAGATCCGCGCGGGTGTGCGCTCGGGATCGATCGGATGGTCGCGCTGCGACCTCGAGAAGCCCGAGACGTTCGCGGGCGCGCTCGAGGAGGCGGAGACGAAGCTCGGCGGGCTCGACGTGGTGGTGGTCACCGCGGCGATGTTCGCGGCGCAGGCGGACCTCGAGAGCGACGCGAAGCTCACGCAGCGGCTGCTGACGATCGACTTCACGAACACCGTGCTCTTCTGCGAGGAGGCGAAGCGTCGTCTGCTCGCGCGCGGTGGCGGCACGCTGTGCGTGTTCAGCTCGGTCGCGGGCGAGCGCGGGCGCAAGCCGGTCGCGCTCTACGGCGCCGCGAAGGCGGGCCTCACGCGCTACCTCGAGGCGCTCGACCACAAGCACCACGCGGAGGGGCTGCGCGTCGTGACGGTGAAGCCCGGGTTCGTGAAGACCGGGATGACGGCGGGGCTGAAGCCGCCGCCGTTCGCCGGTGAGCCCGAGGACGTCGCGGCGCGCGTGGTGCGCGCGGTGGATCGCGGCACGCCCGAGGTCTACGCGCCGGTCGCGTGGGGCCCGATCATGGGCGTGATCCGGCGCCTGCCGCGCTTCGTGATGCGCCGCGTCGGGTTCTGACGACGGGCGGGCGAGCTCGTCGCGGCTGACTCGCGGCTATTCTCGCCGCATGACGTCTCCGGACCTGCTCGCCGAAGCGCGCGCACTCACTCGTCCTTGCCTCCATCTCCGGCCCGAGTCGCCCGGCGCACTCGTCGCGGTGTTCTACGGGGATGCGGGATTCGACGACGCCGGCGATGACGACCCCGGAGAGATCCCGTGGATCACGGTCGATCTCTCCGCGCATCCCGACACGCGCGTGGCGCGCGATGCGTGCCTCGAGGTGCGCGCCGACATCGGCTCGGGGCGCGGCAGCGCGGCGCTGGCGCCGCTCGGCGCTCTGCAGGGCGAGCACGGTCGCGGTGTCCCTCTGCGCGCCACCCCGAGCCGAGAAATGCCTCCGCTCGACGCGCTCTTCATCGAAGGCGGCGATGCGATCGGCACGTGGCTGGACGGCCTCGGCTGGAAGCGCGAATGGGGGATGAACGACAACTTCCGCGATCTCGAGACCGCGTACGCGTACGAACGGGCGTGGAGCGCGAACCACGCGCTCTGCGGCACGAACGACGCTTGGGCGCAGCTCGGCGGGTGGCCTCTCACT
NZ_CP070225.1_gap88	3847607	3851622	4015	GCCCGGCACCGGCGACGCGGCGCGCAGGCGCAGCGTCTCGATCAGCGGCTTCCAGCGCTCCTCGCGCTCGAGGATCCCGATGCGCGCGTCGAGCGCCTCGAGGTCCTGCGCGTGCGCGTCGAGCCGCGCCTGCCAGAGCGCGAGCGCGCGATCCGACGCGCCCAGCTCCTCGGCGAGGCGCGCGGCCTGACCGATGACGCGACGGCGCTCCGACGCGTCGTTCTCGAGCTTCGCGAGCTGCTCGAGGACGTCGAGGCGATCGCGCGCGCGCTCCGCGGTGTCGAGCAGCCCGACGAGGCGACGCGCTGCGGTGCGCTGGAACGACTCGCTCGCGTCGGCATCGCCGAGGACGCGGCGGTAGAGCGGCTCCGCGCCCTCGCGATCGCCGACCGCCATGCCGCGCACGTCGCCCGCTTCGAGGAGCAGGGTCATGCGCCGCGCGGGCTCGTACGCGACCTCGGCGGCGGCGACGAGCGCGTCGGCGTGGCGCTCGTGCGCGCCGGTCGACGCCGCGAGCTGACGGAGCCGCTGCTCTGCGTCCTCGGCGCCGGGATCGAGCAGGAGCAGCGAGGCCCAGTGGCCCATCGAGCTGCTCTCGTCGCCGCGCGTCGCGGTGCGCTCGCCGAGCTCGCGGTGGATCGCGATCTTCTCGTCGCGGCTGCCGAAGCCGAGCGCGATGGCGAGGATGCGCTCGACCTCTGCGTCCTTGCCCTCGCCCTCGTAGCGCTCGCGGAGCAGCGCGAGCGCGCCACGCCGCACGTCGGCGCTCGCGCTCTCGAGCACCAGCACGCGCTCGAGCAGCGCGACCGCGTGCGCGATCGAGTGGCCACCTTCGATCAGCGCGCGCGACTCGGCGAGCGTCGCCGCGGCATCGCCGAGGTGATCGAGGAACGTCGTCGCGATGCGCTCGCGCAGCGACGCGGCGTCGTCGGCGCCGTTCTCGACGCGCTTGCGCCACAGGCCGATCAGCTCCTGCCAGCGCGCCTGACGCTCGAGGAGGCGCTCGAGCGAGGCGACCAGCTGCGCGTCGCCGGGGCGGAGCGCGAGCAGCTGCGTCTGGTAGTCGATCGCGCGGTCGGGCTGTCCCGCGAAGTCCTTCGCGAGCTGCGATGCCTCTTCGAGGAGCTGGGTGCGGCGCCAGTCCTCGGAGGCTGCGGCGAGCGCGCGATCGTAGAGACCGAGCAGGTCGCTCCAGCGCTCGCGCACGGTGAGCACGACGGTCGCGCGCTGCAGCGCCCAGTCGGCTCCGGGGTCGAGCGAGAGGACGCGCGTGAGCACGTCGACGAGGTGCGGCGACTCCTCGCCGAACCACTCCTCGTGGAAGCCGACCGCGCGACGGCCGAGCCGCTCGGCGACGTCCGCCGGGAGCGTGCGCCCGAGCGCCTCGCGATACAGCGCACCGACCTCGTCGGGCCTCTGGAGCGACTCGGCGAGCTCTTCGAGCTCGTCCCAACGTCCGTCGTCGTCCGGCGCCGCGCTCGCCGCCGCGAGCGCCTCCTCGAGTCGCGGATCCATCTCGGCAGTCACAGAGGCCTCCCCGTTCTCAACGCAGCCGTCGCGACGACGAAGCCGCAGATCGTCATCGGAAACGCGCGAAAACGGCGTTTCGCGGCGAGGATATCAAGGTCGGCAGCGCGGATGATCCGCTTTTCGTCGTGACGCGCGCGCATCACGTGCGATCGGTGGTCGCGGGTGTGCCTCGACGCGGTGCGTCAGCGGCGCGCACACCGCGTCGATGTCGTCGTGTGCTCGAAGCACACGACCGAGCATCCCGCGCTCAGCGCGCCAGCGGGAGCGTGAACCAGAAGCGCGAGCCCTGCGGCTCGCGGCGCGACACGCCGATGCGCCCGCCCTGGAGGTCGACGAGGCGACGACAGATGTAGAGGCCCAGCCCGACGCCCTTGGCGACGCGCTCGCTGCCCGGCGCGCGCACGTAGCGCCCGAAGAGACGCTCGGCCGCGGCCTCCGGGACGCCGATGCCTTCGTCCTCGACCTCGACGAGCGCCCGTCCTTCGTCGACCGACACCCGCACGTCGACGCGACCGCCGTTGGGCGAGTACTTGATCGCGTTCGAGAGCAGGTTCGCGAGCACCTGCTCGACGCGCGCCGCGTCGAACACCGCTTCGACCGACTCGGCCACGTGCACCTCGACGGGATGGCGCGCCGACACGACGGCGAAGCGGCTCGCCACCTCGCGCGCGAGCGCGCCGAGATCGCCGACGCGCGGGGTCACGCGGATCGCGCCCGACTCGATGCGCGCGACGTCGAGCAGGTCGTCGACGATCGCGCTCATCGCGCGGACGTTTCGCGCGACGAGCTCGGCGAGCGGCGGGAGCGGCGCGCGACCGCTCACCGACGACGTCACGTGTCCCGCAGCCTCGAGACCGGCACGCAGCGAGAGCACGTTGAGCGGCGTGCGGAGCTCGTGCGCGACCACGCCGATCATCTCGTCCTGCTGTCCCTTCGCCTGCTCGAGGCGCTCGCGGCTCGCGGACACCTCGGCGTGCCGCGACGCCGCGTCCTCGAGCGCGCACGTGAGCACGCCGAGGATGGTCTCGCGCGACGCGCGGATCGGCAGCGAGCGACCGTGGATCTCGATCGACGCGAGCGGCGTCTCCCGCTGCGCCAGCACGCGCTGGACGCGATCGACCAGCACCGCGTCCTCGAACGGCTTGCCCACGTAGCCGTCGGCGCCCGCGGCGAGCGCGCGCAGCACGTCGTCGGGATCGGTCAGCGACGTCATCAGCACGATCGGCAGCGACGCGGTGCGCGGATCGTCGCGGAGCGCGAGGCAGAGCTCCCAGCCGTCGAGCTCGGGCATGAGCACGTCGCTGACGACCACGTCGGGCGGATCCTCGAGCGCCGCGCGCAGCCCCTCGGCGCCGTCGTGGCGCACCATCACCCGCATGCCCGCGCGCTCGAGCGCGCTCTGGAACCGGCGCGCCTGGGTGCGACTGTCCTCGACCAGAAGGACCTTCACGGCTCGCCTCCTCGCTTGTCCACGATCCACTGCGCGATCGCGCGCAGCGAGAGCACCTCGTTCGCGGCGCCACACGCGATCGTCGCCTGCGGCATGCCGAACACGACCGAGCTCGCCTCGTCCTGCGCGACGATCTCGCCCCCGCGATCGCGCAGCACGCGCGCCCCCGCCGCTCCGTCGTCGCCCATCCCGGTGAGCACGACCGCGCCCGCGTCGGCGCCGAGCGTGCGCGCGAGCGAGCGCAGCATCCACGTGCCGGAGGGACGGAACAGCCCGACCGGTGGCTCGTCGCTGATCGCGATGCGCGCGTCGGAGGTGAGGCCGAGGTGGCGATCGTCGGGCGCGACGTAGACGTGGCCCTGCTCGGGTCGCTCTCCCGCGCCGCCGACCGAGACCGGATGACCGCTCGCGGCGAGCCAGCGCGCGAGGCCGTCCGAGAAGCCCTTCGCGAGGTGCTGCACGACGAGGAGCGGCGGGAAGCCCCGCTGCGGCAGCTGTTCGAGCAGCGACGAGAGGGCCGCGGGACCACCGGCCGAGGCGACGATGCCGATGACGCGCGCGGCGCGGCGCATGCTGCGGACGCGCGCGATCGGCGCACCGTGCGACGCGCTGGCGCGCGAGGGATGCGCGTTCGCGGCGGAGCGCACGAGCGCCAGGAAGCTCTCGCGGCGGAACGAGCGCGCGGCGTCGGCGGGCGGTGGAGGAGGGTCGACGATCGCGAGCGCACCGGCGCGGATCGCCTCGAGCGCGACGCTCGCGTCGGACGGATCGACGACCTGCGAGACCAGCACGATCGGTGTCGGCCGGCTCGCCATGAGCGCGCGCGTGGCCTGGTAGCCATCGACCTCGGGCATCACGACGTCCATCACGACGACGTCGGGCGCGAGGCGCCCCACGGCGTCGACGAGGCTCTGCGCGGACTCGAGCTCGCCGATCACGCGCAGCTGGGGATCCGAGGCGAGCGTGCGCCGCAACGACGCCCGCACCGTCGGCGAGTCGTGGACGATCAGCACGCGCGTGGGCAGCGTGCTCGGG
NZ_CP070225.1_gap89	3865662	3868857	3195	GGTGTCCTCGATCTCCTCGCGGAGCTCGTGACGATCCGGGCCCTGCCAGATCAGCGTCGAGAGCGAGGGCGCGAACTTCTCGATCTCGCGCGCCCAGTTGGGCACCACGCTCGTCGGCGCGACGACCAGCGTCGGCTTCTGCTGCTTGGTCTTGTTCTTCAGCCAGAGCAGCATCGCGATCGTCTGCAGGGTCTTACCGAGACCCATGTCGTCCGCGAGGATGCCGCCCGTGCCGAGGTTGTGATGGAAGACGAGCCAGCTGAAGCCGCGCTTCTGGTAGTCGCGGAACTGCTGGACCTTGAGGTTCCTCGGCTTCGCAATCTGCTCGATCTCGCCGATCTCCTCGAGCTTCCCGAGGATCTCCTTCGCCTGCGGCGAGACGCTGCTGTTGCCGACGAGGCGCAGCAGATCCTGGATGCGGCCCGCCTGGGAGAGCGGGACCTTCGCGCCGCTCGTGCCCGCGACGATCTCCGCCATGCGGTCGAGCACCTCGCGCACTTCCTCTGCCTTCACCGGCGCGAACGTGCCGTCGCTCAGCTTGACGAGGCGACGCCCCTTCTCGAGCGCATTGCGCAGCTCGTCCTCGTCGACCGCGACGCCGCCCGCGTTGAACGACATGTCGAGCGAGAGCCAGTCGACGCCGCTCGCGACGCGCACCTGCGCCGTGACGCTCGCGTCGCGCACCTTCACCGCGCGCAGGTCGTGCGGGATGAGCTTCTCCCAGCTCTCCGGCAGCGACGTGATGCCGCTCGTCCAGAACGTCACCGCGGTGTCGCCCTTCGTGACGAGCCCCTCGCGCGTCTCGTCGACGCCGAAGCCGAGGTTCATCAGCTGCTGCACCGAGCTCATCTCGGCGCCGACGTCGCGACGCACCACGCGCGGCCGGCCACCAGGCTCGCGCGGAGGGAGGAACGCGAGCGGCGACGGGAACTCCGCGGGCGGGATCGGGAAGAGCTGCTCGCCGTAGTAGACGCTCAGCTTCGCGCGCGCCTCGATGATGTCGCCGTCGAGCTGCAGCTTGAAGCGCGGCGCGGCGTCGACGAGATCGGCGATCTGCGAGAGGTCCGGCAGCTCCGCGCCCAGCGAGGCCGCGACGCGCGGAATGCCTTCGCCGAGCAGGCGCGGCAGCTCGCCCATCGGCGAGATGAGCGCGGGCGAGCGATAGAGGCGCTGCAGCCACGCGGGCGTGACGCTCTCCGCGACCGGGCGCGCGATGCCTTCCGTCGTGTCGACGTGCCAGCCCGGCGTGCCCTCGAACCACGCGCCGCTCGAGAGCGGGAAGCGACGCAGGCCGCCCTTGCTCTCGAACACCACGCGCACGCGGCAGGTGCGCCCGTTCGCCTGATCGAGCTCGATGCGCGGCTTGAGCGTGTCGTCGGCGAAGCGCAGCTCCATCGACGCGGGCTCGAGCAGCACGCGGCGATCCTTGAGCATGCTCAGGACCTCGGCCGCGTCCTCGGCGCGCAGCTCCGCGGTGGCGGGCGTGTTGCGCGGCGTGTGACGCGCGAGCGCGCGCATGATCTCGCGCGTGGGGCCGGCGACCGCGTGGAACGCGGCGAGCGCGTCGGCGATCGGCACCGCGGTGCGCGTGCCCGCGATCACCGGCGTGATCGTGATCGACGCCGATCGCACCTGCATGCGGAACTCGAGGTCGAACGGCTTCGTCTGCTCGTCGGGGCCGGGGAGCCACGCGTCGAGCACGCCGCGCGCTTCGCTCGCCGCGGCGACCGAGAGCGGCGCCGAGCCAGGGCGCTCCGCGTACGCGAGATTGCCGGTCAGCACCGCGCCCGGAGGCGGCAGGATCGCAGGCCCGGGATCGCGCGTCGTGAGGACCTCGAGGTGCGAGACGCCGTTCGTCTCCGCGCCGCGACGGCGCCGACGCGAGCGACGACGCTTGCCGCCGACGCTCACGGTGTGGCTCGTGCCCGGCGGGATCTCGGTCGTCGTCTTGGGATGCGCGGGCGGGCTCGACGCCGGGCGATCCTGGGGCGGCGCCTTCGGGCGCGGCGGGCGCTCGCGATCGCGCAGCGCGACGAGCAGCGCCGCGACGTGCTTGCAGTGCTGCGTCGGTCCGCGGAAGCCCGCGCAAGTGCACGACGACGTGAACGCGTTGTCCTCGCCGAGCACGAGGCGCGGCTCGTAGGTGTCCTGCTTGACGTGGATGCGGGCGTGGGCCTCGCCGTCCTGCGTCGAGAGCTCCTTCACGTCACCGCGGCGCGCGTACTGTCTGCCTCGCAGGAACGCGTTGCCGCCGACGACTCGCTGGATCGCGCGATCGGAGAAGCGGGAGACGTGCTGGGCGACGCGGCTCGGATCGGGGACGCGCGCAGGCGCTTCGTCGTCGTCGTCCTCGCCGTCGTCCTCGTCGTCGCCTTCTTCGGCATCGCCGTCGGCGTCGGCATCGGCGTGCCGCCGAGCTCGGTGGGAACGATCGTCGGCGCCTTCGTCGAGCGCGCCTTCGGGACCATCGTCGTAGCCTTCGTCGCCGTCACCTTCGGAGGCGTCGAGGGCCAGATCGTCGAGCTCGGGATGCGTGTCCGTCATGGACCTCTGGAGACCGTGCAGCGGTTTGCAGGGGCCCCGGCCCTGCATGGCGTCGCGCCTTCGAGCGTCTCGGAAGCGCGGCCTCGGCGCGCCGTGCTCCGAGGCGAGTGGCCCCGAGGCGGGAGCCTCGGGTCGGCGCGTTCCCGCGGAGGACGAATCCCCGCGACGGGAAGGGAAGAAGACCCTCGGGGCGCGAGGGCTGGTGTGGAAAGTCGGCTACGGCCGAGCACGTCGGCCGAGCACGGGAGCGGCACCCGCTACGAGCGGCGTCGAGGGCGCGCCGGAGGCTCGATGAGAAGACCTCGTGATGGAGGAAATTCTGCGAGAAACTCCAGCGCCCCGCCCGATTCCGCTGTCTCGTGTGCGCCGCCTGCCCGTCAGGGCATGCTGCCTCAGGGAGGCAGTCGCGTTACCCGCCACCACGGCTCCCTCTCGCGAGACGTTCTCTGGGGGAACGTGCTCGGTCGACGAAGGCGAGGCCCCGGGCTCCGCGCGGAGCGAACGGAACGGATCGGTGGGGCTTATGGCATGGGCCCACCTCGGGCGCAAGAGGGCGCATGGGAGGCCCCGCGAGGGCGCCCACACCCCCCGGTCGACCGCCCTCGCCCGTCCGTTACAATCGGCGACTCGCCGAATCCGGAGGTTCCCGAA
NZ_CP070225.1_gap90	3927756	3931671	3915	CGATCGCGTCGCGCGTGGCGCGCAGCGGCCCGAGCACGAGCTCGAGCTCGGGCGACGGCACCTCACCCACGCCGAGCAGCGGGCGACGGGTCTTCAGCTCCTCGACGATCACCGCGCGCTTGCCGTGCTCGTCGAGCGACGCGTAGCCGGGACGTCCGCCGCGCTCGAGCAGCTGCGCGACCGCGGCGCCGGTCTTGTGCGAGTGCTCGCGCACGTCGAGCGACACGAGGTGCGTGCCGAAGACGCGCGCCCGCACGCGCAGCGGCATCGCGAAGGCATCGGCGCTGCGGCGCTGCCCCGCGGCGCGCAGCGTCTCTTCGATCTGGGTGAGCGCGCGCACCGGCTCGACGCGGCTCGTCGCGGCGTCGTCGTCGAGCGCGTCGTAGAGCGTGCGCAGCGCGGCGCGCCACGGCTCTGCTCCATCGCCGAGCGACTCGGGAACGGAGTGCACGCGCGAGGCGTGCTGGCTCAGGCTCGTGAACGAGTCGTCGATGCACTCGCGCAGCATCGTGCGCGCGCGCTCGGTGTGGAGCTCGAACGTCTCGCGCGTGACCTCGGGCGTGACGTTGGGGTTGCCGTCGCGATCCCCGCCCATCCACGAGCAGAGCGCGAGCGGCAGCGGCAGCGAGGCCTCGACGCCGTACACCTCGCGGAACGCGCGCGAGAGATCGCGCGCGAGCTGCGGGAGCACCGACGCGATCACCGGTACGTACGCGAGGCCGCCCTGCACCTCGTCGCGCACGGTGGGCTGCACCCGGCGCAGCTCGAGCGTCCCCCAGAGCGCCTCGACGTGCGCGGTGACGCGCTCCAGCGCGTCGGGATCGGAGAGGCGCGGGATCTCGCCGGCGATCGCGGCGAGGTGCTCGCGTACGGTCCGCCGTCGCATCTCGGTGGGGTGCGCGGTGAACGTGAGCCCGAGCTCGACGCGCTCGACCAGCGCGCGCGCGGCGCCCGCATCGAGCCCACGCGCCGCGAGCGCGCGGAACGCCTCCTCGACGCCTTCCTTGCGCGGCCCCGGGCGCTCGGCGACGCGGCGCACGCGCTCGTTCTCCTCGGCCATGTTCACGAGCTGGAAGTACATCGAGAACGCGCGGACCAGGCCCTCGGCATCGCTGGGCGACACCGACGCGAGCCGCGTCTGCAGCGCGCTCGTGTCCGCGCCGCGCGCGTCGGCGCTGGCAGCGCGCAGCGCCTTGGTGCGGGTGCGGACCTCCTCGACGAGCTCGAAGAACGGGACGCCTTCCTGCTCGCGCAGCACCGTGCCGAGCACGCGCCCGAGCACGTTCACGTCTTCGTTGAGGGTGCTCATGCGGACGGAGAGGAGCGCGCTCGGCGCGCACGGTCAACCACGCACGACGCCCAATCGTGCTCCTCGGCCGCGACCGCTCGCTCAGGCGCGATCGCGCGAGCGCCCGCGACGGCGCGACGACGATCCGCCGGACCCGTTCGAGCGCTCGCGCGATCCGCGGCGCGGCTCGGGCTTCGCGGGAGGTGCGCTCGCGGCGGCCTCCTGCTCGCGCATCTCCTGGAGCTCACGACTCACGCGCTCGAGCTCGCGCGCGTCGATCGGGGTCTCCTCGGCCCCGGTCTCGGGCGCGGCGGCGTCGGGCTCCGCGCTCGCCGTCTCGCGATGCGACGCGCTCTTCGCGGCGTCCTCGAGCGCGATCACGCGCGCGCCGAAGCGGGCCGCAGCGCGTCGCGACGCGTCGCTGCGCGGCGACGCCACGCGCCACTCGACGAACGCCGCCATCGTCTCCTCCGCGGCGCGACGCAGCGGCGTGCCCGGAGCCAACCGCTTGGTGGTCTCGCGGAGCATGTCCACCGCCGCGTCCATCGACTGCGCGATCGCGAGGGCCTGCTTGAAGTCGAGGTTTCCGCCCATCATCGCGCGCCGCATGCGGTCGTACGCGTCGCGGAGACCGCGCGCGCAGAGCCGCGCACGCCACGCCTCGAGCACCACGGGCTCGCGCTCCGGTTCCTGCTCGGTTGCCACGCCGCTCGGTTCTGCATGTCGCGTACCGCGAAGAGGATGGCGCGCGAGCCACGTTTCCGATGAAGCGCGGGGCGCCGCACGATTCGCGCGGAGCGCGACGCCGCGCGACCCCGCCCCGACGTAGCGTCGCGCCTCGCCGCGCGCGTGGACCCCGCTGGCGGTGCGGTGCGCAGGGCCCCATCGTGAGCGCATGTCGACGCTCTTCGGCACGCCGCTTCCCGTCGTCCTCGCGCCGATGGCCGGTGGTCCCACGACGCCCGCGTTGGTGATCGCGGTGTGCGGAGCCGGAGGGCTCGGATCCCTCGCCGGTGGATACTCCGCGCCCGACGCGATCCGCGCGCAGATCCGCGAGGTGCGCGCGAAGACCGATCGACCCTTCGCGGTGAACCTCTTCGTGCCGGGCGAGGCGACGATCGCCGACGACGCGCGCACGCGCGACGCGCGCGACGCGCTCGCACCGTACCGGCTCGCGCTGGGCCTCGAGAGCACCGCGCTCGACGTGTCGTCGCCGTCGTTCGATGCGCAGCTCGCCGTGCTGATCGAAGAGCGCGTGCCCTTCTTCTCGTTCACGTTCGGCATCCCGCATCGCGATGCGCTCGACGCGTGCCGTCGCGCGGGGATCACGACGATCGGCACGGCGACGAGCGTCGCCGAGGCGCGCGCGCTCGAGGCCGCGGGCGTCGACGTGATCTGCGCGCAAGGCGCGGAGGCGGGCGGTCATCGCGGCGGGTTCCTCGGCGGCGATGCGGGCGCGCTGATCGGCACGACGGCGCTCGTGCCCGCGATCGTCGACGCGGTGCGGCGCCCGGTGATCGCGGCGGGTGGGATCATGGACGGCCGCGGTGTCGCGGCAGCGCTCGCGCTCGGCGCGTCCGCGGTGCAGCTCGGGACCGCGTTCCTGCGCTGCGCGGAGGCCGGCACGAGCGCGCCCTATCGCGACGCCCTCGCGCGCGCCGACGAGACCTCGACCACGATCACGCGCGCGTTCACCGGCAAGCCTGCGCGCGGCCTCGCGAACCGTTTCGCCCGCGAGATGGAGCGCGCTCCGGTCGCGCCCTACCCGCTGCAGCACGCGCTCACCCGCGATCTGCGGGCCGCGGCGGCGCGCGCCGGCGATGCCGAGCTGCTCTCGCTCTGGGCGGGTCAGGGCGTCGCGCGAGCGCGCGAGCTCCCGGCAGCGGAGATCGTCGCGTCGATCGCGCGCGAGGCGGGCCTCATCCGCTGATGCGCGCGAGGAACCCCTCGACGCCGGGATCGTTCGCCTCGAGCTCCGCGCCGTCGATCACGACGTGCGCGAGCGCCGCATAACGTCGATCACGCCACGCGAGCAGCGACGCGTAGCAGCGCGGCAGCGCCTCGCTCGGCGTCTCTCCGGCCGCGCACGCGAACGCGTCGCCCCACACCACCGGCTTCGGCTCCTCGAGGTAGCGGCGCAGCATCGCCTCGCGACGCGCCTCGGGCGTGCGCAGGTACACCACGCGCCCCGCGCCGCGCAGCGCCTCGAGCAGCGCATCGGGCAGGTAGATCACGCTGCCGGTGGTGTCGATCACGTGCGGCCGTCCGTCGCGGCACGCATCGAGCGCCTCGCGCGTGACCGCCTCCTCGAGCGCGAGATAGCGCGCTTCGCGCGTGGCGTAGCCCTCGCTCCAGGGCATGCCCATCCAGCGCCCGAGCGCGTGCACGGGCTCCTCGCCCGGCGCGGGCGTGACGATCGACGAGAGCCGCGCGCCGATCTCTCCGTCGCAGTCGTGTCGCACGAAGCCGCGCTGCTCCGCGAGCCGGCGCGCCCAGAAGCTCTTGCCCACGCCGGACATGCCCACGAGGACCAGCGGCTCGACGCTCATGCGCGCGAGCCTGTGCCGCGCGCGCACGACGCGCCATTCGGAGCCATCGGAAGCGCTGCGAACGAGAGCAAGTGGGGC
NZ_CP070225.1_gap91	3938444	3941405	2961	GATCACTGCCGAGACGATCGCGACGTGGCAGCGCACCGGCGGCAAGGGTGGTGGGCGCGTCGCGGGTGGGCGCTCGCTCTCGAAGCGATACGCCGAGTGGCACAACGCGCGGTTCGTGCCCGCGGTGAGCGAGCCCGAGATCGAGAGCGCGGATGCGTGGCAGTCCGCGTACCCCGGCTCGAACAAGCGCGGTCGCACCAAGGCGCCGGTGGTTCGCCCCAAGCGCGCACCGGTGCGCGAGTACTTCCACGTGTCGGATCACGAGCGCGAGATGCTCGTCGCGTTCCGACTGCTCACGCCGGAGCGGCAGGAGCAGATCGCGTCGGAGATCGAGTCGGAGTCGCGCGAGGCGGCGAAGGCGCGTGAGGTCGACGAGGCGCTCGACGCGCTCGCGAAGCTCGACCCCGAGCTCGCCGACGCGGCACGCCGTCACGCCGCGAAGCGCGCGAAGAACTCGAAGGGCGCGCAGGCCGGCTGAGCGTCAGACGACCGAGCGCGCGAGACGCTCGGGGCCACGCCGCGCGACGTCGTCGCAGATCGCGTCGAGCGCATCGAACACGTCCCAGCGCGCGCGTCCGGTGCGCGCTGCGAGCTCGCCGAGCAGCGCGCCCTCGAGCGCCTCGTCGCGCTTGCCCTTCCACAGCTTGTCCGCGAGCGCGATGCAGCGATCCTCGAGGGTCGCGCGCGGCTCCGACCACGCGGCGTGGGTGACGCAGGCGCGCGCGATCTCGGGCGCGAAGCCGGCGCGCAGGAGCAGCGATTCACCGGCGCCTTCGTGATCGTGCCCCGGCGCGTGCATCTCGTGCGGATGCTCGATCTTGCCGGCGTCGTGGATCGCGGCGCCGAGCAGGACGTGCGCGCGATCGAGATCGATCCCGAGTCGCGCCCCGAGCGCGTCGAGCAGCGACTCCGCGGCTTCGACGACGAGCTCGTGGTGGCGGACGAGCCAGGGAGGAGCGCCGCGGGACGCGAGCCACGCGAGCGCGTCGCGGGCTGTCGTCGGCGGCGCGCCTCGGGCTGGGATCAGTGGCTGCCCATCTTCTGACCGAGCACGCAGGCCGCGAAGGTCAGTGCGGGGACGCCGATCGAGAGGAGCACGTAGACGAGCGTGAAATTCATGGCGGCCGTAGTAGGCAGTCCTTCGGGCCCGAACGCAAGCTGATTGGTGGCTCAACCGGGCGGCTGCGTGAGCTCGACGAACGCGCGCTCGGTCTCGCCTGCGCCGACGCGGATCGTCTGCGAGACGGTGGGGCGCTCGAAGCCGGCCTCGACGCGGTGCGAGCCCGGCGAGACCGCGACGTCGACGGGCGCGCGCCCCATGTAGCGCCCGTCGATCCACACGAGGCCCCAGGGCGCGACGACCACGCGCAGCATGCCGGTGGGCTCGGGCTCGGCGGGAGGCTCGAGCGCGGGCGCGACGACGGGCGGAGGCTCGGGCGGACGGGCGCGAGGCTCGCGTCGTGGAAGGGCGCGAAGAGGCTCGGCCGGCGCTTCGGTCGCGGCGACGGCGGGCTCGGGAGGCGGGGCGGCAGCGGGCGCGATCTCGGCGGGTGGAGCCGCCGGCGGCAGCGCGGGGGTCGGCGGCGTTGCGACGACCGCGTCGGGCGGGCTCGAGGGCACGCTCGCGATCACCGCCGCGGCGAGCGCGATCACCGCGGCGGCCGCCGCGATGCCGAGGCTGCGCCGGCGCATCGGCACCCGCATCGTCGCCACCGGCTCGGTGCCGGCGGCGGGCGCGTCGAGCGCGGTGGTCGCGCCGGCGAGCGGCTCGAGCGGCGTCGTGAGCGCCTCGACCTCGGCGACGCGCACGAGGTCCGCGAGCTGTCGGCGCGCGGTGGGCGGCGGCGCGACCTCCGCGAGCGCATCGATGAGCGCAGCGGCGCTCGCGTAGCGCTCGTCGGGCTCGGGGCGCAGGAGCCGCTCGATCGCGGCGACGAGCGCTGGCGGCGCATCGGGCCGGAGCTGCGCGAGCGACGGGTGTCGGCCGGTGATGATGCGATGACAGGTATCGAGATCCGTCACGCCGACGAACGGACGCTCTCCGGCGAGGCACTCGAACAACATCACGCCGAGCGCGAAGAGATCACTGCGCGCATCGAATCGCCCGGTGAGCTGATATTCGGGCGGCAGATAAGGCACCTTCCCCTTGATGACGCCAGTGCGCGTCTTCAATCCACCTTCGGTCTGACTGACCGCCTTCGCGATGCCGAAGTCCGAGAGCTTGATCTCGCCGGCGCGACTGACGAGCACGTTCGAGGGCGAGACGTCGCGATGGTGCACCGCGCCCGACGCGTGCGTGTGCGCGTGATCGAGCGCGAGCGCGACGTTCTGCCCGATGAACGCGACGAGCGAGGGAGGCAATCGCTCTCCTCGCTGCTGCAGTGTCTCGAGCAGTCGCTCGAGGTCCATCCCCTCGACCAGCTCGAGCACCAGGAAATGCGATCCATCGGCGACGCCGAAGTCGAGCACCTGCACGATGTGCGTGTGCTGCAATCGCGCCGACACCCGCGCTTCTTGGAGGAACTGCGCGACGAAGAGCGCGTCGTTCTCGTGCTCGGGCAGGATGCGTTTGACGCAGACGCGCTGCTCGAATCCTCCCGGCCCGCGACGAACTCCGACGAACGTCTCGGCCATGCCGCCGGCGCCGAGACGACGTGAGAGCTCGTACGATCCGAGCCGGGAAGGAGCGTTCACCGACGCGAATGTACCAGCGGTACGCGCGTCGTCACTCGGGCGGCGAGACCGGCGCGCCGGGCGCGAGGCGGTCCTCACCGGTCGTCCCGTCGCCGATCTGTCCGGCGTCGTTGTGTCCCCAGCAGACCACCTCGCCGGAGCGGCGGAGCACGCACGTGTCGTGACCTCGAACGCTCAGATCGATGGCGTCGGTCATCACCGGCAGCTCGCGCGGCAGCGTCTCGTAGTCGAGCGTGCCCGTGCCGAGCTCGCCCAGACCGTTGTTGC
NZ_CP070225.1_gap92	3944123	3945356	1233	GCCACGTCGGCTGGGTGCGCGCCGCCGATCGACACCGGGAGCACGAGGCTCGTGCGTTCCTGGGCGGCGCCCCGTGCCGGCCAGAGCGCGATCGAGGCGAGCACCAGGGCGAGAGCGCGCGTCACGGACGGTGCGCGCATGTAGCATGCGCCGTCCAGCGTCACCATCACGCGTCCTGCGCGCGCGGGCGTCCTCAGGCCGCGTCGTCCGCGTCGCTCAGGGTCGGGAGCGCGATCACCATCAGCGGCCCGATCCCGAGCCCCAGCACCGCGCAGAAGATCCCGAGCCACCTCGGATATCCCTTCGCGGCGGCGACGGTCACGCACGCGAGCACCGCGAGCGCCCACGACGCGGGCACGACGAGGGACGCGAGCGCGCTCCCGCGCGCAGTCAGCACGGCCGCGCCGATCTGGAGCGCGAGCGCGAGCCAAGGGAGCCACGACACCGGCATCGAGCGCTCATCGTCGCCTCGCTCCCGGGCGCGCAGGTGGACCGCCCACCGTGGCGCGTCTACATCGAACGCGATGCACTCGCGCGCTCGTCTCGTGCTCGCGGTCGCGCTGGTCGCGCCGTCGGTCTTGGTGTCTCGGCTCGCATCCGCGCAGGACGTGTCGCCTCCACCGGTCGAGACCCCGCCTCCACCGGTCGAGACCCCGCCGCCGCCGACGCCCGAGACCGTCGTCGCGCCCGCGACCACGTGCGCCGGCCAGGCCCACACGCGAGCGCGCGACTCGGTCGTGCACGTCGAGAGCGGAGGTCGCTCGGGCGCGGGCGTGCTGGTCGTCGACTCGCGTCACGTCGTGAGCGTGCTGCGCATCGTCGAGCAGGGGCACGACATCACGGTGACCGACGCGCAGGGCAATCGTCGTCGCGGGCACATCGTGCTGACCGCGGACTCCGACGAGCTCGTGATGATCGAGCTCGACGCGCCGCTGCCGGGCACCGCGCTGCCGATCGCCCCGTGGGACGTGGTGAGCGTGGGCATGCCGGTCGTGCTCGTCGGCGCGCCCGCGAGCGAAGCGCCGCGGTTCCTGCCCGGCACGTTCCGCGGCACGCTGCCGTGGGCGGTGAGCGAAGGCGTCGTCGCGTCACGCGGCGAGCGCGCGATCCAGACCGACGCGCGCATCTCGACGATGCGGGGCAGCCCGATCGTCACCTGCGCCGGCGAGGTCGTCGCGATCCTCGGCCCCGCGCACGACCGCATGATGGGCCCGACGGTGCACTCGATGCCCG
NZ_CP070225.1_gap93	3946665	3947175	510	CGCGCGCGTCGATCGGGAACCCGAACGTCTTCACGAGGATCGTGCCGACCGGGAAGTCCCAGTAGCCGTCCTCGCCGACCGTGATGCGCTCGCCCTCGGGCACCTGGATGAAGCGATGCTTGCTCGCGTAGTCGGAGAAGAGCGGCGCGACGATCTCGTAGGGCTCGACGCCTTCGCTCGGCGTCTGCGTGCGCGCGTCCTCGAAGAGACCGCGCGTCGAGATCGGGGCACCACTCTCGCCGCCCGAGCCATCACAGCTCGCGAGCAACGAAGCCATCGCCAGGAGGACCGAGAACGAGCGCTTCACGACGTCACCACCTCGCGCAGGATCAGAATGCGGGATCGATCGTCATGCCGGTGCAGGTCACCGGCGCGCGATCCGTGGACTGCACGCCGAACAGCGGGTCGTCCATGCTCGTCGGATCGCTGTCGATCACGGCCATGCGGTAGGTGCCGGTCTCGTCGAGGCAGAGCACGTCGCCCGGCTCCTGGCCCTCGCGCATCATGCCG
NZ_CP070225.1_gap94	3955807	3956817	1010	GGCGTGGATCGCCCGCCGATGCCGGGCTTGCGCGTCCGGCGCATGTGGCAGTCGCGCCCGGCCGACGTCCCGGCGCACGTGGACTCGCTGCTGCGTGACGCGCGCTTCGTGGTCGTCGACGAGTTCTATCTGCGCCGGGGCACGCACCCCGAGGCGCGATGGCGCGCGCGCGATCAGTCGCGCTTCTATCGCGCGCTCTTCGACGGAGACACCGGCTTCGAGCTCGTCGCGACGTTCGCGCGCGAGCCGCGGCTCGGGCCGATCGTGTGGGACGAGAGCGACGCGGAGATGCTCGCCGTCGCGTTCGATCACATGCCGGTCTACGTGTTCGAGCGGCGCGGCGAGTACCGCACGCCCTTCCCGCGCTGATCAGGGCTCGGCGGGCGCGTCGCCGTGACGCGCCGCTCTCCACGCGCGACGGCGCTCCGCGATCGCGCGCAGGTGCGCCGCCTCTTCGACCGAGGGGGCGGGCTCGGGATCGAGCATCTCCATCTTGCCGAAGCCGAGCCACCCGCCGACCACGCGGATCCGCAGCTCGCAGATGCCCTGGTGCTCGCGCATCACCGGCACGCGCAGCTCGCGCGTGGTCGGATCGACGCGCCACGAGCCGAGGTCTTCGCCGTCGAGCTCGAGCCACACGTGCACCGGGCCTTCGCTGTCGGGCGGGCGCGCGACCTCGAAGCGGAGCGCGCCGATCTCGGGCCAGCTGATCGGCACGATCGCGCGCGCATATCCCTCGCGCACCCCGCGCACGCGGCGCCCTTGGATCGTGCGCACGTCCTCGTCGAACCCGACGAGCAGCTCCTGGTGTCGCTCGACGAAGTCGAACGTCGCTTCCTCGGCGCGCCGCGCGAGCGTGAGCCACTCGTGGAAGAAGAGCTCGGGCGCGCCCGCGACGTCCCACGCGCGCGGCGAGATGCGATGGCGGATCGCGAACGGGATCGACGCGGGCCACGCGAGCGGGTTGCCGACGTGCTCGCGCACCGGGCGCGCGATGCGCCCCCAGATGT
NZ_CP070225.1_gap95	4051824	4052692	868	TTCAACGAGTACCCGACGTCGTGGCGGCTGCGTCAGCCCGAGGCGCGGCTGGATCTCGAGCTCGTCGCGCCGGTCGACGATCAGGAGTTCATCACCGTGCTCTCGGAGCCGGCGTTCTGGGAAGGACGAGTCGAGGTCCGAGGGACCATCGCGGGCGAGGCGGTGCGCGGCGTCGGCTTCGTGGAGCGCAGCGGCTTCTCGCACACCGACACGCTCGACGAGTTCTTCTCCGCGGTGGGCACCGAGACGCGCCGCAGCGTGCACTCGATCATGCCGCTCGAGCCGAGCGTCGCGGAGATGCGCGAGCTGATCGCCTCGCGCGAGCGCGAGCAGTACATGCGCGGCGTCGACGTGCAGCTCGTCGCCGACTACCTGACCAAGCCGATCCGCGAGATCGTCGATCGCGGCGGCAAGTCGTGGCGTTCGTACGCGGCGCTCGCGTGCTGCGACGTCGTCGGCGGCGACTCCCGACGCTACGTGCGCTGGCTCGCGATGCCGGAGCTGATGCACACCGGATCGCTGATCGTCGACGACGTGCAGGATCGATCGGAGGTCCGGCGCGGCGGGCCGACATGCCACGCGGTGCACGGCGACGCGATCGCGATCAACTCGGGGACCGCGGCGTACTTCCTCGGGCAGAAGCTGCTGCGCGACGAGGCGATGTCGTCGGCGCGCCAGGTGCGCATCTACGACCTCTACTTCGAAGCCCTGCGAGCCGGGCACGGCGGTCAGGCGCTCGACCTCGCGGGGCTGCACCAGTTCGTGCCGGCAGCGGTCGAGTCGGGCGACAGCGCGGATCTCGAGGAGCGTGTGCTCGCGATCCATCGGCTGAAGACCGCGGCACCCGCGGCCGCGCTCGCGCGGATGG
NZ_CP070225.1_gap96	4073602	4076410	2808	TCGTCGTCGAGCGCGTCGAGGTGGGCGGCGATCGCGTGGATGCCCGCTTTTTCCGAGAGAAGCTGATGAAGGTCGGCCACGGCGGCGACGATCATAGTCGTCGCTGCAAGCATTTGCGAAGGGGTCCGGGCACGCGCTCTGCAGTGTTTGTCGCGAGGACGACAAAGCCGTTTTGTTGACGGTCCGAGCGCGGCTCGGATACCAGCGAACGTCGGCGCACGAGAGCGCGCACGTCCCGGGGCGAACGGGAGCGAGGCGCGAGAGCACGTCGGAGAGCGCCGCACTGGAGGCCCCATGCGTCGAACTTGGTCGGGCGCGATCGCGCTCGTGATGTCGTGGTCCGTCTTCGTCGCGGCGCACGCCGCGGGCGATGCGCCGCCGACGATCGCGGTGGGCGAGACCGCCGCGCGCGAAGGAGGTCCGGCGATCGCGGGCGCGCTCGGGGATGCGCTCTCCGAGGAGATCGCGGCACGCCGCGACGTGCGCCTCACCGAGGACACGCGCCGCGCGCGTTGGGTCGTGCGTGGCTCCGTGGTGCAGCTCGACGAGCACGCGGTCGCCGATGGGCTCGAGGTGCGCTGCGAGGTGTCGCTGATCGTCGCAGATGCGCGCGGCGGCTCGGTGCGCGCAATGCTCCAGGGGCGCGCAGGCGCGCGTGGCGTCGACGATCCCGAGCGCCTCGCGCGCGCCGCGCTCCAGGCTGCGGTGCGTGGGGCGCTGCGCCCCATCGCGAACATTCGTTGACGATCAGGCGCGCGCGGCCTCGTGCTCGGGGTCGCGCGCGCCCGACGGCTCGCTCGGCGCGCCGAGGCTCGCTGCGTCGATGCCGACGAGCTTCTGCTCCTCGCGGATCCCCTTGAGCGCCGCGTCGAACTCGCGGCGCGGCATGCCCTCGAGCAGCGCGCGCACCGGAGGCTGACGCGAGAGCGACTCGGTCATCACGACCTCGCTCGCCTTCGCCTGCGCCTGCAGGCGCGCCGCGACGTTCACGGTCGTGCCGAAGTAGTCGAGACGATCGTTCGCGCGCACCGCGAGGCAGGGCCCGGCGTGCACGCCGATCTTCACGCCGAGGCCCATCGATGCGTACTTCGCGTCGTGCGCCGCGATCATCGCGAACGACGCGGCGATCGCCTCGCGTGCGCTGGCGAAGCTCGCCATCACCGCGTCGCCCATCGTCTTCACGATCGCCCCACCCTGCTCGGCGATCGCGCGCTCCATCAGGCGGAAGTGATCCTCGACGATCGCGAACGCGCGCGCGTCACCGACCTTCTCGTAGAGCGCGGTGCTCCCCGTGAGGTCGCTGAAGAGCAGCGCGATGTGGCCGACCGTGAGCTCGACGCCCGCGGCCGGCGCCTCGGTCGCGAAGAGGCTCGTGAACTCCGGCATCGACGCGATCACGGTGCCGAGCACCGCGTCCGCCGACCACGCGTTGCGCTCGACGAGGAGCACCACCTCGCGCGACGACGCGTTCTCGCAGCGCACCTTCGTCGGCGCGCCGCGCGCGGCCTCGCCTTCGATCTCCACGTGGATGTGCTCGTCGCCGACGCGAACCGTCATCGAGGCGGGCACGCGCTCGTTCTCGAGGTCCGCGGTGCGCCGGTGCCAGAGCGTGCGCAGGTGCAGCGCGCCGCGCGGCAGATCCATCTCGTCCTCGCGCACCTCGCCGGGCACGAGGCGCAGCTGCGCGAGCACGTGCGGCAGGAACGCGGGGCTCGACGCGCAGTAGAGCTGCGGCACCACGCGCCGCACCGAGGGGCTCACCGGGAACACCGCCTCGACGTGCCGCGCGAAGTCGATCTCGTAGTCGATCTCGCACGCGCCGCAGTGCGACTTGCCGTCGAGCGCGCCGAGGTCGTCGACCAGGCGCGCGCCCACGCGACAGATCGGGCAGTTGATCTGCCAGCTGAGATCGACGAGCCCGACCTGCGTCGCGTGCAGGAACGCGCGCAGCACGTCGCGTCGATCGACCTCCCACTGCCGCGCGAGCTCGAACGGGCGCAGCTGCGCGACGTCGTCGTCGGGGCGCTCGCGGATCCACGCGATCAGGCGCTCGGCGATCGCGGGATCGACCGGCGTGCGCGCGAGCGACTCGCGGCGCACCGCGAGGATGTCCTCGTCGACCGGCGTGCGCGGGCCGACCGCGACCGCGTCGTGGGTCGTCGCGAGCAGGCGTCGCGCGCGCACCACCGCGGGCTCGTCGCTCTCGCGCACCTCGGCGGCGCCGCGATCGAGCACCGCCTGGATCGCATCGAAGTAGCGCGACAGGCCGCGCGAGAACTTCGGCTTCTGGATCCAGCCCACCCAGAAGGGCCCATCGACGTAGAGCGTCGCGTGCACCTCGGTGCCCTCGGGCACGTCGCGCAGCGTGACGACGAGCCCGCCTTCCTTCGGCGGACCCTTCTGGAAGAAGCGGTTCGTCTCGATGAAGCGCCCTTCGATCCAGCGATAGGGCGGCTCGAGCCACTCGAGCTCGATGCCGAGCTCGGTCGCGCTCGCGTGACGGATGAGACGATCCTCGTCGCGCACCCACTTGTAGCGAGGCACCGCGAGCCCCGCGGCGCGATCGACGCGATTCGTGTCGCAGACGATCGCCCACACGAGCGCGCGCGGGGCGCGGAAGACGCGGGTCTGCTCGACCTGGTACCGAGCGCTCACGCGCCCGATCGTACACCCACTTCAGGCGCGGCCGAGCGCCTTGTCGACGATCGGCTGGAGCTCGCCGCCTTCGAACATGTCGCGGACGATGTCGCACCCGCCGACGAAGCGACCGTCGACGTAGAGCTGCGGGAACGTCGGCCAGCTCGCGTA
NZ_CP070225.1_gap97	4077910	4078874	964	ATCGTGCTGCTCGGCGCGCAGATCGTCGCAGCGCACCAGGACGCACCGACGTTGCGACAGCTCGCGCGCGGCACGCTGCGCGATCACGCCGAGCGGCAAGCGCTCGCGGTGCGCGCGGTGATCGCGCTCGCCCAGCGCGGCGCGGGCGCGCGCAGCAGCGGGGTCGCGCTGCGCGTGCTCGCGGGCGAGCTCGGCGTCGGGCTCCGCCCGCTTCGCAGCGTCCTCGACGAGCTCGCGGCACACGGCCTGGTCCGCGCCAGCCTGGAGCGCACCGATCGTCGCTACGCGCTGGTGCCCGATCCCGCGACGCTGCGCGCGTCGACCGTGCTCGATGCGCTCGAGCGCGCGCCCGGCACACCCGATCTGCCGTGGGAGGAGAGCGACGCGCCGATCCAGGCGCTCCTCGTCGCGCGTCGCGCCGCTGCGTCGACGTCGAGCGCGGACCGCACGATCTCCGAGCTCGCCGAGACGAACGCGAGCGAGACCCGAGGCTGACCCGCCGGATTGTATCGTTGCCGCCGCGTCCCTCTCGTGAGACAGATCGCGGCGTGAGCGAGCCCGCGATCCTCGGAAAGATCCGCGAGACGCTGGAGGCGACCCTCCCGTCGCGAGACGCCGCGCGTGTCCTGCTCGATGCGCTCGCGGAGTGGGGGCAGCGCGTGCCCTCGGAGATCGAGGAGATCGAGTCCTTCGTCGCAGTCCCTCTGCGCGACGCGCTGCGCGCGCGGCTCGGCGACGCGCACGCGAAGCGCGTGATGATCGCGCTCGAAGACGTGCTCGCGACGGCGTCGGCGCCCACGGAGGAGCACACGATCCCCGTCGACCTCTCCGAGATCCCCGACGTGTGGGTCGAGGAGGAGACCCACGATCTCCCGGTGCTCGACGCGCCGGTCCCGGTGCTCGTTCTCGCGGGGCGCGGCGGGCTCGCGATGCGCCTCGCCGCGGCGCTCGGGCCGGAGCGCAT
NZ_CP070225.1_gap98	4089305	4091429	2124	CGACGTGATGGTGCTGCTCGACGTGACCGGCTCGCACGCGACCTACGTGCGCGACAACGTCACGACGTTCGGCACGCGCCTGGTGGCGCCGCTGCTCGCGATGGACGACGTCGCGGTCGGCGTCGCGTGGTACGCGGACTTCCCGATCGACTCGTACGGCAGCGCGGGCGATCATCCGTTCGAGGGCGGCGTGCAGCCGACGCGCACGCGCAGCGAGGTCGACGGCGCGTTCGCCGCGGTCCCGCAGCGCGGCGGGAACGACCTGCCGGAGAGCGGCATCGAGGCGCTCTCGATCCTCGCCGGCGGCACGACGCCGGCGTCGGCGATCCCGCTCGTGTGCTCGAGCGGGCGCACCGCCGGCGGCTGCTGGCGGGGCGGCGCGCGGCGCGTGGTCGTGATCTACACCGACGCGTCGAGCCACAACGGGCCGAGCCCGACGTCGACCGCGCTGCACTCGCCCTACACGACCATCCCCACCGCCGCGACGTGGCCCACCGTGCGCTCGCGGCTCTTGGCGGACGGCACGCTGCTGCTGGTCCTCTATCGCACGAACACCGACGCCGACGCGGCCGGCCAGTACGACGAGATGCTGCGGGATCTGGGGCAACCCGTGACCGATCGCATCGCCGCGGACACCATCGGGCCGGCGCTCGACGCGGTGGTGGCGCGGGTGCGGGGGATCGCGATGCCCTGAGCCCGTGTGGGGCCTTGGAGGGTGCGCAAGCAGGTTCGCGTTGCGCTCGCGCCTTAGTCTTCCGATGATTGGGGGGCTCGATGTCGCGCCCTGCCCCGTCCGAAGCTCCGCTCGTGTCTCCCGCCGACTCGTTCGTCGGTCGGGTGCTGGAGCAGCGATACCGCGTCGAGCAGCGTCTCGGCGAAGGCGGGTTGGGCACCGTCTACCGCGCGCAGCACCTCAAGCTCGCGCGCAACGTCGCGGTGAAGGTGCTGCGCGACGATCTACGCGGCATCCCGCAGCTGCGCGCGCGCTTCGAGCGCGAGGTGAAGGCGCTCTCGTCGCTCTCGCATCCGAACGTCGTGACGATCACCGACTACGGCGTGGAGGGCGGCATGCCCTTCCTCGTCATGGAGCTGGTGGAGGGCACCGAGCTCGCGAAGATCGTCGGCGAGCCGCTGCCCCCGGAGCGCGCGCTCTCCATCGTGCGTCAGATCCTCGCGAGCCTCGCCTACGCGCACGAGCGCGACGTGGTGCATCGCGATCTGAAGCCCGCGAACGTGATCGTGCGGCAGCTCCCCGACGGACGCGATCACGTCACGGTGCTCGACTTCGGGCTCGCGAAGTTCGTCGGCGACGATCCCGGCGGCGACCTCACGCGCAGCGGGCTCGTCGTGGGAACGCCCGCGTACATGCCGCCCGAGCAGATGGCCGCGGGCGCGCGGCGCGCCGATGCGCGCTCCGATCTCTACGCGGCGGGCCTCATCCTCTTCGAGCTGATCGCGGGCCGTCGTCCCTTCACGTTCGAGGAGCCCGCGGAGCTGCTGCGCGCGCATCTCGTGATGCAGCCTCCGACGCTCGCCGAGGCGCTCCCTGGCGCGGTGGTGCGGCCCGAGCTCGAGGAGCTCCTGGTGCGCGCGCTCGCGAAGTCGCCCGACGATCGCTTCCCCGATGCGCGCGCGATGATCGATGCGATCGACGCGCTGCCCTACGAGCCACTGGTGCGCGGCGGCGTCGGTGGTCACGACGCGCGGCACGACGCGACGCGCCCTGCGCGGCCGACGCCGATCTCGGCGGCTGCGGCGGCGAGCGAGCGTCCGCCGCCGAGCCCGACCGCGGCCGAGCGTGCGCGCGCGATGGGCATGCGCGCCGGGATCGCGGCGCTCGTGTTCCTGATGACGATCGCGGGCATCGCGTGGGCTGCGCGGCGCGCGACGACCGAGCCGGTCGCCGACGCGACCGACACGACCCGAGCGAGCCCGCCGCCGGTCGCGCCGCCCGCGCGCAGCGAGGGCCCGGGCACGACCGCGGCGCCGCCGTCGGCGGCGGTCGCAGTGGCCGAGGCGACGCCGGGCGACGATCCGGTCGCAGCGGGCGACGAGGACACCGAGGCGCTGGTCGGCGACGAGGACGAGGGCGAGGTCGCGCCCGAGGTCGAAGCGCCGTTCGTC
NZ_CP070225.1_gap99	4137237	4141128	3891	AAGGTGTACCACAGGCGTTCGCACGCCCGACGCGCTCACCAGAGGACGTCTTGGTCCTCGACCACGCCGGGCACGTTCTCGATCACGAGCGTGCGATCGCCCGCGCGAACGGCGCCGCGGAACGTGCCCGAGGGCTGCACGAAGCGCGACTTCACGAGGCGCAGATCGAGGTCCTCGCGGTGGATGCCCGAGACCTCGAACGCGAGATCGACCGCGCCGTCCGGCGTGGTGATGCGCCACGCACGATCGTACGCGTCGCGATCGAATTCGAAGCGCCCCTCGGGCAGCGGCGCGAGCGCGCCGTCGATCCACAGCGCGCACTCGGGCTCGCCGACGAAGCCCTGCACCAGGTTGAACGCCACGCGCTCGCCGCTCTGGGCACGGCCCATCGCGAACGCCCAGTTCCACTGGGTGCGGCGCGCGAGCAGGCCGTGGGTGTGATCGTATCCGCCGAGCGCGTCGTCGAGCGAGACGCGACGTCCTGCGATCAGCGCGGCACCACGCACCGCCATCAGCGCGCGCTTCTCGGTGGTGTTCACCACGCCCCGCGGGACCGGCGCGACCGCGGTGAGCGCGGGCGGCGCGCCGCGCTCGTCGAGCGTCGCGTGCACCTCGAGATCGGGCAGCTCGATCGCGACCTCGATGCCGGGCTCTCCGTCGCGCGCACGCACCCGCAGCGAGCCGCGCGGATGCACGAACCGCGCGTCGATGCGCGCGTCCTTCGTGGAGCGCACCCGGCAGAGGCGCGGCACGCCGACGAGCGAGCGATCGACGACCAGACCGCGCCCCGCTTCCCACACGAACGTGAACGCGCTCGCGGCGTACCCGAGGTCGACGATCGCGAACGCGATCATGCGATCGGGCTGGGTGATCGAGCCCCAGAACCAGCGCTTCTCGGTGGCGAGCCGCTCGAAGCGATCGCGCGAGAGCGCGCCGACCTCGGTGCGGCGGAACGCGCCGCGATAGGAGCCGAACGCGGGCGCGCCGGTGCGTGGATCGAGGAGGGTGCTCGGGATGTCGACGAGGGTGCGGGTCACGAGGCGCGCATCATGTCACACGCCGGTCCCGCTGGAGTGCTCGCGAGCCGATCTCGGACACACTCTCAGTCGTCGTCGTCGTCGACCAGCGTGAGCGCCGGCGGCTCGGCGTCCTGGGCGTCTTCGTCGGCGCGCGCGCGCGGCTCACCCTCGGGCTCGGGGCGCGGGAAGCGCTTGCGCGGGCGAGGACGCGGGAGGACCACGTCGTGGAGCGCGTCGAGCATGCCGGGCGGCACGCTCGCGGGGACGATGTGGAGCGCGGGCTCGTCGTCGTCGGGCTCGTTCTCGAGCACGACGATCTCGGGGTCGTGCCAGCTGTCGCCAGGCAACGTCGCGCGCGGCGGCGCACCGCTCGGCGGGCGCGTCGGGTGCGGGCGCGTGGCGTGGCGCTTGGGCACCGCGAGCGCGCCGGGGAGCGCGTCGAAGCGGACCACCGCGATCGCGACGTTGTCGTCGGCGGGCGCGGCCTTCGCGCGCCCGAGCAGCGCCGAGACCTGACCGCGCACGCTGTTCGTGGTGAGCAGCGTCTCCGCGATCTCCTCGTCGGAGAGCACGTCCGTCAGGCCATCGGTGCAGAGCACGAACACGTCGCCGAGCGCGAGGTCGAACGAGCGCACCGAGACGCGCACCGTCTCGCTCATCCCGAGGGCGCGCGTGATCACGTTCTGCGGGAGCTTCGCGGCCTTGTCCTCGTCGATCTCGGGCGAGAGCTCGAGCACGTCCTGCGCGAGCGAGTGATCCTGCGTGAGCAGCTCGAGACGCCCGGCGCGGAGGCGATAGCAGCGCGAGTCGCCGACGTGCGCGACGTGCAGCACCGCGGTCTCGAGGTCGGGCGCGAGCGCGACCATCGTCGTGCCCATGCCGCGGTATCGATCGGCGGAGCGCGCGATCTCGAGCACCTCGCGGCTCGCGCGGTGGATGCCCGCGGAGAGCCGCCGCGCGAGGAGCGGCAGTCCGAGGCGATCGAAGGTCTGGGTGGTGCGCGCGCTCTTCTGGGTGGCCTCGAAGTGACGCGCGAGGCTCGCGAGCGCGATGCTGCTCGCGACGTTGCCCGCGTTCTCTCCGCCGGCACCGTCGGCGACCGCGAACAGCGCGAGATCCGGGCGCAGAAGGAAGCCGTCCTCGTCGTGCTCGCGACCGCCGATGTCCTTGTCGGCCGCAGCCATCACCTCGAGCGCGGGGGCGGGGGACGGCTGGCTCTCCGTCGACGTCATCGACGCGGGAGTCTATCAAAGGCGGGTCGCTCGCCGTGCGAGGATCGCTCGGCAGGGCGTGCTAGGATCGGGTCGCGTTCTTCGATGACCCCGAGCTGTCCCATCTGTCATCGCGCGTTGCCGGCGCCGGACCAGAACCCGACGCACCCGTTCTGCTCCGCGCGCTGCAAGCTCATCGACCTCGGCAACTGGCTCGACGGCGCGTACCGCATCGCCGGACCGAGCGCGTTCGTCGAGAACGACGCTGCGTTTGCCGAGAACGCCGACGGCGAGAACGCGCCCTCGTAGCTTCTTCTGCCAAGGAGTCCGCATGCGCTCGAGCTCGTTCGCTCCGGTCGTGCTCGCGATGGTCCTGCTGCCGAGCCTGGTTCCAGCGAGCGCAGAGGCGCAGGAAGGCGGAGGGACGACGGGCGGAGGCGGGACCACCACGACGGCGCCGACGTCGAGCCCGAGCACGACGCCGCCGGCGCGCACCGAGCACACACGCTCGGAGACGAGCGGCTCGACCGCGACCATCACGCGCGGAGGTGATCCTTCGAGCGCGCCGGTGCGAGAGCGCCGTCCCCCGGCAGAGGAAGAAGAGGTGCCCGTCAACGAAGAGGACGACGGGCGCAAGGCCGACTTCATTTGGCTCGAGGTCGAGGGTGGCGTCTCGTACGTCGATCTGATCGCGTTCCAGCAGGACAACTTCAGCGCGCCCGACGGCACGACGGTCGACGGCTTCGAAGAGGTCACGGGCGTCGGGCCGATGGTCGGCGTCGGGCTCGGCTTCCGCGTGTTCTTCTTCGCGATGGGCGCGCGGGCGACGCTCGCGAGCTATCCGGGGTTCGAGATCGGCACGGTCGGCGGCGAGGTGCAGTTCCGGCTGCCGACGCCGATCATCGAGCCGTGGATCCGCCTCGGCGCGGGCTACGCATGGATGGGCAGCGCGAACTACACGGACGCGCGCGCGAGCCAGACGACGGTGTACGGGTGGATGCTCGACGGCGCGATCGGCCTCGACTTCTTCATCACGTGGTGGCTGACGCTCGGCGTCGGCGCGAGCCTCGACGTGCTGAACATGACGCGGCAGCCGATCAACTCGCTCGAGTGCCCGCCCAACGAGTTCTGCCCGACGCAGGACGGCGACGCGATCGGCGCGCAGGCGCGTGGGTTCGCGCAGCTGGGGCTGCACTTCTAGGTCACCACGCCAGCGGGGCGTCGGGGACGAACGGGCGCGGGATGCGCGCGGTGGTGAGGAGCGCGCGGCGCGCGGTGACGTAGCGCTCGAGATCGGCAGGCGATGCGAGCTCGGGCGCGCGCGCGGTGCGGTGGACGACCGTGCCGACCAGGTCGGGGACGATCGCGCTGGATGACGTGTCGAGGGTCCATGCGAGCGTGCGCACGGAGGCATGGGTCGCGACGTGGGCGAGGAGCGGCTCGAGCTCGCGCGCGTCGCGCACGACGAGCAGGCCTTCGGGGATGCCGGCGCGCGCGGTGACGAGCTCGACGTCGAGGCGTGTCGCGAGCTCCGTCGCGACGGCGCGATCGGTGGTGATGATGCGGCGCGGGCGATCGTCGAGCGCGTCGAGCGAGGCGACGACGCTCGGGGTGAGGATGCGCGCGACGTGATCGGGATCGACGGGCGCGCGCGGAGCGCT
NZ_CP070225.1_gap100	4142710	4147278	4568	GCGCGAGGCTCTCCTCGCCCTCTCTCGCGCGCCGGGGCGGCACGACCACCTCGAGCCCGGCGCGCATCTTCGCGCTCGGCGAGACGACCTGCGACGCGAGGAACGCGAACGGATCGACCGGCGCCATCATCGAGAAGCCCTCGGGGATGCGCACGAGGCGTCCTCCCGAGACGACGTACGCGCCGCGCTTCGCGGCGTTCGTGGAGACGACGCGATCCTCGATCCCGAGGCGCTTCACGAGCGAGAGCGCGTGCGGCTTCTCGGTGAGGATCGAGTCGGGCCCGAGCTCGATCACGAACCCGTCGCGCTCCTCGGTGCGCAGCCATCCGCCGGGGCGCGCGCCGCCCTCGAGCACCTCGAGCTCGATCGACGGATCCTGCTCGAGCAGTCGGAACGCGGCCGCGAGGCCGCTGATCCCGGCGCCGACGACGATCACCCGCCGCGCGCCGCGCGCGCTCATCGCGAAGACGCCTCGTGCACGTGATCGACGAGCGCGCGCGCCTGCGCGAGATCGACCTGCGGGACCACACCGTGGCCGAGGTTGAACACGTGACCGGGACGACCACCCGCGGCGCGCAGCACCGCATTCGCCTTCTCGATCATCACCTCGCGCGGCGCGAGCAGCGCGATGGGATCCATGTTGCCCTGGACCGCGACGTCGCCGAGCGCGCGCCACGTCGAGCCCAGCTCGCAGCGCTGATCGAGCCCGATCACGTGACCCCCCGCCTGCTTCATGAGCGGATAGAGCGCGGGGTTGCCGGTGCCGAAGTGGATCGCGGGCACGCGATCCCCGAGCGCGGCGAAGATCGACGCGACGTGGGGCTGCACGTAGCGCGCGTAGTCGTCGGGCCCGAGCGCGCCGACCCACGAGTCGAAGAGCTGGACCGCCTCGGCGCCCGCATCGATCTGCGCGAGGAGGTACGCCGTGATCGCGCTCGAGAGCCGCCGCATCAGCTCGTGCCACGCGCCTTCGTCGGCGTACATGAAGCGCTTGGTCTGCGAGTACTCGCGCGAGCCGCCGCCCTCGATGACGTACGACGCGAGCGTGAACGGCGCGCCCGAGAACCCGATCAGGGGCACGCGCCCCGCGAGCGCCTTCTTGGTGCGGCGCACCGACTCCATCACGTAGCCGAGCGACGCGTTCGCATCGATCGACGGCGACACGCGATCGACGTCCGAGGCGAGTCGCACGGGGCGCTCGATGCGCGGGCCGTCGTCCTTCGTGAACTCGAAGCCGATGCCGAGCGGCTCGAGCACGAGCAGGATGTCGGCGAACACGATCGCCGCGTCGACCCCGAGATCGTCGACCGCGCGGAGCGCGACCTGCGCGCAGAGATCGGGGTCGTGACAGAGCTCGAGGAACGAGACCTTCTCGCGGATCGCGCGGTACGAAGGTTGGTATCTCCCCGCCTGCCGCATGAGCCACACGGGCGTGTAGGGAGTAGGCTTGCCGCGGCACGCATCGAGGAAGACCGACATGGGCCCGGCAGTCTACGCGCGCCGCGCGGCGCGCGCATCAGGCGTCGGGCTCGCCTTCGAGCGCGGTCGCGAGCGCCTCGTAGCGCGCAGCAGCGAACGTCGCGAACGACGACGCGCCCGTGGCTTCGCGCAGGGGATCCGCGGGCGCGAGCTGCGCGTGCTCGAGGCGCGCGATCAGGGAGCGCACCTCGCGCTCGTCGAGATCGACCCGCGCCGCGACGACGTCGGGTGGGATGGGATCGCTGGTCGCGAGCACGACGAGCGAGGGATCGCCCGACGCGCCGTGCGACGCGATGCGCCCGCTGCGATCGAGGTACGCGTACATGCCCGCGACGTCGGCGCTGCCCTCGCGCAGCGCGGCGAGCGCGGCCTTGTACGAGCCGACGAAGCGCTGCTCGAGGAAGGTCTGCTCGGGCTCGATGCCCGCAGCGCGCAGCACCACGCGCGGCATCGTGTAGCCCGCGGCCGACCAGCGATCGACCCACGCGGCGCGCGTCCCCGTGAGCGCGAAGCGCTCGAGCCGCGGCGCGCGCGCGCGATGCCCGACGAGCACGCCCGCGTAGTCGTCGGCGTCCTCGAGCTCCACACACGCGAGGCCGCGCGCGATCTCGTTCTGGTTCGCGCGCGCGAACGCGACCGGAGAGAGCCACGCGAGATCGAGCTCGCCCACGTCGAGCGCCTCGACGAGATCGGCGTGGCTCGCATGACGCAACAACGTGATCTCGATGCCGAGATGCGAGCCCAGCGCGAGCGCGGTCTGCGGCGAGAGGTCGCGCTCCTTGCTGGCGACCAGGCCGAGCCGCAGGCGACCGGCGCGCGCTGCGATCGCCGCGCGGACGCGGGCGCCACGACGCGCGAACATCGTGGGCTCCGCCTCGTCGAAGGGCTCCGGCTCGAGATCGTCGAGCGGCACGTCGATCGAGGGCGCGATCGGCTTCCACGCGCGCAGCGCGCTCTCGATCGCGCTGCGCAGCTCGTCCATCGTCGCCCACCGTCGCTCCCGCTCGCGCAGCAGCGCGCGATCGATCGCAGCCGCGAGTGCCGAGGACGCCGACGGCGCGCGGCTCGCGAGCGGCGGAGGACGTCCCTCGACGATGCGAAACGCGACGTCCGCGACGCGATCACCCTCGAAGGGCAGGCGTCCCGAGAGCGTCTGGTACCAGACCACGCCCATCGACCACACGTCGGTCTGCGGGCCGACCTCCTTGGGCGCGACGAGCTGCTCGGGCGACATGTGGCTCGGCGTGCCGACGACGAGCCCGGTCGCGGTGTAGTCGCCGTCGTCCTGCTCGAACGACTTCGTGAGACCGAAGTCGATCAGCTTCGGCACCAGCTCGTCCGAGCCGCGACCGCGCCACGCGAGGTAGATGTTCGATGGCTTCACGTCGCGATGCACGAGCCCCGCGGCGTGCGCGGCCGAGAGCGCGTCCATCACCGGCACGAGGATCTGCGCGGCGCGCGCGGGCGCGAGCGGGCCTTCGCGCCGCAGGCACGTGATGAGGTCCTCGCCGACGAGGAGCTCCTGGACGAGATAGAGCCAGCCGCGATCGGGATCGCGATCGGCGTCGAGCACCGTGACGACGTTCGGATGCACGAGGCGCGCGGCGTGGCGGGCCTCGCGCAGGAAGCGCGCGGTCGCGGCCTCGTCGTGCTCGGGCGCGGCGAGCAGCTTGATCGCGACGCGGCGCTCGGTCGCCTCGTTCTCGGCCTCGAACACGACGCCGAAGGCGCCTCGCCCGAGCTCCCGCACCACGCGGTACTTGCGCGCGATCCTCGCGCCTCGCTCGAGCCCGAAGTGCATCCGCGCCGTCGAGGATACCAGTCCCGACCGGGCGCTTGCGGACGTCGCGAGCTTGCCTTCTCATTCGCCCCGCATGGCTACCCGAGCACGTGTCCTCGTCATCGGCGCCGGCCTCGCCGGCCTGCGCACCGCCGACCTCCTCGTCCGACGTGGTGAGACCGACGTGCTGGTCCTCGAGGCGCGCGATCGGGTCGGCGGTCGCACACTGTCGCGCCCGCTCGGGAAGGCGACGTTCGATCTCGGCGGGCAGTGGATCGGCCCCTCGCAGCGCCGCGCGCAGGCGCTGGTGCGCGAGCTCGGGATCGCGACGTTCCCGACCTACGACACCGGCGCGAAGGTGCTCGATCTCGCGGGCAAGCTCTCGCGCTACGAGGGCACGATCCCGCGCCTCGATCCGCTCTCGCTGCTCGAGCTGCAGGTCGTGCTCTCGCGCATCGACTCGCGCCGCAAGGCCGTGCGCACCGACGCGCCGCACGAGTCGCCGCGCGCGGCCGAGGACGACTCGCGCACCGTCGCGTCGTGGGCGCGCACCCGCGTCCGATCGCCGCACGTGCGCGCGCTGCTCGAGGCCTCGGCGCGCGTGGTGTTCGGCGCGGAGCTCGGGGAGATCTCGCTGCTCCACTTCCTGTTCTACGCGCAGGCGGCGGGCGGGCTGATGCCGCTCGTCGAGATCCAGGGCGGCGCGCAGGAGACGCGCTTCGTGGGCGGCGCGCAGGAGATCTCGACGCGCATCGCGAGCTCGCTCGGCGACCGGGTGCGGCTCTCGACGCCGGTGCGTCGGATCTCGGTGCGCGGCGGCGAGGTGATGGTCGACGCGGATCGCGGCACCTACCTCGCCGAGCGCGTCGTGGTCGCGGTGCCGCCGGTGCTGGCGCGCACGATCGAATTCGATCCGCTCCTGCCGACGCAGCGCGCGCACCTGTTCGAGCGCGCGTTCCAGGGCAGCACGATCAAGTGCCTCGCGCTCTACGATCGTCCGTTCTGGCGCGAGCGCGGCTTGTCCGGTGAAGCGGTGAGCGATCGTGGGCCGCTGGCGGTGGCGTTCGACAACACCTCGCACGACGGCGCGCAGCCCGCGCTGCTCGGGTTCTCGGTGGGCGCCCTCGCGCGCGAGCACGCGGCGCGGTCGCGCGCCGATCGCCGGCGCGTGGTGCTCGAGCGCTTCGCGCGGTGGTACGGCGAGGAGGCGCTGCGCCCGCTCGAGTACGTGGAGCACGACTGGAGCGAGGAGCCTTGGAGCCGCGGCTGTCCGATCAGCCTCTTCGGCACCGGCGCGCTCAGCGAGAGC
NZ_CP070225.1_gap101	4155552	4156215	663	GCGGTCCGATCGCCGCAGGTGAGCTCGAAGATCGAGGGCGCGTCGAGCCGATCGACTGGAGCGGCTGGAAGGGCACCGGACGTGCGGCGTCGATGGCGATCGAGGTGCTCTGGACGCGCTGCGAGATCGTCGTCGCGGGGCGCACCGCGCGCGCGAAGCTGTGGGACGTGCCGCGGCGCGCGCTGCCCGATCAGCACGACGTCGACGTCGCGGGGCACGGCTTCGCGGCGTGGGCGCTGCGCGAGCGCGTCGAGGCCGCGGGCCTGCTCTCGCGCGCGGGCGGCGCGATGTGGTCGATGCTGCGCGACGCACGCACCGACGGAACGATCGAGCAGCTGTTCGACGAGGGCGCGATCGAGGAGGTCGCGATCGACGGAGCGCGTAGGAGCTACCTCGCGCCGGCCGGCTTCCGCGAGCGTCGCGTGATCGCGCCCGACGATCGGATGCGCATCCTCGGCCCGCTCGATCCCGTGCTCTGGGATCGCGACCTCGTGCGTCACGCGTTCGACTTCGACTACGTGTGGGAGGTCTACAAGCCCGCGAGCGAGCGGCGCTTCGGCTGGTACGTCGTGCCGCTGCTGCACCGCGGGCGCTTCGTCGGACGCCTCGAGGGGCACGTGGACGGAGCCACGCTCGTCATCGATCGCGTGTGGCGCGAGGACG
NZ_CP070225.1_gap102	4353365	4355504	2139	AACTCGGTGAGCGGGCGCTCGTCGAGGAGGATCTGCGCGCTCGCGGGCGCGACGATCGTGACGAAGTCGAACGCGTAGAGATCGGGCGTGAGGAACACGTAGTCGCGCCGGAATTGATCGACCGGCGGCACGCCGACGATCGACGGATCGCCGCCCGGATAACGCGAGTCGATGCCGATCGACTCCTGGCTCGACTGCACCTGCAGCACCGCGATCGCCTGCGACGAGCGGATCTCGAAGTCCTGCGTCGTCTCGATCACGAGGCTCTGGTTCTGCTCGAGCTCGTACGCGAGGAAGCCCCCGAAGCCGTCGTCGATCGTCGTCTCGATCATCGTGACGCCCTCGGCGACCGCGACGATGCGCACCGACTCCGGCTCCGCGAAGTCGCCGACCGAGCTGCCGTCGATCAGCGCCGCGCTCAGCGCGCGCGAGCGACGCGGCGTGAGCCCGATGAAGAAGTGCCTGCCCAGCGCGTCGTTCGCGAAGAGCTGCTCCTCGACGTGGTCACCGCAGCACTGGCGATTGAGCAGCGTCTCGTAGCGCGGCGCATCGCTCGCCTCGGTCCCGACGAACACCGCGACGGGATGCTCCGGGCTCGCGACGACTTGCGTGCCCGTGAAGTCCGCGTTGAAGCCCTGGGTCTCCAGGTTGATCACGTCGAACGCGCCGAGCTCGAGCTCGATCACGTCGCCGGGGCCGTAGTTCTCCTCGCCGGGGAGCCCGACGACGTTGCGCACCTCGGCACCGAGCGTGATCGAGACCTGGGTGTCGGGCTGCGTGCCCACGATCGTCAGGAACGCGCGCAGATCCTCGTCGGTGCGGCTCGGATCGAAGTCCTCGTCGGGATCGGTCGAGTCCGCGATCGTCTGAGGCCAGCCGACGACCGTGTAACGCTCGCCGATGCCCGAAGTGGGCAGCAGCAGCGACGCGTCGTTCGAGAAGACGCCGACGTTGTCGAGCGGGTTGAACTGGTACGCGACGATCGGGAGCGACGAGCGCACGCGGTACGCGTGCGCGGTGAGCGCGGAGTGCGTCCCGTCGTTCAAGCCGTTCGCACCGGCGGCGTTGCGGCAGCGGCAGTCGGTCGCGCCCGGAGTGCCCACCGGGCTCCCGCCCGAGCACCAGCACGCCTCGGTCGCCGACTGGCACTCCGCGTCCGCGGCGCACGGCGTCATCGAGCTCGATCCGTCGAGCTCGCGCCGCGGCAGCTCGAACACCTCGAGATCGCCCGGCAGCACGCGCTGCTCGGCGACGATCACCGGGACGGTCTCGCCGCCGAACGCGCCGGTGTCGATCTCGACGACCACGTCGGCCGGGTAGTTGCCGGGGTTCGACACGACCACCGCGTACTGCTGCGCAGACGCGTCGCGTCCCGCGCCGAGCGCCGCGTTGTCGAGATCGGTCGCGAAGAACTCGCAGCCGAGGTAGCTGCGCCGCGTGAGCGCGACCTCGCAGAGGTTGCGACACGAGCCGAGATCACAGACCTCGCCGTGCTCGATGTCGCACTCGTCGATGACCTCCCAGCCGCTGCCGTCGTCGTTGCACACGACCGCGTTGCCCTGCTCGTCGCACCCGCCGCTGTTCGGGCGGCACGTCACGCACCACAGGCCGTCCGCGCACGTCTTGCCCTCGTCGGCGCAGTTCTCGACCACCGGGCGCAAGAACTCGCCGTCGGCCTCGCACGAGTAGTGGACGTCACCGAGGCACGCCTCGGAGGTCGCGGACAAGCACACGAACCCGCCGTCGATGATCGGGTTCTCGCCACCGTCGGGTCGATCGGGACGCCCCGTGCCCTGGGTGCACGAGGACAACGAGACGATGGCGACCGCCGCGCACGCGGCGGTCAGCGAACGGACGAACACCATGTCGTTCCTCATCGGTGGGCCGATCAGCGCTGCACGATGAACGTGTTGCGCGCCGAGTGGCTCCAGTAGCGATCGCTCAGCTGGGCGTAGCTGAGCTCGTCGAAGTCGAACCCGGGGATCCGCGCCGAGCGCACCTGCCAGTAGATCGCGCCGTCCGGCACGTCGAAGAGCTCGGGGATCGTCGAGAGGTCCGGCATCGGCGCCGAGGTGACGGTGCCGGGCACGAACATCTCCCACGCGAGGTTGCCGTCCTCGCTGAAGAGGAGGAGCCAGT
NZ_CP070225.1_gap103	4378798	4382670	3872	TCACGCGCTCGCGGTCAGAGGCGGAACGGATAGTTGATGGTGAACGTCGCGCGCTGGAAGCGCGGGAACGACGCACCACGCACCGCACGCGCGATGCACGACCCGACGGGCGTGCCCGCGAACTGACCACCGACCGTCGCGTTGGTCACGCGACCCGAGGTGCCCGCGACCGAGATCGCGACCGTCGCGGTGCCGTGCTGACCACCACCACACGCCGCGACCGCGCTCTGCACGCTGCCCATCGCGCGCACGACGTCGTCACGCGACGGCGTCTGCGGGAGCGACGAGTCACCGCCGCCTCCACCGCCACCACCGCCGCCACCGCCGCTGCGGCCACCGCCGCCGCTGCCGCCGAGCGCACCCTGCAGGAGGCTGTCGATGTCGCTGCCGCCACCGCCGCCGCCGCTGCGACCGCTGCTGCCGCCCGACGAGCCGCCCGCCGACGCGCCACCCGACGATCCACCGCCGCCGCCGCTGGCCGCCGCCGGCTCGCTGCCGCCCGACGAGCCGCCCGCCGACGCGCCGCGGTCACGACGACGACCGCCGCCACCACCGCTGCGTCCCTCGCTGCTGCCCTCTTCCTCGCGCGCCGCCGACGTGCCGGTCGCAGGCGCCGCGGGCGACGTCGTGCCGGTCGTTCCACCGGCCGCCGCTTCGGTGCCCGTCGCGGGGGTCGGCGTCGCCGTGCCCGGCACCGCCGTCGTTCCCGGCACCGCCGTCGCGCCCGGAGCCGCCGCCGCCGCTGCGCCCGGCGCCAGCGCGCCCGCAGCCGCCGTGTCCGCCGCCGCGATCGTCGCGGGATCGGGCTGGTTCGACATCACGACGACGATCGCGATCGCCGCCACGAGGATGCAGCCGCCCAGGATCGACATGCCGATCACGAGGCCCTTGCCGCCGCCCTCTTCCTTCTTCTCGGGGATGATCACCGGCGCGCCGAGCGCCGATCCGAGGCCCGGCGATGCCGTGCCGATGCTGAGGAGATCGTCGACCCGCGCCGGCGAAGCCGCGGGCGCGATCCCCGGCGCCCCGCCGCCGCCCGACATGCCCGTCGCGCTCGCGAGCGCGCGGATGTCGATCAGGCCCGAGCCCTCACCCGCCGCCATGCCCGGTCGCGATGCCGCGCCCGATGACGACGCCGCCGACGCCTTCGCGCCGCTCGACGACGAGCTCGCCGATGCACCGGGGCTCGACCCGCCCGTCGCGAGCGCCTGGAGGTTCGAGAGCGAGAACAGCACCGAGTTCTCGTTGCGCGCGCCGGTCATCGCCTGGTTCGCGCTCACGCGCGGGCTCGGCGCCGACGCGACCACGTCGTCGTCGTCCCCGCCGCCACCGAACGGGCTGCCACCGCCGAACGGGCTCGCCGACTCGCTCTGCGCGAAGAGATCCGCGCCCGCATCCGAGCCCGTGGACGCCGCCGGTGCCGGCTTGCTCGCAGGCGCCGCCGCGGCCTCGGCGAACGGATCGTCGCTCGGCGCCGCGTCGCCACCACCGGCCCCGCCACCGCCCGGGTTCATGATCGCCTGGACCAGCTCTTCGATGTCCTGCGCCGGCTTCCAGTCGTCGTAGCCCTCGCGCCACACGTACGCGTCCCACGCGATCGTGTTCGCCGAGATCATCTGGCCGAGCTGCGCGGGCGAGAACGGGCCCTGCTGCTCGCCCTCGACGACCACGTGCCACACGGCCTCGCCGCCGTAGTCGAAGTTGCCGGCCGGCGCCGCTCCACCAGGGGCCGCGCTCTCCTGCGACGACGACTGATCACCGCGCACGACGATCGCCGCGCCGCACTTCTTGCACCGGATCTTGAAGACCCGGCCCGCCACCTTTTCGTCGGCAATCGAGTACTTGGCGCCACAGCTGTCGCAGACGATTTTCATCTCGGTGATCCCCTCGATCGGTCGAATGGCCTGGTCCCCCGAGCACCAAAACAGCTCGGAACGATGGCGGAGCGGCCCGAAAGCGCGTGCGAGGATACCCGTCCCGCATCGCGGCGATCAAGCTCGGCTCACATCTCGTTCGGCCTGATAGAACCGACGACGCGCACACCCTTGGGTGTAGCGATCATGCCTCAGGTCAACGTCGTCCCGTCCTTGCCGCAGAAGCGGGTCGTCGCGGGATATCGAGTGCCGCAGACCGGGCAGATCTTCTCGCTCGCGCCCGTGCTCGCGACCTTCCCGGCGGCGAAGTCCGCATAGGCGACGAGCGGAGTGCCGTCGACCGAGCAGGTCGTCGCGTCGGGCGGATATCCACGACGGCACGTCGGGCAGATCTTCGGCTCGCCGCTCGCGACCGGCGCAGGCGCGATCGGAGCCGGTGCGATCGGCGCGATCGGCGGCGCCTCGTGGACCTCGCTCGCGACGATCGGCCGCTCCTTCTTCTTCTTGCGACGACGCCCGACCACCACGAGCCCGATGCTCGCCACGACGACCATCACGAGCCCGAGCACCGCGCCGGCGACGAGCCAGCCCGGCGTGCCGCGCGCCGCCCCCTCACTGCGTGCCGCGACGCGCGCCGCCTCTTCCGATGTGCTCTCCGCATCGCCGAGCGTCACCGCGCCGCCGCCCTCGGCGCGCCGCGCGATCAGATCCGAGAGGTCCGGCGTCCGCACCTGCACGCGCGCCTGCGCCTCCATCGACCCATCACGCGCGACGATCGTGAATTCACCCTCGCCCTCCGCTGCGCTCGCCGCGGCCTCGAAGCAGCTGCCGCGGAGCTGTCCCGTCGCGCCCGGCGGCGTGCGGAGCTCGAGCCGCGGCGATCGCCCGCGGATCGCGCATCCGTTCGCGTCGACCACACGCGCGCTCAGGCACACGCGACCGCCCGGCTCGAGCGTCGTCTGCGCCGGTCGCAACGAGATGCGCGCGGGCGCGCCCGGGGTGCACGCGGGCTCGCGCTCCGGCTCGGGCGTGGGCGTCGGAGTCGGCTCGGGCTCGGGCGTCGGGCTCGCGCCGCCGGTGCGCTCGAACGTCTGCGTCGACGTGATCGTCGCGCGGCACGACGACTCGTTGAGCTGCCAGTCGTAGCGGCTCACGTCGCGGAACTCGATCCGCTCGGTACCCTCGGCGCGCAGGGTGTACTGCCCGGTCTCGGCGCGCGGATCGTCGTCCGGCGTGCGGCAGACGATCCGCCACGTGCCCGACTGGAAGCTCGACGACACGCGCCGCACCGACGCGTTCTCGCTCCAGCAACCGCGCGTGCTGCGCGCCGGGCGCCCCTGGAACGTCAGATCGTCGCCCGACTGCGTGACGTGCACCGTCGATCCACCGGGCACCGTCGTCGACTCCGGGCGCGGCCCGCAGTCACCGCCCCAGCTCTCGACCTGCACGTCGATGCGCATCGGCCCGGCGCGCCAGTCGCCCTCGTAGGGCCCGTCCGCACGCGCGCTCGATGCTGCGCTCGCGATCACGACGGCCGCGACCAGCGCGACCCAACCCCGACGATCCCCGACGCTCACCGGGGCGCAACATACCAACGTTCGACCGACGGAACACGAAACCGCGCGCAGCTCACGCCGCGCGCGGTCCCGTTCGAGCGCTCGAGAATCGGCTCGCCCGCCGTCCCCTACCGTCCGCGCGCTTCGCGCGCTCCGGTCCGGGACCTGCGGGACGAGCACTTCGGCAAAGGGCTCAGCCCTTCGCCTTCTGGATCTCGCTCGTCAGCTCGGGCACGACCTGGAAGAGATCGCCTACCAGGAAGTAGTCGGCGACCGACGCGATCGGCGCTTCCTTGTCCTTGTTGATCGCGACGATCACCTTCGAGCCCTTCATGCCCGCGAGGTGCTGGATCGCGCCGCTGATGCCGATTGCGAGGTAGAGCTTCGGCGCGACGACCTTGCCGGTCTGACCGACCTGCAGATCGTTCGGCACGTAGCCCGC
NZ_CP070225.1_gap104	4558721	4563681	4960	TTCGGCACCGTCGACTCGTTCCTCGTGTGGCGCCTCAGCGGCGGCACCGCGCACGTGACCGACGTGACGAACGCGTCGCGCACCCTGCTCTTCGACATCCACCGCCTCGCGTGGGACGACGAGCTCTGTCGTCACCTCCACGTGCCGCGCGCGGTGCTGCCCGCGGTGAAGAGCTCGAGCGAGGTCTACGCGCGCACCAAGGGCCTGCGCGTGCTCCCCGACGGCATCCCGATCGCGGGCATCGCCGGCGATCAGCAGGCCGCGTTGTTCGGCCAGACGTGCTTCGAGATCGGCGACGCGAAGTGCACCTACGGCACCGGCGCGTTCCTCCTCGTGAACACCGGCGAGCGCGCGCCCGAGTCGCAGAACGGCCTCGTCACCACGGTCGCGTGGAAGCTCGGCGATCAGGTCCGCTACGCGCTCGAGGGCTCGGCGTTCGTCGCAGGCGCCGCGGTGCAGTGGCTGCGCGATCAGCTCGGCATCATCAAGAGCAGCAGCGACATCGAGGGCCTCGCCGCGAAGGTCCAGACCAGCGGCGGCGTCGTGTTCGTGCCCGCGCTCTCGGGCCTCGGTGCGCCGCACTGGGACCCCGAGGCGCGCGGCACGCTCTTCGGGCTCACCCGCGGATCGAGCGCCGCGCACATCGCGCGCGCCACGCTCGAGGGCATCGCGTTCCAGGTCGCCGAGCTCGGCCGCGCGATGGAGGCCGACATGGGCCGTCGCATCGCGCGCCTGCGCGTCGACGGCGGTGCGTCGCAGAACGAGCTGCTCATGCAGTTCCAGGCGGACGTGCTCGACGTCGCGATCGAGCGCCCCGCGAACACCGAGACCACCGCGCTCGGCGCGGCCTACCTCGCCGGCCTCGCGGTCGGCGTGTTCCCCGATCTCCAGGCGATCGAGCGCGCGCATCGCACCGCGCGGCGCATCGAGCCGGGGATGCGCGAGGGCGAGCGGCGCGAGCACCTCGCGCGCTGGAACGACGGCGTCCGACGCGCGCGCGGGAAGCTCGTATGAGCGCCGATCGCACGAGGAACCGCCTCGCCGATGGGGTTGTCCGAGCCCTCGGCGGGGACGAACAATTGAACGAGGGGCCGGACGCCACTCACCCGGCGGCCTCGTTCGGGGTACGATGCGGATCGAGCGCGTGATGAGCCGGGACGACCACGACACCCGAGACGAGAAACCCGCGACCGCCGTCGCGCCTGGTACCCCGATCCGTCAGGTCCCGATCGCGTGGGAAGCGCTGGAGGACGCGTTCGAGAACAACGCGCCCGAGGTCCACAGCTACCTGCACCTCGAGACCGGCGAGGTCATTCGCATCGTCGACGGCATCGCCGATCCGCAGATGCACCAGCGCGTGATGAACGACACGACCTATCTGCGGGTCGAGCCGGTGAGCTCGCGCGAGCAGTACCGCTGGATGGAGCGTTTCATCGCGACCGTCGAGGAGAGCGAGTTCCGCGACAAGCTCGTCCAGGCGATCGACGGCAAGGGCGCGTTCCGCCGCTTCAAGGACGTGCTGATGAGCTACCCGGTGGATCGCGAGCGCTGGTTCGCGTTCCGCAGCGAGCGCCTGCGCTCGTGCATGGAGGGTTGGCTCCAGGCGCACGCGATCGAGGCGGTGCAGCGCCAGCAGTGGCGCGTGCCGACCGCGGAAGAGGTGCGCCCCGCCGCCGAGGAGAGCGACAAGCCGGCGCGCCGCAACCGTGCGGCGATCGCCGAGGCGCATCGCCGTCGTCTGCACGAGCTCGCCGATCAGCTCCCGGCGCGCGAGCTCGACGCCGCCGTGGCGTTCCTCGAGTTCCTGCGCGAGCGCAAGCACCTGCCGCGTCCGAAGGCGAAGGGCGAAGGCACGCTCGAGGCGGGCGACACCACCGCGTCGGGCGAGACCGCGCTCGACCTCGCGTCCGACGCCCCGCCGCGTGGGCCGAACGGCACGAACGACGAACGTGCGGACGAGCCGCAGGCCTGACGCGCCGCGGCTGCTCGCGGCGAGCGCGCTGCTGCTGCACGCGCTCGTCGTCGTCGCGCCTGCGCGCGCGCAGAGCGACCAGGTCCCGCACGCGGTCGACGGCATCGTCGCGATCGTCGGCGGGCACACGCCCTCGCCCACCACCGACGTCGTGCTGCGCAGCGACGTCGAGCTCCGCGCCGTGCTCGCGCTCGCCGCGCGCACCCACGATCCCGCGCCCGCCGAGCTCCCGCCCGAGCTGCTCGCGGCGACGCTCCAGGAGATCGTCGGCGAGCTCGTGATCGCGCGCGAGGCCACGCGCCTCCACGCGCCCGAGCCCACCGACTCGCAGATCGATCGTCACCACGAGGAGCTCGTGCGCTCGGTCGGCGGCGAAGAGCGCTTCGCGCGCCTGCTCGAGCGCCACGCCTTCGCGGTCTCCGAGATCGACGCGATCACGCGCCGCCGCGCGCTGGTCGACGCGTTCCTCCGCGCGAACCTCGAGGGCAGCACGCTGATCTCCGACGCGCGCGTCGAGGAGACCTACGCGAGCGGTGATCACCCGTTCGCCGATCGCCCGCTCGACGAAGTGCGCGAGCCGCTGCGCGCGTGGCTCGCGCAGACCGCGCTGCAGCGCGACGTGCGTCGCTGGGTCGAGGTCCTTCGGAGTCGCACGCCGGTGCGCGTCGTCGTACCTTTCGCCGCCCTCTTCGAGGAAGACGCCGCGGATCGCGGCGTCGAGGAGGCGGAGGAACGAGGAGATGTCGGCTCCGAGCGGTGAAGGCGACAGCCTTCGCGTGGTCATTGCAGCGCTGACCGGGAACCTGCTGATCGCGATCAGCAAATTCGTCGCGGCGTTCTTCTCGGGCAGCGCGGCGACGCTCGCCGAGGCAGTGCACAGCGTCGCCGACACCGTGAACCAGGTGCTGCTGATGGTCGGCCTGCGTCGCGCCGCGCGCCGCCCGACGTTGCTGCATCCGTTCGGGCACGCGGTCGAGAGCTACTTCTGGCCGTTCCTCGTCTCGATCATGATCTTCCTCCTCGGCGGCGCGTTCGCGATCTACGAGGGCATCGAGGATCTCCACGAGCTCTTCGCGGGGCACCCCGTGGAGCCGCCCGGCTCGCGCATCTGGAGCTACGCGGTCCTCGGCACCTCGTTCGCGTTCGAGAGCTACTCGTGCTTCGTCGCGGCGCGCGAGTTCCAGAAGATGCGCAAGGGCCGGAGCGTCTGGGAGACCCTTATGCACGCGAAGGATCCGACGATCCCCGTCGTGCTGATGGAGGACACCGCGGCGCTGCTCGGCCTCGGCATCGCGCTCGTCTCGGTCGCGCTCAGCCACGTGACCGGCTGGAGCGGCTTCGACGCGATCGGCTCGCTGCTGATCGGCTGCGTGCTCGGCGGGGTCGCGTGGGTGCTCGCGCGCCGCACCCACTCGCTGCTCCTCGGCGAAGCGGCGAGCCCCGAGGACCGCGCGCTGGTCGAGACGATCGCGCGCGAGGTCCCGGGCGTCGACGCGGTCACGCAGCTGCTGTCGATGCACCTCGGCCCGCAGCACGTGCTGCTCGCGCTGAAGGTCGGCTTCGATCGCAACCTCGCGATCGAGGGGGTCGAGGCCGCGATCGACACGCTCGAGTCGCGCATCCGCGAGGCCCTGCCCCACATGCGCTTCATCTTCGTCGAGCCCGACTCGGACTATCTCCTCGAGCGCGATCCCGAGCGCCCGGTGCCGGTCCGCGGCTTCACGAAGTGATTCGGATCGAAGCCATGACCGCGCGCGATCTCGACGAGGTCGCGGGGATCGCGCGGAGCGGGTTCGAGCACGCGTGGACGCGCGATGCGTTCGCGGACGAGCTGGCGCGCGACGTCGCGCACTGCCGCGTGGTGCGCACCGAGCCCGGAGGACCGATCCGCGCGTACGCCGTGTGGTGGCTCGTCGCCGGCGAGCAGAGCCTGCTCACCGTCTCGACTGCGCCCGACGCGCGACGCCAGGGCCTCGCGCGCGCGCTGCTTCGCGAGATGCTCGACGAGGGCCGCGCGCACGGCGCCGACGCGTGCTTCCTCGAGGTCCGCCCCTCGAACGCGCCGGCGATCGCGCTCTACCGCAGCCTCGGCTTCGAGCCTTTCGACGTGCGCCCGCGGTACTACGACGATGGCGAGGACGCGTGGATCCTGCGCGCGCCGGTCGCGGACCCGCGATGAGCGACGCGCGCAGGGAGCGTGTGACCGACTGCCCCGCGTGAGGCGAATCGCCGCGACGTGTGATTGCGCTGGGGACACCCGAATATCCGTCGCAGGCGTGAGATTCCGCCGTCGCCTGAAACGGCACATCCGTTGCTGAACAGGAGCCCGCGACCGCGATCGTCGCGTCTGCCGGGGGGCTGACGCGCGAACGCGTGCCGCGCGTCGTGCTCGTGCGTCTCGCTCACATCGGGCGTGCGAGCACGACGCGCGCGCTCGCCGCGACCCGCGGCGAGGCGCGGACGTCTGCGTCGACCGGAGGACAGAGCATGAACGCGAGCCTCGCTGCTCCCGACCATCCCGCGCGCATCGGGCCCTTCCCGGTGCTCGCGCGTCTCGCGTGCGGAGGCATGGCGGAGATCTTCCTCGCCAAGCGCACGTGCGTCGGCGGCTTCGAGCGGCGCGTGGTCGTGAAGCGGATGCTCCCGCACCTCGCGCGCGATCCCTGGCTCGCCCACGCGCTCGCCGACGAAGGTCGGGTGATGGCGCGGCTGCGTCATCCCAACGTCGTCGCGGTCGAGGAGCTCGGCCACGACGACGTGTCGCTCTACCTCGTGATGGAGCACCTCGTCGGCGCGAGCCTCTCGGCGATCGCGCGCGGGATGCGCGCCGCGAAGGATCGCATGCACCCCGCGCTCGCGATGCACGTGGTGGCCGAGCTCTGCGCCGGCCTGCACGCGGCGCACGAGCTCCGCGACGAGAAGGGACGCTGGCTCGCGCTCGTGCATCGCGACGTCTCGCCGCACAACGTGTTCGTCACCGCGTTCGGC
NZ_CP070225.1_gap105	4568380	4568921	541	GCGACTACTTCATCAACAAGACGCCGGTCCGCCTGATGGACGTGACCGAGCTCTTCCTCGGCACCGGCATCGGCGCGAAGGCCTACTCGATCATCGAGCAGGGCAAGATCGGCTACATCGTCAGCGCGAAGCCCGAGGACCGCCGCGGCCTGATCGAAGAGGCCGCGGGCATCACGAAGTTCAAGGCCAAGAAGAAGGCCGCCGAGCGCAAGATGGACGCGACGCGGCAGAACCTGCTGCGCATCGGCGACATCGTCGCGGAGATCGAGAAGAACCTCGCGAGCCTCAAGCGCCAGGCCCAGAAGGCCGAGCGCTACAAGGCGTACCGCGCCGAGATTCGCGACCTCGAGCTGCTCGTCGCGTCGCATCGCTGGATGGAGCTCACGGTCACGCGCCGCGTGATCGACGAGGAGCTCACCCACGCGAGCGGCGCGCTCGAGGGTCATCGCTACGCGCTGCGCATCCGCGAGGCCGAGCTCGAGGGCGAGCGGCTCGCGGTGCAGCGCGCGGAGACCGAGGTCGAGCGCGCCCAGCGCGTCTC
NZ_CP070225.1_gap106	4597895	4601531	3636	GCTCGAGCGACGCACCTTCGTCGGCGAGGGCGACGAGGTCACCGCGACCACCGCGAGCGAAGCGCCCGACGTCGAGCGGGTCGCGCTCGCGCGCATCGAGAGCCGCCGCCTCGCCGCCGCGCTCGAGACCCTCCCAGAGGGCATGAGGCTCGCGGTCGTCCTCTTCCACGTGCACGATTCGACGTACGAGGAGATCGCGACCGCCCTCGAGGTCCCGATCGGCACGGTGATGACCTGGCTCCATCGCGGCAGGAAGCGGTTGCGCGCAGCGCTCGAGAGCGACACGACGACGGGAGGCGCGCCGTGAGCGGAGATCGTCGTCCCACCGAGTCGGAGCTCGAAGCGCTCGCGCACGGCCGTCGCGATCTGGTGCGCGACGAGATCGCGCGCGCAGTGGACGAGGACGCCGCGCTCTCCGCGTGGCTCGAGCGCGAGCGCGAGGACGCCCGCGAGACCTCGGTCGCGCTCAAGCGCGCGGCCCCCGAGATCGACGACTTCGACGCGCTGATCGCGGGCGCGATGAAGCACGCGCCGAGCGAGCACCCGAGCCCTTCGCGCGCGAGCCTCTGGACCGGCGCCGCGATCGGCACCGCGGTCGCGCTCGTGTCGGGGCTCGCCTCGGTGCTCGCGAGCGCCGAGCCCACCGTGCTCGCGCGCGAGGCGTGGTCCGATCTCACCGCGATCGCGCGGCTCGGCGTCACGCTCGCGACCGCGCTCGATCGCATCGCGGCGATGCTCCCCGGGGGCTGGGCCGCGATCGCGGCGATCGGGCTCGCGTTCTTCGCGCTGCTCGCGCTCCCGCTGCGCGCGATCGCGGGCGGCGGGTGGTCGCGCGCGCCGTCCTCGGCGGCGCTGATGCTCGCGGTGCTCGGCGCCACCACGAGCGCACACGCCTACGACCTCGAGGGCGCGTGGCCCGAGCCCGACGTCACGGTGTCGGTCGACGTCGAGCGCACGCCGCTCTCGGAGGCGCTGCGCCAGGCGCTCGCGTCGGCGCAGCTCGGGCTCGCGTACACGCTCCCCGACGATCCCCAGGTCACGCTGCACGTGCGCGACGCGCCGCTGCGCGAGGTCCTCGACGCGCTGCTCGCCGACGTGCCGGCGCGCGTGCGGCACAGCGGTCACCTGCTCGTGGTGCGTCCCGCCGTCGAGTCGCCGCAGGCGATCGCCACGACCGCGCCGAGCCCTCCGCCGCTCGTGCTCCCGCCTCCGCCGCCGCTCCCCGCGGCGCCGCCCGCACCGCCGCCGCCGGGCGACGAGCTGCGCGACCTCGTCACGTTCGGAGGCGATGCGCGCGTGCTCCCCGATCAGCGCGTGCGCGACGTCATCACGATGGGCGGCAACGCGCGCGTCGAGGGCCAGGCGTTCGGCAACGTGGTCACGATGGGCGGCGACGCCGACGTGCGCGGCACCGTCGTCGGCGACGTGGTCACGATGGGCGGCGACATCCACGTCGCGCGCGGCGGTCACGTGCACGGCCAGCTCAACGCGATGGGCGGCAACATCGCGGTCGACGAGCCGGTGCGCGATCACCAGGGCTCGATCTCGCTCTCGGTGACCAGCGCGCCCGACACCACGCGCGCCGCCTCGCACCACGACGACGACGAGAGCCGCGGATGGGTCGGCGAGACGCTCGAGGCCGCGATGCGCCACGCGCTGCTCTTCCTGCTCGGCCTGGTGTTCATGGGGCTCGCGCCGGCACGCCTCTCGATGCTGCAGAGCACGCTCGTGAAGCAGCCGCTGCGCGTGCTCGCGTCGGGCTTCCTCGGCGTGATCGCGGGCGCGGTGCTCACGCTCGTGCTGGTGATCACGATCCTCGGCATCCCCGCGGCGATCGTGCTCGCGCTCGGGCTCTTCCTCGGCGCGTACCTCGGGCTCGCGGCCACGGCGTCGGTCATCGGCGCGGCGCTGCCGATCGCGGCGCTGAAGGACCGACCGGTGCTGCAGCTCGCGGTCGGCGTCGCCATCTTGTTCGTGGTCTCGCGCGTGCCGGTGATCGGCGGACTGCTCGTGGTGGGCGCGACGCTCGCGGGGCTCGGAGCCGTGATCCTCACGCGCGGTGGGGCGCGGGCCATCGTCGGCGAGATGCCGATCGCTCGCTAGCCGAGCCTCGGAGGCTCGGTCGGCAGCCCCGAGACCTGGCGGGGCAGTCCCTCGCTGTGCTCGATCGGAGACATCGAGGCCTGGCTCTGCCGTCCCTCGCCGTGCTCGATCGGAGACATCGAGAGGCTCGATCTTCGTCGCCATTCGCGGGCGTCGCGAAGACGCGTGTTTTCATTGTGTTTTCCGCGCACGGCATCGCGCGAATCGGCCTCCGGTCGATCGAAATCTCGTGAGACGCGCGCGTCGCGCGCCGGAATTCGTGGTCGACGCGCCGCGAGTGACGTGCGACGAGCGTCGTTCATGCCGAAGAAGGCCTCGAATGCTCCGGTTCTGTCGCGACGCGCGGTCGGTCGCGCGACGCTCGCGCGTCAGATGCTCCTCGAGCGTGAGAAGACGAGCACGCTCGACGCGATCGAGCGCTTGATCGGCGTGCAGGCGCAGCTCCCGAGGCCGCCCTTCGTCGGGCTGTGGTCGCGGGTCGAGGGCTTTCGTCGCGAGGACCTCGCCGATCTGCTGCGACGACGCGAGGTGGTGCGCGCGACCTCGCTGCGCACGACGCTGCACCTGATGAGCGCGCGCGACTACGTCGCGCTGCGCGGCGTGATCGCCCCGGTGCTCGCGCGCGCGCTCGCGTCGATCACGAAGGCGCGAGGCGCGACGCTCGACGTCGATCAGCTCGTCGCCGAGGCGCGCCCGTTCTTCGCCGCGGAGCCGCGCGACTTCGAGGCGGTGCGCGCGCACCTCGCGGCGCTGCATCCCGACGCCGACGATCGCGCGATGGGCTACGCGATCCGCACGTCGCTGCCGCTGGTGCAGGTGCCGACCGACGACGCGTGGTCGTTCCCGGCGCAGGCCGACTTCGCGCTCGCCGACGCGTGGCTCGGCACGACGATCGACGCGCGAGAGACGGCGCCCGACGCGCTGGTGCGTCGCTACCTCGCGGCGTACGGCCCGGCGAGCGTCGCCGACGCGCAGGCGTGGACGGGCCTCGGTGGTCTGCGCCCGACGTTCGACGCGATGAAGGACGAGCTCCGCGTGCTCGCCGACGAGCGCGGCCGCGAGCTCTTCGATCTCGAGGACGCGCCGCGCCCGGGCGAGGACGCGAGCGCGCCGCTGCGCTTCCTGCCCGAGTGGGACGGCGCGATCGTCGCGCGCGCCGACGAGCGCTTCGTCGCGGCGGAGCACCGCCAGCACGTGTTCCTCAGCGCGCTGCGCGTCGCGCCCACGGTGCTGATCGACGGCGTCGTCGCGGCGACGTGGAAGATCGATCGCAAGAAGACGGGCGCGACGCTGACGGTCACGCCGTTCGACACGATCGCGAAGAAGGTGCGCCCCGAGCTCGAGCAGGAAGCCGACGCGCTCCTCGCGTTCCACGAGCCCGACGCGCCGAAGCGCGAGCTCAAGATCGCGAGCCTCTGAGCGCTTCAGTAGTGCCCCTCGGCGATCTGCGCGGACGTCGCGGGCCGTCCGGACGCACGCGCACGCGTCAGCCGCGCTCCGCCCCCTGCGTCACTCGGTGACCGAGATCCCCCA
NZ_CP070225.1_gap107	4604902	4608968	4066	TCGCGCACGCGATCCATCGATGGAGCGCGCGGCGCGATCGGCCCTTCGTCGTGGTGAACTGCGCGGCGATCCCCGAGGGCCTGCTGGAGAGCGAGCTCTTCGGGCACGACCGCGGCGCGTTCACCGGCGCGACGCGGGAGCGCAGCGGACGCTTCCGCACGGCGAACGGCGGGACGCTGTTCCTCGACGAGATCGGCGAGCTGCCGCTCGAGCTGCAGGCGAAGCTGCTGCGCGTGCTGCAGACCGGCGAGCTGCAGTCGGTGGGCAGCGATCGGACGATCAAGGTCGACGTGCGCATCGTCGCGGCGACGCACGTGGACCTCGCGCGCGCGGTGGAGGAAGGACGCTTCCGCGAGGACCTCTACTACCGGCTCGACGTGTTCCCGCTGCGTCTTCCCGCGCTGCGCGAGCGGCTCGAGGATCTGCCCGCGCTGTGCGAGCACCTGCTCGCAGACCAGCGCGCGCGCACGGGACGTCGCGGCGTGCACGCGACGCGCGAGGCCATCGAGGCGCTCGCGCGACATCGCTGGCCGGGCAACATCCGCGAGCTCGCGAACGTGCTCGAGCGCGCGGCGATCCTCAGCGCGAGCGGGGCGCTCGGTCCGGTCGATCTCGGGATGAGCGAGCGCGCGCCGGTGAGCACGAAGAAGGCGCGCGGCGGCGACGGAGAGCTGGTGTCGCTCGCGGAGAACGAGCGACGGCACATCGCGGCGGTGCTGCGCGCGACCGAGGGGCGCATCTACGGCGAGCGTGGCGCGGCGAAGATCCTCGGCGTGCCTCCGAGCACGCTGCAGTCGCGCATGAAGAAGCTCGGACTGGACCCGGCGGGCGCGCGGTAGCTGCTACAACGGCGCGGATGAGCTTCGGAAAGAACCCTCACGTCGCGAAGGCAGAGGCGGCCGTGCAGAAGGCGGAGGCCGCGCGGGACGGCGATGCGCGCAAGCGCGCGTACCTCGAGGCCGCGCATCTCTGGGAGCGCGCCGCGGAGCGCGAGAAACCGGGCAAGAAGCGCGACGAGTACCTCGCGAACGCGGAGCGCGATCGCGGTCTCGCAGAAGGCGACGAGCGCGACGAGGCCGAGATCGAGACGGCGAAGGTGATCCCGTTCCGACCGCGAAAGAGCGAGTAGCGCGCGATCAGCCGCGCGCGCTACACGGCACCGGAAGGAGCCAGATCGCGCGGCCGTTCGCGCCCTCGAGCGCGCGCTCGAAGGGGCATCGGGCGTGCGCGAACGGGCACGCGAAGTCCGCGGGGATCACGCCGGTGCGCGCGACCTCGCGGGCCGTCGCGTGGGCCCGACAGATGTGGAAGGTCCGGTGCACGAGGAAGAAATCCACGTCCTCGTGCGAGTTGATGTACTCGGTGAGATCGCGGGTCCACATCGCGTTCTCGCGGTGCGTCTCGGGATCGACGAAGTACGCGCGCAGCTGGATCGGCAGCTCGTGCCACTCGGTCCTGCCGCGCTCGTCGACGGTCGCGTAGTACGCGGTGTCGTCGGAGCGCGCGTCCCAGAGACGCGCGAACTCGTCGCGCGCGTCGTCGTCGAGCTCGGCCCACCAGGCCTCGACGGTCTCGCGCTGCGGCGCGCTGAGCGTCGCGGTGACTCCCTCGGGCAGCGATCGCGTGCGCACGGCGCGATGGTAGCTCAACGCGACGTGGGCACGACCAGCGCGACCTGGTCAGCCGGTGCGTGGCGGAGCAGCACGTCGGCGATCGCCTCGCGCGGGAGCGCGAGCGCGAGCAGGTGATCGCGCACCTCGGAGAGCAGCATCGCGCGCCCGAGCAGCGACGCGACCATCCGATCGACGCTCCATCCGTGCGCACCGAGGAGGCTCAGCGCGGCACTGGATCGCACGCCGTTCTCGAGCAGCGCGCGCAGCACGTCGTCGTCGCCGTAGCCCGCCTCGTGCAGCGTGCGCGCGATCTCGGGCGTCGGCGTGGGCGGGTCGCGCTCGACGAGATGGAGCGCGACGGCGCTCGCGCCGAGGCCGTGACGGCGCAGGAGCGGCGCCCACGCCGTGACGTGCGTGCGCGCGCTCGCGAAGGGGATCCCGTCGCGCACGGGACGCGATCCCTGCGCGCACAGCCGCGCGTAGACGTCGATCAACGCGAGCTCCGTGTCCTGCTCCCGCGATATGGCAAGAGCGTCGACGAGCCGCGATGCATCCGGTCCGACGTCCTCGAGAGCGCGCAGCACTTGGCTCGGCTCCCAGCGGACGTGCACGCCACTCGGGGCACGGTCGCCGAGCGCGAGCAGGAGCTTCGCCGAGTCGAGCGCGGTTCGCCGCCGGAACGCTGCTTCGACGAGGCGCACCCTCTCGCTGTCGATGATCGCATCGTCCGTGACGAGACGTGCGAGCTCCGCCGTCGGCGCGTCGCGCTCGATCGCGGCCCACGCGGCGCGCACCGCGCGGTGTCGCGCGACGTGACGGGCGACATCGGTGCCGCAGAACCTCGTGGTCCGGTCGAGCACACGCTGCGCGCGCTCGATCGAGCCGCAGTGCTCGACGAGCGCGACCACGCCGTCAGGGACGTCCCACTCCTCGTCGTCGAGGAAGATCCATCCGCTCGCGTCGCGCTCGAACGGGATCGCTTCGAACGCCGATTCCAGCGCGAAACCGGCCTCCTCGGCACGCGCGAAGTAGCGCTCGAGCGGCTCGTCCGCCTGGAGCGTCGCGATGAGCAGACGTTCGAGCTGCATGCGACGAGCGTAGCCAGCGACCGCGTCGCATGCTCGCGTGATGGACTTCCTCCCACTCCCACGCGGCGCGACGGGGCTCCGTCACGTCCGCGACGAGCCCTTGCCCTTCATCACGCTCGACGATGCGCGGCGCGCGATCGGGACGATGCTGGCCCCTTCGGGCGCGATCACGTTCGAGCCCGATCCGAAGCCGTGGAGCGTGAAGAGCTTCTACGATCTCCGCGTGCGTCAGCGGGCTTCGACGCTGCGCGTGCTCGTGCACCGCACGCATCCGTGGATCGTGTTCGCCGACGCCGGCCTGCGCTTCGTCGCGCCGCCGCGCGATGCGCTCCCGCCTTCACCATTCGTGCTCGTGCCGCTCGAGGTCCTCGGACATCCCGCGGACGCTGCCGCGCTGTCTCGGCTGGCGCGCGCCGAGATGCAGCAGGTCGCGTACTGGAAGCCGCGCACCGTGGGCGACGTCGTCTTCCAGCACTGGGACTGAGATCAGAGCGCGTGCAGCACGTGGTTCGCGGGGATCTCGAGCTGGGTCACCGGCTCGAGCTCACCGATGCCCGTCTGCTCGTCGACGTCGGCGCGCAGCACCTCGAGCACCTCGCCGTTGCGACGCACCACCACGATCGCGCCCTGCCCCGCCCACCAGCACCGCGCACGCAGCAGCGCGCCCTCGCTCGCCTCGTCGTTGAAGCACGCGCCGACCTCGGTGCCGATCGCGACCGTCTGGATCGGCTCGTCCTCGCAGATCAGCACGAGGCCGATCGCGGTGCGCGGCATCTCCTCGTCGCTCGTCTGCGCGACCTCGGGCTCCGCGAAGCGCAACGCGGCGGTGCACTCGCGCCGCGGCGCGTCCTCGGGTGTCGTGGTGCCGACGTTCGTCGCGCCGCCGCACGCGGCCAGGAGCGCGGCCACCGCGATCATCCACGCCCGCACGATCACTCGTCTCCCGCCGCGATGCCGTAGCTGCGCAGCTTCCGCTGCAGCGTGCGGCGATCGATCCCGAGGCTCGTCGCGGCCTTCGTGATGTTGCCGCCCATGCGCGCGAGCGTCCGCTCGATGTGCGTGCGCTCGAGCTCGGCGAGGCTCATCTCCTCGTCGCTCGACGCCGGCGCGCTCGGCGCGACCACGCGCACGGCGGGAGTCGATGCGCGGGTCGTCGTCGCGCTCGGATGCGCGAACACGCTCGCCGCGATCATCCGGCGGACCAGCTCGCCGTCGAGCACCTCGCCGGTCGCGAAGAGCGACGCGCGGCGCAGCACGTTGAGCAGCTCGCGCACGTTGCCCGGCCACTCGTAGCTGGTGAGCGCCTTGATCGCGTCGGCCGCGAGCTGCCGCGGCGCGCCGCCGATGCGCTCGAGCAGGTGCACC
NZ_CP070225.1_gap108	4619325	4623004	3679	TGCCGCGCGGGCTGCAGCGCGTGCTGTCACGCCGAGCTCTCGGTGTGCGACGTCGAGGCCGCCCTCGTGCGCGAAGGGCTCGCCGTGCTCGACGACGCGGCGCGCGCACACATCGCCGAGCGCGTCGACGTGCACGACGGTCGCTGCGTGATGCTCGACCACGAGGGTCGCTGCGCGATCTACGACGCGCGACCGCTGGTCTGCCGCACCCAGGGCCTGCCCCTGCGCTACCCCGACGGCGTGATCCCCGAGGCCGCGATCATGGCGCGCGGCAAGGGCGCGAACGGCGGTGCGCTCACCTGGTGCCCGCTCAACTTCCAGGGCGACGATCACGCGCCGCGCGCCGAGGACGTGCTCGACGCGGAGCGCGTCGACGCGATGCTCGCGCTCTCGAACCGCGAGCACGGAGGCGACCCTTCGCGACGCACCTCGCTGCGCGCGCTCGCGCGCGAGATCACGGCCGAATTGAACGAGGGAAACGCACTGTGCTAGCGTGCCGGCCCCGATGCGGATGGGCTCCGAGGAAGGCAGCGTGATGGCGAGCGAGGGCGATGCGGCACCTTCTTCCGGCCGCGCCCAGATGAGCGCCCCCCGCGCCGGAGCTGCGCGCGCCGAGCTCACGCTGCGCGACGGAGCGCGCGTCGCGATCGAGGTGCTCGACCACGACGACGCGGATCGCCTCGCGAACCGCGGGCTCGCGGCGGCGACGACCGAGATCGAGCGCGCGCTCGGTCATCGCGAGGAGCCGGTCTCGCACCACCCGAAGATCGTCGGGCGCAGCGCGCCGATGCTCGCGCTCTTCCGCATGCTCGAGCGCATCCGGAACAGCGACGCGACGGTGCTCGTGCTCGGCGAGAACGGCACCGGCAAGGAGCTCGTCGCGCGCTCGATCCACGATCAGAGCCGCCGCGGCAACAAGCCCTTCGTCGCGACGAACTGCAGCGCGTTCAACGACAACCTGCTGGAGAGCGAGCTCTTCGGGCACAAGCGCGGCGCGTTCACCGGCGCGGTGAACGACAAGCCGGGCCTCTTCGAGGTCGCCAACGGCGGCACGTTCTTCATGGACGAGGTCGGCGACATGTCGCCGGGCATGCAGGTGAAGCTCCTGCGCGTCCTCCAGGAGGGCGTGTTCATGCCGGTCGGCGGCACCGAGCCCAAGCACGTCGACGTCCGCATCATCGCGGCGACGAACCGCGATCTCGCGTCGATGGTGCGCCAGGGCACGTTCCGCGAGGACCTCTACTACCGCCTCCACGTCGTGTCGGTGCGCGTGCCGCCGCTGCGCGAGCGTCGCGACGACGTGCCGGTGCTCGTGAGCCACTTCCTCGGGAAGCTCGGCAAGCGCGACAAGCGCGAGAAGCTGCTCACGCCGCGCACCCTCGAGCGCCTCGTCGCGCACGAGTGGCCGGGCAACGTGCGCGAGCTCGAGAACGAGATGGAGCGCCTCTGGGTGCTCTCGGGCGACGATCGCGTCATCGACGAGGACCTGCTCAGCCCCGCGATCGGAAAGCGCCGCGCGCCGATCGCGCCGCAGCCCGCAGCCGAGCCCACCGCGCCGATCGCGACCAGCGCCGAGCCGGTGACCGCGGGACCGCCGCCCTCGCTGCCCGACGCGGTCGAGACGCTCGAGCGCCGCATGATCACCGAGGAGCTGCGCCGCGCGCGCGGCAACAAGACGAAGGCCGCGGAGGCGCTGGGCATCAGCCGCCGCAACCTGATCCGCAAGGTGCAGGCGTACGGGCTCGAGGACGCGGGCAAGTCCCGCCCCGGCCCGCGTCCCTGAACGACGGAGAGGCGCTCGCCCGTGAACGCGCTCGTCCTCATCGCAGAGCCGGATCCCTTCAACCTCCGGCTCTTGCAGGAGGTCTGCGAGGCCGCGGGGCACGAGGTCGTCACCGCGCTCGAGGGCGGCGCCGCGCTGGATCTCGTCGCGCGCAAGCGCCCGGACCTCGCGCTGATCGACGTGGGGCTGCCGATGCACGTGCCCGCGCCCGTCGCGCTGCCGAAGGGCGACGAGCCGCTGGGTGGGCTCGAGGTGCTTCGCGTGCTCAAGGCGGATCCCGAGCTCAAGGCGATCCCCGTCCTCGTCACCACGCCCGCCGACGACGTGGAGAGCCGGCGCGCGTCGATCGTGCTCGGCGCCGAAGACTACGTCGCGCGCCCCTATCGCGTGTTCGAGATCCAGCAGCGCATCCGCAACGCGCTGCGCCGGGTGATCGCCGAGCGCCGGCTGCTCTCGCTCGGCGACGAGGAGCTGCTCGATCCGCTCACCCGCGCGGGCAGCGCGGCGCAGATGCAGATCAGCATCGAGTACGAGATGACGCGCGCGGTGCGCTACGGGCATCCGCTCTCGTGCGTGAGCCTGCGCGTCGCGGGGCTCGGCCGCGTGATCGCGGAGCTCGGGCGCGAGGCGGGCGACGGCGTGCTCGTGCAGCTCACGCAGGGCGTGCGCGGCTGCATCCGCGCGATCGATCACCTGTTCCGCGCCGATCGCGACGAGCTCGTGGTGCTGCTGCCCGAGACGAGCGCGGGCGATGCGAAGACCGTCGTGCGGCGGCTGCGCGAGCGCGAGGAGAGCGGAGGGCTCGCGGGAGCGGCGATCGGCGCGCCGCTCGGGCTCGAGATCGGCCTGGCGGGACGGCCCGAGTCGCGCGCCACCGATGGGCCCGCGTTGCTCGCCGCCGCACGCTCGACCCGCCGTCCGCTCGCCAAGAGCTGACGCTACGCGCTCACGGGCAGGTGAGGCCCATGCCCGCGAGCTGCTCGCGCACCGTCGAGATCGCCGGGTGATCGGGCGCGATCTGGCAGAAGCGCTGGTAGTCGCGGATCGCGTCGGCGCGTCGGCCGGCGCGCAGCTCGCAGTCGGCGCGTCGCTTGATCGCGAAGGGCGTCGCGCCGTGCGCGATCAGCTGGTCGAGGATCGTGATGCAGAGGTTCGGATCGCCCTCGGCCAGCGCGCGCGAGGCGAGCTCGAGCGGATCGAGCGTCGTGGGCGCGGGCTCGGGCTCCACCGGCGCGGGCTCGGGCGCGGCGGTGCGCTCGCGGCGCGTGCGACGCGTCGTCGGGCGCGGCGCTTCCTCGGGCACGTCGGGCGCGACCGGGAGCTCGTCGGCGCTCTCGGGCTCGGCCTCGTCGGGCGCGGGCTCGGGGCTCACGGGCGGCGGCGTGACGCTGGGCGCCGGTGCGCTGGTCGCCGGCGTGGGCGTCGTCGCGGGCGGAGCGGGCGCGTCGGGCGCGCGCATGTAGTGCAGCGCGGCGACCGCGATCGCCGCGCTGATCGCGCCCGCGACCAGGCCCGCGACGATCAGCAGCAGCCGACCGAGCATCGGGTTGCTCGGCGGCGCGGGCGACGGTGCGTCCCATCCGCTCGAGCTCGCCGTCGCCGACGCGCGCGGAGGCGACTGCGTCTGCTCGCGCCACGAGTCCGACGCGCCGCGCGATGCGCTCGGAGCGACCTCGGGGCGCGCGGCGACCGGCACCGCCACCGGCGACGGCGCGTCCGCGCTCGCCATCACCAGCGTCGCCGGCGCGGGCTTCGGGCCCGGCACCGACGCGCGCAGCTCGGTCTCGTCGATCACGCCGAACGCGCTGAACGTGCCCGGTCGCAGCGCATCCGACGATGCACCCGCGCGCGGCGCCGGGCTCGGCACCATCGCGCTCGCAGGCGGCGGGTGCGCGG
NZ_CP070225.1_gap109	4660922	4662340	1418	GCGCCGTTGTGCGGGTCCGCGAGGTCCTCGAGCACCGGCACCAGCGAGCGCGTGCGCCGCGACACCACGGCCTCGATGCGAGCCCAGCGCTGCGGCGTCACGAGCGGCGAGAGCACGCGCACGATCTCCGCGGCCGGCTTGGGCAGCGGAGCGAGCCCTGCGAGCTCGATCACCTCGGGAAGGTCGCGCTTCATCGCGCGCAACAGTGAAGCGGCGCGCGCGCGCCGCAACCGTCACCCTCGCGATTTGCGGCCCGCGTCGATCTCCGAGTACTGGAAGCTGTCGCTGATCTCCGTCGGGTCGTCGGGGCCCTGCACCACCGAGATCGTGAGATCGGAGAGCGTGTGATCCGAGGGCTGCGGCGCGAGCGGCGCGCGCGCATCGGGGAGCGAGCGGAACGGTCGATCCGACGAGCGCTGCGGCTTGCCGCGCACCGCGCGCACCGCCGAGAGCATGTCGTCCGCGGTCTGGAAACGACGCAGCGGATCGAACGAGAGCGCCTTGAGGATCACGTTCTCGAGCGCGTCGGGCAGGTGCGGCCGCAGCGAGCGCGGCGGCGCCGGACGCGTGTTGAGGATCTTCGCCATCAGCGCGTTGTAGTTGTCGGCGCGGAACGGCAGCGATCCCGTGAGCGCTTCGTAGAGCACGATGCCCATCGCCCAGATGTCGACGCGATGATCGACGCCGCGCTCGCCGCGCGCCTGCTCGGGCGCGAGGTAGTACGGCGTGCCCACCACCACGCCGGTCTGCGTGAGCGAGAGCGTGTGATCGTTGAGCAGCGACTTCGAGACGCCGAAGTCGAGCAGCTTCGCGGTGACGAGCCCCGCGCGCTCGTGGAGGAAGATGTTCTCGGGCTTGAGATCGCGATGGACGATGCCGCGCTCGTGCGCGGCCTCGAGCGCGCTCAGCACCTGCTCGGCGTGATCGAGCACCTCGTCGATCGGCAGCGCGCCCTCGAGCCGGATGCGCGCCGCGAGCGTCGCGCCCTCGAGCAGCTCCATCACCTGGTAGGGCGCGCCGTTCTCCAGCGTGCCCAGGTCGAACACCTCGACGATGTTCGGATGACCGATCGACCCCGCGATGCGCGCCTCGCGCAGGAAGCGGCGCTCGCTCTCGCCGCCCTTCGCGTACCCGCGCAGCAGGATCTTGATCGCGACCTGCTTGCCGATGCGCGTGTTCTCGGCGCGGTAGACGACGCCCATGCCGCCCCGCCCGAGCGGCTCGGCGATGAGGTACTTGCCCTCGAGCACCTGGCCCGTGAGCGAGCCCATCGAGCGCGTCGCCTCGGGATCGGCGTCGTTGGGATCCGAGTACGGATGGACGCTGTGGGCCCACTGATAGCCGGGGCCCGCGACCTTCGGCGGCGGCGCCGAGACGCGCTTGCGCTGCTCCGGCACCAGCTGCTTGCCGGTCACGGG
NZ_CP070225.1_gap110	4801696	4802498	802	GCTTCGTCGTGATGCTGCCCGCGACGCGCGGTGAGCACGGCAGCGACGGGCAGATCGAGATGTTCCTCGGCGAGGTCGACGACGTGCGCGCCGCGCTCGAGCACCTGCGCGCGCTGCCGGCGGTCGATCCCGAGCGTGTCGTGGTGATGGGCCACTCGGTCGGCGGGACGCTCGCGACGTTGCTCGCGGAGTCGGGCGCGCCGGCGCGCGCGTACTTCGCGTTCGGGCCCTGCGCCGACGCGCACTGGATGAACGCGTGGGGCCCCGACGATCAGGGCTGGGTCTACGATCCCCGTCGCGTCGAGGAGAGCTGGGTGCGCTCGCCGATCGCGTTCCTCGCGGGCATCACGAGCCCGACCTTCGTGGTCGAGGGCGCGAACGAGTCGCAGGCGCTCGCGGCGCGCGCGATCGCGGCGGCAGCGCCGCCCGGTGCCCCGATCCAGGTGATCGTGCCCTCGGGCGGCGATCACCAGAGCTTGGTGCGGCCGGTCGTGGATCTGCTGATCCCGCGGCTCCGCTCGAGCGAGCCGATCACGCTGAGCGCGGCCGAGGTCGAGGCGATCGCGGCCGCGCCGTGAACGATCAGTCGTCTTCGATCAGCTCTTCGGAGAGGTCGCGGACGAGCACCTTCGAGCGTCGCTTGCGGTCGTAGCGCGCGCGCCGTGCCTCGGGCAGCGCGCGCACGCCGGCGGGCTGGAAGCCGCGCTCGCGGAACCAGTCGGTCGTCTGCGTGGTGAGCACGAAGAGCGTCTCGAGGCCCATCGCGCGCGCCTTCTGCGCGGTGTACTCGACGATCGCCTCG
NZ_CP070225.1_gap111	4838128	4839193	1065	CGCGGCAGGCACCCACGCCACGCCGGACGACCTCGCGCTGGTGAAGCGGATCTTCGACGACATCGGCATCAGCGTCGTGCTCGACGAGAGCCTGCTCGACGCGGTGACGGGCCTCTCGGGCTCGGGCCCGGCGTACATCTTCCTGATCATCGAAGCGCTCGCGGACGCGGGCGTGAAGGTCGGCCTGCACCGCGACTCGGCGCAGCTCCTCGCAGCGCAGACGGTGCTCGGCTCGGCGAAGCTGCTGATCGAGACCGGCGAGCACCCGGGACGGCTCAAGGACATGGTGACGAGCCCGGGCGGCACGGCGATCGCGGGGCTCCACACGCTCGAGGCGGGCGGGCTGCGCAAGACCTTGATGGACGCAGTGGAGACGGCGACCGCGCGGGCGAAGCAGCTCGGCGAGGACGCGTCGAAGAAGCTCGGGAAGTAACGGGCAGCGGGGCGAGCGGCGAGGGGCGGGCGGCGAGCGGCAAGCGGCGGAACAGCCGTGCACGAGCACGTGGCACGTGCACGTGGACGATTCACGACGTGGTTCGACGAGCACGACGGCCAGCGCGCTCCGCATCGCGCCGAGCAGGCCGAGCCCAACCGCAGAGATCACAGAGAGCGGCAGAGATCGGAGCAGATCCCCGCGCAGCACGCTGCGCTGAGCTCGCTCCATCACCACTCGACTACGCGAGCGCTCACCGCGCGAGCGCGAGCGCTCGCTCCATCACCACTCGACTACGCGAGCGCTCACCGCGCGAGCGCCCGCGCTCCGCGCGAGCGTTCGCTCCACAACCGCTCACACCGCGGCCCTCGATCCGCTCGAACCGCACGCGCATCGCCCCCGCGCCCGCCCTCGCCCTCGCCCTCGCCCCCGCCCCCGCCCTCGCCCTCGCGCCCGCCCCCGCCCTCGCCCTCGCCCTCGCCCGCGCCCCCGCCGCGCTCCGCGGGCCCATCCGGCTCCAGTCGCGCGCGAAGCGCGCGCTGCTACCCGCGAGCGTCCGAGCCGCGCGACCAGCGCGGATCGGTCGCGAGCCTCCCCACCCTCCCCAAGCGAGACGGCAGACCCCGCGTGCC
NZ_CP070225.1_gap112	4841938	4845858	3920	GTGATCTTCGCGATGGCGCACCGTGATCGCCACGAGCTCCTCGAGCGTGGCGCGCCGTTCCATCGCCGCGAGGATCGCTTCCTCGTACGTGCTCACGCCGCCACGGCCGGATGGCGCCCCGTCACCCGCGCCGGCGGGCCCTGCACCGGAAGGGTGACCGTGAAGGTCGAGCCCTTGCCCGGCTCGCTGCGCAGCGCGACCGAGCCGCCGAGCAGCGCGGTCAGGCGCTGCACCAGCGCGAGGCCGAGACCGGTGCCGCCGTAGCGACGCTCGGGTGAGCCGTCGACCTGGCGGAACGCCTCGAACACCGCCTTCTGCTGATCGAGCGGGATGCCGATGCCGTCGTCCTCGACCTCGATCTCGACGCGCATCGGATCGCCGGAGAGCGCCCGCGCGCGCAGCGTCACGTGCCCGCCGTCGGGCGTGAACTTCACCGCGTTCGCGAGCAGGTTCACCAGGATCTGCACCAGCTTGCCGCGATCGGTGCGCATCGGAGGCAGCGGGTCGTGGGGCTCGAGCCGCACCTCGAGCGGGCGCGTGCCGCGCAGCGAGCCCACCGTCGACATCACGCTCGCGAGCACCTCGTCGAGGTCGACGTCGGTGGGCCGGTACTCCAGCTTGCCCGCGTCCTCGCGCGCCAGTGTGAGCAGGTCGTCGATCAGTCGGAGCAGGCCGAGCGCACCGCTCTTCACGTCGCGCACCGCGTCCTTCTGCTTCTCGGTCACCGGCCCGTACACGCCGCTCTCGACCAGGTCCGCGAGCCCGCAGATGCCGTGGATCGGCGTGCGCAGCTCGTGCGTGACGTTCGCCATGAACTGCGTGCGCTGGCGCTGCGCCTCGACGAGCTGCTCGGTCCGCGCGAGCAGCGTGCTCTCCTTCTCGCGCAGCTGCTTGAGGATCGCGGCGGCGAACGCGGTGGGCAGCCCGAGCACGAACGCGACGAACGCGAGCTCGACGATCACGTAGGTGTCGGTGACGCCGCCCGTGAGGTCGAGAATCGAGGGCGGCTTGTCGAGCACGCCGATGCGCACGAGCGCGAGCATCGACGCGTAGGACAGGAACGTGATCACGCTGGTCGCGACGGTGACGCCGACGTTCGAGACCAGCGCGACCACGGTGAGCTCGATCCCGTAGATCGGGAGCAGCGGGCTGGTCGCGGCGCCGGTGTGATAGATGGCGCCGGTCATCGCGACGATGTCGCCGACGACGTTGAGCCCGCAGAGCTCGAGCACGAAGCGCTCGTTGCGCAGCGCGAGCCACGCGAGCGTGTTGGTGGCGAGCTTGAGCCCGATGAGGCCGAGCATGCCGGCAGTGATCGGCACGACGCCGGTGATGTGCCCGAGCGCCGCGAGCGCGCCGAACGCGACCGTGATCGCGTAGCCGGAGTACGTGCTGAAGACGAGCTTGGCGCGATGCTGCGGAAGACCCATCTCCGCGGCGAACGCGGGCAGCGGCAGCATCGACGTCGACATCAGCGCGAAGCGTGCTCGGGAAGCGCTCGCGATGTCGAGGGCTCAGAGCGCTGTCGAAAAAATCGGCTCGCCCGCCGGTCCTACCGTCCGCGCGCTTCGCGCGCTCCCGTCCGGGACCTGCGGGACGAGCACTCCGGCAAGGGCTCAGGCCTCGCCGGCGCCGATGAGGCGCTCGACCTCTTCGAGGAGCGCGCGCAGCTCGAACGGCTTCGAGAGCCACGCCTGCGCGTGCAGATCCTCGCGGGCGTACTTGTCGGCGTGGTCGTCGCGGTAGACCGCGCTCATCAGCACCAGCGGCATCGCGCGGCCGTGCTCGGTGCGCTTCACGTCGAAGCAGAGCTCGAAGCCGTTCTTCATCGGGAGCGCGACGTCGACGACCATGAGGTCGGGGTGCGTCTCCTCGAAGCGGTTCCAGCCCTCGGGCCCGGTGGTCGCGACGGTGGTCGCGTAGCCGTGCGCGTCCAGGTAGTCCCGCAGCATCCGCGCGCTGACCGCGTCGTCCTCGACGACCAGGATCTTCTTCATCGCGAGCCTCCGTGCTGGACGGAGGTGGATCGTACCAGGCAGACCGGGTCACGCGCCCTGCGCGATCGTGCCGAGAGGTACGACCTCCGAGCTCAGCGACAGCGGACCGCCATGCTCCAGCCGCGCAGCTGACCGGAGTCGGCGCGCACGGTGTCGTTGACCGAGAGCGTCCACGTGCCCTGGGTCGGATGCCCCTCGGCGCGGCGCACGGTGTGGCTGCGGAAGGGGTTGCGCGACGCGTGGCTCTGCAGCGAGTAGCTCGTGCCGTCGGGGCCGCGGAGGCTCACCACGAGATCGCTGAAGTACGAGTGGTTGCCGTCGATGTCGACGGTGAGCTCCGCGACCATGCACTGGTGCTCGACGCGCGCGGCGCTCGTCGTGACGGCGAAGTCGCGGATCGCGCCGCCCGCGGGGCCGCGCACGGTGAACGAGGGCTCGCCGCCGCCGGGCGCGGTGGGCGTGCTGGTCGGCGTGGTGGGCGGGGTCGCCGCGACCACCGGCGCGAGCGCGGCGTTGAGCGTGATCGTGTTGTTGATCGGGCTCGCGCTGATCGTGGCGGGCTGATAGCCGGGCAGCTGGAACGTGAACTGGAACGTCTGGGTCTCGCCGGGACGCGGCGCGGGGATCGGAACCTGCGTGGTGAACGGCGTCCGGCCGAGCATGCGGCCGCCGCCGGTCACCGTGGCGCCCTGGGGCGCCGAGCTCGCCGCGACGGTGATGAGCACCTGACCGGGCGGCACCTGGATCTGCGCCTGCCCCTGCTGCGCCGGCTGGCCCTGCTGGGGCGGAGGCGGCGGCGGGGTGCCTCCGCCTCCGCTGCACGCGCCCGCGAGCGCGACGATCACCAGCGAGATGAGGGCGTACGAGATGGCGCGCATCGAGGTGGATAACGTCGTACCAGACGACCGGGCGGGGGTGGAAGCCCGTGCGGATGTACCGGACGGGCTTCTCCGATCTTCCCGCGGTCGAAGACTCGGCTCGCCTCCGCGCGCTTCGCGCGCTCCCGTGAGCACTCCGGCGAGGGCTCGATAATCGGCTCGCCCGCCGCTGCCTACCGTCCGCGCGCTTCGCGCGCTCCCGTCCGGGACCGGCGGGACGAGCACTCCGGCGAGGGCTCGAAAATCGGCTCGCCCGCCGGTCCCTACCGTCCGCGCGCTTCGCGCGCTCCCGTCCGGGACCGGCGGGACGAGCACTCCGGCGAGGCTCAGCGCACCTCGAAGGTGTGCGACGCGAGCTCGCGGCCCCCGTCGTCGCGCACCACGACGCGCCAGGTGCCCTCGCGATCGACGTGGCGCGTGAACGCCCAGGTGCGCCAGCGACCGACGTTCGCGGGGACCTCGAGCTCGACGTGGCCGGTCACCTCGTCGCCGCCCTCGCGCTCGAAGGTGACGACGAGCGCGGCCGCGTCGTCGCCGTCGTTCGCGAGATCGAGGAACGCGTAGACGCGCTCGAGACGCTCGTCGAGCGCGAGCTCGTCGATCTCGTCGATCGGCTCGCGTCCTTCGATGCCGCGCGTGAGCACGAGACGGCGCACGCGGAGCTCGCCGTCGTGCTCGCGCTCGTCGCGCGTGGTGGTCGTGGTGATCGGCGGGGGCGGCGTCGGCGCGGCGGGCGCTTCGACGCGCGTCGTGGTCGTCGTCGTGCGCACGACCTGGGTGCGCGGCGCGTGGTCGTCGGCACGCGCGAAGGTGGCGGCCCCGATCGCGACGCCCGCACCACCACACGCCAGCGCCATCACCGTCGCGATCACGATCGTCTTCCTCATCGCATCCTCCTGCCGAGGGCGATGAGCAGCAGGCCTGCCAAACGCGCGTGCCCCGAGAAACACGGGGTTTCTCGGGGCACTCTCGATACGCGTCGTGCTCGTGGGGACACGCGGCGCGCGTCTCGTCGGAGACGATCCACGGCGCGCTCGGCGACGGC
NZ_CP070225.1_gap113	4961633	4964559	2926	CGAGAGCGCCCCCGCCGAGACCTCGCCGATCTCGCCTCAGCGTGCGACGATGCCCACCTCCTAGCGATGCTCACGCTCATCCGCCGTCAGTCGCGCCTCGTCCGCGTCGCCGCTTGGACCTCGTGGGTGCTCTCCTGCGCCGGCGTCATCGAGCGCTTCTCGCCCGATCGCGAAGCCGTCATCGACGACTGGAAGCTCCGCTGGGCGCGCGGCATGCGCGGCATCGTCGGGCTCGATCCCACGCTCGTGCACGGCGAGCCCTCGCTCTCCAGCGGGCGCGGTCGCCTCATCGTCGCGAACCACCGCACGCCGCTCGACATCGTCACGCTGCTCTCGCTCTTCGGCGGTCATTTCCTCGCGAACCACAAGGTCTCGCGCGCGCCGATCGTCGGGCGAGGTGCGCACCGCATCGGCACGGTGTTCGTCGATCGCGGCGATCGCCGCAGCGGCGCCGCCGCGATCCGCCAGATGCGCGCGCTGCTCGAGATGAAGCGCACGGTGATCGTGTTCCCCGAGGGCACCACCTTCGCGGGCGACGAGGTGCGGCCCTTCAAGGGCGGCGCGTTCAGCGCGGCCGCGGGCCTGCCGGTCGACGTCGTGCCGGTCGGCATCGCGTACACGCCGGGGCACGAGTACGCCGACGGAAGCCTCGGCGCGCACGTGCGCACGTTCCTCGCGCGGGCTCGCACGCCGGCGTGGGTCTCGGTCGGCGAGACGCTCGAGATGCCGTCGGTGCGGCGCGGCTTCGAGGACGAGGTGCGAAGCCACGTGCAGACGCTCGTCGAGCGCAGCCGCCGCGCCTCGATCGACGCGCTCGGTGATCGCGCGCGCCCCGCGCTCCCCGAGACCACCGAGCCCCAGGAGGATCGATGAGCGACGCGAACGAGAGCGGGGATCTCGACCACCTCGTTCCGCCGATCGGCGCCGCGCCGCCCGAAGAGCGCATGCTGCGCGCGAACTGGATCTCCAGCCTCGAGCGCTCGCCCAACGGCTTCCCGCTGCTCTGGCCCGAGTTCGTCGCGCGACAGGGGCGCGCAGTGCGCATCGTCGACGTGCGCGAGCCCGACGAGCTCGTCGGGCCGCTCGGTCACATCCCGGGATGCGACTGGATCCCCGCGAGCCGCGCCCGCTCGCTCGTCGATCGCCTCGATCGCGACGCGAAGATCATCCTCGTCTCGCGCGCCGGTGAGCGCTCGGGCCCGCTCGCGCGAGAGCTCGAGGTCGCGGGCATGCGCTTCGTCGCGTCGATGATCGGCGGCATGGTCGCGTGGCGCTCGCTCGGCTTCGCGGTCTCGCGCGACTCGTCGATCCTCGCGCGGCGCGACGAGCTGCGCGACGCGCCCGAGGTCCCGGCGCGCCCGGGGCCGCTCTCGATCGACGCGGTGCGTGAGCACGTGGGCGATCCGCTCTCGGTGCGCTGGGTGAAGATGGCGTCGCTGCTGCTGCACGGTCGCCTCTCGTGCGTCGACGGACGCGACGAGACCGGCGTCATCGGCACGCCCGGCGGCGACTCCGGCGAGCTGCTGCTCGCACTGCACGCGCTCGAGCGCGTGCTCGGTCGCGAGCTGCGCCCCGGCGAGGTCGCCGAGCTGCTCTCGCGACGCGTCGACACCTTCGGCCGCTTCTACATGCACGGCGACGTGCAGGCGGCGAACACGATGATCGCGGCGCTGCGCGGGGATCGCCGGTTCGACGAGGCGGTCGCGGGCATCAGCGAGACCATGCAGTGGCGCCGCTTCTTCGAGCACCCGCCCGAGTCGGTGCGCGAGCTCCTGCTCGAGTACTCGGTGCAGCCGCCCCACGTCGGGTGCGGTCACCTCAAGCTGATGATGCAGGAGCACGCGCAGTACGAGGCGCGGCCCCAGCTCGTGCGCGACGTGCTGCGCGCGTTCCATCGCCTGCGCTGGAACGGCGCGGCCGACGTCGAGTTCGTGCCGCTGCCCGGCGGCCACCAGGAGGGCGCGGTGGTGAACGTGCGGGTGCACGACGAGCTGCGCTCGTACACGCCGGTGCCGCTCGTCTCGCCGAAGGGCATGGGCACGCAGATGTTCGTGAACCACCCGCAGGTCGTGGACGCGCTGCGCGTGGAGACCGCGAGCTTCCTCTGCGAGCAGGGCGATCTCGTGCCGATCGACGAGAGCCGTCGCGAGGCGCTCCTCGCCGAGATGAGCGCGCTCTCGCAGGTGCGCATGATGGCAACGCTCGGCCGCCTCGCGAAGGGCCTTCCCATCTACGACCTCACGTTCGATCGGCGCGGTCGCGTGAGCGTCGAGCACGTCGGGCACGTGCCCTGACGACGATGGGCGCGAGCGACGAGATCGAGACGGGCGGGACGATCGCGGCGCGCCTCGGCGAGATCCAGCTCGCGCTGCGCGACGCGCGTCTCGAGGGCTGGCTGCTCTACGATCATCGCGGGCAGAACGGCATCGCGGTGCGCGCGCTCGGGCTCGAGCAGGTCGCGCCGATGCGGCGCTTCTTCTACTGGGTCCCCGCCGACGGAATGCCCGCGCTGATCGCGCATTCGATCGAGATCGAGTCGTTCGGCGAGCTGCCCGGCGACGAGCTGCGCTACGACGCGTGGGGCTCGCTGCGCGAGCAGCTCGAGCGGACGCTCCCGCGGCGCGGCGCGATCGCGATGGAGCACCAGGACATCGGGGGCAATCCCGATCTCTCGCGCGTCGACGCGGGCACGGTCGAGCTGGTGCGCAGCTACGGGCCGCGCGTCGTCTCGAGCGCGGACCTCGTGAACCGCTTCCTCGCGCCGTGGAGCGCGGCCCAGCGCGCGAGCCACGCACGCACCGTCGCGAAGCTGATCGAGGTCGATGCGGAGATCGTCGAGATGCTCGCGTCGCAGCGCACGCCGCTCGAGAGCGAGATCCGCGCGCACGCCGACGACGCGATGCGGTCGCGCGGGCTGGTGCTCGGC
NZ_CP070225.1_gap114	5048426	5050326	1900	ATGCGCTCGGCGGCGCGCGTCGCCATCGCCATGATCGTCAGCTGCGGGTTCACGCCGAGCGGGCCCGGCACCGTGCTGCCGTCGACGATGAAGAACCCCGGCAGGTCGTGCGCCTCGTGATCGAGCGACACCACGCTCGTCCTCGGATCCTTGCCCATCTTGCAAGTGCCGAGCGGGTGATAGCTCGTCAGCAGGCACTGGCTGGGCGCAAGCGTCTGCTTGCGGAAGCGCTCCCACTCGCGACGGCTCTCGAACGTGTGCGCGCCGAGGAGCGCGGGCCACACCTTCTTCGCGCCCGCCTCCCAGCAGATGTCGCCCATCGCCATCACGCCGCGGTGATACCGATCCGCGTCCTTCTGCGTGAGGTTGTAGAGCACGGTCGCGGAACCCTGGACGTCGAACGCGATGCGCCCGCGCGACTCGTCCGAGATGAGGATGCCGAACGACGCGATGTGCTCGAGCTCGTTGAGGCGCTCCATCAGGCGTCGACCGCCGACGGGATACATGAGCGCGGCGTAGTTCCAATCGGGCTGGGCCGCGCTCAGCAGGATGCCGTCGTCGAGGTGCTCGTCGCAGCCGTAGCCCTGCGGGATGTGATCCATCCCGCGGATCGCGTCGTCGAAGAGCGCGTTGAGCCCGCCGCTCGGATGCAGCGTGAGGTTGCGACCGACCTGACCGCTCGAGTTGCAGAGGCCGTTCTTGAGCAAGAAGAGCGGCGTCGGCAGCGCGCCTCCCGCGAACACCACGGCGCGGCCGCGCACGCGGATCGTCTTGCCGTTCTTCGCGACGCCCTCGATGCCGACGGCGCGCCCCTTCTCGACGATCACGCGCTTCGCGGTGAGCCCGGTGAAGAGCATCGCTCCGCGCTCGAGCGCAGGCGGCACGTAGCTGATGTTCGTCGAGCGACGCGCGTCGGTGCGGCACCCGAAGTCGCAGAACCCCGAGCCCTCGCAGCCCGGCGCGTTGCGCACGATCGAGAAGTGGCTCCAGCCGAGCTTGTCGCAGCCGCGCGCGAACACGTCGGCGATGCGCCCGATGTGCTGCCGCGCCGCGGGCTGCACCTGCAGGATGCTCTCGACGCGCTCGAAGTAGCCCTGCATGTGCTCGCGCGCGAAGTCGTCGGTGCCGATGTCCTCGCACCATCGATCGAGCACCGCGCTCGGCGTGCGGAAGCACGTGCCGCCGTTCACCGCGGTCGAGCCGCCGACGAGGCGACCCATGAACACCGGCATCAGGTTGCTGCCGACCGCCATGCCGCCGCGATAGAAGTCGCGATGCGCCTTCTGCGAGCTGCCGGTGAACGCATCGCGCCGGTGCAGCTCGCCCTCTTCGACGAAGCACACCGCGAAGCCGCGCTCCGCGAGCTCGCGACCGACGACCGCGCCGCCCGCGCCGGTGCCGACGACGACGACCTCGCACTCGACGTCGCCGTCGTCCCACGTCTCGGCGCGCACGACCTGCTCGAGCCAGCGAGGCTGCTCGAGCGTCTTCACGACGTTGAGCTTGCCGCCCATGCGCTCGTACACGGGCTCGCGATCGAAGTGCGCGAACTTGATCGCGAACTGCATCACCTGGAAGGGCGCGCGCAGCACGGGATCGCTCTCCCACGCGCGCATCACGTCTTCCTGATCGTCGGCGCTCAGATCACGGAAGCGACGACCCTTCTTCGCGATGGCCGCGTGGTCGTACGCGAGCGCGACCGCACCGAGCGCCTTCGGCAGCTGCGGGAAGAGATGCGCGACCGTCTCCTCGACCAGCGCGATCGTCTGCTCGTCGGCGCGCTGCACGCGACCACCGCCGGGGATCGTCGCCTCGGCGAACGCCAGGAGCGCTTCGTACTCACGCGGACCGAGCTGACTCTGGTCCGCCGGATGCGTGGCTCGCGCACGGCGCGCGGAGG
NZ_CP070225.1_gap115	5058134	5059510	1376	TTGATCTTCGATCGCGCCCATCAGCACCAGCGCGTCCGCGTTCGTCGGATCGAGATCGAGGGCGCGACGCCCGTACACGCTCGCACGCGGGATCGTCTCGTCCATGAAGGCGAGCCACGCCTCGGCCGTGAGCAGCCGCGCCTCTTCGACCCGCGTCATCGGCGCCTCGGCCGCGCCCTCGCGAAGCTGCTCCGCGAGCTGCTCGACCATCGTCTCGCGCCGTGCACGCGCGAGCGCGAGCGCGCGCCACAGGAACACGTCGCGTCGCTCGGTCGCGCCCGACTCGGGCAGCGCGTCCTGGAACGCCTCGATCGCCTCGAACCAGCGCTCGGCCTGCATGTAGAGGCGGCCCTGCGAGTGCGCGAGCGCGAGATCGCGACGCGAAGTGCGACGCGCCCGACGAAGCGCCGTGAGCCCCTCGGCCCCCGCGAGCGTGTCCACGAGCCATCGCGCGCGGAGCTGCTCGATCTCGAGGCTCGTGACGTTCGCCGCGTCGATGCGCGCGACCGTCGCGCCCGCGGCTTCGAGATCGCGCTGCTGGAGCTGGATCGAGAGCAGCGCGCGGAGCACCTCGGGCTGCGCGGGCTCGACCTCGATCGACGTCTCGTACGCCCGGCGCGCCTCGTCGAGCTGCCCGAGCTCCATCGCGGCGCGACCTCGCTCGGCCTGGAGCGCGGGATCGCGCGGCGCGACCTCGGTCGCGGTCCGCAGCGCATCGAGCGCGGGCTGCCACTCGCCCGACGCGAGGTGCACGCGCGCCTTCGCCGCGAGCAGGAGCGGCTCGCGCGGGTGCGCCTCGAGCGCGCGCTGTGCGATCGCGAGCCCACGCGCGCGATCCCCTGCGCCTGCATGCGCGCCCGCCGCGGTCGCGGCGATCCGCGGGTGCGTCGCGCGCTGCTCGAGCAAGGGATCGACGAGCGCGATCGCGTCCTGGGCAGCACCGGTGCGCACCAGCATCGCCGCGAGACCGACGCTCGCCGCCACGCGCTCGGCCGGCGAGCGCGCCGCTTCTTCGTAGAGCGCACGGGCCGGCGCGACCTGGCCGCGCGCATCGGCGATCCGCGCGCGCAGCAGCGACGTCCTCGGCCCCGCGGGCGCGCCGCTCAGCGCGCTCTCCGCCTGATCCAAGCGGCCCGACGCGAGGTGCAGCTCGGACGCGAGCTGCGCGCGCCGTCCCGCATCGGTCGAGATCCCCGGCGAGAGCGCGTCCGCGATCGCCTGTGCCTCGGTGCGACGTCCCAGCGCGAGCCACGCCTCCGCGAGCTGCACCCGGAAGAGCTCGTCCCCCGGCGGCGGCGCGCCCGCGGCCGCTTCGATCGCGCGCGTCGCGGTCTCGGTGTCCCCGGCGTCGATCGCCGAGAGCCCGGTGAGCAGCT
NZ_CP070225.1_gap116	5060926	5063339	2413	TGCACGAAGGCACAGGTGCGATCGGAAAAACGAGTGTTTTCGCGAGACGCACCGCGCGCGCTCCCGCTCCGATCCGAATTCGACGCTCGCCCGGCACGCGATCCGTGGATCCGGGGGCGATTTGCCATCTCGCTTGACACCAGCGGTGTGTACTTCTAGCAATTCCGTAGTCGTCACATGACGATGCCGTCCGCGCCCTTCCAACCGACCGTGGTCCCGCTGCGAAGGCCCGAGCTGAGCTATCGGGCCCGTCGGATCCTCTACGCGGTCGTGTCGGAGTACATCGCGACCGGCGAGCCCGTCGGATCGCGCCGGCTCTCGAAGCGCTACGGCATCAATCTCTCGCCCGCGACGATCCGCAACGAGCTCGCGGACCTCGAGGAAGCGGGCTGTCTCGCCCAGCCGCACCACAGCGCGGGCCGGGTGCCCACCGAGGTCGGCTTCCGCGTGTTCATCGACGCGCTCTCGCAGATGCGCGAGGTCGCGGCCGAGGATCGTGCGGCGATCCTGGCGCGCATGCGGCAGCTCCGTCCCGGCGTGGACGACGTGCTTCGCGAGGCGGGACGGCTGCTCGCGTCGCTCACCGGCGCGGCAGCGCTCGTGTCGCGGCCGCGCACCGAGGTCGAGCAGGTCACGCAGATCCGCTTCATGCCGCTCTCGGAGAAGCAGGTCCTCGCGGTGATCGTGACGCGCTCGGGCACGATCCAGAACCGCATCGTCGAGGTGCCGGAGCTCCCCGACGCGAGCGACATGGAGCGCATCCACAACCTGCTCTCGTCGCTGCTCACCGAGCGCACGCTGCGCGAGGTGCGCGAGGAGCTCGCGCGCGCGATGGCCGACGAGCGCGGCGCGTACGATCGCCTCGGGCGGCGCGCCAAGCAGATGCTCGACGCCGCGACGGCGGGACCGGCGCGCGAAGAGGACGTGATCATCGAGGGCCAGGGTGTGCTCTTCGATCGCCCGGAGTTCGTGGATGCCGAGAAGATCCGCGGCTTCCTGCGCGCGTTCGAGGAGAAGGAGAAGCTCCTCGATCTGCTCGATCGCACCCTCGCCGCGGGCGGCGTGCAGGTGCTGCTCGGGTCCGAGGCGAACATCGTCGACGTGCCCGACGTCGGCGTGATCTCCGCGAACTACCGCGCGGGCGGCGTGCGCGCGGGGAGCCTCGGGATCATCGGCCCGACGCGCATGGACTACGCGAAGCTGATGCCCCTCGTGAGCTTCGCCGCGCAGATCACGACCGACGTGCTGAACGGCGACTCGCTGCGCGACGACGACGACGAGCCCCCGCTCGGCGAAGCATCGGGAGCGTGAGCACCCGAGCACCGTCCGCGCTCTCGAACGTGCGGGGTGCTTGAGGTGGAGAGGATGGCTGCTTACAGTCGGGGGCCCCATGCCACTCGATCTCGAGCGATCGAGTCGAAGGAGCCTCAGGACGTGAGCGGAGAAGAACGGGACGACACCACGGCCACGCTGATCGACGCGGAGGACGCGCCGAGCGGGACCGAGACGCTGACCGACGCCGATTCCGCCGGGCTCGCGAACGCGCTGCGCGAGGAGCGCGATCGCCTGAAGGAGCAGCTCCTGCGCACGGCGGCGGACTACGACAATTTCCGGAAGCGCACGAAGAAGGAGCTGGAGGACGCGGAGCGTCGCGGGCGCGAGGACGCCGTGCGCGAGATGCTGCCCGTCTTCGACAACCTCGAGCGCGCGGTGCAGGCGGCGGGCGCGGCGAGCGACGTCGCGGCGATCGTCGACGGCATCAAGATGGTCCTCAAGCTCTTCGAGGATCAGACCCAGCGCATCGGCATCACGCGCGTGCCCACGGTCGGTCAGCGCTTCGATCCCTCGGTGCACGACGCCATCCAGCAGACCGAGACCGACGAGCACCCGCCGGGAACGGTGATCGCGGAGGTCGTCCCCGGCTACAAGCTCGGTGATCGCCTGGTCCGTCCCGCGATGGTCGTGGTCGCGCGCAAGCCGAGCGCGAGCGCCTGATTCGCCCGCGCCCCCGCGCGGCACTTGTGTACGATTGGGCTCTCGTTCGGGCGTCATGAGCAAGGTCATCGGCATCGATCTCGGCACGACGAACTCGTGCGTCGCGATCGTCGAGAACGGCGAGCCGATCGTGATCCCGAACGCCGAGGGCTCGCGCACCACGCCGTCCGTCGTCGCGTTCACGCGCGACGGCGAGCGGCGGGTGGGCAGCGTCGCGCGGCGTCAGGCGGTCACGAACCCGGAGAACACCGTGTTCGCGGTGAAGCGCCTGATGGGCCGGCGCTTCGAGAGCTCGGAGGCGAAGCGCCACGCGCAGTCGGTGCCGTACCGCGTCGTGCAGGCGATGAACGGCGATGCGTGGGTGGCGATCGGCGAGCGCGAGCTCTCGCCACCCGAGGTCTCCGCGATGGTGCTCGCG
NZ_CP070225.1_gap117	5064720	5065577	857	AGGCGCTGCAGTCGCTCGAGCTGAGCGCGTACAAGATCGCCGAGTCGATGTACGGAGGCTGATGGCGTTGCGTCGCGCGTGCGTGATCGGGCTCGTGGTCGCGCTCTGCGCGTGCGGCGGGAGCGCTCCACGGCGCGTCGAGAGCGCCGACGTGTCGCGACAGGAGACGCTCGAGGAGACGCGGCTCGCAGAGCGTCAGCGCGACGCGTGGACGCCGCCGGTGCTGCTCTGGGAGATCGGCGACGAGGCCGAGGCGAGCTACGTGCACGCGGCGTTGCCGTTCGGGACGACGATGCGGCACGCGCTGCCCGAGCCGCACGACGGCGCGCTCGATCTGTCGCGCGCGATCGTCACGACGTTCGATCCGCGCGAGGCGGTGCCGCTCGATCAGGTGCCCGAGAGCGCGCTGATGGGCCGGCGCGATCGGCTCGATCGGATGCTCGGCGCGGAGGAGTGGACGGCGCTGCGCGCGCAGCTCGGCCCGGCGCTCCCCGACGAGTCGCTGCGGCGCATCCCGCCGATGATCCTGGTCGAGCACCTGGTGCGGGTGCGGATGGCGGAGGTCGAGGCCGAGGCGGACGGACGCAACCCGGTGCCGCACGCGATCTCGACCTCGAGCGTGATCGGCGACGTGCTCGCGTGGGCGAGGATGCAGGGCGCGCCGATCGTGGCGATCGACACCCACGAGCAGGCGGCGGCGCGGCTCGCGGCGATCCCGCGCGAGGCGTCGCTCGAAGGGCTCCGCGACGCGCTGGCGAACGTGGAGGCGTGGCGCGCGCGATGGAGCACGCTGCGGAGCGCGTATGCGTCGGCGGACGATCACGCGCTCGCGAGCGCGTGCGAGGCGTCGCTCGGCG
NZ_CP070225.1_gap118	5067304	5068466	1162	GCGGGCGCCGCTGCACCTCGACACGGCTCTCGGCGTGCGCGACGAGCGCCCACCCGACGAGGAACGCGACGATCGCGAGGGCGCGCGCGGGCTGATCGCGCGACATCGTCGTGAGCGCGGCGGCCGCCCCGACCGCGAGCAGATGACCGAGCGCTGCCCCGATCTCCGAGCCGTTCGCGCTCGGCGCACGTCCGTCGAAGCCCGGCCCACGACCGGGCTCACGGCGCCGCCTCATGCCGACCGCGCGGGACTCCGACCCGGCTCGAGCACGCACCGATCCGGCGACGATGCGCGGATTGCTCCATCCACGACGTCCATCACGCCCTCCGCCACAAGCAGACATCCTGTTCCTAGTGGCTCGCGCGCCTATTGGCGAAGAGATAAATAGAGCAACGTCCATCGCGAAAACCGATGGTCACGGAGGCGCGGGATGAAGTGGCTGAACTACCACCACCTGCTCTACTTCTGGACCATCGCGCGCGAGGGCAGCGTGTCCGCGGCGAGCCGCAAGCTGCGCCTCGCGCAGCCGACGCTCAGCGGACAGCTCAAGGCGCTCGAGGACGCGCTCGAGGTGCAGCTCTTCCACCGGCGCGGCGGCAAGCTCGTGCTCACCGACACGGGCGCGCACGTGATGCGCTACGCCGACGAGATCTTCTCGCTCGGCAGCGAGCTGCAGGAGTCGCTCGAGGGGCTGCCCACGCGGCGACACCCGCGTCTCGTGGTGGGCGCGGCCGACGAGGTGCCGAAGCTGATCGTGCAGCGCCTGCTCCAGCCCGCGCTCGAGCTCGCGAGCGAGCTGCGCCTCGTCTGCTACGAGGATCGTCAGGATCGGCTGCTCGCCGATCTCGCGGTGCACGCGATCGACGCGGTGATCGCCGAGGCGCCGGTCGAGTCGGGCTCTCCGATCCGCGCGTACAGCCACTTGCTCGGCGAGTGCGGCGTCACGTTCTTCGCGGCGCCCGCGACCGCGCGCCGACTCCGCCGGCGTTTCCCGCACTCGCTCGAGGGCGAGCCGCTGCTCGTGCCGATCGAGAGCACGTTCATGCGCCGCGCGATCGAGCGATGGCTCGAGGAGCGCTCGATCCGTCCGCGGATCCGCGGGGAATTCCAGGACTACGCGCTGCTCGGCGCGTTCGGGCGCGCGGGCGTCGGGGTGTTCGCG
NZ_CP070225.1_gap119	5074107	5077747	3640	GGCACGCGCGAACGCGCGGGACCGCGACGAGCCGCGTGCAGTCGAGACGGCGCGGGCGCGCGCGTAGCGCGGGACCGCGACGAGCCGCGTGCAGTCGAGACGGCGCGGGCGCGCGCGAACGCGCGGGACCGCGACGAGCCGCGTGCAGTCGAGACGGCGCGGGCACGCGCGAACGCGCGGGACCGCGACGAGCCGCGTGCAGTCGAGACGGCGCGGGCGCGCGCGTAGCGCGGGACGCGACGGGCGGTGTGGAGGGCTCGGTCTCGGACTACAGTGCGCGCCGCATGAGTGGCAGAGAACCGATCTCCGGGTTGAAGAGCGAGGAGCTGCGCGCGGCGCTCGCGGATGCGCTCGCAGGGCGCGAGCAGCGGCTCGGAGAGCTCCTGGCGCGCCACGGAGGGCTGCCCGGGCCGAATCCGAACCTCGCGCTCGCGGCCGCGTTCGGCGAGGCGATCGGCACCGAGGGCAAGGGCGCGCGGCGCGTGCTCGCGACCTTCGCCGCCGATCCCGCGAAGGCCGACGAGGCGCGGGTGTTCCTCGCGATCGCCGCGGCCCACGGATATGCGGCGCGCCTCGACGCCGATGCCCGCGACGCGTGGAACGGCGTGTTCGAGCTCACCGCGGACGATCGCGCGCCGGTGCGCATCGGGCTCATCGCGGCGCTCGGCACGTGGGCGGCGCGCGCTCCGGGGCGCATCGATCGTCTCGTCGCCGAGGCCGACGGTTGGCTCGCGCACGACGATCGCGACCACCGCTACGCAGCGGCCGCGCTGGTGCTCGACGTGATCGCCGAGACCCGCGCGATCGACGGCTCGGAGGATCGCCCTGCCCTGCTCGCCTGGATCGAGCGCACGATCGAAGAAGTGCGCGACGCACCGCGCGCGGCCGAGCGCTCGCCCGCGCGCCGCCGCATCCTCGCGTCGCTGCCCGGCGCCCTCGCGCACGTCGCGGTCGCGATGCGCGGCGAGCCCGACGGCATCGAGTGGCTGCGCGTGCGCTGCACCGAGGCGACGCATCCCGACGTGCGCGCCGCGATCGAGCAGGCGATCGAGAGGCTGCGCCGCGGCGCGGGCGCGCAGTCGAGCGCGACCATCGACATGCTGCGCGCGGCGCTCGCCTCGAGCGCGAAGCCGCCGCGCGATCCCAGCCGCATCCGCGAGGGCACCGGCCGCGGCAAGCACGGCAAGAGCGCGGGCGGCGGCAGCGTCAAGAAGGGCAAGAGCCGCTCGCGCTGAGCCGAGCTGTCCCCGTTCTTGGGCATGCGCCTCATCGCCCGCCAGGCGTCGCGACTCCCGCCGCGCGATGCGCCCGAGCGCCCGCGAGGACTCGCGACTCCCGGAGGACGACGCCTCTCGGCGCCCGCGAGGGGTCGCGACTTCCTCGCCGCGATGCGGGCCGGCATCCGCCAGGAGTCACGACTCCCGACGGCCGGCGCCCCGCGGCACCCGCCGGCGGTCGCGACTCCTTCCCGGCGACGCCCCGCAGCGCCCGACGGGAGCCTCGACTCCTGGCTCGCGATGCGCCGCGGCGCTCGACGGGAGTCTCGACTCCTCGCGGGCGCTGCGCCCCGGCGCGCGCCGGGACTCTCGAGCCCTCCCCGGCGCTCGCCGGCGATCGCGATCGAGCGCTCAGCTGGGACGCGGCTCGCTCGGGGCGGGCGGCGCGGGCGCGCGCTCCTTCGAGCCACGCGCGCGCATGCCCACGATCGTGTCGACGTAGCCGAAGAGACGCTGGTCCGCCGAGCTGCTCGGCTCGACGATGCCGCGCGCCCGCGCGATGCGCTTGGACGCGATGCCGCGCAGCTTGATCGCCGGCGTGCGATCGACCCCGGCGTCGGCGCGATCGACGAGCAGCCGCCCGAGCAGGTCGCCGGCGTCGAAGAACGCGATCGCCCAGTCGACGAGCGTGCGCGCGCCGATCCGCACCGCGGAGAGCGCGGCGCGGTGGGTGTCGAGCTGCGCGCGCCGCTCGCGCGCCCGCGACGCCTCGGTCACGTAGCTGTCGCGCAGCTCGCGCAGCCCGCCGGGAAGCAGGAAGTCGAGCCCGGCGCGCGCGCCGGCGCGCTCTTCGGGCGTCGAGCCCGGGCACTCGAGCACCGCGTTGCACAGCGAGTGGATCGCGGCGCCCCACGCGTCGTGCTGCGCGTCGGCGGCGGAGAGCTCCTCGGAGAGCGGCGCATCGACAACAGCGGCCGGGAGGGCGTCGATCTGGGTCAGTGTCTCTTCGAGCGTGCGCGCGTACGCCGCGCCGACCGCGGCCTCGAGCTCGGCGCGGCGATCGCGCACGAGGAAGGCGAGGATCATCTGGAGATCACGGAGCGTGAGGTGGTTCATGCGGCGAGGGGAGCACACGTCTCGCGCGCTGAGAAGAGACCCCGAGCGCGTCACACCGCCGCGTACGCGCTCACCAGGAAGTCGCGCACCACCGCGACGCGGGTGGGCACGCGCTTGGCGCTCGTGGTCACGAGGTAGAGCGCCGGCGCGCGCAGCTCGTGGTCGGGCAGCACGCGCACCAGGCGCGCGTCGGCGGGCTCGCGCGCGCCGGGCGCGATCGCGAGCACGCCGATGCCCGCGCCCGCGATCACCAGGTCGCGCGCGAAGCGCAGGTCGTCGCACGCGACCCGGCCGCGCACGTCGACCTCGTGCTCGCCGCCGGGCCCGATCAGCGGCAGGCGCGAGACACCGTCGCGCGGCGCCATCAGCACGACCTCGTGGCGCGCGAGATCCTCGGGGCGCTCGGGCGCGCCCCGCCGCGCGACGTAGTCCGGCGACGCGACGAGCCACGCGCGATAGCGCCCGAGCGGCCGCGCGACGAGCGAGGAGTCCGGCAGGCCGTAGCTGACGCGCAGCGCGAGATCGAAGCGCTCGCCGACGAGGTCGACGTAGCGGCTGCTGAGCGAGCAGGTCACGCGGATGCGCGGATGCGCGATCGCGAGATCGGCGAGGCAACGCGCGAAGAAGCCGTCGTCGAGATCGCCGGGCGCGGTGATGCGCACCTCGCCGCGGGGATCGCGCTGGAGCTCGGTGACGCGGCGCTCGCCCTCGGAGAGCTCGCCGAGCGCGCGCGAGGCGTGCTCGTAGAACGCGCGTCCGACCGCGGTGAGCGCGATGCGACGCGTCGTGCGCTCGAAGAGCTTGGCGCCGAGATCGCGCTCGAGGTGCGCGATCATGCGGCTGATCGACGAGGTCGGGACCGCGAGCGAGCGCGCGACCTCGCTGAAGCTCCGCGCCTCCGCGACGCGCACGAAGGTCTCGACGTGGCTGAGGTTCATCGTTGCCGAATGGGTTAACAGACCGATGCCGGACGATCGACTGCCCATGCGCGGCGCGATCGGCGAAGGTGCGCGCATGACCGAAGGCTGGAACGTCGTCGACGAGGAGCGCGGGATCCTGTGGCGCGAGTATCCGTTCACGAGAGGCGCGTACGCGACGACGCTCGTGGTGCGCGGCCCCGAGGGGCTCATCGTGATCAGCCCGGGCGCGGGGCTCGACGCGCGCGCGTTCGACGCGCTGCGCGAGCACGGCGAGGTGCGCGCGCTCGTCGCGAACAACACGTTCCATCACCTCGGCCAGAAGGACTGGCGCGCGCGCTTCCCGGACGCGACGAGCCACTGCCCGAGCGCCGCGATCACCACGCTCGC
NZ_CP070225.1_gap120	5079856	5082700	2844	CGCGACGCGGGCCAATCTTCGCTCGTCGGCTCCTGACGGCGAGCTTCGCGCTCTCTTCCCTTCGCTTCCGCTCCAAGGCGCGAAGATCGAGCGGGTGACGCTCACCTGGAGTGCTGGAGCCCCGAGAGGCTGCACCGCGAGTCCCAGCGCACCCTCGAGATCGACGCGGCGGGCGAAATGCCCAACGAGGCCGACCCGACGCCGCTCACGTGGACGTCCGACAAGACAGTTCGGGCCTATCCGTCCCGTCGCTCTCCGATCCGACCGCCTGAAGCCACCGCACACCAAGCCTCGTTCGCGGCGAGTCACCTCGCGCAAGAAGGGCCCGGTGTGCGGATCAGCGGGTGCGAGAAGCGCCCGATCCGTCGATCACGCGCGTCCGCACTTGACTACGACAGCACCCCGGGCGGCGGAGGCACCACCCCCCGCCTCACGCCGAGACCTATCCGATCGAGACCCGCGAGAGCACAGCGGTCCACGTCTCGCTCAGCCCGACCATCTCGACCACCGCGATCGCCTCGGCCATCGCGCGGTCGAGCCGCGTCCCTTCGGACTCGAGCCGCGCCGCGATCCATCGGGCCATCGCCACGCGCGTCGCGAGCTCGGCGCGCGCGAGCACGAAGCTCCCGCGCGTCGCCCACTCGAGCGTCCAGATCGCGTCGGCGATCCAGTCCGCGAGCATCGCGTCGGGCGAGAGCACCTCGGGCGTGCGCCTCTGCGCGCGCCCGAACGCGTCCGACCACGGCCGCGGCCGGGTCTCGCGGATCGCCTCGCCGTGCAGCGCGAGGATCGCGTCGCCCGCCCACTGGTGCGCGCGGGCCCAGCGCATCGGGCGATCGTCGTCCGCGAGCTCGAACCCGATCTGCGGCCACGAGCCGTCGCGCACCGCAGGGAACGGCGCGGCATCGAGCACGCTCTCGACCCGCTCGCCTTGCTCGAGCCGCGTCATCAGCGCGGCCTCTCGCGCGCGCCACGTCGCCCACGGCACCGAGCGCCCCGCGCTCACCGGGATCGACTCGGGCGCGCGCAGATCGACCGAGAGGCGACCGCCCGAGCCGAGCAGCGCGGGCTCCGCGTCGCTCTCGCGCAGCAGCGGACGCGCGCCCATCGTGCGGCACGGACAGCGGTGATCGGTGCCGATGCGCCCACCGTCGAGCGTCGCCGTGAGCAGGAACGGATAACGATGACAGGTGCGCGGCTTCAGCGGGCTCGTGTGGATCGCGCAGCGCCCGCCGCGCGTGAGGAACGAGCACGCGCCGTCGCGCTTCGTGCGCAGGAGCACCATGCCCTGCTCGCGCAGGATCGCGCTCTCGTGCTCGGCGCGGATCGCGCGTCCTTCCGCGGGGGAGAGCGGACCGAGCAGGTGCGCGTCGGCGCAGCACAAGCCGTCGCCCGCGCACGCGAAGCGCGCGCCGGGGCGGACGATCAGCGGACGGGCGCGCACCGGCATCAGCGAACGAGATCGGTGTCGCGCGCCCAGGCGTGCACGCGCGCGCCGAGCGTGGTGCGCAGCGCGAGCCGCACCCACGCGCCACGCCGCGCGAGCTCCGCGAAGCGCGCGACCGCATCGGGAACCACGTCGATGCGCAGCGCGTCGGATCCGTCGGGCTGCGCGAACACCCAGAGCCGCTCGGTGCGCGCGCGCCAGCGCGGCCCGTACGACTCGAACGCATCGCGCGCGACGATCGGCACGTCCTCCGCGACCACGCGCAGCGCGTCGCACGGCAGCGGCGCGCGGCGCAGCACCAGGCCGTCACCGAGCGACGCGTCGACGTCGGCCCAGGGCCCGCGCAGCGCCGGCTCGACGCGCGTGAGCGGCAGTCCCTCGGGCAGCTCCAGCGCGTGCTCGCGCAGACCGATCGCGCGGGCGAGCACGAAGCGCAGCGCGGTGCGCGTCGTCCCCTCGATCGTCTCGCCATCGAGGGTGCGCACCTGGGTGATGCCGCGGCGCAGCGGCGTGATCCGCACCCGCGTCCCCGCGGGCACCCGCACCCGACGCAGGCCGCGATCCTGGCGCACCGCGATCTCGATGCCGGGGACCGTGCCCTCGATCGCGCAGACGTCGTCGTCCGCGCGCGCCGGTGCTGCTGCGAAGAGCGATGCTGCGATCACGACGAGCGCGAGGCGCAACGTCACCCCATCACGTCTCGGAACGTCACCAGCACGATCACGCCGAGCAGGAACAAGAGGCCGACCATGTGCACCACGGCCTCCACCTTCTCGTTGGGCCGGCGCCGCGTGATCAGCTCGAACCCGAGGAACACCAGTCGCCCGCCGTCGAGCGCGGGGAACGGCAACAGGTTGAACAGACCGAGCGCCACCGAGATCAGCGCGATGAACGGGATGAACGTGCGCGGCCCGCGCTCGGCGCTCTCGGTCGCCATGCGGGTCATCCCGACCGGGCCCTGGATGCCCTCGGTCGATCGATTGCGCACCAGCGCGGCCATGCCCTCGAGCTGCACGCGCGTCTGCACGAGCGGCCAGAGCAGCGCGCTGTACGCCGCGTCACCGACCGACACCGGCTCGAACACGTGCGCGCCGACGACCCCGATGACGCCCTGGTCCTCGGGCCCGCGCATCGGCGTGATCATCATGGGCGGCATGCGCTGCCCGTCGCGCTCGACGACGTACTCGGTCGCCTGATCGGCGCGCGGTCGCGTGACCGCCTGCAGCTCGTCGATGCTGGTGATCGCCTGCCCGTTCGCCTCGACGATGCGATCGCCCGGCTGGAGGCCCGCTTCCGCGGCGGGCGAGCCCGCGCCGACCTCGCCGACGACCATCGCGCCCGCGGTCTCGACCGTGCGCGGCATGCCGTAGCCGAGATAGAAGCCGAACATGATCAGC
NZ_CP070225.1_gap121	5199373	5203541	4168	ATGTTCTGTCCTTCGTTGGACTGCTTCGTCGCAGTCGTCGTGCGAGAAGTGCTCAGTACGAGTAGCCGACCGAGAGCGAGAACTGCGTGCCCGGGTCGTATCCGACGATGACGAAATCGCCCTGACGGAGCTCGCGGCGCTGGAAGAGGAGATTCTGCGCCGCGAATCGAATCGTCACGTGCGGATCGGGCTCCCACGTAGCCGTGAGATCGACAGAGTGGTACGGGTCGAGATAGACGTCGGGGAGCCCGAGCAGGCCGACGTCCTCCAGTCTCGGTCCGAAGATGTTGTAGTAGACGGCGAACGACAGATTGGTGTCGGGCGGCGCAATTCCCAGTTGCACGTTGACGATGTACGGCGGCTGTCCGGCGAGCGGCCGCTCCGAGCTCGTCGCCTGGAGGAGCTGGTCCTCCGTGAGGCGTGCACGCGAATAGACGAGCGCGAGATTGCCGCCGAGAGTGAGCCAATCCAGGCCGTCGACGAAGTGCCCGAAGTGCATCCGCGCCTCGAGCTCGACTCCGTAGTTCTCCGCGCCCGCGATGTTGCGATACGAGAGGTCACCGCCGCTCGACACGATCGTCTGCTCGATCGGCGCCTCGAACACCTTCGCGAAGCCGGAGACCGCGAGCACCTCGGACTCCGACGGGAACCACTCCCAGCGAAGGTCGAAGTTATGGATGTACGTGCGCTCGAGCTCCGGGTTGCCGGTGATGGTGCGACGGCGAACGAAATCCGCGAAGAGGAACGGAGCCAGCTCGCGGACCTGCGGTCGCGCGACGGTGCCCGCATAGGAAGCGCGGACGAACATGTTGTCGTGGATCTCGACGATCGCGCCGCCGCTCGGAAGCACGTCGACGTCGGTCCGACGCGTGCCGCGGATTTCGCTGGTCGTCATCCCGACCGGCGGAGCCGACTCCACGACCTGCCGGAACGCTTCGACGCGCGCGCCGGCGATCAGTCGAAGCGGCTGCCAGGGGCGCCACTCGCCCGAGAGATATCCCGCGTAGAGCGACTGCGTCGCATCATAGCTGTCGTCCTCTCGCGTGTACTCGCGGAGACTCGTGAACACGTTGATGAGCTCGGGCGAGAAGAGCGTCTCCGGCGGGAGCATCGTCCCCGACGGATCGGAGCCGGGTCGCGTCTGGAAGCCGAAGCGCCGGACTCGGAGGCCACGGTCGGTCTGACGCGTGAGACCACCGAGCCGAACCTGGAGCGTATCGATGGGGATCGTGAGATTCGCGCCCGCGCCGTACGTGACGTCGTCGAGATCGGAATAGAAGCGTGCACCGCTCTCGGGGCCGGGAGCCCAGAAGCGCTGATCGCCGTTCTGGACGTACAGGATGTCGCGCAGGTCGGGCTGTTCGCGCTGGCCGTAGCTGAGGTTGAGCTGCCAATCGAAGCGCGCGCCCGCCGGGAGATCGGTGTGCTCTCCGAGCAGCTGTCCGTACGCGAGAGTCCGCTGCAACCACGACTGGCGTCGCGAGTCGATCTGGGTGCCGTAGTACTCGCTCACGCCGGTGACCCGCCCGAGGAAGTTGTCGGCGTTCTGGCTGAAGAGACCTGTGAACGTGAGCTGGTTCCGGTCGACGACCTCGAACGTCACCGTCGCGAGCGCGCTGAGCTGCGCCTGGATCTCGACGCCCTCCTGCTGCAGCTCCTCGCGGAGCGTGAGCATCGCGTCCTCGCCTTCGCCTTCGAGGCGGACTGCGCGGATGACGTCGGGAATCGGTCGCTCGGTGTATCGATATCCGACCATCAAGAGATAGCCGAGCAGATGACCGCCGACGTCGATCGTGTCTCCCATGCTGAAGGAGAGCGAGAGATTGGGCCACGCGGTGCGCCGGTTGGTCTGCCACGTGTTCGGGAACTGCAGCGCGAGCTGGTCGCGCTGCTCGGGCGTGAGATCGCCGGCACGCACGTTCTCCGCGCCACCGGGAAGGGCGCGAGTGCCGTCGTCGAACCCGAGGAAGTCGGTGGCGCCGCCTTCGTACCCCAGCGTGCGCTGGAACGAGACGGCCGTGTTCACGCCGAACCCGAGGCCGAATCGGAGCTGGAAGTCCGAAGGGAACGTCTGCGTCGAGACGTCGACGAGACCGCCCGCCCAGTCGCCGGGCACCTCGGGCGTGAAGGTCTTGCGGATCGTGAGCGCCTCGAGCAGGCCGCTCGGGAAGATGTCGAGCTGCACGCCGGGCACGTCGGGGTCGGTGTTGGGCAGCGCGACACCGTTGAGCGTGGTGACCACGTAACGTCCGCCGAGGCCGCGCACGTAGACGTAGTCGTCGCGGGTCACGACACCGACGGTTCGACGGACGGCCTCGCTCGCGCTCGAGTCGGGAGAGCGGCGCATCTCCTCGCTGGAGATCGCGTCCTGCACCGCCGCCGACTCACGACGCATGCGCAGCTGCGACGCCGCCGTCCCGCGCTCCGCGCGGACCTCGATCACGATCTCCTCGCCGGTGCTCGTCTCCGAGCTCAGCTCGACGTCGACTGCCGTGCACGACCCGCGCGTGACGACGATGTCGTCGACGCGCGTCGGCTGATAGAGGTCGTAATACGAGCGGAGCGAGTACGTGCCCGGCGGGAGATCGATCGCGAAGCGACCGTCGTAGTCGGTCAGCACGCGAGTCCCGCGCCCGACGACGATCACCGGCGCTTCGATCATCGTCTCGCGCGTCTGCGCGTCGCGCACCACGCCTTCCACACCGGTGCCGCTGCAGTGCGGCGCGTCCGCGGCGAGCGCGGCGTCGATCTCGGCCTGCTCGGCCTCGCTGATGGCCGCTTCGTCGGCGGGCTCTTCGGCGGGCGCTTCCTCGGCGGGCTCGGTCGGCGCCGGGAGGGTCGCGTCTGGCGCGGTCGGGCCGCCTTCACCGCCCGCGGGGACGTCGCCGCCCCCGCCGCCCGGCGTCTGAGCGAGCGCGGGAGTCGTGACACAAAGCGTCGTCACAATTGCGAGGACGCACCTCGCCCAGAGCGTCGGATTCACGACGGCACGCATGGAACCTCGGAGGTGGATCGAATGACTCGGAAGCTTCGCGATCAGCGCGCGTCGGCGAGCGCTTCGGTCGCGACTGCGATCGTCGTCGCGCCGGCACCACGACACGTGTCGAGCACTTCGACCGCGCGGCCATAGGGAGCGTCGCTCTGCGCGTCGAAGAACACGGTTCGATCACCGCGCGCCGCGAGCACTCGGCGCAGTCGCGCCTCGAGCTGCGCGAGCGGCACTTCGTCACGATTGATCAGCACGCGACCCGCCGCATCGACGGTGACGACCGGCGGTCCGTCGTCGTCGCTCGGCGGCGGCGGAGTCGCCTCGGCCTCGGGCTCGCTCGGCAGATGAATCCAGAACTGCTTTGCGAGCATCGGCGTGATCACCATGAAGATGATCAGGAGCACGAGCACCACGTCGACGAGCGGCGTGACGTTCATGTCGGGCTTGTTGCGCCCCTTCTTCCCGCCCTTGCCGGTGGAGACCTCGAACGCCATCGCTCAGCCCTCGCTCTCTTCGCCGCCGCGCTCGCCCACGCGGAGCGAGACGCCCGGCAGACCGATCTGCTGGCACATGCGGAAGAGGCTCCGGACCTCTTCGTAACGGAGCGTCGAGTCGCCGCGCAGGATCACGCGACGCGTCGGCTCCGCTGCGTGGATCTCGCGCAGGCGCGTCTCGAGCGCGTCGCGCGGCATCTCGTCCTGCTCGAGGAAGAGCCGTCGATCCGCGGTGATCGAGACCGTGACCGGATCGGTGCGCCCGCGCGGATCTTCGTCGACGTGGAAGATGCTCGGCAGATCGACGGGCGCGTCGTTCTCCATGCTCGGGAGGACGACCATGAAGATGATCAGGAGCACGAGGACGATGTCGACCAGCGGCGTGACGTTCATCGCCGGGCTCGGTCGCGATCGCTTTCCACCGAAGCGCTTCATGCTGCGTGCTCCGTGTGTGCCAGTCCGATTCCGTCGCTCAGACGGCCTCGGCGGTCGCCAGCTCTTCCGACGGAGTCGGCGCGCGGCGCGTGCCGGTCTCGCGATAGGTGCTCACCGGCTCGCTGACCTCGAGCCGATCCGCGAGCTCGCTGCCCGCGTTCGTCAGGCCCATCTCGAAGCGCGAGATGCGGCCCGAGATCCAGTTGAAGAGGAGCACGGTGGGAATCGCGACGCAGAGGCCGTAGCCCGT
