gap_id	start	end	length	sequence
NZ_CP116968.1_gap1	1756	3722	1966	ACTGAGACGACTGTGCCGGGATTGGGGGGATGGGTCTTCATGTTCACCTCATGCCTCTTTGGATACCCGTAGCCCCGAGTCAGGGCGGTGGATGAGCCGTCGTGTGTCCGTAATCAACCCGGATTTCCTCTCTCTTGCAGAGGATGCCGGGCTGTGACATCCGGTCTTTCATTCAACCTCCGCTCGCATTCATGAGTCAACGGCAATCGCTGATATCCAAGTGAAAAAATCCGGCCATCCATCAAATTCGCAGACAATGTTCAATCATCCTGTTTCAGATTTCACCAAGTCGAATAGGGTCACCCCGATCATCCATTCCTGTTTGTCATGTCACCATCCTATGGTTTTTCTGCCCTTCGCCGGCGTTTATGAGGGCTTTTCGGGTCATGACCGGTCCGATAAATTCGAAGATGATCGTGGAGCCAATGGCAATCGGAAGAATCACTTCCTTGAGGTCGGGCAGGTGTTGACTGGCTAATAACGCCATGCCCAACGCGACTCCGGCTTGCGGCCAGAGCGCCATGCCCATCCATTGTCGGATGAGAGGGGATGCTCCGCTGACGAGTCCTCCCCCCCAGGATCCCATCACCCGGCCTATGAGTCGCAGGATGATGTAGGCAACGCCTAGCAGGCTTGTTGCTTGTAAGGCATGCAGGTCCAATGAGGCCCCGGCCAGGATAAAAAAGAGGATCATGAACGGCCACTCAATTCCTTCAATGGCGGTAAAGGGCCGTCGGTGGTGAACGGCTAAATTGGCGACGGTGGCTCCTAAGACCATACCCGCTAGAATAAAAGAGACATGCAAGAAAACGGCAAGGCCTCCACACAGCAGGACCAGTCCTAACGCCTCAGCTTGAGTGGGCTCCCCTTGCTTGATGCGTCCGGTTAAATAGGCCATGGGAATCCCCAGCACCAGTCCCAGCAGCATGGCCCCGGCGATTTCCCATACTCCCAGCAGGAGCATGTCCCACACGGTTCCCTGTCCGGAAAACGTTTGGGCCATAGCCAGGAGAACGCTAAAGATCAGGAGGCCCCAGACGTCATCAATGGCCACGACACTTTCCAATGTCTTGGCAAATTCCCCTTTCGCCCGAATCTCCCGGATAACATCTATGGTGGCGGCAGGATCGGTCGCCAGGGCAATGCCCGCCAGGATGAGTGCAATTTCTATCTGGACGCCGAGGGCCAGAAGTCCAATAAAGACGGTTGTGGCGGTTGCCAGGACTGCTCCAATCGAGACCCACAAAACGACGGTACCCCGTTTTTGTAGAGACGAACCGGTCATATGATGTCCAAGAAGGAACCCCACCATGGATAAGGCGATGTTTGTCACGACAGAAAACCAGTCTTCCCGGAAGTCCGGTAAGAGATCGAGTCCGGATGGACCGATGGCAAACCCGGCAAGCAGTAACAAGGTGACTCTTGGGATAAACGTTCGGCGTCCCAACAGATCGGTGAGCAGCCCTAACAGAAATATGGCGCCAAGTGTAACCAGTATTTGGGGGATAACGTCCATCAGTTTTTCTCAAGAAACGGGGTGTCGGCATTGATAAGGAACCGAGCTAACGAAAAACCTGTTACCTCCAATCCAAGAGTGATCCGTTCCTGTCTGAATAACCGGTGGCATCACCTTGATGTCTTGGGTAAGAAATTCGAATGGTTCCGACCACGAGATGTGATGAGTGACGAGGTTAAGACCACTCCGCTGAGAGCGACAGACCCTGCCAGGCATGAGTGTGGATAAGGGGTAAGCACTGCTCTCGAAAATGTTAAAGGGGAAAGAGGTGATGGAGGGGCTCGTCATGAGGAACGTTGCTAGATTTCCATAAGGCATCAATGACGAAAGGTAGAGGAGACAGGGGGAACGGTTAGAGTTGGAACCGCCGTTCCGGGCAACAGGAAGCCCTTGGTGTATGCAAAGGGCTGAGGGTGTCGTCGACAATTATTTCCTTTTTCTTGAAACAGG
NZ_CP116968.1_gap2	5238	6431	1193	AGAGGTGACCCTTCACCTGGTGTCGGTTGTGCCCGATATTTTGACGGATGCGTCCAAGAAGATATTCCCGAAATCACGGCTGAAGACCCTGGTGGCACCTCTTCGGCAGCATGCTCAGGAATGCCTTGAGCAATATCGAGAACTGTTTCTTAAGGAAGGGTTTCAAGTGGTGGGAGAACGTCTTCAGGGGAATCCACGGGAGAAAATTGTCGAGTCGGTTCCAGCCTGTCACGCCCAATTGGTGGTCATGGGATCCAAGGGGCTTACGGGTGTGGAACGATTTACCATGGGAAGTGTCTCGGAATGGGTGAGCGCGTATGCGCCTTCGTCCGTGCTGGTCGTCCGGCGTTAACCTCAATCGCATGAATGCCGAATGTTTTATCTGCCTTCATAGATGACCATCTGATGAAGCTCGGAATTAACACGACATAAAGAATAAAAAGGAGGGATATTGTTGAACACAGGAAAGACAGGTTATTCGCATGTGAGGTCGGTGAAACCCAGAGGGTCGTGGGTCGGAGGGCTGATGGGATTCATATTCATCGGATGGCTTATGGCTACCGGAGCCTATGGGGAGCATCTGGATGTGTCCGGTGGCCTCACAGGAACCTCCCCGGACTGTCATGGGGCATTTCTCGGAAAACAGGTTCCGGAAGAGACGCTGGTCCGGATGTTTGCCGCACATGCCCGATGGCTTGCCGATCATCAGGACCCGAAAGGGGTGCAGGCCGATTTATGCGGGGCCGATCTGGCCGGAGTCGATTTTCGGGAAGAGGATTTGAGCGGGGCCAACTTTCAAGGCGCCAACCTGACGCGTGCCGTGTTCACCACGGCCAAGTTAGTCCATGTGAACTTTCAAAAAGCTAACCTCACGGAAGCCTCTTTCTACTCGGTTGATATGCGCGGAGCCAAAGTCTCAGGTGCCAGGGCCCGGTTGGCGGATTTTCGAAAAGCCGATTTGACACAGGCCAATTTCACGGGAGCCGATCTGCGAGAAGCGAATCTCGCCGAGTCCCGTCTCCGCCTGGGTATTTTACGAGGCGCCGATTTGGAGGAGGCCTATCTGGTGAGGGCGAATTTCGAAATGGCCAATTTGGCGGAGGCGTCTCTTATTCGAGCGGATGGTCAAGAAGCCAATTTTCTGCGAGCCTTACTTGTCAATGTCAAACTTTTGGATGCGGATTTAAACCGAA
NZ_CP116968.1_gap3	14995	16059	1064	GGATGGGGTGGAGGTTTCCTTCAATGTGGAAGACGGGGAGAAGGGGCCACAGGCAACCACGGTGAATCCACTTCCCAGTGTCCCGGGAGCCGTTGATAAAGCTGCCTTCTCCTGAAGCGACTTGACCAGGAACCTCAGGGATCACGGAAGAATTTTCCTCCTTCTGAGGGAGAGCTATCTGCTTACGGGTCGAGGCAGCTATCAGGTAGCCGGATCACCAAAGCCCGAGGCTCTGTGAAGCCGACGGGCTATGATGTTTATCTGCCGGGCGGCTTTAAGGGGTACGTTTTTGTAAAATCGGATTTCGAGGACTTTGTAGTATCGGGCTAAGGGGCTTCTGCCTATTCACCGTCGGATTTATGGGTTCTGGTCTTTGTACATTCGTGGAACATCCCGGTGAGATCTGTCCAATGACACAATCTGGTGAGGGATTAACAGTCGGAGTGTCGATCCTTCGTTCGAGCAAATTATTGGGGTTTAGGAAAAATATCATCAAGAAATGATCCAGTGAGGCCGCCTCACCGGAAGTCACACCTCCGGCTCCGGGACCCATCACAAACCCTCTGACTAATAACTTTTGCACAGCTGCTGCACAATCCAACCCTCTATTGATTTCCACATCGAAGGTCGATGACATATTATCAACCACAAAAGTATTTGTGGCACTCTCGACACAATCCAAAAGAACAACATTCCGATCGAAAAAGGGAATCTTCTGGGCCTCAGATACTCCCCCGGTTAGAAAAACTATCGTCAAACCTCCAAGTACCAGCGCTATTCCAAAAATGTTTTTATTTGGTGAAATGTGCCTCATTTGGGTCCTCCGTCTGTGTAATTGTAAGAGCGATGCCGAGACCATTCCTTAACCTTTTTCACTTCCCGCCTGTGAGGGAGAATTGTTCTTTTTTGTCTTTTAGTCCTTGTTGCGCTCAGAGGATGTGTTGCGAAAACAACCTCCGGCGCAAACGTCGAGTTCCTCCTTTGATGAAGTTGAAAAAAAAACGGCCTTTGAGGCTTTCATCTTCCTCAAAGGCCCTCCATTGCCTTAGCCCGATGTGCTCAAC
NZ_CP116968.1_gap4	17499	19625	2126	GAAGATGATAAAACGTGTTGTTGATTTCAACAGTGCTGAAGTGGCGGGCATAAAACCGGAGAAACTCTTTACTGGCCATGCCTGACGGATAAAAGGGGCCCACCCAATGTGGATAATGCCAGCCTGAAGTCCCAATGTAGATTCTCCCGATGGTCTTCATGGGGGGTAATCATGTCATGCTGAAATGACACCTACAGGGCAGCTGTTCAGGTTGATAAGGTTTCTTATCCCTTTCAAGATCTAGTTATCGGGGTGTTCCAGGGCCCTACAGGGCCCTAGAACAGTCATGATGATAATTCCCTGACGAAGGTCCGCTTTATTGCGTATACGAAGCCGGCTGGCGGTCCGGCGTTTCGGAGTGGTCGTGGGTCTGAATTTCTGTATGGGCCGTTTTGGTGACGATGGAGAAAGGTTCGTGATGTCGGGTGTCTCGGGGGGACCTTGGTTTGCGGAGTCATCCTCTGAAAGAAAGAGATCCTTCAGATCTCTGAGAGCGATGTCTCTCCGTATTCGTTCGTTCAGCCATCGAATGGCAAGAGCGATCAACGACAGAATGAGAAAAATGGTAAAAGAAATAAATGCTTCCAAACTCATCATCATCTCCTTATTTGGAAGGTCCCGGCGGTTCCTCCTCCGTGCCGGCAATGGCTCCTCGCATGGCCGTATCGGCTTGTACATTTTTCATCCGGTAATAATCCATGATCCCTAAATTTCCCTGACGAAAGGCTTCGGACATGGCCTTGGGAACCTCTGCTTCCGCCTCCACGACACGGGCGCGCATTTCCTGTTCCAAGGCGACCGCCATGGCCCGCCGTTCTTCCGCTTTGGCTTGAGCAATCTGCTTGTCCGCATTGGCCTGATCGATTTGCAGCTTTGCCCCGATATTTTCTCCCACATCGACATCGGCAATATCGATGGACAAAATTTCGAACGCCGTCCCGGCATCCAGGCCCCTTCCCAATATATTTTTGGAAATATGGTCCGGGTTCTCCAGGACATCCTTATGTGTGGCGGAGGAGCCAATGGTGCTCACCATCCCTTCTCCCACCCGCGCAATAACCGTTTCTTCACCGGCTCCGCCGACCAACCGGTCAATATTGGCTCGAACGGTGACTCGTGAGACCGCGATGAGCTGGATGCCGTCCTTGGCCACGGCAGTTATTCGGGGAGTTTCGATGACTTTTGGAAGGACTGACATTTTGACGGCCTCAAGGACATCACGGCCGGCCAGGTCAATGGCGGCGGCGCGTTTAAAGGTCATGGGGATATTGGCCTTGTCGGCTGAGATCATGGCATTGACGACTTTGACCACATTGCCTCCGGCCAGAAAGTGAGCTTCCAGATCGTCCACGGGAATATCGAGTCCTGCCTTGACCCCGCTGATTCTGGCATTGATCACGGTGACCGGGGGAACCCGGCGCAACCGCATGCCGACCAGTGTAAAGAGTCCAACGTAGGCGTTTGAAGCCCATGCCGCGATCCAAAGGGGAATGGGAATGACATACAGAAACCCAAACAGAAGTACCAGAACCAAGACAAGGAGCCCGAGGGAACCGAATGCCTGAGTTTCAATTTCCATTATTTGGAGTCCTTTTCTGATTGGGGTGGTGCGAGTCGAACCACCACCCGATTGCCATCGATGCGCACGACTTCAAGAGGTTGACCGGCATCAATAAAAGTTCCGTCGGATACCACATCCACCCGTTCTCTATCAAAGCGAGCAATGCCGGAAGGGTGCAGGTCGGATACGGCGATTCCCTGCTTGCCCAACCAACGATGATCTGCCTCCGGACTCGATTCATATCCCTCTTGAGCCTGCAGGTTGGTTTCCAGGATCAGTCGCCTTCCATATGGAAGGCGGGGGAAATAGCGGAGCAGAATGAGGGTGGCGAGGATGGCCACCAGAATTGAAAAGGCCACTTGACCAAGGGCGGAAAGCATGGAATCCCAGGTGGCCCCGGTTCCGATAAGACTCAGTCCCAATCCTCCCATAAGCGCCATGATTCCTAAGATTCCAGCAATGCCAAAGCCGGGGATGACAAAAATTTCCAGTCCGACCAATAATAGGCCAAGTCCAACTAGGAGAAATTCTTCTAATCCTGCGAGTTGGACAAGCCCATGTCCCC
NZ_CP116968.1_gap5	95363	97013	1650	CAAACATTCAAAGGTAGCAAAAGTACCAGCATTCATCTGGAAAGCTTAATGGAAGAATTGGATCGGGCACATATCGTTCTCCCAAAGGATATTCCAGCTGATGTCGTCACGATGAACTCACGCGTCCGGCTATCAGACATGAGCAAAGGGGAAGAGCTGGAGTATACCTTGGTCTTTCCGCGTGATGCGGATGCTGCGACAGGAAAGATTTCTATTCTTGCCCCTGTTGGAACGGCCATTCTCGGGTATAGAGTAGGGGACACCATTGAATGGCCGGTCCCCATAGGGACGAGGAACTTAAAAATTAAAGAGATTCTTTATCAACCTGAGGCGGCGGGAGATTTCCATCTGTAAATTTCTCCTTGCTCTACCCATTCACATGAACCACATGGAATCGTGTTAAGATAAAGACGTAAAAAACCGATTAGCTGAACAGACCGGAGGAATGTTTTATGGATCATGCTGCCGGTCACCACGAGGGATAGAATTTCCAATAACATCTTGCCTGTCGAGTAGATCTTCCGGGACAAATGCGTTGGTTATCACTATGGAAGGTGTCTCATTTATGAAGAGATCCTTGCCCCAGATCTGTTCACAATGGATTTTTTATTCCAGGGCCCGTCCGGTTTGTCTGTTGGATTTGGCGTCTTTTTTCCCATACCTTTATAGCAGGGAGTACTGCCGCTGTCATTAAATCCCTGATCGTGTAGAATCCCTCAGTCAACTTGAATGGGACGGAGGGATGGAATCTTATGAAACCGCAATCTTCGGTTTTTTCGTCTCGCTCACACCCGCATCTCTATGAAATCAATACCTGGGTGTGGTTGCATGACCTCTCTCAGAAAATGAACCGAACGATTCGTCTTGGTGACGTGCCTGATCAGGAGTGGGATGAGCTTCAGGCAAAGGGATTTGATTACCTGTGGCTCATGGGCCTATGGGAGCGCAGTCCTCTTGGCCGGCGGATTGCAAGACAACATGCTGATTTACAGAAGGAATACACCAAAGCGCTTCCCGATTGGCAGGAATACGAGGTCGTAGGTTCCCCTTATGCCATCCGGGCGTATCAGCCTGATCCTGAGCTGGGGTCCTGGGAGCAATTGAAGGACGTATTGGGAAAACTTCATGACCGCGGAATCAAATTGATTCTGGATTTTGTGCCCAATCACACCGCATTGGATCATGAGTGGACCACCAGACATCCGGAGTATTATGTTCAAGGAACCTCCAGAGATGTCACAAATTTCCCTTCCCGGTTTTTTCCCATCGAAACATCACAAGGCATTCGATATCTGGCACATGGCAAGGATCCCAATTGTCCTGCATGGACGGACACCGCGCAATTAGACTACTTCAATCCTGATACGCGTGAGGCGCTGATGCGCGAATTGCAACAAGTAGCCAATTATTGTGATGGCGTTCGCTGTGATATGGCCATGTTGGTGCTCAATGAGGTGTTTGCACAGACGTGGGGAAATCATGTGAAGGGCGAGGTCTTCCCTTCCGGGGAGTTCTGGACAGAAGCCATCTCTCTCCTGCCGAATTCTATGTGGATTGCCGAGGTCTATTGGGATCGGGAATGGGAGCTTCAACAACTTGGCTTTCACTTTACTTACGATAAAAGATTGTATGACCGGCTTCGCCATTCGA
NZ_CP116968.1_gap6	104968	106995	2027	CTCAACCTACCAACCCTTAACTCCTGACCCAGACTGCCTTATCCCCTCACATTGTTCGACGCCTCCCGCCCGGTCCCAGGGGTGGAGGCTCGTATCCATCGGCGGGCCTTGTGTGAGCCCTTCGACAAGGCTTGTATGGTGTCTACAGCTCAATTTTTGAGAAGCTAAGGAGAACTGGGGTGGAGGGACATCGACTACCATCTGCCGCACAGCGGACAGACTCCCTGAGAACTCTCCCACCCACACCACAAACGTCGATGAAGAATCTCGCGGCAGGGACTCTGACCGCCGATTTACCTGCAAGCTCACGTTGGTGTGTGCCACCCCAGTGTCATTCATTCATTTCTTTCTAGGAGGCTACGATGATACAACCCGCTCTGAATGTCGGCGTGGATGTGGCCAAAGACGCCGTTGTAGTCGCGTGCGCTGAGTCACGGTTTCCGGTCCAGAGTATTTCCAATCAGCGGGCCCTCTTGCGGGCATGGCTGAAATCTCTCCCGGCAGGCAGCCGCATCGGCTTGGAATCCACTGGCGATTACCACGAATTGCTGGCGGACCTGGCACAGGCCCTAGGGCATACCGTCTTCCTGCTGAACCCTTTGGAGACTCGGCACTACGCCAAGGCCATGGGCAACCGGGCCAAAACCGACCGGGTGGATGCGGAATTAATCGCCAGACTCATCGCCCAAGAGCATAGGCGCTTGCGCCCCTACACGCCCCCCACGCCCAACCAACGCAAGCTGGACCGGCTCATTCGCCGGCGCGCTACGATCGTCCGCCTCAAAGGCACGCTGAAGCTGAGCATGCGTAATTTGGGCGGCTTTGCCGCCGAACTCAAGGCCGTGGTGAGCAAGCTGGAGGCCTTGATTGCCAAGATTGATGCGACCCTGTCCGCGCTGGCTGCCGGCTCACCTCAACACCAGGAGGCGCAACAGCGGGTGCAAACCATTGTGGGCGTCGGTCCTTTGGTCGGCATCAGCTTGACCAATACGCTGCAGCGTGTGCCGTTTCGCAAGGCGGATGCCTTCGTCGCCTTCACCGGGTTGGATCCGCGTGCGAATGACTCGGGGCGCAAAGCGGGGCGCCGCCGCTTGTCCAAACGCGGCCCCGCCGAGTTGCGCCGGTTGCTGTTTAACGCCGCGATGGCGGCCATCAAAACTAAAGTCTGGAAACCGATCTACGAATCGTACCGCACGCAAGGCTGGAGCACGACAGCCTCGTTGGTGATCATCGCTCGTAAAATCGCCCGGGCCGCTTGGTCGATTCATCATTACCGTACAACATTTCATCCAGAGCGGATCACACAAGGTTTGACATAAACCATAGAATCTCAGGGCAGGCTCCGCGAGTTGGCCTGCCTTCTCGTGGCTCCCGTCCGCCCACTCTTGATGTGACCAGGCGGGGCGTCACTGGTTTTGGGTCCTTTTGCCTAACCAAAAGGACCTGGGCTGCCGGGACGAAATCCGGCATTTATCGTACCTGTTCATAATCCCCCGTTTATGTCATTGAGTAATACCAACCCCCTGTCCCCTCACAGGGCCTCTCTCAGGTTTTTTGAACCCCAAAATCAGCAATGGCCTGATTGGCGGTCCCTGGTAAAAGGATTACCCTGCGCACGAATCACGCAGTCGACCCCCACCGTATGATTCAGGACTCAAGGAACCTCGCAATCGTAGGGGAACCCTATGCAGTCTGACGCGTCCGGCCCAAGAACTGAGCGCCCATGGCGCGGACCGTTATATATATGAGCCGATACCACACCCGGCGATGATGCATGGCAAGACCTGACCTTTCATATGCCCTTTCATACAAAGAAAATAGCCTACAGCTAATTATCTAATCATCCAGGAGATTTATGATGTCCACCTTGCGTCTACCGCCAGCCCAGGAGGCTTTGCAGCAATTCCGGGAAAATCACCCCGAGATGAATTCCATTCAGCAAATCGTCAGCATCCCAGAAGACGAATTTGTGAAACTGTATGGAAAGAAGCTGGCAGGCGGAGATCGAGAGGCGAGACAAATTCATA
NZ_CP116968.1_gap7	132983	136827	3844	CGCTGAAGGTGAACACATCTTTGATCATGGATGACGCACGGCTACAGGCGCTCGTCGGGGGTGTCACGAACTCCCTTCTCATGGACATCCAGGCTGCAGGATCCAGGGGAGCGATAACGCGACGGGAGAATTTCGTGCGCCGGATCGGCTCCAGCATCTTGAAAGGCGGGGCTCTGGCTTTCAGCCAGAACATTGACCTGTTCCTCCCGAAGGAAAACTCGGAAGCCAAGCAGCTGGTCAGCTCCACCCTCACACAACTACTCGACGGGACACATGGCAAGGAAGACCTCTTTACCAACGAGTCCCTGGAGCTTCTTTTCCACAGCGCCCTAAGGGCCGTGGCGGAAAACCCCAAGGTATTCTCGGATGATGCGGTTTTGCAGGAACTGATCAGCCGCACCGTCACGGCCATGACGGATACGACGGGCAGGAAGGTGTTTTCCTCGGAAACGGTCACAGCGGTGCTGAACCAAGCGCTATTGGTCGGCGCCGAGAACATCGAGACGCTCATCGATCCGGCCAATCCTCAGAAGCAGCTGCTGGCGAACGCCACCCGGGCTGTCGCGCAGAGTTTGAGCGGCTCGCTTGCCGGGGGAGGGACGGTGAAGGACCTGCTCTCGCATCAGCAGCTTGTCTCGCTCATGGGTGTCGTGTTCAAGGAGATCGCAAAAAATCCTGAGCAGCTCCTCGGAAACGCGTCACTCGGGGACCGCAAGGCCGCTCTCGCACAGATCATCGGCTCGGTGGCGCGCGCGCTCGGCGACGAACCCCGACGATTTGTGAACGGCAAAGGCTTCGTGCTGCTCGTCGAGACCGTGATGCAGACGGCTGCGAAGAACGCCGACAAGCTACTGAACCTCGATACCACGAGCACCCGCGACAATGTGCTCTTCGCGGTTATCCAGCAAACGGTCGACGCGATACTTGATAAGGGAGATCCCCGGGAGCTCCTGAACCGGGAGGTGTTCCTCCACTTGGCCGGGCAGATCCTTCCCGTCGTGTCCGCGAACCTCGCCGGACTCGAGGAGGCGCCTGAGGCCGTCCGTGACGCGGTCGGCACCGCGCTCGGCCTCGCGCAGGGTGACTTGAAAGGGCGCATCAACGGAGAGAACCTTCCAACCTTGGTTGTCGGGCTCCTCACTGAGGTTCTATGGAACGAGCTCGATCTCACCGAGGCCACCGCCGTGCTTCAGTCCGCCACCCGCGCCCTCAAGGCCGCTTAACCTTACAAAGGAGCCGGATATGCAACACAAGATCTTTCAAGCGGTCTTTCACGCTGCATTATTGGTGACGCTCGCATTCGCATCTGCCTGCACCACGCTCGATTACCGGAGCGTTCAGGGTGAATTCGCCGATGCCGTCGCGGCCGACAACGCCTGGTCGGTCTCGCCTCTGGGGGGCAACGCGGCGGATGGGCTCTACGGGAGCATTCATACCGAGCTGACCGACATGTACATCGCAGGACTCGACGCCCGGCTGCGGCCGAACGCCTGGTTGCTGCGTGCGGTGTCCGCCTGGCGTCTTGGAGACTTCTCCGACGCCCGGACCTCGGCGGTCGCGGGCATCGACAAGCTGTCAGAAGTGCAGCGAGGGTCGCGCGACCACGTGATGCTGGCCATGCTCGACGGGCTCATCATCGACTCCGATTTGCTCATCAAGTTTCGGGACCGCGGCAATCGCGTCACAATAAATGACTACCAGTCAATTTTCTCGCCGGACTTTGACACGGGTTTGAAGGCGCTGGACGATGGCTTTGCGCAAGCGGGGCCGGCGACCCCTCCAGAGATGGGCTGGTACTACCACTATCACCGCTGGAGGTTGTTACAAAACTGGCGCACCGTCGTCAATAGCATCAACGACCAGGACCGGGCGACTGCTAGAGCGGACTCCGAAGGCAAGGTCGGCCAGGATCTGCGCCAGGCCATGGAGGAGGAGAAGGGAAAGATCCCCGACAACCATCCCTTGCATCTGCTGATCTTCGCACACGAGAAGAGCTGATCGGGTCACGATCATGTCGAGAGACAATGCTGCGCACGGTGCTCCTGGTGAAGATCGCCAGGGCGCCCGATTGCGGATGCCTGAGAGAACAGGAGAATGCACCCGATGACAGAACGAGAGACGCTGAAGTACTTGATCGACGACGGCACGGTCGCCACGACCCTGCGCAAAGGCTCCTCGGCACGGCACGCCATTGCCGCGCTCCAGACCCTTCTCCACTGGCTGGGGTTCGACCGCCAGCTGAAATGGGAGAAATTCGGCGCCGACGGCGACTACGGCAAGGCGACCACCGCCGCCGTCGCCGAGTTCGCCAAGCGTAATGGTAGCAGGGCGAACGGTGCGCGGGTTACAAGCGCTCTCGCCGAGAAGATTCTGGTCCGCTATGACTCGCTGGAAGAGCTGAAGCAGCTTGCCGAGGACGTCGAGAAAAACAGGATCGAGAGGTACTACAAGAAAGGAGGAAGGGATCGGGTCCGGATCGCCACCCTCCAGACCCTACTGCAGGAGCTGGGCTTCGCCGGGGAGTTGAACTGGAAGAGGTTCGGCGCCGATGGAGATTATGGGGTCTCAACCGCCGCCGCAGTAGCCGCCTTCGGAAAACAGGAAGGCGTCGAAGGGGACGGGAAGGTGCTGCCGATGCCCCTGGCCGAGCGCATCGTAGCCAGGTTCAACCCATTGTACGGCGAGAGCTGGCATGACCCGGCGCACAAGGCGACCCCGGCGCCGGGATCTCTCAGTGTCAAATCCATTAAAAGGAACAACAACCGCCAGTACCTCATGGTCTCCGACGGCGTTCACCAGAAGCAGTTCAGCAAGTTCCGGCTCGGCCTGTTTACGACCGGCAATCAGACGCCCGCCGCCTTCGTGGAGACGCACGCGAACAAACTGCTTGCTCTCAAGGTGACTCAGTCGGAGATCAACGTGATGATTGCGGTGGCCGAGAACGAAGGGAACCTGGACGCCATCAACACCTGGGATAACGCGTTCCTGTCATTCGGCCTGTTCCAGTGGACCGCAGGACAGGGCAGCGCCAAGGGGGAACTACCGGCGCTGCTGGCGCGTATCAAGGACGAGGACCGCGACCTGTTCGACAAGTACTGCGGCCAGCACGGCCTCGATGTGGTGGGGGTCACACCCGGGCCGGTGTACGGCTACTTCTCGCTCCGTGGAACCACGATCAAGACGCCGGAGACCAAGGAGCAGCTACGGCAAGCGCCCTGGGCGTTCTATTTTTGGCTCGCAGGGCAGGACGCGGCCGTCCAGGCAATGGAGATCAAGCACGCCCTGGGCAGGCTAGACCAATTTTATAGCACCGAAGGCTACACGGTCGACGACAAGTACCTGGTGTCCGAACTGGTGACCTCGGAATACGGCGTTGGCCTGATCCTCGACAACCACGTCAACCGGCCGGCCTACGTCAAAGCTTGCCTGGCGAAGTCACTCGCGCAGACCGGGCTGCGCAATCCCGGGGGATGGGGCACCGAGGAGGAGCGCACGCTCATTGACGCCTACCTCCAGATCCGGTTGACCCACGGCCGGTCCCCGATGACCGACGCCGAGAAACGCGCCCGGGTGACGAAGAAGTATTTGACGGCTGGCATCATCTCCGACCGCCGAGGTTCCTTCAAGCGCTCTTCCTCCTCCGGATCAATTCCTTGAGTGTGCAACTACAGATGCCCCTTAATCCTGACCGATTGCAGTGCGATGCGCCTGGCTTGGATTGACGTTTCCACCTGGTTAAGATTGGGAGCGCGGCGCTCCTACAAAACTCTCGCACCGTCGTCAACAGCACCAACCAACAAGACCAAGCGATCGCTAGCGAGGACGCCGAAGGCAAGGTCGGGTA
NZ_CP116968.1_gap8	272880	275457	2577	ATCCCGGTGTGGAAATGAATGTAGATCCCTCATCTGAAGAAGCATCTTCAGGCAATTCCCGAACACCCCTCATGTCGATCGGATTCGCGGTTTTCGCCGTTCTCATCGTGCCGGTTTTTCTCTATTCCATGGGCCCGGATGGGCCTGCCAAAGTTGGTGACGTGGTGTTTGCCACGGATCGCCATCGTGTACGGATAATGGGTTCCGGAAATGAGGAGATTGGAACGTATTCGGCGATGTGTGTTCTCGAGCCACGGGTACAATTAGTGGTTCAGCAAATGGGCCCTCCCTCAGAGGGGGGTATGATTGCGGAACCGGTTGGCCTTGAGAAGACTGGTCCACCCTTTTGCGTTCCGGGGAAACCGGTTATGGTGTATTCCCATCAGGTGACCTTACAACCGGACCTGTGGGGTGGCCTGCAGGACACACTTTTGCAGCTCTCCTCTGGTCGCTGAGCAGGACGACCCCTACGCCGTTTATCTCCAGGCGCTCAGGAGGGTTTGAGCTTGTCTGAAAAGCGTTGCCGGAACTTTGCCACTTTGGGGTTAATGAGGTAGGCACAGTAAGGTTGTGACGGGTTCTGCACAAAATATTCCTGGTGATAGGCTTCGGCCATGTAAAAGGGTGACGCAGGTTCCACCTGGGTCACAATGGGATCGTCGAACAACTTGGCTTCCGTCAGGGTGCGAATGACCTCGTGTGCGATCGTGTCTTGTGCTGAGGAATGGGTGAAAATGGCGGAGCGATATTGGGTGCCCGCATCATTCCCTTGTCGGTTGAGGGTGGTGGGGTCATGGATGCCAAAAAAGATTTCCAGGAGTTCCCGGTAGGTGATGATGCCGGGATTAAAGGTAATTTGTATCACTTCGGCATGCCCCGTGTTTCCGCTGCAAACAGCCTCATAAGTTGGATTGGGACGACTACCGCCCATATAGCCGGATTCTACGGACTCGACACCCTTTACCTGATCGAATACGGCTTCGAGGCACCAGAAGCAGCCGCCACCGAATGTGGCGAGTTCTTTTCCTGTTGAGGAGGCTATGGCCGAGTCAGACATGCGTTACTCCTTTAAATGAGTCGTCATATAAGTAAGAAGAGAATTTTTCTCCCACAATTTCCAAATCTGGTAGATTTTCTGCGACAGCTTGATAGTTGGTACAAGAAGCAAAAGACTGAAGCCGTGCGATCGATCTGTCCGGTCACAGAGTTTATACCATGCCCTGTTTTTTTGGGCCACTGCTGGTTGGACTGGTGGCTAGGTGAGAGTGGATTTTTCCCCTGAAATTTTCGCTTTACTTTTTGTTCGGCCCCTTTATAGGCTTGGAGGATTTTCTTTTAGACTGTTGAGTGGTGTGGAGAGGAGCAAGTTATATGCGGGTAGTGTGGGCCACGGACATTCACTTGAATTTTCTGGATGTCGAGGGACGGGACGTATTTTTTTCGTCCGTTCGTGCTCAACAGCCGGACGTCGTGTTTGTGACCGGAGACATTGCTGAGGCTCCATCGTTAACCCAACTGCTCCATGAAATGCATCAAGCCATTCATGTGCCGTTGTATTTCGTCCTGGGGAATCATGATTTTTACTATGGTTCGATTTCCCAAATTCGAAATGATGTGGAATGCTGGCGTCAGAGTCAGCCTGGACTCACCTATCTTTCGACATCGGGGTTGGTCGAATTGACGCCGACGACGGCGATGGTGGGGCATGACGGATGGGGAGACGGGCGCTATGGGAACTATCATCTGTCCCCGGTTAGGCTCAGTGATCAGGAGTTGATCGCGGATTTTCAGGATTTAGATCGGGAGGCGGTGTTACGCAAACTCCGTGCGTTGGGAGATGAGGCGGCTTGCTATTTACGGGATCGATTGGATGAGGCCTTGTCATCATATCAGCGCGTCATTTGCCTGACGCATGTCCCGCCATTTAAAGAAGCCTGCTGGTATCAGGGGAAAATGGGAAACGATGATTGGCTTCCATATTTTGCCTGCCAGGCAGTTGGCGAGGTGTTACTTGACGCATCACGGGAACGGCCGGATTGTCAAATCACCGTCTTGTGTGGTCACACCCATCATGCGGGGACCGTTCACCTGCGGCCAAATCTGCGGGTTCTGACGGGTTCTGCCGAATATGGTGCTCCGTGTATTCAAGAGAGCCTCGACCTTGAGGAACTGTTTCCCCAATCAATGTTGGTAGAAGGCGGTGAGGGTGAGGGAGGAGCGGTCGGTAGCAACTGATGCCTCCGGAAGGCCATCAGGTCCCGCTAAATAAATCTGGTCCGTTCGTTTGGAGTGGGTACGCGGCACGAGTCGGATTTTCCCATCCACTGATAGCGATGCCGGGCGATGAAACTGTACACCATATCGCGAAGTGGCCGGGGAATGATGATGAAGGCATACAGCCAGGGCCAAGCTCCGGGAAGGCTGCGAAAAATTTTGAGAGCTGCAGTGGATTTTGTGAAGACCTTCCCGTGTTCCAGCATTAAAAAGGTTTCATAATCCTGAGTCGAAAGATGAAGGTGAGACAGAATGTCCTGCGCCGGTTGGGATTGAAGCGTTCCGAACTTAAATAATCCTCGG
NZ_CP116968.1_gap9	424333	426344	2011	TCAACATGATCAAAAGTCAGCCCGTGAATAGTTTAACCATTGACCGGCGAACGGTGACAGCGGCGACCGAACATCTGGTGTTGACTCCTGGCACCGTCGATCAACTCGGGGAAGCCGTCAATTCCGGTTGGGCCATTTTTTTGTATGGGCCTCCTGGAAACGGGAAAACGGTCCTGGCTGAAGCCATTGGGAAGATGTTGGAAGCGGTAGGCGGGGGAGAAGTTTATATCCCCTATGCCATGGAGGTCGATGGTCAAATCATTCAAGTGTTTGATCCGATCACTCATGTCAAAGTCGACGCTCCACAAGAAGCGGCCAGATCCCTCATTGAAGCCAAAGTGGAAAAAGATACCCGCTGGGTACTGTGTAAGCGTCCGATCGAGTTTGCCGGCGGTGAGTTGACGATGGCCACGCTGGATCTCTCTTTTAATGCGTCCGCGAAATATTACAAAGCGCCTCCTCATATTAAAGCCAATGGCGGGGTGTTTCTGATTGACGACTTCGGACGACAATTGGTCCGTCCCCGAGATTTGCTCAACCGATGGATTGTGCCGTTGGAAAAGCGGGTGGATTATTTGACATTGCATACGGGTAAGGTGTTCCAAATTCCCTTCGATACGATTGTCTTGTTCGCCACGAATCTGGAACCGGCCAAGCTGGCCGATGAAGCGTTCCTTCGTCGGATCAGAAATAAAATCTACATTGCCGATCCGACCCCCGAACGGTTTACACAGATTTTTGAAGAAGTCTGCAAGAAAAAAGGGGTGCCGTATGATCCGGAAGCGGTGCAGTATTTATTGGATGGTGTGTATGTCAAGTATCAATTGAATATGCGGAGTTGCCATCCCCGGGATTTGATCGAGCAGATCGTCAGTATTGCAAAATTTAACGGAGTGCCGCCGACCCTCTCCAAAACGTTTATCGATCGGGCTTGCCATACCTATTTCTTTGTAGAGGCCGCCGAGTACGATCAGAACACGAGTCAGTAACGTTTACCCTACCGATGCTGTTCGCTATGATGGCCTAACTTTCCAGGGAGGGAGAGTTGGTGTCCCATCTCGCCGTCCGTTCCTCCCATTCGTACCTCACGCATTGACATTTCTCATCAATTGACCAAGAATTTGCCTGGATTCCTACAGATCCGTGGCTGGTGTCGGCGCCAATCTTCTGTGTGTGGAGTGCGCCCGGTTTCCTTCGGGTTCGGGTCTGTGGACTCCACCCTCCAGTAACGGCTTGTACCGCATCCGGCTTCGAATGCAGTAGAGGCTCTTGCCGGGGAGAGCGTTTACGCGCTGGTGTTGCATACATAGGGGAGAGGTGTCGAGGGCGAAAACCAAAAGGAGAGGCTGGACATGAAGATTGGAGTCGGAGCAGATCCCTTTGGCCTGGAACTGAAAGAGGCAGTGAAGCGACATGTCCTGGCACTCGGTCATGTATGCGTGGATGTGGGCGGGACCACGGATGAAGCACGTCCCTATTATGAAGTCGCGCATGAAGTCGCCGGAAAAGTGGGTTCAGGTGAGTGTGATCGCGGTATCCTGGTGTGCGGGACAGGGATGGGCATGGCGATCATTGCGAACAAACATCCGAACGTCTATGCCGCGGTGTGTGAGGATCCTTCGGCGGCGACCAAGGCCCGATCGATCAACAATGCCAACGTACTCACCATGGGTGGCATGGTTACGGCATTTTACAAAGGCAAGGAGATCCTTGATGCGTTTCTCACGACTGAATTCAAAAGCGGATGGGATGAGGAGATCCAAGCTTTTCTTGACCGTTCAATGATCGATATCCAGCGGATTGAGTCCGAGGAATTCAAGAATTGAAATCGGATAAAGGGGCCAGGGCGCGTAAAAATGCTTTTGCCAAAAAATCCCTTCGATTCGTGAGGTGCAAAATCTCACCGATACCTCATTGCATGAACCGCAATTATCTATTTACACCATCAACACACCTGGAGCTTCATCATGAAAGCCGTTGCCTACAAAACACCTGGTCCGATTGAGCGTGA
NZ_CP116968.1_gap10	428612	433450	4838	CGATTGATATTAAGGCTGGAAAGGGTTGGGAAGAGGCGGACGGCAAGAAACCCAAGTTTAAAGAACATTACGCCTTCCAGATTTTGTTTTATCGGTTGTTACTTGAGAAGATTCAGGGAACAGTTCCAGCGGGTGGGCGGATCATTAATGTAGACAAACAGCTTGAACAATTTGATCCGGCTCCATTTGAAGAACGGTTTAACCAGGCCATGCGGGACGTTCAGCAACTGGTGTCCGGGAAGGAGACTTCGGAACCGGTGATGGGAAGTCACTGTACCATGTGCGGATGGTTTAGCCGATGTTACCGATGGGTGAAAAAGGAGTCCGATCCCACCGGCTTATTTTTTGTGGGTAAACAAAAATTTGCGCTCAGGGAGCAGGGGATTCGGACGATTCAAGATATTGCTCACATGGATGTGCAAACTTATCTCAAGCCCCCTCATAAGATTCCGCGAATGGGAAAAGTCTCCCTGACACGGATGAAAGAGCGGGCGCAGGTTCTGTTAGAGGGAAAGCCGAAGATCCGCTCCGGCTATAGGTTTCCGGAGGTTGATCGGGAGATCTATTTTGATATTGAAGATGACCCGACCCGTGGCGTCACCTATTTGTTCGGAATGGTCATTCAGGATGGAAAGAGGCCCTCTCATTTTACCTATTTTTTGGCTAAAAGGCCCGAAGACGAAGAGCAGGCGGTCAGGGACTTCTGGCAATTTATTCAATCGACGGAACAAGCTGTGTACTATGTGTATTCCCATAAGGAGCGATCGACGCTGAAACGTCTGATGGAAAAATATGATCTGGATGCCGAGACGTTTGAAAAATATAAGGCCTGTGAATTTGATTTGTATCAAGACCTCATTGTGGAATATTCTGATTGGCCGACATTTTCTTATGGGATTAAACATATCGCCAAGTTTATCGGGTTTCAGTGGAGAGACGTGGACCCGTCCGGCGCCAACTCCATTGCCTGGTATAACGATTATCTAGCCAATCCGGCTCATGAAGCGCTGCTGAATAGAATTTTGGAATATAACGAGGATGATTGCTATGCCATGGCAGCCATCACACGATATTTTGTACATCACGCCCACAAGACTCAGGGTATGCCTAAAAAGCTGGCGCCTTGAGACGCACTGTTGAGGAGATTGGACTATGGCTGCAACGGTATTAGTCGTTGATGATGAAAAGGATCTGGTGGAGTTGGTCAAGTATCACTTGGAAAAGGAAGGTCTCAAGTGCCTGGAAGCGCGTGATGGGGAGACGGCCCTGCAGATGGCAAGGGAACGTACTCCGGATCTTATAGTCCTGGATCTCATGTTGCCGGGTGTGGATGGGTTAGAGGTCTGCCGGAAGTTGAGGAAAGACCCGAAAACGTCTTCGATCGCCATTATTATGTTGACGGCGAAGGCCGAAGAGGTCGATCGGATTGTCGGGTTGGAAATGGGGGCGGACGACTATATGGTGAAACCCTTTAGCCCAAGGGAACTCCTCGCCAGAGTGAAAGCGGTGTTGCGGCGGGGACAGGGGCAGGACATGCCGGCGCTTAAACGGGTTGGAACGCTCGAGGTCGATGAAGGCAAACACCAGGTGACGGTGGACGGGACCGTGGTGGAGTTAACTGTCAAGGAATTCGATCTGCTCTGTGCGTTGATGCGGGCGAACGGCCGGGTCCTGAACCGGGAGCAAATATTGGAAACGGTCTGGGGTTATTCCAATGCCGTGGATATAGAATCGCGAACGGTGGATGTGCACATCCGGCGGCTCCGGGAAAAGTTAGGACGCGAATGCGCACGCATTGTGACGGTCAAAGGTGTGGGCTATCGTTTTGAGTCGGGGTCGGTCTAAGGTGAGCATAATGAACCTGACATTGATCAATGCGTAAACCTTCGCTCATTCTTGTTGGTTGGATGGTGGCCTCCATGATCGGTGTGGGTGTGGCGGTTGCCTGGGCATGGCCTTTCTGGGCGATAGTGTTGTTGGGGGCTGGTTTGGTCGGCGTGGCGGTGTTGCTGACCCGGGACATCTGGGATCAGACGAGAGAAAACCATGAAGAGGTCATGACAGGCGTTCGTCAACTTGAACAACTCAGCGGGATTGATGAGGCGAGGACTTCTCGTGTGTTGGACTCCGATGCCTTTGGAGGCTATATCCAGCGCCTGGTGGAAAACGTGAAGAAACGTATGACCGGCCTCGAGGAAGAACGCACGAAAATTATCGCCATCATGGAAAATCTGGTGGAAGGGGTGGTGGCCTTTGATCCAAAGGGAAAGGTGTTGTTCACCAATTCCAGCGCCCATCGCATATTGGGATTGGACGCTCAAGCGCTTCAAGGGCGATCGCTGTGGGAAATCATCAGAAATCAAGAACTGGCAGGTCTGGTTGAAGGCTGCCAGGAATTGGCGTGGCATGAGCGACGACAGGCAGAGGTAGAATTGCATCCTCCCGTCTCCATGGTGTTAGAGGTCTATGCGCTCCCTTTTCCCTTTTCCAATCAGAAGAAGGGGAGCGTGCTGGTGTTGCACGATGTTACCCAATTACGTCGCTTGGAACAGGTACGGACGGAGTTTGTTGAGAACGTGTCCCATGAACTGCGCACCCCGCTGACGGCCATTGTCGGATATTTGGAAACGCTTGTGGATGAACCGTCATTGGAAACTCCGAACAATCGGAAATTTGTGCAGGTTGCCCACCAACATGCGGTGCGGCTCAGTCGGTTAGTAGAAGACTTACGCAGCCTCTCGGAAATTGAATCGGGAAAAGTCGTATTGCGTTGTGAATCGGTGCCGTTGTGTGAAGTGGCGCAGGATGTCTGTGAGATGTTTCAACATCAACTCTCGAAAAAAAATCTGCAGATCTCCAATACGATCGGAATGGAACTTAATGGCTGGGTTGATAGAGACCGCTTGATTCAGATTCTGGTAAATCTCGTGGATAATGCAATTAAATATACGTCTGATGGAGGCACCATATCGTTTCAGGCCATACCGTTGGGAGATGAGCGGATCTCACTGCAGATTAAAGATACAGGCCAGGGTATTCCTTCAACGGATCTTCCGAGGATTACCGAACGATTTTATCGGGTGGATCGAGCGCGGTCCCGTGAAGAAGGTGGGACGGGTCTTGGGCTCTCCATCGTCAAGCATCTACTTCAACTGCTCGATGGCAAACTTCGCATACAAAGTGAATTGGGAAAAGGGACCACCGTGGAGGTGATCCTGCCTGTATCCAGGCCAACTCCCTCAAGTCAATCTTTGTGAGATTTGGTGTTCTCTCCCGGGTCACCCCCTTCCTTTAGTTTTTTCACCCAACCCCTCCCAAAAACGTTACACAGTTGTAACCCGAACCTCACAAAGGTGAAATAGTCATTCGCTAGGATTCGATGGCAGGGTTAAATAATCAGACTGGCGAGGTTTGGAGCTGTCTCAACGTGAGACGAGAATGTGGGGAGAGGCCCATGAGAACAAAAAGCACAGAATGGAATGCTCCCGTTGATGTGGAACGGAAAGATCATGATCAGGTGTTAGCGGTCATTTCTGCCAGTCCGGGGGTGACGATAGAAGCACTATTGGAACATTTGCCTTGGATGCGGTGGGGGCATTTATTTTCCATCCTGGGGGAATGCCTGCAAGAAGGGTCCGTCATCTTGTGCCAAAAGGAGTTTCAATTTGAAGTTCGGGCCATCCATTCGTCGTCGTCAAGCGGAAACGAAGAGAACGAGGAGGATGTCTTGACGGGCTATATGCCGTCAAAGCCGGGAGACCGGTGGTTGGGTATTTAACACGTTCGTAACATTGCCGTTACATAGAAGAAACCTGTTGGACCTACACTATTTATTCACATGAGGAGGCACGATTGATGAAACACAGTCAGAAACGAAGGCGAGTGTGGGTGTTGGGCTTGGGGATAGGGCTGCTCCTGGGCTGGACCGGGATCGCAATGCTTGGGGCCTCTACTGTTTGGGCTAAAGATGAGATGGAAGATCCTAATTGGGTGAATTATGCCAAGGTGAGTGGCGTATCCGGAAACCTTAATAGCATTGGCTCGGATACCCTGAATAATCTTATGACGCTATGGGCTGAAGGATTCCGGAGGCAATACCCCAATGTCAAAATTCAGATTGAGGGAAAAGGATCAAGCACCGCTCCCCCTGCTCTCATTGAAGGAACGGCTCAATTGGGGCCGATGTCCCGTAAGATGAAGGGGAAAGAAATCGATGCCTTTGAGTCGAAGTTCGGTTATAAACCTACCCCCTTTCCCGTTGCGATTGATGCGTTGGCGGTCTATGTCAATAAGGACAATCCCATTCAAGGGATGACGATTGAGCAAGTCGACGCGGTATTTTCTAAGACCCGGCAGCACGGATATAAGGAAAACCTCTCCAGTTGGGGCCAATTGGGGTTAACCGGCATGTTTGCCGATATGCCGATCAGTATCTATGGCCGGAATTCGGCATCGGGGACCTATGGGTTTTTCAAAGAAGTGGTGCTGGAAAATGGTGATTATAAAGATGAAGTGAAGGAACAGCCCGGTTCGGCTTCTGTCGTGCAAGGGGTAACTGAAGATCAGGCAGGGATCGGATATAGCGGTATTGGATATCGAACCTCTAGTGTCCATGCGCTTCCTCTTTCCATGAAGGCAGGGCAACCCTTTGTGGAGCCCAATTATGAAAATGCCATCAAGGGGGAGTACCCCTTGTCACGGTATTTGTTTGTGTATGTGAACAAAGCTCCCAATCAACCGTTGTCGCCGATTGTTCGAGAATTTTTGAAATATGTGTATAGCCGTGAAGGACAGAAGGTCGTCATTAAAGATGGCTATTTCCCCATCCCGGAAAAGAT
NZ_CP116968.1_gap11	441944	446631	4687	GTGGGGTCCTGCAGAATATTGGGGAAATGGGGTGAAAATTTCAAATCCGGTCGGTCAATGGCTGTGAGTTCAAGAAGATTCGAAAGGCCAAGACGGAAATCATAGGTATAAACTTGATAGGGCGCTAAACTCAGATTTCTGACCAGGATATCTTTGATGGAATCCGGCATATGCCGGTCCAGTTCCAATCGCACCACCGAACCGAATTGGCGTAAATCAATTTGTTCCTCAATGGCAGCCAGCAGATCGCCGGCTTCATCTTCTTCGATTTCAAAGTCGGCATCCCTGGTAATGCGAAAATAATAGGAGGCCTGAATCGTCAGGCCGGGAAACAATAAGTCCAGATTGGCGGCGATGATGTCCTCCAGCCACACAAAGTTGGTGCTTTCCGCTCCGGTGGCTAACCCCAATTGTTCATCGTCTGATACCTGCGATTCGTCTGGAATTCTGATCAATCTTGGGAACAACGACGGAACCTTAATGCGTGCAAAGCATTCTCCACGCTCGGGGTCGTTCGCCACCACAGCCAGGTTGACCGTGAGGTTGGAGATATGGGGAAAAGGATGGCTGGGGTCAAAGGCCAAGGGCGTCAGGGCGGGAAAAATTTCTTTTCGAAAATATCTGCGGAGCAGAGATCGTTGTTTGGGTTTGAGGTCTTGATAGGCCAGAATGCGAATATGTGCTTGGGCCAGACGCGTCAGAAGGTCATCCTGCCAACATTGGGTGACACGGGCGAAATTCCGAAGAAGGGCGTCCCGTATTTGCCCCAATTGATCGGAAGGACTCATCCCATCCAGAGCGGCTTCCAGGACCCCGCTGGACAATTGTTCGCGTAATCCGGAAATCCGGATCATGAAAAACTCGTCAAGATTATTGAAGAAAATCGAAAGGAATTTGACTCGTTCCAGCAAGGGATGGCTCGGATCTTCTGCCTCTTCCAGTACCCGTTTATTGAACTCCAGCCAACTCAGTTCCCGGTTCAGATATAGCTTGGGGTCGTCAAGATTATCGATGACCTCAGGTAGATTGGGCGCCTTCGGTTTTTGCTGATGAGTCATGACCGGATCTCCTATTATCCCTGTTATGGATGAAGAGTCATTCTACCTGATTGAGCCTATTCAGGCCCATCAGCATCAGTCCAATAAAAAGGGGCCTATGACGACGTAAAGGGAGCAAGGTGGATTTGTTCCATAAGGCTTTAGAGTTTTTTCCCACGTTTCTGAAGCTTTTGCCACAGTTTCGGGAGATGTTGATATGCCTGGGATTGCTGGTTCCGAAACCGTTCAACCATCAGTCCGGTGACATAGGCTATGCCGGTTGACCGGGAGTGTTGTTTGATGGCGAGGAGCCGTTGCTCAGCAACTACCGCATCCTGATGGTGTCCCAGAAGTTCCTGCGTGCATTTCGCCTGTTTAAGAAACCGTTTGGTCTGCTTGCCAAGCATGGGCTCGGCGAGTTCAAGGGCATACCGCGCACGTTTCAAGAGTATTCGAGTGCGATGCAGTTCAGTCTTCGGGAAAGAGCCGTTTGAGGCATTCACAAAATCCTGAACTTTACGAAAGGCGTTTCTCGCTAATTCCGTAATCGTCAGTGGAGATGGCTGAAATGGTAAACGGGTTAGTGAGTCCTCAAAATGATTCAGGAGATTGAGATACCGGTCACTACGCAATCCCTCCAGAAGTTTGGCACGGGCCACAGACCTCTGATCTTCAAATTTCTTGAGAATCGATTGAAATGCAGGCTGTTCTTGTATGGAGAGGTCATGGAAATTTTGACGAAATGATTCCAAAAGGACATCCCCGTCCCTGACTTCGCCCAACAAAGAACCAACCCAGCCCAGCTCTTGGCAAACATGCTCTGTCCATTCCGGGGCGAGAAAAGTACGCACCGCCCGAACGATGGCTCTCATGCGGCGGGTCGCGACTCGCATGCGATGGAGTGCTTCGCTATCCCGACCCAAACGGGTTCCGGGATCATGTTGCAACATCTGGAAAAATTGGGAATGAAGCCTATCCCGGATATGTTCTGTCGCGGGTGCTGAAGGATCACTGAACTCGAGGGTAAGCGGATAGGGAAATTGTAGTGCCTGAAAAATCTTGGGTTGTAATGGTGTCTCCTCTGCCCCGGCATGAACTAAGATCGTGCGGATAGGCTTGAGTTGAGCGGCTGTACCTTCCTGTAATTCAACCTCTAATTCCTGGAATGAATGCACAATTTTTTTGTCTCTGAGGAGGGCGACGGAGTCCAGGACGACTTCAGCGATGATCTGGCTGTCTTTCTGAATGCGAACCCCTTTTCTCTTTGTCCGGAGTTTTCCGAGGTGAATGGCCCCCTGTTTTCTAAAAAAAGCCGTCAATAAGTCCTGAAATTCCCAGGGAATGCTGCGACTGCCGGAATCAATGCTCAACTCCAGTCGAACGGCACCGCTGGGTATTTTTAATTGCCAGACCCCATGGGCTTGTTCCACTCGTTTTCGGAGTGTCAGCCCCAATTGACCGAGTCGATGGTGCTCGCTATCAAAATAGGTGGATGTGAAGACGCGGGTGGGGATCGGTTCGCCCATGTCGGGAGGGATGTGGAAGCCGGGTGGAATCCGAAACTTAATTTCGTCTTCAATCGTCTGGTGAATTTTCCATGGCATAAAAATTCTATTTGCAATATTCAGTGTGCCGTGGGTCGTGGAAATGCAAATTTCACGGTATTGGGTTGAGTTCCAAACATAAGAACGTGCTACTTTCTCAGAAAACTGTCAATGAAGAAAAGAAAATAATCGGTTTGATTTTACTTGAATGGATCACAAGAAAGTGTGAAGTTTTCGTGTAACTGCTTGTCTTTACATGGTAAATGTCGCGTTATTCCCCTCAGGCCCTATACGGCCACCTTTATGCTCCGGTGATAACGGGACGCTTTTCTTGAGGGCACTTAATCCAAGTACACGGATATCTCTTTCCTGCAAGCTCTGTTGCACGCGATGAGAGATCGAGTCGGAACCTGGGTATTAGAAACATATTGTGATCCGGCATTCGAGAGAAGCTGTGTCACCAAAAAATGAATTTCGATATACTACCAGGCGAAACGAGGGGTTCAAAACACAGAGGAGAATAATTGATGTATAAAGGTTTGCCCGATCATCAACTGACTCAATTGTTGCAAACTGCTGTCCAGGCGGCCCACGTTGCCGCTGTTCCGATTCGAGCCTATTTCGAAAAGCAGGATTTCCGTATCAGAGAAAAAAGCGATGGTTCACCTGTGACTCAAGCCGATCAAGAGGGGGAAGCACTTATCCGCAGTCACTTGCTTTCCAACGCCGCAATCGGGCCTCTCGATATTCTTGGTGAAGAAGAAGGGTTACAGGGGACGGGAACAGGATGGCAATGGGTTGTGGATCCTATCGATGGAACACGATCCTTTATCCATGGGATCCCGTTATTCGGTACCATTATCGCCTTGGTTGACACTCGGGAACAATTTCCTGTCCTTGGAGTGATTCACCTTCCCATGCTCGGCCTCACCTATGCCGCCGCCAGGGGACAAGGGGCCACTCGACAAGGAAAAACCTTGCACCTTCCTGAAGATCTTTCCATTGAAAAGGCAATTATCGGAGTGGGCGATTTTGCTCAGTTTTCCAGTGTGGATCGGGAGGCAGATTATCATCAACTGTTAGGGATGTCCGGGTATGTGCGAGGGTATACCGATTGTTTTGGGCATGGCCTGGTGATCAGTGGAGCCCTTGGCGCAATGGTGGACCCAGCTTTGAACCCGTGGGATATCCTGGCTACTCAGGTATTAATTGAGGAGGCCGGAGGGACGGCAATCCTTCGTCCCTCAAAGGATTCCGGAAAGGTTGATGCCATATTTGGGAACCGTTTGCTCGTTCAACATCTTGCTCGTGAACTCTCCTTTTAAAATTTTCGGGACTTTGCCGGCAGATGTTTTTCTCCGTGGAGCATCTCTGACGTGTCGCATGGAATGCCTATCGCATGAATGCCTCCAATGTTTCAAATCCTTATTTCGGGCAACCGGCAGAGATTTATCCGTTTGTCACATTCCCATAACGGGGAAGAAATGTTGGTCAGATACCGTTGCCGTCAGACTGGATACCAGATATTGGGCGATCATGGCCCCACTATTGAAACTGTCTGGGGTGTGGGGTATCGTATTTCTATGATTCATGATAGTTCTGTCCCTTCCTGAAGGATTTCCTTCTTGCAAAATTTGATGCCTGTATTGCCCACGGAATCTTTGTGGGCATGAACGGGTAGAACCGAATCTATTTTTGAAGGAGTTCAGCCACATGAAAAGGCTCGCGGTTATTGATATTGGAACGAATTCCATTCACATGGTTCTAGCCGAAATTGGAAAAGGATTCTCTTACAAAATTGTCGACCGTATTAAGGAAATGGCCAGATTGGGTGATGGAACCTTTACGTCTCAGCGGTTGTCTCCAGAGGCCATGGACCGTGGGTTGACCGTCCTAAAACGGTTTTCCATGCTGGCAAAGAATAAGGGATTTGATCCTATTGTACCGATTGCCACCAGTGCGGTCCGCGAGGCAAAAAATGGAGGGGATTTTTTAAAGCTGGTACGCAAGGAACTTGGGCTTAGAGTGCGGGTCATCACCGGTGAGGAAGAGGCCCGCCTCATCTATTTAGGCGTCAGGAATACTATGGATCTCGACCATTTTCCC
NZ_CP116968.1_gap12	460315	465309	4994	CGATGTCTTCCTTTCAGCAGATGCTGAGCGCCCGGAATTGTTGGAAGCAGAAGGACTGGCGGTCAAGGGTAGCCGTTTTGTCTATGCCGTTGGACGTCTAACCCTATGGAGTCCTGATTCGAACGTGGTGAATGGGGATGGACAAATCGTCCTGTCGACGGGCCACTTCGATCATCTGGCCATTGCCAATCCGAAAACCGCGCCCTATGGCAGGGCTGCTCAACAAACACTTAAGAAGATGGGTCTTTGGGAATCCCTCACGGATCGGATCGTTCAGGGGGAAAACATCGGACAGGCGTTTCAGTTTGTGTATTCGAGAAACGCTCAGCTCGGATTTGTGGCGCTTTCCCAAGTGTTGGATCCCAAAATCAACGGGAGCGGCAGCCGGTGGGATGTGCCAACGTCCTTTCACGAATCACTTGAACAAGAAGCGGTCCTGTTAGGGACTGGACAGCATCATGCCGGTGCCCGAACATTTCTAGATTTTGTCAAAGGAGATAAAAGCCGGGCTATTATTGAACGATTCGGCTATGGATTGCCATAATCACTTACATATCGACCCTTGAGAAAAGACCTTCCATTCGATAGGCGATAATGCTACATAAGAAGCCATGACACTATCTGAGGTGGATTTAGGACCTCTCTGGCTGACTTTGCGTCTGGCCGGGGTGACAGTGATGGTGCTTCTGATCATTGGAACTCCGCTTGCCTGGTGGCTTGCACATACCCGATCCCGAGTCCGGACGGCGATTGAGGCAATTGTTGCCATGCCTCTCGTCTTGCCGCCCACCGTGCTCGGATTTTATTTGCTGGTCTTATTGGGTCCTCATGGATGGATCGGGAGCGCCTCCCAGGCGGTAACCGGATCCGCGCTTTCGTTTACATTCACCGGACTCGTCATTGCTTCGGCGTTATATTCCCTTCCTTTCGTCGTTCAACCCTTGCATAGCGCCTTTGAGTCAATTGGGCGAAAGCCGTTAGAGGCCGCCTGGTCGCTCAGAGCCTCAAAGGTCGACACATTTCTTACCGTAGTTTCCCCCATGGCCTCTCGCGGCTATCTCACGGCGATTGTCCTTGGATTCGCTCATACCCTTGGCGAATTTGGTGTGGTCTTGATGGTGGGAGGGAATATTCCAGGAAGAACAAAAGTACTCTCTATTGCCATCTACGATCATGTGGAAGTATTGGAATATAGCCAGGCTCATGTCCTGTCGGCAGGACTTCTCGTCTTTTCATTTCTGGTCCTCCTTATGGTCTATACGGTGAACCGCCGTTTGCCTATCCACGTCTCATGAGCGAGTTGACAGCCAGATTCGAGGTGGTGTTTCACTCATTTCGCTTGCAGGTGAAGGCGAGTGTACCCGCCGAAGGGATCACGGTCGTCTTCGGTCCTTCCGGATGTGGTAAGACCACCCTCTTGCGCTGTCTCGCCGGATTGGAGCGATCCCCGGATGGCTTTCTCGCCCTCGGAGAACAAGTTTGGCAGGATGAAACTCACAATATTTTTCTTCCACTCTCCCAACGTCCGGTTGGCTATGTATTTCAAGAGCCCCGTTTATTTCCCCATCAGAGCGTCCGATCGAACTTATTGTACGGATGGAAGCGGATACCGAAATCGGAGCGCCGCATTTCACTTGATCAGGTCGTCGAGATCCTGGGTTTAAACTCGTTGTTGGAGCGCCGTCCAACCCACCTGTCTGGCGGAGAACAGCAACGAGTGGCCATTGGGCGTGCTTTATTAACCAGCCCGCGACTGCTCCTCATGGATGAACCGCTCAGCTCCCTTGATATCCAACGAAAGCGGGAAATCATGACATTTATCCAACGGCTGGATAAGGAATTCAGGATACCCATTATTTATGTGAGTCATGCTTTGCATGAAGTGGTGCAACTCGCCAGGACTCTCATCCTGCTGAAGGAGGGGAGCGTGGCCGCTATCGGGCCACTTGCTGAAGTGTTTTCTCAAGTAGGCAGTCGCCGCGTCATTCCGGACAGCCACATTGGTGCAGTCATTGACACTCGTGTGGCGGAGCATGATGTAGAATTCGGGCTCACCACTCTCAATTTTTCCGGAGGTCAACTGTCAGTGCCCCATCAACATTCATCCATAGGAGAATTATTACGCGTGCAAATCCTTGCCCGGGATGTCAGTCTTGTGGCAAGCCCTCCTGCATTCCAAACCAGTGTGCTGAATGTGTTACAGGCGACGGTCCTGGAAATCGGCCCCATCGAGTCTGGTCAACCCTTTGTCGATATCAAACTGGATATTGGTTGTCCCTTGCTGGCCACCATTACCCGAAAATCATTAGCGACCCTCCAACTCCATCCAGGGCAGAAAGTTCATGCTCAAATCAAAGCTGTGGCCCTTACCCACGATTCCCTGGAATAAATATCTATTCTCCCTAAATTCTTTCTGGATGCGAAAGGCAACACGTTTATTTCTTGGTTGTGGGTGCAACCCAGAATGCCAAAGTGGCATCCAGACTGTTTCGACGCACGATTGCAATGGGTTGTAGTTAATGATCACCAGGATATGTATAAGGTGCTGGAGGATCGGCTGACGGTCTTGGGTATGGCACGTTGAAAGCCAACAATGGGACCATTGTGGTCCTTCCAGTTGTCACATGTGCAATGTCGTGGGATTGTGAAGTCACGGGAATGAATGGACTCTCTCTGGTGAGTGAACAGCACATCAATTTTTGTAACACTTTTTACGGAGACAAGACTTAAGCGAAAAAATCTGGTTCTTGTGTGGACTTACATGATTTGTGATCGTATGAAATTTATGTATGTGGAGGCTCTATGAGTTTTTGGCCCATTCCTATTGACCATCTTGAGGTCTATCTCTTTTTGGCCTCAGCGCTTTCCCTGGTAACCTGGCTCTACCTCTCGTTTGGGCATGGTCGCTTCTGGTATGCCGACCAGCGACTTGGTAGCGAGGGGTTAATGACTTTCAACACCACACAATGGCCAACCATCGTTGTCGTAGTTCCCGCCCGGAATGAGGCGGATGTCATTGAGCGGACGTTGCGGTCTCTCTTAGAGCAAGACTACCCAGGGGAGTTTCACGTTGTGATGGTGGATGATCAAAGTGAGGATGGTACCGGCGACATTGCACGTCAGCTTGCTATCGAACACCCAGGGGGAGCACGCCTTACTGTGAACGTCGCTGAGGATCGGCCCTCTGGATGGCTGGGAAAGGTCTGGGCCCTCCATACCGGATTGCAATACGCTGAGCAACACTGGCCCAATGCCGCCTATCGATATTTGACGGATGCGGACATCGAGCACAGCCGGGGAAATCTGCGTGAGCTGGTTTCCAAGGCCGAATTCGAGGAACTTGATCTGGTATCGCTCATGGTCCGATTGCATTGTGAACATGCCTGGGAGAAGCTGCTGATTCCAGCATTTGTGTATTTTTTTCAAAAACTCTATCCCTTTCCCCTCATTAACGATCACAAATCAACTGTGGGAGGTGCAGCTGGAGGTTGCATCCTTGTGAGGAATCGTGCACTGCTTCAAATTGGAGGGATCGAGGTCATTCGTGGTGAAGTAATTGATGATTGTGCCCTTGGGACGGCAATGAAGCGAATAGGAAAAATTTGGGTGGGTCTTACGGATTCAGAGCACAGCATTCGCCCCTATTTAAGGCTTCATGACATCTGGACCATGGTAAAACGGACGGCTTACACGCAACTGAGATATTCCCCTTTGATGCTTGCGGGTACCGTCATGGGTCTGGTGGTTGTCTATCTTCTCCCACCGCTTGTTGCTTTGACCTGGCCACTTCACGGAAGTGCTTTGGCGGGAGGGCTGGCGGTCTTCGCTTGGCTGATCATGATGTATACGTTTCAACCCACCTTGCGATTATACGCACTGGCTCCAACCTATGGTTTGGTATTGCCCATAGCCGCCTTCCTTTACCTGGGAATGACTGTAGACTCGGCTTACCGATATTGGTTAAAGATCGGGGGACAATGGAAAGGACGGACTGGAATTGGCTGCACTGATTGAGTTTTGGTTTTCTTTCAGGATAGTTGGCTGCCAGGGAACACTCAGGATGCCAGTCGCCACGTTTTTCAACCTGCCAATTTTTCCAAAAATTTTTCAATATTCAATAATGGTTAGATGGATAATGGTATAGGAAAACCAACAAAGGAAAAGGACCACTGAAGGGTCAAGAATACGGATTTCGGCCAGTTTCCGCTATAAGTTCATGGCGGATTTTTTATAGAACAAGGAGCCTGCTGGCCCCAGCACTCTGCTGATCATAACTCCAGCACACTTCGATTTCCTGATATGGAGTTGGACGCACCGGTTCAACGGTATCCGTGTGCGTCCATCTCTCGGTTTCAACGCTTTTGAAGTGCAACGCGCCGGTTCCACGTTCCAATAACATTCAACAACGGTTATCCTTGATTCAATATCTTGCCTTCATCCAATCCGGGGAGAGAGCTTTAATCTTTCTCTACAAAAGCCACATCGGTGACCTTATCTTCATCATCGACAAATAGGACGACTTCTTGCCCTGAAGAAAGCTTTTTGAGCTTTTCCTGAATCAGAGGACGCACTTCATACTGGTGTTCCTTTCCCCCATCCGGTTGAACGGCAATCATGTTATTTTTCAGGGGTTGCTTCAGAACTCCTGAAACCTTTTTGAAATTCCCTTTCAGAGGAGACTTTTTTTCCCCGAGATGTTGGGCTTTGTCCACTGTTGTCTGATTCTCGAATGTGACATCCACGATCTGATCCATTTCATCAATAAGGAAAGTGGCTTCCGCGCCAACCGGAATGGACGCCACTTTGCTCCTGGCCATTGAAATGATCTTATGCGATTCCTGCTGTCCCTCCTTCAACTGAATGACGGCCTTTTCGTGGCCGGTCACCAGTGGCTGGGCCAAAACACCATGGACCGTTCGATGATGTGACTCCTCTCCTGGCAGATGAACATCGACAATGAGGTTTTGGTCGTTGACGGTTATTTCAACGCGATC
NZ_CP116968.1_gap13	473501	476293	2792	GGTAATACTTCCTGCTGTGGCTCCTGCCAGTCCTCCCGCGGCCCACCCGAGTATGGGATTAAAAAACAGCACGCCAATTAATAGACCCCATAAACCTCCGTAGAGCACTCCTCCTACCGTCCCGGAGGCAACCAAATTGTAAGTTTGATTGATGGTGACTTTCCCGTTCTGATTTTTCACGACCACGACTGCATCTTCTAAATCAAGAAGGTATTGCTTCTGCATGGTAAAAAGTAGTTTCCGTACTTCTTCCGCTTTTGTCTCATCAGCAAAAGCCACGACGATTAATTCGCTCATTCTTTCTCCCTTCTTGTCTGCTTAATTTGTTTTTTGCTTGCATCGAACCCGGAAATGCGTGAGACATCCCCTCGTGGGGCAAGGCGTCGAGTAGATGCCTTGCCCCAATGGAGAACTTCTCCCTTTCCAGAGTAAGGACCTACCTCTTACGAAACGTCCGGATCAACCCACAAACGGCTTTTAACCCGCTTTGCGCCGGCTTCATACGCATTTTCTACTGCGTCCGCAATTTCACCTTTATTCTCGACCCCACCATACAGTGTGGCTACTCCGTTTCTTACTCCGACCGAGATATTGTCTGAATTGACAAATGGACTGCTCCACAGCTCATCCTCAATCTCCTTTTTTAGTTCTCTGTCTCCCATGTCGGCCCATGGGCGCTCTTCAGTCTCACGTTGAGAAAGTTTATTCCGAACCTTCCAGGCTCCCGAATCATACGCAATTTCCTGAGCATCGATCATGGCGCTCCGATCTTCCACTGAGCCGGAAAGCGTAGCGACCCCACGATTAACGGATACCCGAACATTGTCATCATCAACAAAAGGGCTCATGGCAAAATTTAACTTGATACGTTGACGAAGTTCCGAATCCGTCAAAACGTAGTCATCATAATCGTATCCGTAATCATAATCGTACCCAAAACGATCATCGAGATATGGATCATAGTCATAATATGGGTCGTACTCATAGTAGGGATTCATGTCGTAATCGTCATGGACGACTTGGCTTTGGGCAAGGCCTGGTGCTCCGCCTACACCCATCAGAAATGCTATGGCTAAAGATGTTCGATGTAACGTATGTAACAATTTCATCGTGAGGTTCCTCCTTGACTTAACTAAAGTGGTAAAGGTTAGCGATTGAATCCCCTGGACTGGGTTCTGGTGGTCGATTCAAAATATTCATCCTGTCCGGGTCCACGGTCATAGGGTCTTTGTTGTCCGCGGTCCATAGACTGTTCGCTGTAAAACCTCTCCTTTCCACGGGCATGGGCACGTCGATCCTGTTCCATTGACCAAGGCATCTTGTCTCTATGGGAATCACGGTAGGAATCACGGTCACGTCTTGAAGATTCGCCCCTTCTCCCACGATCTTCCCAAGGGTAATCCGAATAATAAAAATCGTCAGAATAGTATCGCTGGGTGCCTCCGCGTTCCATTCGGCGATTTTCATCCTGATTTCTTACATTGTGTTCCCTGTCCCGGAACGAAGATTTCGATGTGCGATTTCGGGTACGATCAAAATTCTGCGTATTTTGCCGGATATTCCGTTTTTGAACCCGGTCGTAGCTGCCTCCGCTTCCTTGCCAATGATCGCTGGTGTACCCATCCCACCGGTTGGCGGAAAAATTCGGTTCATCCGGATTAAATAATCTTACGCCATCATCCTGTGACCGATTGGAAGACATCTCCCTATTCGACCTATTTCGGGATTGCCAATTCTGATCTGCCTCAGAAAAACCCCGTTTGGCATATTTTAAAATCATGGCCTGGATAGGTTGAATGTCCGATTCCGTATACCACCCTCGTCCTGCACTTCGATCCAGCACGTCGACCGCTTTGCGAACCAGGTGACGTGCATAACCGGGCTCCCCATTCTCCAATCCCACAGCCGCTTCATTTAATAAATCCAAAATTGTGGATTGAGGGGACCCCCCTGGGATGTTCATAAAAATGTTACGAATTTGTGGTTTACGAAACTCACGGGCAACATCCTGAACCCATTGTGCGGACAATTCCTGCTGCGGGGCAGGCGCGATCCAGGGGGCGGCATGGACGGTGGATATCTTTGATATCTCATGGTCATTGCCTCCCCACGGCATTCCCAACAACGATAGTACTCCTGCAACTAAAAATGGTCGTGCATAAGACCGGTTCATCACAAACCTCCTTTCTGGAATTGGATGTGTAAATTGTGAATGCGATGAGACTGCCTCATCGCTGTGATGGTTGGAAATTAACTCTGAAATATCCGATGGCAAACCCTCAAAAACCCTGGAAATGGTCAGAAAAAGAAGCTGATCGTATTGAAATTGACTATTGGTGTGGAGCTGGGCAGAGGGGCTCTGCGTTCTGTCCAAGTTGGCGGTCAGGAGGCTGGGTGGATGCGGAATTAGGGGATCAAGAAGATATCCTCCAGGGTTAATGCCAGTGTGTGACGTTCGAGTGATACCGTAAAGTGGGGAAATGAAGCGTGGGAAAATCTCGGTTTTATCAAGTATAAGTTTATCTGTGTTCCTTGGATTAGGAATGGTGGGAAGTGCCCAAGGTCAAGAAATTGCCATCCCCCATGTTCTGGAAGACCTAATTGATGACATGCCGGAACGCTACCGGACGGAGTTAACTGAGATATATGATGACCGGCAGTATGAGCCGTTGTGGCTCTCGCAATCACAAAAGCTGAATGCAGAGGGACAAACGCTACTTCAGATTCTAAAGGGAGCCGAACAATTAGGATTAAACCCGACCGACTATGATTATTCTGAACTCCAGTGGTTA
NZ_CP116968.1_gap14	520042	521441	1399	ATCCCCACCGCCCTGTCCATGAAACATGGCGGCCCGCTGGTCGCCTGCATTGGGGGCTTTGGTATGCCATTGCAAGGATTGCTCGCCGCCGGCCGTTTGATTGGCTTCCTCCATACTGAGGGGAATATCTGGTATGCGCAATTCCTGCAGGCCATCCTGTGAACCCTGAAAGAAACGGATATGGTTCTGACTGAGCGCGAGAAGATAAAACGTTCCTCCATACATGAACACGGGCAGGATGGGTTTCAGATAAAACCGGGATTCTACCATCGTGAGTTCGGGAAGACTGAGAGGCAGACGAAAGACCCGATGCCAATCCTTCGCGACGTACATGGCCAGCCCCTGATCCTGATACCGCCAGAATTGCTCATCCTCCAGGAGTTTCGAGAGAGGTTCCAGCCAGGTTCGAGCGTCTGCGCTCCTGATGCCCTGTTCCGTCAATTGCTGTTCCGTCTCTTTGAGAAGGTTTTTCAAGCGTATCGGGTCCTGTCGGATTTCCTGTCCTGCGGGATGGGTCGGCATGTATAAGGACACGCAGGGACTTTCCTTCTGTTCAAGGAGATCCTCTAGATCATTTCTTGTAATTGACATGTTGATCCTTTCGATGGCTCAGAAGTGGCGGCTGCACTATTTACTTTTCAACGTAACACGGAAAGATTGCTTAGAAACCTGTTAATTTCCCTGAAGTCTTTTCCCTTCATCACCTGACACTGAGGTGTATGTTTGGATTTCACTCTGTACTGGCACGTATGGCAACTGGTGAATAAAACGGAAGGAATCAATTTTTGTTTGCCAGTTGCTCCTTTCTGGCGTTCCGAAGCGCGTCCACCATACCCGTACAGCGGGCGCTATCATCAGCCATACCAAACTCAGGAGAGGGAAAAGTGGGTTCGACAGAAAATTCAGGATCCGAAAATGTGCCCGTGACGTGCAAGGGCCCGCGTGAACTCAGAATGGTAAAATCCTGGGGATAGGGTTCTACGGTCAGGTCCAATTTTTCTTGACGAAGATCAATCGACCCGTGACCTTTGAACTTGGTGTCTTTGGTATCCAGTAGGAAAGGGTGGATGGTCACGATACCACTGCGGGCCTGCAAGTCCGTATACCCACATTCTATCTTGACACGCGTATCTGTGCTCAGGAATATCGCCGCTGATTCAGTGAAGTCCAATCCGGCCAACTCCACGAGCAGGCCATTGATTTTCCCTCCCGTCATGGTTAAAAAAAGACCACCGTCCGCGGACCCGAACCAATCCGCCAACGACTGTCCCTGCATCCACAATTTCGCCCGCCCGCCGATGTCACCAAACGAATCATCAGCCACGTCGAAGCGTGCCAGCAATCGACTGAGGTTCACATGATCAACATCCGTATGCAGTTTCGCCCGGATGGGATCTTT
NZ_CP116968.1_gap15	537463	541649	4186	TTTTGCCGTTCTTCCAGAATCTCGGCTTCCCAATAGACTTCTTTATTGAAAGGCCCACGTGCATGCCAAACTGAACGTGTGTCATCGAGTATCTCCACGGCTACGATGTTGTGCATGAATCGGGGAAGATTATTCAAGTCACGCCAAAAGGCATAGATGTCCGCGGCCGGACGATTGATGCAAATGGATTTTCGAAAATGCACGATTCTATTCAAGGGATGTCGAATAGGAGTTCCATAGGATTCGTCTATTCCCAGGGCTTCATAGAGACGACTATGGTTCGAAAAGCCATGCATAAGGAGGCTTCCACCGACCAGGATGGGAAGAATCCGCCCCTTGCCCCTCTGCGTGAGACCGAAACCGATCAAACCGGTTCCCATGCCAACTGACAGGACTTGTTCAATGGCCCCGATATTATTTTTCATTTGCACACATGTGAGAAAAGGTAGAGTGGGTCATTTTCTGTGACTCAGTTTCTGAATCCCATGTGAATCAACTTCATGAGCCAGAACAGGATTAATATAACTATAACGGGTTCACGAAATCTTTTGACCTGTTAATATCCCTGGATGGTAAAAGTCATGGTCCACTTCTATGGTCGTTATGATTGAAGTTTCAGAATGAGGCCTTCGTCCCCACGAACCTCAAAAGGCGCATGGAACCTCTCCTGGTTTTTGTCTAAAAAAGTGGAAAGGCATATCTGGGGGGCCCACGTCTGATCCCATTTTAATGTCTGCGGTGTGCTGCTAAAGTTCAACAGGATCATATAATTTTCTTCGTTTCCCACTCTCTGATACGCCAAGAGAGGCCCCTGGACTGCGATAATCTCGAGCCGACCCGTGGTAAGGGTGGAGCGTTCGCGACGAAGTGCAAAAAGTCGGCGATATAATGTCAGGAGTGAAGTCGGATTATCACGTTGTGAGGCGACATTGGCGGTGTGAAAATCCTCGGCAATCGGCAACCACGGTTCATGGGTAGAAAACCCGGCATGGTGATCGGTATTCCATTGCATCGGCGTTCGTTCCGGGTCGCGGTTGCGACCCGTGCGGCGGCCCTGCGGATCGACGGCATGTTCACCGGGAATGGGGACTCCCTTCATGCCGATTTCCTCTCCATAATAATGCACCGGTGTTCCCAGTAACGTCAGCAGCAGCATGGCCGCCACACGCCTTTGTTCTCCCTGGAGTCGCATCGCCAATCTCAGGCAGTCATGCGTACTGATTATCCAGGAAGGCCATCCGCCCGTGGGCACCTGTGCGAGATACTCTCCGATGGAACGACATAGTTTGTCGGCAGTCCAGGACGTCCAGGCCAATTGCATGTGAAAGGGCAGATGCAGTTCGGGTTTTTCGCCTCCGTAATAGGTCACGACCTTTTCCACCGGCAGGTACAGCTCGCCCGCCACCATCCGGTCGCCGCCGAACTCATCTGCCACGGCCCGGATGGACGCGACCACCTCGTGAATCCCCGGCTGATCCCGCGTGTGGTGTGGGAGCAATTGACTATCCGGCCCCTGACCTTCCTGAAAATCCGGATTGGGAGGGTTATCCCGAAATTGTTCGTCTTTGATTAACAGGTCGAGGGCGTCGATGCGAAAACCATCCACTCCCTTGTTCAACCAGAACCGAAGCGTCTCGAACATTGCCGCGCGGACATCAGGGTTGCGCCAGTTCAGGTCCGGCTGTTTGCTGAGAAAGGTGTGGAGATAATATTGGTCAGTGTGGTCGTCCCACTCCCACACGCTTCCGCCGAAGACACTAATCCAATTGTTCGGTGGTGAACGATCGGATTTGGCATCACGCCAGATGTACCAGTCACGCTTGGCATGGTCTCGGTTTGATCGGGATTCGAGAAACCACGGATGTTCGTCGGAGGTATGATTGGGCACCCAATCCAGTATGACTTTCAGATCATGCTGATGCGCCTGGTCGACCAGTTTTTCAAAATCGCCGAGTGTCCCGAAGGCTGGTCCAATATTCACATAGTCGGAGATATCATATCCCAGATCGGCCATCGGGGAGGGGTAGACCGGGGATAACCAGAGGGCGCTCACACCCAGCCACTGAAGATAATCCAGCCGTTGGATCACTCCCTGAAGATCGCCGTATCCGTCGCCGTTGCTATCGGAAAAGGACGGCACGAGAAGCTGATAAATGATGGCGTCCTGCCACCAGTGGAGAGGGTCTGCCATATAATATTTCCTCGACAAGCATGTTGGGCCGGGGGGAAGAGCGGAGATTGAATAAACCGGTAGTCGGTCTTCCCCTGTCTTTACAAAGATGTCCGGGTGAACCTATCCCAACCTTCAGTTGAATCCATTATCTAAGTTGGAAAAATTCGCGCAGGATTTATACCTTGAGTCGTACCGAAAAATATGGTTTTACAACAGAATGGTAGGACATCATGTTTGACGGGAAACTTGCTATGCATCCCATTGTTCGACAGCTGACACGTGCTCAATTACATGAGGACGGACAGGATATCTTACTCTCCCGGGAATGGCTGGTGACCAATGGGTTGGGCGGCTATGCCTCCGGCACCGTCGCCGGCGTGGCCACGCGGCGATATCATGGCGGGTTGATTGCGGCGTTGCCTGCGCCGCTTGGAAGACAAATGACTTTGTCGCATCTGTCGGAACGTGTACGTCTTGGGGATAAAAGCGTCATTAAATTGAGCGGGGAGACGCAAACGCCTGGGGACAGCCATGTGTACGGCATTAATTATCTCACCGAATTCCGATTGGAGATGGGATTGCCGGTCTGGCGCTATGAATTGTCCGGTGCGACGATCGAAAAGCAAGTGCTCATGCCTCATCAGCAAAACACCGTCTACATCATCTATCGACTGCTTCAAGGAGATCCCGTCAGGTTGAAACTCATGCCGTCGGTCCACAACCGGTCACACGACTCGTCGGTGAGTACACCGCTCCCCGGAACCTTTAGGTTGTCGGAATTCGAATCACGGTTTGAACTGTCGGTCCTGCCGGATCTTCCGACCATCCGGATGTCTCTGGATGGTGCGCGCCAGGCATTTACCGTTAATCGTCAGACGTTACCGGAGGTGATGTATCCGGTGGAAGAGAGTCGTGGGTATGAGGAAATCGGGACATTATGGAGCCCCGGATATTTCAGAGCGGATCTTTCACAGGATCGCTCTGTATGCCTGGTAGCATCGACCGAATCCTGGGACATCGTTGCCGCCTTGCCGGCCGAGGAGGCTCTAAGGTTGGAATATGAGCGGCGGGCTCGGGCATTGGCCGCAGCACACCCGTCGGCGCGGGACGGACTCGGTGCGGAGCTGGTGTTGGCCGCGGATCAATTTATTATTAAACCTGTCGGTCGCACTGAAGATACCGCCCGGGTCAGAGCCGGCGGCGATGAAATGCGAACGATCATCGCCGGTTATCATTGGTTTACGGATTGGGGTCGCGACACCATGATCAGTCTGGAAGGTCTGACACTCACAACCGGCCGTCAGGCAGACACCGGCTATACCTTACGGCTGTTTGCCCATTATCTCCGGGACGGACTGTTGCCGAACCTCTTTCCCGAAGGTGGGAAAGAAGGTCTCTATCATACCGCTGACGGCACATTGTGGTTCTTCCATGCGATCGAGCGATATGTACAGGCCACGGGAGACCTGGTGACGCTTGACATTCTCCTGCCTCATCTTCTGAATATCGTGGAGCATCATGTACGGGGAACGCGTTTCGGCATCGGCGTCGATCCGCAGGATGGTCTGCTGCGACAGGGAGAAGATGGATATCAACTCACATGGATGGATGCCAAAGTTGACGATTGGGTGGTGACGCCGCGCCGGGGGAAAGCCGTTGAAATCAATGCCCTTTGGTATAACGCCCTCTGTCTGCTCGCTGACTGGCTTCGACAACGGAACAACCCGGATGACGCCGGGAAATGGGAACGGTTTGCGGAACAGGCGCGGATCTCCTTCAACCGGCGGTTCTGGTATAAAGGCGGAGGGTATCTCTTCGATGTGGTTGACGGTGAGCAGGGCGATGACAGCGCCTGCCGGCCCAATCAATTACTGGCGATTTCCCTGACCCATCCGATTCTCGATTCGTCATATTGGTCCTCCGTGGTCGAGGTGGTGGAGAAGCGTCTGGTGACGCCTGTCGGTCTCCGGTCGCTTTCCCCGGATCATGCCGACTATAACGCCAAATATGATG
NZ_CP116968.1_gap16	548587	553387	4800	GTGCCTTTCGGCGTCTGGTTGGAAGAGCTATTCGAATTACCCCGTAACCATTTCGATCGAATCGTCCATTTTTGTTTTGGTTTGTTCTTTGGCTATCCCTTATTGGAACTCTTCGAAAGGGTTCCCGGGATGTCTGCATGGATCCGCGCTGGAATGGTCGTGGTGACACTTGTGGGATTGGGCGGGCTGTGGGAAATTCTTGAATCGTGGGTAACCCGCATTGTTCATCCGGAATTAGGTCTAGCCTATCTGGGTGCACAGGGAGATATTTGGGATGCCCAAAAGGATATGGCAGCTACGTTATACGGCGCGCTCCTCTGGTTGGCAATTATGGTGTGCTCCTGGAAATGGAAAGGGGTTTTGTTCATCCGGATTACAGGAAAGGACGGTAGATCTTCCACATGCGTCTGACCACTGCAGTTAACGCCCCTAACCGGAAAAATTTTCGGGAGCATCATCTTGGACACGTGCTTCTGGCTTGGTACGCGGTGTTTTGGATATTTCTCGCCATAGAACCGATCGACCGGCATGATTGGTTTCTCGAAAATATTTTAGCGATAGGACTGGTCATTGTCCTTGTCGCGACGTATCGATGGTATCCCTTATCGGATCTTTCCTATATTTTCCTCACAGTGTTTATGACCCTTCATGCCATCGGAGCCCATTATACCTATTCAAAAGTTCCTCTTGGATTTTGGATGCAGGATTGGTGGGGATTTGAGCGCAATCATTTTGACCGGATCGCACATTTTTCATTCGGGCTGCTCCTGGCCTACCCTTTAAGGGAATTATTCCTTCGCCGGGTCAATGTGCGTGGATTCTGGGCTTATTATCTTCCCATTAGCGGAATATTGGCCCTCAGTGGATGTTTCGAAATTATCGAATCGTGGGTGGCTCTCCTTGTTCGTCCGGAATTGGGAGAGGCGTACCTTGGTACTCAGGGTGACGAATGGGATGCACAAAAAGATATGACTGTGGCGGTCCTCGGAGCATTTATCACCATCATGCTGACCTATGCACTTTCCAAGGTCGTCTCCCAAAAATCTCTTCAGGTTCCTCCCTAGCATTTGCTGATTTCCTATGAACAACCTGTCCACCTTGGGCTCCATTCCGATTCACGCTCAGAGGAATAGATTCAGCCGACCACGGTGGCGTGAGCGTGTCGTACGTTCAATCCCTGTTCATATTGGGCTGTTGGGTTTGGTGTTAAGTCTGATGGTGATTTCCCCTCGGTTCGCTTCGGGGGAAGAAACCGACACGCCGCTTGCCGGAGAACCCCATCAAGCGGAAATTTTTGGACAGGAAATTCATGTCCCTCCACGGGATCGCCGACATGTGACGGCGATAAATATCGGTATGAATTGGATTCCGGACGGACCCAAACGGTTAGAACTTCTTCCATTCGGCGCGTTGTTTGTCTGGCGCAATTGGGATGATGAAAACCAGCGATTTCGGGGGACCTTCTCAGGTGTATTCAATGACATCAACTATCAGCGTGGTCTGTCATCAACCAGCCCATGGTTTGCCGCCATGACCTTTGAAAATGTGATCATTCCATTCGGCCGATACGAATATGTAGAAGGACAGGCTATCAAGGACGTAGACCTGCAATGGAATTATTTCTTTGCGGGAATCGGTATCGGGTATCGCAGGCCATTATCCCCGGGAGGGCAGGATAATGCAGCCGAATTTTCTTTAACGTATGAACCCGGTTACCGTTGGTTCGATCGCAGTTCAAAGACGTCCAATAATTTCATTGTGCCCCAAAATACATACGAAGGCCGAGTCCATGCCCGGCTTCGGATAGATAAATTTGAACGAAATCTTATGGAATTGCTTCATCACGGATTCGCTTTTGGAGGTGATGCCCTCTATGGACATCGTGCCCGTTGGCGTCAGTGGGGAGATCCGGAATTCGAGACCCCGGATAACCATGATGACCACACATTTATGCTTGCCAGCTTCTATGCCGCCTTGGCGGGGAAAATCCCTTTGGTCCCGTCAGAGCGGCACAGATTGATTGTCACGATGTATGGAGGAATCGGCAAGAACCTTGACCGGTTTTCCACCTTCCGGTTGCCTGGGCGTCCCACGGGGTATGAATGGGAGGCGCTCTCCCGTCCTCTCATTCCGGGAGTGGCCTTCAATGAATTGTTTCCGCGGAAGTACGCGATTGCCAATTTCACCTACCGGTATGAGGCGCTCTTTTTCTTGTATCCGTATATTCGGGGAACCTGGTCGGCGATCGAACGAGCCCGTTTCAACGATAATGGTTCTCTTCGCTATCAGGTAGATATGCTGCCGGCCGTGGGAGGTGGAATTGTCAGCGGGGCTCCATGGGGTTCACAGATAGAAATTAATTATAGTTATAACTTTGGCATATACCGTGATCGCCATGGGCCGAAACTGGGAGGGAATAGTGTCGTAGTGTTCTGGTCAAAGCTTCTTTAACACGAAGCGAAATTCTCCCGCATCCGATTTTTTCATGAATCAGGATGAGGATCTTTCCCTTCTCTTTTTTCCTTCGATACGGTTAGTTCCGTTCTTGCGTAGGGACCTGTGGATCGATATGCATTTCTGTTTGAACCACTCCATAGAAGATCGTTGCGAGGGACAGAATCAACAAAAAATAAAAGGCCACACGCGCCGGTCCCACAACAGGGGTTGTAAAAGCTCCAAATCCAATTAACGCACAAATTCCGGCAATGATGAGTAATATGAAACCGATGGTGAGCATTGGTACCTCCTTTTTCAGTAGGCAAAGAGCCGACATTTTTCGAAAATAATTATTTCCGCCACGGGTTTCTCTGCCCGGCCTTTCGGAAGACCCAGACGCCTATTCAGCACCTTCTATTTCTCTTTGAAGAACCTCAGCCGTATGGAGAGCGTTCCGTCGGTGGTTTGCACGATTTGTTCGCGACAACTGAATCCATCGGCAACGACTAATTCTTTTTTTGCCGCCGCCTCCCAAATTTTCGGAGGAAGAATTTGTTCTCTATCTCCGGCCCGGGTTCCTATCCGCAACACCACCAGCGTTGTAGAATCCCACGTATACGTTCCATCCGATTCTGACATGTCAGTGGGAATTTTATAGGCCGAGACCTCATAGCGATCAATCCTGGTTTCAGCCTGCGGCAGAGACATCACCATTCCACCAACGCGTCAACGTATCCGGCAGATGCACCGAGTCCGGTGGAGGGACAACATGAATCATACAATCCAATCTTCCACCTTGGATATCCTCACTGACTTTTTTCAACACCGTTACCATTCACATGCTCCTTTTCACCGGCCTCATCGTATCCACAAGTCACACGGTCTTGTCTTTTCCTTTCAACGAATTGGTACGCAAGAGAAATGGCCGGCCCCATTGCACACGAAGAGAGAATGGTGTTGGTGTCTTCGATGTTTTCATTCATCCACTCCATCTCTGTAATTATCGTAAGAGGAGACATACAGCCGATACATCGCAAATCGGATTCCTTGAGAATGAACCCTTCATGGAATTTTTCAACACCATTAAAATTCCTTTACCCATCCCTCATAAACACTGACCTTTTTTCAATAACCGTACAAGGGGACATAACCCTTGGCGCGGAGAAGAAAGGAGAGAGGAACAAAATCTTGGACCTATTATTTCTGAAGCGTCGCTAGCGTCCCCTTCTCGAGGCTACGGATTTCTCCACCATTCCATTACACGAGTTCCCGTACCCGATCTGACAAGGCCGTCATAGCAATTTTCACCCGGTTCGGTTCGCCTCTTGCCAACGATTCTGCAAATTTGGCGGCTTGGCTCATCGTAATGTTGGCCGGCATCGGAGGCTCAAACGGATCCACGATGGCCTGTACCAATACCGGTCCCGGCGTTTGGAAGGCCTGGTCGATGATGGAACCACAATCCGCAGGATCGTCGACGGTCAGTCCGGTTCCTCCGCATGCCTGAGCCACGAGGGCAAAGTCGATGGGATGCAATTCGCATCCGTATTCGGGATTTCCCAGAAACACCATCTGTTCCCATTTAATCTGGCCGAGCGTATTGTTTTTGATGACGAACACTTTCACGGGCAATTGATATTTGACACAGGTGGCGAATTCAGCCATAAGCATCGAAAATCCCCCATCTCCCACAAAGGCGATACATTGACGATCCGGATAGGCGATTTGGGCCGCAATGGCATAGGGTAACCCGCAGGCCATGGAGGCCAGAGTGCCGGATACCGTGTGTTTCTGCCCTCGTTTGGCCGGAATTTGTCTAGCCCACCAGGTCGTGATCGTTCCCGAATCACAGGAAACGATGGCGTGGTCGGAAAGGCGTTTGCCGAGTTCCCAGGCCACCACCTGGGGTTTCATGGGTTTGTCTTTTCGGGTTCCCCGTTCTTCCATCAATGTCCGCCATTTGGCCATTGCCGTTTGTGCCCGTTCCAAAAATTTCCGGTGTTTATTCCGTTGCAACATCGGCGATAGCTCTTGGAGGGTTCTTCTGCAGTCGCCAACTAAACCGACTTCCACCGGGTACCGCAGTCCGATTCGCGCCGGATCAAGATCGATTTGAACGGCCCGGGCCTGTCCGGGTTTGGGATAAAATTCCATATAGGGAAACGACGTGCCGATGAGAAGGAGGGTATCGCAATCCTCCAAAGCCTCTTGAGAGGGCGCGGTCCCCAACAATCCAATGCCTCCTGTTGTATAGGGACTATCGTCAGGCACTGACGCTTTTCCCAATAACGGTTTAATAATGGGCGCTCCCAGCATTTCTGCAATGTGTTCCAGTTCATCGGTTGCTTTCAAGGCTCCAGCCCC
NZ_CP116968.1_gap17	680536	681780	1244	GAGTGAGATCTCGGTCCCGTCGAATCGGGGGTATTGCCATGTTTTTGGGGACGGCTCGTGATCGCTCCAAGGGTCGAGACGTGAGTTCCATGAGTTTTGATCACTACGAAGGGATGGCCCAGAAAAAACTTAAAGAAATCCGAGAACAGGCACTTCGTGATTTTGCCATTATTGAGGCATTGGTCCTCCATCGCTATGGTCCCATTGAAATTGGTGAGAATATTGTGCTGATCATTGTTGGGGCTGAACATCGTGCCGATGCGTTTAAGGCTTGCCAATGGTGTATTGATGAACTCAAAAAAATTACTCCAATCTGGAAAATGGAAACGACGCCGGAAGGCGAAGTATGGGTGGAGGAACACCCATAATGGATGGGGAGGGGGCCGTGACTCTGCCGCATGCGGTCAAAGATGTCTGGGGACGTCCCTTACGATCCTTGCGGGTGTCCGTGACCGATCGATGCAATTTACGGTGTCAGTACTGTATGCCTGAGGAAAATTATGTGTGGCTTCCTCGGGAAAATCTGTTGACGTTTGAAGAAATCGCCTTCCTGACGAATGTATTTTCCGATCGGGGAATTGATCGCGTGCGTATTACCGGAGGCGAGCCTCTATTACGCAATAACGTGGCTGAACTCATCAAAATGCTTCGTCAAAACTCTCGCATTCATGATATTGCAATGACCACCAATGGGGTGTTGTTGAATGAACAGGCGCAGGCCCTTTTTGATGCCGGACTCCATCGGGTCACGGTGAGTCTGGATACGTTGAAGCCCGAGCGGTTTAAAGCGCTGACTCGACGCGATACGTTGGACAGAGTGTTGGAAGGCATTGCTTCAGTGGAGCGGGTCGGGTTCACAGGGTTGAAGCTGGATACGGTCGCCATGAAGGGATACAACGAGGATGAAGTCATTCCCTTGATTGAATACGGCAAGCGGGTCAACGGAGAAGTGCGTTTTATCGAATATATGGATGTAGGCGGAGCCAATGACTGGTCAGCGGAAAAGGTTCTTTCCCGGAAAGAGATCTTGAAGATGGTCGGTGAGTATTATGGTTCGGTCGAGCCGGTGGAAGAGGTCAGTTCGGCTCCTGCGCAGCGATTCCGGTTATCAGATGGAACTATATTTGGTATTATTTCTTCCACTACTGTGCCTTTCTGTTCGACATGTGACCGGAGTCGGTTGACGGCTGACGGGATGTGGTATTTGTGCTTGTATGCCAAAACCGGCCTTGACCTTCGCAAGC
NZ_CP116968.1_gap18	684543	688768	4225	CGGGCGTGGGTGGAGGCCTGTGTGTGCTCTCGCGCCGGTCTCATGGAGTATTGCTTGGTATATTGATCTTCCTCACGATACTGGCAGCGGGAAAAACCGCGTTCGGGCAATCGGACGTCTCACGTGTGGAATCCGAGGAGGTCCCGGCAGCATCCTCAGCTGAGAGGGGCTCTGTTGAACCAACCTCACAGGGAATTCCCGTCACCATTAATGCCGACCGAATTGAATATGATAATGATCGGGAAGAATATCATGCCACCGGGGCAGTGGATATCACACGGGGCCCCATTCATCTCAATGCGGATGAAGCCACCCTTCAAAAGCTCACGGGGCGTCTCACGGCGCGTGGTCATGTGCATTTACGGGATGTGAAGACCGATATCTGGTCGGAAGAGCTTGAGCTCAATCTCAATACCGAAGCGGGAGTGATCACGAACGGCAGTATTTATCTCAAGGAGCAGAATTCCTTTGTGACGGGGCGACGGCTTCAGCGGTTTTCTGAAACCCATTATCGGGTCAAGGAGGGTTCCTTTACCAATTGTGATGCGAAGAATGGCGAGATTCCAGCCTGGCGATTTAACTTTCATGATATGGATGTGGAATATGAGGACAGTTTGTTTGGTAAAGGCGTATGGTTCAATGTGAACGATGTGCCGGTCGTCCCGATTCCCACCTTTCGATATCCGCTTGGCGCTTCTCGAAAAAGCGGATTCTTATTTCCTACGACCGGGTACAATACGCAATTTGGTTACCAGTATCGGCAGGGATATTTTTGGGCCATCAATCCCAGCAATGATTTAACCATTTCCCCCCAAATCTTAACGGAGCGTGGAGGAGGTGCGGATCTGGAATATCGCTATATGTGGAATCGCCTCACAAAGGGAGAATGGTTGATACGCTCGCTTTATGATACCCAGCAAAATCGTGGGCGAGCCGAAGTTCGAGGAGCTCATGCTCAGCAATTCAATCCTGATTTGTCCTTACGAATGCGCGCCAATTTTTCAAGTGATCGAACGGTATTGCAAAATTTTAGCAGTTCTGGGACTCAACGGGCTTTACCCAGCCAAGAGTCGCACCTCACTATTTTGCAACGGCTTGATCATGGAGCGCTATATCTTACCGGCCAATATATTCAGCCGTTAGCCACCGGCGGGAATTCGACCTTTCAGCGGTTACCCGAAATCGGACATCGCTTCATGAATCCCAGTGTCTTGGGCAGTCCCATATCGCTGACCGCGGAAACGACTGCGGTGCAATTTCACAGGCAGACAGGATTCGATGTCGGTCGGATCGATGTGATGCCGGGACTGTCAATGGAAGGGCTCCATCTGGGGCATGCCCTGGGATTCCGTCCCCAGGTAAAATTTCGTGAAGTAGGTTATACGCGGGGGCTCACGGAGAAATCAGCCCAACATCGTGAAACCTTTTGGGTTGGGGCTGAATTGTTCTCGAATGTCTCGAAACGGTTTTCCCTCGGCGATGGGAATTGGATCCGTCATTCTCTACAACCGAATGTAATTTATGAGTATGTGCCACAAACGAAACAATCGGAATTAGTTCAGATCGATGCCGTGGATGATTTAATTCAAAAGAGTTTGGTGACCTATTCCTTGAAAAATCGTCTGAGCCAAATTGGTGGCGGAAAATCCAATGCCTGGTTGGATCTGTTCTTTGCCCAAAGTTATCATGTGGCCAATCCGCCACCCCTCGCCTCCCGGTTTTCGGATATCTGGACACGGGGGCATTTTCATTCACCGGTCGATTCCTCAGCTTTCATCTCGGCCTTTAATCTGAGGGTCGATGCCTTTTACGATCCGAATAGGAAATATTTTTCTCAGATGAACACCGATGTGCTCATCCAAAGCCGGCAGACATGGTATATGACCGTTGGTCAGCGGTACACCAAAGAGGGAACGAGAGTCCGCCGTGGAGATATTTGGAATCCCGTGTCGTTTAATGAGGTGTTGGCTCCGGATGAGGAAATCCTCTATCTCACGACTGGAGGTGGAGTGCGTTTGCCCTATGGTGTGACCGTAGGCACCAAGTGGTATCATGACCTCCGAACGGGACAGACGGCGGAATGGGATGTGGTCGGGCTCTACCAAAATCCCTGTCGATGTTTTTCCCTCGGGCTCACGTATACACGGCTTCCTGACCGCTCACAATTTGAATTTCTCATCAGCTTGACCGGGTTGTGGGGGACCCAAGGGCATGGGACGCAATTAATGAAGCTGATCTTGGGCCCCATCATGGCGGGAGAGCGTGGAATTCCTTGGGACTATCGCTAACCGTCATGCGCCTTTTACCTATGCGAATGTGCACGGTCCCGGTGATGGTTCTATGGGGCTTAGTCGCCTGGCCGTTTCATCTCTGGGCGCAAGAAGTCGTGACTGATCAGGTCACCATCACGTCGGCAAGAGGACAGCTGTTTGGCATCACGTCCGGCGAGGGAATTGCCAGAAAGGGGTTAGCGTCGGGGGAAGACGTGCTGGTGGTCGAAAGCAAAGGTATGACGGGATATGTTCAGACAACCACACGGTTGCTTGGATTTTCAGGTCGGTTACAACGGTGGGTGGACATGAATCTTTCCTCGGCGGAGGAAGTGATCACTGCCACGGTCACTCCCAAAATGATTATTGTTCAAGGTCAACAGGCGGCCTACGGTTTTCAAAGTGATCTTGGTCGTTGGAAACGGGAACCGTGGGGAGCCGGAGAGGTGTTGGTGAAGAGTATCGTGAATGACTATGTGGCCGTGCTCATTACCAATCGACGGGCCCTGGGATTTTCTGCGTTGACCGGAGGGTTTTTTTCGCAAGATCTTCCATCCGGCAATGCGATTGACCAGACGGAAGCCAATGCGAATATTGTGATCATCCACCTGTCCGGATTGATGTTGGTGTTCCGATCCGGCTTGGCGATTTGGACGGTGTTGCCCTGACTAATGGGAGGTAGGACTACTGGCCAATTCCTGGTGCTTGGTCACGCCCGGGTAATCCACCCCAATAGGGCTGTTCGAGCAATAATGGCTCCACCAGTCAATAACTTCCTGAAGAAAAGGATCTTCCGGTCCCGTCGCAAAGAGGTGACCATAGAGATAGCCGGTTTGGGTATCAAAGAGGATGAATATCGGCATGGGAGCCGGTTGTGGAGGATGTGGCGTGTCCATGGGTCGTCGGGATCGTGCGTCAGAGGTTCCTTCCGTTTTCTCTAGGTATTCTTGTCGGAACGTGTTGGATATTTCTTAAATATACCCTTGGATCAAGGGGATTTGGTCGTTCATGGAAATTTGAGTCTCTTTGGTGATTCAAAAGCGAGGGGCAGGAACCCGGTAATGATCGCGTCAAATTAGAAGACAACCCTTGACCTTCCCCGTCAAATGGGGTAGCTATGTTCCTTTACCGCACAATCGAGTCAACGGTATGTGCGTTTATCCGGGCTGAGAGGGAGGCTATTCATGGAAGCGTTCGATTCTGCTGGATCAGCTATCGCGAAGCAGGTTGCCAGGATCCTGCTGGTTGAAGATGAAATCGATGTGCGGGAGTCCATCAAGTTGCAGCTTGAGGATGAGGGGCATCAGGTTGTGGATACGGAATCCGGCGGCGACGCCTTGGTTCTGGCCGAGGCTTCCCAGTTCGATATTGTCTTGACCGACGTGATGATTCCCGACATCAACGGAATTGAGTTAGTTCAGCGCATCACGCAACTTCCCAATCATCCGGTCATGATCGTCATGACGGGATATGGGTCGGTAGAGATGGCGGTAAAAGCGATTAAGGCCGGTGCCTTTGATTTTCTCTCTAAACCTTTTTCCATGGATGTGTTGAGTGCCACGCTTGCCAGTGCCTTACGGGTCAAGAGTCTTCAGGACGAGAATGTCGAATTGAAGAAAACCGTCAAAGGCCAATTTAGTTTAGGAAAACTCATTAGCTCCAGTCAGGTGATGCAGGAAGTATTTCAACTGATCGATTGCGTCGCCGATACCGATAGCACGGTGCTGATTTTAGGAGAAAGTGGAACCGGAAAAGAATTAATTGCCCAGACCATTCATTGTCATAGCATGCGGCGCCAGGGAAGCCTGATTCCTGTTAATTGCGGAGCGATTCCCGAGGCGTTATTAGAAAGTGAATTGTTCGGTCATGAGAAAGGGGCCTTTACCGGAGCGGTCGCATCTCGGGTCGGACGATTTGAGTTGGCGACGGGGGGAACAATTTTCCTTGATGAAATC
NZ_CP116968.1_gap19	735730	738011	2281	GCGGTTGTGTCATCATAGGTCTAATCGTCATTTTCCTTTTTCCGGCCTGAATTATCTTTCTCACCTATTGAATTTTGATATGGATCATGAAACGAAAGAGGAGCGCGTGAGGGGTAAGGCTAAGGCGTGAAATTAAGGTCAACGGTTTTCCACCCTCCCTGCCGGTGGGTAGCGGGTATCCATCCGAAAACGCGAAGAAGAATTCTTAATAAGCAATGTCGGGAATCCCGGCGTCTGTCGGAAGGCGTAGGGGCAGGGTGGGTAGTTCGGCTGAACTGTTATGCTTCAGCCATTCAAGGAATAGCCTTTTATTCGGGACGGTCTCACCTATGACGACTCGAAAGCGTCTTGCCTGTTCACAGATATGTGCAGGCATGTATTTGGTTCGAATTCTCGATTCCTGGTGGAAGTCGCCCTTCTTTCGTCACCGCCGACTGCTTTCTTCCCACGATGTGCAGCAATTGCTCCAGTCCGGCATTCATGAAGTTGAAATTGATACTGCCAAGGGGCTTGATGTCCCGACCGATGCAGAAGCCTTTCCGCTCCCGGGCACCCTCGAATGTCATTCGAAATCCAAGACGCCTTTCGATCAGGATGAATCATCCCGTTATGAGTCCTCCGCATGCCCTCCAGAGAGAAAGGATGGACTGGAAGATGGTCATCAAGAACGGTTAATACGATTGCGGGAAGATACGATTGCGGCCTTGGAAGACATGTTCGAAGGCGTCAAAACCGGTCAGGCCATTCCTTCTGTTGCCATGCAGGAGACGGCTAAGGCCTTTGTGGAGAAAGCCTTAGCCCATCCAACTGTGCTCGCCGAGATCATGCTCATTGAGCATCTTGAACAGTTTGATCCCACCCTGTACTCGCATGTGGTTGATACAGCCTTGTTGTCCATTCTCGTTGGCCTTCAACTGAAGTGGGAGGTAAAGCAACTTGAAGAGATTGCTGTCGCCGCGTTGTTACATGATGTTGGCTATATGCGACTGCCTCTCAACTTGGTTCAGTCACGATGGGGGAGCATTGGGATTGATTATTCGTTGTTGCAGCAACATGTCGATATGGGCGTGGCGCTGATTCATAAACATTCGGAATTTTCACAGGATATCGTTCAAATGGTGCAGGAGCATCATGCCTATCTGGATGGCTCCGGGTATTCCACCATTTTAGGGGGGAAGCCGGTCTCCGATTCTGGAATTTTACTGGGACTCACCGATTATGTTGATGAGTTGCTCGCCGTGGGGAATGTCGGCGGATCATTTCCTGTGGCCTTAGCGATTCGGCGAGTCTACCAAGAAGCACAAAAGGGGAAGTTCCCGACGCGGTTTGTCGAAGCCATGATTCGTGTGTTGGGAGTGTATCCTGTGGGCACGGTTGTTCAACTTTCCACGGGCGAGGATGCCGTGGTGGTGAAGCAGAATCCTGAGATGAGCGTCAGACCACAAGTCAAGATTTTCAGGACATGCACGGGTGAGATTCTCAAGAACCCGGAGATGAGAAATTTGGGGATTCATTCAGAATTAAAGTATGAAGTGAGGATTACGAAAGTGCTTGATTCTGCAGATCCTTCTATTAACCTTCGCGAAATCGTTTCCTAGCTCATGTGGCGTAATCCTCTCTTGTTTCAGACACTATGGGATGGTTTGATGGTTGGAGTGTGTCTGGTTGATCGGGAGGGCCAGCTCACCCATATGAATTTAGCCGGCTCCCGCCTGTTAGGGTGGGGAGCCGCTTGTCCCACGAATGTTTCATGTCATGACCTGTTGGAATGTCTGGTTCCCTATGACGAGGACCGAACGGCCGTCTGCCCATTTTCTGGCTTACTGCTCGAAAAAAAGATGCTTTGGGTCCCGCGGACTCGTTTACGAAGGCGGCAGGGGACATGGTGTTGGGTTGAATTGAAGGGCCTTGTGGTGGATGACGTGGAGGCGTCTGGATTCCTGTTGATGTTTCGAGATCTCAGTTCAGAAATGAAATTGACCGAAGAAACCCGCCGATTAGCGTCCATTCCAAAGGAAAATCCATTTCCGGTGATTGAAGTCGACTCGGCAGGTCAACTGCTGTATGCCAATCCCGCCATGGTTCGCCTGATGGAGGAAGCCCATATTGGTCAGGACGGTTTTTCCACGGCCCTGCCGGATCGATTTTTAGAGTTGGCTAAGCGTTGTTTGTCCCAAAAACATCTGGAGATGCATTACGAAGTGAGTGTTGGGGAAAGACAGTATTCATGGACATTCGCTCCCCATGCCGATTTGGGTTTACTTCGTGGGTATGGCATGGA
NZ_CP116968.1_gap20	741866	745892	4026	ATGATCTTGCCAAGATGACGGAAGACGGAACGCATAAGGTTCTCAGCTTGACAGAGGAACTGGAACGAAATCGGGAGGCCGTTCAACATCATTTGGAGCAATTACGGGCTAATGTGGCGGGGAGAGCGGCTAAGGATCTTGATGCAATTTTAGTTTTGGTGAAGGCGGATGAAGGACGATTGTTGAATATTCATGTGGCACTATCTTTCCAGGATCTCGTGGCCCAACGCGTGGCCAAGCTTGTGACGATTTTAAACGAAATCCAACATAAATTATTAAAGTTGGTGGTCATTTTTGGAATCCAGCAAAAAAAGGGTGAAGCAGGTTCATCGAGTGAAGGACGGGGGTACGAAATGCTGCGCCAGTTGGAATCATCCAAAACCACTGCCCTTCAACAAGATCTGGTGGATAGCATCATGTCCGAATACGGAATGTCCTAATGTGTATGCACGGATCATCAGTGCAACGTCGCAGGGTGTTCGATGGAAAAAGTCTAGGAGCTGAGAACAGGTGATCGATGAATGACGAAATGAAAGAAATCCTCAACGACTTTTTGGCGGAAAGTTCTGAAATGCTGGAAGCCCTGGACCAACATTTCGTAAAGTTGGAAACGGAGCCATCCAACACCGAACTGCTAAACGAGATTTTCCGGTGTATGCACAGTATGAAAGGATCCGCCGGCTTTTTGGGGTTTACCCATTTGGTGGAAGTGGCGCATCAAGCTGAGAGTTTGTTGAACAAGTTGCGACAGGGTGAGATGACGGTTTCTCCGTTCATAATCGATATCATTTTGGAAGCTGTGGATGCCGTGAAAATGCTCCAAACCGATATTCGGGAAACCGGAGGAGATTCTCATGTCGAGACCCAGGGCATTGTGAATAAATTGGCGCTAACCATGGATAGCGCCGACGATCTGATGCTGACTGTCTCTCCTCCCAAAAAGGCAGGGATTGAGACGATTTCTGTCGCTCACTCTTCGCCTCCTGCAGAGATGACGGCGTCTTCTATGGCTGAGCCCCCTGATACCTCTTCCTTGGCTTCTCCTTATGAGGAGCCGTCCCTTGAAGGACCGGTAGAGGTTGAAGGGGTACCGGAGCCTGCGGCCGTTTCTGAGGGTCCCGTTGGATTGTCGGATGTATTACATAAAATGAAAGAAGCGACGACCCGAACCGTCCAGGCCGCTAGTGCTCCGGGTTCCAAGCTATCAGGGGGTAAAGAAGAAGATCAGACGGTTCGAGTTGAAACCAAACGCTTAGATCATGTCATGAATCTGGTGGGCGAATTGGTGTTGAACCGCAACCGTCTTATGAAACTGGGGAATGGCCTGGAAGAGCAAGATGAGATCAATCCGGCTCTCCGGGAATTAAATATGACGTTGGCGCAACTCAATCTGGTGACCTCCGATTTGCAATTGGCGGTGATGAAAACACGTATGGTTCCTATTCGTAAGGTGTTTTCACGATTCCCCCGGTTGGTCCGGGATTTGGCCGGTAAGCTAGGGAAGCAAGTGCGATTGGAATTAGTGGGAGAAGATACCGAAGTCGATAAGTCCGTAGCCGACGAGTTAAGTGATCCATTGGTCCATTTGGTGAGAAATTCGATGGACCATGGCTTGGAAACGGCAGCCGACCGGAAACAACACGGGAAAAGCCCTGAAGGGTATGTGCGATTGTCGGCCCAGCAGGAAGGTAACAGTATTGTCATTCGGATTGAGGATAATGGTCGCGGATTACAAATTGAGAAAATTGCCGCAAAAGCCCTCGAAAAAGGTCTGGTGGCTCAATCCGAACTGGATTCCATGAGTCCCCGGGAAATCATGAATTTAATTTTTCTTCCAGGATTTAGTACGGCGGATCAAGTCAGTGATGTGTCAGGCCGTGGCGTGGGCATGGATGTGGTGCGAACCAATATCAGCCGAATGAATGGGAGTTTGGAGTTAGATTCCGATCCGGGTCAAGGGAGTCGCGTGACGATCAAGCTGCCGCTGACCGTGGCGATTATTCAAGCCCTCATGGTTGAGGTGGAATGTGCCACATTTGCTATCCCGCTGGCTTCCGTGGTTGAGGCCGTCAAGGTCACCAAAGATGAAATTAAAAGTGTCAATCGACAGGCGGTGTTGAACCTCCGTGAACGCATTCTACCGCTGCTGGATCTTGGTGAAACCTTTCATATTCCTCGGGACCGGACTGATGAGGAATGCTATGTAGTAGTCGTCAAGATCGGGGAACAACAGTTTGGAGTTGTGGTGAATCGATTGCGGGCACAAGAGGAGGTCGTGATTAAATCGTTGGGGGAATTTTTGGCAAACGTGAAGTGCGTGGCGGGAGCTACCATTACCGGGGATGGCAAAGTGGTGTTGATTCTGGATATGGCCGATTTAGTGCGGGAAGTGCAGGCGTCAACGTATACCGGTATGCGCTAATCCGTCAGGCGTGAATTGGATCTGAGTGGTCAGAGAAATTTTGTAGACGGACGGGCAATCGACTCAAAAGATAAAGATTGGACGAATGATACCTCCTGTGGTGAATGGAGGTCTGAGGAGACCGTAATGGCAAAATGGATGGCCGAAATTGACCAACGTACCGGACTTGCCGGTGCCAATAAGATGGAACTATTAATGTTTCATTTTGGGACGAGTGAAACCTACGGAATAAATGTGTTTAAGATTCGAGAAGTCATGAAGCTCCCACCCGTGGTGAAAATTCCCGATTCCGATCCTCGAATTCTGGGCCTGGTGAATCTTCGTGGAGAAAATATTGCCTTAGTGGATTTGAAGCAGGCGATTGGACTTGGACCGTTGGATCCTGTTGGTGCGAAGTTGATCATTGCGGAGTATAACGATAACAAACAAGGATTTTTGGTCGCGGGTGTTGATCGGATCATCCGTATGTCGTGGGAACGTATTCAAATACCTCCGCCGATGGTCCAATCGAGCCGGCAGGGGGCAGTCACGGCTATTACCAAATTAGAAGATGGCCGTATGGTGTTAATTTTGGATGTGGAAAAGGTCTTGGCCGAACTGCATCCACGAAGTGAGGAAGAAGTTTTCGTTGGCATTGAACCGCACGAGGAATTAGCCGGGAAACGTGTCTTAGTTGCCGATGACTCGCTTGTGGCCAGAAAGCAAATTACCAAAACGTTAGAACGATTGGGAATGAAATACGAAGAAACACAAACGGGAAGAGAGGCGCTCACCCGTTTACGACAGTATGCGGAGTTGAGTGTCAAAACGGAGCGAACCATTTTTGATTTTGTCGTGGGTGTGATTACCGATATCGAAATGCCGGAAATGGATGGGTTTTCCCTGACGAAGGCTATCCGTGAAGATCCCCGATTACAGGGTCTTCCGATTTTGATGCATTCTTCTTTGTCCGGCCAGTGCAATGTGGATAAGGGCAAGGCTTTGGGTGTGACAGATTATGTGACCAAATTTCATCCAACGGACCTTCGTGACAAATTGGTTGAACATCTTGGAACGCCGTAGTGATTCGTGGTGCGGTTTCACAGGGAAAACGCATCGTTGGAGGGGATGAAAAAAATTTTACTGCCATAGGACGAGACACATGAAACGTGTATTAAGAGGATACCAATGATGAAGGCGACGTGGAATGTAGGCATTACAACAAAGTTAGTCTGGATCCTTCTGTTTTTTTCGTTGATTCCTCTGAGTGTTCAGGTCTATTCATTGTTTCAGACTGCAGAGGTTTTGAAAAAGGAGGTTGGAGTCCAATACCAAGAGCTGGCGGAAGTGATTGTTGAAAAAATTCACCTCTATCTCGCTGAACGGGCCGCAGATGCTCAAATTCTGAGTCGGAGTACGTTTTCTGGCGTTCCGGAGCATCTGGGACAAGGTGTGAGTCCCTCATACGAATTAGTGCAGGTCTTGAATTCGTATGTTCAGATAACCGGGATGTACTCTCTGGTTCAAGTGGTAGATCTGGATGGGAATTTGATCGCTGTGAATGATCATGATGCAGAAGGCGTGCCTCTTCAGACGGAGAAATTGTATGGAAAAAATTATCGATC
NZ_CP116968.1_gap21	758295	758828	533	CGTCAGTCCGTCGATGATTTCCTGGAAAACCAGTTGACCTCTGTCAATGAGGACCTTGGATCGATAACCGCCAGGAATCATTACTTGGTTCAAGCGGATGGAATTTTTACCGAAACGGATAATTCCGGACTGTCGTTTAGTCTGACAGAGTTTTTTAATGCGGCTCGGGATTTGGCGACGAATCCGGAAAGTACCATACAGCGGACAGTCCTGTTGGCGAAGGGGCAATCCCTCACGGACCAATTTGTGACGGCGGCCCAAGGATTACATCAAATCCGCATGGATGCCGATGGGGAGATTGCCAGGCATGTCGATACTATTAATGGGTTGGCCACAAAGATTGCCTCTCTGAATGATGTCATTTTTAAGACGGAATCCAGTGGACGTGATGCGCTGGATTTAATGGATCAACGAAGGGTCCTCATTAATGATTTGGCTGGTTTGGTCAATATTGAGCAGGTGCCTCTGAACGATGGCATCGGCATTAATGTTGGAGGTCAACTCTTGGTAGCGGGTAATCATGCCAATACGTT
NZ_CP116968.1_gap22	812285	814771	2486	AGGGTTATCTCATGAGTTATGTGGGCCACTGGCTGGTGTCCGATATTCGCCAACAATTGTTTATTCATATCGTGCGCCTGCCTATTCGGTTTCACGATGCGAATACGTCAGGACGGTTGATGGCCAGGGTGATTAGCGATGTCAACGAAATGGCAAATGCCATTCCCAGTGTGTTGAAGGATATCTTTCAACAGGGGCTCACGTTTGTGGCGATGCTGTCCGTGGTCTTTTATCAAAATTGGAAACTCGCGACGATTGTGTTGGTCGTATTACCCTTCTCTTCATTGGTGTTGATCCGCGTCGGCCGGCGGATTCGAAAACTTTCAAAGCGTGGTCAGGAATCCATTGGAAGAATGGCTTCCGTCTTAAAAGAAGCGTTTTCCGGTATCAAGATCGTGAAGGCCTACGGTCAGGAAGAAAAGGAGGCTGACCGATTCTCGTTGACGAATCAAGCCTTTCGGACAGCAAAAGTGAAGTCGTCTCAAACCTCAGCGATGGCCTCTCCACTTCTTGAAGTCATTGGAGTCTGCGGTGTGGCCTTTATTATCTGGTATGGGGGAGGATTAGTCATTGCCGGAGAGATGAAGCCGGGAGAGTTCTTTTCCTTTTTGGCTGCCATGTTCATGGCGTATGCCCCTCTCCGGAAAATGTCCGGGGCCAATGAGTCGGTTCAGCGTGCGCTTGCGGGGGCTCAGCGAGTGTTTCAAGTCCTGGATCTGGAAAGTGAATTAGCGAAAGACGAGGGCAAAAAAATTCTTCCTCCCATGACGAAAAATTTGGAATTTTCCGGTGTCAACTTCAGGTATGAGGGCTCTGACGAGGCGGCCTTGCACGGGATCAATTTCACGATCAACGTCGGGGAAGTGGTGGCCTTCGTCGGGGCCAGTGGTAGTGGAAAAACCACTCTCGTGAGTTTGGTCCCACGGTTTTATCGCCCGACAGAAGGAGCCGTGAAAATTGATGGTGAGGATATTCGCCTGGTTGATCGATCGTCGCTGAGGCGGCAGATTGGCATCGTGTCTCAAGAAACCGTGTTATTTGATGATACGATCAGAAATAATATCGCCTATGGCCGTCTGGATGCGAGTGAAGAGGCGGTCATTGAGGCGGCTCGCGCCGCCTTTGCCTGGGAATTTATTGAGCGGCTCCCTCAGGGGCTGGATACGCTGGTTGGTGAAAATGGACTACGATTATCGGGAGGACAACGTCAACGACTCGCGATTGCCAGGGCCATTCTGCGGGATCCCCCGATTCTGATTCTGGACGAGGCGACGTCCGCTCTGGATTCGGAATCTGAGAAGTTGGTGCAAAAAGCTCTGGCAAATCTGGTAAAAGCCCGAACGACCCTGATCATTGCCCACCGATTGTCCACGGTGCAACATGCCGATCGTATTGTGGTGATGAATCGCGGAAAAATTGAAGAGATCGGCACTCATGCCACCTTGCTTCAACAGGGAGGCCTCTATACTCGATTGTATCAAACGCAATTTTTACTAACTCAACCCGAACCGTTACCGACGACCTCCTAAATTGAAGGGCGCCGTTTCTATGTTGAATTGGATCAAACTGTCCGTCGCTCCGCCATTGGCCGCACACATGATTCGCATGTTGGGGCATACGATGCGTATATCCACTGTCGGTGGGGAAGCCGTGGACGAGTTGTATCGCCAAGGCCGAAAGATCATTATTGCCTTTTGGCATGGCCGTCAGTTGATGATGCCGTTGGCCTACCGTGGGCAACAGGCCTCAATTTTGATTAGCCAACATCGGGATGGAGAAATCATCGCGCGAATCATGGGATATTTCGGATTTCAGTCCATTCGCGGGTCGAGCACACGCGGGGGAATTCGAGCGACCAGGCAATTGTTGAAGGCTGGCCGGAATGGCGGGGATCTGGTTGTGACGCCCGATGGCCCGAAGGGACCGGCCTGCACGGTACAATCGGGAGTGATTTACCTGGCAAAGGCAACGGGATTGCCCATCATTCCTTTAACCTTTGCCTGCTCAAAAAAAAAGTTTTTACGAGTTGGGATCGTTTCCAGATACCCTATCCCGGTGGGGTCGGGTTGTTTGTATGGGGCCCACCCATCTGGGTAAGCCAGGATCTTTCGAACGAGCAGCTGTCCGGTCCGGGGTTGGAGCTGGAAGGTTCGCTGAACCGGCTCACGGCTCAAGCGGAATTGGCTGTTCAGGATTCGGACCCGGTTGAATCATTTCTCCGCCGAATGTCTTCCCGGAATCTGATTGATATAAATGAGACCTTCGATCGGTGACCGAATCATGTATTATGTAATATATAATGTGCTGCTGGTTCTGGCCTTTCCCATTATCATCGGTCTTCTGCTGACAAAAAAACGCAGTCAACGCGGCCTATGGTGCCGGCTTGGGGCCGTTCCTGCCGAATTGCGGGATCTGCAAAAACCGGTCATCTGGATTCATGCCGTCTCCCTGGGCGAGGTGGCCACAATCGTTCCTCTGCTCCACGC
NZ_CP116968.1_gap23	816424	818391	1967	AGTGGGTGTTAGAGCAGGCCTCATGCGATTGCTTTCTTCTTGATGATGGCTTCCAGCATCTTTCTCTCTACCGTGATCTGGACGTGCTCGTATTTGATGTAACTGATGTTGAGGGCTTAAGGGGAGTCGTGCCCGCCGGTCGAATGCGTGAACCGCTGTCCGCAGCTAAGTGGGCCACAACATTCGTTTTCAGTCGCACGGAACAAGTTATATCTGTCGCATCACTTCAGAATCGAATTGAACAGAGCGTGGGAACGTCGATTGTTCCCATACGTCTGGAAACCGGACCTGGAATATTCACGCATATTGCGACAGGGAAATCTCAACCGGCCGGGGCCTTCAAGGGGACATCCTGTTTGCTCTTTAGCGGGATAGGCAATCCCGCCTCCTTTCGAACGAGTGTGGTCTCCTGTGGGTTGACGGTGGGTGAGGAGATTCGGTACCCCGATCATTTTGCCTATTCAGAAAAAGATGTTGAAGCGATTCGTGTAAAGATGCGACGTGTAGGGCTCGCTCTGGCGATCACAACAGAAAAAGATGCTGTGAAAATTCGAGAGCACCTGAAATGTGATGATCCTCTATGGTCGTTGGATGTGCAAGTCCGGATAACTCAAGGGGAAGACCAGTTACGTGAACAGGTCCATACCATCTGCCCATAGGACTCGGATATGGTAGGACAGATAGGGTCAAGAAGGTCGGTTCATGTGAGAGGGCATATCGTGTTTCGATGAACATTCTCGTCCGCGTCCCCAACTGGATCGGAGATGCCGTGATGTGCTTGCCGGCACTCATGGATTTACGGAATCATGATCCGCATGCCAAGATCACGGTGTTAGCCAGGCCGATCATCGGAGAATTGTTGGAAGGACATCCGGGCGTGGATGAGGTCATGATGTATATCCATCAAGGGGAACATCAGGGCCTTTCCGGGCTTTGGCACCTCATTCAACTTGTGAAAAGAAAGAAATTTGATCGTGCGGTATTATTCCAAAATGCCTTTGAAGCGGCCCTCATTGTCTGGGTGGCCGGCATCCCATCCCGCATCGGATATGCGACGGACGGACGGCGTTGGCTTCTGTCCGAACCTGTGCCCAGACCGGATCGGGCTCCCCTGCATCATACGGCGTATTATCAGGAACTCGTGAAAACCATCACCCACTCTCCCGGGAAAAACGACGGGACCCCTCAACTTTTTCTCTCTCCTGAGGTGAAGCAGGCATGTGCCAGACAGTTTCCTGAGCTATTTCTTCCATCAGACGGTATGGTCATTGGGATCAATCCCGGTTCGGTGTATGGATCAGCCAAGCGATGGATACCGGAACGTTTCGCGGAGGTGGGTGATCGGCTGGTTGAACAGCTGACAAAAGAATTTCCGGGGGCTCCGTGTGTCCGCTGTGTCCTGATTGGAGGCAAAGGAGAAGAAGTGCTTGCGCAGGACATTGCCAGACGAATGCGGAATGAGCCGGTTGTCCTGTCAGGAAAAACCACCATACAGGAGTTAATGGGAGTGTTGACACGCTGCTCCGTCTTGATTACCAACGACACGGGACCCATGCATGTGGCACAGGCTCTTGGGGTACCGGTCGCGGCGATTTTTGGTTCAACGGATCCCTCCACGACAAGTCCTCATGAGCAATTCAGTGGCGTGGTGACGGGATCGGTCCGTTGTGCACCCTGTTTATTGCGCGCCTGCCCGATTGACCATCGTTGCATGACCCAAGTGTCCGTTGAGCAGGTTGTGGACGTCGCGCTGTCTCAAATCAGGATGTCATCGGGCTATCGGAATGAGGGTCGGATCAGAGGGCATGTTGGATGAGAAATGATTCTGCCGCGCGGGGGAGGGCCGTGTTTTTGGATCGGGATGGCACCTTGAACCACGATACGGGGTATGTCACTTCTCCCCAACAATTGATGTTGTTTTCCGGAGTCCCTGAAGCCATCGCTCGATTAAATGACTTAGGAGTTAT
NZ_CP116968.1_gap24	829272	830964	1692	GAACGCGGGACCCCTGATTGCCCAACCCGTACCCCTGGGGTGGGGGGCATTGGCAGAGTTTTGATGGAAAAGTAGGGGGTTTTAATCACGGTTCGGTCACGGTTTTGGTCACGATCTAGGATGTAAATCAATCTTAATTGATCGCACTCGAAAGCGGTCAATTGCCTTGTCAGTCAAAAAGATTATCACTCTTGGTCTTACTCAATCATTCTCTAGGGTAATCCTTCAAGTTTGCCCTTTTAAGGCGAGGGTCGTGAATCCAAATAAAAACCTCGAACTCACTGTTTTTCGAGGATGTACCTCCAAACTTTAGCAATCCTTTCCTGCTTGTCTCTGCCCAGCTCTACAAAATGGTCAATCAGCGGCGGATTCCCTATGTGAATCGGCGGGGCGTTAAAATTTAATCTGGCCCAAGTAGAACGATGGGTTCAGGGTCAAACCGTCATGCCCATGGCCAGGAGGTAGTTAGGAAGAAACGGAATTGGGGGCAGGATGGTGGCTGATCGCTTCAGGAACGGAGGAATAGATCGAAATGAGTTCCGTCAAATGAAGAGATTCCATCGTATTGCGGACCATGGGGGACGGGGCCACGATACTGAGGCGCACCTGATTAATATGCAAAGCGTGATACCAGGTAAAAAGGTTGCCTACTCCTCCAAGGTCCATGGTGGCCACGTTGGAAAGATTGAGGATGACGTGGCGGCAGGTTCCTTGGTGGGCCTCCTCAATGAATTTTTCAAGCCTCAGGGTTTGAAGGGAATCCAGGTGTCCAGAAAGAGTCAATACTCTAGTGGTAGGGTGCTTGGAACTATCGAAGTCCTGCATAAGAGGTTTATCGGCAACAGAGAGGGGAGAGTGAAGAGTCTTTGTGGGAAAAGACAAATTATGGATGGAAGGAGCGGGCATATTTGGTCCCGCAAAACAGGATGATTGCATCCAACAACAAACCGTGGGTGTGTGGGGGTAAAATCCTTGGGTTGTGGGGACGGGCTAGTAGATCGTGTCATTATCCCCTCCTGGCATATTTCTGGATGCGGAAGGTAAGGCCGGAGCCAGGTGACCACCGCCGACCTAGGATCAGCTAGCCCGTTGTCTCCCTTGTTTTGGTGTATCTAATTAACAAACATTTTCAATGAAAAATCTTCCTTCTGTGATGGCAATTGGAGAGGCAGTTAAACCTACCGCTCTAGGCAATACGAAACAACAATAAACGACTAAACGCCTTTGGCAGTATTGGCGTTTCTGTGGTTAGGTCTAGGACCGTGTTGACTGGCGTTGCAATATACAATCACCTTTGGGAGCAGGATGTCGGAGGTTTAATCCCATCTGTCTCGACTAATCACTCAAATACTCAGCCCCCCTTCTTCCACCCCAATTTGGTCATCCCAATATTTGGTAAACTGTTGTCCTAAGCAGCTACATACTAGAAAACAATTATTAACAAACTTTTCCTTCCAAAAAGTTTTAAAGGTGGGGTGGTGCTTAGAGTATGGGGCCAACTTTTGGGGCAACAAAAAATGTTAAAAAAATATTTTGATTTCATAGATTTAATCAGATTTTTGGGGAGTCATGCCCTCCACCATCTGGGTTTCTTTTCTAAAGCCGTAAGTATTTTGTGAAAGGAATTATTCATTTTAAGGGGCACTCGGAGCAAAGAGCCATTTACCGCTAGGAGGAATGTTTTTTTGTAAA
NZ_CP116968.1_gap25	854431	858012	3581	TGCTGATTCGTGCCGATATCCGGGGCGGGAATATCTTTGTCGGGTCCCAATAATGGAAAAATTTCTGCGATGTAGCGTCGGGTAACGCCTTCTAACTCAGCTGGAGAAAGCATGGAAGGATTGACTGCGACTCCGCCTTTCGCTCCTCCGAATGGTAGCCCCGCTAACGCCGTTTTCCAGGTCATCCACATGGCCAAGGCCGCGACCTCTCCGAGACTGACGTCGGGATGATAGCGAATGCCGCCTTTTGTGGGGCCGCGGGCTACATCATGATGCACTCGATAGCCACGGAAGACTTGAACTTTTCCGTTATCCATTCGGACAGGGATGCTGACGCAGAGAGACCGCTGAGGGGCTTTGAGGCGATCGAGAAGGCCTGAGTCTAGATTCATATGATGGGCCGCCTGATCAAATTGAGCCACAGCCAAGCGGAATGTTGGATGATTGAACTCTGGAGCAAAGTCAGTGTTCATACGAAGTATCCGGTGAGATGGTTGAAATCTCGTTTTTTAATTATATCAGGAATTTCGGCGTAAGTAGTTTCTTTCCCTGGAAAAAGTTTAGGCCTTCTGAGGGATAAATAGTCAGCTACCAATGGGATTAAATCAAAAAAAATTCTAAAAGGCTTCCGCCGTCCGTGACCTATTGCGGGAATGACAAGCGTTGCAGATGGGCCATTCGGCATGATTCATGGCAGGGGTTTTTAAAATCCTCGTGAGGGTCTAGTAGAACACCTGAAGGAGATAAAGCCCTTGGGGAGGAGCGGTTTCTCCTGCAGCCCGTCGGTCTTTAGCCTGAAGAATATCTTGAATGGACGCCGGTGATCTTTTGTGTCGTCCGACTTCGGTCAGGGTGCCAATAATCGCCCGAACCATTTGCTTCAGGAATCGATTGGCCTGGATCTGAATGATCAGGGAGGTGAGATCCGAGCTGAGGGAAACTTGGGACACGACGCACATGGGGTCCGATGTACTGGCACGTGGGCCTTGAAATGAGGTGAAGTCATGACAACCTATCAATCCAGACATGGCCTGCCGGATGGCCGGGATATCCAGGTCATAGGGTAGGTGCCAGACACGATGACGATCGATAGCCGGGCGGGCGGGATGTCTTGAGATTCGATATTCATACAATTTTTCTTTTGCGCTATAGCGAGCATGAAACGATGCAGGAACCTCTTCACTCGACAGGACAGAAATGTCGTGCGGAAGGGCGCTATTAATGGCGAGTCTCCACTTATGAATGGGAATGGGTCTGTCAGTTTGAAAGCTGACGACTTGTCCACGGGCATGGACGCCAGCGTCGGTTCGTCCAGCGGCGATGACAGAAATGTGTTGTTGGGTGATGCGTGTGAGCGCTGTTTCTAGTGCGGCTTGTATGGTTGGCTGATTGGGTTGTCGTTGCCATCCAACGTAAGCCGTGCCGTCATATTCGATTGTTAGTTTAACCGTAGCCATGATTCGAAGGGGAAGGAGGATGACGAAACGGGATTCGGGGTCATGAAAGCTATGGGCGTGGAAATCATGAGATTACCGTGTGCTGGTAGTTATGGGAGCGTGAGGCCAGAGGAGTCAATTGAAGAAGGCGGAGACCGTCCCGGCTATCGGGAAGCGGTTTGTAAGGGGGTAATGTAGGTTTGAAGTCCCTTAAAGATACCCTCGGCCACTCGCTTTTGATAGGTAGAACTTTGTAAAAGTTTTTCTTCCGTTGGATTGGAGATGAAGGCAATCTCCGCCAAGATGGCGGGCATGGTAGTCATTCGCAGCACAAAAAATGGAGCTGTTTTGATCCCATGATCCTTAATTTTATAAAAGGTATCCAAAAATTTCACCAGGGAATTTTTGGTTGTCCAAGCTAACTCACGGGAATCGTCAATTTTTTTATCGTTAAGTTTGTCGGCAAGGATAAATTGCCAGGGTGCGGCATTTTTTTCAAGAGGGGTGCCATTTTCCCGTGCGGCGACTGCCAGGGCTCGTGGGTCACTGGCTTCACCAAAATGATAAAATTCCAAACCTTTCACGGAACTCTGGGAATGGGAGTTAATGTGAATCGAGACAAAAAGATCCGCTTTGTGTGTATTGGCGAATGTTGCCCGGTCCTCCAATTCGATGAAGACATCCGTTTCCCGAGTCATGAAGACTTTCGTGGAACTTTCCTTGGCGAGCAGGTCTCGCAAATGATTCGCCACATGTAAGACCACATCCTTTTCTCTCGTGCCTTTGCGTCCCAAGGCCCCAGGGTCTTTTCCTCCGTGTCCCGGATCAATCACGATCACCAGATCTTTTTTTATGACAGGTGGTGGCGGAGTTGGCGGAGGAACCACTGGAGAAGCCGGTATGCTGCTATCCGGCGCACGGGCGAGAGATGACGCCTCAGTTATGGGATACAAGTCAAGGACGATGCGAGCAGGATTTTTGAGGACATACCACTTATAGCGTTTCCACCCCTCAATGGGTATGCTGAGAAGAATGGATCCGGAAGAAGTGGTGGAAAGGTCCAATTGTAAAGGAAGGGAGTCTGTTCTTGATTTGGTAACGGCAGGATTCGCGAATTTGGTGTTGGGAAGTTCCAATTCAAATGTTGTGGCCGTTTGATGCTCTTGGGGCGCTGGATGGACAGAACGAGTGAGGTCTAATACAACACGGGTATAATTTTTATGGCGATGAGCACGAATATTGCGGATGGAGGTTGACGATGGTGATTGGGCAATAAGATGAATCTGTGGTTGGGTTTCATCTCCGGCGAACGGTCGAATTTCTGTTGCTCCCCCAGCCAGGGGAAGAGATCCCGACAGGAACACTATGCCGATGCAGGAATAAAGGGATATCATTCGAATGGAAGGCATAGAATAGTAAACCGTTCCTCTCTTTTTTCGCAGAAGATCGCCTTCTTGTCAAGGGAAGAAGCGCTTTCGAGGCAGGTCCTATTGCGGGTAGACTCCATCATTATGGATAAATCATGCATCGCATCATGAAGGAACCACAGTGGCACCGAAATATTTGATCATCGATGGATATAATGTGTTGGGCGCAATGGGCCTCCCGCCCCATCGGGTCGTTGAACAGGGGGAGCATCGCCGAGAGGAGTTTATTGTACGGGTAGGCCTGTATGGGCACAAATTCCACAATCCGATCACCCTAGTTTTTGATGCCTGGCAACAATCGGGAGCGAGTCGGCAGGTCATCCATCGAAATGGTGTGACAGTGATTTATACTGGCCAGGGTGAAAAGGCAGATGGGGTGATTCAGGATTTTATCCGGAGCCATGGGAAAGGGGCTGCAGTCGTCTCTTCGGATCTTGAAGTGATAGCGGTTGCAAAAGCTTTTGGGGCGTTTTCGATCAGATCTCAAGAATTTGTCACACGCCTTGGTAATTCCGGTATTCAAGGCTCACCGGTAAGTCGATCCCGAGGCGGACTTTCCCAAAAGGATAGTGATGAGGAGCCGGTCCGATCCAAGGACAAAAAGGGGAATCCACGAAAACTTCCCAAGAAGTTGCGTCAACGCAATCGGATCATGAAGAAATTTTAAAGAGCTGACAGGCATTATTGGTGGTCAGTTCGGCTACTCGTGCCAATCCTG
NZ_CP116968.1_gap26	859497	864064	4567	GCCGAATTGCGAAGAGAGTGTTGATTGAATGGGTTGGAGTAGTTGATCTTTATCCGGAACCGCCTCGATGTCTACCAATACGTGACACGTCAACATCACAATGCGGGGTTCAACCGACCAGATATGCAGATCATGAACTTTTCTGACACCAGGAACGTTTTCAATGGTAGCCACAATATCTGATGTTTTGAGGTGAGGGGGCGTCGATTCCAATAAAATATCCAGCGACTCACGAAAGAGTGGCCAACTGCCTTTTATAATAATGATGACTATGAGCAGACTGATCAGAGGATCTAAAATGGTGAAGCCGGTCATGGCGATACCCAACCCGGCGATGATGACGCCAAGAGACATCCAGGCATCCATCACCATATGAAGAAAAGCCCCACGAATATTCAGGTCATCTTCGGCTCCACGACGCAATAACAGGGCGACGGCAAGATTGGCGATCAAGCTGATACCGGCGATCACCATCACCCAAAAGCCAGGTACGTCAACCGGTGAAAACATCCGGTTGAGAGCAAACACTCCAATAATTCCACCTGTGAAAATTAACAAAAGGCTATTGAGAAACGCCGCAATGGTTCCAGCGCGGTGGTAGCCAAACGTCCGATGTTCTGTGGCGGGTTGGGTGGCCAGAATATGTGCATACAAGGCTAACAAGAGAGAGCCTTGATCGATCAAATTGTGCCCGGCATCGCTCATTAGCCCAAGACTATTGATCGCATAACCGCCGATGAATTCAGCGAGAATGATGATGCCATTGAGGACGAGGCCCAGCTTAAGCCGATACGTGAGTGGGGAGGCGTTCAACTCGGAAGGTGTCATAGAATCTACTCTCGCATGAATCTCAATTCTGGACAATGGGAAGGGGCAAGCCTTCCTTCGTCTTGCCACAAACGGAATGGAGCGATCCCGGCACTTGCGAGGTTGAGAATGGTGAAGGGGGATGTCCCCCTCCCTTCTAGGCGGCGGGTGCGATAGTTACACGTCGAAGGAGTCGGTTTTGACGGCCTGTTTGGTGGCATCCACAGCGGAGTTGACTCGCGTGGCCGCTTGTTTCATGGTTTTTCTGGCCTCTTCAGACCAGGCATGCACGGCCTCTTTCGTTTGAGAAGCCATATCTGAAAATTCGTCCTGTGCGGTCTTCGCACCTCGTGCCAATCGATCACGCACGTGAGTCCCTGCCTCAGGGGTTAAGAGTATGGCACTACCGGCGCCCAATAGAAATCCTGCAATGAAGACAAATGTATTAACCCAACATGAGTCGCCTTGCGTTGTATGCTCATCCATCGTGATATTCCTCCCTAGTAATGCTTTGTTTGAGTGTTATGACCGGTCCTCTTGATTCTTCGATGAGACCATTGCCATGATGGCTCCTCCCAAGAGAACTCCAGAGGCAAAGATAAGACTGTAAGATAAGCCCGTTCGGAGTTCAGGCCATGTGTCCAAAACTCGTTTCCATAGTGGGACGTTTTCAGAAAAATGGACATGTCCCTCCCAGCCTAATCCTCCCTCCGGCGTGGACTGCTCAGAGTATGATTCTTGGTTCGCAGCGTGTGCCGTGTTCAATTTGCTCATATTCATGAGGCGGGCTCCAATAGGGCAAAAGGAAAATGTTGAAAAAGCATTCCTAGGGGTAATCCTACCATGCTCAGGCCATTTTGTGGAGTGACAATTTCTTGGGTCAAAAGATTACGAAACGAGTGTGTCGCGAATTCCGGGGGGAGCCGCATCGAAGTTTGTCCCCATATGGATTCGCCGAGCGGACTGATGGTCTGGTCGGGGATGAGAGTCGTTAACAGGCGTGGAAATATGACCAAACAGATATGTGAATGACTTTGTCTCATGAATCCGCACACATGATGGGCCTGCTCCCCCTTGAATTCCAGGGGCAGATACGATCCTTCCAGAAACAGGTGGGGGTGGCTCTTCCGGATATGAAGCGCGGTAGTGGTCAAATACATTTTGATCAGGCCGCTTTCCGCATCTTGTAATAATGTCTGGACAAGGTCGAGAGGAGCAGTGGTCTGTTGCAAATGTTGTAATTGGGATAGCCGTTGTTGTCTGTAGAGATAATCCACGGGTTGTCGGTTGTCTGGGTCGACCAGACTGAAATCCCAAAGCTCCGTACCTTGATAAAAATCGGGGACACCGGGAGCGAGGATTTTAATAAGGACCTGACTCAGAGAATTATAGATGCCGTATTTGGAAATGCGTTGTTGAAAGGGGATGAAATCTTGAAGAAAGACATTTGAAGGCCTGAGAGCAAGAATGCGGGAAAGAAATTCTCCAACGGCGGTTTCCCAGGCTTCGTCGGGGTTTAACCAGCTGGTGTTAACTTTCGCTTCCCGTAAGGCTTTAACCATATATCCCTGCATGCGCTCCAGGAATTGAGGTTGAGCCGGTTCAGAGAGACCACCCAATGGCCAGGTGCCGAGCAGCGTCTGGTAAATCAAATATTCTTCATTCAAGCTCGGTGCCCGTTGATCATTGATTGTTTGCTTGGCTTTTTTATTCAGCCGATTCCAGGTTCGAAGATGGTGCCGCCATTCTTTGGGAATTTCCGACAACACATTGATTCGGGCCCGGACATCCTCGCTGCGTTTGGTGTCATGGGTGGACGTGGAGGAGAGACTTGCCGGCCATTGGGTGGCGCGATCCTGCATATATTGGTGAAATGTTGAAAGCGGGACCCCAAAGTGTTGCGGCTCGCCGCCGACTTCATTGAGCGATGTGAGGCGGTTGTAACAATAGAACGCGGTATCTTCAACGCCTTTCGCGGTGACCGGGCTGGTTGTCTGCTGGAATTTCATAACAAAAGGGCGAATCACCTCCCAATCAAGATCCGGTGAGTTCTGGGGAATTCTCAAGAGGAGATCGCGGATAAAATCGAAGACCAGGTTGCTGATGGCAGGATTGCGCCGTTTAGCTCGGGCTACCGCTAGCCGAATATACGCGCGATCACGATCCAGGACGCCTTCGAGAGGATCGGGTCCAATATAGGTTCGATATACCGGGAAACAGGCAATGATTTCGCGGATCGCGTGGATCAGACTATTGAGCGTAAAGTCCCGTGAGCGCCGGTTTCGCTCGGAGAGGACATTCAGCTGATGCCCCAAGGCATTGATTTCTCCTGACATGGAACTGGTCATGATGAGGTTTTTGCAGTCGTAGATCAGATCGTCATAGTGGAGCGACTGTTTGGTAAATCGGCTGTAGATCTGTTCGATCTGTCGTTGGTGGGTTTCCTGGATGAATAATTGATTGACGAGGGCAAGGTAGTCGTATCCAGTTGTGCCATGGCACAGCCAATCGGAAGTGAGACGTTCCTCTGTACCCAGAATTTTTTCAACGAGAAGATAGAGGGAGCGGCCTTGGGTGTCGGCCTGAACCTTCAAATTTTCAGCCGCCCATTGTTGCCATTGGGCCAGAAAGGCTCTTGGATTATACAGCCCGTCGACATGATCAATTCGCAGTCCATTCACGGCACCGGATGTCAATAATTCAAATATTTTTTTATGGGCCGCTTGGAAGACTTCCGGTTGCTCCATGCGAATGGCCGCCAATTGGTTAATGTCAAAAAACCGGCGATAATTTATTTCTTCAGCGGCGACCCGCCAATAGGCCAGGCGATAGGCTTGGTGACTCACCAGGCTGTCGAGGACATCGAATGTGCGGGGAGAGTTCTTCATGCCATTCAGTAACCGAATGTTCTCCAGCAGAAAATCGCGAATAGTGGAATTGTCGGCAATCACCGTGGAGAGGCGGCGGCGGATCACCTCTTTCTCCCGGTACCGTTCGGCAACACGCTCGGCTTCCGTCTCGGTTCTGGCCGGTAAATGGGAAAGAGCGGTGATAATGCTTTGGTATTCATGCAAGTGCGGATCAGAATTTTCCAGGCTTTGGTTGAGGGTGTCTTGCCTGAAGGTCAGAATGGTACTCCAAGTGCAGGGATCAATGGGCAGACGATTTTCATAGTAGGTGAGGAAAAATTGTCCGTCCTCATAGTGGAGGATGATTTCCTGGTTTTCAAGCACAATGCCGTATTGATCTCCGAGAATGGGAAGAAGCACCTTGTTTTCTAATTCCGGTTTCACCGGTGTCCAGTCAATATCGAAAAATGTGGCGTAATGTGAAGAAGGACCATTTTCCAAGACATCCTGCCACCAAAGATTCGTCGATGCGGCTATCCCCATATGATTCGGGACGACGTCCAGTATCTGACCCATGTCGTGTTGGTGGAGTGCTTGGATAAATGCCTGGTAATCGGCCTCCGTCCCGATCTCCGGATTTAATTCCGTGGGGTCGACCACGTCGTATCCATGGGTGCTCCCGGGAGTGGCTTTCAGATAGGGAGAGGCGTAGCAGTCGGTAATGCCAAGTTGAGACAAATACGGGAGGATGCGAGAGGCGTCTTGGAATGTGAATGACGCGTTAAATTGAAGGCGATAGGTCGAGAGCGGAATGTGCAGAGGCAGAGGAGTCATGCTCCCTCCTTTATGTTAAAGAGGAGGGTGAGGAATGGATGGCCCGTCCGCCATAGGATTGCCCACGAGGGAAGAGA
NZ_CP116968.1_gap27	889672	893091	3419	GACGTGGCTAAGGCTGCCGTCCGTTCACGTTGGAGGTTTCGTGCAGGTGTCTCATTTTCATCTTCCGACATGATCACTCATTGGTCCTAACATCGTGGATGTTGAGCGTACCAGGAAACAAAGATTCTGAAAAGGGATCCTTCACAAGAAAAGGAGTCGATACTCACATTTTTTTAAGTTTGGGCATATGGCTTATGAAATGCATAGGATGTGCCAAGAAGAATTGTGTGGCCCTCTGACGGTTCATCCTAAAGGGTCCATGATTCAAAACAGGATTGGTATGGGGGTTCATTTCCATGTTACCTTCGGGGGGATCCTGAATTATCGGAAGGGTGAGTAGATGAATAGATTCCCATGGATGAAACCACGATTGTCTACATTTGAGACCAACGCTTTAATTTGGGATGTAACGAAATTCCACAGATTCTACATTTCCTTTCGATAACCCTGACATGATCTTCACCTTCAGGGCGTCTCCTATTCCGTATGGCCGGTATCGACCAGGCCCATCAAGGCGGGAAGGTCATATGTGACCAGGTCGCCAATGCGCTCAACCGTAAGGTCGGCCGGGGGGTAGGCCTTGACGTTATTTTGATCCAGCGCGTAATGGCCCTGGCGGGGAAAGATCGTTCTCAGACGATCGCCCCAAACCTGTTTCATGGCTCCAAGAATGCGAAGCTTGTCGTCTATCATGATGTAATGTCGAGCTGGGTAACGTCGCTCAACATCCGCGAGCATGTGTTCCTTGTGCACGTAAATGAGCACCCGACCCTCGACGGCGTCCCACAATCCCGAGCGTTGGATCTTGCGGGGCTGAAAGACCACATCACCATCCGAGAGGATGACCGTTCGGCCCCAATGATCAAGATGAGCGAGAAGGTCGAGCGCGCCAGGATAGAGGCGTTCTGCAAACGGATAGTCAACCAGAAATGAAGACATCATCAGCAACCTCGGGTCATTCATGGTTTCGACACGGTAGCGTTGCAAAGCTCCCAGATAGTCCGCATAACCGAGCTCCTTTCTCAACGCCTCAAAAATGTCCCAGTATCGATCCCGGTTTTTCTCGCCAAACTCTTGCGCAAGATGATGGCTGAGGTCGGTGCCGATGTGGTCGTTATCCAATAGCGTATTATCTACATCCAATAAAAAGACCACTTCTTCCGGGATGGTCATGTTCTTATCCTTTCCGGTACGTCCGGCATGGATTATGCCAATCTCCGTCTGTTTCGATGAGCACATCTGCCTCTGACAGTTTCTTCCCTCGTCAACAAGATCCTACAATTCCTCTGCGAAGACTGTCCAACCATCAGCACAGTGGATTGGACAACGTTCAGAGAGGACGCAGATCGATGATAGGCAGTTGCTTGGCCAATCCTTCCATCTGTAGATTCCGGTGACTCTCGGGAAACGCCTAGATGGCGGGTTTCCGCTCAGAGGCCTGTCGTCGAAAGATCCTGGTCGTGAATCCGGTGTGGAGACGAACTTCCAGAATGGACAGATTCAGTGTGCCCCGAGTTTGACCTTCCCCCGGAAGGCCTGATGCGCGCAAGCTTGATACGCAATGAGCAGAATGAATCCGATCAAAAACCACCAGAGGCCGATCTGCAGGCCATAGACGCCGGCGGTGGCGTTGGTTACGGTCAAGCTATTGGCCGGATCGTTGGTCGCAATCAGGATGTTCGGGTATGACCCCCAGGCCGTGCTGGCCAGCATTGTCAGAATCAAGAGACTCGTGGCGGAAAATGCTCCCGCATCCCAATCGCGCCTTCGTATCATGAGAGCCGCTACCAGCGTCGCTATACTGAGAACCGGGAAGATGTATCCCATGGGATGGGCGGCATAGTTGAGGAAGAACAAGGGTTGGACAAAGGGAACGGCGGTCAGGGCCAGCCCGACCAGAATAACCACGGCCGATCCACTCAGCCAGGCCGCTCGTCGTGCCCGGTTCCGCAACTGGCCCTCCGTTTTCATGGCCAGGAAATTGGCGCCGTGCATGGCGAGGATCGCTGCGCTTGTGGCTCCGAAGAGAACGGTAAACCAATCCAGTATGCCCGGCTCCGGTCCGGTCATGAAATTTGTCCAGAGGGCCACGAAGAAATAGCCTTCGGGATTCAAGGGCACGCCGCGAATAAGGTTGCCCAGGGCCACGCCGAACACGACAGCCAGTAAGAGACTCGCTCCGGCAAACGCCACGTCCCAAAACTGCCGCCACAGTGCGTGATCCACGTGCGAACGGAGTTCGAGTGCGAGGCCACGGGCAATCAGCAGCCACAAGACCAGATGTAAGGCCAGATAAAAACCGCTGAACCCTGCCGAGTAGGCCTTGGGAAAGGCAAAGAATAACAGTCCTCCTGCAGCGATCAGCCACACTTCGTTGCCGTTCCAGATGGGGCCGATGGCGGCCAACGCCGCACGTCGGTCCGCTTCATTTTTCGCGACAAAGGCATAGACAATGCCCAGGCCGAAGTCGAAGCCGTCAAGGACCACAAAGACAGCCAGCATTAATGTGACAGCAACATACCAGAAAGTTTCCATCGTACCGGTTCCTATGGGTTTGCAGACTCAGGGAATGAGCCCGCCGGGCCCTGCCGTATTATTTCAGCCATTAGGAAAAGGAAAAGCAGTCCCAATACAAGATAGATGCCGAGATACCCGAGTAACGTAAACAGTGCGTTTCCCGAATGGACCATCGGTGAGGCACCATCAGCGGTGCGGAGCAGGCCATATACCAGCCACGGTTGGCGGCCGAGTTCGGCGGTCATCCAGCCGGCCGTTGTTGCCAGATAGGGAAACGGGACGGAAAGCATAAGCAGCCAAAGCAGCCAGTTCGCGGTAAACAATCGTCCCTGCCATAGCCAAAACAGCGCCAGACCCATGATCGATACAAGAATGGTTCCAAGCAAGGCCATCACATGATAGGCATAGTAGAGCAGCGCTACATTGTCCGGCCACTCTGCACGTGGAAATGCCTCGAGCCCTCTCACCGTGGCATAGAGTTCGTCAAAGAGCAGTAGACTCAAGGCGTCCGGCACGACGAGCGGATTGTCGATCGTCATGGTTTCGAGGTTCGGTTGGCCGATAAGCACCATCCCCGCGCCACGCTCGGTCTTGAAGAGGCCTTCGAATGCGGCACCTTTGACCGGTTGGTGTTCAAAAACCTGTCTGGCATTTTCGTGGCCGGTCGGAAAGATCATCAGCGCCGTCGCGATGGCGCCTGCCACGACGCCGGTACGGAGGAACGTCTTCGCATATTTCACGTGCAGACCGGATAGGAGATAGAACGAACCGACTGCGGCCACCACGAATGAGGCGGTCACGACCGCGGCCGTCATGTTGTGGGCGAATTGCCAGACTAGCCAAGGATTTGTGAGCAGACCGGAAAGACTGTCGACAAACAACCGTCCGTCCGGAGCCACCGT
NZ_CP116968.1_gap28	903796	906967	3171	GGCGCGGGCGATGCCGATGACGCGGTTCGCTTGTGCCATCTGACGTTCCATCCCGGCTATGTCGGGCCGCCTCTCCAGCAAGGTGGAAGGGATGGTTCTGGGAATGGCAAAACTCTCTACCCGAAGGTCATCCACCGGCTCGATCGTGAAGCTGCTCGGCGCCCTGTTGACGAGAATGGCGATCGCCTGTTCCGTCACTTGGCGTTGGCCTTGAATCTGGGCTAATTTCGTCTCGGTACTGAACAGCAGAGATTCGACGCGGGCGACGTCGAGCGCCGATGCGATCGCGCCGGCGAACTGTGCATTGACGAGGTTCAGCACGTTTCGATAGAGGTCGATCGATTGGGTATAGATCGCCGTCTGCGCGTCGTATCCGCGGAGTGTAAAATAGTTCGCCCCAATTTCCGCCTGCAGGCTGAGTCGCGCCAGGCCATAATCCGCGGCTCGCTCCTCGGCGCGGTAGAGTTCGGCCGCCGTGGCATTGCGAAGTGCGGACCAAAAATCGGGCTCCCATGATGCGAGACCCCCGGTAGAAATGGACACTTCCCGGTTGTCTTCGCCGAAGCCGCGAAACAGACTATTGTTGGATTGCCTATTATTCGAGGCGTCGAATCCCAGACCGGCGTGAGGCAGGTACTGTGATCGGGCCCTCATCATCATATCGCGAGCCTGAACGAATCGTTCGGCGGCGGCCTGCAGATCCGGATTGGCTGCCATGGCCTGTTCTTCAAGACGATTCAGAATTGGATCGTTAAAAAGTTTCCACCAATCCGGGCGTAATTCATCATCTGACGGCTTCGCTTCGACGAAGGGACTTGCCCCTTTCCATGAGGCCGGGACGACATATTGCGGCGGTTCATAGCTAGGCGCCAAATCGACGGCCGGGAACCAATTGCAAGCCGGTAGATGGAGTGTCAGCAGGAACAAGCCGTAGCGCCACGCACGGGGCAGAAAGATACGCCATACTTCCAGTTTCAGAGGTAAACGTTCCTCCATCACGGGTATAGCGACTCTCATGGTGAAATGTGTTCCTTTGATGTCGGTGACTCATTCGGCGTCGGTGCGCCTGTTGGCAGCGGTCCGCCGGTTGGCGCGGGCGCGTCGGTCGGTGCGGGTGCGTCGGTATTGGTAAGGTCATAACCGGGGGCCGGCGTCACGATGCGCACTGTGTCTCCTTCCAGCAATCCGGCGCTGGGGTTGTTCACGATGCGGTCAGTGGTGGAAATTCCTTCGGCTATTTCGACGGCATTGTCGAGAAGTTTGCTCACAGTAATGTGGTTAAAGTGCACCCGGTCGTCCTCTGCCACCACCGCCACTTGCGTGCCGCGCTCCTGGAACACCAATGCGGTGGATGGAATCGTGAACACTTTCCGGTCAACCGGCGCTGTGAGGTGGACCTGGGCGTAGGAGCCCGGCCAGAGAGCCCTGTCCTCGTTTTCAATCGTGAAGACGGTAATTGCAGTACGTGTGCTGACGTCGAATCCACGGGCCACGGTCAGGAATTTGGCGGTGAAATGACGATCGGGCAATTGTGGGACTGTCACGTCGGCCGTGAGTCCTGGCTGGAGGAAGGGTCCGAACGACTCCGGCACGGAGACAAAGAGGCGCAGCAGACTCACGTCGGCCACCGTAAAGAGATTGCTGACCGAGCCGGGGGAACTGATCGTCCCCTCCTTATTGACGTAGTCGCCGACATTGATGTTGCGGACGGTTACCACCCCGTCATAGGGTGCGACAATGGTTTTGAAGCGAATGAGGGCCTCGAAGTTCCTGACGTTCTGCTCCGCTGCTCTGACCTTTGCCAATTCAGCTTTCGCTTCCGCTACCTTCACTGAAATCGACTGCTCGGAGACCGCATGGTTTTTGCGTAGCGCAAGCCAGCGCTTGGCTGTGATTTCGGCGAGGGAATAGATGGCGCGCACCGACTCCAGATCCGCTTTGGCTTGGTGATATTGGGCGTCGAGAGCAGGCGCATTGATTTCGGCGAGGATATCGCCTTTTTTCACTAGCGCACCGTAGTCCTTGTACCACATCTTCACATAGCCCGAGACCTGTGCGTAGATTGGAGCCTGAAACCAAGCCTCAACAGTGCCGGGGAGCGTAATGGTTTCGGTCGGCGGTACCGGCTTGGCATTAATGACCGCCACGGTGGAGACGGCGTTTTCGTGCGTCTTCTTGCGCAGCAGAGAGGCGTCGCTTTTGCTCTCATAAACCCGATAGCCGAGGTAGAAGATAACCAGGAGGGCTACCGAGATGACCATGAATCTTCCACGAAAAATCTTACGCATGGTATGCATGGTCCTTCTGGCGAGCCGCTCGCCTGTTATAGATCATCGCGTAAACGCAGGGCACAAACAGTAGGGTAAAAACGGTGGCAACAAGTAAGCCGCCGATGACGGCGCGTCCCAGAGGCGCATTCGTGGAATACCCTGTCGCCATAGGGACCATCCCGAAAATCATGGCTGAGGCCGTCATGAGCACGGGTCGGAAGCGGGTCACTCCGGCTTCCATTGCGGCCTGCAATGCATCGCCATGATCTTTGAGCCTGTCGCGCGCATAGGATACGACAAGGATTGAATTGGCGGTTGCTGTGCCCATGGTCATAATGGCGCCCGTGAGGGCGGGCTCCGAAAGCCGCGTATGGGTCAGGAACAAGGCCCAGGCAATGCCCGCCAGCGCGCCGGGGAGAGCTGTAATAATAATGAAAGGATCCAGCCAGGATTGGAAGTTGACGACAATCAGCAGATAGATCAGCATGACCGCTGCGAGAAGTCCGAGGATCAGTTCGAAATACGCGTCGTGCATCAGTGATGCCTGGCCGTGGATTTCAAGCTCAGCGGTGCGTGGCTTCTCGTCTTCCATGCTTTTGGCGACCTTCTGGACATCCGCCAATACACCGCCGAGGTCTCGTCCTTCGGCGGATATATAGATGTTGAACAGCGGCATAATGTTCCCGTGCGTGATCACGCCCGGCGTGCCCGTCGCGGTAATATCGGCCAAATTTCCGAGGAGCTGCACTTCCTGCCCCTTCGGATCTTTCGAGTCGCTCGCGGACTCGACCGGGATAGTCTTGAGACTGTTGACACTGTTGATCTGTGGTTGCGGCGTATAGACATTAATCAGGTACGACATGCCGGTACTGGGATCGAGCCAATAGATCTGATCGGTTTG
NZ_CP116968.1_gap29	974948	978357	3409	CGTCTTTGTCCTCTACATGTCTTGCACGGATCAGCAATGACTTGACCTGACCCCTGGCATTGTCCACAGGTTCGATTAATGGTGAAAAACCCCTGTTGTAACCGTATTTGCCCCGCCCCACGGCATGCGGAACAGGGTTTGACGGCTTGATCGGATTTCGCGCCAGTTCCATGGCAGGTTTCACAGACTTCCCAACGAGGAATTTTGAGTTTGGCTTCCTTGCCGTTAATGGCCTCTTCAAAGGAAATTTCTAAGTTATATTGAAGATCATTGCCCTGTTCGGCTCGATTATGCCCTCTGCCTCCACCGAAAAAGTCTTCAAAGATATCCCCAAACATATCTCCGAAGCCGCCACCTCCAAACCCGAATCCATCGGCTCCTCCTCCCTGACCAGCCGCTGCATGACCAAACATGTCATATTTTCTTCGGCGATCTGGATCGCTGAGCACTTCATAGGCTTCCCCGGCTTCCTTAAACTTTTCCTCAGCCGCTTTTTTCTGAACGGGGTCAGCATGCAAGTCCGGGTGATGTTGCCTGGCAAGTTTTCTAAAGCCTTTTTTAATGTCTTCTTCCGAGGCATTGCGGTCCACCCCGAGAATTTCATAATAATCTCGTTTTTGGGTCTGTGCCATCAGCGTTTTCCAAAGGTGGAATAATGTATGCCTATGTGCATCAATCTGTTCAAAAGTTTTTAATTTTTGCCTTTATCAACTTCTTCAAATTCTGCATCTACAACTTTTTCCTCACTGCCAGCGCTTTCACCGCCAGTGGTCCCAGGGCCGTCTTCTGGTCCAGAGCCGCTGGCAGAGGCATCCGTAGAAGCCTTTTTGTACATTTCCTCTGCTAATTTATGAGAGGCGGTGGTGAGGTTTTGCATGGCGGTTTTAATCGCTTCGAGGTCCGTTCCCTCCATAGCTTTACGAAGTGCGTCTACCGCCTCGGTGATATTGGACTTTTCCGTTTCCTCAATCTTGTCTCCATGTTCGCTCAAATTCTTTTCTGTACTATAAATAAGGGTATCGGCTTGATTCTTGACTTCGACCAATTCCCGTTTCTTTTTGTCTTCTTCGGTATGACTTTGAGCTTCCTTAACCAAACGCTCAACTTCTTCCTTACTTAATCCGCTAGATGCCGTGATCTTGATTGATTGTTCTTTTTGCGTGGCCATATCTTTGGCAGAGACATGCACAATGCCATTAGCGTCGATATCAAATGTGACTTCAACTTGCGGAACACCCCTTGGTGCCATCGGAAGACCCACTAAATCAAACTGTCCCAATAGTTTATTGTCATTGGCCATTTCCCGCTCACCTTGGAAGACTCTGATGGTTACGGCAGTTTGATTGTCGGCGGCGGTTGAAAAAATTTGACTCTTTTTGGTGGGGATGGTGGTGTTGCGTTCGATGAGTTTCGTGAAGATTCCCCCCAAGGTTTCGATGCCGAGTGAAAGCGGGGTGACATCCAATAACAGGACATCCTTCACATCTCCCTTGAGGACTCCACCCTGAATGGCCGCACCGATTGCCACGACTTCATCAGGATTCACTCCACGGTGGGGTTCCTTTCCAAAGAATTGCTTAACTCGTTCAATCACTTTCGGCATCCGAGTCATTCCACCGACCAAGACAATTTCATTGATGTCGCTGGTGGTCATATCAGCATCGGCAAGAGCTTTTTTGCAAGGTTCGATTGTTCGCTCAATTAAATCATTCACCAATTGCTCGTATTTTGACCTGGTGAGTTTAAGTACCAAATGTTTTGGTCCACTGGCATCGGCGGTGATAAAGGGTAAGTTTATTTCGGTTTCTTGGGAGGAGGAAAGCTCGATTTTTGCCCGTTCGGCTGCTTCTTTCAGTCGTTGCAGGGCCATTCGATCATTCCGTAAATCGATTCCTTGATCTTTTTTAAATTCTTCAACCAACCAATCCATGACCCGAAGATCAAAGTCGTCTCCGCCCAAAAAGGTATCACCATTTGTGGATTTGACTTCAAAGACTCCTTCTCCGATTTCCAGAATGGAAACGTCAAAGGTTCCACCACCGAGATCGTAGACCGCGATACGTTCATCTTTTTTCTTGTCGAGTCCATAGGCGAGTGATGCTGCAGTCGGCTCATTAATAATGCGCAAGACATTTAGGCCCGCGATCTTCCCTGCGTCCTTGGTAGCCTGGCGTTGGCTATCATCAAAATAGGCTGGGACCGTAATGACAGCATCCGTCACTTTTTCTCCTAAATAATCTTCAGCGGTTTGCTTCATTTTCTGAAGGATCATGGCTGAAACTTCTGCCGGACTATAACTTTTCCCTCGAATGATGACGTGGGCATCCCCATTAGCACCTTCGGCCGTTTTATAGGATAGCCGGTTTGAGGCATTTTTGACCTCGGAAGAAGAATACTTTCTTCCCATCAAACGTTTCACCGAATAAATAGTGTTTTCCGGATTGGTTATGGCTTGCCGTTTGGCAATCTGTCCGACCAATCGTTCGTCCTTATCGGTCAAAGCCACCACCGAAGGGGTGGTTCGTCCGCCTTCTGAATTGGCAATGACCGTTGGGTCTCCACCGCTCATGACGGCCACGCAAGAATTTGTTGTTCCTAAGTCGATTCCAATAATTTTGCTCATACGTGTATTCCTCCCTCTTCACCGGATTCTTCAGTCGAACCAGGTTCTGTCAGTTCTGATTTTTCTTTCGCCACGCTTACCATAGCCGGACGTAAAATGCGATCGTGCAATAAATATCCTTTTTGAAATTCCTCGATGACCGTGTTCGGCTCCATGTTTTCCGATTCCACCTGGGTCACTGCTTGATGAATAGCAGGATCAAAGGAGTTTCCTGTGGTGCTTAGTTGTCGAACGCCAACTTTGCCCACGGTTTCAAGAAATTGTTTGTGGGTAAGCTCTACCCCCTCTAGTAATGGGCCACTCGTTCCTGCATCTTTCGCGCATTGAATGGCTCGCTCAAGGTTATCAATAATAGGAAGTAAATTTTTCAATAATGATTCATTGCCAAATCGAATAGAATCGTTCTGATCCCGCTGGGCCCGGCGTTTGTAGTTTTCAAATTCTGCGGCCAGGCGCAAATATTTATCTTGAAAAATTTGAAGTTCTTCTTCTGGCGTTCCGCCATTTTCAGAAGCACTTTCTGATGTGTCCCCGGTCGAATGTTCTTGAGGACTGACTTCTTCTGTAGTCACTTCTCCAGTAGTTTCCTCTGTTGAGGACATGGTTTTACCTTTTCCCGATTGTTGCGTCATAAATGACCAGTAAGAAGAGAGAGACATTTCAAATTGCTTATGGCAAGTTAGATAGTCACTTCATCTGGCAAGTCAACCCATCTTCTTAAATTTCTTATGATTTTTGGTTAAGCTAAAGTAATTAGAATCCGGAATAAGTTATCCACAGGAATGA
NZ_CP116968.1_gap30	979643	982659	3016	GCCACTTTAGATCGATACGCATAGATGTCTGTTGTTCCAGTGCCTGGGCAATGGCCACTCCGGCCATGAGAGGAACCCATCCTAAATATTGAATGGGTGTCTCATGGACAAAAAGGAGAGATCCGTAAATATTGGACTTGCCTGGGGAAAACCAAGACCGATCTAATCGACCTCGTCCCGCGATTTGTCTGTCGGCCAGAATGACAGTTCCAGAAAGTGCTTGGGTCTTGGCTTTTTCCACTGCAAACGCATTGGTTGAATCTAATTCATCAAAAATATAAAGGGTATCGCCAAATTTTTTTGAGGGGAGAAGGGCGGCTAGTTTTGTGGAGGATAGCACTGGTTAGTCAGGGGGTTAGAGGAAAACCAGTCTCATGATTGGCGCTTTTGAGGACGTCTTTTTGTTCGGAGAGGAACGATCTCCATGGAGAGGTCCATGGATGGGGCGGAATGTGTGAGTGCCCCAATCGAGATGAAATCCGGTCCGGCTTCTGCCATATCTCGAACATTGTCCAAGGTCATACCTCCCGATACTTCCACTAGGGCCTGCTTTTGGATGATGTCAATGGCCTGTCTGACACGATTGGGGGTCATGTTATCCAATAAAAGGACATCGGCTTTTCCCTTCAAGGCCTGTCGGACCTGCGCAATTGTTTCGACTTCCACGCAAATTTGAAGGCCATGCGGGGCATGTTGCCTGGCCCATAAACAAGTCTGGGTGATGTTCATCCGTTGGGATGCCATAACCATCAAGTGATTATCTTTAATGAGAATGCCGTCATGGAGTGAGAAGCGATGATTTTTACCCCCGCCAAGGCGGACGGCCCATTTTTCTAAGGCCCGGAGTCCCGGCGTTGTTTTTCGTGTGTCCACTAAAGCGACTGGAAAATCACGAACAGCCTCACAGAACCGATGGGTGAGCGTGCTAATTCCCGAAAGCCGTTGGAGGAAATTCAGGGCGATTCGTTCGCCTTGAAGGAGCGATTGCGCCTTTCCTTTTATGCTCAGGATAGTGGTTGACGGGCGCACCATGTTTCCATCGCCAGCATGAGTGGTAAGTTCAAGGGTTGAATCGACTGACTGAAAAACTTCCCTGGCAACGGCCACACCTGCCACGATCATGTGGGCTTTTGCGATGATGTCGGCGCGAGCTAATAGAGTTGGTGGAATGAGAAGGGTTGAGGTCAGGTCTCCGTAGGCAAGGTCCTCTTCCAGCGCAGCGCTGATTACGCGCCGGATGGAGAAAAGGGGAGGAGGCGAGGCGAGAGAGGATGCACCCATCAGGTCGTCATCGAAACCAGTTGTTGTTCGGTCATATTCAGAATTCCCAACTCATCGATCAGCTTGGTACGGCGGTCTTCTGATTCCTGAATTACGGAAGGCTCCGCTTTCTGCCTGAATTCAGAAGAGGATAACCGACTGCCAAGGCGCTGCACTTCCTTCTCTTTTTCTCCTATTTGTTTCTGAATTTTTTTGACTACTTCATGAAGGTCAATCTCATTGGGAACCGGGATGCCAATGGTGCTGAAATGACCAGAAGGCAATTGTAATGTACGGAGAGAAGGGATGCCCTGGTCTGTGATGACCGATGAGCGGAGAATTGACTCGATATAGGGCGCAAGAAAGGTCAGAATGGCCGTGTCATTGACCTCGGTGCTCGCTCCATAGATCGAAGGAGTTTGAGCGGAGGAAATATTCAGGAAGGCTCGCCCGGTTCTTGCCGTGTTGACGAACGCTTGGAGAAATAAAAAAGCCTGTTCGGCTTCCGCATTGACCCATTCCGGTTTTGCAGAAGGAAAGGGTTGCGTCATGATTGATGGCCCTTCGTGCGGGAAGGATTGCCATATTTCTTCGGTAATAAATGGCATCACAGGATGTAACAGCCGTTGGATGATTTCAAATGATTCCAAGAGTGTCTGGCGGGTGACCGGCGCGTCAGGATGGGTTTCCTGTTGGAGGCAGGGTTTGGCGAGTTCTATGAACCAATCACAATATTCATGCCAGATGAATTGATAGAGAGCAGAGGCGGCTTGATCAAAGCGATAGTCTTCAAAGGCATTGCTCACTTCACGGATCGTATGGTTCAGTCGGCTGAGAATCCATCGATCTGGAAAAGGGCGGAACTCCGCTGCGAGTGATGACCGCGGTCCGTCCGCATAAAGATGAATAAATCGTGCGGCATTCCAGAGCTTTGTGACAAAATTTCGATATCCTTCAATGCGTTCCTCGGCCAGTTTAATGTCCCGGCCAGGAGAGGCCATTGAGGCCAGGGTAAACCGCAGGGCATCCGTTCCATATTGGCGCATTTTGGTTAGGGGATCAATCACATTTCCTTTGGATTTGCTCATCTTCTGACCCTCCGCGTCTCGAACCAGGGCGTGAATGTACACATCACGGAATGGGACATCCCCAGTAAATTTCAGACCCATCATGATCATTCTGGCAACCCAAAAAAAGAGAATGTCCAGTCCGGTGACTAAGGTTGCTGTTGGGTAAAATGATTTAAAGTCTTCTGTGTCTTCCGGCCAACCGAGGGTAGAAAATGGCCAGAGGGACGATGAAAACCAGGTATCCAATACATCAGGGTCTTGAAAAAGGTCGGTCCCGCCGCATGCTGGACAGGATTGTGGTGGAGTTCTCGAGACAATGGGTTGTGCATCGGGGGTGATAAAGCAGCTCATTGTGATGTCGGAAGGAATCAAATTGTCGCTATGAGTTCCGCGAATCTGGCTAGTTTGGAGGAACTTGTCCTTGTTGCAGGTTCGACAGTACCAGGCGGGAATTTGATGTCCCCACCAGATTTGGCGAGATATGCACCAATCTTTGATCTGGCGCATCCAGCCCAGATAATTGTTTTTCCATCCATCGGGAATAATTCGAATGTTTCCGGTTTCGACCGCTTGGATGGCAGGAATTGCCAAAGGTTGGATTTTGACGAACCATTGGGGTGAAAGATAGGGTTCGACGACAGTTTTACATCGATAACATTTCCCGATGGCCATGGCGTGATCTTCAA
NZ_CP116968.1_gap31	1025805	1030176	4371	CCGTGCTGACTTTTTCATGAATGAATCCTTGGTCAAGGTAATAGAAGAACTCATCTGGTTATAACCAATTCCTGTGCCAAAATTTTAGTTTAAAAAGTGACAGGAAAGTCCAAAAACGACCTAGAAATAGGAGGAAGAAGGCTGACACTGGGTAAAATTTACCCGAGGAACAGGGTCAAAAATGCTGAGCTGGAGCGCTGTTGGCGGGCTAAAGATTATTGACTGGGAATGGGAGCCGAAGGGCGAGAGAGGATGGCCTCAGAACGAAGGCGGAGATTGGCGGCTTCCGATGGTCGATTAGCTGCTTGCATCATTCGAGCATATCGTTGAAGAATGGCAGCCACGTCTGGATGATTTGGGCCATTCGCGGTTTCCTTTAATTTGAGGGCCCGTTCATATTGCGCAGCGGATTTGTCATATTCTTTCCGATCTTCGTAATAGGTGGCCAAACTATATAGACTACTTAAGAGCAGGGGGTTTCCCGGTCCTAACCCTTCAGCATGTTTAACTGTGGCCAATAACTGGTTTTCTAACGCAGGGGTGGTTGCCTCTCCGGTTGTTGCCGGCAGCGAGGACCTAGAAGAAGGCGAAGAGGTCCGTGAAGGGGAGGTACATGCGCCGAATAGGCCGATCAAAAGCATGATGGTCCACATCATCCTAAAGATAGATTGTATATTCCGGTTCATAGAACTCCACCCTGACAACGCATCTTCAAAAAAGCCCCGGATAAAAAATTAGAAGTGATTCTATGAACTCTGGGCCTGTTTTCGCAAGTGAACTCCCCGGTTTATGATTTATCAAAAACCAATTCATAATGATTTCTAATGGAGAAGAATACACGATGCCGGTCCTGTGGTGTTCGATTTCGGCCCATGGCTTTGGTCATGCCGCACAATTAATGCCAATCTTGAATGAATTAGGTGGGGCGGTTGAGGACCTGCATGTGATTCTACGCAGCCAAGTACCTGCCGATTTCTTTCAACGTCATCTCCGCGTGAGTTGGGAGCTGCAAGATGTCCAACAAGATGTTGGATGTGTCCAGCGAGGGCCTTTGGATATTGATGTGGAGGAAACATGGGAGGCCTACACCAAATTTCACACACAGTGGGAGTCCAAGGTTGAGGAAGAAGCTCAGGCCATCCGATTGTCCAAGGCGCGTCTAGTCATTTCCAATATTTCGCCTCTTGCCATAGCTGGCGCAGCTCAAGCGAAGTGCCCGGTGGTGGGAATTGCCTCACTATCCTGGGATCGGGTGTTAGAGCCATTTGCCCAGGCCGATTCCGTTCTTCATCGTTCGATTCTCGAAACCATTCGTAACAGTTATGGGTTGGCAGACTCTCTCATCCGACTACATCCGGGTATCGAGATGCCGGCCTTTGGTTCGACAGTTGACGTAGGACCTTCGGCACCCTTGAGGAAACCGAATGGCTACGATCTGCGAAAAATCTTGGGGGTGGGAGAACATGAATTGATCGTCCTCATTGCCTTTGGGGGTGTGCCGCTCAACCGTCTTCCGCTTGAGCAAATGTCCGCAATGGCCGGGTTCCACTTTTTAGTAAACGAACTCCCATCTTTGTCTTCTTATGCCTCGGTGCATCGTGTCGAAGATCTTGCGATGCCATTTGGAGAAATCAGTCAACAGGCGGATATCATCATGACTAAGCCGGGGTATGGTACCGTAATCGCTGCGGTCCAGGACAAGACGGCACTGGTCTATGTCCGGCGAAATAATTTTATTGACGAACAGAGTTTAGTGGATTATATCCATCGACACGGACGAGGATTGGAGTTATCCCGTGATGACTTTGAAACAGGTAATTGGGAACCGACTCTTCGAGCTGTGCTAAACGTAGCGGTTCCGCCTGAGGCACATCCGTCACCGGGCACGGGTGACGTTGTTCATCAGTTAAAAACATATTTGTCGTGCTAAAGAGAAACGGGCCGGGCATCTTTTCAAGCACTATCCGGGATCAGAGAGGGATAGGGAGAGACGGTAAGGGCCTCAATGGTATTGAAAACACGTGATCCATTCAATTCTCGTTCTTTCCAAAACACTCCGATCACTTCCACGGAAAGATCCAGTGAAATTGACGGGGAGCCTTGCGTGCGATCGTGTTGACCAAAAACGACAATGGATTGTTCCCCATCGGCCAGACGAAAGACAAAGCGTATGGCTAACTCTAAGTCAGTAAGGTGCATTTCCGGTTGAGTGACCACTCCACGAACGGCCACGAGTTGTTGATGATAGGAAGCTGGTTGACTGAGCAGCATGGCAATGGAGACAAGTTCGGGCGATGTGGTAAAAGTGGAGGAGGGTAGGGGAGACGAGAGTGGCCAGAGCGGCCTGGGTGTGGGTGGTGCCGAGGCAACTCCCTCAAGGGAAGCTTCCAAGGGAGATAGCGGGTGATGCGTCATGTCCGTTTCAACGAACAAGAGAGCAGCCCATCCTCCAATCAACAGAACTTTTGAAAAAATGGTCATGAAGGTATGGCTGTTTTTTTAAAATAGTATTCAGGGCCAAGCTAAGGTAGATATTCGCAAAAGCTGCGCAAAGAACCAGGTAAGAATTTTCTTCTGTAAGGAACAAGTCAATGCCAATCGTCGATTATTATGCGGTTCTCGGTGTTGTTCTTCAAGCATCGCAAGATGAGATAAAAAAAGCCTATCGCGCATTGGCCCTTCAATATCATCCTGACCGCAATCGAGGAAATCGTCAGGCTGAACAAAAAATTCGTGAAGTCAATGCAGCCTATGAAATTTTGGGTGATCCGGATGCCAGAAAAACGTATGATCGAATGCGTTTGGGCTATGTCGAGCCGATGGTGCACCGACGGGATGGGTATCCGGAACCTGAGCCGGAAGTATCCATTTCTCCGTCAGTGGTCTTGCAACGAATGGAAGAAACCCTTCGAGAGGAATCCCGCAAACAACTGTTTATGGTCTTGATACGCAATACACAAAGAATCAAAGAAGAATTAGGCATTATTCGGGAACGGGTCATTCATGCTCAGGGGTATGATACCTTTCTGGAAAAAATTGTCATGCAGCGAGGCCAGGAAGTGTTAGATGAATTCGTGTCCGTGGAGCTCAAACAGCGCCGAGAGCGGCTCGTGGATATAGCCGTGGAGATGGTGTGCTCGGCCGTTCCAGGTTCGTTTCGAGGCCAAGAGCAAATGGATCAGGTTCGACGAAGTTTAGGACAGGCGTATCAGGAAGGATGGATCCAAGGATATGAGCAAGCGTGTGAACTCCTCTACGAGCGCCGGTAATCAGGACGGATACATTGAGAAAAGCACAAATGGAAGTGGATAAGGGAAATGATAAACAATGGAAAGAGCCTTGCTTAAAATCCGAAGTCAGCAAATGGGGGACGCCCCATTTGCCGGATCATGGCTCTTTCACAATTCTCAGTGATCAAAGGGAGAAGAGGGTTGCTGAAAGGAATTGCCTTTTGAGGCGGCGGGATGCCTTGATGTGGATAATGCCTGAGCCTCCTTCGACAAGGTCACCTGGTCCTGGATGGGAGAGGGTACGCCTCGCTCCCGATGGCTTTTGGCTTTACCACTTTCTTCATCGGAACTCACGGCGGTCACCTGTTTTCGTGAATGATCCCCCGAGGATGCGGGTTGCAGAAATTGAATAGCTCCTATTTCCGGTAAAGTCATGGTCAATACTCCTTTACTCTCCTGAATGAGTTCGAGACTTCCCTTACAATCTCTGTATCGGTATGAACCCATATTGCTTGCGGCGAGGGAATGAGGGGATTTATCGAAACGACATAGAATGTGAACTATTTGCCAAAAAGGACAAAGAATCAATTGAAACGCCCACAACATCAATATCGAGTGAATGGGCTATAGAAGAGCAACAGGCAAGTCAAAACAACGGTGTGATTGGGCTATCTTTGAAGTCGAGCAGTACAAAGGAAGGGTCAGTTTACTTAAACATGTGCTTCCCTTTCATGAAATTCACGAGCCTATCACTACCTCCCGGTTATTGTGCATGTAGGAAAAGTGGTGATTAGATTGAGCAGGAATCCTTCAAACCCAATGGATCCATCCCCCTTCGTTTCCTGGCAGGGTCGCTAAAACACTTGGAGTATCAGAGGTCCTTGAAATGCGGAGTACGCTTTTCTAAAAAAGCCGCCAGCCCTTCTTGTTTATCTTCGGATTCGCAAAGTTTGCCAAACAAAGTTGCTTCTACCAGCAATCCCTCCCGAAGTTTCAAATCCGATCCCCTTTGGATGGCCTGAAGGGCTGCTCCAACAGCACTTTGACTTTTTGAGGCAATCCGGCTGGCGAGTCCGATAGCCTGAGGCATCAAATCTTTATAAGAGAAAACCTCAGATATCAGTCCACATGTTTTGCCATC
NZ_CP116968.1_gap32	1031807	1033953	2146	CATTGGAGAAATCGGGAAAGGCTTGAAATATGCGTTGACCATTCTGAACGTCGGGCGGGCAATCAGTATTCCGGCTGTGTGTTTGGGGATGGCCAAGCAGGCTTGGCAACCCACGTTGGATCGGGCAAATTCACGCGTGACCTTTCAGCAGCCGCTCAGCCGGCGGCAAACCCAAATGAGGCGCGTAGGCCAGATGGCTGCGGATCTTTTTGCCGTCGAGGCCCTGTCCTGGCTGGTGTGGCGTATGGCCGATCAACATGCGTATGACATTCGTATTGAAGCCGCCATCGCCAAAATTGCGTGCTCAGAAAAGGCGATCAATTTTCTTAAAGGTGCGCAAACAATCTTTGGAGGAATGGGATACGAAAAGGCCGATTCCAAGCGGGTACGGAGAGAGCCGGCCTTCGGGATTGAACAATTGGTTCGGGATATCGAAATGTATCGTATCGGGGAGGGAGCCACGGATATTCTGCGACCCTTTGTGGCCCGTGAAGCCCTGAACCCGCATTTGGAACAAGCCAGGAATTATCTGGATGCAAAAGGCAAATCTCTGGAACGCATCCGTGAAGGGATGCAGGTCGCGCAATGGTATCTTCCCCGATACCTTGATCTGTGGAAACGGAAACCACTCCCTTCCCGTCCAGCGTTAGATCATCCCAAAGTCCGCAAGCACCTTACGTATGTCGAACGGGCAAGCCGCCGTCTGGCCAGAGCCATTTTCTACATTCTGGCGATTCACCAGGAAGGGATTCGTGATGATCAGGGCAGGCAAAATAGAATTGAATCGGTGGGGGAAGATATCTTGATCATTGCGGCCACGGCGTTATGGGCTGAACGGCAGTATAGCCGGGAGGGGGATCCCCGTGTATGGGGCCTGGCCGATGAGGTGTTTCATGCGGCGCGTGAGCGGATTGACCGGATGATTCCGGAAATCATCCACAATGACGATCATGTCACGGCCAACGTCGGAAAACGGGCATTTCTCGGTCAATATCCGATGCTGAATCATGGCATCATTTACCGGGACCTTTTCGACTATATCCCGAAGGGGCCAGCCGGAACTTTGAAGGAGAAAGGATTATATGAAAAAACCAATCAGAAGGATGAGGTTTTCACGATGCTGACCGATTCGGGATAGGTGGTATGATCAATGACGGATTGTGTTTCTTCGAAATGGGTACGAATATTCATTGAGGGGGCATTGGGGGGCGCCAAAAAACTAAAATTTGGCAACGGTTAGTCTCACAATCAATGTTCTCTGCCTATGAAAAGGCAACAAACATATCCAAAAAGGCCAGCCCAGAAATGCCGTGGGACGTGCGAATTCCCGACAGAAGTGTACGTTTAGAGGGATCGGGCGGTGATATACCGCTGGCGGACTTTTTCACGATCCTGTTAGAATTTTCCTTCCTATCTCCTAGATATTGACATTAGGGTAGGCATGCACCTTTGCTTAGGAAGAGCACATGGTGTCCTTTCCACTGTCCCACACGTTCTTTACTTCCTCAATACACTGCCGGTTGCATGGTCTTCTTGCCTTGTTTCTTGCCGGCCTTTTCGGGATGGTCGCGTTTACGATTTCAGGAATCCAGGATCAGGAAGTTGATGCCCTGATTATAGATCTGGCGGGTCGGCAGCGTATGCTGCAAGAACGGCATATGAAAGAGGTTCTGCTGGCCCGGCAGTATAGGAATGCCAATTCTACCCCTACAAGAACAGAACTGCTGGAAACATTGGAAACTCTGCTCTTTGGAAGAAAGATCACGGTCGGTTGGGACAATAATCATGAGGTAACAGTTCCTCCTGCTCCAACCGAAGCGATCCGACTCGCCATTCAAGGGCAGCAGGAACTTCTTGTCCGATTTATCGCCAAATCTGACGGCTTTTTGGAAGGGACGCAGGACGGACCTGGGGAAAACGCTTCAGCCTTGGAATTGCTACAACTCTCCGACGATATTGTCGCCAAGGCGGACACACTGGTGACCCTGTACGACGCCTGGGCACGCGCAAGAATTTCCAGACTGGTTCAATGGCAAATTCTGCTCGGTGTGATTGTGGGGTTACTGGGAGTCTTGCTGATAAAGCAGATCAGGGCAGGCAACAGAAATTTGGAGTCGGAAGTCCTTGAGCGCAAACAATCCGAACA
NZ_CP116968.1_gap33	1040277	1041161	884	CTCTTCAACACTCTCATATACGAGTCCATTGGGAAGGGCCGGATTGTTTTTCCAGCCGTGAATAAACGGTCTCACGCGGTGATAATACATATAGGGATCACACCGCTCGGGCATGCGATCCAGCGTTAGGCACATGCCTTCTATCGTCGAAGCCAAAGTCATGAGTGCTTTGGTCACCTCATCGGCATGATCCCGTCCCGCAGCTTCCTGCGCGCGAAGAATAGCGGCCATCGCAGGTCCTGCCTTCGCTTCAATGTCCACGTGGACGGCCACGAACCACTCTTCATCCAATCCACCCAGAAAGTTTTGCAGCAATACAACATTATCGAGTTCGATGGGGCGTTTAGGATCGAGACTACGCCAGTTGTCCAACGCATAGGAGGCATACGACAAAACGGGAGGTCGGCCTAACCGGCGTGACACCTCACACCAGGGCACGGCCAGGTTGGACGGGAGACGGTCGAGGGGGTGGTCCGGATTTTCCCAAATGTAGCCATGCGCAGCAAAAGAAAGAATGCGGTTGGCATATCGGTAGGTGGCGAGGGTCCAGTCGTCTTTTTTGGCGGGAATGAGGTCCTGCATCGTGTGGATGGTGTTTCGGAGTTGGCGGGCCGCCAGTAGCTTGGGTAGTTGCCGGCCGAGCCATTCAAGCTCAGGACAGAGTGAGCAGGAAGAAAGAGGGTCGGGGACAGGCAAAAATCCGCGCTCTTCGGACATCTCAAAATGTGAGAACGAATGTCGTTGAAGTGGTGCAGGTAGCATGATTCGTGATTTTCAATAAAGATCCCTCAGCCAGACTGTGGGGTATTCAGAAGAAAATGGGAACCAGAAAATCCCCCTCACCCCCTTTTTTTAAGTTCTTCCGGGTTATGCGTGGGCAACCT
NZ_CP116968.1_gap34	1044924	1049307	4383	GTGTTGCCTCCGGCATGATCGAAATGAAGATGGGTATTGATCACCATATCGATATCCTTCGGGGCAAGGCGGTAGTGGTGTAAGGCATCATGAAGCGAAGAGGATTGATCCACGGCAAACATTCGATGAAATTTTTTGTCTTGTTTTGAGCCCAGTCCCGTATCGACGAGGATGTTCTTCCCATGTGCCTGAATCAGCAGACAGGTCAAGCTGAGCGGGATGCGGTGGTGATCGTCGGCCGGACAACATTTCTCCCAGATTACCCTGGGAACCACCCCGAACATCGCTCCGCCGTCAAGCCGGAACCGGCCGTCTGTCACAGGATAAATGTTAAATTGTCCAAGTTTCACAGGATTGGTCCCTTCTGTGTTGAGGAAAAGGGTTTTCGGCTACAGGAATATTGGTGAAATCCGTCTGCCGGTTTGCTCTGTGACCTCCTTACGGATCAAGTCCTGAAGGCCAACATGGCTTGTGGTCCTCAGGCTGAGACAACTTATAAGACAACCGGTTCACGATAGGTTCCAAAGACTCCCTTTAAGGCTCCACATATTTCTCCCAATGTGGCCCTGGCTTTGACGGCGTGCATCAGGTGTGGCAACAGATTTTCGCCGGATTGTGCGAACCATTGAATTTCGTGAAGCGCTTCAGCCACTTTCTTGGGGTCCCGGTTGGCGCGAAACGAACGTAAACGTTCCCGCTGATACTGTTCGACTTCCTTTCCGATTCGCAGGGTGGGAATGGTGTACTGCTCCGACTCAACGTACTCATTGACCCCGACGATGATACGTTCTTTCCGTTCGATTTCCTCCTGGTAGTGCTGGGACGCTTCCAGAATCTCTCGTTGTGGGAACCCTCGTTCGATGGCGGCCAACATGCCTCCCATGGCATCCAGCTTGCGAAAGTATTCGCGGGCACCTTCTTCCATCCGGTTGGTGAGGTGCTCAATAAAGTAGGAACCGGCCAGAGGATCAACCGTGTTGGTGACCCCGCTTTCATGAGCAATGATTTGTTGGGTACGTAACGCCAGCGTCACAGCCTCCTGAGTGGGCAGAGACAGCGTCTCATCCATGGAATTGGTATGCAGTGATTGCGTGCCGCCGAGCACGGCTGCCAGAGCCTGAAGGGTTGTGCGCACCACATTGTTCATGGGTTGTTGCGCCATGAGGGAACAGCCTGCTGTCTGGGCATGGAAGCGGAGCTGGAACGAGCGTGGATTGTTGGGGTGGTATCGGTCTTTCATCTCCTGCGCCCACACGCGTCGTGCCGCTCGAAACTTGGCAATTTCCTCAAAAAAGTCGTTATGCGAATTAAAGAAAAAGGACAGTTGTGGGGCAAAGGCGTCAATCGGCAATCCTGCCTGAACGGCGGCTTCGACATAGGTCAGCCCGTTATACAGGGTAAAGGCCAGTTCCTGCACGGCGGTGGATCCGGCTTCCCGGATGTGATACCCGCTAATGCTGATGGGATGCCATTTCGGCACGTGTTCACTGCAGTAGCCGATGGTGTCCGTGATCAACCGCATGTGGGGTGCAGGGGGGAACAACCATTCTTTTTGTGCGATATATTCTTTGAGGATATCGTTTTGCAGGGTGCCATTGAGCCGAGTCAGCGGGATGCCTTGCCGTTCAGCCAGAGTGAGATACATGGCGAATATCACGGCGGCCGGGCCATTGATCGTCATGGAGACCGATACCCGATTCAAAGGGATTCCGTCGAAGAGTGTGGCCATGTCTTCCAAAGACGAAATTGCGACCCCACAATAGCCTACCTCCCCAAGAGCCTGCGGATCATCTGAATCCAGGCCCATGAGGGTCGGCATATCAAACGCGACGCTCAGACCGGTTTGTCCCTGATCCAGGAGATATTTGAAACGGGCGTTGGTGTCATGAGCCGTCCCGAACCCTGCGAATTGCCGCATCGTCCATAGCCGACTGCGGTACATCGTCTGGTGAATCCCACGTGTGTAAGGAAAGTCTCCAGGATGCCCGAGGTCACGTTCAGGATCCCAATCTCTGAGGTCTTCCTGCGTATATTGTTCGGCAATCGGCAGTCCGGACAAGGCCGTACAGGGCGTCTTCCGGTCCTGAGGATAATGAGAGGCCGGACGTTTTTCAGCCGAATCCTTCTGATGGACCACCGGTGAATCGTGAGCAATCTTCATGGCGTCATATCCTGACAAGGGGGTCAAGGTTGATAGGTGTAAAATCCTCTTCCTGACTTTCGACCCAACCAACCCGCCTCGACATATTTTCGAAGAAGCGGACACGGGCGAAACTTTTGATCGCCGAATTCTTGATATAAAATTTCGCAAATGTTGAGCACGGTATCCAAACCGATACGATCGGCTAAGGCCAGTGGGCCTACAGGGTGGTTGGTGCCATAAGTCATGGCCTTGTCGATCATGTCGACGGTCGCGATGCCTTCGGCTAAGGCAAAAATGGCTTCATTGACCATCGGCATGAGCAGGCGATTGACAATGAAACCCGGAGAATCTTTGGATTCCACCACAACTTTTCCCATGCGGTCGGCAAGTCCGGCGAGAAGCGAGATGGTCTCATCGCTGGTTCGCAAACCTCGAATGAGTTCGACCAATTTCATGACTGGGACCGGATTCATAAAATGCATGCCGGCGACCTGAGCGTCTCGCCCCGACATGGCCCCCAGTTTTGTGATGGATATCGAGGAGGTATTGCTGGCCAGGATCACCTCCGGTTTGCAGATTGCGCCAAGCTCTTGGAACAGCTCGCATTTCATTTCAAAATTTTCGGGGGCGGCTTCCAGGATCAGGTGACGATCAGTCATATCCCCGAGGGATTGGGTGGTCCGGATTCGTTTTAAGGCCGCTTCGCCCTCCGAAGCCGGGATGATGCCATCCTGAATTTGTTTGGCGAGTCCCTTGTGAATGCGTTCAAGAGCGGCTTCCAGGGATCCGGTGTGGATATCGTAGAGGAAGACCTCACAGCCTGCGAGCGCAGATACGAACGCAATGCCCGCACCCATTTGGCCGGCTCCTACGACACCAATGGTTTGTATGGCCTGTGATGGCATGTACGCTTCTCCTCCAGTCCAAACCGAAACGTGATCGGGGGCGTGAATACCATGTGCTAGGGCATGCGTTCGATCACGACAGCCAGGGCCTCGCCTCCACCAATACAGAGACTGGCAAGCCCCAAACGGCCACCTCTGGCTTCCAGTGCGTAGAGCAGGGTGGTCATCATCCGTGCGCCGGTAGCTCCGATTGGATGGCCAAGCGCCACGGCACCTCCGTTCACATTGACTTTTGCCGGGTCCAGGTTGAGTTCCCGGTTAATGGCGAGAGACACCGAGCTAAAGGCTTCATTGATTTCAAAGAGATCAATCTGCTCGATGGTCAGACCTGTCTGCTTCAGAACTTTTTGGATGGCGTGAACCGGGGCGATGGTAAACCACTCGGGTGCTAATGCGGCGCCGGCATACCCGATGATTCGTGCCAACGGTTTGATGCCATGGCGTTCGGCCTCTCTTTCTTCCATCAGGACAAGGGCTGCCGCACCGTCATTGCAAGATGGGGAATTGCCGACCGTCAGCATGCCGTCTTCTTTAAACACGGGTTTCAAACTGGACAGTTTTTCAAGATTGACACGATTCGGTTCCTCATCGTCGGTCACGAGAATCGGCCCGCCTTTTTTTTGAGGCACTTCGACGGGTACGATTTCCTGTTTGAAGGCACCGGTCGCGATGGCCATGCGGGCCCGGCGATAGCTTTCAATCGTAAAGTCATCAAGGGCCTTCCGGCTGAGTTGATACTTGGACGCACAGAGTTCCCCACCCTGACCCATGTGAAAATCGTTATAGACGTCCCAGAGGCCATCCTTGATCAGGCTATCGACCAGTTCCCCATGACCAAGCCGATAGCCTTGTCTGGCCCTGGTCAAGAGATACGGGGCGCCGGTCATGCTTTCCATGCCTCCGGCAACCAGAATGCGGGCTTCTCCCAATTTAATGGCCTGAGTGGCCATAATGATGGCCATAAGACTGGACCCGCAGACCTTGTTGATGGTGGTTGCGCCCACCGAGTCGGGCAGGCCGGCTCCAAGCGCGGCTTGCCTTGCGGGTGCCTGTCCGAGTCCGGCAGCCAACACGCAACCCATATAGACCTCGTCCACCAACGCCCCTGACAGGTGAACCCGATGTAAGCTTTCGGCAATGGCCAGACTTCCAAGTTTCGTAGCGGGAACCGGGCTGAAGACGCCCTGAAAGCTTCCCATGGGAGTGCGGACCGCGCTCACAATGACCCCGTATTTGGTCTCAGTCATGAGGTGACCTCCCATGCCGGTTGTTCCAGGACAGATTTCACCATGAGCATAAATTGATCGGCTGTGGCTCCATCGATGACCCGATGAT
NZ_CP116968.1_gap35	1083665	1088402	4737	CTTTCTCAAATGCTTCCCATGTCAGGACCTGTTGTGGAGACGTCATCGACCCTTTGGGAAATGAGCCGATGATGGCCGCGGTTGAAGTGGACGCCGCTTCGATTACAGGAGGGACGAACGATGGTTTGTGTATAGATGCGCCCGGAATCGAGTGAGTTTTTTTCATAAGAAATTGTGTTATCTCCTTCTGTGGAACTTAGTACTCAGGAGGAACAGCGTATTATAACCTTCATCGGCTTGCTAGGGTTTCCGCATAGGGCTCTCCTCGACGGAACTGATTTTCCAAAAAAAAGGCTGCGACGGTCAGACATTGCAACCCAAACGGCAAATAACCGGCATAGCCCAGGATCGGCATTTCCCCCATCTGGAGTGCGTGGACGTAGGGTATTGAATATTCCCAATGGACGAGGCTATAAGCATTCCACATCTCCCAAAATCCTCCACAGACCAAGGCTGCCAAACCGGAAAGGACCACGGGACTCCAGTTTCCTTGAGTCAATGGTGACAGAATGCTAGGTACCCTCCGAATTATTTGTATGCCTATCATGATCAGAAGCGGGCTCACCCAGAGAAGAGAAAATAGCAGCGTGGGCCAGATCCCAATCATCAGAAGCCCGAAACAACCAAGGCTGAACATCAGCCATCCGGTGTTGGGGGCATTCACTGACGAGATGGCCAGCCAATTTTCAAATGGTACCCTTATCCAGGAAACGGAAGACAGGTATTCATAAGTACCCAGAACGGCGGGTAGAACCGTCGAAAATGAAAGAGTGAACCAGGCATAGGTTAGAAGCAAGGAGGTTGGTGCCAGGCCCACATAGTGCCAGTTTTGTACATATTGATTGAGGTATTCAAACATCCACCAGAAGCCCGCGCTGAGGAGAAAGAGTTTGAAAAGATAAGCGGGCTGATTGGTGATCATGCACCTGCCGGTTTGAGAAAAACTTAAGGCATTGATGACCACGATGTAGCCGAGCCAGAGCAGGGGAAACGTGTAGGGTTGCCATTCTAGGAACCAGGAAAAACGCGACCAGGAGAGGATTGAAGCGAAAGTCGTCCATCCTACGGCCATCCAACCCCACCAGGGAAACCGTTTGCCGGAAGTGGGAGGAAATGTGTGGTGACGCACGCTTGTGCTCAAACGCAAAAGAAAAGGTGTCAGCGTTCCAACAATGATCAGGGTCGACAGTCCAAATATGGGCCAGGAAAGAGAGGCGTCTCCCGGCTGTAGGGGAATGGGTAAAAGAGTCAAATCGTGAGGAAGAGCTTGGCCAGATAAGACCATACCCAGAGGAGGCAGCCCAAGAAGCAAAAAAATAAAGATGGTGCCGTTGATGACCTTTGTGGAAGACATGGGAGTGTAATAAAACAGATATCTGCGTGTAGCGATTACAGGCACAGATGAAGCCCTGGTTCAGCTTAAACCAGACCGGACTTCAGAGCCACCGGTAAAGAATCTGAGTCAAGATGGAATAGTCTTGGTGAGACCCGGCTGAATTCTTTTACCGTCTTTCCAGCCCGCACTTCCAGCATGTCGTGAATTCTTTCTGATGCAATTCCCCGCATCCGGAACAGGTCCATTGCGTTGTTTCAAGAGGTTTAGCCTGCTCCCAGTCTTTGAGTAAGGTCCGGGCGCGATCAAAATCCTCGTTTTTCAGCACCCACAGTTCCGGGAAGACTTCAACAAAAGGCACTTCGCCTCCAAGCATGGTTGAGCGCTGGTTTTTGATCGTAGACGGTATCTGTGCTTGATCCAACAGTTCTTTCCGGGATTCCACGTCGATGAGATTTTGTGAAACATACAGTCTTTGCATCGTGTAGGTATCCGTTTTAGATACGAGAGAATGAGTGGACAACCAGTGTTTTCTTTAGGCTATCGTTCAGACCGCAGATAATACATGCCGGTCAAGTAAGAATGTGACCAGGGTAGGATACCATAAACTGTTCACGAGGCGAATTCCGCCATTCCGTGGGCCGACATAACAAGTTCATCGATACCGCGACCAATCTTCCAAATCATCTAATCTACTTTGGGGTGTTGAATAATAAGGATGTTCAAGGGAAAATTTGCGCAGGATTAGATTCCTCATCAAAGGCTACGGGTCGGTTCAAAAAAGCATGCCCTGAGTCTTTCCGAAGGGTCCGTCCAGCAAGGCCGCAGCCGTTTTAACGCGCGGAGCGTACGCTTAGTACGTGAGCACGGGAAAATGGCGAGAACGCCGCTGGCGGTTTTTTTTTCAACAGACCCTACTTGTAAATAGCATGTGAAAGTAGGATGCCATCGATTTCTTACTCCTTCCATTAAATTTGGATGATCGCTTTAAGGGGTAGATGATCCGAGGCTTTTCTGGCCAGAGGGGTATCATGAACCTGGAGACTGATTAGGGCCTGTAGAGGATGGACCCATATTCGATCCAAGGCAAAAACGGGAAAACGGGCGGGGAAAGTGGCCGGTTCCGGAATATGACCAAACCATTTTCTTAACCAATGCAAGGGGCGTCCCCATAGATACCATTCATTCAGGTCTCCCATTAAAATGGATAATCCCGGAAACGGTTCCTGTAATGTTTCCAGTAGAGCCATCATCTGTGTGCGACGTTCCTTAGGTCTTAATCCAAGATGTGTAGCAATAATGCGAAGTGCGTTCTGTGAAGGGTAAAATCTGGCATCAATGGCTCCGCGAGGCTCTCGGCCGGGGACGCTAATATCCATGTGTTTTACATGGCTGGCCGGCAAACGTGTGAGAAGGACATTGCCATAGTTTCCCTTATGCCTCGTCAGTGTCGGTCCCGGGATCGAGTGCAATCCCGTTTTCTTTCCGATCCATGTCACCATTTTAAAATCGGGACTGCACGTTTGAAATTCCTGTAAGGCGTAAATATCTGCGTTGATTTCCGACACCACCTGAACGGTCAGGTCAGGATCGTATTTTCCTCCACGACCTACCCAACTATGGATATTATAAGTACAAAGGGTAACCTTCATGAGAAATTTTGTCGATGTATTGAGCTTTCTCCTGATGAGACCGGGGACTTTCTACGAGATGCCCGTTTTTTTAACAACCTGGCCATGAACCAGGCTCCAACAGCCATTAATCCCATTACCCCTATCAGGAGCAAAATAGTTGATAGAGTCGGTTGTTGGATGGTGGCTGCTACACGATCGATTAAAATCGCCAATGCTACCATCCCGGGAATCATGCCCATGATCGTTCCGATCATAAAGTCCCGAAGTCCGATATGCGATGCTCCCGCTAGCATATTGACAATGGTAAAAGGTCCAACCGGCAACATGTGCGCAAACACCATACTCAAGAGACCGCGTTCTCCAAAGTATTGACTTATCCGATTCATTTTTTCCCCTCCCAATCGTCTGAGCTTCTCTTTCCCTAACCAACTGCCTATTCCATAGGTTAATCCGGCCCCGAGGGCCGAACCAATTAAGGCATAGACGAAACCCATCCATGGTCCAAAGGCCAAAAAGCTGATGATGATCAAGGCGGTTATGGGAAACATCACCATGCTTCCGACGAGAAAACATGCTAAGACGAAGAGGGGGGCCCAAGGATGGTTTTTAATATCTTTCAGATAATTCGCCACCGTCCACACATCCACCAATTCTCCAAGAGGAGTCCATTTCCAGGCGGCTGCCAGAAGACCAAGACCTCCCAGTACAATCGCAATGCCGATTAATTGGCGTATTGCCACTCGCCGGTCTTTCGGATGAACAAAATGGCTGATGATCATGTCCGGATTCATGGGTTTTTCCGGGTCGATCAGTGTCGAGTCCGGCACCCACGGTTCCAGGGTTGACAAGAGATTCAGATCAAATGGCTTGAGAATATGTTCGGATCTCTGAAGATGCTGCATACTTTGAAGCAAGGATTCTTCTGAATGCAGACTGTTTTTCAAGGTATGTGGAGATAGCCCCATGTGCTCACCCAATAGCCGGTGGCGAAAATCTTGAATAGCTTCCCGTATATCCTGACGGTCATTGGCTGCAATGGTCAAATCGCATTCGGAATCAAGCGCCATCGAACGATTGGTTAAATTAGCCGATCCGATTCGCACAATCGTATCATCGACAATTAAGACTTTACTGTGAAGGCCGAGGCAGTGTTCTTGGAAAGCGGGACAATCCGGATACACAACCAGAAGGCGCTTGTACTGATCGGCACGCGAGAGTTGACGCAATACCCTCGTTCTCAGCACATCCATGGTCATTTGTTCCAACCAGTCTCCGCCATCTTGTCGCAGAATGATCAGAATTTCCGGACCCTCCGGATCTTGCAGACGCTCAGATAATGCTTGTTGGATAATATGTGAAGTCAGGAATTGATTTTCTATATAAATGAAATGGCGCGCGCTTTTGATGCTATCGATATACAATTGTTGGACTTCACATACACCGTTTCGATCTTGAAAGGCCGGAAGCGTTCTGGAAATTGCCACCTTGACCTTGTGCATGTCCGGTTTTATCCAGGCTGGCCACAGTTCGGAAGACGTCGCTGAACGTTCCAGAGGCGGGAGGGGTTGTCTCGTGGCTTCAATCCAGCGTTCTTCAAACATTTCTCCCAATGCTTGCGCTACCTGACCCTCCACCATGATCTGGACATCATGAAAAGGAGGATAGGAAGACCCATCAGCGTTTATGCGACGGCGATCATGCATTCGGTGCTCGGATGTATCCCAACGGGATTCGGCCAAATCCAACCCTCCCACAAAGGCCAGGTCATTA
NZ_CP116968.1_gap36	1091419	1092037	618	CCGATGGCCACGAAGACGCCAGATAACGGAATCTCTTCAACCTGGTTGGTTTGTACGTTGCGGATCCGGATGCCTTTCACGACCTCATCACCCATGACCTCTTCAAGAGTACTATTCCATTGAAAGGCGATCTTTTCATTGTTGATGGCCCGGTCCTGCATGATTTTTGATGCGCGCAATTTATCGCGACGATGAACGAGGGTGACTTTTGTCGCGAATTTGGTCAGAAATGTCGCTTCTTCCACGGCGCTGTCACCGCCGCCGATGACCGCAATCTCTTTGCCACGAAAAAAGAATCCGTCGCAGGTGGCACATGTCGAGACACCATGACCCATGAGGCGGCTTTCGGAGGGCAGACCCAGTAAATTGGCCGAGGCCCCGGTCGCAATAATCAGAGTTCGGGTTTCCAGAGTGACTTCGTCGTCAACCGTGACCTGAAAGGGGCGCACCTGGAGATCGACCTTGGTGACATGCCCCTGGCGAAATTGCGTGCCGAATCGTTCGGCTTGGGCCCGCATGTCTTGGATGAGTTGAGGTCCCATGATGCCTTTGGGGAATCCGGGAAAATTTTCCACATCGGTGGTGATGGTTAATTGTCCGCCGGGTTGCGAACCATCA
NZ_CP116968.1_gap37	1278097	1281260	3163	ACTGTTTCATCTGAAATCACCGGGAAAATTACCGGGCATCGAATTCGGAATCGAAATGCATAGCCTTCAGGCTTTTCAATCGGTCGTTCCTTCAGAGAATTTACCAAAAGCCCTGGAACTCAAGCGGGAATAACCTCTTCTTCTCCCTCCCTCAATCAATGCCCCGGATTACAATGGAGGATTCCTCCGGTTCACCTGGTAACAAACATCACGTCACTCCTCACAGATATAAAACGCTGGGGCCTCGCCATCGAAGGCGGATTGTTTAAAAATTTTTCCAATTCCAAAATCCTTCAAACAGGAAAAAGGATATAATTAATTGGAAAATGAATAAGCCTTTGTGTTATAAAATCAGGTCGAAGTCAATGGTTCTAGGAGTGTGCCGAGGTAGCTCAGTTGGTAGAGCACAGCCCTGAAAAGGCTGGTGTCCGCAGTTCGATTCTGCGCCTCGGCACCACGAAAACAAACACTTCACATGTCCTTCTGACCCACCAGCATGAAGATTTTGAACCTTCCGACATTCAGGCCTCTTCGCACGGGTATTGAATCCTTGTTGATTCTTGTAACCTTTCTTGTATTGGTAAGCCCTCAATCCCTTTTTGCCACTGAAGGTGATGGTGTAGAATTGGCTCAAGTCTCTTCTCAACCATCCCCTCCCCCAAAAACCAGAACCGTTGTTGCGGACCTCCTAATGGTCGATGGCGGGTTTTATGTGGTGCGCGGGGAACGTGGAGAAATTCGTATCGAAGTCACTCCGGAAACTCAACTGGCGGAGTCATTCACCTTTGGCGATCGTATCAAAGCAGTGCTTTTACCAGACGACAAGGCCATTTCCATCACAAGAGCACAACCAGGGGAACCGATAGGGACAACAAGCAAATCTCCCGTCACCCCGGCTCCTCCATCCACTCCATCTCCAGGTGCTAAATCGAAACCATCAACTCCCCCGACAAAAGTATCGCCGAATGTACGGATTATTGTTGCTGACATCTTAATGGTTGATAGAAATTTTTATATCATCAGAAGCGACTATGGAGAAATTCGAATTGAAGTCACACCCCAGACCAAGTTATCCGAATCCTTCAAGTTTGGGGATCGGATCAAAGCACGGGTCACTCCACAAGATAAAGCCTTATCAATTGTTCGCGCGAGTCCAGATGATTCTCCTGGGATTCGCCTGGAGGAAGGACCCTTGGCCTCCACTCCGACAGCGCCTCCGGTTGGAATTGCCCCCGAAACAGAACCCACACCTCCTAAACATGACCCAGAAACGACTGCTCCAAAGGTGTCCCCAAAAGTGCGTACGATTGTGGCTGAGATCCTAATGATTGATGGAAATCTTTATGTTGTTAGGGGGGATCGAGGAGAAATTCGTATCGAGGTTACTGCTGAAACAACCCTCTCTGAATCCTTCGAATTTGGGGATAGGATTAAGGCCAAAATTTTGCCAAATGATACCGCACTATCCATTGAACGTGCCCGGCCAGATGAACCACTTGGGGCCCAGACGCCCTAGAGCCCAGATTTTCTTTTCCCCGAATAATCCATCGTTTCATTTTTCAAGATTTCGAAATCTAGGGTTTTTTGTTCTTGCAAAACCGATTACGCCGAATGGCTTCACTTATGAATCTCTGGATGGGCGAACCAACTGGGGAAAAGTGAAAACTAAAACGAGGGGAAGAGACCAATGAAGAAGGCCACAGGAGTAAGGCCAAATATCAAACATTGAATATGAAAAAGTTAAATATCCACTTGCGAGCTTTTTGCCTCACGTTTCACAACCTGTTGAAGGATGTTACGATAGGCTCGAATCCGCTTGACATATCTTACAGGCTCCCATCCACGGGCATAACGATGAGGCAGGTCCTGATAATATTCCTTATGAGCTAAGAGGGGAAGAATGCTTTTAATGTCTTCCCACTGATTGGAGTTTTTACCTAAACGCTCAGCAAGCAATCGAGCATCGTTAATATGTCCCATACCGACATTGTAGGCCGCAAGAGCAATGAACATACGATCCGGCATGCGAATGTGGTCAGGAACCCGCTTTTGTAAATAGGACAGATAGCGAGCCCCACCGTCAATGCTTTTTGACGGGTCAAGCCGGTTTTTGATTCCCAGATCCGAGGCCGTGGAACGTGTGAGCATCATAATTCCTCGAACCCCTGTAGGACTAACAGCCTTGTTATTCCATTGAGACTCCTGATAGGCCATAGCGGCCAACAACATCCATGAAATACCTGATTTTTTTTCAGCTTCCTGAAATTCTTCACGGTAAGAAGGCAGCCTAGTCTCAATATGTCGCAAAAAGGTCTTTACCTCATACGCGGGGAGGTTTGTTCCTAATTGCGCAGTCCGCTCCTGATGGGAAAGGTAATTTCGATCGTGATGGGGAAGCTCCCAAAGGACCAACAGTACTCCTAATAAGGCCATGACCAGACCGATTTGTTTACCGACCTTTTTAATTGTTTCCATGACCGTCATCATTCTTTCCGCATCTACAACGAATCGTCATACTAAACAATTATACTGGTACACTGGGTGTATTTATGAAAAAGATCCACGTCCGATAACAGGATAAAATCATCGTGGCATAAAGAGGGGAATTAGGCAAGGAGAATTCCCCGATATCCCTTATGGAAAAAACAAAAATTTCAGGTTTTCTTTTGTCGAATCAATATCTTAAATACTGACGACATTATCATTTAAATAAGAAATTCGATCATGTAACGAATAGAATCATAACTTTTCTTTACCAATCTTTCTTTTCGGATAATCCAATTAGAATATTTAGAGACTTTTAACCCCATCGAACGACCTCTACGTTATGACTTGTTAAAGACACTAGCGTCACAAGAAAAATACTTAATTTGCCTCAAGGGGATGATGGTGACTTCCTTGGGAGTATCGACTTCAAGAATTTCCATATCATCGCTGATAGTATGGCGAATAGCGTCCGGGAATTCTAATTCTTTATTATCAACAAAGGTAACCTTGACCCAATACTGCACCGTATACTCCTTTCAATAAAACAGTATGAAATGTATGCGGAAAACGTCAGCGCCGCCCAGATTTTTATTGACCCAACTCACAAGACCGAGCCGTAGCAGCTTTGACGGCTTTCATTAAAGTCGCCCGTAACTTCCCTGTTTCTAGTTGTTGA
NZ_CP116968.1_gap38	1299101	1301438	2337	TCGCCAATGTTGCCTCCCGGGAAAAATAACGGATCCACGACATAGCTATCCGTCGTAAATGCCAGCCGGTCACCATGTTGAAGTAATTCCCCCAAAGGGATGGTGGCCTGATCTTCTAAGGTATCGAGGATGGGATTATTAAAGGTTGGGACCAACAGATTCTGGATGAGATCTCGCATGGCTTTGCCGCCACTTCCGTGAGCCAGGGTAATTCGTTCACCGTTAGCGGTTCGGTTCAGCATGGGCTTGGTCCTGACGAAAGCCGTGCTTCAGGATTTATCATGTTCAAGCGATTCTTTATATTTTCTGTGATGACTTACACCGAACTTCTTGCCGGATGCAGATCTTCTTCAGGAATCCAGCCGTAGTTGTAGTAGGCGGCACAGGCGCCTTCCGTCGAAACCATCAACGCGCCCAAGGGATTTTGTGGAGTGCAGGCCGTGCCAAATACCTTACATTGACTCGGCTTAATCACCCCCTTCAACACTTCCCCGCATTGGCAGGACGTGGGATCGGCAATTTTCAGATTGGGAAGAGGAAATTTTCGTTCAGCGTCAAACGCAGAAAATTCTTCACGGACTCGGACCCCGGAGTAATCGATAGACCCCAACCCGCGCCATTCAAAAAATTCTCGCAGTTCAAACACTTCTTGAATAGCCTCTAACGACTGCGTGTTCCCATCAGGAGGAACAATCCGTGTATATTGATTTTCGACTTCACAGCGTCCTTCCGCCAATTGTTTCAGAACCATCCACACGGATTGTAATATGTCCAGTGGTTCAAACCCGGCGATGGTGATGGGCTTTCGATAATATTCAGCGATAAATGCGTAGGGCTTCGTTCCGATCACCATGCTCACATGGCCGGGGCCCAAAAAGCCGTCAAGCTGAAGATCAGGAGAATCCAGGATGGCCTTAATCGTGGGAATGATCGTGATGTGATTACAAAAGATCGAGAAATTGTTGATCCCTTCTTTTCGAGCTTGGAGTATGGTCAACGCCGTACTGGGCATGGTGGTCTCGAAACCAATTCCGAAAAACACCACTTCTTTGTCAGGATTCACTCGGGCGAGATTCAAGGCGTCCAATGGTGAATAGACCATGCGCACATCGGCTCCCTCGGCTTTGGCCTGTAGAAGATTTTTCTTAGAGCCGGTCACCCGCATGGCATCCCCGAAAGTGGTCATGATCACCTCGTCTCGTTCAGCCAGAGCAATACAGTCATCCACGCGGCCTCGTGGCAGGACGCAAACCGGACAACCCGGTCCATGAATAAACTCCACTTCCTTCGGGAGCATTTTATTGAGGCCATAGCGAAAGATGGTATGCGTGTGCCCACCGCAGACCTCCATGATCCAAATGGGCCGATCGCGGCAGATGGGTACCCGTTTTACCAGCCCCTCAATTTCCTGGAGAAGGATTCGGGCTTTTTGGGGATCCCGAAATTCATCGACAAATTTCATGGGGTGTCCTTTTTCGTGGCCGACGCGCCCCGATGGTCAGCAAGAATGGTGTGCACGAGATCCCAAAGGATATGATAGATCAGGACGTGACATTCCTGGATCCGGTGAATACTTTCAGTAGGCACCACCAGGCAATGATCAATTGCAGAAGAGGTTGCCATGGCTCCTCCAAGTCCCCCGGTGAGGCCAATGGTGGTGACCCCCAACTCCTTAGCTTTCCTAAAGGTCCGCATAATATTTTCGGAATTGCCGCTGGTGGATACTCCGATCACCCCGTCTCCGGCCTTTCCCTGAGCGATCAACTGGCGTACAAAAATGTGATCAAACCCCACATCATTTCCCACAGCGGTCATCATGGCCTGATCGGTCGCAAGATTGACGGCGGGAAGCGCAGGGCGCCCGGTGGTGACTGGATGCAAAAATTCCACGGCAATATGGGCCGCATCACAGCTCGATCCACCATTGCCCATGGTAAACAGCCGCCCGTCTCGTTGATAAACATCCGCTAGGGCCATGGCGGCGGCCACGACTTTTTCGGCCTGTGCGTCGAAAAAGGTTTGGATAACCTGCCGGCTATCTTGCGATTTCATCCGCACCGATTCGAGCAATCCGAGTTTGACTTGTGCCGAATCTTTCGAAGACGGCTGCAGGAAGGGGTAGAGGGAGGCTAATGGTTTGTGATTAGACATGCGGTCATCCTTTAGGAGGTATTCGACTGACGCATCGCCTGGATTTCTGTTGGCACTTCTCCCATTTCAGTCAGCAACTCTATGGTCCGCTTAGCTTCCTTTTCGTCAATCCGACTCATGGCAAATCCCACGTGAATCAGCACCCAATTCCCGACACATGACCCAGGGGAATGCTCCTCATCCACA
NZ_CP116968.1_gap39	1302649	1307207	4558	GCTTGTCCATCTTTGAGTAAGCAAAAGGTATTTTTGAGTTCACCGCCCATAGCAAGAATAACAGAACTGTGCTCGAAGCCAGAGGGAAGCCCTATGGGTATGGGCGCAAACCCTCGACTCCGTCGCAGCACTCGTGGATCCTGATCCATGACTTTGACCACCGAATCGTCAACACGTTGGACAATCCCCCGATTATGCAAGACCACAAACTCCGCAATGTTTTTCAAATGTATTTTGGCCTGCTCATTGTCAATGCACTGGGGTTCGCCGGCATGATTCCCGCTGGTTAATACAATCGGATGAGCCATGCGATGGAGGATCAAATGGTGCAGCGGTGAATTGGCTAACATACATCCATAGGTGGACATGCCGGGAGCGACACTTGCCGCAAGGGTCCTCTCCGGATGGCGCTTCAGGATGACAATGGGGGCCGCCTGGCTTTGCAAGAGTTCGGCTTCCCTCTCCCCTACCACACAATACCGGCGAATCACTTCCAGGTCGCGCGTCATTAATGCAAGAGGTTTTCCCTCCCTGTGTTTCAAGGCCCGAAGCCGGCTGACCGCGTCCTCCCGGGTGGCATCGCAGGCAAGTTGAAAACCGCCTAATCCTTTAATGGCCAGAATGTGCCCTTTCTGGAGGAGACTGCAGACCGCATCTGCCTCATCCAGCATCGTATAGGAATGCACCGTCACGGGTTTTCCATCCATACGTTCAATCCACACCTTCGGTCCGCATGCATGGCACGCGATCGGTTGGGCATGAAACCGTCGGTCTTGGGGATCGTGATATTCCTTCAGGCAGGCCTCGCACAAAGGAAAATCCTTCAGTGTGGTGGAAGGCCGGTCATACGGAATCCCTTCCTGAATCGTCAGGCGGGGTCCGCAATGCGTGCAGTTGGTAAAGGGATAGCGGAACCGCCGTGCAAACGGATCAAATATTTCCTTCACGCAACTCGGACATGGGACGGTATCCGGAACAATGCCGGTCTGCACAGGAGTTTTGTCAGTACCGGCAATGACAAACCTCTTTTCCGGGACGCCACACAGGGAAATGCTGCTGGTAAAGATTTCGGCAATCTTAGCGAGTGGTGGAGGATTGTGAGTCAGTTCATGAATGAAATGCCTGAGGTTATCTTCATCGCCAGCAACCAGAATTTGAACACCTTTTCCATTGTTGGCAACACGACCTCGAAGATCAAAGCGTTGAGCCAATTGGCAGACCATCGGACGAAAACCGACACCCTGGACCAATCCAGACACTTGGATATTGAATGCCTGTTCGTTGGAGCTTCTTACCGTTACTGTTTTCATCATGAACGCAAGGTTCCGTCAATGTCCCACAGTTGAACACGGTTGTTGCCTAAGTCAGATACTACTACAAACTTATCACACACCTGAACATGTAAGGCCAGCACAAACTCCCCCTCATGGGAGAGCTCCATTGATTTATCCCCTGTAGCCTGAAAAGTTGGCTGGCCGGCCAACGCCTGCGCCTTGGCTCCTGTCTGGAGGTTGGAATCATACCGACCCATTAAACGGGAATTTGCGGTATCTGCCACGATTAACCAGGAACCGGTGGCCGTGACTCCATAGGGCATGTTGAGTGTCTCGGCGCGGGGCCAATACAGGCTGGCATTATGGTCAACCAGATGAGACGCAGTTTGGTCAAGAATCCAACGGCTTGGATTTCTGAAAAAATTCGACGCTCGAAACGTCGGCAATCCCGTCATCGAATACGATGACTTCTCTGGCGGGAATTTGGCTTCAGTCCTGCCGGGCATGCCTCCCAGTCGTCGCGCTCAAGACCTGGTCATCTTTGGACAAACAAGAAAGGTGGGCCTTCCGCTTCTCAGGCTCCCTTTCAATGAGAAGGATGGTTTCTTCCACGACTTCCCTTTTCAAGTAAGCTTTCAAAGTGTAAATGTAGTTTGCATCAACACAAAACGCAACCGTGAGGGAATTTAGAAAGGAAAATAAGCATAGGAAATCTGTAAGATACGTTCACTGTAAGGAAGCCATTAGGTGTTGTCCGGAATAGCTTCGTCTTTATTCAATTGCCAAAAAACAAAGAACACAATTTTCAAAATTCCGAATCTCCTCAAATTTTTTCATTAGAAGGAATCGAGGCTTTTACTCCGCAGAAGTCGAACCGGCATGAAGAAGAGGCGGTTTTTGGGAAAGAACAGTTTGGCCGGGCCTTTAAAGCGGAAACCGGATCGGTACAGGAGAAGTCGAAAGCGCGTTAGTCAGCCATGAGGAGTGAGTTCTCTATACTCTTCCCACAACCAGTGTCCCTGTAGAGCAACGCTTACCGCGACCGACACCGGGCATTCTTGTCATCGATCCTGCATTTGGTGACACTCGCTCCGGCAGCGTCGAATACGTTCACACTCCAGGCACCTCGTTGACGGGGGACGAAACCAAAAAATCCATGGACTGAGACCATCATGGCGTGCGTCACAGTCTCGCTATCAATTACCCTTCCCTCAAGTCCCTTGGTAACAGCTGGAAGCAATTTTGTGCCACTGATACCCACTACCATCTGAGGTGGTCGACGGCCGGTAAAGCTCAACACCTCACCCACATGAATATGGCCGGTGAGGACCAGGTCTACCGCCGGCGGCAAGCGGCCTGCCAACCTTGAGGCAGTCAATGCGTCCTGAGCAGTCACGTTGATATCTTCCACAGCTACGGGTGGAATCATCTGATTGCCGCACGCATCGGTCTTTGGCTTCAAGACGGAACTGTGCGCCGGGCGCAATGCCCAGATGGGGCGGTGACTGAGAAGCCAGGTGGGACCCTCTGCAAGCTTCGCTGCCTGTTCGAAGTCTCGCGCGTAGCGATTGATCACGACGTTCGGCGAGAGCGAAGTATCATCGGCCTGAACGGTATCCATGACGACCAACTGCAGCTCTTCGAACTCCAAGGCATAGGGATCACTGAAGTCACTGCAGGCTGCGAACTCAAACGGATTGAGAAAACGAACATATCCTAATCCGGCGCGCTCACAAGTTTCGTGGTCCCCCCGTACAAAAACGAGTGGGGCTGCTTCGAGCATAGGCGTCCCCGGATGGAAGAAATCGGTATTCCAGGTCGCCATCCGCATACCCGGACTGTTGTAGGGACTGCCCTGGCAATTCCCACAACCATCGGGGCACTTTTCTTCGCGATAGATGTAATCTCCCAACTGAATAATCAGATCCGGCTGCCATTCCGCCACGCGTTCTGCAACCTTGGCAAATTCCCAGTCGTCGGGGTCGCCACAGTTCTGAAAACCATCGTCGAATGCACTCCCCGCCTTCATGCGACAGCCGGTGTCTCCGACTACCGCGATTCGCCGTGGATTCCGAGAAACCGGGCGGAGCTCACGACCGGCAACTTCGATTCGGCCGGTCTCACGCGGCACGAGGAGTTCACAGACCAGAACATTAAAATCCGAATTCGGTTGCGCACGCACTTTCATCCGCGCATGGCGGCCATCGAAATAGGCCAAGGGACAATGCTCACCTTCGGTAATGGCGCGCACGAGCCCGCGGTGAGGTGGCACAACCTGCACCCACACATTGCGGACTTGTGAGTCAGAATGGGCGAAAGCAGATTCGATCCCGGCCGAACCCAGCCACGCGCAGGTCACGAGCACCAGGAATTGAAGCTTTGGCAGGACTGCCCGATTACGACGCCACCACATCTTTTTCTCCGGAAACACAAAGGTAGACACCTATGCTCTAAAGTACCTCTCAATGGAGTTCATTTCAAGATGTACGTCATTGCCGAAATATGCGTAATGAGCCTAAACAACTCACCGCTGGAAATACCCATCCTAAAAATAGTGGAAAAGATAGTTCGGAGAAAATTTTCCTCATAGAGGAAACCGTATAGGTTTTGGGTTTTATCTGGTTGGAATAGAATTGGGTACAGAATTTTTAAGGCGCCATGCAGATGCTACAACGCCGCCGCCCATGCCCTTTACCAGTCGCATTCCCGTCTGCTTCTTAATGTGCGCACCAATTGGGCAATCGTGTTGTGCTTGAAACTTTGCGGCTGGAGCAAAGCGAATATCTTATGCGCAAGGCCCTGCGCGACATTGAATTTGAAGGATTTTTAATTCCAAAAGGCTGGCTGGTACGGATTGGCATTCGTGAAAGCCATCGGGATGCTGAAATTTTTCCCAACCCAAATGACTTCAACCCTGATCGATTTTTAACAACGTCCATTGGCCCCAAGCAGTATTCTCCTTTTGGCATCCAACAGAAATCGTGTTTGGGAAAGGGACTCACTCTTTGGATTGGGCAGAAGGTTGTTCTGGAATTAGCGCAAGGCTTTGAATGGAAAGTCGTTCATGATGGTCCCAGAGAATTGGGGGTCTTTCATTGGAGACCCAGTGCGAAGTTAGGCGTACAGATGTCTTCAATTTCTATGGGTTCAGCATAATTCCTATTCCTGAAAAAGTACTTTAATCTTAATGACTACTGTTTTTCGATGCGACAAGGGGAAAAGTATAAATTTTTCTCCAACATATTCCGATAAAAGGAGAGTAACCCCAGTGTCGTCCAAAGACA
NZ_CP116968.1_gap40	1345655	1348716	3061	CAATATCTCGCGTGGGCTCTATTTTCCTAATATATTCGGGACGACAAAAAATCCATTATGTGATTCTGGGGCATTAGCCAGCGCCTTCTCCACAGACAAGCATTCGCTTGGGCTATCCTCACGGAACACCTGTTCCTCATGAGCGACGGAGGCCGTGGGAGGGACTCCCTCCGTCGACACCCCTTGTAATTGATCCACATACGATAAAATATGATTCAACTGGTCGGCAAACATGGGTTTTTCCGCTTCCGATAAGTCTAAGCGGGCTAATTGGGCGACATGTTCGACTTCTTTTTGAGTGATAGAGGCCATATCTGATCCTTATGATGCAGGAATTAAACAAACATGGAGACACTGCAAGTGGAAACTACAACACCACGTATTTTTACCATGAATTTCTCATGAAAAGCTACTCAGAACAAAGGATTGAACCAGCGGTGGGAAAAGTGGAGATCGAGAAAATCTAGAGAAAGAAGCTGAGGCAATCAATGGTCAAACGTGGACGTTGAAGAAAGGAGAAAGCCTTCGTCCGCAAAACTCACATAGCGCCCATCCCCAATCACAATGTGATCCAACACTCGGATACCCAAAATTTCCCCTGCTGCCATAAGTCGACGGGTTAGGGCATGATCCTCCTCGCTGGGATGAGGGTCACCACTTGGATGATTATGGACAAAAATGACTGCTGCCGCAGATTCTCGTACGGCCAGATTAAAGACTTCTCGTGGATGAACAATACTCACCGTCAAACTTCCCTCGGAGACAGTGACATCTCGGATAAGCCCGTGTTTGGCATCTAACAACAGGGCTTTAAAGACCTCATGCCGAAGATCACGCAATAAAGGATAGTAGTGTTGATAAATATCATGGCTATGATGAATCCGTAATCCCGCAGTTAACGGAACCGCCAATGCCCGCTTTCCCAACTCAACGGCTGCGAGAATCTGGGCAGCCTTTGCAGGACCAATTCCTGGAACAACACACAATTCTTGCAAGCTTCGATTGGCCAAACCCCGCAGTCCCTTAAGCCGGGTGAGGAGGTCCAATGCCACATCCACTGCCGAGGAATCGGGTCGACCGATTCGTAGAAGGATGGCCACCAGTTGAGCATCCGATAAACCCTGAGCGCCATTGTTCAGAAGGAGTTCACGGGGCCGTTCCTTCTCAGGCCAGGATTGAATCCCTTTTTTGAGTTGTGGGTCATTCATATTCATAATACCAGGGTTTGCCATTCGAGAATGGGTTGAACTATACGCAGCTATTTTTCACCCCGTCAAAAACGATTCTTCCCATTCTGTCATTGAGATTGTTGAGGTTTCCAGAACTATGATATCGTCCACTCCCATATGAAACCATCTTCTATCCGGATCGTTGCAGGGCAATTTAAAGGTCGAACAATCCCTACGCTTCCTGGGCGAACCACCCGTCCGACTTCCCAGCGGGCCAGAGAAGCCCTGTTTTCTATACTGGGTGGCCAGATTCAGGATGCCACCGTGGCTGACCTATTCGCGGGGACAGGAGCAGTGGGGCTGGAAGCCCTAAGCCGTGGAGCGACTAAGGCGCTTTTTGTTGAGGAAAATCCATTGGCCGGAAGGAGTATTCAGCAGATGCTTACCCAACTCAAGGTTAGCCCTTCAAGCCAGGTCCTCATTGAGGATGTGTCACTCGCCATACAAAATTCAATTTTGGTAGGATGGCGTCCGTTTGACATGATATTCATGGACCCCCCTTACCGGCTCCAGAATGTTCAACAGATCTTGCATCATTTAGAAGAAGCGGACGTCATGGCCCCAACCGGTCGACTCATTTATGAACATTTCCATAAAACCACTCCTCCAATTCCCCTTGGGAAATGGTCGCTCATCCGAACCGCCCGCTATGGGGATACGGCGTTGACGTTTTACCGGCCCGTTTCTCCGACCGTAAAAGATTTTGACCAATGACTATTGGCATTTATCCAGGGACATTTGATCCTATTACCCGGGGCCATACCGATGTCATTGCTCGAAGCCTCAGGCTGGTCGAGCAGGTGATCGTCGCCGTGGCTCCCAACCCTCGAAAAGCCCCATTGTTCGACTTAGACGAACGAGTCCAATTGGCCAAAATCGCCACAAGTGACCTCAAGGGTGTCACGGTTGAACCGTTTGACGGCTTACTGGTGAACTACGTCAGGAAACGCGGGGCTTTGGCCATTATTCGTGGACTAAGAGCCGTGTCAGATTTCGAACATGAATTTCAAATGGCCCTGCTGAACCGAAAACTTGACTCTAGTCTGGAAACTGTCTTCCTGATGTCGAGTGAGGAATTTTCCTATCTCACCTCCAGCATGGTCAAAGAGGTCGCCTCGGTTGGCGGTCCCCTCCACCATTTTCTTCATCCCGAGGTTGCCGAATGGCTCCAGGGTCGATTACGGAGAAATGCCAAATGAACCTTGCCTCGCGAACGACCCGCATTACCCCCTCCCCCACGTTGCAACTCTCCGCAACGGTGAAAGCCCTGGTCGCGCAAGGGCAGCAGGTCTTCGATTTTACTGCTGGAGAACCCTCCCTGGATTCTCCTGAAGAGGCCAAAGAGGCCGCCTATCAAGCCATTCGCTCCGGCTTCACCAAGTATACGGCCGTCACCGGTATTGATGATCTAAAAGAGGCCATCATTGAAAAATTTCAGCGTGACCAGGGGCTGACCTATTCAAAATCGCAAATCCTGGTATCGTGTGGAGCCAAACACACCCTATTCAATCTTGCATTGGCATTGTTTGAGGCCGGAGATGAAGTGATCATTCCCGCACCCTATTGGGTCTCTTATCCTGAACAAATCCTCGTGGCAGACGCCAAGCCTGTTTTTTTGCCCACTTCCGAATCCTCAGGCTATGCCATTGACGTGAAGGCGCTGGAATCCGCGGTCACTGATCGCACGAAGGCGATAATTCTGAATTCTCCGTGTAATCCGACCGGGAGCATGTATGACCGGAAAACGTTGGAAGGTATTGCCCAGATAGCGCTTCAACATGATTTGCTCATCATTTCTGATGAAATTTACGAAAAGATGGTTTACGACCGGC
NZ_CP116968.1_gap41	1406233	1406991	758	AACACGGCACTGGAAGGCCTGTACAAATCAGGAGGCAATTGGTGTACCCAATGCGAAGCGGAAGGGTTTCGGCGGATCACCTTTTTCCCTGACCGCCCGGACAATATGGCAACCTACAGCACCAGGATTATTGCGGATCAAATAGCCGCTCCTGTCCTGCTTTCTAACGGTAACCTCATTGATCAGGGGCAACTCGACAATGGACGGCATTATACGGTGTGGGAAGATCCCTTCCCCAAGCCCAGTTATTTGTTTGCCCTGGTCGCAGGGGATCTCGCCTGCCTGGATGATACGTACGTGACCGCAAGTGGTCGTCAAGTCATGTTGTGTATTTATGCCGCACCGAAAGATCTCGATAAACTCGAGCACGCCATGGCCTCCCTAAAACAAGCCATGAAATGGGATGAAGAGGTGTATGGTCGTGAATATGATCTCGACTTGTTCAATATTGTCGCCGTGGACGATTTCAATATGGGCGCCATGGAAAACAAATCGCTGAATATCTTCAACACGAAATATGTGTTGGCGCATCCCGATACGGCCACCGATGCCGACTATGAAGGCGTGGAAGGGGTAGTGGCGCATGAATACTTTCACAACTGGACCGGCAACCGGGTGACCTGCCGGGACTGGTTTCAATTATGTTTGAAAGAAGGGTTGACCGTCTTTCGAGATCAGGAATTTTCCGGTGATATGGGGTCACAAGCGGTCAATCGCATCGACAACGTCAGAAGCTTGCGCATGAGTCAATTCCCCGA
NZ_CP116968.1_gap42	1413018	1415109	2091	ATTGCCCTCAAAAATGGCTTGTACGATAAAGCGGGGCTTTTCGTCTTATTTAGTCTGACGTTAGTCGTATTTGCCATCGTCATCGTGATATTTGTGAAATGGGTCGATAACATTGCCCGGCTTGGGCGCCTGGGGACCACCATCGATAAAGTTGAAAAAGCGGCGAAACACGCCTTGCAACGACGCCAGTGCGCTCCGAATTTAGGCGGAGTTCCTGTCGGCCAGACCCGGGAGAAGGGGCAGGCCATTTATTCAGAATCAATCGGGTATGTCCACCGTATTGATGTTCCCGCATTGCAGACATGTGCCGAAAAAGCCGATGCCCGTATCACCGTCTCGGCCTTACCGGGGACATTCGCTGCTCCGGGTAGGGCACTGGCCTATGTGACCCCGTCGCCCAGTCGTTTGTCAGAAGATGACACCAAGAAAATAGCCAAGGCATTTTTGATTGGCCAGGACAGGACATTCGACGAGGATCCACGATTTGGTCTGATCGTGTTATCTGAAATTGCCAGTCGGGCATTGTCCCCTGCCGTCAATGATCCCGGGACTGCCATCGACATTATTGGCACGCTGGTGCGGCTGTTTGCGCTTTGGGGAAAACCTTGTGAAGAGGGAGATATTTCCCCCCCAAAATATGACCGCGTGGAAGTGCCCGAAATATCCCTCAACGATATGTTTGATGACGCTTTTTCGGCAATTGCCCGTGACGGAGCCGGCACGGTTGAAGTTTCCATGCGCCTCCTGAAAGCCCTGGAGTCGTTGACCTTTGCTGGTGATGTCACAATGCGAGCCGTCGCAAAACATCATGCCAATTTGGCACTGGGAAGAGCTGAGGCTGCCCTGACGTTTCCACAAGATGTGCAAAATGTACGGATATTGGCCAGCTTCGCTCAAGTCGGTTAAATCCTCAAACCTCCCTCAAAGCGAAGCTTGAAGGTCTTGGCATCCGGAGGGCACCCATAGATCTCGCTCGGCCTGTAGCATGGCATCTCTTCACCACCTACAGGCCGGACGACCGGGCTGACGTACAAATCAACCGGCGGACCGTGTCTGAGCCCTTCAGCGTTGGCTCAGGATAAACTCCGCGAGTTTGACTCCCACCCACATGGGAATCCTATAAAGATTTCTCTCCTTCTTTGTCCGACGCCTGCCGGCTGGCCCCAGGGAGGGACGCTCTTAGCATTGAGCGGCCCGTGTTTGTGCCCGGCGAGTTGGTCCGCTCCTCTCAGGTTAGCGTCCCTCCCCCTTCAATGAGGCCAGACGGAGCGTCTTATGGCAAGGTGCGTATCGCGGAGCGCGACCTTTGTTTGGAGACTTTTTCCGAAACAAAAGTGGCTCGTCGTTCGGGGGCGAAACCCCGGCTGTATAAAATTCTGTACTTTAGTCAATGGGTTGGGTACATTTGTCATACAACGTATCCCTTACAGAGCAAATGAGGAGCACGCCATGTCAACGGCTGAACAAATCATGCGAGAAATTCAAAAGCTTCCCGAACCTTTGGCGAAGGAAGTCTTAGATTTCATCGGGTACATTGAATTGAAACATGGTCTCAAAGACAGACTAGCTGAGGAACTCAAGCTCGCTCAGACTCCGGCCATGAAAAATGTCTGGGACAATTCTGAGGATGAGGTTTGGAATGACATGTAGCGCCTATGACCTTGTTCTGATTCCCTTTCCTTATGCTGATTTAAGTTCATCCAAAAAGCGTCCGGTCCTCGTCCTGACAGCACCCGATCACCATGGCGATTTTTATTGCCTTGGCCGTTACAACTGTCCCTCAAGAAGAACCTGCCATCCCATTAATTGCAATGGATATCGAAGATGGTAATCTGCCCAAACCCAGTTGGATACGAGTGGATAAGGTATTTACCCTCTCAGACCAAAACATCGTCAAGCATATCGGAAAGATCAAAACGGCATGCATGGAAAAGGTCCTAAAAAGTCTATGCAGTATTGTCGGTTATGCTAAATGACGCCCTACCCGCAAACGTCTTCTCACTCCATCCTCGCCCTGAGCCTTCCTTCCTTTTATGCAAACCCTCCTTTTTTCTTCAACCGACGCCTGCCGACTGGCCCCAGGGAGGGACG
NZ_CP116968.1_gap43	1419115	1423740	4625	CAAGGTCATTACGGAACCCTTCAATAAGGTGGTCTGCCAATTTCTTGCACGAGAGCTGGATCCTAGTTCACGCCAAAAAACACTAGTCTTCTGTGCCAATGACGCGCATGCCGATCTGGTGGTTGAATTACTCAAAGGAGCTTTCAAGGAATACTACGGAAACATCGAAGATGATGCGGTCATCAAAATCACCGGAGCGGCTGACAAACCCCTGCAATTAATCCGCCGATACAAGAACGAACAAAATCCCAACGTGGCAGTCACGGTTGATCTACTGACGACTGGCGTGGACGTTCCTGAAATCTGTAACCTTGTGTTCCTCAGGCGGGTCAACAGCCGAATTCTATTCGACCAGATGCTCGGGCGAGCGACACGCCTCTGTGACGAGATTGGAAAAGAATCATTCAGAATCTTCGATGCTGTCAGGATTTACGAAGCGCTCCAGACATTGACGGCAATGCAACCCGTTGTGGCTGACCCGAAGATTTCCTTCTCGCAGTTGGCACGCGAGTTGATGGAATTAAAAGAGGTGGATGCCCGCATGCTGGTTCGAGATCAATTCATCGCCAAACTCCAACGCAAGAGACGCCACTTCTCAGAAAAGATCAAAAAGGATTTTGAAAATAGTGCTGGCATGTCACCAGAGGCATTTATCAAACAAATGCAAAAGATGTCCGTGGCTGAGATAGCAGGGTGGTTTACCAAAAATCCTGATCTCGGTGAAATCCTCGACAGAAAAGGTGAGGGAAGAATTAAACCCATACTCATTTCCGAGCATCCGGACAAGCTAACCGGCGTTGAACGGGGGTATGGTGCGGCAAAAAAGCCCGAAGATTACTTGAAGGAGTTTTCTGAATTCATCCGAACCCAAAGCAATACTATACCCGCATTAGTAACCGTTCTAACTCGCCCACGAGAGCTGACTCGCAAACAGTTGCGGGAACTGGCCTTAGAATTGGATAAGGCGGGTTTCACTGAGTCGAACCTTGCAATCGCCTGGCGAGAGATGACAAACCAAGAGATTGCCGCCCGTATTATCGGCTATATCCGCCAGGCTGCGTTGGGAGATGCCCTGATACCCTATGAACAACGTGTAGACCGTGCGCTCCAAACCATTCTAACCTCACAGTATTGGACCACTCCGCAACGAGAATGGTTAAAGAAGATCGCAGCACAAACAAAAGCTAATGTTATTGTAGATCGCGATGCGCTGGATGATCCCGATCTTGTGTTTAAAAGGGAAGGCGGGGGATTTTCCCGAATCAACCGAATTTTTGAGGGTCAACTACAACAAATCCTGGAAACATTCAACGACACAATTTGGAAACCCGCTGCCTAGCAGGGAAGATTACAACAAAATATGAGTAACATCACACATGATATCGTCGCGAAACTGTGGAACCTTTGCAACATCCTCAAGGATGATGGGGTTACTTACCACCAATACGTCACTGAATTAACCTATCTGTTGTTCCTCAAGATGGCTAAGGAGACAGGCACTGAGGAACAGATTCCCAAGGGGCACCGTTGGGATGACCTTGAGGCCAAGACTGCCCCTGATCGTCTTGAAGAATATAAAAAGACCCTCATCCACCTTGGTACCCACGGCTCAAAGTTGGTGAAGGCGATCTTCACTAATGCTAGCTCATTTATAAAGAAACCAGCCACACTCTCGATCCTTGTGACTGAGATCGATAAACTCGACTGGTATAGTGCGCGCAAAGAAGGTTTAGGCGATCTGTATGAAGGCTTATTGGAGAAAAACGCCAATGAGAAAAAGTCAGGCGCAGGTCAGTACTTTACGCCACGCCCGCTGATTGACAGTATGGTCGCGGTGATGAAACCAACCCTCGACGACATTATCCAGGACCCAGCGGCCGGGACCGGTGGCTTTTTAATCGCTGCCAACCACTATCTGCGCGAGCACACCGATCCTGATGGTTGGACCGAGACTCAGCAGCGAAAATATCGCCGCGAAACCTTCTACGGAATGGAGCATGTGGAGGAGGCACATCGCCTCGCCCTGATGAATTTGATGCTTCATGGTCTAGAGGCCGCACCGAATGGAGCAGGAATACGATATGGCGATACACTGTCTCCTGAAGGGGCGGCCCTGCCAAAGGCCACGCTGATACTCACAAATCCACCATTTGGCACCAAGAAGGGTGGCGGTTTGCCCTCCCGCACCGACTTCACCTTCCCGACAAGTAACAAACAATTATGTTTTCTCCAGCACGTCTACCGCAGTCTGGAACCTGGAGGACGAGCTGCGATTGTATTGCCTGACAATGTGCTCTTCGAAGGCAATGTCGGCAAACAAATTCGGGGTGATTTGATGGACAAATGCAACCTGCACACCATCCTCCGTCTACCCACGGGTATCTTTTACGCACACGGGGTCAAAACCAATGTGCTCTTCTTCACACGTGGAGAGAGGGAAAAGGGCAACACCAAAAACGTCTGGGTTTACGATCTGCGCGCCAACATGCCGCAATTCGGCAAGCGTTCGGTCCTCACCCGTAAGCATTTTGGTGCCTTTGAAGCGGCCTTCGGCAAAGATCCACTCGGTAAACCCGCGAGCCTAAAGAAGCGCAAGGACACCGGCGAGGAAGGACGCTTCCGCTGCTTCACTCGCGACTGGATTACAGAGCGCGGTGAAAGTCTCGATATCGCATGGCTCAGGGATGAGAGCGATGGCGAAACTGGGGAGGCGGAGGAACCGGTCGTGCTGGCACAGGAAGCCATGGACGAGCTTGAAGGGGCGATGGAAGAATTAAAGGGAATTCTAGATGAGTTGGGTGAGGAGATCGAGGCGTGAGCGAATTGCCTCACAATTGGATGACGGCACCGATCGGTGCCGTAACCGTTAACTGTGCCCAGAGAATTCCGTCTGATGAAGAACAGATCCAATACATAGACATCGCATCTATTGCCCGGGACAAGAAGTTGATCTCCCGCCCACAGTGTATTTTAGGAAAAGACGCTCCTAGTCGCGCAAGGAAGCACGTTTTTGCGGGGGATGTACTCGTATCCATGACTCGCCCCAACCTTAACGCAGTTGCCATGGTGCCAGACAGTCTTGATGGCCAGATAGCCTCTACCGGGTTCGATGTGCTACGCGCTCCAAAGCTTGATCCACGATGGCTCTATTACATTGTGCGCACAAACTCTTTCGTAGAACGCATGACTGAGCTTGTTCAGGGTGCTCTTTACCCTGCGGTGAAGTCCCAAGATGTGCGGAGCTTCGAAGCACCCTTTGCTCCTTTCAATGAACAGAAGCGCATTGCTGACAAGCTCGACACAGTCCTCGCTCGGGTGGACGCCTGCCGCGAACGCCTTGACCGCATTCCCGCAATACTCAAACGCTTCCGCCAATCGGTTCTCGCCGAAGCTACCTCCGGTAAGCTTACGGAGAATTTGCGGAATACAGTAGCGCCCAAACAAGTTTCCACTTCTCCTGAATCTGGTTTATTTGCCATTCCTATGTCTTGGGTATGGGCACACCTGGGAACACTTGCTGAGGTAAAGGGTGGAAAACGTTTACCAAAAGGCCAAAAGCTAGTTCCAGAAAATACTGGTTTTCCATATATTAAAGCTGGGCAATTGAAAAATGGCACTGTCAGAAGCGAAGGCCAAGAATATTTACCAAAAGATGTTCACCGAATAATAAAACGGTATGTCGTCAAGAGCGGAGATGTCTTTATAACAATTGTGGGGGCTAATATTGGCGATGCTGGAGTAATCCCACCCGAGTATGACAAGGCAAACCTAACAGAAAATGCTGCGAAACTATGCAACCTAAAAGGCGTACGTAACAATTACCTCGCCTTCTGGCTGCAATCACCTGTTGCACAAAGTTATATAGATCGTCTCACGAAATCCGGCGCTCAAGGGAAATTAGCATTAATGCGAATAAAGGAAATCCCAGTCCCCTTGCCAAGCATGGATGAGCAAAATGAGATTGTCCGTCGCATCGAATCGCTTTTTGGTTATGCCGACCGCATCCAGGCCCACTATGCAGTCGCTCGTGCCCATGTCGAACGCCTGCCACACGTCTTACTCGCAAAAGCATTTCGAGGCGAGCTTGTCCCCCAAGACCCCACCGACGAGCCCGCCTCTGTTTTGCTGGAGCGAATTCGTTCAGCTCGCTCGTTAAAACCGATCAAACTGAAAAGAGGTATGATTAGCAGCCCATCAATAAGATTGCGCAAAGTGGAGGCCCAAATGTTAAGTCGCACAGAGATCCAGGACATGCATCTGACCAAGATTCTAAAGGAACGGGGACCCCTGCCTGCCGAAGCACTCTGGGCTGCGTCTCAGCTCGACATTGATGACTTTTACGAGCAACTCAAGGACGAAGAAGCCCGTGGTCTATTGAGAGAAAAACGCGGCAAATCGCCCACAGCCTCGCGGTTGCTCGAGGCCGCCGCATGAGATTGGACCGACTCAGCATCCCGAACTACCGTAACTTGCGCTCATTTGAAATCGACTTCGACGAGAGCCAACCAACCACGGTGCTGCTCGGCCGGAACGGTACCGGTAAGTCAAACCTCATTGAGGCAATTGTCGAAATCTTCCGCGAGTTGGAGTTGGGTGGCACGCCTGGTTTTGCGTACACGTTGGAA
NZ_CP116968.1_gap44	1425092	1429858	4766	GTCTGAAGAGAAGGCAGGTGCCAAAGGTGGAGGAGCATGAGATACATTCCCCTTCGAAAGCAGACCCCTGATGCAGCCTGGTTAGCTAATGCCAGCACATTGTTGACTCAGCTGAAAGATGCCCCGGACGCTGAGTCACGAAACAAAATCATAGCCGACAACGGTGCTGTCTGGGGTGAAATGAAGCAATGGCTTCTAAAACTTTCCCATCAGAAATGTTGGTTTTCAGAGGCAAAAGACTGCTTTAGCCATTGGGATGTGGAACACTATCGCCCGAAGAAGTCAGCCAAGGATACTGACGGCAAAGTGTATGATGGGTATTGGTGGCTAGCTTTCGACTGGCTGAACTTCCGTATTTGCGGGAACGCTGGCAACCGCAAGAAGGGTACCTTCTTTCCGCTGCGGGCCGGTTGCCCGCGATGCGCTCCACTCGGTGACCTTCGACATGAAGACGCACAGTTGCTCGATCCAATCGATGAAGACGATCCGGCGCTGCTCTCATTCAACGTGGAGGGTCGTGCTATTCCCGCAGCGCATGTCACTGATGAGTGGGAAAAAGCACGCGTTGAGTACTCCGTTGAGAGATACAACCTCGACTTTCCGCCGCTCATGGACAAACGCAAGACCGTATGGGCGGAGTGTTGGAATCGAATTCAGGAGTACCTGGACGAATTAACGCTATACCATACGGACCGGACCAATGGCATCGCGAAAGACCGTTACAAACAGGCAGCCAGACATTTGCGTGAACTCATGCATGAGGAGAAAGAACTGTCAGCAGTCGCCAAGGCCTGCATTCTGAGCACCGGGGACCCACGGTTGGCGGGGCTAATTCAGTCTGCCTGACTAGATACGGAATAGGGCGGCTCTAAGCACTTACTTTGAAACAGGAGGATGCAAGTGTCGATTCGGAATGGCGTCATCAAGATTGCTAACGAATATCTTGAAGCCAAAACTCAGCCGTTGAGGGCCCATCCATTGGCCGCATTTATCCGTGATGCACTACCCAAGGAAATCGGGCATGCGGTCAATAGGACAGGGGATGAACAGCAGCTTATCGTGCAGGGGACGAAACTCCCTGGCAATTGGGCTTCGGTCCCCTGGATTGGGATTATGGATACCCGTCTTACGGACAGCATTCAACGAGGGATTTATGTCGTTCTGTTGTTTGCTGAAGATATGCGCACCGTCTTCTTCAGCCTTGCAATGGGTGTGCAGAATACCTCTCGGAGGACGCAAGCCTCGTGGCTTCGCCAGATTCCAAATGATTTTCCTCCGCCGGAGGGGTTTGCCACAGGTCCATTACCTTCTGGGTCACTTGCGGCACAAGGAATCGGCGCCCGCTATGAGCAAGCTGTCGTTTACTTCAAGAAATACCCCCGCACCGAACTGCCGGATGAGATTAAGCTGGAGGCAGATCTCCTCGTCATTTGCAATCTACTCCGGCGTATTGGTGATAGCGGACAATACCGAATTGCCAATGCCGACGAACAACCCGAAGTAATATCTATTACCATTCAGGGCCGTGATTTTCAATTCTCAGCAGATGACGTTGAGCACGCCTTTGCAAAGACGACGGAACCGCAATGGAAAGACAGACCCGGGGTTGAACCGTATTGGCATGTCATCGTTGGTGATGAGAGCAAGCCTGTCAAAGCTGTTTTTCGCAATCTCCCCGGTGTGTCAGAGGGCTTCGACTTCACAAAAGACGCCGCAGCACGGGCTTTCGAGCGCTTGAGTTTTGAAATTATCAATATCAAACAGGATCCGATGGTAGGCGAGCTCTGTCTACTCGGCACGTGGACTGACGTTGATGAAGAGGATGCAGTCCAGGTTAGAGCCGCTATTGCCTCCAAAAGCGCATGGGCTAGCTGGTGGAGTTTCCCGATTCGGGAGGAGTTCCACTCAAAGCTTCAACAACCGTTCTACTTTTACGTCAACGCTGGCAAGCAGAGCTTCCCTTTTCGTATGAAAGTTGAGCAATTTCAGACAAGCCGCGGTAATGAGGGGATGGCAAGCCCATGGCCAGAGATCACTGACGCTGAGTGTGTCGGTAAGTTACGGGCCGGACCCAAGAACTCCGAAGTCTTCAAAACATGGCTCTATGTGACGGAATTTGAATCGCTGGCCCCGCCGCTCACGTTGGATAGCTTTGACCCTGCGCTAGGGTCGAAGCGAACGGCACTTTTAAACCAGAGTGCATTTGGTTACGCATATCGGAAAAACTCTGTCGCTAACGAATTGGCACAACACCCACAGATCCCTCTCAATTTAATCCTCTATGGCCCGCCGGGCACTGGCAAAACACACTGGATGCGCCAGAAGTTCGCTGACTATACCAATGAACCAAGCGATGTGGACCACGAAACTTGGATCCAGGAATTACTCACCAACTATGGATGGCGTCCCGTGATTGCCGCATCGCTCGCCGAACTCAAGCATCCAGCACGGGTACCAGAGATTCGCGACCACCCCTGGGTACAAGCTAAGACGAAGCAACGTGGCCGAACCGCGGCAGCGGTTCATGCCACGCTTTGGGGCTACCTGCAGGAACACACGCCCGAGACAGTTCCTGCGGTAAAAACCAGCATTCGCCGCCCCCCTTTCATCTTCTCGAAGCGCGGCTCTGGTGAGTGGGAGTTGCAACCAGACTGGCAAGAGCTCGACGAGGAATCTGCCGAGCTCGCGCGCTTACTACAGGCAGGGCCTAGCGGAGCAATGGAGCCAATCCGTCGCTACCGCGTGGTGACATTTCATCCTTCCTTTAGCTACGAGGACTTCATTCGAGGGATTCGCCCTGTTGCGACTACGGAGGATGGCTCGACCCAATTTCGTATAGTCGATGGGGTGTTCAAGCAGATCTGTGATGAGGCTCGCGCAAATCCGTCCAAACGCTATGCTCTCTTTATCGACGAAATCAATCGTTCCAATATTGCCAAGGTATTTGGCGAATTGATCACCTTGATCGAGCCAGACAAACGGGCCGTCTTTGATGCGAAAGGGCGGCTGATAAAGGGAATGACGGTTCAACTGCCAGGGAGCGAGGGCGCGGATGTTGCTGAACCCCCTTTTGGCGTGCCAGCCAACCTAGATATCTTTGGCACTATGAACACAGCGGATCGGTCGATCGCATTACTTGATATCGCGTTGCGCCGACGTTTCGATTTCCAAGAGATGGAGCCCAACTACACTGTACTCGATCGGCTGGTTGGAAATGTGCATTTGGGTGCCTTACTGAGACGACTTAATGATCGGTTGGAATACCTACTTGATCGCGACCACCGCATTGGGCACGCATACCTCATCCCAGTGGATTCATTGGCTAATCTCCGTCGGGCGTTCAGTATGCAAATTATCCCGTTACTGCAGGAATATTTTTTCGACGACATGGGACGCGTAGCCATGATCTTGGCAACTAGCCCAAAGACCCCTCCCTTTGTCGAGTATGAGCGCCTCAGTCATGGCCAGCTGTTTCCGGGGACTCGTGCTAAGGGGCTCCCGCTCGAGCGGTCCCGTTACCTCGTAGGATTGGAATCGTCGTGGACGGAGGAAAGCTTTCTGGGCGTTTATGAATTACCAGCTGGTAGCGTCGAAGAAGAGGGAGAGCCTGCCTAGGCGGTGAGACCAGGCATGGCGTCCACTTATCTGACAGCCTTTGAGCATCAGCCTCTCACCGTGGGGTCCACCGACATCTGTGCAGATTTGACGACGGGTGAGGCGGAACAACTTATTTTTCTTGGGGAGTTACGCCCTGGGTTTTGCAAACGGAGCTACCAGGCCATTTCCCTGGCGCAGTACTGCGGGCTAGTGGCGCTCGGCAACCGATCCCTTGAGATTCTTCCGAAAATCGACGATGACAACCGGCCGGATGAGTGTCGTGGGCTATTACTACGCATGCTACGAGAAGCAGCCGACATGTCGATCTTTCGTCATGTTGCCGTCGGTCACAATCTTCGACATGCCCCACTACTGGAAGTGTTTATTTCAGCATTCTTCGATATTGTGGCCTCGCTTGTTCGCGGTGGCTTGCTTCGGCAATATCAGGAACATGCGGAAGATCTTCGGGTGGTTCGTGGGCACATCATTACAAACCGCCAGTTCTCAGTCCATGCCAACCGTCCGGATATTGTTGCATGTCGATTCGACGAACTGACAAGTGACAATCTCTGGAACCGTCTGCTCAAGGTTGCCTTACAAACGGTTGGGCCGTGGATTAGTAACACCGAATTGTATCGACGGTGGATAGAACTTAAGCTCGCATTCGATGAGGTTGCGGATATACATGCGAACGTGCAGATGTTGAATCGGCTCGTCTTCGACCGCCAGGCAACACGCTATCGGTTAGCCATCGACTGGGTAAGATGGATTCTCTCGCTCCTCTCCCCCGATCTTAGGGCCGGAGACAACGCCGCGCCCGGATTACTATTCGATATGAATGTGCTTTTTGAATCCGTCCTTGCTGCCTTGATAGGGCGAAATGCTATAGGTGCAGGTCTAACCTTGTTCGCCCAAGAAACTGAAAAGTATCTGGTAACCGTCCAAGAAAGTGGTGGGCACCGCGCGTTCGGCTTGAGACCGGATCTTGTTATCCGTCGTTCCGAGCAAGTGATTGCAATTGGAGACACGAAATGGAAACGGCTCGTGGTCAGAAAAGACGGATATCTGTTACCACCCACCCAGGATCTCTATCAAATGCAAGCCTATGCCGCAGCATATAGCTGCGAGAACCTTGCCTTGATTTATCCATGGCATAGCGGATTGGCAGG
NZ_CP116968.1_gap45	1442495	1446789	4294	CGGTCGTCCTCTTTTCCCATGCTGACTTCCACGGGTTTACCGGAATGCGCCTTCTGAGCAGCCTGAATGGCCTCGACCATACTCACCGTGGCTTCCTTGGTGAGGGTCCGATCCGATTCGAACAGTGCCCACGCAGGAACACCCGTCACCATGAAAAGGCCCACTAACCCGACTGCCATAATTGTCTTTTTCATACCCATTCCTCCTAAATGATTAAAATAAAAATGCAAGATGTATGTGAAATCCTTTCGCTTCTCTTTCTCACGCGGCGAGAGAACCCGCTACGAATCCTTGTTCACTTCATTCCCTCCTTTCTCGCAATTCTCCCGCAAACCATCCAGCAACTCAGTCACAATGTTCCGGAGGTTTGTCGGGGAAAATTCGCGAATAGCATCTTTATACAGGCCGCAGTTCTCTTTAGCTTTTATGGGAGTGTCCTCATACTTTTGAAGACACGTCCGATAGACCTTGACCAGTTCGGCCATTTCCCGGTCCATAGCCGATTCTGTCACGTTGTTGGATGCTTCAGAGGCAGTCGACCCATTGCTTCCAAAACTGAAAGGAACCGCAGTCCCAATGAGGACCACGACCACTATGATAATCCGGGAATAATGTCTCCATTTGCCGCATGCTATCAGTCCTGTGAACTTCACCTGTTCTCGTCCACCGTTTGCGGTTGCCATATTTTTTCTCCCAATTCCCGGAGTCATCTTCCTGGAAAGGTGCCTTAACGAATAAATGATAGGTCCACCTTTTCCTCACATCTATAGCAGGTCACTTTCCATTCGACCAATGTATAAAAACGGGGTGGTCGCTGACCTTTTGTTCAAAGGGTTTTCTTCACCAAACCTGCCGGAAAAATCTTATTTTCTTATGGTCTTGCCCATATCGGAAGAACTCTAAAGCGCCTAGGTCCACTGCCTTCATTTTTTCTCTACTGATTGAAGATTTTTATGTATGTGCATTTTTTAATTTTGCCTCTCAATGAGGGAGAAAAGATGAATGGCCGACCACCAATACCGGACATGATTGAAAAGGTTTGATGGATGCCCGAGGGTTCCGCCTCCGGACAACGAGGTCCTTTTTGTTTTGACAAATGGACCTAAAACCATCCACGTCCCGTCTACGGGTCTGCCAAATGCGAAGGGTGCCCCTCCTTGGGCCAGCCGACAGGCGTCGGATGTCTGATCAACAATGTCAGCATGGTGGGAAATTTTTTGGATGCCGGGGTTCGGCCCGGCAGCCGAGCCACTTTGGTTTCGGTCAAAGTGGCCAAACCCATTGACGCCCCGTCTGGTCTCTCTGAAGTGGAGGGACGCGAACTTTTTAAAGAGCGGCCCAACTCGCCGGGCTCAAACAAGGTCCGCCAGATGCGAAGAGCGTCCCTCCGTTGGGCCAGCTGGCAGACGTCGGATGTCTGATCAAAACGAGATCTGCTCTACTGGGGATTGTCCGCCCGGACGAAACAAGACTATGCCGGGAGCAGGCTGTTGCCGACAACACCAGTTCGCCAAAATCACGATCGAAAGTCAGCAACACACGAGATTGAGTTACGGCTTCGCGCAACACCTCCTCATCGGAAGCCGCTATCAGTGACTCCGCTGCATACAGGACGTCGTGGCCGTGCGTTCGAAGTAATTTGACGATTGAAGCAGGAAAATTTTCGTCGGCAAGATACCGTTCACTCATGCGGACGTTCAGGTCGGCGGCAGCAAATAGAACCGTTCCTCCCGGAAGATTTCCGCAGCATACGCCAGCACAGCACGAAGGCGATCCTCAGTCAGGTTGGGGTAATTGTCACATAACGCAGTTTGGTCCCATCCAGCCGCCAGCAAATCAAGCACGAACTCCACAGACAGACGGGTTCCCTTGAGAGCTGGTTTTCCACCCAAAATTGCTGGATCGGACACAATGTAGTCTCGCCAATTAATGGCGGGCATGATGCTTCTCCTTAACCTAATCTTTCGGCAATAGGATGCGTGAGATTAAAAGTATAGCCACGACCCTATGAGAAGTCACCAATCCAATTCCTTCCATCCCAGGCTCCCGCCTTTAATTGTAGCCATGAATCCGGGTTGCAAGATTGAGGGTGAAGAGGGAGTGTGTTATTTCCGGGGTTTCGGCCCCGGCGTCGGATGTCTGATCAACAATGTCAGCATGGTGGGAAAGTTTTTGGATGCCGGGGTTTCGACCCCGGACGACGAGGTCCTTTTCTTTCGGGAAAAGGACCCAAAACCATTGACGCCCCGTCTGGTCTCATTGAAGTGGAGGGACGCGAACTTTTTGAAGAGCGGCCCAACTCGCAAGGCTCAAACAAGGTCCGCCAGATGCGTAGAGCGTCCCTCCTTAGGACCAGCCGGCAGGCGTCGGATAAAGTAGGAGAGGAACCTTTTATTGATGACCACGAAAGAGGGAGGAGTGCAGACCTGACTAAAAATTGGAAAGATTTGTTATGGGAAGAAGAGAGGCTCTATCCGCTTTTCTTTTCAAGCCCACTCACCACATGACCTCAAGCACTTCATGGTTTTGGTGGGGCTCCGCAAGGGCGGCCAACCCTTGTCCGTCGGTGCTTTGGCCGTCGCGCACACACCACGCGAGCCCCTTGCCCTCTAACTTGATGACGAACACCCCGCCCAGGAAATAATTCACGAGCCAGGCGAACGTGGGAGTCCCGCCGGTTGTCGACGCCGACCAATAGTTGGCCGACTGCACGTTTTGAAACGGATGCCCATCCGGCAAACAGAGTCCCCCGCCTACGCACAGGATCGAATTGATATCCATGAGACTCGATAGTTGTTCACGCATTGGCAGTGCCCAGCCTTTTCGTCCTCCCACCTCGCGGGTGGTGCAATGGCTGATGGCCCCGGCCCAGTTAAAGAAGGTCACGGCCGGGGAGGTTTCCCACACGACGCCCGTTTCCCGGTCACAATAGGCAACGCCATACAGGACAGGGACAAACCGGTCTGCACCGGAGAATGTCTGTCCCCCCATCTTTGAAACACCACACGGACCGATCGCGCCGGTGTCGGAGGTCGTAGACATGATGTCGTTCACCATCTCAAGGTGCGCGTGCATGTCAGTAATCGGTTGGTTGGGGGTGTTCTCTGGTTGTGGCTGTTTGGCCCAGGTCACCCCTGATAGCGCCAGACACATCGCCAGCATCGCCCCCACCCCTACACCCGCAATGATTGCTCGTCGAGCAGACATTCCGTACCTCCATGAATTCCGTATACCGGCAACCCTGCTCATGCGTCCCACTGGTAGCGAACGGGAACGCCATATAGGCTTCTATAATATACTGGAGGAGCCGTACGAATACTATCTGGTACAACCGGCACGCAATAACAATAACACTGAAATGTGGCGAGCAGCCAGACCGAGGAGAGAACCGGACAGTCTGAAACTTTTTGCTTTGGAATAAAGGGTCACAAGAAGGGAGTGTCGTACTCTGATGGGTAGAGAGGTTGGATGAGTGTGTGAGATGAGGAGTGACTTTCTTTGTTGACGTTGGTTGATATCGATCAATGGAGAGAATTTTTGTGATCCGGATTTTTCGCAAGTATCCATGACGGGTTTCGGCCCGGGAGCCGAGCGCTTGCGTGGAGCCTCTTTTCCTTTTTGAGGTCTTCCGGGGTTTCGGCCCCGGACGACGAGGTCCTTTTGTTTCGGCAAAAGGACCCAAAACCATTGACGCCCCGTCTGGCTTTATTGAAGAGGAGGGACGCGAACTCTTTGGAGAGCGGCCCAACTCGCCGGGCTCAAACAAGGGCCGCCAGATGCAAAGAGCGCCCCTCCTTAGGACCAGCCGGCAGGCGTCAGATCAAAAGGCTAACTGGTGTTTGTTGCGATGTCCCGATTGGCCGACCTGCAGCTGGTGCATGGCATGTCTGGTGAACATTGTCGGAAGATGGGAATGTTTAATAGATGCCGGGGTTCGGCCCGGCAGCCAAGGTTTTGCCTGATGCCTCTTTTTCTTTTCCGAGCCTCCGGGGTTTCGGCCCCGGACGACGAGGTCCTTTTGTTTCGGCAAAAGGACCCAAAACCATTGACGCCCCGTCTGGCTTTATTGAAGAGGAGGGACGCGAACTCTTTGGAGAGCGGCCCAACTCGCGGGGCTCAGACAAGGGCCGCTAAATGCAAAGAGCGTCCCTCCTTGGGCCAGCCGGCAGGCGTCGGACAAAGTAGGAGAGGAACCTTTATGCGATTCCCATGCAAGTGGGAGAAGTGCAGGAAGGACAGTGAGAGGAAGAACGATGCGGGGTTTCGGCCTGGCAGCCGAGGTCATGTTCTTTCG
NZ_CP116968.1_gap46	1450397	1451132	735	AAAATGGAACCCTCTTCGAAGCCAGCCTCAGTGACAAGTTCAGGCGTCCAAACTGTGAACGCTGGCGCGAGAAGGTGTCCTGCCCGAGCAACCAAATTGCCATTGGCATCGAGGCCACCTGGGGCGATGGCGGTTTTGCCGGCGTGCGGCTTCGTTGTAAAGCCGTCGGGACGATGGAGTGACCAGCGGGGATGCGACGGTCAAGCCTGCGCCTTGCGAATGTCGATAAGGGTTTGACGTGTCTGCGTATCTGGTCGACGATGACATCCCCAATACATGCTTCTTGAATGTATACATACCGGATGAGATCACCCGGCGAATTGTGGAATGATCACCAACGTTCTTCCTATGAAAATGCAGAGAGTCCGTTCCTTCAACGAATGACAGGATCACGTGTCTGATTGGATACAGGGTCGTATCTGATTGGATACGTCATCGACCACTCAACACCTAGACCGTTTTCCATCGGCGTTCCTTTTGTTTCATTCTTTTTCTTTCATTCCGGGGGTTTATCATTCGTTCTCTCAGTAGCGAGAGAGTCATCCGCTGCGCTCGCATGAATCTTGAGTTTCCTTTAGGGGAGTGTTGAATAAAACCAATTTCCAAGGGCATATTGCCCCACAGGCACGTTGCATATTAGATGTCTCAGGGCGGTTCAAAAAAGTCCTTCCAGTCCTGCCCTGAGTCATGCCGAAGGGAAGGCCGCAAATTGCCTGCCGTGTCCAAAAGGGCACT
NZ_CP116968.1_gap47	1459724	1460274	550	GCTTTTCCAACCCGCGTGGCAGTCATGAAACCATCCTGGATATCAGCTCAACCGATACGCCGGCGTTTTTATACACCTTTGCCAATGCCCTGGCCATGCGCGGCATCTATATTGTGAAAGCCAAGATTGAAGTCGCGAAGCATCGCGTCCGCAACCGTCTCTACGTCCGCGGGCGGCAAGGCGAAAAAATTCAGGGGAAAGCCGAACAACAGGAACTGCGAACGGCGGCCACCTTACTGAAAGAATTCACCCATTACCTGAGGTGGGCGCCGGATCCCGGGAAGGCGCTCGACCATTTTGATCAATTCCTGGATCAATGGTTAGAGCAGGCCAATTCCCCATCGCATCTCACCAAACTGAGCCAGGCTTCCACTCTGGAACGACTGGCGCAACTCTTTGGGAGCAGTGATTACCTGTGGGAGGACCTCCTTCGCCGGCAGCATAACAATTTGTTGCCCATGATGAATCAGTACCAAAAAGGTCCATTGATCCGGTCGAAGGCTATACTCAGCAAGGCGATCGAGCCGATATTGCTCAAAGCCAAAACTTC
NZ_CP116968.1_gap48	1464416	1466966	2550	ACAAAAATCTTTCCATCCCCAATACTGCCGGTTTTGGCTGCACGCATAATGGCTTCCAGAGCCTCTCCCACTCGATCATCGGCCAAGGCGATTTCCAGTTTAATTTTTGGAACGAATTCAATCTGATATTCAGTGCCACGATAGGTCTCTTTATGACCTTTTTGACGACCAAATCCCTTCACTTCGGTGACAGTCATGCCCTGAATACCCAACTCGATCAAAGCATCTTTCACTTCATCTAACTTAAAGGGTTTAATAATGGCTTGAATCAGCTTCATAGGAACCATCCTTCCATTGGATTAAGACACTCTGAATATCGCCTTCCGTCGTCCCAGGCAACGGACTCTCCCGACCGCTCTTGCTCTCGAAACCAACACATCTCTTGTGTATGAATTACCCATAGGCCCGTTCCCGGTGTTGGGTCAGATCACAGCCGAGCACCTCATCTTCTCGAGTGACACGTAACCCGATCGTGCCCTCAACCAGTTTGAGGATGAGATAGGTGCCGACAAATGAGAACGCCCATGTTGCGCCCACTCCAATGACTTGGATGATGACCTGGGAGGGGTTTCCGAAAAAGAGCCCGGTGCCTCCACCCATGCTCGCAAATAAGCCGGTGGCCACGGCCCCCCAGGTTCCTCCGATCCCATGGATGCCAAGCACGTCCAAGGCATCATCATAGCCCAGTCTATGTTTTAAAAATACTCCGAGATAACACACCACGCCTCCTCCAAACCCAATCACAAGCGCCCCGATGGGCCCCACATATCCGGCGGCTGGTGTGATAGACACCAGACCTGCAACGGCACCGCTGGCCGCGCCCAACACAGTCGCTCTTCCTCGATAGAGTCCCTCCACGCCAACCCAGGCTAACGCTCCGGCAGCCGTCGCCACATGAGTGGCCACAAAGGCACTCGCCGCAATTCCATTGGCCGCGAGGGCACTTCCTGCGTTAAATCCAAACCACCCGACCCACAACAAACTGGCCCCGATGACCGTAAACGGCAGGTTATGGGGGCTCATATTTTCGGTACCATATCCGTGGCGTTTTCCCAAGACAAGCGCGCAGGCTAACGCAGCCACCCCCGAACTGATGTGGACCACCGTCCCACCGGCAAAATCCAAATCACCCAATTCTGCGAGCCACCCACCTCCCCAAACCCAATGAGCCAGAGGCGCATAAATGAAGGTGACCCACAACACGGCAAACAAAGCAAAGGCACTAAATTTCATTCGCTCCGCAATGGCTCCACTGATGAGCGCCACGGTAATCGCCGCAAACATGAGCTGAAACACCATGAAGGCCAAATGAGGAATCGTGGAACCTTCAAGCGGTTCTGGTCCCACCCCTATCAATCCCAACCAGTCGAGTCCGCCAATGACGCCTCCCACATCCGGCGCAAACGCGAGGCTATACCCCCAAAACACCCACACCACACTGACGAGACAGACGGCAATAAAACTATGCATCATTGTGCTTAACACGTTTTTACTCCGGACCATCCCGCCATAAAACAACGCCAATCCGGGTATGATCATGGCCAACACCAGGGCCGAGGACATCAACACCCAAGCCGTGTCGCCGGCACTGAGATCTGACGTGCCTCCATCTTGAGCCCACACGGATGAGCCCAACCCGTTCAAGACCAAAACAGACAGGACTGCCGAAAATATGGTTCTCCTGGCTTTGTGAATATAGACCTTCATCGTCTTTTGCTCCTTGGACCTCTTCTTTAAAAGAGGAAAATGGCTTCAACCGCCAGTGTCTGTTGGTTATTAGTCAGAGTATTTCTTCCATCTAGAAAGACATTTTGATTTGATTTGTCATAGCGAAATTCCAATCGGGTGATCAGCGACGGAGTCGGCTTATATTGAAGGGTCACCGTGTTCTCCCAAAGGGTTTGTGCGATCGGAGCTGACACAGCACAGACATTCGCATTTCCACCGGATCCGGCCGTCCCCAAACAACTCAGATCGCCTCCGGCGTCCTCCCAAATTTCTCCACGAAAACGGAGACCCCATTGTTCATTGAAATCATAAATGACGTATCCCGCGACACCATCCCAACGAGCATTGCGACCCGAGCTGATGGCACTCCCATTTTCCTGATTGGCATAATACGCTTCCACCACAAAACCCAATTGATCAGTAGCCTGGAAGGTCGCATACCCACCGATAAGAACCCGTGTGCCAGAACCCGATCGCGTATTAGAACTTTCCTTTCCAACAATGCCATACACATTCAATCCAAGCGCTTCCGTGGGGCGATAGGACACTAACCCTTCCACAGATTTCGCCGTATTATTGTCTTCCGTCAAGCCGGTAAATGAACTGATCACGCCCGCAGCCACCGACAGCTTTTCGGTGAAAGGATAGAACAGCCGAATCCCGGTGGTGGTAAATGGCTGTCCCAATCCAAACAGCCACGATCGGGAATAATTAAGATTAAAGGGACTCTCAATGACTTCATACCCCACCAAGGTATTCATGCGGCCGAGCCGAATATCGAGCCCATTTCCGATCGGGGCGACATACTGGACATACAGTTCC
NZ_CP116968.1_gap49	1469651	1474609	4958	ATACAAAATCTTCAAGAGTATAATGATCAAGGACCGATGCAATGGCATTCCGCACATCCAGCATGATGCGCTGAATCGGACACGTCGTCGTAGCGGCATGAGGACAATCCTGGCATTTTTGATACGCCGTCTGACTCACACAGGCGATCGGTGCGAGAGGGCCATCCAGAAGGCGAATAATCTGACCCAAGGTGACTTCACGGGGCGACTTAATTAAATACACCCCGCCATGGGCGCCACGACGACTCCCAATCAATCCTGCGTTTTTTAAGGACAACAAAATCATTTCCAGAAAACCCAATGGAATATTCTGCCGCTCCGCCAGGGATTTCCGTTGCACAAGTCCCTTCCCGAACTCCTGAGTCAGTTCCATCATGGCCCGCAAGGCGTATTCGCTTTTTTTAGAAAATCGCATAATACTACATAAAGTTAACTAATATTATGCACAATTAACATAAATTGGGTTAGGTTTCTAGACCACACTCAGCGATTTTATGATGGAAAGTGGGAAGCGGGAAGAAATATTGGCCTCAATGGCATCCGCACAAGTCTACAGTTAGGAAAAGGATCTCTATCTCATCGAGATTCATGCAGCTCAGCTCCGCTTCCGGTGGATAGCATAATTCAAATCTCCTACTCTGAACCAGCGGTACCCGTACGATTCAAGTGCCATTTTATGGATGCCGGAAGGAGGACTGTGACTTTCTTCCTCTGCCAGAAGATTGACTAACCGATCTCCGCCTTCCACTCCAGGTCGAATCCGGACTTCTTGCGGTTTGTCATCGAAATTATGCAGCACCACCAGGGAATTGCCCCCCCAATCATATCGCATGCCAAGCACTTTCTTGGAACCTGTTTGAAGTATGTTCCACGTGCCCCAGCCGATTTCCGGACATTCTTTGCGTAAACGAATTATCCGTGCCATCCAATTCAGTAAAGAGCCGGGATCCCGTCGTTGCGCTTCAACATTAATCTGTTTGTAACTATACATACCGGATTCAATGACAGGAAGAATCGGGTGTTCCGCTGTGGAAAACCCAGCCTGGGCCTCATCAGACCATTGCATAGGGGTGCGCACAGCCGCACGTTCTTTTAAGGTCAAATCATCGCCCATGCCAATCTCATCTCCGTATCGGATCACGGGCGTGCCAGGCAGAGAGAAGAGCAGGCTATGAGCAAGCTCAATCTGCCGTCGGTCTCCCAGCATGGGCGCTAAACGTCGCCGGATACCACGATTGTACAGTTGCATGCGTTTTTCAGGTCCGAATCTCGCATATACTTTCGCTCTCTGCTCAGTAGTCAGCCGGCCTAGATCGAGTTCGTCATGATTACGGAGAAACTGGCCCCATTGTGCGGTGGGCGGAAGATCCTGCGTGGCTTTCAGCGCATGAACAAGAGGAGCAATATCCGATGTCGCCATAGCATAAAACAGATATTGGTTCACATAAAAATTGAACATCATGTGGATGCCCTCAGCATTCTTCCCGAAATATCGCTGATTTTGCTTGGGCAGGACATTAGCCTCACCCAAGAGGATGGCATCACCACAGCGCCACTGCAGAAAGTTCCGCATCTCACTGAGGTATTCGTACCGCATCACCGGTTTCTTTTTTCCGGGCGCCGGTGTTTCAATGATGAACGGCACCGCGTCGACACGAAATCCCGCCACGCCTAATTCCAACCAATATCCCATAATCCGCCTGATCTCCGTACGGACTTCTGGATTTCCCATATTCAAATCTGGTTGAAAATTATAAAAACGATGAAAGTAGTATTCCTGGACCTTCTTTTCATAGGTCCACGTTCCTTTTTGGACCCCGGGGAACACCATGCCTTGATTCCAGTCCGACGGACGCTTTTTCGACCAGACATACCAGTCGAAATAGGAGGAGTTTTTATCCTTGCAAGCCTGCTGAAACCATCGGTGTTGATTGGACGTATGATTCACCACGAGGTCCATGATGACCTTGATGCCGCGCTTTTTTGTTTGGTGCATGAACTCCACAAAGTCGCCGCTCGACCCATGACGAGGATCGACTCCATAGTAATCAGAAATGTCATACCCATTATCACGGTTTGGTGAAGGTTGAAACGGGGAGAGCCAAATCGTCCCGATTCCTAAGGCATGCAAATAGTCCAGTCTTCTCGTCAGACCCTCAAAGTCCCCTACCCCATCCCCGTCGGTGTCCATAAACGTTTCGAGGTCGAGACTATAGATCACATTATTTTTATACCAAAGATCTTCAATCACGGTACCGGATGTGTCCTTCTTGCCCATCTGATTCCCTCAACTTTCACCACCCTTCAGATACACATTCAAGGATGTGGAATTTTTATTGGACCAACAGAGAATAAAATATTAACGATTTAACCACTTCCAGCCTCGTTGAACAATGCCGGAGGAAGAAATGAAAAAAATCATTTTTGATGACGGAAAGTCAATGACATGAAATGCCATTCACTTAATTTGAAGGCTCTTAAAAATTCTGGCCAGAAATCTGAAGATGCATTCGCATTCCTATATAGCCAGTTTTCTCCATCAGTTATTTCAGATGGGGAATGCACACGAGATTTCTTTTTATTGAGTGCACCATCAGTAGCCTTCACCTGGGCAAACCTGTCTGATCTCAGTAGGACCGAAAGCAAGGCCCATAGAAGAAAACGCGCGGAGACTATTAAAGATCCCACCTAACAAACGGATTCACTTCCCCTCATTCACCATACCATTCTACAATTTTGGGAAATTATCAATAGCCTTGACAGAAATTCGAAATGAGTAGAATCTAACTACTCCGCGTTGGAAACTTGATAACAAGTTATACCTTTATCCGGAATTGGTGAAGGAAAACAGGATTCTATTTTGTAAAAGCGGAGAGAACTCCTCATGAACGGTGACCAGCAAACGCCGATGAAAGTGTTCTCCTCCTATGCCCATGAGGATGAATCCTTAAGAGACGAACTGGCAAAACACTTAGCAATTCTCAAACGACATGGCCTCATATCCTCCTGGCACGATCGAGAGGCATCACAGAATTGACCAATTTCACAACGATCTTTCTGCTGAGAATTCAACTCAGTACAAGAAAGAGGGCTTCATGAACAAAGCCTATTTTATTGTCGGAGTTACTTGTCTTTTTGTGGGATGTATTGGGGGCCATTGGGCCAAAGAAGGGACATCTCCCGAAACCGTCCAACAAGACTACCGCGAATGCCAAACGATGGGAATAGTTCAAGAACCGCAACCGGCTACACTGGGCGATAAAATTGGCGCCAATCCCGACATGAGCGGCCGGGCTATTGAACAATGCATGCGAGGGAAAGGGTATCGGTGGGTTACCGAAAAGACGACTAGCCCATAGGAAAGGGAAACAACCTAGGCCTCCCTCTTCTACGTTTTTATCTTATTGGCAAATTGTCCGGATGGAACTATTTTGATTGCGGAAGGGGCCGACAATTAGCCTAAAAGTGAAGACCTGAATTTTTTCAAGCGTTAAGACCCTAAGTGTAAGTAAATGGTGGAGGGCACGGGAGTTGAACCCGCGACCCCTACGTTGCGAACGTAGTGCTCTCCCAACTGAGCTAGCCCCCCACACTTGGGATTCGTACGATGTGAAGCGTTGGAAAAAGAAGTCCTTATGAATTGAAAAATATCACAGGATTATAACTGACTGTTCGTCGAGTTGCCATCGCTGACATATTTTTTTGTTTGCCCGCAATCCCCTCACCGCCTATAAATCGTTGAAATCCGACAATTCGTTCTAGGAAAGAATGTGGACCTTGCGTCCTTCAAGATGTACCCGTTTTTGTGCCATCAATTGAAGAGCCTGAGGATAGCATTCGTGCTCTTTTTCCAAAATGCGGGCGGATAAGGATTCAACCGTATCCCCCTCTAGGATAGGCACAGCGTCTTGCACAATGATAGGTCCTTCATCGACCCCTTCCGTCACCAGATGCACTGTGCAACCGCTGACTTTTACGCCCCACTCCAAGGCTTGACGTTGAGCATCGAGTCCTGGAAACGCCGGTAGAAGCGATGGATGGATATTCAAGATCTTCGATGGATACATTCGAATCAAGGCGGGGGTCACAATCCGCATATATCCCGCCAGGGCCACATATTCCACCCCATGTTGCTGGAGAAGGGCACCCATTGCCAGATCATAGGCTTCACGCGGGTTGGCTTCCTGGGCAAAAGGTTTTGGATCCAGATAGACCGTGGGAAGCCCGCGTTCCTTCGCGCGCTCTAAGCCCGCGGCATTGGGCTTGTTGCTGGCTACGACCTTGAGAGTCGCATCCAACGAGCCACGATCAATGGCATCCAGAATGGCCACCAGATTTGATCCGCGGCCTGAGATTAAGACCCCAAGGGCAAGCGACACAGTTTCAACCTCTTAATGCGAATAGAAAAGCTTTGGCTCAGAAGACGGACGATCTCGAACCTCTCCAATGACACAGCCCCTCATCCCTTGTTCCTGAATAATGTCTAATATCCGGCTGGTTTCTTCAGAGGGCCCCACCACGACCAGACCAATTCCCATATTAAACACGCGAAACATTTCGTCTTGATCAATGGCTCCTGCTTCTTGAAGAACTGTGAACAACGAGAGTGGCGCCCACGTGCTTCGATCGATAACCGCTTGGCAGGACTCCGGAATGACTCGTGGCACATTCCCGGTAATTCCACCACCGGTGATATGTGCCAGGCCGTGTACTCGGCTCTGGGACAACAACGCTTTGACCAGTTTCACATAAATAAGCGTCGGTATGAGTAATGCCTCCCCGACTGTGCCCGGCAAGCCGGGTACCCGGGTCTCAGGAGACCACTCTTTCAGCTCAAGAGCGACTTTTCGCGCCAGGGAGTATCCATTACTATGAAGTCCACTCGACCCGACTCCAATGAGCACATCTCCGTGTTTAATTTTTTCGGGGCCCAACATCTCCGACCGTTCCACCACCCC
NZ_CP116968.1_gap50	1476704	1479328	2624	ACATCTCAACATCTGCCGCCTCAATGATGGTCTTCGGCACCATGATTAATAAGCGTTCAATCAAATTCCGGAGTTCACGAATATTGCCCGGCCAATCATGCCGCTGCAAGGCCTCCATGCCTTGCGGACTAAACTCTTTAGGTTTCATGCCCTGTTCTTCAGAATGCAGTCGCAAAAAATGCTGCGCGAGTTCAGGGATATCGTCTCGACGCTCCTTGAGTGTCGGAACCACAATCGGCAACACATTTAACCGGTAATACAGATCTTCACGGAACGTCCCTTTCCCAATCTCCTCCCCCAAATCTTTATTGGATGCGGCAATGACCCGGACCTGGACATTGATGAGTTTTGTTCCCCCAACCCGGGTAAATTGTTGTTCTTGAAGGGCACGCAACACTTTGGCTTGCGTGGCCAGACTCATGTCCCCGATTTCATCCAAAAACAGGGTTCCTCCGTCCGCCAGCTCGAACTTGCCACGTTTCATAGAGCTGGCGCCACTGAAGGCCCCTTTTTCATGCCCAAATAACTCACTCTCGATCAACGTTTCCGGAATCGCCGCACAATTGATTTCCACAAAGGAACGATTATGCCGGGGACTCTGCAAATGTATCGCGCGGGCGACCAGTTCTTTTCCTGTCCCATTTGCCCCGGCAATTAACACACGACTATTGGCTGGAGCCGCCATCGCGATCAGTTCGCGAAGCCGCTCCATAGGAGGAGAAGAGCCCACCAATTCAAATCGTCGCTCCACCTGAATTCTAAGATTCAGGTTTTCCTCTTCCAGCTTGCGTTGATGCAACGCATTGCGCACTAATATGGTGACCTTTTCCAGGTCTAGGGGCTTTTCCAGATAATCATAGGCGCCCAATTTTGTGGATTTGACGGCGGTTTCAATGGATCCATGCCCCGACATCATCACGACCAGGATGTTGGGAAACTGGGTGCGCAATCGTTTCAATGTCTCCAGCCCATCCATCTCCGGCATCCAGATATCCAAAATGACTAAATCCGGCACCTCACTTCGGACAAGTTTGAGTGCCTCAAGGCCGCTCTTGGCCACCAGCACTTGATAGCCTTCATCCTCAAGAATGCTACTTAAGGTATTAAGAATGGCTGGTTCGTCATCAATCAGGCAAATGGTCTCGGCCACAATACTCCCTCCATCAGGTATGGAATGAATGGTCCCTCACGTGTGTCACGCGAGACAACCCTTCCGGAGAAAAGACAGTCCAGCCACTGACGCTCCCCTCCCCTACAACGGCAATTCGAATGTAAATAACGCACCTTTTGGATGATGATTCTCTGCATGAATGGTCCCATTGTGATCGGAGATTATACGATGCACAATGGCTAATCCCAAGCCTGTTCCCGTTCGCTTTTTTGAAAAATACGGCACGAACAACATTTTGTGATCATCCGGCTGAATACCCATCCCTTCATCCGCCACCCTGACCACGGCCCGATGCCGCCGCCAATCGCACTCCGTCGTCACCCAGAGACGGCCATGATCGTTCATGGCCTGGATCGCGTTATCAAACAAATTAACCAACACCCGGTGCATCTGCTCCGGATCACAATTCAATGCCGGAAGGTCTTCATCAAATTCGACAATAAATTCAATGTCACGATGCGCCCCCGTATAGAGGTAGATCACTTTCTCGATAATGTCATGCAGGGATGCTTTCCGCATCTGGGGAAGCGGCATTCTGGCATATTTCGAAAACTCATCGACCATCCCTTTTAACCGGGTGACTTCGCTAATAATGACGCCGGTAGCCTGATCGAATATTTCATCAAATCCTGTAGACTTTTCTGCGTATTTTTTTCGCAACCGTTGGGCCGACAATTGAATCGGGGTTAAGGGATTCTTTATTTCATGAGCAATGCGTTGCGCCACTTCCTGCCAGGCCGCCGTTTTTTGCGCCTTAATGAATTCCGTCCGATCTTCAAACACAAACACAAAACCCAGGTCCAACCCGGCATCGTTCTGCATTCTGGAAATATTGAGGCCTACGGTCAAGAGCCGGCCATTGGGTGTTTCCATCTGGCCATCCATGGACACACTTTCCGTCTGTTCCTGGAGCATCTGGTCATAGGCTTTCTGAAACAATTGCAGGTTGAAGGACTTGAACGCGTCATGAACCGGTCGTCCACGCAAGTCGTCACCCTTCACTCCGATAATCCGTTCAGCGGAGGGGTTAAATGTGGAAATCAGACCGGCCATATCGATCGATAGCACGCCGGCGGCAATGGTTTCCACCACCGCTTCGGTGTAGGCCCGACGTTGATCGATTTCCACATTGGATCGTACGAGCGACATATTCACTTCTTCCAAGCTGGATTTACTGGTGCGCAGATCGGCGGTCATGCGATTGAACGACTGGACCAAGGTTCCGATTTCATCCGTGGCCTTGACGTCAATATTCACATCTAAATTCCCTTTGGCGACCGCTTCGGTTCCTTCAGCCAGTCGTTGGATGGGGACCGTAATCCCTCGGGCCACATAAAACCCGAACCACGTGGCGCCAAATAAAATCAGCACCGTTACCACGGCCACAAACAAATAGGCTCCACCCTTGATCGGATTTTTCATGGAAATGATCTGCCGGTATTCCTCAAATTGT
NZ_CP116968.1_gap51	1493384	1497966	4582	ACATACCCACCAGGACCTGATCCGATAATGACAATGTGGGGGGGGGAGGTGGTCATGATTCCTGTGAGGCTAAAAATGCCGTGTATTGCTCCGGCGTCATCAACCCATCCACCTCACCAGGATCGGCTAATTCCAGCACCGCGATCCACCCCTTGCCATAGGGATCCTGATTGAGTAGTTCGGGATGGTCCTGAAGTTCTGTATTTACTTGAAGAATTTTTCCGGTGACCGGCGTGTAAATCGTCGAAGTGGCTTTGGTCGACTCCACTTCTCCCAATTGATCTTCAGCTTGCAGCGAGGTTCCTACTTTAGGAACGTCCACAAACACTACATCCCCCAGGGCATCCTGAGCAAAATTGCTAATCCCTAAGGTCGCCTTTTTCCCTTCAACGCGAATCCATTCGTGTTCCTTGTGAAATCGTAAATCCTGTGGCTCCATTCTACCCCCTTTTGTTCGAAACGATGATGGCGTTCATAGTTGTCTGATGTCTCCCATGCACCTCATGAAGCGAGTGTCCCCAGCTGCATGAGGCAGGACAGTACCGGAGCATTCAAGAAAATGCGCGAAGATCGTGCACGACACCAATTCCCGAAGGAAACTCACCGAGCAGTGAGGTACTGCTCCCGCCGGTTCCCGGCACAATGCGCTTTCCTCTCTCCGCCGGCATACTCACCCATACCCGTCGCGGATCGTCAAGCACGGGTAGCAAGCGGGTTAATACCGCCTTCGTCGAAATGCGACGGAGCTTCTCAATGGCCGACACTTGATCGGACGAGGAGTGCCGGTCAATTTCCGGCCGCACAAAGAAAAATGAAAACGGGCGACGGATGGCTTCCATTGCGTCCTGGGCATAGTCCACCAGAGCCCGAACCGGATCGGTCAATCCATGTGGATGGAGCTCCAGACCACATTGAACCGTTAAGTGGCGTTTGCGAAGCTGGCCAATCAACTGCTCAACAACAGTCAATCGCTCACGAGCCTTCCATCCCGCCCAGCGCCAAAACACGGAATCTTCCTTAGAAGCGCCTGAAGGCCGGGTTGATCGACTCGCTAATTTCGATGCTTTGAGGGGATCAAACCCCGACTGAAAGGTCCGTACGGGATCAAAACTCACACCGAAGGCGGTTTGAAAACGGGTCAATCCCGACGGCGACACCCCGTCATACACCCCCATGGGGTAATCGTCGAGAAATACAAGACCATCCACGCTGTCCTCGGAAAGATGCGTGAGAAATTGATCGAGAAAACGTTGATACTCCGGATGAAAAATATCAAAAAACCTGGAATCCTGAACCTGGTGAGTGGTCGTATTATACCTGCCGTCCCGCCATTCCGGCAGAGGGGAATCATGCCAATTGCCAAGACAACGGAGATTCACTCCCACATACACCAACAGCTGCAACTGATGACTGCGTTCCACATATGAGCGTAGCAACGTCTGGAGATCAAGCAGATGGCGAGGGGACCGCGACGTCGTCCGCTGTTGATCGGTGTGGAATCCGGCTCCCTCACAACCCAAATCAATCAGCAGGGTGGTAATTCCATCAGCCTTCATCTTTTTTATTCCCTGGTCAAACCCTCCACTGGCCGGCAATTGTTCAAGAGTTAACCGGATGGCCTGAGTATCGAGAGGCGGCATCGTAAATTGTTCAAGTAATCGTTGAAGTTCATTGAACTGCACTTGAGCGCCGGCTTGATAAGGATTGGCGCTTCCCGCAACGGTGAGTATGCGGTACTGATCCCTGGCGGCTTCCCATTCTCCAACCTGACGATAGGCTTGAGCCAGCAACCATCGGCTTTGGACTTCAATGGGCTCTCCAGGAAGAAGCGCCAGCAAGCGCGTCAGTCCGCTAATAGCCTGCGGATAGGCTTTTCTCTCAAAATCATCCTTGGACCGTTGAAAGAGTTCTGCGTGAATCTGTTGAATATCCTGAGGAACGTCAGGTGGTGATGACTCAATGCCTTCATCGCGATCCTCCGGCACGGACTCGACGGCCGGGGGAGGAATGGCACCACTCACCGGTGGCCCCTGGGGAGGACGTGTTCGCCCGCATCCGGCCAAGAGCCCCAGGCACAACAGCAAACTACACATTTTCAACCATGTTGTCATATGGCAATACGTGCGTAGAGGGAAATTAATCCTAAACCTATACACTAGATTTATGAGGAGAAACATGCCCGCCGTTTTCGGCGGGCAGCGTACCGGAGTCAGTGGATTTTAGAAATACAGGCTCAGTTTGATCTTCCACTAGCCCAAATTGGATTCTGCGAAAAAGTACCGGATCTCAATTTGAGCATTCTCAGTGGAATCGGACCCATGCACCGCATTGGCCTCAATAGAAGCCCCATGCGCAGCCCGAATGGTACCCGGATCGGCTTTTTTCGGATCGGTCGCTCCCATCAAATCGCGGTGTGTTTTGACTGCGTCCTTTCCTTCCAACACCACAACCACCACCGGCCCCGAACTCATATAGGTCGTTAAGTCATTAAAGAAGGGGCGTTCTCGATGCACAGCATAAAACCCTTCCGCCACCCCTTTGGATAACCGCATCATTTTCATCGCAACCGGAAACAACTCGGCCTCTTCATAGCGGCGGATAATATCACCAATCGCATGTTTGGCCACCGCATCAGGCTTAATAATCGCTAACGTCCGCTCTGACATACTTCTCGTCCTTTCCAAAAAATCCCATAATAAAACCCTGTGAATAAGAAAGGAGCATTTTACGGCCCCTCCTAACCAGTTGCAATCTCAAGGCCACACTTAAACGGCTGTAATCACAATGACTTCGGCTGGCTGAAACACAACACACTCAGGGATGGAATGGGAATCAGGATGTTGATCCAGCGAACTGACACGCCACATTCCGGGAGAAGACGGGAGGGTGCCCAACTCATCGATGGCTACCTCAACCGTCTCTTGAGTATTGGTATTGAGACAGAGGAGTGCCCAACTGTGCGGATTTTCCAACGACCGCCGCTCCAAAACGCACAGATTGGGGTTGGCCATCGACCGTTGAACCAGATCCCCCTCCCCTTGCCAGAGCGGCACCTCCAACTTCAAGTGATTCACCGCACGGATAAAACTCTGCAAATCCCATCGGGGGGATTCCCAATCATCAGGAGTGGTCTCCACCACATGCAGGGATTGTTGAAATCCGAATTCATACCCCATCGGGATCATGAGGCCGGTTGAGAACAAGGCGGCAAAGGCATAGCGTTGGCGTTGAACCGCCTCATTCCCTCCCGACTCAGAAGCCAGACGCGGGGTATCATGCGACTCAGGAAACCCAATAGACGGCATAGCCTGAAATTCCCGATGCTGATTCAGACACCAGGCATCCTTGAAATTCCACCATTTGGAGCTGTTACAAAAAAAATGAAATCCCGCTTCTCCCAGCGCGCGCGTCTGCTCCAGGGTACAACCAAGATTCTCCGCCCAAAAGACGGCCTGCGGATTCACGCGTTGCGCCCGGTGAATAAGAAAGCGCCATAACTCACCGGGAACTTTATAGGCCGCGTCACACCGAAACCCCTGAAACCCCAATTCAAGGTACCGGTCAACCAATTGCCCCCAAAACTCCCAGAGATGTTCCCGGTCCGGAGAATGCCGATTATCAATTTCGGCTAAATCGCCCCACACCGTTTTCTTGCTGGGGTCATCCGGATCAACCGCATACGGATTTTCAACTTTTCCCTGACCATCCCGCATGTACCAGTCGGGGTGCTGGGTCACTAGGGAGGAATCGATGGCCGTGTGGTTTAATACGAGATCCACCATTGGTGCCAGGCCACATTGGGCAATACGTTGAAGCGTGGGACGTAACACATCAAGGCGCTGGTCCTGAGTCCCTTCCGGGAGAAATGCCGGATTCAGGAGATCATATTCTTTGATCGCATATAAACTTCCCGAGAATCCCGGCAGATGAATGGGATTCACAAAGAGCCAATTAAACCCCATGCCTGCCGCCCGTTCCGCGTGCGAGATCCAGCGATCACAAGGACCGGCCAGGCGAGGGAACAGATTATAAATAAGAGGAACGTGGTGCGAAGAGTGCATCAAGACAAACCTACGCTTTCTCCGGACAGACCTGAGGTGGACGGCTATCCGAAATCAGACCTTTTGAAAAGATGATTTTGCCAACCTGTTTCACATTGGCGCACAAGTCACCCAATCCGGGGGTGACCAACCGAAACGGCCCGCCTCGTTCGGAAGGAAACGGCGCGCCATTCTGTTCATACACAAGAATTCCGAAGTCTGCAGCTTGCTTGATGGTCAAACAAGCTGAGAATTTTCCGTCCTGCGATTCGAAGGTCACATGGTCGGCTCCCACATTAAGGGTTACAACATCAAGTATTGCTTGAAATTTGACGCCTCGGACACTCAGCCCTGGCATCACGGTGGGCAATTCAGACACCTGATGCGTGGCAGGAAGTTGTGCCAGCGTCGTTCGCGTAAAATTGAGAGTTTGCAAAATGGTCCCGTTCAACTCTATCGTGGCCTCGGTGGAAAGGCTGGATGCGGTCATGGCCTTAATGAATGCCGTCAACATGTCATTCATAGGGGTAGGCACCCCAAAC
NZ_CP116968.1_gap52	1500063	1500764	701	GTTTCGATTCCGTCCTTGCGCAAAAGCCGAGTGACCATAGGTGCAGCATGCTGAAGAAGAGAGTTGATAAGCCAGGTTCATTCAGCAAATCGGAATGGTTGTCCTTGGGACAAAAAGCATCGAGTCGGGCGGAGAATCCCTTTACGCCTCCAGCGAATCACGCCCATGGCCGAGCATCCCGCGCAGGCCAGGGGGAGATTTCTGCTGGATGGGGACATGGATCGCAAGGCCCGTATTCATTAGCTCCTGATGAGCGGGCGCATTTCTGTGTTGACGCCGAGCGATAGGGCTGAGAGGCACCGCCTTTTTGCGGCGCCCTTCTCAGACCATTGATTGAGTAAATGTTTTTCGTGGTCCAAGGTCAAATTCAGCTTAATTTGTCAGGAGCACCTCTATGTTTCTTCTTCTCCAATTTGCTCAGTCGAGGTTGTTAGCCACTTTTTGCCGGTACTACTTTCAACGTAATAGACCGGCTTCTCATTTCGTAACATATCGGAAAGATAGACGGCATTCTCCTTTGGGGGAAACCAATTCACATTTTTCCAAACTCCAGACACTTTATAGTGAAAAATAAACCAAGGACGCTGTTGTTCCAAGTCATACCGGAGAACATAGTTTTCGACCATATGAACAGCCATGATGAACTCCTTCCTCCTGAAATTTTGCATGACGGTTAACACAAATCTCGTAATGCTATTCCT
NZ_CP116968.1_gap53	1515304	1516102	798	TAATTACCACCGATTCTGGCATTCAATGGGTTCAAGTTGATGAAGTGGCAAAGATTCAACTGAAGACATTGGATGTAGGAGATATCATCGACGTGATCGTCGAAATGCGATCAGATAACACCCCACCATTGGTTAAATCCTGGAAATTAGCCAGAAGTGGTTCCTCCTGTAAAGTGTTCAATGGTAAGACCTGCAGTCCTTAAGACTTTCTTAATAGGACAATTCTACCCGCACCTCCAACGACCTCAGCTGATGTCCATTGCCTCAAAGCGGCTTAACGCAGCCGAAACGTTCCTGGCAGCTTTACGCAAGTAAAACATATGGCCCTGGGCCGTATCTCCGGACATACCAGGGATATCGGGAGAGAGCCAGCTTTACCAATGAAGAATTTTTCCGATTTCCGTCACCGTATATCCCCCCAGTGATTCGATTTCCCGCCTGAATGGTTGACTGACCATCGCATCAAGAAATTGAGACATGATAGGGTGGGATTTTAGAAATTCTCTGCGCATAATTAAGTCATACTGTTCTTCGCGAAGCGGAATGAAACCAAGACCATAATGACGAGCTGCGGCTTCCACTCCAATGCCCACGTCAGCCATGCCATCTCGAATCAGGCGAGCGACTTCGAGATGAGACGGTACTTCGTGCGCATATCCCAGTACCTGGTCTCCAGTGAATCCTGATTTCTGAAGCAGGGAATCCAAAAGAAATCTCGCTCCGGCTCCCAATTCCCGATTGACGAGACGAAGTCCCGACTGGCCAAAGTCATCCACACCACCGATGTGTTTGGGGTTT
NZ_CP116968.1_gap54	1522225	1525894	3669	ATGGCATCCAACGCACGAAGGCTCAGCATCACGGTGTGATCCCAGGGTGAACGCTCCTGAGGTTCATCTACTCTTCCGGTGATCACCTTGTCTTCACCGGATAAATACAATTCATACTCGTTGCCCCTGCGATGAAAAGTCATCACGGGAACACCCATACGGATAAAGGTTTTCAGATCCAAGATATCGGGATGCACATACGAAACCGTGCCAAGAACATTTTGGGAAAGCGGCACTCCGGAACCAGAGATGGACGCCTGAAATAATCCTCGAAGGGTGCGAATGGTCGACTCTTTTTGACGTAAGGCTTGGAATACCTTCCGTCGGTCCGGCTCGTCTTCAACCAGTTGTAATGATCCTTGAAAGATTCCGGCGCATCCGACAAGGAACACCAGCGGCAACAAGAACCAGCGACTGACAGCATTCATAATAACTAATCCGATTGACCACGCCATTTATGAGGCAGGACTCACAACCGTTTCCCAAATATCCCCAATGTCACGAATGCCAACGACTTCCATGCCAGCCACAGGTTTCCATTGGTTACGATTCGGCTCAGGAACCACGCAGCGTTGAAACCCCAATTTCATCGCCTCGCGAATGCGTAAGTCCGCATGTTGCACCGGCCGGACCTCTCCACCCAACCCGACCTCGCCCATCACGACCAATCTGGGATCCAACGCTAACTCCCGAAAGCTGGAAAGCACCGCACAGACGATGCCCACGTCAACGGTCGGCTCATCAATCCGAAGCCCTCCTACCACGTTCACGTACACATCGTACCCGCTAAAGTGCAACCCCAATCGTTTTTCAAGAACGGCCAACAGCAAGGACACCCGATTCACTTCCACACCTTTGGCCATACGTTTCGGCATGGGGTAGGTGGTCTCCGCGACCAGAGCCTGCAGCTCAACCAATAAGGGCCGAGACCCTTCCACGCTCGACACGACAATAGATCCGGCCCCATGTCCGATGCGTCCCGTTAAAAACAGTTCGGAGGGATTCCCAACCTCGGTCAACCCCTCATCCTTCATTTCAAAAACCCCGATTTCATTGGTCGGCCCGAAGCGGTTTTTCACGGCTCGAAGAATTCGGTAGCTCTGGCCTTTGTCTCCTTCAAAATACAACACCGTATCGACAATATGTTCCAGAAGCCTTGGCCCGGCAATCACGCCTTCCTTCGTCACATGCCCGATAATAAAGATAGGAACATGCGTCCGCTTGGCATACCACATCAGGCGGCAGCCAACCTCCTGAACCTGGCTGACACTCCCTGGGGCCGATGTGAGTTCCTGCGTAAAAACTGTTTGAATGGAATCCACGACGATAACACCGGGATTCATCTGCTCAGCCACTTTGAAAATTTCTTCCAGGGAGGTGGCAGCAGCCACATACAGGTTGGGGGATTGAATGCCTATACGATCCGCCCGCATCTTAATTTGCTGAGGTGATTCTTCTCCCGATACATACAACCCGACCTGTTTGGCCGTTCCCAGGGAGGCAAGGGTTTGGAGCAAAAGCGTCGTTTTACCAATTCCAGGGTCGCCTCCAATCAAGATAACCGATCCTGGAACCACTCCCCCACCGAGCACTCGATTCAGTTCTTGGATACCAGCCTGAAGACGAAACTCCTGAGTCTGTTCAATAGAGCTGATTGGAACAGCCTCCGGTGTTCCTGCGGCGACACTTCGCTCTTGAAGGGTTGAAAGATCTCGATCAACCTCCTCCCGCAAAGAATTCCATTGCGCACATTCCGGACACCGACCGCTCCAGCGGACGCCTTGATATCCACATTCCTGACACACAAAACGGGTTTTGGGTCGTGCTGCCTTCACGAAGACTTCTTCCCTACAATCGGTTTCATGAATAGAAAATTATATAGAATTTATAATATCCACATCCGGTCGTTGGACCGATCGTCGACCGCCTATTTGCTAATTGGCTCCATCAAAGATGCCGTCGAATACGTGACCAATCATCGAGGACAATGGCCCGGCGTGGAAACCGACCCTTTGTCTGTGGTAGCGGTAAAATCACGGTTTGCAAACGATTTTGAACGAGTACTTCCGCAAACTCTGCCGTGCGCCCGATACCTCCACTCACTTTTTCCCACCCCTCTGTTTTCAGATCGTGTATGAGCTCGATCAATGCCGTTGGCGTCTTCGGAAGGATTCTAATCATTCCTGGAGGGAATTGGTGCTCGCGCAACCAATCCTGAATATGTTCAAGATGCCCTCGCCCGGTCAAGTCCAGATACACAAGGTTGTAATAAAATTGCGCAAGCTTGCCCAATTCTGCCGCTGCTGCCGGATGGGCATCTCCTAATATGAGGCCCGGATCCTCATAGGGTTCAGGCGGGGGCGGATCCATGATCAGTTCCCCTTCCACTAACACCGCCAAGTCAATCAGCAATATAGGACGACGACGTTCCCAGGATAGGAGGACCCCTTTTCCTTCGATGGCCTCGGTTTTAGATGGTGTCACCACCTTCACAATGATTGACAAATTCCCCCGCATACTGGGAGTAAAGTCGAGCCGAGCCCACCCGTGCGCGTCGGTATTCGCCTGGCCCACCGTCCGGCCATGCACAATAAATTCCAAGGGGCGGTCCGGCAAACCAATTTCCCCTTCGGCCTCGGGATTGGTTAAACGTGCTTGTAACTGAATGGGCTTCCCGGGAGAGGTGAGCAAATCAGTCACCGACAAATTAGCCGCCTGAGCCAGTGAGGCATTTAACCCTATTAAGGTCACCAAAATTCTCAAACCCCAATCTAGCAACACTAACCTCGGCATGGGACGATCGCCTTGCTTCATTCTACGGTCTCCATGTGGCTGGCAGATGGTTAAAATAATCCTCTTCCGCGCTTACCAAATGCAAACGCATCGAAGCCAGCCAGAATGGCAAATTGCATATAAATTAGCCACCCTGTCGGCCAGAAAAACTTGGAAATAATCAATAAAAAAATCCCACAGACCAGGTAAATATTCCCGCGTTTGACACCTAAGTACAGATGACCGATCCCCGGTAAAATGGAGAGGGTGGCGGCTCCAAGAGCATGCATGGTCTTTTCACGATCATTCATGAGAGTACCCGTCCCAAACCATACCATTGGCCCTCAAGTGAGTTCCAGGGATAGGCATCTGCACGATAAAAGAGTTGGCGGCCCACTCGCTGAAAAGCAGAAATCTGGAGGGATGGAAGGAGGAGTTCTTCAGGTAAGGTTCCGCTTGCGTAATTCTTCCTGGTAGGTTTTTTGATAAAGGACATCCCATTCTTGGGAACCTTCTGGAATCGGCCGTGCATATGATTGCAATCGACTCCGCACTTTTTGAACCAATTCCTCCTCTGCTTTCATGTGCTCGGCCAGCACGCGCTTCACTTCACGAAGAGCATGAGCAGAATCGCCAATCATCTTTGCCTCGGGCATGTCGGTGACACTAGTCAGAATTACATGGGCAAGATGAGTTTGTTTTTCGTCGCTGAGAATGGGTGTATTCATTAGCAATTCAGTCCTATGGCATTCAACGTCCTTTCTGCCCTATACCCTATAAAATGACCCCGCGTTCCTTGATGAGCTTTTGTTTCACCATCGTAAACATTTTCTGATAATCCGCCCGACCTTCTGCAAACTCTCGTTCAAACTGTTTCAACATCTCCCGGACATCCGC
NZ_CP116968.1_gap55	1544236	1545093	857	CAGTACGGACGGCATGACTGCGGACTGGGGCGTGATTCCAGCAGAGGTGTTGGGCAAAATGTCCAATCGGATTATCAATGAAGTACAAGGGATCAACCGTGTGGTGTATGACATTAGCTCAAAACCGCCAGCAACGATCGAATGGGAATAGATATGGCTCAACCAGAGAAAACAGTCCGTTTACAAAAAATCATCGCCCGTTCCGGAGTCGCTTCCAGACGCAAGGCGGAGGAACTGATCCAACATGGGCTGGTCACCGTTAATGGGGAAACCGTCATGACGCTAGGGACCAAAGTTGATCCTGCTGTCGACCACATCAAGGTCGAAGGGCGCCATCTGAAGTCCCGACCTCCTGATATGTTTCTCATGCTTAATAAGCCAGTGGGATACATCTCCACCTTGCATGATCCTGCGGGTCGTCCCACAATTAAAGCCTTGGTCCCGAAACCTTCCATACGGCTATTTCCGGTCGGACGGTTAGATTATGATAGTGAAGGCTTACTTCTGCTCACCAATAACGGTGATATTGCACAAGCCTGCCTTCATCCCGCACACCATGTCCATAAAACATACCTGGTGAAAATTAAGGGTATCCTAGAAGAATCTGAAATCCAAAAACTCCGACATGGGCTGATATTGGAAGATGGGCCCACCGCTCCGGCCAAAGTAAAAAAAGCCGGAAAAGCGGCGGCTAATTCCTGGGTGGAAATCACCATCCATGAAGGACGTAAACACCAGGTCAAACGAATGTTTGAGCAAATCGGCCATCCCGTGATCCGGTTAAAACGCGTTCAGTTTGGGCCTCTGAACCTTGGAACTCTTCCCCCAGGCCAGACGCGATATTTAACAGATAAGGA
NZ_CP116968.1_gap56	1703430	1707221	3791	CCACCCCACCAGGGAGACCCATCGACAGCATTGCCACGCGTCGTCCCTACGATGATCCGGAAGTTGCGCGCATTTATTATCGTTTTGAGCCGGTTCGGACGACCATTTTGGCCAAAACCCATATGCCCTATGTGCTCAACACGCAACGCATGGAGCGTTATCACACGCTCTTCTTAGCACCGGAATACGACGTTCCCACTCTCCCGTCTTATGACCCGGAGGCTTCGGCCAATCCCTTCGAAACGTTTGTACGCCTCCCGGTCAAATCCCGGTATCAGTTTCTGCTTGATGAAGCCGAGTTTACCATTATGAGTTTCATCAAAGGGCCCGTGTGTCGAGGACAAATCGCTCTCAACGTGATAAACGAGCACTTCTGGATTGTCTTCGGCAATCCTGAGAGTCCGGCTCTAGCCCAAAATTCCAAATTTCTCGAGAAGGAACAGCGGAATCTTCGGATGCCGACAGAACAGCAGAGTAATGCCGGAGCCCTGAAAAACTGGTTGGAGTATTCTCAATTAGAAAAGAATTATTTCGCAGGAAAAGTGGAGTATCTGCGACAACATCTCTCCACACCGGAAGAAATTTCTCTCGACCTCATTTGGGATGGCGACGGCCGGAATGCCAATGCAGCCCTCACGGTGTTTCGGCATTTAGATAATGCGACCGTCGTCAAGGGCTTTGTCGGCGATGAACCCAAAACACTGGTAGTCCTCGACTATGCGTTGCTTGAGCGCATTCACTACCTGCTGGTCGCGGGGTATGACATTTATGGCAATATCGGTCACCAGTTAAACTCCCGGCTTTATATGGATTTTTTGCGGATGGAAGGTGAACTGGGTTTTCTCACCTTCCTTCCCGAGCGCACGCGGGCAGACGAATGGAAATTCTGGTATCGAGACGCCAGTGCTGAAATAGAAAAATTTGGTGAAATGTACAACCAACGAGTGAATCGCCAAACAGGCATTCACTTTACCACCGCCCACCCCAAATCCGAATTGGTCGGGATGTTACGCCAACACCTCAAGCCCGTCTTATTCCCCTCTTATGCCATCGAGAAAATCAACAATTCGCACGTCCGTCAACAATTGACAAGACTCTCGCGCATCCAGGGTGTCGCCGTTTCCTGGTTACCACAAAACATCATTGTCTCAATCAGTGACAGCGGATCAACAGATCCCGGCGATTCGAGTCATCAGGTGGTGACCCTCATCCATAACAATGGCTTAAGCAATGTCTCCCATCTGCTCTTTGAACAGGAAAGGCGGATTCCCGCAGAAGATACCTTAACCGTGGTGCCGGGATTTTTGGGTGCCTATCCCAACGCCCTCTACCATGTCGAAGCATCACAATTACAAGATTTTGTCAGCGCCGTGGAAACCCTCAGCAGTGAGGAGGATTATCAAGCCCTGGTGCGTCATTTTGGTGTCAGCCGAAGCCATCCCGATTTCTGGAAACATAGTGATGCCTTACGGATTGCCTATCAAAAGGAGTCTTCGATTGAGGCAGGATTGTTGGACTATAATCGTCTGGAAAACCGGTAAGACGACGCGCGACACAACCTCACCCACATTGATTACAGTTGTTTTGGTTCTTCCGGGTTTAGTCGGGGTTTAGTCGGGGTTGTACGGACCACACGGATCTGCGAAGAGAGCTCCCTCCTTTGTAAGCCACGGTCGCGCCCTGCGGGACACACCAGGCAATAGCGAGGGGAGATAGAAACGCCAGATGGCAACTTGCTGCGAGAACTGTGGGCGCAATCCCAAGTGCACACAGCTGAATCTCTACCCCGCCTTACCTCCCCTTACAAAGGGGAGGAATGTGTGGCACTTGAATTTCTAGGTTTATGGTCTCAAACATTGGCAGATAGATGTACCCACGCTAAACTTTGTAAAGCCACTTTTTTGAATAGATAGCAATTGGACATCCAATCACTGATACCTTTGGGTCCTACTGGAAAAGTCCTTATCCCCATTTTGATCCCCTATCCCGACTTGACGAAGGAAAGGTAAACCGGTTGGCAAAAATATCGAACAGGTTGACCACCAATTGAATCACGTCACCGGCGAGCGTGGTGTGTCACCCATAAATTGCCACGTCCTTTAAGGATCACGACTCCATACTCAAGTATCAGGAGAAGGATGAGACCAATATGGCGAATCAAACGACTCCCCCAAGAAATGAAGAGTTTACGAAAAACGCGGTGGAGGCTGCGATCCGGATCGGCCTGGTCGTCATTTGGGTTGGATGGTGTTTTCTCATCCTGCGCCCTTTTGTCATCCCCATTGTCTGGGGTCTCATCATCGCCGTGGCCATCTATCCGGTGTATGGGTCTCTACGAAATCTGTTACATGATTCTCCTCGTGTGTCAGCCATATTGGTAACGGCCGGTATGTTGGTGATCCTGGTTTGGCCTGCAGTCCTGCTAGGAGGACTTCTCGTTAAAAATGGGGAAATGATTGTGAATCATTTGAGGGATGGGACACTCACAGTCCCCCCACCACCGCAGGGCCTTGAGACTTGGCCGTTGATTGGAAAACCTTTAGCCAATATCTGGAATCTGGCTTCCGTGAATATTGAGGGAGCCTTTGTCCAACTTGAACCCCAGATCAGGATGTTGGCAAGCTGGCTTCTGTCTATGGTCACAGGGACAGGTCTGGCAATCTTGCAATTTTTTGTGGCGGTATTGATTGCCGGGGTGCTCCTGGCTTACTCCAGGTCCGGCCATCAGCTCGCACATAGTATAGGTAGACGCCTGGCTGGAGACCGGGGAACCGAGCTTGCGACCCTTGCAGAAGCGACCGTGCGAAGCGTGGCGCGAGGCGTATTGGGGGTGGCCCTGATTCAGTCACTATTTGCAGGGTTGGGATTCTTCATTGCGGGAATCCCTGCAGCAGGATTCTGGGCATTTTTGTGTCTCATTCTTGGCATCGTGCAAATCGGCGTCTGGCCTATCATGATTCCGGTGGTCATTTACGTGTTTTTAACACAGGATACCCTGACATCTGTCCTATTTCTGATATGGTCAATTTTTGTCAGTCTGCTTGATAATATCCTCAAACCTATCTTTTTGGGACGCGGACTGGATGTCCCAATGGTGGTGATTTTCATGGGTGCCATCGGGGGATTACTCTTGTCAGGTATTATTGGCTTATTCATTGGAGCCGTGGTTTTAACGTTGGGGTATAAATTGTTCCTGGCATGGCTGGAAGTAGACGCGCCTACCCACGAGGACAAGGCGGGCAAATTATAAAACGGTAACATTCCACACCCATACCGGAGTGTAATCAAATTAGTAAAAATGAGATGCTAGGAGACGGAATGTATTCTATGTATGAAGATCGATCAGGGCGACAAAGCTGTGTTTGTAGTTTTGCCGGCACTGTCCCCTGTCCTCTCATGAAGATTGAGATATTTGGAGGATAAAGCCGAGCAACCATTGATCGCGCCCGAAAGAGAAGTGGCCATGAATCAAGAGAGAAAAACACATTGGGAAGACGTGTACCAGGCCACGGCTGCAGAAGAGTTAGGCTGGTATCAGGCCCATCCGACCATGTCGTTGAACCTGATCGAGTCGACAGGCGTTCAGAAGACCGACAGCCTCATCGATGTGGGAGGAGGCGATTCGACATTGGTAGACCATCTCCTCGACCACGGCTTCATGGACGTCACCGTCCTCGATATTTCTCCCACCGCCTTGGAAAGAGCCAAAGCCAGGCTGGGTGATCGCGCGGATCTCGTGACTTGGATCGAAACCGATATCACTGATTTTCGTTCATCCAAGACGTATTATG
NZ_CP116968.1_gap57	1746276	1750796	4520	GCGGAAAGGCCGACTGGCCCGGCTGACACGCAACTTCCACGACACCCGGCAATTCACCCCACGCTCCAGTAGGTCGCGTCCGTGATCGATCAGATAGTATCCGATATGGGAAGCACGGTCGTTAGAACCCATCCGCGCTGCAGCCGTTTGCGCAAGCACAATGGCTTGGCGTGCGACACCCCATTCACTGCACGAACTGCCTCTCGCCACATCTTCGATAACATGCCGATACCGGTCGCGGGTGGCGAAATCCTGGTTGGTGTACATTCCCGTCGGGTCTTCACACAAGGTCTGTTCGACAACACTGAGCGACTCGACGTAATTCTTCCAATCCGTTGCGCCGATGAAACGCAGACTACCGATACTGTTGGCAATGGAGATCTGATTGGTCGCGGCCGTTCGACCTGCCGCCTCCGACAACTGCGTGGCCGTCACTCCTTGTTCAAGGAGTTTGTGTTCGACCCAGGTTTGAATGAACGCCATCGCTGGCCCCTGAGCCTGAAGTCTTGCGTAAAATTCCTCTACAAAGGGTGCGGTCAACGGCACATCGGCATTGGCGAACTCGGCGAGCAACTGAACAAGCTGTTTCGGTTTTTCTTCGGCCGTCACGTGCATGCGGTCTGCCCAACTGATAGCCGCGTCGCGCTCCTCGCGCCGACGGGCAATACGCAACCCCACGCGACGAAGGTTTTCCAATAGCGCCAACTGCAGCATAATCGGGAATGCCCACAATTCGCCCAGTCTTAACGGTTCAATGGTCTGGTAGGCGGCGACAAAATGGGTGGCATTGTCGCTGTCGACACGACCGTCCATATGAGAGATCAACTCCAGCGCCAGGTCATAGATTCTGGGAAAACCGGCTGACGGGCCATCAGCCAGTCGCGGCAACTGCCGGCTGTATCCTCGCGGCAGATGCCGACGTGCCAGAACGATCTGCTGCTCAATGAGATAAAAATTATCAAGCAACCATGCCTCTGCCGGGACGATCCGTTGTCCGGGCGTCACGGCGGCGGTCACCAGATCATACGCCGCCAGCAGCACACGCTCATTGTCCCCCAGCCGTGGTAATAACCTGTCCGGCCCAGGGTGCGGATCGAGTGTATGCTGTCCAGCGAGCGTGACCGCATGACGTTTTAATTGCTCGATGCTGAACAGCTCCGAGCGCAGCAACTCTGTATCCCCTGCGTCACGCAACACATTCCGTGCAGGTAATAACAATCCGAATTTTTTGCCGAAAATGGTAATGATGATGACATTCTCCTCGCTCGAATTGGGTCGTCCGAGCAGTACTGGTCTTAGACCTGGGTTTGGCAAAATGTCATGCTACGTGCTTTCCGCACGTCAGCCAGTGACCTGTCGATGGCTAATTTTTACATTGTCTTGGCTGGGATTGAGATTAACAGGGTTATAACGGACAGTGCGTAAGTACAGCTTTTTGCTGGTAAGGCCAAAGGTTTGGAGCTTGCTCAAAGTTGATTAAGCCCCGCACAGGCCTCAAGCCGTTCGACTGCGGATTGCTAAAGCTTTCGACTCACGCGCCTGTCAGCCTAAGCCATGGTAACACTATACTCATGTATGGATATAGGTACCGTGATGGCACTGGAGCGAGTGGAATAAATGTGGCCTCTTTCTGTGACGCGGAATTCGGGCTCACTTCCCCAGGACAAAGGTATTTACTATACTGAATCGACAGGTTCCTTTTTGAGCGCCGACTGAACCGAAGGGCCTGATCTTATGCCACTGAGAATTTTCAACTCGAACCCGGATGACCTTCTTACTTTCTTCTGTTGATTACAAGGACAATAACGATGGAACAAGAATCTTCTACCCCCAAAAATAAGCCCCGGCGACGGGAACTGAGCATGGCCAAGGTTGAACAGGTCAAAGACCCGGTCTGTGGGATGATGGTGGATCCGCTCACCGCTGCAGGGAAATTTGAGCATGCCGGCACCATGTACTACTTCTGCAATCCCCGCTGTCTGGACCGGTTTAGCCATGATCCGGAAGGCTATCTGACCGGGAAACATGAGCAGTCGATGGAAGCGGAGCCCGCCAAACCCGGGACGAAATACATCTGCCCGATGTGTCCGGGTGTGGAATCGTCCACACCGGCGGCTTGCCCGAAATGTGGCATGGCGCTGGAGCCGGATATCGCAGCCGCCCCGGCCACTAAAACAGAATATGTCTGTCCCATGCATCCTGAAGTAGTACAGGACCAGCCGGGCTCCTGTCCCAAATGCGGGATGGCTCTCGAACCGCGGGAAATCACACTTGAGGAAGAAGCGAATCCCGAACTCAAAGACATGACGCGTCGGTTCTGGATCGGTCTCGTGTTGGCCTTTCCGGTCTTTTTCCTGGCCATGTCCGAAATGATTCCCGGCAATCCCATTCAGGAAATCCTGCCACCTTCGGTGATGTCATGGGTACAGTGGGCATTAGCCACGCCCGTGGTCTTATGGTGTGGATGGCCGTTCTTTCAGCGCGCGTGGGCTTCCCTCGTGAACCGCAGCCTCAACATGTTTACGTTGATTGCGTTGGGAACCGGCACAGCCTATGTCTATAGCACCGTGGCCACGCTTGCGCCTCAATTATTTCCTGCCTCCTTCAGAGGAGAGGGCGGTGAGGTCGCCGTGTATTTTGAGGCTGCCGCCGTGATCACCGTCCTCGTGCTATTGGGCCAGGTCCTGGAATTGCGGGCTCGCAGCCAGACAGGCAGCGCCATTAAAGCCTTGCTGGGCCTGGCCCCAAAAACTGCCCGCCGAATTCGCGAGAATGGCGAGGAAGAAGACGTCCCCGTAGATTCCGTGCATCCAGGAGACAAGCTTCGGATCCGGCCGGGAGAAAAAATTCCAATCGACGGAGTCATCCTTGAGGGTCAAAGTGCCGTGGATGAATCGATGATTACCGGAGAATCGATCCCGGTGGAAAAAGAGGCAGAGGCTCAGGTCACCGGGGGAACCGTCAATGGCACGGGGACGTTGGTGATGCGAGTTGAACGAGTGGGTCGGGATACCGTCCTGGCGCAAATAGTTCGCATGGTCAGCGAAGCCCAACGCAGTCGTGCGCCCATTCAACGGATGGCCGATCTGGTAGCCGCCTATTTTGTCCCGATTGTCGTCGGGGTGGCATTTCTGACCTTCTTGATCTGGGCGATGTTCGGCCCAGAGCCTCGTATGGCTCACGCGCTCGTCAACGCGGTGGCGGTCCTCATTATCGCCTGTCCATGCGCGTTGGGTTTGGCCACTCCTATGTCGATTATGGTGGGGACCGGACGAGGAGCCACAGCCGGCGTTCTAATGAAACATGCGGAAGCCCTGGAGCAATTGGAGAAAGTGGATACTCTCGTCGTTGATAAAACGGGAACTCTCACAGAAGGCAAACCCAAGCTGATGTCAGTCGTGTCCCTTTCCGATATGCCGGAAGAGGACCTGCTGCGATTGGTCGCCAGCCTGGAACGCAACAGCGAACATCCTCTGGCCTCCGCCATTGTGAACGGGGCGAAAGACAAAGGGCTGGAGTTAGGGAAGGCTCAGGACTTTCAGTCGAAAACCGGCAAAGGCGTGACCGGAACCGTCAAGGGACACAGCATGGCACTCGGCACACGGAAGTTTTTGGAGGAAGAGCATAACGTAAAGCCCGAGTCCTTCGGGCCATTGACGGACAAGGCAGAGGACCTGCGCCGGGACGGCCAAACCGTCATGTTTGTGGCCATCGCAAATCAAATCGCCGGACTCATCGGCGTCGCCGACCCGATTAAACCATCAACGTCGGAAGCCATTCGCCTGTTGCATGAAGAAGGGATTCACGTAGTCATGGTGTCCGGCGATCATCAACAGACTGCACAGGCGGTCGGACAGAAGCTCGGCATCGATGAGGTGAAAGCGGAAGTGTTGCCCGAGGAGAAAAGCCGGATCATCCAACAACTTCAGGCACAAGGAAAAATCGTGGCCATGGCCGGAGACGGCATCAATGACGCACCCGCCCTCGCTCAAGCCCAGGTCGGCATTGCCATGGGGACCGGTACGGATGTGGCCATGGAAAGTGCGGGGATCACGTTGGTCAAAGGGGATCTTCGAGGCATTGCCCGTGCCCGCCGGCTCAGCCAGGCGACCATGCGCAACATTCGTCAAAATCTCTTCTTTGCTTTTTTCTACAACGCCATTGGAGTGCCGATTGCGGCCGGTATTCTCTATCCGGCATTCGGCATACTTTTAAGTCCGATGATTGCGGCAGCCGCCATGACGTTCAGCTCGGTTTCGGTCATTACCAATGCCCTCCGATTACGAACCATCAAGCTCTAACAGAATGTTGAAAACGTATGCCCTGAGTCCGGCCGAAGGGGAAACCGTGCCGGCGCCTGAATTCCCGGCCTTTGGAGCCGAAGCGACATCGGCGAATAGGCTTGGCAGGCAAGGCGACGGTTATTTGAGCCAATGAAAAGGAGGAGAGATGGATCCCCGTTACCAACTTGTGGGGATGACGACTGGTATAGTTTCCGCCTTTACCCGACCCGTTCTATA
NZ_CP116968.1_gap58	1851413	1855316	3903	CGACGCACACATGCTCGTCTGCATAACGGACATGGAGTGATTGAGCATCAACGTCGGAATGAATCGCAACGGTGCGAATGCCTAACTCCCGGCACGCTCGATTCACCCGCAAGGCAATTTCTCCACGATTGGCAATCAATATTTTTTTAAACACGTCGTTTCCTTAGATAAAAAGGCTTGAGGAAAACATCTTTTTCCTCAAGAGCAACCGACTTTTTTGCATTCCCCTTCAAAAAAATCAGAGTTCAAGACCCGGACAATGGATCAATTAAATAGAGTGGTTGGCCGAACTCAACGGGAGTCGTACTTTCCACGAGAATTTTTACAACTTTCCCATCGGTTTCTGCCTCAATTTCATTCATCAGTTTCATGGCTTCGACAATACAGAGAACCTGTCCTTTTTTGACGATATCACCTTCTTCGACATAAGGATCCGTATCGGGAGAGGGGGAACGATAAAAGGTCCCCACAATGGGCGAGGTCACAGTCAAGAAATGTGCGGGTTCGGAGGAGAGGAGAGGAACCGGCTTGTCCTGGGAAGAACCAGCCTCTACGGTCCTGGATACGTCTACCTGGTGTGAAGAAGCCGGCACATGATCCCGCCTAATGCGTATTCGCACACCTTTTTTTTCGAATTCCAACTCGGTCAGGTGATACCGGTTTAACACTTCGACAAGGTCTTCGATTTCTCTTCTGGATGAATCAGCCATAATCTCCTATTTCGTGTATATCTGTAGGAAAGGAATCCCGGATTACCGAGCCCGTTCTACATAGGTGCGCGTCCTCGTATCAATTTTAATAACTTCTCCGGATTCCAGATAGAGAGGAACTTTCACCGAGGCGCCGGTCTCGACAGTCGCCAACTTAGTCCCACCGGATGCCGTATCTCCTCGTATGCCGGGATCCGTTTCCACGACTTTTAATTCCATAAACACGGGCAACTCTACCGCGATCGGCTCATCATGATACAATAAAATTTTGACGACGGTATTTTCTTTGAGCAAATCGACGTTTTCGCCCAATTGGTTTTTAAGATAGGTAAACTGCTCAAAACTACTGATGTCCATAAACGCATATTCTTCCCCAGCGTTATAGAGAAACTGCATGTCGCATTCCTCAAGATTGGGCTCGTCGAATTTTTCTCCGGAACGAAATGTACGATCAATAACATTCCCTGTTTTATAGCCTTTCAATTTTGTTCGAACAAAGGCTCCGCCTTTACCGGGTTTTACATGTTGAAATTCCACAATATAATAGGGTTGCCCATCAAGCTCCAAGCGAGCCCCATTTCGAAAATCTGCAGTCGTAATCACGGCATCAAACTCCTCATACTATAAACGTGAACAGAAATGTTAACGGTGTGCTGGGATAGTCCGCTGAAGCGCATCCACCAACGCTCTCAGTCCAAGCAGATAACTTTGTGGTCCAAATCCCGAAATTTGCCCAAGCGAAACCGGGGCAAGGTAGGACCGCCGACGAAAACTTTCCCGGCGATGGATATTCGATAAATGCACTTCGACCATAGGAATTCCCACGCCCACAACAGCATCTCGCAGGGCAATACTGGTATGGGTATAGGCAGCAGGATTAAACACCAACCCCTCAAATTGTGCGTTGGCCTCCTGGATCCAGGTGACCAATTCCCCTTCCAGATTGGATTGACGGCTCTCGACCGAGACCCCTAGGTCCGTTCCCAATTTTTTCAGTGACGCATTCACCTCATCCAAAGTGATAGTTCCATAGAGGGTCGGCTCGCGAGTTCCAAGTAAATTCAGATTAGGCCCATGTAATACCAATATATTCACTAGGTATTTTCCATAAATAAATGGCGTTGGCGAGGATTCAGAATATCTAGGACACAGACATCGTTGGACTGGTGGAGTTTGGGAAAGACGGAATGCGTGAAATTCTAGCAGCGACGGAGGAATGGGTCAACGGAATTTGACGCACTTTCTTAGGTTAAGCGACCTCCTGCACGATCCAGAAGGACCCGTCTCAGCTCAACCATTGCCCATGTGTCCCGGCCACAATATTCATGTAAGGCTTGGGCAATATGAGCACGCTCCATTAAATCCGTTTCATGAAAGACCATTTTCTGGTACATGACCGCAGCCACCGCACCATTTTGAATCGTTAAATCATCGTAAGCCAAGGCAGGCACCAAAGCTGGCAGGACGGTTTTAATGGAGTAGGATCCGTGAAAGTCCGGATGATAATAATGTTCCTGGATGACCGAAAGAAGATCCCACAACCGGCGAACCACCTTCGAGAGGACGGGCTTCAACTGAGGCAGCACATCACCCAGGGCAAAAAGCAGAAATCGTTCATACTCCGAATACACACAAATGGTCCCGGCATCTCCTACGCTTTCCAACAGACTCAAGGCCACTTCTTCGCGAGGGTCACGGCCATCAGTGCAGAGATAATGATGATGGACGATTGTGCCATCAGGATATTCAATATGGTTGGACCACTGAAAGGGGATCGGACGATACGGACGAGTATGGGGAAAGGCCGGGATCGCCGGCATAAAAGTCTCAAAATCCAAATGATGAACCGGAAACCTGACCGATTGTAGCCGAGGCCGAAGCAGAGGTGAGATCCATTCCACATTATCCTTCACTCGTTGCTGAGTTGCAGACAACTGAAAATGGTCGGGAATTTCATCAATAGATTCAATTCCCTCCTCCAGCAGGAGGGTTTGCAATTTCGAGCTGCCAGGAAGATGAAACACCCAACGCGGAGACTTCTCTTTCGTACAATGGTTCCAAAAGGGGCATTCATAGGGCTGATGGCAATGGCTATCAGGGACAACGGGAGGTGGCGTCGGCTGTTCCAATGTCATCCACATATTTTCAAGCTGTGCCTGAATCAATGGCCGACGTGCTTCCACTTCCTCGGTCTTATTTTCCAAAACAAACATTTCTTCTAAATTCAGGTCTCCGCCAAGAAATGAATACTGAGTATTCAGATGCATCAAAAAACACCCGCTGATTTCAATGCCCGCGCCGTCCAGCACTGCAGCTTGAATGGCCAGATCGTCTAGATGCGTGGCTTTCACCTTCGATGTCGCCTTCACTTCAATCAAGCGCCAGCGCGTGGCATCAATTCGTTCTAAGATGTCAACCCGAACCAAAATGCCTTGCCAGACAAAGGCTCCTTCAAAAAGGGACGAGATGCCTCCATCCCTCACGAGCTCACTGGTGCGAAGGAGCGCTGCAGGAATTTGACGGTGTGTGTGTTCAACCAGAACGCCATGAGGAAAACATTGACGGGCAACGACCCCAACGTCGGTGCCCATATCCATGATGGCCCGGCGATCCGGTGTAGGCGGCGTAGCTAATTCTGGTGAATGGATTTCCAAATACAGCCGCTTGGCACATTGCAAGCCCGCCAGAAAGCGGCTTTTGGATAAACGATGTGTTGAAACGGATCGGTTCGATTTTTCCGGGCCGGAAATGAGGGGGATAGGAGAAATTGGGTTCATGGGATTAACGACGGCACACCAGAATAATGCCGAATATTCCATTCTAAAACGTCATTTTTAAGCATTGTTTGCACCCATCCAGGTCGGGGCCATAGATGACAGCATACTGCTCAATTTTCTCCTCCCATGCAACATGCCTGGTTATTCATCCTCCCGATACATTGCAGAGTAAAAATTCGAACAGATTATCTTTATCCCCATATCCTGTGGAAAACACCATTTAGTAAACCCAATAAACAATACTTCTAAAGTAATCTCTGGCGTTTTATTTCACCATACAATCCCATAACTATTTGTTTATTATCACCTTTAACATTATTCTCGCCACATATTCCGTATGACTTTACAGCAGATAAACATTTAATTCATTGCAATTTAAAAAATTCAAGAGGGTATTTTATCCACAAAAGCTGTGG
NZ_CP116968.1_gap59	1869346	1870748	1402	ATGACCAATTGCCCGATATGACCGGATTAGAATTCTTGGCGAAAGTACGGGGACCGCACTCACAGTGGAAAACTCCCATCGTTTTTCTCACCGGATACGGTAACGACGAAATTGCAAGTCAGGCCATTCGATTTGGCGCACAAGAGTATTTCAACAAAAACACCCTAACGGAAAGATTCCTCTGGCATCATATAGAGCAAGCGATCGAGCAGGTCATCAGCATACCTCGCATACGCTCTCTTGAACGTCAGGCCAGCATCATTTTGCAATCATCCAGCGATGGGATCCTTGTTGTGGGACATGACGGACTGATCCGTTATTCCAATCCTGCAGCAGAACGGCTCTTCCAAAAGACATCCGAACAACTCACCCGATCCCCCTTTGGTTTCCCGATCTCTGCAAACCAGACGACGGAAATAGGCATCATGGGCGAATCCGGACAACCGACTCCTGTAGAAATGCGAGTTGTCCCTATTGAGTGGGATGAAGAACCCGCCTATTTGGCCTCCCTCAGGGATGTGACAGAACAGCGAAGGGCCGAAGACGAACGACGCCGTCATGAAATTGAACGCCAATATTCACAAAAACTGGAAAGTTTGGGAGTGCTCGCCGGAGGAATCGCTCATGATTTCAATAATCTCCTGATGACTATTGTAGCCCGCTCCGGCCTCGCTCTTCGCGCTCTTCCTCCCGACGCTCCGGCTCGGGAACACTTGGACTTCATTGAAAAAGCCGGTCTTCGGGGTGGGGAATTGGCCAATCAAATGTTGGCATTTGCCGGACAGACCCGCCTAAACTTTCAAGTCATCAATCTTCCAAAGCTCCTCGAGGACATGACTCCTTTCCTCCGGGCAACCCTTTCAAAACGATTAACGTTCGAATACGATCTTGCCCCCTCCCTTCCCCCCATTCGAGCCGATCAAGCTCAATTGCGCCAAATCATCATAAATATTGTGATAAACGCATCAGAAGCTTATGGAGAAGGAGATGGAGTCATCACCATCCGGACATTCGAATGGGAGCCTGCAATAGAGAATTTTCAGAGTTGGTATGTGATTGGAGAGCTCCCGGATAAGCGAAGTGTTGCCCTGACCATTCAGGACACCGGGTGCGGAATGACCTCGGAGACAATCCCAAAAATTTTTGACCCGTTTTTTTCGACCAAACTTCCTGGGCGAGGGCTTGGACTCGCAGCCCTTCTTGGACTCGCTCAGGCCCATGGCGCCACCATTGCCGTCCGAAGTCAACCAGATGTCGGAACAGAATTTACATTACTGTTCCCCGCCACCACCCCCGATACTTCAGCAAAGAAACGACCGGTCTTCTCATTTCCCACACAGGAAGCCTCACTGCAAAAAAAACCCATGGTGTTGGTGGTTGATGACGAAGAAGACGTTCGGGT
NZ_CP116968.1_gap60	1872996	1876331	3335	GAGGAGCTTATTGGAAAATTATCGCCCATGTAGAATGGCTTTGCACATTCTGGATCGCCCCTGTGTCGAAGATAAATCAAACGGGGACCAAACCAGAACGAAACGGCCCCCCTTTGCCCCTCGAAACTTCCTCGTAACAAAAAACCCCAAATCAGGACTACAACTCAATGTCGCCAAATACGCCGCGAGACAATTGGCCAATGAATCAAAAATCTCTATCCCTGACCAACGAGAATATTGGCGATACCTCGAACTCATTGCCGAAACTATGACTGGAGAATTGTCATGAAAACCCACATAATGGAGCCTCACATGTCCCATCCGTCTACCACCCCAGCCGACTCACCGAATTCATTGATGGGAAAGATGCTCATCGGGTGTATTCTGTTGGCGGGCATCGGTACATTTTTCTATTTTGACCTTAATCACTATCTCTCGCTCGAATCATTAAAGGAAAATCGAGACACCTTATTAGCCTACACCGCCTCACATTATGAAACCGCAGCCGCGGTATTTATTCTCGTGTATATTCTCCAAACAGCGTTCTCCCTTCCAGGCGGAGCGATCCTCACGTTGACAGGAGGATTCTTATTTGGAAGCCTGATGGGTACGCTATTCGTCAATGTCGGAGCCACCGCCGGAGCCACGCTCGCCTTTTTAGCCGCCCGCTATCTGCTCCACGATTGGGTGGAGCGCAAATTTGGCGACCGGCTCGGGACCATTCAAGAAGGATTTGCCAACAATGCGTTTAATTATCTCATGACGCTTCGACTTATTCCGGCCTTTCCATTTTTTCTCGTGAACCTGGTCTCCGGCCTCACCCGTGTCAACCTCGGCACCTATGTGCTGGCGACGTCCATTGGCATTATTCCGGGCAGTTTTGTTTTTGCCTTTGCGGGCCGCCAATTGGGCACAATCAATTCCTTGAGCGAAATTGCCAGCCCACCGGTCTTACTCGCCTTTACGCTCCTGGGCTTATTAGCCCTCATGCCGGTGGCCTATCAGAAATGGAAGAAGACTCAAAGCGGAACCATCAATCCTAAACCGTAAATGACTGAACCCCTTTACTAAACTAGAGGTCTCAGATGAACACCCCACAATCACCAACCCATAGCGGTTTAGTTCTTCCCCATGACGACTATAACCAGGAGTTGGTCAACAATGTGCATCCGCCCCAATGGGAGAATCCTAGGCCATCCGGACGATATAACCTCGTCATCATCGGGGCCGGCACTGCTGGGTTGGTCACCGCTGCCATTGCGTCAGCCCTCGGAGCCAAAGTGGCGCTAATTGAACGACACCTGATGGGCGGAGACTGCTTGAACGTAGGATGTGTGCCCTCCAAAGGCGTCATACGGGCGGCTAAAGCCTGGCACGCCGTCAGAGAGGCCGAACAATTCGGTGTGCATATTTCCGGTGAGGTCAAACAGGATTTCGGTGCAGCCATGGCCCGCATGCGAAAACTCAGGGCCCGGATCAGTCATGTCGACTCAGCGCATCGCTATACCAAACTTGGAGTGGATGTCTTTATCGGAAACGGCAGGTTCACCGGCTCAAGCACCATCGATGTGGATGGAACGACATTACAATTTGCCAAAGCGGTCGTCTGCACAGGAGCCCGCGCCACCGCCCCATCGATTCCAGGTTTGGCAGATACCAAATATCTCACCAACGAAACCATCTTTTCTCTGACGGAACTTCCTCAGAGACTGGGAGTGATTGGTGCCGGCCCCATTGGCTGTGAATTGGCCCAATCATTTGCCCGATTCGGCAGTCAGGTATATTTGGTGGAAGCTATGCATGGCATTCTTCCCAATGAAGACCGCGACGCGGCCGACATCGTGGAGCAATCGATGTTGCGGGACGGCGTGCAACTGCTCTGTTGCGGAAAAGACTTGAACATTCACTCGGCAAACGGCGCCAAACACCTCGTGGTGGATTCGCATGGCACACAGTATGACATCCCAGTTGATGAAATTCTGGTGGGCGTCGGTCGCAGTCCGAACATCGAAGGATTGGAGCTGGAGAGGGTCGGCGTCGAATTCGACAAAACCGGAGTCAAGGTCAACCACCGGCTTCAAACCAGCAACCCTAAGATTTTTGCGGCAGGAGATATCTGCTCTCCGTTCAAGTTCACCCATACGGCCGATGCCCAAGCACAGATCGTCATTCAGAACGCGTTGTTTCCTCACCCGTTCGGCCTCGGTTACGGCAGTACGGAACACCTGGTGATTCCCTGGGCGACCTATACCCAACCGGAAATTGCCCATGTCGGTCTCTATGAAAAGGATGCGAAGGACAAGGACATCCCGATCGACACCTTCACCTTTCCTCTTCATGAAGTCGATCGGGCTATTCTCGATGGAGAAGACCAAGGCTTTGCCAGAGTGCATGTAAAAAAAGGAACCGATACAATAGTTGGAGCCACCATCGTAGCCGCCCATGCGGGCGATATGATTAGTGAATTCACCCTAGCCATGAAGGGAGGCCTGGGACTCAACACCATCGCGGGCACCATTCACCCCTACCCGACCCAAGCGGAAGTCGTCAAAAAGTCGGCGAATGCCTGGCGGAAAACCACGCTGACGGAAGGAAAGAAACAGTTCCTCCGCAAACTCTTTGCGTGGACCCGGTAATGTCATGTCCCATCAATTACCTAATTCTAGTAGGTTGTGATCCTTTGCACTGCTTAGAGCGAACGGAATCGGTCAACAAATGATTCAAACAACACTCAGGGTTTATCGGCAAGCAGACATGACACGTATCACACCTCGACCCGCATTCTTCTCTGTCCTCACTCTCGTCTTCGGACTCTTGAGCCTGCCCCATTCGAATACGGGCATCGCCGCAAGCCCCGATCACCTCGTCGTCGGCAACTTTTCCATGGCTACTCCGGGAGAACCGTTTCCGCAAGGGTGGAAGCCGCTGACCTTTGACAACATCCCCGCACAGACTCAATATGATCTGGTCAAAGACGAACAGCAGGTGGTGGTCAAGGCCATCAGTCGTCAATCCTCCTCCGGCCTGACACGGGAGATTTCGATCGACCCAAAGGAATATCCGGTAATTGCGTGGCGATGGAAAGTCGAAAATATTCTTCAGAAAGGGGATGTCGCTCAAAAATCAGGAGATGACTATCCGGCACGGCTCTACATTACCTTCCAGTATGACAGCAGTCAGGTCGGGTTTTTTGAAAAGGCGAAATTAGAAACCATCAAATTGATTTATGGCCAATATCCCCCCATTGGAGCCATCAATTATATTTGGGAGAGTAAAAGTCCGGTGGGTACAATGGTTCCCAATCCTTATACGGACCGGGTCTACATGTTCGTCAC
NZ_CP116968.1_gap61	1972450	1976044	3594	GATGGCGAAAAAGTCCATGGTTCCATTAAACGGGCTTACGATAGCGCATCTTGACCCAAGTTGACCATATAACAGAAACTGTCTTACACTAGTTTTCCTCCGTTTTTGTAAGAATTTTCTTTAGGAGCTAAAAAATTTTCTCGCGGGATTTCATATACCGGAGAGATATATTATTCACCTCATTCATAATGGGAGAGAAAGATTATGGCAATACGTCTAGGAGATGAAGCACCAAATTTTACAGCAGAAACGACGCAAGGTACCCTGAATTTCCATGAATGGCTTGGTGACGGATGGGGCATACTCTTTTCACATCCTAAGGATTTCACTCCCGTGTGCACCACGGAATTGGGAACCATGGCGAACATGACGGAAGAGTTTAAAAAACGAAATGTGAAAGTGTTGGCTATCAGCGTGGATCCACTCGACTCCCATAAAGGCTGGGTCAAGGACATTGATGAAACTCAACATTGTACGGTGAGTTATCCCATCATTGCCGATCCCGAAAAAAAGGTCGCAAACCTCTATGATATGATTCACCCCAACGCACTCGATAATATGACCGTTCGTTCGGTATTCGTGATCGGACCGGATAAAAAGGTCAAATTAACGCTCACCTATCCCGCATCAACTGGCAGAAATTTCAACGAAATTCTCCGGGTAATTGACTCACTGCAATTAACGGCCAAACATAAAGTTGCCACACCGGCAAACTGGAAAGACGGAGAAGATTGTATTATCACACCAGCCGTGACGGATGCAGAAATCCCCGCACTGTTTCCGAAAGGGCATCGTGCAGTAAAACCTTATCTACGCTTTACCCCGCAACCCAACCGTTAGAGCTTCTGACAAAAAAGTTGAGGCAGCGCCACATGTGTATGGCGCTGCCTCCCGTGACGCATCCAATCTTTTCTCTCCGCATCCCCTCCCAATTACTGAAGGAGTCAGGTTCTCACATGGCTACCTTGACCACGTTTATCTCACGAATTGAGGAGGTACCTTCAGACTCGCAAGTGACCCAGGACCACACCAAGTCAGAAGAAAACGTACATTCAAGTTCTACACGGAGGGAGATTGCTGACAGACAAGTGACGTACTCCCATCAGGACTCGCTTCCGTCCAACCCTTCTCAGAAGACGCTTCAAAGTTGAACCACCTGTGGGCATTCAAGAGAAAAGTTGAAAAAGGACAAGAAGGAATTGCAGTAAAAGATCAGTCAAGATTGATGGGTCTCAAACAGGGCCACATGCAACTCATAGGTACGATGACAGGAGCCACATTTGAATTCTACCGCAGACTGTTCGATATGGACCAAGCTGACCCGGACATCGTGAGGATGATTTTGAACACATCCTTGAAGCAGAAATAGTTCCTGACGCGCAATGTCGGTACCCGACTCCGTGGGTACAAGGGCCTGCGGAAGGGTTAAACGATGGCGCATCTGACAATTTGTACAGAGCACCCCGACAATTTGCGGAGGAGAAACAAGCTTCACATTCAGACAAAGCGGATGTACTGAGAAACATTGCTGAAGAAAGGCTCCGCTTTTATGCACACTCATGCGTTTAATCCCATCAATTCTATTGTGTGAAAATTTCTATCACCACGGTGAGGATCTCTTGCTGACTTCTGTGAACTGAACCATTCCTAGCCCGAAAGTCCGCGTTGAAACGGATCGGGGGGTTGGGGAATTTGACAGAGCTCCCGCTCCCAATGGCGCAAGATCCCCTCTTTGTCAAAGGTCAAAACATACATAAAACAATAAACTTTTTCACGTGGGCCACCTTGAGCCCCACCCATCAGACTTCCAGCCTGCTTACCCAAGGCTTTGACTCCGGACGGATCCAATTCACTTTCGGACATCGCAAACCTGTACGTCCAAGTGGTCGTGTCCGAAAGCAATGGATCTTTAACGATATGAGGTTTTCCCAGCTTCCCTTTGATATCGGACTGCGTTAAAACCCCCACGCCATCGTCGAAATAGCTATCACGCCAGTGAGAACAGGCTGCGAGTGCGAGACAGAGCATAAGGACTACCCATGGATTCAATTGGCTCACAATCAGACGATGAGGCATCGCACTACCGGATGATTCAGTCATCCCCCTTGCCTTGTGAACCCACAAAACAGGCCTTCACTAATGCAAACACTTGTGCAACTAAGCCCGTCGCAATCATCCCTAAAGCGGTGGGAAGCATGGGAGAGCCAGGATGTTCTAATCCATGAATACCCAGCACAAATCCTACCGCAACACACAGAATCCCTATGACTCTGGCAATCATAACGGAACGAGGTCTCCCGGTCGATGTTGAAACAGGAGGAGACTTCTCTGAGGAAGAAGGACTATTAACAGGTTCTCTTGCCATCCTTATTCCATCAGGATTTGGTCAGTTTTCTGTATCGAATTTGATGGGGACGTTCTGCAGCCTTCCCTAATCGCTTTTTGCGATTAGCCTCATATTCACTGTAATTGCCTTCATACCAACTCACCTGGCTGTTCCCTTCAAAGGCTAATATATGGGTGGCCACACGATCCAGAAACCATCGGTCATGACTGCTGATCACCGCACATCCTCCGAAATGATTCAATCCCTCCTCTAAAGCCCGCAGAGTATTGACATCCAGATCGTTCGTCGGCTCATCCAGCAATAACAGATTCGCACCCTCTTTCAACGTGCGGGCCAAATGAACCCGGTTGCGTTCTCCTCCCGACAAATCCTTGACCATTTTTTGTTGATCAGATCCTGAAAAATTAAACCGGGACACATACCCACGCGAATTCACTTCCATCCTTCCTAATGTAACGGTTTCTTTTCCATCAGAAATACATTCCCAGACGTTTAAATTACCATCAATCTCGCGGTTCTGATCTACATAGCCCAATGTGACCGTTTCACCCAGAGTCAGATTGCCGGTATCCGGTTTAACCAACCCGGCAATAATTTTAAACAGGGTGGACTTTCCCGCCCCATTTGGCCCAACCACACCGACGATACCCCCTTTGGGCAAGGAAAACGAGAGATTATCAAACAGCAGGGAATCCCCATAGCTCTTCGAGAGATTAGTGGCTTCCACCACGACATCACCAAGACGCGGGCCGGAAGGAATATAAATCTCCAAATCGTCAGTTTGTTGACTCTGCTCTTCACTCACTAATTGTTCATATTTCGATACGCGGGCTTTCCCCTTAGCCTGGCGGCCTTTGGGAGACATACGAATCCATTCCAGTTCCCGTTCCAACGTTTTTTGTCGTTTCGACTCGGATTTTTCTTCCTGCGCCAGTCTCGCCTGCTTCTGCTCCAACCAGGAAGAATAGTTGCCCTGGAAGGGAATCCCTTGCCCACGATCCAACTCCAGGATCCACCCAGCCACATTGTCTAAAAAATACCGGTCATGGGTCACCGCAATCACGGTGCCCTTATATTCCTGAAGGTGCTGCTCCAACCACCCCACCGTCTCCGCATCCAAATGGTTTGTGGGCTCGTCAAGCAGCAAGATGTCGGGTTCCTGGATCAGCAACCGGCACAAAGCCACCCTCCGACGTTCGCCGCCTGACAAGAGGTCAACTCTGGTATCCGGTGGTGGACAGCGGAGG
NZ_CP116968.1_gap62	2049680	2053509	3829	CGCCCAGGGATGCATTACCAAATGGGGGGCATCAAAACCGATACCGAAGGCCGATGTTGGGATGTCCAGGGCCAATGGGCCGGCGTGCCGGGTCTTTTCGCTGCGGGAGAAACCGCCTGCGTGAGCTTGCATGGCGGCAACAGGCTGGGCGCGAACTCTCTCTTGGACACCGTGGTATTTGGCCGACGGGCTGGAACATGTGCCGCAGAGTATGCCAGCACGATCCCTTCTCCCTCCATTCCAGACAGCGCCATTGACGCAGACAAACACCTGGTGGCCGGCATCGTGTCACGGAAAGGACCGGGAGAACGAGCGGCTGCGATGCGGCTGGAAATGGGCACCACCATGAACCGGCATGTGTCGGTCTTTCGTGAGGAGGAAGGCATGGAGACCGCCCTCCACCAAATCACCCAATTAAAAGCACGTTGGCCCGACCTCACCATCCAGGATAAAGGGCAGGTGTTTAATACCGGATTGATCGCGGCACTGGAATTGGGGTTTATGTTGGACTGTGCGGAAGCCATCATTGTGGGCGCGCTCACCAGACAGGAAAGCCGTGGGGCCCATTTCCGGACGGATTATCTTGATCGGGACGACGAACACTGGCTCAAACATGTGTTGTTGTATCATAGACCCGATGCTCCTCCACACGTCGACTATCTACCGGTGCGAATCACCCAATGGCAACCTCAAATTCGCGTCTATTAATGAAGTCAAAATGCCCATTATGGCCTCTTTGGAACCATTTTAGAGTTGCAAAGCCACCCGGTAACGGCCTAAAGGAGGTATACTATAAACATAAGCCGAGGAATCACCCCCACTGATGCACACCACTCTTCGCATACGCCGCTTTAATCCTGAACACGATCATCCCTCCTCGTACTATCAGGAATATGACCTGGAAATCGATCCTTCCGACAGTGTCCTCGATGGACTCATCAAAATCCGGGAAACCATTGATGATTCTTTAACACTTCGTTGTTCCTGTCGTGGAGCCATTTGCGGATCTTGCGGCATGCGCATTAACGGACACGCCACACTGGCCTGTAAAACCAAAATGATTTCGGTCGCCTCGGAAGGAGGGACGATCCAGGTTGAACCCATGAATAACATGCCGGTCATTAAAGATCTGGTCACGGATATGGCGCCGTTCTGGTCAAAGATTCGACAGATTCAGCCGTGGCTCCAACCGGAAGGGCCGCTTCCCACCGCTGAATATACCGCCTCCCCGGAATCCATGAGCCATCTCTCCGGGGTCATGAGCTGTATCATGTGTGGCGCCTGCGTCTCCGACTGCACGGTCTTGGATGTCGATAAGACATTCGTCGGGCCTGCTGCCCTGGCGAAAGCCTATCGGTTTGTCGCCGATCCGCGAGATGCGGCCACTTCCCAACGACTGACTTCCCTCAATCAGGCGGGCGGCATGTGGGATTGCACCCGCTGCATGGAATGTATTCAGGTCTGCCCCAAAGGGGTAGGCCCGATGGACCGAATCATGGCGTTGCGGGCAAAAGGTCTGGCAGAAAAAGTTCCTGCTACCTGTGGCTCCCGACATGCCGAGGTATTTTCGGACATCATCAAACACAAAGGGATTCTTGACGAACCGATGCTGGCGATCAGAACCTTCGGCCTTAAAAATATTGGCCGATTAATCGGTATGATCCCCATGGTTGTTCAATCGGTCTTTAAAGGCAAAGTCCCTCTCTCGGGTCCGCTTCACCGGCCGATTCCGGGAATCCAACATATCCAACGGCTCTTTAAACAGGTCAGGATTAAACGATGACATCTGCCAAAATCATTGCCATTATTTCCGGGCACAAACCTTTTCTCCCCGTAAGAGAGAGAAAACAAGAAGGGGGAGAGCAATGAAATATGCCTTCTTTCCCGGGTGCGTCTCAAAGGGAGCCTGCCCCGAATTGTATCAATCCGTCATGCAGGTCTATCCCAGATTGGGAATCGAACTCGCGGAAATGACCACCGCCTCCTGTACCGGTGCGGGTGTGTTGCAGGAAAAAGACCTGCGGCTGGGCGATGCGCTGAATGCCCGCACCTTTGCGCTGGCCGAACAACAAGGCCTCCCCATCATGACCATCTGTAGTACCTGCCAGGGCGTGATGAGCCAGGCCAACCATCGTCTCACGACTCAACCGCACTATCTTCAGGAAATTAATGGCTTGCTCCAAGAGGAAGGATTGACCTATCGGGGAACCACCACGATCAAACATTTTTTGTGGATTCTCCTGGAAGACGTGGGGGAGGAAACTTTGCGACGCCATATCACCCGTCGCTTATCGGGTCTTCGTGCCGCGCCGTTTTATGGGTGCTATATTCAACGGCCGACTAATGCCCTGGAATTCGACCGGCATCCTGATCGGGGAAAGTCCCTTGAACGGATCATCGAAATATTAGGAGCGGAGGTCGTGGACTTTCCAGGGAAAACCCGATGTTGCGGATTTCCCATTTTGACCATTAATGAAAAAAACTCGCTCACGATGGTCGCCACGCATACGCGGGATGCCAAATCACACGGAGCCGATATCATGGTTACCCCCTGCCCGCTCTGCCATCTCAACCTCGACGGCATGCAGACCAAAGCCGCCAGTCAGGAACAGGCATCTATCGATCTCCCGATTCTCCATCTTCCGCAACTGTTAGGCCTTGCCATGGGGTTGGATACCAAGAGCCTCGGATTACAACGAAACCTTATTTCTCCTGAATCGGCTCTGGCTAGAATTGGTGGCGGCGGATAACCACAGTTTTCCTGATAATAAAAGAGGTCTGCAGTGTTAGAACGGCGCCTAATCGAAGCTTAACGCAATAGCGTAAATACCGAATTGGGGCACCCAATGCCCGTGTTTTCGATAATCATCCCGCCAATACTTCGGCATCTCCATGTGCGTCGCTATATGGTTCACGTACAGCTCACGGAAAACCGGATCTTGCGTATGCTGATAAAGGGTCCACAATCCCCAGCTCCGGCTGAAGTTCAGGCCGGCTGAATGGACCGTGGGGAAAGAAGTCAGAGGAAAAAGGTTTCCGATTTCCTGGATGTAGGACTCCAGCCATTCCGCAGAGTCTTCAGGTGGAAGAATCGTAAGCAGTGCCCGGCATCGCTGGAGCGCCGCCGGGAAAAATTCATCCGTAACCTGGTCAAGGGAGGGAGAACATTTCTCATTAAGCGGCAATAGGCGGATTCGCGTAAAATTTGCCAGTTTTTCAAGCAAATCAGAATCCTGCTTCCATTTTCCCCAATGCCAGAGATTCAGCAGAGGCCAGGAAAGATTGGCATATGCCTTTTGTTGGGCATGCCAACGGACACCTTCATCTGAAAGGGAAACAAACCATGCTTCTAACCGCATGGCGATTTCATGAGCTAACGGCAGTAGGTCGAGTATTTCATAACCTTGTTCACGCTCTTGCGCAAGCTTGAGAAACCATGCAAATCCATAGGGCAACTCATGATCCAATTCGCCTCGTTTGAGCGCAGCCAACTCCTTCTCCAGACATCCAGGTGCAAGGGCCCCGTCTACAACCCTGCCCCACCGGGGTTCACTCGTCAGCCGCGAAGCCGTTAATAACGCGTAGGCGCCATGAACACTGGAATGCCAATCGATACACCCACAGAATGTCGGATGCGTCGTGTCCCGCCGGAGAAAACTCTGTTCCACCGTCTCAGCCAAGAGCCGAACATAGTCCAGCCGGGCCCCGCAAAATGCCTCCCACGACGGATAGTGTTGACCGGATTGTGCATTCACCATTGAACCTACTCCCTCCTCGAATAGTAACCTACATCCCACCATCATGGCTCAGCTAGAGAGTCTGGTTCCTC
NZ_CP116968.1_gap63	2060010	2064500	4490	GCCAATGTGTTTGCCGGATTGGATTATCCCTTTTAACGGGGTGAATGCTTTCTTGAGCGATTGGGTATGAATAGACATCCAGCCACAGGACCCATCATGAACAGATACAGTTATCGTCTTGCCTACCTGGGCATGGCCTTGATGCTTTCAGGATGCTCCTTGTCGTATTTTAACGCCGCCACCAACGGCGACACGGAAAAAGTGTTGGCCCTCCTCAAGGATGGAATCGATGTCAACACCACCTTTCCCATTGTCAGGACCCACGCACTGATGGTCGCGGCCGCATTCGGTCATGTGGACACAGTCAGCGCGCTTATTGAAAGGGGAGCAGACGTCAACGCGAAGGATTTGACAGGGTGGACTCCCCTGCATGCCGCAGCATTCAAAGGCAACATGCAAATCGTTCGCCTTCTCCTTGAAAAAGGCGCGGTCGCTGAGCCATCGACCTGGTTTTTGGAAAGTCCGTGGGTCATGGCAGAGGAATTGGGATATCTGGTAATCGTTCCCATATTGAAACAAGCTGAATGGCAAACGGTGGCAAGCCCCCTGCCCTGCATCCCCGAGGATTTCGTCACGAATAACGCCCTCATGACCGCATCTTCTCAACACGTTTGTTAATCATTGATGGGGACCCACCACACAGCTTCTTTCGGATCTGATATACTGGATAGTTTTCCCATAACCGTTCACCCTGTGTGGCATTTCTTAATCTAGGAGGTAGGTATGAAGCATTCACTCGAACACCAGATTACCCATGCCGGCCAACAACCATGGCTGTGCCGAATGATGATCGCCGGATTGTTCAGCAGCGCGATGATTTTTGGTGCCGGAGCAGCCTGGGCGGATGGAGACGGTCATGGTTACGGGCATGATCCGAAATCTCATCTGGAGAAACTCACGAAGAAGCTGGATCTCACGAAAGAACAACAGGACAAGATTCTCCCCATCATTGAGGAGAAGCACCAGAAGATGGAGGGGCTTCACCAACAAATGAAGGACATGCGCAAACAGGCCATGGCAAAAATTGAGGCCGAACTGACACCGGAACAACAAGCGAAATGGAAGGAAATGCAAGAAGAACGGGAAGCCAAGATGAAGGAATACAAAGAAAAGCATGGCAAAGATGGTGACAAAAAAGGCAAACACGGCAAGGGCGAAAAGCATGATTAAGCCTTAACTGAGAATGGGGGGCGGATCTATTCACTATCAGGTGCATATCCGTCCCTCTTCCCTACCCTTTCAGACTCCTGCTCCCTATCCTCCCCTGCAAAAGTAACCGCAGGCCGCAACCTGTCTCCCCTTCATCGACCTCCCGATGATGGCAAGTCTTAGAAGTCTACAATCCCCAACACTGTCAATCCGTAGAAGAGGTCACGGGCTCAAATGGAGGGCCGGAAACCAGCCGGGATGCCCGATTAAAATCAGGCATGAGAGTAACGGAGGGGGGAAAAGGCAAGGCCTGTCTGCCAAGACAGAAAAAAAATTCACAAGCACTCTTCTCAATTTCCCAATACACGCCATTATTGTTAGCATATGACTTTCCAAATAGGGTGTATTCGACCGCATAGGGGGATCAAGACATGCTTGAGGTGGTAGAGATTCGGGTCAGCTATCGATATGTGAAAGAGCATTCCTGGGTGGTACAGGGCATTACGGGGTTTCTTTCTGCTTATTTCATGGAAAAACCAGGCTTTACTCTGAAACGACACTTTGAAGAATTGGAAACCGGCATGCACGTCTGGTTATGTGATGTTCCTCCCAAGATGAAAGTTCCCACCCTTCTGAGGCGGCTGAAGGATGACATCCCTCCCTGCCAATATACACAGCTCGAAACAAGCCCACCCGCGCCACCGCGATTTCTCATCGATTCACTAGAGCCGGAATCCGCCTCTTCCTCTTCTACTCCAAACGAAGATTTCGAAGCCACTAAGGACGAAAGGACAAAAGGGTAACAACACGGAAAGCGCCACGAGGTGAGCGGAAATTCACGCTCGTTAGGCCGAGCAAACTAGAGGGGTTGGTTGGGATCAATGCGCAAAGCCGACCGAAGAAGGTGGACCCGTTCGGACAACTGTTCAGCGGAAAGCCGAACAGCCTCATGCGGCACACACCACACCGGTTTCAACGGATCGGGATCGGTCTTGAGCCTTGGAATCAGATGCCAATGGATGTGAGACACCTGATTCCCGAGCAGTTCATAGTTGATCTTCTTCGCGTCAAATACCTGTGTCAGTATCTGCGCCACGTGGGTGACTTCCTCCATCAACATGCCACGCGCATCTCTGGATAAATCAAACAGTTCTGAAGCATGGTCTTTCAACACCAATACGGTCCAGCCCGCAAAAAACTGGTCCTCAAACACAAACGCTCTGGTCAGACCACAATCGACAATATAATGATCTGTGAACGGCCATGCTCCAACACATATTTTGCAAGATGGCTCAGTCACGGCAGTAGAAAATACGAGGGAATGAGGAATTCACCAATAGAGAGTAAAGATTTCAGGGACACCACACGGAAGAGACGAGGCCGATTGGACCCATGACCCCTTCTGTTATCCTGAAACAACATACCGCACGTTCCCTTCATCGTGGAAGACTACATCCTGCATCATGTGGTATTTGAAAGTACGGAGAATATATGAAAAAATGACCGAAGAAGCGAACGATCCATCCATTGTCCGGAGTTGTCACCCGTCCGCAATCAGCCTTACGGTTGCCATAGTCTTGCCACTTCCATATTTGGAGAAGGGACCCATATGACAATAGAACCGCATAACTTGTCTAGAAGAACCCTGTTAAAGCGGGGGATGGGCATCTTCGGCTTGTTCGCTGGAGGCCTTATTAGCTCCTCCAGCCTTGCAGAAATACTCAAGGAACCAACTCCCCGTCAATCCCTGGGGCCATTTTTCCCCGACGAGGGAGACCCGATAGATGCCATTCGCGAAAACCACGGGATCGGGATTCCCATCAGTCAGGCGAACGATCAGGATCTCACATTTGTCAAAGGTCGCAGGGGAAAAGCCAAAGGAAAGGTCATCTATCTGAGAGGAAAAGTCTTGAGCGCAAAAACCGGAAAGGCGATACCTCACACGGTGATCATCATGTGGAGTGCCTCAGCCTCCGGCCGATACAACCACAAAAAGGATGACGGTATGTTGAGATTTCCCCATCCCACGACCGGAGAAATCATTCACCGGACCTACGATGCGTATTTTCAATACTGGGGACGAGCGGTCACCAATGAGCAGGGAGACTATTGGTTCAAAACCATTGTTCCCGGCTTTTACCCCATTGACCTGGAAGCCGGACTGTACCGCCCTTCCCACCTGCACTTTCAACTGTTCCCTCCAGAGCATCAAAAACTGGTCACCCAGCTCTATTTCCGTGGCGACCAAATACCCAACAATGAACTGAACCAGAAATTACTTCCAATGGATGTGGTCATTTTGGATGCGGGACTCACCACAATCGATTTAGAGAGAGTGATCGTGGACTATGCCCCGGACGCATCGGGAGAGATATCGGATGGCTTGGTCGGTCATTACGATTTTCTGGTGCCAAACTAGGAGAAACAGGCTTCTCTGAAAAGGCGCTTTGGCGCAAGACCGATTAGATCCGGTCGGGGAAATTGGAAATAATTCCATCGACCTCCAGCCGCTTCATTCGTGCAATATCATCAGGCTCGTCAACCGTATAAACGAATACTTTGATGTCTTTCGCCTGAAGCGCCTGTACAAGCGCAGGCGTCACAACATTCAACGCCACTCCCACATGGGTCGCTTGAGCGGCGGTGGCAAAGGCCGTGAAAGGTATGGGCACGTCTTCGATTAACGCCAATGTGAAAGCATCTCCTATCAACCTTCTCACCGGTAACAGTTCCTCATGAAAAAACGAGGCATAAATCACTGTCCCCTGAAAGTCAGCGGCCTTCACCAAAGCGCAGACGTCAGCGGCAATTCCCCTTACCTTTAGTTCAATCATGGCACCAGCCCGTCCACTGAGACAGGCGAGAGCTTCTTCAAGGAGAGGAATCCTCTCGCCCCCTCCCGCATCCAATGCCCGAAGTACGCTTAGCGATAACTCTTCAATTTTCCCCACCCCGTTTGTCGTCCGGTCGACCGAATCATCATGAAGGAGCACCAGGGCTCCATCTGCCGTTCGCCGGACATCAAACTCGACCATATCGACACCATATTTAATCGCCAGTTCCAGAGCAGCCAGCGTATTCTCAGGCGCATGGCCCGCCGCACCCCGGTGTCCAATCCGAAGAAGCATTCAGATGTGATCCGTTTCCTTGATCATACGCGTATCAGTTAAAGGTGTTGAGTGGACTATTTTCTATAGGATGATAAGGGACTCGTCAAAAATGTTCTTGCAGGAGCAACTCAAAGCCAATGACCGAAATGCAAACTAAGTTCAACGAATGTTTTTGTGGATATGCATATCTCCCATCGCTGTGCTTTCCGGGTGTATAATAAAATGTGATGC
NZ_CP116968.1_gap64	2065584	2069007	3423	CGATACCCGCTAAGGTTCCGGTTAAGACGCTGACGCTAAACGTGATGGCATACACGACCCCATCCAGCGTCGAATGCAGGCCGATACCGAGCAGAGGAATCAATCCAATGGCTGTGTCGGGAGTACTATCGCAAACATAGGCATGAATGAACCGGTTGATCAGATGAAAGGCCAGATAGCCCGCCAGCAAATACAGGGGCGCCTGGTCGTTCATGTGAAAAGCCTGAGGAATGATATGGAGAAAGGCCACCGAGATCATCACCCCTGCTGCGAAACAGGAAAAATAGGTGGCATTGTATTGTCCCCATGATCCAAACCGACGAATGACATAAAGGCCCGCGGTCGTGACCCCGGCCGCGAGGAGACTGGCCAGGATGGCATATTCGTAATGTGTGTTCGTCATGATATCGGGTCACTTGTGGGAGGGATGCGAAAGATATCTGCCAATACCCTCTGTGCCTGACAGATAAGGAGAGAATTCTAGACTTTACTCGGAAGAGAAACAATAATGATCGCAGGAATTTGTCTTAATCCTGCAAACGAAAGACTTGATGGCATTTCACACAGGCATGGATGGTTTGCTCAAGGTGAGGGAGGATCTGTTTGAGGTCTTTGGTCGGGATCACTTCTCCCAGCGCTTCCGCAGCCTGATGATGTGCCATCGCCAGATCATGGTATTCCGGCGGGAATGTGGCACCCTGCTCACGCTGCATGGCCACATGGTGTTTCGGGAAACCCAGTTCCTCATTTGTCAAAGTAGCCGCCCCGGCAAAATCTTCTCGCCCTAATGCGCCAACGATGGCATCAATGGCTTCAAGATGCTCTCGCATGGTCAACTTCAGACCCTCCTTGGCAGCCGGAGGGAGATCCAATGTCATGAGTTTTGTTCCCGACATCTTCCGCATGGCAGGATCCCCTGGGTGTGAGGCATGATGATACATTTCGGCGCTTGAAAGACCAATGCTTACCACCAACATCACCATGATGACCATTCCAGCGCAGGCCTCCCTATTGATAGTCCGTCGAATCATGAATGGGTTTTTATTATGCGATTCTAAATCTGGTTTCAGGAGAAAATTCATTATGATGCCAACCATTTTTTACGGTTTCAGCGAACGGATGTAGACAGAGATCATTGAATTGATCATCCTTCATCACTTCCTTAAAACCCACCATAGCTGTCCCTGATCTTCCATTCATGATTACCTCTTTAAGTTGGGCGTCTGACTTGGACTTGGTATCCTCACTGGCCAGATTGGCGGGAGGAGGATTTAAGTATCCACCATTTCTCCGTCACCTTTCCCCTCCGTGACAATGGCCACAGGACTGTCGATACTATGTTTTCCCTTTTTCGATATCCCCGGTTCCGGCAACGGCGAAGCCGGCCATGATTACTCCCAACGCGAGCCCCACGAACAGCATCGCACTACTCTTCTTTGATTTACCTTTTTCATCCGGCCTCCTCTGGAATCCCTGCTATGGTTGAGTGACGGCATACGCTTTCTGTTTATTAGCGATACCTCATCATGCCCCGGCCCTGGTGCCGTCCGCCTCCCTGAGGACCTCCTCTTCCACCATGGGATCCTCCGGAAAAACTTTCCTCATATTGCATCACGGTCCATATTTCTTCATCCGAAAGCATTCCACCAAAAGGAATCATCCCGGTCCCCGGCGATCCATATTTGATCACCCAAAAAATTTCCCCTTCCGACCGATGTCTCCAAAACCCATGTGACCGGAGTACACGAGGCGGGGGGTTGAGAGTCGCCGCACCCGGGCCATCGCCGCGTCCACTCACCCCATGACAATTGACGCACCCACCCTTCCCTTCATATATCGATTTTCCTTTTTCGATAATGTCCGGTGAGGACGGCAACGGGCTCTGCAGCGCTCTGGCTTCAGCCAGCTTGTCCGCGGAGACCCGGGGCTTCATCATCTGTTGGTGCCCATGTTCTTGAGCCAACACCTGGGATCCACTCACCACCAGCGCTAAGATGAGTCCACTCGCCCATCGACATGCCTGTCTCATTGTTCCTCCTTCTGTTTTTTCTTCTCTGCATCCTACATCGACATGAGGCTTATACAACTTTTCATACCAACCCAGCGTCATCCAGGACGTTTCGCCTACATCGAGGTTACCGGTTCAATGATTCCGCAGGCATCACGAGCCCCACCGGCACATCCAGGATTGAGTTCGCTATCCTGATCGCAATAGAGATCTTCATTGGTGTGGATGATGAATGCACTGCCATCTTCATCAAACACGCTCAACCGGCCATCCGATAACGCAACCCGGGTGGTTACCGCATGCAGTTTCCCCACTCCGTTGACTACCGTGATATTGACCAAATCCCCCATGTGGAAGGGATGATTGAAGTCCGGCGCGTCAGGTGTGGACTTACCAAAGGGTCCGGGATCATGATGGCCCTTCGCAGCTCCACACGGCTGACAACTGGCAACCTCATGAATATGGACCGCATGCTTCCCATCCTTTAATCCCTTGACTTCCATCTGGACATAGAGTTTTTTGATTCCCTCTTCAGATTCAAATTCTTTGAGAGTGGCGGTTCCCGTAATGGCCGGATCCGTGCATCCTTGAATGGTCGCGTTGGCCGATTTCGATATGTCGTGGTTTCCGTAATGACTACACCCCCCAACGACCGCCAACAGAAGAACCGCAAACCCTACCAGCTTACTTCTTCTGAATTGTTGTTCCCACATGATGTCCCTCCTCTGTATATATGATTAAGAGATGAAATCCTTTTACACGACTGCGTGTCTTCTAATGAACAGAGATGGGCCATTATGTTCCTCCGAAGGTTCGGATGTAGGCGATGATCTGCCAGGCCTCCTTATCCGTAATATACTGCGGCATGTATGCCACCATGTCAGTCCCGTGACTCCCATGAATTAGAACCCAGAACAGTTCCCCATCACTTCTGGCTGCCTGCCAGGCCGCATCTGCAAAATTGGTTGGCATTTTGATATCAGGAGGAAAGGTTCGACCCGCGGTCGGTGCCCCTGTCCCCTCCCAGCCATGACAAAAGGCGCACCAGCCCTTGCCTTCATAAAGTTTTTTTCCGCTCGCAATAAATTCCTCGGTGGGGGTGAAGGGATTCGTAAAGGATAGGGCCTGCTCCATACGATCAGACGGGACTCGTGGCTGAAGATCTCCGGCACTGCCCGCCCAAGCCGAGGCACAGGCGAAAGAAACCGTTACAAGGATGATCCAGACTCTCGATTGCATCTTTTGCCTTAATATTTGCATCAGGACTGTCTCCTTGGTTGGTGATATAGACTCGGCTCTTACCTGTTTCCCCATGTTATTCCAAATTACGTGCCAATGTTAAAGTCCGGTTTTTCTACTGTTTTCAGTTTTCAATCATGGAAGTGAGGCAATTTGCATCACACCTTAGAGTACGC
NZ_CP116968.1_gap65	2082583	2084458	1875	ACAAATAATTACAACTTAAACCGTATCATAATCAGCGTCATTACCCCCATCCTTTTTCTTTCTGGATCAAGGGAATCAAAGACCTAACATAATAAAAATAGCATAAAAAGAAACAAGATCGGAAAAATTTCCCCAGGCAACTATCAATGTGAGGCATCCACCAAAATGTGCCAATTCGCATCAGAACGGAAAGGCCCGTAAATATTTTATTCGTCGAAAAATTTTTTCACGTTCCTGGCGCTTCATCTCAGATGCACTCAAGCCCATCTTGATGTTTTACAATAAATGAATCCATCCGTGCTGATGTAAAAAACAGTGACCGTACTCAGCCATTTCAGGAATCGAGCATGCACAAGTTGGATATTCAGTGATGAAAATTCATTGAATCATCAAGCCTTTAGGTGTCAAATCCTGAGGAAAACGGAATGTGGCAACAGGTTTGCTTTTGTCCTATAAATTAACGGGCAATCGGATTAATGCATTGAAAGTATCAACCGTCAACACACGGAGGGATCAACCAATGATGTATGTGGATAGCCGGTACATAAATCTGGCTCGCAAAAGCGAATTATTACAACATGAGCACGCCATGAACCAATTACGCAGACAGGTGGCGCAACTCTCAAAAGCGGTTGCGTGGGAATTGGAACAACATCACTCTCATCTCATGGAACTTCAACAGGTGGAAGATACTCTTACTGGTAAAAACCAGCCCGCACCCGCTACTCAGCCGAACCCGGAGCCAGCTCCTCCTAGTACCGGCAGATGGACTAAACAGCGAAACCACAATCACCGGTCTTTTCGAAAACCAGTAGCCGAACTCGTCGGATAGTTTTTCCCCGCTCAATGTTCATCACTTGACCCACGGAATTTCCGTGGGTCATCTCTGTTTCTTCCTCAGGTTCCTCCCAAAGCATCATTGACAAAAACTTCAGCCATCCTCCTCACACAGCCCCTCAAACAAGTTATTGCCCACTTTCCCTCCCCTGACGACATGATGAGGTCTCTCGAAACCCCAATGCGCATATTTTCCCATAAGCAAGAGAACCAGAAAAATCCAACTCAATCGGGAGAACTCGGATTGTGCGAACGCAGATTGGGTATTCGCCTATCGCACTGCTGTGCACTAACTACCGGCAACTTCCTCTTTCCCAACGCACGACCTCCCTTTTTCTCAACCTCCAGCCTTTTGTCAAAAATTCAGCCTGTAACCCGGACAACTTGTCCTGATTGGACAAGCACATCCATCAACAACTGGAAACATCCTCGCGCACAATTTATCAAGTTCACCCAGATAAAAATTTACTAACTTGGCTCGCCAATTCATTTTTTCGATCAAATAAACCTGCTCTGTTGTCGCACTTGGCCATACCTGCAGCTTATGAAATCCATAAAACCTTCGTACATTTTTTGCACAATTGTATTTCGAAACACTTGGCTAGGGTGGCTTACGTTCCGTTATCACATGTCCATGCTCTTTTACACACAGACCGGGCCTTTCCATAAGCCAGCGACTTTTCTGGCATCTCTTCTCCAATCAAGAAAGGCCCTGACCTTTCCTCCTGCCGACCCTTGGTTGGGCGCTGATACCACACCTGGTAATTCGCAGCAAATCGAGAAATGGCGAAATCTGGGTCGCCTCCTTCAAAGCTTTCGCCCCCCCTACAAAACCACCCATATTGTCTTCCTGGCCACATTGACTTTTTTAGGCTGGGCGATACTTGAACTGAACACTTCCTGGCTGCAATCCCATCTATTTCATGCAATCTCCGCTCAACTAACATCCGAAGTAAAGCCGGGACCCTCCCCACTCACCGTGTTTCCATCTTCAGGCCCCCTGGACGAACGGCGCGGGTACACCCGACTCCCCGCTAT
NZ_CP116968.1_gap66	2231572	2234972	3400	GCCGGGTAACGTCCGAGTCCCAATCCGAGCAGCTCGTTACGATTCTTCTCAAAGCTTCTCTTTAAATCTCGTATAAACAAGTTACCATCTTACGTAGGAGTAACCACACATTCAAACGCGTCCAGCGTGGCTCTTGCCGTCTTTTCCCAGGAGAAACGCGCCGCATTTTCATACCCCTTGGCAATAAGGGTTTGTCGGAGGTTCTCATCGGTCAACACTCGGACAATGGCATTCGCAATATCCGCTACGTCCAGTGGATCGACATACATGGCGGCATTGCCTGCTGCTTCGGGCATTCCTCCTGTACGACTGGTGACTAAAGGGCAACCGCAAGCATTCGCTTCGATATTTGGGAGTCCAAAACTTTCATAGTGTGAAGGAAACACTGTTGCGGCAGCGAGATTGTAAAACGCCACCAACTCATTCTGTGGAACATAGCCGGCAAAATGCACACTTTCCTTTAGTCCCAGAGTCTCAATCGCATTCAGGTCATTCTGGTACTTCCAGCGCATCCCTCCTGCTACGACGAGGTGAATGTTCATATCTTTTCTCACCGTAGAAAACGCTTCCAATAACCGGCCAAAATTCTTACCAGGGTAAATATGCCCGGCGAACAGAATAAATCGCCGTGGAAGATTATATTTTGCTCTAACAACCTCCAACTGTTCTGGATCACTGATGGATCGGAATATGGGGTCAGTGGCGAGATAGGCCACTTTTACTTTAACTGGATCAATACCCAGGTACGAAATGATATCCTCTTTTGCTCGCTTGGATACCGCAATGATCAGTGAGGCCCGCTTTAAGTACTGCGGGTAAACTGTTTTAAAGAACCAGAGATCCGCAGACTGATGAAATTCGGGATAAACAAACCGCTCCGTCCCATGAAGCACCATGGCCGTTTTACATCTTGCCAGGAACGGGATGGCGAATTTCGTGTGAAAGATCAAGTCCAATCCTTCCCGGTGGGCATACCTCGGCACCGCCCATTGATCCCACATCCACTTGCCTTTGGCAGGTAGGTACACTTCACGAACGCGATCCGTGCCCTTAAGCGAGCCGAGATGCGCCTTGTGAGAATACAGAATGTGATACTCGTTTCGTGCATCTAGATCCAACATCGAAGGAATGACGCTTCGGGTATACACCCCGATACCCCCGTTTTCCCCCCAGGTTCTGGCACATATACCTATCCTCACGCGGAGGCCTCGTCCGGTAACGTCACTCCGTGCTTGATGAGCAGCGCCTCAATTTGTCTGGATGACGACAGGTCTGCGGCTTGTTCATCTTCAAGGGTCACACCTAATATTTCTTCAAGCTCCATGATCAGGCGCAGATGATTAATGGAATCCCATTCGGAGAATTCCCGACGTTGCAGATCGTCAATATCCGTGGGGATATCCACCTGTAGGACGACTGACAGAAACTCGATCACCCTCGCATGTGTGTTTGACATTATGTCAGTCCTTTTTTTCATTATTTTTTGTGAAACGCTGCGTGGGATTCCACCTTGAGCTCGCGATGAAGCATCTTGCCGAGGCTGTTTTTTGGCAACGCGTCGACGGCCTCGACATAAAATGGGACCTTGTGGCTCGGAAGATATCGGGTACAATGCCGGGTCACGGCCTTAAGATCCGCAGACGCCCGATCCCGAAAGACCACAAAGGCCTTGGCGACCTGGCCGAGGACACGATGCGGCACACCAAGTACGGCTACCTCGGCGACTTCTGTAAGTTCCCGTATGCAGTATTCAACCTCCACCGGTGCATATTTCCTCCCGCCACAGTTAATGACGTCGGCTTTGCGACCGTGAAAGTAAAAAAGGCCGTGGGAATCTTTGTGGCCCATGTCTCCGGTTCTCATCCAGCCTCCTGGAGCAAATAACGCTTCTGATTCATTGGGGAGGTTATGGTAGCCATGACACACGTGCGGACCGCGCACAAAAAACTCGCCCTCAATCCCGTCATCGACAACGCATCCGGCATCGTCGACAACGAACATTTCAACACCGGGTATCGGAACGCCAATGGAATCTGGATGCTCCCGAGCCATGGCGTCGGTTAGGATCGTGCAGGTGGAGGCCTCCGTCAGGCCATAGGAATTGACCAAATCCACCTCCGGGAAACGCGCTTTGATATCCCAATGGGTTTTGGGGTCGATCACAGCGCTGGAATTCATCAACAACCGCAAAGATGGCAGGTGATCGGCATTAAACTCCGGATAGACCATCAGCATTTTAAACGTAGCAGGAACCGCACGAAAGCAGGTCACAGCCTGCCCACGAATTCTCGCCAAGAGGTCCGCAGCATCAAATCGCTCCACCAACACAATTCTGCCGCCCACCTCAACCATAGGTAGCATTTGGCTGACGAGGGCGCTTGAATGACTGAGTGGCATAACAATCGCAATAACATCGTCGTGCCGATAACCGAATGCTCGTCGTGCATTTCTGGACGCGGCTCTGGCATTGGCATGCGAGCGCATGGCACCTTTCGGATTGCCTACCGTTCCTGAGGTATACATGAGTTCCGCGATATCATCAGAAGCGGGAGACAATTCTACTGTCCCCGTAATGTCAGAAACGGCTGGACCTTGCACCCAGGCATGAAAACTTTCGACATTGGCCCCTACATCCCCAATAGCTATGACACGTTCTAATGCAGGGAGAACATTCCACACGTTCGCAAATTTTTCCCAAAGCGCCTGGTGGACGATAGCAAACCGTGCACCGGAATCCTCAAGGAGAAATCGGATTTCCTCAGGTTTAAGACGTTCATCGATAGGATGAACGATTCCGCCAATTGTGGTCACCGCAAAATAGGTGAGCACGAACTCAACGCCATTTGGCGCCAATAGTCCCACGACTTCTCCGGGTCGGACTTTCCATTGCCGAATCAACTGGCAGGATAGGCGACGTATACGCCTGGCGAGTTCAGCATACGTCAGTTGCTCCCTCTCCGTGATGAGCCCGATCTTTTCAGGCCACAGACGTTCCGCCTCAGACCAAACCATGGGAAGTGTGTTCATCCTTCTTTAACCTGCTTGCGTTTTTCGACCACACGAGCGGGGTTACCCAATACCACGGTCCAAGGCAGCACATCTTTAGATACGACGGCGCCCGCACCGACAATGCTGTTTTGGCCAATGGTCACTCCATCAAGGATCTTCGCACCGATTCCAATCCAGGCCCCGTCCTCCACCACAATCCCCTTCGACACCCGAGTCTGATGAATCACAGGCGTATCGGGATCGTCATAGGCGTGGCCGCCACCGAGCATGTACGTGCCTGCTCCGATCGCGACATTGGAACCAATTGTCAGATGACTGCGGGAGACCAAAAAACAGAAGGGCCCAATGGAGACGAAATTGCCGATCGATATCGCAGAGTCATTACAACTGA
NZ_CP116968.1_gap67	2238745	2239765	1020	TGGAAGGGGATGGACCAAATGCGGGGCAATCCGCATCAGCGCCTTTTGTTCATGTAACGATTCCCGCATTCGCGACAAATCCCCATGTTGTAGGTAGCGAAATCCTCCATGAATAATTTTCAAGCTGTTCGCCGAAGTCCCTGAACCGATATCACCTTTTTCAAGCAGAACAACCGACAATCCACGGAGGCTCGCATCCCACGCCACACAGGCACCGTAAATTCCTCCTCCCACCACCGCCACATCATAACGGGAATTGGCTAAACGGGTTAAGTTTCTGGTCATCATAACGCCTTAGAATAAGAGATTAGCCCGTTTAAGAGGACCCTGAAGGCTGTTGTATGGTCTCACGGAGATGATCATACGCCGCATTCAATTTCATTCTAAATGCCGGAAAGCTGTATTTTTCCTCGACCAGTTTTTGGGCTGCCAGGCCCAAAGTACTTCGCAGGTCTCGGTCATTAATAAGCTGAAGCATCCCTTCGGCAAAAGGTTCTGGTTTTGGGTCGGCCAACATGGCTACTTGACTATTAATTACCTGCGTATGGGTTAACAAATTCGTGGCCAAGATCGCCTTCCCACTGGCGAGATAGGAATACAATTTCATCGGAGTATTGTTCCCTTTGATCCTTGGTGATACCAAAATATCCGCCTGGGATAGGTAAGAAGCCAATTGGTCAAGGGGCCGCGGTCCCAGGAAATGAACGTTTTGTTCAATACCTAATTTGGCTACCTTGTTTTGATAGAAACTTCTATCGTCATTTTCCCCGCCAACCACGAAAAGGCTGATCTGTGAAACCTCTCGCAAAGCTAAGGCAAAGCTATCCAGTAACAAATCGATTCCTTGATAGGCTTCGAAATTTCCAACATATAAAATTCGTATGCCCGGAGCCTTGAGATCCTCCTTCGCCATTAAGAAGGAATCTGTCGGTTCCCCCAGAAGGGGAACGTCTTCAAGCAGCATAATTTTGGCCGGGTAATACGGTTTAATGCGCGTCACTAAGGCTTCACACACAGGCA
NZ_CP116968.1_gap68	2245107	2249738	4631	GGCAAGACGGGCGGGCCATCCAGAATGATAAACCGATACCGGGATATCATCATCTCCAAAATAGTAGAGAGATTTTGCAACTTGGCAAGAGGGACTGGATAAGTACCGACATTCCCCACCGACATACACCACAACGGCATATCAGGAATTTGTTGCAGACAGGCTTCTAAGGGTTCAACCCCAGAAATATATTCTGCAACTCCTGGCTCCGGATTAAGGTTTAAAATTCCATGAAGATTGGGACATTTAAAATCACAATCAATGAGGAGGGTCTTTTCATCCAGATCCCGAGCCAGGGTATAGGCGATATTTGCAGATGTGGAGGTTTTGCCCTCTCCCTTCATTGCACTCGTAACCAACACTACCTGGTGGGAGACGCTGGTATCCAGAAGATCCAATCGGGTCGCTGCGACCCGGTACTGCTCAGCCACAATAGATTGAGGGCGCCATTTTGTCACTAAATTTAATTGGGGGAGAAAAGCTCCTTGAGACATTCCTAAGCGGTACCCAGAGGTCCCACCATTCCCTTTCACCTCGCCATTATTCGGGGTATTATTTCTGAGGAGGGAATCGACGGACTGAGAAAATGCGAGGTGTTTCCCATTCGCACCTTTCTGGGTTTCCAACTCGCTTGCGACCATTTTCATTGATTTCCCATAGGCCATATAAAAGCTTGGAATAGTGGCCAGCATTTCAAGCCCTAAGGACACCTCTGCGTCTTCGGAGCGACGGAAGGTTGGCGAAAACAAATCGAGGAGGAAAGCAAGACCAAAGCCCAATCCAGCCCCTAAACCAACCCCACCAGCTGCAAGGAATTCCCTTGGCACCCCCTCTGGTTTGGTCGGCAAATTGGCAGGATCCAGAATGCGAAAACGTTCTCCCTTTTGTCGTTTGTCGAGATTTCCAGAAATTCTGGCATTGATACGATTTTCATGTAAACGTTGATAATGGTTCTGTATATTGTCGTAGTCTCGTTCAAGCGCGAGCAATTCCTGTTCATGATGCGGAGTGCTTTCAATCCGCTTCTCATAAACTTTCATTTCTGCAGAAATTTTTGTCAACCGATCACGTAAAGTGACCAATTGAGATTTCAATTCTTCACGGGTACCAATTAATTCGTTCAAATACGGATCAAAAATAGGCTTATTTTTTTCAACACCTGGTGATTTATCTTTCTTAAGAGGGGATTTTTTAAAGCTAGCTAGTTCCGACTTTTGTTTTAATTGATTTTCAATATTTTTAATTTGGGTTTTAAGAGAAATCACATCTGGATATTCAGCGGTATATTCTCCCAACATATTAGTCAATTCTTTTTTTAACTCTGCAATACGTTTTTCCAATGGGTCCGGGGAGAACACTTCCTCACCTATTACCGGGGAATTTTCAAATTCATTTAATGCCCCTGCCATGGCCTCATAATCATGAGTGGATTTTTGCAAAAGATCCAATCGGGAATTGATGGAATTCAGGGATTCTTGAATTTGGGTTTTTTCGAGTTGCAATCGGTCAAGTGTCCTAAGATTAACATCTAATTGGCCGGGTAACTCCCCTAAATACTTCAGCTTGTATTCCGACAATGATTTTTCTTTTTGATCTAAGGCCTCCTTCGCCGACACAAGTTCTTGGTCCAAGAACTCCATAGCCCCTTCAATAAACTGTTCACGAATCTTGATATTTTCATCGATATAGTGAGAAGCCAACCTCGCCGTGACCTTCATAGCGATCATCGGATCATGGTGCGCAAAAGATATCGTAAAAGCTTCGATTTCTCCCCCGTTCCCCTTGGTTTGAATCCTAATGTTTTTCCGCAAGCCTTCAGTCACCACTTCATACCCATCGGACTTTATGGCCTCAGAAAATAAATGAAATTCATCCACGACTTTTTGAAGGTTAGTCCGGCTTAAGACCTGCTGGGTCATAGTAGCCACTCGTTCGGCTGTACTGCCTGCCACTACCGACGACACATATTTTTCAGGAATTCTCTGTTGCTCGATGAGGATAACCGTCTCTGAGCGGTACATGTCCACTTTCAGCCAGGCCACAATTCCGCCAACAATTATACCCAAAAACAAAAAACTGAGAATCAGCCACTTTCGGCGAACCGCCAAATCCCAAAAATCCTTGAGGTATTTTTGGATAAGAAGTGCGGGATCTGTATTAGTGTTCGCTGTGGGAGTACCAGCCATGGGGCTTATGATATTCCTCTAGGTGTTAAGGTAAGTGTAAAATTTCATGATCGACTTAACCCATCGCTTTTGGGACGATCTCCCGATTTTACGGAACAATGACAGTATCACCCGACTTAAGGGTGAGGTTATAGACCCCACCATCTTCGGAAATTAGGTCGGAATACCGAAGAGGGATACGTATTTCATTTAGCTTGCCATACTCATCTTCAACGTTTCGGATTACCAGGATGTTATTTCGGGAGGCAAATTGGGTAAACCCCCCGGCTAATGCCATTGCCTGAAGAACCGTTGTATAGGATTTCAACGGCAGTTTACCCGGCTTTAACACTTCGCCAACAATAAATACATAGTAACTATTTACCTCTATCACATTAACGGACACCGAAGGGTTTTCTTTAAACGCCTTGTATTTTTCAACAATTTTTTCCGCTAATTGATCTGCAGTCAACCCACTCGCTACCACATCCCCTATTAAAGCCAATGAAATCTTTCCGTCCGGCCGGATTACGACTTGCCTCGATAATTCAGGAGTTTTCCATACGACCACTTCAATGACATCTTCCGGTCCCAGCACAAAACCTTCGGCTGGATGACCAGCCGGTATAATGACATCCGGCTTGAAACACCCAAGCTCTACGAAAATACTAACTAGAAGCAAAGTTCGTACTATGACCTGTGCGTATGAATATTTCATGAATCTCCAAGCGGCTAATATCGTTTCTCAAATATCCCTATCGGTAAAAATCTAAGGAATAAAAGTAAACGAGCAAATAAACACGTCTGGTATTCTCCTCCTAAATACCCACTCAAATTCCTAAAGGTATTTGATCCCATCGAACCTATGGCAGGAATATCTGAGTTTGTGAGGGGACCACGATGGTATCACCGGGTTTAATTTCAATATTTTCTCCATCCCTCAAAATAATATCTTCATAATTTACGACAATTTTTTTCGGTGCCTCACCATTAATTCCTAATCGAAAGATCGTGATTCGACTCCTGACCGCATCGGAGCTTAATCCACCGGCTAGACCAATAGCTTGAACAAGTGTGGTATGGCTTAAGAGAGGTATTTTTCCGCCCCCTCCCCCGCTCTGCCCCTCTGCACTTCCGCCCCCTCCAATGGCCCCTTGAACAGTAAAAAAATAACTCTTTATAGCTTTCACAATTATGGCCACCGTAGGATTTTCCTTGTAAACTTTCAGCTTCTCCGTGATGTCATCACGGAGTTCCACCGTCGTACTACCCACTGCCATCACCTCTCCGATAAGTGGAAGCGATATTCGTCCGTCTGGGCGAACCACAATTTCGCGCGACAATTCGGGAGTTCGCCAGACACTGACCTCCAAAATATCCTCTGGGCCAATAATATATTGGTCTGTGACAATCAACGCCCTTTTCTCCGCACGACTTTCTGCTCGTTTTCCCTCTTGGGATTCCGGACCAAAATTTGAGTCAGCAAAAGTCAATCCCGCAAAGCCCATGTAGAACAAACTGACCACCAGTAAAACGAACTGGCCACTTCTAGGATACGCAATCCGAATCATGAGGCACCTCATTCCCCTTTAAAGATACCCTCGCACTTGTAATGTTAGGGATTAAAAATAAATTAAACAATAAGATTACATTCATTAGTTGATCTGCATGTAAAACTAATATGGGAAGGAAGAAAGCTTTCATTGTAATTTAGATGGTAGAAGGATAAAACTACAACGATAGCAATTCAGTTGAATAAGGTATATACCAAATCTGTCTGGTTGAACTGAGTGTGGAGTCATTGCAAGGAGCCTGGTCGGCGTTTTTGGCTCGTGGAGCTTCCTACCATAACCTTTGACCGCCTCATAATCCCAATTCCCTTGCCGGTAAAATTCGAGCAAATTCATATCCCATTTAGGAATCGATTCATTTACATCCACCTCCCTCTTGAGACTAGTTCCCAGCTTGATCAGCCTAACCGGCTGGCATCCAGAATACGTCCAATTAACTATACAATCGGTAGGGATACCATGAAAATTAAATAACGATATTCGAAAATCGCATTTAAAGTATACTCACATGGTTACAATTAATTGGAGATTAAGAGAATCCCCTATGAAGTTGGCGTGCTCCTGAAACGCAAGCATAAAAATAAGGCTGGAAAACTTCCAACTTCAATAGGACACACGATTGGTCCTATGAAATTTTTAATTGCTGTTTGGTTAAACGAAAGGGCAATTTGCTGAAAGCCATTATTAAGACTGGATTTCGAGCGATTGAGGGCGTCTTCGTTCGATATGAACAGCGAATGGTGGGGTTGGCAGACTTCTGGTTTTTCTTCAAATGAATGCTATCAACATCAGCAAGACGCTGTTCGCTCAACTCATAGACTGCCTACCACGAAAGACTTTATACCGTATCGTCGTATACTTCCCTTTTTGAAAGTGAGACACCTTTACCAATAGT
NZ_CP116968.1_gap69	2299753	2303633	3880	AATATCCCGTTCAATCAAGGAGTGGCCAATCAGGTTTCCATCCACGTCCAGAATTGGAGAAATCGTCAAGGATACAGGAAACACCACACCCTCCCTTTTCATTCGGAGGGATTCCTGAAGCGTCGCCCCGGTTTGGTTTAAAAGAAAGGCTAAGTCTGAAAAGATGTCCTGTCGTGATTCCGGAGGAAGGAGAATGGAGAAAGACTGATCCACGATTTCGGAGGCAGCATACCCATACATCTTTTCCGCCCCATTGTTCCAACTGGTGATCATCCCGGCCCTATTGAGACTATAAATGGCATCCTGAGATGATTCCACAATTGAGGCCAATCGTCTCAGATTTTCCGAAACGTGTTTTCGCTGTTCAATTTCTTTCTGAGCGGATTGGTATAAACGGGCATTATCGATGGCAATCGCAGCCTGCGAAGCAATACCTATGAGAATGGCTTCACCCGTTTGGGTAAACATGTTGGGTTGTGAATGCCCGAAAAATAATCCCCCCAAAACTTCTCCGGAGCGGGATACGACCGGGACCGCCAGATAACTCTTGACGGGAAGATGCCCGGGGGGCATTCCGTGATAAGGAGGCATTTGTCCATATCGAGGGTCGGCCGTCACGTCGGCGATTCGAACAACCTCATCCCCAGAAAATGTCGGAGCGAAAATAGGCGTATTTCTCGGCATGGGAAACCCATCAAAGGCTTCGCGCGGAACACCGGAGATGGTATATAAGGCATAAGACTCTCCCTTTTCATTCACCATATTATAAAAAAACGCCCCGAATTCCGCTCCCGTTAATTCCCGACACGCATCCGTGACGGATTGAACCAGTTTTTCTAAATTCAATTCGGCTGCCAACGAACTGCCGATTCGATTCACCACCTCCAGCGCATGTTTTTGCTGCAGAAGCCGTTCCTGAGCCTGCACTTTTTCAATGGCAATGGAGGCCGAATGCGCAAGAAATTCCAGATACTCTTTTTCTTCAGTGGAGGGTAACCGTAGAACAGGAGCATATAAGGCAAAGGTGCCGAGGACATGCCCATCACTCGCGAGAATCGGCGTAGACCAGCAGGCCTGTATCCCATGTCTCCCGGCTAATTCCTTAAAATGCACCCAATTCGGATGCTCGGAAATGTTTGCCACATACACAGGCTCTTTGAGATAGGCTGCTGCACCACAAGATCCTACCTCCGGACCGATTTCCAAACCATTTATTGCTTGACTATAGCTCTCGGGTAGAGAGGGGGACGCAGCATGACACAGCCGACATCCATCCTCCAGCAGAAGGATAGAAGCCCGAACACCGGCCTTAAAATATTGCTCAATTTCCAGGCAAAGCTTTTCCAATATAATGGAAAGAGGGTTGCCGGCAATAATATTTTCCAGCACGTCGTTATGGCGTTTGAGAATATATTCGCTATGGAGTAGTGGCCCGCTGTCGCCAAACGTCATAATTGCGCCGATCACTCTCTGGTGTTCATCTTGTAGCGGGTGGGCACCGAACAGGACCTCGGCAAACGTTCCATCCTCTGTTGTCAGGCAGACGGCTTCGTTGTGCAATGATTCTCCGGCCAGAATTCGTGAGAGGTACTTTCTGCTCAGATTTGCTGAAGATCCAGCGGAAGGCTGCTTCATCCCGTGCGGAAGGGATAGATGAAAGATTTCATCAAATGGGCGATTCAAGCATTGAAGGTGATAGTAACGATTGACCGCATGGCTGGCGCGAATGATGTTTCCCGACGTATCGCACACAACCAGGGCTTCTTCAGCGTGAGCTAAGACTCCGAGGAGAATACGTTCCTCGAATCCTACGCTCTCACATTCCTTTGTCTCAGGTCCGACGGGAGCCATGGCCAAATCGGTGGCCTGGCCCGGCAAAATTTCTTCAGACTTGGTATGGGAGGCGTTCGGATTTTCCATCGGGTTCAATTTCAGGGAAAAATTTTATCCAGTCGAATCCTTATGGATCCCATGACCAGATTTGAGATTTTTAAGTGAGTTGAGAAACGGCCTGAAGGTTCTTACTGCTGAGTTTTGGCATTTAGGCACACCACGCCCTTCTCCTACACCAGGATCAAAAAACGTCTGCCATAAAAATGTACTTCCCATTATTTCAGTTTTCCGATGAATGGGAACCTATCAAAAACCCTTGACGGTGAACCTCAAAGCTAGCGAGGGGAACAGATTTACCATAATACATTTCCATTTTAATAGAGGTACCCAGGGCCTGGAATCGGTGAAATGAACGCTACTATATAGATAACCATTTATGAAAAATGAAGGGGGAAGGAATGAACACTCCCTAGCAATCCAACCATAGAGAGACTGGGCATGGCAGCCGAGGTCGCCCGGATTTTCAGGGGAGCGACCGCCGCGGCCTGCCCTCGAAAGTTTTTCAGGGGGCCGATTGTTCCCTGGAGGAGGATGCCTTGGGATATTTTAAATTAGAGTGGTCTCCTTATAGGAAATCACTAGCTATATATTGATATTTTTCGTTATAATCGCTCATTATTTATATAGTACATATTCTTAATGTTTTTTCATCCTCATATGCATACCTTTTTTACCCAAAATGGCGTATCTTGATAGACTAAACCTCTCAATTTTCTTTCATCCTTAAGTGCGGTGCATGCGAAGAAGTTTGCGAAGCTCGGATCTTCGTTCTTTCCCCCAAGTGCAGTGTCTTAACTCATTTTGGAAAGCCTTGTGGACATCGGTTTGATTGTGGACTGAGAGAATCAAAACGACTGTACATCAATCGACGGATGTTCCCCTAAATTAAGGGCATTTAGAACCAGAGCAACAAAAAGTTGTTGCTCCATTTCCTGAATTATTATAACTATCACCTGTGTGGACTTGTTAAATAAATATAAAGCAGGGGGCAGGGAACCGGAAGATAAGAAAGTTGCATAAATTTAGGTTTCCACTTTTAAGCGAGCGATGCTCAGAAACGCAAAATTAGGAATAGGCGATGTATTTTAATTTTTTCGGGTTACGGACCAAACCATTTAACACCACCCCGGATCCGGATTTTTTGTATCTCAGCCCCGGCCACAAACAGGCGTTGGGTTCGCTGATCTATGGAATAAAGGAAAAAAAAGGATTTATTGCCGTCACCGGCCAAGTTGGTCTTGGAAAAACGACGATTCTCCGATCGTTTCTGAATCAAAATCCTCAGGCCAATCAGGAAACGGTATATCTCCTCAATCCTAACCTGTCATTTACCAACTTACTCAAGACCCTGCTGCGTGAACTGGGACACACCCCCATCGAGGGGGACGATGCCGAAGTGTTGGAACAACTGCATTTCGTCCTCATAGACAAATACCGGGAAGGCCGGACCGTGGTGCTCTTGATTGACGAAGCGCAAAATATGCCGGTGGACACATTAGAACATCTGCGGATGTTGTCAAATTTGGAAACCCCAAAAGACAAGCTCATTCAAATTGTGCTCTTGGGTCAACCGGAATTAGATGCCCTTCTCGATCGGTATGAACTCCGGCAGTTACGGCAACGCATCGCCGTACGAGCCATCATTCAACCCCTCTCCAAGCCGGAAAGTTTTGAATATATCCGGCATCGGTTGGACAAGGCCGGAGGGGAAGGGAAAAAGATTTTTACCAAATCGGCCACAGCCCTAATTGTTCAGGAAGCCAAGGGAATTCCCCGGCGCCTGAATATTCTCTGTGATAATGCCCTGGTCACCGCCTTTGGGTACAACACAGCCTTGGTGACAGCTAAAATTGCCAAAGAGGTGATCGGTGACCTGACCGGCCGACCCGCTCACTCGCTCTGGAAATTAGTCCCCCTGATTGGCTTGGCTCTCATCCTTGTCCTTGGACTGGTCGCGCTCCTGCCCCTGACTGAGTCAAAACTTTCG
NZ_CP116968.1_gap70	2312964	2315291	2327	CCCACAAGCGATCCTTGCTTAAAAGACAACAAAAAGGCAAAAACAAAACTGGCGACAAGCGTGGCCCAAATGCCCCGTTGAATAGGATCGTGCTTTACAAGACTATATGCGTTGCGTATTGTCCGAATGGATACCCATAAAAGTCCAAGAAAAATTCCCAAACCGAAAATTCCTTCTTCCCCTAATACTTCTATCGGAACCATGTGCGGATAAAAGCCCACAATGTTACCTGCAAATGAAGCCGAATTCCCGAGGCCCAAAATAAGCGCTGCAGGATCGCCTGATGATGCCCTCCACCAATGATGGAGTAATTGCGAAGCCATTTGAACCCGTCCCTCCCAATCCGATTGAAATGTAGATGACGACCAACGGTCCTCAATTGCAGTAAAGGAATTGAGAGCATAGAGAGACAGTGAAGCCAAGCCTATCCCCAGAAGAGCCCAAACCACATATTGCTTCAGGTTGGATACTGGTCTGCTAAAGGGCAAAAACACAAGCGGAATAGTGACCATCAGGATAAATTGTCCGCGAGTCTCAGATTTCATTACCAGAATGATACTTGCTACTATCGCGATAAGTTTTATTCCCGTCCATTTCCAACTTTTTTCATGATTGAGCAAGATCGCCGCCAATGTGACCAACCCTGCCATTTCAGGGAATGCCAGTGGATCCCAGATCGTTTCGCTGGGATCCCAAAATGTCCCAATGAACCGATTGTCCCAATCCACAAATAAATCAACGAGAGTCGCTAATACAGCACCAAGGTATAGAATTGCAGATAAACCATCTTGTAAATCGGTTGGGTGTCGGAATAACAATGGTAACAGGAGCACATTAAGGACCATATAGGGCCAGCTGTAATTCCACTGCTCCATCCCTTTTTCAAATGCCGGGGACCAGGAGAGGGAGATTGCGGCATAAAGAAACAGGCAGATCGTTATTATCTGCACCCAAGGGAGCCTTTGAGTCGGCCGAAAGGCAAATGGCTGAGCACGAAATATACCCAGCCCAACCAAGGCAACCATGAACAAGTTGGTGAATTTTTCATAATGGAAGAAGAAGGGGTGGGCCATCTGTCCCCAGAAATCAAGAACCTTCACGCATATCAGACTGGCCAAAGCAATCGCTGGACGGAGCCAGGTTCCTACAAGTAGTGCAATGAGGATGCAAACATATATACCGAGGGTAACCATACAGTCAGCTTAGATAATCTCAATTCGAAATAACTGCGGAATAGACATCGGATCTAATTCACTTGAAGACTGCGTAGATAGAGGATAAGTAAAGTTTGAGGTCATACTTATGAATGGCATTTTTTCAGGAAGGCTGATTTGGTTTTTACCAATTTTCCTGTATGGAATATCCTTCCCCTTCTGGAGATGGTCACACTCAATACACGATTTTGATTTCAAAATTTTGAGCTTTAATGCCTAAAACCTTGGATAGAACTAGATTTCCTTGGGCTCACCCCTCAACGGATTCGACCAGGATTCTTGAAAAGTTTTCCAGATTATGTGAGGCGTAGGCTAAACGGCCGTTTTCCCCGTATTGTTGTGCGATGTTGACATTCCGACTTAGCTCTCCAATGGCAGTGGCAATTGCCGTGGCATTAGAGGCAGTCACAACAATGCCGGAGCTGAATCGTTCGGTTAAAAACCCGATTAAACCCTCATCACTCGCAATAACCGGTAGTCCCATGACACCCGCTTGCACGAGCACCCCGCTCATGTGGTAATGCCCTTGATAGCCAAGCCAAACCACATCAGCAGCTGAGAATACCATATTTTCCTCATCCACACTTAGATATCGGTTCATTTGATGAATCCGACCACTCATTTTTAAATTATTGGCCAACGGAGACAAAAGAAATTTCTCTACTTCTTCATCCTGCTTTCCTGCCAACAACAAGCATCCTTCGGAAGGAAAGCTCCGGTCCTCCATTGCCCGTATTAAAACTTCAATCCCTTTACGTAAGGATAGCGCCCCGTAAACCAGGACGATGAACCCATGTTTCGAAATTCCTAATTCCTGCCTTGCCTGCTCTCGGCTCATTGAACGTTTTGTTTCCGTACTGTCTGGAATAAAAACCAAACGGGAGCCTTGAAGGAGCGACAGATTTTCAGTGTACTCCTTCAGTGTCACATCAATCGTAAATAGGGCTTGCAGGAATGAATTCCGAAGGAGTCGAAAAAACAATCGTTCTTTAACCGAATCCAAACTACCAGGGGGAGCTTTGACACCACATGCAGAATGATGGAATCCTGCCCTCATTACGAGCCCCGCCCAGGGGGTTTTGGCAAAAGGCGAACCGAGAATCGCAAAGGCGT
NZ_CP116968.1_gap71	2328169	2329295	1126	TTCGCTTCGAGAATGGCGTCTCCGTCGCCCCTTGATGCCAATCCAATCTTCCGTAGATCAGCATCAACCATGATTCTGACTAACTCTTGAAATGTAATGCGGGATTGCCATTTGAGAGAGTCTCGAGCTTTTTCTGGATTGGCGACCAAAATATCGACCTCCGTGGGCCTAAAGTATTGCGGATCTTCCTTAACAAAATCCCGCCAGTCAAGTCCTACATACCCAAACGCTTCTTCTACCAATTCCCGAATCGTATGGGTTTCTCCCGTACCAATGACATAGTCGTTGGGTCCGGCCATTTGCAACATCTGATACATCCCCTCTACGTATTCCGGAGCATACCCCCAGTCACGTTTGGCCTCGAGGTTACCCATATACAGATTTTTTTGCTTGCCGGCTACAATATTGGCCACGGCACGGGTAACTTTGCGAGTGACAAATGTTTCTCCCCGCCTGGGGGATTCATGATTGAACAGAATTCCATTGCAGGCAAACAGATCATGACCTTCTCGATAGTTTACCGTGATCCAATAAGCATAGACTTTGGCTGCACCGTAAGGGCTACGCGGATAAAACGGGGTATCCTCAGACTGCGGAGGAGGGGAATTGCCAAACATCTCACTTGATGATGCCTGATAAAATTTACAGGAAACCTGGCTTCGCTTGATGGCTTCAAGAATTCTCGTCGTCCCTAGCGCCGTGACATCACCAGTATATTCCGGAGTATCAAAACTCACTCTCACGTGGCTTTGGGCACCTAAATGATACACTTCTTGCGGTTGCGTGTGATAAATGAGATTAGTGAGTTGTCCAGAGTCACTCAAATCTCCATAGTGAAGAAATAACTGGGCATTAGCCTCATGAGGGTCTGTATAAATATGGTCAATCCGACTCGTATTAAAGGTGCTCGCACGTCGAATGAGCCCATGCACTTCATATCCCTTGCTGAGGAGAAGTTCAGCCAGGTACGAACCATCTTGTCCAGTAATACCGGTGATGAGCGCTTTTTTTTTCATGAACGTTCTTCCTATAGATCTCATGTGATGACTATGTCGCGCCGGTTCTTCGGAGAACCACGGGAATAGTTTTCAGCAAAATTTTCCAATCCAGCCACAACGACCATTGG
NZ_CP116968.1_gap72	2474753	2478191	3438	CATCTCACTTGAGTTTGACGAGCGTTATTCCCTTCTTGCCGACTCACTTGTCTAAGCTTCTTATGTAGGCAATGACATCGGTCATTTGCTGCGATGAAAGATCTTTTTCCCAGGCCGGCATTGCTGTGCCAGGCTTCCCTTTAAGAAGGATATTCATCAGTTCGTCGTCTTTTTTGTTCTGGACCTTATCACTGGACAGATTGGCTGGAGGGGGCTTAAGAGCCATTCCCACAGGTCCATCGCCCTTCCCTTGTGCACCGTGGCACACCTGACAGAATTGCTGAAATACCTGCTTTCCTTTTGTGCTATCCCCGGTCGCACTCTGCACTGCACTAATAGAAAACATCAGGCTAAGCCCCAAACTAACGAGTAAAACGATGAAGGTGTTTTTGGGTGTCATGTTAATTCTCCTCAGCATCGAATGAATGATCATTGACGAATACGTCTGAAGTTCATATACGGGTGGCCCGTTCACAATGCATAAACCGCCGCGCGTTTCTCCCGGCATCTTCTGCTCCACGTTTCAACAACGCCTCGATTGATCCGGATAACCGTTTAATACATTGCCGGGGGGGGATTCCAATTTTGGACCGTATAAAAAACACCACAACACACGATCACAATAGCGACAACAACAAGCCATACGGGCATTATACCATGCCTCTCCTGAATGCCGGAATGCCGATACTCGTACTTTTCACCATGTGCTTCATCACCACGGCGACCTTCGGTGAAATTCACGGAATCACCTTTTCGTCTTTCGTTTTTGGCTCGTCCCCCATGTACCCGTCCTTGTTAACTGGCTATAGTTTTTGGTCGTTTTCAGAGATGTGCGGCTTTGTTCGCACCACTTCAGAATCAACAGCATTGAGGTTTCCCGAGTTCAATACAGTCGCCCACATTTTTCTTCTGGCCTCCTCCATGTTTTCAATCTTTACGCCGGCCGCTACCAATTCACGTTCATGGGTTTCGACACGTAAAGACTGAACATAATGAACGATATCCCAAATTTCAGCAGAAGTCAGTTGGTCCTGATAAGCCGGCATGGGCCCCCCGCCAATTCCAACCAATAACGTCTTGAAAATATGCTGGCTCCCATGCCCCAATTTCACTCCACCCGAAACCCCTGCAGGAATGGTCAAATTGGCCGGCTTGATGGGTTGCTTCCAGAAGTTCTTGAGTAAGCCGGACAGTGGTCCATTACCTTTCCCTTCGTTTCCATGGCAAATCATGCAATTTTGGAGGAAAAGCGATTTTCCCTGTTCCAGTGATGATGCTGTGACTATCGGTTCAGCCGGGACTGAGACGGGTTGAGGGATTTCATTTTTCTCCCAGCGATCTGAAAATGTTTTGATGTATTGAATGACCGCCAACCGTTCACGCTCCGATATCATGTACCAGGCAGGCATTGATGTCCCCCACAGACCATGGGTGAGAGTGGCGAAAAGGTCTGTATCGGTTGGGAGCGCGTCTACTCCGGGCGTAGATTTAAATTTGAAAATGCCTGCGATGAAATTCCTGGGCTTGGGATTCAAAAATTCGGCTGCCGGACCATTTCCATCTCCCTTGATCCCGTGGCATCCCGTGCATCGCCGTTCGTAGACATACGCCCCTAACTCCAACAGATCCTTCCTGGCCTGGGGTGTGACCTTGGCCGGATAACTTCCCCCCGCCTGAGTCGACGAAAAGCCTTCACGCCAGTCTCCGATCGACGTTCCCAGCCTTTGAAGGTACGCGACAAGGGCTTGCCCTTTTTCGTTTACTTTTGGAATGCCTTCCTCAGGTGGTTCAAACAACCAGGTGTAAGCCGGCATGATTGAATCGGCCACAACGAATCGAGGATCCCAGAGGTGAGCCACGTGCCAGTCGTCCCCATACTTTCTCCCAATGCGGGAAAGATCGGGCCCGATTCTTCGAGTGCTGAAAAGGTGCGGCCGATCAAAGGCATATTCGCCGGCCTGGGCTATGGGGCCCCACCGGTCCGAGTCGCCGCTAACCGGCCTGATGTATTGGGAGTGGCAATACCAACACCCTTCCTGGATATAGACCTGCCGGCCCTGAAGTTCTAATGGGGTATAGTCCGAGACCTGAATGCGTTGCTCGGTGACTTCATCGGCAACGGTGGTCTCAAGGGTTTCCGCCATCCTCATGGGAAGAATTCCTTGAATGATCACGGCGAAAGAAAAAAACCCGATTCCCGCCGTGACGAAAACGGTGGATGGGGTTTCCAGCCAATTCGGTTTGTGGAGCGGACGAATCGGAATGGCATCGGGTGGCTTTGCTTCAGATTCACCCTGCTCAATCGGCACACCCTCCTTTGCCGTCTTGTAAAAATTCCAGATCATGAGAAAGGTCGGAAAACTCATCGTGATACCGCCCACTGTCCGGGAGATCCACCATGGTTTCATCTGATTCATGGCATCGACAAAATTGGTTCCGTTCGCGAGCATAAAACCTTGAATCAGGCCCTGAGCGGTAAGCCCGAAGGCCATAACGACGAAACCTACGATTCCAAGCCATAAATGCCAACTGGCTAATTTGTCGCTCCAAAGTTTCCGACCAACAAGATGGGGCCAAACATAATACAGCGATCCTATTCCCCACAGAGCCATCGCCCCAAAGGCCGTGAGGTGAGAGTGGGCAATCACAAAATCATTGAAGTGGGTCACCGCTTGGACACGACGCAGTCCTTCCACTGAGCCCTGTGTGGTCCCGAGTAAATAATAAAAGGCGCCAAGCATGAGAAACTTCGCCGCATAATTTCCCCCGCCTCCCCGACCAAGCACCTCCTTCCACCGACCCTTCATGGTCCCCCAAAAGTTTGCGGTGACGGAGAGCACCGGGATGATCAGGAGCATGCCGGTGGCGATGGCAATGGTCTGCGTCCAATGGGGGATGGGGCTGTAAATGTAATGGTGGGTCCCTACGAAGGGATACACCAGAGCCAGAGCCCAAAAACCCAAAAGCGACAATTTATGGCTAAACAATGGACTGTTTGCGCTGAGGGGAAGAAAATAATAAATCATGGCCAGACCGGCTGGAGTCATCCACAGTCCGACCACATAGTGAATATACAGACCATGCATGGCCGCGCTGTTGACGCCCGTAATTTGGCCATATGGGAGAAACGCGTTGCCGAGGACGAGATTAAACAAGGTCCAGGTCAGAGCCGCGATCGTGTACCACAGTGCAACATAGAACCGGGGCTCGGTCCGGCGATAAATGGTCCCGAAGACTTGGATGGTGATGAGGAAGAGGGCGGTAAACCGCAGAATGTTTAGGGGCCATTCGTATTCCGCTACCTCCAGGCCGAGATTGTACCCCATGAGAAGCGACGCCGAGCCGGCAATCAGGAAAGCATTCCAAAGGCCCAAAACCAACCATCCCCAGCTCTCCTTGTACATGCGGATTCCGCATAACCGGGGAACAAAATAATAG
NZ_CP116968.1_gap73	2495164	2495941	777	AATCCCCAGGAAACTTGGCGGACAAACAGTAACCGATGGCTCTTGAGCGTTTACCCACAAAATCATCCGGCCCTCAACTCGTTTCTCGCCAGGATCTTTCTTCGCTACGCGTCACTGGTCGTCCTCCACAGTATGAATCATGGGCGGCGGTGAAAATTCCGACGAAATTGTACACCGCGACCCGTCTCGCCACCGGTTGTTTTCTTCTGTTCACTCTTATTCTTGTCTTCGTTCCATGGACCCAAACGATAACCGCTCAGGGCCAACTATCGGCCTATTCCCCTGCCGAACGACCGCAGGAAGTTCATGCTCCCATAGAAGGGCGCATCATGACCTGGAAAATCAACGAAGGGGTTATGGTACAAACAGGTGATCTCCTGCTTGAACTTGCCGATGTCGATCCCAAATTTCTTGCTCCCGATCTGTTGTCACGCCTGGACCAATCCAGGGTGGCTCTAGAGGAGAGACGGGAAGCGGCGTTATCCCGGGCCCAGTTATTGGAGCAACAAATCGAGGAAATGAAAAAGCTGAGCGACGCGGCGACTCGCTCGGCCGATTCCCGGGTGCAGGAAGCCTCCCGGCGGATTCAAAGTGTCGAACAACGGTTGGCGGCCGCAAAAATATCAGTCCAGACGGCTCAACTGAACTTACAGCGCTCGCAGGTGTTAGAAGCCGAAGGCCTCCTCTCCCGGCGGGATCTGGAGCTGGCCATTCAAGCGGAAGCGGCCGCTCAAGCCGAACTCAGAGCCAGTGAAGCGGCTCTTCAGGAAGTGGGCC
NZ_CP116968.1_gap74	2692511	2694472	1961	CGCGACGACGAGGCCCAACAACACAAACCGATGAAGGCCGCCGCTCACCCCAACGCCTCCACGCATCGCCCGCAGAGAGTTGGATGTTGGGTCTGTGACCCCACATCCTGGCGAATATTCCAACATCGATCACATTTGGTGCCTTCGGCTTTGACGACCTCAATTGCCAACCCGAGACTCGCCTCTACCAATTCGGCTTCAGGCAGGGTCGCAACTGCTTCCACCTTTACGCACGAGACAATAAATAGTGCCGGCAAATCAGTGAGATACCGTTTGAGCGACGTATAATTGGGTTCAGTCGCATGCAAGATTACAGTGGCATCCAGAGAAGAACCAATCACCTTGTCCCGTCTCGATTTTTCTAGAGCGAATTGCACCTTACTTCGGACTTGGAACAAGTAGGTCCACGTCGCATGGAGCTGGTTATCTTGAAAGACTGTGGGGGATTCCGGAAAATCGGCCAAATGTACACTAACCGGGCTCGATCCTTCTTTCGGGGACTTTGGAAAAACCTGCCAGATTTCTTCAGCCGTAAAGCTCAGGATAGGCGCCATGAGCTTGGCTAAGGCTGATACAATCTCATACAAGACCGTTTGAGAACCACGACGAAGGGGCGAGTCCGCTGGAAAGGTATACAATCGGTCTTTCAAAATATCCAAGTAGGTGGCACTCATATCCGTGGAACAAAAATAATCAATCTCATGCACGACTTGGCGAAACTGAAATTGTCCATATCCTTTTTTCACGTTGTCGATCAGTTGCCCGAGCCGCCAGAGTGCCCATTGATCCAGTTCCGGCAAATCGGCATGTGGGACCGAATGAACCACCGGCTCAAAATCATACAGGTTACTCAAGAGAAACCGACAGGTATTGCGCACCTTACGATACGCATCCGTCAATTGCTTTAAAATTTCTTTTGAGATACGCAAGTCTTCCTGATAATCCTGCGAGGCCACCCATAGTCGCAGAATTTCCGCACCAGACTCTTTGATGATTTCTTGTGGAGTCACGACATTGCCTGCCGATTTCGACATTTTCTTGCCTTCCCCATCCAAAACAAACCCATGCGTAAGCACAGCTCGATAGGGCGCTTGTTCATCCGTCGTCACGGACGTCAAGAGCGAACTGTGGAACCACCCCCGATGTTGATCGGACCCTTCAAGATAGAGGTCCGCGGGATACCAGCCTTCGCCCTGAGGCCTCAACACGGCCGCATGACTCACGCCCGATTCAAACCAGACATCTAAAATATCATGTTCTTTTTTCAACGACCCATGGCCGCATTGCACACATGTCGTTCCCTGCGGAAGTAATTCCTCGGCGGATCGACTAAACCAAATGTCGGCTCCACTCTCCTGCATTTGAACACTGATATGCTCAATCATCTTATGATCAGCAAGCGGGGTCGAACAACTTTCGCACGAAAACGCGGGAATGGGGGTCCCCCACATGCGTTGCCGGGATAAGCACCAATCCGGACGGTTCACAATCATGCCGTAAATACGATCTCGCCCCCGTTCAGGAATCCATTGAACTTTATCAATTTCTTTCAAGGCTTTCCGACGAAGATCGGCTACCTCCATGGATACAAACCATTGGTGGGTAGCCCGAAAGATGACCGGTTGTTTACAGCGCCAACAATGCGGATAAGAATGCTCGAGTTTTTTTTCGCCAACCAACAATCCTTTGGCTTTTAAAACTTCTACAATCCGAGGATTCGCCTCCAAAACGGGTTGACCGGCAAACTCAGAGGATTCCTCCGTAAACCGTCCAGCATCATTGACCGGCACCAATATCTCTAAAGGCTTCCGATCTGGAAGGATTTCGACATAAGGGGATTTGTTATATTTCAGAACTAAAAGATAATCATCCATCCCATGTCCGGGAGCAATGTGGACACACCCCGTCCCTTGCTCCAATGTGACAAAATTTCCATTGAGGATGGGAACCTCTTTCTTGGC
NZ_CP116968.1_gap75	2726188	2730528	4340	CGACCTACCCAATCAACCCGCCGTCAATTGGTATCGGGGTTTAGCCTTGTGGTATTTGAATCGCCGCCAGGAAACCGATGCCGCCTGGACTCTCGCCGCACAAAACATGGAGCCCGGTACCAAGGACATGGAGTTCGTTAAAGACGCACTCGTCAAACTCCGCGCCGGTGAAGTTCCGTTTTAATTATTCTTTTCGGTTCCTCGCACTTCCAAAAATCTTGCCCATTGCTTACCACAAGTGGCCATCCAATCCTCGCTTCAAAAGTATCCTTTTTTTTAAAAAAGCGTGAACTCAAGACCTTTTCCCATAGGACCAGGGAAAATTTCACGCTTCCACTGGATGCGAAAATAGCGAAGCAGAAGAATTCCAATTAGTGAGTTCTCTGAAGGCAAACGAGATCACTGCTACTTCAACTGGAGTAAAAATAAACCATACGAAAGAACTAATGTAGGAACTGAACATGGGGAATTCAGAGAGTCCGATGAAAGGCAAAACATGTTTAAGATTCCCTACAATCAGTAGGAGAAAGCCAACTAAAACTGCCATGCGCCAACCATTATGTTTTGTTTGCTTCCATGACCAACTTAAGCTTGGTCGATGATCAATGGCAATAGCAGGAAACACTAAACTCCAGCGACCAAGAATGTAGAGGAAAGGGCTCAGAAATACTCCATACATAAACAAAAACTCAGCCAGGGTTTTAATCCAAACACTATTCAAATAGACATTATCCATTTCCGGTGAGAAGAACCCGGCGAGGGCCCCTATCCCTATTAGGGTTATGCCTGGAAAGATAAATAAAAATGCTCCCGTATACACCACAATAATCCAGGCAAAAAACCTCCATTCCCCTGATGCAAAAATCAATCGAAGATTGGGACATTTTCCCCCGTTATCAATAAGAATTGAACGATGACAATTAATAGCTAACATCACAAAAACCAAAGTGCTTGGTGTCGACGCCAAAAATATTATCGAACAATATTGCATCACCATCAGCACATTAGGCCAAGCATCAACTTCCCCTTCTTCCTCAATTTTTACGAATGGATCGACTAAATCTGTTAATCCGGAAAGGAATGCACCAACAACGATCCAACCCCAAAGTGCCCGACGCTGATCCCACGCAAAACTAAAAGCTTCTCGAGTAATGGGCAAAACTTTGAGTGGTTTAGGAGAAGGGTTAAGTTGAAGAGTGTTCATAAAGGCAAAAACGCCGTTAATTTGAGGCGATGGATTTTCCAACTAATATCGGTTAATCCGAATCCCCTCTGGAGAATACATAGATTTTTTTGGCTAAGGTGTTGTGGAGAGAACAGTAAAATGAAGAGACCAGACACATGGCAAAGCCCCCTCATCAAACTTCGAGACGGCCAAGTCCCGTTTTAATCCTACAATCCAACAGTAACGCATTCCTCCTTCATTAAATAGAATCCATTTCTACTTTTCACGAACCGCCTTCGGAAACTAATGGGGGTTTGGGGTGTAAAAAATGAGGATTTAACTGAAGATCAGACACAATATGTTCGGCTATTTCGCCATATGCATTATCCAGATTTGACTTCAGCAACCATCCATCCGCATCAGACCACTCATCATAGGTATAGGGACCTTTATCTACCTGGATGTCTTCTTCCATGATGGTGGCTTTGAGTGCATCAGACACTATCCATTTTACGTTTATTCTTAACGTCAATTCTTCGGGTCCATCCGTCGGTCCTTGAAAAAGCTGCAGGTGCAGAGGGGTTATCTGAATAAACCCATCAAAGGGGCGCTTATTTAAGCCGAATTCAAAGGTCTCCCGCTTTTCATTGAGTCTGGTTTTGTCAATCTTTTCCTGAAGGGAATCGCTGCGTAACCTCCTTCCCTTACTTATTAACTGTTTCCAAATAGCCTGAACCACATTTTGTTTGACCAATTCAAAACCTTTCCGAACGGTCTCCTCCTCCACAAAATAACTCAGTGATCCAATCGTTCCCCCCATCACCCATCCGACGCTGGTCCCCCCTATAACCCCTCCCCCGCATAAAAGAGCGAAGGGCAAGGCACCCTCACACGACCCCCTGCACTGTCCTACAATCACCATAGGCAAACAAAACACCTTTCCAATCGTAAAGCCAAGATGCCCCCCTAAACGCCCCCCGCGTTTCATCCCCTTCCACCCCAATTCAGCCCATTCCTGAGATTTCAGAAGAGGGCTTTCCCAAAAAATAATTTTTGGGTCATTCTCCAGTTCCTCTTTTGCTGGCACGATGACGATAATAGGTTCATTTTCCCTTGAGTCATCGTCCAGCAACCCGATATTCGTTGGAAATGTTGCAAGTTTTTCCTCCTGAACGTTCAAGTGGGCATCTGTTGGTCCACCCGGAAAAATCAACGATCCACATCCAGAGATATTCAAAAAAAGAAAACTTCCAAAAGTATAAAAGCAAAAAGATATCGGCAGCCGAAGGATGGATCGTTCCATATTTAATCTCAATTTTTCCTTCCATCAAACCATAGGCAACCAAGACCGATTTTAGGACTAACCTGGATCCGTAGCAGAAAACCCGGCAGTAGACGCAAAACTAGTAAAAACACCCTCGTTCATCTCCACACCAGCCAGAAACCGTTTTACTTTTTACTGCGGGGTCACCATTTTTTTGGCACCGTATCCTCTACAGGCCCCATGCAAAACTCAAATTTTCCCGAATAATGGGCCAGGTTTTAAGTGGAGAAAGGTTGAGTGACAGAATGTCCATAAAAGCGAAAGGAGTCAAAAATCGAGCCCTGGCACTTTCCATTTAGTATCGGTTAATCCGAATCGCGGATGGAGAAGACTTGGCATTTCTGCCTGAATTGTGAAGAAGAACAGTAAAATATGAGAGCAGGCACATGGGAAAAACGCCCTCTGTCTACTGAACACATCACAAAGAGTTCAACTAATTAGCCAGAGTTGAATTAGTTCATGTTATAGTTCAATTTTAAACTATGCTTAAACTCAACATTCACGAAGCCAAAATTCACCTTTCTCGCTATCTGGACAAACTCAAAAATGGCGAAACAATTCTTCTGTGTAAGCACAAACCAGTGGCCGAAATCAGAGGGTTACCAACGCCTCTCTCACCCAAACGACCCATTGGCCTAGCCAACGGTCAATTCACCATTCCCGATAGCTTTTTCGAACCCCTACCCGACGAACTGCTCAAAGCCCGTTCCGGACAATCCGAGTGAAGGTTCTGCTGGATACACCTGCACATTTTCTGTGGATCATTTCAGACGACAGGGCGCTTTGGCTGGTGAGTCGGGAGATATTTTCCGACCCTTCGCATGAAATTTTGCTTGAGTGCCATTTCCGTTTGGGAAATTCTGGTGAAATACTCTCTCGGTAGGATTCCCCTTCCCACACCAGTGGATCAATTCATCTCTCAACAGCGGGAGCGTCATGGTATTGGCACACTCGCGTTGGAAGAAGCCGCAACCGGACACCTGCCCAAACTCCCTACACTTCATAAAGACCCTTTTGACCGCATGCTCATTTGCCAGGCTATCCAACATGAACTGACCATCCTGACTCCTGATCCACTCATTACCCAATATGCCGTCCGAACCGCTTGGTAGGGGTTTTTCCCAAAATATTAGGTTCCTTTTACCAAGTCAGGACTGACAAAAAATCAGGCGGCTCAGGTCTGAGCCCGAGCCGCTTGCCAGCTAAAACACCAATTTAGGCCGCTGCACGTTGCAACGAGATATACCGCACCACGGGCAATTTCGAAAAGCCTTCCAATTTTTCAACGGACAGCCGCCCGATCACGAGCGTGCCCGTCTTGGGCTGGGCCACCACTTCAAAGCCCAATACTTTCAACTTTTCCAAGGTCTCAGGATTGGTATCCGTCAACCAGACTTGAAGCAATACCTTCCCATCGGTCACATGTTGCGCCATGTCCTGGGATAACGTGGACTTCTTCTCCACATGTTCCACCAACGATCGGAGTGTGGAATCCATTTTGCCGGAGGAAGCCCCCAGACGAGCATCATTCCTTTCGGGTTCAACGCGATCAACTATGGCCGGCGGGCTGGAGGCCACGGATTCCCGGGCAACCTTTCCTCCCAGAAAAGATCGACTCATTTTCGCAATCGGCTGCATCATTCGATGCCCAAAACTCCCTGCGTTCTCGTCCCTGCTGCCAAATATGCCTTCGTAACTTACCCCTTCCGGCAGTTCCACCGGCACTTCTATACGACGAGGCTGTCCACCTTCCGTGATGGTCAACTCTTCCACCGCGACAAATGAGGTGAACTGGGTCATCAGTCGATAATCCAACCCTAATTGCGTGATGGCTTCCCGGACATCCTTCCG
NZ_CP116968.1_gap76	2813184	2814127	943	TGGGCCTACGAACAAACCGAACGGTCCGGCAAGCAAGGTTACCTTGAGAAGGCCGAGCAGGAGTATCGAATCGCGTTGGAGCTCAACGATGCCGGTCGCTTTCCCGACGTAGAATCCCAACTGCTGTTGAATTTAGGAAACACCTATCTGGCGCTCTCGAATGCCCGCGAAGCCTATCGACACTACCGGCAGCGCGAGGAACAATTCACTCCGTCAGGCGAATCTATCACCGAAATGCTCTATCGCAAAAACTATGGGGAAGCCTGTTTTAAAGCCGGACGCACCGAGGAATCGTTGGCGCAATACCAGTTGGCCTTACGGAACGTCCCTCCCGAGCAGTCAAGCCTACAAGCCGAAATCCTGGAACGCATAGGATTGTCCCATCAGGACATCGGCCAATATGCCAAAGCCATTGAGGCGTTCTCCCGGGCCTTAGTCCTCAACCGTGAGTTAGGGCAGGAACACAATGTCACATTGCTCCAGCGAAATATCGGGGTCAACCTGTTTAACCTGAGCCGCGCCAGCGAAACGGGTGGACGCGAGGAACTCAAACAAGCGTTGGGCAGTTACTTTACCAGCCTGGAACACCTCACCACCGGCGGCGGTAAAACTCTTTCCAAGGGACCGGGCTTGTTCAATGTGAATGTGGCCCTCAATGAAGGGGGGTCTCAGGCGGCCAGCGGGTTCGATCGAATGGGCGAACAAAAGCTCATGTTCAGTTATATCGCCAGCACCTATGAGCAATTAGATGAACCTGATCCCGCTCGAGATTTTTATCGCAAAAAACTCGCGCTCCTCAATCAGGGAGCATCGGCTGCGCAGGATGCGGCAACTCTGACAGAAAAAGCCATTGTCCTGAATCGGCTGGGAGTGCTTTCCCACCAATTAGATGAACCTGAGCAGGCGATGGAGTCCTTTCGTCAATCCTTGAATTACACCCGGA
NZ_CP116968.1_gap77	2861227	2862002	775	AATGGAAGGTGAGTCTGCCGAGTGAAGCTCTGACGTTGGCGGCTAATCATTTTGTGGTGCAAAAGCAGGAATGGAAGGGCATTCAACTCGCCACCTATCTTTTCCCCGAAGACGCGCACTTGGCTCCGCAATATCTAGAAGCGACCATCGATTACCTTCAAATGTATACCGATCTTTTGGGTCCTTACCCGTTTACAAAATTTGCCGTCGTGGAAAACTTTTTCCCAAGCGGACTTGGTCTCCCCTCATTCACCCTCTTAGGTGAAGGGGTCATTCGGCGCGGATATACCCAACCCTATTCTCTCGGTCATGAAATCGTTCATTCCTGGTTCGGAAATTCCGTCTTCAATGACTTTGCTCAAGGCAATTGGGTGGAAGGACTCACCACCTATCTTTCCAATTACTATTTTGACGAGGCCAAAGGGCATCAGCAGGAGGCCTTCAATACCCGACGGCGGATGGTCTATGAATATAATCTGTATGCCGAGCCGGACAAGGAATATCCCGTGCGGGCATTCCACCACAAAGAAACCCGGTTGGATAATGCCATTGGCTATCAAAAAACAGCCATGGTGTTTCACATGCTCAGACACGAAATGGGAGACGTGAAATTTTTCAACGGAGTTCGCGGAATTATTCAGGAAGGGACGGGCACCTATCTGGAGTGGAACGATCTTCTCCGGATCTTTTCACAGGCGGCTGAAAGAGACCTCAGTTGGTTTTTCCATCAATGGATCGATCAACCCGGCGCACCAAACCTGGACATCCAGGATAT
NZ_CP116968.1_gap78	2863895	2867931	4036	GGACTGAGCGCTTTGATTCCTCGCTTTGATCTTCACTGGTCGGGAGGGGGATCAAGGAGGAGAAGAATTTCCATAGACGGAAGAAAAAATACGACCAAGGCTGTTGACGAATCCCGTTCCCCAATCCTGTGACTGACCAATCACCCGCACCTCCTTCACCTCGACGTTCGCAGTTTCTTCTCCGCCAGACTCCTCTCGTGATATTCGTGCTATCCGGGCTCCTTTTTCTTGGCTTATTTGCTTTTCTTGCTCAGATAGATGGTCCAACTCTCCAGATCGTTCATAGCTTCACGCATCCGGCCATCGACCACATTGGCACTATAGGAAACCATATAGGAGACGGGGTCACCCTGGTCCTCATTTCCTTGGGAATTGGGGCAGTGGGATTCCGATTTGGATGGCCTACCTGGAAATCCGCATCTATTCATACTTTACTTGCACATGGAGTCGCCGGACTCTTTACCCAAATATTGAAACACACCATCGGCCGCCCTCGCCCGAGACTCAAGCAAGGCCAGGACTGGGAAATGGCCCCGTCACTTGAAAGTGGATGGGACTCTTTTCCCTCCGGTCATACCACTGCATCCTTTGCCGTGGCCACAGTCCTGGCCTATCATTTCCCAAAAGCCAAAATGCTCTGGTTCGGACTTGCTGCATTTAGTGGGGCCTGTCGCGTCATCACCGGCGCCCATTTTCCTACCGATGTGCTTGGCGGTGTACTGGTGGGAATCGGAACTGCGCTGATAATCATTCATCCTCCTGAAAAGTGGAAGACATTCTTTCAGCGCACACTCACCCATGGTCTCCCCTGGCTGATCACGGCCTTTGGTATCGTATGGATTAGTGTTCCCCATCCAGGTATGGAATTGGAACCATCCCTCTCACTCTTTCTCGGCCTGATAGCTATAGTTATTGGATTAGGGCAAAGACTCTGGTGGATACGGGAACTCTCTTCCGCAGGATTTCCATCTGCCGGACAAATGCCCCCTCAATGGCCACGCCTGGTCATGGGACTTGGTTTAGCGACCACAACGGGAAGTGCTGTGGTGCTGGGAGCAAGTCTGATGGCGGGAATTATCTGGTGGCGGGGGACTCAATCCGAATTAACAACTGAGTGCAGGAATCGCTTTTACGCAGGTCTCAATCCCATGTGGATTGAAGTGATTATAGGACTCGGCATATTTTCCCTCACCATTGTGACTTTTGTCATTCGATCCGGTTCACTTTTGCCGGCTTAATAATATAAATCAGAAGTCACCAACTGTTGGGATCGAGTACTTCCTCGAAAATGCCTACAATCTTTCTGCCGAGGGGGTTTTGCATCCCCCCTCGGAATGACCGTTAACGAATGGCGAGAAATTGCCTCAGCGGAAATCCTATGTAGAATTTGGTTATTGTCCAAGATTCGGGTTTTGTCCCTCCATTGAATTTCCGCTCTCCATCCCGCTTTGGCTCTGGCTTTTAATTTGGCCTTGGCCTCCCATCTGATTATGACCTTCATTTTGGCGCTGCCCGGTAGTCTGGTTTTGTTTCGTCATATGTTCTTGTCCCGTCATCTGTTCCTGGCCACCCATTTGAGACCGATCACCCATCTGGTTCTGGCTCTCGGATTCGTTTGCTCCCGGTACACCGGACCGACGGGTTTTCAGATCTTCAGTATACTCTTTAGTTGCAGCTTCCAAGGCTTTTTGGCCATACAAATTTTCTCGCCCTGGGTCATTGGCCGTCGACACACCACTCACCGGACTTTTCGATTCTTTCATCGGATAACCGGGATGATCCGGCACCATGGATGGATTGGCAAAGGCGACAGTCCCTAATAAGCATATTCCGCCCAAACTTCCCAAAATTACGGAAGATTTATTTTTCATCACGTTTTTCATAATGCCTCCTGAGTAAGTTATCTTTAAAGTTGATTTGGAGTACCCGCGAAATTCCCGGATCCTCACTCTTCATTTTCCTCTTCTCAATCCTCGCTAATGAAAAATAGTGTCGCTAGGTTAAAATTAAGGAAGAGGATTAATGCTTTGTGTATGCCTCCTTCCCGAAAAGCGATTAAAAGTTGAGGCTCCAACAGGTAGAAAATTAATACTATTCAACTTCATCCTAAACCTCGTTTGCCAAGCCGTAACTGTCAAAAACCCTTGAAGGCCATGTTTAGGTATTTTTTTATTTCCGGCTGATCGGGCATGTCTGGTACGGAGAGGAACACCTCAGTAGCTTAACCCGTGAAGGTATTTACATATACCTACGGATGGTCCCGGCGGTATGGTAGTGGAATTTGTCCTAAGACGGGCCACTATCCATCATTCTTAACCAAAATGAAGGAGGTCTTTATGCAACCCCTCACTCATGATCTCCATCCTTGGTAAAGGACTTTTGTTTATATGAATTCTTGTTCCACACCTTGGACTCGAATCAGCGCTGCCCTTCTCACTCTTCCTTGGATGAACAGTTCTAGAGGTTGGCTTAGGACTCAGACTCTGGGGGATTCATAAATTGCTCCACGAAGGACACCTATCTCACAGGCGTTTCCCCTCAAAATAGCCGTGGCCTACTTATAAGCCGTGGTTCAGCAACCACAACGGAAAAAGCGGTGGTTCCACGAGCAAGCCTGGTGACGGTGACCATCAGGCAGTTAGGGGATTATCTAATCACTCGCATTTAATTGGGATAGACTCAGATCATTGGATTATTCCCACTGTCATCTGGACTCCTCATGTCATGGCTTCATCTTTTACTTGAAACTCGTCTCCTCAATCGTTATAAAAGTAAGATATTTGCCGTTTACCCCTATCCAAATCAGGCATGAATGCAAGGATGATAAATATGAACGAACGATTGACGCCTCCAGTACAACCGTCCAAAAGGCTAACGATATTCTACCTCCTGTCTATTGCTGTTCTCGCAAGCCTGATCGCAAGTTGTGCGGAGAAAACATGGGATATCAACAGATACATTCATGCTCTTGAACGCCCGGAACGTGATCAGCACCAACAACCCGAAAAAGTCATCGAGGCCTTGAATCTCGCGCCTGGCATGATGGTGATCGATATCGGGGCAGGCTCGGGTTATTTCACGCGCCGCTTCGCAGAATCAGTGGGAGACAAGGGGCGGGTCATCGCCATCGATGTCGAACAAAAAATGCTGAATTACAACAAACAGCAGTTGGATAAACTTGGGCTCGCCAACAGAGTCCGTTTTGTTCTGGCCGAGTCAGAAGGTCCCACATTTTCCGGGAACAACGCCGACATCGTCTTCTTGTGCGATGTTTATCATCACATGGAAGATCAGATCGATTATCTGGCCAACACCAAGCCTGCGCTTAAGCCAAACGGACGTGTGGTCATCATCGACTACTATGCCGATGCGCGGTCCGGCACACTCGGCTTTTCAAAACGCCATCTGGTTTCCAAAGAACAAGTGATCAAGGACATGGAACAAGCCGGCTTTACCTTAGCCAAAGAACACACCTTCCTCCCCCGCCAATACTTCCTGGAATTTGTCCCCAAAAAAACAAAAGATGACAGAATGATCAGTTCGAATTAATCAGGATCTCTTCGTGGGTTCCCTAAGGGGGGATGACTTCCTATAAATACTTCGTGAATTCAACTCGTAAGTGCAACTCTACCATGATGGATAGAAGGCAAGCTGCAGTAGGATCGTGGCTTTTCTCACCGCCAAGTAAGAGGAGCACCGATGAGTTACACACAGCTTACCGAAGCACAACGCTACCCAATTTATGCACTGATGAAAGCCGGTCATCGCCAAACCAAAATTGCTGCGGTCGTGGGGGTCCATAAGTCCACGATCAGCCGTGAGGTGCAGCGCAACAGAGGCTTGCGAGGCTATCGGCCCTTGCAGGCCCACCAGATGGCGGTTCACCGTCGCCAGACCAAGGCGCAATGCCGTCTTACCCCAGAGCACTGGAGCCTGATCGAGCGTCTGCTGCAGGAGGACTGGAGTCCCGAACAGTTCAGTCTGTGGTTGGCTGATCAACGGGTTCTCACCATCAGTCCCGAATGGATCTATCAGC
NZ_CP116968.1_gap79	2983627	2986505	2878	TTGTTGACACCGAAAAAAATACCATATTATAGTCGAATGAGCAGTAAGCCTCATTCTTGGATAATGCCTCCAAGCAAAATCAACTCGATCAAAGGCCAAGAACTGCTATACTCCGTAACAATCCGCCTATATCGAGGACTCTTTAAAAGGCGACCCATCATATTTCTGAGAAAGAAGGTGACATCATGAACGCCACCCACGTTGAACCAGCAACTGCCTTAGCCGAGCTCAAAGAAGCCAAACCCGATAAAGTGACACTTGTCGTCCTGAGTGGAGACATGGATCGCGTCATGGCGGCCCTGATTATCGCCACGGGCGCTGCAGCCATGGGCATGCAGGTGACGATGTTTTTTACCTTTTGGGGGTTGAATGCCATCCGGAAGGAAAATGTGAGTAGTTCCCCTAAGGATTGGCTTCGTCGAGCCTTTGGATGGCTGAACAAAGGGGGAGCCAGCCGCCTGCCCCTCTCACGATTTCATTTTGGAGGTCTCGGAACCACCATGATGAAAAAGGTGATGAAAGATAACCGCATGCCCGGCATACCCGAACTCATGGAAACCGCCAAAGACCTGGATGTGAAGATGATTGCCTGCACAACGACCCTGGGACTCATGGGCATTTCAAAGGATACGCTCATTGATGGTATCGACCAACTCGCCGGAGTCAGCACCTATTTGGCGGAAGCCCGGCACGGGTCCGTAAACTTATTTATCTAACGACCACTACAATAAGGATGAACCATGATACCAGCCGACGTTAAACTCGATACATTGGGGTATTTTTGCCCGATGCCCATCATTCTGACCTCAAAAAAAATCAAAGAACTCGCCTCAGGGCAAGTCCTTGAAGTAATTTCGGATGACGAAGGGATTAAAAAAGATATGCCGGCGTGGTGCGAGACAACCGGACACGCCATGGTGGGCATGGAAGAAGAAGGTGCTGCGGACAAAAAAGTGTACAAAGCCTATGTCAAAAAGGCCTGAGATTCTGCCCCTGTAGAATATTTCTTTGCCGGGTCTTAAACTTCATCAACTACCGAGTAGTTAGACGCTGGGGGAAAATCCATCCACTGAAATTTCCACAACGAATACCCTATTCAGATCCTCGTTTTTTATGGGATGACTCCCGCCTTCTCTTGCCCGCTCATTTCCTGAGGCGAGAAAATATACCTGGCTCCACGGCGACACGCCTCATTTGGGTAACGCCATGGTCAGAATAGAAAGTCGAACCGTTGACAAGAACTTGTTCTTTACACACTGATTAACTTGGCTCTTTTCATGCCCCACAGGTTCTTTATTATGGACATTCACGTTTTAGGCAAAGCATTGGAGGAGTGACCAGTGAGTGGGCTCTTCAACTAACCTTTAATACTACTCTGAACCTAGCTTCACCACTCATCATGCGATCATAGGCCTCAGCCGCGCGGTCAAGAGGATACTCCTCTATCATTGGCTGTATACCTGTCATCACATTGAGCTTTTGTTATTCACCTTCAACCCTTGCTGACGACACACCCATAGGACTTCCGGCATACCTTCCTGTAAACCAAAACGATGGTGAGCCAACATTGTTCGCACGTGCCGGTTAAAACAAGGGTTATATAGAGGTTAGTCTCACATTCATTACTGATACCATTAAGTTAGGTGTTTTCGTCTTTATCTTTCTCCGGCTTTCCTGTGCAATAATTTGGGGTGTTGGAGAAGCATAAAAGAAAAAGGGTGATAAAAGGAGAAAACTATGGCACGCTTTGTCATTGCCGGAAGTAAGGGAACGGATGATCCAACAATGGCCACTCTTCCGTTTATCGCCTCACAGGAGGCTCACAAACAAGGGCACGAGGTCGTGTTGTGGCTTCAGGCCGAGGCCGTCGTCTTAGCAAAAAAGGGTATGGTAGATGGTGTACAGGGAGTCGGGCTACCGGCATTGAAGGTGTTAGCCAACACCATTCTGTCCCAGGGTATTCCTCTGTGGGTCTGTTCAGCCTGTGCGATCGCCCGACAAATTAACCAATCTGATCTCGAGGTGGGTGCGGTCATGAAGGGCATGGAGGATTATGTCAAAGCTGTGGCCGAAAGAGATCGCAATCTTTCGTTTTAAATTCCTTCCCGGAAGGACCCAGAATGCTGTCGGTGACGTGGGGATTACTCTGGCCGAACCATCTGTTCCGGACGGATCAAGGTATTGAATTCTTCTTCAGTCACAAAACCGCTGGCGATAGCTTCTTCTCGCAGAGTCCGTCCATTTTTTAAGGCCCCTTGAGCAATTTTGGCAGCCTTATCGTAACCAATGTGAGGAACCAATGCCGTGACCAGCATCAGGGATTGTTCCATCAGCTCGGAAATTCGGCCGGTATTGGGCTCAATGCCCACAATGCATTTATCGGTCAGGCTCATGACGGCATCCCCGATGAGACGGATGGATTGAAGCACGTTGTACGCCATAACGGGTTTGAACACATTGAGTTCAAGATGCCCCTGTGCGCCGGAAATCGTGATTGTCGTGTGATTCCCGATAACCTGCGCACAGACCATGGTCATGGCTTCGCATTGAGTGGGATTCACCTTTCCCGGCATGATGGAAGAGCCCGGCTCATTTTCCGGCAGGGAGAGTTCTCCAAGACCGGACCGCGGACCGGAACTTAACAGGCGAATATCATTGGCAATTTTATTCAGACTGACAGCGAGAACATTGAGCGCACCGGAGATTTCCACTATGGCATCATGCGCGGCCAACGCTTCGAACTTATTGGAAGCCGAAAGAAAGGGCAGCTGCGTATACCTTGCAACTTCTTCAGCAAACTTCACACCAAACCCGGGCTTTGCATTCAATCCCGTACCTACAGCCGTACCGCCTTGCGCCAGGGGATACAGTCGTTTAA
NZ_CP116968.1_gap80	3018466	3020370	1904	AGGGAAAGCCTCGACCAGGCCGAACAAAACCGGCTTGCAGCAGAACGAAAGCTCAAGGAATACGACGCCAAGCTGCAGGTGGCTGCCAAAGAAGTGGACACGATCCTGGCAGAGGCCAAGCAACAGGCTCAACGACTGCTTGATGAAAATGAGCAACGGCTTCGTGCCGAATCCCAGAGAATTAAAGAGGAAACGTCACAAGACATTGAGCGGGAGCGCCGAAAGGCCATTCAAGATATCAAAACCCAATCCGCTGAGCTGGCCCTCATGATTGCGGAAAAGGTAATCGGTCGAAGCTTATCGGACGATGATCATCGGCGATATGCCGAGGAAGCTCTCGCAGCCGTCGCTGCCCAATCAAAAAACTAAGGCTTTCCCCATTCTCTCCGAATATCAAGCTCAGAGCTATTTCTTCCAGAATCGTTTAGATCAAAACGACATGCACAATAAAAAAGAGGGAAGAATTACTCCCCTCTTTTTTTATGGTGTTCACAAGTTTTTTTATGGTGTTCACAAGAACGCCTGCAAATAATGTTTTTTGGGTGAGACACTCCGGTGACCCGCTCCCAAAAATCACGGTCGATGCTTCAATGGTTCGTTGAGGAAATATTCCCACCTCCAGCCCGATACCCTTCCAAGTCCAGCGTGACCGTTTGAAATCCCAGCTTTTTAAATTCCTCCACTAACCGGGATCTGCCCGGTTCTTGTGTCAAAATCGACATTTGGGTTGGGGCAATCTCGATTCTCGCCAAATCGCCGTGAAGACGAACCCGCACTTGCGTCACTCCTTGAGCCACCAAAAAGGCCTCGGCACGCTCTACCCGTGAAAGATAGGCCTTGGTAATTGGGAGTCCACGGGTAATTCGTGAAGACAAGCAGGCTGCGGCAGGCTTATTCCAATTTGCCAACCCCAAACCTTTTGCCAATTCCCGAATATCCGCCTTACCGAATCCCGCTTCAACCAGAGGACTCCGTACGCCGAGTTGTCGGGCCGCATTAATACCGGGACGATCTTCTCCCAAGTCATCCACATTAGTCCCGTCTACGATTGTCTGAAATCCCACGGCATCCCGAAGGGTGGATAGCAACCGGTATAAGTCTGTCTTGCAATGAAAGCACCGGGTTGCATCATTTTTGACAAAGGCATCAATTTGCAACTGATCCGTTTCCACCAATTGCAAGGGCGTCCCGATCGCGGCGCTTAATCGCTTGACCTCTTCCACCTCCAGTGATGGAAATGTTGGCGAGATTGCCGTGACCGCTTTGGTCTGCGCACCAAGTGTGTCAAAGCCCACTTTTAACACGAGGGTGCTGTCGACCCCTCCAGAAAACGCGATGACGACCGATCCCATTTGGTGAAAGAGTTCTTGCAAGGCCTCATACTTCCCCTGCAAAGTTGGTTCAAGACTGAGCATAGAGAGGGAGACTCCTTTTCTTGTTCGTCGTCGTCTGAGTTAAGACTTCGGAAGCTGATCGACCCAATTGGCCACAAGCTCCCAACACATCATCTCCCCGGCTTTTTCGGAGAAACACATCCAGACCCTTGCTTCTGACAATACCTTGAAAGGCATCAATAACTTCTGATGACGGACGCCGAAACGGATTACCCGGGAATTCATTAAAGGGAATCAAGTTCACCTTACACCGGATTCCCTGTAAAAGGCGCACCAAACGCCTGGCATCATCCGGTGAGTCATTGACCCCCGCTAATAACACATACTCAAACGTCAGGGGGCGCTCGCTGAATTGATTATACTCGCGGCAGGCATCGAGTAATTCGGATAAATCATAGCGCCCATTCACTGCAGGCATCAGATGTGACCGCTGCTCATTGGTGGTGCCATTTAAGGATATGGCCAGATTCACGCCTAATCGCCGCACATCTGGAAATCGCGGAATCCATC
NZ_CP116968.1_gap81	3107872	3111488	3616	TCGAGAATCGCTGGGAGCGTTATTTTTTGAAACCGCGTCCCTGCTGCTCCAGCAAGCTGACGAAGCGACAGACGCCTCAAGAAAAGAAGGACTCCTGTTCCACACCCGGGATACCATTGAAGCATTCAAGGCCGCAGAGCTCCAGGATTACTTCAAAGATGATTGCGTGGAAGCGAACAGGGGAAGAATTCAAGCCATCGATAAAGTATCCGACACCACAGCGATTATTTATCCCATACTCTTCCCTGACCGGATGGCCCTGCTGATAAGCCTTGGAGGAACGATGAAAAAAATCACCGTTCCGGTCCAAGAACGTGACCTGACAGAAAAAATTCACCTGTTCCGGACCTTATTGGAAAAACGGACCACCCATCAATATCTACCTCATGCGCAGGCCCTGTATGACCTCCTTATCCGGCCGCTTGAACCGTATCTGAGTGAATTCGGGATCCAAACGCTCGTCTTCGTCCCGGATGGACCATTGCGAACCATTCCCATGGGGCCTCTCCATGACGGAGAAAAATTCCTCATTCAAAAATATGCCATCGCGACGACTCCGGGACTGACGCTTACCGATGCCCATCCCCTGGATCGGGAGCAGGTCAATCTGTTGTCGATTGGACTGTCCGAAGGCGTGCAAGGATTTTCACCCCTCCCTAATACCCAACAGGAGGTGAGGGAACTTCAAGACCTCTTTGGCGGGAAAACTCTCTTAAACGAAGAATTCCGCATTCCCAATCTTGAACAGGACATGAAAGAGGAAAACTTTACGATTATTCATATAGCCTCACATGGAAAATTTGCAAAGGAGCCGAAAAATTCTTTCATCCTAACGTATGACAAAAAACTGAGCATGGATCATCTCAGAGAACTCATCGGGTTATTTCAATTCCGCAAGGTCCCCCTGGATCTCTTAACATTGAGCGCCTGTGAAACGGCAGCCGGAGACGATCAGTCCGCTCTAGGCCTGGCCGGAGTGGCCGTGAAAGCGGGGGCGCGAAGCGCCTTGGCCACCTTATGGTTTATCAATGACCAGGCATCCTCAATCCTGATCAATGAATTTTACGTCCGGCTCAAAGAATCATCGCTCTCCAAAGCCCAGGCCCTTCGTGAAGCTCAAGTATCTCTACTCGACCATCCCATCTATCGGCACCCCAGTTATTGGGCACCGTTCCTCCTGATCAACAACTGGCTTTAATCGTTTATCTCCCAGACTGATCCCGAGTTGGGCAAGGCGTTTTTTGGCCTTGCGTCGAAAGCCGCCTTTCTCAAAAATCAGGCCGTCACGTCCAGCCCGCATTTGCCTGATCCTGCTTCTACCCGTCCGATAAAACGATCTATCTTCCGCTCCTGTTCGTTTTAAGGCCTTGATCCCCTTCCCGGTCACCTCGGCCGGTTCTCACTTACCGCTCAGGCTTAATTACTGATTTATGCCGCTTCAAGAAGGTCAGTCGTTGACACGGTGACAACGACGTGACCACTTAGACAAACACAAATAAAAAAACAAACCCACCATTTTGGTGGATTTTTAACTCGCAAGTTATTAATTTTAAAGATGAAATTCTCACCACAATGAAATTATCTCCAAACGGCACCATGGTTGCTTTGATTAAGAAGTAACAACATAAATTAAACGGAAACACTGAGGAGACTTTCATCTCAGTTGGAAGAGGTTTCTATCATGCAACTTTACGAGCTTTACCAAAACATCGTCATCGGAACATCGATAACATGTGTAATCGGTCTGGCGGTTGCATGGGTGTTTTTCCTATCAAATCGAGGCAAATAACAAGAAAAAACCTCGATTTCACCATTCCGCCATTCAGCGTCCAAGCCATAATCCGTTAAGCCGTCATTAAATTGGCATGCTGAGTACAACGAAGAATGAGAATGTTGAATAAAACCAATTTCCAAGGGCATATTGCCTCACAGGCAGGTTGCATACAAGGGCATATTGCCCCACAGGCTCGTTGCATAAAAGAGGCCTCGAGGCGGTTCAAAAAAGCATGCCCTGAGTCTTCCCGAAGGGTTCGTCCAGTCCTGCCTTGAGTCATGCCGAAGGGAAGGCCGCAAATTGCCTGCCGTGTCCCGAAGAGCACAACTTTTGTTTTGCCCGCAGAGCGTACTTCTAGTACGTGAGCACGGAAAAATGGCGAGAACACCGCTGGCGGCTTTTTTCAACAGACCCCATCAGGATTCATCTGTTCAGAATAATAAGCGCTGTAGGGTGTAGAACCCTAAATTCTTATGATCCCTATCATCTCCGTTCTCCTCGTCATCCCCGTCGGCCTGTGGGTGGAGCCAACCGTACGTTGAAGTGCTCCTGACACAAACGTTTCGCACCTTTCGCGACACACTCTTTCCCTTCGCTCAATCAGAGAGAAACGAAAATTGACAGGATGACAACCTTGTGTTCAGGGAGACAAACAGGATTGAACGCCGAATTCGCGGTTGGCATGGCTATTTCGTTCATAAACATATGGATTCATTCATGATAATCCTACAGCATAGCTCTCTCGCCAAAACGGCATCACGGTTGCTTTAAAGAGAAGTAACCAGAACGATCACCAGATATTCAATAAGGCACTTCCCTCTATCGGTCATAAGGTTTCTATCATGCAAATCTATGAACTTTATCAAATTATCACCCTCGGAACCTCGATAAGCTGCGTAATCGGACTGGCAGTAGCATGGGTGTTTTTTCTGTCGAATCGGAACGAATGACAGTGTTCTGCATGATACCTTTCTCCTCTTTCCCCCTTCCCTCTTCGTCATCTCTGCGGGTCCTTAGCAAAATCCATCTGACCCGAAACCAAGAGATTCCGGCAATAACTAGGAGTCTGTCGGACTTTGGGAATCGATAGCGAAAATGTGGCTGAGCGAGGGCAGATTTTGACGATTTTGCCGGCCCATAGTGGGACTATGGGCCAAGGAAGCGGCGAAATATGGACCGCTTAGGCACTTTTGCAGCCGATTCATCCGAAGTCCGACAGGCTCCTACCGGACATGACAAGTTTTAGAAATCTGACTGTGAAATACATCCCCAGGCAGGACGATGTCGGGAAATTCTTTAGAAAATAATTCAGACGAGAGAAGTTAAACAGGAGGGTATATTCTAAAGTCCCACAATAGAATTCAAGGACAGGCAGAAGCCATCCCATCACCTTGCCCGAACAGCACAGGAGGAGAATAAGCCGCCAACTGGATAGGAGGAGTCTGGTCGATATCGGAAACACCGGAGGGCGTGTCGGCCTGACCCAATACACTCCCAGAGAATAACCTCACTTGGGGGAGAAATGGACTGGCCAAAAAGGTCCCAGGCGTGGGTGCCACACTGTCGGATTTGGAATCCACAAAGGTACTAAAGTGGCCGCCTTCCCCCGCCACACAGCGGGCAGCATAAAGTGTCGCCACGTTCACCGGCTGATCGGGCAGAGGCACGATCGTCCCACTCAGCACCTGAATGGGTGACTCAATATTCACCGTGCCACTGACTCCCCTTTCAGAGGTGACCTCCAGGGTACTCTGCGCATCCACTAACACACCCTTGCTCGCAATTAACGTAATATTGCCACCCTGACCGTCCACCGCCTTAGCCAGAATATGGCTGTTCTGA
NZ_CP116968.1_gap82	3121697	3125301	3604	AAGAAAATAAAATTGGCTGTATTTCAGAGGTAGAACTCATTTTCTTCTCAAGTTCTGACATTCACATTCATTGAGGCTTGTATTTTCTGAATGAATTGATGGGTACATCACCCCTTTTTCCAAGTCATCGAAACCGCGGTGTCCAAGATTTTTATTATGTCCAAATTCGTGGAGCCACAAGACCCCTTCCAACTCTGGACAGTCCTTGCAGTACTTTGCAACGGCCACTGAATGGCCCTTAAGGTTGGAACAGCCTAGGATAAGGGCTGTACCAGTTTTCTCGCACCAAGTGATTTCCTCTACGACTTTGACCCCTTGAGGATCTAGTGCATTCAAAATTTGAAAATCAAACTCGCTGCAGATCTCCCCAAAGACAAAACAATCGTTCGAATTCGATTGCGATAATGCTATTGGATCCATTTTAAAATCAGCAATTTTATCTTCTATGGTTCCCCCTATAGTTTCTTGCACCGAGGCTTCCCGCTTTAATGTAATCCGACAAGGAAAGTCACTTCCCTGACCCTCACGAGCGGCTTTCGTTGCTTCCTCAAGAATTTCATCTGATTCTTTTGGAGTTAAATCTACATCGGAATGTTTTGTAACTTTGAGGAAATGAATTACTTCGGATTGTTGCGCAAACGACGGAACTTGGCAGGATTCTACAGGTGGAATTTTCTTTGGAGGTAATCCCGAAATACCTGGTCCTTGCCCAGAAGTCTCAACCTTTACTCTGACACAACCAATTACCATTAAAACTATCGCGCCCATAAGGAGTAAATTGGACCCATATACCTTTATGAATTTCATAGACTCTCCCTTTAACCTCTCAGGTCTTGTGAATTCATAATTTTTCTGCTGTTTTTTATTTTTCATAAACCATGCCCCTAAATTCGCAACCCTACATACCATTTCCCTCGGAACATGGATAACCCAAAAAACTGACCTGCAATTAATACATGGAATGAAGATAAGGAAAAGGGATAATGTTTTGATAAAGCCAAGGCCGGGACTAGCAATACCGTTATAACAAAATAAAAAAGATCAGTTCATAGTATTGCAGTTGTCAGAGAACCAATGCTTTCCCTCTTCCAACCATTCCATTTTGAGATTGTGCCTTTCTTTTTTTCTCCTACATGCTGTGCGGAAATGTTATGTAACCAAATAATTATTGCAATAAAGGCAATTGCAATGCCGTATTCAGCGACAGCTTCCAGCACTCTCACCTCACCTCGACTAAGTTCCATATTTTCATAAGCGTTTTCTCGAAGGTCGAAAGGATAAGAGATCGGGTCCTGTTCTTGTTCAGCGGAGGATGCGTATCCAATCAGATACGAGTTGTATCTGATTGGATACATAATGGGGCGGTTGAAAAAAGCCGCCAGCGGCGTTCTCGCCATTTTTCCGTGCTCACGTACTGGAAGTACGCTCTGCGCGCAAAAATGACTGCGGCCTTGCTGGACGAACTTTTTTGAACCGCCCCGAGGCCTCTAATAGGCACCGTGCCTGTAGGTGAATATGCCTTTAGAAATTATTATTATTCAACACTCCCATAATGCGTTTGATTCAGTGAGAGAGAATGTTTTTGAGTGTTCCAATTGCGCAAAATCCGACAAGGAACATCCCTCCCGGATTTTCTCTTGGCCTCATTTCCAAGGAAACGGAACTAAAACTTAAGCCCCTTACCCCTTGAATGGGGACTAACCTTTTAGACAAAGAAATGGGCTATCGTTTTTTATGTGCTTTTAGTGAAAGAGAGAGGAGTTCCCTTTGTGGGGCTGGGTGGGATCTTAGAGACCCCGTCGAAGTGCAATTCGATGATCAGGGGGATTCGTAGACTTCATCACGCAAGTGGTTGACCTGAATGTTATGACGTTTGATTTTTTTGATGAGTCCCTGCCGGCTTAAGCCTAACCGTTTGGCCGTTTGGACCTGATTGAACCGGCAGGCCAACAAGGTCTCTTTGATCATGCGTTGCTCCAATTCATCGACGGCTTGATGGAGACTCCGGCCTTTCATATCTATGGTGCCTCCGGTCGTTTGGACAGGGCATCGGATACCTTCTTCGAGCGCGTCCTCCTGTATCGTCGTGCCACGAACCATGACCATTAATCGTTTGATTTCATTTTCTAACTGCCGGATATTTCCCGGCCAGGAATATTCCATGAATCGCTCCATAGCCTTGGCAGACAGTTTTTTCCTGGGTCGATCCATCTGCGAGCTATAGAGGTCCAGAAAATAATTGACGAGCAGGGGGATATCCGCCGGGATCTCCCGTAAAGCCGGCGTATGCACATGGACAACTTTGAGACGGTAGTAGAGATCGTCTCGAAACGTGCCGGCTTTAATAGCGGCTTCTAAATTTTTATTGGTGGCCGCAATGATTCTGATATCGAGGGGAACGGACTCTCGCTTCCCCACCGGCTCAACGGCTCGCTCCTGCAGCACCCGTAAGACTTTGGCCTGGGCGCTTACGCCCAGATCTCCAATTTCATCCAAAAACAGCGTGCCCTTATTCGCCTGTTCAAATTTGCCGATTCTGGCCTCTACGTCCGTCGCCGTGCCTTTGCTGATGCCGAACAATTCACTTTCGATTAACGTCTCGGGGAGGGCGGCACAATTGATCGCGACAAACGGTTGACGGGCTCGCGGGCTATTGTAATGAATGGCTTTGGCCACCAATTCCTTTCCGGTTCCGTTTTCTCCGGTAATAAGCACATCCACTGAACTATCCCGGACCTGATCGATGATTCTGATCAGTCGCTGCATGGGCAGACTGTTTCCCATAAGCTTTTTCGTGGAGTACTGTCCTTCGACCTCTTTCCACAAATGCGCGTTTTCCTGTTGCAACCGTTCGCGTTCCCGCCGCAATTGTTCCATCACATGGAATTTCTGAAGAGGGATAGCGATGCTATCAACCAACGTCTGAGCCGCCATTTCATCCTGGGCGGTAAAGTCCTTGCCCTTTTTATTCACGGCTTCAAAGACGCCGATGATGTCTCCGGTTCTGTCCCGAACCGGCAGCGCCAACAGGGTCTGCGTTTGCCGCTTCATTTGGGCGTCGATGCCGGAAAAAAATCTTGAGTCCGATTGCACATCTTTGACATTGATCAACTCTCCCGTCGCCACACAGGCGCCCGCAATTCCTAAGCGCGCATCCAGGCGCAATACCCGCCCGCCCACAGGGAGGGGAAACCACAGCTCACATTCCTTCCGATCCAGAAGAAACACACTGATCCCCTCCGCCTGCAGGACCTGGCGTGATTCTTTTTCAATGAGTTGTAATAAGGTTTGTAATTCCTGCTCCTGGTTGATCTGAAGCAGAAATGTTTCAGGAAGGTCTATTCTCTTGTGAGGGATTGCTTCTTTTCCGGATCGACTCGCCATGGCGGTGTTCCTGAAAATTCCGTTGACCCCACACCGCTGGACAGCAGGGAGCGTCAACTGTACACATTATGACCAGGTGTGAATGGAGAAGGCAACTACCCGCTCCGCGCGCCCTTTCTGTGTTCACCTGAGGAGGCTATCCTCTGGCCATCCAAAATCCCGGGCCCATGCCCTAGCCTCTGGCTTGTTCGATGGAGGTCACCGAACATGGTTCCGGACT
NZ_CP116968.1_gap83	3133447	3134648	1201	AGTGATGGTGGTGTTTTGATCCAACCGTAGTACCGCTCGATTGGCGAGGGCGATATCCGCCCGGCTCCTATCACCTACCCGAATGCGATCCCCGGCACAGAAGAAATCGTCGAGGCTCACCGGCTGCCACTGCTCAACATTCACGCGGCGCACCTCCACTTTGCCCTGAACGGACACGACAGTCGCCACAATCGGATTGCATTCCGGACCCCATGTGACCGGCGTGGTGAGCCCGACAGCCACGAAGCTGATGCACAGTAGCCAGGGGGCATAGACAGGGACCGCGTTCATGGTCATATTTCACCCATGTTTAGTGTATGGAGAAAGTGCGTTCTGTGTGCTCGTCTTTCGATGTTTTGGCGAGCGGGAACCGGGAAATTTTGAGAATATCCATACAGTATTTCACTCCTCTTCTGCAGATTTTCTAGCAATGATCCCGGGGCTTGAATTCGGAGGCTTTGACAACACGAGGCGTCGAATGACGCGAGGGGAGAAAGCGTACGAAGGTTAGAGTACGTTACGGGTTCATGGTCCTGCCATTTGGATCTCCTTCTTTTTTTCTGACATTTCGTGCCGCCAAATCTTTGGTCTCAACACCGCGCCCTTTGTGGTTTTTGACATATTCTACTTCATCCACCCATTGTTCCCATGCTTTAAGAATACCTTTAAAGAGACGGATGATCTGTCGGTTAAAGATGACGGTTTCTTGTTGCATGGGCCAGGTTCCTTCACTCACATTTCTGCACGACGGGTGATCGAATCGTTCCTATGGCTCAACGACTTGATGAACCCTGTTTCTGAGGCTAGTGAGGAAGAGGGAATATTCGTGTTCCACACCTTCTACCACCTCAGAATCCGACTCCTTTCGTCACGATTTTCTTGACGAAAGTAAGGAGCCAAACCCAGAGGCGGGTTCATTAGAAAGAGACGATTGCGTGTTTAGAAACACGAGCCGCAGCTGCTCGAGTCCACGTATGTCCCGACCCCCTAGAATCCCTTCTCATGGTTTGAGAGACCGTGACAGGGAAATAATTGGGGTTCATATTTTTGTGATTTTGATCACGTTAATTGTCATTATTGAGGCAACTTCAATACCATCCTTATGGTGGGTGCCCTTACGGATTTTCTTGAAGATAACCAATTGGCTGTAAACGAATATTTCCGTTTCCAAACATTTCAACTATTGTTACGCCAGATCAGG
NZ_CP116968.1_gap84	3290291	3291776	1485	AAGATCAGTATGACGATTACCCCAAACGGATTCGAGACCTGGAACATTTATCCGTCATGGCGGAACGTTACGAAAGTCTCAACGACTTCCTGGCCGATCTCACGCTTGAGCCCCCCAATGAAAGTGTGGTGGACGTCGAAGCACCCGATCGGGACGACGAGCGGCTGATTCTTTCCACCATTCACTCGGCCAAGGGATTAGAATGGCAATGCGTCTTTGTCATCTGGCTTGTGGACGGACGGTTTCCCTCAGCCTACTCCTTTATGGGCCCCGAAGAACTGGAAGAAGAGCGCCGACTGCTCTACGTCGCGGTCACCAGAGCCAAACATCACCTCTTCCTCACCTACCCCATCAATGTATACGATAAAATGACAGGGTCGGTCCTCACGAAACCCTCACGGTATCTGGATCACATCCCGCCATCCTATTTCGACACCTGGAGTTTAGTTGAAGAAGATCAAACCTATTCCTGGAGGTAAGAAAGTGTCATATTTCGGTCGGACGTTGGGCCTGGCCATTCTGGTCAGTCTGATAAGTGTGAACATGCCAAGCCAAGCCTGGTCTGCTGAGGACACCAATTCAAATCGTCCTAATCCTCGTCATCCGTGGCCTGCCCTCCTGCAGCAAGCCGACACCCTGGGGCTGCCAACGGGGTTCCTCAAACACATCGACCCCAAATTTGTCACCGTACACTTTGAAGACCTCCGCACATACGCCGCAGAATATCACCCACACGATCACACCATGATTCTCAACCTGCGGCTGTCCTTTAATGAGGCCGGCGGCGCGTTGGCCGACCTGGCCAGGATGACCCATCATGATATTGCCCTTCTCTATCATGAACTCCTGCATGCCTATCTGGATTACCTCTATGCCACCGACCATGGACAAGCGCTGACTGCGGAGGACCAGCAGGTCTTGGATGTAGCCAACAACCAGATGGCCTGTCATTACCGCTTTGTCCGGATCAATCCTATTCGCCAGCTCAAAGGGGCCACCGAACTGCGATTTCTCTCGGATCAGGATGCGTGGGAAGTCATGAATGAAACCTGGGCGGTCTTTGTCGGCTGGGTGCTATGGACCAAATTGGAACTCTTCCAGGATCACCTGAGCACAAAAAGCTGGACTCCGGCACTCATTGAGCAATGGACCCAACGATTAACAGATGCGGTGAACTCCGGTGAATTATTGGGCTACTACGAACCCGATGATCCGGAAGAACGCCAGGTCGCCCGTAAACGCTTCATTGCCCCTTCCAATGGCCTCACCCCGCAAGATGTCGAACTATTATTAACCACCGTCCTAGGAGAACCACCCGAACTGGTCCAAGCCTCCACCGCGGTGTTTGAGCAGTATCAAACCACCATGGAACCGGCTCCCTCTTGCGACTAAATTCAGGGCCTCCGGCAGGTAGACATCACCTAAACATCCATGCTAGCTTCAGAACTTTTCCGGGGCAGTTGCCCTCTGTTTTTCCTCTCCCAG
NZ_CP116968.1_gap85	3298475	3303175	4700	ATCACGGAAAATGGCGACCTGCCTGCGCGAAGCCGCTCCGGCGAAGGCAGGGAACGCCGCTGGCGGCTTTTTCAACCGACCCCTCTGCCCGGCTTGCCCTCAGGATTTTACATCTCTATCCTTTTCCTTCCCATGGGATCTGAATTGAACAGCTCTGCATCCGATCATTCGAACACATCTCCGCTTGGGGGAGTTCTCTCAGCTATCCTTCCAGGACTTGGACTCCTGGTCCGGGGATATCCCGTTCAGATGATCTGGGTGCTGATAGTGGGAGGGCTGCTCGGGGTCGTCACGTGGGCTCTGGGAGCCGTCGGGGGGCCGGGAGCGGGTTTGTTCTTTAGCATGTTAATAATCTTGCCGTGGTGGTGCCTGCAAGCCTATCAAGCCTATCTCCCAGCTCCCCAAGGTCAATTGGCCACATTACGCCATGCCTGGAAACGTGGTCACGACATCCGATTTCTTGGCGGGTTATTTCTGTGGACAGCCCTCATGGACCTGTACATTATTGTGGCGAACCCTGAATACCACCTGTCCGTCTTTTGCACCAAACCTACCGGCATCTTAGGTCTGTTATTCAAAGTGCAATCACCCACGCTGCATGTTGCCATCGGGTATGGCTTTCTCAAACTGCGTCGTTGGGCCTTGTTTGTCTACCTGGCCTATGCCGGATTCGGCATTCTCAATGCCACCTCCAATTTCGCCTGCTTTGGATACGGACGCATTCGCACCGTGTTCTTCATTTCACTCCTGGCCTTTACGGCATACGTCATTTGGCGTCGAGACTGTTTGGTGACACGATCCCGACGATCGTAGAAATGGGAGTTGGATCACAAACGTTCGCCCAAGCTTCTGGCTAGACTTTCTGCGTTTCTCCATCTCACGTCCCCTTGGCTCGTATGGTGCTATTCAGATGAGTCCACTAAATCGGAGATAAACCAAACTCACTCTCATCTAACCGGTAAGGGTTCCCCAAACCCCGTTTTCAATCTTCCTGGGAAGGTTTGTAAGAACTTCATTAAAAGAAGACAAATACCGACACGAGGGTATGGCTCACTCCTCTGCCTTAGAGTCTTCTACCTCGCCCTTTTCTTCCACTGAACCCAATCCCTGGTTCGGAGCCAAGGGGGCGTTTCTCGTTTTATTAGGATTTATTCTCACCCGTGAGCTTCTACAAGTTTCTTTAGATTTTAGTTTAGGGTTTTTCGTTGGATTCGGCGAAGGGATCGTCGGCACATTTTCTGATGCTTTTTTGATTGAATTGAACCTATGGACGGCTCCCTTTTTGGCCATAGTGAGTATGGTAGGGGGAGCTTGGGCAGGATTTTGGATTATTTATAAGCGGACAAAAAACCAAAGTTTATTTCAATGGTTCATAAAAATGGTATGGAAGCCAAATCATGATTCGTTTTTCATGTGGCCATTTTTTATAGGGTTAAGCCTCAGTCTTGGCTGGGGCTTGTGTTTTTTCTATTGGTTTTCTCCAACCCAGACTTTACCCAGGCCCTTCACTTCCCAAATGCTGAACGCTCCCTTTATTCCGCAATTATTCTGGATCATATTATTCGTGGTAATCGCTCCCTTCATAGAAGAATGTTTATTTAGAGGTATCCTGTATACCGGATTTTCACAAACATGGGGCCCCCTTCTGGGAGGTATAATAGTTACCGGCATGTATGTGGCACTGCATTTTCCCAAAATCTACGTTTATCCCCCTGCAGCTTTAGCCATTCTCTGCTTGGGCCTTGCCACACTTTTGTTACGCTTGAGAACCCACGCTCTTACATCAGGGATGGTTTGTCATATGTCCTATAATGCTTTTTGTGTTATGGGAATGTTCTTGTTTCATTCTTCTGTAGATTAACGCGACAGCAACACGGCCATTGTATTATTAAAAATATGTAAGAGAATAGACACGCTTAATCGACTGTTCATATAGGCCAAGGTAAATACGCCTGCTAAGAAAAAATGCCAAAAGATATAGAACCAGGTGATATCCGAGTGCCAGTGTAAAAGGGTGCCGATACAGACGGTAACGACTAAGGCTGCCGTCCGCGAGTATAAAGTAGCGAGCATTTCGTAAAAGTATCGCCGAAGAAAGACTTCCTCTAGCAAAGGCCCAAAGAGAGTCAGCGCCAAAACAATAAATCCATACTGGTACCCCGTGAGAATTTGCCAGTCAGGGTCTGCCTTGATTCCCTCACGCCCTATAATTAATCCAAATGCCCAAAATATGATCAGTAACCCTATGGCTAAAACGGCATAATCCTTACCACGAGGTACAAATTCTGACCATTTGATAGGCCCATATTGTTTAAGGCAATAAAGGACTAATAAAAGGTTTGCAAGTAACACCTCTCGCCGGTCAAACTCCTCAAGAGAAAGCAGGAGATTGGTGCCCTCAAGCACAATCGACATAAAAACTGAAGTAACCAAGCAAAGGACAAATAAGGAAAGAAAGGCCACTAGAATGAACCAAGGTTCCCACGCATTGACTGAATGAATTTTTATCCGTTCTTCCATATGTGTTTTCGAATATCCTCTGCGTTCAATCTTTTTTATTTCTTTTCGGTTATTTGGAAAGGAAATAAAAGCAAGGAGAACTTGGCCTTGAAAACCGGGATTAACTGACATTGAATATGGGAAGAACAAAATGAATTGTAAGGCAAGATTGAGGAGTCCCTGGTCAAATTATGATTCGGTCCCCGCCTCAAAATCACTTCCTCTACTTACAAACCCTCCCACATGACTTGCATTGTCTGTAGGACCTGTCAAACGGATTACGAGAGGCCAACGCCTATTATGGAAGCTAGAAACCTGAACCGTGTTTCACATAGATTCTGGTCGGAAGGCTGACGACATGGACCTTTATCGTGTATTCCTCATCGCGCTGTTGTGGTGTGGGTTGGGCGGACTCGTCCACCCACCACAAGGGAAGGCGGGTGATATCCCAACGACCGTGGGGCTGGATCTGGACACCATGTACTTAGATGTGGTCTCCCCTCCTGAACTGAAAGATCGTTTAGTGGTCCAAGCGCGTGACCTTTTTACTCAGTATGAATTCTCTCCGCTTGCGGGGAAACCGCTGGGTCACCACCGATCAACGTTGCAGCTTCACCTGATGGCGGAACCAATCGGAGCGTTATGTCCTGACGCGTTGTTTTATGAACCCATGATAACGTTGACTTCGGCGGTTTTGTTGGAGAGGAAGCCCCGTCCCATTCAAGTTCAGGCTCTAACCTGGTCCATGGAGGCACCAGCTCATACCATAGAAAAGAGCAATGCCCTCAAAGTGATAGAGGCGGATGGGAAAGAATTCATCGAAAAGTTTATTGGGTATAATCGGCTCAGTCGTGCCGCCTACCCGGATTATTACACAAAGCCTCCCACCGTACCCTTAGCGGGAGAAAATGAATCATCCTCTCCTAATCTACCGGTCCCAACCGAACAGGCTATTTTAGAAGGGCTGGAACTTGATCAACTGGAGTTTACTGTGGGGGGTCATGGTCCGTTAGAAGCGTTTAGTATGGATCGTGCTAAATATGCAGCATGGACAGAACAATACAAAAGGAAATTTAAGAGTTTTGTTCAAAGTCAGAATCAGGACTCCGGATTGTCCTTGAGCCAGAGCCATTCAGGGACCATAAACAAACGACTGCTTTTGAGTTTGGAAATGTGGCCCGCGCAAACTGCGTGTCCTCATCTCCGCATCTATGAAGCCTCCATGCGATTATCGGAACCGGTGCAGATCAAAAGAAATGGGCTGTCATTTACGACGGATACATGGATCCGAAGAAAGGTGTCGGTGGTCAGAGAGGTAGACAGTAAACAATTGAGTGCTGAGGCCGATGCCTTAATGGCCGAATTTATTTCAGACCACAAGGCTGCTAATCGAAAACCTTAATCATTCTGGCTTGGGTGCAAGTGTCTGAAGACGACAAATATTTATCTTGTCTTACGTTTTATCCCTGTGGAAACTCACATCCATGATTTTGCACTCATACTTAGTCTTGCTTTGGGTAGGGGGTAGATAATGCCACATCAGGCAACGCATCAGCGGCAGAGCGCACGCGTGGTGAGTGGTTTTCCAGACTGCATGCGCTTGTTGGTCCACACCTCGCTCTACGTCACGAATCTTGCCGGTGTCACCGGCCTTCGTCCACGGCCACAGCGATTACGATAAGAACCGCATAGTCTTGCTTCTTGCAGCCCTCCACTGAAGGCATCGCCCCACCTGGAGTGCAGGAAACGCAGCCTTCTGCACGTTTGCCGGAGAACACGAACCCTCACTGCTCGTCGGTGTATAGCGCGCGGAGCGGCACCTCAGATGCGTCACGTCATAGAGCGTCGCCTGTGCATTGAGCTCCCAGCGGCTATTTCCATCCTTGTCGGGGGGATGAATGGTCAGCACGGTCGTGACCTCGCGGTCCCCCTTGACGCTGGCATCAATTCGTTGATGGAAAGTAGGACGCATACTCGCTGTACTGGACAAAACCGGTATCCTTGGTCGCCAGAATTGCATTGGCCACGGCCGTGGGGATCGGGGTCCAATAGGCAGGCATGTATGCCGCGATTTCTGGTTTCAAGGTGTAGAGCAGGGCGAAGTTGGTCAGCCAGAGAGCAGGCGCCATTGACATCCCTACCTGCGTGCTTACGTCATCTTTGGTGTTGGTCACAAGTTGCCACGGGTCCGAGATGGTTTG
NZ_CP116968.1_gap86	3472373	3473093	720	TCCTCCGCCAAATTTTGACCTGGTGGTCGCCATATTTTTGTGCCGTTTCTGTTTTATTAAGCCCCTGCAATTCTCCATACATCCGCTCATTCAGCGCTTTGTTTTCCTCTACGGGAATCGTCGTCTGCCCAATTTCCTCCAGAACCAATCGTAAGGTTTCCTTGGCGCGTACCAACACTGAGGTAAATGCACAATCAAATCGAAACGTCTTAAGTTTCATACCCGCATCGCGAGCTTCTTGCTCCCCCTTAGCAGTTAATGGGACATCGACCCAGCCCGTAAAACGGTTTTCCAGATTCCACTGAGATTCACCATGACGAATTAACACCAACTGAGCCATCTAGTTCTCCTCCCTCGCTCCCTTTCGTGATTGCCTCTTCAACATTGTTAGGTGACCTATTCTTGCTTGCATTGCTCGGCACCGAATCGTACCATGACCAGGAATTTTTTACCTTCTTTCGAAGCGATATGGCCTCTGACGAACATAAATGGGAACAATTCGCACGCTGGTGGACCGCTTTGGCTGGCCGACACGGCGTCGCAGATCGAACAGAACAGTTTTTTTGCCAAGGTCTTGGGCCGCAAAACGCCTTGGACCGTGCAGCTCAGGAAGGCGGAGATCTGGACTATATCCTATTTACACTCATCAGGCATTGGATTCCCGCGGTCCTTCCCCCCGCAGGACAGGAACGAACTGCAAAAAACGATTCCGACTATTGG
NZ_CP116968.1_gap87	3557962	3559686	1724	AAGAAGTCCGTCATTGAGAATCGGCGGGGTGCCACCAAAGTCAATGCTTGCACATCCAGCCTCTTGAGCGCACTGAATTTCGAAAATGTAGAGCGCCGCAAGGGCACCCTGCTTCATCAGCGTGAGGTCCCCCCCAGCTGTGCCCAAAGCCACTCCACGGAAGACGTCACCCTGCTGCTCAAACAGCGCAGCGGCAATGCGATGGTCGCCCCGCCGCAGCCAGATGAGTCCCCCACGACGGAACTTTCGACGGAGCTGATGCACGTTATGGATCACGGCAAATTCTCCGTGCCGCTTCTGGACGAAGGGAAGATACATCAATGAGTAAAACGACTCGCAGTCTGCCTCTCTATGTGAGACCTCCATCGTGAAACCCTCACGCCGGAGCGTGCCCAAATCTTCCTTTACGCTGCGGCTGGCATGCGCAAGCTTGTCAAAATCGACCGGTAGCAGAAGTCGGCAGCCGATGCTTTCGGGAACCACAAGGAAACCGTCTTCAAAAAAGAGGCGGGCAGAGACACGATCGACGCGCGCGACAATAATGTCTGCATTGACAGCCAAACGTTTTAGGAATGAAGGAAGGGCCCATATAGGCACGGCTCCAACGACCTCTCGCCGAGGCGCACATGCAAAGAAGCGACGCGGCAGGTAATCGGCCCAGGGTTGAAGCCCGGCCACTATGATGGTTCCCGATCGCTCGGAATGTCTGGTTGGCCCTCGCAGAATAGCGACAGGAATGCGAAGCGCAACCCATGGCAAGACCCATGGGGCCCATCTCTTAGCTGCATCGTCCAAGGCGGCTGGAGCATGCTCATAGAGCCACCATGCCCAGTCGTTGAAGCGGGGAAAATTTTGGGTAGCCATGCCCATTTCCAGAGACTCACTACTCAGATGACCAACCTCAAGCAAATAAGGGGGACGTCACCGGCGAATATTTCGTTCCTGCTCTATAAACCGAAAATAATGCCCGCTGCATTTTTTTGGATTTTCAACCATAAAACATGTAGGCCATCTCGGTTATTGGTAATGGGTGGATGACCGGAGGAACTCATCCTCTCGTCAATCGTTTCAGATGTCTCCGCTTCCTGATGCTTAATACGGATCCAAAATGAACCGTTCTTTCTCATCAATATGGTACAACGCAGCAAGACTGAAACCATTCACAGAGATCAGCGCACACTTCGGACATTTCGATATGAATGAGAGTCGCCGCTCGATGGAAAAAGATGCTACGTACTCATCACCCGATGAGGCCTCGCAGACCACCTTTCTGCCCTTAATGTCGGTCTATGCGGACATCATGACCAGGCTCTTCAACACGTGCCTGTGGAAACATCGTCATCACTTGATGATTGAGATATCCGCGTTTCTTGAAAATTCATGATAGGTTGCAGGCAAAAGTCACCTGGTTTTCCATATCCACCTCACGATCGCCATGAGAATTATCAGTCGTCATTGACTACAGGAGGAACCATTTTTTGATCCGGCCACGCAAATGCGTCATAAGCCGATCGAATATGGGAACGATATACTCGGAATTTCCCGTTTGCCTCTCTCGGGATTGTGTCCACCAACACTACCTGGAACTGCACGTCCGATCCCAGCAACGCCATCACCGGTTGAACCAACGCTTCCATCTCCTGTGTGGAGGGTGTGTGGAATGGGACGACTTTCATCACGATGAATTCCAATCGTTCTTGGGTCACCTGAAACTCCCGAATCCA
NZ_CP116968.1_gap88	3575057	3577842	2785	AAGCCAGGGTTGGCCTCCTCCCTGCTGTGCCATAAACGGCATGCCCCCACCCCCATCAATGGGCAAGGTACTCAGGAGGCCAAGAACCTTTTTCTTGGGATTGGCCAACGTGTGAACCATCTTCGTCAAGTCATATTCCAAGAATTCTTCCCGCTCTGGTTGAAAAAAGGAAATCACTTCCAACTCATCCGTCGAACTGGTCCCGGCCAATCCAAAATAAAATTGAGCGCTCCCACCATCAAGCGGGATACCCTGCAGGCCGAATGCGACTGCTCGGTCTTCTTCTTCTGAAAACGGTTCAGGATCTATTATCTCCAAGTACAGTTGGTCTCCCGCGACTTGCGCATATTCCTCCAACATTTCCTGAACGCGGGTTGCGTAACTTTTAATGCCCGGCAAGCCGGTTGCCAGGGTTTTGGAGAGGTAAAACCGCAGTGCAATGGGTTCCTTTAAACTTTTAAGAACGTTCTTGGTGCCTTCAGACAAGGTATACAGGCCATGTTCTGTCAGATCGAATCGTGCAGTACTGAACGCGGCATTACTCACCATGTTGAAGACGCCGAACAGAACGGCTGCCATGATGAGACCGCTTCCCGTGAGTACTTTTTTATTCATCATCACTCCTCATTTGCAAGGTTTCACACCGGATCCTTCAAACCGTCCCCTTACGATTCGGCTTTTTTGATATCAATGACCGTGGCCGTCGCAAACAACCAAAAGGCAATCAACGAAAGAAAAAAGAGAATATCGCGCAAATCCAAGACACCTTTGCTGATCGATTGGAAATGCGTCAAAAAGCTAAATGAGCTGATGGCACTCAGCAGAAATTGTGGGGCCCAACTGCTGAAAAGATCCAGAACAAGTGGGAACCCACTCAAGATGAACCCCAAGGAAATGACCACGCTGATCACAAAGGCGATCACCTGATTTTTGGTGAGAGCGGAGATGCAGGAGCCGATGGCTAAAAATCCTCCGGCCATCAGCAGACTGCCGAGGTAGCTGGCAAGAATAACGCCATTATCAGGGTTCCCCAATACATTTACCGTCAGCCACATGGGAAAGGTCAAGGCCAAGGCGATTCCCGTGAAACACCATGCGGCCAGAAATTTCCCTGCGACCGCCTCCCACATGGTGACGGGCAGGGTCAGCAGCAGTTCAATTGTTCCGGAACGACGCTCTTCCGCCCATAAGCGCATTGCCAACGCAGGGATTAACACCAGATAGAGCCACTGATGAAATTCAAAAAACGGCACCAGGTCGGCCTGGCCGCGCGCAAAATAATTGCCCAGATAAAACGTGAAGGCTCCACTAAGTAACAAAAATATGACAATGAACACCGCCGCAATCGGCGTGGCAAAATACCCGGCCAATTCCCGTTGAAAAATCACTCGAATACGTCCCACAATTCCTCCTTCACTCTCGGAAATGTCTTTCAGCTATTATCTTTAAATTATTGGTCCCTCCGAGAGACATTAAGATGAGATCCCGTTCGTTTAAGGATATACTGCCGAAGGAGCCTCCGGCCGATAGCTTGCATCCCTCCAGAACCAGTCCCTATTACGAAATCGTCTGCTTGGGAGTCGTCAATAAACGAAATACCTCATCCAATTGACCCCGGTCGGGATAAAGTTCCCTCACTTCCCACCCCTGTTCTCGCGCGCAATGTCCAATATCCGGGAGGATCCACTGTCCGTCATCCGGATAAATACGAAATTGCACTAAATCACCGTCCCGACCCACCTCTTCAATCTTTTTGACCCCTTTCACCGTCATCAGGTGATGATGTAAGACCATGGGATCCACTCCGGCTATCGTGCCGAGGACCGTATGGTGAGTAAGAGATTTTCCTTCCAATTCCCCTGGTGTGCCATCAAACACCACTTTCCCCTTCGCAATGATCATTGCACGGGTACAGAGTGCATGTACTTCTTCCAAGATATGCGTCGAGAGAATAATGGCTTTCTCTTTCGCCATGGCCCGAATCAGCGTGCGAACCTCATGCTTTTGATTGGGATCCAACCCATCGGTTGGTTCATCTAATATCAAAATTTCCGGGTCATGAAGAATCGCTTGAGCCAGTCCTACGCGGCGCTTAAACCCTTTCGACAACGTTTCAATCGATTGGTTCAACACCGATTGCAAATTCACCTTCTCGACCGTTTCCGATACCGTTCGCTTTAGCGTCGCTCCGCGATATCCTCGCATCTCCCCAATAAACGTAAGAAACGAGGCGGGAGTCATATCCTGATAGGCCGGCGCTCCCTCTGGCAGATAGCCGATACGCTTTTTGGCATCGATGGGTTGAACGTCAATATTATGTCCACAAATATGCACTGCACCGCTGGTCGGCGTGAGAAAACCTGTGATCATTTTCATGGTTGTGGATTTACCTGCTCCGTTCGGTCCTAAGAACCCGAGCACTTCTCCTTTTCCTACGGTAAACGACACACCATCCACTGCGACAATCGGCCCAAATGTTTTTCGCAAGTTTTCAATTTTAACCGTGATTTCCATGCTACCCTCTTTATCTCAATAATTTCATGAAGTGATCTGTGGCACCTGTTGCGCTCTCGCGTTCTGATTTACCCAACCCCCTTAAAATCAATGGAGATACAATGGGGGCAACTCTTTGACATGTTTGTGAGATTTCGATGGCTTGGCTGTTATGGCCGGCTTGACTGTTTCCCAAAACTGCCGACCATCCCAGTTCTGTTTTTCTGCCGAGGTCGTGTACAAGGTCCGGTCAAGGTTCCAAATGGCCGCAGAAATTGCGGCCGGATCATGA
NZ_CP116968.1_gap89	3579732	3580497	765	GCGCCTCTCTTTCAAAACTTTCTTCAGAAGAATTCTGATCTTCATTCGACTGATTAGAGGTTCTGACAGAATCCGAACCCGACCCGGCTTCTTCTGGTTTCTCCTTTTGAGAGTCAACTGTTTTCGAATCGGATTGTGTATGCGTGGAATCTGAAGGATTCTGTGATTTTTCTCCTTGACCTCCTGCCTCATTCCCATGATTGTTCTGTGTGGCAGAGGAGCCATCCGATTGTTGGGGTGATTCTCCTGCCTGTTCTGCAGATGATGATTTTTCCAAGAGTTGTTTGATGATTTCTAGATTATGTCTGGCGTCGGCATGATCCGGCTGCCGAGTGAGGGCGGTTTGATACGAGGCCAAGGCTTCCTCATAACGACCGAGATTAGCCAAGGCATTGCCTCGATTATAATGACCCTCCGGCGTATCCACTATGGAAAAGGCTTTTTCTGCTTCCTGATATTTCCCTGACCGATAATGGGCTATGCCCTTCCAGCCGGGGTCTTGAAACAAGTCTGCCGCTTCTTCCGGAGCGTCACGCTCTAATGCCTGAATCCCCTGTTGATCGGGACGAACCCAGAGGTTTTCCCAGGAAAAGGCCTCGCTTACCTGGGGAATAAGCAGGAAGGCCAGCAGCATTCCTAACCATCCCGGTCGAAATGCGGGCAAGGCCAAAACCAGAAGCAGAAGGACGAGCCAGGGTCCTTCTTCTCGCCACAGGTCGGTTGTTCGCTGTTCAGATGTTGAAGAGGATAGCGCCCTCCTTGGCA
NZ_CP116968.1_gap90	3593082	3598012	4930	CGGCGATGATAGTCACGAAGACGTTGTTGTTGAGGTGGAGTGAATTTAATAGTTTCCTGATTGTGCAATTCCACCAACTGTTCAACGCATTGCAACAGGGGAGGCACGGCATCAAATACTTTTCCCGCCTCAAAAGCTTCTAAGGATTCGACAAATAATGGAGGGAGAGTTTTGTATGTGACTCCCACTCGGTCGCGAAATCGATAGACCGTAGTTTCATACGCATCGACTGCCTCCGGTGTTGGACGAATTCCACCAGATAATGCCAGCATGGACTTGGCCGGGACTTTTGCTGCAAAGGCCGCCAGACCGGCAATCAGTTCTCCTAATGTGTCAACCACCTGCCCGGGTTCCAGTTTTGCCTCTTTATTCATATCTTGAAATCTACTCCAATCGCTTGCCTGCTTGTCAAGACAATCATTCGTCTTCCTTACCCTTCAAGGCATTCAGTACGGTCATCATATCTTCCGGCAACTCCGCTGAAAATGTCACCATTTTGTGAGAAACAGGATGGACGAAACCAAGAACTTTGGCATGCAACATCACACGGGGAATGCCAATTCCCCCAACATCCATAACTTTTTTCCCTCCATAGGTTTGGTCACCCAAGATCGGACATCCGATAGCCTTGAGGTGAACTCGTAACTGATGCGTGCGTCCTGTGCCAGGGAATAATTCCACATGTGCCGCCGCTGCCCCAAATCGTTCTTTCACCCGGTAACTGGTCAGCGACTCCCTGGGATTGGTTGTGCGTGCGGAAAATGTTTTCCGGTCTTTGGTATCTCTTCCAATCGACAACTCAATCCGGCCTTCCCGTGTTTTTGGCCCTTCCCACACAAACGCCTCATAGACCCGAATAATGGAGTGGGCTTTGAATTGTCCCGCTAATATCCGGTGAGCCTGATCATTTTTCGCCACGACTAAGATCCCGGTCGTTTCCTTGTCAAGTCGATGCACCAACCCCGGACGTTCCTTTCCTCCAATAGTGGAAAGATGCCCTTCCCCGCTTTGCATGTGATGCAGGAGCGCATTAACCAAGGTCCCGGTCCAATGACCCGGAGCCGGATGAACCACAAGGCCGGCCGGTTTGTTGAGAACCAATAGGGATTCATCTTCATAGAGGATGATAAGGGGAATTGGTTCAGGATTGATCGCCACGGGCTCTGGACGCGGTACGACCAGCACAACGCAATCACCAGGCCTGACCTTGTGGCTGGGTTTCACAACCTGACCACCCACGGTAATATGGCCGTCTTCAATTAATCGTTGGAGGGCTGTTCGAGAAAAATAGGGTTCGCGATTGGCAAGAAAATGATCAAGGCGTTTGGGTGATTCGCCTGCGGTGACGATGAACTCCGTCCGCGTAGCGACATGCGGCATAGCAGATAAAAAAACGGGTCGATCGATTACTTTATATAAGACGAGAACCGGCCTGTTGGCGGTGCCGACCGGCAATTTTCTGCCGGAGGCGGGCCTTTTCCAAGCTGACGCGAGCTTCCTCAACTTCTGAGGGTAACCCGCCACGCTCCAGACGTTCTTCCGCTTTTCGAACGGCATCCTCGGCCCGTTCTACATTAATGTCTTCAGCCTTTTCGGCAATTTCGGCCAGAATCGTCACCTTGGTCGGCGTCACTTCAGCAAACCCCCAGAGCACAGCCATGTATTCAGTCTGTTCACCAATACGGTATTGAAGTTCGCCAATTCGCAAGGTAGTCAGAAAATGACAATGGCCAGGCAGGACACCGAAATCTCCCTCACTCCCAGGAGCAGACACGTAGTCGACTTCCTTACTGATCAAACGGTGATCGGGGGTGACCACCTCTAAAAGAATTTTCCCTGATGACGTCGCCACACCAGCACCTGCCATTAGCGTTTGTATCCGAGTTTTTCAGCTTTTTCGATGGCTTCTTCGATTGGCCCAACCATATAAAAGGCTTGCTCTGGAAGATCATCGTATTTACCATCCACGATTTCTTTGAAGCTTCGAACAGTATCAACGAGTTTCACATATTTCCCTGGGGAACCGGTAAAGGCTTCTGCCACGTGGAAGGGCTGAGAGAGAAACCGTTGAAGTTTCCTCGCCCTGGCCACCGTTTGCTTGTCGTCTTCGGATAATTCGTCCATGCCTAAGATGGCGATGATATCTTGAAGATCTTTATACCGTTGCAAAGTGCCTTGTACCCGTTGCACTACCTGGTAATGCTCGTCACCCAAAATATGGGGATCTAAAATTCTTGATGTGGAATCCAATGGATCGACCGCAGGATAGATGCCCAACTCGGCCAATTGGCGTGACAACACCGTGGTGGCATCCAAATGGGCAAACGCCGTTGCCGGGGCTGGGTCAGTCAAGTCATCAGCCGGCACATAAATCGCTTGAACCGAAGTGATGGATCCCTTCTTGGTCGATGTGATCCGTTCTTGTAAAGTCCCCATCTCCGTCCCCAACGTCGGTTGATACCCCACGGCTGATGGCATTCGACCGAGCAAGGCAGATACCTCGGATCCGGCTTGAGTAAATCGGAAGATGTTGTCGACAAAAAGCAGAACGTCCTGATGCTCCTCATCGCGGAAATATTCGGCGATAGTCAGTCCGGTGAGGCCTACCCTGAGGCGAGCTCCTGGTGGCTCATTCATTTGCCCATAAACCAAGGCGGCTTTTGATTTTGAAAAATCATGAGGATCAATGACCTTGGACTCCTGCATTTCATGCCAAAGATCATTACCTTCACGAGTCCGTTCACCGACTCCGGCAAAAACTGAAAACCCGCCATGGTGAAGGGCGATATTATTGATAAGTTCCATGATGATGACGGTTTTACCTACGCCGGCACCACCGAACAACCCGACCTTTCCCCCTTTGGCATAGGGCTCCAACAGGTCGATGACTTTAATTCCAGTTTCCAATATTTCGGTTTTGGTTTCCTGGTCCTCTAACGCAGGGGCTGGACGGTGAATGGACCACCGTTTTTCCGTTTTGACCGCACCGAAGCCATCAACAGGATCCCCCAAAACATTGACGACCCGTCCGAGGGTTTCCCGTCCAACGGGAACAGAAATCGCCGCACCGGTATCTTTCACCTCTAAACCACGGACCAATCCATCGGTCGAAGACATTGCCACGGCTCTTACCCGGTTTTCCCCAAGGTGCTGGGCCACTTCCAATGTAACCTGGATGTCCGACTGTCCGCTCTGATCTCCCGAGCGATGAGTGATCGTTATGGCATTAAAAATATGAGGAAGTTTCCCTGGAGGAAACTCCACGTCCACCACCGGTCCAATGACTTGAATGACTCTTCCATTTCCGACATCCGTACCCACCATAGTCTCCTTGGTTGAAAAAGATTGGTGAACGGTACACGGTACCCCGTGCCCGGCCATGATCAACCTTCGATTTATTTCAGGGCCTCTGCGCCTCCCACGATATCCATCAATTCTTTGGTAATCGCGGCCTGACGTGTTTTGTTATAAAATAAGGTGACCTTTTTGATTAATTCTCCGGCATTCCGTGTGGCCCCATCCATGGCCGTCATTCGTGCAGCCTGTTCCGCGGCAGCCGACTCTAATAAGACTCGATACGTCTGTATTTCAAAATGCTTAGGCAATAAGGTGGCTAACAATTCATTTTCATCGGGTTCATAGAGATAACTCCCAGCCGTCGCCGGCATCTCCCTTTCACCAGGTTCTTGGACCGATTCAATGGGTAGCAGCTTTTCAACGATCACCTGCTGCTGCATGACCGATTTAAATTCGTTATAGACCACATACAGTTGATCAAAGGTGCCTTCATAATATTGGGACACAATGTTTTGCCCGATATCCAGGGCATGCTCAAAACTGAGCCGATCAAAGACTCCTCCCCATTGTTGACGAATTTTCCAAGGGCGTCGTCTGAAAAAATCAATAGACTTCCTTCCGGCCAAACTGACCGAGACTTGTTTTCCCTGGCTGGTCTGCTCCTCCAAAAATTCAACGGCCTGCCGGAGAATATTGGTATTAAAGGCCCCGCAAAGCCCGCGGTCGCTTGTAACCACCAGAAGTTCGGTCGTATTCCCGTCACGTCGCTGCAGAAGAGGATGAGAGGCCCGATTAACCCGATCGCTCAGGTTCCCCATGACTTCTCGTAACTGATGGGAATAGGGCCTAGCCGCTAAAATACGATCCTGCGCGCGCTTCAACTTAGCCGCAGAAACCATTTTCATGGCTTTGGTTATCTTCTGCGTGTTTTTGACGGACGCAATTTTTCGTCGGAGACTTTGAAGACTTGGCATAACAAAAAAACTTTACCCGGCTTGATCGTAGCCTTTGGACTGTTTAAATTCGGAAATGATGCTTTTTAACTTACCCCCAAATTCCTCATCAATCTTCTTTTTGGTCACGATCTCTTCTCGCACATTGGGGTGTTTTTCTTTAATATAGGCTAACAGACCTTGCTCAAACTCCCGGATTTTATTTACAGGAACATTATCAAGAAACCCGTTCACCCCGGCATAAATTGACAACACCTGATCGGCCACAGCCAGCGGTTTATACTGTTCCTGTTTCAGCAGTTCGACCATGCGCGCACCTCTAGCCAATTGAGCTTGCGTAGCTTTATCCAATTCACTGCCAAATTGCGCAAAGGCTGCCATTTCCCGATACTGCGCCAAATCGAGCCGGAGAGTTCCAGCCACCTGCTTCATCGTTTTAATTTGCGCAGCCCCTCCAACCCGGGAAACTGATAGCCCAACGTTAATCGCCGGCCGAATACCGGAATAGAACAGGTCAGCTGCCAGATAGATCTGTCCATCAGTAATAGAAATCACATTTGTGGGAATATAGGCGGAGACGTCACCTGCCTGCGTTTCGATAATCGGCAATGCCGTCAAACTGCCGGCGCCTTTTTCATCACTCATCTTCGCGGCCCGCTCTAATAACCGGGAATGCAAAA
NZ_CP116968.1_gap91	3612843	3617634	4791	TGAATTTTGTCAGCCCTCGGGTGGGAGATGACACCATTGAAACATGGTTTCAACCTTTGATTTTGGAGAGTCTTACGGAAGATCAAGTGCATATCCGTGTGCCAAATAGATTTTTTGGAGAATGGTTAGGCAGAAACTATAAAGATTTACTCAAAGAGGCCTTTCACCATGTCGAGGGGGTGAATCCGGCAGAGATTATTTTTGTGATGAAAGAGCAGGATGGAGACGGAGAGCCATCGCCTCAGCTCAAAACAGGAGTTCGAGAAAACCGGGTGCCCGCTCAACTTCAACGAGTGAGACGTCAACCTCTTCCCAACCCCAAATATACCTTTAAAAACTTTGTTGTGGGAGCGAGTAATCAATTTGCACATGCCGCTTGTCTCGCTGTCGCAGAATCACCTGCGAAAGCGTATAACCCGTTATTCATTTATGGCGGGGTGGGGTTAGGGAAAACGCATCTTCTCAACTCGATAGGAAATTATATTGCTGATCATGGCGATCTCCGTATTGCGTATGTCACGACCGAGCAATTCACCAATGAGGTTATAAACTCCATCCGCTATGACAAAATGATTGAATTGAGAAGGCGATACAGAAACGTGGACATGCTGCTCATTGATGATATCCAATTTTTAGCAGGGAAAGAACGGACACAAGAGGAATTTTTTCACACATTTAATTCTCTCTATGAAGCTGGAAAACAGATCGTATTGTCGAGTGATCGGTTTCCCAAAGAAATGCCTTCAATGGAAGAGCGGCTTCGGTCGCGCTTTGAGTGGGGACTGATTGCCGACCTTCAACCACCTGATGTCGAGACTCGAATCGCCATTCTCCGAAAAAAATCGGAGGAAGAAGGTATTGCCATCAATGAGGAAGTCATCCAGTTGTTGGCGGCGAACTTAAAAAGCAATATTCGTGAAATTGAAGGGGCACTGATTCGACTTGGTGCCTATGCATCTTTGACGGGTCAAAAAATCACGGCGGACATGGCTAAACACATCCTCCGTGATCTTCTTGGTGGAAAACGGAAGGTGATCACAACTGAGGATATACAAGAAGTGGTCGCGAATCGGTTCCATGTCAAGATATCCGACTTGAAGTCGAAACGACGAACGAAAACCTTAGTGTTTCCTCGCCAAATTGCGATGTTCCTCAGCCGGGATATGACAGACTCCTCCTTTCCGGAAATAGGAAGAGACTTTGGGGGGAAAGACCATACAACCATTATTCATGCTTGTAAGCAAATGCAGAAGGCTCAGGAAACGGATTCCACTCTTCGAGCCACAATCGAAAGCCTGAAAGAAGAAATCGGCAAGGGATAACACCACCGTTTATAGGACACCTATGAAAATTCAAATAACCAGGGAGGATTTGTTAACCGCACTCCAACGCGTGCAGGGAGTGGTGGAGAAGCGGAATACCATGCCTATCCTGGCGAATATTCTGTTGGAGGCCAAGCCGGAAGGGCTGGACATTGTGGCCACTGATTTAGAAATTGGCATGAGAGGTCTCTATAAAGCCACGGTCCATGAGCCCGGGTCTGTCACATTTTCCGCACGAACGCTTTTCGATATTTTGAAAGAAATCCGACATTCCGACATTGAATTGGTCGTAGGGGACAATAATTGGGTGACCGTGAAAGCTGGAAAAAGCCAATTTCGTGTGGTGGGCTTACCCAGTAAGGATTACCCTGCCCTTCCAACTATTGAGCGGGAAGGGTTGATGGCACTCCCCGCGCAGGGACTGTTGCAGCTTCTGAAAAAGACCGTCTTTGCCGTGGGGGAAAAAGATACACGTTATGTGTTAAACGGTCTTCTTCTCACCCTGATTCCTTCGGGAGCCACAGTGACGCTTCGTTTGGTGGGAACCGACGGACATCGATTAGCCTGGGCTGAGCAGGAAGTGACTCCCGAGAAAGCGGCTATTCCCTCAGCAGAAATTAAGGTCATAATTCCCAAAAAAGCCGCCATAGAAATCCGGCGACTTTTGGAAGAAGACGACGAACAACCGTTCCTTGGGTTTACGAAAAATATGTTGATCTTTCGGAAAAGCGGGTTGGTGTTAACCTCACGGATTATGGAGGGGACCTATCCCAACTACCAGCAGGTGGTACCGAAAGAAAGTCCTAAAAAAGTTACTGTCAACAAGTCCGATTTGGAGGGTGCACTTCGAAGAGTGGCAATCCTTTCGAAAGATAAAGCCCATGCCGTGAAACTGTCCATCAATCCCGATCACATTCATCTTTCTTCAAAAAGCCCGGATTTGGGGGAAGCGGATGAAGACATCCCGGCTAAATTTGTGGGAGAAAGTTTTTCCACGGGTTTCAACGCCAGGTATTTCCTGGATGTCTTATCCGTCATTGAAACGGAAACGCTGACCCTTCAAATGGAAACACCCTTAAGCCCGTGTTTGATTCAGGAGCAGGGTAATCCCACGTTCAAAGCCGTGGTGATGCCCGTGAAGGTTTGACGGATTTGACCCAACAGACATTCCTTCTTCCACACGCAGTCAAAGCCTAAAATTGTATGGAATCCGCAAAAAACCCTAGCCAAGAATCTGCCCCCTCTGCAGACCGCCAACATTCGGATACTCGGTACGATGCCGATCAGATCCGCGTCCTGGAAGGACTGGAAGCGGTGCAAAAACGACCGGCCATGTATATTGGCAGCACGGGGGTCGATGGTCTGCACCATATGGTGTATGAGGTTGTTGATAATAGTGTGGATGAACACATGGCCGGCTATGGAAATGAAATACAGGTCGTGCTCCAAGTGGATGGCAGTGTCATGGTTTCGGATAATGGAAGAGGGATTCCCACCGGCATGCATTCCACCCAGAAAAAATCGGCCGCTGAAGTCGCATTGACCGTCCTCCATGCGGGCGGAAAATTTGAAGAGGGTGCCTACAAAGTCTCGGGTGGGTTACATGGCGTAGGCATATCGGTCGTGAATGCCCTCTCGGAATGGTTGGAGTTGGAAATTTGGCAAAACGGGGAAGTCTTCGAACAACAGTATCAACGTGGGAAACCGCAGACTCCATTAACGGTCGCAGGGATCACCAAAAAACGCGGAACGAAAGTTATTTTTAAGCCGGATCCTCTCATTTTTGAAACTGTCGAATTTAGTTTTGATGTCCTGGCTCAACGACTTCGTGAATTGGCCTTTCTCAATAAAGGATTGGAGATCTGTTTAAAGGATGACCGGGCGGGAAAAGAAAAAGAGCAGGTGTTTTGTTACATAGGAGGAATCGTCTCCTTCGTCGAGCATCTGAATGAAGCCAAATCTCCCATCCATCCTCCCATTGTCGTGGAAGTGGAAAAGCCCGAGATGATTCTCCAGTTGGCCCTTCAATATAACGAAGGGTATTCAGAGAATTTATATTCCTTCGCCAATAATATTAATACCCGTGAGGGCGGCACGCATCTCATCGGATTTAAGTCGGCCTTGACGCGTACCATCAATAGTTACGCCACTGCCAATGATTTATTTAAAAAAGATTCGGAATCGCTGAGTGGAGAAGATGTTCGAGAAGGGTTAACCGCCGTAGTGAGCGTGAAAATCCGCAATCCGCAATTTGAGGGCCAGACCAAAGCCAAATTAGGCAATAGTGAGGTTAAGGGCATTGTGGAGTCGGCCGTCAATGAAGCCTTGGGATCGTACTTAGAAGAAAATCCTTCGGTGGCAAAAAAAATCGTCGGGAAGTCGGTGGATGCCGCACGGGCCAGGGAAGCCGCAAGAAAAGCCAAAGAACTGATTCGAAGAAAAGGCGCGTTGGATGGCGGATCACTGCCAGGAAAATTGGCTGACTGCTCCGAAAAGGATCCCCAATTCAGTGAACTCTATCTGGTGGAGGGTGATTCGGCCGGTGGATCGGCAAAGCAGGGTCGCGATCGACGTTCACAAGCGATCCTTCCTCTCAAGGGCAAGATCCTGAATGTCGAAAAGGCTCGATTCGATAAAATGCTCGCCAGTGAGGAAATTCGAACGCTTATCATGGCCATCGGAACCGGAATCGGTCGGCCACGAGAGGACGCAGAAAAAGGCAAGGAAGATAAAGATGCCTTTGATATCAATCGAGCCCGTTACCACAAGATTATTATCATGACTGATGCGGATGTCGATGGCAGCCATATCCGGACTCTTCTCCTGACTTTCTTTTTCAGGCAAATGCCGGAACTGATCGAGCGGGGCTATATCTACATTGCCCAGCCTCCCTTGTTTAAAGTCAAAAAAGGGAAAGGCGAAAAGTATCTCAAAGATGAAGCGGCGATGAATACCTATTTGTCTAATCTCGCCGTGGAGGATACCCAACTCTTTCTTCCGGAACAAAACCAATTCGTGACCAGGGATGAACTCATTCCGATATTAGATAAGCTGGTGGCATTTGAAGGGCTCTTAATCCGTCAGGGGCAAAAGCAAATAGAGCCGTCGCTGCTCCGCGTGTTAGTGGATTTTCCGGAATTAACCAAGGATTTGTTAAAAAACCGTGGCGACTTGGAAGTAGTGATCGAGGAGGCCACACGCCGGCTTCGCCTCGCATTCCCCGAAGGAACCGTGGAACTGACGATTCAGACCGATGAAGAGCATCAGGCCCACCATATCCTGTGTCGGGTGGCAGGGAATGGCAGTCAGAAATTTTTGAATCTGACTCACGACATGGTGGGATCTGCAGATTTCAGGGAATTACAAAAGATCGCTCCTTCGGCCTTGGGATTGGGGCGACCACCCTACCGCTTAAAACGCAAAGAGATGGAAACGGAATTTTCCACCAGTCAGGATCTCGTGACAGAGT
NZ_CP116968.1_gap92	3619597	3624459	4862	CTTCGTCGAACAAATCTTTACGGCCTCAACCCATGATTACCTGTTGTTCTTCACCGATGCCGGTCGCGTGTACTGGCTCAAGGTCTATCAATTGCCCGATGTCGGGCGGTCCAGCAAAGGGAAAGCCATTGTGAATTTGTTGACCATCAGCCAGGGCGAGCGGGTCACCGCGACTCTGCCGGTCCGGGTGTTTGCCGAAGACCAATATGTTGTGATGGCGACGCAAAAAGGCTATATCAAAAAAACCGATCTGGCCGCGTTCAGCCATCCCCGGCAGGGGGGGATTATTGCGTTGACCCTGGAGGAAGGCGACCGGCTCATCGGCGTGGATATCACAGATGGCACGAGAGAAATTCTCCTGGGCACCCGAATGGGCATTGTTATTCGCTTTCGTGAGGAAGATGTCCGTCCGGTTGGACGAACGGCCCGTGGAGTCAGGGGCATCACGTTGGTGGCGAGCAATGAGGTTATCGGGATGGTCACGATTACCAGTCAAACGCAATCCTCCATTCTGACCGTCACCGAACGCGGGTATGGTAAACGCACACAGGTAGAGGAATATCGGCTCCAATCACGGGCTGGAAAAGGCGTCATCAGCGTCAAAGTCACGGAGAAAAACGGCCCGGCCATTTCGTTCCATCAAGTCTGGGAATCCGATGAGATTATGCTCATGTCCGCAGAGGGCATGATCCTTCGCACCCGCATGGGAGATATCAGAGAAATCGGACGCAATGCCCAAGGGGTACGGCTGATCCACTTGCCCGATGACGATCGGGTGGTGGGCGTCGCCAAACTCGCTGAGACAGATGAAGGCGATCTACCCGATCCGGATGAACTCAATGGCGAGATGCCAGATGAACCGGCCTCCTCAACGGAATAAGTTCACGCGACCCTCTCAGAACAGCAAGCCGAAGACGCCGGTGTGTTCCGAGATGACCAGAGAAATTGAACGGTCATCTCACCCGCGTGTTCTTCTTCAATTACTCCCCCGCTTGCATCTTCCCCGGCTCACAAGAGGAAGCAGAAGGAAGCGATTGCCTGAGGGAAGGGTTTAGGTTGGATTCCCCTCACAAATCCCCCGGCCAACCAGCAAGGCGCAAAAAGTTCGATCCCATCGTCCTAATGGGATTAGGCATTTTGATCGGAGGGATTTTTGTCATCTCCCTCGGCATGTTCCTCTCCCGGCCGGACCGGTCCATCCCGCCCTATAGTATCGGAGCTCAAGAGGGATCGTTGGTGGCCGTCCATGTGCCCCCCTATACCAGTGATCCCGAAATACAAACCCTGGTCAGGCGGTTTGGCGATGTCGGCAGGGCCACCCGTGATTTCGCGGACATGAAAATCCGCCCCACCACTTCCGACGATCCTCGCGGACGATACCAAACGTTACAAATCCTCATTTTTTCAGATCCATTCTGGACCGAGCCGGATAACCTTCACCGGTATGTCGCCAATGAGGTCGATGACGATTCGGAAAAAACCTTTCGGAAAAACTTTGAAGCTGCTGTGCGAGCCGGGTATCGTGCCGATGCGGACGGTCAGGCGGGATGGATCGGCCCCTGGAACCGAAGCGGGTCAAAAGATCGAACGCTTACGATGCAGTGGGTGTTTCAAGAGACGTGGGAGGAGGCAAGTCTTCATAATCAGACGTCTTCCCCGGCTCCCTAGTCGAGGGCGATGCTTCAGCAAGGGCTTTAGTGATAGTCTGAGAGAGGAGGGTTTGGAGGTCAGGATTACTCAGCCGTTTCGCTAAGCCGGTGGCAAAGGGCGACGGTTCACCGACAAAATGGGGAGGGTCCTGGGGTAGTGGATCCGGTTGAGGCGGGGATTGAGGAATGGAGCCGATGCGTAAGACGACCTCCGTTAAGCCCAGTTCCGGCATCATCGAATGAATGGCTTCCAAAATGGCCGGTCTCAAAAACATGAGCTGCTGAAGCCAAATTGAGTTATCCGCCACCAGATGCAATTTTTTAAAGCGGATACTCTCAGGGTAGGAATGTTTGGCCATCGTCGCACCCACAAGATGTTCCCACTCCTGTTGGAGTTGGACCTCGGACAGTTTGAGGCCGAGCGGATTCCCTTTGGAAAAATCTTGAATAAGACTCTGGATCGATTCAAAGGAACTCATTGTGAGGGTATTGTATCGTACTGTCCTGGTTGATTCATCCGTTTGGCACCCATTCTGTCATCTTGACCCCAGGGAGAGATCCTTTTCCCTGGCATCTTGTAGGGGTGATGAATAATTAATAATCCGTTATTTCAGGTGACTTTGATAGGTAGCCAATAGAAGAAAGAGGGGCTGTTCAAAAAGGTCGTCCAGCAAGGCCGCAAGCCGCGAGGAGGGCGAGGCGTACCGGGTAGGTACGTTGAGCCCTTCGAAGCAATGAGAACGGCGCTGGCGACATTTTTCAACAGTCCGCTAAGGAAAATCAGGCATGGCAAAACAAAAAACAGATCCCTCCAGTAAAGTCCTCAGCACCAACCGGAAGGCCTTCTATGACTACATGATAGAAGAGAAGGTCGAAGCCGGTATCGTCCTGGTCGGGACCGAAGTCAAAGCCTTACGGGAGGGACGCCTGAATCTGAAGGAGAGTTACGCCGCTATCATCAATGGCAAAGCCATCCTGCATAACTGCCATATCGGCACCTACAGTCATGGCAATCAAATGAATCACGAGCCGTTACGCCCAAGAACCCTGCTGTTGCATAAGAAAGAGATCGAGCGGTTAGGGGAAAAAGTCCAACAGAAAGGACTTACCCTCGTCCCGCTTCGCCTCTATTTCAATAACAGAGGGCGGGTCAAGCTGGAACTCGCCCTTGGGCGAGGGAAGAAAAACTACGACCGGCGGGACACCATCAAAAAGCGGGAAGCCGGTCGCGAAATCGACCGCGCCATGAAAGAGTCTCGATCCTAGGATTCAGTGGGCCTTGACCAGTGATCATGGACGTTTTTCGCACGCTGGACTGGGAATATTTTAGGAATGATAAATTTTGTTTCCGATTTGGCCGAACAGACTGTCCTCTGTTTCCAAAACCAAAATGGATAAAATACCTTTTGGACCAATTCCCTTTCCCTATTTCCTTGTTGTCGAATAATATAAAATAATTTTAAGGTCATAACAACGTATTTCATATCCATACTATTCCAAGAAAAGAAAACAGATTAAGGCATGATTGACGGATTTTACTCTATATTTTTTACCGGAGTTTCTGGACAAGGATTCGGGGTCATTGTTCTAAAAGATGGAATACTTGTTGGAGCTGATAATACTGGCGGTTCATATGACGGACACTACACAGTTAACAATGAAAAACAGTTTCTAATAGGCGAGGTGGTTTTAAATGCGCCTCCCGGGATTCAGCTTGTAACTGGTGCTGCAACGGGTTCTGAGCCAGCCTCCTGGGTTATGCCATTATCATTACCGCCTGATTTTGGTAATGGCAGGGCATTTCCAATGAAAACGCCAACTGGGCCGATCAATATCATCTTTAGAAAGTTAAGAGATATTTAAATGGATGGGACGACTATAGCAACCATTTTTGCAATTATTATTGGACCGTTAATTGGAGTAGCCTTAGCGCGATATCTCACCAGTCTCGAAGATACTAAGCAAAGAAGAATGGAAATATTTCGCACCCTGATGAGGACACGAGGTCTTGTCATTTCCTATGACCATGTCGGGGCCTTAAATCTTGTCGAGGTGGAATTCACGGATGAGGGAAAGGTTATTGCCGCTTGGAAGGGGTATCTGAAGGAGCTAAGCACGCCTTTCCCTCCTACTAAAGAGGAAAGGGCATTCCAACAGAAACAAGAAACTTTTCGAAAACTATTAACTAAATTACTTCATGAAATTGCGAAGGTGCTGAACATTAAAATGGAGCAACTCGATATTTTTGAAAGTAACTATATTCCTCAAGGTTGGCACGATGACGACCTTCAACAAAGATATTTACGAACGTTGGCAATAAATCTCCTAAGTGGACGAAATCCACTTCCTATTTCTATCCCAAGTGCTCCAAATCAAGCAGAGGAATTCTCCCCGTTCCCACCCCCACCAGAAAGTAAAGGTGGTGATACTTGTAAGGAGAACTCCTAAAAATATCTCTGTCTTTAGCCGAAAATCTCTCAATTAGGGTCCCCCCCGTCGGTTTTTAAAATTCCCCATTTTTACTAGTCAGCTCTCTATCTTGGACGAAATTTTCCCATACACACTTTTTAACATGACCTTTTCGTTGCCAACCTTGGAGTGAGCTTCTACACTCCCTGTTATGTCCAACACTATTGATCAGTTCCCATCAGATCCGGCGAGGCCGGTTTTTCGGCCTGGAGATTTCAAAGGCCGTGAGGGATTAGTCCGCAATATGTTGCGGCGGTTGGAACGGGGAGAATCCTTAAGCCTTGTTGGTGGGCCAAAATTAGGAAAAACTTCGTTGCTGCTTCACCTCGCCTGCCAAATGAATCATGCGGGGCCGTCTCCAAGGTCCACCGGGCCGTCAGCCTTGTATGTGGATGTTGCCGACGAGGCTGATTGGAAACGATTCCACTCCCGCCCGCCAAATCCTGACACCATTCTTCTTCTTGATAACTGTGATCGGCTGGTTGAAGGGAAGGCTTGTTCGCTTTCAGACATTGATCTTTTGCCTGGAGGTTCCACAGTCTTTGCCGGAGGACGAGCCTGGCGGGAGGTGGTAAGAGGAGGCGATTTGCCACACACACTGAAGTTGATCCCCTTGTCGGTGTTTTTGGAAAAGGAGGCACAACAGTTATTCAATCCGGACCTTTCCACCGAACAACATTCCACTATCCTCACCTATGCAGGGACTCATCCCTATAACTTCAAGCTGTTGCAGGCTGCATTCCT
NZ_CP116968.1_gap93	3714920	3716260	1340	AAAGTGGTCACTAAGGCTCCTAGTCGATCAGTTCCATCCCCTACCCGTTCAGCCGAGACGAAGACTGGAGGAGAAACGCTTTCTCTCACGGAACGCTATAATCTGGGTGGCCTGTTCGTCTGCGCGATTGAACGAGCGAATGATCCCGAGTTCAAGCGGCTTCGCGCCGTGCTTCGTCATTTGGATCTTCCTTCCCAAGAAAAAGATAACCTTTTACGCTTGTCGCAAGGGTTGACGATTCCCAAATTGTTTGCGGATGGCGTGGGTGGGGACAAAGTCAGTCAGATCCTGACGGACTTCATCCGGTTTGCATTGGCTGAAGGGGCCTATGAGAAAAAATGGCGGGATGAAATCAGACAGGTTGGGGTGTGGTTGGGCTACTTTCCCCAGCAGTTCGAACAGATTGAACAGAAAATTTTCGCGAAACGGTAGCGTGGTTCTGGTTACCCAAGATCGCGGCGGCCTTCGATGGATTTGAGCAGGGTGACCTCATCGGCATATTCGATATCCATCCCGACCGGAATGCCATAGGCGATACGGGAGACCTTGACCCCCAGGGGTTTTAATCGCTTGGTCAGGTAAATGGCGGTAGCCTCTCCTTCGATCGTGGGATTGGTGGCCACGATGACCTCCGTGAATGCTCCATTCTGGACCCGATTTTCCAGGTCATGGGTACGGATATCTGCCGGCCCGATGCCGTCCAGTGGAGAGAGCGCCCCATAGAGCACGTGATAGAGGCCTCGAAAGGCCCGGCTTTGTTCGATCGCATACAGGGTGCTGGGCTCTTCCACGACGAGGATGATCGTGGTGTCCCGTTTCGGGTCCAGGCAAATCTCGCAGAGCGGGCCTTCGGCAATGTTCCGACATTGGGTACAGAAGGAGACCCCTTCTTTCACATCACGAATAGCATCGGCCAGCCGTAGCGCCTCTTCTTTTTCCGTCTTCATGAGATGAAAGGCCAATCGTTGAGCCGTTTTTTGCCCAATGCCGGGCAATCGTACGAGTTCACGGCTGAGACGAGCGACCAGCCCTTGCGGTTGGCCATTGGCTCTGGTGTGTTTGGTTGAAGTGGTTTCCAGCATAATAAACCTCGCTTGGTCAATTAGAACATGCCGGGAATGCCCATCCCTCCGGTGAGGGATTTCATTTCTTCGGCCATCAGCTCTTTCGCCTTTCGCAAGGCTTCATTGGATGCGGCGACGATTAAGTCTTGCAACATGTCATGGTCACCGGATTTCAAGACTTCCGGATCGATGGTCAGCTTGGTTAATTGCATGGCTCCGTTGGCTTCCACGGTCACCATTCCGCCTCCAGCTGAAGCCTCGACTGTTTTCGTGGCA
NZ_CP116968.1_gap94	3799072	3801886	2814	TTCATGCACGCCAGCAGCCAAGGGATTCAGTTGTTCAGGGGAGGCCAATACGAATTGGCATTGGAAGAATTCAATCGGACTCTTGATATCACTGATTGGAACGATGAGGTTCATTTGGTCCGATTTGTACAGTTGCAAAAATGGCATACCTTGCTCGAACTTGGACTGAAAAGTGAAGGGGAGGTTCGAACACAATTTCATTCGGGTGCTCAGAGGATTGCTTCAGATGATGGCGAGATTCGAGATTTATTCAATGCGGCGTTCCCAAAAGGTGCCGCGCACGCAGTTCAAGAACTGTACTGCTGTATTTTTTATTATCTCCAATGGGAGGCTGCGTCAGCCGTTGAAAAAAGATCAGTAAAAAAAGACTTTGATGCTCATTTCAGCCTCGCGACTGCCAAAAGAACTTTCGGACGGACCGAGGAAATAACGAAACGTTGCAGTGAGCTATTGGTGCTGTTAAGACAATGAAGAGAGAAAAGTTGCCGAACAAATTCACTACTGAGTGTCGCCTGAATCCCTCCCAATATGGCTATCCCGTTTGATTGTAAATCGTTACGCTTGCCGTTCCCTCACGGCTATCCCAATCGAATAATATCCTCGATCCAAAGGGTTCTAGAGCTGTAAGGCCTATTGGAAAGTGCCTGGAAGAATTTGTGATCGGCCGTGATCACAGCACCATCAATCGTCTCGGCCAAAGCGAGGTAGAGACAATCGTACAAGCTTTGATGAGTCGCAAGGGTCAGAGCATAGCCTGCGTGAAAGAGTCGTTCATCGGGATGGTATTGAAGCGGGAAATCAGCTGCGGCATCTAGCGAGTAGCGTCAGAGCACATTATCCCAGACGAGGCATTGAATCTCGTGCACCTTCCGAAGGCCTCGATCATTTCCGTAAAAGGGAAAGGTAAAGCACTCAAGAAGATGTTATTTATGGGGAACATCCAGTTCCTGAATCATTTACTTTTTGGTAATTTTTATTTAATGGGATTTTTCAACTTATTTAACTTCTGCCATACTAAAGGCCTGAGACATTAAAGTTTCATGGCTATTCGAATGAAATGGCAAAACATAGAGGATTTTAGCGACCCTATTACGAAGTGCTGGTGAATATGGTGGATGATGAGGAACAATATAAACAGTCGACCCAATGCTCTTGGCGACATTCATTCGCCGGAGAAATCCGTGTCTCTCGAGTTGTGGACCATCGGTCATTCGACGCGGCCTATCGAGGAACTCGTCGGGCTTCTTCAATCGCATGGCATTCAATTGCTGGTCGACGTCAGAACGATACCGTTTTCACGGCGCAATCCGCAGTTCCATCAGGAGACTCTTGCCCAGAGTCTTCGTGAAGCCGGGCTTCAGTATCACCACCTGCCTGCATTGGGTGGTCGTAGAAAAACACGGCCGGATTCGGTGAATGTGGGATGGCGGAATTCGGGTTTCCGGGGTTACGCGGATTATATGCAAACTCAAGCGTTTTGGAATGGGTTGGAGGAACTGGTGGATATCGGACAACAGTCACCATCAGCCGTGATGTGCGCGGAAGCGGTTCCCTGGCGCTGCCACCGCACGCTTATAGCAGATGCCATGGTCATCCGTGGGTGGAAGGTTCACCACATCATCTCGGCCAGTTCTCTCAAAACGCACACCCTCACGCCCTTTGCCAAACCTGACGCTGGTCGCCTCACCTACCCCTCCGAAGGCTCCTCGGATTTAACTCTCCGACTCTTCTAAGGGGAAGGCTGAAGATTCTCACGTACATTTTGTCAGCCTCAGGTATGTCGCGTATTTACACCCTTCGTATCCTGGCATCTTCAAAATGTATAGGCATCATGTTCTGGTGAGACGGCTCCTTAGTACTTATGAGTTTTTAATTCTTGCAGGCGGGGGACTTCACGGATTGAGGGATGATCCTGCCCTGCGGATAAGCGTTTTCTTGAAGGCCCAAGCAGGTTGACCCTCGGGCACCTGTGTCCCTGATGATTGTTCAGGGGCACAGGTTGAGAGGGAGGAAACTCCAAATAGGATTTAAAAATGATAGTTGAGACCAATTGTGACCATATGACCCTCGTCATGAAAAGAAACCGAATTTCCACTTTGATCTTTTGAATGAATTCGCTCCAACCACACCCACCGATAAGACCCGTCGATTGACCAGTTCTGGTTCACCATAAGTTGCAGACCGGCACCACCATGAAGACCAAATCGTTGTTGTGCATCACTATAGTTATTGGGTCCATCTACATCGGTGTAATACCAGCCCCCGCCGCCGATCAGATACGGACTCAACCGCTTTCCCGGAAGGAGATAGACGAGACCGGACAACTGTAGTGGAAAAGTCTTGGCCGTGGTAGAACCATAATCATTTTTTCGATAATCCATCGATCCTTCAAGAGCAAAGACGTCATTTAAGTACCATCGGGCCTGGGCTCCCCCATACCAACTGTCATCTCCGCCAATGGGATCGTAATACATGGCCCGACCACCAATGGAAAAATCGCCTTTGCTGATTTTCTGGGAAAAAATGCTATCGGCTGCCGCTACGGGACTATGAACCATGCTGAACCCAAAGACGAGGGCGGAAACTGTTCCGAGCCACGAAACTTTTTTTAAACCTTTTCCCGACACTTTCATGAGGACTCCTTTCCTATGACCTTCACCATCTATTTTAATAGAAGAGATTTGATCCGATGGTGGTAAAGATTCAAATCTCAGACGGACCTTTTTGGGCTAACACAAATGATTATTTTCGCAAGATTCCTCCTGTCACCAAGGCGTGAAACATCTTTCCCTTAATCCTCTTTTGGTTATCTGT
NZ_CP116968.1_gap95	3802975	3804693	1718	GATTTTTAAACGTCGTCTCGACCGCCTCTCCCGACGTCGTACTCGTTATTGAACCCGATCAGTGGTGGGAACGACAGCTCAGCGGACTTGAAGCCTCCTATCCCCATACCATCAAACAACCCTTGGGGAATACGTACGGGATGCTGCTTTATTCACGATTGAAATTGCGAAACTCTGATATTCGTTTCATGGTTGAAGACCACCTTCCATCCTTTTTTACAGAAATTGAGTTGCGGTCGGGAAGGATTATTGAATTCTATGGACTCCATCCTCGTCCTCCGAGTTTTGGCCAGGATACGGATGAGCGGGATGCGGAAATTTTAATTGTTGGCCGGGAGGTGGCACGCGCCAAAAAACCCGTTGTGGTTACCGGAGATTTAAATGATGTGGCCTGGTCGTATACGACAACGTTATTTCAGAAGATTAGCGGAATGGTCGATCCTCGAATCGGCCGGGGGTTTTTCAATACGTACCATGCCAAATATCCGATCTTTCGCTTTCCCGTTGATCATATTTTTCACTCTCCCGCCTTTCGTTTGGTTGAGATGAAGAGATTGCTGCCCATCGGGTCTGATCATTTTCCAATATTGGCGGTTTTATCGTATGAACCGGAAGATCGAAACGGTCCCCGAGCTCCTGAGGCAGATTCAGATGATCGTCAAGAAGTCGATGAAACCCTAAGCAAGGTACACAAACATAATGACCTCCACACACCTGTGCCCCTGACGGAACGCCAGGGGCACAAAGTGGTTGGATGGCACTGAAACTCCGATTACGTGTTAATTTTTCTGGGACATCGCATTGGGCTTAATCGCTAATTTATTGACGACCTTCTGGACTCCATCCGTCTTTTTTGCGATTTCCACGGCCCTATCGATCTGATTTTGTGTTTCAACAAATCCACTTAACATAACCGTGCTTCGGTGCGTATCAACCTCAACTTCAAACGCATCTATCAGGTCATCGGCAATCAATGCTGACTTGACCGATGACGTGATCATAGCATCGTCAACCGTGGTTCCCACAGTCCGCCCATGTGGATCGCTGGCACATGCTGAAAAAGCAAATGCACATGCCACACTAAACACGACCAACATGGCATTAGATCTCAGTTTGTTTGTGAAGGTAGTGGTCATAACAATTCTCCCTTTTTGAAATGAAAGTTTTTGGGCACGGCCTTGAGGCCATTCAACAATAGACTAAGCCAGTATGCTTTAAAGTGGAGCTATGCAGAATTGATAAAAACCCTTGATTTTTGACTTGAAGTGCCTGGATTTTTGGGCGAGGTCGTCAGGGCAGAAAAAATTACGGTGAGGAGGCCTGAGAAAAGGTTTGGAAAGCAAATAGGAGGTGGGCCTTAACAGGTCGAACGGATGTTAAAGAACGTAATTAAAGATCGGGTTGTTTAATCTTCTTCGGCTTTTATCTGATCGAGGAGGGTTTCAACGGGAGTGGTGAGACTTTTGCTGCGGTTGCAGGCCTGACAGGCCGGGACGACGTTGCCTCTCGTACTTTTTCCTTTCCTGGCCAATGGCACCACATGGTCCATGGTCAGGTTTTCCGGTCCCACCTGCTGATGACAAAAGTGACACTCCCCTTTTTGGATCTGGGCCTTCCACCATGGGGTTTTCCGTAATTTTTTCCCGTTTTCGCGCTCAATCCGTATATGCCGTCGGATCGTGTCATCGTCACCGAGTGAGTAGAACTGTTCTGGTTGG
NZ_CP116968.1_gap96	3815398	3819938	4540	AATGGCGCGGATTTCGCCGCGGTCAATGATAGCAATTCGATCACAAAGCTGGTCGGCTTCATCCAGGTAATTGGTGGTCATGACGATGGTCATGCCCTGCTCGCGCAATTTCCGCAGGTATTGCCAGATATTGAGGCGGCTTTGAACGTCAAGTCCGAGTGTGGGTTCGTCCAAAAAGAGTACTTTGGGATTGGGCAATAAACCGCAGGCAATATCCAATTTGCGTTTCATCCCACCGGAATATCCTTTGGCCACGCGATCGGCATGTTCTTCCAGATCGACCAGCTTCAGGAGCGATGCAATCCTGGTGAGGGCTTCATTTTTTGGGAGATGATAGAGATCCGCAAGCAACAGCAGATGTTCCCGACCGGTAAGAAAGCGGTCGATAGCCCGTTCTTGCGGAACGTAGCCGATCATCCGTCGAATAGTATCGGCTTCTTTGGCGACATCATGTCCGAAAATGGTTGCGGTCCCGGATGTGGGACTGAGGGTCGTAATTAAAATTCGAAGCGTGGTACTCTTCCCTGCCCCATTGGGTCCCAGTAGGCCAAAAATTTCTCCTTGCATGACGGAGAGGGAAAGATTCTTCACCGCGGTCACGGTGTCGTAGGTTTTCCCCAGCCCTTTAACCTCAATGGCAACGGCATCAGACATGGTGTGTTATCCTTGTGCCGTTCGAAGATCGGCAAGTTTAAAGCGGATGAGATCAATCAGGCGGCGAGCTTGCTGGATGAGATGGCCGGATTCAAGTAAAAATTGTTTTTCCACGGGTGACAAATCAAGACCGGCTGAAAGGTTATGAACCAGAATGGAATCCGTGAGTTTGCCAGAAGCGATCACCTGACACAACTCATGAGCCTTTTTCCAGGTCAAATATTCTTGGGTAATTTGCTCCAGATTAATGCGGGTTTCGATGTCCAGGGAGGGTGCGCCCTTTTGTGCATTCGGAATAATTCGTGCTTGGCGGTAGGGCGTTGAGACCTCTTGCTCTTCAAAGGTACATCGCTGAAGGCCTTGCAACACAATATTAAGCCGACCGTCAGCCAGTTTGTGTGAGCTGATAATTCGCCCCACACATCCGATGGGATAAATCGGCGGATCCGCCTCATACTCGTCTTCCCAACCGTCCTTGAGCAAGACCATGCCAATGCAATCTCCCTGACCGGATGCGTCATGCACCATTTCCCGGTAACGGGGTTCAAAGATGTGTAGTGGCAAATAGGTTTCAGGGAAAAACACGACGTTGGGCAGTGGAAAAATTGGCACGCTGTCCGGTATCGGAAATTTGCCGAATTCGGCTGATGGAAAATCTGAAGGCATAGGGTACGATAGCGGAGAATTTTCGGGAAAGTCAACGTAAAATCGTGACCCAAAGGAGTTCGGCAAACTGAGAAAATCCTTGTGTGCCAAGGGATTTGTACGCTATGTAAGGTCGTGGTATAAACGGAAGGATGAAGTGGACGACGGCCTTCACCCACGCGACGATTCTGCAGGTCTTGAGGTGAGCACGAGATCTTTGTGGCGAGAGATCTCGCTCCTGTTCATGTTTTCACTCCCTGGGGTTTCGGAAGTCTTTGGAGAGACCCCAGGCGTTGGATATCACGAATTTACTCCTGCCCGCCCCGGATACGTCTATGCGTTCCCCCGGGACCATGGCAGTCATGAGCAATTTCAGACAGAGTGGTGGTATTTTACCGGACATCTGTCCACCACGACTGGTCGACGGTTTGGGTACGAATTGACCTTTTTTCGTCGTGGAATTGACTCACCCGATGCCTGGAGCAATCCTTCTGCATGGGCCATGCGACACCTGTATTTTGCCCATTTCGCGTTAACCGACGAAGCGAATGAGCAATTCCAGTTTGCAGAGAAGCTGAGTCGTGCCGGAATCAACAAGGCCGGAGCTGAAGCGGATCGGCTCCATGTGTGGATCGATCGGTGGGTGCTGAAGACGGTGGCACCCGATCATGGACAATTTCATCTTCAGGCGCAGGCTGAAGATTTTTCCATTGATTTGATACTCGAATCGAGTAAACCCCCCGTTATTCACGGCACAGACGGGGTGAGCCGGAAAGGCCGGGAAGCAGAGGCCACTTCCCATTATTATTCAATGACTCGACTTCAGACAACTGGATCGGTGGTGGTACAGGGGGTGCCTTTGGCGGTCAACGGCGTAAGTTGGATGGATCATGAGTTTGGATCTGCAGACCTCTCGGACGGTCTCGTTGGATGGGATTGGTTCAGCCTGCAACTTGAGAATGATTATGACATCATGGCCTATGGTCTTCGCCGTGAGGATGGAACCTTTGATGCGGCATCCAGTGGAACATTGGTGAGGCCGGATGGATCCTCGACATCCATTTCTCTTGAAGCCCTTAATGTAAGCGTGCAAGAACATTGGATCAGTCCGGCCAGTGGTGCGCGCTACCCTAGTCAATGGACGTTATCTATTCCGTCTGAAAAGGTGGAGTTGAATATCTCTCCCAGAATGGCCAATCAAGAACTTATCACCAGACGAAGTACCGCCGTGACATACTGGGAAGGAGCCGTGGATGTCACCGGGCTTTGGAAGGGAGAGAATATTCATGGTCAGGGTTATGTCGAACTGACCGGATATGCCGAACCGTACCGCCCATCACGATGACGTGTGACTTCTGGACTTTTATCAATGACAATTCATTTTAAGATGTCCCGAATTCTTGTGACCTTCCTTGTGTCCCTGGTGCTCGGATTGACGGCCTGCGGTCAACGAAGCGATACCATTGTGTCCATTGCCTTACATCCCACCAAACCCAACATTATATATGTGGCCACGGATGAAGCTGTATACAAGTCTTCCGATACGGGGGCCACATGGACCAGATTTGCGGGCGAATTAGCCCGGACCCGAGTGATTAGTCTTGCCCTTGACCCCCAACTGTCTGCCACCGTGTTTGCGGGAACGATGGGCGATGGGACCTATAAAAGCCCGGATGGGGGCCGGACGTGGCATCCCTACAATTCCGGGATTCAGAAAGGCACGATCTCGGCCATTGTCAATCAGATTGTGTTTAATCCTTTGGGGACGGAGATGGTGTATGCGGCGACAACCGTCGGGGTTTTTCGAAGTTTGGATGGCGGTCGACATTGGACTGAACGGATGCAAGGCATGACGGAGGTGAGTTTTGTGGTCACCCTGGCAATCGATCCCCAGCGTCCAAATGTCTTATATGCGGGGACGACGGGAGGTGTCTATCGCACGCTCAATGCCACGGAAAGTTGGGAAAAAGCCTCGACGGGCATGGTGGCCTCAGATGCCAAAATGGCTTCAATGGTGTTGGGAGTCAATGGAATCGTGGTAGATCCAACGAATAGTGACGTGGTGTATGCAGGGACCACGGATGGATTATATAAGTCGATCGACCAGGCCGAACATTGGACAAAGGTCGAAGGTAGCATTCAACACGCCTATATTAGTGCCATTCAACTGGATCCCACTAACCCGTCAGTTTTGTATATGGCGACCAGTGATCGGGTTCAAAAAAGTGAGGACGGAGGAGAAACCTGGCAACCGAAAATACAGGGATTGGAGGCAGCTAGTATTCGCAGTCTTCAGATGAGCCCCCTGGATTCCCGCACTCTGTATGTCGGTACCAATGGAGGAGGGTTGTACCGAAGCACGGATGCCGGAGAGACCTGGAGCCGGTTACCTCTTACTCCGGCATCTGGTGATTAGGTGAATAGGAGCCACGGGGCTTCCCGGACAAAATCCGTTTTAGAGGTGTATACCGGAGCGAGAGTCAATGCCCTTTCCAGGAATCAGGAAGCAGGAACGAGAGATCCATCATGAGTTTGCCTCCATACGTTGGGCCGAAGTCTTGGCCGCTTAATTGATCGTTCCATGTTTCGAAAGTAAATGGGTGGGCACGGATCGCAAAAGTCCAAAAGCTTTCCTCCAATGAATTTCCCTGGTTTCCATTAAACATTCCGGAATCAATGGTGGCCCCGATTTCGACCTCAAACAAGGGCCGAAATGTTTTCTCATCATACCAGCCATAGCTAAGGGAGCCTTGGGCGGCAATAGAATGATTGGCTAAATCATGGAACGCGGCGCCGTTGAAAAGTCGCCCGGCCCTCACCATTCCGGACAATCGGAGAGGTCTGAACACATCTGCAATCCAGCCATTATGTGTTCCGCTCAGATTGTCGATGGTTTTTAACGGTGACCAGCGGCGAAAACCCCCACGGGCAAAGAGTTCCTGATAGAGGCTTCCGGTCTGTCCCCCGCCCCCAAGAAATAGTACCCGGCGTTGTCCAGGGAGTTCTCCCCATCGGGTGATTGAACCGGATATGGTAAAATCGGTCTCTTTTCGTTTCGTTTCAACCGGAACCTGAGGGATATCAAACAGGCGGTCATGGACGAAATCGTTCTGGAGGGATTCTGAAGGCTGATTTCTTGTAGGGCCAATTCCGAAGGTCAGATTGGTGCTCCATCCTTCGAGGGAATTTGACCAGTGGCGTGTCCAACTGGTGGTAATAAGATTTAATCCGATGGTTTCCC
NZ_CP116968.1_gap97	3824788	3828625	3837	AAGCGGAGTTGGCAGTAACAATAAAATCAGGGAAATATCAATTGACTTCATCAAAGTTGCATGGGTGTTCGCAGGAAAAATTCTTGATCAAAATTTGTAGACATTTTGAATATATGATGTGTACCATTGGCTCGGCCGCCGACGGAAAATCTTGTAAGGAGGTATGGACATGCGTAATAAACCCGTACAATGGAGCGTCAGGGGCTTTGTCCTGATAGCTGTGGTCGCCGGTTTCCTGGCAGGATCGAATGCCATCGCGACCAATCCTTCGGGCACTGATGGCACGCCTTCCGGCATGGTGGCGTTTTTTACCACGGCATCATGTCCCACGGGCTGGAGTGTTGCCACCAACGTCCAGGGACGCGCCGTCGTCGCGGTTCAAAAATCATCGGATTCTGGCGTCATGGTTGGTACTCCGCTTCAGGATATGACCGCGCCGGGGCATGTCCATAGTTACAAGACCGATCTCACGCTTCCCAACAAGCATGCTGCGCTAGCCACCGGTGAGAAAGACTACGCTTATGCCAAATCGGGCACGTACACTATCTCTGGAGACGTGCAAGAGGCGACATCAAACCTGCCGTTTATTCAACTTGTTGTGTGTCAAAAAGAATAGCAAGGGGGTACGTATGCGCATATCGAGCTTGACACAATTCCTCGAAAAACTCTCGCCAGCCCCACTCGTCATCATGATTCTTGTGGCGACGGCATTCAGTGTTCCTCTCGTGGGGTATGCTCAGGACCCGTATCCAAGTCAGTTCATCGCCTTCTTTAACGCCAAGGAATGTCCCGGAGGATGGACGCCCACCGGAAACACCCTAGACAGGGTGACAGGGCGTTTTCTCGTTCCGGTGATGCCGAACGGGACCACACAAGATCAAGTCGAAACAGCGCTCGCCAGCGGCGAGAATCGGACCCATACCCACAGTTTCAGCTCGAGTATTACACTTCCATCCACATATATTTATGGTGCTGATGGTTGCTGCGACGATAGCCAGACTTCGGAGGGAAACTATACGTTCGGCGGCACGACAGCGGCTTCTACCTCTGAAGTCCCATACGTGCAGCTTCTTGTATGCATGAAGTCTAATGAGCCGCCCGGCTCGGGCGACATTCCAACCGGGGTCCTCATGTTTACCGCGGGTCTTGACTGCCCTTCGGGATGGACTCAGCCGGCGGCAACCCAGGGACGGTTCATGGTCGGCCTCCCTGCGGGCGGCAGCCCGTTTGCCACTTTTGGGGGAGATCCTTTAGCTCCACATGAAAATCGCACACATGCGCACTCGTTTTCGGGTAGTTTTACGCCGGGCAGTAAGTCATTAATTCAATTTATGATTTGGAAGGCTTGGGGCTACGGCCATTCGGGAACCCAAAACTATTCCGGAGTTTCCGGCACGGCATCGACCGGACTTCCTTATATGCAGATACTCCAATGTGAAAAGAGCTAACGGTTGAAGTGCTACGGTCTGAGGAGACCGAATCGAAAAGGCCGTCTTTCCGGTTTTGCTCTTCGATCGTGCTGCCGCGCAATTCTTATCGCGTTTCCATCATTCAATCCAGGGAGGGAGACATGACGCGCATCGCTTCTGGTATGACCGTAAGTTCGAGCCTGATCGAAGACTATTTGTCCGTGATGACTCCGCCTGTCGCCAACGAACTCACCGAAAAGTTTATCGTCGTCACAAATCAGGTGAACGGCACTTTGGTAAACGAGTTGCTCACTGTGGGGCATGACAACACCAGTGTGCTGCATTTTGTGCGGGATCAATCCTCCCATTCCGGCTGGAACCAAAACCTTATTCCCATTCCAATTATGGTCCCGAACCCCATCTCGACACTCCTCGGGTTTTACGAGCAGGGAGTGCTAAACGTTCTTGTCTTTTATCCGGCAACATCTGGAAGTAGTACACAGGCCGTTATATGGATGCAGCGCTCATCGGAGGGTTACTGGAATTCCATGCCTTCTCCGCCGGCTGTTCTGGGTATGACGACGCAGGCGGATGTGTATTGCGATCCCAAAGGCAACCACTTCCTCTATGGCATATCCGTCACAGAAGCGCAGCCCACGTTCTTTCTGATCTCTCGTAACGACAGTACTGATTTGTGGACGAAAAACTTTGAGATGGATTCCGCGTCGACAACTCCCGCATATCTTGTCGTCATTGGACTGCAGTCGGCCCAATTGACCATATTGCAGCCGGTAGCCTCTGCGGAGGGGACGACGGTCAATTACCGGTGCGGTTCAATAGTGAGTGGGGAGTTTCAGTGGGCGGCCAACTCACAATGGAAAAATTTCCCTCTCGCGACGGGTCCGTTAACAATTACCCGGTTCCATGGTCTGCCGGCGACAGCGGGGCAAAGCGCCTTTCTGGTGCGTACCAACAACAATCAATTATTCTACGTTGGAGATTTTTCCGCCGGGGCACCCACGACCTTGGATTTGCTTGCCACGGGAACGGCACCGACAGGCGTACAGTCTGTGGCCCTTGGGGTTGATAGTGAAAACCGCTACATGGTGTTCGCGCTTGATCTTCAGGGTCAGCTCTGGTTGCTGCGGCAAACGGCGACGGAGTCATCCGGCAATCCCGTCTTCAACCAGAACTGGGTCCCGCTGGGTAACGCGTTAAAAGTTATTGCATGTCCCTCCGTCATGCCGCTTGGTCCGGAGGTGTTCGATGTTAGCCTCACTGAAGAGGTCCAACACTTAAGCCAAAAGTTAGTGCCCGATGGGACGAGTGTGACCTATGGATCGTGGTTCGTACAGCAGTTGGACGGTCCCACCCCGCCCGCCCAGGCACCCCAGAGGGTGAGCACGTACAGGACAGAGATTGTTGCTGTCGATCAGTATGGAAGCCCGGTGCATTCTGTGGTGATGAACATCAAGGCGGACCGTCCCGCAGTCATTATCGCCAACGAGTTGGCCTATCATATCAGTCCGCAGGAATCTGCACAGATCGTCACCAACACACTGGGCAAGCTAACCGTCGCCATACGGGCTGTGACGCTGACCGCGCCGGTGTTAAGTATCAACGTGCCCGACTTCATGTCCTCAGGCGAGTGGAAAGCGTGTCCGGCCGACGAGGGTACCCTCAGCCGTCTGGCAGGGCAGGATCCCAGTCTTCCCGTCACCGCGGCCTCTCTTGAAAATGCCGGGGTCCTGCCGTCTGGCTATCCGGATGCTGATGCCGTCGCTTCGACTGTCCGAACGGCAGGACAGTTGATGCTTCAGAAAAGAACTGCACCGTCGGCGCATTTCGATGTGAGCCAACTTGACATGCCGCACTGGGAACTCGACTTTACCGCGGAGGGTGGGCCGAGAATCCGACCGCTTTCCCTGGAGGAGGCACAGGATCGTATACGGTCTCACGCAGATCTTGAGGCTGACTTTTCTTTTTCCGGTATTTGGGGAGATGTGGCAAATTTCTTTAAACATGTGTTTAGGGATATCGTGCATATTCTTCACACGGTCGAAAACGATGTGGTGAATGTGATCATTACTGTTGGCAACGCCGTTAAAAAATTTGTTCTTCAGACCGTTGACGACATCGGCGACTTTTTAGAAGTCCTGGTCAATTACATCAAGAAAGCCATTAATGTCATCAAGGAAGTGATAACCTTTCTACGGGAACTGTTTGAGTGGTCCGATATCCTGAATACGCATACCGTGATCAAGTATTACATCAATTCCGTCATGACGAACCTGCAGACAAGCGATCAGGATGCGGTGAGCCTCATAAAGGAAAAGTTCGCTGCGCTCCAAGGTGAGGTTCAGAGTGCCTTTACGAATGCGGAACAGGTCTTTGAATCAGGCCTGTCTTTCAACCAGTACGCCAGCAA
NZ_CP116968.1_gap98	3831323	3834011	2688	CGTGTAGATGTCCGCCCAGTTGACCGGCAGGCCAAATGCGGCCGCCAGTTTCAGGCAATAAAATTCATTCTCAACGCTATTCGAGAGGTCCAGTCCGTTCGGCGATCGGCCGATCTGTTTTTTAAAAATATGGGAAGTGGGTGTGGTGCCACGGGGTTTGAGCCATTTGCCCTTATGCCGGAGCAGGGCGGTTTTTCCCTGCGCTCCAGCCAGTGATATTCGAAACGCGTCATCACCGCTCAAACCCAAAGGGGTTTGCGCCAACCCGTTGAGGAGCATTTCAATCGAATTCTCATTGACGGGCTCCCCGATGATCGTGGCGGAATCGTCGATCCCCTCCACATCATCGTCCGCCCCGACAAATTGCAATGCCCCCACACAATCACGGCCAATGGCAGCAAGCAGACTATAAGCATCGGTTCCGCCCGCTCCCACTTTTTCCGCAACCCGGCGGCGCAACGCATCCGAATCCGGCAATAGATTCTCGAACACGGCAGCGACTGGTTCCCCTCTGTAGGCGTCTTCACGCAAAGGGAGCGAGAGTGAGACCGGTAGGGCATGTGGCCAGGCTAACCATTCCGTGGTGTATTGAAAGGCAATGGCTCCGCTTGTGGCCTTGTGGAGTTGACCGACCGGGCGATTGTTCAGCAGCACGAGTAGCGGCGCATGCCGGCGGCTGCGGGCCATCAGAAAATATCCTCGATATCAGCGGCGGTCGCCTTTGATCGCGGCGCGATCCGGAACTCCAGATCGAGGACGCTGAGCACCGTCAGGATCGTCTCCAGCGTCGCGGCCGGATTACCCGTCTCGATGAGGGATATCGTCGCCTGGCGCAAGCCGGTCTTTTCCCCGAGCTGCGTCTGGCTCAAGCCGCGCTGTTTACGGGCCCGCCGGATCAGATTACCGATCTGTTTCGGATTGCGTGCAAGGTCGGACATGTTTACCCTCCGCCCTTATTATGCGCCAAAACGGATAATATGGCAATATTCTAATTAACGTATAAAATTATTTTATACGTCAAAACGAATAAACATTTTTATCTATATTTGGATTTGTGGAGAACGTATGTGTGCAATCGCGTCTTGTTCTATTGGCGCTAGGGCAGGAGAAGGATCGGAAAATACGCCATCTGGACGGTCACATATCAGGCTTGAAGCATAGAGGGTCTTCATTGGAATAGCACAAAAAATTGGGGATTTCTGAAGGAATTCAAATTTTCGAATGTACCATTTAAAATAAAAATTGAAACCCGACAGCAGAAACCGTTTTGAGTTTCGGAGATCTATTTTTATAAATAAAAAAACTTAAGTGCAACAGAACCCAAACCTTCTTATATCTTTTCTGGTTTACTAATCTCCGCTCCAACACTTATCACTAGCTCATGCGTTGCCTTTACAAGTGTGGGAATAATTGTCTTTAACTCAGTATCAGAAAATAGCTGGCCTCGATGCTTTGCTCCCTTACGCAAGTCTTTGAGTCTAACCAAATCATTTTTATAGTTTTTTGATAAAGCTCCTGCCTCAATTGCTGCATCGACTTTATTTTCCCAAGAACCGTCTTTACGAAATTGCATACAAAGGACTTCAATGGCCGTATGGCATTCCTCTGCATGTTGTCTGTGGGTAACCTCGCCTCTCAAATAGCCAATAAAAGAAATGGATAATCCGTGCAAGTATTCTCCAAGATTGGAACTTAATCCGTAATTAAAATTGATTGAATTGGGTGTACCCCTAATCAGATCTGCCGTATCAATAACAAAGGCATGAAAATGACTGAGACTTTCATTGTATTTCCGAATTAATTTCCCAATAACTCTTGACCGCTCCAAATTTGTCAATGGATCTCCACTAGCACATCCCATTACCGGGAAACATGTGGCTATGAGTGCTTCAAGAAATTGAATATTTATTAAAGATCCATCCACTAGGCAAATAAACGAACTTTCACTTATCTTTCGATAGCGGAATTTAACCTGATGCCCACGTCCCCATTCCTGCACTGATCTAAGAAGATTCCGCACAAAGACTAATTGTCGTTCGGTCACTGTGAGCGAAAAATCAAATCCTGCCAAATTCGTAGCCTCCAGTAGCTTTTATTTATCCCACACAAATTCCAAAAAATACTGCCGGGGGAGGAATGTGTGCTCCTTTGACAAAGTGAGTCCCACTTTCTCCATGTTCGCGATGACGCGTTCTCTGGGAACCAGATGATGTTTGGAGAAGCTGAGTTTGCCGGACCGCTCATCGTGGTAGAAATCAATGATGACAATCCGTCCATTGGGTTTTAACGCGGATTTAATTTTGGCCCAGTAATCCACATGATGTTCGACGTGATGATACGCATTGCACAGAAAGACCAGGTCCACGCTGTTTTCGGAAAGTGACGGATCGTGCGGTTAGCCAGAATGAATGTGGATCGGTTGGCCATCCCGAGTTTCTCCAATTCCTGTTTGTTGTAGTCCAGCATTTTCTGCTCGATATCCACGGCCAGCACGTGCCCCGTTTCGCCAACCGCTTTCGCGAACCGGCGGGTAAAGTACCCTGAGCCTGCTCCCACATCAGCCACCACCATGCCGGGGGTGATATTCAACGCTTCGACAACTTTTTCCGGCTGTTGGTATTCATCCCGTTCAGGTCGTTCAAGATTCTGGATGTAAGTGTCGATGTCCCACGGTTGATGTGAACAGCC
NZ_CP116968.1_gap99	3904769	3906086	1317	CGTGTAGAAATGTGAAGATAGCCAGCCGCCTGTTCTTTGTCCTGCTTGGTGAATCTCAAGACTTCATCAATCACCATGACCTGGATATCCTGTAGACTGTGTTGGCCGATTTCAAAGAGCACCCGTCCAGTATTTGGAGGGAGACCTTCTCCGCTGCCAGGATGTTGAGAATAAAAGTCTAGAGAAGTCAAAACAGGTCCTTGCGAGCACAACACCGCCCTGCGAATCATAGCCTCTAATTCTCGAATATTTCCCGGGAATTGGTACGTGTCCAATAGCGGAGGTACCGAAGAATCAATGTCGAGTTTTGGACGGCCGATCTCTTCACCATAGGCGTGAATGGTTTTGATCACCAAAGGGATGATATCTTCTTTCCGTTCCCGGAGGGGAGGAATGAAGAGTTGCTGTTTTTCGAGTAGCGAACGTAACTCTGGATGAAATATTTCCTGGTGGCCCGTTTGATCCAGTGGAATCGAACTGGTCACCACAAGTCGGTTGTTGATGGGGAGTCGGTCAAATCCTCCCATGCGACAAAATGCACGTGTGCGAATGGCCTCGGCCAATGCTCCCTGAATAGGAATTGGTAGATGTTCAATCTCATCAACAAATAGGGTTCCCCCATCGGAATGTTCAAAGGCTCCCGGCATGCTTTGGCTGGCACCACTAAATGCCCCACGTTCATATCCAAATATTTGAGGTTCAAGGAGTGATCCCCTCTGTTCGTTGCAACTGACGGTGACAAACGGGCCGAGCTGTTTGTGACTATTATAATGAAGAATGCGTGCCAAGAATTCTTTCCCCGTCCCAACCTCCCCTTGAAGAAACACGAAGGGGACGTCCTGGGCGTCGAAAAATTTGAGTTGTTCAATGACCGTGGTCATGGCTGGACTCCTGGCGATCACATGTTCCCAGGAATATTGCCGTTGTTTCTCAGAAGCAGAGAACTCAATTCGACGCCTTAGCTCCAGGAAGGTGATGGCTCGATGTAAGGCTGGTTCAACCGTTGAGAAATCAATGGATTTTATCAAAAAATCATAAGCTCCGACCCGCATCGCCTCCACCGCATCTTCCACGCTTCCATAAGCAGTCAACATGACAATCAGGGTTTTCGGGATCTTTTGTCGAATTTGGCGTAAAGTTTCGAGTCCATCCATCTCCGGCATTTTAAGATCCAGGAACAGCAAATCCGGGAGTTCATGTTCCAAAGCCTCAATGAGTGCGGGTCCTGAATGGAAACTTCTTACGAGATGCCCTTTTTTCACCAACCGGCGACTTAACGCAGAACACACGTTTTGATCATCGTCGGTCACATAAATT
NZ_CP116968.1_gap100	3908557	3913366	4809	TCCGCCATTACCGAATTGCCCTCCAGTTTGGTCCATGCCTCGCCTGTGGCCTTGGGAATCGGCTTGTTGACCTTACTCATTGTCATCGTTTGGCCAAAAATTTCTCCTGTGACCTGGCTGCCCGGTCCATTGATCGGATTATTAGCCGGTACGGTAACTACGGTTGCCCTCGGGCTAGACATCCCTAAAATTGGAGATATTCCCACTGGCTTACCCGAGCTGTATCTTCCCGATCTTAACATTCTAGAAAAAGCCTTCGTCCCGGCTGCGGCTCTGGCGGGGTTATGTATATTCGATAGTCTTCTGACCTGTCTCATCGTCGATAATATGACCGGCACACATCACAATAGTGACCGTGAATTGGTTGCCCAAGGATCAGCCAATCTCTTTTCAGGATTGGTCGGAGGGCTGGGGGGAGCCACGAATACCATGCCATGTGTTGTGAATATCCAGAGTGGGGCTCGTACCCGCTTGTCGTCCATAACCATGGGCCTTGTCCTGCTTTCGTTCATTTTCGGACTGGGTTCATTGGCCGCATCCATTCCTCTTTCCGCCTTGGCCGGTATTCTCCTCAAGGCCGGCTATGACATTCTGGATATGCGAGTTCTGCCGGTGGTTCGGAGATTGCCCACCTCTGATTTAATGGTATTTGGTCTGGTGGTTTTCATGACGGTGTTTTGGAATCTTCTGTCGGCCATGGCGATGGGACTTGCAGTGGCGTTTTTCCGTTTTGTAAAAGACCAGTCTGATCGCTATAAAGCCGATCTCACTCAGCGGGATGAAGATGTAAAACAGGAAGAAGAAGATCTCATTTTTTCCTTCGCCAGGGATTATGCCAGAAAAATAAGCCAGGATGGGGCCAATATAGGAGAGCTGAGCGGTCGTTTTGAGCATATCGTTCGAGACCGGATTCTCATCGTTCGTCCTCACGGTCCATTATTTTTCGGTGCGATCGATTGGCTGAACGAGACGGTGGAACATCTTGACAGCAAAGATGTGCTTATCATTCGTTGCAAATGGTTGGATGAATTGGATTTGTCAGGTGCTTATGCGTTAGGTGATTTAATTGAAGCTGCCAACAGTCGCGGGGTAGCGGTGTTAACCGCTGGCATGTCCCCTAGAACCCGACAAATTCTTGCCGATTTAAATGAGCTTTCCAGACTGAAGGAAGACTATATCTGCACACATTTTAATGAGGCTTTGGATACCGCTATGCAGATCGTGGAAAAGAAGGCCGTGGAGATTAGGCTACACGCCCACAATGAACCGGTTTTGACGGGAGGATAGCATGGTCGTTTTGCCCGCTTGCGAGTCATGGGAGTGACGGCCTTGAATGGCATTATTGAGGAGCATCAGTTGAGGAGGCGTTTTAAAAGGCTCTCCCCTTTACGGCCCTCCTTGTAGTGTTTTTTCGGTTGTGGTGGTGCCCAGGAGCAACAACTTTTTTAAGACATTATCCAATAGGTTCTGTCCAGGGATGGTGGATACCAAATCGGCATGTTTTTTATGGCCGATGCCTTCTTTCGGCGATCAGCGACAACGTCTTTGTCACCACGATCTATAGGCCTTTTCGTATGGTCGGATGGTGTGTATGGCTCTTCCCTATATGGTTACCATGATTCTCGGGGGACACCTGGCTGGGTATGTGTTGTTGCAACCAGAAACGGAAACGTACTATGCACAAGGGGTCTTGACGCATTATGTGGCGGCTGTTGCAGCCCTCCATTCAGCTTAAGGGATTCCCGCATCCATGGTTGGTTCACCCTTTTACATGTAAGTCTCGGGTGCGTCTACCTCTTACCTCTTCCTCATGCTTGCCGGCTCCCGGATTTCACAATGCGATTTTGCCGGCCATGTATTTCCGCCCGTGGTCACAGGCTCCCCTCATCTGACCATGGAATCTTTCCCCCTGAGTTGGGAGCGGACCACCGGGTCAACCTGTTCAAGAAATAGACTCTAAGTAGAGGAATGATCCTAAGTTGGGGGACCTTCCATAATGAGATTAGGCCAGCTATTGGGGTATAGTGGCGTCAAGATCGGGCTGTGTCAGGCCTGTCAGCGAAGGGTTTGATGGGATTGTAAGAGAATTTCGGAGAATTCGCTATGTCTCTCAATAAATTATTTTTAAATCTTCCGATTGCCAGAAAGCTACTTTTAGTCTCCGGAGTCCCGGTTTTGGCCGTCTTGATTTTGAGCCTGGTGACCTATAGAAGCGTTCAGACTTTTTCTCTGGATGAAGATCGCCTGAATGATGTGTATCTGGTGCAAAGCGCGTCGGCTGAATATATGCGCTTAGTTGTGGATCTCGAAACCGGATTTCGCGGATTTATTCTGACTCAAAAGGCTCCCTTTTTGCAGCCCTATTTGGCAGCCAGGCAACGAGTGTTGTTACTCGGGAATTCATTGAGACAGATGGTCAAGTCTGTTGAGGAACAGCGACAGGTAATCGAAACTGTTCAGGGAATGGTCGAACAATTGATGAATGACAAAGATCGGCTGATTGAACGGGTCAAGGCGGGTTTTCCGCAGGAGGCCACGGACTATGTCGAGAGTGAAACAGGGCGTATCCTCATGCTTGCCATCCGTGAAGAAATGGCTCGATTTGACCGGCGAGAAGTCACGCAATTGCAACACGCCCTTGGGAGTAGTGCCGCAGACCGGGCGGCCCTGATGGGGGTGGTCGTGTGGGGAGGGTCGTTGGCGTTGATTTTGTTGCTGGTGCCTCTTCATCTCATTGCGCGGTCCATTACAGGACCATTAACGACCTTGGTCAAGGCGGTGGAAAATGTTTCCGGAGGGAATATTCCGAATATTCCAGTTTTCCAACGGGGCGATGAAATTGGCGAATTGACGAAAGTCATGCAGACAATGGGCACCCAAATCCGGAATCATATCCGGCGTATTGAACAATCCGAACAGGAACTCCGAACGCTGAACCAGGATTTAACTTCTTCTGAGGCCAAATATCGAGGGATTGTGGATTATGCGCCCATCGGAATATTCACGGCAAAAAAAGATCATCTGATTTTTAGCAACCGGCAGAATTGGGTCCTGGCCGGGAGGAATCCCGATGAGGTGTTGGATCCTGAACATATGTGGGAAGCGATTCATCCGGACGATCGGGAGGGAGTGCGCGAAACTTTTCAAGATGCCGTCCACCAAAGTGAGCCCTTTGAGCGGGTCCTTCGCTTCCTGCATCCAGACGGAGCTGTGCGCAAGGTCTTATGTCGCGCGGTTCCAATTCAAGATCACGGTGGGCAGACCATGGTATACCAGGGATTCAATGTGGATATCACGGCTTTAGAGTATATGCGTGCACAATTGAACCGGTCTGACCGCTTGGCCACATTGGGACAAATGGCTGCAGGTATTGCCCATGAGATTCGAAACCCGCTGGTGGGTATTGGGTCAACCACGACATTGCTGATGGAAGATTTTCCTGATGGTGATTCGCGGCATGAAGACCTTGTAACCATTCTCAAGGAAACCCGACGACTGGATCGCATTGTGAACCAAATTGTTGACTTTGCGCGACCAAGAGACTTGCTCCCGGTAACCTTTCAATTGCAAGATCTGATACAGGAGTCTTTGCAGGTGCTCAATGAACCCATCAAACAAATGGACATTCAGATCGATTTTCATCCGCCTGCCAAACTGCATTCCATCCAAGCTGATCGAGATCAACTGAAGCAAGTGTTGCTAAATGTGATCCAAAATGCCGTTGAGGCGATGTCGGAGGGCGGATGCCTTCGTCTGTCCGTTGAAGAGGAAACCATTGAACGAATACCGGGGTTGCGTATTACAGTCCAAGATAATGGAAAAGGAATCAGTCCAAGTGCTCTCCCGAGGATTTTTGAGCCGTTTTTTACCACCGGCAAGCATCGTGGAACTGGACTGGGGCTGCCTATTTGTCGAAATATTATTGAAGCCCATGGAGGCGAGATCCATGCGGAAAGTCAGTCAGGTATTGGGACCACCATGACATGGTGGCTGCCTTGCGTTTGCCAACCCCAACTTCCCACGGTGTAACCCATGCGCGCGAACATTTTTGTGACGGATGATGATGATGTGGTTCGGCAAGCCATCAGCCGACGGATCGCAAAACGACACCATCATGTGCGAAGCTTTGCTTCGGGAGAGGCCTTATTGGAAGCCCTTGATCATGATGCGCCAGATCTCATTCTTTTAGATTTGAAAATGGCCGGGTTAAGCGGACTGGAGACTCTCAAGCATATTCGTGCGAAATCTCAACAGTCCCTTGTCATTCTCCTCACAGCCTATGGCACGGTGGAAGATGCAGTGGAAGCCATCAAACTCGGGGCTTATGATTTTCTGATTAAAAGTGTCGATTTCTCCAGTGTGGAACCTGTGATCGATCGTGCGCTTGACTATCTATCCCTACGGCGCCGTATCGATTTTGAAACGCAGGATAGGCCTGGTCGATATGCCTTCAACAGTTTGATTGCCAATAGTCCCAGTATGAAGGAATTGATTGGGCAAATTCAGGAAATGGCAAAGAATTTAAAAACGACGGTTCTCCTGTTTGGAGAAACGGGAACAGGGAAAGAATTTGTCGCTCGAGTCCTTCATCATAACGGGCCCCGGGACAAAGGTCCCTTTGTGGGGGTGAATTGCACAGCCATTCCTCAGGAATTATTTGAAAGTGAATTATTTGGCTATGAGCGTGGGGCCTTCACGGGTGCGAATCAGCGCAAACCCGGTCTCTGTGAGCAGGCAGAAGGCGGGACGCTTTTTTTAGATGAGATTGGAGACCTCAATCCTTCCATGCAGGCGAAATTGCTTCGAGTG
NZ_CP116968.1_gap101	3995766	3999920	4154	AATTCAAATACACCAGGTACCTTCGCCAGGCCTTCCAATCGGTCGGAACCGCCGAATTTGTCGATGATGCCTCGGCCGAATTTGTGATGGAAGGCGCGATTCTATCGGTCGGGCTTTCCTCATTAGCCTTTACTCGCACGCAGACACAAGAAAGCCGGGTTATGGTGAAAGTGTTGTTGAAGGTGAAGGATCGGAAAACTAAGAAAGTCCGATGGTCTCAAATCGGAACCGGTACAGCCGAATTTTTTGTGAATGCTACATCCACGTCGGATGCCGAGAGGGGATTGCAATTTAACCGGGTTTTGCAGGACCGGGCGATTGAACAAGCGGGGCAACAAGTGGCTGCCGATTTAGCCGATCAATTTTTGGGGGCCAGGGAGCAGGGGGTTTTTGACAGTAATAGAAAGGCGACCATCCCGGATCCGGAATCGGGTGGTGGTGAATCCCCCGAGATCTCAGCGCCTTACGGAGATCTCATCACTCCAGGGGCTCAATTGCCTTGATTACCTGAATGGTTTGGCAGGATTGTCTGCTTCTTGAGGCGTATTCACCGTGAAAGTTCATGAACTTCAAAGTCAGATCAACCGGCATGGGTTATCCCCTCTGTATTTGGTGATTGGGGAAGAACCCTATTTTCGCGATCAGGCCTTGAGCATGCTTCGTGCGGCAGGTCAGGAAAAGGATGCTTCAACGTCATCGGACCATTCAACGGCCCATGATTCCTCTCAGATGTTTCATGTCGATGTCGTCTATGGCGATGAAACCGATGCGTCCGAGATATTAGCCATTTCGGAAGAGGCCTCGTTTTTTTCATCGAGACGACTCCTCATCATAAAATGGGCAGATAAACTCTCTGCTCGAGATGGGGAAGCTCTCATGCCCTATTTTCAGGCTCCCAATGAAACGACGACGATGGTCATCACTGCAGGAAAATTAGACGGGCGGACGAAATGGGTGCAAGAGCTTAAAAAGCGGGGGACGGTGGTGGAATGCGCCCCCCTATTTGAAGGGCAAAGAGCAGGGTGGGTCACGCAGCGAGCGCGGGAGTTAGACTTGCAGTTGGAAGACAGTGCCCTCGAGATATTGAAGGATCAGGTTGCCGAAGGGTTGTATGGGACCGCCGGTGAATTAGAAAAATTGGTGGCATTTATGCCGGAAGGCCATCGAGTTCGGGCACAAGACGTGGAAACGGTCAGAGGAAAACCGCCGGGTATTTCGGTATTTGATTGGTCGGAAGCCGTTGCGCGAGGGGATCAGGGGCGGGCATTGGATATCGTGGCCAAAAATTTAGAAACCGGCGAAGCACCCTTACGTATGTTGGGTGCCTTTCTGTGGCAGATGCGGAAGATCTGGAAAACGCACGAGTTGATGCAGGAAGGATATGATGCGGGACAGGCCGCACGCCAAGCAGGTATTCCTCCGTTTCGTGCGCGGGAATTTATCCAGCAGGTGCAGCGGTGGAAGCAATCCCACCTCCGTGGAGCATGGGAATTATTCGCTCAAGCTGATTCGGCTCTTAAAGGAGGGCGGGCATCACGTCCGAAGCTCATCCTGGATGACCTGGTCATCCAACTCTGCCGGGCCACCAAAGCCGGTCAAGGCAACAAGGTCTTAGGTGGCCGCATGAAATCTCACAAGGCGTGAGAACCCGTAACCCTTTTTACCGTATTATTTGGGTGAGACTGCGTTGACCCGGGATGCGAGACGGGAAACCCAACGAGAGGCGGTGTTCCGATGAAGCGTGCCTTTGGTTACGGCTTTATGCAGCTCAGAGGTCGCTTCACGCAAAGAAGCCTTAGCCTCGTCGCCCTTGTTCTCTTTGACCGCTCCATGAACTTTCTTGATAAAGGTTCTGACGCGTCGCATGATAGACCGATTGCGTTCTTGTCGCTTCAGAGTTTGACGAGCTGCCTTGATTGCCGATTGATGCCGATTTGCCATATTTTCCTCCAGAAAAAATCGAAGTGTGTTTTCTAACACAACTTTATGAAAGTGGTCAATTGAACGCGGGGTAAATTGTTGGATGCTTAAAAGGCTTTATGCCCTTGAAATATGAGGTTCTCTCGAACAATTAGGTCAACGATCCTCGATGGTCGCGATCGGTATGTGGCTTGCGACACCTATGGCCCTCTGATAAGATTGCCCTCTTCTTCCGCTCGAAACTCCCATGTGATGGTGGGTGTAGCTCAGTTGGTTAGAGCGCCGGATTGTGGATCCGGAGGTCGCGGGTTCAATTCCCGTCACTCACCCCATTTTTCTTCTTTCCTTTCAATGCCTTGACCGTTTTTCCCCGTTGGGGTTCACCAGGGGTGCAACTGTCGCCCTCTGGTGGCCCTACCAAGCGGTCCACTTCCAGCACCGCATTTCGTTCCAATTTCTTAATCCAGTGGCCATAGGTATCCACCGTCAATTGGATGCTGGAATGTCACATTTGCTTTTGGATGTAGACGATATTGGCCCTGTCTTCAATCAAGCGGGTCGCAAGCGTGTGCCGCGGGGATAGAATTCAGAGGTAGGACAACTTTGCCGCCTTCAACAACGGCTTCCACACGCGATCTCGAAAATTGTTCGAGTGAATCATGGATCCGCTTGGCGTGGTGAAGAGCTATCCATCATGGGTCCGGCCATTCAACATCGCTTCCGCTTTTTTGAATCACCAAATAATCCTTTAAGACGGTTATCAGATCTTGCGACAAGTCCACCTTGCGTTTTTGCCGACTTTTCGGCGTGTTCGACAACTGTCCGGCTGTAAAATTTCGGTTTTGTGGTTGAGGTGAAGAGCTATGATTGGATCAGAGGAGAAGGCACTAGGAAGAGCATGGGGTTACCTTCAAAGACCGGGAATGAAGCACGTTTGCAAGTTTGTAAACGCTTTTTGTTTTATTTTAATTGATAAAAAGACCACCAGGCTTATTAGACCTTTCCCTCACTCCAAAATTGCAGACCCCCTATCCCTCTTAGCTGAATTAAGATGGAAATTGCCTTTAAAAATTATTTTGGTTAATTGAACTTTTCCTTTTTTTGTGACATCCAAAAGATAGAGCGCCTACCAGATTTGGAAGAATACTTATTGACCCTCCCCATAGAAAAAACCAAGAGCAAAAAATCTAATGTCATAAGTGTCCGAAAGAGACCTGAAGAGGGTCGATTACAGACCAAGAGCGGCAAAGATAGGCAAAGCAGCTAGAATGGGAAAACACAATACAGGATATGGGATCGCCAGTCTTCCAACAACTTAGACAATCCCCTTTGCCCGATTCCAAACAAGTAAGTTTTCAGTTGTTCTTTTTCATTGATCTGGCTAGGATAGTCTTACCTCCCGTTTGGTCTGACAGGGTATGATTCGAGTATCCCTCATTGTGCTTTTGGTTTTAGCTGGCCTCTCCCATGAGGTTAGGTCTGAGAATCCGTCTCCGGCTACGCTTCTGAATGGAATCGTCAAAATTCAGGCACAGAATTATCTGACGGGTTCCTCGAAACAGGGGAGTGGCATCATTGTGCAGGTCGATCAAGATGGAGTGGTAATTCTCACGGCGTCGCATGTGGTCACCGGGGATCCTCATCCCCGCATTGAATTTTACCAGCATGCGGGAAGGATTCATGAGTCGACCGTAGTGCCAGGATCCGAATTGGACAATGAGCAGGATGGGTTGGCCTTGCTGCGGGTGTCCCCTTCCGACCGGGTACCGTTTGATATTCAGGTCTTGCCTCTCTCACCCTCCAGTGGTGACCTTGTCACAGGAGAAGCGGTCTCGGTCTTGAGTCTCCCGCGAGGGGTGAATGATTGGACGGTATTACACGGGAGTCTTGTAGCACGGCGTGGGCGGGAAATAATAGTTGATGTACGGGGATCAGAAGGGTCATCCGGCGGGGCTATTGTGCGGGGCGGAAAAATGATCGGCGTGGTTCAGCGACTTGATGAATTTTTGCGGGGGAATTCTGCACAAAGTGTGCAGGATTTTCTGGTGGGGTTGGGAATCCGTGTGGTGATTCAAATGCTTCCCCCAACCATGACCGGTGCAGATGGTGCACCGATGATCCTGGTGCCGGGTGGGGAATTTGTGATGGGATCGGACGATCGTTCCTTCTCAGGTGTTTCGCCCGCCCATCGAGTGTATCTGGATGCCTTTTATATGGACCAGTTTGAAGTGACG
NZ_CP116968.1_gap102	4001242	4006190	4948	AAAGCCTCCAGAAGGTTAAGCCATGGATCATTCACACACCAAGGGTCATTTCCGGGTGTGTCTGGATTATCCGGGAGACACGTCCATCCATTCGTTCCTTCTCGCAAAACGTTCATCTTCCAATCCTTAATGGTGGCATTTTTGGAAATGGAGGCGGGAGCAGCGCTTTCAGCGCTAGCGATGCCGGTGGATTCTTCCGCAAGTGATAGGCCAGGTATAAAGAAAATGAAACAGAGTGGGAGAGAGCATAAATACTTCATGAGAACCTCCTGGGTGGATTCGGACCATGAGTTGTTAATGAAATGACCTCCTCTACCAAGCATTTGGAAGCTACTGTTGACCAATAGTTTATTATTGAGCCAACCCTACTGTAGCTCGCCCAGCATAAGATAAAAGCCCCGTACCTGTCTCCACCATTCTTTGGGTTGCGAACGTTGCGAGCGGGTGTCCCTATTTTGCCCTTCCTGTCCGCCATGACCTGGCTAATATCCGCTACACACCCCATTTTTCTCTTTTCTACTCAGTATCTTCTGAAATTGGACCGATAGGAGTGCCGGTAAAAGTGCCGACCTAAAAATCTCTGGCAACCCATGCATAAAAATTTTTAGATTTCTAAATTAATTATTTATCGGTACTTTGACTATATCCCCGATTAAAATGTTATTTAATCAGTTGAAGCAACTATTGTTACACGTTTTCATAGCTTGACATTATCAAAAGAACGAGAGACCATTTCGGCCTAAAGGTAATTAAGAAATTAACCGCACAGTGATGATAAAAATGATTACTCGAAAAGATCCGATTTTCTTAAGTTGCCTTTAGTCCTTGGAATGGGTACCGGAATGGCGCGGATCCCCCTGACAACTATCTGCACATATTAGAAAGCGAACCCTTTCCTATTTGCCTCTTTAACGGCGGCAACTTCTCACCACTTATCCGTGTTTATCATTTCGCTATTCACCAAAGAAGTTTTAATTCTGGATACGTTTTTTTAACTAATCTACTAGATTCCAGGAAGTGATCTCTGAAAAATCCGCTGAATTTCACGAGTTCGATGTGCGGTTCTATCTAGATCAGAACCCAGGCCTACAAACGGCTTATGGGACCAATTATGTGGCTAGGATTAGGGATTGTTGAATTGTGGAAGTTAAATTTTTCTTCGCCCTGAATGAATTAAAATTATAAGGAGAACAATATGAAACCTTTTTGGGTTTTTTGTACTATCATTGTTTTCTGCTTCACGGGGTGTGGAGGGTCACAAACACATTCTGAATCCTCGGGAGAGGAAATAGGAAATTTTCAGGTTCCGGAAATTATCGAGGCGAACCTGCAAGTCCAAGTTTTCAAAGGAAATCCTAATGAAGTAAAAAGTATTTTTGTTTTTTTGGATGGAACGCGAAATAATTCCCAAACCGGAACAAATGTTTGGCGACTGTTTGATTTAATCAAAAGGATCAATAATCCTCAAACCACGAGTATTTATATAGAAGGAGTTGGGCTGGATAGTCCGATTTTCGGGGCAGCCATTGGTGGAGGGTTAGAGAGTCGCATTAGACGAGGTTATGAGTTTATTACAAATCATTATAAGCAGGAAGATGACATATACATTTTTGGATTCAGTAGAGGTGCCCACGCTGCGCGTTCCCTCGCCGGTCTTCTTTCCTACGCTGGTATTCCAATAATTGATACGGAAAGCAATCAAGGCTCCTCAAAAGTAGGAAATAAGATTATAGAGCTTGTAAAGCGGAGGGCCGAGAAAGATTTTTTAGAAAAATGGGAAAACTGGAAACCAGGTCAACCGCCTTTACTGACTGAAGAAATCAAACATCAACTTAATTTAAATGTGCAATCCACGGAGGTAAAATTTTTAGGAGTTTGGGATACAGTCCCAGGTTCTTCTTTTAAAAAATACTTGGATTGCAATGAAAAACGCGGAATTTTTAAAAGATTTTTTTATTGGTTACCGGGCATCAGTAAAGAAGAGCGATACAAAACTGATTCGTATCCAGCCATTAGACATATTGCCCATGCAGTCTCTTTTGATGAAAAAAGAAGCAAATTTTTCCCTCTTCTGCTTTGTCCTGCCATAAATCAAGAATTTACCACTATACAAGAAGTGTGGTTTCCTGGCGCTCATTCTGACGTCGGTGGAGGATATGAAGATTCCAGTGAACTCCCAGCCGTTTCACTCAACTGGATGGTGAATAAGCTCTCAGAACATTATCAGTTTAAAACTGATCCTCCGAATTTTGAAGAAAATCCACAAGGCTTAGCACATTGGTCTTTTGGCGAAGAGCCAGGAAATTTTATGAGCGATTGCGAGGATCGGCAGCCTCCAGAAGAAGCCCTAATCCATGAAAGTGTAAACGAGCGACAAAATTCTGTGGGTGGAGTGCCAATTTTAGATAGGGGAAAGCTATTGAAATTGCCTTATCCTATAAAATGTTCCGACATGAATTCTTAATTGTCGGAAATACCATCCTATTCATGGAAAGGACGGATAGGCAGGAAAATAAATTTGGCTTTTTCTCTTAATTATCTTCCCCCAAAAAGAGCTCAGGACCTATGAATACTTGAACGAGAAAAAGTCTCATGCTGCCTAACCCAATGTCTGGCCCCGATAGGCAAAATAAAAAAGGCCGCGACTTTACTCTAGGTCTTTATTAAAGTCTCGATTAATATGGAATGCGTTAAGGGTTCTCATCGAAAGTAACGTCAAAATGCGGTCGCCGACTGATTTGGTGTCTTGGTGAATGACCACTTTGGGGCCTGCTTTCGCTTGGCCAAACCCCTCCATGATGTCTTTGAAGTGCAAAGGTATCAGCCCCTACCAGCTCCTCCCCCAGGGTATTCGAATGCTAGGGAAGTTAACCGACTTGTCATTGCGAAACCATTTCGAGGACGCCGATTTTTTTATTTTTTATGCAATTTCTTGCAGGTCTTTCCCAAGCGAACTAGTGGACAATCTTTGCAAGCATTGGGACCAATAATATGGCCACTACTGTCACAAAACTTAAGGTGTCCAAAGCACTGGGTATGCCGTTTCCTTACCCCCGAGGACCCGAAAACGGTGGCTTACGGTCTAACCCTTTTCATGATGGGGTGCCCATGCCCTTACCTGGGCTGATAGGCCCCTGATCTACATTGGCCTGGTGCAATAAGGCCCCCGAGGGATAATCTTCGTCTTTTCCGATGTATGCAAGACGACCACTACCAAGCGGCCCAATCTCTATACCTGATATATTTGTTTTTTGATCTGATGTGTTGACCGGCGTGTCAGCGGGCATGATTTTCTCTCCCCAATGGCACCAAGGTATGAGAACCCGAAAGGCCCATGAGTTGGGTCTAACACATTATTGCTTATTGCAACATCAATCGTTAAGTAATGGCATTAGGCTTGATCGGAACCGGACACGATATTAATTACAGGAATTTCCGTCTCGGCGATTGTGCTATCGGGATATTCCCGATGCCGCCTCGCTTCTGAGATTGTGGTTGGTTTCCTATGACTACAGCCGTTTTCATTCCTCTCCTTCCCCTGCTGGCCGCCATGCTCATCGGGTGGCAGGGCAAACGCCTGAAGTCTCGCGTAGCGTGGCTCGGGATTGTGGCCACCGCCGGGTCCACCCTTTTTTCCTTTTTGACCCTGTATCAGGTCAGTACAGAAGGCCCGTTTCAACTCACCTTCTGGTCGTGGGGGCACGGACCCTCGCCTTCACTGACATTCGGGATGTTGGTCGATCGGCTGACGGCGGTGATGATGGTGCTTATCTCCAGTGTCAGTACCATCATTCATCTGTATTCCCGCCGATATTTACAGGGTGATCCGGGATACGAGCGGTTTTTCGGGTTACTCGGGTTGATGACCTTCACCATCCTTTCATTGGTGGCCAGTTCAAATTTCCTAGTGTTGTTTCTGTTCTGGCAATTATTGAGTTGGGTGTTGTATCTCCTCTTGGCCTTCAATTTTTCTCATACCCTGGCGTGCGAATATGCGCGAAAAACGTTATTGGTTCATCGAATCGGGGATATCAGTTTTCTCTGTGGCCTCCTGCTTATTTTTCAGTATTTTGGCACGTTCGAATTTGCGGCCGTGTTTCAGCGGGCGGCTGCGGATCCGCCGATGATCCGGTTGTGGTCCGGGTCTTCTTTTGAAATCAGCATCGTGCCGGTCATCGCGCTGCTGATTTTCGTCGGCGCGATGGCCAAATCCGCACAATTTCCATTGCACGTCTGGCTTCCGGACACGATGGACTCTCCGACCCCGGTCTCCGCCCTCATGCATGCCGGAATTATCAATGCCGGAGGGTTCCTGCTGAACCGGTTGGCCCCATTGTACGCTCTGTCCCCCACCACCCTTCATCTCGTGTTCATCGTGGGAGTCCTCACCGTCCTGCTCGGAGCCTCGATGATGTTGGTTCAGAATGACATCAAGAAAACTTTGGGTTTTTCTACCATGGGACAAATGGGGTACATGATCATGGAATGCGGGCTTGGCGCTTTTGCCTTAGCCATCTTTCACCTCATCGCCCATGGATTTTTCAAAGCCTCCCTCTTTCTGGCCTCAGGCAGTATTATTCAGGACGCGCGGCATGAACCGAAATTTCCTCCGGCCTCCGGCCATCAGCCGACCCGGCTGCCGAACAAACTGACGTGGACGACAGGATTGCTCGTCACGCTGTTCATGCCGCTGATTATTCTATTGGTAGCCCATGGGGTCCTGGACGTGCCTCTTCAAGATGATCATGGAGCGGTGATCTTTCTCTTTTTCGGATGGGTCACGGCCTCACAAGCCATTTTCAGCATCTACCGCCTGCATGCCGTGGCTTCCTGGAAGGTCGCCGGTGCCATGATCGTGACGTTGTTTTTCATCGGATTCGTCTATTTATGGGCCGGTGAAACTTTCACGCATTTTCTTTATCCGGCTCCCGGCGTGGCGGATGGATTC
NZ_CP116968.1_gap103	4007262	4009822	2560	GGGTATGGGGAGTTCCCTATGGAATCGCGATCGCATTGCTGATGAGTGCGATGTTGCAGTCCTTTGCCTTTTTACACGAACGGTATGGGACGCATAATCTGGTATCGTTGCAAGGGTTGGGTTCCGGGTTGCCGCGCTTTCGGGGGGCCTTCACGTTCATGATTTCACTGGTCATGCTGCTACCGCTTCTGCCGGTGGTAGCCGGATTTTTGACCATACCGCTCAATGGCCCCGAGGCCCCGCTGTTCCCCGTGTTGCTGTTGTTATTTATCGTGTGGTTCTCAGTCAGCTGGGTCTTCACCACCATGCTACATCAGACCGCATTTGGAAAGGCCCGATCCGACGTCCCATATCGCGATTTGTCGCTGTATGAAATGTGGACACTCATCCTGTTAATGGGCACAGCAGGCTTTTTCGGAATACCTGCTTAATCTGACAACTCCTATGCAGAACACCAGAGGATGCAGAAGATGACGGTTTCCACGGCACGTGAAGTCGAATCTCATAAAGAATTAGAACGCATCGAGGTCAGATCGCTGATTCATTTGGCGGGGGAAACCATTTCCCAATTTTGGCCCATGCAGACCTTCATTCACCACAACCCGCTGCATGGCCTGGAACACTTGAATATCCACCAGGCGATTGCCCAAGCCGAAAAATTTCTGGGAGGCCGCGGGTATCTTCCCAATGAGGAATATCGAAACCTATACCGGCAGGGCCGGATCCTGGATGAGGCGATTACCGATGCCGTCATGCCCTTCTCAGAGAACCGGTATGTCACCATCGGCACGCGAAACATTTCTCACATCGAAGTTTTGCGGACGATCCTGATTCATGGAAGCGGGACGATCCCTCATGAAATCAGTGATGCCGTATTCGACAGTCTGCGTCGAGACTCTCAGGTAGAGGATTTTTTCACCCGCCTGCAATCCGGCGGCATCCTGAAGGATGCCGACCTGTCGTTGCGCCAACAGACAGACCAGGCACGCCATGATGTCGTCAATCAATATACACTTGCTGCATGGTGCGACCGGACATTTGAAACTTCTCTTCAGCAGCAGATCAATGATGAACTCATTAAATGGTGCGCCGGGTTTCTGGACCAAGGCCACGCTCCCTGGTCCATGCCTATGCGGGAAAAGACCTTCTATGGAAGTTGGAAAGCCCTGGCCCAGAAAGAAGGCACGGGATTTCTGCTGAGCATCCCGGACTGGAAGCTGAAGCTTCAGCAACTTCCTGACCGGCCGGAAGATGCCGTGCTGGCCTGCCTTCAGGATCTGGATCTGCCTCAGAGCCTTTGGAGCAACGTGTTTACCCTCCATTTGGCCCAACTGCCGGGATGGACGGGATTTCTCAAGTGGCGAGCCGATCAGGTTGACCATGAATGGCAGAAGGCGTTTCCCGTCGATCTGGTTCAGTATATGGCAGTACGGCTCTTCTATGAGCGTGAGTTGGTGAGCATGGTATGTCACCAGCAACTCGAGATCCCCGGCACCTATTCGGCCATTACGTCCTCCCTGGAGCGATTCCCGTTTGGGTTCGGTCTGTATAAGGCATTTCGTACCGGAAACCTGGCCCAGAAGATGCTGCCCGCTTTGGACGAGGGGATGTTCACCGTGACCCCGCTTCCTTTGCAAACGCTTGATGGATGGGGACGGGAAGCGGACGGCACATGGGGCACGATTCAACGTGAACGAACGGCCAAGGGCCACGCCTTGATGCTTCATCATCTGGCCCGTTCTCTCGGAATTGCGCTAACGGACCTGACGGCTTGTCCCCCCGAAATCCTGGAAACATTGTTGGGATGGACCACGAATTTTCCCGAATCCAAGCACGGGCCCTTGTGGCTTCAGGCATTCGAGATGAGCTACATGAAACGTTTCGTCAACAATCTGGCCCCCAATCTGGCTCTCGTTCGTGAATGGGATTCCAAACAGGAAAAGCCCGAATTTTCCAGACCGCCGGCCCAGGCCATGTTCTGCATCGATGTGCGATCTGAGGGATTCCGGCGGCATCTGGAGGAAGTAGGCGGCAATGAAACGTTCGGATTCGCCGGATTTTTCGGAGTCCCCATCTGCTTTCAGGGGTTCGGCAGCGAACAGGAAACGGATCAATGTCCGGTGTTGCTCAAACCCAAACACCGGGTCAGGGAAATCCCTCGGGCCTATCAGGGAAAAGCGGCTGAACAATACCTCCAACGTCAGAATCTGGCGAAAACCGGACATGCGCTACTTCATGATCTGAAAGAAAATGTGATCACACCCTATGTCATGGTCGAAGCGATCGGCTGGTTTTTCGGGTTCCGGCTCTTCGGTCAGACTATTGCGCCTGCCTGGTACCGGACATTCACGTCGTGGGTGAAGGAATGGTTTGCGATTCCGATTGGGACCACGTTAACCGTCGACAAGCTGTCCCATGAAGAAGCGGAAGAAATGGTGGCGGCCGAACATCGGGCGACCATTCATCGTCTTTTAATTGAACGGTACGGCCGCATGGGCCTAGCCGTTTCACATGATCAGGTGGATCGTCTTCGCAAACAGGCTCTTTATCAAGCTGGGTC
NZ_CP116968.1_gap104	4016430	4020774	4344	CCGTCATCCTCATAGTGGTAGAAGGCGCGATCCCTCTGCAGCAGCCCAAAACCCTTGGGGTTCGTGTCGATGAAGCTGTTGGTCATGACGGATGACGGGTTGTTGAGTGGGCGCCAAATACGTTCGTCTGCGCCCGTCCACATTGCCAGACCGTCGTTGTCATGAATTTCTGGCCGCCAGTCCCTGATCTGATGGCGATTGTTCTCGGCATACCAGAACATGCTGGTCAGCGGCGCGACCCCCAGACGTTTGATGTCCTGGCGCGCATAGAGATTGGCGTCGATATCCATGACAATCTGCTGGTTCTTAATGCAGACCATGCGGAATGCGCCAGTGATGCTTGGGCCGTCGAGCAGGGCATAGATCACATATTCGTTGCTGTCCGGGGCTCCTGGGTCCAACCAAAATTCGGTGAAGCGGGGAAACTCCTCAGGGGTGGGAAGGGCCGGGTCGATCGCCACGCCTCTTGCTGAGAGGCCGTATTGATTGAGTTCCCCGGAGCTACGGAAATAGGAGGCGCCCAGAAACGCCATCCAATCGGTGGTGGCTCCTGGTCCATCTTGGAGGCGAAATCCGGAGAAGCCAAGATCATCCGGAAAGATTTTACCGAGACTGGTTCCGCCGAAGGTGAAGTACTCGGAACGGTAGAGAATTTCTCTGGACCGGCCATCCTCAATCGCATGAACCTTTACCGGCACTTTGAAATAACGGCCGAGATGGAAGAATTGAGCCGGAAAATTCACGCTACCGTCTTCGCCCAGCCCCCGCTCGCGTTTAAATACGATCTGCTGAAAGGCGTCGTAGTCGATCGATTCCAAGACCTCGTCATGACGGACCACCGGTTCCTGATAGGGCGTCGTGGCCATCGCTTTGGCGCGCCGCTTCAGCTCATCAAATGAGAAAGGTTTGGCCGTACCGAACTGGATTCCAGAGGTTGTCTCGCCTCTACTTCGCGCCTGCGGAAGGCTGGACAAGGCACCGAGAGCGCCCATCACCACGAGGAACTGTCGGCGATTCAGCATATCCTAGCCTCAGAATATTTGAGGAGATTCGAGGGGCAAGTGTTCTCCAGGAGCTGGTTCCTGTGCGAGAGAGGAAATACCGTTATCGACAGCTTAGGCATTTTCCCGACAGTTTGTGAAGAACTGACAGGCAATCCTGAAGCAGGGGGACTTTTGAGAAAACGACCACCCACAGTCATATTTTGGACTCCGTTGAGGGCTTCCGATTCTGACCCTCGGTTCGACGTTTGGTGATAAGAATATTAAACGGGATGTTGGGAGGATCAGATAAATACCAAAGAACTCATCGGAGGGTCAATTGGCGCGCGGGCCCGGGATCGGAGGGAAATACGCAAAAAAAATCATGTGTGCGCGAATTTGAGGATAATTTTGATGGAAATTGGAAAGAGCTACCCTGGATTGTCACACGAAGAACTAATAATAAGCACTCGAATAGTCATGGGTGCCATTCTCCTTGCCATCCCGTTCCCTTTTTCTCTTGTTGATTGGTTTTTCCGCCTGACTCGCATAGGTTCGTGGTTTTCCCGTGAAGAAAGAAGAACGCATTTTCTCAGAAAATTATCGGCATATGGTCTTTGTTAATGGCATGAATGTTTTAATCATTTGGCGGTTCTCTCAGTGCATACTTTTTTTGTTCCATTAATATGTAGAATGATGTAGACTACGACATCTTTCTTCATAATTAAGCTGAGTCATCGTGGACCAGGATAGTGTCATGCCCCCAACGTCCTTTCCTGACATGCCTACCTGCCTGATCCAGGCAATTCCCAAACTATTTCTATACATTCCTCCGGATCATGGCTTCCCTGATCAGAATCACGACGCCTTGAAAACTAATTAAAATGCCATATACGGTGGACAGAAATGCTTTTTCGTAAAACGACAGCCTGAAGATATGTAAAAGCCATAAGCGCTCTAGAGAATATTGATGAAACGAATTGAGAAAGGACGCACCATGCGGAAAGCTCACGTGAAGGTATTGCCTTTGGGGGCTATCGTTTTTGTCCTGGTATTGTTAGGTGGAGTGTTTCCGTCCATGGCTCAGGCCGTTGGCCTCACCATCACCTTTGCCGGATCAGGCACCGGTAGGGTTGAAGCAAATTCGCCTGGGACAGATACCTTGAACATTTTTTCGAGTAACACGCTAGACTATGATCAAAATTCCTCTGTCACGCTTACCGCCGCTCCGACCGGGATTGGGGCATCACAGTCGGTCTTCAGCAGTTGGTCTGGTTGTGCAAGCACATCCGGAAATCAGTGTACCGTAGTTATGAATGCTGCCAGGTCGGTAACCGTGACCTTTAATCTGGCCGCTGCGCCTCCCCCGCCTGTCAACCTTACTGTCAATTTTGCTGGAACTGGAACGGGACAGGTTGCTGGAAGTGGGGCGGGGACCGCGGCGTTCACTATATTTAATAGCCAAACCATACCCTATGACCTTGTTCAACCACCATCTTCTGTCACTCTCACAGCCACTCCGACTGGTTTAGGGGCATCTCTGTCAATCTTTGCTGGTTGGAGCGGTGCCGGGTGCACAGGCACAGGCACGTGTACGGTAAGCATGTCGGCCGCGCGGACGGTGACCGCTACGTTTACGCTCGTGCAACGGACATTGACGGTCACGAAAGCCGGAACGGGCAGTGGGACGGTGGCCAGTACGCCGGGTGGCATCTCTTGCGGGAACGACTGTACCCAAGGCTATGCCAATGGGACGGCAGTGACGCTGACAGCGGTGGCGAGTGCCGGCTCGACATTTGCGGGTTGGAGCGGGGGCGGCTGTTCGGGCACGGGCACGTGTGCGGTGAGTATGACGGCGGCGCGGGCGGTGACGGCCACGTTTACTTTGGTGCAACGGACGTTGACGATCACGAAAGTCGGGACGGGCAGTGGGACGGTCACCAGTGCGCCCGACGGCATCTCCTGCGGGAACGATTGTACCCAGGGCTATGCCAATGGGACGTCGGTGACGCTGACGGCGGTGGCGAGTGGAGGCTCGACGTTTGCGGGCTGGAGTGGGGGCGGCTGTTCGGGCACGGGTACGTGTATCGTGACCATGACGGCGACGCAGGGGGTGACCGCCACGTTTACGGCCGTACAACAGACCCTGACAGTCACAAAAGGCGGGACGGGCAGTGGGACGGTCACCAGTAATCCCGCGGGCATCTCCTGCGGGAACGACTGTACCCAGGGCTATGGCAATGGGACGTCGGTGACGCTGACGGCGGTGGCCGCTTCGGGCTCGACCTTTGGGGGTTGGAGCGGGGGCGGCTGTACGGGCACGGGCACCTGTACGGTGAGTATGACGGCGGCGCGGGCGGTGACCGCCACGTTTACGCCCGTGCAACAGACCCTGACAGTCACGAAAGGCGGGACGGGCAGTGGGACGGTGACCAGTAATCCCGCGGGTATCTCCTGCGGGAACGATTGTACCCAGGACTATGCCAATGGGACGTCGGTGACGCTGACGGCACTGGCGAGTGGAGGCTCGACGTTCATAGGCTGGAGTGGCAGCGGGTGTGAGGGCACGGGCACGGGCACCTGCACGGTGAGTATGACGGGCGCGCGTGCGGTGACGGCTACATTTACTCAGAATCCAGGCAATCAACCGCCGTCGGTAAGTGCGGGGCCCTCAATCACCGTTGCCCTGCCGAATACGGCTTCGCTGAACGGCACGGTGACGGATGATGGCCTCCCGGCTACCCCAGGGACGGTATCCAGCACGTGGAGTAAAGTGAGCGGGCCTGGAACGGTGACCTTTGGCAATGCGTCGGCCCTGAGTACGACGGCCAGTTTCAGCCAAGCGGGGGCGTATGTGTTGCGGTTGTCTGCGACGGATGGTGAGTTCTTACGTAGTTCAGATCTGACTATTACTGCGAACAATCAGGGCGCAAGGAAGTTATCTAACGATTTGAACGCTGACGGAACGGCAGACCTCCTTTGGCGAAATAGCCTCAATGGGCTTGTGGTGGGCTGGCTCATGAACGATGCTGCGGTGACCACCACCGGTGTATTGGGTGGTGTTTCATCGAATTGGCAGATCATGGGAACGGGGGATGTGAATGGTGACGGCCAGGCCGACGTGATTTGGCGAAATACGACGACCGGGGTTGTGGCGGTGTGGTTTATGAAGGGGTTGACCCACACCTCGACGGGATTTCCAGGGAGCGCATCCCTCAAATATGTCATCAAAGGAATCGGTGATGTGGATGGCAACGGTACCGCGGATCTTATCTGGCACAATAGCGTCAGCGGGGGCTTGGCTGTCTGGCTCATGAACGGGTCGACCATTATCAAATTTGGGTTCCCTGGCAGTGCGCCGGTG
NZ_CP116968.1_gap105	4022412	4027220	4808	GCCACAGCTAATTTAGCCACTGGAACCCTCGCGCTTAAAGTGACCTCGACGACACCGGATCGAAGTTCGCAAGAGGGCATGGGATTGGCCTCCATTCAAATCAATGATCGATTGAGGTTTAGGCTGGATCCGGGCGTGGCCATGGCAAACATCAGATTTTCTATGAGGGTCGATGGGTTTCCCTCTTGTCGGGATTTGTCTTCCAATTGCTTTACCAATGCCATCATTCGTTTGGGAGAGATGAGTGACCAGGCTCTTGGGCTTCCTTTACCGGAGCCAAAGGAGTTGGAGGTCAGAGTTACAGTTGTTGATGGGCAGGAGCTTCCCATTGAAGCGTTTTTATCGGCCAGGGTCGAGATGAATAACCTCATTGATGTCAGCGATCCAAGTGCGACTATCCGATTAATTCTGCCAAAGGAGGTAAGCTTTACCTCAGAATCTGGGGTATTCCTTGGCCTTCAGCCTCCTTTAGAGGAACCCTCTCCTCGTGCCCCTGTCAGTTCCGATCTCAATGGAGATGGCAAGGCGGATATTGTCTGGCGCAATGTGAGAACCGGAGAGGTGGCGGTGTGGTTAATGAATGGAGGTTTGATTGGTTCCTCTGGTTTCCTGGGTGGGGTTTCATCCGATTGGCAGATCGTTGGAGTGGGTGATGTGAGTAATGACGGAATGGCTGATATTGTCTGGCGCAACACCCTAAGTGGCGCGGTGGCTGTCTGGTTTTTGAATGGGTTGACGATCACCTCGGCCAGTTTCCCCGGGAGCGCTTCCTTGGATTGGGTGATTAAGGGAGTGGGCGATATGGATGGCAATGGAAGTGCCGATCTCATCTGGCACAATATGCAAAACGGAGCTGTTGCGGTTTGGCTCATGGATGGGCCCTCAATTAGCAGATTCCGTTCACTGCCCGGTGTGCCCTTAGCGTGGCAGATCGTTGGGATCGGTGATGTGAATGCGGACGGCCTGGCGGACATCATTTGGCGCCATAGCGGAGGGGTATCTGCCGTGTGGGTGCTGGATGAGGCGAGGATCACCTCGGTGGGATTCCTCGGAGGGACCACACCAGAGTGGGAAAAAGCAGGCTTTGGTGATCTGAACGGGGATGGGACGACTGATATGGTTTGGCGCCATACCGGTACCGGGAAGGTGGGCATCTGGTTGATGAACGGAGGGGCGATTGAGGAATCCGGCTTTTTGCCGGGTATGCACTCGGGGTGGCGTATTGCGCAGGTCGGTGACGCAGATGGAGATGGGAAGGCCGATGTGATTTGGCATAATCGCAGTACAGGACAGGTGGCGGTCTGGCTCATGGATGGCCTGACCTTGTCCTCGACAGAATTTCCCGGCAGCACGTAGATATCAGTTTTATGACTACAGAACCTAGGTTCGATAAGCTTCCCTATCAAAGATCGTTTCTTTGTTCCAACTCTCAATGCTCCCAATGAAAATGGGCGGATCTATTCGTTGAAGCCTGCTCTGAATGCCGTGTTTATTCAAATCCTCTTTGGGGGGAGAGAATCATCATGTGGCGTGTTTCCCGTCTAAGACGTTGATTCCCCTATCCCCGGGTTGCCCTCCCTTTCGTGTGTTCAAAAATATTCTGGATAGCTCTAGAGACGACAATCACGGGCAGGGTGAAGACCGATTGTTTCAGAGCGTGGGCACGCGCAGGCGAGTACCAAGAGTTGCGGATTCTCGAATCACAATATCTCACGGGGAAAAAAAGGATATGCCGACATTGAAGAGACAGCCGTTCAACCCAATATTCCGTTCGCCAATTCCTGCGTTGGAAATATGATGGAAGCGAATACCGAGGGTCACCGCCGTGTTCTCTGTCACAAAATAGGAGACACCCGGCCCCGTTTGAAGGACGAAATTAAATTGCGTGCTTTGTTCGGGAATCCGGGGTCCCAGGTCTGTCCACAACATGCCTGCTCCACCATCCCAAAATGGCATCCACCGTCCAAAGTTAAGGAAGTTATATTTCACCATTAACGAGCCTCCGAACGCTGAGGCGCTAAACGGTTGGTAATAGTGCGCAGCCAACGGTTCAATTAACACTTCGATGTTCCCGGAGGTCCAACCTGAGCTAATTTCATCCGTCAACACCAGGCCCAATTGAGGTAGGAAATAAACGGCGCTACGATTAGCTGACGGTTCATTTCCAAAGGCATTATTTCCTTGCCAATACCCGGTGAGAAATCCGAATTCGAGAGTGCCCTTGGTCACACGATTTCTGGCGTCAAAATCCACCCCCCACGCCGTTCCAACCAAAAAGAGCATGAACAGCACGCCAGTCATTTCGATGATGAATTGTTCCCTTTTGAATCCCTTTAACATTAAAATTCCTTTTTTTGTCTTCAGAACATCCCGATGAGTTAGTCAGAGAATTTGCAAGTTAAGCCTCATTCAGCTTCCGTTTTCGCCAACTCTCTCATGAGCATTTCATGAAATTCCAATATTGAGCAGGAATTTCCCATAATTGGAACCAACAATTCAATGAACTTTTTATTCTAAAGGGTTACAATCATTAGATTATTGAGGTCAAAAAAATGGAATCTTCACCTTTATCTTTGAACATGCCATCCAAGAAACCTGTGAAAGATCCTCTTGCGCGACTGTCTTTGGCCGTCCGCGAGTTAGATAAACTCATCAACCGGGCCAATCAACTGGCTCATCTTTCAGAACAAGCCCTCCCCATGGATCACTCAACCCAGTCTGACCAGTGTCCTTCACCTCAAAAGACCTGACTCTAATCCTTTTAGTCAGAGCTATTTTCCTCAATCTGCATAAAATCCTTTCCGTTCCCCCACCAAAGAGAATTCCCGTTTTTTTAGTGATCAAGCTGTGAAAGTTTCTAACAAAAAATCTATGCAACTCACTAACAAGTGATTGTGCGGACAAAGAGTAAGCCATGCTTTAGATGGATTCCAAAGGCTTGTGAATCTTGGGGTGCTTAGAGTTAGGTAAACTCAGAGGGGAGTTTTCCCGGGTTGCCGAATAGATGTTTGGGCCACGGCTGCAGACAGGGATTCGACCAGGCTTCACTCCGGGTGGATGGTTCGTTTTCTGATACTAAATCGCGTTTTTCATTTAATGGGATGAATGACAGAGTTGAACGATGCTTGCTAAAGATTCACCTAAATTAACAGACAAGAAGTATGGAGGGATTAATGGGTGATCGATGCTGTCCCTTGGCTTAAAATTCCGGTGGCCATAGCCACCGTTCAGATTGAGACTACTTGTGGTTGGCGTGCAGGGCTTTGGCTTCCAATGAAAGCGATACTGTGTCTTGGGTGGAAGACGGTGACGGGTTTCCTTGGGATTGGGGAACGACGGCTGCTTGGATGAGCGGAAGCGAAGCTTGGGTAAGAAAGTTGGCGGCCGCTAATGCAGAAAATTCACTCATGAGGCATCTCCTTTCCTGAAGGTCTTATCGGTTTAGTTTCCGGGATTCTTGATCCATATTCGCCGGAAAAATCAGGACGTCTGTCTCATGCGTGCGGGAAAGATTTAGGGAAAGTTGCCGTCCTGCAGGCTATAGAATGCCGATCGCGTTGAGGAGGACAATAAACACAGCAACCGGGGCGATGTAACGTACGAGAGCCTGCCAGGCAAGGTAGAGGGTAGGGTTATGTATGTTGAGTTCGGATTTAGTGCTTTCGGCCTTCATGAGCCACCCGGCAAAGAGAGCAATGAGAATCCCACCCAGGGGGAGCATGAGATTGGATGTCACAAAATCTAACAGATCAAAAAAGGATAGACCGAAAAACTTGATTTCTGCCCACCAGTTGAATGACCAGACTGTTCCGAGGCCAATCAGCCAGGTGGTTACCCCTGAATACAGAGAAGCCTTGATTCGTGAGAATCCAAAAGTTTCAATGAGCCAGGTGACCAGGGGTTCGATCAAAGAAATCGACGAGGTCCAAGCGGCTACAAGCAAGAGAATGAAAAAGAGCGAGCCGAAGGCGAGGCCGCCGGGCATGTTGCCGAACGCGACGGGCAGTGTTTGAAAAATGAGACCTGGTCCGGAGCCTGGTTCCATATTGTTTGCAAAGACGATTGGAAAAATGGCCATGCCGGCTAATAAGGCAACAAGGGTGTCAGCTAGGCCAATGATAATTGAGGTGGAGGCGATTGACGTGTCTTTGGGAACATACGAGCCGTAGATCATGATGGTGCCCATGCCAAGACTGAGGCTAAAGAAGGCTTGCCCCATGGCTGTGAGCATGCTCGCGCCTGTCAATTTACTGAAGTCCGGCGTAAAGAGAAATTCCAGACCTTTTCCAAAAAAACCCGTGGTCATGCTGTAGGCGACCATAAGCAGCAAAAGCAGGAAAAGAGTCGGCATAAGAAATTGTATTGCTCTTTCCAATCCTCCTTTGACTCCCCCTGCCACGACGGTCATGGTCAGGGTCATAAATACCGTGTGCCAAAAGAAGAGCGTGGTTCCGCTCCCTATAAAATTGTTAAAGGTGTCTGCAGCAAATTGGCCCGAGGTTCCGCTGAAAGTCCCCGCACCTGATTTGAAAATATAGGCCAGTGTCCAGCCGCCAATGACACTGTAGTAGGAAAGGATCAACATGCCCGCCAAAGTGCCTGACCAGCCAACAATTTGCCACCATTGGGTGGTGTTGGTTTCTTCCGCCAGCACTTGCATGGAACGAATTGGGGTGGAACGTCCTCTTCGGCCCAACAAAATTTCGGCCATCATTAAGGGGATCCCCAGGGCTGCCACGCAGAGGATATACACCAGAACAAACGCACTACCTCCATTTTCTCCCGTGAGGTAGGGGAATTTCCAAATA
NZ_CP116968.1_gap106	4061377	4062625	1248	ACCAATATAAAAAACCGGTAATGGGGATGTTGATTGTCCTGTTATTGTGCCTTGGTGTGTGGATGACTCCGCATTCCTTGGTGGCGAGTTTGGCGGAAGCACAAAAAATGGGCGGTACTCACCATCCGTTACTCGGGGTGTTCGGCGTGATGTCCGCAAAGATGACCGTGTCCAATATCATGATACTCGTGACGTTTATGAGTTTCATCATGTATTGGCGGGCGGGAAAACAAGAGACCGCAGGATGGGCCAAAGCTGCCAAGGCCATTATGGGAGGTTTACTGGTTATCGCAGGTATCGCCGTTGTGGTTCTTGGGGTATGGGGATATTTTGTCCCAGCCATTATCCGGATTAATTATTTCTCGGTTGCCCAGGTGTTAATTGTGCTGTTCATCATGGTTACGTTCACCCCACTAACCGCTTTGTTAATGAAAAGTGCTAAAACGACAACGGAAATGGTATGGGGAAAAATGCCTATTCGGGCTGGCTATAGTCTGGTCTTAAATGCGGTGATGGTGATTTTGCTCATGTCCTTAATGGGATATGCACGCTCATCATCTCGTGTGCACTGGCACATTTATGGCGTCATGAGAGATACCTCGGAGTATGCATATTCCCCTGCGTTAGGGTATGCGGCGGCATTTATGTCCCTTAATACATTTGTGTTTTGCCTGATCGTCGCATTTATTTTTTGGGTGGCGACCTTGGGCGATAAGGCCAAAGCCCAGCCGCCAAAGGGATCTACTATGGGAATTCCTGGCCACACCGCTCCGGCAATGGCTGGTGGTGCACCAATTTCAGGGGAAAAACTTGAATAGGGATGGAGTAAGAGCAAGACTCAAGAGCCATACATCTTTGAAAAGCATGGGTGAGGAAACATGAGTGAAGTCGCGCTATTGCAGATAATCGGCATGTGTGTCATTGGGGTGGGTATCCTCATCCTGTTGTTTATTAAGGGCATGTTCCTTCGGGTGCTTGGATTCGTCGCGATGGTCTTGGGAGTCTTTAGCTTAATTGCCTTGAGTGTTCCCCAAATGGCGTCCTTGCCTCCGGCGGTAGAAACCTTCGATCTTGCCAGCGTCAAAAGTCCAGATGATTTGGCCTCGATTGGGCAAAAAATATTTTTCAGCAAGGGACAATGTGCGTTATGCCATTCCATTGGACCGAGCGAATCGGCCAGATGCCCTGATTTAAATGGCATTGGAGCAAAACTGTCTGCTGAATTTCTCTATGAAAGTTTAACCCAGC
NZ_CP116968.1_gap107	4076042	4080405	4363	AACATGCGAGCTAAGCTTCCAGGGCTCTTAAGGTTCCTTCGTATACAGCCGATTCATTCCCATATGCCGCGCCAAGGTTTCGGTTGAGATGTTTTGGCATGTTTTCTTCCGTTTTCATAACCGGGATTCCTAGAATTAATAGATTTCGCAATATAGTAGAAATGCCATCTCGGTAAAGGGGACTGGACGGCTATTTTCGCGATGACGACTCAGACGAAATCATCAGGTGTTTCGACCGGACAAATGGGAGGAGTGGGGGAGTCCATCTTCCATCGAATGCGAAACGTCTTGAATAGCATACATGTGTCTGCCGGTCTCATTAGCCATCGGCTTCGGGAATGTCATGTGGCAGATGTTGGGCGGGTTGCAGATATGTTGGAGGCCCACAGCCATGAATATGGGAAGTACCTCACTCAAGATCCCAAAGGGAAAAAAATTCCACATTTCTTGGGGCAGTTGAGTGAGGAATTGGCACAGAACCACCTCGACACTCTGACAGAATTGACCACACTCAATTATCACCTTGAACAATTGGAATATTTTCTGACGGTTGGGCAAGCACCCCTTCGGGTCGGGGGATTTAAAGATACCATTCAGTTTGCAACGATTATGGACGAGGCCTTGGCTCCCCATCAGGGGGAATTGGATCGGATGGGAGTCCAAGTGTGTCGGGAGTATCAAATGGTTGGCGAAGGTATTCTGGAGGTATCCAAGCTCTTCTGCATTGTGGTGAATTTGATCCGAAACGCGATCAATGGGATGCGGAAGAAAACCGACCGGACCCATCGTCTCACTCTATCTGTGTTGCCTTGCCCTGACCGCGAAGGGTTTGTCCGCTTGCAGGTCGCTGATACTGGCAGCGGAATCCCTTTGGATTGTCTCACGCGGGTGTTTTTCCCGCAGGCGCCGGGAGAGCAATCAGACCTGTTGCCGAATCTTCATGCCAGTGCTATAGCGGCCAAAGAGCTTGCTGGATCACTGCGGGTGTGGAGTGACGGTCCAATGCAGGGAGCAATTTTTACCCTTGATTTGCCAGTTATTCACATGGAGGGAGAACAGTAATGGAGAAGGAACAAGGCAACCGGCGTATTTTGGTGATTGATGATAATGTGGCGATCCACGATGATTTTCGAAAAATTCTTGAGAGATCATTAGACACCTCGCTGCTTCAAGAGGTTCGGGCCGAATTGTTTGATGATGTGGAAGAACAAAAAATCGTTGAGAAGTTTGAAGTTGAAACGGCGGACCAAGGGCAAATGGGACATCGAATGGTGCAGGATGCGATGAAGGCTGAACGGCCGTATGCGGTTGCCTTTGTGGATATGCGCATGCCTCCAGGCTGGGATGGCGTAGAGACTGTGGAGCATCTGTGGGAAGAAGATCCTGATTTGCAGATTGTGATCTGTACAGCATTCTCGGATCATGCATGGGAAGATGTCATTCAACGATTGAATAACAATGGCCAACTCCTCATCTTGCGGAAGCCGTTTGATAATATTGAAGTTTGGCAATTGGCGAATTCCCTCACCAAACGCTGGGCGGAATCGCGTCAAGCAAAGTCGCAGTTGGAATTATTAGCCAAATGGGCAGAAGAACGGGCCGAGGAAACAATCAAAGCCCACTGAAGTAAGTGAATCTCTCATATTCTGTCAATTCGTGCATATGGGATGTTCTCCTTTTTGGAAGGATATTTGTGAATTAGGGGATGGCGTCTCTTTACAGAGTGCGCAATATGTCGGCGTGAATTCGCATGGTCCCGATAATGAATACCATGGATGTTCAAGGCGAAATTTCAGTCGTCCACCGTGGACTGCTATTTTTTTTCGTTGATGAGCTATTTCTCCTTCATGATTGATCTTCTCTCCTTATCCCCTTCATGTGATGGCCCACGGCATGTCGGAATTTAATAGGCAGGTGCTTTCAGAATTTCCGCTTCTTCGTATGGGGATCGTGGGACTTCAGGAAAGGGATCTTCCCCCATCCTGTCAAAGGGTGTTGGCTTCTCGGGGTTCCATGCTTCAGATCACCTGGTTTGACTATACCTCAGTGCATCTCTCCTGTTTTAACTCTGACAACCCATTTGATCTCATTTTCGTGGACTGTCGCGTGAAGCGGAGGGGAGAGGAGATTGCGCGCGATATCAAAAAAACCTTTGGCAATGCGTTCATTTTGGGATTGATCCATGATGATATGCACGATGGGGAGGGAATAAACGAACCGGCTATTGATTGGCTGGTAAATGAGCATATGGCGGGTGTCGCGATTCCCTGGGCCATTCAAGAGGGGTTGGTTCGACGTCGGGATTTGATCGAGCGGGAACAATTGCGCAGGCAGGTGGAGGATGCCTCTTATAAAATTGAGATGGCGGATGTCGCCTCAACCGTGTTGCACAATGTGGGTAATGTGCTCAATAGCGTCAATGTGGCGGTGCATGTGGTCCATGAGTTGCTTAATCAGTCTTCAGTGATTTTGGTTCATCGAATTGCGGAACTATTAAAGCGGCATGATGAGAATTGGGAAATTTTCCTCACTCAGGATCCAAAAGGAAGGCGGATTCCACCGGCGATTATGAAATTGGGGAGCCACCTCATAGAAGAGCAACAGACGGTGCTAAAAGAATTGGAAGGTCTGGCTCGCAATATTGATCACGTGAAACAAATTATCATTTCACATCAGACGATGGCGAAGTCTCGGGGCACCAGCGAGGCTCTCTCTGTAGTGGAACTTTTGGACCAAGCGGTGGAGTTAAGTTTTCAACCTGGGGATGCGAAGTGGATCAGGATCAAACGAGACTATCAGCCTGTCCCGGCTGTTGTAACCGATCGGCATCAGCTCCTTCAAATTCTCGTGAATCTGCTACGAAATGCTAAACAGGCGATGCAATCAAAGGACGGAGTTGACCACCAGCTCACCATACGAGTCGAAGTTCGGACCGATGATGGATTTTCCGTTGTCATCACCATTCAAGACACGGGCATAGGAATTGCGCCTGAACATTTGGCCAGAATGTTTACTCGCGGTTTTACGACAAAACACGATGGCAATGGGATTGGTCTGCATAGTTCGATGGTCAAGATTCATCGTATGGGTGGATTGTTGCAGGCTCATAGCGAAGGGGTTGGCGCCGGCGCAATCTTGACGCTGATCCTTCCGGTTGAGGCAGAGGTCGGACAGACATGAATCCCGTCTGTACTCTTAATCGACGGATCTTAGTGATCGATGATAGCCCGAACGTTTTACAGGATTTTCGGAAAATTCTGTGTCCCGCCATAAGGTTCATTTCCGATGCGTGTTCGGAGGGGAGTCATGATCTTTTTGATGAGCTCTTCCTGCATCATGGAAAAGAACCCTTCGATCTCGATTGTGTGGACAATGGAGAGTCAGGGCGTGATCTGGTCACGCAAGCTAAGGCGGAGGGGTCTCCCTTTGCGGTGGTGTTCTTGGATGTCCAATTGCCCAATGGCTGGGATGGGTTTGAAACGGTTGAGCGAATTTGGAATGAGGATTCTGACGTACAAGTCGTATTGTGTACGGCCAATCTTGATTGTGGGTGGTCAGAGGTATTGCCTCGCTTAGGACGCCGGGATCAATTATTAATTTTACGTAAGCCCTTTGATCCGATTGAGGTGTGGCAATTGTCTTCGGTTTTGACGATGAAGTGGCATTGGGCTCAGCAGGCCCGGTTGCGGGTTCAGGAACTCGAGCAGATCGTCATGACGCGCACGGGCCTCCTTGAAGATACCAACCGTCGTTTGGAGCAGGCTTTGCTCAGGCGACAAGCGGTTGAGGTTCAGTTGGCTCAAGCGATCCGTGATGTCGAAGAACGCACTCTCGAACTTTCTGCTGTCCGTGACCGTGCGTTGAATGAAATTCATGAACGGGAACGGGTCGAAGTCATATTGCGTCACAAAACCGATGAATTGGCCAGGTCGAATCGCGACTTGGAGCAATTTGCGTCGGTTGCAGCCCATGATTTACAGGAACCGCTTCATTCCATCCAGGTATTCCTTGATCTCTTACGGCTGAAGTATGGATCAGCTCTTACCACTCATGGTCTGGGGTACGTTGATCGCGTCAAAAATGCGGCTGGTCGTATGCAACAGCTGATTCAAAGCCTGTTGGTGTATTCCAGGGTCGAGTTGCCGCAAATGGCAGAGGAGAAGCTTGTCTTGCGGGAGTTGGTTGAGGAAATCCTATCGGATCTCGGCGCCCGAATCGAGGAATCGCGGGCTGTCGTTCAACTTGGGGAATTACCCGTCATTTATGGAAATCCGATTCAAATCAGACAATTGTTACAAAATTTGCTGGGCAATGCCTTGAAATTTCATCAGCAGGGGGTGCCACCTGTCATTCGTATCACAGC
NZ_CP116968.1_gap108	4082204	4083935	1731	TAGCGGAAGCTCTGGCCGTGAATCAAAAGATGTTGGAGGAGACCAACGTGGCGGTGATTCAAGAGTTTCAGGAGGTGCCACAGCTCAACGTGGATAAGCATCAACTCCTTCAAATTTTAGTGGATGTCATTCGCAATGCCTGTCAGGCCATGGAATCGGCTGCCCAGAGGCACTTAATTGTGCGTATCAAGCTCATCGTTGGCCCTCCGGATTCTCTTTGCTTGGAAGTTCAGGATACCGGCAGCGGGATTCCTCCCGACGACATTACGAAAATTTTTGGTCAAGGGTATAGCACCAAATATGGAGGACGGGGCTTGAGTCTGCATCACGGTGCGTTAATGGCAAAAAATATGGGCGGGGCGCTTCGCGCTCAAAGTGAGGGTTTGGGGCAAGGCGCCACATTTTTTCTAGACCTGCCAGGGAATTTTCATTTTCCCGATTTGTAACTTCTTCTATCCAGCGAATTCCATCGTTTTTTCTGGCCGTCTCTTCATGAGCGTTGTGTTGTTCTGTTGCCTCTTCCTTTTGTTTGGCATTTTTCTTGGACTGTCTTACGGATTCCTACCTCAAGAGTCTGTCTGGTGAAACCGAGAAAATTTGAAGGAGTGATAAAAAACTTCCAGCCCCCTGCAATTTTTCTGTGTTTCCTGGAGTATCTCACGTGATTGAATATTGGCATCAAACCGATGATGACTTTTGGAAGGGGGAGGGAGAAAGGACTCATGAAAATCGGATGTCTTCGTTTCATACTGGAAAGCTACTGGCCCCCTGGTCCAGACCTTTTTCACCGCGGTTACTGATGGGAAGGCATACAACATTTGATGAGCTTCCATCTCAAGCGTCACCTTATCTTCACCTTGAGGTGGAAATGCATGTGCAGGCAGTAGCGGGTGATGCGGGAATGATTCCGGTTGATCTGGAGCGTGCGTTAGGCCTTGGGATCGAAGTATTTCTTTTATCCGAGGGATGTGCAGTAGAGTCTTCGTGTATTGCCGCCTTGTGGCGGCATAGCCTCAGAACGGGATACCTGGCTGCACGGATTGCCATGAATCAGGAATCGAATTCACGCATGGTCTGGCAATCGTTTGTGGGAGGGGTGCTTCATGATATTGGCATGCTTGTGTTTTTGACTCAGCATCCGGAGGTATTTTCGACGGTTGTAGAGACATCTCAATGCCGAGGAGGGAGCTTGGCGGAGTTGGAAAGGCGGGTTTTAGGATATACTCACGGGGAAAGTGGAGCCACTTTCCTGGCGCGATGGGGTATAGATGATGTGTTACTGACCATTGCGGCGTTCCATGATGATCCATGGAAGGTTCCCCATGCAACCTTCGGCTCTTTGACGGCGGTGTATGCCGGAAATTTTGTTGAGGGAGGAGGGATCGCTCAGGATGGGGATGGAGTCATTGGAAGAGAAGGAGAAGCCTATTTAACCCGTTTAGGTCTGTGGGAAGATCTACCGATTTGGCAAAGCTGGATGCCAAGTATTCCGAAACCGGCGATTCATTGAACCCTCGCATCGCTCAATTTAGTATCCGACGGTCGGCATGCCCCCCAATGTCCCGCCCATATTTTCGGAGATGTTTATCATTAACCTTCGTTAGTATTGGCCTCGTCATAATCTTTTCTTCTTTCTTTAGTCTGGTCTAAAATTCCGGAATTCTTTGGGTTCCCATTGCCAAGAAGAGGGTGTAGGATTTGTCTGAAGAGTGTCTTCCCGAGTTATCGAAC
NZ_CP116968.1_gap109	4196066	4199025	2959	TTCAGGCTTTTGACCCTATTTTGGTAGAAGGAAAGGCTATTCGCCTCCATCCCTTAGTCTGTGCGGCTTTTAATGCGGACTTTGATGGGGATCAAATGGCTGTGCATGTTCCGCTTTCAGTGGAAGCCCAAATTGAGGCTCGGGTATTAATGATGGCGGCCAATAATGTGCTTTCACCGGCCAATGGTCGACCCCTATCAATTCCCTCTCAGGATATGGTTTTAGGATGTTATTGGTTGACCAAGGATCGTGATGGTGCCCGAGGAGAGGGGAAGATCTTTTCCTCTACAGATGAGGTTCGAATTGCCTATGATTCGCAGGAAGTGGAAGAGCAGGCGAGAATAAAAGTACGAATTGATGGAGATATGATTGATACGACGGTTGGACGAGTGATTCTTTCTGAGGTGTTGCCAGGAAGCATGCCTTTTTCACACGTAAATCAGCTTATGACGAAAAAGGAGCTGACGAAACTGATTGATCGTGTGTATCGTCAAGCCGGTCTGCATGAAGTAGTCGTCATGCTTGATCAATTGAAAGATTTAGGGTTCTCCTATGCCACTAAAGCCGGCGTTTCCATTTGTATCGATAACATGCATATTCCGTCTCGCAAAAAGGAATTGATCGAGCGCGCCAAAGGAGATGTTTCCCAGGTTCAAGAGCAATACAGTGAAGGCCTGATTACTAATGGTGAGCGATACAACAAGGTTATTGATATTTGGGCCCATGTTGGCGAAGAAGTTGCTATTGAAATGATGAAGGAAATTAAAGAGGGAGGCGGGCGCGGCGCAGCAGAAGGTCTCAATCCTATCTTTATGATGGCGGATTCAGGCGCTAGAGGCAGTTCCCAGCAGATTCGGCAATTGGGAGGAATGCGCGGTCTTATGGCCAAGCCTTCAGGAGAAATTATTGAAACTCCTATTACCGCTAATTTCCGAGAGGGTCTCACGGTTTTACAGTATTTTATTTCGACGCATGGAGCACGGAAGGGGTTGGCAGATACAGCACTTAAGACGGCAAATTCCGGGTACCTCACTAGGCGTCTTGTGGATGCGGCTCAGGATGTGATTATCAGTGAGCCTGATTGCTTCACAACGGACGGAATTATCGTTTCGGCGTTAGTAGAGGGTGGAGAAGTGATTCAACCCCTGGATGAACGCATTCTTGGGCGGTTAACAGCAGAGGATGTGCTCGATCCCGTCACGCAGGAAGTCATTGTTAAAGCTCATGAAGAATTAGAGGAAGAGCTTTGTAAGACAATCGTTGAAGCGGGAATCGACCACGTAAAAATTCGTTCAGTTCTCACATGCCAATCTCGATGGGGGGTGTGTGCCAAATGCTACGGCAGAGATTTAGCACGCGGCCGCCTTGTAGAAAAGGGAGAACCTGTTGGAGTCATTGCGGCGCAGTCTATCGGTGAGCCAGGGACCCAGTTGACCATGCGGACGTTCCATATTGGAGGCACGGCCAGTAAGGTTGTGGAGCAAACGGTTCTGGCATCCAAGCATGATGGGACGATTAAATTTTTAAGTTTTGACGCAAAGAAAAATGCGGATTTTTATAATCCCAGTATGGCCGTAAAGACTCGACAAGGGGATTGGGTGGTAATGGTACGCAATGGCAAAGTTGCCGTAATTGATGAGACTGGCCGTGAACGGGAAAAATATCCGGTGGTGTATGGAGGAAAGATAAAAGTCCCAGATGGAGGAAAGGTCGAAGTAGGACAGAAGTTTGTGGAGTGGGATCCGTATTCACTTACCATCTTGACTGAAGTAGGGGGGAAGGTGGCTTTCGGTGATATTGCCGAAGGAGTCACCATGAAAGAAGAGGTGGATGAAGTCACTGGTTTATCGCGTCGGGTCGTCATCGAGCAGGCAGGGACCAATTTGCGTCCGCGGTTGTCCGTTAAGGACGAGTCAGGAAAAACCGCAAAGCTTTCATCTGGATCTCCCGCACGATACCTCCTGCCAGTAGGAGCTCATATTTTTGTGGAAAAAGGATCGACTGTATATCCTGGAGATGTGCTGGCAAAAATACCTAGAGAAACGACTAAAACAAAAGATATTACAGGAGGCTTGCCTCGGGTAGCTGAATTGTTTGAGGCGAGAAAGCCTAAGGAGCATGCGGTTGTCACCGAAATTGATGGAGAAGTGTCTTTCGGTGGTTTTGTGAAAGGCTTACGAAAGGTCGTCGTGGATAACAAGATTGGTGATGTAAAGGAATATTTTATCCCGCGTGGCCGACACGTAAATGTTCATGAAGGTGATTGGGTAAGAGCTGGTGAACCATTAATGGATGGGTCCGCTAATCCACATGACATTTTAAGCGTCTTGGGGCCAAGGGAGTTGCAGAAGTATTTGGTTGATGAGGTGCAAGAGGTTTACCGCCTTCAGGGAGTTGTGATTAACGATAAACACATTGAGGTCATCACCCGCCAAATGCTAAAAAAGGTGAGAATCGAGGATGCTGGCGATAGCGCGTTCTTGCCTGGCACTCAGGTCAATAAATCTGTTTTTGATGATGAGAATGAAAGGGTCATTTCCGAGGGCGGGCAGCCAGCACTAGGTAAGCCTGTCTTATTGGGAATCACAAAGGCTTCGCTAAGTACTGACAGCTTTATTTCCGGGGCTTCCTTCCAGGAAACAACCAGAGTTCTTACAGAGGCTGCTATTAATGGCCGTACGGATGATTTACGTGGCTTAAAAGAGAATGTGATCGTCGGAAGGTTGATTCCGGCTGGAACAGGTTGGGGGGAGTATCGCGAAACATTTGTGCCGAAGAGGACAGAGGAAGATGTAGCTCTGTCTTCCGAGGATCAGTCAAGTTTAAATAAAGTTCATACGTCAAGTGAAAAATAATTTTTAATGCTACGTTTCAGATGTAATGGCACCTTGACATAACGGAAATGAATCTATAAGATCACCCGGTTCGCCCCAATAAATTTTCGACTTTTTAAATTTAT
NZ_CP116968.1_gap110	4223098	4225864	2766	GAAGATTTATTGAGCAATCTTGAAGCCTTGCAAAGTGATGGCTGTCACGTTGAATTGCTCTTTTTAGAGGCACAGGATGATATATTAGTCAGGCGTTTTTCTGAATCACGGCGCCCGCATCCTTTACTCCCACATCGGCCGATTATTGAGGGAATTCAATTAGAGCGTGAACGGTTACAAAGCCTTCGGGCTAGAGCCCATCGCGTCCTGGATACGTCAGAATTTTCCGTCCACGACCTTAAAGCCTGGATCATTAAACATTATCGAGAACGGGGTGAAGGACAATCCCTGAAAATTAGTTTCATGAGTTTTGGCTATAAATTCGGGGTGCCCTTCGATGTGGACATGGTATTTGATGTTCGATTTCTTCGCAATCCTCATTTCGTGCCTGACCTTCAGCCATTAACGGGGGAACACCCCGATATTCAACGCTTTGTCTTGGACACGAGGGAAGCTAAGGTTTTTCTCGAGCACTTGAAGGAATTATTTACTTTTTTGTTGCCATTGTTCGAAAGGGAACAACGAAGTTATGTCACCGTTGCTTTCGGGTGTACGGGCGGGCGGCATCGTTCGGTGGCGATCGTCCTAAGCATGAAAGATACTTTGAAAACATTGGGCTATGACGTCACGATTCACCATCGAGAAATTTCAAAAGAGGCTACACCAGGGTAGTTTCCTTTCTTCCTTCAGTAGACTTTTCGCCAGAATCAGTTCCTATAATTTCAGAGTTTTCTTTATTTAACATCTATTTTGTAGTCTATTTCTGAAACAAAGATTCTGACCCCTCATCAAGCAGTCTTGAATCATCGAGCCATTCCTAATATAAGAGGAATGCAACTCGTGGTGTCCTGCTGACATATTGTGAATACCTCCAGGGAAAACGAATAATAAATCTAGGTAAAAATATGACATCATATTGGGGGATGGCATTTACAGGGAAAATCCCGATAAAACCCCATTGAGGTCAAGAGCCCTTTGCCGATTATTGTTGGACTGAAAAAGATGAACACAGTCTGGGGAGGCATTAGAGAAAGGGTCCGAGGATTTTCGTGGAAAAGCCAGAATGTAACAGGCGTGGATGTAGGGTCTCGAGTGTTGAAGGCGGTGACTCTACAGCCGGGCCATACCTCCCCTATCCTAAAGGGTATTGTGTTTGAATCGCTTCCCTTTACACCTAATCCAAATTCTCAAACAGATCTTGAGGATGACCGACAACTAGTCCAATTTCTTCGAAGACAGTTATCCCCTTTTCCCCGTGCGGTGGGGATTACGGTTTCGAGTCCCCACGTCTTGTTAAAGAGACTGGCACTTCCCTATATGTCGGAAAAGGATCTTCGAGAACACCTAGCTTTGGAGCTTGACCGGTATATTCCGCTTGATGTTCAAGGTGCGGTTTGGGACGTGTATCGACACAAAGATTCTGATGCCCTGGACAACGAAAAAGTTCAGACATTTCTCGTCGTAGCAAAAAAAGAATTCATAGAGGCGCGAATGCGGCAATTTGAAGGGCAAGGGATGCACGTCCATTTTGTCGATGTGGATGCCTTTTCACTGGTGAATATGGTTGCTTACAACTATGGCCATGACGGAACGTGGATGATTATTCATCTAGGACCAACCGGCATTCTCTCGGTGATGATGGAAAAGGGGCGTCTTGTGCATATGCATCAAGTATCCTACGAGGTCGAGTGGTATGGAGACCTGCTTGACAGGGTGCAAGCGGCTGCATGGGCGGATGATGGTCTTAAGTTAGGTGCCTCGGAAACTCTACTTCTTGAACAATTTTTCAAGGAAACGATTCAGCAGGTCATCGAAAGTATCAAGTATGCTTCAGAAGGAACTGACATGGGAGTGGTGCAGGGCGTGATGCTGTCAGGAGGATATTCGATGCTGGAGGGACTTCAATCGAGACTCGCTGATTCATTGCACGTCTCTGTAACCCTGGTTGACCCGTTTAAAAAAATCAAAGTCCCTCAGGAGATGCAACAGGATTCTTGCTTTCAAAAAGCTTTGCCGTTATTTGGTGTTGCGGTTGGAGCGGCATTGCGTGGGGCAATCCCTCATGATTGAAATTAATTTGGCTCGTTCACTTCAGCGGAAAGTTAATCCCCATGAGAATTCACGACTGTTTTGTTGGCTAGTGGGTGTGGCGGTATTTGTGGGATTTGGAGTGGCGAGTTGGTGGTGGACACAATCTTTGCAAGAACAAGTTGAGGCCTTGTTTCAAGAAAAAACAATCAAAATGCAGGATCTTGCCCAGATAAAGGAAAGCCTCGATAAATTGCAGCGTTTTAATGAACAAAAAGTCCTCCTTATGACCTTTATCGAGCAGCTCAGTGATCAGGAGAGAGAAAAGGCTTGGCCGGTGAAATTGCTGAATGGAGTCAGTCGAAATGTTGAAAATCTAGATATCTGGTTGGAGCGGGTACAACTTGAATCACGGGTGGTGGAATTGCGGGGACAATCATTGGCACTAGAAGATATCGGTAAATTTATGGAGGGATTGGAGAATGATGGAATAATCGTGCGTTTACCTGTGGTGGAAATTCTTGATCACCCAGGAGGAGAATCAGACGTTTTTCCCTTTCTGATTCGTTTTGTATGGGATCAACAGGTGACTACATGATGGCACAGTGGAAGTCATTATCCCTTTGGTGTCGATTCGGTTTCCTGGTTGGAGTAATCCTGGTTTGTCTTTTGGGTATTCACTTTGTGATGTGGGATACGATGAATAACTCAATTAAGCAGTTGCAGGAGGAAGTTTCT
NZ_CP116968.1_gap111	4275622	4278185	2563	GATTTTTTGCTGATTGTGGACGAATCGCATGCCACCGTTCCGCAATTTGGCGGGATGTACGAGGGAGACCGTTCACGCAAAAACACCTTGGTCGAGTACGGGTTTCGCTTGCCCTCGGCGATGGATAACCGGCCCCTTAAATTTCCCGAATTTGAAAGGTGCATGAATCAGGTGGTGTATGTCTCCGCCACTCCGGGACCGTATGAACTGAAATATGCCGGCAAGGCGCTGGTTGAGCAGATCATTCGACCCACGGGCCTGATTGACCCCGTGATGGACGTGAAGCCGGCGAAAGGTCAGGTCGAACAGTTGCTCGGGGAAATCCAGCTGCGAGTGACGAAAGGGCAGCGGGTGCTGGTGACGACGTTGACCAAACGCATGGCGGAAGATCTTACCGAGTATTATCACGACCAGGGGTTAAAGGTGCGCTATCTGCATTCTGATATTAAAACGCTTGAGCGGGCCGACATCATCAGGGATTTGCGTAAGGGTGTGTTTGATGTGCTGGTCGGCATTAATTTATTGCGTGAGGGATTGGATTTGCCGGAGGTCAGTCTAGTTGCGGTGCTGGATGCGGATAAGGAAGGTTTCCTCCGGGGATATCGTGCCTTAGTACAGACAGCCGGGCGCGCCGCACGGCATCGCGAAGGCACCGTGATTTTGTATGGCGATGTGGTCACGGATTCGATGCGGAGGGCGTTGGACGAAACCGGCCGCAGACGAACCATTCAATTGGCATACAACGCCGAGCATGGGATCACGCCGGAAACGATCAAAAAACGCATCCACGATTTGGAGTACCAATTGGCGGAAGCCGATTATGTGGATGTATCGTTGGCGGCAGAAGCGGTGGCGGCATACGGGGGCGAAAAAGATTTAGAACAGAATATCGCCGCATTGGAAAAAGATATGAAGGCGGCTGCCAAGGCATTGGAATTCGAACGAGCCGCCCAGTTGCGCGATACCCTTCGTGTTCTCCGCCAAAAGCAGATCCAGGTCGGAATTTAAATCCAAACCACCGCCTTCTTTCATTCTCCCTTATTCAAATCCGGGATAGGGAACCGGTCCCTTTCCTTTTCGGTTGCCATGCCGGAAAGAGACTGTGTCGAAGGGTACGGTCGGGTCTTTTTTGAGTTAGTCTATACGTGTTTATAAACGTAAGCCCCGAGGAACATGCCCAACACGGTGAGGAGGTTCATTTTCAGGAGGAACCCGAGTGTGAATTTGATCAAGACCAAATTGACGGTCACGGGCGGGTCTAAGCCTAAGTTTAATGCCTGAATGAAAATATTTTGTACGGTGCCCTGCGGAGCCACGACCTGAAGAATTTCCCCTAAAATACTGCCTAACAGCCCGCCAATAAAAATAAATAAGAGTAAGTAGCTTCCACTCTTTTTTAACACCCGTTGCCTCCCGGCGCATGGTTGGGGATCAGGGACTTGTGTGTATGCGAACGGTGGAATGTATCAGAAATTTGCACGAAATGATGGCTGGAATGGCCCAAGAATATGCTTAGGGTAAACTGCTCAACACATTACAAGAAACATTGAATTGAGTCAAGAAATAGGCCGGCGCCAAAGGTCTGTGGCCATAAGAGAGTGTTTAGGGTAAAGCGGGTGCGACAGGGTGAGGAGCAATGGTAAATCGCATGGTGCCTAACTTATTGGCGTCATTGGCGATATACCCCACGAAGATTTCGACGCGGTATGGGCCTGGTTGCCAGGTCCCGTCCGGTGGGAAAAATTTCAGAAAGCCGCTCTCGTCTTCCGTAGCCAGATCGACGATATCCTCGTCGAGCCATTGAGGAGCATGCATGCCGGTTTCTGAGTCAGAGAACAGACGGCCAATGATTTGATAGGACGACAAATGTTCATGGACGGTAAACACCAGGTATACTGAGGTGAGGTCTGGCAGGAATGTCTCGGCTGGCCTGACGGGGATATGTGTATGACCGCCCCTGGTGGTCGGTTTGACCTCGAAACTTTCTGCGAAATCTAATCCCAGAAATACTCCACCTGGTTTTTTATCTAATGAGGGGATAAGAGGAGATTGGGAGTAATTATCATATAGGGATGGAGCATCAGAAAAGTGATCGGGCGGAGTATCATATTGGGAAAACCCATGTTGTGTATCTTTCGGTTGCAATACGGAAGGGGAGTCGGTCTGAACGGGAGAATCATTGCCCAAAGCGGTGCCGGGCATCCTAAAGAGCATGATTGATATCAAGATGCCCCACAGGAGGTTGCGCCGCATGACGAGCAATGGATGTTTCATACAGGTCTTTATGTAGAGTGTGCGTGACTCGACAATCGTGATTTCCAAAAATCTTTTCCGGCTCTTTTTAAGAATCCACGTTCTCTACCTTCGATGGCGCCATTGAGTCAAGGAGTTTCGAGCTTGCCTTGCAGCACCATGAGGTGTTTGTTAAGATTCCGGCCGATTCTACGCATTTTCATCTACTTTGTTGCCACTGGCATTTTCATTCATTCTTTCTAAGGAATATAGGTTAGAACTATGGGTGCTTCACCAAGTATGGATCCCGATGCATTGCCGCAACTCGTAG
NZ_CP116968.1_gap112	4279709	4280564	855	TCATTGCCTACGCAAGAATTTTGCAATCAGGTAGATTTTTTGAAAATGGTTGTGTATACTTCGGCGGATTTTTCTAAGAATGTAGTCACTCATTCACAATAAGACGAGGTTGCTGTGTTTGGATCGTTTGGATGGATGGAGCTTATGCTCATCCTTATCATTGTGCTCATCATTTTCGGTGCAGGGAAAATCCCGCAGCTTGGTGAGGGCTTAGGCAAAGCGATCAAGGGCTTTAAAAAGTCTGTTGCCGAAGCGGATGCGTTGGATGTGACGCCTAATGAGCAAGGCGAAGGCGGGCAGGCCCCACCGCCCCAACCGGATCAATTGTCGAGCCAACACCAGACAGCAGAGGTTCCCCCTCCGCCTCCGGCGCAAGGGGTGCCGCAGCCAACGGAATCCACGCAATCCAAACAGGGATAATTTGCGGGTGAGATTGACACGGTGAAGACCGCACACCGAAGAGACAGGCAGCATGGACTCAAGCCTGATCAACGCTCAAGGTGTATATTCAGCGGGCAAATTATAGAGGAGTGGGAAAATGTTCGGCTTAGGAGCGATGGAAATTTTGATCATCCTCGTCATCGCGTTCCTGCTCTTTGGTCCTAAGGAATTACCGGAAATCGGCAAGCAGGTCGGGAGAGCGGTTAAAGGGTTTAAGGAAACAACGGAAGATCTTCGGCAATCGGTTGAGCCGGAAATCAATATGATTACGCAGGAATTCAAATCTGTCGAACAAGATTTGGAATCGTCAATCAAAGAAGCCGAAGCAGAGATCAAAGGGGCGACAGAACAAGCCACCGAGTCCGGTGGATCCAAAATGGGGTAGCCAGGGGAGGTGCGACTCCGTGAGGACGT
NZ_CP116968.1_gap113	4281580	4282088	508	GGAACAACGTCGGGTTTGCCTTCGATGGTGTGACGATGCGCTATAACCATGCTACCGTGCCGGTGGAATTGGGCTGGTTGCGTGTGGCGGAAGGCAATTGCGTGCAAAATGCTGGCGGATGTTCAACCGGGAAGGCCAGTAAGGGTGACGGCGACATTCTGTTCTTACGTCTCCCGATGAAGTTCGGGTCTGTCGCAATCGAACCCGCCTATATCTATGAAGACGGGGGTTCAACCACGGGAGCCGGTTCCCCGGCCTTCGGTACCGGTGGACAGCAATCCAATCAGGAACGAAGCACCGTCGGTGGCCGTGTCGCGTTCAAACAGGGAATGTTCGATCTCACGGGAGAAGGTTATTGGCAATTTGGAGAAATCGGGCCTGTCGGGGGAGCGAGTGAGACTCGCATCAATGCGTTGGCCGGACATTTGGATGGTGGTGTGACGCTGCCGGTTCCGATGCAACCACGGATCGGTTTTGAACTCAATTATGCCACCGGCAGCAGCAATAA
NZ_CP116968.1_gap114	4424775	4428014	3239	GGGCCCATCCGGCGGTCCAAGCCCATGCTCAGACCCTCCGTCATCGAGGGGTCGTCCTGGTGGAGCCGGAAGTCGGGGCCTTGGCCTCCGGAGAATGGGGACAGGGGCGTTTAGCTGCGGAGGAAAGCATCATGTCGACTGCGGTTGACCTGTTGCGTCGCCGAACTGATTGGCAAGCGGAGCGTGTCTTGATATCGGCAGGACCTACCCAGGAACCCATTGACCCCGTGCGATTTATCAGTAACGGGTCATCAGGCAAAATGGGGTTTGCCTTGGCCGAGGCAGCCGTTGCACGTGGGGCCCAGGTCGTCTTAGTGACGGGTCCCACCCAGTTAATGGCTCCGAAGAACGTAACCGTGATTCCGGTAGTCACCGCAGAAGACATGTTACAGGCGCTCACGGCCCGATTTGAATGGGCAACCACGCTCTTGATGACCGCTGCCGTGGGAGATTTTCGCCCCAAACAGGCGCAGGTACAGAAGGTAAAAAAAGACCAATGGCAGGGCGAAGGATTGGATTTGGAACGGACCCCGGATATTTTAATGGCACTCTCCGCCCAGCGTACACATCAACGCCTGATTGGCTTTGCGGCTGAAACCGATCATCTAATTGACCATGGGCAGACCAAGCTTACCGGCAAACATCTGGATATGCTGATTGTCAATCACGTCGGTGGCGAGCAGTCTGCTTTTGGAAACGATACCAATGAGGTGTATGTGCTCACACCGGCTGCCGCCCCGCATCACATCCCGCGAATGCCAAAACGACAGCTTGCGGATTTACTCCTAGATCGTATCGTATCCCTTCCGGTTCAGCCTTTCAGGCAGAAGACCCTGTCTTCACCGACGTCATAGTTTGTGCTCACCTGATGGGGTGTCTCCTCACCCTTTTCCATTGAGATGGAACAACGTCTCCAAATCCAAAGGACTCGTGCTTGTGTGGTGAATGGTCAAAGGTCCTAATGGATTTTATGGCTAAAATTGGGAGAGTGAGTGAAAAATGAAACAGGAATCTCAGAGAACAAGAAAAAACTTAACTTTAGGAGCTGATCAGCCGATAAAAATAGGATGGAAGGATTTTTCATTAATATCGTCTTTTTCGCCTGGCTTATTGCCATGATTCTTCTGGCTATCCGAAGAATCTAGCTCATTTCCCCCGGCCCGGTTCAGAAAAAAGTATCGGCTTTTCTTTGAAGCCTTCCCAACAGGAAAATGTCAGGGAAGGGCCCCATCTGAATCGAAATTCCTGACGGGTGGCTGGGCTGAGTAAATGGCCTGCTTTAGGGAATGGCTCGGATTTGAATCCCATCGACCCGCTCTTGAGCCAACACGTCTGAGATAATCACGACTTTGTCTCCTATTTGAAAATGTTCACGGGTTTTTAATATCCGAAATGCGGTTTGTAACGTTTTCTCCGGGTCTGAACTAAAGTCGATCCGAAAGGGATAGACCCCTCGATTGAGCGTCATCGTTCGACGGGATTGACTCCCGTTTGTGAAAGCATAAATGTTTGTGGAAAATGGACGACAATTCGAGACCAGATCCGCCATGATACCTCGTCGGGTGATCACGACAATCCCTTTGGCGCGTAGTCCTTCTGCGAGCTGGACGGCAGCGGTGGCGAGTTGTTGTTTGTCGGTCGTCAGCTTTAACTGTTTCGCAAACTGCAAACCTGGAATGGCTTCGGTTTTGAGGGAGATTTTTCGCAGATACTCGATGCATTTCAGCGGATATTTTCCGACCGTGGTTTCTCCCGATAACATCACCCCGTCGACCTCCTCATAAATGGCATTCGCCACGTCAGTGACCTCGGCACGCGTAGGGATGGGATTATGGATCATCGATTCCAGGAGATGGGTTGCCACAATCACGCGCTTGCCGGATTCCGCGCAGAGTCGCACAATTCTGCGCTGCACATTCGGCAGATCCTCCAGGTTGATTTCTGCCCCTAAATCTCCGCGAGCCACCATGATGCCATCCGATTCCCGGATAATATCCTCCAGATTACGAACCCCTTCCTGATCTTCAATCTTGGCAATAATTTTCACCCTCCCCACTTTGGGCCCCATCAACTGTTTCAATTGTTGGATATCCTTCGCTTCCCGAACAAAGGACAGCGCAATGTAATCCACATCGGCGGCTAAACCAAAGGCAATATCCTTTTCGTCCTTTTGCGTAATCGCCGGGAGATTGACCCGGATTCCCGGTAAATTGACATGGCGTTTGCTTTTTAAAACCCCCCCATCAATGACCCGGCACTGCATGAGGCGATCCTGTTTTTCAAGGACCTCAAAATTGATCAACCCATTATCCACGGTAATCTTATCGCCGACATTCACGGACTCCATTAAATCGGCATAGTTGATGTGAATGGAGCTTTCTTCCACATCCATCGGCCCCCGTGCAGAAATCGAGACGATCGTGCCTTCCTGGAGATTGAGATCAATCGATAAATCTCCTGTCCGGATTTCAGGGCCTTGGGTATCCAGAAGAATCGGAATAGGAAAGGGAACCTTGGTATTGAGGGTCTTAATGTGTTTGATCACTTTGGCATGGGATTCGTGGGTCCCATGGGACATATTCAATCGCACGATGTTCATGCCGGCGTCATACATTTTGCGTAACATCTCGTACGATTCGGTCACCGGTCCGATCGTGCAGATAATTTTGGTCTTTTGCATGAATGGTTCCCTATCAGTTTTTAATACGCGTCAATTGTGCAAACGATCTCATCACCTTCCAATATTCGTCAGCCACATTCTATGGCACTTCTGCCTACTGTGAGCGCGGCATCAGACGCAGGCGTCCAAGGAGATGGGGAGGCACCCAACTCCTGTTTGAGATTCATAGGATTGAGGGTATGCGTGTTGCTGGAATGCTGTTTTGGCGCAGACGATATCCCACCTCCCTGTGGGTTCTCATGAAGTGTAGCCCACTTTAGCGTCAAACTCTAGCAGGGTCGAGCACTGACCAGGGTCGGTCGGGGTGGGTTCTCCTTACCTGGTGAGTGACGCAAGGGGGCCTTTTCCACCAACCGTGAGAACCGATATGCATAGAGGGAGTGTTGAATAATAAAGATGTTCACGGGCAAATTTGCCCAGGATTAGATTACTCATTAAAGGCTCCGGGTCGGTTCAAAAAAGTCCGTCCAGCAAGGCCGCAGCCGTTTTATGCGCGCGGAGCGTACTCGTGGTACGTGAGCACGGAAAAATGGCGAGAACGCCGCTGGCGGCTTTTTTC
NZ_CP116968.1_gap115	4444457	4448389	3932	CGCTTCCTGTGACGCTTGTCTTTGATTTAACTCCTTTGGAGGAGACTTTGCAGGCATCCATGCCGGAACACTTCAGTGAAGCATCCCATCCGCTAAGGAACGACTACCGGTGGGATTTCGTTCGGGAAGCCGAGCCGCAAGTCACCATTCAGGATGGCATGGTCACCGTTCACTCCACATACAGAGGGGACGTGGAGGCTAAGACCGCTTCCCGAGGCTGTCGTTTAGATCCCATCTTTCCCATTCTCCATACCACAGGGCAGCTCGAAATGGGACAAGAGGGCGAGGCGCTTGTTCTGAATCTTAAAAATCCTCAAATGGACATCGACCTGAAACCGGAGAGCGAGAATAAGTGCAACATGTTCAATATCCCGGTTAAAGATCAACTGGCGGAGCTTCTGAATACTCCAAAGCTCGTCGAGAAGATGACACAGGCCGTCGAGGAAGCCGGGTATCAGATTCCTTTGGATCAGGTCTGGACGCAACTACAAACACCCGTGGCCGTAAATGTAGCGAAGTTCAACACGCAGGCCTGCATCTATGGGAAACCGACAGAAATGGCGATTGGAAATTTAAAGGGCGACGTGCAGCGGACGACCATCCCGATCGTCGTCAATGAAAGACCGACGGCGACGTTTGAAAATTCTTGCGGGAAGCCAACGGCCGAAGTCATGAAAATCACTTCAGGAGCCGGCCTCCTTGAGGGGAAACCGTATAAGGTTCTGGCCTCCGTGACCGTCCCTTACTCCGAGGTGAACCAAGCGCTACAGGAAAGGCTTGGGCACCAGCCGATGAAAGACGCCAACCTCGAAATGGTTATTAACAAGGTTACGGCTTCAGATTCTTCGGGACATGTGCTGTTCACTGTCAACACGACTGGAGATCTCAATGGCACGATTTATTATTGGGCAACACCGCTTTTGGAAGGTGAGGGATCTGTGCTGACGATGTCTGATCTTCAGATGGCCAGCGAGTCGAAAACAATGTTGAATGATATCAAGGCGAACTATTGGCAGATTGTCGATAAGCAATTACGAGATAAATTACAAACAGCCACACGGGTGGATTTGTCCGACCGAATCGACAAGATGAAATCTGCGATCACAGGTACACACCCGAGTGGCGGCGTGACCACGGAAATGGCAATCGTCCAACAGCAACCGCAGCGCGCCTATTCCATTCCTGAGGCGCTGGTGGCTGATATTCTGCTAGAAGGCACAGCCAACGTGACCGCGCCAGTGGCCATGAAAACCCGCAGCATGCCGGGAAAAACGCCAGCTAAGGTTTCTATTTTGTCTCCGCCGTCTACCCAACGGTAAGCGCGCCTCCCATAGCCTTTGCGCCAGCCGAATGCGTATTGATATTTCGGCTGGCGCACGCCCGCGTTCTTGGGTCTGCTAATCAATCGGGCGGAAACCAGGTCTCGCAATCTCAAATCACCCGATTCCTCTATCTGTCAATTCCTTCCTCTCTTTCTCTTTCGACTGTTTATTTTCTGGGACTGTTGAATATTGGAAAATTTCGCCGCTTCATCAGCTTAGGAGTCAACGAGGATCACCAGAGAAAAATACTGGAGTATTCAAAAAGGTCCGTCCAGCAAGGCCGCAGTCGCTTGGACGAGCGGAGCGTACGAATGAGTACGTGAGCACGGCCAAGGGGCGAGAACGCCGCTGGCGGCCTTTTTCAACACTACTTCCTCTCGATATTCACCTGGACATTGGTGCCATGAGAGGTCATGTCGAACACCGGTGAGAGTTTACTTAACGCCTTGAGCTTCTCAATGTTCTCCGCATCGGTTTTGACCTTAAAGTTGACGCGAATATTCTCGAACCCGCTCCTGACCGTATTCGAGAGGCCAAGGAATCCCCTGATATCCAAGTCGCCCTCAAGTTCCGATTCCAATGCGTCAATCTTAATGCCCCGTACGGCAGCATGGTACACCAAGGTTGTCGTTAGACAGCCGGCCAGCGCATGTAAGAGGTGTTCGACGGGATTCGCGCCGGTATCATGCCCGGCCAGAATAGGAGGTTCATCAGCATTCAGGGTGAAGGGGTCGTCGTGAGGGATTTCCTGTTTTGCCGCATAAAAGCTTGAGACCTTCGACTGGTTTTGGCCACACGTACTCCAGGTATTTTTGATGTGAAACCTGCATTCACCCAGTTTGGGATCACTCTCGACGTTTTTCACCAGCTCGTTTACCGCTGCGACATTGACACCATTAATGACTTGCGCTTCAGCCATGGCCATTCACCTCCATAAATTAGTCAGAACTGTGATGAATAATTGGTATGTATGTGCCCAACTGGAAATAGACCGCCCACATGCCGTGATATCTTCACTCAATAGTGAAGAGGAAATTCTATGCTTTTTTATTTAAAAAGGGTATAGCCCCCAAAGAGGTTAGCTATACACCTCGGCACCGTGAAGGAAGCATCATGGGTCATTTCCCCAAAAAAAAGTCTTTCGAAGGAATAACCCGCGAAAGACTCTGCACCCGGGCATTCTCGTTGGAATGCCAATGCCTCGAATTGGTAGTGAATTTTTGGATGGGACTATCTACCCCTCGGAAAAAGAAGTCAAGCCGTCACTCACCGGTTGCCGGGCAGGGTTAGCAGGTGGGTGCGGTCAAAATTATGACTGACGACTTTCTGGTGAGCATGGTCCCGAAAGGTGGCATGAAATTCGGCCCCGGAGAATTCAAGGCGCAGCGAACTAGCCAAGGTGCGAGGGTGGAGGGGGGCTCAGGTGTGATGATAAGGCTTGGCCACCATTTTGCTCACTTTAGGGTGGAGAGCTATGGGGTCGTAAATTCTGGTTCTCCGCAGGTACGAGCGAAAATGACCGCAGATCAATTTTTCAAGAAACGGGTGGAACCCTTCATTCGTCAACCAAAGTTTTGCTCCCTATTTTTTTCTTTTCGACCCATTCTACGTTCCCGTTAAAAATCGTAGAGGTGGTCGAGTTGCACAGCCGCTTGTTCCAGGGTCGGCAGGGTTTCATGCAGCTGTTTTATCGGGACGAAGAGTGCCACGCGCTTCCGGTCCGGCTGCGTCAGGATGGGCCATTCGCAGACTTTGCGGCCGATATGATGCCGGTCCTGCCAGTCATGCGGTGCGATGATGGTTATGAGGATCTGCTCATTGCCAGCCACTTCAATCAGCCTGACATCATGATCGATCAAGGTTTTCACCGCTTGCTTGAAAGGTTCGTAGCGCGGGATCGCCATTAAATAGGAACGGTCACCGAGTTGGTCGAGCACGCGAATAGAGGGATCGAGTGCTGCGATATCTTTCGACCCCTGTTTCACCCAAGCCTGGATCTCGAGCGCTTCGGGGTCATAACCTGCGCCAGTCCCTTGCTTAATTGCCCAGCCCCAGGCGGTTTTGAATAAGAGCTCCATTGTGAATTCAAAACGCCGTTCCCATCGTCGCATGGCACTGCCTTCCGCCTCTCCCGGCAGACTCCAAAACTCCTTGAGCTTGGCTGAGAACGGATACTCATACCAGGGGGTGGCGTGGATGAAGGCGGAATAATCTTGTGCCACGTGCTGAATGAATCGATCTTCTCTGGTTGTTGCCTGCCAGGGTCCAGCTGTTGACGCCCAGGCGGTGATGGCTCCGACCGTCGTCTCGTAGAGGCCTTTGAAGAGGTACTCCGCCGTAAAGCTTGCTCCGATGACACCGATCATCACGTGATAGCCCCAGTTGAATGAGGGCGTGCTCCATGCTTCGTAAAGGATCTGCCCGTAGAGACTCCAGAACTGACTGATGCTGCGGAAGTAAGGAAAGTCGCTCGGCGGGTGAGATTGAACAAAGGCGCCGAACTCGTCAGCGCTGTATACGATGTACCACTCCGGCAGCGTGAGAAATGTCTGGTCTTCGCTACGGGCGTAGTGCGTCAGGGCCTGGAGTTTTTTTTTACATCCTGCCGGC
