gap_id	start	end	length	sequence
NZ_CP134169.1_gap1	144671	146054	1383	TCTTTTATATGATGGAATAAGAAACTCAAGTTTTTTCCTTGGATACATGGCTACACTATAGATAAACTTGCGGTTAATATTTAGAATTAAATAGCGATTTAATCCTAAAAAATAAATTAGATTTCAGCCTAAGTAGGATATTTAGAGATACTGCCGGTAAAAGCCTGATCATCTCAATAAAAAATATTGTCTTTAATATTTTAGCGATTGCTAACGAGTCCAATTCTAACCCTAATACATCACTTACAAATTGCTTTTTCTCGTAACTGTTTTCTGGAGGTAAGCTAGAGAATAATTCTTTCTTGATTTGATGCGATATCATTGCCACTTCATCTCTTGGCTTAATCACATCCAATGGATTTTGAGGATGAGAAAAATTGTAGTAGACTGGCTCTTTACCAAGTATAAAGTATTTAACTCCTATTTCTTCACAATAAAACAACTCACTACCACCTGTTGGTGATGTTGCATAAAGAAAATTGGAGACTAAGTCATAAAACCTATCTACAAACAGCGGACTTAGTGTTTCGCCTGCGCTGACTATTGGTATATTGTACTTTCTAAGCTTCTTATGGTAACCCTTTTTCACATCATGCATATGCATACATATAACAAATGGTTTATAGCGATCTTTTAATGATTCCAGATTGTGGAAGTACTCATCCCAATCATAATCTATGATCTCAATTCCATCATTGGAATGTGGATAAAAAATCAAAGTGCCTTTTGCTTTTTCCTTTAGATTATAACCAGCTATTTTTCTATACATCACCCATGGATGTGTTATATGAACTACCTTCTTAATTTGGTATCTTTCAATACTAATAACTCTCTGTTTATACCAAGATAGGTAGTAAGCAGCTTTATTGTTTATCTCATGTTCCTGAAGCTCCCCTGAAAGTGCTACACCATGATCTCCGTAGACCGGTATTGGTAATATATCAGGCCACTTTAACCATAAACGATAGCAACGACCAAAACTATAAAGCTCTGTAGGCCAAAATAGAGCAGGAAGTCTTGCAAAATTACTCTTAATTCTAGTATCTACTTTTTCCGAACAGATATATTCGAGATATGCATCATCAAAACCCTCGAAAGGATTTATATCCTCATAGTTTGGCCAAATTTTTTGAGGTTTGATAGGCTTCTTCATGCTTTATTTACGTTATGATAATTAAAATACCTCAATTTAACTGATTTTCAAGGCAGTTGTCAAGAGCAAGCTCGCCGTGGTCGCTCGACGGGATTTTTTGCGATTGATGGCTTGAAGCATAGTGGAGAGGATCTACAAGAATGCCTCAAGGATTAACGAAAGAGAGCAGCGTACTTGTGACGGGGGGCACAGGGTCGTTTGGCCGTGCGTTTGTCAAGGAGGTGTTGCGG
NZ_CP134169.1_gap2	167827	169713	1886	TCCGTGCCGATCAACAAATTCAAGCCCGCATTATTCTCGATCAGCAACCGGGGATTTTGGTGCCGACCACGGCGGTATCCAATCTTGCCGGGCAAAACTTTGTCTTTGTGGCCGAAAAAGACGCCGAGGGCAAAATGATTGCCAAACAAAAGCCCATTCAAGTGGGGGCAATCCAAGGAAATAGATATCAAGTTTTTGAAGGCCTCAAACCGGGAGAGCAAATTGTTGTCTCGGGAATTCAGCGCTTGCGCGATGGTGTGCCCATTACTCCTGAGTCCTAAAAGAGCATGATTAGCGATTTTTTTATTAAGCGCCCGGTTTTTGCCACGGTTTGTTCTCTGCTGATTATTTTGGTGGGGACGATCGCGCTGCCAACGCTGCCCATTGAGTATTACCCTAACGTTACACCGCCAACAATTCAGGTGTCTGCCAACTATGCAGGTGCCAACGCTGAAACCGTTGAAACGAATGTCACCACGATCTTAGAAACGCAAATTAATGGCGTGGAGGGGATGGATTACATTGACTCCACCAGTGACAGCTTTGGCAACAGCAATATCACGATCACCTTCACTGAGGGCTATGACCAAAACATTGCAGCGGTGGATGTGAATAACTTAGTGGCATCAGTCACCTCCCAACTGCCACCAGAGGTCATCAACACTGGGGTAAATGTCAGCAAATCCACAAATCAGATTGTTTTGGCCTTAGCCCTATACCCAGAGGAGGGATACAACTACGACGCCACATTCATTAGTAACTACGCGACCCTCTACGTGGTGCAACCCCTGCAACGTCTGAACGGGGTAGGGCAGGTTCAGGTCTTTGGTCAACGCACCTATGCCATGCGGATTTGGCTTGATCCCAATCGCTTAGCCAGTCGCGGTCTGACGGCTCAGGATGTGGTGCGTGCCCTCTCCGATCAAAATGTCCAGGTGGGAGCCGGGATTATTGGTGCCCCCCCAGCACCAGAGGGACAGGAGTTTCAAATTTCCATTCAAGCCCAAAGTCGCTTGGCCTCAGAAGAAGAGTTTGCCGACATTATTATTCAGCGCGGCGACGATGGTTCTGTGATTCGCATTCGCGATGTCGGTCGCACCGAGCTAGGAGCACAAAACTACAACACCAACTTTCAGTTTGATGGCCGTGACGCCGTTGGGATTGGTATCTATCAACTCAGTGGTGCTAATGCCCTCGACATTGCCCGCGCTGTCGAAGCGGAGATGGCTGTTTTAGCTGAGAAATTTCCCCCCGGTCTGAAGTGGAGCGTGGGATTTAGCACCACGGATGCGGTACAGGAATCAATCAAAGAGGTGGTCATTACACTCATTGTGGCTATCATCCTTGTCATTGCCGTGATCTTTTTGTTCTTGCAGGATTGGCGTGCCACGATCATTCCCTCGATCACGATTCCCGTTTCCTTGGTGGGCACCTTTGCCTTTATGAAGGCTTTTGACTTCTCAATCAATAGCTTGACCATGTTTGGTCTGGTGTTGGCCACGGGGCTGGTGGTGGATGATGCCATTGTGGTCGTGGAAAATGTCACTCGCCTGATGGAAGACGAGGGCATGACCCCCCAAGAAGCTGCCAGTCGCTCGATGGAAGAGGTGACAGGGGCACTGATTGCCACCTCGTTGGTAATGATGGCGGTCTTTATCCCTGTGGCCTTTTTTCCGGGGGTCACTGGGCGGCTCTATCAGCAGTTTGCTTTGACGATTGTTTTTGCGATCGCCCTTTCTACGTTTAATGCTTTAACCCTCTCTCCCCCTTTGTGCGCCCTGCTCCTGCGGCGGGAACGCCCCCCGATGGCGAACTTTATTTTGTTTCGCTGGATTAACCGCTTTCTCGATACAATGCGACGGGGCTATGAACGCAACCTGACTGTG
NZ_CP134169.1_gap3	182505	184400	1895	CCGGAAGGTAGCGAACCACACAGGCATCCCATCCCAGCCCTATTTCCACAATTTCCCGCACAGCGGTGTCAAAGATGGTTTCAAGGTCAAGGGAATTGCGGATGGCTTGGATGACACGATTGAGAGCCTGCTCGCGCAGTAGTTGATTTTTGAGCGTGGTCACATCTCGGCCAACGGATTGAATCCCACTGAGGGAACCATCAGCCGTAAAAACCCCTGAATTCAGCCACTGGATCCAGCGACTCCCTTTTTGGGGATGAGGTAGGCAACTTTCGCAGGTAAATAGGGGCGCAGCGGGTGTAAGCTGCATCACCTGCGCTTGGAAACAAACGGCATCTTCACAGCAGACCAACTCCCCTAAGGGGCGACCAATGACTTCAGCAGCAGAACAGTTAAAGAAGCGGCAAAAGGCCTCATTGGCAAATAGGATGGTGGTATCTGGGTGCAGGGATAGAAGAAAATCACCTTGGTCTTGGAAGATGCCGGAGTCACACTGCCTAGAATCAGGCTGCTGCTGACGAGAACAGGCAAGCCCTTGGGGCTGTATTTTCTGAGGTTGGTGCCCAGTAATGTCCTGAAACGTGAGCACAATGCACTGCAGATTGCCGCTGGGATCAACAATGGGGCGGGCGTGGATTGCTAGGGTTAATCGCCGATCGCTCAACAGCAGATCTACGGCCACAGAACAGGGTTCTAAACGCTGGTGGACTTGCCTATTGGGCAACTCTTCCTTGGGATAGGGGCGATCGCTACCGCAGTAGTAAACCTGCAGATTTGCCCAAATGTCGGCTGCCGCCGCTTGGGGATCCGTCACCGCCAAGAGTCTTTGGCCAAAGGGGTTAATGTAGCTAATTTCCCCCGCGGGATCAGCAAGAGCCACAGCAATTGGTAACGCCCCTAGGATTGCTGTTAGGTAGTGCCCCCCATCACTTTTCCCCATTCCATCTGACCGGTCGATCACTGAATCTGCACCGCCACTGGCATTGGGGGTGGCAGGCCTTAGGAAAGTGGGGAACAAACTATCCATAGGATTAATCGTAGGAAGTTACTGGGGCTCCTGACTAAAGCTAAGCGCAGCAGCTTTCTGATTACATATTCGTAATAATTACGATGGTACTTGCTATTATTTTTTTTTTTTTTGACATATAACTGATTTATAACTGATTTTCTTAAGAAGTATAAAGTAATTTCCTATTCTCCTTCCTTGGTTTTGAGTGTGGCTTCCCGCTGAGCCAGCCAGCGCGCATACAGATCTGGGCGGCGTTGGCGAGTGCGTTCAATTTGCTGTGCCCGCCGCCAAGCAGCAATTTCCCCATGGTGACCAGAAAGTAAGACCGGCGGTACCGTCCACCCTCGAAACTCTGCGGGTCGAGTGTAGTGGGGATAGTCCAATAAACCGTCCTCAAAACTGTCTTGATGCAGGGAAGCCGCTTTGCCCACCGTGCCGGGCAGCAGTCGCAGCACACCATTGAGAATCACCAGAGCTGGAATTTCCCCACAAGTGAGAACAAAGTCGCCAATGGAGATCTCTTGGGTCACCAAATGCTGGACGACCCGCTCATCCACGCCCTCATAGTGACCACAGAGAATCACTAGTTGATCTCGCTCCTGCGACCAATGCCAGAGGTGCTGTTGGGTCAGGGGTTGCCCTTGGGGGGTGACATAGATCACTTCACGGCGGGGCAAGGAGGGCAGCGATTCCACCGCCGCAAAGAGGGGTTCAGGCTTCATCACCATGCCCACACCCCCCCCGTAGGGTTCATCATCCACCCGCTGGTGCTTATCAGTACTAAAGTCACGCGGATTCGTCAGGACGACCTCGGCAATCCCGCGTGCCAAGGCTTTGGCCATTAAGCCACTGCCGAGGGGGGAGGCAAAGAACTCTGGAAAGAGGG
NZ_CP134169.1_gap4	186844	187665	821	GGGCTAGGTCTTGATCAGGCGGGGGTGCATCTTACGGCCAATAGTCAAGGGATTGTCGCCATTGCTGTGGATGAATACTACCGCACCAATCAAGAACACATTTTTGCTGTCGGGGACTGCACTAACCGCGTCAACCTCACTCCCGTAGCCATTGCCGAAGGACGCGCCTTTGCTGATACGCAATTTGGTAATCTACCGCGCACCCTCAGCTATGAGAATATTCCCTCGGCGGTGTTTTCCCAGCCGGAGGCGGCTTCGGTGGGGCTGTCTGAGGCGCAGGCCAAGGCGAAATTGGGGGAAGAGAATGTGACAATCTACCGTGCGGCCTTTCGCCCGATGTACCACAGTCTCACGGGTCGAGATGAAAAGGTGATCGTCAAATTGGTGGTGGAGAAAAATACGGAGTGGGTGCTCGGTGCCCACATGGTGGGGGATCATGCGGCTGAGATTATTCAAGGGATCGCGATCGCCCTCAAAATGGGCGCCACCAAGAAGGACTTTGATGCCACGATGGGCATTCATCCCTCGACGGCGGAGGAGTTTGTCACCCTGCGTTAGTGGCCACTTGCACCGGACTGTGGAGCAGCTCTAGGGCCGCCAGATATTGGGGATCTGCTGCTGTACCCATAGCCATGAGACTCTCGGGAGCATCGAGAACCCGCCGATCTGGCTCAATCCCCACTTTGTTGATGTTGTGGTGATTAGGGGTTTCGTAGTGGGCAATGGTAACCGCAAGGCCAGAGCCATCACTGAGGTTAAAGAGGGACTGAATCGAGCCTTTACCAAAGGTGCGATCGCCCACCAGTCGAGCACGGCCATGA
NZ_CP134169.1_gap5	258502	261553	3051	AAATGACACCAGAACCCTTTGGGAATAACCCTACAGAGGATTCCCAGAAAAAAGGGAGCATCAAACATTCTAGGATATCACAATTTTTGCCCCTCAGTGCGAGTTTGCGCAGAGATTGGCTGGCTTAGCCGCGCACTTTTGCTGTAAAGCCAGAGGCCTTAAATTGCTCCAACTGCAAAGGTGTTGGTTGGTCGTAGGGCACGCTAATGCGAATTTCAAAATCGCTAATGCCGGGTGGAATCACATCAATTGCCCCAACCCGTGTGCGGTTTTGCAACACTGGATTGCCATTGGCATCGTAGATGCGGCCAAAGACATCGGCATCCACCACTGTTTTGCCGGATTTATTCTCTGCTTTGCCAGTAATCAGGTAGCAGTTGGCCTTGAGGGTCGTGCCCCCGGGTGTGACTGAACCTTCACCAATTTCTGGCGGGCATTCGTGGTAACTGAGGTCAAAGAGCCGCACTTGAATAGCGGCGATCGCCGGCAGCGGGGCGATACTTGACCAGCACAGGACACTCAGGAGCAAACACACCACTCCTCGACGCAGATATGCCACAAACCGATTCGCACTCATGGTCATCGCTCAGCACTTCAACACGCCCCTATTATCCCACAGTGGTCAAAATCCACAGATCAACCGCTCCCAATAGCAGCGTAAAGACGGCCAAAATACCGTACATCCAAGGCTGAGCAAGGGGCTTAATCACCTCTGTGGGCAATCCCGTATGAGCTTCAATGGCACGCATCATTTGGGCAAACCCCGCCACTCGCATCGGCAGAAGATACCCCTGACCTGTGGCAGTGACTAGATAATAGACCAAGCCCCCTTGGCTGGTACTGCGGGGCTGAAGCCCTTGAATCTCTGACCAAGCCAGTTGCCACTGCCGCCGCAGGAAGGGGGGCACCCAACCGGGATAGGTGAGGCAAATCCCTTGCGCGTCCAGTTCTACCCGCTGACTCAGTGCCCCCCAGAGCAAAATGCCCCCACAGGCGATCGCCCCCCAAAGCAGCAGGGGTGAAACAGGCGCCGCCGTCTGTGCCGCCAAAAAGGGGAGAGGAAGTGTGAGTGCGCCATAGAGGGCAATGAGCGTTCCAGAAATCAGGGGCGAGGTTTTGAAGCGCAGAGGTTCAGTCATGGTTGTTGCTGAGTTATTGCCTCAAGGGTTCATGATCATCCATCAATAGAATAGCCAAGTGGCAAAGGCATATTTAGTCCCCTGCACCACGGGCAAAGCCGCATGGGGATGGGTGTAGTAGGCAGGGAAAACAACAACATCCCCCGTCCGTGGGGTGACCTTCACCCCTTGGCGATCGAAATAGGTTTCTCCCCCCTGAAAGTCCTCGTTGAGATAGCCCACTAAACTCACATCCCGTGTTGGGATACCTTGCGCCAGTTCCATTTGCCGACTGGCCAGCAGCAGGTTGTCCACATGGCGGCGATAGCCCTCGCCCACGCGATAGCGCAGGATCGAGAAGTTCTCAATTTCAGGAAAGCGAATGCCATAGTGCTGGTAGAGAACAATCTGAATCGTTTGTGTGGCTTGAAGCAGAATCTGCCGCATTGTCGCCTGTTGGGGATCTTGGGGATCAAAGCGGAGCAAACTGCCGCCGCGCACTGAGCGATCGACCGTCCCCATGAGAATTTGTGCATCCTCAAACCCCACCTTCTCAGCCGTAGCAATCACCTGCTGACACTGGTGAGCCGGAATCAAACGCTGAAAAAGGAGAATCTCACCCCCCAAGTCAAGAATTTGCAATGGTGCAGCACTCATAGGGCAAAGATTGTTGCTATCTCTACCATCGGTTTAGGGGAGGCGTAGTTGCAGCGGTACTTCACTTTGGACATTGCCACTGACAATCACCTCTTGGCGATCGAGCCACCCCTTTGCCCGCTGTCCCTGAATTTGAATGCGGGGATTGCGCTGGCGGTAAAAGACGCCCCCTTGGGCTTCCACTTCCTGTTGAGGAATCCGCCAAATCAGTTGAGCCGTGCGCAGGTGGGCATTGGGGCGCTGAATTTCCACTTGACCGCTGGCTTCCACCCGCTCTTGGGGAATCCACCAATTGAGGCGTTGGGCACGCAGTTGTGCCTGTTGAGGTTGGCTATTGATCTGGGCATTGTCAAAGATGGCGCGGTTTTCAGCCATCAGGAAGACACCACGATTGGCCTGCCCTTGAATGCCTTGAGTGGAGGACTGCACCCGCACCGGGCGATCGCTCACCAATTGCTGCTGCGGAATCAACCAGCGTACCGTTTCTCCTTCAACCCGTAGGGCAGGGTTGGGAAGCTGCACTTGAACACCCCCCTCAAGGGTAACTACCTGATCGCTAATCGACCAGATGGCCCTTTGGGCTTGCAGCCGCTGCCCTTGGCGATCGCCCGCCACACCGCGGACGGTGACCCCCCCTTGACCAATCACCCCTGCCAACAGTCGATTGGGTTGCTGCTGCCACACTAGACTCTCCGTACTGAGTCGCAAATCCTTGGCCTCCTTGGCTGACGAGGTCACCTGAACGGCATTGAGGGCACGCAGTTCTTGGCGTTGGCTATCGGCTTCGAGGCGCTTAGCAGTAACAGTGACTTGGGGATAGCGGGCTTGCAAGTTTTTCTGGGCAATGAGAACGCCGCGATCGCCCTGCCAGACCAATTGATCGGCCACAATCGTCCCCTTTTGCTGGAGATCAGTGACGGTGGTGCGGCCTTCAATCCAGAGTTGTCCATCCCGCTGCCGCACATTGACTGCCTTAGCTTGCACCTTGTAAGCAGTTTTGCCCTCTGCCTTTAATTCCCCCGTCAGGTTTTGAATCTCCAATTGCTGGCGATCGTCATCGCGATAGCGCGCTCCCGCCGCTTGTAATAACCAGAGAAGTTCACCTTTGGCATTGGTTTGCCGTAGGGTCAGATTTTGCAGCTTGACATCCCCCGTGATTTCTGGTTCTGGTGAGGGTTCCTCGCCCACCCATTGATCCACCCAGCCGCAGCCTGTCAAGGCCAGTACAAGGCAAAGGGGGAGGAGGGGTCTAGGCAGAGGCATTGTTGTCTAGGTT
NZ_CP134169.1_gap6	263632	267670	4038	CACAGGGCTTGAAAACCAGCGGCAATCTCATCGCAGTGGGCTTGGGGACTGAGACCCCGCTGTTGGGCGGTGCGCTCAATTTTTTGGCCATGCTCATCGGTACCGGTAATGAACCGCACCTGATAGCCCTGCAAACGATAGAAGCGAGCAAGCACATCGGCAGCAATGGTTGTGTAGGCACTGCCAATGTGGGGAAGGGCATTGACGTAGTACAGGGGGGTAGTGAGTGAAAAGTGCGGTGACAAGCAGTGTTTCTCCCTAGGAGGACGAGCAAATCGCGTTATTTATCATAGTGCCATCGGTAACAGCTTGGAGGCGATCGCCCACCGCCAGATCCACCCAAGGACTCAGGGGGCCTTCTTGCTCACTGCCATTGGCAGCCAAGTCACTGTGGCAAAGGAATAGGCGATCGCTCACCCGTGAACATAGATCCACCAGTAAATGCTCCAGACGTTCTGACTCCAATTGCCACACCCGTGCACTGGGACTCGCCGCCCCCTGCCGCAAAAAGATCGGCGCCTGCCAAAGACATTGCAAGCCGCCATCCTGCCAACGCGGACTGCCGACATCTAACCAAAAATGCCAGCGATGAGCCAGTTGGGCACTGCGATATTGAAATGTGGTTGCTAGTAAGACCCCTTGGGGCTGCCGCAGGGGTGGAGCGGGATCAGCGGTTACAATTCCCCGCCGCAGTAGGGCGATCCATTCCCGTAGTCGCTCAGCCGTTGGCGTAGCTCGGTGTTCTGGGAGGTGATCATAAATTTGCCAGTAGGCGGCTGTGCCCTCAAGGAGCGATCGCAGGGGAGCCAATTCACTGGCTGTCAGGTTGTGTGGCCAGAGATAGCGTTGAATCGCCGCCTCTAGGAGATACACAGGCATTTGGCTAGGATCTAGTGTGCTCAGCCAATGACGCAAGTTCTCATAGGCGTCCGTGGCACGATGACCAAAGCGATCCCAATGGCTGTACTGGGTTGTACTCAGCAGTTCGGCTTTCTCCAGACCCGGCTGAAAACAATAGCAAGAGAGCAAGCCTGCCCGCACAGGATCAATCGCTCGCGGCAGCAAAACCGTTAACATCTCCGCAACCGCCGTTGCCTCTGGGATCATTCCCGTTCGCGGATAAACAAACAGCAACAGCGTCAAAAGGGCACGCACAAAGGGGGATTGAATCAGAGGGCGCTGCTCATTCCAGATCACCAAGGGAATGTCGCGTTTTTTTAACTCAGTGCTAAAGACATGGCGGGCAACGCTATCTAAACCGGGGGCAAGGATGGCGATCTCGTTTGGTTGCACCATCCCTTGATGAATGGCGGTGGCGATCGTTGCAACCACTTCCTGCAACAGTTGCATCCGCGAAGTGGTCTGAATAGCCGCGATGTTTTCGGGCAGCGTAGCTTGGGGCGTAGTGAGGCGTTCTTGAATCTCAGTTTGGAGAGGGGTGTTGCCAAAAATCGTTTCGGCAGGGCAGGGTTGCTCAATGACGGTGGCTTGGTTTTTCAGGCTGAGAAACGCATCGGGATCAGCTCCCAGACCGAGACGGACAGCGCCAATGGGTTGGTGAGTCAGGACAATCTTGATCCCCTGTTGGTTGAAGCGGGCGATCAAATCCGCCATCACCGCTGGATAGTTGTGGGTGTTGTCAGCCAAAAGACACTGAAACCGTTGCCCCAAGGAGGCTTGGTATCGAGGATGGTCAAGGAGAACTCGGCCAAATAAATCCGTGGTAATGCCGTAGGTGAGAAGGCTGTGGGCAGTACACCAACTTTGCCACTGTTTCAGGGCAGTGACGATCGCCCCCACGGTTTCTGAAGGCATCTCAAGCTGATGATCCCAAATGAGTTGGGGTAGATCATCGAGGCTGAGGCGGGCAAAGGCAGCCAATTGAAAAATATCAAGCAGATGGCGAGTGGCGCGATCGCGATTTTCACTGAGGACAGCAAACGTCTGGTTGGCAAGCCAAGGCTGCCACAACCGCTGTGCCCACACCAACTCCGTTTCTGGTTTCAGACGCAAAGGGGGATGCGGATCGACGGCCTTCGTCTGCACCAGAAGCGGCCAAAAAAGTTCCACCTCATCCTGCATGAAGCCCACTGGCGTGGTGATGTAAGGTCTGTAGCCACTGCCCAACTGTGACTCAATTTCCCGTTGGATGGCTTGGCGGCCTTCTACGCTATCCGTCAAAAAGAGGAGCGATCGCTCACGGGGAATCACGGACTTGTCCTGCCCGACCCACTGGGCAAATTCCCTTACCAGTGCACAGGTCTTGCCACTGCGACTACCGCCACTGATCCACTGCAACACCGCCAACAAAGCCCGCAAAGCCAATTTGCTACGATTCTATCTATCCTATCGATTTATTGCTGCTGCGGTAAGAGAACAATAGCAATGTCCAGCAACCCCTTTATTCGCCTCAGAGACTGGATCAAGCGTGCAGAGCAGTGGTATCGCACAACTCCGAACCGCGCCCTACAGGAAGCCTATGAAGCCGCTCTGAAAATTCGCGCCATCGAACTGGAACACTTTGACGGTCAACCGATTAGTCTCCTCAATCTACCCGTGGGAGAAGTCTCTAGCTACTTCGAGACAGAGCTAAAACAACTGCTAAAAACCATTCGTATGCGGATGATGGAGTTTCGCGCCAGCCGTCAAATTTTGCCCCTTGCTCCCCCCCAAAGCCCCCCCACTCCTGTCAACGATAGTGTCAATGGTGCAACGGCAACCTATACGGTGACGGCTACCGTCAGTAGCACGACCGAGGAACCCAGCGTTTATGAAAAGCTGCGGGTGATTGATGCCACCCTCAACCGCTATAAACGGCAGCGTGAAAAGGAACTCAATGCCCTTGCCCGTCCCAGCCTCAGTCGCCAAGATCCCCAACAACGCCAGCAGGCGGCTGCCCTCGACAAAATTGAGGATGATTCCCTTTATCTTTCCGAATATATCAGTGATGATCTCACCGATGATTCCAAGCTGGACAGCAGCAGCTTTATTCCGCGCTCGATTTTGCGCACCGCCGATCGCTTTCGCCGTGAACTCAATTCTGATGAAACCACCGAAGCTGAAGTCGTTCGTGATTTTCGCACCTCAAAGCTGCGCACCCGTCTGGCGGTTCGTTTTATGCTCTTGCTGGTGATTTTGCCCCTGTTGACCCAGCAAATTTCCAAGGCACTCATTGTCAGCCCCCTCGTCAACCACTTTAAGGCGGTGGGGCAAATTGAACGCATCATTAACTCCCAACTGGAGGACAACATTCTCGATGAACTGGCTCGCTTTGAAAATAAAATTCGCTTTGAAAGTCTGGTGAGCAATGTTCCTGTTTCTGCAGAGGAAATTCAAGCCCGCATCCGCGAGAAGGCGATCGAGCTATCCACGGAATACCAAAAGCAACTGATTGAACCCCTGAAAAACATCCTTTCCGATGCCTTGGGGTTTACCGTCTTTCTGGTGCTGGTTTTCACAGGTCAGCGGCAACTGGCCATTGTCAAGGTCTTTTTGGATGAAGTGGTTTATGGCCTCAGTGACAGTGCCAAAGCCTTTATCATTATCCTATTTACGGATGTCTTTGTCGGATACCACTCCCCCCACGGCTGGGAAGTGTTGGTGAACAATACCCTCGAGCACTTTGGCTTTCCGCGCAATGAGGACTTTATCAACATGTTTATTGCCACCTTTCCGGTGATGCTCGATACGGTATTTAAGTATTGGATTTTCCGCTATCTCAACCAGATTTCCCCTTCGGCAGTGGCCACCTACAAGAATATGAACGAGTAGTTAGGAGCACACCACTGGCTGGAGAATGGGACAGATCCTGCCCTCTTGGAGTTGCGCGGGCGATCGCCAGCCGGAGAGGAGGCCTTGCAATTCCTGTTTAAGAATCTGCAACTGCTGAATTTGTGCCTCAATGGCCGCCAATTTTTCCTCTAACTTTTCCTTGATGTGATCACAGGGAATCTCACCGCGATCGTATACCTCAAGCAAGGCTTTGATGTCGCTCAGGGTGAGGCCAAGGGACTGGGCACGTTTGATAAAACTTAGGCG
NZ_CP134169.1_gap7	348770	351886	3116	AAAGGCGAGTCTGCCAATGACGGGCTAAGGTGTCTGGGGCGGGTGGGTGGGCATAGGTTTTCCAATCGAGAATCTGCGCTTGCCCTTGGCCAAAAATCACGTAGTCATACACGCCCACAAGGGTGAATTCCTGCCAGCCCAGACTGCGGACATGCTCTGCTTCCCCTTGACCCTCAATCATGGGCGGTGGCATGGTTTGAAAGGCCGCAAACCACGGTTGTAATTCGGGCTGCGCCTCAAGAATTGGGCAGATATCGAGTCCTTGAAAGTGCTGTTGCATCAGGCGGTGGAAGTCGCGACCCTGCTTTTGGGCAGTGGTTTCCGTTAATTGTGTGGCCTCTGGCAGTATCAAGCTGTCAAGATAGCGGTACTGATATTGCCGTGCACAGGTTTGCAGGGTGCGCAGATGGGCTTGGGAAAGTTGCATCGTCTAGATCCAACCCAATAGTGTCATGAGGCCGTAGAGGATCCAGAGCGTGGCCACTGCCGTTGCCCAATAGGGGGCAGCCCAAGATTGCTTTTGCTGTAAATCTGGGGAGTGCCACTCACTCACCTCAACAAAGGGAACTGTCCCACGTCGAAACCAGCCACGTACCACTAGCGATCGCCCCGCCAAGGTTTTCAGATAGGCTGGCTCAAGGATTGGCCAAATCGGCCCCCAAGCTCGATGGCAGCGCAGGGGAAACAAGCCCTGATCCGTCTGCAGCCACAGGTGCTGTCCTAGACCATTGCGCAAGCCTGTCACTGCCCGTAAATGCCCCTTTAGTTCGACAACGGGACTATCAAGGGGCAAAAGACGATGAAGAAGCTGACCCAAGGTGTAGGTTTGGGGTGGCCGAGGCGGGTAGTAGGCATTCAGGCGTAAAAAGAGACCTAACCCAAGGCCAATGGGAATGAAGCCCCGTGCCAAGGTAGACCAATCCGCCAACCACCACAGAGGAAAGGCGATCGTCCCCGCCCGCAGTGCAAATTGACCAACGCCCGTGAGGATAATCGTCGTGATGACTCCTGCGATCGCTCCCCAGAAGGGAGCCAGTTGTTGCCCAGCCCGTTGACAGCGAAGGGAGGAAGTCGAGGGCAGGGAAAGCAGGGATTCCAGTCGCCATTGCCGCGCATAGGTCATCAGGGCTTGCAGGCGTAGTCCAAGGGGACGATGGGAGGAGGTCAAGCGAAACCAATACCGCAGGGGATGGGCGGTATCCCAGCGGAGCAGCATTGACCAATCGAGGGGTTGATTGCCCCACAGGGCAGCTTGGGTTGGATTTAGGGGTAGAAGCAGGCGCAAGGATTCTAGGGGGGCACCGATTTCCCCTTGAGCACACACCGTCGTTGCTGTGGCTGCCATGAGGCGAAACCAAGCCATCACAAGGGTATTGGGATTACCGATCAAGGCTGCCCCTTGGCGATCGCTATAATACTGCCGCAACTGATTGCTCCAGAAGCAGAGCATCTCCAGCCCACGAAAGAGAAGATAACTCCCCTGACCCACCATGGCACAGAGGAGATAGAGGGTACCCCTGATGATCCGCCGTTTCCAGTGCTTGCCATAGGGAGGGGCAAAGCGATCGCCCCAACGGCTGCACCAACAGTACAGGTCATAGGGCAGTTGCAATAGCAGTACAAGGGGGGTCACTAGGGTATTTAGCCCCAGCCGTAGTTGGGCAATTTCACTGGCCATTAAAGCCAGCAGTTCCTCGCCAGAGAGCGATCGCAATAGACCTTCGCTGACAATAATGCGGCGCTGCCAGCGCCCATAGCTAAAAATGATCGGTGCTGCCGTCATCAAGCAGCCTATTTGGGGACGGGGTTGCCACCACGACCACGACAAACGCCCCAAGAGCATCACCGTTTCGGGACTATACTCCTCAAGTTCGCCAAGACTCACAGGACGCAAACCATAGCCAGCTCGCAATCGCCATGACCACAGCCAACTGCCACCACTGAGTAACCCCAATCCCAAGCAACCCACTAAAAACCAAGCTATTACCCCTTCCCAGCCCCGCAGGAGTGCCAGTGGATCATTGGCGTAGTTGAGGAGGCCTGCAATCAAAACCTGTAGCGGTTTTTGGAGTAGCCACGCGATCAGCAGCAGTGTTGCCCCCTGACTTAGCCAGAGATAAATGCGAGGCACCGGTCGCAGTTGCATAGGCGGCCTTGAACTCGGCGCTGAAACACACTCAAGGTAGGAGGAAGTGGGTTCCTCATCCAAATAGCGTTCTAACTCTGGCAGATGTTTTTGCGCCCAAGCCCGAATGGAGGGGAGGGGCGATCGCGCTAGGAGTTGACACAGATCAATGGCCTCTTGCCACTGGCGGGTGTGGGCATAGGCTTTAATCAGGTGCAGATGAGCCTTGAGACCTTCGCGGCGTTGACCGTGGCTGGCAATGACGGCTTTGAAGGCGGCGATCGCCAGTTGATAATCTCCGCGATTAAAGGCCGCTAAACCCGCAATATAGCGAGGATCTAAGCGAAAATCGGATTCTGGATCGGGCATACTTGAGTATTCCCCAGATCACGGTTGCTGGTTACCACCAAGGGCGTGGGCTTTCAAATCCTCTAGAGAGACATACTCAAGGGCACTGACATGGGTTGCTTCCAGAATTACTGGGGGAGCTACGTCAGCCTCTAGGGCTTCCCGCCAACGGGAGGCACACAGACACCAGCGATCGCCCGGTTTCAGCCCCGGAAATTGATAGGCGGGCACTGGCGTCGAAAGATCATTGCCCCGCGAACGGGTAAAGGTGAGAAATTCAGCGGTCATTTCCGCACAGACCACATGGGCACCGACATCTCCTGCCCCCGTCCGACAAAAACCATCGCGATAGAATCCTGTGAGTGGATTTTGACAGCAGCACACCAAGGGTGTTCCCAACACATTCATTGCCGTCATTATTGATCCCCCCAAGTTTTTCACCCTAAGTCTAGCTATAGCATAAGCCTGTGCCCAAGAGGCCTATTGCAGCCAGTCCCCGGCCAATGCGCTAAACTAAAACTCAGAAATAGTATTGTTGTTGTTTTGTTTGGCCTATGCCTAGCGTTGTTCCCCAAGAGCGGCAACAGGTTATTCGCAAGCACTACCCCAACTACAAAGTCATTGTCCTCAACGATGACTTCAA
NZ_CP134169.1_gap8	353142	356981	3839	CATTATCGGTACACCGCCCACCACTGCCGTTGCTAAAACTGCCCTGAGTACGATTCGTGCGGCTGCCCATGCCAAACAGGCCATTGGGGTCTTTGAAAGTGGTGTGGCCGACGCTGAACCCGCCTATCCCCTGCTCAACCAGTTTCGGGATGCCGGTCTGACGCCCTCGTTTCCTGTGATTCGGGTCACAGCAGCACCCACTGAGGCACTGTTCCAAGAGGCGGAAGAAGCGGGTACTGACATGGGTCAATGGCTGTTGCGCGATCGCACCGTCAAGCAGATGAAAGCCTTGGATACTGACCTCGATAAAGCCTTGGGTCGCCTGAGCGGTGGGCTATACATTATCACCGCCCAAAAAGGTGCCATTAACAGTGCCATGTTGGCCTCTTGGGTGGCCCAGGCCAGTACCGAACCTCTTGGGGTTTCCATTGCGGTGGCCAAGGATCGGGCTATTGAGTCCTTTCTACACGTGGGGGATACCTTTGTCCTCAATGTTCTTGAAGAAGGGAACTACCAGCCCCTGATGCGCCATTTCCTAAAGCGATTCCCACCGGGCGCCGATCGCTTTGCCCATGTGAAAACCTATCCAGCCAGTAATGGCAGTCCCATTTTGGCCGATGCCCTTGCCTATATGGAATGTACCGTTGTCAGCCGTCTGGATGCCCACGATCACTGGATTGTCTATAGTACTGTGGATAATGGTCGCGTCTCAAAGCCCGATGGCATGACTGCTGTGCACCATCGCAAAGTGGGGAACCATTACTAAACTTGGGCACTCCCTACCCAAAGTGCGCTAAACTAAGTTTGCTGCGGACGTGGCGGAATTGGCAGACGCGCTAGATTTAGGTTCTAGTACCGCAAGGTGTGTGGGTTCAAGTCCCTCCGTCCGCATTCAAAAGCTTAGCAATTGAGGGCACAGTTTGCAGTTCGCAGCCAAGAAAGCATTGGCAAAAACCTTTCCCTAAATCTTTTTGGGGACTTGACTGGGATGTTTTTCTTTGAAGTGAAGAATTTTAGGAGGATGGACACAACTGGACTCGAACCAGTGACCCCCACGATGTCAACGTGGTGCTCTAACCAACTGAGCTATGCGTCCTCGGAATTCCTAATATAGCATACACAAGGCTAACCTTTAAGTAGTTTGACCGTCACATTTGTATCGGTGCGATCGCTCAACGAACGAGTGGCCACCCCTAAAACCACTGGCTCAGTCACCCCCGGTTCAGGATGTTCGATGGTTCGTGCAATCACGGTCAGGCGATCGCTCCCTCGGCCGAGCCGTCCCAAGGAAAATAAATCATTCGCTGCCTGTACCAGCGTTGCCTCAAGGGTACTGCTCTCAATGTCCGGGGGCACTGTGATCACAACTTGCGTTGCCCCGTTGTCATAGACGAGGGTGTATTTGCCGGCACCGGGCACTGGGGAGTGCACAATCGGTACAATACTCAGGGCAAAGAGTCCCACTGTCACAACACCGAGAAACCCCGTAATACCAACAAAGCGAAAGCGCACACCCCAGCGAAAAACAAATGTGAGTGCGGTTAAGCCAGCCATGACAAGGGTGGCAATGCCAGCCCAGCGGCTATAGGTGGCAAAATCGGCGGGGGTCAGCACTACTCTTCCTCCTCATTACTGACAAAACCATTCACAGGGGTTTGATCCTGCTGCAACGCTGCCCGGAGGGTATGCCATGTCAATGTCGCACACTTAATCCGCACCGGGAACTGAGCCACCCCCTGCATGACATTGAGCTTGCGAAACTCTCGAGGGAACTCAAACTGCCCCTTCATCATCGCTTGGAACTGCTCCACCATTTGGAGGGCACGACTCACGGGTTGCCCCCGCAGGGCATCGGCCATCAAATCCGCTGAGGCCATGGCGATCGCGCAGCCTTCCCCCTCAAACTGAATATCCTGAATGATTGTCTCCCCCTGCTCATTGGTGCCTAGGGCAACGGTTAAATCAATGGTGTCGCCACAGGAAGGGTTATGTCCCCGCTGCTGACGATCCACAGGCTGCGTGCGGCCACGGTGGCGAGGTTTCTTGTAGTGCTCTAGGATGACTTGCTGGTAGAGCGTGCGGAGATGATCAAGAGACATTTAGAATACTCTATGCTCAGTGCATTTCCTCAAGGATTTTATAAACTATATTAACGGCTAAGGGCGGTGAGACTTTGCCAAAAAAGCGTCAAGGTGGCTGCTGTGCCGACACCAAACATGAGGGAGCGACCAAGGGGAAAGTTGGCAATGTAGCAGATGCTGTACAAAAAGCGAGCCGCGACAAAACTCAGGCTGGCGATCGCCACCGTTGCATTATCCACCCCGGCAAAAAGGGTCAGCAACACTGCTGCTGCAAAGGGCATAAAGGTTTCAAAGCTATTTTCGTGTGCCCACACTGCCCGCTGCGCAAAGGGGGGCAGTTTCTCAAAGAGGGCACGGGGAGCCGCCATATCAAAGCCCGCCTGCCAGCGCCCCACCACAACAAAAATGTAGGGGAAATAGATCAGCAGCGTTGCTGTCAGTAAACTGGCGGCTAGTAGCCAAGGGATATTGCTCAACATCACCTAGACTCGCTCCAACACTGGCAGCGCACCACTGAGCACCCCATCGCGAGGGGGCAATTCCTCACAGAGAATTTCGCAAGAGTTATTGGGACTTTCAATCAACTTCACCTTATGCAGCGTCGCCCCCAACTGGCGAATCGGTTCCTGTAACAACTGGGCAATGTAAATGGCGATGTTCTCTGCTGTGGGCACCACCGTCGCAAAATAGGGAATATCTTTATTCAAAAACGTGTGATCCAAAGGTTCAATCACCTGTTCCTTGAGCACCTCCTCGAGCTTGACCAAATCAACAATCATGCCCGTCCGCGGATGGATTGCCCCCTTGACCGTAATCTCCACGTGGTAGTTGTGGCCATGGCCGTGGGGGCGAGCACACTTGCCATAGATGCGGCAGTTTTCTTCGTAGCTGAGATCCTCAAGGGCTAGACGATGCGCCGCACTAAAGTGAGCACCAACAGAAAGATAGGCTTCCATAGGGTCTCCCGTGTAGTCCGCCCAAAGGCGGGGGTGTTCAAACAGTTGAATGCGCACAAGGGGTAAATGGGGAGAGAGTCGATCCCAAATCACCCGTGCAATATGTTCAGTCGTGGGTAATGTGGCTTGAAACTCTGGCCACACCTCATTGAGATAGGAAAAATTCAGGGGTTCAATGACTTCACGGCGAATGATGTGCTTGACATCCGATAGGTTCAACACCATGCCAAAGTCATCAACAACGCCGCCCATTGAAACAAACAACTCATAGTTATGACCGTGGCCGGGAAAGCGACTATTGGCACCAAACCGAGCCAAATTCTCTGCTTCAGACCATTCTGGCAACCAGTAGCGATGACTGGCGGCAAACTCAGCACGGCGGTGAATAATACAATTCATGTCAAGTTATGAAGATTTGCAACAATTCAGCAATCTCCCCCTATCCTAACGAATTCTGGTTCCCCCAACCATTGGCTTTTTTGGCACATTTCCCTAAAGTCCGCCAAGGATGAAAGGCTTTTGCCGTACTTGGCCAATCAGCCAGCGCAGACTGTGGTTACTGAGAATCGATAAAGGCCCCATGACCATCAGGGATTTCACCTCTGCACGGCTAATTTTAACTACCCCTCCCGGTTGCAGCATCGCCGTCGAGTGAGTGAGTTCCCGCAGGGTGGCATAGGCAAAGAGCAGCGGCAGCACGCAAAAGAGGCGAATCGGAATTGCCGCCTTGGGCACGGATAGCAAGTAGGCTTGAGCTTCATCGAGATCATGCCAAGCAAGGGCAATCAATTCCTTAATGGCG
NZ_CP134169.1_gap9	366669	371432	4763	TGGCGACTAATGCCCAAGCAATCCTGCAATCCCCGTCGCCAGTCCCCCAGCCGCTCAGGGGAATCGGCCAAGACCAACACCCGCAACATATCGCCATAGAAGTCCCGCAGGATTGAAATGATTGCCGAGGCAACAAGGATATTTTGCAACCGACTGGGGAGCGATCGCAGGGCACCCCGTCCCCCGAGATCAAAGAACCAACTTTCTACCCGCTCAGCATGAACTTGCTCAAACGTACGTCGCAACTGCCAAGGAGGGCCATAGTAGTTGGGGCTACTCCGATATTGCTCTAGCAAACGGCGAATCCGATCCGCTTCCTCCTGAAATCCCTCATCAAGAACTAACTTGGGCGGCGTTGTCGCTGTTGCTGCTGGGGCAGAGGCAGTTTCCACGACAGCGGGCGTCGGGGGCAGCAATTCCATTTCCTCAACGGTGGCCGCCAACTCCTGCATGCTCTTGACGAGAAATTCCTTGAACCCCTGCACTCGAATCGCGAGTTCTTGGGAGGCACCCACAAAGTTGCGGCGGAGCTCCTGTTCGATGCGTTCCTTGCGCCGTTCTAGTTGCTCAATGGTGAGTTGCAGACTTTGTTGCCGCTCTTCAAGGGACTTGAGGCGATCGTGCACAAGACGATGAAACTCAGCATCAAGGGCTTGAATTTCAGCTTTGAGGGCATCCCGTTGAGCTTTGAGGGCAGTTAGTTCCTCTGGGGTAGGTTCAGAGGCATCAGTCACCGTAGGGTCATCCGTCATTGCGAACCGTGGAAATAAAGGCTGTGCGTGGGCAGCGTTCTTGGAGGCATTGTACTAAAGTTTTGGCGTCAAACAGAATCGGCAGAAAGTGGATATTCTTGACCTCCCGAAAATAAAAGAGCACGGGAAAGGCTGGCCAAAAGACCTCCCAATGCTGCCATTGCTGATAGGGAAAGTGGCGAATTTGTCGGCTGCCGCGATAGACATCTAGTGCTGTTGCCGTAAATTCTAGTCGCAGGGTAGCCGCCTGCACAGCCAAGAATAGCGCAAACAGGGAGATGGGCAAGCCCAGCCACCAGCGCAGCCACCACAGGGGCAGACTTAACAGCAGAACCCCCAGCGGAACAGCAAATGAGGGTTGAAGACGTACTGTGGCCAGTGAGGTTCCTTGCATGGTTTTACTCTACTCCTGAGGGGGCGTCGGTTCTTCTAATTGTGGCAAATCCTCTGGAGTGGGAGGAGTTTCCTGTTCAGTGACTTCAGGTGCAGTGGTCTCTAGAGTCGGTTGCTCCAAAGGTGGGGACGGCTTGGATGGCACTCGCGGGCTAACGAGAACAGAACGAGTCGGGCTTTCTGCTTTCTTAAAGGGATTCAGGCGCTGCCAGAAGGGCTGTTGCGGCGTGGGGGGCGGTGTCTCTTCGGCTGCTTTGACGGTGGGTTCTGGGGTTGGCTCTGATGCAACGGGCGTTTCCTCTACAGGTTCAACGGTGGGTGTTGGTGCCTCTACTGCCGACGTTGGTGTAGGTTCCTCAGCAACGGGGGTCTGAGTGGCAGATTCTTCAACAACAGCTGTTGGCTCTGGGGTCGGCTCGGAGGGAGCGGCGGATTCCTCAACAATAGGTGTTGGCTCTGGTGTCGGTTCAGGAGGGAGGTTGCTGGGGAGATCCGGACTGAGGCTACTTTGAAGATTTTTGGCGGCCAGTTCTCCCCGCAGCAGGCGCGAGAGGACATCCTTGCCATTGGGTTGATAGGTCACAAGGCGGGTAATGGGATTGTAGGGAGAGGGGATACGCTGACCATTGCCATCCAGAAGTTCGAGCCGTACCCAGTTATCCCCCGGCTGGAGTCCAGTGAGATAGTAGGCCTGCCAGCGATCGACCGTGAAGGATTGACCATTGATCGTGCAGCGCACCTGCCAGACTTTCTCATTGTTTAATTGTTGATCCAACGGCAGGTTGCTGAGATAAAAATCAAGGAGCACTGGTTCAGCGCCATAGGTGCCGCTGGGCTGATTGTAGGTGAGCAGGGGAAGACTAGCAGATCGAGTGTCCTCATCTGCAGTGTAAAGATGAAAGGCCGTTTGAGCATAGGCAAGGGGATTTTTCAGGCTTTCACCCCAAGGGTACACAACAAAAGCACGCAGAAGGTGTGTTCCCGGCTCAAGGTTCGTAAATTCAATGGGGGTGTTCAGGTCATAGACACTGCGGCTGGGCAGATCATCGAGCACCACCTCCACATGGGGGCCTAACCCTGTGCGCTGATCTTGAAACAGGCGTAGCCCTTGGACACTTAGCTTGACGGTGACGTTGCGGCTTTGGAGGGTTTGGTTGGCTTCGGGGGTGAGAATTTTCAGCCGCGGTTCATAGCGATCGAACCAATCCTTCATATCCTCAATGGCCACAGGAGCCGCCACCTCTGCCAGCGAGCCACTGGATTTTGCCGCGGCGATGTCCCCCACTGACCACAGGAGAACGATACTGAGAACGAAAGCGATCGCCCGTTGCCAACAGACCTGCCAACCCTTCATGCACACCTCAGATGGTTGTAGTACCAAGGACAATTTTCGCAGATGGGCTACCCACTTCAGCAATCCAGATCTAGGGAGCACGATCGCTGCTGTAGAGGACATGACCACTGCTAAATTCTCGCAACTCCCCAGTGTTCAGACGTACTTGCAACGTCCCGCGATCGCTAATGCCCACACCGATGCCCTGCCACCTTTGTTCTCCTTGGACAAGAGTGAGCGATCGCCCCCGTAGAAAATCTCGCTCCGCAGCAACCTCCACCCACTGTGCCCGTTGCCAGCACCAAAGGAGTTCAGCACGAATCGCCGCCAAGAGTTCCAAGTTTGTGGGTACCGCTTCGCAGGGATCAAGAAGCCGATGAAGACTTATGGCCTGGGGAAGACCCATTGCTTCAACGTCAACACAGCGGTTCAGTCCCACCCCCACCACCAGCCAAGGGGAACGGCCTTCACAGAGAATTCCCGCCAGTTTCTTGCCCTGAGCCATCACATCATTCGGCCACTTCAATTGCAGATGGCGTTCCACCGTTGGTCGCAGCCCACTCAACGCCCGCATCACGGCTATCCCGGCTTGGACACTGGGCGCAACGATCGCTGGCGACTGCGGCAGGATAAAGGAGGCTGTCAACACCCCCTTTGGGGATTGCCAAGTACGGTTGTACTGACCTCGCCCCCGTGTTTGTGCCTGAGTGTAGATGACTTGACCCCCATAGAGTTGATCGGCATGGTGCAATGCCCAGGTATTCGTGCTCTCACAGGTCTCTAGCCACACCAACCAAGGAAACTCCATGGCGATCGCTTACTTGGGTACAGAAACAGATGGCTCAATGAGTGCCCGCAACAGTTCTGGTTTCGGATGCGCCCCTACCCGTTCAAAAAACACCCGAAGGGTCTGATCTAGCCACTGCGCCAGTGCTGCATAGCTTGCGGCAAGGGTTGTGATTTTCGCAGCAACGAAATAGCGATCGCCACTGTGGGGAGCTGGCACAAGAATATTGGCCGCTTGGCAGTTATTCAAGGCAATTTCAATTTGACTGCGACCAATCTCCGCTGGGGCGGTTTGCTCAATCATGGCGGCCAGTTCTTCTAGGGTGGCAGCGCAATCGCGATGGTCAAGGAGCCACGCTAAAACATAGGCTAAGGCTGGGGGTTGGGCGATCGCCACCCGTTCGTGACTGAGCAAAGCGCGATAGGTTGCCAGACTATGGAGGGGACGCTTTTCAAAATTGGCCATCACCACAGCACTGGGGGGAAGATGCTCCCGTAGGCCAAGACGCAGTTGATTGGCACTGCCCTGCCGATGAAAGACGCAGAAGATCGTGTTTTTACAGACGTAGCGCAAGTATTCCGAGAACTTGACCATCCCCAACTGCAAAATGTCAAAGTTGGGCAGCAGGGCTTGTACCGCCCCTTGGACTTTACTAATGGGTAGCCCTTCCTCCCGCAGGAGCTTGCCACACTCCGAATCACGGCGGTACCAATCGAGAATCTGCCGCGTTTTGGCGATCGCCCCCTCGGCATGGCGAGCCAAACTGACACTCAAGTCCGCACACAAACGACGATTATCAGGATCTAAGGGAATGGCGGAGGGTGGGATGCTGGGCGGCGGCGCTTCAATGGGGGGAGCGGGACTGGCGACAGGTGGGCGGGGTTTTACGGTTGGATCAGGGATGTGGACAAAGGCATCACAAATGGCCTGAAAACTCTTGCCAGCCGCATCTTCGTAGGCGCAGCCAATGACTGTTTTGCCGTACTGCCGTAACTTCTTGGCAAGGGAGCCAAAGCCACCATCGCCGGAGACAATCACAAACGTATCAAAGCGGTCATCTTGAAAAATCAAATCCACCACATCAATCGCCAATTGAATATCAGCAGCATTTTTGCGATTTTCGTAGGAAAAACCAAAGACCTGTACAGGCTCAATGCCCAATTGGTGCATTTCCCGGCGCAGTGACCCAAGGCGAGCATCACTCCAGTTGGCATAGGCACGTTGCAGCAGCACCCGCTCGATGGGGTAGGCTTGGCGAATATGGGCTTGGATGGCAGCGAGGGAAATTTTGGCCACATCTGCGGCTTTGATGTTGTAGCCTTTGATCAGGTTTTCAATGTCGTAGAAAATAGCGGTACGACGCGAGCCATTCCCAGAAGTGCGGGTTTCAAGGTGTTGCAGTCTTTCCTCTAAACGTTGGAGGAGGTCTTCGATCTGGGGGGTTAGGGAATGACGTTGACGATCTTGCACCCAAGTGCCCACCAATGCCCCCGCAGAA
NZ_CP134169.1_gap10	402194	405338	3144	GGGTTATCTGCCTCTTGCAACACATGGAACCCTAAAGGATCAAGCACCCGTTGCCCCAGCTCACTGAGATTTTTGGGAATGCTGAGCACCGCTTCCTTTAATCCCCCCCAAACTGAAAAGGGTTCTTCTGGTCTATCTCCAGCTTCAGTGCTTTGGGCTTCTTGGCGAGCTAACTCTGTATAGAGGGCATCCATCGTTCCCACCATCACTTCCTTGGCAAAGATCCCCGTAAAGAGTCCTACGGTTGCTGGCCAGTTGTCGGACTGAATCCCCATTGGCGAGAAAATCGGCGTAATTTGGCGACTAAAGGCGCTCAAAATTGATTGAGTACTATCCTTTTGGCCAAAGCGACCATCGGTGCCGACAGAGTTGAGCAGTCCGAGAATGACCACAAGGACGACAATCATCTTGCCCGCTCCACTAATAAAGGTTTTTAGCCGCTCCCAAGCCCGCAGGAGTACCCCTCTGAAGGTGGGTAAACGGTAGGGGGGCAATTCCATTACAAACGGAGCAATCTCTCCTTGAAAGAGGGTGCGCTTCAGCAAGAATCCCGTGAAGATGGCTGTGGCAATTCCCACCATATAAAGCAAAAACACGATATTTTGGCCGCTGCGGGGGAAGAAAGCAGCAACAAACAGGGCATAGACCGGTAGGCGGGCACCACAGGACATAAAGGGATTCATCAAAATCGTCATCAGGCGATCGCGCCGATTCTCGAGTGTGCGGGTGGCCATAATGCCGGGGATATTGCAGCCAAAGGAAACCATCATCGGTACAAAGGACTTACCGGGTAAGCCCAGCCAGCGCATCAACCGATCCATGACAAAGGCTGCCCGTGCTAAATAACCAGAGTCTTCAAGAAGTGTGAGAAAAATAAAGAGCAAGCCAATTTGAGGAATAAATGTTGCCGTTGTTTGGATACCGCCCCCCACTCCCTCTGCCAGAAGACCAATGAGCCAACCGGGGGCATTAAATGTTTCCAGCACTTGGGTCGGCCAACCCACGACCAGCGTTCCGACACCAATATCAAAAAAGTCAATAAAGGCACCCCCCACGTTAATTGAGATGAGAAATATCAAGTACATGACGGCCAAGAAAATGGGAATTCCCAACCAGCGGTTGAGTGCAATGCGGTCAATGCGATCAGAGACTGTTGTTGTCAGGCGATCGCCCTGTTCCAGAACCTCAGCCATTAGGTGCTGAATCCAGCAATAGCGACTATCGGCAATCACAAGGTCTATGTCTTCTCCTAGGGTCTGGTGAATCCGCTCTCGCCATTGGCGCAGTGGTGCTACAACATCATTGGGAACTGATTCAATATATTGCAGCCAAGCCAAGGCCTGTGCCCGATTTTTGAGGCCTTGAGTCAGCAAATCAGCAATAGCCTCTTCAATCACAGGGGGTTGGGGCACACTAACGCTAGAAACAGGTGGTGCTGCCAAGGCAGTGCGAATAGTTTGCCGCAGTTGAGCAAAATGCTGTTGTTGTTTGGCACAAAAAGGCAGCACCGGTAGACCTAAGCGCTGGCTCAAGGCTGGGATATCCATCTTGATTTTGGTGGCACGAGCCACATCCATCATGTTGAGGACAAGGATGAGGGGGACTCCTAGATCAAGCAATTGTGATGTGAGGTAAAAATTGCGCTCTAAGTTAGCGGCATCCAGAATATTCACTACCAAGTCATATTCCCCCGCCAATAGAAACTTGCGGGCAATCTGCTCGTCTAAGCCAGTGCTATCCTCAGCATCGAGGGCATAGACCCCCGGTAGATCCACAACTTGGACAGTGATGTCGCGATCCCGATAGCGGCCTTCCTTGCGCTCAACAGTAACTCCTGGCCAGTTCCCTACCCGCTGATTTGCCCCCGTAAGACCATTGAAAATTGTTGTTTTGCCACAATTTGGGTTACCAATTAACGCAATTGTTGCTGCCATGTCACACTCCTTTGCTAGAGCAGATGGACTTTGAGGGCATCAGCTTCATCCTTACGCAAGCTCAAATGAAAGCCTCGCACCTTAATATCTGTGGGATCACCCAAGGGGGCATGGCGGACAACCTCAACTTCGGTGCCGGGGGTTAAACCCATGGCTAATAATTTGCGTTTGTAACTGGGGGTGGTAGGGGCATAGCCGATAATGCGCAGGCGAGCACCAAGGGGGGCACTGCGTAGGTTTACAGCTGCCAATTCCAGCTCTTTGAGCAAGATGTTTTGGGCTAGCTCGTGGTTCACACAAAACCGCTTTGAGTCAAGAGCCACCATGACTGCCCCGCGATCGCCCCGATGGAGGATGCTAATTATCGCCCCCGGTGCCAGACCCATCCCCAACAGTTGCTGGGTATTGCTGCACATTAATTTCACAATGCAGTAGCGATCGCCCACCTTAGCTTCAGCAAGAGAAATCAGATTAGACATGCCTCGTCTCCATCGCTGTCTTCGAGAGTGGGGGTCGGCGATATAGGTAAAGGGTGGCCACAAAGGTGATGACATATTGCATTTAATGATTTTTTGAAAGCTAATTATTGCATATGATTCTCAATTTATAGCACAGCTTTGCAGTGGCACCGTGACTTTAGCAAGTCTTAACCTATCTCCAATCATCCTAAGAGCTGAGCCTATTTGAAAGTTTTGGTGTGAATTTTGTCTTAAGTGAGATATTGAGACTTGCAATAAGTCTTTTATTGAGATGTCTAATCTCATAAGAGATTTTACAAAGAGCGTTTTTTATGGATGCGCAAAGCTCCTGCAAGTCACGGCGATCAAATCCGCTCAAAACGACGAAAGTCCCTATGGGTTTAGAAATCACCCTTGCTCATAAAGGCAGCTTGAAAATTTGCCTAAGTTTTGTCGTTAGCCAAGTTTTGATGCTGTTTTTCTGCGATTGGGTCATCTCCGCCTCGATAAAACAAATAAACAGGCCAGCGAGGTCAGAGCTTGTGATTGCCAAGTAGCGTTTGAACTCATTGGGTTTTTCAGGCCAATGGGGTAAGGTGTCATCCCCCGTTCCCAGCACTTTGGCAGCGACAATTAAATCGTAGTAATCCGTGTGGGTCATCCATATCGGGGAAAAGCCGAGCGTTGCCAATCAGGTAAAGGAGAGCGACTAGGATCGTTTTTCTGGTGCGGTAGAGCTGTCTCGGCGGGCA
NZ_CP134169.1_gap11	407414	409458	2044	AATGGAAGCGCCGCGCCCGCCCTGTGGCGGTACTGAGATCGTGAGGGGCACGAAAGGTATGAAAGAGGGCACCCGCACCCAGTACGGCTGAGGAAATGAGATGCACGGCGCCAATGACAAAGTAGGGGTACAGATCCACAACTTTACCGCCCTCGCCAATGCCAAACCCTAAGGTCGCTAAATGGGGCAGCAAAATCAAGCCCTGTTCCCCCATGGGTAGATCGGGTTTGTATTGGGAAATTTCGTAGAGCGTAAAGGCACCCGCCCAAAAGACAGTTAGCGCTGCTTGCGCCACATGGGCAGCAATAAATAGACCCGACAGGTTCACGAATCGGGCATTGCCTGCCCACCAGTCGTACTTGACATTGGCTTGGCCATAGGTTTGTAAACCTGCACCTGTTGGTGGTGGTGTAGTCACAGAGGTTGGGGATTCACTGGCGATCGCCATACATTCCTCCTTCGATAAACGCATAATATCGACGCTGAACTTATTGAGGATAAATCTCAATAAAGCCTAGGCCTACTATAGCACCACTATTGAGAATTATTAGCATCTGGCAAGGATAAAATGTAAAGATATGTAACTCCCCTCCAGCGGCAATCTGTATCTCCGAGAACTTGAGCAAGATCAAGCCAAGGCAGTAGGGTAATAGCAATAGGCTGTTGGCGAGCAAGTATGGCCATTTTGCTTTATCACGACGACGTGGCAACGGCAGCAACGTTGGTCTCCATCTTGACCACTGCGGATCATCGGGTGGATGTCGTTGCTCGCTCTGAAGACCTCTGGGGACTATTGGCCAGTAGTCGCTATCACCTATTGATTGTGGATGAGTCCCATTTAGGCACGGCAGTTGAGGCCTTTTGCCAGCAGGTGCGCGATCGCGGGTTTCAAGAGCCAATTTTGATTCTTACCCGCAAGGATTGGCCAACCCAGCCAGAAACCCAAGTGATTTATTACCACTATCCCTGCTCCCCAGCAGCGCTCCTTGAAATCGTCCAGCAGCTCCTCAGCGCGATCGCCACCTCCAAGCCTGACAATCATAACGACTCAGGCCTGCCCCTTGTCCTGCACATTGATAACGACGCCGAGTTAGTTCGCTCCCTTGAGGAGCACTCCGTTGATGGTGGGTTCCGCTACGTCGCAATGGATAGCTGGCCGCTGGTCAACACCTTACTTGAGGAATGCTGGCCCAATGCTGTCATTCTCAATCCTGAAGTGATGCCTGATGAGGTAACCACCCGCGAGTTCTTGCAGCAGTTGCGGCAACATCGTCCCCCCATCCCCGCCCTAGTATTTACTGCCCGTGACACCTGGCGCGATCGCCTCGCCGCCATTCGCCTTGGCTCACGGATCACCTTGAGTAAGCCTGTTGATCTTGAGCGACTCTTGCAGACTCTCGAACAGTTACTGCAACCTCAAGAAATGACCTCCGCTAGTATCCTGACCGTGGATGATGACGCCGTCACCCTAGCCATCTTGAAACGGCTCTTGGAACCCTGGGGAATGAGTGTCACCTCCCTTCAGGATCCCGATCAATTTTGGGATGTCCTAGAGGCCACCAACCCCGAATTGGTTATTCTCGATGTCCAAATGCCCGGCATTAACGGCCTAGAACTCTGCCAAGTGGTGCGCAATGATCCCCACTGGAACCAGCTGCCAATTCTTTTTCTTACCGCAACCACCGATCCAGCCCTTGTCACCCAACTCTTTGCCGCTGGCGCCGATGATTTTGTTAGCAAGCCAATTGTCGGCCCTGAGCTAATGACGCGGATCATCAATCGCCTAGAGCGCACCCGCCTCCTGAAACGCTTGGCAGAGGTAGATCCCCTCACGGGATTGAGCAATCGTCGTAAAGCCACAGAAGAGATTGAACGCTTTTTGACCCTTGCCAACCGCCAACAGCAAACTCTTTGCATCGCCGTTTTGGATTTAGACCATTTCAAACGCATCAATGACACCTATGGTCACGACGTTGGCGATCAGGTATTGGTGACCACCGCTCGAATGTTGCGACAGTCCCTACGGATGGAAGATGTCGTGGCT
NZ_CP134169.1_gap12	593915	595531	1616	GTCATGGTGGGCAAAGAAGCCGCCATTGAACTCATGTTAGTGGGGTTGCTGGCGGGGGGACACGTTTTGCTGGAGGATGTACCGGGGGTGGGAAAAACCCTCTTGGCCAAGGCCTTGGCGCGATCGCTGGCGGGTACCTTTCAGCGCATCCAAGCCACACCCGATCTCCTACCCACGGACTTATCGGGCACCAATATCTGGAATCCCAAAACAGCGGAGTTTGAGTTTCGCCCAGGTCCTGTCTTCTGCAATATCCTGCTGGCGGATGAAATTAACCGCGCCACACCCCGCACCCAATCGGCACTCCTAGAGGTCATGGAGGAGTACCAAGTCACCATTGATGGCGTCACCTACCCCCTGCCCCGGCCCTTTTTTGTCATTGCCACCCAAAACCCCGTGGAATACCAAGGCACCTTTCCGCTGCCCGAAGCCCAGTTGGATCGCTTTGCCCTGTGTTTTAGCTTGGGCTACCCCACCGAGGAAGAGGAACTACAAATGCTGCAACGGGTGCAGGGGGGCTTAGATGTCAATCAACTGGAACCGTGCCTCAGCTTGGCGGAGATCCAACAGTTGCGGCAGCAGGTGCTACAGGTGCGGGTAGATTCAGTGTTGCAAAAGTACATTCTTGCCCTTGTGCGGGCGAGCCGCGAGAGCGATCGCATTACCTTGGGGGTGAGTCCTCGCGGTACCGTGATGCTCCAGCGCACAGCTCAGGCCTTGGCCTTTCTCAATGGCCGTGACTATGTCCTCCCCGATGATGTCAAGCAATTGGCGCCCCATGTTCTAGCTCATCGTCTGATTACAGCAGCAGGGCGCTCAGGGCGGGCCTGTGTGGCAGAATTGTTGGAAACGGTAGCCGTTCCCTAGGGAGAGTTGGCGCGACTGTTCTCTATGAACATCTCTGCGATCGCCAAGCTGTCATTGTAGTGTTAAGTCTTTTTAACATCGCGATCGCCCTCGCAACCGTCGAAGGATTTAGGCATTGATGACAACGATACTCATGACACAAGCCCTCCAACGGCAGGGAGAAATTTGGCACAACATCCTCAGCAGTCAAAACCTTACGGTCATCTGGGAAAACCTTGATGCTGACATCCTTACTGTGCTAGAGGGCATGGAGACGGCTGGCCTAGCATTGTCCCAATTGCTGCTGTTAGATATGGGCATGATGGTCACCAATCCCTACCGCTTTTGTCAGGTGGCACAGTCTCGCTTTCCGGCGATACCTGTGGTTATTAGGGCGGGTCACGATCGCCAAATTAGTGCAGCCGACACAGCTCCAACCCCAAAGGGAGAGGATGATGGGCAGCGCCGCCGTCGCTATCGTGGCTCAAGTTATTAAACTCCCCAGGCTGGATTCGAACCAGCGACCAATCGGTTAACAGCCGACCGCTCTACCGCTGAGCTACTGAGGAATATTGACGATTTTTTAATGTAGCGTAGTTCACCGCTCTTGGCAAGTCTCAACCGGACTGAAGTTTTGGCCAGCGCTGCTGCAGTTCATTCACTACGCGATCCAAGGCAACGGCATGGGAGGCCTTAAAGAGGAGGCGATCGCCCGGCTGTAAATGCTGCAGCAAATAGGCCACCAATTCTTCATGGGAAGCAAATTGCTG
NZ_CP134169.1_gap13	610054	613327	3273	AAAATTCGCCTGCAACTAATGAAGCCGATTACATGGATCCCCCTCATTTGGGGCGTGGTCTGTGGTGCAGCCTCGTCGGGGGGATTTACCTGGAGTCTGGAGGATGTGCTCAAGGCAGCGACCTGTATGCTGCTGTCAGGGCCTTTGATGGCGGGCTATACGCAAACGCTCAACGATTACTACGATCGCGAGATTGATGCGATTAACGAACCCTACCGTCCCATTCCTTCAGGGGCGATTTCCCTTAACCAAGTGCGGGCGCAGATTATCTTCCTCGTTGTCGCAGGTTTGGGTCTAGCTGTTCTACTCGATCTATGGGCTGACCATCCCACGTTCCCTGTGACCAAAATTGCTTTGCTGGGAGGCTTTTTGGCGTATATTTATTCCGCACCGCCCCTGAAGCTGAAAAAGAATGGTTGGCTGGGAAATTATGCCCTCGGAGCCAGCTACATTGCTTTACCGTGGTGGGCAGGTCACGCCCTTTTTGGCGAATTGACACCGACGATTGTGATCTTGACGTTGATTTACAGTTTGGCGGGCTTGGGTATTGCCATTGTCAATGACTTCAAAAGCGTTGAGGGCGATCGCCAACTCGGCTTGGCTTCCTTGCCGGTGATGTTTGGCGTTACTACCGCCGCATGGATTTGTGTTCTGATGATTGACATTTTCCAGTTGGGGATTGCGGGCTACCTGATGGCGATTCATGCCAATCTTTATGCAGTGCTGCTGATTTTGCTGATTATTCCCCAAATTGTCTTTCAGGATATGTACTTCCTGCGGGATCCCTTGAAAAACGATGTCAAGTACCAAGCCAGTGCTCAACCCTTTCTCGTCTTAGGGATGCTAGTGGTGGGTTTAGCCCTTGGGCATACGCCAGTGTAGTTGGGGGGCATGACGACATCGCTGACCTTCAAGGTAGAACAGGGGGGCGATCGCCTCGATACGTTTCTTGCACAGCGGCATCCTGAACTCTCGCGATCGCGCTGGCAGCAGCTGATCCAACAGGGCTATGTGCGGATTAATGGCCAAGTGTGCGATCGCAAAAATCAGCCCCTCAGTGGTGGTGAGGTACTGCAGGTGGTGCTCCCTGAACCAGAGCCGTTGGATTTAATCCCTGAACCCCTACCCCTGAGTATTCTCTATGAGGATGATGAGTTACTGATTCTCAATAAACCCGTGGATCTAGTGGTGCATCCTGCGCCCGGTCATCACCACGGCACCTTGGTTCATGGTCTGTTAGCCCATTGCCCTGAATTGACAGGCATTGGCGGTGTCCAGCGACCGGGGATTGTGCATCGCCTAGACAAAGACACCTCTGGGGTGATGGTTGTTGCCAAAACGGAGTTTGCCCTACACCATCTGCAACAGCAATTGAAAGCACGGCAAATGCAGCGCCATTACCTTGGTGTCGTCTATGGCCAGCCCCCGCAGGACAGTGGAACGGTAATTACGCCCATTGGTCGTCACCCGGTGGATCGCAAAAAGATGGCGGTGGTGCCTCCAGAAAAAGGCCGCACAGCAATTACCCACTGGTACGTGCAGGAGCGCTTCCGCCACTGTGCCCTTGTGGAGTTTCGCCTTGAAACCGGTCGCACCCATCAAATCCGCGTTCATGCTGCTCACTTGGGTTGGCCGCTGTTGGGGGATCCTGTCTATGGCCGCGGTGCACCGCTAAAAGTAAAACTGCCCGGCCAAGCGCTCCATGCCTATCGCTTAGCGTTGCAGCATCCCCGTACAGGTGAGGAGATTGTGGCGATCGCCCCTCTGCCAGAGCATTTAGAAAAACTACTGCGGATATTGCGCCAGCAAGCGCTCAATTCCGAATCAATCCCTATAAATTGCTAACTTCAGGCAGGGATGAGGGGCAATTTCCTCGACAGAGGACGGTATCATACAAGCCGATCTCTTTCCCTTCATGCTTATTAATCCCTGTGTAAGCCAAGCTCGGGTCTTCATATCTTTTGAACTTATACACCGCATCGTTCATCAACGCGCTGTTGAACACCCCCAAGCTGACGAGCAGTTCAAAGTCTTTGACCGTCAACCCTGTGACCTTCTTGAACAACCCCGGCTCCAATTGCGTGATCACGTCCCGCAGTGTTCGTTCCCGGTAATCGGTCAGGTACATGAAAATGGGGATGCGGGTGGCAAATTTGATCAGTTTTTCCTGAATTTGCTTACGCTTGCTCTTGAATTCCTTTTCTTCTTCTGTGAGCTGCTTTTTCTTTTGAGAGGAAAGTTTCTGGTCATTTGCCTCTTTCTTCGCCTTCTTGACCGCTTCAGATTTGTTGATGATGGTCTCGATCTCCTGATTGAGATTGCGGAACCCCTCGATGCGCATCAGCGCCTGCATCGCCTCTTCATTGTTCATCAACCGCCGCAGCGTGTCGTCGTCCACGTTCACCAGCAGCGCGCTTTCCCAGCGGCGAGCCAACAGGGTTGCCGTGGTCCCGGCCATGGCCATATCGAGCACCCCGGCGGCGTCAATCTGCTTCATGGAACTGCCGTCGTAGGCCAACACCGGCAAAAATTGGATAAATTCCGCCACCTTCTTTTCCGGGTCTTCCCCGTTGACGTTCAGGCGGCAACTGTAGTCGGCGATCTGACGCAAGGCCCGATCCGGCGCAAAATCGAAGACGTAGCACTCCTTTTTGAGGATCAGCTCCTCATTAGGCGAAACGCCGTCGGGATTTTTGATGGTCCACGGGCTTTGCACGCGAAAGGCGGCCTGAAAGTAGGTCTCTGGGCTGGAGGTGTTGCGCAGCATGAAGATCCCTGTCCAAGGCCGCACCGTCACGCCGGTGGTGAGCTTGCCGCAGGTGAGGGTGATGGTTTTGGTCTTGAGGGGATCACCCATTGCTTTGAGAACAGGCGGCAGAGCATTGACCCCAATACCCGCGGCGGCGCCGGCAGCAACGATGACTTTGTAATCGTGGTAGAATTTATTTTGGCTCTTTGCCAGCAGATTCTGCATAGCGTAGCAAGAGGCAACGCTGGGCAAGAACCACAGGGTATGCGAGAGCACATTCAACAGCCGCATATCCGAGAAAGGCAGCGGCGGTTTCTCCGCACCCAGTTTTAAGTTGTCTAAACTCGTGGGGAGATAGGCGCCCCGAATCAGATCGAGCCACTTCTGTACTTCCTCTTCATACGTGAACCGCGCCTGATCGTCGACGCCTTCCGCCGCGAAGAAGAGGTTCAGGTCGAACTCGTTGAACTCGCCCTTCATGGCCACGTCGCGGATGTCATCCGGCAGTTGGTACGTCATCAGCA
NZ_CP134169.1_gap14	647110	649019	1909	CGACATTAACATTGCTGTGGCTGTGGCGATGCCGGGAGGGGGGCTGATTACACCGGTGTTGAAGAACGCTGATCAAATTGACATCTACAGCCTCTCGCGCACTTGGAAAGACTTGGTGGAGCGGGCGCGCGCCAAGCAACTGCAACCTGAGGAGTACAGCACAGGTACCTTTAGTCTCTCCAATTTAGGCATGTTCGGGGTTGACTTCTTCGACGCCATTCTCACCCCCGGTCAAGGAGCCATTATGGCGGTGGGGGCGTCGCGTCCAACGGTGGTTGCCACCGAGGATGGCCTGCTGGGGGTGAAACGGCAGATGAAGGTGAATATCACCTGTGATCACCGTGTGATCTATGGTGCCGATGCTGCCGCTTTCCTGCAGGATTTGGCGAAACTGATTGAAACCAATCCCCAAGCCCTGACGCTCTAAACTGTGACTGCCCTGCTGGAAATCAGGGATCTCCATTTTGGCTATGGGGCAACCCCCTCACTACTCCAAGGGATTGATCTCACGGTGCAGGGGAGCGATCGCCTAGGCATCATGGGGGACAATGGTTCTGGCAAAACCACACTTCTGCTGCTCTGTGCGGCTGTTCTTGCGCCACAGCGGGGAACGATCACCTGCTTGGGACAGTCAGTGGTGGCTGGACAGTTTCAACCGGCGGTGGGGGTCGTGCTGCAACATCCAGCGGATCAGTTAATTGGGGCTACCGTGGCCGAGGATGTCGCCTTTGGCCCTGAAAACTTGGGCTGTCCGACCGCAGAAGTGCAGCAGCGAGTTGACCAAGCCTTGGTCAAGACAGGAACCAGTCACTTGGCCAATCGCATGCCCCATCAACTGTCGGGCGGCGAACAACGCATGGTGGCGATCGCGGGCATTTTAGCCATGCAGCCCCAGTTGATTCTCTATGATGAACCCACGGCCTTTTTGGATCAGCGAAGTTGTGGCACGTTGATCGAGTTTTTGCAGGCGGATACCACCCCCGGTCTCATCGTCAGTCATGACCCTGCATTTTTACGCAGAGTCTGTACTCAGATTTTTCTCCTAGAGTCAGGACATCTCCGTCCACTGGCGTTGTAACCTATGCTGCATCGTCGCGTTTGGCTGTTATTTTTTCTCTTCTGTTGGAGTTTGTGTTGGACGATTTGGCCAGTACAGGCAAAAAACTCAACGCTGATTCGCGGCGTCTGGCTGACAACCAATGATTTACCGATCCTGCGCGATCGCCCGCGGTTGGAGGCAACCCTCAATGATTTACAGCGGTTGAACTTCAACACTCTCTATCCCGTTGTTTGGAACTCTGGCTATGTCAGTTTCCCCAGTGCCACGGCCAAGAATCTGGGCATCCAACCCTTTGTCCTGCGGGGAATCCAAGACTACGACATTCTCGGAGAACTCACCCAGCAGGCGCACTGCCGTAATCTCTTGGTCATTCCTTGGTTTGAATTTGGCTTCATGGTGCCAGAAACCTCAGAACTCGCCCTTGGCCATCCAGACTGGCTTACCCAAGGGGTCAATGGTCAAACCACTCGCTTAACGGCGGCCGGGGAAGTGGCGTGGCTCAATCCCTTTCATCCGCAGGTACAAGCCTTTCTCACTAGTATTGTCCTTGAGGTGCTGCGGCAGTATCCAGTGGATGGTGTACAGTTTGATGACCACCTCAGCCTGCCCGTGGAGTTTGGCTATGATGACTACACCCGTGCCCTCTATCAGCAGGAAACCCAAAACCCCGTTCCCGAGAATCCCCGTGATCCCGACTGGATGCGCTGGCGTGCCGACAAACTCACCGCCTTTGTGCAAACGTTGCGGCAGCAGGTCAAACAAGAATTTCCCAATGCCATTTTTTCCGTCTCACCGACCACATTGCCCACCGCCTACCAGACATTTCTCCAAGATTGGCCGCAGTGGGTC
NZ_CP134169.1_gap15	653097	656341	3244	AGCAGGTGAGTTGGTGCGCTATGGGGCAATGCTGGTGCCCCACGAATTTCATCCGCAGCAGGGTATTATCTTCAACCCCCAAGCCCTTGATATTTTTGTGATGGCCAAGGTCTTTACCCTTTGGCAATGGCTTCAGGGACAGGGCTATCCTGCTGCTGAAAAAATTAAAGGCATGGCAGCGATGTTTGGCTATGAGCTAGATACGGCTCTTTTTGACCTCCTTGAGTTTTGAAGGCTCCCTAGCGCTATGGCGGTCATCGCACTGGGGATTGATTTTGGTACCTCGGGAGCGCGGGCGATCGCCATCGATCCTGAAGGCAAGATTCTCGCCACTGCCCGTCGTCCGTTGCACCAGCCCGATCGCCCCCAAGAATGGGCGGCAACTCTGCGGGCGTTGATTTTAGATATTCCAAGCGCTATCCGTCAGCAAATTCAGCGGATTGCTATTGATGCCACCTCTAGCACCGTTTTCCTCTGTGATGCTCAGGGGCAGCCCTGCTCACCCGTTCTCCTCTACAACGACGATCGCGCCCAAGATCAGGTTCAAACGCTGCGGCAGATTTTAACCACGGATCACCTAGTCCTGAGTGCCACCAGTAGTCTCGTTAAGCTGTTGTGGCTCCAGACCCACTACCCCACGGTCAACGCTGTTTTGGTACACCAAGCGGATTGGCTGGCCTTTTTGCTCCATGGTCAACTGGGCATTTCCGACTGGCACAATGCCCTGAAGTTGGGCTATGACCCGGCAAAGGAAGCTTACCCCGACTGGTTCAGCCACCCCACGCTTGCGTCCTTGCAGCCCCTGCTCCCTAAGGTCATTCCCCCCGGTACAGTTCTGGGAAAGGTCACAGCCACCGATTTAGGCTTGTCTTTAGAGTGTGAGGTGTGTGCCGGTACCACCGATAGCATTGCCGCCTTTTTAGCGAGTGGTGCCTCGGAGGTGGGTGAGGCGGTGACATCTTTGGGGTCAACCCTTGTGCTCAAGCTCTTGAGTGCCTCTAGGGTAGAGGATTTGGCAGCAGGTATCTACAGTCATCGCTTGGGCGATCGCAGCTCGCGCGCCGTAGGCGATCGCTGGCTAGTCGGGGGTGCCTCCAACTGTGGCGCCGCAATTTTAGCCCAGTTTTTTACCCCAGCGGAACTAGAGCGCCTCAGCGCCCAAATAGATGTCAATCAACCCACGGGGTTGGACTACTATCCTCTGCTCAAGCGGGGTGAGCGCTTTCCCATCAACGATCCGCATCTTGAACCGCGCCTAGAACCCCGACCCGACGACCCTCGCCTCTTTTTGCAGGGACTTCTCGAAAGTCTCAGCCGCATTGAAGCCCAAGGCTATCAACAATTACAACGTCTGGGTGCCTCGCCCTTGAAACGGGTCTGGACGGCGGGGGGCGGTGCCCGTAATCCCGCATGGTTAGCCCTCCGCCAGCAATACCTAGGGGTTCCCGTGGCCGTTTCACCTCAAACAGAGGCCGCCTATGGCGCCGCCCGTCTGGCTCAAGCAGGCCTGAATTTTAACTAGGGTAGAGTTGGGCCTGAATTTCTGACTTCAGCCGATTGAGGATATGGCGCTGATCCAACTGGCTGAGGATTTGTTGCACTACGGTTTTCGGCCCAGCAGTTCCCCAGCCTGCGCCGTTGGCAAAGTAGGTTTTGGCTACTTGTCCCATCGTATAGGAGGCAAAGCCAGCAATCCCCGCTTGGGTCATGGCGACTGAGAGGTAAGGGCCAAAGGCAATGCCGCCACTCATGGGTGTAGCTAATCCCAACAGTCCCTTGAGGGAACTGAGTCCTAAGTTGACAGCAAATTCCCCTAAACTGATGCTGCCCATGGCGAGGGCGATTGTTTGTAATAGCTCCCTGGCGCCTGCTTCTGTGAGTTCAATGCCGTAGAGGCGCGAGAGTAGTTGAATCGTGGTCAAGTCAATGACGGCACTGCTGACCATATCGAGCACGGTAACAGGGTTGAGGGCGATCGCCAGCGCCTTGGCGACAGCTCCTTTCCAAATCAGTTGGTTGGCCTCCTGATCCCGCAGTTCCAGCTTGTAGCGGGCTAATTCTTCACTGACTTTATTGGCAAAAAGCATTGAGTTCAGGGCAATCAGGGCCTTCCCTTCGCGATTGAGCACCTCCAAGATCTTTTGCTTCAGGGGTTCCACTTGGGGAGCACCGACGGTCATTTTCACCTGTACTCGTCCTTGGCGATCGCGATTCACTTGGGGGACAAGGGGCGCTGCCGCTACCATGACAATCTCTTCGGGGGAGAGGAGTTCTTTGACGCGCTCATCGCGGATTTTGTTATAGATGGCCTCGCGATCCGCCTCTGGATACTGATCCACTTTGTTAAACACTAGAATCATCGGCTTGCCTGCCTGCCGCAACTCACTGAGGGCTTGGTACTCAAGACGGGTCAAATCCCCGGCAATGACAAAGAGAATCAAATCCGCTTGGGCTGCTACCTCCCGTGCCAGTTGCTCCCGTGCGGCGCCATTGACTTCGTCTAACCCCGGTGTATCAATGAGGCGGATGGGATTGCCACGCTGAGCTTCCGAAATTTGCCACAGGGCACTGGCTTCTTCTTGAGTGACGCCATGAATCGGCCCAGTCGCAAAGTAGGGTTCCCCTAGCAGCGCATTTAGTAGGGAGGACTTTCCCCGCCCCACCATACCAAAGACGGCAATTTGCACGACACCATAGTGGAGCTTGTCGAGCATTGCTTCGAGGTCAGCGATCGCGCGGGCGAGGGAGGCTTTTTCGCTGCCAGTCGCTTTGCACTCGAACAGGAGTTTTTCAAGGGCACTTTTGGCCGCTTCATAGCTGCGGGCGCTTTGATAATCATCAAGGTCATCAATCGTGCCTTGAAGTTCCTTCAGCAGAGAATTCGCTGGCGATCGCTCTATCACAGATGCAACACTGACGTTACAAAGATTCGCTTTTTATTCTAAGGGCAAGAACGGGACTGGTGCGATTTGAACGCACGACCTAGCGCTTAGGAGGCGCTCGCTCTATCCGACTGAGCTACAGCCCCAAAGAGATACCTTCTATCCTAGCGAGTTTTGATCGCCCCTAAGCTGCTGTCGCCACTGTTGCCCTCAGGGCATCAATTTCCTGAAACAAGCGCTCTAGGGGTGCATTGGGTTCTAAAAACGAGAAGAGATGCTTGTAGCGCAGCTTACCTTCCTGATCAATGAGAAACTGTGCGGGCAGTGGTGCCCCCAAGGCTTGACCCGTGCGGTATTTGCGA
NZ_CP134169.1_gap16	659156	662107	2951	ACCAGTTGGGATTTTCTGGGGTTTGTTGCGCTGCTAACACTTCGACAAAGCCGCCCGTCAAGCCGGGGAAGGTATAGGTACGAGCAATATGACGGTTGAGGGAGGCCGAGTTGAATTGGGTAAGGACGTAAATGTTATTGATTTCGGAGTTGATGCAATTGCTCACAGGAATATCAATGAGGCGATATTTTCCAGCAAGGGGAACCGCAGGCTTGGCTCGACGCTTGGTCAAGGGATAGAGACGTGTGCCGGCACCGCCCCCAAGGATAATCGCCAAGACTCGTTTCATTGAAAACTCCATCTGAACAGCCACATCAACAGTGTACGCTGTGGTGGCACTTCTCTTTGCGAAGGGGACGCTTTTTGGTAAAGAAGCCGCGCAATGGCATGATAATGATACTTGGTCGTTGATCCCAAGCGGAGAGTAGCAGCATGGGATTTGTGGATATTGCGATCGCTGATTTGGCAGCGGACTACGGCGTCTCGGTCGAAACCGTCTGTGGGTTGTGCGATCGCTTGGGTATTCGCTATACCAGTCCGCAAACGCGCCTGCCCCTTGAAGATGCCAAAGCAATCATTTTGGCTTTGACGGACTCTGCTACACCGACCGATCAACGGGACACATCACCGCACTCGTAAGACCTGCTTATTGGGAGAACTATGTTAAGAAAATCCATTTGGCTTGCGGTCGCCCTTTGCCTCTGCCTCTGGCAACTGACCCTAGGTACAGCACTGGCCGCTGAACTGACCCCTGACGTCCTGACCGTTCCCCTCAACAGTGAAGGAAAAACCATTACCCTGACGGAAAAGCAATACTTTGAGGGTAAGCGTCTCTTCCAGTATGCTTGCGCCTCCTGCCATGTGGGGGGGATCACCAAAACCAACCCCAATTTGGATTTGCGCACTGAAACCCTGGCTTTGGCCACACCGCCACGGGATAACATCGAAAGCTTGGTGGACTATATGAAAAACCCCACCACCTACGATGGTGAGCAAGAAATTGCTGAGGTGCACCCCAGTCTGCGCAGTGCCGACATTTTTCCCAAAATGCGGAATTTGAACGAAAAAGATCTGGTGGCGATCGCCGGTCACATCCTCGTCGAACCCAAGATTCTTGGGGATAAATGGGGAGGCGGTAAAATTTACTACTAGTCACAACTCAAGAAGGATCTTCCCAACTCATGCACCAACCTCACTCTCGGCTTCGGCCTGTTGTCTGGCTCTGCAGTGGCCTACTGTTCTTGCTGCTGGGCTGGGCGATCGCCCCGGCAACGGCGCTGGCGGCCTCTGGGGTAGATAACTATGTGATCCAATACCTGAAGGTCACAGATACGGTGGAACTGCCCCTCAATGACGGCGGTGAGACCAAAACCTTTACAGCCGTGGACTTGACCCGTGGGAAACGGCTCTTTGAGGAAAACTGCAAAAACTGCCACGTTGGCGGCAGTACACTCCCCAATCCGTTGGTCTCCCTCTCCCTGAAGGATCTCAAGGGAGCCACCCCCCCACGGGATACAATTACCAGTCTGGTGGCCTTCCAGCGATCGCCGAGATCGTACGATGGCAGCGAAGAGAGTTATTCCTGCCGCCGCGTGAGTGAGGACTGGTTGACCACGGAACAGCTTGAGACCTTAGCTGCCTTTATTTTGCGAGCGGCAGCCGTGGCGCCCGGTTGGGGCGTAGAAAGCTTTCCGGACAGTGTCCCCTAGGTTGGGAACTTTGCTACACTGACCTTTGGTGAACCTTGCACCCCTTGATTTTTGGGGCTTTATCCATACCCTGACGCATTCCATGAAAGGAGAACTCCGTTGAAAAAGCTATTCATTTGTGTTTGCGCGATCGCGATCGCGCTGTTTGTCAGCCTCACCCCTGCGGCCTTTGCAGCAGATTTAGCCAATGGTGCCAAAGTCTTTAGCGGCAACTGTGCAGCCTGTCACATGGGGGGTGGCAATGTGGTGATGGCCAACAAAACCCTGAAAAAAGAAGCCCTTGAGCAATTTGGCATGTACTCCGAGGATGCCATTATCTACCAAGTGCAGCACGGCAAAAATGCCATGCCCGCTTTTGCTGGTCGTCTCACCGATGAACAAATTCAAGATGTGGCTGCCTACGTGCTCGATCAAGCCGCCAAGGGTTGGGCAGGCTAAGATTGCCACCGTCTGAAAAAACGATTGATGAAGGGTGTAGGCGTAGGTGCTACATCCTTTTTTTATTCTGTGACTGCCCTCCAAGTCCTGCAAAGATAGATGTTGTGTTCTGCATCCCCTAGGGAATCCTCTCTAGAACCAGTGCAATTCATATAATGATGAAAGACTTGCTCCTACAAAAAGGCGGTACACTTGGGCTATGCCTGCTGCCCCATTGCCAGCAAATGAACCGGAACGGCAACGTGCCCTTGAGCAGTATCGAGTCTTAGATACGCCTCCGGAACCGATCTTTGATGAAATTACGAATTTAGCGGCAGCCATTTGCGAAACCCCCATTGCTTTGATTAGTCTCATCGATCGCCAGCGGCAGTGGTTTAAGTCCAAGGTGGGGCTAGATGCCTGTGAAACCCCTAGGGATATTGCGTTTTGTGCCCATGTGATCCTTCAGCCAGAACTGGTGGTGGTACCGGATGCTCGGCTGGATCCCCGCTTTGCCGATAATCCCGTTGTTACAGGGCCGCCCTATATCCGCTTCTATGCGGGGATGCCCTTGATGACGCCCGATGGCTATGGCATTGGTACCCTCTGCGTAGTGGACTATAAGCCGCGTGAGCTAAACCCCGTTCAACAGCAAACCCTGCGCACCCTTGCTCGCCAAGTCATTAGTGAACTGGAAATCCGCCATCACTTAGAGGTTACCCAGCAACAACTGGCCTACATTCAGCAGATGAGCAGCCTCCAAGAGGCGGTCTTCAATAGTAGTAATCACGCCATCATTGCCACCCGTACCGATGGCATTATCAC
NZ_CP134169.1_gap17	669413	673973	4560	ATATCCCTCTTTAATGACTTTAGGCGGATGAAAAGACACATTGTCGGCTCCATTGATGCACCAGTGGACAGATATAGCTATTCCAATAAGGAATGAGATATCATCCAGCACAATACTTGCGAATCACTTCATCAATCGAACTGTTTGACCCTGCATACATCCGCGATCGCTTCAACGCACTGAAGTCGTGCTCAATCACATTCAAATCAGGAGAGTATTTCGGTAAAAATAACACCTCGTGACCCGCCGCTTTCACCACTGCCTGAATCACCCCTTTTGGATGAATCGGTGCATTATCCATCATCAACAACGACGGTCTCTTTAACGTCGGCAAACAGTACTGACTCAGCCAACTCACAAACCCTACCGCATTCAAGTATCCGCAAAACAGCATTGGGGCGATGAAGTCTTTCTGGTGTCTATACCGTCCTGCGACTCAACTCTCTCTTTTCTGACGCTTCCCCGCTCGCTCTCCATCAATTCGTTGGCCTCGCGCTGACCACCCATACTCACACTCCACCCGAGAGTCAAACCCCCTCTCATCGATAGACACCACCGTTTCCTCCCCATGGCTCTCTACCCATGTGTCGAGCTGCTGTTGGTACGCTTGCCGCTCTTCTTCACACCGTTCTTGGTAACGCATCTGTTTTTTTTTCGGGTGATGCCCATCTGGGCGAGGGCATAGCTAATGGTGGAAACTTGGACGCCAAATCGCTGGGCACGGTCGATTAAACGGTCATCGGGATGGGCAGCAACATCGGCTGCTAAGGCCGCCCAATCCAGCTTCCAAGGACGACGGGGGACAACCGTGGGCGCTAAGTTCTCTCGCTTCAGCCAGCGATGGATGGTGGCGCAACTGACCTAGAAGATTTGAGTTGCTTCACTAATTTTGCCACCTTGCTTGATGTAGGAGACAACCCGCTCTCGTCAGTCCAAGCTATAGCTCATATTCTTGAGTGATATTCATGATGCTTTGAGTATAGCCTATGCCTCTTGAAAATATCTCACTCCCTTTCGAAATAGCTATAATGTTACAAAGAGCTGGTCTGAGGCCGTGGCCACCCATTTTGAACGGCAATTACAACGTCTGCGCAGTGACTTGCTGCGACTGGGGACACTGGTGGAAAGTGCCTGTCAGTTGGCCTATGGTGTCTTGATTGAGCGACATCTCCTCAGTGTCGAGCAGTTGATCCAAAGGGAGCGGGACATTGACCGCAGCGCCCAGGAACTCAATCGTGAGGCGATCGCCCTGCTGACATTGCAAGCTCCTGTGGCCGAGGATCTCCGATTTTTGGTCATGCTCTCGCACCTCTGCCGCGATCTAGAGCGGATCGGCGATTATGCCCTTGAAATTGGCCGTGCGGGTCAAACGCTGCTGCGCTATCCACCCCCACCCTACCTTGAGGACATCCGCTTGATGTTCCAGCGATCGCAACTGTTACTATCGGAAGCCCTATCCGCCATTGCCAATTTGGATCCTGAGGTGGGGCTAGCCCTTGCCAATTGCGATGATGCCGTCGATGCCGACTATCAACGTCTTTATGAGCGACTCTGCACCCCTTTGGATCCGCAAGAACCAGTGGAATTGCGCTTAATCCTCCTGCTGCTGATTCGCAACCTAGAGCGCATTGGTGATCATGCGGTAACCATTGGCCAGCGCGTCTGCTTCATTGTGCGGGGGGAAGACCCCTAGGAAAAATTGACGTTTTATGCTCGCTGTGCGCTGAATTGCGTCCACAACCTTTGAGAATAGAACTAGTCCTAATTCATAAGTGTTGTCGTGCCTGTGCTCGAATCTGAGGATGGGCCTGTTGGGAGGTAAGGCATGAGGTTAAGCCGTCGTTCTTTTTTGTACGGTGCTGCGGCACTGACACTGATGCCGTGGGTTTGGCAAACGGCAGGCGGCTCCTTGGCAGACTCTCTTCGTCCGTGGCGAGCACTCCTGATTGGCATTAACCACTATCCCCAGTTAGTGGGTGTGCCCCCTTTAGGCGGTTGTCTAACGGATGTTGAGCTAGTGAAAAACCTATTGCTAGATGGCTGGGGGCTAGCGGACAGTGACATTACGCTACTGACGGAACAGGCGGCAACCCTCGATGCGGTTCAAGAAACCCTAGGGGTGCTGGAGCACGCGGGTCAGCCCCTGTTAGTTTACTTTAGTGGCTACGGCACGCTTTGGCAGCAACAACCAGCACTGGTTTTCGCCGATGCCACAGCAGCAGGTGAGGGCATCTTACCGCTTGCTGAATTACTGCGTACCAAAGGGGTACAGGTATGGCTCGACACCCGCTTTAGCCCGCCACCCATTGAGGGGGAGATGTTGCGCTGGCGATTTGTGCCGTTGCAGCCTGTAGAGACCCGTGGCGCAGGCCGAGTTCCCAAGGATCATCTGCTTTGGGCCGATTTGGGGGTAGAAACGCACCTGAATGGCGTTCCTGTGGGACTCTTTACTGCTAGTTTGAGCCATTATCTAGCGGCTTTGGGGGGCGATCGCCCTTTGGCGACGAGCCTGATGTACACCGCCGATGAACTGCGCTGGCAAACCGGGGCAGAAATTCATCTCGTCAGCGATAGCTTGCCGGGGAATGTCCCCCTATCCCACGGCTTTGACGGTGTGGTGCAAAGTACCGGTCACGACCGCGCCCTTCAGGTTTGGTGTGGCGGCCTCAGTCCTTGGCTATTAGCCCATTGTCATCCCCACAGTCGTTGGAGCACTGCTGACGGTGCCACGGTCGTTGACATGGTTAGTTTTAATGGCATCATGGCTCAGGGGGTAAGTGGTCAGCCCCTGCAAGTGGGCGATCGCCTCTATGAGCAACAACGGCGCCTAGGGAAAAATCTGCAGGTACAAGTGGCACTAGACCCCAAGCTGAGCAAAATTGAGCGCGTAGATGCCATCAATGCCCTGACCAACGAAGAGAACGTTGCTGTGCTCAACGGCAGTGAGTCGCTGCCAGATGTGGTTCTCACCAGAAGTGCCACAGGGGGTAGCTATGGATTGGAATGGCCGGTGGGAACATTGCTTCAACACAGTTGTAGTGGTACCAATGAAGCTGCTAAAGCCGGCATCCGCCGCTTGAACCCCCTGCTGAATGCCCTGCTAGCTCAAAAATGGCTGACACTGACCTTGAACCCCACCTCTAGTCAGGTGGCCGTGTGTACAACCCTTGAGCAACTATCGCCAATGGCAAAACTCTTAAGCCGCCAATCCCCACCCCGCAGCCCCAATCCCCTGCCAGATGTCCTGAGCACCAAGCTGCCAGCCACGAACTTAGACACGCCCCTCACCTTGGCCAAGGGGGATACTTGCCGCTGGAGCCTCTACAACTATGGCGATCGCCCCCTCAACATTGTCGCCTTTGCATGGGATAGCAGTCAGGGCATTCTCCTCCTGCCGCTGCAAACACAGTCGTGGCAGTTGGCGGTTGCGCCGGGCTTGAATATTCCCCTTTATACGTGGACGCTGAATCGCCCTTGCCAATGGCTGAAGGTTTTTATCATCAGCAGCCACCGCCCCCTGACTCGTTTTAGTCAACTGAGTAGCCACCCTAGCCATTCAGAGCCATTGCTAATTTCTGGTGAGGATAGTCTTGCCTTGGTTCTCGGTCTGCTAGGGGATCTCAGCAGTGAACCGGAAGGGAATGAGTTTTGCTTGGATGTGCGGGAGTGGTGTACCCAAGGCTTCACGCTGCGGGTGGTCTAGGCCAAGCGCCGCCGCAACAGGGGTTGAATGAGTAGGCTCATCCCCACGGCAACCGCCAAAAGAATCAGCAGCGCTGCTCCCAAGCTTAGGGATCCCCAAGGCGCCACCATGACCACATCACTAAACTGCCAGTCAGGATGTAAATAGACATAGCGAATCGGTTCAATCGCCAAACTGAGGGGGTTGAGGCTGGCAATCCACTGCAACCAGCGCGGCATAAACGACAGGGGCACCAAGGCAGTACTGGCAAAGAGTAACGGCAGGTTGATCACAAAAATCACCGCCAACAGTTCAATGTGACCGGGCAAGGCAAAGGTGAGTCCCAGACTCAAGGCTGTCACACCAAACACCAAGATTAGTACGGTGGCCAAGACAACTCCAATGCCCGCTAAATTCGGTAGCCCCGTTCCTAGCAGCACCCCTAGGCTGGCGATCGCCACCACCTGAATCAAACTCAGGGTTGTGATGAACAAAGCCGAGGCCAACACAATTGAAAACCGCGAAGCCAATGGCGCCACCAACAGCCGATTCAAAAAGCCAAACTCACGGTCAAACATCACCGGCAGCCCCGCATTGAGGGCACCACTAAAGGCGGTAAACACAATAATGCCGGCGCAGAGAAACTGGCCATAGTTGGAACTCTCGCCAAACAACCCCTGCGGCACATTCTGGAAGAGAGCCCCAAAGAGGATCAGCCAAATCAAGGGTTGTACCACCCCCGCCACCAGTGTTGAAGGGCGCCGTTGCAGTTGGATAAATAGGCGACGGGTCAAAGCGAGCGTTTCCTGAATGAATTCACCTGAGAAAATACCGGGAACAGCCCTTGCTGAAGCGGTGGTCATAACGCAACTCCCAGA
NZ_CP134169.1_gap18	698887	701773	2886	AAAGATCATTGAGGACAATGTCATTATCGGGGGCACGGCCAATTTTGAGGCCGCTGGCGGGTAGCTGAACCCCCTGCTCACTGACGGATTTGACAAGTTCTAACCATGCTGTTTGAGTCATGACCTTGGGGCAAAGGGGCTTGATGCCGGTCAGTTTACTGGATTCTGGCCGATCTGACAAAAGACGCCCGCCAAAGCTCAACCGGCGCAGAAACCTATCATTATTGCGAGGAGGGCAAAGAAGGCATCGGCAAATAACTCGCCACCTGTGACCATAGAAACTGTGCTTGCTCCCACAGGCGATCGGGACCAATACCAAAAAAGAGTTGCAACAGGAAAACAATCAGGGCAATTTTAATCGCCGTACCGAGAGTGACCTTGAGGACAGTGATCAGCCAGCGGAGCACGAACCAACTGATGGCGATCGCCCCTAAGGTGATCAGGATTTCAGTCACGGTCATCGCCGCACCAAGATATCTTGGCCATGGGTATCCGTGCCGCAGGTCTCCAGCAACTGGTGTTCAACGGCCAAAGCATGCACAAGGGCGGTTGTTTCAGGGGTGGGTTCCCACACATCGGGATTGCTGTAACAGTAGTAGGTTTCCACCCCATCAATCCCCCGCGCCACAGCTGCAGGAATCAATTGTTCAGCAGGCAAACGATAGCGCGCCGGGTGTGCCAAAATCGCCAAGCCTCCTGCTTCATGGAGTGCGGCAATCACCCGTTCTGCCTGTGCCAAGTCCCCTTGGGGGGCAGTGCCCATTGTATAGAGATGCAGGATCGGCGCATAGGGGTCAAAGCCATAGCCCAGAATATGCACCTCAGTACCCAAGAGTTGAGCCGTAATTTCAATGCCCGTGTAAACTTGGGGGCGATCCGTTCCTGGATAGGCTTCTACGTAGGTTCGAGCCTGAAAATAGCCCTCTAGGGCATGGTGATCGGTAATGGCAAATCCCTTGAGGCCATGGATCATTGCCTGTTGCGCCACTTGCTGCGGTGTCAGTTGCCCATCGGAGCAGATGGTATGGAGATGAAAGTTATAGCGATAGGGACAACTGGTTGCCGTCAACATCCGAAAGAGACCACGGAGAGTCTCAGCCTGCGTCACCATCAGTGCAGCAAGGGTCATAGGCATTACCAAATCTTACGCTGTTACCTCTTTAATATAAACTTTCTTTAAGAAACGAGAGATAAAGATTCCTAATAGGGCGATTTATGTACCTCGATGGGGTGTGCTAGGATACAAGTTGGCTCGGAATCATGCGATCGCAACGCCTCAACCTTGTCAGGTCCGGAAGGAAGCAGCAATACGGGATGCTTGCGGTAGGCGTGATCTCCGGGTCACCCTCTTGAGACCTGCGAACGATTCATGCCTGTCACTACCCTTAGCCTCCCCCTCGATGAGATTCGCTACGATGAACGGGGTTTAGTGCCAGCAATTGTCCAAGACTATTTGGACGGCACCGTGTTGATGCTGGCGTGGATGAATCGGGAATCGCTACAGAAAACCCTTGAAACCGGTCGTACGTGGTTTTGGAGTCGTTCGCGCCAAGAACTGTGGCCCAAGGGCGAAACCTCTGGCCATGTCCAGTGGGTCAAAAGTATCCGCTACGACTGCGATAGTGATGCCCTGTTGTTAACAGTAGAGCAAGTGGGCCAAGTCGCTTGCCACACGGGGCAGCGCAGTTGTTTCCACCGCCATGGGGAGGCCGGACAACGGGTAGAAGACCCACCAGCAGATACCCTTTCGCAAGTGTATAACGTGGTCTGTCAACGGCGCGACTTTCCGCAGCTACAGTCCTACACTTCCAGCCTGTTCACAGCCGGTGATAATAAAATTCTCAAGAAGCTGGGCGAAGAAACCGTAGAAGTGGTGATGGCCTGCAAAGACGATGACCCCGAGGCGATCGCCAGTGAGGTAGCGGACTTGTTTTACCACACGCTAGTTGCCCTTGCCTATCATGGGGTGTCCCTGCGGCAGGTCTATGAGCAGCTTCAGTTGCGGCGGCGCTAGTTGCTTGCCGTTTTCCTTGTCAGCACTGGCTCAACGTCGTTAAAGTGCTAGATACAGGTAATTTACATAACTATACAAATGGCAAAGCAGGTGGTCGTCATTGGCGGCGGCATTGGGGGTCTGACCACAGCGGCATTGTTGGCACGACGGGGCTATCGGGTTCAGCTGTTTGAGCAGGCAGCCCAACTGGGGGGCTGTGCCTCCACATTTCAGCGGCGGGGCTTTACCTTTGATGTTGGCGCCACCCAAGTGGCTGGCCTTGAGCCGGGGGGAATTCACGCGGCGATTTTTGCTGAATTGGAGATGCCTCTGCCAGCAGCAACCCCCTGCGATCCTGCCTGTGCGGTGTATCTGCCGCAGGAAATGACGCCCATCAATGTTTGGCGCGATCGCGATCGCTGGCAACTGGAACGTCAACGCCACTTTCCCCACAGTGAGCGGTTTTGGCAAGGCCTTGAACACCTCTTTGCCATTAGTTGGCGATTTCAGCAGCGGCAGCCCATTTTACCCCCGCGCAATGGCTTTGATCTGTGGCAATTGGTGCAAGCCCTGCGTCCGGAGACGCTTCTCACGTTGCCCTTTAGCCTGATGACGGTGACCGATTGGATGCGTCTTTGCGGTGTCGGGGGCGATCGCCGGCTGCGGCAATTTCTGGATCTTCAACTCAAGCTCTACTCCCAAGTAGATGCCAGTGAAACCGCACTCCTCTATGCCGCCACCGCCCTCTGTCTGTCCCAAGACCCCCACGGCCTCTACCATCTCCACGGCAGCATGCAGGTGCTCAGTGATTTACTCGCCAATGCCTTGCAGCGCGATGGCGGTCAAATTTACACCCGGCATTTGGTGCGTCACATTGAAGTCGAGCGGGGGCG
NZ_CP134169.1_gap19	749944	751591	1647	GCATAGGAACGGGCAGCGATCGCTTGGGCTTTGAGGGTTTCCATTGGCCAGTCGGGATAGACCTCTGAACCCACCACACTCACGAGGTATTGTTCCAAGTCCACTTGATTGACGGCTGTAACCGTGTTTCCCTGAGCAATGAGGCGCACCACACCGCGATACCATTTATCGCCAACAAACGCAAGTTGATTGCTGGGGCGAATCCAGAGGGAGGGGGCAAGGGGTTGGCCATTCCAGAGCAAAAAGCCATCGCGGGCTGTGACCACGACCCCTTGGCTAGGGGCAAGCTGGGTCATCACCTGCTGTTGATCATTCGTAACAGCCGTGGCGACAGCGGTGCCAACGGTCAGTTGACTTTGATCGCGGGCGATCGCCACCCGCACTTGAGGGGCAGGGCCTTGGCTCGGAGGCACGGGTTGCAGGGCAGGAGGGGGCACTGTGGGCAAGATTGCCTTGGCGTGGGTAGAGGCAGCCGCTGGTGGTTGGGGGACTTTGTTGGGGACAGTTGCTAATAGGGGATCGCGGCCATCCAAAATCGGCCGAGGCAGAGGTCGTTCAAGTTGAATTGGGTCAGGTAAAGGAATTGGCTCTGAAAGAGCAATCGGTGTCGGGGATAGGCTCCGCAAAAACCAGAACCCTAGGCTCGCACTGGCGATCGTGGCCATCATAAAGGAAATGAGCAAGGGTGAGTGTCCTCGCTTTGTCCCTTGGAACAGAACCCAGCCCATTCAGGTGTCATCTCCACTAGCACCTTGCCTATTGTATAGGGGAGTACGGAATTTGCCATGCAACATTTGCTGGTTTAGGGCAGAGAGGAAGCTGCTACCCGTTGTAGCCATTGCTCCACCCTATCCCCATAAACAGCTAAGCTATACTCCTGTTCCGCCTGCTGCCGACAGGCCGCCCGATCAATTTGATCAATCTTGCCAATGGCAGCAATTAAGGCCTCGACAGAATCCGGGGTAATGAGAAACCCGGTTTGACCATCACGGACAATTTCACTCGGCCCACCGCGATCGTAGGCAATGACGGGAACGCCACAGGCAAGGCTTTCGATGACAACGTTGCCAAAGGCTTCGACCCAGCGGGAGGTCAGCAACAAAGCGCGACAGCGCCGCAGCTGTGCTTGCATTTCCCGTGTTGGCAAAAAGCCCAGATATTCAATGGGGGCGTTGGGGTAATCTGCTTGAATGCGCTGCCAATAGTCTATATCTTGCAGTTGCCCCATGATTTTCAAAGGGGTACGGGTGACATTGACGGCAGCGACAGCATCTTCGAGACCCTTTTCAGGAGCAATGCGCCCCAGCCAGCACAGGGCATCCTCTGGCTCTGCACAAAAGTCATAGAGGGACAGATCCAGACCACTGCCCAAACACACGCAGCGATCGCCAAAAGGGAAGGTGGCGGCTTGGGTACGGGTATAGACACTAATGGTTTCCGGATAGTCATCAATGACACGGGCGATCGCCTGATCCATGACATCGGAAACTGAGGCCATGCTCACCAGATGCCCCACAGGACGGCTGAGAAAAGGCGTCAGGTAAAAGGGCAGCCAGTCGTAGGCAAAGTTGACAATGACATCAAATTCCTGTTGAAGCTGCCGCACCCGTGCCCACATATTGGCTAACACACTATTGGGGGGCAGTG
NZ_CP134169.1_gap20	785618	789772	4154	ATTGGCGATGCCGATAGTGATGGCCTCATGGCACAGCAGGGGGGGGCAGCGGGCAGCATTGGTGTTACGTGGGGTTGGCATCGGCCACCAGTGCTCAATTACTGTGATTGCATCCTTGCCTCACCCTTGGAGATGCAGATTAGTGCTGACTGAGAACTAATTAGACTCAGTGGTGATTGAGGGTTACTCGCAATGAGTCAAGCATAATTAAGGCGGTAGTGCAGATAAACCTCATTGCCCACGGGCAAGACATTCAGGAGCGTCAACCTCCCTGAGAAGGCAATCTCCTCTGGATAGAGGCTAGGCGCTACCGACCCTAGGAGGAGGGGGCAGAGGGTCAACCACAATTCGTCAATGGCAGCCATCTGCAACAGGGAGGCGAAAAGCTGTCCTCCTCCCAACACGGCCAAGGTTTGTACACCAGCCCCTTGAATGTGCCTAAACGCCTGTGGCCAGTCAATCTCCGCCACCCCAGCAGACCAACAGTGATCAAAGGCAGTGGATCCTTGCCAGCGGCTGGCGCCTTTCTCGGTGGTCAGCAAAGCGCGCGAAATGGGCTGGCGAAAGAAGGGAAGATTGAAGTCTAATTCACCACGGGCAGAGCAGACAATTTGCAGCGGTTGGGGCGATCGCCCTTGGTGCTCACGCTCAGCAATCAGATGGGGAGACTGAAGGCGCATCGCTGTCCCCCCCAAACGCAATGTTGTCGCCCCAAAGAGTACCGCATCCACCTGTGCCACCTGCTGCTCAAGGTGCTGAAAGTCATAGGCCGAGGCAATGCGCTGACCCAAAGCATCGGCACGAGCAAGGCGGCCATCTAAACTACTGGCCAAAACTGCAATGGTGTAGGGGCGATAACTATTGGGTTGACTCAATGGAGCATCACTTTTTCCGTTGCTGCAGCGGACTCATCATACCACTGTAGCCAAGGCTGGGGGTTGCCATCATGGACAAAAACATGATCTGCCCTTTCTTGCACTTGCAGCTTACAACAGGGAATCGTATCGGCAAGAAGGGCACTAGCCATGGTGCCGCTGTGAACCTCCAGTTGTCCCGCTGGCGGTGATTCAAAGAAAAGCCGTTGTCCTGGAAAAACGACTCGCTCAAAATACCAATTGGGAATATTAGTAATGCGCACCACCTGAATTCTGCTAGTGGCGTTGACATAACAGCAGAGGATGCGATCGCAACTATCGCTAGGGACGGGATCAAAGATTTGCGGCATAGGAAGTAATGGTTTCTTATAGGGACGTGTCTTTACCCTTGTTAGCCTAACATTGCCAATTCGATCCAGTTGTAAACTCAACTACAGGATGGACAGTTCATCCTTTCCTTGAGTTCCGGTGATCCCCTGTTGGAAAGGCGTAAATGTGTTAAAACCTAAACAGCGATAGAGATTTATTAAGAATTTAGCGTTTCCATAGATCTTGGGCTAGCCTATGTCCCCGCGTGTCCTTTACGTCCGTCTCCCCTGCAATCCCATTTTTCCCATTGGCGTGGTTTATCTGGCTGACTACATCCACAAGCAACTGCCAAGCATCGAGCAGCGGATTTTTGATCTGGGGACGGTACCGCCCTTGGATTTTCGTCGTGCCCTTGCCCAAGTGATTGATGACTTTGAACCCACGCATCTGGTTTTTTCTTGGCGGGATATTCAAATCTATGCCCCTGTGGGGGGACGGGGCGGCAATCCACTGCAACATGCCTTTGAGGTCTATTACGCCCGCAATCCCTTGGTGAAGCTACGGGGGGCGATCGGGGGTCTGCGGGTGATGAGTGCCTACTATGGTGAACTCTGGCGAAACCTCAATTTAATCCGTTTGGGACTCCACCATGCCAAGCGTCACCATCCGCAAGTCACGACCATTGTCGGTGGCGGTGCCGTCAGTGTTTTTTATGAACAATTGGGGTCTCAATTGCCCAAAGGCACCATTGTTTCCGTTGGTGAAGGGGAAACGCTGCTGCACAAAGTCCTAACGAACCAGCCAATTGCCGGGGAGCGTTGCTACATTGCGGGTGTGGAAAAGCCCCGCGATCGCCTGATCCACGAATGGCCAACCCCCATCGAAAAAACCGCCTGCAACTACAACTACATTGAGACGATCTGGCCCGAATTTGAATACTACCTTCAGGGGGGTGACTTTTATATTGGCGTGCAAACCAAGCGTGGCTGTCCCCACAACTGCTGCTACTGCGTCTATACCGTGGTTGAAGGCAAACAGGTGCGCATCAACCCTGCTGAAGAAGTCGTCGCCGAAATGCGCCAGCTCTACAATCGCGGTGTGCGCAACTTTTGGTTTACCGATGCCCAGTTTATCCCCGCCCGCAAATTTATCCCCGACGCGATCGCCCTGCTGCGGGAAATCCTGAAAGCAGGCATGAATGATATTCACTGGGCAGCCTACATTCGTGCTGACAACCTCACCCCCGAACTGTGTGACCTGATGGTGCAAACGGGGATGAATTACTTTGAAATCGGCATTACCAGTGGCTCCCAAGAATTGGTGCGAAAAATGCGCATGGGCTATAACCTGCGCACCGTGCTGCAAAACTGCCGCGATTTGAAAGCCGCCGGCTTCAACGCCCTTGTCTCTGTGAACTACTCCTTCAATGTCATTGACGAACGCCCTGAAACGATTGCCCAGACCATTGCCTACCACCGTGAACTAGAAGGCATCTTTGGCGCTGACAAGGTGGAGCCAGCCATTTTCTTTATTGGTCTGCAACCCCACACCCATCTTGAGGCATATGCCCTTGAACACGGCATTTTGCGCCCCGGCTACAACCCCATGAGCCTGATGCCTTGGACGGCCAAGAAACTCCTCTGGAACCCAGAACCCATGGGATCCGTCTTTGGCGAAGTGTGCCTAGCGGCTTGGCGACTCAATCCCAATGACTTTGGCCGCACGGTCATGGATCTACTGGAGGAGCGATTTGGCCGTGCCCCCCTCGAGGCGGCATTGTCAGCACCCCTTGCGGAGACTCGTCTTGTGCATCGTTAAAAAAAACGCAATAAAATGACCATTCCCCCTTAGAATGTTTCCTAGATCATTTCTGGCAATGAGTTAGTAAACAGAGGAAGGGATCAGGTGGTTAGAGTCGCTATCAATGGTTTTGGGCGCATCGGTCGGAACTTCATGCGTTGCTGGTTACAGCGGAAAGCCAATAGCAAGCTAGAGATTGTAGGCATCAACGATACCTCCGATCCCCGCACCAATGCCCATTTGCTGAAGTATGACTCGATGCTAGGCATTTTCCAAGATGCCGAAATCAGTGCTGACGACGACTGCATCTATGCTGGTGGCCATGCGGTCAAATGTGTCTCTGATCGCAACCCCGAAAATCTGCCTTGGAGTTCGTGGGGAATTGATCTCGTTATTGAAGCCACCGGGGTTTTTACCAGCCGTGAAGGTGCCAGCAAGCACCTGAGTGCTGGTGCGAAAAAAGTCTTGATTACAGCACCCGGTAAAGGCAATATTCCGACATACGTGGTGGGAGTGAATCACCACACCTACAATCCCAGTGAAGATATCGTCAGCAATGCCAGTTGCACCACCAACTGCTTAGCCCCCATTGTCAAAGTGCTCCATGAAACCTTTGGCATTCAGCAGGGGATGATGACGACGACCCACAGCTACACGGGGGATCAACGCTTACTCGATGCCAGTCACCGCGATCTGCGGCGGGCACGGGCAGCAGCGATGAACATTGTGCCCACCTCTACGGGGGCTGCTAAGGCAGTCGGATTGGTGATTCCCGAGTTGCAAGGTAAGCTGAACGGGATTGCCCTGCGGGTACCCACCCCCAATGTCTCTGTGGTTGATTTTGTTGCTCAAGTGGAAAAACCCACCATTGCTGAGCAGGTGAACCAAGTGATCAAGGAAGCCTCGGAAACCACAATGAAGGGGATTATCCACTACAGTGAATTGGAGCTGGTGTCTTCGGACTATCGGGGTCACAACGCCTCCTCGATTTTGGATGCGTCCCTCACGATGGTGATGGGGGGCAATCTAGTGAAAGTGGTGGCTTGGTACGATAACGAGTGGGGCTATAGCCAGCGGGTTCTGGACTTGGCAGAGCACATGGCCGCTCACTGGGCTTAGTCGTTTCATTTTAAGGATTGGTTCGCAACTCACGATGCAAGATAAATCGAT
NZ_CP134169.1_gap21	791568	796408	4840	CCTGCGCGATCGCCACATTTGGTTTGCTCGCCAACAGTGCCGCTGTGATTATTGGGGCGATGGTGATTGCACCGCTGATGCTGCCGATTCGCGGATTGGCCTTAGCCGCTCTCATTGGCGACTTCAAGATGTTTCGTGAGGCAGCGATTGCCTTGATTGTCGGCACCCTCATGGCCATTGGCATGTCTTGGACAATTGGTGTCATGGTGGGTCTTGAGGTCTATGGCAGTGAGATCATGGCCCGCTCCCAACCCAATCTGCTGGACTTGGGCATTGCGGTGGCCGCAGGTGCCGTGAGTGCCTATGCGGTGGCGGAACCCCGTGTTTCAAACACCTTGGCGGGGACAGCGATCGCCGTTGCGCTCATGCCGCCCGTTTGCACAGTTGGCCTTGGGATAGCGCAGTTGAATACGAGTCTGAGTGTGGGGGCAACGCTGCTATATTTCACAAACCTGCTAGGAATTACGCTGGCCTGCATGGTAGTTTTTGTCATTGTTGGCTATATCCCTTTGCATCAAGGGCGCCGTCCCCTCACCATTGCCGCTGCCCTCACCGCTCTGTTGGTGATTCCCCTCGCCATTAGCTTCAGTCGGCTCATTGAACAAGTGCGGTTGCAACAGCAAGTACGAGAGGCACTGACTCGAGGAACGCTGACATTTCAACGCCTCGATCTGTTAGGTATGGAAACGAATTGGGTCAGTAACCCACCCGTGATTCGGGTGAATGTGCGTGCCCGCGAGCCGGTCACCCCAAAACAGGTGGCACTCATGGAAGAGTTTATCCAACAGCGGATGAATCGCCCTTTTCGTCTAGTCCTACAGGTGTCTAGCATTGAAGAGATCACCTCAGAGGAGCCGTTGCCCTAGTTTTTTGAGCGTTAAGCCAAAATGTTAGACTATTGAGACTGCAGCTGATCTTTGGTTGCATCTGTTCTTTGTCAACGCTTCCCATTGACGCATGAGTGACTTTCTCCCCTACGCCTATCTTAACGGTCAGTTTGTGCCCTTTGCAGAGGCCAAAATTTCCGTGGCCACCCATGCCCTTCACTACGGAACAGCGGCCCTAGGAGGCTTGCGCGGTCTCCCTAATCCGGCCAACGCTAGGGAAATTCTCCTCTTTCGTCTGGAGGATCACTGTCGTCGCCTGAGTCGCAGTGCCCACTATCTCGGCTATGAATTGCCCACCAGCGAGATTAAGTCGAAAATTGTTGCATGGGTGCAAAAAAACCAACCTAGCGTGCCCTTCTATATTCGCCCTTTGGTCTATACCTCTGGGCTGGGCATTGCACCACGGCTCCATGACATTGAGAAGGATTTTCTTATTTACGGCATGCCCCTTGGCGATTACCTGTCAGCCGCCGGCGTTACCTGTCGCATTAGTTCATGGCAGCGGCAGTGCGATCGCTCGTTTCCCCTACGGGGCAAGTTGACCACTTCCTATATTGTCTCGGCACTGGCAAAAACAGAGGCTGTTTCCTCTGGCTTTGATGAGGCGATTCTCCTCAATGACCAAGGGAAAGTCTGCGAAGCCTCAGGAATGAATTTGTTTCTGGTGCGGGATGGTCAACTCATCACCCCCAGTGTGGATCAAGACATTCTTGAGGGCATTACCCGCCGCAGTGTCATTGAGCTAGCGCAGGCGGCGGGTGTCAAGGTGATTGAGCGGCCTGTGGATCGTACGGAACTTTTGATTGCCGATGAGGTCTTTTTAACGGGTACGGCTGCGCGAATTGTGCCCGTCAGTCGCATTGAGACCTACACGCTGCCGAGCGATCGCCCCCTGACACGCCAACTGCAAAAACAATTACAGGCGATCGTTGAAGGACGGGAGCCACAGTATCGTCACTGGGTTGATGTCATTCCCCTCTAGCTCAAAGGTTCGTAATCCGCTTAGGTGAGGTACTTACACAGACTTAATTCGGTTCCTTTCGGGTTCCAATAGACCTCATCAAAGATGGCATAGATCAAAAATAAGCCCCGACCACATTCACAGTCGGCGGCTGGCAATAACTCATCAGCAGTCTCAGAAACATTACTAGGAGGAGAGAAACCGTCCCCCTGATCCGTAATCACCCACCAGCATTGATCGGGGAAGAAGGTATAACGCACAAAAACCAGCTTTTCAGGATTGAGTTGATTGCCGTGGCGAGCCGCATTGACGAGGGCTTCTTGGAGGCCTAGCCTAATTTCATCTTTGTACTGGGGGGGAAGATCACTGAGTAGAATGTCTAGGATGGGTTGGAGAAAAAGCGTTGAGGGAAATGCTAGGGTTTGCCATTGAGGCGCAACGTACATTAACGTCATAGACGGCATAACCCGCGAAGGATAACTGGGCAGCGGGATACAGTTCCGAGACTGGTGAGAGTCATTGGCGGATAACCGAACCCCTCTACCTTTAGCTTAGCAAGGGAGTTGTTGCTCGCACAACCGCTGCCTGTCCTGCCAATGATTCAGTCCACTAGTGCAGGCGATCGCCAAAATAGCGGCGGTAAAGATCACAGCGCACCTTAGCTAAATTTCCCTCTAGGGTAATCAGTCCCAAACTGTGGAGCTTAAAGCCAACGGTGCTATCAACCATATTGCCGTTGTCCGCTTGCAGAATCTCCTTAAAGGCAGGCACTAGGTCTGCCTGCTGCTGGAGATGCCACCACTGTCGCCGCAGGTGATCCCGATACAACCCCGTTTCTGAGGCCGCATTGGCTATTAACGCCTGCCATGTCAGGTCTTGGCGGGCGAGGTGATAGAGGCTCAGACGAATCAGATAGGGATGACCTCCCACCAAGTGCTGCAGGTCTTGAAGCTGCTCCTCTGACAGACTCAGGCCATGGAGGCGACACAACTCAGCAATTTGTTCTTGGTTAAATTCCGGCAGATCAATGGCTAAGCCAACGTTAAAGGGGGACTGATTAATGTCTAGGGGAATATAGACCTCCGTACCATGAACCACAATTAGACGGAGATTGCGCCAAATATCGCGGTTTTTGCCCTCTTCATGCCATGCCCGCAACAGGCCAAAGAAGTCACTGGCCACTTCCGGATACTCAAACACCCGATCCACTTCATCAAGACCCAAGACAAGGGGACGACCCTCAAACTGTGTCCCCGCTTTTTGGCAATTGGGTAAGAGATACTCCTCAAAATAGGTAGTGCAGTTGTATTTACTGCCAAAAATGTCATCCCAATACTCATTGAGGCGGTTTTCTAGCCCTAATCGCCGCCCGACACTGGCACAGAGCCAGCGCAGGAGTTTTTCTAAATCACTGAAGACTTGGGCATCTGCCAGTTGGAAACTGAGGGGAACAGTGCCATAACCCTCTTGGGTGGCGCGGTACAGCAGCCGTGCCATGAGTGAGGTTTTGCCCATTTGGCGGGGGGCTTTGATGCGAATGAGGGAGCCGGGTTGCAAGAGGGTTTCGCGACAGCGTTGCTCAATGGGTGGCCGCTCAATATAAAATGCCGAGGCCACTTCCACCTGCCCTTCTGGGAGTTCTGGCTCAGCCACGGGAACAGGCGCACCATCACCCACCAATGTGCCAATTTGCGCAGATTCAGCAATGGTTTCTTGGGCAGCATCGCTACTGGTGGCTACAGGGGCAGTGGTCGCATTCACCAAGTCGAGAATCTCTTGCAGCAGGGTGTCGGTGTCCGCTGGCGATCGCCAGAAGCGCTGTTGTAGGCGATGCAGGTAGCCCCGCAACTCATAGTTCAAGGGCATATCAAGGGGGAAATTGACCCGCACAGGCAAGATAAAGGGACGGCGATCGCCCCGTTGGGCTTGCAACTGTTTGACCGTGCGGACTTCCTCAAGCACCATTTCACTTTGCGCCGCCGTTTGTGAGAGCAACAGAACAAAGAAATCACACCGCTTTAGCTCCTGATCAATCCGCTGTGCCCATGCCTCCCCAAGGCGGATACTTTGGCTGGCCATAAAGGGTTGGTGACCCGCTTTTTGCAACACCTCTTGGAGGGCACTGGCCAACTGCAAATCGGTGCCGTCACTGGAGTGACTGATAAAAACATGGCGACCTTGGTTGGAAAGGGCGGCGGTGGCTGCCGCTGGAGAGGACACTGGTTTCGGTTCGGTGACTTGTGGCGGCAGCGTGGAAACAGCGGGTAGTGGACGGGGCGGCACTGTAGAAGCACCCCCACCTGCCTTTGGCAATCGCGCAGCGCGCCCTTCGGGCGATCGCCAGAGGTCTTGAACAGGAGTTTTGAGAAATTTGCCAAGGCGAAACCAAAAGGATTTGGGCACCTCCACCTGTTGCAGGCTGGCAAGGGCATCGGTAGCCGTGGTAAAGCGCTCGTAGGGAGAAGGGTGAATTAGTTTATTGACAAACTGCACTAGGCGATCGCTGACTGGTTCAGCAGCTTGCCAACACCAACAACCGTAGGGGTCTTGGGTGAGTTGCAGAGGACTCAACCCCGTCAATGCCTGTACCGCCACCATCCCCAAGGCATAGAGATCGCTGGCCGGACGCGGACGCCCTTGGGCTTGCTCTGGGGCCATATACCCTGGTGTGCCAATGGCAATTGTCTGTGGATTGGTCTCTCCCACCAAGGTACCGCCACCAATGGAGACCCCCATCTCCTTCACTGCCCCAAAATCAATGAGCACTAAGCGGTGATCCGATTGGCGACGAATCAGATTATCGGGTTTAATATCGCGGTGGATAACACCACATTGATGCACAAAGGCCAAAACCCGCAGGGCATCTTGGAGCAACGCCATCACCCGTGCCTCTGACCACGCACAGCCCGGCAACAATTCGTGCCGTAGGACTTGACCCTCAATGAAGTCTTGGACAAGGTAAAATTCGTTGTCTTCCTCAAAGTAGGCAAGG
NZ_CP134169.1_gap22	804082	807097	3015	CGATAGTGTCGCCTCCCACGCCAAATTTCAGCAAAAGCTTAACTTGCCCTTTCGCCTGCTGGCCGATGTGGACACCAGCGTTGCCCAAGCCTACGGTAGCTATGGCCCGAAAAAGTTCATGGGCAAGGAATATCTCGGTGTTTATCGGGATACATTTCTCATCGATCCCACGGGCAAAATTGCGGCTATTTATCGGCGGGTGAAGCCCGATGCCCATGTGGCGCAAGTGCTGGCGGATCTGGAGCAGCTACAAGCGTGAATTGGTTTTGGCGAGTTGTCCGTTTTTTCCTAAAGCGATTTTGGCGGCATCCCTTTGTGGCGGTGTCGGTGATTGCCTTGACAGCGGGCGATCGCCTGATTTTGATCCAACGCCGCGATACGGGTCAATGGTCGCTGCCGGGGGGCATGATGGATTGGGGAGAAACGATTCTCGATACCGGCGCTCGCGAACTCGCGGAAGAAACAGGATTGCGCCTCAAGAGCTTTGAAGGCTTAGTGGGGGTTTACTCTGACCCAAAGCGAGATCCCCGTGTTCATGCCGTGTGTATCGCGATCGCTGCCCGCGTTGTCGGTGAGCCGCAGGTTTTGGATGTCAAGGAAGTGCGTGCAGTACAAGCCTTTCCCCTCAGTGACCTCCCCTTAGCCGATCTCGCCCACGACCATGCCCAACAGTTACAGGACTATTTGAGTGGACATCTAGGATTGACATGAACACCAAAGCTAGATTGTTAAGTCTTATTTAACGATATCGCACTTTCGTTTAGTGGAACAAACGGCTACTAATGCAAATGAAGGTACAGAGACACGCTAAGAGAATTCACACCACTTGATCTATCGTGAGGAGACGCCCACCCCCGTAGCACCGATAAAGAATCATTGGGTACTGTTGTACATAGGATTGACTTCAGCACTCGCGAAATTCTGCAAGATGGGGCGCCGCTGCCAAACAATGAGCAGCGAAAAGTAGGGCAGGGTTAACTCTGGATAGTTCGTCAGGGGGGTGTAGATTTGCTGTTGAGGGGTTGTTGCCCAGCTCACCACTGCCGCCTGTTCCAAGAGGTGGTGTTCCTTGAGCCAATGCCAGACGTGGCCATAGACCGATCGCACCTTCATTAAAACCACCACCTCCGCCCATGCCCACACCCGCTCGAGGTCATCCCCGTGGTACATTGCTGGCAAAATCGCTAGGCGATCGCTCCCCAAGGTCAGGGGCACCCCTAAGCTAGCCGCTGCGGCCAAAGGCGAGCAAATTCCCGGAATCACTTCAATCGCAATATGGGGGTCAAGGCTCTGGACGGCTGCCGCCAGATAGGAAAACGTACTGTAGAAACTGACATCCCCCTCAGAGACAAAGACCACATCAATGCCTTGAGCGAGATAGGCATAGACTTGCTCTGCCGCCTTTTGCCATGCTTGTTCTAAGACATCTTCTGCAAGAACATAGGGGAATTCGAGGGGCAGATACATTTGCTGGGGGTCTTTGTAGGGGGAAATGATCTCCTCGGCAATGCCGCGCCGTCCCTGTAGTCCCGCCGGAAAGGCAATCACCCTTGCGTGCTGTAGGCGTCGCCAACCCTTGAGGGTAATGAGTTCAGGATCCCCCGGCCCTACGCCAATGCCGCAAAGGGTGGCCATTAGCCCCATCCCCACCAGTGCCCCAGTTGATAGACACTGCCACTCACCACCCACGCCATCACCAAGGCATAGAGGGTCGCAAAAATCGTAAACTGCCCGCGTTTCGATTCACTCCAGAGGGTGGCAAGGGTGCTCAAGCAGGGGGTGTACAGGAGAGTAAAAAGCATAAAGCTGTAGGCCTGTAGGGGCGTTAAATCTCGGGCGATCGCCTGCTGTAACGAGGTACCGGAAAGGTGATAGATCACCGCCAACGCACCAATCACAATCTCCTTGGCCACAAAGCCGACAATCAGGGCGATCGTCAGGGCAGGTGTAATGCCCACCGGTGCCAAAAGCGGCTGTAGCGCTATCCCCAGTTGACCCGCCCACGTTTCTGGACTTGAGGGCGTTGCGTTCAGGGGTAAATGGGTCAATGCCCACACCACCAAGACACCTATCATAATGAAGCCCGTGGCTCGCGAGAGAAAATGCCGCACCTCGCCCCAGGCCCGCAGAATCACCTGTCGCCCCGTCGGCCAGCGATAGGGGGGCAACTCCAGCAAAAAGGGATCCGTATTCGGGAAATAGCCCTGAAAACAGAGGGCAGTGAGCAAGGCCGCCAGAATACTCCAGCCATAGAGAGACAGCAGGACGACTGCCCCCCACTGCGGGGGAAACAAACAGGCAATGAGAAAGACAAACACCTGTAGCCGCGCTGAGCAGAGGGAAAAGGGAATGATCAGCATCGTCAGTAGCCGCAGCCCCGGCGAGCGAATAATGCGGGTGGCCATCAGGGCGGGGACATTGCAGCCAAAGCCCATCAAGCTGAGGACGAAACTGCGTCCATCTAAACCCAAGCGTGCCATCAGGCCATCCATCAGGTAGGCGGCACGGGCAAGGTAGCCACTATCCTCAACGATCGCCATCACAATAAAGAAGATGGTGACTAAGGGCACAAACGCTGCCACCGTGGTCATACCGCCATAGATGCCCTCAATGAGCAAACTGCTGAGCAAGGGGGGCAGCCCCGCGAGGAATGGCGCCAGCACCTGTCCCTGAAAGGTCTCAAACGCATCACTGAGCCAGCCTTGAACCCCCAGCCCTAGCACCCATACCACTTGAAAGACAAGGTATAGCCCCGCAAAAAAGAGGGGCAGTCCCCACAAAGGGTGTAGCAACCAGTGATCCAACTGTTCTGTTAGTCTGCGAACGGTGCGACTGGGGAAAGTAACGGTGCCCGCCAATAGGGGCGCGATCGCCCCCGGTTCAATTTCTGGCAACGTTGGCTTGAAGAGCGGGGCTTGGGGAACGGGTGCCTCTTTGAGGGCATGGCAAATTGTTTCATAGGCCTCCCAATAGCCGCCACCATATTTGGCACTGAGGGCCACCACCGGCACCCCA
NZ_CP134169.1_gap23	820031	822313	2282	ATATCTTCATTGGCAGACTTGAAGGCGGTACTGGTGAGCCACACCAAAGGCAGCAGCATGACGATCGCGATCGCCACCAACAGCAGGTAGGTCAAGCCTCGCCGCAAGGTCATCGCCGTGTCCAAAGATTGGTAAACATCATCAACAGGCCACCAATGACAATGGCGATCGCAAGGCCGCCAGCAATCCAGTCTAGGGTTGTCGTTTCCATCGGTAATTTCCCAAGGGTACTTTTAGACACTGCGCAAGGCAACAATCGGATCCAGCCGCGCCGCCCGTTGAGCGGGAACCACCCCAAAGAAGAGGCCAATACTGCCCGAAACGCCCACAGCAAGAGCCACAGCAACGGGAGCAACCCCAGCCTCCAAGGGGGTCAACATCACCACTAGCATCACACCACCTACGCCCACTCCCGTGCCAATGAGGCCACCGAGAGCCGAGAGGATCATCGCCTCAATCATAAACTGTGCCAGTATATCCCGCTGTGTGGCACCAATGGCCTTGCGCAGGCCAATTTCTTGGGTGCGTTCGGTTACCGAGACCAGCATAATGTTCATAATGCCAATCCCCCCCACCAGCAGGGAAATGCCGGCGATCGCCGCCAACATCAAGGTCAAGGCATTGCTGATATTGCCAATGATTTGCAGAGCTTCCTTTTGGGTTTGAATTGTAAAATCGTCCTCATCAACAATTTGATGGCGCAGCCGCAGGAGGTTGGTAATCTGAAACTTAGCCGCATCAATGCTCTGTTCATCACGGGCAGATACCGAGATAAAGGTTAGGGAAATCCCATAGGGGGAGCGCTGCCCCACAATACGGGAAGACATCGTCGTAATGGGAATATAGGCGGCCTCATCCTGATTGTTGCCAAGGAAAGCACCCTTTTCGGCCATGACGCCAATCACTTCAAAGGAAAGATTCTTGATCCGTACCTGCTGACCCACAGGATTTTCGTTAATAAAGAGCTTCCTCGCCAAATCCGAGCCTAAAATGACGACGCGGCGATGCCGTTCCACATCCTTATCGGAGATAAAGCGCCCCTGCGCCACTGTAAAACTGCGCACTGAAGGAAAGGTGGGGGTGGTCCCCACAATCAGCACATTCGTGTTGCGTCCTCGATAGGTAACCCGTTGTTGCACTTGAATTTGGGGTGCCACTTCCTTAACGGTGGGCACTTGGGTGGCGATCGCCTTAGCATCCTCAAGGACAAGGGTTTGCGGCACATTAAACGTGCGGTTGCGGGCTTGGGGCGTCCCCGGCACAATAAAAAGCGTATTCGGACCAAGGGATTCAAACTGACTGGCGGCATAGCGCTGTGCCCCCTGACCCACGCCGACCATGGCAATCACCGCTGCGTTGCCAATAATTATCCCCAGCATCGTCAGGCCGCTACGCAGTCGATTGGCCTTGAGGGTGGCGATCGCCATGCGCACACTTTCAGCAATGTCCATGATTCTGCGCCGAAAACACCTGTTTTTAATCTAACTTGAGATCTTCTTTTTCCTCAGACTTCTAGTGGGGGAGTCAGGATTGCGGTAGGGGAATGCTTTTGCCGTTGAAGTGGTTCATCGCTGCCTCCACCCCAGACTGAATACTTAACTCAATGGCATCCACGGCAAGGTCAAGCACAGCAGGTAAAATGGCGAGTTCAGCAGCCGAAAAATGTCCCAAAACAAAGGGCACAGCATTGCGCGGCCCGGTTTGTTGCTGCAGGCGATCGCCAAAGGCAATGCCCACCTTGAGGCGGGGAAACTGCTGCGAATGACAGTGTTGAATAATTGACTTAATGCCGTTGTGTCCGCCCGTCGAGCCACTCAAGCGCAAGCGCAGCCGCCCCAAGGGCAAATCGGCATCATCATAGACGACAAGGGTTCGCTCAAGGGGCAGCTTATAAAAATTCAGCAGGGCATGGAGAGATTGCCCCGAACTATTCATATAGGTAGTGGGTTTGAGGAGGCGTACCTTTTGACCATGAATCGGAACCTCTGCCACCTCTCCCAAGAAGCGCCGCTGCGGGGTCAACTGCACCTTATACCGATCGGCAAGGGCGTCAAGGACACGAAAGCCAATATTGTGGCGCGTCGTCGCATACTCTGCCCCCGGATTCCCAAGGCCGACAATCACACAGGGTTGGAGAACCATGCCACCTAAGCAGAGGGTTCCCGCGATGATTCCGATTCTGCCTTGGCCTGCTGTTCCTGTTCGAGGGCAGCGGTCTGCCGTTTCATTTCATCTTGGAATTCACGGGAGGCTTCCTCAAAGGCACGCTTGGTTTTGCCAAG
NZ_CP134169.1_gap24	923945	924467	522	GAGGTCTGTCTTTTTAGCACTACACTGCACCTGATTATTCCCCTTACTAAGATTAACTTTTGCCGGTAACACAAGTTATGTCAGGATCAAGACAGGTCAGTTTAAGAGGCAGCGAATCATGAGCGGCAAACGGATTCTCATGCTTGTGGGTGACTATGTGGAAGATTACGAAGTGATGGTGCCGTTCCAAGCCCTCCAAATGGTGGGTCATGCCGTGCATGCTGTCTGCCCTGATAAAGTCGCTGGGGACATTGTTCGCACGGCAGTTCACGATTTTGAGGGGGATCAAACCTATAGTGAAAAGCGGGGACATAACTTTACCCTCAATGCCACTTTTGCAGAGATTGACCCCGTTACCTACGATGCACTAGTGGTGCCGGGGGGTCGTGCCCCAGAGTATTTGCGCCTCAATCCACGGGTCCTGGAAATCACCAAGCACTTTGGCGAGACCCAAAAACCGATTGCAGCCATTTGTCACGGCCTCCAACTGTTGGCGGCAGCAGGCGTTCTTGCGGGCAAAAC
NZ_CP134169.1_gap25	926216	929870	3654	GAGATTCTTCACGGTCAGTATTGGGTTCTGGTGAGGGTGGGTTGGGGTCAAAGGCGGCAGCTAAATCTGCCAAACTAATGTCCTCATCAGGATCGATTTCTGGAATCTCATCTAGGAAACGCTCTTGCGGCTCACTGATGGGTTCTGCCCCTGTTCCATTCTCAGTGACTTGCTCTAGGGGAGGAGCTACATCCCCATATTCAGGTGTGCTCTCTACTGGAATCGGGTGTTCCTTCTCTTCGGGCGATCGCGCCACAGCATCCTGACTTTCAGATGTGGCAGGTACCTCGGAGGTCATAAAAGCAGACATTAAATCCAGCAGCGTGGGTTCAGGGGAGGGTGGCTCAGTCGCTGCCGTTTCGGTGCCCCATGGATCCTCGACCACGTCTCGATGGGGTTGGGTGGGTGGCAGGACTTGGAGCTGAAAATGACTTTCCCAGAGAGGGACACCCAACACCCGTGACTCAATGAAAACCCGTTGAATCTCTGGCAAGTGCAATTTTTCTAAGGCAGTGCGGATCAAGGTTACGGCTGCCCCCTGATTGAGTATTTTTTCTGAATGCAGCGTGATCATTAACTCCTCGGCCTGACGTACCACAGTGGCCTTTACCCGCTTTGGCAGGAGGACAGCATTCAGCAGCGTACCAATGGCACGGGGGTCGCCCTGCCGCGCAATATCCAGCAAACGGGAATCACTCATAAACCGATCAATAGAATGGAACGGGGTGCCGCTAGTTCTAGCCTACTGCGATTTCAAAAGAGTGATAGGGAGCGGGTGGCGATCGCTTGACTATCCTACGTATCAACAACCAAGCTAACCTACACCCTAAGTTTAGAGCGGTTGAGAAGCTTGGAAAAAATCCCTTCGGCATCAAGGACATCCATACCATTTTCTGAAGCGGCGGCTACAGGATCCTTGATTTGTGCGTTACCCTTTCGGCGTAACTTACCTTTTCGGGGATTTCAGTGGGGCTATGCGGGGGATTAATAGCCCGAACTACCTTTAGTGTAGCTAAGGGATGGCCAGATGACAACTCCCTAAAGCGTGTAAATTGTTACAAACAATTACAAGCACCCACTAGACTGGGAAAAAGGATGTTCACAAATTTCAGCAGGGCATGACAGCGGCAACACGCTCCACGGATTGGCAACTTTTGCAACGACTGATTCCTTACCTCAAGCCCTATCGCTGGGGACTGGTGGGAAGTGGCTTGCTCTTGATTCCCTTGGCGGCAGCAGCAGCATTACAACCGATCATCATTGGTCAGGCGATCGCCTTCCTCAAAGGCGAAGAGAGTACCTATAGCTTTTTGAAACCTTTGACCCTGACCCAAGGGATTGATCTACTGAGCATTGCACTGCTGATTACCGTGGTGCTGCGCTTTGGGGTGCAGGCGGTGCAGGGGTACTGGATTCAAAAAATTGGCCAAAACATTACTGCCGATATTCGCCATGACTTATTTGACCACGTGCTCCGGTTATCGTCGCGCTTTTTTGACCGCACCCCCGTCGGTAAGCTCATTACCCGCTTGACCAGTGATGTGGATGCTCTGGGGGATGTGTTTGCCACTGGCGCCGTGGGGGTTCTCAGCGATGTCTTCTCAATGCTGGTGGTCATCCTGACAATGTTTTTCATTGACCGCCTCCTAGCAACGCTGCTGCTGGCCTTGGTACTGCCGATCACTGCCCTGATTATCTATTTTCAACATCGCTACCGCGTGGCCAACTACAAATCCCGCGAGGAGCTGTCGCTACTGAATGCCGATCTTCAGGAAAACATCGTTGGCATTACCGTGGTGCAACTGTTTCGCCGTGAGGCCTTTAATAGCCAACTGTTTCGGCGGCGCAATCAACGCTACATCAAAGAGGTGGATCGGACGATTTTCTACGATTCGGCAGTATCAGCAACGTTGGAGTGGATTGCCTTTGTGGCGATCGCGGGGGTTCTCTGGCTGGGCGGTGCCTTGGTGGAGCAGCGCACGATTGACTTTGGCACTTTGGCCACGTTTATTCTCTTTTCCCAGCGCGTTTTTGATCCGTTGCGGCAGTTGGCGGAGAAATTTACCACGGTGCAAGCGGGCTTAACCGCCATTGAGCGCATCCATGATCTGCTCTCAGAACCGATTGAAATTCAGGATCCCGATCGCACCTTTTTGCGTTTGCCCAAGCCAGAAAATACAGCCGCTGCCGTTGAGTTTCGCGATGTCTGGCTGGCCTACAAAGACGATGACTACGTCCTCAAGCAACTTTCCTTTCAGATCCATGCTGGCGAAAAGGTGGCGATTGTTGGTCCTACGGGTGCAGGTAAAAGTTCAATTATTCGCTTGCTTTGTCGCCTCTATGATCCAACGCGCGGTGAAGTCCTTGTTAGTGGTCGCAATGTCCGCGACTTTACCCAAGCAGAACTGCGGCAGCACATTGGCGTGATTTTGCAGGATAGCTTTCTCTTTTCAGGGGATGTGAAAAGCAACATTGCCCTCGGTGACAACTACACCCTTGCCGAAATTCAGCGGGTGGCCGCCGAAATGAACATTGCCGACTTCATTGAGCAGTTGCCCCAAGGCTATGACACTCCCCTGCGGCAGCGGGGCACGAATCTATCAGCGGGGCAGCGACAACTTTTAGCCTTTGCGCGGGTAGCGATTCGCAATCCAGAAATCCTTGTCCTTGATGAGGCAACCGCCAATTTGGATGTGGGTACAGAGGTAATGATTCAGGAGGCCTTGAACCGCCTGTTGGTGAATCGAACCGCCATTATGATTGCCCACCGCCTAGCCACGATTCGCCATGTGGATCGCATTTTTGTGCTCAAACGGGGACAACTGGTGGAGCAGGGCACCCACAGTGAACTCTTGGCCCGCAATGGGGTGTATGCCCATCTCTACCGGTTACAGGCGCTTGCCGAAGAAGCAGCCCCTACCCAGGACGCCTGATCCTAATCCACAACAGCAGTGGCAGCCCTAGCAGTTGTAGCCCTACCGACACCAATACCAACAGCCCCAAGGAGCGATCGTAGAGCACTCCCATGAGGAAACTGCCGAGAAACCACGCTAAGCCATAGCCAGTGCTGAAGATGCCATAGGCTGACCCCCGCCGCTCTGGGGGGACGAGGTTGGCGACGATCGCCCGCACAATGGATTCTTGGGCACCCATGCCAATACCCCACAGCACCATGCCCCAAATCACCGCAGAACTGAGGAAGACCAAGGGAGCAAAGCCTACCGACAGCACAACCGCAAGGATCAAGGCCATGATGCCAATGCGATCCAGTAAGTACCCAAAGAGCAGCGCAGCCACGGCATCAACCCCCATCGCCAAGGCGTAGAGCAGCGGGATTTGGCTCGTTTGCAGACTGTCTCCCTGCTGTAAATGAAAAGCAATCAAGGGGAAATCCACATAACCGGCGCCCAGAAAGGCCACGGCCAATAGATAAATCCAAAACAGTGTTGGTAGTCTTTTGGTATTCAGATCCTGCACCACCGTTTCAAAGTCCCGTGGCTCTGGGTACCGCCGCTGCGTCACCAATAAAACGACCAGCCCCATCAGGGCAGGGATGGCGAGGACGGCAAAACTCCATTGATAGTGCTGGGTGCGGGCAAAGACGCCGGCCACCATCAGCGGCCCAACAACGGCACCAATTTGATCCATCGCCTC
NZ_CP134169.1_gap26	931115	933696	2581	TGTTGCTGCCATTGACGATGATGGCGATCGCCTATGGTTTGGGCTTGCGGGGCGATACGTTGCTGGCGATCGCGATTATGACTGGTACGCCCACCGCCTTTGCCGCGCTAATTTTGGCAGAGGAATACGAACTCAATACCGAACTGCCACCGGCGGTGATTGCTCTGAGTACCCTGAGCTTTGTGGCGGTGTTACCGCTGTGGGTGTTCCTGTGCCGCCAAGTTTTAACATAACGCTAACGACTGCTCTCCTTTTCCAAGAACAGTGGCACACTGAAAATACCTGATCCATTGCTAGCCCTCTCACGAGTTTCCCTATGACGAATCCCCAAAGTCCTCCTCCTCCACCGCCACGTGTTCCCAATTCACCCCCGATGCCACCGCCCCGGCCGCCAATGGGGGCGGGTGTTCCGCCGCTGCCTCCCCAACCGGGAATGGCGCCTCCCCGTCCTGCTGCCCCCCCACCGCCTCCCCAAGGGATGCCCCCACAGCCCGGCATGCCGCCTCGACCCATGCCACCACAACCGGGGATGCCGCCACGACCAATGCCGCCGCAGCCGGGAATGCCCCAACAGGCAGTACCGACCCAACCGATGCCCACACCAGCCGCGCGGATCTCTGGCCCGACAATGGAACAACTGGTGCGGGAGGCTTTTGAGCACGGCTATTCCGATATTCATGTTGGGGTTGGCGAAGCGCCGCGCTTTCGCGATCGCGGACGTTTAGAAATTACCAACTATCCCGTTACTGATGAGGAAACCTTTAACTACTGGCTGAATGAACTGCTGACCCCCCAACAAATTGAGCAGTTTCGCACCCACCTTGAATACGATGGTGCCTATCAGTACGAAGGGCTATGCCGTGTGCGGATCAACATCTTTGTCGCCCTCAAAGGCCCCGCCATGGTGCTGCGCTTGATTCCGGTGAAGATTCTGACCCTAGAGCAATTGAATTTGCCGCCGGTCTTCAAGGATCTCTGCCACTACCACAAGGGTCTGATTCTGGTGACAGGGCCAACGGGTTCTGGGAAATCCACCACCCTTGCGGCAATGGTGGACTATATCAATACCGAAATGCCGAAGCACATTATCTCCATTGAAGACCCGATTGAGTTTGTGCACCAAAGTCGCCGTGCCCTGATCCGCCAGCGGGAGGTGGGTATCCATACACTGAAGTTTGACAATGCTCTGAAGGCGTCGTTGCGGGAAGACCCCGATATTATTCTGATTGGGGAGATGCGCGATCGCGAGACAGTGAATACAGCCCTAAAAGCAGCGCAAACGGGTCACTTGGTCTTTGGTACGTTGCACACCAACAGTGCCGTGAAAACGATTGAGCGGATCCTCAACCTCTACAACCCCGATGAACAAGGACCGATGCGGATGCAGGTGGCGGAGTCGCTGGTGGCAGTCATTGCCCAAGCCCTTGTGCGTACGACGGATGGTAAGCGGGCAGCGATTCACGAGATCATGATCAACACCGATGCCATCAAGGACTACATTTTGCGGGGTGAAGTGGAGGAAATTGAGGCGATTATTCCGCAGTGTCGGTATGACGGCATGTGCACGATGAACCAATGCCTCTACGAACTCTATGAGGCGGGGCGCATTGATGAGGAAACCGCCATCGAAAACTCCCCCAAACCCAACGAAATGGCGCAAATTCTACGGGGTCGTGTCTAGAGCAATGGTTGGCCTCAAGCCTGTCTTATACAAGGGGTTGGCCCTCTTTACACCGGGGGAGGATGTGGTCTTTTGCCGTGACCCATCAAAACAGGGGCATTGGCATCAGTCGCTTTGTCAAGCCCTGCAACAACTGTTGGATTTGGAGGAGCCGCCCCTTTTTCTATCCCCCTGCTACACAGCGGCGGTAGATTACTGGTTTGATGAGGAGCAGCAATGCCTGCGAGTGGCGGCGGAGGTCTATCCCTTGGCATGGCCCCATCGTCCCCTATTGAATGCCCTCTTTGCCCCTGCTCATCAGCCCACATTGCCGTGGCAGTTGGTACAGGATCCGCAGCATCCCTGCGATGTCCAAGCCCTAGAGGCCTACCGCAGCAGCTTTCCCCAACTGTGGGAGCAGCACCAACTGATCTATGATTTGCAGGAAGCCACCCCCCTGAGCAGTTTTGCACCGCGTCCTTCGGAACCCGATCGCTATGTCTTTCGCCTCTATGTGCGTGGAGAAACCCATGCCACGGAAGTTGCCCTGAAGAATCTCCATGACTTGCTGAGTCGCTTCCTCAAGGTGCCTTATACGCTCAAAGTGGTGGATGTCACCAAGCAACCCGATCTGGCGGAGGAGGATCAAGTGCAGGCCACGCCAACCTTAGTGCGGGTCTATCCCCAGCCGGTGCGCCGCCTTGTGGGACACTTGGATAATCGCGATCGCCTGCAACGTTTATTAAGCCCTTAGACCGATGACAAATTCTGCTAAAGACCTGCTCGCGGCTGCTGCTGTGGAGCGAATGGCGGGAACTCGTGATGCCTATGTGCCCTATCTGCGCCAAGTCTTTGCCGATGTGGTGGGGGAGGATGACGCGGTCAGTGAAACCCGTGGTGGCTTAGCAGCAGCCCAAGAGC
NZ_CP134169.1_gap27	934927	935824	897	GAATAGACGTTTCGCCGCTGGAGGGCTGCTGAGATGGGCTGCAGGAGAAAGAGGGTTCAATGGGGCAACGCAGATGGGACATGAAGCAGCCAAATGCAGGAGGACTGATTACATTTTCCTCGTTTTGTTGCCCAATAGGGTGCACCAGAGCGATCGCCAGTTGGGAGGCTGGCACAACCCCTGGGGAAAGAACCGTGTGCCGAGGATAATCAGCAACCCATAGAGCATCAGACGGCCATCGCGGAAAAAAGTGGCCACTGCCACTGGCAAATAGGGTTGATCGGCGAGTCCCCGCAGGAGTTCAGGCAGAGCTGTAAAGAGCATACCGCCAGCGATCGCCCCCACAAACGTGCGATTGCCCCCCACCAGCACTGCTGTCAGTGCCAACACCCCCATATCAAACGTGCCCTGACGCGGATTCCAAGTATTCAAAAGATGGGCCGCCAAAACTCCCGCCACCCCCGCTAGAATTGCCCCCAAGACAAAACCCAAAACCTTGTAGCGAGTGGTATCAATGCCAAGGGTCTGCGCCACCAATTCATCGGCACGAATGGCCTGCATCGCCTTGCCCGCACGGGTCTGTTCCAAGCGACCGATGGCGATCGCCACCATGACCAGCAAGGGCAGCGTCAGCCACAAATAGCCCAAGGGTGTACTAAAGGGTTGGGGAATGCCAAAGATGCCGATCGCCCCCCCGGTCACCTCCAGATTGAGTGCCAACACCCGCAGCACCTCAGAGAAAGCAATCGTGGCAATGGCAAAATAAATGCCCCGTAACCGCAGCACCGGCACCCCCAAGCCCCAGCCCACCACACCACAGACCACAGCCGCCAACACCATTTCCCCCAGCACCAAGGGCACGGGATAGGGGTTCAGGTCAGGAAAAAGACGGGTTGA
NZ_CP134169.1_gap28	965458	966191	733	GCAGACCGCAGAGGTTCGCCTCACACCCACAGAAGCAACGGTTCTTGCCCTAGGGATTCACGCCGATACGGGTTCCTTGACCTTTGAGCAAACCACGGTGCGGGATGTGCAGGCCTTGGCATGGCTGTTGAGCCAAGGTGCCAATCAGCGGGCGATCGCCACCTATTCCGAGGCTGGCTTGAGTGCAGACCTGCAACCTTATCTACGCCAAGCATGGGCAAATCTCCAGCAAGTAGTTTATCAGGGCTATCGGCTGGGCTGGGTGCTGCTGCATACGGCGGAGTATCTCCCCGGCCTCTCGCGGTTAATCACCCAATTGGCGGATCTCAGTGAATGCGATGCCATTCTCCTTGGGCATAGCTATCGCCAACATCATCTCGCCATTATTGCCCGCAGCCAAATTCCCAATGTCAATGTTGCCCATTTGCTGGCTCCCCTTGGCGGGGGTGGCCATGCCCAAGCCGCCGCAGTGACGATGACCACAGACCAGCCAGAGGCGGTGCTCAAAGAGATATTTACAGCGCTTCAAGCACAGATTCCCCATCCGCCAACAGCGGCAGAACTCATGTCCTCACCCGTACGAACAGTACGTCCAGAAACCCCCATTGCCGATGCCCACCGCGTCTTGCTGCGCTATGGCCACTCTGGTCTGTCGGTGGTGAGTGCTGCAGGGGAACTTCAGGGGATTATTTCACGGCGAGATTTGGATGTAGCGCTGCACCACGGCTTTGCC
NZ_CP134169.1_gap29	985054	986336	1282	TGCCCCCAGTCGTGGTCGTCCGGATGTCCTACCCACCGGACGGAATTTCTATGCAGTGGATTTGCGAGCGGTACCGACGGAAGCTGCTTGGGCATTGGCGGAGCGATCGGCGGCAGCCCTCATCGAACGCTATTGTCAAGAGCAGGGAGAATTTCCCCGTACCCTAGGTCTTTCGGTATGGGGCACCGCAACCATGCGCACCGGGGGCGACGATATTGCCCAAGCCCTTGCCCTGTTGGGGGTTCGTCCTGTCTGGGAGGGCGCCTCGCGGCGGGTGGTGGATTTGGAGGTGATTCCCCTGTCGCTGTTGGGACGACCGCGTGTGGATGTCATGCTGCGGATTTCTGGCTTTTTCCGCGATGCCTTTCCCAACCTGATTGCTCTTTTTGATGAAGCGGTGCAGCGGGTGAGCCAGTTGGATGAACCCGCGGATCAAAATCCCTTGGCAGCCCAAGTGGCCAAAGAAACGGCCTATTGGCAACAGCAGGGTCTCTCCCTGAATCAAGCTCAGGAACGGGCACGCTTTCGCATCTTTGGTTCCAAGCCCGGTGCCTATGGGGCGGGACTCCAAGGACTGATCGAAGCCCAAAACTGGCAGGGGGATGACGATCTTGCCCGCGCCTATATTCACTGGAGTAGCTATGCCTACACCGGCGAAGCCCACAGCCACAATGCAGCGGAAGCCCTAGAGCAGCGGCTGAGTCAATTGCAAGTGGTGCTGCAAAACCAAGACAACCGCGAGCATGATCTATTGGACTCCGATGATTATTACCAGTTTCAGGGGGGCTTGACCGTTGCCGTGCGATCGCGATCGGGGCAGCAGCCCACGGTTTACTTTGGCGATCACTCACGGCCAGAGCAGCCAAAAATTCGCACCCTCCAAGAGGAACTGCTGCGAGTCTATCGCTCCCGCGTCATTAATCCCAAATGGCTAGCCGGCATCAAGCGCCATGGCTACAAAGGTGCCTTTGAAATGGCCGCCACAGTGGATTATCTCTTTGGCTATGCCGCTACGGCTCGCTGTGTGCCCGATTATGTGTTTACAGGCATTACTCAGACCTATTTGCTTGATAGCGAAATGCAAGCCTTTGTGGCGCAGCATAATCCTTGGGCACTGCGGGACATGGCGGAGCGACTCCTCGAAGCTGCCCAGCGTCAACTGTGGCAAGCACCGGATCCGCAGATCCTAGACCGCCTGCGAGCGATCGCCCTAGAGGCCGAAGGTTTAATTGAAGGCAAATTTTAATGGTTTAGCTTTAATACAGCAAAATCAAGCGCAATA
NZ_CP134169.1_gap30	1064128	1065010	882	AGTACCGGTAATTGTGATATTTCCTGTGCTATTTTCAATGCGAGCACCCCGGCTGAGATAAACACCATAGTTATTACTACCTCCCGTACCGCCAGTACCGTTGAGGGTAATTTGGCCACTGTTACTTTGCAGCGTGGCATGACCTGTTAGTTGAATACCGTAGTTATTACTACCTGAGGTACCTCCCTTACCCGTGAGGCTAATGTTACCTGAGTCTGTTTTTAGTAGCGTGGGTTGAGTCGCCGTTCCTTCAATGAGGATACCCTTACCTACACCTCCCGTACCGCCAGTACCGTCGAGGGTAATTTGGCCACTGTTACTTTGCAGCGTGGCACGACCTGTTAGTTGAATACCGTAGTTATTACCTGAGGTACCTCCCTTACCCGTGAGGGTAATGTTACCTAAGTTTGTTTCTAGTCGCGTGGGTTGAGCCGCCGTTCCCTGAATGGAGATACCGCTAAAATTAGCTGGAGCAGTAGTATTACCATCGGCTTCTAGTGTGATGCCACCCCCGCTCGTATTTTGGATTATTACACCGGGCTGAATGACAATGTTACGGCCTGCCTGTAGCGTTAGAGTAGTATTCTGACCCCATGTAATGTTTGTACCGCTTTGAACAGTAATTGTCTCCGGGCCACCACTAGTTGCAGCTGCCGTGCTGATGGTCAAGTTAGCCGACCCAAGTTGACCAACGATATGTGCATCATCAAAGGTGTTAGGGCCAGTGTTAGAGCCGGGGCCATTTTGAATGGTAATCGAGCCGGGATCAAGGAGAAGGGTACCAAAGGAACCGTTGGGCGCCCTGAGATCGGCAAAGCCTGTGACGTATAGGTTATTGCGTGCTGAAACTTCGGCAAAGCCGCCATTACCACTAAGGCTGCC
NZ_CP134169.1_gap31	1110446	1112267	1821	CGTTCAGAATCTTAATGAAGAGTTGGCCTTGCCCCTAGAGGATGCCAGTTTTGATGCCGTCTTGATGGCGGTGTCGGTGCAGTACCTCCAGTATCCTGAGGCCACTTTTACAGAAATTGCCCGTATCCTCAACCCCCAAGGGGTGGTCATTGTCAGCTTCTCGAATCGCATGTTTTTTGAGAAGGCGATTCAGGCGTGGCGCGAGGGTACCGAGGGCGATCGCCTGCGCTTGGTGCAAACCTACATTGATAGCATTCCCTCCCTCAAGGTGGTAGAAACTCAGCTGCCCCGTCGCTGGCCTTGGCTGGGATTCACCGATCCCTTCTATGCTGTCGTGGGTCAAAAGCAGTCGGCGTGATGGTCAGAGGAGGCATCTATGAGCAGTTTCGCGGTGCCCTCCTTGGACTTCTGTGGGGCATCGCTAAAGAGGATATCTATCTAGCCCAGGCACTGCCCCACCAATGGTTAACCCCCAACCAAGGGGAGTGGCCCGTTCAGCTGCCGCAGTTGTTGGCATCATGGGATCAACCTTTGATCTCAGTCCCCGCGGCGTTGCAGGAGATTCAGACCCTGCTCCATGAATACCTCGCGGCGGCTTGGGCACCTGAGCCTTTGGCCGTACCTCTAGAGAGAGGAGAGGTGATCCGCTATGCCTTGGCGATCGCCCCGTGGGACTTAGAATTAGCCCATGAAATTGTTATCAAGCAGCAACCCAGTGCTGGTCTTCTCTTAAGCTGTCTTTTTGGTGCCTATTGGGGGGCATTAGCCTTACCCCTCAGAGCTTGGGAGTATTGGACGCCGACAGTGGCTGCAGTGCTGGGGAACGTGATGATGCAATGGACAGGGGGTATGGGAACCGAGATGGCACTTGCCCCCAAGGACGGACTAAAACACTGGAGAAGGGGCTGTACTCGGAACATAACGCTCTAGCTGTGCACCCAAACCCCGCAGCTTGGCTTCAATTTGCCAGTAGCCCCGATCTAAGTGCTGCAAGCCATAGACGTGGGTTTCGCCGTGGGCAGCCAGTCCAGCAACGACTAAAGCCGCTGTGGCACGCAAATCCGTACCTGTTACCGGTGCACCCGAAAGATAGGGCACCCCTCGGATGGCAGCGTGATTTCCCTTGACGCGAATGTCGGCGCCCATGCGATTGAGTTCAGCCACATGGCCAAAGCGATTTTCAAACACCGTTTCGCTGACTAAACTATTCCCCTCACTGATGGCCAGCAACGTCATCATCAAGGCCTGCATATCCGTGGGAAAGCCAGGGTAGGGCAGCGTTTCAATGTCGGTGGCACGATAGCGCTGCGCAGGGGTAAAGCGGACACGGGTGGGATCGGGAAATTCAATCCTCGCTCCCATTTCTTCCAGTTTGGCAACCACAGGTGTTAGGTGACTGGGAATGACCGGTGCCAATGTAATGGCCGAGCGGGTGACGGCAGCCGCCAAGAGAAATGTGCCCGCTTCAATGCGATCGGGGATAATTTCGTATTCAGTGCCGTGGAGGCGATCGACCCCAACAATGGTAATCGAATTGGTGCCTGCCCCATAGATTTTTGCCCCCATGGCGATACAGAAGTTGGCCAAATCCACCACTTCCGGTTCTTGAGCGGCATTTTCAATCGTGGTTTCCCCCTCGGCAAGGGTGGCGGCCATCATCAGGGTTTCCGTTGCACCAACGCTGGGATAGTCCAAATAGATGCGGGTTCCCTTCAGTTTGGGGGCACTGGCGGTAACAACACCGTGGTCAATCGTGACTTCGGCTCCCATCGCTTGCAGACCGCGCACATGCAGTTCCACCGGACGAGCGCCAATAGCGCA
NZ_CP134169.1_gap32	1113767	1116923	3156	TGGCTTAGATCTCAATGAACTCATGGATCGCGAACCTGAACCAGGCTTAGGAAATGGCGGCCTAGGACGGTTGGCGGCTTGTTTCCTCGACTCCTTAGCCACCCTCGAAATTCCCGCTGTTGGCTACGGCATTCGCTACGAGTATGGGATTTTCGAGCAAATCATCACCAATGGCTGGCAGCACGAAGTCCCCGACAACTGGCTGCGCTTTGGCAACCCTTGGGAGATTGCCCGCCCCGACTACAATGTCGAAGTTAAGTTTGGCGGCCACACCGAAGCCTACACCGATGTCCAAGGGCACTACCGCGTGCGCTGGATTCCCAGTACCACCGTCTTGGGCACCCCCTACGATACACCAATTCCAGGCTATGGCAAAAATACCGTCAATACCCTGCGCCTTTGGAGTGCCCGCGCTGCTCAGGATTTTAATTTACAGGTCTTCAACGCCGGCGACTACACCCAAGCGGTCTCGGAAAAAACCTTTAGTGAGAATATCTCGAAGGTTCTTTACCCCAACGACAACACTCCCCAAGGCAAGGAGCTGCGCCTGCGGCAACAGTATTTCTTTGTCTCCTGTTCGTTGCAGGACATTATTCGCCTTTACCTGCGGCGGCACACCAGCTTTGATGCCTTCCCCGACAAAGTAGCCATTCAGCTCAATGATACCCACCCCGCCATTGGGGTGGCTGAACTGATGCGATTGCTGGTGGATGAGTACCAACTCCCGTGGGAAAAAGCGTGGGACATTACCCAGCGCACTTTTGCCTACACCAACCATACCCTGCTGGCGGAAGCCCTTGAACGCTGGTCGGTGGAACTTTTTGCGCAACTACTGCCGCGCCACCTTGAAATTATTTACGAGATTAACTACCGCTTCCTCAACGAGATTCGCCAACGCTATCCCGGCAACATTGCCCGCTTAGCACGCATGTCCTTGATTGAGGAAGGTCATCCCAAGCAGGTGCGCATGGCGCATTTGGCCTGTGTCGGCAGCCATACGGTCAACGGGGTCGCCGAACTGCACACAGAGCTGATCAAGCAGGAGCTGATGCGGGACTTCTACGAGATGTACCCCAACAAGTTCCAGAACAAAACCAATGGCATTACCCCCCGCCGTTGGCTATTGATGAGTAATCCCCGCTTGGCCAGTCTGATTACCGAAACACTGAAGAGCGATCGCTGGATTACCCACCTTGAAGACCTGCGCGGCCTAGAACCCTACGCCACGGATCCCGCCTTTCAGGCCAAGTGGCAGCAAATCAAGCAAGCCAACAAAGAACGCCTAGCGGAGTACATTTGGCGCCACAACCAGATTGAGGTGGATCCCTATTCCCTGTTTGACATTCAAGTGAAGCGGATCCATGAGTACAAGCGGCAGCACTTGGCGGTGCTCCACATTATTACCCTCTACGAACAAATCAAGGCCAACCCCAGCATTGACATTCAGCCGCGCACATTTATTTTTGGCGGCAAGGCAGCCCCCGGCTACTTCATGGCCAAGATGATCATCAAGCTGATCAATGCGGTGGGGGATATGGTCAACCATGATCGGGATGTCAATGGCCGTCTGCGGGTCGTGTTCCTCAGTAACTATTCCGTTTCCCTTGGGGAAATGACCTATCCTGCGGCTGATCTTTCAGAGCAGATCTCCACCGCTGGTAAGGAGGCCTCCGGCACCGGCAACATGAAATTTGCCCTCAATGGTGCCCTGACGATTGGTACTCTGGATGGGGCAAATGTGGAAATTCGCCAAGAGGTGGGGGCAGAGAACTTCTTCCTCTTTGGTCTGACGGCGCAAGAGGTAATGAGCCTGAAAGCTGAGGGCTACAATCCCTGCGAGTACTACAACAGCAACCCAATGCTCAAGAAAGTGATTGACAGCCTGATTTCCGACTACTTCAATCCACGTGAGCCGGGGCTATTTGAACCGATTGTCAGTTCCCTGCTCAACGAAGATCCCTATATGCTGTTGGCGGACTACCAATCCTATGTGGACTGTCAGCAACGGGTTGCCCAAGCCTTCCGCGAGAAGAGCCACTGGACACAGATGTCTATTCTTAATGTGGCGCGCATGGGCAAATTCTCTAGCGATCGCACGATTGCGGAGTACTGCAAAGACATCTGGCACGTCAAACCCGTCCCCGTTTCCCTAGATACCTGTCGGCCCGCTTTTCGCCCCAGCCGCATCAGTCAAGCCAGTAGTCTTTAGGTGACTGCCCCTTTTGCTCTACACTAGGGCAAGTCTCAAGCAGGGAAACGACATGAATGGCGGGAATCGGCGCAGCTCTACGGGTGTTTCAAAGTCGCAAAATGGCAGCACTGCTCTTGCTGGGCTTTTCCTCAGGGTTGCCCCTGTTTCTCACCAGCCGAACACTGCAAGCATGGATGACCGTTGAGGGCATTGACTTGACCGCTATTGGTCTCTTTAGCCTCGTGGGGTTGCCCTACTCATTGAAGTTTCTCTGGTCTCCCTTACTGGATCGCTATACGATTCCCTTTTTGGGACGGCGGCGGGGCTGGTTACTGCTCATTCAGGTGCTCCTCTTGGGGGCGATCGCCCTAATGGCGGTACAGGATCCCAGTACGAGCCTACGGCTATTGGCAGTGAATGCCTTCGCCATTGCCTTTTTGAGCGCCAGCCAAGATATTGCGGTGGATGCCTATCGTGCCGATGTCCTAGAACCCCTTGAAATGGGGGCGGGTGCAGGTATTTACGTCCTTGGCTATCGCATTGCGCTCTTGGTCACGGGTTCCCTAGCCCTGATTCTTGCCGATCAACTGCCTTGGCCCGTGGTTTACGTCCTGATGGCGCTGCTGATGCTCGTGGGCATGGTCACGACCCTTTGGGCACCGGAACCCGAAGTCCATCCCCCGGCTCCTCCTTCATTGGCACAAGCAGTGATTCGCCCCTTCCTTGATTTTTTCCAGCGCTACGGCTGGGGAACAGGGCTGATTATTCTGCTCTTTATCTGCCTCTACCGCTTGGGGGATGCGCTCACAGGGAACATGATGACCCCTTTCCTGTTGCAGCAGGGCTTTAGCCAAACCCAAATTGGTGCGGTGCAAGGGGGTGTCGGGCTGATTGCCACCATTGTTGGTGCCCTTGCCGGCGGGGCGGCCATCAGTCAAATCGGTATTCACCGTGCTCTTTGGATC
NZ_CP134169.1_gap33	1118020	1122996	4976	TACAGCGTTCCTGCCAAGCGAAGGTGGATGTGGTTAGCAAGGATGAGCGCGAAACCGGACTGCGGGCCATTTTGAATTACGGGCACACCATTGGCCATGCCCTTGAAAGTATGGGCAACTATCGCCTTTTGAATCACGGCGAGGCTGTGGCCATTGGCATGATTGCCGCTGGGGAACTGGCGGTGGCCTTGGGGTACTGGTCAGCAGAAGCCGCCGCTGCCCAACGGGCATTGATTCTCAAGGCAAAGTTGCCGACCACAATCCCGGCTTACTTTGATGTGGAGGGACTGCTGGCACTGCTACAGCATGACAAGAAGGTTCAGGCGCAACAGGTGCGATTTATTCTCCCCACCGCCATTGGCCATGTGGACATTTTTGATCAGGTACCGACCGACTTGATTCGGGAGACACTCCATCGCCTCCAAGCCTAGCTAGGGGGCGCCGTATCTAGCAGCGCTTTTTTGGTTGCTTTCAGTTCTTGCCAAAGGCGTTTAATTTGCTCATAGGCTTCCTGAGGGGAAAGCTTGCCACTGTTTTCGAGACTGGAAATGTAGCTCACTCGGGTCGCAAACTCCTGTAAGTTGGCATCAAATAAAAAGTTTTCGGGTGTAAACTCACCGTGGTAACGGCTGTAGGGATGTAAAAATTCGTATTTATTCATTGCTTACCTATCCTTTTTCTCAGGGGTTAACCTATTCTTAACTTCATTTTAACCATTTTCTCTCGGATAACTGTAGCTGCCGCAACAAAACAGTGATCTTGCTGGGGGCAAAACGGCGCTTTGTTAACAACTATGGGCAAAAGATTAAGCATTATTAACTTTGATTGATCAAATAAAGGAGACTTATCACACTACATATACGAGAGTGATCCCTTGCGATCGCCAGATATCAATGCTGTGATTTAGGAAATGGATAAATGATGCACGGACTCTCCTTGGCTCCCCGTTATCGCTTAGATGATGTTGATCCTTGGCTTCTGGGAATTGATCCCAGCCGTCATTACTGGCTGCAAGTCAATGGGGATCCCCAGCAGCGGGTGGCCATTCCGGGGGTATGTGTCCAGAGCATCTCGGAACTACGGGAAATTATGGAGGCGGTGCGATCACTCCTACCGGGGCAGCAGTTGCAAATTCAGCGAGCAGCCACCTGTTTAGAAATTCACTGCGTGGCTGAAAATCTCTTGGCGATCGCCCACCCTGTTGCCGGTGCCCCTGTTTGGCATCTCTTTGATCGCGAAACCCTCGAAAGTTTAGTGATGAGTGCCCATCCCCACTGGCAATGTCGGCCTGAGGATGTGGAATTGGGGCGGCAGCAATTGTGGCAGTCGTTTCAGTTACCAGTGGCCGCTTGAGCCGTGTCAAGGGCCTCACTGATCCGCCGCAGCACACCATTGATAAAGCGATGACTACCTTGGTCGCTGTAGCGTTTGGCCAGTTCGATCGCCTCGTTGATGGCCACTGGCTTGGCCACGTCAAGATAGCGCATCTCTGCGACGGCCATTTCAATAATGGCGCGATCTAAGTGCGTCAGTCGCTCCAGTTGCCAATCCACCATTGAGCGATTCACCAGTTCTTGAATCTCCGTTTGGTGTCGCTGCAAACTGCGCAGTAGGGCGATCGCGTAGGCTTGAACTTCCTCTTGATGGGCAAAGTAGAGAATTTCGGGTAAATCGAGGGCAGCACCTATTTTGTTCAAGCCCTTTTCCGCCCGCTTGAGGGCATCTTGAAGCACCATCTGTGCCTTTTCGAGGTGGGGCAACTGAAACTCGCTATGGTTGAGCAGTCGCTGACTTTCACTGAGTTCAGTGCCGGCCTGTTCGAGGGTATCGCGCACATCACTCGCCAGCGTCCGTACCGCCATCAGGATCAAGCTGCGGCAGTCACTTTCATCGAGCAGTTTCGGTTGGCGTAACACTTGAGCGGCACTGAGCAACGCCAATTCACGGGCAACACGACGAGCAGTAATCATGGGTAAATCCTCAAAAACGAGTTCTTAACGCAACGACGCAGGGGCGGGGGGCAGGGTCGAGGTCGGAACTGATCCCGGTGTAACAATCCCCCCGGAAATAATCAGCTTAAAGGCATCCTCGATCGAAATATCCAAATCTCGCACATCCCGCTCACTGGCAATCACATACCAACCGGTGGTGGGGTTAGGCGACGAGGGGATAAATAGACTCAACATTGGCTCGGAAAAGACCGTTTGCAATGAACCATTAATCGTGCCAGTGACAAAGGCCACGGCCCACAGACCCGACCGCGGGTATTCTACGAGCACCACTCGGCGAAAGCGATCGCGCGAGTCCCGCAGAATTGTCTCTAGGAGTTGTTGCAGCACCTTATAAATGGTGCCCGCCAAAGGGATGCGCTTGAGAATGCTCTCACCTGTGTTCAACAGCCACTGGCCAAAGATATTGCGTGCCATCAAGCCAATGAGCAAGATCCCTGTTAAGGGCACCAAAATCCCCACCGCCACATTGAGCAGATCCACCAACAGGGGGTGCCATGTTTTGAAGGGGTTCACCTGCTTAGGAATACGGGTGAGGAGATCCAAGACCCAACTGGAGACAGAAATCGATAGCCAAATCGTTGTTGCCAGCGGGATCACCACCAGCAGACCAGCAATGAGATCATTTTTAATTGCTTGTTGGAGTCGGTGCAACACAGATACTCGCACGAGCAGACTTCTGTTTCTAGCTTAGCGGTTGCTGCCACTGCGGTCACGGTGAAAGGCCAAACTGCTGTAGAGCATGAAGGCGGCATCCCAAGGACTGTCTTCACGGCGAAAGAGGTTAATGTGGGGGGGAATTTTACTCAGGAGTTCGCTAAAGTCCAAAGCAGTTTCAGCAAAACTGGTAAAGTCTTGCCACACGGGGCGATCGCCACAGTGCTGCTGCCACAGACTCGATAACTGCCGCCACTTCACCCATGAGGTACTTTGATCCAAATCCAAATCACTCTGGATCACCTCTGCCACTTGATTGAGGGGAATCCCTTGGTGAAACTGGTAACCGCCGCGATAAAAGCGCAGGATTTGATTTTGCTGAAACAGGTGAAGATCACAGCACTGGGCATGATCCTGAATTTGTTCTTTACGGGTGACTTTTCCTTGGCGATCGCGATCGAACACTTGCTCAAAAATCGGCAGCAACCCCTCCACGCGCTGGCTGACCTGTGACCAAGTAAACGTTAACTCCACTGGCTCTGGCGAGAGCGAACTGGTACACACCACACGCGGCTGTGGCTCCAAGGCTGCAAAATAACGCACCTGCAAGACGGGTGTGGCTGTCAGTGCCTCAAAGGGGACACAAAAGAGGGTAAACCCCTGCTGTTTCAGTTCTTGGCAATAGACGGTGAGTTCCGCAAAATTGCCCGTGCGGATCAAACGCCAGCCCCGCGACGGAATCAACAGTCGCGCCGTGTAGGGGTCAATCTTAAACATGGTGGCCAAAAGACGGGCAAGGATCGTCCGCTGCTCAGAGCCAGCCACCCCCTCCAAAACCAGAAGGCCCTGCTGCTCGACTCCCACCACAGCATGGGTTGCTAAAATCGCCTGTTGCCGCTGCTGTTGGCGAATTTGCTCAATTTTTTCAAGGCCGCGCCGAGCCATTTGCGTCAGCTTGGGGCCACAGTTCAGCCGCAGTAATTGGCGAAAGTCTGACTCCGCCTCCTCTAGCCGCTCTGTCTTGAGATAGAGTTGACCTCGGCACAGGAGGACACGGGGGTCTTCAGGAGGCAAGGTGGCCAGCAATTTTTCTGCCTGTTGGAAATTTCCTTGATCCAGTGCTGTCAAAACCTCAGTCAGCATGGCCAGCGCCCCCAACGGTTTTTTCTATTTTAGGCAACGCGCCCTAACCACCAAATAAGCTGCCGAGGAAGCCCTCTAGACCGCCTTTGCCCATACGCTCGCCGCGAATCTTGGCCAATTTCTCCAGCAGTTCTCGCTCTTCATGGGTGATATGGGTGGGAATTTCGACATCAACGGTAATGAGGTGATCGCCCCGCGCCACGGGATTGCCCACACGGGGGACGCCTCGGCCTTCTAGGATTAACACCGTACCGGGTTGGGTGCCTGCGGGAATCTTCAGTTCTGCTTCGCCATCCACGGTACTCACGGGAATCCGACAGCCAAGAATCGCTTGCAGGTAGCTAATTTTAATCCGCGATAGGATGTTGTTGCCTTCGCGCTGAAACTCAGGATCGGGTTCGACAAACAGATACACATAGAGATCGCCGGGAGGGCCTCCGCGCAGACCGGCATCTCCTTCCCCTGAGACCCGCAGCCGGGTGCCATTGTCCACCCCCGCAGGAATCGTAATTTTCAATTTTTTGCTGACTTGGATGTGGCCTTGGCCACCACAGGACTCACAGCGAGATTCAATCACTTCCCCCGAACCGCCACAGGTCGGACAGGTGGTCAATTGGGTAAAACTGCCGAAGGGAGTGCGTGCCGATCGCCGCACTTGACCGATGCCACCACAGGTACTACAAGTGACTGGCCGTGTGCCGGGTTTGGCCCCTGTGCCTTGACAGGTTTTACAGGTTTCCAAATGATTAATGCGAATTTCTTTCTCACCGCCAAACACCGCTTCGCGAAACTCGAGTTTGAGGTCATAGCGCAGATCTTCACCGCGGGTTGGCCCCTGCGACCGCCGCCCACTGCTGGTAAATCCACCAAATCCACCCCCAAAGAAGGTTTCAAAAATATCGGCGAAGCCGCCCATGTCACCAATGCCAAAGTCACTGAAGCCAGCAGCCCCGACGCCACTGACCCCGGCTTCACCAAAGCGATCGTAGTTGGCTCGCGCTTGGGGATCCGAGAGCACCTCGTAGGCGCGGTTGATTTCCTTGAACTTTTCTTCAGCGCCCGGTTCTTTGTTGACATCGGGGTGATACTTGCGAGCCAAGCGCCGATAGGCTCGTTTTAATTCTTCAGCATCCGCAGAGCGTGAGACACCTAAGATCTCATAGAAAT
NZ_CP134169.1_gap34	1132634	1136806	4172	GGGCATGGGGCTACTACAAGTTGAGCAAATTCGCGAAATCCTTCAGGATGTGCTTTCAGAACATGCCGTTGTGGTTCAAGTCAATCAGTTTCGCAACCAATTAAACATTGTTTTGAATAAGCCCCCCGGCACCGTTGCCCACTATTCTGCCTTGGTGGATCTCCTCAAATCCCGCTTGGGACAGTTTCACCTCGACGATATTGCTCGCATTAAAATTATTGGCCGCATTCAAGGTTCGCCTAAACCCGATTGGGAAGAGGTCATTGATCTACGCCCCCCCCACCCAGCCCTAGCTGCCCCTGTGTATGCTTCCTCGGCTCCGTGGGTGGTGGCGATCGCCGCTGGGGTTGTGAGTTTACTAGTGATCTTTAGCTATCATCTCGGTCAGTGGCAGCAACAGCAACGCATGCAGCACTTGATTGGCGGTACCCTTGCGCAACAAGGCGTCACTATGGCCGATTTTAAGTGGCACATCGAGGGCGGTGCACCGTTTATTGTGGGCGTTCTGAAAAACTACAGTGAAGAGCACTTGCGCATGATTCAGGCGGACTTTGAACTTTTTGACAAGGCAGGGCAGCGGGTCGGCGCCGTTTCGGTACAGGTTTATGGCCTTGGCCCTGAGGAAACTTGGCACTTCCGTGAACCCGTGGGCAATCATCAGGCAGTGCGAGCACGACTGGTAAAATTACAGTCATTCCATTAAGTTTTCCCCTAAAAGGGGTAGAGTAAAAACCCTCTATGGCTCACCTCAACGCCCTGATTTTTGACGTGGATGGCACCTTGGCGGACACTGAGCGGGATGGCCATCGCATTGCCTTCAATAAAGCCTTTGCTGCGGCAGGCCTAGATTGGGAGTGGGATATTCCCCTCTATGGTCAACTGCTGGCGGTGGCGGGGGGTAAGGAGCGCATGAAGTATTACCTTGATTGCTTTCGTCCCGATTGGCCACGTCCCCAAAATTTGGATGCCCTGATTGCCGACCTGCACAAGGCGAAGACCCGCTACTATACGGAGCTATTGGCAGAAGGGGCGATTCCCCTGCGGCCGGGGGTGAAACGGCTGCTCACTGAAGCCCGTGAAGCAGGATTACGTTTGGCGATCGCCACCACAACCACCCCTGCCAATGTCACCGCACTCCTTGAAAATGCCCTTGCTGCTGATGGCGTCAGTTGGTTTGAGGTGATTGCCGCTGGGGATGTGGTGCCCGCCAAGAAACCTGCGCCCGATATTTACTTCTACACCCTTGAAAGAATGCGCCTCTCGCCCCAAGAGTGCCTTGCCTTTGAGGATTCCGCCAATGGGATTCAGGCAGCCACCGCCAGTCGCCTAGCGACCATTATCACGATCACCGACTACACCAAGGATCATGATTTTCGGGATGCAGCGCTTGTCTTGGATTGCTTAGGGGAACCCGACTACCCCTTTCAAGTGATTCGCGGTGAAGTGGGCTGGACCACCTATGTGGATGTGCCCCTATTGCGATCGCTCCACCAACAGTGGACAAGTACGTTGAGTCACCGATGATTTTCTGGCCACAGCGTTTTACAGTGAAGAATATACGAACCTAGCCTGAGTGATTAAAGAACGCAATGTACACGATTGATTTAATTCTGCGTCATGTCCCCATGCCCGTGAGCATTGAACGCAAGGAAAGTGCCGCAGCGACAGCAGTCTATCAGCAAATTCAGCAGGCGATGGCCAGTGGCACCCCGACTGTCCTCGAACTGACGTGCGATCGCCAAGTGGGCAAGAAGTTAACTGTCCTCACCTCAGAAATTGTGGCCGTACAGATGGCCGATAAGGATGCCCCCTCCAGTGTCGCCAGCCGGGGGGGATTCTTTGCTCAGTTGGTGCAGCAAACCAGCAATTAAGTAAAAATCTCTCAATAAAGTTTAGTTTTTCTTCGCAATGGTGAGTCTTTGCCGTTAGGATACTAAGCAGACTGATCCGTAGGGGAACGTTGAGCGAATCCTCCCCGTCTGAAAGTCAGGTATCTGTGGTGTGTCGTAATAGGGTTGTCTATGGTGAAGCGTTTCCTACCGGTTCTGATTCTGTTGGGGTGTAGTTTTGGTCTTGTGACCCCTGCCCTTGTGCGTGCCCAAGTCAATCAGGGTTTTACCTTCACTTGGGGAGATGGTCCCAGTGGACGGCAGCAACTCCAGTACCATTTAGAAAACGGTACGCCCGGCTTTATGGGCGATCGCTACTGGCTGCGCTTGGGGGAACAAAAAGTCGCGATTAATCGCATTAACATTACTTATCCCGATTACTACAACGGCATTATTGATCCTAGGGGTATCGAGGTACGGGTGGGGGGCGATCGCGGGAATCGCTTTTTTCAATTCCGCCGTAATCTTGGCCAAAAAATTGAACTAGCGGAGGTGTCCCTTGACCGCGATAACCGCGTCATTGACATCGTACCCGCAGAGGTCATTCCCGCAGGCACGCCCGTGCAAGTGATCCTCAACAATGTGCGCAATCCCAATCATGGCGGGATGTACTACTTCAATGCGCGCATTGGCTCCCCCGGCGATATTCCCCTGATGCGTTATATCGGGACTTGGATTCTGAGTATTGCCAATAACTAAGCCAATAACTCACTGGAACTCAATTTGCCAATTTGCGAACTGGTTCGCCATCCCTAGCCAGATTGGGGCGATCGCCCGAGGCTAGTCTTTGTGTGTCACAGCCGGTTCACTCTTCACGCCTGATGCTAGATTCTGTCAAGTCTTCATTCCCCCACATTTCGCCTCTCCTCACTCCCCTGATGTACCGTCTGGTGGGGGATATTGTCCTGCGGCGCTATTTTCGTACCCTTGAGGTGCAAGGGCAGGAGCAGATACCCAAAAGGGGGCCCGTGATCTTGGCACCCACCCATCGTTCCCGTTGGGATGCGCTCATTATTCCCTATGTGACGGGACGGCGGGTGAGTGGACGCGACCTCTACTACATGGTCTCCCACGATGAAATGCTGGGACTGCAAGGCTGGGTAATTGGTCAGTGTGGTGGTTTTCCCGTCAATACCCAAGCGCCTTCGGTGAGTGCCTTGCGGACAGGTGTGGAACTCCTGCGGCGGGGACAGGCCTTGGTGGTCTTTCCTGAGGGCAATATCTTTCGCGATCGCCAGATTCATCCCCTAAAGCCGGGCTTGGCGCGTTTAGCCCTTCAGGCAGCTCAGCGCTGTCAAGAAGCGATCCAGATTCTGCCGATTTTACTCGATTATGCTCAGCCCTATCCGCAGTGGGGAAGCGAGGTCAAGGTGATCATTGGTGCTCCCTTGAGTACGGGCAATTACAATGTTACCCACCCCAAAAGTGCTGCCCAAGAACTGACGAGTGATCTTTTGAGGGCACTGCAGCAGCTTCAAGAGGGGCGATCGCTCCTGTGTTTGGCTTGAATCCCTCTAAGAATCCGTAGGCACAATTAGCGCTTCAAATTGCTGGCGAATCTGGTCAGTGACTTCCTTAACGGCCTGTCGTGCCCCTTGGCGATCGCGACGATACAGCGGCCAATAGCTCTCTAAATTGAGGGGGTCTCCGACACTGAGGCGCACCTGCCGCAAGCCCACCAAGCGATTCACATTGGGGCTTTTTCCCTCTAACCAATCAAACGTCCGCCAGAGGATCAGTGCCACATCGGCAAAGCGATCAATCGTGAATTTCTCACGGATATAGCTACCCGTAATCGAGGTAAATCGCTCCGCAAGACGCATATGACGTAATCGCACATTGGCTTCCTCGGCCAACCAATCGGCTAAACAGCGCTCTACGGCAGACAGTTGTGCCAAATCACCGCGAAACATCCGTTCCCAAGCGGCCTGTTCAATCCGTCGGCAGCGACTCACAAAATCTTCACTGGCCTTAAGACCAAAGTAGGACTCTGCCACTACAAGGGCACTGTTGAGGAGTCGCTGAATCCGTGCTGCCAATTCGGCATTGGGGGAGTCAAAGGGGGGCAGTTCGGGAAAATCTTGGCGGTAGGACGTGGCATAAAAGGTCTCTAGGCGATCCAGCAGATGCATCGCTAAATTGAGCAGGCGGCGGTAGAGGTCCTGCGGTTCGGTACTCTGAGAATTGGTGGGGCAGCCAAGGCGGTTCTCCAGTTGTGCCATCAGCATGGCCATGCGTTCCCAAGAGGGCTGACTGAGGCTGTACTGAATGCCAACGGGGAGA
NZ_CP134169.1_gap35	1153318	1155912	2594	CCACCAAGCCAGCCAAGTTGAACAGAACCTCGGGGCAGCTCTTGGCACGCAAGACACGTCGGCATGGTCTTGGTTAACCGCACAGATGGTGGGTAGCCTGCTGCTGCCGGGGGGATTTTTCGATGTCGTGCTGGCGATAGTCAGTACCCTTGCCTATATCCGCAAAGCGTGCCAAGCCTATGCCGTGCCCTTTCCCCTACCGGCCTTTGGGAGTCTGAGTCAGTTTGTCTTACTGTGGTATGCGGCGATTTATCTTTCCAGTTGGCAAGGCTTGACCTTCGGCAGTGAACTCTGGGGAGTCAATACGACTGTTGTCCTCCAGGGGGGAGTGATCTTCTGGGGCTACCAACAGATTCGCCGCCGCCTAGACCCCTATCTTCAGCAGGGCTATCAATGGGGACACCATGGACCCCAACGGCTGTTGCAGCAACTCACTCAAACCCGTGCCAATGTGACGGCCTCCGGCTGATCTTGGTATTTGCCCCGCCGCGTTTCATAACTGACATCGCAGGGTTCACCCTCAAAAAAGAGCAATTGCACCACTCCCTCATTGGCATAGATGCGACAGTCTGCACTGGAAGAATTTGAGAATTCTAAGGTCAGATGGCCTCGCCAGCCCGCCTCTGCCGGTGTCAGGTTAGCAATAATCCCCGCACGGGCATAGGAGCTTTTACCAATACACAGAACCGTGACATTTTCAGGAACCTGTAGGCGTTCTAGCGCCACCCCAAGACCGTAGGAATGGGCGGGCAAAATAAAGAAGGCACCATTGGCATCTTCATGGAGGGGCGCAGATTCCAGATTTGCCGGGTTAAAGTTTTTGGGATCCACCACCGTCCCCGGCACATGGCGAAAGATACGAAACTCCTTCGGGCTGAGGCGAATATCGTAACCGTAGGAAGAAAGGCCAAAACTAATCACGGGCTGCTCAGCCACCCGCCGCACCAGTGTCGGTTCAAAAGGCTGAATCATGCCCTGAGCCGCCATGGCTCGAATCCAAATATCATTTTTAATCATTGTGCTGTCGCGATCGCACAAACAACCAATGTATCTTACAGCCCTTTTCCCATGAATAGAACAGGCTCAACACTGTGAAGAGACTTAACGCTTTGCTTCCCACTGACCCCAGCGATAGCCGAGTTCAAACCAGATCAGCGAATTCACAAAATAGATCGCGACCACCGTTAACCCTTGCCATAGTTGACCCAACTCAGGCCAAAGCCACGGCAATAGACCCAAACCCACGGCGATACCCCCTAGCAGACCGAGACCTGTCCCCCCTGCCATGACGAACATGATGAACAAAGCGCCCAGTTCTAGGCTGTTGGGTAACTCACGGCGAAATAGCCGAAAATAAAACTGCATGAGATACATGTGCGGCCATATCAGCAGGAAAATCACCGCCAGCAAAAGGTTAGAGAACAGGCTTCCCTCACTCTAGAAAATTCCAGAAACAACAGTGGTGCTGCGCCCCAGTATAGCGAGAAGGCGCTAAATCCGATCCAAAACCCGAATCCCCAGTAGGGATAGTCCTAGCTTCAGGGTCTGAGCAGTAAGATAGGCAAGGGTGAGACGGGATTGCTTCGTTGGCTCAGTTGCCGAGAGGATGGGACAGCGATCGTAGAACTGGTTGAAAAGCTGGCTCAGTTCAAAGAGGTATTGGCAGAGGCGGTTGGGCAATAGCTCAGCGCTCACAAGGTCGAGGGTTTCCTCCAGTTGCACAAGGTGCTTGGCCAAGTTTTGCTCTGTTTCATCCTCTAGGAAAAGGGGGGTATCTGGTGAGAGGGTGCGCCAATCAATGTCGCCGCGCCGTGTCAGTCCTTGGACACGCACATAGGCATAGAGCAAATAGGGAGCAGTATTCCCCTGTAGGGAGAGCATCTTGTCGTAGCTAAAGACGTAGTTACTGTTGCGGTTTTGGCTAAGATCTGCGTATTTGACAGCACCGATACCGATCGCCCGTGCCACGGTGTCAATGAATTCTGGAGATTCACGACGGCCTTCAGTGGCAAGGCGCTGTTCTAAATCCGCTCGACTGCGGGCGATCGCCTCCGTCAACAAATCCATCAGGCGAATCGTTTCCCCAGAACGGGTTTTCAAGCGTTTGCCATCTTCCCCCAACACTAAGCCAAAGGGGACATGGGTTAACGTGACATGGGGCGGCACCCAACCCGCGCGCTGCGCCACTTGAAAGACTTGGGCAAAGTGGGTGGACTGCCCAACATCGGTAACATAGATAATCCAATCTGCTCGGTCTTTGTCAATGCGGTAGCGCAGGGCGGCTAAATCCGTGGTCGCGTAGTTGTAGCCCCCATCGGACTTCTGAATAATTAAGGGTTGGGGCTGCCCCTCTTTATTGGTGAAACCTTCCAAGAAGACGACCTTTGCCCCCTGATCCTCCACCACGAGGCCAAGAGCGGCTAAGTCCTCAATCACCGCGGGCAAAAAGGGATTGTAGAAGGACTCCCCTCGTTCGGTGAGTTCAATATCCAGCAGATCGTAGATCTTTTGAAACTCGCGGCGGGATTGCTCACACAGCAGTTGCCAAGCGCGGCGACTCTGTTCTTCTCCCTGCTGGAGTGCCACCACCTGCT
NZ_CP134169.1_gap36	1162230	1166718	4488	ATGGGGGCTATGGGGTGATTCAACCCCGCCCCACCTCCCAAGAAAATCATCACCCTGCGGCTAAACCCATGGCTAAGGCAGCACCCTAGAACCACACTCAAACAGCAATCACAAAAGGGATGCCCTCTGCCTCTGGTTTTCCTGCTGCTAGGGGCGGAGGGTGAGTTGCCACTCTTGGGTCTGGCGATCGCGCTGAAGTTCGCTATTTTCACCAATCACATAGGGTCCCCAGTAGCGTTTGGAGCCATCCAGCGTGAAAGCAAGGACAATATCCCCTGACTGAAGTGCCAGCTTGCCCTCTGGCAGCGTTAATAGTAATCCCTTAATACTGCCCTCCATGGGGGCAAAATCCCAGTGAACTGCTCCTTCATTAGGATGGGCGCGATCGCTGGCAGCGAGCAACACCACGCGCACCGGAAAGGCCGTTTGATTACTGATGCGTAGCCCATTCGGTTGCGGGTTGGCTGGCGTTTGGGGAGGGGGTAAGGGCTGAACAGTAGTGGTTTCTGGTTCTGCCTCGACAATGGGGGGCGGTTGGGTCAGCAGGTCTGGCTCCCACCAGAGCGCAAAATGTAGTTGTGAAAGAATAATCGCACCCACCACCCCGACCAGCACTGCCACGAGGTAAGGAAGAAATTTAATTCGGATAGACATAGAGATAGGTTACTGCGGATGCCGCGCCTTTCTTTCCAGTTTAGAGAGTTGTGGCAGAAACCGCAGTGGGCAAAAAAGTTTGATCTCAATTGCCAGGGCCCTGAACTTCGGAGGAAAGTCGCTCTTGCAAGCGTTGCAAAGAAATCTGGGCTGCCGTCGCCACATGGGGATGCTCATCTTTAGCGAGGTATTCCAAAGCGGCTTGGGTTTTCGGGCTAGGGAGATTGCCCAGAGCTTCAGCGAGCCGTTGCCGTACCAACCAATCCTCTGTGGTCACAAAGGGCAAAATATCTTCGACAACACTGGGATCGCCAATTTCCCCCAGAGCGGCGATCGCCCCTTGGAGCATCACGACTTCCTGACTTTTCAGCGCCGAGCGCAATACATCCACCGCGCGGGGATCCTTAAGATTGCCCAGCGCCACAGCAGCACTAAAGCGCACTAACCAATCGGTGTCTTCATAAAAGGCGCGCACTAGCGGTTCAAAGGCACGCCCATCTTCGAGATAGCCCAAGGCACCCGCAGCATCGGCACGAATACCATAATCCGGTTCACTCTCGAGCAACTGCACCAGAATGTCAAAGCACTCCGGTGTGGATTTAACCCCAAGGGCAAACACAGCCATTGAGCGAATCTGTAGATTTTCGTCCCAAAGGACTTTTTTAATCAGGGGTACGGCATCCGCAGAGGGGACATCCCGTAGCGCGGCTAGCGCCAGCAGGCGATCGCGGGAATTGGGACTTTCCAGTTGATGGGCAAGCTGTTCGAGGGAAGGCATGGCAGTAACCTGAAAGCTAATTTACAAAAGTTAACAATATACTTCCTATTATAAAAAAGTCTCCCCAAAGTAAAACCAAGATCACACTCGGTCTGGTTCCTTGGGGAGCGCTTGCCCAACAATTCCACAGAGGATACAGCCGTATCAATGTCCTAGGCTGCTTTGGCTTTTTGCAGGAGCTTTTGAAACTGCTTGACAGCATAGGGCAGAATGTTACGAACTGCCCAACCCGCAGCCAGTAGGACAGGTAACAGGACAATCAGGACACGCCAATCCATACCCATAACCTCCCAAAACGTTTTCTGAAAACTTTATGAATTATTGTACAGCCTTCTCTAAGGGGAGAAGGGGAACTTTCTATGGATGTAACGAAGAAAAATCTGATTATGATTGGGTTAATTCCTGAACTGTAGGCCAAATCCTGATGGGCGAAGACAAAATGACCCTCCGTGACAACCAAACGGCGGCTGCTTTGCGTCTCAGTAAAGTGTTAGCCGCTCGTAATCGTTGGCGCACGGGTTGGCAGTCTCTGCGTTCGGTGTTGATGCCGATCGCCATGGTCACTGTCTTGCTGGCTTGGGGACTCGATTGGGATGCGGTGGGTGTGGTGGCTGCTTTGGTGCTGGGGGGACTGAGTTTCCCCTTGGTCTGGACTTCGACCTATCACTGGTTTACTGAAGATCTCACGGAACAGCAACGGCAGTTCATTTTGGCCTCACTGGGCCTGAGTTTGACGGTGGTGGCACTCATTGCCATGACTGGCGCCATGGACTGGATTCGAGGACGCTTTCAAGGTACGAATTGGGATGCGGTGGGGGCACTGGCGGAGGGCTTCGGTGCTTTGGGACAGATTTTGGTGGCGCTCTTGGCCGCCTATGTGGCTTGGCGACAATACGTGATCTCGCGGGATTTGACGACGCAACAAAACCGCATTACCCAACAGCAAACGATTGACAGTTATTTCCAAGGGATTGCCGATCTCATTCTTGACGATGAGGGATTATTGGAGGATTGGCCGCCGGAGCGGGCGATCGCCGAGGGACGCACTGCTGCCATCTTGGGGGGGCTCGATGCCGAAGGCAAGGCCAAAATCATTCGCTTTTTGTCAGGCGCAAAGTTACTCTCGCCGCTGAAGCGCGATCGCCGACTGGGACGGGCGATTTTTGATGGGCTGGGTGGCTATGAGGAAGACATTGAGTATGGTGTGCGGGTGATTAACCTTGGCAGCATGCTAGCGGGCGCTGATCTCAGTGGTACCGATTTGCGCTGGACCGAATTGAGTGATGCCAATCTCACAGGCACCCTCTTTCGCAACTGTAATTTGACACGAGCCAACCTAGCAGGGGCAATTTTGCAGGGGGCGGATTTCACCAATGCCGATCTCAGTCGGGTTCGCTTCTTTTATGGCACCGCTGATCAGGCCAGCCCCCGCGATCGCCTGCATCCTCCCAACTTTCGCACTGGGGCGCAGACAGGTGCAGTGGTCGAGGATGTCAACTTTACCAATGTCAAGAACCTCTCCGAAGAACAACGCTACTATTGCTGTGCTTGGAGTGGTAGCCGTTCCCGTGAAACGATTCCCGGTGGCTGTGAGGGCATTCCGAATAAACTAGGACGCTAGCGCCTCGGTTAGTAGCGCGATCGCGGGCGATGATTCGCCACGGAGAGCACCATCCCTAAGCCAAGATAGGTCGCCAGCAGGGCTGAGCGGCCATAACTCACCAGCGGTAACGGCATTCCTGTCACGGGGAGCAGACCAATGGTCATGCCAATATTCACCACCACTTGAAACAGGATCATGGCAAATAGACCGATCGCCAGCAACGAGCCAAAGTCATGACCGGCACTATTGGCAATTTGCAATAAGCGCAAACCGATTAACCAAAAAAGGCATAGGAGAACTAAACTGCCAATGAAGCCCGTCTCCTCAGCGATCGCTGAAAAAATAAAGTCTGTATGCTGTTCGGGAATAAATCCCAACTGGGTCTGGGTGCCTTGAAAAATGCCCCGCCCCCATAGCCCACCAGCACCAATGGCAATCCGCGATTGAATCAAGTGGTAGCCAGCCCCAAGGGGATCCTTGTCGGGGTCAAGAAACATGAGAATACGGGTTTTTTGATAGTCCTTGAGCACGCTCCAAAGCAGCTGCCCCAAGCCAGCCCCCCCGAGATTGAGCACCAGCCCCCCCAAGCCACCGACCCAGCCCAAGGGCAAGCTCCGCCAAGCGACGACGGCCATCGCCAGTGTCCACACCAACCAGAGGATCAGGTTCAGTTGGTAGGGCAGAGGCAGGGCAACGAGAATCGCTGCCACCAAAGGGGAAAGCATCAAGACAATCCAGCTGCCGGGGGTATTCGCCCAGTAGAGCATTGTCAATGTAATGGCAATGAAAACAAGAGACGTGCCCAAATCCGGCTGCGTCAAAACTAGGAAAAAGGGGGGGGCGGTGGCTGCAAAGACACTGAGAATGCCCTTCAGAGAGTGGCCTGAAATGCGGTGCAACAGCGCCGCTTGGGTAAGAATGAGGGAGATTTTGGCAAACTCCGAGGGTTGCAGGTTAAAGCCGCCAATCGCCAACCAGCGCTCTGCTCCCTTGGCCTCGACCCCCACGAGATCAACCGCTAGCAGCAGGGCACAGCTCAGGCCGTAGATGACCCAATGACTGCCCATAAAGACCGATTCCGGAACGCGGGCAAGGATCAGGGCAAGCATCGTACCCATCCCCCCCACCAATAAATGCTGGAGACTATCGTTTTCCTCTAGGTGTAGTTGACTACTGTGGATGAAGACCGCCCCAATGACCGTGGTTGCCCAAACAGCCCCTAACAGCAGCCAATCCACGCCTCGCCATGGATAAAACCAGCCAAAAGTCCGCCGTCGGGGTACTCGCCAAGTCATCAGCCACTGTCCTGTCTCTCCTAGGGGGTTAGTCTATCGGCTGGCTCAAAAGGTTGCAAACGGCCAGCGCGGACAACCGACATGGCACCTTGCCTTGGTGTATTATCCGAAAGGTTGGGCTTCTATTCCGACAAGGAGCGATCGCAGTGGCAACCCTA
NZ_CP134169.1_gap37	1180585	1184569	3984	AATGACAAAGTCTTCTGTCGCTAGAGCGATCCGCTGATCATACCAGTCGGTAATGCTGCCCCGTTGGCGATCAAATTGCAGATAGTCCCGCAAGCTATAGTGATTGGTGCGCATCGGATGAGTTTGGTGTAACTGATGCTGATAGTCCTGAGCACGGGTCATAGCATTGGCACTCCCAGCAGGTTGAGACGGCGTGACAGAAACCATAGATCAGCGAATTGCCCCCTATTGTGCTTGAACGTTAGGTACTGAGCAGCCACACTTTTTAGGCTAAAAGATTTTTCAGGGTCGTGGCTCCGCACTCCCACTGATTTTTTGTCTAACGACACATTTCTATAAGTTCTGTTTCATTGATGCAGGGGATGCCCAATTCTTGAGCGCGTCGCAGTTTACTCCCCGCTTTTTCGCCCACCACTAGATAATCCGTTTGCCGACTGACACTCTCACTCACTTGACCGCCATGTTGCTGGATCAGCGTTTTGGCTGCTTCACGGGTGAGGCTGGGCAGGGTGCCTGTAATCACAAAACGTTTGCCCGCAAGGGATTGTCCAGTCGTTGGTGCAGTGGCGATCGCCGCCGCCAGTTGTAGCCCCAAGGCTTTGAGATCAGCAATGAGGGTTTGGTGCGCTGGGTCTTGGAACCACTCGTGAACCGCTTGGGCAATTTCCTCACCAATGCCATAGACCCCACACAGATCGGCGACGGTAGCAGCGGCCAGCTCCTCAACAGACTTGAATTGATCGGCAAGCACTTGGGCATTGACACTCCCCACATGGCGGATGCCTAGGCCATAGAGCACCCGTGGCCACGGTTGTTCTTTCGAGTCAGCGATCGCCTGCAACAATTTAGCAGCGGACTTTTGACCCATGCGCTCGAGGCGCAACAGTTGTGCTGCCGTCAGGCGATAGAGATTTGCCGGGGTGTGCACCAACTCCTTGGCCACCAATTGCTGTACTAGCTTTTCCCCTAACCCTTGAATATCCAAGGCATCCCGACTTGCCCAGTGGAGGATTTGGCCGCGCACGATCGCCGGACACCGCGGATTGACACAGCGACTCACCGCTTCGTTGGCAGGGCGCACCACCGGCTGATGACATTCAGGACACACGGTGGGCATCGTAAAGGGTTGAGCCGTTGGCGATCGCAATTCGGGAAAGACCCGCACAATCTCTGGAATGATTTCGCCGGCTTTGTGGATCACCACCTTATCGCCAATGTGCAAATCCAATTCGGCAATGTAGTCTGCATTGTGCAGCGTTGCCCGTGATACCGTGGTACCCGCTAATTGCACTGGCACCAGTTCAGCGACTGGGGTGAGCGCACCCGTGCGTCCCACTTGAATGGTAATGGCCACCACATCAGTAATGGCCTGCTCTGGTTCGTACTTCCAAGCAACACAGCCGCGGGGAAACTTTTGCGTAAACCCAAGGGTCTGTTGCAGCGTTAAATCATTGAGCTTGACCACAATGCCATCGGTCAGATAAGGCAGTTGGTGGCGGGCGGTTTGCCAGTGGTCGTAGTAGGCTTTCACCGCCTCTAGGTCAGGGCAGTCGGCATTGTGGGGATTGACCCGAAAGCCAAGGCGTTGCAGCGCATTGAGCACTTGCCGCTGCGATTGGGGTTCCCCTGCTTGGTTCTCATCCCAAGGAACGCTACCCCCTTCAGGTAAATGCAGCGCATAGGCAAAGAAGTCCAGTTGGCGTTGGGCAACAATGCGCGGATCCAGTTGACGGAGAGTACCGGCGGCGGCATTACGGGGATTAGCAAAGGGAGCTTCTCCTTGGGCTTGGCGTTCTTGGTTGAGTTGATGGAATCGCGCCAAAGGCAAAAAAGCTTCCCCACGAACTTCAACGATTGGGGGTGGGTTCTCGATGGCTAGCCGCAGGGGAATGGTGCGAATCGTGCGCACATTGCTGGTAATATCCTCACCGCGTTGGCCATCGCCCCGAGTTGCCCCCCGCACCAATAACCCGTTTTCATAGGTCAAAGCAAGGGCCACGCCATCCATTTTGAGTTCGCAGACATATTCCGTCGGGGGAATTGGCTCCTCTCGCCGTAGGCTACGCCAATAGCGCTGCCAGCGTTCCTGCCACGCCACCATATCGGCAAAGGTAAAGGCATTTTCGAGGCTATAGAGGGGAATGCGATGGCTGACACTCTCAAATTGACTGACGGGAGCTTCGCCGACCCGCTGGGTAGGGCTGTCGGGGGTGATGTACTCAGGATGAGCCGCTTCGAGTTCCTGCAGTTCGCGATAGAGCTGGTCATAGACTTCATCTTCCATGATCGGCTGATCGAGGGCATAGTAGGCGTAGCTCGCCCGCTGAAGCAGGTGCCGCAGTTGTTGAATCCGTTCGGCTGCTGTCGTCATCGGGGGTTCCTTCGAGACCATTTGCCCCAGGGATTTGGACTATTCTTGACTATTCTTGGGGCGTGGTTTGGCCACATGGGGCAGTCCCCAGCCCAGTTTTTGCCGCAGCACATGGAAGAATTCTGGCGCACGCAGGCGAATGAAGCGGGCACGGTAGGGGGCACGTTGTACAAAAACTTGATCCTCCGGCTGAATGTAGCAGCCCGCATTGCCATCCACCACCAGAATGAGGTGCTTGAAGGGGTTCGCCGGATAGATCCACACCGGTTCGCTGTTGGCAAAGACAAGGGCACGGGAGGCTAAAGAGTGGGGACAAATGGGCACCAATTGTAAAGCCGCCACACCGGGGGTAATCACAGGGCCACCCGCCGAGAGGGCATAGGCCGTAGAACCGGTGGGGGTGGAGAGAATCAAGCCATCAGCAGCAATATCCACGCGGGCATGGGCACCCACATCCACTTCAAAGTGGCACATTCCCGTCAGGGGTTCTTTGTGGATCACCATTTCATTGAGGGAGAGGGCTTCCCAAATAACGGTTTGATCGCGGAGAACTTGAACCGTGAGCATCGTGCGATCTTCAATCGTGTAGTCGCCGCGCAGCACTTGATCAAGGGCAGGTTCTAAATCGGCGACATAGCCCTCGGTGAGAAAGCCCAAGTGGCCGGTGTTGATGGTGAGCAGCGGAATCTCACAGGGAGCCAACTGGCGAAAGGCAGAAAGCACAGTGCCATCGCCGCCAAGAACAACCGCAAAGGCCATGGAAGCATCAAAGCCGGGGGGCACCAGTTGATCAATGGGGGTATGGCAGACGGGACTATCGGGACGGGAATAGCCAAGAATGCCACCAATCCCCGTGGCCATGTGCACTTCCCAGCCCTGAAGCTCTAAGATTTGACGGACATGGGTAGCCAATTCGACCGCAAGGGGTTTGCCTTCGTTGTAGATGATCCCCGCCTTCACAGCAACTCCTAGGGGGTGGACTTAAAGGGACTGCGTTTTTTGCGTCCAGATTTTTTCTGTTTGGCTTTTTCGTAATCCAATTCTTTGAGTTTACGCAGAATTCGGGTGAAATAGTCCTGTAAATAGGCCTCAAGGGTCAGGGTTTCGCTGGGATCGAGGTCAAAGGTGCGATAGACTTCCTCCATCGGGGCATTGAAGACTTGACCACTGGCAATCACTTCCGTAAAGGCAAGGCGATCGCTAATGTTCCATGTCCACTGAAACCACTGGGTGGCCTGCCGTGCGGCTCGCAAAACCCCAATGGGCAAGCGAGTAATTTTTGCCTCCTGCCCTGAGAGATTTTCACATAGCTTAATAATTTCATCGGCTGTCCAAGCGCGGGTGCCCGCTAGATCAAAGGTTTTGCCATAGGTGGCAGGCCGATCAATGGCACGCACGGCAAATTTGGCCACGTCCTGAGTATCCATGTAGGCAATGGCGGTGGACTCTCCCAAAACCCAAATGGATTGATTTTCCAGAATCGGGATCGCATATTGGCCAATCAAGCCCTGAAAGAAGCCACAGGGACGCAGGATCGTGTAGTTTAGCCCTGATTCGCGCAAGAAGTCTTCGGTACAGTGTTTGATTTGCATCAGGGGCACGTGGGGATAGTC
NZ_CP134169.1_gap38	1370370	1370902	532	AAATGGCACAGGCGGAGACCCCCTTAGTCCAATACTGCTCTTCGCCGGGGAGATGGAGTCGTTTGGCCGTGGCACCCGTACAGATAATGACGCTGTGGGCATAGACCTGCCGCTCTGCTGAGCTAATGAGAAAGGGGCGTTGACTAAAATCCACCTGAATCACATCTTCAGTGACCATTTCTGTGCCCCAGCGCTCTGCTTGCGCCTTCATCCGTGCCATCAGTTGCGGCCCTTGAATGCCTTCCGGAAAGCCGGGAAAGTTTTCCACTTCGGTGGTGGTCATGAGTTGTCCCCCCGGCAGCCCCCCAATTTGATAGCCTTCAAACATAAAGGGCTTGAGGTTGGCGCGAGCGGCATAGATGGCTGCTGTGTAGCCCGCAGGGCCAGAACCAATAATGACAACGTTTTCAATCCGTGGCGGTGTCATGGCTAAAACAAACTCGAAACGACTATGAGTTATTTGATTTTAGCTTGATTTTCCGTGGCAAACAAGGGAAGCATCTTTGGGCATAATGAAACGGTTAGGCACGCT
NZ_CP134169.1_gap39	1373924	1377128	3204	CCTACTGCGGATTGAGAACTTCACCACCCTGCGTCAGCAGTCCTTCCGTGAAGCTTTTGATGCCGTCAATGCCAACTTCCAAACCATTTTTGCCACCCTCTCCGAGGGTGATGGCTATCTGCAACTGGAAAGTCCTGAGGATCCCTTTGCCGGGGGTCTGAATCTGGTGGCACATCCCAAGGGGAAACCCGTACAACGCTTGGCCTCAATGTCGGGGGGAGAAAAATCCCTCACGGCCCTCAGTTTTATCTTTGCCCTACAACGCTATCGCCCTTCCCCCTTCTATGCCTTTGATGAGGTGGATATGTTTCTCGATGGTGCCAATGTTGAGCGCCTTGCCAAAATGATTCAGCAGCAGAGCCAAGAGGCACAGTTTATTGTTGTCAGTCTGCGGCGACCAATGATTGAAGCGGCTCAGCGCACGATTGGCGTCACCCAAGCGCGGGGTCAACATACCCAAGTGATTGGCCTCGATTTGACCGCTCACCATTGATGCCTAACGGTGGCTGAAAAATAATTCCTAGATTTTCGATAGTTGATCGGCGTGGATCGTAGAGGAACAGTAGAATCCATTTAACTGTCAAAACCTCGAAGTTCTGCTGAGGAGTGTCCCTATGAAATACTGGCAAAAATTTGGCCTGAGCTTACTGACGGTGGCCTGTTTGGGAACAATTGCCCCTCGACCTGCCCAAGCCAATATGTTTACACAAACGGAAGTGGATCAAAGCCGCTATGTGGTGATGGCTGTGCCCCTTGCCCGCGGTGGCTATCGCCTCTTAGTGGTGGAGCAAATTAAGGATACTCGTCCCTGCTGGAGTGAGTCGGGCAGCAACCCCGTGGTGATTGACCCACTGTTGACGACGTTTGACTTTACGGGCATTTGTGGGCGGGCTACGGATAGCAATGGCTACTCGATTCGGGTGGCGCAACAGGATTTAGGGTTGCAGTATGGTCTGCGCATTGAACAGGGGGATGGCGAGTTACTCCTTGTTGGCAGTAGCAATCGCGGTGGCCCGCGTATGGTCATTGGCCGCACCCACGGTATGCAGGAAGGGCAATTTCTCAAGTTTCATCTGGAACCCACTTGGCGGCTAACGCGGCGCACCTATGAGGGGCAAGTGCTGGGTCATGTGTATTTCACCAATGACTCTTGGGAAGCAGCAACCGGGAGTATCCCTGCCCCTGCAACGCCCATCGGCACGGAAACCAACATTGATCCCATACCCACTCCCCAAAGCTAGGTTTACCGCTGCTTCATTGCCCGCTCCATCTCCCGTTTATCTTGGCGCTGCTTGAGGTCTTGGCGTTTGTCGTGGAGCTTCTTACCACGGGCTAGCCCTAGGGAAACCTTGACCCGCCCATTTTTTAGGTAAAGCTTCAGGGGCACAAGGGTTAGCCCCTTTTGTTCCACCTTGCCCACTAGCTTGCGAATTTCCTGTTTGTGGAGAAGGAGCTTGCGATCGCGCAGGGGGTCATGGTTGTAGGATTGGTTAGTGCTCTCATGGGGCGAAATGTGCACATTCATCAACCAAACTTCACCATTGCGGATGCGGGCAAAGCCATCCCGTAAATTCACCTTGCCAGCCCGAATGGATTTGACCTCAGTGCCAAGTAACACGAGACCACATTCATAGGTTTCCAGAATTTCGTATTGGAAGCGCGCTTGGCGATTTTCACTCAGGACTTTAACGCTATCACCCATTTGAGACTCACAAGGGTATTGCCAATATACCGTAGTTTAGGGGTAGGCGGAGTTTTCATCTTATCACTGCCCTCCCACCCCCCTGCTCAATGGTTATGACGCTATGCCCAAGCCGCAGCAGTTAGCGTTTTTGCAAGGCCTGCCTTTGATTGCAGTGGTGCGTGCTGCTCATCCTACTGCAGCGATCGCCCACGCTCAAGTCTGTATCCAAGCGGGCTTCACCTGCCTAGAGGTGACTTGGACAACCCCCGATGCTGCTGGCGTCTTGCAACAACTCCGTCAAAACGCTCCCCACTGCACCATTGGCGCTGCGAGCCTGCAAAACCCAGAAATGGTTAAAGGAGCGATCGCTGCTGGCGCACAATTTTTAGTGACCCCCCATACAGCCCTAGAGGTGGTGCCCCTCGCAAAGGCGGCCAATTGTCCTCTGATTTTGGGGGCATTAACGCCAACGGAAATTCTCCAAGCGTGGCGGGCGGGGGCAACGGCAGTGAAGGTTTTTCCAGTGATGGCGGTGGGGGGGGCGAGCTATTTACGCGCCTTGCGACCCTTGTTTGGCGAGATTCCCCTCATTCCCTGTGGCGGTATTGGTTGGGGGGATGTGGTACCCCTCTGGAAAGCAGGGGCGATCGCCATCGCTATGGGCAGTCAACTGGGTACGGATGTCACAATGCTCAAGCAGCAGGTGAACCAGGCTCGTCAGGCGTATCAGGCACTGACGCAGGGGTAAGGGTGCGCACCCGCTCAGCATGGAATCGTTTGCGGCGCCAGCGTTTGCCCAAATCGAGGCCAATGGTTTTGTGGAAATCATCCTGCACCTTTGCCGTGAGGCGGTAGGACACTTGGCGGACAATTTGAGCCAAGACGCGATTGCCTGTCCCTTGAATCAGGCCATGGGGCAAACGGTAGATAAACCGCGGAAAGTACATTTCCACCCGCAAATCCAGTTCCCAATTGACCCGCGTGTAATCAATGACATTCAGCGCCAACAGGTCGCTATCCGTCTCAGGGGTGGCTCGCATCGGTACCAAGGCCATGGCCGCTTGAAAATTCACCTCATAGTTCAAAAACGGCTGTTCGGGCACAGGAATTGTTTCAATGCGATAGACCCCCTGCTCTTGGGGCAGTAGGTGCAGTCCAATTTTGGGTTCCACTTCATAGCCATGGGAACCATAGCGGCCAATGGTGAGAATGTAGCCATGCTTGCCCACAGGTTCTGTTTTCATGGGATGGGCGCAGCGGTGAAACCATTCTTGGTGATTGTTCAAATAGGTCTCGTAGCGTTGAACGGGCGCATAGACTTCCATCCAGCCTTGGAATTGGTTGTGAAAAATAAAGGGGGGTAGCTTTGTCCCCTCTTGGGCATCGGTCATAGTATTAGATCAGCATTAGATCAGCATTTGGTGATTTTGATCCTGACATACGGCTGGGGGCGATCGATCGCTACTGCGGGGAACCTTGGAAATATTGTCCCTGTCCAATGGTTGGTTTACATTTCGTTA
NZ_CP134169.1_gap40	1382384	1383297	913	CCAAGGCCACACTGAGGGAAAGGCGGCGACTGGCTAGGGGGCGGTTTTGAGTCCGCTGCACATGGGGGTCAATATTGCGGTCCCAGCAGTCATTGACAATGCAGCCCGCCGCACTGGTGGCGATCGCCCCCACCGTGATAATCAGCAGCAACTGCAACGACGGCAAGCCCTCACTCGCCAAAGTTAAGGACCACAGCGCCGGAATGAGGAGAATCAAACGACCCGCAGGCTTATGCCACCGCAACAGTTGGGCAATGGCCACCCAAGTTGGCACTGAGGTTCTCGAAACTTGAGAATTCACCACACCGCTCCCACCGTGAATGCCACTACACTTAAAAATCTTAACTTTTCAGGCGATTTTGGGACGTTGCCGCCCCATTTGCCCTAGGTTTCTAGTTAGCCCGTTTGCACTCTGTCGATTTCCCCTTTTATGGCCAGAAAACCCTTTCACTTTTTCCGTAGTGCTGCCCCGCCAGACCCCACACCCCCCGCCGAGGAAGAAGATAACTATCTCGAAGATTACTTCTTTGATGAACCCGGCGCCATGCCCGGTACCCTCAGTATTGAGGCCGATGCGCCACCGCCGACAATTATTCTCATTGACTATCAGCCGGATCAGGCCAGCCGTCGCGTTTTAGAAACGCCGGAAGAATGTGGCCCCTACCTCAGCAGTCCCTCCGTCAGTTGGATAGATGTTCAAGGGATTGGCGATGAAGACGTGATGCGGCGACTTGGCCAAGTTTTTCACCTGCACCCCATTGTCCTTGAAGATATTGTCAATGTCCCCCAGCGCCCCAAAGTTGAGGATCATGACGATTACCTTGTGCTGATTACCCGCATGGTCACCCCCAAGGAAAATGAACACGGCTTTTATACTGAACAAGTGAGCTTTGTCTTGGGGCCGCATTTCTTG
NZ_CP134169.1_gap41	1435380	1438871	3491	CTACTACTAAGAGGGTTTCGTGGGGTTGTACCGCATCTTTAATGGCCGCCAGTTCTGCCATCATCTCGGCATCAATTTGTAGGCGCCCCGCTGTGTCAATAATCACGGTATCCACACCGAGTTCCTTGGCTTTGGCCACCCCTTGGCGAGCAATTTCCACGGGGCTAACTTCTGTACCCATCTCAAACACGGGCACGTCAATTTGTTTGCCAAGGGTAATCAACTGATCAATCGCAGCGGGACGATAGACATCGGTGGCCACCAAGAGGGTGCTGCGGCGTTCTTTGCGCAGGTGCAGGGCGAGCTTTGCTGTGGCGGTGGTTTTCCCCGTTCCCTGTAAACCGGCCATGAGAATAATCGTGGGGGGTGGCTCCACGTGAGCAAGGGGACTGTGGGATTCCCCCATGACCTCAACAAGGGCATCGTAAACAATTTTGATAAATTGCTGATCGGGACGAACCCCGGCAATGACCTCAGCACCGATCGCCCGCTGACGCACATTTTCAATAAAGTCTTTAGCGACCTGGAGGTTGACATCGGCCTCTAACAGGGCACGGCGCACTTCCCTAAGAGCTTCTTGGATATTGTTTTCGGTAATTTTGTCTTGACCCCGTAGGGTTTTCCAAGCAGATTCAAGGCGTTCAGCAAGGGCGTCAAACATGGATTACAGCTCAAGGGGCAACAAGAATTTCATTGATCTTAGAGTATCTATCGTAGCAAACCGTCTTCCCCATACCGTCTTGGCTGCCGATTTAAGCAAGGGGCTGCGAGTTGCAATTTGTAGCAAAGTTAGCAGTGGTCGTCAACCGTATCCGCTAGGCTTTCACGGTAAGATAAAAACATTGGGGTTAGAGTCTTTATTTTTATCAGGTTCTATAAAGACGGCCTATTAAAGGCTCTGATCGGCGGGAGGTGTCCAATGCTTGTGATCCTCACCCAAAATCAGATTTTACCGTCACAGTCTGTGTGTCAATCCTGCTTGTTTGCTGATCGCCAAGGCAAACCCCGCTGGCAGGAGGGTCAGCTCCGTTGTGGGGCGCCTCTAGGGAGTACTGCTGAAGCGGGATGTCAACACTTTCGCTGTCAAATGGGGTTTCATTTAGTGGCGGTGTCAGATTTGCCGACTCCTCTCGAGCAAGACCATTGAGGGAAATCGCCACCAAGGAATATCAATGCTGGAATTTGAGAACTACGATCCGGAAGACTTTTACGACGAGTGGTTTCTAGCCAAAGGCCAACCACGACCTTTTATTGAACCGCTGTTACAACGGGTGCGATCGCTGCCAGCGGGAGAACTGCAACAGCGCCAAAAAACCGCCCAACAGGTGATGTTTAACATTGGCGCCACATTCACGGTCTATGGTGCTGCCGAGGGCACCGAGCGGATCATGCCCTTTGATATTCTGCCGCGGGTCATTCCCGCCCAAGAGTGGCAAGCCCTTGAACGGGGTCTCAAGCAACGGATTGCGGCGCTCAATACATTTATTGCTGATGTCTATGGTGAGCAAAAAATTATTAAGGATGGTGTCATCCCACGGGAAATCATTGAGTCGGCCAAGGGCTATCTGCGTCCCTGCCACGACCTGAAGCCGCCGGGGGGCATTTGGTGCCATATTACGGGTACCGACTTAGTGCGCGATCGCGATGGCACCTTCTATGTTCTAGAAGATAACCTGCGCTGCCCTTCGGGGGTCTCCTATGTGCTGGAAAACCGCCGCGTGATGAAAAGCACGTTTCCCCTTGTCTTCAAAGAACTGCACATTCAACCTGTGGACGAGTACCCCAGCCGTCTCCTAGAAACGCTGCTGAACCTTGCGCCCCCCGGCCTACCGGATGCGACCGTGGTGGTACTGACGCCGGGGATGTACAATTCCGCCTATTTTGAGCATTCCTTCCTTGCTCAGCAAATGGGGGTAACGCTCGTGGAAGGGCGGGATCTGGTGGTGGCTGATGGTTACCTACAAATGCGCACAACCAAGGGTCTGAAGCGCGTGGATGTGGTCTATCGCCGCATTGATGATGACTTCATTGATCCAGCGGTATTTCGTCCTGATTCGATGCTGGGGGTCAGGGGTCTGATGGAGGTTTATCGCCAAGGGCGGGTGGCGATCGCCAATGCCCTCGGAACTGGCGTGGCCGATGACAAGGTGATTTATGCCTATGTGCCGCAAATGATTCGCTATTATCTCGGTGAGGAACCCCTACTACCCAATGTGCCCACCTACCTGTGTTGGGAGCCACAACAGTTGGATCATGTGCTCAAGAACCTCGATTCCCTCGTGGTGAAATCTGCCAACGAGTCCGGCGGCTATGGCATGCTCATTGGTTGCCAAGCCACGACTGAGCAGCGGGCAGAATTTGCGGAGCGCATCAAAGCCAATCCCCGCAACTACATTGCCCAGCCCACCCTTTCGCTGTCGCGCGTGCCCACCCTGCTGGGGGATGAAATTGTCGGCTGCCATGTGGACTTACGCCCCTATATCCTGTACGGCAAGGAAATTTATGTCCATCCCGGTGGTCTGACGCGGGTGGCGATGAAGCGTGGCTCATTGGTGGTGAATTCTTCCCAAGGGGGCGGGAGCAAGGATACTTGGGTGCTTAATGATTAGAGCCGTCTTTTGGGGACAGGGGATGCTAGCGGTAAGGCACCACCTATGTTAAACAATTATTAGCTATTAGCCAACGCTGATCGGTGAACTTAGCCTAAACTTGCTGCGGTACTGAAGGAACTTAAGCACATGAATGAATTTGAGACATCCCCAACCACAGAAACTACCCATACGGAAAAGCCTATTTTTGAACCAACGCCGGCACCAGCACCCTTAGCGGAAGTAGAGTCTCAGCCAGCGCCGCCGAAAGTGGGCGGTCTCACGGATGAACAGTGGCAACAGGCTCGTGAAAAACTCTATTGGCTCCTCACGGTCTTCCCCGATCAGGTTAGTGCATTTGTGGGTGAATACAAGCAGCCCCTGCGCACCCTCCTCATCATTCTTGCCACCATTCCTTTTGTGGCACTAGCGGTTGCCATTTTGGAAGTAGTGAATGCCATTCCCCTCCTAGGCCCGACCTGTGAACTCGTAGGCTTTGGCTACACTTGTTGGTTTCTCTATCGCTATGTCCTCTTTGAGTCCGGTCGCCGTGAACTTGGCCAAAAGGTGAATGAGTATAAATCCCGTATCCTTGGGAATGAAGGCGGCAGTTCTTCTTAAGCGAGTTCATGCGCCTGCATTATCTCCAGCACGTGCCCTTTGAGACCCCTGCCTACATTGCCCAGTGGGCGATCGCCCGTGGTTTTGATTGGCAAGGCAGTCATCTCTATGCAGGCGAGCCGCTACCCGCATTGACGGAGGTGGATGCGCTGATTGTGATGGGCGGCCCTATGGGGGTACACGATGAGGCTGTTTATCCATGGTTAGGGTCTGAAAAGGCCTTTTTGCGCCAAGCAATCGCCAACGGGTTACCCATTTTCGGGATTTGTCTTGGTGCTCAGC
NZ_CP134169.1_gap42	1623460	1628008	4548	CTTGCTTGGACGCGTGTTGAGGAGACCAGTGCTCGGGTGACGCTGCCGCTGACAAAACTTACACCCCAAGAGTTGGTTGTCCGCTGTCAAGCCGGCAGAACCCCAGATCGTGCTGCCTTTACTGAATTGTTGCGGCGATACCAATCCCATGTGGAGCGAATTATCTATCACCTCGCGCCCGACTGGGACGATCGCGCCGACCTTGTGCAAGAAGTCTGGATTCGGGTCTATCGCAACATTCACAAACTCCAAGACGCCAGCAAATTTCGGGGTTGGCTCAGCCGCATTGCCACCAACTTGTTTTACGATGAGTTGCGCAAACGCAAACGCCATCAACCGCCCCTGTCGCTGGATGCACCCCTGAAAACCCAAGAGGGTGAAATGAGCTGGGAACTTGCCGCCAGTGATGCCAGTCCCGATGACCGGTTGCGTACGGATGAATTCTATGATCAATTACGGCGGGCGATCGCCAACCTACCGGCAACCTTTCGGACAACGATTGTTCTGCGGGAAATTGAAGGCCTCTCCTACGAAGAAATTGCCCAAATCACTGGGGTTTCCCTCGGAACCGTGAAATCGCGAATCGCCCGTGCCCGACAGCGACTCCAACTAGAACTCCAACCCCACCTCGATCTCCCTTCAACCTGATGCGAATCACCCCTACCCTTTTCCTGCAAGGACAGACCCCTATGATGGACGAACTGGATCACTGCAAACGCGATACCTTTGAACTCCTGAGCGCCTACCTCGATGGTGAAGTGACGGCTGCAGAACGGCAACAGGTGGAAGCATGGCTGGCCACTGACCCCGAAGGCCAACGCCTCTATCAGCGACTCCTGACCCTCAAGCAACAGATGCAAGAACTGCCCGTACCCTTGACCCCCTGTCCAGCGGATCGTTTGGCCGCTGAAGTGATTGCTAAGGCCCATCGCCCCCGTCGTATTTGGGTCTTAGGGAGTGCAGGAGCAACCCTAGCGGCATCCTTCGTGGCAATGCTGACGGGTCTAATTCCCAATCCCTTCTCCAGTCTGCCTGTGGCTATCACCAGTCCTGCCGGCATTGAGCCAGCGGTATCTCCTCTACCGATTGAGCCAACGGCAGTTGGTTTGATGCTCAGTCTTGACCGTCCCCCTGTGGCCATTCCCGTCAGTGAAACGGCTCCTGCGGCGCTGCCGGCACCTTGGGCAAGTTCACAGCCAAGGACTGAAGCTACTGACCAGGAATAATCTCCGGCTTGAAGGGACGCTCCAAAAGACAGTTGAGGGCAGCTTGGGGAGTGAGATGGCCACTAAGAACGGCATTCACCATCGCCGTAATCGGGATATCTAACTGGTGCTGCTGGGCATAGGTGCAGAGCACGCGAGCAGTGTTCACCCCTTCAGCCGTCCCCTTGGTCAGCGCTAGGGCTTGGGAGAGGGATTGACCCTGGGCAAGATGCCACCCCACTTGATAGTTGCGACTCAGGGCGCTGGTACAGGTGGCGAGGAGATCCCCTAACCCTGAAAGGCCGTAGAAAGTTTCCACTTGTCCGCCCCAGTGGGTACCCACCCGCACCATTTCCACCAGTCCTCGGGTAATCAGGGCAGAGCGGGCATTGACGCCAAGACCCAGACCATCATTGACGCCACAGGCGATCGCAATCACATTTTTGAAGATGCCCCCCATTTCCACACCCCGCCGATCCTCATTGCTATAGAGGCGAAAGGTGGTACTGCCCAAACAGTCTTGCACTGGCTTGGTGGCTGCTGGCTTTCCCCCCACCACTGCCGCTGCCGGTAGTCCCTGTTGAATTTCACCGGCCAAGTTGGGGCCAGAAAGAACGACGAGATCGTGATGCGGGCAGTAGGTTTGCCAAATATCCGCTGCTGTGGCAAAGGTTTCTGCTTCTAAACCCTTGGTGGCACTGACAAGGATGGTGTCTAGGGGGGGCTTGAGGGCGGCCACTTGGGCAGCGACTTCCCGCACAGCTTTGATGGGGAGAGCCGAAACCAATAAGTGAATCTCTTGGAAAAGAGCAGCCGAGAGTGCCCCCTGCGATCGCCCCCAGCAGGAGACCCTGCAGCCCTGTTGCTCAAATAGGTATGCCAGTGTTTGTCCCCAATGACCTAAGCCCAAAATCAATACCCTTGGGGACATACCATCCCCGTCCTAGGGCGTAACCGTTAGATTTTGAAATTGTTGCTGCTGTCGTTTGCGAAAGGCCTCTGCTTCAGCATTAAGATTTTCCATTTGATCCGCCACTACTTCGTTGGGATCGCGACCATCCATCAAACGCAGGCGATTCATCAGTCCGGGCACGGAAAAGTTGCCATTCTGGGGATTAAGAATGCTTCCCAAATCATTGGTATTGCCGTTTTGTTGCCAGCCTTCCATTGGGTTATTCGTGTTTGCAGTCTGGGCAAGCGCCATACCCCCGAGATTGAGAGTGAGTGCAGCAAGGGCAAGACTGGTGAGATAGCGAGGTGTCATGGGTCACTCCTCAAAACATGCGCTAGGAATGCAGACGATAGGATGGCTTAATCGGTGCCGAGGGCTGTACAAGGGATTATACCAAGTCTTTGTCCTTGCCTAGGGGTTGCAGAAGTAGCATTGACTGGGATCGGCAACGGCTTCAGGAACTGGCACTGTGAGTTGGTGCAAACAGCGTTGACAGCGGTAACGGCTGGCTTTGATGGCGCTGGTGGGTGCGCCACACCGTTCACAGGGTAGCCCCGGCAGTTTCTCACGAGCCACAAACCCCGGCCAACCACACTGAGGACAGCCCTGAGCCATTGCTTGAACGAGGTCAGCAGCCGCTTGAGCAATCACCTGCATGCGCGTCGGGTTCATGTGGGCCCGCATATCGGTTTCAAGGTGAATGGTGGGGCGATCGGTTTCCAAGGTGGCGATCGCCCTTTGCAACTGTTCCTCGCTTTGAATCCCTTTGAAAATTGGCGTATTGGGTAGAGGATCCGCCTGCGCCATTGCAATCAAACCATGGGATGGAAAGCCCACCCGTGCGCCAAAGGCCAAGGCCTCTTCAAGATGACTCACGGTGGCATGGTTAAAGTTGGTTTCTAGGGAGAGCACCTCCCCCCGCAAGACAAGGTCATGGCGGCGATCCACAAGCAGGATGAGTTCGCGATCGCTCGGAAGCATCGGAAATTGCGGATGAGGGCCAAAGCTCCCCTCACTGGCAACCACTAAGTCTGCCTCCGTTTGTGTCAGCACCGCTTCTGCCTTGGCGAGAGCTGCCTCCTCTTGGGTGCCACAGCGGGGAATTTCACGGCTAAACGTCCCAAAGCGATCGCTATCAAAATCCGAGGCCACAACCACCGTTACCCCTAGACGCGCCAGCACCGGGGCGATCGCCTGCTCTTTGCCATGCTTGGTGGCAAGAATGGCTGTTCGTCCTTGGAAATAGGAATCCGTCGCCTTAAACATCACCGCCGAGGTATGCCTCAATCACCTTGGGATCATTTTTAACCGTCAGGGGATCCCCTAAAGCAATGAGTTGACCAAAGTCCAATACTGCCAAGCGATCGCACAAACTCATCACCAAGGGCACATGGTGCTCAATGAGAATCACCGTCAGGTCAAAGGTCTCCTTGAGGCGGCGAATTAACTCACAGAGGTCTTGCTTTTCCTTGGGGTTCATACCCGCAGCCGGTTCATCTAACAAGAGCAGGCGGGGTTGCAGTGCCAAGGCACGCGCCAGTTCAAGGCGGCGTTGTTCACCATAGGGTAAGTTGCCTGCCCGCTCGTGGCGCCGCTCATAGAGATTCACCCAGTAGAGGAGTTCCTTGGCGCGGTTTTCCAAGCGCTCCTGAACATACCGTACGGGCGCTGCTCCCCAGAGGTTTGCCCAAAAACCGGCAGGGGCATGGAGATGCTGTCCCATGCGCACATTCTCCCAAACACTCATCTCTGGAAAGAGGCGAATATTTTGAAAGGTGCGAGCAATGCCCAACCCAGCAATCTGGTGGGGCTTAAGCAGGTGCAGGGGCTGCTGCTGAAACTGAATTTCTCCTGAGGTGAGAGGAATTAACCCCGTCAGCAGGTTAAAAAGGGTGGTTTTACCAGCGCCATTGGGGCCAATAATGCCAAAAATCTCCCCCGTTGCCACGCTAAAGGACACGCAATCAACCGCCTTGAGGCCGCCAAAGTAGCGGCACACATTCTCTAAGGTCAGGAGTGGCTGCGACATCTAGGGCTGAGAAGGGGGAAGTTTCTCGAAGGCTTGGTAGGCCATGCGCGAGACTTGGCGAATGAGTTCACTACCTCGGGGATCATTGTAGGGGCGTTTCACCATCATTGCTGCCACATAGCGTTGGCCATTGGGCATATCCACCATGCCCGCATCTCCCACCACAATACCAATATCGCCAGTTTTGTGGGCAATCGTAGCCCCTTTGCCAAGGCCAGCGGGCAAGAGGGTATTAGTGACCGTGCGCCGCATAATGTCCAGCAGGCGATCGCGACTACGGGGGGAGACAATTTCCCCCTGACCAATTTTCAGCATCAGCGTTGCCAAGTCGCGGGGGCTAGTGGTGTTGGTGCCCTTCATAT
NZ_CP134169.1_gap43	1629779	1633582	3803	TTCCATCCCTGTGAAGAGGGCTGGGTTTTGGGCTGGCAGCAGGGGTCTTGACTTATGTGGTGTGGTTCTGTCAATGAGGAGTTAACTCATGTGGCGTTTTATGAGCTTGCATTGGCCAAAACTCAGTGCCGTCGGCATCCTGTACTGTAGTCTAGCCGCTGGCTTAGGTTATCTTACGAACCTACAACTGGATGCAATGCACAATCAAGCAAAAAATCAGGTAATCACCGTGCAATTGTCCCATAGCCTGAATGACCTCAATCCCTGAGTCAAGAGGCTTTAGCTTCGAGGGGGAGATCCTCCGTCAGACCAATTTCCCGTTTCAGCAGCTCAACCGACTGTGGATCAATGTAGCTTTCGCAGCAAATGAGACGGGGGATGCGAATCAACTCATGACGGGCCGCCGCAATGGCTGCCTTGACCCGTTCCCCACTGGCGCGATCGCTAATGATCGTGTGGGCACGGTGCACCAAGGCATTGAGCTTATAGCTATCGTTGGCTTGAGCCGTCACCAAGAGTAGCTCATCCCCTCGCAAACTGTGGATCATCACCTCGGCCACACCGAGGGTACCGGAACTCAGGCTCACCAACCCCAAGCAGGAGCCTTTTGGCAATTGTCGCACCACTTCCAGTTCCCGCTGGTAGTTGTAGATGTCGATGAAAAATACTCGCACGTCCTTATCGCGGGTAATCGCTTCCGTCATGCTGGCAAAATAGCGCACGGTAACGACAGTTGCAGAGGTATCGCCATCAAGGACGGTTTCTAAGTCTTCAAGAAAAATCAGCTCGACGGGAATTGGCAGCAGTTGTTGCAGTTCCTGAACAATCAGTTCGCCAGCCCCTTGATCGTGGCGGGGCACCGTCACCAAAACCCTCACTCCAGCTTTCTGGCGGGCATCAATCTCGGCAAGGAATAACTCGCGAATTTGACTCAGGGAATAGCCCATTTCGAGGAGGGTATCGACACTTTCTTGAACAATGCGGTGTACAGGCACAACAGCGGGTCGGCGTTGGCGAGGACGGGTTTCCTCTTGGCCGAGGGCACGCACATAGATGCCCGACCCCACTTGGGGCACGACTAAACCAGCAGCTTCAAGGCGTTCGTAAACTTTGCTGATCGTGTTGCGGTGCAATCCAGTTTGCATGGCGAGCTGCCGCGTACTGGGCAAGCGATACCCCGGCGGAAATTGCCGTGCAGCGATCGCAAAACTAATTTGGTTAAAGAGCTGAGTTGAAGCAGGAATTTCGCTATCTGGTTGGATGTGGAATTGAACCATACGTGTCCTTTCGCCCATCAGGTACTGTCCTAGAGGGATACGCCCTCCTTGGTGTGACTATGCCAGATGCAAAACCTACCCCCAATCGCTGCATAAACCGTCACAGTTAGTGAGTAATTTTACCGCACTTGCTACCGATCGTTCTTTTTGGGGCGATAAAGCACGGTTACAGGGTCACCACCAAGTTGTCGCGGTGGACAATCGTATCGGCAGCGGCATAGCCGAGGATCTTGGCTAGTTCGCTGGACTGTTGCCCCTGCACACGCCGGATTTCTTCACTGTTGTAGTTGACAAGGCCACGGGCAATTTCAGTGCCTGCGGGGTCACAGAGCTTAACAGCATCTTGGGCTTGAAACTCCCCTGCAACACGGGTGATGCCTGCTGCTAAGAGGGACTTGCCACCCACAGTAATGGCCTTAACGGCACCCTCATCGAGCCACAACTCGCCTTTGGGAATGAGGGCACGGGCAATCCAGCGTTTGCGGGCATTGATGGTTTTGGGACGGGGTTCAAAGTGGGTGCCCAAGGGCTCACCCGCAAGAATTTTTAGCAGGTTGGTGGGCGATCGCCCATCGGTAATGACAGTGCGTACGCCGGCTTCGGTGGCAATCTCGGCAGCCTGAATTTTGGTGGCCATGCCCCCGGTGCCCCAAGGGGAGCCAGCAGCACCAATTTGAATCGTTTGGGCTAACTCGGCTAAGGAGACCACCCGCTCAATGGGAACGGCTGTTTTATCAATGCGCGGGTCTGCTGAGTAGAGGCGATCGACATCCGTGAGCAAAAATAACCAATCGGCTTCCACAAGGCTCGCCACAAGGGCTGAGAGGGTATCATTGTCGCCAAACTTGAGTTCATCCACCGCTACCGTATCGTTTTCATTGACAATGGGGATGACGCCCAGTTCAAACAGCGCTTGGAACGTGTTGTAGATATTCAGGTAGCTCTGGCGATCGACAAAATTTTGCCGCGTCACGAGGATTTGGGCAATCGGCTGGCGCAGGACTGAAAAAAGATCATCGTACATGCGCATTAGGTGTCCCTGCCCCACTGCTGCCACTGCTTGTTTTTGGGCTAATTGTTGGGGACGCTCTGTTAAGCCCAAGCGCACAGCACCCACGCCCACCGCCCCAGAGGAGACGAGTACCACGCGATCGCCCCGCCGTTGACAGTGACACAAGACCTCCACCAGTTGGGCAATGGTGGCCAAGGCCAGATTTCCTTCTTTACCCCCCGTTAAGCTCGATGTGCCAATTTTGACGACCAGTGTTTGTGCCATGGGGAGTCGGGACGGATATTGACCAGTGGGTATAGGATCAGACGTGCTCATTGTATCGCGGTGGGAGACAGCCAATGAACTCAGGGTTTTGGTCTGAGGTGCTGCAGACCTGTCAACAGATTCAACAGGTGGTTGCCCCCCGTTTGCTGGAGTGGGCAGGGCAATCCCCCAGCGATCGCAAAGCCGATGGCAGCCTTGTTACCCGTGCTGACCTTTGGGCCGATCAAAAAATCACCGCGATGCTGCAAGAGCGCTTTCCCCACCATGGCTGCCTGAGTGAAGAGGGCAACCATACCTACGGTGGTGAACAGTGGTGTTGGATCATTGATCCGATTGATGGCACGACTAACTATAGTCATGGTCTGCCCATTTGGTGTATTGCCCTCAGTCTGCTCTACCAAGGCACACCCGTATTTGGCTATGTGCACGTTCCCGGCTTGCAGCAGACGTTTTATGGCTTCTATCAAGCCCCTGACCATGCCAACGGTGCCTATTTGAATGAGAAACCCATTCGCGTCAAGGTCAGTGAGCCAACGTTGCAGACGTTTTTTAGTCTTTGTGCCCGCAGTACTGATGTGCTCAAGCGCTCCTTCCCCTGCAAAATTCGCATGTTGGGATCCGCCAGTTACAACTTGCTGACCGTTGCTGCGGGTTATACGCTCGGTGCTGTGGAGCGCACACCTCGCATTTGGGATGTTGCCCCCGCTTGGCCAATTGTCCATGCCGCTAGTGCCCACTGGCAATGGTTAGACCCGCCAGAACCGTGGCAGAGAATGTTTCCCATTCAGCCGGGGCAGGAAGCCGGGAGTCGTATCTTTCATACACTGGTGAGTGCCAGTCCCAGCTTGGGGCAATTTTTTGCAGCGTACATTATCTAAAATGCAGCTTGAGGGGATCAGCTCATCAAAAATCATGCAAAGCAATCTTTATGAAAGCGACTTTTATGCTTGGACCCTAGAGCAGGCGAAGTTGCTCAAGGGAGGCGACTTTGGCCATCTTGATATTGCCCACCTAGTAGAGGAAATCGAAGCCTCGGGACGGCAGGAGCGGCAAGAACTAAAAAACCGCCTCGGTGTTTTGATTGGGCATTTGCTGAAGTGGGAGTATCAGCCAGAAAGACGCAGTAAAAGTTGGCGAGTCACGATTCAGATGCAACGACGCGAGATTAAGGATTTATTGGAGGAAAATCCTAGCCTTCAGTCTTATCTAACGAAGGCGATCGCCAAAGCCTATTTGGCAGGACTAGACTT
NZ_CP134169.1_gap44	1657185	1660270	3085	TTTGATTGTGGCGGTGGGTGTGGGTGTCTTTATTGCCAATATGCTGACGATCAAGCGCTTGGCGGATCTGCAATCGGAGGATGTGAAGGCGATTACCCACGCCGATGATCAAACGCCCCTCACCCCCGAGGAAAAAGAACTCTTCCGCGAAGCCAAGGGTCAACTACTACTCCTGCACCTTGGGGGTCCAATGAGTTTTGGCTCCGCTTGGGCAATTTCCCAGCGGCAGGCGATCATGTCGGACTATAAGGTGCTGATTCTGGATGTCAGCAGTGTGCCCCTGTTGGGGGTAACGGCAACGTTGGCCATTGAGTCACTCATCCAAGAGGCACAAAAGCATCGTTTAGCAATTTTTCTCGTGAATGGTTCGGCGGATAAGGTGCAACAGCGGCTGCAACGCTTCCGTATTTTGGATCGGTTGCCGGCAGACCATGTGGTGAGCGATCGCCGACAAGCCCTCGAAAAGGCGATCCAGTTTCTTCACCAACCGGAGGAATTGCTGGAGGTGACAACGGGCAGCTACGAATAACGCGAGACCGCCGGGTTGCCCTGCACATACCACCGCCACGGAATCTCCTGACCTTGGGAAATACCAATGCGAGTGGTTTGTACCACAGGGGCTGTTAGGGGTTGGGGTGGCTTTTCTAACCAGAGGCCGCTCTCTTTCCCTAGCATCAAGCCCGAAAGCTGGCGATCGATCCCCAAGACTTGGCACAGTTTCCCCGGACCAGCAGCACTGCGGGGGGGCAAGGGCGGACTAAGCATCTCAAGGGCACGAATGAGAACAGCACTGGCAAAATTGGGGCGATCGCTGGCGATATTCAGGCAGTGGTGAATGCCATAGATTTGATAGACATAGATTGTCCCTGGTGCCGCAAACATCGGGGCGTTGCGAGCCGTTTGGCGACGGTAGCCATGACACGCGGGGTCGCCGGCCATATAGGCTTCAGTTTCAACAATACGGCCGCGGTAGAGTTGACCATTGGCCTGCTGTCGCACGAGAAGACACCCCAGTAATTCTTGGGCAACCACTGGGGCAGGGCGAGCCAACCACTCAAGGGGCAGACACTGATCTTGCTCAGTGGGAACCCTTTTCAAGCAACAAATCCTCCATCAAGGCATGGCGCACGGGGGCATTCAAGCCAGAGACGGTGTAGAGCATGGCTTCGCGATAGAGACGCTGCACTGTGTGACTGAGCATCAAGGCACTGCCACCCGTTGTCATCAGGGCAGCCTGAGCCGCTTGGACGGCAAGGTAAATGGCGGCGGCGCGCAGTTTTGCATGGTGGGGGGGATTCAGGTTCTCTAGCTCTTCTTGAATCTGGTCGTAAAGGCGGTGCCAGCGATCGCGAAAGTGGTGATAGAGGTCTTTGGCGTCGGCACTCTCAGCGAGAATCTGCAAACTGGCACGGGCACAGCCCATGGGGGCGGCACTGCCCCGCAGCAATTGCTGGCGATCGCGGACGGCCAGCCAATCCACCTCACTGATACCCACTACATCTTCCCGCGGCACCAACCAATTCACCACTTCTGCTTGCACCGTTTGAGTTGAGGGCACAGCCGCTAGAGGCAAGGGCAATGAGAGGTGCAAAATGCCACCGCCAGCCTGTTGGGCATTGATAAAGGGCATGAGGGCAAAGAGAAGACGCCGATCGGGTAAAGGCGCGGCGGCCACAAACATGGTCATGTGCTGAAAGCCACTGAGCCAAGGCAGCGTGCCCCGCAAGAGGTAGCCCCCACTGGTGGGTTGAGCTTGTAGATCCACTGGGTTGTGGCGTAGGTGGGAAAAGCTGACACCAATCAACAGCTGCCCCTTCATTAAGTCCGCCAAGTAGGTTTGGGCAACGTTCCCTTCAGGATGTTCAAGAATCATCCCCAAGGCGGATTGATGTTGTGCCACCAAAAAGGCAAGGGCACCGGAGGTTTGCGCTAGTTGTAAGCTCAAATGCCAGAGCGTGCGGCGATCGCACCCCAATCCCCCCCTTGCCTTGGGTACCGCCAAACGAAAAATGCCCAAATTCCCTAGGGCTTGCAGACTTTCCGATAAAAGGGACTTTTGCTGATCAATGCGGTTGGCAATTGGCGCAACAACGGTACTGAGGTAGGTCTGAATGTCCTCTAGGAGAGGCTGCGCTGCGGGGTCAGCAAAGACCAAGGCATCCATAGTTTAGGAGTACGCCAGATGGGCACGGGGGTTGTAGGACTCAATGGCCTGAAGTTGCCGGTAGAGATCGCGTTCAGCATCACTCAGTTGGGGCGGCAGTGTAATGACAATTTCCACCAGTTGGTCACCGCGATCGCCATCGGGGCGAGGATAGCCCTTACCCGCCAGTCGCAAACGTTGGCCTGTGCGCACCCCTGCTGGCACCATCATTTTCACCCAACCATCGAGGGTCGGGGCTTCAATTTGGCCGCCGAGGGCAGCCTCACTGGGGGTCACGGGGAGTTCACAGACAATGTCGTAGTCCTCAAGGCGAAAGAGGGGATGGGGCGTCACTTGAATTTTCAGATAGAGATCACCTCCACCCGTACCTTGACCCCGCAGCCGAATCCGCTGACCCGTAACCATCCCCGGTGGCAGCGTCACTTCTAAGGAGCGCCCATCCCCAAGGCGAATCCGCTCCCGTCCCCCTTCGTAGGCCTTCTCGAGAGGGATTTCTAGGGTGGCTTCAGCGTCGCGACGACTCACAGCGGTATAGGCGGTTTTGACGGTGCCGGGGCGAAAGTAGTCTGTGTCTATCGTAGGCGAGCGACGGGGGGGATCCGCAGCAACCGTAGAGGTGCGGGGCGATCGCCGACCCAACAGTTGATCCAAAAACTCTTGAAAATTATCTTCACTGAGGTCGGGTTCTTCCCTGACACTGGTGCCATTGCGCCGAGCCATAGTGGTACGTTGGGAAGGGCGAGTGCGAAAGCCGGGCTGTGACCAATATTCACCGTAGCGATCGTATTGCTCACGGCGAGCCGGATCACTTAGGACTTGGTAGGCTTCACTAATGTCTTTGAACTTCTCTTCAGCAGCGCGATCGCCCGGATTCATATCGGGATGATACCGCCGCGCCAGCCGCCGATAGGCACGTTTAAT
NZ_CP134169.1_gap45	1662252	1665374	3122	TGCCCCACAAGGCGCTCGCCATCTTTGCCAAAGGCCACCACAGAGGGGGTGGTGCGGGAGCCTTCTGCATTGGCAATCACAACGGGTTTTCCCCCTTCCAACACAGCAATGACGGAATTGGTTGTCCCCAAATCAATGCCAACAATTTTGCCCATGCCGTTTGAACGACTCCGCACTGGTTAGAATAAATGAATAGCGTTATAGTAACGGATTATTTACCCTTTGTTACGCTTATTCGATTGTACGAGATCTGCCCCAGACCGTCAGAGAATCACTCTTTCCCCTGTGCTGCGCGATCGCTACAACGATATGAACAACCTCAGTCCCCACACCTCCCATTCACCGCTGCTCATCTTTTGAAGTCTAGCGGTAAGATGACAGGCAAGAGGTTGCAGCACAGCTTATCAACTGTTGCTACGCCCAATTCCGAGAAGGAGACCGTTCTATGTTACACCGCAAGCTTTATCAACTCTATACCGACGGCCAAGAAGTCTGGATTTACTTGCGGGATCAACAACGCCTGATTGACCGGGCACGCATTGTGGACATCGAAGGGAATGTTGTTACCATCCGCTACGAAACGGAGGAAGACGACGAAGTGTGTGCTTGGGAAGAGATCGTCAATATCGAAAGCATTGGCTCGATTTCACGGCGGCTCGCAGCAGTTCCGCGGGGTTATGCGGAGTTACCCATTGCGGATGAGTGTCCAGAGGCGGAGCAACTGCCGAAGCATTCCTCGGAAACCGAACACGAGCGTTGATTCTTGCCCATGCGCTCAGCCCCCGTTGTGGAGGAGATAGCCACGATTGATGCCCAGTACATGGGGCGCTGCCTTGAGTTAGCCGCTCGTGCCAAAGGCTGTACGGCTCCGAATCCCCTCGTGGGCTGTGTGATTGTGGCGGAGGGACGGGTGATTGGGGAGGGGTTTCATCCCAAGGCAGGGGAACCCCATGCCGAGGTCTTTGCCCTGCGCAGCGTCAGCGAGAGCGATCGCCCCCTCCTCAGCAAGGCCACCCTCTACGTCAATCTTGAACCCTGCAACCACTATGGCCGCACGCCCCCCTGTACCGAGGCGATTATAGCGGCGGGTATTCCCAGGGTGGTGGTGGGCATGATTGATCCGAATCCCCAAGTAGCGGGGGCGGGGGTAGAACGGCTGCGCTCAGCAGGCATAGAAGTCACCGTCGGCGTGCGGGAAGCAGAGTGTCAACGCCTGAACGAAGCGTTTGTGCATCGGGTGCGCTATCAGCGTCCCTTTGGCATTTTCAAATACGCCATGACCCTCGATGGCAAAATTGCCTCCAGTGCCGGCCACAGTCTCTGGGTGAGTGGTGAAGCCGCACGCGCCATGGTGCATCAACTGCGCTCTGAATGCGATGCCGTGATTGTGGGGGGCAATACCGTGCGTCTGGATAATCCCCTTTTGACCTCGCGCCATGAGCGCAATCCCCTACGGGTGGTGATGAGTCGTACCCTTGATCTACCGCCGAATGCCTCTTTGTGGGAAACGACCACGGCTCCAACATTGGTGGTTACCGCTGCTTCACCCCAACATCCCCTCATTCCCCAATTGCAGGCACGGGGCGTGGAGGTGGTGCACCGAGAGCCGCTAACACCGACCACCGTTATGGCAGAGCTGCATCAACGGGGCATTATGACGGTGCTTTGGGAGTGCGGCGGTTCCCTTGCAGCGGCAGCGATCGCCGAAGGCATGGTACAGAAAGTGTGGGCATTTATTGCGCCAAAAATTATTGGTGGCTCCGATGCCCCCGCCCCAGTGGCCGATCTCGGCTTAACCAAGATGAATGAGGCCTTGTGCCTCGAGGACGTGACTTGGCAAACCGTGGGCGAGGACATTCTCGTGGTGGGCTACCTACCGCCTAGGCCTCGGGTTCCGTCAATTCAATAATGGTACAGCCCGTTTCTGTGGGGGGCGTATCCGCCTGCTCATAGAGCAAATCAATCCACAGTGACTCCGGGTAGGGCTTGCGACTAGAGACATAAAAAAGCCAATGCTGGCTGACATTGAGGGACTCGCGCCGCAGCTTGGCCATTGCCGGGGTTGTAATCAGGCGCAGAGCAGCGTTGGCATTGCGCCACTGCTCAATAATCCCAGCCGCCACCCGCAGGGTTTCCCCCTCGCTATTTTCTAATTCCAAAATGCCGTCAATGTGGATACTCTCCCACCAGTGCTGTGGATCCCGCAGATCCAATCCTTGGCCATCCATATAGTCAATGAGGTTGGGAAGATATTCGCGAATAAAGTTTTGGACAACACTAAAGGGAGGAAAAGGACGCAAGACTTTGAGGCGGCTTGCTGTTTGTTGAAACCACAGCTTGTGGTAAGTCATGGGGACAACGCTCCATCAAAAAGGCGATCGCCAAAAATCGTTACAAACTGGTTTATTTTACCAAGCAAGCTTGCTCTAATTGTTCCTAAGAGCGAAGATGAATATGTGCCACTTTTAGCGCAATTTGGCACAAGGGTTATAGGACAATTTTGGTTTAACGATCAACGCTGAGAAGGATGTCAACTGACTTACATTATTAAAAAAAACTATACACACTGATTAGCTAACTTTACTCTACTTATTTATTTATTGGAAATAATGATTTTTCTTTCATGGGTAGTAATTAAGCCCAAGTCGTGATGAATTCAGGTTTTTTTGATTATTGACCAGTAGGTAGAAAATTCGTATTTTTATTTTGCAGCAAGTAATTCACCCCCCCAGAGAGGGCAGGACGAGGCAAGGGGGTGGCTTGTCATTTGGTTGTGGATTGGGTAAAGTCACCTAGAAGTTTCGTCGTGGTGCCAAAACACCCTTTGCATAAACAACAGATTGGGACAGTTTTAGGCATAGATGCGGCGAGTGGCCTCTGGCTACCTTGGACGATTGCTCATGATGTGTGTTCTCGGTTCACCGCTTTGTCGAATCACTGTCAATTTTGTGTGCGAGGAGGATTACCTTGAGCAACGATAGTCGTACCCCTACCGCCTCTCAGGATGCACCTCTTGCGCCTGCTGCTATGCTTGGTCGTTCGCTGCGCTCCCTTTGTTCCTGTCTGCCCCTGCTGGGTACCTTTGTTCTGATTCAGCCTACGCAAGCCCTTGATTTGACCAC
NZ_CP134169.1_gap46	1704179	1706390	2211	AATAATCGGAATTTCCCGTTCAATGGAACCAAGGCGCCAGCGGGTATCGGCCAGCTGGGGATCAAGAGTGCGGTTGCCGGGGACAAGGGCAATTTCATCAATACCGTAGGCGCGACGGGCGGTGCGATGTCCCCCTAGTTGAATCGTCATGGTGTTCCTCGCAGTAGGTGGGCTAAAGGATCAAGTACGGTGTCTAAGTTGTTGTTGACAGTGCAACAAATTTACAAAAATTTACAACACTTCGACAAGCCATGCCTTGGCGCTAGTTCAATGGGGGATTGGGCGATCGCCGAACCGGGCGAAAGGAGGTCGGACGCGGCGATGTGGGCGATGAACCGGGACGCTGAGGGCGCTGGGGACGGGCTGGCCGTGCCTTGGCTTTCTTGGGCTTCTTGATTTTGCGGGGGGGCAAAATACCCACCGTGGCTGCCTCCTGAACCACTAGACTTGTGCCCTGTCGCTGTACCTGAAAGTCCCAAAAGTATCCGGGTGACTTCATAGGCACGGTTCCTGTTAGTTTCAGTTTGAAAGCTTTGGGTTTCTCGCCCCGCCGACGCGGCAACTGTTGAATTTTAACGACGACAAAGTTCTTTTCTTGGGAGTTGAAGATCACTTCTCCGCGTACAGAAAAGTAGCCGTCATTAACGCCGGGATCCGCTGCTGCGGCATTGGCCTGTTGCAGGCGTTCCGGTTCCCATACACCCACAATTTGCAGGTGCAGCTTCACCGCTTCTTTGTCAACGTCGCGGGTGCGGGGATAGACCACCCAGAGGTGGGGTTCATTCAGGTCGAGATATTTTTTAATCAGGTTCATCACCTGCCCCAAGAGGACGGTTTCAATTTCCACGCCATCCTCGGTCATCATCACCCCGCGGTTGAACTCCTCCTCCGAAGCGGGTACATAGCGACCGCGCACAACCCCGATCGCCCGATATTGCATCCGTTCACTGGGGGGTGGGATCGGCTGGGGACGGGAAGGAAGATCTTCTTGCTCAGAAATCGCTTCTTCAGGAGCAGTATTGACCTTGGGCGGTGAGCTACCCGCTACCGCAACACCGAGAATTTCTGGGCGAGATTTGGTTTCTAACTCAGGGGAAGGCGTTGGCGGAGTCGCTGGGGTCTTCTTGGCGCGGGGGCGCTTGGCCGGGGGTTCAGCAGTCATGGCAATTCTCGCAAACAGTCTAAACACCAACTGAGCACCTGTTCAGATGAACAGGCCACGGCAATTCTCAATTGGGGTACTCTCAATTATGCGTTGCCGCTGTGAGCTAAGCAACACTTTTGTTCCTGCCAAAAGTTGTGAGAACTATGAGCTGGATGCAACGCTCTCGATTTGGACGATCGCCCCAAAATCGCCAATAATTGCCGCACAATTGCGCAATAGACCAAGGAGCGCTAAGCGATTGGCACGTACCGTTGCATCCTCTGCCATCACCAGTACACTTTCCTCGCCATCGAAGAAGCGACTGACAATCGGAGCCAAGGAGGCTAGGGCACGAACAATCTCGCCATAGGCGCGCTGCACTTGAGCTTGCTGGACGGTGGGCAAGATGTCCTTGAGGGCGGCATAGAATTCCTTTTCAATGGGGGCTGCGAGGTGCTTGGCCTTGACGGCACGGATATTCAGGCAGTCTGTCCCTAGGGTGCCTTGGCGTGCCAAGCGAGCAGCGCGGTTTACCGTGGGGTAAATCGTCATCAGTTCACCGGATTGGCGCAGTTTTTGGAGAAATTGGGCGCGATCGCGGGCATCCACCACATCCCTGAGGGCACGCGTCTGCAACCCCGGCTGATCCTCTGGAATGACGGCATTCACCAAGTCATACTCAATGCCGAGTTCTTCTTGCAGTAGGGTTCGCAGCCGTTGGCTAAAAAACTGCCGCAGTTGCTGCTCTAAGTCAGCGGCACTGAGCTTGGCGGCAAATTGGCGACAAAAGGCTTGGGCAGACTCCTGTAGCAGAGCGAGGAAATCCAAGTGATGTTCCCCCTGCCAGAGAATGGTGATCACGGCATTGGCAGCCCGCCGTAGGGCAAAGGGATCTGATGACCCCGTGGGACACAGGCCGATACCAAAAAGGCAGACAAGAGTATCCAAGCGATCGGCGAGTCCCACCACCTGACCCGTGAGACTTTGGGGCGGGCGATCGCCAGCAAAACGCGGCAGATAATGCTCAAAAATCCCCGTCGCCACCGCTGGCGCTTCCCCGGAGACCG
NZ_CP134169.1_gap47	1864553	1867784	3231	GGGGGCTATGGTGAAAGCCGCATTGTCCTCATGCCCCGGGATCCGCAGTGGGCCTACGCCTATTGGGATGTGCCCAACGAGCACCGCGAAGAATTGCGGCGGCAAGGGGGTCAGCAACTGGCTCTCCGGCTCTACGATGCCACGAATATCAACCTCGATAGCCAAATTCCCCACAGTGTTCAGGAGTACCCCTGCGATGAGTTGGCGCGGGAGTGGTATCTGCCCATCCCCGTGAGCGATCGCGACTATGTGGTGGAAATTGGCTACCGCTGTGCCGATGGCCGCTGGTTGGTTCTAGCCCGTTCTGCCCCTGTGCATATTCCCCCCACCTACCCCTCAGATTGGGTCTGGGATCAATTCATTACGGTGGATTGGGATATGGATCTGCGGGGCAAAACCCTCTTTGATCTGGGGGCACCCTTGGCGGGCACTGCCGAACCCCATCCCATTTACGAAGGCATCTTTGCCATGGCCGAAGGAGCCGAAGCGCAGCGGGTGGCAGGTTCTCTCTTTGGTTCCATGCACCAAGTCCCCGGCTCCATCTCCCAGTTGCCCGAAATGGCCATCAGTTCCTACGTCTTCCCCTCTGGGGTTGGCCTATGGGCTGTGCCGACGGTGTCGGGTCTGACGATGTCGGGCGTTGGCTTCTCAGCTTCGGCGGCTCCCATTCGTCCCCGCAAATTCTGGTTGGTGGCGGATGCTGAACTCATTGTCTATGGGGCTACGGAGCCAGATGCCACCGTCACCATTGGTGGGCGCCCGATCAAACTCAATCCCGATGGTACATTCCGCTTCCAAATGTCCTTCCAAGATGGCCTCATTGACTTCCCGATCTTGGCAGTGGCGGCAGATGGGGAACAAAACCGCGCCATTCACATGAAGTTCACCCGCGAAACCCCCGAACGTCGCACCAATCCCAAGGAAGAAGCAGTGCTGGAGTGGCTGGCCTAAGCGAGTTAGTTGGCTCAATCCGTGCCTTTCCCTCTGCCGAGTGGTGGGGGGATTTTTTTAGGCACGCAAAAAGGCAAGCAGTTCACGATTGACCAGCCCCGGCACTTCCTGTTGTGCCCAATGGCCACAGTCGGGCAGATATTTCAGCCGCCACGGTGCATGGATCCACGCTTCGATACCGTTGGCAAGGCTGGGTTGGGCGAGGGGATCATCGGCGCCCCAGAGGATCAGGGTGGGGCTGGTAATGGCTTCCGTGTGCTGTTGCAGTAGGTGCCACCACTGTTGGGGTGAAAAAAGATGGCGATAACTTTTGAGCACCGCAGCGATCGCCCCCGCTTTTTCGAGAGCCGCTTGATAGAGTTGCACGGTTTCTGCCGAGAAGGCAGCCTTGCGGATGGAGTAGCGTTGAAAGAGATCCTGCAAAAAACTCCGCAGATTATGCCCTAGCCAGTATTCCGCCAAGCCGGGGATGTGGCAAGCCAACAGTGGCCAGTTGCGCCAAAAATGCTCTACCTGTTGCCAGAGTTCCAGTCCCACACGGTAGGGGTGGGGGGTATTCAAGACGGCTAAATGCTGCACCCTCTGCGGAAAACGTGCCGCCACGTGCCAAGCAATCAGGCCACCGCAATCATGGCCGACAATGTGGGCGCGTTCATAGCCCAGTTCTTGGATCAGCGCCGTGACATCTTGGCTGAGGGTATCGAGATCATAGCCGTGGGCAGGCTTCTCGGAGTCATTGTAGCCCCGTAGATCTGGCACTACAACCTTGAAATGACGAGCCAGTACGGGAATTTGAAATCGCCAAGAGTACCAAAACTCTGGAAAGCCATGCAACAGAATCACAAGATCACCGCTGCCTTGGGTGACATAGTGCAGGCGTACTTGGTTAACGCTGAGGTACTGGTGTTGCCAACTAAGGGACGCTTCAGTCATTGAGGGTGGGGATCAAGGTAGAAGGAAAGTCCAGCTACTTTTAAGCTAGCACCGACAAAAGATCGAGGGATAGCCCCGACAGGATTAAACCGCAGTGGGGATACGGACTTCCTTGAGGAGATTGGCCAGTTCTTGCAGTTGATTGATCGCCTCTGCCCCTTCGAGTTTCATGAGTTCGCGGTCATCGCGCATTTCAGTCCAAGTGATCCCATAGTCAGAGACCAAAAAGCGAATCAGGTGGTTGTCGGCCAAGCTGACCATGAAAGAGGCACTGTTGAGTTCACCGCCACAGGTGTAGCAGGAGGCCATGTAGCCTCGGTTTTCTAGGGCAATTGCCAGAGCTTGCAGGTTCAACACTAAATCGCGAATAAACTGGCGGTGTTGTTCGGCTAAACGGTAAAACATAGGACGATGCACTCCAAGCAATGAACAAAGTTATAGCACAGCTGCTAGGGAAATATTAAGACAATCTTAAGAAAGGGCAAGGCCGTACCAACGTTGTTAAATTCCTGCAGCCATTTGTAAAATTTGATAGAAAAATAAGGGAAGCTCAAATTTGTTATCGAAACCATCCTATGAAAGAGGAGACTTAACAGCTGCCCGCTGGGGATAGCCCTCCAAAGCGCGACGTTTACCTCTGGCTACCCTTTGCTCAACGTTTTAGCGGTTGTTGATTTGTTCTTGCTACTATACTCTTCATTTTAGCTTTAATCTACTTTAGGATTGGCTTTACGTTTCTAGGGTAGAGTAGCCCTAACGACATATCTTGCAAGACAATGCCAGCAACCACGATTGTTCCCGTTGCCCTTGCGGTTCTTTACCAAGGCGATCGCGTCCTTATGCAGCTGCGCGATGACAGTCCCCATATTTTGTATGCCGGCCACTGGGGACTTTTTGGCGGTCATCTTGAACCCGAAGAAGCACCGCTCGCGGGCGTCCAGCGGGAAGTCTATGAGGAGATTGGCTACTGCCCACCTCACCTCACCTTTTTTGGAGAGTACGGCGATCCCCAAGTACATCGCTATATTTTCACAGGCCCTTTGACGTGTGCACTGGAAAACTTGGTACTCAACGAAGGACAGGGCATGGACTTGGTACCCTACGATTCGGTGGTGGCTGGGGTTCACTATGCCCAAACCCTCGGCGAAGATCGCCCCTTAGGCGCCATCCACCAGCGCATTCTGCTGGATTTCTTTGCTAGGAGAGAATCCCCCGTTTAAGCAGCAAACTGTTGCAGCACCCGTTCGGGGGTTCCCAGTCCTTGGACAGAGCGATCGAGATACAGCACCTGATCACAGGTTGCCCTTACCCGCTCCAAGTGATGGGAAATTTGTAAAATTGCCCAGC
NZ_CP134169.1_gap48	1869139	1873293	4154	TCTCAAGGCCATTTTTGACCAAAACCCTTGCTGTGGCCAGCAGCCGCACATCCTCAGGCCGCGCTTGAAAGTCATGGGGGTCAATATTGGCCGGCAAGAGTTGCTCAACAGTGGCGCGATCGCCTGCGACCGCTTTTGTAAAGGCAGTGATGGGTAAGAAAGTCGTCACAATGGTGAATTGGGCTTCTGCCTGTGAGGTCTCTTGCTCCTGTGGCGACTGGGCTTGGGGGGCACAACTGCCCAAAAATACCCCCAGAGTTACCAGCAGCCCCCAGCGTTTAAGGTGAGCTTGGATAGCCATAGAGAAATAGATGAATGATAACCATTCTCATATTTGCACACTTAGGCAGGGAGAGCAAGCAAAAATAAAGGGGCAAGTCTAAACCTCCCCCTTCGCAAAAACCAATTAGCGATCGCGAGTTTTTAGCCTTCGAGATTCAAGAACGGCAAGAGTGCCATGATCCGTGCCCGCTTAATCGCCACTGCAAGTTGTCGCTGTTGCTTGGCCGTGAGACCGGTCACCCGCCGCGGCAAGATTTTCCCCCGTTCAGTGATAAAGCGCCGTAGTAAATCAACATCCTTGTAATCAATGGGCTGTCCAGGGGGAATGGGAGAAATGCGTCGCCGATAAAATGCCATAGCTGTCCTCTAATTACTTGATTTCTTTGTGAATGGTGTGCTTGTTGCAGTGGGGGCAAAATTTCTTCAGTTCTAACCGCCCTGTGGTGGTGCGACGATTTTTGGTGGTGGTGTAGCGAGATACGCCAGGCGATCGCTTGGCCGGATTAGTGCGACACTCTGTGCACTCTAGGGTGATAATGATTCTGGCGCCTTTTGCTTTAGCCATGGTCTTGCCTATCTATCCAGTGAGCCGATCTCTAATTATGGCAGATCTTTGCGGATTTTGCTCACCAATTCAATGAGCTTGCGATCAAGGGCAAAGCCCCGCCGACAGCGATATACCTTTGTGCCGCCAAGGCGATCGTGGAGCGTGCGGTGCTCTTCATCAATCCACGCCAAGCTACAGTCAACGGCCAAGGGCAGTGCCAAAATAATCAGCGCCATACTCGGGCCATAGGACTCCAAGCCTGCCAATGTCAACAGCGCCCCGACACCAATCACCAGTTCTCGCTTGCTGAGGGAAAGGAGATCCGGTGTCCGCTGCCGCTGATCCAACAGGCGCACATTCATTAGCCAATGGCCGGGGCTTTGACCCTTATTGCGGTTCACCATCGCCACCCGCAGCAACCACCAAACGATGGCAAAAACAAACAGTTGCTCCCACTGAATGGCTGCCCCCGGCGTGATACCGACAACACTCGTCAACCAGATGAGGATAAAGTCAATGCTGGTGGCGATCGCCCGTCGCCAAGGCTGAGCCAGTGGTAAGGGGGGTGGATATTGACGGGAAAGTGCCATAGCAAACACGCGGTGGCAAAAGGCCAGAGAGTGGCTAGACTAGTATAGCTTGAGGCCGATTCCCTCAAAAAATTCTGCGGAGTTTGGACGGTGCAACCCGTTGATTTGACCACCCTGCGTGCTGTTTGTGCCGATCTCCAACATTGGCTACCGGCACGGCTCGAAACGGTTTACCAGCGCGATCGCCACACGATTGCCTTGGCGCTGCGCACGCTGAAAAAACAGGATTGGCTGACCCTCAGTTGGCATCCCCAAGCGGCACGCATTGCCTTTGAACCACCGCCCCCCCGCCAACCCGACACCTTTACTTTTAGTCAGCAACTCCATGCCCAACTCAATCGCCTTGCCCTTGTGCGGGTGGGGTTAGTCAACCCTTGGGAGCGCGTCTTGGTCTTGGAATTTGCCCCTCGTCCGCAGGCAGCAACGCAGTGGCGTCTCTATGCCGAGATCATGGGCAAGTACAGCAACGTGATTCTGGTTAACGCTGCCGGGGAAATTGTTACTGCTGCCCACCAAGTCAATGCCCAACAGTCCCGCTTGCGCCCAATTCTGACCGGTCAACCCTATGTGCCCCCACCCCCCCTAACGGCCGCGTTGCCCAGTTGCGAGATTCCCTTTGAGCAGTGGCAACAACAGGTAAGCGTGATTCCCGGACTGCTGCGGCAGCAACTTCTGAAGGCCTATCGGGGACTGAGTCCAGCCTTGGTACAGCAACTACTGGCGGATGCCGCATTGTCCCTAGAAAGTCACACCACAGAGCTAACCGCTGAAGAATGGCGACGGCTATTTGACCATTGGCAGCACTGGCTGGCGTGTTTAGAGAGCGGGCATTTTGTCCCCCAATTGACATCAACGGGCTATCGCGTCATTCCCCCTCTTGGGACTCAGAGCCAGCCAACGGCCACTATCCATGAGCTGCTTGCCACCTACTACCAAGACCAACTGCGGCAACAGCAAACGCAGCAACTCCGTCAACAGTTGCACCAGAGCCTACAGGCACAGCGGCAAAAACTGATCGCCAAAATTGAGGGCTTTCGGGAACGCTTAGCGGCGGCGGCTGGGGGCGATCGCCAGCGGTATTTGGCCGACCTACTGATGGCCCATGCTCACCTGTGGCAACCGGGGATGACGAAACTGATCGTGACGGACTTTGCCACCCAAGAACCCCTTGCCATTTCCCTCTCGCCAGAGAAGAGTGCCATCCAAACGGCGCAGGAGCTGTACAAACAACAGCAGAAACTCAAACGTGCCCAGCAGCACATTACGCCGCTCCTCACCGCTGCTGAAGAGGAACTCGCCTATCTCGATCAGGTGGCGGCCACCCTCGCCACAGCCACATCCTTAGATGTCCTTGAGGAGATTCGCGCTGAATTGATTCAACAGGGATACCTGACGGCGCCCGATTACTATCGTCCCCCTACCACGCCCAGTCCCTACCTACGCTATACGACACCAAGTGGCTTCACGGTTCTCGTGGGGCGCAACAACCGCCAGAATGACGATCTTACGTTTCGCGTTGCCAGTCCCTACGATTGGTGGTTTCACACCCAAGAGATTCCAGGAAGCCACGTGATTCTCCGCCTCGCAGCGGGGGAGGTGCCCAGTGAGAAAGATATTCAATACGTGGCGAATTTGGCGGCCTACCATAGTCAAGCCCGTGCCAGTGCCCAAGTACCCGTGGTCTATACTCGCCGCAAGTATGTGCAAAAACCGAAGGGCGCTCCACCGGGGATGGTGATCTATGATCAGGCGACAGTGGTGTGGGGGTGCCCTCTGAGTGTCAGTGATGGCTCTTCCGATCTGTCCCAAGGGGGTGCTGGCGGCGATCGCCACGGGATCATGGCAGAATAGAACCGTGTTTTTTACGACACCATTGACTGCTGAGGTTCTATGCTGCGCCTAAATCGAAAATCCCTAATTTCAATCCTATTAAGCGTTGTTGCCATTATTTTAGTCGGCTGTGGCAGCCCCAGTGCCACGACCACCCCTCCGCCCACCTATAGTGAGTTGCAAATTACTCGCATTCAAGACTACCTGAGTGACATTGAGAAAAATGCTGAACGCTTTGCCGACCTAGAGGTCAGTGTGGCCAAAGGGGATTGGCAGGAAGCCCGCAACATTATGCGCGGCCCTCTCGGTGAAATGCTGATGGATATGCGTGCCCTCAACCGCAATCTCTTGGCCAAGGATCAACCCACCCCCACAGCTTTGACCCGTGCCCTGACGGATGACTTCCTGAAAATTGATCAGGGGGCGGATCTGAATAGTGTCACCGTGGCTCAAGAGGGCTTCCGTGATGCTGAAGCGGACTTCAAGGCCTATCTCAATAGCTTGCCTGAGTTGTCCTAGTCCCCTGCGTTTCTCCTAGGTTGATAGCCGTTGCCCATGTCCTTCGTCGGTCTGCATATTCACAGTGATTACAGTCTCCTCGATGGAGCTAGCCAGCTTCCCGACCTAGTGGCACGGGCAATGGAATTGGGGATGCCCGCGATCGCCCTCACGGATCACGGGGTGATGTATGGCGCCGTTGAACTGTTAAAGTTGTGTCGCGGCAAACCCCTGAAGCCAATCATTGGCAATGAGATGTACGTCATCAATGGCGACATCACCAAACAGGAGCGCAAACCCCGCTTTCACCAAGTGGTGCTGGCCAAAAATAAACAGGGCTACCACAACCTCTGCAAACTCACCACCATCTCCCACCTGCAGGGCTTCCAAGGCAAGGGCATTTTTGC
NZ_CP134169.1_gap49	1881984	1885656	3672	TGACCAAGGGCATGATGAGGTCTTCAACAACGGAAGTAACAATGCGGCCAAAGGCACCCCCCACCACGACAGCGATCGCTAGATCAATCACATTCCCCTTTAAGGCAAATTCGCGGAACTCCTGCCAAAATTGCTTGACCTGTCGGCGGTTTAGTCGCGCCATGCCCATTCCTCAGTAGTACACAAAAATTAACATCTATCTTCATCAATGACCAAAATTTTATCGATGCTGCTAGCCAACGGGCAAACTCTAGGCTAACATTGTAGATCCAGTCAGAAAGTGTTCGAGCGATCGCTGGTATGATTGCGTATGGCACCCACTTCTGCCCGCTTGATAACTCACTATACACCCCCATTTTCGTTAAAGGAGCTAGGAAAACACTCGCATGGTCAATCAGGAAAAAACGTTAGACGTGGGCTTTACGCATGCTGATTTTGCAGCCTTACTGGACCGGTACGATTACCACTTCAACCCCGGCGACATTGTTGCTGGCACCGTCTTTAGCATCGAACCGAAGGGTGCCCTGATTGACATCGGTGCGAAAACCGCTGCCTACATCCCTATCCAAGAAATGTCTATCAACCGGATTGACAGTCCGGAAGAAGTCCTGCAACCGAACGAAACCCGTGAGTTCTTTATCTTGGCGGATGAAAATGAGGAAGGGCAGCTTACCCTCTCGATTCGTCGTATTGAGTATATGCGGGCTTGGGAGCGCGTTCGCCAACTGCAAGCGGAAGATGCCACCGTTCGTTCTCAGGTCTTTGCCACCAACCGTGGGGGTGCCCTTGTGCGCATTGAAGGGCTGCGCGGCTTTATCCCCGGTTCCCACATCAGCACCCGTGTCAACAAAGAAGAATTGGTGGGTGAAGAGCTACCCCTGAAGTTTTTAGAAGTGGATGAAGAGCGCAACCGCCTCGTCCTCAGCCACCGCCGTGCCCTTGTCGAACGCAAGATGAACAAACTGGAAGTGGGCGAAGTGGTGGTTGGAACCGTGCGTGGGATTAAGCCCTACGGTGCCTTCATTGACATTGGTGGGGTTAGCGGTCTGCTGCACATTTCCGAGATTTCCCACGATCACATTGATACGCCCCACAGTGTTTTCAATGTCAATGACCAAGTCAAGGTGATGATTATTGACCTTGATGCTGAGCGGGGTCGGATTTCCCTGTCCACCAAGCAACTGGAGCCAGAACCCGGTGACATGGTGAAAAATCCGCAGTTGGTCTATGAAAAGGCTGAAGAGATGGCAGAGCGCTATCGTCAGCAACTCCTGCAACAACAGCAGCAGGCCACCGCAGAGACCACTGAGGAAGTCATTGAAGACATTCCCGAAGCCACTGAAGACGATACGGCTGAGCCGATTCTTCAAGAAGCCTAGGATGTCCCTTGCCCTCACCCTTGGGGATCCAGCGGGCATTGGCCCAGAAATTCTCCTGAAAGCCCTAGCTCACCTGCCCTCAGAAATGTTAGGGCAGTTTTTTATTGCTGGTACAGGCCAAGTATTAGAGGAAACGTACGCTCGCCTCTGCCAGCAGGGACAGGTGGCCATTGATCCTGCCCAGCTTCGGATTTGGGAGCATCCCCTCGATGCGGTGATTGTGCCGGGGCAACCGAGTGTGGTGAGTGGGGCGGCAAGCTTTGCCTACTTAGAAACAGCCATTCAGCGGACGATCGCTGGCGAGGTGGCAGGCATTGTGACGGCACCGATTTCTAAGGCCAGTTGGCAGGCGGCAGGCTATGCTTTTCCGGGTCAAACAGAAGTGCTGGCTCACTTTACTGGAACCGCCCACGTGGGCATGGTGTTCTTGGGGCGATCGCCTGTAACCAACTGGGTGCTGACCACTTTACTCGCGACGACCCACATCCCCTTGCAAGAGGTGCCCAAAGCACTAACCCCCGAACGCCTCAATGAAAAACTCGCGCTCCTTGTGCAGTTTCTGAGGGAGCGGCGGCATCTGGAGCGGCCTCGCATTGCCATTGCTGGCTTGAATCCCCACAGTGGTGAGCAGGGACACTTAGGCCAAGAGGAAGTGACTTGGCTGATTCCATGGCTCGCAGCAGCCCAGCAGCAGTATCCCCAAGTTGAACTGATTGGTCCTGTGCCCCCCGATACCCTCTGGATTGGAGCTGCCGATGCGTGGTGGGGACGCCCTGCCCCGGCAACTGCCTACGATGCCTACCTCGCGCTTTACCATGATCAGGGGTTGATTCCCGTGAAGATGCTCGCTTTTCGGGAAGCGGTGAATACGACGATTGGCTTGCCCTTTATTCGCACGTCCCCGGATCACGGTACGGCTTTTGATATTGCGGGTACAGGGATGGCAGACCCCCAGAGTTTTCTGGCGGCGATCGCTTGGGCGCAAACCCTGAGTCAAGGATCGGTTTTCCCTCTTACCCCCGCCTAAAGTGCCTTTGATAGAATGCAACTAGATAACAAACCAAACGGTCAATCGTTGGCATTTGGGTTGTTGCTGTATCGGGCAGAGTCATATGGGATTCTTTGATTCAGAAATTGTTCAACAGGAAGCACAACGCCTGTTTCAGGACTACCAGCAGTTGATGCAGCTTGGCTCCGAGTACGGCAAGTTTGACCGCGAAGGGAAGAAGATTTATATTGCAAAAATGGAAGAACTCATGGAGCGCTACCGTATTTTTATGAAGCGCTTTGAGTTGTCCGATGACTTCATGGCGCAGATGACCATCAAACAATTGGAGACCCAACTCAGCCAGTTTGGTATGTCTGCCCAAACCATGTTTGATCAAATGCATCAAACCCTTGAGCGCATGAAAGCCGAAGTGGAACGCCAACCCTAGGGGAGAGGGCGAGTGTTGCTCTGCAATTTGGATGGGGTGATTACGCCAGAGGCCTCGATTTCTGTTTTTGATCGCGGGTTTCTCTACGGTGATAGTGTTTATGAAGTGATGCGTACCTACCGCGGGATTCCCTTTGCCCTACCAGAGCACCTCGCACGGTTGCGCGCCTCAGCCGCCTATCTCTACATGAGCGTGCCGTGGTCTGATGAGCACATTACCCAAGAAGTGCAACGCACCTTAGCGGCTGCCCCAGCGGGAGAATATTACATTCGGATTGTCGTGACCCGTGGCGCCGACCAGCGGATTGGGTTACTGCCAGAACCAACGACCCAACCAAGGTTATTGATTGTGTTGATGGCGATCGCCCCCGAACCAACATTGAGCGAACAGGGAATTTGCCTGACCATAGGCAAGCGTCAACGCACGAGCACCGCTGCCCTTGATCCTGCCGCCAAAACGGGCAATTACCTCAACAATATCTTGGCGCTATTGGAAGCGCAGCAAGCTGGGTTTGACGACGCCCTGTTGCTCAATGCCCAAGGGCAGATGACCGAGGCCACGACCAGTAACCTCTGGATTGTCCGTGAGGGTGTGGTCGAGACACCCCCCACTGCTGTTGGGATGCTCCACGGAATTACGCGAGCGACGCTGTTGCAGATCGTTGCAAACTTGGGCATGCCCCATCGGGAAGTGATTCTCACCCCACAGGATCTGGCGAGAGCCAGTGAGGGCTTTCTGAGTTCATCGGTGCGCCTGCTAATGCCGATTCGCCAAGTGGATGAGGTGATCTTTCCCGCCTGTCCAGGCCCTGTGACCCAAAAGCTATGGCAGGAATTATTAACAGTGATGGAAAAGGC
NZ_CP134169.1_gap50	1899189	1903607	4418	CCCCTGAGTTGGTTTCAATCTCCCCCTCGGCCAACGGTGAAAGCAACCCAGCGTCCCCAACCCAGTGTCCTTGTGCAACCCCGCCCGGCACCCACACCAGTGGCGGCAACACCCGCCCCAATACCCCAGCCGACACCGACACCCACTCCGTCACCAGGGGCGATCGCTCCTTCCACTTTCGTCAGTGACAGCCTCACCGTCCGCCAACAATTGCTGGCCCTTTGCGATCGCTACAGCAACGCTCTTGATCCCACCCTCACCCTCACCCCCAGCGAACAGCGCTTGGAATTGATGCTGGCCAACAGTTGGTATGATCTCAGTCCTACAAAGCAGGATCAACTAGCCCAGAACCTTTGGCAAACTGCCCATGACTTGGGGTATCAGACCGTCATTGTGGTGGATACCGAAGGTCACCTGCTTGTCCGCGATCCGGTGGTGGGTGATAATGCCATCGTTGTGCGTCGCAAGCTGATCTAACTCACCCTCGCAGCTTAAGCCATCAATTTCGCCAATCCGCTAACCTAGAAAAGTGCCAACTTCTTCAGCTTGCTATGAGTGACACCACCCTTTCCCCCGAAAAGCGCAAGGCCCTTGAGCTTGCCGTCTCCCAAATCGAACGCAACTTTGGTAAGGGCAGCATCATGCGCCTTGGGGATGCCACCCGCATGAAAGTGGAAACCATCTCTAGCGGGGCACTCACCCTTGACCTTGCTTTGGGGGGTGGACTGCCGAAGGGGCGGATCATTGAAATTTATGGCCCTGAAAGTTCCGGGAAAACTACCTTGGCACTCCATGCGGTAGCCGAAGTCCAGAAAGCGGGTGGGGTGGCTGCCTTTGTCGATGCTGAACATGCTCTTGATCCCACCTATGCAGCTGCCCTCGGTGTGGACATTGAAAACCTACTGGTTGCCCAGCCAGACACTGGCGAAGTGGGTCTAGAAATTGTTGATCAACTGGTGCGCTCGACAGCCGTAGATATTGTGGTGGTGGACTCCGTTGCTGCCTTGGTGCCCCGCGCTGAACTAGAAGGGGAAATGGGCGACAGCCATGTGGGGCTGCAAGCGCGCCTCATGAGCCAAGGCCTGCGCAAAATTACCGGCAATATTGGCAAAACGGGCTGCACCGTGATTTTTTTGAACCAATTGCGGCAAAAAATTGGTATTACCTACGGTAACCCAGAAACGACAACGGGGGGAACAGCACTTAAGTTCTACGCCTCAGTGCGTTTGGATATTCGGCGGGTGCAAACCCTGAAGAAGGGAACGGAGGAATTTGGGATTCGCGCCAAAGTTAAGGTGGCCAAAAACAAGGTGGCACCGCCCTTTCGCATTGCCGAGTTTGACATTATTTTTGGTAAGGGTATTTCCAATCTTGGCTGCATTCTTGATATGGCCGAGGAAACCGGTGTGATTAGCCGCAAAGGGGCTTGGTATTCCTACAACGGCGAAAATTTGGCCCAAGGCCGCGACAACACGATTAAATACATGGAGGAGAACCCCAGCTTTGCCCAAGAGGTCGAACAGCAGGTGCGGCAAAAGCTAGACCAAGGGGCAGTTGTCTCCGCCAATACGGTGACTCATACCCACGATGACATGGGTGACGGAGAATAGGGGCGATCGCCCGCGAGGGACTTCCGTAGGAGCAATTTCCGCTCTCCCCAAAAGGTGAAGCCTTCCTCAACCACTGCAAAGCCACAGCGGGCATATAATTGCTGTGCTGCTTGATTGTGAGCAAGGACGTGCAGATAGAGATCGCAATAGGTAGAGCAAAGGCTGCCCTCAACAGTGTGCAACAAGCGACGGCCAATGCCACGCCGCCGGTAGTCCGGATGCACTGCCAAATTGGACAGGTAAGGTTTGGGTTCACCCTTGATCTCACGGAGCTGCACTTCCACACTCCCCACACATAGAGCAGACGTTCCCATGGATATGACGGCTAGCCAACACTGGTAGTGGGGACGCTCGCGCTGCCAGCGATCGCGCAAATCCTGCTCCATCCCCAACTGGACAAAGCTGCGCCAAAGGGCTTGCCAACCACCACCGGGGTGAAAACTCAAGGCCACTAATTGGGCAATGCTGGCAAGGTCAGTGATCTCTGCCGCACGAATCTCAATCATTCTAGGGCTGAGGAAGGGCAGATTGCTCAGGTTGGAGTTGGCTCATCAGTGCCCGCAGAGGGGGCTTGGCCAATAGGGTTTGCGTATCGGCCACTAGGCGATCGCCCCAGAGGTTTTCCCGCTGGAATTCCACCGTGCCGTAGCGGCTATCGAGACGCAGGGCTTCCGCTGCCAGTTGTAGTGCTCTTGCTTCATTCCCCAGTTGCAGCAGGGCTGTGGCCAAAGCAAGTTTCGGCTCACTGGCTTTGGGGTCAATGTTTGCCGCCTGTTCCCAGTTTTTTGCCGCTTGGCGGATATTGCCTTGTTCATAGAGCACGAGGCCAATGTTGGTATAGGCTGGCCAAAACTGACGATCCAAGCGCAATGAGCGGCGGTATTGCTCGATCGCCCGATCCTTTTGTCCCAGTTTTAGATAGGCGTTGCCAAGGTTGAACCATTCCTCTTTGGCATCGGGTTTCAGTGCCAATCCCTGCTCGATCGCCCGTACTGAGGCTCCATAATGTCCGAGGCGAAAATGGGCAGAGCCTAAGTTGAAATAAGCCCCCGGATTTTTATCATTGAGTTTCAAAGACTGCTCTAGGGCTGGCACTGCATCCTTGGGTTGATTGACCGTGAGGTAGAGTCCCCCCAGCAATGCCCAAATTTCGTGGGCTTGAGGTGCCAACTGCACTGCCAGTTTTGCCCGCACCAACGCCTCTTGAAATTGCTGGAACTGTGCCAGTTGCAGGGCTTCTTGCGCCACAATAAAACCATTTTGCTCCATCTCCTTGGCATTGAGTTCAAGGGTGCGCGGTAACACCACTTGTGCCGTTGCCAGACTGCCACTCAGGAGAACAAGACCCAGACTCAGGGTTAAACGGGCAAACATTTTAGGCACGATCAATTTCCGTGTTGCAAGCTAAGTGAATTCCTCTTTAGTTTGCCATACCCTACCGACGTTTGCGGTGACTGAGGGCGACTCTTGACAAAAGTGGAAGGGAGATGATTGCCTTTAGAGAAAAAATAGGCTAGCCTGTGCTTATTCAAAGATCGCTAATCAATTGCTGTCAATTTTTTAAACCCTATTCAAACCTGATTTTTAAGGAAATTTAACAATGAACCCTTCAAATGAAAACATTCCTAACTACATGGTTCCAGCGATTCTGTCCACGATTTGCTGCTGTTTGCCTTTCGGTATTGTCGCTATTATTTTTGCTGCCCAAGTCAATTCAAGGTTAGCAGTAGGCGATCGCGCCGGGGCGTTGGAGGCCTCAAACAAGGCCAAGCTATTTACTTGGATTTCGGTGATTGCGGGATTGCTCGGTGGTGCCCTTTATGCGGTACTCATGGTGCTCTCAATCATGGCTGAGCAAGGGGGGATGTAGCTCGCTGGCCAGTCGTTCATAGTGGTGGGGCGATCGCCAGCGCAGAAGATGGGTCACCGGCTGCTGTAGGAGTTCTGTCGTCAAACCGATGGCGCGGCGAGGATTCACCGTTGCGAGGGTCAACGCTGCTTCAAAATCGCAAACTCCCCAATCCACCAAGCGCCCCACCATTGCCAAGAGGGGAACCGTTGTGCCACAGAGAGTCCCATCCTCAAGGCGAGCAGTGCCATTTTTCACTTCAATGTGCCGTTGATCCCACGGGTAGATGCCATCCCCCAAGCCAAGGGGTGCCAAGGCATCACTGACCAAAAACAGGCGATCGCCTGCGCACTGCCACAATACCTTCAGCATTTGTGGATGAACATGCACCCCATCACCAATCACGCCGCACCAGACCCGCTGATCTGTCAAGGCTGCTGCTAACAGTCCCGGCTGGCGATGATGTAGAGGGGGCATGGCATTAAAGGCATGGGTGATCATTGTGGCACCGGCATCAAAAGCCGCCTGCGCTTCCTCCACGGTGGCCAAAGAGTGACCTAAACTCACGGTAATTCCCAACTGCCGCACATAGGGCAGCGCTTCACCATTGGTATCTAACTCTGGAGCAAGGGTGAGAATCTGAACGGTGTCACTGAACTCCCCTAAAACTGTTTGCACCCTTTCTAGGCTCAAGGGCTGAAGATGGGACTGAGGATGAGCACCGCGCTTCTGGGGATTGAGGAAAGGCCCCTCCAAATGCACACCTAAAATTTTGGCTTCAGGCTCTTGCGCATTGGGCACGTATTCGTGGATCACCCTCAAGGCAGTGTGAATTTCCGCTAGGGGAGCAGTCACAATCGTCGGGGCGTAGGCATCAATCCCCTCTTGCCAAAGATAGCGGCCAATTTTTGGCAGTGGTTCGGTGGTCTTTAACCAAGGAAAGGGAATGCCCAAGGCAC
NZ_CP134169.1_gap51	2050178	2054306	4128	GTGAATACGGCTTACCGCAACCGAAGGGGATGTTAATTTTGGGGGTCCCCGGCTGTGGGAAGTCCCTGATTGCCAAAACCACCTCCCGCCTTTGGGGCTTGCCGTTGCTGCGCCTTGATATGGGGCGCGTCTATGACGGTTCAATGGTGGGGCGATCGGAAGCGAATTTGCGCAATGCCCTGAAAACCGCTGAATCGATCTCCCCTGCCATTCTCTTCATTGATGAAATGGACAAGGCCTTTGCGGGCGGAGCAGGCTCCTCGGACTCCGATGGCGGTACCTCAAGCCGGATCTTTGGCTCCTTCCTCACTTGGATGCAGGAGAAAAAGTCTCCCGTCTTTGTCTTGGCGACAGCCAACCGCGTCGAACGGCTCCCCGGTGAATTTTTGCGCAAAGGTCGCTTTGACGAAATTTTCTTTGTGGATTTGCCCAATGCCGAGGAGCGCAAGGAAATCTTTCGCATTCACCTCACCAAGCGCCGCCGCGACATTGATCGCTTTGACCTCGAGCAACTCGCCAATATCTGTGATGGCTTTTCAGGTGCCGAGATTGAGCAGGCCATCATTGCTGCCATGTACGAAGCCTTTGCTCAAGGGCGCGAGTTTACCCAGTTAGACATTATTGCCGCTAGCCGTGCCACTCAACCCCTTTCCAAGACGATGCAAGAGCAGGTCACGGCACTGCGTGATTGGGCACGCCAACGGGCGCGTCCGGCGGCTGCTTCAGTGGCTGAATACCAGCGACTGGAGTTTTGACAAGCTTCCTTCTGTCTGCCCTGCGCAGATGGGAGAAAGACCCGACCACAGGGGTTTGGTTCGCCATAAATTGTGGTTCATTCAGTCCAATGTTTCTGTCTCAATCTGGAGGAAATCCACATGTCTCACTTCAGCACCCTGCGTACGAAAATTACCGATGCTGAAATCTTGAAAGCGTCCCTGCGGGATCTGGGCATTACGGTGAAAACCAATGCCGATGTGCGTGGCTACAATGGCCAACGTGTTCGCTCTGACATCGTCGCTGTCCTCGATGGCGAGTATGATCTGGGCTGGTCTCGCAATGCTGATGGCACCTTTGATCTGATTGCTGACCTCTGGGGTGTGGCCAAAAAACACAACCAAACGGAGCTGATCAACTCGATCAACCAAAAATATGCCATCAACAAAACCTTGGCTGAGGTGAAGCGTCCTGGCCTTCAGAACGCCAACGTCAAGCTTGTGGTGCATAGCTAATCCTGTTGCCAATTGCTTTGTACTGTCTAGCGCGCGTTCCCAAGTAATCCGCTGGCTGACTCCCTAGGGGTCGGCCTCTTTTTTTATCTCAGGATTACGAATATGGTATTTTGGCGGTACAGGGAAGGATGGCTTATAGTTATTGAGTTCTGGCCAGCACATTCAAGAGCGTTTTTCTCCAGAGGCTAAGCTAGTCGTTGCCAGTGGAGATGTCTGTGAGGTGATTCGTCAGGTGCCGGATAAGGCCATGACGCTCATCTTTACGTCGCCGCCCTACAACCTCGGCAAGGCCTATGAAACCCCGGTGGCGATTGAGGACTATCTCCAAAGCCAAAGCCAAGTGATTGCCGAGCTATATCGAGTGCTGCGGCCAGAGGGAAGTTTGTGCTGGCAAGTGGGGAATTTTGTTCAAGGGGGAGAGGTGTATCCCTTGGATATTTTGTTTTATCCCCTGTTCAAGCGGTTGGGTTTGAAGCTGCGCAATCGCATCATCTGGAAATTTGGCCATGGTCTCCATGCCACAAAGCGCTTTTCTGGCCGCTATGAAACGATTCTCTGGTTCACGAAGTCCGATCACTACATCTTTAATTTGGATGCCGTGCGTATTCCAGCCAAATATCCGGGGAAACGCCATTTCAAAGGTCCCAATAAGGGCAAACCCTCGGGCAATCCCTTGGGCAAAAATCCATCCGATGTCTGGGAAATCGTTCTTCAGGATTGGCAAGAACTGGTGTGGGATATTCCCAATGTCAAGTCCAATCATCCTGAAAAAACATTGCATCCCTGCCAGTTTCCCATTGAGTTAGTGGAGCGGTGCGTTCTCGCCCTCAGCCATGAAGGGGATTGGGTCTTTGACCCCTATATGGGGGTGGGATCATCCCTCTTGGCTGCCCTAATGCACAATCGGCGGGCGATGGGCTGTGAAAAGGAACCCACTTATGTCAACATTGCTCGCCAACGGATTCAGGCCTATGAAAATGGCACCCTGCCCTACCGTCCCCTCGGCAGACCGGTGTACGCCCCCACAGGGCATGAGAAAATAGCCCAAGTTCCTGAAGAGTGGCAACAGTGAATTGGCGATCGCTCGATGAACGGGTACGCATTCAATCCAAGTGGGTGACCTTGATTGCCGAGAAGTGGTTGACGGACACAGGTGAAACCCTAGAATACTGGCGGGTAGAAAAGGCGGACTCGGTGATTGTCCTGCCGCTGCAAGGGAAGGATTTAATCTGCCTGCCGCCAACCTTTCGGGTGGGGGTTCAGCGAGCTACGGTGGATTTTCCCGGTGGCAGAGTAGGGTCGGATCAAGATCCGATCGCGATCGTGCCGCAAATTTTTGACACAGGAATTGGAAATTACCGCTAATGTCATTCAAGGAATCACCCCGATCAGTGAGCAGCCTTGGCTAGTCAATATACACCACCGTTTCCTCGCCGTGACTCTCTACCCATGTGTCGAGCTGCTGTTGATACGCTTGTCGCTCTGCCTCACACCGTTCTTGGTAACGCATCTGTTTTTTTTTCGGGTGATGCCCATCTGGGCGAGGGCATAACTAATGGTGGAAACTTGAACGCCAAATCGCTGGGCACGGTCGATTAAACGGTCATCGGGATGGGCAGCAACATCGGCTGCTAAGGCCGCCCAATCCAGCTTCCAAGGACGACGGGGGACAACTGTGGGGGCTAAGTCGTCTCGCTTCAGCCAGCGATGGATAGTGGCGCGGCTCACCTGAAAAATTTGAGTCGCTTCACTGATTTTGCCACCTTGCTTGATATAGGAGACAACCCGCTCTCGTAAGTCCAAGCTATAGCTCATATTCTTGAGTAACATTCATGACGCTTTGAGTATAGCCTATGCCTCTTGAAAATATCTCACTCCCTTTGGAAACAGCTATAGCTATACGTTGACATCTCCCCTATTGCCAAACTTTTATTTTCCCCTAGGGCAAATTTTTGAGCTATGAGCCTATCGGTCAATTATTGCTATAGAGGCTAAAGAGCGATCGAAAGTCAAAGAGACGAATCAACATTGGCCAAAAGGCATCTAGGCCATTGGGGGCTTTGGGTTTGTGCCACCATGTGAGGCCACCATAGAGCAGTTGTACGAGGTGCCGCTGTGCCTCATCACTGACCTCTAAAAACCGCAGGTAAATGCAGCACCGCTCCTCTTCAGTGCGGGTACGAACCACGGCTGCGGTGACGCTAAAGTCCTGTTCCAAAAAGGTCAGCGTGCCGACGGTATCTCTTTGGGCTTCGATAAAACGCCCTGCGGTCAGCAATAGGGCAGCACCAGTCTCCGACACATCGCGGGTATAGCCCCAGTAGGTTTGATCCCCCAGTTGGAAACGACATACAGTGCAAACGGGAAAGCGATCGCTCTGACGGCGGGTGGGCTGATCAATGGAGGACAGAACCGCAATCAAGGCAATAAAGGCGTTGTAGAGCGTCCAAGCCAGCATCACCTCTAAACCCGCCCGTTCATACTCCATTGGTGGCCAGATATGGAGCCAGTAACCCCCATAGCGGATAAAGACCCCCACTCCGACTGCAATCACAAACGCCGCCAGCGGCCATGTATAGCGCAAATTCAACCGCTTCCGATTGGAGAGGGTGCCCTTATTAGTGACAATGCTGCCAATTTTACCGAAGGGATTGCGGAGGATTTTAATCAGTTGCACCATCCCCGGAAAGGCAAAGGTCACCTCATAGACTTCACCCCAGACGGAAAAATACCGCCCTTCTGTCGCCCAGCTAAAGGTGGCAATTACTAACAGCGTGTAGGGCAGGGCATAGAAAAGGTACTCACCCAATGTCGCCACCGTTAAGGAGATGCCTGTCATTAGGCTCAAAAACGGACCAACGAGAAAGCACGTGCGGATAAAGGGATTAATGTTGTGCAA
NZ_CP134169.1_gap52	2056210	2057773	1563	AGTACCTTTGCTCGGGCAGGTTTGAGCATGCCCTCAGCCAAGAGACTGCTGGCAACGGCATTGGGGTTAATTAACCGCAGCAGGGCAGGCCCGTGACTATCGGCCAAGGTGGTTCCCGAATAGGCAAAGACAATACTGGTGAGAACAGCAATCAGGGGTTTAATAAAGGAAAAATCTTTGGGAATGGGCAACAGGAAAATCGGTGCCAGCATCAAGTTGGCCAAGAGCAACCCTACCACCAGACCCACAGCTCGCGACAAGAGCGTTTCTGGGGGCAATTGGCGGATACTGCGCTCAAGACGATGGTAAAGGGACTGCAACAATAAACCAAGGGCAATGCCAACAATGGCGCCAAAGCCAGCCATGACCCACTGCAATCCCCGCACATTGGCCACTTGAGCAAGAACCGTTTCTGGCAGAAGGTCAATGCTGTTGAAGCCAACGGCAATTCCCATCACGACGATAATGAGGAGTAAGATGGTATCGAGCATTAGTTCGCTCCTGTCGCGCTGGACATCTCCATAGGCCATTACTTTAGGATTATACTTTTTTCTCTTTTGCTGCGGTGTTGGGCTGCTGCATATCGAGATGGCGACTAATGCGGGTACCGGCTCGGATGCCCTCAGCTTCCGCTTGAGGCCCCAGAATGGCTCGTGCTACCATGCCACCGAGGGTCGCCCATAGCGTTTCCTTAGTGAAGGTTTGACTGGTTTTCACCCACCACTCTAGAAAAAGATGCAGGGATGGGGGAGGAGGTTCCTCAGGGGATGGCGCCGCCAACTGTCGCCCGAGATCTTCCCCCAGTTGCGAACCAACCATATTGCCCACTACGCGCCCGACGGTTTCGCCCACAGGCCCCAAGACCACTTGCCCTGCCAAACCGCCAGCAATTTCACCGGCGGTACCCCCGATTTTGTCACCGCTGTGAATCTCCAAGGCTTTCGCGACCCGTTCCGGCGTTGCCTCAAGGGCAGTAAATTGCAGTTGGGTGATTTGCTCCGTGGCTTCCATCCCTAATCGCGCACCAATCACACCGCCAACAAAGGTGCCCACTTGCACCCCCATGACCGCACCCGCAGGCCCCATAAACAGGCCACCCGCCGTTCCCCCCACCATGCCACCAAGAATATCGCCCACGTAGCCGCCCATGAGAAATCCGCCCATGGAGGTGAGTTTGTTGCCCACCTCTTCAGGTTCGAGATCAAAGGCGCGGGTGAGGTTTTGCAAGCCCTTATTGCCTTGGCCAATGATCTGGACATCCCCCCAAAATTGAATGGCCGCCAACAGTTGTAGGGGCGTGATTTGCTCGAGGTGATACTCAATGGTAATTGAGGCGGCAAGGGGGTTAACGTGAACAGATTTGATCCCTTGGAGGGTTTTCAGATAGGCACTCAGGGAATCGCGAAAGGCAGCATCCGTTTTCAGTTCTTGAATCCGCAATCGCAGGCGATCGCCCGTGAGGTGCATGACTTCGGCAATCGGCGCAGTTTCGGCAGTGGCCATGGGAAACCCACCCAATAGGCTCTAGCTGCCGTTGTAGCACGCGCACCAAAGTAAGGAGGA
NZ_CP134169.1_gap53	2069295	2071183	1888	GGACACCTTAAAATTGATCAATCACGAAAGTCTAGGGTTGAGTTGCCGAATGCGTTTCCATCGGTTGGCAACAACATCGAACTAGTTTACCTCAAACAGGGAACACCAAGGCTAGCATTGATCAAGTTCTCTCTGCTAAGCCACCGCAGATAGGGAATTGCGCCAGAAGAGTTAACGAATTGTGCCAAAGGCTTAAGAATCGCTAGGGGCGATCGCCCGAAGGGGAGGTTCGCTCCACTTGAATTTTGGCAATGGCAGGGGTAGTACACAGGTAGGTCAGCACATCCTCCGCACTCATCAGGCGCTTGAGCACCACTTGGCCAATGGTTGAGGCCGGGTCAGGATGGCTGGGCTTCACTTCTACCATGAGAACCATCTCCTCCACTTGGTACAGCCAGAGCTTTTCCTCCCCCTCTAGAATGTAGAGGCAGGTACGGGTGATCACGGGCGATCGCCGCCACGCTTGCTCATTCCAGAGGCCTTGGGGTTCCCACACGCGGCCAATCTGCCACCCCTCAGTGAGGAAAAAGTATTTCATGCCACAGGCGGCGATTCATTCCCTTGGGCACTGGCGGTCTCCTCGGGTTCCATGGAATTAAAACAAGCTGCCGCTATCAGCAAAAATGGCGTTCCTGGCAGGAGGGGTAAAATAAAGCCGATAACCCCAATAATTCCAAAAATCACACCAAGAACCATACGTGCTGTATTACGGATGCTTTTAGTCACAGGCATTCCCTTCGAGTTGCAATCGGCGAGGATGATTCACCTCTAACGTAGCCTGAACCTTGCCTTTTCACAAGTTGCTGGTGCTAAGCTTTATCGAGAATCGCATCCCGCAGATCCATGCCGTCCATTTCTGCTTTGTAGAGGTTTGCCCCCTTAAAGTTGGCACGGCGGGCATTGGCCTTCGACATCTTGGCCGCAATGAGAACCGCATATTCAAAGTTCGCTTCAATGAGACTGGCACTTTCAAGAATCGCTTCTTGCAAAATTGCGCTCTTGAGATCGGCCAAGTGCAGGTTGGCCTGAAAGAGATTGGCACGGGTGAGGTTGGCATAGGCAAGGGTCGCTTCCACTAGGCTCACTCGCCGCAGTAGCGTGCCCACCAAGTTGGCTTGGCGCAGATCGGCCATGGCAATATTTGACTTGTAGAGATCAGCACCCGCTAAGGTAGCCCGTTGTAAACAGGCCCCCTGCAAATCCGCCTCAATCAGGTCACTCATGTAGAGGTTTGCTCCCGCCATGTAGGCATCCTTGAGGAGGGCATGGCGCAGATCCGCACCTGCTAAATTGGCCTGATCAAGATTGGCATTGGTGAGGTTGTACAACTCCAAATTGGCGCCCGTTAAATCTGCCTGTCCCAGATCAGGGCGAATATCACTGTTTTGCTCCCGCCATTGATTCCAAGCGGTAACCCCCTGCTTGAGAAGCTGAAGATGTTGGGGATTGGCCACGGCAGTTATCCTTGGGCACTCGGATCAGTGTTTTGATAACCGTAAAAATCAATGCGATAGTCAACAATTTTCACGCCAGTTTTTGCTTCAATCTCAGCAATGAGAGAGGGGGGTAGCTCAACATGAACGTCAATAATTTTGTGGCTATCGAGACAATTGACATGGCTGTGACTATCACTGATATTGCCGTAAAGGCGCCCATCGGCACGCTCAACGCACTCAATAATGCCATGCTCGGAAAGGGCTTCGAGATTCTGATATACAGAGGTATGGCCGATGTCTTTGCCGGCTTGATTCAGGCGATCGTAGATCTGCCGCGCTGAGAGGTGATCCTTGGCATCCCAGAGCAGTTCAAGAATGGCACGCCGCTGCCGACTCAGCCGCAATCCAAGCCGCTGACAGCGATCGATCGCATCCTCAAGGGAACGAATGGG
NZ_CP134169.1_gap54	2074454	2077043	2589	GCAAGCGCATCAGTTGGAGCGACTCCTGCTCGCGATAGATCACATAGACTCCCGGTGGCCATGTTTTGGCACTGCGCACTGGCACAGGAATGTCACGGCGCTCTTCGCCAACGCCGGCAAGGCGTACCACCTGTGTATTGGGACGATAGACCACCTTATCTTCACGGGTGCGCCGAAATAAAAAGCGATCCAAAACCTTGGGTAGAATCTCTGTTTCTGTGCCCCCCAATTGCAAATTCAAATCCAGCAATTTGTCTTCAAGGGTAAGTTCAATGATGTGGGGTTCAGGGACGAGGGGTTGGGAGTGAATCTCAGTGGTCTCTTGGGGCGGTTCGGCGTTAGGTTTCACCTTCTGGACAATTTGGCTGATGTATTCCAGATCCACTGTCGTGATTTTCTTAAAGGTGACAAACCAAGAGAGGAAACTGATCGCCACTGCCGGTTCCAGTGTCGTAATCAAGGCTGCTAAATCCAACTCATCGAGACGAATCGCCTTGAGGGCAGCCTCAGTTTGACCCAAGACAACGGCTTGATCCCCTGCACTTAAGTGCTTGAGACTGCCGTAGAGCAATCCCAAATCAATGGTTTCTTGACAGCCTTGGGTGGAAATGCGATAGGTGATGTCGTAGAGCCAATCCAGTGTCACCAAGTCATGGTTGAGCATCCAGAGGGCAAAGTTAAAGGCCGTTTGGGGAAAGGCAGCTTGGGCAATGCTTTTGACAATGACTTGGGCGCGATCGCGCTGGAGCAAGGTAAGTAAGGCTGCTTGCTTGTCTGCCTTGGTTGTCAGTTCATGGTAGCCAAGGAGCGCTTGGAACAATTCCTGATCACTGGGCAGTAATCGAATGGCTGCTGGAGGAGTCATAAGCTTTAGTGTCGCAGATTCGTGTGACCCATTGCCCCTCACCCTATGATGAACGATCCAAAAGGCAACCCTAGCCCTTAATTCCACTATAGAGGGTGGTTAGAATATCTATGCTATCCCCCTACCTTTGCTTCCAATTGGCGCACTCGCTTGAGGAGATCCGGCAGCTGCTTCACTGCGGCTGAAACCTTGAGGTAGAGGGTTTGATCCATGGCCGGAATCCCCCCCATGCGGCTATCTGGGGGGACAGAGCTACTGATGCCGGATTTAGCAGAGACAATGGTGCGATCGCCAATGGTCAAATGACCCGCTGCCCCCACCTGTCCCGCCAGAACGACATGATTACCAATGTGGGTCGAACCCGCTAAGCCCACTTGAGCACAGAGAATCGCGTTTTCACCGATGGTACAGTTGTGAGCCACCATCGTCAGGTTGTCAATCTTCGTGCCATTCGCCACAGTGGTCTCCCCTAGGGTGGCGCGATCAATGGTTGTGCCGGCACCAATTTCGACATCATTGCCAATCACCACGGTGCCCACTTGCGGAATTTTATAGTGGCGACCATCGGGCAGAGGCACATAGCCAAAGCCATCAGCGCCGAGGACAACACTATTTTGCAGAATGACGCGATCGCCCAATTGCACCCGCTCCCGCAGGGCACAGTGGCTATAGATACGGCAATCGGCGCCAACCACCACATCATCGTAGAGTGTGCAATGACTATCAATTATCGTGCGATCGCCAATGCGCACGCGATCGCCAATCACGGTATAGGCACCAATCGTCACATCCGCTCCCAACACCACATCGGCTCCCAGAATTGCCGTCGGGTGAATTTTGGCGGAGGGTTTGGGTTGCGGATAAAACCATTCAATACATTTGGCAAAGGCAAGGTAGGGATGGGGCACCCGCAGCAGGGGACAGGCTGCCTCCCCTTGAAAATCGGGACGGACAAACACAGCAGCCGCTGCCGTGGTCTGCAATAGAGCGGTGTACTTCGGATTGGCCAAAAAAGAGATATCCGTGGCTGTTGCTGTTTCTAAGGGGGCTACCCCCAACACGGGGCGATCGCCCTGCTCTGGACAATCAAGGGTTGCCCCAAACCGTTCGGCCACCTCTGCCAACCGCATCTTGCCGTCCTCATCATCAAACTTGAGTTTTAGCTCAGTCTATCAGGTCTCGTTTGTGAAACCGATCAAGAATTTAGCGAAATCGTTCATACTGAACATTTTATCCTTTGCACGGGTGATATTCATTGAGTGGCAACTTTGTCAATGTGTTTGTTATATTTTTTAACACGTATGCCCGATAACATGGAGTAAGGAGTACATTCTATGGAGCAACGCTTCCCCGAACTGAATGTTGACCTCAGCTTTGAACAGGAGTTTCAAATGCGGGTGATGGAGGAGCAAGTGAGTGCCATGAGCCTTCAGGAAGCGCGTGAGCTACTGTTGCAAGCCTCTCGCCTATTGATGATGAAAGACAACGTCATTCGCTCCTTGGTCAAACGCGCTGCCTAGGTCACACAGGTGTGGGACGGACCTCTTTCTCCACCTTGCTTCCGCCGTCGAATCAAGTAGGGGATAGTGGCCTACCACGCACGGGGCTGAAACTGCGGGTCGTTGAGAATCGTCACCCCATCCCCCGACTGCGCCAACACAAACAAACCTTGCCGATAAGCGTAGCGAGCCACCTCGGGCGGCACAATCATCCCTGCCACGGCA
NZ_CP134169.1_gap55	2085321	2085844	523	CCTTCTGCTTATGAGTGGGATTAGTTTTTACCAATCTCGGCACTGGCAGAGGTGGTATTTTGATTTTGGGTCAGAGCAATAGCCGCAAAGAGCCGCGATCGCCATCTAGCTCAGCTGCCACCCCCACCGGTAAGGCAGCATTGACCCCCTCATGGCCAAAGGGCAAGTCACTGACAATGGGAAGCCCCAAATCCGCCAAGCGATCGCCCAAAACCTCAATCACGCGAAAATTGGGTTGGGTGGTGGGATCCTCACAGCGACTAAAACGACCGAGGGCAATCCCCTGAATCTGATGCAACACACCACTGCGGCGCCACTGCGTCAACATGCGGTCAATGCGATAGGGGGCTTCACCCACATCCTCTAGGGCTAAGATCACATTCTCAAAAGAAGGACAATCAGGCGTCCCCAGTAAATGAGTCGCGACTGTTAAATTCCCCACCAAAAGACGACCCTGCACCACACCGCCCCCCCAACCCGTTCCCAAGAGCGGCTCTAGGGGTTTGCCCCGCACCAGATCAAA
NZ_CP134169.1_gap56	2088166	2089927	1761	GCCATACGCATAGACATCCCACCCATAAAGGAGCCATCGTAATTTCGCGGCACATACCACCCACTGCCATCGCGATACCTAACGGGTGAGTCGTTAATTCCAGAATCGGGCGTATATTTGCCACTGGCATAGGCAGCATAAAAGACAAAGGGCTTAAAGGCAGACCCCGGCTGACGCATCGCTTGGGTGGCGCGATTAAACTGACTGCGGTTGTAGTCCACACCGCCGACAAGGGCTTTGACATAGTGCGTTCGTGGATCTACCGCCGCCAAAGCCAACTGATCGGCGCGCACACCACTGCCCCGTAGGGTTTGATAGCCGCGTTGGATTGCCTCTTCGGCCATTTTTTGCACCTTGACATCAAGGCTACTTTGTACCCGCATTCCCCCACGGATGACCGCTTCACGACCAAATTGGCGGGTCAACTCCTGCAACACAGCATCGGTAATCCAAGGACTGCGACTGCGCTGGAAGGAGGTAATTTCCCCCAGCTTGATCGGTTCTTGGGCAGCAGCAGCCGCCTCCTGGGGGGTGATCCAATCCAATTCCACCATCCGATCCAGCACCAATTGCTGCCGTTCTTTGGCGAGGTCAAAATCCACAAAGGGGCTATAGGCCTCGGGCGCTTGGATAATGCCAGCCATCATGGCAGCTTCGGCAAGCGTGAGATCAGCGGCATTTTTTTTGAAGTAGCTTTGGGCGGCGGTTTGTACGCCGTAAGTGTTATGTCCCCAATAGACTTGATTGAGGTACATCTCCAAAATTTCATCTTTGCTGAAGATCTGCTCGAGGCGCATGGCCAGGACAGCCTCAGCCACTTTACGACTAATGGAGCGATCTTGAGACAAAAAGAGATTTTTCACCAATTGCATCGTCAGGGTAGAGCCACCCTGTACGGTACGCCCCGAGGTGAGGTTGACCATTAAGGCACGGGAAATACCAATGGGATTAATACCGCGATGCTGATAGAAGCTACTGTCTTCGATCGCCATCACAGCCAGCTTCAAACTGGGCGAAATTTCGCTGAGGGGAACGACTTCGCGGTTTTCTTCATCGTGAAGGCTGACAAGGAGGGTGCCCTTAGCATCGTAAATGTGCGTCGTTTCACTGGGAATGTAGCCCCGCAGCGATCGCACATCCGGCAAATTCCGAAAGCTAATCGCCAAGCCCAGCAGCCCCCCGCCGATTGCCGCACAACCAAAGGTCATCCCGACAAGGAAGGTACGGTTAGCAATTCGCAGGACCCCACGCCAGAAGTTTTCATCTTGGGGGCGGGTTTGGGAGGGGTGTTTGCCAAGGGTAGTGGTGGACACGACAGTCGCTTCCTTACGCCAATTATTTTTTACTTCGTATATGATTTTTTTATTGGGATAAAAGTAGGGGATGGCAAAATGGCCCCGCGATCGCAATTGATTGCTATCATAGCCATCCTAGACCAGAAAATGTCCTCGCCCAAATCGAATGCCCAATCCAATGCCCAATCAAGTGATGTCTTCAGACCTTGAGGCCACAATTGCACGGCTGCAGCGCGGCGTTGTCGAAACCTTTCCCCATGTCCCTGATTCCACCAAACCCGAAGAAAATCTCTGGGTCTATTTGCGGCAAATGGAGCGCCCGCTGCGAATTAAGCTTGGCATTGATCCCACGGGCAGCGAAATTCACCTCGGTCATAGCATTGTCCTGCGCAAGTTACGCCAGTTTCAGGATGCGGGGCACTGTGCCGTGCTGATTATTGGTGACTTTACGGCTCAAATTGGCGAT
NZ_CP134169.1_gap57	2163286	2165451	2165	CGGGAGGACTTGTGGATATTTCCCTCCATCCAAGGATTGATCACATAGTCCACCTCATAATGGGTGGGAGGGCACATGAGGAATCGCAGGGTTGAACTCATAGGGGTTGTTTAGAAATCGTTGCAATTTGTGAAAATAGTTAGGTGTGGGCTACACGGCACCCATGACAAACTTTTATTCTATAGGCAGTGGGGATCTTGACGATTGGTTTTGTCATCAAACCTTGACATTACACCCATTGTCCTGTGTCTTTAAGCGCAACTCCATTTGCAAAGAGCAGGGGAAATCTGCGCTAAAATTATAATTTGTGCGATCGCGCACAGCCAACTGACACTACACTGACACCATTTGCGAAGGGGAATGACCTTGACTGACGTGACTGACATCATTTCCATGACGACTGAACCCCGTGCCAATAGCCAACTCCTCGCCACGATTGAGGTTTCGGGGGCACACTCTCAACAGGTCTATAACCAAGTGGTCAATGATCTCCTTCGCCATACACAGGTACCCGGATTTCGCAAGGGCAAAGCCCCCCGGCAGCTTGTCTTGCAGCAAATTGGCAAAGAGCGGCTGCGCTATGTGGCCATAGAAAAACTGATTGAGGATACCGTCAAAGCCGCCGTCGAAAAGAACAACATCCCCTATCTAGGCAACCTCGAACTCCAAGGGGATATTACAGAGCTACTGAACCAATTTCAGCCGGGCGACAACTTTTCTTTCAGCGTCACGTTTGATGTCGAACCAGAAGTGACAGTCACAGCCTATAAAGGGCTAACCATTGAGTACAATCCCGTCACCTACAATCCCGAAACTGTCGAGAAGCTCTTGCAGCGGCACCAACGGGAGCACGCCACCCTCATTCCTGTCGAAGACCGACCCGCTCAGTGGGGCGATGATGTCACCCTAAAACTGGTGACCAAAGATGAAAATGGCGAGGTGGTGAAGGAACTCTCAGCAGATGAACTGCCCCTGTCCCTCGATGAAGAGCAACCCTTTTTGATTAAAGAAATTCCTGCTGCTGTTGTCGGCATGAGTGTCGGTGAAGCCAAAACGGTGACGGTGTCTGTTGCCGAGGAAGTCAAGGAAGGGAAAGCAGACATCCCCAAACAATTGACTGCTGAGATTGAACTTTTAGGGATTAAAGCACCGGAACTGCCCCCCCTAGACGATGCCTTTGCCGCTGAGCACAGTGAATTCAGTACGATGGCAGAATTGCGGGCCTATCTAGAACAAAACCATCAGGAGCGAGCTGAAAATCAAGACAAGAAAGCGAAAGAAGCTGCCCTCATTGATACCCTCATTGCCCAAAATCCAGTTGAATTGCCAAAAACCCTGATCCGCAAAGAGGCAGATGTGAAGGTGCGGACGACGCTGATGCAAATTCAGTCCCAAGGCGTTGATCTCAACAAGATCATGACCGAGGAACTCTACGAAAAAATGCGTCAAGAGGCAGAGCCGGGGGCAGCGAAGGAGGTACACTCCCGTTTATTGTTGAGGGCGATCGCTCGTCAAGAGGGCATTGAACCTAGTCCCGACGCAGTGGAGGAACGGCTGAACCGCTACAAAGAGGTGTTGGGCAACCAAACAGCCAAGGATCTAGAACGACTCCGCGAATTTGCCCACGATGAAGTGCAGCAGGAGGAAGCCCTCAACTGGCTCCTAGAGCAAAATACATTTCAGCCAGTGCAATCCGACACAGCCACTGAGCAGCCCACAGCGACTGCTGAAGCGCCCAAAGATACCCAGACGGAGGCCGTTGCTGAAAAGCCATCTAAGCCGCAAAAACGCTCTGGGAAAAAAGCAAGTTCTGCCCCAGCCCAAGAATAGTTCGGCATAATGAAAGTGATGATCCCTACGGGGACAAACCGCTAGTTACAATTAATTACAAACGAACCGTCATTCTAGGCAACTATGCTGCAATCGCGTTACGACCATCCCCTCAGTGCCATTCTGCGCTCTCCAGCGCTCAACCTGCCGCCTACCCATGCCAATATTGTGCCGATGGTGGTTGAGCAGTCGGGGCGGGGTGAACGAGCCTTTGATATCTACTCGCGACTCCTGCGGGAGCGGATCATCTTCCTAGGGGGGGGTGCGGGCGATCGCCGCGGCATTGATGATGCGGTTGCTGACTCCATCGTGGCACAGCTTCTATTCCTTGATGC
NZ_CP134169.1_gap58	2167259	2170677	3418	ATCGGGCATCAAGCTCAACTCAAGGGGAACCGCATGGGGATCCGTTTCTAGGGTAGCGCGAATCAGACGGGCAACGGTGGCCGGTCGCAGCAGTTTCTGGCGATCGATTTTGAGGCTGACGGCATCCCAAAAGGGCGTATCCACACCGCCAAAGTAGAATAGACTAAAGCGAATACCATAGCGCTTGAGTTCTTCGGCCATACACTTGCTGAAGCCCACGACTCCAAATTTCGCAGCACAGTAGGCTGACCCCATCGCCATTGAATGTTTACCGAGGATACCGACAACGGTGCAGATGTGTCCCTGTTGTTGCTCTTTCATGAGTTCGGCAGCCTGTTGGCTGGTGTAAAAGCAACCCTTAAGGTTGAGATCCAACATCTGATCCAGTTCAGCCGCAGTAATTTTTTGATAGGGCTTGAGGAGGCCAGCCCCCGCCGCGTTGATCAATACATCGAGTCGTCCCTGCTCACTGCGGATGGCTTGCATTAATTTGCTCACTTGCGCCGGCTGGGTGATGTCACAGGGCTGAATTTGTGCGGTGACTGAGGAGGGAAGCTGCTCTACCAAAGCTTGCAGGCGATCGCTCGAGCGAGCCGCTAAGACCAACTTGGCACCCGTTTCTTGGAGTTGCTCAACAACGGCTTGACCAATGCCACCTGTGGCACCCACCACTAACACCACACGATCTGCTAAGACACTCATTTTGTTACATTTCTTTACGTTCATCCTTTTATCCTAGCGTTTCTTGAATTGCCCAGAACCTACCCATCGCTTGGGCAATCAAATTTAGAAAGACGAGCCTTTGTTCTGCGTATTAGGATTGAGCTGTTAAGCGTCTTGCCTAGGTGTGACGGAGTTGGGATGAATGACGCAGCAACCACAACCCCCCTTTACCCTTTGGTCTCGTCAGTGGGGATGGAGAATGATTGCCTTGGTGGTGCTCGGTGGAACGCGGGCGTGGTGGTTTGTGCACTATGAATTGGCTCCTGAAATTGCCCAACAACTACAACAGCGTCTCAATCGGCCAGTGGAAATTGGCGACGTTGAGCACGTCGGGCTGAATGTTGTTCGTTTTGGCTCCTCAGCGGTTCCCAGCTACACGTCAGAAGATGGCACTCCCGAGTTGGACAACGCGCTAATCAATGGCATTGAAGTCGCCTTTAATCCATGGCAGCTTCTGACAGGTCAAAAACTAGATCTCGACGTGACTCTCCACCAACCCCAACTCACGGTGGTTCAGGATGCCCAAGGGCGGTGGTGGCGCACAGAAGTTCAGCTGCCAGAGGAGGAGCCGAGCTTTTTTCAACTGAATCAAATCAGGGTGAAGGTGCGGGATGGCTCTGTGCTGGTTCAACCCTTTCGGCGTCCTGCCTACCTGCTGCACCAAATTCATGGCGGATTGACCCTGACGCCCGATCGCCAGAATTTTGCCCTCGAAGGTCAAGCGGAGGGACAACTGGCCGGGGGTGGCCAATGGCGATTGCAGGGGGACTGGAACCAACCCCAAGAATCAGGACAACTGGATTTGCGCTTCAGTAAGATTCCCCTTGGGCTCGGGAATGAGATTCTGCCAGAGACCATTCGTGTCCAAGGCGGCCAATTGGAGGGGCAATTACGGGTTCGTCTGCCTTTACCAGAAACCCCCGAAGTCACGGGTCAAATTTGGTTGCGGGATGGTACTTTACGCACGGCCTTTGTGCCCCAAGACATCAAGGGATTACAAGCCCATGTGCAATTGCAGGGCAATCAGGCAAAGCTGCACTATTTGCGCGGGGCGATCGCCAATGTCCGCTGGCAGGCTCAAGGCACCGTCGGTCTCCGAAGCGGCTGGAACATTGAAGCGCAAGTGCCGAGGTTTGATCTCGCCCCTACCTTAACGGCCTTGCAGATTACGCCACCGGTTCCCCTGCGGGGTCAAGTGGAAGTTCCCACCCTTCGCGTGCAGGGGGATCTGGAGAATCCCCAAGTCAGGGGTGAACTGCGCAGCCAAACGCCGCTCCAAGTGGATCAACTGCAACTGCAACAGGTACGGCTGCCGTTTATGGCGTCCCTTGAGCAAGGGGTTAGGCTGATGGAGGTTCGCGCCCAGTTGGTGGATGGCGGTGAGGTACAGGCAACGGTTGGGGTAGAACCCACGGGCGAGTTTCGTGGCCAAGCACAAGTGCAGCAGGTGAATCTGCAGGCGATCGCCCGCCGCTACGATGTGGCTCCGCCCGTGTCCCTAGGGGAGGGGTTTGCACAACTGGACTTTGCTGGCAATCTGCGTACCCCAGAGGCTTGGCAGGCCAATGCCGCCTTTCAACTACCGACGGCTCAGTATCCACTGCGGGGCACCGCCCGTCTGACGCAAACTCAACTGCTCGTTCCGGAGTTTCAAATGCAGTTTTTAGGGGGGCGTCTGCGGGGTCAAGTGCAAGCCGCCGCCGGTCAGTGGCAGTTGCAGGCTCAGGCTGAGAATATTCCCCTACGGCAGTTGAATCAAGAGTTACAAGGTCGTCTCAGTGGCCAGGCGATCGCCCAAGGACGGGTGGATCAACTAACGCTACCAGCAATTCGAGCTAGTGCCAATCTGCAAGTGGATCAAACCCCCACGGGTGATCCGCTGATTGCAGTTGTGAACTGGGATGGTCAGCAATTGCAAGTGCAAGAAGCCACTCTCGGTGCGATCCGCGCCCAGGGCACTATTGGTGTTGATTTAGCGGCCTTACAACCCACTGACATTCAATTGGGCATCCAAGCCAGAAATCTCCCCCTGAGTACCTTAAGCACTTTCTTGGAACCGAATTTCCCCGTTCCCCTCACCCTTGCCGGTACCACGTCCTTTCAAGGCCAACTCACAGGCCGCCTCGATAGGCTCCAGTTTCAGGGGGCACTGCTCACCCAAGGATTGGCGGTGAATGATTTGCGCTTTGCCCCTCAACTCACGGGCACGGTTACCTTGAGCCAACAACAGGGGGCAGCCCTCAATGTACAGGGGGGGGGCGATCGCTTGGCATTTCGTTTGGATGCTGATGGCTTACCCCGCTCACTGCTGGTTCAACGGCAACAGGCGCAACTGATCGGCCAGCGCCAAGGGGAGAGCTTTGATCTGCGTCTGCAGCAGTTTCCTGTGGAATCCCTGCGGTTACGGCTCCCGGAACTCCCCGAAAAAGCCATTCTCGCAGGAGTGGCCTCAGGCAATCTCCAGTTGCAAAATTGGACGAGGGGGCAGGGTAGTTTTACCGTAGAGCGACCGGGGTTAGGGGCATGGCGGGGCGATCGCCTGCAAGCGCAATTCCGTCTGACTCGCGATCGCCTGACGATTCAATCTGGCCTTTTTACAAAAGGGGAAAGTCGCTATCAATTCACTGCCGATCTCCAGCCTCAACAATTGGGGGCGCAGTTGACGATTGCCCAAGGCAATTTAGCGGATTTAACG
NZ_CP134169.1_gap59	2199383	2202342	2959	GTTTGCTGATATTCCCGGTCTCATTGCCGGTGCCCATGCGGGGTTGGGGTTGGGGCATGAGTTTCTCCGCCATATTGAGCGTACCCGTCTGCTGCTGCACTTGATTGATGCCACGGCTGAGGATGTGGTGGCTGCTTACCAAACCATTCGCGATGAGCTAGTGGCTTATGGTCACGGCTTGGCCGATCGCCCGCAAATTATTGCCCTCAACAAAATTGATGCCCTAGAACCTTCCCAAATTGCTGCAGTTGAAGACACCCTTACTGCCTATACCGGTCAACGGGTTTTTGCCATCTCTGCGGTGGCGCGTCAGGGGTTAGAGCCTCTCTTAGATGCCATTTGGCAGGAACTGGGGGTGAGCGTTTCCCATCAGTATTCTTGATTGTGACGGGTGCTGTTGAGGAACCACCGAGGAAAAAAATGAACACCAGAAGATGCCTTGTCCGGGGCGCGATCGCCCTTGGAAGTAGTCTGATTCTTGGTCTGTGTTCGCCAACTCTAGCCCAGCCATCCCCCCAGCAATTTCAGGAACTCGCCAATCAAATTGATCAACTGCGGGAACAAGGTAATATGCAGGCTGCTATTCCCCTAGCAGAGCGCTTTGTGACCTTAGTGGAAAATACACTGGACAGCAACCATCCCCTTTTGGCAGCCAGTCTCAACGAATTGGCAAAGCTCCATGTTGAGCAGGGAAATTATGCAGCAGCACTCCCCCTCTATCAGCGGGCATTGACTATCTACGAGCGTGCTGGCGGGTCAGATCAACCAGAGGTGTCTGCAACACTCAATAACTTGGCCAATCTTTACCGTGCCCAAGGGAACTATGATACTGCGTTGCCAGTGTTTCAGCGGGCATTGGCGATCGCCGAAAAGACCCTAGGGTTCAATCATCCCGAAGTGGCGGTCATTCTCAATAACATCGGTCTCCTCTACACTGAGCAAAAAAAGAGGGCAGCCGCCCTGCCCTTGTATCAACGCGCCCTCAGAATCTTTGAGCAAACCCTTGGGGAGAAGAGTCCCTACGTGGCAACAACGCTGAACAACCTCGCAGCCCTGTATCGGGAACAAAAGAATTATGCTGACGCCTTGCCCTTGTACCAACGTGCCCTTCAGATTCGCGAACAAACGTTGCCCGCAGGTCACCCCGATATTGCTGCCAGCCTGAATAATTTAGCCACGCTCTATTTTGATCAGCGCAACTACGCAGCGGCACTGCCTCTCTATCAACGGGCGCTGGCGATCGCCCAATCCCGCCTTGGGGAAAGCCATCCCCATACCGCTGCTGCGCTAGGAAACCTTGCTGCGGTCTATTGGCAACAGGGAGATTTGAGGCAAGCCCTTGCCCTACTGAACAATGTTCAAGAAATCGAAGAAAAGAACCTCACTCAAAATCTGGTCGTTGGTGCTGAGGATTACAAGCGCAGGTATCTAGCTACCTTTCAAGACACGACGAATGCCATTCTCACGCTGCACCTGCAGAACCTGCCCCAAGATCCTGAGGCCACCGCCTTGGCTCTGACAACACTCTTGCGCCGCAAAGGGCGATTACTGGATTTTCTCAGCCAGAACCAAGCACGACTGCGACGGCAACTAGCGGCGCCAGATCAAGCGAAGCTCCAGCAACTCACCACATTGCGCACAACCATCGCTAAACTCGTTTTTGCTTCAGCAAAGCCAGCAGCTTTCTCCCAAGTGCAGCAGCTTCAAGCCCAGGCCAATCAACTGGAAGCCGAACTGAGTCTGCGCAGTGCTAGCTTTCGCGAACTCACTCAACCCGTAACCATCGCTGCGGTTCAACGAGCGATTCCGGCTAATGCTGCTTTGATTGAGTTTATTCGCTATCGCCCCTACGACTTGGGCAAACAGAGCTTTGGTGAGCCGCGCTATGGCGTCTATGTATTGCGTGCCACGGGTCAGCCCCTAGGGAGAGATCTTGGCACCGCTGCTGAAATTGATGCCCAAATACGCCAGATCCGTTTGCGGTTGGCTGACCCCCGTTTGCCCAAATCCGAAGTTCAGCGGGCAGCTCAGACTTTGGCAGCGCAGTTAATCACACCCATTCTGCCGTGGATTGGGGCAGCCACCCATTTGCTCATTGCCCCCGATGGTGAGCTCAACACCATTCCCTTTCAGGCGCTTGTGGATGCCCAAGGGCGCTATTTAGTGGAGTCTTACATGATCACATTGCTGACCTCTGGGCGCGAACTCTTGCGCCTTCAATCCCAATCTGTAACTGTTCATACTCCTTTGATTATTGCTGACCCTAGTTTCGATCGCTCCTTCGGCAATGCCCCTTCAGCAACGGTGCGCTCTCTTGATTTGCGGAGTTTGACTTTTGCTCCCCTACCGGGGACGACTGAGGAAGCGCAAGCACTGAGGGTGCTCCTTCCCCAAGCTCAGGTATTACTCCAAGCAGCAGCCACAGAAGCAGCGGTTAAGGCAGCAAATTCCCCTAAAGTTCTCCACTTGGCTACCCATGGCTTCTTTCTAGCCCCATCAGGAAACAGGGATATTCTGGAAAACCCCCTCTTGCGATCCGGGTTGGCCTTGGCGGGGTTTAACCAACGCCAGAGTGGTTCAGATGTGGATGATGGTGTCCTTACTGCTTTGGAAGTGACCGGCATGAACCTCAGCGGCACAGAATTAGTGGTGTTATCGGCCTGTGATACGGGACGGGGGGAGGTGGTCAACGGTGAAGGGGTCTATGGTCTGCGCCGTGCCTTTACCATAGCCGGGGCGCGATCGCAGGTGAGTACCCTATGGAAAGTGGATGATCAAGTAACCCGCGATATGATGGTGGCCTTTTACCAAAATCTGCACCGAGGCATGGGGCGCACAGAAGCCCTGCGGCAAGTCCAGCTTCAGCGACTCAAGGATGAATCCCCCTACTATTGGGCGGCGTTTGTTTCCAGTGGTGATTGGTCTCCCTTAGCATTGCCCCGATGACGATGGTTCGTGC
NZ_CP134169.1_gap60	2293151	2294442	1291	GTTCGTAGGGTTTCTTCGAGAACTGTCAACTTGCGCTGATAAAAGGGACGAATGACATTGACGGATACTTCGGCTAGGGCACCATTGGCAATGGCTAAGGCCGCGATCGCCTGACCGTAGCGCGAGGCATGAATACAGGCATTGGTTTGAAAGGCTTCGAGAACACTCAAAATCTCGCGATCGCCAATGGCAATCCCCACCCGCTCCCCCGGCAGTCCTGCTTTTGAGAGGCTGAGGCAGTGGACAATATTGCCGCCAAAAACGGGTGCTAGTTCCGTAAAGTTCAAGCTGGGATAGGGGGGGCCATAGGCAGCATCAATCAACACTGGAACGCCATAGGGGACAGCGAGATCAGCAATTTGCCGCACCTCGACATCCGTGAGCACATTTCCCGTCGGATTGCAAGGACGAGAGAAGATGACGCATCCAGTCGTCTCATCAATGTGGAGTTGTTGAAAGTCGGGACGATACTTAAAGGTGTGATCCGCTTCAAAAATCTCAAGGCGCGGACGATAGGCAACAACGGTATCAGGGGTAAAGCTGACGCCACCATAACCCGTATATTCTGGACTCAAGGGGAGAACGACTTTCTTTAATTCACCGTTGGCGCTAAAGCCCCCAAAAGCATTGGCAGCAAAGAAGTAGATGGCCTGACTGCCGGGGGTGACAAGGACATTGCGCTCCGTCAGGTTCAAACCATAGCGGCGATTAAAATCATCGACAACGGCAGCAATTAGCGGTTCATACCCTTGGCTTGTGCCGTAGCGGCAGACCACTTGGCCAAATTCTGGGCTGGCCATTAGCTCGTGGGTACAGTCGCGCCATAGTTGCTCCACCTCAGGGACAATGAGGGGATTACCTGCACTCAGGTTAATCAGGTCTTGACCGCGATTCAGGCGCAACGTCTCAATAATATCCTTCATGATTGCCCGAACTCCCGTCAGTTGGGACATTTGCTGGCCAATCTGGGAGAGTGCAGGATTCATAGGCAAAGGACATAGACAGTATTGGTTAGGATAGCATCTGCGCTTCTATTAAGGGACAGATGGAACCAATAGATACGGTCAATGCTGCTATTCGGTGGGTCACTGTAACATAACGTTAGAATAGGCCAAGAACTGTAAGGCATTCATGGCAGCGTTTATCCCCTTTGTTGGTAAACCTTCTTCCCCTTGGCGATCGCTCGTGATTGGGGTGATTGCTGCTGGTTTGATTGGCAGTGGTGGCCTACTGCTGTGGCGATCGCGCCAAACGCCCCTTGATTTAGATCGCTACACCATACCCGTTCAAG
NZ_CP134169.1_gap61	2300916	2304442	3526	AAGAGGAAATCCGCGCCGCCCTACGCAAAGGGACGATCGCTGGCACCATTGTGCCGATGCTCTGTGGCTCCGCCTTCAAAAATAAAGGCGTGCAATTGCTCCTTGATGCCGTGGTGGACTATCTGCCAGCGCCCATTGACATTCCAGCGATTAAAGGTCATCTGCCCGATGGCACAGAGGTAGAGCGTGCTGCCGACGATGATCAACCCCTAGCGGCATTAGCCTTCAAAATCATGTCGGATCCCTATGGCCGCCTCACCTTCGTGCGCGTTTATTCTGGTGTTCTCAAAAAAGGCAGCTATGTCCTCAATGCCACTAAGGGCAAGAAAGAGCGCATTTCTCGTTTGATTGTGCTCAAAGCCGATGAGCGGATTGAAGTAGATGAACTGCGAGCCGGCGATTTAGGAGCTGCCTTGGGTCTGAAGGAAACCTTCACGGGGGATACCCTCTGCGATGAAAGCTCGCCCGTGATTCTTGAATCGCTGTACATTCCAGAGCCAGTGATTTCCGTGGCTGTGGAACCCAAAACCAAGCAGGACATGGAAAAACTCTCCAAAGCCCTGCAAGCCCTCTCTGAGGAAGACCCCACCTTCCGCGTCAGCGTTGATCCTGAAACCAACCAAACCGTGATTGCGGGGATGGGGGAACTGCACCTCGAGATCCTTGTGGATCGGATGCAGCGGGAGTTCAAAGTGGAAGCCAATATTGGCCAACCCCAAGTGGCCTACCGCGAAACGATTCGCAAACCCGTCCGTGCCGAAGGCAAGTTTATCCGTCAAAGTGGCGGTAAAGGCCAGTATGGTCACGTTGTGATTGAAGTAGAGCCTGCCGAACCCGGTACTGGGTTTGAATTTGTCTCCAAAATTGTTGGTGGTGTCGTTCCCAAAGAGTACATTCCACCTGCTGAGCAGGGGATGAAGGAAGCCTGTGAATCGGGGATTTTGGCAGGGTACCCAGTGATTGACCTCAAGGTCACATTAGTGGATGGCTCCTACCACGAGGTTGACTCCTCAGAGATGGCCTTCAAAATTGCTGGCTCCATGGCCATTAAAGAGGCAGTAATGAAAGCCAATCCGGTGCTGCTGGAGCCAATGATGAAGGTCGAGGTCGAGGTTCCAGAAGAATTCCTTGGGACAGTGATGGGAGACCTCATTTCCCGTCGCGGTCAAATTGAGGGACAAACCGTGGAAAATGGCATTGCCAAAGTGACGGCAAAAGTCCCTCTCGAACGGATGTTTGGTTATGCCACTGACATTCGCTCGAATACCCAAGGTCGGGGAATTTTCTCGATGGAATTTAGCCATTACGAGGAAGTCCCCCGTAATGTGGCTGAGGCGATCATTGCCAAAAATAAAGGGAACGCATAGTCTATACGAGGAACAACATGGCACGCGCTAAATTTGAACGAACCAAACCCCACGTTAACATCGGTACGATTGGTCACGTTGACCACGGTAAAACCACACTGACCGCAGCCATCACCATGACATTGGCTGCCCAAGGGAAAGCCCAAGCTCGCAAATACGATGAAATTGATGCTGCCCCTGAGGAAAAAGCCCGTGGGATTACCATCAACACGGCTCACGTGGAGTATGAGACTGAAAAACGTCACTATGCCCACGTGGATTGCCCCGGCCACGCTGACTATGTGAAAAACATGATCACGGGTGCCGCCCAAATGGACGGTGCTATTCTCGTGGTGGCCGCTACTGATGGTGCGATGCCCCAAACCAAAGAGCACATTCTCTTGGCTCGTCAGGTGGGGGTGCCCAGCATTGTTGTCTTCCTGAACAAAGTGGACATGGTGGACGACGAAGAACTGCTGGAGCTGGTGGAACTGGAACTGCGGGAACTCCTCAGCGAATATGAATTCCCCGGTGACGAAGTGCCCATCATCCGTGGTTCGGGTCTAAAAGCCCTTGAAGCCATGACCGCCAACCCGAAAACCCAACGCGGTGAAAATGAGTGGGTCGATAAAATCTACGAGCTAATGGATGCCGTGGATAACTACATTCCTACCCCTGAGCGGGATGTGGATAAGCCCTTCTTGATGGCTGTAGAAGACGTGTTCTCCATCACCGGTCGGGGTACCGTGGCCACGGGTCGGATTGAGCGGGGTCGCATTAAGCTCAACGAAACGGTTGAACTCGTGGGTCTGCGGGAAACTCGCACAACGACGGTCACCGGTATTGAAATGTTCAAGAAGAGCCTCGAAGAGGGGATTGCCGGTGACAACGCTGGTTTGCTCCTGCGCGGTCTGAAAAAAGAGGATGTGGAACGGGGAATGGTGATTGCCAAACCCGGCTCCATTACGCCCCACACCCAATTTGAGGGTGAAGTGTACGTGCTTACTGAAAAAGAGGGTGGCCGTAAAACCCCCTTCTTTGCTGGTTACCGTCCGCAGTTCTATGTGCGTACCACCGATGTGACCGGTACGATTACCTCCTTCACCGCTGATGATGGTAGCGCCGCTGAAATGGTGATGCCTGGTGACCGCATCAAAATGACCGTGGAACTGATCCAGCCCATTGCCATTGAGCAGGGGATGCGCTTTGCCATCCGTGAAGGTGGCCGGACGATTGGTGCGGGTGTTGTCTCCAAAATCCTGAAGTAGTTGATCTTATGGCCGCTAGCCTTTCTGTGGTGTTGGCGGCCTTTTTTGTCTGAATTTTGTCGGATTGTCTCTGAACCTTGACAAGTAAGGAAGATTCCTATGGCTGCTCTACAACAGAAAATTCGTATTCGCCTTAAGGCCTTTGATCATCGCTTGCTCGATACTTCCTGCGATCGCATTGTCGATACTGCAAAAAGAACCGGCGCTTCCCCCGTTGGCCCAATTCCCCTACCCACTCGCCGTCGAATTTACTGCGTTCTGCGATCGCCCCACGTGGACAAGGACTCACGGGAGCATTTTGAAACCCGTACCCACCGTCGCATACTCGACATTTACCAACCTTCACCGAAAACGATTGATGCCCTGATGAAGTTGGACTTGCCGGCGGGCGTAGATATTGAAGTGAAATTGTAAGCGTCGCCAAAGTTCACTACACTGAGGGGTATGACGCATACGATCATTCATCCTTCCCCCTCTGAGTCTTCTCTTCAGCCCCCTGCCATGGCCTACAGAATCAACTGCCAGCAGGGGCACACTCATCTTTTATGGGTAACGCTGCGGCTAACGGCACCGCAAACCGATGTTCTTGATCTGCACTTACCGGTGTGGACGCCGGGTTCCTACCTTGTGCGCGAATATGCGCGGCATCTTCAGGACTTTACGGTAACGGCCGCTGACGACACTCCTCTTGAGTGGTGGAAGTGTTGTAAAAATCAGTGGCAGGTGGCTTGCACCCCCGGTCAAGAACTGGAAGTGCGCTATGCCATCTATGCCCATGAACTCTCGGTACGCACAAACCACTTTGATAGCAGCCATGCCTACTTCAATCCGGCAGCGGTCTGCCTCTATGTGCCAGAATATCGCGATCAGCCCCTAACAGTAACGATTGTGGCACCGCCGGACTGGCGGGTG
NZ_CP134169.1_gap62	2310075	2314503	4428	CCATTCTTGATGCCCTCATTCAAATCAAGGGATACCACGACGGTAGCCTCAGCTTTCGCAAGAATTGTCGAAACACCATCTGCGGCAGTTGCGCGATGACCATTAATGGTCGTTCTGCCCTTGCCTGTCAACAAAGTATTCACGCCGAGTTGGCCAATAGTCCTGTGCCCAACCAAATTGCGATCGCTCCCTTGGGGAATTTGCCTGTCCTCAAAGACCTTGTCGTGGACATGAGCGATTTTTGGCAAAAACTTTCAGCCGTTAATCCTTACGTGAGTACAGCGGCACGGCAAGTGCCTGAGCGGGAGTTTCTGCAATCCCCCAGAGATCGCGCCAAACTCAATGCCTCTGGCAACTGTATTCTCTGTGGTGCCTGCTACGGTGCCTGTAATGCGGTGGAAGTGAATCCCGACTTTGTTGGCCCCCATGCCCTTGCCAAAGCAGCTCGCCTTGTGGCTGATACCCGCGATAGCGAAACTGACCAACGCCTAGACCAATACAACACTGCCACCAGTGGCGTGTGGGGCTGTACCCGTTGTTTTAATTGCAACACCGTGTGTCCCGTGGGCGTACAACCCCTCGATCGCATTAGTGAGATCAAGCAGGCCATTTTAGCCCGCTCAACAGGGGCAAGCCGCAATGAAGAGCGACCCCTCCGCCATCGGCAAGTGCTCTTAGAACTGGTGAAAGAAGGCGGCTGGGTGGATGAGCGACAATTTGGCCTCCAAGTAGTGGGCAATCGTTTTCGAGATCTCAAGGGTGTGGCAAGCCTTGCCCCCTTGGGCTGGCGGTTATTGCGACGGGGTAAGTTTCCGCTGCGATTTGCAAAGTCTGCTGGTCAAGCCCAAATTAAGGCAGTGATCACCGCCCTACAGCAGAAACAGCCGTCTTCTAAAATGTGAGTACAAAGTGAAGGCTCTATGCCAAGCTAAAGAAGTTGTTTTGCATACCTAAACACCATGAGTGAACCAACACCTGATGATTTGACCCCGCAATTTGGTTGGTCGCGCTATGCGGAGCTGATCAATGGCCGCTTTGCCATGGTTGGCTTTATTGCCCTGCTGGTGCTGGAGTGGGTCACTGGCCAAGATTTCTTTACGTGGGTGGGCTGGCGATAGGTTGTGGCGGCAACACTGCGCTTAGAGGGAGTCACGCGGCGATTTGCTCCAGGAGTGGGAATTGGTCCACTCTCTCTAACTGTGCCCGCAGGGGCGCTTTGGGTGATTGTCGGGCCTTCGGGTTGTGGTAAATCTACCCTGTTGCGGCTTATTGCTGGTCTAGAGCAGCCCACCAGTGGGGAGATCTCCATTGGCGATACCTGTGTCAATGGCCTGAGTGGGCGCGATCGCGATGTGGCAATGGTCTTTCAGAACTATGCCCTCTATCCCCACATGACCGTGGCCGAAAACCTTGGCTTTGGTCTGAAAATGCGCGGTGTTGATCCGGCCACACGGCAGCAACGGATTCTTCAAGTGGCTAAGCTACTGGGGATTGAGTCCCTGCTGCAGCGCAAACCGCGTCAACTCTCCGGTGGTCAGCAACAGCGGGTGGCCTTGGGAAGGGCCTTGGCGCGATCGCCCCAAGTGTTTCTCCTCGATGAACCCCTCTCCAACCTTGATGCCCAATTGCGGGAACAAACCCGTGCTGAACTGAAACAATTACATCAACAACTGGGCATTACCACCCTCTATGTCACCCATGATCAAGTGGAGGCCATGACCCTTGGCGATCGCATTGTGGTGCTGGATCGCGGTCAAATCCAGCAAATTGGCACCCCTGCTGATCTCTACGACAAACCCGCCAATACCATGGTGGCGCGATTTTTGGGCACCCCGCCGATGAATTTACTGCCCGCTCGCTGGGATGGCAGCCGCCTGTGGCTAGCGCAGCAGCCCTTGCCCTGTCCAGACACCCCCCATTGGCCGCTAAAAAGTGAACAACCCCTCACCGTGGGCATTCGCCCAGAGCATTTGTCTATCAGTGAGAAGGGCTTGGGGGCGATCGCCACCCTCGTTGAACCCCTAGGCCGCGAAGCCATTGTCCGCTGTCGCCTCATGGATAGTTCCCAAGAACTGCTGTGGTTAGCCCCTAATCACCAAATCCCTCAAATGGGTGACCCTCTCCAGTTGCAGGCTCGCCATCTTTATCTGTTTGACCCTACGAGCGGGGTGGCTCTCAATTTTGAGCCTAGCTGAAAATTCATCGGAACCCTTACCCAAGATTGGAGGGTTCGCTTAGAATACAACTAGGATTCTGTAAAATTTCGTAACTTCTGCGGCCAGCCCGTCCATGACTTCGGTAACCTCTCTTTTTTCACCTGTCGAAGCGGATCTCTGTGTACTAACGGAGAACCTGAAGGCACTGATTGGAGCACAACACGCCGTACTCTCTGCTGCCGCCGAACATCTTTTTGCTGCCAGTGGAAAGCGCATTCGACCCGCCATTGTCTTTTTGGTGTCGCGAGCCACGCTGCCCGATCAGGGGATTACCCCGCGGCACTGCCGCTTAGCAGAAATTACAGAAATGATTCATACCGCCAGTCTCTTTCATGATGATGTGGTGGATCAAGCGCAACTACGGCGCGGTGTGCCCACGGTTAACAGTGTTTTTGGCAATCGGGTGGCCATTCAAGCAGGAGACTTTCTCTTTGCCCAAGCCTCTTGGTACTTAGCGGATTTGGATAACCTGCAAGTGGTGAAGCTCCTCTCCCAAGTGATCAAAGACTTTGCTGAAGGGGAAATTCGCCAAGGCTTTAACCGCTTTGACACCAGCATTACCCTAGACGACTATCTACTGAAAACCTACTACAAGACGGCTTCCCTCATTGCCAACAGTGCCAAGGCGGCAGCGGTTCTCAGTGAAGCGCCGCCAGAAACCATCGAGGCCATGTACACCTACGGCAAAAATTTGGGTCTAGCCTTTCAAATCGTCGATGACATCCTTGACTTCACCCGCTCCACCGCAGAACTAGGGAAACCCGCTGGCTCAGATCTGCGGGATGGCAACCTAACTGCACCGGTTCTCTTTGCCCTACCCAAAGCGCCCTACTTGCATACCCTCATTGAGCGAGAGTTTAGTGAAGAAGGGGATTTGGAAACCGCCCTCAACCTAGTGCGCCAAAGTGGTGCCATTGAAGACGCCCGCAATTTAGCCAAGGAATATGCCCAAGCGGCTCTACCGGCGCTTGAAGTGCTGCCTTCGTCGGAACCGCGTCAGGCCCTCAGCCAGTTGACCGATTATGTCCTTGAGCGGCTCTATTAAGCTGCCAGCGGCAAAATTTCCAATGCCCAGCGCATAAATTTCAGGAACTGGGCGAAAAACAGAAACAAGACTTCCATGAGGGAGTCCAATAGGTATAAGTGCGGGATCAGTAATCAATCCCCTACACTAAAGACAGGGATTGCGTCCACCCGACTAGCCCACGATTGGTTTTTATTTCGGGAGTGAGTTTGTGGCAAGAGGCGTTCAACAGCGTAAATCGGTGAGTTCTACTGTGGGTGGTCGGGGAAGGCAAAAAGTATCTCAAAAAAGCAAGGGTCAGCGATCGCGCCCTTCGCCATGGCGTACCCTAGGCTGGATTGCTGCCTTTAGTGGTGTGTCCTTGGTTTCTGCCTTTGCGGGCATGACATTTGTTTTGATGTCACCCTTTCAGGGCACGAACCATCGTGGCCAACGGGATCCCTCTTGGCTGGAAATGATGACACGGGGGTTCCAGTATGGCATGAGTCGGCCAGTGAACCTCTTGGTACTGGGGGTGGATAATGTCTTGGATGCCCCTGAAGGTTCTCCGAAACGGTTCCGTGGTCGCACGGATACGATGCTGCTGGCGCGGTTTAACCCTGAAAATGGCACGATTACGGTCTTGAGTATTCCCCGTGATACCCGTGTGGAAATTCCCGGACATGGCATCGACAAAATTAATGCGGCCAATGTTTATGGAGAGGTCGATCTAACGGTGCGGGTGGTCAGCGAAATCCTCAACTATACCCCCATTGATCGCTACATTCGCATTGATACAGATGCATTTCGAGAATTGGTGGATCTGGTGGGCGGTGTCGAGGTCAACGTGCCCAAGCGGATGGTTTATACCGATCACACCCAAAAACTTTACATTGATCTTCAACCGGGGCTGCAAACCCTGAACGGGGAGCAAGCAGAGGGCTTTGTTCGCTTTCGTTACGATGAACTGGGGGATATTGGTCGTGCCCAGCGGCAGCAAATGCTGATCAAGGCGCTGCAAAAGAAACTGGCCAATCCCGTCATGCTGACCCAGGTGCCGAAAATCTACAGCGTCCTGCAAAAATATGTGGATACGGATTTAACCTTTGCCGAACTGATGGCGATCGCCCAATTTAGTTTGCGCATTGAGCCAGACAACCTGCGTTTGATTCTGCTGCCGGGACGCTTTAGTGGTGATAGCTATGAGGT
NZ_CP134169.1_gap63	2347905	2350912	3007	CCAATATCAAACAGCAACTCTCCCTGCAACGCCTTGCCCCCGTGACAGTACCGACGACCGCAGTGGTTTGGTCAGTGATCCACAAAACAGGGGATTTGGGTATTCCCCTGACCGCAGGGGATCCGATCGTTAAAATTCTCGACTGTAGCGATGTTTGGGCAACGGGCTTGGTGGCGGAGCGGGATAATCCTCGCCTGCAGGTGGGTCAGGAAGCAACAGTGCGCTTATTGGATGGGAGCGATCGCCGGCTAACGGGGATTGTCCGTGCCATTCGCGGCGGGCCAGGTAAAGTCGAAGTGGGTGAAAATGTGGCTGTGCCCCCCCCCCGATCTAGTGCGCAATGAACTGGCGGTTGATGTTCAACTCTACAACCTACCAGAGGACTTAACCGCTGAGCGTTTCTGTGGTGTGGGCCAAAGTGTCGAAGTGGTGTTTAGAAGCTAAATCATGCGCCTCAAGTCGTTGCAAGCCGATGGCTGGCTCTTGCTCTTAGGCATTCTCGCCCTCCTAGGGGTACTGCTGTGGCAAGTGAACTGGCGAGATTTACTACCGAATCTTGTCGGTTTTTGGCAGGGCGGACAAGCCATCATGCGCCCCCAAGGAACCACACTTGAGGCTTTACTGCTGCCGGCGTTTGTCTGGTTGGCAATCACGTTTCTCCTAAAGGAACTCTCCCCTAAACCGACCTTCTGGTCACGGCTGATTGTCAGTGTGGGTCTTGCCCTATTGGGGATTCGCTATGAACTCTGGCGCCTGTTGAATAGCCTCAACTTGGATGATCCCCTCAATGGCACGATCTCCGTCGTTCTCTTTTTGGCAGAATTGCTGACGGTTTTCAATAGTGTGGCCTTTTTCTTTCACTGTATTTTCTCCATTGACCGCACACCCGCAGCCGATCGCCTCAGTCAAGCGGTGATTCGCGGTGAGTATTTGCCTTGGGTGGATGTGATCTTACCGACCTACAACGAAGGGGTGGATATTTTGCGGCGTTCAGTCATTGCCTGCCAAGCCATGGACTACCCCCACAAGCGCATCTACTTGCTGGACGATACCCGTCGCCCGGCGGTACGTGCCCTAGCTGCAGAACTGGGCTGTGAATATCGCGATCGCCCCGACAACCGCCATGCCAAAGCTGGCAACATTAACCATGCACTGCCCACACTCACGGGGGAGTTGATTGCCGTCTTTGATGCCGACTTTGTGCCGAGTCGCAACTTTCTCACCCGCACGGTGGGTTTTTTCCAGGATGCGAAAACGGCAATGGTACAGACCCCCCAACACTTTTTCAATGAGGATCCAGTGACTGTGAATCTAGGGCTAGAGGGGATTCTCAACAACGAGCAGACGCTGTTTTTCCGCTTTATTCAGCCCAGCCGCGATTACTGGGACTCTGTGGTGTGCTGTGGCACCTGTTTTGTGATTCGCCGCCGTGCCCTCGATGAAATTGGTGGCATTCCCACAGACAGTATCACCGAAGACTACATGACAACCATTAAGCTGCAAAGCCTTGGCTATCGCGTCAAATACCTCAATGAAGCCTTGGCGGCGGGGATGTCGCCGGAGACGATTAGTGCCTACATTAACCAACGCTTGCGCTGGGGGCAGGGCACACTGCAAATGCTCTTTTTGGGGGGCAACTTTTTCACTGCCCCTAATCTGCGGTTAACGCAGCGCCTCTCCCATTCCTTGAGTATCATCTACTGGTTTCTTTCCATTCCGCGGGTGATCTTTCTTTTGGCACCGTTGGCCTTTTTGCTCTTTGGTATTGCTCCCTTGCGAGCAACGGTGAACGAGATTCTTTACTTTTACTTTCCCTACTATCTGGGGAATATCATGGCGTTTTCTTGGCTGACTGAGGGTCGCCGCTCCGCTTTTTGGTCGGATGTCTATGAAACAATTATTGCCTTTCCCATGGCCATCACGGTGATTCGCACCCTCATCAATCCGCGGGGCAAAACGTTTAAGGTAACGCCCAAGGGGATTGTGGATCCCCACCGCATCAATGTTAATTGGCCACTCATTCGCCCCCTGCTGGTGATTGCCCTTTTGACGATTGGGGGCTTGATTTGGCGCAGCTCTTCCCTTCAAGAGACGAATGTCAATCCCGATAGTTTGGCGGTGAACATGGTCTGGTCAATCTATAATTTGTCACTTTTGTTGGTGTGTATGCTGGTGGCCATTGATGTACCGCAGCGCCGTTTTACCCGCTTCCTGCGGACTGAACCCTGCGAACTCATTGTTGGGGGCGATCGCTATGTCGGGCAAACTGTGGATATTTCTGAAGAGGGCGCCCGCTTACAAATCCGCCACTGTGACACTTGTCAGGAAAACCATGCTTCACCGCAGGGATTACGAACCTACAGTGCCCAATTTCGCCTCTTGCCTCCTAGCGAACTCGCAGATCTATGGCTCTCGGCAGAGCTGCGCTGGCACGATCAGGAGCGCCTGATTCAACTTCAGCAGGGGGCGAGCAGCAACCCTGTCGAAATGCGCATTCGCTTTCTGGATCTATCCTTGGCAGAGCACCGTCGTCTCATCCCCTACCTCTACTGCCAACCGGGACAATGGGATGAAATTCGTGTGCCTGAAATTAAGACCGCTTGGGCAATGATTCAAAGCGTCTTTCGCCTGCATCCCCTTGCGGAAAGTCGCTAGCCCATTGTTGAATTTTTGCTTTAATTTTTCGGTATAGGCTTAGTTTTGCTAAAGCATTGGGTACACTAGAGGTAAGTTCCCTAAATGGATTAGCACCATGGTGAAAAATTACATCTGTCCCATTCTTGCCAAGCCAAACTGGCCATATTTGTTAGCCTACGAATTCGCTGCAATTATTCTAGGCAGTCGGAAATTTTGCTGATAATTAGTCTTGCATGTAGAAGCATTGTTATTCATCAAATCAATTAACACGACTGCTACATCCAAGATTCATTGATCAAAGCATTGAAAATAGTTGAAATCTAAAGAGTTGCTCACCCGATCGTAATTTTGAGGTCGTGGCGTTGTTCAA
NZ_CP134169.1_gap64	2373910	2378202	4292	GTTGCTCCTCGGTGCAGGGGCGGCGGCAGGGTTGGCAGCAGGCTTCAATGCCCCGATCGCTGGCGTGTTCTTTGCCCTAGAGGTGGTATTGGGCACCACGTTTGAAACAACGGCTGTGAGTGTGGTGCTTTTGGCTGCTGTGATTTCTGCCCTGATTACCCAAATTGGCTTGGGGGCACAACCCGCCTTTGATTTGCCCACCTATGAGGTGCGCAGTTCCCTTGAGTTGCCCTTGTATTTGGGCTTAGGACTGTTGGCCTACGGCGTTGCCATTGTCTATACCCAGTTACTTCAGTGGCTCCCCCAAGTCTTTCAGGGGAAAATTCCACCCATGCAGTTTTTAGGTCGTATTCCCCTAGCGCTGCGTCCCCTAGTGGGTGGCCTCTGCGTTGGCCTTGTTGCTCTGTATCTACCGCAAGTGCTGGGCATTGGCTATGAAACGGTGGAAGCAATTCTCAGGGATGTGAATTTTTCCCTCGGCTTGCTGTTGATCTTGCTACTGACCAAGATGGTCTTAACAGCAGTGAGTTTAGGCAGTGGTCTAGTGGGGGGCATCTTTGCACCGGCGCTCTTTTTGGGCGCGTCCCTTGGTGCTGCTTATGGTAAAGTGTTGCCCATCCTGCTACCCATGTTTGCCAACAGTATTGCTGCTCCTGCCGCCTACGCAACGGTGGGAATGGCCGCCGTCCTTGCCGCTAGCGTCAATGCCCCCTTAACCGCTATTTTGCTACTCTTTGAAATGACGCGGGACTATCGCATTATTTTGCCTCTGATGGCAGCGGTGGGCTTGAGTGTCTGGCTAGTGAATAGTTTGAGTGTTCAAAAACGGGGCGAACTGCCCGCATTGGCACCCAGCGCTCAGACCCAGAAGGAGGAGCAGGAGGAAAGTCCCCCCAATCTTTCTGTGGCGGAAGCCATGCAATCGGAGGTGCTGTTTCTGAACGAAGCAATGCCTGTGGTTGAAGCTGGCTTGCAACTGATTGAAAAAAAAGCCTACTGCGCCTTTGTGACCGATAGTCAGCAGGACTTGATGGGGTTGGTCACCCTTGGGGATATTAATCGGGTGCTGACCCGTTGGGAAGCGGATCAGGAAACAACCGCCTATCAAACGCAAATGGTGGGGAGTGTCTGTACGCGAGACTTGTTACTGGCCTATGGGGATGAACCCCTGAAGGACGCCCTCGATCGCATGGCAGCGCGGGATTTAAGGCAGTTGCCCGTGGTCGATCGCCAGAACCCGCAACGGGTGTTAGGCCTACTCACCAGAGAGAATATCCGCCTTGCCTATTCTCTGGATCAAACGCGACGTAAGCTTTTGCCCTATTTGGAGCGGGCAATGCTGTCGGTGTCCCTAGAACCTGTTTCTTCAGACCTAGTGGAGACTTCCGATTAACTGGGAGCGCAGGTGAATGACCTCGCCAATGACAATCAAGGCAGGCGTTTGAATCTGTGCCTCGTCATAGGTGGCGATCGCTCGCTCTAGGGTTGTCACCACCACCCGTTGTTGCGGTGTTGTCCCTGATTCAATAAAGGCCAAGGGCGTCTGGGGCGATCGCCCCCCTGCCAGGAGTTGCGGCACAATTTCCCGCAGATGATGGAGTCCCATGTAAATCACAATCGTATCCACCGCCGTAGCCAGAGCCGACCAATTTACACGCGGTTGATAGCGACCAGCAGCCTCATGGCCCGTGACAAAAACCACCGAAGAACTAAAATCCCGATGGGTGAGGGGAATGTGCGCATAGGCAGGTGCAGCCACCCCACTGGTGACCCCCGGCACCACTTCGACAGTAATGCCAGCCTCGACAAGGGCAAGACACTCTTCACCCCCTCGGCCAAAGACAAAGGGATCACCCCCCTTGAGGCGCACAATCACCGCATGGCGCTGAGCCAAGTCAATCAACAGGCGACAAATCTCTGCTTGGGAGAGGGTATGGTTGCCCCGCCGCTTGCCCACATGAATTTTTTCCGCTTCGGGGTTGATCAAGTTAAGAATTTCGGGGCTAATCAGCGCATCGTAGAGCACCACATCCGCCCACTCCAGTAGCGTCTTGGCACGCACCGTCAGTAGCCCCACATCGCCGGGGCCTGCGCCCACTAAATATACTTTGCCAATTAATTGCGATGAACTCATTCTTGAATCAAACCTTGTATAACGGTTTCTATCTGCTGAAAAGCTGGAGTGGCTCACTCAACAGTCACCAGTTCTGCTGGTAGCGCTTCCCACGCTTGTCCCTTGCGTACCAGTAGCGGCGGCTCCACAGTGAGATCAAGGATACTCGACATTTGCTGTCCGGGGGGTTCGCCGGTATCAATCATTAAATCCACCCGTTTGTCAAAGGCATCGAAGAGATCTGCGGTATTCACGTAATACGTCTCGTCGTCGGGCAGTCGTGCTGAGGTGGAAATAATCGGATTCCCCAAGGCGGTCAATAGCGCTTGGCTCACAACGTGGTCAGGTACGCGAATCCCTGTGGTTTTGCGTTTGGGATTTTGGACAAGGCGGGGCACCAGTTTGGTAGCGGGGAGCAAAAAGGTGTAGGGGCCTGGGATCAGGCGACGCATGAGGCGATAAGCAGCATCGCTGACATAGGCATACTGGGCAATGTTGGAGAGGGAAGAGCACAAAAAAGTGACGGGTTTATCGTTGGAGAGTTGCTTGAGTTGGCGTACCCGTTGCACCGCTCCTTTGTGGTTCATGTCGCAGCCAATGGCATAGACGGTATCCGTGGGGTAGAGCATGACTGCCCCTTCCTTGAGAGCCTCAACAATTTGGGCGATCGTGCGGGGCTGGGGGTTAACCGGATGAAGCTCAAAAATCGCTGCCATTCAAAGATCCGCAAGGGCACTGCCGCTATAACGTAGTTTTAGTTTAACGGCAATAGCACGGGCGAATGCACCTCATCTAATGCACCTCATCTAGTGTTTTGAGCTAAGTGTCCGTTTCGGGGAGCCAACTCTGGGTCAAAACCCTCTCTAGGGGATAAGGGCAGGTTTCAGGAAAGGTGCTCAGCGGTAAACCCGTTTGCTCTGCTGCTTGGCGGCGAGCGCGTTCATAGCTTATGGCAAGTTGGCTGGCCGGATAATCCCGCAAGCTCGGACTATCAGCTATGGTCAGCTCAATTTGAGTGCGGGCATCCGTGATCGAATCCAACCAACTATCGGATCGGCGCTGGGGTTGATATTGCCACTTTAAGAGGTGTAGCAGCAGACGAGTTAACTGGCTATTGATGGCGCGCCGTTCACTTTTGCCCAAGTCCTCTACCTCAGCAATGAGATGGGGCAGATCCAACTCTTGCCATCGTCCTTCTCGCAACAATGCCACTGTTTCTGCAATCCACGCACTGTAATCTTGGTCGTACTGCTGCTTCATTGTTCCTAGATAAGGCGTGCCAGCATGATTCTTAGATGCAATTTTCAGAATAGCGGAACTACAAGACGGTACTCGCGGTCTTTAGCTCTAGCACTATGTGGAGTACAGTACACTAGATTCGGTTAGTGGATGGTTCTCAATGAAAAACTCCTTGCGCTATCTCCTGTTTGGCTTGGGTGTGGGGCTGGCGATCGCCCTTGTGCCCCGTTTACCTGTTTTGCACTCTCCCGATATGGTCATGGCGCAGGGAACCAGTCAGACCATTTCCCCCCAAGGGCTGGCGAACCACCTCAAGAAAATCAATGCCAAGATGTACGGTGCCTACTGGTGTCCCGCTTGCATGAAGCAAAAAGAACTCTTTGGCAGCGCTTTCAAAAGTATCAACTATATTGAGTGCGATGCCCGCGGTACCAATGGCCAGCCAGAACTGTGCAAGCAGGCCAATATCCGTGCCTACCCCACATGGGAAATCAACGGTAAACGCTATGAGGGGGTCTATCCCCTAGAGGGTCTAGCTCAGCTTTCGGGGTATCAGGGGCGCTAATGCTCGCGAAGCCTAAAAACTCTTTATGAGGAGAGAACTTGGCACCAATTTTTATCGTCGGTTGTCAATTGATTGTCTTGTTGTTTATCATCAAAAAGTAGTAGGGCGTTTGCGCTAGTCAGCGATCAAAGGTACTTAAGTCATTCTTGTGATTAGGATCACGGGAAAAACGTGCTTTCGATCACCAGTTAACGATATGTTGCCTTCTATGATGCAGGTATGTTAGACCCTCTCAATTGTGCCCCTGAATTCCAGCACGGTCGGTAGCGGCGTGGCTTAGGAGCGCATTATCCCCTATGAATACTTGGATAAAGACAAACGACTACCAACTGATTTATGAACACTTGCTGGAATGCGTGCAGCACGAGAGTCCAC
NZ_CP134169.1_gap65	2380394	2385045	4651	TCCCAATAGGCCAATCCACCCTTGGGTGACGAGACTCCAGCCCGCTTGATCTAAACTCTGCCCCACCTGCCAGATCACTTGAACAATCGCGTAGGTGACCAACGTAAAGGCCAAAGCCCCACCCCAGACATACCCCGTGCGATGATAGCCGCCAATGGGATGGGCATCGGAGAGCTGACCAAACCACACGCGCACCGGTGAGACAAATTGATGCATGGCGATCGTCAGCGTCACCAATGTGGCCGGCACCGCCAGTTCTTTAATCAGGATGCGGTTGAGCACCCCCAACACCAGAATCGACATCATCCCCAGTGCCATCTGAAACAGACCCAAGCGAAACATGACCCACAGGGGCAGCGGCGGGGGTGCAGCGGCAGAACGAGTGGCCATACCTCACTCAACTCACATCACTGATAGAAGATGATAAATGATTTTCAGGGCAAATTTAGATTGCCATCAAGAAGGAAATCGTCAATGATACAACTAGGGCAATCAGTGTCAAAAAGAGCGATCGCTTCAAAGATTCCGTATAAGCAGACATGGGTGGCATCACCTCATCAGTAGGATGTTTTGGGCTGTGTCCAATCGATGGGAAAAGGACTGTATTGTGTTAAGTTGTAGTCTTTTATTGTACTGCCTTTTTCTGGGGGTCAAAACCGTACAGGGCAGGCATCCATCACTTGAGGACGTATCACATCAATGGGGATCAACCTACGCTCACCATTATTCATTGTTTTACTCACAATTGTCATCGACCGTTTGGGTGAGAGTCTGATTTTCCCCATTTTGCCCTTCCTCGTGGAGCGATTTAACTTTGATGCGTTGAGCTTGACGCTGTTATTTTCTGCCTTTGCTGCTGCCCAATTCATTGCTGCTCCCCTTTTGGGTGCCCTCTCGGATCATTGGGGACGTCGCCCGGTGTTGCTGATTTGCATTGCCGGTACGGCCCTGTCCTACATTCTCTTTGCTGTGGCGACGGTTCCTTGGCTGCTCTTTGTCTCGCGGATTATTGATGGTCTCACGGGGGGCGTGGTTTCAACGGCTCAGGCCTATATTGCTGACACCTCTGCTCCAGCAGATCGGGCTAAGAACTTTGGTTTAACGGGGGCAGCCTTTGGCATTGGCTTCATTTTTGGGCCGGCCATTGGCGGCAGTCTAGCAGCCATTGATCTCAAGTTGCCGATTTGGTTTGCAGCGGGCTTGGCACTGGTGAATGTCATCTTGGCCTATTTCATCTTGCCAGAGTCATTGCCCGCAGCCCAGCGATCGCCCCTGACCCTAAAGAGCTTTGCCTTGCAGCAACAGTGGTTGGAGCTATTCAATCAACGCACCCTCCAAGCCTTACTCATGGCCTTCTTTATTTTCAACTTTGCCTTTGCTGGCTTTACCAGTATCTTCGTCCTCTTCTTGAAGCGGCAATTGAGTTGGGGACCTGCCCAAGCGGGGATCATTTTTGTGATTATTGGCGTGGTGAGTACGATTGTGCAGGCGGGCTTGATTCGCTCATTGATTCCTCGCTTTGGTGAGCAGCGCTTGAGCTTGGGGGGATTGCTCCTAGTGGCCTTGGCCTTGTTGGGGATTGCGGCGGTGCCCAGTGCGGGCGGCTTTAGTGCGCCCTTGCTTTATGGGTGTGTGGTGGGTTTGGCCTTTGGCGTGGGAATCATGTTGCCCTCGCTGCGAGGGGTGATCTCCAATCGGGTGCGAGATCAAGATCAGGGGAAAATTATTGGCGCTAGCCAATCACTCCAAAGTGTGGCGGGGATTGCTGGACCGGCATGGGCAGGGTGGGTCTTCGATCGCTGGGGTGGGGTGGCGCCCGCTTGGCAAAGCAGTGTGATGATGGCGATCGCCCTTGGCTTTTTGGCGCTGGGATTGGGCAAGCCCAAGGATGCGACCCCTAGCACTCTCTAAGCAAAATATGTCAAACTGCTAAGCAAAGACCTTTATTCGCCCATTTTTTCAACCTTTGAACCCTCTCGAAGCTCACCTATGATGCGGTTGTCTTTTCCTCAGCCTTCTCGACAGCCCCGTTGGCTCCATGCTTGGCGACGATCGCTCCGCTATCACTATTTGCGCTTGATGCGCTCCCACAGTAGCACTGAGAGTATTGCCCGTGGCCTTGGGGCAGGGGTCTTTGCTGGCATGCTGCCCCTGTTTGGGGGGCAAATACTTATTGCCGTCACGGTGGCCCTCCTTGTGCGCGGCAACAAGCCCTTGGCTGCCCTTGCCACTTGGGTGAGCAACCCCTTCACCTATGTCCCCCTGTTTTGGTTTAACTTTCAGGTGGGTTGGTGGCTGATGGGGCAGCCTGCCCTATCTTTTGGTGAGTGGCAATCTTGGGAAAAGCTCCTCGAACAGGGGGGGCAAATGGCAACGATTCTGATTTTTGGCAGTGTTTGGGTGGGCGTGGTTGCCGGACTCCTCACCTACGCCCTGTGTTTGCGACTGCTACCCACCCTGCGACAACGCTTTCGGCGGCGTTCTGCTATGGCTGCTGTAAATTTTCTAAACCGGCCACAACCTTAGCGGATTGCAGGCGATCGCCCTGTTGGATCCTGTCCACCACGTCCATACCATCGGTGACATAGCCAAAGACGGCATAATTGCCATCCAGAAAATCCAGTTGATCAAGGGCAATATAAAACTGGGCTGAGGCCGAATCGGGGAGTTGCGATCGCGCCATGGCCACCGCACCGCGCGTATGATTGAGAACGGGTGAGACTTTGCCCGCTTGGCTATAGGTGGGGGTGTCACTGCCCTGACCAAGAATTTCTAGGGGAATGTAGCGGGGGCGATTGGTCGCGGGGTCAATGAATGAACCCGTGCCGTAGAGTTGCGGCGACACACTGGGGTCTTTGCTCTGGGGATCCCCGCCTTGAACCACAAAGGGTCGGGGTTCACGAACCACACGGTGAAAAATCGTGCCATCATAGATTCCCCGCTGCACTAAATCCACAAAATTGCCAGCGGTAATCGGGGCAGCATTCCCCTTCACTTGAATCGTAATCGGGCGATCGTTGACTGTCAGTACAACCGTTGCATCGCCATTGAGTCGAGGTAAATTGGCCATAGGGGTTGGGCTTTGTGCTCCTGGAATTGAACTGGTGTCAGCCACTGAGGAGAGTGACGCGCAACTCACCAGCAGAAGCACACCGAGCACCATCACCAACTGTGGCAGAAATCGGGGCAATCTTGTGCCGAACTTCAGGGGTTTCATTGACCAGCCACTCCAAGCTAACCGTTCTATTATGCCGTGCCCTTGCGCCCTAATGACTGCGGGGAAGGGGTTGCTGTGTTGGTTGTTGCCGCAGTTGCACCAAGGGTTCATCGGGGTTTACCAAGTCAATAAAGACCATTTGGCGGGGATCCAAGTACTGAGGTAACTGCTTGAGGCTGGCTAGGGCACTGAGTTGTTTCTTCAATGTGGGACTATGCCACTGCACCACCCCAAGATGAACCGGCGCGAGGGGGGTTTGGACAATTAGATTCTGTTCATTGCGCCAATCTAAACCCGTAATCGGTAAATCCTGCTGCTGGAGAATCTGGTGAATTTGCTGCCACTGCTGCTGGCGATCGCGATCGATGGCCATTGTCTGCGGGCGCGGTGCATCCTTAACGGGTACAAAATACCCCTGCAATTGGAGTGTGGGCATTGGCTTCACGGCACTGGCTTGATAGCTACTCAGCGGGGCAACAAATCCGAGGCCATCCACCAACCAGCGACTGGCAGACCCTTGCAGCTGCCCGCTTGCACTCATTACCCAGCATTGATTGCAGGTGGCGACTGCGACAGGCTTGCGTTCTTGGACTTCGACAATCAGTGTCGGCGGAAAGAGTTGGCGGGCGATCGTCACCCGTTGCAGAGGCAGCGTCGTTTCTAGGGCATGAATGATCTCCTGTGGCCGCAAACGCAGCAGTGACTCCGGATACTCAAGGGGCAATTGTGCCTGCAACGCTTCCGTTTTCAGCAGTTGATTGCCGCGAATCACCACTTGCTCCGGGCGGCGGATAACCCAGTCCGGCAGCGTCAGTCCCCAAACCAGTCCCCCTGTTAAGGTCAAGAGGACACTGGTACGCCAAAGCCCTGCCAGTTGCCGCCAGCGGCGTTTACTTTGCAATTGGCGGCGCCGTTCCCGAATGGCATCATGAGCCGTTGTCCCCTGAGGGGTGGGATTTACCATGGCCACGGCCTCAGTCTTGAGGAAAATTGGAACTTAGGATCCTGCACGGGCTGTCATTACTTGGTGGTAAGATACGCGATGTTGATTGTCCGCTTGACTGCCTCTATCTTAGTAAAGGCTTCGCACCATGCCCCTGAATACATTTGCTCACTGCTCAAGATCATCCCTGCTCCTCGGGGTGTTACTACTGGGGGTACTCCCGCGGGCGGTGTTTGCTCAGAATCAATCTTCTAGCCCCAATGTCCAGATTGTGAATCCCACACCCCCACCCAGCTCTTCAATCTATACCCTTGAGGGGGGCAAGCGCTTGATGGATGAGGCTGCCGCCGCAGTCAATAGCCAAAATTATGCCGTCGCCGCTCGCAAGCTCTTAGAAGCCCGTACGGTGATGAACCAACTCTCGAACTTTTACCAGTCCCTCAACTCTAGCTTTTTGGGGATTGATACTGCGGCTGCCGATAGCAACCGTC
NZ_CP134169.1_gap66	2386158	2388747	2589	GAAAGAGATTGGCGTGGCGCAGGTTAGCACGGTGGAGAATCACGCGGTGCAAAAAGGCATCACTGAGATCGGCATAGCTGAGATTGGCATGGCTGAGATTGCGCCCCTCAAAGTCCTTTTCGCTCAGGTTGGCTCCCTGTAAATTCACCCCCGACATATCCTTGTGGGGAGGCGTCGTGCGGGGTGGTTCTGGGGGCGGGGGCGCGGCTGTGCGTTGGCGCTGATAGGTGCCGTAGGTGTGGTTGTGGTGTTGGCTATAGGTCTGGTGCGTCGTTTGCTGCGGCTCACGGGGCGCATGATAGCTGCGATAGGTGTAGGGATTGGATTGATAGCGTGGGGGTGGCGGCGAGGAACGATAGGTTTGCCGCTGGCTAGCAGTCCGCTGGGAGGTTTGGCTGCCGTGTCGGGCAATATGTTGCCGCAGTTGATCCCGCGCTTCATTAAACTGCTTAATTTTCTCTTGTGCCTTCTCGATTAGCCGTGTGTTGTCCTTCGGGATGCGATCGGGATGCCAAATAAACACTAAATCCCGATAAGCTCGGTTCACTTCCTCGAGGGTTGCCCCCGGCTCCAACTCCAGTACCCGGTAGCAGGTGTCTAAATCGAGCATTTTCTGACGGCTTATCATGGATATTGATGATCTTAACCACGGGACTGCTCACCTAGGGTTGCGAAAGAATGCGTTAGTATGAACTTATGTAAAGACTTTTCACTTTTCCTAGCGGAGGATGGCGATCGGTGAATAAACAATGGCGAAACGCAGGTTTATATGTTCTTCTTGCAATCGTGGTGCTGGCCTTGGCCACTGCCTTCTTTGATCGCCAACCCACGACCAAACAGACATGGCCCTACAGTGAGTTCATCCAACAGGTCGAAAATCAGCAAATCACCAAAGTCAGTATTACCCCCGACCGCTCGCAGGCGCAAGCGATTACCCAAGATGGCACGCGGGTGCTGGTCAATCTTCCCAACGATCCTGAACTGTTGGACATTCTCATTAGCAACAATGTGGACATCGCCGTCTTGCCCCAAAGCAACGATGGCTTCTGGTTCCGCGCCCTGAGCAGCTTACTGGTTCCCATTGGTTTGCTGGTACTGCTCTTTTTCCTGTTGCGGCGTGCCCAAGCAGGTCCTGGCAACCAAGCGATGAACTTTGGTAAGTCACGGGCACGGGTACAGATGGAACCCCAAACCCAAGTGACCTTTAATGATGTGGCTGGCATTGATCAGGCCAAGCTGGAACTGGGTGAAGTGGTGGAATTCCTCAAGTACGCCGATCGCTTTACCGAAGTGGGCGCCAAAATTCCCAAGGGGGTTCTCCTTGTCGGGCCTCCCGGAACGGGTAAAACCCTGCTTGCGCGGGCAGTGGCTGGTGAAGCGGGCGTTCCCTTCTTCTCAATTTCCGGTTCTGAGTTTGTGGAAATGTTCGTTGGGGTGGGTGCCTCACGGGTGCGCGACCTCTTTGAACAAGCCAAAGCCAATGCCCCTTGTATTGTCTTCATTGATGAGATTGATGCCGTCGGTCGCCAGCGCGGTGCTGGTCTGGGGGGGGGCAATGATGAACGGGAGCAAACCCTCAACCAACTGCTGACGGAAATGGATGGCTTTGAGGGGAATACGGGCATCATTATTATTGCTGCAACGAACCGTCCGGATGTTTTGGATGCAGCACTATTGCGTCCGGGGCGTTTTGACCGTCAAGTGGTGGTGGATCGTCCGGATTACAAAGGTCGCCTCGATATTCTCAAGGTTCATGCCCGTGGCAAAACCCTCGCTAAGGATGTGGATCTCGATAAAATTGCCCGCCGTACCCCCGGCTTTACCGGTGCGGATCTCTCGAACCTACTCAATGAAGCGGCCATTCTGGCGGCTCGCCGCAACCTGACTGAAATCTCCATGGATGAGATTAACGATGCCATCGATCGCGTCCTCGCTGGGCCTGAGAAAAAAGACCGTGTCATGAGCGATCGCCGCAAGAAGTTAGTCGCCTACCATGAGGCGGGTCATGCCCTTGTCGGTGCCCTGATGCCCGACTACGATCCCGTTCAAAAAGTGAGCATCATTCCCCGGGGGCGGGCAGGTGGTCTGACTTGGTTTACTCCCAACGAGGATCAGATGGATTCGGGTCTCTATAGCCGTGCCTACCTGCAAAACCAAATGGCCGTTGCCCTTGGGGGTCGCATTGCTGAAGAAATTGTCTTTGGTGAAGAGGAGGTGACAACCGGTGCCTCAAACGACCTGCAACAGGTGGCACGGGTGGCTCGCCAAATGGTTACCCGCTTTGGCATGAGCGATCGCCTAGGACCTGTGGCCTTGGGACGGCAAACCGGGAATGTCTTCCTTGGCCGCGACATTATGGCAGAACGGGACTTCTCCGAGGAAACGGCTGCCACCATTGATGACGAAGTGCGCAATCTCGTCGAGCAAGCCTATCGTCGTGCCAAAGAGGTCTTGGTGAACAACCGCCACGTCCTTGACCAAATTGCCCAAGTGCTGATTGAAAAAGAAACAATCGATGCGGAGGAACTCCAAAGCATCTTGGATCGCAACGATGTGAAGATGGCAACGATTCCCTAGGCTTGCCCTTTG
NZ_CP134169.1_gap67	2392109	2392871	762	GCAAAAACAGGAACTGGCCACGCGATCGCAATATGAACAACAGGCAACCGCCTTGGCAGCGGAGCTAGAGCGCGATCGCCAGCAGTGCGAGGAATTACGCCAACAATGTCAGGCCTTAGCCACCGAAAAACAGCAATACGAAGCTGCCGTTGAAACGCTGAACCGTCTTGCGCAAACCTGTCAGCGCCTCGAAGCCCAACTGCGTCAGCAGGAGGAACTCTGTCGCGATCGCCAGCGCCAGTTGGCCGCAGCTCGCAATAGCCAAGCCCAGTGCCAGCAACTGCAATCCGACTATGATCGCTATCGGCAGCAAGAGAGCCGCTACCAAGAACTTGAGCAGCAACTACGGGGACGAGCTGCCCTTGAGCAGAACATTCGCAAGCTAGAGCAGCAGCAACAAAAGCTGGCCACCCAATTAGCTAGTATTGAAAGCCAACGCCAAGCGATCGCCACCATTGCTAGTCAACTTGCTGCCCTTGAACCCCAAATTGCTGCTGCTGACGCCCTCGATGCCGAAATTGTCCCCCTTGAGGCGCGCTACCAACAAGCCCAACAGGCAGATCAAGAACTGCGCCACCTCAAGCAACAAGCGGCAACGTTGCAAGCCCGCCTTGAGAAAATTGCGCAACAGGTGCAAGCCCTAGAGCAACAGCGTCCCATAGCCGCCACCTTGAGCGCTAAACAGGCAGAACGGGAGCGACTCCAAGCCCAACTCAGCCACGCCACCGCCGCCCATGCCTTTGCTGCTACCCTCGATCCCAT
NZ_CP134169.1_gap68	2564843	2565621	778	CAACTGCCTGAGGAGTGCCAAGCCTACCCCCGATCCCTGTGGCCAGTGTGAAGTCTGCCGTCAGGTGGCCAACGGCAACAGCTTAGATGTGATTGAAATTGATGCTGCCAGCCACACGGGGGTGGACAATATCCGCGAACTGATTGAGAAGGCACAATTTGCCCCAGTACAGTGTCGCTACAAAGTTTATGTGATTGACGAATGCCACATGCTCAGTGTGTCGGCCTTCAATGCCCTCCTCAAAACCCTAGAGGAGCCGCCGCCCCATGTGGTCTTTGTCCTTGCCACCACAGATCCGCAGCGAGTCTTGCCAACAATTATTTCCCGCTGTCAGCGGTTTGATTTTCGGCGGATTCCCCTAGGGGAGATGGTTGCCCACCTTCAGCACATTGCCGATAAGGAGCAAATTGACATTGAGCCGCAGGCCTTGACCCTGGTGGCGCAATTGTCCCAAGGGGGACTGCGGGATGCTGAAAGCTTGCTGGATCAGTTGAGCTTATATCCTGAACGGATCACCGTAGAACATGTATGGCAACTGGCTGGGGCAGTACCAGAACAGGATCTGCGGCAATTGCTGGGGGCGATCGCCCGTCGGGATGCGGTGGCGGTTCTTGAGCACACCCGCCAATTACTAGAACGGGGTCGCGATCCGCTGACAATTCTGCAAAATCTGGCCAGTCTCTACCGTGATTTGCTCTTGGCGAAAACCGTCCCTGAACGGCAGGACTTGGTAGCCCTGACAGCAGAAACTTGGCAGGCTTTGATTGCCGTTGCTGAG
NZ_CP134169.1_gap69	2573054	2575914	2860	GGATGCGTTCTAGCTCACCAATGTATAGACGGCGATGTTGGCGATCGAAGAGCAATCCATGCCGGGGCGCCCGTTCCCCTGCCGTCAGTTGATAGGACAACAGGCGGGGTTGTATCTCTGGATGTTGGCAAAATAATTGCCATCCTTGCAGATTTGCTGTGCCCACTGTCTGGCCATCGGTGTAGCAGGGATACCCCAGTTGTGGCTCCCAATACAGACCCAGCCAACGGGATTGTGCAGGCAGCGCTAAAGCACGTTCAAACTGTGCTGGTACTGGAATAGGCAGAACTTCTAAAGTCATCGGTCTATTCCTCTTCCTTGGGATAGCTTTACTATAGGAACGAACTGTCAAGAACTTGATAAGAAATGCAGACTACAGCCCTTTTCTGAAGTATGCGGTCAGCGGCTACCCTAGACTAGTTTCCCCAGTGTTGAGCACGTGTCATTGTTGCCAACAAGACTCTATTAGGCATTAGGTAGGTTCAAAATTGCCTTTTGATCTTGACGACTTCTTGACAATTCCTCCCTACTGTGGGAATTGTTCCGCCTCAGGAACAGTGAACTGAACTTGGAGACTCTACGATGAAAGACTCAATAAAAGTTTTAATGACACTAGGAGTGCTCTCAGCGATCGCCATTGGTGGCAGTGCAATGGCACTGAAAACGCAGCGTCATATTAGCTATGCTCTGGTGGCACAAACAGATCAAAAGGGTGGGTATGACGAGAGCGATCGCTATGAAGCGAAAAATACGGCTGAAGAAATGCAAGAGGAAGCCCAATACCGTAGCCTTGCTAAAATTAGCCCCCAACAAGCTCAACAAATTGCAGAAGCGGCTCAAGGCCAAAAGGCAATACGGGTTGCCCTAGGGGCAGAAAACGGTAGCTTGGTTTATGAAGTGCGCTTTCCCAATGCTGAGGTCAAAGTGGATGCCGGTAATGGGCGTATCCTCAGAACGGAACTAGCGGGTCAAGAGGAAAATGACCTTCATGAAGCTCCCTTGGGTGGCAGTATCCAAGTCCCCAATTCTGATCGTCCATAGCAATAATGGCAACCATCCTTAAGGTTCTCTGAATTTTACTCAAATTACCAAGCTGTCTAGGGTAGATTAACAGGCATAAATATCTACCCTAATTTTTTGCCTAAAGATGGGTTTGTGGTGAAAAGAGTATAGCAACTTCAAGGGGAACGCCAATCCATTAGGAACATGTTTCACGGGTGACTTGAATTAGAGTGGCCGCTGCTTCTTCACGAATGACTCGCGCAGGATGATCCAATAACATTTGCAAGGCTGTGGTTTTCTCAGGAGAGTCAGGTAGCTTTCTTAAGGATCGAACGATTTCCATAGCTTGCCAAACGTCAATGGAGTAGGTTGAAGCACATTCGGCAAGGGGAATGGTCGTTTTGGGATTACTGCGATTGCCAAGGGTAATAATTGAACCGATGCGGGCTTCGGAGTTGGGATGCTTTAGGGCATTGATCAGTCGATCTTCGTAGGAGGGATGCTCCTGTTCCCACTGGTGAATGTTGACACCGCATACAGGACAGATTGAGTCGTCCGCGGCAATCTCCGCAAAACATGCTGGACAAAAATAGGCGTGATCCATCTTTTTATCCCCCAAGGGATACTCCCAATATACGCCCAATCCCAAAAGTGAGACCAGTTGAATGTGTCGTCGGCTGATCATGTGTCACACCAAGCCTGTTAGACTCAAACATAAGATAGTTACATCTTCCGAAGCATTGAAACCCTTCTTTGGCTCCACGGGTGAGTCTGTCATTCACTTTTGTTCGTACCACTGACTACAGTCCTGATATTAGCAATATGGAATACGTAAAGGGGATGTAATCCTCTCTCATAGGGGCTTCCGCAGTTTTGAGCTTGTTCCATATGTGAAAAGGGTTGTATTTCGCTTTAATTTAGCAGTACCAATCATGGTTAACACCCTCTTTTCTTTTATGTTCGGCATATTGACAGCCCTCTTTCCGATTGCGAATCCAATTGGGGCAATTCCTATTTTCTATAGTTTGACTGCTAGAAACACTACGAAATATCGCCTGCGACAAGCACGAAAAATTACCTTTAATGTTTTTGCTGTCTTAGCAATTTTTTTCTTGGTGGGCAAGTTTATTCTCAGCTTTTTTGGAATTTCCCTAGCAGTAGTGCGAATTGCTGGTGGGTTGATTGTGGCACATACAGCTTGGCAGATGGTTGCTCCTCAACCGCGTCTGACCAATCAAGAGCAACTGGAGGCAGTGGACAAAGAAGATATTTCCTTTACACCTATGGCAATGCCCATCATTAGTGGGCCGGGCGCGATTGGTATTGTGATTGGTTTTTCAACCCGCTGCCATCAATGGCCAGAGTATCTTGGTTGTGTTCTGGGAATTACTCTGTTTAGCTTTATCACCTACTTTTGCTTAATTCTAGGGGAGCCTTTGATTAAGGGCTTGGGCACAACAGGCATAGGGGCACTCAATCGGATTTTGGGCTTTTTGATTTTAGCGATCGCGGTGCAGCTCATTGCAGATGGCGTGATCACCTTTATCAAATAAGTTAATGACTGAGGGGGAGCCTGACAGTAAATGAGGTGCCCTGACCCACTTGACTCTTGACATCAATGCTGCCACCGTGGCTCTGGACAACTGCTTGGACAATGGATAGGCCTAACCCTGCTCCTCCATCCACATAGTGACGGGAGGGATCTGCTCGCCAAAAGCGCTCAAAAATTTTACTAAGGTGCTCAGACGCTATACCAATGCCCGTATCAGCGATAGTCACGTGAATATGGTGCATGAGACGCTTGGCAGTCACACTGACTTTGCCCCCTTCAGGAGTGTAGCGCAGCGCATTTTGTAAA
NZ_CP134169.1_gap70	2582652	2587198	4546	CGGCAGTAGTTCCCAAGGCTATCGCTTGGCGGCACAATTGGGACACACCATTATTCCCCCCGTCCCTTCGCTGTTTACGTTTCACATTGATGACCCGCTCTTGCAGGAGCGCTCAGGCCTCAGTGTCGAACCCGTGGAAGCAACCCTCAAACTGTTGCAGCAGCCGCCCTTAACCCAAACCGGTGCTATTCTCGTTACCCATTGGGGCTTGAGTGGCCCTGTGGTCTTGAAACTCTCGGCATGGGGGGCACGTGCCTTAGCGGCGCAGAACTATCGCGGCACCTTGGTGGTGAATTGGCTCCCCCATCTGTCACTGCCGCAGATTCAAGGGGAGTTGGCAGCCTGTCGTAGCCATACCCCGAAGCGAGCGATCGCCCGCCATTGTCCCTTTCCGCTGCCGCGCCGCCTCTGGAGCTACTGGACAACCAGCGTGGGGATTCCGGCTGAGCAAACTTGGGCACACCTCAGTAAAAAACAACTGCTGGCACTGGCGGAGGCCTTGCACCGAGGTACCTTCGCGATCGCTGGCAAGGGCGCCTTCAAAGAGGAGTTTGTCACCTGTGGTGGGGTGGCTCTCAAGGAAGTGGACTTTAGAACCATGGCCAGCCGCTGCTGTGAGGGGCTATTCTTTGCGGGCGAAGTTCTCGATATCGATGGCGTGACGGGGGGCTTTAATCTGCAAAGTGCGTGGACAACGGGCTGGATTGCCGGTCAGGGATTGGCAGAGGGTTCGACGGGCACCGTTTCGGCAGGCGCTTCCACGGCCACACTCTCTTGAGCCGCACCTTGAAGGGCAAGGGGTTCGGTTTCTTTTTGCTTGAGGGTGAGGGGTAGGCGCAGGGGTTGCAGTTCCCGTTGTAGGGCGGGTGCCAAGGGCAACGATTGATCCAAATCCTCAAGGGGACGAGGTACCAACATCACTGCATGGAGTTCACCAATGCGATCGGCTTCTGCCATCCCGGCCTCAAGGGCGATCGCGGTATTGGAGGCCGTGCCGCGAATAATGGCCGTACATAGACCGGCGCCAATGGTTTCGTAGGCCGTTAGGATCACATCTGCCGCCTTGAGCATGGCATCCGCTGCCCCCACCATGGCTGGAAATCCTCGCGTTTCCAATAGGCCAACTGCGTGGCTACTGAGGCGATGGCCGCGACTTTTAGAGGCAATCTGGGCGAGGAGACTGCCAATCGGAAGAATTTTCTCTAGGTTGGGGTCAGGCCGGGGAATGACTAAGGTACTGAGTTCTTGACCAAACTGCTGTGCCCGCTCAGCGCCCTCTTCCACAGCTAGACGCACATCGGCAATTCGCCCGCGCACGATTGCGGTACAGTGGCCACTGCCAATTTTTTCATAGCCCACTAGGAGGACATCGGCGGATTTGAGCATGTGATCGGCAATGCCCACTATCGCCGGAAAGCTCTGGGCTGAAACCAGTCCCAAGGCTAAATCCGTAAAGTCATCCCGTCGCTCCATTAGCGGAAGTCGTCAATCCTGTTCATCGGGTGCATTTCTATCTTAACGGTTGGGTTGCGGAGGGCGCGGATCCCCCAAAAAACCAGATGATCATCTTCATGCCAGCGATCGGCATCTAAAAATGTCTTTAACAGTTCACTGAGAAAGGGGCGATCGCCCCCGGTCACAATCACCGTACCTTGGGGAAACGCCTGAAAAAAGGCGCCCAGATAGGCGTGCAACATGGCGGCAGTACCGTAGTAAAGACCGCTTTCAATCGCTGTGGTAGTAGTGGTTCCCCAACGGGGGGGTGGTTCGGGGGGAAGCGTCACATAGGGTAACGCCGCCGTATAGTCCGCCAGTGCTCGTGCCATTAACCCAACACCCGGGAGAATCACACCGCCCGCAAATTCAGCGCGATCGTTGGCTAGGGTCAGCGTTAATGCAGTTCCCGCATCCACCACACACACTGGTGCCCCATAAACCTGAAGCGCTCCCCAGAGGGCAAGGGCACGGTCAATCCCTAGGCTGGGGTACATCCGAGGAATGGGAATATCCTCGAGGGTGAGGGCGATCGCCGTCGGATAGACTTGGTGCAAGGACACAGCACCAACACTCGCACCCCAGCAGGGGAGGTTGGGATAGTTTTGGGCAGGATTAAAGGCAAATTCCTCAGGGGTGAGGTGCCAAGTGCGGCTGAGGTGTTCACCCGTAAAGAGAGCCCAGTGCTGCCGACTATTGCCAATCATTAGGGCAAACCATTGATTACTCTGTGGGGGCGCCATCCACTTCTTCTGGATCGATGAGATAGAGATGAATATGTTTATACCCCCGCTTAATTTTGAAGGTATCCCCCGGCTTTAGGTTCATGGCTTTGGTATAGGCAGCACCAATGACAATCTGGCCATTTTGGTGCACCTTCACTCGATAGGAGGGCGATCGCCCCCGTCCTGATTGACCATTGACGTCTTTTTCTGATGACTGGACTTCTAGTCCGCCGGCAGCGAGTACCGCTTCGTAAAATTTCCCTAAGTTAACACGCACCTCACCAGATTTTGTGACGCGATAGTAGCCACAGAGCTTTGCGGCTTCTTTACGGGATGCAGAACCCAGTTCACTTAATCGCTGCAAGAGTGCTTTACCAGTTAGGGGCTTTGGTTTTTCCATTCGCTCTATATTTCCTCTGTCAGAACACTATTCAAATGAATAAAGCAACTCAATTGTTCTTTAATCAACAGGTACCTGCACTAGAGAGAAAAAGGGAGCCTGCGAGAATGATCTGACTAGAAATCATTAGATTTAATCAAGTTACCACTTTATTTGAAACACAAAGTATTTTTTTAACAATATGTTAGTTTGAAGCAATCAGTATAATCATATAGTGATACCGAATCTATTTAACAAGAAAAGGAATTTGATGTTAGTTTGTTAAGTTTTATTTATCACTTATTGATTTTTGAGTCAAATTTATCTATAGCATCATGCCTCTCTAAAAATAGGGAAGACATGTCGGCATTGAGTCTGTCAGAGCAGCCCTAGGATAGCAAAAAGGCTGTATAGTGGCTGTACCCTAGCGGATGAGTGACGAATGACCCCTTGGCAAGCGTTGCGGCGCAACCCCTTAGTGATGGTCAGTTTGGGGGTGTTGCTGACGTTGTACCTGCTGGCGATCGCCGCGGATTTTATTGCTCCCTACAGTCCCTATACCTTTCAAGTGGAGGGTGCGCTGCTGCCCCCTACCCGCATTTACTGGCGCACCCCCAACGGTCAGTGGCTTGGCCCCCATGTCTATCCCACCCGCTTGGGGCCTGTGAACTTGGAAACAGGGGAACGTCCTCTGATTGTAGACTGGCAGGAACCGTCGCCGATTCGCCTCTTTGTCAAGGGCAGCCCCTATCGCTTCTTGGAAATTACCCTGCCCCTACCGACTCGCTGGAGTCTCACCAATCCACAAATTGAACCACGTACGATCTTTGCCGGGTTCCCCAGCGATCGCCATCTCTTTGGCACGGTGGGTAAGGGCTATCTGAATCTGTTGGGCACGGATGACCAAGGACGCGATCAGTTCAGTCGGCTGCTCTTTGGTGCCCGCATTAGCCTCAGTATTGGCCTAGTGGGGGTGGCGATCGCCTTCCCGATTGGCATTCTGGTGGGGGCAATTTCTGGCTACTTTGGCGGCTGGCTCGATGCCGTTTTGATGCGGGGCGTTGAGGTGCTGATGACGCTGCCGACCATCTATCTGCTGGTGGCTTTGGCGGCAGTACTCCCCACGGGACTCAGTAGTGGTGAGCGATTTTTGCTAATTACCGTAATCACATCCTTTGTGAGTTGGGCGGGGCTAGCACGGGTGATTCGCGGTCAGGTGCTGGGGATCAAAGAAATGGCCTTTGTCCAAGCGGCGCAGGTAATGGGGGGGCGATCGCTCTATATTATTGTGCGGCACATTATTCCCCAGACAGCAACCTACGTGATGATTGCCGCAACGCTCTCGATTCCCAGCTTTATTGTGGCGGAATCGGTACTCAGTCTCATTGGTCTAGGCATTCAGCAGCCGGATCCCTCTTGGGGCAATATGCTCTCGTTGGCAACGAATGCCTCAATCTTAGTGTTGCAGCCATGGTTAGTCTGGGCACCCGCCACACTGATTGTACTGACGGTGCTGTGTTTCAACATTGTTGGCGATGGCCTGCGGGATGCCCTTGATCCGAGGCAAACCCCAAAATAGCCAAGAGCCTTGGGATACACTAGGGGGAGATTTTGCAGGCTGAAGCTATGAGCGGCGATCGCCAGCCCTATCGAATTCTCGTCATTGATGATGACCCTACTAGCCGACTGCTGCTGCGCAAAACCCTAAAGGATCTGGGCTACCAGGTCTCGGTTGCTAGCCATGGCCGCGAGGGAATCGCGATCGCCACCGCTGAGAAACCCGCCCTGATCATCTGCGACTGGATGATGCCCGAACTGGACGGCCTAGAGGTGTGCCGTCAAATCAAGCAGGATCAGGAACTCTCCCGCAGTTTTTTTGTGCTGCTGACCGCCAAGGGGGAACTGGAGGATCGCATTCAGGGCTTAGATGCTGGTGCGGATGAATTCT
NZ_CP134169.1_gap71	2658451	2658951	500	AACGGTTGCGATCGACGGCTCGCTTACTCACCTTTTTGCTGACCACAATGCCCAGCCGTGGTGCTGCCTTGACGGCTTGGGGCGCCAGCCAAAGAACGGCCAGTTTGCCGTGGTGGGCGGTTTTGTGTTGATAGACGCGGTCAAAATCATAGCGATCGCGCAGGCGATGTTGACGAGGGAGCACTAGACTGCAAGCCGTGCCCGTCCTTTACGCCGCCGTGCCTTAATGACGTTCTGACCTGATTTGGTGCGCATGCGCGCGCGGAACCCAGAGGTGCGTTTACGTTTGCGGACAGTACCGCCCAGTGTACGTTGCGTCATGGCTGTTGCAGTTATGATGGTTAATCAGAAAAAACACTGCCCCAAGGGGCACGCCCTAGTCAGTCGTTAGAGCGATCTACAATCGTATCACTTCCCGTGAGGCAGCGGTAGCCCTGCAAGGCTATTGCCGTCTTGGTCGTGTTGCCTATCATTGCTCACATCCTACGGACGAGGTTTGC
