gap_id	start	end	length	sequence
NZ_CP046928.1_gap1	92572	93983	1411	GGTAATGCAAAAAATATTATTTATGCTGCTAAACTTGCTAAGGCTATGGGAATAAAAGTTGTTTCATTTACTAATGAGAATGGAGGTAAACTTGCTGAGATGGCTGATATTGCTATCAAGGCTCCTGCAAAAGAAACTCATATATCTCAGGAATTTCATGAGGCAATATATCATGAAATTTGTATAAGAGTGGAAGAACATTTTTTTAAGGAAAACAGATAATAATTAAAAATTAGAGGCTTGTAATTAAATAATAATTACAAGCCTTATCTATGTAGTAATCTAAATACGGAACTATTCTATTTTTATTATAGTATTAATTATTATAAATATCATTTGGTATGCTTAGTCCTAATTTATTAATCATATTAGCATTAACAACAAAGTTATAATTCTCTGAAGGTTCTAACGGAATATTTTTTATATCATTTATACCTTCTAATACTTCTATTGTCTTTTTAGCAGTAGCAACTCCCATATCATAATAATCAACGGAATAAGTAACAGTGCCACCTATCTTTGTCATACTGGCATCAGCACATACAACAGGTATTTTTGTGCTTTCTTCTATCATAGCTACATTAGCCATGCTGTTTGCTATTATATTATCAGTAGGCGAGAATATAGCATCTACTTTATTTGCCGCACTTAACATAATTTGCTGAATTTCATTGGCGTTTGCTACAGTTAAATCAATATATTCAAGTCCCAAAGAATCTAATTTCTCTTTTGCTAATTTAATTTGATATGATGAGTTAATTTCACTTGAACAATATAAAAGTCCTATTTTCTTAGCATTTGGAAGAAGTGTATGCATAAGTTCTATCTGCTTTGATATAGGAGGAAGATTAATAATTCCTGTTACATTTACATTAGGTTTATTTAAATTCGTTACAAGCCTTGCCCCTATAGGATCTCCTATACCTGAAACTATTATTGGTATATCCTTGGTTAAATTGACGGCTGACTGTGCCGAAGGCGTGCCTATCGCTATTATAATATTCTTTTTATCATTAACAAACTTTTGTGCTATTGTATTGCAGTTTGCCTGTTCTCCTTGAGCATTTTGATAATCTATATTTATTTTTTTATTGCTGTCTTTATAATATTTATTTAATTCATCTGTTATGCCTTTATAAATCAAATCTAATGCATCATGCTCTATCATTTGACTTATTCCTATTGTTATAACTTTATCAGCATCATTTTTTGGATACATATATTTTTTACTTATAGTGAATGATGATACTAGTACAAATATTATTATTAATACAAAAATTATAGTTTTATTATTTTTCATTTTTTAATCCTTTTATATTTAATTTATTATTTTTAGTTAATTACTTTATGTAGTAATATTACTATATAAAGTAATTTTGTCAATACTATTTGTAGTAATTTTTATATATTT
NZ_CP046928.1_gap2	99766	103926	4160	TAATAAACTTAAATCATAATTTAATTAATATATTTTGACATTTTAATCTAAATATTATATTATCTAATACTAATAAATTTAATTATTAGGTTAGTAGTATATGGCTAATAAAGAAAGATTAGGAACTATAGGAATATTTTTGACAGCATTAATTTGGGGATATAGTTTTGTTGCTGTTAAGGTTGTAGTTAGAGAAATAGAACCTTTTTACCTTGTAGGAATAAGAAATTTTGCCGGAGGAATTTTTCTATCTCTCGTATTTTTCAAAAGAATGAAGAATATTTCAAAAAAGGATATTATATTATCAATACCTGTTGGAATAGCATTATTTTTAGGATTCTTTTTGCAGACTATGAGTTCTAAATTTATAACAGCTTCAAAGGTGGCATTTTTTACAGGTTCTTATGTTATATTTATACCATTTTTTTCTTGGATAGTATATAAAAAAAGCCCTCATATTTCAGCATTTATAGCAGCAGTGATTACAGTTTTGGGTTTATATTTATTGAGTTCTTTCGATGGGTTTTCAGGAATAGAGATTGGTGATTTATTTGCATTGATTTGTGCTGTTGTATTTGCTGTACATTTAATGCTTATAGATAAAATGCTTGAATATGTAGACGGTGTTATAATGGCGGCTCTTCAGCTTATTATAGCTGGAATAGTTTCTCTTTCTGTAGGGGTGGTTACTTCTACTCCTTTCAATTTTAATGTTTCTAGTGAGGCTATTTACTCACTTATTTATTTAGCCATAGGAGCTACAGGTATTGCTTATTTGCTTCAAACAGTATCTCAAAAGTATGTAAATCCTAGTAAGGCTGGAATTATACTCAGTTTAGAGTCTTTTTTGGGAGCATTAGGAGGAGTGATTTTTATGAAAGATCCAGTTACAATAAATTTTGTTATAGGCGGTGCTTGCATGATTGCTGCTGTATTTATATGTGAGATAGGAAGCAGCGTGAAAAAAGATGCATAAATTAGTCTATATAATCATTACAACTAAATTAATTTTTATATTTAATTCTGACTATTTAAGATTATATAAAAATGTTAATCCTTTATATGCTTAGCTCTTAATAAATTTATTATGCAGAATTTTTTATTTATATTATTTTTCAATAGGTTTAGAATATCATAAAAACTATATATTGTTATCAATAGTATAATTTTTAGTATTGTTTTTTTAGATTTTGATACTAGTATATACATTTTTTATTTATGTTTTTGTATTATATATAAATTTTGTTTATAAAATATTTCAGTATGTGGATATTATAATACTAATTCAGACTATTATATTATATATAACATATATTTTGCTTATAGGCTACTACTTTAAAATATTTAAATGTATTAAATTAAAGCCTAGTCGGGTATGCTATTTATACAGCAAAAAAACTTTAAAATTAAAATTACATATTTAGATAGTAATAAAATATTGATTGTATATTAATTAAAATTAATTATTTTTCATAAAAATTATACTTATGCCTAGTATATGTTTGCAAAATTCTAATTTATGTATTAAAATATATAGATAGTAATTTATTTTTTAAGAGGTTTTTATTATGGCATCATTTATGGATAATTTAAAAGAAAAAGTAAAATCTAATCCAAAAACTATAATCTTAGCAGAAGGATATGATGAAAGACATGTTAAGGCTACTGTTATATTAAAAAAAGAACAGTTAGTTAAAGGAATCATATTAGTAGGAGATACTGCTAAAATAGAAAGTCTAGCTAAAGAAAATGATTTAAAATTAGACGATGGTTTTGCAAGAATTTTTGATCCAAAAAAAGAAGCTAAATCAGAAGAATATATTGAAATGCTTTTCAAAGCTAGAGAAAAGAAAGGTATGACTAAAGATCATGCTAGAGATTTAATTACAAATCATTCTATATACGCAGCCGCTGCAATGATAGCTGATAATGATGCTGACGGTATGGTAGGTGGTGCTGTTTATTCTACAGGTGAAATGCTTAGAGCTGCTTTATTCTTAATAGGCTTAAAACCAGGAATTAGAACTTTATCATCTACATTCTTCCTTGAAAGCCCTGATAAGTCTTTATTTACAAATGGTATATCATGTTTTGCTGACTGTGCGGTTATACCTGAACCTACACCTCAACAGCTTGCTGATATTGCTAAAGCTACAGCTGAATCTTATAGGAATATGACAGGTAATGAACCTAAAGTTGCTTTACTTTCATTCTCTACTAAAGGTTCTGCTGAACATGAATCAATTGAGAGAGTTAGAGAAGCTAAAAAGATTTTGGATTCTCAAGAAGTTGATTTTGTTTATGACGGCGAAATGCAGCTTGATGCAGCTATGATTGAAAAAGTTGCTGCTCAAAAAGCTCCTGGTTCTCCTATTAAAGGTGATGCTAACGTATTTATATTCCCAGAATTAAACTCAGGAAATATCGGACACAAAATAGCTCAGAGAGTTGGTAAATGTACAGCTATAGGTCCTATGCTTCAAGGTATTGCTAAACCTGCTAATGACCTTTCAAGAGGATGTTCTGCTCAGGATATTGCTGATTTAGCTGTTATAACTTCTTTACAAGCTAAATAATTATAAATAAAACTTTATTTAAATAATAATATTATTTAAGGCTGTCAATTATTTATTGGCAGCCTTTATTTTTATATTAAAATAAATTTTTTTATATTGATATGATGTTTAAGATTTAAAAAATAGATTAATGCAGTATTACCTTATTTCTTCCAAGGTGTTTTGCTTCATACATTGCAGTATCCGCATTTTTTATTGTTTCTGCTATAGGTTTTTTAGATGTTCCTTTGTGTTCTGCAATACCAACACTTACTGTTACATTTATGATAGTAGATTCATAACTAAATCTTTTCTTTTCTACAGTTTTTCTTATTCTTTCAGCTACTATATAGGCTTGCTCTTTTTTAGTATTAGGACATATAACTATAAATTCTTCACCGCCGTAACGAATAGCTATATCACTTTTTCTAAGCATATTAATATTCTCAGATGTGTTACTTAATAATCTTCCTATTTCATGAAGAACAACATTGCCACAATCATGACCATATATATCATTAATATCTTTGAAATGGTCAAAGTCCATAAATATAATAGATATACTGTATTTATATCTTTTAGCTCTTTCTACTTCTTCTTCTATAATTTTATTGAAATATCTTACATTAAACAATCCTGTTAAAGGATCTATAGTAAATTGAGCATGCAAAGTATCTATTTCTTTCATTAATTTTTTTATTACTTTGTCTTTTTCTATAGAAGATTTCTTTTCTACCTCATTGATAGCTAAATTCATATTGCGCATTCGTATTTTTATTATTGTTTCATATATATCATATATATTAATAATTCCAATAGGGTAATGATCATTATTTACTATTACTAAATAATCTATTTTATTTTCTTTCATTATATCAAAAGCAACTGATATATCGTCTTCAGGATGCGCTATTACAAGGTTTTTATTCATAAAAGTTGATATTGCTTTATTAAAAATATTTTTTGAATCTTTTTTATTAATATTTTTTAATATATTTACTAATAATTCATTATAGTTAATTATTCCAACTATTTTATCAGAATCATTAATAACAGCTAATATCTTATTAGAAGATTTAGATACAAGAGAAGCTACCTCTACTAAAGTAGAGTCTTTCTTTATTACTTCAATTTTGTTTTCCATTATCGATTTGATAATACTTCTATACATCAAAAAAGCCTTGGCTAAGATATAAAATATATCTTATATTAACATATATATCCTTTTTTTTCAATCTATTTTTTGTATATATTAGTTATATATTAAAATAGTAAAATTATATTTTTTATCTTGATTTTTTTATTTTATAAAGTATCATATTAAAAAAGTTTTCATAATTTTTGAGATTTGAATGAAAAAAATAAATATTCTTATAGTGTTAGTTTTTATATATTCAAAGATTGTTTTTGCAGATATAAATACTATTTTTAATATGGATATATATGAAAGGAATTTACCAATTAATACTAATACAGGTATTTATAGTAATGAACTTTTTATAGAACAAACTGCTTTGGGGGGATTTAATTATATAAGATTTAATTTAGAGACTAGACTATATTATAGATTATATTTTTATAAAAATGCAACAAATTTTTTATTTA
NZ_CP046928.1_gap3	142072	147026	4954	TATTGGGTGTATCAATTATTGTTGGATTGATAATTTCAATACTTCAAGCTACTACAAGTATTCAGGAGCAGACTTTAACATTTGTACCTAAGATGATAGCTATGTTGGCAGTTATATATATGCTAGCTTCTTGGATGTTGAATTATACAAGTGCGTTTACAGTTAGACTATTCAGTATACTTCCATCTATAGCTAGATAATTTTTATTTGGTGTAGAAAATAGTTTAGAGAATCGATTAGGAATTAATAATGGATAATTTTGTGAATTTCTTTCAAATTTACCTACTCATTATGGTAAGATTTGTAGCTATACTTATGGTAGCTCCATTATTTTCTTCTAATGTTATTCCTAATACTATAAAAATGGCTTTGGCTTTTATTGCTACAGCTGCTATATTTCCATTAGTTGCTAATGTTAATGTTCAGGCAGCTCCTACTTTTGTTGAATACTTTTTAACATTGGTAAATGAAGCATTAATAGGAATATTGATAGGATTTTTAATGTCAATAATATTTGCCGCTTATCAAGTTATGGCAAATTTCTTTGAAATACAAATGGGATTCGGTATATCAGAAACTGTTGATCCTATATCTCAGGTTACAGTACCGGTATTAGGACAATTACAGTCTTTAGTTGTTATATTATTATTTATAGCTATAGACGGACCTAGCTGGGTTATTAGAACTTTATTCTATAGTTTTAAGGCTATGCCTATATTAAGTGAAGCTTCAAAAGCAGTATTCACTTCATCATTTAACGGTGTTATAGACAGAATGATATATTATATGAGCTCTTTATTTTCTGTGGCTCTTTCTTTAGCTTTGCCTATAATGCTTACTTTGTTTTTATTGTCATTAAGTTTGGGATTATTAGCTAAGGCGGCACCTCAGATGAATATTTTAATGTTAGGTTTTCCTATGCAGATAGCTGTTGGTGTGGCTGCTTATTATATTTTGATACCAGTACTAGTTTCTAACTTTATGAAAGTATTGGAAACTACTATAGCAGATGTTAATAATATAATAACTTTCTTATCCGGAGGAACAGTATGATTAAAAAAATACTTTCTTCTATATTTGAATTGTTCATTATATTCAAAGCTAAGCTATACAGAAAATATTTGCGTCTTACAGGAAAAGGATATGTATTGACATTATTTGCTGCTCCTGAAGATGAAGGAAGAACAGAACTTCCTACAGAAAGAAAGAAAAGAAAAGCTAGAGAGGAAGAGGGACGTGTTGTTAACTCTGCTGAAATAAATCAGACTTTAGTTTTAGCCGTTTCAATAGCTGTAATAGCTTTATTAACTACATATTTTACTCATACAGTAGCACAGTTTTTCATCACTGTATTGAATAAAATTTCTAATGCTGATGCTTCAATAAATAATACAGCTTACACAGATATGTTATTAGAGATATTCGTTCTTCTAGCAAAAACTGCAGGTATAATTATGGCAGTTGCTTTAGTAGTTGGTGTAGGTGTTAATTTAGCTCAGACTCAGTTCTTATTTACTACAAAGAAGTTAAAGCCTAATTTTAAAAGAATAGCACCTACTTGGTCTAACTTCAAAGAAAGAGTATTTATATCATCTCAAAACTTGATGAATTTGGCTAAAATACTTTTCAAAATGATAGTAATATCTCTTCTTACTTTTACTACTATATATGGAAAACGTACAGAATTATTTAATATGATTAATATGGGTTTAAGTCAGGCTATGAATTTATTTTTCTTCATAGTTTTAGAGATGCTTGCTAAGGTAATTATATTTATGATAATAGTTTCTGCTTTTGACTATTTCTTCCAAAAAAGACAATACATTAATAGTTTGAAAATGACAAAGCATGAAATGAAAGAAGAGTTCAAAGAAATGGAAGGAGATCCTTTGGTAAAAAGTCAATTGCAGGAGATGGCTAGAAAGATAGTAAGCAGAACAATGCTTAAATCAGTACCTGAAGCGGATGTAGTTATTACAAACCCAACTCACTTTGCAGTTGCTTTGAAATATGAGAATGGAGATTATGCCCCTATAGTAACAGCTAAGGGAGCAGATCATATAGCATTAAAAATAAAAGAAATAGCTAGACAAAATGATGTTCAAATAGTTGAGAATAAACCTTTAGCCCGTGAATTATATTATAATGTTGAATTAGGACAATATATACCTGAAAAGCTATTTCATGTTGTGTCAAGGATACTTGGCGAGGTATATAGAATACGTAATGAAAAAATGGCAAGGGCTATATAGGAGGAATAAAAAGTGGCGACAATGAATGGTACTAAATCAATTTTAGATAATATAAAACTTCCTGCAAATTTGAGCAGACATAGCGATATTATGTTTGCTATAGGTGCAGTTATGGTAATTATGATGCTTATCATACCATTACCATCATTAATATTGGATTTCTTACTTATAATAAATATTATAGTATCATTATTAATATTACTTATGGTGCTTAGTATAAGAAGTGCAAATGATTTCAGTGTATTTCCTTCAGTGCTTCTTGTTATGACAGCATTCAGACTTGCTTTAAACGTATCTACAACTAGAGCTATTCTTACTGAAGGAGCTAATTTTGGAGGTAAGGTAATAACTTCATTTGCTGACTTCGTAGTGGGCGGAAATATTGTTGTAGGTGTTGTAATATTTATCATTCTTATAATAGTACAATTTGTTGTAATCACTAAAGGTGCTACAAGAGTATCAGAAGTAGCAGCAAGATTCGCATTAGATAGTATGCCTTCAAAGATGATGGCTGTTGAAAGCGAACTTCAGGCAGGAGCTATCACAGATAAAGAGGCAGAAGAAAAGAGAAAAAAGATTAGAGGTGAAAGTGATTTTTACGGTACTATGGACGGTGCTTCAAAGTTCGTACAAGGAGACGTTATAGCCGGTATAATAATCACTGTTATAAATATAGTAGGCGGACTTGTTATTGGTATGACAATGAGAGGAGAGCCTTTCACTCAGGCAGTTAATGCTTATACTCGTTTCACTGTTGGTGATGGTTTAGTAAGTCAGATACCTTCATTCTTTATGAGTTTCGCTACTGGTTTATTAGTAACTAGAAGCAGCAGTGAGGATAATTTGTCTACTCAGATTGCAGTTCAGGTATTTGCTAAACCTAAGAACTTATTCATTGGTGCTGGTTTTGCATTCTTCCTAATGCTTTTACCTGGATTCCCAAAAATAGCATTATTTATAATAGCTTTAGCTTTATTCCTAGCAGGATATGCTTTAAAGAAAGAACAGCAGGAGCTTGGACTTAATGAAGACGGTACAAAAACAGATGCCGGAGAACAGGTACATCAAGGTCCTTTAGATGTTACTCCTTTCTTGAAAGTAGAGAAGATAGAGCTTTCGGTTGGTGCTTCACTTATTCCTTTGGCATTAGAATCTGAAGGCGGTGATTTAATAAATAGAATAAGTCAGATTCGTAGGGAGCTTGCTTTAGAGGTTGGACTTGTAGTTCCTCCTGTTCGTATTGTAGATAATAGCGTAATTGAACCTGATGAATATACAGTAAGTATTAATGGTACAGAAATGGCAAAAGGATTCGTTCGTCCTAATATGCTTTTAGCTTTGAATGCCAATTCTCCTGATGGTCCTTCTCCGGACTGTGAGAAAGTAAGAGAGCCAGCATTTGGACTTCCTGCTTATTGGATTAAAGTTGATGAAAAAGATATGGCTGAGAAAAAAGGCTTTATGTTGTTCCAGCCTACATCAGTTATTGCTACTCACTTCAGTGAAACTATTAAGAGAAATGCTAATCTTCTTATCGGACGTGAAGAAGTACAGAATATGCTTGATCTTATTAAAGATGATCATAAAGCTCTTGTATCTGAAGTACTTGCTGCTAAACCTCATAATGAAAGTCCTCTTGGATATATACAGAAGGTATTGCAGAATCTTCTTCAGGAGGAAGTACCTATCAGAAACAGTGTTGCTATATTAGAGGGTGTTGCTGATGCTATATCAATTATGGGCAGCGAGCAGGCTACTGAATTAGTAAGAAGCAGATTGGCATCTCAAATATCTCAGATGGTTGCTGATCAGGATAGAAATATAAGAGTTATTACTTTAAGTCAGCAGCTGCAAAATAATATAGCTCAAAACCTTGCTAATACAGGTAATTTACAGGGTTCACAGATGATAGCTATGAGTTTTGAAAGTATGCAGAACTTAATTAAAAATATAAAAGATGCTGTTAAACTTGTAAGCGATTCAGGGGTTGATGATATAGTATTTTTAACTTCTCCTATTATTAGAAGACCTTTGTATCAGTTTATAGCAAAAAATGTTGGTAAGTATAAAGTTATAGCAACTACCGAAATAGCACAAGGATATAATGTACAAGGTATTGCTAGTATAAAATAATGAATTATGAATGCCTTATTGGGCGATTAAGATATAAATAATATATTACTTGGAGTTATAAAATGAAAACTATTAAAATTTTTGGAAAAAACAGAGAAGAAATTGAAAAACAGGCTAGAGATAAGTATGGCGAGAGTTATTTCATAATTAGTGTAAGAGAGAGCAAAAGAAAAAATATATTCGGAATGATTAAAAAAGAGTTTGAAGTTTCTATCGGTATATTGGAACAATATTAATAAATTGTTTAAATATGAATAGAGGAGATATAAAATGGTAGATATACGCACTATTAGAGGGAAGGATAAAACAGATGCTTTTGCCAAAGCTAGAGTTGAATACGGCGGTAATTTTGTTATTTTAACTAGTAAAGATGTGAAAGTGGGCGGATTTTTAGGGCTTGGAATGAAAACAGAGCATGAACTTAGAATAATGCTTAATAATTCTATTTACGATAGAAAAAATAATTCTATGAATGAAGATAAAGATTCTTATTCAGAAGATGAAGATGAAATGCATAGAAGTAAACTTTTAAGCGATAGAATAGAAATGAAAAAACATTCATCTGAAAC
NZ_CP046928.1_gap4	160454	161767	1313	AAGGTATTGATCCTGCTATGAATTATACGGATTATAGAAATATAGAATTTTCATTGCTTAATGAAACATTTAATAATAAAACTACTGATATAGCTGAATATTTAATAAAGAATGGAGCGGATGTAAATTCTCAAAGTACAATGGATCCTTACAGCAAAGAAACTCAAAACTTAATATTTACCGCTATTGAAGAAGATAATATAGAATTGGTAAAATTACTTATAGAATATGGAGCAGATACTTCAGCAGTAAACAAAGAAGGTAAAACTATTTTTGATATAGCTAAAGAAAAAGGTTATAATGAAATAGAGCAGCTTAAAAAATAGTAAAAATAAGAATTGTTTTTAAGTTATAAATTATTAGCTTATAACTGATGAAGTAAGTTTTTATCTATTTATATGTGATTTTTTCTATTATCAATAATAAATAATTTTTTATATTAGAATGATAAATATGAAAATTGTGAGCGTCTAAACAATAAATAGTGAACAATTTTTATTAATAACAATAAAATGAGAATATAGCAATAAAAAGTGAGCAATAAATTTATTTATTCACTCTACTCAGGCGAGGCGAATATAACAATAATAGGAATTATATTATGAATAAAATAATAGGAACTGCTGGGCATGTTGATCATGGTAAATCAGAATTAATAAAGGCTTTAACTGGAATTTCTATGATGAGGCTTCCTGAAGAACAGAAAAGGGAAATGACTATTGATTTGGGATTCGGTTTTTTCAAGCCTAATGATGATATTACAATAGGTGTAATAGATGTACCCGGACATGAGAGATTCATAAGAAATATGGTTGCTGGTATGTGGAGCTTGGACTTAGTTATGCTTGTAGTTTGTGCTAATGAAGGCTGGATGAATATGACTGAAGAGCATGCTAAAGTGGCTTTATCTCTTGGCATAAGAAATATAATATGCGTAATTAATAAAATTGATTTGGTTGATGATGATAAATTAAAAGAAAGCGAAGAAGATATTAAAAAAAATCTGTATAGAATATTCAATAAAGATATAGAAATAGTAAAAGTATCAGCCTTAAATAGTATTAATATAGACTTTTTAAAAGATAGAATAACTGATATATTATCAAATGAAAAATATGAAGATGATATAAAAACTCATATTTATGTAGACAGAGTATTTTCTATAAAAGGAGCAGGACTCACAGTTACAGGAAGTCTTAGAGGCGGTAATATAAAAAGAGATGATACTTTGATACATTATCCAAGCAAAAAAGAAATTTCAATAAGAAATATTCAGTCATACCATGAAGATAAAGAAATTGTTTACTCCGCTT
NZ_CP046928.1_gap5	285628	286641	1013	TTTTGGATATGAAGGTATGCTTTATATGGCAGCATTGCTTGGAATGGATGCTTCTAAATTTATACCAGATCCTAAAGTTAAAGCTGAAACTCTTGTACAAGCTAAAAGAAAAATAAGTAAAATATTTGGATCTGGAAAGAGCAGTAAATCAAAACCTTCTGCTTTACTTGAAAAAATAAAAGAACTTCATGTTGCTATTACTGAAGAATTAAATCATCTTAATGAAGAATATGGTATAGATGTAAGTTAATGAAAAAATTAAATGCTTATTTATTAAAAGAATTCCTATCTTTCTTTTTTGGTTCTTTGCTGCTTTTTGTTGTATTGGTTACAATAGCAGACTTAAGCAGCAGATTATCTTTTTATACAGAACACCCTGAATTAATTAATTATTTTATTACTTACCATTTAGCCAGAGCTCCGCATAATACATATTATATATTCCCTGTTGCTTTGATGTTTTCTTCTACTTATGTATTAGGTACATTTGTAAAAAACAAGGAAATGCTTGCTATTGAAAACTCCGGTATTAGTTTATTTAAATTTTCTATGCCTATGTTTATTATTGTAATTGGGCTATGTTTGTTTCTGGTATTTTTCTGGGAATTTGTAGCAGCTCCATTAAATAAAGTATCTTTTGCAGCAAATGATGCTATGCGAGGTCGTGAACAAGTATCTAAAAGCGGACCTTGGCAGCTTTTTGGTGGTAATAATCATCTATATTTTATAGAAACTTATTTTTATAAAGAACAATATATGCAAAATACTATTATAGTAAAACTAGATGATGACGGCGGAATTCAATTCAGAGTATCTAGTCCTCATATACAATGGAATAATGAGGATAGAAAATGGTATGTAATGGATGGGATATTGACTACATTTAGCGAAAATAAAGAAATAAAAGTAGAAAAAGTAAATAATTATCCATTAGATCTCTTAGAAAGACCGGAACATTTTTATGGAAGACCGCCTTTAGATGCTATGAGTTTGAGTGAAGAATCACATATAAT
NZ_CP046928.1_gap6	290527	294172	3645	TATTGTTTTATGTATTTTTTTTAATAGCCGATAATATACCAGAATAAGTATAACTAAACATAACTATTGAAATTTATCATTAATTATATATAATATTTATTCAAATTAATTGAAATTTTTAAAAAACGGATTATTACTAAATGTCAAATAAGAAATTTAATTTAAAAATAGTTACATTAGCTTCTTGGGTATTATTATTTTTTGCTTGGATTTTTTTCTATGCCGTGACCCAAACTCCTACCCCTGTTTTTTGGGGAGTATTAACATTTACTTCTATAATAACTATTATAACATTAATAGTAGATAGGAAACAGATAGTATCTTTTTTAAAGATGCGATTTGTTCATAAAGCTTTTTTTGGAATACTATCGTTAATAATAATTCTTGCTATACTTGTAGGTTTATATATTATAAGTATAAACTTCCCTATAAGATTTGACTTAACACAAAATAAATCATATACAGTATCTCAGCAGACTATGGATGTTCTATCAAGAATAGATAGTCCGCTTTCTATAGTAGTATTGAGATCACCTAGTACAGATCCGACTTCAGCAGATTGGAGAGCTGATTTATTATTGGAACAGTATAAAAGAATAAATAAACATATAAGTGTTGAATATATTAACCCTATAGAAAAACCTTCTGCTAAAAGTAAATATCAAATGACTCAGGTTGGAGAAATCGTATTTACTTATGGACAAGGTAAACAAGTTAGAGTATATAGAAAAGATTTAACAACTCAGTCTAAAGTAACTTCCGATCCTTTATTTGTTGGAGAAGAAAAATTTACTCAGTCTATATACACTTTACTTGATACAGAATCTTATACTGTTTACTTCACTGTAGGACATGGTGAAAGACAGATTCAAGACAGAGGCGGTGAAGGTTTATCTTATGTAAAAACTTATTTGGAAAATGAAAATTACAAAGTTAAAGAATTAAATATAATACTTGAAAATATTCCTACAGATGCATCACTTATAGTAATAGCAGCACCTGTTGAAACTTTCAGTGATTTTGAAATAGAAAAATTGAATAACTATGTAAAAACAGGCGGAAAACTTCTTGTATTATATGATAGTTTTATGGATAGAAGTAAATTTAACAGCAATTTAGGTAATTTCTTATCTGATTGGGGATTCAAAACTAAAAATGACTATATAATAGATCCTGCTTCAAGTGTTGTTATACCTGTTAATATAGTACCTCAATATACTTCTCATCCTATAACTCAAACATTAAAAGAAGGAAATGTATTTGCTTGTTTGGTTGTTGCTAGAAGTATATTAAGCGGTGAAAATAAATATAATGGCAGCTTTGAAAATATAATAACAACTACTCCTCAAGGTTATGGAAAAGAAGAAGCTACTTTTGATTTATCAAGAGCTAGATTCAATCCTAGAACAGATATACAAGGACCTGTGCCTTTGGCTATAAGCGGTACTTATGAAATCGAAGGAAGAAAAGATCCTGCAAGAATAGTAGTATTTGGTGATGCTACATTTGCATTGAATGCATATATCAATCCTGAACAAGGACAGTCTGTAGATATTGCTTTTGCCGGAAATAAAGACTTATTTATGAATACTGTTGCTTATCTATTAGAAGCTAGACAGAAAATTACTATAAGACCTAAAGAAGCAAGTATTAAAAATCTTACTCTTACAACAACTCAAACTAACTTTATTAGATATGTTGCTCAAATAGGTTTGCCTTGTTTGTTTGGTATACTTGGTATATTAATATGGTTCTTTAGAAGAAGATAAAATAATATATTACAATGAAGGCTATGCATAAGTTAATATAGTATGAATAATATAAAACTTTTATACAAAAAATATTCATATTATATTAACTATGCTTTATTAGTATTTATAAACGGCATTGCAAGTGTATTAAATTATGTATCTTCAATATATGTAAACAGAAGTTTATCAATATCTGATTTTGCACATTATAACGGTATTATCAATATATATTCAATAATAGTTCTAACAGTATCAAGCTTTAGTTATTATATTATGCACCATTATAAAGATGATGAAGATGCTAAAGTTTATTGGGCTTATGGATATATTATAGCATTTATAATATCTTTATTATATATATTATCAATACCATTAATAGATATACTATTTAATATAAAAAGCTACCCATCTCTTTTTATAATATCAATTGGAATATTCGCAACTATTTTAGGTATAGTTTCTCAGTCAATATTAAAAATTAATAACTATATAGCCTATGACTATACAGCAAGTTTAATAGCAATATTAATATCCAAAATTTTATTATTAGCATATTTTATTATTACAGGATTGACATTATTCAAATCTATTATAACAGTTACTTTATTCTGCGTACTATATTTAATAATCAATTTAATAGAATTGAAAAAAGTTAATCTACCCTATTTTATACCATTAAATAAAATAAAAATGTATTTTTCTAAGCAAAATCTATCAGTATTTTTAAGCTATATAATACATATTGTAATAATAAATTTTATATTCAATTGGATATCATTAAGTGATGTATTAATGGCAAATAGATATTTGGATAAAACAAGTGCAGGCTACTACTCTACTATATCATTAATAATAAAAATGTTTTTCTATATAGGAACTCCTGTTGCATCAGTTATGTTTTCTTATATTTTAATAGCTAAAAAGGATAATAATAAAAATAAAGAAAGAAAAATAGTTTATTATTCTATTGCTCTTTTTGTATTTGCATCTATTTGTTTATCAGCATTTTTAATTATATTTGCAAAACAAATAGTATTAATACAATTTACAAATAGATATGAAGCCATTATTCCATTGATTCCGCAGGCTGTAATATTTGGATTTTCCTTAGGATTTACAGTTATTGCCTTCAATTACGGACTTGCTTATAAACTTTTCGCACCATTTTACGGATACTTAATTATATTTGCTTATGTGTATTTCTCTTTAAGAAACGGGCTTAGAACATTTGAAAATTTTATGTTCATAATGAAAATATTTTTTATAGCATTACTTATATATAATATCTTAATCATATTAATACATAGAATAATATTAAGAACTAATGAAAACTAAAATAGTAATTTAAAAATATTATAAAGCTAGTTATAAAAATTATTTTTAGAATCTACCCCTTTTTCAGAAATCAACTTCGTTATTTTACTATTATTTTTAGTTATTGCATAATATAATGCTGTGTTTCCATCTTTATCTTTAGCATTAAGATCAGCACCAGCTTCTATAAACAACTCAGCTAATTCTGTATTATAATCAAAAATTACCCACATTAAAGGAGTAATATTTTCTAATTGTATATTTCTTGAATCATCTTTTATAGATAATCTAGTATTAACATTAGCCCCAGCTTTTATTAATAACTCTTAGCTACTTCTGTATCTACATTAAATGTCAAAGGAGTAAAATCTTTTAAATATAATCCATCTGTCTTGAATGATACTTTTGTATTTACATCGGATTTTCTTTTTATAAGCATTTTTGATAAATCTGTTTTCTCACGCTGTATAGCATGTATTAAAGCTGTAAATCCGTCATTGTCTTTTATATTAACATTAGCACCTTTTTCTATTAGCAGCTCTGCTATTTCATCTTGCTTATAAATGATAGATAACATCAA
NZ_CP046928.1_gap7	472559	476186	3627	TATTGATAAAACAGTTTTTAATCTCTTTTGTACAAAGAAAATTATAAACGGTATTAAAGTAGATAAATATACAATAAAAATCAAAATCAGTTTTGAGGCTAAGGTATTTCCATGTTCTTCAGAAAAAACAGATAACATTAAACCAAAAAATAATAATACCATAATTGCCAAAAATTCTAGCAATTCTACCAATTCTACCAATTTAATAATTAAGAATAATATTGTTGCTAATAAAATTTCTGATGCTACAGAAAACAGTATTATATCTCCTAATTTAGTAAAACTATTATATGTATTATTCTTTATATTAAAATTGTTATCAGATAAAACTATTATAATAAAAAAGATTATAGAAGATAATATACTTTTATTAATCATTATATTAGATTTAAAAAATTCAAGCATAGCAGGTATTTCATCTTTTAATGGTGCTGAAGTAAATATGCCAAGCAAAAATAAAAGTAAAAATGACAAAAATATTATTAGTATTGTTCTTTTATTAATATTTTCTAAATTACTATCTATAATAAATAAAAATGAATAAGAAAAAAAGTAAAATACTTGATAATAAGAACTATTAATAATAATTGTTGAATAGAAATTGTCAGCATTATGATCAATATCATATAATAATATTTGTATACTTATAGGAAGAGAAGATATTATTATTATGGTAAATACTAATATATGATATAATCTTTTTTTACTGCTCAAATTCATAAGCTTATTTTCAGACATTTTTCATAACCACTTATAGGTATTTTTTATTAATACTAAGAAATTGATTATAATTTATAATTGTAAATTGTTAAAATAGTTATATTTTATAAATTATATATACTAAAAATTTTTAAACAGAAAATAAAAAAGTGCATACATATATAATGCATACACTTTTTTATTATTTATTAATAACTAAGATAATGTTCTAAATCGCTTGGATTAGTCATGTGATGAAGCGCTGAACTATCATCTCTAGCTGAAGCAATATCAATGGCTGTTTTTCCTTCTTTGTTTTTAATATTATAATCAGCTCCCATATTTACAAGAACTCCCACAATAGCATAATTATAACTTGCAGCTGCAATCATTAATGGAGTATTTCCTTCCTTATTCTTTTTATTTATATCAGCACCATTTTTTATCATATAATAACAAAGATCTGCTACGCCGCCGTACTTGTTGGCATTTACTAAATATGTTAAAGGAGTATCTCCTGTTGCTGAACATATAGCATTTAAATCAGGCTTCAAATCAATAATATTTTTAGCTAAACCAATATTACGATACTTAATTGCTATTATTAAAGGAGTATATCCATATCCGTCTTCTAAATTTATATCAGCACCTTTTTCTACTAGGAATTTAACCATTTCTTTATCATTTCTAGCAGCAGCTAAATTAAGAGGTGTAATATTATCATATTGTTTATTTAAATCGGTATCATCTTTTATAAGTTTTTCTAATGCTTTCATATCTCCTTTTGATACAGCATTCATTAATTCATCATATCCGTCTATATTGTTTGAATCTTCGCTTAATAATAATTTTTCTATTTCATAATATTTTTTATTCTTTGCTGATTCTATAGCTTGTTCTATAGTTGTATTAGTATTAAGATTAAAAACATCATTATCTATTAATAATTTAGTTATATCATAATTACCATAATCAATAGCTGGACCTATATAATCATCGCTTGAGTTTAAATTGGCACCCTCATCAATTAAAAGTTTAGCTATTTCTATATTGCCATTTTCAGCTGCTACTTTCATAGGAGAGTTAATCCAAAGTCCATCTGCAAATATTTGAGCATTTACATCTTGTCCTATAGATATTAAATATTTAACCATTTCTATATTATTTTCTTCTATGGCATCAGGAATTAAGCTTGATTCCAAATCAATATCTCCGCTTTCTACAAGTATTTTAAGCATATCAAGATTATTGTTGTCAATAGCAATATCTGTTAAATAATAAGGATATTCAAAACCATAATCTCTGCCTGCATCAAGTCCTTCATCAATTAAGATTTTACTCATTTCAACATTATTATTTTCAACAGCATAATAAAGCATATCAATACCGTCTTCTGTTTCCATATCATTTGCTCTAGCATTAACATCTGCACCTTCTTTTATAAGTTCTTTTGCCAAATCATTATATCCGAATTGTACCGCCAAAAACAAAGGAGTAGAATCTTTATTTACTTTATATATATATTTATCACTAAAATTTGTATATTCAGTGATTTTTCCTTCTAGTCCTTCCTCTGCTAATAATTTTGATATTTCATATATTGGTGCTTTATATTTATATTCATTGAGTATTTCATCTATTTTACTATATCCTGTAGGTATAGGATCTAACTCTGTACCTTGAATATATTCATTAGTATATGTAGTTTCATTAGCATTAATATCAATATCTGTATTATGATTTTCATTTGTACTTGTTGGATTGATATATACTTGTTCATTTGTTTGAGTTTGATTAGTTTGAGTATTTTGTTCTGATTGATTTGTTTCTTTGTTTCCGCCGCCGCCGCATGAAATTATAGCAATCATTAAAGTGAATGCTGCAATTATAGAAATAAATTTTTTCATAGTAAACCCTCTGTATGTATTGTTATTTTTAGGCATTATAAATTAGAATAATTAAAATTTCAATTATGTAATATTTCAAGAATAAAAAAGTGCATACATATAATGCATACACTTTTTAGAATTAAGATTCTAACTATTATTCAAGAAGTCTTATTAGCTCTCTGTTTTTTCCTTTTATTTTGGCATAGTATAATGCATCTTTTTTCTCATTAGTTTTTATTCTTTTATTAGCACCAGCATCTAAAAGCATTTTTGCTATTTCTAAATTTCCGTTCATACAAGCATTAATCAATGCAGTTATACCATATCTATTTTGCAGATTCACATCAGCATTATTTTTGAGAAGCACTTTTACAGCACCTGCTTCATTAAGTGAAGCTGCCACCATTAATGCAGTATTGTCATCAAAAGTTCTGCAATTTACATCTGCACCATTATCAATTAACTTCTGTAAAAACGCATCATCATCTAAATGTATTATTGCAGTAACTAATGGAATACTCATACTAAGGAAAGTTCTTTGATTAAGATCGCAGCTTTCCAAAGTTTTATCTAAAGAATCAGAACCATTTTGAAGTAAAATATCTACTATATCTTTATGCCCGAACATATAAGCATAAAGCAAAGCATTCGCATTATTTCTATTTCTTTTATTAACTTCAGCTTTATTTGCAATCAAAATTTTTACCGTTTCTTTATAGCCTTTCATAGCAGCATACATTAAAGGTGTTTCTTCATTTCCATCGAATCCATGATATAATATATTAACATCAGCTTTATTTGCAATTAAAAATTTTACCATTTCAATATTTTCTTTAGTATAATAATCTAAAGCATAAAATAATGCATTACCTTCTAAATCGCATTTTTGATTAATATCAGCACCATAACTTAAAAGAAGTTTAACCATTTCTATATTTTTATGATAAATAACTGATAGTATTAACGCACTCATTCCTTCGTATGACGGAGCATTAACATCTGCTTTGTATTTCAAAAGAAGCTTAGCCATTTCCATATT
NZ_CP046928.1_gap8	510111	511498	1387	AATATAGATTATAAATCATTGCAGCAGAAAGAAGAAAAGCAATCATTATTTAATAGGATAAAAAATATATTATCCTAAAAATTTATAACTATAATATTTATTTAAAAATATCATTAGTAGCATCGTACCAAAATACGAAATCTAAATACTCCATAGGAATTTTTTCGCTTTTTGAATATTCCACCAAATTTGATTCGCATTGAAGATAATTATTTTTTGTAAGGCTTGTTTTAGGAGTCATACCTTCAGGCAAAATACTTAATTTATCCATTACACGCATTATATGTCTGTCAAGTATAGCTATCTTTTGTCCGAATCCTATATTTCTAAGAAAATGACTAGCCTCTTTAAGTCCGTAGCCTTTTACTTCTTTGGCAAGCTCATTTCTTAATTCTACCATTGTATCGTTTTTTAACGCTTCATTAATTCTATCTTTTAATATAAACTTTTCATTTGGAAAGTATAATTTTCTAGCCAATACTATATTTTCAGCCTTCATATTATGAAATCTTACATGCTTTATTAAAATATTAGCTACTTTTTCAGCACTTCCTTTGAAAAGCAAATTATTATTATATAAATCAATTATAGCAGCTGCTCCGCTTCTAGCCTTTGTTTGAGGAGTACATATACAAAATGCAAGTTCAGCAAATAATCTTTTATCATTATCTCTTTTAAAAACTCTTTCAAAATATTCAAGCCTTCTTTTCATTCTCTCATGAAGAACTTTATCTTTGTATATTCCCATCAAATGTTTAGCATATTCCTTATCCATAATCAGCCCCTATATCGAATTATATAAAAGTATATAGATGATACTATTATATAAATTAAATTTCAATATATAAAATATGCTTTATATATTGAAAAAATTAAAATTATTAAACTATAAATTTTTAAGTTTTAATTATACAGTATATATTAACTATTTTTATGTATGCATAATATTAAATTATAATATAATAATATACATTTAAAATAATTAATAAAGATAATTTAATAATAATAAGCATAAAAAACAATTATAAAATAAAAATATATATTAATTTTATACAATAAAAAATTATTTTTTAGTTATTATATTATATTGATTAATAAGAAATTATTTTTTATTAATTAATACTATTTTTTTATATTAAATCTTGACATCATATTTTTGTATAGTATAATAAGAAATACGGTATGTTAATATAAAGAGGTATAATATATGACTGAATTGACAGATAAACAAAGAGATATTTTTAATTTTCTGCAAAAATTCACAAATGAAAACGGCTATCCTCCTACTGTTAAAGAAATCATGGTTCATTTCAATTTCGCTTCTCCTACTGCAGTAACAACACATTTGACAGCATTGGAAAAAAAAGGATATGTAAAAAAAACAGGT
NZ_CP046928.1_gap9	573218	577157	3939	TATATAGATTATCTAAAGTTCTTTCTTCTGCACGCTGTTCATAAAATTCTTTACATGCCAAATGTATAGCATTACCGAATATAAAGTAAACATTAACACTTCTCTTTTGCTTTTTAAAAGGCTTTTCTATATAAGTATACCTATACTTTCTAGGACAAAGCAAATATGTTGACATACTGTATTCACTAAATCTCTGTAATTTTTTAGCTTCCATAAATTAAAATTATTATTAAATCTATATATTAATAATAGTTATTATTATTTTTCTGCTGTATTGTTATTTTCAGTTTCAGCAGAAGTATATTTATTAAGTAATTCTTTTATATCAGTATCAGTAGTAATATCTACAGGCTTTTTTCCTTCTATATCTGCTATATTAGCATCTGCTTTATTTTTCAAAAGTATTTCTACCGCTCTGTAACTATCAGAAGCTGCCGCAAAATGCAAAGCAGTCCAACCATCATCATCTTGGAAATTAACATCTGCTTTAAATTTAATCAATGCTGATATAACTGTTACCTGATTATTCATAGAAGCCCACATTAATGGAGTAGTTCCTGTATTATCACCAACATTAACTATATCTATACCCGCACTTCTTGCAGCAGAAGAATCTAATATCACAGAAACAACATTAGCGTTTCCTCTTGCTGAAGCAATATGTACAGCCATAGCATCATCTATACTGTCTTTAGCAAGAACATCAGCACCATAACTTAAAAGCATATTAACTATATCAGCATATCCATAATATGAAGCAAGCAAAAGAGGTGTCTGACCATCAGCATACCATTTATTATCTCCATCCATTAATATAGTATCAACAGGAAGTACAGGGTTCATATCAATCCACTTTTGAGATAATAATTCTTTTAATACTGCTGTATTATTAGCTTTAACTGCCACATGTAATGCAGACCATCCTTCAGAATTTGTACCATTAACATCTGTACCTTGTTTTAATAATTCTCTAATTTTATTAATATCACCTTTTTCTATATAATCAAAAAATTCATTGTTGGAGTTTGTAAGTATATTATTTTGAGAAGTTTCTGAATTTGTGATGTCTTGTGAATATAACATAAAGCTAAATAAAAACAAACTAACCGCAACAAATACTTTTTTCATAGAAATACCCTCAATTCTATTATAATTTCTATAAATTATAGTATATATTTAAAAATATACAACAATTTATATAATAATTTTCATATTACAATACTTGATATATTGTAATATATAAAATAATATATCTAATATTTTAAAGGAGATTTTTATGGATAACTATAATAAAGCACACTATAAAGTTTTAACAAGTAAAATCAATTCTTTTTATTTAACTATTTTTTGTATTATGTTAATTAGTATTGGTAATAAAGCATATTCACAAACTACAAACACCAATGACATAAAAAGATACGGACAATTATCAGCATCTTTAGAGATGGTTGCTTATGGAAGAATGAGCGATTTAATAGAACAAACAGGAAATGAAGATACTTTAGGTGTTTTATTATACGGAGATTTGCATTATATAAAAAAATATAAATATGCATCTATAGAAGCAGCATTCAATGCCAGATTTTATGAGCCATTATCTCATAAAGCAAGATTTTATAAAGATATGTCTCCTCCTGTATTTGACTTCTCTAAAATGAATATATTTGTTAATTTTAAATATGTAGGCATAAGGGCAGGAGTTTTAGAACCATATACAAAAAACATACCTATGACATCATATTTTCCAACATTATTCTATTATCATACTGTAAGCAGCAATAAAGCAACGGTGCTTTCAGGACCTAGAGATATGCCTATAGGCTATGATACTCAGTTTATACCAAGATACGATACAGGAATAATGGTAGAAGCTAATTTCTTCGGAGTATTTATAGGTGTAGGTATGGTTAATGGTGAAATGGGGCTAGATGCCAATTCATCTAAAGGTTTAATGGCTAAAGTAGCCTATAGTAATGATTATATAAATACAGGAGTTGCCGGAATTGTTACAGAAATAGGCTCAATACCGATAAAAGAATGGGGAGACAGTGTTAATGCATTTTTCTATTTCAAAAATGGAAGAGATGGAAGATTTACTGTAGGACTAGAAGGTTTTTGGTTCAGACATGGAATAAGAACTCATAATCAATATTTTCCAGGTCAGGAAAATACAAATGATCATCATTATAATGGAGGATATTATACTGATTTTTCCGTACAAACATTCAATGGAAATGAGCCTTATTATGGTATGAGCGGATTTATATTTTTTGAAGCTAGAAGATTATGGAAATTTGATATAACTGCTCATTTTGGAATACATGATAATAATATATATTCTAATGCTGAAGATATTTACCAGCTAAAATATAGAGCTTTCTTAAGAATAACATTCAATATAACTGATGATTTTAAAATAATGATTTCAGATACATTTACTTATGATCCTGTTTATAAAAATAATTATCAATATTATGAATTAGAGGATAGATATCAAGTTGGAGTTATTTCTTATGAGGCAAAAAATGGCGGACATTATACTGTAGATAATGATTTTTATTTGGGTATGAGTTTCAAATTTGGCGGAGTATGGGGAAATAAATAAAACTATTTTAAAATAATTATAAATTAAATCTTTATTTTTTTATTATATCATTTATAATAATCAGTATGAAAAATATAGATTTAAATAATGTAAATAGAATAGTATTCAAATTCGGTACGAATGTTTTGAGGAATGATGAAGGATATATATCTTTAGCTAGAATATATTCGTTTATAGAAGCTATAGCAAAGTTTCACAGAATGGGAAAAGAAGTTTTAATAGTTACTTCAGGAGCTGTGGGATTAGGTGCTAAAAAAATTAATGCAACAGATTTAGATGAAGTTGCTTTAAAACAGGCTTGTGCTGCCATAGGGCAATCTCAGCTTATGTCTATATATGAAGACGGATTTTCAAAATTCGATATAGTTACTGCTCAAATACTTTTAACTGAAGAAGATTTCTCCAATAGAAGAAGATATTTAAATTTGCACTCTACTTTGAGTATGCTTTTAAAATATAAAGTTGTGCCTATAATAAATGAAAATGATACAGTATCAAGCGATGAGCTTAAACAATTATACGATGTTACTCAAATAAGTTTTTCAGATAATGATAAACTTTCAGCATTAGTAGCAAGCGAATTAGATGCTGATTTACTTATAATACTTTCAGATATAAATGGGCTTTATGATGATAATCCTAAAACTAACCCTAATGCTAAATTTATACATGAAGTATTTGAAGTTACAAAAGAAATAGAGAATCTAGGTCTTGATGCTTCAAAAGGCGGAAGAGGCGGAATGAAAACAAAGCTTCAGGCTGCAAAAATAGTTACAAGATCAGGATGTGCATTGTTTATAGCTAATGGAAAAAGACCTAATGTTCTCAATGATATTTTTGAGACAAAAGATAAAACAATATTCTATCCCGTTGAAGAAGATAATGAACTTTCAACTAAAAGAAGATGGATTGCTTATGCTACAACTATAATAGGAAAATTAATAGTTAATGCAGGAGCTAAAAAGGCTGTTTTAGAAAAAGAATCAAGTCTTTTGCCTATAGGAATAACAAAAGTAATTAATAACTTTAAAAAAGGCGATATAGTAAGTATAATAGATGAAAATGGTACAGAGTTTGCAAGGGGAATAGTTAATTATAATTCTGATGATGTTCAGAAAATAATAGGACATCACTCTGATGATATACTTAAAATATTAGGCTATAAAAATTATGATGCTGTTATTACCAGAGACTATATAGTATTATTATAATAATATATTTTTTATTATTATATATTTTTTAATTGCAAAGTAGCATCTTCAGGAGTAATAGAATTAATAAATACTCCGCTTCCTAACTCATATCCTGCCAATTTACTCATTTTAGGCATTATA
NZ_CP046928.1_gap10	581723	586567	4844	AGAGATAATACTGATTTAGAATTGGAAAGTTTTGTGCATGGTGCTGTATGTATGTCATATTCAGGAAGATGCCTTCTTTCTAACTTTTTAAATAACAGAGATGCTAACGGAGGAGAATGCTCTCAAGTTTGCAGATGGAATTTCAAAACATATATAGAAGAAAAAACAAGACCTGGAGAGTTCATGGAAATTGAAGAAGGAGAAAATCACACTACAATATTAAGCAGCAGAGATTTACAAATGGCTGAATATCTTCATTTACTTCAGAAAGCAGGTATCGATTCTATAAAAATAGAAGGCAGAATGAAAAGTGTATACTATGTAGCTAACACTGTAAGAGTTTATAGGATATTATTAGATTTGCTTGATAGAATAGGATATGATTCATACCCTGAAGCAATAAAAAAAGAGCCTATAGCAAGTTATTTGAAAGAGCTTGATACTATAAGCAGAAGAGAAAGCGATACAGGATTCTATTTCGGAAGAGATAATATAAAACCTACATTAAAAGGATATTTAAAAGGCAGAAGACTTATGGGTATGATTTCTGATGACAGCGAGGAATATGCAAAAATTACAGTATACAATACTATAAAAAACGGAGACGATTTAATATATATAGGAAAAGATTTTATAAATCATAATGATAATAGATTCAAACTATTTATAAAAACAGAAGAAAATGAATTTGTAGAAGTTGATAATATTAGAAATATAGATAACGCCTATATAAAATCAGGAGTACATGATTTCAAAAAATATGATATTATCACTGTTGAAGAAAATTAACAATAAGCAGATAAAGTTATGGTACTAGGTATTGACTTCGGAAGAAAAAAAACAGGTACTGCTTTTATGGATATGGATATCAAAATTCCTTTTCCATGCAGGCTCATAGAAGAAAGCAATGCAAGAAAAGTAAAACGTGCTTTAATGGATATAATAGAAGAAAAAAATATAGACACTGTTGTTTTTGGGCTTCCTTTATCAGATGAAGGAAAAGAAAGCGATTGGTGTGCTGAAATAAGAAGATTTTCCGAGTTTCTTCTAAAAAGCGTAAAAGTTGATATTGTATTTGTTGATGAATATGGTACTTCTAAAGAGGCTGATTTTATATTGAGAGGAAAAAAGAAAAAAGTTAAAAATAAAGCTAATGATTTAATTGCCGCAACTTTAATATTAGAAAATTATTTAAATGTTCTTAATATGAATAATAAAAACCAATGATATAACTATTTACTATTTTTATGATTAGATAGTTATATATATTAATAAAAACTATAAAAAGGTAATAAAACATGAATAATAATATAACTAAAAAATATATAACATTATCATCTATAATTGTAATTTTGATAATAATATTAATCGCAATAACTTTTATGAAAAACAGAGGATATTCATTGCCTGAACTAAAAAAGATAAATTCAAATATATCTGAAATAACTATAAAAAGAGGGGCAAATGAGACTATATCTATAAAATATAATGATAACAAATGGACTGTAAATGATAAATATAATGCTGATGATAATTTAGTAACTTCAATTACAAATGCATTAAGTACTATACAGCCTATAGAAATAGTTTCAAGAGGAGATGATAACAGCATATCAAAATATAAATTATCCAATGAAGAATCATTAACTGTTTCAGCTTTAGATAATTCTTCAAAAGAAGTAAGAAATATAAAATTTGGTATGAAATCAACTTTTGGAAATAGTGTATATGCTAAAATAAATAATGACAATAATATATATCTTCTTGGAAATACTTCTACAAATCCTAAAGATATATTCGATAAAACAGAAAATGATCTAATAAATAAAACCATATCACAAATTCGTAATGATGATATAGAACAAATCACTATAGAATATAATAATAATTCATATACATTATCAAAAAACACAAATGATACCAATAATACTTGGATAAAAAATTGGAATAATAATACAGTACAAGGAAATGATATTTATACAAGCGTATTCACTTTGGCAAATTTAAATGCTGACGGCTTAATAACTAATGATAATATAAATAAAAATACATCATTATATAAAATCAATATACAGGCTTTGAATGGAAATATATCTTATGAAGTATTGAATAAACTTGATGACAATAATTATGAAATAGCAAATAACAATGATAATAACAGATATTATATGACAGAAAATTCATTTAATAGTTTCAAAGAGTCTATTGATAATATCATTAATTAATTTTTCAATATAAGAAATAAAAGGGGCTTAAAACAAGCTCCTTTTTTTAATGAAAAGAGTTTAAAATTACATAGTAAAAGATTCGCCCAAATAAACTTTACGTGCTAATGGATTGTTAATTATTTCATCAGGTGTTCCCTTTACCAATATTTGTCCATTACCCATTATATATGCTCTATCTGTGATTCTCAAAGTTTCGCGTACATTGTGGTCTGTAATCAGTATTCCTAGTCCTTTTTCTTTTAAAGAAGCTATGATGTTCTGTATATCTATAACGGCAATAGGGTCAACTCCGGCAAAAGGCTCATCTAATAATATGAATTTAGGATTAACAGTCAATGCTCTTGCTATCTCGCATCTTCTTCTTTCTCCTCCGGAAAGAGTATAACCTTTTTGTTTTCTTACATGGTTAATATTAAATTCATTAAGAAGCATATCTGTTATATCCATTCTATCCTTAGCAGATAATGCCTTATTATATTCCAATATACTAAGAAGATTATCCTCAACGGACATCTTACGAAAAATAGAAGCCTCCTGAGGTAAATAACCTATTCCTAAAGTAGCTCTTTGATGCATATGAAGTTTTGTAATATCAAGATCATTAAGATATACATTTCCGGCTGTAGCTGTAACGAACCCTACTGTTATATAGAAACTAGTTGTCTTTCCTGCCCCATTAGGCCCTAAAAGTCCAACAACTTCACCTTGTTTTACATTATAGGAAATATCACCTATAATTTTTCTTTTTCCGTAATATTTTGTAAGATTAACCGCTCTTATTTCATAAGGATTTGATTTATCATAATTAAAAAAATTCTCAGCAGTTATTGGTTCATTATTAGAGGGCATAATATTTGTATCATCTTTTTTTTTGAAAATATTAAGAAATTTACTAAACATATACCCTCTCTTTATTTATTACTTATTTTTTATTATTGTACATTTATATCAAGTCCGCCTGAATGCTTTTCAGTATTCAAAGTATTCATAGCTTTATCAAATGTATAAAGGTTTCTTCCCTCTAAATTACCGCCGCCTAGCATTTTAATTTTTTCAATAATATCAGTGAATAATTCTTCTTCTTCAAGCTGTTCTTGTATAAACCAATCTAAGAACCTAGATGTAATATAATCTTTATTCTCCATAGCTTTTCCAACTAATTCATTTATGCATGAAGTTACATACTCTTCATGTTTTAATATAGTTTCAAATAAATGCTCTACTGAATTGAAATCGCTTTGAGGTGCATGCATATCGCTTATAACAGCCTGTCCGCCTACTTTATTTATGAAATCTCTAAATTTTTCAAAATGTTCTAATTCTTCTTTATAGTGTCCGTATAAAAAGCTGCTGCATCCTTTCAAGCTTTTTTTATCGCACCAGCCAGCCATATTGAAATAAAGACTAGCAGAATATAATTCTTTATTTAATTGAATATTTAATAATTTAATAGTATCCTCTTTTATTATAGACATGATAAACTCCTTTTTAATATTTTATAACCTCTAACTATTCTATAATATGTTTTAAAATTATCAATAAAAAAATATTATATTTTTATAAAACTACTCGCCGGTACTCGCCGTACGGGCAAACCGCACGGTATTGCTTATTCTTATCAAATGCCCTATGTAAGTGCGGCATCGTACTTTTCATTATACAATATAAAAAGCTATAATATTATATAACTAATTATAGAAATAAAATGTATTAATATTATAATTGACTTGTACGAGCTGTTACCGCAGGTACGCTTCGCGCCACCAACCCGCACTGTATTGCTTAACCTTTAAGATAGTACAATGTATGCGACCGAAGTAAGTACCCAGACGAAGTCCACCCGCAAAGCGTGCCCTTGGCAAGGTGAGGGTATGCGGCATCGTACTTTTCATTATACAATGAATTATAATAATAAAAAGCTAAAAAATATTATAATACAATCTCATAAATAAAAGGCAAACAAATATAATAAAAACAAATTCCGCTTAAATTCTAATTAATAAGATTCTTAACTTCGTCCCAGCTTAATTTATTAATATCGCCCATAGAATCGCCAACTACAGTATCAATCAATAAACGTTTTTTGTTTTGAAGTTCTAATATCTTCTCTTCTATAGTGCCTCTTGTGATTAGCTTATAATTAGTTACAACGCGTTTCTGCCCTATTCTGTATGCTCTGTCAGTGGCTTGATCTTCTACTGCTGGATTCCACCATAAATCATAATGCATTACAGTGTCCGCCTGAGTGAGAGTAAGTCCTGTACCTGCTGCTTTAAGGCTAAGTAAGAATATAGGTGCCTCTCCTGCATTGAATCTATGAACTAAATCCATTCTGTCCTTTGTAGCTCCGTCCAAATAAAAATAATCTATTCCTAATTTCTTGAAAGCACTGCGCATAAGATTAAGCATTCTAGTAAATGAACTGAATACCAATACGCTATGCCCTCCTGAAATGGCTTCTTTAATCATCTCTATAAACATATGGAATTTACCGCTTGTATGACTCTCGCCTCTCAAATCATCATGCATTAATCTTGGATGGCAGCAAACCTGTCTTAATCTTGTTAATGCTGAAAATATTTCTATATGTGATTGAGCAAAACCTTTACGTTTAAC
NZ_CP046928.1_gap11	728807	729978	1171	CATTGATAATATCGCCTATATGATATTGCTCTACAAATTTACCCCAAGGATCTTCATCCAATTGCTTAAGACCTAAATCAACTTTACGATTTTCTTTATCAATGTGAAGAACTTTGAACATTCTTTCTTCACCTTTTGATATTACAGACTTAGGATTTACAACTTTATCCCAAGACATATTAGGTATGGCAAGGAATCCATCAAAACCTGGTGTAATTTCAATAAAAGCACCGAATTTTTCAATATTTTTTACTTTACCATTGATTATATCATTTTCTTTAAGATTATTTAAGAATGTTTCTATTCCGGCATTTTGAGTTTCTTCTAATAATACTCTTCTAGAAACAACAACATCTCTTCCGTTTTTCTTGATTACTCTAAACTCATACTCTTTACCTATATAATCAGCTTCTTTAATTCCTCTTGCTAAATCTATTTGAGAAAAAGGACAGAATGCCTGATGTCCCATTATAGATACTTTAAATCCGCCTTTGATAACTTCTTTAACAACACCTGTAATTGCAGTATTATTTTTTACAGCATTATCTATTAATTCCTGAGATTTTCTCTTATCTATTTCACTCTTAGACAATATAACATAACCTTTATCATCTTCGCCTGAAACAATAGCTTCTATTTCCTCTCCAATAGTAGGTTCTTTATCAAATTCGCTTCTTTTAATTTTACCTTCAGATTTAGAATCAAAATCTATAAAAACATCAGTATCATCAAACTGAACTACTTTGCCTTTAACGATTTTTCCTCGGCTTAAAAATGTATTATCACTTTCCTCTAAAGCCTTGCGAAATTCAATTTCATCATTTGATAAATTTTTATTATCTTCCATTGTTCCTTCTCCCTCCTGTACTTTGACAGGTTAAAAAATAATCTAATATTTAATTAGACTTTATATTAAAAATCACATTAGCGATTTTTTCAACCACTTCATCAATAGTCATACTTGTAGTGTCTATTATATTTGCATTTTCAGGCACCACCAATGGACTATCCTCTCTATTCGAGTCAAACTCATCTCTTTTTCTTATACTTTCCCTAACCTCTTCATAAGTAATATTTTTACCTTTAGATAATTCCTCATTATATCTTCTTTTAGCTCTTTCATCTAAAGATGCATCCATATAAAACTTATATTTGGAATTAGGAAATACTA
NZ_CP046928.1_gap12	795366	799516	4150	ATACTACATATTAAACATAAAAATTAGACATTTAATAATTTTTGTATTAGTTTTTTTAGACATTTTTGTAAGAATGTTTATTTTTACATAGTTAATTCATACTATTTGAGTATATTTATTTTTTAATGGTGTCTTTATAAGATTTGATTGTTTTATACGGAGGCTTCAATTGAAAATTTATTATGTTACTATACCAGTTAACATAATCAAATCTATTAACTTCAGCCATTATTGAATGTTTCTCATCTGAATGTATATCATATTTTGGAAACATCATCGCTATAGTCTGAACAATGTAATAAGAAAATATATTTTTTAATGTTTCGTTATCTAAAGATGAATTTAAAAACTGATAAGTACTTATTATAGAAATTGATTTGCAAGGTTTTATATTATTATTTTCAACGACTATTCTATCTACAAATCCTCCGTCTGCAATAGATTTAGCACTCATTCCTCTATAATTCGAAGTTAATGGCATATTCACTATCACTATAGAGCTATCTTTAAATTCATTGGCAATTATTCTCCAATATAAAGACGTAAATATAAATAATCTTTTTGCATCAAGAAGCTCATTTCTGCCTTTTACAGGAGTATTCCAAACATTTAATATGCTTTGTTCATAAGAAGGTGCAATGTTTTCAGCTATCTGTTTTAAAGGTGTTCCATATTCATATCCGAATAATTTTTTTATATTAAAACTAGTTTCATTTGAAAGAGAATATAATATATCTTTCTCCAATTGAGAATAATCTATATTTTTTATATCTATAAAATCTCTTTTGAATATATCTGCATTTTCTGTTATTATTTTTCTATTATCTTCATAGAATTTATTATCATCTATACCATTTTTCAAATTATATTTTATTTTATATTCTAATATATCATAGGTAAGTTTTGACAAATCATCATCAAAAATATCAAGAAAATCACCAGGAGTAAAACCGACAATACTGTCATCTTTAATATAAGTGATGTTAACATTATATACTTTATCTTTATTTAGAGGTTCATTACTTTTTTGACATGATAAAAAGAATATCAAAAATAAAAATACTATATTACTCAGGTATTTCACCGCTAACACCCATAGCTTCAACTTTTTCAGTATCTATATAATACTTTATTTCTCTAGCCCTTACAACACTGTCTTTTTGTTTCAAATAAGGACTTTCACCCCAAAGCCTTAAATATTTATCTTCATCAAAATATGTAGCCCAAGCACTTTGAGAATTCATATCTTTACCTTCTACATGTACATTTCCATTAGCTCTGAGTTTTTCTTCATCATTAAACATCTGCATAGTTACAGAGGTAATCTTAATACTTCTATCCTCTACATAAGCTTTAGGATTTCCGCTTACTGTTGCTACTTTAGTATCAGGGTCAAGATGAAGCAAATCTCCTTCTAATGATAAACTTTCATCATAATCAATCATAACAACATCATTATGAAATATAACATCTTTAAACTTTTCATCTTTTTTATATTCTATCCATTCCCCAAAAGCTATAATTCCTCTGTCTGGTATTCTAACAGAAGGATCCTGATACATATAAATATGCTCATTCTCTATTTCATATTCTATATATCCGCCTTTAAGTATCATATTTTCTTCATAAAAGTAGGCTGTAACATTTCCATAGGCATATAAAGTACGTGTATTATTATCCTTTCCGCCGTACTCATTCAAAAATAATCTGTCTGCCACTATGATATTATAATTACTTACATTACCATTTTTTTTATTTGTTTCAGAAGAGTTTATATAATTATTAGTTTGAAGCACATATATCTTTCCTCTTCCCATAACATTAGCAGCCGATTTTTTAGCATTATACTCCAATATTTCACCTTCTAATCTATCAGCCCCTTGATAAAGCCTAGGATTTCCTGTAAGAACGGCAGTTTCAGCATCCATATCATAAATTAAATTATCAGCATATCCGTCTGTTTTTCTTTTAGTTTCTATATCAACATGTGTTAAATGTACATTACTGCTAGCCTTGGCTATTGGCGTATTAAAGTCTCTTTCCATAAATGAGCTTCTTATAGTCATATTATTTGTAGGAGATCTTAAAACAGGATTATTTTTAACATAAGCATATCTAGTTTTTCCATTATAGCTTGCATATCCGCCTGTTATTGTAGAACCATTAGTTTTACTTAAAAGTTTAACTCCTCCGCTGAATGTAGCTAATTCTGTTTCTTGATAAAATGTCATAACATGGCTTGTAATTACAGCGGATGAATCTTCCATTTTGGAATTACCAGTATATTGAAAAACCTTTTTCTTGTTATTGTATGTAAACTTATCAGCACTTCTTCTAGATTGAGCAATTAATGACAATGCCAATATAAATAATATAACAGTAACAAAAACTTTATTGACCTTCAGCAACTGGAACTCCTATAGCATCACCTTCATCAACTTCATTATATATAGTAATATGTTCTAAACTCATATCACCTTCCATACTGCTTCCTGTAAGCCAACTGCCATCTTCTTGTTCTACTCGAATAGGAACAGGGCTTTTAAATTGCTGTTTCTCATTATCCCATTGAAGATACTCAGTATAAAGTATTGTATTATTTGATGCTTTAACGATAACATTTGTATATATTTGAGTGAATAATGTTTCCTGATTTACTGTAATAAATTCACCTGATACGCTGGCAGCTACAGTATTATTAGAATCATATGTATAAGTTCTGCTTTCATAAAGTTCTACAACTTTCTTTTTATTATAAAATTTGGCATTAGTAGCAAAAGAATCTAATTGTTTAAAATTAGTATCATAGTTTTCTCTTCTGAAACCATAAAATTCCATATCTGGAGGAGGTACAAAATCATCTTCTTGTTTAAATTCTTTACCAAGATCATTAAAATTAGTGCATGAAACACATAAGAGTAAGAATAATATATTAAATTTGACTAATAATTTCATTATAAATACCCTTAGATTTAAGTATCATATCTATTACTACTCTAACAGCACCATATCCCCCTCTTTTATGAATTATAACATCAGCAACTTTCAAAGCTTCATGATGGGCATCTTTAGGAGAAAAAGATATTCCCACATATTTCATAACACTTAAATCTATTAAATCATCGCCTATATAAGCTATCTCTTCTTTCTTTAAACCATATTTTTCAATTAAAGTTAAAATAATAGGCATTTTATTTTCTTTACCAAGTATTAGATCTTCGAATCCATGTTTTCTAAACTTATCAAATCTTGTTTTTATGGCATTAGAATTACTTCCGGAAATAACGGCAACTTTAATACCAGCTTTTAATGCTAAAACTACCCCCATACCATCTTGAGTATTAAAAAATTTACTTTCAACACCATTATCATCAAATATTAATCTTCCGTCAGTCATAACTCCGTCTATATCGGATACTAGAAGCTTAACTTTCTTTAACTTATTTTTATTAAATAGATATGAAATATAATCTCTGATATTCATTTTAAGAAACTTTTATTAAGGTATTGGATAAAACATTTTGGGGCTTACAGGACTCGAACCTGCCCACCCGGTTTAGGAAACCAGTGCTCTATCCTGATGAGCTAAAGCCCCTTATATAAAGAAGCTATTTAGTTTTATAAAAATCGGAGAGTGTGGGACTCGAACCCACATGGGTGTTAGCCCGGCGGTTTTCAAGACCGCTGCTCTACCAATTGAACGAACTCTCCAAATAGATATGGATTGTATTATAACATATATAAAATTTATTTCAAGTTTTTTTTTTAAATTTCATTCATCTTTAAAAAATGCCCTTCGGAAATAAAGACCATGGGCTGGTGCTGTTACAAATGCTTTTGCTCTGTCCTCACTTTTCAGTATATCTTCTATAAAGTTAATAGGCTTTTTTTTCTTCTGCCCCTCTACTAAAGTACCAACGATTATTCTAACCATATTATGAAGGAAAGCATTGCCTCTAATAATAAAATATATAGTATCTCCTTTTCTTATAGCTTTAACTCTCTCTAAATATCTAAATTTAGAATCATTCTCATCTTCTGTAGAACAAAATGATGTAAAATTATGCTCCCCTATTAAATATCTTGCATATTCATTAATTAACTTCTCATCTATAACATTTTTTCTATAGAACCAAGCATATCTCTCATA
NZ_CP046928.1_gap13	808427	809100	673	ACAAATAAAACTTTTTTCTATGTTACTCATGATGTATATGAAGCAGTTATGCTTGGAGATTATATATATATATTATCAAATAAAAATAACTTTACTCAATTAATATTTGAAACATATATTGAAAATGATAATACAGAAAATCAATTACAGTATCATCAATCTCAGCAAGCAAAACTGACAGACATACTTATAAATAATTAATTATGCTGCTGATGTAGTTTTAAGTAAATAAACAACATAAGCTATATAAACAATTAAGAATATACAGCCCTTTAATTTACCTAAAGTCTTTCCTTTTGCAGTGAAAGCCAAAAGTAATAAACCTGCAAACACCATAATAGAGAAATCCATTAAATAATTTTGTGTTTTACTTAATACAATTCCTCCAAATTTGAATGAAGCCATAGATGATATTCCAAGAACTCCTCCAACATTGAATATATTACTTCCTACTATATTTCCTATAGATATATCAGCTTCTTTTTTGATAGCGGCTATTACACTTGTAACAAGTTCAGGTATGCTGGTTCCCACAGCAACAACTATAAAACCTATTATATGCTCGCTTAAGAAATTTCTAAATATTCCTGTAACACCTTTAATAAATATATCAGAACCAAATGCTAAAGCCAATATAGCTACTATTATTTTAAATATAGCTCTAAATATAGAA
NZ_CP046928.1_gap14	961496	963260	1764	TTCCATAAGCATTAAGTATAGATTTTATTTCATCTGAAGTAGTAGCATCAGGACCGCATCCGAAACTGTTAATTTGAACTACCTCAAGCTTCATATCCTTTTGTTTGCAAGCCCATAAAGCAGCTTTAAACATTTTATTAGGGTAAGACCATTGAGTCAATACTTGAACATCAGCAAGAGATTCATCTATATCCAAACCATCTTCAGTAATAACATTAATACCAAATGAAGCAATAGTTTCAGGTATCTTATGGTTGATTAATGGGTCAATATGATAAGGTCTGCTTACTATAAGTATAGTAGGAGTCTGAGTTTCTTTTGCATGTTCTATTATTTTTTTGCCCTCAGCTCTTAATTCCTCTTTAATTCTTACCTGCTCTTTTAAAGCCATTTTGAAAGCTCTGTCGAAATCTTTTTTATCTATTCCAAGCCCTTTTACAAAATAAGCTTTACAGCCTTTATATAATAAATCTTCATTCAAGAAAGAAATTGTCGGAGCATCGAAAGGAATTCCGTATTTAGTTAATGGACTTATAGAACTGTCTATTACGTCAGGATATCCTGTAACTACCGGACAGTTATAACTATTAACGCTTCCATCATCTTCAGCTTTTTCCAATACTACAGATGGATAGAATATTCTGTCAACTTTAGATTCTATCAAATCATATATATGTCCGTTAGCTATTTTAGCAGGGAAACATATATTATCGCTCATAACAGTACCAGAACCTTTTTCAGCTATAGCCATACTTGATGGTGATGATAACTGAACTCTGTATCCGCATTCTACAAGTATAGTAGCCCAGAATGGGAAGTTTTGATACATATTAAGTACGCGAGGTATACCTATAGTACCTTTTATTTCATCTGAAGCAGGTGCTAAAGGTCTGTCGAATAATAAAGAAAGTTTTTTCTGAGTGATATCCATTCCGTAATTTCTTTCTTTATTTCCTTTATTAGAAAATATTCTTTCGCATTTATTTCCTGTATAGAATGATTTATTATCTTTGAATTTTAATCTAGTAACAGTACAAAGGTTTTCGCATCCTTTACAAGTAAGCTGTTTTCTTTCATAATCATTAGCTTCCTGTAAATTATCCAAACCTATAAATGTAGTATCTTCTTCTTTAGTATTGTATGTATCCAAAGCTAGCAATGCACAACCATAAGCTCCCATAAGTTCGGATATATCAGGACGAATAACTTTTTTATCTAAAAACTTTTCTACAGAACGAAGAACTGCAGCATTTTTGAAAGTACCGCCCTGAACAACTATATGATCGCCCAAAATAGAAGTATCAGTAATTTTTAATACTTTAGTAAAACAGTTTAAAGTAACACTCTTAGCAAGTCCTGCAGAAATATCAGCAACTGAAGAACCCTCTCTCAAAGACTGTTTTACTTTACTATTCATAAACACTGTACAGCGGCTTCCCAAATCGCAAGGTCTTGCAGATTCGCATGCAATATTAGCAAAGTCAGCAACTTTATAACCCATACCGCGTGCAAATGTTTCTATAAACGAACCGCATCCTGAAGAACAAGCCTCATTAATTTCAATATTTTCTATAATACCGTCTTTAATAAATATAGCTTTCATATCCTGTCCGCCTATATCAAGTATGAAGCTGACATCTTTATCGAAAGCCTTAGCACCTCTGTAATGCGCCATAGTTTCAACGATACCTTCATCCATATTGAAAGCAGCTTTTATTAAATCTTCTCCGTAACCTGTAACGGCAGTTCTTGCTATATTAATTT
NZ_CP046928.1_gap15	995238	997079	1841	ATTTCATTTTTTAAAACTTCAGCATACTGAGGAAGTCCGTCATTCAATACTGTCTGATATGAATTTGATGCAGTTGTAAGAAGCTCTTTTACTTTTGCTGAATCTTTATTCTCATCTATAAGTATCATAGCTTCAGAATAATTTGCTTCAGCTATATCAAATTCCTCTTTAGAATAGTTTTGCAAATCATACTTTATAGCTTTATCTCTTAAAGTAGTTGCATCTTTATATTCCTTTAAAGGCATACTCTCTGAACAGGATATAACGATAATCAAACAAAATACTAGCGGTATAAAAATATATTTCTTTAATTTCATAATCACTCCAAATATTTTATCTAAAAAACAGAAATATACATTTATATTATACTACTCAATATAAAAGTCAATAGTTTATTAAAAATTTAAAATAAAAAAGCAAGATAATATAAAATATTATCTTGCTCTAATAATATAGATAGTGTTAATTAATTGGCATTTTCACTTGCTACTTCTACATTACCTTTGAAAGTATAAATTAAATTAGTACCTGAAGTTGTAGTAATAGTTAATACATCTCCATCTAAAGAAATAGTATCAGCACCATTTAATATTTGTAGATATTCTGTTTCTACAGCCATATCTTCTTCAGGACCTGCCATTTTAGTAGAACCTAAAGCATTCAATTTTAATTTATTACCGTCTAATGAGAACTCAGTAAAATAGTTATTAACAGCTGATTTTCCGCCTAACATATTAGTATCAGAAAAAGCTATTGTAACTTCTTTACCTTCATACATATTAGTAAGAGAATACTCTTTTCCTAATAAATCATCAACTGTAATTACTGTAGCAGTAGCTGCTGGAGCTTCTATAGCGGTAGTTGTGTTTTCTGCAGTAGTATTAGAAGTATTACCGCCGCATGATACTGCAAATAGTGTTCCCATAACAATAAGAACTAATGACAATATTTTTCTCATGTTTTCTTTTTTCCTTTACAAAAATTTTTTAAATTTGCAAAGAATTATATTATGATTAAAATTTATTATCAATGTTACATATAGTAATTTTAATAAAAATTGCTATTTTTTTTACATTTTCTATTAAAACTTGAAAATTTATTTACCGCCTGCAGCTCTTAAAAGACTAACTACATTTTTATGATTCTCTTCTGAAGCATAACTCAAAGCTGTTTTGTCTTTTCTATCTTTAACATTAACTTTAGCACCTGCATCAATTAAAAGCCTTACAACATTAATATGTCCGTTTTCTGATGCTTTGCTTATTGCTGTTCTTCCATCTTTGTTTTGAAGATTCAAACTGCATCTATACTGAACCAATAATTCAATAATTTTTAAATGTCCATTTTCTGATGCTTTTATTAAGGCATTATCTCCTTTAGAGTCTTGTTCATTAATATTAGCACCGCCTCTTAGAAGCTCTCTTACCTTTTTAATATCTCCATTTTCTGCAGCATTTACTAAATCTACATTGCTTTTAGGAAATGCACTATTACAAATAAATAATGATAGAATTATAAAAAATAAAAATATTTTATTATTTAATTTCATAAAAAACTCCTATATCAAATAAATAAACAAATTTACATAAAGATCTTACAATTATTAAATCGTCATTTTTTATTTTTAATACAAATATTTTTTAAAAAAATTAAATAAATTTTATAGGTTAATTTAATGAAATATAAACTACTTTTTTAATATGGAAACAATATCTTTATGCCCTCTCTCCATTGCATAATCCAAAGCAGTTTTTCCATATTTATCTTTAATACTTTTATCCGCTCCGGCATTCACTAACATACGTACTATTTCAGTATGGCCTTTGTATGAAGCTCTACTT
NZ_CP046928.1_gap16	998386	1001073	2687	AACTTTACATTTTTAATAATATTTTAGATAATATGTAAACTAAATTTATACATAATAGACATTTTAGAATAATATTTATATTTAAATAAACAAAATAAAATAATATTTAAACAATTTATAATCTTTGTAAAATATAATTCATATTCATATATAATTATTTCTTATTCTTGACATTCATTTTTTTATTATTATTTCTATGTTTTGTAATTTTCTTTAATGCCATTTTTTTATTATTGCTAGTGATAAACTCGCCGATTATTAGCTGACAACTTCCTTCGTCAGTTATCAGCTGCTCGTTTATCACTTTAAACTATTTCTTATTTTTAACATTCATTTTCTTATAATTATTTCTATGCTTTGTGATTTTCTTTAATGCCATTTTTTTATTATTGCTAGTGATAAACTCGCCGATTATTAGCTGACAACTTCCTTCGTCAGTTATCAGCTGCTCGTTTATCACTTTAAACTATTTCTTATTTTTAACATTCATTTTCTTATAATTATTTCTATGCTTTGTGATTTTCTTTAATGCCATTTTTTTATTATTGCTAGTGATAAACTCGCCGATTATTAGCTGACAACTTCCTTCGTCAGTTATCAGCTGCTCGTTTATCACTTTAAACTATTTCTTATTTTTAACATTCATTTTCTTATAATTATTTCTATGCTTTGTGATTTTCTTTAATGCCATTTTTTTATTATTGCTAGTGATAAACTCGCCGATTATTAGCTGACAACTTCCTTCGTCAGTTATCAGCTGCTCGTTTATCACTTTAAACTATTTCTTATTTTTAACATTCATTTTCTTATAATTATTTCTATGCTTTGTGATTTTCTTTAATGCCATTTTTCTGTCTTTTTTTATCTCTATAGAAGTTTTTTGAAGTTCTCTATTTTCATTAAGTAAAGTTACATAAGCATCATATCTTTCATAAGGTATCTCATCATTTTCAAGAAGTTCCAATATATAACAATCTGGCTCATGCTGATGTGTACAATCTTTAAACTTACATTTTTTAGCATACTCTTCCAAATCTTCAAAAGTTTTCTTTATACCTTTATCATCTTCCCACAAACCTAAATTCCTTAAACCAGGAGTATCTATTACAACTCCGCCGCTATCTAGTACTAAAAGTTCTCTATGTGTTGTGGTATGCATTCCTTTGAAATCATACTCTCTCACTTCCTGAGTTTTCATCTTTTCATCTTTCAAAAGATAATTAATAATAGTAGATTTTCCTGCACCTGAAGCTCCGATAAAAACAGATGAAGTATCTTTCTTAATATATTTCAAAAATGTATCTGCATTCTTTCCTGTTTTTGAACTATATGCAAAAGCTGTTTCATTAGGATAAGTTTCTTTTATTGCTGCCAATAATTCTTTGTATTCAGCATCTTCATACAAATCAATTTTACTTATTGCAATTATTGGTTTTATACCTGAAGTATGAACTACTGATAAATATCTTGCTATGGCTGACATTGGCATTTCATTATCGATTCCTACTATAATAAAAGCATAATCAATATTACTTACTATAGCTTGAATATCATTTTTTTTAACATTAGCTTTTCTATATAAAATATTTTTTCTAGTAAGTATTGTATCAATAAAGGCGTTATTATCTGACTTTTTCATTAGAACCCAATCGCCTACTACAGGAAGCTCGCTTTGTATTTCAGAATTATATCTAATCTTTCCTTTTATTCTAGCTAAAAACTCGCCTTCATCAGAAAACAAAGTATAATATCTTTTATTAATCCTTATCACTCTTGCTGGAACAAGTTCTTCATTATTAATTTCTTTTAAAGAATTAATATTCAAACTCTCTAATGCTAACTTCTCAAAATATTCATCAAAGCCAATATCTTTTATTTTCAATATTTTTATCCCCAAAATTTAATATTACTGTTATATAATACTAAATATAAAAGTTTTGTCAATTTAATTGTTAGTTGCTATAGAATTAGTTTCTAAATTTTTATTATTTATTTCCTCTATTTCGTAAATTGGTATCACATATAATAAACGATATTTTAAAAATCTTTCAACTGTTTGAAAAACTACTATATTAGGATTTATATCTATCACATCATTAAACTTAAAATCAGAAATACCTACAAAACTAGATTTATAAAAAGAAGATGCTATATAATCAAACATTGCTATTGTAAATGAATCTCTAATCATTAATATATTATTTGTATTATTAGAATATGATTCATAGCTATAATAATGTTTATCTACATTATTTAACATTTTATAATCATTTGAACTAAAGGAATTTATAATATAATTATTATCATTTGAGTAAAACTTTATAAAATTTATATGTCCAGCTAAATCTCCAGAAATTTTACCAGAAGATGAAATTTTTAAATTATCTAAAGGCTCAGCATTTATATTGATTTTTTTCATAAGTTCAAAATATCCTATATAACCTCCTAATGCATTCCAATGTGTATCGTATTTATAATATAATTGATATTTATGTTTATAACTCAATAATTCTTTCTTAGGATAAACTATTTTTATATCAGTATTATTATTCATATATTCAACAAATTTATCTGTAGAATTTATTTTACTCTTTCTTTTTATATAAGATGGCATATTCTCTTCATAAATTAAATTTTTATTTGGGCATATCATCAATACAAAATCAATATTTCTTTTTTTAAGTTCA
NZ_CP046928.1_gap17	1011446	1015211	3765	ATGCTGATTACAATAGTATAAAACTTGATAATGTGATACTTGGAAATGCTAGAGATTTAATCAATATGAATTTAAAATTCGATTTGGTAATAGCTAATATTGAAACTGATATTTTAATAGATATTCTTCCGGATTTAAAAGAATTATTAAAACCTAGTTCTACTTTAATATTATCAGGAATTTTACTAGAAAAAGAATCTTATATGATTAATGCCATTAGAGAAAATAAACTCAATACCTTTTTAAGAAAAAGAAAAAATGATTGGGTATCTTTAATGCTTAATCTATAATAAAAATAATTATGTTTACTTAAAATATATTTAAGGAGAATAATATGCAATTAATAGATTTAGTAAAAAATGCAAAAGAAGCCACATATAAATTACAATCATTGAATACAGATATAAAAAATAATGCTCTTCTTGAAATAGCAAAAAAAATTGAAGAAAATAAAGATAAAATATTTGAAGCTAATAAAAAAGATTTGGAATATGCTCAAAAACTTCTTGATGAAAATAAAATTTCTAAATCTATGTTTAACAGATTAAAATTAGATGAAAATAAATTAATAGATGTTGTTTCAGGAATTAGAGATGTTGTAAAATTAGAAGACCCTATTAATAAAGTATTATTAGAAACAGAACTTGATGATAATTTATTATTAAAAAAAATATCCTGCCCTATTGGACTTATAGCTGTAATATTTGAGGCTCGTCCTGATGTTATATCTCAAATATCTTCTTTATGTATAAAATCATCTAATGCCGTTATACTTAAAGGAGGAAGCGAAGGGGAAAACACTAATAAAGCAATATACAATATAATAGAAGAAACTCTAAATAATATAAAAGAATTTCCAAAAAATTCTGTTAATTTGGTATTCACTAGAGAGGATATAAAAGAATTATTATCAATGGATAAATATATCGATTTAATAATACCAAGAGGCGGAAACAGTTTAGTACAGTATATAAAATCAAATACAAATATACCTGTACTAGGACATGCTGACGGTATATGTCATTTATATATAGATGAATCTGCCGATCAGGAAAAAGCATTAAAAATATGTTTAGATTCAAAGGCTCAGTATCCAAGTGCATGCAATGCTGTTGAAACTATACTTGTAAATAAGAATATCGCTTCAGAATACTTACCAAAACTTTATAATTTATTCAAAGAAAATGAAATAACAATGAACGCTGACGCTGAAGTAAAAAAAATATTAACTTCATCTGATATAGGCGAAGTAAAAGAATGGCATTTTGAATATGGAGATAAAGAAGTATCATTAAAAATAGTATCAGATACAGAAGAAGCATACAATCATATCAACAAATACGGTTCTCATCATACAGACTCTATAATATCAGAAAACAAAGATAATATAGAAAAGTTCATGACATTCGTTGATTCTGCCAATGTATACTGCAATGCTTCAACAAGATTTTCAGACGGATTCAGATATGGTTTTGGTGCTGAGGTAGGAATTTCAACAAACAAAACTCATGCAAGAGGTCCTGTAGGTTTGGAAGGATTAACAATATACAAATACAAAATTTTTGGTAACTATCAAGTAGTAGATGATTATGTTAACCATAGAGCTAGTTTCAAACATAAAAGGATAAAATAATATTGCTTTTAAAATGTGAGTAAATCATAAAACAATTTCTATAAAATTATAAAAGGCAAGGACTTTTTATTAAAGCTCTTGCCTTTTATATAATGGATAGTTTTTTAATATTTATAATAATACTATTCTATTTTAGTAATAAAGAAACTCACTATAAAACCTACAGCAAAAGAAATAACACATGTTATTATGGCATGAACTATATTCATAGGATTTTCGCCTATAAATACAGGCAATGCAGTTAATCCAGGAGATACAAAAGCATATCTAACAAGTCCTGATAAACCTGCATATATACCGCCTACTCCGCCTCCTATCATAGCAGCAATTAAAGGAGTTTTTAATTTTACAGTAACACCAAATAAAGAAGGTTCTGTAATTCCAAGAAGAGCTGTAAAACCTGTAGAAGCAGCTAATTGTTTTAACTCTTTGTCTTTTGCCTTTAATGCCACAGCTAAAGTTGCACCGCCTTGTGCTATATTAGAAGCTAACATTCCAGGACCATTAACCTGTTCATATCCGTTTTTAGCTATTTGCATAGTTGCTATAGGTGTTAAACTCCAAGCTGTTCCTGTCAAAAGCATAACCGGCTGTAAAGCTCCCATCAATAATGGTATAAGCCAGCTTACTTTATCATTCAATATATTAGCAAAAGAAGCAACAATATCATTTAATTTTGAACCTAAAGGACCTATAAATAATAAAGCTAATATACCAGTAAGCAATATTGTTATTAATGGCTTAGTAAAAAATTTTATCATTTCAGGAGAATATTTATCAGCATATTTTTCTATAAAACTCTGTATCCATACTGTAATTATTATAGGCAAAACACTTCCGGAATAATCAACTAATGTAAGTTTTATGGCAAATAAAGAAGCAGCTTCATTGCCATTAACCAAAGCTATCCAACTAGGATGGAGCAATACTCCGGCTAATGTTATAGATAATATAGGATTGCATTCAAATTTTAAAGCAGCTCCATAAGCTAATAACATCGGAAGAAAATAAAAAGCAGCATCGGATATCATATTTAAAATATAATAAGTATGACCATTAGTATCTATTGCCTTAGTTAAAACTAATATTGCAAGTATGGCTTTTATCATACCAGCTCCTGTTATGGCAGGAATCATAGGAGTAAATATAGTAGATATTGTATTCATAAATCTTTCTAATAATGATTTTTTAGCCGGCTTTTCTGATGAAGAACTATTAATACTATCATTAGATGAGCCTAATACTCTATTTAAAGATTTATATACTGTCTGTACATTCATTCCTATTATAATTTGAAACTGTCCTCCGCCTTCTACTACATCTATTACACCATCTAAAGCCTTTATACAATCTACGTCAACTATATCTCTATTTTTTAATTCAAATCTTAATCTTGTAGCACAATGAGTAAGTTTATGAATATTTTCCTTACCTCCTATATAAGGCAATATAATGCCGCCTAATTCCTCATAATTGATTTTATTTTTAGCCATAACTATCTCCTTTAATTTAATTATTTATTATGTAAACTAACGCCATTAGTTTTTATAACTTCTGAATACCAATAAAAACTATCTTTCTTAATTCTTTTTAAAGAACCTTTTCCTTCATTATCTTTATCAACATAAATATATCCGTATCTCTTTGACATTTCAGCTGTAGATGCACTGATAATATCTATAGGTCCCCAACTTAAATATCCTAATAAATCAACTCCATCTTCTATAGCATTGTATACTTCTAAAAGATGCTGTTTTATATACTCTATTCTATAATCATCATGAATTTTCATATCATCTGTAAGATTATCCAAAGCCCCAAGCCCATTCTCTACTATAAATAATGGCTTTTTATATCTGTCATATAAATTATTCAAAGTAATTCTTAGCCCCAAAGGATCTATCTGCCACCCCCATTCGCTAGTTTTAAGATAATTATTCCTTACACCCTTTTGCATATTGCCTGAAACTAATTGTTTTTTAGATGTATCAGCACTAATAACTTTGCTTGAATAATAACTAAAGCCTATAAAGTCAACAGTATTTTTTATTATCTCATAATCATTTTTATCAATATATATTCCAAGCTCTTTAAATAATTTTTTTATATAAAAAGGATACTCACCTTTTACC
NZ_CP046928.1_gap18	1214386	1215120	734	AATATGCAAACAATAAAATAGAAAGAGGATTAGGTTTCTTTGTACTTTACGGAGTATCTCCTTCTAAAACTTATAATTTTGACGGTATGACAGGAACAGGAACATCTCAAAAAGTATTAAATGGAACTAACGGCCCTATAATCACAGGAACAGGCGTTACTAAAGATGAAACAGGAGTAATCACTATAAGATATGCTCATGCTGGAGGACCTACAGTTTATCCTTGGGTTTATGAATTAAAATCTGATACTAACGGAATATTTAAAATAGGATATGGTTCAGATAATAACAAAGTAAGTACTTCACAAATTTCTAATGATATGAACTTTGCAGATATTCAAATGGCTACAGATAAAGCAAAAGACGGAATACCTTATTGGCAGGGAGATTTACAAGGTACTTTTGAAAATGATACTTTAACTTTGAAAGGTACTTTAAAAGAAGTTAAATAAAAAAATTAAATATGTTTTATAAGAGGCTTATAATAAAGCCTCTTTTTTTATAAAAAAAATAATTTAAAATTATTGCGGTATTGAATTAAAAAATCATATAGTCTAAAATAACAATATATAATTTTTAATAAAAAATAAATAAAATATTTTTTATAGTTAATTTTTATTTTATTATACTATTAGTTTGGTAAAATTTGATATCAGATTTTTACCAAATTATAAAGATTGGAGAAAAATCTATGATTCGATTATTACCTATCCTTTTTTTAGCCGTATTTTTTA
NZ_CP046928.1_gap19	1330712	1333338	2626	CAATATTTAATAAAATAATATTCAAAGCCTCATCATAATTTGAAAGCCTTATTAAATTCTCTGAATAATTACTTAAATATGAAACTAAATAAAATAAATACTTCTTTGATAATGCCTGATTTTGTTTATTTTTATCATAATCACTTTTAACAATCTCATAAAGTTTTTTATTAGCATCTAATTCACCTTCTTTATTTCCTATTTCAATTTCAAAATCTCTAAGTCTTTCTAAATTAATTCTATCCCAATTTTTAATGCTTGATTTCCATACATCTATTAATTCATAATATAAATCTTTAAATCCCAACTCTAAAGCATAATGCATACAATACTGAATAGTTAATTTTTCTATATCAGTTTCAAATCTCACATTGCTGTCATAACCAATGGCACAATCAGTATTTATCTTTTTTGCTTTTTCAAATAAATCTTTATTATCTTTATTGTATTTACTTAGAAGAAATGTTAAAGATTCTAATGCTATTCCTATACCTTTATATTTTGATGTTTCTCTGTCTTTTAATTCTTCATTAAATAAATGAATGATTATATTTTTCAAAGCTTCTTTATTTAAAGCTTGTACATTTTTATAATATATAATAGAAAATGAAAGTCTTGCTCTTAATAAATAATTTTTATCAACATCATCTTCCATTTCGCATGAATATTTACTTATTAAATTATTGTATTTCTCTTTATCATCAAAAAAACTTCCTATAATATTATCAAAATCGTTTTGATACATTTCTAAAGCTTTTAATAATTTTTCTTGAAATATTTGCATGATTAAACTCCTAACTAACTTAAAAAATATATCAATAAAATGTAAATTTGTCAAAGGCGTTTCTATTGAAGTTTTTATTATTTAAAATTATATATTTAAATTAAGCATATCATTAATGAATATACCTACCCCATTTTCTTCATTGCTTTTAGTGGTATACAAAGACTTTAATTTCACTATATCCTCAGCATTTTCAACAGCAACAGAAATACCCACAAATTCAAGCATTTCCAAATCATTATTATTATCCCCAAAAGCCATTATATTATCAGAATTGATATTGTATTTATCAGCTAAATATTTTAATGCATTAGCCTTTGAAGCATTAGGACTATGAACTTCTAAATAAACAGGTCTTGAAAATGCATAATATATACTGTTTCCAAAAGTACGATTTAATTCTTCAGCTATATTTTTTAATATATGATTTTCTCCTATAAACATAAACTTACTGAAAGAAAAATCTTCTATATTGTCAAATCCTATAATATAATTATCTATTTGAGCTATTGATATATAAAAATTAGTCCATTTATTATCAAAAAAACCAATATTCCATCTATCACCTAAAAAGCCTTGATGATATATATTATATTTTTTAGCTATATTTATAAGCTCTATACCTATTTTAGGATTTAAATTTTCTTGGTATATAATATTAGAATTTTTATCTGTTATCATAGCACCATTAAATGATATAAGCTCAGTATCAATATCTAAATCATATAAAAATTTAATTGCTGCTGAAGTGGGTCTTCCTGTAGATAATATTGTTTTTATTCCTTTTTTAGAGGCTGCTTTTATTATATTTTTATTATACTCACTTATTTGATGATTATTATTTAATAATGTGCCGTCTAAATCAGTAGCTATAAGCTGAATATTATTCAAAAAACATCTCCGAAAATGTTAATATAAAAAATTAATTCTACAATAATGATAAAATTTCTTCTTCATTTAAATCTTCTTTTATCATTTTTTTAACTTTATCATCATTACCTAAAAATTCGGCTAATTCAGATATAGCCTCTTGATGTCCATCAGAATCTTCTGCTGCTAATACAAAGAATAGATACACTTTTTCATCTGTTTTATAAAAATCAACTCCGTCCTTTACTTTTAAAAAGCTCATTCCTCTTTTAAATACACCATTTTCAGGTCTTGAATGGGGCATTGCCACACCATCTATAAGAACAATATAAGGACCGTATTTATATACATCATCTATTATAGCCTGAACATATCTTTCTTCTATATTTTTATTATCTATTAAAGATTTTGCAGCTATTTTTAATGCTTCTTCCCAATTCGAAACATTTTGCACAATTTTTATATTACCTTCTAAAAACTCTTTTAACATAAAAACTCCAAAATTATTTTATTTATATAATAAAACAATTTTTGAATTTGTAAATTATATTATGGAAAATAATATTTTTATTATAAAAGGTTTTAATTAAAATTACTGTAATATAATATCGTATATTTCTAAATCAGTTAATTCATCATACATTATTCTTTTAATTTTTTCGCTTTCATTTAATAAATCAGCAATTTCTTCCATTAATTCTTGATGATTATCATTATTTTCTGCAGCCAAAGTAAATAATAAAAATATTTTATTATTTTCATCAAAGTCTACTCCATTTTTTATTTTTAAAAGAGTAATACCATTGCTTATAACACCATCCTCAGGTCTGGCATGAGACATAGCCATTCCATCACCAAGTACAATATAAGGTCCGCTTTCTTTAATATTATTTATAATACAGTCTACATATCTAGGCTCTATACATTTATTCTCAATAAGAAGTTCAGCTCCTTTTTTTATAGCATCTTCCC
NZ_CP046928.1_gap20	1364439	1367346	2907	CTTTCGATGATTCTGATAATTCTTCTACTTTTATTTCTGTATCTTCTATTAATTCAGAAGAGTATTCCTGAGATTCTGACTCTTCTGGTTTTGATTCTTCTAATTGTTCTGATACTTCTTCTACCTTTATTTCTGTAGCTTCTATCAATTCAGAAGAGTATTCCTGAGATTCTGACTCTTCTGGTTTTGATTCTTCTAATTGTTCTAATGCATTCTCTTCTTTTGATTCTTCTGCTTCTGTTAATTCTTCTTTTATCTCTTCTAAATCTCCATCAGATATTTCTGACATAGCATAATTATTTTCTCGGTAATCATCTGTAATATCTTCTTCATTCTCATTAATATAGCCGTCATCTATTTCTTCTAAATCTCCATCAGATATTTCTGACATAGTATAATTATTTTCTCTATAATCATCTATAATATCTTCTTCATTCTCATTAATATAACCGTCATCTATTTCTTCTAAATCTCCATCAGATATTTCTGACATAGTATAATTATTTTCTCTATAATCATCTATAATATCTTCTTCATTCTCATTAATATAACCGTCATCTATTTCTTCTAAATCTCCATCAGATATTTCTGACATAGTATAATTATTTTCTCTATAATCATCTATAATATCTTCTTCATTCTCATTAATATAACCGTCATCTATTTCTTCTAAATCTCCATCAGATATTTCTGACATAGTATAGTTATCTTCTCTGTAATCATCTGTAATATCTTCTTCTTTTGGAGATTCTATATTATTAATTTCAAAATCTTTAGTTATCAAATCAAGTTCATTACCAGATAATTGTATTACATCATCATCATTATCTATTTCATTTATATAGTTTGATTCATCTATATAATCAACATTATCTATATCAGGAACAACAACATTTCTATCATTATATTGTATATTTATTTCATCTTCTTTTAGATTATCTTCTTTTATTAAATCTACTTCTTTTGGTTCTTCATCATCTATTTCAGGCAATTCTAAATCTTCATTTATTGCCAAAGAATCATCATTATCAATAACTACGGAATTATCATCATATAAATCTGGTACTTCTATTTCTTCTTCATTATCATTTATATTATTATCAACTGGCTGATTATTGAAAAGACTGCTCAAATCAAATTCTTCAACACAATCAATGGATTCTAACTCTTCTTCTGTGAGAGCATCTTTTTCAGACACTTCTTTCATAAGAATATCTTGCTCTTCAGAATATATGTGCTGAACAACATAGTTTTGCTCATCAGAAAATACAGCATCTTCTACATCTATATTATCTTTTGCATAAGATGTTCTTTTTACTTTTGTTCCATCTTCTAATTCTATTAATGTGTATTTATCTAATGATAATTCATTATTATCTTCAGTAGGTGTTTTTTCTATATTTTCTTCTAAAGGTTCAGATTCTAATTCATTCAAAGATGATTCTGTTAAACTTATAGTTTCATCATCTGATTTTTCTTCTTCTAAATTTTCTTCAATTGCTTCTTCTGCATTCTCAAGCTCTTCTAAAGCTGATAAACTTTCATCAATATTTTTTTCATCATATTCACTAACTTCTTCTGATAATGGCTCTGATTCCTCTTCTAATTTTTCTTTAATAGCTTCTTCTATATTCTCAAGCTCTTCTAAAGCTGATAAACTTTCATCAATATTTTTTTCATCATATTCACTAACTTCTTCTGATAATGGTTCTGATTCTTCTAATTTTTCTTCAATTGCTTCTTCTGAATTCTCAAGCTCTTCTAAAGCTGATAAGCCTTCATCAATGTTTTTTTCATCATATTCACTAACTTCTTCTGATAATGGTTCTGATTCTTCTAATTTTTCTTCAATGGCTTCTTCTATATTTTCAAGCTCTTCTAAAGCTGATAAACCTTCATCAATGTTTTTTTCATCATCTTCACTAACTTCTTCTGATAATGGTTCTGATTCTTCTAATTTTTCTTCAATGGCTTCTTCTGCATTCTCAAGCTCTTCTAAAGCTGATAAACTTTCATCAATGTTTTTTTCATCATCTTGAATAACTTCTTCTTCTGGAGAACTTTCATCATCTTCTATATGATTAATATCAAGAAGTTCTTCATCAGTATATTCTTTCATTTCCAAACCAGATTCTTCTGTTGCAATATCTGATTCTTCTGGATTTTCATCAATAGATTCTTCTATATTTTCAAGCTCTTCTAAAGCTGATAAATCTTCATCAGGAGTTTTTTCATCATCTTGAATAACTTCTTCTTCTGGAGAACTTTCATCATCTTCTATATGATTAATATCAAGAAGCTCTTCATCAGTATATTCTTTCATTTCCAAACCAGATTCTTCTGTTGCAGTATCTGATTCTTCTGGATTTTCATCAATAGATTCTTCTATATTTTCAAGCTCTTCTAAAGCTGATGAATCTTCATCAGGAGTTTTTTCATCATCTTCTCTAGCTTCTTCTTCTGGAGAACTCTCATCATCTTCTATATGATTAATATCAAGAAGTTCTTCATCAGTATATTCTTTCATTTCCAAACCAGATTCTTCTGCTGAAGTATCTGATTCTTCTGGATTCTCATCAATAGATTCTTCTATATTTTCAAGCTCTTCTAAAGCTGATGAATCTTCATCAGGAGTTTTTTCATCATCTTCTCTAGCTTCTTCTTCTGGAGAACTTTCATCATCTTCTATATGATTAATATCAAGAAGCTCTTCATCGGTATATTCTTTCATTTCCAAACCAGATTCTTCTGCTGAAGTATCTGATTCTTCTGGATTCTCATTAATAGATTCTTCTATATTCTCAAGCTCTTCTAAAGCTGATAAATCTTCATCAGGAGTTTTTTCATCATCTTGAATAACTTCTTCTTCTGGAGAACTTTCATCATCTTCTATATGATTAATATCAA
NZ_CP046928.1_gap21	1379210	1380412	1202	GATGTGCTAGATGAACAGCAAGATGAATTAGAAGATGTTCCTAATATAGACGATGTACTTGATGAACAGAAAGATGAATTAGAAGATATACCTAGTTTGGACGATATAGTTGATGAAGATAATGAAGAAAATAATACAGAGGATGTACCTAATTTAGATGATGTACTTGATGAACAGAAAGATGAATTAGAGGATATACCTAGTTTAGACGATGTACTCAATGATGATAATACAGAAGATGTTCCTAATTTAGATGATGTACTAGATGAACAAGAAGATGAATTAGAAGATGTTCCTAATTTAGACGATGTACTCGATGAAGAAGAGAAAGAAAATAATACAGAAGACAATAGTAATGAAAGTATGCCTGAAATGAAAGAGTATTCTGATGAGGAGCTTTTAGATTCTAATCTTTTATTGGATGATGATGAAGACAATAATATAGATGATACTGTAGGCGATTTGAACGATATACCTGATCTACATGATGAAATAAAAGAACCTGAAGAAGATAAAGAAGATAATAAAGACATGCTTGAAATGAAAGAGTATTCTGATGAGGAGCTTTTAGATTCTAATCATTTATTGGACGATGATGAAGATAATAACGAAGAAGACAATAATATAGATGATACTGTAGGTGATTTAGATGATATACCTGATTTGGATGATGTAATAGATAATATTATAGAAGAGAATGATAATACAGAAAATAGTAATGAAGAAAATGAAGAATCTGATGAAAATATTCCTGAAATGAAAGAGTATTCTGATGAGGAGCTTTTAGATTCTAATCATTTATTGGACGATGATGAAGATAATAACGAAGAAGACAATAATATAGATGATACTGTAGGCGATTTAGATGATATACCTGATTTAGACGATGTAATAGACGATATTACAGAAGAAAATGATAATACAGAAAATAGTAATGAAGAAAATGAAGAATCTGATGAAAATATTCCTGAAATGAAAGAGTATTCTGATGAAGAGCTTTTAGATTCTAATCATTTATTAGACGATGATGAAGATAATAACGAAGAAGACAATAATATAGATGATACTGTAGGCGATTTGGATGATATACCTGATTTAGACGATGTAATAGACGATATTACAGAAGAAAATGATAATACAGAAAATAGTAATGAAGAAAATGAAGAATCTGATGAAAACATGCCTGAAATGAGAGAGTATTC
NZ_CP046928.1_gap22	1384565	1388379	3814	GTAGAGCCTTTAGAAACTGAAGAATTAACATTATTAGTAAGGCTGGCAGCACTATTTCATGATATAGCTAAACCTATGGTTCAAAAAAAGGTATCAAAACAAGATGATCCTGTTTATTATAATCATGAGGTTGTAGGAGCTAATATTGCCAAAAAAATAATGAAAAGATTAAAATATTCAAATTCTGAAATAGATTTTGTAACATTATTAGTAAGACAGCATATGTTCTATTATCAAGATGAATGGACTGACGGTGCAGTTAGAAGATTTATGCGTGCTATTGGTGTTGAAAATATAAGACCTCTTTTAAGATTAAGAGAAGCTGACAGACTTGGAAGCGGAAACAGAAAGGATAAAGAAAGCAAAGCTATACCTAAATTATTGGCTAGAATCGACAAAATAATCGAAGAAGAAAATGCTATTACTGTTAAAGATCTCAAAATAGACGGAAATGATTTAATCAATGAATTTAATTTAAATCCGGGACCTTTAATAGGCAAAATACTAAATTATTTACTAGATTTAATATTAGATGAACCTGAATTAAATAATAGAGAATTCCTTATGGAAAAAACAAAAAACTTTTTAGAGAGTAATAATATAAAAGATGGGGTATAAAAATGTATTTGCTTTCAGATATAGGAAACACTAGAGCTAAGTTAGCAATTTTTGAAGAAAAAAATTGCAAACCTTTATATTATAAAGCTATAGAACATAGCAATGCTTTAGATTTAGTAAGTGCATTAAATGAAATAAAAAATAATCATACAGATATAAAACAGGTATTTTACAGCAGTGTTTCACTGAAAGTAAATGATTTATTTGAAGGCAGCGTGGAAGATTGTTTCAATATGAAGCCTTACAGAGTTACCCATAATGATATTGAATTAAAAGGTAATTCTTATGAGCCTAAAGATTCTGTAGGTATAGACAGAATATTATCTACTTATGCATCTATATGTCTTGAAAAAATCAGTAATAGTAATGAAGAGAAATACGCTTCAGTGGTTATAGATATGGGTACAGCTACAACAGTAAGCATTATGATTTCAGATTTTACATTTCTAGGCGGTATGATAATAGCAGGTACAAAAACAAGCTATCAGGCATTATCAAATGTTACTTCTTTACCTTATTATGAAATAGGTCCTATAGAATCAATACCAAATCCTATAAACAATAATGTGAAAGATGCCATAATGTCAGGTGCTATATATAATACAATAGGTACTGTTAATTATGCAGTATCGGAAACCAAAAAGTATATAAAATCTAAATATAATATTAAATGCAAAATCTTTTTAACAGGCGGAATATCCAATTTAAAATTATTGAAATGTAAAGTTTATCCGTTTCTAGTTTTACAGGGTATTTACTTTAATATGATAGCTAAAAATAAATAACTTTTTAATGCTGTCAGTAATATGTTTCAATTCAAAACTATTATAATATATATATTTTTTATAAAAAAAATTCACTAAAAAGTATGCACTTAGTATAATAAAATATATCATTTAGTACATATATATTTGACAAATGAGAAAAAACTGATATACTTTAAACTATATATAAGAAAAGAATGGAGGATTTGCCAATGACTACAGGTAAAGTAACTATACAAAATGATACAGGACTTCATGCCAGACCTGGTAATGAATTTGTAACATTTATTAAATCATTAACAGGATGTAAAATAGAAATAGAAAATGAAGCTGGTAAAAGAGTTAATGCTTCATCTCTTTTAAAAGTTTTATCATTAGGTGTAAAAAAAGGTTCTGTACTCACTGTTTATTGTGATGGAGAAAATGAAGCAGAAAATCTAAAAAAAATAGAAGAATTTATGGCTAATTTAAAAGACTAATTAAATTTAATTTTATTTATGGAATTATAATATGGAAAAAAGAATTACTGGAATAGGGGTTTCTCCCGGTATAGCTATAGGTAAGGTTTATCTCTTTTTAAAAAAAGACATAGTAATTTCTAAATGCCCATGTAAAGAGGTAGAGTCTGAAAAGGCAAAATTGTTAGAAGCTAGAAATAAAACAAAAGAACAGCTTCTTAAGATAAGAGAATCTACAGCTAAAAAAGTTTCTGAAGAAAAAGCAGCAATATTTGATGCTCATATTACTTTGCTTGAAGATGAAGATTTACTTGAAGAAGTTAATAATATCATAACTGATGATAAAGTATGTGCTGAATATGCTTTATCTCAAGGTATAGAAATTTATACTAAAATGTTAAGCGAAGTTGAAGATGAGTATTTGAGAGAGAGAGCTGGAGATTTACTTGATATCTCTGACAGATGGATAAGAAATATTCAAGGAGAAGATATAGTTGATGTATCTAATCTTCCTAAAGATTCTATAGTAATTGCAAGAGATTTAACACCTTCTGATACTGCTAATTTAGATTTGGATAATACTCTTGCATTTGTTACAGAAATAGGAGGAAGAACTTCTCATACATCTATTATGGCTAGATCTTTAGAGCTTCCTGCTGTTGTAGGTGTTGGTGATAGTTTGAGTGATATAGAAAATGATCAAATTATAATCATTAATGGAAATACAGGTTCTGTTATAGTAAATCCTACAAAAGAATCTATAGATGAATGTTTGAAGCTTAAAGAAGAATTTGATAAGAAAAGAGCTTTATTAAAAGAGTATGCCCATAAAGATGCTATATCAAAAGATGGTACAAAAATAAGAGTATATGCTAATATAGGTTCTCCTGCTGATTTAGGCGGAGTTTTGAAAAATGGGGCTGATGGTATAGGACTTTATAGAACAGAGTTTCTTTTTATGGAAAATACTGATTTCCCTACAGAAGATGAACAATTTAAAGCATATAAAGAAGTAGCTGTTGCTATGAGCGGTCATACTGTTACTATAAGAACTATGGATATAGGCGGTGATAAATATCTGCCTTATTTAGAGATGCCTAAAGAAGAAAATCCGGCACTTGGGTGGAGAGCTTTAAGAATATGTTTGGACAAAACTTCTATTATTAGAACTCAATTTAGGGCTTTACTTAGAGCATCTGCTTTTGGTAAAATAAAAGTAATGCTTCCTATGATAGTATCTATAGAAGAACTTCGTAAAGCTAAATCTATATTCAATGAATGTAAATTAGAACTAATGAAAGAAAATATTCCTTTTAATGAAGCTTTAGAATTGGGTATGATGATAGAAACACCTTCTGTTGTATTCAGAGCAGAAGCTTTCGCAAGAGAATCTGATTTCTTCTCTATCGGTACTAATGACTTAACACAATATACATTAGCTTCAGACAGAGGAAATGAAAAAATAGCAGCTATATGTGATCCTTATAACCCTTCTGTACTTATAGCTATAAAAATGGCTATAGAAGGAGCACATGCAAGCGGAATTATTATTTCTATGTGCGGTGAGCTTGCTGGAGATTTACTTGCTGTACCACTACTTTTCGGTCTTGGGCTTGATGTATTCTCTATGTCAGCAATATCAATACCTGAAGTTAAAAAAATGATAATCTCTTTAGATAAGTCTGAATGTCAGATGTTAGCAAAAAGAGTACTTTCACTTGATACTGCTGAAGAGGTTAAAGCTGAATTGTTAAGATTCATAGAAGTACATGAAAGAGGCGGTACTATAAGCTATTAAAAAATATTAATTATAAAAATAAAAAGGAGTCAAGAAATTGACTCCTTTTTATTTTAAATTTTTATTTAAGAATAAAACCTTGCATATATACCGCAAGGAAGAATAATATCAGAGTTTTCTATAGGAATACCTATTTCTCCGCTTTCAAAAGTACCTTTATGTTTAATAGAAGTTGA
NZ_CP046928.1_gap23	1470820	1473329	2509	AGGCATACATTTTTCGCACCAATGTCCAGCTTTTATAACGGTAAATGGTGAAGCCTCAAATTCATGACCTTCAGCACAAGCCCATTTTAATTTTGTATGCAAATCTCCTTTAGTCATACTAGTGCTTAAAAGTTTACCTCCTCTGAACTCTGCAGCTTTTTTAAGATCTTCTATATCAATCTCACTGTCTTTTTTACTTTCATCATAACCATGATTAAGAAGCTTAGCATTCTTTATATCAAGCAAAGCTTTATAATCTATATAATTTCCTTCTGAATCTTTATTTTCAAAAAGTAAATTAAAATTCTCCCATTTCTTAGGCAAATTATCAAAATTTTCTAAACTTCCGAATGTAGCTATAACTTTACCGTCCTCTCCATTTCTTCTCCAATATGTAGGCGAATTAGGGTGAGGCAAAAGCCTTTGTATAGCAAAAAATGAGATTAAAGAAGGAGGCACTATTTTTCCAAATGAATAATACCAATGAGTTTTTCCTATTTCATTCCAATAATCTGTAACTGACTCTTTCTGATAAGAGAATAATTCTTCAAGTTTGTATCCATCATAATACCAAAGCCCATGGAAATTTCTTGTAGCATTCCAATTAGGCTTCATATATGTTTTAGTTGATCCGCCTATTAGTTTGAATCCGTCATTAAATGTATCATAACCTAAAAGTCTATTTTCTGCTTTGCTTCCCAAATTGAAACAGCCTTTCCAGAAATAATCATCTAAATTGCCTTTTATATCCTCTTCAATTATTCTTTTCATCAATAGTCCGCTGTCTCTTGCAGTTGCCCATTCAAGCGGTGCATTATAACAAGTATGGAACATTAGTCCGTCGCTCATATTATCAGTAAGCATTCTATTATGAAGCATTGCAGTTTGTCTTATTATAGCTCTATTTTCCAATGATGAATCAAGTACATATCTTTCGCCTTTTAATTTTGAAAAAGAATATGCATCATAAGGACTTATCAATAAAGGATCGCCTACCCTGCCCCAAGGGTGTTTTTCATTTCTGTTACCGTAAAGTGCTACTGTTGATATATGCACAAGTTTAGGGCGTTTATCTTTGTCCATCGCTTCCAATATATCTACTATATGCTTAACTCCTACAAAATTTGTAAGATGTGCTAATTTAGGGTATCTGTCAGATTTCGGAGGTATCACTGCTGCAAGATTAAGTACATAATGACAGTCTTTCAATAATTTTTCGCAGTCATCTCTTTCATATAAATAACCTATTATTATCTCTACTCTTTTGCCGTATTGTTTTTTGAATTTTTCAGCTGCCTTTTTACTTTCTTTTCTTATAAGCAATTTTACAAGTTCAATATCTTCTATTTCCATTAATTGTCTTAATGTTTCAAGTCCCATATTTCCAGTGGCACCTGTTAAAGCTATTGTATATTTCATATAATAATCCTTTATTATTAATAAACCAACTTAAAAAATTTACTATTATTTTACATACTTTCAAAACAAACAGTTTTTATATTATGTAGTATTATATAAGAAATATAATTTTTGTAAATAATATAATTAAAATGTATTTAATAAGGAATAAAAATGAAATATTATAAAGCAGCATATTTAATATTATTAAGTTTGATAATTTTTACTCAAATATCTTTTGCACAAAACAACAATGAAGCATCTCAATTATTTAAATTAATAAATGATGAAAGAAAAAAATCAGGTATGAATGAATATAAAACAGAAACTCAATTACAAAATGCTGCTGATCAAAGAGCAAAAGAAATAGCAGGCGGAATAAGAAAATCTACTGCCTTACAGGATAATAATATACAATTTGCTTCATACTCTGAAGGCTCAATCATAGCAGATATGACTGTAGAAGAAGTATTTGCTCAAATGCTTAAATCTCAAAGAAATTTAATACTAAATAATAAATTCACTCATGCTGCTGCTTCTGTATATGAAAGTAATGGCAAAAAATATTGGGTGATGATTTATGTAGTATCAAGGAATGACAGCATAGTAAAACAGGAATTGAACATACAAAAAGAGAGAGAAAGAGTTGTTCAACTATGCAATGAAGCTAGAAATCAAAATAATGTATCTGTTAGTTTAGTTTTAGATGCTAAATTAAGCGAAGCTGCACAGAAAAGAGCTGAAGAGTTAATAAAATTATTCTCACATACAAGACCAAACCGCACAGACTTTTCTACTGTATTAAAAGAATATAATATAACTTATAAAACAGCTGGTGAAAATATAGCTAACGGACAATTTGATGCTGATGATGTTATGAAGTCTTGGCTTAAATCACCTGGACATAGAGCTAACATACTTCAGAAAAATTTTGGAAAAATAGGTGTTGGTGTATTTGAATATAATGGCAGATTATATTGGGTTCAGGTATTTACTAACTAATATCCTTATAACTTATAGAAAATAAATTTTATATAATCTTTTTAATAAAATACAAAAGTTTAATTATAGTATAGTATTTTCAATTATAACATTTGTCTTTTTGCAAATT
NZ_CP046928.1_gap24	1479687	1481450	1763	AAAAGTTTTTTTACTTTCTATAAATTTGGCTAAATTTTCATCATCTAAATAATGGGCAATATCAATAAGAATGTCCCAAGGATATTTTAATGAAGCATCTTTTTTATATGATTCCTGAAAAGCATACATAATTTTTTTATACATAGTCTTTTCTTTGTTGTCTATAGCCTCTCTGAACGGAAAATAGAGCCAAATCATACTAACAAAACTTTTAAACCAAAATTTGGCATTCATCTCTTCAGTATCCCATAAGAAGAAATCTGCTGCTAAAGTCAATCTATCATCTTCATCAGCATCTATAAAGTCAGTAAACCAATTTTTACCCCAATATCCTAAAGAAGACAAAGCAAAATACTCTTTTTCTATTACAGGATAATTATAAGGCATAGATATCATGAAATTACTGAAACCATTATCATGATGTGTTATAAGCATTTTAGCATAATCTGCTAATGAATTAACAAAAAATTTTTTTAAAGCTTCAAAATCTCTGCTTTTAAAATAGCCGCTCGGATCTTTATGAACAGAATCCTCTATAAACTCTATATCAAGCCTTCTAGCTATTCTATCTAGAACACCTACTATAAATCTATGATATCCTGCCCCAAAAGAACCTGTAGTTATAGTTATGAATAAAGTATCTGTTTTAAACTCAAAATATATAGGATCAGCAGAAGGGTGAAACGAATATATAAGAGTGCTGCCGTCTTCTATTATAGAAAACTCTGAAATCATTACAAGCGGATTAATATTAACTTCGTTTAAAGAAGAAACTATCGCTTTAAATAATCTGTCTTGGTTAGGAATAACCCTTCTATTATCAAATGTCGCTGACAGCAAAAACTCTACATTCATTTTAATAAAATTCTACTTATTTTTATAATATTTACATTATACTATAATAACATTTTTTATTATTTTAGCAATATATATTTAATAAAGTTTTATATATAAATAGTAAAAATATAAAATTTCATACACTTTAACAATATAAATGCTTGACTTTTTTTTAATGATATGCTATTATAAAGTAACATTTCAAAAGAAAGGGCGATTAGCTCAGCTGGGAGAGCGGGTGCCTTACAAGCACTAGGTCGGCGGTTCGAGCCCGTCATCGCCCAATTTTTCCCCCTCATAAATAAATCTTTTTTGATAAAACTTCCTATTAAATATGATTTTTTTAACGATAATAAATTTGAATTTAATGTTAATATATGTTAATATTATGTAAACAAAATATTTTTTTAATAGAGTAAAAATAAAATAAAGAGTAAAAATAAAATAATATGACTGTTTTACAATATGTTTTAGTAATAACGACTATACTAGTGGTATTGGCCTTAATAAGCTTTATAATAAAGGCCGGATCTAAATATAAAATATTTACAATAGCTCTTATGACTATAATTGTATCATCTATATCAGCAGTAGGAATAATATATATAAATAATACTAGGGATATAATGTCTAGTTCTGATATAAAGCAGATTCAGCTTGAAGAAGAGAAAAAAAGAATTAGAAAAGATATGATTATAAGACCAGGAGCAATAGAGACTATAGCTCTTCATTTGGCATATTCAAATAGAATATCTCCTCCTACTATAAAAAATAGAGAATTAGGATTCTATTTAGACGGAATATGGTTTAATTGGGCTAATGGAAAATTATTAACTGATGAGGATATGACTAATCAAGATAATTATATACCTTTCGGTTTTTATAGCTATACTATAGACGGACTTCCTGAAGTGCAGCAGGAAACT
NZ_CP046928.1_gap25	1573405	1577158	3753	ATTAACCCTATTTATATCTCTTATTTATGTATAATATGTATTATTATAGTATGATTTTACTTTAGTTTTGTAAATTTATTGTAAATTATTTGTAAATAAATATTGCTTAATTTTTACATTATGCTATAATTATAAATGTAAAGAGATTTTACAATATACACTGTAAGGAGATACAATATGACTAATTCATTAAACCTTTTTATTAAAATTACACCTAGCCAATTACCTGAGAATATTAGAAGATTTATAGCTTCTAATTACAGCAAAGCTAAAATCGTTTATATTGATAAAGTGAAAGATCAATATGAAATCAAATTAAGCAACGGTATTTATATCAACTTTGACAAAAACGGTTCTTGGAACTATATAAGCAGCGATGACAAATTATCTGAAAATATACTTCCAAAAACTATAGCTAGCAAAATTAAAAACATAATGAAAAAATATAATAATGCTTATGTTTTTGAAATCAGCAAAAGAATAGAATTTTACAAAGTAAGATTAACTAATTCTTTAGAAATACGCATAAGAAATAACGGACAATTAATAATGGCATAACTTTTATCATTTTGTATCTCTTAAAGTAATTAATATATATGGCTTGAGTCTTTAATTAGATTCAAGCCTTTTATTTTTATCAGCATAATTTTTTTCAAAAAATAATAAAAAAAGAACAAATAAATTTACAACTTTATTATATTTATTATAGGTTTATTATTTAGTAAACATTACTATGTAAAAACAATTTACAAGCTGAATAATAATAAAAAATAAAGTATATATATTAAATACAATGTATATAAATTAAATTTTATATTTATAGATTATAATCATAAACTTTATAAGTATGAAGAGATGGCAGAGTACAGGCAGTATACAATAAAAAAGTAAAAGAATATCTTCAGGTGATCTCTTATTACAAAAGAAAATTGATTCATTATTTTGATACCATAAATTTATATAGATGCTTTAAATAAATTTTTTATTTAAAGCATTTTTATTTTTAAACGACAATTAAAACGATATTTTTTATTTAATGGTTGTTTATAATGAATAAATATATAATAATACTTGCTATAATGATTAGTTCTGTATTATCAGCTAATAGTTTCAAAGTGATATCAAGACAAGGGGAAGCATCTGTAATTGTAAACGAAGAACATGCTGATATGGACATAAAAAAAAGTTTTCCAGATGATTATTTCTCTATATCTACAAAAGAAGAATCATATTTAGTAATAGATAATGGCGAAAAATCAATAATACTTATGCCAAGTTCAAAACTCACTTATGAAAATAATAAATTCACTTTAGATTCAGGATATATTTATATAAAAAGCAAACATAATGATGATATTCAAATGACTTTAACAAAAGATGGAAAAGGATATAATTTTAAAGGAAAATCATTCGCTGTTGTATCCTATGATGATGAAGTATCTGTTATAACATATAATAATGCCGTAAAAATCACTCCTGAAGCATCTTTGGGAGTAAGTTATTTTTTGGAGCCAAATCATAAAACATCTATAATACCAATGCTTAATGGTCCTTATAGAACTACAGAAAATGAAAAATCTTTAATTGAAAATGTATCAAGACAATTAGAAAATGAAGTAGCAAGCCATCTAAATCAAGATATAGACAGATATAATTTTAAAATAATGGAAGGTACAAAAAACGAAAATACTATATATAGAGTAGTTCATCCAGAAAAAGGTCCTAATATATTTTTAATAGTACCTCATGGAAGCGAAAGAGTTGGTACTGATGTGGCAATGGAAAGAATCAATATGCCTATAAAAAAAGGAAGTCTTACTATAGTACCTATTGCAGTGCCTGAAGCATACAGAAAAAATACTAGAGCTATAGAAGGACAAGATATTAATAATAGATTCTTTGATAAAAAAATAAGCAGAACAGATACCGATAAATTAGCTAGAGAATACATGAAAATGCTTGATGAGTATAATATTGATGTTGTACTTACTCTTCATGAAGGAAACGGATTTAAAGAATTCTTTGGAGATTCTATAATATATGACAGCAGAAAATTAGACGATAAAGTTATAAAAGTATTGGAGAATATAAATTCTAGAATAGAACCTATGAAATTTAAATTTAGACAAATGTATTATCCTATGCCTACAACTATCACATATTATGCTGCTAAAAAAAATATAGAATCTTTTGGAATAGAGCTTACAAGAAATTTAGATTATGATAAAAAAAGAATAATTATGCATACTATATTAAGTGAGTTCTTAAAAATATATGGGCTTGAATAAAATATAAAATATATTTAGTTTTAAATTTTATTCACATACCCGCCCTTTATTTTTTATTACTATAATCTGCAATTTTTAATTTCTTTATATTTAAAGTCGATTCAGAAAATAAGAAATCCACCCAAGATGTGATTATGTTGAAAAATTTATTTAACGCACGGTTAGATAATTTTTATATATAATATAATTGTTATAATGAACCGGCTCATATTTATAATTTTACTCTGCGTGCGTTTATGAAGTAATAAATTAAAAAATCTCTAGGGTGGGAGCTATAAATTCTTTATAAGCAATAAGAAAGAAAAAAATTAACATTGAAGAATAAATTAATAAGAATATAGGGCGGGGAATGAGAATTTAGTTTTAAATATTTTTATTATAAAAATTGACAGCCTGAAAGACTATGATAATAGATTATCAGACGCTGTCAATTTTTTATTAAAAACTTCAATAATTATTTTTCAAGCTTAAAGAATCGCATTGCTTCTTCTAGCTCTCTAGCTTTTATTATTATAAAAATTGACAGCCTAAAAGACTCTGATAATAAATTATCAGACGGCTGTCAATTTTTTATTAAAAACTTCAATTAATTATTTTTCAAGCTTAAAGAATCGCATTGCTTCTTCAGCTCTCTAGCTTTTATTATTATAAAAATTGACAGCCTAAAAGGCTCTGATAATAAATTATCAGACGGCTGTCAATTTTTTATTAAAAACTTCAATAATTATTTTTCAAGCTTAAAGAATCGCATTGCTTCTTCTAGCTCTCTAGCTTTTATTATTATAAAAATTGACAGCCTAAAAGGCTCTGATAATAAATTATCAGACGGCTGTCAATTTTTTATTAAAAACTTCAATAATTATTTTTCAAGCTTAAAGAATCGCATTGCTTCTTCTAGCTCTCTAGCTTTTATTATTATAAAAATTGACAGCCTAAAAGGCTCTGATAATAAATTATCAGACGGCTGTCAATTTTTTATTAAAAACTTCAATAATTATTTTTCAAGCTTAAAGAATCGCATTGCTTCTTCTAGCTCTCTAGCTTTTATTATTATAAAAATTGACAGCCTAAAAGGCTCTGATAATAAATTATCAGACGGCTGTCAATTTTTTATTAAAAACTTCAATTAATTATTTTTCAAGCTTAAAGAATCGCATTGCTTCTTCTAGCTCTCTAGCTTCATTTAACAGAGAAGCAGCAGCCGATGCAGATTGTTCTACCAAACCGGCATTCTGCTGTGTTACACTGTCCATCTGAGAAACTGCAGTATTTACCTGATCAACTCCTGCCTGCTGTTCTATAGCTGTTTCACTTATATCCCTCATTATATTTGAAGTTTCTTCTATTTTCTTCTCCAAATCCTCAAATATTTTCTCTGACTCTTTTGCTTTCTCTACAGATCTGCTAATCTTTTCATATATAACACTAATTAAAGAAGTAATATCCTTAGCAGAAGACTGTGAAT
NZ_CP046928.1_gap26	1611527	1614588	3061	TATATTCATTAATTTTATAAAATAAACTCTATTATTAAAATTTGATAATTCAATAAATAAAATGATTTGACCGATAATAAATGAAATTAATTGTTAGGTTTTTGATATGTATAAAATTTATTATGCATCAGTAATAATAATACTATTCATTATATCATGTAATGACAAAAAATTAGAAAGCAAACAGTACAGACTCAATATAGCAGAAACAAATGAAGTAATAAATATAAAAAGCAGAAATTTTGATGGTATCAGCCTAATTAAAAACAGTTCATTTACGGCATACCCTAATATAACAATAAATGAGCTTTTATCACCTTTCAGTTCTGTAGAATGGCAGGATTTTATATCTGAAGATGATTATAACCGTTATATAGATATAGTAGCAAGATATGACACTAATGAATATATAATACAGTTTCAAGTAACAGATCAGTACAGATGGGAATTATATGCATTTGAAATCAATAAAACTCCATACACTATCGATATAGTAGCAAATGAGTTATATAAATTGTATACAAATAAATAGAAATATTTTTTCTCATAAAAAAATAAAAAGCTGATTTTTTAGTCAGCTTTTTATTTTATTGATAACAATTCATTTATAGATAATATATTAATTAAATGCTAAAGATATGCTTCCTCTTTTTATATCTATAGGACCTGCTATATTTCTAGATAATTTTATTTGAATAGATAAACTTCTATCCAAATCATTTCCTGTAGTCCAATCATTTTTCTGAGGCTCGAATATTCCTACGATAGTTCCTGTTCCTGTTCTTTTACCCAAGAATACTTTTACATCATAATATGTAACAACTATACCTCTTGTACCATTAATAGTTTCTTCTGTAACTTTTAAAGGTGCTACTAAAGATGATTTTTTTATATCAGCTTCTGTCATATTCTCAACATCTTTTCCGCCTATTACATAATAAGTTTTATCATTTATTTCCACAGCTTGAATTTCTTTATCTGCTCCATAAACTGTAACTTTCATTTTTGGTGTATCTTCTCTAGTTATAGTTTCTTCTTTTTTATCTTCATTAGATGAATTATCATTTTTTACAATTGTATCATTATTTTTAGGCTGCATAGTTTCACATCCAGCAAGCACACTCATCAAACCCACAACAATAAAAAGTTTCTTAAACATGATGCCTCCGCAAGTATTTTATTTAAATTAATACTGTTAAAACTATCGGAAACTATTTTGGTAATATTAAATACTTTTTTACATTTTATACTTGAATAAAATTATAATAAATCTATACTTAATTAATATACATTATTTTACAAAGGATAATAAAAATGCAAGCTGCTGATAATAGATATGATAATATTATATACAATAGATGCGGTAAAAGCGGATTAAAACTTCCTATCGTTTCTTTAGGACTTTGGCATAATTTCGGTGAAAACTGCGATTATAATAATATGAAAGATATGGTAAAAACTGCTTTTGATAACGGCATTACTCATTTTGATTTAGCTAATAATTACGGACCTCCTTACGGATCTGCTGAAATTAGCATGGGTAAAATATTAAATGACGGACTTAATAAATACAGAGATGAACTCATAATAAGCACTAAAGCAGGTTATGATATGTGGGAAGGTCCTTATGGAAATTGGGGAAGTAAGAAATATTTAATAGCTAGTATAAATCAAAGCTTGAAAAGATTAAATCTTGAATATGTTGATATATTCTATCATCATAGAATGGATCCTGAAAGTCCGCTTGAAGAAACTATGGAAGCATTAACTAGAATAGTTAAAAGCGGTAAAGCTTTATATATAGGACTTTCAAATTATGATGGTGCTACAATGGAAAAGGCTTCTAAATTACTTTATATGGCAAATGTACCATTTATAATCAATCAAAACAGATATTCAATATTTGACAGAACTATAGAAAATAATGGATTAAAATTAAAGGCAAAAAAATTAGGAAAAGGAATCATAGCATATAGTCCATTGGCTCAAGGTTTATTAACAGATAAATATTTAAATGGTATCCCAAGCGACAGCAGAATAGCAGCTGACGGAAGATATTTGAAACATGATGCTATAACTAGAAAAAGATTATACAAAATCGAACAGCTCAATAATTTAGCAAAGGAAAGAGGGGAAAGTTTAGCACAAATGGCTTTGAGATGGGTGTTAAAAGATGAAGAAATTACAAGTGTATTAATAGGTGCTTCAAAGCCAAGCCAAATAATAGAAAATCTAAAAATCATAAATAAAATGCCTATTACTGATGATGAATTAAGAAAAATTGATGATTTTAGCTTATGAAATAAGATTATATAATTCATAGTAAATAGATTTTTATATATATAAAAAAATTAACTATATATATATATGCGTCAAATTTAAATAAAACTTGGGTGGGAGCTAAAAACTCTAATTTAATCATAAAGAAATAAAAAATTAAAATTTCAAAATAAATAAAGAACTTAGAGGGTGGGAAGTGTAATTAAATTGAAAAACTTTAATTACATTATCCCGCCCTTTATATTTTCTGCTTCAATCTGTAATCATAAGTTTTTTATATTAATAATTTAAATTAGAAATTAAGGCCCCCGCCCAAGCGTTATTTATATTTTAAAAATTTATTAACGCACGGTTAGCTAAATTACAATATAGTAAAAACTTGAATTGAAAATAAACTTATATTTTTAACTTTGTTCTGCGTGCGTTAATAAAATAAAACATATAAAAAATCATCGACTATGTGTAATTAGCATATTGTTATAATAAAAAATAATATTTAAACTATTATACCATTTATATTACAAATCATACTATACAATCATTTTTTATTATTACTATTTTTTATTACCTATTTATGGTATTATGGTTTTTTATACAAAATAAAATTTTTATGGGGTAAATATAATGATAAAAAATTTTAATGAGATAACAAAAACTTTAGGTTTTAAAATACTTATAATAGTGATACTAGGGCTTTTGCTTTTGATACCTATGGCTTTTATAAACAGTGTTGTAAGAGATAGAATCAGTTATCAGAGAGAGGCAGTATCTTCTATAATTG
NZ_CP046928.1_gap27	1615947	1620064	4117	AATTCTAATTTGACAGCAAGAAAATAAAAATTTATATAACAAATTAATATTTTAAATATAGAGGGTGGGCTTTGTAATTAAATTTTAAAACTTAAATTACATACCCCGCCCTTTATTCTTCATTACTATAATCTGCAATTTTTAATTTATTTATATTTAAAGCCAATTCAGAAATAAAAGCACCCGCCCAAGTTTTTTTTAAATTTAAAAATTTAATTAACGCATGTATTATATAATGTTGTATTTTTATGATAAGTATAATTTTAATTTTTATTATATTTTTTGTTTTTCTCAGCATGCGATAATAAAAATCATACTTCTCTTTTTATATTAGGTGTGTAAATTATTCTCATGAAATCAGAGTCTTTATTGTCCATATCTCCCAAAAACATTCTTTCATGTTCAGGTACTTTTTCATAAGCCTCTTTTAATAATTCTCGGTTATAATCTGAAGGATATATAAGATAATTATGATAGCATTGTATAGCATAATCAGAAGCAGTTTCTTTTCCAGAAATCTCATTTATATTTTCTTCTATCTCTTTTAATTTTTCTTTTTTATTTGTATACTTTACAGATGCTTTTAATTTAAGCTTGGCAAGATTTTCTATTATAATAGAATCATCTTCTTTGGGATATAAAAGAAGTTCATTTTTATTAAACATCTTTTTTATATCATCAAAATTATATATATTATCATCATTATATATTGATATTGTTTCATCCTCATAAATTATATAGCAAGTTAAAAATATTTCTTTGCTAGATGAATAATTAGGAGATTTTCTAAATATAAAATAACTTTTTCCATCAGCCAAATCATATCCAAATTGAGCTTTCATTTTAAAATTTATAGGATTAGCCATAAATGACACTTTTAATTTTTCACATTTTTCTATTTCTCTTTGAGCAGTTTTATAAATATTTTGCATTTCAGGATTCATTTCTTTTAATATGCTTTTAATGTATTCATAATAATCATCTTTATGAAACCACTCTGATTCTAAAATTTCAAAATCACCTATACCATTAATATCTAATTTTTCATTATCTTCTATAAATGATACAACCCATTTTCTTTCTAACTCTTTTTCAAATTGATAAATATCAAATTTAAACCAAGCACTTACTATACCGTCCTCATAAATTGCTAAATTTGAAAGAAAGTAATTACCATTTTTTATAATACCGAAAAAACTTCTTCCCTCTATCTTTTCATTTCTATATACATTATTTTTATTCATAAAACTATTTCCTTATAATTATTTATATACCTAAATAAAAAAATTGACAAAATTATATTGTTTATATAATATTATTATAACTTTTTATATAAAAAATATCTAAGGAAATATTTATGTCAGATGAATTAAAAACAAAAGCATTGGAATATCATTCTAAAGGCAAAGCTGGAAAAATAGAAGTTATAGCTACCAAACCTTGTAAAACTGCTGATGATTTATCTTTAGCATATACTCCAGGAGTTGCAAAACCTGTACTTGAAATAGCTGAAAATCCTAATGAAGCATACAAATACACTTCAAAAGGAAATTTAGTAGCTGTTATTTCAAATGGAACTGCGATACTTGGTTTAGGAGATAGAGGCGCTTTAGCTTCAAAACCTGTTATGGAAGGAAAGGGAATATTATTTAAACGTTTCGCTGATATTGATGTATTTGATATAGAAATAAATGAAAAAGATCCTGATAAAATTATAGATATAGTACATGCATTAGAGCCTACTTTCGGAGGAATCAACTTAGAAGATATAAAAGCTCCTGAATGTTTTAAAATAGAAAAAACTTTAATAGAAAAATGTAATATACCTGTTTTTCATGACGATCAGCATGGTACAGCTATAATATGTTCTGCTGCTTTAATTAATGCTTTAGAGATTGCAAATATAGATAGAAAAAATGCTAAGATAGTATTTAATGGAGCCGGTTCTGCTGGTATTTCATGTGCTAAAATGTTTGTAGCATTAGGAGTACCTAGAGAGAATATTATCATGTGCGACAGTAAAGGGGTTATCACTAAAGAAAGAATAGAATCCGTTACTGAAGAGAAAAGAGAGTTTGCTACTGATTTAAAAGTAAAAAATTTGGAAGAAGCTATGAAAGGAGCTAATGTATTTGCTGGGCTTTCTGTTGCCGACTGCGTTACTGAAGATATGGTAAAATCTATGGCCAAAAATCCTATAATATTTGCTATGGCCAACCCTAACCCTGAAATACAATACGAAAAGGCTATAGCTATAAGAGATGATTTAATCATGGCTACAGGAAGAAGCGATTATCCTAATCAAATTAATAATGTATTAGGATTCCCTTTTATATTCAGAGGTGCTTTAGATGTGAAGGCAAAAGCTATATCAGAAAAAATGAAAATGGCTGCTTCATTAGCATTGGTTGCTCTTGCTAAAGAAAAAGTTCCTGAAGAAGTTTTCAAAGCCTATGGAAATAAGACTTTTGAGTTTGGTAAAAATTATATAGTACCTAAACCTTTTGACCCTAGAGTTATTGAATGGGTATCTCCTGCCGTTGCTAAGGCTGCTTGTGATGAAGGACTTGCAAAAGAACCTATTACTGATTTTGAAAAATACAAATCTTCACTAAAAGAAAGAATGAAAAAATATTGGGAATAATTTTTTATAATTATATTTATTAATGTAATTCAAATTAAAAAACTTATATTTTAATTTGAATTACTAGAAAATTTATATTATAATTATTAATTATACTGTTAAGGACTTATTATGGATAACAATACTATCAAAGATTTACAATTATGTACATCTGAAGATATGGTTAAAGAATTCTTCATAAAGAATGGTATAGAAGAAAAAGATTATCAAAAAAAAATACAATTATTAACTGAAGCTTGTTGTTCTGATAACATAAAATTTTTTAATAAAGATATATCTGATGAAAAAAAATATAGATCCATATTAAAGATGTTTCTAAATAAAGAATTCAGATTTTACAGAGGTATATAATCAAAAAATGCCTAATATAAATTTATATGATATATTTAAAACTTGTGTAGGTAATATTTTTTATAATAGTAATGAATCAAATCAAAAAAAATTAATAGATTCAATAGATGATAACTTATTTAAATCAATTTTTCATAAATATGTTGAAGCCTCTTATTTATCACATTGGAAAAGTACTATAGAAAATTTAGTACTGCAAAATAGACAAAGACAACTTCAAAATAACTTATTTGATAATACAGATTTTAATAAACTATTTAAAGTAATTTTAGATGAGAACAACATTGATAATCTATTAAATAATATTTCAAGCTTGGACGATAGTTTAAAAGAATCATTTAAAACTATATTTTGTAGAGATTTTAATAAAACATCTTCATATATCAAAAGAATAATATTAAATTCACTTTATAAAATAATAATAATACAAGATGATATAGATATACCTGCTATGTATTCACCTGATAGTAATTTCTTTACAGATATTATTTTCATAAAAAAAGATATGAGTATAGAAGAAAAAAGAATAATAATAGCACATGAACTTGGACACATAATAATAAATAGAATATTAAAGGAAAATAATTCATTTACTATAGATTGGAATATTGTTAATGAGGAAAATTTTTCTAATCTGTTTATGTATTATATTTTATATGATAAAAGCTGCTTCTATAGTAATAAGGATTATTTAAATAATTTTATGAAAAATTCAGCATTAGATTTTAAAGTATCATATGAAAATATATTAAGTAAATATTCGTAAATAATTAATTTTATTATATTATTAAAATAATAAAGTATAAGTGCTTAGGCATGTAATTTAAGTTAAAAATTTAATTACACTTGCCCGCCCTTTAAACTTTTTAATCCTATCTGTAATTTTTGTACTATATTTATTTTTAACATTAAACTGTTATTATAAAACCCACCCTAGATTTATTTAAATTTACTGTTTACTCAACGCACGAATAGAAAAATTTATAATATAGTGTAATTATGAATTATTACTAAAATAATTTATAAATTTTACTTAACGTGCGTTAAATCTAATAATAATATTATTGACATTAAATAAAAATGAAATAATATCTAAATATGAAACTTGTTATTGAATAAAGC
NZ_CP046928.1_gap28	1621802	1625500	3698	TAAATTGTATACAAGTTCTTTATCTTCTTTTGATGTCTGTACTCCGAAACAAATACTTTTTATTGGTAAATTGATAAGTGTTCCATTTGGATTTTCATTCTTTTCATCATAAAAGAGTATTCTGTATTCGTCTTCATATTCCCATTCTTTTGATTTTATAGTAAATAAATCCGTTATATTATCTATTGTTTTATTATCTATTAGAACACTATTTATTGATTTTTTTTGTTTATTTATAAATGTATCATACGATATCATTATTTTGTTATAACTAATTTTCTTAATTAAAATTTTATCATTATTTTCATTTAAAATTTTATTTATATCATACTCTATACAAATACCTTGATGTTTATCAGCATAATGACTCCACATTAAAGTATTATCATTATGTGTGGTTAAACAAGCTATTTTTATTTTCTCTAGTAAATAATCATAAAATTTATTTTGTTCTTCTTTTCTAAAATTTCTTATATAAGGATCAACAGGATCATTAAAGTTTTTGGTATTACTGCACCATAAAGTATTATTTAATATGCTTCTTAAAGTATCTTTATTAACTCTTGTATAATTATATAAGCTATTATTTCTTATTTCATAATAAAATTGTTGATTATAAAAATCATCTTTAATTGCTTTATTTATAATATTTTTATTATTATCTATAATTTCATTTTCATTAACATATATTTTATTTTTTAATGATAATACATTTTCTGTTATTGATGATGAAATATTAAATAAATCATAAGAATAAAAAATAGTTTCTTTATAAAATTCTTCATATAAATTTAATATCATATTTTTATATAAATTATATATTTCATTTTCTTTATTATTTAATTTTAGTAAACTTTCTATTTTTTTATCTTGTATACTTAATTTATTTTGATAAGATTTACAATATTTTTCTGATAAATTATAATTTTTAATAGCATCATTATAATTCTCTAATTTATGATAAGATAATCCAATATAATAATAAGCAGAATCATTTTCTTTATTTAACCCAATTACTTTTTGAAAAATATTTAAACATTTTTCATAGTTTTTTAATGTATAGTATAATCCTGCGATTTTTGAATATATAGATTCATCATTTGCTTTTAATTCTAAAACTTTATCAAAATCTTTTTCTATTATGTTATAATATTCACTATGATTTTTATCTTTTCTAAGATATAAATTAATATAACTTATTGCTCTATTCAAATATCCTATTTCTGAGTCAGAATTTTCTTTTATAAATTTATTTATGTTATTTATGGCTTCTTCATAATTGCATAAATTAAAATAAGATGACGAAATATATAAAAAAATATCTTTATCATAAAAATTTAATTCTATAGATTTTTTTAAATCATTAATACAATTATCAAATTCTTCTAATTTTTTATAAAGTAATCCTCTATAAAAATATGCTTCCCCATTATTATTATCTGCACTAATAGCAATATCAAAATCTTTTATAGAAAAAAATATATATGCATAATTGTTTTCAAATAAAGCTAAACGAAAATATGATACACCCCTAGTGAAATAAACATCTTCATTATTAAAGCCTAATTCTATAGATTTATTTAAATCTTTAATAGCTAATTCAAAGTCTTTATTTTTAATTTCTTTACTTTTTATTCCAAAATTATAATAGCATAATCCTCTATTATAATAATATTCTCCACATTCTGGATTATTTTTTATTGCAGTATTACAATTTTCTATAGCTTTATTAAAATAATACTCTAAATTATTATCTAATTCTATTAATAAAGTTGAATATATCAATGCTTTTATATGATGAGCTTTTATATTATCATCATAATGATTATTATTAAAATTTGTAAATTTATCTAAGTTTTCTATAGCATTATTAAAATAATCAATTTTTTTATTAACTTCATTTTGTCCTAAATAAAAATAAGACAAACCTTCTAATAAATAAATATCATCATTATAAAATCCTAATTCTTTTGATTTATCAAAATCTTCTATTGATGATTTTAAATAGTTTATATCATTATTGTTTTCTATAGCAATATTATAACAGCAAACTCCTCTACTACAATAATATTCTCCGCATTTTGAGTCATATTTAATAGCTATATTTAAATCATCTAATGCTTTATCATATTCATGTAGATTAATATAAGATGAACCTCTTATACTATAACTTTCAGAATATCGCTTATTTAATTCTATTCTTTTATTTTCAGTTTTTATATTTTTTTCAAATTCTTTTAAAAAATTTATAGCATTACTAAAATTTTCTATTGCTTTATTAAGATACTCCGCATTATTGTTTTTATTTAAAGCTAAATAAAAATAACATAATCCTCTGTTATAATCTGTGTCTTTATTATTGGGATCAATTTTTAAAACTATATTGTAATTACTAATTGCTTCTAAATATTTATTACTATCTTTATTATATAAAGCCAATTGATAAAGTGATCTAGCTTTATGGAAATATAATTTAGAATTTTTATTATCAATTTTTAAACCATCATCACATAAATTTATTATTTTATTATCATGTTTTCCATCATCATATTTTTCTATTTCTTTGAAAATTTTTTTTAATTTATTTTCTTTATCATTCATAATTATTTCCTAAACACTAATGAATACATTTTATATCATATAAATAAAAATGAAACATTTTATAGTTGCTATATTATTAAAATGCACTTTCGCGGAGTGTATCCGAGCCTGTCTATGATATAAGGTTCTTTGACGAAGTCGCGTGGAAAAGTTGATAAAAAATTATTGTTTCAATATATACCTAAACAAATATTTTGTCAAAAATAAAATTATATTTTATTTTTAATATATGTGGCTTTGCCCCATACCCCACTTCTTTTGGTGACCCAAAGAAGCAAAAAGACTGCATTTTTTTATCTAAAATATTTGTATTACTTCTTTCATACATTATATATTTTTTAGATATAAAGCCAAAAAACTTGCACTTTTTGGTTCTTTTTGCTGCGGGAAAAAGAACAACATAAAAATTGACAAACTTAAAAATTTTCAGTATATATTATTATAAAAAACAAAAAATAAGGGACTAATAAATATTTATTAGTCCCTATATTATCAATATTATATTAAAAACTATTTATCATATAAATTAATTAGGCTTTTCTATTTTATCAAATCCTGTAAATGGTCTTAAAGCATCTGGTATTATTACGCTTCCGTCTGCCTGCTGATAATTTTCAAGTATGGCAATCCAAGTTCTTCCAACAGCAATGCCTGAGCCGTTTAATGTATGTACTAATTCTGTTTTACCATTTCTTCTAGTTCTCATCTGCATTCTTCTTGCCTGATAATCCCAACAGTTACTTACGCTTGATATCTCTCTGTACATGTTTTGTGATGGAAGCCAAACTTCTATATCAAAAGTTTTGTAAGCAGCATTTCCTATATCTCCAGAAGAAAGAACTACTACTCTGTATGGAAGTTCTAATGCCTGTAAAATACTTTCTGCATCTTTAAGCATTTTTTCATGCTCTTCTTTAGATTTGTCAGCAGCACAAATTTTTACTAGCTCAACTTTATCGAATTGATGCTGTCTTATTAATCCTCTCATATCACGTCCGTAAGAACCAGCTTCAGAACGGAAACAAGGAGTATAAGCAGTACAATATAAAGGAAGCATGTTTTCTGGTATGATTTCTTCTCTGTATATATTTGTAAGA
NZ_CP046928.1_gap29	1633832	1637573	3741	TCAAATGAAAGCAAATTATATGATTTCAAACATATAAAAATAAATAACATATATATCTATTTTTTATATAAATTAAAACAGATTTACTTTATTAAAGTAAAATGAATTATATATGCTTTATAATCCATTCATAGCGTTTTTTTAGTTCTCTTTCTTCGCCTATATCAACAGGTTCATAATACTCTTTTTTTACTCCATGCTCTAAATAGTCCTGCTTTACTATATGATAAGGGTAATCATGAGGATATTTATATTCTTCATCGCTTTTTTTATCGAATGTTGCAGAATGATTATCTCTCAAATAGTTTGGGATGGAATATAACTCTCCGTTTCTTATATCTCTTATAGCTTTATTAATGGCATTATAAGCGGAATTTGATTTAGGACATAATGCTAAATAAATAGTAACTTCAGCTAATGGTATTCTTCCTTCAGGCATACCTATAAAATCAATAATGCTCACAAGAGAAGAAGCAATATTCATAGCATTAGGCTCGGCAAGTCCTATATCTTCAGAAGCTAATATGCATAAACGTCTAGCTATATACCTTGGATCCTCTCCGGACTCAAGCATTCTAGCTAAATAGTAAATTGCCGCATTAGGATCGCTTCCTCTTACACTCTTTATAAATGCACTTATAGTGTTGTAATGTTCATCTTCATCAAAACTTATAGACTGCTTACTTGTAACATCTCTTACTATTTCTTCTGTGATAGTAAGTTTTTCTTTAGATTCATCAATCTGAGTAGCTAAATATGATGCTTCAAGATATGTAAAAGCCTTTCTAACATCTCCATGAGAATAACGTACTATTAAATTAACCGCCTCATCTTCTACATCTACATCATATTCACCAAGTCCTCTTTTATCTTCAATTGCTTTTAATACGGCCTCTTTTATATCATTATCATCGAGATTTCTAAACTCAAAAAGCATAATGCGTGAAAGAAGAGCATTATTAAGATAAAAGTAAGGATTTAATGTTGTGCTTCCTATAAGTATAATGGATCCGTTTTCAACAGCAGGAAGTAAAGCATCTTGCTGACTCTTATTGAATCTATGTATCTCATCTATAAATAGTATAGTTTTTTTTCTGTTTTCTAAATTCTTTTCTGCTTTTTTTATAGCTTCTCTTATTTCAGAAACATTTGAAAGTACAGCATTGAGTTTTATATATTCGCTTTTAGTTTTTTTAGCTATAATAGATGCAATGGTTGATTTTCCTACACCCGGAGGCCCAAAGAAAACCATAGATGTGATCTTATCATTATCTATCATTTTTCTTAGGGTTTTATTTTTGTCTAATATATGATGCTGACCGAAAACTTCTTCTATAGTGAGCGGACGCATTCTTTCAGCCATAGGCTTGAAATTATTAATGTCCTCTTCAAAATCAAACATTGAGTTTTTCAATATGTTCCTCTACAAGCGGTATATAATTCATAATATTTTCTATTCTTTCTTTGATTTCGTATTCAAGCAAATCAGCTATTGATATATAATCCTCATTTGCAAAAGCATCTAAAACATTATTCATCATTTCATTAAAATCATTTATAGCATCTGTAAGAGTAACAGCATTCAAAGAAATCTGAGAATAATCTATTGAATATATAGAAGCTACATTTGAAAGTATGCTGAATGCATAGCTTACTATACGGGAGAATTTCTCCGCATACATAAAAGCCTCTTTATCATTTCCGGATTGAAGTTTATTTACTATAGAATCAAGTATATCTAATATTAAAGGTAAGAATTTAGGCAAACTTCCTACTTTATATAAAGCATTACTGCTAGTTATATTTCCGGCAAATAAGAATATTGTATTTATTTTGGCTTCTTCTATAACAAGATACATAGTAGGAAGCATTTTTTCACTTAAAAAAGGTTTTAATTCATTATTAAAAAATTCATTAAATTTATCTATATTATCTGATGCATTATTAAATTTTTCTAATTTTACTTCGAGCATTTTTAATAAATGAATAATTCCATAAGATTCTAAACTCATATTAAATAGGAATATAGTTCTAGGTATAGAATCTAATACCCAATACATTCCATCTTTTAAATCTTCTATATCTTTACTATTTACTGAAACAGTATTTGATACTTTTTCTATATATTCAACTATAGACATAATAGAATATAGAGAATATTCAGCCTGACTTAATGCTTCAACTTCTATTTTCTGTATATTTTCTACAGGGATGGTTTCATATTCTTCATCTATATACGGCTGCAATTCTGTATTATCTATAATAACTTTATTTATTAAAAAGTCATTAGAATTGCACCATTCTTCTATAGGTTTTAATACTTCATATGCATTAGTTTCATTTTCAAGCATTACGGATAATTCTTTGCCGTTAATAAAAATATTCATAATTTTTGCACCATAACTTATATTTAAATCTATATCGTCTATAATATTCGGATTTTATCGGCTATTAATGATTACTTTTTAGTTATTAATTAAATTAAAAAATATCTAAATTTTTTTTAGAAAATTAATAAAAATATAAAAAAAATATTGACGATATAAAAATAATTATTATATTCAAAGCGTTGATAATTTTCATAAAGTATATGGAGTACAAGGATGAGTAAATTTAATAGTTTGGCGGTAAAGGTACCTGTAATTCTTTGTATTGTTACAACGATATTGATAACAATAATGCTTATCATTTCACTTACAATAGCAGGAAACGGAATATCAAAAAGCAGATTCGAAGGGTTTGAAACTACAGTAATGGGATATTCATCAGTATTTGATGCTTGGTTTAGAACACAATCTTATATACTTGAAACTTATGCTTCTATGCCTATCATAAGCGAATATCTAATTTCTTTGGATGAAGATGTAAAAGGAAAAGTAACTTCAAATCTAAAAACATTCAGAGAAAAGAATGCTTGTGCTATACATATAGGAATAGTTGATAAAAATGGTATCATAATAGCAGACAGCGATTATCCTAAATGGATTGGAACAAAATTTACAGACAGCAATATCAATGTTTGGAATAAACTTCACAATAGAGAATATGGTTACGGCAGCGTAAGTTATGGAAACGGTATTGCTCCTTCAGTGGTTAATGGAGAATTATCATTTATTTTTGCTGCTCCTGTAAAACATGAAAATAGAGAAATAGGCTATTTATATACTGTTTTTAACTGGAGAGAGTTTTATAAAAATTATATAGAAGGAATAAAATTGGGTAAAACAGGAGGACTAGATGTAATAGGTCCTAATATGAAAGTCCTTATGAATACTGATTATAATAAAGTTAATACGGACGCTCCTCAGGTTTATAAAGAAGTATTTAATAAAAATTTATCAAAAGGTGTTGTTGAATATACTGCTAATAATCATAAAATGATGGGGTCATATACTAAAATGAAATATGTGCCTTGGATTACTTCTATGACTATGACTTCAGAAGAAATATTTGCTGAAAATAGAAAAGCTATATTAAGCGGTATAATATTAGGTATAATCACAATAGCAGCTATAGCAATATTTATTAATATATTTATAAGATCTATAACAAAGCCTTTATCTTTAGTAGTAGATGAAGCTAAAAAGATAGAAAGAGGCGATTTAACAGAATTTACAGGAAAAATAAAACCTAGAAAAGATGAGATAGGAATACTTGCAGAAAGCTTTGCTAATATGAGACATAAATTAGTTGAAACTATTAAAGAAGTTAATGAAGCATCTATATGTATAATGAATGCTT
NZ_CP046928.1_gap30	1645108	1649375	4267	ATAAATAGTTTAGATGATCTTCCAAAATTAAGAGAGCTTAAAGATTTGGAATTCAATAAAGATGAATAATCAATAAAATAGAAAATAATTGAGAATAAAATATCAATAAATGATTAGGCTTTGCTTTATAAGAGTGAAGCCTTTATTTGTGTATTTTTTAATAAAATTTATTCAACGCACGGTGAGCTGATTTTTATTTATTATTAACATTATAATTCAAATATATCTAATATTTACAAAATATTATTCTACGTGCGGTGAGTACGCTATAAATTTAAAAAAATCCTGGGTGGGCAGCTATAAATTCTAATTAAGCAAAAAGAAAATATAAAGTAAAAATTACAAATTAAAGTTATAAGCCTATAGGGCGGGCAAATGTAATTAAAAATTTAAATACACTGTCAATTAAAAAATTTTATATACTAATCATTATTTCTGCCAAAAGATACACCTATATAAAACATAAATGATAAAGAAGATAATTGATAATTCTTTATTAAAGTTTTATCAATTATTTTTATATTATCAGTATTATAGGACATTGAAAAATCATAAAGTATATAAGCTCCGTATAAAAAAGCTAATTTTTCGGTGATATAAGAAAGTCCATCAAAGTTTATTTTTATATAAGGAGATACAGGAACTTTATATATTGTTTTTATAGTATCAAAATTCCAACTTTTTTTATCCTGATGCATTAAAGAGCCTTCAAAAAACCCTTCTTTTTTATCTTTATCAATTTGAGCATATAAAGGTATTTTTATTCCAGCACCTATTCCTAATGAAAAATTATTAAAATTTATTTTAGGATTAAAGCCAATTAAAATATTATGAAATGTCAAAGTTTCTGTAACTTTAAAATAATTATATGAATCAGCATAAGGATATTCATAAGTTATAGTATTAGCATTTAAATAATATCCCAATTCAAAAAGAAAACTTATAGAGCTTATGGATATATTTTTATTCAATGCCAAATTATAACCAAGCTGAGTAATTACTCCAAACTCTCCTCCCAAATTTCCTTTTATACTTTCATAGGTATGATTAGGACGATTTAATGTTATAGACGCAAAACTCCCATTGATACCAAATGGAATAAATGCATTTACTTCAAATTGAGCAAATAAAGTAATATTTATAATTAAAAAAATGATTATTGCTTTCATATTGTTGCTAATAAAAATTGTTCGCTTATAATCCTCTGCCATTCTTGCGAATGCCAGAGGCTCACAATTTTTATGGTTATTGCTAATAAAAATTGTTCACTTATAACCATATGACATTCGAGGCTTACAATTTTTATTTAATCCTCCTTAATTATTTAATTAAAAAAAATTATCCTGCATTTTATAAAAATTAATAAGCTGGTATTATAGCATTTGCCTGAAGCGAAGAATATATAAGTATTGTAAGGATAACAATTTTATAATTATAATTTTCTTTATCTGATAAATAGCTGTAAGTTTTAATGCTGTTCATTAAGCTGTCTAAATCTGTCCCCAAATCTATTATTACAGTATTACTTCCATTAACTTGTTTGTCAAAAGTTAATGTTAATTGACTGCCATTTATACTTACATTAGTAATTCTAAAATTACCTGTTAACCAAATATCTCTATAAGAAGCATAAAGTATATAGTCTATATTTTTATAATCATTTCTGTTAAAATTTATAGTAAATAGATCATTTTTTATATATAAATCGTATGATGTACTACTACCCAATTCTAAACACCATATATTTGTAAAATCATCGGCAAAATCTTTTAATTTAAATTGCATTGTAGAAGTTACATTTTGGGAAATATATCCATTTTCTACATACTGAATTTCAACATCTCTTTCATTAGGGTCTAGTATTTTTACATTACTGCAAGAAATCATAAATAGCATTAAAAAAACTATTAATAATATATTTTTAATCATAAAAAACCTTAAAATATATATTTTTTATATTATAAAATAATAAAATACTGACATTATGTAATTTATATACTATTTCAGCAAATAATGCAAAATAAATGAATATAATAAAAAAGATATTATTAATAATAATTTTTTGCTAGTATAAATAGTATTATAAACCAAACTTACTATAAAAGTTTTTTAATTATTAGTTTAATTATATAAAAATAACTTATTAAAATATACCTTTACAATATACTATTTTTAATATATCATCTTTAGTAATTATAAAACAATCAATAAAATAGAGAGAAATCCTAATGAATAATAATAAATACGATGTTATAGTAGTAGGGGCAGGACATGCAGGAATAGAGGCAGCACTTTCATCTGCAAGACTAGGAATGAAAACTCTAATTATATCTATTAATTTGGATACTATAGGACAAATGTCATGCAACCCTTCTATAGGAGGAGTAGCCAAAGGGACAATAGTTAAAGAGATTGATGCACTCGGCGGCGAGATGGGAATATTAATAGATAAAACTATGATGCAGTTTAGAATGCTTAACAGAAGTAAAGGTAAAGCTGTATGGGCACCAAGAGCTCAAGCAGATAAATATGCATATAAAGAAGAAGCAGCTAAAACATTATATGCACAAAATAATCTCACACTTCATCAAGATATAGTAACAGAAATAATTGTAGAAAATAATGTACTTAAAGGTATTAGAACAGAAAGAGGCAGAGAATACGAATGCCAAGCGGTTATACTCACTACAGGAACATTTTTAAACGGACTCATTCATATAGGTAAGTATCAAAAACAGGCTGGAAGAATCGGAGAACTCCCTGCAATAGGACTATCTGATAGTTTAAGAAGTTTAGGACTTGAGGTTGGAAGATTAAAAACAGGAACACCTGCCAGAGTTGATTATTATTCTATTAACTTTGATATATTAGAAATGCAAAAAGGCGATGATGAAATAACACCATTCTCTTTTTTAGATGAAAAAATCGATATAGTTCAGGAGCCTTGCTATATAACTTATACAGACGCTAATATTCATAAAATCATTCAGGATAATATACATTTGTCTCCAATGTACAGCGGAGTGATAACAGGTATAGGTCCAAGATACTGCCCAAGCATAGAAGATAAAGTTGTAAGATTTGCTGATAAACCAAGACATCAATTACATTTAGAGAGAGAAAGCTACAGAACAAATGAAGTTTATATAAATGGATTTTCTTCAAGTTTGCCGGAAGAAGTTCAAATAAAGATGATAAGATCATTAAAAGGACTTGAAGAAGTAAGAATATTAAAACCAGCCTATGCGGTAGAATATGATTATGTGAACCCTATAGAATTAAAGCCTACACTTGAAACTAAAAAAATTGAAGGCTTATTTCTAGCAGGACAAATTAACGGAACAAGCGGATACGAAGAAGCAGCATGTCAGGGACTTATGGCAGGAATAAATGCAAGCTTAAAAATAAAAAAAGAAGCTCCATTCATATTAAAAAGAAGCGATGGATATATAGGCGTTTTAATTGATGATTTAACTACTAAAGGAACTAAAGAGCCGCATAGAATGTTTACTTCACAGGCAGAACATAGAATGCTTTTAAGACAAGATAATGCAGACGAAAGATTAACAGAACTTTCTTATAATATAGGGCTTGCAAGAAAAGAAAGACTTGAAAAGGTAAGAGATAAAAAACAAAAAACTCAAATACTTGTGGAATATTTAAATAAACGCACACTCACTCAAAAAGAAACTGAAGATTTAGGATTCACAAAAGAGGCTAAAGAGTACCGTACTATGAGTTTGGCTTCTATAATAAAGCGTCCTGAATGCGGTATCGACATGTTAAAACATTTAATAGACGGCGATTATAATAAAAATGTATTAGAGAATGCAGAAATAGCTATTAAATATGAAGGGTATATTGCAAGATATTTAAACGAAATAAGAGATATAGAAAAATACGAAAATATGCTTATACCTGAAGATTTTGACTACTCTACTTTAAAAAGCGTTAAGATTGATGCTATTAATAAATTAAAACAGTACAAGCCTTATAATATATCTCAGGCTTTAAGAATACCTGAAGTGGATAAATCGGTTGTGCATATTCTAATACTTGCACTTACTAATAAAAAGAAATAAAAATTAGAAAATTATTTTTATTAGCTGTAATAAATAAGCAAGTCAATTTTATAGATTTAATAATATTATTAAAATTTATAAAAATAAGGCTATTATGAAAAATATAATAGCCTGACTTTTTTATGGTTTAAAAAAATAATATAATAATTAAAATTTTATTAATTAACATAATATTTTTAATTGAC
NZ_CP046928.1_gap31	1652006	1653345	1339	GCCATACGAAATTTATAGAATTAGGAAGTATTCTGAAACTTGAGCTTTCTAATGTTATAGAATCAAATTCATAATAATCTTCTTTGGCAGAACCTGTTTTTAATATTTTATCTCTCATCAATGATATTAAATTGACATTATTAAAATCTGATATTACATCTCTTATAGTGATAAGATTAGAACTCTCTAGTGAAAATACTTCCTGAATATTAGCTTTCGCTGCATGATCCCCACCTGTATATAAAGATGAATAATTATCTAGTGCTATTACCCTATTATCTATATATCCCACATTAACAGTATTATCTATTTCATAAGTGGTATTGCTTGCCCCAACATATAAAAGTCCCTTCCATTCATTATAATAATTATCACATTCTTCCTCTACATAATTAATAGATGATTCCATATCCAAAGAGTTTATATCACTGCTTTTACTAAATAGAAGTATAGTTCTATGATATGAGAATATAGAATTACTTATGCTGTCATTTTTATAATAATCAACTATATCAGCATAATATACAGGAAGATTTCTATTTAAAGAAAATTCCATATCTTTTATTTCGTTCAATTCTTCATATCTTATTTCAGCACTTAATACTATATCATCGCTTAAATTGCCAACTATAGAAGCATGCATATTATTATTTTCATCAACTTCCTGTAAATTCAATTTCTTATTATTAATACTGCCTGTAATTACAGATTTTTTATTTTCAGTATAATAATATCCGCTTACTTTTTTGTTTTTTTCATTTACGTATAAATACATATCTGCTTTTTCTCCGGATATATTTCCTTCAAGCAAATAGAATTTGGATTCTTGTATTTCTGAAGTATTTTTATTTTTGACAGATGAGCTATTTTGATTTTTATTGCATGAAAAAACTAACATAACGATAATCAAGCTATAGAAAAACTTTTGAAACATATATATATACACCCTTAATTTTTACTCTATAGTTAATATATAAATTTATATAAAATAAATCAACACAAATCATCAAAATTATTGTAAATAATTGACTTTTTATAAAATTAATAATATCATTGATTAACTATAAATTTCTTTAAAAAAGAGGCTTAAAAAATGGAAAAAGTGCAAATAGAAAATGTTGAACTTACATTATCACATCCGGATAATTTAAATATAAAATGGACAGGACAGAATGACTTAGTAAGACAGATAATGGCTTCTTGGCATTTAATTTCAGAAGATGATATACCTCTAAACCCTAGAATCGTAGGAAAACCAGGTGCCGGAAAAACTACTCTTTCATATTATGTAGGAAAAGAGCTTCTTAATAGAGATGTTTATATTTTTCAATGCACTGTA
NZ_CP046928.1_gap32	1657940	1659021	1081	ACAGAGCATTCACCGCACGCAGAATAAAATTAAAAATCTAAATTTATTTATAATTCTAGTTTTATTATATTGTTAATTTCGTTTACCGTGCGTAGAGTTTAACTATTATAAAAATGAATTGTTATAAAATTAGTCAGCTTTATTTAAAAAGAGGTAGAATTATGCTTGAACATAAATGCGATAAATGCGGAACAGAATTGGGTTATAAAGGTTTATGCTTTAAATGTAAGGCAGAAGAAGAAAGAAATAAAACTCTTGCTTTAACTGATGATGAAATAAAAGATATAGTAAGTAAATATGTAAAAAATCTAAAAGAAAAAGATATTGATAAAGAGTTAATAGACGGCATTTATATTTATGATTTAATTGCATATAGAAATATAGATTTAAAAGATATTGCAAAAAAAGCATTAGAGAAAAAAATTTATTACCCTGAAGTATTTTATTATAAGGCAAGCGAAGAAATAAGAGATGAACTTATAAAAAGAATAAGAGCAACTAAAGATTATTCTGAAGGAGCTAATTTATTATCATGTTTAGCTATGCAGGGAGATGATGCTGCACTTGACTGTTTATATGATTTTGAAATGAATCCAAGAGAATGGAGAAATAAACTTTATGTTGATCCTTCAGTTTATGCTGAATGTGCAGGCTGGACTTTTGATAAAGATAAAAAGAGACAAATACTTAATTTCGATAAATGCTATTATTTAGATAAAGCTCAAAGCAAAGAAGAAAAAGAACAGAGCCCTATTATAATAGCTTCATTAAGGAATGACAATTGTCCTGAATGCGGATGCAGAAATATGGATATGGCTATTATTGACGGCAGAGATGAAAGATTAAAATTTATAGGTGTTAATGGAATAATAAAGGCTTCATGCTGTCCTAACTGTGTAATTTACAATACAACTTATTCAAAATATGATTTAAAAGGAGGAAGCAAAATACTTCCTTTCGATAAAGAGTCTGAAAACTATTATCCTCCTGAAGAAAATTATATAGAGGAAGAAGAATTAAATTCAATGCATAATAATAATTATATACTTTCAAAAAATGAAGTTCCTTTGTTTTACGGGGC
NZ_CP046928.1_gap33	1676586	1680138	3552	TTATTTTTCCATTAACATCAGCAAGTCCCATATTAAGAGCATATCTATTTACATCATTAAAATCTTTTAATCTATTTATACTTTGCTGTTTGATATTTGCATCATTAGTATAAAGAGTGTTGAATACTGTTGATGATTTAGAATAAGTATCAATAGCGAGCAGCTGTTCATGAAGCACCATATCTACCATAGAAGCATATCCTGAAACTGTAGATTTAAATCCATTCAATGTTGCTCTTTTTACCGCCCTTGTAGATGATAATACAGAAAGTGTACCCAATATAAGAATTGTAATAAAAATGATAATACTTATAATGAAAGGAACTTTAAAAGATAAACTCTTCATTTTTCTCATACATATAAACCCTAATGAAATTTTGTTATTATTTAATAATAATTGTTTTAATATATATTTTATTCGAATAATTTAAATATAAAAATAAAAAAAAATTGTAATTTTTTTATAAAAAATTATATTTTATGCTATTTATTCAATATGAAAAATGAAAATATAAAATAAAAGGGCTATTCCGGTTAGGAAATAACCCTTAAAAATATGTATTGAAATTATCAAACTTTAAAGAAACTCATAGCATTAACTAATTCTTCCGCCTGATTAAGTAAAGAAGTAGATGAAGCTGAAGCCTGTTCTACTAAAGCAGCATTCTGCTGAGTTACTGTATCCATATCTGTAACAGCCCTATTAACTTGCTCTACACCCTCATGCTGTTCTACTGCTGTTGAGCTTATATCCTGCATTATTTTTGCTGTATTTTCTATTTTTCCCTGAAGCTCGCTGAATATATCCTGAGAAACTCTAGCAGATTCTGTAGCTTTATTTATCTTTTCATAGGCATTATCTACCAAATGAGTAATATCTTTCACTGATGACTGAGTAGTTTGAGCCAAATTTCTAACTTCACTAGCTACAACCGCAAAACCTTTACCCATATCCCCTGCTCTTGCTGCCTCTACTGCCGCATTCAAAGCAAGTATATTAGTTTGGAAAGCAATATCTTCTATTATTTTAGTAATATCTTTAATTTTAGTGCTGGCATCATAAACTTCTTCTATATTTTTAGTAGTATCAAGTATTATTTCACCGGCATTTTGAATAGCTTCTCTTGAATCTATCATCATTTTATTACCTTCTATTGACTGATCTGCAGATGATTTTATTGTAGAAGCCATTTGTTCCATTGATGAAGCAGTCTCTTCCAAACTTGCAGCCTGCGCCTCTGTACGTTTTGATAAATCAACACTTCCTGAAGAAAGCTCCTTAGCATTTATTCTTATTTCATCCGCTGAAGTTCTTACTTTAATAATAATATCTGAAAGTCTATCTCTCATATCGAAGAACGAGTTAGCTAATACGCCTAATTCATCTTTACGTTTTATATTTCTATGAGTAGATGTTAAATCTCCATTAGAAATTTCTCTTGATATAAGAACTAATTCATCTAAAGGTTTGGTAATACTCTTAATATACATGAATATTAATATAGTACATAATATTATAAAGAGAGGTCCGATTATCACAGTACGAAGAATAGTATATTTTATTTCTTTATATATTTCACTGTCTGATTTTGCAAATATAACAGCCCAAGGCATTAAAGAAACATTTTTATAAGCTGCAGAATGTTTGCCTTCATGACCTTCATAATCATAAGATTCTATTATTCCTTCATTTGATGTTTTTATTATACTGTAAACATCAGGTAAATTCCCACCTATACGCTTACTATCTGATGATAATATAATGTTTCCATCTCTATTAGCAACTGTTATGCGTCCGTTAATATTTAAATTTCCTATAAAGTCTTTATTTACTTTTCCTAAATCCAAGTTGATATAAACTAAACCTACAAAATCTCCTTGAGAATTTTTCACTCCTCCGCAAAGTAATAAAGCCTGTCCGCCTGTTGTAGATGATATGCTTGTATAATTATCAAAAGAAAATTTATAATTATTAGCCTTCATAAACGAAAATAAATGTTTATGAATTTCTGCTATAGATGCTCCTACAAGTTTAGGATTAGAACTATCAAGCAAAACTTTTCCATTCATATCTGCTAATCCTATATTTATGGCATAAGTATTTACTGAAGCAAAATCTTTTAATCTCTTTAAAGCTTCATTTTTTAATACAGGATCATCTATACCTGTTATACCGTTAGCTAATGTACCTGATTGGGCATAAGTTGCTATCGCTAATTTCTGCTCATGAAGCACCATATCTATCATATGTGAATAACCTGAAACTGTAGCAGAAAAACCTTCTAATGCTGCTTTTCTTATAGCTCTTGATGAAGACCAAATTGAAATAGAAGCCAATGTAACTATTGTAATAAAAATGATGGAACTTATTATAATTGGTACTTTAAATGATAAACTATGTATTTTTTTCATTCTTTAAAAAACCTCTATGATTAAAATTATTTAATTGCATTTAATTTAAGAAATATGTTTATTAAGAAATATTGCCAGTATTAATCTAACAATAAAAATGACGTTGTCAAATTTTTTTTGATTTTTTTTTAAAAAAAAGAAAATTTCTTTGATTTTTTTTAAGATTTAACTGATAAATGTATAATAACCAATACATATTATACATTTATATAAATATAAAAATATTATATTTAATAATTTTTTAATTATTCTATTGTCATATAATCAAATATTATATATAATAATACTACTAACAAAATTGCATTAAGTATAAAAATAAGGATTTTTTATGAAAAGTTTTCTAAGTGATAAAGCTAAATCTATAGAACCATATACTCCTGGTGAACAGCCTAAAGATAAAAATTACATAAAATTAAATACAAATGAATCTCCATATCCTCCATCTCCTTATGTGAAAAAAGCTTTAATTGAAAGCAATTTCGATGATTTAAGATTATATCCTGATCCTAATGTATCAGATTTAAAAAAAGAAATTGCTGAATTATACAATATAAATACAAATAATATTTTTATAGGAAACGGATCAGATGAAATATTAGCCTTTTGTTTTATGGCTTTCTTTAATAGAGGTGATAAAATTTATTATCCTAATATTACATACAGTTTTTATTCTGTATATTCTTCTCTTTTTGATCTAAATGAGGTAAAAATACCATTAAAAGATGATTTTACAATAGATATTAATGATTATAAAAATTTAGATTCAGGAATATTTATAGCCAATCCTAATGCTCCTACAGGACTATTACTCACTTTAGATCAGCTGGAAGAAATTATAATAAACAACAAGGATAATATAGTTATAATAGATGAAGCATATATAGATTTTGCTGCAATAGAAAGTGCTTATAAACTTACAAAAAAATATGATAATCTTCTTGTTGTACAAACCTTTTCAAAATCAAGATCATTAGCAGGAATTCGTTTGGGTTTTGCTATAGGAAATGAAAATTTGATTCAGGGGCTTAAAAATATTAAATATTCTTTTAATTCATATACTATTAACAGACTTTCCATAATAGCAGGAATTGAAGCTATAAAAGATAATCAGTATTTCAAAGATACTGTTAATAAAGTGAT
NZ_CP046928.1_gap34	1703937	1706779	2842	CCGGAGGAATTACTTATGTCAATTTAAATTCAATGTCATATAAGCTATATAAAAAATTAAAAGAAAGCAAAGCATCTATAGGACAACAATAAAAACTATCTAATATAATAAAAAATATTTTGATAAAGAATTTGATTTAAGTTATTCAAAATTATTTTCTGAGATATTGTATAAAGCTAATTATAATGCAGTAGTTACAATTTAAGTAATAGATAATAAAATTTTTCTATATCAATATTATTTACTGCTTATATTGTAATACTGCAATTCCAGGTAATTCTATTCCTTCTATTATACAATCAAAATAGTTCGATAAAAAACCTCTGACAGCTAAAGCTATCAGAGGCTCACTATTTTGATTTATTATAATATAACTATAAATTATTACTTATCTTGTAATACTGCGATTCCAGGTAATTCTATTCCTTCAAGGAACTCTAAAGAAGCTCCGCCGCCTGTAGATACATGAGTCATCTTATCAGCAACGCCAGATTTATTAACAGCAGATACACTGTCTCCTCCTCCGATGATGCTTACAGCACCAGAATTAGCTATGAATTTAGCTACTTCAAAAGTACCTTTAGCAAAGTTAGCCATTTCAAATACACCTAATGGTCCATTCCAAACAACAGTTTTTGCTTTTTTAAGTATATCTTCAAGTTCTTTCAAAGTTTTAGGTCCAACGTCCATACCCATCCAGCCAGCAGGTATAGCATTAGAATCTACTGTTTTAATATTAGCATCATTGTCAAATTTATCAGCTATAACATTATCAACAGGTAAATATAAAGTTTTATTTAATTCTTTAGCCTTATCCATAATTTCTTTAGCTGTAGCAATATAATCATCTTCGCATAAAGAAGTACCTATTTCTAATCCTTTAGCTTTGAAGAAAGTATAAGCCATACCTCCTACAACGATTAAAGTATCTACTTTGTTAAGTAAGTTTTTAAGTACAGAAATTTTTGAAGAAACTTTAGCTCCTCCGATTATAGCTACAAAAGGACGCTCAGGATTAGCAACAGCATCACCTAAATATTGTATTTCTTTTTCCATTAAGAATCCAGCTACAGCAGGCATACCAGCTTTAGCAGATACTATACCAGCAGTAGAAGCATGTGCTCTGTGAGCAGTACCGAAAGCATCATTAACATAAACATCAGCTAAATCAGCTAATTGTTTAGAGAATGCAGCATCATTTTTCTCTTCTTCAGCATGATATCTTAAATTTTCAAGAAGTAATACATCACCTGCTTTTAATTCAGCAGCTTGTTTTTTTACCTCTTCACCTATACAATCATTAGCAAAAGAAACTTTATTGTTAGGAAGTTTAGTTTTTAAATAATCAAATACAGGTTTTAAAGAGTATTTAGGATTTGCTTCGCCTTTTGGTCTTCCTAAATGGCTCATAAGTATTAAACAAGCACCTTGAGAAAGTATATATTCAATAGTAGGCATAGCAGCATCTACTCTTGTAGTGTCTGTGATTTTAGAGTTTGTTTCTTTATCAAGAGGTACATTGAAGTCAACTCTCATTATGACTTTTTTACCTTTAATGTCTATATCTTTTACTGATTTTTTCATTATGAACTCCTTTATTATTGCTATGCTCGCCTCCACCTACAATCAGCAAATAAATTTATTTTTACGTATGTGCCCCCTATGGGGCGGCTTTGGCTCGCTTTTTTTATTATTGCTATTATTAATAAAAATTTAAAGGGTGCTATAATGAAATATAACACCCTTTTATTATAGCTTAACAATTATAATTATTACTAATTATTATTTTTTGTTATACATATATAATAATAAATCAATTACTCTGTTAGAATAACCCCATTCATTATCATACCAAGAAACAATTTTGAAGAATCTTTTTTCATCTTTCAAGTTGTTTTGAGTAGTAGCTAGAGAGTCATATATAGAGCTTCTAGAGTCATGTATAAAGTCGCTAGATACTAATTCTTCGTTACAATAACCTAAAATGTCTTTTAAGTAAGTTTCAGAAGCTTTTTTCATTAATACATCGATTTCTTTGATAGAAGTTTCTTTTTCACTTCTGAAAGTTAAGTCTACAACAGATACGTCAGGAGTAGCAACTCTGAAACTCATACCTGTTAATTTACCTTTAGTAGCAGGTAAAACTTCTCCAACAGCTTTAGCAGCACCAGTAGTAGAAGGGATAGTGTTACAAGCAGCAGCACGTCCGCCTCTCCAGTCTTTTTTAGAAGGTCCGTCTACTGTTTTTTGAGTAGCAGTATAAGAGTGAATAGTAGTCATAAGACCTGTTTCTATTCCGATACCTTCTTTAAGAAGTACATGTACTATAGGAGCTAAACAGTTAGTAGTACAAGAAGCATTAGATACTACATGATGATTAGCAGGATCATATTCTTCATGGTTTACACCATATACAAAAGTTCTTAAATCGCCTTTACCAGGAGCTGAAATGATAACTTTTTTAGCACCTGCAGCTATATGACCTTCAGCTTTTTCTTTTTCTGTGAAAAGACCAGTAGATTCTATTACATACTCAACACCTAAAGCTTTCCAAGGAAGATCTTTTAATTCTTTAGTAGCACCTATACATTTAATTTTGTTGCCATTAACTACTAATACATCTTCGCCTTCTGTTGTGATGTCAGCTTTCATTCTGCCATGAACAGAGTCATATTTTAATTGATAAGCAAAATACTTAGCATCAGTACTAACATCTACTACACCAACTACTTCTATTTCTTTACCTAATAAACCGCGTTCTACCAATGCCTGAAAAACTAGACGTCCGATACGTCCGAAACCATTTATTGCTACTTTTACAGCCATAAATATACTCCTAAAT
NZ_CP046928.1_gap35	1898190	1899931	1741	CACATTCATTTCAGGTTATGAGAGATAAAATAGTAAGTGTTATAACAGATGTATTAGATGCTTCTACGGAAATAGCAAATGCTGCTACTCAATTATATAAAGGCGGTGAGGATTTAGCCGAAAGAACAGAATATCAGGCATCTAGTTTGGAAGAAACAGCTTCATCTATGGAAGAGATGGCTTCTACAATAAAATCATCAGCTCAGCATTCAGTTGATGGAAATAATGTTATGATAGATTCAAGAAATGCTGTTGAAGAGGGTGCTGTTGTTATAGGAAACACTACTAAAATGATAGAAGATGTTTATGAATCAAGTGCTAAAATAAAAAATATTACAAAAGTTATAGAGGACATTGCTTTTCAGACAAATATATTAGCTTTGAATGCCTCAGTAGAGGCAGCAAGAGCAGGAGATCAAGGAAGAGGTTTTGCTGTAGTAGCAAGCGAGGTAAGAAACTTAGCACAAAACTCACAAGCTTCAGCTAAAGATATAACTTTACTTATAGATGATATATACGAGAAAATAAATAAATCAGCAGAAATGGCAAGACATTCTCAGGAAATATTTAACAATATAGAATCAAAAATAGAAGAAACTTCTAAAATAATGAGCGATATAAGTCATACAGCAGTAGAGCAGGAAGCAGGAGTGGATCAGGTAAATACAGCGGTATCTAAAATGGATAGTATAACTCAGCAGAATGCTGCTTTGGTAGAAGAAGCAACATCAGCATCTAAGTCATTATTAGATCAGGCTAAACATTTAGAGGAGCTTATGTCTTTCTTTAGAGTTAAATAAAATATTATTTTACTAATATTGGAAAGTTTACTGCTGATTATTTTTTCTATAAGTAATTATGGTATTAGCAGCATAAATTTTATTAAAATATTTCATTAAAGGAACTTTTTGTTTTTTTAAACGTCTAACTATGAAATATTTTTAATTTATGCCGTTAATTATCCAAAAATCATTTATATAACTAGAGGTGTTTTTTTATTTATGAAAAGATTTAATAGTATAGCAGTAAAACTTCCATTGATTGTAAATATTATAACTATTATTGTATGCGGTTTTATAATATTGGCATTATTAAATGTATCTGTTAAAGAGATTAATGGATATGTCAATACTAATATAAAAACTTCTGCAAATGGATATGGTAATTTTTTAGATAAAACTATGGAAGAACAAACATTGCTAATGCAAAGTTATTCAAGTATGCCTGTAATAATAGATTATTTAAAAAATTATGTTTGGATGGAAGGTACAGTTTTTATTACTTTACAGAAAGTATTAAATAATAATAAATTTGTAACAAATGCTTATATACTTGCAAATGATTCTACTTTAATATCGTCTTATGATGGAAAGTTAAAAGATTCCAGTATAAAAATATCTGAACAATATCCTGATTTATGGAATGATTTTGTATCAAAAAATTATAAAATTACTATAGCAAATAATATATATAAATCAAATATTAATAATGGATTTGTTCTGCCTATACTTTGTCCTATTTTTGACTATGATAATACTTTTTTAGGTGCTTTTATAGGCTTTATAGATTGGTCTTTAATTATAGAGGACAGCTTAAATAGATTTGGAAATATTTTTTCTAAAGATAATTCAATATTCATTATTAATGATAATAATAAATGTGTATTTCACAATCTTTCTTCAGAATTAGGAAAAAATTTGGATATGGGTATATCCAAAAATGAATCAAGCGGAATTGTTAA
NZ_CP046928.1_gap36	1908773	1909585	812	TAAAATTTTATAAATTAAATTTTACTTCGTCTTCGCCTTCATAACAATATCTGCATACGCATTTATATATATCATCTCCAATTACAACTCTGTCAACATCTTTAACTATTCTTTTTGAATATATTCCTTTTCTTCCGCAGTCGCATTTACCGAAAACTTTTGTATGTATATCAATCAAATCTTCTTCTATTAATGCCGATACGCTTTCCCAATAATTTCTTTTATAGTCCATATCAAGAGAGGCTATACAAAAATTGGTTTTGCAGTTTCTTTGAGTGCATGTTTTTATGAGTTGTATAAAAATGGAAGTATCATTTAAAAAACAAAATTCATCTATTCCTACAATATCATATCTTGCAATATAATTATAAATATTCTCAACATCTTTTCCAATATTATTTTCAATTTCTTCTTCGGTGATTATATCTATTCTTTTATCTAAATAAACATTTTTATCACGGCAGAAATATCCCCTAAAAGAAATTGCTGGATATATGAATAATATTTTTATATTTTTATTTTCAAGTAAAAGATAATCTAAAGTTTTAATTAAATATTTTGATTTTCCTGCGAACATAGGTCCGGTAATTAAATGATTCATAAAAGTCCAATATTTTTAAGTGAATCGTTATATTATATCATTTAAATGTGTATATATCAAACATAAATGCTGTAAAAATGTATATTATAATTGGTTTAATTTTTATGTAGATATGTTATAATACGACAATTAAGTTTAGGAGTTAAGTATGATAAGAGGTGAAGACATACCAGTACTAGATGAAATGTTTGATTCAAGAAAAACATTTTTT
NZ_CP046928.1_gap37	2048045	2052080	4035	TGAAATACATTTAGATTATATAAAAGATATTGAAAAGAACAAAAAAACAATAAAAGAATTAGACACAATCAAAAAAACATTAAAATTACCTCCTGATTCGCTTCCAAAAATAAAAAGAGAATCAATTGACACTATAATAAAAATTCTGTTAAGGAAGAAACGAGATTAAATATATACTATCATAAAAATAATCTTTTTGAATTCTTGTATTATACAGAAATAGCAAAAGAATCATGTTATTAAGTAGAATAAAATTCAAAAAAAATCGTTTTTTATTAGGTACATCGATGTATCTAATTAGAATATTTTTTATATTTTTCCTATAATTACCCTAGGTGATATTGATGTATATATATTATGATATATACAATATAAAAAATATTGCTATCCTACAGAGGGTATCAAATGATAATTTTTATTTATATGTTAATATGCACCTATAAATTACAGGGGGGAATATATGTATATATTTATATTGTTAATTATTATGATTGCAAGCTTAACTCCTATATAGAAATATATTATAAGTCAGCATACTAAGTAATATCTTTAAATATTCAATTAACTTTAATTTGAAAAAACACTATAAAAAATATAGGGGGATACTTATGTCTAAAATAAAAAATTATCATTATAAAGGAAATGAAAACTATGATGACAGCAGTATAATATATAAAAAATTTTTTAGAGACGGATATTATGTTATAGATTTGCATTACCTTAAAAAAGAAAAAGCTATTAAGGCTTTGGAAGATACTATATTTAATGATTATTTTTTAAAAAAGATTTCATGCCCATTAGAAATAGTTTACGGCAGAGGGAATAATAGTATCGATGGTTATTGCAGATTAAAAAATTATATAATAGAAAAATTAGATGATTTGAAAAGAGAAAAATTTATAAAGCTTTGGGAGTTTAAAAGATATACAAAATACGGTGCCATTATAGCTTATATAAACAATTAATTTTGGAGGTAAATGAATGTCTAAAAGAAATGAAAATAATGAAACTCTTAATAATAAAAGAGATGTTAATAAAAAAGATATTGTTTTCTACATAGCAAACAAAAAATATTTGCTTCCGTTTAGAAACAATATTAATAAAAATAAATTTATGCAGATAGGAGATTTTTATAAAGAATTAATTTCTAAAAAAATATTTAATATAGATTTAAAATTACTAAGAAAATGGGATGAAAAAGAAATATTACCAGCATATAGATTTGCTAAAGGTGCTGTGAGAGTTGATACAAGATATTATATAAAAGAGCATGTTTTAATAGTAAAAGAAATATTAAGATTAAAAGAAATAGGGCTTAATATATCTGATATAGAAAAGGTAATATTTTTTAATTATAATATTAATATGATTCTGCTAAATAAAAATATTAAAAATAAAGAATCTTTTAATAAAATGAAAAATACTATTAATAATATAGACAATATGGAAGCTAAATTGATAATACCTTCTATAAAATCAGTAGATAAAAAAGTTGTTAAGAATATTTTAAATGATAATTCACTATATACTGATGTTTTAAAAAAAGAGGATATTTCATTAATAACTTTTATTTCTATATTAAATAAGGCTTGTATTAATTATAAAAATAAAAAATTTGATAAACTAAATTTTAAATATGATATGATTAATACAATAGAGAATATCAATAAAAATTTATATAAAGGATAATAAAATGACAGATATAAATAGTATTGAAAAAGAATTTATAATACCAATTATAAAAAAATTGAAAGAAGATTTTTTTGAAAATAATAGTGAAGAAATAGATGAAGATTATATAAAGAAATTGATATTTAATTATAAAAATGCTGATTTGGATAAAGATGATATTCCTATATTATCTCTTATATTGATGATGCTTGCTTCTTTTTCTTCTTATGAAGATGATTATTTTGATAAGAAAAAGTTTCATGAGTTTATGGAAGATATAATGAGCAAATTTAATTAAAAAAATTAGGGCAGATATAATATTAATATTTGCCCTTTATAATTTTTTATATATAATAATTATATATGAAAGATAAAATTGATTTAATTAATGATGATGTATGCTATATAATTGAAAATACTCATAAATCTAATATAACTTCAAAATATTTATTTGATGATAATTATATACTGCCTTCATTAAAAACATTATTAAAAAAAATAAATGATAAAGAAAATATAATAATATATCTTATTTCAAAAAATTCAGGAACTATTACGCAAAGAAAAAAAGGAAATTATAAATATATACAAATAAAGTTTTCAGGATATAAATATGAAGAAGCAGATGAATATTTATTTGAAAATGATATATTAAGTTTTCTTACAAATGATAAATTATGCTTTTTTGAAATAGGGGCTTTTTTAGATTTATTTAATTTAATAAAAACATACAATAAAGATACAACATATTCTTTGATAAACAGTATTTTGAAATGCGAGGAAAAATCATATTTTACTAAACTAGATAAAAAATATATAGATGATATCTATAGCAAAATAAATGAGTATTATATTAATAATAAAACAGAAGAGCCTTTAATAAAAAAAAGAGAAATGGAAAGGCTTAAAAAAATACTTCAGGAATATTATGACATCAGTAAATCTTCAATACTTCCTTCATACAGATTACAAAAAAATAAAGATGATAAAAATTATAGATATTATACTTTAGAGTCTTTGGTCGTTCTTGATGAGATACTTACTATATATAAAAGAATAAAAGAGGATAAATTTTATTTTATAAGAAATATAAGCTATTTAGATGATACTAATGATATTAAAGAAGAATTATTTAATAAAGATAAAGTTTTAATAAATCTTAAAGAACAACAATTAATAAAAAATCATTTATATATAAAAGATACTTTAGAAATATTTGAAGGTAATGATAAAAAGTTAAAAGAAAGAGCAGATAGAGTAAAAAAAGAAAAATTAGATGTTTTTTTTGATATAGATACTGCTTCTAAGATGGATAGAGATGAACTTAAAGAATATATAGAAGATTACATATTTATCTTATTTAATAATATAAATAAAATGCTTGAAGAATATAAATATAATGAGAATAATATAAATCTTATAGAAAAGATTATAAATTATGATTTACATTTTTTTTATTTTAAATTTATTCTTGATTATTTGTTTTTATCTGATGATTTTTTTCAAAATGGCAATATAGAATATTACAATAATTTACATGATTTATACAGCTATAAATATTTTTATTTGAAAAAGAATAATATAATTTTATTTGAAAATATATATATTAAATGCATTGAGAATAATATTTATTATTATAATAATAAATATTATCCATATAGATGTTATTTAACTAATGAAACTGAATCTTTATTTAAAAAAGATGTAGATACTGAAATGAAATTTAAATTGGAATCTATATTTAAAAATAATGTCATAAATATAGTAGATGATTTTGAATATTTATATTCTTATTATGATTTTTTAGTTTTTCATTTATATTATAAAATAATAATTTACAATGGTTCAATGTCTCGTATAAAGAAAGGAGCCATAAAGGCAATTTATGAAGAGCTTATAAAACTTCCAGATAATATGATTATGCCTGATACATTATTATCTGAATTAAGAGAAAATTTTGAAAAAATATTATTAATAACAGATATAATATATTTCTCAAATATAAAAAATGATAATATAAAAAAATTAAGATCTAATATTTTAGAGCTTGATAAAAAAATAGATTATATTAATAATATTATTAACGATTATGAAATAGATGATATAGTTGATTATTTAGAAAAAGATGAATATGCTAATGAAAATAATATTATAGACAAAATACCTTCATATGATGTTGATATGTTTGAGCATAGAAAATATTATGAAGAAAATATATCAGATATTATGAAGATATATAGTTCATATAGTGAAGATTCCAGAAGACCTGAAAATATATTCGCATTATTCTTTAATTATTCTTTATACTTATCAGATGATAATAATTTAATTTATAAAAATATAGAAAAAATATTAAATGATATA
NZ_CP046928.1_gap38	2056914	2061010	4096	AACATTGTTCAGTCTAACATAATAAAGGTATTTGTCAATGAAAAAAGCCAAAATAAAAACATGTATACTAAATTGTTCATTTTGCTTATAAGAAAATATTTTTAATAACAAAATAATATCTTTAAATAAATATAAAAACTTTACAAATGTAATAAAATATAGTGTATTTCTATTTTATTATTTAACTTAAATGAATAATTTTTGTTATAATATTGAAATTTAAATATAAAAAATACAATGAAAGAAAATAAAAAAATATTCTTATTATCATATTTAGTATTTATATCAGCAATAATTTTATTTATTGTTATTTTCTCTATTCTTGGCAATATAGAGAGGGTAGGATATTTATCAAATTTCAATCATATATTGGAAAATAAATATTATTTTACATTGAAATTTGAAAGCAGTATTTTTAAGAATAATAAAATATATAGAGTATATCCAAACACAAATGAAATGCCTGATAATGTTACAAATATAAGATGGAGCGGAAGCTATTATGGAAATTTGGTTTTAGGCGATTCAAACATACAATTAAAAGAAAATGATAAAATAGAAAATATTAAATATACAGTTAAAATACAAAAAAATGTATTTTTATTTTTATTGTTTATTATAATAGTTTTTCCAGCAATTTATTTTTATGTAATACCTAATATATATTATCATCATAAAGCATATATTTTCTTTTTTGTGCTTAATTCTTTTTTATATTTGATAACTTCAAATTTAATAATGCCTTTATTTTCTATGATGAAGCTTGATTTTAATATATATGATTTTTTATATACTTATCTTTTTGTGATGACAGCTTATAATTTGTTTTCATGCTATCCTTTTAATTTAGGAAATATAAAAAATATTAGGATAATATTAACGTCTTTATTTTGTGTAGTTTCAATATTCTCATTTTTTGCTATAGAGTCAATAAGCTTAACTGTACTTAATATGGTAATATTATTTTCTGATATGCCTAATCTTTATTTATCGCTTATTACAGTTCTTCCAATACATTTAAAAATTATTACTATTACAGTGAGCATAATATATTTTTCTTCATTACTAACTTTTGTAATATTATTTATTTTTAATATATATAAAATGTTTATAGAGAGAAGCAGAATATCATCTTTAGTGATGATAGCTTTTATAATATTTACCGCATTTTATTTATTTTTAAAGCCTAAGAATATAGATATATGGAGCATAGACTTTGTAAGAAATGCTAAGAGAAATGGTATAATAAATACACTCAATTATAGAATAAATTATGATAGATTGAACGAAATAAAACCAAGCAAAGAACTAGTATCCGATTCTATAAAATTATTAAAAGAATATGAATCAAAAAGAGATATATCAAAACTTTATTTAAAATCTACGAAGAATATTTTTGATAATATAAAAAAATTGGAAGATGATATGCATTCTATATTGATGGAGGCTTCATCTAAAAACAGTAATTTTGTTTATAATAATGAAAATATAGATTATGAATATATTGAACAATTAAAAAATAATAATTATGATATATATACTAATTTAGAAGCTTCAATTACAAATGATTTGTCAAAAATAGATGAGTTAAAAAAAGGTTTAAAAAGAGATGTATATTTAATATTTTTAGAATCTTTTTATGATTATTCACATTTTAGAAAATTATTTAATAAAGATCCTTTCCCAAAAGAGTATAGGAAATGGGCTGACTCATCAAGAAAAATAGCTCCTAATGTTAATAATGGAAGTTTTTATGCAAGACTATCAGGACTTACAGGGTCATCTCCTCTTTATCCAAAAACTCAGTCAGAAAAGATAGAAAATACTTTGCCGGATGTTCTTTCAAAAAATGGATATAATACAATAGCATTGGAAGAAGCATTGAATACTTATAATTTAAAAACTTTCTATCCTTCAATAGGTTTTAAATCTCAGGTGTTCGGATTAGGAACTACAAATATCAATACATATTTAGGCACAAATATTGATAATTTGGAAAGTCCTGTATTTGCTGCAGGTTTTACTATTTTAGGGCATACTGATTCGCATTTATCTAATGATTTAAACTTCGCAGAAAACAATAAAAAGTTTTTGGATAATTTTGAAGGCAATGATAAACTTCATATAATAGAAACCATTGATAATTCTGCAATGACTGCTATAAATATTATAGAGATAAGAGATACCATTTTAAAACATTCTCCTAATGCAATTATAATATTTAAACATGATCATCTTTATCCTTATTTGAAGGCTATAATAGAACGTTCTACTATAGATGAAAAAATAAAAACTAATTTTTTAAATGATTATAAACCTTCGCCTATACTTATTTGGGATGGTACTAATGGAGCATACAAAGTAAATGAAAATTTCACTCCTGAAAATATACCTTTATTTATAGCTGTTAATTTGAATATTGATTATACAAATAGTGTTATATCTCTTTTATACAAAGAAGAAATTGATAATACTATCAGCACTTATAATAGATTTTATTATACTACTAATGATTCTATTATAGATAATAGCGAAGTTTCAAATATGACTATATTTAAATATGAAAATGCTCAAAGAATTTTATCGCAGGATATTTTTCAGGGTAAAAAGCATTATTATAATTTGATAAAAGAATTAACTAATAATTAGGATTATTTAATTATAAAACTACTCTTATATTAACTTTATTCTCTTTTATTATTGCTAAGCAATAAACTCGCTAAAATATAGCTGACAACTTCCTTCGTCAGTTATCAGCTGCTCGTTTATTGCTATGAATTAAAATACTATTTATTATTTCAATTATTAATTATCAAATCCAACTCTGATATTAATCTTATTATCTTTTATTATTGCTAAGCAATAAACTCGCTAATGATTAGCTGACAACTTCCTTCGTCAGTTATCAGCTGCTCGTTTATTGCTATGAATTAATACTATTTATTATTTCAATTATTAATTATCAAATCCAACTCTGATATTAATCTTATTATCTTCTTCTTGAATATTTCTTTTTAACTCTACTTCCTCCAATTTTTTATTGTTTCTATTTTTTAAAATTTCAAAAAATACTATAATAGCTCTTTCACTTGGGGCATTATATTTATAAATTATTTTTCTATTTTTTGATTCTTTGCCTTCTTTATCAGTTTTTATTTCTCTTATTATTTCTTTGCTGTAATAACCTAATGCTTTTTTAATCAATGCATTTTCTATTTTTATTTTTGCATCTAAAAAATATTCATCTCTTGCTTTTCTTATTTTTTTTACCAAACTTTTTTTATACTTACGGCTTGATTTATTTATGTATTCTTTTAAATCATCATAGCTTATATTTAATTTTCTGCTTATTTCTTCAAATGTGGTATTCTCTTTTTTTATAATTTCGTATATTTGTTTTTCTATTTCTTTATTATATTTTTGATTCATAAAATAATATCCTTATAAAAATATGTTATAAAATAATTAAAAAATATAAGAGATTATAAGTATTATGATATTTTGATAATTTAAAAAAAATATTGCTATAAATAATAATTATTATATAATAATAAATATTAATACATTAAAGGGCTATATTATGATTAAAAAAATTGCATTATTACATTTATTTTTATTACTTTTAATATCCTGTAATGCTAATAGTGACGGCACTACATCAGCTTCATCTGCAGCAGCAGAGCCTCCAAGAGAAAGTAAAGGATTAACTAATTTTATAGGTATTTGGCAGGCTAAATTTCCGAATAATGATTGCAATATCACAATAGAAAGTACAGGAAATGTATTATATAATGATTTTCTAGCTTCATCTATAGAAGATTTAGGAAATGACAGATATAAAATGAGTGTATCATCAGATAAAACTTTTTCAGTTACATTGAAGTTTAAGTCCGATACAGAAGGAACAGTTGAAGATGATAATTTAGGAATAGGTACTTTGACAAAATCAAAATAATAAAATATTTATATATGTCTCTTATAAAAGCCCATATATTTTATATATAGGGCTTTTATATTAAATAATTTTTATTCTTCGATTTTATTATTATTTTCATCATTATTATCTTTGCTGTATTCATCATCTTCGTCATCTTCT
NZ_CP046928.1_gap39	2063761	2064572	811	TATGCTTCTTCATTATCTGGATTTAATTCTATAGCTTTATTAAAATCTTCTATATCTTTTCCATATTTTTTTGATTCTATTTTTGCAATTCCTCTATTAAAATATGCTTTTTCATTTTTAGGATTTAATTTTATAGTCTTATTAAAATCTACTATAGCTTCTTCATATCTTGCTAATTTTACTTTTGCAATCCCTCTATTAAAATATGCTTCTTCATTATCTGAATTTAATTCTATGGACTTATTAAAATCTTCTATGGCTTCTTCATATAATTTTAGACTTGATTTTGAAACTCCTCTTGCAAAATATGATTCCCAATTCTTTAGATTTAGTTTTATAGCCTCATTGAAATCTTCTATAGCTTCTTCATATAACTTTAACCCAGTTTTGGTAAGTCCTCTAAAAAAATATGCATCTCTATCCTTTGGGTTTAATTCTATGATCTTATTAAAATCTTCTATGGCTTCTTCATATAATTTTGACTCTATTTTTTCAAGTCCTCTATTAAAATATAAATATTCATCATCATTATATTTTTCTATAGAATCATATGCCAATTGTTCTATTTTATCTTTTAATTCTTCTGTCATAAAATAATCCAAATGTTTTTTATAATTATAAACATCAAACTTATTTTATCAAACAATATAAATATTACTTTTAAAAATTTTTAGTATATACCTAAACAACTATATTTTGTCAAAAATAAAATAATATTTTCTTTTTAATATATGTGTCTGTGCGTGCCGACGAAGTACATCTACGGTGTCGGCAGTCGAGAAGCAAAAAGGCTATATTTTTTACTCAAACT
NZ_CP046928.1_gap40	2066130	2067500	1370	AATTTGACTATTTTTTAGATATTATATATAATATGTTAGAATAATCTAACAATAATAAAATAGGAGTAAAATATATATGACAACTTTAGAATTTATAAATATTTCTGATAGTATATATGATCTATGCACTAAATATCCAAAAATTAAAGAAGCATTATTTGATTTGGGGTTTGATAAGATAAAAAATCCAATAATGTTTAATACTGTATCAAAGATTATGACTTTGGAAAAAGCAGCAAAAATGAAAAATATTGATAATAATGAATTAAGAAAAAAATTAAATGAATATGGTTTTGAATTGAATAGTATATCTAATAAAGATGATAGAAATGATATATTGAAATCGCTTATAGTAAAACTTCATTATGGAGAGAATATAGAAAATATAAAGAGAGAGTTTGAAGATAAATTGATTAAAGTATCAGCAGAAGAAGTTCATAATGCTATGCATGAGCTTATAGATAATGGTATGAGTATAGATGAAGCTAAAAGATTTTTCTATATAAGAACGCTTGTTTTAAAAGATGCTATGGATAATAATACAGAAACTAATCATAAGGCCATAGATATTTTTAAAGAAGAAAACAGATTTATAGAAAAATTATTCAATGAAATTAAAAGTTATGATAATATTAATATATTAAAAAAGCTTTATGATAATCTTAATAGGCATTACATCAAAAAGGAAAGTTTATTTATTACAGCTTTAAAAAAATATGGCAATGATGAGCCTTCAAAGGTTATGAGCAGAGTTGATAAAGATATATTAAATGAGTTAAAAGATATTATTGATGATAGTGAAAATAATAAAATTAATTCAGAAAATATAAAGTTATTAAAAGAGCATATTTCAGATATGATATTTAAAGAAGAAAATATATTAATTCCGCTTTGTGTTTCTGTGCTTTCAAAAGAAGATTTTGATAATATAGAAATTAAATATAATTAAAATAAAGAATAATTAATTATAATTTTATAGATATAAAAAAGAGTAGCTATTATTTTAGCTATTCTTTTTTTATGCATAATAAATATTTAATTGACTATTAATGTATATACTATATAATTTGAAAAGTTGGAGTTTATTATTTATGGAAGAAAAAAGTATTTTATCATTTATAAAGATGGTATCCAATATGCCTCTTGTAAAAATAGATAAGCATAAATATTTAGTTGCAGCATTTGCATCAGAATATCCTTCACTTCTTCAGACTATACTAGAGAAAGGAGCTTATGATGCAGGAGTACCATTAAATATAATAGATACTAAATCAAGAGAAGCTATTAATTATGAAATAGCCAAATCATCAGCTATATCATTTGTTTCAGGACTTCCCGGAGGAATAGTTGGTATAGGGGCAGTTCCGGCA
NZ_CP046928.1_gap41	2070643	2074017	3374	GCAACTTGAGCTTTCTCTACCAATTTACCCATTAAGTCTTGGAATTTTATCATATTATCAGTAAGGTTTGTGCTATTATGAGTTTTGGATACATTATTGTTATAATGATTATATCCTTTCAAATTAGCACCTTCTGCAGAATCTTTCATATTTATAATAGTAAGTTCTGCACCTTTATCATCTGATATAGTATTATTTACAGTGCTGTTATTATTTTTCATTTCAGCAGCATCTTTTTTATCTGCATATTTATTTTCTATATTCATATCAATATTAGCATCTGCCATAGCATTATTATCAATCTGCATAGCAGTATCTTCAATACCAATATCATTAATATCTTTTGTTTCTATATTTTTGTCATTATCTTTGATAGAAGCAGCTTTTATTTCTTTAGCTTCTGAATTATCAATATCTTTTACTTCGATATTTTCTTCAGTATTTTCAGCTAAAACTTCTTTTTTATCTTCGCTGCCGTCATTTTCTATCATAGCTTTTAAAGCTTCTAAAGATTCTATTAAATCCTCTAATTCTTTCTTATCTTCTTCGCTTAATTCTTCAGCATTTAAAGATTCTATTTGTTTTTTAATTTTTTCTATTTCTTCAGTATTTTTGGTATTTTCTTTTTTGTCAGCCTTAGCTAAAATATTTTCTTTAGTATCAGCTGTATTAACTTCTTTTGCATCAGTTTTTTTATCATTAGAAGTATTTTGTAAAAGGAGTTTTGCTTTTTCTTTAGTTAATGCCAATTTTTCTTTAGCAGATACATTTTCTTCTTTATTACCTGCAGCCAATTTCTCTGCTTTTTCTTCTATATTATTATCTTTATTAGATGAAGCATTTAATTCTTCTGATTTGTTTTCAGTTTGTTCTTCGGTACTGCTAATAGATTTTGCCTCTTCAGCATTATCTGAAGTTTCTTCTGTTTTTTTAGCAGTATTTTCACTGGATGAAGAAACCTTTTCTTCTATAGTACTATTTTCTTCAGCATCATATTGATTATAATCATTATAGTAATCATCATAATTATTATAATTATTTTCTGTATAGTTTTCTTCAGTATTCAAATGTCTTTCTATTTTATTAGAAACACTTGAAGGAGTAGAATAATCTGTCTGAGTTTTATTTAACATATTAGCAAAAGAATCATCATAGCTATAATTATTCAAATTATAAGGGCTATTATTAGATGAAACATTAGTATCAACAAAAGATAATAAGTTGCCTAATCCATTTACCATAATTTACTTCCTAATTATTAGTTTTATTACTATATTAATATTCGGAAGTATTCAAATTTCCTTTATAAAAAATAACATAATATTTGAAAAATTATTTTTATGTTTTATAATGATAATATGCTTAATATAAATAGTAAATATTTTAATCTCATAACTAATAAAAATAATGCCCAAATCAAAGACGGCGATGTGGTAAGATATTCTATAATGAGAAAATTGGATAATGATAAGGCATTAATAAATGTTATGGGCAACAAATTAATAGCATTATTTAAAAACGGCATGACAGATAAAGGCTTTGCTTTAGTCAGTAAAAAAAATGGAGAAGTAACTTTAACTATACTTAAAAATGCTGAAAGTTTGAAAGAAGCAAGAGAAAACATACAGAGTAAAAACAATACGAATGTTTTACTTAACATAACTGAGAATAATTCTGAAGTTTCATCGATGCTGTCTCAGAAAGGTATAAAGCCAAGTTATGAAAATATAAGATATTTTGAAACCATACTTAAATACCTTCCGGATTTGGACAGCGATAAAAAAAAGTTCATATTAAATGCAATGTCTAACGGTGTATATTTAACGGTAGAAGAAATAAACTCTTTAGGAAATATTTTTAAACAGTTTAATGATATAATCAACGCCATAAAAAACTCTAACAAAAATACTGAAATAACCGAAATATTACTAATGCTTGCTAATAGTGTTATTCAGGGAGATAATAATGATCCTAATAATTCTATGGCAGAAAATTTAAATAACTATATAAATGCAAATGCTAGTTTTAATATATGGTTTATGCTCTTTGATATGCTTCAGGGTGAATTGTCATCGAATAATTCTAATATGATGATGCTTATGCTGAAAGTTTTATCTGCAAATAGAAAGAACAGGAATTTTCAAGAAACAGCATTTATGATTCCTATACCATTTATTATAGACGGTGAAGTTAAAGATGTATTATTATATATTAATAAAGATGAAAATAATAAGAATAGATTAACATTTGCAATTTATGAAGATGATAAGGATTTATGTAAAATAGATATAACTAAAGATGAATATGATAATAAATATTTGATTACAGTGAAATTATTTGATAAGAAGTTGTTTAATAAATTAAATAGCATTAGAGAAGATATAGATAAAGAGCTGAGTATTTTTGAAAATATAAAAATAAATTATGAAGGCTAAGTAATGAATAGAAATAATAAGGATATAAAAAATGCTGCTGCTCTACTCTATAATAGAGAGATACATAATGCACCTATAGTGGTATCTAAAGGGAATAATTACTTAGCAAAAAGAATGGTTGATATTGCAAGAAAGCATAAAGTTCCTGTAATTTCTGATGAAGATACGGCTAAACATTTGATGCAGTTAGAAATAGGAGAGGAGATACCTTATTCACTTTATGAAGCTGTGAGTATAATATTAAAATATATATATAAATTAAAGGCAGAATAAATAATGGCAAAATTAACTAAAATAAATATTCAAGATATAAAAACAAAAGCTGAAAAGAAAGATATATACTTGTATAATGATTTTCTTGCATCTACAGGATATATAGATTTAAAAGAAGACGACATGCAGAGGCTTCAGAAATGGGATATTAATGAAGTATTTATTGAAGATAATACTTCTTTAGATATGGAAGTATCTGCTGATTTTGATAAATTTTTAAGGGAATATAAAGTATTTAAAAAAATATACTTGAATGTAATTAAAAAAGTTAGAAATAATTTAGGCGGATACAAAAATAATAATTTAGTTAATTTAAATGAATTAAATGAAATTTTAGATGAAGTATTGGATATAGTTAATAGAAATTTAAGCAGTGTGCTTCAGCTTTTTAATTTAACAGGTTTGCCTAGAGCTGATGAATATTATGTAAGATCTTTAAATGTTTCTTTAATATCTATGATTATCGGACGCGCTATGAAATTCTCCGAAAACAGAGTAAAGAAATTAGGTATAGGTGCTATACTTTATGATATAGGACTTGTAAAAGTTCCGGATAAGATATTGGATAAAATAGGAAAATTTACTCCAGAAGAATATGCTGAGATAAAAAAACATACAGTTTACGGATATAAAATTCTTAAAACTAGCTTCAGATTTGAAGAAGAT
NZ_CP046928.1_gap42	2080913	2082533	1620	TTGATAATATTATCACAAAAAAATATAATATATGGGGAGGATTTATTATGATGAAATATTTAAATTCTTTAAATAATAATTATAATGATTCTGTTATATTTAATGATGATGATTATAATTCTTTAATCGAAGAGTATAATGATATTATTAAAAATAATACATCTGAACAAGAAAATGATAATCTTTAAACTATTTTAATAATACCGGTTATAAATTATGTAGCCGGTATTTTCCTTTGGGAAAAAGGATATAAAAAATTCTAACTTTATAATTATAAAATACGAAAATAACTACTATGAAATATTTAAAATTAATTTTGATTATATTGATACTTAATATAAATATATATTCTCAAACTATGACAGAAAATTCTCTGCCTTTGAGAGCGAAAAATTTTTTAAATATTAATTTTCCTGGAAATAATATAGAATCAGTTTCATTATATCAAAATGGCGGCGGATATGAAGTTGATATAGACTTCGGATATAAATTCATTTTTTATAATACAGGGCTTTGGAAAAAGATATCTATAATCAATGATGAAACTAAAAACATTGGAATACCTAGAAGCTGCATACATAAATCTATGGTTAATGTTATAGATAATGAGTACCCTCATTCTAAAATAACTGATATAGAGAGAAAGGATAAAAACTTTATTATTAAATTAGACGATAAATATTTAATAGAAATCAGCGGATATGGTATTATAATAAGTCAGGAAAATTTGGATAACACTCAAACTGATGCAACTAATTAAGATATTATTTCCTTAGATTTATTAAATGCTATTATAGATCTTTCTCTATCTCCCATCGCATTATAAGTATTAGCGAGCAATATATAAACTTCTTTATTGTTGTTATCTAATTTAATACATTCTTCTAATATATTTCCAGCATTATCATAGAGTCCTGCTGAATAATATGAAAGGCCTAAATAATAATAAGAAGATGAATGCCTATTGTTTATTTCTATAGATTTATTTAAATATGATATAGCATTTATATAATCTTTAGTTTCATATAAAGAAATACCAAGATAATAGTATAATAAATAATCTTTATCATCTATATTTAAAGCATTATTAAAGGCATATACCGCATTATCAAAATCGTTAAGCATAAAAAAACAAAGTCCCATATTAAAATATGCATGATAATTATCTTTTTCTACTTCTATTACTTTTTTTAATATATCTGCAGATTTTTTATATTCATATTTATCTTTATATGAAATAGCTAGCATATAAAGACTTGTATAATCATATTTATTAAGTTCTATAGCTCTTTCAAAAGATTCTATAGCTTCATCTGTTTTTTTCAAATTATATAAAGCTATTCCCAAAGTACGCCAATTAAGATATTCTTTAGGTGCTATCATAAAAGATTTATTCAATACATCCACTGCATCTTCATATCTTCCAACTTCTACATAACATTTTCCAAGCCAATTAAGACTTATATAATCATTATTTTCTATTTCATAAGCTTTTTCAAGATGTGTTATGGCATTATGATAATTTTTATCCTTTGCGTATGATATTCCTATAAGTCTCCATATAGAATAATCACTGCTATTTATAGACAGTGCTTCTTTAAAAAGTTCTATGGCATTTTT
NZ_CP046928.1_gap43	2083651	2086851	3200	AATGATTTGGCTAAGGAAGCTGGCATCAAATTAATGGATAATGGTGCTATATTAGTTGATAGGGAAGGAAAAACAAGCATTGATTCTATATATGCTGCAGGAGATTGTGCGAGCATATATGATAGAGTATTAGATGATCAGACTTATGCGGCACTTGCTACAGGCGCTAACAAATTAGGAAGAATGGTTGCAAGTAATTTGGTAGGAGGGCATGAAAAATTTATAGGAAGTTTAACTAGTGCCTGCATACTTGCTTTTGAGCTTGAAGCTGCAAGAACAGGTATCACAGAAGAAGAGGCTAAAAAAAGAAACATCAATTACAAAACTGTTACTGTAAAAGATTTAGATCATACACATTATTATCCTGGTTATCAGGACTTACATATAAAGCTTATATATTTAGCTGACAGCAGAAAGATAATAGGAGGGCAGATATTAGGAAAAAGAGGTGCTGTATTGAGGGCTGATGTTATAGCTGCTTGTATACATGCTGGGCTTACTGTAGATGAATTAGGAATGCTTGATTTATGTTATGCTCCTCCTTTTGCAAGGACTTGGGATTCTTTGAATGTTGCTGGAAATGCAGCTAAATAAACAATATTAATTTAAACCATGCTGTTATTAATGCAGCATGGTTTTTTACTTTATTCTAATTCCCACCCTCTATATTTTTTGATTTATTTTATAATTGTTATATTTCTATTCTTTATTTATTTAATTAGAAAATATAATTCCCACCCAAGTTTTTTTATGCGATTATGATGCTATTAACCGCACGCAGAGTAAAGCTATAGTTATTAACTGATTTATAATAATAAGTTAATTATATAGATAGATTTAGTTCACCGTGCGTTGGGAATTTTTTAAAATTTAAATAACACTTGGGCGGGCATGCTTTTTCTTTGTAGGCAATAAATATATATAAAATAAAAATTTTAATGGAAACATTGAAACAAAAAGGGCGGGGTATGTAAATAAAATTTTTAATATCCTATTGCAAATAACTCTAATTGTTTATTATATATTATTAAAACTTACAATAGGATATTAAATACGATATTGATGATTATTTTTTTATTTTATGCTTACATACAGGACATATAGCAGGGTTTTTACTTTCAGAATCTGTATATCCGCATATATCACATTGCCAGCTTGGTATATCTGCTTTACTATCCCTAAGTAAACTTTGGAATTGTTTTTTATGTCCGTCTTCAATCCTTGCCACATTCATAAAAGCCATAGCTAATTCATCAAAGCCTTCTTCTTGGGCAGTTTTAGCATAAGAAAGATACATATCTATAGATTCATAATTTTCATTTATTATAGACTCTTTTAAATTTTCTTCTGTAGTAGGTATGCCATGAAAACTTTCAAACCATATTTTAGCATGCTCCTGTTCATTTCTAGCAAATCTTTCATAAGCAGCAGCAACATCTTCTTTTCCTTCCTCACGGGCCTTTTCCGCATAATACATATATCTGCATCTAGCCATAGCCTCACCTATAAAAGCATTTCTCAAATTCACCTCGGTTTTAGATCCTTTTAAATTCATAAGATAAGCTCCTTATTAGTAAAAAATTCTAATAAATAATATATTAAATTCGTAAAAAAATACATAGTTATTAAACAAAAATGTTATTATTAAATATAACAAATAATACAAATAAGGATAATAAAAAAATAAGGAACTTAAAAAATAATTTAAGCTCCTTATTTTTAGAATTTTATAATTATAAAAATATTATTCTTTATAATACATTAGCAGCAAGTTCTGCAAGCTGTGAACGTTCTCCTTTTTCAAGTGTTACAGTACCGCTTAAAACTTCTCCTTTTGTACGGTCTATTAAATAAGTAAGACCATTGTTTCTTTCATCCAAATAAGGCGTATCTATCTGATGTATATCTCCAGTGAAAACTATTTTTGTTCCTTCTCCTGCTCTTGTTATAATAGTTTTTATTTCATGAGGAGTAAGGTTCTGTGCCTCATCTACTATAAAATATATTTTGTTCAAACTTCTTCCTCTAATGTAAGCAAGAGGTGAAATTACTATTTTTTCATTTTCAAGCATTTTTTTGATATTCTTACTTTCATCGCTGTCATCAGAATGAATATGCTGTATAACTGAAAGGTTATCAAATAAAGGCTGCATGTAAGGATCTAATTTGCTATTAACATCGCCTGGTAAGAAACCTAAATCTTTATTAGAAAGTGCTACTACAGGACGGGCAAGTAATATTTGTCTGTACTCTCTTCTTTTTGCCAAAGCAGCTGCTAATGCTAAAAGAGTTTTACCTGTTCCTGCTTTACCCATTATAGTAACTAATGGTATGCTATTATCAAGCAGTACATCTAATGCCATAGCCTGTTCTTCATTTCTTGGCTTTATACCATAAGCATTTATATCAGTATCAACATGAACTATTGTTTTTGTGTCATCTTTATATTTTCCTATCACTGCCTCATCATCTTCTTTTACTCTGTAGCAGAAATATGTATTAGGATAAATAGAATGCTCGCCTTTTACAGCTATTTCTTTATTTTCTTCAAGTTCTTTTATATAAACTTTGGCATTGTCTCCTGAAATACTTTCTATACCTGTAAATAATGAAGATAATTTTTCTATCTTGTCAGTATTATAATCTTGAGTGTCTATTCCTAAACTTCTAGCCTTCATTCTCATATTAATATCTTTAGTTATAAGAATGACTCTGTGATTTTCGCATTTTATATTATAGGCACAAGATAGTATTTTATGATCTGGTATGTTTCCTGCAAATATCTTTTTGAATTCTTCTCTCTCTTCATTATTAACATCTATAAATACTTTACTTTTATTATCAAGCAAAGCACCTTTTTTGAATATATCTTTAGTTTTTTGAAGTTCCTCATTTTTTTCTACAATAACATCAAGTTCTCGTATAAACTCTCTGGCATTGAAATTGATTGTATCGCTTCCTTTTTTAAATTTATCAACTTCTTCCAAAACCGTAATAGGTATAACTATATTAGTTTCTTCAAAAGAAAATATTGACTTAAAATCATGAAGTATAACATTTGTATCAAATACGAACACTTTCTTATTAGGTATAAAATTCTCTGTCATCGTAAATCCTTAAAATGATTTTTTAGCATAAAATAAATGCTATATAATAAGTATTGTACAAAAGAAAGAAAAAATCAAATTCATTAAACCCGT
NZ_CP046928.1_gap44	2137255	2141863	4608	GACTGCATTTTTAATATAAATTTAGGCAATATCCTATATTTAATAAATATTTTTTAAATATAAAGTTTTAGCACTTGCACTTTTTGGTTCTTTTTGCGGCGGGAAAAAGAACAACAAAAAAATTGACAAAATATAGTTATTTAGGTATATACTATAGATAAAAACTATAAAAGGAATTAAATATGAATAAACCAAAAATAGTAGTGCTTGACGGATTTATATTGAACCCGGGAGATATATCTTGGGGAGAAATAGAAAGCATATCAGATTTAACTGTTTATGATAGAACCGATTATAATAAAGTGTATGAAGCAGCTAAAGATGCTTGGGGAATATTAAACAGTAAAGTTGTTATAGATAGAAAATTAATGCAGTCATTACCTAATTTAAAATATATAGGAATGCTTGCTACAGGATATAATGTTGTGGATATTGAAGCTGCTAAAGAATTAGGAATTACTGTTACTAATGTAAGAGGATACGGCCCTCAGTCTGTTGCTCAGCTTGTAATGGCTTTTGTATTATCTCTTTCTTTTAGGATAGTTGAACATAATAATCAGGTTCATAATGGCGATTGGATAAAATGCAAAGATTATTCTTTTAGTTCTTATCCTTTAATGGAGATAGAAAATAAAACTATGGGTATATTTGGATTTGGAGATATAGGAAAAGAAGTTGCAAAAATGTCTGAGGCAATGGGAATGAAAGTTTTAGTTTATTCAAGAAGTAAAAAAGAAAATGTTGAAAATGCTTCTAGTATAGATGAACTTTTTGAGAGATCCGATTTTTTATCTCTTAATGCTCCTTTAAATAAAGAAACAGAAAATATTGTTAATATAGATTTGATTTCAAAGATGAAAAAAACAGCATTTTTAATTAATACTTCAAGGGGCGGAGTGATAGTTGAAAAAGATTTGGCTTATGCTTTGAATAATGATATTATAGCAGGTGCCGCTTTAGATGTGCTTTCAAAAGAGCCTCCTACAGAAGATAATCCTTTGCTTACTGCTAAGAATTGTTATATAACTCCGCATTTTGCAGGCAATACCTTAGAGGCTAGAACTAGACTTATGCATAAAGTTTATGAGAATATAAAAGCATTTTTGGAAGGAAACCCTATAAATGTTTTAACTAAATAATATTTATTATATATTAAAAATTTTTAAGTTTGTAAATTTTTTGTTGTTCTTTTTCCCGCCGCAAAAAGAACCAAAAAGTGCAAGGATAAAATTAGTACTAAATGATACTAAAATTTTCTAAATGTAAGGTAATTCATTAATTTAAGATAAAATATAGCCTTTAGCGAAGCGTATCCGAGCCTGTCGAGAGGATATAGCTTCTCGCCTGCCGTAGGCACACTTCGTGAGGCGGCAATACTATACCTAAAGGTACTCTTTTCAGTCGCAGTACTTCCTTCGGACGCAAAAGAAGTGTGGGTGTTACGAAGTACGCAGAGCGGTGTGGCTAGTCTCCACAAATAATAAAATAATTTTTTACAAAATATAGTTGTTTAGGTATATATTATGTCTTTTAACTCATTCAAAAACATGTTATTTATTTTATGAGTTGATACTGTAACCCTTAGAAAGTTAGCTAGTATGTTTTCTTTATCATATTTTTTTACGAATATATTTCTTTTTATAAGTTCTTCGTATATATAATCAGATGTTTTATTTACATGTTTTATTAAAAGGAAATTCGCTCTTGAAGGCACTACTATAAAACCTTCTTTGCTTAAGAGTGTATCCAATCTTTCTCTCTCTAAAACTATATCGAATATATTATTATACGAAGTTTTTTCATCTCTCAAAGCGGCAAGCGTTATAGTTTCGGATATTTTATTTATTCCGTATTTCTGTCTTAATTTTGACATGTTTTCTATATTTTCTGAATTGGAGATTATAAAGTTAATATTAAGTCCTGATAAAGAATGAGAATGTGCAATGGATCTTATTATAATTAAATTTTTATATTCATTGATTAATTTTATAGCACTTTCTCCTGCAAAGTTTATATATGATTCATCTATGACATATATTCCTTCATAATGTTTTAGAAACTCTTCTATTTCTTTTATATTGATGAACATTCCTGTTTCAGCATTAGGGTTGCTTGCTATTATTATAGAATTTTTATTTTTTATATGTTTTTTTAGATAAATATTATAATCTTCTCCAGCTTCAATCACATCATAATGCATTTTATAATAGAGAAAAATTTTAGTATATAAATCTCTGTAAGGCTCTTGAATAAATATTTTGTATTTATCATAAGAGTTGATAATGCAAGCAAAAGCTTCATACATACCATTAACAGAAATTATATTATTATTTTCTACATTAAGATATTTAGACATTTCTTCATCTAATTGCTGAGGGCTATACTCAGGAAAGAATCTTAGAGAATCAATATCAAATTTTTCAAGCTCTTTAATAATATTTTTGGACGGCTTGTATGGATTTTCATTTTTGTCTAAAAAAATTTCTTTGTTCATTATTGTTATGCTCGCCTACGCCTAAAGGCTTTACTTAATAAATTAAGTTACACGCCTGTGTACCTTCGGTAATGTCTTCGGCTTGCTTATTTATTTCTATGCTCGCCTACATCTAAAGAATTGATTTAATAAATTAAACCAATTTCTTCAGCTTGCTTTATTACTGCTATGCTCACATACGTATAATAAATTAATTCACATATCCGTGCATTTGTTTTATTATTGCTAATAAAAATTGTGTTTATATAGTTAAACGTATTTTACAATTTTTATGTTTAGCATTCTAATATAAAAAATTATCATTTATAATTATCTTATTATTTTTAAATTAGTTTACACTTTTAAATTTTATGTTTAGTTAATGTAATATTTTTATTAAGTAATGTATTATGTTTAAATAAATGGCAAATCTTGTCGATAATTATTTTAGGTTGATTATTCACAATCAACTCAATTTTGTATATTATATCTTAAATTAAGAGGCAGATTTCAATGTCAGTTAAACAGGTTTCCGATCAAGAAATATTATCAATGTATTTAAATTATGAAGCAGTAGAGAAGGGCTTATCTTCAAATACTTTAGAATCATATAAAAGAGATATTGTGATATATCTTGATTTTTTAAGCAGAAATAAAAAATCTATTTTAAAAGCTACAAGAAAAGATATTGAAAAATTTTTAAGCGAAAGAAAGGAGCAAGGTTCAAAATCAAGAACTGTGGCTAGAAACAAAGTAAGTATAGTTAATCTTTATAAGTTTTTAGTAATGGAGAATTATATTTCTAAAAATCCTACAGATAATTTAGAAGTTATAAGATTAAAAAGAGTATTGCCTGAATCTCTTACAGATACAGAGGTAGATGATTTGCTTGCAGTTCATAATGAAAAAACAGATAAGGGATTAAGAGATAAAGCTATATTTGAACTTATGTATTCTTCAGGACTTAGAGTTAGTGAAATTTGTTCTTTAAAAATTGATGATATATTTTTTGAAGGTAAGTATTTAAAGATATGCGGTAAGGGTAAGAGAGAGAGAATAGTACCTATAAATGACAGAGCTTTAGATATTCTGCAAAGATATATTCAGACAAGCAGAGTTATAATGGTGAAGGGTAAAAAGACTTCCGAATTATTTTTAAACTTCAGAGGCGATAAGATTTCAAGAGTAGGTATTTGGAAAATAGTTAAAGAAGCTATGAAGAAAAGTAAAATAGAAAAAAATATTTATCCTCATACTTTAAGGCATAGTTTTGCAACACATCTTATACAGCATGGTGCAGATTTAAGAGCAGTGCAAAGAATGCTCGGACATTCTGATATTACTACAACAGAGATTTATACTCATGTTGATTCTGCTCATCTTAAAAAACAAATAGCAAAACATCCTAAACATTCTAAACATGCTAGACAAAATACTAATATATAATAAAATAAATGAATTGGAACAATAAATGAAAAGAAGCATAATAGCAACAACAATATTATTACTTATATCTATATCATTGGTAGCATTAACTTTCGGTATAGGTGAAAGAATGACAATAGTCAGTTATAATGACAATGATCCTAGTTATCTCTTTGATGAAACAGAAAAGAATCATAGAATAGATATGTATAATCCTGATTCTCTTTCACTTGTTACATCAAAGCCTATATATGATTATGATTTATCAGTAGACCTGGAAGATATATATACGGAAGAAGAAATTAGTGCGGATTCGGATATAGAATATTTGAATCAAAATATGCTTCTTAGCGATGAAGAAATGAGCAGTGAAATGCCTAATCCTAATATACTTCCTGCTATGGTATTCAATGCTAATACTACCGATAAAGCGGCAGATAAACTTAGCGAAGCAGTAGAATTAGCTATAAAAAATTCAAGAAACAGAGAAGCTCCTAGGGTAGCAATAGATTTATCAAAAATATCAGTATTCAGATATGAACCTGTAGTTATTAATGCTTCTGTATATACTGAAGATGTTGTAAAAAATATAAGTATATATGTAAGATCCAAAAGAGATAAAATTGTTAGAATCAATGGAGATGAAAGATATTCTATAAATGTATTCAAAGTTAAAAATGCTGAATATAAAGGAACATATTTACATCCGT
NZ_CP046928.1_gap45	2206231	2210435	4204	AGTTGTATTTGACAGAAACGGATATATATATCATGGAAAAATAAAATCCCTAGCTGACGGTGCTCGTGAAGCAGGATTGAAATTTTAAGGAGTATTACCTTGGCACACGATATAAATAACAACGAAGAAAAAAGTATGTATGAAGAGCGTCTAATAACTTTAAACAGAGTAGCTAAAGTTATGAAAGGCGGAAGACGTTTTAGATTTGCCGCTTTGATGGTTTTAGGCGATAAAAATGGTCATGTTGGTTTAGGTTACGGTAAAGCAAACGAAGTACCAGATGCTATAAGAAAAGCTATAGAACAAGCTAAGAAAAACATGATAGAAGTAAATTTAAAAGGTGAAACTATACCTCATAATACAGTTGGTGTATTTAGAAGCAGCAGAATAATTATGAAACCAGCTTCTAAAGGTACAGGAGTTATTTCTGGAGGTCCTGCTCGTGCTGTATTAGAATTAGCAGGAGTTAAAAATATTCTTTCTAAATCTTTAGGAAATAACAACTCTATGAACCTAGCTAAAGCTACTTTTGAAGGTTTAAAATCTTTGAAAACAGTTGAGTTTATGGCTAATAAAAGAGGTGTAAGTATAGATCAGATTTATGGGAGGGCAGAATAATGGCTAAAGTTGTAATAACATTAGTAAAATCTCCTATAGGCTATGAGAAATCTCAAAGAGCTACAGTTGTGGCTTTAGGTTTCAAAAAGGGCAAAAGAGTTGTAGAAAAAGAAGCAACTCCTCAAATAAATGGAATGATAAATAAAATATCACATCTTCTTAAAGTAGAGTATAAGTGAGGTTCTTAAAAATGGCACAAGAAAATACAAAAATATTAAGAGCTCCTAAGGGATCTAGTAAAAAACGTCATAGAGTAGGACGCGGACAAGGTTCTGGTTGGGGCTGTACTGCAGGCAGAGGTGATAAAGGTGCTCAGTCTCGTGCCGGTTACAGCAGAAGAGCTGGTTTTGAAGGCGGACAAATGCCTTTACACAGAAGAATTCCAAAAAGCGGATTCACTAATGCAGCTTTCAAAAAATGTGTTAATATTATAAATGTTGGTGATTTAGATTCTATAGGCGGTAATGAAATCACAAGAGAAACTTTACTTCAAATGGGTTTCTTATCATCTAAGAGAGATTATATTAAACTTCTTTCTATGGGTGAAGTAAAAAATGCTGTTACTATAACAGTTGATATGGCTAGCAAAAAAGCTATAGAAAAAATAGAGAAATCCGGCGGTAAAGTTGTAATACATGAACGTAAAAAATATATTAGAAAAAAAGAAGATAAAAAGTCTTAAGGTAGATTATAATGTTTAAATCGTTTGCTAATATATTTAGAGTACAAGAATTAAGAAGCAGAATCTTATTTACTGTTATTGCTATATTAGTTTATAGAATAGGAAGCCATATTCCAACACCTGGTATAGATCCTACAGCTCTTTTAGGTTTCTTGTCCTCATCTCAAGGCGGAGGAGGACTTTTAACTATAATGGATTTATTCTCAGGCGGTGCTTTATTTAGATTTTCTATATTAGCACTTGGTATTATGCCTTATATTTCTGCTTCAATCATAATGCAGCTTCTTGGCGTAGTTATTCCTGCTTTGGAAAGAATGCAAAAAGAAGGTGAGAGCGGTCGTAAAAAGATAAATCAGTATGTTAGATATCTAACTCTTGTTCTTTGTATAGTACAATCTGCAGCTATGGCTAGCTGGATTCAGAGTATAAATGAAGGTGCTATGATATTTATGAATCCTGGTATAGGATTCATACTTCTAGTGGTTGTAACAGCTACTGCTGGTACCATGTTCTTGATGTGGCTAGGTGACCAGATTACAGAACGCGGCCTTGGTAACGGTATATCTGTTATAATTTTTGCCGGAATTGTTGCTCGTATTCCTGCTGGTGTGTATGATGTTATACAAAAGAGAGAAAGTGAATATTTGAATTCTTTAGTAATAGTTCTTTTCTTTATAATTTTCGCAATAGTAATATTCTGTGTAGTTTATGAAGAAAGCGGACAAAGAAGAATTCCTGTTCAGTATGCTAAAAGAGTTGTAGGCAGAAAAGTATTCGGAGCTCAATCAACTCATATACCTTTCAAAATCAACCCATCCGGTGTAATTCCTATAATATTTGCTTCAGCTTTAATGGCAATCCCTGCTCAAATAGCTAGCTTGACTAGAGGAGTTCAATGGAGATGGCTTGATGCATTGCTTAGATTCTTCTCTTATGGAAGTTGGGCATACATAATTCTTTATTGTTTATTAGTTATAATGTTTGCCTATGTTTATACATCAGTACAATTCAACCCTGATGATATAGCAGAGAATCTTAAGAAATCTGGCGGTTTTATACCTGGTTATAGACCTGGTACTCAAACTGCAGAATATTTGAAAACTGTATTAAGCAGAATCACTATAGGCGGTTCAATATTCTTAGCAGCAATAGCAGTATTTCCAGATTTAATGTCTAAGATTCCTATATTTGCTCCTTTCAGAGGTACAAATAATTCGCTTGTTTATTTGATGGGTGGAACATCAGTAATGATTAGTGTAAGTGTTGCTGTTGAGTTATTAAAACAAATAGAGTCTTATTTGCAAATGCATAACTATGACGGCATATTAAAGAAATCTAAGGTGAGAAGGTAATAATATGGCTGAGAGAGAAACTATAGAAGTAGAGGGTACTGTAGTAGAGCCTCTTCCAAATGCTACTTTTAGAGTAGAGTTAGAAAATGGTCATAAAATATTGGCTCATATATCAGGTAAAATGCGTATGAATTTTATCCGCATACTTCCTGGAGATAAAGTAACTATAGAAATGTCTCCCTATGATTTAACAAAGGGTAGAATAATTTATCGTTATAAGTAATAAATTAAATGGAGATTAGTTACAATGAAAGTAAAAAGTTCTATAAAAAAACGTTGTAATGACTGCCAAATAGTGAAGAGAAAAGGCGTCGTTAGAGTTATATGTAAGAAAAACCCAAGACATAAACAAAAACAGAAGTAATTAATTTAAGGAGATAATTAATATGGCACGCTTAATGGGTGTTGAAATAAGAAATAATAAAAGAATAGAAATAGCCCTTACTGATATATATGGTATAGGACGTACTCTTGCTCATGTTATTTGTGATAAAGCTAATATAGATTACTCTATTAAAGCTAAAGATTTAACAGATGCACAAATTACTGCTTTAAGAGATGCTATAGAAGCCACTACTAAAGTAGAAGGTGATTTACGTACAGAGCTTTATAATAATATAAAACGTTTGAAAGATATTCACTCATACCGCGGAATGCGTCATATTAAGAGGCTTCCTGTACATGGTCAGCGCACTCGCACAAACTCTCGTAATGCTAGAGGCGGCGGTGCAAGAAAAGCTATTGCTGGTAAGAAAAAAGCACCAGGTAAAAAATAATTAATGGGGGAGAATAGTGGCTACTCAAAAAGGTAAAAAAACTCTAAAAGATAAAAAAATTAAAAAAGATAGAAAAGTTGAAGCTTTTGGTATAGTACATATAAAGGCTAGCTTTAATAATACAATAGTTACTATAACTGATAGAAATGGCGACACTTTATCATGGGCTAGTGCAGGTTTAGACGGAGATTACAAAAGTAGTAAAAAATCTACACCTTTCGCAGCACAGGTTGCTAGTGAAAAAGCATCTAAAAAAGCTTATGAAATGGGTGTAAGAGAAGTGGAAGTTTATGTAAAAGGTCCTGGAATGGGAAGAGAAAGCTCTATAAGAGCAGTTGAAGCTTCAGGTCTTAAAGTTAAACTTATCAAGGACGTAACTCCAATGCCTCATAATGGCTGCCGTCCTAGAAAAAGAAGAAGAATATAATAGTTAATTAAGAATTGTATTGAAATAGGAGATAAATAATTATGGCAAGATATAGAGATGCTAGTTGCAGATTATGTCGCCGCGAAAAAATGAAACTTATGTTGAAAGGCGATAGATGTCTTACTGCTAAATGTGCTATAACAAAAAAGAGAGATGTACCAGGTCCTGCTAACAGAAAAATGAAACAGTTATCAGAATATGGTATTCAGATGAGAGAAAAACAGAAAGTTAAACGTATTTACGGCGTTTTAGAAAAACAGTTTAGAAATTATTATCATGAGGCTATTCGTGTAGCTGGTGTATCCGGTGAAAACTTACTTAGATTATTAGAGCTTCGTTTGGATAATGT
NZ_CP046928.1_gap46	2235149	2235954	805	TCAGCATATACCAAAAGAATTTTCATCTTCTCTTATATCTAGTTTGCAAGATATTTCTAAAATTAAAATTAAAGAAGCTCAAGTAGATGAGGAAATATTGCCGTCTATTGTATATATCTCTCCAGGCGATAAGAATATGGGTATATATATGGATAGCAAAGGAAAATTAAGAATTAAATTTTATCCGGATCCTGATAAAAAATTTGTTTATACTCCATGCGTGGATTATTTATTTAATACTATTGATGATGTTTTAAAAGATAAGGCTATTGCTATTGTGATGACTGGTATGGGAAATGACGGCACTAGCGGTATGACTAGATTATATAATGATAATAATTTAACTATTGCTCAGGATAAAGCAAGCTGCACAGTATATGGTATGCCTAGAAGCGTTATAGAAAATAAAGTTGTGCATTTGGTATTATCGCTTTATGATATTGCCGAATTTTTGGTACAATATTTGAGAGGTAAACTTAAATGAAAAATATTTTTATTTTAACTATAGTATTGATTGTTTTTGCATCTTCTTGTAAAAAAGAATATGGTGCAGAATATAGTTTATATGAATATGAAAAATATATATCTAAACTTATATCAAATAAAGATACATTAGAGTTTACTTCTAATTTTATTTCAAATGTAGATGAAAATATAATTAATACTTTAAATGAAATGAGTTTGATATATGAACTTACTCCTGTAAATATTATAGAGTCTATAAAAAATAGGGGTGCTTTATATCAAAGAATATTTTCTGATAATGATGATTCTCTTTGTAATTATCTGCCTAAAGATGGGGGAT
NZ_CP046928.1_gap47	2237089	2239823	2734	TTATGATTTTACCCTTCCGTATAATGTTATTTTAATATATCCAAATATACATGTTTCTACTAAATTAGCATATTCAAAGTTTACCCCTGATGATTTCAATAAATCTGATTTATTTTATATAAAGAATATGCTTGATAATAAAGATATTGATTTTGATAAAATAGTTTCAAAAACATATAATGTATTTGAGAAGAATGTTTTTAATTTAGAAAAAAGAATAGAAGAGATAAAAAATAAAGCAGAAAGTATAATTAAAAGAAAAGTAACTATGAGCGGTTCAGGTTCTTCGCTTTTTGTTTTATATAATAATGATGATAAAAATATAGAAGATGATTTTCAAAAATTAAAAAATGAATTTAATATTGATATATATAAATTGAGTTTGATTTAATTGTATTTAATGTTTTTTATGTTATAATTTTGATTATTATAAAAATGAAATATTAAAAAATTAAAAGAGAACATTATAAAAAATGCTAAAAAAGATATTTATTATATTATTTATTTATTCTTCTGTATTTTTTGCAGCGGATTTATCATCTTTATCATCAAAACATTCATTATCAGTTTTAGAAACCAGCAGTACAAGATCAAAAGGTATGATGGGGGCAGATTTTTTAATAGGAAATGATTCATCTGCTATATTTAAAAACTCTTCATCTTTAATGGGCGTACTTAGGGATAGTGTTAATTTGAATTATACTGTTACATCCAATCCTCAGAATGATTACATATTCAATGCTTCATATGCTCATATAGGAGGTTCTTATGCTGTAGGAGTTGGTTTTGCGGGTGAAATAAATAAAGTTTATTCTTATGATAGTTTAGGTATTAAAAAAAATGATATATATAATGGACTTTATTTAATCAATGTAGGCGCTGCTTATGCTATTAATGACAGTTCTTTTATAGGCGGAAATATTAAAAGTGTTATAAATAATAGCGGTAAAGATAATAATTTTGGTATGTTTTTTGATATAACATATATGCAGTCTTTATTTACTCCTAATTTTAAACTTGGTGTTGGAGTTAGAAATTTCGGATTTTATGATAATGTATTTGCTAAAACAGATACTGATATAACAGCTTCTGTAGCATACGCTAAAAGTGATGGAAGTTTTGCTGTGTCAGGCCAATATACAATATCAGTACCTTCTGTAAGCCATGAATTTTCTGTTGGTCTTGAAGCTATGATTGTAGATTTCAATAAATTAGGACTATTTAAAGAAAAAACAGCATGGTATGATGATTTGCCTGAAAGTATATTAGATGCTCCTGATTTTGTACAAAAAAGACTAGCTCAGAAACTTCCAAGCGGTATTTTAACTAGATTAGGAGTAGGTACTAAAGGTGTTTCTTTAGGTTTATCTGTTTATTTGAATTTATTCAGACTTGATTATGCTATTAGTTTTAATAATTTTAGTAAAGACAATATTTCTCATGATATAGGCATGAGTTTTGTGTTTTAATTTAGGTTTTTTATGGCTATTTGTAAACAAAAAATATCTAATACAGAAAATTGCGATAGAGAAGAATATAAAGATGGTTTATGCATTATACATCATAACAGCAATGATAAACCTGAAGGACTTTTCAGAAGAATAATAAGAGATGATATTTATAGAGGTTTCTATAACTTCTCTTATATGATTAGTTATGATGGATTTAATTTTGACGGATTAAAAATTGAAAAAAATTCTAACATGCTTTTTACCAATTCTTCATTTTATGGTCCTTTTCAAATGAAAAATTTTAATTTGTTTGGTTCTATGGACTTTACAGACAGTAATTTTGAAAGCGGTTTTTTTATTACAATGTCTAATGTATATAAAGAAATTATTATAAAAAACTCTAAAATAAATATAGATTTTGATATGTCATTATCCAATTTGCAGTCTCTTGATATTGATAATATAACAGCGGACTGTAATTTTTCCATTGCTAATTCTGATATAATTGATAAATTGTCATTTAATCATATACATTTTAAAAATAATTTCAGTATGCTAAATGCAAGTTTGCAGGGAGAGTCTAGTTTTGAAAATATTATTATAGAGGGCGATGCTGATTTTAGGAATATGGTATTTTATAAATCATTAAAATTTGAAAATGTAGAAATAAAGGGTAGGACTATACCTTATGAAATTATTGATAATGAAAAAATAGAATTCGTAAATGTTTTAATAAATGGTAAAGTTATAGATGACAATCAAAAAGAGCGAAAAGAAAAAGAGAAAAAGGAATCTCAATTAGAGAAAATCAAAGAGGCAAAGGATAAAATGTATAAAGAAACTTTGCTTAATGATAAATATTCTAGAAGAAAATAATTATCAAAGCAGATTTCTTTTATCTTTTAATTCATCTTTTTCCCTTATATCTTTTAATATATCTTTAATTTTTGAATCTTTATTATTCGGATAAATTAAAAGTACGCCGTTAGATTTTACTATAGTTAAATCATCAACTCCGTCTATTGCTATGAAAGTATCTTTATCATCGTTTATTATGATATTACTTTTTGCTTCTTTAGCATATACATTTCCAATTATTACATTATTATCAGCATCTTTATCATGTATTCTTCCAAGTGCAGAAAATGCGCCCAAATCGTCCCAGAAGAAGCTGGATTTTATGCATTTAATATTATTCAATTTCTCCATTATACCAAAGTCGAAAGATATTTTATTTATAGTTTTGAATATTTCTTCTTTTTGAGTATCATCTTTTGCTTCTA
NZ_CP046928.1_gap48	2242028	2244812	2784	ATAGTTTTTTGTTCCTCCAACGGTATCCTGATCCATTCTTTCTACTACAGCATTTGGAAAAAGTATATTTAAATGTTCTTCTACTTTTTCGGTACCGCTTCCTATTCTTTCAAAATGTCCTATTTTACATTCATCGCAAAGCTCATCTAAATATTGAGTATATCCGCAGTAATGACACATAACAACATTTTTCTTTTTATGATAAGTAAGTGATACAGAACAATTGGGGCATTCCAAAACTCTCTGACAATATGAACAGCTAACAACAGGGGCATAGCCTTTACGATTAAGAAATAGTATAATTTGTTCTTTTTTTTCCAATTTTTTATTTATTTCTTCAACAAGTTTTTGAGTGATCATAGGAAAAGCATCAGCTCTTTTTTCCTTTTTCAAATCTAATATTTTAACCTCAGGCATATTAACAGAAGCTGCTCTTTTCTTTAGACTTAGAAGTTCTATTTTTCCAATTGAAGCATAGTAGAAACTTTCTATAGAAGGAGTTGCACTTCCTAAAAGTAATGTGGCATTTTCCTGAGATTTTCTATAGAAAGCAACCTGTCTTGCATGATATCTTGGAGTATCCCCTGCCTTATAGCTTGTTTCATGCTCTTCATCTATAACAATTATACCTAAATTAGGAGTAGGGGAGAATATAGCGCTTCTAGCTCCTATAACAATTTTTATCTCATCTTTTTTTATCATCTGCCAATATCTGTATTTAGAATTAGGAGATAATTTGCTATGAAGTACAGCTATTTTTCCTTCAAATCTTTCAGCAAATCTTTTTATAGTTTGAGGTGTTAAAGATATTTCTGGAAGTATAACTATTGCCTGCTTTCCCATATCAACGACTTTCTTTATAGCTTGAAGATATACTTCTGTTTTACCGCTTCCTGTTACTCCATGAAGGAGAAAAGTTTTTGGGTTATTTGAGTCTATACTTTCATTAATTTTTTTTAATACAGCTTCTTGTTCTTCATTAAGTTTTAAATATGGTTTTTGTTTTGCAGGTATTGGTTTTGCTTTTTTTTCTTTTTTTGCTGGAGTACCTACAGGAAGTGCGGCAAATAATGCCTCTCCAAAAGATGAATGATAATAATTACTCATCCATTTTGCTAATTTGAATTCTTTATCTGAACAAATAGGTTCAAGATCAATTCTAGCTTTGATAGGATATACTTTATAGTTACCGTCTATAGTTTCAACTTCTTCTACAACAATACCCTTATTATTTTTTCCCTTAATAGGAGCTACAACTCTACATCCTACCAAGCTATCATTAATCTCATCTGGTTTTCTGTATGTAAGTATTCTATCTATAGGCAGATTGAAAACAACTTTAACATACATTATTACATTTTTTCGCGACGTTTTTTATCTTCATATTTAGACATGCAGTTTACACATCTTAAAGTATAAGGCAAAGCAGTTAATCTTTCTTCATTGATTTCTTCTTTACAATCAATACACTTACCATAAGTGCCTTCTTCTATTCTTTTAAGCGCATTATTAAGCATATCTAATTTGTCTTTTTCTTTTTGAGAGAAATTCATTAGATTTTGTTTTTCATAAGCTTGAAATGCTATATCAACCATATCACCATGAGAATCATCTTTAAGAGCTTCATAAGTTTCATTTCCGCTTAATAATTCATCTAAAGTCTTTCTCTTTTCTTCTAATAATAAATCTTTAAATTTCTTTAACTTCTTAGCAGTCATTATACAAACCTTTAAGCAATAGTAACCCAATAAAAAGATATCTTAACGTTTTGAGAATTGGAAACGTTTTCTAGCACCAGATCTTCCGTATTTTTTACGTTCAACTACACGAGAATCTCTAGTAAGGAATCCATTTCTTTTTAAAGTAGTTCTGAAATCCTGACTTTCACCCACTAAAGCCTTAGCGATACCATGTCTAACTGCATCAGCCTGAGCAGAAACACCGCCGCCATGAACATTAGCAAATACATCATATTTTCCAAAATTACCTGTTACTTTCAAAGCATCTTCTACTACTTTAAGAAGAGCTGCTCTATTGCAGAAGTATTCAGCATAATTTTTTCCATTTATTAAAATTTTGCCGCTGCCTAAAGTTATACGAACTCTTGCATTAGCTGTTTTTCTTTTACCAGTAAAAATAGTTAATTGTTTAGCTGCCATTTTTATCTCCTAATTATATATTTACTACAGTAGGTTTATTAGCTTCATGCGGATGCTCGCTTCCTGCATATACTTTTAACTTCTTAAGATGAAGTCTTCCTAATGGATTATGAGAAAGCATACCTTTTACAGCTATTTTTACCATTCTTTCAGGATTTTTTTCTAATAATTCGCCGTAGCTTATAGCTTTTATACCGCCTGGATAACCTGTATGTCTATAGTGAATTTTTCCTTTCTTTTTATTTCCTGTTAATACTATGTCTTTAGCATTGATGATGATAACATAATCACCATTGTCTAAGTTGTATGCATAGTCTACTTTATGTTTTCCTTTAAGCATATAAGCTGCTCTGCTTGCTACTCTTCCTAATGACTTACCTTTGGCATCGATTATTAGCCAATTTTGCTTTATATCTTTTTGTGATAAAACGTAAGTACTGTTTTTTGTTTTTAATGTTTTTTTATCCATAACATACACACCTTGATTTAACGTTTTAAAAAAATTTGGTAGTTTTAATCTTAAAAATGTAACGGTGCGTAATTATAACATGAATATATTGTAAAGTCAAATTTAATTTATAAAATTATTCTAGCTATTTGAAAGCTTGTTTTGATGCCTATTAAC
NZ_CP046928.1_gap49	2252212	2254093	1881	GTCAATATATTTTGTATAGGAAATTTACGATTTTTATACACAATTTGTTAAACTCAATCAAAAAAACAGCTATATACAACATTTGATACATAAAATATTTGTAATTAACTATTGTAAATATTTATATTTAGTTTAAAATTAGAACATAAAATGACTTCAATATTTTTTTAATGGAGTTTTATTATCATGGAAGTAAATATCAAAGAGTTAGAGAATAACACTGTAATATTGAAATTGGATGGAGATATTGATGTTTATACCTCATCTGATTTAAAAGATTCTATTTTTTCACAAATAGAACTTGGAGCAAAAAAAATAATAATAGATATGGAAGATGTCTATTATATAGATAGTAGTGGAATAGGGGTATTTATTTCGGCACTTGGTACATTTAAGAAGGTAAATGGTAAAATATGCTTTGTAAAAGTTACAGATCCTGTTAAAAAGGTGTTTGAACTTACTAAAATTAATAGTTTTTTCCCTGTATTTACAACAGAAACTGAAGCTTTGGCTAATTTTTAATTTATTTTGAATTTTTAATATAAATTAAATTTAGATAAAATAAAAAAATAAGCTGCAATAATAGTTGATTTTTTATTTAATAGTTATAAAATTATTACAATTTATAATAAATATTTTTATCATTTTTATGAAATTTGTATACAAGGTAGTAATTGTTTATTATGATTAAAGAATTATTTTTGCTTAGGAAAGTTTTTATATTAACTTTAATATTAAGCTGTGTATTTTCTGTCAATGTTCTTTACGGTGCTGAAACTATTAATGATTATATAATGGAAGAGATAACTGATAATACTTCCCATCCATTCTATACAATTCCTATAAAATTTGGAAAATACATTGATTTTGATTTTAAAATAACAAAACATATAATATTGGTAACTTTAGCGGGTATTTTATCTGTATGCAGTATGAAATATTTAGCTCATAAACTTAAACGTCCTTTAAATAGACCTACATATTTACAAAGTATATTAGAAGGTTTGATAGATTATATGAATAAGGATGTTATCGGTGCTACTTTAGGAGAAGAGGGTAAGAAATATGTACCTTTTTGTCTTACAGTATTTTTATTCGTATTATTTTCAAATATATTAGGACTTATACCGGCATCCATTAAATTTCCTACAGAAGACGGAAATCATTCTTATATAGCAGGAGGACTTGGAGCTAATATAGGATTCACTGCTGCTATAGCTATAGTTGTATTTATAGTTTATATTGTTGCTGGAATAAGAAAAAAAGGCATAATAAAATATTGGACTTCTTTGGTGCCTAAAGGTTTGCCTATACCTTTAATACCTATAATATGGGTATTAGAGTTTATTACATTATTCAACAGAGCTTTTGCTCTTGCGATTCGTTTATTTGCAAACATAACAGGCGGGCATATAATGATGATAGTTATACCGTATTTGATAGTAATGTCTGGTACATTATTAGTTTCCCCATTTGCGGTATTATTCTTAGGATTCATATATGTTCTTGAAATGTTTGTAGCAGTTTTACAGGCTTATATATTCTCATTATTATCAGCAGTTTATATTGGAATTGCTATTAGTGATGAGCATTAATTATAAATAAAATTATCATAAAAGGAGAATAAAAAAATGGAACTTTCTATATTAGGTGCAGCAATTGGAGCAGGACTTGCAGCTATAGGGGTTGGTTTAGGAATAGGTTTTATAGGTTCTAGAGCAGTAGAAGGAATAGCTAGACAGCCTGAAGTATCAGGTAAAATACAAACAGCAATGCTTATAGCAGCAGCATTAATAGAAGGTGTTGGACTTTTTGCTTTGGTTATTTGTATTCTTGCACTGTTCACAAAATAATACAGATAGTAAATAATTGATTTGGAGG
NZ_CP046928.1_gap50	2259175	2262900	3725	AGAATATAGCGAGGAGTATGATATATTTGAGGCTATAAAAAATCATAGTTTAAAGAGAGTAATGGAATTAATAGAAGATGGTGAAGATATTAATCAAAATGATAGAGACTTCATCATACATAGTGAGTTTATGGATGCTAATTACTTTATAGAAGGTAGTACTCCTTTAATATTTGCGGTATTTTATAGGGATTTGGGTGTAATGAAATATTTACTTGATAATGGTGCTGATCCTTATATTAAAGATGATAGCAGTAAGAATTCTTTTTTATGGGCTTGCGGTGTTGGAAATGTTGATGTAATAAAAATGCTTGTAGAGTTTGATTCTGATTTAGTTGATTCTCAAGATAGATTTGGTTTAAATGGACTTCATATGGCTGCTTGGAATGACAATGTAGAAGTATTTGAATATTTAGTTAATGATTTGGGTATGGATATAAACAGCACTGATGAGCACGGAAACGGAGTTTTATATTATGCCACTGAATATGCAACATTAGAGAAGTTAAGAGAGCTAGGAGCTGAAGAGTAATTTTATAAAAATGATGCATTTAGTAGATAGAGTTATTTTCTAGACTTAATTAGCGAACAATTTTTATTAAAAATAAGATAAAAATTGTGAGTATTTCATAAATATATTGAAGATAAATATATAAAAAAATCGAGCGTCTAGCAATGTCTAGAGCCTTAAAGCGAGATTTTTTAATTATTAATAAATCAATTTTTATTAGCAACAATATAAAAATTGTGAGCGTCTGGCAAGTTTACTTGACAGACCCGATTAGCGAACAATTTTTATTAGCAACAATAGAAAATAATTCGTTTTTATTGTATAATACTTCAGAAATTATTAATTACTATACGGTGGTGTTTATGAAAAGTATAAAAATCTCAAAAAGTGTATTATTGGTTTCTTTATTATCAATTATTTTAATTGTGTCATGCGGTAAAAAAGAAGAGCCTAGTGTAAGTATAAGTAATAATTCTGTGTATGTAAGTGATCCAAATAATATATATCATAAAACTTATACTAATGTTGTAAAGGTTCAGGGTAAATATGTTAGTATGAACGCTGCTTTTTCTTACGGCAATAGAAAAGAAGGAGAATACAGCGAGGAGTATGATATATTTGAGGCCATACAAAATCATAGCTTAAAGAGAGTACAGGAATTAATAGAAGAAGAAGGCGAAGATATAGATCAAACTTATTTTGGAGATAGTTTATATAGTGAATTTATGGATGATAGTTATGCAATAGACGGGGGCACTCCTTTAATATTTGCTGTATTTTATAGAGATTTGGGTATAATGAAATATTTGCTTGATAAAGGTGCTGATCCTTATATTAAAGATGATGATAGTTGGAATGCATTTTTATGGGCTTGCGGCACAGGCAATGTTGATGTAATAAAAATGCTTGTACAGTCAGATTCTTATTTAGTTAATTCTAAAAATATGTATGATGCAAACGGACTTCATATGGCGGCTTTGAATGATAATGTAGAGGTGTTTGAGTATTTAGTTAATGATTTGGGTATTGATATAAACAGTACAGATGAGGACGGAGACGGAGTTTTATATTATGCCAATGAAGATGCAGCATTAGAAAAGTTAAGAGAGCTAGGGGCTGAAGAGTAATTTTATAAAAATAGTGGGTATCTAGTAAATGAATTTGCTAGACTCAATTAGCTCACAATTTTTATCAGTAATAATATAAAAAATTGTGAGCATTATATAAGTATAGTCAAAATAAATTATAAAATAATATAGCGTATATCAATGTACGAAGTGAATTGTTATAGCTTTATTAGCAACAATATAAAATATTTGTTTTTATAGTATAATACTCAAAATTATTAATTAGTATGAGGCGGTATATGAAAAAATTCTTATTTATTTCTTTTGTTTTAATGATTACTTTTATTATTTCTTGCGGTAAAAAAGAAGAGGCTAGTGTAAGTATAAGTAATAATTCTGTGTATGTAAGTGATCCTAATAATATATATCATAAAACCTATACTAATGTTGTAAAGGTTCAGGGTAAATATGTTAGTATGAACGCTGCTTTTTCTTACGGCAATAGAAAAGAAGGAGAATACAGCGAGGATTATGATATATTTGAGGCTATACAAAATCATAGTTTAAAAAGGGTACAGGAATTAGTAGAAGAAGAAGGCGAAGATATAGATCAAACTTATTTGGGAGATAGTTTATATAGTGAATTTATGGATGATAGTTATGCAATAAATGGAGCTACTCCTTTAATATTTGCTATATTTTATAGAGATTTGGGTATAATGAAATATTTGCTTGATAAAGGTGCTGATCCTTATATTAAAGATGATGATGGATGGAATTCTTTTTTATGGGCTTGTGGAACTGGAAATGTTAATGTAATAAAAATGCTTGTAGAGTTTGATTCTGATTTAGTTGATTCTAAAAATATATATCAGGGAAATGGGCTCCATGTAGCTGCTATGTATGATAATGTAGAAGTATTTGAATATTTAGTAAATGATTTAGGTATAGATATAAATAGTACAGATGAGGACGGTGATGGAGTTTTGTATTATGCTGAAAAAGATGAGGCAATAGAAAAGTTAAGAGAGCTAGGAGCTGAAGAATAATTTTATAAAAATAGTGGGTGTCTAGTAAATGAATTTGCTAGACTCAATTAGCTCACAATTTTTATCAGTAATAATATAAAAAATTGTGAGCATTATATAAGTATAGTCAAAATAAATTATAAAATAATATAGCGTATATCAATGTACGAAGTGAATTGTTATAGCTTTATTAGCAACAATATAAAATATTTGTTTTTATAGTATAATACTCAAAATTATTAATTAGTATGAGGCGGTATATGAAAAAATTCTTATTTATTTCTTTTGTTTTAATGATTACTTTTATTATTTCTTGCGGTAAAAAAGAAGAAGATATTATAAGTAATGCTAATAATTTAGATAATAAGATTGATACTAATGTTGTAAAGGTTAAGGGTAAATATGTTAATATGAACTCTGATTTTTCTTACGGCAACAGAGAAGAAGGAGAATACAGCAAAGATTATGATATATTTGAAGCTATAGAAAATCATAGTTTAAAAAGAGTGATTGAATTAATAGAAGAAGGTGAAGATATTAATCAAACTTATAGCGGCGGAAAAAAATATAGTGAGCTTCTTAATAATGATTATTATCTTGATGGAGCTACACCTTTAATGTTTGCTGTGTTTTATAGAGATTTAGGTATAATGAAATATTTGCTTGATAAAGGTGCCGATCCTAATATTATTCAAGATGAATATGGACGAAATGTATTTTTACTTGCTTGCGGTTTTGGAAATGTTGATGTAATAAAAATGATTGTAGATTTTGACTCTGATTTAGTTGATTCTGTATCTAGCCGTGATGAGAATGGACTTGATATGGCTTATTTGTATGGAAATATAGAAGTATTTGAATATTTAGTTAATATATTAGGTTTAACTACTGATATTTTGGATAATGTTGATGAAGAAGATCCATACGAAAATACTGAGGATATAAAAAAATTAAGAGAACTTCTGAATTAGATTATTTTTATATAATATTTTTTTAATTTTATTAATAAAAAATTATAAATAACGCACGGTGAATAGGATTTTATTTATAAATTCATTATATTTTTTATTTTGTATATTTTATAAATAAAATTCTTCGTGCGTTGTATAAGCAATAAAT
NZ_CP046928.1_gap51	2276481	2279962	3481	TAATTATAATAAAGATTATAATACTTCAAAATGCTATTCATATTTAAAGCATTTTATAAGATATAATTATGATATATCATTAACAGTAGGGCTTCATAATGAATATTACGGATATGGAAGCGGAGTATTTTTGAATTATTATAATACTATCATCAATTCAAATACACTTTTTGCTCCTAATTATATTGTAAGTTTTGATTATAATGATACTTTGAGATTAAACAGCGTATCATATTTTCCTTCAAAAGTTCTTGAAATAATAGATTTATTTGATAGAATAACTTATTCCGATAATCCATTAAATGATGAAGATGCTTTGTCATTTATTAGTGATAATTATTTAGAGAAAGAAGTAAAAGTAGATCCTATAATTTTTGATATATTTTCTTCTTTTGTATCTGATAATATGAAATTAATAGCTTAATAATAATTTTGCAAAAGAAAAGAGAGGGAAAAAATTCCCCCTCTTTTTTTATTAAAAAAATATAAATTCTAAAAATTAGAAGTTTTCAACACGTACTTCAAAGAATTTTTTAGCATGTTTACAAACTGGGCAAAGTTCAGGAGCTTCTTCGCTTTCAACGATGAAACCGCAGTTTCTACATTTCCATTGAACTTTAGTAGCTTTTTTGAAAACGCTTCCGCTTTTTACAGCTTCTCTTAATTTAGCATATCTTTCTCTGTGTTCTTTTTCAACATCACCGATTAATTTCATAGAACGAGCTATTTCTTCAAAACCCTCTTCAGTAGCTTCTTTAGCCATTCTTGGGTACATATTTTCGTACTCTTCGTTTTCACCTTCCCAAGCAGCTTGTAAGTTTTGAAGAGTATCACCTATACCGTTAAGATATTTGAAGTGTATTTTAGCATGTTCTCTTTCATTTTCAGCTGTTTCAAGGAAAATAGCAGCGATTTGCTCATAACCTTCATTTCTTGCTACGCTAGCAAAATAAGTATATTTGTTTCTAGCCATAGATTCGCCAGCAAAAGCTTCATTTAAGTTTTTTTCTGTTTTTGTACCTTTTAAATCCTTCATTTTAATTCTCCTAAAAAAATATATAAATAATTAGTTTAAACTATATTATTTAGCAAGTTTAATTCTTTCAGCAACATAGTCCCAATTTACTAAATGATCAACAAAAGTAGTTAAGAAATCAGGTCTTCTGTTCTGATAATCTAAATAATATGCGTGTTCCCAAACATCGCAAGTTAAAACACCATGTACTTTATCAGCAACAGGGTTCATAGCATTAGCATATTTTCTAACTTCTAATTTACCATTGTTAATTACAAGCCAAACCCAGCCAGAACCGAATTGAGTTTTACCGCCAGTAGTGAAAGCTTCTTTGAAAGCATCAAAAGAACCGAAATCTGCTTCGATTTTTGATTTTACTTCAGCAGGTATGGCAACATCTTTTTTAAGCATTTTAAAGAATTCTTCATGGTTATAAACCTGACCTGCATTATTAAATACAGCTTGTTTATCAGCATTGTTATGAGATAAAGTGATTAATTCTTCAATGCTTTTTCCCTGTAATGATGAATCCTTAGATACTAAATCATTAAGAGTTGTTACATAAGTGTTTAAGTGTTTTCCATGATGGAAATCCAATGTGTTAGAAGACATATATGGTGCTAAATCTTCTTTTCCATAAGGTAATTTCATTAGATCAAACATACATTTTACTCCTTCATTTTATTTTAAATAAATAATAAACTATTTTAAATTAATGTCAAGCATTTATTAAATAATAAGAAAGTTTTATTAGTAAAAATTACTATTAATAAATAAAGGCACACCAAAAATGGTATGCCTTTAAATTAGTTTTCTTATTTTTTTAATTAGTTAGCAGCATCAGTAGTTTCTGTTTCTGTAGTAGCTGTTGTGTCAGTAGTAGTTCCTGGAGCTGCTGCTTCGTTTTCATAATCTCTGTAAACAGGCATTTTTTCTCTGCTTAATACTTCGCTTTCAGTTTGACCATAAACAAATCCTAATTCATCATAGTATTTAGCATAAGTAGTTCTAAATCTTTCAGAAGTAGTATATAAAACTTTATGGTATTTAGTTATTAACAATTTATATTTAGCAGTTTTAATATTTTCATCAGCTGTTTTTAAAGTAGTTAAATCCCAAAGATTATTGAACATTTCATTTAAGAAATAAACTTTACTTACATCGCTGTTCTGATTGATAGTAGCTAAATTGTAGTTAACACCTGCTAAATAAGTGTTTAACATAATCAATTTTTGAGCATCATTTTCACCTGATAATTCATTATTTAAAGCATTCATTAAATGGAATCTGCTTTTTGCATAATATCCAGCAGTACCTTTAAATAGATTCAAAATACCAGCATAAAGATTTAATTCATAATCAGCTTGTTTTAATTCATTAGTTTTTCCAAGTATTTCATAAATAGGCTTTATATCATCATAAAGTTTGAAAGATTTATCTAATTCATGAAGAGCTATATCTATATTATTATCATTAGCTAATGGGTTAGCTACTAAATCATAGTAATAAACAGCGTTATAGAACATTTCATTAGTATCAGTGAAATTAACATTAGTATAACGCTCTAATATTTTATTAGCTTTGTAAAGTACTCTAAATAAATAATCTTCTCTCATTTTTGTAAGATTAGTTTGAAGAAGATTGTATTCTTTATCAAGAGCAACATCATCAGTATTTCTTAAATCAGTGAAAGAAGGACCAAAAGATGTTATTTCACCTACAGTGTTAGTTCCTGTAGATTCTTGATTTTCAGTTGTAGTTCCAGCAGTAGTTTCTGTTGTTTCAGTAGCAGTAGTATCTGCTGTAGTTTCATCCTGAGCGTATACTGGGCTTAACGCTAGAATCATTACGCTTAATACAAGAAATAGTTTTTTCATGTATAACTCCTATATGTTTTTATTATAATTGTGTAACCAAGTATAAATGTTGCCTAAAGTTTTATAAAGCAGCATTTTAGGTTGAGTATTTGTATTAATTAGGGTATTGATTGTAGAATCTAATTCATCAATAGTCCATACAATACTTTCATCTGAAATAGAACTAGGAAATATATAATCTCTATTTTCTATTTCAAGATATTTATCTTCTAAAGACTTTTTTAAAATATTAATCATTTCTCTAAAAGCATCAATTATCTCATAGTCTCCGTCACTTAATAATGTGGTAAGTGAGGCTACTTGAGATGGATTGTTATTTAAAGCAGCGTCCATAAAAGATAATAATACTTTGTATATATTATCGCTTGTATTTGATTTTTTGTCAAGTACATATTTTACTGCTTTAGCTACACTTCCATAAGAATTTTCTAGTGCTAGGGCTGCTTTTTCCTCATTTAGTCTTAATCTCTTCATTAATATGGATCTTAAAGTATTTTCTGACAAAGGTGAAAATTTTAGCTCCATCATACGAGATCTTAAAGGTTTCATGCCGTCTTGCACTAATTTATTAGTATCAGAAGTAATTAGA
NZ_CP046928.1_gap52	2282997	2284949	1952	CAGAATAAATTCTTAGAAGAAGAAAAAGAAACTTTAAATAATCTCAAAGAAGAACTATCTAATAACATTGAAGAAAAGATCGATGAGAAAATAGAAAAGAACAATGCTAATTACAACAGCATAATGCTAGAGCAAAATCTTAAGAATTTTAAAGAGATATCAGATTTAAGAAAAAGTCAGAAAGATTTGGAAGAGAGTATAAAAGAAAATATCTCTAATACAGTTTATGCTTCAGTAAATGAGAATAATACAAAATATGATGAATTAATCAATCAGTTAGAAAATAAAACAGAAGAAAATAAAAAAGATATAGATAGTTTAAATAGTAAATTAGAAGAAGTAAGAGAAGAGCAGAATAAGTTTTTAGAAGAGGAGAGAGAATCTTTAAATAATCTCAAAGAAGAACTATCTAATAATGTTGATTCAAAAATCGATGAGAAAATAGAAAAGAACAATGCTAATTACAACAGCATAATGCTAGAGCAAAATCTTAAGAATTTTAAAGAGCTTTCAGATTTAAGAAAAAGTCAGAAAGATTTGGAAGAGAGTATAAAAGAAAATATCTCTAATACAGTTTATGCTTCAGTAAATGAGAATAATACAAAATATGATGAATTAATCAATCAGTTAGAAAATAAAACAGAAGAAAATAAAAAAGATATAGATAGTTTAAATAGTAAATTAGAAGAAGTAAGAGAAGAACAGAATAAGTTTTTAGAAGAGGAGAGAGAATCTTTAAATAATCTCAAAGAAGAACTATCTAATAATGTTGATTCAAAAATCGATGAGAAAATAGAAAAGAACAATGCTAATTACAACAGCATAATGCTAGAGCAAAATCTTAAGAATTTTAAAGAGATATCAGATTTAAGAAAAAGTCAGAAAGATTTGGAAGAGAGTATAAAAGAAAATATCTCTAATACAGTTTATGCTTCAGTAAATGAGAATAATATAAAATACGATGAATTAATCAATCAGTTAGAAAATAAAACAGAAGAAAATAAAAAAGATATAGACAGCTTAAATTCTAGATTAGAAGGAGTAAGAGAAGAACAGAATAAATTCTTAGAAGAAGAAAAAGAAACTTTAAATAATCTGAAAGAAGAACTATCTAATAACATTGAAGAAAAAATCGATGAGAAAATAGAAAAAAACAATGCTAATTATAATAGCATAATGTTAGAGCAAAATCTCAAGAATTTCAAAGAGCTTTCAGATTTAAGAAAAGGTCATAAAGATTTAGAAGATTCTATCTTATCAAATAATACAAAATATGAAGAAGTAATAAATAATATCAATGGCATCAATGATAAATTAGAAAGTTATTCAGAAGATTATAAAAAAGATATAAACAGTTTAAATACTAGATTAGAAGAAGTAAGAGAGGAACAGAGTAAATTCTTAGAAGAAGAAAAAGAGAATTTAAATAATCTCAAAGAAGAACTATCTAATAACATTGAAGAAAAGATCGATGAGAAGATAGAAAAGAACAATGCTAATTATAACAGCATAATGCTAGAGCAAAATCTTAAGAATTTTAAAGAGCTTTCAGATTTAAGAAAAGGTCATAAAGATTTAGAAGATTCTATTTTATCAAATAATACAAAATATGAAGAAGTTCTAAATAATATTAATGGCATCAATGATAAATTAGAAGGTTATTCAGAAGATTATAAAAAAGATATAAACAGTTTAAATACTAGATTAGAAGAAGTAAGAGAGGAACAAAGTAAATTCTTAGAAGAAGAAAAAGAGAATTTAACTAATCTTAAAGAAGAGCTTTCTAATAACATTGAAGAAAAGATTGATGAGAAGATAGAAAAGAACAATGCTAATTACAACAGCATAATGCTAGAGCAGAATCTTAAGAATTTCAAAGAGCTTTCAGATTTAAGAAAAGGTCATAAAGATTTAGAAGATTCTATCTTATCAAACAATACAAAATATGAAGA
NZ_CP046928.1_gap53	2484283	2484843	560	ACTATCTGAAGGTATAACTTTCAAAATAAAACCGCCTTTTTAGAATATATTTAATTATAATAATAATTAAATTAAATTCAATATTTTAATTATTAAAATAATTTTCCATAAATGTCATAAGTTTTTTCTGAGGCTCCACATAATTTTTTATTTCATCTTCTGTGAGGCATTTAAGCATTTCCATATCTAATTTTTCTAATTCTTTTAATATAGGCTCTGCAAATGTAATACCTTTTTTTGTTAAACTTATTAATCTGTTTCTTTTATCTTTTGGATTAATCTTTTTTTTGATATAACCTTTCTTTTCAAAATTTTCTAATATAGAACATACTGTTTGTTTAGGAACAGATAATTTTTCAGTTATTGTATTTTGAACGCATTCTTTACTATTGTATATTATAAATAAACTGAATAAAGCCAAATCTGTAATGCCGTACTGTTTAGCCCACAAATAATAAAATCTATTAGAAGTATACCAAAAATCATATATGACTTCCATATATTTTTTTATATCTTCATTTTTCATAATTTTATCCCATTCTTTAATATTTCTATTAATA
NZ_CP046928.1_gap54	2512636	2516541	3905	AAATAAAGCCATAGTCTTAAATAAAAGATTATGGCTTTTATTATTAATAGTTAAAAGCTGTATGATTTATGGTATTCAATATAAATCAATAAAAAATCAATATATTGAGAATATTAATATTTTTTATTATAATATATAAAGAGAGTAAAACTTATAAACAATATTCAAGGATAATATAATGAATATTTCAGACATTTCAAAAGATAAAATAAAATTAATAGCTACAGATTTAGACGGTACTTTACTTAATGATAAAAAAGAAATAGGAAGTTATACTATAGAAATACTAAATAAACTTATGAATGATTATAAAATAGAACTTGTATTATCTAGCGGACGGCCTTATGAAGGAGTAAAAAATTATAATAAACTTCTTAAAAATAATAATTATTCAATCATTTTTAATGGAGCTTGTATTGCTGATAGAGAAGGAAAAATTATATATAGAAAAACTATAGAGGAAAATATATCAGAATCTATAATAAAATTATCAGAAAAATATGATGTATGCATACATATTTATGATAATGGTAAATATATAGTATCAAAAGAAGATTTTCCTATAAAATCTTATGTACAAAAAGAGCAGTCTCTTCCTGCTGTTTACGGATTAAATAATATAAAGACTTATATAATTGATAAAATGCTTATTTTAGGACAAAGAGATATTTTAAATAAACTTCAAGCGGAAATAGATTCACAGTTTAATGTTCATTCTTGTTTTTCCGGACCTCTTTCTTTAGAGATAACTGCTAATGGTGCTAATAAGGGAAATGCATTAAAATGGATTTGCAATAATAAGGGTATAGATATAAAAGATGTTATTGCATTTGGCGATAATTTTAATGATATTGAAATGATTGAATATGCTGGTATTGGCGTTGCCATGGCAAATGCTGAAGAAGAATTAAAGCAAAAAGCTGATTATACTGCTCTTTCAAATGAAGAAGACGGAGTAGGTAAGTTTTTAAGTAATATTTTTTCAATATAATAATATGGTTATTTATATATTATGGAAGAATTAGATTTTATAAAAAAGAAAATAAAAAGTATAAAAGAAGAATTAATAAATATAAGGAGAGATATACATTCTCATCCTGAATTATCAAATGAAGAGTTTAGAACTATGGATATAGTATCTAAATATTTAACATTTCATAATATAAAGCATAGAACAAAAGTTGCAGGTACAGGTATTATAGCAGATATTGAAGGCATTGATAAAAGTTTTACAGTTGCTTTTAGGGCAGATATTGATGCACTTCCTATAGAGGATTTAAAATATTGCGACTATGCTTCTAAAAATAAAGGCATTTGTCATGCATGCGGACATGATGTGCATACTGCTGTTAATATGGGGATAGCAAATATATTTTCAAATAATAATGACAATAAAGAAAAAATTATTCCGCCATGCAATGTACGATTGATATTTCAGCCTGCAGAAGAAACTACAGGCGGTGCTTTGCGTATGATAAAAGATAATGCCTTGGAAAATGTTAATGTTATATACGGTCTTCATGTTGCATCTAATGCTGATATCGGATATATACAGATAAATGATAATATAGTTAATGCAAGCTGCTTAGATTTTATAATAAAAGTTTATGGAAAAAGCAGTCATGGAGCTAATCCTTCAGGCGGAGTGGACGCTATAGTTATTGCATCAAAAATAATAAATGATTTACAAACAGTTATAAGCAGAAATATAGCTGCAGAGGATAGTGCAGTTATTACTATAGGTACTATTAACGGAGGAACTGCTACAAATATAATATGTGATTATGTTGAAATTACAGGAACCATAAGGGCTTTAAAAGAAAGTATTATGGAGAAAGTAAAATCAAGAGTAAAAAAGATTATCAAGTTTGTATCTAATTCTTTTGACGGAGATGCTGAGTTTATAGAAACTGTTTATTTTGCATCTCTTGTAAATTGGAAAGATGCATCAAATATTGTAAGAGAGAATGCTTTATATTTATTGGGAGAAAATAAAGTATTAGAATTAAATCCTTCTTTGGGTGCTGAAGATTTTTCTTTTTTTATTCAGAATAAACCAGGAGCATTTTTTTATATAGGTGCCAAAAATGAAAAGAAAGGAATAACACATAAAGCACATAATGGATTATTTGATGTAGATGAAAACTGTATAGAAATAGCATTGACTCTTCAGATAATGAATCTATATAAAAGTTATTCAAAAAAAGATTCATTCTATATTGGAAAAGAAAGAAATTAATTAGTATACGTTTTTATAACTGATAGTATTCATATTATATCTTTTATTAAATAAAAAATAATTGTATAAAAAAATATATATTATATAATAATTAGTTAATATTTTAGTTTTTATGGAATTATATATGAAAAATATAAAATTAAAAAATAATAGTTTTTATTTGATTTCTTTATTATTAATAACTTTATTGTATTGTATTATAACTCAATTTTTATTTCCGATGTTTTCAGTAATGAAAATGAATTTCAGCATTATTGATATATTGTATATTTATTTATTTTCAATAATATCGTATATACTATCTGACAAAAATAAATATATTTCTTACTTTTTTATAATAGTTGCTGTATTCTCTTTTTTTGCTATAGAGCCGTTGGGAATTACTATAGAAGCCAAGCCATTATTTTTTACTGATATGCCGGATTTATATCCTTCTCTTATAGAAGTACTTCCGCTATATATGAAAATCATAACAATATCTGCTACGACTTTGTATTTTGGGCTTTTATTTGCTTATGCTTTGTACTTTATATATAGATTGATAAAAATGTATAAAATAAATATTAAAAAAGCTGTTATAATGACTTTGATAGTAGCTGCAGTAACTTATATATCTTTTTTTAGAAATATAAAAATGGATTCTATATATGTTGATTATATTAGTATAGCTAATAAATATGGTATTATTAATACTATAAGCTACAGAATATCTTATGATAAGTTTATGAAGGTAAATGCTGATATAGAAAGTGTTAAAGAGGCTATTAATATACTAAAAGAGGCAGAAAGTAAAAGAGATATATCACATTTAATACTTTCTTATGATACTGATAAAAAAAGAGATGTGTTTTTAATATTTTTAGAATCTTTTTATGATTATGAACATTTTCTGCCTTTATTGGATAAAGATCCTTTTCCTAAAGAATATAGAGAATGGGCAAGTAATTCTTCTAAAGTAGGTCCTAATGACGGATATGGAAGTTTATTTGCTAGAACTTCAGGACTTACAGGAACTTCGCCTATATTTCCTAAAAAGCAAAAAACACCTATATATACAACTTTACCTTATTTGATGAAAGAAAATGGTTATCATACTATAGCTTTAGAGGAATCAGATGTAACATATTACCTTGATGCTTTATTTCCTAATATAGGTATAGATGAAGTTATATTTAATTTGGGACTTACAAATATAAAGAATTATATAAAGACTAATGATTTTGATGAGCCTGTATTTGTAACGGGATTTACATTTATGGGACATGCTGGAAGTCATGTGGAAAATGATTTGGAGGTTTATGAAAATAATAAAAGGTTTATGGAAAAAATAGATAAAAGAGATATACCTGTATTAGTTGAAACTATGGAAAATTCAGCATTATCTGCAAAAGATATAATAGATACAAAAAATGTTATTTTGGAAAAATATCCTGATGCACTTATAATATTTAAACATGATCACTTGTATCCTTATTTAAAAACTATAATAGATAATTCTTCTATAGATGATTCAATAAAGGAGGATTTCTTTTATTCTTATGATATTTCACCTATATTGATATGGAATGGAACTAATGGATATTATAAATTTGAAGAAGATGGATTTCCTCCTGAAAATATACCTATGTTTATTGCTGCAAATACAAAAGCTAATTATACAAATTCT
NZ_CP046928.1_gap55	2523683	2528276	4593	GAAATAGAATAATAGGACATTTATCAAAAGGTTATAAACAGCGTACAGGAATAGCTCAGGCAATAATACATGATCCTGAAGTTTTAATATTAGATGAACCTACAAGCGGTTTGGACCCTAATCAATTAATAGAAGTAAGATCATTGATAAAAAGTTTAGGCGGAACTAGAACTGTTATACTTTCTACGCATATATTAAGCGAGGTTGAAGATACTTGTGAAAGGGCTTTGATTATAGACAGCGGAGAATTAATTGCTGAAGATACTATTGAAGGCTTAAAAATGGCTATGGATAGAGAAATATTAGGCGGTAATATAGAACTTAAAGTGGCTGGAAGATATAATGATGCTCTTTTATGCGTTAGGGAAGTTAATGGTGTTATACAGGCAGAAGCTAATTCTTATGGTGATATTCTTATAGAGTGTGAAAGAGGAAATGATTCAAGGGCGGCAATAGTTAAGCATTTAGTTAATAATAATTTTGATGTTTTAGAGATAAGAGCTAAAGAAAGATCATTGGAAGAAGTATTCATTTACTTTACTGATAAAAAGAAAAATGAAGATTTTGATAAATCTAAATATATCAGAGATGCTGGTGTTTTGAATACTGAAGAAAATAAATAAGAATAACAAAAATAAATAAACAATTAATAAGAGGTTAATATAAATGAGAAATATATATGTTGTATTTTCAAGAGAAATTCAATCTTTTTATGTATCACCATTATATTATATATTGGGATTTATATATCTGGCTTTGACAGGATACTTTTTTACTATAGAAATTTATTATAGCAGATTGGCTGTTATGGAAAACACTATGTATAATATTGGATTTTTTACAATATTATTCCTTTCTATTCTTTGTATGAAACTTATAGCAGAGGAAAGAGCTTCAGGAACTTTTGAACTTATAATGACAGCACCAATCACTTCATTACAGTATGTTTTAGGTAAATATTTATCTGTATTGGTTGTATATGCTTCACTTCTTGTTATGACTTTTGTTTATCCTATACTTCTTATGGTATTTGGTAAGCCTGATATAGGAGTAATATTCAGCGGATATTTAGGGTTATTCCTTTTGGGTACCGCTATACTTGGACTTGGACTAATTGCAACAAGCATATCTAAGAGTCAGTTAGTAGCTGCTATTTTGGGTGTGTCTATGGGAATATTTGCTTATATAATAAATTGGCTTAGTGAAATGTTTACAGGAGCCAGCAAGATATTGAATGCTATTTCTATAACTACATACTTTTCTGATTTTACTAAAGGTATGATAGATATACAGAATGTTATATTCTTTTTAATTTGGGCTGTTGCATGCATATCAATATCTACTATGTTTGTAGAATCTTATAAATGGCAATAATTTTATTAAAAGGGCTTTATCAAAATGTCTGATATAGTTGAGTATGTAAAAAATAACGATTTAGATAATGTGAAAAAATGTTTGGAGTCTGATAACACTTTAGCAGATGCCAGAGACGAAGAGTCTAAATTCACATTGCTTATGATTTGTGCTAAAAAAGGGTATTTTGATATAGCCAAACTTTTAGTAGAGGAAGGGGCAAATTTAAATGCAAGAAGCAGAACAGGAATAACTGCTTTAATGTTTGCCTGTGCTGAAAAGCAAGTAAAAATAGCTGAGTATTTAATAGACAGCGGTGCTGATGTTAATCTGAGGGATAGACCATTATTTTCTGCATTGCTTTATGCAGTACTTACGAAAGAGCATAATATAATAAAAGCATTAGTTGAAGCTGGTGCCGATGTTAATGTTAAAAATTTTAAACTAGTAACTCCTTTAATGTTTGCTGCTGGAATAAACGATATAGAAACAGTGAAATTATTAATAGAGAATGGGGCAGATATAGAGCATAAAAATAAAGATGGAGAGAGAGCCTTAGAATTTGCTATTCGTAAAGAGCAGAAAGAAGCAGCAGATTATTTAAAAACCGTTTCTAAATAATTTAAAAGATATATTTATATTTTTATAAAAAATACAAATAATAGAAATAATTATATTTTCTAATACTAAAGAAAAAGTAAATATTATATTTCCGAGATATACTTGATTATCTTTATCTATAAATGTATTCAAATCTGTTCCATAAGTATTTATATTATATAAAAGAGTAATGAGAAAATAAGTACTAATTAATGTATTAATAGATACAAATGAAATTATATGAATTTTATCCATTAGTTTTTTGTCTATATGAAATAATTTAATCAAAAAAACATTTATTATTTTTATAAAATAATATAAAAGAATAAAGAATAATAAAATTATTAAACTTATGGCGATTAGTATTGGGCTAAACATTATTATTTCAAATATAGCTGTATTCATATTTTTATTATACCATGTATGTGTATTTTGTCAATTATAAAACATTTAACATAATTCTATATAATCCGTTATATATATTTGTAAATTTGTGATGGATTTTATTATGCAAAAGTATTTAATTTTAATATTTATTATATTGAATAGTATTTTATATTCACAATATATAACAGCTAATAAATATGATATTAATAAAGACGAAGATAAAATTTTCATATATTCAGAGAATGGAAATTATGAAGGTGTAAAAAAACTATTAGATAATGGTATTGATGCTAATATATTAGACAGCAATAAAATATCTCCTTTAATACTTGCTTCATTTAACGGACATTATGATATAGTTTATTTGCTTATAGAAAATAATGCTGATGTAAATATAGTGAATAATTTTGGATATAGTGCAATTATGGCTGCTGCTGCTGCTGGACATTATGATATTTTTAATATTTTATTAGAAAATGGAGCTAATATAAATCAAGTAAATAATGACGGCAATAATGTATTGATAGAAGCCTGTTTTTCCAAAAGTACAGATATAGTGAAAAAAATATTAGATCTTAATATTAATGTTAATCATAAAAATAATATGGGTTATACAGCATTGATACAGGCTGTTATAAATGGTTATGAAGATGTAGTTAGTATTTTATTAGATAATGATGCTGACATAAATATCATAAGTAATGATGGTAAAAATGCTTTGATGTTTGCGATTATCAGAGAAAATATTGATATGATTGACATTCTGCTTAAATATAATCCTAATATTGATAATGAAGATAGTAATTCAAATACTGCTTTAGATTATGCTTATGATACTGGTAATGAAAAAATTATTAATATGATTAAGGAATATTACGAGAATAATAAGATTTAAAAAAATACGATTAAGTTATCATATTTATTTTTTTTTATGAAATGCAATCCGATAAATAAGCTACTTAATATCGGGATTTTTGCATGGAAGAAGAGCATAATTTTATAAAAAATGAAGTAAATTATGAACCTGAAATAGAAAAATCCTCTTCAAATAGTGTTATGTTAACAATTATATTCCTAATTTTACTTATTGCCGGAATATGTTATTGGATATATAACTCTAATACATATACAAAAAATTATTCATACAAAAATAATATACAGACTAATACACAATTAAGCAATAAAAACGATATTTTAAATAGAAATAATATAAAGAAGAATTTGGATTATCTATTAGAAATAAAATATAAAGAATATATTGCCCCTCATGTTAATAGTTTTAATTCAATTATAGATAGCAGCGGATTATTAAATATAGATACTAGAACTATATCTATTATATTTGCAGGAACTATACTTACTATTATTGCTTCTATGTTTTTATTTAGGGGAAATAATTCTGATGCATTAGAAAGTACAGATTCAGGAATTAATTTTTCCGAAGACAGTAAAAATGATAATGAAGATAAAAAAGAAGAAAATATTAATAAATTAGATACTTCAGGAATTATTAATTCTTTAGATGATGATAAAAAAATTATTGATACTAATAATGACGGAGATAGGCTTGTTTTAAAAAATAACTATTATAAATATAATAAGAATGGGGATAATGTATATTGGAATGTTATAAAGAAAAATAAGAATGATGAAAATTTAAATATAAATGAATTATCTCTTATGGCTTTAAGAGAGGTTGAAAATGGAAATGATGATAATGCCATCAATATATATACAAAAATATTGAGTTTTGATGATGATAATATAGCAGTATTAAAAAGCAGGGCATTACTGTTCAATAAAAAATATGAAGAAACTTCAGAAGATAAATACTTTGATGCTGCTTTAAAAGACTATAATAAAATTATAGATATTAATAGCTTTAATGAATATAGTAATACAGATACTTTTAAAGACAGGGCTGTTCTATATACCAAAAAATATCATTACACTTCCAATGAGAATTATTTTAATTTGGCTTTAAATGATTATAATAGAGTTGTTGATGATAATAATAAAGAAGATTTAAGTACATTGCTTATATATTCAGACCTTTATAATGAAAAATATAAAAATACTAGAGATAAAAAATATTTTAATATGTCTTTAGATAATTATAATAAGGCTCTTAATATAGATGAAAATAATACTTCTATATATATAAACAGAGGATGGCTGTATTTAACAGACTATAAAATTTGTAATGATATAGAAAGTTTAGATAATGCTGAAAAAGATATAAAGCATGGACTT
NZ_CP046928.1_gap56	2579173	2581998	2825	TCTATAAATAAAACAGCACTATGACAATAATAATAATTATTATCATAGTGCTTTGTTTTTTTCTTTATAAATTATTTAGTATATTTTTCATTAGCTTCGTATTTAGTATGTAAGAAGTGATGAGCTCTTTCTCCTAGAGGTTTTCCTAAGAATTCATCATAAAGCTTTTTAAGATTTTCATTTTCATGAGAGCATCTATGTTTTACAGTATTTTTGTCTTCATTGTATAAACCATCTGCTCTTTTTGTTCTTATTTCATTAGTAGGTCCATAAGGCTGACCGCCTCCTCCTACACATCCGCCAGGACAAGCCATAACTTCTATAAAGTTATAAGGAGGATTTTCTCCTTTTTCTTTAGCTGCTCTGATTTCCTGCATTACAGGATCAACATTATTAAGTCCGTTTACAACAGCAACTTTTACTTCTTTATCTAATATTTTTATTGTAGCTTTTTTTACTCCTTCAAGCCCTCTTACTTCTTCAAAATCAACATTGTTAAGATTATTTCCTGCTATAATATTATAAGCAGTTCTTAAAGCAGCTTCCATAACACCGCCTGTTGCTCCGAATATAGTACCAGCTCCGGAATATTCTCCTAATATACTATCTGATTCTTCAGGTTCAATTCCCGCAATATCTATACCATAGTGTTTTATCATTCTAGCAAATTCTCTTGTAGTAAGTACAACATCAACATCTTTGTATCCGCTTGAATACATAGTTTCATTTTTTCTAATTTCATTTTTCTTAGCTGTACAAGGCATAATAGATACATTAAATATATTGAAAGGATCAACATGAGCTTTGTCAGAATAATAAGTTTTAGTCATAGGAGCAAGCATCATATGAGGAGATTTTGAAGTTGATATATTATCTAGTAAATCAGGATAATATTCTTCTGCATATTTTACCCAAGCAGGGCAGCATGATGTAGTCATACAAACTGTACCATTACTCTCTGTAAATCTTTTAACGAATTCATTTGCCTCTTCCATAATAGTTAAATCTGCACCGAAATTAGTGTCGAATATAGCATTGAATCCCATCAAACGCATAGCAGCATAAATCTTACCAGTGATATTCTCTCCAGCTTTAAGTCCGAAATATTCTCCTAAAGCAACTCTCACAGCAGGAGCCATTTGAACTGTAACATAAGTATCAGCATCATCTATAGCATCTTCAACTTCTTTAGTTTGGTCTTTTTCATATATAGCTGCAACTGGGCAGTGAGAAGCACATTGTCCGCAGTCTACACAAGGAGAATCTTTCAATGAAACCGCTCCAGGAGCAAAATAAGTATCAAATCCTCTATTAACAAATCCTAAAGCATGTACTTTCTGCATTTCCTGACAAACAACTACACATCTTCCGCATTTAATACATTTTTCAGGATTAAGTACTATACTTCCAGTAGAGTCATCTCTAGGGTGATTTTGTTTTATATTATCATATTTTGAATTCCTAACACCGAAATCAGCAGCAGCAGTCTGAAGTTCGCATTCTCCATTTCTTATACAGTTTAAACAATCATTAGGGTGTGCTGATAATACTAATTCCAATACCCCTTTTCTTACTGTGTTAATTTCAGAATCATGTGTTATTATATCCATTCCTTCTTCTACAAGCATAGAACATGATCTTACATATTTATTTCCTTGATTAGCCAATTTTACAACGCATATTCCGCATGCTGAAGTAGGCGGTATATCAGGGTGATAGCATAAAGAAGGAATTTTTATACCTAATTTTTTAGCAGCTTTTAAAATTGTAAGTCCTTCTTCAACTTCAATTTGTTTGCCATTTATTTTTATCTTTACCATAATTTTATACTCCTTTTTACTCTATAATCCGTAGCCAATTTTTAATTTTTCTTTGGAACAGGAGGAGTAAATATTCCAGCTTTATACTCTTCCTCAAAATGTTTTAATGTGGACATTACAGGGTTAGCAGCTGTAGAGCCTAAAGCACATAATGAAGCTTTTCTCATAGTTAAAGCAATATCTCTTAGTTTTTGTATATCATCTTCTTTAGCTCTTTTCTTAGTAAATTTTTCTAATATTTTTAGCATCTGCATTCCGCCGACTCTGCAAGGTACGCATTTACCGCAGCTTTCATCAACACAGAATCCAAGATAGAATTTAGCAAAATCAACCATATTGCTGTCTTCATCAATAACTATCATACCTCCCGATCCCATCATAGAACCCAATTTAACTAGATTATCAAAATCTATACGAGTACCAAATAGAGATTCAGGTAATATACCTCCTGAAGGTCCGCCTGTCTGAACTCCTTTTACAAATTTATCATTAGGTATTCCACCTCCAATGTCGAATACTATTTCCCTAATAGTTGTTCCCATAGGTACTTCAACTAGTCCTGATACATTGACATTACCAGTTAAAGCGAATACTTTAGTACCTGTTGAATTTTCTGTACCAATAGAAGCAAACCAATCTCCTCCATTGTTTATGATAGCAGTTACATTTGCAAATGTTTCAACATTATTAATAACTGTAGGTTTTTCAAATAACCCTTTTATTGCTGGGAAAGGAGGTCTAGGTCTAGGAGTTCCTCTATTACCTTCTATAGAAGCTAAAAGTGCAGTTTCTTCACCGCATACAAAAGCCCCAGCTCCCAATCTTATATCTAAATCAAATGAGAAATCACTTCCTAAAATTTTTTCTCCTAATAAACCATAATCATAAGCCTGCTTTAAAGCTATTCTTACCCTTTCAACAGCAAGTCCGTATTCAGCTCTAATATATAAATAACCTTTATTTGCTCCTATGGTATATCCTGCTATAGTCATAGCTTCTATTACA
NZ_CP046928.1_gap57	2624628	2629504	4876	TTATTAGGAGTAAGTCCGTAATTTACTATTCTATATATAGTTGCTGTGATAGTGAGTATATCAAAAAGCAATGCAAATATTGGCACTATCAGATACATTGCTTTTATAAATATATTTGATTTATTCTCCATTCTTGTAAACATCAAATTAATTATAGTTAATGATAGAATTATATTATATAATATATATACTAATCTATTATTGTATGGTCTTGATTCATAAGGAAGTATAAGAAACATCATTATAAATATAGTAAATAGGTTAATCACTAAAATGAATCTTGAAATATACATTGATATTATAGACTTAGTATTATTATATATTTTGTATGCTATAAATGGTACGAATCCATACAAAAATATTATAAGACATATAACAATCTTTGCTATTGTAAATCCAATATCTGTTGATGATGAAAATAATGCTGCTATAGAAAATCCAACTATAAAAAGTGCATAAAATAATATAGCCAAAATTGTACTGCTTCCCGTATTAAGTATTAAAAACCATGTAAAAGTATCTCCGAATGAAGTAAAAAAGTCAGATATAGAATCAGTATCTGTTACATTAAATGAATTGTATGAAAGCATCATTATTACAAAAAATATAATATTAAAAAATATAATTCTATTCATTAATATTTGAAAATCTGGAGTATCGGTGGGAGGCATATAAACATAATTAAAAAATATATTAGAAAAACTTGCAATCAAAGATATAAATAAAAATGATAAAAATGTAATTAAAATAAGTTTTTTATTTAAATTATTTAAATGAAAAACTATAGTAAAACAAAATAGATAAAAACTAATAAAGAAATGCATATTTAAAAATATTGGGAGTATATAGTTTTCGTCTATATTTTTTAATGTAATTATATAAATACATGCAGGAATAGTTGATATTGCTGATATTAATATATATTGTAATGTTTTTAAATAATTTTTCTTTTTTATATTATTTTGAGTAGTTAAATTATTATTATTATTCATTTCATAAACTCCGTAATTTGACTAATAATATATATCATAAACAAAAAAAATCAATGTAAATAATACAATGCTTTTTATTGAAAAAACTCTTTTTTTATATTAAACTTAATTAATTATAAAATATTGGGATTTGCAATTATGTATAATGATATAGAAAATTATTTTTATGAGTTTTATAAAAAGTTTGAGAAAGATTCTGTATTAATGGCATTAGATTTTAATATTGATAATATGTTATCAAAAAATTCTAAATTATATACTATAGATAAAAGTTATAAAGTAATAAAAAATGATATAACAAATATTCTGTCAGGGTATTCATTCAATGATAATTTATTAGTTCATAATGGAAAATTGTATAATAAATCGGAAATAAATGATAATAAGGAATATATAAATAAATTGATAGATGAAGCATTCAATAAAAATATATTGTATGGTATACCTTCATATTTTGTAGATAATACTAAAAAAATTAATAAGGCATTATTTTTGGATAGGGATGGAGTATTAATTGAAGATGTTGGATATATAGGAACTACCGACAGAGTAAAAATAAATTCAGATTTTATTGATATAGTTAAATATGCAAAAGATAATGGATATATCACAATAGTAACAACAAATCAGGCAGGAGTATCATATAATTATTATACCAATGAAGATGTAGATAATGTTCATAAATACATATATGATGAATATAAAAATAAAGGTGCAATTGTAGATGATTTTTATTATTGTCCTTATCATATTAAAGGGCATGTTGAGCCTTATAACATAGTTTCTATGCTGAGAAAACCTGAATGCGGGATGCATTTGCTTGCTTCAAAGAAATATAATATAGATTTATTTAATTCTTTTATGATAGGCGATAGAGATACTGATATTGTAAAAATACCTTATCTTCGTACATTATTAGTTGCAACAGATGTTTATGATATAGAGAACAAAGAAAATATAGTAAAAATAGATGATATATACAATATTCTTAGATAAAAATTATTTGTATGAATAAAGTTCGATTGTAGTAAATTTAAATTGTATTAAGCAAATTATAGAACAATTTTATCTTTATTAAATTAATAGTAAATTATCCTCTATTTGAACTAATAATGGCTTACTGCTGTATTTCAGGTATTTCATTATTTTTTAATCTTTCAATAAAGCTTCTTAAATCGTTTTTGCTGCCTTGATTATTATTAACTTTTCCTCTTTCAATGATTCTCTTAGTACCAAGACTTACTATTGTTTGTATATCCAAAATGAAGCTTACAGTACCATCACCCAAAACAGTAGCACCAGCTAAACCTTCAGATTTTGTTATATTATCTTTAAGAGTCTTAATAACTATATCCTGTTCACCTATTAGGTTATTAACAAGAAGTGCCACTTTTTTACCTTCAGAAGAAAGTATAACAGCATAATAAGATTTTATATTGTTGTATCTTGAAGGAAGTCTGAATAATTCTTTTATGCTAAGTACATTGATAACATCATCCCTAACTTTAATAACTTCTATTCCTTCCAATTCCTGAATATCTTTAACATCTATTTTTACAGTTTCCAATATACTGTTAATAGGAACTGCATAATATTCTTTTTCAGCATCAACTATAAGTGCTTGAATAATAGCAACAGTAAGAGGAATTCTTAGGAAGAAAGTAGAACCTTTTCCCCATTCTGTTTCTATACCTACAGTACCATTGATTTTTTCCAAACTTTTCTTAACAACGTCCATACCAACACCCCTTCCGGATACATTGGTAATTTTAGCAGCTGTAGAGAAACCAGGAGCAAATATATATTCAAGCATTTGTCTTTCAGAAAGTTTTGCATCAGCAGATACAAGTCCTTTTTTGACAGCACTTTCAAATATTTTCTGAGGTATCATTCCTTTACCATCATCAGATATTTTAATAATAATCAAGTTACCTTCATGCGAAGCACTTAAAACAACTGTACCTGTTCTAGGTTTTCCTGCTTTTTCTCTTTCATCAGGATGTTCTATACCATGGTCCATAGCATTTCTTATGATGTGAACTAATGGGTCAACTAATACTTCAATAACGGATTTATCTAATTCAGTTTCCTCTCCGTACATTTCCAATTTAACTTCTTTACCCAAATCTCTTGATAAGTCCCTTATAAGACGAGGGAATCTATTGAATGTCTGAGCTATAGGAAGCATCCTAATTTTCATTACAGTTTCCTGTAATTCATTTGTTACCCTTGTAAGAAGCTGATAAGAGTTTCTGAATCTGTCCAATGTATTTTTAAACTCTTCTTCCATTTTTACAAATTCATTTAATTTATTATTGAATCCGTCAATATATGTATTTCTAATTTCTTTAGCTTCTTTTTTCTGCAAATGCTCTTCAAATTTTCTAAGTATCTGAACAATGCTGTCTCTGTAATATCTTTTAACTTCATTGATGCCGGTACCTATAATTTTTTGATATGAAGTAAGGTCATCATCATACTGTATATATGAACTTTTATTTGTTACAAGCTCTCCAACCTGGTTCATCATAGCATCGATTCTATCACTTTCAACCCTTAAGAAAGAGCTTTGTCTTTCTACTTTATGATCTTTACCGCCTTTACCAGCATCAGTTTTTTTAGCAGCACCTGAAGAAGCAGGAGTTGCCTTTTGAGCTTCTTTTTGTTTTTTCTCTTGAAGGAATTTCTCATATTCTTCAAGTATTATTTCTTCTATTGATATTTCTTTAGTAACATCAGGTAAAGTAATAGCATCTATTATAGTTTGATCTTCTTTAATAGCAGCGAGTATATAAGTTACATGTTCATAGAATTCATCACCTTCCAAAGCTTCAAGAGGAGGTATACTTCCCATTATTTCGCCTACATCTTTTAATGCAACGAATACTTGAACCCCGCCTACAGTTCTCATAGGACTTTCAGGATCAAAACTAACATGAACTAACTTAGTTTTTACATTTTCTTCTACATTATCCCTTATTATTCCAAGTAAATCGCTGTCATTTGGAAGAAGTTCATATTTATTAACTTTCTTTTCTGCTTCAGGGGCAGCAGGAGCATTTCCTGATGGAGCAGCTGCAGCAGGAGCATCTCCGGAAGATGGAGCAGGACCTTGTCCTAATTTCATATTTTTGAAATCTTCTAATTTTTTTATTTCTGCTTCTATATCTCCGGAATATTCGCTTTCTTCACTTGCAGTATTAATAAGGTCTTTTAATATATCTATACCTTTTAAAAGCACATCTATGGTAGCATCATCTACTTCAATTTTATTATTTCTTATTAAATCTAATAAGTCCTCAAATCTATGGGCATATTTTTGTGTTTCAACGAGTTCTACAGCACCGGCACTTCCTTTTAAAGTATGAACGGCCCTAAATATTTCCTGTATTGCATCAACATTGTTTCTTTCATTATCCAAAATAAGAATATTTTGTTCAAGTCTATCCAGCATTTCAAATGCTTCTTCAAAGAAATCTTTAAGCAGACTTTTTATATAATCATCCATTTATACGCCCCATAAAATTGAAAATCTTATTATATATTATCGTAAAAACCTAAAAATATCTATAGCAAATAATATTTTGCTTGAAAATATAATAATTTATTATATGATAAAAACAGTTAAATGTCTACTTTTTTATTTTAAAGGAGTGTAAAAATGAAAATATGTATAGTAGGTACAGGTTATGTTGGACTTATTACAGGTGCTTGTTTGGCAGAAATGGGTAATTATGTTATATGTGTTGATAATGATCAAGAAAAATTAAAAAAATTAAAAAATGGTATTACTCCTTTATATGAACCTGGATTGGAAGAACTTATAGTGGCAAATGTTTCTGAGGGAAGATTGGAATTTACAGATGATTTGGATTATGCTGTAA
NZ_CP046928.1_gap58	2734494	2737972	3478	TATTAATAATGCCTGATAAGGATTTTCTAAAACCTCTATATGATTTATCTGTGTAAGTTTTTCAAATTCATATATATGAGGAGTGATTATAAAATTATTATTAAGTTCATTAAGAGTACTTTCAAACATTAAATATAAAGCATCAGCATCTATAACAGTAGGTATATTTATTTGCTTTAATATAGTATTTACAAAAATTTCTGTAGACATATCTCTGCCTATACCAGAACCTATTATACAAGCATCGCTTTTATTAATATCATTTACTATTTCAATATCATTTTCTGTGAAGAATTTTTGATTTTCTTCTCCAACTCCTATAATAACAATTTCAGGCATAGAAGGCATTATGGCATCTCTTATATTTTTTATTATGCCTTTAGGTACATATAATCTTATGTATCCTACACCCAATCTATAAGCAGCATTTACAGCTAGAACAGCAGCCCCTATATAATTATCACTTCCTGCTACTATAGCAAGCATTCCTTGTTCTCTTTTGCTGTATAGAGAGTTTCTATTTATATTTATTTTTTCATTATAATCTATAAGTTTAGCTTTATATCCCCAATTATCTAATATTTCATCTGGGAATATTGATTTTATTATGAATAATTTTCCTATATATTCTCTTGTTCTGTATAAAAAGAATATATCTTTAGCGAAGCATATAGTATATGTTTCATGTGCTTTAAAACAAGTATATACATTGTCATTATCATTTATTTTTGAAGCTAATCCTGAAGGTATATCTATTGCTATTCTAAGAACATCTAATTTATTCAAACTATCTATAAGAGCTTTTTGTATTCCTTCTAAAGGTCTGTTTCCGACTGTACCAAATAATGAATCTAATACTATTGATTTTCTTTCTATATTTTCTGCAGCTGATATGGCATCTTCTTCGCTTCCTAAATAATTAATATCTATATTCATAGATTTTAATATATTAAAGTTAGAGTAGGTGTCTTTATTAACTCTGTCAAGATTTCCTGTGATATATATTTTTACATCATAGCCATTTTTTATTAAATATCTGGCTATAGCAAGTCCGTCTCCTCCATTTCCTCCGACAGATGAGAAAATATAAACAGTTTTTGTATATAATAATTTTCTATGTCTTTTAACAAGCAGATAGAAAATTTCACTAGCAACATGCTCCATAAGAAGTATGGAAGGAATTTTTTCTATTGTTTTTTTATCTATATTAATTAGATCCTCTGTAGTTACAACTTTCATTTTTTTATTCCTAATGTTTCCTTTATTATATCAAATAATGATAAAACCATATTTTCATTTAATTGACCATATTTTATAAGCTCATTATATGTAGTAGTTATTGTATTATTATTATTTAATATTTCTGTATATGTTTCTTCTGGTATTATATTTGAATTGTTTTTAAATACATTCAAATCATAATATGCAGACAATTTTAAAGCCCATAAAGCATGATTATATTTATTATCATTTGTTAATATAGGATAAACATATATATAAGATTTTGACAATGTATTATTTAAGTATCTTATCTCTCTTATAGAGTAAAAATCTGGAATATTTCTATATGATATAGTACTTCCTTTTCTTATAACATTGCTTATTTTGAATTTATCATTATTATAAGCATATATTAAAGGCCAATATGTAGCATCTCCGTATAAAGTTTTTGCTATATCCCAATAATACATATCTTTTGAAGTAACATATGATAAGTTGGCAGAATCTATTTCATTGAAATATTCATTAACTATATCATAAAGCTTTCTATTTTCTATACGATTACTTGATATTATTTTATTGCTGTTATAGTATATTGATGATGCTATTCCAATTATAAATATTACTATTATTATTATAATTACTCTTATAATACCTACAAGTAATACATTTTTTCTTTTTACATTGTTTTTATCCATAGTGTTCTTTCCTGATTTTTTAATATTAGTGTTTAGTGTTTCTTTATTATTTAATAATTCTTTCTGTATATTTGCTTCTAATAATATATTTTCTGTTTCTTTTTTATCCTCCTCATTATTAACGGAAATGTTAGATTCTAAATCTTCCTTATCAAAATGATTAATATCTAATAATTCTTCTTTAGAATATTCCTTCATTTCAGGATAACCGTTATTTTTATTATCGGATATATTATCTTTTTCTTCTTTCTCTTCTTTTTTTTCTACTACTGTTTCTTCTGAGTCATTTTTCTTATCTTCTTTTTCATTTAAATTTTTTATCATACTATTTAAATCTATTGAATTATAATTTTTCCATATGTTTCCTACAACATTGTTATCTATAGATTTATTTTCTTCTTCTTTGTTTTCTTCATCAGTAACTTCAACTATTTCTTCAATTTCTTCTTTTTCATCTTGATAATTAATTTTTTTATTTTTTATTTGAGAATCCAATTCATCCAATATATCTTCTGTTATTTCATTATTATCTGATTCTTTTATTTTATTTTTTAGATAACTATCTGCTTCAAAATTATTCTTTGAAAAAGTTCCGAAATTTTTTATATATATATCTTCTTCTTTTAATATATCTGCTATATTTTTACATATGCTTTTATATATTGATTTTTCCAAAAAAATATTTTTTATATTATTATTTGTAACATTAAGAGATTCTAATGATTCATCAAAATTTTCATCTTCAGTATTCAATGTAATATTGTTGTTTTGATCTAAGCTTAAAATACCAACTTTATAAATATAGAATCTGTTTTTATCTAGAATAGATGATGTTATTTTTGAGAATAATTTTTGAATGATGTTTTCAGCTTCATCATTTTCTATATTGAATTCACTTGATATATTTTCTAGCAATTTATTATTAGTTCCTAACATATATTATACCTTGAAATTTTTATAATATAATTGCGAATTATATATCAATTTAGAATAAATAAAAGCCTAATTTTTAATAAAATTAGGCTAAAAACGAAATATTTTATTTATAGATATTCTTTTAACCATTCTTTTAATTGAGCTTCATTTTTCATACCTTCAGCTCTTTTAACAAGTTCTCCGCCTTTGAATACCATTAAAGTAGGTATAGACTGAACACCGTATTTAGCAGCAACTTCCTCTGCTTCATCAACGTTAACAGCACCAAAATTCATTTTATCAGCATATTGATCTGCTACTTTATGTAATACAGGAGTCTGCATTTTACAAGGTCCGCACCATTCAGCGAAAAAATCAACTAATATGGCTTTATCTCCGCCTATAGCTGCTTCAAAATTATCTGTTTTTAATTCTTGTACTGACATATTTGTTTTACCTCGCTTATTTTATGATTTGTTTATATGATTAGTATACTCTAACTTTATTAAAAGTCAATAACTTTTTTAATTTTTTTAAATATACTTATATAGGGTATATTTAGTTTGACTTTTTTGTATATTGATATATAATGAGTATTATTATAATAAGTTTACTCATTATAAGGATACTTACTATTGGAAGAT
NZ_CP046928.1_gap59	2794713	2799656	4943	AGCATTAGATCAGGATTATAAATCTACTTATAATATAGCCTATAATCAGAAGTTTAAAGTATATCCTAGTTATATAGGAGAGAGAAAGAGCGAAGAATATGCATACAAAATAGCATATGATAGAGCATTAAAATTAAAGTCATTAGGTATTAATATGATTTTATCACCTATATGTAATACCTATTGTAATGAAAAATCACATTTAAAAGAAAATATATTTACAAATGATAAAATACTTGCTTCAAGGCTTATATATCAAACTGTAAAGGCACAAAAAGATGCAGGACTTATAACAGCATTAAAATATTTTCCAAAATACTATGATGATGAGTTATATATAGATAAAGAAATAGATAATGTAGAAAATATATTGGATAATAGAGAAACATTTTTGGCAGGAATAAAAGCTAATGCTGATATTATAGTAATATCGCATATTAAAGATACTGATAAATATAAAGATTTTCTTATTAACAATATGAAATTTAAAGGCATTATAATGACTGATTATATTAATGATAATAAAAATATAATTAGTTATGGAATAAATGTTTTTGCCTATAATTATTATAGAAACAAAAATATTAAAAATATGATAGAAAATAATTTAAAAGATACGGATCTGGAAGTATGTTCAAAAGTATTAAATTTAATAAAAAAATTGTAAAAACTATATTGTATTTGTTTTTTATATTATTATTTATTTATGCATGTAAAACAGCTTCAAATGTTATTGAAGAACGTGTATATATAACAGAATTAAAAAAAGATTATCCTGATTTATCTGATTATATAGATAAAGTTGCTGAAATGGACAAAAAAGAGAGAAGAGGACTTCTTTTAATGGTAGGTATAAAGGATAAAGTACTTTCAGAGGAAACAATTAAAACTCTTAAAGATAATCATATAATGGGAGTCATACTTTTTGATTATAATATAAAAGATGAAAAACAGTTAAAAAAATTAACATCAGATTTAAGGAAATATGTTAACCCAAATATGTTAATTTCTATAGATCAGGAAGGAGGAGAAGTTAATAGAATAAAATTTGATAAATTAAAGGATATATCTCCAAAAAATATAGGCGATTCAAATAGTAATGAATATGCATATAAGATAGCTTATCAAAAATCTAAGTTTTTATTGGATCTAGGTATTAATATGATATTAGGCCCTTTATGCGATATACCTAATGACAGCAATTCATATATATATAATAGAAGTTTTTCTACAAATATTAATATAGTATCTGAAATGGTTTCAAATACTGTGAAAGCTCAGAGAGATGCGGGTATAATAAGTGTATTAAAACATTTTCCAGGTCATGGAGATACTGCTGTCAATTCTCATAATGATTTCCCTCATATTGATAAGACTACAAATGAATTGTTATCAAATGAATTTATTCCTTTTAAAAGCGGTATAGATGCAGGGGCAGAAATGGTTTTAGTAGCACATATAAAAAATAAATATATAGATAATAAAAATACGGCTAGTATGTCTAGAAAATATACTGATATCTTAGAAGAAGATTTAGGATTTGACGGCATTGTTATTACAGATGATTTAGCTATGACAGGAAGTATTGATAAAGGTATTAATTTTGGTATTAATTTGATAAGTAACGTATATGATAATGTAGAATATATGTTTAAAGATATAGATGCTGACATACTCTCATGTGCGAGATTATTAAAAATAATTTCAGAAAATGATTTATCCCGCACATAGAAATATCATCAATTTCAATTGGCCTGCTTTTTTTTTCTATTGCTGTTAGGATTTCTCTTGTATGTTAGAGTTTCATCTAATCCTGATTTAACATATTCATTAATAATGTTTACAACAGTATGGTAAGTAACATTATATTGTTTAGCTATATCAGTGTGAGTAAGTCCTGTGTTTTTCTTTTCATCTAATGCCAAAATGATATTTGCTCTAGAAATGAGTCTTTTTGATTTTCCTTCCTTTTTAATAAATTCTTTGATTTTTTCCTTTTCCTCTTCACTTAAGGATATCATATGCTTAGTTGTTATGCTCATTCGAACCTCCTATTAAAAGAATACATATAACTAACAATTAAGGATAAAGAGATTTTTAAGAATAAAATTATAAAAATATAGTCAAAGAATAAAATATATTTGCTAAAATATAAAAAATAATTTAGATACATTAAATCGAAATATAAAATAATCTAATATATTTTTATTCCAATATATATTTTATAAACCCTTGTTGTATTAGAAAGATTATCATAATATGAATAAAATATCAATATGAAAAAATAAAATTAGAATTTCGTATAAAAAATCTTACATTTATAACATAATTTCAGACAAAAAGAACATAATAAATATTATTATTTTATTATATTCTAAATAATAATATTTCTTTTTCTATGTTATAAAAATTATTTTCTATAGTATTTAAATATTCTTTTGTATTTATTTTTATATTATTTAAAAATGAATCATCATTTATAAGAGGTATATTTATGTTAATATTAAGTACGGATCCTTTAGCGCATGCAAACACTAAAACATAAGCTGAAGCAATATCTGTAACAACATTACTATTTCCGTATTTAATTACTGTTTTAAAGAATGGCATTAATTCATAACAAGATTTTAAAGCACTGAAAGGAATATCTATAGCTTTTTTAGCAGCTTCAGATATAGCAGTTTTTCTTTTTTCTTTTTCTTCATCTGTATTTTTAGGCAGCTTCATAGCTTCCATAAAAGCATTAAAACTTTCAGCATCTTTATCTACTATTTCCATTAATTTATTTTTGATAATTCTTATATTTTCTATAGCATTATTAAAATTATCTTGTTCTTCTTGACTTAATTCTAAAAACTTTTTTTTATTAACTGTAAGATGTCCAACCATACCAGCCAATGCACAAGCTAAACTTCCTACAGCTCCCATAACGCTTCCGCCTCCAGGAGCAGGAAGAGAACTATCAACATCATTGATATAATCTGATAATTTTTTATCAATTAACTTAGACATATATAATAACTCCGAAAATATATATTATTGCCCTTGATTTTAATATATCATAAAATAAATATCAATAGTAAAATATAATATTGTTATTTATTATTTTTATGATATTATATATGGAGTAAAATTAAGGATTTTTTATGAAAAAACTAATATTTTCTTTGATTATTTCTTTATTTTTTATAAGTTGTTTAGATTGTACTCAGTATGTAACCGTAGATGAAAATGAAAATATAACAGTTGTCGCAATAGTTACTATATCTAAATCTTTAATAGAATTAGGAGCTTATCAAGAGGGTTATGAAAATGGAGTTCCTGATTATTATTATGAAGAGATATTAAGAAATATGGAAAGTGAAGCTAAAGCTTCTTATCCTAGAAATTTTAAATTCAAGTATATAAATAATGATAATGAAATAGGTCTTTATATAAATGGTATTGTAAAAGAAAGTTATTTAACTGAAGATGATAATTCATTATTACCTGTAAGAGATGGAAATAGATTTACATTTACTCCTTTTACATATTCTGAAAATACTTCTGAATATAAAGAATATGAATCTATGTATAGTTCTATGAAAATGAAACTAATAGTTTCAAAATCTTATATACCAACTGTAAGCTCATGCTATCTTTCTTCTTATGATGGAGTAAAAGATGTTAATGTATATGATTTAAAAGATGCATTTTTAATAGAAATTCCTATATTTTCAGGTATAGACAGTCCTGTTTTATATATTGAACTATAATATGTATCTTTAATTGAACAATATAATTGACAATTATTTTTTATTTATTATAATATAAATGTTATGAGATTAGTGTTAATATTACTTGTTTTTATTCTATCTGTATATGTTTTTCCTGCATTTTATGTACTTCATCACTCACATCATCATGTGCATCATTTAAATGAGCATTGTGAAACTTGCATGGAAATATTTTCTATAGTAAAAGCAGTAAGTAAGATAATAAGATTTTATAATATATATAATTCTGTAATAATATATTTATCTATTTCATGTATATTTTTTGTTGTAATAAGAAAATATATATTTTATTTAAATAATAATCCCACAAAGTTAAAGGTCAAGCTGATAAATTGATTTTAAATTTTTTATATTTTAAGAATTTGATAAGTTTTATAGTTTTTAAATATAAAGGATTTTAAATGCAAAAAAAGATATTGATTTTTTTAACTATATTATTATTTTCTATAACTTCATGCAATGATGCTAATAAAAATAATAAAACTAGTAATGGTAAAATAAATGTTGTAGCAACAATATTTCCAATATATGACTTTACCAAAAATATAGCTTTAGATAATATTAATCTTCAAATGATAATAAAACCTGGTATAGAGATTCATTCATTCAATACCACACCTGCTGATGTAATAGATATACAAAATGCTGATGTATTTATTTATATAGGCGGTGAAAGTGAGGCTTGGGCTGAAAAGATCGTGTCTTCTATGGATACTAATAATAAAAAAATAGTCAGACTTATAGATTATGTAAAAGCATTAGATGAAGAGATTGTAGAAGGTATGGAACATGACGAAGATCATAATCATGAAGAAGAGGCTAATCATAATGAGCATGAAAATGATATTGAAGAAAGCCATACTCATGAAGGTGTTTACGATGAACATATATGGACTTCTCCAAAAAATGCCCAGCTAATGGTTGCAGCAATATGCAATGCTTTATCAGAAATTGATGCTGATAATGCTGATGTATATAAAGCAAATGCTGATAAATATAATCAGGAATTAACAGCATTAGATGAAGAAATAAGAAATGCTGTAGGCTCATCTAAAAGAAAAAATATAGTATTCGGAGATAGATTTCCATTTAGATATTTAGCAGAGGAATACGGATTGGAATATAGAGCACCTTTTACAGGATGCAGCAGTCAGGTGGATGCAAGCC
NZ_CP046928.1_gap60	2801286	2801869	583	GTATAATAGTATCTTTTCAGCTTGAATATCCTACAGGAGCATGCATTGTTATGGTGAATTTAGCTATGCTTTTAATCTTTTCTATTGTAGGTAAGTTTATAAAATTAGGGGCAAAATAAAAGGAGTAATATAGTATGAAAAAAGTATTGTTTTTATTTTTTATATTATTGGCATTTTCTTATTGTTCAAAAAAAGAATACAATGACGGTTGGTTTAATATAGAAAAAAATTACGCGGATATACCTCAGAAAAAATATGATTACAGCGGTATAGATAGTAATTCTGAAAATGATAATGAGCTTAAACAGGATAAAATAGATACATCAAAAATTGATATGAATAATGTAATAGAGATAAAAGAGAGAATGTTTATTAATCAATGCAATGATGTTTATTTAAATCCTGAAGATTACAGAGGAAAGCTTATAAAATTGCAGGGAATATATGACGGATTTACTGATAAAGAAACAGGCGAGAAACTTAATTTTGTATTTAGATATGGTCCTGGCTGCTGCGGATATGACGGGGTTGCTGGTTTTGAATTCGATTATAAAGGTAATATACCTAATCCTCAGGATTGGAT
NZ_CP046928.1_gap61	2872094	2876378	4284	TCTTAGTGCTGAGGAAGCAGAATATTCATCTCCTAATAGATTTATAGAAACAGCTATAATAAATGGATTTACTTCTGTAAGCGGCGATAATAATGATATACTTTATTTAAAAATAGAAGATCAAAATAATAACAATGATCAATAACTATTTGCAGAATCAGTTTTCTTCTTTTCTATTTGTGCTATTAATGCTTTATCTAATTCTTTAGCACTATTATATCCCATCTGCTTCAATCTGTAATTTTTAGCAGCGGTTTCTATAAGTATGCATACATTTCTTCCGGAACGAACAGGAATTTTTTGATAAGGCACTTCAGTATTTAATATACTATAAGTTTTATCAAATAAGCCCATTCTGTCATATTGTTCATCATCTTTCCAGTGTTCAAGTTCTATTATTAAATCAAGCCTTTTTTTATCTCTAATAGCACTCATACCTGAAAGTCTGCTTATATCAACAACTCCTATTCCCCGTACTTCCATATTATGCTTTATATATTCATTTTTTCTTCCGATTATTCTACCGTCTTTTAATTTTTTAAATTCAACTATGTCATCAGATATAAGTCTATGCCCTTTTGATATTAACTCTAGAGTAGCTTCACTCTTTCCAACACCGCTTTTACCTAAAATTAAAACTCCTACACCGAAAACTTCTACTAGTCCGCCATGTATAGTGAAAGATTCAACAAATTCTTCTTCTATTAATCCTTCTATACCTCTAATCATATCAGATGTTTTTAATTCGCTTATTATTACGCATATATTATTTTTTTTAGCAATTTCTATAAACGATTCAGGAGGATTTATATTGTAAGTGAATATGCATATTGGTATTTTATAACTAAGCATTTCTTCAAATACATCTATTTTATTTTCTTCATTTAAAGTGATGATATAATTAGCTTCTCCCTTTCCTAGTATTTGTATTCTTTGATATGCAAAATCCTTAAAATATTTAAACAATGCCATACCAGGCCTGTTTATATCATAGCCTATTATTTCATTTTCCATTCCTATGAGACCTGTTAAACGTCTTATTTTTAGGGTATTATTTTTCGCTTCATTAAGTTCTAAGAATTTAGATACGGTTATTTTAGGCATTATATTTTCATTTCCTCTTTAGCAATGAGTTCCATAATCTCTTCAGGTTTTTCAACATTTATCAGTTTTTCTAAGAAATGAGGATTGTCTCTTAATATTTTAGCTATTGCTGTAAGTACTTTTAAATTCTCGCTTGCTGAAGTTTTTGGAGCTAGAAGCATAAAAACGGCAAATACTTTTTTCTTATCAACAGATTTGTAATTAATTCCGTTTTTAATGGTTGCCACGCTAAGTACAATATTTTTTACAGCATCGGTTTTAGCATGAGGTATTGCAATACCATTGCCTACACCTGTACTCATTAATTGCTCTCTAGCCATTATAGCATGTTCAGCATCATTTTTATTGAGTAGTAATTTACATTCATCTAATCGCTCAACCATTTTAGAGAGAAGACGCTCTTTCTCTGTTTCCTGAACATCTATCATTATAGAATCTTTATTTATGTAATCTATCAAACTCATTATTACCCTCCAAAATGGTTAATTATAAATATATAAATTAAATATCAAACATTCTTATTAGAACAAATGAATTATCAGATTCTTTATACAAAGCTTCTGCTTGTTCTGTTATGCTGCTGATATAAACTACAAATTTTTTATCAGTGTTTTCTGTAAGATAATTTACAGCTTCACTTACATTGTATTCTTTTATTAAATAATTTTCACTTTTACTAGCATCTATATTGTTGTCGGGAGTTACGCTCACCTCATCAATATTCCAGTATTCTTCATTATTGTTATATACTTCAAATACTTTGTTATCATTACCTTTAAATAAGAATACAGGAAATTTTCCTATTTTTATACTGAATAAATCTGCTCCCTGTTTAATAGGTAAATAAGCCATATAAGGTTTTTTATCGCTATTAAAGTGTAATACAGCATCAAGCTCATCTAAAGGTTTTTCATATATTCCAACAGAGTTAATAGAATAAGCATTATCCTCCTCCTCTGCTTGTACAGATTTATCTACAACAGCTCTTTGACTTCTATCTATATTTCTTTCTTTTGATTTTCTTATTTCTCTTTCTATCTTTTGAAACATAGTATCTATTGCTACATATAGATCTTTTTCTTTTTCTTTATCATGAAATACTTTTTTACCGAAAGCTATAGTTCCTTGTACAGTATATTCACCATGCATATAGTCGCAAATAATATTGGCGTCTATTATTCTGTCAGCATGTATTTTGATATTTTGCATCTTATTTGCTATATGTTCTCTAACATTTTTAGTGATTCTAACGTTCTTTCCAATGATATTTTGATGCATAAAATCTCCTTTTGTTTTATCTGTTTCTTGATGAAAAAATATTCATACTTTTTCTGTATTTAGCTACGGTTCTTCTTGATATATCTATACCTTCGCTTTTTAGTATAAGTCTGATCTTTTCATCGCTTAATTTTGCCGGAGAGTTTTCTATAATTCTTTTTATAATTTCTTTAACGCCTCTAGAACCAAGCCCGCCATTAACAGCTCTAGAGAAAAAGTATTTTATAGAAAATGTACCCCAAACAGTGTTAAGATACTTACCATTAGCTATTCTGCTTATAGTGGATTCGCTTAAATTCACCTCCAAAGACATATCTTTTAAAGTTAATGGCTTCATAAACTCTTTTCCGTACTCAAAGAAATTTATCTGAAATTTAAGCAAAGCTTCGCCTATTTTTAATAAAGTTTTTTTTCTGTCATTAGATGCATTTATAAGGCTTTCAGCTTCTTTCTTTTTTTCTTTTAAAAAGTTTATGCTATCTTTACTTTCCTCTCTATCTAATAGTTTAATATATTTTTTGCTAATTTTCAAGTGGGGGATAAAAGTTTCATCTGTTTTTACAAACCAATTATCATTTTCCTTAAAAATAAATAATTCAGGAACTATATATTTTACAGAGGATGTATCATATTCTCTTGCTGGATAGGGTTCTAATGTTTGTATTAATTTTAAAGCTTTTAATACTGTATTAACTTCTATGTTTAAATTTAAAGCTATTTTATCATAATTCTTTTTTGATAATTCATCTAAATAATTTTCTACAATATTTATTGCTGTATCATATATTTCTTTTTCATCTGCTTCTTTTTTTTTCATCTTTAATTGTATAGAGAGGCATTCATTAATATTTTTTGCTCCAACTCCGTAAGGATCAAATGTTTTTATTATAGAAATTATTTTTTCTATTTGCTTTATATCAGCATTCAATATATTTGAAATCTCATCACTTTCAATGGTTAAATATCCGTCTTCATTTATAAAACTGCATATCTGTTCTGCAAGCTCTATTTCTTTTTTATCATTAAAAGTAATATCTATCTGACTTTTCAAATGAGAAAATAAACTTTCTTTATTATTTTCTACTGTGTTTTCTATTATAGAATTGATATCGCTTCCCGCTGATGATGGTTTTGAATAATTATCATTAAAATCATATTCTAAGAATGGATTTTCTTCCATTGCTTTTTCTATCTTTTCTTTAAGTTCTATGGCAGGCAATGCTATAACATCAAGCCATACTCTAGTTTGATAATTGAGTCTTAAATCATTTTTTATTGCAGTTCGTATTGAAGTATTTGCTGATAAAGAATTATTAATCATAAAAACCTATGGATAAATAATGAATCATTGTGCTGATAAATCTTTTTTCTATATCAAAAGGAGAAATTATTTTACCGAATTTATTATGCTTTTCTAATTCATAGAATTTTATACTTTCAATTACTATATCCTCATCATATGTATGACAGTTAATTTCGCATATAATTTTTAATACATTATCTGCCATATAGTAAGATACATATTCATCAAAATACTCTGTTTTCATATCTAATTCTTTAGATAAGTTTTCCATATATTCAAATGATAAATTTTGACCGTTAAAAGAAATTATAGCATCATTCTCTACATCATTATCTTTTAATTCATATCTTTTTATTTTTATTTGTTCAACAGGCTGATTTATTTCATAAAGCTCTAATTGATAAGTCCAAACTTTTTGATAGTCTTCATCATTATCAATAGGATGATATAAACTTATATAATATTTTATATTTTTAGGAAGTTCATATAAATCCTCATCTATTGAAATTAAAGATCCGTCTTCCATATATCTGAAGCACTCTATTAAATTATTGTCTTCATCATATACTCCCCAAACGAATGCAAGAGTGAAATACTGC
NZ_CP046928.1_gap62	2879445	2881795	2350	ATAATGAAGGTATAAAACCTATATTTCTTGCATCTATAACAAGACTGTCGTAATCTGTACCAGCATCAAAATAAGTTACTATAGGTTCAGGTTTATACATATGTATATTATTTATTAAATCTGACATAAGATTATTTGTTATTATATCCAATGCCATAAGAACTTTAACGCTTGTTCTTGTAGGATATGATATACCTACTAATCTGGCATTATTTATAGAATTTACTACTTTTTCTTTCAAAAATCTATTTTCTTCTATTATGCTGTAAATATTATCTTCACTGTCTATAGGTATATTTCCCAATGTATCATATAATGTTTTCATTGTTTCTTCTTCAGCCTGCTGCTGTAATATTAATAATGCTTCAGGGTGTAAACGAGTATCTGTAACAAAATCGGCTGTTGCATCTGCATATATCGTATATGTAGTATAATCAACTCTTCCTTCACCTATATTAACTAATATGTTATTATTAGTCAAAGATAGATACTGAGGAAAAAGAAGCATATTTATAGTAATAAATAGTAAAATAACCTTGATATTCATATAAACTCCAATATACTGTAAATATTCTCGGTTTATAAAAAAAATACTTAAAGGTATTTTTTGTAAGTTATCTCCTTTTTTCTAACTTTTGCAAATAATTTGATACATTTATATAACCATTGTATTTCATAACTTCATAAGGTTTTAATCCTATTGAGTTAACATCTATATAATTTGCATCATTATAAATTAAATACCTTGCTATATCTATTTTTGTAGCATAAAACATAGCATTCTGACCCCAATCATCTTTTTCATTAATATCAACTTTCAAATCCTCTACCAAATATTTTATTAATAAAAGATGTTCATTTTCAACGGCATACATAAGAATAGTTTTTCCTAATATATCTTTTTTATTAATATCAGCGCCGCTCTTTATTAGAAGTTTTACTGAATATAAATCTCCGTACTCGCATGCATAATGAAGTGCTGTTTTGCCATTATTATCAGCAATGTTTATATCAGCATTATTGTTTATAAGAAGATTCATTATATAAGGATAATGTGCGGAAAGTATTAAAGCATTTTCTCCATTATTATTAGTTATAGATATATCTGCATTTTTTTCTACCAAATAATCGGCCAAATCATAATATCCTATGGCTACAGCTTCCATAAGAAGAGTATTGCCGTTTTTATTTACAGCATTAATATCTCCGTTATTATTTAAATATTTATCTATTCTTTCTATAATATCAGATAATTCATTTTTATGATTTATATAATCAAATATAGTAGGTTTTTTTGGGATATTGGAATACTCTATATTTTCATAAGTTTCATATTCTGAAGCATCTACTATATTATCGAATGAATTAGGCATCAGACATTTGCATATTATTAACATTAAAATAAAATATTTCTTCAATAGCAAACTCCTATTATTAATAAAAATTATTTTAATTATTTTCAATTTTTTCTAATTCGCTGAGCATAAACTCCAAATCGGCTATAACTTTATCTTCCTCTTTTTGATTTCTCAAAATATAAGCAGGATGATAAGTTGCTATTACAGGTACATCTTTTCCATTATTATTGTAGTAATGCACTTTATTTCTAGCTTTTCCGAAAGGAGTTTTCAAATCAAAATCTATTAAATTACCAAAACCATGACGTCCTAATGCACATATTATTTTAGGATTAAGTATTTTTAACTGATTTACAAAATAATCTCTGCAATTAGACTTTTCTTCAGGTAAAGGATCTCTGTTTTCAGGAGGACGGCATTTCAAAGCATTCATTATATAATATTTTTTATTATTGATATTCATTCTTTCAATCCATTTATCCAATAATTTTCCGCCTCTGCCTACAAATGGAAGTCCTTGTTTATCCTCATCAGCTCCCGGTGCCTCTCCGACAAATACTATATCAGGTTCTTCGTCTCCTCTTCCGAATACTACATTTAATCTGCTATTACATAGAGCCTCACATTTCATGCATTTTTCTACTTCACTATATATCTTTTTCAATTCTTCATTCTTTATTTCTTTCATTGATTCTATGCCTTTATCATTAATATCTTTTTCTTCTTTTTTTACTGCTTTTTTTGGATTTCTTAATATTATTTTTTTATCATGCTGAGAGCAAACTACATTTGAGAATTTTATTTTATTCTGCTGTAAAAAATAGCTTTCTATTTTGTTCATATTAATAAATCCTAAATATCATTTTTAAAACATTATTTGTATTATACAATAAAATGGAATTTATTAAAAATTTTTTATTTATTAATTAATTAACTTATAAACTGATTATGTATATATACTAAAGATTTTTTATTTTTAATAATTTTATGAA
NZ_CP046928.1_gap63	2919303	2923954	4651	AATTATAACTTCAATCCCGGAAGATGAAAGAGATATAGAACTTTTTAGTTTACTTGCGAGAGCTTATAATAATACAGAAAACTATGATAAAGCATTAGATAATTTGATGTATATAAGAGAAGAAGGAATTGATGATGCTTTATGGAATTATAGGGTAGGTTATGCTTATTATTACAAAGGCGATAAAGAAAATGCAGAAATGTATTTTAAAAAAGCTTATGATTTAAATAATGAAGATGCAGATGCTTATAATTTTTATATGCTATGCTCTGAAGATAAAGATAATGGAATCAATTTTGAAGAGAGAGTAAATAGATTTTGGAAATGGTTTGAAGAAAATGAGAAAGTTATATCAGATTTTATAGATAAAAAATCTAATATGTCATCAGAAGAAATAATCGAATTTGTTTCTAATGGTGTATCTTTAATATCTAATGATTTGCAGTTTAATTTCGGCGGTGATTATGAGTTTACATTCACTATAGAGGGTAAGGAATATTTATTTTATCTTACTCCTAGAATAACAGCTGCTATGCCTGATAAATTAAAAAGTAAATGGAAATTTTCTCCTTATATGCAAAAACAAGATATAGAAGATTCTAATTTCAGAATGTATAATGAAGATTTGAGCTTTAAAGATATTTTAGTATACTCTGAATATGATGAAGATACTAATTTATTTAATTTTAAATTCTATAATAAAATCTTAAATCAATTAGATGAAAATTATGCATATAATGCTTTTTATATAATGTTTGAGCATGCTATAGGTGAGAATATATCAAGATTATATTTAGGAAACGTTGAAAAAAGCGATAAAAAACTTGATAGCATGATAGAGCTTACAAAACTTTATGACTTTATCATGAATATACTAAAAAGTAAAAATAAGGATATTATTTTAGATCCTATAAATAGATATACAGTTTATGAATGTAAACCTACAGATAATTTTTTCAGAGAAGATATATTTATTGGTAATACATGCTATATGGAACTTATTGATGATTATGCCAATTACAATATAGATGCTATTGTTAATATTTCAAAAATGGGAGCAAGGGCTGTATATTTGGCTTATGCATTTTCAGATAATAAAGATAATGATTTTAATGATGAAGATATAAATAAAAAACTTCTTGAAGAGAGAAATAATATTACAGATGAGCTTGAAAGCGTAATGGGTGAGAGAGGAAGCGGTAAGGAAATAGGTGTAGTATTAGGCAGTGCTTTTGGTATGATAGGAGGATATATAGATTTACTTTTATACAATCAAGATGATTTTATAAAGAGAGCTGAAGAAGTTCTTAAAAAATATAATTATAAATTTAGATTATTAAGATTTAGACAGTATTCTGAAATTATAAAAAGTTTTAATGATTAATTAAAAAATATAGTAATGTGATTTTTAGTGCATTGCTATTATTTTTAATAATTAATTGTATATTAGTTTATTACTTATAGTATGCACTTGTTTTTTTATATAAATTAATTATCATATTAAATATTTTTTATAGGAGTATTTCATGGAAAAAATAAATTTAGCAAAAGTATCAACAATCACTTCTCCAAATCCTGTGGCATTAGTATGCATTAAGAAGCCTGATGGAGATACTAATATTACCGCAGTATCTTGGTATACTTATTTATCTTATAATCCAAGTATGATAGCTTATGCAATGACTAAAGATTCATACGGTGGAGAGTTAGTTCGTGAAAATAAAAAAGTTATAATTACAATTCCTGGTGAGAATATTAAAGAAATTGTAATAGGATGCGGTATGTATAGCGGAAGAGATATTGATAAAATAAGAAACTTGGGTATAAAAATGCAGAGTATTCCTACAAGTGATATAAAAATTCCTTGTCATAGTGCTGCTGCTATTCAATGTAGTTTAAAAGAATTTATTGAAACAGGAGATCATAATTTATATATATGCGATGTTGAAGAAGTATATGCTGATTATAAAGAAAAAGCTGTATTTGCTTGGGAAGGTTATGCTAAAATAGCATCAGCTAAAGAGGTATAATAGATTATTTTGTTTGTATATTATTATGAAGTTATATAAATTTTATTATTATGTTATTAATGAAGCAATTATTTAATTAAAGCAATAATAAAGCCGTTAGCATATATGTAAATATGCTAGCGGCCTTTTTACTATAAAATGAGTATTGTATATTAAATCAAACCATAAGGAATCATTATATCAGCAACTTTAACAAATCCTGCTATATTAGCACCTTTCAAGTAATCGCCTTTACATCCGTACTCTTCAGCTGTATGATAGCAAGTATCATGGATATTAGTCATAATATTTTTAAGTTTACCGTCAGTATAATCAAAATCCCATCTATCCATAGAAGCATTTTGCTGCATCTCTAAAGCAGAAGTAGCAACACCTCCAGCATTTGTAGCTTTACCAGGAGCATAAAGAATACCAGATTTTTGGAACACTTCAACAGCCTCAGGAGTAGCAGGCATATTAGCTCCTTCAGTAACAGATATACATCCGTTTTTAACTAATGTTTCAGCACTTTTAGCATCAAGTTCATTTTGAGTAGCACAAGGCAAAGCAATATCGCAGGCAATATCCCAAATATTTCCATTTTCCATATATTTAGCAGAAGAATGAGCATTAACATACTCTTTAATTCTTTTTCTTTCTACTTCTTTTAATCTTTTAACAGTGTCTAAATTGATACCATTTTCATCGTAAATAACACCGTTAGAGTCAGAACAAGCAACAACTTTAGCACCTAATTGAGTAGCTTTCTGCATAGCATATATAGCAACGTTACCAGAACCTGAAACTATTACTTTTTTACCTTCAAAACCATTTTTGCCGTTAGTTTTAAGCATAAGGTCAGTGAAGTATACAAGTCCGTAACCAGTAGCTTCAGTACGAGCTAAAGAACCGCCGTAGCCTAAGCCTTTACCTGTTAATACACCTGGTTCAAATCTATTTTTAAGTCTTTTATATTGACCGAATAAATATCCTATCTCTCTAGCACCAACTCCTATATCACCGGCAGGAACATCTATATCATATCCTATATGTCTTTGAAGTTCTGTCATAAAGCTTTGGCAGAAACGCATAACTTCATTATCACTTTTTCCTTTAGGATCGAAGTCAGAACCTCCTTTACCACCGCCTATAGGTAAGCCTGTTAAAGCATTTTTGAATATTTGTTCAAAACTTAAGAATTTGATAATACCTAAATAAACAGATGGGTGAAAACGAAGTCCGCCTTTGTATGGTCCTATAACGCTTGAGAACTGTACACGGAAACCTCTGTTTACATGTATTTCTCCTTTATCATCCATCCAAGGAACTCTGAACATAATTTGTCTTTCAGGTTCGCATATTCTTTCTATTATCTTCTGTTCAATATAATGAGGCTTTTTCTTCAATACAACTTCTAAGGTGCTTAACACTTCTTTCACTGCTTGGTGAAATTCTGCTTCACCAGGATTTCTTTTTACTATTTTGTTGTAAATGGCTTCTAATTGTTCGTTCATTTGAGAAGACATAAATTAATCTCCTTTTTTATTTTTTTTATTTGCTGAAAGCATTATATACTAAATAGTATTATTGTCAATAGTAATGTAACCGGTTTTTTGTTAATATTATTATTTTTTTTAATAAATTTATAATTTTTATATAAAAAATTGAAATATAGTTCAAAATGTTGTATTTTATAAAAAATAATTAAGTATATATTATGTATAAAGAAAAATATAAACCATAAGAAAAAGATGAATTAATATATTTAATAGAAAAAAGATAAAATTTAATATAATAGATATGGTCTAATAATAGATAATGAGTATAAAACTAGAAGATAGTAATTTATTTATGATGTGCAAATCAATTAATAAAAATGCATTATCAGATATTCCTAATGGTTATCATATAAGAAATTGTAAAAGAGATGAATTAAACTTATGGTTTGAATTTCCATTTGATAATGAAGAAGATAAGAAGAACTATAGAAGTTTTATGGAGCAATATTTTAAAGATGTATATGGAAGTAATGAAGGATTATTTTTTGAAAAATGCTTATTTATTTGTGATGAAAATGATACTCCTGTAGGAACATGCTTTGCTTGGAAGGCTTATAATCTTATAACTACAATACATTGGTTTAAAGTTAAAAAAGAATATGAAGGGCAGGGTATAGGAAGGGCTTTAATCTCTTATGTTATTAATTCTATAGATGAAAAAGACTTTCCAATATTTCTGCATACTCAGTCTGGAAGTTTTAGGGCTATTAAACTATATACTGATTTAGGATTTGTTTTGCTTACTGATGAAAAAATAGGATATAGAGAAAATCATTTAAATATTGCCTTGCCTTATTTGAAAAAACAAATGCCTTTAAAAGAATATAATAAATTAAAATTTGATAAAGCCAATAAAGAATTTTTGTATGTCGTAGAAACTTCTGAAATAAATCAATTTTAATTATCTACAATTCCATTAATTTTCAATATTCATAAAAATAAATAAGAAAACTTAAATATGCATATTTCTGCTATTTTATATTAAATATCATTAATTTGTAAATATATTGTATATTATTTTTATATAAAATGATATAAATGTTACAATTTGTTAACATAATAAATTATTTTGATTGACTTTTT
NZ_CP046928.1_gap64	2930626	2931519	893	GAATTTCTTTAAATAGAAAAATAGAAAATATAAATTTACTTGATATATTCAATGCAGTAGAAAGTTTAGATAATAATAAACTTTTCAGCTTTCATGAAAATCCGAATAAAAAATGTCCTGTTGGAAGCAGGATTAATGATATACTTCAGCCTAAACTAGATGATGTGCAGAATGCTATGGAAAAAGAGCTTAAAAAAACTACATTAAAAGATATTTATGAAAAATTAAAAAATTAATATATTTTAGTATTTATTATATAATATTTAAAGTCTATATTGAGGATATATTTTATGAAGAAAGAAGAGATTAAATTAGAAAATACTACTAACAAATTTGAACATTTTCTAAAAGCAGTTGAATTTTTAGGTAATAAACTTCCTGATATAACTATTTTGTTTCTTATAGCTTTTTTTATAATGGTTATACTTTCATGGATATTATCACATTTTACATTTAATTATTTTCATCCTACAACAGGAGAACAAATAAAAATTATAAATATGCTTGCTCCTAATGAATTAGCAAAATTTATAACAAAAATGATAAGCAATTTTGTGAGCTTCCCTCCTCTTGGAATAACACTTGTTGGAACATTGGGGATAGGTGTAGCCAATGGCAGCGGATTTATTAGAATGATTATAATTAAAATATCAAGTGTTATACCGGAAAAAGCTGTAACTCCTGCTGTTATGTTTATATCTATATTAAGCCATATAAGTTCAGATTCTGCTTATGTTATATTAATGCCGGTAGCTGCTATGATGTTTTTTTCTTTTGGAAAGCATCCATTAGCAGGAATTGCTGCTTCATTTGCTGGTCTTGCAGGAGGACATTCTGCAAGTTATACTCCTTCAATAATAGATCCAATAATGCAGGGATTTACTCAAAATGCA
NZ_CP046928.1_gap65	3003489	3003989	500	AATATAATTGATTGTTTTGGGGAAATATATGTCTGATAATGAAAATAATTATAATGAAAAAGAAGAAGAAAAGGTATTTGAACCGGAAATAGTTAATAATGATGATACTGATAAAAATAAATCTCTAAATTCTATACTTTCTTGGATTCCGTTTATATTAGCTTTGATATATACAATTTCTCCTGTTGATTTTATTCCAGATGTCATACCTGTTGCCGGTTGGGGAGAAGATGCTCTATTTTTAATAGCATCAGCTTTGCATGGCATTCAAAATACTGTTTTAGATAAAAATACATCTATATATAAAATTGTTAAATATATAAAATGGGCTGCATTTATATTTACTATTATATTTATACTTATATTGGTTCTTCTTATAGTATTAGTTTTCAAAGTTTCATCTAATTAGTAATTATATATATACTGTAATTTTCTATATTTAATTTAAAAATATAAATTCCGATTATAAAATAGTTAGAATATATTTTAAAGATAGAAAG
