gap_id	start	end	length	sequence
NZ_CP092056.1_gap1	1476	3251	1775	ATTACTACGATTTTTTATTAATTAATTAAAGGTTTTTGAGGTTTTACAAAATATAAAAAAATGGGGGATACTCATGAAATTTGTTATTGAGCGTGATCGTCTTGTCCAAGCAGTCAATGAAGTTACTCGTGCCATCTCTGCAAGAACAACGATTCCAATTTTAACGGGGATAAAAATAGTCGTAAATGATGAAGGTGTAACACTAACTGGTAGTGATTCCGATATTTCCATCGAAGCATTTATTCCATTAATTGAAAATGATGAAGTAATTGTAGAAGTAGAGAGTTTTGGTGGAATTGTACTTCAATCAAAATACTTTGGCGATATTGTCCGTCGTTTACCAGAAGAAAATGTAGAAATTGAAGTAACGTCTAATTACCAAACCAACATTAGTTCTGGTCAAGCCTCCTTTACACTAAACGGCTTAGATCCAATGGAATATCCTAAATTACCTGAAGTAACAGATGGAAAAACAATTAAAATTCCAATTAATGTACTAAAAAATATTGTTAGACAAACTGTTTTTGCTGTTTCTGCTATTGAAGTTCGTCCAGTACTTACTGGTGTAAACTGGATTATCAAAGAAAATAAACTAAGCGCAGTTGCAACCGATAGTCATCGTCTAGCTTTACGTGAAATTCCACTTGAAACAGACATTGATGAAGAATACAATATTGTTATTCCTGGAAAAAGTTTATCTGAATTAAATAAACTTTTAGATGACGCAAGCGAATCTATTGAAATGACCCTTGCCAACAACCAAATTCTTTTTAAATTAAAAGATTTATTATTTTACTCTCGTTTACTTGAAGGTAGTTACCCAGATACATCTCGATTAATTCCAACTGATACTAAATCAGAATTAGTCATTAATTCCAAAGCATTTTTACAAGCAATTGACCGTGCGTCGCTACTTGCTCGCGAAAATCGTAATAACGTTATTAAATTAATGACGCTGGAAAATGGCCAAGTAGAAGTATCCTCCAATTCTCCGGAAGTTGGGAATGTTTCTGAAAATGTCTTCAGCCAAAGTTTTACTGGCGAAGAAATCAAAATATCTTTTAACGGTAAATACATGATGGATGCCCTACGTGCTTTTGAAGGTGATGATATTCAAATTTCCTTCTCAGGTACTATGAGACCATTTGTACTTCGACCAAAAGATGCAGCCAATCCAAATGAAATTTTACAATTAATCACGCCGGTTAGAACTTACTAATCTCGCAAAAAAGCACATCCGTCTTGGTTTCAAGGCGGATTCTTTTTTTGTTATAGTACAGTTTTTGGATAGAAATGTATATTTATGCAAACGGAGGTAGTTCTTAGCATGATGAAAGATATGACAACAGGTAATCCGACAAAATTAATTTTTTTATTCGCGATGCCGATGTTGATTGGAAACTTATTTCAGCAATTTTATACGATGATTGATGCGGTTATTGTTGGGAAATTTGTAAGTGTAGATGCGCTAGCTGCTGTTGGAGCGACAAATTCGGTCAATTTTTTTATGATTTCTTTGATTATTGGACTTATGAGTGGGATTTCTGTCGTAGTTGCGCAGTATTTTGGATTTAAAGATTATGATCGTTTGAAAGATGTTATTGCTACGGCGACTTATGCGGTGGTTTTTTCGGCGATTATTTTGACGGTTGCGGGCGTTTTACTTGCGAAGCCTCTTCTTATTTTGTTAAGAACACCGGCAAATATTTTGGATGATTCTACTATCTTTTTAACCACCCTTTTTATCGGGATTTTGCCGATGAGTCTGTATAACG
NZ_CP092056.1_gap2	61276	61937	661	TCTAAAGAGAGCTTCCAAGGTTTCCAAGATATTATGAAAGAATTTGAGGAAAGCCTAACTCTCTCTCAAAAAGAAAACGAAGAACATATGAAAAACATGGATACTTATACAAAAACACAAGAGGAAAACGCTCCTTTTGGGGTAGAATTCACAGAAAACTTGTCAAAATTTGATGGCACTTTATCGGCAGAAGATATTCGAATGCAAACTGCCGCTTTAGAACAAGCCAATGCAAAAATGACTTCAGAATTTCAAATTTTAGAAAATAGTAATTCATTGTTATCACAAACACAGGCTTTACAGAGCTATATAGCTGAAACCAATGCACGGATTGATGCGGTGGATGCCGAAATTATGGGAACGCTCGAAAATCATTTTCGGACGGCTGTTTATAATGACTTGTTGCGTATTTTACAAGAAAACGAGTACTCGGATAAGTTGAATGAAATTGGTCTTAAAGATTTGACCGGAGAAGATATTAATGCTGGCTTTAACAAAATGATTGTTAAGGAAATACAATCATTACCAACATATAATGCGGACCAATTAGCATCGATTGGGCTTGATGAAGAGATGTACAAAAATGTTGTAACGCTTTCTAAGGAATATTATAGTAACCATCGCGGTGCTTTTAGCGAAGGTTTTAGCTTTACGACTGATC
NZ_CP092056.1_gap3	65084	69739	4655	TTGCGATGTTTTCTAAGAAATTCTCTTTTGAAAACTTGTATAATGGCTCGCTATCAGGGGCTAGAGGAACGCAATTTGAGAAGAGTATATTAGATGCAAAAACGGTACAAGATATTGCTACTATTTTAGAAGAAGCTTACGTGAAAGAGCATGCGGCGGTTCAAAAAAATATGGCAAGCGTACCGAAGAAAAAATACAGTACTTTCCGTGGGTTGGCGGTTGGTTTCATTATCGTCGCTATTTTACTTGCAATTCCAGTAAGTTATTTTGCCTTCGTTAAAGTCCCTCTGCAAAATGATTTACTAACGGCAAACGAGAATTTCCTGAAAACAGATTACGATAAAGTGATTACAGGTCTAGAAAATGTGGATCCAGAAAAAATGCCGCAGTCTGTCCAATATGAATTAGCTTATTCCTATGTTAAAGGCGAAAAAATGAGCGATAAAAAGAAAGAAAACATTATGAATACAATCAGCTTAAAATCTGACGCCAAAAACTTACTTTACTGGATTTACAATGGTCGCGGAGAATTTAGTAAATCACTTGATATTGCAAAACTTTTAGACGACCCAACGCTTGCGATGTACAGTTTAACAAAACAAATTGAACAGGTACAAAGTGATACAACATTAAGCGGCGATGAAAAAGTGGAAAAACTAAAAACTTTGGAAGAAAGCTTGAAAGAATACGATGAAAAAGTAAATGAATCAACAACAACTGAAGATGAAACAACAAATACAGAAGCAAAATAAGGGAGAATGGACCATGAATAGAGAGGCTTTATTAATTGTTAGTAACGGGCAGCAATGTCATAAAAACCACTTGTCTCCTGAAAAAGTCGTGACAATTGGGAATACAATCGAACACGAAATCACTTATCCCGAACTGGCTGAGTCGATTGAAGTTAAATACGATGAAGGATCTTGGAATGCTGGAACAACGGCGCTCCAAGCGAACCAAGCTGTAAATGTAGAGAACTTAGCATTCTATCTATGCCAAGATTTACATACGCAAGTTTATGATGTTGTAACGAATATTTCTGTGACATTTGGCGTTGGAATAGAAAATGATGTCACATTAGATGATACAAAATCAGATTTTATACTTTTACGTGATGCAAAGGAAAAACTGTTTAAGTTACAAGTCTTAAATGGCGAAGTTTATCATAACTTTTCTCTAGTAACGGAAGACTGCGTTCTAGAACCGGGCGATCAGCTCTATACGGACGGTGTGACGATTACAATCGGAAAAGAAGATATTAGTGTGCTAGCTGTGAAAAATCGCGTGACGAGCAAATTAGCGCCTTTATTTGCTGCGGACAATTCATTCGGGGAAGATTATCCGGATTACCACCGTTCACCGCGGATTATTTACCGTGCGCCAGAAGAAAAAATCAGCATGGCGAAACCGTCAAGTAAACCCTCAAAACCAACAGATGGCTTAATTAAAATTATTTTACCACCCCTTATCATGGTGGCAATTACGGTCATGATTTCCATCTTCCAACCACGTGGACTTTATATTATTATGACAATCGCAATGTCAGCAGTGACCATCACAATGGCGATTCTTAACTACATAAAATCACGTAAAAAATACAAAATCGATTCCAAACAACGCGTGGAAAGCTACGATTTGTATTTAAAACGAAAAACGAAAGAATTGCACGAAACAAGCGAAAAACAGCGCCACGCTTTAACATATCACTATCCAGATGTAACTGAACTAGAAAAAATGGCACTACGTGTGGATTCGCGTATTTACGAAAAAACAATGTTCCACCATGATTTCTTAACTTTCCGAGTTGGTCGCGGCGATGAAGCAAGTAGCTTTTCCGTGGAATTCCAACAAGAAGAGTTCAGCCAAGAAAAAGATGAACTTGTCGAAGAAGCTGTGAAGATTAAAGGGCAATATTTATCTATCAATGAAGTTCCAGTAGCGACAGATTTAATGCACGGACCAGTTGGTTACATTGGGCCACGCCGTCTCGTATTAGAGCAACTTCAAATGTTAGTAATGCAAACTTCCCTTTTCCATAGTTATTACGATTTGCAATTTATTACCATTTTCCCAGAAGAAGAAAAAGCGGATTGGGACTGGATGCGCTGGTTGCCGCATGCGAATATGCGTGATGTGAATGTACGTGGATTTGTTTACCATGAACGTTCGCGCGATCAAGTGTTGAACTCGCTTTATCAAATTTTAAAAGAGCGTAAACAAGCGCTCACTGAACAAGCTAGCAAACAGGAAAAATTATATTTCACGCCACATTATGTGGTTTTAATTACCGACGAAAAATTAGTACTCGATCACACGGTTATGGAATTCTTCAATGAAGATCCAAGCGAACTAGGTGTTTCTTTAGTGTTCGTACAGGACGTAATGGAGAGCTTGCCAGAACACGTGAAGACGGTCGTGGATATTCGTGATGCGAAGAGCGGGAACATTATTTTGGAACAAGGCGATCTAGTAAACCGAGCATTCGTGCCGGATCATTTGCCAGCAGATTTTGACAAAGAAGTAATCAGCCGGGCTCTTGCTCCACTGAACCATCTACAAAACTTAAAAAACTCGATCCCAGAATCCGTTACTTTCCTTGAAATGTACGGTGTAGAGCGCGTCGAAGAGTTAAACATTGCTGGACGCTGGGCAAAAAATGAAACGTATAAGAGCCTTGCTGTGCCACTTGGCTTGCGCGGGAAAGACGATATCGTTCAACTGAATTTACATGAAAAAGCACACGGGCCGCATGGTTTGGTAGCCGGAACAACTGGTTCTGGTAAATCAGAAATCATTCAGTCTTACATTATTTCACTTGGCGTCAATTTCCACCCATATGAAGTCGCGTTCTTGCTGATTGACTATAAGGGCGGAGGTATGGCGAACTTATTTAAAAATATGCCACATTTACTAGGAACAATTACAAACTTGGACGGCGCGCAATCCATGCGTGCACTAGCTTCCATCAAAGCCGAATTGCAGAAAAGGCAACGGTTATTTGGCGAGCACGATGTCAACCACATCAACCAATACCAAAAACTATACAAACAAGGAAAAGCGACCGAACCAATGCCGCATTTATTCCTTATTTCGGATGAGTTCGCCGAGTTAAAATCAGAACAACCAGAATTCATGAAAGAACTCGTTTCGACAGCACGTATCGGGCGTTCACTAGGTATCCATTTAATCCTAGCAACCCAAAAACCAAGCGGCGTCGTGGATGACCAAATCTGGTCCAACTCCAAATTCAAACTGGCCCTAAAAGTACAAAACGCCAGCGATTCAAATGAAATTTTGAAAACACCAGACGCAGCAGAAATCACACTACCAGGTCGTTCGTACTTGCAAGTTGGTAATAACGAGATTTACGAACTGTTCCAAAGTGCTTGGAGTGGCGCAGATTACGTGCCAGATAAGGAAAGTACGGATTATATTGATACGACGATTTATGCGATTAATGATTTAGGTCAGTATGATATTTTGACAGAGGATTTGAGCGGGTTAGATAAGAAGGATGATTTGACTAAATTGCCGAGTGAACTAGATGCGGTGATTGATCATATTCATGCGTATACGGAGGCTTCTGGGATTGAGGCGTTGCCGAGACCTTGGTTGCCACCTCTACCTGAACGAATCTTCGCCCAAGAATTACATCCAGTCAATTTTGAAGAAGCATGGAAAGAACCGAAAAAACCACTTCAAGCAACAATTGGTTTACTGGATCAACCCGAATTACAAGCACAAGTCCCACTAACACTAGATTTAACAAAAGATGGACACGTGGCTGTATTTTCAAGTCCAGGATTTGGGAAATCCACCTTCTTGCAAAGTTTAGTGATGGATTTAGCGCGTCAACATAATCCAGAGCAACTGCATGTTTATTTGTTGGATTTTGGGACGAATGGGCTTTTGCCACTGATTGATTTACCGCATGTTGCGGATACGATAATGATAGACGAGATTGAAAAAGCACGGAAATTTGTGAAAATAGTTATTCGTGAAATAAAAGTTCGCAAAAAATTATTAAGTGAATATCGCGTTGCTAATATTGAACAATATAGTCAAGCAAGTGGAAAAAATGTGGCAAATATTCTAGTGTGCCTGGATAATTATGATGCCCTTAGAGAAGCTGGATTTGGAGATGAATTTGATAAGACGATGATTCAAATGGCGCGTGAAGGAGCGGCATTAGGGATTTATTTGGTTACAAGTGCATCAAAACAAAGTTCGATACGTATGCAAGTTATGTCAAGTATCAAGCTACAGATTGCGTTGTACCTAATTGACAAAAGCGAGGTTACTTCTATAGTCGGTCGTACAGATTTAATTTTAGAAGAATTATACGGTAGGGGTATGGTTAAAGTTGGTTCGCAAGCAATTTTCCAAACGACGTTACCTACTAAAGGGAGAGAGATTGTTGAACAAATTAATAATTTGACAGAGGAAATAGCTGTAATGAAAGAGAGCTGGAATGGTGAATGTCCTGATTCTATCCCAGTTATGCCAGAAGTTCTGAGTATTTCTGACTTTGTGGGACGGAAAACTACAAAAGACAATATCCAAAGTGAAATTCTACCGTTAGGCTTAGAATATGAGAATATCGAAGCAGTGGGGCTGGATTTTAAGTTAAAACAAAATTTATTAATAGTAAGTGA
NZ_CP092056.1_gap4	79272	80283	1011	GAAGCTGAATATTTAAACGATGAAACATTAGAAGTATATGAACAAGATAAAAAGAAGTATGATAATACAAATCAACGCATTACAAATAATTCAATCACGATTTTAATTGGAGAGTATGGTTATTATGATCCTGTGCAGGATGCGCTTGAATGCTCTGCTGTTATTATAAATGGAACAAACTCAATCATTGAAGACCTCAGTTTTCAAGTAAGCATAGAAAATAATGCAATCCCTGAAAAAGTGTTTTTAGATAATACAGTTCCGGAACTCACAAAATCACAAGTAGGGAATTTTCTACCAAACATGGGTGTACCTGTGATTTTAGGTTTTCCGGAGAAGAATCCAACAAATGGTAACGAAAATGGTGAAAAAATCGATACTGATAAATTAAAGATTCATTTAAGCAATATTCAATATAAAAAAGAAAAGTAATGCTCTATTAGCACTTTAAAAAGGTGGATTTTGGATAAGTATACATATTACAATCCATAATGGGAATATGATATAGACCAAATTAAATGAAACTAAAAATAACAAGGATATCCTCAAACGTGTTTTACTAAAAAACATCCATGTTAATTTTCCTGGCACCCCTCCCCCCCACACCTGCTATACTAACTCCATCCTAACAAATGGAGTTGAAACCAATGACAAAAAACTTTAAAAAACTAAAATCCCTACACGAACTACCCACCCCACTAATCCTCTACAACTGCTGGGACGTCGCTTCTGCCAGAGCAATCCAACAAGGCGGAGCACCAGTAATAGCGACAAGCAGTTATGCAATTGCAGAGTCATTTGGCGTAGTGGATGGGGAGCATTTAACTTTTGACGAAATGTTTTTAGTTATTTCGCGCATTGCCAAGAATGTGAGTTTGCCGCTAACGGTGGATATAGAGACTGGGTATGCCAGAAATTTGGAGGAACTGGCTCAGAATGTGGAGCGGTTGCTGGCAATCGGTGTTTGTGGTGTGAACTTGGAAGATCAGCTTATTGGCGTTACAAATCCGG
NZ_CP092056.1_gap5	87731	91376	3645	GAAACGGAAAAAGAAACAACAAAAGATTCAACTGAAAAAGAATCAGAAAAACAGTCGAATGATGCTTCTGGACAAAAATCAGCACAAAATAATGAGCGGTCTGAAAGTAAAGATGATCAAACACAAGACGCGTCCGGCAACAACACAAATGGAAGTGCAAATAACAATACAGCGAGAAGCAATGGAACAGGCGGAAGTAATTCTGATACAAATGGTTCTCAGCCCGGGGGTACGCAGAATAAACCAAATGAAGGGGATGTTAATAAAGCGAATGAAATTATTAAAAAGCTAAACGAAGCTGAAAACACAAACACGTTTCAAGTACCAATTGTGGATGTTAATTTGACGGTTAAAGGTCAAGTGGCTGCGGCTAAACTAAAACTGACAGACTCATCCAAAAGGCTAAATTCCTTAGAAGCAATTCTTTACGATAGTAAGAACAATATTGTAAAAAAAGAAAAATTGAACTCAACAAAAGCGAATCAAAACTTCACCTTTAACAATTTAAAATATGGCGAAACATATCAAGTAGTTGTTCAGGGAAGCTACAAGTCAGCAAGCAATAAAAATCAAGATACTATTTTCTTCCGCCAAACGGTTGAGGCAAAACCGGTTGTTTTAACTCCAAAAGTGACGGAGCGCGGCGAAGATTATATGAAAGCGGAACTGACTGCAACCGAACTTTACGGTCATATTGATAAGCTGGTTTTAAAAATCAAAGAAAACAACAGCAATGTAATCACTTCTCAAAAAGTTACTGTTGATGCGAGTCAATTAACAAAAGACGGACAAGTAGAAGTTAAGTTTAATTCATTAAGTAGTGATAAAGAATACATTATCGAAATGGAAGAATTAATTGTTGATGGAAAAAATGTAACAGATGATGGTTGGTACTTTATTTCCTCTACATTAAAAGCAAAACCAACAATTGAAGGCTTAAATCTTTCTTATAGCACAGATAAAGGTGAGTTTGTTGCGTCACCAGTTAATCTAGTTGATAGAGATGAGTCAATTACAAGCATTCGATATGTAGCGTATTTAGAAGATGACTATAAAGTAAATGGTTCTAATGCCAAGGAATACGCTTATTCTGTAGTAGACGCTAACCAAAAGAAAACAGCTGTTAAAGTTGGTCGAACAGTTGATATGAACGATGGTAATTATATTTTTGTGGGTTATATTTCTGGCAATAATGGTCAGTCAGATTACACCTTTGCAACTCCAGCTTCGAACAGTGTAGTCGTTGGTAAAAAAACGAAGCCAACTGTAGAGTTTTCACTGAAAGAGGCAGAGCAAGATAAACTGACAATCAATTATGAAGTTTTTGATGCAGATAACACACTTCTTTTTGATAACCTAACACATCCAACCTTAAAACTATATAAATCAGATGCTCAAGGCATGTATAGTGGAAATCCTGTTGCTACAGTTGATTTAACAAAGAAAAGTGATATTACGAATTTACTAGAATTCGATGGTTTAGAAAGTGAAGCTTATTATGTTGTCGTAATGACAGGTTCCTATAATTTGGACGACGGAGCAGGGATTATGGTTGATGAGCTTATTGGTCAGTCAAGTGTCTTCCGGACAACCGAAATTACAAAGGTCAACGCATCATTTTCACTTGATTCTGTAGATACAACAAAAGTAGCAATTAATGTCAAATTGTCCGATGCGGCTGTTAATTTAAACGACGCTAATTTAAAAATTTATGAAAAGAAAACAAACACACTAGTCAAAACTGTTCCGCTCCATGGTGACTTTGAGAAGTTAATGAGCGATTCGGGAAATAGTTATCTCTTTGAAAATTTAAGTATTAATAAAGAATATCTTGTGAAAGTAGAAGATGGCTATGATAGTGGAATGAATCATGTTCCGGTTGAAGGGCAATTTATTTTCAAAACCAAGAAAGAATCACCTGAAACAGACAAAGTATTGCTAGATTACAAAGCTTCTGAAATGAAATTAGGAGGCCTAGCGGGAATCGCGGCAACAGAAAAGCCACTAATTGATGATTATAATGCTGTTAGTTCTATTACCTACAGTATCTATAAAGCAGATGATTTAAACACACCGCTTGTGGAACAAGAAGTTTCAACAGCGGCAGACTTTGAGAAGAACGTGTACTTTGATTTAACTAATAAGCTCTTAGGACGAGGTTATTCTTATGTCATAAAAGCGGATGTTGTTTGGAATGATAACTATGAAGATCATCATATTGAAATTAGTTCTGATACAATCCAAATCAAAAAAGAAAAACCAACCGTTGAATACGAAATTTTAAGCCGCACAGCGAGCGAAATTAAACTAAATGTATATGTAGAAGATGAGGAAGAATCTATCGTACCGGGAACGCTTGAAATTACTAGTACGACAGGTGGTAATGAGCAACTTCAAAGTGGAAAAAATAATGTAACCTTACCACTTTCAAGCGAGGGAACTACAACAATTAAAACAACAGGTGATTACATTATTACCAGCGGAAGTTCAGCTATTTCAGATATTTTTATGACGAAACAGTTGGCAGCATTAAATACTACTGCACCACAAGTTGGAGCCAAAATTGCCATGGATGCTTCGGGCAAATCAATGACTATCGCCCCAGAACCTAATGCAGTTGCAAAAACTTCTGTGATGAGAACTAAATATGATTTGAAAGATGCTGCAAGCTCCAAACCAGATTATTCAATTACAAAATCTGGTCCTAATCAATTTAATACTCAAAACCTTAATTTGCCTCTAGGTAATATTTGGTTTGATAATTCCTATCAGCTAACTCTTGATATGAAAATGAATTATACAGAAAACAAAATCGATAACCAAAACCTAGCCAATAATTACTATCTATCTATTGGAAATGGAGCGTCATTTGTTAGCTCTTTAAGCGGAGCGGTTTCGACAACGAACAACGTAAATAGTGCGGATGTTTTCAAAGTAACGAAAGCAAGCACCGATTCAGAAGGTAATATTTCCGGTGTTACATTTAAAAATATTTGGACGGATAAGTATATAGCTTATCGAAATGGTATTTTGATTAGTAATAGCGAGACTCCTGATTCATTCAAATTAATCCGTCAAGCTGATGGAAGTTATGTACCAGAATTGAGTGGTCGCTATGTTAATTTCTCTGTTGGACTAGTAACAGATGAAGCAGCTGGATCAAAAATCGATTTATATTCAACTCAGGAAAAATTAGAACAAGTTTCGGAAGCTATTTCTGTAAAAGCACTTGAAGAGCCAGCTATTTCAGCAGAGAATATTGGTGTTTATGATAAACGCGTCAAATTAGACGTTATTGGTGAAGATAAAGATAATACAACAGTTAAGAAAGCCAACAAGAATGAGTTATTTGTAAATGTTTATAAAGCAGATGGAACAACACTTGTTAACTCAATTCGAGTTGATGGATTACCGACGCGTGATGTTTCAGTTACAGAGCTTTCACCAGACACCGATTATGTTGTTAAAGTAGAAGGAAAATATGATTTGTTAGATGGTAATGGCGAAAAAGACAAAGTGTATTATTCAGAGACAATTAAGACAGAAAAAAGCTTACCAAGCATGACTTCAACTGATTATTCTTGGAGCCCTGCATATGGCCAGCGAGCGATTAAAGGAAAAATCGATTTTGCTGATGAAAGTAGC
NZ_CP092056.1_gap6	98826	103758	4932	ACTGGCGAATTACTCGACATCATTAGTGGAGCACAGACGATTAGGAAGGACGAAGAATAAATGAAAAAACACACAGGAACCATTATTAGTATTAGTGGTTTTGTTTTAAGAATCGAATTTAATGAGAGCGAACTGCCTGAAATTGGCTTTGCGCTTGAGTATCATACACATCAAGGAACTTATCTAGCTGAAGTTGTTCAGCATACTGGAATTAATACAGTGTCTGCCATCGCTATTGGTGAGGTAAGTGGCCTGGCTAGAGGTACGGAAGTCGTTAATTTAGGACATCCAATTGAAGTGCCTGTTGGGGAAACTGTTCAGGGAAGAATGCTTAATGTATATGGAAAGGCGATTGACGGTAAACCAGAGCCAGCTGCGGAAGTAAAATGGCCAATATTCCGTGACCAGCCTTTACTTCGAGAGCTAGATACGAATAAAGAAATTCTTTACACCGGTATTAAGGTTATAGATCTTATTTGTCCTATTTTAAAAGGTGGGAAAACAGGTTTATTTGGTGGAGCTGGTGTAGGGAAATCTGTCTTAATGCAAGAATTGATTAATAACATCAGTATGCTTGGTGGGAACTCTGTATTTACAGGAGTTGGAGAAAGAGTTAGAGAGGGAATCGGCTTGTATAAAGAATTAGAAGCAAGTGGTGTGCTTCCTCAAACAACCGTTGTACTTGGTCAAATGAATGAATCTCCAGGTGTACGGATGCGCGTGGCATTAACAGGACTAACCATTGCGGAATATCTACGAGATGAAGAGAAAAAAGATGTTTTATTATTTATAGATAATGTCTTCCGCTTTATTCAAGCGGGTTCTGAAGTTTCTTCTTTACAAGGGAAAATTCCTATTACTGGAGGTTATCAATCCACACTTTCCAAAGAGGTCGGCGATTTTCAAGACCGCATCGCGTCTACTAAAAATGGTTCTATTACCTCGATTCAGTGTGTGTTTTTACCAGCAGATGATATTGATGATCCATCTGCAGTTGCGACGTTTAGTCATCTAGACTCAACAATTGTATTAGAACGTTCGATTGCGGCGCTTGGGATTTTCCCAGCAGTTAATCCACTTCAATCATTCTCCAGAGCACTCAATCCAACCTTTGTTGGTGAACGGCACTATCAATTAGCGGTGCAAGTGAAATTTATCTTGCAGCGTTACATGGAACTGCAGGAAATCATCAATGTGCTTGGAATGGCAGAGTTAAGCGATGAAGATAGAAAGCTGGTTCATCGCGCAAGGAAAATCCGGAATTTTCTTTCACAACCTTTCTATGTTTCGGAAAAATTCACTGGAACAGAAGGTACATTTGTAGAAATTGAAGATTTACTAGGGAGTATCGAACGCATTTTGAACGGTGATTATGATGAACGCTCAGAACGTGATTTCCTATTTATCGGATCCTATAAAGACTTGAAATAGGAGGAGAATAAAATGAAACTTAAAATCGTCTCGCCTATGGGGCAGTTTTTTGAAGGAGAAGTAGAAGGTTTTGTTATTAATACAAAAGAAGGACAACAAACCGTGTTAGAAGAGCATATTGATTGTTTAAGTTTTTTTGACTATAGTGAAATCAGTATTTTAGATGCAGTTGCTTCGGACCCAATCTTTGTGGCGCTTGGCTATTTACATTTAGTACAAAATGAAGCAAATATTATGGCACAGTTCGCTTCTGCGGATGCCGAGCAAGCGGAGCGGATTTTTGAAAGACTCAATAAGCGAAAACAAACAGAGAGTAGGCGGTCCAATGACAAGTGAATTTTTTAGTACACTTCTGTTGATTATTGGTTTATTGATTGGCTTTTTTCTGGCGATATTATTGATTTTAGCGGGGATTCGGCGCTTTTTCTGTAGTGCCGAGGAACCTTTAAAACGAATCCGGCGCTATCAAGTATGGCATAATCGTTATCAATTTAATGAGGAGGTTACTTCTTTTTTTACTGTTATTGGGGCAACACTTTTAGTAAGCCTTATTACAGTACAAATTACCGCAATTCCTTTTCAGTATACGGTGTTAATATTTTGGAGTAGTTGGCTATTCCACTTACTTTCTTTTTGGAAGAAGATACGAGTACCTAAAAAAATGAAGAATGAAATGATACAATTAGCAGGATTTCTTTTAATCACAGCGCTTTATTTTGTTGGTTATTTTGCGATGAAGTCGTTGCATTTTTCTATTATACATGTAGCAGATTTCCCTGGAGTTATTCAGTTCGGAATAAGAACCTATCTAACTATTTGTAGTTTGTTTGTGGCGAGTGGGGCATTAATTGTTTGGCAGCGCATCTATGTGAAACTATTGAAATGACTAAGAATGCGAATAACACATAACCAAGAAAAACGAGGATGTCTACGTGGCATCCTTTTTTTATAAATGAATATATAAAAAGAATTTTTCTAACATATTTCTAACATACTTGTACTATACTTTAAATAAGCTGTTAATTAGCCATAAGAAAATGAACGAAAGGAAGTAAATTCAAATGACTTTTTTAGAATTCCATCAATTGGTCAAAGAAGATTTGTTGATTTATTCATGGATTATAAAAAATTTTCATCTTACGCGTCAAAAATTAATGGCGGGTGGGGAAATAACGATGAATCGTGAACAAGTGATAGTTATGGAGAAAGGTTTACTAGTACAAGTAAATGAAGAAGGCAAAAATGATCTGTATCGTGTTTTTATCGATCAACGAATAATTTTTACGACAAAAGGGGATATTACTTTAACGGCACTAGAAGATACCTCTTATAGCATCATTCGAACAGATGAGTTAATTGGAAAATTAGAAGATCAACATTTATTACCAACTTTTTTCTTGCAAATAGCGGAAGACTTTGAGAAGGGTTTAGACTGGCAAAGAACACTAATTTCTGTTGATCCTGCAGAACGTGCGGAAATGATTTTGGCGAAAATTATCGAGCGTTATGAAATAAATTCAGAGAACAAACCAGAGTTTCCAAGATGGTTAAGAATAAATGTACTCGCAAGATTCGCCAAATGCTCGGTGTCTACGATGTCGTCAGTTGTAAACGAACTAGTCAATGAAGGTGACTTAAATATAAAAGGAACACCTTGGTTACTGACTCGACCTTATCAGGCATCTTGTGCTTAAAATAGACCCGTAAAAAACCACGCTTGAATGACATTTGCGTGGTTTTTTTACGTGAGTTATGAAAAAACATAAATTTATTACGTTTTTTTGATATAGATACAACAATTTTCAGATACACTAAATAATCAAAACGGATTTTCTGTATCAATAGGCGATACACTAACAGTCATAGTATTAATATAGATATTAAAATCATTGGTACATAAGGCTTTTAAGAGTAATACTATAAATTGGCACAGAACTTGCAATAAATATAGCGGGTAGCAAAATAAATGAATTATATTAGGAGGGAAAAAGATGGTAGGAATTATCCTCGCAACTCACGGTGAATTTGCTGAAGGTATTTTGCAGTCCGGAACAATGATTTTCGGCGAGCAAGAAAACGTTAAAGCAATCACTTTGATGCCAAGCGAAGGTCCGGAAGACATCAAAGCTAAAATGGAAGCTGCAATTGCATCCTTTGATAGCCAAGATGAAGTTTTATTCTTAGTGGATCTTTGGGGAGGCACACCATTCAATCAAGCAAACGGTCTTTATGAACTACATAAAGATAAGTGGGCAATCGTAGCAGGACTTAATTTGCCAATGTTGATTGAAGCTTTCTCATCACGTTTTACAATGGAAAGCGCACACGAAATCGCAGCAAATATCCTTGCGCCAGCTCAAGAAGGTATCCGTGTGAAACCAGAAGAACTTCAGCCGCAAGTAACAGCTACTGAACAGCCACAAGCAGAAATCGCTGCAGTTGGTGATGGCAAAATCGAATTCGTTTTAACTCGTGTTGATTCACGTCTATTACATGGTCAAGTAGCCACTGCATGGACAAAAGCAACACACCCAACAAGAATTATCGTCGTTTCAGATGCAGTTGCAAAAGACGATCTTCGTAAAAAATTAATCGAACAAGCTGCACCACCAGGAGTAAAAGCTAATGTTATCCCAGTCCAAAAAATGATTGAGATTTCAAAAGATCCACGTTTCGGCAATACAAAAGCACTTTTATTATTCGAAAATCCTCAAGATGTTTTACGCGCAATTGAAGGTGGCGTAGAAATCGAACAAGTAAACGTTGGTTCCATGGCTCACTCTGTAGGTAAAGTTGTTGTTAGTAAAGTACTTTCCATGGGGAAAGATGATGTTGAAACCTTTGAGAAATTAAAAGAAAAAGGCGTTAAATTCGATGTGCGTAAAGTCCCTAATGACTCAAGCGCTAACATGGAAGATATCATCAAAAAAGCAAAACACGAATTAAAGACACAATAAAAAATTAAAATAGGAGGTTTATTATGTCTGTCATATCAATAATTTTAGTAGTACTTATTGCATTTTTAGCAGGTATTGAAGGAATTCTAGATGAATTTCAGTTCCATCAGCCATTAATCGCATGTACATTAATTGGTCTCGTAACAGGTAACTTAACAGCATGTATCATCCTTGGCGGAACTCTACAAATGATCGCACTTGGATGGGCAAACATCGGAGCAGCCGTAGCACCAGATGCCGCGCTTGCCTCAGTAGCTTCAGCAATTATATTAGTATTAGGTGGACAAGGGGTAGCAGGTATTCCGTCCGCAATCGCCATTGCAATTCCACTTGCAGTAGCAGGTCTTTTCTTAACAATGATCGTTCGTACATTGGCAGTTCCAATTGTTCACTTGATGGACAGAGCCGCTGAAAAAGGGAATATACGCAGCGTAGAGTGGTTACATATTTCAGCAATTTGTATGCAAGGTGTTCGTATCGCGATTCCAGCTGCAGCACTTTTATTCATTCCAGCAGACAGCGTTCAATCTTTCTTAGAAGCAAT
NZ_CP092056.1_gap7	120512	122218	1706	GAACGAAAACAAGATGTGGCGGTAATGATGGATTTACCGTATGAAATTGCCCAGTTTAAACGGATAAAAAAACGAGCAGTATTAGAAATCGCAACGCTAATGGGAATTTTAGTAAGGAAATGATGATACTTTCGTGATATTTTGAAACGTCATTTTACGATTAATATAGAAGTAAGCTAATTGTCCAGTAAGCGGATGACAATAAAAGCTGCATCAGAATGAAGGTGCACCGATTTTCTGATAATACATGATGTTTTACAAGAAATTTGTTTTTATGATTGGATTTAAATCCGTTGAGATAAACAAATATTCTATTTTGGAAAGTAAAGTTCGGAGGAATAAATTATTAAATGTGGTCTTGACCGAACTTTGCTTTCTGTTTTAAAGGAGTGAACGCTTGGTGAAGAGTTTGAGCTTCATGAGAGTTTTGGAAGCAGTGAGAACAATGCTCCAGGAAAAGGGCGGACTAGATGTTTCTATTGTAATGCGTGACCAAGTGGAAATGCCTACAACGATGATCGAGATGATTGATCAAGAGGAAGAAGAAAGCCAAACTGCCTGGAAAGAAAAATACCGTTTTGCAATCCATCATTATACAAATGAAACGGACTTAGCGGGAGTCGAAAAGATAGATACGCTTATCCAAACAGGATTCACTTTGCCTGAAGGATACAAATTAATCGCTGTTCGACATTACGGAAAACAAAATTTAGTCAAAGAAAATACGTTAATTCACGCAAAAACCAGTTTTGAAGTAAGTATTTGTCGTGAATTAAAAGTAAAAATTTAGGGGGAAATATTAATGGCATTTGAAGAGAATTTATATTGTGATTATACACCGGGAGCTGCTAAAGCGGTCGCGGGGAAAGATGTAATTTTAGCAGTTTTTAACGCAGCGGGGGATAAACTATTGGCGGTTGCGGGCCAACAAGGTCTAACTGTAAACCGTTCTAAAGATAGCATTGAAATTACATCTAAAGATACAGTTGGCGGATGGAAATCCAAAATTGGCGGTATGAAAGAATGGTCAATTGAAAATGACGGATTATATGTCGCTGATGCAGAGTCTCACAAAGAATTGGCGAAATATTTCGAAAGTGACAGCCCTGTTTGCGTGAAAATCATTAATCAAGCATCTAAAAAAGGTCTTTTCGGTGGTTTGGCAATTGTAGCTGACTATAGTTTTGAAGCACCTTTTGATGAAGCGATGACTTACTCTGTAAAACTAGACGGAATGGGCGCGCTTGTTGATTTAACGATTACTGAGGGCGGCGACCAAATGCCCGGCGAAACACCTGTAGCACCAGCAGAATAAAATAGAAAGCCACTGAAATAAGTGGCTTTCCCTTAGGAGGAAAATAAATGTTTGAAGTGAATGATACAACTTATATTTTACGATTTAATAAACAAAAAGTTAAAACGGTGGAATTAACATCAGGGATTAGTTTAGTTGCAGCTTTGACTGCGAATAAAGGGATTTTGAGCTATCAAGTGATTGAAACACTATTTGTTTCAGGACTTGTGGAAGAAAAAGGCTTAGTACCTGTAAAACAAAAAGAAGCTTTGGAGATTTTCGACAAATTAGTAGAAGAACAAGGCTTAATTTCGCTTAATGTAGCTGTTATTGAGAAATTGCAAGAGGATATGGGTTTTTTGTTCCGTTAAAACAGATTGAATTTGAGTATTTTGGTGCTGAGGACGAAGAA
NZ_CP092056.1_gap8	215843	218650	2807	GAGTCCGTCAAACAAGAACAAAATAAAATCACCATGCTATTTTCAGAAAGTGGAACAGCAGGCATTCGCGGAGATATCGTCATGCAAATCATTGGCGAATTTGGCCGAATGGTCGGCGTAGGTATGGAAGGGACACAACTGAAAATCACGATAAATGTCCAAAATAAACCTTTAAAAGAATGGTTATATCAAGTCAAAAGTTTGGCTGAAAAACTTCGTGGAGCTATGAAAGAAAAAGCATCTACAGAAAATTGATAAGTTATTAAGAAGGAAGGAGGTGGCGGAGTGTCAGAACGTTCCATGAAGCGACTAATGAAAGGAGCGGCTTGGCTAACCGCGGCCTCTCTTATTTCTAAAATACTTAGTGCAATTTACCGAGTACCCTTTCAAAATATGGTGGGGGATGTAGGGTTTTATATTTTCCAACAAGTATATCCGATATACGGAATTGCAATGACACTCGCACTCGGAGGGTTCCCAGTTGTTATTTCTAAAATGTTAGCGGAGGCAGAAGGTGATGTAAGACGACAACAAATAATTATGCGCGCAGTCTCACGGATGCTCCGAATCGTAAGTATTGTGATTTTCGCCTTTTTATTCCTATTTGCCAACCTGATTGCCATCATGATGGGCGACCCAGCTTTATCTGAATTAATTCGGGTCATCAGTTTCGTATTTTTACTTATGCCGCAGCTTGCTTTTATGCGTGGCTTTTTCCAAGGAGAAGGAGACATGATTCCGACCGCAATCTCGCAAACAGTCGAACAAATTATTCGAGTAGCGATTATTTTGATAGGTGCGGGCCTTGCACTTCATTTTAACTTTGATTTATATGATGCAGGTTCAATGGCGATGAGTGGTGCCTTTTTCGGTGGGGTTTCAGGAATTTTCATTTTGCGTCATTTTTATAATAAAAAGGTAAGGCTCGGGGAAGGGATTCAACCAGCTGTATTTACAAATAAAGAAGAAAAAGTAGGTATTGGCCGCACCTTCTTGCGGCAAAGTGTTGCAATTTGTGTAGTTAGCTCCATGCTTATTTTATTCCAATTAGTTGATTCCTTCCAAGTATATCGTTTAATGAGTGACTCAGGGATTCCGGATTTCATCGCTAAGTCGCTAAAAGGGGTATACGACCGCGGACAGCCAATCTTGCAATTAGGTTTAGTCATCTCAACTGGACTTGCGCTCGCGCTTGTCCCAATGATTACTGCCGCGAGAGTTCAAGGTCAACAAAAAGAACTAAAACGCTCCGTGCTATTGGCGATTAAGATTACGTTAATTTTGTCAGGTGCAGAAACAATTGGACTCATAGTTATTATGCGCCCGCTAAACCAAATGCTTTTCCAAACGCCAGACGGCACATTCGTTTTACAATTATTTATGCCAGCTGTTTTCCTGAGCTCACTAATCATCATGTTAAGCAGTATTTTACAAGGCTTCGGAAAAATTGCTGTACCCGCAGTTGGCGTTGGAATTGGACTTATTGTAAAATGGGTAACAGGGGGCATTCTTATTCCGAGACTTGCGACAGTGGGTGCATCCGTTTCGACGTGTGTTGGCTTACTTGTAATCCTCCTCATTTGTTACGTATCACTAAAACAAACAATCCGCGTGCCTTTCGTTGAAAAAACAATGTTGTTCAGGCTAGTTGCCGCTTTAGTACTAATGGCTGTATTCCCGTGCTTATTCGAATGGTTAGCGCCACTCGACACAAGACTCGGTAGTGCATTCCAAGCAATTGTTAGTGCACTAGTGGGTGGCGGGATTTTCCTTGTTTTTGCACTAAGATATAAATTACTCGGTCCAAAAGATTTTGTTTTCCTTCCGTTTGGCTCCAAATTATTAGCACTAAGTAAGCTTGTTGCACGGAAATAATTAATATAAAGTAGGTGAATAAAATGGCTACAACCATGCGATTAGATAAATATTTAAAAGTATCTCGACTAATTAAAAGACGTACAGTAGCAAAAGAAGTAGCAGAAAAAGGACGCATTGCGGTAAACGGAGTAACAGCGAAACCAGGAACCAATGTAAAATCTGGAGATGAACTAGTTATTCGCTTTGGCCCTAAAATCGTTACAGCGAAAATCGAACGTCTAGAAGAAAATGCGAAAAAAGAACAAGCAACTGAAATGTATACGATTATTAAAGAAGAACGCACAGACGAAAGTAGATAAAGAAAAATCGTTTGAAATGGCACTGATTAGCCGATTTCAAACGATTTTTTATTGAACAAGAAAACTTGCAAACAATTTTTTGTCAAAAAGTCAAGAAAAATATCATAAAATTAGCGGATTCCAATAGACAAATGCCTGATTTATTGATATCATTTTAAGCAAGAAACTTTTTTTCTCTACCGAAAATCATAGACAATAAGCAAATAAGAACATGGGAGGGACGATGTATGAAAAAAGCCAAATCAAAAGTGGCGAGAATAGAAAATCGCTACATAAAAGATACTGCAACAATGAAAAAAACTCGTAGTCGTCGCCGCATTGCCCTGTTCCGTAGACTTGCTTTTATGGCTATTATCTTTGCTGTGGTGGGTGGACTATTAACCATCACGTACACTAAACAAGTGTTGACGCTCAAAGAGAAAAAAGAAAAGCAAGTGCAAGTGGATAAGAAAATGGTTGCAATGAAGGACGAACAAGACTCGCTAAATGAGCAAATCAAGAAACTTCACAATGATGATTACATAGCTAAATTAGCAAGGAGTGAATATTACCTGTCCAAAGACGGAGAAATTATTTTTAATATTCCAGAAGAGAATTCGAAACAAAAAGAGTAAGTCAGAGCCGAGCCGT
NZ_CP092056.1_gap9	329095	333333	4238	ACCTTCACATTGATAAGAGGCCGTTGCACCTCCCCATAAAAAGTTATTATTCATTAGATAAACTCCATTTCCATTGATAAATTTCTCCCAGTTCCCGAATCATTTCCACGGCAATATCCGTAGAAGACAAGTGACCTTCCGCATGAACCAGCAGTAAATCCACCTCTCTCATTCGGTTCTCTGAAGATAGTTTTCGTAAAAGTTCCGCATGCGCTCGGTGCGCCAGTTTAATCTCATCTTTCGCTTCAGTAATTTTCTGCGTGAAAGCTTCGATGTTTTGCAGTTTTACTTCTTTCAGTGCCTCAAAAGCACAACTTTTCGCATTCCCGGCGTGTAAGATGATCGCCATGGAATCGAGTTCTGTTGTTAGTTCGTTGCTATCTGTCACGTAAAGACCTCCTTTTGATTTGTCTTTACTATAGCTGGAAAAATGGGGGAGGTGAAATTATTATTTGCCACTTTGGAAGTGGAAATTGGTTTTGGTTTGGAAATTATTGGTTACTAGGATATGATGATAGTTAGAGAGAAAATATTACATAGGAGATGAATAGATGATGAAAAAAACAGTACACGGATGGGAAATAATATCTAGTTTAGACGTACGAGTATACCAAGATGAAGCTGGCGGGGTTGCGATTTTAGTAGACAGAGATAATTTTGGGGATCAAGTGCCAGTGCTATTGAACTTTGATGATGATGGAGCGGATATAAAATCTCTTTCGCATTTAACAAAAAGTGTTCGAGTTTCGCTGGATAAGAAGGTGCGGATTGAATGGCATGATGAATATTTTGAAGAGAGAACGCAAGCAATGGAGTGCATCGAGGTGGAACGGGATTAACCGTTAATTATATACAAAAAAAGGAGAGCAACGAGATGAGCAAAAAGTTAGTAAGTATTATTTTCTTAGGGATTTGTCTTTTGTTAGTGGGTTGTGGTAAAGAGGTTGTTGATAGTAAGTATACCGGAAAATGGAAGTTGGAATCGTCGGGGATTGGTATGAGCGATGGATCAAATTACAAGGAAACGGATGCGGCAGGTAAAGTTAGTCTTGACTTGGACATTGATGCAGAGGGAAATGTAAAAGAATTGTATATTGATGATGCAGTTGCTATAACTAATTCTTATAAATTAAAGAAAAAAGGTGACGATGAATATCAATATGATGGTACATTGATTAGCAAAAAAGTATACAGTTATGAAACTGAAAGTGATAAAGAGAATGTAGAAACAATGCTAAAATTTCTTAAATCCAAGGATAATGTCAAAATAACTAAAAATGAACAAAAAGGGGATGAATATCACATAGATGTCAAAGCAGATGAAAAGGATTTCGTATTCTCTTTAGAAATGCAAAGTGGAAAATTAATTTTCAAAAAAGTCGATACTAAAGAAAAAGTTTTGATTAAGGAAACCTACAAGAAAAATTAAATTATTAGAAGCGAGAAGCGGAAGTCCGTTGTAACCACCTATTTTTTAAAATTTATTTGTGAAGACTATTCTTTCGAGGGTTCTTGGGAGGATAGTTTTTTTGTTACCGTAGTTAAATTTACAATAGACTTGAGTTCTAGGTATAATATAGATGGATTTAGGAATTATATCGTAAAAGGAGTGAACCAAAATGACAAACACACTAAAAACCAGCTACCAAAAAACACCTTATAAACTAGGCGGGAATGGCCCACGCAATGTGGGTATTTTGACAGAAGCACTTCAAAATATTGATGATAACCTAGAAAGCGATATTTACGGAAACGGTGCAGTTATTGAAAACTTTGAAACAAAAATTGCGAAAATTCTCGGGAAACAATCTGCGGTGTTTTTCCCAAGTGGGACGATGGCTCAACAAATCGCGTTAAGGATTTGGGCTGACCGGAAAGAGAATCGGTGCGTGGCATATCATCCGCTTTCGCATTTGGAGATTCACGAGCAGGATGGGTTAAAAGAATTGCAACAAATCACGCCAATATTACTTGGAACGGCAAATCGACTTTTGACAATTGACGATATTAAAAGCCTTCGCGAGCCAGTTTCTAGTGTGCTTATCGAACTTCCACAACGAGAAATTGGTGGACAGCTTCCTTCTTTTGAAGAGCTTGAGGAGATTTCGGAGTATTGCCGTGAACAGGGTATTTCGTTGCATCTGGACGGGGCGCGGTTGTGGGAGATCACGCCGTTCTATCAGAAATCTGCGGAAGAAATTTGTGCGCTGTTTGATAGTGTGTATGTGTCGTTTTACAAAGGGATTGGCGGGATTGCTGGGGCGATTTTGGCTGGGAATGATGATTTTGTGCAAGAGGCGAAAATCTGGAAACGGCGGTATGGCGGGGATTTGATTAGCTTGTATCCGTATATTTTGTCCGCGGATTACTATTATGAAAAACGGATTGGGAAAATGGCGGAATATTTTGAGGCGGCGAAAGGATTGGCGGAGCGATTTAATTCATGTCCAGGCGTGAAGACTGTGCCGGAAGTGCCGGTTTCTAATATGTTTCATGTTTATTTTGAGCAGTCGGCTGATGAGGTTGGGGCGATTTTGACGAAGATTCAGGATGAAATTGGCGTTGGAATTTCGGGATATTTGCAGGAGAAATCGGCGGATGTTTGTGCGTTTGAGGTTTCGGTTGGGGATGCGTTTGCGGAGATATCGGAGGGAGATTTAGAATTAGTTTTTGAATGTTTGGAGAAGGAACTTAGACTATAAATTTGGATATGAAAAGACAAGCTATTTTCTATAGTAGCTTGTCTTTTTTTAGTATGGATTATATTTTATTTCGAGTGATTACTTGATCTTCATAAGATTTTAGTTCAGATAGGATTTCATCAATTGACCTAACTTTTTCTCGAGGTGTTTCTAAGGATGTCTCTTCTTTTTCTATAATTTCATCATAACCATTTCTAGGCTCTTTAAACATTTTATCTAGTTCTTCAGAGCAACTAAATATTTTGACGTCTTTACCCGCAGTAAAACTCAGGTTTTTATCATTATTTATGTATCCATCAATACTTATGCCAATAGGATTAAATTCTTCATTGGTGAAAGTAACTGTATTAAAGTCTGGAATATTGTATTTAAGATATATTGTGATTTTTTCTTTTTGGTCATTAAAAAAAGCTTGGTCTTTTTTTTCTTGTTCTTGATGCTTCATATAAAGGTAACCTCCTAGTATAGATAATATTGTGACAATTAGCACAATAACTAGTATAATAATTTTAGTTCGTTTTGACATAAAAGACCTCCAGAGATGAAAGGATGATTGATTTGGCTACTAAAAAAGCTTTCACTGATGAAGAATACTTCAAGCTTTCCGAGGCTGTTTATCAAGATGGCACATTAAATAGTAAAAAAATTAACATTGAACTAAGTGATAGAACAAAAAGTAATTGGAAAGTAGTATCAAAATTGAATGATAAGGCCACTGATACACAAGCCTTTGCAGTTGTTCCGGAAGAAAAAGGAAAAGATGGTAGAATCTCTTATAACTATAATAACATGGTTTTTGTTTATCGAGGAACAAAAGAGTCAAAAGATTTCGGAAGCGATATTATAAATGTATTTGCAGGTACAAATGCAAGAACTAGCTTAGATAGAAAATCAAAAAATCCTTTTCAAGTTTCTGAAAAATGGACAAAAGAGGTCCTAAAAGAATTTAATCCTAAAAATCCTACTTCTACTGGTCATAGTTTAGGTGGCGCTCTCTCGCATTATAATTCTATTTTACATGATTTTAATGCAACTACATATGCTGCTCCAAATATTTATCAATTATTACCCGAAGATAAGCAAAAGAAAGTTCGTGAAGGCTTTTATAATAATTCGATTACTGATTTTACGCATGATGACGACATGATTGGAACTTTTGACCAGTTTGGTTCACCTATCATAGGCTCCCAATATATAGCGGAACGAAATAAAGTAGAAGTTGGAGTCAAAGGAGTTTTTGGAGCTATTCCAGGGCACTACAATGAAACATTTGAAGGCTGTTTTTCTAGCGACGGGACGATGAAGTTAAAAGTAGATGTAGATGCTATTATTAGGTATGCTCAGGACATTGACAGGATTATTCATTCACTGCAAACGAGTAATGATGACTTAGCGAACATTGAAAAAGATCTACAGTTAGATTCCAAGAAAATACAAAATCAATTAGAGGATGAAATAGGGATTGGAGGAGCATATAGTGAATTGTCTACTTGGGATATAGACGATGTTTTAACAGAACTATGTACAAAATATAAA
NZ_CP092056.1_gap10	340093	342413	2320	GGAACGCAAGATATTGTGCGCGGAACGTTGCCAAGTGTGTTAGAAGAAGCACTAAAAGGCGGAATTACGTGTTTCCAATATCGCGAAAAAGGAGCCGGCTCACTCCAAACTGCCTCCGAAAGAAAAGAAATGGCGCTAGAATGCCAAAAATTATGCGCAAAATACCAAGTTCCCTTCATTATTAACGATGATGTCGCCTTAGCCCTCGAAATCGGCGCGGACGGTATCCATGTCGGGCAAACCGACGAAGCAATTCGCCAAGTTATCGCGAGTTGCTCCGGCAAAATGAAAATCGGTCTTTCGGTTCATTCAGTTAGTGAAGCAAAAGAAGCTGAACGACTTGGCGCGGTGGATTACATCGGCGTAGGACCAATTTTTCCAACGATATCAAAAGCGGATGCAGAGCCAGTGAGTGGAACGGCAATTTTGGAAGAAATTCGCCGGGCTGGAATTAAGCTACCAATTGTCGGGATTGGCGGAATTAATGAAACAAATTCAGCCGAGGTTCTCACAGCAGGTGCGGACGGGGTATCGGTTATTTCAGCGATAACTCGGTCGGATGATTGCCAGAGTGTAATAAATAAGCTTGAAAAATAAGAATGGTAACTTCGATAAATATGTTTTTTATACTCATTTTGAGAAACAGAAAAATTTATAAAAATAGAGTATTAAGTGGTAGTTATAAATCCAGCATAAATGATGCCCTAAAAGATTAATATTTAATGTTTAAATTATGCTTTATAATAAGCTATTCTTCACTATTAGATGGAATATTATTCTTGTGATTTTAAAAATTTAGAAAGATAGAGAAAGTTAGGGACATATATTAAAATTACTGGATTTAAAAAAATGATGAAAGTAGACAAACATAATTTAATAAAATACAAAATTATGTTTATTAATTACCCTATTTGCTTTAAAATGAAATATAAAAGGATAGTAAAAAAATACTTTTTAAGATGAGAAGTATTTATAAATTTGTCTAATTAGGGATGGTGTTTTTTGTGAATTATATCGATCTTTTTGCTGGATGTGGAGGGTTATCTTTAGGTCTGCATAAAGCTGGGTTAAAGGGAATGTTTGCAGTTGAAAAAAATAAAGACGCATTTACTACTTTAAAATATAATCTTATTGAACGCAGAGATCACTTTTCTTGGCCAGAATGGCTTGAAATGAAAAATTGGGATATAAATGAATTAATTAGGGCGCATGAAAATGAATTAAGACAGCTATGTGGAAAAGTGGATTTAATTGTTGGGGGGCCACCTTGTCAAGGCTTCTCTATGGCAGGAAAACGAGATAGTGACGATTTAAGAAATAGTCTAGTTAACTCATACATTGAGTTTGTCAAATTAGTACAACCAAAAAAATTATTTTTTGAAAATGTTCATGGTTTTACTGTTGCTTTTAATGGAAAAGGCAATAAAAAAGAGGTCCCCTTTTCAGTAAAGTTAATTCGAGAGTTAACTTTACTTGGTTATAATGTTGATTCTAAGTTAATCGACATGTCTGAATTTGGTGTACCTCAAAGAAGAAAAAGATTTATTTTAATTGCTTCGAAGAATAAAGATTCAGAATGTTTTTTTTCGGATTTAGAAGAAAATAGGAAAAGTTTTTTATCACGATTAGGATTAAAATATCCAGTAACAGTGAGTCAAGCTATTGGAGATTTAGAAGTGAAAAATGGTGTCCTTGATAGTATGGATACTAAAGGTTTTAAAACTTGTAAATATGCAATGAAAACTACTAATTATCAAAAGTTAATGAGAAAAGATGTCTTAAAAACTGATATTCCAGATAGCCATAGGTTTGCAAACCACAGACCAGAAACTATCAGAATTTTTATTGAATTAATGTCAGTAGATAAGTTAAGTTATAGGATTACTCCTTCAATGGGAAAAGTAAAAAGCTTAAAGAAAAGAGGAGTAACTCCACTTAAAAGAAATACAATATGTCCTACAATAACCTCTATTCCAGATGACTTTGTGCATTATAGTGAACCAAGAATAATGACAGTGAGGGAGCATGCTCGGATACAGAGCTTTCCTGATAATTTTCATTTCAAAGGCAGCTATACTACAGGTGGTTCTAGGCGAAAAAAAGAAGTTCCAAGGTATACTCAAGTTGCAAATGCTGTGCCACCTTTATTTGCTGAACAGGTAGGATTAACTATATTTCATGTGGGAATTTACAATCTAGAAACGGAGGAACAGTAATGGATTTTACGTTTAGAACTAACTCTAAGGTTAAAAGCTTAGTCGGCCAAGAATTAATAACAAATAATAACATAGCAATATTTGAATTAATAAAAAATTCGTAC
NZ_CP092056.1_gap11	357164	358286	1122	ACTAGTGGCGTAACAATTCCCGGCTATACATTAGTGGCAACACCGTCGAACAAAAAAGGAACATTTGGAGCTAGTAATGTAACAGTTAATTATGTATATAAAGCGAATGGTTATGCATTAATCACAACATATAAAGACACACAAGGTAAAGACTTAAAACCACTAGCCATTGATACAAAAACATACAATATTAACGACCCATACACTGCAACAGCTCTAAACATTCCAGGTTATACATTAACAACTACACCAGCCAATGAAAAAGGTGTATTTGGCGCAAGTGATGAAACAGTTAATTACGTATATAAAGCAAATGATTATACGTTAACAACTACCTACAAAGACGCAAACGGCAAAGAACTACAAGCACCTAAAGTAGACGCGAAAACGTATCATATCCAAGACACATACAAAACAACTGCAGCAGTCATTCCTGGATATACATTAGTCGCAACACCTAAGAATGACCAAGGTACTTTTGGAGCGAACAATGTAACTGTGAATTACGTGTACCAAACAAATGATTACACGCTAACTTCGACATTTAAAGATGCTCAAGGAAACGAATTAAAAGCAGCAGAAATAGACGCACAAAAATACCATATTCATGACACTTACACATCGAAAGCGGCCGTGATTCCGGGTTACACTTTAGAAAAAACACCAACGAACGAAACGGGTACTTTTAATGCAAGTGATATTCAAGTAAATTATGTGTATAAAGCAAATGATTATCAACTTACTTCTACGTTTAAAGATCAACAAGGCAACGAAATAGCATTACCAACAGTTGATGCAAAAACTTATCACATTCATGACGCTTATACAACGAAAGCTCGCTTGATTCCAGGATATAGCCTAGTAGCTGCACCAAAGAACCAAATAGGTGCTTTTGGAACAAGTGACGTAACAGTCAATTATGTGTATAAAAAAGATGCTATTATCAAACCTATTACACAAGCGAAACCAACTATTCTTACAATAAAAACACCTGCAAGCAAAGTAATTAAGACTAAAGTAGTTAAGCAAACTCTTCCTAAAACAGGGGATGACGATGCTGGACTATTAAACCTACTAAGACTTATAGGACTCGTTTTAATTTTAGGCGTATTTTTAGCAGTC
NZ_CP092056.1_gap12	363243	368165	4922	CTAGATCATTGTGTGATAGAAGAGTTAGTAATTAATAACCTTCCAAAAGTATCAATAGTAACAATAAATAACAACAAAATTACTACTCTAGAAGGACTGGAAGATTTAGCAACTCTCTCTAGTTTAAACGCAGGAAATAATGAGTTAACTGAAATAGAAAACATGCATACTTTTCCTAGCTTACAGACTTTAAATTTAAGTTCGAATGCTCTTACTAATATGGTAATGAATCAAGCAACAGCGGAAAAATTCCCGTTATTAAGAACAATGGATATCCGGAGCAATAATTTAATTAAGATAGATATTCAAAATCAGTCTAAACTTGCAACAATAATCTGCGATACAGGTAGTAGTTCTGAATTGATAGAAGTAACGCTAAAAAACCTCCCAGAACTAATAGCTGCAAGCAATGGTAGTAATCAGGTTAAAGATGATATTGCTTTTTTGAGTACGCCAGGATTAAGTAAGGTAATTCTAGAAAATTTACCGTCAACAAGCTCCTCGGTCCAGCTAGATCGATGTGTGATAGAAGAGTTAGTAATTAATAACCTTCCAAAAGTATCAATAGTAACAATAAATAACAACAAAATTACTACTCTAGAAGGACTGGAAGATTTAGCAGCTCTCACTAGTTTAAACGCAGGAAATAATGAGTTAACTGAAATAGAGAGTATGCATGCTTTCCCTAAGTTACAAACTCTCACTTTAATTTCGAATAAATTAACAAGTATAATACTCAATCAAGCAACCGCTAACGGAACACCAAATTTAACAAGTATTGATTCTCGGAGTAATGATTTAACTAAGATAGACATTCAAGATCAGCCTAAATTAACGAAAATTATTTGTGATACAGGAAGTAGTGCAGAGTTAACCGAACTAACTTTGAGAAATCTCCCAGAGTTAATAGCTGCAAGCAATGGTAGTAATGCCGTTTCCGATGATATTGCTTTTTCAGCTACACCGGGATTAAGTAAAGTTACTTTAGAAAACTTATTAGCCACCAATGTAACTATACAATTAGATCATTGTGTAATAGAAGAGTTAGTAATCAACAATGTACCTCAAGTAGCGTTTATTTACATTAATAACAACAAAATCACCACTTTAGAAGGGCTCGGTAATTTAACAGCGGTCACGAATTTAAATGCAGAAAATAATGAGTTGACTGAACTTGAAAATATACCAGCTTTTCCTAAATTAAAAACACTCACTGTAAACAATAACCATATCAGCGTATTACCAACAAGTTTGAAAACTAAGAATCCCGTATTAACAACTCTAAGTGCGACAAATCAAACAATCACCCTAAAGCAAAAAGTTATCGTGTCAGACCTAGTTCTTGATAATGAAGTGAAGAACTTTGGTCAAACAACCACCGCCAAATCCATCTCTAATAACGGAACCTATCAAAATAACCAAGTCACTTGGCTTTTTGAAGATGTACAAGGAGTAAATGCCGTAGATTATCAATTTAGTGAACCTATTCAAGAGGCAACTATTCAAGGAACTTTTTCAGGGAAAGTGACGCAACCAATCAAAGTATCTACAGTACCAGTTATTACCGCAGATACAGAGATGACTTACCCGAAAAATGCGACGATATCAGAAGCTGCCTTTTTCAAAGATATTTCTGCAAGCGTAACCGATGATGCAATACTAACTTCTGATTTTGAAAGTGTTGTGGACTTTGTAAAAGCGGGAACGTATGAAGTGACATTAAATGCAATGAATGAGGATGGAGTGGAAGCAGTTTCGGTGACTGTATTAGTGCACATCGCTAAGTCGCCTGCGCCAGTAATTACCGCAGATAAAGAAATCACATATACTCAAAGCACAGAAGTAAGCACAACGGAATTTCTTGTTGCGATTCACGCTACAACAAATGATGGCTCACCAATTGAGAGTGATTTAGATACGACTGTAAACTGGAGCAAGGTAGGAGATTATACAGTAACGCTAAGTGCTACAAATGAAGATGGGGTAGAAGCAATTCCTGTAAAAGTAGCTGTGCATATTGTAGAGCCGCCAGCACCAACGATTTCGAATGTGATATTTGATGTGGATGGTGTACAAACAACAGAATCCCATGAAGTTGGAGAGCTAGTTTCTGAACCATTAACCCCAACAAAAGAAGGCTATACTTTTATTGGTTGGTATGACGAAAAAACTGGCGGTAATAAATGGGATTTTACAACAGATAAAATGCCAGGATATAATATTACTCTTTATGCTCAGTTTAGTAAAGATACAAATAAAGGAGAGGATGGCGATGGAGGTAAGGCCTCACTAGCTTCTTCTATGGAAGTAACTCCTTCAGGTCAGTCCCAGAGTGAAAACTCGAAAAATAGCTCTAACATTAAATTACCAGCCACAGGTGATGATAATGCAACGGTTTTATTAGTAGGACTAGGATTGCTAATGTTGGGTCTTTTTATTCGTCTTACGCAAAAAAAACATACTAAATAAAAAACGGTGTAATTGGTTGCTTCTACTTTTTTGGATTAGGAGATAAATAGTTGCAACTCACAAGGAGAGGAGACAAAGAGCTGCCTTCTCTCTGTCTGATTTACACCTCAAAAAGACACATCGAAATTAAGTAGTCTATTATCGAATTGTTCGATATTGGAAGGAGGGAGAGTATTAAAAGATAGCAAAAAAACAGAGCAACATATCCTAATGTTTGTCAAATAAAAAATTATATAATTATAGAAGAAAATGAGGGTATGCAAATGCAGTGAGACGAAACGAATTTATCAATGTCTCGCGAAAGATACTATTCAAACATTTCGGACCTTTGCTGCGCTGAATCTTAAAAAGTTAGCTAATTAGCTATTAAAAAGACAATGCCTTTTTGTTCTAGAACAAGAAAAAACAGGAATTCACCTTAGTTAAAATTAGGGAATTCCTGTTTTTTCTACATTTTAAGAAAAGATATTTTGTCTTCTCTTTTCTATGGAGTTAGATTGCATCAGTGATTTAGTATCTACGTCTTAGAAGAAATGCGCTACTCAATAATAATAAGCCGCCTATAGCAACTAAACTATTTGCTGGATCATCTCCAGTTTTTGGCAATTTGCTTGCATTAGTAAGGTTTGAGTTGCTTGATGTAGTGTTTTTCGTTGGTTGTTTATCAACAACTTTCAAGGTCGTTTTTGGTGCATCTTTTGCTTCATCTTTCGTTGGGGCTTGAGGTGTTGTTTTACCTGTATCGTTGTTGTTTGCAGGTGTTTTAGCTGTTTCTTCTACAGTTACAGTTACTGTCTTTTCAGTTACATTGCCATCTGCATCTGCAACTGAAATAATGATGTCGTAAGTGCCTGGTACTGCGGGATTGACGTTATTTTCGATAATAACGATTTTATCTGTGATGTCGCCATCTTCCTCGTCATCTGCGGTAATGTAATCAGTTGGGTCGAAGGTGCTATTTTGGTCAATTACGATATCATCTACATGAATGACAGGAGCATTATCTGCGAACCATTCAAGCGGCTGTGTTACGGTTCCAGAGAAGTTCATATAGTAATTATTGTAAGTGAAGAAATGGTCGAAATCGTACGTCACTTGGTTCGTGTCAGTGGCTAAATTTACAAAAGAAAGTTCTTTATTTGCAAAAGTACCGCTGTTGCTGATGTTGGCTAGTGTGATATTTTGGCCGGCAGCACCTTTGATTGGGTCGACCATCGTTAGTGATTTTTTGACTAAAGAGACACGTTGCGCTGGAAGAGTAATTGTTTGATTTTCAAAGTTTAGATTTCCAGCGTGAGGGATATCGTGTCGGAAGTAAGAAATGTTGCTGATGTGATTATAAGCAAAACGGCCAGTTATTAAGCTATCTAGATTTCGAAAAACAGAAACATCATTTATTTCATTATTAATAAAGTCAACAGAAGCAAGTGCGGTACAATTTGCTAACGGTGATAAATCAGAAATATTGTTATTATAAGCATAAATTGATTCTAATTTAGTCATATTTTTAACGCCATCAATTTCATTTAAATTATTATTTGAAATATCTAATTCCTTTAAATTAACTAAATTGGTTAATTGTTTAGTATCGGTAATTTTCGTTTCATCAATTTGAAGTTTTGTTAGGCCAGTCAAATTACTAATAGGGCTAAAGTCGCTAATATCATTATGGTTAGCAAATAGCTCTTTTAAATTAGTCGCATATTGCAAACCTTCTAGTGACATAACATCATAACCGCTGATTGAAAGTTTTTCGATTGTCGCAATTTCTTCTTGGGTTGGTTCATGTGTATCTGCTTGTCCTAAGGATTGGTTTATTGCTAGACGCAAATTATCATCAGGAACAACTTGTGTATTTGCCTGGGCAGGGAGCTTAAAGCCGAGGATAATGGTTAAAGTAAAAGCTAAGATGACTAAAATTTTTTTCATGTGTGTACTTCCTCTCGAATTTTTATTTCAACTATAATTCTACCAGAACTACGAAAATCAATTAGTGTTGTTTCAGTAGATAAAAAGTAAATAAAGTTAACGATTTAGTGAATACGTTTTTAATCAAGAGAATAAAGAGCTTCTATAAAGAGGAATGACCATTAAAAATTGAGAGTGAAATAAAAGTATTTCTTTTAGCAATGTTCAATTGGAATTTAGTATATTTGTGCAAATAGTGCGTCAGTCAATTTTAGATTTTCGCTGGATGCACTTTTAAAATCTAGAAAAGTAAATGGTGATGCATTAATAAATGCAAAATATGCGGTATCAAGAAGTTTATCATTACTTATAGTTGCATTAGGATTGTTTATATTCAAGTCAGATGCTTTCTTAGTCGCATTATCTTTAGTAATGATTGGAGCACAACTTTTTGACGGGATTATCGGAATAAAAATAAGTACTTTTAAAACAGTTGGTCCACTTTTAACTGCGGTAGGGAATGTGATTATGTTAATATTATTCCT
NZ_CP092056.1_gap13	369357	372341	2984	TAAAAGAAATTAGCGCGCAAGGCTGTAATATTAAAACCTTGGAATTAAAGAATCCGGCTGGTGCTGTTTTGCCAGAACTAGAAACATTTTATTTGCAAGAAAATGATTTAACCAACTTAACTTCATTAGCAAAACTTCCAAAATTAAAAAATCTCTATATTAAAGGGAATGCTTCTTTAAAAAGTTTAGCGACATTGAACGGGGCGACGAAGCTCCAATTGATTGATGCGAGTAACTGTACCGATTTAGAAACGCTTGGAGATATTAGCGGACTATTGGAACTCGAAATGATTCAATTAAGTGGTTGTAGTAAACTGAAAGAAATCACAAGCTTGAAGAACTTGCCTAATCTGGTGAATATTACGGCAGATAGCTGTGCAATTGAAGATTTAGGAACACTGAATAATTTACCAAAATTACAGACATTAGTTCTTTCAGACAATGAAAATTTAACCAATATTACTGCAATTACCGATTTACCACAATTAAAAACATTGACTTTGGATGGCTGTGGAATTACATCTATTGGAACGCTTGATAACCTTCCTAAATTAGAAAAATTAGATCTTAAGGAAAATCAAATAACTAGTATAAGTGAAATAACCGACTTACCGCGATTAAGCTATTTAGATGTAAGTGTAAATAATCTTACAACCATAGGGGACTTGAAAAAATTACCTCTATTAGAATGGCTGAATGTTAGTTCGAATAGATTATCAGATGTGAGTACACTAACAAATTTCCCGAGTTTAAATTATATTAATATATCAAATAATGTCATTAGAACAGTCGGTAAAATGACTGAATTACCTTCGCTTAAGGAATTTTACGCTCAAAATAACAGTATATCAGATATTTCGATGATTCACGATATGCCGAATTTAAGAAAAGTGGATGCGAGTAACAACCTAATTACAAATATAGGTACCTTTGATAATTTACCAAAATTGCAAAGTCTAGATGTGCATTCAAATAGAATTACAAGTACATCAGTTATACATGATTTACCAAGCTTGGAGACGTTTAATGCGCAAGCTAATTTGATTACCAATATTGGTACGATGGATAATTTACCAGATATAACCTATGTAAACTTATCTTTCAACAGAATACCGTCGCTTGCTCCAATTGGTGACCTACCCAATTTAGAAACATTAATAGTATCAGATAATAATTCTTATTTAAGAAGCCTAGGAACGATGGACGGTGTTCCTAAACTGAGAATTTTAGATTTACAAAACAATTACCTTAATTACACTGGAACAGAAGGAAACCTAAGTTCATTAAGTGATTTAACAAATCTAACGGAATTAAATTTGCGAAATAATGTTTATATTGATGATATAAGTGGACTTTCCACGCTATCAAGACTGATCTACTTGAATTTAGATTCCAATAAAATTGAAGATATTTCTGCATTGTCTAATTTAACGAATCTTCAAGAGTTAACACTTGAAAACAACAAGATTGAAAACATTTCAGCACTTAGTGATTTGGAAAATTTAAACAAGCTAGTTGTATCAAAAAATAAAATTATTGATATTAGTCCTGTCGCTAATATGGTTAATCGAGGGGCAATTGTAACTGCGAGTAATCAAACATATACATTGCCAACTGTATTATCATATCAAAGCTCGTTTACCATAGATAATCCGGTTATTTGGTATGACGGCACACTACTAGCGCCATCATCCATAGGAAACTCTGGTAATTACAAGGACGGGAAAATAACTTGGACTAATATGACCGCTACGTCTAGTTCCACTTTATTTAACTTTAATAGGTTAAAAGACGGTTTAACCTTCTCAGGAACAGTCACCCAACCTTATAAATCTGCAGCCAAAGTAACTGCAGATGCAGAGCAAACTTATACAATTGGTGATACTATTTCAGAGGAGCAGTTTTTAAAAGATGTTAATGCAAAATCATCAGACGGGGCACCTGTTACAAGTGATTTTGCTACAGTGGTGGATTTAAACACTTTTGGCGAATATGAAGTTACTTTAACTTCCGAAAAAGATGGAATCCAAGGGGATAGTTGCAAAGTAATTGTCAAAGTTCTTCACGGAGCGCCTGTCATTTCGGCAGACCAAACAATTAGTTATGATAAACATGCAACTATTACAGAGAAACAATTTTTAGAAGATATTCATGCCAGCACAGACTTGGATACAGCTATTACAACCAATTTTAGTACAGCAGTTAACTTGAATAAAGGCGGAGATTATACAGTTGCACTAAACTCTGAAAATGAGGACGGCGTGAAAGCTGAAACGGTTTATGTCACTGTTACTGTAAATAAAGACCCAGCGCCGATTATAAGTGCTAAGACAGAAATCACGTATGATAAATTCTCGAAAAAAACCGAAGCGGCGTTCTTAGATGATATAGACGCAGATACAAATGATGGCTCTATAGTAACTTCTAATTTTGCTACAGCAGTTAATTTAGATAAAGCTGGTGATTATACTGTTACACTGAATTCTATTAATAGTGATGGTGTAGCGGGCACGCCAACAGCGATTATTGTGCATGTGGAAAAAGAGAAAATAGCAACAATTAGCACAAATACGGCACAACAATATGAAAAATATGCGAAGATTAATGAAACGCAATTTCTAAAAGATGTTCATGCTAGTATTAACGCGAGCCCAACAACCGCAGTTTTGGAAAGTGATTTTGAAACAGTAGTTAAACTAGACGTCCCAGGAACGTACACAGTAACGATTACTGCTACAAATGAAGATGGCGGAGTATCGGCACCTAAAGAAGTTTCTGTCATAGTAAGGAAAATTCCAGCACCAGAGATCACTGCAGATAAGGAAATAACTTATCCGAAATTTGATGAAGTAAGTGAAGCAGAATTTTTAAGTGATATCCATGCAGCCATTAATGAAAAAAATGTAGCGATTACAAGTAACTTCAGCACAGATGTGAATTTAAATAAAGCTGGCGATTACACAGTAACATTAAATGCTACGAAT
NZ_CP092056.1_gap14	377968	382768	4800	ACAATTAATTTACCTGAGGAAGAAATTGAATGTAAATATAATTGATTATATAGCATCTTCTTTTCGAGCGTAGATTGTTAGTTAAAGTTTTGCAAAATCGTTTGGAACAGGGAAAAGAAGGCATATACAAAGATACTTCATTCACATTTTGAAATAAAAAACATAGAAAGGAGAAAATCATATGGTTTCACGTAAACAATTAATCCATAAAACTCAACTTTCTAAAACAAAAAAACAAACCCTAAATGTAACCATAGATCGCCCTATAGGTTATACCGACAAATTCGGCAATGTCTATCCGCTGAATTATGGGTTTGTGGAAGGTATCATTGGTGGTGACGGGGAAGAACAGGATGTGTATGTTTTATCGAGAGAGATTTCTGAGCCAATTGATACGTTTCAAGGAGATTTAATTGCGGTGATTACCCGAAATGATGATGTGGAAGATAAATGGGTAGTCGCAGCCCCGAATGAGAATTTCACCATAGAGGAAATTAGAGAGAAAGTGCATTTTATTGAGCAATATTTTGATTCGGAAATTAGATTGATTTAGGGTGGAATAAAGCGTGCAACCTTAAAACAGGAGGCTGGAAATAATGGAAGAAAGATTTGAAAAAATTTATACCCAAGGGAAACTCAACATTATGGAAATTTGGGTTGATAAAGAAACCGGAGTACAATATATCTACCATTTGGCTGGTTATGCGGGTGGAATGTCGCCGCTCTTGGATGCAGATGGGAAACCACTGCTTGCTGATTTATCTAAGCTTAATGGCGCTGGGTAAAACGATAAGTTGATTTATGGCTAGACAAATAAAAACAGGAATTCTCTATTTGGATGTAGAGGATTCCTGTTTTTTACAGTTCATTTTAATTGCTTGGAAATTGATTGGTCACATTTAAAGTGTTCATTCCGCCCCAAAAGCCTTTTGAAAGAGCGATTTTCTCTATCTCTTTTAATACGTTTGCTTCCTCAGGATTTAAATGGATTTTTTCGACGAAGCATAAGGTATGGATATTTTGAAAGACAGAACGAGCTTCTAATTCGACTGTTTGAGAGGCTTTTCTGACTCTGATGGTAGCTGTAGTCAAAATTTCTTGTAGTCGGGACGAATTTTGGTTATTTAAAGAAGTATCCGTCTCAAATAAATTCTTCAATTCCTCGAATAAATCTATAAGCGCCTCTGGAGTATTCTTTTTCATTAAAACGCACCTCTTTTAATAAAGTATCTTACTATAGAATACTCCTTTTTGATAATTGAATCCACCTACAACTGTTTCAACGCAAGCTCCGTCAGGTTCTCTACAGTAAACCCAAATCGCTCTGCTAGCTCATCTCCTGGGCCAGACATTCCGAATGAATCAATCGCGAGGATTTCGCCTGTGTCGCCGAGGTATTTGTGCCAGCCATATGATGCGCCCATTTCAGCGGCGAAGCGTTTTTTCACTGCTTTTGGCAAAATGGACTCTTTGTATTCGGGGCTTTGTTTGTCGAATAAATCAAAGCTTGGCATGCTGACTACGCGTGCGCCGAAGCCTTTTTTAGCGAGATTATCTCTGACAGCTGTCATTAGGTGCACTTCGGATCCGGAAGCGAGTAGGATGATATCTAGCTTGTCCAGCGGGGAATCGGCTAAGATGTAGGCACCTTTTGCAAGTCCGGTTTTCGCTTTTGCTGCGCTGTTTGGTAAAATTGGCAGGTTTTGGCGGCTGAGGACTAGCATGGTTGGTTGTTCTTTTTGAGTAAAGGCAAAGCGGTATGCTTCGACGGTTTCGTTGCCGTCAGCTGGTCGGATTACGTGAAGTCCCGGCATGGCGCGGAAGGATGCGAGATGCTCGATTGGTTCGTGTGTTGGACCGTCTTCACCAACCGCGATGGAATCATGGGTCATAATGAAGGTGGATGGAATGCCCATTAAGGCTGCCGAACGAATCGCGGAACGTAGATAATCCGAGAAAACGAAGAAAGTCGCGCCGAATGCTTGAACTCCGCCATGAAGCGTCATTCCGTTGACTGCTGCGCCCATCGCAAATTCGCGGACGCCGAATGAGATATTCTTAGCGGCATAGTTACCTGGAGCAAATCGTTCGCTAGCTTTTAAATGGGTTTTATTGGAGGAGGCCAAATCGGCCGCGCCACCAAATAGGTTAGGCAGTTTTTTCTCCAATTCTTGTAGAACAATTCCTGATACTTCACGAGTTGCAACAGGTTTGTCCGCATTTTCATCGAAGACAGGAAGTTCTGCATCCCAATCCGTATCCAAATTATCATCCATTAATTGTTGCAAACCTTCTGCGAGTGCTGGATATTTTTGTTTGTAAGCATTGAATGTCCGGAGCCAGCTGCTTTCACTCGCGCGACCTTTAGAATGATAAAATTCTTTCTGATTTTCGACAGTTTTTGGTAATTCAAAAGGTGGCATTTGCCAATCGTAAGCTTCTTTTGCAAGCTTGAGTTCCTTTTCACCAAGTGGGGATCCGTGAGCCGCCGATTTTCCGGCTTTTCCAGGGCTACCATAACCAATCACTGTCTTCACTTCAATCAAAGTTGGGCGGGATTTTTCCGTTTTTGCAAGATGGATTGCTGCATCAAGCGCATCTAAGTCGTTTCCGTCGTCCACACGTAGCGTTTGCCAACCAGCAGCTCGGAATCTGAGTTCGATGTCTTCTGAAAATGACTCGTTTAAATCGCCATCAAGTGAAATATCGTTTGAATCATATAAAACAACTAATTTTCCCAGTTTTAAATGGCCGGCAAGGGATGCGGCTTCATAGGAAATACCTTCCATCAAGCAGCCGTCTCCGCATAGCACGTAGGTGTTATGATCGACAACAGGGAATTCAGGTTGGTTAAATTTGGCGCCAAGGTGAGCCTCGGCCATTGCCATCCCAACTCCCATTGCGAAACCTTGACCAAGCGGACCAGTAGTTGCATCCACACCAACCGTATGACCAAATTCAGGATGACCGGGCGTTTTACTGCCAGTTTGGCGGAAGTTTTTCAGCTCGCTCATTGGTAAATCATAACCAAATAGATGGAGCAAACTATAAAGCATTGCCGAACCGTGACCAGCTGACAGAACGAAGCGATCGCGGTTAAACCAAGTTGGATGTTCTGGATTGAATTTTAAATGATTTTTCCAGAGTGAGAAAGCCATTGGTGCGGCTCCCATCGGTAAACCGGGATGTCCGGAGTTCGCTTTTTCAATCATATCCATTGATAATACACGAATCGAGTTAACCATTTGTTCATCAATTCTGCTCATATTAATTGCCTTCTTTCTGACTGAACGCTTCCCAATCTTTTAAAAATCCTTCAATACCTTTATCAGTCAAAGGATGAGACCAAAGTTTCGGGAAAAGGCTTCCTGGGATAGTCGCGATGTGTGCTCCGGCTTCAGCGGCTTCTTCTAAGTGCCCGATGTGACGGATGCTTGCTGAAATGATTTCTGCTTTTAGACCATAATTATCAAGCACTTTTTTCAAGTTTTTAATTAAAATCATTCCGTCTGTACCAATATCATCTAGTCTTCCTAAGAACGGGCTAATATAAGTCGCGCCAGCTTTTGCAGCCATTAATCCTTGGGAAACAGTGAAAATAAGCGTAACATTTGTTTTAATGCCTTCAGCTGTGAGGGTATGGACTGCTTTTAAACCTTCTTCCGTCATAGGAATTTTTACTACTACATTTGGCGCCCATTTTGCTAGAATTCGAGCTTCTTCTACCATTTTGTCTGCTTCGAGGCCGATAACTTCTGCGCTAACCGGGCCGTCTACGATAGAACAAATTTCTTTGATTACTTCTTCAAATGGTCGACCTTCTTTTGCGATGATGGTTGGGTTGGTTGTTACACCGTCCACTAAACCAAGTTCGCTAATTCGTTTTATTTCCGATACGCTTGCTGTGTCCAAGAAAAATTTCATTATTTACTCGCTCCATTCTCTCAGCTGAACTTTAAAGCTGAATACTTTATTTAATCGTATAACCGCCGTCGATAATGAGGTTTTCACCAGTAATAAGGCTCGCTGCGTCGCTTACTAAAAAGAGGGCGCATGCGGCAACTTCTTCTGGATAACCAAATCTCCCGGCTGGAATTAATTTTTTCATATCTTCGCCGACTTGACCTGCCCAAGCTTTTTTGCCAAGTTCCGTCAAGATAACAGTTGGGGAAATCGCATTAACATTAATGTTGTAAGGCGCCCATTCCATTGCTAATACTTGGGTCATAGAAACAATCGCTGCTTTACTAGCACAGTAGGCAACGTGTTTATCAAGTGCGATGACAGAAGCTTGAGAGGCCATATTAACGATTTTTCCGCCGCCAGTTGCAATCATTTCGCGACCGATAATTTGTGCCATTAGGAACGAACCTTTTAAGTTAAGCTCCATTGTTTTATCCCAGTATTCTTCTGGTAAATCTTCTGCTTTTTCGAGAAATGCGACACCAGCTGAATTGGCTAAAATATCGATTTTTGGATAGACTTTTTTGATTTTGGCAACGACTTTTTCGATGTTTTCTTTCTTAGTGATATCGACTTGGAGTGCGAGTGTTCTTGATGGGTTGATTTTTGCTGCGACATCTTTTACATCTTCTTTAATATCAAGTAAGACAACATAAGCGCCCTTTTCGGAAAAAAGTTCTGCCATTGCTTTACCAATCCCGCTTGCTGCCCCAGTTACCACGGCTACTTTGTCTGTAATGTTAAAATCTTTATCAAAGCCTTTAAAAGTCATTTTTCATTACCTCCAATAAATTTTTATCTATTTTTTTGGTCGATTTCTTCCATTAAATCTACTTT
NZ_CP092056.1_gap15	431213	435359	4146	CCGGTGAATCAATCGTTGCGACACCAGACGCGCAACTACTTGGCGAAATCAACGCAACATTTGCGCTAACTTTATTTGAAAGCTCTTTTGATGAAGCAACTATCGCGAAAAAAGCAAAAGAATATCTATCGAACCCGCCAGTTTACCAAATGTCTGATTTTCTAAACGGCCGCTTGATTTATGTTTACCGCGACGAAGAAAAAACACTGGATGCGACATATAGCTTGGCACTTCCGACAATAGACGGAGCGATTATTAGTGCAGTGAAAAAAGCCGAAGACAGCGATGCTTTCATTACGCGTTTTTTCAATCCATATTTACAAAAAGAAATTACGATTCCAGAAATTTTCCAAGGCAAGGAATGCCACTTGGATGAAAGTAAATCAAACGAGAAACAAACGACATTAAAACATGCCAAAGTACAAAGCTATTTATTTGAAAAATAACGATTAACTACCTAAAAAAAGGAGCTGCTAATAATGGGATATTTCGCTTATAAACGTTTGGAAACACTATATGGCATGCTCCTTGATGCGGGTAGCCACTTATCAGCTCAGAAACTCAGCCAAGATTTACATATTTCCGAACGTACGATACGAACGGACATTGCTAAACTAACTGAATTTCTCGAAAGTCACGGGGCAACCATAACGCTTACTCGGGGTGCGGGTTACAAAATCGAAATCCTTGATCCGACCGTTTTTCAAGCTTTTCAGGCCGAAAAAAATAAACCGAAAAACGCTGATTATTTTGACTTAGATAATCCCGAAGAACGCGTGAAATATGAGATTTTCTTGCTGCTATCAAGCGCCGACTATATTAAATTGGAAGACTTGGCGGATACGATTTTTGCTAGCCGTGCCACCATTTCCAATGATATGAAGCAAGTTAGGAAGGTTATTGCGTCCTATGATTTAACGCTCGTCTCGAAACCAGGTAGCGGCGTGAAAATTGTCGGCGATGAAGAAAAAATGCGCTACGCCCTAACCGCGTTAATTGCTTCCAAAAACGCCCCAGAATCTTACTTAGAATCATTTTTCGAATGGCATAAACAAAAAGATAAACTGCAAAAATTAATGACAGCCGTGACCGATTATTTTTTTGCGACCAACATTCGTTTCACAGACGAAGCGCTTCAAAATTTACTTTTACATATGATGATTTTAGTGGAACGAATTGAATTCGGGCATACGTTGGAACAGTTTGAATTAACGGACGTTAGTGAAGAAGAAATCCTGATTGCAGCTAAACTGGCAACTATTTTAGAATCACTTTTCGAAATAGAGATTGCGGACGCAGACAAAAATTATTTACTTCTCCAAATCGCTAGCAAACGAATCCTGAACGTAGAAGATAAAGAAATTAGCGAATTTGATGATTATGCGTATATCGAAGGCTTGTTGAACCGCATTGAGTCACATTACTTTTATCATTTACAAGATGACATGCAGCTGAAAAAGGATCTTGTTGCCCATATTCATTCCATGTTATATCGCGTGAAATACCATATGACCGTCAAAAACCCAATGACGGAGCACATCAAGCGCTATTATCCGTTAGCTTACGAAATCACGCTCGACGCAGTAGAATCGCTAAAAAAAGACTATCCATATGACATTAATCAAAATGAATTAGCCTATTTAGCGCTTCATATCGGGGCATCTTTAGAGCGAAATTATCAAATCTCTTACTATCGGCATAAATCGGCTTTAATCGTCTGTGGGTCAGGTTTTGGAACGGCGCGAATTGTGGAAGCAAAAGTGAAGTCGGCAGTGAGCAATCTCGACATTACAAAAGTTGTTTCGATTCAAGAATATAACCGTTTTATTCATATTGAAGAAGATATCATTCTTTCCACCGTTAGAATACCTGAGAAAAATAAGCCGGTCATCAAAATCAGCAACATCCCAACCAATGAAGAATTAAAAATGCTTGGTGCCATTATTCAAGAACAAACCGATCCTAACCGCGGCTTTCTATCGAATTTCTTCACGGCCGATTTTTTTGAAAGAAGCAGTATGACAAACAAAACAGCAATTTTAGAAGAAATGGTTGACTCATTGCGCCAACAAAATATTGTTGGCGAAGGCTTCTTGCAATCGGTTCTTGAACGTGAAAAACTAGGCTCAACGGTACTCGGAACCGGAATAGCAATCCCACATCCACTCGGACTAATGGCCAAAGAAACAAAAATCGTTATTCGGATATTAGATAAACCAATCAAATGGGATCAAAAACAATCCGTTCGCGCCGTATTTTTACTATGTATTAGCAAAAATGATTATGAAGAAGCCATTAATATTTATGAATTGCTAGTAGAATTAGTACGCGAAGAATATGGTGAGAAGCTTTCAAGGCTTTCCGATTTTAATGCATTCACTGCTTTAGCAAATGATATTTTGAAGAAAAAATAAAGGCTACCTCCTTTTTAGGAAGTAGTCTTTTCGTGAATTTTTCGTGAATTTTACCATTTTTCGTTTAGTGAAAGTTTATTTCATGGTACACTATAAGAATAATAACTAAATATATGGAGGATTTAATGAACAGACAAACAGAATTTACATTACTTATTGTGGGAGCTTCGTTAAGCATTTTAACTTTTCTAGGTGCTATGTTGTATACCATTATTTTTGGACTTAATACGCTAATGGTGGCTGATACTTTTGGTTATTATAGTAGCTCAGAAGAAACGATTTTACTTGGGATAATTACTTTCTTTTCAGTAGTTGCTGCGTTTTTTGCACTAGGATCAGCGGTTTTTGGTTTTATCGGTGCATTTAAAGTCAAAAGTGACGGGCCAAAAGTAAAAACATTAGGCGTTTGTTTTATCGTTTTGGGTGGATTACAAGTATTCACTATTCACGGAATTTTATTTTTGATTGCAGGAATTTTAACAATTACAAAAAAAGAATACAAAACAAATTCTAAAGAAGATGAGGGGACAAAATGGGAATGATAGCGTTCTTACCAATATTTTTTATTTTTGCGATGTTTTTAGGACTAGCAGCAAAAGCCCTTTTAGCAATTTGGATTTATAAAGATGCTGAACAACGCGGAATGAATGCAGTTCTTTGGTGTCTGTTAATGGTTTTCATCAATGTCATTATTATTCTTGTTATTTACCTGATCGTACGTAATAAAGGGGAAGTCATGAAACAAAATTTAGGACTACTAATTAGTGGTATTGGTATTGCGGTACTAAATACATTAATGGCGATTATTGCTTTTATTTTTATAATCTCTTTTGCAGTTAGTGATGGTGGAATGCATAATATGATGGACGGTTATAACTATGATTATGATGACGGGTATGAGTACGATATGGATAATTTTGAAGATTTTTAATAACACCAACGAGAATCTGCTACCTAATATAGGAGCAGATTCTTTTTATATTTGTATAAAAGGGGTATAGACAATAAAAAAGTGAATCTCGACAAGGGGAACTGCTGAATGGATACGGTTATTTTAATAACGGTTATTATCGTTATAGTGGGGTTAGCGTTTGATTTTATAAATGGGTTTCATGATATTGCGAATGCGGTTGCCACGAGCATTTCAACTAGAGCTTTAAAACCGCGAGTAGCAATTGGTATTGCGGCAGTTATGAATTTCCTGGGAGCCATTTCGTTTACCGGAGTAGCTGAATCGCTCACCAAAAGCATTGTAGATCCATTTTCGCTTAATAATGGGGAATTTGTCGTTTTATGTGGCTTAATAGCGGCAGTGATTTGGAATTTAATGACTTGGCTTGTTGGAATGCCTAGTAGTTCATCGCATGCGCTTATCGGTGCGATAGCTGGGGCTTCCATCGCATCAGCCAGTAGTTTTAGCGTGCTTAATTGGTCAGGATTTACAACTATTATTATTGCACTCATTATCTCACCAATTATCGGTTTTACAGTCGGTTATTTGATTTATTCGCTCTTTAAGCATCTTTTTCACGACAAAAAGCTTGGGAAAATGAATCGGCGCTTTCGTTTTATCCAAATTGGAACTGCTGCAGCCCAAGCATATTCACACGGCACAAATGATGCGCAAAAAACGATGGGGATTATTACGCTTGCTTTAGTTGCGAGTGGACTTTTGAAAGAGTCAGCCGGTATTCCATTTTGGGTGCAAGTAAGTTGTGCAGCATCGATGGCG
NZ_CP092056.1_gap16	452549	457206	4657	ATTTTCGTAGTTTTCTGGGGATGAGTCTTTGTAATAGAATAAGCGTAGGGAAAGGAAAATTAAAAATGAAAGCGGTAACGAAAATGATTGCAAATCGCGAAAAAAATATCATTCAGTTTCTAATGAAGACAGGTCAAACACGTGTTGGAACTATCGCGAATCATCTCGGACTTTCAGAAAAAACTGTCTCAAATTCACTAAAGGAAATCGATGTTTTTCTAAAGGACTTTGATATGACGGTTGTCCGTAAACCAAAAATCGGTGTGTACATTGAAGGCGATAACAAGGCTTTTGCCGAAGTTAGCCGATTCCTAGATAACCAAGTCAGCCAAATCCCATCAACGAAAGAAGAGCGGGTTATCTACATTTTCAGTAAATTGCTTAAAGCGGATGACTATATCACGATTCATCAACTTGCCGACGAACTTTATATAAGTCGGAGCACGATTGAGAAAAATATGGTTGAAGTGACGAAAATGCTGGAAAAAGAAGGCATCACTTTGTATAAGAAACCTAGTAAAGGTATGAAACTGCTGATTAGTGAACGAGAAAAACGTGCCTTAACATCGAAATTCATTACTAATTTTTGGGGTAACAACTGGTATTTAAAGCAAGAAGGCGAAAAAGTGCTCCAAGCATTCGATACGATTCAGGCCGATGTTACTGGGATTTTTCCGGAAGAAGGCTTGAAAGAAATCATTGCGATTGTCCAAGAATTCAGCGAGCGTCATGATTTTACTTTTACAGATTATGCGTTTCAGTCAATTGTGATTCACCTTGCGATTGCGGTAGAGCGAATTCGCGAAGGCGAGTACGTGGAAAACGTTGAGAGCGATCCGATGAAAGATGTGTTTGAGTCACAGCGGAACAACACGGAAATTCTTGTTGGCATGTTAGAAGAACGTCTGGATATCAAAATTCCGGCATTCGAAGTTGGCTATATTCAGCTTCATTTAACGGCTGCTTATAATCAACAACATGATGAACTGCTCGTTAATACTCCGCCGCAAGAGGACGATGTCGCTGATTTTGTCAGTCGGTGTTTAGCGGAAGGAAATTATGATAAGGGCTTGCTCGAAGACTTGACGACCCATATGAAATCCGCGATTAATCGTTTAAAACTTGGTATGCATTTTAAAAATCCGTACCTCAGCAAAATTAAGCAAAACTTTCCCCAAGCGTTTGAAGAAGCGCTTTACTTTAAAGCAAAATTTGAACAAAAGTACGATGTGCAAGTGAACGAAGATGAGACGGCGTATATTGCGCTACATTTTGAAGCATACAAAGAAAGAAGTCGCTCTTTCCCCGACCAAATTCGAGTGGTACTTGTATGCAGTACAGGGCTTGGTTCATCCAGATTACTCGCAGCTAGAATTAAAAAATATTTTCCAATGATTACGATTGAAAAAATATTATCCGTTCAGGCGTTAATGGAAACCGAAGTTGATGTGGATCTAGTCATTAGCACAATCTACCTTGAACTAGAGGATATTCCAAGCATTGTTGTAAGCCCGATGATGAGTAAAGCGGATTTACAACAAGTCGAAAGCCAAATCGAACGAACAAGACGCAAGAAAAAGAAACGCAGCCAACCATTCGTTGATTTAATTAAGCCAAAAACCATTTTTGCGAAGTTGGATGTTGCGACGATGGAAGAAGCGATTGCGGAAATTGGCGACAAATTGGTGGAGCAGGGTATTGCTAAGCCTGGCATCGTGGAAAGTGCGCTGAAAAGAGAAGCCTTATCGTTCACTTCTTTTGAAGAAATGGCGACACCGCACGCAGAACCAGCGCTAATCAATGAATCGCGCATTGCTATCGCGACGCTGAAACACCCAGTGAAATGGGGCTTAGTCGATGTGGATAAAATCTTTTTTATCGCTTTGACAGAACAAAATGGTATTAATTTAGACGCGATGTACGAACAATTTTATAAATATATTGATAATAAAAAATGGCTAGAAAAGCTGACGCAACTAAAAAGTGCCGCAGAAATTTATGAGCATTTGTTAAAGGATGGGATGTAATGGAAGTAAAAGATATTTTAACCAAAGAATTAGTCGTTTTTGATTTAGAAGCGACAACCAGAGAAACAGCAATTGAAGAAATGGCAGAAATGCTAGATGAACGTGATATTTTAGCAGATAAAGCGACTTATGTTCAAGCCGTTTTGGAACGAGAAGCGCATTCAACGACTGGAATAGGTAATAACATTGCTATCCCACACGGAAAAAGTGAAAGTGTCACAAAATCGGCCATCGTTTTTGCAAGAACGAAAGAAATGATTGAGTGGGAATCGCTGGATGACGAACCGGTAAACATGATTTTCTTACTGGCGATTACTGATTCTGACAAAACAGACGGTCACTTAAAAATCCTTGCAGAAATTGCAACGAAACTAATGGACGATGATATTGTCGAAAATCTAAAAAATACAAGAGACGAAGAAGAAGTTATTCGAATTTTAAATGGAGGCGTAGTAGAGATATGAAACGTAAAATTATCGCAGTAACCGCATGTGCGACAGGAGTGGCGCACACATATATGGCAGCACAAGCACTTAAAAAAGGCGCGAAAAAAATGGGCAATCTTATCAAAGTAGAAACACAAGGCGCGACAGGAATTGAAAATGAATTAACGGAGAAAGATGTAAATATTGGCGAAGTAGTTATTTTTGCAGTAGATACAAAAGTACGTAACAAAGAACGTTTTGACGGTAAAGTCGTGCTGGAAGTTCCAGTAAGCGCACCGATTAAAGATGCAGAAAAAGTAATCAACGCAGCTCTTGCGTTAATTGACGAAAAATAAGGAGGATCTACCATGTTCAGAAAAATTGGGAGTGAACTGAAAAAACACGTTTTAACAGGTATTTCATATATGATTCCGCTCGTTATTGCAGGTGCCGTAATTATGGCGATTGCACGGGTTGGCGGTTCGTTTTTCGGGATTACAGATATTTGGGACGCGAAATATGCAGACAGTGCGAATAGCTTAATTTCGTTACTACACAGTTTAGATGGTTTTGGTGGATTGGCGCTAGGAATGATGTTCCCGGTTATTGCAGCATTTATCGGATATTCCATTTCGGACAAATTAGCATTGGCACCAGGTCTTGTTGGTGGTTTGCTGGCACGTGACATCGGCGCTGGTTTCCTCGGGGCACTTGCAGCTGGTTTAATCGCTGGTTACACATGTCTATTGATTAAAAAATACGTGAAACTGCCAAAAGCGGCGGCTTCAATTGTACCAGTATTTTTAGTACCAGTTTTTGGCACACTTATTACCGTTCTTATTATTAATTATGTGGTTGGTATTCCTTTTGCAGATTTAAATACAGCCCTTGAAAATTGGCTAAATGGTATGTCTGGATCGAACCAAATTATGATGGCGGCTATTATCGGCGCGATGGTTGGTTTTGACTTAGGCGGACCGGTAAATAAAGCAGCTGTAACAACAGCGATGGCGCTTTTGACAAGTGGAATTTATGCACCGAATACCGCGGCGCAAGTAGCAATCATTATCCCACCACTTGGACTTGGTTTAGCTACATTAATCGCGAAACGTAAATACAATACAGAAATGCGTGAAGCAGGGAAATCCTCGCTTATTATGGGGCTTGTTGGGATTAGTGAAGGGGCAATTCCTTTCGCCGTAGAATCTCCACTTAAAGTTATTCCGGCTACGGTTCTTGGTTCTGCTGTCGGCGGTGCGCTTGCTGTAGGTCTTGGCGCAATTAACCAAGCGCCAATCAGTGGTTTTTATGGCTGGTTCACTGTAGAAAATTGGCCAGTTTATATTCTGGCAATTGCAGTCGGAACACTAATCGTTGCTGGTATGTCAGTCGCTTTACGTAAAACAAGTGCTGGTGAAGAAATGGCTGGCTCTAGCTACGATGACGAAATTGACGAAGCAGAATGGGAAGCTTAAAAAACGGAGGTAACTATGGTTAAAGCACATATTGTGAACCATACGCATTGGGACCGAGAGTGGTATTTCACCTCGGCCGATGCACTGGTTCTAAGTGAACAACTTTTTACAGAAGTGATTGACGAATTAAAAAAGCACCCAGAAGCAAACTTTGTACTTGATGGACAATTATCGATTTTAGACGATTATGTCGCACTGTATCCGGAAAAATTAGCGGATATTAAACAGCTGATTGCGGATGAGCAACTTTTCATCGGTCCATGGTTTACGCAAACAGATGCCTTTTTCGCGCACGGTGAGTCGATTTTGCGCAATGCGATGATTGGGATTTTTGATAGTAAAAAATACGGCGACTACATGAAAATTGGTTATTTGCCGGATACATTTGGTTTTAATGCACAAATGCCGACTTTGCTTGAGCATGCTGGATTTGATAATGTGATTTTCTGGCGCGGGCTTCATTTAGGCGAGCATGTCGAATCTCCGTATTTTAAATGGCAAGGACTTGGCGAGGATACTTCTATTTATGCGATTAATATGCCACAAGGTTACGGCACGGGGATGCTACTTGAGCCAACATCGGCATACGTGGATGGACGCCTTGATCCGGCGATTGATTTTATTGAAAAATATAGCAAAACGACAGAAGTGTTAATTCCATCTGGAAATGATCAGCTGAATATTATTAGCAATTTTGCGGAAAAACTGGCAGAAATCAACAAGATGGGGC
NZ_CP092056.1_gap17	470317	472910	2593	ATTATAGTATTTTTGAAAAGCTTACTTCAGAAGATTATTTTAAAGATATCGTTACTTTAACTGATCAAATTCCGGAACTACACCTAAAAGCGAAAAAAACTATTTTAGAGCAATTTGATGGAAATGATACGCTTACTATTTATTTTGATTTTCATACAGATGAATTACCCAAAGAGGTTTTAGAAGTTACCGAATGTGATGCGCTAGAAAATGTAACAAAGGAAATCTTAATCGATAAACTAGTTCTGTCAGGCGTTTGGTTTTCGGAAAATGCCAATAATGAGTTGGATTTAACATTCGATTTCAAACTATTACCAGAAGTTAGCGATGAACTTTTAGTTGTCCGTTTTAATACAAATGGAGAAATTACTGAATTAACCCATGAAAGTTAACAAAAAAGAGCCTTTCTGTTCGCTAACAGAAAGGCTCTTTTTTTTATTTATACATACTTTCAATTACAGGTTTTAACTTATCAATTACAAGTCCGCTACCACCGCGACCTTTGACGTTTTCAATCATTCCTACCATGAGGTAATTGGGATTATCGGCATCGAAGGCATAAACAAAACCATTTTCAAGGCCATCTTCGCCTTGTTTTTCTTTTAGTTCGGCTGTACCGGTTTTGGCTGCGATACTATGACCTTGGATTTCTAGGGCATGTGCTGTGCCGGCTGGGTCAGAAACAGTTTTGACTAAAGCTGCTTTGACTTGATTGGCAGATTTAGCTTCGGTTGCTTGTGTTTCCTTGCCAGCTTTTTCTTTTGTATCAAGTTTTGGATAAGGCATTTTTCCGTCGTTGGCAATGGCCGAGTAAGCAATCGCTTGTTGAATTGGCGACATCAGTAATTCTCCTTGTCCGTAAGATGTGTCAGCTAGTAAGATTTCTGAGTTCAGTCCATCATTCGAAATTTGTGCTGGTTTCATTGTGAAAGGTAAGTTATATTCCTTATCAAAATCAAATTTTTTCAAGCCAGCAGTTAGTTTATCTTTACCGATTTCTAGACCTTCTTGCGCGAAGTAAATGTTATCAGAGTGCACAAGCGCATCCGTCATATTTACTTTTGGAACATCATGGACACGAGTGACAAAATATTTGCCCCATGAAGCATCTTTTTGCCACTGTAAGCCAGAAATTTCACGGACTTTGTCGGGTTTTGTAACGCCAGTGTCCAGTCCAATTGTGGCTGTAATTGTTTTAAAGGTAGAGCCTGGTGCGTAACGATTTGCGTATCTTGCTAAGAAAGGAAGGCGTTTGTCGTCATTATATTTTGCGTAATCTTCGGAAGTGATTCCGAGCACCATTTGGTTCGCATCATAAGAAGGGGTGCTCACTAACGCTAATAATTCGCCATTTGTCGGATTAATCATTGTCACAGCGCCAGTTTCGGAACCGAGACTATCAAAAGCTTTCTTCTGAACTGCTGCATCAATAGTTAGCTTAATTTCTTCGCCATCTTTTTTATCAATTTTTTGTAAAGTGTCTTCTTGCTTGGTTTGGTCATTGATGATTTTAATTGCGCCACCATTTTTACCGCGCAGTTGTTTGTCATAGTAACGTTCTAAGCCACTTTTTCCAATGACATCGCCGACGCTGAGTTTTGGATTTTTCTCAATGTCTTCGGCGCTAACTTCACCTACGTAACCAATCAAATGCGATGTTGCTTCATTTAATGGATACGTCCGCATTTCTTTTTGAGCATAAGTAAGTCCGGTTGCTTCAGGCAGATTATCTTTACTTAACGTAACTAAAGGAACAAAGCTGTCTGCTTGGACCCATTTTTGATCAAGCTGTTTGTTGATGTAATCAGTGGAGACTTCTAGTTTTTTGCTAATATCAGCAATGTTTTTCACTTTCTCGTCGCCTTCACCAAGCTTCGAAGGGACAACACCAGCTTCGGCAAATTGACCAGTAGTAGCGAGAGGGTTACCATTTCTATCAACAATTTGACCACGTTCTGCGTCGTCTTCTGTGATGCGCACTTTATCGGTTTTCACCATACCAGGGAAAATGAGAGCTGGTTTCCAATCGATTTTCCAGTCATCATCTTGCTTGGAAATAGTCGTTTTGTATTTTTGTGTAGCGAGTTTCCCAAGGCTAGTCCGCATTTCTAGTTCGTATGTTAAGTTGAATTTGTTTTCTTTATCATCATAGACTGACTTTAAATTTTTGACCTTAATATTTTTCGCGCCAATTCCGTCGTAAACGGCTTGGTACTTGTCTTCCATTTCTTTCTTTGTGAACTCTACTTTTTTCAGAGATTCATTTGAGACGCTACTTCCCAACTTGTCGTACTTTTCTTTAGCGATATTTGATGTAAAAGTTTCTGCGGCTGCTAAAGCATTTTTTTCATCTTTATGTTGATTTTGAATGAAAAAGTAAATGGCAATGCCTGCGAGGACGACAATAGCGACAATGCTTCCAATGATAATTGCTTTTTTGTTATTCCTCTTTTTCCCACCATAACTAGCCATAATACACCCCTTAATTTCATGTTATATTCAATTAATTATACCAAACACTTCGAAAAAAGTTGAAAAAATTAAAGAAAACTTTAGATTTGCCCGACATATTTTTTTCTAATTCATGTCATAA
NZ_CP092056.1_gap18	648302	650701	2399	TGCTGGGAAGTCCACTTTAATTAACATGATTCCGCGCTTTTACGATGTCGAAAGTGGCGTTGTAAAAATTAATGGGATTGATGTTCGCGAAATGGACCAATCTAGTTTGCGCCAAAAAATTGGACTTGTACCGCAAAAAGCCGTTTTATTCACTGGAACGATTGCTTCTAATATGCGCTACGGGAAAGAAGATGCGACTGATGAAGAAATCTGGGAAGCGCTTCGAACTGCTCAAGCCGAAAACTTTGTATCCAAACTGTCAAACGGGCTTGGTAGTCGCGTAGAACAAGGCGGAAATAACTTCTCTGGTGGACAAAAACAACGCCTTTCCATCGCGCGTTCATTAATTAGAAAACCAGAAATTTATATCTTTGATGATAGCTTCTCCGCGCTCGATTTCAAAACAGATGCGAAACTGCGTGAAGCTTTAAAAGCGGAAACAACGGAAGCCGTGACACTCATTGTCGCACAGCGGATTACGTCTGTTGTTAACTCCGACCAAATCATCGTTCTAAATGAAGGTAAAATTGCCGGCATTGGAACACACGAAGAATTAAAAGAATCGAACCAAATTTATCAAGAAATTATGAGGTCACAGCTGTCAGAGGAGGAAATCGCATGAGTGGTCCAGGTCCCGGTGGTGGAATGAGAATGCAAACAACCGCCAAACCAAAGAACTTTAAACAAACACTATTTCGACTTCTTGGCTATATGAAACCTCGTTCTGTCGCAATCATTGTCGTATTTATCTTTGCGATTTTATCCACGATTTTCAATATTTTCAGCCCGAAAGAACTCGGGAAAGCAACAACCGAAATTTTTAAAGGCGTTATGAGCCAAGATGGTATTAATAACGATAAGATTTTTAATATATTAATGATTGTTTTAGTCTTATACCTTGGTAGTTCCTTATTTAGTTTCATTCAGCAATACGTCATGTCGAGTGTTGCGCAACGTACTGTGTATGACATGCGGAAAGATTTAAAGGCAAAAATGGCTCGTCTGCCGCTGAAATATTATGATACACGCTCAAATGGCGATATTCTAAGTCGTTCTGTTAATGACATGGATAATATCGCGAACACGCTGCAACAATCACTAACGCAAGCCATTACCGCGATTGTTCAAATGATTGGTGTCTTAATCATGATGTTAACAATCAGCTGGCAAATGACGCTAATCGTGCTTGTTACTGTTCCAATTAGTATTATTCTAGTAGCAATTATTGCCGGAAGATCACAACGCTATTTCGGCGCACAACAACGTAATCTTGGTATTTTAAATGATACTGTAGAAGAAACTTACGGCGGCCAAACAATCATTAAAGCCTTTGGTCAAGAAAAGAAAACGTTAGTAAAATTTGATGAAGTAAATGAAGATTATTTCAAAGCAGCTAAAAAAGCGCAATTTATTTCCGGGATTATGATGCCGGTAATGCAATTCGTTGGTAACTTAGGTTATGTAGGTGTCTGTGTGGCCGGTGGTATTTTTGTTACTAACGGAACACTTCAAGTTGGGGATATTCAATCATTTACGCAATATGTCCAATTATTTACGCAACCAATTTCCAGCGTAGCAAACATCGCGAACATCATTCAATCCACCATTGCTTCGGCAGAACGTGTATTTGAAATGATGGACGAAGAAGAAGAAAAAGATGAAATTCCAGCAAATATTAACCAAGTTGCTGGCGAAGAACACAGCATTGTATTCGACCACGTGAAATTCGGTTACACTCCGGATAAACCACTGATGACTGACTTAAATATTCATGTCGAAGAAGGTCAAATGGTGGCGATTGTTGGTCCAACTGGTGCTGGTAAAACGACTATTATCAACTTGCTGATGCGTTTTTATGACGTAGATGGTGGTCAGATCCGTATGAAAGGTATTGATACACGCGATATGACCAAAGATGCTGTCCGCGAAAAATTCGGCATGGTACTGCAAGATACTTGGTTATTTAACGGAACAATTGCCGACAATATCGCATACGGTCGTGAAGGCGCAACGAAAGATGAAGTTATCGGGGCAGCAAAAGCAGCTTATGCAGATGATTTCATTCGTAGACTTCCAAATGGCTATGATACTATCTTGAATGAAGAAGGTTCTAATATTTCGCAAGGTCAAAAACAATTACTAACAATTGCTCGGGCGATTTTATCCGATCCATCTATTTTGATTTTAGATGAAGCGACTTCAAGCGTAGATACTCGTACAGAATTAAATATTCAACTTGCGATGGGTAATCTGATGGAAGGGCGCACAAGCTTTGTGATTGCGCATAGACTTTCAACCATTCGTGATGCGGACTTAATTCTCGTTATGAATCACGGTAGTGTAATCGAACAAGGTACGCACCAAGAACTACTTGATGCAAAAGGCTTCTACGCTGACCT
NZ_CP092056.1_gap19	651998	656065	4067	ATAAGATCCAGCTGGATTATCATAAAAAGCATTGTATTCCATTTTAGTAATAGAATCAAAGAAATCTTTTGTAATCCCGCTTACGGTCACTCCTGTATCATCAATGCTCAGACGACTACCACTAATTTGCACACCATTTAAGGTGAAATAAGTGCTAGAAGATGCTGTATTTGTTGTGAAAGGGAATAAATAACCGTCGAAGTTCATGCTTCGTTCTGTCATTAAAGTAAACGGTACAAAGATAGTTTGGTTGGCTTCGTTATAGTTCAAGGCAGAGCTTTTAATGGTACTGTTAATTAAAACGGCACTTCCTACATTTTGTCCAAAAGCTGCTAAATTGGTTAATTTTGGGAAAGAATCAATTCCACGGAAATCGTTAACTCCACAAAATTGGATAAATAAACTGGCTAAGTTAGGAAGGGATTTGAGTGGCATAAAATCAGTGATGGAAGGATTATTGTCTAAATTCAAAAAAGTTAAATTTGGAAGTTTATTAAATTTTGTCAAAGCACTATTATCTAGTTTACCGGAACTTAAGTTTAAGTTGGTTACATTCGTTAAACCATTTAAATCAGGTATGGAATTGGTTGTTAAATTGCTTCCAGAGATATTAAGATTAGTTAAACTAGGGATATTTGCAACCAAAGAGTAATCCGTCACACCTGTATTTGTTAAATGTAAAATGGTTAAGTTGTGCGCATAATCGAGTCCTGTTAAATCCGTCAAACTAGCATTACTAATGGTGACGTCTGTAATAGTGTCCATTTGTGCTTCAGTAATATCACTTGTGCTTGGTTGTCCTAAGAGCCCATTTAGATAACTTTTCAAAGCCGGGTCAGGAATGTTGACAACATCTTGAGCGGCTTTTATACTAATATTTTCTTCCGCTGAGACGTTCGCGGAAAATGATATAGTAAATGGCATTATTAAAAGGATGCACAAACCAATTTTGACTCCCATTTTTTTCATAAATTATATCCTCCTTTAACAACTTTTGTTTGGTATAATCGTATGGATTCTTAAGACAATTCCTCTTTTAGTAATATGTTAAACAAAATAGTGTCAAAAGTGTTGTTAAATTAAATCGCAAAAAAACCGTGAAAGAGGTTTTCTCTTTCACGGTTTTTTATTAAAAGATTTTAGCTAATTCTACTGCTTCTTTTGCACCTGCAGAGATAATGTCTTTTGCTTGATCAGGTTTTGCGTTATGACCTTCTACGATAACCATTTCTGGCTCAGAGATACCGAAGTGAGCTAGCACATTTTTTACATAGTTCAAGGACATTTCAAAGCTTTGCATTGGTCCGTCAGAGTAAATGCCACCGCGAGCGTTAAGCAGGGCAATTTTTTTATCAGCAACTAAACCAACAGGGCCGTTTGCAGTATATTTGAACGTTTTGCCAGCTTGATTTAAATAGAATAAGTAAGTTAAAAATTGTGCTGGAATGCTAAAATTCCAAAGTGGGAACGCCATAACGATTTTATCAGCCGCTAAAAATTGATCCAAGTAGCTATTAGCAATATCAGCTAAACGTTCTTCTTCTGGGCTTAGTGTTTCTCCAGCTGCTTCTTTATGTAATCCACTCATCATTGTTACATCATAATAAGGTAGATCCGCTTCAAATAAATCAAGTTCTGTTACATTATCATCCGGATGGGACTTTTTGTATTCAGTTAGAAAGATTTCGTATAGTGCCACGCTGACTGAGCGTTCGGCAGGTAAACCATTTGCTTTGATGAAAAGTACGTTTGTCATTACATCTTGCCTCCATTTTTTTTGAATTATCCATTAAGTGTAGCTCATTTTCACGATAAACAGCAAGCATATTGCTTACAAAAAATTAGCCGCTAATGTTTGAGCAGATATTTTGTGCTTTTGAAAAGGAAGCGTATAATAGTTGATATATCATTTGACGTATCAACTATGGAGGTGAAAATGCTGAAACCATGTACAGAACGATCAGAATTACTTTACCGGATGCATTTGTTATCCAAGGAAATTAGTCATGTGTTTGAACAACAAACGAATATGAGTTTTACAAAAGTAGAGATTTTATTTCATATTCAACAAACACCGGGCCAAAGCCAAAATCGGCTAAGAGAGAAGCTTTACATTGATTCGGCGAGTATTACCCGTCATTTGAAGCGAATGGAAGAGCAAGGGCTGATTGTTCGGAAAAAGCAAGATGAAAACAAACGCTATACGTATTTATTTTTAACATCAGCGGGTGAGGCGGAATTAGCCACTTTACTTTTGGAAAAAGAAAAATTTCAGAACGGGGCGCTAGAAGCTTTTTCAGAGGAAGAAGTTAGTGCATTACTTAAGTCAGTCACAAAAATGATGAATAATGTAGAGAAAATGGAGGAGAAGTTAAAATGAAAGCAGTAGTAATCGAAAATTATGGTGGCAAAGAAGAATTAAAAGAAAAAGAAGTTGCAATGCCAAAAGCGGGAAAAAATCAAGTGATTGTAAAAGAAGCAGCAACATCGATTAACCCGATTGATTGGAAACTTCGTGAAGGATATTTAAAACAAATGATGGACTGGGAATTCCCGATTATTTTAGGCTGGGACGTAGCGGGTGTTATTTCAGAAGTTGGTGAAGGCGTTACAGATTGGAAAGTCGGGGATGAAGTATTTGCTCGCCCTGAAACAACGCGTTTTGGTACGTATGCTGAGTATACAGCGGTAGATGATCACTTACTTGCACCACTTCCAGAAGGTATTAGTTTTGATGAAGCAGCATCGATTCCACTTGCAGGCTTAACTGCATGGCAAGCTTTGTTCGATCACGCGAAACTACAAAAAGGTGAAAAAGTCTTGATTCATGCTGGTGCTGGTGGCGTTGGGACGTTGGCGATTCAGCTTGCCAAACATGCAGGAGCAGAAGTAATCACAACAGCTAGTGCGAAAAACCATGAATTACTAAAATCTCTTGGCGCAGACCAAGTCATTGATTATAAAGAAGTTAATTTTAAAGACGTCCTTTCAGACATTGATGTAGTTTTTGATACAATGGGTGGTCAAATCGAAACGGATAGCTATGATGTATTAAAAGAAGGAACAGGTCGTTTAGTAAGTATCGTTGGTATTTCAAATGAAGATCGTGCGAAAGAAAAAAATGTAACAGCGACTGGAATTTGGCTTCAACCAAACGGCGAACAGTTGAAAGAACTAGGCAAATTGCTGGCTAATAAAACAATTAAACCAATCGTCGGCGCAACTTTCCCATTCTCTGAAAAAGGTGTTTTCGATGCACATGCATTAAGCGAAACGCACCATGCGGTTGGAAAAATAGTCATTTCATTTAATAAATAAGATTTTCGAAAAGCTAGATGCTATCATCTAGCTTTTTTTGCTGTTTGCTGGAATAATATAGATGGGCTATAATAGCAAAAAAAGGTGGTGTCTAAATGGAAACAAGAGAATTGAAGAATGGGCAAATAATGATGATTCGGAAAGCTACAAAAGAGGACTCTAGTAATATTATTACTTATTTAAATGAAGTAGCTGGTGAGACAAATTATTTATCATTTGGTCAAGGTGAGTTTGCGTTTAGTATAGCTGAAGAAGCTGAATACATTGAAGAAAGCGATAAGAATCCAGGCTCTGTTATGTTGTTATGTTTTATTGATGATGAACTTGCGAGTATTTCTCAGCTTATTGGCCATATAAAAAAGCGAGAATTACATACTTCTGAACTAGCTATTTCGATACGAAAGAAATATTGGGGCCTAGGTATTGGAACAATTTGCATGGAGGAATTAATAAAATACGCTAAAAGCAGTGAGTATTTAAAGCTTATCTATTTAGAAGCTGTATCAGAGAATAAACGCGCAATTAATTTGTACAAAAAATTTGGATTTATCGAAGCTGGTGAAATTCCAGCATTAATGCAAGTGGACAGACGATATTTAGATGTAACCATGATGTATTTGGTTATTTAGTCTTCTATAAGAAAGGCTAGATCATTAGCTACTTCTATATCACTAAGTTGTTTCGCGATAATATCGGCCCCAGTGTTAAGAAAAATAGCAATTTGACTAAGAACACGAAGGCTAATGTCA
NZ_CP092056.1_gap20	664398	666208	1810	ATGATTAACACAAGAACGAGAAGCAATATCGGCAAAATAACATATCCAGCCAGTGCTTGATCGTGCGTGTGCCCAAAAATGAAATTTTTAAAACTTAGACGAATCGAACTTAAAAATGACAAATTGGGTAAACTAAATTCACTCCTCGAATCTGGCTCAGGGTGCAAGAACATCGCATAAATAAAACGATAATTCACTATGACATAAATCAAACCCATGTAAAGTATGCTGAGTAAAAATCGAATATTCACTTGTTTTTTCTTGATAACATCATACAACCAAATACATCCAACCATTACTAAAAAGAAACAAAATCCTAATATTAAACTGGAATAAAATGGAAGTAGCGTCAGTATAATCACATTCCAAATTCGCCGCTTATTATTCCTAATGTTTAAGAATGCCCATAGAGCAAGTGGCATTCCAAGCGTACTCAGCATGCCTGATGGCCAAAAGGGCGTCAGTGCAAAAGCTAAGGAAACAAAATAAATTGGCACGAGATATTTTTTGTCTTTAATAAGGTAATCTCTTGCCCACAAAAATAATCCTAAAAATGCAAATACACGGGTAATTAACTGGCTCATTGCAAAGGCGATTGGTGTACTGAAAATCATATAAAGCCAATCAATTCCAACAAACTCTGAATCAAATGAATCTCTTGGGACACTATCATCCATTATTTGGTCAATATTGGCTGTCCCAACTTTCGAAGTGTAATCTCCGCTATCCAAAACCATTTTGTACCAAGTCACATTAGAATCCAAGTTATCATGAATCCTTACATGACTATTCCCGCCAAGAATAAATAATGGAGCGACATAAATTACCAATAATAATACTGCAATAATTAGCCACTTATGCTTTTTCCACATAGTTCTCCTCCTTCATTATCTCTACTATATATATGTACCCGAGAAAACTATTTTCAATTATATCAAAGGAAACCAGGTTTGTTTATTAAAAAGGGTATAATTTTAACACTTGTTTACACGTAATCGGGCTTTAAATATGGCGGAAACGTCACAATTCTCTCTTTTATATAGGCAGTTTTGTCTGATTGGCTTGTTCCAGAAAGCCATTCTAGCTAGTATGATACGTTTAAGAAAACTATTCAATGTAGAGCGGAAAAAGTCTACTATGAGTAATTTCAATAATTAGTAGCAAAAGGAGAATTATCATGCTAAAACACAACTGGCAAAAAGTATTCGTTGTAATGGTTGCGGTTGCTCTTATTTTTCAACTGGTTCCGTGGTCTAATATCTTCGCCGGAGCAGAAGAAAACCAAACAAAAACAACTCAACAAATAGCACAACCAGATGATCAAAAAGCAGCGGATGAAAACAAAACAACCGTAACACCTGATAATAAAGAGACAACTAAAAATCTAGTAAATGGAAAGCAATTACTAAAAGGTTCCGTTGACTGGAATTTTACAAATAAAGTAACAGACGCAAACGGGAATACAAAAGAAACTTATGCACCAGGAGACTCACTCAAGTTTTCAGTAAGTTTGGCAATCCCATCCTATTCAGAAGCAGTCTTGGATGAAACTTATACATTTTGGATACAAAAAGACTTCTTCCAAGGAGACAAAGTAACATTTGTTAATCCAGCAATTGATGGATTAACACCGAGGCAAAATGTTTTTACAGACGACTCAATGAAAAACTCGATTGGAACAAAAACAATAAATGGTGTCGAGTATATTGGTTACACGCTCAAATTTAATCAGAGTCCGGAAGCTTTAGCAAAATATGAAGATGAGCCGCTTACTAATGCTAAATTTGATATGTTTGCAACAATAAGTACT
NZ_CP092056.1_gap21	758413	760008	1595	CCAGCAAAAACCATTGTTCCAGATGACCATCCAAATGCACTCGGAAACCTTGGTAAAATCGGAACCAAACCTGCATATGAAGCCATGCAAGAAACCGACTTACTATTAATGTTTGGGAATGATTACCCTTATAGCGACTATTTACCAAAAAAAGCAGACTGTATCCAGATCGATATTGACCCAGCCAAAATCAGCAAACGTTTCCCCGCAACAGTTGGTTTAGTAGGCGATGCCGCAGAAATAATTAGCGATTTAACAGCCAAAATAGCACCTGTAGAAGAACGTAAATTCCTTCAAGCATGCCAAGAAAACATGCAAGAATGGTGGAAATGGTTAGAAGAAGACATCGCACAAACAAGCGATCCAATCGCTCCAGAAGTCGTGATGGCGAATATCCAAAAAATCGCGGACAAAGATGCCGTTTTCTCTATCGACGTAGGAACTGCGACTGTTTGGAGCACTCGTTATTTACATTTAACGCCAGAAAATGACTTTATCGTTTCCGCATGGCTTGGTACTATGGGCTGCGGCTTACCAGGAGCTATCGCTGCCAAAAAAGCATTCCCAGACCGCCAAGCAATCGCCATCGTTGGTGATGGAGGATTTTCCATGGTCATGCAAGATTTCGTCACAGCAGTAGGCCTAAACATGCCAATGATTGTCGTTGTGCTAAACAACCAACAACTTTCATTCATTAAATACGAACAACAATCAGCTGGTGAACTAAACTACGCCATCGACCTACCAGATATTAATTACGCAAAATTTGCCGAAAGTTGCGGAGGAATTGGTTTCCGGGTAGAAAAAATGGCAGACCTAGAAGCTGCTTTCGAAAATGCTAAACTAGCAACTAAACCAGTAATCATCGACGTTTCCGTAGATAGCGCAGCCGCTCCACTACCTGGTAAAATCGTGATGGACGAAGCACTCGGTTATACTAAATTTGAAATCCAATCAGTCTTAGAAGACCATCGTTTCGCAAAAATGCCACCACTTAAAACCATTTTGCGCAGATTTTTATAAAAAATAAATAAAAAAATAACAACATCACCCGTTTTATGCCGATATTCACTAATTATTATAACGTTTTTTTATTAAAACTAATTATTTTACAATAAAATATGGAGTTTTTTTAAAAAATATGAGATAATGAACTAGAATTAGAGAATAGGAGTGTGGAATGGGTGAATTTAATTAAAAATCGTAAATTGAAAACAAAATTAAGCATCAATATTGTTATAACGACCATCATGTTAATCGGACTTGGCGCGACTAGTTTCCTAGGTTTTCGTCATGTAGCAACACTTTCAGATAATATGGTTGATAATAATGTCGCACCAATGAAAGAAATCGCAAAAATCCAAACAAACATGGCGCAAATCAATATCGACATCCTGACCATGTTCGACACTATCAACGGAAAAGCAACCCTTATCAAAGATATCGATAATCTGTACGCCGAAAATGACCAAGCAATCCATAATTTCAAAAAAGCCAATTTAACAGCAGAAGATAAGAAACAATTAGCTTACTTTGAAGAAAAACTAGCAGATATGAAAGCATCCGCATCCTCTGTAATCAGTGACACATCAAGT
NZ_CP092056.1_gap22	761138	766014	4876	CAACACATCAATTAGCGACGTAACAGAAATATCCAACCAAATCGGTGAAAAATCCACTGCCGCACTTGAATTCGCAGAAGTAAACAAAATGAAAGTAGACGAGCTAGTCGTTATCTCCGAAGAAATGCAAAAAATCTCCGGTTCATTAGAAGGGTATATCGCCAACTTCAATACCGAAGTGAGCGAAGAAGCGGTCGAAGCAACAGAAGAGCCAGAATCAGAAACAAAAGACCCGGGAGAACCAGTCCTAGCTGAAAATGTCTAGGAAGCATGTATAATGCGAATTTGGATAAAATCACTGCTTGTCATTACAGCATGTATATTTAGTTTGACCCTTCTAAATACGAAATATACCTTTTATTCACCAACCGTCAAACTCGAAAGCGCCAAAGTCGTTTATAAATTAAACAATGAACCTTTTAATGTAAGATTAGATGTACCGCTAGTGAATCAAATGGATGCTCCGACGCTTTTTAACGGCTGTGAAGTAACAAGCCTAGCAATGCTCTTACAGTTCAATGGAAAGCGCGTAACGAAAAATGAGTTAGCAAATAATCTCTCGACAACGCCAATCGAACAAAATGGTTTACACGGTAATCCAGATAAGGCGTTCGTCGGTAGTATTAGCGGCGATAGCCCTGGTCTTGGCGTGAATCATGCTCCAATTGCTAAACTAGCTGCTAAATACGTTAACGAGGCACACGTCCACGATATTAGCGGGAATAGCATTCAAGACATCATTACCGTACTCAGCACAGGTGCGCCGGTTTGGATTATCACTACTACCGACTATCATGCACCGAAAAATTGGCAAACCGTGCAAACAAAAGAAGGCAAAAAGAAAATTACGTATTCGATGCATAGTGTCATTATCACTGGGTTTGATAAAAATAATTTTTATATTAATGATCCATATGGACATAAAAATCGTGCCGTAAAAAGAAGTGTCCTAGAAGAAGGCTGGTCTGCTATGGGAAAGCAAGCCATTTACCTAAGTCGTCCATAAAAAAATCGTTTGAAAGCATATCTCAATCTCATGCTCTCAAACGATTTTTTATATTTTCTTCTTAATAAATAGTACAACAGCAAGCGCGACAAGTACCACTCCAATAACAATCGGCCAAACCGAAAACGCATCTCCGGTAGAAGGTAGAAGGGAAGCGCTACTTGTATTTTCAAATGCGACAGCCGTGCTTACTCGGAAATAAATGAATCCAAGTGAAATGAAAACAGCAATACTAGCAACTAATTTTTTTGGAAAAACCATTCAGCTCGCTCCTTTTTATATCATAGCTATATTATTAGGCATTTGTTATTTTTTGTCAATGTATAGACCAATTTTAATCAAATGGCTATATATAATGCTTGACCTAGTATACATATTATTGTAAAATGAATTTGTTTCCTTGAAAAGTAGTGAAGGAGGATCGTACAATTGAATAGAAGCGCCAGAACTGATTGGGACGAAAATGCTTGAAGGTGAAATCCCTGAAAAGTATCGATCAGTTGACGAGGAGGAGATTAATCGAAGTTTCGGCGGGAGTCTCCCGGCTGTGCATGCAGTCGTTAAGTCTTACTTACAAATCATTTGGGTGACCAAGTGGACAGAGTAGTAATGAAACATGCTTTTTACCCTCCAAGGAAACCAAAAAATGTAGAGGGCTTGAAATTGGATAAGTCTGCCCTCAAGTTAATTATTGGAGGAATTTTATTATGTGTGGAATCGTTGGATATATAGGAACAAATAATGCAAAAGGCATTTTATTAGAAGGACTTGAAAAATTAGAATACCGCGGCTATGATTCTGCAGGAATCGCTTTGCAAAACAAAGAACTTGTAACAGTTGTCAAAGAAAAAGGACGGATTGCAGACCTTGCGAGCCTTGTACCAAGTGATGCATTCGGTACAACGGGAATCGGGCATACACGCTGGGCAACACACGGTAAACCGAATCACGAAAACGCCCACCCGCACCAAAGTAAATCAGGTCGTTTTACAATTGTTCATAACGGCGTAATCGAAAACTACACCCTTTTAAAAGAAGAATACTTAAAAAACCATTCTTTTGTCAGTGACACAGATACAGAAGTAATCGTTCAGCTTATCGAACTTTTTGCAGCAGAACTTTCTACTAAAGAAGCATTCAAAAAGGCGTTATCGTTACTGCACGGTTCTTACGCAATCTGCTTAATCGACCAAACCAATACAGAAACGCTTTACGCAGCAAAAAATAAAAGTCCATTACTAATCGGAAAAGGCGAAAACTTCAATGTTATCGCAAGTGATGCTATGGCTGTCCTTAAAGAGACAGACGAATTCGTGGAAATTATGGATAAAGAAATCGTCATCGTAACAAAAGATGGCTTCACTTTAGAAACACTAGAAGGTGAAGAAATCACTCGTGCAAGCTACAAAGCGGAACTAGATGCATCAGACATCGAAAAAGGCACATACCCGCACTATATGTTAAAAGAAATCGACGAACAACCAGCTGTAACACGTAAAATCATTCAAGCCTATCAAGATGAAGCTGGCGAAATCAATGTCGACAAAACTATCATTGACGAAATTTTATCATCTGACCGCATTCATATCGTTGCTTGTGGGACAAGTTATCATGCTGGTTTAGTCGGGAAAAATTTAATCGAAAAAATGGCGAAAATTCCTGTAGAAGTACACGTATCCAGTGAATTTGCTTACAATTTGCCATTAATGTCTAAAAAACCGCTATTTATTTTTATTACGCAAAGTGGCGAAACTGCCGACAGTCGTCAATGTCTTGTTAAAGTGAAAGAACTTGGCTACCGCACATTAACCTTAACAAACGTACCAGGCTCGACGCTAGACCGTGAAGCAGATCATTCGATGTATTTATACGCAGGCCCAGAAATCGCTGTAGCTTCAACAAAAGCCTATACAGCTCAAATTTCCGTATTGGCAGTACTTGCAGTTTCCCTTGGTCGCGAAATTGGTGACGAAGAAGCACTTAACATTAATTTAGCTGCTGAACTAGGAATTGTCGCAACAGCAATGGAAGCCATGGTCTCTAGCAAAGAAGTGATTGAGCACATCGCTGGCGAATACTTAGCAACTTCTCGTAACGCTTTCTTCCTAGGTAGAAATATCGATTATTTCGTAGCAATGGAAGCTGCTCTTAAACTAAAAGAAATCTCTTATATTCAAGCTGAAGGTTTTGCAAGTGGCGAATTAAAACATGGTACAATCGCGCTTATCGAAGACGGGACACCAGTTTTAGCGCTTATAACGCAAGAATCTATCAACTGGAATATTCGCGGAAATGTCAACGAAGTATTAGCGCGTGGAGCAAAAACTTGTATATTCGCAATGGAAAACGTCGCACAACCAGGTGACCGCTTTGTCATTCCACAAGTGCATCCGCTATTAACACCACTGGCTAGCGTCATCCCATGCCAACTACTAGCTTATTACGCCGCACTTCACCGTGATTGCGACGTCGACAAACCAAGAAACTTAGCTAAAAGTGTCACAGTAGAATAAATTTTTCAAGGCCTTTTCGAACTAGAAAAGGTCTTTTTTTACACAATCAATAAATTTGCACGAGCCCCTTGTTATGCTTTAAACTTAAAGAGGAATGGGGGAAATCAGCCAATGGAAGTATCGCATGTAACGCTCGCACCAAATAAAGATAGTCGTGCCGCAGTTTTAACAATCGGCAAATTCGATGGGGTACATATCGGCCATCAGACCATTTTAAATACAGCCTTATCCATAAAAAAAGAAAATGAAATATTAACCGCTATCAGTTTCAGCCCACACCCACTTTGGGCTTTAAAACAAATCGAAATATATCGTGAAATGCTCACACCAAGAATGGAAAAAGAACGCTGGCTCGCGTATTACGGTGTCAATCATTTAATCGAGACAGAATTTACATCTAGGTACGCAGAAACGACACCGGAAGAATTTGTCACAGATCATTTGACCAACTTGAATTTATCGCATATTGTTGTTGGTTCCGAATTTAATTTTGGGAAAGGGCGCGACTCTGACGTAGATTTACTCCGGGACCTATGCAAGCCCTATGATATTGGTGTCACATCTGTCCCGGTTATTGAAACAAATCAAACCAAAATAAGTTCCACCAACATTCGAGCGTTTATTCGGCGCGGTCATTTTCAAGAAGCGGAAGAGCTCTTAGGCCATCCGTGGTATATTACTGGAATTGTAGAAAATGGTGAGATGACTGGCTTAGATGATTACGTTCTCCCGGCAACAGGTACGTATCAAACAGACTCAGGAATAGTGAACGTAACGAACAATCGCACCATCGAAGTCGGATTGTCAGATGGACTTCAACAATTACATATGAAAAACGAACTTTCCGAGTAATTAGGAAAGTTTTTCTTTACATTTTATAAAATTAGTAATATACTAATTTAGTAAATTACTAAAATTTAAAAGGAGAAATCTCATGAAGATTCCAACTACCTTAAAACATAAACCAGTAATCGTTGTTGAAAATTATGAAGAAGTAGATGGCAAGAACGCTTACCATTCTGATGCGAAAGGACTTTCGCTCGGACTTGCACAGTGGAATGATCGGGGTAAAGTAGATATTTCAGCCAAAGTATGGCGTCATACTGGTGATAAATGGTCACGCCAATCCGAAGAACTTCCGCTACACCGTGTGCTTGATTTGGCCATTTTAATTGCTAGAACCAAAGTCCATTTCAAAGATGCTTACCGTTTACCTCATTTTTATGACAAAGAAAATCCCACGCTTGATCGCATCGGTTTGCAAGGAGATGCGCTGACTATTGCTGTTTGTGAAGATAACGAATATATCGATGAGGACATGCAATTGTTCGAACAAGCTTTAAAAAACGACGATGAA
NZ_CP092056.1_gap23	767160	769782	2622	CTATTTTCAATATTCATCAGTCAATAATAGTATGATTTCACATTATTCGAGTGCTAAAATTAGACTTCATTAGCTGTGTCCGGCTGTTATATTGTGACGTTTTTTTGACAAAATTGTAAAAATGGATAAAAGTGCAACTTTATCTAAAAACGAGGTTGAATTCAGGTGGATTTCGATGATTTGGGATGTTTTGAAAATGTTGGAATTATCTTTTGAAACGCTTTTTTTTTTGAGTTGTATTTTAATTGGAAATAAGTAATATCAATTACTTTCGTGTTTTTGAATCTTTGCTAATTAGATTTTTTATAGTAAATTATTTTCGTTTTTATTCGTGAAAATGTGTCAAAAATAATTACTTGAAAATGGAATGAAATACTGTTTTTGTGATATAAAACGTTCAAAAAATGTTCATAAATAGGAAATTTCGCTACATAGAAAGGTATTTTCAAAAGGCTTTTTAGCGTATAGTTTTAGTGGTAATAAATATTACTGGAGGTTATACACGAATGAAAAAAGCATTTCTATGCCTATCTGCAATTGTTCTATCATTAAATTTTGTATGGATTAATCCAATTACTGGGTCAGCATCCAAAATCGAAACAACAAAGGAAACAAACCAACAAGTTAATTTGAAAAATAATGTAACGGATATAGTTACTTCGGAAGATTTAGGAGGACAAACGTGGTTAATTAATGAGGTAAACAGACAATTAGCGCCAAAAACGGTCGACGTAAATTTAACATTTGAAGATTTGGCTAAAATTACGACCATTTCATTGAATAATAGATCGCTTACTGGGGAAGTACCACCAGAGATTAAAAATTTAGTATCGCTTCAAAGACTGTATTTATTTTCTAATAAGTTATCAGGAGAAATCCCTGCTGAATTAGGAGAATTAACGAAATTAACGGAGCTTCGTTTAGATTATAATGAACTATCAGGAAAAATTCCCGACGGTCTAGGTAATATTTCCGAAATCGCACTGCAAAATAATCGTTTGGTTGGGCAAATACCTTTAAGTCTCTATGAAAATAGAACTGGCAAAAATGAAGTGAATGTTTCGGGAAATCAAGTGACGATTAACAGTCAACAATCAGAGCCAAGTGTTTATTCAGCCTATACGTTTGTCTATCCAAGTTCTACACCTGAGTATAGCGGACATATTAAAGCAAATAATTCTTTTATTTCTAATCTAACTAATGATATGAATCTTACACCGTTTTTAAAAAACAGCCCTACATTTATTAATCTACAAGTAGTATATATGTTTAACTCGGAATTGTTTGATGGGCATGATGTGACGATTACCGATACGAATGATGGCAGGGTGCTTTATGACGGGACGCTGACGTCGGATATTAGCATACCGTTAACAAATTTTAAATCGGGCGTACATGTGATTAATGTGATGCTTGATAATGCGCCCAATAATCCTCAAAATCAAACTACTTTCTTAATCGATATTTTACCTGTCCCGGCTCATGATTTGACGGTGAATTATGTGGACGAAGCAGGAGCAGAAATCCATGAACCACAAACGGTAAGTGGAAATGTGGGTGATGATTATGATGTAACAACACCAGAATTTGAACTAGCAATTGACAAATATGAATTAGATACGGAGCAAATGCCAACAAATGGACTTGGTACACTTAGTTCAGAGGCTCAAACAGTCACTTATGTATACAAAAAAGTGAACGGCGCGCCTGTCACCGTGAAATACGAGGACCAAAATGGGGTAGAGATAACTACTTCCGATGTGCTAACAGGTAAGCTAGATGCTACGTATCAATCAAAAGCGAAAGAAATTGCTGGATTTACATTAGATAACAGTAAACTACCAGCCAATGCAAGCGGCATTTTCGAAACAAATCCACAAACAGTCACTTATGTGTATCAAGCCGTTCCAGCCACAATTAAAGCGCATGATTCCACGATTTATGTAGAGGATAAATGGAGCGCAGAGGATAATTTTGATAGCGCAGTAAATTCTGTTGGAGCTGCAGTTTCCTTTGATGATTTAGAAGTAGAAGGGACAGTGGATACGACGAAAGCAGGTGTTTATCCAGTTACTTATAGTTTTGCCGGAGAATCTGTGACTATTAACGTAACCGTAAAAGCAAAAGACCTTCCAGCACCACCAGTGACACCGACAAAACCAGTGGTTCCTATCCAACCAACTAATCCAGACCAACCAGACATTCAAGCGGTACCAGGTGAACATCAAGCTTCCACTGATAAATCAGAAGCATTAAAAGTAACCGTGGCACAAAAGGAACAACCTACAGTAGCAGGGAATTTAAAACTGCCAACTACTGGGGATAATCTTTGGGACAGTGTGCTGTATAGTGTATTTGGTTTAATAGCGGTATGTGTCGCATTTAGTTTATTCTTCTGGCGTAAAAAGCAAAAGTATAGCTGAAATATATTAGAACTAGGCTGCCTATTTTAGAAGAGTAATGTGCAAAAGAGATACCAACTAAAAACGGCATAATAGCAAAAAATAACTTTACGTCATATTCTGAATTAAAGAAAGCAAAATAATATTGTTATTATTGAATGGTACTCTGGATGTGATAGTAAATAAAAAAAATTTCCAAGAACAATTGTTTATTCTTGGA
NZ_CP092056.1_gap24	929618	932281	2663	AAAGGGTCTGACGTAAAATAATTAGTTTAATACATAATGAAATAGTTAACTGCTCTGAAGAAACAGTAAGGACATCAGAAACCTACAAACAACGCGTATCAACATACTCGCTAAATTTGTTTCTAATGTCTTTTTTAAAAGGCAGTTAAGCAAACCGCACAATAAGAGAGAAAATTTTGTTAATAGTGGAGAAAGGTTGGAAAATAACTGATGTATAAAGATTTTGCAAACTTCATCCGTACAAATAAAGCAGACTTACTGAATGACTGGATGAACGAAATGGAGAAACAATCAGATCAGCTAATCAATGACATTGCAAAAGAAGCAATGTACGAAGAAACTAGCAAAGAATTTGTAGATTTAATTGTTTCGAATGTTACAGAAAACGGTTCTAAATTCAACGAAAAACTAGATGATTTTGCAGAAAAAGTGGTCCACCTCGGTTGGCCAATTCATTTTGTTACCACGGGCCTACGTGTTTTTGGGCTTTTAGTATATACAGCAATGAGAGATGAAGATCTATTCTTAAAAAGAGAAGAAAAACCTGAAGATGATGCCTATTATCGCTTTGAAACATGGCTTTCGTCCATGTACAACAAAGTGGTCACTGCCTACGCGGATACGTGGGAAAAGACAGTTTCTATCCAAAAAAGTGCTTTACAGGAATTATCTGCACCACTTTTACCAATATTTGAAAAAATTTCTGTAATGCCGTTAATTGGAACGATTGACACAGAAAGAGCCAAGTTAATCATAGAAAACTTACTAATAGGTGTTGTAAAAAATCGGTCAGAAGTGGTTTTGATTGATATTACGGGAGTTCCTGTTGTTGATACAATGGTTGCGCACCATATTATTCAAGCGTCCGAAGCAGTTAGACTTGTCGGCTGTCAGGCAATGCTTGTAGGTATTAGACCAGAAATCGCGCAAACAATCGTTAACTTAGGAATTGAATTAGATCAAATTATCACTACCAACACAATGAAAAAAGGCATGGAGCGTGCGCTAGCCTTGACGAACAGAGAGATAGTAGAAAAAGAGGGGTGAATACTGTGGGGATACCAATCTTAAAGTTAGGTGAATGTTTATTAATTTCTATCCAGAGTGAATTAGATGATCATACTGCGGTAGAATTCCAGGAAGATTTGCTTGCAAAAATCCATGAAACGTCGGCCAGAGGAGTAGTCATTGATATAACTTCTATCGATTTTATTGATTCATTTATTGCAAAAATTCTTGGAGATGTAGTAAGTATGTCTAAACTAATGGGTGCAAAAGTGGTTGTAACTGGGATACAGCCAGCAGTTGCGATTACACTAATTGAACTCGGAATTACGTTTAGCGGAGTACTTTCGGCGATGGACCTTGAAAGTGGTCTGGAAAAACTTAAACAGGAATTGGGGGAATGAACATGACATTCCAATCCTGTGTAAAGATAATTAATGAATGGGATATTGTAGCTGCAAGGCAACTAGGTAGAAAAATATCCAAAGAAATTGGCTTTGGAACCGTTGACCAAGCAAGAATTACAACTGCCATCAGTGAATTAGCTAGAAATATTTTCCTTTATGCTGGACGAGGAGAAATCTGTATCGAAAAAGTAAGTGAATCTGGCAAACAAGGTATGATTATTGTTGCCAAAGACAAAGGTCCAGGTATTGTAGACTTAAGAAAAGTAATGCAAGATGGTTATACAACATCAGGTGGTCTTGGAGCAGGTCTTCCAGGAGTCAAACGTTTAATGGACAGTTTTGATATTGAATCCAGTATTGAAGGCGATTCTAAAGGAACGGTAATTACAACAACGAAATGGGTTCGGTAAGGAGAGCTAGAAAAAAATGGAAAAAGCTTTTGAGGGAAAATACCGTGATATTCTTATTCAATATTTAGAACATCAAGATGAAGAAATTCTTTATACTTGCGAAAAATTATCCAGAGAAGCTATGGAAGAACGAGTATCACCAGAAGAAATTGTCCATTTACATCGCTCGGTTCTTGAACTATACGGAAAAGAGTTGCCGGATTTTGTCCGATTATCATTTGATGTACTACTTGAAATAATGGTAGGCTACGGCTTGGCTTATATGGAACATCTTAGTCTAAGAACCGAGCAAAAAGAATTACGTAGTGAAATTGCTCAAGCGGAAGATATGCAAAAAACGTTAATGAAAACAGAGGTACCGGAACACGATGAACTTGATTTTGGGGTTATCAGTGTCGCAGCCAGACAAATGAGCGGTGATTACTATAGCTTTACAGAAGAAGGCGACAAACAAATTGGTATCGCTCTTGCTGATGTTATTGGTAAAGGAATTCCAGCCGCATTTAGTATTTCCATGATAAAATACGCACTAGCTGGAATGACAGGGGACGACAGAAAACCATCTATTGTACTCGAATCATTAAACCAAGTAGCGGAAGAAAATATTAACGACAACATGTTTATCACGATGTTTTACGGGCTCTATCACGAAGATACACATTTGTTTGAATATGGTTCAGCAGGACATGAGCTGGGCTTATATTACCAGCATAAAGAAAACAGCTTTTCTGATTTATACGCCAAAGGCTTACCACTGGGTGTGGATAAAAATGCTATCTACCGTCAATTTGATAAGAAAATTGAAGTGGGGGATGCTGTATTTATTATGTCAGATGGTGTA
NZ_CP092056.1_gap25	933350	935161	1811	TAATGACCAAATATATTAATGAAAAGCAGGTGGAGGAGAATGCCAAAAGTATCTCAACCTGATAAAGAGGCGAAAGAAAAAGTCTATATTTGGATTGCCGCTTACCAAGAAAATGGCGATCAAGACGCCCAATATAATTTAGTTGTTCATTACAAAAACCTAGTAGAGTCCATCGCCCGAAAATATTCCCAAGGTAAATCTTTTCATGAAGATTTAGTTCAAGTTGGGAATATTGGTTTACTTGGAGCTATTAGAAGATATGATGCAACGTTTGGAAAAAGCTTTGAAGCATTTGCTGTGCCAACAATTGTTGGTGAAATCAAACGGTTTTTACGTGATAAAACATGGAGTGTCCATGTGCCGCGCCGAATCAAAGAGTTAGGTCCGAAAATCAAAAATGCCGTAGAAGAGCTAACGAGAGAACTTCAAAGCTCGCCGCAAATTAGCGACATTGCTGATTTTATTGGTGTCACGGAAGAAGAAGTTTTAGAAGCAATGGAAATGGGAAAAAGCTACCAAGCACTTTCTGTAGATCATTCGATTGAAGCTGATTCGGATGGAAGTACGATTACGTTACTTGATGTTGTTGGTGGTACGGATGATGGATTTGAACGTGTGAATCAACGTATGCTCTTAGAGAAAGTTCTCCCTGTTTTAGATGAGCGAGAACAGAAGATTTTGCAATATACATTTATTGAAAATCGCAGTCAAAAAGAAACGGGTGAACTACTCGATATATCACAAATGCATGTGTCTAGAATCCAACGTCAAGCTATTAAAAAACTTCGAGAGGCGTTGCAGAATGAGGAAGTGGAGTAAATGAACAAGGCAGTTGAATCAAATAATTTATTTGTATTTCAACGTTCTAAAGCATTACAACAATACTGCGGGGATGTTTATTATACCCATGAAGACGAAAATGGTTTTCTGTATGTTCTTTCTGATGGACTTGGAAGTGGGCTCGAAGCTAATAGAGCGGCCAAAGCGACTGTTGACGCCATAAAAGAAGATATTCATGCAGATATTACTGATATGCTTGAAAAAGCGAACCAGGCTGTTTCAGGGCTTCGTGGTGCTGCGATAGCTATTATTAAAGGTGACTACTTAACGAAGACACTTTATTATACTGGTATGGGTAATATTCGTTTTTATATGATTGGGATTGAAGATAAGCTTATTTTTCCGCTTTCAGGCTCTGGATTTTTGTCCGGTCGAAAACAGAAATATCGGTTGCAATCGTTTAAATATAAACCAGGCAGTAAGTTTTTAATGCATTCAGATGGACTTGTTCTTTCTCGCGTTAGAAAAAGCCTAGAATCACCACTTTGTGTAGTGAAAATCGGGCATTTAATCGAGCGTAATATATTAGATATTCCAACAGATGATGTAACTTTTATGGTTGGGAAATTTCCGGAATAACAAAAACACCTTTTAAACGTTTGCTAGTTTAAAAGGTGTTTTTTTCATGATGGGCATGAGAACTTAGTCTATTTATGGTATATTAGAATAGAGCGCTAGTTTTTTATACTTAATCATGTGATAAATGTCACTTAATAAGCGTGAAGCAACCTTGCTTTGCGTTTTTTTTCGCGCGGATTAAAATACAAATAAGAGAGAAGGAGCAAATTGAAGAAAGTTTTGTTGAATAGTGTAAAAGGTTATACGTGGGCGAGGTTTAGGAAAGACTTGCTTGCGGGTATTATCGTGGGCATTATTGCTTTACCACTAGCGATGTCATTTGCGATTGCATCAGGTGTAAGTCCGGAATATGGGATTTATTCAAGTTTTGTAGCGGGAATAATTGTTTCTAT
NZ_CP092056.1_gap26	936529	937464	935	AATTGGCGAAGAACACTTCTTTTCCCATACCGAAGATGCGATTCATTATGCGGAAAATGCTTTAAATAAGTGAGGCGGGTAGCTTTTGTCAGTTGAAACGTAATTATGTTACACTTAGTAGATAATGAAATAAATGGAGGCTATCAAGTATGGAACAAATGCAAGATAAAATAATGAAATTAGTCCAAAAATCGCTAACGTATAAACCAGCGCAAATTAATGCTGTTATCAAATTAATGGAAGAAGGTAACACGGTTCCGTTCATCGCGCGTTACCGTAAAGAAATGACTGGTAGCTTAGATGAAGTAGAAATCCGTGATATTGAAGAAACATTTGAATATGTAACGAAATTAGAAAACCGTAAAGAAGAAATCATTCGCTTAATAGATGAACAAGGAAAATTAACAGATGAACTGAGAGCGGCAATCGTCAAAGCTGAAAAACACCAAGCGCTTGAAGACTTATATCGTCCGTATAAACAAAAGAAACGCACGAAAGCAACAATCGCCAAAGAAAAAGGCTTAGAACCACTGGCTGAATGGCTTATGAGCTTTCCGAGCAATGCCGGTCCACTGACAGAAGCTGCAAACTATATTTCAGAAGAAAAAGAAGTGGAATCAGCAGAAGCTGCATTACTCGGCGCGCATGAAATTATCGCTGAACAAATCAGTGATGAACCTAGTTTCCGTGAATGGATTCGTAACTTTACACGCAAATTCGGGATGATTGAATCCAGAGCGAAAAACGCCGAAGCAGACGAAAAAGGCGTGTACGAAATGTATTATGAATTTAACGAAATGATTGGAAAAGTAGCTAGTCACCGTATTCTTGCATTTAACCGCGGTGAGAAAGAAGACATTTTACGTGTACAAGTCCAAGTGGATACGACAAAAATTTTCCAATATTTATTTGAAAAAGTTATCCAAAACCGTAAT
NZ_CP092056.1_gap27	977839	981552	3713	TGATTTTCAAATAAACTACAGACAACTAAATTATACGGGATTTCTTGTTTTTCAAGTAATCCTAAAAGTGTCTCTAAATACCACTTTTTATCTGGATAATCTTCTAATAGTTCCAGTAACTGTTTTGTTTTTTGCACATTGCTGGAAGCGAAAATTTGATTTAATTTTTTTATGGGAAATTGTTCCGCGAAATCGGTAGGAAAGGGACTAAAGTACAATTCCTCTATAAATGTAGCAAACGTTTCAGCAACAATAAGTGTTTGTAACGTTTCAAAATCAACATAAATAATACTGGGTTCGGACGTATTATCTATATAAGAAAAACCAAGATAACGCGATTCATCCCGGTGGAAATAAACTTGCTTCCCTGCGAGATCAACATCCTTTTGTTCCGGAATATCCGTTAAAATTTCATCCAAACTAGCCAGATAATAGATTTCACCAAAATCCAGCCCATAAGAAGTCGGTTCCGTCGTCTTAAAATGATTTTTGCGAATCAATCCACCATTTTGCTCTGATAAAAGCTGTTTGTATTCAATTGGTAAAGTGACACCTAACGCTATTTCTTTTTCACGAATTGCTTGTTTAGTTGCGCCATTCTTTTCGTTCTTAACCCAAATCGTCATCCTCTTCAACTCCTCCTTGTATTATCCTAAAAAAAGCAAAATAGCGCAAACAAAAGAACATAGCTAGAAATAATTCCTAACTATGTTCCAAAATTTTACTTCAAAAGATCTTGATAATAACTATTTCCATTCCGCGCATCAAACTTCGCCGTTAAAGCTTCCGTCATTTCCACCAAATCAGCTTCTTTTTCCCGGTCGAAAAGAGGGTAGGCAGCTTGTAAGAAAATAAGTCGGTCTAAACCACCCTCAGCTCTAAGAACGGTTTCTAGGTTGGTATCGATCACTTCCCGAGCTTTTTCCGTTTGCTTGGTAAGGACTAAATATTTAAGTAATTGCCCAAGCGGTGGTAGTAAGGAGATTTGTTTTTCCACAAGTGGATAACCTTTATCAAAGCATTCTTGCGCCATTTTTTCATCACCAAGTGCTAAATAAGCAAGCGCCATATTTCCATACGTCAAATGAGGAACTTCCGCACAGCGTTGTTTTCCTTCAATAATCGGTTTTGCTGTTTTCTTAGCTGTTTCATAGTCTTTAATGAAGCAATAATAATGTACTTGATCATTTCTTTCGCAAGCAGGACAGTCATTTAAAAAGTCTGCTTTCGTATCACTCCATTTTTTAAATAGCTCTTTGGCTTTTTCAACATCGCCCATACGCATGGCTGCAAGCGTGCACACTTTATAATAAGGTCTTAGCGAATAATTTTCTTGTTCGAATTTCACCTTCATATCATTCAAAAGTCCGTCAATTTGCGCTTTCGATACTTCATCAAAAGTCGGGACATGTTCACTAATCCATTTATATTTCCAAAAAAGATCTTCCGTGTCAATGTAAGCATCACTATCTTTGTCTTCCCATTTTTTGATTAACCAGCTAAAAGCCTGTAATTGCTTTTTCGGAAACCCAGCTGTTAAACATGTGTCAATCAACAGATCACGTGCTTCAATACCATCATCTATATTGTTATACAAATCTGCACCAGCAATAATTCGTTCTAATACTTTTATTTTTTCAGGCGTGTCATCCATTCCCCAAACTGATTCTAAATCATTCAAATAATCCATTTTTCTTCCTCCTATAGCATCTCTAAGATTCGTAACATATTTTGATTCATTAATACCATTTCTTTCCGTTTAAGCGGATAATGCCCTAATAGTAAGGCTTGGATATAAAGTACATTCACAATTACGGACAATTCTTTCACTGTTTTTCCAGAAGTGAAAAGTCTTTTAATCAGCTCGTTATCCAAATTTAAATACAAGTGAGCAAGCGGTGCAGGTTCTTGTTCTTTTTGGATGCTCTCTAAAATATCACTAAAAACAGAATTCGTTTCTTCGACAGCACGTTCTAGTTCGCGTAATTCTTGTGTTGCTGTAGAGTGGATGAAAATAATCGGTAAATCTTTCGGTTCAAAATGTTTAATTAATACATCTGTATCAAATTCAGCCATCATACTATTCATTTCTGTCAAAATAGGTTGGTAAGCCTGTTCTTCGCTCACTGTCATAGGCCGTAATTTATTAGTCATTTCTTCCGGTTCGATTAAAACAAATTCTGTCCCCTCAACAAAGTAACTTAATTGCGCTAAGATTGGCGAATCATAGGAATAGCCGCCGTTAATAAGCGTCATACCGCTTGATCTCGCAATATCCTTAATTTGTCTAAAGTCATCGACCGAGTAAGTGTAATAGATGACGTCATTTTTAGCGATAATATCACCTAATTTTTCTTCGCCATTTAAAGTTCGAACTGGAAGATAAGGATAAATTAATTTTAAAAATGGTGCATCTTCACTCGCAAGTGCTTTAAAACCAAGATAATGTGTAGCTAATAATTTCATCAGCGCTTCTTCCGGAAGAGTTTCAATTCCTTTTTTTAAAGCAACGCCAAGCTCACTTGCAACACTAGTTAACCGCTCATTTTTATAAAATGCTTCACGGGAAGCAACGGGTTGAAGTTCATCCGTCCAAATCACGCATTTAGCAAAAAATGACCAATCTGGTAAAATATTATTTGCTTCACTGGTGACAAACATCTTATTTAGAAATACCGTATTTTTTCGGATAGCATTCATTTGAACAGCATGTGGAATCATATAAGCAATACCAAACGTTCTTCCTGACTCATTTTCAATTAAGAAATAGTCTTGGAAATGCGTTCCAAGGATATATTCGCCGTACTGAATAATTTGTTCTCTCGAAAGTGTTGACAAGGTTTCTTTATCAGAAAACTGTTTGGTCCAACTATTAATTTCTTCCTCTAAACCATTCATTTCTACTATTATATTGCTTTCCAAAGAGGAACCATATTTTTTCAGTGTATTGATTAAATATTCGACGTCCTCACATTCAGGATGATCTTCTAAACCGGCGCGTAAACGTAAATACACTTGCGTACCTGGTTCGCGAGTGTCAGTTTCTATCTTGCGAACGGAATAAGTACCATCCGCTTTTCCGCGCCACTCGGTTGTGCCGCCATCTTTTTGAGAGGTAGAAATCATTACAATTTCATCACTCACGATAAAACAAGAAAGTAAACCAATCCCAAAACGACCAATAAAGTCATTGGAACTTTCTCCATCAAAGTTTTTTTCGCCTTTTGATGAATTAGCAATAGTAGCTAGAAAAGCGTGAACCTCATCTTCCGTTAAACCAATGCCGTTGTCTTCTACAATTAATGTTTTTTCATTATTATCTCCAGTTAGAGATGCATGGATTTTACCTTCTAAAGTTGAATCAATTTTTTTCCTAGCACGAATGGCATCGGTTGCATTTTGCAGCAATTCGCGAATATAAACATCTTTTTCGTCATAAAGGTGGTTTGAGAGAATGTCAATCATACCAGCCAAGTTCACCTGAAAGCGGTGAGAATAATTTTCCATAGCTTGGGCCTCCTAGTTGTCTAAAACTCTTTTTTATTCTATCATAAAAGAGAAGATAAATAATGAGAAAATGGTTATAGATGTTTAAGAAATTTTATCAGTGGTAAATACTTTGTGATGGTTTCCACACTGGACATTGATGTGGAAATAGATTATACTTATTATTAAGTGATAATCATTATAAAATAGGAGGAAGATAATTATGA
NZ_CP092056.1_gap28	1021690	1023736	2046	TTGAAGTATTCGAACACAGAATGCGCGGCGAATATAATTCAGAAATCCGGATGGAACCAATCGGTAAAAAAATCGCTCGTTGGGTTAAAGAAGAAGACGCAGATGAAAAACTTTCGACAGCAAGAAGCATGCTCGTAAAAGACCGTTTCGACCAACCGTTATTCTTATTCGAAAACGAATTCGCGATTAATTGGTTTAATGATAAAAATCCAGATATCGAGTTAACTTCATTACTATAATAGCTGCAACCTATTTGTATTTTCGCAAATAGGTTGTTTTTTTCTTGACAATTTTTTGAAACGCGCTATAATTAGTTAGAATTCTAATTAATAAGGAGGAATACTCGTGAGAAGAGAGAAGACGATGGATACGTTGATTCGTTCGATTATGATTAAATCCAAACGTAAAATGGATGCAAAAGTTGCTCAATTTGGGCTGACAACACAACAAGCTAGAGTTCTTGGATTTTTAAATGATAATGCAGCAAATGAAATTATCCAAAAAGATCTTCAGCGAATCTTCCAAACACGTGGTGCAAGTATTACTAGCTTGATTCAAGGACTCGAGAAAAAGAACTTAATTTCGCGCAAACCAAGCCTTCGAGATGGCAGAGAAAAAGTGGTTACTTTAACTGAGGAAGGCAAGCAGATTGTGGACGAATTTAATGCTTCTTTTCCGCGTGAAGACGATAAAGCGAAGAAAATTCTTTCCGCTGATGAGTATAAAACCTTTATTGATTTACTTAGCAAGATTGATGATAATACCGAATAAAAAATTTAACTATATAGTTAGAATTCTAACTAATTTCAAGGGGGAAATAAAATGAAACACTCAGATAATTATTATTTAACAAAAGCGAGCATTCCTAAAGCGATAGCGCACTTATCGATTCCAATGATGCTCGGAATGTCGGTTGGGGTGATTTATAATATCGTCAATGCGTTCTTTATTGGTTTACTGCATGATACGTCGATGTTGACTGCTGTAACACTCGGTTTACCAATGTTTACGATTTTAATGGCGATTGGGAATATGTTTGGTGTTGGCGGTGGGACGTATATTTCTCGCTTGCTTGGGAAAGAGGAGGGAACCAAGGCAAAGCAAGTATCGGCCTTTGTTTTATATGGAAGTTTAGTATTAGGCATTCTATGCGCCATCTTACTTGGCTTTTTGATTAATCCAGTTACTCATTTTCTTGGGGCGGATGCAACGAGCTTTTTACACACAAAAAATTATACGTTGGCGCTTCTAATTTGTAGTCCGTTTATTATTGCGAATTTTGCTTTAGAACAAGTGGTTCGGGCCGAGGGAGCTTCGCGGGTGTCTATGAACGGGATGCTGATTGGTACGGTTGTTAATTTAGTATTTGATCCATTGCTTATTTTGTATTTTGATTTTAATGTGGTGGGGGCTGCAGTTTCGGTAGGATTAGCAAGCTTATTTTCGCTGATTTACTATGCTTGGTATTTAGAGAAGAAAAGTGATTATTTATCCATTCGTTTTAAATGGTTTCAAGCATCCAAAGAAATCGTTCAAAACGTGTTTAAAATTGGTGTTTCAGAGTTGCTTCTATCGTTATTCCTCATTGTGACAACGCTCGTTTTAAATCACTATTCGATGATTTACGGGGAAGGGGTGGTTGCTGGTTTTGGCGTGGCGCTTCGGGTGGTGCAGCTCCCTGAATTTATTTGTATGGGACTTTACATGGGGATTATTCCGCTGTTAGCTTATAATTATGGTTCGGGTAATATTGCACGGTTTGAAAAAGCAATACGGTTTACTGCTATTAGTATTGGGCTTATTGTGCTCTTGCTTTCGAGTCTGGTATTTATCTTCCGTTTCCAAGTGATGCACCTATTTAGTGACAGTCAAAGTGTGATAACGCTTGGTGTGCATATTATGGTTGCTATGCTGATATCTTCTCTTTTCAGTGGATTTACAGGACTGTTTACGAGTACTTTTCAAGCAATTGGGAAAGCTATTCCGGCTACAATTATGTCTGTTTCACAAGGCATCATCTTTATTCCAGTCATCATTTTAGGACAA
NZ_CP092056.1_gap29	1202272	1203342	1070	CGCAGAAAAAGTGACAGAAGCTGGAATTACGAAAACGGCGCTTATTATGGTCGGTGATTTCCTCGGAGAAGAGTTTTATTATTCTAAGCTATACGACAAGGATTTCAAACATGAGTACAGATAAACTGGCAATTATTGCTGTCACGGAACGTGGTCGTGATTTAGCAATAACGTTAACAAAAACGGTAGCAGCTACGATTTTTGTACCAGAAAAGCATTGCACTGAGCAAACGAATTCTTTAACGCCAGATTTTGGAACAGCGATGCGCGAAATTTTCACGAAATATCAAGCATTGATTTGTATTATGGCGACTGGAATTGCGGTTCGGACACTTGCTCCAGTGATAGAAGATAAGCTGTCAGATCCAGCGGTACTTGTCATGGATGAACATGGCAAGTTTATTATCAGCTTGCTCTCAGGACATGTTGGTGGCGCAAATGAACTAACCGAACAAATCGCTGCGATAACTGGTGGTGCGGCAGTAATTACAACCGCAACAGACCGCGCGAATGTAGCTGCAATTGATAATATCGCCAAACAATTAAATGGTTATTTACCAGATTTTAAAACGACGATAAAACGTATCAATGGGTTGCTTGCAGCAGGAAAAGAAGTTGGATTACATATAGACGAGCCAGTAGAAATAGATACGCGCGGTTTTACAACGGAAGAAATTAGCCCGCAAATTTACATTTCAACTAAATATAAACTACCAATGACAACTTTAGAACGCATCCAGCTGGTACCTAAGCAATTTATCCTCGGGGTCGGTTGCAGAAAAGGCATTTCAGCAGAAACGATAGATGCAGCATTTACACATTTTTGTGAACAAGAAAACATACACCCGCTGGCATTCCGTGAGATTCATAGCATTACTTTAAAAGGAGAAGAACCGGCAATTCTTCATTTAGCGGAGAAATGGCGTGTTCCATTTATTGTCCATCCAGCAGAAGAATTACAAACGGTTGCTGGAAAATATCCAACATCCGCTTTTGTTCAAAAAACTGTTCAAGTGGGGAATGTCGCCCTATCGTCAGCAGATATTGGTAGTAACGGAAACGTTGTTACA
NZ_CP092056.1_gap30	1206181	1210975	4794	TTGATGTACTAACAATAGAAGAAAAGGCGATTTTACAAACGAAAACAATCCTTTCGATTGGAAGGTTCACGAGCGCAACTTTAGCGTCATTCGGTATGAACAATTTCATAGAAGCCGAAAGCGCCACACCAGAGAGCTTAATCGAACTAATCCAAAAAACAAAATTAGAAGGAGTACCACAATGAAAAAAGCGATTTTAGTCGTTAGTTTTGGCACTAGTTATCCAGAAACAAGAGAAAAAACTATTGAGGCCTGTGAAAAAAGAGTGGCCCATGAATTTCCAGATTACACCGTATTTCGCGCATTTACATCGAATAAAATTATCAAAAAACTAAAAACACGCGACAATATGCATATCAATACGCCAAGCCAAGCGTTGAATCAACTAAAAGAATTAGGCTATAAAGAAGTCATTATTCAGTCGCTACATATTATTAGTGGTGGTGAATTTGAAAAAATCACTGCCCAAGTAGAAAAATTCAAGCCGGATTTCGATTCCATTATTGTCAGCCAACCGTTACTTGATTCGATGGAAGATTACGAAAAAGCAATCGAAGCGATTCGCCACCAAATGCCACCTTTAAAAGAGCGAGAAGCGCTTATTCTCATGGGTCATGGTTCAAAACACCATGCTTTCAGTGCTTATGCGTGCCTTGACCATATGCTGTTAAACGAGCCAATTTATCTTTGTGCAGTAGAAAGTTATCCTGGTCTTGACCAAGTAATTGAACGTTTACAACAAGCGGATATTAAAAAAGCACACCTAATGCCGTTTATGCTTGTAGCAGGAGATCATGCTACGAATGATATGGCTTCTGATGAAGAAGATTCTTGGAAAAGTACACTGGAACAAGCCGGCATTCAAACTGAATGTCATTTGCAAGGTCTAGGCGAAAATCCACTTATCCAATCCCAATTTATCGACCATATCCACACTGCAATAGAGAGGGTGAAAACACGTGGCTAAATTTTACGGCATTGGTACAGGTCCCGGAGATAGCAAGTTAGTCACGATGGAAGCAGCAGAAAGACTCGGGGATGTAGCAATTCTCTACACACCACAACCAAAAAAAGGCGGCGAAAGTTTAGCTAAGAAAATCGTCAGCCCTTATTTAAAAGATACATTAATCATCAAAGAACGCCATTTTCCAATGAGTTACAACAAAGAAGAAAAAATGCTTGCATGGAAAGAAATCGCGGAAGAAATCAAAGTAGATGTGCAAAATGGACATGATGTTGGGTTCATTACACTTGGAGACCCCATGGTTTACAGTACGTATAGCTATTTATTGGAATTATTAAAAGGCGACATTGAAACAGTGACACTCGCAGGTATTTCGTCCTTTTCGAATATTGCTTCCAAGATTGAATTACCACTCGTAATGGATGAGGAAAGTTTTGCTGTCATTCCTGTAACAGCAGGTGCTGAAAAAATCGAACAAGCACTCACATTATTTGACACAGTTGTCTTAATGAAAGCAGCAAGTAATTTACCGCTTCTTACGACATTACTAAAAAAACTGAATTTACTTGATGCAGCAGTAGTAGTAAGCGATGTTGCCATGGCGACAGAAAAAATCACTTACAGCATGAGAGATATAAATCCAGAAGAAAAAATGTCATACTTTACCACGATTATCGTGAAAAAAAGAAGGGAGCAATATAAATGAAAAAATTATGGAAGTTTCTACCATTTGTTTTAATCGGTGTTATTTATTTTACTTTAACGAACCCAGAATCCGCACACGCAATGCATATTATGGAGGGGTTTTTACCAGTTAAATGGGCTGTCTTTTGGTTCATTGTATTTATTCCATTTCTTGTGCTTGGTTTAATTCGCATTCGTAAATTAATTGCCCTAGACAAAAATAACAAATTACTATTAGCATTGTGTGCGGCCTTTATCTTCGTTCTTTCTGCACTTAAAATCCCGTCCGTTACAGGTTCTTGTTCTCACCCGACTGGGGTTGGCCTTGCAACGGTTATGTTTGGTCCGCTCGTTGTTAGTGTGCTCGGTGTCATTGTCTTGCTTTTTCAAGCGTTACTACTTGCGCACGGCGGTATTACTACACTTGGCGCGAACGCAATGTCGATGGCGGTTATCGGTCCAATGGTTGGTTTTGTGGTATACAAACTTGCTCGTAAATTAAACTGTAATAGAAGTGTATCGATTTTCTTATGCGCGATGACAGCTGACTTAGCAACATACTTAACCACCAGCGTTCAGCTCGGAGTCGTTTTCCCAGATCCAGCGTCCGGCATGATGGCTTCCATTCTGAAGTTCATGGCGATTTTCTGTGTGACACAAGTTCCAATTGCGATTGCAGAAGGATTGCTAACGGTAGTCATGTACAATCTTATTAGCAAAAATTTACCAGAAAAGGTGGCACAATTACGATGAAAAAAATAAATATCAATGTCATTTTAATTCTATTAGTTGTATTGTTAATGGTTAGTCCATTCTTCTTCAATAAAACGGGAGAATACGGCGGCTCGGATGGGGAAGCCGAAGCGGAAATCACCAAAATCGATCCAAGCTATGAACCATGGTTTGAACCTCTTTACGAACCAAAAAGTGGCGAAATTGAAAGCTTATTATTTACGCTTCAAGGTTGTATCGGAACAGGAATTATCGCGTATGTCATTGGTGTAAGTCGTGGCAAGCGGAAAGCTGAGAACGATGTTAACCATTGATAAATATGCTTATCAAAACCGGTGGATAGCTTTTTCGCCATCAGCAAAAGCATTATTTTATGTCGCAATTCTAATACTCGCGTTAACTGGTCCTGTGCTCGTCCAAGCTATACTGTTTTTGTGCATGGTGCCACTGACGCTCTATGTCGTTAAAATTCATTTTAAACAATATTTGAAATGGCTCCTTTTACCATTTTCATTTCTACTTTTTAGTTTACTGTCGATTCTTATTTCGATTTCTAAAGATCCAAGTAGTTTTCTCGCTTCGATTTCGATTGGCAGTTTTTATCTCGGGATTTCCGATGTGACGATTACGACGGCAACTCAAGTTTTTTTTCGAAGTATCGCTTGTTTAGCAGCAACATACTTTTTCGTCTTAACTGTTCCCGTGGTACAATTAACGAAAGTAATGAAGCGGATTTTTATCCCAAAAGTACTTATTGAACTAACGATTTTAATTTACCGTTTTATCTTTATTTTTTTAGAAGAAGCGACGGCGATTCGAAAAGCACAGAGCCTTCGCTTCGGTTATCACGGCATAAAAAATAGTTACCGGTCATTTGGCATGCTCGTAAATACTTTATTTAATCGTGTCATGAAAAGATATAATGAAATGGTTGTAACACTTGATGTGAAGCTATATCAAGGAGAATTTCATATCTAGGAGGAAGCCAATTTGCTTAAAACAGAACATATTTCATTCCAATATGAAGATGGCAAACAAGCCTTAACGGATGTTTCAATTGATTTAGAAAAAGGCAATATTATCGGCCTAATTGGTGCGAATGGCTCCGGTAAATCGACACTTTTTATGCAGCTATTAGGCATTAACAAGCCAACTTCTGGTAAAGTTTATTTTGACGGAAAACCACTTTCTTACAATAAAAAAGCACTGTTTGCTTTGCGAAAAAAAGTGAGCATCGTTTTCCAAGATCCAGATCAACAAATCTTTTATTCGAATGTTCGTGACGATGTGGCTTTTGCGCTTAGAAATTTAGGTGTTAGCGAAAGTGAAGTGGAGGCGCGAGTGACGAAAGTGTTAGACATTGTTGGGGCAAAGGACTTTCAGCATAAACCAGTCCAGTATTTAAGCTACGGTCAAAAAAAACGTGTTGCAATTGCCGGTGCTCTTGTTCTTGATACAGATTGGTTACTTTTAGATGAACCAACTGCTGGTCTTGATCCGATTGGCAAAAAAATCATGATGGAAATCATCGAACGCCTTGCAAGCCAAGGAAAGAAAATACTTATTTCCAGTCATGATATCGATTTAATTTATGAAATTTGTGATTATGTCTATATGTTGAAGGACGGAAGCGTTTTGACAGACGGGGAAACGAGCAGCGTTTTCTTAGAGAAAAGCAATATCGAACAAGCGGGATTAGTCCAGCCTTGGCTAATCAAATTACACCAACAAGCTGGCTATCCACTGTTCAAAAAAGAAGCCGATTTTTTCGCGCATACGGGGAAGGTGACTAATTAATGGTAAAGCAAATAATGATTCAAGGTACCGCTTCTGATGCCGGGAAAAGCGTGCTAGTGGCCGGATTATGCCGTCTGTTCAAAAATAAAGGTAAGCGAGTTGTTCCATTTAAATCTCAAAATATGTCACTCAATTCTTTCATAACGGCGACAGGGGATGAAATGGGACGGGCACAAGTTTTTCAAGCAGAAGCGGCTGGTGTTTTTCCAGATGTCCGCATGAATCCAGTGCTCCTTAAACCGACCAATGATCGGCAATCGCAAGTGATTTTTATGGGTGCGATTTTAGATAATATGGACGCTGTGACGTACCATGATTTCAAACAAACACTTATTCCGAAAATCCAAGCAGTTTACCAGAGTTTAGTGGATGAAAATGATATTATTGTACTAGAAGGTGCCGGAAGCCCAGCCGAAATCAATTTGAACGACCGTGATATCGTGAATATGGGCATGGCAAAAATGGTCGATGCACCAGTTGTCCTAGTTGCTGATATTGATAAAGGTGGCGTATTTGCTTCGATTTATGGCACCATTATGCTGTTAAATGAAGAAGAGCGGGCTCGGATCAAAGGTGTTATTATCAATAAATTCCGCGGCGATGTAGCTCTTTTACAA
NZ_CP092056.1_gap31	1212082	1214321	2239	AAGGCAAACGTGCGTATAAATTAACTAGTGAGCCTGTTGCGTGGCTAGAAGACCGAATTGACGTCTATGCCGATGAACCACCAGAAATCGAAAAATTTATCCTGCCAGGTGGAACGCAAGCAGCCTCGTTACTGCACATGGCTAGAACCGTAACAAGAAGAGCTGAACGCGAAATCGTTGGTATGTTAAAAATTGCTTCAAGTAACGAAGAAGTGTTAAAATACGTCAACCGTTTATCCGATTACTTTTTTGCCGTTGCCAGAGTCGTCAATTACCGCGCTGGTGAAACAGACATTTTCTACAAAAATTCCGAACTCGTTTTCCGCAATAAAAAGAAATAATAAAAAACCTCTCCAGACATCAAAGCCGGAGAGGTTTTCCTTTTTTAAAAACGTTGGATTAAAAATACACCAACGAGCATTAACAATACACCTATCATTCGGTAACGATTAATTGGATGTGGGATAACCCCGAAAAAGCCAAAATGATCAATAATAAGTGCAATAATCATTTGCCCACAAAGCGCTAAAACAACCGTCATTGCTGAGCCGAGTAATGGTAAAAGTAAAATGTTAGAAGTTACGAAGAGCACTCCAAGCGCACCGCCAGTGAAAACCCACCAAGGAATTCGGCCGACACCTTTCAGTTGAAAAGTCAAACGACGCTCAACGATTAAACAAACCAGTGTAAGCAAAGTCGTCCCAACTAAAAAGGAAATAAATGATGCCACAAAAGGAGAACCGACAGTTAGCCGAAGTTGGCTATTAATCGACGTTTGAATCGGGGAAAGTAGTCCAGAAACAAGTCCCATTGCCATAAATAGTAATAATGATTTGGATGATCTTTTTGTCATGTTTTCTCCTCCTTTAAAAGCGTTGCATCAAGTAAATGCCGCCGAACATTAAAATAACGCCAAGTAGACGTTCGATATTAATCTCATGCATTGGTACTTGAAATAAGCCAAAATTATCAATAATAATCGCCATAATCATTTGTCCACAAACCGTAATCATCACAAGCAGTGCCGAGCCAAGTCGTGGTAACAGTAAAATATTAGCTGTTAGGAAAATAACGCCTAATGTTCCACCACCAACCCAAATATACCAAGGATTTGAGGCAATCATTTCTGAAGATATTGGCCATGATTTTTGTGTAAATAAGCAAACGATAAGTAAAACAGTTGTCCCTACCATAAAAGAAACCCACGAAGCTAAAAACGGTGATTTCGTATATGTACTAAGTCGTGTATTGATGGCCGTTTGAACTGGTAATACCATTCCAGCTAACAAACCTGATACAATAAATAATATAATCAAAAATTTCCCTCCCTTTTATCACAATGAGATAATTATAAAATAAAAGCGGGGTAAAAAGATAGTATTTAATTTAAAGTGAGGTTTTTTTTATGAAAATTCATATTATCGGATCCGTTGGAAGCGGCAAAACCACTTTAGCTAAAAAGCTTTCCGAGTGGCAACAAATCGATTATTTTGAAACAGATCGCATCGTCTGGAAACGAGAAGAAACAGAGGTAAGACGAACCGACATCGAAAAAATAGCAGTATTAAATAAGATTCTTCAACAAGAAAACTGGATTATTGAAGGCGTTCATTTGGAAGCATGGGTGGACGAGAGCATTAACCAAGCGGACGTGGTTATTTTTCTTGATTTACCTAAAAAACAAATCCGCTTCCAACTTATTAAGCGCCAAATTAAACAGTTACTACGATTAGAAGCAGCACATTACCAAGTCAAATTAAACATGTTAAATAAAATGTTTTATTGGGACGATTTATTTGACCAAAGAACAAAACCACTAATTGCTGAAAAAATGGTTCAAACTCCAACAAAATGGCTAGTCGTCACCGAAAAAACAGCATTGCAAGAAATACAAAAAAGGCTATTGCAAATTATATCGAGCCGTGATATATTATAAGCATCAAATACATCGAGGTGCGATATAGTTATGAATGAAAAATTACGGAAAGCCTATCTTCCAATGACCGAAACCGCTTTTTACATATTACTTTCGCTCGTCAAACCAAGGCACGGTTACGCGATTATCGAAAACGTCGCAAAGATGACAGATGATCGAATCAAGCTTGGACCCGGGACTATTTACGGAAGCTTATCTAAAATGAACAAAGATAATTTGATCCAAATTATTCAAGAAGAGAGTAATCGGAAAATCTATCAAATTACTGAAATTGGCACAGACATTTTGCAATTAGAAAAAGCG
NZ_CP092056.1_gap32	1215336	1216206	870	GGGTGTCATTGCATCTGTTGTTAGACAGCAATATTTAATTATGACTGCACCAGAACCGGATCCAGCATTTCATTCCAAAGAACAAAACTTTTTAAATGAACTTTCGCCACGTGCACAAGAAATTCAAGAAAAGCACGGTATTTTAACGAGTATTACGCTTGCTCAAGCAATTCTCGAATCAGACTGGGGCCAAAGCGGTTTAGCGCAAAAAGGTAACAATCTATTTGGTGTCAAAGGAAAATCGCCACAACCAATGGTGACGATGACAACGAAAGAATTTGTTGATGGTAAATGGATTGAAATTAATGCTAATTTCCGGAAATATAAAGACTGGAATGAGTCACTCGATTCGCATGCTGAACTTTTTTTGAACGGCACTTCTTGGAATAAAGATAAATATAATGGAGTAATTGCTGCAGATGATTATAAAAAAGCCGCGCAAGAATTACAATCAGCTGGCTATGCAACTGACCCAGATTATGCGGAGAAATTAATCAATATTATCGAAAAATATGATTTAGCATTATACGACCGAATTGAAGATAAAATCTATTATGATACAAAATCAACTGGCTTTGGCAATGTGAAAAAAGACGTATCTGGCGCAATTTGGACGAAACCATATGGACTTTCCGGCGCGCTAAAAGTAGAAGAAATTAACTACTATAAACGAGAAGATTTGAAACTTTTACGTGAAGCAAAGACAGATAGCGGCACTTGGTATCAAATTGCAGTAGATACTGAGCCGATTGGTTGGGTGAAACAAGAATTAATCGATAAAAAGTAGAAAATAACCGAAAAAGAGCAAAATGGCTTGTCTTATTTATAGGCATAAAGTCCTTTTTAAGCTCTTTTTCTTTTTTATTTTCA
NZ_CP092056.1_gap33	1221364	1225111	3747	AAATTCGTCTTCGTCCATCCTTCTTCCCATTCACAGAACCATCCGTTGAAATGGATATCTCTTGCTTTAAATGTGGTGGTAAAGGTTGTCGCGTTTGTAAAGGAACCGGTTGGATTGAAATTTTAGGAAGCGGGATGGTACATCCAAACGTCCTTGAAATGTCTGGAATTGATTCTACTCGATACAGCGGTTTTGCTTTCGGCTTAGGACCTGAACGTGTTGCAATGTTGAAATATGCGGTGGATGATATTCGCCACCTTTATACAAATGATTTACGCTTTACGAAGCAATTCCAAAGTACAGAAACGGGGGAAATCTAATGTTAGTTTCATATAATTGGGTCAAAGAATTTTTCCAAGACTTCCCGTTAACGGCGGAAGAGCTAGGGGAAGCAATTACAAGAACCGGGATTGAAATCGAAGGCGTAGAAGAATTAAGCGCTAGTTTGAAAAATGTCGTAGTCGGTGAAGTTTTATCATGCGAACGCCACCCCGATGCAGAAAAATTGAATAAATGTCTCGTTCAAACAGACGAAGCAGAACCAGTTCAAATCATTTGTGGAGCTCCAAACGTTGCAGCTGGTCAAAAAGTAATCGTAGCCAAAGTTGGCGCAAGACTTCCAGGTGGACTTAAAATCAAACGCGCAAAACTACGCGGTGAAGTGTCAGAGGGAATGATTTGCTCCCTCGCAGAACTTGGCTTTGAAAGCAAAGTTGTGCCAAAAGCATACGCAGAAGGCATTTATGTATTACCTGCGCACGTGGAAACGGGTGTAAATGCAATCACGTTACTTGGGCTAGATGATGCGATTTTGGATATGGCAATCACACCAAACCGCGCAGACGCATTGAGCATGAACGGTGTAGCTCACGAGGTTGGTGCGATTATTCATCAAAAACCAGCACAACCTACCGAGCCTGACGTATCTGAAAAAGGAAAAGCAGAAGATTTCATTTCTGTAGAAGTAGAAAATCCAGCCGAAACACCTTACTATGCTATTAAAATGGTAGAAAATATCGAAATCAAAGAATCACCACTATGGCTTCAAACGAAACTAATGAAAGCCGGGATTCGTCCACATAATAACGTTGTCGATGTCACAAACTACATCAATTTATTATACGGACAACCGTTGCATTCTTTTGACTACGATAAAATTGGCAGCAAGAAAATTGTTGTACGTTCTGCAAAAGAGCAAGAAGAAATTACTACGCTTGATGGCGAGAAAAGAACTTTACAAGCTGGGCATACAGTTATCACTAACGGAGTAGAACCAATTGCTATCGCCGGCGTTATGGGGGGAGAATTTTCCGAAGTTACCGCAAATACGACAACCGTTGCGCTAGAAGGTGCTATTTTCAGCAGCTCTTCCATCGGTAAAGCATCTCGCGAATTATACCTACGTACAGAAGCGAGCATTCGTTACGACAAAGGATCGGATGCCTGGAAAGTAGAAAAAGCACTTGCGCACGGCGGAGCACTAATCGCTGAACTGAGCGGCGGTACACTAGTCGGCGGTGTCGTAGAAGTAGATAACCGTGAAAAAGCAGTGAATAAAATCGAAACGAGCCTAACACGCATTAACCGCATTTTAGGAACCGCAATTACGCTTACGGAAATTGAAACTATTTTTGATCGTTTAGGATTTGTATTAGAAGTAAAAAATGATGCTCTAATCATTGAAGTACCAACAAGACGTTGGGATATTACGATTGAAGCGGATATTTTAGAAGAAGTAGCTCGGATTTACGGTTACGATGAAATTCCGGTAACACTTCCGGCGACAAGCACAACAGGAGGCTTATCAGACAGCCAAAAAGCTCGTCGTGTCATGCGCGCTTATTTAGAAGGAGCAGGGCTTAACCAAGCATTAACTTACTCTTTAACATCTAAAAAAGATGCAACTCGTCTAGCACTTTCTGATGAAAAAACAGTTGCATTATCGATGCCAATGAGCGAAGAACATAGCCATTTAAGAACAAGTATCGTTCCACAATTAATTCGTAGCGCAAGTTATAACATCGCTCGTAAAAATATGGACGTGGCACTTTATGAAATGGGTACCGTATTCTACGCAACAGAAGGCGACAATTTACCAATTGAACAAGAGCATTTGGCAGGTCTAATTACTGGAAACTGGCACATTGCAGATTGGCAAAAAACACCGAAACCAGTAGACTTCTTCGTTTTAAAAGGAATTGTCGAAGGCTTAGTGAACAAATTAGGTATCAAATCCGAACTTCACTGGAAACAAACTGAAAAAGAAGAACTGCATCCGGGAAGAACCGCGAGCCTTGTTTTAGAAGGGCAAGAAATCGGCTATCTTGGGGCGCTTCATCCAGCAGTAGAAGCGAACTATGATTTAAAAGAAACGTATGTATTCGAAATCAATGTGGCGGCTTTACTAGATGCAACCAAAGAAAAAGTTGTGTATCATCCAATTCCACGTTACCCAGAAATGACACGCGACTTAGCATTACTTGTGGATAAAGATACTAACCACGCAGCAATTTCGCAAGTAATCAAAGAGCACGGCGGGAAATTACTTGTCGATATCGAGCTATTTGATATTTTCGAAGGGGAGAGCCTTGGCGAAAATAAAAAATCACTCGCATACACATTGACTTTCCTAGACAGCGAAAGAACACTAGTCGAAGAAGATGTACAAAAAGCAACCAACAAAGTAGTAGAAGCATTACAGGAAAAACTAAATGCAATTATTCGCTAAATAAAGAAGAACTAAGCTACCTGGAAAACATTTTCAGCTAGTTTAGTTCTTTTTTTGTTTTTTATAAAATAGTGGAAATCTTTCCTTTTTTAGTACTTCACTTACTTAAATAACACATGTTATAATGATGGCACATGCCAGAGAAAAAAGGACGAGAAAAATGACCTATGTAGAAATGAAAGATGTATCTAAATACTATCAAATGGGCGAGAACGTTGTCACTGCTAATGATAAAATCACTTTCGGGATAAAAAAGGGTGAATTTGTTGTTATAGTTGGGCCTTCTGGGGCCGGAAAATCCACAGTATTAAACATACTTGGTGGAATGGATAGTGCAAGTGAAGGCAAAATTATGGTAGATGGGCAGGATATTGCTCAATATAATGCAAAACAATTAACCAAATATCGGCGAACCGATGTCGGTTTTGTATTCCAATTTTACAATTTGGTACCTAATTTGACTGCTAAAGAGAACGTAGAATTAGCTGCACAAATTGCGCCAAATGCATTAGACGCAGAAACTGTTTTAACTCAAGTTGGATTAAGTCACAGATTAGACAATTTTCCAGCGCAATTATCTGGTGGGGAACAGCAACGTGTCGCTATAGCACGTGCACTTGCTAAAGCTCCTAAACTGTTACTGTGTGATGAGCCAACCGGTGCACTTGATTATGATACCGGCAAATCAGTCTTAAAATTATTACAAGAAACTTGCCGTAACACGGGGACAACCGTTATTGTTATTACCCATAACACGGCGATTACGCCAATTGCTGATCGAATTATTGAAATTAATAATGCAAAAGTTCGTAGCATCAAAGAAAATTCAGAACCAATGTCCATTGATGATTTAGAATGGTAGGAAGGAGCAACCAGTGAAACGTTCAGCTTTATGGAAAGATATCTACCGCGAAATATGGCGTTCTAAGAGCCGCTTTATTTCCATTTTTATGCTGATTATGTTGGGCGTTGCTTTTTTCTCCGGATTAAAAGCAACTGGACCCGATATGCTTCTAACA
NZ_CP092056.1_gap34	1242072	1246313	4241	CTGGAGCAAATCACCTATGATGAAATGCTAGAATTAGCTAATCTCGGTGCCGGCGTTTTACATCCACGCTCCGTTGAATATGCCAAAAATTTCCGAATTCCGCTTGAAGTCAGAGCGAGTCACGAACAAGTACCAGGAACAATGATCGAGGAGGATTTAACAATGGAAAATACGAAAGTAGTCCGTGGAATTGCTTTTGAAGACCAAATCACCCGTGTAACTATCCACTGGAAACAAAAAGAAGCAATGCGAGTTTCTAAAGTCTTTACAAAATTAGCAGAAAATAATATTGATGTAGATATTATTATCCAAGGAATTACTGGACTAGGTCACGGTAATCTATCCTTCACTATCAAAACAAGTGCACTGTTAGCCACACTAGCAGTTTTAGAAGAAAGCAAAGAATTACTTCAAATTGAAAAGCTAGAGTCCGAGCAAGAATTAGCGAAAGTATCTATAGTTGGCTCTGGAATGGTAAGTAATCCAGGTGTAGCTGCACAAATGTTTGAAGCTTTAACAGAAAATAATATTCCAATAAAAATGATTAGCACATCCGAAATCAAAGTTTCTACTGTCGTACCAGCTCGTAAAATGGTCGAAGCAGCCCAAGTTTTACACGACCAATTTGAACTCGATAAATAAAAATAAGCTTGCAGCATCAAAGTAAATTTCTCTTTGTTACTGCAAGCTTATTGTTTTAGTAGCGTTCTTCGTTATCAATCGTTTCTTTACGATCCCATTTAACGATAATGGTTACTTGTTTTTTACGTTTATCAATTTCATCATAGCTTTCTGTATACAGCTTTTTCTGTGATTGCAATTGTTCTGCGATAAAGCCAGCTTCAAGTTTAAATGTAGGTTCTTCTTGTGTACGGAAACGAGCAGCTACTGTTTCACCTTCTAAAAGTAAACGCATTTCATCTTTCTTTTCTTTCAAAATGCTAAAATTACCCCAAGAGGCTTCTTCAAAAAATTCTGCTACTTCTTCTAGAGAATCGAGTGGGAATTTGCGTGCCAAGTCTTTCCCCGCCCAGTACATAATGTGAGGTGCCTCATCTCCAAGTAATTCAGGAATTAAATAATCTCGTAGTAAATCTAAACCAAAGCTTGGAACGAGAGCTTTTTCCTCGTGTTTATTCTGTTCATTTTCTGTCATTTCGGATACCCCACTTTCATACACCATTATAACCAAAATTACCCTAAAATGGAAAGCACAATAAATAAATTTCCACAAAAAACCTTTTTTCTCAAAAAAGACTTGCGAAAAAGCCGAAAAAATAAGAAAATGGAAGGTATAGATAAAAAAATTGGAAATTAATAAAGAAATTGAGGCGAGACTGTGAAACAAGCTATTGGCTTTATTGATTCGGGAGTAGGCGGTTTGACAGTAGTGCGAGAAGTGCTAAAACAGCTACCCCATGAACAAGTATATTATTTAGGTGATACCGCACGCTGCCCTTATGGACCACGCGACAAAGAAGAAGTAGCTAAGTTTACTTGGGAAATGACTAATTTTCTAGTAGACCGTGGTATCAAAATGCTCGTAATTGCATGTAATACAGCTACAGCAGCAGCTTTATATGATATTCGTGAAAAATTGGATATTCCTGTGATTGGTGTAATCCAACCAGGTTCAAGAGCCGCTCTCAAAGCAACAAGAAACAACAAAATTGGCGTATTAGGAACACTTGGTACAGTCGAAAGCATGGCTTACCCAACAGCGCTCAAAGGACTGAACCGCAGAGTTGAGGTTGATTCACTCGCATGTCCAAAATTTGTATCTGTCGTAGAATCGGGCGAATACAAAAGCGCCATTGCCAAAAAAGTAGTAGCCGAATCACTCTTACCACTGAAAAGTACCAAGATTGATACGGTGATTTTGGGCTGTACACATTACCCACTTTTAAAACCAATTATCGAGAACTTTATGGGAGACGGCGTTGCTGTTATTAACTCCGGAGAAGAAACTGCTAGTGAAGTTAGCGCGTTACTGGATTACCATAATTTATTAGATGCTACAGACGAAGAAATTGAGCACCGTTTTTTCACTACGGGCTCGACACAAATTTTTAAAGATATTGCAAAAGACTGGTTAAATATGCCAGATATGACTGTAGAACATATTAAATTAGGAAAATAAGAGGTGCCAATCATGAGAGTTGATGGAAGAGAAAGCAATGCATTAAGAAATATCGAAATAACACCAGATTATTTAATGCATCCAGAAGGTTCTGTTCTAATTGCATCAGGAAATACAAAAGTTATCTGTTCTGCAAGTGTAGAAACAAAAGTTCCACCATTTATGCGAGGTGAAGGCCGTGGCTGGATTTCTGCTGAATACTCGATGTTACCACGAGCAACAAATACACGTAATATCCGCGAATCTTCCAAAGGTAAAGTAACCGGTAGAACGATGGAAATTCAACGTTTAATCGGACGTGCGCTCCGTGCTGTTGTTGATTTAGATGCCCTTGGCGAGAGGACTATCTGGCTTGATTGCGACGTTATCCAAGCAGATGGAGGCACACGTACAGCTTCTATCACGGGCGCATTCATCGCGATGGTCATGGCAATCGCCAAACTAGACGAAGCTGTACCATTTGCTAAATTTCCTGTCAAAGATTTCCTAGCAGCAACTAGCGTAGGTGTTTTAGATGAGGGTGGAACAGTACTTGACCTTAACTACGTAGAAGACAGCGCAGCGCAAGTAGATATGAATATTATCATGACTGGTAGCGGCGCCTTTGTAGAACTCCAAGGAACAGGTGAAGAAGCTACTTTTTCAGAAACCGAACTTGCTGAACTAATTGCCTTAGGTAAAAAAGGAATTAGCGAATTAATCGAAATCCAAAAAGAAACACTCGGAGACAAAGTCACAGCGCGGATTAAAGGAGAATAAGAAATGAGTAAAATTATTATCGCCACCGCAAACAAAGGAAAAGCAAAAGAATTCGAAAAAATCTTTGCGAAATTTAATATCGAAGTAGCAACCCTTGCTGATTTTCCAGAAATTGGTGAAATAGAAGAAACTGGAACAACCTTTGCCGAAAATGCCGCTCTTAAAGCAGAAACGGTCGCTAGCGTGTTAAATCAAACCGTCATTGCTGATGATTCTGGTTTAATCGTAGACGCGCTTGACGGAGCTCCTGGCGTCTATTCCGCACGTTATGCAGGTGTCGCGCATGATGATGCCAAAAATAACGAAAAACTACTTAAAAACTTAGAAGGCGTTGAACCGGACAAAAGAACGGCTCGTTTCCACTGTACACTTGCTGTAGCAACACCTTCTGAGAAAACATCTTTTTATACAGGTGAAGTAGAGGGCGTTATTGCCGAACAACTTTGCGGCACAAATGGCTTTGGCTATGATCCACTATTTTTCTTACCAGAATTCGGTCTTACAATGGCAGAAATTCCAGCAGAGAAAAAGAACGAAATCAGCCACCGAGCTAATGCCATTAAACAACTAGAAAAAGATTTAGTAGAAGTAGTAGAAAAAGTAACCAAAAAGTGAGAAAATAAGTAACAGTATCACGGGGGAGGAAACAAAATGAAATTATTAGTAGTTAGCGACAGCCACTCAGAACGTGACTGCTTAATCCATCTTAAAGAAAAATACGAAAATACAGTCGATGCGATGATTCATTGTGGGGATTCTGAATTAGAAGCTGACGATCCTGCGATTCAGGGATTTCATACTGTTCGAGGCAACTGTGACTTTGGCGGTGGCTTTCCAAATGATTGGGTGGGAGAAGTAGACGGCTACCGTATTTTCACCACGCACGGACATCTCTATAACATCAAAATGACACTCATGAATTTACGATATCGCGCACGTGAATTAAATGCAGATTTCGCATTCTTTGGTCATTCTCATGAACTAGGAGTAGATATGCTAGACGACACAATCATTTTAAACCCAGGAAGCATTTCTTTACCAAGAGGTCGCATTCGTGTGAAAACATACGCTCTTATCGATTCAACACCAGAAGGCATCCAAGTTCGATTCATGGATAGGGACGACAACGAACTAACAGACCTAACCCAAACCTTCCCATTAAAGAAGCATAACTAGGTCAAAAGACACCCGAAAAAGAAAAAATGCAATAACTTAAAGAAAACCATTGACAAACAAGCGATTTAAACATAAAATGGTATTTGGCTGTTGAAAAGACAGTGCCATTTGTCCTGATAGCTCAGCTGGATAGAGCAACGGCCTTCTAAGCCGTCGGTCGGGGGTT
NZ_CP092056.1_gap35	1301324	1305742	4418	AAGTATAAAACAGTTCAAACAAAACATTTACCAATTTCTGGTGGTGACATTGGTGGTTCAGAACAATTAGAAGCTTTCCTATCTAAAAAAGCGAAAGAAGGTAATAATCGTTTCGGCTGGACTTTAGAAGAAGGCCGTGAGATGGCTAAACGTTTTGGTAGTAATATCGATCAATTATTTACTTATGCACAGGAACATAAAGAACAAAACGAAACCACTTTACCAAACAGTTTGTACGCTGAACTACGCTACTCAATTCAACATGAAGCAGTGACAACACCAATCGATTTCTTATTACGTCGCACTGGCTACTTGCTTTTCGATATGCCGTACTTACTTGAATGGAAAGACGCTGTTGTGGATGAAATGGCTAAACAATTCCACTGGAGCGACGATGTAAAACAAACCTATATTGAGGAATTAAATATTCAAATTAATGATGCTAGAGAACCGGCTGATTGGCACGATAGATAATTAAAATTCAAAAAGAGCGCAAATCTTTCAGGATTTGCGCTTTTTTTCTGGAAAAAAGCATTTTCGCTATTTTCAAGAAACCTTTTTCATGGTACATTGATTACAGGTGAAAAGGAGGTTTTTTTTTGAGCAAGATTCCTGTCATCGTCATCGTGGGCCCAACCGCTGTCGGAAAGACAAGTTTAAGCATTGAACTAGCGAAAAAATTGGACGGAGAAATCATCAGTGGTGACTCTATGCAAGTTTATCGTGGATTAGATATCGGTACAGCAAAAATCACACCAGAAGAAATGGATGGAATCAAACATTATCTTATTGATGTGACCGATCCTTCCGAACCATTCACTGCAGCGAAATTCCAAACAGAAACAAGAAAATGGATAGAAACAATACATCAAGCTGGTAAACTACCAATTATTGTTGGCGGAACAGGACTTTATATTCAATCTGTTTTCTATGATTATGATTTTGGTAACGTAAGCGAAGATAAGGCTTACCGAGCGGAGTTAGAGCAACTAAACAAAACTTTATTGTGGCAAATGCTCGAACAACAAGATCCAGAAAGTGCAGCCCAGATACATGAAAACAATAAGCGCCGAGTGATTAGAGCATTAGAAGTGATGCATCTAACAGGAAAGCCTTTCTCGGAGTATCAAGTGCATAATGTACTTAATGATACATATAAACCACTTTTTCTAGGACTTGATTTGGACAGAGCGTTACTTTACGAAAGAATAAATCAACGAGTGAATTTAATGTTTGAAGAAGGTTTAGTGACAGAAGCGAAAAAATTGTATGACCAACATTTAGTCGATGTTCCAGCTGTTTGTGGCATTGGCTACAAAGAATTATTTCCTTATTTTGAAGGAAAAAGCTCGCTAGAAGAAGCAAAAGAATTAATTCAAAAAAATTCGCGGCATTTCGCGAAAAGACAGTTAACGTGGTTTAGGAATAGGATGGAGATTGATTGGATTCAAGCGGGTGTTAGTACTACCAAAGCCGAAGCGTTGAATAAAGCCGAGACCTTTTTATCAGTTAAATAACGCTTTTCTGTTTGGTAAGAAGAAATAAAGGGTATTTGAAATTAGCCAACCAATTGCACAATGGAACTTCATTGGGGTTTGGGAAATTTTTTAGTATAAGATAGAGATTGGAGAGGGAAATTATGAAACAAGGTGGACAAGGGTTACAGGACTATTACTTAAATCAATTGCGTAAGGAAAAAATTCTTGCAACTGTATTTTTAACAAACGGTTTTCAGTTAAGAGGACGCGTTGTAAGTTTTGACAATTTTACCGTACTACTAGATGTCGAAGGAAAACAACAGCTTGTATTTAAACACGCAATTTCAACTTTCTCCCCGCAGAAGAATGTCGCTTTAAATCCTGATGCGGAATAAGCACGTTACTTAAAAGACAAGGAACTCGCTTTTTTTGCGATGTTTCATGTCTTTTTTTTATGCTCAAAATATGCTACGATTAGTCTTGTCTGAAAAAGGGAGAAATGCTTGTGGAACGAGAAAAAATAATACTTGTAGGCGTCTTTTTGCCAAATAAAACCGAAGAAGCTTTCTGGAATTCCATGAAAGAACTACACAGCCTTGCTAAAACGGCGAATGCTGAAGTGATGGATGAATTAATTCAAAAATTAGAGAGAGTAAACCAAGCGTCATTCATTGGTTCTGGTAAGCTGAATGAACTCGCTGCGCTAGTGGAAATGCATGAGGCGGATGTAGTTATATTTAATAGTGAGCTTAGTGCTACGCAAGTGCGCAATATTTCGGCTGCTGTTGAGGCGCGAATTATTGATCGAACACAATTAATCTTAGACATCTTTGCTATGCGTGCAAAATCAAGAGAAGGAAAATTGCAAGTCGCATATGCGCAATATAAATATCTTTTACCAAGGCTTAGTGGACAAGGTATTTCTTTGTCAAAATTAGGTGGAGGTATCGGTTCGAGAGGCCCTGGGGAATCCAAATTAGAAATGGATAAACGTCATATCCGCGAAAAAATGCATGATATCAAAGCACAATTAACGCATGTTGAACAGCACCGTAAACGAATCATTGAACGAAGGAATACGCAATCTGTTTTTCGTTTTGGTTTAATTGGTTATACAAACGCAGGAAAATCAACTATTTTCAACCGATTAACAAATGAAACAACTTTACAAGAAAATAAATTATTTGCAACATTAGATCCGACAACTCGGAAAGTTCGCTTTTCCGGCGGATTTCAAGCGCTTTTGACGGATACAGTTGGATTTATTCAAGATTTGCCAACGACATTAATTGCGGCATTTCGGTCTACTTTGGAGGAAACGGCTAATGTAGATGTGTTAATTCATGTAGTTGATGCGTCCAATCCAGACTATTTACAACATGAAACGACAGTAATTTCCTTATTAGAGGAACTTGAAATGAATCATCTGCCAACTTTAGTCATTTACAATAAAATGGATCATGCACCAGCCACGTTTGTACCTGATCAACCAGAAAGTCTGCTTATTTCAGCCTTAGATCAAGAGGCTCCAGATACAATTAAACAGCGAATGATACAATTAATTGAAAAAAATTGGGCTTTCTTTACGATAGAACTTTCAGAAGAGAAAGGAAAAGAATTAGCACAAATAAAGCAACAAGCTTGGGTAACGAAACTAGAATATATTGAAAGTAAACAGAGTTACCACATAGAGGGATACAAACCGAGAAAGGAGCTAAATAATGAATAATATTCAAGCGATGCGAAAAAAAGTGGAAGTACAAATTGCTGATTTGCAAAATGAAACAGATGAAATTGCTGAATTTAATCAAGCGAAAGTTTTAGATGCGTTTCAAGAGAATAAAGTAAGTGATTTTCATTTTCATCCTTCCACGGGGTACGGTTATGATGATGAAGGTAGAGATACATTAGAACATGTGTATGCCACTGTGTTTAAGACAGAGGCCGCCCTTGTACGTCCGCAAATAATTTCAGGCACACATGCAATTTCAACCGTACTATTTGGAATCCTTCGCCCGGATGATGAATTACTTTATATTACTGGTCAACCTTATGATACGTTAGAAGAAATTGTAGGAATGCGAAATCAAGGACAAGGCTCTTTAAAAGATTTTCATATTGGCTATAGTTCTGTGCCGCTTCTTGAAAATGGCGATGTAGATTTTCCTCTTATTGCTGAAAAAATGACACGAAAGACAAAGATGATTGGTATTCAACGTTCGCGAGGTTATGCGGATAGACCTTCTTTTACGATAGATAAGATTAAAGAAATGATCATATTTGTAAAAAATATCAATCCAGAAGTAATTGTATTTGTGGATAATTGTTATGGAGAGTTCGCTGAATATCTAGAACCTACCGAAGTTGGCGCAGATATTATAGCGGGTTCATTAATCAAAAACCCAGGTGGTGGCTTAGCAAAAACGGGCGGTTATATTGCTGGAAAAGAAGCGTTAATAGATTTATGTGGTTATCGTTTAACTACGCCAGGAATAGGTAGAGAAGCAGGAGCATCACTCTACAGTTTATTAGAAATGTATCAAGGTTTCTTTTTAGCTCCTCATGTAACGGCCCAAGCAATCAAAGGAGCGCGTTTCACGGCGGCGATGTTAGCGGAGTTTGGTGTCGTGGCTGACCCAACTTGGGATGCGCCAAGAACAGATTTAATCCAGAGCATTTCTTTTCATAATAAAGAGAAGATGGTTGCATTTGCCCAAGCTATTCAAGCAGCTTCTCCTGTGAATGCTCATGTATTGCCAATCGGAGCCTATATGCCAGGCTACGAAGATGACGTGATAATGGCAGCTGGGACATTTATACAAGGTGCGAGTTTGGAGCTAACAGCGGATGGTCCGATTAGAGAACCTTATCAGCTCTATGTTCAAGGTGGTTTAACATACGAACATGTCAAAATCGCAGTTACTCGAGCAATTCAAAAAA
NZ_CP092056.1_gap36	1352577	1353286	709	AATATGGTGCGAAAACCATTGATTTTGGTGGGTGGGATTTACCGGTACAATTTGCTGGTATAAAAGCAGAACATGAGGCCGTGCGAACTGATGCAGGGTTATTTGACGTGTCTCACATGGGAGAAATTCTAGTAAAAGGACCTGATAGTACTTCTTATTTACAGTATTTGTTATCAAACGACATAGAAAAAATAAAAATCGGAAAAGCGCAATATAATATTATGTGCTATGAAACTGGCGGAACAGTGGACGATCTAGTAGTTTATAAGAAATCAGAAACGGAATACATACTTGTTGTCAATGCAGCAAACACGGACAAAGATTTTGAATGGATGGTTAAAAATATTCGCGGGGATGTTTCTGTTACCAATGTATCTTCGGAATATGGACAATTAGCACTTCAAGGGCCAAACGCCGAAAAAATTCTCTCGAAACTAACGGATTTAGATTTAAGCTCGATTAGCTTCTTTGGATTTGTGGAGGATGCGGATGTAGCTGGAGTGAAAACAATCATTTCAAGAAGTGGATATACTGGAGAAGATGGATTTGAAATTTATATGCCAAGCGCAGATGCAGGAAAAGTATTTGAGGCGATTTTGGCTGAAGGTGTCGCTCCAATTGGTTTAGGCGCACGGGATACATTGCGTTTAGAGGCAGTACTTGCGCTTTATGGACAAGAATTAAGCAAAGACATTACTCCACTTGAAGC
NZ_CP092056.1_gap37	1472335	1473426	1091	AGATGTATTCAACACCTTTAATGTCACGGAAAGTAAGATCGGCGGGGTCAACTTTTTGACTTTTTGCAAAACCTAGTGCAGCTTTTGACCAATTGCCTTCTTCATCCAAAGCAATTTTTTTCGCTGGACCTTTTGCTTCTTCTACACGGTTTGCTTGTTCTTCTGCCATTGCTTCCACAAGTACAGTTAAGCGTCTTGGTGTCGAATAGGTTTTAATTTCGCCAAACTCAATTTTATTTTCAGTTAACCAGTCCGTTACACGTTTTTCTAATTGTAAAACAGAACTAGACACATATTGTGCAGGCATTTCTTCTAAACCAATTTCTAATAAAAAGTCTTTACTCATGACGTTTTCCTCCCTCTTCTTTGAGTAATGGGAAGCCCAATTTTTCTCGTGACTCATAAAATGTTTTCGCGATACGTCTTGCTAAGTTTCTGATTCGGCCAATATACTGCGCACGTTCGGTAACGGAAACAACCCCGCGAGCATCTAAAAGGTTAAAAGTATGCGAACATTTTAATACGTAATCATATGCTGGGAAAACAAGACCGTCTTGCATTTGGCGAGTGGCTTCTCTTTCATATGTGTCGAAAAGCGTTAACAACATATCTGTGTTCGAAGTTTCAAATGCATATGTCGAGTTTTCGAATTCTGCTTGGAAGAAAATATCGCGGTAACTAATGCCTTCTGTCCATTCTAAATCAAATACATTCTCTTTATCTTGAATATAACTTGCTAAACGTTCTACACCATACGTGATTTCGGAAGTAACAGGGAAACATTCTAAACCACCTACTTGTTGGAAATAGGTGAATTGAGTAATTTCCATTCCATCTAACCATACTTCCCAACCAAGACCCGCACAGCCAAGGGATGGATTCTCCCAGTTATCCTCTACAAAACGGATATCATGTTCTAACGGATTAATACCTAATTTTTCTAAAGAACCTAGGTAAAGCTCTTGAATATTGTCAGGAGAAGGCTTCATCACTACTTGAAATTGGTGATGTTGGAATAATCTGTTTGGATTTTCTCCGTAACGACCATCAGCAGGACGACGCGACGGCTCTACGTAACCCGCTTTCCACGG
NZ_CP092056.1_gap38	1521737	1524759	3022	AAAATGGTAGACAACATCGTGCCCTTCATGAAAAGTTCTTCTGTTGTATCATCAAATAAGGCGAGTGATTCTTGTTCAGCCATTCTAAGCCGCCTCCTTTCTAATTAGATTTACTCTGCTTCGTTTTCTAAATCTTGAATCGCATTTAAGGCATTTTCAGCCAATTCATGTGATGCGCCTGTAGCAATTGCTCGTTCAAAATAGTTTTTAGCAAGAACGATATCTCCTTGCCATGCCAGATAAGCTGCACCAATATTGTAAAGTGCATCTGGATCTTCAGGCTTAACAAGTAAAACGCGTTCTAACATATTAATCGCATCTTCATAAAAACCACTGCGAGCAAGCACAATCCCATATTGAAATAACGCTTCGCCGTCTTCTGGATTTAATTCGACACTTCTAAGTAAATATGGCATCGCAAGTGTTAGCTCCTCCATTTGAACAAAACTCATTCCTAACATGAAAAACAAATCACCATTTTCCATTCCTTGTTTTGTGGCATTTTGGAAGCTATCTGCGGCTTCTTGATAACGCTCTAATTCATAATATAAATTTCCTAAGCTATAGTAAGCAGCTGGAACTGTGTCGTCTAGCTCAAGAGCTCTTTTGAAAAATAATTCCGCACGTTCAAAATCATCCATTGAAAGTAAAACATTCCCAAAATTAATATAACCAACTGGATCGCTTGGATGTTCTTCAATTACTTCTGTAAATAATTTGACCGCTTCTTCTAGATTACCTTCTTGCATTTGTTTAATACCTAATTGGTTTTTATCCATGTTATCCCTCTTATCTTTCCTGATTTTTTACAGACGTATTAAGCCACGTAACGAGCGCGTTCGCTACTTGATCTGTTTGTTCTGGCCCACTAATCGCTGCTTTTCCGTCCCCATGTTGTTCTCCATATGAACCGAATTGTGCATGATTTCCACCTTTAATAGAAACAAAAGTAGTATCTTTAGGCAAGTATTTTTTATTTTTATTATAAGAATCTTGGTTTAAGACATCATCATTTGTCGCTGTGATAGAAAGTGCTGGAAAAGAAGCATTTTTTAAGGAACCTTTTTTATCTGGGTAACTAGCTAAGAAAAACGCGCCTTCTATTTCGTTTTCGTTATCATGTGCAAATCTAGAAGACATCACGCCACCAAGCGAGTGTCCACCAATGACAAATTTTTCATCTGGAGCTTCATCAATAATATCAGCAGCTCGATTTTTACCAAATACAGCTAAATTAAGGGGCATTTCAACGATGTACGTTTTGTAACCGCTCGAAGCAAGTTTGTTTGCAAGAGGTGCATAACTTAAAGCATCAACAAAAGCACCTGGATATAAAATAACACTCATATCTGCATCCGATTTACGTGGAGTAAAAACAAGGATGTCATTTTCTTCAAGCACATCCACAGCTTTAGTTGAATTTGCAGCATTTTCTGCGGTTGTAGACGGTTCTGAGTTGAAATAAAAATATCCCCAAATAAGAAGACAAAATAAAACAATCGCACTCCCAAAAATCGCTATTTTTTTCATAAAGGACCTCTTTTCACTGTTTCGTATAATATTTTACCATAAAATCTGTTTAAAAAAACGCATTTAAACAGGAAAAAACCGGAGTCTCGTAGAAAACAAGATTCTCCGGTTCTAATTTCAGCCTACATAATCTAACTTTTGACCGTTTTTCCAAACCGTATCGATTGTTCCACCGCCAAGGCAAACGTCGCCATCGTAAAATACAACAGCTTGGCCTGGAGTGATTGCACGAACTGGATCAGCAAAAACAACTTCTGCTGTACCATCTTCACGCAAGTGCACGGTTACTTTAGTGTCCGTTTGACGATAGCGGAATTTAGCAGTACATTCGATTGTTTTTGGTTTTTCTGCATTAGTTGTAAAAGAAATGTCCGTTGCAATTAGAGAATCTGAATATAAAGTTTCATGATGGAAACCTTGTTCCACAAACAATACATTTTCTTTTAAATCTTTACCAACAACAAACCAAGGTTCACCGTCTCCACCAATGCCTAGGCCATGACGTTGACCGATTGTATAATACATTAATCCGTCATGTTTCCCTAACACTTCGCCGTCCAGTGTTCTCATTTCGCCAGGTTGCGCCGGAAGATATTCACTTAAAAATTGCTTAAAGTTTCTTTCGCCAATAAAACAAATGCCAGTGCTGTCTTTTTTGTCTGCAGTAGCAAGTCCAGCTTTTTTCGCGATTTCACGCACTTCTGTTTTTTCCATAGCCCCAAGTGGGAACATGACTTTTTTCAGTTGATCTTGTGAAAGCTGGTTTAAGAAATACGTTTGGTCTTTATTATTATCAACGCCACGAAGCAATTCGATTTCGTCGCCTACTTTTTTCACTTGTGCGTAGTGACCCGTTGCCACATAATCCGCGCCCAGGCTTTCCGCATGTTCTAAAAATGCCTTGAATTTAATTTCTTTATTACACATAACATCTGGGTTTGGTGTGCGACCAAGTTTGTATTCATCTAAGAAATACGTAAACACTTTATCCCAATATTCTTTTTCGAAATTAACCGCATAATAAGGGATACCGATTTGGTTGGCTACGCGAATAACATCATCGTAATCTTCTGTTGCCGTACAAACGCCAAATTCGTCCGTATCATCCCAATTTTTCATAAAGATGCCAATAACATCATAACCTTGTTCTTTTAATATATGAGCAGTGACTGATGAATCTACTCCGCCTGACATGCCGACAACTACACGAATGTCACTATTATTTGTACTCAAAGTTCGCTCCTCGCCTTCTTAAATTTTCATTAAACGCGTTACTACTTCACTAATTTTCGTAGCCGCCATTTCTACTTCTTCTAAATGATTTCCTAGTCCAAAACTAATCCGAACGGTCTCTTGAATCGCTGGATGATTTTCACCAAATAGAGCAACTAAAACATGCGATGGATCTACTGTTCCCGCCGTGCAAGCCGAGCCACTCGAAACAGCAATTCCTTCCATATCCAAATTCATTAATAATTGTTCAATTGAAACA
NZ_CP092056.1_gap39	1544264	1546599	2335	CTGCTACAACTGGATTAGAAACTGCATTACCTTTTTCAAGTACAGTTCTGATTGCGTTACGGTCAAAAGTTAATTTGCTGTTTCCACATTTCAAAATGACTGTGCCATCTTCAATTGCTTCAACAATACCGTGAAGTCCACCAATAGTAATAATTTTATCACCTTTTGCTAAACTACTTTGCATATTTTGTACTTCTTTTTGACGTTTTTGTTGAGGTCTAATTAATAAGAAGTAAAACAAAACGATCATCAAGATAATTGGTATAAATGTTACAATACCGCCCATATTTTCCAACTCCTTTCGATACTTTATATATATTTAGAAATTTTTTGCATCAGGACGATTGAATCCATATTGCTCAAAAAATTCTTCCCTAAAATCAGCAAGACGATCTTCCATAATAGCGCCACGAACTTGCTTCATTAAGTTTAACAGAAAATGAAGATTATGATAAGTTGTAAGTCGAATTCCAAATGTTTCTTCACAACGAATCAAGTGTCGGATGTATGCACGCGAGTAATTTTTACATGTATAACAATCACAATTTTCATCAATTGGACGGAAATCGTGTGTGAACTTAGCGTTTTTAATAACTAAGCGACCACTAGATGTCATACAAGTACCATTTCGTGCAATACGTGTGGGAAGAACACAGTCAAACATGTCCACTCCTCGAATCACGCCATCAATCAATGAGTCAGGCGAACCTACACCCATTAAATAGCGTGGTTTGTTCGCTGGTAACAGCGGTGTCGTGTGTTCCAAAACGCGGTTCATGACATCTTTTGGTTCCCCTACTGATAAGCCGCCGATGGAATAACCAGGAAAATCAAGCGAAACGAGATCTTTCGCACTTTGCGCACGTAAATCTTCGTAAGCTCCACCTTGGACGATACCGAACAAACCTTGGTCTTCTGGTCTAACGTGCGCTTTTAAGCCTCGTTCAGCCCAGCGAGATGTTCTTTCTACTGATTTTTTCATATATTCATGCGACGCTGGATATGGTGGACATTCGTCAAAACTCATCATAATATCCGAACCAAGTGCATTTTGAATTTGAATCGCTTTTTCTGGTGATAAGAATAGTTTGTCCCCGTTTAAATGGTTCCGGAAATGAACGCCTTCTTCTTTGATATCACGCATTTTACTCAAACTAAACACCTGAAAACCACCTGAATCCGTTAAGATTGGTTGATCCCAGTTCATAAATTTATGTAGTCCGCCCGCTTCTCGAATAAGTTCTTCTCCGGGACGCAACCATAAATGATACGTATTGCTTAAAATAATACCTGCACCCATGGCTTTTAATTCTTCGGGTGACATTGTTTTTACCGTCGCAAGCGTGCCAACTGGCATAAACATAGGTGTATCAAATGTGCCGTGCGGTGTATGGATTTTACCAAGACGAGCACCTGTTTGTTTATCTGTTTTAATTAGTTCATAACGAATGGCGGACATGTGTTACCTCTTTCTTATTTACTCTATTCACTAGCATAACGAAAATTACCAATGAAAACAAGCTTTTCTATTAATTTTTTCGCAATTTAATGAATAAACATTGCATCGCCAAAACTAAAGAAGCGATATTGTTCTTCTACAGCATGATTATAGGCTGCTAAAATTTTCGTGCGGTCTGATAAAGCAGACACAAGCATAATTAATGTCGATTTCGGTAAATGGAAATTCGTTATTAGTGCATCTACTGCCTGAAAAGTATATCCTGGGGAAATGAAAATCTCTGTCCAACCCGATTCAGCCACTAGTTTGCCGTCATGACGACTCGCAATTGTTTCTAATGTTCGGATAGAAGTCGTTCCAACTGCAACAACTTTTCCGCCTTGTGCTTTGATTTTATTAATTCGCTCAGCAGATTCTTCAGTTAAACGATAAAATTCAGAATGCATTTTATGATTGGTAGTATCTTCTACGTCCACTGGGCGGAATGTTCCGAGCCCCACATGAAGTGTCACGAAAATAATTTCTACACCCTTTGCGCTAATTTGTTCCAGTAAATCTTCGGTAAAATGAAGACCCGCAGTCGGCGCAGCAGCTGAACCATTTTCTTTCGCATAAACGGTTTGATAACGATCTTGGTCAGCCAGTTGTTCTTTAATGTATGGAGGAAGTGGCATTTCGCCAAGTTGCTCCAATACCTCATAAAAAATGCCTTCATAAGAAAATTCTAAAATCCGACCGCCATGCTCAAGCTCTTCCAAGCAAGTCGCTTTTAAAGCGCCATCACCAAAAGTAATGGTTGCACCTTTTCGAATTCTTTTAGCAGGTTTTACTAAAGTTTCCCATGCATTGCCTTCTTTTTGTTTCAAAAGGAGCACT
NZ_CP092056.1_gap40	1579223	1580327	1104	CGCTTGAAGCTCCATCCAAAATTCCGTCAATTTACTCACCTATCTTTATTTTTTTCCATTAAATCTTTTAACTCTTCGACAAAAACGCTGATATCTTTAAATTGGCGATAAACCGAAGCGAAGCGCACGTAGGCTACTTCATCGAGATTCGCTAATTTATTCATCACTTTTTCACCAATTAAGTCAGACGCTATTTCGCTGTCTCCAATATTTCGCAGTTCGCGTTCTACCTCATTGACAATTTCTTCAATTTGTTCTGCGCTAACTGGCCGTTTTTCACAAGCTCTTATTAAACCGCGTCGCACTTTTTCACGAGCGAATTCTTCTCTTGCTCCGTCTTTTTTCACAACTATTAAAGGACTCTCTTCTACCTTTTCAAAAGTAGTAAAACGAAATCCGCATTTTTCACATTCACGCCGTCTTCGGATGGAATTGCCATCATCTGCCGGTCTTGAGTCTACAACACGTGTACCATTATATTGACAAGTAGGACATCTCATAAAAAACCACTCCTATCTCTAGCTTTCTCAATCTGTTTATTTGTATGCCTCATTATACCATGTGAAAGTAAGGGTGGCTATTTGTTCTTTACAAAACGCTCGATAAATGTATAAACTTGTTTTTGTGTCTTTTCAAGTGATTCGTTATTATTAATGACAAAATCAGCTTTTTTTGCCTTTTCATCAATTCCTATTTGGCTGTTAATCCTTGCTAACGCCTCTTCTTTAGTAAGATTATTTCGCTCCATCAGGCGCTTTAACTCTGTTTCAGGGGTGGTCCAAACAACGATAATTTGATTTACCAACGATTCTAAATGACTTTCAAACAAAAGCGGAATATCGAAAAAGACAAGCTCCTCGCCTGCTCTGAAAAAACGTTCGCGCGCTTCTAACATATATTCTTTCACACGTGGATGCGTAATTTCATTTAACTTTTCACGCTTTTCCTTATCTTTAAAAATAATTTTTCCTAATTTGGCTCGATTTAAAGTGCCATCTGCAAGTAAAATTTCTTCCCCGAAATAAGCAACGATTTCCTTTAGTCCTTCTGTGCCTGGTTCCACTACTTTTCTAGCAGCAATATCTGCATCCACTAATGGAATTC
NZ_CP092056.1_gap41	1696491	1700493	4002	TACTTAACTAAAGGAGATTGTATCTATGAGTTTAATTCCATTATCCTTGATTATTTTTCTTGGGTTTTTAGCAGTTTTATGTTTATTTGATTTTGTTTTTCGTTTATATTGGTTTAAATATTTCCTAGCAACTATGGGACTAATTGCAAGTGGTGTGGTATTTTTCATTAGTTTTTACGGCGGCGGGATGTCCCAAACAGAAATAGCTATTGCCATTTTCATCGGTTCATTTGGTGAATATGTTGTATCTCTTATTATTAGCCTCGTTCGTTTTATTTCCAGAAAGTCAAAAAAACCTAAACAAAAGAAAAAAGCTAAAACAGCCTAAAAAGCTAGCGACAAATTTGTCGCTAGCTTTTTTTATTTGCGTCTAATAAGAACGAGTGAAGTAGCTAAAAGGAACATACCAACGATAACTGGAATAGTTGATTTTGTATCACCTAATGCTGGAATGCTTTCATTTGTAGCCGTAGTATTTTGCTTGGTAGGATTTACCGTTATATCGGTGTTACTACCATTTGTCCCATTGCTGCCATTCGTATTATTTCCGCCATCATCTGGTGTCGGTGGTTTAGGCGGCGTCACCTTCTCTTCTACTGTAAGACTTACATCGATTGTTTTAGCTTTATTCCCGTCTGCATCTACTGCATTTAAGTGGATAGTATATTTTCCTGGTGTTTTTAACATATTCGGGTCAAAATCTGTCATGATTTTAGAACCATCGTCGGTGGCAGCATGAATGTCTTGTAAAAATCCCGTTACTGTCTTAACCGTTCCAACAGGGTAACTAATTTTTTTATCTGCCGTAATTATTGGTGCAGTTGTATCTTTTACATGAATAGTTATTTCTACCGGTATTGCTTGATTGCCAGCAGCGTCAACAGCGTACAGATGAACTAGATATTCTCCTGATGTGTTGACAATTGCCGGGTTATAATCAGTTGTTATTTTGGAGCCATCATCTGTATTGGCACCAATTTTTGCGAGTAGTTGTTGTTCGGTCATTGGCGTGCCACGTTCGGCCGTTATTTCTCGGCTGGTTGTTTTTATAACCGGAGCGATAGTATCTTGGACTAGCACATTAATTTTAAGTGGCAATGCTTTGTTTCCACTTTGATCCGTTGCTCGGAGTAAGACTTCATAATTCCCGGTTTTTGTTAGATCAATTTTCGAAAAATCAGAGCTGATTGGGCTATTGTCGCTTGTTGCGGCTTTAATATCTGTGTAGAAAGCTTGCTCTGTTTTTGTAATGCCTCTTTCGTAAGTGATTGATTGGTCGGCTGTAATGATTGGAGGGATGGTATCCTCTACTTTCATTGTCACTTTTACGGGTGTTGCTTTATTGCCACTTGCATCCTCTGCATTTAATGTGACGATATAGGTTCCAACCGTATCAAGATCTTTACTATTAAAATCCGTTGTGATTGTAGATCCATCATCTGTAGTTGCCTCAATATCTGCTAAGAAATCAGCTTCGTTTTTATTGATAGTTCTTTCATAGGTGATTGCATTTAATGCATTGATAATCGGTCCTTTTGTATCTACCACTGTAATCGTAACAGTTACCGGATCTGCTTCATTGTTGCTCTCATCTTTTGCATTTAATACGACTGTGTAGGTTCCTTCTTGCGCAAGAACGGTTGGGTCAAAATTACTAATGATGGTTGATCCATCATTAGTTGTAGCATGAATATCTGTTAAAAATTGTGCGACAGTTTTGGTTGTCCCTTTTGCGTAGGTTATGGTTGTGTCTGCTGTGATAATTGGTTTTTCTGTATCAGCAACGGTCACAGTAATAGTGACTGGGTCTGCTTTATTGCCACTTTCATCTTCTGAATTCAGTGTTACCGTATAAGTTCCTGCTGTATCCAGATTTACGGCTGTGTCAAAATCACTTGTAACCGGAGTGCCGTCATCTGTTTTAATAGCTAAATCAAGGAAGAAGCCTGTTTCTTGTTTCTTTTCTCCTCGCTCATAGGTAATGCTTGTTGCGCTAGATGAGATTACTGGTTTTTGTGTATCTTGAACAACGACGGTTACTTTTACTGGCAAAGCATAGTTACCATTTTCATCAACAGAACTTAATGTTACTTGATAAGTCCCTACTTGCTTCAAACTAATTGGGTTGAAGTTAGAAGTTACTGCTGAACCGTCATTCGTTGTTGCATTTACATCCGTTAAAAAGGCAGCTGCAGTCTTCGTGGTTCCTTTTTCGTATGTGATAGTTGTATCTGCTGTAATAACTGGTGGGGTTGTATCACGTACGGTAACTGTTATGGTGACTGGATCGGATATATTACCACCTGTGTCGGTAGAGCTAAGTGTCACATCGTAATCCCCGGGTGTATTTAAATCTACTACAGTTGCAAAATTAGAAGTTATTGCTGAGCCATCGTTTGTAGTAGCATGGATATCCGTTAAGAAATCAGTAGCAGATTTGGTTATGCCTTTTTCGTAAATAATGGCTTCATCAGCAGTGATTACTGGTGCGGTCACATCTTTTATTGTGACATTTACTGTTCTTGGGATTGCTTGGTTTCCACTAATATCGTTTGCCTTTAATGTGACTGCGTAGACTCCCGGTGTGTCAAATTTCACTTGATCCGCAAAATCACTTGTAATCGTTGCTGGTTCATCTGTCGTTGCATGAATATCAGTCAGGAATTGTGCTTCTGTTCGTATATTTCCTTGATTATAACTAATCGCTTCATCTGCACTTATAATCGGCGCTACCGTATCTTCCACTGTTACGATGACATAAATGGGATCAGATTGGTTACCCGCTGCATCGGTAGCTTCCACTAAAACCGTATAATCACCTGGCGAATCCATTCTCACCATCGTATCAAAATTGGTTTTAATCACCGCGCCGGCTTCCGTTTTTACATTTACATCGTTTAAAAATTCCTCTTCTGTTTTCTTTGTATTTATTTCATACGTGATCTTGTCGTCAGCTGTCACAACTGGCGCTTGTCTGTCTACTGTGAACGCTTTTTCTGAAGCTTCTGATGTATGACCAATTCTGTCAGCCGCTGATACTGACAATGTATAATTTCCATCATTCAATGTAGAGAGATCAATTGGAACTGGGGTTTGAACTCGAATGGTAGCACCACTCTCTTCCACACCTTGCTGGATAATAAGTCCATTTGCATCTTTAATTGCCCAGTTGATTTTATACACTCCTGCGCCATTAATATCATCTTCCGCAACGACAAGAGCGGTTGTTGGATTGTACGGTTTCATGTTTACAGAAATAACTTTCGGACTTCCAACATCAACTACAGCAACACTTACTTTCACATCTTTCGCTGTATATCCACTCGCCGGGTCAAGTGATGCAGTCACATAATAAACACCTGGCGCATTCCAGTCAACTGGGTTTTCAGGGTCTTCTGTTAGTTTAACGTACTTAGGATCGATGGACACGCTATCCATTGTTTCTGCATAAATATGAAAATGCCCTTCATTTCGAACATCTGTTAAGGATGTATACTTTCCAGCTGCTAGAGCTACACTCGTCACATCGATTACTGCAGTTTCGTCAGCAGTCGAAGTCATAAGTGTAATTTCCTTATTAATTACAGCTGTTTTCGTTCCTTCTGTTCGCTTAATTGAAGCATCTACAGTTATTTTCTCATCATCTACTGCGGTAACTACATAAGTCACATTATTAGCACTATCTAAACCATTAAATGCATGAATAGCATTTGCAGGGACTACTTCGCCAACTTTAAAAGCCCCATGGCTATCTGCGTAGCTTTTCTCTAGTTTTGGAGTCTCAAGTGGGTGAATCAATTGGACATTTCGCGTACCAGTGGTTTTATTACCACTTCCTGGCAAATATTCAATTTGATAAAGTTGCTGTTGTACGCCTACAGTATATAAATCAAACGTATTTTTTGTAATAGATTTTGTTACATCAGATGAATCAATTCCAGAGTACGCTTTCACCCCTTCTAGTTCATCAAAATCTGCACGACGTTCCCCTTGGTAAAATGC
NZ_CP092056.1_gap42	1725671	1727155	1484	TAACTTAACCAATTTACTTCTACGAAGTAAAGGTTGTTTTTCTGATTTTCCGTATCAGCGATGATACATCCAATCAGATGAAAGATTCACTTTCAGATGATTCTCGGTTACTTGTGTCATAAATAATAAATTATCTATGCTAACTTTACTAACTTTCTTATCTAGTTTTCAAAGAACAAACATACTGAGAAGTACTAACCTCTCAAAACTGAACAAATAGAGAAGAACGAAAACTCACAGGTTTCCTTTTCCTTAGAAAGGAGGTGATCCAGCCGCACCTTCCGATACGGCTACCTTGTTACGACTTCACCCCAATTATCTGTCCCACCTTCGGCGGCTGGCTCCATAAAGGTTACCCTACCGACTTCGGGTGTTACAAACTCTCGTGGTGTGACGGGCGGTGTGTACAAGGCCCGGGAACGTATTCACCGTGGCATGCTGATCCACGATTACTAGCGATTCCGGCTTCATGTAGGCGAGTTGCAGCCTACAATCCGAACTGAGAATAGTTTTATGGGATTAGCTCCACCTCGCGGCTTCGCGACCCTTTGTACTATCCATTGTAGCACGTGTGTAGCCCAGGTCATAAGGGGCATGATGATTTGACGTCATCCCCACCTTCCTCCGGCTTGCACCGGCAGTCACTTTAGAGTGCCCAACTAAATGCTGGCAACTAAAATCAAGGGTTGCGCTCGTTGCGGGACTTAACCCAACATCTCACGACACGAGCTGACGACAACCATGCACCACCTGTCACTTTGTCCCCGAAGGGAAAGCTCTGTCTCCAGAGTGGCCAAAGGATGTCAAGACCTGGTAAGGTTCTTCGCGTTGCTTCGAATTAAACCACATGCTCCACCGCTTGTGCGGGCCCCCGTCAATTCCTTTGAGTTTCAACCTTGCGGTCGTACTCCCCAGGCGGAGTGCTTAATGCGTTAGCTGCAGCACTAAGGGGCGGAAACCCCCTAACACTTAGCACTCATCGTTTACGGCGTGGACTACCAGGGTATCTAATCCTGTTTGCTCCCCACGCTTTCGCGCCTCAGCGTCAGTTACAGACCAGAGAGTCGCCTTCGCCACTGGTGTTCCTCCACATATCTACGCATTTCACCGCTACACGTGGAATTCCACTCTCCTCTTCTGCACTCCAGTCTTCCAGTTTCCAATGACCCTCCCCGGTTAAGCCGGGGGCTTTCACATCAGACTTAAAAGACCGCCTGCGCGCGCTTTACGCCCAATAAATCCGGACAACGCTTGCCACCTACGTATTACCGCGGCTGCTGGCACGTAGTTAGCCGTGGCTTTCTGGTTAGATACCGTCAAGGGACAAGCAGTTACTCTTATCCTTGTTCTTCTCTAACAACAGTACTTTACGATCCGAAAACCTTCTTCATACACGCGGCGTTGCTCCGTCAGACTTTCGTCCATTGCGGAAGATTCCCTACTGCTGCCTCCCGTAGGAGTCTGGGCCGTGTCTCAGTCCCAGT
NZ_CP092056.1_gap43	1728912	1730377	1465	TTTCCATATCAAATGCTTGAGCGAACTCGGCCACTTTTGCTCCAATGGCTCCCGTTCCAGCTACTACCAAAGTTTTTCCAGCTAATTCTGTTATTGGTTCTTCACTTGCCCAATTTTTTTCTTTTTGCATTTGATAGAAGAAAGCAGCTTTTTTTACGTGTGCTAACATAAAAGATAGCGCGTATTCACCCATTGGTATCGCATGGATTCCTCGTACATTAGCAACTTTAATTTTTCTTTTTTGAATTATTTCTCTTGGTAAACTATCTACTCCCGCGGAAAAAACCATGATTAATTTTAAATTGGTCGCTTGTTTTATTTTTGTTTCAGTAATGTTAGATCCGTATGTGACGATGACGTCTATCTCTGCTAAATTGGCAAAATGATCATTGCTCTCATAATAGAAAGTATCATCTGGAAATTTCTCTGCTTGCAAAGTCTGTAAGTACTCTGGAACTTCCAATGTAAATAAAATGTTCATTTTGCGCCACACTTCCTTTCTTTAGCTATATATTAATTTTATGCTTTTTTTCATTTAACAGCAATTAAATTGTTTTTTCAATTGCGGCATCTTATTTTTTCGCATAGAATATAAGAGGTATTAAAATTTTGAGGAGATGACGAAATGGATCATTCAATGTCAAAAAAATTGCATGATGAAGCACTTTTACATATAGTTGGCGGGGTTAATAGCCCATCTAGGTCAAATAAAGGAGTTGGCGGCGGAATTCCTGTAACGATGGAACGGGCTAGTGGCGCTTATTTTTATGATGTGGATGGCAATAAATATATTGACTATTTAGCTGCATTTGGACCAATCATTACGGGACATGCACATCCTCATATTACAGAAGCAATCACAAAAGCTGCACAAAATGGCGTTTTGTACGGAACGCCTACGAAACATGAGATCACTTTTGCAAAAATGTTAAAAGAAGCCATTCCTTCGCTTGAGAAAGTTCGTTTTACAAATTCTGGGACAGAAGCTGTTATGACAACAATTCGTGTCGCTCGCGCTTATACAGGCAGAGATAAAATCATTAAATTCGCTGGGTGTTATCACGGTCATTTTGATTTAGTGCTCGTGGAAGCTGGTTCTGGACCTTCTACGCTTGGCATTCCTGATTCTGCAGGGGTAACAAAATCAACCGCAGAAGAAGTTATTACTGTACCTTTTAATGACCTTGCATCGTTTAAAGAGGCATTAGCTGTTTGGGGCGATCAAGTTGCTGCTGTTTTAGTAGAGCCTATTGTTGGGAATTTTGGAATGGTTGCACCAGAAGATGGATTTTTAGAAGCAGTTAATGAACTCGCACATGTCAATGGTTCTTTAGTGATTTATGATGAAGTCATTACGGCTTTCCGTTTTATGTACGGCGGCGCGCAGAACTATTTAGGTGTTATTCCCGATTTGACTGCTATGGGTAAAATTATTGGTGGTGGGCTTCCGATTGGTGCTTACGGA
NZ_CP092056.1_gap44	1780716	1785277	4561	TCATCCACTTCTGCAAATAATGCTTCTAGGCGAGCTTCTAAATCATCTCTTTCCTCTGCTTTAAATAAAATTGGTAAAGTGACAGTCGGTTGGGCAAATTTTGTTTGTTGCTCAAGTGCCGCAAATTCTTTTCGAGATAAAATCGGTGTTTTTAAGCGAATCCGGTTAGCATTTCGAGCAGTTGGATTTAGAATATTACCTTCATCACCAAGCAGCGTCATCGCAGAAGTAACCGTTTCTTCGCGAATCCCATCAATTGGCGGGTTCGTTACTTGCGCAAAAAGTTGTTTAAAGTAATTAAATAATACTTGTGGTCGCTGGCTTAAAACAGCAAGTGGCGCGTCATAACCCATTGCACCCATTGGGTCTTTTTTCTCTGTTACCATCGGAATCAAAATTTTATTTAATTCGTCTTGTGTGTAACCAAATGCTCGTTGTTTTTTAAAACGTTCTGATTTATCCATTGCTTCATAATGTAAATCGGCTGCTGCTAAATCGGCAATTTCTGTCATTTCCGCTTCTAACCATTCACGGTACGGTTTTTCCGTTGTTAGTTCTTCTTTTAATTCAGCGTCCGCCACAATTCGACCTTCTTCTAAATCAATTAACAACATCGTTCCCGCGCCAACAGTTTCTTTGCGAATAATCTCACTCGGATCCACTGGCACAACGCCCGTTTCTGAAGAATAAATAATCGTATGGTCTTTCGTTTCATAATAACGAGCCGGACGTAAGCCGTTTCTATCCAAAATTGTCCCGATTACACGACCATTTGTAAAGGAAATCGATGTCGGTCCATCCCAAGGCTCCATTAGCGTACTATGATATTCGTAAAAAGCGCGTTTCGGATCAGTCATATGCGGATTTTTATCCCAAGGTTCTGGAATAAGCATCATCGCCGCATGAGGTAATGAACGCCCTGCTTGCACTAAAAATTCTAACGCATTATCTAAAGTTGCCGAGTCACTACCGCTTTCATCAATAATTGGCAGTAATTTGGCTAAATCTTCACCAAGTAAACCAGATTCCGCTCTTTTCTCCCGAGCTTTCATCCAGTTGACATTACCACGTTGCGTATTAATTTCACCGTTATGAATTAAATATCGATAAGGATGCGCCCGCTCCCAACTAGGAAAAGTATTCGTCGAAAAACGAGAATGCACTAGCGCAAAAGCCGATACATACGCCGGATCTGCTAAGTCTAAATAATATTGGTTAATTTGTTCTGGTAGTAGCATTCCTTTAAAGATAACCGTTCTCGTTGATAAACTTGGAACGTAGAAAGTCTCTGTAATTAGCTTAGAAGTCGCAGCAAATTTTTCGATTTGCTTTCTAATTAAATAAAGTGCCCGCTCAAACCCAGCTTCATCTAATTCAGCGTTTTTCTGAATAAAAAGTTGATAAATCGCCGGTTCTGTTTTTCTTGCACCGGCACCTACCTTTGTTACATCAGTTGGTAATTTGCGCCAACCAAGGAACATTTGGCCTTCACTCGCAATCAGTTTTTCTGTTTCGTTCATTAAACATTCACGTTCTGTTTTATTTTGAGGGAAATTAAACATCCCAACAGCATAATGATATTTTTCAGGTAAAGTAATACCTAGTTTGCTACACTCGCGTCGGAAGAAAGAGTCTGAAATCTCAAGTAAAATACCAGCGCCATCGCCCGTATCCCCACCAACTTCTCCACCGCGGTGCTTTAATTGACAAAGCATATGAATACCTTGTTCGACAATTTTATGAGAAGAAATCTTTTTAATATTTGCTACGAAGCCAATTCCACAAGCATCGTGCTCATTTTCCGGATTGTATAGGCCGTGCTTTTTTGGCAAATTAGTTTGTTTCATCCTAGTTCCTCCTCTTCAAAAACCGAATCCTTCTGAGTCTTTCTGGTAATTATTTAAATTAACTGATAATTAACCAGCGATTCAGCTTACCTTACATTTCTTGTAGTATCTATTTTATTCCTTTTCATTTATCGAAACAATATATATAATAGAATAAAACAATCTCATTTCGAGAACAATCGGAGGTAAGAAATGGAACTACGACAATTAAAGTATTTTATGGAAGTAGCCCGCGTTGAGCATATGACCAAAGCTAGTGAGAATTTACACGTAGCCCAATCTGCCGTTAGTAGACAGATAACGAAACTCGAAGAAGAACTCGGCGTGCATTTATTTGACCGTGTTGGTAGAAATATGCAACTCACCAGTGTTGGTCAAGATTTCTTAAAACAAGCAGCAATCGCCTTAAACGAGCTACAAAAAGCCGAAGCACTTGTGACCGAATATACCGATCCTGCAAAAGGAACTGTTCGCGTCGGCTTACCAAATTCCCTGTCTACCAAAGTGTTGCCATCCGTTATTTCGACCTTTCGGGAAAAATATCCGCAAATTACCTACCAGTTTATGGAAGGCACCAATGAAGAACTTACCGAGATGCTCTTAAGCGGCGTCCTTGATATGACTTTTTTATCGCCTGTCCCAGAATCTAGCGAACAAATTGAAGCCATTCGTTTTTTTGATGAAAAATTGAAGCTAATTGTCCCTAAAACCCATCCACTTGCTGAAAATTTCACCGTTTCACTAAAAGAGCTCGCTTCCGAAAAATTCGTCCTTTATCCAGAAGACTTTGATTTATATAAAATCGTAACAAAAGCTGCCAATAAAAAAGGATTCGAGCCACAAATAGCGTTTCAAAGTAGAGATTTTTATACAATTCAAGGACTAGTCGGGGCAGGCCTTGGTATTAGTATTTTGCCAGAAATGATTTTAGATGGAGCAATTTTTAAAGAAACGAAAAGTATCGCTTTGCGAGATAAGGAATTGCGGCGGTCGGTCGGGATTATTACGACAAAAAAACGGAACCTATCCCCTTCCGAGAATTTGTTCCGTTCCTTTATTATTTCGTTCTTTTCGAATTAATTATTTTCAGAAAATGCAGCTGGATAATGGATAGTTCCAGCTAAATTTTCTAAACTACCATCATATAATTCTAACAACATAAAGTATTCAGCAGGCACATCAAATGGCGCAGGAATAGCAAACTGCTCAGAAGGAATAAAGTCAAATCGCGGATAATAATCAGCATGTCCAAGCACAGCAATGGCCGGATATGCTTTTTCGCGTGATAAACGGATTCCTTCTTCCATTAATCTCGAGCCAACTCGTGTCCCTTGATATGCAGGTAAAACAGCAAGTGGCGCAAGTGCTAAAATAAATCTGCTTCGTCCAGCTGCTTCAAGCGAAATCTCACTAAACATAATGTACCCAACAATAAGTCCATCCTCCGCTTCTGCGACAAGGGATAAACCTGGTTGATAATAATCGGATGTCCGGATACTTTCAATTAAGTCTGCTTCCTCAGTGCCCTTAAAAGCTTCCTCATTCACACGACGAATGGCCTCGTAATCTTGTGGTTGTTCTTTCCGAATAATCATTTTTACTTAGTCACTCGTTTCATTGCCATACTATTTTCTAGTTTTTTCATTGCATTTAATACCACATCAGCCGTCATTTCTCCTGGCATCATATGGATTGTTTCATGCGGTTCCGTTGCACGTCTAGATACGTCCACAAGCGTTTCTTCTGCAAGTGTCGCAAGCCCCATATCATACAAACTCATCGGAAGACCAAGCTCAGAATAAAATGGTAATAGGCGTTCGATTTCATCCCATCTATTTTCTATTACTAATTGAACTAAGATTCCGTATGCTACTTTATTACCGTGTAGTAAATGGTGCGTTTCCGGAACCATTGTTAGCGCATCATGAATCGAATGTGCTCCGGCACAACGACCATAATCATCGCCAAAACCTCCAACCATTCCACCAACTAAAATATTAGTCTCGATAATTTTAACAAACGCTTCATTCAATACTTGTTTGTCCATGGCAGCAAGTGCTTCTTCACTATATTGCAACAAGTTATCACGGCACATTTTGGCAGCAAAATGCGCGATTTCAATTTCGACTGATTTAGTTGGTAAGGAATTAATAATCACGTCTGCTTCGTACCATTTGGCTAACGTATCGCCAATTCCAGCAACTAGTAACTCTTTCGGTGAGTCTAAAATCATTTCCGGATCAATTAATAAAAGCGCATTACTACTCGCAAACACATCGTAACGAATCATAGCGCCCTCTTCGTCGTACATCACACTAAGTGGTGTATAAGCGGCACAAGTTGATGCAAGTGTCGGTAAGATAATGACTGGTAAACGTAGAACTGCTGCTGCCGCTTTACATACGTCAGCTATTTTTCCGCCACCTACTGCGATAATCGCATCCATCTTATTTGTTTCCATGATTGCCACCAGACGATCGCGCTCCTCGTAGGTAGAACCACCATTATATACTTCAAAAGTAGATGTAACAGTTGATAAAACAGGGAATTTCTTTTTAGCGACTTCCCAAGAAGCATTTCCACGAACTACTAATACATTTTTCAAACCGCGGCGTTCTAGGTGAGTAGGTAATGTATCCCACGCGCCTACTTGGCATAAATATTCTTGCGGAGCTCCGCGAACAATCAATTCTTTATTCAACAAAATCATCCCT
NZ_CP092056.1_gap45	1815463	1818650	3187	AACGATGACTAAATCAATTGGCTTGATATTATGTGCCGCAATAGCTTCCATATGTTCGGCTGTATCGCGTCTTGCCAGTAACCCACCATGAATTGCTGGATGAAGTGTCTTTACGCGTCCATCAAGCATTTCGGGAAATTCAGTTACTTCTTCTATTCCTGTTACTGGTACGCCAGCTTGTTCAAATGCCGCTTTTGTTCCACCTGTCGAAATAATTTCTACTCCAAGTTCTACTAATTTTTCTGCAAATGGCACGATGCCGTTTTTATCTGACACACTAATAAGCGCTCTTTTCATGATAATTAATCGTTCCCTCCATTTTGAATTAATCCTCGAATCACTTTTGGATAAAAAATATGTTCTACTTGATGAATTTTTTCAGCTAAAGTATCTGTGGTTTCTGCTGTTTCAATCGTAACTTTCACTTGGTCAATGATTGGCCCTGTATCCATTCCGGCATCTACAAAATGCGCGGTGACCCCAGTTCCTGAAACATTCGCTTGAATCGCTTGACCAATCGCATCTTTTCCTTTGAATTCAGGTAAAAGAGACGGATGCAAGTTGACAATTTGCTCAGGAAATTCTGCTAATAAAGTTGGTCCAATCAAACGCATATATCCCGCTAGCACCAACAAATCAATTTCCAATCTGCGAAGTTCTAGCAAAATTTCTGTTTCAAAAGCTTCTTTATCCGGATAATTTTTCGCTTCAAAAAGAAAAACTGGAATATCGTGCTTGTTTGCCCGCTCTAAAACATAAGCATTTGGTTTATCACATACCAGCAATTTCACATAAGGCTTAATAAATTCGTCATCCACTAACGCTTGAAAATTCGAACCGCTACCAGAAGCAAAAATGGCTATATTCATCCTTTTTTGCCTCCTGCGAAAATAACCGCGTCGCTTTCACGTGTCGTAACTTCGCCAATAACGTAAGCCGCTTCACCGTTTTGAACAAGAACTTCCAAGGTTTTTTCCACATCCGATTTTGCCACTGCCAACACCATACCAATGCCCATATTGAAAATTTCATACATTTCCATTTCGTTTAATTGGCCGTATTTCTTCACAACATCAAAAATCGGCAACATCGGCCATGAACCTAATTCCACTTTCACAGCTAAATCATTCGTTAACATTCGTGGTAAATTTTCTACAAATCCTCCACCCGTCACATGCGTAATCCCGTGTACAGTTACCTCTTTCAATACTTCTAACACTGGTTTGACATAAATACGTGTTGGTTTAAGTAGCTCTTCCACAAGTGGCACATCTAGTTCACTGATTTCCGCATCGAGCGTAAATTCGTTATCTTTAAAGAAAATTTTCCGAACGAGTGAATAACCATTACTATGAATCCCACTAGATGGAATTCCAATTAACGTATCTCCTGCTTGGACAGCGCCTTCTGTAATTAGTTTTTGTTTCTCGACAGCGCCAACTGTAAAACCAGCTAAATCATAATCATCCGCGCCATACATATCTGGCATTTCCGCTGTTTCGCCACCAATTAACGCTGCTCCCGCTTGTTCACAGCCGTCAGCTACACCTTTAACAATTTGTTCCATTTTAACAGGATCTGTCTTCCCTGTTGCAATATAATCTAAGAAAAATAATGGCTCGGCACCTTGAGCTAAAATGTCATTCACGCACATTGCCACGCAGTCAATCCCGATGGTATCATGTTTATCTGATTCAATAGCCAAAAGTAATTTTGTCCCAACACCATCTGTACCAGAAACAAGGACAGGCTCTTTTAAATTCAAGCTACTTAAATCAAACATTCCACCAAAAGAACCAAGTGCCCCCATCGCGCCTATTCGTTCTGTTCTAGCCACATGTTTTTTGATGCGTTCCACTACTTGATAGCCAGCTTCTACGTCCACGCCTGCTTTACTATATGCATTTTCTGCCATTCGATTTGTCACTCCTCATTATTTTTCTGCTTCTAAGCTCGCTAAATATTCCGCTTCATAATCGTATAAAGGGGTTGGGTAATCGCCGTTGAAATAAGCCATACAAAGTCCCCCGTATGGTTCGTTCGGATAAGGTCTACCAATGGAATCTACTAAACCCTCTTCACTCAAATACTCTAAAGAATCAGCCCCAATAATCCGACAAATTTCATCGACAGAATAATTAGATGCGATTAATTCATTTCGCGTTTGAATATCAATGCCGTAAAAACAAGGGTAAGCAAGTGGCGGTGAAGCTATTCTCACATGAACTTCCGCTGCTCCCGCTTCCCGCAAAAGTTGCACAATACGTTTACTCGTCGTCCCGCGCACAATCGAATCATCAATCATGACAACACGTTTCCCTTCCACAACCCCACGCACCGCAGAGAGCTTCATTCTAACACCTTGCTCTCTAAGTTCTTGCGATGGTTGGATAAAGGTTCTTGCCACATATCTATTTTTGATGAGACCAAGCTCATAAGGAAGACCAGCTTCTTCGGCATAACCAATCGCCGCAGAAATACTAGAATCCGGCACACCAGTCACAACGTCTGCATCAATAAATGCTTCTTTTGCTAACCGTTTCCCGGAACGTTTTCTTGCCGAGTGTACATTAATTCCAGCAATATTAGAGTCTGGTCGCGCAAAATAAATATATTCCATGCTACAAATCGAATGCGTCACATTCTCCGTGAACTTTTCAATCCGAAGTCCGTCATCATTAATAATAATTAGTTCGCCTGGCTCCACGTCTCGAACAAATTCAGCGCCAACCGTTTCAAAAGCACATGTTTCTGAAGCAACTACGTAAGAATCACCAATGCGACCAATCGAAAGCGGTCTAAAACCATTCGGATCAAGTGCAGCATACATTGTATCTTCCGTAAGCAGCATATAAGCAAAGCCTCCCTTAACTTTGTTTAAAGCCACTTTTAAATCTTCTACAAAGTCACCCGTATGGCTACGTTTAATTAAATGCGCTAACACTTCTGTATCCGAACTCGTTTGAAAAATAGCGCCTTCTTCTTCTAGTTCACGGCGTAAACTTTTCGCATTAACCAAATTCCCATTATGCGCAAGTGCTAAAGAAGAACTATGAAAGTGAAATAAAAATGGTTGTACGTTCCCTAAGTTTTTTTGACCAGCTGTCGCGTATCGAACATGGCCAATGGCTGCTTTACCTTTTAAATCGTCTAGTTCACCATGTTTAAATACATCTGCTAAAAGGCC
NZ_CP092056.1_gap46	1824076	1828127	4051	CAAATTTGCGTTTCTTCTAAATCTTGTATAACCGCTTTTGGTTCATCAGCCAGCACAGTGACATGTCCCATTTTGCGATTGATTTTCGCTTCTTTTTTGCCATAATAATGTACAAACCAATGAGGATAATTCACCATTTGTTTATTCACAGCATCAACATGTTGCCCTAAAATATTAATCATTACGGCGGGTTTTAAAAGTTCTGGTTTTACGAGTGGTAATCCAACAATCGCTCGAATATGCTGCGTAAACTGAGAAATCGAACAAGCTTCAATTGTAAAATGTCCGGAGTTATGCGGTCTTGGGGCAAGTTCATTTACATAAATAGCGCCTGATTTTGTCACAAACATTTCTACTGCTAAAACACCACATAATTGAAGTACTTCTGCTAACTTTCTCGCAATTTCTTCCGCTTCCTCGTAAACGTCAGCCGCCACATCTGCTGGAACCATAGTCGTATGCAAAATATTATTTACATGTACATTTTCTGCAACTGGAAAAGTTACTATTTGCCCATCTAAATTACGAGCGACAACCACAGAAATCTCTTTTTCAAAAGGAATCCAAGCTTCTAGTACACAAGAGCCGTAACGCAATAATCTCGCTGCTGTTTCGATATCCCTCGCATCATGAATAACCACTTGGCCTTTCCCGTCGTATCCACCTTGTGCCGTTTTTAAAACAGCAGGATATCCAATACTTTTAATTTCATTTTCAATTTCATCTTGTTCCACTATAACCGCATACGGCGCAATGTTAATATTAGCTGATTCCAGATAAGCTTTTTCCAAAATCCTATCCTGTGTAATCGAAAGCAATTCCGATCCTTGTGGGACAGATACTAAGTTTTGCGTCATTTTCAAAGCATCATAGTCGATATTTTCAAATTCATATGTAACTACATCTGCTTTTTCGGAAAGTTCGCGTAAGGCTACTTTATCATCATAGTCAGCAATAATTTGCTCATCACTTACTTGAGCAGCTGGACAATCAGCGGTAGGATCGAGAACAATAATACGATACCCCATCGCTTTCGCCGCAAGAGCTAGCATACGACCAAGTTGTCCGCCACCAATGATACCAATAGTACTATTTGTCAGTAAAAATTTTTTATCCAAGATAATCACTACTTTCTAGAACTGTTTCTTCTAGTGTAGCACGTCTTTTTTGTAATCTGTTAGTAATTGCATCGTCTGTTATGGATAAAATTTGTGCGGCTAGAAGTCCAGCATTTACAGCACCACTTTCTCCAATAGCAACTGTCGCTACCGGAACACCTCCAGGCATCTGCACAATAGAAAGTAATGAATCCATTCCATTCAACGCTTTTGATTTAATTGGCACACCAATAACAGGCAAAGTCGTCTTTGCCGCAACCATACCTGGCAAATGCGCCGCGCCCCCAGCACCAGCAATAATAATTTTCAAACCACGTTCCCGCGCTTGTTCTGCATATTGAAACATTAAATCTGGTGTACGATGAGCAGAAACCACTTTTTTCTCATAAGCTATTTCTAATTCATCTAATACATCACATGCTTTTTTCATTGTATCCCAATCTGAGGTACTCCCCATAATGACACCAATTACAGCAGGCATTACGTGATCAACTCCTTAATAATCTCTTTTCGACTCCTTCATTCTAACAATAGGTACGATAAATGTCAACGAAAAATCGAACATTTAATTGTTACATTTTATTAACGTTCGTGTTTAGGGCGTATTTGTTCTTTTTACTAGCATTATGTATCCATTTTCACTAAATAAATAAAAAAAGAAGCTACCATCATAGGTAAGCTTCTCTTCATTTCCGAACTTGTTTAACCCAAAAACCACCGTGAATTTGTTTTGGCTCAGAGGAAACAATGAATGCACCATTATCAATTTCAATAATGTGTTTATATAATTTCCGCTCATTCTTTCTTTGGGTCAAAATTTCAAGCATCATCCGTTCACCATCACGACCACTTGCAAGCCAACTAGTAACCCCATATCCTAGATCTCGAATTTGATTTGGTAAGTCTAAATTATATTCTTTCGTAATAACATTCACTGTAATATAACCTAAAGCAATTCGCTCTTCAATTTTCATACCGACGATAATTCCCACGCCAAACCCAACAGCATACGCTAAAACATTGGCAATATTATTTAAATTATCCAAAACCAAACTAAGGGCAACTACATAGATAATCATTTCAAACACACTTGAAAGTGCAGCTAAGTAACGATAACCTTTCATCGTTAAAAGTAACCTCACCGTATAAATCGTCACATACAAAATATTTACAATAAAAATAGTAACCACTATAAATATACCGTTATCCACTAAAATAACCCCTCCACCTAAAAACTACATTCCACTGAGTCTTTTACTAATATAACATCCATTTAGATAGCTGACAAAAGAAACACTTCAACAAAAAAAGCCCTAAATAATTAGGACTTTTCAAATTGCCCGGCAGCGACCTACTCTCGCAGGGGGAAGCCCCCAACTACCATTGGCGCAGAGAAGCTTAACTACCGTGTTCGGGATGGGAACGGGTGTGACCTTCTCGCCATAACTACCAGACAATATTGAGTTGTTGAAAGATTGCTCTCTCAAAACTAGAGAAGAAAGTGTTCAGTTAGGTAACTTCGTTTCATTTTTTGGTTAAGTCCTCGATCGATTAGTATTTGTCCGCTCCATGTATCGCTACACTTCCACTCCAAACCTATCTACCTGATCATCTTTCAGGGATCTTACTTTCCGAAGAAATGGGAAATCTCATCTTGAGGGGGGCTTCACGCTTAGATGCTTTCAGCGTTTATCCCTGCCACACATAGCTACCCAGCGATGCTCCTGGCGGAACAACTGGTACACCAGCGGTGTGTCCATCCCGGTCCTCTCGTACTAAGGACAGCTCCTCTCAAATTTCCTGCGCCCGCGACGGATAGGGACCGAACTGTCTCACGACGTTCTGAACCCAGCTCGCGTGCCGCTTTAATGGGCGAACAGCCCAACCCTTGGGACCGACTACAGCCCCAGGATGCGACGAGCCGACATCGAGGTGCCAAACCTCCCCGTCGATGTGGACTCTTGGGGGAGATAAGCCTGTTATCCCCGGGGTAGCTTTTATCCGTTGAGCGATGGCCCTTCCATGCGGAACCACCGGATCACTAAGCCCGACTTTCGTCCCTGCTCGACTTGTCAGTCTCGCAGTCAAGCTCCCTTGTGCCTTTACACTCTGCGAATGATTTCCATCCATTCTGAGGGAACCTTTGGGCGCCTCCGTTACTCTTTAGGAGGCGACCGCCCCAGTCAAACTGCCCACCTGACACTGTCTCCCCACGCGCTAAGCGTGGCGGGTTAGAATGGTCATACAGCCAGGGTAGTATCCCACCATTGCCTCCTCGTATGCTAGCGCACACGTCTCTTCGGCTCCTACCTATCCTGTACAAGCGGTACAAACATTCCATATCAGGTTGCAGTAAAGCTCCACGGGGTCTTTCCGTCCTGTCGCGGGTAACCTGCATCTTCACAGGTACTATAATTTCACCGAGTCTCTCGTTGAGACAGTGCCCAGATCGTTGCGCCTTTCGTGCGGGTCGGAACTTACCCGACAAGGAATTTCGCTACCTTAGGACCGTTATAGTTACGGCCGCCGTTTACTGGGGCTTCAATTCGTACCTTCGCCGAAGCTAAGCACTCCTCTTAACCTTCCAGCACCGGGCAGGCGTCAGCCCCTATACGTCACCTTACGGTTTTGCAGAGACCTGTGTTTTTGCTAAACAGTCGCCTGGGCCTATTCACTGCGGCTCTCTCGGGCTTGCACCCTAATAGAGCACCCCTTCTCCCGAAGTTACGGGGTCATTTTGCCGAGTTCCTTAACGAGAGTTCTCTCGCTCACCTTAGGATTCTCTCCTCATCTACCTGTGTCGGTTTGCGGTACGGGCAGTACTACTCTTCCTAGAGGCTTTTCTTGACAGCGTGAAATCAGGAACTTCCGTACTTAATTTCCTTCCCCATCACAGCTCATGCTTCGCGAGAAGCGGATTTGCCTACTTCTCA
NZ_CP092056.1_gap47	2006381	2009487	3106	GTATGGTCTGTCCCAGTGTACGTTGGGTCGTTTCCGTGATCAGCTGTAATAATTAAAAGGTCATCATCTGTCAGTTTTTCCATTACTTCTACTAAACGACCATCAAAATCAACAAGCGCATCCGCATAACCTTGAGGATCACGACGATGTCCGAAGAGTGCATCAAAGTCTACTAAATTCAAGAAACTCATACCGTTAAAATCTTTATCTAATACAGCAATAAATTGATCCATTCCGTCCATATTTGATTTCGTACGGATAGATTCCGTAACACCTTCACCATCAAAAATATCAGAAATTTTACCAATGGCAATCACGTCTTTACTGCCATCTTTTAAAGCATCCATTACAGTTGGCTTAAATGGTTTTAGCGCATAGTCATGACGATTTGGCGTTCTAACAAACGCACCTGGTTCGCCGACAAATGGACGAGCGATAATACGACCAAGCATGTACGGATCATCTAGTGTAATTTTACGGCAGAATTCACAGATTTCATATAATTCTTCCAAAGGTACGACATCTTCATGTGCTGCAATTTGTAAAACGGAGTCAGCTGATGTGTAAACAATAAGCGCACCTGTTTTCACATGCTCTTCTCCAAGTTCAGCCATAATTTCTGTTCCGCTCGCTGGTTTATTTCCAATTACTTTACGTCCTGTTTTTTCTTCAATTTGGTTGATTAAATCGTCAGGAAATCCATCTGGGAATACGCGGAAAGGTGTGTCAATGTATAGGCCCATGATTTCCCAGTGACCAGTCATTGTATCTTTACCGTTCGAAGCTTCTTGCATTTTTGTATAGTAAGCAAGTGGTTTTTCTGCTTTTTTAATTCCGTCTATTTCTCGAATATTCGATAGACCTAATTTGCCCATTTCAGGCATTTTTAGTCCGCCGACGTGTTTGGCAATATGTCCAAATGTATCTACATCAAAATCACCAAATTTAGCGGCATCTGGTGCTTCTCCAATACCAACTGAATCCATTACAACTACATGTACTCGTTTAAATTTATCTGGCATATTTACTCATCCTTTTCAACTATATTTTTTAAGCGCGTGGGTGAAATTGTTTGTAGACATCTTTCAAACGCAGCTTTGTTACGTGTGTATAAATTTGTGTAGTGGAGATATCGGCGTGACCAAGGAGTTCTTGAACCGACCTTAAATCAGCCCCATTTTCAAGCAAATGAGTGGCAAATGAATGACGCAAAGTATGCGGTGTAATCGGCTTTTCAATGCCCGATTCTTTTGCAATACCTTTTAAAATCTTCCAGAAACCCTGTCTTGTAAGTCCTTGACCGTGATGATTTAAAAAGACAAAATCATTTCGGTATTTCGGTCTACGAAGTTTCGGTCTCGCTTCCTCTAAATACTTTTCTAACACAGTTGTTGCCGTTTTTCCCAGTGGGATAATTCTCTCTTTATCCCCCTTACCAATCGTTTGGATAAAACCCATATGAAGGTGCAAATCGTCCATTTTCAAGCTGACAAGTTCGGTTACACGAAGCCCCGTCGCGTATAAAATTTCCATCATTGCTTGATCACGCAGTCCGAGAGGTGTACTTGTATCAGAAGAGCTAAGTAACTTCTCGACATCATCAAGGTTCAAAACTTTTGGTAATCCCTGGGCTTGCTTTGGCGTTTCAATTTGAATCATTGGGTCATGTGACATTTTCCCATCATGCATTAAATAATGAAAGAAAGATCGCAGTGAAGCAATATATCGCGCTACACTTCTTGGTGATTTTCCTTCTTGTCTTGCAAATGCCATAAAACCAACTATATCGCTTCGTTCAAGTGTATTCGGATCAGTTAACTCCTTCGTTACATCCATATAAGAAACAAAATAGTGTAAATCTCGTTCATAAGCTTTGATTGTATTCGCGGATAAACCTCTCTCTACAATTAAAAAATGTAAAAAATCTTCAATTAAATCATTCATAAGCGTTTCCTCCACAAATCCTATTCTACCATGTTACACCCCCACTGAAAACGTTTAATTAATAGAAAAAGACTTGTAATACTTTTCGCGCAATTCAGTCCATCTTTTTGACCATAAAAAAAGTTTGAGATAAATTATCCCAAACTCTCGCATTATTCTTTTTTAGATTTTTGTCTGCAATTCGCGCAAATCCCTTGGAAAGTCAGACGATGATCTTTAACAAGAAAGTTCCACTTCGATTCGACGATTTTCTCCACATCTTCTAATAAGTCTTCTTGAATTTCCTCTACAGACCCGCACTCTAAGCATACTAAATGATGATGAAAATGTTTAGCGCCTTCTTGTCTCAAGTCATACCGAGAGACACCGTCACCAAAATTAATTTTATCAACCACGCGCAATTCGGTTAAAAGCTCCAATGTTCTATAAACGGTTGCAAGGCCAGTGTCAGGTGCAATATCTTTCACACGCAAGAAAACTTCCTCGGCACTTAAATGATCTTTTTCATTTTCCAGTAAAACGCGAACAGTAGCTTCTCGCTGTGGTGTTAATTTATAACTAGCATCATGAAGTTGTGCTTTAATGCGTCCAATACGACCTTCCATTATAGTTCCTCCCTTGGTTGCTACAACAAGTTGTCTTTCTAAATTATCATCATTATCATTTAACAATAAATACAGTTTATAATAATTATAAATAAAATGCAAGTTAGGAATTCACTTTTTACAGTAAAAATGGCACGTAGTCAATTCCTATTGCTTATGTTTACTAAGATATCACAAAAGCAATAGGCTGTCTACAATGATTATCAATTACTAGTTAATTTCTCGTTATCAATAATTATTATTATTTAGCTTTTGCAAGAAGGAACAAGAAATAAGGTGCACCGATAATTGCCACAACGATACCAGCAAAGATTTCAGAAGGTTGAATAATCAATCGACCAATTGTATCCGCAAGTAGTAATAATAGCCCTCCAGAAAGCGCTGCTGTTACCATCACCCAGCGATGTGCTGAGCCAACTAACTTTCTGGCAATATGCGGACCAATCAGTCCAATAAATGCAATACCACCACTAACGGATACACAGGCAGCTGCCAAACCAACTGCTACTATTAAAAGCACAAATTTTTCTCGCTCAACCCGAACCCCGAGACCAGTT
NZ_CP092056.1_gap48	2016255	2021028	4773	CAATATGGTGGAATTTGGCAGCGTAGTGGATAATATCATTTGCTGTCATTTGTGGATAATAGCGAACTTCACTCGGCACATAACCGACCATTTTTTTGATTTCAGCGGAGTCTTTCACCACATCTTTTCCGAGGATCGTCGCACCCCCACTCGTCGCATAAATAAAATTCAGTAAGACTTTAATTGTCGTTGATTTCCCCGCACCATTCGGACCGATAAAACCATATAGTTCGCCTTCATTTACTGACAAATCTACATTTTCAATTGCTCGCTTTTTATGGTAATTTTTTGTGAGCGACTCCACTTTAATTGCTTCCATGTTCTCTCCTCCACACTCAAATTGACCACTTAGTCAACTAGAGTATAATCTCTTTTGACCAGGTAGTCAATTACGAACTATAACACAATAAAAATCTGTAAGACTGTATCCAGTAAAAGTATCCAAATTACTGTTTTCATGCCAGCTCAAGTCTTTAAAAAATCACTTTTAGCTTGATAATGCTAATTTCAATAATTGCGTTATTCCGGATAGAATAACTATATTCCAGGTGATATAATACAGTATGTAAGCAAGTTTATGGTGGTGGCTAACTCTTTCAACATGAAAGGGGGATGCCTATGGCTTTTTTGTTAGGAACTCCTGGAAAGGATAACCCATGACCGTTTATGAAGCACTCTCTTTTGCAGTCGCTTTTACAACTTTAATGTTGTTACTAAACAGTCAAAATAACACAAAAAAATAACCACTCATAAACTTTGGACGGTTTAGTGGTTATTTTTATAACATATTAAACTAGCTGCCATCTTAAATGGGCTTACGTTTGAGGGTCATGTTCTTGCATGGCTCTCTTTTCATGTTTATGATACCACATTTCCATTCTTTATGCCAAGTGTTCCCAAAGAAGTTTTTTCAACCGGTTTATTCATTTTCTTCTATTAATAGTTGTAATTTCCAGTACTGCATCGCGTACATTGTTTTTGCGTCATGAATGAATTGTTGTTCTATTAATTGTTCTGCTTCTTCTGGAGTTACTTTGACTAAATTAATAAATTCATCTGCATCTTGCGCCAATGGTTGCTCCATTTTCCGGAGGTCACGGGCTACATATATATGTAAAAGTTCATTGGCAAATCCAGGAGATGTGTAAAAAGAAGTGAGATATGTTAAATCATCGGACTGAAAACCAGTTTCTTCTTCTAGCTCTCGTCTTGCAGTAACGAGCGGATCTTCCCCTGGCTCCATTTTACCAGCGGGAATTTCAATAATTGTTTTCTCAAGTGGTTTTCGATATTGTTCTACTAAATACATTCCTCCATCTGCTGAAAAAGGTATAATTGCTACAGCACCAGGATGCTTAACAATTTCACGCTTGCTCTTTTCTCCGTTTGGCAACTCTACATCATCTACTTGTAGTTCGATAATATTGCCGCTAAAAATTTGTTCTGTATGAAGTGTTTTTTCTTCTAGTGAGTCCATTTCTGCCACCTACTCCTCGTTTTTTTTCATTATAACATAACTAAGTCCGAGTTTAATTTACATCGCACGACTGATAACATCTATTTTCTAAATATGGTATGATAAGAACAAATAAAGGACAATTTCTAAAATATAAAAACCATTCAACTTGCCTAGCATTCGCTTACAAAATATACTTAAATGGTAGGTTACTTTCCATCAATCTTTATTTTTAGAAAAATTTACTATAAGAAAAGCGGACCTTTTAAACAGGTACTTAAAGGAGAAGATGTATAATGACCGTTTTTAAAAAGATATTAGCATTCACAGGTTCTATTTTCCTTGTCATTATTTTGGCTGGTATTCTCACTTCACTAATTCATAGTGGCTTGGTAATTGCAGCAATTGTAATCGCTGTTGCGGCTATCCTATTTTTCTTTTCATCTAAAGCTGGGGACCGTGCGCAAATGATTGCAACTGGATTAACCAAGAAAGAATATAAATATATTCGCACTAACTTAGAAGAGGCACGTGTGAAAATTATCCGCCTTCAAAAAATCATGACACAAAACAAAGCGTTATATTCTTTCCAAGAGCGTAACAAAACGCTTTTACTTACAAAAAGAATTTATGGCATCGTAAAAGATGAACCAAAGCGTTTTTATGAAGCAGAAGATTTCTTTTTCTCCCATCTTGACTCTTTAGTGGAGCTAACTGAAAAATATGCTTTCTTAGAAAAACAACCCGTAAAAGACAAAAAAATATATCAAACACTTTCTGATACGCGTACACTTTTAAATGATTTAAGTCGTGTTATTGAAAAGGATTTATTTACACTTTTGAATCAAGATGTGAACAACCTTGACTTCGAACTAGAAGTAGCGAAAAACTCCATTTCTAAACAGAAAAAGAAATTTGAAAGGGGTACAAAAGATGACCGAGAACAAGCCAAGTGAACAAACAAATGAATTAAAAGATTTAGTAGTTGAGAAAGAATTCAACCAAACGTTAGATGATCTCCTTGCTAACCCGTTTGGATCAGATGGTGAATCAGCTGCAAGCATCGTAAATAATGAAACAGATGCAGCTCCCCGCCTTGTCGATATGCTTACTGAAACAAATAAAAAACAAGCATTAGAGTTATCCAAACAAATCGAACCTGGAAATCAAGCAGCGATTCTTGGATACGGAGCTCCGGCCCAAGCCAAACTCCATGATTTTTCTCATTCGATGTTAGCACATGTACAAAAGCAAGATGTTGGACCAATTGGCGATATTATTAGCGATTTAATGTATCGTTTGCAAGAAGCGGATCCTGATGAACTTGCCGCTCGCAATAAAAATGTCTTCACTAAAATGTTCCACCGAGTAAAACAATCCATCAACGAAATTACTTCTAAATATCAAAAAATTGGTACCCAAATTGACCGCATCGCGTTAAAACTGGAACATTCCAAAAAGCGTTTAATGGAAGATAACTCTTTCCTAGAACAGCTTTATGATAAAAATAAAGATTACTTCCAAGCACTTAATATTTACATTGCTGCTGGAGAACTAAAATTAGAAGAAATTAATACAAAAATGCTCCCAGAACTTCGTAAAAAAGCGGAACAAACGGGCGACCAAATGGATTACCAAGAAGTGAATGACTTAACACAATTTGCTGATCGTCTAGATAAACGAGTATATGATTTACGTCTAAGCCGTCAAATCACTATCCAACAAGCACCGCAAATTCGCTTAATCCAAAATACAAACCAAGCACTCGCTGAAAAAATTCAGTCTTCTATTATGACTGCGATTCCACTTTGGAAAAACCAAGTGGCCATTGCGCTTACCTTGCTCCGTCAACAACAAGCTGTGGCAGCACAACGCCAAGTTTCTGAAACAACCAACGAACTTCTCAAACGAAACGCTGATATGCTAAAAACAAACGCTATCGAAACAGCGCGTGAAAATGAAAGAGGTATCGTGGACATCGAGACACTTAAAGAAACCCAATCTAGCTTAATCGAAACCTTGCAAGAAACGCTTAAAATCCAACAAGAAGGCCGTGCTAAACGTGCCGTAGCTGAGAAAGAACTTGTAACAATGGAACAAGAACTTAAAGAACGTTTACTGGAAATGAAATAAACAAAATCCCACTCTTACGAAAAAGAGTGGGGTTTTTTCATCCCTTTTATTTAGTTAAATAACCATAACCTTCTAAAAGAAGTGCTGTCATCTTTTCTGCAAACAGTTCTATCATCTGTTCCCCTTTCTCCTCTGTGGCAAGACTAGCATCACCATATACACCACTTTTGCTTAAATCACCTAGCGAAATAGTTGTTTTCCCATAAAGAGTTGGTTTTTCGGGATATTCTCTAACTGCCTTTTTCATTTGCACTAATTCTTTTTTAGTCGCAAGCATTAAAGAGGTTTCAAATTCACAGGCATGAATCATTCCGTGCCATGTACCAGACTCACAATTCTTTTCCATTACTTCAGAAAGAGATGGATAGAATAGATACATAACAGGCATTTCTAACTCATCTGCTAATTCTCTAACAGCATATTTCATCGAGTTATTGTTAGAATCATGTCCATTTATTAAGACAAGCATTTTGACACCATAGCGAGAAACACTGTGTGCGACATCTTTAATAATTGCTTCGACATGATGTTGTTGAATAGAGATCGTTCCTGGAATATCACGCCATACCCAAGAATAGCCAAATGGCATTGGTGGAATGACTACTGCTCCTGTTTTTTCCGATACTAATTCTGCTAAATGGTCTGCTAAAAATATATCAACTCCAAGTGGTAAATGATGTCCATGTTGCTCTGTTGCTCCGAGTGGTAAAATTGCGACTGGAAAATCAGTTATCGCTTTTTCCACTTCATCTCGTGTCATGTTTATTATTTTGTTGGCTGATTGCACCATTTTACATCCATCCTATCTTTGAAAAGCTTTTACATTTTCTCTTATTTGATTGAGCATGGTCTTCGTGGCGCCGCGTGGAACAAGCTCACTTCCAATAGCGTAAGAATTACACCCCGCCGCTTTAAATTCTGCGATATTTCCTGCGTCTATCCCCCCAACTGCCATTAGATGAATATTAGGGAATGGACCTCTCAAATTTTTAATGTAAGTCGGTCCAAGTGTTCCAGCCGGAAAAACTTTAAAAATTTCTATGCCTAATTGTATTCCTTCCATAATTTCGCCTGGGGAAAATACTCCTGGAAAAACAGCTATGTCTTGTTTTATGCATTCTTCTACAATACTTTTTTCAAAGCCTGGAGTCATAATAAACGTTGCTCCTGCTTGTTTCACCTTT
NZ_CP092056.1_gap49	2059588	2061373	1785	CAGCGCCTTCAATTCGAGCCGCCTCAAGTATTGGTTCTGGAATAGACCGTAAAAAGAACGTGCGCATAATCATAATGTAAAAAGCATTCATTGCTAGTGGTAAAATCATCGCCCAAATGCTATTTCGTAAGTGCAAAAATTGCGTCATCACGATATAGGCGGGCACCATCCCGCCACTAAATAACATGGTAAAAAAGGCAATAAATGTAAATTGACGACGATACTTAAATTGTGGTCTTGATATCGCGTAAGAGTAAAGAGCAATCATCGCAACACTACATACCGTACCAATAACCGTAACTAAAATGGTAATACCGTATGATTGTAATAGTTGTCCTTTCATCTTCCATAAGTACTCATACGCTTCCATGCTCCACTCTTTCGGTATTAGTTGAAAGCCGTTTGCCGCCAGAGATGATTCACTAGAAAAAGAAATAACAATAATGTACAAAAATGGAAAAATACAAATGAGCGCTAGGAAAGCGAGCATAATATTCATCGCTACGTTCATCTTTTTCCCAAAACCAATAATGTCTTTGGCTGGTTTATTTTTTGCCGGTTTTTCCATTTCACCTCGGACTTGTTCTATTTCACTCACTGCTTCAAGCTGTTCTGCCAAAGCACCTCGCCTCCTTTTCTAAAATAAGCCATATTCTGGGTTTATTTTTTTCACGATGTAGTTAGTGAGTAGCACTAGAATAAAGCCGACAATCGACTGATAGAAACCAGCTGCTGCACTCATACTCATATCTCCAAGTGACGTTAAACCACGGTATACATATGTATCAATTACATCCGTCACAGGATAAAGTGGCCCTGAATTTCGCGGTAGTTGATAAAACAAACCAAAATCAGAGTTAAAAATCTTCCCGACATTCAAAATCGTTAAAATAACCATCAGTGGCGTTAGTGCCGGAATTGTTACATGTCTGATTTGTTGCCATTTACCAGCACCATCAATCATCGCCGCCTCGTAGTATGTACGGTCGATTCCAGCAATTGCTGCAAGGTAGACAATGCTTCCATAACCCAAGCCCTTCCAAACATTCATCATGATGAGGATAAACGGCCAGTATTTTGGATCGTTATACCATGAAACTGGATCTTGTCCAAATGCGAGTAAAATGTTGTTCATCAGTCCACTATCTTCACTCAAAAAGCTAAATAAGAAATAACTCACAACAACCCATGATAAGAAATGGGGGAAAAGCATTCCCGTTTGGTAAATTTTTGCTCCTCGTTTATTTAGTAAGCTGTTGAAAATAATAGCAAGCGCTACACCAAGAAACAGCCCTACGATAATAAATACTAAATTATAAAGAACAGTGTTTCGGGTAATAATAAAAGCGTCGTTTGTTTGGAATAGGAATTTAAAATTTTCAAGTCCCACCCAGTCGCTGCTCATAATACTGGATAAAAATCCTTTCCCATCAATCTTGTAATCTTTGAACGCAATTACTGTACCAAACATTGGTAAGTATGAGAAAACCAGGAACCAAAGGACGCCTGGAAGTACCATTAATAGCCAAATCCGATTAGCTCGAATTTGTGATAAAACTTTTTTCAATCCATCCACCCCTCTTTTTTGTAAGTGCTTTCAACATCTTTAGTTTATCGTTTTTACGAGGGTTAAAATAGTTGCGGATGTTTAGATTTATAGACAAATATTAGAAATAATCTTATTGATGGATTTTTCGGTAACGATTCGGTGTTTCGCCTGTGTGCTTTTTGAACTGGCGATAAAAATAAGCCATATCGGTATAACCAGATTTCCCTGCGATGATG
NZ_CP092056.1_gap50	2064742	2066245	1503	TCGCACATTTTTCATTTGGAAGTGGACAAACACCGTGAAATACTGCAAAAAAGCAATCCCCACGAGAAAAAGCAAGAACATTAAGAAGAAGTATAAAATCGTCGACCAAAAACCTTGCATCAATTCAAAAACAATCCGCAAATCTGCATAAAGAAAAATCCCTATTAGCGCAAAAACTCCACCCGCTAAATTAGCCGAAACAAACACCTGTTTATAGGTTTGCCAAGCAGATTTCCAAACTGGCGTATCCAAGTCCCCCCGAGCCCATTTTCTTGTTATCGTAAACAAAGCAACCGTCGCTGGCATAAAGCCAAACACAATCCCACCAATTAATACGAGGAAAAGCCATACTAAGTTTGTCCAGACGAGCCGGATAATCCAGTCGCTAATAACTGAGAATTTATCAATAAGTTTCATTCTTCTTCTCTCCTTTGATAGTAAGAGAAAGCCTGAGTTTTCGCTCAGACTTTTCTTTTTTTATTTACTTAATGGGCTTCCTTTCACATACACACCGCACAAACTTAAAACAAATTCACTAAACATCGCATTAGACCAAGCAAACCAGTCGCGCGTGAATTCAGCTGGATTCGAGGCGTTGACACCTTCGTGCATATAATCCGTTCCGCCATCTCCGGCAATCAACATCTCTAAAATGGCTTGTTTTTCCGCTTCTGTTTCTGCCGTTAATCCTTCGATGCTAAGCGCAATCGGCCATACATAATGATCAGGTGTATGTGGACTACCAATTCCTGTAAGTACACTACCTTCGACAAAATAAGGATTTTCTCGGCTTAAAATTAGTTTTCTGGTCGCTTGGTATGCGGGGTCAGTTTTTTCGCAAAAACCAAGGTATGGTGCAGCAAGCAAGCTTGGCACGTTAGCATCATCCATAAATAATTTACGTCCCGTTCCGTCAACTTCATACGCGTAAACATCGCCGTAATACGGGTGCACTTGTTTGGCATAGGTTTCAATCCCCGCGGCAACTTCTTTTCGTAAATCCGAGCTATCTTTCAGCAATTCTTTATCATCCGGGTAAAACGCCGCTATTATTTCTTGGACGTAATCCATCACCACAACTAAAAACATATTACTCGGCACAAGATAGCCATACATACACGCGTCGTCACTCGGTCTAAAGCCACTCCAAGACATACCAGTATAGCTTACATCTGTTCCTTTTCCATTATTATTTAAGGTATCTGATTGACGCACATTTTCTCGTTCAAAACGATACGGACTTTGCTCTGTATGTTTTTGTTCGATTTTAAAGACTTCGATGATTTGATGCAATGCTTTTCTAAATTCTTCGGTAAAATGACCTGTACGGTTGGTGCTTTTCCATAATAGGTACGCTAATTGAATCGGATAGCAAAGTGAATCAATTTCATATTTTCGTTCCCAAACCAGGTCGGTCATTGCTGTTTTGTCGTTTTGAAATCCCGCCCCATTCGCCGATTTATTAAAAGCATTCGCGTATGGGTCATGCAAAATACATTTAGT
NZ_CP092056.1_gap51	2087158	2089714	2556	CTAAAAGGCTCTAAAATAGGTTCAAAAATACGTGCTAAAAATTGGCCGATTTTTGATTCTCTTGCACCGGGAAACCAGCTCATCAAGAAATAAATAAACATGAGTGTTGGCAACCATCTGATAATAAACAAAATGATTTCCACCACTTGATATAAAATACTTTGCAATCTAGCTCACACCTCTACTTCATCACATAAAGTTTTGTTCATCGAGCATTTCGGAAATAGAGCCATCCACTTCCACATTGTCTGGAGTACATAAGAAAATATTATTGCCAACGCGTTGAATATCTCCACCTAATGCATATACTGTTCCACTCAAGAAATCGACAATACGTGTCGCTTGATCATGGCTAATACGTTGCAAGTTTACAACAACAGATTTATATTCTTTCAAATAATCCGCAAGTTCTTGTGCCTCTGCATACACACGCGGTTCAGCAAGTACCATACGACTAGAAAACTGAGCTCCCTGCATACTAACCACCTTCGCATCATCTTCTTCTACTGCATAAAAACGATTTTTATTTGGTTTTTCTTTCTTCGTTTTCTTTTGCATAGGTTCTGGTTCCCTCGCTACTTCCTCTTCATAATATTCCTCTTCTTCATCTAAGAAAAAGAATGACTTAAATTTATTCGATAGTCCCATTTGTTACACCTCCATATTATCGTCACTCACCAAAGCTCTTCCTACTCGTATAAATGTTGCACCTTCTGTAATCGCAATTCCGTAGTCATTTGTCATCCCCATAGATAACTCTGTACATGGAATATTTTTTAACTGAAGCGCATGAATTTCTTGCTGCAATTGCTTTAACTCATGAAATACGTGATGCAGCTCTATGTCGCTATTTGTAATAGGTGCCATTGTCATTAAGCCAACAATCTCAATAAACGTAAAATTCGCTTCTTGTAAAAAAGATAGCGCTTCTTCTTTGGAAAAACCATGTTTACTTTCCTCGCCAGAAATATTTACTTGAAGGAAACATTTCACTGGTTTAGTAGCACGCTTTTCGATTTCCTTTGCTAGCGATGATCGATCAAGCGAATGCAAATAATCGATTTGTGGTAACACATCTTTTACTTTGCGCGTTTGCAAAGAGCCAATGTAATGCCAACAAATGTCGTCTTTATCTGCAAGTTCGACTGTTTTTTCTAGGAAAACATCGGCACGATTTTCACCAAAGTGGCGAATACCTAAATCATAAAGCTCCGTGATTCCAGTTACATCAATCGTTTTCGTAACAGCTACCAATGTTACATCTTCCGACTGACGATTACTTTCTTCACAGGCATGCTCGATTTGTGCAGTTACTTTTTGTAAATTAGCTTGTTTTGTCATTTTTTATCACCTTATATAATTCCCGAAGTGCTTTATTTAAAACGCTTCTTGTTATAATCAGATACCCGGTCACTTGGCAATGCTTCAAAAGTGGCCGGGTGAAATTGTCTTATAAGTATTATCCGCGACGGTTACGGTTACGGATAAATGCTGGTACATCAACATCTGAACTATTTTGTTGTGGTTCAGCTTGTTGTTCATGAACTGGTGCATTTGCTTGTTGTGGTGCATTTTGCGCATAATCATTTTGTTGTTCGTCCTGTACAGCATAATTAGGACGATTTACTTGAATAGATTGATTTGGACGGCGATTTGCTTGCGCTTGTTGTTGCGCTTGCTTTGCTTCATCAAAACCTGTTGCAATAACAGTTACAATCAGTTCATCTTTTAATTCGTCATTAATAACAGAACCGAAAATCATATTTACATCTTCATCAGATGCACTTGATACGATTTCTGCTGCTTCTTGTACTTCATAAAGGCTTAGGTTAGATCCGCCTGTAATATTCATTAGCACACCTTTTGCACCATCAACAGAAGTTTCAAGAAGTGGAGAAGAGATAGCTTTTTTCGCAGCTTCAGCAGCACGGTTTTCACCAGTTGCAATACCGATTCCCATAAGGGCAGAACCGCGATTAGTCATAATTGTTTTCACATCGGCAAAGTCTAAGTTAATTAAACCAGGAACGGCAATCAAATCAGAAATCCCTTGTACACCTTGACGTAAAACATTATCTGCTTCACGGAAAGCTTCAAGCATCGGTGTATTTTTATCCACAATTTGAAGTAAACGGTCATTAGGAATAACAATTAACGTATCCACCGCTTCTTTCATTGCTTCTGTTCCAGTTAAGGCTTGTTTCGTACGTTTTGGTCCTTCAAAACCAAATGGTCGAGTAACAACACCTACTGTTAAAGCGCCCATTTCTTTTGCGATTTGAGCGATAACAGGTGCAGCCCCAGTTCCAGTTCCGCCGCCCATTCCAGCAGTTACGAATACCATATCAGAGCCTTTTAAAGCTTCTTCAATTTGTTCGCGGCTTTCTTCTGCAGCTTTTTTACCAATTTCAGGTACAGCTCCCGCGCCTAAACCACGCGTTAATTTTGTACCGATTTGTAATTTTGTTTCTGCTTTTGCTAAATTAAGTGCTTGAGCGTCTGTATTAACGGAGATAAATTCTACTCCTTGAACACCATGCTCAATCATACGGTTTA
NZ_CP092056.1_gap52	2113057	2116942	3885	CATCATTTCTTTTTTGGATTCGTATTCTGTTTTTAAGAACGGACGGAAAGACATTTCCACGCGTTTCACATAATGAAAACGAGAAACTTTGTTAGAGATATCTTCTACTTCGGCCATATCACAATATAACACCGCATATTTTAACTTACGCGATACATAATGCACGTTTCCAAATCGCTTCAAAGATCTAACTTGTTTGAGATGATTCATCCAAACGACGATAGCTTGTCTATCATTTTCCATTGTTTAAGCCCCTTCTTTTTAGGATAAGCTTTACGCTGAACAACCGCAGCCTCCCCCGCTGCCACATCCGCCTGTAGAACAAGCAGATTTTGTTTCAAAAAACGGATTACCCGTTGGCACTTTGATATTCTCTGAAACTGCACTTGCGAGGAGCAAACTGATTTCGTCCAAGAGAGATTGTAAATCCATCTCCGCACGGCGAAAAGCTGCCACATTTTGGTCCATGTCAACTTCGCGTTTATAGGCACGAGTCTTTCTGGTTACTTCTTTATAGTCAGGATGATACCGGCCGAACCGCTGTACTTCCTCGTATTGTTCTTTTATTCGTATGAATTGACGAATATTTTTTTGTGAAGTAGCGTCATTTAGCAACGCTTCTTTAGCAAGTTTGTAATTTTGCGCTTCCTCGGAGTTTAGAATCATGCTAGCAAGCTCATCTGATAAATCGAGTAGCGCCATATTTTCCATTGTAGCGAGCAATCTAGCCACCTCCATATAACTTACTTTTTTATTATACCATAGAACTATTATTTAATAATAAAATTTTGCGTATAGTATTTTCGATATGTTCCTGCACCCATATACGTATATGAACCATCTAGTAAATTTTCTCTGTGACCTTTGGAGTTGAGCCAACCTTCTACTGCTGCTGCGCTATCGACATAGTTATAGGCGATATTTTCACCAGCTTTAGTATATTTGACGTCCCCTTTACTAAGTCGTTTGCTTAGATCTCCTTGCGTGGGTGAAGTGTGGTCAAAATAATCATTTTTCTTCATATCAACACTGTGTCCATATGCAACTCGCGTAACAGATTCATCCCAAGCCACTTCTTCTATTCCGTATCGATCACGAATAACATTAGTGATTTCTAGTACTTGTTTACTAGAAGCATCATCAATCGCATTCCAATCTGCTGGCGACAACTTTTCTTCATAAATTTCACCTTGGTAAGATAATTCATACGGACGCATTTTGACGAAGGATAATTTATTGAGGTAACGAACACTAATCAGTTTTGATTTAAATTTATCGAAATTTAGTTGCGCATAAACGCCACTTCCAATATTAACGATTGGACGGGCATTTAAGTCTTCTTCAGAAAGTTCGAATTTATAATAGCTGTCTTTGTAATTAAAGGATATTTCCGATTGTAAGTTGGCATCGGTAAATACTTTCTCAGTGGACATCCCAATTGTATATGGCATGACATTTAAGTCTTGTCCTAGCGCATAAATGGTTTGCACGATATTTTTTGCTACGCCGACTTGCATGTAGCTTGTTCCTGGTTGACTGTAAATGTAATTATCGTAACCGTACGCTGTTTTGTCTACACGCACCGGGTCACCAAACTCTTTCTTTAATTCGCTTACGTTTTTATTAATAAATCTTGCCAAGCTGGAACTATCTTGCACTTGTTTCGGATTTTCATTCGTTGTTTTTTTATTATCAGGAAAATTAGATTTTGTCGCTGTATCTTCGGCTGTATTTTTCTCTACTGATTTACTAAAAAAAAGATCTGTGTTGTATCCAATGAACAGGCAAATGATTAATAGCACAGCTACTCGCATTATAAACTTCACATTTTGCCCTCCTCGGCATTATTTTGTTTTCTTGATGTAACATTCATTTTACCAATACTATTATCATTTGAAAAGCTTTAAAAATCATAAAAAAACAATTATAAGGAAACGCGTATTGCACGCTTCTTCATAATTGTTTTTTCTTTTTATAGGAAAATCGAAATAACTACCATTGCTACGAATAAAATTGTCATGTAGTTTAATGAGTATACGAACATCCATTTAGCCCATTTGATACTATCTTCCATCTTAAAGCCGTAAATACTAAGTGCTAACCACCCGATATTAAGTAATGTTGCTAAAATAACATATACAATACCTAAATCAAACATAAAGAATGGTAGGATAGTTAATAAAATCACCCAGAAAAACATGCTTTTCTTTGTGCGTTCAATGCCTTTTACTACTGGCAACATTGGAATTCCAGCAGCGGCGTATTCCTCTTTCCGTTTAATCGCGATGGCATAAAAATGAGGTGGTTGCCAACAAAACATCACGAGAAACAGCATAATTGGCACAATACTAAATGTTGGTTCGACTGCAAACCAACCAATTAATGGCGGTACAGCACCTGAAAAACTACCAATTACTGTGTTACTAACTAGTTTTCTTTTTGCATAAAGCGAATAAACGACTACATACAAAAAGACCCCAATAACGCCAAGAACTCCTGCTTGCCAAGTTGTCATAAATAACATAATTGTACCGACAACACCTAGCACAAGCGCGACCATTAGCGCTCGCTTACCAGAAATTTTCCCGGTCATTGTTGGTCTGTTTTTTGTTCTTTCCATAATTCCGTCAATATCACGGTCGATGACATTGTTAAAAGCGCCCGAAGCAGCGACAATAAGTGCTGAACCGACGATAGTAAAAAATATCACGTCTACATTTTGAATAAAAGAAATTCCATTTAACTGAAAGGCTAACCACATTCCTGTAAAAGCAGTAATCGTATTGGAATTCACGATACCAATTTTCACAAGCTCGGTAAAATCACGGACAGTAAATCTACTCGCCGATAACTCCCCAGTCTTTTCTATCTGATTCACTTTTTCTCCCCCTAACACTTGCTGATATAAACCAGTGATTGCGAACTGATAGATATCCTATACCCTTATTATGTGAAAAATACGCACCTTTTGTCAATAAATCGGCTTTAGTCTTGTACGCTTTACTTCTTCAAATAAACACGCTACAATTAGTTTGATGTGTACTCATGAACTTATACATAGACACAAATTTTAGTAAAATCTCACACGCATCTAAAGGAGAGATTGGTAGATAATGAAAAAATTCTTGAAAGTTTGGTCCGTACTAACGATTATTTGTATGACGGTCGTTGTGTTTGGCGGAGCGCTCGTGACGAAAACTGGTTCAGCTGATGGTTGTGGTAATAGTTGGCCCCTTTGTAATGGACAGCTAGTTCGTTTAACAGATGTTACTCCGGAAAAATTAATTGAATTCATGCACCGAATGACGACGGGAATCAGTTCGATTTTTGTTATTGTTTTAGCGATTTGTGCTTGGATTTATATGAAAAACCGTCGCGAAACAAAACCCCTTGCAATTATTGCTGTTCTGTTTCTAATTATTCAAGCGTTAATGGGAATGGCGGCTGTTGTTTGGGGACAAAATCCGTACATCATGGCGCTGCACTTTGGGATTTCGATCATTTGTTATGCTTCGATTGTATTGCTTGCCTTGATGATTTTTGAGGTAGACCGAAAATTCGATGCTAGAAACCTCGTGATGGGGACGAAATTACGCGTTAATATTTATGCGCTCACGATTTACACGTACTTAGCTGTTTATACTGGCGCACTTGTACGACATGAAAAAGCAAGTATGGCTGTTCCGGTTTGGCCTTTTGAAAATGGGCACTTTATAATGCCTACTTCTGTACAAGATTATGTGCAGTACTTCCACCGGTTAGCCGCATTTATTTTAATTGTTTGGTTATTATATGTTACTTGGCTTGTGTTCAGAGATTATAGAAGATATCGCGTACTTACTTTTAGCATGGTGTTGTCACTTGTGTTTATCGCTCTTCAAGCCG
NZ_CP092056.1_gap53	2133960	2138725	4765	CGAATTCCATTACCTCACCCGTCCATCATTTTCTCTACATATCATACCACAAAGACGCGCCAAAATAAAAATCAAAAAAACGCAACGACCTAAGTCGCTGCGTCTTTCGATTGATTAATAATTAGTTCCACTTATATCCATATCGCCATACATTTTTCTTGTAATATCAGTAATGATTTTATTTAGCTCTTCGCTAGAAATAACTTCATCTTTTGTAGGGAAATCTTCAATTGGAACAAATTCTTCTGCTTTTGTTTTCACCGTAAAGCTAATAGACTCAGGAGCACTCGCATCGGATTTATCTTCTATTTTTGTTTGAAGAGTAAGTGTATCTAAGCTATTCTCTTTTCCTGATTTCACAGTAAGTTTATTACTAATCCAGTACGTTTTATTTTCTTTTAATTCTTTCGCAGCATCTGTTAAACTCGATTTCATTTCTGCATACGTGGAATCAAAATCTGTTACTGCATCTGAACCTTGGCTTTCTGCAATAACTTTAAAATCTGCTTTTACTTTTTCATCATCCATTAGTTTAGCTACTTGGTTCATTAAGTTAGCAATATCGGCGTTTTTAATTGTAACGCTAACAGTGCCATCATCCGCTTCCTTAAAACGATCTTTTTCTAAGCCAGTGAAATAAGTATCGGTTAATTTTATTGCTTTTTTATTTAGATCTTTCGAGGCTGCCTCGATTTCTTTTGTATTTACAGCTGTTTTTGCCTCAGGTTGGTCTGTTAATGAACTTGTCAATTCTTCAGTACTAAGATATTTATTTTTTAAATCTGGGTAATCGGTGTTAATTTTAGACCACATGCCACCAGTCGCTTGGTCTAAATAACTAAGTAAAGAAGCATCAGGCTCTACAATAGTTTTAAGTGGAATATAGGCATTCCCTGTTTTACTATCTACTAAAAAATCTAAATCCATTGAAATTGGCAGTAAGTTATTCTTCGATGTTACATTGAATTTTGCTTCTGATTTGTTTGCTTTTTTGTCAGTGGACGTTGTTACAGAAAGCTTAATGTCTTTTAAAATCCCCATCGTTTGAGCACTTGGGTCAGTGCTAGAAACATTTATATCGTTTACAGCAAAAGAAGTTGTATATGTATATTGATCAGGCACATTCATCCCATTTTTCATTGTTTGAACAAATTTACCTTGTGGTGTTTTTGCTGCTTTTTCTTCCGCACTTTCCCCACAAGCACTAATTACTAATACTAAAGCTAACAAAATTGATAATAAAATCCCTTTTTTCATCATTCTCCTCCTAGGTGATTAATACATTAAAACTAACACACTTTAAGGTCTGAAAACAAGAGAATTTACAATAGTTCATCAGTCTGACACAAATTCCTATAAAAAAAGCGTTCCTTTTAGAAAGGCACGCTTTTATTTTGGAGTCACTTTTAAAGATGTAGCATTTTCAGATACTTTTCCAGGGGAGGGTGAAGTAATATTTGAACCTTGTGGGAATACAGCTCTAACAGTATCTTCCTCTTTGATGTCAGCAAGTTTCATTGCTTTTCCAGTGGTCGCATTTGTTACAGCTGTATTGCTACTCACTGTAATCATGACTTCACTTGCGTAATTGTTTTTTTCACCATTCCACGTTAATGTCCCATTGACTGTCAACTCATTATTATTCTCTAGCAAACTAGTATCCGTTATTGTTCCGTCAAGGACTAAAGCAGGCACTTCTGCTTGATTACAACCTGCTAAAAATAGTACCACTAGTAAAACCGGCAATATTACCTTTTTAAAACCTGTCATCACTCTCTCGTCCTCTCTGAAGCTTATCGTTCTTTCTAGCATAGCATTTAGCAGAAATACAGGCAATTGTTTTCTTGTTTCTTAAACAATTCTTATACACCAAGCATCATACCGAGAAAAGCCGCTATTAAGCCAAACACATACGTACAACCTAGATAAGAAAATAACACACGATAATTCGCCTTCCATTTTAATTCCATACTTTCCACTTTAAACGTAGAAAAAGTCGTATATCCCCCCATAAACCCTGTACCTAAAAAAAGTTGCCAAACCGGTCCAATAGTAGAGGAAACAAGAAAACCTAATAAGAATGAACCAGTAATATTAATAAAAAAAGTCGCAGAAGGAAAGTTTGTTTTCCATTTGCTTTTGACCAATACAGAAATTCCATATCGTAGCATCGCACCAAGAGCCGCTCCAAAACCTACAAGTAAGAAATTAACCAACACGATGCTCACCTCGATTCAAAAGCTTATTGCTAAGCATCCGGCCAAACTTCACCATAATAAGCCCTCCAATGAAACTAGCTAGCACATAGCTAACTGCAAATAACCATGCGCCACTTTGCACTAGTTGAATTGTATCTACACTAAAAGCCGAGAAAGTCGTAAAGGCGCCAATAAACCCCGTCCCAATCCCGTTCAAAAGCACCAATGAAACACGTGATTTTTCCGCCAAAAATCGCATGAGAAAAGCCAATAAAAAACAACCTATTAAATTAACCGCTAAAGTCGCAGAAGGAAAATCCCCGCCACCAAGCCACAAATTCATTGCATATCGGCACATACCACCTAATGCACCAAAAACTCCTACATAAAAAAAATACATCTCCAAGACCCCACTTCACAAAAAAACTACCCTGAAATATTTGCATTCCGAGCAGTCGCCTTTGTCCTATTTCTACTATACTATAACGCAAAACATTCCAATTATTCAACTCACTGGAAGTCGAAGGATGGTCTTCATTTTTTCTGGGTCCGCCTTGCGTGGATCGCTCAAATAAATTTCGTGGTGTTTACGAACAGCTCCTGTATCATTATGAAGCCCTTCTGTTTCCATGAATTGGTGCATTTCCGCGACCGTTTTCACTTCTTCACTAAAAGGACCAATATGCATCATTTGCACACATTCCCCTTCTTCAAAACGAACCAATTTCACACGACTCGTATCGACATCCGGCTTTTTCTTCTGAGCAACCTCTTTAGCCCATTCCAACACTTCTTCTGTGACAAAATCTGGTTGTCTAAGAATGGATGTCCAAAGCCACGCATCTCTGTCCTTTAAATCAAACTTCTCTTCAGACCACCAAAACCCTTCCAGCGGCGGTACAACAAAATCCGCATAACCATTCAGGCGCGTTTCGCCCATCTTGCTCATTTTAATCGTGTACGCAATCGCATAAAGAGACTGCACTGCCTTTTGATACTCCTCACCGTCCGGATCACCTTTACCATCCACCATCAAAAAATTCATTTCCAGAACAAAAATACGCTCTGGCTTCCTTTTAGGCGCGTAGAATTTCTTCTCTTCTTTTTTAAAATCAATTTTCTTTTCAGTCATTTGAATTCCTCCTCGTTCATCCAATTCGGCACTATCTTTTGAAAATTATCGTGACTAGCTGCCGTCTTTACTGCATAATCCATCAACTTTTTAAAATTACGAGATTCATTTTTTGCCGCCCAACTAACAGCCGAAGTAATATGCATCGCCGTGTAAAGCGCATAAAGATTCCAAAAATCCGTAACTTCTTCTTTATCAATATAGCCTAAAATATTTCCTCGTGCAAAAGGTATACTGACCTCTGTTGTAAAAAAGCCGATTTTAGCTAAATCAAATAAAGGATCACCGAACTCTAGCCGATTAAAATCAATTAGCCCCACAAACTTTTTGTTGTTTAAAATAATATTCGCTGGATGAAAATCTCCATGCTGTAAACAAATCGGTCTATTTTTTAATCTAGCTATATTCTTATAAACAAACTTTTCAGTGTCTGTTAAAAAAGAAGCTGTTATTTCTAATTCTTTTAATTCCTCCACTTTTCGTTTAAATTTAGCTGTTTGAAAATCCAACCAGTTCATTTTTGGTATATCTAGCGGTATTTTATGAACTTCTCGTAAAATTTCCCCTGCCGAAAAACCAGCTTTAAACTGTTCTGAATGAGATAAATGAGTCATGCCACTTTCTGCGTCTTCTCCTCGCAAATAACTAATAATCATATAGCCTTCTCTTTCGATAAAACCGAAATCATATGCTTTTGGAACAAATGGAGTTTGAGAATCTAATGCTTGGATTATTTTAAATTCTTGCTTCCGTTCTTGAAGTAAGTCTATGGGAAAAACACGAACAAGGTAAGTTTCATCCACCTGGTATTTCCTATCAACAGAAAAACCTTTTTTTATTTCCGAAATTACTTTCGCATTATGCAACATTTTTAGTTGTGTCACATCCATAATTAGCTCTCCCTCCTATAAATTCGCTATTCTCCATTATACAAGAATACGCTTACTTTTTTCCAATTATCTACGTAGAATTTGTTGACAAAATAATGGAATCAATATTATAATTAGTTTTGCTACGCATACGCGGTCGTGGCGGAATCGGCAGACGCGCTAGGTTGAGGGCCTAGTGGGGTAAAACCCGTGGAGGTTCAAGTCCTCTCGGCCGCATCAATTAAAAAATTCCAAGGTTAGAAGCTAACCTTGGAATTTTTTTGTATCTTTAATATCTTCTATAAACAAATAACCCGCTAGCTACGACAATAAGCAATCCTGTAAAAATCGTTGAGCTACTTGAACTATCGCCCGTTTGCGGTAGAGCGGTAATTTTTGTCGTTTCTCCACTTACCTTCACCACTGTACTCCCCTTTGTTGGAGTTGGTTTTAGAGGTACCATTATTTTATTATCACTAAAAGTAATATTAATAGTTTTTTGAGGATTAAATGGTATCGTTACGCGAATTTCATTGGCTGATTTTTCATAACCAGGTGGTGCTGTT
NZ_CP092056.1_gap54	2156019	2157548	1529	ACGAGCAGATCATTCGCTAAAAATATATCGAAATCACGAACCGAACGAAATTCGACTGGCAATTTCACCCATAAATGAAAACCACCTTTTGGCTTAATAAATGTTACTTCACTCGGTAAAATGGCTTCGAATGCTTCGATTAGATCATCTCGACGCTGTTCCAATACGTGGTGCAATTGCAGCAAATGTGCCTTGTAACCGGCCGTATTTAAAACACTATTTGCTAGTACTTGCGGGAAAATGCTTAAACCAAAATCCATCTCTTGTCTGGCGAGTGCGAGCCGTTCAATAACCGCTGTCGGACCAATCAGCCAACCAATTCGTGTAGTAGATCCCATGATCTTTGAGAGCGATCCAATATATAAAACATTATCTGTATCCAATCGTTTCAGCGGTGCCGGAATTTGGTTATCCAGCGCACCCAGTTCTGAAAATGGATCATCCTCTACAATAGGGATTTGCAAATGAGCGCAAATTTTCACGAGTTCTTTTCGTCGTTTCAAACTCATCACTAGTCCAGTTGGATTTTGAAATGTTGGATTAACAAAGACCATTTTTACGCGATGTTTATGATATAAATCACGTAATTCCGAAATAACAACGCCGTCTTCATCCATTGGTAACGCAAAAATCCGCAAGCCGGCTGACTGAAACAACGATAGCGAATAAAAGTATGACGGTGACTCAATTGCCACAGCATCCCCCGGTTTTAATAAACATTGTGTAATTAAAAAGAGCGCTTGTTGTGCACCCGATGTAATGAAAATTTGTTCAGATCGCGTTTGTAAGCCATAAGCTTCTTTCATCTGCTTTTGAATCGTTTCACGCAGTGGTTTGTAGCCAGCTTCGTCCTCCTGTTGTTCTTCAGCAATAAAAGACTGCCATGAAAGACTCGGTGTTCCCATTTTCGGCGTCATTTCAAGCGGTAATTCCCCGCTTGCAGCATCAATCACGTTATCCGAATTGGCACGTTCCATTACTCCCGCTTGGCGAATATAAGGAACTGCTGGCGTAAAACCACCTTGCGTTAAATAATGCCGCCAATTGGTTGACTGCCCCGCAAAAAGTCCCCATTTTTCCGCATTAACCGTTGTTCCACTACCTTGTTTGCGAATGATAACAGCCCGCGCCGTCAGTTCATCGAGCGCCCGCACAACCGTCGAACGATTCACACCAAACATCTCCGCCAACTGTCTTTCTGGAGGCAATTTTTCTTCTGGCAAAAGTTCACCATTCATAATTTTCGTTTCGATTAAATCAACAATTTGTAAGTAAATCGGTAAACTCGAATTTCCAGTTAGTCGCCACATCCGTTCATTCCTCCTATATAAATTGGATGGAGAAAACAACATCCAATTGGCTGTTTTTACGAAATGGCTTTTAGCTTATCATAATAGTCAGGTAATTTCAATTAACTTTGATGGAGGTTATTAATATGGAGAAAAAAGTTGGTACAGATCGTGTAAAACGTGGTATGGCGCAAATGCAAAAAGGTGGCGTCATTATGGATGTAGTTAATGCCGAACAAG
NZ_CP092056.1_gap55	2202555	2206793	4238	GTGGCGCTATCGTCCTAATTGCTGGTAGAAATACTGAAATGGTACAAAACGTCTTAGATCAAATTGCTGTTTTCCCAGCCTACTACCTTGTGCTAAATTTACTATTTGTTATTTTAGGTTTGTTGTTATACATTTTACTCGCAGCCATGATTGGTTCGATGGTCCCGAATGTGGAAACTGTGGCTCAGTTTATTTATCCGATGACGATTCTTGCTATTATTGGTTACTGGGGTTCCATCGCAGCAGCTAATGCCCCAGATAATATGCTTGTTATCATTGGTTCTTATATTCCGACATTCTCACCAATGATGATGCTAGCACGAATGGACTTACTTTCTGTTTCAACTATCGGTATCTTTAGTTCACTCGCCATTTTACTTGTGAGTGTTGTCGGCGCATTTTTCCTCACTGTCCGCCTTTACCAAGGAAATGTGCTACTTTACAGTAATGACGGTCTATGGAAAACTTGGAAAACATCACTATCTTATGCAAAAAGAAAATAAAGAAAGTTGGTACATTATGCAAATCAGACTATCTAAACGAGAAGATGCCGCTTCAATGATTGAATTAGAACATTTAGTTTGGACACCAGGAACAACGCCTGGCGATATCCATTTTGATAGCGAGGCAGAATTTTTACTTAAAAGTCCGCCCGGTTCCAAAATTGTTGTCGTGACGGATGATAAAGTAGTTGGGATTCTTGGTTATAAGTCCCCTATCCCACTCGCATCCAATAAACACGTCGCAGAAATTGATATCGCTGTGCATCCAGACTATCAACGCGCGGGCATTGGTCAACTTTTAATGGACAAAATGAAGGAAGTAGCGCGCGAAAAAGGCTACATTAAAATCGCCTTACGAGTTTTATCCATCAACCAAAAAGCCATTCGTTTTTATGAAAAAAATGGCTTTAAACAGGAAGGGCTCCTCGAAAAAGAATTCATTATTCAAGGCAAATTTGTTGATGATATTCTAATGGCTTATTTCCTCTGACAAAAGGCCTGCCTTAAAATTCAAACTATGACTTTATAATCATTTTACTAATAAAGCGTTTACATTTATTTAGAACGGTTATATATATAGTACAACGAACAAATAAAAGGTGATGCGAATGAAACAAACTTGGTGTACAAGCTGATTTTTTCTCAGCTTTGTCATATGCCGGCAAACGTCTGGTGAAGGATTTTAGTGTCAAGCAACTACAGTTAGCTTACAGGAGGAAGGCGAGGAGTATACGCCGCGTCAAGGACTTTACGCTAACTTAGTTGTAGGAAGACGGAATTTCGTTACGTCGCTCGTTTATCAATATTTTTATCCTCACTACATTGGTAAATAAGCGAATAAAGTATCGTATCATTCATGGCCACTATTTAAGCAAGTTACGGGCGCTCATTTATTCGTAAGTTAGAATATCTTGAGAAGTAAGTAGCAAGACAAAGAATTCGCCTACTTGTTTGAAAATGCCTCACCGTTTTCCGAATGTTGTATGTTTATTCAGAAACATCCAGACATGGTCCGGCCCATCAGATGAGTGGCAAGACAAGCTCATCCGAAAAGAAAAACCCCGCGTGACGAAATCGTCATTCGGGGTTTTTTGATTCTGAAAACAAGATAGAGATATTTTTATCGTAAAACTGTTGAATGACTGTGTGACATTTTTCAAATTCCTTCGCTTCTAAATGCGTTACTAATTCCTCCAAGGCCTGCGAAACATCTATTGTAAAAGCCTCGAAAAATAACTTTTCATTCTTTTCTTTCATATTTCGCAGTGTCTGGCTTAGTATATCAATGTTCTTCTCCATTGCCGGCATTTCTGTATAGTGAATCATACAAGCATAAAAGTTTTTCACATGATTAATAAAGACTTCTGTGTCATGCTCTCGAGCAGCTAGTTTTATATAAACTAACTCCTTTCTTAAGCATGTTGCGCATAATTCTGCGTCTTGTTCTTGTAGTTTTTGTACAGCATAATTTAAATGAAAAAAAGCTAACTTTAATCGTGATTTTTCGCGATGCTCGGCTTCACTATTCACTGCGACTGAAAAACCGCTCTCTCCGATGTTCTTGCATATTATACCACTCTTATGTAAACAATGGAGCGCACTAAAAGCTACTCGTTTGCTGACCTGAAATCGTTTCATGATGTCTTCTATGTCCACTTTCTCGCCATTTTCCAAAGTATTGGCCATTATCTCATTCTTGATTTCTCCATAAATCGGATCTGCAACAAATCCACTTTTTTCCATAATTCGAACCTCTTTAATTTTTATTGCTTTCAATGTTATATTTTACACGAAAAATCTCTATTTAGATATGGCTTTTTGCGAAAAAATGTGTCCATTACGTTACAAAAACAATTGTATTGTTATAACAAAAATAGACAATAGATTGTAATGACAAACAATGATTATAGTGTTATATTTATATTGTAATAACAATATAAACAAGGAGTGATTGTTTTGAGTACGTACGATTTAGCACCTGAAGTGAAAATTCATCAATTTGATGGTGCTTGGGCTGGTTATAAAGATATTGCCGGAGAGCTACTAACAGCCATCCAAAAGAAGAACAATGAACATATTATCGTTGCTATTGAATGTTACCCTGGAACGCGAAATAAAGAAATTGTTGCCGAACTACTTCCATTACTACCTGTCGAAAAAGCGGTTTTCGCGGATGAGTGGGCATTAAATAACGAAGAAGTAACAAATAAAGTCCAATCTCACTTAACAGATGACCGTGTGTTCGGCATTATGTCCCACTATGAAGTGAGCGACTTTTATCCAGCAGAAAAACTTGCTGAAATTCAAGCAGAAATTTCGGCTAGTAAGGGGTTAGTTGTAATTTACGGGACTGGCGCAACAGTTATAGCACCAAATTCAGACATCCTTATTTATGCCGATTTAGCGCGCTGGGAGATTCAGTGCCGTTACCGCAGAGAAAATAAACCTAACTGGAAAGCAGACAATGCGAATGAAGATGCGCTTCGTAAATTCAAACGAGGTTACTTTTTTGAATGGCGCATGGCTGACCGCCAAAAGAAAAAACTTTATCAACAAATAGATTTCTTACTTGATACAAATAAAAAAAATGAACCAAAAATGGTACGCGGGGAAGATTACCGAAATGGTTTAAAACAAGTTTCGAAAGCTCCTTTTAGAGTAGTTCCTTACTTTGATGCAAGTGTATGGGGTGGCCAGTGGATGAAAAACAACTTCGGACTTGACCCTACTGCTGACAATTATGGTTGGGCATTTGATGGTGTTCCTGAAGAAAATAGTTTATACATGCGATTTGGGGATATTCGGATTGAAGTCCCGTCTACCAATGTAGTAAACCATTTCCCAAATGAATTACTTGGACCAAAAGTACATAGCCGTTTCGGTACGGAATTCCCGATTCGTTTTGACTATCTCGATACAGTGGGCGGTGGTAATTTAAGCCTTCAAGTCCATCCATTAGTAGAGTACGCGCAAGATAAGTTTGGCATTCATTATACCCAAGATGAAAGTTACTATATTTTAGAAGCAGATAGTGACTCTACCGTTTACCTTGGAACAAAAGAAGGCACAACAAAAGAAGCAATTATGGCAGATCTAGAAAAAGCCGCTGAAGGAAATTACCGTTTTCCCGATGAAAAATACATTAACGTCTTCCCAGTGAAAAAGCACGATCATATTTTAATTCCAGCTGGGACGATTCATTGCGGTGGTCCAAGTACCGTCGTCCTAGAAATAAGTGCCACCCCTTATATTTTCACTTTTAAATTATGGGACTGGGAACGCACTGGACTCGACGGCATGCCTCGTCCTGTTCATTTAGAGCACGGCAGAGAAAATTTACAACTTGACCGCGATACCAAATGGGTAAATGACAACTTAATAAACCAATTTGAAACATTACACGAAGATAACGATTCAAAAGTAGAGCGCACCGGGCTACATGAATTAGAGTTTATCGAAACACAACGCCACTGGTTTAAAGAAACTGTTACCGTCCACACAAACGATAGCGTCAATATGCTCAATTTGGTAGAAGGAACAAGTGCTGTCGTTGAAAGTATTGACGACTCTTTCGCACCATTTGAAGTGCATTACGGAGAAACATTTATCGTCCCTGCAATCGTCGGAACTTATCAAATTAGAAATACAAGCGCTAGTGAAAAAGTAGCTGTTATTCAAGCATTTGTACGTAACTTATAGTAAAAGAAAGCCTATCAAGATTGTTGATAGGCTTTC
NZ_CP092056.1_gap56	2217621	2219587	1966	CTTTGTTATAGCCTGATAAAAGGCTAAACAAAGCGTTTCTGTTTTTTATTAAGGTGTAACAATATTGAAGACAGGATTAAATTCATCTAACAAGGAAGCAAACTCCCCAAATTTCTTCGCGTCTCCTTCTAGTTTAGCTGTTTGGTCAGCAAATGCTGCTTCAAAGCTTTTCACACCACCGAAGATATGATTAAATGTATCACGAGTAGTAGTTAAAGTTAAATCAGCTTTATCGTCTACTTCACCTTCACGATAAATAAGTACTGAATTATTTACAAGTAAATGATAATTCTCATCAACATCTGTTAATTTCCAGTTCATGGAGATACGTTTACCAATGGATCTTTCTCCATTTAAACGAATACCCATGTAATCTAAAATCAAGTTAAACGGCATACCCTCCACAATATCCAGTGTAACACCAGAAATAACTTCATCTGGGACAGAATTTCTCAGTTCATCCGCACCAGCTAAAAATACATTACGCCATGGTCCAGACTCAGATTGATAGCCAAGTTGTTCTAACGCATCTGCAAGAAGAGCTCTTGCTTCTCCGTTTTCTCCATCTGCGAAAACCGCATGTTTGACAACTTCCGCAACCCAGCGATATTCACCCGCTTCATAGGATACACGCGCTTTTTTCAATACTTCATCAACGCCACCCATAAACTCAACGTATTTTTTCGCAACATCTTCTGGAGGTAGCGGATAAAGGTCAGCAGGATTTCCGTCATACCACCCAAGATAAAATTGATAAATCGCTTTAACATCATGGTTAAGCGTACCGTAGTAGCCTCGTAAATACCATTTTTCTTCTAGTGCAGGAGGGAATTTCACAGCTTCAGCTACTTCAATAGCAGTTAATCCTTTATTAATAAAATGAAGCGTTTGGTCATGCATATATTTATAAGCGTCACGTTGGTGAATAAGCATATCATTAATTTCTTCATTCCCCCACGTTGGCCAGTGATGTTGACCGATACAAACTTCATATTTATCGCCAAAGGCACGAATTGCTTTGTCAATATCTTTCCACCACTCATAAGCGTCACGAATTTGCGCACCACGTAATGTTAAAATGTTATGCAAGTTATGAACGGCATCTTCTGCGATATTAAGTAGTTTAAATTGTGGGAAATACATCATATGTTCTGAAGGAGCTTCTGTATTTGGAGCCATCAAGAATTCCACTTCAATCCCATCAACAACACGTTTTTCGTGATCAAACGTGATAGTATCATTTGGAGCAAGCAAGGACATATGACCTTTAGAAGCTGTTTTACCAAGACCAGCATCTACTTGACCTAATTCCCCGCGTGACAAGCGGCTACCATACATATATTCTGCACGACGAATCATCGCGTTTCCAGCAAAAATATTTTCACTGACCGCAGCTTCCATAAATCCTTCTGGCCCAATAAGTGCCACTTTTCCAGAGGCTACATCTTCTTTGCTAATAAGACCCGCTACACCGCCGTAATGATCGGCATGGGAATGGGTATAAATAATCGCCTTAATAGGTTTTTTTGGACGATGCTCATAGTATAGATCAAGCGCCGCACGAGCAGTTTCAACCGACATTAATGTATCCGTAATTACAAGACCAGTATCGCCTTCCATAATCGTAGTATTCGACATATCAAACCCACGTACTTGATAAACGCGGTCCGTTACTTTGAATAAACCATTTGTCATATTAAGCTGAGCGATACGCCACAAACTTGGGTTAACAGAATCAGGTGCTTCTCCTTCAATAAACTTATAATCCTCCAAATCCCAAACTGCATGGCCATCTTCAGTATCTACTTTTACATGATCCCAAGTTCCAATAAAACCTTTTTTAGCATCATCAAAATCTTTCGTGTTCTCAAATGGTAAAGATTTTTTTACTTTCTCATTCACTTTCTTTGTAAATTCGGACGCTTCTTTTGGTAAGATTTTTTTTGTCATTATCGGTTTCCTCCTG
NZ_CP092056.1_gap57	2227179	2230835	3656	TTTGGCGTTGTTTCTTTAAAAATTTCCTCATCTGAATGCATTTTCCAACATCCTTTCCATTTGATTACAAAAAAACTGCAGAATAAATGCTTCTGCAAGTTCTTTTTTAGTTAAAGTATGGGTTTGTCTTCTTTTCATGACCGATGGTAGTTACATCACCATGACCTGAATAGGCTGGGAAATCATCTGGAAGTACAAACAGTTGTGTTTTAATACTGTTTATTAACATATCAAAATCTCCTGTATATAAATCTGTACGGCCGATACTACCTTTAAACAAAGCGTCTCCAACTACGACAAATTCGTCGAAAATAAAACTAACGCTTCCGATAGAATGCCCTGGTGTCGGTACTACTTTAAAACGAAAACCTTCTATATTATATTCACCTAACGTAAATTCATTTTCTGCAGGTTGCGCTATGATTGCTTTACCAGCTATGTGCGCAGATAAATTTAATTCTGGATTGGATAGCCATTCTTGCTCTAATGGGCTAACATATACTGGAATATTATATGTTTTGCGGATCTCTTCTAAAGCACCAATATGATCATAGTGACAATGAGTTAATAAAACTGCCACTGGTTTTACTTCGAGTTTTGCAATTTCCGCTTCAATTTTACTTGCTTCATCGCCTGGGTCAACAATTAATGCTAAATTATCTTGATAAATGATATAACAATTTTCTTGGATTATTCCTGTCATAATACGTTTGATTTTTGTCATTTCACTTCCGCCTTTCTTCACATCCATCATTATACCGAAAAAATCGTCTTACTTCCATCAATATTCCTTGTTTGTATTCACTTCCGAGATATACTACAATAAAGAAAGAAGTTTAAAAGGAGGAATAAAAATGACTGCAAAAATGTTACATACATGTATCCGCGTAAAAAACCTAACAGAATCAATTACTTTTTATGAAAAAGCATTAGGACTTAAAGAAGTTCGCCGCAAGGACTTCCCGGATTTCGAATTTACGTTAGTTTATATGGCGTTTGAAGAAGGCGGTTTTGAACTAGAATTAACGTACAACTACGACCAAAAAGAAGCCTACGATTTAGGAAATGGTTACGGTCACTTAGCGGTTGGTGTTCCGGACGTACGTGCTTTATTAAAAGAACACCAAGAAGCTGGTTTTACTGTGACAGATTTAAAAGGACTACCTGGCGAAGACCCATTCTATTATTTCTTAACAGATCCAGATGGTTATAAAACAGAAATCATTCAAGATGGCGCTTTATAAGTAGAAGAAGGACTGGAGAAGCTTAATGGGAAAATATTTTGTTATAATTTTGATCGCACTAGCAATTAATGGAATCAGTATTTTATTCCATAATGATATAGCAAGCCTTATCGCTGTCATCATTACAGCTGTACTACTTATTTATTTGATGGTGGACTTAACAAAAATGTATCGACGTAAATAGAAAAAGAGTCAGCAAAATCCACAGGATTCTGCTGACTCTTTTTATTATTGAATCACTAAATTGCTTGCAACTTGTTTAGATTCTTTCATAAGATTTTCGATAATATCACTAGTGGAACGAATTTCAGTTAACATACCACAAATTTGTCCAGCCATAACAGAACCATTCTCAACGTCACCTTCATGGACTGCTTTTCTAAGAGAGCCAAGTGTTAATTCCTCTAATTTGTCTCTGGAGGCATTTTCGTTTTCTAGTTCTACATATTTTTGAATCATTGGGTTTTTAATACTTCTAACTGGCGCACCATTGCGACGACCTGTTACAGTCGTGCTTGTATCCGTTGCGTCAAGTACCGCTTGTTTAAAGCTAGCTGGAACCGGACATTCCTCAGCAACAAGGAAAAGTGTGCCGATTTGGACACCACTTGCGCCTAATGCATAAACAGCTGCCATTCCGTGACCATCGGCAATTCCCCCTGCTGCAATGACAGGAATGTTCACTGCTGAAACAACTTGACGAACGAGTGCCATAGTGGTTGTTTCACCGACATGACCACCCGCTTCTGTACCTTCTGCAACAACAGCATCGACACCGATTTCTTCCATTTTTTGAGCTATTTTTACAGATGGGATAACAGCAATCACTTTAATTCCAGCTGCTTTAAACTTTTCCATGAATGGTTTAGGCGTTCCTGCCCCAGTTGTAACAACTCGCACATCTTCTTCAATAATGACATCGACAAGTTCAGGACAATTTGGCATCATCAGCATAATATTTACAGCGAAAGGTTTCGTTGTCTTTTCTTTACAAAGACGAATTTGTTCTCGTAACGCGTCTGCTGACATTCCTCCAGATGCGATAATCCCTAGACCACCTGCATTTGATACTGCTGAAGCTAATTCATATGTGGCAATTTGTGCCATTGCCCCTTGTAAAATTGGATATTTAATTTGTAGCATTTCAGTTAAACTCATTTTCTTTTCTCCTCTCTATTTTTACGCCAATTCTTTAGTTGGTTGTTTTTTCTCACGTAATTTATAAACAATATTAATACAAAGTCCTACAGCCGCAAGCGCGATAGCTATATAAAAAGCTTGTGTGAAGTCCCCGCCATTTTGACCAGCAATTTGCGCTGCCATTTTTGGAGCAAAGAAGGCAGCCGTAGAATAACCAATAAAAACGATTCCGTAGTTGACTCCTTGGTTTTTCGGACCGTAATTTTCCATAACGATGGATGGGAAAACACCCATTGTTCCGCCAAAGCAAAGTCCAAGTCCAATGATTCCGATAACAAACCCAACAACAGATTGAAGCGTTGCAAGTGCTAGTAAAGACAGAGCAATCACTGTATAAATAATCATTAATGTATTAGATCTACCTAGACGGTCAGATACCGCGCCCCAAACTACTCGACCTAAACAGTTGCTTAGTGAATAAATACTAACATAAGCAGCAGCTGATGCAGCCGTCAAGCCAAACATATTTTGGCCAATTAAGGATGCATTAGAAGCAATCATCAGACCGGAGAATGCGCCAATACCTAGCATTAAAAGAATCAGATAAAAAGTAACTGTTCGAACCATTCCAGTCCAAGGTACATTTACCATACCAGCTACATTGTTAGCAGGTGGCGTCCAACCTTTTGGTGTATAACCTGCTGGTGCGACACGAATAAGAAAACTACATCCAATAACAACTGCGATATAAACGGCCCCCATAATTTTAAATGCTGTCATTACGTTATACGTTTCAATTAAGTAGTTAGCAATCGGTGCAGCAATAATTGTCGCTCCGCCCATTCCAGCTGTAATAAGTCCTGAAGCAAGTCCACGTTTATCTGGGAAAAGTCGAATTGTGTTGCTAAGACATCCTGAATATGCAAAACCTTGTCCAAGCCCAGCAAGGACACCATAAGATAAGTAAAGCATTGTAGTGGAGGTAGCAAATCCTGTTAACGCAAAACCAAGCCCGAATAGTATACCTCCAATTAAAATAGCCCATTTTGCTTTCCCTTTATCCGTTAAAATCCCACCTAAAATAGTTGGAATCGGTCCAATCGCCGCATTAATTGTAAATGCCATCATAACTTGCGGGATTGTCCAGCCATGAGCGGCACTTAGCGGTCCAGCAAATACACTAAATGCATATACTGCCCCCGTACAAAGTAGAACACCAACAGAACCAATTAAGACTCCCCAACGGTTTATTTCTTTTGTCATATAGATACT
NZ_CP092056.1_gap58	2348402	2351204	2802	GCTCGCCTTGTTTGGAGCGTCCGATATTTAACGGCCCCTCGACTTGAAAATACTCGCCTTGATGATTTAAGTGATGTAATTTTTCGGGGTTAAAGAATTCACCGGTTTCTTTATTATAAGTGAACGCATCCTCTTCCCAAGAATTCCAGAGTCCGCGAACCACTTTTAAATGTTCTGCCGCAATAGTGTAACGATCTCTGTGGGTTGGGAGATTTTTCTTGCTATGATTTCGCGCGGCGCCTTCTTGCGGAGAAGTGACTAGATTCCAACCCGCTCGGCCGCTACTAATGTGATCAAGGGAAGATAGCTGTCTTGCAAGTGTAAATGGTTCTGTAAAAGAGGTCGAGAAAGTTCCGACAAGTCCGATGTTTTCCGTAGACTCAGCTAATGCCGATAAAATCGTAATTGGTTCAAAACGATTAAGAAAATGCGGAATCGATTTTTCGGAAATAAAAAGGCCGTCTGCAATAAATACAAAACTAAATAACCCTTGTTCGGCAATTTTGGCGCGCGTCTTATAAAAATCTAAATCCGTACTTGCTGCGGGGTTGATGTCCGGATGTCGCCAACCGTCTGTTGTTCCGCCAACACCGTGAATAATTGCACCAAACTGAATTGTTTCTTTTCTAGTCATTTTACTTCCTCCTTTTCAAACAATGCTTTTTCCAAATGTTCCAATCCGATTTCTGTAACAGCTTGGTAGGTCCCATTTTCAATGTTGCCAATTTCTACGACCGGCACGTGGCGGATGCCGTATTTTGCTTGGAGAACTTCTCGCAAATAATCATGGTCGGTGACGTCGATATCTTGAAAAACAATTTTTTGCTCGATTAAAAAATCTTTGACATCTTTACAATAATGACACCCTTCTTTACTCCAAACGACGACATTAGCCATGGACAACTTCCTCCTTTATCGATTCACTTAATAGTTGATAGGAATAACGTTTAATTTCAGCAGATTTGACTGGAGTTAAAACAACAAAATCTTGGATATTATATTCTTTTGAAAGGCGTTTAATCTCTACTCCGACTTGTTGTTTGGTTCCTGTTATCGCACCAATTCGTTGGGTAATAAACCGGTATGTTTGGTCGATATCTTTTACGTAGGCTTCGGCTTGTTCGCGCGTCCCGACATTAACTCTACGTCCGTCTGCAAGCTCGACTTTGATTGACTCTCGCTCTGGAATATGTCGGTCTGCTGCGATTTTAGTCTCAGCTACTACGATAATTGGCGCTAATTGAAAGCTCGCTTTTGTATTTATTCGGTACTTTTCAAATAATTCGCGTGCTTCTTTTAAAACAGACTCTTCTCCGTTAATAAAATAAGCGAAAACAAAGGAAATTCCTAGCTCAGCGGCTTGTTTCGCGCTCGCCGCACTTCCTCCAAGCAAAAATATCTCTGGTTTGTTTTCTGGAAGTGGTTTTGCCGCGATAGTTGCGTCGGAATAATGTGTGACAAAATCGACTAGTTCTTCCAATTTAGCATCAAATGTACGAGTAGGTTTAACGAAGTCTTTTTGAAGGGCATCGGTTGCTGGCTGAAATCCACCTGGCGCTTTTCCGACGCCAAGTGAAATCCGACCTGACGCTAAGTTTTCAAGCACATGAAATTGTTCAGCAACTTTATATGGACTATAGTGTTGTAGCATTATTCCGCCAGACGCAAGCTTGATTGTGCTCGTTTTTGCAGCAATATACCCTAAAAGAACTTCCGGAGCTGCGCCAGCTATTTCGTCCGAATTATGATGCTCGGCAACCCAGAAACGATGATAGCCGAGTTTTTCTGCGAGTTGCGCAAGTTCTACTGTATTTCGTAAGGCTTCACTTGGTTGCTCGCCCGGATTAATAATACTTTGGTCCAAAATACTAAATCGAATCGTCATATGACACGCTCCTTTTTCACTTCTTTGATTTCATATAAATAATCCGCTGAAACTCGGTGTAAAAAGCGTTTTGTTCTTTCTTCTTTTGTATGATTAAACACTTCATCGGGAGTACCTTGTTCGACAATTAGTCCACCATCCATAAAGACGACTTGATCTGCCACTCGTTTGGCGAACTCCATTTCATGCGTAACGACAATCATCGTCGCACCCGCACGTGCAATCTCTAGCATTACTTCCAATACTTCACCGACAAGTTCAGGATCAAGTGCGGCGGTTGGTTCATCAAATAAAATGACGTCTGGATTAATTGCGAGTGCTCGCGCAATTCCAACACGCTGTTTTTGTCCGCCAGAAAGTTGGGAAGGGTAGGCACTGAGTTTGTCCGCCAAACCGACTTTTGTGAGCTCCCGTTCCGCAATTTCGTGTGCAATTTTTTTCGGCATTTTCCTTGCTACCGTAAGACCCTCCATCACATTTTGGATAACCGTTTTGTGAGAAAAGAGATTATATTGTTGAAAAACCATTGCTGTATTTTTCCGCAGTTGCAAAACTTCTTTTTTGGATGGTTTCTTACAGTTAATTATTTGGTCATGCATTGAAATTTCGCCATTTTCAGGTCGTTCCAGTAAGTTTAGGCAACGTAAAAAGGTTGTTTTCCCTGAGCCACTTGGACCAAGTATTGTTACTACTTCACCCTTTTTCACCGTTAAATCAATTCCTTTTAAAACCTTGTTTTCGCCAAAGCTTTTTTGAATATTTTTAATTGTAATCATACTGTCCCTCCTCGATATTTAGTGATATTCTTTTCCAAAATGTAATTAATTGCTTCAATCAAAATAGTTAAAAACCAATAAATGAGTGCGGCACCGATAAATGCTTCGAGAAATGCGTAATTGTCTGATGCTACAATCGTT
NZ_CP092056.1_gap59	2419170	2419835	665	ACCATTAGAAGCTTTTCCGTAATGTGTCACTCGCGTTGTCACGTTTTGCGTTTGCTTCCCGCGTCCAACTGTCACAGTTTTCACATCAGCAGAAGAGCCATCACCCATTAGGTTCGTTACGTTCTCGTTGATAGTATCGCCATCATTCATCAGGCCAAGCGCCCATTCAATTTGGCTGTCTGTTCCAATGTGTCCACGACGGTTCACATATGTCGTAACATCACTTGCAAGATTGTCTACACCGCCAAAAGTAATGCGCGCATTTTTCTCAGCGATTACTTCTTCCACAATGCTAACAATCCCTTTAGGTGCGTTATCTACCGTTACGTAGTTTTCCACATAAGTGACTGCGCTATTATCATCCGCCACAAGCAACACATGGTTAACAAGTGGGGATTCCGCTTTATCTTGTACGAAAACAGCTTGAATTGGTGCTTTCACTTCGACATTTTTAGGAACGTAAAGGAAAATACCACCGTTCACTAGTGCCGCATGAAAAGCAGTCAGTTTGTGTTCATTCACTTGAACTGCATCTTTCATGAAATATTTCTTCACAAGTTCAGGATGGTTTTTCACAGCGGAAATAATATCTGTGAAAATAACGCCTTGGTCAACTAGTTCTTGTTGCAACTGAAGTCTCGCAGGTCTTTCATCCATTTGAACGT
NZ_CP092056.1_gap60	2453259	2455007	1748	ACTTAGAAAACCACAACGATATTTTTATTTCTGATATTAAAGCCTCACTTGAAGGCATTTTACTAGCTGAAAAAGAACATAATTTTGAACTTGCTCGAGAAAAAGTAGCTTACATTTGGGACAGACTTTCGGAAGCGGATGAATTATTTTGGAATGACATATTAATTTTAAGAAATATTTTCTTTATTTTTGAAAATGAAACCGCTCAACATATTGTAAATCGCCTTATCTCTCAACTTAAAAAATATCGTTACCTATATCCAACCCTTTCGATTGAGATTTCACTTCATGTTAATCGTGCTACTTATTTAATTTTAGACGAAGAATATGAACTAGCTTTGCACTACATTGAATTATCTATAAAAATCGCTAAACATAACCATTACTACTTACAATTCTGTATGGCTGTTGCGAAAAAAGGAATTGTGCTGTATAAGCTAGACCAAAAGCAACAAGGTAAACACTTTATGCAACGAGCGCTTAGAGTGGCTAAAGTGCTTGAAGAAGAACGCATTCTAAATGGTATCAAAAATGAAATTGATTATTTTCTTCACGACGAACTTCAAGATCTCTCTTTAAATGAATTCACCAAAATCGACATATAAAAAAAGCCTAAATCTAGCTTCTCCAACTTTTGGTTGAATGACTAGATTTAGGCTTCTATTGTTGGCGCTCTTTGAAAGCGCGTTCGATATCACGTTTTGCTTCTTTTTGTTTTAAGTCTTGGCGTTTATCGTATTTCTTTTTACCTCGAGCTACACCGATGAGTACTTTTGCGTAGCCATCTTTAATATACATTTTTAGTGGAACAATCGAATAACCGGACTCTTTCGTTTCTCCAATTAAACGGCTGATTTGCTTCTTATGTAAGAGCAACTTGCGCGTTCTTAGTGGATCATGATTGTAGCGGTTCCCTTGTTCATAAGGACTAATATGCATATTGTGTAAGAAAATTTCCCCTTTGTCGATACGTGCATAGGAATCTTTTAAGTTTACCCGTGCGTTTCTTACGGATTTAATTTCAGTACCTTGCAGGACAATGCCAGCCTCAAAAGTTTCTTCAATTGCGTAATCGTGGCGCGCTTTTTTATTTTGCGCGACTAGCTTACCATCACCTTTTGGCATAACTCCCCATCCTTTCTAGCGACGTTTTTTCTTCTTCGGGCTTTCTTTTGCTACACCTTGATAAAAAGGTTTTTTCTTCTTTTTCTTTTTAGGTTTAGTATACCATTCGTCATCTTTGCGTTCTGTTTTTGGTTTCACGTCTTCTGATTTACCAGTTCTGCGTTTATTCCGATTATTTTTTGAGCTACTCTTGAAGTTTCTCGTTTTATCAATCGGTTTTTCGCGTTGGCGTTTTTGTTTATCGCTCACTGGACCTGGTTTACCTTCACTACGAAGCGCAAAATCGATTTCACGAGCATCCACGTCTACTTTAGTTACTTCTACTTCCACTTCATCACCGATACGATAAATTTGGCCTGTTCTTTCGCCAATCATCGCTAACTGATTTTGATGGAATTTGAAGTAATCGCCTTTCATTGCGCTCACATGGACAAGGCCTTCAATCGTCGTCGGTAGTTCGATAAATAAGCCAAAATTGGTTACCGAACTAATGATTCCGATGAAACGTTCGCCCACTTTGTCGACCATAAATTCCGTTTTCTTCAGTTCGTCTGTTTCGCGCTCTGCTTCAACGGCGCGACGCTCCATTTTTGAGCTGTGTTCAGCAATCTCAGGAAGCTCCT
NZ_CP092056.1_gap61	2465176	2469103	3927	TGCCGTCTTTCATTGGCACGTTAAAGTCAACACGAACTAAAACTTTTTTGTCTTTTAAATCTAAATCAGTTACAACTTTTTTAGCCATTTAGAGTTCCTCCATTAATTTTAAAGGATTGGGGTCGCCCCCGTTATTTCAGAAAATAAGCGGAAACAATAGTGTCTCCGCTTATTCTTGTTATTGCTGATGTGACTAGCACTTCAGTAAAATTAATCTGCTAATTATTTAGCGATTTTTGCAAAGTATTCTAAAGTACGTACTAATTGAGCAGTGTAGCTCATTTCGTTATCGTACCAAGCTACAGTTTTAACTAATTGTTGATCGCCAACTGTAAGAACTTTTGTTTGAGTTTCGTCAAATAATGAACCGAAAGTCATACCTTTGATGTCAGAAGAAACAACTTGGTCACTAGTGTAACCGAATGTTTCTGGATCAGAAGCTGCTTCCATAGCTGCATTTACTTCATCAACAGTAACTTTTTTGTCAAGAACTGTTACTAATTCAGTAAGGGAACCAGTTGGAACTGGAACACGTTGAGCAGCTCCGTCTAATTTACCTTTAAGTGTTGGTAATACTTCACCGATAGCTTTAGCAGCACCAGTTGTATTAGGGATAATATTTTCGGCAGCAGCACGTGCACGACGGAAGTCACCTTTTGGATGTGGAGCATCTAATGTATTTTGGTCACCAGTGTATGCGTGAATTGTAGTCATTAGACCTTCAACAACACCAAATTTGTCTTCTAAAACTTTAGCCATAGGAGCTAAACAGTTAGTAGTACAGCTTGCGCCAGAGATAACTGTTTCAGTTCCGTCTAATGTTTCATGGTTTACATTGTAAACGATTGTTTTCATATCGCCAGTTGCTGGAGCGGAGATAACAACTTTTTTAGCGCCAGCTTTAATGTGTAATTCAGCTTTGTCTTGCGCTGTGAAGAAACCAGTACATTCTAGAACGATGTCTACTCCTAGGTCACCCCATGGAAGTTCTTCTGGGTTACGGTTAGCTAATACTTTAACTTCTTTACCGTTTACTTTGAAGAAACCATCATGTACTTCTACTTCACCGTCAAAACGGCCTTGAGTTGTATCATATTTTAACAGGTGAGCTAACATTTTAGCGTCTGTTAAGTCATTGATTGCAACAACTTCAATTCCTTCCACATTTTGAATACGACGGAATGCTAGACGTCCGATACGTCCAAAACCATTAATACCAACTTTAACTGTCATAAGTCAATTTCCTCCTTGAAAATAGTGTTTTTTATTTCAAAAGGGTATTACTCCCTTTTAAAAGCGATTTTGCTGCTCCTTCATCCGTGATTAGAATCGTATTTTTTGGAGCACTTTTCATATACGATTTGATTGCTTTGGCTTTCGATGTGCCGCCTGCAACAGCGATAATGTGCGGGATTTGCGCTAAGTCTTCGAATTGAAGACCGAATGTAGGGGCCTTATGTACAACCTCGCCCTGCTCATCAAAATAATAGCCAAATGCTTCACCAACAGCTTTACGATGGATGATTTTTTCAAGTACATCTTCGCCGGTATGTCTGCGTTTCGCCATAGCGAGCGCATCACCTATGCCTAAAATAATAGCATTTGCGGATTGTACTAATCGTAAGCCTTCTTGAATTGCCGGTTCTTTCAGTAACGAACGATAGGCTTCTTCGCCTAATTGCTCTGGAACGTAGAGAACGCGGTGTTTTGTGTTTGTCTTTGTTGCCATCTTATCACAAATTGTATTCGCTTGATTGTCAAGGTCTTCACCAATACCTCCACGACCGGGAACGAAAAGTAGTTCTCTGCCTTTTGCGAAATCAGTTGTCATCATTTCGGCAACAGTTGCCATTGTAGAGCCGCCCATAACTGCGACGATGTTTCTTTTTTCGGTGAGCGCCATGTCTAATTGTTCTACGGCCACACGTCCCATTTCTTCGCGGACCCACGGAGTATCATCGCTATCACCTTGCACTACCAAGCATTTTTTGATTTGCAATTTCTTCGCTAATTGTTCTTCCATTGAATGTAACCCCGAAAGTTGGTTCATGACACTTTCCAAATCGCGGAAAACGACCAAGCCTTCTTTTGTAACGGTCATTCCGGAAGAAGCAATTTCTACTAAACCTTGTGCTTTCAAAAATTCTACTTCACCGCGCAGGACGCGTTCACTCATGCCTAACATTCCGGCAAGTGTCCGTCTCCCAACTGGTTCAGAAAAATAAATCGAGCGTAGGATTTGGTAGCGTTTTTGCATAATCATCAAAACGTCGGGCAATAACTTTTTCTGAATGTTAATTAAGTCTGACATTTTTAATTGCTCCTCATCTTTGGACGCTTAATGACCCACTTAGTCATCTGACGTCCCGTTAGAACTAAAAAAAGTAGAGATAGAGGCTTTTACAACTTTCAAGACTATTAAACTAGCTACTTCAGCTTGTTAACAAAGTGTCTCTCAATGTGATTTTTACCCCTTCTCTTTCTGCTTACGCTGGTGAATCTTTTTTTATGTTCTTTAACTACCCTACGTTCCCTATTCTAACAGTCTTGGCACAAATCTTCAAGTGTTAAGTGGGACATTTATGAAATATTCACCTGAAATTTACAATTAATTCTTAAACTGCAAACTTCTAAATAGGCTACACTAGTTGTTTTCCACCTCTCTAAAAAATGAAACATGCTCTTAGTGATTTTTTTGTTTTAAAAAGACGTATTTTGTCCCACATACCGCTCGTGAGACAAAATACGTCTTTTAAAATCTTTTTCTTTTAGAGGAAGAAGGAATATTTAACTCTAAACGATACTTCGCGATAGCTCTTCTTGAAACTTGAATTTCTTTTTCTGCGAGCATATCTACTATTTTTTGATCGGACAATGGTTTTAATTTATCTTCTGCTGCTACAAATTCTTGTACTAACTTTTTGATAGTCGTGCTTGAGATATCACCGATGTTTTCGTTTTCGGAAGATTTCTTTTGTAAACCGGACGCAAAGAAACGTTTTAATTCGTATACGCCATTCGTCGTTTCCATGTATTTCCCATTCACCGCACGGCTCACTGTGGATTCATGCACGCCTAGCTCTTCCGCCACTTCTTTCAAGGTTAATGGTTGTAAATGCGCCGAGTTATCTAGGAAATAAGCTTTTTGATGGCTGACAATCGCTTCACCAACTCTTTGTAAAGTACTTTCGCGTTGTTCGATGCCTTTTTTAATCCAATCAAATTCGCCAGCTTTTTCACGTAGAAACTGGGCGACGTCTTTTTCTTCAGTCGCTCGCATCGTTTCGTAGTATGCTTCTTGGAAACGAACTTGCGGTAGAAATTGTTTTGCTAGTGAAACAGCAAATTCATCTTCGTGTTGAAGTAAAATTAAATCCGGAACAACATATTGGACACGTTCGGACTCAAACTCAGAACCCGGCTTCGGATTTAAGGTTTGAATGTAATCCGAAACCTCTTGAATATCTTGCAAACTAACATCCATTTCTGAAGCGATTTTCTTCCATTTTTTCTCTGCGAATTCCGTGAAAAATTTTTGGATTACATCATAGGCAATATATGGAGCATCCGGCGAGCGTTCGATTTGTAGTAAAATACATTCGCGCGCATCTCTGGCACCAACGCCAGCTGGCTCCATGCTTTGCAAAATTTCTAGGCCTTCTAACACACTAGAATCATCCATTAAAAGCGCCGCACTAACATCTTTCAAATCTATTTGTAAATAACCATTGTCATTTAAACTTTCTATTAAATATAAAACGATAATTTTTTGTGTTTGCGTTACGTCCATTAAATGTAGTTGTTCTTTTAGCGCATCGGCTAAAGTCATTTTGTTATCAGCTATTTGTTCCAACCAATCTGTATCATCAGAACTTCCAGCGCTTTTACGGCTGCTGTATGAAAAATCTGTTGCGAAATCCGAGCCTG
NZ_CP092056.1_gap62	2470757	2472981	2224	ATGAAAACAAAGGCATAGAGCGGAATCAAACCAGAAATCGCCTCCACACCCATCGCATAATGAATGATGACCCAACCGAGGCCGAGCGCTCCAACGAAGGACAAGAGAACTGTAGCGACTAAGTAAAGCATTGCTGTAATCGAGCGCAAGTAGCATAAAAGTAAAATCGCAATCAAAGCGATAACAAGTGGAATAATCACTTTTTCATCGTGCTCTGTCACCGCGCGATCATCATATTGTGTCGCAGTTTGTCCCGCAATATATACGTCATTTCCTTTGTCGGCGGCGGCACGTACTTTTGGAACAACATCCATCGCTTCATTGCTATAAGGGTTATCTTTTAAAATAAGTGTATATTTTTGATAACCTTTGCTTCGTTCTGGGCCAGTAACTGAAGCCACTCCATCCACATTTTCAAGCGAACTCTTCATTGATTCTTTGGAGTTCACAACTACTTCCATCGGCGCAAGCATACCAGCACCGAAATGATCACTAATTAAGGTAAATCCTTCCCGAGATGGCATATCTTCTGGGAACGTCGAAAGTGTGTCATACGTATATTTCACTTGAGTTGTAAAAATCCCACATCCAATTAAAACAATCAAAGTGATAATTAAAATTCGTACGGGATGTTTCGCAGACATTTCCCCAATTTTATGCCAAAAACGGTTTTCTTTGTGGTGTTTTGGCGTTTTTCCTTTTTTCTTCGCACGTGTTTCTTCCATTTCTACTGTTCTTGGGACAAATGGCCAGAATGATACACGACCGAATATTCCTAGAAGCGCTGGGACAAGCGTTAGCGAAGAAATCATCATAATGAAAATCGCTAAACTAAATGGTACGGCGAAATTGTGAAATGAACCATATTCTGCTGCTAATAATAGAAGTAGTGCGGCCATTACAGTCAACCCACTAAGTGCAATTGCGCCTGCTGTTCCGCTAAATGCTTCTTTAAATGCTTGGAATCTGTTTTTCTCAGTGTGCAGATGGCTACGGAATCTGGAAATTAAGAATAAACAATAATCCGTACCAGCGCCAAATAGTAATACGGTCATTATCGAGAGCCCTTGTGAGCCATATGTGATAATACCTTCTTTCGCGAGCAAACCAAGAATTGGCGTAATTACTAAGTAGGCAAAACCAACTGCAATCAAAGGAATTAACGCTAAAATTGGCGAACGATAAATTACTAGTAAAAAGACTAAAACAAGTAGTACTGTTCCGATTAGCAGCGAAACGTCCGCATCTTTAAATAGTCCACTCGCATCCACGCTAATACCAGCCGGTCCCGTTGTCCGAGCAACAAGCGTATCATCAGCGGATACTTTCTGTGCAAATGGATCTTCTCCAATTGTTGTTTTAGCCGCTGATTCAAGTTGCTTGAAGCTTTCTGTTAGTTGGTCTGAAGTCGCGCTATCTTTCATAATAACGGTTTGAATAAAAGTAGTTCCGTCTTTAGAAACTTGTTGTTTGAGCGCAACGGGTGGCATTTTATCGTAAGGAACTGCCATTTTTTGATAGTCTACTGGGTTTTCGGTCAATTCTTTGCTGTATTTTTGAATATTAACTAAGTCTTCGTTTGTTAAACCTGTTGAACGATACCAAGTGATAAGTGCTGGTACCCCGTCCGTTCCAGCAAATTTGTCATCAATGAGCTTTTGGGCGACAACAGAAGGCTCTGAATTCGGTAAATCTTTCGCGGCGTCATCTTTATAATCAGCTGCTTTTGGAAAGAAAAACTGTAAAATAATAATTGCGATAATCCAAATACCTAATGTTATAAACCGACCTTTCTTGCCACCAACTCCACTGGCAATTTTACTTAAAAATCCATCTTTCATTATAAATCCCCCTTTAGTTTGCTTGTTTTTTCGTTTATCATTCGATAAGTGAAACGCCAAAAAAAGAAGCACGCTAATTTATACCTCTTTTTTACATATGCCAAACATCATTAAGTTGATTAATTCATCGATTTGTTCTGTAGTCGTTTGCTTTTGCGCAAAGCTACCTTTCCCTGAAAAAAGAGGGCTAATAGTGGACAAACAGTATCTTGCAGCGGTCTCAGCACTGATACCATTACGCAATTCACCAGCATTTTCTAGACGCTCAAAAAATTGTTGAAATGGTTCTAAATAGGTTTTTTGCCATAATTTATAAAGTAAAAATTGATTCTCTGGTTTCATTTCATTAAGAATATCGTGAATCATTAATAGAATATTGGTGG
NZ_CP092056.1_gap63	2521814	2524658	2844	GCCGCTTTGATTTTATCTAAAATTAGATTTTGAATATCTTCGCTTGTTCTATTTTGTAGATCTTCTAGTGTGATTGTACCTTCAGGAAGTAAGTTCGCATCCACATAGTCGATAATTCCTTGTAAATTCCAAGCTTCTTCAGGTTCATGACTTGATGCATTACTAGAAACGATAAAGTTGACTGTACGTTGAATCATTTGTTCAATAATTTCACGCAAACTGTTTTCTGCATTAATTACTTCATAGCGTTGTTTATAGATAACTTCACGTTGTTGGCGAAGTACATCATCATATTGTAAAACTTGTTTCCGGGAATCAAAGTTATTTCCTTCCACACGTCTTTGTGCTGATTCAACTGCACGACTTACCATTTTACTTTGGATAGCATCTTCTGCCATACCAAAACGTTCCATCATCGACTTCATGTTATCAGAACCAAAGCGGCGCATCAGTTCATCTTCCATAGAAAGATAAAATTGAGTCACACCAGGATCCCCTTGACGACCAGAACGACCACGCAACTGATTATCAATACGACGAGATTCATGACGTTCCGTACCAATAACGGCTAAACCGCCAGCTTCAATCGTACCTTCACCAAGTTTGATATCCGTACCACGACCAGCCATGTTGGTTGCGATTACTACCGCACCACGTTCACCTGCATGTTTAATGATATCAGCTTCGCGTTCATGTTGCTTCGCGTTTAGTACATCATGCTTAATTCCTTTGCGTTTTAATTTGCTAGAAATAAGTTCGGATGTTTCAATCGCAACAGTCCCGACTAATACGGGTTGTCCTTTTGCATGACGCTCGGCGATATCTTCAACTACTGCATTAAATTTCGCTTCAATCGTTGTGTAAATTAAATCAGGACGGTCATCACGAATAATTACTTTATTAGTTGGAATTTCAATAACGCGCATATTATAAATATCGCGGAACTCTTCTTCTTCCGTTTTTGCAGTACCCGTCATCCCTGCAAGTTTTTTATACATACGGAAATAGTTTTGGAATGTAATTGTCGCCATTGTTTTGGATTCGTTTTGAATAGTTACGCCTTCTTTTGCTTCAAGCGCTTGGTGTAAGCCTTCACTGAAACGACGACCTTTCATAATACGACCAGTAAATTGGTCAACGATTAATACTTCATCATCTTGAACAACATAATCGACATCTAGACTCATTGTATAGTTAGCTTTTAACGCTTGAGCAATATGATGTAAAATTACGGTATTTTCCAAATCAAAAAGGTTCTCTACATCAAAGTAGTTTTCTCCTTTTGTCATACCGTCTTCGGTTAATTGAACAGATTTTGTTTTAATATCAACTGTATAATCTTCCTCTTCTGTAAGAGTACGGACAAAAGTATTTGCACGCACATATAGAATAGTCGATTTTTCCGCTTCTCCAGAAATAATTAATGGTGTTCTCGCTTCATCGACCAAAATGGAATCGACTTCATCGATAACAGCAAAAGCTAGCGGACGTTGTACCATTTCTTCTTTGTAAACGACCATGTTATCACGCAAATAGTCAAATCCTAATTCATTATTTGTGCTATACGTAATATCACATGCATAAGCTTCTCGTTTTTCTGTACTCGATAAAGCATTTAGGTTAAGCCCTACAGAAAGTCCAAGGAAATTGTATAAAACTCCCATTTCTTCGGCATCACGATGAGCTAAGTATTCATTGACAGTAACCACATGCACCCCTTCACCAGAAAGTGCATTTAAATAAACTGGTAGTGTCGCTGTTAACGTTTTACCTTCACCAGTTTTCATCTCTGCAATGTTACCTTCGTGGAGAACAATTCCACCCATTAATTGAACTTTAAATGGATACAATCCTAGCGCACGTTTCGCCCCTTCTCTGGCAACAGCAAATGCTTCTACCAATAAGTCATCCAGCGTCTCACCTTTTTGAACACGCTCTTTAAACTCTACTGTTTTTTCACGTAGAGCATCATCCGAAAGAGCCGCAGTTTCATCCGCTAAAGCAATAATCTCATCTGCTTTTCTCTCCAAATATTTAACATCTTTTTTTCCTGATTCAAAAATCTTTTTCAATAGTCCAGCCATTTAAATTCTCCTCTACTGTTTTCGCTGTCATCGCGCGGTTTCATCTATAATAACTTTCAGGAATTATCTTCACTTAAATATACAAACTAATTCTATCACTTATTAACTAAAATATACAACTGGTTATCTCTTTTTAGTCAATAAAATTATCAAAATGCCATAAATTCTTCATCTAAAAGTAAAAAAATGGAGACCTAGATTGGCCCCCATCTGTAAATTATTATTTTAAATTAGTTTGTTTCAATCAAACCATACTTACCGTCTTTACGAGAATAAACGATATTAGTACCATTTGTTTCTGCATCAGTGTATACATAGAAACTATGACCTAACAAGTTCATTTGTAAAACAGCTTCTTCACTATCCATCGGTTTCAATGAAAATTGTTTTGTTCTTACAATTTCAAGATCAAAATCTCCTTCATTTTCTTCTGGTGGTGTACTGCCGTTAACATCAGAATAAGCAAAATAATCTCTTTCTGCACCTTTGTCGCGGAACTTGCGGTTTACTTTTGTTTTATGTTTGCGAATTTGTCTTTCTAATTTATCTACAATTAAATCGATGCTAGCATATAAATCTCCACTTGTTTCTTCTGCACGTAGCACAAGATTTGGGAGCGGAATGGTCACTTCAACTTTCGCATTTTTATCGGAATATACTTTTAAATTAACATGAACGTTAGCGTCTGGAGTCTCCGTAAAATATCGTTCTAATTTATCGATTTTCTTTTCAACATAATCTCGAATCGGTTCTGTTACTT
NZ_CP092056.1_gap64	2525772	2529074	3302	AATTGTAGTTGTTAATAACAGTTTGATTTTCCCTTTTCGTAGCCATTCCACTTTCTCTTTGCGCAATTCATCGGCTGAATGGACTGTCACTGGGCGGATATAACCCTTATTTTCAAGTGCCTTTGCAAATTTATTCATAGCATCAATTTCTGGAAAGAAAATTAAAGCCGGCTGATCTTTCTTCTCCACACCATTCATCCACTGAATAAGCTTGGGAGATATTTTCCCTTTAGCTAAATTCTTTTTCCATGGACCAATCCAGCACGTTCTTGGCACAGGCAATTTCTTTCGGTGATATCGTCCAGGAATTTTCACAAAATTACGTTTTCCTTTTACACACTCTTCTTGCCACTTTTTCTCTGGTGTTGCTGTGATTATTATTGTGGAACCTTCTTTTGTCCTGGCTTTCATAACGGCATATTCTAAAAAAGGGTCTTTTGCATAAGGAAATGCATCTACTTCATCAATAAAAATAACTTGAAACGTTTCATAAAAGCGAATAAGCTGATGGGTCGTCGCTATCACGAACTGCTCTCCTTGGTAGTTATCTTTTGAGTCTCCATATAGACAAACAATATCCATGCTAGGGAAAGCTTCTTTTAAACGAGGAAGAAGTTCTAAACAAACATCCACTCTCGGAGAAGCAACACAAATTCTAAAACCTTGTCGCAAAGCCCAGTCCATTCCTTCAAACATCATCTCCGTTTTTCCAGATCCGGCAACCGCCCAAAGCAACATATCCATTTTTCCTTTTAAATTAATGACTACCGCGTTTGATGCTTTCCGCTGTCCCGCTGACAAAACTCCTTCCCATCTCAATAATATTTCCTTTGTCTTTGGTAATAACATAGCTTGTTGATAGTATAATTTTTGGCAACTATTTACTCGTCCCATAACAATGCAATTTCTACAATAAATACAATCCTCTCTCTTACATAATGCACAGCACATTTTGCCAAATAACTGCGCATCCGTATTTCCACATCGAAAGCATTTGTTTGATTCTATTGCTACTACTTCTCTTAATCCCTCATTACTCTCTATTTCACGTTCTTGATACAGTCTTCCCGGGAAGATGTCCATCTGTATTCACCTCCCCTTAGTTATACACTTTTTCTTTTTTTATTGCAGAAACGAAATACTTGTTTTCGACCGCATACTTATAAACAAAACAAGTATTTCTTTTAGACGAAAACGAGTATTTTTGCTATCCAAAACTACTGAAAAAACAAATTTAGTCTCCATGAAAAAATCTCCAGCTAAAAGCCGGAGATTTCTTTATTTTATTGACCAAGTTAATCCAAGCGCACCTTCACCCAAGTGAGTTCCAATGACTGGACCAAAATAACTTAATTCAAATGTTACTTCTGGGAATTTCGCTTCTAATTGTGCAAGCCATGCTTCACCTTTTGCTAGATCATTACCATGAATGACATAAGCTTTTTCTGCCGTTTTATTTTGAACGGCTTTTTGAAGAATATCTTCAATTCGTTTCAATGCCTTTTTTTGCGTTCTAACCTTTTCAAACAGGACAATTTGTTTATCATTAAAATGAAGAATTGGTTTAATTTGAAGCAAGCTACCAACAAGGGCTTGTGCTCCATTCAAACGGCCGCCACGCTGTAAATTATTTAAATCATCCACCATAAAATAAGCATCTTGTGCCTGTTTTATTTTATCTAGTTTTTGGATAATCTGGTCCAATGGCTCGTTTGCCAAAGCCATTTCAGCTGCTTTAACTGCAAACATTCCTTGCGCCATACAAGAAAGCTCAGAATCATAAGCGACTACATTTAGCCCTTCAATCAGTTCTCCAGCTGAAGCCGCATTCTGAAACGTTCCACTAATACCACTTGATAGATGAATACTAATTACAGTATCAAAACCTTGTTCTTTCAGGTTTTCAAACAAGTGAATGAATTCTCCTGGGGCAGGTTGAGAGGAAGTTGGGAAATTCTCAGCTTCTTTTACTTTTCGATAAAAATCGGTTGCAGACAGTTCCTCACCTTCACGATAAGATTTCCCATCAATTATTACAGAAAGTGGCACGACATTGATTCGTAGCTGCTCTTTCACTTCGTCTGGCAAATAAGTTGTGCTGTCAGTAACCACTGCTATTTTTTCGTTCATATAGTCCCCCTGAGATTTCTTTAGCGAATGTATACCCAGCCGTGCTTGATTGCCGTTACCACCGCTTGAGTTCTATCATTCACTTTCATTTTTTGTAAAATACTACTTACATGGTTTTTTACTGTTTTTTCACTAATGAAAAGTGTCTCCCCAATTCCGCGGTTACTTTTTCCATCGGTAAGAAGTTGCAATACCTCGCACTCTCTATGCGTTAAGATGTGTAGTGGCATTTTGACTTCTGGTTGTTGGTAGCCATAAACACCTTGAGAAGTGTTAGTGCTTGCTAAATGGCGGTATTCACGAATTAATTTAATTGCTACACGTGGATGAATATACGCGCCTCCATTATCAACAATTTTTACAGCTTCTACAAGTTCATGAGCATCCATTTCTTTTAATAAATAGCCGACTGCTCCAGCTCTAAGTGCTTCTGTTACATATTCATCTGTATCATGAATAGTCAAGACGATTACTTTGATGCTAGGAAATTGACGTACTAGCATTTCAGTTGCATCTAGTCCGTTCACAGTTGGCATATTAATATCCATTAAAACAATATCTGGTTTATATTCGCGAACTTTTGCTACGATATTTTTACCATTTTCAGCTTCCGCTACGACCTCAAAAGAATCTTCCAACTCTAAAATTCGCTTGATACCTTCGCGAAACAACTGATGATCATCTACAATCATGATTTTGAGTGCCATAATGACTACTCCTCCTTCACTTATCTAATTTCACCAAGCCTCTTTGCAATCGAAAACATCATCCTTTTTAAGTAGCAAAACCGCTTAACCTTATAATCCCTGCCATAAAATTGGCAATTAAACATTTCTCTTTTAAGTACTATTTACTCAAACTTACCTATTTTCAACACAAACTATACCTTGATTATACTGCATAGCCCAAGAAAATTACTCCTATATGCCTATAAAATGTAATTGAAAACCAGTCTAAAGTAATAGTAGTTTTTATTATAACACGAATTTGCCGTCACTTCATCCACTGCACTTAGAAAAATATCTATACAATCGCTTTGCTTTCGGATAAAATAAAAGCAGACTAAATGCATCAACTTATGGAGGTTCCTTATGTTGGATCATTATTTAACCATCCATAGCGATGGAAAACACGAAATAATTATTGAAAAGTCCCGCTTTATCTGCCATATT
NZ_CP092056.1_gap65	2537448	2539819	2371	ATTGCTTTTTGTTCGACAGAAGTTATATTTGTTGGACAACAAATTAAAATACGTGGCCGTGAAAAAAAAGTTTTTAAATTTAACTTTTGTATGAAGAAACGTAACATTTCTTGAACAATATCAAAGTCAGCAATAACCCCATCTTTCATAGGTTTAATTGCCGTAATGTCTCCTGGAGTTCTACCGACCATATCTCTTGCTTCAGTCCCAACGGCTAAAACTTGTCCCGTCTTATTGTTAATAGCGACAACTGCAGGTTCATTAACGACGATTCCTCTTCCTTTAACATGAATTAATACATTGGCTGTACCTAAATCGATACCAACATCTTTTGCCATTTACATTTTAACTCCTTTCGTGGTGTACACCTAATTTTACATCTCATTCTGAATTATAGCATAATTTATGTGCGGCTGAAATGTATATTTTATAGCAATGCGGAATTTTTCATGACAAATAAAAAAACCGCATCAAAAAGATACGGTTTTCAACATTTGAATTTAGAATAAAGACGCTAAGTTTGTTACATCGACTTTGGAATCATCTACACGTTCCACATCAGCACCAAGCGCTTGTAGTTTTCCGTGGAAATTATTATAGCCTCGATCAAGGTATTTCAACTCAGTTACTTGTGTATAGCCATCTGCAACCAAACCAGCAAGAATAAGCGCTGCTGCTGCACGTAAATCTGTCGCTGCAACTTCTGCTCCTTGTAACTTAGCTGGACCAGAAATAATAACAGAATGTCCTTCAATTTTCATATCAGCATTCATTCTGCGCATTTCTTCTACATGCATAAAACGATTCTCAAAAACAGTTTCAGTCATGATGCTTGTGCCTTCACTCAGCATTTGAATAACCATCATTTGCGATTGCATATCTGTTGGGAAACCTGGATGCGGCATCGTTTTAACATCTACAGCTTTTAATTTATCAGGGCCAATTACACGAATCCCGTTCTCTTCTTCAATGATTTGAACGCCCATTTCTTCAAGTTTAGCAATTAACGAACTAATATGTTCAGGAACTGCATCTTCAATTAAAACATTTCCACCAGTAATCGCCGCAGCAATCATAAATGTTCCTGCTTCAATACGGTCTGGAATAATAGAATGTTCAGTCGCAGTTAATTCCTTAACTCCTTCAATTCTAATTACTTCTGTTCCTGCACCGATAACTCTAGCACCCATTTGGTTAAGGAAGTTTGCCAAGTCAACAATTTCAGGTTCACGAGCAACGTTTTCAATGACTGTTGTACCTTCTGCAAGAGTCGCAGCCATCATAATATTTTGTGTCGCTCCAACACTCGGGAAATCTAAGTATACTTTAGCACCTACTAATTTTTCAGCAGTTGCTTCAATATAACCATTTTCAATTTTCACGACTGCGCCCATTGCTTCAAAGCCTTTTAAATGTAAATCAACAGGTCTAGAACCAATTGCACATCCACCAGGTAAAGCTACACGCGCTGAACCAGTACGTGCCAAAAGTGGTCCCATTACAACAATGGAAGCACGCATTTTACGAACGTACTCAAAAGGTGCATCAGAAGTAATTTCTCCTGTCGCATCAACTGTTACTTCATCATTTACAAAAGAAACATCTGCATTTAGATATTTAAGAACCTCATTGATTGTGAATACATCAGACAAGTTTGGGACATTTTTTAATACGCTAGTACCTTTACTCGCAAGTAATGTAGCAGCTATTACCGGTAATACAGCATTTTTGGCACCTTCCATTTTCACAGAACCATTTAACTGTTTTCCACCGCGTACAATAATTTTTTCCAAAAAGAACCCCTCCGCGTTACTAATAACTAAATCATTTATCGAATTTTATTAATCAAAATTTGAATTTAAAACATATCTAAGTAATTTTACCACTTATCACCCTAAAATATCAACTGATTTTAACGTAATATTAAAGTTGTTATAAGCTTCTATTAATTTTTGACTACTATAGTACCTTTTTCTAACTAAAAAAATTAATTAACTGTTTGGAAGCTGTCAAATAATCCAAGAAAAAATTGCTTAATGTATAACCTAACACAATCGAAATAATCACAAATAATAATCTAGCTTGTGTTACATGATTTTTCTTGATGAATTTTTCATAATTAATAGCTTGAAGTGCCCAAAAAGTAATTACAATAAATAGTAAATGTGAAATGATGATGACATATGGTGATTCCATAATAATATTATACATGCGTTCTCTCCTCATATTTCGCTACTACCCATTTTAACAAATACCTCTAGAAAAAAACAGTTAATACACTTATGCGTATATAAAAAAACTTCCCGGCACTGTGGCCAGGAAGTAATATGATTATTAATTGTGTTCTTTTGCATGAATTCTGTTGATGGCT
NZ_CP092056.1_gap66	2544928	2548583	3655	TCTCAATCATTGTTTGAGATTCCACACGAGCTTGTTGTAAAACACTTTTTTGTTCAGCAAGTAATTTTTCTGATTGAGCGCGATTTTCTTCAGCCGCATCAATTTCAGAACCAATATGCTCTTCACGCTCTTTCATAATACCCATAAGCGGTTTCCAAGCATAAATTCGGATTAAAACTAGCAAAATCGCGAAAGCAAAAAGTGTAAAGAATGCATCACCAAACGTAAATGCGGAACCAATTACTAAATGTGGTTGTAACACGCCAGTTTCACTCCTTTCTATACATTCGCTTGAATTATTCGTTCAAAACGAAAGAGATGAGGTTTTATTTCCTCAACTTCCTTCAAATTATTTATTAAGAACCATGAACGCAATAACAACAGCGATGATAGGAAGGGCCTCAACTAACGCAACACCAACGAACATGATTGATTGAAGCATAGAACGCGCTTCTGGTTGACGCGCAACACCCTCGACAGTTTTTGATACGATAAGACCATTACCAATACCCGCACCTAATGCACCTAATCCAACAGCAATAGCAGCTGCAATAACACCTAAAGACATATAATTATCCTCCTAATTTTTCTTAAAATTATTTTTTATTACTTTTATAAGTGACTTAATTGAAAGTTAGTTTAATGTTCGTCACTGACCTTATGTGACATGTAAACCATTGTCAGCATAGTGAAAATGTACGCTTGAATTGCCCCAATAAAGAGTGAGAACGCCTGCCATATAATCGCTGGAATTATCGCAAGAACACCTACAAATATATTAATATGTGCAAGTTGAGTAGCAATAATGGTTAACAAAACTTCCCCGGCAAAAATATTACCGTAAAGACGTAAACCAAGCGTTAATGTATTAGCAAATTCTTCTACTAATTTTAGTGGGAATAAAAATTTCATTGGACTCAAGTAAGTACCAACAAAGTAGTGCTTGAAACCACGCATTTTAATACCGTAGTAATGCGTTAAGCCAAGAACCATTATCGCAAGTGTTAATGTGACAATTGGATCCGCTGTAGGTGAACGCCACCATACTTCATCGTTTACTGCGATTTGTAATGGTAGTCCTAGCATGTTGGCAACGAAGACAAACATTAATATCGTAATACCAAGCACATGGAATCTCCCACCGGTTTTCCAATCCATATTACTATTAATAATACCTCTGACAAAATCCATAACCCATTCAATGAAGTTCTGCTTTCCGGTAGGACGGCGTTGCAGATTTCTGGTACAGATAATGGCTATTAGAAGAACGATGACACAAGTCACAGTAATCATCAAAATATTAGATAGATTAAAGTCGATCCCTAATAGGCTTATCGTTGGAAATTCCTCTTCCAATTAGGTTCACCCCTCTCTTTTTAAAAACTTTTTTCTGCGGTACATGGAATACGCAAAAAAATCTAGAAAAATAATTGCATATGCAAGCCCAAGTCCGATTACCATGCTATAAACATGAAAAAATTCCGGCAGTTGCGTCGCTATAATTGTAGCAAGTAACACGCTTCCCATCCGTAACGTCATTCCCATTCCATAAAAGGAACGGTTTTCTGCCAAAGCTCTTGTCATTGCTTGTGTTCGCCTCATTAATATCCAGTAGTTGAACCAGCCGACGATTAACCCCAATTTAAGTCCCAAGAAAATATGTATATGCGGGGTTAAAAACCATCCACAAAGACAAATAGCAATAAAAAGAACCATATACTTCTGATGACGATGATACATGCCGATTAGCGATTCTAACATTTGGGGCGCAATCCTTTCTTTTTCAAAAGATTTTTCTTTCCAGATGACCATTTTGAAATCTCAGGGAGTAAGTTTGGTTTGTGAAAACAAGCACATTTTCCCCAATTCATCCCAATCCCAAACACACATGAAAGCCTTATCAGCGTGTCAGTTCTTAGCATACAACAGCCAAAAGAGAAAAGTCAATACACTTTCACAAATTGTGAGTACATCTATTACTAATAGTACCACAATCGGACCCATCCATAAAAGAATAGCCTATTATTTCTGAGATTTTTTTGATTTCAAAATCTATCTGTTTCTTAGATTGCCCCGCCAGAATTATTTTTGTCCATTTAACAGCAACCAACACCTCCGTAATCATTGGGAAAGCTTGTCTCCTGTTCGTGTGATATTTCACAAAAAAGGCTACAAAAACTTTCTTTCGCACAAATAAAAAAACTTCTACCACTATTGGTAAAAGAATTCGATACGATTATTCGCAAATTTCGCGACCGAAAGTTCTTTTCCCAAGAAAAAGAACGGAAAAAACAGCCGGACTCACTTATCATGAGCTGCATTTTGATATAGAGTGCCCGTATAAATTCCAATTCAGTCAACGCAAACCTAGCGTCGGCGGGATTGTAGTGAATACTGAGCGCAGTCTTCTATCCCTATGCTACAAACAAGCTATTTTTTGGGCTCTTATATTAATAACATTGACCATCTTATCACATGTAACATAAAAGAACTAGTGAAAATCGAGCGTGTAACATATCTGTAACAATAAGGCGCTTTCATTCCAAATAAAGAGGAAAACTAGACTTTTAACGCCTAGTTTCCCGCTGTGTTTTACACGATAAAATCTTCTGGGCGATCAGTTTCTTCAAAGTGACTCTTGATTGCTGCTAAAATTCTGTTCGCAGCGAAACCATCGCCATATGGATTAGCTGCTTGCGCCATTTTATCGTGGCTTTCTTTATTATCAAGTAAATCTAATGCTTCTTTGATCAGATTTTCTTTATTCGTTCCAATTAGTTTCAACGTCCCAGCTTCGATTCCTTCTGGACGCTCCGTTGTATCACGCAAAACTAAAACTGGCACACCCATACCTGGTGCTTCTTCTTGCACACCACCTGAATCGGTAAAAACAAGATAAGACTTGCGTAAGAAATTATGAAAATCAATTGCGTCGAGTGGCTCGATTAAATGAATGCGTTCGTGTCCACCTAAAATCGCCATTGCTTTTTCTCTAACTGCTGGATTTAAATGCATCGGATAAACGAGTTCCGCGTCCTCACGACTTTCCACGATTTCTCGAACCGCCTCAAACATCCCTTGCATCGGTTCGCCTAAATTTTCCCTGCGGTGAGCCGTCATAAGTATTAAACGATTGTCGCCAAGATTTTCCAAGATTGGATGGTGGTAATCTTTTTGCACAGTTGTTTTAAGGGCATCAATCGCCGTATTTCCAGTCACAAAAATAGTAGCCGGATCTTTTCCTTCCGCAAGCAGATTTTCTTTCGCTTGTTTGGTTGGAGAAAAGTGAATATCCGCCATTACACCAGTTAACTGGCGATTCATCTCTTCTGGAAACGGCGAATATTTATTCCATGTTCTAAGTCCAGCTTCAACATGACCTAACATCTTTTGTTGATAAAAAGTAGCCAGTCCAGCAGCAAAACTAGTTGTTGTATCGCCGTGAACTAAAACGATATCAGGATTTTCGGCAGCAATAACTTCATTAATTCCATTCATTACACGTGAAGTTATTTCAGCTAAGGTTTGGCCTTTTTTCATAATATCTAAGTCAATATCTGGTTTAATATCAAAAATTTCTAAAACTTGATCTAGCATTTCACGGTGTTGAGCTGTAATAACTACCGTTGACTCAAATGTTTCTGGTTCTTTTTCT
NZ_CP092056.1_gap67	2554910	2557048	2138	ACTGTGATTCATCTAAAAGAACACAATTCGGTTTTGGTTTAATATTCGCTACGATTTCAAAAATATCTGTGTCACTAAAAATAGGAGTTGCTTCTCGTTTCAGTCCAATTCGACTTGAAATGAAGCCAACTTGGTCTCTATCGTCAATACCTGAAGTAAAGATAGCTACTGTTTTATTTTGTTCTTCATAATTATGTGCGACTTTTAGAATTTCAATGGTTTTCCCACTATTCATGGAACCATAACGGAAAAATAATTGTGCCATTAAGACCGCTCCCTTTAACTTTATAAACTCTTTTCCTATTTTATCATAGAGCGGCACAAATTGGGACATATAGTTAAAAAAAGCTACGCCGCATATGGGCATAGCTTGATTTTAACGAAAAACTTCTGCGCCGCTTCCTTCGACATCAAGAAGAAGAACATCCGCGTCTATTTCTAACGTTTGTAAAGATGTTTGCAGTGTGTTAGCAACCTTGCGAGGAGCGAACACTAGGACAGTTGGGCCCGCACCGCTCAAACAAGCAGCATAGGCTCCTTGACTTTTGGCTACATCGCGAATTTGTGCTAAATGTGGCACTAATTGACTGCGATATTTTTCATGCCATAAATCACGTTCCATCATTTCTCCGGCTAATGTCATATCATTGCGCAAAATCGCGGCAATCATTACATTGGCGATACTACTAGCTTGGACAGCTTCTTTGAACGGAAGCGTATCAGGCAAAACACCACGACTTTCCGAAGTAAGAAGTTCTGCCTTTGGAATAAAAGCAATTAAAGCACAATCCGGAAAAAGGTGGCGTACATAGAAATCTTCTCCATCTAATTTCGCCCCTACGACCCAGTTTCCAAGAACAGCTGGCGCGACATTATCGGGATGCCCTTCTATTTCAGCAGCTATCCGGACTTTTTCCTCTTTTGAAAGGTTAAGTTCAGCAAGTGTATTAGCTAATTCAATTCCCGCAACAACTGCCGCAGAACTACTCCCTAGTCCACGAGCGGGTGGAATATCACAGGTCATCACTAAATGATGCGGCGTTAAATTAGGCGCCAGATTTAAGGCCGTTTCTATAATTACATTGGTTTCATCATGCGGAATCCCGCCGCCAATATTATGTTCGATATACCAAGAGTCTGCTTCCGCTCCAATATCAAGCGTTAAATATAACGTTAACGCTAAACCACACGAATCAAAGCCAGGGCCAAGATTGGCTGTTGTTGCCGGGACACGAATACGCATTAAGCTTTCACTCCTGAACGTAAATGTGTGCGCATTGCTTCGATATCATCCACATGGGAAATTGGAATTTCATGCACACTCATCGCAGTATCTGGATCTTTTAAGCCATTTCCAGTGAATACACAAACAACTGTTTCCCCTTTTTTAATTGTTCCATTTGCTACATGTTGAATGACACCAGCTAATGAAGCGGCAGAACCCGGCTCGATAAAGACACCATCTTGTGCTGCAATTTTTTTATACGCATTCACAATTTCGTCGTCTGTTACAGAATGGATGTATCCGCCAGATTCATCGCGAGCTGCTTCTGCAAGCCCCCAACTAGCTGGGTTTCCGATACGAATCGCTGTTGCAATTGTTTCCGGGTTATCAATTGGTTTCCCTTGAACAATCGCCGCAGCTCCTTCTGCTTCAAAACCATGCATCCGCGGCAGTCCAGAAGCTTTAGCCTCATTCCATTCTTTAAACCCCTTCCAGTATGCAGAAATATTCCCGGCATTACCGACTGGAATTGCAAGTACATCTGGCGCGGAACCTAATTGCTCACAGATTTCGAATGCAGCTGTTTTTTGACCTTCTAAACGATATGGATTCACGGAATTTACAAGTGTTACTGCTTCTGTTTCAGCTAATTCACGAACCGATTTTAATGCTTCATCAAAATTACCTTGAATCGAGATAATATCTGCGCCATACATAACTGCTTGCGCTAATTTTCCTAGAGCGACTTTGCCTTCTGGAATAACAATGTACGCTTTTAATCCCGCACGTGTTGCGTATGCCGCAGCCGCAGCAGAAGTATTCCCAGTGGATGCACAAATAACCGCTTCGGCACCTTCTTCTTTCGCTTTAGCAACAGCCATAACCATTCCACGATCTTTAAAAGAACCGGTTG
NZ_CP092056.1_gap68	2662249	2664716	2467	CGGTAATAGTTCATCAAGAGATGGCGATTTCTCTAGCTGGCTGTCCGATTGCACTTGAAATAATACCGACTTTAGCTTGGCCGCTAATTTTTCGCGGTCTTCCACTTTTGCATATTGATCTACTACATCGAGCACGGACGATAACATGCGCGCATCAGAATCTTTTTGTAAAATATGCGGAGCAATTACCTTCATCAATTGTTGCTTCTGCGCTTCTGTTAAAATCGGACTAACAATAAAAACTGGTGCTTTTTGTTCCATAATTGGCAAAGTAGATACGATAAAATCTGGTGCATACAGCCCCTTTTCAAACTCACGGATGGAAATTGGTTCTAATATCTCTACTCGTTCACCAAGTAATTGCGATAATTGCCGTTCAATCATCCGCGACGTTCCGACGCCTTTGGAGCAAACGATTAAGAGCTTTTTTCGTTCAACTAAAGTATTGTTTTTGCGTGAAAGATAGCCGCCGAACAAGATTGTTACGTACGCTATTTCATCCTCTGGTATTGCTTCACCAAGCAAATCTTCTAGCGGTTCGAGTGATTTTTTCGTAATCTCGTACACATCACTGTAACTTTGTTTAATGTCTGTACGCAGCGGGTTAATCCACTCAATTTGGAATTTAAGACGGTAGTATGCTGGTTGTAAATGGAGTAATAAATCTTTTTTCAAATTGCGATGGTCTTCAAAATTCACACAAGCAAGGCGTTCAAATTCAGCAATGATTTTTTCAACGATTAGATCTAGTTTTCCTTCAGCAGCCGCATCATCATTCAAACGACTCGCACCAAGCAAAAGTTTACCTAAATAAGTGATTTCCGCATGATTAATTTTAAAATTCTCGCTTTGCTGCAATTGCTGATAAATTTCCTGCGCAATACCAAATGATTCTACTTCATGTTCTTCTTTCTCATTTAAATAACAATTGCGTTTCATTCGTTCCTTAAAGAAGAAAATCATAATACCAATACGCTCAATAACTTCATCTGTGTAACGAATACCGATTTTTTTCTCTGTGACTGCTAAAATTTCGAAAATCATATCTAATTTGGGAAATAACTCCTGATTTTTTATCATCGGATTAATTTTCATTAAATCGAGCAACTGGTCCGCGGTTGCGATTTCTTCGTTATTCATACAATAATGAATAAAAAATTGGCGTATACTCCGCTCATCACCCAGAACCATATTCCCATTTTTACGATCATAAGCGAGCTCTAAATTAAACTGTTTTAGCGCTAATTTTAATTGTTTAATATCCTGTAAACTGGTATTACGACTGACTTCATTGCATTCATTAATCGTATCGATAATTACTCGCGCATCTGTTACGAGCAGAAAAAATAAAATACGGATGCGGCGTTCACTAGCTGAAAAAACTTTGTGGCTCGCTTCCCTATTTTCAAGGATCTCTTTAATTGTCGTTTTTTCTTCTTCTAATAAATAATACCCTTGTCCACGAACGGATTGAATACCATCAAGTCCCATATTATCTAATTCTTTATTAATTTTTTCTACATCATATTGAAGTGTTCGTTTGGAAATTCCTAGTTCTTCTTGTAAATTCTCGGGTGCAAGATATACATTCGCCACGACGAGCGATTCGAGTAATGTCATATTTCGAGCATCAAATTGTACCATTTGGCCTACCTCCTTGATTTCGGTCTAGAAGGTAAAAAGATATGTCTACATTAAGGTTATGCGAAAATGTGATATTTTTCAAGTATATTTTTATTTTTGTATACAAAAAAACCGACAAAGCCAAATGACTTTGTCGGTTTGAATCGTATCAGATATTATTTGCTGATGTTAGAAACAACGCCAGCGCCTACTGTACGTCCGCCTTCACGGATAGAGAATTTAGTACCGTCTTCGATAGCGATTGGTGCAATTAGTTCAACTGCAAGCTCAATGTTATCACCAGGCATTACCATTTCAGTACCTTCTGGAAGTGTAACAATACCAGTTACGTCAGTAGTACGGAAATAGAATTGTGGGCGGTAGTTGTTGAAGAATGGAGTGTGACGTCCACCTTCTTCTTTAGTTAAAACATAAGTTTCAGCTTTGAAGTTAGTGTGTGGAGTAATCGAACCTGGTTTAGCTAATACTTGACCACGTTGGATATCTTCACGAGCAACACCACGTAGAAGTGCGCCAATGTTGTCGCCAGCTTCAGCGTAGTCTAGTAATTTACGGAACATTTCTACTCCAGTTACTACTACTTTTTTGCTTTCTTCTTCAATACCGATAACTTCTACTTCGTCACCAACTTTAACTTGTCCACGTTCAACACGTCCAGTTGCAACAGTTCCACGACCAGTGATTGAGAATACATCCTCAACTGGCATCATGAATGGTTTGTCAGTATCACGTTCTGGAGTTGGAATGTAAGAATCTACAGCTTCCATTAACTCGTCAATTTTAGCTTCCCAGTCAGCTTCACCTTGAAGTGCTTTAAGAGCTG
NZ_CP092056.1_gap69	2673128	2674757	1629	TTGGCTGGGTTAAATACTAAATGTTTCGCAAATAGCATATACGCCATTGGTGCTGCTCCCATCGGCATTCCCGGGTGTCCTGAATTTGCTTTCTCAATCATATCAATTGATAACGAACGAATCGTATCTACTGCTTGTCTATCTAATGTTTTTTTCAAAACGGTCATCTCCCTTAAATTCTTTGTGCTTTATTACACATGTTTTTCTACATTGGACCAAATGTGCACTAATCTTTCTGCATAACTCGTTTTATCTCGGTCATGAAAAAGTGCCGATGTTCCCAGTACATAAATATCTGGTAAACAGTCTCGCATCAAGCCAACTGTTTCTTTATTAATATTGCCATCCACTTCGATGAGCGGCGCATGGATTTTTCCAGCTAGTTTTGCTTTTAAATCATGCAATTTCTGCAATACATCTGTTTGAAATTTCTGCCCCGCAAAACCTGGATTTACGGTCATCATTAACACCATTTCCACATCATCTAAATAAGGATAAATGGCTTCGATAGGTGTTTCAGGATTTATAGCGATCGATGGTTTAACGTTGTAAGAGCGGATTTTCCGGATGATTTCTGACACGTCTTCCGCTACTTCTACATGAAAAGAAATATATTCCGGTTTCACCGGGCCAAACATGTCAATATATTTAAGTGGGGTAATAGTAGCCAAATGTATGTCTAGAGGGATTTCTGTATTGTTTCGCACTATTTCCAAATATTCCGGACCGAGTGCAAGATTATTCACATATACACCGTCCATCACATCGCAGTGTAGTAGTTCCACGCCAGCAGATTCGAGGCGCTGGAGCTCATCACCTAAATGTAGTTGGTCTGCACACATAATTGAAGCGGCTATCTTCCTCATTTTCATCCTCACTTTCTTTCGAGTTCAGTAATTTTATCCAAGCGGCGTTTATGGCGATCACCTGCAAAAGATGCCTCAAGCCACGTATCAACAAGTAAAAGCGCTAGTCCTTCACCGATGACGCGTTCACCAAGACAGAGAATATTGCTATTATTATGTTCCCTAGTAGCACGCGCTGAGAAAGTATCCGAAACAACCGCAGCACGGATTCCATCGACTTTATTCGCAGCGATACTCATACCAATTCCAGTTCCACAGCATAAGATTCCGAGTTCAGATTGCCCACTTACTACTTGATTGGCAACTTCTTCTGCATACGACGGAAAATCAACACTTTCGTCCGTATATGTTCCAATATCAACGACCTCGATATCTTTTTCACGTAAATGTTTCACAATGGCATCTTTTAGTCTACGTCCGCCGTGGTCACAACCAATTGTTAATTTCATTTAATTTCACCTTCATTAATAGATTTTTTTCTTTTAACGTCTTATAATGAAATGGAACCGAGAACATACGCGAATATGTTCTCGGCTCATTTCTAAGGATGACTACTGTAAAACATCTGAGCCCGAGAAGCTTTGGATTCGTTTGCACGGTTATCCTTTTTTTGATGTTTTTTCATACAGCCCATCCTCCATTATTAAGATTTCACTAATACTTTAATTTCATTTCCTGCCATAACTGCCTCGAAAGCCTCGCGCCAGTCATCTAAACCATATACTTTGGTAATCATTTTATCTGTATCGATTTTGCCATTAGC
NZ_CP092056.1_gap70	2795878	2797218	1340	AAATAGCTCTCATCCATTCCTACTTCTTCTAAATGCTCTATCATCAGCTTGCGATTTTCCCCACCTGTAATGGATAAGTTTTCTAACACTGTTTCATTTTCCATCAATAGATAATTTTGGAATATAAAACCTAACACCTCTTTTTTTAGAGTCATAACCTCTTTTTTCGTCTGATATTCCATCTCGTTAATAATAACTTGCCCACTATCTTTTGAATCTAGGTGTCCGATAACATTTAGCAGCGTGGTCTTCCCACTACCACTCTCGCCGACGACTGCAATAAATTCACCAGCTCCAATAGAAAGAGAGACTTTTTCCAAAATCAATTTATCTTGTATCTTTTTACTGACATTAACTAATTCAATCATATTTTTCACCTTTTAGTATGGCTTTAAAATCTTTATAAATCGCTTTTTCCTTTATGAAATAAATGGCACATAGTTCTATTATGAGAATAACAACGCTAAAATATAGGGCAACTGGTTCTTTGCTAAGAATAAAAATGAGGATTCCAGAAAAAACACTCACAAACAAATTGCTTATAATAAACCATTTACTACTTTTCCAAAACGAATAGCCAAATACATGATAAATTAGTTGCTTATATAGGTTCTCTCGATAATAGGACAGTACAAGAAGTACCATAAAAGAGCATAAGCATAGGGCTAAGATAATCGTACCTATCAATTGCTGATATATTTGCCATTTCAAAGTAGTTATTTCGCTTGAAACTTCTTGATAAACACTCCTTACATGGGTAATTTCTCTTGCATTTGAATTACTAATAAGTGGTAAGATAGCGTTAAAAGCGTCACCATTCGATTTATCAACAAAATATACAGAAGAAGTTACATGAGCGCCAATACTAGATGAGTCAATATTTCCCGTATATACAATCGCAATTGGATCCGTGATGTTTCCAGTCCTAAAATCCCCAGTATTACTATCATAGGAAAAATAATCTTGATTATTTTCTGCATAAATAATATTAACCCTTAAGTCTTCCTTACTTAGCGCTACAGCAGGCAGGTCTAAAGCTTCGTTATAAATATTCGCCACTTCTACTTTTTGAAAATAGAAGTAATCGAGAAAAGTGTTTTTTATATCTTTCTCTAGTCCCTTCTTACTATTAGGAACAATAATATTCAAAACTTTATCACTGATTATCGCTTCTTTTCCCACGTTCTGACCTTTTATACTTTTAATCGGATTTAATTTTAAGTAATTAAAATCAATTTCTACGCTATTACCCTCAGGTGAGTTTATTTCAGAGTCCTTTTTCAAATAAGTTTCATAGAAAAAAGTATTAGTTTCACTTCGCTGAAAATTATTCGAATACA
NZ_CP092056.1_gap71	2799917	2801847	1930	CATTAGTTGGTGGTTTTGTCGGACAGTATTACGGATTTCGTGTAGTATTTCTATTTCTAGTAATTATGGGGATGGGGCTGCTATTCTGGAGTTTGAAACGACTACCCGAAACCATTATTGTTACATCTCATGCTTTCAGTGCGCAGAAAATGGTAGGAATTGGTAAAAAAATGGTGTGCGACCGCTATACTGTTGCTTTTGGTGTGTTAATTGGTATTTTTAACGGCATTTTGTTTAGTTACTATTCCGAAGCCCCAACTATATTTATCGAGAAGTTCCATTTTAGCCAGAGTCAGTATGGCTTTATGGGATGTGCCGTCGCGGCGGCAACTATATTAGGTGCGTGGCTCTCCAATCGGCGCTTAAAAAAGCATTCGCCACAAAAGATAATTACAGAAGGAATTTTGCTAGCCCTTGGCGGAACTCTGTCTCTTAGCATGGTTTTTGTATTTCCTTTAATAATCCAAGTGATAGCGTATATTCTTTTCGTTTCTATTATCTTGGTAGGAATCGGCATGGCATTACCAAACTGTTTGAGCTTAGCGCTAGTGAAATTTCAAGAAGTCGCAGGTACGGCTGGTGCCTTTTTAAGCTTAGGTTACTATGTCATTGTCAGTATTTGTACGTTTTTAATCGGAATCCTACACTCAGGATCACTCTTTGTATTTCCAGCGTTTTGCACAGTGCTCCTCTTAATTGCACTTACTTGTATAAAAGCTGTAACTAGAAAAAATAGCTAACTAAAAAACAGGAAACTTTTAAAAGCCATTTGCGAAAATGGTGGCTTAAAGAAGTTTCCTGTTTTATTTCAAAATTAAGCTAGTTGGCTTGTTTACATCCAACCTTATTTTAAAATTAGCGCTTGATTCCGCAACTACGATACCTTCGCACTCTTCCATAATATTTACAAATGGATTGGAAGTTTCCGAGTATAAAACCCAAAGTAAATTTTTACGCTCATCAAGATAAGCAACAAACCCTTCCGAACCATAACTCCCCTCACCAACACAACAGTAGAAACCATTGGATAACTTGATTTCCTTAAAAACATCGATTTTTGTCATGTTTTCTTGATCCTCTTTATAAACATCCAAAAATGAAAAGTAATGACCCTTTTTGATATCCGGAACAGGATAGTAACTTATCTCCACTTCCACCCCCGAACCATCTGAAAAATAAATACCATTTTTAATCAGCAATTCTTCTCTATTCCATAAATCATTTATTCGTATCATGGATTTCTTCTACCTCTCAATCTGCTCATCATGAATTATTTCCGCTAACTCTTTTATTCTAAATTATTCAAAATAGAAATTTTATTGGTTTTCACATTTAAAGTAATAAAAAATCCTGCTGTAGACTTTATATATACAATATTATTATTGGTTGTTAGTTCGATAAAAGGGTTTGATGTCGTAGAAAAAAGCATCCAATTAATCTGATTATCTGCATCTGTTTTGACAATAAATCCTTCATTACCCATCTCTCCCTCACCACAGAAAACAAATTGATCATCAACGGAAATACGATCATTTATTTGGTAATTTGCCCATGGATCCTTATAATCTTGCAATAGTTTAGGCAATGTAGTATCTGCACCGTATGAAATAACATACTCTTTTTTAAAAGTATCTATTAAATTTTCGTTGTGCGTATATGTAATATCAATCAGCTTCACATGTCCAGAGTCTTTAACGATAACATCTATACCTATTAGTTGGTTTTGTAGCCATCTTTTTTGTAATTCGTTTAACATCTGTTCACCCCATATCTAATATTTCCCGGGGAATAAAAACTCCCCATATACCTATCATAACAAAAAAGCATCAAACTCCTGGGAGCCTAATGCTTATTGTTTTATGCTAATTGTTCGCTCATGCTTTCCATTTGGGCAAGGAAAGCTTTTTGCCATTTTTTCTCGTTTAAGAAT
NZ_CP092056.1_gap72	2805487	2809442	3955	TTTGAATACCGTCCGGAAGCTCTTCACGAATTTCAGTACCTTTTTCAGAAAGGACTTCCCAATTTTTAGGGAGCAGATTTTTTATCCCTTCTAAAACAGTGACACATTCTGATTCATTTTGCGGAGCCGTGTAGTCTCCAAGCTGATTATAAAGCGAATCTATGCTAGGACCTACAACAGCTATTTTTTTCGGTTCGCCCACTAAAGGTAATGTTTCGAAGTCGTTTTTCAAAAGACAAATACCCTCTCTAGCAGCTTGTAAATTTAGTTGTCTCCAATCAGACTTCGGTTCTTGAATGTCTTCTTCCACAAATGGTTGTTCAAATAGACCTAATTGGAATTTCACTTGGAGCACTCGACTTACAGCGTCATCAACGATCTTTTCATCAAGGATTCCTTTTTCCACGCTTTCTTCAAGAAATGGAAACACTTCATCCCACAAACTCAAATCCACACCGGCTTCAAGAGCCATTTTCGCGGCTTTTTTGGGATCAGGATTTAGTTTTAATAATCTGTCAAGGGCACAGCCATCTGCCATGACAATCCCGGAAAAACCCATTTCTTCTCGCAAAATAGTTGTTAAAAGCTCTTTGTTCGCGTGACATGGAACCCCGTCAATCTCATTGTAAGCTGCCATAACGCCAAGAGCGCCACTTCTAATTCCAGCACGCATTGGATCCAAGAAAATCTCTCTAAGTTCCCTTACACCAATAGAAACTGGTCCAGAATTATGCCCACCAATCGGCTCGCCTTGTGCTGCAAAATGTTTTAAAATAACAGCAATTTTCCCGCTCGCTTGAAAACCTTCAGTAATCGCCGCTGTTAATTCCGCTGCAAGATATGGATCTTCACCGTAACACTCTTCGGCGCGCCCCCATCTCGGGTCTCGAAGTACATCTAATGCTGAAGCAAGTGCTAGATGAACTCCCTTTTCGGAAATTTCTTCTGTAATCGCACTTGCGACCTGTTTTTGCAACTCTGGATGAAAAGAAGCAGCACGAGCTAAATTTACCGGATAAGATTCGCTATCTAACGCTTGGTGACCGTGCGGAACTTCCTCAGCTAATAATACAGGAATCCCTAGGCGTGTATTCTCCATCACATACCGTTGAATTTTATTAGCAACTTTGCCGGCATTTTTCCGACTTACACCTGTGTCCTTATTCATTTTAGACCATGGATCAGCGCGGAACAGACCGTATAAAGCGCCTATACCTTCAAAACGAGCTACTTCATCTTTAAACTTTTCCGTGAGTTGAAATGTTTCCTCTTCGCGCAAGAAAGCTTCCCAGCCGTACATGCGCTGGTTTAATTGACCACATTTTTCCGCCAGAGTCATTTTGGAAAGCAAGTCTTCTACGCGCTCTGAAACAGATTTAGTCTTATCCAAATAAATCGCCATTTTTTCTCCTCCTTGCTAAAAAACTAGGATTTTTATAGTAAACTAATTGCTAAATCTAATACTTTTTCACCATTCATACGGCCATAATCAACGATATCAATAACTGCCACCGATACATTATCACCAACTGTGTCTATTACTTTATCTTTCATATAATTTACTTGCGGTCCAAGTAAAATCGCATCAGCTTTACGCCAATTTTTTTCGAAATCCGTTTCTGAAATAGCCCAGATAGTCAATTCTAAATTACGTTCTTCTACAACACGTTCCATTTTCCTTACTAAAACACTTGTAGACATTCCTGCATTACACATCAGCATAATATTTTTCATAAAAATCCCTCCAATTAGGCTTTAATTCGGTCATTGGCTTTTAAGAATGGTAGATAAAGAAGTACGCAGACGCCAATCAAGAAAATTTGGAATACTGCAGCGCGCCAGTCCCCACCTGTTGCAAGGAAGCCGGAAGCAACCACTGGTGTCGTCCACGGAACCATTACGACTACTTCTGAAATCATATGCAGTTTCGTCGCAAAGTATGCTAAACATAAACAAAGCGGAGTTGAAATAATGAACGGAATCATCAAACTCAAGTTATATACAATCGGAAGTCCAAATACTACCGGCTCATTAATGTTAAAGAGACCAGGAGCTGCCGATAAAGTAGCTATTTCGCGATAATCTTTTCGTTTTGACCAAATAAATATTGCTAATAATAACGCAATGGTATTTCCGCCACCACCCATAACGCCAAAAACATCACGGAAAGTAGTATTAATAATATGTGGAATCTCTGTATGATTCGCAAATGCTGTCATATTTTCTTGCATATTTGCCAAAAGAACTGGGTCCATAATTGGCCCTAAAATCCCACTTCCAGCAATACCAATAGAATAAAGCATTTGTGAAATCGTCATTAACGTTAGGAAACCTGGAACGCTTGTAACTAAGAATGTTAATGGCTCCTGAATAATCGCGCTAATTAAGGAATACAAATTCAAGCTGAATAATGTCACTACTAAGAATGAAATAAACGCAAAAATAAGTATTGTTAACATTGTCGGAATAAGCACATTGAACGATTTAATTACTGCTGGAGGTACGCTATCCCCAGAAATATGAATCTTCATTTTCTCACTCTTAGAAAGACGAATGAACACTTCCGTTGCAAGTAGTGCTGTTACAATCCCAACGAACATTCCCGCTGAACCCATCAAGGCTATTGGCAATACTCCAGCAACTTCCACAGATTTCTCTGCACCAATCGGCACAATTTCTGTCACAGCTGGGATAAAAATAACAATCAGTGCAATGGTCATTAATGCCGGTGCAAACGGATTTTCAAACTTCCGATTTTGTGCTAAAAAGTAAGCAACCGATGCCCCAATTAAAATAGTAATAATCCCTAAAGTCCCGTTTACAATACTGTTACCTAGCCCTTGCCAAGTCGTAAGTGTTTCGGAACTGATAATCGCCGACATAAAACCATCCGGCTTAATAATAACGTTATTAATTAAAACCATGAATCCTGCTAACATAATAAAAGGTAAAATAGTAGCAAATGCATCACGCATAGACTTTAAATGAATTTGATTTCCAAGCTTCTGCGATAACCAACTTAATTTCTCGATGAACTTTTTCAATTTTTTATACCTCCTTTGATATTACAATAAGTGTAGCGCTTTCTTTTTGTTAAATAAATCTAGTCTTTTTCCGCATCTGTATTTTACATGCGGAAATAAAAAAAGGCCCGTTAACTTTTCTCTCTAAAAAAGTCTAACGAACCTTTTAGTTATAACGTTTGTAGCACACGCATAAATTCTTCAAAACTTGTCACACGTTTTAGCTCTCCCATTGCTTTTGGACTTTCTACTAAATTGCTAATAAGCTCATACACCGTCGCAAGCTGCTGTTGTTGCTTGTTTTTTACCGCTAACATGAAAATTACTTGCGCCTGATCTTCCTCATTCCATTTTACCCCTCCGCCAACACAAATACATACTCCAATAGCTGTTTCCTGGACGTTTGCCTCAATTGGGTGCGGTGCCGCAAGTCCATTACCTAAATAAGTCGGTACAATTTCTTCGCGCTCAAAAAGTGACGGTAAATAGTCCTCGCCAACAATATTATTTTCCAGCAAAAGACTCGCTAAATTTGCGAGAACTTGCTCTTTATCCTTTTTATCACTAATTAAGAATAACGATTCCTTAAAAACCTTGTCCACTTCAAATTGGTTCTTCGTCTCATCTTGCTTCATCAAAGCAGTAATATTACGAATATCCGCCTTTGTCAAAAATGGTGACACTTGAATAAATGGGTGCAATTTCATTCGCAGTGGTACTGTAGAGATAACAAAATCACACATCGTTCCACTCTGCTCATATTCTTTAAATGAGTACACTCCGACTATTTCAAGCGTATTCTCAAACTCTTTTCGTACTTTAGATTCCAAAAGTTGTGACGTCCCTAAACCAGAAGCGCAAACAATTAACACTTTTTGCTTCTCAGACTCTATTTCTTTATCTAAACCATATAAAAAGTGAATAGCCAAATA
NZ_CP092056.1_gap73	2813587	2817319	3732	ATTTACAAGTGTTTGCCCTTGTTTCACCTTTGACCCCACTTCCACTTGCACATCAAAACCTTCTCCGTTCAACTCCACCGTATCAATTCCAATATGAATTAAAATTTCCGTTCCATTTTCCGTAGTAATTCCAAGCGCATGTCCTCCCGGGAACACCGTAGTAACAACACCGGCTGCAGGAGCAACCACTTTACTTCCTGTTGGGAAAATAACAACCCCTTCACCCATCGTTTTGGAAGCGAATGTCTCGTCTGCTGAGGATGAAATTGGCTGCATCGTGCCAGCAATTGGCGCTAAAACTTCTTGTTGCTTAATTAAAGGTTTAGTCTCTTCGTCCACTACATCCTCACTAGATTTAAACGTAAAGAATGTTAGCGAGAAGGAAACCGCCATCGTTACAATAGTTGCAAAAATCGCTACATATAGCCCGCCCAGACTACTGTTTGCTGGATTAATAAACGATACAAATCCGAGAACCCCAAAAGCAAAAGCATACATTTTTACGGAGAAAATCGAGATAATTAATGATCCGACAGCTCCCCCAATCATAGAGAATGCAAACCGTTTTTTCACGGGCAAACTGAATCCATATATTGCCGGCTCGATGATACAGAACATCCCCGATATCATCGCAGGTATCGCAAGTGCTTTTTGATTTCTAGAACGAGTTTTCAAGTAAACCGCAAGCACCACTGCCGTTTGGGCAAAACTTGCTGTAAATGACATTGGGAAAATATAGTCCACTCCATACTGCGCCAAATTGTTAATCCCAATTGCACTCATTGGCCAGTGTAACCCAAATATTACTAACGGTTGATAAAGTAGCCCAACAACTACCGATGTAATAACCGGTGAAACCTCATAAAGTCCAGAAACCCCAGCTGAAATAAGCGAGCTAAGTACATTTGTAACTGGCCCAATAATTAGAATTGCTAACGGAAACGTAATAAGTATTGTTAAAAAGCTATTTAAATTATGCGCCAACAAAGGAGGTACAATTTTTTTCAATATTTTTTCTACCTTCGCACCTAAAAAAGTGATAAAAATTACTGGTATAACTGTGTACTGGTAACCATTTGGTGGGAACAGAATTGGTATTCCAAAAAACGTATTATATACCGGCGTTGAAAACATCGTCCCATCAAACAATGTATAAAGCGCTTTGTCTGTTACAAGATTTGTCATTAGTTCAGGTATTACGAGCGTTGCCCCAAGCATCATCCCTACATAAGGATTCAAATTAAACGCTTTTGCACTCGTGTAGCCTAAAACAACAGGTAAAAAGTAAAACACTGCTTGCCCCATAGCATGGAGAACAATGTAGCCGCCATCGTTGACATCAATGACATTGGTAATAGTTAATAAAGCAAGAATCCCCTGCAATAAACCTGAAGCTGTTAAAATCCCAAGCACAGGCGTGATTACTTTTGTAATAATTTCAATCAATCGATTCAAGCCAGTCTTTTTAACCTCCGCTTCCGCTATCTTGTCCGCGCCAGTCACACCCTGGATTTCATTGTAGACATCCGAAACATGGGTCCCGATAACAACTTGAAATCTACCCCCAGCAAATTGAGCCGTCATAATCTCTGAAGACTTTTTCAGTATATCTTCATTGACCTTTGAATCATCCTTCAACGTAAATCTTAATCTCGTCATACAATGCGTCACACTTAGAACGTTCTCTTTTCCTCCAACATTTTCCAGTATGAATTTAGACAACGCTTGATACTTCCCCATCCTATTCCAACTCCTTTTTGTGTTTTGGATATAAAAAAGGCAGTACTCAAACAAGAGGAATTGTCCTCCTATTTGGGTACTGCCTGATTGCTCAGTTACATTCCCTATTATTTAATTAGGCGCTGAACATGTAGCGTTAAATACATTAACTCTTCTGCATAAACCGTACAATTCAACGTTTCTTGAATATAGTCGCTAATAATTTGGACGCTCGCGTAAGCTTTTGGATACAGTTTGAACACCTGCTCAATCATGTCAGGCTCCTCTTTTTCCCGTGCGCCTTCACTATTAATTCGCTCTATAAAGAATCTTAAATGCGTGATAAACCTTAGATAATTCAGTGACTCTTCATCCAGTTTTATGGACAAAGTATCTTCCAGAATCAGTAATACCTTCTTCAACACCTCTGTCGTTATAAGCGTATTATTGATAATCCCTTCTTGCTGCCCGTTAACAAAATGAAGTGCAATAAATCCTGCCTCATCTTCTAGTAACTTAACATTTTCATAATAAGAAATGGTTTTAACGGAATTCTTAGCTGCGTTGAATTCTTTTGGATAGAATTTTTTAATTTCAAGAAGCAAAGCATTTTTTATTTGGTGACCACTTTTATAACGACTAATCGCATAATTAATATGATCCGCCAAACCAAGATAAGTTAATTCATCAAAAGTAACGTTTAACTCTGACTCCGCATCTTTTATTATTTTATTCGTTAAATCTAGATGATTTATGGGCACTTCTTTGATAAGCTGGACGAATCTTTCCGTAATTTCTGGAGAATCAACTATAAATGTTTTTTCAACAGCCTCTTCAGAAATGATGTTTCCCACTCGTTTATTGAAAGAAATCCCTTTACCAATCACTATCTTTTCCAATCCATTTGAATCATGAACCAAGATTGTGTTGTTGTTAAATACTCTCTTGACTCGAAGCAATTAAATCACTCCTCTTGGTTACGCTTACAGACAAATTATAAGTATGGCGGATTCAAAAGTCAAGCTTATATTTTAAAAAAACATCCCTTTCCCCACCTAAAAATGGGATTTTATTACCCTTGACACATGAAAAAAGCTACTTATTTTTAGAAATAAGTAGCCGATTTTTATTTATTCTTGTTCAGCTTTAACTAAAATTTTCTTCACTTTTCGTTCGAATTCGCGTCGGGGAATCATCACACTATGACCACAACCTTCGCACTTAATCCGAATATCCATACCCATGCGTATAATCTTAAAACGATTGGTACCACAAGGATGCGGCTTTTTCATTTCCACTACATCGTTTAAATCGAAATGCTTTTTTTCCATAAACATCACAACCTATTCATCATCAAACTGAATATCTAAAATCTCTAAAATACGATCTAAATCATCATCAGATAAAAATTCAATTTCAATTTTACCTTTTTTATCGCGACGTTTAATCGAAACTGCCGTACCAAATTTATCACGTAATTGGCTTTCGCTTTCACGGATAAAGATAGGAACTCTAGCTGGCTTAATTGTTTCACGTGAAACATTTTCGTTTAGATTGTTCACAACATCTTCTAGTTGGCGAACTGTTAATCCTTGCGCCACAGCCTTTTTCGCAGTTGGGATAATATTTTTCTTGAGTTTTAAACCTAATAACACGCGCCCATGTCCGGCAGATAATGAACCATCACGCAACATTACTTGCACTTCTTCTGGCAATGTTAGTAGACGAACAAAGTTAGCAATATATGGTCGACTCTTCCCTACTCGTTCTGCTAATTTTGCTTGTGTTAAGCTCAATTTTTTCATAAGGAATTGGTAGGATTCCGCTTCTTCCAACGGAGATAAATCTTCGCGTTGCAAGTTTTCAATAACAGAAAGCTCCATCATCTCTTCTTCTGTTAAATCGCGGACAACAGCTGGAATTTCTTTTAATTTAGCCTCTTTTGCTGCGCGGTATCTGCGTTCACCAACAACAATTTCATATCCTTTATCAGTATTTCTTAAAATTATTGGC
NZ_CP092056.1_gap74	2873158	2877951	4793	GCGACTAACTTATTATTTCGCTTAATCCACCAAGATAAAAATGTCCCAAAAACAACCATTATCCAAACCGAAATGATTGAACGTGAATCCATTCAGAAAATAAACTCCTAAGCTTATTTTCTGAATTTACTTGGTCCTGTAGCTCAGTTGGGAGAGTATCACCTTGACATGGTGGGGGTCGCTGGTTCGAGACCAGTCGGGACCATTTAACAAAAAAAGCATTCCTTTGACGAAAAGGAATGCTTTTTTGATTTTATTTAAATAACTTACAAGTTCTATTCAAGAATATCAATACCGATACCCCAATTATTATCGAAAATTTCTTTATTTACTTTTATATAATTATCCAATTCTTTTCCTGAAAGAGTGAGATTGTGATAAGGTTGGTAGTCAATATAACAAGAAGCACCTTGCTTAGATATCTTCTTCGTAACCAGATGTTTTACATATTTAGATTTAATATCGCATTCTTGTCGTGTATACGAATCCGTTTGATCAATCGAGCGGTCAGTTATTAAATGGAATTCTGCTTTAATGTAATTACGGTCAACCCAATAAGGAAAATCTTTGTGGACATACTTACTAGCTTCTTCATCTACAAAATAATCCCAACCCCAGAAATGTAAAACTCGTTTTTTACTTTTAATTACATATGGCTTAGAAATGGTTGCCTTATAAACTAAAGAAATTTCATTCAATTCTTTATTATCTTCTACTATGTGAATTGAGGTATTACTAAAATAGTTATCTATTTCATCATCTTCATATTTTTTATACAAGCACATGTTATCATAAGTCGCATAATTGTATTGATCAATTATGTCGCTATTAGAATCATTTTTAAATAGTTCACGCAATTGATTCGCCATTTTCCCACGTAATGTTCTTTCCAAAACAACTTCAGCTATATTTCCTTTCACATCACAGAAGAACTTTTCTTCTATAGATGGGGTTTCGTCTTGGAATGGTTCTTGTTTTTGTAATTCTGTACCCGCTTTAATTTCCAAATAATACATAAAACTATTTTTTTGCCGGTTAGCCAAAAATCCTTGATCATTATTTATTGTAGTATCGATAAAGTAGATGTGCTGATTATGTGTTACTTTTAAAAGCACATGGTTAAAATTAAACGGGGATGGGGTGTACACAGATAGAAATATATCGTTACCATAATTAACTAAGATAGGTTCTGACTCCACTCCAAGATAATCTAATATCACCTTTAAAAGAACGGTTTTCGCTTTACAATCCCCTTGTCTCGTTTTATAAGTGACTTCTGCAGCTTGCGGCTCATGTCCGGTCATCTCTGCACCATTATATAAATAGTACACTTCTTTTTGAACAAAATCGGTCGCGTGCTTAATTTTATGATCTAAAGAAGGCAACGCGTCTAATTCCGCCACTAAATCAGGAGCAAACTCTGTAAGTTTTACTTGATAGAAATTTTGATACATGTCACTGAGAGTTTTAGTGATTTCTGGATAAGTCTGCTCTGTCACAAAATCAATGAATGGATAAATTCCCAATTCTTTTATATCTGCTCCAATATAATTTTCTTTTTCGATTGTATAAGATTGATTAGGTTCGATTACAAGCTTGTCTTTTTCTAAAATAGTACCCGCTTCATCTCGGAAATAATGGAAATTTGCTTCTATATTTTTCTCTGTTTCATTTTTCAATTCAAAATGGTATTTCCCATAAGCCCAGTAGGAATATGGCGTCGTATAAATCCAACGGAAAAAGTCATTCTGAATACTGCTCTCTCTGTATTTACAGTCAGTGGAAGTTTCCATAATGAAAATATCATTTAAATGTAAGTCTCGAATAAGTACTGTTACTTCTTTTTCACCATTAAAAATCGCTTGATTTTCATCACGAACATAATCCAGTACTTTTACATTAATATCATCCAACTTATCAATCACTTTGCCATCACGAACGACCGATAAAGTGTGAATATACAATACTTCTTCTTCTGACAAAATAAAGCTGATTTTCCCAGCTGAATCGAGCATACTTGGTTCATTTAACGTATTTGCCATCGAAGTATAACTTGTGCGAGAATTCGGTTTAGCAGTTTCTCTTATTTTACACCAAAAGCTGTAATCCCTCTCTTTAGCGATTTGATTATCATAAAAAGTTTTATCTTGTGTCTTTAACCAAGAATCAATGTTTTCTTGTTTTGTTTCTGGAGAACTTAACTCTGGTTTGATAAAATAGCATTGATTTGTCATAGTATATCTCCTAGTGTTAAATATTTTCAAATCTAACTTTATTTTAGCAATAATTATAGGAAATACAAAGACCTTTCCTGAATCTCATTTAATAGTTTTACTTTTATACATAATTCAGAAAAAAAATCGACATATTTGAAATCACTTGTATGAAAAACAAGCAATAATCAAGTATATTCCATTTTTTGAAATGGCTCTATACAAAAATTATTGCTTGTTTTTCTAAATTCACTCCTGAATTTTACTTTTGTTCTAGTCTATTTTTGATTTTATTTAAATAACTTACCTAACTTCTTAAACAACCCATCCTCAATGATATCAATACCGATACCCCAGTTACTCTTGAGAATTTCTTTATTAGCTTCAACATATTCTTCCAAATCCTTCTCTTTAATAGTAAGGTTGTGATATGGACGATATTCTAAATAACAAGAAGCTCCGTTTTTGTGAATTTTCTTTGTCATACGATGGTTCAAATACTTAGATTTGATGTCACATTCTTGACGTGTGTAGCGTTCTTGCTGATCAATTGATTTATCTGTCGTCAAATGAAGTTCTGTTTTGATGACATTCCGATCAATCCAATATGGAAAATCCTTATGAAAATGTTTTTCCGCACCATCATCAATAAAATTATTCCAGTTCCAAAAATGTAAATAACGCTTTTTATTTTCTACAATATATGGATCGGAAATAGTTGCTTTATAAATTATAGAAAGCTCATTTAAGTCTTTATTATCTTCCACAATTTGAATGGATGTATTACTAAAATGACTATCAACTTCATTTTCTTCATATTTTTTATATAAAGTCATATTGCTATAAATCGCAAAATTATATCGATTGATAATGTCTTTATTGGAATCATTTTTAAACATTTCTCGTGACCCGTTTGCCATTCCACCGCGTAATTTTCTTTCAAAAGTAATTTCAGCCGCATTATCTTTCACATCGCAGTAAACCACTTCTTCCACAGATGGAATTTCATCTTGAAACGGCTCTTGTTTTTGCAATTCCGCCCCTGGTTTAATTTCCAAATAATACATAAAACTATTTTTTTGACGATTAGCCAAAAACCCTTGATCACTACTCATCGTAGCATCGATAAAGTAGACTTGATTATTATGCGTTATTTTTAAAATCGCATGGTTAAAGTTGAATGGTGACGGTGTATAAACTGGTAGGAATACATCACTACCATAGTTAACCAAAATAAGCTCTGAATTCACGCCTAAATAATCTAAAATCACTTTCAAAAGAACTGTTTTCGCTTTACAATCCCCTTGTTTCGTTTTATAAGTCACCTCTGCAGCTTGAGGCTCATGACCATCCATCTCTGTTTCATTATATAAATAGTACACTTCTTTTTGAACAAAATCGATGGCATGCTTGATTTTATGGTCTAATGTCGGTAACTCATCTAGTTCAGTTACTATATCAGCCGCAAATTCAGCAAGGTTTACTTGATAGAATTTTTGATAAATGTCACTGATTGTTTTTGTGATTTGCGGATACGTCTGCTCCGTAACAAAATCAACAAACGGTGTAATTTCAAGTTCTTTGGCATCTTCTCCAATATAATCTTCTTTTTCGATTGTATAAGATTCGTTATGTTCAACCATAACCTTGTCTTTTTCTAAAATGGTGCCTGCTTCATCTCGGAAATAATGGAAATTCGCTTCTAATTTCTTCTCCGTTTCATTTTTCAATTCAAAACGGTATTTTCCATAAGCCCAGTATGAATTTGGCGCTGAATAAATCCAGCGGAAAAAGTCATTGCGAATGCTACTTTCTTCATATTTACGCTCAATTGTCGTTTCCACAATAAAGATATCATTTAAATGTAAGTCACGAATAAGTACTGTCACTTTTTTCTCATCATTAAAACTCGCTTGATTTTCATCACGAACATAGTCAAGTACTTTTACATTAATGTCATCCAATTTATCAATCACTTTACCATCACGAACAACAGATAAAGTGTGAATGTACAATACCTCTTCTTCTGATAAAATAAAACTCGTTTTGCCGGCTGAATTGAGCATATTCGGTTCATTTAATGTATATGCCATCGAAGTATAACTCGTGCGCGAATTTGGTTTAGCCGTTTCTACGATATTACACCAGAAGCAGTAATCACGTTCTTGCGCAATCTGTGCATCGTAAAAAGTTTTATCTTGTGTCTTTAACCAAGAATCAATGTTTTCTTGTTTTGTTTCAGGAGAACTTAACTCTGGTTTTATAAAATAATATTCTTTTGTCATTGTGTAATCTCCTTAAGTGTTTTAGATAATCTTATTCTAGCAATAAGTAAATAGAACAAACAAGGCAAAATCTTTATGATATCGTAACTTTTGGTTTATCTACACTATTTAGTAAAAAAATCGACACATTTACTACTAAATTTCATCTATCCACGAAAACAATTGCACATCTTGGTATGTCTCACCAATTTTTTCATAATCTCGCAGTAAACCTTCCTCCGAAAAACCAAGCTTTTCTAACAATGCTATAGAAGCACTATTTCTTGGGTCTACTTTTGCTTCAATTCGGTGCAAT
NZ_CP092056.1_gap75	2884010	2887207	3197	ATCGACCAGACACCTGTACTACCACGAACTAAGAAAAACATCACGCCTTGAACCCCACCACGATATTTTGTTGGGAAAAGTTCTGTGGACCAAAGTGCGTAAAAAGCTTGTGCACCAATACCTGCTGAAATACCCCATAAAATAACAAATGTCCATAAGCCAACCCAAGACATTCCAACAAAAGTAAGTACAACCCAAGAAGCAACTGCCATTAAAGCCCCTACAAAAAACAACCCACGATGACTTACTCGATCACCAAATTTAGCAAAGCCAAAGTATGTAGAAGCTGCTGTGAGTATCCATAATACAGCTTGCAATAAATTCGCTTGTGTATTAGAAAGACCACCCACCGTTTCATATACAAACGGCATAAAGAATCCCATTGCACCCGCTACTAAATTCCAAAATAAGTACACACCCACTAAGAAAAGTACTGATTTTACATTTACCATACTAGAAAATGCTGTTTTAAAAGGATGTTCCAAACGATTACCACTTTCTTTCATTTTCACTTGCTCCGCTTCCCAGTCCTTCGACTCCTCTAGTTTGCGCTGCAACTGCCAAGCTACAAATGCTACAATCAATAAAGATAAGAAAAGTAAGCGGTTACCTAAAAGTCCAAGTGGAGATACAATAATTCCTAAAGTAAAGATAATTGCTGGCCCACATGACCAAGCAAATTGAGATATACCAATATTTCTAGCTCGTATACTAGGATCCGCCATTTCAGAAATATATGTCCATGAAGCCGGAACCCCAGCCCCTACAGAAAGGCCTGTAACTAAAAACCCAATTAATAACATTGGGAAGTTCATCGCAAACATAATAATTGTAACTCCAAGCATATACACCAACATGTTATACGTATAAATAAATTTTCGTCCATATTTATCTGCTAAATGACCACCAATAAGTGCGCCAATTGCAGAACCAAACGCATTCGCGCTCACAGCCCCAAGTAATCCCACCGCAAAACTGCTAAGTCCGAATTGTGTTGCCCACAAAGTTAGTCCACTTGCTCCCGCTACAATACATCCAGAATCTAAATAGTTCGTCAAAGATACTGCTATCGTTCCTTTTTTACTTGTACTCGATCCAGCCATTCTTTTAACCCTCCTACTCATTTTAGTTAAGCGCTTACTTTATATTAAACAATTAATGATTGCGCTTTACAATATCCTGTGTTTATAATTAAAGTATCAAATTTACAGAAGGAGATTGTGAAATGGAAGCGCTTAATAAAAAATTATTTCGTCTAAATTCAAAAGAAAAAATCCAAAAAAGCACTGGCACTTTTGTTCCCGATTTACCCAATGGATCCTTTTTAAAAGAGAACGGCAGCATGGAATTATTAAATGATTATTTCTTCAAAAACAAAGACATTTATATAAGCAAACACAACCGATTTGCCGACTACCCATACCATACGCATCAATTTCTTGAACTAAATTACATGTATTCAGGAAGCTCTGAACAAATCATTGAAGGAAATAAAGAAACTTTACATGAAGGAGAACTTTTACTTTTAGACAGCGGCTGCCATCATTCCATAAAAGCAACAGGCGAAAAGGACATTCTCATCAACATCCTTTTTCGTGACCAACAAATCAGCCTAGAATGGCTAACGAGTATAAAGAAAAAAAACAGCCTTCTATTCGACTTTCTTCTTCATTCCAGCGTAAGCGAGCAATCTTTAAAGAAATATATTATTTTTCAAAGTGCGCAAATTCCGCATATCCAACAAATTTTAAACCAAATTATCACGGAATATTTTTTAGAAGAAGAATTTTCATCACGAATTATCACTCTTTATTTGCCAATTCTGTTCACTGAACTGGTACGTAAATGTGATACATATTTAGCTGATGATCTTACCAACTCACAATCAAGCACCACTTCCACCATGCTCGAAGTTATTAAGCTTATAGAATCCAACTATCGCACAATCACATTAACAAGTGCCGCGGATACATTAGGTTACAATAAAAATTACCTCAGTAACTTTATTAAAAAAAATACCAATTTCACTTTTACCGAACTAGTCAATAAACAAAAAATGCTTGCAGCAAATCTTTTAATTGAAACCACTTCCACTCCAATTGAGTTGATTATTGAAAAAGTTGGATTTAGTAACAAAACTTACTTCTACTCCTTATACAAAAGAACTTTCAATCTATTACCCAATGAAGTAAGAAATAAAAAATAAGCGTACTGCATGAGTCGCAGTACGCTTCTATTGTTTCACGTGAAACATTCTATTTATAAACAACCTCAAACTCTTCACAAACAACCAGAGCATCTTCTTCAAATGGAATACCTAACTCCACGCATTCATTAGTGAAAAAGGAAGTATGTACTTTTCGCCAATATTCCAGCGTCCGGTCTCCTTCTCCTTCTAAGTAAGCAAATGTTTCCGGCACTTCATTAAAAGGCATAATAGTTACACCTATTAACTTGATAATCCCCATTGCTTCTTCATTACCATCTAAAAGCACTACATGTGAACCCACAGATGGCATTGTTTCCCCACCTTGATCATACCAATAGAACAAGCTGCTCGTACCGGTTTTTATCCCATCCATAACAAGCCCACCAAGCTCATTTGCCATCCGAGCTGAGTTACCAAATGACCATGCCTCAAACTTACTTGTAATCATCGGGTGCTCTGCCCGGTATTTCTGCCACATTTCATGAACCGAACCCTTATAAACTACCACTTGAGTCTCCTCCTAAAAAAAGACTGAGGTTCCTAAAAACCTCAGTCTAAGAATTTATTTTCGAACTGGCTTAATCACAATATAACGGTAAGGATCGCGTCCTTCAGAATGCGTTTCAATTTGTTCATTCTCGCTTAAAATAGCATGAATAATTTTTCTTTCAAATGAAGGCATTGGTTCTAAATGAACAGCGCGCTTCGTTTTAAGAGCTTTATCTGCCATTTTGTTTGCTAAAATTACTAATGTTTCATGACGTCTTTCACGATAATCCCCTACATTAACAATAATGTTTTTGTATTGGCTCGTTGTTTTATTAGCAATTAATTGTGTTAAGTATTGAAGAGCATTAAGGGTTTGACCGTGTTTGCCGATTAGCATACCTAGACTGTCACCTTTAATTTGCAACTTCACATCTTTACCAACTTCTTCTACATCGATTGTGATTACTGCACCCATCTTGGTAGCAACATCTAAAAGATA
NZ_CP092056.1_gap76	2888962	2890028	1066	TTTTTGTCAATACTATTTAGACGAATTTCTATTTAGACTCCGTTCACTATCATATCATATTTTTATAGCGAGAAAAACCATTTTTCGAAAATTATTGCGTTAAATAGATATATTTTTCTCTCGTGGTGTCTGGAATAGTAATTTTACGACCCGAAAGCTTTACTAAATATTTAGCAAACTCCCCGATTTTCTCAAATTCAGCAGGATATTCAAAAATTAGTTTTTCCTTTATTAAATAGTTATCAACGTAATGGCTTGTTTCTGGCTGAAAAGATAAAAGTCCTTCTATAAAACGAATAACTTTAGTAAATTTTGGAATTTCCTGTTCTTCCTCTAAATCAGTAAAGTGGAAAAACATCGTGTAAATATGATTTTTTTTGATATTCACTGAAAAAGCTTCTTTATTTATATTACTTTTTGCAAATACCTTAAAATCGTCAATTTCTGCTGGTTCCCGTTTATCGTGAATTAATAAGTATCCAAATACGTCGTCAATATTCCCGTTTTGTATAACTCGATAAAACTCTGTATCTCTAGTTTTCAAAAGCCGTTGAAATATCATTTTTCACAACCTCATTTATTTGTCTTTTTTTCGTATTCGGTAAATAGTTTAACACATTGGCGCAATGAAATCCTTTCCTAGAAAGTGTGGATAACTCCTGAATAACGCCTTTTTATTGTGGATAACCTTTTCAATTAGTTTAAACTTATACACAATTAGTGGTTAATTACACACAATGGCTTGTGGATAATTAAATCTAACAATTTCGTTACAGATTTCTTTACACACAAGTTATACACAAGTTAACTGGCTGTGGACAACCGTTTTTCACATCTGGACAGTTTTGTGGATAGATTTGGTAAGTCCTTGCTATCAGAGTGATTTTCTGATATTATAATTCCTGTCGAATAGAAATATAGCTGGGGAAAACTAAAGTTATCCACAATACATTTTTACTTTGTGGATAATTTTTTAACAGTGTTTGGATAACCTTATCCATAGCTTTTTCTATCTGTGGATAACTTTATAGCATCCATTTACATTACATAAAAAGGGGGGGTACTA
