gap_id	start	end	length	sequence
NZ_CP181330.1_gap1	129079	129889	810	AACCGGGCACTGATCACCTACATCATCGTGATCGTCGCGCTGTCGTTCCTGCTCCTGATCGTGATGTTCCGATCCCTGCTCGTGCCCCTGTTCGCCACCCTCGGGTACCTGTTCTCCGTCGGAGCGGCGTTCGGTGCATCGGTCGCGATCTTCCAGTGGGGCTGGCTCGACCCGCTCATCGCCGCACCCCAGGGCGACCCGATGTTGAGCCTGCTGCCGATCATCCTGGTCGGGGTCCTGTTCGGGCTGGCGATGGACTACCAGGTGTTCCTCGTGTCCCGGATGAAGGAAGAACACTCCCGTGGGCTGAGCCCGAAGGACGCCGTGTTCTCCGGGTTCACCAAGTCCGGCACCGTCCTCGTCGCAGCAGCCACGATCATGGCCGTCGTCTTCGCCGGCTTCGCCACGAGTGAGATGGCCGTCGCAGCGTCGATCGCCGTCGGGCTGCTCGTCGGGGTCCTCGCGGACGCCTTCCTGGTGCGGATGATGATCATGCCGGCGCTCCTCACGCTCTGCGGGGAAGCAGCCTGGTGGATGCCGAAGTGGATGCAGAACGTCATCCCGAACCTGGACACCGAGGGCCACGGACTCGACCGGGCTCCCGAGCACGACCGGGGGACCGGGGCCGTCCCGGTGCCGGTCAGCTAGTCGGCCAGCACCTCAGGACCGACGGAGCCGTCCCGCTGCGATCGCAGCGGGACGGCTCCGTCCGTGGCGGCAGCAGCCCGCGCTCGGGACCCGCCGAGATCGCCCGGCTGACCGCTACGAGGTCGCCTGCCCCTCCGGCACGAACGCCTGCACGGACAGCAG
NZ_CP181330.1_gap2	137136	139316	2180	CCTGATCGGCTGGAAGCGCCTGAAGAAGGGCCTGCCGATCACGCCGAAGCGCACGATCGCCAGCGTCAAGGACGACATCAACGCGGTGAAGGGCCTCGGCAAGAAGCCGACCCCGCCGACGCAGTACGGCAGCCGCAAGCCGGACGTCGACGGCCGCTCCTGAGCGCCGACAGCCCCGACAGCCGCACCACCGACGGAGGAACCGTGACCGACCCGCACGACGATCTCGCTGCTCGCGTCGCCGCGACCCGCGCCCAGCTGTTCGACACCCTCGACGCGATCGAGGACAAGCTCAACGTCCCGAAGCAGATCGGGATCGCGGCGTCGAAGTTCAAGCGCGGCCTCGACGAGAAGCCGGTGCCGTACCTGGCCGGTCTCGCAGCCGGCGTAGCGGTGGTCGGGGGTATCGTCGTGCTGGTGCTCCGACGGCGGTAGACCGCCCGAGCGCGGTCCACCGGATGCGGGGCGGCCAACACCCTGGCAACCGATAGGACAATGGATCCATGAGCTCCGACGCGCCCACGAACACCGGGCCCGTGCCCGCGCACGACCACCCCCACACGGAACCCGCCGAGACCGGTCAGCCGGACTCCGGGATCGACCCGAACCTGCTGACGGCCTACGCCCTCTGGGCAGTGTTCCGCCGGCCCCTCGGTCCGGTCCACCGCGTCGGCGACGACGCCGTGGCGGAACTCGACACCGTGATCGCCAGCGCCGCCGAGCGCGGGGTCACGATCCGTGGCTTCTACGACGTCTCGGCCTTCCGTGCCGACGCCGACGTCATGGTCTGGCTGCACGGCGACGACGCGCAGGCCATCCAGGCCGTGCTGCGCGAGATCCGTCGCACCGGCCTGTTCCAGGACGCCGAGCCGGTCTGGCACGTCATGGCCATGCACCGCGAGGCCGAGTTCAACAAGCGGCACACCCCCGCGTTCCTGCGCGGCAAGGACCCCGAGGCGTGGATCACGGTGTACCCGTTCGTCCGCTCCTACGAGTGGTACCTGCTGCCGGAAGAGGAGCGCTCGAAGATGCTCCGCGACCACGGCATCGCCGGCGCGAAGTACCGTCGCGTGCTCACGAACACCATCGCGACCTTCGCCCTGAGCGACTACGAGTGGATCCTGCCGCTCGAGAGCCCGGACCTCGTCGACCTCGTCGACCTGATGCGCGATCTCCGCTACACCGAAGCGCGCATGCACGTGCGCGAAGAGGTCCCCTTCTTCACGGGTCGTCGTGTGACGACCGCCGAACTCCCGGAGGTGCTGTCATGACCGACACCAGCATGATCACGAACGGCCAGGTCCTCGCCGCCACCCCCGCGGCGGCGTCCGGTCCCGAGCACGTCGAGACCCCGACCGCCTACGACGCGATCCTGCTCGCCGGCTTCGGCGGCCCCGAGGGCCAGGACGACGTCATCCCCTTCCTGCGGAACGTCACCCGTGGCCGCGGGATCCCGGACGAGCGCCTGGAGGAAGTGGCGCACCACTACCGCCACTTCGGCGGCGTGAGCCCGATCAACGCGCAGAACCGTGCGCTCAAGGCCGCGCTCGAGGCCGAGCTGGCGTCGCGCGGCATCGACATGCCGGTCCTCTGGGGCAACCGCAACTGGGAGCCCTACCTGGAAGAAGCCTTCACCGAGGCCGCGGACAAGGGCTACACGAAGCTCGTCGCCATCGCCACGAGCGCGTACTCGTCGTTCTCGAGCTGCCGGCAGTACCGCGAGGACTACGCCCGCGTGCTCAACGAGACCGGTCTGATCGACACCATCCAGATCGACAAGGTCCGCCAGTTCTTCGACCACCCGGGCTTCGTCCGCCCGTTCATCGACGGCGTCCGCGACGGCATGGCCCGCGCGATCGCCGAGAACGAGGGCCTGGACGTCGCGACCGAGCTGCAGGTGCTCTTCTCGACGCACTCCATCCCCTCGACCGACGCCGCCCGCTCGGGCCCCGACTACCGCGGGTTCGACGAGCACGGCGCGTACGAGGCGCAGCACCTGGCTGTCGGCGAGGTCGTCCTCGACCAGGCCTGGGCCGAGCTCCTCGAGCAGCCCGAGCACGCCCACCTGCAGGGCACGTCGAAGCCCGCCTGGAAGCTCGTCTACCAGTCGCGCTCCGGCCCCCCGACGCAGCCGTGGCTCGAGCCCGACATCAACGACTACATGAACGAGGACCTCAAGG
NZ_CP181330.1_gap3	149953	152890	2937	TGTCCTTGCGGCCGAGCGGGACGATGTCGCCGTCGACCACCCCGCGCCACCCGTCGCGGAAGCCGACGAAGTCGTGTCCGTAGATGGCGATGCCCTTCAGGACGATCGCGCGGATGACCGCGTTCAGGCCGGGGCAGTCGCCTCCGGAGGTGAGGATGCCGATGCGCATGGGAACTCCGTCGTCGGGTGGTGGGGATCAGTGCCCATCATGACTGACGGTGGTTCCGCATTACCATCCCCGTGTGTCCCTGCTCGCTTCCGCCGCCGCCGTCGACGCCGCTGGTGCGTCCGGCGACGCGTCTCGCGTCGACACGGTGTACCGGCCTGGAGGCGCGGTGGACGTCGCGTCGACCCTGCGGCCCCTGCAGCGCGGCTCCGGCGACCCGGCCTTCGAGATGGTGGGCGGCGTCGTGTGGCTCGCGCTGCGCACGCCATCCGGTCCCGCTTCCGTGGCGATCCGGCGGGCCGGCGACACCATCGCGGTGTCGGCGTGGGGGAGCGGTGCGTCGTGGGCGGTTTCCCACGCTCCGGAGATGCTCGGTCGCGGCGACGACTGGGACGGGTTCGACGTCACGCGCCACGAGTTCCTCGCCGCTGCCCGCCGCAAGCAGCCCGGGCTCCGGCTGCTCCGCACGAACACCGTCGTCGCGATGCTCGTGCCGGCGATCATGGAGCAGAAGGTGACCTCGCGCCAGGCGTGGGGCGCGTGGCGGTACCTGCTCCGTCGGCACGGCACCCCGGCGCCCGGTCCGGCGCCCGCGGGCATGATGGTGCCGCCGGATGCTCGGACGTGGGCGCGGATCCCGAGCTGGGAGTGGCACCGGGCAGGCATCGAACCGGGACGCTCCGCCACCGTGATGCGCGCCGTGAAGCTCGCGCCGGCACTCGAACGGACCCTGGCGCACGGGCGCGGTGGCGAGGTCGTCTCCACGAAGCTGCAGTCGATCCCCGGGGTCGGCCGGTGGACCGCCGCCGAGACCGCCCAGCGCTCCCACGGCGACCCGGACTCGCCGAGCGTGGGGGACTTCCACGTGCCGGCACTCGTCGGGTGGGCACTCACGGGCGCCCCCGTGGACGACGACGGGATGCTCGAGCTGCTCGAACCCTGGCGCGGTCACCGGGAGCGGGTCGTGCGGTTGATCGGTGGCTCCGGGTTCCGGAAGCCCGCGTTCGGACCGCGGATCACGATCCAGGACCACCGCGGCCACTGAGCGCGGTGGTCCGCAGGGTGTCAGGGGTGGCGGGTGCCCTCGCCGGCCAGCACGGCGCGGTAGCCCTCGCGGAACGTCGGGTACTGCGGTGTCCAGCCCGTCGACCGGAGCAGGGCGTTCGACAGGCGCTTGTCGCCGCCGGCCTGCCGCGCGTCACCGTCGCCCGTCGACGGCTCGGTGACGTGGAGTTCGTCGGCCAGGAACCGCAGCACGTCGTCCAACCGGCTGGGCTCGTCGTCGGTCCCCAGGTAGAGCGGTGCCGGGTCCGGCAGGGCCGCCAGGTGCACGAGCGCGGCGGCGGCGTCGTCGCGGTGGATGCGGTTCGTGTGCGGTGAGGTGCCCGGCGCCAGCCGTGCGGACCCGGACCGGACCTGGTCGATCAGTCGCTCGCGGCCCGGGCCGTAGACGCCCGACAGCCGGACCAGCACGGCGCCGGGAGCGCGCTCGCGCAGCAGGACCTCGGCCTCGACCAGGACCTCGGCGGTCGGGGTCGCACCGCGCGCCGGAGTCTCCTCGGTGACTTCGCTGCCGTCCGAGACGTCGTACACGGCGGTCGAGGACACGACGAGCACCCGGGGGTCGGCCTCCGAGGCGTCGATGCCGTCGAGCACGTTGCGCAGCCCGTCGACGTAGGTGGCGCGGTACTCGTCGACGTCGCGGCTGCCGGCGGCGAAGGCCACGACGACGACGCTCGTGTCGGCGGGGATCTCGGGGACCTCGTGGCGCAGGTCGACGCTGCGGCCGGTGATCGGTGCGGGGACCAGCTCGGCACGGCGGCGGAGTCCGATCACGCGGTGGCCCAGGTCGGCGAAGCGCAGGCCGGCTTCGGTCCCGAGGTCGCCGCATCCGGCGATGACGACTGTCGTGGAGTTCTGCACGGCTCGACCCTGGCACGGCCGGTTGGTGGAAGGCGGGGAAGCACGCACATCGCAGATCACTAGGGTCGGCGCATGGGGCGGCAGCGGCGACGGGTGGTGCGTGACGTGGCGATCGCCCTGCCCCCGGTCGTCGAGATCGTGCTCGTCGTCGCCGGCTCGATCGTCTCCGTCGGAGCCGAGGGGGAGAGCGCGGAGTCGTGGGCGCCGTTGTCGTGGCCGCTGTACGCCGTCCTCGTGACGTTCCCGTTCGCGGTCGGCGCGCTCGTCGCGGCGGTGCGGCTCCGCGGACTCGAGGCCAGGACGCCGGCGGTCTGCTTCGCTGCCCTGTCGGTGGCCGTGGGTGCCATCCCCTTCGTCGGGATGCTGAGCGTCTTCGTACAGTTCTGGAGCGTCTCGTCTAGATGAGAACGGTTATCGTCTAGACGACCGTCATCCGACACTGCACCCCAGGAGTCCCATGTCCGCTCGACCTCCACGTCTCCTCCCCGCCCTCGTGCTCGCGGGGCTCGTCCCCCTCGTCGCCACCGCGATCGCCGTCCCCGCCTCGGCCGCACCCGCCGTGACACGGACCGCCCACCACAGCTGGCTCGTGACGGCTGACCCGACGGCGAAGCGCGTGTACGTCAACGACGCCGTGACCGGTCGGCGGACCGCCACCCTGAGCGGGATCGAGTTCGGCACCCACGCGGGCTCCGTGCAGCTCGGCCACGGGCAGATCGCGTTCATGGACGAGTCGAAGCCGCAGCTCGACGTCCTCGCCATCGGCCCCCGCGGCACGGCGCGCATCGCGCAGCACTACGCGATCCCCAACGCCGACAAGCGCTGGGAGCGTGCCGGCTGGCTGTCGA
NZ_CP181330.1_gap4	154197	159096	4899	CGTGAGATCGCCGCGGGGCTCGCGGACCACGGCATCCCGGTCCGGCACTTCGTGCTGCACGTCGACGAGTCGACGCTCCGCGACCGGATCCAGAACGACCCGATCGTGGGGCCGTCCACGTTCCGGTTCGCGTACGTCGACGCCTACGCCGAGGCGGCGCGCGGCTGGCTGCACGCCGAGGCAGAGGTCATCGACGCGACCGAGGTCCCCGCCACCGAGGTCGCCCGGGCCGTCGCGGACGCGGTGACGTCAGCGCGCTGACAGTACGAGTGCGCGGAGACCAGGGGTCTCCGGCTGCGCGTGGTCGACCAGCACCGCCCGCATCCCGGCTGCTCGGGCACCGGCCACATCACGCTCGGGGTCGTCACCGACGAAGAGACAGTCCGTCGGGTCGAGGCCGAGCTGCCCCGCAAGGGTGTGGAACGCGCGGACGTCCGGCTTCTGGAACCCGATGCGTTCCGAGACGCAGACGACGTCGAACGCGTCGGCCAGGCCGGTCCGAGCGAGCTTGTCGAGCTGCTGGCTCTCCGTACCGTTCGTCAAGAGACCGAGGCGGTGTCCGCTTGCGCGCAGCTCGTGCAGCAGCGGCAGGCTCTCGGGGAAGAGCCGCCAGGCCTCGCGGTACGCACGCAGGTAGTCGTCGAACAGCGCGTCCAGGCCGGGTCCGTCGCCGGGCACCCGGACGCCCAGTTGCGGCAGGACCGTGCGGAGCCGAGCGCGTCGCTGTTCCCGGAAGCTGATCGCTCCGGACCGCCAGCGCTCGAACTGGTCGTCCTCGGCCGTGAACCAGGCGCCGATCGCTCCCTCGGTGGGCTCGACGCCGAAGCCCTGCAGGAACCGGGTCACGCCCACCCGAGCGGACCAGTGGTGGTCGAACAGCGTCCCGTCCAGGTCGAAGCAGATCGCTCGCGGAGTCGCCACGCGCCCAGGCTACGGCGCGTCTGGACGGCGCGACGGCCGCCGAGCGGGACGAGCCTGTCCGCCCGACGCAGCCCCCGGGTTCGCCACCGCCCGGATCATGCCGGAGACTGGTGCGGGTCGCTCACGAAGCTGCCCGCCCCACCACCAGCAAGGAAGGCTCCGCATGCCCGAGCTCCCCGTCGTGTTCGAAGTCGGCTCGATGATCGCCCTGGTCGCGATCCTGCTCGCCGACCTGCTCATCGTCGCGCGTCGCCCGCACGTGCCGACGCTGCGTGAATCCGGCATCTGGGTGGGCATCTACGTCGGGCTCGCACTGGTCTTCGCGGTGCTCATGCTGGTCTTCGCCGGTGGTGACTCCGCCGGGCAGTTCCTTGCGGGCTGGCTGACCGAGTACAGCCTGAGCATCGACAACCTGTTCGTGTTCGTCATCATCATGGCGCGCTTCTCGGTGCCGAAGAAGATCCAGCAGGAGGTGCTGCTGCTCGGCATCATCATCGCGCTCGTGCTCCGCGGGATCTTCATCCTGGTCGGCGCACAGCTCATCGAGAACTTCTCGTGGATCTTCTACATCTTCGGTGCCTGGCTGATCTGGACGGCGATCCAGCAGCTCCGCGGCGAGGACGAGGACGACCAGAAGGACAGCTTCATCGTCCGGCTGCTGCGCCGCCGGGTCCGCCTCACCGACACGTTCGACGGCATGAAGTTCCGCACCCACCACGACGGTGTCCGGCACTTCACGCCGCTGCTCATCGTGCTCATCGCGATCGGCACCACCGACCTGCTGTTCGCGCTCGACTCGATCCCGGCGATCTTCGGCATCACCGAGAGCCCCTTCATCGTGTTCACCGCGAACGTCTTCGCGCTGATGGGTCTGCGCCAGCTCTACTTCCTGCTGGGCGGCCTGCTCGAGCGTCTGGTCTATCTGAAGTACGGCATCGCCGTGATCCTGGCCTTCATCGGCGTGAAGCTCGTCCTGCACGCGCTGCACGACAACGAGCTGCCGTTCCTGAACGGCGGCCACCACATCGAGTGGGCGCCGGAGATCAACACGTGGGTGTCCCTGCTGGTGATCGTCGCCGCGATGGCCGTGTCGACGCTGGCGAGCCTCGTGCGCATGCGTGGAGAAACCCCCGCCGCCGACGACGACGCAGCTGCGATCGACGACGACCGATCCGACCAGGACCGCGCCGACCAGGACCGCGCCCGCACCTCCGACTGAAACCCGTTTGAACGATCCGCCCGGCTGCCTCGTCGTCTGGGTATGGCACTCCGCAAACGCACCAAGGTCATCATCGGGATCTCCGCCGGCGTCGTCGTCGTGGCGGCAGCAGCCGTCATCGCCGGCCCGGTCATCTACGCGAACACCGTCAACGGCCAGGCCGCCGCAGCACCCTCGCTGTCGGCGTCCTCGTCCGGCACCCTCGACGCGAAGGACGCCGACGGCACCTGGACCAGCAAGAGCAGCTCGTACGCCGGGTACCGGGTGCACGAGGTCCTGCAGGGGAATGATGTGAACGTGGTCGGTCGCACGAAGGACGTCAAGGGCACCGCCGTCGTCGACGGCGGCTCGCTCACCAAGGCGTCCGTCACCGTGCAGGTCGGCAAGATCAGCACCCCCGAAGCCGCCCGCGACGAGTACTTCCGCTCCACCGCGCTGCAGACCGACAAGTACCCCACGGCGACGTTCGAGCTGACGAAGCCCGTCGACGTCACGAAGGCGCTCGACGGCTCCACGCAGGACGTCACCCTGACCGGCACGATGGACCTGCACGGCGTCGAGAAGCCGGTCACGGCCGACGCCCAGGTCGCGGTCGGCAAGGGCGGGACCGTCCAGGTCGCCGGCACCGTGCCGATCACCTTCGCCGACTACGGCGTGAAGGCCCCCTCGCTCGGCTTCGTCACCGTGGACGGGAAGGGCTCCGTCGAGTTCTCCCTCGACCTCGGGAAGTGACCGTGACGAGTCGTTCCGCGGACGAGCTGCTCGCGACGCTGTACCGCGAGCACGGTGACGCGCTCACGCGGTACGTCCGGCACCTCACGCGGGACGGCTCGACGGTCGAGGACGTCGTGCAGGAGACGATGGTCCGCGCCTGGCAGCGCCCGGCCGTGCTCGAACGGGCACCCGACAGCGCACGGGCGTGGCTCTTCACGGTGGCGCGCAACCTGGTGGTCGACGACGCACGGTCGGCCCGCAACCGCCGTGAGCACGGCACCGAGCACCAGGTCGAACGGATCGAGTCGGACAGCACGGACGCCGTGCTGGACCGGATCGTGGTCGCCGACGCACTCGCGTCGCTGAGCCCGGACCACCGTCGCGTGGTGGTGGACGCGTACTGGCTCGGGCACACGGTGCCGGAGATCGCACGACGACACGACATCCCGGAGGGCACCGCCAAGTCGCGGTTGCACTACGGGCTGCGAGCCCTGCGGCTCGCACTGCAGGAACGAGGAGTGACCCGATGAGCGACGACAAGTACGCGGAGTGGGATGCGGCGTACGTCCTGGGGTCGCTCCCGGCCAGTGAGCGGCTGGAGTACGAACGGCACCTCGAGACGTGCGACCGCTGTGCGGCCGCCGTCGCGGAGCTGGTCGGTCTGCCGGGGCTCCTCGGCAAGCTCCCGGCAGACCAGGCGATCGAGATCGCGGAACCGGACGGGAGGCCCGACACCCGTTCCGAGAGCGACCTCGCCTCCGTCGCGCACCGCGTCCGACACCGTCGCCGCCGTCGCCGGGTCTGGGTCGCCGCCACCGCGGGGCTCGCGGTGGTCGCCGCCGTCCTGGGCGGGCTCGCGGTCGGCGCCGCGGGCGAGCGCACCACGGTGCAGGCCGGTGCCGCTCCGACGGCGGCTGCCACCGCCGACCGCTACGACATGACCGGCGTGCAGGGACTCGACGTCCAGCTCGCCATCAGCGGCGAGCAGTGGGGCACCCGCTTCGACTGGGGGTGCTCGTACGGCGGCAAGGAGTGGTCGCCGGACGGGTCGATCCTCTACGACCTGGTGGTCGTCCGGACCGACGGCTCGACGCAGACCGTGGGCTCGTGGACGGCTGCCGGTGCCGACGCCCGCGGACTGTCGGCGTCGACGGACATCCCGCGGGACGAGATCAAGAGCGTGCAGGTCCGGCTGCGCGGGGAGCGCGGCGCGCTCGCCGTCGTCACCCTCTAGCCGACGTCGGCCTCGTCCGAGGCGTCGTCGGGGCCGATGGCGTCCTGGACACGTGCGCTGACGGACCGCAGCGTCTCGGCGTCGGTCCCCACGGGCCTCCAGAACAGGTCCTCGAGCGCACCGGTGTGCGCGCGGATGCCGGCGAGCACCGCGCGACGGCCGTCCGCGGTCATCACCACCCAACTGCCGCGGGCGTCGCTCGGGCAGTCCGCCCGCTCGACCAGGCCGCGGGAGACCATCCGCGTCACCTGGTGGCTGACCCGCGACTTCTCCCAGCCGATCCCCGCAGCGATGTCCCGGACGCGCAGACGGTGGTCGGGGTCGCGGTGCAGGCCGATCAGGATCTCGAACTCGGGGACGGAGATGCCGGCGCCCGCCTGGACGGCCCGGTCGAGCGCCCGGTCGAGTCGTCGCCAGGCGTCGTGGTACGCGTCCCAGGTGGCCCAGTCGTGGCCACCGTTGCCCTCCGTCGACATGCCGACCAGCGTATCCACCGGGCGGACGATCGGACCGCGCCGCGAGCCCTTTCATCCGCTCGGATGACTCCTGGCCGACGCACGGCGTGCTCCGAGGTCGCGTCGGACGTGCGGCATACGATCGGGGGATGCCGAGCGCTCGCCTCCAGGACACCACCGATGACGCCGTCGCGCTCGTGCGCCGGTGGCTGGCGGCGTCCGCCGGGGTGAAGCCCGACCCGGGTGCGGTCCGTCTGGCCGAGGTCCTGCGCGACGAGCAGGGCCTCGACTTCACGCGGGGGTTCGTGGACAAGGTCATCCGCCCCGAAGACCCCCGGGTGGCGGCACGCAACCTC
NZ_CP181330.1_gap5	162120	166072	3952	CACGCCCGCGCGTCGTCGGGGGCCGTGTTCCAGGCGGACTGGTCCACCGACCAGGACGATCAGCCCGTCGACGCGCTCGAGGCCGTGCTGTCACAGGGGCAGGACCGCCCGGCGCACACGGCGTTCGGTGGTCCCGGCGCCCGGATCCGGTTGCTCGGCGGTGACCCCCTCGCCCTCGAGGAAGCCCTGGGCGCGAGCATCGACGTCGCGATCCACGACGCGCCCGTGGTCGAGGCCGGCGTGATCGAGATGCTGCCGTACCTGCGCGAGCAGTCGGTGTCGATCACCGCGCACCGGTTCGGCGACGTCGACAGCGACTTCTCCGAGCTGCGCGTGTAGGCGCTTCGCGCTTCGCGCGTTCCGCTTGGTGAGCAGAAGAGGTCGGGTCCCGTGTGGGGACCCGGCCTCTTCTGCTCACGAAGTGCCCCGAGGATCAGTCCTCGGCGTCACCCGCTTCTTCGTCCTCGACGCCGGTCTCGTCCATGCGGTCGCGCAGGTGGTCCGCCATCGCGCCGGCACCCTCACCGGCGTGGTCGTGGTCGACCTGCTCGATCAGGCCCTGCAGCTTCTCGTGGTTCGTGGCATCGGTGGCACCGTCCATGACGGGCTCGGTCTGCTCGTTGTCGCTCATGCTCCGGACGCTACGCCGCGGTTGCTGCGGAACGGTAGTGGAGCTCGACCGCCCCGCCGTCGAACTGGGTGGTGCCGACGAGCTCGAACAGCGGGGTCGGTGCGGCGACCGGCAGCAGGGGCGCTCCGGCGCCGAGCGCGACCGGCATCACGGTGACCCGCAGCTCGTCGAGGATGCCCGCCTGCTGGTACTGCGCCGCGAGCAGTCCGCCGCCGACGACCCAGACGTCACGGCCGTCGGCCACGCGCTCGAGGTCGGCCTGGTGGTCGCCGACCTCGCCGGAGACGAAGCGCACGTCGGCACCGTCGGGCACCGGCAGGTCTCGCGTGGTGAACACCCACGTCGCCAGGTCCGGGTACGCCCACGTGTCGTCGTGCTCGAGCAGCCACTCGTACGTCGTCGACCCCATCGCGATCGCGCCGACGCCCGCGTAGAACCGGTCGTGGTGCTCCTGGAACGGTTCGAAGCCGAACTGCAGCAGCCAGTCGAGGTCGTCGTCGGGCGCAGCGACGAAGCCGTCCAGCGAGGACGCGACGGAGTAGATCGTGCTCATGCCGGGGACGCTACCGAGCACCCCCGACAGGACTCAGCGGCGCCCTCCGCGACCGACGACCGCGGCCTCGGCGATCGCCAGGACTGCGGCGATCCAGAGCTGGTCGACCGCGAACCGGCGTCGACGTGGATCGACGGCGAGCGGCACCATCGTCGCGCCGTGCAGGGCATCCACGACGGCACTCAGGGTGTGCGCGTTGCCGGAACCCACCCGCGCGACGAGGACGGCCTGTGCGAGCTGCCGGACCCCGAGCACACCGTGCAGCACCGCCTGGTCAGACCCTCGGGCCGCACGGCTCAGGTGCCACAGGCCGAGCCCGGCCCGGGTCAGCTCGACGACGGCTGTCCCGCTCACGGTCGACGACCGGCGGCTCATCGTCGGCGTCCCGCGACGAGTGCAGCGGCACCGGCCGCGCCGAGCACCGCCCCGATGATGCCGTTGCCGACCCGGCGGTGCTCCACCCACCAGGTCTGCGGCGACCAGGCGTGGGCGGACTCGTCGAAGACGCCGTGCGCTCCGTGGTCGCCCGGAACCGGCTCGTACAGGTTGTCCCGCATCTCGAGGCCGTCCTTGTCCGGTGCCTGCTGCCCGTCGACCAGGGTCTTGGCGGCGTACCAGTCGGCGAAACGTCCGCTGATCCGGTTGCCGAGGATCGTGTAGACCGTCGACTCGCCCACCCAGGTGCGGCTGCGCGGCCGCTCGGCCACGGCGGCGATGGCCCGGGCACCGACCTCGGGCTGGTAGATCGGGGCGACCGGCTGCGGGTGGTGCGGCAGCTTCGACTTCACCCACTGGAACTGGATCGTGTTGAGCGCCGGCATGTCCACGCGGGACACCTTGACCTTGCTGCCCTGTTCGCGCAGCTCGGAGACGACGGACTCGGTGAACCCGACGATCGCGTGCTTCGCACCGCAGTACGCGGCCTGCAGGGGGATCCCGCGGAACCCGAGCGCCGAACCGACCTGGATCACGTGTCCACGACCGCGGGGGACCATCCGCGACAGCGCCGACCGGGTGCCGTTCACGAAGCCGAGGTAGGTCACGTGCAGCGCCCGCTCGAAGTCCTCCGGGGCGGTGTCGAGGAACTTGCCGAACACCCCGACCATCACGCCGTTCACCCACAGGTCGATCGGTCCGAGCTCCTGCTCGACCCGGTCGGCCGCAGCCTCGACGGCGTCGCGGTCGGAGACGTCGGCGACCAGGGCCAGCCCGCGTCGCCCGGCGGCCTCGACCTCGGCGACGGCGGCGTCGACGCCCTCCTGCCCGCGGGCCAGGACGGCCACGTCCCACCCCCGTGCGGCGAGCTCCCGGACGGTCGCCCGTCCCAGTCCTGCGGATCCACCGGTCACCACTGCCACTCGAGTCATGGCTCCCTTGTACCTGCAGTCGACCGTGCACCACTCAGCCGCTGTCCCCCGAAGTCGCCGTCCCGAACCACGCACGAACCGATCGGACATCATGGCCAGGTGGAGACCCGAGACCCCGACACCGCCGGCCCTGCCGAGGAGGCGCCGCCCGGTTGGGTACTCAACACACCGACCCGGCCGCGCGAGGTCTGGACGTACCCGGTCCTCGCGCTGCTCCTCGCCGCCGCACACGTCGCCCTCGGCATCGCGTTCGGGGGCACGTTCGCGCTCGTCGTCGGCGTCGCCGCTGCGGTCGTGTTCGTGATCGGTTCGATCGCGCTGTTCATCACGGGCTGGCGCGCGTACGACCAGCAGACTCGCAGCGCGTCGTGGCGCTGCCACGTCACCCGTGTGGTGGTGGCGGTGACCAGCGCGGCCGTCGTCGCGGTGGCGAGCCTGATGGTCGGGACCCCGCTGGGATTGGTGTTCGGCGCGATGGCTGGTGTCCCCATGGCCTTCCGGTTCGCGCGCACCGTCCCACGTGTCGACCACCTCGTCGTCGCATGGGGTTCCGTCTGCGTGGCGGTGACCTGCACCACCCTCGCCGTGATCGGGTTCACCGTCGCCGACCTCCCCGAGTACCGGACCACCGCCTGGGTGTCGGGGTCTTTCTTCGCACTGTTCTCCGCCGCGGTGGCCGTCCATCAGTTCGTCGTCGCGCGTCGGTCACCCCACGACTGACGTCGTCCGGCCTCAGCGCCCCCGACCGAACCGCGTCGTGACCCCCGGCGAGTAGAGCACCGAGTCCGGCTCGAGCTCCGTCAGCCCGAAGGGCAGTCCGGCCGCTCCGACCAGGTCGTCCCGCAGCGACACCACCGAGGCCCGGTGCAACGGCCACGACTCGTGCTCGTTCGGCCAGAACCGCGTCCGTCCGGCCCGGTGCACGTGCATGCCCCACCGCGCGGTCAGGAACGTCTCGAGGGGCCCCGGCTCGTCGAGCACCTCGCCCACACGGACGTCGAGCATCGACCGCAGGTGGGTGCCGTGCCGCCGCATCGCGTACCCCACACGGCCGTCACCACTGCGCGACTCCGCGACCGCCCACCGGTACGGCAGTCCGGTCGCGACGTGTGCGCCGATGGTCGGCAGGAGCTTGCCGGCGTCGAGCGACAGGAACACCACCCCGCGCTGCCCCTGCTCGTCGACCGTGTAGACGCGGACGTTCAGCTCGACGAAGTCGCCGATGCTCCCGGTCGAGAACGGCGGGAACCGCGTGTCCTCGAACCGGAACGCGATGAGGCCCACCCAGGTGGTCACCCCGTCGTCGGTGCCGTCGAGCGCCATCGTGTCGGGCCGGGTGCCGGCCGGCAGCAGCGGGGCCACCGCCGACACGTCGACGCGCCAGTGCACGAAGACGACGTC
NZ_CP181330.1_gap6	167473	170674	3201	GAGCGCCTCCTCGAGCGCGGACAGGTCCTTCGAGCGCATGTGCACGACGGCGTCGGCGCTGCCGGTGACCGTGCCGGCGTCGATGACCTCGGGGACGGTGTCGAGCAGGGCGCGCAGCTCGTCGGGCGAGACCGTGCCGCGGCAGTAGAGCTCGACCCAGGCCTCGGTCCCGCGGTCCTCGACGGCGGGGTCGACCTTGATCGTGAAGCCCTGGATGACGCCGTCACCGACCAGCCGGTCGACACGGCGCTTGACGGCCGAGGCCGAGAGTCCGACCACCGACCCGATGTCGCCGTAGCCGGCGCGGGCGTTGTCCCGGAGCTGATCCAGGATGCGGTGGTCGAGCGTATCCATTTGTCCCCATCGTACGCGGACTTGTTGCGAGGCTGGTGGGTCTCGCGCACGAAACGTGCGTCACCCGAACGGGTGTCACGCCGTCAGAGCCCCGGTACTGCACTTGCCGGACGGTGTGTGTCAGGATCGGAGTGGCGTCGACCTGGTCCGCTGCGGTGAGTGAGCCTGCATCTCACCGGAGCTCTTCTCCTCGTTCCGTTTCGGTTCCTGGCAGGCTCGGGCCCCGGTCCCTTCCAGGAGGACTGATGTCGAACACCGCACCCGCCCCCGAGTCCGTCGCCACCCCGGCTCGTGTCGCCACCAAGCGCACGATCCTCATGTGCAAGCCGGACTTCTACACCGTGAGCTACCGGATCAACCCGTGGATGCACCCGGAGGAGCCGACCGACACGTCGAAGGCCGTCGAGCAGTGGGAGTCGCTCGTCGCCGTCTACGAGCAGCTCGGCTTCGACATCTCGTACATCGACCCCATCGACGGCCTGCCGGACATGGTCTACGCGGCCAACGGCGGGTTCGTCCTCGACGGCATCGCGTACGGCGCGAAGTTCCAGTACCCCGAGCGCCAGCCCGAGGGCCCCGCGTACATGGACTGGTTCCGCCAGGCCGGTCTGACCGTCGCCGAGCCGGAGCAGACCAACGAGGGCGAGGGCGACTTCCTGCTCATCGGGGACACCATCTTCGCCGGCACCGGCTTCCGGTCGGACAGCACCTCGCACGACGAGCTCGCGAAGATCTACGGTCGCGAGGTCGTCACGCTCAAGCTCATCAACCCGAGCTTCTACCACCTCGACACCGCCATCGCCGTGCTCGACCCCGAGCCCGCCGTCGACGGGACGAGCAACATCGCGTACCTGGAGAGCGCCTTCGACGAGCCGTCGCTGGCGATCCTGCGCGAGCGCTTCCCGGACGCGATCATCGCCACCGAAGAAGACGCCGCGATCCTCGGCCTGAACTCCTACTCCGACGGGTACAACGTCGTGATCGCCGCCCGGGCTGTTCGGTTCGCCGAGCAGCTGCGCGAGAAGGGTTACAACCCGATCGGCGTCGACCTGTCCGAGCTGCTGCTCGGCGGTGGCGGCGTGAAGTGCTGCACGCTCGACCTGCACCCGGTCGGCACCGGCACCTCGGTCGCGCGTTCGCTCGGGGTCAGCTGATGTCGGCGGCAGCGTCGCTCGGGGTCAACACCGCGGCGGCGCTCGCCGTCGAGGACCGCGCCCTCGCGCACAACTACAGTCCGCTGCCCGTCGTCATCGCGTCGGGTCAGGGAGCGACCGTCACCGACGTCGACGGCAAGCAGTACCTGGACGGCCTCGCCGCGTACTCGGCGGTGAACTTCGGCCACGGCAACCCGCGGCTGCTCGACGCCGCACGGGCGCAGCTCGACCGCGTGACGCTCACGAGCCGCGCGTTCGTGAACGACCAGCTCGGGCCGTTCGCCGCAGCACTGGCAGCGTTGACGGAGACCGAGATGGTCCTGCCGATGAACACCGGTGCCGAGGCCGTCGAGTCCGCGATCAAGGTGTCCCGCGCCTGGGGCTACCGCGTCAAGGGCGTGCCGGCCGAGCGGGCGACGATCATCGTCGCGTCCGGGAACTTCCACGGTCGCACCACGACGATCATCTCGTTCTCGGACGACCCCTCGGCCCACGATGACTTCGGGCCGTTCACGCCCGGCTTCCGCACGGTGCCGTACGGCGACGCTGCGGCTCTGCGCGAGGCGATGGACGAGACCGTCGTCGCCGTGCTGCTCGAGCCGATCCAGGGTGAGGGCGGCGTGGTCATCCCGCCGGAGTCGTACCTCCCTGAAGTCCGGGCGGTCTGCGACGAGCTCGGTGCGCTGTTCATCGCCGACGAGATCCAGTCCGGCCTCGGTCGCACGGGGCACACGCTCGCGGTGCAGCGCGTCGGGGTGCGTCCCGACCTGATCACGCTCGGCAAGGCCCTCGGCGCCGGCATCGTGCCGGTGTCCGCGGTGGTGGGCTCGCGCGATGTCCTGGGCGTCCTGCGCCCCGGCGAACACGGATCGACCTTCGGCGGCAACCCGCTCGCCGCAGCCGTCGGTGCCGAGGTCGTGGCGATGCTCGGGGAGGGCACGTTCCAGCAGCGGGCCCTCGACGGCGAACCGCTGTTGCGCGGGCTGCTCGACGACCTGCTCGGCAAGGGTGTCGTCTCGCACCGGGTCGCCGGACTCTGGGCCGGGATCGACATCGACCCCGCGCTCGGCACCGGCAAGGCGATCTCGAAGGACCTCGCCGACCGCGGGCTCCTGGTGAAGGACACCCACGGGTCGACGATCCGCTTCGCGCCGCCCCTGGTCGTCACCGACGACGAGCTGCGTTTCGCGATCGGAACCCTGGCCGACGTGCTGGCCGCGCGGGCCTGACGCGCTCGCGCGCCCGCGCCGCGGGCCGCGCGCGCTTCGTGAGCAGAAATGGTCGGGTCGCCACACGGCACCCGACCATTTCTGCTCACCAAGCGCGGCTCACACCGCCCAGCGCGCCGCCAGCTCGTCCATCAGGGCATCGAGTCGCTCGTCGACGACCTGCTCCTCGGGGTGCGCCTCGTACCAGGCGATGACCTCGCGGACACCCTGCCGGTAGGTCGTGCGCGGCCGGTACCACGGCACGAGCGACCGGACCTTGCTGTTGTCGAAGACCGAGCTGTTCGCCTTGTCGCCGAGCAGCGCCGCGCCCCACTCGGGGTCCACCGCGTTGATCGCTTCCGCCGGCACGTGCACGATCCGCAGGTCCTCGACCCCGGCCGCCGCCGCGATCTCGTGCGCGATGGCGTTCCACGTCGGGGCTTCGTCGCTCGTGATCGTGAAGGGCTCACCGATCGCCTCGGCCC
NZ_CP181330.1_gap7	172252	177193	4941	GAGATCACCTACGGCAACTGGCTCACCCACGCATCCCAGGTCGAGAACGACGCGGCGATCGCCTGCGTCAAGGCCGCCCTCGAGGTCGGCATCTCGACGTTCGACACCGCCGACGTCTACGCCAACACCGGCGCCGAGACGGTCCTCGGCGAAGCACTCAAGGGTGAGCGGCGCCAGTCCCTCGAGATCGCCACGAAGGTCTTCGGGCCGACCGGTCCGAAGGGCCACAACGACACCGGGCTGTCCCGCAAGCACATCCTCGAGTCGATCGACGGCTCGCTGCAGCGTCTGCAGACGGACTACGTCGACCTGTACCAGGCGCACCGCTACGACCACGAGACCCCGCTCGAAGAGACGATGCAGGCCTTCGCGGACATCGTGCGCCAGGGCAAGGTCCTGTACGTCGGCGTCAGCGAGTGGACCGCGGACCAGCTGCGTGCCGGTGCTGCGCTCGCGAAGGACCTCGGCTTCCAGCTCATCTCTAACCAGCCGCAGTACTCGGCGCTGTGGCGGGTCATCGAGGACGAGGTCGTCCCCACCTCGAAGGAACTCGGCATCTCGCAGATCGTCTGGTCCCCGATCGCCCAGGGCGTGCTCACCGGCAAGTACAAGCCGGGTCAGCCGCTGCCCGAGGGCTCGCGTGCAACCGACGACAAGGGCGGCGCGGACATGATCAAGCGGTTCATGCGCGACGAGGTGCTGTCCTCGGTGCAGGAGCTGCAGCCGGTCGCCGACGAGCTCGACCTGTCGATGGCGCAGCTCGCGGTCGCCTGGGTCCTGCAGAACGAGAACGTCGCCTCGGCGATCATCGGTGCCTCGCGTCCGGAGCAGGTGCACGACAACGCGGGCGCTGCCGGCGTCACGATCCCGGCGGAGCTCCTGTCGCGGATCGACGATGCCCTGGGCGCCGTGGTCGAGCGCGACCCCGCGAAGACGAACGACAGCAGCCCGAAGACCCGCGAGGCCTGACCGCCGAAGCCGACGTGCGGAGGCGACCCGCGCCTCCAGGCCGTCGGTGACCCGGCGTGAACGCGAGCCCCACAACCAAGGTCACCCCGAACTGCGCCGCTGCGTGGTTCGGGGTGACTTCGGTTGTGCGCGGCGACCGACGTCACACCGCTCAGGCAACGGAAAAGGCCCCCTGCCGAAGCAGGGGGCCTTCACCGGTGGCTGGACACGGCATCGATCCGTGGACCTTTCGATTTTCAGTCGAACGCTCTACCAACTGAGCTATCCAGCCGTGGCGACCCTGACGGGACTTGAACCCGCGACCTCCGCCGTGACAGGGCGGCACGCTAACCAGCTGCGCTACAGGGCCATGTTGTGTTGTGTCTTGCTGTGGTGTTGTTCAGTACTACTTGCTCGCTCACTCAAGGAGTGACCCCAACGGGATTCGAACCCGTGCTGCCGCCGTGAAAGGGCGGTGTCCTAGGCCACTAAACGATAGGGCCGCAAGCAGTGCATCGCGCTACCGATGGACAAGCATACGGATGCCCCCCGGGTTTCACAAATCCGACCCCGTCAACCGTGCATCCCCGGCGTGTCGCGGCGTCAGCGCACGGGTCTCCGATGCTGTCGGTGCGAGCATCGTCGGCGGCCGCACCCCTCGTCCGAGGGGCTGTCGAGCCTGCGACCCGTGTTGTTACTGTTGCACCTGTTAACAGTGTTACGTGCGTGAGCCTTGCCGCGCTGTTACGAAATCGAGATACATGTCGACCTCCATTCCCTTCTCCCTCCGCTCCCGCAGCCGCCTGATCGCCGCCGCGGTCGCCGTCGCGCTCACCGCCGGCACGCTCGCGGTCCTCGCCCCGGCGTCGTCCGCCAGTGCCGCGAGCTACCCCAGCTGGGACGAGGTGCAGCAGGCGAAGTCGTCGACCAGTGCCCAGCAGGCCAAGGTCAGCGAGATCAAGTCGCTCATCTCGTCGCTGAAGGGCGAGGCCGCTGCCAAGCAGAAGGCCGCGCAGGCCGCGGGCGAGGCGTACCAGGCCGCGCAGAACAAGTACGACGAGGCGACGCTCAAGCAGAAGAAGTTCCAGTCGCAGGCCGATGAGGCCAAGCAGACCGCCGCACGGTCCGAGGAGCAGGCCGGTCAGCTCGCCGCCCAGCTCGGTCGCACCAGCGGTGACGACGTGACGACGGACATCCTCACGCACCCGTCCGACTCCGGCGACCTGCTCTACGAGCTCGGCGCCATGTCGAAGCTCAGCGAGCAGTCCGAGGGCATCTACGCGCAGGCCTCGCAGGACCGCGGTGTGGCCCAGGGTCTCGCCGACAAGGCGGACCGCGCCAAGCAGGCCCTCGGGGACCTCGCCGACGCCGCACAGTCGAAGATGCAGCAGGCCCAGGGTGCCGCCGACGCCGCACAGACCGCGGTGGACGCCCAGAACGACAACGAGTCCCGGCTCGAGGCACAGCTGACCGCGCTCACCTCGAAGCAGCGCGGCGTCGAGGCCGACTACCGCAAGGGCGTCGCCGCCGAGAAGGCCCGCCAGGCCCGCCTCGCAGCAGCCGCCGCGAAGGCAGCAGCCAAGGCCGCGGCGACCAGCCAGGGCGGCACCGGTGGCGGCAGCGCCAACCCGGCCGGATGGGTCCGACCCGCCGGCGGGTTCCAGACCAGCCCCTACGGCTACCGTGTCGATCCCTACACGCACGTCAGTGCCCTGCACGCCGGCGTCGACCTGGCCCCGGCCTGCTACGCCCCGATCTACGCGGCGCACGACGGCACCGTCACCTTCGCCGGCAACGGTGGCGGGTACGGCAACGAGGTCATCCTCGACAACGGCGGCGGCATCTCCACCGCGTACGGCCACGTCGTCGACGGCGGGATCATGGTCACCGCCGGCCAGCACGTCACCGCGGGACAGCAGATCGCCAAGATCGGCTCGACCGGCTGGTCGACCGGGTGCCACCTCCACTTCGAGACCCGGATCAACGGCGCTGCCGTCGACCCGGTCCCCTTCATGGCAGCGCGGGGGATCTCGGTATGAGCATCAGCGCCACCAGAAGGCGTCGACCCACGTCATGACCACCTCCGCTCGCTCGTTCTCCTGCGGGATCGCGACCATCGCCGTGCTCGGCATCGGCCTCTCGGTCGTCATCGCCGGACCGGCCCAGGCCGCACCCTCGGGTCCCTCCTGGGACGACGTCAAGGCCGCCAAGTCCGATGCGGCCGACGCCCAGCAGACGGTCGACGAGCTGAGCGACCGGCTCGGCACGCTGCAGGACGCCGCCGACCAGGCCGGTGTCGCCGAGCAGCAGGCCGGGCAGGCGTACGCCCTCGCGGCGTCGCAGCAGCAGGAGGCGAAGGACACCCTCGCCGACCTGTCCGCGCAGTCGAAGCGTGCGAAGGCCCGGGCGGACGACTCGGCCGGCCAGGTCGCCGGGCTCGTGGTCGAGCTGTCCCGCACGGGCGGCGGTGACCTGTCGACGACCATGCTCATGGACTCGTCGGACTCGAAGGACCTGCTCTACCGCGTCGGCACGATGTCGCACCTGTCCGAGCGCTCCGCGACCGTCCTGGCCGAGGCTCGTGCCGACCAGAAGACCGTGGAGTCCCTGGCCGCGCAGCAGTCCGCGGCCGAGAAGGCCCTGCGCAAGGCGACCGAGGCGACGAAGACCACCTTCGCGACGGCCAACGACGTGGCCGCAGGCGCCCAGGCCCGGGTGCAGAAGGAACAGGACCAGCAGGCCGAGGTCCTGCGCCAGCTCGCGTACCTCAAGGGCACGAGCGTCGCGACGGAGACCGCGTACTGGAGTGCGCAGCAGGCGAAGGCTGCCGCGGCCGCCATCGCGAAGCAGACGCACGACGCCGGCACCGGGAACGGCTCCGGCACCGGGAACGCCACCGGCGGGGGCACGAGCGGCAGCAACACCGGCAACACCGGCAACACGGGCGGCACCGGCAGCACCGGCGGCGGGACCTCCACCCCGGCCGTGCCGAGCACGCCGTCCCAGCCCACCACCCCGTCGAACCCCGGCACCCCCGCGAAGCCGAGCACGCCGAGCAAGCCGAGCACCCCGAGCAAGCCGGCACCCGCCCCTGCTCCTGCACCGGCGCCCGCTCCGGCCCCCGCCCCCGCACCGGCCCCGAGCAGCCCCTCGAAGGCCGCCGGCGCGATCTCCTACGCCCGAGGGCAGCTCGGCGAGGCGTACGTCCTCGGCGGCGCCGGCCCGACCACCTGGGACTGCTCCGGCCTCGTGATGATGGCCTACAGCTCGCAGGGCATCGCGACCGGCGGACACAACGTCGTCTGGCAGTACAACTACTTCAAGTCGATCGGCCGCCTCGTCCCGCTGTCCCAGCGCCAGCCCGGCGACATCCTGTTCTACTCGTCGAACGGCACGGCCTCGGGGGCGTACCACGACTCGATCGTGACGAGCTACGGCACCATGGTCGAGGCCGCCCGCCCCGGCGTCGGCGTCGTCGAGCGCGCGATCTGGCTGCCGAACCAGCTCATGCCGTACGTCGCCCGCCCGAGCGGTTCCCTGTAGCCCGCTCCCGGAGCGCCCGTTCTTTCCCAGAGCGGCTGCGGTACCAAGCGAGATCGGGCGTACCTGCACGGATCAACGCACCAGGTACGCCCGTTTCCACCCGGTACGCCCGTTTCCACCAGGCGCGCCCACGCCCCGCCCCGCGCACGCCCCGCCCCGCGCGACAGCAGCCCACCCCGCACGACACAGAACGGCGCCCGCCCTCCGGATGGAGAGCGGGCGCCGTTCGTCGTCAGGGGATCGTCAGTGCGAGCCGGGCACGTACGCGGCCTGACCGGCCTGCACGATGCGCTCGGCCTCGGCTGCGTCGCCCCAGCCCTCGGCCTTGACCCACTTGTTCGGCTCGAGGTCCTTGTAGCGCTCGAAGAAGTGCGCGATCTCGGCCTTCGTCTGCTCCGGCACGTCCGAGATGTCCTGGATGTGTGCCCAGCGCGGGTCCTTGGCGGGGAC
NZ_CP181330.1_gap8	199246	201717	2471	GGGGTGGCCGTGTGCGGCCCGCGCCGTTGTCTACCCTGTGCGCATGTCGTCGTTGCGTCACCCCGTCGGGCCCGAGAAGCCGGTCGTCTACTGGCGCCGCCGGGCGCTCGTGCTCGGGGCGCTGCTGGTCGTCGTCCTGGTCGTGGTGCTCATCGTCGTCGGGCGGGGGAGCGGGGCCACGTCGGCGGCGCCGAGTGCGTCGGCCTCTGCTGGGTCTGGTGCCGATGCATCGTCTGCCGGTTCTGGGTCCGGTTCCGGGTCCTCGCGGTCTGCTGCGCCGAAGCCGTCGGCTTCCGCCTCGGCTTCTGCGTCGAAGCCCGCAGCTGCCGACGGTTCGACCTGCACGAAGGACCAGATCGTCCTGACCCCGGTGCTCGACAAGTCGGCCTACGGCCCCACCGAGGACCCGAAGATCGCGATGTCGATCAAGAACTCCGGCACGAACTCCTGCCACCTGGACCTCGGATCGGCGCAGCAGGTGCTGACCATCAGTTCGGGCCAGGAGCAGTACTGGTCGTCGAAGGACTGCCAGACCGGCGGCACGAACCAGGACGTCACGATCAAGTCCGGTCAGACGCTCACGACCCCGGCGATCGCCTGGGACCGGACCCGCTCGTCCACGTCGACGTGCGACTCGTCACGGCCGGCCGTCACCGCGGGAGGCGCGAGCTACCACCTGCAGGTCGCCGTCGGGAACCTCGAGTCGAAGACCTCGGTGCAGTTCATCCTGCAGTAGGCGGCGGCGGGTTCGCGGTTCGCGGTTCCGATCCGTTCCGCACAACCGAAGTGCATTCGCGCCAGGCGCGCGCGTGGTTCGGCGTGACTTTGGTTGTGCGAGATGCCGAGCAGGGCGCCGGGAACAGCAACAGGCCCCGTCGTCCGAAGACGACGGGGCCTGTTCAAGCTGATGTGATCAGCCGAGGACGGTGATGTTCTCCGCCTGCGGGCCCTTGCGGCCCTCGGTGATGTCGAACTCCACCTTCTGGTTCTCCTCGAGCGACTTGTAGCCGTTGCCAGCAATCGCAGAGAAGTGCGCGAAGACGTCAGCGCTGCCGTCGTCCGGGGCGATGAAGCCGAAGCCCTTTTCGTTGTTGAACCACTTGACGGTACCGGTAGATGCCATGATGGCGTTTCCTTAGCTTTCTTGCTTCCGCCAAGGTGCAGATGCACCGACGGAGACCCCGACGTACGTCGACGGGGGTGATGCGCCACGCGGGCAGGTGCCGGCGGGACGGGTTCGGGGCCAGGCCTGTCGGCCAGTGACCCTGGGGCCCGGGTTGAGGGGCAAACCACCTCGCCCGGACGTTGAGCGCCGCCGAAGCGGTTCCATCAGGCTAGCGTGCTCTGGGCCGACTGGCTACCCGTGCGTCACGGAACGACGAAAATCTGGTGGAATTGAGCTGATGGCAGACAAGGAACAGCGCTTCCGGAGCGAACAGCTCGAGGAAGCCCTCGCGAAGCAGGACGTCGCTGCGGTGGCGTTCGCGCTCCGCCACGACATCGTGATCGTCCCCCGACTCGTCACCGGCAAGAAGGACATGCAGGTGCGGGTGTTCGGCCGTGAGGGGTCGGACAAGCGCATCCTGCTGCTGTTCTCGTCGGCGGACGCCTACACGGCGATGGTGCCGGACGAGAAGATCCGGCAGGTCATGGTCTACGACGGGCCGCGGCTCGAGGAGTTCCTGGCCGCCCACCTCGACATGCTCGAGGGCGTGTTCTTCGACATCGCCGGCCCGCACACCATGCAGGCCGCACCGGCGGACCTGCTGGCCGCTTTGCGCGCGTAGCGCCTCAGAACGCGAGGTCGAGCTCGCGTTCGCGCGGGGACTGCGTCATCGAGAACGCCACACGCAGGGCTTCGCGCAGGTGCCCGGAGTCCGAGCCGAGCACGGTCGTGAACCCGAGGCGGGTGGCCTCGTTCACGCGCTGCTTCGTGCCCGTGGCCGGACGGATCTCGCCGGCGAGGCTGATCTCACCGACGGCCGCGAGCGTGTGCGGGTACGGACGGTCTCGTGCGGCGCTCGCGAGGGCCAGTGCGATCGCCAGGTCGGCGCCGGGCTCCGTGAGCTTCATGCCGCCCACCGTGGACACGTAGACGTCGGCGTCGGACAGCTTGAGGCCGGCACGGCGTTCGAGGACCGCAAGCAGCATCGCCACACGCGAGGCATCGACACCGTTCACGACCCGGCGGGGCTGCGGTGCCGAGCTCGGGACGATGAGGGCCTGCACCTCGACCGGCAGCGCGCGGCGCCCCTCGAGTGCGACGGTGACGCAGGTGCCGGACACCGGCGTGGCGTTCTTCGACATGAAGAGGCCGCTCGGGTCGGGGACCTCATGGATGCCGTCGCCGCCCATGTCGAAGCACCCGACCTCGTCGGTGGGGCCGAAGCGGTTCTTGAGCGCCCGGACGAAGCGCAGCGCGGTCTGCCGGTCCCCCTCGAAGTGACAGACGACGTCGACCAGGTGCTCCA
NZ_CP181330.1_gap9	220563	222332	1769	ATGTCGTCCTTGCCGGCGAAGTGGTAGTACAGCGAGGCCTGCCGGATCCCGACCCGTTCGGCGATCGCCCGGGTCGAGGTCGCGCTGATGCCGTTCTCGACGAACAGCGCGGCGGCGGCGTCGAGGATCTGGTCGCGCGGGCTCAGCGCGGAGTCGGCGTTCGGCACGACCCGCGGTCGGCCGGGGCGCACGGGCCGGTCGTCGGGGGACATGCCCCCATCCTGACAGCCGGTGTCCGTCACGACTGCTCCCGGTACGCGCGCCAGCCGCCGTGGTGGGTGATGTCCTCGGCCCCCTGGACCGCGAACGGCTCGACCAGGAAGCCGGTGACCTCGGTGCCGTCGTCGAGCGCCACGGTGCCGATCGCCATCGGTGCCGGCAGGGCTGCGACGAAGGTGCCGAAGCCGGCGGCGGGCAGACGCCAGACCTCCCCGACGATGCCCGAGCCCGGCGCGGCGGCGCCGGACGCGACCGGTCCCACGCGGACCAACCCGGGCTTGGGCGGCACCGTGTCGAGGGCGTACAGCCGGTAGTCGGAGGCGGTGCGGGCCTCCCGGACGAACGATCCGCCGGACGCGACCAGCTGTCCGTTCAGCGGCTGCCCGCGCAGGTGCGCCCCGACGACCAGCAGGTCGACGGTCGGGGCGGCGAACGCGGCCGCCAACGCCGCCAGGCGCCGGTCGCTGAACGCCGGGCCGGTGAGCATGACGCCGAAGGGCAGGCCGTCGACGAAGCCGGCGGGCACGGCGAGCGAGGCCATGTCGAGGAGGTTCGCGAAGTTCGTGTACCGACCCATCCGGCTGTTCGCGCCGATCGGGTCGGCCGCGACCTGCTCGAGCGTCGGGTGCCACGTCGTCGTCGGGGTGAGCAGGGCGGTCGTGCCCTCGAGTGCAGCGCGACCCGCTGCCCCGAACGCGTCGAGCCGTTCCTGGTCGGCGAAGAGCTCCGCGGCGGTCGGTCGTGCGCCACCGAGCACGATCGCGGCGACCGACGGGTCGAGGTCGGCACCGACCTCGTCGCGGTGGGCCTCGATGTGGGCGCCGACGGCCGCGTACCGTTCGGCGACGAACGCGCCGTCGTAGAGCAGCGACGCGGCGTCGAGCAGGGGTGCGATGTCGACCTCGACCACCTGGTGTCCGAGCGCACGGAACCGATTGACGGCCGCGGCGAACGCCTCGGCCCAGCCGGGTGCGAGCCCCTCGAGCTGCGACGGCAGCGGCACCGCGATGCGCGGGACGGCCGGCAGGTCGGCGAGGGCGAGGTCGGGCCGCGCGAGCGGGTCGACGCCGTCCGGACCGGCCATCAGCTCGGCCGCCGTGCGCGCCAGGTCGAGCGACCGGGCGAACACCGTGACGCAGTCCTGCGAGCGGCAGGCGGGGACGACCCCGGTGTTCGGCACGAGCCCCTTCGTCGGCTTCACCCCGACCAGGTTGCCGAGCGCGGCGGGCACCCGGCCGGACCCGGCGGTGTCGGTGCCGAGCGCGAAGTCCACGATGCCCAGGGCGACCGCCGTGGCGGAGCCGCTCGACGAGCCGCCGGAGATCCGCGTCGGGTCCCAGGCGTTCCGGACCGCACCGAAGGGCGAGCGGGTGCCGACCAGGCCCGTGGCGAACTGGTCGAGGTTCGTCTTGCCGACGACGACGGCGCCGGCGGCGCGGAGCCGGGCGACGGCGGTGGCGTCGGCAGCGGGGTCGTGGGCGTAGGAGCGGGCGGCTGCGGTGGTGGGCAGGCCGGCGACGTCGATGTTGTCCTTCACGGCGAACAGCAGG
NZ_CP181330.1_gap10	237399	239667	2268	GCAGTGGGAACGCTCCTACAGCCGCACAGGTGCCTATGGCCAGGCCAAGCTCGCCAACCTCATGTTCACCTACGAGCTGCAGCGCCGGCTCGCTCCCCATGGCACTACCGTCGCCGTCGCCGCCCACCCGGGCTTCTCCGACACGGACCTCACCCGCAACGTGCCAGCCGCGTTCCGTCTGCCGGTGAGCTGGCTCACGCCCGTACTAACGCAGCCTGCAGAGATGGGCGCGCTATCGACCGTGCGCGCCGCGACCGACCCGGGCGTGCTCGGTGGCCAGTACTACGGACCCGGCAACCGCATCGAGACCAAGGGCTCCCCCCGGATCGTCACGTCCAGCGCAGACTCGCACGACTTGGATGTCCAGCAGCACCTGTGGACGGTGTCAGAGGAGCTCACCGGAGTCACCTTCCCCGTCGCGGCAGTCCCAGCCCCCTAAGACCACAGGGGCACCGAGCTACGTCACCGCGTGCGGTCCTGAGCCTGCGCGGGGCTTCCGGCGCGGGTAAAAAGCGACAGAACCGTTCGTGCCGCCATCTGCGGTGAGCACTGTTAGCAGCGGCGACGCCCCGGTCGGTCATACGACGGCGCCCGCGGGTCGGGACCGCCGAACATCAACCTTCATCAAAGTGGCTATCACGGCCGCCTCCGGGTTCAGAGGCGGCCCGCGAAGACCGGTAACGCGAGCGCGAACACCGACCCCCGTCGAGCCTCTTAGGAGAGGTCTGCGTGGTCAGTGCACCATCTCGTCGACGCCCAACTCGGTATTGACCCCGGGTGCAAGCACGACACCACCTTCCCAGAGTGCACAAGCCCACCCGCGAAGGCGTCTCGATAGCCGATCGGCTATCGATACAGCTCGCTGGGTAGCCTTCGTTCATGAGTCCGGTGAGCGCGCAGATCCTCTTCGCGGTCGCTTTGGCGCTCGGAACCGCGACGACGCTGCTGGGTTTGGTACTGCAGTGGCGTCGCGTCTTGGAGCGACGACAGGCAGGCACAGCTCAGAAATACCGATCGACTCCGCGCGAGGCAGTTCTGATCCGAGCGCTGCACTGAGCTGCCCCGCCCCCCCGCAGTTCCAGCTGTGCTCGGGTGCGTCGCAGTGCAACTCCCGGCCAACGAACTGATTCACACGGCGGAAGGGAGAGCAGCTGTGTCCGACCTGCCGAAGCCTACGATCCACAGTGTCGCTCACGAGGCGGGTGTGTCGACGATGACAGTGTCCCGGTTTCTTCGCAATGCTGACGGCGTCCGCGACGGCACAAGATGCCGAGTTCAGGCGGTCATAGACCGGCTCGCATACAAACCAGACCCGGCAGCCCAAGCACTTCGCAGCAGACCTAGCCACCAGTCGCGGATGCTGCGGAGCTGCTTCCCGGAGAACGGGGAACGGACGAACGCGTCGAGGGGCACCGCTCACCCCCGAGGATCGGTCAGAATGACAGAATGGCCTCCACGCTCTGCCCCTACTGCTCGAAGTACAGCCACATGACGATTCGATGGGGTCGCGTGTCTGACAACGCGAGCGTCGTGCACGCGACGCTCGAGTGCGACAACTGCGAGCGGCTCGTCGTTGCCTTAGGCGAGGGCGCGGACCTCATGGGGTCCGTCTCACACAGCGAGTCGAACGATCACGCCAGGGTGCTGATGGCCCTCACGAAGATTGGTGATGACCGCCTCTCCTGGCTGCCGACGGCGGCGGAGACGCCCGAGGTGGAGGACGTGCCCGTCTCTATCGCGCGAGCTGCCAAGGAGGCGTACCGAAGCGCTGCCGTGGGGAACCACATGGCCGCGATCTTGATGGCTCGGACTGTCATCGAGGCGACGGCCAAGGAGAAGGGCATCAAGAATGGAGTGCTGGCCTCGAAGATCAACGCGATGCGGGACGCGGATCTCATCCGACCAGCTATCGCCGCGCAAGCTCACGAGGTGCGATTTGCGGGCAACGACATGGCGCACGGCGACATCGACGTCGCTCCTGCCCCTATCGACTCCGAGGAGATTCTCGCGCTGATGGCGTCGGTCCTGACTGAGGTGTTCCAGGACCCCGCTCGTCTTGAGAGGATTCGCGCGAGGCGGGCGGGCGCGTAGCTATTCGTCGTCGGGGATGGCCTGCAACGCTGCAACGAGGTTCCGGAGCAGCGACTCGCGTCGTCCGCCTTCTGGTCGCCGTCCTGCAGCTCGAGCTTCGCGGCCGCGGACAGCGCCGTCTGGATCGTCGCGACGAGAGCGCGCTCGTGCTCGGGCGGGACGAAGTCGAGCGTGTCG
NZ_CP181330.1_gap11	245602	248236	2634	CGCACTGCTACTGCGACGTCTCCGCCCAGGCGTTCCGCGGCTGGCTGCAGGCCCGGTACGGCACGGTCGACGCACTCAACGCCGCCTGGGGCACCTCGTTCTGGAGCCAGCGCTACTCCGCGTGGGAGCAGGTGCTGCCGCCCCGCGCGACGCTGTCGTTCACGAACCCGGCGCAGACCATCGACTTCGACCGGTTCTCGTCCGACGAACTCCTCGGCCACCACCGTGCCGAGGCTGCCGTCCTGCGCGAGCTGAGCGACAAGCCCGTCACGACGAACTTCATGGTCGCCGCGCACATCACGGCGCTCGACTACTGGTCGTGGGCCGGCGACATGGACGTCATCGCGAACGACCACTACCTGGACCACCGCCTGCCCCGGCCGCACGTCGAGCTCGCCTTCGCCGCCGACACCACCCGTGGCCTGGCCGGCGGCGCCCCCTGGCTGCTCATGGAGCACTCGACGGGTGCCGTGAACTGGCAGCCGCACAACGTCGCGAAGGCCCCGGGCGAGATGCTCCGGAACACCGCGGCGCACATCGCCCGCGGCGCCGACGGGGTCTGCTTCTTCCAGTGGCGCGCGTCCGTGCAGGGCAGCGAGAAGTTCCACTCCGCGCTGCTGCCGCACGCCGGCACCGAGTCGGGGACCTGGCGCGACGTGGTCGCGCTCGGCGCCCTGGTCGAGCGGCTCGGCGAGCTGCGCGGCTCACGCGTGGTCGCCGACGTGGCGCTCGTGTTCAGCTGGGAGAACCAGTGGGCGGCCGACCTGGAGGCCCACCCCAGCACCGCGCTCCGCTACCTGGAGCAGGTCCACGCCTTCCACGCCGCGCTCTGGGACCTCGGCGTGACCGTCGACGTCGTCGCCCCCGGGGCACCGCTCGACGGGTACGCGCTCGTCGTCGTCCCCGAGCTGTACCTGGTGCGCGACGAGCACGCGGCCGTCATCGCCGACCACGTCGCCAGCGGTGGGCACGCGATCGTCAGCTGCTTCAGCGGCATCGTCGACGAGCGCGACCGGGTCCGCACCGGCGGCTACCCCGGCGCCTTCCGCGACCTGCTCGGCGTGCGGGTGGACGAGTTCCTCCCGCTCGCCGCCGACGCCACGATCGCGTTGTCCGACGGCACGACCGGCAGCGTCTGGTCGGAGCCGGTCGAGCTGCGCGGTGCGACGAGCATCGTCGACTACGCCGAGGGCTCGCTCGCCGGGCGTCCGGCCGTCACCCGCAACGAGCACGGCGCCGGGACCGCCTGGTACACGTCCACGGTGCTCGACGCCGGGGCGCTGGGCGGCTTCGTCCACCGCGTCCTCGACGAGGCCGGGGTGCGCGCCGACCCCGCAGTCCGCCCCGGACTCGAGGTCGTGCGTCGCCGGGACGACACCCACGAGTGGGTCTTCCTGCTGAACCACTCCGACCGCACCGTCGAGCACCACGAGGCCGGCCACGAGCTCGTCGCCGACCGCCCCGTCACCGGGACCACCGCCATCGCCCCCGGCGGGACCCAGATCATCCGCACCGACAGGAACCGCTCATGACCACCACCGCACAGTCGCCCAGCGCGACCCGACGACGCCGGGGCGGCGGGTTCCGCTACCGCCGCGCGATCGCGATCTTCGTCCTGCCGTTCGCCGTCCTGTTCACGGCGTTCTACCTGGTCCCCATCCTCTACGCCGTGTGGGAGTCGCTGCAGAAGATCGAGCGGCAGGGCACGTTCGGCGCCCCGACGCAGGTCTTCGGCGGTCTGAGCCAGTACGCCCTGGTGTTCCAGGACGGCGAGTTCTGGAGCTCGGTGCTCCGCGTGCTGCTGTTCGGTGTCGTGCAGGTGCCGGTGATGCTCGGGCTCGCGCTCCTGTTCGCCCTGCTGCTCGACTCGCCGCTGCTGCGCGGCAAGCGGTTCTTCCGCCTGGCGTTCTTCGCGCCGTACGCGGTGCCCGGCGTCATCGCCGCGATCATGTGGGGCTACCTCTACGCCCCCGACCTGTCGCCGTTCTCCGCGGTGACCTCGCGGGTCGACCTGCTCGGCGGCAGCACCGTGCTGTGGGCCGTCGCCAACGTCGTGACCTGGGTCTACGTCGGCTACAACATGCTCATCATCTACTCGTCGCTCCTCGCGATCCCCGCCGAGGTGTACGAGGCGGCGAAGCTCGACGGGGCGTCCCAGCTCCGGATCGCCCTGTCGATCAAGATCCCGCTGGTGGTGCCGGCCATCGTCCTCACCGCGGTGTTCTCCGTCATCGGCACCCTGCAGCTGCTGACCGAGCCGACCGTGTTCCGCCAGTTCACCTCGACCATCTCGTCGACGTTCACGCCGAACATGCTCGTCTACTCGACGTCCTCGGTGCCGAACTTCAACCTCGCCGCGGCGTTCTCGGTCGTCCTCGCCGTCGCCACGTTCGTCCTGTCGATCGGGTTCCTCCGACTGACCCAGCGGAAGGCCGCCGAATGACCGTCAACGCCCCGTCCCAAGGTGACCTCGTCCGCGACGTCGGCCGACCGCTCGAGCCGAACCGGGCCTCCCGTCCGCACCAGCGCGGAGCGCGCGGTCCCCGTGAGAGCGTCATCTCGCGCAGCGCCGCGATGATCGTGATGGGGGTCTTCACCCTCTACTTCCTGCTGCCGATCTTCTGGCTGCTGGTC
NZ_CP181330.1_gap12	258761	261238	2477	GTTCGGTGAGCACGTCGACGAGGTTCCGGACGGCACGCTCCTTCGTCTCGAGGGTGTCCTCGTGCGGTGCCATCCGGTAGCAGGTGACGAGGTCGACCTGGTGGGCGAGCTCGCGCGTGACGTTGCCGTGCAGGTCCATCGACGCGGAGACGATGACGTCGGGGCCGACGACCGCGCGGATGCGGCCGAGCAGGTCCGTCTCGGCGTCGTCGAGCCCCTCGACCACCATCGCACCGTGGATGTCGTACCAGAGGCCGTCGACCGGACCCATCGCACGCAACCGCTCGACGATCTCGTCGGCCAGCGCTTCGTACGACGCCCGGTCGACGATCCCGCCGGGCAGCGCGTGCCCGATGAGCGCCCCGCGGAAGTCCGCCCGGTCGGCCATGGTCGCCAGGAACGGGTACCGGGCGACGGCCTCGTCGCCGCGGTCCGGGTGGAACGCGGGGGCGTGGGTCCGGGTCGGCGTGAACGTCGACGTCTCGATGGCGAGCCCGGCGATGGCGATGACCGGGCGACGGGCACCAGCGGTGCTGGCGGGGACGGCGGGGGTGACGGGACCGGTCTCAGACACGGACGCTCCTGTTCCTGGTGGTGGACTGGGGGATGGGCGCGGAGAGCTCCTCGAGCGAGGCGGCGAGGCCCCGCTGCAGCGCGAACTGCCCGGCGCCGACGAGCCCGGCATCGGCACCGAGCGACACCGGCTCGATGGCCAGGTGCTGGGTCATCAGCGGGTGGCAGCTCTCGTAGAGCTGGCTGCGCACGGCGGCGATGAACGGGTCGAGGGTCGACAGGATGCCGCCCAGGTAGACGGCGTCCGGGTTGAAGAAGTTCACGTTGGCGGCGAGCACCTCGCCCAGGTACTTGCCCGCCATCCGCACGGCACGGGTGGCCTCGGGGTGCGCGTCCGAGGCGAGCCGGACGACGTCGGCGGTCGAGGAGACGTCGACCCCCGCGTTCGACAGGATCCGGACCAGGGCGGCTCCGGACGCCACCGTCTCCAGGCAGCCGGTGTTGCCGCACGAGCACGGGGTGTCCCCGGCGGCGTCGATCCGCACGTGCGTGATGTCCCCGGCCGCACCGGTCGACCCCCGGTAGAGCCGACCGTCGATGACGATGCCCGCGCCGATCGCCGAGCCGGCCTTGATCGTGATGGTCTGGCGTCGAGCGGGATCCTGCACGGTCTGCTCACCCGCCGCCATGCAGTTCGCGTCGTTGTCGACGATCGCCGGCAGGCCGAACCGGTCGCTCAGCCACGCGGCCACGGGGAACCCGTTCCACCCCGGCATCCGGCTCGGCAGGTCCACGACCCCGGCGACGACGTCGACGGGCCCGGGCAGGCTGAGCCCGACGCCCCGCAGCCCTTCGCGACCACGGTCGTCGGCGAGCCGCTCGAGCAGCGCGGCCAGGCGCTGGAGCCCGGCGGTCGGACCGTCGGAGAGCGCGAACGGGACGTTCGCGACCGACTCGAGCGCGCCTCCAGGCAGGACCACGCCGATGCGCGCGTGGCCGCCACCGACGTCCGCGGCGACCGCGTACTCGTCGACGCCGCCGATGCGGAGTACTTTGCGGGGTCGCCCGCCGGTCGAGACGTCGGTGCCTTCCTCGGCGAGGATCCCGTGCTCCAGGAGCTGGCCGACGACGTGCGAGACGGTCGAGGGGGCGGCTCCGAGCACCTTCGCGATCTCGGTCCGGCTGGCGGCCTGCCCCGATGCGACGAGCTCGAGGACGCGGGCGCTGAGATCGGCCACGACTTTCTCCAATCCGGGCGGAACGGGAGCGGAACACCGGTCGGTGGTCCGTTCTGCCGCGAGCCTACGGGGCGGATCGAGCGGTCCACCCTTTCGTCCGTTCCGCAGTAACGCAGTTTTTACATCGAGATGTTTGTTTTTCCAATCGCTTTGGTCCTTGACTGTCCTCGTGCCGCTCGGCACCCGTGCTCCACCTCCCCGAAGTCCCTCGCACAAGGAGACACCGCATGTCCAAGCCCCGTCGCTGGGCGCTCCTCACCGGAGCTGCGATCGCCGTGAGCGCGCTGCTCGCCGGCTGTTCCGGAGGCGGCAACGCCTCGCAGGGATCGACCGACGAGATCGACTACGCGCTCCCCGCCAACTTCACGCCGAACTGGATCCTGCCGATCGGCACCGCCGCGCACCTCAACACGAACAACGGCTCCATCGCCCAGTCGCTGTACGAGCCGCTCGTCGCCTACGACGGCTCAACCGGCAAGATCGCGTGGAACAAGGCCGGCTCCGTCGCCACCGATGCGAAGTTCGCCGACGACGGCAAGAGCGTCACCATGACGCTCGGCGACCGGCACTGGTCGGACGGCGAGGCGATCACGAGCCGCGACGTCGGGTTCTGGTTCAACCTGATCAAGGCGAACAAGGACCAGTGGGGCTCGTACTCCAAGGGCAAGGCGCCGGACAACTGGACGTCGTTCAAGGCCGTCGACGACACGCACTTCACCATCACGT
NZ_CP181330.1_gap13	264083	267516	3433	TGCTCGTCATCTCGGCGATCACGAACCCCGGCGTCGGCGGGCTCATCGTCATCCTCGGCCTGGTGTCGTGGCTCGTGCCGTCCCGCCTGATCCGCGCCGAGACCCTGACGCTCAAGAACCGTGACTACGTCCTGACCCTGCGCGCGATCGGTGGCTCGCACGCCCGCGCCATCGGCAAGCACCTGCTGCCGAACTCGGTGTCGACGATCGTCGTCGCGGCGACGTTCCAGGTCGCCGACGCGATCCTGCTGGTCGCCTACGTCTCGTACCTCGGGCTCGGCGTGCAGCCGCCCGCGACGGACTGGGGTGGCATGCTCTCGGCGGGTCTCACCGCCGCCTACTCCGGACGCTGGTGGCTCATCGTGCCGCCGGGTCTGGCCGTGATCCTGGTCGTCTGCGCGTTCAACGCGGTGGGCGACGGACTGCGGGACGCCTTCGACGTGCGGGGCCGCTGATGACCAACGAACCGATCCTGCGGACGACCGACCTCGGCGTCTCCTTCCGCACCGAGTCCGGCACCGTCGACGCCGTGCGGGGGGTGTCCCTGTCGGTCGCCCCGGGCGAGACCCTCGCCCTGGTCGGCGAGTCCGGCTCCGGCAAGTCGACGGTCGCCCTCGCCGCGATGGGCCTGCTCTCCGGCAACGCGACGGCCTCGGGCAGTGCCGTCGTCGCCGGGCACCAGGTGATCGGCGCCGCCGAACCCGCGCTGCGGGCACTGCGCGGCTCGACCGTCTCGATGGTCTTCCAGGAGCCCGCGACCGCGCTCGACCCGCTCACCCGCGTCGGTGCCCAGATCGCCGAGGTGATCCGGAACCACCGTGACGTCTCCGCGTCCGCCGCCGCGGCCGAGGCCGTCGACCTGCTCCGTCGCGTCGGCATCCCCGACCCCGAGTCACGTACCCGGTCGTTCCCGTTCCAGCTGTCGGGTGGGCAGCGTCAGCGCGTGGTCATCGCGATGGCGATCGCGAACGCCCCGAAGCTGCTCATCGCGGACGAGCCGACCACCGCCCTCGACGTGACCGTGCAGGCCGAGATCCTCGAGCTCCTCCGTGCGCTCGCCGTCGAGACCGGCACCGGCGTGCTGCTCGTCACGCACAACATGGGGGTCGTCGCGGACTTCGCCGACCGGGTCGCGGTCATGCTCCAGGGCGAGATCGTCGAGACCGGCGGGGTCGAGGACGTCCTGCTCCGCCCCGAGCACGAGTACACCAAGCGGCTCCTCGCCGCGGTGCCGCGGCTCGACGTGGCGGGGGACCGTCCGTCGGCTCCCGTCACCGACGCGGAGACCGAGCCGGCCGGGAGGCCCGGTGCGGCCCCGGTGGTCGACCTGCGGGACGTCTCGGTGACGTTCGGGCGCGGCGCGCGCGCCGTCCACGCGCTCGCGGGCATCGACATCGCGGTGCACGCCGGTGAGACGGTCGGCCTGGTCGGCGAGTCCGGCTCCGGCAAGTCGACCGCGGCCCGCGTGGCGCTCGGGCTCATCAAGCCGACGTCCGGCACGGTGTCGCTGTTCGGGCAGGACCTGCGGACCGCGAAGGGCCGTGACCGCCGGGCACTCCGCTCCGGCATCGGCGTCGTGCTGCAGGACCCGGTGGCGTCCCTCGACGCCCGGATGTCGGTGGCCGAGTGCATCGCTGAGCCCCTCGCCGTGCACCATCGCGGGATGTCCTCGGCCGATCGTCGTCGTCGCATCGACGAGGTGCTCGACGCCGTCCGGCTGCCGCGGACCCTGGCATCCCGTGCTCCGCGCGAGCTCTCCGGCGGGCAGCGCCAGCGGGTCTCGCTCGCCCGGGCGCTGGTGCTCGAACCGCGGTTGCTCGTCGCCGACGAACCGACGTCGGCGCTCGACGTCAGCGTGCAGGAGACCGTGCTCGAGGTCCTCGGCGAGCTGCAGGACGACCTCGGGTTCGCGTGCCTGTTCGTCTCGCACGACCTGGCCGTCGTGCAGCACTTCGCCGAGCGCGTCGTCGTGATGCGCCAGGGCCTCGTCGAGGAGCAGGGCACCACCGGCACGACGCTGCTGCACCCCACCACCGACTACACCCGTCGGTTGCTCGCCGCGGTGCCGGTGCCCGACCCCGTGCTGCAACGGCAGCGTCGGACGGAGCGCCTCGCCTCACTCGCGGCGGTGACCGCGTGACCCGGGTCCTGGCCGGGGTCGACGTCGGCGGCACGAACACGAAGGTCGTCCTGACCACGCCCGACCTCGAGGTCATCGACCGCCTCGACCTGCCGACGCCCGCCCACGCGGGTGGGGCGGCGATCGTGACGGCGGCACTCGGGGCCGTGACGGGTCTGCTCGAGACGCACCGGGCCTCCTTGGCGGGTGTCGGGGTGGGCGCGGCCGGCGTCGTCGACCGGACCACGGGGACCGTCCTGGTCACCGGCAACTCGTTCACCGGTTGGGCCGGGTACGGCGTGACCCGGGCGGTGACGGACGCCCTCGGCGTCCCCGCGACCCTGGACAACGACGTGAACGCGTTCCTGCTCGGCGAGATCGCCACCGGCGCGGTCGTGGGGGAGTCCGACGTGCTCGGCATGACCCTCGGCACCGGTGTCGGCGGTGCGCTCGTGCTCGACGGACGGCTCTTCGCCGGCCCGCGCGGTGCCGCGGGTGAGATCGGCCACGTCCCCGGCTTCGGGGACGCCCGGTGCACCTGCGGGCAGACCGGGCACCTGGAGACCATCGCGGGCGCGCGCGGCATCGCCGACCGCTACGCCGAACGCTCCGGGCGGATGCTCTCGGCACGGGACGTCGCCGTCGCCGCACGCGGTGGGGACGCCGACGCGGCCGCCGTCTTCGCCACGGCGGGGTGGGGCCTGGCGCGGGCCGCGCTGCTGACCGCGGGGATCCTCGACGTCACCACCGTCCTGATCGGCGGCGGGATCGCTCGGTCCTGGGACCTGCTCGAACCGGCCATCTCGGCGGCGATCGCCGCGGAACCGCCGGTCAGCGGGGCGACGATCCGGCTCGCGCAGTCGACACTCGGGTCCGATGCCGTGGCACTCGGCGCAGCGGCGCAGGTGCGGGCGCGCGTGCTGGAGCCGGAGACCGCGTAGCGGGGGAGCGCCCGGTCAGGGCACCCAGATGACGATGCCGCGCAGGTCGTGGAGCACGGCGGCGAGTCCGGCGCGCAGGCCGCGGGCCGCGCGGTCCTCGGTGAAGGTCTCCGGGTCGTAGTGGCTCGACGGGCCGAGGCCCTCGCCGCGGAACCCGCCGCCCGTCCAGTCCGCCGCCGTGACGTTCGACGTCGGCTCCGCGATCTCGGCACCGACGACCAGGAACTGCTGGTGGAGCGCGGTCGGTGAGACGGCCGCGAGCGGGTCGACCATGTGGTTGCCGACGGTGATGACCAGGTCGGGCTCGGCGTCGACGGCGCGCAGGACCGCGGCGATCCGGTCGTCGGGGCCCTTCGCCGAGACGGGGGTGACG
NZ_CP181330.1_gap14	382050	383751	1701	GGGCCGGGACGGCTGTCGGGTGCCGATCCCGTGGACGCGCTCCGGACCGTCGTTCGGCTTCGGGGACGTCGCACCGCACCTGCCGCAGCCGCAGGACTTCGGGGCGTCCTCGGTCGAGGCCGAGGACGACGATCCCGAGTCGACCCTGTCGCTGTACCGCCGTGCGCTGGCAGCCCGCCGTCGGCTGCAGCAGGGGGAGGCGCTGACGTGGCTGGAGTCCGGCTCCGAGGTCGTGGCGTTCGCGCGGCACGACGGCTGGCGCTCGGTCACGAACTTCGGCACCGCGCCGGTGCCCCTGCCGGCCGGGACCGTCGTCGTCGCGTCCGGGCCGCTCGACGGGGTCGCGCCGGGGCAGCTGCCGGGTGAGACGACGGTCTGGCTGGCCTGAGCGGTCCGCTTGCGTCGTTCTTCCTCCACAGCCGGGAGGCCCGTGGGGGCGTTCCACAGATCGCCCCGCCGCCGCCCGGGGGTGACGTCCCGGTCGCGAGCATCGGGGCATGACAGATCCCACTGCTCCAGCTCCTGCCCCGGCTCCTTCCCTCGATCGGCGGTCGTTCCGCTCGCGGGTCGTCCGCCGTCTCGCCGCGGCGTGCGCCACCCTGACCGCGCTCGGCGTGCTCGCGGCACCCGCGGTCCTGCCGTCCGGGTCGAGTGCGGCCGCCCTCGACTTCCCGTACGTCAACCAGTTCTCCAGTGCGTCCGGCGGTGCCCTGCACGGTGACGCCGCGGTGTCCGGCGGTCGACTGCGCCTGACCGACGACGTCCGGAACCAGGCGGGGGCGTGGTCGACGAACGACACGTTCCCGTCGGACACCGGGCTCGAGATCGAGTTCACGTACGCGATGCACACCGAGAAGGACGACCCCGGCGCCGACGGCCTGCTGCTGTACCTGGCCGACGGCGCTGCGGCGCAGGGCGTCGGGTCCTTCGGCGCCGGTCTCGGGTACGCCTGCCGCAAGGAAGCGACCGAGGGCGGGGGCCGGGAGTGCGACCTGCCGGGCGTCCCCGGGGGCTTCGCGGCCGTCGCGATCGACCACTACGGCAACTTCTCGTCACGCATCAACGGGTCCGGTCCCGGAGCACAGCCCGACCAAGTGGTGGTCCGGGGCTCCGGCAACGGGACCGAGGGCTACCGGTACGTCGCCGGTGCCGCGGCACCGGGCGGCACCGTGACGGCCGGTTCCACGCCCCGGACGGTCCGGATCACCCTGCTGCCCGACGACGACGGCGGGCTCGCGGTCTCCGTCCGGCTGCAGGTCGGCTCGACCATGCGCACTGTGCTCGACTCGGTCCCGCTGCACGGCGACGGCCAGGTCGCGCTGCCGAGCACGCTGCGCCTCGGGTTCGCCGGGGCCACCGGCAGCCACGTCGACAAGCACGAGGTCGACGCGCTCCGGGTCTGGAAGCCGGCGGACCTGTCCGTCGAGCACGACCTGCCCGCGACCGCGACGGCGGGCGACCCGCTCCGCTACACCGTGACGGCGCGGAACCCCGGCCCGAACGCCGCCGACCCGAGCCCGCTGCAGGTCGACGTGCCCGACGGCGTCGAGGACGTCACCTGGACCTGCACGGCCGCGGACGGCTCTGCCTGCGCGACAGGGTCGGGCACCGGTGACGTCGCGACCGACCTGTCGTTGCCCCGAGGGGGTTCCGCCGTCGTCACGATCGAGGGCCGGGTGGCCGAGGGCACGTCCGGAGCGC
NZ_CP181330.1_gap15	384823	385925	1102	ACCAACCACGCCGCGGGCTACGGTCTCCTGCTGTTCGGCGGCTTCGCCCTGGTCGAGGGGCTCGTGCTCCTGTTCGGCGGGATCTCCCGACTGCCCCTCGATGGTCGATCGCGTCGCACGACCCTGCTGCAGGCCGTCATCACCCTGCTCGCCGCCGTCGCCGCGTTCGCGTGCAACGGGTTCGGGCTGCCGGCCTTCATCACGGTCATCGTCGCGTTCGCGGTGCTGACCGGGGCCCTCGAGCTGTCGCAGGGGCTCCGTGCCCGGCGACGCTCGCCCTTCGCTCGCGACTGGACCACGATCGGCGGCCTCACGCTGCTGCTCGCGGTCGCCTTCCTCGTCACGCCGCCGGACTACTCCCAGCAGCTCGGTGGCGTGGAGCAGGTCACCGGCACCCTCGACGCCTCGATCGTGCTCGTCGGCCTGCTCGGCGCGTACCTCGCCATCACGGCCGTCTTCCACGTGATCGCCGGCCTCTCGCACAAGTGGGGCACGGCCACGCCGGCCGTCGCCCCGGACGGAGCACCACACGCATGACCACCCCCAGCCGTCGTGACCGTCTGCGCCCGGTCGAGCTCCTCGGGATCTCCGCGATCATCGCGGTGTTCACCGGGCTCGTCGTGCTGTTCTCGACGCGGGAACTGCAGCTGGCCGTGATCTTCCTCGGCGTCGCGTTCATCGTGGTCGTCGTCGTGCTCGCGATGCTGCAGCTCGCCTCGTCGAGCGAGCAGGACGACAACGACATGCTCGGCGGGCACAAGACGCCGGGCGAGGGCGACGGCGACGACTTCCACTGACGGCTGACGTCTGACAGCTGACTTCTCCGGGCGGACACGCCCGAGATCACGAATCCGCCACGGTCCTGTCAGGATCGCGGGTCCTGCCGACACCTCTGAGTGAAGGAGGTGGGATGTGGACGTGACGACCGGCACCGACACGGACGAAGGACTCGTCCGTGCGATGGCACAGGGAGACACCGGCGCGCTCGCCCGGGCGTTCGACCGGTACGCCGCCACCCTCACCCGCTACGCGTGGGCGCTGGTCGACGACCGGTCGGACGTCGAGGAGATCGTGCAGGACGCGTTCCTGACGCTCTGGCAGC
NZ_CP181330.1_gap16	389480	391662	2182	ACTGGGCGCGTGCCCCGGAACCGCAACCGTCCCGTGCTCACCGGCGTCGCGGCCGTGGTGGCCGCCGGTCTCCTCGCCGGCGGGTTGTTCCTGACGGCACGGCAGGGCGCGGACGACCCGACCATCGGTGCCGGCTCGGCCTCACGGACGCCGAGCGACGCGCCGACGGCCGCCGGTGACGGCACCGTCACCATCACCCGCACCGGGCCGGACATGCCCGGCAGCACCGCGCTCGGCCGGTGCGACACCACGAGCCAGGCGGCCGTCGCGCAGTACGAGACCGAGGCCCTGGGCCGCGTCACCCTGCAGTGCGGCACCGCTGCCCAGGGCTACGAGCACATCCGGGTGCGGCACACCGCCGACTGGCAGGACGTCGTCACCGGGCACGGCTCGCGCGACTGGGACGACGCCATGCTCACGGCGGTGCAGACGGCGCTCGAGGACCCGCGCCCCGGGTTCCCGCTCGACGCCGGCGACGGCAAGGTCTGCTACGCCGCACCCGTCCGGTTCGACGACGGCGCACGCCCCGACGACGAGCCCTGGGTCAAGGTGATCGTCTCGGCCACCACCGACCGGGTGATCACGGCGTACCCCACGCGCACCGACGACTGCTGACGAGGCGGGCGGCGGCGCTGCCCACTGACGCCGAACGACACCGCGGTCGTCGTACGACATCGACGCTGTCGCAACCACCGCCACGCAACAGTCAGCGTGTGCACGAAGCGTCAATGTCGTCGTCGTACGACGTCGACTCTGTCGTTCGGCGTCGCCACCCCCGCCGCAGCGCCCCCGATCGCGACGCCCGCACGCCCGCACGCCCGCACGCCCGCGCGCGGACCCCTACGCGTGCACCTCGTACTCGTGCCGCCGGTGCGACACCGGCTCCAACTGGAACGTCGAGTGCTCCACCGGCACGTCGAAGTGCTCCGCCACGCACCGCTGCAGCTCGTCGAGGATCGCCGGGGCGTGCGCCGTCGAGAAGCAGTGGTCGTCGACGACCACGTGCGCGGTCAGGTTCGGCACCCCGGTCGCCACGAGCGTCGCGTGCAGGTCGTGCACCGCGATGACGTGGTCGAGCTCGAGGATGTGACCACGCACGTCGTCGAGGTCGAGCCCCGGCGGCGTCGACTCGAGCAGCACGTTCGCGGTCTCGCGCAGCAGCCGGATCGCCCGCGGCAGGATGAGCAGGCCGATCAGGATCGCCGCGACGGAGTCCGCCCGCTCCCACCCGGTCAGCATCAGCACGATCGCGGCGATGATGACGGCGACCGAGCCGAGGGTGTCGTTGAGGACCTCGAGCCGGGCGGCGCGCGAGGTGAACCCCTCGCCCGAGGCCCGCAGCAGCACCGCGTAGGCCACCAGGTTGCCGACGAGTCCGACGATGCCGAAGACGAGCAGCGGTCCGGAGTGGATCTCCTCCGGCACGAACAGCCGCTGGACCGCCGAGATGATCACGTAGACCCCGACGGCGAGCAGGATCGCGGCCTGTGCGGTGGCCCCGAGGACCTCGGCCCGCTGGAAGCCCCAGGTGCGCTGCGCGGTCGGTGACCGGCGGGCGAGCCGCGTCGCGACGAGCCCGATGCCGAGTCCGCCGGTGTCGACGACCATGTGCCCGGCATCGACGAGCAGCGCGAGCGAACCCGTGACCACGGCGCCCACGACCTCGGCGAGCAGGATGCCCGCCGAGATGCAGAACGCGATGAGCAGGGCGCGCTCCGAGGCGTGCCCGACGCCGTGCCCGTGGTCGTGTCCCATGTGCGACATCGTAGGGATCCGCACTGGCGACATGCCAGGATCGAACCGTGAGCCGGTCGCCCTACGAGCTGTCCACACCGCCGGACGTGCTGGCTCGGCTGCACCCGCGGCTCCGCACGTACTTCGGCCCCGTCCCGCCCGGTCACGTCGGCCGCGGCGAGGGCGTCTTCGACGTCGTCGGCACCCCACGTCGGTGGCTCTGGCCGGTGCTCGCGGTGTTCGCCCGCGACTCCGTCATGTTCCCGGTCTGGGAGCGGGACGTCCCGTTCACGGTCGAGAACCGGCCGACTCGCGTCCGCCGCGGGTCAAGGGTCAGCCTGGAGGCCCGGGTCGCCGTCCGCGCGCACCGCACCTTCCGGTTCCGCTCCGGCAGCCGCACGATGGTGGACGCCATCACCGCCGAACCGGACGGCCTGGTCGACCACCT
NZ_CP181330.1_gap17	395119	397277	2158	CCCGATCTGGCCGGGGCCGCCGCCGAACGAGTTGAGCACGTCCGAGAACGCCGTCGTGCCGTACGCGTACGGGCCGTAGCCCTCGTTGGTCGGCGCGAGCAGCTCGGTGAGCGCGAACCGACCGGTCGGCGACGGGGTGCCGCCGGTGCCGGTGGCGACGGGGTAGCTGTCGACGACCTTGCCGTCCTTGTACAGGTCGAGCGTCTTCGTCGAGCGGGTGACGACGATCGCGTACGGGTCCTCGGTCAGGGTGACGGCGCTGGTCGGCACCCAGCCGGTGCTGCCGTTCGGGCGTTGTGCGAGCTGCACCTCGGCCCAGCCGTCCTGCTGGTCGACGACCCGGAAGACGAGCGGGGCTCCGGACGTCTGCGGGTTCTCGAGGGTCTGTGTCGCTTTGCCGCCCGCGCTCGCGCTGACCGGGACGGACGCGCCGGTGACGGCGGCGACGGTGGTGCTGGCCGGGGCGTCGACCGCGTCGACGGGTGCTGCCGACCGGGTCGGCTCCGGTGTCGTCGTCGGGGTGGGCGACGGTGCCGCGACGGACCGGGTCGGGGTCGGGGCGGGCGCGGCCGACAGGGGACCGAGGGCGACGAACGCGACGGCCCCCGCACAGACGACGGCCACGGCGGCGGCGATCACAGTCGCACGCCGCCGTGGCTCGGTCGGGAGGATCGGCAAGATCAGCCCGTGAAGTTCGCCGTTCCGGGCACCGGGACGGCGACCGGTGCCGTGCCCGGGTCACCGGCAGCGGCCGGGTCGGCCGTGACGGTGAGCGCGGCCTGCGCGGCCTGCGCCGACGAGGCGCCGACGAGACCGACGCTGTACGCGCCGGCGGTGTTCACGAAGTCGGCGGGCAGGACGATGATGCCGGAGACGTTGCCGTCGGCGTCGGCGCGGAACGCGACCCCGGGGATGTCGGTGCCCTGTGCGCCGGTGCCGACTCCGGCGCCGACGAGCTCGTTCGGAGCGAAGCCCGAGCCCTGGATGCGGACTCCGGTGGTGGTGGCCTCGGTCAGCGTGGCCGTCGGGGTGAGGAGCTCGGCGGCCGCGGTGGGCTGCGGCGTGAAGTAGGTCGTGGTGTCGTCGACGCGGAGCGCGGAGATCGAACCGCTGGCGTCGGCGGCGAGCGACTGACCGTTCGCCTCGAGCGGGGCGGCGAGGCTCTTCAGCTCGCTGCTGGGCAGCGCGCTCGGTGCCGGGGTGCCGTCGACGGTCGGGGCCGGGGTGGGCTCGTCGGTCGGAGCGGGCGTCTCGGTCGGCTCGGGCGTCGGCGGGGCCGTGGTGTCGGCGGCGACGTCGATGCCGACGTAGACGACGTACCCGACGACCTGCGCGTCGGCGGCCTCGAGATCGGCGGTGAGCTCCGTCGTCGACTCGACCTCGCCGGTCGCGGGGTCGATCCAGTTGCTGGTGCCGTCGGAGATGCCGACGCCGTCACCGGTCTCGGGCGCGTCCGTGGCGAAGACCACGGTCTGCGCGCTGGCGTCGCCGCCCTCCTTGACCGCGAGACCGAAGCTCGTCGCCCCGGTGGTCGTCATGCTGATGCCGGCGGCGAGGGCGGGGACGCTGCTCGCGGGCACGGGCTTGTTCAGGCCGCGGACCAGGCCGACGGCCTCGCCCTCGGAGACGGACAGGCCGTCCTCGTCCAGCGTGGCGTGATCGGTGATCGAACCGCCGCCGTCCAGGTCGGTCACGGACGCCCAGTACCACTGGTCGGTCAGCGGGAAGGTGCCGGTCGGCGCGGCGGTGAAGTCGTCGGCCGAGTCGGTCCAGGTGACGATGGCCGAAGCAGCGGTGCTCGTCACGACTGCGGTCGAGACCGTCGGGACGAGGGCGGCGGAGACGCCGAGCACGGTGGCGCCGACGGCGGCCGCGGTGATGCGAGAACGAAGCACGGTGTGGAGATCCATCCGGTCAGTGGACAGGGTGCATCCACTGCGACGCCCCCCGTGCTGAGATGTACTCAGCGATACGAACCTATCGAACCGCTCAGGATTCCGCACCCCCCGAATGCGGATCCGATGACGGACCGACGACCGTCCGGCCGCCGGTCCGTCGTGCTCAGACGTCGAGGTGGTCGACCAGCTCGTCCGCCAGGCCCGTGTAGGTCGCCGGCGTCAGGTTGGTCAGCCGGGCCTTCGCGCCGTCGGAGATGTCC
NZ_CP181330.1_gap18	499793	504073	4280	TGAGGACGCCGCAGACGACTGCGGCGCTCCGGAACGAGGTGGATGCCATTGAGGGCTCCTTCTGGTGGGGGACCTCCAGGGTACCGACATGTGAAATACACAGCCTGTTCACATCGTGAGTGCGATGACGACGTGCTCCGGGGCCGACCGCCGCCGGGTACGCTGACGCGGTGCCAGACTTCGCCGACCTCTTCCGCCGACGCGACGACGACGCGCCAGACCTCATCGCGATCGACGGCACCGACCGCTTCCTGCTCGACGAAGCCCCGCACGTGCACGGCGACGCACTCCGGCAGCCCGGCGAGGTCGCGGTCGTCGACGACCGGTACGGGGTGCTGACGCTCGGCCTCATCACGCAGTACGGGGCGAGCGACATCCGCGTCGTGCAGGACTCCCTGGTGGGGGAGCGGGCGCTCGAGGCCAACGCCGGCACGTTCGGGCTGCGCGGCTTCCACCACCCCGACTCGCTCGAGGACGCCTTCCGCGACGTGCGGCTCGTGGTGCTGCGGCTGTCGAAGTCGCACGACCGGCTCGACGAGATCGCCCGCGCGGTCGCCCGGTTCGCGGCGCCCGACGTGGTGCTGCTCTGCGGCGGCAACGTGAAGTACATGCACGTGACGCAGAACGACGTGCTCCGGCGCTCGTTCGGCGAGGTCACGGCATCACGAGGCCGTGGCAAGTCGCGACTGCTCATCGCGCAGGACCCGCTCCGCGCACAGGCGAACCGCGCCGCGACGACGAACCCCTGGCCGCGGTCGGTGCACGTCGACGACCTCGGCATGACCCTGGTGGCGCACGGTGGCGTGTTCGCCGGGACGTCGCTCGACCAGGGCACGCGGGTGCTGCTCGACACGATGGACCGGGCGGTCCCGACCGCGCGCACGATCGTGGACCTGGGGAGCGGCAACGGCGTGATCGCGGCCGCGGTCGCTCGTCGGCGACCGTCGGTGCGGGTGATCGCCACCGACGTGTCCCGGATCGCGGTCGAGTCGACGCGCGCGACCGCGGAGGCCAACGGTGTGGCCGACCGGGTGACGGTGCTGCGGACCGACGCGGGCGACGAGCTCGCGGAGGGGTCCGCGCAGCTCGTGCTCTGCAACCCGCCGTTCCACGCGGACACCACGGTGACCACGGACACCGCCGAGGCGATGTTCCGGAACGCGGCCACGATCCTCCAGGCCGGCGGTGAACTGTGGTGTGTCTGGAACACGCACCTGCGCTACCGGCCGGTGCTCTCGCGCCTGGTCGGGCCGACCCGAGAGGTCGTCCGGACTCCGAAGTTCACGGTCACGGCCTCGGTCGCGACGAACCGCTGACGGCAGAGGACGGCCACGGACGGCGAGAGCCGCCCGGGCTGACCCGGACGGCTCTCGCGACGTGGTGCGGTGGGGGACCGATCAGGCCGGCACGTAGTCGAACGTGTCGGGGTCCGGACCCGTGCGGTGGCCCTTGTCGAGGCCGGTGATGTCCGTCATGTCCTCGTCCGAGAGCTCGAAGTCGAAGATCGCGAAGTTCTCCTCGACGCGGGCACGGGTGACCGACTTCGGGAACACGATGTCGCCGCGCTGGATGTGCCAGCGGAGGACGACCTGCGCCGGGGACTTGCCGACCGATGCGGCGATGCGGGTGATGGTCTCGTCGTCGAGGACGAGACCCTGCGCGATCGGGGACCACGCCTCGGTCGCGATGCCGTGCTCACGGTTGTAGGCGCGGAGCTCGTCCTGCGCCAGGTACGGGTGTACCTCGATCTGGTTCACCGCCGGGGTGATGGTCGTCTCGGCGGCGAGGCGGTTGAGGTGGTTGGTCTGGAAGTTCGAGACACCGATCGACCGCGCGGTACCGGCGGCGTAGAGCTCCTCGAAGGCCTTCCACGTCGGGACGAAGTCCGAGACGGTGGGCAGCGGCCAGTGGATGAGGAACAGGTCGGTGTAGCCGCCGAGCAGGTCGGCCGACTTCTTGCCGTTCTCCAGCGCCGCCTCGGGGGCGTGGAAGCCGTTGTTGAGCTTGGAGGTGACGAAGATCTCGGAACGGTCGATGCCGGACTCGGCGATCGCCTCACCGACCTCCTTCTCGTTGCCGTACATCTCGGCGGTGTCGATGTGGCGGTAACCGACCTCGAGCGCGGCCAGTGTGGCGGCCTTCGTCTCGGAGGGGTCGATCTGGAAGACACCGAAGCCGAGCTGCGGGATGGTCTTGCCGTCGTTCAGGGTGATGTTCGGAACGGTCATGGACCCATGCAACCAAACGTCCCTCAGCGCGCATTCCGCCGACACCCAGGAACGGCGACCCCGGGCGTGCCGTTCAGGCGAGCGCAGCCGTGATGTAGGCCTGGAGTGCCTGTCCGTACGCGACCGCCGGCACCTCCGACGCGAAGCTGCGGTCGGCGCCGCCGATCGTCGCCGTCACGGTGAAGACCACACGACCGCCGACCTGCACCCGGGTGAGTCCGATGAACGACGGCCCGAGCAGTTCGCGCAGCTGGTCCTCACGGGGCAGCCAGAGCGACTCGGTGGCGGTGACCGAGTCGAGCGCCCACTCGGTGGTGCCGTTGAAGCCGAGGATCGTGCCGGTGGGGGAATCGTGCCGTTCGACGGTCATCTCGGACACCGTGTAGACGTCGTCGTCGATGCCCGGCTTGTCGATCACGAACCGGTCCCCGGTCTCGGGGTGCCAGCGGAGGCCGGCGTCACGGAGGGACCTGGCGAGTTCGACGGTGATCACGTTCCCACCTTGCCCGCGCGACCCGCCCCCTGTCACCACGTAGGTTGCCGAAAGCATCCCGTACTAGCATCGCCGAGCACCCCTCGCGCGAGCGCAACCCGTTCGTGCGCGCGACGTGACGACGCCCGGGCAACCGGTGCCGAGCCTCCAGGCCGTGGGAACCGGCCACGGGTCGGACCGCCGGTCGGCGTCCCCGACCGAGGCTGACGGACCCCCTGCCGCCGAAGAGAAGGACCCGCATGACCCTCGAACGCGAGGAACTCCGCGACGACTGGACCGTGACGATGGCCGGAGGAACCGGTGCGCCGGACGGCGTCGCGGGCCGCACCATCCCGGCGACGGTGCCGGGTCAGGTCCACACCGACCTGGAGCGTGAGGGCCTGCTGCCGGACCCGACGTTCCACCTGAACGAGCAGGCCGCGAAGTGGGTCGGCCGCGCCGACTGGGCGTACCGCCGCACGGTCGACGTCGACCCGCGCGGACACGAGCGCGTCGACCTGGTCTGCGACGGCCTGGACACGGTCGCGGAGCTCAGCCTGGACGGCGTCGTCGTGGGCACGACCCGCAACATGCACCGTCGGTACCGGTTCGACGCCCGGGTGCAGACGGGGTCCGGCGGCACCACGAAGGACCTCGAGATCCTGTTCGAGTCGCCGTACCGCGAGGCCGGCCGGGTCGCTGCGAAGGCCGGCAGCATGCCCGGTCCGTACGACGAGCCGTTCCCGTACGTCCGCAAGATGGCGTCGAACTTCGGCTGGGACTGGGGCCTGACGGCGGTCACGAGCGGCCCCTGGCGGCCGGTCGCGATCGAGCGGTGGTCGACCGCGCGCCTGCGCGAGGTCCGTCCGCTCGTCGACGTCGAAGCCGGCGAGGGGGTGCTCGACGCGCACATCACCGTCGAGCGCTCGGGCATGAACGACCTGGACCAGGACGGTGAGGACGACGACCTCGTGCTCGTCGTCACCGTGAGCGGCGAGACCGAGGACGGCGGCACCACGCGCCAGCGGTCCCGCGCGCAGCTGACCCCGAAGGACGACGAGACGGTCGTCACCGTGCGCGTCCCCGAGGCGCGGCGCTGGTGGCCGCGCGGCTACGGCGCGCAGCCGCAGTACGACGTCGTGGTCGAGCTGCAGACGGTCGACGGCGAGGTGCTCGACCGTGACACGTTCCGCACCGGGTTCCGGTCGACCCGCATCGAGACCCAGGTCGACGGCATCGGCCGCCCCTTCGCCGTGCACGTCAACGGCACGCTCATCGACGTCCGGGGCGTCAACTGGATCCCCGACGACGTCATCGTCTCGCGCGTCGACCGCGCCCGACTCGAGTCCCGGCTGGGCGCCGCGGCCTCGCTCGGCACGAACCTCGTGCGCGTCTGGGGCGGCGGCGTGTACGAATCGCGCGACTTCTACGAGGTCTGCGACGAACTCGGTCTGCTCGTCTGGCAGGACTTCCCGTTCGCGTGCTCGGCCTATCCGGAGGTCGAGCCGATCCGCAGCGAGGTCATCGCCGAGGCACGCGACAACGTCGCCCGCCTCGCCCGCCACCCCTCGCTGGTGCTC
NZ_CP181330.1_gap19	646484	649897	3413	CCCGGGCGCGGTGCACTCGCTCTCGCACGTGACCGGTGGTGGCATCGCCGCGAACCTGGCGCGCGTGCTGCCCGTCGGCTCCTGGGTCGAGGTCGACCGTTCCACCTGGCAGCCGCTCCCGGTGTTCCGGGTCCTGGCCGACATGGCCGGCACGCCGATCGAGGACACCGAGGGCACCTGGAACCTGGGCATCGGCATGTTCGCCGTCGTGTCGGCCGGGGCTGCTGCCGAGGTCATCGCCTCGCTCGGTGCCGCCGGCATGCCCACGTGGCCCGTCGGCACGATCGCTACGTCCGCGCGGGACCTGACCGGGTTCGAGCAGGGCGCCAAGGGTGTCGACGGCGGCGCGGTCCGGCTCGTCGGGAGCTACGCGGGCTGACCCGCTGGGCGGGGCTCCGGGGCCGGCGGCTCCGGCTCCGCCGCGCCGTGGTGCGTGCGGCGAGTGGTCACGAACCGTCGTTCGGCGGGCCCGCAGTCGATGCTTCTTGACCACTCGGCATCGTTCATGCGGGGAGTCGTGACCACTCCGGTGCGGTGCCGGGCGCGGGACTCGGTCAGCCTTCCCCGTACCGCCGGTGCTTCGCGTGCCGGGGACTCACCGTGGAGCTCGCGGTGAGTGGTCACGAACCGTCGCCTGGCAGGCCTGCAACCGACGGGTTGTGACCGCTCGGCATCGTGCACGCGGGGAGTCGTGACCAGTCGGGGCCGGGACCCGAGCGCGCCGACGGGTGTCCGGGCACGCGGAAACGCCGCGCTGCCCGAGGGCTGCGCGGCGTCACTGCGAGAGAGGTCAGGCGGACTTGTTCTGGTCTGCCTGGGTCTCGAACTCGTCTTCGTCTTCCGCCGGTTCCGGACCGTACTGGTCCGCCCAACGGTCGACGTAGTTCTCGTCGGAGTGTTGTCCGGCGGAGAGCTCTTGCTCGAGCGCACCGTAGTTCGTCTGCGGGCTGAAGTACTTCAGCTCACGGGCGACCTTGGTGTGCTTCGCCTTCTGACGGCCGCGCCCCATGCGTGACCCCCTCGTTCGGCTCTGGTCTGGTCCTGGCGAATGACGGAGGATCACTCGGGGAACCAGACGGTTCGTGGTTTGAAATCTGCCGATCACTCTACCATGTACCTCGATCTGGACGTCGCGCGACGGCTGGCCCGCACAGCAGAATCGAAGTGATGACGGAACCCCTCGAGACCCCGGTCGACCAGCACACCCGCGTGGTGGTGATCGGCGCGGGGCAGGCGGGGCTCTCCGTGGGATACCACCTGCGCCGCCTCGGGCTCGTCCCCGGCAGCGACCTGGTGATCCTCGATCGCGCGCCGAGCACCGGTGGGGCCTGGCAGTTCCGGTGGGAAGCCCTGCGGCTCGGAGCAGCACACCGGGTGCACGACCTGCCCGGCATGCGCGCGATGGGCCTGGAGTTCGACGACGCCGACCGGTCGCGGCCCGCGCGGGACGTCGTCGGGGAGTACTACCGGCGGTTCGAGCAGCATTACGATCTGCGGGTGCGGCGCCCGGTCACGGTGACGTCCGTCTCGCGAATCGGCGGCGGCGACGACGGCGTGGCGGGCGACGCTCCGGCGGACGGCGGCCTGTGCGTCACGACCCGGAGCGCCGACGGCACCGTCACGCGCATCCGTGCCGACGTCGTGGTGAACGCATCCGGCACGTGGGGCACTCCGTTCGTGCCGTGGTACCCGGGGCGCGATGTGTTCCGCGGGCGGCAGGTCGACACGACCGAGTACCACAGCGCCTCCGAGTTCGCCCGCCAGGACGTCGTGGTGGTGGGCGGTGGGACGAGCGCGATCGGGTTCCTGCTCGAACTCGACGGCGTCGCCCGTTCGACGCGGTGGTTCACCCGGCGCCCGATGGTCTGGGCCGGGACGGCGTCGCTCGACGTCGAGTCCGCCGTGGCCGCCGTCGACGAACAGGACCGTGCCGCCCGTGCCGGCGAGGTCCTGCCGAGCATCGTGAGCGGCACCGGGGTCCCGGTGTCGCGACGGATCCGCGCCGGCATCGACCGCGGTGTGCTGCGCGACGAGCCGATGTTCACCCGGATGGACGAGACCGGGGTGGTACGGGCAGACGGCACCCACGTGCACGCCGACGCGGTGATCTGGGCGACGGGGTTCCGAGCCGACCTGCGGCACCTCGCCCCGCTGCACCTGCGGACCACGGCGGGCGGCGTGGTGGTCGAGGACGGCCGGTCGGCCGAGGAGCCGCGCTTGTTCCTGGCCGGCTACGGTCCCCAGGCATCGACCATCGGTGCGAACCGGGCCGGCCGACGCATCGCCCGCCAGGTCATGGACGCACTGGCGGGCTGAACGGCCCTGCGGCCCCTCGCACCGTGCGAGGGGCCATGTGAACGGTGCGAGGTGCCGTTCCCGGTGCGACCCTCGCGAGCTCGCACCGAGTACGGAACCTCGCACCAGACGAATCCGGGACGCGCGGCTCAGGCGGGCAGGGGCTCCTCGAGGCCACGACGACGGCGCGACGACTTCAGCACCAGGGCGTCGAGCGAGAACCGCCCGGGCCCGGTCAGCGCAACGGCGAGCGAGGCCACCGCGAGCACAAGCACGTACTCGAACCCGCCGTCCTGCGAGTAGAAGCCGGCGGTGCCGTGGGCCAGGAAGCCCGCGACGACCATGTCGACGGCCAGCAGCACGCCGACGACGCGGGTCGCGACGCCGAGCACGAGCAGGACGCCGCCGACCAGCTCGAGGCCCGCGACGAGGGGTGCTGCGATCTCGGCGAGGGGGACGCCCATGCCCGAGAAGCCCTGCACCACGTTGGGGATGCCCTGGGCGAACTTCTGGGCGCCGTGGGCGATGAACACCACCCCGAGGACGATGCGGAGCGCGGTCAGGCCGATGGAGGTCGATGTCGTTCGCATGGCCACGAAGGTAGCCGGTGACGCGTCATCGATCGTCTTCGAACGGTGGACTGACCGCGCTTCGCCAGAACATGCCCAGAGCATGCCCAGACAGCGGTCCGCCGAAGGGCGGACTGCTTCTCAGGAATCGGCGCCGCGGCCCGTCTGCTGCTGGAGGCGGTCGATGTGCTCCGACGCCTGCGCCTTGGTGAGGTCGGCGGGGAGCTCCTCGCCGGCTTCACGGGCCAGGGTGTCGAGGTAGCTGCGCTGCGGTCCGGTCATCGGCTCGTCGCCGGTGACCCACTGCTCGGGGTCCTTACTCGCGTCGGTGGAGGGGTCGGGTCGGGGGCCGCCGAGGGTCTCGCCCTGGATCGGTGCGTCCGGGGTCTGCTGCTGGTCGCGGTCTGCGTCACTCATGTGCGCGACGGTACGCCGCACCCCCGTCACGACACGCAGCAGCGGCGTCCCCCGAAGCGGCCCAGCGGCACAACGGCACGCATCCGCACCGAAGCGGCTCAGACGGCCGTCGCCGCGTACCGCACCAGATCG
NZ_CP181330.1_gap20	661449	665550	4101	CGTGCTCATCGACCTCGTCAACCAGTACCGACGGCGCGGGTTGCGGGTGCGCGAGGCGTTGATCGAGGGCGCCACACGACGCCTCCGTCCGATCCTGATGACGGCGATGGCGACGATCTTCGCGCTGCTGCCGATGGCGATCGGGCTGACCGGCAAGTCCGGCTTCATCTCGCAGCCGCTGGCGCTGGTCGTGATCGGTGGCCTGGTGTCCTCGACGCTGCTGACGCTCGTGGTGCTGCCGGCGCTGTACTTCGTCGTCGAGCGGGCTCGCGAGCGCAACGACGACCGGATCGCCGCGGGCAAGACCCGAAAGCAGGCGCGCGCCGAGCGACGCCAGGAACGCGTGGAACTCCGGCAGGAACGACAGCGGCGACGAGCAGCGCGTTCCGGCAGCGCTGCCTAGCGGCGGTACTCGGCGTCGATGGCGGCGAGGGGCGAGACGACGACGCGCTCGGTCCGCTCCTCGCGCTCGACCGCTCGGAACCACGACACGAGCACCAGGGTCAGCGTCACGAGGAACACCACGGCGGAGACCTGCGACACGACAGCCAGCTGTCCGGTGACCGAGGCGTACCCGCCGAACGACACGGCGGCGACGAACGACAGCCCGAGCAGCAGCTCCCCGAACGTCTGCAGCGCAGGGCGGTCCCAACGGGTCGCAGCGGCGCGGGCAGGGCGGGTCGAGGTGTCGGTCACCCCCGAAGTCTGCGGCCAGGGGGTCGGCAGCGGCAGTCCCGACTCCGGGTGGCACCCACCCGGGGCACGCGGTCGGTCTCCTGCGCCGACAGCCGACAGCCGACAGCCGACAGCCGACAGCCGACAGCCGACAGCCGACAGCCCCAGTGGGCAGCGGGTCGGCCGCCCGCGGTCAGCCCAGCTGCGTCCGCAGGAACGTGACCACGCGGCGGCTCATCGCCTCGTCGAGCTGGGCGATCGAGTGGGCCGTGCCCTCGACCGCCACGAACGTCACCGGGACGTCGTGGGACCGGAGCGTCGCGGCGAACTCTTGCGACTCCCACATCGGGATGAACTCGTCGGTGGAGTGCCCGATGAAGAACGGCGCGGTGTCCGAGGTGACGTGGAACTCCGGCGACGCCCGCGTGGCCGCCGGACACCTGGCGTACGACCGGCACCCGAGGTAGAGCAGCTGCTTGCGCTGGAAGGCCGCGGACACCCCGTCGGGCTCGGTGGACCGGGTGGTCAGGTTCGTCGGCCCGCTCAGGTCGACCACGGCACGGATCCGGTCACCGTCGGCGTACGCGGCGGAGTCGTGGTCGGTGACGGCGAGCATCGCGGCGAGGTTGCCGCCGGCGCTCCCGCCGAACACGCCCACACGCTGGGAGTCGACGTCGTAGGTCTCGAGCGTCGCGGGACGGAACACGTAGTCGAGCGCCCGGCGCACGTCGTCGAGCCCCGCCGGGAACGGGTCCGTCGGCGCCAGCCGGTAGTCGACGTTGAACGTCACGAAGCCCTCGGACGCCAGGTACTTGCACACGGACCGGTACGCGGCCGTCGCCTTGTCACCGTGCGACCAGCTGCCGCCGTGGATCATCAGGACCGCCGGGCGTCCGGTGGTGGCCTCGACCGCTTCGGCATCGGGGTCGGCGGTGGCCGAGGCTGACGGCGTCGCTGTGGGCGTCGCCGTCGTCGCGGGGTCGCTGTCGGCGGGCAGGCACACGTCGAGGCGCTGCAGCGGGTCGGTGCCGTAGGGCACGTCGGCCACGACGTCGATGCCGTGGTACCGCAGCGACAGCGGGTAGATGACGCTGTCCGCGGTCACGGTGGCGTTCTCGTCGCCGACCGGGTCCGTGCTGCAGGACGCCATCGCGCCGAGCGCCACCACCGCGGCGACGAGCGCGAGCACTGAGCGGCGGCCGGACTTCATCACGTCCACGCTAGCCGCCCCGGCGACCGCCCACGTCACCCGAGCGGAGGATGGCAGTGCGAGGATGAGCACGGCAGCCGCCGACCGGAGCACCGCAGGAGGACCCGTGAGCAATCGCAAGGCCTGGAACGCCGATCCCGAACCACTGCTCCGCGTCGAACCCGGGTTCCGCTTGGACCAGGTGGACCCGGACGGCACCCCGGGCTTCCCCGGCCGCAAGATCGACGGCCTCGAAGCCCTCGCCGCCGGCGCCTCGCGTCTCGCCGCCCTGCAGGAGCGTCTGTACGCGGCATCGACGGCCGGCGACGAGCGCCGGGTGCTGCTCGTGCTGCAGGCGATGGACACCGCGGGCAAGGGCGGCATCGTCTCGCACGTCGTCGGTGCCGTCGACCCGAACGGCGTGCACTACGCCGGCTTCAAGGCCCCGACGGCTGAGGAGCGCGAGCACGACTTCCTCTGGCGCATCGAGAAGCAGCTGCCGGCAGCCGGGCAGCTCGGCGTGTTCGACCGCTCGCACTACGAGGACGTACTCGCCCAGCGCGTCCGCGGGCTCGCCGCACCGGACGAGATCGAACGCCGGTACGGCGCGGTCACCGCGTTCGAGGACGGCCTCGCCGCCTCCGGCACGACCATCGTCAAGGTGATGCTGCACATCTCGAAGGACGAGCAGCGCGAGCGTCTCGGCGACCGGCTCGACCGCCCCGACAAGCACTGGAAGTTCAACCCGGGCGACATCGACGACCGCCTGCTCTGGGACCGCTACCAGCAGGCGTACCAGATCGCCCTCGACCGCACGTCGACCCCGCAGGCGCCCTGGTACGTCGTCCCCGCGAACCGCAAGTGGTACGCCCGCCTCGCCGTGCAGCAGCTCCTGCTCCGGGCGCTGGAGGACATGCACCTGTCGTGGCCGAAGGCGGACTTCGACGTCGCCGAGCAGCGTCGTCGGCTCGCGGAGTCCTGAGCGCGCGACTACCGGCCTGGAGGCCCGTCCCGCGCCCGGCACGCCGCCGCCGGACCGCGCGGGGCTGGCGTCAGGGCACCGGCTCGCGTAGACTCACTCGGTCGGCCTTCGACGTCGTGACATTGTGATCACGGAAATTCTGCTGGGTGTGTGTTGCTCGAGGGCTGGAATCACGTCGACTCGCGACGGGATGAACCCCCTCTCCGCAAGCAGCCCCCGCCGATGTCGCTGTCGGGCGCTGCGGTACGTTGCGCACCCGAGAAAGCAGCCATGGCCCCGTACAACAAGGGCGGCGCGGACAACCGCGCCTCCGACCGCGTCCGCCACCCGAACGGCACCCCTGCCGCCCGCAGCAGCAAGCACCGCGGGTTCCGCGCCGCCGACTCGTCGCAGCCGCGCCAGAAGCAGCGCTGGGACGCCGAGGAGCGTCGCGGTCGCGCGTCGCAGGGCGAGCGTCCGGCCCGTCCGAACTGGGAGCCGCGTGACAGTGGCGGCCAGCGTCGCCCCGACCGCGACGACCGTGGTGGTCGCGGCTTCAACCGCGATGACCGCGCCCCGCGTCGCTTCGATCGTGACGACCGTGCTCCGCGTCGCTCAGATCGTGACGACCGCGCGCCCCGTCGGGACAACGACGACCGTCCCCGTCGCTTCGACCGTGACGACCGTGCGCCTCGTCGTGACAACGACGACCGTCCGCGTCGTTCGTTCGACCGCGATGACCGCGCTCCGCGTTCGTTCAACCGTGACGACCGTGCACCGCGCAGCTTCAACCGCGATGACCGTGCGCCCCGTCGTGACAATGACGACCGTCCGCGTCGCTTCGACCGTGACGACCGTGCGCCCCGTCGGGACAACGACGACCGTCCGCGTCGTTCGTTCGACCGTGACGACCGTGCGCCGCGCAGCTTCAACCGTGACGACCGCGCGCCCCGCCGTGACAACGACGACCGCCCGCGTCGCTCGTTCGACCGCGATGACCGTGCGCCCCGTCGCGACAACGACGACCGTCCGCGTCGCTCGTTCGATCGCGACGACCGCGCCCCGCGCAAGTTCGACCGCGACGACCGCACCGACCGCACCCCGCGCCGCTCGTTCGACGAGCCCGAGCGCGGCAAGTTCGTGCCCGCAGACGACGTCAAGCTCGAGAAGCTCCAGGCCGAGGCCACCATCGCGGCCGACGTCGAGGGCGTGACCTTCGGCGACCTGGGCATCGGCGGCAACATCTCCCGCGCCCTGCAGGAGCTCGGCGCCTCGA
NZ_CP181330.1_gap21	686689	690459	3770	GCGGGCGTCGCACCGAGCAGCACCTTGCGGCGGTCGTCGCCGTGCCCGCACTTCGACACCAGGCCCCGCTCGACCAGCACCGCGATGGTCTTCGTCATCGAGGGCGGCGTGACGCCGTCCTGTCGGCTCAGGTCGGCCAGGGTCATCGCGCCGTCGCGGTGCAGGCGGGCGAGGGCGGAGAACTGTGCGTCCGTGACGCTCGAGTCGGCCTTCTGGGCACGGAGGGTGCGGGACAGCCGGTTCACCGCGATGCGGAGGTCGGTGGCGTCGGTCATCGGTCGTTAGCCTATCTCATTAGTTCAGCGAACGAACTTGATTTCGGGTGTACCGTGCTCTTAGACAACACGTGTTGCCGAGAGAGAAGGAGAACATGTCCGAGTTCGAGGGCAAGGTCGCCGTCGTCACCGGTGGTGGCAGCGGCATCGGTGAGTCGGTCGCGAAGGAGCTCGCCGCGGCTGGCGCCGCGGTGGTCGTCGCCGACATCAACCTGGCGGGCGCCGAGCGCGTCGCCGCGTCGATCGTGGAGGCCGGTGGCACCGCTCGCGCGTTCGAGGCGAACTCCGCGGTCGCCGCGGACAACGAGCGCATGGTGCAGTTCGCGGTCGACACGTTCGGCGCGCTGCACCTGGCCGTGAACAACGCCGGCATCGCTGCGGCGCCGCAGCCGATCGGCGAGTACGACGTTGCCGCCTGGGACCGCGTCCGCGCGGTCGACCTGGACGGCGTCTTCTACGGGCTGCGCTACGAGATCCCCGCGATGGTGGCTGCCGGCGGTGGCGCGATCGTGAACATGGCGTCGGTGCTCGGCGTGGTCGGGATGGCCCAGAACGCCGCGTACGTCACCTCGAAGCACGCGCTCGCCGGGCTGACCAAGGTCGCGGCGCTCGAGTACTCGTCGCAGGGCGTCCGCACGAACGCCGTGGGCCCCGGGTTCATCGACACCCCGCTGCTCCGCAAGTCGCTCTCGCCCGAGGCCGTCGCGGCGCTCGAGGACGAGCACGCCACGAAGCGGCTCGGCACCGTCGCCGAGGTTGCCGCGCTCGTCCTGTTCCTGCTGAGCGACAAGGCCTCGTTCATCACGGGCAGCTACCACCTGGTGGACGGCGGGTACTCCGCCCACTGACGGGTCGGGTGCACCTGGACGTTCCGGGCGTACCTGGTCGAAACGGGCGTACCTGGTCGGTTCTTCCGACCAGGTACGCCCGTTTCCGCTTTCCAGCGTGGGTGCGATGGGAAGGAACGTCGGACGGGAGGCCCGCCCAGCGTGCGCCGGTCGGCTCGCGCTGGGCGGGCCTCCCGGCCTTCAGCCCTGTGCGTCCGTCAGGATCGCGTCGTGCGGGAGCAGGGCGTGCACGCCCCACGTGCGGTTCGCGACCTGCGTGATGCGCATGCTCACCGCGACGCTCGCCATCGCGAGCGCCTGGGCGCGGCCGATCCCGTGCAGCCCGGCGATCCAGTCGACCATCCGGTCGAGCGCCGTGGCCGTCGCGACGTTGAGGTCGGCGTCGAAGCCGAAGGTGATGCGTCCGGCGGGGGTGTCGGCGTGCACGCCCTCGACCGGGGCCGCATCGAGGAGCGTCAGGGTCATCGTCGTCGTCATGCCACACTCGACCGCTGTGCCGGAGACCTCGCCGTCGCCCTGGGCCGCGTGCCCGTCGCCGACGTGGAGCAGGGCGTCCGGCACCGTCACCGGCAGGTACAGGGTCGAGCCGGCGACGAGCTCACGGCAGTCGACGTTGCCGCCGCCGACCGTGCGGGGCGGGATCGTCGAGTGTTCCCCGGTGGCCTCTGGTGGGACGCCGACGACGCCGAGGAACGGTGTGGTCCGCACCCCGAGGCCGAGCTGGTTGACCGCCACCCGGGCAGCCACGTCGATGTCCCAGAGCAGCGGGCCGCGCGACGCCGGATCGGTCAGGCCGAGTGCGCGGTTCACCGGGGAGTCGACCCCGCCCGAGGCCGTGTAGCCCCAGTCGTCGGGCACGAGGTCGTCGAAGTGCACCGCCAGGACCATCCCCGGACGTGCTCCCGCGACGGCGATCGGCCCGACCAGGCAGTGGCCCCGGCGCGGGTCGATCAGGGTCGGGGCGTCGAGGCCCGGGCCCGCCTGGCGTTCCGTGTAGCCCGCGGCGCTCAGGGTGCGGACGGTCACCGTGTCGCCCGGTTCGACGGTCAGGACCGGCTGGCGTTCGGCGGTGAAGACGTCGACGGCGGAGTCGACCGTGGCGTCGAGGTGGTGGGTTGTCACCGTTCGATCATCCCAGGCGGGGCGGGGCGGTTCCGGGCGTACCTGGTCGGAACGGGCGTACCTGGTCGAATCGGGCGTGCCTGGTCGGAAGTCCTGACCAGGTACGCCCGATACCACCAGCCATCGCGGGTGTTCTGGGAAGGAACGTCCTCAGTGGAACTGGGGGATCGTCAACCAGATGCCGGCCATCACGGCAGCGATGCACAGCGCGAAGCACAGCACGGCTCCCGCCAGTGCCGCCGGCGGGGTGTGCCCGGAGCGCGGGGTCTCGTCGGAGTACTGCGTGCGCTCGCCGCCCGCGTCGTCCGGCTGTCCCGTCCCGAGCAGCCGCAGGCCGAGCGTGTACACGAGCACCAGGCCCACGGCGGCCACGAAGCCGACGCCGGCGACCGTGCCGATCGCGGTGAAGTCGATGTCCATCGTCGTTCCCCTCAGTTCGTCGCGCCGGTCGGCTGCGGCTCGGCCTGCTCAGCCGGCCCGGACTCGGTCGTGATGTCCTCGTGCGAGATCGGCTTGCGCTTGGCGAGCACGTAGAAGGTGAGCCCGCCGGCCAGGGCGAGGACCGCGACGAGCACCAGCCCGAACGCCGAGGTCGACGCGAGCCAGGTCGCGAGCGCCCCGACCACCGCAGCGGCCGGCAACGTGATGACCCATGCGATGACGATGCGGCCGACGACCGACCAGTGCACGTCAGCGAGCTTCTTGCCGAGTCCCGAGCCGACGACCGCGCCGCTCGTCACGTGGGTCGTCGAGAGCGCGAAGCCCAGGTGCGACGAGATGAGGATCGTCGCGGCGGAGCTCGTCTCGGCGGCGAAGCCCTGCGGCGACTGCACGTCCGAGATCTTCTTGCCGACGGTCTGCATGATGCGCCAACCGCCCATGTAGGTGCCGAGGCCGATCGCGAGCCCGCAGGCCAGGATCACCCAGAGCGCCGGACCGGTGCCGGCGGCCTGGTAGTTCGCGGCGATGAGGGTCAGCGTGATGACGCCCATCGTCTTCTGCGCGTCGTTCGTGCCGTGCGCGAGCGACACCAGCGACGCCGAGATCGTCTGCCCGTGTCGGAACCCGGTCGCGGCACCGTGCGTCGTCGCGTTCTTCGTGAGCACGTACGCCAGGTACGTCGCGACCAGGGCGATCACCCCGGCGATGACCGGGGAGAGCAGCGCCGGCAGGACGACCTTCGACACCACCGTCGCCCAGCTGATCGAGTTCAGCCCCGCGCCGATGATCGAGGCGCCGATGAGCCCGCCGAACAGCGCGTGCGTGGAGGACGACGGCAGCCCGAGGTACCAGGTGGCCAGGTTCCACAGCACCGCGCCGACGAGCCCCGCGAAGATCATCGTGGGGGAGATGTGGATGCCGTCCTGCCCCTCGCGAATGATGCCCTGTGAGACGGTCTTGGCGACCTCGGTGGACAGGAACGCGCCGACCACGTTGAGCACGGCGGAGATGAGCACGGCGGTCCGGGGCTTGAGCGCTCCCGTGGCGACCGACGTGGCCATGGCGTTCGCGGTGTCGTGGAAGC
NZ_CP181330.1_gap22	693336	698124	4788	GATCGACGCGTGCCCACCACCGCGGTGCTCGGGATCGACCTCGGTGTGCACGAAGCGGATCTCGTCGCCGTCGATCTCGTACGCCGCGAGGCCGATGACCTCGCCGTCCTCGATCAGGGAGTACTGCTGCTTGTCGGTGTCGTTGCGGACCTCGGGTGCTGCTGCCATGCACTCGACCGTACGCCGGGGCCTGGGCGTGCGGTGCGTGTCCGCTCGGTGCGGTGCGGTGCGGTGCGGTGCGGTGCGGTGCGCGTCGAGCGTGCTCGCTCGGTGCGCGACAATGGCTCCGTGCGCAGGGGAGACGACCGAGGCCCGGACCGCGTCGTCCTCGGCGACGCGCTCGACGTGGTCCCCGCGTACCCGGACGGCTCCTTCACGCTGGTGTACCTGGACCCGCCGTTCAACACCGGCCGGTACCAGCGGCGGCACGCGACGTCCGCCGTGCCGAAGGCCGACGGTCCCGTGATGGGGTTCCACGGCCGGACCTACGAGCGGGTGCGCGGCGACCTGATGCGCTTCGACGACCGGTTCGACGACTACTGGTCGTTCCTCGAACCCCGACTCATCGAGGCCTGGCGACTGCTCGCCGCCGACGGCACGCTGTACCTGCACCTCGACTACCGCGAGTCGCACTACGCCAAAGTGCTGCTCGACGCGCTGTTCGGCCGCGAGTCGTTCCTGAACGAGATCGTCTGGGCCTACGACTTCGGTGCCAAGTCCAAGACGCGCTGGCCCACCAAGCACGACACGATCCTGGTCTACGTGAAGGACCCGTCGCGGTACTGGTTCGACTCCGAGGCCGTTGACCGCGAGCCGTACATGGCGCCGGGGCTCGTCACCCCTGAGAAGCGCGAGCGCGGCAAGCTGCCCACCGACGTCTGGTGGCACACGATCGTCTCGCCGACCGGCCGCGAGAAGACCGGCTACCCCACGCAGAAGCCCGAGGGAGTGCTGCGGCGGATCGTGCAGGCGTCCTCACGCGAGGGGGACTGGGTGCTCGACTTCTTCGCGGGCAGTGGGACCACGGGCGCCGTGGCGCAGGCGTTGGGGCGGCGGTACGTGCTGGTGGACGACAACCCGGCGGCGATCGACGTGATGCGGAAGCGGTTGCCGGGGGCGTCGTTCGAGGTGGCTGCGGCCGGGGCGGGGTCGGCAGCGGCGGGGGACGCGGCGCCGGCGGTCTGAGGCCGGCGGGGTCTGCGACGGGCAGGTCCGCGACGGGGGCGGGTCCGCGACGGCAGTTGCGCCCGCAACGAGCGACGATGTCGACGTCGCACGACATCGGCGGTGTCGCCTCCGCGCGGCCGCAACAGTTGCACACGCGCAGATGCGACGAGGTCGCTGTCGTACGACAGCGACCTCGTCGTTCGGCATCAGCAGGCGAGCACCCGCGCCGACTACTCCGCCGAGTGCCGCCCGTGCGCGTGCGCGTCGTCAGCGTCCGGCCGGGAGGCCCGGCTCGCCTCCGCCGCGTCGGCTCCGGCCCCGTGGGCGTCCGGCTCCACGACCGCAGCCGCGTGGGCAGCCCGGGTCCGGATGGCACCGGTCGTCGTCGGGGGCTCGTCGACCGGCGCAGCCGCCGAGTGCGCACCGTGCGTCGTGGCGTTCGGCAGCGGCGCACGGGTGTCGTCGACCCCGTGGGGCAGCACCGAGACGTCCGACGCCCCCGCGGCCCGGGCGGACCGAGGCTGCACGTCCGGCGACGTCGGCACGTCGGGCGAGGTCGGGACTTCGGCCGAGGATGAACCCGACGGCACCGGACCAGCCCCGGGCGCCGCTGCGGCAGCGGCTGCGGCGGCACTCCCGTCCGACCCCGCACCGGCGGCGGTCCGTGCCGCGTCCGCCTGCTCCTGCAGCGCCGAGGTCTTGCGGAGCGGCGGCACCCGGAAGAACCACGTCAGCACGAACGCGATCAGGATCACCGCGAGGCCGACGTAGTAGACGCGGACGGCCGAGTCGCTGAACCCGACCAGGAACGGACGGCTGAGCCGGGGGTCCGCGCCGTTCAGGAACGACGTGTCGCTCGTCGCCGAGTCGGTGGACGAGCTCGCGGCCGAGTCGCCGCTCTTGAGCTGCTTGATGAGCGTCGGGGCGACCTGGTCGACGACGTTCTCCCGCTGCCCCTTGTCCGAGTAGTCGATCTGCAGCTTGCCGTCGACGACCGAGGCGTTCGCCTTCGTGGCCGCCGTCTCGAGCGCCTGCTGCTCGGCTGCGGGCTTCGCGTCGTCGACCTGCTGGGCGATGATCGTGTCCGCTGCTGCGGCGGGGACCGTGCCCGCGGCGACCTGCCGCTGCACGGCGGCCGTCACCTGCTTGGTCACGGCGGCGTCGGCAGCCTGCTTCGCCTGGGCGGTGCCCTGGTCGAGACCGTCCTGCACGTTCTTCTGCACCGGGTCGACGATCTTCGTCCAGATCTCGTCCATCACGCCCTGGTTCTTGGACGCGTTCGCGACCGAGGGTGTCATCGCGGCGTTGAGCGCACTCTTCAGGTCGGACTCGTTCTGCATCGCGGCGCTGATGTTCGTCGGCATCAGGGTGAACAGCACGGACAGCAGGACGGCGGTACCCATCGTGCCGCCGATCTGGCGGAAGAACGTCGCGGCGCTCGTCGCGACACCGATGTCTCGCGGCGAGACCGAGTTCTGCGCGGCCAGGGTCAGCGTCTGCATGAGCTGCCCGAGTCCGAGCCCGATGCCGAACATGCCGAGCATCAGGAACCACAGGGGCCGGTCGGCGGTCAGGAACGTCAGGACCGTGAAGCCGATCGCCGTGAAGGCCGTTCCGGTGATCGGGAAGACCTGGTAGTTGCCGGTCTTCGAGATGATCTGGCCGGAGGCGATCGACGAGATCATCAGGCCCAGCACCATCGGCAGCATGGCGAAGCCGGACTCGGTCGGGGTCACGCCCTTGACGATCTGCAGGTACAGCGGGATCGTCAGCATCGCGCCGAACATGCCGAAGCCGACGAGCACCGACAGGATCGCGGACATCGAGAACACCCGCGATCCGAACAGCTTCATCGGCAGGATCGCGTCATCGCCCATGGCTCGCTCGACGATGATGAACGCGATCAGGCCGAGGGCACCGATGGCGTAGCAGGCGAAGGCGGCGGGGGAGTCCCAGCCCCACTCGCGGCCCTGCTCGGCGATGAGCAGCAGTGGCACGAGCGTGACGATGACGAGCGTCGCCCCCCACCAGTCGATGCGGGGCTTGCCGCGGTCGCCGAACTTCGGCAGGTGCAGGAACGTCAGCACCATGAACAGGGCGATGATGCCGATCGGCACGTTGATCAGGAACACCCAGCGCCAGCCGGCGATGAACAGCAGCTGGTCGGCACCGGCGAAGACGCCACCGACGAGCGGCCCGATGACGGACGAGATGCCGAAGACCGCCAGGAAGTAGCCCTGGTACTTCGCCCGCTCGCGTGGGGCGAGCATGTCGCCCATGATCGCCAGCGGCAGGGACATCAGGCCACCGGCACCCAGACCCTGCAGCGCGCGGAACCCGGCGAGCATGAGCATCGAGTCGGAGAACGACGCCGCGAACGAACCGACGATGAAGATGCCGATCGCGGTGATGAAGAGCGGCCGGCGACCGAAGATGTCGGAGAGCTTGCCGTAGATCGGGGTCGTCACCGTCGAGGCGATGAGGTACCCGGTGGTGACCCAGGCCTGCTGGTCGAGCCCGTGCAGGTCGTCACCGATGGTGCGGATCGCGGTGCCGACGATCGTCTGGTCGAGGGCACCGAGGAACATGCCGGCCATCAGGCCGTAGATCACCAACAGGATCTGTCGGTGGTTCATCACGACGTTGGACGCCGTGGTGGGGGCCGCGGGTGCGGTCGCCGTCTGGGTCATGAGCAGGGTCTCCCGGGTACCGATGCGCTGGCAGAACGATTTTTGCGCTGCCTGCAAAGTTACAACTGCCGCAAGTGCTCGGTCGCACCGAGACGGCTTCCTGAGTGGATCGGCAGTCACGGTACGCCCGGTACGCCCCGGCGGCACACGGCCTGGAGGCCCGGCTCGGCTCCGGTGGACGGGCTGCGGTTGTCCGAGACCCGCAGCCCGGCCGAGGGGGCGCTACGCGCCCAGTGCTGCGTCGACGATCTCCTTGGCCTCGCGCTGCACCTGCTCGAGGTGCTCCTGCCCGACGAAGCTCTCCGCGTAGATCTTGTAGACGTCCTCGGTGCCCGACGGCCGCGCGGCGAACCAGGCCTTGTCGGTGACGACCTTCACGCCGCCGACGGCTGCGTCGTTGCCCGGGGCCTTCGACAGCTTCGCGGTGATCGGGTCACCGGCCAGGGTGTCCGCGGTGATCGCGTCGCCGTCGAGCTTGCCGAGGCGGGCCTTCTGCTCCTTCGAGGCCGCGGCGTCGACGCGCTGGTAGACCGGCGCGCCGAAGCGCTCGGTCAGCTCGGCGTAGAGCTGCGAGGGGGTCTTGCCGGTGACGGCGACGATCTCGGACGCCAGGAGCGCCAGGATGATGCCGTCCTTGTCCGTGGTCCACGCGGTGCCGTCGGTGCGCAGGAACGACGCACCCGCGGACTCTTCGCCGCCGAAGGCCACCGAGCCGTCGATCAGGCCGGGGACGAACCACTTGAAGCCGACCGGGACCTCCCACAGGCGACGGCCCAGGGACTCGGCGACGCGGTCGATGATGCTCGACGACACCAGGGTCTTGCCGATCGCGGCGTCGTCGCGCCACTCGGGCCGGTGCGCGTAGAGGTACTCGATCGCGACCGCGAGGTAGTGGTTCGGGTTCATCAGCCCACCGTCGGGCGTGACGATG
NZ_CP181330.1_gap23	701007	704655	3648	GCCGCGGAGCGTGCCGGTCACCTTGCTGTCGCCGATGCGCTGCGCGTACCCGATGTCGGATTCGTCGACGCGCCAGCCGGCGGCGTGCGCGGCCAGGACCATCTCGAGCGGGTAGCCGCTGCGGCGGTCGCGCAGGTCGAGGGAGACGAGGTCCTCGCGGCGCATCACGCGCATCGGGCCGAGGTCGCGCAGGCGGTAGCCGGTCGCGCGGTGCATGAGGACGGCGAGGACGCGGTTCGCGAAGCGCGCGTGCGGGGCCCACGCGCCGCGGCCGGTCGGGACGCGGCGGCCGAGCGCCAGGTCGACGCGGCCACTGGCCACGCGGTCGACCAGGGGCGGGAGCTCGGCGGGGTCCATCGAGGCGTCGGCGTCGCAGAACGCGACGAAGTCGGCGGTCGCCGCGGCGACCCCGGCGGCACAGGCCGAACCGAAGCCCTTGACGGGTTCCGTCACCACGAGGGCGCCGTGGGCGCGGGCGACGTCGGCCGATCCGTCGGTCGATCCGTTGTCGACGACGATGGCCCGGTAACCCGTGGGGAGGCGCGCGATGACCTTCGGCAGGGCGTCCGCCTCGTCGAGGCACGGCAGGATCACGTCGACAGTCATGTCCGTCATTCGGTGCGGTCGGTCGGATCGACGGGTCTGTCCTGGCATGCACTCGACACAACACGACGACGCGCTGCGGGGTACAGGAAACTGCCGGGTCCTGGTCGTTCAGCGCGTCCGATTCGCGGACGGTCCCCAGAACGGGGGACAGGGTGCGCGGGTGGGGTCCGCGAGTGGTTGCACAAGACGCCGTCGTGTCGTCGAGACGCCGCCGGATGCGGCGGCGTCTCACGCAGCAGGGGGCGTGGTGCCGACACGACGGCGTCCTGCGGGGCCGTGGGGGCGGGGAATTCGGACGGGAGGCGCGGGGCGGGGCCGTCACGGCCCTCCCGTCCGGTGGCTGGCCGTGCTCTCAGGCGTTGCTCGCGCCGACCGGCCCGCTCACGCGTTCCGGCTAGCGGACGGCGCTGCGGAGCGGTGCCGTCGCGAAGTCGCGCATGCCGGCCTCGAAGTCGACCTCGGCGTGCCAGCCGAGCTCGGCGGCGATGCGTGCCGAACTCGCGGTGACGTGGCGGACGTCGCCCAGGCGGTACTCGCCGGTGACGACCGGCTGCGGGCCGTCGGGTCCGGCGATCGCGGCGGCCATGTCGCCGATGGTGTGCACGGTGCCGGAGCCGACGTTGTACGCGCGGAACGTGTCCGACGGCAGGTCGGCGGTCGCTGCGATGGAAGCGGCGTTCGCGCCGGCGACGTCGTCGACGTGCACGAAGTCGCGTCGCTGGGCGCCGTCCTCGAAGACGCGGGGTGCCTCGCCGCGGGCCAGTGCCGAGCGGAACAGGGACGCGACACCGGCGTAGGGGGTGTTCGCCGGCATGCCCGGTCCGTAGACGTTGTGGTAGCGGAGCGCGATCGCGCTGCCGCCCGTGGCGCGGGCCCAGCTCGAGGCGAGGTGCTCCTGCGCGACCTTCGTCTGCGCGTACACGTTGCGGGGGTCGAGCGCGGCCGACTCGTCGATCAGGCCGGGCAGCAGGGGCTGACCGTCGGGGCCGATGGGGTCGAAGCGGCCGGCGTCGAGGTCCTCACGGCGGCGGGCCGGCGGACGGGTGGGCTCGCCGGAGGCGGTGGTGTACGCGCCCTCTCCGTAGACGACCATCGAGCTGGCGACGACGAGCCGGCCGATGTCGTGTCGGTCCATGCCGGCGAGGACGTGGGCGGTGCCGGCGTCGTTCGACGAGACGTAGTCGGGGGCGTCCTGGAAGTCCACGCCGAGGCCGACCTTGGCGGCCTGGTGGCACACGACGTCGATGCCGTCGAGGGCGGCGTCGAGGGCGATCCGGTCACGGACGTCGCCGTGCACGAACGCGATGCCCTGCTGCTGGTGGGCGCGGATGACCTCGGCGGGGTCGCCGTGCACGTCGTCGCGCAGGGAGTCGAGGACGCGGACCTCGTGGCCGTCGGCCAGGGCGCGGCGGACGATCGCGGAGCCGATGAAGCCGGCGCCGCCGGTGACGAGGAGGCGGCTCATGCGGTGCCGCCCGCGGTCGGCTGGGTCTGCTTGATGCTGGCGGCGGTCGGCTGGGTCTGCATGATGCTGGCGCTCGCGCTGGTCGGGACGAGCTCGCGCGGGGTGAAGTCGGCGGGGATCGCGGCGACGATCTGGCCGATGGCGCGGACGATGACCTCGTTGGCGCGGGCGAGGCGTTCCATGACGAGGGCGTGGGTGACGACGGCTCCGGCGTCGTCGACGTCGGGGCCGCTGGCTGCGGCTGCGGCGGCGGCTTCGTCCTCGGTCGGGGCCAGGCCGGCGTCGGCATCGGTGACGAACGACAGGTTCACGGTGGCGATGCCGAGTTCGGCGGCCAGGGGGACCTCGGGCGTCATCGTCATGTTGATGGTGTGGCCGCCGGCCTGGCGGAGCCAGACGGACTCGGCGCGGGTGGAGAACCGGGGACCCTGGATGACGACGCAGGTGCCGGTCGGACGGAACGGCACGTCGAGTCCGGCGACGGCGTCGATCGCAGCGCGGCGGAGCGTCGGGTCGAACGGGTCGGCGAAGGACAGGTGCTGCACGTCGTCCTCGAAGAACGTGTCGGCGCGGCCCCAGGTGCGGTCGATGAGCTGGTCGGTCACGACGAAGGTCCCAGGCGCGTAGTCAGGGTGCAGGCCGCCGACGGCACTCGAGGACACGATGGCGCGGACACCGAGCGAACGGAGCGCCCAGACGTTCGCACGGTGGTTGATGCGGTGCGGGGCGACGGAGTGCTCACGGCCGTGGCGGGTCAGGAACGCGACCCGTCGTCCGGCCATCGTGCCGATGCTGATCGGGCTCGACGTCGGGCCGAACGGGGTCGGGACGTCGAGCTCGTCGGCGGTGCCCTCCTCGAACAGCTGGTAGAGGCCGGAGCCTCCGATGACACCGATCGTCACGGCTTCGTCGTTCTCCACAGGTCCTCCGGTTGGTCGTCGGCGCGGGCTGCGCGCTGGATACGCTACTGACGGCGCCACCGGGCGAACCGGGAACGGCGCCACCAACCCCCTGTTCGGAGGCACCTGTGCGAACGATCGGTCAGCACCGCGACGACCTGGCGGCGTTGCTCGCGCCGGTGGTGGCGGGCCTCGGAGCGGAAGAACTGCCGCTCGACGAACTCGCCGGTGCGGGCGCGGGCGCCGGTGCGGGTGCCGGGTTCGCACACCGCGTGCTCGCGGCGGCCGTCCTGTCGCCCGTTCCGCTGCCGCCGTTCGACAACAGTCAGATGGACGGGTTCGCCGTGCGGGCAGCGGACGCGTGGCAGGCCGTCCGGGTCGTCGCCCCGATCCCGGCCGGCGTGGTGCCCGAACCGCTCGAGCCCGGCACGGCCGCGCCGATCATGACCGGTGCGCGGATCCCGACCGGTGCCGACGCGGTGTTCCCGGTCGAAGCGACCGGGCCGGGCGCGTTCCCGGCGGCGCTCGAGCTGCCCCGGGTGACGGTGCCCGCCGACCTGACCGCCGGCACCTTCGTGCGGGTGACTGGCAGTGACCTGCCCACCGGTGCCGAGCTCGCTCCGGCCGGCTCCCCGGTCACGCCGGCGCTGCTCGGAGCCCTGGCTGCTGCGGGGGTGA
NZ_CP181330.1_gap24	800531	803574	3043	CAGCGCCTGGGGCGTCAACGTCGTCGACCTCGACGAGGACCAGCTCGCCGGACTCCACCGGCTGCTCGACGAGCGCGGGCAGACCGTGTCCGCGATCGCCTCGCCGATCGGCAAGGTGCCCGTCGACGAACCCGTCGAGCACGAGGTGTCTCGGCTCGCCCGAGCGATCCGTGCCGCGCACGCCCTCGGCACGACGAACATCCGGATCTTCTCGTTCTACTTCGAGGGCCGCACGCCCGACGACGTCCGCGACGACGTCCTCGTCCGGATGCGGGCGCTGGCCGACCTCGCCGAGCGTGAGGGGGTGACCCTGCTGCACGAGAACGAGAAGGACATCTACGGCGACGTCCCCGCGCGCGTGCTCGACATCGTCGAGAGCGTCGGGTCCCCGGCGCTCCGCCTGGCCTGGGACAACGCGAACTACGTGCAGTGCGGCGTCCGGCCCTTCACCGACGGCTGGGAGCAGCTCGCCCCGTACGTCGATTACCTGCAGGTGAAGGACGCCCTCGCCGACGACTCGTCGGTGGTGCCGGCGGGCGAGGGCGACGGCGAACTGCTCCAGACCCTCACCGCGCTCCGCGACGCCGGCTACTCCGGGTACGCCTCGCTCGAACCGCACCTCAGCGATTTCACCTCCCTCGGCGGGTTCTCCGGCCCCGCGGCCTTCGGTCGTGCCGGCCGGGCCTTCCGCACCCTCACCGACCAGATCGGAGTCACCCTGCGATGACCGAACCCACCAACCCGCTCCGCCTCGCCGTCGTCGGCGCCGGTGTCATCGGCCGCCACCACGCCACCGTCGCCGTCCAGCACCCCGACCTGCAGGTCGTCGCCCTCGTCGACGCCGTGCCCGAAGCCGCCACGAGCGCGGCCGACGCGATCGAGGCGATGGGCGTCGCCCGTCCGATCACGACGTCCACCATCGAAGAGGCGATCGACCAGACCGACATCGATGTCGTCGCGATCTGCTCGCCGTCCGGCATGCACGTGCAGCTCGCCGAGGCCGCCCTGGCCGCCGGCAAGCACGTCGTCATCGAGAAGCCGCTCGACACCACGATGCCCCGGGCCCGGCAGATCGCGGCGCTCGCCGCAGCCGCTCGTGACCGCGGGCTCGTCACGAGCGTCATCAGCCAGCACCGCTTCGACCCGGCGTCGGCAGCCGTCGCCCGGGCCGCGCACGACGGCGGGTTCGGCACCGTGACCTCGGGGCTCGCGAGCGTCGCGTGGTACCGGTCGCAGGGGTACTACGACTCCGGTGACTGGCGCGGCACCTGGGCGCTCGACGGCGGCGGCGCGGTGATGAACCAGGGCGTGCACACCGTCGACCTGCTCGTCTGGGCGCTCGGTCGTCCGGTCGAGATCTCGGCCCAGACAGGGCTCCTCGCGCACGATCGCATCGAGGTCGAGGACACCGCCGTCGCCACCGTCCGGTTCGCCGGCGGGGCGCTCGGGGTCGTCCACTGCACGACCGCCGCGTACCCGGGGCTCTCCGCCCGGTACGCCGTGTACGGCACGCACGGCTCCGCCATCGTCGACGACGACCGGCTCGCGTACTTCCACATCGCCCCGGACACCGCCACGCTCGAGTCCGCCGCGACCACGTCGAACGCCACCGCGGTCGCCGGTGCGGTCGACCAGAAGGACGACGTCGTCCCGCCCGAGCACGTCGTCGGCGGCCCGGCCGAACCCGACCACTTCGCCGCGGGGCACGCTCGGCAGTACACGGACATCGTCGACGCGATCCGGCAGGGCCGCGAACCGGGTGTCACCGTCGACACCGCCCTGGTGTCGCTCGCCACCGTCCGCGGGCTCTACGTCAGCGCGACGCTCGGGCGACCCGTGCGCATCGACGACGTGATCGAAGGAACGTACGACGACGTGGTGCCGGTCGTCGGCACACCCGCCACCGCCACCGCGACCGAAGGAGCCACCCGATGAAGTTCTCCGTGTTCACCGCCTCCACCCCCGACTGGACCCCGTCCGAAGCCGCCGAGACCCTGGCGGCGCAGGGCTGGGACGGCATCGAGTGGCGCATCGTCGACGACCGCCCGGCCGACGGCGCCGAGGTCCCCGCTGAACGGTCGTTCTGGGCGGGCAACAACTCGACGTGGCAGTACACCGGCATCCACGACCGCGTCGGCGAGATCGCCCGGATCACCGACGGTGCCGGGCTCGAGTACTCGGGCATCGGCGGCTACCAGGCGGCCGCCGACCACGACGGCGTCGAGACGATGCTGCGCGTGACCAGCGAACTCGGCGCCCGGCAGGTCCGCGTCACGATGCCGCACTACCGTGCCGAGAAGGAACGCACCGGCGAGACCTACCCGCAGCTCTTCGACCGCACCCGCGCCGATCTCGAGTGGGTCGTGTCGCGTGCGTCGGAGCTCGGCGTGAAGGCACTCGTCGAGCTGCACCACATGACGATCACGCCGTCGGCATCCGCGGCACTGCGACTGATCGACGGTCTCGACCCCGCACACGTCGGCGTCATCCACGACCTCGGCAACCTCGTGATCGAGGGGTACGAGGACCACCTGGCCGCGTTCGAACTGCTCGGGCCGTACCTGGCACACGCCCACGTGAAGAACGCCCGCTGGGTGGACACCGGCGACACCCGTGCCGACGGCAGTTCGATCTGGCAGCACGAGTGGGCACCCCTGCGCACCGGCCAGGCGTCGGTGTCCGAGTACCTCGACGCGCTCCGCCAGGTCGGGTACGACGGGTGGGTCACCATCGAGGACTTCTCCACCGACCTCCCGCTCGAGACCCGCACCGCCGACAACCTGGCGTACCTCCGCTCCCTCGTACCGGTGTCGGCATGACCGATCGGCGTCCGGGCATCGTCCACCTGGGGGTGGGGGCGTTCGCTCGTGCCCACCTCGCCTGGTACACCGCCCACACCACGGGGGAGTCGTGGGGCATCACCGCCTTCACCGGCCGCTCGCCCGCGGCCGCGGACGCGTTGGCCGCGCAGGACTGCCGGTACACGCTCGTCACCCGAGCCGCGTCCGGCGACGGAGCCGAGGTGGTCGACACGATCGTGGCC
NZ_CP181330.1_gap25	882351	885650	3299	CACGAACGAGTTCAAGCACGACCTGGACGAGTACGTCGCGAAGCACCTCGACCCCGACGTCACCGCGCGTTCCCTGCAGGGCATCCTGGCCTCGGGTGAGTACGTGCCGAGCCGCAAGAGCACCTACCAGTCGCGCGACCTGATCACCGACACGCAGTACCAGGCGTGGGCCGGACCGACGGGGTCGCACACGACACAGCTCGCCACCGGCAAGCAGCTCGTGACGCAGATGCTCGACGACCAAGACCTCGACGCGCTCGTCTACCCGTCGGGCACGCCGTACGGCACGCAGTCGACGAACATGCGCCTCAGCCCGAACACCGGTATGCCGGCGATCACCGTCCCGATGGGCCAGGCGACCGCTGACGACAACACCATCACCGGTGCCGGCGTGAACCTGGAGTTCCTCGGCCGCTCGTTCGACGAGAGCACTGTCATCGGCCTCGGCTACGCCTTCGAGCGGGAGACGCACGCGCGCACCACGCCCGCGCTGTACCCGGCGCTCGGCTGAGCTGAGCGGGTCGCGTGACGCGACCACATGCAGACGGGAGGCCCGGTGCCAGCTGGCACCGGGCCTCCCGTCTGCACTGGGCTCAGTTCAGGGTCGGGGTGTCCTCCGGCACGACGCCGTCGGCGTACAGGTCGGTCGCCAGGTCGCGGAGCGCGCGCAGCGCGACCCGCTGCGTGAGCGGACCGTAGGAGATGCGGGCGACGCCGAGCGCCTCGTACTCGGCGGCGGGCAGGGCGCCGGGCAGGCCGATGACCGAGAGCTTGCCGCGGCCCAGACCGGCGACGAGCCGCTCGACCACCGAACGCTCGATCGCGCCGGGCACGAAGACCAGGGCGGCGCCGTTGTCCAGGAACGCCTTGCCGCGGGCGATCGCGTCCTCGATGCTCTCGTCGATCGGGCGCTCGCCGCCCCGCACGATCGCGTCGGTGCGGGCGTTCAGCTGGAAGTCGACGCCCTCGGCCTGTGCGGCTGCGGTGATCGCGGCCACGCGGGCGACCGCTTCGTCGAAGGGACGCAGCCGGTCCTCGACGTTGGCGCCCACGATGCCCGAGCCGATGGCGCGGCGGATCGTCTCGGCGGGGTCCTCGTAGCCGTCGTCCAGGTCGGCGGTGACCGGCAGGTCCGTGGCTGCGGCGACGATCGCCGCCCCGGACAGGGCGAGGTCGAGGGGCATGCCGCCGTCCTCGTACCCGTACGACGCGGCGATCGAGTGCCCGGCGGTGGCGACCGCCTTCGTGCCGGGCAGGTCGCTGACGACCTTGGCGGTGATCGCGTCCCACACGTTCACGACGCGCAGGATCTCGGGGGCTTCGTGCAGCTGCTTGAGGGTGACGGCCTTGTCGGCGGTGCTCGTGCTCATGCTGCCGACAGTAGGCCGACGGGGCGGCCCCCGGCCGCAAGCCCAGCCGAAGACGACGTGGGATGACGTCGGGAGTCGCGCCGGGCCTCCAGGCAGGGGCATGCTGGGACGCATGGCGAGCGACGAGCAGGACCCGGTCGGCACGCTCCGCGGGGTCCGGACGAGCATCAAGTGGACGCGGTACGCGCCCGACGTGCTGCCCCTGTTCGTCGCCGAGATGGACCACGACGTTGCGCCGGCGATCCGGCAGGCCCTGATCGAACGGGTCTCGCAGTCCGACCTCGGGTACCTCGACGGCCCCGGTCCGCTCGCTCCCGCGTTCGCGCAGTTCGCGCTGGACCGCTGGGGCTGGGAGATCGATCCGTCGCGCATCCACCTGGCCACCGACGTCAGCGTCGGGATCGTCGAGTCGCTCCGGCTCGCGCTGCCTGACGGCGGCCGAGTCGCGATCACGCCGCCGGTGTACCCGCCGTTCTTCGAGCTCGTCGAAGAGGCCCGATGTCAGGTCGAGGAGGTCCCGCTGCTCGAGCAGTGGGGGCAGTACCGGCTCGACCTCGAGGGCCTCGAGCGGGCGTTCGCCGGCGGGGTCGGCGTCTTCCTGCTCTGCAACCCGCACAACCCGGTCGGGCTCGTGCACGACCGGGCCGACCTCGTCGCGATCGCCGAACTCGCTGCGAAGTACGACGTCCTTGTCATCAGCGACGAGATCCATGCACCCCTGACCCACCCCGGCGTGCAGTTCACCCCGTTCGCCGCCGTCGCCGAGCCGCTCGGTGCCCGCAGCGTGTGCGTGACCTCGGCGAGCAAGGGGTGGAACCTCGCCGGTGTGAAGTGCTCGGTCATCGTCGCCGGCGATCCCCGGACCGCCGCGCTCCTCGACACCCTGTGGGAGGAGGTCGCCTGCCGCACGAGCATCCTCGGGCTGCACGCGAACCTGGCGGCGTTCACCCTGGCGACGGACTGGCTGGACGACGTCGTGGCGCGCATCGTGGCGAACGACCGGCTGCTCGCCAAGCTGCTCGCCGAGCACCTGCCCGGGGTCGTCTACACGCGGCCGCGCGCCGGGTACCTGGCGTGGCTCGACTTCCGGGGCATCGGCCTCGGCGACGACCCGGCGGTGCCGCTGCGTGAGAACGCGTACGTCGCGCTCAACTCCGGGCTGGGGTTCGGGTCCGAGGGGCGCGGGTTCGTCCGGCTCAACCTGGCGTGCTCACCGGAGACCCTGCGCGAGGCCGTGTTCCGGATCGCCTCGGCGTACCCGTCGAGCGCGCAGGAGGGGCTGGTCTGGCACGTCGCGTGACCTGCTCCTGACCGGCGCGTGCCGGGAGGCTCGTCCTCCACAACTCGCCGTTGCTGAAATCTGTCCACAGATCACGTTGGGTGTCCTGGATCGTGCTCCGCGGAGCGCCACGGTCGGTGCATGCAGAGATCCGATCCGACAGTGTCCAATCGAGATAGGCAAGATTGCCTCGTCACGGTTGGCAAGCTACGGTGAAGCGCACGGAGTTGCTCCGCCGGCTCGCTCGGAAGGCTGACGAGAACGACGTCGAGTTCGTGTTCCACCGCCACGGCGGGAGCCACGACCTGTTCCGCTTCGGTCGGAACACGGTCGTCGTTCCGAGACACCGAGAGGTGGAGGAGATGACGGCGCGCGGCATCGTCCGTGACTGCGACCGACGAGGAGATGGGCGACGATGAGCCGACACACCGTGCGCGCGGAGCGCGGCAAGAAGTACTGGGTGATCTGGATCGACGGCGTCATCCGGACGCAGGCGAAGCGCGAACGAGAGATCGAGCTGATGGCCCGTGACTGGCTCTCGCTGATGAACGACGACCGCGATCCGGAGTCCTTCGAACTCGTCGTCGAGGTGGCGATGCCCGAAGCGGCGCAGGCGCACCTGGACCGTGCGGTCGCGCTCCGCGAGGAGT
NZ_CP181330.1_gap26	1005654	1007317	1663	GCTGGTGCTGCTCGGGTTCGCCGTGACGGACTTCATGATCACGATGACCCTGTCGGCGGCAGACGCCACGGCGCACATCGCCGAGAACCCGTACACGCCGCACTGGTTCACCGAGATCCCGGTGCCGCTCACCCTGGCGCTGCTGCTCCTGCTCGGCATCGTGTTCCTGCGCGGGTTCAAGGAGGCCATCGGCATCGCGGTCGGCCTCGTCGCGGTGTTCCTCGCCCTGAACGCCGTCGTCATCATCGTCGCCCTCTGGCACGTGTTCGAGAACCCGATGGTGGCGAGCGACTGGTGGTCCGGGCTGACGGCACAGCACAGCAACCCGCTCGTGATGGTCGGCATCGCCCTGATCGTGTTCCCGAAGCTCGCGCTCGGGCTCTCCGGGTTCGAGACCGGTGTCGCGGTGATGCCACAGGTCCGCGGCGACGCCACCGACGACACCAGCGACCGACCCGAGGGCCGGATCCGTGGCACCAAGCGCCTGCTGACCGTCGCGGCGCTCATCATGAGCTCGTTCCTCATCACGTCGTCGATCGTGACGACGTTCCTCATCCCGCAGCACGAGTTCCAGCCGGGCGGCGGTGCGAACGGGCGCGCCCTGGCGTACCTGGCGCACGAGTACATGGGCGGCGTGTTCGGGTCGATCTACGACTTCTCGACGGTCGCCATCCTGTGGTTCGCCGGCGCGAGCGCGATGGCGGGGCTCCTCAACCTGGTGCCGCGGTTCCTGCCGCGCTACGGCATGGCACCGCAGTGGGCTCGTGCGGTGCGTCCCCTCGTGATCATCTTCACGCTCATCGCGTTCGTGATCACGATCATCTTCCAGGCCGACGTCGACGCGCAGGGCGGCGCCTACGCCACCGGCGTGCTCGTGCTCATCACGAGCGCCGCGGTCGCGGTGACGCTGTCCGCGCGCCGCAAGCAGCAGCGCAAGCGCACCATCGCGTTCGGCGTGATCTCGGTCGTGTTCGTCTACACCACCGTCGCCAACGTGATCGAGCGGCCCGACGGCGTGCGGATCGCGGCGATCTTCATCATCGCGATCGTCGTGGTGTCGCTCATCTCGCGCGTGCGGCGTTCGTTCGAGCTCCGGGCGTCGTCGATCGAGCTCGACGCGACGGCCCGCCAGTTCGTCGAGGCCGACGCCGACCAGTTCAGCTCGATCTGCATCATCGCCAACGAGCCCGGCGCCGGCACGGCCGAGGCATACCGGGCGAAGGGGCGCGAGGAACGCCGCGACTCCGGCATCCCCGCCCGCGTGCCGACGATGTTCCTCGAGGTCCTGCCCGCCGACTCGTCCGACTTCGAAGAGGACCTGGTGGTCGAAGGCCACGTCATCCACGGGTTCCGCGTGCTCAAGGTCCGCTCCGGCAACGTCCCGAACACCATCGCGTCGACACTCCTCGCCATCCGCGACCTCGCCGGGGTGGTGCCGAGCATCTACTTCGAGTGGAACGAGGGCAGCCCGATCCGCAACGCCCTGCGCTTCGTGTTCACCGGTGCCGGCGACGTCGCCCCCGTGACGCGCGAGGTCCTGCGCGAAGCGGAACCCGAGGTCAACCGACGGCCCAACGTCCACGTCGCGTGAGCCACGGACCGGGCGCGGGGCGTGCCTCCAGGCCCGTCGGCGGTCTGGCGGCGATCGCGGTCGCCGCAGCGG
NZ_CP181330.1_gap27	1011883	1016051	4168	CGTCCGAGTAGACGTTCGCGGTGTCGAAGGTCGTGATGCCGGCCTCGAACGCGCGACGGACGAACGGGCGGGCCTCGTCGATGCCGACGCTCCAGGCGTGCGAGCCGCGGTCCGGGTCGCCGTACGACATCATGCCGAGGACGACGCTGCTGATCTCGAGCCCCGAGTTGCCGAGGCGCTTCGTGTCGGTGGTCATGCAGTCACTCTGGCATCACGGCCTGTGACGGCGAGCAGACGGACCTGGAGCGGGGAGTCCTCGGTGACGTCGACCGGGGGTGCGTACAGGCCGGTGGCGGCGAGGTCCTCGATCTGCGGCTCGAAGTACTCCCACACGGCGCGGACGAGCTCGTCGGGCAGGGACTCCTCGGTGCCGGTCGCCCGGGCGAGGTCCCACGTGTGGATCGTGATGTCGCTCGTCTGCTCGGTGAGGTACTGCGCGGCGGGCACGACGTCGGTGCTGAGGTGCACGGGGGTGTCCTGCGGGGCGTTCCGCCAGGCGTCGGTGGCCGCCGTGGCGAACCGGTGCCACTCGGCAACCAGGTCGTCGCCGATCGGCTCGAGGTCGGCCTGGGCCTGGGCGTAGTCGCACCCGGTCAGGAGCTTCGGGATCCAGCGCTGCTCGTCGACGACGTGGGCGACGAGGTCGCGGGTGGTCCACTCGGAGTCGGGGGTCGGGGCGTCCCAGTCGGCGACGGCGGCGACGCGGCGGCCGAACTCGGCTGCCGCGAGGGCCTGCATCGCGATCCAGTCGGTGGCCATGGTGGTGCTCCTGTTCGTCGTGCGGGCGTGCTCTTGGTCGGTGCGTTTCGTGCAACTCGGGGTCCGGCGTGCGGATTCCCTCGGTGCCGTCGCACGTGCCAACGTTACGCGGGGGCGGGGGCGGGGGCGGCGCCCGTCCGGCGCCCGGGCGCTCGTCCGCTGCCCTTGCTCGCGCCTTGGCTCCGTGTCCCGCACGTCCTCGCGCCTCGTTCCGTGAGCGGGCGGAATGCCGCACTTCGTCCCCGCCGTGTCCCGGGTATTCCGCCCGCTCGGCCGCGCTTCCGATCTCGGCCGTGGTCGCTCGCCCACCTCCCGCTCGGGTCCTTGCGCGAGCGGGCGAAATGTCCGGCGTGCTCGGGGGATCGACGTGGTGTTTCGCCCGCTCGTGAGCGTGAGCGTGAGCGTGGGCGTGGGGCGCACGGGTGCCGACGTGGGGCGTGATCGCGGGGATCGGCGTCGACTTCGGCGCCCGGCATCGTCGAGCGGACGAAATGCCTGACGAGACAGGACGAGGCTCCGGGGTGTTTCGCCCGCTCGTGGTCGGGGGGAGCGGCGGGCAATGAAGAACGCCCCGACTCCGTGCGGAGTCGGGGCGTTCTTCTCGGGTTCGGGGAGTGCCGCTCGGTGCCCTCAGTCGGGCGTTGGGTCAGAGGTGGCTCAGGCCGCCTGGAGGACGAACTGGACGTCGAGGTTGATCGTGACGTCGTTGCCGAGCGTGAAGCCGCCGGCCTCGAGCGCCGCGTTCCAGTTCACACCGAACTCGGTGCGGTCGATCTTCGTGGTCGCCTCGGCACCGAACTTGACCTGGCCGTAGCCGTCCGTGGTGAAGCCGCCCAGCTCGGCCTTGAGGACGACCGGCTTGGTGACGCCGCGCAGGGTCAGGTCGCCCGCGATGTGCAGGTCGTCGCCCTTCGCCTCGATGCTCGTCGAGCGGAAGGTCAGCTGCGGGTGCTCCTCGGTGAGGAAGAAGTCGCTCGTCTTGAGGTGCTGGTCGCGCTGCTCCTGGCCGGTGTTGATCGACGCGACGTCGATGTTGGCCTCGACGGTCGACTCGAGCGGGTTCTCGGCGGTGACGACGGTGGCGTCGAACGTCTCGAACTTGCCCTTGACCTTGCTGATGGCGAGGTGGCGGACCGAGAACGTGACCTCGGAGTGGGTCGGGTCGATCTTCCAGGTGCCGGTCTTGTAGCCGGGAACGGTGTCAGCGGTGAGCGTCATGGTGGTCCTTCTTCCGAACGAGAGTCTGCGGTGCGACGCGTTCCATGCGCCTGCATCGAGTTGATACTACGACAGTGTGCACCGTTTTGGTTGAAGCGTCAACCATTGTTCACCCAAGTGTCGCAAACCGCGTGTCGTGGGCTCCTCTGGCGCCGACCTCGAGCAGCCGACGGATGCGGTCCACGAAACGGTCGACGCCGTGCGCGACGTCGTCTGCTGTTGCTCTGACGAGCCACCAGTCGACGTCCTTGAGGCGCTCTCCGCGCGTCAGGTCCTTCCGGAAGGTGGCTGGATCGGTGCGGTGCAGATCGCTCTCGTACTCGATCGCGACCCTGGCATCGGGGTAGGCGAGGTCCACACATGCGACCCACTGCCCGTCGACGACGACATCGTGGTTGAGTGCCGGTTCCGGGAGTCCGCGGCGGACGAGTGCCAGCCGTGTCCGGGTCTCTCCGGGAGACCGGGATCCCCTCCGGATCTCGTCGAGCGCGAGGCGGAGCTTCACGATCCCGCGGATGCCCCGTCGTCGTCGGACGGCCTGGGCGAGTTCGTCGAGCGTCGCCCAGCCGAGCCGCCCCACGAGCGCATCGCCCGCGACGATGAGTTCGTCGAGCGTCAGCATCGAGCCCAGTGCGACGAACGTGTCGGCCGGAGTGGTCAGCGGCACTCCTCGTGCGATCGTCGCGCGGACTGACCCGTACCGGGCTCGGTGGCCGACCGTGCCGCGGACCCGGAGCGCTTGGTCGGTCCCGATCGTCGTGACGTGCAACCGCTGATCGCGTTCGAGTCGACGGGGGAGCGGGACGCCGATGATCGCTGCCGCAGTGACGTGACTGAAGACCTGATCGGGGCGGAGTCGAGGAGCGAGCGCCCTTGCGCGTTCATCCACGGACTCCGGTGGGAACGCTGATCGGATGCCGTGGAACGGGCGGACGAGATCTCGAGCCTCGAGTCTGCCCCGCGAAACGCCTCTGTGCAGCGCGTCCCGTACCCGGAACGAAGCGTCGCGGAGTGCCATCGGGAGTCGGCGTCTTGCGGTCATCTCCACAGCGTGACGGCGAGCCGACCCCGAGGACGGGAGTCGGGCCTCCTCTGTGGACGACTTGCCCGCCCTCGCCCATGTGGAGGGACGGTTGCTCCCGCGAGCGGGCGAAACACCGAGCCCGCCGCCGGGCGGCACGGCGGTGTTACGCCCGCTCGCGGGGGTGGAGGCGATCGCAGGGAGCGCGGAAGTCGCAGCCCGGGGTCATCCAGGCGAGCGGGCGAAATGTGTGGGTCGGCTGGCAAGAGCACCGTGGCATTTCGCCCGCTCGCGGGTCCCGACCCCGACCCGACCCGACCACCGCACACGCCCCACACGCCCGCCACCCCGACAGGCACTCGCGGGACCCCTCACGTGCGCGCTCACTCCAGTAGCGTCGGGACCATGGAATTCAGGTACCTGGGCAACTCCGGACTCAAGATCTCCGAGATCACCTACGGCAACTGGCTGACGCACGGCTCGCAGGTCGAGAACGACGTCGCCACCCAGTGCGTGCGGGCAGCGCTCAACGCCGGCATCACCACGTTCGACACCGCGGACACGTACGCCAACACCGCCGCCGAGACCGTCCTCGGCGAGGCGCTCAAGGGCGAGCGGCGCCAGTCCCTCGAGGTCTTCACGAAGGTCTACTGGCCGACCGGCCCCAAGGGGCACAACGACGTCGGCCTCAGCCGCAAGCACATCATGGAGTCGATCGACGGCTCGCTCGAGCGACTGCAGACCGACTACGTCGACCTCTACCAGGCGCACCGCTACGACTACGAGACCCCCCTCGAAGAGACGATGCAGGCCTTCGCCGACGTCGTCCGCCAGGGCAAGGCGCTCTACATCGGCGTCAGCGAGTGGTCCGCCGAGCAGATCCGCGCCGGTGCCGCACTCGCCAAGGAGCTCGGCTTCCAGCTCATCTCGAACCAGCCGCAGTACTCCATGCTGTGGCGGGTCATCGAGGGCGAGGTCGTCCCCGCCTCGAAGCAGCTCGGCCTGTCGCAGATCGTCTGGTCGCCCATCGCGCAGGGCGTCCTGACCGGCAAGTACAAGCCGGGTCAGCCCCTGCCCGAGGGTTCGCGTGCCACGGACGAGAAGGGCGGCGCGGACATGATCAAGCGGTTCATGCGCGACGAGGTCCTCGAAGCCGTGCAGCGCCTGCAG
NZ_CP181330.1_gap28	1195572	1197792	2220	GACGAGGCTGCCGGCTGGACGCTCACCGACGAGGGCCCGTGGCAGGAGTCCCGCAACGGCGGCACCCGCTACCGGTTCCTGGAGTGGCAGCGCCGCGCCTGAGCGCCCGCCCCCGCCGGGCGTGACCGGCGGGACGGACGTGATCCGGGCCTCCCGGCCGCGCCGCAGGCGGTCGACCGTCCACATGGACGGCGGCCTCCGCGCGCATCCCCGGTACGCTGGTGCCCGTGTCCCCGCGTGAGAATCCCTTCGGTCAGGTCCTCGTCGCCCTCGTGACCCCGTTCACGGCCGACGGCGAGGTCGACTGGCCCGGCGTCGAGCAGCACATCGACGACTGCATCACCGCCGGCGCCGACGGCATCGTCGTCACCGGCACGACCGGCGAGACGTCGACGCTGACCGACCCGGAGAAGCTCCGGCTGGTCGAGGTCGGCAAGTCCGTGGCCGCCGGCCGCGCGAAGATCATCACGGGCGGTGGCTCGAACGAGACCGCGCACGCGATCCACCTGTACAAGCAGAGCGAGAAGGCCGGCGCGGACGGCGTGATGATCGTCACGCCGTACTACAACAAGCCGACGCAGTCGGGTGTCCTCACCCACTTCCGGATGATCGCGGACGCCACCGATCTGCCGGTGATCCTGTACGACATCCCGGGCCGTACCGGCATCCCGATCACGTACGACACGATCCTGCGTGCGTCGAAGCACCCGAACATCCTCGCCGTGAAGGACGCCAAGGGCGACTTCGCCGAGGTCTCGCGGGTGCTGAACAACACCGACCTCATGTACTTCTCCGGCGACGACACGAACGTGCTCCCGCACCTGTCGATCGGCGCCACCGGCCTGATCGGCGTGACCGCGAACATCACGAGCGCGCCGTACCGCACCATCGTCGACGCGGTGAACCGGGGCGACCTGGCCACCGCGACGGCCGAGCACAAGCGACTCGAGCCGCTCGTCCGCGCCGTGATGACGCACGTTCCCGGTACCGTGGCCGCGAAGTACATCCTGCACGGGCTCGGCCGCATCGGCAGCCCGCGCGTCCGACTGCCGCTCGTCGGCCCCGAGGACTCCGAGGCGTACGCCATCGAGACCTCCCTCGAAGCCGTGCGCGACGTGCCCGGCGCCGACTTCTCGAACTTCCGCCCCGACCGCAACGCGGCGGCCGGCGGTGCACTACCGAAGGTGCCAGGCACCACCCGCTAGCGAACACCGCGGCGCGCAGCACGCGCGTCGCCCGAATCCGTAGGACCGAATGCCCACACAGATCTCCGAACCGCAGCCGCTCGAAGCCGGCACCCTCCGCGTCGTCCCCATCGGGGGCCTCGGCGAGATCGGTCGCAACATGACCGTCTACGAGTACGAGGGCAAGCTGCTCATCGTCGACGCCGGCGTGCTGTTCCCCGAGGAGCACCAGCCCGGTGTCGACCTGATCCTGCCGGACTTCTCGCCGATCCGTGACCGCCTCGACGACGTCCTCGGTGTCGTGCTCACGCACGGCCACGAAGACCACATCGGCGCCGTCCCGTACCTGCTCAAGCTCCGCGACGACATCCCGCTGATCGGCTCCACGCTGACCCTCGCGCTGGTCGAGGCGAAGCTCAAGGAACACCGGATCAAGCCGTACACGCTCGTCGTGGCCGAGGACCAGACCGAGCAGATCGGCCCGTTCCACCTCGAGTTCGTCGCCGTGAACCACTCCATCCCGGACGCCCTCGCCGTCGCGATCACGACCCCCGCCGGTCGTGTGCTGCACACGGGTGACTTCAAGATGGACCAGCTCCCGCTGGACGACCGCATCACCGACCTCCGTGCGTTCGCCCGTCTGGGCGAGGCCGGCGTGGACCTGTTCCTGCCGGACTCCACGAACGCCGACGTGCCGGGCTTCACCGCTCCGGAGCGCGACATCGGCCCGGTGCTCGAGAACATCATCATGCGCGCCCGCAAGAAGGTCGTCGTGGCGAGCTTCTCGTCGCACGTGCACCGCGTGCAGCAGGTCCTCGACGCCGCCGCGGCCGCGAACCGCAAGGTCGCGTTCATGGGCCGCTCGATGATCCGCAACATGACGATCGCCGCCGACCTCGGGTACCTGCGGGTGCCGGAGAACGTGCTCATCGACACGAAGAAGGCGAAGAACGTCCCCGACGACCAGATCGTCTACATGTCGACCGGGTCGCAGGGTGAGCCGATGGCCGTCCTGGCCCGCATGGCGAACCTCGAG
NZ_CP181330.1_gap29	1283060	1284378	1318	GCCGGTACGTCCTGCGGAACGACGCCACCGGCACGTGCGTCGCGAGTGGTGGGTCGGCCTCCGGCTCGCCGATCACCACGACGTCCTGCACGACCAGCGCGACGCAGACCTGGCGCTTCACGCCCGAGGACGACTGGCTCCGGATCACGTCTCCGTCGAACCCGTCGCTGTACTGGGACGCCCCGAGTGACCGCTCCGCCCTGCTCCGTCCCGACAACGACATCAGCGCCCAGAAGTGGACGGCCGAAGCGGTCGGCGCGGGCAGTGGGCTCTTCCGGTTCCGCAACCGGAACGACCTCTGCCTGACGGCGTCGAGCGGGTCCGCCGCCACCAACCCGATGACGGTCGCCGACTGCAGCACGTCCGGACTCCAGCTGTTCTCCCTCCGGGCCACGTCGTGACGACCGCAGTGCCGCAGTCGGAGTCGGAGTCGGAGCCGCAGCCGCAGCCGCAGGGCGCCCGCTGGTCGAGCGCCCTCCGGCTGCTGGGCCAGACGGCCGCGGTCCTGCTCCTGATCGTCGTGGTCGGGCTCGCGGCGCTGGCGATCCTGGTGCCGCGGATCACCGGTTCGGTGCCGCTCACCGTGCTGACGAGCTCGATGGAACCGGGGATGCCACCGGGCACCCTGGCGGTCGTCCGCCCGGTGGACCCTTCGGACATCGGTGTCGGCGACATCGTCACCTACCAGATCCGGGTCGATCGGCCCGGCGTGATCTCGCACCGCGTGGTCGCCGTCGCGATCGGGGCCGACGGTCGCCGCCTGTTCACGTTCAAGGGCGACAACAACTCCGCCGTCGATCCCGAACGGGTGGTCGCCGCGCAGGTCATGGGCCGGGTCTGGTACTCGATCCCCGGCCTGGGGTTCGTGAACACCGCCGTCGCGGGCGACACGCGGGCCTGGCTCGTGCCGACGCTGGGTGGCGTGATGATCGGCTACGCCCTGCTGCTGGTGATCCGCTCGGTCGCCGTCACCGGAGCCCGCGGAACGTCGCACGGACGTCGTCGACGAGCAGCTCCGGCTGTTCGAGCATCGCGAAGTGCCCGCCGCGCGCCACCTCGTTGAAGAACACCAGGTCGGTGTACCGGCGCGCTGCCCAGCGGCGCGACCGGCGGACGTACTCGCCGGGCATGATGCTCAGGCCGACGGGCAGGGTCAGCGGTTCCTCGACGGTCCCGGGAGTGGCCCAGCCGGTCCGCGTCGCCTCCCAGTAGATGCGCGCCGCGGACGCGGCGGTGTTCGGCAGCCAGTACAGCATGACGTCGTCGATGATCTCGTCGAGCGGGAAGATCCGTTCGGCGTCGCCGTGTACGTCGTGGG
NZ_CP181330.1_gap30	1310407	1311182	775	TCGGGCTCTGGATCCCCACGGCGTCCGAGCACCCGGAGCAGGCGAAGGAGCTCGTCGAGTTCCTCATGCAGCCCGAGGTCATCGACGCCTACAACCGCGACAACCTGGCGTACTCGCCCCGCATCGACGCACCGCCGCAGCAGGACGAGCGCCTCGCCGGCCTGCAGCAGTACGTCGACGACGCCGCGTTCTACCAGGGCGCCGGCACCTTCATCCCCACGTCGATCCCGCTCGGCAACTACCTGCAGTCGGCGATCCGGAGCGGGGACTTCACCTCGATGCTGCAGCGGCTCGACTCGGACTGGCGGCGGCTCGCCGGCCGTTCGGCGACGGTCTGAGCCGGACCAGGACACAGGAGCCACCATGACCATGCAGACCCCGCTCTCCCGCGACACCGACCCGGCAACGTCCGGACCGGCGACCGACGCAGCCCGTACGCACCGGCGTGTGGGTTCCCGCGGTGTCGGTTCACTCAGCCGCACCGAGGGCATGTACTACCTGTTCCTCGTGCCGGCCCTCGTGCTGTTCACGGCGTTCGTCGTCGCCCCCGCCTGCGTCGGCGTCTTCTACAGCTTCACCGACTACCTGGGCTTCGGGCAGTGGGACTTCATCGGCGTCGAGAACTACAAGGCGCTGGTCTCCGACCCGGCGATCGTGGCGTCGTACGGCTTCACGCTCGGCTTCGCGGCCGTCACCGTCGTCGTCACGCAGGTCGTCGCGCTGTCCCTGGCGATCGCCCTGGCGAAGAAGATCCGGTTCGCCGCCGGGTTACGGT
NZ_CP181330.1_gap31	1350509	1353080	2571	TGGCCGACCGTGGCGCGAGCCCCGACGTGGTGGTCGCGAACGCCGGTGTGCAGCTGTTCGGCCACGACGCGAAGGTCGCCGACCTGTCGCTCGAGACCTGGGACCGCACGCTCGCGGTCAACCTCACCGGGACGTTCCTGACGATCAAGCACGCCGTCCGGGCGATGCTCGCGAACGGCACCGGCGGGTCGGTCATCGCCACCGGGTCGCCCACCGGCCTGAACGGCGAGGGCGCCGACTTCGCGGCGTACTCCTCGACCAAGGGCGGCATCCACGCACTCGTCCGGGCGACCGCGATGGCCTACGCGCGGGACGGGATCCGGGTGAACACGGTCGTGCCGGGCTACACCGAGACCGGCCTCGTGTCGGCGATCTCCGGCGACCCCGAGGCCCGAGCCGCGATCGTCGCCCGCACCCCGCTCGGTCGCCCGGGCACCCCCGACGACGTCACCGGGATCATGGTCTACCTGGCCAGCCCGGAGTCGTCCTACGCGACCGGGGCGGAGTTCCGTGTCGACGGCGGCATGACGAGCCTCTGACCCGGCGCACGGCCCGCCCGTCCTGCCAAAGCGACAGTGTTCCACCGAACGTTCGCCGCACACTGTCGCCCTGACGGGACAGTCGCCGCAGCGGTGACGAGGTCTGTCGCTTCCGCGGGCAGGTCCCGCCCGCCGCCGAACCCGCCACACCGCCCTGGAGGCCCGGCGCGGCCCCGTCAGCCCGTCTCGCGCCCGCCGTTTGGCCGCGGAACGCAGCACGTGGTTCCGCGGCTCCCGGCACGCGTACCGTCCGTCTCGATGACCGAATCACCCACCACCACCGCCCCGTCGAACTACGAGTCCGCCGACGGTGTGGACCCCCTGCACGTCACCACCTACCGACAGGTCCGCAAGGCCGCCCGCCGCGGACACGCGCTGCCCGGCGACGCCGGAGAGCCGTCCCTCGCCGACCTCGTGAACGCCCGGAAGAACGGCACCGCCGAGTCCCGCTGACGCAAGCTCACGATCCGGTCTCGACCAGGTCTCGATCGGGACACGACGACGCGAACGGCACGACGGCGCTGCCACGATGACGTCCATGGTCTCCTTCCGGTCCGCACTGCCCCTCGTCGTCGTGAGCGCGGTCCTCGTGTCCGGCTCGCTCGCCGGTTGCTCGGCCGATACCGATACCCACGCCGACGCAGCGGCGCGGTCGACATCGACCCCGAAGCCGACCTCGGAGACCTCGGACGCCCAGCCCGTGCGCGGTGCGACGGACCCGATGGAAGAGGACCGGAGTGCTGCGGCGATCTGCGGCCAGATCAGTGCGCTGACGACGCTCTCGCTGAACGCGACGGTCGGCCGCAGCCAGGGCGACCTCTCCGAGGCGCAGTACCAGGCACTGATCGCCGCGGAACGCTTCGGCTACGAGCACCTGTCGAGCAGCGACGAGGAGCTCGACGACGCGATCGACTACGCCCACGAGTACCTCGACGCGCACCCCGCACCGAAGTCCGGGCCGGCGCTCGAGATGACCCCCGAGTGGGAACTCGTCGGCCGCACCCTGAACACCGCGTGTCAGCGGGCCGGGTCGAACGTCGTGGGCACCGCCCAGTACGGCGGCTGACGACCCGGATCAGGCTCCCGAGACCGCCGTCACCAGGGCGTCGAGCGCGCGGTCGAGCTCTGGCATCGTCACGGCGCCGTAGCCGAAGACGATGCCCGGCGGCGTGCTGCCGGGTGCGAGCCCGTACTCCTCGAGCGACGCCACGACCACCCCGGCGTCCGCCAGCCGGCGTGCGATCTCCGCCCCGGTGGTCGGACCCGACCACGTGACCACCGCGTGCAGCCCGCCGTTCAGGGCACGGGCCTCCAGGCCGGCGACGTCGCCGAGCCGAGTCGCGATCCGCGCCCGGCGGTGTGTGTAGTCCCGCCGGACCCGACCGAGGTGTCGTCGCAGCGAGCCCGTCCGCAGCAGGTGCACGAGCGCGGCCTGCACCGGTTCGGCGACGACCGCGCCACGTGCCCGACGCGCACCGAGCACCGCGTCCGCCACCGGAGAATCCGCCGCTGCAGTCGTCGGCAGCACGAGGTAGGCACACCGCAGCCGGGGGTCGAGCGTCTTCGAGAACCCGCCGACGTGCAGCACCACGCCCTCGGCGTCGAGCGCGGCCAGCGCGGGCACGGGCGCGCCGCGGTGCCGGAACTCGGAGTCGTAGTCGTCCTCGACCACCACGGTGCCGGTGGCCGCGGCCCAGGCGAGGAGCCGCCGGCGCCGGGCGACGGGCATCACCGATCCGAGCGGGTACTGGTGGGTCGGGCTGACCAGCACGGCGTCGACCGGTCCGGCGGCCTCGAGCGCGTCGAGGTCGAGGCCGTCCTCGCCGACCGGGACGCCCACCAGGGACCCGCCCGCGCTCGTGACCGCACGGTGTCCGGTGCGGTAGCCGGGGTCCTCGACGGCGACGACGGGAGCGCGACCCAGCAGCTCCCGCAGCGCCTCGGTGACGAGCGACAGCGCCTCCGAGGTCCCCGCGGTCACGAGCACCCGGTCGACCGACGTCGTGAACCCGCGGGTCAGGCCGAGCTGGGC
NZ_CP181330.1_gap32	1360606	1363894	3288	GAGCGTCGTGTGGCGAGTGAAGCGGCGGAGTGATCCAGCCGTGGACGCTACACGAGTGAGAATGCAGGCATGAGTAGCGAAAGACGGGTGAGAAACCCGTCCTCCGAAAGACCAAGGGTTCCAGGGCCAGGTTAATCCGCCCTGGGTAAGTCGGGACCTAAGGCGAGGCCGACAGGCGTAGTCGATGGACAACGGGTTGATATTCCCGTACCGGCGAACAACCGCCCAAGCTAATCCAGTGGTGCTAAGAGTCCTAACCCGGTACAACCGGATCCCTTCGGGGTGATGGTGGCCGGTCTAACGCTCGACCCCATGCTGGTGCGGTTAGCGTATGAACAGGTGTGACGCAGGAAGGTAGCTGAGCCAGGCGATGGTATCCGTAAGGTGAACCTGGTGTAAGGATGTAGGGCTGACGATAGGCAAATCCGTCGTCTGTGTGCCTGAGATCCGACGCGTACCCGTAAGGGGAAATCAGTGATCCTATGCTGCCGAGAAAAGCATCGACGCGAGGTTGCAGCCGCCCGTACCCGAAACCGACTCAGGTGGTCAGGTAGAGAATACCAAGGAGATCGAGAGAATCGTGGTTAAGGAACTCGGCAAAATGCCCCCGTAACTTCGGGAGAAGGGGGGCCGGACACGTGACCGGATTTACTCCGTGAGCGTTGAAGGCCGCAGAGACCAGTGGGAAGCGACTGTTTACTAAAAACACAGGTCCGTGCGAAGTCGCAAGACGATGTATACGGACTGACGCCTGCCCGGTGCTGGAAGGTTAAGAGGAAGGGTTAGCCTTTGGGCGAAGCTCTGAATTTAAGCCCCAGTAAACGGCGGTGGTAACTATAACCATCCTAAGGTAGCGAAATTCCTTGTCGGGTAAGTTCCGACCTGCACGAATGGCGTAACGACTTCCCAGCTGTCTCAACCGCGAACTCGGCGAAATTGCACTACGAGTAAAGATGCTCGTTACGCGCAGCAGGACGGAAAGACCCCGTGACCTTTACTACAGTTTGGTATTGGTGTTCGGAGTGGCTTGTGTAGGATAGGTGGGAGACTGTGAAGCGGGCACGCTAGTGTTCGTGGAGTCATTGTTGAAATACCACTCTGGTCACTTTGGATGTCTAACGTAGGACCCTGATCGGGTTCATGGACAGTGCCTGATGGGTAGTTTAACTGGGGCGGTTGCCTCCCAAAGAGTAACGGAGGCGCCCAAAGGTTCCCTCAACCTGGTTGGCAATCAGGTGGCGAGTGTAAGTGCACAAGGGAGCTTGACTGTGAGACTGACAGGTCGAGCAGGGACGAAAGTCGGGACTAGTGATCCGGCAGTGGCTTGTGGAAGCGCTGTCGCTCAACGGATAAAAGGTACCTCGGGGATAACAGGCTGATCTTGCCCAAGAGTCCATATCGACGGCATGGTTTGGCACCTCGATGTCGGCTCGTCGCATCCTGGGGCTGGAGTAGGTCCCAAGGGTTGGGCTGTTCGCCCATTAAAGCGGTACGCGAGCTGGGTTTAGAACGTCGTGAGACAGTTCGGTCCCTATCCGCTGCGCGCGTTGGAAATTTGAGAAGATCTATCCCTAGTACGAGAGGACCGGGATGGACGAACCTCTGGTGTGTCAGTTGTTCTGCCAAGGGCACCGCTGATTAGCTACGTTCGGACCGGATAACCGCTGAAAGCATCTAAGCGGGAAGCCGTCTTCGAGATGAGATTTCCATGCACCTTGAGTGTGAGAGGCTCCCAGCAGACTACTGGGTTGATAGGCCGGATGTGGAAGCGGGGACTAACGACCCGTGGAGCTGACCGGTACTAATAAGCCGAAGACTTGATAACACACTGATTTCCGTGCACTTGTTGCACGGGCTCGCGTCCACTTTGTGGTTCCCGACAGACGATCGGGAATCGAAACTGAATACACCGCTCTGCCCTCTTCACGGAGGGTGGTAGCCGGGACAGCTTTGAGACCAATGTATGATCTGGTCGAGAGTGTTCCGGTGGTCATAGCGAGAGGGAAACGCCCGGTCACATTCCGAACCCGGAAGCTAAGCCTCTCAGCGCCGATGGTACTGCAAGGGGGACCTTGTGGGAGAGTAGGACGCCGCCGGACTTAACGTGGAAACACCAGGGAACCCCTGACCATTCGTGGTCAGGGGTTTTCTGCGTTCCCGGCCCGTTCTGGGTCCTTGTCGAAGGGGTCTGGTGAGGCCGTAGGATCAGCCGACGACGGAGGAACGATGACCGAAGCCTGGCCGGCCCTGCCCGATGGCTCCCGACTGGCGCTGCGGGAGATCCTCATCCACGGGGTGCTCTCCCGCGCCGAGATCGCCCGGTCACTCGGGCTCTCGCGGGCGAGCCTCACCCGGGCCATGCGCATCCTCGTGTCACAGCGGCTCGTGGTCGAGGTCGGTACTGATGTGCGCGGTGCCACCGGTCGCCCGTCGGAGCTCCTGCAGGTGAGCAGCGGGCAGTGGGAGTTCCTCGGCATCAAGCTCACGAAGGACCGCCTGTACGCCGCGGTCACGGACCTGGGCGGACGGGTCCTCGCCCTGCACGAAGAGGCGATCGACGACACCGCCGCCGAGCCGCTCGCGGAGCAGATCATGGCGGTGCTCGTGCGGCTCCGGGATGCGCACCCGGCCATCTGTGCGATCGGGGTCTCGCTGCCCGGCGACGTCATGGTGCGCGCGGGGGAGTCCGTCGTCGCGGCGTCGGTGTTCCTCGGGTGGCACGAGGTGCCGTTTGCCCGGATGCTCGAGGAGCGGACGGGGATCGCCACGTTCACGGCGAACGACGTCCATGCGCTCACGGCGAAGGAGCACTGGTTCGGTGCCGGCGCCGGCCGCGGGTCGATGGTGCTCGTGGCGGTCGGTGAGGGCCTGGGCCTCGGGCTCATCGCGAACGGGCAGGTCTCCACCGGGGAACACGGGCGGCTGGGGCGCATCGGGCACCTCCCCGTCCTCGGAGGCGGTCCGGACTGTGGCCTCGGTCACGCCGGGTGCGCCTCGAGCTACCTTCCCAGCCCGGTCATCGTGCGGAACGCCGGCCACGAGGGGAAGACCTACGACCAGGTGGTCGAGCTCGCGCGGGACGGTGACGAAGCAGCCCTCGCTGCGTTCGAGGATGCTGGACGGGCCCTCGGAGTCTTGCTCGCCACGGCGGTGCACATCGCGGACCCCTCGGCGATCGTGCTGACTGGTGACGGGCTGCCCGTGTACGACCTGGCGCGGGCGACCGTCGACGAGTCGATGCGGGCCGCACTGGCGCCGTACACCGAGCCGGTCACGGTGGAGGTGCAG
NZ_CP181330.1_gap33	1522183	1524046	1863	GCGAGCCGCAGGGCGCTCGCCCGACGAACTCACGCTCGTCGTCGTCACGAAGTACCACCCGGCGTCACTCGTGCGCGAGCTCGCCGCACTCGGCGTGACGGACGTGGGGGAGAACCGCCACCAGGAGGCGCAGGCGAAGGCCGCCGAACTGGCGGACCTCGGCCTGACCTGGCACTTCGTCGGGCAGCTCCAGTCGAAGAAGGCTCGGCAGGCCCGTCGGTACGCCCGCGTCGTGCAGTCGCTCGACCGTGGTTCCGTCGTCGACGCGTTCGCCCCGACCGAGGCCGAGCCGCAGCCGCCGGTCATCGACGGCTTCGTGCAGGTCAACCTCACCGACGACCCCGGCCGTGGCGGGGTGCAGCCGGACGACGTCGAGGCGATGGTGGCCCGTGTGCTGGCAACCGGGACCATCCGACTGCGGGGTGTGATGGCGGTCGCGCCCCTGGACGAGGAGCCCCGAGCCGCCTTCGCACGACTCCGCTCGATCTCCGAACGGGTGGTGTCGCTCGAGCCCGGCGCCACCGACATCTCGGCCGGCATGAGCGGGGACTACGCCGAGGCGATCCTCGAGGGCGCGACACACCTGCGGATCGGCACCGCAATCACGGGAAACCGGCCGCCCGCACCCTAGCCTCGTTGCAGGGCACCACGAGCACGAACCCCGGAGGAACCATGGCCAACCCGCTGAAGAAGACGATGGTCTACCTCGGCCTCGCCGATGAGGAACTCGACTACGAGGACGAGCAGCAGGCCGAGCCCGCGCGCCAGCAGGCAGCCCCTGCTCGCCAGGCCGCAGCGGCTGCTCCGGCGCCCGCCGAACCGCAGGAAGCCCCCGCCGCGGCAGCAGCCCCGGCGGCCGCTCCCGCAGCGGCGCCGGCTCCCACCAAGACGCACACCCACCAGCGCGGCGCCCAGGTCACTCCGCTCCGCCGCTCGCACACGACCGCACAGAAGGCGACCCCGGTCCAGGAAATGAACGAGATCCTCACCGTCCACCCGCGCGAGTACAAGGACGCCCAGTCCATCGCCGAGAGCTTCCGCGACGGCATCCCCGTCATCATCAACCTCTCGCAGATGACCGAGGGTGACGCCCGACGCATGATCGACTTCGCCTCGGGACTGTCGCTCGGCCTGTTCGGCAAGATCGAGCGCGTCACGAACAAGGTCTTCCTCCTGTCGCCGGCCCACGTCGCAGTGAGCGGTGAGCCCGCTGAGGTAGAGTCCGACATCGAGGCGAACTTCTTCGCCCAGTCCTGAGCCGTACCCGGCACACCCGCCCCTGAGCGTCGTCTGACGACGCTCGCCCGAGACGAGCGAGCCCCATCGTGTCCGTGATCCTAGGGATCATCTCCCTCGCGTTGCTCCTGTACTTCTTCGTGATGTGGGGGCGCTTCGCGCTCGACCTCGTGCAGAGCTTCAACCGTTCCTGGCGGCCGCGCGGGGGCATGCTCGTGGTGTCCGAGTTCGTCTACACGGTCACGGATCCGCCCATCCGAGCGGTGCGACGGGTCCTCCCGCCGCTCCGCCTCGGGCCGGTGGCGCTCGACTTCGGCTGGACGATCGTGATGCTCGTCGTCATCATCGCCCGGTTCGTGGTCGCCGCTCTGGCACGCGGTATCTGAGCGGACTCCCGTCCGCGACACGCGCCACGCCCGGCGCAGGTCACGGTTCCGCCCCATCGTCGGTGTACGGTGGTCGGGATCGATGCCCGCTCCGGTGGCGCATCCGCACCGCACGGTACGACTGGTAGATTCGGTCGCACCGCACGCGGTTCCACACGTTCAGCAGTTCTATTGAGGTGACGGCAATGGCTTTGACGCCGGAAGACGTAGTCAACAAGCGGTTCCAGCCGACGAAGTTCCG
NZ_CP181330.1_gap34	1685223	1690061	4838	GGTGCTCGAGCGCGCCGGCGGATGGTTCCGGGGCTTCCGTCGGGGCGAGGCCGTCGACCGCGCCCACCTGGCCGACGACTACGTCGCCGCCGGCGCCGGGGGATCGCACGCCGAGCTGGTGCGCCGGGTGCAGGAGCTGTCGGCCGCGACCGCCACCGACTGAGCCGCCGACCGGGCCGCCAGCTGGCCCGCCGACTGAGCCGCAGACCGGCCCGCCGACCGATTCGACGTGGGCGCCGCGAGCGGTCAGCCGAGCGGGTGCCCGGCGACCGCCCTCGCGGTGGACCCGCGCGGCAGCAGGTGCGTCGGGAGCACCTCGTGCCGGTCGCCGCGGCGACCCCGGAGCCGCTCGACCACGAGCTCGACCGCCCGCGCGCCCATCCGGACGCGCGGCTGGTCGACACTCGTCAGGTCGAGTCGTTCGCCGAGACCGGTGCCGTCGAACCCGGTCACCGCCGCCATCCGGGGGAGCGCGAGCCCCGCGCCGTCGGCGATCGCCACGAGCCGCGCCGCGGTCGCGTCGTTCGTCGCGAGGAAGGCCGTGACCCCGTCGCCGAGGTGTCGCGCGATCCGCGCCGGGTCGGCCGCCAGGGCCTCGACGTCGTCGACGCGGTGGTCGCCCGGTGCACCGAGCTGTGCGGTGACCGCGGCGTGCGCGACGGCACGACGGGTCGTCGACGGGTGGTCCGACTCCGCCACGAAGCACGTGCGTCGGTGCCCGAGTGCGGCGAGGTGGAGCACCAGCGCGCGCATGCCCGCCTCCTCGTCGGCGCGCACGGTGTCGAGTCCGAGACCGGCGAGCGCCGACCCGCTCGACCCGAGGACCGCGACCGGCAGGTCGCGCGCGGCCGCAGCCAGCCGTGCCGGGGCGAGCCGACTGCTCAGGACCGCGACCCCGAGGACACCGTCGGCTGATCCGCGGGAGGCGTGCAGGGCCTCCAGGCCGTCGGCCAACCGGGCAGGGTCACGGAACCCGTCCACGACCCGGAGCGCGAACCCCAGGGTCTGCGCGGTCGCGCGTGCGCTCCGGAGCGCTTCGTCGTGGAACGGGTTCGCGGATTCGGTGACGACCACCCCGAGTACGAGCGGCGCGCCTTGCGCGCGTCGCCTGGTGAGCGAACCGACCGGGAGGCCCAGCTCGTCCGCCGTCCGCACCGCGAGTTCCCGACGTGGCCGGGACACACCGTCGTCGCCCCGCAGGGCGAGTGACACGAGCGATCGCGAGATGGCGCACCGCTCGGCGACGTCGCGGAGGGTCGCGGCCACGGTCAGGCGAGCTTCCAGGTGTGGACGTGTTCCCACGTCATCGTCTGCCACCAGCGACCGGACCAGTCCGGGCTCGCGGTGCGGTAGAGCACGACGGTGTCGCCGCGGAAGCCGGTCGGGACGTCGACGTCGAGCTCGCGGATGAACGCGCCGACCTCGTCGTGCAGGTCCGGTCGGCCGTACAGGTCGTGCGAGGCGAGGGAGAGGTGCGCGCGGTACTGCTCCGGGTCGTAGTCGTTCGCCAGCGGGACCTGCATCGGCTGCCGGAACGGTGCGACCACGGCCTCGATGTCGGCGGCGAGCCGGACGAAGTCGTCGTTGTGCGAGCCGTCCGGTCGGGTCGCGACGTCGTAGACGAACCCGATGCCCTGTTCACGGACGCCGGCGTTGTGGACGTCGAACGCCGGTCGGCCGTCGAGCAGCGCCGTGACGGCCGCGACGACCTTGTCCTCGTGACTGCCGAACGGCTGGCTGCCGACGAGCGTGGCGTGCGGCGGGAAGGCACCGGCCGACAGCAGGCCGTACTGCGCCCGGAGCTGGTCGGTGACGACCGTGACGGCTCGGCAGGTGCGAGCGTCCGGGCGCAGGTAGATGCCGTGGCGGTACGGGTCGCTCGGGTCGCGTGGCAGCTTGGCGGTGACGTTCTGGGGCATGGGTCCGTCCGTGGTCGGTCGATGGGGAACGTTCCCGATGGTCGGGAACGTTCCCCATGATCGACCGGGCGGGCTCGGATCTCACCCGTCGGTCCGTGACGGAACGGTGAACGATGGGTGTCGGCGGCGCGGGGTCGGCCGTTCTCGTCGCTCCGCCCGGCGCTCAGACCCGGGCCGCGGTCCGGCCTGGTACCAGGGTGCCGTCGACCGCGTTGTGGGTGACGCCCGTCGAGCGGCCGTCGATCTGGTCGACCACGTCGTCGACGGACAGACGACCGATCAGGCCGAGCGGCTGTCGCCACGAGGTGATGCCGAGCAGCTCGGTGGCGAGCGGGGCGACCCCGTCGTAGCCCGTGACCGACAGGTCCTCCGGCGCACGGAGGCCGCGGCGGCGCATCGACTCGAGCACTCCGACGGCCCAGCGGTCGCTCGGTGCCATGATCGCCGTCACACCGCCGGCCCGCAGGACCTGCTCGACGAACGAGTCGAGGTCCTCGGGGTCTGCACCGTGGTCCTCGGAGCGGATCCGGAGCACCTCGGCGCCGCGCGCACGGAGTCGACGCACCATCGCGTCGGTGCGTGCCGACTGCGTCAGTGACCCGGACGGTGTGACCGTCAGCACGGCGACGCGACGGTGTCCGAGGTCGGCGACGTGGTCGGCGAGGCCGCGTCCGCCGCCGCGCTCGTCGCAGTACGCGCTGCTCACCGCATCGTTCGTCTCGGGGCGCCCGGAGACCACCGTCGGGATGCGCCGGGCGAACGGCAGGACGTCGGCGATCGGCAGGGCGCCGCTGCACACGATGAGCCCCTCGACGCGCAGGGAGACCAGGGTCTCGAGCGCTCGGCGTTCCTCGCTGACCGGGAACGACCCCGCACCGGTGGCGGTGACGACGCGGTACCCGCGCGCCGCGGCCTGCAGCTGGAACGCGGTCAGCAGGTGCCCGTAGAAGGGGGTGGAGGCATCGCGGACGAACACCCCGAGCGTGTGCGTGCGGTGTGCCGACATGCCCCGGGCGTTCGCGTTCGCGACGTAGCCGAGGTCGAGCGCGGCCCGCTTGACCCGCTCGGTCGTCGACGGAGCCACGCCGTACGCGCCGGCGAGGGCACGGGAGACGACCGACTTCGACACACCGGCCAGGGCGGCGACGTCGTGGATGGTCGGGACGGCGGGGTGTCCGGTCACCGCGGGCGCCGTTGTCTGGAGGACTGCACGACTGTCACGGTAGCCGGAGGGACGCCCGGACCGGGCGACGGTGGTGGTGAACAGTTGGTCACGCCGACCGCCCGGCGCGGGCCGCGGGCGGTCGGCGTGGGTGCCGGGCTAACGCTTCGTCGCCGGGCGACGGACCGTCAGGCGGTACTCCTTCGTCGTGGTGCCGTCCTGGGCGGTGACCGTGATGCGTGCCGTCCGGCCGGACACGTGCACTGCGGCGACCGCGTTCGGGTTCGTCGTGTGCACGTGGACGTCGGAGGCCCGCAGCGTCCGGACCGGGGCGGTCACCGTCGCGCCGTGCGACGAGGCAGCGGCGGGCAGGTGGACACGCACGCCCGCGACCGCGATCGAGGAGACGGTGTCGTCGTTCGACACGAGGAAACGCTCGCGCAGAGCGGCAGCCTCGTGCTTGGTCACGCCGATCGTGTCGGTCAGGTACGAGCCCATGCCGCCGTACTCGGTCGCGATGTCCTGCTCGAAGGTGCCCTGCAGCAGCTGCGGTGTCGCCCAGGTCACCCCGAGCTGCGTGTTCGAGAGCAGGTAGTCGTGCAGGATGTCCGCGCTGTCGACGTCGAGCACCCGGTCGAGCAGGTCCACCACGGTGCCGGTGCGGTCCATGCCGTGGGAGCAGTGGATCAGGACCGTGCCGCTGGTGGGTGTGGCGAGGATGCGGAGCACCCGGCGGTACGCGGTGATCATCGACCCGGGTGTCGCCTGGTCGACCCGGCCCTTGTCGACCAGGTCGTGGTACATCGCGGTGTCGTCGCTGTAGTCGCCGTCCGCGCCGAACATCGAGATGTCGACGTGTCGTGCGCCGGGGATCGCGACGTCTGGCTTCGCGGCGATCTGGGACGGCGTGCGCAGGTCGACGACGAGGTCGACGTGGTACTCGTCGGCCAGGGTCGTGGCCCCGGCCGCGGTGATCTTGTCGAGTGACTCGGAGCGGATCAGCCGCGGGGCGTTCACGGTCTGCCCCAACCGTCCGTGGACTGCGGCGAGTTCGCGGCCGTTGACCAGCCCGGGGACGTCGGTGATCGGGTGGTCGGCGGCGGTGAAGGCCGGCTGCAGGGTGGTGTCGGCCTGGGCTGCCGTGCCGGAGAACGCGGCGGAGGCGACGACGGCCAGGCCGGCGAGGGCGGTCGCGGCGACGGGGGTGGTGCGCGGGGAACGGTTGAGTGGGGAGTGGCGGAGCGGGGACACGGGCAACCTCGATCTGATCAGGACCCGGGGGTCGTGGGGAGCCGGACGTGGTGGCGTCCGGCTCCCCGCAGGATCGCGGCGCAGGTCGTCGGCGGTGTGGCGCCGAGGTGGCCGGGGCGTGTCCAGGTCATGAGGCAGCGCTCAGTCGCCCACCCGGCGGCCAGCGCCTCAGGACGCCGGGGCCAGCCGGTACCGGAACAGCTCGGTGAGGACCTGCTGGACAGGTGTGTAGAGCAGCACCGTCGAACCCGTCGTGCTCGTCGCGCCCGTTGCAGCCCTCGTCGAACTGCCCGAGACGATCCCGTACAACCGGTTCGTGGCGCTGATCACCGGTCGCCGGCGTCGCCCGGCTCGATGCCCGCGCCGGCACCGGCGCGCGCGGCGGCGAGGTGCTGCACGCCGGGATGGCTCGCTGCCGGCACGCGTGTGGCCGTCCAGGAGCAGAGCAACCCGCTCGCCGCACCGCTGGTGCAGAAGGGATCGGCATCTGGCTTGCCGATGCCGGT
NZ_CP181330.1_gap35	1695592	1697615	2023	GCCGGCGGCACGACGAGGACCAGGACGGCGGCGATCGCGAGCACCGGCGAGTGGGGCCACAGCACCCAGGGCACGCCCACCCACGCGACGAGCTCCGTCAGGAACCGCAGTCCGCCACGGAGCGGGTCGTGACCGACGGGCCTCGACGGGCGCGCCGCCGCGGTGACGGTCACCGTGTCGTCGCGGCACGGAAGCCGCGATCCAGGAAGTCGACCATCCACGCGGCACTCGCATCGACGTCCGTGTCCATCTGGAACCCGCCGGACGCCTCGATCGTGGCGAACCCGTGCAGGACGCTGCGGAGCACCCGGAGCGCATGGACCTCGTCGGCCGGGTCGAGCGGGTAGTCGCGGAGCGCCGCGGCGAAGGACGCCAAGGTGCGGCCGAGTGCGACCGCCAGGGGGTCATCGGCACCGGTCGGCCGGACGCCGACGGCTGCCTGGTACCGCGCCGGGTGTTCCCGGACGCTCCGGCGCACGGTCTGCACCGCCGCCTCGAGCGCACTCCGACCGCTGCGCCCCTGCATGGCGTCGCGGAGTGCGTCACCGAGCTCGTTCGCACCGAGGATCGCGATCCTGCGGGTGAGGTCGCCGAGTCCGTCGACGTGCTTGTACAGCGACGGTGCCTTCACCCCGAGGCGGTCGGCGACGACGCTCATGCTCAGCTGGGCCAGGCCGATCTCGTCGGCCAGCGTCGCCGCGGCCTCGGTGACGGTCGCCGGGTCGAGCCCCGCCCTAGGCAACGGGACCTGCGACGGGCAGCGTGCGGGCGAGGAACGGCAGCAGCAGGGCGAGGAGCGCCGCCGGCGTCTCGGTGTGGGGGTAGTGACCGGCGCCGTCGATCACGGCGAGTTCGCCGAGGCCGTCCGGCAGGTCGGCGAGGATCCGCTCGCCCTCGGCGCGGGGCACGGCCCAGTCCGGATCGGCACTGCCCTCGACGACCAGCACGGGGCACCGGACGGCACCCAGCTGCTCGCCGGCGTCCGCGGGCGACGTGCGGGTCATGGCGCGGAGGACCGCCATCCGCTCCGGTTGCCGCAGGGTCGTCTCGATGCGGCTGCGTTCCGTCGCCCAGTCGGCGGGCTTGGCGGGCACCGCGATGTCGAGGTACGCGAGCCAGCCGGGCAGGCTGCCGCTCGTCATGACCCGCGCAAGCTGGACGGTGCCTGCCCGGTGTCGGCGGTTGCGCAGGAGTCCGCCCAGGTCGACGGACTGCTTGCGCGTGAACGGCGCCAGTTCGACGATGCCCGCGACCAGGTCCGGTGCGGTGGCAGCGGCGATGGTCGCCGCGCCCCCGCTGATGGACTGCCCGACGACCACGGCCGGGCCACCGAGGTGGCGGGCCACGGCAACGAGGTCACGTGCGATGTCGGTGCGCTGGTAGCCGTCCCACCCGGTGCTCGAGTCGCCGCAGCCGCGGAGGTCGACGTTCGCCACCCGGTAGCCGGCCGCGACGAGCTCCGGCACGACGAAGCGGTAGGCGTGCCGGCTGTCGCCCATGCCGTGAGCGAGGACCACGAGCGGCCCTGTTCCGGAGAGGTCGTAGGCGATCGTGCCGCCCTCGGTGTCCAGGTGTTCGAGCATGACGTGGCTCCTTCGGCTACGGGTAGTAACTCAGAGGCTAATGCCCGTAGCCGACGGTGGCAAGGGGCAGTCGTCACGCATCTAGGTCGAGCGTGGTCGACAGCTCGGGGAACGCCTGCGCCTGCTCGACGAGTTGCTGTCCCTTCTGCACGATCCCCGCCACGCTGTCCGCGCCGGCGGCGAACCGCAGCGGCGGCTCGGGCATCGCGATCAGTGTCAGCAGTACCTGCGCGAGCTTCGCGGGGTCGCCGGACTGGTTGCCCCGCATGCCGCGGAAGAACTCCTTCGACCCGGCGGAGAGCGGTGCGTAGTCGTCGATCGCGACGTCGCCCCAGAAGGTCGAGTCGCCCTCGGCCAGCAGGTCTGTGCGGAAGAAGCCGGGCTCGACCACGGTGGTGTGGATGCCGAAGGGCGCCACCTCGTCGTGCAGGGCCTCCATC
NZ_CP181330.1_gap36	1701075	1703594	2519	CGCTGAACATGCTGTTCGTGTTGCCGCTGGCCGGCGTGCCCGTCGGGACCGTCTGACGGAGTGCCCACCACTCGCTGATGCGCCCGTTGCGCATGCGGAACAGGTCGACGGCAGCGTCACCGGTGCGTTCGTCCTTCGGCTTCGCGGTGATCTGCCAGTGCACGGCCACCAGGTCCGCGTCACCGGCGACGTGCTTGATCACGGCGTGGGCACCGGGCACCCGGGAGCGGTCGGCGGTGAACTCGGCGAGCAACGCGGTCGGACCCGAGGCGCTCGTCGCACCGTGGGCGACGGCACCGGTCGCGACGGCGGTCCGTGCAGCCGCACGGGCCTTCGCGGACGCGGGCGACCGGAACGCGCACCGGAACAGGTGCCGGACGGTGGCCTCGTTGCGCTGCTCGGCGCGACGGTCGAGCCGTGAGACCGCCGTGCCGCCCGAGGTCGTCCGCGCCGCACGGTCCACCGTGTGGTGCGCGGAGGTCGCCGTGGTGACGGAGGTGGAGGAGGAGGCGGAGGTGTGGAGGGGTGCCGCCACGGCCGGACCGGCCACGAGCGACACGGCGATGGCGACCGGAGCTGCCACCGCACACGCCTTGGCGAAGATGGGGAGAAGTGATGTCGTCTGCACGGCAGAACGATGGAACCGGACCCTGGAAGCCGACGGGCGCCCTGGAGCCGCCGCGCGCTCGACCGTGACCGGCTTCTCAGTCCCGGTGCACGCCTCCAGGGCGGCCTGTGCGCGCGCTGCCAGGGTGACCCGTTCCCGCTGGTGATCGACGGTCCGGACCTGTGGGACGGCTCACGCGCACTGTCAGCCGATCCCTACGCTCCGGGCTCGTCGATGGCCAGACGGAGCTCGGCGAGCACGGGCAGCGCGGCGCGCAGCGCGTCGACCCCGTCCGGGCCCAGGCGTTCGAGCGCGCCGACCAGGACGTGCTCGGCCGAGGCGTCGTAGACCCGGAGCCGCTCGGACGCGAGCTCGGTCAGGGCGATCTCGGTGCTTCGGCCGTCACCGGTGGCGAGCCGCCGGTGGACGAGTCCGCCGCGTTCCATCGCGGTGACGAGGTTGCTGACCGTGGAACGGGCGAGGCCGAGGGTCCGGCCGAGCGCCGTCGGCGTGAGCCACCCGGCCTCGTCGAGTCGTCGCAGGACCTCGATCTGGGCGTCGGGCAGTTCCGGCAGCGCACCGTCACGGCGTGATGCGTTCAGCAGGGTGCGGCGGAACGGGCCGACCTGGTCGCTGAGCCGCCGGGCGATGTCCCGGAGTCCTGCGGTGTCGTGCTCGCTGCCCATGTCCTCAGCTTAGGTCCTCGAAAAAGGTTTGCAACAAAACTATGTTTGGCGCAGGATGGGTGCATGACGATCACCACCTCAGTCGCACAGCCCGTCCCGTCGCAGGACCTCTCCGGCATCGTCGGACACCGGTTCATCTACACGTACGCCAACGGCTGGCAGTACGAGATGTACGTCAAGAACGCCACCACCATCGACTACCGCATCCACTCCGGCATGGTCGGCGGGCGCTGGGTCAAGGACCAGCAGGTCGACCTCGTGGTGCTCACCGCCGGCGTCTACAAGGTGTCGTGGAACGAGCCGACCGGCACGAGCGTCGTCGTGACCGTGGTGCCGGGGGAGCGCGTGCTGCACGGCACGATCTTCTTCCCGCACTGGGTCGAGGAGGACGGCAGCAAGACCGTGCTGTTCCAGAACGACCACCTGGACCGGATGCGCGAGTACCGCGACGCCGGCCCCACCTACCCGATCTACGTCGTCCCCGAGTTCGCCCACATCACCCTGTTCGAGTTCGTCGGCCAGGACGACGAGACCGTCGTCGACACTGCGCCCGCCGACCTGCCGGCCGGGTTCGCCGACCGGAGCAACTGAGCATGACCGCGGAACGTCCGCTGGAGCGTGCCCTGACGAGCATCCGGCTCGAGCACCGGGGCGGGGCGCTCCGGGGGTGGGAGTACCGCCCGGCGTCGGCGCCCTCGGCTGCCGGCGGCGCGGTGCTGTTCGTGCACGGGTTCGGTGACTCGTCGATCGGTCCGCGCCAGCTCTTCGTGCAGGCCGCGACCGCCCTGACCGACACCGGTCTGACGGCCCGCTCCTACGACCGTCTCGGGCACGGCACGAGCGACGGACGGTTCGCGGACATCTCGATCGGCGACGAGGTCGAGCAGGTCGTCACGATGATCCGGGCGTTCTCGGCCGACCAGGGGGTACCGATCGACGTCGTCGCCCACAGCCTGGGCGCCGTCGAGTCGGCGATGGCGGCGGCGAGGGTCCCCGACCTGGTGCGGAGCCTGACGCTGTGGTCGCCGGCCGGGGTCGTGGTCGACGACATCGCCGTGCACGACACCATCCAGGGGCAGCCGCTCGCACCCGTCCGTGACCGCGGCTGGTTCGACTTCGGTGGGACCGCCCTCGGGCGCGGGTTCGTCGACGAAGTCCGGGACGGACTCGACGTCTACGCCCAGGCACGCGGGTACGACGGGCCGGTCGACGTGCTGCACGGCACC
NZ_CP181330.1_gap37	1718047	1720728	2681	AAGCCGTTCTCGGCACCGGCCGCTTCGACGGCGTGCTTGAGGTTGGCGGCGTCGGTGCGTGCGGCCTCGTGGCCGGTGTAGGTGATCGGACCGGTCGTGGTCGGGAACGCGGTGGCGTTCTTGCCGGTGCCGATGCCCGACTCGGGGTCGGTGTAGGCGTCGTGGAAGATCGTCCAGTCGCGGCGGTCCGGGAAGCTCGTGAGCCGGACGTTCCCCGGGGTGGACCGGACCGGCTGCTGCGAGAAGATGTTCTCGTCGGTCAGGCTCAGGCCGCTGACACGCTGGAACGAGTAGCCCCACCACGCGCCGTAGTCGACGCTGTTCGACATCGCCTTGCCGAACTCGCCGTCACCGGGCTGCGTGATGCCCAGCGCGGTCTGCCGTGCGACGACGTCGTCGACGGCCGCGCTCGTCAGGGCACGGACCTCGTCGGTGGTCTCGAGCGTGAAGCCGTCGGCGGCCACGGGCCGTGCGGCGTTCGCGGCGATGAGCTCGGGGGTGCGGGGGAGCGATCCGGCGGTGGTGGCCTGGATGCGGTCGGTGTTCTCGAAGGGCATGCGCTGCCTTCCTCTCGATGGGTGCGGACTGTCGGGAGTCGGGGGCCGCGCGCGAGGCTTCGCGGTGCGCTGCAGTGCCACTCTGCCACGAGGGATCGGGCCCGTTACGTTCCGCGACTGTGGCTGCGTGCGGACGCCGAACGACAGGGGCGATGTCGTACGACACCGACTCCGTCGCTCGTTGCGCGCGCGGACGGTTGCAGGCGCGTGCGAACGACAGGGTCGATGTCGTACGACGTCGACGGTGTCGTTCCGCATCGGCCCGGACCGCCCGCCCCGCGCGCGCCCCGGCCCGCCGCGCCGCCGACGCACGGCGACACGATCGTCGCGCCACCGGGCCACGCGTCGTACGGTCGAACCATGAGCACGACGACCCCGACGAGCGACACCACGACGACCCCGACGCCCCCGGCCGCACCGACCTTCGCCGGAGCGTGGACCGCCTGGCACGACGACCACGAGCAGGCCCGGGCGAGCGAACACGGGTTCCTCGCGATCACGAGCATCCGCTGGCTCACCGCCACGCCGGAACGGTTCGAGGACGCCCCGGGCAGCTGGTCGACGGACGAGGACGGCCCGGTGGTCGCACTGGCCGACGACGAGACGATCGAGGTCGACGGACAGCCGGTCACCGGGACGCACCGGTTCGGCCCGCTGCCGGAGCGCTCGAGCACGAACGTGGTGTGGCACGACGGCGACGAGACCGTGGTGATCGAGATCGCCCGGCGCGGCGGCAGTGACCTGCTGCGCCCGCGGCACCCGTCGAACCCGACTCGCGTCGAGTACCAGGGCACCCCGGCGTACGCCCCTGCTGAGCGCTTCGTCGTGGACGCGCACTTCGAGCCGTTCGACACCCCGCGTGAGGTCACCGTCGGCAGCGTCGTCGACGGCCTGCTGCACGTGTACGAGGCCCCCGGCGTCCTGACGTTCGACCTCGACGGGCCACGGTCGCTCCTGGCGTTCAACGGGCACGCCGGCGGCCTGCACGTGCTGTTCACCGACCGCACGAGCGGGGTCACGACGTACGCGGCGAACCGGAGTCTCGACATCGCCGCACCGGATGCCGACGGTGCCACCCGCATCGACTTCAACCGGGCGACGAACCTGCCGTGCGCGTACACCCCGCACGCGACCTGCCCGCTGCCGCCCGCCGAGAACCGGCTCGACGTGGCGATCGAGGCGGGCGAGCAACTCCCCGCAGCCTGACCGCGGAGCACACACGGCCCGCGGGCATGCACGGCCCCGGGCGCGCACCGGCGCAGCCGACCCGTCCACGAGAATGGGGGAGCCATGCCACGACCCACCTCCCGCATCCCGCTCAACACCCTCGCCGTCCCGTTCGGCCTCGCCGGCTTCGCCGAGACGTGGTCGTACGCCGCCCCCGTGCTGCACCTGCCCGCCGTGGTGCCGCAGGTGTTCTGGGCGATCGCGGCCGTCGCGTGGGTGTGGCTGCTCGGTGCACACGCCGTCCGGGGCGCACGCGTCAGCGAACGGCTCGTCGACCAGCTCCGCCACCCGGCGCAGGGGCCGATCGCCGCGCTCGTGCCCGCGACCGCGATGCTGCTCGGCGTCGACCTCGCGCGGTTCGCCCCCGTCGCCGGGCAGGTCGTCGTGCTCGCCGCCGTGGCCACCGCGGCCGGGTTCGCCGCCTGGCTGCTGAGCACCTGGTTCGAGGGCAGGCTCGCCCTGGAGTCCGTGCACGGCGGCTACCTGCTGCCGACCGTCGCCGCGGCCCTGGTCGCCTCGGTGGCCACGCACGAGGTCGGCGTCGGCTGGCTGTCCTGGCCGGCCCTCGGCGTCGGCGTGTTCTTCTGGGGCGTCATGACCGGCCTGCTGCTCATCCGGCTGGCGTTCCGGCCGGCGCTGCCGGGGCCGCTCGTGCCGACGATGGCGATCCTGGTCGCGCCGCCGGCGGTCGCCACCCTGTCGGTGTTCGCCCTCACCGACGGAGCGGTCACCCTGCCCGTGCAGGCCATCGCGGGCCTCGGCGTCCTGATGGTCCTCGTGCAGCTGGCCCTGCTGCCGCGGTACGTCCGCCTGCCGTTCTCGCTCGGGTTCTGGTCGTTCGTGTTCCCGGCAGCCGCGGTCGCCACCGCCGCGGTGGAGTGGTTCCGGGCACTCGCG
NZ_CP181330.1_gap38	1851265	1854956	3691	CGGCCTTGATCTGCATCGACGGGTCGGCGGTGACGAGCTCCTCGAACGCGGCCAGGTTGCCGCCGTGGTTGCTCTGGCCGCCGAACTCTGCGGGGTAGGGGCGCTGGATCGCCCCGGCGTCGACCAGGGTCCGGAGCTGCTCGAGCACGCGTGCCCGGTGCTCGGGGATCGGCTGGCCCTCGATCTTCTGCATCGCGGGGTCGAGCGCGAGACGCCGGGAGATCCGGCGGTCCTCGGCCCAGCGTCCGAGCAGGAGTTCCTGCACCAGCTCGACGTCGATGCGGACGTCGGTGTCCGTCCCGGCGGTCGGGGTGCCCGCTGCCGGGTCGCCGGCGGCGTCGGCGTTCGGCGCGGCGTGCTGCGCGGCGTTCTTCGCGTCGACGTCCGGCGCGGTGTCGCTGCCGCTGGCGGGGGTGGTGCGCTGGGCGGGTGCGGTGTCGACCATGGGCGGAGTCCTCCTGAACTGCGGTGTCCGTGTTGCACCGTCCACGCTAGACACCGGTGCCGACAGTGGCGGGAACCCCGTGCGGGCCGCACAACCCCGTGTCGCCGGTGCCGTCACGGGGTCGTGGGAACCCTCCAAAGACATGAGCGGGGTTCGACGATTGGGCGAGCCCACCCGGCCAGGGGCAGACTGGCCGCCATGTCACGTACCACCCCCGCGGACCGCGAAGGCCGTCCCGGACGCACCTTCTTCGGGCAACCGTTCGAGCTCTCGACACCGTTCGCCGTGGAGCTCTGGGAGCGGTTCTCGTTCTACGGGATGCAGGGCATCGTCCTCATCTACATGTACTACACGGTCACGCAGGGCGGCCTGGGGATCGACAAGGGCATCGCCACCGGCATCATGGGTGCCTACGGCGGCGCGGTGTACCTGTTCACGATCATCGGGGCGTGGATCGCCGACCGGCTGATCGGAGCTGACCGGACCCTGTTCGGCAGCGCGATCGTCGTGATGCTCGGGCACATCGCCCTCGCGCTCATCCCCGGGGTGGCCGGGGTCGGGGTCGGCCTCGTGCTCATCGCGCTCGGCTCCGGCGGGCTCAAGGCCACCGCCACCACCATCGTCGGCGGCCTCTACAGCCGCGAGGACCCGCGCCGCGACGCCGGCTTCTCGCTGTACTACCTCGGCGTGAACCTCGGGGCGTTCTTCGGACCGCTGCTCACGGGGCTGCTGCAGAGCTCGCTCGGCTTCCACTGGGGCTTCGGCCTCGCCGCCGTCGGCATGGCGGCGGGCCTGGTGCAGTACGCGATCCGGCGGGGGAAGCTGCCCGAGGTCGTCCGCCACGTGGCGAACCCCGTCGACCGCCGCCGCCTGCCGCTCATCGGAGCCGGCGTCGTCGTCGCGCTCGTCGTCATCGTCGTCGCCGTGCTGACCGGCCTGCTCAACGTCGGCAACCTGCCCACCGTCGTGGTGGCGGTCGTCGTGCTGGCCACCATCGGCTACTTCGTCGTCATCCTGTCGAGCGGCATCACCCGTGACGAGCGGTCGCGGGTCTTCGCGTTCATCCCGCTGTTCATCGGCAGTGCCGTGTTCTGGTCGCTCTACCAGCAGCAGTTCACCGTCGTGACGGTCTACTCCGACGAGCGCCTCGACCGCTCGCTGTTCGGCTGGGAGATGCCCGTGTCGTGGGTGCAGTCGATCAACCCGGTCTTCATCATCGTGCTGTCCGGCGTCTTCGCGGCGCTGTGGACCAAGCTCGGCGACCGCCAGCCGTCCACCCCGACGAAGTTCGCCCTCGGCACCGGGATCATGGGGCTCGCGTTCCTGCTCTTCCTGCCGTTCACCGGCTCGGGCGAGAACGGCACGCCGCTGCTCGCGCTCGTCGGCATCCTGCTGGTCTTCACGCTCGCCGAGCTGCTGCTCTCTCCCGTCGGCCAGTCCGTCGCCACGAAGCTCGCGCCGCCGAAGTTCCAGACGCAGATGGTCGCGCTGTTCTTCCTGTCGGTGTCGCTCGGCACCGCCGTCACCGGGGTGCTGTCCCGCTACTACGACCCGGCGGACGAGGCCCCGTACTTCACGATCCTCGGTCTGGTCGCCGTCGTGGTGGGCGTGGTCCTGCTGCTCCTGGCCAAGCCGGTGCTGCGGCTCATGCGCGGCATCCGGTAACCTGAGCGGAGCCACACGCCGACGCAACCAAGGAGTCACCACCCATGCTCGAACTCATCGCAGGGATCATCATCGGCGTCGGCGTCCTCGGTGGCGTCGGGTGCTGCATGGCCGTCGCGGCCATGATGAAGAGCGGCTCCGAGGAGTACTGAGTCCGGACCCGGACTACTCGCCGCTGTCGGTCGTGACCGGCACCAGCTGACGACTCAGGACGGTCGCGCGCTCGAAGGGGCCGCGGCCGTCCTTCGTGTACGCGGGCTCATCGAAGGCAACGGTCCACGTGCGCTGTGTCCCGCCGATCTGACTCCCGCCGGGAGCCACGATCACCCCGATCGGCTCGTCGGCCCACTGCTCGCCACCCCGATCGGTGTCGATGACCTGCACGAGGGCACCGATGCCGAGACCGGGAGCGTCGTCGGGGCGGGGACTGGGGGAGCGGCGGCGTCCGAACACGCCATCACCGTAGCGGCGCGTGGTCATGGAACGTCTGTGCGGCACCTGGCGACACGCTGGCGGCCCGGCCGCCGGGTGGTCAGGACACCCCCCTGCGGCGCGCCGAGTGGTCACGAACCGTCGGCGGCGGCGCCGCCAGGCGACGCGTCGTGACCGCTCGGCGAACCTGAGCGGGGTGTTGCGACCGGCGGGACGACGGCCGGGAGGCCCGTGGCGGGCCCACACCGCGCCTCCAGAGCGCGGGCCGTGTGGTCAGGACACCCCGCCTGCTGCGCGTCAAGCGGTCGCAGACCGTCGGCTGCGCCGCCGCCATCCGACGGTTCGTGACCCCTCGGCGGACCTGAGCGGGGTGTCTTGACCAGCCGACCGCCCCGCGACCGCCACCCCGCCCGCGTCAGACGGCGGCCGGCTCCACCCGGGCGATCTCGGTGATGGACGAGTGGCCCGTCTCGGGGTGCTTGCGCATCGACAGGAGCCGCTCCATCGACGGTTCGAGCGCAGTGACCTTGTCGAGCGGCGCACTCACGACGAGCTGGAACCCGAGCCGGAGCCACGCGGTGACCGCACGGCCGGCGAACTCCGAGTCCGCCTTGATGAACGCCTCGTCGAGGAACACCGGTGCGAACCGGGGACGGGGACGGGTCTCGTCACCGAGCTGGTAGCGCAGCGCGGCGCCGACGATGAACGCCACGAGCTCCTGCGTCTCACCACCGGACTTGTCGCCGAGCGACGAGTACACGCCGAGGTCGTTGCCGTCGGTGTCGTACCGGACGGCCGTGATCTCCATGTGCCGGCGGACGTCGAGCACCGCGTCGCGCTGGGTGGTGCGGCCGCGGGCGGCGTCCGGATCGGGCCGGATGACCGCCATGAAGCGCCGGAGCCGTCGGAACCGGGTCTCGAGCACGTCGTCGGTCAGCTCGGTGTCGACCGAGGCGGACAGCGCGCGGAGCTCCCGACGGAAGGCGGTGACGTCCTCGCGGGTGACCCGGCGGATCTGGATCTTCAGGCGGTCTCGGTTCGCGCCGAACGGCAGCTCCCGCAGGATCTCGTTGACCGGCTCGAGGCGCTCCTCGATCTCGACGACGGCGCGGTCGAAGGCGCCGGCGAGCGGGACGAGGTCCTCGCCGC
NZ_CP181330.1_gap39	1984679	1988655	3976	CGTGAGAGCTTCGGGACGGACGGCCGGTCCGCCGGGTCGAGGTCGCTCCCCCACCCCGGGATGCGGGCACGGAGCTCCTCGGAGGACGGCACCCGACGGGGTGGATCGGCGATGTACGGGGTGTGGTCGGACATGTCGGGCCTCCTCACGGCACGACGACGGTCTTGATGCAACCGTCGAGCTTGGACGAGAACAGGTGGTACCCCTCGGCGATGTGCTCGAGGGGGATGCGGTGCGTGATGATGTCGCTCGGCTTGAAGTGCCCGGCCTGGATGTGCTCGAGCAACCTCGGCCACTGGCGCTTCACGTGCGCCTGGTTCGTGTGGATCGTGACGCCCTTGTTCATCGCGTCACCGAACTTCACCGCGCTCGGGATCGGCCCGTAGGCGCCGATCGCCGAGACCGTGCCGCCCTTGCGGACGCCGTCGATCGCCCAGTTGAGCGCCGTCGGGGCCCCGCCCTGGAGCTTCAGCTTCGAGGCAGTGACCTGCTGGGTGAAGTTGCCGTCTGCCTCGGCTCCGACGGCGTCGATCACGCTGTCCGCCCCGAGGAAGTCGGTCTGCTTCTTCATCTCGAGCACGACGTCGTCGACCTCGGCGAAGTTGATCGTCTCGGCGTGCGCGAAGCTCCGGGCCTTCTCGAGCCGGTACTCGAGCTGGTCGACGACGATCACCCGGCCGGCTCCCATGAACCACGCCGACGCCGCGGAGAACAGTCCGACCGGCCCGGCACCGAGCACCACGACGGTGTCGCCCTCGCGGATCGACGCGAGCTGCGCCCCGAAGTACCCGGTGCTCAGTGCGTCCGTCATGAGGAGGGCGTCGTCGTCGTCGAGCCAGTCCGGGATCACCTGCGGTCCGACGTCGGCGAACGGCACCCGCACGCGCTCCGCCTGCCCGCCGTCGTACCCGCCGGTGGTGTGCGAGTACCCGTAGATCCCACCGACCGCGGTCGCGTTCGGGTTCACGTTGTGGCAGTTCGCGAAGAGTCCGCGGGCGCAGAACCAGCACGTGCCGCAGAAGATGTTGAACGGGACCATCACGCGGTCCCCGACCGACAGGGTCTCGACGGACGAGCCGATCTGCTCGACCACCCCGATGAACTCGTGGCCGAACGTGTGCCCGACCCGGGTGTCGGGCATCATGCCGTGGTACAGGTGCAGGTCCGACCCACAGATCGCGGCCCGCTCCACCCGGACGATCGCGTCGTTCGGGTGCTCGATCCGGGGATCCGGCTTCTCCTCGACGCGGACCCGGTACGGGCCGCGGTAGGTCATGGCGCGCATGGACGCTCCTCTCGTTCGTCGCGTCCACGCTGACGCGCGCCACGTTGGAACGGACACAGGACCGCAGATGGCGGACAGGCGGTGGGCGTCCGCACGGACGGACGGGAGGCGCGGTGCCAGCTGGCACCGCGCCTCCCGTCCGTCACCGGCGTGCGTCGACCGCTCGGCGCAGCCAAGCGCGGGCTCCGGCGACGTCATCGAAGACGCCGTCGTCCTGCGCCGCCGCGGACGCCACGAGGAGTTCGCGGAACACCGGCCCCGGGGTGAGTCCCGTGTCGACGAGGTCGCGGCCGGACAGCAGCCGCACGGGTCGACGCGCGACCTGGTCCCGGAGCGCGACGTCGAACCACGACCACGCCGAGGACCGGCTCGCCCCCGGACCACGCCCCTGCGAGTCGGCTTCGCACACCCGGGCCCACGACTCCATCGCGGGCAGGGAGGATCCGAGCCGTCGGAACAGCCGCCGAGCAGCGGGAACGGACGGTGGCGCGCCGTTGGACGAGTGCGGGACCATGTGCTCGCGAACGAGCGGGACGACCCGCTCGACGATGTGGCGTGGCGCGCCGAGGCGACCGAGCAGCACTGCTGCTGCCGCAGCGCCGGACACCTCGTGGCCCAGGCTGCGGATGCGGACCGCACCTGCGTCGTCGGCGAGGACCTGCGTGCCGGAGCCGGCCTTCCCCAGGTCGTGCAGGACGGCGGCGAGCACGATGACGACCCGGTCGTCACCCCGGATCCCGTCCGCGGTGCAGGCGCGGGCGGCAGCATCCCCCGCCGCTCCGAGGTGGACGTGCACGGGACCCTCCGGGTGCCACCGGGGGTCCTGCGGCACGTCTCGGACCGCGGCGAGCTCGGGCAGGTGTCGCTCCCAGCCGCTGTCGTGCAGCGTTCGGAGGGCAGCCGACACGTGGTCGCCGAGTGCCAGCTTGCGGATCTCGGGCCAGATCCGCCCGGTGGCGATCGACTCGAACCGTGCCGCGATCGACCGCGCCAGACTCAGCGTCGCGGGGTGCACGGCGAAGTCGAACCGGGCGACGAGCTGCACGGCACGCAAGACCCGGAGCGGGTCCTCACTGCAGCGTTCGGAAGCGTGCCGCAGCACGCCGATGACGGCATCGTCGATCCCACCGACCGCGTCGAGGAACACGTTCGTGCGGGGGTCCCAGGCGACGGCGTTCACCGTGAAGTCCCGACCGAGGGCGGACACCGTGACCGGATCGAGCGCACCGGACTCCGCCGTCACTGCGACGTCGACGCGGGATCCGTCGAGCACCACCTTGAGGACCGGGAACCCCGCACCGGCCTCGACGACGATCGCGCCGGCCGCACGCAACGCTCCGACGACCAGATCGGTCCTGGTGCCGTGCACCTCGACGTCGACGTCACCGGTGGTGGTCGGTCCGCGCCCGGCTTCCCGGAGCAGCGCGTCGCGGACTGCTCCGCCGACCAGGGAGGGCTGCCCGATCCCACCCAGGACCTCGAGCACCGTTCGGGCTCCGGCGTCGAGGCCGAAGGCGCGGAGCGGGTCGGCCGGACCGGGGCACCGGTGGACGGTGCTGTCGTGACGCTCGGCGCCGCATCGGAGGCACGATCGGACGGAGGAGGTGGTGGTGGTGGGGCGCACGTGTCGGTCGACTTCCGGGACCTCGTCGCCGTGGGCGCCGAGGGAGTCAGTATGCCGGAGAGCGGCAGGTGGGTGCGAACGCACGTGACGGACGGACGGGAGGCGCGGTGCCAGCTGGCGCCGCGCCTCCCGTCCGATCTTTGGGGGCGTCTAGCTCTTCGACGCCTCGACGAAGTTGCGTCGCGGGTCCGTCTCCTTGATGAGCGAGGTCGCGTCGCGACCCGACACGGCACCGGTGATCCAGCCGATGATGATGCGGGCCTTCCGGTTCAGGGTCGGCATCGCGTACACGTGGTACGCGCGGTGCGCGAGCCACGCGAGCAGGTTGGTCATCTTGATGCCCTTGATGTTCGCGGCACCCTTGGCGACACCGTACGACGCGACGGTGCCGATGGAGGGGTGGCGGTACTCCTCGAGCGGCTTGCCGGTGATGGTCGCGACGATGTTGTCGGCGGCGACCACGGCCTGGCGCACGGCGTTCTGCGCGTTCGGCGGGTAGAACGCCGGCTGCTTGTCGGCGGTCAGGTCGGGCACCTGTGCGACGTCACCGAGGCCCCAGACGCCCTCGACGACCTGGTGGGTGTCCTCGGCCTCGACCTGGAGCTTCGCGTTCGCGGCGAGGTGGCCCTTCGGCCCGCGCGGCAGGTCGGAGGCGTCGAGGAGCGGGTTCGGCTTGACGCCCGCGGTCCAGACGAGCAGGCCGGTGGCGAACTCGTCGCCGTCGGAGAACTTCACGACACCGCCCTCGGCGCTCGGCATGGTGGTCTTCAGGCGGACGTCGATGCCGCGGGCGCGGAGCGACTCGAGCGTCCACTTGGACAGCTCCGGGCCGACCTCGGGCGCGACGCGGTCGAGGGCGTCGATGAGCACCCAGCGCGGCTGCTCGCCGGCGAGCGACGGGTAGGTCTTGATGGCAGCCTGCGACACGTCGAAGAGCTCGCCGATCGCTTCGACGCCGGTGTAGCCACCGCCGACGAAGACGCTGGTCAGCAGACGGCGACGCTCGTCCTCGTCACGGGTGGCAGCGGCCTTCGCGATGTTGTCGAGGAGCTTGGCGCGCACGTAGG
NZ_CP181330.1_gap40	1996516	1998055	1539	TCGCCGCGAACAGCAGACAGGCGCCGGCTTCGTCGAGGGTGCCGGTCTTGATCCCCTCGATGCCGTCGAGCCCGAGGAGCTTGTTCGAGTTCTCGATCTCGCCGACCGTCGGGATCGTGACGTCCTGGGTGCCGACGATGTCCTTCACCACCGGGTTCGCCAGCGCGAGCTGCCCGAGCTCGACCAGGTCCGTGGCGGTCGAGGTGTTGTCCGGGTCGAGGCCGGTCGGCTCGTGGATCGTGGTGTCGTCCAGGCCGTGTTCGTCGAGCCAGTCGTTCGCCGCGTGCTCGTAGGCGGCGATCGACCCGAAGGCCCAGATGGCGAGGGCGCCAGCGTAGTTGTTCGCCGACTTCATGAGCATCACCTGGAACGTCTGGTGCTCGGTGAGCTTCAGGCCGGCGGGCATCGGGGCGACCTCGCCGTTCTGCGCCGCGTACTTGGCGTACAGGCCCTCCATCTGCTTCGTGAAGCGGATGGAAGGGCCGGACTCCCCCGCCGCCATCGGCTTCTCGTCGAGCACCACGAGCGCCGTGACGACCTTCGTGATGCTCGCGATCGACCGGGGCTTCGTGTCACCGCTGGTGCGCAGGCTCTCCGGGAAGTCCGTCGCTTCGACCGCCGTCGCGCCGTACCCGGGGAAGCTCAGCGCCGGGACGGTCGTCTTCGGTGCCGAGTACGTGGTGGTGCTGGCGCTCGCCGGGCCGAACGGCACGACGGCCGCGGCGACGAGGTACCCGGCCACCAGGAGCAGGACGGCGACCACCGAGATCGTGACCGGCCTCCGGACGGCGGAGCGGGGGCGGCGGACGACTCGTGACACGGGACCCGAGCGTACCGGTCCGCTCCTAGGCCGAGGCTGCGACCGGCTGGTCGGGCTGGCGTTCCGGAGCAGGAGCCGGGGTCGCTGCGCCGCCGGCGTCGGTCGCGACGACCGGGTCGGCCGAAGCGGCCGGGTCGGACGAGCCTGCCGAACCGGCCGAGCCCGTCGTCTCGGCCCGGGCGAAGGTCAGGCGTCGGGACAGGTAGGCGAACACCGGCCCGAGCGCGTTCATCAGCACGACCGACACCCAGGCGGCCCAGGCGTTCCCCGGGTCGAAGCCGAAGCCGCCGAAGCACGTCGCGAAGAACGAGGCGAACCCGAGGAACATCCCGGGGACGAGCCCGAACAGCCTCGTGCGACCGGTGTACATCAGGGCGCAGTTCACGACGAGGATGAGCAGCGCCAGCACGGTGTTCTGCGCCGCCTGCCCCTCGCCGAACAGCGTGCCGAACCGCTGGTCGAGCAGGACGATGACCAGGCCGAACGCCGACCCGATCGGCATCGCGGCCCACAGGCGCGTGGCGTTCCGCAACGTCGGCTTGCTGCCGAGCAGGAACATCCCCGCCCAGCTGATGAAGATCGCCCAGGTCGGCAGGTGCAGGGCGTTGCCCCCGATGAACGCCGTGGCACCGGCCAGGACGGAGGCGACGATCTCGTGCGGGATCCGTTCACGCATGGCTGAGTTCCTTCGATCGGTTCGTGGTGCGGCTGGTGGTGAG
NZ_CP181330.1_gap41	2097118	2097910	792	TCGGACGTGAAGAGGCGGAGAGCAGCTGCAGTCACCGGGATCAGTCGGTGGGCTGCTGCTGCTTGGTGACGGTGAGCTTGTCCTCGTTGATCTCGTGGAGCGCGACGGACAGCGGCTTGTCGTCGATCGTCGAGTCGACGAGCGGTCCGACGTTGTCGAAGAGCGAGCCCTCGTGCAGGTCGGCGTAGTAGTCGTTGATCTGGCGGGCGCGCTTCGACGCGAAGATGACGAGCGCGTACTTCGACTCGACCTTGCTGAGCAGGTCGTCGATGGGCGGGTCGATGATGCCCTGGGGGTTGGCCATGGTGTCTCCTCGAAGTCAGTGCACCCGTCAGGGCGCAGAGAACAAGTCTACGACCTCACGTGCCGCGGTGCCGACATCAGAGTTCACGATCCGCACGTCGAACTCGTCCTGCGCGGCCAGCTCGACCTTCGCGGTCTCGAGACGACGCGCCTGTTCCTCCGCGGATTCGGTGCCGCGGCCGATGAGTCGGCGCACCAGTTCCTCCCACGTCGGGGGGAGCAGGAACACGAGCACCGCCTCGGGCATGGCGTCGCGGACCTGCCGGGCGCCCTGCAGGTCGATCTCGAGCATGACCTTCTCGCCGGCGTCGAGCGCGCGGTCGATCGGCGGGCGCGGGGTGCCGTAGCGGTACGAGTTGTGGACGGTCGCCCACTCGAGCAGCTCGCGGTCGCGGATCATGCGGTCGAACTCGTCGTCGTCCACGAAGTAGTAGTGCACGCCGTCGACCTCGCCGGGGCGCGGCTTCCGGGTGGTGGCGGAGACGCTGA
NZ_CP181330.1_gap42	2100182	2103824	3642	CGGCCTCTTCGAGGTGCTCCATGATGCCGCCGATGTAGAGCCGCTCGCCGTCGAAGAGCGCGTCGACGTCGATCTCCACGGCGTCGTCCAGGAACCGGTCGACCAGCAGCGGGAGCTCCGGGCCGATGATCGCCTGGTCGGCCATCCGGTCGAAGTAGTCCGCGAGCGACGGGGAGTCGTAGAGGATCTCCATGCCACGGCCGCCGAGCACGAACGACGGGCGGACGAGGACCGGGTAGCCGATCTCCTCGGCGACCGTGGTCGCGCTCGCCAGGTCGTGGGCGGTGCCGTTCCGCGGTGCGAGCAGCCCGGCGGCGTCGAGGATGGCGGAGAACTGCCCGCGCTCCTCGGCCGAGTCGATCGCGGTGGGGCTGGTGCCGAGGATCGGGATGCCCGCGGCCTCGAGCGGCTTCGCCAGGCCGAGGGCGGTCTGGCCACCGAGCTGCACGACGACGCCGACGAGTTCGCCGGACGCTGCCTCGGCCTCGATGACCTCGAGGACGTCCTCGGCGGTCAGGGGCTCGAAGTACAGGCGGTCCGAGGTGTCGTAGTCGGTCGACACGGTCTCGGGGTTGCAGTTGATCATGATCGTCTCGAACCCGGCGGCGCTCAGCGCGAAGGACGCGTGCACGCAGGAGTAGTCGAACTCGACGCCCTGTCCGATGCGGTTCGGGCCGGAGCCGAGGATGACGACCTTCTTGCGGTCGCTCGGCGTGATCTCGGTCTCGGTGTCGTACGACGAGTAGTGGTACGGCGTCAGGGCGGGGAACTCGCCGGCGCAGGTGTCGACGGTCTTGAAGACCGGTCGGATGCCCTGGGCGTGCCGCTCGTCACGGACCTGCTGCTCGGAGACCGGTGCCGCGTCCGTGCTGCGCAGGCTCGCGATCTGGGTGTCGCTGAAGCCGTGCTCCTTCGCCCAGCGCATCGTGTCCGCGTCGAGGGTGTCGGCGGCCCGGACCTCGTCCGCGACCTCGTTGATGAGCACGATCTGGTCGATGAACCAGGGGTCGATCTTGGTGGCCTCGAAGACCTCGTCCGCGGTGGCACCCGCGACCAGGGCCTGCTGGACCGTGACGATGCGGCCGTCGGTCGGGATCGACGACTTCGCCAGCAGGGCGTCCTTGTCGAGCTCGGACGCCGGGGTGTCCCAGTGGAAGCTCGACCCGCGCTTCTCGAGCGAGCGCAGTGACTTCTGCAGTGCCGTGGCGTAGTTCCGGCCGATGGCCATCGCCTCGCCGACGCTCTTCATCGTCGTGGTGAGGGTGGCGTCGGCGGCCGGGAACTTCTCGAACGCGAACCGCGGGGTCTTCACGACCACGTAGTCGAGCGTCGGCTCGAAGCTCGCCGGGGTGACCTTCGTGATGTCGTTCTCGATCTCGTCGAGCCGGTAGCCGATCGCGAGCTTCGCGGCGATCTTGGCGATCGGGAAGCCGGTGGCCTTCGAGGCGAGGGCCGACGAGCGGGACACGCGGGGGTTCATCTCGATGACGATGACGCGGCCGTTGGACGGGTCGACGGCGAACTGGATGTTGCAGCCACCGGTGTCGACGCCGACGCGCCGGATGATGTCGATGCCGATGTTCCGCATGTTCTGGTACTCGCGGTCGGTCAGGGTCAGCGCGGGGGCGACCGTGATCGAGTCACCGGTGTGGACGCCGACCGGGTCGACGTTCTCGATGGAGCAGATGACGACGGTGTTGTCGTAGTTGTCGCGCATCAGCTCGAGCTCGTACTCCTTCCAGCCGAGGATGGACTCCTCGAGCAGGACCTCGGTCGTCGGGCTGGACTGCAGCCCGTCGCCGACGAAGCGGACGAGTTCGGCCTCGTTGTACGCGAAGCCCGAGCCGAGGCCGCCCATGGTGAACGACGGGCGGACGACCAGCGGGTACCCGAGGTCCTTCGCGAACTCCTTCGCTTCCTCGAGCGTGTGCGCGATGTGGCTGCGGGCGACGTCGGCACCGGACTCGAGCACGAGCTCCTTGAAGAGCTGGCGGTCCTCGCCGCGCTGGATCGCCTCGACCTTGGCGCCGATGAGCTCGACGCCGTGCTTCGCGAGGATGCCGGCCTCGTCGAGCGCGATGGCCGCGTTCAGGGCCGTCTGGCCGCCGAGGGTCGGCAGGACCGCGTCCGGCTTCTCGATGCGGATGATCTCCTCGAGCGACGCGTTCGTGATCGGCTCGATGTAGGTCGCGTCGGCGAAGTCGGGGTCGGTCATGATCGTCGCCGGGTTCGGGTTGACCAGGATGACCCGGACGCCCTCGGCCCGGAGGACCCGGCACGCCTGGGTGCCGGAGTAGTCGAACTCGGCGGCCTGACCGATGACGATCGGGCCGGAGCCGATGACGAGGACGGAGTTGATGTCTGCGCGCTTGGGCATCAGTTCGCTTCCTTGGTGATGTCTGCTGCGGGGGTCGTGGCATCGGCGGTGGCCGCGTCGAGCGGCTCCCCGTCGCGACGCTCGCGCACCATGTCCGCGAACCGGTCGAAGAGGTACATGCTGTCGTGCGGTCCGGCGGCGGCCTCGGGGTGGTACTGCACGCTGAACGCCGGCACGTCGAGCGCGCGGAGGCCCTCGACCACGTTGTCGTTCAGCGAGTAGTGCGAGACCTCGACCCGACCGAACCCGGCCGGGGACTCGAGGACCTCGCCGAGGGGCGCGTCGACCGCGAAGCCGTGGTTCTGGCTCGTGATCTCGACCTTGCCCGTGGTCGTGTCGAGCACCGGCTGGTTGATGCCGCGGTGGCCGAAGGGCAGCTTGTAGGTCCCGAAGCCGAGCGCGCGGCCGAGCAGCTGGTTGCCGAAGCAGATGCCGAAGAACGGCCGGCCGGTGCGCAGGCTGTCCTGCAGCAGCTCCACCTGCGCGTCCGACGCGGCGGGGTCGCCGGGGCCGTTCGAGTAGAACAGGGCGTCCGGTGCGAGGGCTTCCAGCTCCGCAGCGGAGATGTCCTGCGGCACGACGTGCACCTCGAAGCCGCGAGCGGCGAGGTACCGGGTGGTCGAGGCCTTCACGCCGAGGTCGAGCACGGCCAGGGTGCCGATCTGCTCGCCCTCGGCGGGGACGACGTAGGTCTCCGACGTGGACACGACCGCCGAGAAGCTCGCGCCGGCCATCGTCGCCTGCGACACGACCGCGTCCAGCTGCGACTCGGCCGACAGCGCCGCGTCGGCGCCGCTGAAGACGCCGCCCTTCATGGCACCGGCGTCGCGGATCTTGCGGGTGAGTGCTCGGGTGTCGATGCCGGAGATGCCGACGATGCCGTCGCGCACCAGGTGGTCGTCGAGCGTGGCGTTCGCGCGGTGGTTCGACACCACGCGGCTGGGGTCGCGCACCACGTACCCGGCGACCCAGATGCGACGGGACTCGGGGTCCTCGTCGTTCACCCCGGTGTTGCCGATGTGCGGCGCGGTCTGCACCACGATCTGTCCGGCGTAGGAGGGGTCGGTCAGCGTCTCCTGGTAGCCGGTCATGCCGGTCGCGAAGACCACCTCGCCGAGCGTGCGCCCGCGGGCGCCGTAGGCCCAGCCGTCGTACCGGGTGCCGTCTTCGAGGACCAGGACGGCCCGTTCGCGTGTCATGCTTTCTTCCCTTCGCCCGCGGTTCGCGGAGCATCGGCCGCAGTCGCCTGCGGCCCGGTCTCGGTC
NZ_CP181330.1_gap43	2107003	2111986	4983	CGTCCCGATGCCACCGGCGGCCGAGGACCACTCCGGCTCGATGCCGGCCAGGATCCGGCCGAGGCGTTCCGCCAGGACGGCGCCGCGGGTCGGGATGCCGAGGAGCACGAGGTCCGAGCCCCCGTGGTTGGCTTCGAGGATCTCGTGCGCGATGCGTGTCAGGGCACGCGTGATGTCGGGCTGTTGCAGGACCGTTCTGGTTCCCACGTCGACCCCCTTCCCCGCCTCACTGGACGGCATTAAAGGATGCTGACGTGGTCAACCCTACCGGGACTCCTGGTCTCCTGCGACCGTCCGACCGGACGGTGCGCGACCGCCGGCGACGGCCCCGAGCACGCCGTTGACGAAGCCCGCCGAGTCCTCGGTGGACAGCGACTGCGCGAGCTCGACCGCCTCGGCGATGGCGACGGCGTCGGGGACCTCCGGGTTGAACCGGAGTTCCCACACGGCCATCCGCAGGATGCAGCGGTCGAGGACCGGCATCCGGGCGATCGACCAGCCCTGGGCGTGGTCGACGATCACGGAGTCGATCTCGTGGCGGGCATCGTCGACACCGGTGACGATCTGGCGGGCGTAGTCCCAGCTGGAGGCGCGCTCCGGCTGGTCCAGGTGCCGGACCGTCTCGGTGGCGAGCACGTCCGCGATCGGCAGCTCGCGCACCTCGGCGACGTACAGCATGTCGAGGGCGCGCTTGCGGGCCTTCGAACGAGCACTCATACGGTCAGCGCCTAGGAGTTGACGCGGCCGAGGAAGCTGCCGTCGCGCGTGTCGATCTTCACCAGGGTGCCGCTCTCCAGGTACAGCGGGACCTGGATGCGGTGGCCGGTCGCGATGATGGTCGCGTCCTTGGTGCCGCCGGAGGAGCGGTCGCCCTGCAGGCCGGGCTCGGTCTCGACCTCGGTGACGATCGACGTCGGGAGCTCGACGTACAGCGGGTTGCCCTCGTTCATCGCGATGGTGACCATCGCGGACTCGAGCAGGTAGTTCTTGGCGTCGCCGACCACGGTCGCGGAGACCGGGATCTGGTCGTACGTGTCGGTGTCCATGAACACGTAGGAGTCGCCGTCCTCGTAGAGGAACTGGTAGTCACGACGGTCGACGACGGCGGTGTCGATCTTCGCGCCGGCGTTGAACGTGCGGTCGACGACCTTGCCGGAGACGACGTTCTTGAGCTTCGTGCGGACGAACGCGCCGCCCTTGCCCGGCTTGACGTGCTGGAACTCGACGACCGACCACAGCTGGCCGTCGATGATGAGAACGGCGCCGTTCTTGATGTCTGTGGTACTGGCCATGAGTCGTCGGTGTCCCGTTCGGTCGTGTTGTGAAGTGTCCTCGGGCCGCGGACGGCCCCGGATGAGTGTAGCGGACGCCCGCCCGGCAGCCGGAGCGGTGCGCGTGCGTGCCGGACGCGCCGGTCCCGGGCGGGCGCCGGCCCCGGGCGGGCGCCCGGCCCGGGCTCAGCGTCGCCGTCGGGCGAGCCAGGCGTCGATCGCCGCCCATCCGAGCAGCACCACCGCCGCTCCCCCGAGCAACCCGCCCGCGACCCCGGTGGACAGGGCCGCCGTCGGTCGTGCCGGCAACGACAGGTAGACGATCGCCAGGATCCCCGCCCCCGCACCGAGCAGCACGAGCAGGATGCGCCGGATCATCCCAGACACGAGCTGCCGGTCGCGGCTGTCCGCGAAGAGCCGGATGTTCACCGTGAACCGGCCGGTCTCGATCGCCTCGCCGATGCGGTCCACCCGGCGGGGCAGGCGTCTGGCAGCCGACACGACGCCGAGCAGCTCCTTCGCCGCCAGGTCCCGGAGCTTGCCCGGCCGGAGCTGGTCGGTGATCTGCTCCCGGGCGAGTCCGCGGGACTCCTCGAGCAGGTCGAACGACGGTGCGAGCGTGCGGAGCGTGCCCTCGAAGATGGCCAGCGCGCGGGCCGCGGCGACGAAGTCCGGCGGCGGCTTCAACCGGTACCGCCCGAAGACCTCGACCGCGTCGTCGACGGTGTCGACGCCGATGCGTGCACCCGGGCCGAGCTCGTCCGCGACGAAGCGGGCGATGTCCCGACGGAAGTCGGGCTCGTCGTGCGCATCGCGCACGGGCGCCATCCGCAGGACCGCATCGGCGATCCGCGACGTGTCGTCCTGCAGGTACGCGGCCAACAGGTCCTGGACCGTGTCCCGGAGACCCGGGTCGAGCCTCCCGACCGATCCGAAGTCGATCAACGCGGGCCGCCCGTCGGGCAGCACCAGGACGTTCCCCGGGTGCAGGTCCGCGTGGTACAGGCCGTCGAAGACGACCTGGCGCAGGAAGGCGCGGAGGATCGCGCGCATCGGCGCGTCGAGGTCGCGCTCGGAACGCTCGGCGCGGATCGCGCTGAGCGTGTCGCCCTCCAGGAACTCCATCACGAGCACACGCCGGCCGGACAGGTCCGGGTAGGGGTCCGGGAACCGGACCTCGTCCGGACGCGCGCTGCGGGCCTGGGCCGCGCGCAGCGCGGTGAGGTTCCGGAGCTCGGAGACGAAGTCGACCTGCCGGATCAGGTCGTCCGCGTACTGGCCGGCGATGTCCTGCACGCCGACCTGCCGCGCCTCGGTCGACCACCGGGCCATGAACCGGACGACCCGCAGTGCGATGTCCACGTCGCGGCGCACCGCGGCGTCGATCCCCGGCCGCTGCACCTTCACGGCGACCGCGGTGCCGTCGGGGAGCCGGGCGCGGTGCACCTGCGCGATGGACGCCGCTGCGACGGGCACCGGGTCGAAGGTCGCGAAGACCTGGTCGACCGGGGCACCGAGCTCCTGCTCGAGGAGCGCACGGACCTCGTCCGCCGGCGCCGCCGTGACGTTCCGCTGCAGGTGGGCGAGTCCCTCGGTCCACTCCTCGGGCAGCAGATCATCACGGGTGGACAGCAGCTGGCCCATCTTCACGAATCCGCCACCGGCTTCCTCGAGGGCCCGGCGCAGGTGCTCGGCCTGGTCGCGACGCAGCTCCGACGTTGCCGGGTCGTGCGAGAAGTCGAGACGACGGAACGGCACCAGGTGGTGGCGGCGGGCGATCGAGAGGAGTTCGGTGAAGCGTCGACCACGGGAGCGCAGGGTGCCGGTGTCGGCATCGCGCGGGCCGGAGAGGTCGCTCAGTCGGGGTGGGGTGGGCACGCCCGCCAGTCTGCTCCCCGGTGCTGGGTCCGCAGCGTGCGGGTGGCCCGGTCCGTCGCGTCGCTCTGTCCTCCTCCACAGCCTGGAGGCCCGGCGCGGCTTCCACAGGTCGGCGCGGGCCCGGCGCGGGGCGCGGTCCTGGAGTGGATTCGTCAGGTCCTGCGCTGACCGAGCAGGCTAGACGCCGACCTCCTGGTAGGCGGTGAAGAGCAGGTGGTCCTCGGGGCCCTCGAGCACGACGGGCTTGCCGACGCCGTCCAGGATGATGAACCGCAGCATGCCGGCACGGGCCTTCTTGTCACGACGCATCGTGGCGAGCAGCCCCTGCCACCGACCGACACCGTACGAGGTCGGCAGGTCGAGCGACTCGAGGATCGCCCGGTGCCGGTCGACCGTGGCGTCGTCCAGGTGCCCGGTCAGTCGGGCGAGCTCGGCGGCGAACACCATGCCGACCGACACCGCTGCACCGTGGCGCCACTGGTACCGCTCGGCGTGTTCGATCGCGTGCCCGAGGGTGTGCCCGTAGTTCAGGATCTCGCGTCGGCCCTGCTCCGTGAAGTCGTCCGAGACGACCTCGGCCTTGAGCGCGATGGCGAGCTCGACGACCCGGCGGAACTCCGGCGTCGTCGGGTCGGTCACCCGGTCGACGTCGGCCTCGACGATGTCCAGGATCTCGGGCACGGCGATGAATCCGGCCTTCACGATCTCCGCGAAACCGGTCAGGATCTCGTTGCGGGGCAGCGTGCGGGCGAGCTCGAGGTCCACGACGACGGCACGGGGCGCGTAGAAGGCGCCCACCAGGTTCTTGCCCTCGTTCGTGTTGATGCCCGTCTTGCCGCCGACGCTGGCGTCCACCATGCCGAGCACGCTGGTCGGGACGGCCACGTACGGCACACCTCGCAACCAGGTCGCGGCGACGAAGCCGGCCAGGTCGGTGACGGCGCCGCCTCCGAGGCCGATGACCGCGTCGGTGCGGGTGAAGTCGGCCTGCCCCATGATCTGCCAGCAGAACGCCGCGACCTCGACGCGCTTGGCGCCCTCGGCGTCGGGGACCTCAGCGATCAGGGCTTCGAGCCCGGCGTCGACCAGGAGCGCGCGGACCTCGTTCGCCCGGGCACCGAGCGTCGGCGAGTGCACGATGAGGACCTTGGCGACGCGCGGGCCCAGGATCGCGGGCAGGGCACCGAGCAGGTCCGTGCCGACGGCCACCGTGTAGCCGTCGTCACCGCCGACCCGGATCTCGGTGGTCCCGGCGGGCAGGGTCGACTCGGTCACGGTGCTCCTTCGGTGCTGGTGGTGCTGCTGGTCGTGCTGCCGGACGCGGCGGTGGTGCCGCTGCGCTCGGTGCTGCCGGCGTCGCTGCGCTCGGTGGTGCCGGCGTCGCTGCGCACCCACGTGACGACGTCGTCGACCACGCGGGACATCGGCCGGCGGGACGTGTCGACCACGACGTGCGCGAGTTCCGCGTAGGTGGCCGCCCGCTCGTCCATGATCGTCTGCCAGGCGTCGATCCCGCCGTTCGCGAGCAGGGGCCGGTCGGACCCGGCGATCCGGTCGGCGACGGCCTCGGGCGAGACGGTGAGCAGGACGATGCGCGCGCCGCTCAGGGCCTGCCGCGTGTCCGCGTGGGTGACGGCTCCCCCGCCCACGGCGATGACGCCGCCGGTGGCGAGCGCTGCCCGGACCGCCTGGGCCTCAAGCGCGCGGAACGCCGGCTCACCGCGGTCGGCGAAGATCCCGGGGATCGGCCCGTGCTCGCGCACGATGACCCGGTCGGTGTCCGTGAACGGGACGCCGAGGGCCTTCGCCACCCGCTTGCCGACGCTCGACTTGC
NZ_CP181330.1_gap44	2236088	2238498	2410	GATCGGCGGCATCCTGCTGACCCTCGGCACGGGTGTCTTCGTCGCGTCCGAGTTCGCGCTGGTCAACCTCGACCGCGCCGACGTCGAAGCGCGGCGCGACCGCGGTGAAGCCGGCCTCGCACCGGTCATCGGCGCGCTGAAGGTCACCTCGACGCACCTGTCCAGCGCACAGCTGGGCATCACGCTGACCACGCTGCTGACCGGCTACCTGCTCGAACCCTCGATCGCGAAGCTGCTCGAGGCGCCGTTCCTGGCGATGAACCTGCCAGAGGGCATCGTCGAGACCGTCGGCTCGATCGTGGCGCTCGTCATCGCGACCCTGCTGTCGATGATCCTCGGCGAACTGGTGCCGAAGAACTTCGCGCTCGCACTGCCTCTGCAGACCGCCAGGCTCGTGGTCCCGCTGCAGATCGCGTTCACGACGGTCTTCAAGCCCGCCGTCGCGCTGCTGAACGGCACCGCGAACGCCGTGCTCCGGTCGCTGGGCATCGAGCCGCAGGAGGAACTCTCCGGTGCGCGCAGCGCCGAGGAACTCACCTCGCTGCTGCGCCGCTCGGCGTCCGAGGGGTCGCTCGAACAGGACACCGCGACGCTCCTCGAGCGCACCATCTCGTTCTCCGAGCTGAGCGCCAGCGACGTGATGACCCCGCGCCCGAGGCTCTCCACCATCCGCGTGTCCGAGTCCGCCGAGGACGTCATCGCCCTCGCCCGCAAGACCGGCTTCAGCCGCTTCCCCGTCATCGAGGAGGACGCGGACGACGTCGTCGGCATCGTGCACGTCAAGCAGGCCGTCGCCGTGCCGCGCGAGAAGCGTCCGGAGGTCCCCGTCGGGGCCCTCATGACGGACGCCGAACGCGTGCCGGAGACCATGCCCGGCGACACCCTGCTCGCCGAGGTCCGCGGTCGCGGCTACCAGATGGTCATCGTCGTCGACGAGTACGGCGGCACCGCCGGGGTCGTCACGCTCGAGGACCTGATCGAGGAGATCGTCGGCGAGGTCTCCGACGAGCACGACCGCGCCCGCATCGACGTGGTCCGCTCTCGTGACTGGCTGACCTTCCCCGGTCTGCTGCGTCCCGACGAGCTCGAGGACCGCGCCGGCGTGAAGGTGCCCGAGGAGGGCCCGTACGAGACCGTCGGCGGGTTCGTCATGTCGACGCTGGGCCGCCTGCCCGTCGTCGGCGACGAGGTGCCCCTGGACGGCGGGGTGTTCCGGGTCGAGCGGCTGGACGGCCGTCGGATCGACCGCATCCGCTGGACCCCGACGCGCCCGTCGACCGACACGGCGGCGACCGCGATCATCATCCCGTCCACCAAGAGCACCCCGACCACCACGAAGGCCTCGGCCACCACGACGAAGGGCAGCACCCGATGAGCTCCGACTGGTGGGGGATCTTCTGGCTCGTCGTCCTCTTGATGGGCAACGCGTACTTCGTCGCGGCCGAGTTCGCGGTCATCTCCGCACGCCGCTCGCAGATCGAGCCCCGCGCGGAGGAGGGCTCGAAGGCCGCGCAGATGACGCTGTGGGCGATGGAGCACGCCACCCGCATGCTCGCGACGACCCAGCTCGGCATCACGGTCTGCTCGCTGCTCATCCTGAACGTGTCCGAGCCGGCGATCCACCACCTGCTCGAGGTCCCGCTGCACCTGACCGGCTGGAGCGCCGAGGTGATCGGCACCGTGGCCTTCGTGTTCACGCTGCTGCTCGTGTCGTTCCTGCACGTGGTCTTCGGCGAGATGGTGCCGAAGAACATCTCGTTCTCGATGCCGGACCGCGCCGCACTGCTGCTCGTCCCGACGCTCTGGTACATCGGCCACGGCCTGCACTGGGTCATCGTCGGCCTGAACGAGGTCGCGAACGCCGTGCTGCGGCTGTTCCGCGTCGAGCCCAAGGACGAAGCGGTGAGCGCCTTCACGGTGGAGGAGGTGCAGACCATCGTGGAGCAGTCCCGCCGCGAGGGCACCCTGACCGACGACGGCAAGCTCGCCCTGGCGTTCGAGTTCACCGAGAAGAAGGTCCGTGACGTCGCCGTGCCGATGGCCGAGCTCGTCACGCTGCCCGACGACGCCACCCCCGCCGACGTCGAGCACGCCGTGGCACAGCGCGGGTTCTCCCGCTACGTGCTCGTCGGCGAGGACGGCTCCCCCACCGGCTACGTGCACGTGAAGGACGTCATCGACCTGCGACCGGACGAGTTCGACGACCCGGTGCCGCCGAAGCGCATCCGCCAGCTCATCTCGCTGTACACCGAGATGGACCTCGAGGACGCGCTCGCGACCATGCGGGCCGCCGGCCGCCACGTGGCCCGCGCCTTCGACGCGGACGGCCGCACGATCGGCGTGCTGTTCCTCGAGGACATCCTCGAAGAACTGGTGGGCGAGGTCGAGGACGCGACCCGACGCCGGTAGA
NZ_CP181330.1_gap45	2306129	2309374	3245	CGCTGGCATCAGCAAGTCCATCTGCGATGCGCTGGAGCGTGGAGAGTCCGAGCAAAATCTCGCTAGTGCCGCCGCGTTGCGCGGTCAAGTAGTCAGCTCCACGGGTGGATGGGTATCCCTTAGACCTCGCAAGCTCCTCGAACTTATCTCTGGCAGAAGCGCTGTCGTGTGCAATCCGGTTGCGTACCGTTGTCAGTGTGAGAATCTCACGCTTGTCGCTTGAGCGATTACTCAACCGCGAAAAGGGCTGCCCCTGTGAAAGCAAGCGCTGAGCGCGCGGGGTTGTCTTCTGCGCAAGAGGCATCCAGGAGATGTAACGAGCTTCCTTCGCGCCATCTACTCCGGCAATGTAGAGCGCGGCCTGTTCAATGTCGGCCGCAAGGTGAATTGGGGCAATCTCGGGACCGAGGCGAGCCTGGAGGGCTAGCAGAAAGAGATCCCCTACATATTCCTCAGAGAGCCCCATGCCGCGAATCAGGGCGAGTTCAACGACATCATCTCTTGTGGACCTCCGCAAGGCAGACCCCATGTAAGCAGCATCTGCGTCCTCGACCGACTCTCGAAGGTGCTGCAGTGACGTGCTGAGGTCAGCGGCTAGAACCGCTCCGTCAGACATCGCCAAGCACAAACCGAATGAGCCGAATTCGCTGCAGTCGACTTGCTTTATGAGTGGTCTGTCGTCGCAAGCTCTCCGAAAGCTCGTCCGGCAGAGCCCCGCGAGTACTCACCAATCTGTCTACCTCAGCTAGCGCGGCAGCTAGGGCGTTCGTTTCAGTAACTGGTTCATGCCAAGTCGTTGCGGGCAGTCCACTATTGAGGTCGTTGCGCGGGTCACTTCCAGCATCATCGAGACCCGCAACGACCGCAAAAAGCGGGTACAACCAGGAAGTGGTTCTAAACCGTCGTGAAGCAGGTTCCACTCCACGCCCGTCATACACTGCCGCCAGAGCCTCGATTCCTGCACGAAATTGCTCTGATAGCGCGTCTCGATTGGGTAAGGAGTTGTCAAACTCTTTGTAAAGAGCGGTTATCTGCGAGGCTGACCGCCCGCTCACTCCGCGTATAAGCGCACCTAGGAGGTCACTTGTGAACTCCACTTCTTGCATCTGGGCGATCTCCTGCTGGGTGAATATGCCCCATTCGAGCCATCGCTGATTTTGCTCGTATGCCAAGCCGTAGGACAAATCTTTGAATTCACCGAAGAATGTCCCGTTGCGAATCTCCTGCTCGGTCAGCTTGATTCCGGTTGTATTCATCCGCTGAAAGATTTGCAGGACCGTGACGTCAGCGATGTCCGGGGGGAGAACGTTCACCGACAGCGAGGTCTGCAAGATCTGCGACTGGACTTCCGTAGGGAGGTCGACAAATCGCGTGTCGGCGAACTCCTTATTGTGAGCGCGAAGAATTGTGAAGTCGTCCCATTCGCCGGGGTCTGCGACGCTATCTGGATCAACGAAAGAGAGGATCGTGCGAAGGCGCTGCTGCCCATCGACCACCTGTCTCACGCTTCGTGATGAGAGAACATCGAGCCGGTTGTGTAGGAATATGAGGGGGATCGGAAAGCCTCGAATGATTGAGTCAAGAAGGAGGCTCTTGACTCGAGGATTCCACACTGCACGGCGCTGGTAAAAAGGCCGGAGATCGAGAGTTCCTTGGCGCTGCCACTCGAGAAAGTCGAGTACCGTATAGGAGTTCTTTGTGACCTGCAGCGTCGCCGACATGGGTACAGCCTACAAAGCTTGAGAGGACTTGTGCCCCCTTCGCGCGCCACGGCATGGTTCTCTCATGCGCTCCGCCAGGTTCTGGCACCACACCGGACGCGGCCGAGAAGGGCACGCACGAACGTGGCGAGTACTACGCAGCAACCTCCGAGCCAGCGGTCAGTCTGGGGGCGCACTTGGCCTGATCCAACCCATGTGGTGCAGCGGGTCCAGCTGCCGGACGGACGATCGGGAAGCCGACAGGCTGCCAGAGCCAGCGGAAGGCAGCGGGTAAGGGCACCCCGCCGTCGCGGGGTGATTGCCCGCCGCCGTCGACTACGAGTCGGAAGTCGTAGCGGGCGCGGACCAGTGCGGCTCCGGTGTCGAGGCTCTCGGCGAACCAGTTTCACTCTGGTTTGTCCCAGCGCAGGTCGCGGTGGGCCGCGTGGAGAAAGGCTGGTGAGGTCGTTGGCGAGGACTCCAATGACTGACCTCGCCAGCCAGGTGTCGACAGAGGTTGACGGACCGTGCGATGCTCGCCGAATGGACGACCTGATCGCACCTCACGTAGTAGGACTCGCCACACAACTCACTGCGGCGCTTGCGCGCAACACCGCCGCCACGATTCAAGACAAGGTGGCCTCATCCAAGGCGTCACGTGACGCCGAAGGTCGTGCACAGGCGCTGGAACAGATCGTCAACGATCTGATTGAGGACAAGAGCGAACTCATCCGCATCGCTCAGGCTTACCAGCAGGAACTCGTCGCACAGCAACTCACCCCGGGCGACGTTCAGTACATCGCGAACACGGTCGTCCCCCTGCTGACGACGCTCGCAGGGGCATCAGGCGACGAGGAAGAGGCGGAGAAGTCGAAGCAGCAAATCGAGACTTTCGCTCCGTTGCTGTCGGTGGAGACGGTGAACGTTCTGCAATTGCTTGGGTTCAACTTCCGGCAGGGAATCGGTACACCGTTAACGAGGCGTGTTCGTGAACTGATCGAAGGATCAAACGACACCACCGGTACAGAGGTAGCTCTCGAGCAGCTCCGCAATCAGCGCGCAGCAATGGAGCTGTCGATGGACGCGGACGCCTACGCTCGTTTCCGAGAGCTGTACCCGGCCTCCTGATTCCCAAGCAAGTGCGCCAACCTGGTCAGTACGAGGTCTAAGGGGTTTCGCCTCCCTACGTTCAGGGGGTTGTCCTGCGGATCATCTGCTGGTTTCCAGCCGGAGCCGAACCGGGTTGTCAAGGCCCTGTTTTCGGGCGATGAGGTGGACATGGGTGACGTCTTCTACGACTCGGTCGGGATGCGTGCTGACCTGTTGATCGACCGATGGCTTGACGAAGAGGAGAAGATTGGTCACCGAGAAGGAGTTCGTCCCCGGGGAAGCACGGCTAGACGCGCTGCTGTCGGACATCGGTGACGCGGTTGCCGCGCTCGAGGGTGAGGCCGCCGAGCTCGATTGTGTGCATGCGACGAGCCTGGCGATGCTGCGGGAGGCGGGCGAGCGTGCGCGATCCGAGCTTGTTCGTGAGCTGCGGAT
NZ_CP181330.1_gap46	2393204	2396905	3701	GGCGAACGAGAACCGGCCGTCGAGGGACCACCGTTCCGGTACGGCCTGTCCCGACGACCGCACGGCGTCGAGGAACCCGTCCCGCCGCAGGTGCGGCACGGCGACGTTCATGCCGGCCTCGTCCTGCCCGCCGACGTAGGCGATGCGCCGGTGGCCGAGGCCGTGCAGGTGCTCGACCGCGATCCGGGTGACCTCGCGGTCGTCGACGCCCACGTTCCGCAGGCCCGGTGCCGGGCCGCCGATGACGACCATGGGGTGCCGACTGAGTTCGAGCTCGGCCCGTTCGGTGGCGTCGAGCACCAGGGAGAGCAGGACGATGCCGTCGACGCGGTGGCGCAGCATCGAGCGTCGGAACGCCCGGTCGCGGTCGCCGCCCGGGCCGCCGAGGTTGTAGAGGACCAGGTCGTACCCGGCCTGGCGGAGCTCCGCGTCGACACCGCCGAGCGCCTTGACGTAGAACCAGCGGTCGATGACGGGCACGACCACCCCGACGGCGCGCTGACGCCCGGTGGCGAGGCCGGCCGCCGCCGAACTCGGGACGTACCCGAGCTCGTCGGCGACCCGCTGCACCTGCTCGATCGTGGTGTCGGCCACGTTCGACATGCCGCGGAGTGCCCGCGACACCGTCGACTTCGACAGCCCCGTGACGGTCGCGATCTCCTGGATCCCCATCGGTGCGACCCGGGAGGCCCGTCAGCCGTCCGTGCCGTGCGTCACGTCCGCCGGTGCGTCGGGTCCACCCCGTCGGGCCGCCACCGCGGGCACGCCGCGGTCCGCCCGGCGTTGCGGGACCCGTGCGGGGCGCGCCGGCCGTCGTGCAGCCGGTGCGACCTCGTCCCAGCCCGCGTGCTGGTGCACCCGTCCGTCCACGCCGGGTCGGGGTCGGCGACCGGTGGGGTCGGTGACCGACGTGTGCACCGGGGCGACCGCGGGCGCAGCACCGACGCCCCGGGGCACGGACGCACCCGTGCCGTCCTGCGGTGCGGTCCGGCGGAGGACGGCGACCCGCCACCGGTCGAGGGCGACGACGCCGAGCACGCACACGAGCAGGGTGAGCGCCCAGCCGAGCGCCGGTCGCCCGGTGAGCTCGCAGAACACCGTGACGCCGAGGAACAGGACGCCGAACATCCCGACGAAGCCGATCGACTCTTCGATGTGGGCGGTGGGACGGGTGGGTCCGCGCTGGGCCATGGTCGTCAGCCCTTCACGCCGCCGGCGGTGAGCCCCGCCACGATGCGCCGCTGGAAGATCAGCACGAGGATGACGAGCGGGATCGTGACGATCGTGCCGGCGGCCATCACCGCCGTGTAGGGCTCCTGGTGCGGCTGCGACCCGGCGAACGAGGCGATCGCCACGGTCACCGGCTGGGTCGCGTCACTCGACAGCTGCGACGAGATGAGGTACTCGTTCCAGCTCGAGATGAACGCCAGGATCGCCGTCGTGAACACCGCCGGCGCCGCGAGCGGCAGGATGATCCGCCGGAACGCCTGCACCCGGGTGCACCCGTCGATGCGGGCTGCCTCTTCGAGGTCCCACGGCATCTCGCGGAAGAACGACGCGAGCGTGTACACGGTCAGCGGCAGCACGAACGAGATGCTCGGCAGGATGAGTGCCTGGTACGACCCCATCCACCCGATGTCGGTGAACAGCTGGAACAGCGGCGAGATGAGGGCGACGCCGGGGAACATCGACGCGGCCAGGATCGCGCCGGCGATGAGCGACTTGCCGCGGAACTCGAGCCGGGCGAGGGCGTACGCCGCCGTGGTGCCGACGAGCAGGGCGATGATCGTCACGACCCCACCGATGAGCAGGCTGTTCGCGAGCGCCCGACCGAGGTGGTTGCCGAGCGACGTGGAGAACGCCGTCGCGTAGTTGTCAAGCGTGACGTGCGTCGGCCACGGGGTGGCGTCGAACGTGAACCCCACGTCGCGGAAGCTCGTGACCACCATCCAGTAGAACGGCAGGAGGCACCACACGGCGATGACGATCGCCTGCACGGCGGTGCGGATGCGCGGCCCGGTGTCGCGGCGCACGCGCACCTCGGCGCGGTCGACGGCGCGGTCGCGTGCTGCTGCGGAGGACCGGGGGCGGTCTGCTGCGAGGGTCACTTGAGTTCACCCTTCTGCTGGGCGGCCTGCGTCTGCACGACGTTGGCGCCGAGGAACCGGACGAAGACGAACGCCACGATGAAGATCACCAGGAAGGTGATGGTCGACAGGGCCGACGCGGAGTTGAAGCCCTGCCGGATCTGTTCGACGACCAGGATCGACAGGGTCGTGGTGGCGTTGCCGGAACCACCGCCACCGCCGGTGAGGATCGCGGGCAGGTCGTACATGCGCAGCGCGTCGAGCACGCGGAACAGGATCGCGACCATCAGCGCTGGCTTGATCAGCGGCAGGGTGATGAGCACGAAGCGCTGGAACGTCGACGCGCCGTCCATCTTGCCGGCCTCGTAGACCTCCTCCGGGATCAGCTGCAGTCCCGCCAGGATGAGCAGCGCCATGAACGGCGTGGTCTTCCAGGTGTCGGCGATGATGACCGCCCACCGGGACGCCCACTCGCCGCTCGTCCACAGGATCTGCTGCCCGAGGACGTGGTTCAGCACGCCGTTCGCGTCGAAGATGAAGTACCAGAGCTTCGCGGTGACGGCCGTCGGGATCGCCCACGGCACCAGGATCGCGGCACGGACGAGCGCGCGGCCCTTGAAGTTGCGGTTCATGATGATGGCCATCCACACGCCGATGACCGTCTCTGCGAGCACGGTGACGACGGTGAAGAAGAACGTGTTGCCCATCGACACCCAGAACTGCGAGCCGAGGCTGCCGGGCGGGCACGTGACGTTGCCGCACTGCTGGCCGAGCCAGTGCGCGTAGTTCGTGATGCCGGCGAACCCGCCCTGCACGAACAGGCCGGTGGCCTTGTCGAGGCCCTGGTCGAGCTGGAACGACTGGATGATCGCACTGACGACCGGGTAGCCGATGACGATCGCGAGGAGCAGGATCGTCGGGCCGATGAGGTACACGGCCCAGCGGCCGTGCTCGGCGTTGAGTCCGCCCTTGCGCCGTCGGCGCTTCGGTTCCGTGCCCGTCGGGTTGGGGATGGCTGCGGGGATCTCGGTTGCTGCTGACACGTGTCGGCCTCCTTGCCGGGGGTGTCGGAACGCAAGTAGGGGGCGGACGGGAGGCCCGTGGCGGACCCGCCACGGGCCTCCCGTCCATCAAGCGGCGTGCGCCGCTAGCTGCTGGTCGCCGACTTGAGGGCGTCCTGCATGTCCTTCATGGCTTCGTCGACCGACTTCGATCCCTTGAGCGCCGCGTAGGTGTTGTCCTGGATCGCCTTCGTGACCGCCGGGTAGAACGGCGTGACCGGGCGCGGCTCCGCCGACTCGATCGACTTCAGGAGCGTCGGCAGGTAGGGCAGCTGCTTCGTCAGCTCGGGGTCGGTGTACAGGTCACCGACGACCGGGGCGAGCGAGCCCTGGGTCGCGAAGAACTTCTGCGTCTCGTCCGAGGTCAGGAACTCGAGGAAGTCGTGCGCCGTGGCCTTGTGCTTCGAGTACACGCTGATCGCCGCGTTGTGGCCGCCGAGCGTGGAGGCACCGACGCCGTCGGCACCGGGGATCGGCGCGATGCCGAAGGTGTCCTTGACCTTCGACGAGCCGTCGGTCTTGGCGAGGCTGTAGACGTACGGCCAGTTGCGCA
NZ_CP181330.1_gap47	2573139	2573730	591	TCAAGTCCGCCCGACGGAGCATCCTGCTCGCCGACCACACCAAGTTCGGCCGCGAGGAGTTCGGTCGCGTCGCCCCGCTCGCCGCGATCGACACGATCATCACCGACCCCGCCGTCAACCTCGACCTGGTCCGCGAGGTCGAGGCCGCCGGCACCGAGGTCTTCTGGCCCGGCCGACCCTGACCGTGCCCCGGCCCCGCCCACCCAGTGCTCGCTAGCATGAGCCAACCACCCATCGACAGGAGTACATCGATGTCCGAAGCCACCCGCACCGTGACCGTCGCCAGCGCATCCGGCCTGCACGCTCGCCCCGCATCCCTCTTCGTCCAGACCGTGACGGCGTCGGGGCACCAGGTCACGATCGCCAAGGGCGACAAGTCCGGGAACGCCGGCAGCATCCTCGCCCTGCTCGGGCTCGGCATCGAGAACGGCGACGAGGTCACCCTCACCGTCTCGGGCGACGACGCCGAGACCACCGCGGACAGCCTGGTCGAGTTCCTGAAGACGGACCACGACGCGGCCTGATCGCGCAAGTCGCGTCCTGCACGCGACCACCAGACGGACGGGAGGCCCGTGGCTGCGCAGCCACGGG
NZ_CP181330.1_gap48	2580083	2584392	4309	GGCACCGGGCCTCCCGTCCGCCGTGGCGGTGACCCCACTGCCCGGCGCGAGACTCCGTCAACGCAGGTTGACGGATGTCGGTACGTCAATGTAGGTTGACAGGCATGGACCGACCGACCATCACGAGCCTCGCGGCCGGGGCAGCCGGGGACGACCCGTTCTCCGCCCTCGCCAACGTGCGGGAACTGCGCCGTGAGCTCGACCGGACCGAAGAACTCGCCGCGCGACGTGCCCGCACCGCCGGCGCCTCGTGGCAGGAGATCGCGACGCTGCTCGGTGTCAGCCGACAGGCAGTGCACAAGAAGTACGGCAGAAACTAGGAACACGATGAGCTTCCCCTTCGCACGCCCGAAAACCTCCGACGGCCCCCGCGCCACGTTCGGTCGCCTGCTGTCCTACCTGTTCGAGAACAAGCCCGCGATGGTCGTGATCATCGTGCTGAGCGTCCTCGGTGCGGGGGCCTCACTCGCGCAGCCGCTCCTGGTCAACCAGGTCATCACCGCGGTGCAGCAGGGCAACACCCTCAGCACGCTCGTGTGGCTGCTGGTCGGGCTCGTCATCGTCGCGGGGGTGCTGAACGGTGTCCAGCACTTCCTGCTGCAACGCGCGGGTGAGGGCGTCGTGCTCTCCACCCGCCGCAAACTCATCGCCCGCATCCTCAACCTGCCGATCTCGGAGTTCGACACGCGGCGCACCGGTGACCTGGTGTCCCGCGTCGGCAGCGACACCACGCTCCTGCGTGCCGTCCTGACCCAGGGGCTGATCGAGTCGATCGGCGGCGCGCTCACGTTCATCGGCGCCATCATCGCGATGGCGATCATCGACCCGCTGCTGCTCGGCATCGTGATCGTGATCGTCCTGATCGCGATCGTCGTCGTCGGTGGGCTGAGCCGTCGCATCCGGGTCGCCTCGAAGCGGGCGCAGGAGAAGGTCGGCGACCTCACCGCCGCCGTCGAACGCGGGATCGGCGCCGTCCGCACCATCCGAGCAGCCGGCGCCACCGAACGCGAGGCGCGCGAGGTCGACGGCCACGCGACCGAGGCGTACAAGCGCGGCCTCGACATCGCCAAGATGTCCGCCTTCGTCGTCCCCGTCGCGAGCATCGTCATGCAGGTCGCGTTCATCGCCGTCCTGGGCGTCGGCGGGGCACAGGTCGCGGCCGGCACGATCACCATCGCGACGCTCATCACGTTCATCCTGCTGCTCTTCATGATGATCATGCCGCTCGGCCAGGCGATGGGCGCGGCCGTCGCCGTCGCCCAGGCGCTCGGCGCGCTCGGCCGGATCGAGGAGATCCTGCACCTGCCGACGGAGTCCCAGGACGACGAGTCGGTCCGGCCCGCCGCGGCCGTCGCCACCGACGACGCCATCGCGTTCGAGCACGTGTCGTTCCGGTACCGCGCCCAGGCGGACGCCTCGGGTGCCGACGGCGCGGTCGCGTCCGACCCCGCGGACCGTCCAGGAGGCCCGGATCGCGTCGACGACGAGCGCCCAGCTGACGACGTGGTGCTCCACGACGTGTCGTTCCGGGTGCCGCGCGGCTCACGCGTCGCACTCGTGGGCCCGTCCGGTGCGGGCAAGTCGACGACCCTGGCGCTGATCGAACGGTTCTACGACCCCACCGAAGGCGTGATCCGCTTGGGCGGCATCGACGTCCGCGGCATGGACCGCGACGAGCTCCGCGCCCAGATCGGCTACGTCGAGCAGGACGCGCCCGTGCTCGCCGGCACGATCCGCGCCAACCTGCTGCTCGGGTCGCCGAACGCCACCGAGGACGACTGCGTCCGGGTGCTCGAGGCGGTCAACCTCGGCGAGGTCCTGCACCGCGATCCCCGCGGTCTCGACGCGCAGGTCGGTGAGGACGGCGTGATGCTCTCCGGTGGGGAACGGCAGCGCCTGGCCATCGCCCGCGCGCTGCTCGCCGCTCCCCCGATCCTGCTGCTCGACGAGTCGACGTCGTCACTCGACGGGGTCAACGAACAGAAGATGCGGCTCGCGATCGACGCCGTCGCCGAGGACCGCACCCTGCTCGTGATCGCCCACCGGTTGTCGACGGTGGTCGACTCCGACGTGATCGTCGTGCTCGAGCACGGCCGCGTCGTCGGCAGCGGCACGCACTCCGAGCTCGTGGAGTCGACGCCGCTCTACCGCGACCTGGCGAAGCACCAGCTGCTGGTGTGAGTGCCGGTACGGCCGCGTGCACCGCGGCCGTACCGTCGATCCGGGCTCGGGCTCTGGCTCTGGCTCTGGCTCTGGCTCAGGCGGCGAACGGGTCCGGAGTCAGCACGTAGACGGTCTCGAGGTACTCTTCGATGCCCTCGTGCGACCCCTCGCGGCCGAGGCCGGAGGACTTCACGCCGCCGAACGGGAACGCCGCGTTCGACACGACGCCCGTGTTCAGCCCGAGCATGCCCGTCTCCAGGCGCTCGGCGAGCCGCTGGCCGCGCCGGAAGTCGGTCGTGAACGCGTAGGCGATGAGCCCGTACTCGGTGTCGTTCGCGAGCCGGATCCCCTCGTCCTCGGTGCTGAAGCGCGTGACCGAAGCGACCGGTCCGAAGATCTCCGTCGTCATGATCTCCGAGCCGGGCTGCACGTCGTCGATCACCGTCGCCTCGTAGAAGGTGCCCGGGCGGTCGATCCGGTGGCCGCCCGTGACGAGCCGGGCACCGCGACCGAGGGCGTCGTCGACGAGCGAGGCGGCCTTGTCCACGGCGCGGTCGTCGATGAGCGGTCCGAGCGTCGTGCCGTCCTCGGTGCCCCGGCCGACGCGCAGGGCGTCCACCTTCGCGGTGAGTGCCGCGACGAACGCGTCGGCGATGCCGTCCTGCACGAAGAACCGGTTCGCGGCGGTGCAGGCCTCGCCCGTGTTGCGGAACTTCGCGAGCATCGCCGCGTCCACCGCCTCGTCGAGGTCGGCGTCGTCGAACACGAGCAGCGGAGCGTTGCCGCCGAGCTCCATGCTCGTCTTGAGCACGTTGTCCGCCGCCTGCTTGAGGAGCGCCGAACCGACCGGGGTCGAACCGGTGAAGGTCAGCTTGCGCAGGCGCGGGTCGGCGATGATCGGCTCGGACAGTCCCTTGGCGTCACTCGACGGGATCACGTTGAGCACGCCGTCCGGCAGCCCGGCACGGCGGAACAGCTCGACCAGGAACAGGGTCGTCAGCGGGGTGAGGTCGGCCGGCTTCGCGACCACCGTGCAGCCGGCGGCGAGGGCCGGGCCGATCTTCCGCGTCGCCATGGCGAGCGGGAAGTTCCACGGTGTGATCGCGTACACGGGGCCGACCGGACGCTTCAGCACGATCGCGCGGCCGGTGCCCTCGGGGTTCGTGCGGTAGTCGCCGGTGATGCGGACCGCTTCCTCCGAGAACCACCGCAGGAACTCGCCGCCGTAGACGACCTCACCTCGGGCTTCGGCCAGGGGCTTGCCCATCTCGAGCGACATCAGTGCCGCGAGGTCGTCGGCGTGCTCGTGCACCAGGTCGAAGGCCCGGCGCAGGATGTCCGAGCGCGTGCGCGGGGCCGTCGCTGCCCACGACTCCTGCGCCGCGGCGGCTGCGTCGAGGGCGGCGAGGCCGTCCTCGGGAGTGGCGTCGGCGACCTCGGCCAGGACGGCGCCGGTCGACGGGTCGTGCACGGCGAAGGTGGACCCGCTCGACGAGGCGCGCCAGGTGCCGCCGATGAAGAGTCCGGTGGGGACGTTCTCGACGCGGACGTGCTCGTCGGCGACGGTGGTGGTGGTTTCGTTCGTGGTGGTGTCGGTCACAGTCGTGCTCCTCCTGGGTTCGCGAGGCCCTCGTCCATGTCGCTGCGGTCGACGTGTCCGCCGACCGCCCGGATCTCGTCGAGCGCCCGGGCGCTGCGCTCGACGTCGACGCCGGCCACCAGGTCCTCGTACACGGCGACGTCGAGGCCCGCGGCACGGGCGTCGAGCGCCGAGGCACGGACGCAGTGGTCGGTCGCGATGCCGACGACGTCGATCGTGTGCACGCGGCGCTCGGCGAGCACCTCGGCCAGCGGGACGCCCGCCTCGGTCCGGGCCTGGAACGCCGAGTAGTCCGGCGTCCCCTGCCCCTTGCGGACGTCGACGTCGATCAGTGCGGTGTCGAGATCGGGGTGGTAATCGGCGCCGGGTGTGCCGGCGACGCAGTGCACCGGCCACGTGTCGACGAAGTCGGGTCCGTCGGGCCCGGCGAAGTGTCCGCCGTTGTCGTCGTCGCCGTGGTGCCAGTCGCGGGACGCCACGATCAGGTCGTACTCGTCCCCGTGCCGACCGAGGAACGCGGTGATGCGCTTCGCGAGCGCAGCTCCC
NZ_CP181330.1_gap49	2661251	2663151	1900	CGCGATCCTCTTCACGATCTCCGGCGTGACCCGCCGCACCCGCGAGTTCGGGACCCTCAAGGCGATCGGCTGGTCGAACGGCCGCATCACCCGACAGGTGGCCGGTGAGTCCCTGGTGCAGGGCCTGATCGGCGGCGTGCTCGGCGCCGCCGCGGCCGGCCTGATCGGCATCCTCGTCGTGAACGTCATCAGTCCGACGATCTCGGCGAGCGCCTCGAGCACGACCGGGGGCGGCGCCGGTGGCGGTGGTGGCATGCCCGGCGGCGCAGCGACCGCGGCCGCAGGCAGCGGCACGACGGGCGGTGCACCGGCCGGGGGCTTCGGCGGCGGCACGAGCACCGCGTCGACGACCGACGTGGTCCTGCACGCCCCGGTGACCGTCGAGATCATCCTGCTGGCGATCGGCCTCGCGATCCTCGGTGGCCTCATCGCCGGCGCGCTCGGCGGCTGGCGTGCGAGCCGGCTCCGTCCGGCCGAGGCGCTCCGGAGCGTGGCCTGATGCCCGGCCGCACCGACACGACCGAACCGACGACAGGAGCAACCGTGACCAGCACCGACACCTTAACCGGCGAGGCGGAGGCGAGCCGTGCCTCCAGTCCGATGTACCGGCTGACGAACGTCAGCAAGACCTACCAGCAGAAGAACCGGACCGTCACCGCCCTGACGAACGTCCACCTGACGATCCCGCAGGGGCAGCTCGTGGCCGTGCAGGGGCCGACCGGCGGCGGCAAGTCGACGCTGCTGCAGATGCTCGGGGCACTCGACCGGCCGAGTGCCGGGTCGATCCACCTCGGTGGCGACCGCGACGTGGCGAAGCTCGGCGACGGCGCGCTGACCGACCTGCGGGCGACCGAGATCGGCTTCGTGTTCCAGAGCTTCAACCTGATCCCGACGCTGACGGCGCTCGAGAACGTCGAGACGGCGTTCGCGGGGTCGCTCGCGAACCGGTCGCGGAGCGAGGTCCGCGAGCGTGCGGTCGCCGCCCTCCGCGAGGTCGGACTGGGCGAGCGGATGGAGCACCTGCCGGCCGAGCTGTCCGGCGGTCAGCAGCAGCGCGTGGCGATCGCCCGGGCGCTGGTGAAGAACCCGAGCGTGCTGCTCGCCGACGAGCCGACGGGTGCGCTCGACGAGTCGACCCGCGACGAGATCATGGCGCTCATCGAGAAGCAGTGGCGGGAGCGCGGGCTGACCGTCGTCATCGTCACGCACGACTCGTGGGTCGCGAAGCGTGCCGAGCGGCGCCTGCACATCAAGCAGGGGCAGGTGCGCGAGGTCTAGTGGGGCGGGCGCGGGCGCAGGCAGGTGCGGGGGCAGGCGCCGGGCGTCCGATCGCGTTTCGCGCTCAGCGACAGTCCACGCCTACAGGAGCGCGTGAACTGTCGCTCAGCGCGTGAGGACGCCGCCGGGCCCCGCCACCGGTGCCGCTCCCGCTACCCGGCCACCGGGTAGTCGCAGTACGCGAACCACGTCGAGTCCGGGGCCCACGGCGGCACGTTGACCGTCCCCTGCCCACCGTCGAGGGCCACCAGGGTCTCCGGCTGGACCGCGATCCGGGCGCCGCGGACGAGCGACCCCGGCAGCAGCCGGAGCTCGACACGGTGGTCGGCCGGGTGGCCCTGCACGCCGGGTTCGTACGACAGGTAGAGCAGGTGTGCGGCGTCCGGGGACAGGTGCGGGAACCAGTTCACCCGGTCGTCGTTCGTCAGGCGGACGGGGCTGTCGTGCCCGGGCCAGCGCACGGCCAGCTGCGCGGTGCCGGGGGTGAACCGCTCCGTGTTCCAGAGCAGGATCCCGCCGGCCGGACTGATGGTGCAGCCGTCGTCGGGGTGCTCGTCCCGCGTGACGAACGTCGGCTCGCCGGTCTCCGGGTCGACCATCGCGACGTCGGTGGTCCAGACGC
NZ_CP181330.1_gap50	2804225	2806597	2372	GCTACGGAGCGACTTCGCCCCCGCCGTTTCCCTCGTGTAACGGTCGTGTGTCCCGCACCCCGTCCTGGAACGACCGTTCCGGGACGGTCGCCGAGACCGGCGCCGACCGCTCCCGGTGCCGCGCGCGGAGCCGCACCCGGAGCCGCGCTGCGGCTTGCCGCATCGATGGGCACCGACCCCGCACGGACCTCGTCCCGACCCGAGCCGCGGGGACCGCCGGTGGTACGAATCGACCATGAGCAGGGGAATCAGGATCGACCACGTGGGCGTCACGGTGCCGGACATCGACGCAGCCACGCAGTTCTTCGAGGCGGCGTTCGACGCCGTCGTCCTGTACGACATGCGGCGTCGTGACGAGACGCCGAACAGCAGTTCCGAGGCGCACGGCTACCTCGGCATCCCGAGCACCATGGCGCAGGGGGCCATGCGGATGCTCGCGCTGCCGGAGGGGCCGGGGCTCGAGCTGTTCGAGTACCTGGGGCCCGAGCAGCGGAACGCCGCACACCCGTCCGACCTGGGGTGGCAGCACCTGGCGATGTACGCCGACGACCTGGACGAGACGCTCGCCCGGGTCGAGGCGGCCGGCGGTAGCCGGAACTCCGACCCGCGCGACCTGCGTGGTGACGAGGCGGGGGCCGGCAACCGGTTCGTCTACACCCGCACGCCGTGGGGGTCGACGCTCGAGCTCGTCAGCTACCCGACGCCGCAGCCGTACCTGGTGTACGCGCCGCGGCCGAAGTGGGCGCCGTGGCCGATGCCCGACGACGTCTACCCGGTGCCGGCACCCGCCGTGCACTGACGACCAACCGCCGCACCGACCGACATACCGCCCCTCAGTGGCGGGGCACCTGTCCCGTCCGCCGCACGGCCCGTTCGAGCAGTTCGACGTCGATCCCGACGTGCTGCCGGGCGATCACGCCCGCCTCGGGCGCCCGCCCCGAACACACCGCGTCCACCAGCAGTTCGTGCTCGTGGAGCGCGCGGGTCTCCATCTCCGCCATGCCCTCGGCCGTGCCCCACAGGTGCGCCGGAGCGGCGATGGAGATCTGCGCCTCCAACCCGGCGAGCGCCGTCCGCAGGGCGTCGTTCCGCGCGGCGTCGATGATCGTCCGGTGCAGCACGGCGTCGGCCTGCTGCTTCTCGAGGCCCGAGGTGGCGTCGCGGAACACCTCGAGCCGCGCACGGATCAGGGCGGCGTCCTCCGGGGTGACCCGTTCCGCGGCGGCCGTCGCGAGCGCCCCGTGCAGCAGCGCGATGGCGTCGGCGGTGTCCTGGATCGCCTCCCACCGGGCGAGCAGCACCCGCCCGACCGCGTCCGATGAGTTGTCCGGCCACTCGGTGCGGACGAACGTGCCACCACCCCGGCCCCGACGGGTCTCGAGCAGCCCCCGTTCGACGAGCCGGGCGATCGCACCGCGCACGGTGACCCGGGCGACGCCGAGCAGGCCGGCGAGTTCGCGTTCCGGCGGCAGGTTCGCGCCCGGCAGGTACTCGCCCACGGCGACGGCGGTCACGAGGCGGTCCTCGACCTCGTCGACGCGCGTCTCGGTCGCACGATCGGACACACGGACCCCCTTCGCGGTGTTACGACCACGTTAAGGCAGCGGAAAAGGTATTGCGTGGGACCTTTTTCCGCTCCATGCTGACCCCCATGTCCAGCATCACCGAATCCACGATGCCGTTCCGTGACGGCGAGACCTGGTACCGGGTCACCACGCCCGACACCCCGGTCGCGGGCGCGCTGCCCCTCGTCGTCCTGCACGGCGGGCCCGGCATGGCCCACGACTACCTCCGGAACCTCGCGGCCCTGGCCGACGAGACCGGCCGGACCGTCGTCCACCACGACCAGTTCGGCTGCGGCCGGAGCAGCCACCGCCCGGACGCCCCGGTCGACACCTGGCAGCCGCAGCTCTTCGTCGACGAGTACGCCGCCCTGGTCGAGCACCTCGGGCTCGGCGACCACCACGTCCTCGGGCAGTCGTGGGGCGGCATGCTCGGCGCCGAGATCGCCGTGCGGCAGCCCGCGGGCCTCCGCTCGCTGGCGATCTGCAACTCCCCCGCGTCGATGCAGCTCTGGGTCGACGGCGCCGCCGAGCTCCGCGCGCAGCTGCCCGCCGACGTGCAGGACGCCCTGACCCGGCACGAGACGGCCGGCACCGTCGACGACCCCGAGTACCTGGCGGCGACGCAGGTCTTCTACGAGCGGCACGTCTGCCGCGTGGTCCCGAGCCATCCGGACTTCGTCGACTCCGAGGAGCAGATGGAGCGCGAGCCGACGGTCTACCACACGATGAACGGCCCGAACGAGTTCCACGTCATCGGCACGATGCGCGACTGGACCATCGTCGACCGGCTCGACCGCGTCGCCGTGC
NZ_CP181330.1_gap51	2812095	2815434	3339	GTGGTCACGGGTCGAGACGCTACGTCGGACACCCGCGACCGTCACGGATCGTGACGAAGCGTGACGGCCGGCTCCGGCACCGGCCTGGAGGCCCGCCCCGCGTCCGTCACGTGGCCCGCGCCGGGCGCGTGGTCGGTTCCAGGGCTCAGGCGCGGTCGTGGAGCGTGACGTGGTAGCCGTCGGGGTCGGCGAACGTGAACGTCCGACCGAAGGGACCGTCGATCGGCGCCGAGACGATGCGGTGGCCGTCGGCGACCAGCGCGTCGTGGATCGCCTGCACGTCCGTCGCGTGCAGCCAGACCGCGGCGCCGACGCCGGGCTGCGCCACCGCGTCGAGGTCCGTGCCGGGCACCAGGGCGCGCAGGGCGAAGGCGATCGGCGTGGTCTCGAACACGACGGCGTGCGGCGGGCCGGCCTGCGAGCGGACGAGGCCGAGGTAGCGCTCGTAGAACGCCTGCGAGGCATCGAGGTCGCGGGTCTGCAGGGAGATGAAGTCGGGGCCGGTGACGGGCATGTGGTGCTCCTTGGGTTCGTGTCAGTCTTCTGACACAGGACAAGCTATGTCAGACTACTGACATGCGTCAAGACGACACCGGTATCCACCTCGAGACGTCGATCGGCTACCTGCTCAAGGAGACCGCGAGTGCCCTCCGCGCGTCGATGGAGGCCGTGCTGCGCCCGCTCGGCATGACGGTGACGCACTACTCCTGCCTCGAACTGCTGGCGCAGCGACCCGGCCTGTCGAACTCCGAGCTCGCGCGCGGCACGTTCGTGACCCGGCAGTCGATGAACGTCCTGCTGCAGGCCCTGGAGCGGGACGGCTTCGTCACCCGTGCCACCGAGCCGTCGGTCGGCAAGGCGCTCCCCACGCAGCTGACCGACAGCGGGCGACGGAGCCTGGCGCAGGCGAGTGCGGCGATCCGGGGGGTCGAGCAGCGGATGCTCGCCGATCTGAGCACGGACCAGCAGACCGAGGCACGTCGGATCCTGCGGAGCATGGTGACGTCGCTCCGCAGTGAGGCGTGACCCCTCGCGGGGTTCGTAGGCTGAGCGGATGGACGTCGCACTGCGGGACAGCACCACCGAGGACCTCGAGTGGCTCGTCGAGCTCCGAGCCGTGGTGCTGCGCGACGACCTGATGCGCCTCGGGGTGTTCGACGAGACGCGCGTCCGACAGCGCCTCCGCGACGCGTACCAGCCGCAGCTGACCCGCATCGTCGTGGTCGACGGCCGCGACGTCGGGTCGGTCACCGTGCGGGTCGAGGACGACGTCCGCTGGGTCGAACACTTCTACCTCGCGCCCGACGTCCAGGGGCGTGGAGTCGGTTCGACCGTGCTGCGCGCCGTCCTCGACGAGCCCCACGACGGCCCGACGCGGCTCAACGTGCTGGTGGGCAGCCCGGCTCGCCGACTCTACGAACGACACGGCTTCGTGCTCGACACCGACGACGGCGTCGACGTGTTCATGACGCTGCGGGCCGCCGATCGAGCACCCCACGGAGTGCACTGAGCTGCTCGTCGACCACGTCGGCCATCCGGCGCTCGGCCGGTCCGGTGAGCCAGGCCTCGAGGGCCAGGTGGAACAGCATCACGGTCGTCTCGGCGATGACCGCTGCCCCGGACGGATCGAGCCCGCGATGGACGAACGCCTCGCGCACGGCGTCCGTCAGGTCGGCACGCTTCCGGGCGTCGCGCTCCCGGAGCGACGACTCGGACAGCACCAGCCGCCGCACCGAGCCGACCTCGCCGTGCCGCCCCTCGAACCGCTCGTCGGCGACGGTGCGGAGGCCGTGCACGACGATGTCGAGCGGGTCGATCCCGGCCGGTGCACCCTGAATGGCAGCCCGGGCGAGATCGGGGATCTCGTCACCGGCGAAGATCACCTCGCGCTTGTCGGCGAAGTACCGGAAGAAGGTGCGGGTCGTCAGGCCGGCCCGTGCGGTGATCTGCGGCACGGTCGTCGCCTGGTAGCCCTGCTCGGCGAAGAGCTCGAACGCCGCACGCTCGAGTCGCCCTCGGGCATCCGGAGACCAACGCATGTGTCCACAGTAGTGGTGATGACACGTCGTGTCATGGTTGACTGAGCGATGGCACGTCGTGTCATGACTCACTTCGAGCAAGAGATCGGGACACCATGTCGCCATCCGGCAACGCAGCACTCTGGACCACGTCGACCGGGCGGTTCGCCGTCGGGCCCGCACCGGTCCCCCAGCCCGGCCCCGGCGAACTCGTCGTCCGCGCCGAGTCGGTCGCCGTCAACCCGGTCGACGCCGTCGGCGGGCTCTTCCGGCACCTGGTGTTCCCGAAGCTGCGGTTCCCCGCGGTCCTCGGGTCGGACGTCGCCGGCACGGTCGTCGCGATCGGCCCGGACGTCGAGCGCTTCCGCGTGGGCGACCGGGTCGTCGGGCACGCCGCGGGGCAGGAACAGCACCGGAACAGTGCTGCCGAGGGGGCCTTCCAGCACCTGGTCCTGCTGCTCGACCGTGTGACGACCCCGGTTCCGGATGCCCTGCCCGCCGAGCAGGCGGCGGTGCTGCCGCTCGCCGTCTCGACCGCCGCGTCAGGTCTCTTCGAACCGGACCAGCTCGCGCTGTCGCTCCCGACGGCCGATGCGGTCGATCGCGACAGGGTCGTCCTGGTGTGGGGTGCGTCCACGAGCGTCGGCGCCAACGCCGTCCAGCTCGCCCGGGCCGCCGGGTACGCCGTGATCGGCACCGCATCGCCGAAGAACCACGGGTTCGTGCAGGACCTCGGGGCCGAGGCCGTGTTCGACTACCGCGACGACGGTGCCGAACGCCGCATCCTCGAGGCACTCGCCGACCGGGAGCTCGCCGGCACCCTCGCCTTCGGCCAGGGCTCGCTGACCCGCACGCTCCCGATCGTCCGGGCAGCCACCGGCTCCGGTCGGCTCGCGTCGGCGTACCCGACACCGGTGACGACGATCCGGGCGCGGCTCGAGCGCCGACACGGGGTCCACGTCACCGCGATCTGGGGCGGCCGCCCGACGGAGTCCGAGGTCGGCCCAGCTATCTACCGCGACTTCCTGCCCGAGGCGCTCCGCACCGGGAGGTACCGTGCCACCCCGACCGCGTCCGTCGTCGGATCGGGACTCGCCGCGATCCCGGACGCCCTCGCCGAACTCCGCGCCGGTGTCTCCGCCCGGAAGCTCGTCGTCACGCTTCCCTGAGCCGGTAGCGTCAGCGACGTGACCGATGCCGACGTGCCCGACGACGAGACCTTCAGCTTCACGATGTCGGGCGGTGGCACGCCACGGGGACACCTGCAGGACCCGAGCGCCGTCACGCTGCACCTGGACCCACGGCTCCTCGGCGACACCGC
NZ_CP181330.1_gap52	2954090	2956767	2677	TCATCGCGACGGCGAGCCCGCGCAGCATCGAGGCCGTCCGGGTAGCCGGTGCCCACGAGGTCATCGACCACACCACGACCGACGTCCGCGCCGCCGTGACCGAGCCGGTCGACGTGCTCCTCAACCTCGCCCCGATCGACCCGCAGGACTTCGCGGCACTCGTCGACGTCGTGCGCGACGGCGGCGCGGTCGTCAGCACCACGGCGTTCATGGCCACGCCGGACGACGAGTCCCGCGGGGTCCGGGCGGCGACGGTGTTCGTCCTGCGCAACCGCGAACGCCTGGCGGAGCTGGTGTCCCTGGTCGACGCCGGGGCGCTCACGGTCGAGGTCACCCGGCGCATCCCGCTGACCGAACTGCCGTCCCTGCACGCCGAGGCGGCCGCCGGACGGATCAGCGGCAAGGTCGTGGTCCTGGTCGGGTGACGGCCGCACACCCCCGCACCAGCACCACCCGCAGCAGCGCCGGATACGCTCGGCGCATGACGGACCAGGGGTGGCACGAGGACGTGCTCGGAGCACCGTACGAGCGGCTCGAACTGCCGCTCAGTACCGACTCGGAGGGGCCCGTCGTCGCCACCCTGGTCCGCCGCCGGCACACCCCGACGGACCTGCTGCTGCACGGTCGCGGGCCCCTGCACGGGGTCGACGTGCTCTACGTGCACGGCTGGTCGGACTACTTCTTCCAGGTCGAGCTCGCCGAACGCCTCGAACGGCTCGGCGCCCGGTTCCATGCGCTGGACCTGCGGAAGTACGGTCGGAGCCTGCGTCCGTACCAGACCCCGGGCATGGTCGACGACCTGGCGGTGTACGACGAGGACATCGCCGCAGCGCTCGACGCGATCTCGGCCGAGCACCCCGGCTCGGACCGCCGCCGACTCGTCCCGATGGGCCACTCCACGGGCGGCCTGACCCTGTCGCTCTGGGCAGCCCGGCACCCGGAGCTCGTGCACGGCCTCGTGCTGAACAGTCCGTGGCTCGAGTTCCAGGCCACCGCGGTCGGCCGGGCCATCGTCGCACCGGTCATCAAGCTCGGTGCCCGTCGGAACCCCCTCGCGCCGATGCCCGCCGTCGACCCCGGCTTCTACACCCGCACCGTCTCGGCCGAAGGCGAGGGGTCGTGGACCTACGAGCAGCAGTGGCGGCCGGAGCGTGGCTTCCCGCTGCACCCCGGGTGGCTCGCGGCGGTGTTCGACGGCCAGGCACAGGTCGAGAAGGGCCTCGGCATCGGTGTCCCGACCCTGGTGATGCTGAGCGACAAGAGCATGCTCCAGCCGCGGTGGGATCCCGGGATGGCGCGGGCCGACGTCGCCCTGAACGTCGACACGGTGGCCCACCGCTCGCTCTCCCTCGGCGAGGAGGTCACGGTCCGCCGACTCGCCGGCGCCCTGCACGACGTGGTGCTGTCCGCGCCGGAGGTGCGGGAACGCGCGTACGACACCATCGGGCGCTGGGCGAGCACACTCCGGTAGTCCCGCGACGACAGTCCCGCGACGCTGGCGACTCAGTCGGACAGCCCGGCGACCGCGGCACTGGTCGCCGCGGCGACGAGCGCGTCCGACGGCTCCGCACCGGGATCGGCCCGGCTCGTCATCACCACGAGCACGACGGGGTCGCGCCCCGGCGGCGTCACGACCGCGATGTCGTTCCGGACCCCGTAGGACGCCGTGCCGGTCTTGTCGGCGACCCGCCACGACGGGTCCACCCCGGCACGGATCGTCGCGTCCCCGGTCGTGTTGCCGAGCATCGCGGCGCGGAGCACCCGCCGGTCGGCGGCGTCGAGCGCGTCCCCGAGCAGCACGGTCCGGAGGTCCGCCGCGAACCGCTCCGGCGTCGTCGTGTCCCGTCGGTCACCCGGGACCGCCTGGTTCAGGTCGGGTTCGACCCGGTCGACGCTCGTCGTCCGGTCCCCGATGCCGCGCAGCCACCGCTCGACGGCGCCCGGCCCGCCGAGCCGTCCCACCAGCAGGTTCGCCGCGGTGTTGTCGCTGGAGCGGAGCGCGGCGTCGACGAGCTCGCGCACCGTCATCCCGGTGTCGACGTGCTCGCTCGTCACGGGCGCGTACTCGAGCAGGTCGCCGCGGTCGTAGTGCACCACGGTCGCCAGGTCGGCGTCGGAGGAGGCGTCGAGGACCGCCGCCGCGATGAACACCTTGACCGTCGACGCGAACGCGAACCGCTCCCCCGCACGGTGCGCGATCGTCCGACCGCTCCCGGTGTCGATCGCGGCGACCCCGAGCCGTGCGTCGTACCGCCGTTCCAGCGCCGCGAAGGCCCGAGCGGTGGCGGGGTCGGTCGCCGGATCGGTCGACGGCGCCACCGAAGCCGACCCAGACGCAGAAGCCGACGCTGACGCGGACGACGTCGGCCCGGTCGTGTCACCACCCGGCGCACCGGAGCACCCCACCAGCCCGACCAGCACCAGCGCCGTCAGGGCCGCGGCCGTCGTCGTCGTCCCACCTCGCACGCCCCGAGCCTGCCCGACGACCGTGCAACTACCCTGAGCGGCATGCCAGCTCCCGCCGTCCGCCTCACCCGCCTGGACCCCACCGGCACCGACCGCCAGGAGCTGCTCGCGTTCCTGACGTCCGAGGAGTTCCCGTTCCACGTCCGACGGCGCATCAGCGCGGCCGACGCGGCGAGCGCCGTCGACTCCGGCGCCTACCGCGACGACGAGC
NZ_CP181330.1_gap53	2958851	2959367	516	TCCGTCTGAACAGCGGTGCAGCACAGACGTTCTGCACTGGGGGACGAACCTGGGGATGCACTCAACCTCGTTGCACCGAGTGCATCGATGCACCTAGTGTTCCATCTCGTGACCATCGCGACCGACCGCCGTGCTGCCCTCAAGGCGAAGCACCGTGCGGCGATCCTGCAGGCCGCTCGCGACCTGATCGACGAGCGCGGCGGCCGCGACTTCAGCGTGGACGACCTCGCTGCCCGGGCCGACATCGCCCGGCGCACCGTGTTCAACCACTTCGCCTCGCTCGACGAGGTCCTGCTGGCCGTGTGCGAGCAGGAGCTGTCCGTCATCATCGACCGGTTCCTCGCCGACATGGCCCGGACCCCGGTGGGCGACGGCAGCCGGGCCTCGATGTTCGACGAGCTCGAGTCCGCCGCCCGCGGTGCCGACCTGGCTCCGGCGATCGCCAGCATGTACCGGATCCTCGGCGACCCGGGCAAGGACGACCCGAAGGCCGCGGTGCTGACCCAGACGGCGTTC
NZ_CP181330.1_gap54	3129208	3132148	2940	CGCGAGCGTCCTGGCCTCGACCGAGGGGCTGCCGCCGACCGTCGTCATCGGCGAGGTCGAGCCCGAGCACGTCGACCAGGTGCACGTCGACAGCCGCGCGGCGGCCGAGCAGGTCACCGAACACCTCGTCGCCCACGGGCACCGGCGCATCGCGATCGTCGGGGCGTCACCCGAGGGTGCCGCGACGGCGACGAGCGAGCTCCGCGAACGCGGCTACACCGCCGCGCTCGCCGCGGCCGGCATCACGCCCGACCCCTCGCTCCGTGTCCCGCTGCCGTCGTGGACCACGAGTTCCGCGGCGACGACCTTCGCGGCCTGGCTCGACGAGCACCCCCTGCCCGACGCCGTCTTCGCCTTCACCGACTCGATCGCGTTCGGGGTGCTGCACGTGCTGGCCGCCCGCGGCGTCCGCGTGCCCGAGCAGGTCAGCGTCATCGGGTTCGACGACGTCGACGCGGCCGCGTACGCGATCCCGTCGCTCAGCACGGTGTCGTTCGACCGTCGGGCCTTCGCGACGGCGGCGCTCGACCTGCTGACCCGGCGGATCGCGGACCGCAGTGCCGCGCCGGAGACCGTCGTCGTGCCGCACCGGATCGTCGAGCGCGCGAGCGTCGCCGACCGCCCGCGCTGACGCTGCTGCCGCGCCGCTGCCGCTGCTGCCGCGCCGTTTCGCGCTGACCGACACCTCACGCGGTCGCGCGCCCACGAAGTGTCGCTCAGCGCGAAAGACCGCCAGCGCCGCAGCCGCCGGAGCCGTCGCGCCCGCCCGGGTCCGCCGCCGCCAGCACCGCCGACCGCGTCCGCGCATCGCCGAGGATCCGGAAGTGCCCACCCACCGGCAGCCGCACGTTCGTGGCGCCCTGGAGCTCGCTGCCCTCGGGGATGAGCGTGTCGAACACCCCGTACACCGAGGTGATCCGCGCGTTCGCGTCGAGTTCCCGCGCCAGCCCCGCCAGCACCGGGTCGGCCGCCCGGAACGCCCGCAGGTGCGGCACCGGCGCGAGCCGCGCGTAGACGGACCCCGCGAAGGGCGTCGACACCGCGACCATCCGGTCGATCCGCTCGTGCTGGTCGAGCTGCGTCATCGCGTACTTGCCGATGAGCCCGCCCTTGCTGTGCGCGAGCACGAGCACGTTCCGCAGGTCCTGTTCCTCGAGGGTCGCGATCACCTCGCGCGCCGAGTCCGGCACGGGTCGCAGGTTGTGCCGCAGAATGGGCAGCACGTGCACCGGGTGTCCCCGGTCGTGCAGTGCGTCCATCAGCGGCCGCATGAAGTGCCAGGTCTCGTAGACGCCGGGGACCACGACGACGGGCTGCCCGGCGCCGGTCCGGTAGTCGTCCGCGGTGGTCGGCCCGAGGCTCCTGACCTGCCACCTGGCGGCGTACCCCCAGTCGAGTGCGGCCCACCACGCGCGTCGCACCAGCGGGACACGGCCTGGAGGCCCGGATCGCGCCGTCCGCGCCGCCTCCATCCCCGACGTGGCCGACGTGGCCGGCCGGGTCATCGCAGCCCCTCCAGTCGCTCGGCGCTGCGGAACGACTCGAGGAGGCGTGCGAAGGCGTCCGGCTGCCGTTCCTGCACGTGGTGCAGGCCGTCCAGTTCCACGAAGGTGCCGTTCGGCGCAGCGGCCGCGACCCGAGCCGACCAGTCGTGCCGCGCGATCGGGTCCTGGGTGCCGCGGACGACGAGGACGGGCTGCGTCACCTCGGTGATCGTCTGCTCGGTCGGGTAGCGGAGCATCGGCCCGAGCTCACGCGTGTACTGCCGCATGCTCCGCAGGTAGTCGGTGACCAGGACGCCGTTCATCCGGATCCCCTCGACGAACCCGTCGCGGCCCAGGTCGAGCGCCTGCAGCGGGAGCGATCGCCGTTCCGCGTTGATCACCGGACCGACGAGCACGATCGCCGCGACGGTCTCCGGGTGGCTCCGGGCGGACTCGACCACGACCTGGGCACCCATCGACTGCCCGACGAGCACCAGGTCGCCGTCGACCAGGTGGCGGACCGCCCGCACGACCACGTCGCCGAGCTCCTCGATGGACAGCCGACGACCGGCCGCGGGCAGCCAGCCGAACCCCGGCAGGTCGACGCTGATGGTGCGGTGCTCGGCGGCGACGACGCGCTGCGACCGGGCGAAGGACCGGTGGGACATCCCGATGCCGTGGACGAACACGACGGTGGGGTCGGTGTCATCGCGGACCGGCTCTCGCGCAGCCATGGTGTGCAGGCGCACGGGCCACCCGTCGATCCGGACGGTCTCCACAGCAGCGCGCACGAGCCGAGGCTACGCGGCGGTTCGCAGCACCGGGTCAGCCTCGTCATCGGCTGTGCATAGCCGAGCCGTGTGCACTCCTGGCATGAGCGACACCACTCCCACCAACGGTCACCAACCGGACGGCTCCGACCCGGCGAACCGGGCGACCACGCCGACCGGCTGGGGCGCCGCCCCGACCCCGACGTCGACCTCCACGCTCGACGCCCCCGCGCCGCAACAACAGCAGCAGCAGCAGCAGCAGCAGCCGTACCGCGCGGACGCCGGCGCCAGGAACCCGGGCGCCTGGGACTCCACCGCCCCGAACGGCGCCACCCCCTGGTACGGAGCCGCAGCCGGCGCCGCGAGCCCGACCAACCGCCGCAGCACCGGCCCGAAGCCCCCGTGGTTCTGGCCGCTCCTCGCCGCGATCGTCGGACTCGCCGCACTGCTCGTCGGCGGCGGCGTCGGGTTCGCCGTCGGCCACGCGATCGGTGCGGACCGGACGCAGTCGACGACGCAGGTCCCCGGCACGAACCGGTTCCCGGGCAACGGCACCGGCCAGGCCCCCGGGTACGGCTCCGGCAGCACCGACGGCACCGGGAGCTGACGGGCGCGTACGATCCGTCCCATGCGGAAGACCACTGCCGGTCTGTTCACGTCGGTCGACGGCGTCGTGCAGGACCCCT
NZ_CP181330.1_gap55	3133692	3134914	1222	CGGACGGCACTCGGCGCGGCAGATCGTGCGCCTGCTCGAGGGCAAGGCCACCGAGCGCTTCAAGTACTTCGACAAGGGCACCATGGCGACGATCGGCACGAACGCCGCGGTCGCCCAGCTGCGCGGCGGGATCACGATGGTCGGCCCGATCGCCTGGCTCGCCTGGGTGTTCGTGCACATCACGAGCCTGCTCGGCGCCGGCAACCGGATGTCGACCCTGACGCACTTCTTCGTCCGCTACGTGTGGTTCATGCGGAAGCGCTCGATCCCGATCGTCGGCGACGTGCGCCCGGTGCGCCCGAACGGCGACCGCGAGCCGGACCCCTGGCAGCTGCAGAAGGCCGAGTAGCCGCGCGCGGTCGCTCGCACGCTCGCTTCGTGAGCAGGAACGGTCGGGTCCGCACGTCGGACCCGACCGTTCCTGCTCACGGTGTGCGTGCGGTGGACGCGGGGCGGAACGGCCTGGAGGCGCGGTGCGGGCGGGCCACGGGCCTCCCGGCCGGCGCGTGGTGCGCGGGGCTGGCGCCGACGCGTGGTCGGGACCGTGGGGCCTGCCGACGCGGAACGACCATGTCGCTGTCGGACGACAGCGACATGGTCGCTGCGCGCGCCGCGCGACAGCGCGCGCGTGCAACGTACGACGTCGTCGCTGTCGTGCGACGTCGACACTGTCGTTCGGCGTCGGGCCCTGACGAGCCTGGCGCACCCTGCTCGTTGAGACTCCTCTTACCCACGAGGAGGACCCTGGTCGGCGACACGAAACCGAGCAGCGCGGGGAGGGACCATGGCGACGACCACGCTGACCCACGCGCCGACGCAGGCGCAGCCTCAGCACCGCACGGCCGCCCCGGAGCACTCCGGGGCGGGGACGCAGCAGGCTCCGCCGCCCCCGCTGACGCACCGCGCACCCGCGCTCGACGGACTCCGGACCCTCGCCATCCTGGTCGTCGTCCTGTACCACCTGCACGTACCGCAGTTCGAGGGCGGCTTCATCGGCGTGACGGTGTTCTTCGTGCTGTCCGGCTTCCTCATCACGACGCTGCTGCTCGGCGAACGGCGTCGTACCGGGCGGGTGCGCCTCGGGACGTTCTGGGTGAAGCGGCTGCTGCGCCTCTACCCGGCACTGCTCGCGCTCGTCGTCGTCGGGCTCCTGCTCTGGAACTGGGTCGGTGACTACAAGGGCGCCTCGCTGTCGTCCGGCGAAGCGGCGTTCATCGCGCTG
NZ_CP181330.1_gap56	3142302	3145648	3346	CGGGGCTCACCCCCGACGAGACCGCCGCGGCGGCCGGGGTCGTGCGGGCCGAGGCGCACTCCGCGCTGACCGACCTGCGCGACGTCCTCGGGGTGTTGCGCGACCCCGCGGCGACCGGCGGCGACGAGGTCACCGGCACCGCGCCTCCGCAGCCGACGCTCGTCGACCTGCCCGCCCTGCTCGACCAGGCGCGTGCCGGCGGCGCGACCGTCCGGGCACGCGTCGACGCCGACGGCGCGGCGGTGCCGACGGCAGTCGGCCGGCACGCCTACCGGATCGTGCAGGAGTCGCTGACGAACGCCCGCAGGCACGCCCCCGGACAACCCGTCGACGTGGTGGTCGAGACCGTCCCCGGTCCCGGGGTCCGGGTGGTGGTGTCGAACACGCTGACCGACGGACCTGCGCACGCGGACGCGTCCGGGAAGACCGCCGGGCACGGCCTGCGCGGGCTCGCCGAACGCGCCCGGCTCGTCGGCGGGAGCTTCCGCGCCGGCAGCGACGACGGACGCGTGCACGTGGTCGAGGCGGTGCTGCCGTGGACTCCGTGACCGCTCCCGTCCGCGTCGTCCTGGTCGACGACGACCAGCTCGTGCGCGTCGGGCTCCGCATGCTGCTCAGCGGCGACGACGGCCTGGTGGTGGTGGGCGAAGCGGGCGACGGGCTCGAGGCCGAAGGCGTCATCGCGTCGACCGCGCCCGACGTCGTGCTCATGGACATCCGGATGCCCCGGTGCGACGGGCTCGTCGCCACCGAACGCGAACTGCGCCGACGACCCGACCTGGCCGTCCTGGTGCTGACCACCTTCGAGGGGGACGACCTCGTGCTCGGGGCACTGCAGGCCGGCGCCCGTGGGTTCCTGCTCAAGGACACCCCGCCGCACGAACTCGTGCAGGCCGTGCGGACCGTGGCGGCCGGGCGCTCGATCCTGTCCCCGTCCGTGCTCGACCGGGTCATCGCGTTCGCGGCCGGACCCCGCTCGGGCCAGGCGGCCGGTGGCCCGGGCGGCGCACCGGCAGGGCCACCGGCCGGGTCATCGGCCGGTGCCGCTTCGGACGACACCGAGGCGCGCCGGCTGCTCGCCCTGCTGACCGAGCGGGAGCGGGAGGTCGCACTCGCCGTGGCGAACGGGGCGTCGAATGCGCAGATCGCGGCCGACCTGTACGTGGGCCTGGCCACCGTGAAGACGCACGTCGGGCACGTGTACGAGAAGTTCGGCGTCGAGAACCGGGTGCAGCTGGCACTCGTGGTGCACGCGGCCCGGCGGGGAGAGCCGAGCGCGTGACCGGGTGACCGGGTGACCGGGTGACCGGGTGACCGGGTGACCGGGTGACCGGGTCACCGGGTCGCCGGGTCGCCGGGTGATCGTCGGCTGAACGGTCGACGGTGCCCCCTCGGCAGGATGGACCGATGGCCGAGACGCACGTGAAGACGTTCACCACCGCGGACGAAGCGGCAGCCGAAGCCGCCGGACTCGCCTGGCTCGCCGAGGCCGAGGACACCGGCGGCACCCGCATCGCCCGCGTGCTCGGGCGCCCGACCCCGACCGTGCTCGACCTCGAGCTGATCTCCGACGGCTCCCCCACCGCCGCCCAGGCGGAGCGGTTCGGCCGCTCCCTCGCGCACACGCACGCCGCCGGTGCCGACCACTGGGGTGCGCCGCCCGCCGGCTGGACCCGCGGTGCGGCGCTGCGGATGGGCCGCTCGCGCACGCCGTTCGTCGCGGCCGATCGGGCACCGGCGACCTGGGGCGATTTCTTCGCCGAGTACCGCATCCGCGACTTCGTCCGCCGCATCGTCGACGCCGGCGGCTTCGACCACGCCGAGGCCGCCGTGTTCGAACGGGTCGCCTCGCGCGTGCAGGACGGCACGCTCGGGTCGCCGCAGCCCGCGCTCGTCGGGGACCGACCCGCTCGCCTGCACGGCGACCTGTGGGCCGGCAACGTCTTCTGGCCGACGGACTCGTCCGAACCGACCGGCGCCGTGCTCATCGACCCCATCGCGCACGGCGGGCACGCGGAGACCGACCTGGCACTGCTCGGGCTGTTCGGGCTGCCCCGGCTCGAGACGGTGCTCGCCGCCTACGACCGGGAGTCACGGCTGGCTGACGGCTGGCAGGAGCGCGTCGAGCTCCACCAGCTCGCACCGCTGCTGCTCCACGTGTTCCTGTTCGGCGGCTCGTACGCCGGCGCCGCACTCCGGGCAGCGCAGCGGTACGCCTGACCCCTCGCACCGTGCGAGGGGCGCCGCACGAACGGTGCGAGGTTCCACACTCCGTGCGACCCCGCGTGCCTCGCACCGAGTGCGGAACCTCGCACCACAGCAGACCGCCCCCTCGCACCGTGCGAGGGGGCGCACCGTGCGTCCTTAGCGCGCACATAGCCGGCGCAGTGCGGCAGTCGGGGAACACCCCGGATGCTCATCGACATGACCACGTACCCGATACCCGTGACCGACCGACGCGACCCCGCGCGCAGTGCCGCCCGGGATCGGCGCCGCCCGCCCCTCGCCCGGCTGTTCCTCGGCGAGCGCGAGGACGCCCGCTGGCTCCGGCCGGCGTTCTGGGCGCTCCTGGCCGTGACCGCCGTGGTGTACCTGTGGGACCTCAGCGTCTCCGGGTACGCCAACAGCTTCTACGCGGCCGCCGTGCAGGCCGGCACGAAGTCGTGGGAGGCGTTCTTCTTCGGCTCCCTCGACTCGTCGAACTTCATCACGGTCGACAAACCACCCGCCTCGCTGTGGGTGATGGTGCTGTCGGCGCGACTGTTCGGCTTCTCGAGCTTCAGCCTGCTGCTCCCCCAGGCGCTGATGGCCGTCGGTTCCGTCGCCCTGGTCTGGGGCACGGTCCGCCGCACCCTGGCCCGACTCGGCGCCACCACCGCGAACGTCGGCGCGCTGCTCGCGGGCTTCGTCGTGGCAGCGACCCCGGCGGCGGCGCTGATGTTCCGCTTCGACAACCCGGACGCCCTGCTCGTCCTGCTGATGACCGCCGGCGCGTACTGCACGGTGCGGGCGCTGCCGAAGGGCAGCTGGAAGTGGATCGCGCTCGCCGGGGTCGCCCTCGGGTTCGCGTTCCTGACGAAGATGCTGCAGGGCCTGCTCGTCCTGCCCGCCTTCGGCCTCGTCTACCTGTTCGCCGCCCGCACCGGCTGGGGCCGGCGCGTGGTCGGCCTGCTCGTCGCCGCCGTCTCCCTCGTGGTGGCCGCGGGCTGGTGGGTCGTCGCCGTGTGGCTCTGGCCCGCCGAGTCCCGACCGTACATCGGCGGTTCGACGAACAACACCGTCCTCGACCTGGTGTTCGGCTACAACGGCCTCGGCCGGATCTTCGGGGGCTCCGGCAACGGCGGCG
NZ_CP181330.1_gap57	3167995	3171402	3407	CGGTCAGGATCGCGGACACGGCGTGGTCGCCGAGCATCGCGGCGAGGCGCTCGCGGTCCGGGGCGCTGTAGCGCAGCCAGCCCCCGAACGTGCTCGCGGCGAGGTCGCCACCGGAGGCCCGGGGGTTCACGCGGATGGTGGCGAGCAGGGCGACCTGGAAGCGCTGGCGCTGCGTCAGGCCGATGCCGTAGAAGCGGTCGAGGGCGCCGACCGTGGCGACGGTGACCGCGGCCGACGACCCGAGGCCGAACTTCCGGCCGCTGGCGTCGTCGAGCTGGCTCTCGATGCGCAGTTCGTGGAACCGCGGGGCGATGCCGTGCTCGGCGCGGAGCTTCTCGACCAGGTCGATCGTGGCCATCACGTAGTCGTACGGGTGGTGCTCACGGTCGAGCGCCAGGCCGTCCTCGGCACGGGTCCACGTGAGCGGCAGGTGTCCGTACTCCTCGGAGTGCACGCTGCCGGCGCCGTGGCCCTCGCGCACCTTCGCCGTGATGGCGCGGTCGAGAGCGATCAGGACGGACGGCTGGCCCGGCTCGACGACGGCGTACTCGCCGGCGACGAACAGCTTGCCGTGTGCACGGAACTCGATCACTGCGCGGACTCCTTCTGGTCGGGATTGCTCCCGGTCTCTTCGGAGCGGAGCACCCGCGCGGCAGGTCCGGTGCCGGACTCGATGACGTCCCCCAGCGACGCGAGCGCCCCGGCGACGGCCGACCGGTCCTGCGGCTTCGTGAGGACGACGACGTTCGGGCCCGCGTCGGCCGTGGCGTAGGCCTCGGTCCCGCCGGCACGCACCTCGGCGACGGCGTCGAACACGGCGACGCTGCGGGCGTTGAGGTAGCGGATCGGCGGGAACGCGCCCTCGATCGTCGCGTGCATGCGGAGCGCGTTGCTCTCGGTGATCTCGCCGATGCGGGTGAAGTCGCCGGCGGCACAGGCCGTGAGCATGTCGCCGACGGTCTCGGTGGTGGAGGTCACCCAGGCCGGGTAGAACGGCGACGTCGCGATGGTGCGGCGCATGGCCTCGCGCGACCCGATCGGCTTGGGGCCGGCGTCGATCGTGACCACGACCATGGCCATCGGCGGAGCGGGGATCGGCTCGGCGAAGGAGCCCTGGTCGTCGCCGGCGTGCCAGACGGCGACACCGCCGGGGATCGAGCGCGTGGCCGAGCCGGAACCGCGACGGGCCAGACGGGACAGGTCGCGCGGCGACAGGTCGAGGCCGTAGGCCGCGGCGGCCGCGGTCGCCAGTGCGGCGAAGCCGGACGCGCTCGAGGCCAACCCGGCGCCGGTCGGGACGGTGTTCTCGGACACCACCGACGCTCGCTCGGACGACCCCGCGAGCTCGCGCACCAGGTCGAGGAACTGCTGCACGCGCACCAGCGCACCGTCGTCGACGACGTGACCGTTCAGCGTGAACGCATCACGCGCCTCCCGGCCGTCACCCGACCCGCCGTCCACCGTGACGGTGGTCGTCGTCGGGAACACGTCGAGCCCCATCGAGACGCTGCCCGTGGCGGGCAGGGCGAGCTGCGCGTCCGCCTTCCCCCAGTACTTGACGAGGGCGATGTTGGGGTGCGCGACGGCGGTGGCTGTCAGCAAGCGCGGGCTCCGATCGTGGTGGTCCAGGTGGCTGCGGCCCCTGCGCCGCGGAGTGCGGCCGCGATGCGGTCCGCGTGGTCGTCGTCCGCGGCGAGCGCGAGGACGCACCCGCCCCGCCCGCCGCCGGTGAGCTTCGCGCCGAGGGCGTCCGCAGCACGTGCGGCGTCGACGAGCCGGTCCAGGTCGTCACTCGACACGTCGAGTGTGCTGAGCAGGTCGTGCGCGGCGTCCATGGTGGCACCCAGAGCCTGGGCATCGCCGTCCTCGAGTGTCCCCCGTGCCCGACGGGCGAGCGCGCCGATCCGGTCGATCACGGCGCCGACGCCGGCCGGGTCCTGGTCGTGGCGGGCGCGGACGGCCGAGACGGCCTCGCGGGTGTGCCCGGGGACGCCGGTGTCCGCGACGACGAAGGTGAACCGGGCGCCGAGCGTGACGGGTTCGATCTGGCCGCCCTCGAACCAGACCGGCGCGGACGCGACGACGCCCCGGGCGTCGAGGCCGGACGGTCGGCCGTGGGCGACGCGCTCGCACTCCTGGATCAGCTCGTGGTGGGTCTCGACGTCGAGGGTCTCGCCCAGGGCGTCGGCGACGGCGGAGGTCACGGCGGCGGCGACCGCGGCGCTCGAGCCCATGCCGCGGGCGGTCGGGACCTCGCTGTCGACCCGGACGTGGAAGTGGCGGTCGGTGACCCCGAAGTGCCGCAGGGTCGCGGTGACGGCGGTGACGGTCGGCATCACGGCCGCGGGTGCGAGGTCGAGGGGGCCGGTGTGCACGGTGGACTGCAGGCTGTGACCGGGCTGCTCGGCGTCGGCGGCGACCGGGGTGACCGTCGCCACGACCCGTGCGTCGAGCACCGGCAGGACGAGAGCGGGTGCGCCGTAGACCACGGCGTGCTCACCGATCAGGATCGTCTTGCCGTGGGACGACGCCGATCCGTTGCCGGGGGTCGTGGTGTTGTCGAGGTCGCTGCTGCTCATCTTGGGTCACGTCAGCCTAACCGTCCGGGTCGTCGGCGTGTTCGTCAGCTGGGCATCCCCTGCATCGAGTTGTGCACAACTGGGTTGCGTGACAGTGTGGATGCATGCCCGTGACCGACGAGATGGTGTGCTTCTCCCTCTACGCGGCGTCCCGCGCCACCACGCAGGCGTACCGCACGATGCTCGAACCCTGGGGTCTGACGTACCCGCAGTACCTGGTGCTCGTGACCCTGTGGGTCGAGGGCGACCAGACCGTCTCGAGCCTCGGGGAACACCTGCAGCTCGACTCCGGCACCCTCTCGCCGCTGCTCCGCCGCATGGAGCAGCGCGACCTGGTCCGCCGCGAGCGCCGCAGTACCGACGAGCGCGTCGTCACGGTGACCGTCGGTGACCGAGGCCGCGAACTGCGGTCCGAGCTGAGCGGCATCCCCGCGCGCATCGCCGCCGGGATGGGCCTGGCCGACGAACGTGCCGCCGCCGAGCTCATCGCGACGCTGCACCGGCTGACCGAGACGATGCACGCGGCGGCCGACCCCGAGCACGACGCCGCGGGCGCTGGCGCCGGCGCCGTTTCGCGCTGAGCGACACCGCACGGCCACGTGTGCCCGTGAACTGTCGCTGAGCGCGAGAGCACGCCGCACACCCCCGAACTTCACGATCCGCCCCACAAGGAAGGAACCCCATGGAAACCCTCTACACCGCCGAGGCCCTGGCCACCGGCGAAGGCCGCAACGGCCACGTCGCCACGAGCGACGGCACGGTCGAGTTCGACCTCGCCATCCCGAAGGAGATGGGTGGCTCCGGCAACGGCGCCAACCCCGAGCAGCT
NZ_CP181330.1_gap58	3175461	3177561	2100	CGACACGTTCACTGCGCAGTACTCCGGGATCACCTCGACGCTGCCGGTACCGATCGGCGTCGCGTTGTTCGACCTGCCCCGCGCGGTGGGCGACGGGCTCACCTACCCCGGTGTCGGTGACCGGACCCTCGGCGGTCCGACGAGCACGTCAGCCGCGGTCGACGTCCCGTTGGACGGGTCCGGGGTCGACCCGTCACACCTCGGCACGCTCGTGACCTACTCCGCCGCGGCGCCCGGGCAGGACGTCCCCGTCGAGATCTCCGCCGGCAAGGTCCTCGCGGTGTCCACCGTGCGGTGGTCCGTCCCCGCGCGGCAGACGAACGTGCACCCGAAGGACGCCGGACGACGGGCGAACGCGACCGGGACCGTCACCGCGACCACGGCCGCCGGCGCACCGAGGTCCTACGGCGTCGCACCGGACGACCTGATCGGGGACGTCGCCGCACGGTTCGGCATCACCGTCCGCGACCTGGTCTGGCTCAACGAGGGTGTCCAGGTGTTCGGCGAGGACCAGCACCTGTACGAGGGCACGTCCCTCAACCTCGACCCGCTCGCCCGCTGAGCCGGCGGCGGGCCGGGGCGGCAGGCGGCGTTTCGCGCTGGGCGACACCTCACGGGCCGCGGCGCGCGTGAGGTGTCGGTGAGCGCGAAACCGGCCCGGCGTCCGCCCCGCGGCCAGCCCGGCCACACGACGGACGGGAGGCCCGTGGCGGATCCGCCACGGGCCTCCCGTCCGTCAGGTGGGGCGTGCGTTACTTCCGCAGCTCCAGGTACTTCGCGATGAGCGCCTTGGTCGACGGGTCCTGCGCGTCGAGCGCGGCCTGGTCGCCCTCGACGGCCGGCGTGACCTGCAGCGCCAGCTGCTTGCCGAGCTCCACACCCCACTGGTCGAACGAGTCGATGCCCCAGATCGTGCCCTCGGTGAACACGATGTGCTCGTACAGGGCGATCAGCTGGCCGAGGACGCTCGGGGTGAGCTCCGGCGCGATGATCGACGTGGTCGGCTTGTTGCCCGGGAACGTGCGCGCCGCGACGATGCCAGCGTCCGTGGTGCCCTCGGCGCGGACCTCGTCGGCGCTCTTGCCGAACGCGAGCGCCTTGGTCTGCGCGAAGAAGTTCGCCAGGAACAGCGTGTGCACGTCGGTGCCGGGCGCGACGCCCTTGCCGTCGCCGGTCTCGTCCTTGAGCGGACGGGCCGGGTTGGCGACCGTGATGAAGTCGGCCGGGATCAGGCGGGTGCCCTGGTGGATGAGCTGGTAGAACGCGTGCTGGCCGTTCGTGCCGGGCTCACCCCAGAAGACCTCGCCGGTCTCGGTGGTGACGGGCGAGCCGTCCCAGCGGACGCGCTTGCCGTTCGACTCCATGGTGAGCTGCTGCAGGTACGCGGCGAAGCGGTGCAGGTACTGCGTGTACGGCAGGACCGCGTGGCTCTGCGCACCGAGGAAGTTCGTGTACCAGACGTTGAGCAGGCCCATCAGGACGGGGACGTTCTGCTCGAGCGGCGTGGTGCGGACGTGCTCGTCGATGGCGTGGAAGCCGGCGAGGAACTGCTCCCAGTTCTCCTTGCCGATCGCGATGACGACGCTCGTGCCGATGGCCGAGTCGACCGAGTAGCGACCCCCCACCCAGTCCCAGAAGCCGAAGGCGTTCTCGGGGTCGATGCCGAAGGCCTCGACCTTGTCGAGTGCGGTGGAGACGGCGACGAAGTGCTTCGCGACGGCGTTCTTCTTCTCGTCGTCGGCGGCGTCGGTCAGGCCGAGCTCCTCCCACAGCCACTGGCGGGCGAGGCGCGCGTTCGTCAGGGTCTCGAGCGTTCCGAAGGTCTTCGACGCCACGATGAAGAGCGTGGTCTCGGGGTCCAGGTCCGCGGTCTTCTCGTAGATGTCCGCCGGGTCGATGTTCGACACGAAGCGGGCCTCGAGTCCGGGCTGGACGTAGGGCTTGAGTGCCTCGTAGACCATGACGGGGCCGAGGTCGGAGCCACCGATGCCGATGTTGACGACGGTCTCGATGCGCTTGCCGGTGACACCGGTCCAGGCGCCGCTGCGGACCTGCTCGGCGAAGCCGTAGACCTTGTCGAGCGTGGCGTGCACGTCGGCG
NZ_CP181330.1_gap59	3180438	3185380	4942	GGCGGTGCGGAGGGCATCCGCGTCGACGGGTGCCGTCGAGCTGACGGTGACCTCGGACGATCCGCCGGGGACGAGTCGGACGTCGACGCCCGACACCCCGTCGACCTCGGTGAGTTCCTCGGTGACGCTCATCACACAGTGGTCACAGGTCATGCCCTCGACGAGCAGCGTTTCGGTGGTCATGGTGTCTCCTTCTCAGTGGTCGATCGTCAGGGTCAGGAGCGGACGAGCCGCGCGATCGCCTGGCTGGCCTCGCGCACCTTCTCGTCGGCGGCGTCCCCGCCCTCGGCGACGGCCTCGGCGACGCAGTGCGCCAGGTGGTCCTCGAGCAGCGACAGCGCGACGCGTTCGAGCGCTCGGTTCGCCGCCGAGATCTGGGTCAGGACGTCGATGCAGTACGTCTCGTCCTCGACCATCCGCGCGATGCCGCGCACCTGCCCCTCGGCGCGACGGAGTCGCTTGAGCAGGTCGTCCTTGTCGCCGATGTACCCGACGTGTTCGTGCATGTCCGCCTCCACCGTTCTCAATACGGTACCCCCCTAGGGTATTCCTTTCCTTGTCCGGTGCAACTGATGGCATGATCGGCGCATGGACCCCTCGACGACGAACGGATTCCGCCGGCTGCGGTTCTCCGACGGCGAGGGTTCCGACTACTCCGAGATCTTCACGGCCGAGTACGGCGGCTCGGACTTCGCCTCCGAGACCTTCGCCACCGACGACACCCGGTACGAGTACACGGTCGTGGGCGACGACGACCTGTCGCTGCGCACCATGCGGGCCGAGGGCGGTCGGCGGGGCGGGGTCATCGGCGTGCGGGACGACCACGTGGTGTTCTGGCTGACCAAGGGCCGGCTCGAGATGCACTTCGCCGACCGCACCCGCGTCGTCGAGCCGGGCAGCCCGTACATCGCGTCGGCGTCCGAGGCCTACCGGTTCGAGTCCGACGGCACCGTCTACAACGGCGTGCACGTGTCCGACCGGTTCCTGCGGAGCGTCGGCCGCGACCTCGGCTACCGCCTGCCCGACGGCCCACTGCTGTTCGACCAGCAGGACGAGGTCGTCGCCCGGCGCGAACCCCTGCGGCACCTGATCCGTGAACTCGGGCCGGCCCTGGTCGACGAGCGCGTGCTCGGGCCGATGCGGACCGCGCTGAACCGCCGGCTGGCCGTCGTCATCCTCGACACGTTCCCCATCCGCAACCGCGGCGACGACGTCCCCGTGGCGAACCGGCTCCGCGACGCGATCCGCTTCATCGAGCTGCACGCCGCCGAACGCCCCTCGGTCCCCACCATCGCCGCCGCCTGCGGACTGAGCCAGCGCGGGCTGCAGGACGTCTTCGCCCGGACGCTCGACACCACCCCGCACCGGTTCCTCCGCGACCACCGCCTGGACCGGGTGCGCGAGGAGCTGCTCCGCGCGGACCGGGGCGGCCCGGTCGCCCCGGCGGACTGTCCGCTCGTGTCCTCCGGCATCGCCGCGATCGCCCGCCGCTGGGGCTTCACCAACCCGGGCCGGTTCGCCGAGACCTACCGCGACCGGTTCGGTGAGGACCCCGCCGTGACGAAACGCGCGTCGCTGGCTGCGCAGCCGGAGGCCGGCAAGGCGTCGTGGCGTGTCCGTCGTGCGGTGTCGTACATCGAGCAGCACCTCGACGACCCGCTCACGCTCGACGACATCGCGGCCGCCGCAGGGGTGCTCCCCCGACGGCTGCAGCAGCTCTTCCGCGAGGAGCGCGGCGAGTCCCCGATGGCCTGTGTCCGTGCCATGCGGGCCGCTGCAGAGCGCAACGGCGCGGCCGGAAACGGCTGAACGGCCGGACGGAACACCCCGGGGGTACACGCACATCCCCGGATTTCCGGGGTTCCCTGGAAAGCAGCCGAATCCGAGAAGTCGTGTGTGACGAATCTCTTCCACAGCCCGTCTCATCCGTGAACAGCAACCGCTGGGAACGCCCGGCGGGTCAACGGAAGGAACGAACATGGCTGACACCACCACCCCCACCCCGGCCACCACGGCGACCCGTGCCACCTCGCACGCCGGCACCAGCAGCGTCACCGGCAAGACCGTCATCGACGACACCGTCGTGTCGAAGGTCGCCGGCATCGCCGCCCGCGAGGTCAACGGCGTGCACTCCCTCGGCAACGGCGCAGCCCGTGCCATCGGCGCGATCCGCGACGCCATCGGCCAGCGCGACTTCGGTCAGGGCGTCAAGGTCGAGGTCGGCGAGAAGCAGGTCGCCGCGGACATCGTGATCGTCGCCGAGTACCCGGTGTCGCTCCAGCAGGTCGCCGACGGCGTCCGTGCCGGCGTCGCCCGTGCGCTCGAGCAGATCGTCGGCATGGAGGTCGCCGAGGTCAACGTGACCGTCCAGGACGTCTACATCCCGGGCGACGACGACGACAACGAGGACGAGAAGAAGGAAGCCCGAGTCGCATGAGCAACACGCTGATCGGCGCCCTCATCGGCGCAGTCCTCGCCGTCGTGGCACTGCAGTTCGGGTTCTGGGGCTTCGTGCTCGTCATCGTCTTCGGTGCGATCGGGGCCCTCGTGGCCGCACTCGCCACCGGGCGCATCGACCGCGGTGCCCTGACCGACGTGCTGACCGGACGCCGGAGCTCCCGGTGAACGCCGGCCCGGACGTCCCGGGCCGCGTCGAGATCACCGCACGCGCGCTCACCTCGCTGGCGCGGGCCGTCGCAGCCGAAGGGCTCGGCGCCCCCGCCAAGCGGGTGCGCGTCGGACTCGGCGACGCGTCGGGAGCACTGTCGCTCGACATCACCGGGCCGATCGCCGCGAGCGACGACATCGTCTCCGGGTCGATCCGGATCGCGGACCAGGTCAAGGGCCGCGTGAGCGACCTGACCGGGCGCCGCGTCGGCAGTGCCCACATCGAACTCACCGGGATCGTGCGCGAGCACGAGTCCCGTGCCCGCTAGGAGGCCATCATGAGCAACGGTTCCGTCGAACGACGCATCCGTCGTCGGAGCGTGCACCGCTCCCGCTCCACAGCAGTGGCGGTGGCACTCGTGGTGCTCGCCCTGGTGGCCGCCTGGATCGGCACCGAGGCGGTGCTCAGCGCCATCGGACGCCCGCCGCTGGTCGCCGACCCCCAGACCGTGGTCGACACGGCGCTCCGTCCGGACGCCGCGTTCGTCACCATCGTCGAGGTCATCGCGGGTGTGCTCGTCGTCCTCGGCGTCGTGCTGGTCGTCCTGGCGCTCAAGCCCGGCCGCCAGCACCGATCGGTCGTCGAACACGAGCGTGGTGCGGTCGTCATCGACTCCCGCATCGTCGCCTCCACCGCGGCGAACGCTGCCGGCATGGCGGCCGGTGTCCCCGAGGGGAACGCCTCCGCCACCGCTCGTGGCCGTTCCACCGAGGTCCGCATCGTCCCCGTCACCGGCGTGCCGGTCGACGAGGCGAGCGTCCGCGCCGCCGTCGTGGAGCGTCTGAGCGGTCTCGACGAGCGCTTCGGCCGACGCGTCCGCGTCCGGGTCGAGGAGAAGGGAACCCTCGCATGACCAAGAGCAACCGGACCCTCAACCGGATCATCCTGTTCGTCCTCGGTCTCGTCGCCGTCGTCGTCGGGATCGCGATGGGCGCGGGTGTGCTGCCCGCCGTCCAGGACGCCGTCAAGCCGTACGTCGACCTCCCCCGCAGCCTCGACGTCCCCGCGTCCACGCTGTGGATCGTCGCCGGGGCCGCGGCCCTCGTGATCGTCCTGTCCCTCGTGTGGGTGTTCACCCGCGGTGGTGGCGGCACGTCCGTCGCCGTCCGGGAACACTCGGGCGACGATGCGGTCACCGTCAACGTCGCACTCGTCCGGGACGTCCTCGAGCACGAACTCGCGGGTGTCCGCGACGTGGTCGGCTCCCGGGTCGACACCTACCTCGTCCGCCGGCAGCGCGCCGCCCGGATCCGTGTCGCGGTCCGCCGCGGCGGGGACGCCGTCAGCGTGCTCGACGCCGTCGACCGAGCCGTCGCGGTCCTCGACCGCACCCTCGGCCGTCCGGTCCCGGTGCTCGTGCACCTGACCGGCGGTACCCGCTCCGCGCTCGCGAAGTCGACCCGCGTCCACTGACACCCGTCAGCCGGACGCACCCCGGGCCTCCCGGCCCACCACCACACCACCGGGCGCACGCCCACTCACGAAAGGACCCGTCATGGGACTCGACGACAAGATCAAGAACGCCGCTCAGGACCTCGCCGGCAAGGCGAAGGAAGCCGTCGGCAACCTGACCAACGACGACGCCAAGGTCGCCGAAGGCAAGAAGGACCAGACCGCTGCGAGCGCGAAGCAGACCGGCGAGGACGTCAAGGACGTCTTCAAGAAGTAGGTCGCACGACCGCATCGGGGCACCCGTCGAACGGGTGCCCCGATGCGTCCCCGCGCAGATCCCGAACGAGGAGGAACCATGCAGCACGACCCCCATGCGAACACGCAGGTCACCGAGGTGACCCTGCCCGCAGCACTGACGGAGCCGCTGCCCGACGACGCGAGCACCGCGACGATCGTCGCGCGCACCGCGGCGGAGACCGCGCTCGGCGTGCCCGGCGTGCACCACCTCGGCGGGATCGCCGCCCGTGCCGCCGACCAGCTGCGGAAGCAGCTCGGCCGCTCGGCGGGCACCGCCGGCGTGCAGGTCGACGAAGAGGACGGTGTGCTCGCCGTGCAGGTCGCCGTCGTCGTCAGCTACCCACACCCGGTGCTGGACGTCGCCGCCGAGGTCCGGCAGCAGGTCACCGCAGCCACCCGACAGCTGTCCGACCTCCGCACCTCGGTCGACGTGCGCGTCCTCGACGTGCACGGACCGTTCGACGACGAGCAGTCCCCGCTCGGCCGCGCCGCCGAGCAGGCGACCGATGCCGTGAAGCAGGCGGCGGAGTCGACCGGCGAGGCCGTCAAGCAGGCCGCCGAGACCACCGCGGACGCCACCGAGCG
NZ_CP181330.1_gap60	3201276	3204080	2804	TGAAGAACGCTTCCCCCGAGCGGCTGATCGACGCCGTGCGGACCGTCGCCGCCGGGGACGCCCTGCTCGCGCCGGACGTCACGCGTCGGGTGATCAGCCGGGCGACGGCGTCGGCTGCGGTGCAGCCCTCGGCGACCACCACCGCGACGACTGCGACGACCGACACGACTGCCACGACGGGCGACGACGCACTCGCCGCCGCCGGGCTCACCGAGCGGGAGACTGAGGTGCTGCGGCTCCTCGCCCGGGGCCTGAGCAACGCGGAGATCGCCGCTGAGCTCTACGTTGGGGACGCCACCGTGAAGACCCACGTGTCGAACGTGCTGCAGAAACTCGCACTGCGCGACCGCATCCAGGCCGTCGTCTGGGCGTTCGAACACGGCGTCGCCGGCTGACCGAGCAGGGTCGAACCCTCACGAGCCGAACAATCCCGCACGGTGCCGAGTTCGCACCACGCCCGCACCGTGCAGGGTCGCTCAACCCGTGCAGCGTTGACCGCACCGTGCGCCGCCAGAACGACGCACCGAGCAACCAAACCCGCACGGGTTGAACAAGCCCGCACCGTGCTGACCCGCACCCAGCGCGCACCCGGCCCGCCAGGCCGACGCGCGCTCCTCCCCCACGCGGTGGAGCCGACCACCCACCCAAGTCCCGTCTGACGGCGGAGGCGGGGCGTGCCTCCCGGCCAATAGCGTCGGACGCAGCGACGACCAGCGTCGCGACGAAGGGGAACGACATGCTCACCATCGAAGGGGTGACCAAGCACTTCGGCGACCGCCGGGTGCTCGACGACGTGGGGTTCACGGTCGGCAGCGGCCGCCTCACCGGCTTCGTCGGCGGCAACGGTGCCGGCAAGACCACCACCATGCGCATCATGCTCGGCGTGCTCCAGGCCGACGCGGGCACGGTCTCGATCGACGGCACCGCGGTCCGTCCCGCCGACCGCCGCCGCTTCGGCTACATGCCCGAGGAACGCGGCCTGTACCCGAAGATGCCGGTGGCCGAGCAGATCACCTACCTGGCCCGGCTGCACGGCGTCGACAAGCGCGCCGCGACGACCCGCACCGGCGAGCTGCTCGAACGCCTCGAGCTCACCGCACACGCCGGCGACCCCGTCGAGAAGCTCTCCCTCGGCAACCAGCAGCGCGTGCAGATCGCGGCGGCGCTGGCACACGACCCCGAGGTGCTCGTGCTCGACGAGCCGTTCTCGGGCCTCGACCCGATGGCCGTCGACACGGTGCTCGGTGTCCTGCGCGAGACCGCTGCCCGGGGCGTCCCGGTGCTGTTCTCGAGCCACCAGCTCGACGTGGTCGAGCGGCTGTGCGACGACGTCGTCGTCATCGCCGGTGGCACGATCCGCGCCGCCGGTCCGCAGGAGGAACTCCGCAAGCAGGCCGGCCCCGCCGCGTGGGAGCTGCTGGTCGACGGGGACGTCGCCTGGCTCCGCGACGAGCCGGGTGTGGCCGTGCGGGAGTTCGACGGCGGGTACGCGGTCTTCGAGGCCGACGCCGCCACCGCCCAGCGTGTCCTGCAGCGCGCCGTGCAGCACGGCACCGTCGGGTCGTTCTCGCCGCGGGTGCCGCGGCTCAGCGAGGTCTTCCGGGAGGTCGTCCGATGAACAACTCCTTCGTGCAGGCCGTGCGGCTCGTCTCCGCGCGTGAGATCCAGGCACGCATCCGCAGCAAGGCCTTCGTGGTCTCGGCACTCATCCTGATCGGCATGGTCGTCGCGTCGATCGTCGTCGGCGGGATCGTGAGCAAGGCCACCGCCGACGACACCACCCCGGTCGCGGTCGTCGACGGCGTCTCGCTGCCGACCACCAGTGGGCTGGACGTCACGGAGTCGGCGTCGGTCGACGAGGCCGAACGGCTCGTGACGAAGGGCGACGTCGACGCGGCGATCGTGCCGTCGGACGACCCGCTCGGCTACAAGGTCGTCGGGCTCGACGAGGCACCGTCCGAGGTCGTCTCGGCGTTGAGCGTCACCCCGCGCATCGAGCTGCTCGACCCCGACGCGTTGCCGGGTGGCCTGGTGTACCTCATCGCCATCGCGTTCGGCGTCGTGTACTTCGCGTCGGCGGTGACGTTCGGCCAGTCGATCGCGCAGAGCGTCGTCGAGGAGAAGTCGACACGGGTGGTCGAGATCCTGATGTCCGCGATCCCGGCCCGGGCGCTGCTCGCCGGCAAGGTCCTCGGCAACAGCATCATGGCCTTCGCCCAGATCGTCGCGGTGGCCGTCGCCGCCATCGTCACGTTGGCGGTGACCGGCCAGGACAACATGTTCGCGATGCTCGGCCCGAGCATCCTGTGGTTCATCGGCTTCTTCGCGATCGGGTTCGTGCTCCTGGCGTCGCTGTTCGCCGCGGCGGCCGTGCTCGTGTCACGCCAGGAGGACGTCGGCAGCGTCACCACCCCGGTGATGATGCTCGTGATGATCCCGTACTTCCTGATCATCGTCGCGTACGACAACCCGACGATCCTCGGCATCATGTCGTACGTGCCGTTCAGTGCCCCGATCGGCATGCCGATGCGGATCTTCCTGGGGACCGCCGAGTGGTGGGAGCCGATCTTGTCGCTCGTCATCGTCGCCGCTTCGGTGGTCGCGGTCGTGGTCATCGGTGCCCGCGTCTACGAGAACGCCCTGCTCCGCACCGGCAGTCGCGTGAAGCTGTCGGAGGCACTGCGCGGCTGATGCTGCCAGGCCCGGCAGACCCGGCAAGCCGGGCAGGCCCGGCGGGTTCGAAAGGGAGGCCCGCCCCAGGTGAGCAGATCTGCTCACGCGGGGCGGGCCTCCAGTCCGTTGCC
NZ_CP181330.1_gap61	3205419	3209354	3935	ACCGCCCGGATCCGCCCCGGCTCGCGGGTCGGTGGCGCAGTCGTCCGCCCCGGATCGGCGGGGCGGACGCCCCTCGGCGTCGGGCGTCGCAGGTGGCCTAACACCAGCGAAACAAACGCCTAACAGGACCGTTACCGGGCGACCGCCTGCCGGTGCCCCGCGGCCGTTACATTCGCATCAGCCCCACTGCAGCGGCCGGCGTCACCGGCGATCCGACCCCCGCCGCCGCCCGGTCCGGCTCCCTGCACGTCCTGCCCCGCTCCGCGGGGCCTTCGTCGTACCCGCCGCAGCTCCCCCGTCCCCGCTCCGGCTCCCCGTCCCCGCACCTTCCCTGCTCCACCCGTCCAGGAGGTCCCCGACCGATGTCGTCCCCCGCACCGTCCCGAACGCGTCCGTCGCGTCCCGCGCTCCTCGCCGCAGCACTCGCCGGCGTGCTGATGCTGTCCGCCTGCTCCGCCACCTCGACCGCGTCGACGAGCTCCGGTGACGACACCGCCGGTGTCGAGCACGCCACGAGCCAGATCAAGGCCGCCAGCGTCGACCCCGAGTTCACCTTCGAGGGCGCTCGCTTCGACATGTCGGGGATCGCCGGCAAGACGATCTTCAACATCCCGAACTCGTCCGCCGTCCCCTTCATCACCGCGGTCGACGAGGCCGGCGAGAAGGTCGCCGAGCAGTACGGCGCGAAGTGGATCGAGTACACGAACCAGGGCACGCCCACCGAGCACTCCGCCGGCATCGACCAGGCGATCAGCCGCGGAGCCGACATCATCGTGCTGGCGCAGGGCGTCAACGGCGAACTGATCGTCCCGGCACTGAAGCGTGCGAAGGCAGCGGGGATCCCCGTGCTGATCAGTCACACCTACCAGACCGGGCAGGCGCTGCCGGACCAGCTGCAGGACCTCGTCGCCGCGCAGGTGACCGCCCCGTTCCACGAAGCCGCCAAGCTCAACGCCGACTGGGCCATCAAGGAGACCAAGGGCCAGGGCGACGTCCTCATCATCACGTCGTCCGAGGTGCCGCCGTCCGACGGCATCGTCAAGGCGATGCAGGACGAGTTCGAGGCGCAGTGCGACGGCTGCAAGGTGAAGGTGACGAACGTCCCCGTCGCCGACTGGGCGACGAAGATCTCGTCGACCGTGCAGTCCGCCGTGCAGTCCGACCCGAACCTCGACTACGTCCTGCCGGTCTACGACTCGATGACGCTGTACGTCGAGGCCGGCGTGACCGCTGCCGGCAAGACCGGCCAGGTCTTCACCTCCTCGTACAACGGCACCCCCGCGGTGCTGAAGATCCTGCAGGAGGGCAGCGTCCTCACGATGGACATCGGCGAGAACATGGAGTGGCTCGCCTACGCGACGCTCGACCAGGCCGGCCGTGTCCTGACCGGCACGCCGATCATCGAGGACGGTGACGAGAAGACTCCGCTGAAGGTCTTCACGAAGGACAACGTCGACGAGACCGGCACGCCGCCGGCACCGAGCAAGGGCTACGGCGACGCGTACAAGACCGGGTACGAAGCGATCTGGGGCGCGGCCGAGTGACCGCCACCCGGGAGGCACGGCTCGGCTCCGCATCGTCGGCTGCGGTCGTCGGGTCCGTCGCGGACACCGCATCCGGTGCGGACACCGCGTCCGTCGCGGACACCGCGCCGGTCCTGCGGATCAGCGGGCTCACGAAGCGCTTCGGCGGGCTGACCGCGCTCGACGACGTCGACCTCGAGGTCCTGCCGGGTCAGGTGCACGCACTGCTCGGCGAGAACGGCTCCGGCAAGTCGACCCTCATCAAGATCCTGTCCGGCACGTACGCGCCGGAGCCGGGCGCGACGATCGAGGTCCGGGGCGCCCGGCTGCCCCTGCCGGTGCCTCCCGGGTACTTCCGCCGCGTCGGGATCAGCTTCGTCCACCAGGACCTCGCACTCGTGCCGTCGCTCGGTGTGACCGAGAACCTGCGGCTCGCGACCGTGGTGGCCGGGCGCGGACCCTTCGTCCGCTGGGGCGCCGAACACCGTGCCGCGGCCGAGCTGTTCGCTCGGTACGGGGTCGACATCGACCCACGAGCACGGATCGACGAACTCACCGACACCCAGAAGGCCCTCGTCGCGATCCTGCGGGCCGTCGCCGAGCTGGGCGACGACCGGGCGCTCATCGTGCTCGACGAACCGACGGTCTTCCTGCCGAAGGAGGACGCCGACCTGCTGTTCCGCGTCGTGAAGGACCTCGTCGCGGACGGCCGCACCTCGGCACTGCTGGTGTCGCACGACATGTCCGAGGTCCTCCAGCACGCCGACCGGGTCACCGTCCTGCGGGCCGGCCGGGTCCAGGCGCACCGGGACACCACCTCGACGACGGCGGACGAGCTCGTCTCCCTCATCGTCGGACGCGGACTGGACGGTCCCGCCGCCAGGACTCCGCGCCCGGCGACCACCGGCGACGCCGTCGTGACGGTGCGGGACCTCCGGGTCGGTGTCGTCGACGGGCTGTCCTTCGACGTCGCGGACGGCGAGGTCGTCGGCATCACCGGGCTCGCCGGCTCCGGTGTCGAGGACGTGCTGCCCGGCCTGTACGGCGCACGGCCCGCGACCGGCTCGCTCGCCGTGCGGCACGACGGGGCGACGCCCGCGCCGGTCGACCTGGCACGGGTGACGCCCGGCTCCTCGATCGCCCGCGGCGTCGTGTACGTCCCCGCGGACCGCAAGCGCGAGGGTGGGGCACTCACCCTGTCCGTCGAGCAGAACGTCACGCTCCCCGTCCTCGGGAAGCTCCGCGGGCTGCTCGGCCTGTCGCCCGCGCGGGAACGCGCCCACGTCGCGGGACTCGTCCGCGACTACGACGTCCGGCCCGCCGACCCGGCCGCCCTGTTCGGGACACTGTCCGGCGGCAACCAGCAGAAGGCCGTCCTGGCCAAGTGGATGCAGGACGACCCGAGGCTCGTGCTGCTGCAGGAACCGACCCAGGGCATCGACGTCGGGGCGCGCGCCGCGATCTTCTCGATGCTCCGCCGGAGTGCGGAGCAGGGCGTCACGATCGTCTGCGCCTCCACCGACTACGACCAGCTCGCGCAGGTGTGCGACCGCGTCGTCGTCCTCGCCCACGGCCGCGTGCACGACGTGCTGACCGACGACCGCATCGACCGCGACGTCATCGCGGCTGCCGTCGTGGCGAGCCTCGTTGACGACGACGCCCCGGCGTCCCCCGCCGTGCCCTCCTCCCCCGATGCCTCCTCCGCAGTCAAGGAGAACGCCTGATGTCCACCACCGCCGACCCGGTCCTCGAGACCTCGATCGTCCGTCCGACCCGTCCCCGCTTCTCGTGGGGGCACACCGAGCGGTACGCGCTGCTCGGTGCCTGGCTCGTCATCGTCATCGCGTTCAGCATCGCGCTGCCCGACACCTACCCGACCCTCGGCAACCTGCAGAACATCCTCGGGTCCCAGTCGGTGCTGCTCATCCTGGCGCTCGGGTTCCTGTTCCCGCTCACCGCGGGCGAGTTCGACCTCTCCGGCGCCTCGACGATGTCGCTCTCTGCCATGACCATCGCCGTGCTCAACGCGAAGATGGACATCCCGCTCGTGCCCGCGATCGCCGCCGGCCTGGTCATCGGCGTCGTCGTGGGGCTGGTCAACGGCCTGCTCACCGTCGGGTTCCGCATCGACTCGTTCATCGTCACCCTCGGCACGTCGACGTTCATGATCGGGATCATCCAGTGGATGAGCGCGTCGTCGTCGGTGACGGGCATCGACCCGGCGCTCGTGCAGGCCACCGTCGGGTGGCGGGGCCTGGCGGGCCTGCCGCTCGCGTTCGTCTACGGGCTGATCGCCACCGTCGTCGTCCTGGTCGTGCTGAGCGCCACCCCGGTCGGCCGGCGGCTGCTGTTCGTCGGGACCGGCCGCACCGTCGCCGAGCTCTCCGGGCTGAACGTGCGACGGCTGCGGGT
NZ_CP181330.1_gap62	3213030	3214653	1623	TACCTCCGCGCACTCCGCCGTCGCCCGCTCGTGCAGGCCGCGATGGTCACCCGGATGGACGAGGCCGGCGTCGACGTGGTGCTCACCCCCGGGATCGGCGCCACCGCCCCGCGACTCGACGACCTGACGATGTCGGTCGACGGCGAGCGCTTCAACCTGCACGACGTCATCCCCCGGAACACCCGGCTGTTCGACTACGTGGGGTTCCCCGCGCTCATGATGCCGGCGGGCACCGCGCCGGACGGTCTGCCCGTCGGCGTGCAGCTCGTCGCGCGGCCGTGGGACGACCGCCTGGTGCTGTCCGCAGCGGCCGCCTTCCAGCGGACCACGACGCACCACCGCAGGGTGCCGTCGTCGTCCGCCGTGCGAGGGCCGAGCGATCGGTAGCCGCACCGTCGACGAGGGCGCCGCCCGGCGACGCGCCTGGCAGGTGCTCTGCGCGTCGAGCCTCAGCGTCGTCCTCGTCTTCATCTCCTCGAGCGCACTCCTCATCGCGCTCCCCGACGTCAGCCGTGACCTCGACGCCAGCGCCGTGCAGTCCAGCTGGGTGCTCCTCAGCTACATGCTCACCACGACCACCCTCATCCTGGTCTTCGGGCGCATCGCCGACCTGGTCGGTCGTCGCCGCCTCTACATCGCCGGGATCCTCGTCTTCCTGCTCGCCTCACTCGCGTGCGGCTTCGCTCCCGACGCGGCGGTGCTGCTCGGCGCCCGACTCGTGCAGGGCGTGGGCGCGGCAGCGATCGTCACCAACACGACCGCGCTGCTCACCGATGTCTTCCCGGAGTCGATCCTGTCGCTCGGCCTCGGTCTGAACGCGACCGTCGCCGCGGTGGGGCAGGTCATCGGTCCGGTCGTGGGCGGCCTGGTCGCCGAGTCGTTCGGGTGGCGCTGGATCTTCCTCGCCGGTGTGCCGATCTCACTGGCCGGACTCATCTGGTCGCTCCGGCTGATCCCGCACAGCACGCGTCCCCGTTCCGGCGAGCGCCTCGACGTGCCCGGGTCGGTCCTGTCCGTCGCCGCCGTCGGACTGCTCGTCGGTGCGGTCTCGACCGGCGGCTCGGTCGGCTGGTCGGCCGTGCCCGTCGTCGCGATGACCGCCGGCGCGGTCGTGCTCGGCGGTGTGTTCGTGTGGACCCAACGCCGGGTCACGCACCCCCTGGTCGACCCGGCGATCTTCCGCGACCGCACCACCATCACCCTGTTCTCCGCCGCCGGGCTGTGCGCCCTGTCCAGCTACGCACTGGTCCTGCTGGCTTCCCTGTCGTTCCAGGCGGTCGACGGCAAGGACGCCGTCGACGCCGCCCTCTGGGTACTGCCCACGCCGATCGGCACGACGGTCGCGGCGGTGAGCGCCGGGTTCCTCGCCCGCCGGGTCGCCGCGCGGACGCTGTCGACCATCGGCATGCTCCTCATCGCGCTCGGCGCCGCGGTGCTCGCGGTGTCCCTCGCCGACGGCGACGCCTACGCCGTCACCGCCACCGGCCTCGGCGCCGTCGGGGTCGGCACGGGCGTGTTCATGACGCCGAGCACGTCGGCACTGATGACCCGCGTCCCGGAGCACCGCCGCGGCATCGCGAACGCCATCCGTTCGGCCCTGCAGAACGCCGGTTTCCTGTTCTC
NZ_CP181330.1_gap63	3215975	3216732	757	GGCACCTGGACCGGCGGCTGCGGGTGAACGCGATGCTGCAGCGGGCGATGGACGCGGGCGACCTGCGACCGGACGTCGACCTCGGCATCGCCGTGGACCTGCTCGGCGGGCCGACGTTCTACCGACGCGTGTTCGTCTCGCTCGACATCCAGGCGCCCGACTACCCGGTGCGACTGGCCCGGGAGTTCCTGCGGTGGGCCGGTTGGACCGGCGACCTGTCGACGGTGGGGGTGACCTCGTGACCGGGACCGTGCCGGAGGGGTTCGCCCCGTCCGCTGCCTGGACCGACATGGGGGTCGGGACGACGCCGTCGGCACCGGGTCACTGGATCGGGTTCAACCGACGATCCGACGCGGCCCGCCAGGTGTCCGACCTGATCCGGGCCGACATCGTCGCGGGGCGGTTCACCGGGCCGCTGCCGTACGAGTGGGAGCTGCTCGACCTGTACGGCACGACGCGGAACGTCCTGCGAGCTGCCCTCGCGTTGCTCAAGGAACAGCGGCTGCTCACCCGTGCGCCGCGATCAGGCACGTTCGGTGTGCGGCCCGTCGCCTCGGTGAGTCTGGCCCGGACGTCCGACGAGGTCACGATCTACGGCGAGACGGCCGGCGGCAGCGTGTTCGAATCGCCCCGGCTCAGCATCGTGCACCTGTGCGTGCAGCAGGTGACCGCGCCGGAGACCGTCCGGCGCAACCTGCAGATGACCGGCAGCAGCGCCTTCTTCGTCGAGAGCCTCATCTCGTTCGACGGCGAACCG
NZ_CP181330.1_gap64	3217920	3219347	1427	ATCGAATGTCGATGCAACGATAAACGATAGGTCCGGTGCCGGCAACCCCTACAGCAGCCCGAAGGCCGCCTGCATGCCCAGGCTCGTCCCCGCCACCAGGACCCAGAGCGCGATGCCGAGCAGCATCGGCCGGAACCCGGCTCGGCGGAGCGCGGCGAAGTCCGTCGAGCAGCCGATCGCGGCGAGCGCCACCGTGATGAGGAACGAGGCGGCCGTCGCGAACCCCGGCGCCACGGACGCGGGCAGGACGCCGACCGTCCGGAGCAGCACCACCACGAGGAACCCGATCAGGAACCACGGCACCAACCGGAACACACGGAACCCGCGACCCGGCCCCGAGGCGGGGGTGAGCTGCTCGCGGGAGGCGCGGCGGGCCTCCAGTCCGGCCAGCCCGATGACGATCGGGATGATCATCAGGGTGCGCACCAGCTTCACGACGACCGCGGTGTCGGTCGCCTGGCGGCCGTAGACCGTCGCGGTGGCGACGACGGACGACGTGTCGTTCACGGCGGTGCCCGCGAAGACGCCGAAGGCGTGCTGGCTGAGGCCCAGGGCGTGCCCGAGCAGCGGGAAGGCGAAGACGGCCGCGATGTTGCAGAGGAAGATCGTCGACATCGCGTAGGCGACGTCCGCACTGACCGCACCGATGACGGGTGTCACGGCGGCGATCGCCGAGGCGCCGCAGATGCCGGTCCCGACGCCGATCAGGGTGCGGAGTGCGCCCGAGACCCGGAGCAGCCGGCCGATCCCCCACGCGGCCACCAGGCAGACGACGAGCGTCGCGAGCATCACCGGCAGGGTCTCACCGCCGATGCGCAGGACCTCGCCGATGGACAGCTGCGCGCCGAGCAGGACCACGGCGAACTGCAGGACCCGGCTGGACGAGAACTTCACCCCTGGAGCCAGCGCGGCGAGTGTGCCACCGGTGCGGCGTCGGACGAGCCACCCCACGACGGCACCGATCAGGACGGCGGGGACGGGACCGCCGACCACCGGGACGACCCGGCCGACGAGGGTGGCGACGATGCCGATCGCCACGGCGAGGGCGACACCGGGTGCGGCGGCACGGACGGACTGCATGGGAACAGCATGTCGCGCCCGCGGACGATCGGTGGCCGCGACGGGCAGGATGGCACGGTGGAGTACTCGGGGGAACGGTGGGTGCAGCGGCTGCGCGACGGGGAGATGCCGAAGCGGTGGCCGTTCTTGCTCGGCTTGGCGATCGTGACCGTGGCCGGTGGCGTCGGGGTCGTGTTCTCGATCACGCACCTCGATGCCTTCCTGCACTCGGATGCACGCCGTCCGTTCGCCGTGCCGCTGTTCTCGGTGGTCCTGCTCGTGCTCGGCCCCGTCGCAGCCGTCCTCTCGCGGATGCGCGGCCGGAGTGACCGACGGATCCTCGCGAGCATCCGTCGGCACGGTACGGC
NZ_CP181330.1_gap65	3224926	3229537	4611	GGTTCCACGCCGGCGACCCGACGATCATGCTCGCCACCGCCCGCGCCGCCGCCGAGCGTGGTGTGGCGATCGGCGCACACGTGGCCTACCGCGACCTGATCGGGTTCGGCCGCCGGCCCGTGCACGTCACCCCCGACGAGCTGTACGCCGACGTCGTGCACCAGCTCGGCGCGATGGCCGCCACCGCGCACGTCGCCGGCACGGCCGTCACCTACGTCAAGCCGCACGGCGCCCTGTACAACACGGCCTGCGCCGACCCGGTGCAGGCCGAGGCCGTCGTCCGCGCCGTGGCCGAGGTCGACCCGTCCCTCGCCGTGCTGGCGCTGCCCGGGTCGGAACTGCTGCTGGCGGCCGAACGACACGGGCTCCGCGCGGTGAGCGAGTCCTTCGCCGACCGTGCCTACGAACCCGACGGCTCGCTGGTGTCACGGAAGCAGCCGGGGTCGGTGCTGCACGACCCGGACGAGGTCGCAGCCCGGGTGCTCCGCATGGTCACCGACGGGGTCGCGACCGCCGTCGACGGATCCGAGATCGCCGTGCGTGCCGACTCGGTCTGCGTGCACGGCGACTCCCCCGACGCGGTGGCGATGGCCCGGGCCATCCGAGCGCTGCTGACCGAGCACGGCGTGACGATCGCGCCCTTCGCACCGTGACTGGTCCGGAGGTCCGCTCCGCGGGCGGCACCGCACTCCTCGCCACGTTCGGGTCCCTCGCCGACGTCGTCGCCTTCCGCGCCGGGCTCGCGCAGGCCGCCCTGCCGGGGCTGACCGAGGTCGTCTCCGGCGCCCGGACACTGCTGCTCCGGTTCGACCCGTCCACGACGGACGCCGGGCGACTCCGCTCGGAGCTCACGCAGGTCGCCCCGGTCAGCGCAGCGCTCGAAGCGCACGACACCGAGCCGCTCGTCATCCCCGTCACCTACGACGGCGAGGACCTCGACACCGTCACCGAACTGACCGGCATGCGGCGCGACGAGCTCGTGGCGTGGCACACCGGGCAGCTCTGGACGAGCGCGTTCTGCGGCTTCGCCCCCGGCTTCAGCTACCTGACCGGCAGCGATCGGCCGCTCGACCTGCCCCGCCGCAGCACCGCCCGCACGGCCGTCCCGAGCGGCGCCGTGGCGTTGGCCGGCGAGTTCAGCGCCGTCTACCCCAGGACCTCCCCCGGCGGCTGGCAGCTCATCGGCCGCACCGAGGTGCCGATGTGGTCCCTCGAGCGCACGCCTCCGGCGCTCGCGCCCGCCGGCACGCTCGTCCGGTTCGTCGTGGCGGGTGCGGCATGACCGCGCTGACCGTCGTGCAGGTCGGCTACGGCGCGACCACGCAGGACCTCGGGCGCCCGGGCTTCAGCGACATGGGCCTCGGCGCGGCCGGAGCCGCCGACCGTGGCTCCGCGGCACTCGCCAACCGGCTGGTCGGCAACCGTCCCGACGCGGCCGTCCTGGAGGCCCTGCTCGGCTCCGTCACGCTCCGCGCCGACGCGTACGTGGTCGCGGCCACCACCGGCGCGGCCTGCCCCGTCGAGGTCGAGCGGGCAGACGGATCGGTCCGCGGTGCCGCCTCGCACGAGGTGCTGCTGCTGGCCCCGGGCGACACGCTCCGGATCGGCACCGCGACCGTGGGCCTGCGCGCCTACGTCGCGGTCCTCGGGGGCTTCGCGGTCGACCCGGTGCTCGGCAGTCGCTCGTGGGACTCCCTCGCGCGCCTCGGACCGCCGCCGCTGTCGGCCGGTGACGTCCTGCCCGTCGGTGACGCCCGGGTGTCGTGGCCGATCGTCGACGCGGTGCCGCAGCCCGAGCCGCGGTGGCCCGACGAGCCGGTCGTGCTCGACGTGGCGCCCGGACCGCGGGACGACTGGTTCACCCCGGAGTGGCGTGCGACCCTGACCGGCCAGGACTTCTCCGTCAGTGCGGACAGCGACCGTGTGGGGGTCCGCACCACGGCCGCGACGCCGCTCGCCCGCTCCGTGGCACGCGAGCTGCCGAGCGAGGGCGTCGAGACCGGGTCACTGCAGGTGCCACCCGAGGGCTTCCCCGTGCTGTTCCTCGCCGACCACCCGGTGACCGGCGGCTACCCGGTCGTCGCGGTCCTGACACCGTCGTCGATCGACCTCGCTGCGCAGCTCCGTCCGGGCGATCCGCTCCGGTTCCGCATCCTCGGCTGACCGACCCGGAACAAGCGCAGGGGGTCAGGGGTTGGCTTGGACACCGCTGACGAAAGGTTCCCCATGTCGATGACCGTCCTGCTCGAGGTCCAGTTCCAGAGCGACGCCCCCGAAGACGCACTCCAGGGTGCGATCCGCGAGACGCTCGAACAGACCGCGTCGTTCCACGGCCTGGAGTCGCTCGAGGTCCTGGTCGACGACGAGGACCCGGCGCGCATGGTCGTCGTCGAGTCGTGGACGACCGCCGAGGACCACGACACCTACGTGGCCTGGCGTGCGACGCCGGAGGGTGCTCCGGCGATGGCACCGTTCCTCGCTGCGACTCCGGTCACCCGCACCTTCGCGCGGACCCTCCCGCTCGACTGAGCGCACGCCGACACCGAAGCTGACGTCGGCGCCGGCGTCAGCGCCGGTGCCGCGGCGCGACGACGGCGCGATCGTTCAGATCGCGTCGTCGTCGGTGTCGAGCGGCACCGGTCGGTCGTCGTCGGGGAGCAGTTCGTCGTCCGCGTCGTCGACCACAGGCAGGTCGTCGGGGTCGAGCACGGTCGGCTCCGGCTCGTAGTCGGTCTCCTGCGCCTCGCGGAAGTCGTCGAGGGTCTCGTCGTCCTTCGGATCGCTCATGGCCCCGAAGGTACCTCCGGATCCTCGACGTGTCCGCAGATGTCGAGCGCTCCCGACGACGGTCAGCGAGCGGCGTGCTCCCGGGCCTCCATGGCGTCCCAGGCGAAGCTCGCCAGCCAGTGAGTGGAGTAGTACTCCTCGCCCACGCTCGCCGCGAGACCCGAGACCAGCAGCCGGTCGGCCGCGTCGTCGAGCAGGTCGGCGATGCCGGTGCCGGAGTCGTCCGGGCCGCCGGCGCGGAGTGCGTCCGCGATGCGCCGGGCCGATCCCGCCCGCGACAGGTCGAGCCCGAACAGGTGCACCTGCTGCGGGTCGTTCTCGTCACGGACCACCGTCGACCGCAGGATCGCGTCGCCCGGCTGCACCGCGGCGAAGAAGCCACGGGCCCACGTCGCGAACTCCTGGGCGGGCAGCACCGCACGCATCAGGTCGGCTTCGGCGAGGCCCGCGGACAGGAAGTCGTGTCCGCTCCGCTCCCAGGCGAACGGCCACCCGGCGTCCGCGCCGAACCAGTCCCGCGCAGCGCCCTCGACCGCTGCCGCCAGGGCCGGACGGTCGAGCGACCGGGCGGCCTCGAGCACGAGCAGCAGTCCGAACGCCGAGTTCGAGTGCACGCCGTGCCGGACGGGGTGCGCGGCGCCGTCGATCCACCGGACGACCAGGTCTTCGAGGACGTCGACGACGGGTGCGAACCCCTGTGCCAGTGCCCGGACGGCGGGCGCCTCGGATGCCGAGACCTCTGCGGCGAGCCGAGCGAGCCAGGCCCAGCCGTAGGGGCGCTCGTAGTGCGGCGTCTCGCGCAGGTAGGCGGCCTCGGTCGCGAGGTGATCCGTCGTGAGGTGCGCCTGCAGGATCGAGGTGAGTCGGGCCTCCAGGTCGGTGGGCAGGCCGTGCGCGACCAGGCGAGCCGCGAGCCAGTGCATGTGCACCGACGAGTGCCAGTCGTAGGACGTGGCGAAGGCTGGGTGGAGCTCGACGGGCAGGGCCCGGTCGTCCGGTCCGGATGTCGCGTGGTGCGCGGCGTACGGGTACTCGCGGGTCGTGTTGTCCGCGGCGACGGCCGCGAAGCGGTCGGCCCAGGCGGCCCGGGTCAGGTCGATCGGGGCGGCATCAGAATGCGACAAGGTACATGACTCCCATGTTGACGACGAGCAGGATGGCGGCGGTGGGGATCTGCGCCTTGATCGGGCCGTACTTGTCCCGCATCTCGAGCAGGGCGGCCGGCACCAGGTTGAAGTTCGCGGCCATCGGGGTGACGAGCGTGCCGCAGAAGCCAGCGAGCATGCCGATCGCGAAGATCGCGGCGGGATTGCCGTCGAAGCCCTGCACCAGGACGGGCCAGCCGATCGCGGCCGTCATGATCGGGAACGCGGCGAAGGCGTTGCCCATGATGATCGTGAACAGGGCCATGCCCAGGCAGTAGACAACCACGGCGGCGAGCAGCGAGCCGTCGGGCAGGACCGACTTGATGATCGTGCCGACGGCGTCACCGACCCCAGCCTGGGTGAAGACGATGCCGAGCGTCGACAGCATCTGCGGGAGCAGCGCCGCCCAGCCGATCGCCTGCAGCAGGCGACCGCCCTCACGGATCGGGGTGGCGATCTTCGGCGGGCGCAGGACGAACACCGCCACGACCACGGCGAGCACCGAACCGATGCCCAGGCCGGTCAGGGTCGCACTGCCCTCGGCGAGGAGCGGTTCGCCGCCGAACGAGACGAGCGGGCCGAGCGTCGCCACCAGCACGGCGACCACCGGCACCACGAGGGCCGGGATGAAGAGCCGGTTGCCGTACTTCGTCGCGAACGCGGCGCGCTCGTCCGGGCT
NZ_CP181330.1_gap66	3293675	3294864	1189	AACGTCGCCGAGCTGCTTCGCCGCGCCCTCGGGCGTGGTGCAGTCGTCGGACACGACCCACTTCAGCGTCACCTTGGCGTCGTGCGCGAAGCCGCCGGCACGGAGCGCCTCGGTGACGGACAGGTAGGCGTCCGGCAGGTCGATGTACTTGCCGACCAGCGCGATCGTGACGTCCTTCTTCGGCTCGTGCACGGCCTTCAGCACCGGGGTCCACGCGGTCCAGTCGACGGGATCGGCGTCGAGCTTGAGCGCCTCGACGATGACCTGGTCGAGGCCCTGGTTGTTCAGCAGCGTCGGCAGGTCGTAGATCGAGGGGACGTCCACGGCGTTCACCACGGCGTCCTCGTCGACGTCGCACATCAGCGCGATCTTGCGCTTGTTCGACTCCGACACCGGACGGTCGCTGCGCAGCACGAGCGCGTCGGGCTGGATGCCGATCGAGCGGAGCGCGGCGACGGAGTGCTGCGTCGGCTTGGTCTTCTGCTCGCCCGAGGCGTTCATGAACGGCACCAGCGAGACGTGCACGAAGAACACGTTGTTGCGGCCGAGCTCGTGCCGCACCTGACGGGCGGACTCGATGAACGGCTGCGACTCGATGTCGCCGACGGTGCCACCGACCTCGGTGATGATGACGTCGGGCTGCGGGTCGTTCTGCGCCTGCTCCCGCATCCGGCGCTTGATCTCGTCGGTGATGTGCGGGATGACCTGCACCGTGTCGCCGAGGTACTCGCCGCGACGCTCCTTGGCGATCACCGTCGAGTACACCTGACCGGTCGTGACGTTCGCGGCCTGCGACAGGTTGATGTCGAGGAAGCGCTCGTAGTGCCCGATGTCGAGGTCCGTCTCCGCACCGTCGTCGGTCACGAAGACCTCGCCGTGCTGGAACGGGTTCATGGTGCCCGGGTCCACGTTGAGGTACGGGTCGAGCTTCTGCATGACGACCTTGAGGCCGCGAGCCGTGAGCAGGTTGCCGAGGCTGGCCGCCGTCAGGCCCTTGCCGAGAGACGAGACGACCCCGCCGGTCACGAAGATCTGCTTCGTCACCTTCGGGGTCGAGTTCGAAGAATTGGTACCGCCGCTGAGAGTGTCCGCCACGGGATTCCATCGTACGTCAGAACTGCCGGGAGGCGCGACCTCGGTTCGCCGTGGGCGTTGCGCGGGTGGGTGGCCGGGTACTCGGGCCGTGGCC
NZ_CP181330.1_gap67	3300222	3303875	3653	TCATCGGGAGCTGGTCGTTGCGACCGGAGATCCGACGGTAGGTGCGGAGCTCCCGGAGCGCGGTGGCGAAGTCGCCGAGGCGGTAGGCCGTGATCGCGGCCGTCTCGCGGACGACACCGACACGACCGGCACGACGAGCAGCGCTCAGGGCGTGCTGGTTGGCCGTCTCGGGGTCGTCGTCGACGAAGAGTGCGGCGGCCACGAGGTGACGGGCAACCCAGTCGGCGTTGTCCTTGCTGAGGGTCTTCAACTCCATCCGGGCGGCGGGGTCGAGGTCGCGCGCCTGGATCTCCTCGGGGATCTCCGGGTCGTCGTGGCGCGGACGGATCGACTTGGTGCCGTAGGGGTCGCGGTCCTCCCAGTCGTCGCGCGCGGCCTCACCGAAACGGGCGCCGGCGTGACGGCTGCCGTCACCGAAACGACGACGGTCCTCACCGCCGTCGCGAGGCGGGCGGTCCGATGAACCCCCGCGGAACGGACGGTCGGACGAACCACCACGGGCCGGACGGTCGGACGATCCACCGCGGTACGGACGGTCGCCGTCACGAGTGGGACGATCGGAACCACCACGGTACGGACGGTCACCATCACGAGCGGGACGGTCCGAACCACCACGGTACGGACGGTCACCATCACGAGCGGGACGGTCCGAACCACCACGGTACGGACGGTCACCATCACGAGCGGGACGGTCCGAACCACCACGGTACGGACGATCGCCATCACGAGCGGGACGGTCCGAGGAGCCGCCACGGTACGGGCGATCGCCATCACGAGCCGGACGGTCTGACGATCCGCCGCGGTAGGGACGGTCACCGTCACGAGCGGGACGGTCCGAGCCACCGCGGTACGGGCGATCGCCATCACGACGCGGACGATCTGAACCACCCTGGAACGGACGGTCACCGTCACGACGCGGACGGTCCGAGCTCCCACCACGGAACGGACGATCACCGTCAGGAGCCGGGCGGTCCGAGCCACCACGGAACGGACGATCTCCATCGCGTCGCGGACGATCGGCACCGCGCGGACCATCGCCACGCGGCGGCCGGCCGGAGTCACCACGGTCGCCCTGCCACGACGGACGGTCGTTCCGGTCGCCGGAACGGAACGGACGATCGCCATCGCGACGCGGAGCGCTGTCCCGGCGGGGTGCGCCGTCACGGAACGGGCGGTCTCCACCCTGCGGACGATCACGACGGTCGCCCTCGCGGCGCTCGAACTCGCGAGGACCGGACGACCAACGACCATCACTCTGGCCGTCCCGACGCGGAGCGCCGTCGCGACGCGGGAAACGGTCGCCGTCCCGCCGGGGTCGATCTCCGCGGTCCCCGTCGTTCCGCCGCTGATCGTCGTCGTTCGCCACCGTTGCTCCTCATCGCGTGCCCGGTGCAGTGCCTCGGGCGTTCGTCCGCTGTGTCGTTGTGTTGGGTGCCGCGTCGGTCGCCCGACGTCGGCCTCCAGTCCATCACGAACCAGAGCCGGCGTCGAGCGAACGGCGGCGAAAACAGAAATGGCCACCGGCCCCGACCGAGAACGAGGGTTTCCCCTGCGAATTCTCGATGGAGGGCCGGTGGCCACATCGCGGCGTCCTACTCTCCCACAAGGTCCCCCTTGCAGTACCATCGGCGCTGAGAGGCTTAGCTTCCGGGTTCGGAATGTGACCGGGCGTTTCCCTCTCGCTATGACCACCGGAACACTCTCGACCAGATCATACATTGGTCTCAAAGCTGTCCCGGCTACCACCCTCCGTGAAGAGGGCAGAGCGGTGTATTCAGTTTCGATTCCCGATCGTCTGTCGGGAACCACAAAGTGGACGCGAGCCCGTGCAACAAGTGCACGGAAATCAGTGTGTTATCAAGTCTTCGGCTTATTAGTACCGGTCAGCTCCACGGGTCGTTAGTCCCCGCTTCCACATCCGGCCTATCAACCCAGTAGTCTGCTGGGAGCCTCTCACACTCAAGGTGCATGGAAATCTCATCTCGAAGACGGCTTCCCGCTTAGATGCTTTCAGCGGTTATCCGGTCCGAACGTAGCTAATCAGCGGTGCCCTTGGCAGAACAACTGACACACCAGAGGTTCGTCCATCCCGGTCCTCTCGTACTAGGGATAGATCTTCTCAAATTTCCAACGCGCGCAGCGGATAGGGACCGAACTGTCTCACGACGTTCTAAACCCAGCTCGCGTACCGCTTTAATGGGCGAACAGCCCAACCCTTGGGACCTACTCCAGCCCCAGGATGCGACGAGCCGACATCGAGGTGCCAAACCATGCCGTCGATATGGACTCTTGGGCAAGATCAGCCTGTTATCCCCGAGGTACCTTTTATCCGTTGAGCGACAGCGCTTCCACAAGCCACTGCCGGATCACTAGTCCCGACTTTCGTCCCTGCTCGACCTGTCAGTCTCACAGTCAAGCTCCCTTGTGCACTTACACTCGCCACCTGATTGCCAACCAGGTTGAGGGAACCTTTGGGCGCCTCCGTTACTCTTTGGGAGGCAACCGCCCCAGTTAAACTACCCATCAGGCACTGTCCATGAACCCGATCAGGGTCCTACGTTAGACATCCAAAGTGACCAGAGTGGTATTTCAACAATGACTCCACGAACACTAGCGTGCCCGCTTCACAGTCTCCCACCTATCCTACACAAGCCACTCCGAACACCAATACCAAACTGTAGTAAAGGTCACGGGGTCTTTCCGTCCTGCTGCGCGTAACGAGCATCTTTACTCGTAGTGCAATTTCGCCGAGTTCGCGGTTGAGACAGCTGGGAAGTCGTTACGCCATTCGTGCAGGTCGGAACTTACCCGACAAGGAATTTCGCTACCTTAGGATGGTTATAGTTACCACCGCCGTTTACTGGGGCTTAAATTCAGAGCTTCGCCCAAAGGCTAACCCTTCCTCTTAACCTTCCAGCACCGGGCAGGCGTCAGTCCGTATACATCGTCTTGCGACTTCGCACGGACCTGTGTTTTTAGTAAACAGTCGCTTCCCACTGGTCTCTGCGGCCTTCAACGCTCACGGAGTAAATCCGGTCACGTGTCCGGCCCCCCTTCTCCCGAAGTTACGGGGGCATTTTGCCGAGTTCCTTAACCACGATTCTCTCGATCTCCTTGGTATTCTCTACCTGACCACCTGAGTCGGTTTCGGGTACGGGCGGCTGCAACCTCGCGTCGATGCTTTTCTCGGCAGCATAGGATCACTGATTTCCCCTTACGGGTACGCGTCGGATCTCAGGCACACAGACGACGGATTTGCCTATCGTCAGCCCTACATCCTTACACCAGGTTCACCTTACGGATACCATCGCCTGGCTCAGCTACCTTCCTGCGTCACACCTGTTCATACGCTAACCGCACCAGCATGGGGTCGAGCGTTAGACCGGCCACCATCACCCCGAAGGGATCCGGTTGTACCGGGTTAGGACTCTTAGCACCACTGGATTAGCTTGGGCGGTTGTTCGCCGGTACGGGAATATCAACCCGTTGTCCATCGACTACGCCTGTCGGCCTCGCCTTAGGTCCCGACTTACCCAGGGCGGATTAACCTGGCCCTGGAACCCTTGGTCTTTCGGAGGACGGGTTTCTCACCCGTCTTTCGCTACTCATGCCTGCATTCTCACTCGTGTAGCGTCCACGGCTGGATCACTCCG
NZ_CP181330.1_gap68	3375541	3379852	4311	TCGTGCGCTCCCCCCTGCCGTGCCGGCGTCCGTCGGCGCGCCCACCGCCATGCCCGGAAGGGAACCGTCATGTCCTCCACCACCACCGCTGCGGCGACGAACCGCTGGTACCTCTCCGCTGCCCCGATCGCCCGAGCCCTGGTGCACCTGTGCGTGCCGATGGCCGCCGCGATGGTCGTCAGCGCCCTGTACAACGTCATCAACGCGGGCTTCATCGGCGCGCAGCACGACACGTCCCTGCTCGCCGCGATCACCTTCGGCACGCCGCTGCTCGGCCTGGTGATGGCCGTGGGCGGGGTGTTCGGCGTCGGCGGCAGCGCGTTGATGTCCCGGTTGCTCGGCGCCTCGGAACACGATCCCGACAAGGCGCGGGACATCAAGCACGTCGCCTCGTTCGCCCTCTGGGGAGCCGTCGTGACCGGCGCCGTGCTCGGCGCAGTCGGTCTCCTGCTGCTCCGCCCGCTCGTCGCCGTCCTCGGTGCCGACGCGGCAGCGGTCCCCGCCACGAGCGAGTACGTCGCCGTGATGCTCGCGTTCGTCCCCGTCCTCGCCGCGTCCTTCGCGCTCGAGCAGATCGTCCGCTCGGAGGGCGCCGCGAGGCAGGCGATGATCGGCCTGGTCCTGTCCACGGTCGGCAACCTGGTGTTCGACGTCCTGTTCATCCTGGGGCTGCACTGGGGTGTCGGCGGCGCCGCACTCGCGGTGGGCCTGGCCAACGTGGTGTCGATCGCCTACTGGGTGACGTCGCTGCAGCGGAACAGCGAGAACGTCAGCTTCGCGCCGAAGTGGTTCACCCTGCGGGCGGACATCCTGAAGCCCGTGTTCGGCATCGGCGTCGGCGAGCTGCTGCAGTCCGCGTTCCTCATCGTCACGACACTCGTCCTCAACAACCTCGCCGCCGCGTACGGTGACGACCCGCTGGCGGCGATGGGCGTCGCGGTCCGCATCGCCCAGGTGCCGGAGTTCCTGGTGATGGGCGTGACCATCGGCGTGCTGCCGCTGCTCGCCTACGCGTTCGGCGCGGGCGACGCAGCTCGACTCCGCTCCGGCCTGCGCGCCGCGGCCCTGACCGTCGGCGGCATCGTGCTCGTCTTCTCCGGCACGGTCTTCGTGTTCCGCGAGCAGGTCTTCACGATCTTCTCCGGTGACCACTCGGTGCTCGCGATCGGCATGACGATCCTGACGGCACAGCTCGTCGCCGCCGTCGTAAACGGGTTCACGGGACTGCTCACCTCGCTGTTCCAGGCGACCGGGATGGTCATGCCCGCGATGGTGCTGTCGATGGCGCAGGGCGTGCTGTTCATCCCGATCGTGATCGCCGGCAACGTCTGGTTCGGGCTCGCCGGGATCATCTGGGCACTCACCGTCACCGAGGGCATCGTGTTCGTCGCCGCGGTCGTCCTCTGGCTGTCGACGCGGGGCCGCATCGCCCGAGGCCTGGCCGAGGGCAGCGCGGCACGCGCCGACGCCGCGCTGGAGGCCGCCCCCGTGGCGTGAGGCGCGTCGCCCCCGGCGTCACGCACCACGTGCGGACGGGAGGCCCGGTGCCGGTCCGGCGCCGGGCCTCCCGTCCGTCGCGTGGTCGCGTGACGTGCGCCGCGTGCGCTTGGTGAGCAGAAATGGTCGGGTGCGCGCGTGCGACCCGACCATTCCTGCTCACGAAGTGGGCTTGCGCCGCGCGCGCTCCGCGCTCCGCGCTCCGCGCTACGCGCTACGCGCTGCGACCGCGCCGCAGCAGCAGCACGACGACCGCGCCGGCCACCAGGACGGCTCCGGCGCCGAGGCCGATCCACACGCCCGGCGCGATGCCCGGCGACGAGGACGGAGCACCGTCCGAGGCTCCGGTGGCCGTCGCGGTGGCACTCGACGTCGGAGCGGTGCTCGCCGTCGGGGTCGGGGTGACGCTCGCGCTCGGGGTCGACACGGGCGCTGCGGCCCGGTACTCGAACGCGAGCGTGCCCTCGATCGGGTGGCCGTCCGGCGACACGTACCGCCAGAGCACCGTGTAGTTGCCCCGGTCGAGGTCGACCGCGCGGCGCATGGTCGTCCCGGAGACCGTCACGTCACCCGTGGCGACGTCGGTGCCGGAGGCATCCGTCACCTGGATCCGGAGTCCGGCGTCGAGGCCGGCAAGCGGCGCTTCCGAGAAGGTCAGGTCGACGGACTCGAGCGGTTCGGTGACGACCGCCCCGTCCGCCGGGGTACTGCTGGTCAGGGCCGAGTGGGCCGACGCGGGCTGGACACCGATGAGCGTCAGCAGTCCCGCCGCGACGATCGCCAGTGCCGCCGCCGTGGTTCGGGCTGTGCGCATGCGCAGACTCTACCGACGGTCGAGCGGCAGCCCGCTGGGGGTCAGAGCTGCTCGCCGAGGAAGTCCGCGTAGGTGGGCTCGTAGCGCGCTTCGCTGACGCTGACGAGCTGGTGGCCGGTTCCTTCGAGGCGTTCGGCGACGAGGGCGGCGAGGTCTTCGGGCGAGCGGAGGCCGTGGCGGTGCCAGGCGTTCTGGATGGTGGCGGTCATGGCGACCAGCCCTTCGTCGAGATGATGCGCATCTCGGATCCGTCCGGGTCGACCCGCTGTGCCAGACCTCACAGATCGTGAGGAGCATCGTGACGACGAGTCCCTGATGACTGACCCGGTACCGCAACGATACGGTCGCGCCCGATCGCCGTCGAGGCGGATGCGTTTCGCGGCTGACGGACGGGAGGCCCGGTGCCAGCTGGCACCGGGCCTCCCGTCATCAGGGGGTCGCGCCCAGGGCGCGGGTCCGCTCGATCAGTCGGTGCCGGAGTCGAAGGCCGCGCCCTCGGAGGCGAGGTCCGTGCGACGACCCATCGCGTCCTCGGCGTCGGAGGCGACGATCGCGCCGCCGAGGATCTCCTCGGCCTCGCCCGCCTCGAGCTCGCCGACGAGCTCGGCAGTCGCGCCACCGATGAGGCCGGCGGCGGCGTACTGCTCGAGCCGCGAACGGGAGTCCGCGATGTCGAGGTTGCGCATGGTGAGCTGGCCGATGCGGTCGTCCGGGCCGAAGGCCGCGTCGCCGACGCGCTCCATCGACAGCTTGTCCGGGTGGTACGACAGCGCGGGGCCCGTGGTGTCGAGGATCGTGTAGTCGTCGCCGCGACGCAGGCGCAGCGTGACCTCGCCGGTGACGGCGGAGGCGACCCAGCGCTGCAGCGACTCGCGGAGCATGAGGGACTGCGGGTCGAGCCAGCGGCCCTCGTACATCAGGCGACCGAGACGGCGACCCTCGTTGTGGTACGAGGCGACCGTGTCCTCGTTGTGGATCGCGTTGAGCAGGCGCTCGTAGGCGATGTGCAGCAGCGCCATGCCCGGAGCCTCGTAGATGCCGCGGCTCTTCGCCTCGATGATGCGGTTCTCGATCTGGTCGGACGCACCCAGGCCGTGGCGGCCACCGATGGCGTTCGCCTCGTAGACCAGGGCGACCGCGTCGGTGTACTCGACGCCGTTGATCGCGACGGGGCGGCCGGCTTCGAACCGGACGCTGACGATCTCGGTCGCGACCTCGACGTCGTCACGCCAGGCGGCGACGCCCATGATCGGCTCGACGATGTCCAGGCCGCTCGACAGCTCTTCGAGGCTCTTCGCCTCGTGCGTGGCTCCCCAGATGTTCGCGTCGGTCGAGTACGCCTTCTCGGTGGAGTCGCGGTACGGGAACCCGCGGGCGACGAGCCACTCGCTCATCTCCTTGCGGCCGCCGAGCTCCTCGACGAACTCGGAGTCGAGCCACGGCTTGTAGACGCGCAGACGCGGGTTGGCCATCAGGCCGTAGCGGTAGAACCGCTCGATGTCGTTGCCCTTGTAGGTGGAGCCGTCGCCCCAGATGTCGACGCCGTCTTCCTTCATCGCGCGGACGAGCATCGTGCCCGTCACCGCGCGGCCGAGCGGCGTCGTGTTGAAGTACGTCTTGCCGCCGGAGCGGATGTGGAAGGCGCCGGTCTGCAGGGCGACCAGGCCCTCTTCGACCAGGGCGCTCTTCGCGTCGACCAGTCGCGCGATCTCCGCGCCGTACTCGTGGGCGCGGCTCGGGACGGCGTCGATGTCCGGCTCGTCGTACTGGCCGATGTCGGCCGTGTACGTGCAGGGGATCGCTCCCTTCTCGCGCATCCAGGCAACGGCGCAGGAGGTGTCGAGACCCCCTGAGAACGCGATGCCGACTCGTTCGCCGACGGGGAGACTGCTCAGGACCTTGGACACGGGGTCAATCGTACGGGGCCAGCGGGCTCGACTACCGTCCGGGGCGACGGTTGTGGAGAACTGAGTTGCCACAACCCGGAACCGATCCAGGGC
NZ_CP181330.1_gap69	3416306	3420001	3695	GCTCAGCGTGCGCCAGTTCGGCACCCGCCGGCTCAGCGCCCGCCGGTGATCTTCCGCTCCCGCTGCGCGACGCCGGCGGTGCCGTAGGGGTAGTCGTCGATGCGGGGAGCGCTGGCGTCGGTCAGCCGGGCGAGCTCGTCGTCGGTGAGCACCAGGTCCGCGGCACCGAGGTTGTCCTCGAGCTGCGACAGGGTGCGGACGCCGAGGATCACGCTCGTGACCGCGGGCCGGGCCAGCAGCCAGGCGAGTGCGACCTGTGACTTCGACGCGTCGTGGGCGTCAGCCACCTCGGAGACGGCGTCGAGCACCTCCCACGTGCGCTCGTCACCGTTGCGGGCTTCCCAGGCCTCCATGCCGCGCTGCGGATTCTCGCCCAGGCGGGTGGCGCCGGACGGGGCCTCGTCGCGCTGGTACTTGCCGGAGAGCCAGCCGCCGGCCAGGGGCGACCAGGGCAGGAGGCCGATGCCGGCGTCGAGGCAGGCGGGCACGACCTCGTGCTCGATGTCGCGGACGAGCAGGTTGTACTGCGGCTGCAGGGTGACGGGCGGCGCCCAGCCGTGGGCCTTCGCCTCGTAGACGGCCTTGGTGACCTGGTAGCCGAGGTAGTTCGAGAACCCGTAGGAGCCGATCTTGCCGGCGGACACGGCGTCGTCGAGGAACCGCAGGGTCTCGTCGATGGGGGTCAGGGCGTCCCACGCGTGCATCTGGTACAGGTCGATGTGGTCGACGCCGAGCCGTTCGAGCGAGGCGTCGAGGGCCACGCGCAGGTGTCGTCGGGACAGGCCGAGGTCGTTCGGGCCGTCGCCCTGCGGGAACCGGCCCTTGGTGGCGAGGACGACCTGCGCGGCCTCGGTGGGGTGTGCTGCGAGCCAACGGCCGATGATCCGCTCGGACTCGTTGCCGGAGTAGACGTCCGCCGTGTCGACGAGCGTGCCTCCGGCGGCCACGAAGGCGTCGAGGATGGCGTGTGAGGTGGGTTCGTCGGCTTCGCTGCCGAACGTCATGGTGCCGAGGGTCAGCGTCGACACCGATGTCCCGCTGTTGCCGAGGAGTCTGTAGTCCATGGCGGGGACGGTACGCCCGGTGCCGCCCGACCGAGGGGACCCACGAGTACCCCTCAGCGCGGGGCGGACAGGAACCGCAGTGCCGCTTCGCGGAACGGCCGCGAGGTCGGGGCGTTGAAGTGGTTGCGCCCGGGGATCTCGAAGAAGGTGGCGTCCGGTGCGGCTTCGGCGAGCCGGACCGCGCTGTCGCGGATGCCGTCCTCGCTGCCGGCGGCGATCAGGAGCGGCTGCGCCGGGGCGTTCTCCGGGGTCGGCTCGATGCTGTTCCGCATCCCCTCGACCATGGCCACGAGCGCGCCGAGGTCGTTGCCCTCGACGTTGCCCGCCATCGTCAGGTAGCCGTTCGTGACGCGGTCCTCGATGGGGGTGCCGTCGGCGATGTACGCCTTCGCCTGGTCGACGCGGACGCGACGCATCGGGTCGGCGTCCGGGATCCCGCCGAACACCGCACGCGAGATCCGGCCGGGCAGGCGTTCGGCGGTGTGCCAGCCGACCCGTGCGCCGAGCGAGTAGCCGAGGAACGCGACGTCGTCGAGCAGGTACGTGTCGATGACCGTGGTGACGTCGGCGACGAGCAGGTCCATCGAGTAGGCACCCGGGTCGTGCGGCTTCGCGCTCGCGCCGTGCCCGCGCTGGTCGAGTGCCAGGACCCGGTAGCCGGCTCGGACCAGGTGCCGCGTCCAGCCCGAGGCGTGCCAGTTGAGCACCGCACCGGAGGCGAAGCCGTGCACCGCGATGACGGCCGGAGCGTCGGGGTCGCCGAAGTCGTAGGTCGCGAGTCGCAGCCCGTCGGGCGACATCACGAACCGGGGGCGGGGCGCTTCGGGGACGAGTGACATGTCCTCTCAAGCGTATCGGGGCAGTGTGGTGGCCATGGACGGCTACGGCGGCGATCAGATCCGGGCGGCGGAACGCCCCCACCTCGACGCGGGGGAACCCCTGATGCAGCGCGCCGCCGACGGGCTCGCGCGCATCGTCGGCGAGCTGCTGGACGACCCGGCCGTGCGGCCGGTCGACGGACCGGGGTCCGTCCTCGTGCTCGCAGGCAGCGGCGACAACGGTGGCGACGCCCTGTTCGCGGGTGCTCGCCTGGCAGCGGCCGGGAGGCACGTGGCGGTCCTGCGCGTCGGCTCCCGTGTCCACGAGGCCGGCCTGGCAGCGGCGCTGGACGCCGGCGCGCGTCTGCTGGACGGCCCGTCCGGCGCCTCGGGACCGAACGCGGGCGGAGCGGCGGACATCCTGCGGGCCGCCGGCCGGAGCGACGGCGAACGCCTGGCGGACGTCGCGACCGAGGCGGCGCTCGAGGCCGACCTGGTGCTCGACGGCATCCTCGGCATCGGGGTGCACGGCGCGAACGCACTGCGGTCCCCCGCTCGGGAGGTCGTGGACGCCATCCGTGAGCTCGCCCGCGACCAGCGTGCGCCGTTCGTCGTCGCGGTGGACGTGCCGAGCGGCATCGACGTGGACACCGGCGGCGTCGCGGACGACCACGTCCTGCACGCCGACGTCACCGTCACCTTCGGCGGGGTGAAGGCCGGCCTGTTGACCGGACCCGCCGTCACCCTCGCCGGGCGGATCGAACTCGTCGACGTCGGGATCGGTGCGGACCTGGCGACGACGGAGCCGCTGATCCGCACCTGACCCCTCGCCCGTCAGTGCGTCAGTGCGGCAGTGCGTCAGTGGTGCTCGTACAGCACGGGCTCCGGCAGACCGTGTTCGGCGCGGATGCTGCGTGCGATGCCCTCGATGGCGACCAGGGCGTCGACCACGAGCTCGGGCGTCACCGGGAACGGCATGTTGTGGATGGTCTCGCCCTCCACCGTCGCAGCCTCGGCCACGGCGCGCAGCACGTCACGGTCGTCCACCGTCAGGCCGATCTCGGTCAGGGTGTTCGGCAGGCCGACCTTCGTGGTGAAGACGACGAAGTCCTCGATCTCCTCGGCCGGGGCGCCCTCGAGCACGAGCTGCGCGATCGTGCCGACGTTCACCTTCTGCCCGTGTGCCAGGCCGTGCGCCTGCGGGGCCGCGGTCAGCCCGTTGTGGATCGCGTGGGCGGCGGCGAGCCCGCCGGACTCGAAGCCCAGGCCGGACAGCAGCGTGTTCGCCTCGACGACCTTCTCGAGCGCCGGGGTGACGACCTTGGCCTTGACGGCCTCGATGGCCTGCAGGGCGTTCTCGTGCAGGAGCTTCCACGACAGTTCGGCGAGCGCGACGCCGGTCTGGGTCTGCAGGCCGCCGGCCATGGTGTCGGCGTTGGCGCGCTTCGCGGCACGGGCCTCGACCCAGGTCGCCAGCGCGTCGCCGATGCCCGCGACCAGGAACTGCACCGGCGCGTTGGCGACGAGCCTGGTGTCGATGAGCACCAGGTCCGGGTTGTGCGGGAAGAAGCGGTACTCGATGAACTCGCCCTCGGCGGTGTAGATGACGGCGAGCGCCGAGGTCGGGGCGTCGGTGGACGCAGCCGTCGGCACGCTGGCCCACCGGATGCCGGCGAGGTGCCCAGCGGCCTTCGCGGCGTCGATGGCGGAGCCGCCGCCGAGCCCCACGATGACGTCGGCGTCCGTCGCGCGGATCTGCTCGACGAGCTCGTCGACGGCTTCTGGGGTGGCGAAGCGGCCGAACCCGACACGC
NZ_CP181330.1_gap70	3423699	3428079	4380	CACCGCCGCCACCGTCGACCCCGGCCTGCTCGACCTGCCGTGGGACCTGCCGCTCGCCGACTGGCCCGACGACACGATCGTCGCGCTGCCGAAGGGCATCTCGCGGCACCTCGTGCGGTTCGTGCACCTGAGCGGGTACGTCGCCGCGGTGAAGGAGACCGGCGAAGAGGTCGCCCGGTCCGAGTACGAGATGCTCCGGACCCTGCAGCGCATGGACGTGCCGTGCGTGGACCCCGTCGCGGTCATCACGAACCGCGTCGACGCCGACGGTGAACCACTGCACCCCGTGCTCGTGACGCGCCACCTGCGGTTCTCCCTGCCCTACCGCGCGCTCTACTCGCAGACGCTGCGCCCCGAGACCGCCACCCGTCTGGTCGACGCCCTCGCGCTGCTGCTCGTCCGCCTGCACGTCATCGGCTTCTACTGGGGCGACGTGTCCCTGTCGAACACGCTGTTCCGTCGCGACGCCGGCGCCTTCGCCGCGTACCTGGTCGACGCCGAGACCGGCAAGCTCTACCCCGGCGGGCTGTCGAACGGTCAGCGCGAGAACGACCTCGAGGTCGCCCGCGTGAACATCGCCGGCGAGCTGCTCGACCTCGAGGCCGGCGGACGGCTCGACGAGAACGCCGACCCCGTCGACGTCTCGAACCGCATCGTGGCCCAGTACCGGACGCTCTGGACCGAGCTCACCGGCACCGAGCAGTTCGACATCAAGGAACGCTGGCGCATCAACGACCGCGTCGAGCGCCTGAACGAGCTCGGCTTCGACATCGAAGAACTGTCGATCCACACGACCGAGGGTGGCTCGCAGGTCCGGATCCAGCCGAAGGTCGTCGACGCCGGGCACCACCAGCGGCGACTGCTGCGACTCACCGGGCTCGACGCCGGCGAGAACCAGGCCCGGCGCCTGCTCAACGACCTCGACTCGTACCGCGCCCGCAACGGCCGTGACGAACTCGACGAGGAGATGGTGGCGCACGAGTGGGTCTCACGGGTCTTCGAGCCCGTCGTCCGCTCGATCCCCCGTGACCTGCGCGGCCGACTCGAACCCGCCGAGGTGTTCCACGAGCTGCTCGAGCACCGCTGGTTCATGTCCCAGCAGGAGGAGCGTTCCGTCTCCCTGCCGGAGGCCACCACGGCCTACATCAACGACGTGCTCCGACACCGTCGCGACGAGCGCCTGCTCATCAACCCGCCGACCTCGTCGATCACCGTGCCGATCCCGGTGCTGGACGACGACGACGCCGACGAGGCCGACGAGTCCGACGACGTCGACGACTGGCGCGCCACGGTCTGACCGTCTCCACCAGCCGACGTGTCCTGACCGTTCGGGGGGGGCGGCAACGCGACCGCCTGGAGGCCCGGCCCGCGTCCCGGAGACCGGCGCCGGCCCTCCAGACCGTCACGCCCAACCCCACCGGCCACCGTGAGCAGGAATGGTCGCCTCCCGCTCGGGGAGGCGACCATTCCTGCACACGAAGTGCTGGGGCTACGCGGTGCGACGGCGCCGCGCGACCTCCCACAGGGTGACGCTCGCGGCGATGCCGGCGTTCAGGGACTCGGTGGCGCTCGAGATCGGGATCGACACGATGGCGTCGCAGGTCTCGGTGACCAGGCGCGACAGGCCCTTGCCCTCGGAACCGACGACGATCACGATCGGGCGGTCGGCGAGCTCGAGGCCGTCGAGCTCCACGTCACCGTCGCCGTCCAGGCCGAGGACGAACAGGCCCATCGACTTGAGCGACTTCAGGGTCTGCGTGAGGTTCGGGGCCATCGCGACCGGCGTGCGTGCGGCGGCCCCGGCCGAGGTCTTCCACGCCGACGCCGTCACGCCGACCGAACGACGCTGCGGCACGATGACGCCGTGTCCGCCGAACGCCGCGGTCGAGCGGATGATCGCGCCGAGGTTGCGGGGGTCCGTGATGCCGTCGAGTGCGACGAGCAGCGGGACCTGGTCGCGCGAGAACGCCTGCTCGACGATGTCCTCGGACACGGCGTACTGGTACGCCGGCACCTTGAGGGCGACGCCCTGGTGCACGCTGTCGTGTCCGGTGATGCGGTCGAGCTCGGGACGCATGAGCTCGATGATCGGCACACCGCGGTGGTTGGCGAGCGCGAGGATCTCCTTCACGCGGTCGTCGACCTCGATGCGCGACGCGATGTAGAGCGTCGACGACGGGGTCTTCGTCCGCAGGGCCTCGAGCACGGAGTTGCGCCCGGTCACCAGCTCGGAGTCGTCGGTCTTGCGTGCCGGCGGACGGCCCGTGCGACCCTGCGGGGTGCTCGAGGAACCGTGCCGACCCTTGGCCGCCTCGAAGCGGTCCTTCGCGGCCTTGCGCTTGCCAGCCGGGTGGTACGGGCGGTCCTCGGCCTTCGGGGTCGGCTTGCGACCCTCGAGCGCCTGGGCGCCCTGGCCGCCGGAGCCGACCTGCTTGTTGCCCTTGCGACCGGTGCGGACGGCGCCGGGCCGACCCTTCTTGCTTCCCGAGACGTTCTTCATGCGTAGCTCCTGTTCGGCACTGCCGTGTTCAGGCGATGCTCCAGCGTGTTCCGGACGGCGTGTCCTCGATCGTGATGCCCGCGGCGGCGAGGTCGTCGCGCACGCGGTCGGCCGCGGTGAAGTCCCGTGCTGCCCTGGCGTCCGCGCGCTCCTGCACGAGGCGTTCGACGAGGGCGGCGAGCGGGCCTGCCGAGGTGTCGTGGCCGCCGCCCGACCAGTGGGCGGCTCGCGGGTCGATGCCGAGCACCTCCACCATCGCAGCCACCTGATGGTACGCGGTCCCGAGCGTTTCCGCATCGTCGGCGTCCAGGGCAGCGTTGCCGGTGCGCACGGTCTCGTGCAGCACGGCCAGGGCCTGGGGCACGGAGAGGTCGTCGTCCATGGCCGCGGCGAAGGCCTCGGGCACGGTCGGGGCGTCGGCGAGGTGGACGCCCTCGAGCCGGGTCTCGGCGCGCTCGAGGAACCCGGCGATGCGGTCGTACGCCGCCTCGGCCTCGGTCAGGGACCCCTCGTGGTGGTCGATCGACGAGCGGTAGTGGGCGGCGCCGAGGAAGTAGCGGACGACGGCGGGACGAGCGGATCCGAGGAAGTCCGCCGCGAAGATCGAGTTGCCGAGCGACTTCGACATCTTCTGCCCCTCGACCGTCACCAGGCCGTTGTGCAGCCAGTAGGACGCGAACGGGTCCCCGGCGGCCGTGGACTGCGCGAGCTCGTTCTCGTGGTGCGGGAAGCGCAGGTCGAGCCCGCCGCCGTGGATGTCGAACGCGGGGCCGAGGTACCGACGGGACATCGCCGAGCACTCGATGTGCCAGCCCGGACGGCCGGCGCCCCACGGGGAGTCCCAGTTGGCGGTCGACGGCTCGCCGGGCTTCGCACCCTTCCAGAGCGCGAAGTCACGGGCGTCGCGCTTGCCACGCGGATCGGCGTCGGCGGCCTCGACCATGTCCTCGCGCCGCTGCCGGGTGAGCACCCCGTAGTCGGCCCAGCTGCCGGTGTCGAAGTAGACGTCACCCGAGCCGTCGTCGGCGGCGTAGGCGTGCCCGCGGTCGATGAGGCGCTGGATGATCTCGTGCATCTGCGGCACGCTCGCGGTGGCGCGGGGCTCGTACGTCGGGGGCAGGATGCCGAGGGCGTTGTACGCGGCCGTGAACTCGAGCTCGACCCGGTAGGCGCGGGCGAACCACTCCTCGTCCGTGCCTGCAGCCAGGTCGAGGACCTTGTCGTCGATGTCGGTGACGTTGCGCACCAGGGTCACCCGGTACCCGCGGTGGGTGAGCCACCGGCGCCAGATGTCGTAGACGAGCGCGGACCGCAGGTGCCCGATGTGCGGCGACGACTGCACCGTCGGACCACAGACGTAGACGCTCACGTGTCCGTCGACCAGGGGCACGAGGTCGACGACGGCTGCGGCGCGGGAGTCGTAGAGGCGAACGGTCACGCCTCAACCCTAATCGGCGCGGGGCCGCGGTTTCAGGAGGGACGCACGAGTGCCGTGGCGATCGCCGCGAGCCCCTCGCCACGGCCGGTGAACCCGAGCCCGTCGGTCGTCGTGCCGGACACGGCGACGGGCGCACCGACGACTGCGGACAGGGCGTCCTGCATCTCGTCGCGGCGACGACCGATGCGCGGCCGGTTGCCGATGACCTGCACGGTGACGGACACCGGCACGAGCCCGGCGTCGGCGAGCAGCGCGACCGCGCCGCGCACGAACACGTCGCCCGTGGCGCCGGCGTACTGCGGGTCAGCGGTGCCGAAGCGTCCGCCGATGTCGCCGAGGCCCCCGGCGGAGAGCAGGGCGTCGCACACCGCGTGCGCCACCGCGTCACCGTCGCTGTGCCCGGAGAGACCGGGTTCGCCGGGGAAGTCGAGCAGCCCCACGC
NZ_CP181330.1_gap71	3440848	3445764	4916	CGCCGATCCGCCTCGAGATCACCGAGGACATGGACCCGGTGACCCTCGACCTGCTCGTGCGTGAACTCGACATCACCGAGGAAGAGGTCTTCCGGCTGCCGTCGCCGCTCGACCTCGGCGGACTGTTCGAGATCTCCAAGATCAACCGTCCGGACCTGCACTACCCGAAGCACGTGCCGACCACCCCGGTGCAGTTCCAGCCGGGTGAGCCGAACACGAAGCCCGACCTGTTCCGCGCGATCAAGGCGAACGACGTCCTGGTCCACCACCCCTACGAGTCCTTCGCCACGAGCGTGCAGGCGTTCCTCGAGCAGGCCGCCGCCGACCCGAACGTCCTGGCGATCAAGCAGACCCTGTACCGCACCTCCGGCGACAGCCCCATCGTCGAAGCGCTCATCGACGCAGCGGCCGCCGGCAAGCAGGTCCTCGCCCTGGTCGAGATCAAGGCCCGCTTCGACGAGCAGAACAACATCACCTGGGCCCGGAAGCTCGAGAAGGCCGGCGTGCACGTCGTCTACGGCCTGGTCGGGCTGAAGACGCACTCGAAGCTGGTGCTCGTCATCCGGCAAGAGGGCGGGACGCTCAAGCACTACAGCCACATCGGCACGGGCAACTACAACCCGAAGACCTCGCGCATCTACGAGGACATGGGGCTCTTCACCTCGGACGACACGGTGGGCAAGGACCTGACCCGCCTGTTCAACGAGCTGTCCGGCTACGCCATCGAGAAGAAGTTCAAGCGCCTGCTCGTGGCACCGCTGCACCTGCGGAAGGGCCTGCTCAAGCGCATCCAGACCGAGGCCGCCAACGCCCGCGCCGGCAAGCCCTCGGGCATCCGGATCAAGGTCAACTCGATGGTCGACGAGCAGATCATCGACGCGCTGTACCTGGCGAGCCAGGCCGGGGTGCCGATCGACGTGTGGGTGCGCGGCATCTGCTCGCTCAAGCCGGGCATGGACGGCGTCAGCGACACGATCCGCGTGCGGAGCATCGTCGGGCGCTACCTCGAGCACTCCCGTGCGTTCGCGTTCCACAACGACGGCGACCCCGCGGTGTTCATCGGCAGCGCCGACATGATGCACCGCAACCTCGACCGACGCGTCGAGGCGCTCGTGCGGCTGGTCGCCCCGGACCACATCAACGAGGTCCAGGAGATGTTCGACCTGGCGATGGCCGACACCGCCAGCTCATGGCACCTGGAGTCCGACGGCGAGTGGACGCGGCACTCCACCGACGATGCGGGCCGTCCGCTCGAGGACGTGCAGAATGTGACCATGCGGAAGATCTCGGCCCGGAAGCGCTCGACTCGGTGAGCGGCGGTCCCTCGGGCCCCGTCGTCGCTGCGGGTGCGGTCGTCTGGCGCGAACAGGACGGCACACCCCTCGTGCTGCTCATCCACCGCGACCACCACAAGGACGTCTCCCTGCCCAAGGGCAAGGTGGACCCGGGCGAGGCCGTCCCGACGACCGCCGTGCGCGAGATCGACGAGGAGACCGGCTACCGCGTCCACCTCGGCGCACCGCTCGGCACCGCCGAGTACGTGCTGCCGAACGGTCGCGACAAGGTCGTGCACTACTGGGCGGCCCGGGTCTCGGCCAAGGAGTACGCCCGCGCCGGTGCCTTCGTGCCGAACCACGAGGTCGCCGCGCTCGAGTGGGTCACGATCGACGACGCCCGCAACCGCCTGACGTACGAGCGGGACGTCGCGATCCTCGACCGGTTCGCCGAACGCGCCGCCGCCGGACAGCACCGCACGTTCGCCCTGATCACCCTGCGCCACGCGAAGACGGTGCCCGGCTCGGACTGGGACGGCCCCGACGCCACCCGTCCACTGCTGCCCGTCGGCCGTTCGCAGGCCAAGGCCGCCGCGGCACCGGTCGCGGCGTTCGGCCCGAAGAAGATCGTGAGCAGCACGGCGGCGCGGTGCCTCGCGACCGTCGAGCGGCTCTCCGCCGCGACGAAGCTCGGGGTCTCGAGCACCGCCGACATCAGCCAGGACGCCCACGACCGCGGTGCCGCCGACGTCAAGGGCGTCGTCCGGCGTCGACTCGACAAGGGCAAGACCGCCGTGCTCTGCTCCCACGGTCCGGTGCTGCCCGACATCATCGCCAGGATCGCCACCGCGACCGCCGACGACTCCGGCCGCTTCGACCTGCGCCGCGCCGCGATGCTGTCCGTCGGGGACTTCTCCGTCATGCACATCGCCGGAGACACACTCGTCGCGGTCGAGACGCACCGCAACACGATCCCGGCGTAGCCGGCGACCGCCGGACCGCAGCGCCGTCGGACCGCAGCGCAGACGCCCGCCACCCGACCACACGACGGGGCCACGCCGCGCCCGGGAACGCGATCCGGGCCTCCCGACCGCACGTCCGCGATCATGCGTGCGCATCTTCCGAACGAGCGCACAGTGCCCCCGATCCTGCTCCCTGCGCGGGAGCGGCGCACGCCGCCCCGACGTCGACAACCCCTCGTTCACCTTCCGTTCACCAGCGGGGGTGATTGCGGTCACCTCGCGTCCCTACAGTCGCTCCCGGGTCGGCACCGGCCCAGGGACCGCAGTGGTCCCACTGCATTCCATTCCCGAAGGGACCCCTGTGAACATCAAGCGAATCGGTTCGATCGCAGCAATCGCGATCGCCGGCGCAGTCGTGCTCTCCTCGTGCGCGGCGAACGAGGACGCGGGCAGCACCGAGTCCTCCTCCTCCAGCGGCAGCGACTACTCGAAGCTCTCCGGCACCCTGACCGGCTCCGGCTCGTCGGCACAGCAGACCGCGCAGGCCACCTGGGCCGCCGGTTTCCAGAACGAGGCCTCGGGCGTCACCGTGAACTACACCCCGGACGGCTCGGGCGCCGGCCGCGAGAACTTCATGTCGGGTGCCGCGGACTTCGCCGGCTCCGACGCCGCGCTGAAGGACGAGGAGCTCTCGGGCAAGTTCGAGTCCTGCAAGGCGGACACCAAGGGCATCGACATCCCCGTCTACATCTCCCCGATCGCCATCGCGTACAAGGTCGACGGCGTCAGCGACCTGACCCTCGACGCGAAGACCATCGCGGGCATCTTCTCGGGCAAGATCACCAAGTGGGACGACTCGGAGATCGCCGACCTGAACAAGGACGCGAAGCTGCCGGACGCCGACATCACGGTCGTCCACCGCTCGGACGACTCGGGCACCACGCAGAACTTCTCGGAGTACGTCTCCGCGAACGCCTCTGACGTCTGGACCGAAGAGCCCAGCCAGACCTTCCCGTACTCGGTCGGTGACAGCGCGAAGGGCACCTCCGGTGTCGCCTCCGCGATGGGCAACGCCACCAACGCCATCACCTACATCGACGACTCCGGTGCGGGCGACCTCGACCGCGCGAAGCTGATGGTCGGCGACAAGGCGACCGAGATCTCGGCCGACGGCGCCGCGCAGGTCGTCGCCGACTCGAAGATCGCGACCGGCCGTGAGGACAACGACCTCGCGATCGACATCGACCGCAAGGACACCGCTGACGGTGCCTGGCCGCTGGTCCTCGTCTCCTACGCCATCGCGTGCCAGGAGTACAAGGACGCCGACAAGGCCGAGCTCGTGAAGGGCTACCTCGACTACGTCGTCTCGAGCGCCGCTCAGGACGCCGCTGCCAAGGAGGCCAAGTCGGCCGCCCTCTCCTCCGACCTCGCGTCGAAGGCCAAGGACGCGGTCGCTTCCATCAAGTAAGGCCCCCTGAGCGCCCGGACGCCGGTCCCACCCACTCGACCGGCGTCCGGGCACTCAGCCGTCCAGGACCCCACCCGGACGCGCACCACCACCCCAGAACCCGTCGCCTCCCCCGGCGTTCCTCCGACAGGAGTACCCCATGACGACCGCACCGGCCCAGCCAGGGGCCACCGTCACCCCGACCAAGCCGAAGCCCGTCGTCCGTGTCGGCGACCGCGTCTTCTCCGCCGCCTCGGTCATCGCCGGCGGCCTCATCCTCTTCGTGCTCGTGCTCGTCGCCGCGTTCCTCGTCTGGCAGAGCATCCCGGCCTTCTCCGCCAAGGTCGGCGAGCTGCCGGGCAAGGCCACGAACTTCTGGGACTTCGTCGGCCCCCTGGTCTTCGGCACCGTCTGGTCCGCGCTCATCGCGCTCGTGATCGCCGTGCCGCTGTCCCTCGGGATCGCCCTCTTCATCTCGCACTTCGCGCCGCGTCGACTCGCGCCGGTCCTCGGCTACGTCATCGACCTGCTGGCCGCGGTGCCGTCGGTCGTCTACGGCCTCTGGGGCATCGCCGTGCTGGCGCCCCTGGTGAAGCCGTTCTACGTCTTCCTCAACGAGTACATCGGCTGGTTCCCGCTGTTCTCCGGCCAGGTGTCCGGCACAGGCCGCACGATCCTGACCGCGTCGATCGTCCTCGCCGTCATGGCGATCCCGATCATGACCGCGGTCATGCGTGAGATCTTCCTGCAGGCCCCGACCCTCAACGAGGAAGCGGCCCTGGCCCTCGGCGCGACCCGCTGGGAGATGATCCGCCTGTCGGTCCTGCCGTTCGCGAAGTCCGGCATCGTCTCCGCGATCATGCTCGGCCTCGGTCGTGCACTCGGCGAGACGATGGCGATCGCGCTGGTGCTGTCGGTCTCGACGAACGTCACGTTCCAGATGCTGACGTCGCAGAACCCCTCGACGATCGCCGCGAACATCGCCCTGCAGTTCGCCGAGGCATCCGGCACGGCCCTGAACGCGCTCATCGCGTCGGGTCTGATCCTCTTCGTCATCACCCTGGTCATCAACATGCTCGCGCGGTACATCGTCCGCAGCCGAGTCAGCTGAGAGGTCGCACCCGATGTCCCTCGCGCTCCGTCAGACCGGCACCGCCGGCAACGTCTACGCCAACGGCAAGCTGCACGCCTCCGTCCCGTGGCTGCTGCTCGTCGGCAGCTGGGTCGCCCTGG
NZ_CP181330.1_gap72	3531230	3534843	3613	TGCCCGAGGAGGCCGGGTACCATCGCCCGCCCAGTCCGACCGCCCATCAATCGGACTCAGCGGGCACCCTCCTCGCGATCGGACCGGGCGTCACGGCGCCCACCGCACTCCTGTTCAACCGAGAGGTGATCGGTCGATGACGATGCCGAGCGCAGATCGGACGGCGATCGAGCCGGGGTGTTCGGTCTGCACCGCTGCAGTTGCGCGGCACGGCAGGGTCGAGACGGCGATCGGCGTCAGCCACCAGCAGCGGACCTCGTACTTCCGCTGCGTCGCCTGCGACACCTACTGGGGACAGGACGAGCGCTCGCTCCGCGTCGTCGGGGAAGCCGACGTGCCGCTCGACCTGACGAGCGACTGGCGCGACGGCGACGGCAACCTCCGAGCAGCACCGCTCCCGCCGTACCGCCCGTTCGCGCGGCACGCCGATCTCCCGACGGAGATCACCACGACGGCCTTCGGCGACCAGGAGCACCCGCCTGCCGTCATCGACATCCCGTTCGCTCACGAGCTCCTCAACTCGGTCCCCGCTGGTCCCCTCGCCGACCGCGTTGCCGTCTGCCGGCAGCTCGCGCGGTTGGCGGAAGCCGTCTCGCCGTCTCTGGGCCCGGCAGAACGAGCGTGGACCTTCCGCCGCGTCGAGTACACCGACTCGCTCGGGCATCGTCACGTCGGCTACGGCTTGGAGCTCGACCGGGATGCGACGTTCGACGAGATCGCGTCCCGCGTCAGGTTCCCCGGGTTCGGACCGGGCGTCTTCTCGGCGACTCCGCGGAACGCCACGGTGTCCGAGTCGGGAACCCTGATGACCATCGGTCCGGGAGGCGCGATCGCCCACCCGGGCGTCCCGTTCTTCAATGCGCTGCGGCTCGGTGCGTGACATGACGACCTACGAACGAACCGCTCACCGGAACGGCACGATCGCGCCGGCGACCGTGATCGTCGAGATGGACCTGACGAACCCCGACCATCAGGTGCGCTACACCGTGACCGTGTTGCTGCTGGGCGCAGAGCACACGGCCACGGCGTACGACGCCTTCGAGGCGCTGAGCCTGGCGCGCGAGGCACTCGACGACGATGGCTGGCTCCTGGGCGTGCAGGGGGCCCGCGTCGACGTGTGGCCGAGTGGGATGGCGCGACAGCAGGGCGGTGGCATGCGGGCGTACCGACTCCGCCGCGGTCGTCGTCCCCGGTTCAAGGACCTCGTCGACGTGTTCGCCCCGGCCGACGAACACCTCGGCACCGTGCAGGCGCAACGCGAGTTCGTCGCAGCGAAGTTCCCCGACGCCTGACCGGGTGCTGGCGACGACCGTCCGTGACTCCCTGAACACCGAGCCCCCGCGCACGGTTGGGTGGGTACATGTCCTCTGCCCCGCTCTCCGGTGACGACTCCCTGCACCTGCCCGAGTTCGACAACCCGCCAGCGTCTCCGCTCGACCTCGCTCGCGAGTGGCTGTCCGCGGCGAAGGACCGACAGGTCTCCGAGCCGCTCTCGATGACCCTCGCCACGGCCGGTGCCGACGGCCGCGTGTCTGCTCGCACCGTCGACGTGAAGCGGATTGAGACGAACGGACTGGTCTTCGGCACGTCGGAGGACAGCCCGAAGGGCCGGCAGCTCGCCGAGAACCCGCACGCAGCCCTGCAGGCGTACTGGCGCGAGACGATGCAGCAGCTCCGGTTCGAGGGTCACGTCGTCCGGCTGTCGGATGCCGAGTCCGACGCCCTGTTCGCGGACCGCTCCCCGAAGTCACGCGCCGCGACGGCCATCGCCGACCAGTCCGCCGTGCTCGAGCCCCGCACCCTGCAGGACCTGATCGACGACGCGAACGACCTGCTCGACGACTCCGGCGACGACGTCCCCCGACCTGCACGATGGGTTGCCTGGCGTCTCGAGCCCGACATCGTGGAGTTCTGGCACGGCAGCCGTGACCGGATGCACCGACGACTGCAGTACGCACTCGCCGAGGGCGCCTGGACGGCCACACGCCTCCAGCCCTGAGGCCGACGGTCGGCGTTCAGTCCCTGGACCACCACGCCGGCTGAGTGGGTTCGACTCGGACCGTGAGCGATCGAGCATCGTTCGATCGTTCCGCGATGACGAAGCGGCTCTCAGCGGGGTCGACGGTACCGATCCGCCACACCGGCCACGAGTGCGGCCCGAGTTTGGGATCGAACCACGGCGCGGGCCCGTTGTCGTCCTCGCGCAACGCGCGCCGGACGCTCTTCGGATCGAGCTCCGGGAATCCTCCGGCGCGTGTCGCTACGAGCATGCGCTCTGCTGCGGCATCGACGGCGGCGGACCGTTCCGCCCGTGGGTTCCGGCTGATCCAGTACGCAGCGAGGTACCCGATCACCACGAGGCCGATCGCCGCAACGGTCACGACCCACGGTCCAGCGTCGGGATCGACCGCGGGGATGCGATCGATGCCGGAGACCCCGACGACGAACCCCAGGACGCCGAGCACCCATCCGATGCCCGCGACGCGTTGGGCACGGTGCGACGCTCGAGCGAGGACGCAGCGTGCCTCGGCGACGTCCTCGATCGCAACCGAGATCGCCCCCACACCCGCGCCCGCACCGGTCTCCATCGGACCAGTCTCGCTCACGCCGCACAACCGAAGTCGGCTCGAACCACGGAGAACCGCGGCACGAGCCGACTTCGGTTGTTCGAACCGGAACGGAACCGGCGACCGCACCAAGCGCCGCTGCCGCCCCGAGAGCACGCCCCTACCGCCCGATCGGGTTCACCATCTCCCCCGCCCGGATGAGCGACGCCGACTGGTCCGCCAGGTCCACCATCGACAGGGTGTTCCGCAGCTGCAACCGGTTCAGGCACGAGTGCTCGAACGTCGGCACCCGCAGGTCCAGGGGACGCCGGCGGTCCGGGTGCGCGGCGGCGTGGGCGTCGATGCACTCCCCCACGACCTGCCAGAAGCGGGACTCCGGCAGCACCGCGTCGTCGTCGAGGATCGCGGCGACGAACCGCAGCACCCCGTCGAACACGTCGGTGAACACCGCGAGCGCGGCCTCGTCGTCGGTCACCGGGTGCACGATCCGGTCGATGTCGGCTGGTACCGGGCGGTCGTCGTGCCGACCGAGCACGGCGGCCTCCTCGCCGATGTCCTTCATCACGGCGCGGACCACGACGCCGTCGCGCACGACGAGCACCAGGTTCTCGCCGTGCGGCATGAACACCAGGTCGTGCACGGTCAGGCAGTGCACGACGGGCAGCAGGTAGGCGTCGAGCCAGCGTCGGACCCAGACGTCGGCGGGCAGACCGGAGGCCTCGATCAGCGCTGATACGACGGCGTTCCCCGAGGCGTCGCGGTGCAGCAGCGCCGCCATCGTCAGCAGTCGCTCACCGTCCGCCACCCGCGGCAGCGGACTCTCCCGCCACAGGGCCGCGAGCATCTTGCGCTGCGGCGAGGACACGTCGACCCGGTGGTAGGCGTCGCCCGTGTAGCCGATGGCAGCGTGTTCCCGGAGGACCGAGAACCCGGCGGTGGCGAGCGTGGGGTCGTCGGAGACGATCGACTCGACCCAGTCGTTCACGGCCGGGGTGTTCCGCATGTAGGCGGGCGACATCCCCCGCAGGAACCCCATGTTCTGCACG
NZ_CP181330.1_gap73	3671320	3671877	557	CGACCGGCTTGCTCGCCTCGGCGAAGGCCTGTACGAGCGTCGCCGCGCGGGACTCCTGGCGCAGCGTGTCGGCGTTGATCGTGCCGCCGGGGATGACGAGGGCGTCGAAGTCCTTCGCGTCGACACCGGCGATGGTGGTGTCCGGCTCGAGCGTCTGCCCCGGGTCCTTGTCACCGACCAGGGTCTGGATCGTGCCGGTCTCCTTCGCCGCCACGGTCACCGAGGCACCGCGCTCACGCAGCTGCTCGGTGGGGACGACGATCTCGTCCTGCTCCACGCCGTAGTTCGTCGTGATGACGAGGATCTTCTTGCCGTCGAGGGTTGCCATGATCGCTCCTTCCGCGGCCCGGTCGTTCCGGCCGCACATCCGAGGGTCGTCGGGGTCGGCTGGGCAGGCCTCCAGGGGCGGTCCGGCACCCGGCCGACTGGTCACGACTCCCCGCTCACGTCCGCCGGGCGGTCGCGAAGCGTCGGCTGGCGGCGGCGCAGCCGACGGTTCTTGACCACTCGGCGCGGACAGGGCGGGGTGTCCTGACCGGCCGGCGAGGCGACGTGGA
NZ_CP181330.1_gap74	3770395	3772004	1609	CGGCGAGCACGGCGCCGGCGAGCGCGGCGCCGGCGAGCGCAGCGCTCAGTCGGCGGTGATGACCTTCACGGAGCCGGCGATGGTCGCGGCGTCCTCGGCGAGCGCGACGACGGGGTCGGGCAGGCCCGCACCGCCGAGGGCCTTGCGCGCACCCCAGCCGACGAAGCTGCCGACGAGGGCACCGACGCCACCGAGGATCGCGCCCTCGATGCGCAGGTCGCGCTTGCCCGTGGTGCCGAGGGCGGCACCGGCGAGGGCACCGGACGCGATCCGTCCGAGCAGTGCGGACGGGGCGATGCGGTTCGGGGTCTTCGGCAGCTTGTCGCCGATGAGCTCACCGACGGCGGAGGCCACGAGCAGCCCACGGCCGACCGGGGTGCTGAAGACCTTCCACTGCTGCCACGAGCCCTTCAGCGAGGACCGGTCGTGGTTCAGTGCGAGGACGGCGAGCGGGGTGGCGCTCCGGCCGCCGCTCATGATGCCGAGGACCAGGGTGCGGACCAGGGTGTGCTGCTCGTGCTGCTTGCTCATCGTGACTCCTGTCGTGTTGCCCCCGACGGTACGCACGGTGCCCCCGGGTGTTCCGAGCATCGCGGGCGACGGGCGGACGTCAGGCGTTCCCCGGGCGTTCCCCGGGCACGGAGCCGCCCCGAGTAGCGTCCGGCCCATGAGCAACGTCATCGTCTTCGGCGGCCACGGCAAGGTCGCACTCCTCGCCACCCGCATCCTGTCCGAGCGCGGACACACGGTCACCTCCGTCATCCGGAACGCCGACCAGTCCGACGAGATCCGGGCGCACGGCGGCGAACCGCTCGTCGCGGACATCCAGCAGCAGTCCCTGAACGACTTCGCCGAACTGATCCGCGGGCACGACGCCGTGGTGTGGTCGGCCGGTGCCGGTGGCGGGTCCGTCGACCGGACCTGGGCCATCGACCGCGACGCTGCGGTGCTGTCGATCCAGGGGGCGAAGCAGGCCGGCGTCGACCGGTACGTGATGGTGTCGTTCTCGGGCTCGCAGCTCGACCACGGCGTCCCGCAGGACCAGGACTTCTTCGCGTACGCGCAGTCGAAGATGATCGCCGACGCCGTGCTCCGCGACTCGGGGCTGCAGTGGACGATCGTCGCCCCGAGCACCCTGACCGACGACGAGCCGACCGGCTCCGTCGACTGGGACGGTTCGTCGACCCAGGTGCCGCGCGGTGACGTGGCGCACGTGGTCGCCGACGTGGTCGAGAACCCCGGCACGGCGGGCAACACGTTCCGGTTCAACACGGGGTCCACCCCGGTGGCGGAGTTCCTGCGCGCCGACGCGGTCTAACCGAGACCGACCGCGCGGACGCGGTCTGACCAGGACCGACCGCGCCGACGCGGTCTGACCGAGACCCGCAAACGGACGGGGTCGCGGCGGTTCTCCGCCACGACCCCGTTCGTGTTCCTGCAGAGCGTCGAGCTCAGTAGAGCGTCGAGATGCCCGTCATGTCGCCACGGCCCAGCGTGCGGCCGTCGAGCTCGCAGTAGCCGCCGGACGGCTCCATGACCTGGCCGGTGCCGGTCTTCACGTGGTCGAGGCCGTACAGGTGGCCCCACTCGTGCGTCGCGACGACCTGGG
NZ_CP181330.1_gap75	3779394	3783770	4376	AACTTCACCTCGAGTGCGGCGGCGTCGCTCGGCCGGACGGTCAGCGGGCTGTAGATGATGCCGTCGATCGAGTGCTCGCGCATCCGGGTGATCGCGTCCGCCTCGCGCACGCCGCTCGCGGTCTGCTCGATGAGCACCGTGTACCCCACGGCTCCGGCAGCGCGGATGACGGCGTCGGCGAGTTCGGCAAAGTACGCCTGCCGCAGTTCCGGCACCGCGAGCCCGAGCACCTTGGAGCGTCCGGCGCGGAAGTTCCTTGCCGAGACGTTGAGCTCGTAGCCGAGCTCGTCGACGGCGGCCATCACGCGGTCACGGGTGCGGACGGAGACGTGCTCGTAGCCGGACAGCACGTTCGAGACGGTCTTCTTCGAGACACCCGCCACGGCGGCGACGTCGCTCATCGTGGGCGGAGAGCGGTGCCCCTGCGCCATCGGGCGCCCCCTCTCACGTGCGGACTGCGTTCGGCAGGAACCTACCGCACCAGCGTGGTGCGGACCGGACGGGAGGCCCGTGGCGGGCCCGCCACGGGCCTCCCGTCCGGTCCGTCGGCCCGTCCAGGGCCCCGCTCAGTCCGCCAGGAACCGCAGGACCGCGAGCACCCGCCGGTTCTCGTTCGGCGTCGCCTCGAGCCCGAGCTTGGTGAAGACGGCGGTGACGTGCTTCTCGACGGTCCCGCCGGACAGGAACAGCGTGTCCGCGATCGCGGCGTTGGACCGGCCCTCGGCCATCAGGCGCAGCACGTCGGTCTCGCGGGCGGTGAGCGAGTCGAGCGGACCGCTCGTGGCACGCGGCGCCTGGACCAGTGCGGCCGCCACCTCGGGGTCGAGCACCACGTTGCCCGCTGCGACCTGGTGCAGCGAGTCGATGAAGGTGCCGACCTCGGCGACCTGGTCCTTCAGCAGGTACCCGACGCCGACGGTGGCGACGTCGAGCAGCGCCCGCGCCCACTGCGCCTCGGCGTACTGCGAGAACAGGAGCACCCCGACGTCGGGCCGGACGTCCTTCACCCGCATGGCCGCGCGGACGCCCTCGTCGGTGTGGGTCGGCGGCATCCGGATGTCCATCACCACGACGTCGACCGCGCCGTGCGCGACGGCGGCCACCGCGGCGTCGCCGTCCGACACCGGCACGACCTCGTGCCCGCGACCGCGCAGCAGGGACGTCAGCCCCTCGCGCACGATCGTGTTGTCGTCGGCGACGACGATCCTCACCGTTCGGCTCCGCTCGGCATGCGCATCCGGATGCGGGTCGGGCCGCCGGCGGGGCTGTCCACCTGCAGGTCACCGTCGACGGCGCGCAGCCGTTCGAGCACCCCGGCCAGGCCGGTGCCGTGACCGTCGGGGGTGCCGAGCGCGACGTGTGCCCCGCCGTGGCCGTCGTCCTCGACCTCGACGAGCAGGTCGGTGCCGAGCATGCCGACCCGGACGGCGGTGGCCGAGGCTCCGGCGTGCTTCGACACGTTCGTCAGCAGCTCGAGCACCCCGAAGTACGCGATGCCCTCGACGACGCGGGACGGCCGGACAGGCAGGTCCACCGACAGCGCGACGGGGAACGGGGTCCGGGAGCACGCCGAGGTCAGCGCGGCCTCGAGCCCCTCGTCGAGGACGGGCGGGTGGATGCCGCGGGCCAGGGCGCGGAGCTCGACCAGGGCCTCCTTGGTCGACGCGTGCGCCCGGTCGACCAGTGCGGTGACCGCGTCCGGGTCGGCGCCGGTCTGCAGGCGGTCGCGGGCGTCGCCGAGGGTCATCGCCAAGCCGACGAGCCGGGCCTGGGTGCCGTCGTGCAGCTCCCGCTCGATGCGGCGCAGGGTGGTGTCGGCGTCGAGCACGGCGGCGTCGCGCGAGGCCGTGACCTGGCGGAGCCGCAGGTCGCGGGCGGTGGCACCGAGCAGGGCGCGGATGACCACACGCTGCAGTGCCGCGAGCCCGTGGTTCACCGCGGGCCAGAGGAACAGCACGATGAGCAGGCCCAGCACCGCGAACGCGACCTGCAGCGGCGGGGTGTCGACGTACACGCCGAGGAACTGCGCACCGCTGTGGAGCTCGCCGTCCGCGCCCCGCTGCGCCGGCAGGAAGTGCCCCCACGCCGCGTGGGTCATCGCGCCCAGGCCACTCACGAGCACAGCGGTCGAGACGGCGAACGTGGTCGTGGTCAGCACGAACCCCGCGAGCAGGTACGCGAACGCCCGCCAGGTCGGGCCGTCCGACAGCCGGGCGAACGCGGTGCCGAGCGGCGTCGAACCTGCACGGGGCGGTGCCGGGGCGACCACGACGTGCCCGAGCAGCGCGGCGGACATCCGGCGGGTGAGCGCGGCGAACCAGTGCGACCCACCGAGCAGGAACGCGGCGACGACCAGGCCGACCCAGGTCAGCGACACCGGGATGCCGACGGCCAGCACCACGACGAACCAGGCCAGCGCGGCGATCGCGATCGGCAGGTGCGCGGCGTGGAACGCGAAGGCCCGCCAGGTGCTGCCGTCGGCGACGGCTCGGAACGGTCGGAACCGGGGGACGGTGGTGGGGGCGCCCGGGGTGGCGACGGCGGTGTACATGCGGACCTCTTCGTGTCGGTGACGAGCTTATTGCCCGACACCAGCCTCGCCGCGGGGGTCCGCCCGCACACCGGTGCTGCCCCCCGTGGTCGGTGGGGAAACCCCGCGATCATCGTCAGCCGGGTCGGCTCAGGCCCCGGTCTGCTCCGTCGGCGCGGCCACGGGCTTCGACTGGCTCGACCCTCGTTGCCGCAGGGACACGGTGGCGATCACCATCACCGAGATGACCAGGAACTCCGACTGCCAGTTCTGCATCGACTCGAACCAGAACTGGCTCGTGCCCAGGTAGCCCCACGCCGAGACCACGCTGTCGCCGTGCTCGAGCTGCTCCTCGTTGTAGGCCGCAGCGCCTCCGATCACGTGCCCGACGACACTGCCGAGGAACAGCACCGCGAACAGGATCAGCAGGGAGTTCTCGTACAGCACGAGCACGATCCCGCCCCGGCGCACCGGCCACGGGGCCTTCGGGTCGTCGGCGTGCTTCCGGGGGTCCTCGTCCTGCGGGCCCTGTTCGTCCAGGGGCTCGGACTCGCTCGACCCCTTCTGGAACAGGAACACCGTGAACACGATGTACGCGCCCATCTGCAGGAACTCGCTCTCCCAGTTCTCGAAGGTGGCCTCGGCGAAGTCACCGCTCGTCAGGAAGCCCCAGAGCGACACGGCCGCCTCGCCGTGCTGGAGTGCGTCCGCCGCGGACACCCGCCACCCGGCGAACACCATGCCGACGAAGCACACGACGAAGACGGCGACGTTCGCGAGGAGCAGGCCGTGCCGTCGCACGCGCTGCCACCCGCTCGATCCGTTGTGCAGGCCGAGGGTCACCGGGTCCTCCGTTCGTCGTGTCGACGCCATCCTCGTCCGGGCGCGACGAACGCCTTCGCAGGAGCACCCGACCGGTCGCGGCGGTTCCGTCAGCGACTCAGAGCGTGATGCCGGTGGCCTCGGCGAGCGTGACGAGCAGTTCGGTGCGGAACCGCTGGTCGGCGACCGCAGGATGCGGCTCCTGCCTCTCTCCGTGGAACCAGTAACCGCCTGTCACGGTTTGGTCCGGGTCGGTCGCGAGCGTCTCCTGCGTGCGGTGTCCGAGCTCGAAGTCGTCCGGAGCGCCGGCCCCGCCCATCTTGGTCGCCACCCAGCCCGGGTCGACAGCGTTGCTCAGCACGCCCGGGCGTCGGAGCGGCACCTCGGCGGCGAGCGCCGTCACGAACAGCTTCGTGTCGGAGTACGAGTTCGTCTCCGACGCGCCGGTCCAGTCGACGGTGTCCAGGCGCAGGCGGCCGCCCCGGTGCATCCCGCTGCTCAGGTACACGTGCCGCTCTGGCGAGCGCAGCAACGCGGTGAACAGGTAGGGCGCCACGACGTTGACGGGCACCAGGGAACGGCCCGAGATCACGCCGGCGTTGTGCACGACGGCGTCGAGCGGGGTGCCGGCGTCGAGTTCCCGGGCGGTGGCGATCACGGCGTCGCGGTCCGCCAGGTCGGCGACGACGAGTTCGGCGCCGCGCTCCACCAGGTCGGCGACCGCCTCGGCGCGGGCCGTGTTGCGCGCGTGGACGACGACGTCGTGCCCGCTGCGGAGCAGCGAGTCGGCGGTTCCCCGCCCGAGGCCGTCGGTGGATCCGGTGACGAGGATGCGTGCCATCCGCCCATCATGCGCCCGACCGCTGCGGCGGGTCCGGCAGTGGACCGGCAACGAGCGGACGGGAGGCGCGGTGCGGGCCCGCCACGGGCCTCCCGGCTGTTCACGGGCCGGCCACAGGGCCGCGGTACGGTCGCTGCATGAGCAGCTTCCTCGAGCCCGTCGACGCCGTCGGCGTCGGTGACG
NZ_CP181330.1_gap76	3785226	3789245	4019	CCATGAGTGACGGCACGCCCCAGTACAACCAGCAGAACCCGAACCCCTACGCCGCCGGCGGGCAGCCCTACGGCGCTCCGATGCAGCCGTCGTCGGACCGCTTCAACGTCATGGCGATCGTCGGGTTCGTCCTGGCCTTCGTGGTGAACATCGCCGGCCTCGTGGTGTCGATCATCGCGCTCTCGCAGATCAAGAAGACCGGGGAGCGCGGCCGCGGTCTGGCCCTCGCCGGCATCATCATCAGCGCCCTGTCGCTCGTGCTCGGCATCATCTGGGTCATCTTCCTGATCGCTGTGGTCGCGAACGCTCCGGCGGGCAGCATGGGCAGCTACTGACACCCACCAGCACCAGACCGGAGGCCCGTGGCAGCTCGCCACGGGCCTCCCGTCTGTCCGGGGTCGGTTCTGACCCGTGCCCTCAGCCGATGACGCCGGTGTGCTCGAGCACGATGTTCAGACCGATCAGGATCAGGACGACGCCGCCCGCGATCTCCGCCGGCTTGCCGAAACGGGCACCGACACGGCGACCGACCAGGACCCCGACGAACGACAGCACCGCAGTCGTGATCCCGATGAGCAGCACCGCGCCGCCGATCGAGACGGGCAGGAACGCCAGGGTGACGCCCACCGCCAGGGCGTCGATGCTGGTCGCGACCGCCAGCACGAGGAGCTCGCGGACCGGCAGCCGATCGGTGTCCTGCTCGGTGTCCTCGTGCTTCGAGAACGCCTCCCACAGCATCTTCCCGCCGATCAGCGCGAGCAGCCCGAACGCGACCCAGTGGTCGAAGGCCGCGATGTACTGCGCGAACGCCGACCCGAGCAGCCAGCCGAGCAACGGCATCACCGCCTGGAACACCCCGAACGTCAGCGCGATCACGATCGCGTGCCGCACGTCGAAGCGCTTCATGTGCAGGCCCTTGCCGAGGGCGACGGCGAAGGCGTCTGCGGAGACACCGAGCGCGATGAGGAAGAGGGCCCAGAACGACATGGGGGTGGCGCCTTTCGAGACGGTCGGATGGAGACTCCGACGTCTCAGGACCTGACGATCCTGGCACGGTCCAGGGCACGAAAAGGCCTGATCAGCGGGATTCGTCGCCCCGAATCCGCGGGTTGGTGGGCCCGGTCCGCCAACCCGGCCCACGTTCTCGACGTGACCAGGGGACGGACTGGAGGCTCGTGGCGGGCACGGCCACGAGCCTCCAGTCCGGCAGTCAGTGCGTCAGGAACCGGCGGCCGCGTGCGCGGCCACCTGGCTGGCCGTCAGTTCGGTGCCGTAGACGGCGGCGTACCGCATCGACCCGGTGAAGTACGGGTTGTTCGTGGCACCCGGCCACCCGCTGACGACGTCGTAGCCGACGCGGAAGTACCCGGTGAAGTTCTCGGGGCTCTTGAAGGCCGCGTTCGACGTGACGAGCGTGCCGTCGACGTACAGGCGCATGCCGTTGGTGGGCGACATCGTCGCCACCGTGTGGTGCCAGGCGCCGTCGTTGACAGCCGCCGGCGAGGTGATGACCTGGGTGGCGCCGTTGTAGGAACCGAACGCGAGCTGGCCGGTCGTGGTCAGGTAGAGCTTCCGGTCGTGCTGGCTCGACGCTCCGGTCTGGCTGCTGCCGAAGCCGATGAGCATGCCGCCGGCGACCGTGGTGCGGAACCAGACCTCCTCGCTGAAGGTCGTGGGGTTGGCGTACGAACGCGGGGTGGAGACGTAGCTCGTGGAGCCGTTGAGCGCGTAGGCGCTCCCGCTGTCACGCGGGCAGGCGTTCGGGCTCGGCGTGGTCGCGGTCATGGTGCCCTGGTAGGTGCCATTCGCGCCGCGACCCGACCAGTCGGTGGCCGTCTTCGAACCCGAGGCCTCGGTCAGGCGGTAGGCGAACAGGGCGTTCGCGGTGTCCGCGCCGACGGCACCCGTGCACGTGAAGTACGGGGCGGTCGCGGCCGTGTTCGCACTGTTGGTCACGCGTGCGGTGTAGGCCGAGCGGGTCGGGGCGAACTGGTTCAGCAGGACGACGACGGCCAGGGCTACCACGAGGAGGACGGCGACGACGCGACCATCGCGCAGGCGACGGAGGATCACGAGGGACGCACCGCCTCGACGCGGCCGACTGCCAGGCACGCCACGAGTGGCACGAGGCAGACGGCGAACAGGGCGACCCAACCCAGGGGGTCGAGGTCGATGTTCGACATGAGCTGGTAGTGCCCGTTCTTCGTCAGCTCGTGGATGACGACCTTGCCCATCTCGCCGTCGACCAGGTGGACGCTGTTGCCGCCGTGGGCATCGACGCGGACCGGGAAGATCCCCGACGAGATCACGGTGGCCTCGACGCCGGTCGGGCTCGAGGTGTTCGTGATCGTCGTCACGTTGACGAACGGCTTGAACACGAACGCCGCGTAGGAGACGGTGAGGGCGCTGCCCGCGATCCGCAGGCACGTGCGGGTCACCCGGTCGGTGAACGCGCTGGTCAGGGTCAGGATGATCAGCGTGCCGATGAGCAGGACCGGGGCGGCGCGGAGCAGCCAGCCGATGCGGGGGACAAGGAGCGCGGGGGTGCCGATCACGTCTGCCTGGGTGAGCGTCCACGGGTCGGTCGCGCCGTTGACGTCACCGCGGGTGTGGATGCCGCCGTCCGCGTCGATCGAGACGATGCGGTGGGTGTAGACGACGTCCGGGTTGGCGGAGGTCTCGAACGAGACGATGTCGCCGACGCTGAGCGTGGCGACGTCCACCGGCAGGTCGAGCACGAGGGTGCCGACGGGGGCGGCTTCGCCCATCGAGGGGGTCTCGACGACGAACCAGCGGCCGCCGGCGGAGAGGAACAGGACGGCGGCGGTGAGGAGCAGTGCGGCGATCGCGGCGACCGACCAGGCGAGGACCGTCTCGGAGCGGGTGACCTGACGGCCGCGGAGGACCGGGCGGTCGAGCATGCCGCTGAGCGGGATCGCTGCGGTCTGGCTCATGGGCGCTGCTCCGGGGATTCAGGGGAATGGCGACGCTCGACCGGAGGGGGGTCGGCCGAGCGTCGCCGGTCTGGGGGGAAGGGTGATGGGGGGTCGGATCAGGCCGGATCAGGCTGGATCAGGCTGGATCAGGCTGGATCAGGCTGGATCAGGCCGTGAACGTCCAGGTCATCGGGACCGAGGCGGCGAGGCCCTGGTAGGTGTTGCCGGCCGAGGAGTCCAGGGTCACCGCGAAGTTGAACGGGACGCTCGCGCCGGCGGCCGGGGCCTGCGGCATCGTGAAGGCCGACGCCGCCGCACCCTTGAAGCTGGCGAGGGTGCCGCTGAACACGGTGGTGGAGCCGGAGGTGACGACGAGGTTCATCTTGGCGCAGAGGTCGGTGGCGGTGCCGTTGGCCGAACCGTTCGCCGACTGGGTGCACGTGGCGCCCGGGTTCAGCGTGAAGGTGCTGGCGTTCGCGGTGCCGGTGTTCTTGATCGAGATCGCGGTGTTGACCGTGTTGCCCGGGGTCATCGTCGTGCTGCCGCCGAACTTGTTGATCGTCGAGCAGGTCGCCGAGTTCGTCGAGACCGAGCCGCCGTCGGTGCTGAGGCAGGTGACGGTCGCGCCGGCGTTCTGCTCCTGCATGATCAGCGTGCCGCTGCCGGCGGTGTTGCTGCTGTTGGTGATGCTCGCGGCGAACCCGGAGAGGGTGCCGGTGAGCGAGAGGGAGAGCAGGACGGCGGCGAAGATACCCGCGAGGAGCGCCACGGGGGCGAAGCGGATTCGCTTCAGTGCGGAGGTGCGGAGCTTGGTGGACACGGGGTACCTCTTCGTTCGGTGGTGGTTGCAGGAAGTCGGGGGAAGCAAGGCGTTCGGGCTGTTTTGCTTCAATGGTTAAGATAGTCAGTGATTCACCAAGTTGACCACTCGTATACTTGCCCCAGTACGGGGGACGCCTCTTGTCCCCCCGGTACCCGACACGGAAGAGGGCCCTCGTGGCAGCAACACGCAACGACGACGACGCGGCCGATCTCATGGCCGCGTTCACCGCCGTCGTGCGTGCGAACGCGAGCCTGGTGAGT
NZ_CP181330.1_gap77	3796093	3799839	3746	TCGACATGTGTCGACCTCCGATCAGCGGCCGGAGCCGGCGTAGGGGAGGAGCGCCATCTCACGGGCGTTCTTCACGGCACGGGCGATGAGGCGCTGCTCCTGGACGGAGACGCCGGTGATGCGACGGGCGCGGATCTTTCCACGCTCCGAGATGAACTTGCGAAGGGTCGCAACGTCCTTGTAGTCGATGACGCCGACCTTGATCGACTTCGCGGGAGCAGCGTTCTTGCCGCCCTTGCCGCGAGGCTTCCGGCGGTCGCCGGTGCTCTTTCCAGCCATAGTGATTTGTCCTTAGAAGAAAAGTTGTGTGTCCGTCGGAACCGGGAGGATCAGTCCGGAACTCGCAGTTGCCGCTGTCAGGCGGCGCTGCGTGCTCCGATCAGAACGGGGTCTCGTCGTCGAAGTTGCCGCCGGGGGTGCTCCACACGTCGTTCGACTGTGCGTTGCCGCCACCCTGCTGGCCGCCCTGGGGAGACCAGGGCGCGTCCGACTGACCGCCACCGTTGTTGTTCCAGTTGCCGCCGCCGTTGCCCGCGGGGGCGCTGGCGCCGCCGCCGACCTGGCCACGACCGCCGCCACTGCCACCCGCTGCGCGGGTGATCTGTGCGGTCGCGTAGCGGAGCGACGGGCCGATCTCGTCGACCTCGAGCTCGATGCTCGTGCGCTGCTGGCCCTCACGGTCCTGGTAGGAACGCTGACGCAGACGACCCTGCGCGATGACGCGCGAGCCCTTCGTCAGCGACCCCGCCACGTGCTCGGCGAACTCGCGCCACACACTCGCGCGGAGGAACAGCGCGTCGCCGTCCTTCCACTCGTTCGCCTGACGGTCGAACGTGCGAGGGGTCGACGCGATGGTGAAGTTCGCCACGGCGAGCCCGTTCTGCGTGTAGCGCAGCTCGGGGTCCGCGGTGAGGTTGCCCACCACCGTGATGACGGTTTCGCCGGCCACGGGTTACTCGGCGCTCGCGGTCGCGGTTGCGGAGGCGTTGGCGGCCTTGCGGGCCGCGCGAGCCTCGTCACGCTGCTTCTGGGCGGCGACCTGCGCGATGCCCTCTTCAGCGCGGAGGACCTTCGTGCGGAGCACGGCCTCGGAGAGACCGAGCTGACGGTCGAGCTCCTTGGCGGCCTCGGGCGACGACGTGAAGTCGACGACGGCGTAGATGCCCTCGGACTTCTTCGCGATCTCGTAAGCGAGCCGGCGACGGCCCCAGACGTCCACGTTGTCGACGGTGCCACCCGCGTTGCGGATCACGGCCAGGAACTTGTCCAGGCTGGGAGCGACGGTGCGCTCATCGATCTCGGGGTCGAGGATCGCCATCAGTTCGTACTGGTGCATGCGGAACCCACCTCCTCTGGTCTCAGCGGCCCCGGGCGGTTCCCGGGGCAGGAGGGTTGATGCATGTGCCCCAGACCACGCAGGTGCGCGAGGGGCAACCTGAGTAGCCTACCGGACTGCCTGGAGGCGCGCCACCGGCCTGTGGAGAGCGGTCCCGCCCGCCAGGCGGTCGCGTCTCAGGCGCCGGTGTCGCCTCGGGTGCTCCACCATTCGCGCAGGCGCTCCTCGGCCGTCTCCGGCCCGAGGGGCCCTTCGTCCATCCGGGCCTCGAGCAGGAACCGGTAGGCCTCGCCCACGGCACGCCCCGGCGGGATGTCGAGGATCCGCATGATGTCGTCGCCGGTCAGGTCCGGGCGGATCGACTCGAGCTCCTCTTGCTTGGACAGCACCTTGATGCGGTCCTCGAGGTCGTCGTAGGCGAACGCCAGCCGGTCGGCCTTGCGGCGGTTGCGGGTGGTGACGTCCGATCGAGTGAGCTCGTGCAGCCGTTCGAGCTGGGGTCCGGCGTCGCGGACGTAGCGGCGGACGGCGGAGTCGGTCCAGGCGCCCTCGGTGTACCCGAAGAAGCGCAGGTGCAGCTCGATCAGGCGGGACACCGCGGCGATGGTGTCGTTGTCGAAGCGGAGCGCGCGGAGTCGCTTCTTCGCCATCTTCGAACCGACCAGGTCGTGGTGGTGGAAGCTCACCGCGCCGCCGGGCTCGAGCTTGCGCGTCGCGGGCTTGCCGATGTCGTGCAGCAGCGCCGCGAGCCGGAGCACGGTGTCCGGGGGATCGCCGGCGTGCCGCTCGGCCTCGTACCCGATGGCCTGCTCGAGCACGGTGAGGGAGTGCTCGTAGACGTCCTTGTGGTGGTGGTGCTCGTCGACCTCGAGCCGCATCTCGGGCAGCTCGGGCAGGAACCGCTCGGCGAGGCCGGTGTCGACGAGCAGCCGGAGGCCGGGGACCGGGTCGTCCGTGTTGAGCAGCTTGACGAGCTCGTCGCGGACCCGCTCGGCGGACACGATGTCGATCGATGCGACGAGGTCCTGCATCGCGGCCCGCGCGTCGTCGTCGACGGTGAAGCCCAGTTGGGAGGTGAACCGTGCGGCGCGCATCATCCGCAGGGGGTCGTCGCGGAACGAGACGACCGCGGTCTGGGGCGTCCGGAGCCGTGCGGCGAGCAGGTCCTCGACGCCGCCGTGCACGTCGACGAGCTCGCGGCCCGGCAGCCGCAGGGCCATCGCGTTGACGGTGAAGTCGCGCCGGAGCAGGTCGTCCTCGATGGTGTCGCCGAACGCGACCTCGGGCTTGCGGGTCTCTCCGTCGTAGACGTCGCTGCGGTACGTGGTGATCTCGACCTGCTCGCCGGCGACCCGTGCGGCGATGGTGCCGAACTGACGACCGACGTCCCAGGTGGCACTCGCGATGGGCTCGACGATCCGCAGGATGTCGTCCGGCCGGGCGTCGGTGGTGAAGTCCAGATCGGTCACCGGACGGCCGAGGAACGCGTCACGGACGGGGCCGCCGACGAGGGCGAGTTCGTGTCCGGCGTCGGCGAAGGCCCGAGCGAGGAGGTCGACGGGCTCGGTGGTGGCGAGTGCGTCGAGTCGTTCGACGGCCTGGGCAACGGACTGCATGACGGTGCTCATCCTCCCAGATCGAGGCCCCGAGTTCTCCACAAGCCGCGCGCGCACGGGACCTGTTCATGGTCGCGCCTCATACACTCGTGCTCGGCCCGAACCGACCCCGTGGCCCGCTCCCCGTATGCAGATGCTCCGCACCACGCTCGCCGCAGCCGCGTCGACCCTCGTCGCGCTCGGCCTGGTCGTCGCGCCCGTCGCCACCGATCACGCCTCGGCCGCCACGGTGTCCGCAGCCAAGAGCCACGTCGCCGATCCGGCCGCCGCAGACGCGGGCAAGGCGACCATCTCGATCGCCCCCGCGAACCGTGGCGTCGTCCAGCGCGACCAGGACCTCACCCTGTCGGTCACCGTCACGAACGACACCGACGCGGCGCTGCCGGCCGGCACCGCGGAGTTCGACATCTTCCGCTCGGTGAGCACGCGCGACGTCCTGGCGAGCTGGCTCAGCGACACCACCACGACCGGTTACCTCGGCGCCCCGATGGACTCCGTGGACATCCCGGCGATCCCGGCGCACCGTTCGATCACCATCGACTCGGTCGAGATCGTCTCCGGCAACGTGGCGCTCGGCGGGTACTCCTCGTTCGGCGCCCGCCGCATCGCGGCCGAGTACACGGCGGGCGACGCCTTCGCTGTCGACCGCTCTGCGATCACCTGGTACCCGGACTTCGAACAGGCCCCGGTCAGCGTCTCGGTCGCGATGCCGATCACCGTGCCGAAGTCGACCGACGGCATCCTCACCGCCCCCGTGCTGGCCGCCGCGACCTCGGTGGACGGCACGCTCACGC
NZ_CP181330.1_gap78	3812917	3813417	500	CGGCTGCTCGCGGCGAGCCGTCACGTATGTGTAGCCGTCCGGGTGTCGAACGACGCAGATGGGCGCGACCAAAGGGCCGCAGTCAACTGGTTAACGGTACGTGACAGCGGCGAGCAGGTCAAACCCCGCCCGGACCGGTTGCGTCGGCGCCGTCGGGTCTGCCGTCGCTCGAGCCCATTCTCCACATTGGGGACAACTTCCGTTCGGTGGGACTCGGTCCGGTCCTTTACAGTGGTGTGATCGATCGCCCCGATGGCCGGTACGACAGGGAAGTACTCCTGTCCGACGGCTGGAGGTGGTCGTGGACAACACTGTGGACAACCCTGTGGGAACCTCCGCGGCAACGAGGCGTCGACGAAGCCCCGGAGCCACCGACGATCCGCCGGCGACGACCTGGTCCCGAGTGCGGTCGCCGAGGACGCCACGGCATGTCCGACCCCGCAGGACGCACCCTCGTCCGACAGCGAACGCACGACACGACCCCTGGAGACGAGCGCGAC
