gap_id	start	end	length	sequence
NZ_CP018099.1_gap1	2530	4695	2165	GACGGACCGGGTTTACTTTTTCCTCTGGAACAGGAAGAAGATGAAGATATTCTGATGTTGATTATGCCGGTGAGGTTAAGTGAAGCTGATTAATCTACAGGTTAAAAATTTTAGAAATATTAAACAATTAACATTAAACATAACAAAAAATATCAATATCATTTACGGGGGCAACGCACAAGGAAAAACGTCAATATTAGAAGCAATCTATTTGCTGGGAATAACCAAAAGTTTTCGCGTAAATGATGATCGGGCAATTGTAAATTCAGGGAATGAATTTTACGAAGTAAGAGGAACTTTCCGGAAAAATTTAAAAAATACCTTTAATATAAGATTATTCTTTTCCATAAATGAAGGAAAACACCTCTTTTTGGAACAGAAAAAGGTGAAAACTTTTTCTGAAATGATCGGAAAAGTTCCTGTAATACTTTTATCTTTAGAAGATCTGGAATTAACGTATGGTTCGCCGTCTTTTCGCAGAAAGTTTATTGATATTTTGATTTCGCAAATAGATCCACTCTATTTGCAGGCATTAAAACAGCTGATCAGAATTTTAAAAAACCGCAATAAATTATTAAGCATGATCAAAGAAGGCGGGCAAAAGGAAGAGGCGCTAATACCCTGGAACTTACAATTGGCGGAACATGCTTCTTATGTGTGTTTAAAACGTCATGAGATTATTGAGGAAATAAATCCGTTAATTTACCATTTTTATAAAAACGTCTCAGGACGCAATGAGAAAATTGAAATAAAATACAAATCCTTTTTTGATGTGGCAGCGTTAAAAGAAAAAGAGGTTATAAAAACGTTGTATTTAAAAAAACTGGATGAAGTAAAAGAAAGAGATATCAATTACACGACCACAACCATTGGGCCGCATCGAGATGACCTGATCTTTTTTAAAGATGATGCGTTAATAAAAATTTTTGGTTCGCAGGGAGAAAACAAAACTTTTTTAATCAGTTTAAAATTTGCAGAGGCGGTTTTGATGGAAAAAAGAATCGACGAAAAACCAATTCTGCTTTTAGACGACATATTTAGCGAGCTGGACCTAACCAGAATTCAAAAAGTGGTGGAAAATATCCAGCAGTTGCAATTTCAAACCTTCATCACAACGACCAATGCGGAAAAATTTGACTCTGGGTTGTCTGATGTTGGGTTGTGGCACGTACAAAATGGTCAGGTGCATTATGAAGCATGAACCAAAATCAATAGGCGCCGCTTTGCAAACGGCGCTAAAGCAAATGGAGGCGTATGACAATTTCCTTAAATTATGGGTGGTGCAAAACTGGAAGAAAGTAATGGTGAAGCCCCTTTCAGAAATTTGCAGGCCGATTAAATTCGAAAACGAAACATTAATTATTGAAGCAAAATCTGAAGCGTGGGCCAATGAATTGCAAAAATATAAAAAAGAGATGATCGATATTTTGAACAGAAAATTTGATCAATTGAATGTAAAAGATATTAAAATTGAATAGGTGATACAATGTCAGCTAAAGAATACACAGCAAAAAATATTCAGGTTTTAAAAGGACTCGAAGCGGTACGCAAACGACCGGCGATGTACATTGGCGATGTAACTTCAAAGGGGTTGCATCATCTGGTGTACGAAATTGTAGATAACAGTATTGATGAGGCAATGGCCGGCTATGCCACAGAAATAATGGTAACCATTCACCCGGATGAATCGATTTCTGTTGAAGATAACGGCCGGGGCATACCGGTTGATCTTCATCCCGTGGAAAAAAAGCCGGCCGTGGAAATCATTATGACTACCCTTCATGCCGGCGGAAAATTTGACAAAAATACCTACAAGGTCTCCGGCGGTTTGCACGGCGTGGGCGCATCGGTGGTAAACGCCCTTTCTGAATGGTGCAAAGTGGAAATTTATCGAAATAATAAAATCTATCAGCAAGTTTATGAACGTGGCGCGCCGGTTACTGAATTGAAAATAATTGGTGAAACCGATAAACGCGGAACCAAAATCACGTTTTTAGCTGATTCGGAAATTTTCAAAAAAATTTCGTACAAGTTTGAAGTTTTGGCCAATCGCTTACGTGAACTGGCATTTCTTAATAAAAATCTAAAAATAACGATAGTCGATGAGCGTAATGATATTCAGGAGACCTATCAATATGAAGGCGGTTTAAAAGAATTTGTCGCCT
NZ_CP018099.1_gap2	102972	105684	2712	GTTCGATTATTTCCAGCACGTTTATCCCTTTTTGTAAATCGCCGCCGGTTAAGGAGACCACCGTTTTGGCGTTTTTTAGTTGTTGACTGGCCTCGGCCAGGCGTGCGATTTGCGGCGAAAGCAGGATTAATTCCGGGTGTTGTTCAAAAATTTTCAGTTCTTCCTTTTCCAGCTCCATTTGCAGGCGTCGCCGTTCCAGCTCCTGTTCTACCTGATAGCGGGATAATTCAGCTTCCCGTTGCTGTTCTGTTTTTTGCAGTTCAAGTTGTTTGAGGCGTAATTCGTGTTCCATCCGGCGGATTTTTTCATCGGTTTCAAAGCGAAAACGACTGGCTTCGAGTCGGGCTTTCTGGTTGACCTTTTCGGTCTTTTCACGAATGCGGGCTGCTTCCTGCTGTTGCATGGCCTCGGCAATTTCACTGTCCAGGGGTTCAATGAGTTGAACGTTGACGCCCAATAATTTCAGACCTAATTTTTGCGCTTCTTTGATTAAATTAGTTTGCAAAAAGTCTTGCAGGTCTTTACTGCTCAGCTCTTCGATTTCCAGAGCCTGGCAAAAACCTCCGGTCAACGCCTGCACAAAAAGCCCCAATTCTTTACTGGCCTTTTGTACCAGCGCGGAATTCCAACCGCCGGCGCGCACCAGCTCGGTTAAATGCGCGTCATCCGCGGCGGTGGAAATGGTTAGTTTGATTTTTACGGGAAGCTTTCCACGCGCCTCGCTTTCAAATTCCATGTCCATGGAGTGAAGAGTGGCCGGCACGGCAAGGCTGAAGTGACGCGGATAAAAACGGGCCTTGCGTTTAATGATTTTACCCTGTACATCGGCCAGAACGATCTGGTCCGGGCGGCGCTGACGAAATTCAAAAAGAAAAGCAAAAACGATGATTAAAAGAATAAAAATACTGAGGAAAACAGCGGTCATGATGCTCTCCAATTTTAATGGTTGTTTTAACCTATGCAAAATACATCGCGCTGGCAAATGTATTTTGGCTCTACATTTATTTGATAATTGTTGCGAAATATTTGAAATTTAAAACACAAATGCAATTTTATTTTCATAAAAATTGTAGATTTTGAATTAAAATTCACGATGGAGCAAAAATATGTCGAAAAAGCAAAGGCGCACCATGCCCCAAAAGAAAAGAATCGCTTTAATCGCCCACGATAACCGTAAAAGGGATTTACTGGAATGGGTTCGCTTTAATAAACATGTTTTAAGCCGCCATCATCTTTTTGGCACCGGCACCACCGGCAGTCTGATTAAAGATGAGCTGGCCCTGCCCATTCACTGCTTTAACAGCGGCCCCCTGGGCGGCGATTTACAGATTGGCTCTAAAATTGTAGATGGAGAAATCGATGTATTGATCTTTTTCTGGGACCCTTTGGAAGCCCAGCCGCACGATGTGGATGTTAAAGCGCTGCTGCGCGTGGCGGTGCTGTACAATATTCCCACGGCCAGCAACCGCGCCACGGCCGATTTTTTAATCTCATCGGTTTTGATGGAGCAAACCTACGAACGGGAAATTCAGTTGATGAAATAAATCAGGCAGCGAATAATACAGCAAGCCTTCGACTGCTTCAGGGAGCGGGAGTACGGTTGCTGAGCGTAGTCGAAGCAACCGTTGATTGTGAAGGAACTTTCATCGGCTCCGCTCCCTTCGACTTCGCTCAGGGAGCGGTTGGCCTTCTCTCCCCTAAACCTCTAAACTTTTTCACTTTCCCCGTCACGTATTTCCTCCGCTAAAGCGCCAGATCTTTTGAAGGAAGAATTCCAAAATTACTGCCAGATGCCAGGGATTTTTAGACCGCACTGCGGGCAGCGGTTGTTAGCGATCTTCATTTGCCGCACCAGAAAACCAGTGCGTTCGATTAACATGGCGCCGCAGTTCGGGCAGTAGGTGTTTTCTGCAGAGTGCCCCGGCACATTGCCGATGTAAACATATTTTAAACCTTCGGCGTCGGCGATGGCCTTACAACGCTCCAGGGTGGAAACGGGCGTGGGCGGTAAATTTTTCAACAAATACTGCGGGTAAAAACGCGTAAAGTGAATGGGCACTTCCGGATGCAGGTATTCCTTAACGAATTGAGCCAGATTTTTAATCTCCTTTTCGCTGTCATTCAAAGTGGGCACCACCAGGTAAACGATTTCCAGCCAGGTTTCCTGCTCCACAATAGTCTGCATGGCCTGTAAAACCGGTTTTAATTCGCCGCGTACAATTTCGGCGTAATATTTCTGGCTGAAGGCTTTTAAATCCACCTTAATGGCGTCAACCACTTTGCACAATTCTTTAAGCGGTTCCTGTTCAATAAAGGCGGCGGTAATCACCACGCTTTTAATATTTCTCTGGCGACCGGCAATAGCCGTATCGTACATGTATTCATAAAAAATGGTGGGTTCGCTGTAAGTATAGGCAATAGAACGCGCCCGGTAATCGCGCGCCATATCGGCGATTTTTTCCGGCGGCAGGTAGTAACTATTCACCTGTTCTGGGGTTACCTGAGAAATTTGCCAGTTCTGGCAAAATTTGCAATTCAAATTGCATCCGGCGGTGGCAATGGAAAAGGCTGCGCTGCCCGGCAAAAAGTGAAACAATGGTTTTTTTTCAATAGGATCCAGGTGGTAGGTGCAGGGTCGGGCGTAAACCAGGGTGTAATAAGTGCCGTTGCGATTTTCGCGCGCGCCGCAATAACCGCGTTCCCGATCGTCGA
NZ_CP018099.1_gap3	108231	112691	4460	GAGGACACAACGGTGTCTCCGGAAGAGAGCGAAAAGCTCCATGAAAGGTGCGGGGCATATTCAAAACGATTGGAAATTATCGAAGGCGCCAATCATACATTCGGGATTAAGCATCCGTTTGAAAAAAGCACCGAGCCGTATGCCATCGCCCGAGATCTGACCGAATCGTGGTTTGATCGTCATTTAAAATATTAGGAGCCAGCAATGAAAATCGGACCTTATGAAATTTTTACCGTTAACAGCGGTATTTTTAGCCTGGATGGCGGGGCCATGTTTGGCGTGGTGCCCAAAGTATTGTGGAATAAAACCAATCCGGCCGACGAGTTAAACCGCATTCAGCTTGCTTTACGTACGCTGGTCATTAAAGGCGATGGGCGTATAATTTTAATCGACGCCGGCGTGGGAAACAAAATGAACGAAAAGCTGAGAAAAATTTACAATATTGATTCGCAGCAAAACGATCTGGAACGAGGGCTGGCAGAAAAAGGCATCGCTCCCGAACAGGTTACGGATGTGATTATCACGCATCTGCACTTTGACCATGTCGGCGGGGCAACCCGACTGGATAATGGCCTTTTAAAACCCACTTTTCCCAATGCCCGCTATTATGTGCAGGGCGAGCAATGGTATTGGGCCAATAATCCCAGCGAAAAAGATCGCGCCAGCTACATGCCGGAAAACTTTAAACCCATCGAAGAGGCCGGTTTGTTAGTCGAATTGAATGGGCCGGGTGAAGTTTTGCCGGGCATTGAAACGCTTGTCATGTACGGCCACACGCACGGCATGCAACTGCCGAAAATCTCGGACGGGAAAAGCACTTTGCTGTACTGCGCCGACCTGATTCCAACGGCCTCTCACATTCCCCTGCCCTATATCATGGCCTATGACAACAACCCGCTTATTACCCTTGAGGAGAAAAAACGCCTGCTGCCACAGGCCGTGCGGGAAAAATGGATCCTGGTTTTTGAACACGATCCGTTTCGACCGGCCGGAACGGTGATTGAAACGGAAAAAGGCTTTAAACTGGGTGAGGAAATCTTTTTATAATGGCCGGGCTGATTAAGGTGGCGCACAGCGAGCAGATAAAAGAAAACAAACCATTTGCCCTGACCCTGGAAGATCAAAAAATCGTTTTGATTCGCCATCAGGGCCGACTGCTGGCCTTTAAGGATTCATGCCCACACCAGGGCGCGCCCCTGAGCCATGGTTTTGTAAGAGACGGCCAGATAACCTGCATTTACCACGGCTGGAAGTTTAACCTTGACGACGGCAGTTTTTCGACCAATGAAAAATTAAAACTGAAAAGTTACGCCGTTCGGGAAGAAAATGGCGAGGTGTTTTTAGAACTGCCCTGAATCGGCTTCAATTTGCTGATTCAGGGCAGCAAAGCCGCCAATGCCGAATAATTTCTATTCAACTAATCAACGGTATAGATTCTTCACTCCGTCCCGATTTCTCGAGACTGAAGCTGGCGCTCCGTTCAGAATGACCAGGCCGGCGACTATTCAACCAATCACCTATTCAACCATTCAACTAATCAGCCATTCAACCACTCCAGCGGCACAAAAATTTTCGCATCCAGCCATGGCAGGAAAGATCTTACCAAGGAAGTTTCCTAATCTGTCACGATGCGCTTCACAAAACTTTCCCACAGCCCTCTGGCCTGTGGATTGCTGTTTTTTTCTTTGATGAGAAAATAGCGCTGTCCCTCTTTTTTCAGACGTAGCCCTATCTTTTGTACAAGCTCGTAAGGCAGGGGACGGGTGGAGTGGACGGCGGTTTTTAGAAATTTTTGCCCGGACTCGCCTGTCATGTTGATGATCATCCGTTCAACTTCCTGCTGCGTGTAACCACGGCCTGAAAGAAAATAATCGCTCTTTTCGTTCTTGTAAAAGGTTAACCACATCTGACGTATTAAATCGTCCAGGGTTGAGGGGGACTGCGTCTGACTCCTTAAAAGAATATCCAGCAAAAAGCCTGTGATCAGCCCTTTGTAATAAAAGGAGTAGGTGGTCTGATTGATGTTGGTTTCGGCGTAACGAGGCATGCGGCGATTGAACAGCCAGCTTAAAATGGATGTTTCCGCCATGGTGCGGTATGCTTTCCCCGGGCTGTTTTCATAACGCGTAATGCGCCCGGAAAGCTCGCTGAGAAATTTTTCCTGCGTGTAAATGCCGCTGCGCAGCAAGGCAAGATAGGCGTAATAAGAGGTCCAGCCCTCTGCAATCCACAAATTCGGCGTGTAAACTTCTTTGCTGTAGTCAAATGGCCCCAGCCCGGCCGGACGCAAACGTTTAACATTCCAGACGTGGAAAAATTCATGGGCGCTCAGCCAGATCAAATTGTCGTAATTGGCGTCGTTGTTGGCATCTGGTTTAACCTGATCCACATTCATCCGCAGAATAACACGGCTGGCGTTGGCGTGTTCCATGCCGTCTGTGTGCTTAAGATTTTCATTCAAATGAAAAAAGAATGTGTAATGATCGTAGGGAAGGTTACCGTCGAATAAACCGGCAAAATAGGCGATGATTTTTTTCAAATCCCGTTTAAACGGCTTCAGCAGTTCCGGCCTGATGGCCTGCCGAAAGACCAGAAAATGATCTTTGTCCTGTATTTTAAAGCGGTAGGTAAACAGCTTGCCCATTTCCAGCGGGCTGTCAACTAAATGGTCGTAACAGGCGGCTTTGAATTCGCGTTTGGCCAGCGGGTCTAACGCGCAAACCACCTGCCAGTGGTCGGGCGCATCGATGCGTAATTCCACAGGCGAGCTCATCCTTTCGGCGATGTAGGCAAAAACGCTGCTCCCGTTAATGGTGGCGCCGCTGGAATCGATGCTGGAAAAGGTGCCGTCCAGTGTATTGGCAAAAACACGATAGCGGATGGTAATCTGGCGTGAACCGGCGACCGGGATTTTCCATGTCTGCTTGTCTATTAAAATGGGGCGAATGTGTTTATTGTTTTCATCTTTTACCTGCAGGTCAAACACATTTTGAGCAAAGTTGTAAATGATATAACGGCCGGGCGACCAGGCCGGCATGGCCAGAGTGAGCGTGTCTTCTTTCACGGCAAGCTGAATGCTTACGCTGGCGATGTGTTGGCGCGGCTGGTCAATGATTAAGCGGTATTTCAGAACGGATTCGTCGGCCAACAGGGACGACCAAGGGCACAGGCTTAAAACCAGCAAGAGCAGTATTTTTGTAAGCCTTTTATTAAAGACCATTCTCCTCCCTTTCATCATTTTCTGGTTCTGGTAGCAATGGGGCGTCCCCGCTTTGGAGTTGTTCCGGAAGACGGACGTTTTCAATTTTACGCAACGGCCTTTCCAGTTGCGTGGTACGCGTGGTTACCAGTTTAGTGTATTCATTTTTGGCGTCGTCGATTTTTTTGCCCATCTTTTGCATGGCTTCTTTAAAGCGTTCCCATTGCTTGCTAAAATCTTTAAGCAACGACAGAATATTGGCGGCCGTTTGCTCCAGCCGGAAGTTGTCCACCGCCTGGCGAATGACGGCTAAAACGGCGTAAAGCGTGATGGGCGAGCAGAGAATCACCTTGTTTCTCAGAGCCTCGTCTAAAATGCTGATGTCGTGTTCGTTAATAAAGGCGTACACCTGTTCATTGGGGATGAATACGATGACATAATCGACCGTATGATCGGCGGGGTTAATGTAATCCCGCGTTGTAACTTCCTTGATCCTGGCCCGCACATCGCGCAAAAACAGGGTTTTGTAGCGTTCTTTTTCCTGTTCGTTTTCGGCGTTCAAATAGTTGAGGTAGTTGGTCAGGGGAAATTTAACGTCCATGTTTACCTTTAAGTTCTGGGGCAGCAAAAAGGTGAAATCCGGGCGGCTGCGCGCGTCTTGTACTCGAGATTGCTTAAGGTAGTTAATGCCTTCTCTGAAACCGGCCAGGCGCAGCACGTCTTCAGCCATACGCTCACCCCACTGCCCGCGCACCTGCGAATGGCTTAAAGCCGCTGAGAGCTGATTGGTGATCTCCTGCAGCCGCTGGGATTGTTCGACCGATTGTTTTAATTGCTGCGAAAGCTGCCCGAAACTTTGCTTACGTTCGTTTTCTATTTGCTTGATCATGTTTTCCACTTTAGAAAGCTCTTCTTTCATCTGGCCCAGGGTTTGATCGATTAGTTTCTTTTTGCCGTCCAATTTTTCTTCGCCCAGGCGCGATTGATCCTTTAATACTTCGTTGGCCAGCTTCAGGAATTGTTCTGAGCTTTCCCTTAGAGCCTTCATGGAAAGATTGCCAAAAGAATCGCGCATGTGGGCAATAATTCTTTCCAGTTCCTGCAGTTTTTGCTGCTCGGATTTTTCATGGAATTCGCGGGCCAATTGCTCGGCTGTTTTTTGCTGTCTGGACATGAAGAAGTACATCAATCCCAGACCGATGATCAGTCCCAGGGAAAATCCGACAATTAAGGTAAGCGCCAGGGTCATTTTGGTATGCTC
NZ_CP018099.1_gap4	122379	125615	3236	AAGGAATGGTCAACCAGTTGTGCGCAAAAAGCGTTTGCACAGGAATCAACATAAAGATAAAGGCCACGAAACGCAAATCGCGGAAAGGGTGATCCGGGCGGTGACGTAAATATTCCCAGATCGTCAGCAGAAAACTGGCGCTCAGAGCAACGCCGGCCAGCGGCAAATTAAACTGCACACGGTCATTGCGAATCATAATCACCAGGAATAACAACCCAAGTGTGACCATGGCGTAAATGGCCAGGGGGATGTTGTTGATTTTTGCTTCCGGTTCCGTGCTTTTTGGCGTGGCTTTTTCATCTTCGCCGGTCATTTCGGTGGTTTCGCGCGCAATTTGTTCAACCGCTTGCTGGTCGGTTTTTCTGGTTAAAATAAAGACCGTGATTAAAAGGGAAAGCAGGGTTAATCCGGCGTAAACCCAGAATACGGCCGGCAGGCCGTTTGGGGGAAAGGTGCTTTCGAAGCGATGTCGTACCAGCGGTGAAATAAATCCTGAAAAAAACGCGCCCAGATTCATCAAACCGTAAATGACGGCGTAACCCATGGCCGCAGTTTGAGGATTGGTGTACCGTTTTACCCCGGCGTAACTGGCAGGCTGGTAAAGGCCGTAGCCCAGAACCATCAAAAACAAGCCGCCGAACATTACAAAAAACATGGGAGAACCAAGGCCCGAACCCAGCGGAATGGTGCCGGAGAGCCCCACCAGCGCCCGCCCGAAGAACATCACGGCAAAGGCCACAATGAGCGAAAGGCGCACGCCTAATTTGTCTGATACGCCGCCTAAAATAAGCATGGCAAAGGTGATGCCGCCCGTTACAAAACTGTAAATCCAGCCAGCCTGCGGGTCTGTTAAACCTACGTTTTCCGAACAGAATTTCCCCAGAATGGTGAGGATGCCAAAATAAACCAGACCTTCGATAATATAAGGAATGTTAATGGCCCACAGAGCTTTTGGAGCATTTACAAAGGCCACAAATGTGTCGCCCAGCTCTTTAAAAGCATCCTGTACGGCCTGCTTGAGCGTCTTCTTTTCTACGGCTTCTTCAAGTTTCGTTTCATCCATTTTAACTCTCCCTGATTAGTTACAAGCGTAAAAAATAAAGGTGTAAATATAAGGATTTATTTTGTGTTAAAAAAGAGAAGAACGCAAATTATGGAAAAAAATCTTAACGAATGCGGTTAAATGTTCGCTATTCATTCCTTCCCGGCCGGTACCAGCGAAAAACCGTCACCCCCGAAGGCGTGCTCAACCACAAATTGAAGCCGTCCACATCGATACGGTAAACGGTGTTGTGCGCCAGCCCATCGCGAGTGGTGTACAAATACCAGTAATTTTGCTGAATGACGTATTTCAAAAGACCTTCGGAAGTGGCAAACCAGACGATGCCGGGCGTAAAAGCCATATCGTAAAATTTAAACCGAATTTGGGTAAACGATTGCCAGCTTTTGGTGGCCGGATCATAAAAAGCGACGCCGTTTTGTCCGGCAAACCAGAGAGAATCGTGATTAAACCCCACGGCTCCGATGCGCACATCCAGCACAGAAGAGCCGGTTTTTAAAAGAGTTAGTCTATCTTTGACGGGTAAATACTGGTAAATGCCGTAAGGCGTGGCGAACAAAAGAGATGAATCGGTGGCGGCAATGCGTGTTACGGGAATGTTGTTTAATTTATGGTTTTTGGAACGCTGGATGGCATCGTAGCCGATTTCCATCCAGTTAAAACCGCGATCGGTGGCAATGAACAGGGTGTTTTTAAAAATGAACAGATCATTAATCTCTTCGGACAGCAGACGGTTGTGCCGCGTAAAGGTTTCCCAGTCTTTCTTTTTCTTGTCGTAGCGTACCAGTCCCTGCTGCGATCCAAAAAAGACAAAACGTCCCTTACCGGCAATGGCTCGAATATTGTGGTCGTAAATACCGGAAATCAGACCGGCTTCAAAGTATTGCCAGGACTCCGGGTTCCCCTTCCATAAACAGATGCCGGAAGGGATGTAGCCGTTGCTCAGGCCCCCGATCCAGATATCGTCGCCGTCAAAAAAGACATCGTGGGGGTAAATATTGGGTAGAGATTGCGTCAGGATGCGCAGGGTGTTATCGGTCAGGCTGGCCACCGCCGGGCCGAGGCCGTCTGTGGCCAGCCACAGGCGATTAAACTTATCGGCCACCATCTGAGCTTTAATGTGAAACAGGCGGTTGTAAGGGTCAAGAATTTCGTTAGGCGGCCGGAACAGGTATTGCCTGCCCGTAAAGAAGTCGGGCAGTTCGTTAAATTCGGGCCTGTAGTACGGAGGAAATTGAAAGGATCTCCGGTCTTTTTTGAATGCGCTCACTTCAACATTCAAAGGCTGGCGCGGAGGGGGCATTGTTCCGTCATAAGGCTGCCAGTAATTAAAGCCGAAGTCAAACACATCAATGCCTGCGGCGTTCCGGGCATAGAGTTTGCGGTTGCGTTCGTCATAACTCAGCTTGAATATGGCATTGCTGCGCAAACCGGAGCTGGTTGTAAAAGGATAATCCCAGTAACCTTCGTAAAGATGGTAGCGCAAAATGCCGCCAAAGCGCGTGCCAAAGTACACGTAATCGTCACCCACTTCCACGGCGGTTATGTCGGTAGCCGGAGCGTAGGTAATCCAGTCGTCAATGTCGTAATGCGTAAAACGATCAAAGTACATGGTCTGCACGATCTGAGCGGGCAGTATTGTAGCTAACAAAAAGAGGAAAATAAAAATTTTGCTGGTCAGGTTCATGTTTTCACCGATATTTTGCTGTAATCTGATTGATTTTCGATTTATTGGCTTTGTCGTACTTGATGGTCAGGTACAGGTACTGTTCGTCCGAAGATTTTTCGAGAATTTTGGCCAGTGGATAGATCAGGTGTTCGGCCGCGCCTCGTTGATAATTTAAACGGATTTGTTCGATCTCGTACCGTTCTTCCGCTAAGTTCAACAGGCGGTTACGCAAATGTTGCAAGCCGATGTGTCTGGCCGCCGAAATAAACAGAGCCTCCGGATGTAACAACCTTAACTGGTCAATGAGGTGGTGATTTTTCAGGCGGTCCACCTTGTTAAACACCAGCAGGCGTTTTTTTTCATTTAAATGTAACTCATCCAGAATTTGATTGACGGTCTTCACCTGCGCCTCAAAATGAGGATGGGTAACATCCACCACATGGATCAGCAAATCCGCCTCGATGGCCTCGGCCAGAGTTGTCTGGAAGCTAGCCACCAGATGATGGG
NZ_CP018099.1_gap5	134572	137919	3347	CGGGCCAACATCCATTTTTCTCTCTTCTCAATTGGCGCCTCATTTGTTAGGCCCTATCGCCATTGCAGCTTATTCGTACATGGCTCTGGTGCCGGTCATTCAGCCGCCTATTATGAAATTATTGATCACCGAGAAAGAGGCGCGTATCCGCATGAAAGCGCCGCGTGCGGTTTCTAAGACGGAAAAAATTCTCTTTCCTATTGTTACGGTTATTGTGGCGGCTTTAATAGCGCCGGGTTCGCTGACCCTGGTGGGCATGTTAATGCTGGGCAACCTGTTAAAAGAAAGCGGTGTAACCGATCGGCTGGCGCGCTCGGTGGGCAACGCGCTGCTGGATATTTGTACGGTGCTGCTGTCTTTTGCAGTAGGGGCAAGCACCCAGGCCAGCGTGTTTTTAACGCCCAAATCGCTGGGCATTTTTGCTCTGGGATTGACCTCATTCATGATTGCCACGGCAGGCGGTTTGCTGTTTGCCAAGTTTATGAATCTGTTTTTAAAAGAGAAGATCAATCCGTTAATCGGAGCGGCCGGGGTTTCTGCCGTGCCCGATTCGGCGCGCGTGGTGCAGCATTACGCTTTGAAGTACGACAAAGACAACCATTTGCTCATGCACGCCATGGCGCCCAATGTTTCGGGCGTAATTGGTTCGGCCATTGCCGCCGGCGTATTTATTGCGCTGTTTCAGTAGAGCGAGGCGAAAAAACGGGGCTTGAAGCGCAAAAAGCAATGGCCAAACAATAAAGGTTTAATATCTCAACCTCCTGAATGCCAGCCTGAACAATTCCGATCTTTTCCTGTGTAAAAGATCGGAATTGTTTGGGTAGAGGAGGGTTGCGCCGCTGTGCGTGTTGATGCAAAAGGCCATCTTTTGATGAATCGGAATTTGGAATGTCAGGCCTAACTATTCAACAAACCAACTCTTAAATTATCTTCCCTGTTAATAACCAAAGCTGCCCCGCTGTTTGCCAGTTGCTTAAATTTGAACGAATTCGTAAATTCTTTTTTTCACCAGAAAAAATCTGAGAGAGGAATTTGAAATGAAAATTTTATCCAATCGCGGTCAGGCAATGCCACCTTCGCCCATTCGTAAGCTGGCGCCGTTCGCCGATCAGGCCAAAGAACGCGGCCTTCACGTGTACCATCTGAATATCGGACAGCCTGACATCAAAACCCCGGAAACCTTTTTACAATCCATTAAAAATTTTAACCAGCCGGTTTTAGCTTATGGCCCTTCGGCCGGTTTACCTTCTTTGCGGAAAAAGTTAGCAGAGTATTACAATCGGTTCGACATTAACGTAACTTACGAAAACATTCTGGTTACCACCGGCGGCAGCGAGGCCATTATCTTTGCCATGATGGCCATTTGTGATCCGGGCGATGAAATCATCGTTCCTGAGCCCTTTTACACCAACTACAACGGTTTTGCCGTGGAAGCCGGGGTAAAGATTGTGCCCATCACCTCGAAAATCGAAGATGATTTCCAGCTGCCGCCCATTGAATCCATTGCCGAAAAGATCACCGATCGCACGCGCGGTATTTTGATCTGTAATCCGAACAATCCCACCGGCTACGTTTATTCGCGCCAGGAACTGGAAAATCTGAGAGAGATCGTATTAAAGCACGACCTGTTTTTACTTTCCGACGAAGTTTACCGGGAATTTGTTTACGATGGTTTAACCCACACCTCCATCTTGCAGCTGGAAGGCATCGAGGATCGTACGATCATGATGGACAGCGTTTCCAAACGCTATTCGGCCTGTGGGGCGCGGATCGGGATGATCGTCTCTAAAAATCAGGAAGTGATTGAGGCCTGTCTGCGTTTTGGTCAGGCGCGACTTTGTCCGCCCACCATTGAACAAATTGGCACGGAAGCCGGTATCGATACCCCGCAGGAATACCTTGACGAAGTGATTGCCGAGTACAACGAACGGCGTAACGTGATGGTAAATATGCTGCGTCAAATGCCCGGCGTGGTGGCGCCCATGCCTAAAGGCGCGTTTTACCTGGTGGTAAAATTACCGGTGGATGACGCCGATAAATTTGCTCAATGGCTGTTGACCGATTTTAATGTGGACAACGAAACCGTAATGATTGCCCCGGCCAACGGTTTTTACTCAACCCCGGGACTGGGAAAGGACGAAGTGCGTATTGCCTATGTGCTTAACGTGGATGACATTAAAAAATCCATGAACATTCTGGCCCGTGGTTTGCAAGCGTACCCGGGCAGAACAATTTAAATGCAATGAAAAGGTCGGAGCGTTTCTGTTCCGGCCTTTTTCAATGGGACCTGACAATGAGCAAAAATATTGAGATTAAAGCCCATTTTGATGATCTTGAAGAAGGGCGACGAAAGGCGCAGGCGATCGGAGCCAGGTTTTTCGGAAAAGATCATCAGGTGGACACCTATTTTAACGTAGAACGCGGTCGGTTAAAATTGCGCGCTTCTTCGCTTTCCGGGAATTTTTTAATCCCCTATTTTCGTCCTGATAAATATACCGCCAGAGAAGCCGATTATCTTTTACTGCCGGTTAAAGATTCCGCTTCTGCCAGGGATTTGCTGAGCCGCATGTTTGGTATATGGCTGGTGGTGGAAAAAGAAAGAGAGATTTATCTTTGGGAAAATGTACGCATTCATCTGGATCGCGTAAAAGGTCTCGGAAACTTTTTAGAATTTGAAGCCGTTGTAGATGATGAACATTCGATCGAAACCTGTCAGGAACAGGTGCAATGGTTTCTTAAACACTTTGAAATAGACAGGTCTAATTTGATCGGGGAATCCTATTCGGATTTGCTACAAAAGCAGGCGGAAAAATAATTAAGGAAGGTAGCGCGGCGCAATGATAAAATTTCTTGAGAAACTTATTTCAAAAGAGGCTCATTCAAAAGATATCGATGAACAGGATTTAAAGGTGGCCACGGCCGGTTTGTTCATCGAAATGGTTTACGCCGACTTCGACGTCCATCCCGAAGAAGAGAAGCAGCTTTTCAAGGCGCTACATACTTTGTTCAACCTCTCTGGCACAGAAGTTCAGCAATTAATCGATGAAGCCAGAGAAACGCGGGAAGAGCGGCACGACATCTGGCGTTTTGCCTCGGTGTTGAAAGACCATTTGAGCCGGGAACAGCGGTTAAAAATTTTGACCAATCTCTGGCAGATTGTTTATGCCGACGGACGAATCGATAAATACGAAGACGCGCTGATGCGTAAGATTACCAATCTTTTGGGGTTGGATCATTCGGACATGATCGAGACGAAATTGGCGGTTAAAAATCGCTTTGAAGAATAAAAGCAAAAACGCTATTAGAAGTCATAAATTTAAAAAGGGATGAGCGATGGAGTATAACCC
NZ_CP018099.1_gap6	140321	142852	2531	CAAATAAGACAGCGTTTAAAAAGCCTTTTAATCCGGTGGTTATGGCAATGGCCCACCAGATGCCATTGGCGCCCAGCCCCATGTTTACGGCCAGCAAATAAGCCAGCGGAATGCGCGCGGCCGTAATGGGCACGCTGACCAGCATTACCGGCAGGGTGTAACCGGCGCCGCTAAACGCTCCCTCCATGATCACTTCCAGCGCGAGAAAGATTTCGAACAGGGCAATGATGCGCAAATAGTCTGTTCCTATTTTTTGCACGAGCGGGTCCTGGGTAAAAACACCCATCAAAACATCGGGGAAAAAATAGTAAATGGCCGAAACAATCAGCAAAATGGCAACGCCGTAACCGTTTACCAGCCAGGCTGCTTTTGCCGCCTGTTTAATGCGTCCTGCCCCTACATTTTGCCCCACTAAAGTTGAAGCGGCAACCGAAAAGCCCACACAGGCAAACCAGGCAATGCCTTCGATGCGGTGGCCGATGCCGATGGCCGCGATGGCTTCCATGCCAAATTGAGCAATGATGCGTGTCAAAACAACGTAAATAATACTGAAAAAGAAACCGCCAAAGGCCACCGGCGCGCCAATAGCCATCAGTTTTTTCATCAATGCGCGGTCGATTATCAGGCGCCGGTTGAACGTCGGCAGGTAATGCTTGCGTTTTAAAAGCCACCACAATCCTACCACCGCTGCCAGTTCGCTAACAACGGTGGCAAACGCCGCGCCGCCTATGCCCATTTCCGGAAAAATCCACCAGCCAAAAATAAAAAAGGGATCGGCAATGGCGTTTAAGGTTAGGCCAAAGGCTAAAACGATCATCGGCGTCTTTGTATCTCCCAGGCCGCGAAAAACAGCTTCGAACGCCGTAAACCAGAAAATGAAAATCATGCCGCTTAAAATGATGGACATGTATTGGCGCGCTAATGATAGAACGCGGGCGTCAAAACCCATCAGGCGGTAGAGGTCGTTTTGAAAAAGGTAAACCAATCCGCCGGCAAAAACAACGGTTAAGGTGTTTAAAATCAGGCCCTGTCCGGCGGCAACGCGTCCCTCTTCCGCCTTTTGTGCGCCGATATTTTGGGCTACCAGAGCGGCGATGCCGTTAACGCTAAGCGCGGTTAAGGAAAAAATGGCCCACAAAATAAAAGCGCAACCGCCGATGGCCGCCAGCGCGTCGGCGCCTAACCTGCCCACCCAGTAAGCGTCAATCAGCTGAAACAGTGTTTCCAGCACCGAGGAAATCATGCCCGGCAGGGAAAGGCGAAAAATCGTGCCGTGAATATTTCGGTAAATAATCGGTTGAAAATCGTTTTTCATGCTTCCGCTTTTCCGACCGTTCGTTGCTACTAAAATCTACAAAAAAAGTGGAAATGGTACACAGGGTAATTTAGGGGCGGGATTTGAAATTTTTGTGTCGTCAAAATGGTTGAATAGTTAGTCTGTTATTTCAAATTTGTTTCTGCAAATGTGGTGAATTTTTACCACCGTTTACGTAGGGACGTATGATTTCCAAGAACAATTCAGCGCTGGTAAACATTAATCATTAGTCATATAAAAAAAGCGCTCTGGATAAAGTGGGGATAGAAATCCTTCGCCCTTACAAGTACGGTCATTTCTGAGTTTTTGTCTGGGAGTGAAGGTGCAGGGGACGAAGGCGATTATAGGAAACAAGAAGCCAATTTTAATTTAAAACATTCTTTCTGCGCTTTGTGACTTTTTTGAGCTCTTTGCGGTTTATTTTTAGTTGTGGTTGCGCTGCTCTGGATCAAAAAACGTTCAATTTGAATCCAGTAAAAAAAATGACTAAATTAAACCGCATCTTAAAATAGTGCATACTTTTTTAAGATAGCCCATCTTGAACACTAAAACGATTTAAGTTATTTAAAAACAACATGTCGTTCTTTTTTATTACCACTACAATATTTAAATTCTTATCTTTTTCATACCTAATGGCTTGGGCTTGATCTTAAATGCCTGCGCCATTAAATAATGAATCGCCTCCGGTTCGGTCGTATCTCTTATAACTAATAAATCTCCTTTCTGAGTTTTCATCTCCACGCTTACTCGCTGCTGTACGGAAAGTAATTCACGAATGGTTGTCCAGCGATGATAAACGCCTGCATCATGTAATTGTTTTTGAAGACTTATCAATACATGAAAGGCTAAAATCGAAATGAAAATATGCCCTTCAATGCGTTTATCCTTCTGGTGAAAATTAGGCCTTAAGCCTAATTCACTCTTCAACGAGCGAAATCCATCCTCCACATCCGTTAAACTGATGTAGAGCTGCCAAATCTCACGATCCGTTAAATCCAGACGACTCGTCCGTAAATAATACGTGCCGGAAAATCGATCATCCATCTTTTGCTCATCTTTTATCTTCCAGCTGATCTCTGTCACGATACCATTGTGATGCTTAACCGTAATATCATAAAAATAGGCCACTTTTGCATGGCGTTCCTTTATACGGCCAATGCGTTCTAAAACCTTGGGATATTTCTTCGTGCCTCGTTTCTTGTGCAAACTCTCCGCC
NZ_CP018099.1_gap7	144400	148640	4240	TTGTTCGTGAACGTTTTCCGTCTGGGAAAGGTTTACTGGTTCTTGATGAAATTCATAAAAATGGGATTTTAGTCACGAGCGCCGAACGGTTTTTAGAGTCGTTAATCTGAAATGGAAACTTACTTTGCCGTTACCCACCAGTAAAGTTCATCTTTATTAGTTGAGTATTGACCGCTACAATAGAGCTAAATCCGGCGTGATCTTTCATTCCACCTGCACGTGAGGAAAGGACAAAGCTCAGGGATTAAGACCTTGCACGTACCTCCAGGAAGTTTTGGTGATCACCGATTATTATCTTGTCAACAAAATCACAGATCTTTTTGCCTGTAGATTTTTATTGAAAAATTTTAAATTTAACCTAAATTTCTAATGTAAAAAAGATGAAAGGTGCTCCAATTATTTGTAAATTAAGTTAGTTACAAAAACAAAAAAACAAAAGAAAGGAGCACCTTGTAGATGAAAATAAAAAATAATCATAAAAGTGTCAAAACTTCTTTTACAGGCGGCAATTTAACTAATTATTCCGGCTTATATCCAATTTACAAATTCATGAAAAAGTTAGGGATAGATAAACTAATAGAAACCAAACTTACCATAGAGGGAAGACATAATCAAAAATATTCATTGGCTCAAATTTTCAATATAATGATTCTTGGTTTACTCGGCGGTATGGATCGTCTTTTAAAAATCGAACATTTTAGTTTAGACCCTTTAATCCATCACTTATTTGATCTCAATGGGCATTTGGATATTGACACGATCCGATATCGTTTCAAAAAGTTCAGTTTTCGTCAGAATAATCAATTAATAGAAGTCATTGGTTTTCTGTCTAATAAGATTCATAGAAGACTTCATACAAAGCGTGATATATTGGATTTGGATTCTACGGTTCAGACGGTCTATGGCAAACAAGAAGGTGCAAAAAAAGGATTTAATCCCAGGCATAAAGGCAAACGTAGCTACCATCCCTTATTAGCTTTTCTCAACAGTACCAAAGAGTGTATTGCGGCCTGGCTTCGACCTGGGGATGCCTACACCGCCAATAATGCGGATGCCTTTTTAAAACAGGTGCTTTCTATGATAGTCAAGCAAATAAGATTTTTAATTGTCCGTGCCGATAGTGGCTTTTTTAATGACAAAGTTCTGAGCCTATTAGAAAGTTACTCCGGCCAGATTCAATATTTAGTCAAAGTCAAGTTAAAAAATCTGGAACATCTACTAAAGGACCAGGATTGGGAATCAATTCCGGAATTAGAAGGTTGGGAGATGAGCGAATTTTATTATCGTGCGCAAGGTTGGTCAAAGGCCAGACGTTTTGTAGCGTTACGTAAATTTGAGAAGATAGTAGAAAAAGACAGTTTATTTCCTTACAAACAATATACTTATTTTTGTTATGTCACCAATATAGAAGAAAGCCCGCTTTATATACATCATTTATATGGAGATCGTGGAGAGAGCGAGAACTGGATCGAGGCGGTCAAAAATCAATTATATGCTGGTATGATTTTGACCAAAGATTTTTGGGTAAATGAAACATTTTTTCTTTTAAGTGTATTGGCTTACAATATAAGTGTTTGGTTTCGGAAATTAACCGATGAGAAGGCCTGGCGCCAGGAGCCCCATAGTTTTAGACTCTGGTTTATTCAATTAGCCGGAAAGATTACCAAATCGGCCAGACAAGTACACCTAAGAATGTACAGTTCTTATTATTACAAGAGCTGGTGGTCTAAAATAGATTCAAGAATAGACGCCTTGAGTTTTACGTAAGAAATTAACAAAGATTCATAAAAATTTTGTGTCTGATTTTTTTAAAAAGAATAAAAGGGCGAGGTACGTCCAATTCAATGTTTCGTAACAGGAAAAATCGTCTAATGAAAAAGAATTGAGTAAAATAATGGCAATTTTAGGTAGATTTTTCTAAAATTTAGGGGAAATAATTCTCTTAGTAAATACAGGGCAATACTATTTTTTTGTTAAAATTTTTTACTTTAGAAATTTAGGTTTAAGTAAAACTTTTAACCTTTTCTAAATATTTAATCTTTTCGTTTTCCACTGTTTCCAGAAATTCAATAATAGCACTTCTGCTCATGGAGCTTGCTGGTAATTGAATATTTTGCCCGCCATTCGAAGAAATTATAAAAAAAGCTTTTCGAGTAATAAAATAAATAAATATGAATAAAAGAAACAGTACAAAAGCAAATATTTTCCCATCACTTTCAAGCACGAATACACCAAACATAGAAATAAATGCAAGAACTAAAAATACGGGATATGATTTTGTTTCAAGACCACAGGAAGAAACAGAGTCCAATGTTATGCTTATAAAATCTGATCCTCCCATTTTTTCATAATCATAACGTATCCGTTTATTTGTCAATGTTAAAATTTTATTATCGGATTCAAGAATAACTTGTTCGTCTGGTAAAAGATTATATTTGTGATTCATTTTATCCTCCTATCTTATCAAGATCATTTTTTTGCTTTCCACTTTATCGTTAAAGCGAATCTGATAATAATACACTCCGCTGGAGACTGGCTGTCCATAATCATTGGTACCATCCCATGTTATAGAGTAATTTCCTGGAATATATTTTTTACTCACCAATGACCGAATTTTTTGTCCTGAAAAGTTAAAAATATTTATTGTCACATAGGAAACTTTAGTAATTTTATATCTAATTACTGTAGAAGAATTAAATGGATTTGGGAAATTTTGTTTAAGTAAAAATGTGTTGATATTATTAGAAGGGCTATTTACGACGAAAGTTCCTAATGTGTCTGTGGGAATTGTTTTTAAAATTGTTTTATCACCAACAGACCAACCATGTAAGGAATCAACAAAAAAAATATCCTTCAGATAGACAGAGACTTCAATTTCTCTTATCCAACGGTATCCTCCATCTGTAGTATGAAATATTTCATTACACCCGCAGGCCCAGCCTGTTTTATGATCCATGAATAAAAAAGAAAAAATTCCACACGGCGTCATGCTTTCTAATAGAATATCCCAATTTTTGCCACCATCTTTTGTTTGGAGGAAGGCAGCGCTATTTCCTGTAACGCACCATCCCAACTTATTATTTAAAAAATCTATCACTAAAACTGGCCAATCAATTGGAATTTTTTGATTTATCCAATTATTACCACCATCTACCGATTTATATATATTCCCTTCAGAACAACACACCCAGCCTGTATCTTCTGAAACAAAATCAAAAGAAAAAATTTTTTTATTAGAACCAATTTTTTTTACTTCCCAATCTTCTCCACCATTATTTGTATAAAAAATAGTGTCTCTTGCCATGTTATATATCATCCAACCAGAATTTGAATCAAGAAATTGGCATCTTTTAAGGTATACATTATAAGGTAACCTGATCCGTTTCCAGTTAATTCCTCTGTTTATAGTTTTTAAAACTATTCCTTTATTATAAATCATATCATGTCCGATAGCCCAACCATTATTTTCATCAATAAAATAGATATCATTTAAAACGCCATTTATGAAATCAACCAAAATCCAAGTGTATCCACCATCAAATGTTTTAAAAATTTTACCTGTTTGGTTTTCATTACCAACAATCCAACCGCTTGCTGTATCAGCAAAAAATACAGCTTGAACATCAATGTCTATTTCTCTAATTTTTATCCATTTATATGAAGAATAAACTTTAATAAACATTAACAAAACTAATAATACAATGTATTGAATTTCTTTGTTCATAAAAATTTATTAATTTATATTATAAGATTTTAAATAATATTCTGTATCATAATACCAGTTACCATTTTCATCATCTTCTATTCTTTTGCTTGCTATCCACTCTACATTTATAGAAAAATAAGCTTCTGAATATGGTTTCAAAGATTTATCATTTATTTTTTTCTTTCTTTTTTACGTCATTAGAATAACCTATAAAAAATCCTAATACAGAGGAAGTTATGATAAGAGATGTAGCACTTACACTGTTATCCTTTTTCAATAAAGCACTACCTCCTCCAAGCACTATTCCACAAACAATCGCACCAAATATACCGTTTTTTAATCTCATCTCAGTTTCTGATTTTGCTTGAGGCGGACCGATTAGATTGTCAATGCCTAACCCCCACCTCATTTCTTCACCTCTTTCGTTAATGGGAACATAAATATATTCTTTTGGCTTTACATAATTAGGATCTATTTCTAATGCTTTACTCATGTGATACTTTAATTTTGCTTTATCTCCGGAATCATATGCCA
NZ_CP018099.1_gap8	335271	336280	1009	GCGGATTATGGCATCGTCGCCGACCTCTTTGAAGTACTGCCGCGCATGATCGAAGAGTTAAAAAAAATGAAAAATTAGTTTCTGAAGAAGAATTTTCTTTTTTTTAGAGATGGCCGGACGCCCTGTCCGGCCATTTTATAAAAAGGTAGAGCGGGTTGTAAAAATAACCATGCTTGTTGACGTTCAGGATATCCAACGGCAAAAGTTGAACATTGAAATCAGCCCGATCTCTGCCGCTGCCAGCCCGCGCTTATGACTAATTGAAATGGAAAGGTGGAAACATACGAATGCCGGGACTCTACTGGTCTGGGGAATGATTTCGCCATGAAAACGCGGTCGGGTGCGCAGCGACAAAGCAAACGGCCCAACGATTCCGTTTCTACTTTTTCACTCCAATGGGTCAGTATGTTGCGAAAAAAAAGTCACTTTTTTTGCAGGTGTTTCTTAATTTTCTCTTCCAGATAGCGTCGGTTCAGGGCTTCAATTTTTTTAATGGTTTCGGCAATCTCTTCTTTACTCATGCCCGCGGTCCAGTCTTCCATCAAATACTTATCGGGATGCTCCAGGGCCAGCTCCACAATATTGGAAAGCGGAATCATGTAGTAGCGGTACAATTGATCGATTTTTGCGCACTGTACGTCAAAGTTGATGGTCGATTCGTGCTGAACGTTGGTTTTGACCACAAAATCTTTATCCAGCCGTCCTTTGTTACGAATGACTTGAATGGCCATGTGCAGGTTGCCGATCCAGCTTCCCACATTGTCAAAGTTTAAAATTTTATTAGCGGCGCGCGTGGTAATGCTCAAACCGGATTGAAAATCTGGTTTGCTGTTCAGCACTTTTAGATCCGACAGAAAGTAGATGTACATGTTTTCCAGGTCTTCCATGGCCCAGCGGTTGATGGGATATTTTTCCGTGTCCAGACTGCGCGGCTGACGGCGGGGATAGGTGATAACGATTTCGTCAGGGTCTGCATTGGCAATGTGGTGGTCGTACACGCGGCGAATTT
NZ_CP018099.1_gap9	353083	356121	3038	CTTCAGATATTTTTCTATGGTCAAACCGTCTGATGGCACGGGCGCTTTGTGCGTTAAAAAAAAGCGAATGGGATTTCTGTTAAAGCCCACGCGTGTGGGAATGCCCGCCAGACGAATCAAAAGCCCGGTGGTCAATGAACTGTGCGGGCTGAAAGCCAGCTCATGCCGGCGCGCTTTTAAAATTTGCAACACATTTTTAAAAGCCGTGCGTTTTTGACCGCGTTTATCGAACAAAATGGTTTGATCGATGTGCGGATTGTTGGCCAGCGCGCCCGCTGTTTGCGGAATGACCAGCACATCCAGTTGCGAATCGGGGAAAACCTGCTTAATGGCTCGAATTAAGGGCGTGGTTAAAATGACATCGCCCAGATAAGCTGTTTGAACCAGTAAAATCTTTTGAAAACTCATCGGCTCTTCCTGTTTTAATAAACGGCAAGTTAAGAAAAAGGAACGGTTGAAGTCAAAAGGAAGAATTTAAAAAGACGTTCTGAAAAAGATAAGCGGTTTAGGTTGTTTAAAACGTACACACGGTAAAAACCGCACCGTGGCCGGGTGAGCATGACGCATCCGTTAAGATGCGCTCGTTATCACTGCATGGCCGCGTTTGAAAGTAGAGTGTTCCAAATATTAAGCTTTTACAGCATGCAATTGAGCATTACTAACCATATTTTGTGCCATGTTTTTAATCTTGAGGGCAAATTCATCGTCTCTTTCAAGAGCATCGGCCAGGGCCTGTAACGTTTGATAATAACGGTTCCATGAACGTTTCTCTTTTTCAAACTGTTTTTGCAATGGCGATGGATTGCCTTCGGTGAATTCCATGGCCGCTTTTAAACGTTTAGCGCCAGTCTGGATAAATTCCATGATCTGATCCGCCGACTCTTTATGAGCCTTTTCCAGCCCTTTTAAGATAAAACGCAACGTTACAATCGTCGCAGGAATGGCAGAAATAAAGCTACCGGTAAAGGGCGCCAGCTCTTCTTTTACGGCCGAAAGATCAGGATCAACCATTCGGGCGTAGGCGCTAAAATAGAGTATGCGCACGTAATCGCCGATTATTTTTCCGTTTTCGGCCGCTTTAATGGCCTTTTGGGCAAACAGATGTTTATCGTGGCGCATGATCAGGCCTGGCTGATGCACGTAGCGCAGCAGGGGCTCTTTGCTGTTAAACACGCTCAGGATAAAAGCCTGGTCTTCCGCGCGGCCCATGAAGGTGGGCGTAAAAGGATGATGCGCAAACAGGCTTTTAACCAGGATGCCGTTGGTGCCCCCGGTTACGTGAATGCGCTGCAGACATTGCTTCCGGCCGTCCAGCGGCCCATGACCATAACGTGTCATCATTTCGACAGAGGTGGATAAAGCCTGCGGCAAGCGACTGAAAAAGACGAATTCTTCGGGGTGTTCAGGCCCATTAGGAAAGGGAACATCCGGCGTAAAAAGCGATTTTTCGATGTCGCTGGCGTTGACCAGAGCGCCGGCGATCATTCCCAGTTGAACGTCCCTTTGTTTGAAATCCCGTCCATAAGCGCCCCATAGCGGGGTTCTAAACAATTCCAGCGCCGAATGCCCTGTTTCGCGCACCAGGATTTCCTGCGGAAAGACCTGATCCAGATCGATCTTAAAGGTGGCTTTAATCTGCGGATCAATGAGTACCTGCCACAGGGCGGAAATGGCCTTAAGAAAGGTGTAGTGTCGGCCGTACTCGCCATCCACGCCAAACACAGGGAATTCCTCATCTGTAATCTTTAAATAGCGCTCGGCTGCTGGCTTTAAAATTTTGCTGATTATTTTGCGGCAATCGGTTTCCGTAAATAAATATAAATCCAGATTTTCAAACGCTCCGTGTCGGGCCATTAAATATTGCACATAGGATTTTGCCACTTGATGTAAATAGGAATGAGTAACCGAGCAGGAAAGCACGCAAGTCAATCGCTGGCCGCTGCCAACAGCGCCGTGTTGCTTTTCGAACGCCATCATTTTTTCCAGGCCGTTCAGCCCGTAAAGAATTTCGTTGTTCTCGGCAGGAGCGTCCAGAGGGATGGGGTGATCGTACCAGAACTGCTGGGCGGCGTTGCGATGGCGGTCAACCACTTTTTGAATATTTTTCGGCAGCTCGGAATGGTTGTCCAGTGGAGGACGTAACAGCACATTGGAGGTGAAAAGAATTTCCCTGGCGGGATTTTCAAGGGGCGCCGGATTTGGCTTACGAAGCGTTACCTTTCTTTTGCGCAGTAAATCCTGTTCCGCTTTCTTTTTGTTCAATAAGATTTCACGGCCTTCGGGAAACAGAACTTTCCAGGCCGCCATGTACAGCGATTCGGCAGACTCTCCGGCCTCTTTGAGGTCGGGCAGGGAAGAAAGGGCGGCGTTTTCGATTTCTTGCTTTAGTTTTCCTTTAAGCTGCAGGATAAAATGGACAGGTTCCTGCCAGAATCTGGCGTCCTCCAGCAGCAAATCATTAAACAGATTAGACGCAAAACGAAGCAGTTGATGATCAGATTCAAAAAGGTAAATGAAGCTTGCTCGAAAAAAGCCTTCATATTTTTCGAGCTCTGCCTGGCGTGATTTAGAGGAAGGCGCGGCATGGTTGCCAGCCGGTAGCCTGGAAAATAAAGTGGATATCCATGTTTGAAATTCTGGCCATGTGATGCGCATTGTTTTTTCCGTTTATTTTAATTTTGGAAAAAAGACAGGTACGGTGCAAGAAAATTTCAATAATAAAGCGCTTCGATATCCCCCGAGCCTTCGCGCAGAATTTCCGGCTCAGGCCCGGAAAAATCCACAATGGTTGAAGGTTTGTTAACCATCACGCCGGCGTCCAGAATAAGGTCGATTTCATGCTGGTAACACCTGGCAATTTCCAGCGGATCGGTGTAAAAGCCGTCTGAGCCCTGCGGGACGCTGGTGCTTAGAATGGGGCGCCCCAGTTCCTGCACCAGGGCCTGCGCTACAATAGAATCGGGGATGCGAATGCCCACCGTTTTTTGATTGCTAAGCAGTAATTTGGGCACTTTTTTGGTGGCTTTAAGAATGAATGT
NZ_CP018099.1_gap10	449754	450949	1195	GCCAGGGGCGGCGTTACAAAGGTTATTAAAGACATCAACACGGCAGAAGTCGTTTTGAGTAACCAGAAATAGAGAACAAAGGCCAATGCCGTGCCCAGTAAGGCAAGGTAAAGCAAAGAAAGAATGGCATTTAAATCGTAGGTTGCCGTTTGTCCCGACTCGGTGGCCAGATGCAATAAAAAGAGGGTAAGCGCTGCGTACAATATGGGAAAGGTGTTCAAAGTTACCGGGTGGAATTTTGCCCGGGCTTTTTTCCCCACAATAGTGCCCAGCGCCGAAAAAGCGGGGCTGATAAGAACCGCTATCATGCCGTAGATTCCATAGGGATGCGTGATATTAAGCTGGTCATGAAAAATGATGACAACGCCCAAAAAACCGGTTAAAATCCCCAGCATCTTTTTTAAGGTGATGTCCTCCGAAGGCAGAAGTTTAATGGAAAACAGAGCTACATAAAAAGGCATTACGGCAAATAAAACCGAAGCCAATCCGGAATTAATGTATTGTTCGCCCCAGTAAACCAGCGCATAGCCGCCGGTAAAGTTGATTACGCTAAACCACAGAAAAAAGAGATGGGTTTTTAAATCCCGCGGAATCGGATGGTCCATTTTAATGGAATAAATAAACAAGGGGACAAAAGCGATTAAAAAACGCCAGCCGGCCGATAAAAAAGGCGGTAGCGATTCCAGGCCGATTTTTATGGCCAGCCAGGTGGAACTCCAGATAATGGAAAGAAGAACAACCACCAGAATGGCAATAAGTTTTGTTGAACGCATCCGAAACAATTCCTTTTGTTTTTAAAGCTCTGGAAAATACAGAAAGAACGACAAAAACACAACTCCCACTCTTTAAACCATGGCATTTTCCAGGCCGGAGTCGCGCACAAAAAGGCACGAAGCATTAACCAGCTCTGGCGCCTGGCGCATAAAATCGAACGGCAGATGGTCGGCCAGACCAAAAATGTTGATATCAGCCGTTGGCGCCTGGGCCAGCGCCTCTTTGAATTTGCCTTCCAGCACGTAATACTCAGTCATGGAAGGCAGGCGCGCCCGGTCGGACAATTTTTCCAGAAAATGGAGCAGTTGCTGTTTTTTGGCGGGGTCTTCCGTGGCGGTAATTAAATTCAACTTTCCGCCCCAGTTCAATTGCAATTGCAGCGAAATCAAGATCGCCAGATGCCAGTTGGGGCTCTGGTCGC
NZ_CP018099.1_gap11	452155	453490	1335	ACCAGAAATTTCCATCTTCAAAATTGCCAATTAAAGGCACGCTGTTTTGCGTTGGCGTTGGCGTTAAAAAAAACGAAAGCAACGAAAGGCCGATAATACCCAGAATTAAATACTGGGTTTTAATGGCAAAATGCGTACTGACCGAAATGATCCCCAGCAAAACGAGCCAGGTGAGAGTAGAAATTAAAATTGGATTGTGCGTGGGAAAGATGCGCAGCCAGCCCTCTGTAAAACCAACGATGTACAGCGCCACCGAGAGCATCTGCGAAATGTAAAACGGAATGCCAATGCTGCCGCCCGCTTCCAGGCCCAGCGATTTGGCAATGATGGAATATGCGCCGCCGGCGCCGATTTTAATGTTGGTGGTGATGGAAGACATGGACAGCGCGGTACAGGTGGTAATGGTTTTGGAAAGTAAAATAATGACCACTGCGCCTAAAAGCCCGGCATTACCAACCACCCATCCCAATCGCAGGTACATAATTACACCCAGGATGGTCAAAACATCCGGGGTGAAAACGCCGCCAAAAACGCCCAGCTTTTGCGGCCTGTTTGGCCGTTGCGCTTTTAGTCTGTCCAGAATCTTTGCAAAATCTATCTTAAAATCCATATAGTAAATCTCGCTCTATTCCACCTTTTTTCCTAAAAATCGAATAATTAAAATTATTAAAATTAAACCAATAAACAAACTCAACCACGGGCTGGCGCCATAGCCAATTAATAAATAACCGGCAATCAAAGAGATCAAAGCGCTGATCAGGGCGTACGGTAGTTGGGTGCGTACATGATCCACATGATCCGCGCCGGTAGCCATAGAAGACATGATGGTGGTGTCGGAAATGGGAGAGCAATGATCGCCAAAGGTTGCGCCCGCCAGAATGGAGGCAATGGAACTTAAAAAAATATGGTCCTGCAAAAGAGGGCTGATGGTGGGGTCGAGTTTAGGCAGCTGGTAAGCCATGGGAATCACAATCGGAATGAGAATGGCCATGGTGCCCCACGAAGTTCCTGTGGAAAGAGCAATAATGCCGGCGGAAATAAAAGCAATCACCGGGATTAAATGAGGCGAAAGAAAATCTCTGGTTAAATAGATGACATAATTGGCCGTTTGCAGATCGGTGCAAATATTGCCAATGGCCCAGGCCAGCGTCAAAATAATGGCGGCCATCACCATGGCTTTTACTCCGCCCACCCAGGCCTGCAACGTTTGATCCAGATTCAAAATACGCTGCACAAGTGCCAGGACAATGGCCACAATCCCGCCGGAAAAAGAAGCCCACATCAAAACAGAGAAGGAGTCGGCGCTGCCAACCACCAGGCTCACATAACGCAGGC
NZ_CP018099.1_gap12	579654	582103	2449	ATTACTTTACCGTTCTTGTTGATTAATCTGGCTTCGTATTGTTCGGGCGGTTTTGCCGGGTCTTCCAATCGGGCTTTATGATAGCTTAGCACCAGGTCTCGATCTTCCGGCGCAATATAATCGATTCCCCTGGTGCCGATAAGCTCTTGCGGGGCGTAGCCAGTAAGGCGTAAACATTGACGATTGGCCATCAAAATCGTCGTATCTTCATCCACCAGCAAAGTAGCGGTGCCGGTGGCTTCAAAAATGGCCCGGTACTTTATTTCGCCCTTTTGTTTTAAGTGGAGAGTGCGCTGGCGCAATCGTAAAAGAATCTGGAGATTAGCCCTGAGTTCGGATCTGGAGAGAGGCATGCGCAGCACATCGTCGAATCCCGCTTCCAGCCAGGGATCAGCGGCATCCCGCTTGCCCAGCACCACTACCGCTGGCAGAAAAATCCCGGACTTCTTTTTCTGTGTGAGTACGGCGTGGCCATGCCTGCGCGCCGACGGGACATCCAGGAGAAAAAGATCTGCCCTGGCGATATTTTTTTCTATTAACTCAACGATGTCATAACCCAGAGATGAAAGGTAATCGGTCACCAGCTTACGGTCAATCGGATTGCCGAATCCCACGGCAATGAGCGGGCGACTAACCTTCATGCCCGTCCTCCCTGTCCGGATTTTTCGGCAAATGGATAGTATCAGTTGTTGGCACCCCTGTTAACAGGCCATGGAGCTGATGGAGTTTTTTACCGACCTTTAAACCTTGCGACGTAATGATCAATTCTCTCAAGTCGGGCTGAAAATTTCCAATCCGTTTTTTGAGGCAGCTTATCACCTTAATTACGCGTCCTTCTACTTCCGCATAGCGAATTAAAAGAACATTGTCGGCCACGTAGCTCACGCCCATGTCGGTGATCTGCAAGTTGCCGGTAATCATTTCCTGCTCATTCACAATAAATAGGCTGGCCATATTGCGGCGCGTATAGTTGATGATGTTCTGCATATTGGCAATGACGCTGCCAAAGGTTTCCATGGCCATGTTATAGCCGCGCAAACTATCCAGCACAAACATGTTGACGCCGTTTATCTCCATGTCATGTCGCAACATCTCCAGAAATTCATCCGGATATTGTTCCAGGGGATTGATTTCTCGAAAGGTGATCAGGCCGTCTTCGATATGTTTTTGGAAGGGGATGCCAATGGCGTTGCAGCGTTCAAGCATGGAGGCCAGACCTTCTTCAAAAGAGTAATAAACGCCCTTTTGTCCTTCTTTTGCTGCTGTGGTAAGAAACTGGAGCGCAAGGGTGCTTTTCCCTGCGCCTGCCGGCCCAGAAATCAACGTGCAGGTACCCGAAGAAAGACCGCCCATGAGCAATTCATCCAGCCCTTCAATGCCAGATTGAACCATTTTTCGTTCATATGTGTATTCCTTTAGCTTTTCAATCCTGTGCGGCCAGACAACTATACCCCGGTTCGTAATGCGCAAGGGGTGCCTGCCGGTCATAAATGAAAAACTGCGCATTTTATTGACTTCTATGGTGCGGATCTCGGTCAGCCGGTTTTCTGAGGTCTCGTTCCGTAAGGTGAGAATACCGTCCACAGCCATGGCCAGCGAAACGTCTTTCTCCAGCTCAAGGGGTTCAAAGAGCAGTAGAGTCAGGCACTTTTTTGCAGAAAGGCGATTGACCATCCCCTGGATGTGCTTGCGGAACTGATATTCGTCTGTTGAAAGATAGCGCAGAAAGGTGGCCGAATCAATGACCAGGCGTTGCGGGGAGTGTGTTTCAATGGCATCGTTAATTTGCTTCCAGATGGGTTCGCCTTCCACTTCTGCCGGAGAGAACACACTGTATTCTCCTTCCGGAAGATCTTCCTCGAAGGCTTCTGACAGATCGACCATGACGATGTCTTTCAGATCAAAATCAAAAACAGAGGCGTTACGACGCAGCGATTCTTCTGGCTCTGCGAGCGTGATATACAAACAGGAGGCGCCCTTTTTGGCGCTTTCGGTTAAAAATTGAAGGGCGAGAACGGTTTTGCCCGTTCCGGGCGCGCCAACAATGAGATAACTTGACGCAGGAACGAATCCTCCGTTTAATATTTCATCCAATCCTTTGATGCCCGTTGGTACGCGTACATTCATCATGGTTACTCCTCCTCACTTCTGGCCGGGGAAAATCTCTCACTCCCTTTTTGAGCTTAAGTCGGTTTAGATAAGGTCCAGAAGTCTGCTCTTACATTCTTTTTTACGTTTCTTCACCGTTCAGCATGCAGATTATTATTACCGTTTTTCGTTAAATCAGCAGGATCTTGGTTTCACTTCTGACATAGAATTGAAAGATGTTTTTTGAGATGCATTTTCTTTTCAGGACTCCTTCAGAAAAGGCCGGACGCCCCGGCAAAAGTTTTTTAATATGACATTTTATCCCATACGCCATGCCATCCAATAATTTACTTAATTAAAG
NZ_CP018099.1_gap13	653669	654170	501	CCGACCAGAATCAAACACTCAAAAAAGGCCGGCGCCATTATATCCCAGATGCTCAAATGCATTTTTCGTTCCTTTGTTTTTGGGCGAAAATTCTTTTTTATGTTTTGGCTGCCCCGCGTATGTAATGGACAGGGCAAATAGATAAAATCCTCGTACCTTTCCTTCGTGCAAAAGTACGAGGCGAGTTGTGTAAAAAACTTTTTAAAAACAGGCGGCTGGTAGAAAGCTTTCCATGGCGGGTTAATGACAGCACGCTTGAAGCTTGATTTTCAAGCAAGCGCCCCCGCCGCTGGCGTTCTATTGTTCAGCCTGTAAAAAAGCTTCCCTTAAATGCGAAACCCAATAATCGACCAGCTTAAACACATCTTCCGTGCCGGGAGCGCCGTCCACGCCCATGGGAACGATCACCGGAATGGCGCCCACTTTTTCGCAAATTTCCCGAACTTTGTTTTCGCTAAAATAATTGGCCGACATCAGTACCTTTACCTGATTCCTGCGCAT
NZ_CP018099.1_gap14	768054	770289	2235	TGAGCGCGAAAGCGATCGCCGATAAAAAGAAATTTATTCTGGAAATTGCGCAAAGTTTATTTGCCCATTTTGGCTTGAGCAAAACCACCATCGAAGATATCGCCCGCAAAGCCCACATGGGCAAGGCCAGTATTTACTACTATTTTGCCAATAAAGAAGCGATTTTTAAAGAGGTTATTGAAAAAGAAGGGCGAATTTTGCAAGAAAAGCTAATTGACGCTGTTAACAAAGAACATACGCCTCAGGGGAAAATCCGCAGTTACATTATAACGCGCATGACGACCATTAAAGACCTTGCTAACTACTACAGCGCACTGCGCGACGAGTATTTAAAACACTATTCATTTATTGAAAAGATCAGAACTTCTTACGATGCCTTTGAGATTACCATGCTCAGCACCATTCTAAATGCCGGCCATAAAGAAGGTGTTTTTGAAGTTGAAGATTCTAATTTAACGGCAGAAACAATCGTTGCCGCCATGAAGGGCCTGGAATTCCACTGGAGCATCCAAAATAGCAAAAAAGAAATTGTTGAAAAAGTAGAATCACTTTTAAGAATTCTTTTCAAGGGTATCGAAAAAAGAGAGTAAAATTTTTTTGCATTTTTTTCGAACAAAAAACGATATTGTTCCAAATATAAAAAAGGAGCCGCTTAAATGGAACGATTGGCTGAATCTGTCGTCAAATACAGAATCCCGATTATCATTAGCGTTGTTTTCTTAACCGTTTTTTTTGGATATCAACTTAAAAACATTAAAGTCAATAGTGATCTTTTTTCTTACCTGCGGGAAGATGATCCGGATGTACAGCTGTTTAATAGAATCGGCAAGGAATATGCCGGCACTTCCATTGCCATGGTTGGTATTGGCGCAGACGATATATTTACGCACAAGACCTTGAACGTTATTAATCGAATCACAGAAAAGATTAAACAAATTGACGGCGTGGCTACCGTTATGAGTCTCACCGATGTTCTGGATATCCGTAGCTTTGAAGGCAGTCTTGAAGTGGGGAGGCTGATCGATAAGAACAATATTCCGGATGATCCGCAGAAGCTCAGGCAAATTAGATCGTACACGCTCTCCAAAGATATGTACAATGGACGCATTGTATCGCCTGATGGTAAGGTAACCATTATCATTGCTCGCTTAAAACAAAATGCAGACAAACAGGAGGTAGCCCGTAAAATTCAGGAAATAGCGCAAAAAGAGGCGGGCAGTTATCAACTTTACTTCTCCGGCCTGCCCATGCAAATGCTGGAAGTAAATGACATCATCATTAGCGATATGCTTTATCTTGTGCCGCTTGTGGCGCTGGTTCTGGTTTTTATGCTCTATTTTAGCTTCCGCACGAAAAGAGGCGTCATTTTACCCCTGTTAACGGTAATAATCAGTACCATCTGGGCCATGGGGCTGATGAGTTTGTTGGGTGTTGAGCTCTCCATCATTTCAAACATTATGCCTGTTTTACTAATCGCTATTGGTTCTGCGTACGGCATTCACATGATTGCCCGCTATAAAGAAGATATCAAAGGGGCTGCCGATACGATTTCTTGTATCAAACATTCGTTGAGTACCGTAGGAGTTCCAATTATTCTGGCTGGAATGACCACCGTGGTTGGCTTTTTTTCTTTTGCAGGATCATATCTTACTGCCGTTAATGATTTCGGCATTTTTACGGGTATTGGCGTAATTTTTGCGCTGGTTATTTCCATTACTTTTTTACCGGCCTTTCTCACCTTTTTAAAAAAGCCAGAGATAAAAACCATTAATAAAGAGGGCAAAAAAGAAAACGCATTAGACCGTTTTCTGGATCGGTTGGCCTTTTTCGTACTTAAAAACGAAAAATTGATTATCATTTTGGGCGGGCTGCTGGTCATCATATCCATCATTGGTCTGCCCAGGATTAAACGTGAAGTCAATATGATCGAATACTTCAAAGAAGATACGGATATTCGCATTGCCGAAGTTATGATGGAAAAAAAATTTGGCGGCTCTACTCCTGTACAGGTTCTGGTTAAGGGCGATCTGAAAAATCCTTTTGTCCTCAAAGAGATGCGCAAATTTGAAAAATTTCTTGAAAGCGTTCCTTACGTAAGCAAGCCTCAGTCGATTGCCGATTTAATTTGCGAAATGAATAAGGTGATGAATAACCACTACACCATTCCCGATACGCGAGAAGGCGTCGCCAATCTCTGGTTTTTTATTGAAGGAGAATCCATTTTAGAACAACTGG
NZ_CP018099.1_gap15	771848	772702	854	GGTCGCCATGCTTTTAAAAGGAAAAGATTTCCTACATTTTGTAGGTATGCTTATCACAATTGAACTGATAACCTATCCAGTGTTTTATTTTTTCCCTGCGGTCTATCCCATGCCGCAATTTGAAGCAAACAATTTTACCACGCGTTTTTTACAATGGTGTTTTCAGGCCGATGTTCACAACAACACCTTTCCCAGCTTGCACGTCAGCCTGGCCATGGGCACGGCATTGGTGATCAATAATCGTCATAAAAAAGCGGGGAAGGCCGCCATCCTATGGGCCGTCGTAGTAGCCTTTTCTACCGTTCTGGTAAAAAAGCATTTTTTTATCGATGTCATGGGCGGCCTGGTTGTGGCGCAGGCGGCGTACAGTCTGACTGTTAAAAATGAATACATGGAAAAGTGGTTAAATGAATTGGAACAAAAATGGCAAAAAGCGCCGGAGCGCATGGCCATTATGCTGAATAAATTAAACACAGATAATTTACAACATTCAAAGGCGTTTACATTATTGTTTATATTTTTAGGGCTAAAGTAAACTAACAAGAGGAGTTCTTGCCATGAGAAGTGTAATAAATCTTATTTTTGTTTCATTATTTATTATTTGGGGAAATGTTGTAGCGCAAGACGCTCAATCGATTGTAGCTAAAGCAGACGCTGTGGTCAATGCACCCAAAGATCAGAAGGCCACCCTGACAATGATTTTGATTGATAAGAACAGAAACCAAAAACAGCGGATAGCGGAATTTTTACAAAAAGGCGATGATAAAAGAATCATGCGTTTTACGGCGCCGGCGGATCAAAAGGGAATCGCTTTTTTAGGCTTGCCTAATGATGTACAATATTTGTACATGCCG
NZ_CP018099.1_gap16	815576	817332	1756	TACATGCGTAGTGAAAAATGCTTTAAAAAGGGTAGGATGTTGCAATACAACTTTAAATTACGAATGACGAATTACGAATGACGAATTATCGAAAGATGATGTGATAAAATGTAAAAAATTTGAATCAATCAATCATACACAAGGCGTGTAAAGATGATTAAAAATAGAAAAATCTGAGTGAAAGCAAGCGTTATTTTCCAACGGTGGGCAGGTTAACCGTGCAGAAGCCACGACTTTACTCTGAAAAGCATAAAACGTTGAAACGGTTTCGCCTTCATTCCTGGGTGCGCCTCTTTGTTTTGTCAATTTGAGGGTCCCGCCCCTGAGGCTGTTGCATGGGGGGGGGAGGAATTAATGTTTATATTCTCCGATATTGATAATTTTTTCTCATTCTTAAACGTTGGGCAAAATATAGAATTAAAAACGCCAAAATATTCTTTGAAAATAAAATTAATAGATCATCTTTTTCTTGTGATGCTGTTATAAACGCTGCTAAACGTTTCCCTAACATATTTTTAAATAGAACATTAATATTATGCCCAATACACATTAACGTAAATTCACTACGAACATTATTAAGACCAGATAAGGAAAATCCACGATAGCCTAAATTATGCTTCAAATTACCAAAAACAGGTTCAACTGTCGCCGAACGCTTCTTTAGTCGTTCCTGCGCCGCTGAAGTTTGTAACTTTTTCGCCATACGTTCGCAATAACTCTCATTAACTGAACGATGGATTTGCTTAACTTTCTTTTTACTGGAAATGCATAAATTAATTAAGGGACAGTCCTGACAATCATTGGAACGATATACGATCCGTTCGCTATTCCTCTCAACTGGAAAAAGCTTCTTACCCGCCGGACATTCATAGTAATCTCCCTGTTCATGATACACAAAATCACTTCGTTTTAGTTTTCTTTCTTCTTTTTGCAATTCTTCCTTGGAGGTCGGTGTCTCCTTTATCGAACGATTGGATAACTGGGGATCGGCTATTACGGCATCGATCTGCTTTTCTTCCAATTCTTTTAGGTCTGCGCTATTGTGATAACCGGAATCGGCTGTGTAAGATCGCTTATCATCTGAACCAAGATTCTTCTCTACTTGTTCTTGGATCGGTATGAATTGACCCTGGTCGTTGGGCTGGCTTACGACTTCATGAGCTACTATTAAATGACTGGACATATCTACGCCTAATTGTGCGTTATAACCCGGTCCATCCACCGAAGGCATCATGCGGGCATCCGGCTCTTTTACATTTATTTGATGTCTTGAACGATGTTCTGATTTGAGCTGTTTCTTACGCTCTTTCAATTGGGCTTTACGTTCTAATATCTCTTTCTCTAAGCGCTCAAGCCGTTCTTTCTCCGCTCGAAGAGTTTCTAAATCTAATTCATCCGTGGCCCCCTGTTCTACAAAATTACAGCGCTGCATGTATTGCTTGATCTCTGCTCTTAACTTCTCTATACGTTTGTCTAATTGATCCTCAGTGTAGCCATGACGCTTACTGCTGTGCGCTTTGATTTTCGTGCCATCTATGGCTATCTGGTTGAAACTACTTATGCCTTCGGCCTGGGCAATTAAAAGTATCTCTACAAAATATTGGTCTAATAAATCCAAATGAGCCTTGCGAAAACGACTTAATGTACTATGATCTGGATGCTGATTCCCAGTGATATAAATGTAGCGCGTATCATATTTACACAATTCCTCCAGCTTACGGGTGCTGGTAATGCCGTTACTATAAGCATAAAACCA
NZ_CP018099.1_gap17	819356	821286	1930	TTAATTTGTTCAATCCCCGGCAGCGCTTTTAATTGCCCGGCAATTTTTTGGGCTCGGGCTTCACTGATCAGCGGTTCCAGAAAGACTTCGATTTCGATGCTTTTACGTTTTTCGCCCACCCAGCGATCGATATTGATAAACAGGGCGATAAAAAAGCCGATGAGCACCAGAGCCAGGGTAACCGTGGTAATCGTTAAAAAAGTTGCCAGCCGCGCTCTGCCCAGTCCTTTAAGTCCTTCTTTGACGGTAAACATAAAACTCATTCGTCAACCAGTCTCCCGTTTTCAATTCGAATTACGCGATGCGGAAATCGTTCAATAAGAGATTGATCGTGTGTGGCCATCAACACCGCCGTGCCCTGACGGTTAATGCGTTCCAGTATTTCCATAATTTCCATGGAGATTTGCATGTCCAGATTGCCGGTCGGTTCATCAGCCAGAACGATGAACGGTTCGTTGACAATGGCCCGGGCAATGGCCACACGCTGTTGTTCGCCGCCGGAGAGTTTTTCCGGCAACAAATTACGACGATGGGCGATGTTTACTTCGCTGAGAACGCGCAAAACGCGACGTTTTATGGCCGAACCTTTAACGCCGGCCACGCGCAGGGCAAAGGCAACATTTTCGTAAACGTTACGATCCTGCAAAAGTTTAAAATCCTGGAAAATCACGCCTAATTCTCTGCGCAGGTAAGGGATTTCGTGGTCTTTGATCTTTGCCGAAGAATGATTGCCCACAATGACCATGCCCTCGTCGGGGAATAGGTCCATGTAAATTAAACGCAGCACGGTCGATTTCCCGGCGCCGCTGGGGCCTACAATGTAGGCAAATTCTCCTTTAAAAAGTCGGAAAGAGATGTCTTTTAAGATTTCCTTCTGGCCGATCCTTAAGGTAACATTGTAAAATTCAATCATTCAGGCTTGGACCTTTTTCCTTTAAATTTGCGGTGCAGAATTTCAAACTCATCAATCAATTTTCTAAATTCGGCCGATTCGTCCAGTTCTTTGTCGTCGATATCACTATTAAAAATTTTAGTGATGCAATCTTCAAAAATTTCGTACTTTTTTTGCTCGGGCTGACCTTCGGCCAGTGAACGCGCCTGCATAACATAAAGACGGATGATTAAATTATCAATCTTTTTTAGGGGACTTTCCCGTAAAATTCCCTCCTTGATAAGCTGGCGCGCTTCAAAAAGCAGAGCAAGCTTGCGATTAATATCTTCGCTCTGGTGGTACTGTTTTAAGAGACCGTTTAATTTTTCCTGATAAATCGCCTGAATTTGCTGTAATCGCCAGTCGTTAAGATCTTTGAGCAATTTTTCGCACTTTACTTTTTCGGCCGGTTTTTTGGCCACGTTTTGCGCTTTTTTAAGGGTGTCGAGAATCAGGTTGTAGCGACGCTGAACATTTTCCAGCTCGAGTCTGCCCAGAGGCTGACTCATATCTTCAATGGCCAGATGCGTAAGCACCCGGAATAAAGCCAGGCGGTTTTTCTCTTTTGCTTTTAAGATAAAGTATGCCGCCACAAGGATTACAACAAAAAAGCCGGCCGCCCATCCCACCATACTTATCATTATTATGCCCGTAATTTTTATGTGAATTGATCTATCGTCTTAAAACAAAATGAGCCCGGTCAGAAGTTTCCATTACTGGTTTCATGCTAAAGTTACTAAAAATTTCAAGCAATTTAAAATTTGTTTGTTTTATTAACAGAATCCACTCTTTAACCTCTCTGATTTTTTGCCGATGTTCTTCGTAATAACATTGACCGTTAACCCATATTTTAAATTGATTGATTTGCAGGTTTTCATTTTCATCAAAAAAGCTAAAGCGATCGTAGCGTAAGTTTTCGTTGATCACGGCGCTTTCCTGGTATTCTTTGAACGCTGTTTTGCACAAATAGGGAGTTACAATATCAAAAATGAGTAAACC
NZ_CP018099.1_gap18	823940	825814	1874	GCAAATCGATGGCAAAGGATACAAAGCTTACAAAGAATTAAAAGGCGCTTACCGCTACGAAAAGTTCATGCTTTTTATCGACCACGTGCAGGGCGATCCTTTTGCCGCGCCTTCTAAAGTTCGTGTGCGCGTATCTCAAAAGCTGGCGCAAATTCCGCTGCCCTTGCTGCGCACCACAGAGAGGCGATTGGGCGCCGGCGACGCCCTGATTCGCATCATCCACCAGAATATTCGACGATTTGCTCGTTTACAACGCGGAACCGGCAAAAGCGGATTGATTACCATTGATGTGGGCGGTCAGGAAATTTTACCGCGCAGCGCCCTTATCTTAAACGAAGATTTTGTGGAAGCGCGCATGGAAATGGGCCTGCCGGCGCGGGGGCGGACGATTCTGGCGCGCCAGGCGCAGGAAATGTTTTTTGATGAACTGCCCCAGATCATCCACCATGCGCTGTTTTTCGAAAAATTGGATCGGCAATATGTGACGCGTTTTGCCCATTACACCGAAAATTTTTTTGGACTGCAAAAACAATTAAAAGAAAAAGGTCTGGCGGCTTTTGTGGCCGAAAATGCCATCTTGCCGCGGGAGAGCGGTATTTCGCAAAAACCGTTGCCAGCAGAACAGGCCGTGCCCTTTAAAGCGCCTGAATCTTTAAAAGTACGATTAAAACTGATCAACCCGCTAAACGGCAAGGATTTTATCGAGGGCTGTGGTATTCCGCGAGGAATTACGCTCATTGTGGGCGGCGGTTTCCATGGCAAATCCACTCTGCTCAATGCGCTGGAACGGGGCGTTTATGCGCATATTCCCGGAGACGGCCGCGAATATGTGGTAACCGATCCTACGGCTGTTAAAATCCGCGCCGAGGACGGGCGCCGCGTGGAAAAGGTGGATATCAGACCGTTCATCAATCATTTGCCGGGCGAAAAAGACGCGGCGCAATTTTCCACCGATGACGCCTCGGGCAGCACCAGTCAGGCGGCCAATATTCTGGAAGCGCTGGAGGTGGGCGCGCAGACGCTTTTGGTGGATGAAGACACTTCGGCCACCAATTTTATGATTCGCGACGCGCGCATGCAGGCGCTGGTGCACAAAGAATTTGAGCCCATCACACCCTTTATCGACCGTGTTCGCGAAATGTACGAACGATTTGCCGTTTCCACCATTCTGGTCATGGGCGGCAGCGGCGATTACTTTCAGGTGGCGGACACGGTGATCATGATGAAAGAGTACTGCCCGTACGTTGCAACCGAAGAAGCGCGCCAGATCGCCCAAAAAATAAACGCCGCCCGCAATTTTGAACGGGAATTCGAATGGCGCTCCGTGACCGAACGCATTCCCCTGCCCGAAAGTTTTGACGCTTCCAGAGGGAAAAAAGAGGTGAAGATAGAAGCGCGGGGGATACACACCATCCAGTTTGGCCGAGAAACGATCGACCTGCATCATGTGGAACAGCTGGTCGATGTCAGTCAAACCAGAGCCGTCGGCTTTGCGCTTAATTTTTTAAGCCGGCGCTGGATGGATGGCCGACGCACGATCAAAGAGCTGATGCAGTTACTGGAAGAGTTCTGGCGAGAAAATGGGCTGGATCGATTAAATCCCTTTCAGAAAGGCGATGAACATCCGGGCAGTTTTGCTCAACCACGTCTTTTTGAGATGGCCGCCGCCCTGAATCGTTACCGGCGGCTTAAAGTAAAACAAAAAAAATCAGTTTGACAAAGGGCTTTGGTGTTTGTAAATATTATTGATTAAAGAGCTTAATTTTCAAAGATTTCTTTTAAAATAAAAGCCCTGGGCATCCCATAAAGGTGAAAGGGAATATTATGAGACGCATTATGATTATTTTTTCCGGGTTGTTGATTTTATTGGCTTC
NZ_CP018099.1_gap19	898000	901852	3852	GTCTCAAGAAAAAATTGATGAAGGTTTAAAGAAGAACTTAATAGTTTTTTCCAAAACCGGGATGCCACAGGTAAAAAGATTTTTAGACGAAGTTGAAGGAGAGGCATTAAGCAATTTATGGAATGATATAAACCCAATAGGTTCTGTTTCACATGAAAGGATTGATTATCCCACCCAAAAACCAGAAGCCCTGCTGGAACGAATCATCCGTGCCAGCAGCAATGAAGGCGATTTAGTCGCCGACTTTTTCTGCGGCAGCGGTACCACCTGTGCGGTGGCGGAAAAGTTGGGCCGCCGCTGGATCGGCGTGGATTTAAGCCGCTACGCCATTCACACCACCCGCAAACGGCTGCTGGAAATCGAGCACAGCAAAAGCCTGGAAGATCCCAAAAAGAAATACGGCAAAAAGGCCCGCCCCTTTGAAATCCTGAACCTGGGCAAATACGAGCGCCAGTTCTGGCAGGTAAAAGCCTTCGGCAAGAAGGACGAAAAGGAAGCCCTGTATGAATACCTGGCCTTCATCCTGAAACTCTACGAGGCAGAGCCCATCAGCGGTTCCAGTCACATCCACGGCAAAAAAGGCAACGCCCTGGTGTACATCGGCGCGGTGGATGCCCCCGTCACCATTCAGGAGGTGATCGATGCCCTGAAGGACACCAGAGAACTGGGCATGAAGGAACTGCACGTGCTGGGCTGGGAATGGGAAATGGGCCTGAATGACGCCATTCAGGAAGTGGCAAAGGACATGGGCATCCGGCTCAAACTGCGCATCATCCCCATGGATGTTACCGATCCCCGGGCGGTGCAGAAGGGCGATATTCGCTTCTTTGAACTGGCCTATTTCAAAGCCGATATTCAAACCAGCAGTAGAACCATTAAGGTGAAACTGCAGGATTTTGTCATTCCCCATACGGATCTCATTCCCCGCGAGGTGCAGGATTCCATACGGAAATGGAGCGACTGGATCGACTACTGGGCCATCGACTTTGACTTCCGCAACGACACCTTCAACAATGGCTGGACCTCCTACCGCACCAAAAAGAACCGGCAACTGGTGCTTCAGGCGGAGCACAAATATGAAAAGCCGGGCAAATATAAAATCTTCATCAAGATCATCGATATTTTCGGTATCGATACATCGCAAATTTACGAAATTGAGGTGAAGTAGCCATGCCGAAAACCTGGGTGCAATACAATAAAGAACTGCCTTATTTAGAGGATCGCCAGCCCTGGGAGATTCCCACCTGTTACATGCGCAAAAGCGGGCCCAATGCATACGAGGTGGTGGAAGGACGCCGCCCCAGCCGCATGTTTCTGGTCAACAAACTGCGCAAAGCAGTGGACCAGTGGCGGGCAGAGGGCTATCCGGGCGCCACGCCCACCAGCCGGGAACTGCTGACCTACTGGTTTGAGCAGAGCCACCCGCCGGTATTCGGCAACGAGCCCTTTCACTTCTACTTCTGCCAGCGGGAAGCCATCGAGACCCTGATCTACCTGTATGAAGTCCGGCAGTTTACCGATCTGGCGGAGGTGATCGATAAATTCCACGAGGAATATCGGGGCACGCTGTTTTCCGGTGAATACGAAATTTCCGAAGCGATGGACGGCAAGCGCACCCTGAAGCGCTACTTTCCGGAACTGCAGCAGGAGGGCGAGCAGGAACTACCGGAGAAGGATTTGTTGCGCTATGCCATCAAAATAGCCACGGGATCGGGCAAGACCATGGTGATGGCGCTGGTGGTGGTGTGGAGTTACTTCAACCGCCTGAGAGAGGGCAGCCGCCGCCATGCGGATAACTTCCTGATCGTGGCACCCAACGTGATCGTCTATGAACGGCTGGCCAAGGATTTTGCCGATGGAAAGATCTTCCACGAGTTTCCCTTCATTCCCCCGGCCTGGAAATCCCGCTGGAAATTGAACATCAAACTGCGGGGGGATGAATCACCGCTGGCGCCCGGAGGAAATCTGGTAGTCAACAACATCCATCAATTGTATGAATCCCGCCAGAAAACCTGGGAACCTAAGAACATCATCCAGGCCATTCTGGGGCAGGATGTGCCGAAAGATCCGGCCAGACCACCGCAGACGTTGCTGGAAAGACTGAAGGAACTGGATAACCTGCTGGTGATGAACGACGAAGCTCACCACGTGCACGATGACGAGCTAAAATGGAACGAGTCGCTGCTGTCGTTGCATAACAGCATTCCCGGCGGCTTAAAGATGTGGCTGGATTTTTCCGCCACGCCCAAAACGCCCAACAACACCTACTATCCCTGGATCATTGTGGATTATCCGCTGGCGCAGGCTGTGGAAGACCGGATCGTCAAGGTGCCGCTCATTGTTCACACGGTAAATAAGAGCGACCCGGAGAAGATCACCGGTGACAATGTGGTGCAGAAATACGGTGCCTGGATTACCGCAGCGCTCAAGCGCTGGAAAGAACATTTTGACGCCTATCAGGGAATCGGCAAGAAACCGATTCTGTTTCTCATGGCAGAAAAGAACGCCTATGCCGATCGCATTGCGGAAGCGATTGCCAGGCGGGGTAAAAAATATGGCATCGAGAAAGATGAAATCCTGGTGATTCATACTGATTCGACCGGCGAAATCCGCAAGAGCGATCTGAAGAAATTAAGAGATACGGCACGCGATGTGGACAGCCCGGATAACAAAATAAAGGTGATAGTCAGCGTGCTGATGTTGCGGGAGGGCTGGGATGTGCAGAACGTGACCATCGTTCTGGGACTGCGCGCCTTTGATTCACCAATTCTGCCGGAACAGGCCATCGGGCGCGGTCTCCGTCTGATGCGGGATGTGAGTCCGGATCGGACACAAACGCTGGAGGTGATCGGGAATAACCGCTTTGAGAAGATCGTGAAGGAACTGGAAACAGAAGGTGTGGGCGTCAATACCACAAAGACGCCGCCGCCCCTGCCGGTAACCATCGCGCCGGAAAAGAAACGCCTGCAATATGACATTTCCATTCCGCAGACGGATTTCTCTTATGTTCGCGTGTATCGGGATATTGAGGCGGTGGATGTTTCCGGGCTGCCATCCATTTTTACATCGGATAAATTAAGTGAAGATCAAATAACGCTGTTAAAGATGGAAGTGATGAATCTGGGCGTGGAGGTTCATCAGGTAGAAATTGAATCTGAGTATATAGAACTGGGCCGGGAACTGGTTTCTTATATTACCAATCAAATTATGAAACGGGCTGGATTAACCGATTGTTTTCATGTGCTGTATCCTAAGGTTACCGAATACATTTTAACGCGCTGCTTTGAAGCCACGCTTACGGACATTGAAAATGAAGAGTTGCGAAGGAAATTAAAAGAATTAAGCATTCAGGAGGCAATCATCGATCTGCTGGCGCGTGAAATCGGCAAAGCCACTGTGCACCAGAAACCCATTACCATTAAAGGTAAGCCGATAAAATTATCCGAAACGCCCAGATTCCTGTGGCGGCGGAAACATATTCGTTGTAAAAAAACAGTATTCAATTTCGTTGCCTGTTACAATGATTTTGAGGCAGAGTTTGCCGAATTCCTGGACCGTGCCGATGATGTGGAAGCCTTTGCTGCTCTGACTAACATTTTACGGATCGATTATCTTTCCGTTTCGGGAGCTATCCGGCACTATTTGCCTGATTTTGTCGCAGTGCAGAATGTGGATGGGAAAAAAACCTTCTGGATAATTGAGACTAAGGGGCGGGAATATCCGGATCTGGAGAATAAGAATAGAACTATAAAACGCTGGTGTGAGGCAGTAAGTAAGCAGACAGTGGGTGAGTGGAAGTATTTGCTTGTTAGACAAACTCACTTTAATGAAATAAAGGGTAAATTGCAATCA
NZ_CP018099.1_gap20	907606	912043	4437	CACATCTGGGCGCCCGGCGTGTACGCTGAAGCGGAAGACGATGTAACGCCGCTCATTTCCGGCATACTTTCCAAAGCGGGCATCTTTGGTTTTGCGGCGCTTTTTGCCACCATGGGCGCGCCGCACATTGCGTCCGTTGGATTAAACGTCATCTTGGGCTGGATCGGCGTGTTAACCGCCTTTTTTGCCACGCTGTTTGCCGTGTTTCAGGAAGACGCTAAAAAGCTGCTGGCTTACTCCAGCGTGGGGCAGGTGGGCTACATTCTGCTCGCCCTGGCCGCTATGAGTCATTTAGGCTGGGCGGCCGCTTTGTGGCACACTTTAAACCACCTGCTGTTTAAGGGGCTGCTCTTTTTGGCCATCGCCGGCGTTATTTACCGCACCGGCACGCGCGACATGTACAAAATGGGCGGATTGATTAAACAAATGCCGTTGTCGTTCGTCTCTGTTTTGATCGGCATTATTGCTCTGAGCGGCGTGCCGCCTTTAACCGGCTTTGGGGGCAAATGGCTGCTTTACGAGGCCCTAATTGAAAAGGGCTGGTACCTGCAAACCGGCCTGGCCTTTTTTGCCAGCACCATCGCCTTTTTGTACTGCTATCGATTAATCCATTCCATCTTTTTAGGCATGCCCAAGCCCGATCAATTAAAAGTCAAAGAAGCCCCCGTCTGGTTTTTGATTCCGCAGTTCATCTTAATCATGGTCATTATGATCTTTTCAGCCCATCCGGCATTGTTGTTAAAGCCGATCTCAACCATGATCGATCCGCTGTTCGCCACAACTTTGCAGTGGAGCAACCTGACGGTGTACAGTTCGCTGGGCTACTGGAATGGAACCATTACCATGATTATGGTGGGCGTGATTTTTGTTCTGCTTTTAGTGTATCTGTTCATAATCAACCCACGTCCGCAAAAGGTAAAGCCTTTTAACATTGTGTTTGCCGCGGAAAAACCGGAAATGCCGGAAACCACGCACTACGCGTATCAATTTTTTACGCCCTATCAAAGAGCCATGGCGCCCATTTTAAAGCCGCTGGTCAGGCGTTTTTGGGCGGCGGTTGGCGAATGGAGTCATAGCCTGGCCGCGGGCTTGCGTTTAATGTACACCGGCAACGCGCAAACATACGCCCTGTTTATTTTTGTTCTTGGTTTGGCGCTTTATTTGATGATGGGAGTTAAATGATGGAAGCGATTTGGACGAAGATCGGCTACGCACTGGCATCGCTCTTTTTGATTTTTAATTACGGTTTGCTGTTGATCGGCGTTACGATGAAGATCATTGCCCGCGTTCACGGGCGCATCGGCCCGCCCATCTGGCAGCCTTATGTGGATATTTTAAAAAGTTTTTCCATGCGCACGGCCGTTTCGCACGGCATCATGTTCTATTTAGGGCCCGTCTTTCGCCTGGCGGGCGGCATCGGATTGTATTTGCTGATTCCGGCGGTTTACGGATCAACCTGGCTGCAAAATTTCAGTTTTAGCGGCGATCTGCTGCTGGTCATGTACTTCATCTTCTTTGGCATGCTGGGCATGGCTCTGGGCGCGGGAGAGGGCGGCCATCCCTTTTCGGCCATGGGCATCATGCGCGGCCTTTCGCAGGTGACGGCCTCTGAGGTGCCGTTTGCCCTGGCGGTGATTGCTCTTGCCGCTCAGCATCAAACCCTTTCCATTACGGAAATCGTTGCCGCCCAGCAGGGAGGCATCGCCCACTGGAACATGGTCACCAATCCCATTGCCACCGCGGCCGGCATGCTGGCCTATCTGGGAATGATGATGCACGCTCCGTTTAACGTGCACATGGCTCCGCAGGAAATCCCCGTTGGTCCGCCTACCGAATACAACAGCAGCTTTCTGGTGTTGCTGCAATCCAACCGCTCTGTTTTTGCCGCGGCCAAATTGATCTTATTTATGAATTTGTTCTTTGGCGGTGCGACATCCATTGTGGAAATGGTGATCAAAACCTTTTTGATCTTCCAGTTTTGCGTGGTGGTGGGCGTGGTGTTCCCGCGTTTTAAGGTGGAGCAGTCGGTACGCTGGCTGCTTAAGGCGCCAACCTTAATCGGTGTGCTGGCTGTTTTAATTTACAGTTTTTAGCTAACAAAATCAGGATAGAACCATGGACGATAAAGAACTTAAGCAGATAATGGAAGAGGGCTTTAACGCGCAGGACTATTTTTGCGACGCGCGGCCCAGAGTGGTGACGCCGGTGGCCAACAAAATAGTGCGCAAATTTTACAACTGGGCGCAGGCCAATTCATTGTGGATTTTAGCCTTTGGGACGGGCTGCGGTTCCATCGAGCTGCCGCCTTTGTACACGGCGCGCTACGACGTTTCGCGCTACGGCATTTTCCCTCGCCCCACGCCGCGGCAGGCCGGCGTATTCATCATTAGCGGCTACCTTTCGGTAAAAACGCTCAAACGCGTCATCCGCAGTTACGAACAGATGCAAAACCCCAAATTTGTACTGGGCCTGGGAAGCTGCACGGTAAACGGCGGCATGTATTTTGACAGTTACAACACCATCAATCGTCTGGATTATTATCTGCCGGTCGATGTTTACATCGCTGGCTGCATGCCCCGGCCAGAAGCGCTGATCGCCGGTTTTAATGAACTAAAAAAGATGATTAAACAAGGAAAGGCCGAAGGGGCCAATCAATACGCGGAAAATTTCGACTGGTATAAAGCCAATCAGAAAAAAATAATTAAGGACTGGGATTTACCGGAATACAATTGGTAGGTGGCTATGGAAGAAATTCTTAATCGATTGGATCAAAAATTTTATGTGCAGGCGCGCGATGTGCAGCGCCGCAATCTGGCTTTTATTACGCTCAACAAAAATGTGGCGGTGCAGGCCATTACGTACCTGAGGGATGTGGAAGGCTTTCGCCATCTGGTGCTCATTTCGGCCGTGGACTACATCGAACGCAACCTGTTTCAGTTAACGTACATTTTACACAACTACCGTTTGCACAGCGACATTGCCGTTCGCGTAGAGATTGATCGTCAAAATCCGCAAATGGAGAGCATCCATCATCTGTGGGCGGCGGCTCAGGTTTACCAGCGGGAGTTGAAAGAGATGTTTGGCATCGACTTTCCCGGCAGCCCACGTGTGGATGAGTCGATGATTCTGGAAGGCTGGGACAACATCCCGCCCATGCGCAAGGAATTTGACACCAAAAAATATTCGGAAGAGACCTATTTTCCTCGCGAAGGAAGGGCGTCCTGCGATCCTGTAAAAATTATGGAAAAGAAACTTTACCGTGTAGAGGCTGAGGTTAAATATGAAATCAAAAGAATTGTCCGCGACAATCGAGATAAACAAGCAAGCGGCGAATAAAACGCCGATCAGTCCATGGGAACCATTCTGGGCTGAGCAAAAACAATTCGATTTAAAGTCCGGCAAATATTTAAAGATATGGCATGGGCCGCAGCATCCTGGTGTAACGGGCAACATGGCCCTGGAACTGACGCTGCAGGGCGACGTGGTGGTGGAGTGTAAAACGCATGTTGGCTATTTGCACCGCGGCTTCGAAAAGCTGATGGAACGCCGCAAATTCATACAGTGTTTTCCCATCGTTTGCCGCATTTGTGTGCCCGAACCGGATTACAACGAATACCTGTTCGCCGCTGCCGTGGAAGAGCTGGCCGGCATTCAGGTGCCGGAGCGCGGGCAGTGGATTCGCGCCCTGGTGCTGGAGATGATCCGTCTGGCTTCGTTAACCATGGGTCTGGGCGGTCAGGCTGGCGCCTTTGGATTGAGTCCCATCGGACAATGGGGCGTGGCCCATCGCGACTTTATTCTCGATCTGTTCGAAGAACTGACCGGCGGCCGCATTTACCACATGTACATTGTGCCGGGCGGCGTGCGTCAGGATTTTCCGGACGACGGATTTCCCGGCCGCGTTGAAGAGGTGCTGCAAAAACTGGAAAAGTTGATACTGGACATCGAAAGGGTGATGTTTAACAACGCAGTTTTTAAATCCCGCGCCCGCGGCCTGGGTAAAATTCCTGCCGATTGGATCGAACCTTTTGGCATCACGGGCACCACGGCGCGCGCCGCCGGCGTTGCCATCGACGTGCGTAAAGACAACCCTTATCTGATTTACGATCAACTGGACTTCGAAATCATTCTGGGAACGGAATCGGATGTTTACGAACGCACCCTGTTGCGTAAAGAGGAAATTTTGAATTCCATCAACTTAATCCGCCAGATTTTGAAAAAAATGCCCCGAACAGGCCCGGTGCGCGTCAAGCTGCCCAATGTGCTGCACTGGAAGGTTCCGGCCGGCGAGACTTACGTGCGCGCCGAAACGGGGCGCGGCGAGATGGGTTATTATCTGGTCAGCGACGGCAGCGAGTATCCCCGGCGCGTTCATGTGCGCGGCGCCAGTTACACACACGCCATGGCCCTGTTAGAACAGCTGGCCGTGGGGCTTAG
NZ_CP018099.1_gap21	959501	962359	2858	CGCTACAGCTGGGATTTGTATGGAAAGCTGAGCTGGAGAATTTCCAATGCCATGAAGCTTACCTTTTCTAACTGGAATCTGAAAACCACTTTCCGCACGGCCAATCTGTCCAATTATTCTTATCAATATTATGAAGCCGGGCGTAACATAAACACGCAAACTTCCGATCGCCAGGCTTTAACCTTCAATCACCAGCTTTCGAGGAAAACGTTTTATGACGTCAGGCTTTCCCGTTTCTATCAAAAGATGTTTATCGGCGTAACAGACAACGGGAATTACGACGGTCGTTATTTACGGCCCGACGAATATGAAAGACCGGGCTTTGACGAAGACTGGCAGAATAACCCTTACTGGTATGAATATTACATAAAAGGTCATGATCGTTATTACCACACCAACTATGCCGAAACGTATGAGGCGATTATCAATGTGTTAAGCCAGGTTACCAAACACCATCAGTTAAAGGCTGGTGTTGACTACCGCCGACATACGATTTTTATCGATGAAATTCAGTTACCCTGGCTATTGACGCCGTATGTGGAAAAATATAAGCGGCATCCTGAAGAATTGGCCTTTTATGTTCAGGACTTGCTGGAATACGAATACATGACCATCCACCTGGGCATGCGTGTGGACCTGCTTAACGCCCATTCCAAATACTGGAAAAACCCTTACGCGCCTGCCGATGAGCGTGAGCTGGTGGATTCTGGCTGGGAAGTCAGTTACAGCCCGCGCATTAGTTTTTCCCATGTTATTACGGAGAACGCCACCTTTACTTTTGGCTACGGCCAATTTACGCAAACGCCCACTTACCGGAATAAGTACATTAATCCCAATCGCGATTTGAAGACGTACTCACCGCTGGTTGGTAACGCCGGTTTGAGTATGGAAAAGATGACTGCTTATGAATTTGGCCTGAATGTGGGCGTCACCGACAACCTGATTGCTCAGGTTATTGGTTGGTCCAAGGAGTACTCGGGCTTAACTTCCACCGAGCGCGTACCGCAATTCCCTTATTCTTACACGATTTTTCTAAATACGGATTATGCCACCGCGCGCGGCATGGATGTGGTTATTCGTCGGCGCGGCTCGAATTCGAACTTTGTATTGCAGTACACCTTATCGCGCGCCACGGCTAATCGTAAAGATCCGTGGGAAGGCTACCGCGAAACCGATACGCCGCGAACCATGCCCAAGCGTGAGATATTGATGTCTTACGATCGGACGCACGATTTTAGCATCCTGTATTCTTACCGTCTGCACGATAAGCAGGGGCCCGGGCTGTTTGGCGTTTATCCCTTACAAAAAACCAGCTTTGATTTGATGTTTCTGGCCATGAGCGGCGCGCCATACACGCCGGTTATTGGCAATGTGGCCGGCGAAACCAATTCGGAACGCGGGCCCTGGAATCTTACGACCAACTTTAATTTCAGACGCTTTTTTAACGTGGGCGACTTCAGACTTATTTTTGGAATTCGCGTGCAAAACCTGTTTGACTGGAAAAATCCAATCGATATTTACCCGGAAACAGGCAAGGCCGATGACCCGGGGCCGAGAATCAATGAACTGATTGAAATGGGTTGGTTTTCCAGAACGTTGTGGGATCAACCCTATCGTTATGGCCGCAGACGCCAGATCGATTTTTCTTTAGAAATTGCGTTTTAACAAAGAACATTGGTGGGAAAGACTATGAAAAAGATTTTTATTGTCTTGATGATGATGGCTATTGTTTTACAGGCGAAAGAGATTCCCAAAACGTCGGGGTTAGCGAAAGGCGTTATTACCGACCCCTTGTTAAACCGAGCGCGCGCCTATCTGGACAAGGGAAAACTCAAAATGGCCGTGGAAAATTACGGCATCTTTTCGGGAACCGCCTCCCCTCAGGGCTTATGGGGCGATTTTCAGTACATTTCCAATCTATCGCTGGTGGTTGGCATTCCCGGGAAGGATAAAGACGGAAATCCCTATCCATGGGCGGTCGGTCCCAAAGAACAATTTATCGTAAAAACACAGGAATTTCAGGTGTTCGGTACGGATACCACCTACTGGGGACCGACGGTTTCCGAATCGTGGTTTGACCGTACGCCGCAATTGAACCGTACTGACTGGGAAGCGGTCGAGGATCATCGCATTCGTTTACATAATCCGCTGGCTACCGCCGGCGAATTTTACGGCAAGCTGGGGCTTTACACCAATCCGGAAGACCAGTATCCTTTGATTGCCACCAGTAATATCCCGGATACCTGGCCTGGTACAGACGAAGAACGCCACTGGCCCGGTCCCTGGGCGACGGATATTGTTGATCCCAACAAAGAGCTGGAAGGCGTTTTTGTTTCGGATCAGGATATCTATTTTGAATTTGACGATCGGCTGGCCACCAGAGATATTGATCCCACTCAGGGATATCCGATTGGCATCAGGGCTAAAGTTTCCGGCTATTCTTATGGCGCAAGTATTTCCGAAGACATAATCTTTTTTCGCATGACATTAATTAACGAATCGCCCTATCATTACGAAAACATGTACGCTGGTTTTTATTTTGATGTGGATTCCTACAACCGTCTGGCCAATGGTTCTTATGCAGGGCGCACGAACGATGACGACATGATGGGCTACAATCTGGACTACAATTTTGGCTACATCTACGACCTGGACGGCGACCATACCAATCCCTATGTGGGCGATAAAAAGCTGGCCTACACGGCGGTTAAGCTGCTGGATACGCCAACCGCCACCGAAGACATAGACCTGGATGGCGACGGACGGATCGATATTTTTGAAGGCGATAAACTCGGTTTAACCAGCTGGCACTGGTTTGACTGGTACTTTCGTCCCGGAGCGCGCGATGTGCATCCCAC
NZ_CP018099.1_gap22	989555	990463	908	ATGTATGGCATAGCCTGAGTTGGATTAATGATCCCAATCGCTTTTACATTAGCGCCGGCGGAGGAAACGGCACAATAGATCGCTTATTGAGCGGTATTAACCATGCCAACGGTCATGACTTTGAACTGCGTTTTACGAACAGCGGCGGCTGGTACCTGTGGTGGGATGAGGACAGCAACAAGGTGGCGGCTCGTGTGCCATTTGAGGCCTGGGATGTGGGGCCGGCAACGTATGACGATCCTTCAGACGACATCCGTTGTTTGACCGGCGGTTACTCCGGCGGAGCAACGCCTGGCGTTTTCGATTTTGCCTATCAGGACCCGTTTTTCGGATTTGCGGCAACCGATTGGATCGATATTCGCAAACCCTTGAACGAGCAGGGCAGTTACCAGGCTTTTGCCCAGGATATTGAAAGCGGCGCTTTTACTTACCAGTGGTGGAATAACAGCGTGGAGGTCCTGTCCAATATTATCATTTGTGATTTCGGCGGCGCAAGAACATTACCGCCATCCGGAACGGTGATCCGTTTTATTACTACTAAAGGCGCGGACCAGGAATTGACCTTTACATTTACCGCGCCCGACAAAATCGAAGATGATCTGGATTTAATGAAAAAGGATGTGGAAAAAATAAACGTCTTTCCCAACCCATATTACGCCGCCAGTCGGCTGGAGCCAGACCGCTTTACACACTTTGTTACTTTTAACCATCTGCCGCCGCATGCTGTTATTCGCATATTTACTCTTAATGGCGTGCTGGTGCGTAAACTGGAAAAGAATGAAGACAGTCAGTTTTTACGCTGGGATTTAAAAAACGAAAAAGGACGCTCTGTGGCCAGTGGTATGTATGTTATTCATGTAGATATGCCTGAGTTAGGTAAACAAAAAATATTGAAATTGCTGGTCATT
NZ_CP018099.1_gap23	1085630	1087058	1428	GGTACAATATGCCAAACGCGTGGTCGGCCGTAAAGTGTATGGCGGTGTAAATACGCATTTTCCATTAAAGGTCAACACCGCTGGCGTAATGCCAATCATCTTTGCTCAGGCCATTATGTTTGTGCCATCGACCCTGCTGACCTTTTTACCGGACAGCGATTTCTTCCTTTCGCTGCAGCAGTTGTTTTCCATGGATTCCTGGTTCTACTGGATTGTGTACGGATTGATGATTGTTTTCTTTACTTACTTTTACACGGCCATCGCTTTGAATCCGGTTGAAGTTGCCGAGAACCTGAAAAAACAGGGCGGTTTTATTCCTGGCGTTCGCCCTGGCAAAAAGACGCAGGAGTTTCTGGATAATATTTTAACCAGAATTACCTTGCCCTCGTCGATCTTTCTGGCTATCGTGGCCATTATTCCCGCCATGTTAGCCAAATGGGCAAAAATACCGTACAGTCTGGCCTCGTTTTACGGCGGCACCGGACTGCTGATTATTGTCGGCGTTGCGCTTGACTTTTTACAGCAGGTCGAGTCGCATCTTTTCATGCGCCATTACGATGGCTTTATGAAGTCTGGACGGGTACGCGGCCGACGTGGTTAATGGAGTATGATTTTTCTTAAATCTGAAGAGCAGATCGCTGCCATTCGCAAGAGCAATGAAATTGTCGCAGAAGCATTAGCGTTCATTGAAAAATTTATCGAACCCGGGGTAGAAACCCGCATGCTCGATCGCGAGATCGAAAATTTCATCCTTAAAAAAAAAGCCAGACCGGCTTTTAAAGGATTGTATGGCTTTCCGGCTGCCAGTTGCATCTCTGTTAATGATGTGGTGGTGCATGGCATCCCAGGAAAGTATAAATTAAGGGATGGTGATATTGTGGGGATCGATATCGGAGTTGAATTAAACGGCTATTATGGAGACGCCGCCTACACTTTTATGGTGGGGAATGTAAAAGATGAAGTACGCCGTCTGTGCAGAATAACTCAGGAAAGCCTTTACAAAGGAATTGAGCAGGCACGGGTCGGCAACAGAGTAGGCGATATCTCTGCGGCAATTCAGGAATATGTTGAAAAACATGGATACTCAGTGGTGCGGGAGTTTGTGGGGCACGGTGTTGGCATCAAACCTCACGAGGACCCGCAGGTGCCCAATTACGGAAGAAGAGGAAGCGGCATGAAGCTAAAACACGGCATGGTGCTGGCCATTGAACCGATGATTAACATGGGCACGCACAACGTTTATGTGGAAAAAGATCAATGGACGGTGCGTACAGCAGACGGGAAACCCTCTGCGCATTATGAACATTCGGTTGCCATCTTAAAAGATGGCCCGGTCATTTTATCAAAAATAAAACAGGAGTAAGGTTTTGGGTAAAAAACAAGAAGCCATTCGCGTTGACGGTGTAATAAAAGAAACACTACCCAATG
NZ_CP018099.1_gap24	1089301	1091015	1714	AAGATATGCCTCTGGGCGTAATCCCCATCGATTCCATCTTTTCACCGATTCTGAACGTTAAATACACCGTTGAAAATACGCGTGTCGGTCAACGGACAGACTTTGAAAAGCTGATCATGGATATCAAAACCGATGGAAGCATTACGCCGGACGAAGCATTAACCCAGGCGGCCAAAATCATCAAAGAACACCTGCAAATCTTTATCAATTTCGATATTGAGTCACAGGAAGAAGAGAAACAGGAAATTGATGAAGAGACCCTGCGCGTTCGTAAGCTGCTTAAGATGAGCGTGGATGAGCTGGAACTTTCTGTTCGCTCGCACAATTGTTTAAAAGCGGCCAACATTAAAACCATTGCCGATCTGGTGCGTCGTGACGAACAAGAAATGTTGAAATTTAAAAACTTCGGGCGTAAATCTTTGACCGAATTGTCTAAAATCCTGAAGGAACGCGGTTTAGAGTTTGGAATGGATGTAGATAAATATCTAAAACCTGAAGAGAGTAAAAAATAGCTTAGAATAGGGATTTGAGATGCGACACAGAAAAAAAGGAAATCATTTAGGGCGGACGGCCAGCCACAAAAAAGCGCTGATGCGCAATCTGGCGGCCGAAGTTTTCGAACATAAAGAAATTCGTACTACGCTGGCTAAAGCTAAAGAGCTGCGCAGCTATGTAGAACGATTGATTACCTACGGCAAAAAAGGAACGCTCCACCACCGACGTCTGGCGTTTCAATTTTTACAGAATAAAAATGCCGTAAAAACCCTGTTCGATGAAATTGCGCCTCTGTACGAAGACAGAGCCGGCGGCTACACGCGAATCATCAAGCTGGGAAATCGCCGCGGAGACAATGCGCAAATTTCAATCTTTCAACTGGTTGGCTTCGAAAAGGTAAAAAGCAAAAAAGACGAAAAGAAAAAAGAGGCGAAAAAAGCCAAACCTGAAGTTAAAGAGGAAGACGTTAAAGCCGCAGTTGAAGAGAAAAAACAACCGGCGGAAGGGGAAGCAAAAGAAACGGCTGAACCCACTGAACAAACAAAAGCGGACACTCCAGAAGAAGTAAAATCTGAGGAGACGCCTCAGGAAGCTGCGGAAGAAAAAAAGGCTCCTGAAGACGAGAAAAAAGAATAATAATTTCCTCCCTCCCTAAAAAAAGCCATCTGCCATGTGTGGGTGGCTTTTTTTGTTTGCCGACTTTCTTGCATTGAGTTGAACACTTCTCTATATTTATCTTTATTAAAAATATAAAGTTATTTCTATGTTGAAGATAATTGTTTTAATTCTGGGAATTCTGGTCGGGCAGGCGCTCGCTCAACATCGTGGTATCTGGATTGTTAGAAATTCTTTGAATACAAAAGAAGATTTAAAACAATTAGAAAGAATTCATCAAAAACTACAATTAACGGATGTTTATGTGCAGGTAAGGGCATTAGGGGAAAATGTGTACTCCGCTCCAATGGCCTCTCGACTTACCCTAAATGAGATCGTTGAGTTTTGTCACCGAAACGGCATTAAAGCGCATGCCTGGATAAATGTTTTTTATATCTGGTCAAAAAATAAGGCGCCGCGCAACCCGAACCATCCCTTTTTGCAGGATGTCGATCATTTATTAAGCGATTGGTCCAGTGAAGAACCCGTACTAAAAAATTTGAAGAAGAAAGGCGTTGAAGGATATTTTGTTGACCCGCGCGCTTTTACCAACAAAGCTCAAATA
NZ_CP018099.1_gap25	1092378	1095634	3256	GTTATTTAAAATTAGCCGAAGAGATAATAGAGAAAAACAATAAAAATTAGAAAGGATGGAATCGTGGAAAAATTTTACATACGCTCACAGGACATCGAGCAAAAAATCCATTCTGTTAAATTACCCTATCTGGCCTGGAAGGTGTTGTTCTTATTGGGCGAGAAACAATCGGTTGCTGCGTTGGCCGAGATTTTGGGCGACGACGAACAAACGATCGAAGGCGCGCTTAAAACGCTGATTGATGAAGAACTGGCGGTGGAAATAGAGGCCGAAGCTCCTTCCGAAAAAGCGGAAGAAAAGGCAGAAATCTTAGAAGAAACGCCGGAACCAGCCGTTCCGGAAATTGAGGAAGAAGAAGAGGAGGCGGAAGCGGCGCCAGAGCAGGAAGAAGTCGTCTCAGAAGAAGCGCCAGTTGAAATACCTGAAGCGAAAGAGAAAGAAGAATCGGATCTTTCGGAAATAGAGGAAGAAGAAAGTTTTACGGGCATTGAAGATTTTGACATCCCAGGCGTGGAAGAAGAGCTGGTAGAAGAAAGCGAATCGGATATTTCCGAAGTAGAATCAGACATTGAGCTGCCTCAGCTTGAAGAGGAAACAGAAAAGCTGGATTTTGATTTCGAAAACATGGAAGAACCTGCGGTTGCAGAAGCGGAAAAAGCGGAAGAAAAAGAAGAAGAAAAGGAAACAAAACCGGCGGGGGCGCCAACCCTATTGGTTATTGACGATAGCATCGTGATTCGAAAAATGGTAGAGCTGGCGCTGGAAGGCGAAGATTTAATACTCGAAACCGCAACCAGCGGTAAGGAGGGGTTAAAAGCCCTGGATGAGGTCAAACCGGATGTGGTGGTTCTCGATTTAATGTTGCCGGATATCAATGGCATTGATCTTTTGAAAACCATCAAAGCATCGTTGAACATTCCGGTGATTATGCTCTCCGGAAAAGATTCGCCGCAAATGATAGAAAAAGCCAAAGCCGAAGGGGCGGATGCCTTTTTGCCCAAACCGTTCAGAGACGAGGAGCTGGTCAAAACAATTCATGAACTTTTACAAAAATAAAGTGAACGATTATGGAAACAGAAGCACGCGTTTCATTAATAAAAATATCCGATCAGTACTTTGCTATTGAAATAAAATATATTCGCGAGGTGCTCCCTCTGCCACAGGTGACCAAAGTGCCCAATGTGGAAAAACAATTTTTGGGGGTGTTTAATTTGAGGGGCAAAATTGTGCCATTGATTGACATAAGCCCCATTTTAAAATTGCAGAATATGACGTTAGAACCAGACCATTTTGTCATCTATTGTCTGGTAAACGGTAAATATGCGGGCATTCTGGCCGAAAAGGTTCTGGAAATGCGCGATCTGGAAACGGAACAACTACACGTACCGGGCGCCGAGGTCAACCCGGACCTTTTACCCTACATCTCAGCCATTTATGAGGAAACGCAATACGGAACCATTTATGTTCTGGACATGGTTTCCATTTTTGAATCGGCAGAATTAAACAGGTACCGCTTTGAATAACCTGGCGCGGCTCTTTTTCGCCCAATTTTAAAATGATGAGGGCTTTATGAAAAGCGACATAAAATATCTATTTATACGCATTAGCATCGTTCTTTTTTCCATCTGTTTGCTCGCATTTTTTGCGGCCATGGTGCTGCAAAAAAATGCAGAACTGGATCGTGTCATCGTCGGACAGTCGAAGCAGCTTTCCTTAATCGGAAATGCCTTTACAACCTACCTTGCGCCCGACTCGGTAATTGCAGCCGGTGCTGAAAAAGTTGAGGGTTATATTAAAGATTTTAGATTGAAACTCAAGCTGGCCAGTTACTACCAGTTTAAAGTTCTGCAGATCGAAGGAACGCACACGCGCATCATTTATGATGAAGAAAATCCCGCAAACAACGGCAAAGATTTTGACTTCTGGAAGGAGATGCAGGATGCGCGGCAAACGAATCGGCAAACCTTTCATCTGGTTAAAGATGGCGGCCGACTGGTTTACTCATTAGTACAGCCATTGCAAATTGAAAACGAGTTGACCGATCGCCTGGTTTTGATTCAATGCGATCTGAAGCCGTTTTTGAAAAATGATTTACGCGCCGTTTTGCCGCATGGCCTGGGCTTGATCGGCATCTGGTTTATTCTGGAGCTTTTGCTCTTTTTACTGCTTAAGCCGGTCGATTCGGCCCTAAGTTATTTCAGAGAATCCTTTAAGCGTTTGCAAGAAGGCAAATCCGTTTTAAAGCCGGAAACGGGCTACAAGTATTTTCATACGGAATATGACCTGTTAAAAGAGGCTTCGCGTAAATTTATTAAAATTGAAGAGGTACAGTTAGATCGTTCGGAAGAACAAAAACAAATTAAAGAGTTTTTGAACATTGTAACGGCGGCAGCAGAGGGCGATTTTACCGTGCAGGCCAGCGTAACGGCAGACGCTCTGGGCGCGCTATCCGATTCATTTAACCTGATGATCAGCGATTTGAGTAAACTAATTAAAGATGTGAAAAATGCCGCTTTTCAGGTTGCCGGTTCCACGGCGGACATTTTAGCCAATATTGAGGAGATGGCTCAGGGGGCCGAAGACCAGGCCAGGCAAACAGAAAATATCAGCCGCCTGGCCCATGAGATGAACGAAATTTTTGTTAATACGCGCGAAAGCGCCCAAAAATCGGCAAAAGCGGCGCAGGAGGCTCGCCTTGTGGCCCAGAAGGGAGAGGCGGTTGTGCAAAAAGCCATCGAGGGCATGCACAACATTCGACGTTCCGTGCGCGAAGCCATGAAACAGGTGCGCTTTCTGGATGAAAATTCCGCGCGCATCGGCGAGATTTCGGATTTTATCGCCGAGATCTCCAGCAGAACCAATTTATTGGCCCTGAATGCCTCCATCGAAGCCGCCCGCGCCGGGGAATCCGGACGTGGATTTAGCATTGTGGCCGAAGAAATCCGCAACCTGGCCGAGAGCACCAATACTTCGGCCGAAGAGATTTCTAAATTGATCGAAGCCATTCAGAAAAGTATTTCATTAACACTGGAAAATATTGAAAACGGCAATTCCGAAGTGGCGGTGGGCGTTCAACTGGTCGATCAGACGGGCGACGCCCTGCGCGAAATTTTAGAAAAAGTGGAAATCTCTTCAAACGCCGCTTCCGATATCTCACAGGCAACCGAAGAACAAACCAGATACAGCCAACAAATTGCCAGAGCGCTCGAAGAAATAGCAGGGATAGCTAAAGCAACCGCAGACCGGGCTCAGCAGT
NZ_CP018099.1_gap26	1099697	1104617	4920	GAAGTGGTTGACGACGGCCGGGGTATTGACCTGGAAAAAGTGAGAAAAAAAATAGTCAGTTTAAAGTTAGCCACAGCAGAAGAAGCAGCCAGCATGCCGGAAAGCCGCCTGTTGGAATACATCTTCTGGCCGGAATTTTCCACCAAAGGAAAGGCGACGCAAACATCCGGTCGGGGCATTGGCCTGGATGTGGTGGCCATGGAACTCCAGAAGCTAAAAGGAATTATTCGCGTCAAAACCACGCCCGGCCAGGGCACGGTCTTTTCTTTGCGCGTACCGTTAACTTTAATCGTTTCGCATGCCATGCTCATTAAATTCCACGATATTTCGCTGGCCATTCCGTTGCTGGCCGTGATGGAGTCGATTAAAATCAGCGAAAAAGATATCTTACTCGACGATCGCAGAAAGTACATTCAGGTGCGCGGCAAATTACTGCCCTATATTGATCTGGATGACATCCTGAAGTTTCCGGACGAAAGACAGGTTAAGCCATCCGTCAAAAACGTGGCGTTGGTTTTGCACGATTCCGGGGTGAGCGTGGCCGTGGGCGTAGAAGAAATTTTAGGGCGTCAGGATATTATCATCAAAAATCTGGGCAATTTACTGCAAAATGTAGAGCTGATTTCGGGCGGTACGATTTTGCCGGATGGCGAGGTGGCTTTAATACTGGATTACGCTGCCATCATTCATCGCGTTGAAGCCGAATACTTTGGCGCCATGCGCGAGCAGGTGCTAATCCGCAAGGTGTTGCCCAAAACCAGAAAAAAAGTGGTAAAGGCCGAAGAGCCTCGACCTTCCGTTAGCGAGATCACGGTGAAAACGGTGGTTGGACGTAAACCCAGAATCATGGTTGTGGATGATTCGGCCAGTGTGCGCTCGTTTGTCAGCGGTTTTCTGAAAAAACACGGCTTTGAGACCGTTGAAGCCACCGATGGAGAAGACGCTTTGCAAAAGGCCCGAGAAACCGAGGTTGATCTGGTAATCACCGATTTACAAATGCCCAAAATGGACGGTTTTGAATTGAGCGAACAATTACGGGCCATTGAAAAATACAAAGATTTACCGATCATCATTTTAACCGCTCAGGTCGGGAAAAAACAGGAACAAAAAAGCGAGGCTGTGGGCGCAAACGCCTTTGTTTCCAAACCGTTTAAAGAAGACGATTTAATCCGTATGGTAAAAACATTTGTAAAGGTAGAATGAAAAGAACACCATTTAATAAGCGTTTTAATCAAATCGCGGCCCTTGTGCTTTTAACAGCATGGGGCGTGTGCGCGCAGACCACCGTTATCAGGCAGGCGAGTATCAGCGGACAGACGCGCTGGTCGGGCGTTGTGCTGGTTCAGGGAGATGTGACCATTGAACGGGGGGCGCGTTTAATCATTGAACCGGGTACGATCATCAAATTTGCCACGAGCGACGCGCATCGCTCGGGCGCCGACCGCACGCGATGCGAACTGATCGTAAAGGGCGCTTTGATAGCCAGAGGAGAAATCGATCGAAAGATCATTTTTACATCGGCGGCAGAGCATCCCAAAATGCACGACTGGTCGGGCATCCGCATCATAAACATGAAGCAACCGGCGCAGTTTGAGTATGTGATCGTGGAATACGCCTACAACGGTTTTGACATCAAAAAAAGCGATCCGTTAATTCGCAATTCACAGATCAGGTACAACTACAATGCCGGCTTACGCATCGCGGTGCGTTCCGAAGCCAAACTAATCGGCAATATCATCCAGGACAACGGCTACGCGGGCGTTATTTGCGAAACAGGAGCAAGGCCCGTTTTGACCGACAATATGATCACCAAAAATCAGATCGGCGTTATCATTTTCGGTACGGCCAAACCGAACCTGGGAGATTTAAGTAAAAAGGACGGCCAGCAGGGACGCAACGGTTTGTTCGAAAATTACGAGTACGATGTGTACAATCATGGCAGCAATGATATTCTGGCCGAAGGCAATTCCTGGGGCACTGAGGATAAACAAACCATTTTAGAACGCATCTTCGACGGCCAGGATTCGCCGCAATACGGTATAGTCGATTTTAATCCGATTGTGGGTAATATCGATCTGGATCGCAAAATTTTAATTGCCCAGCAACCTGAGAACTATCTGGCCTTGCAACCTCCGGCGCAGGATTCCATGGCTGAGGCGCCGGCCAGCGCAGAAGCGACGACTTCCCTTCCGCAAATTCCGCTGGAGCAGGATACCATTCCCATGGCCAGGCCGGTGGAATTGGCTGTGGCGGAAAGCGTGGCCCAAACGCCGCCGGAAACCATCGACACGGCAGAGCAGACCGCGAGCAGCGCAGAAGAACCTGCTGAAACGCAACATCAAATCGATTTTGACCAGATCTTTTTAGATGTTTTTCTGGATAAAAAACTGACCATGAAAAAGAAAGTAGCGCCGGTGGTGGACAATCCCGAGCGGGGGATGAACGATCATGGTAATGTGATTATTCGCGTGATTGTGGGCAAGGACGGCCGGGTAGAACAGGCCGAAGTGCTGAGGAGTTTGAATTATTATTACGACGCCCTGGCTTTAAAAGCCGCCAGACAATTTGTTTTTGAACCGGGAACGGTAAAAGGCGTAAAAGTTCGTTTTTCGACAACGTTGGTGTTTAAATTCTAAAACGGAGTAAGGTAAATTGAACAGGAAACGGAAACTGTATGTGGCCATTGCAGGAAATATTGGCGCCGGAAAAACAACCTTAACGCGCATGCTGAGCCAAAAATTGGGCTGGAAAGCCTATTATGAAAAGGTGATTGATAATCCGTATCTTGAAGATTTTTACAAAGATATGAAGCGCTGGAGTTTTCATCTGCAAATCTTTTTTCTGTCCCATCGCTTTAAAACCCAGCAGGAAATTACCGAATGGCCGGGCTCCTGCATCCAGGACCGCAGCATTTACGAGGATGCGGAGATTTTTGCCGCCACCCTGCACAAACAGGGCTTCATGTCCGATCGCGATTTTGATAATTACAAAGCGCTGTTCGAAATCATGACCAGCTATTTGCGCAAACCGGACCTGATTATTTACTTGCAGGCTTCGACGGAGCGGCTGTTCCAGCACATCAAAAAGCGGGGGCGCGCTTACGAGCAGCAGATCGTTCGCGATTACCTGGAGCAGCTTAATCAGGCGTATGAAGAATGGATTGAGCGCGCCCGCACAGAAGGCATGAATGTTTTTACTTTTAATATGGAGCACCGCGATTTTGAGCACAATGAACGTGATTTTAATATTTTGTACAAATCCATTCGCGATCTGGAAAATCAAACGTGGATAGAAGGTGTTTATTAATTACCTACTATTTTCCGCCTACCGGCGGCGGCGGGGTACAACGCCTTACCAAGCTGATTAAATACGCCAGTCGCGAAGGCTGGCAATTTACCGTGGTGGCGGCGGATGAAGCGTCGAATCTCATCGTTCGCGATGAATCGCTGTTAAAAGAAATACCCTCTTCTACGCGCGTTGTTCGTGTGCCGTTTAATGCCCTGCAAGCCCAAAAAGTGGGCGCCCGCTCCACCTATTTTAAACGCTGGCTGAGCGCTTTTTTATTTTTACCCGATAGCCGCAAAAAGTGGGCGCAAAGAGCCTGGCAAACCATTCAACGGTTATTACAAAAAGAGACGTTTGATCTGGTCCTGGTTTCCATCCCGCCTTATTCGCTATCGTTTTTAATCCCAAAGATTGAAAACGCTTTTCATATTCCCACCGTACTCGATTTACGCGATCCGTGGACGTTAAATCCTTACAAAATTCATCCCACGCCGCTTCATCGCTGGCTGGACTGGAAGATGGAGAAGAAGATCGTCGGCAGGGTAAAAGCAGGGATTTCTGCTTACGCCCGGGTGGCGCAATATTATGCCGCAAACATTGCCGGCTTTAATCAAGACAACTGGGCGATCATTCCGAACGGCTACGACGAAGCGGATTTTAACGGTATTAAAACGGGTACCGTTGTAAAAGACGGTTGGTTCCGCATAGGTTTTTCAGGCACTATTTACTCGCATTTGAATCATCCCACGCCTTTATTCAGGGCGCTGGCGGCGCTTAAAGCGCGCAAGCCAGAATCAGCAGAAAAGATACGCTTTGTGCATGTGGGCAAATCGCACATCGATTTAAAAAAACTGGCTTCCAGATTTGGTCTGGAGACGCAGGTAGAAACGACCGGTTATTTGCCGCATCGCCAGGCTCTGGAAAAATTGAACCAGATGGACAGCCTGTGTTTTATACTGGATGACAGCGATGCGCGCAGCAGGTTTACCATTGGCGGCAAAGTTTACGAATATCTGCGTTTGAAAAAGCCGATATTGGCGCTTGTGCCGGAAGAAGGCGAAGCAGCCGATTTAATTAACAAAACAAACTCGGGCGTAGTAATCGGCCCGAAGAAAAAAGAGCAGATAGCCGCCGTACTGTTCAACTGGCTGAATGGTCGGCAGTTTGAATTTGCCTTTCAGAACATCGAACCGTTTCGCCGTGATTACCAGGCAAGGCAGTTTGTGCAGCTGTTTGAAAGAGCGGTTAAAAACACAACGGCGGTTAAATAATTACCATTGGCGCTTAGCGAAAAAAGTAAGATTAATGCTAAGCGCTGGTATCCGCCCTGTGCAGGACGTCTTTCCTGGTTGGTTTTCCTGCTGCATCATCCTTTTTATTTTATTAAAAATTTAAGGACACGGTTTTAAAAAATAACGACTTCGTTTTATTCCTTGACTTTTATACGATTTATTCTTATATATTTTACATTAAAAAGCGTAGTAAAAATTTTAGCCTTGTTCGGAAGTTTATTTTTTCTTAGTAAAGCAGCGTGCCTGTTTGTAAAAGAATAAATACGAGGACGTTTTCCCAATTCGAAGTGTAAAAAATAAAAGAGGTTTGCACAACCAAACATTCAACCACATGCCTTCAGCT
NZ_CP018099.1_gap27	1165422	1167737	2315	GGATTCGCCTTTTCCGCTTAAGTTCGTTGAGGAGGCGAATGTAACGATTACTTTAATTGAAATGCACAGTGTTGACAGCGTCAATGGCGGCGAATGGATTACAGTGTGGGAAGGAAGTCAAACCATCAACTTGCTGGAACTGCGCGACGGAAAAACCGAAGACCTGCCGGAAGCGGAAGTGCCTGCCGGCACATACAACATGATTCTCATGCGCATCGATTCGGTGAGCATTAAATATGTTAACGGCACAGAGGTTTCTCTTGACCTGCCAGATGACGCACGCGCCGGTATCCGGGTTATGCTGGTGCCTCCTGTGGAAGTGGAAAACGGCGCATTGTCTGAAATATTGCTCGATTTTGATGTGAGTAAATCGTTCCGCATGAGCGGAAAATGGCATCGGAACTTTCCGGGCTTTATGTTCCGTCCGGTTGTTCGCGCGGTGTGGATGAACAAAGCCGGCGCTATTGCAGGCGCGGTGAGCGATACCAGTGGCGCAGCCCTGAGCGATGTGCAAATCCAGGTCGTCCGGGATTCAGTGGTCACGCATACTTTTACCAACCGAATGGGCTTTTACAAAATTTTAGGTTTGCCGGAAGGTACCTACACGCTCAAGGCTGAAAAAGAAGGTTATCAGAGCGAAGAGGTTAACGGCATTCAGGTGACCAGAGGACAGGTGGTTAACCAGAATTTTACGCTGCTTCCTCAATAAAGAACATGGGCTATCTCACAACCTGATTAAGAGGTCGTTTCGCCAGCAAAGCGAAGCGACCTCTTTTTTTTTAATGCTTTCTCCGCAAGATCTGACATTTTAGCGGGCGAAGCGTTTTGTGAATATGTTACATGTAACGCATGACGAGTAATGAGTTACATGTTTAAGCGGAGGTGCTTAATCATCACACATTACTTACTACGGAATTTTGAACCATGATTAAAAGGATTGCAGGATTGCCTTGACATTTTACGCCTGAGGAAGTTTGCACTCAATATTATTTTAAGAGAAATTTTTAGAGAAGAAAAAAAGAATTATGGTAATTTGTAAATCAAGAAAATCACGGATCAAACCTCTGGGGCAGCCAAGCCGCAACCAAAAACATTTCCGCGGGGATTTAAGCAACCACAGAGAGCGCAGAGAGTTCTCAATGGGCACAAAGAATGTTTTAAATTAAAAATAGTTTCAATGGCCCTCGCCCTTACGCCTCCGGCTCTGCTTCTTTACCCCTATCTTTTAAAATTTTTACCGCTCTTCACTCCGTAATCAACGGTGTTAAAAAATGGCGTTTGTTTCAGCTTTGTAAGCCGCAGATCGATTTAAACGGCACGCTGTCAATTAAAACGTTTAAATAGACCAGAGGAAGTATATTCGCGGTTTGCGGCGCTGTGGATTAAAAGGTGTTGTTTAAATCACAAAAAATAGCGAAAAAACTTGACAACAAAAAATGGGTTGTATATATTAAAAAAAGGTAAAACGTTTTAACAGGGCTGTTATGAAAATTACCATTCATGATGTGGCGCGTCGTGCCGGCGTTTCCACTGCTACCGTCTCTCTTGTTTTACACAACAAGCGAAAGATCTCTGAGGAAACACGCAAACGGGTTTTAAAAGCCATTCAAGAATTGAATTACCATCCCTCGCAGGTTGCCCGGGGACTGGTACTCAAACAAACGGGAAATATTGGCTTTGTTTTGACGGAAGATCATTTTCTGCGCACCGAACCTTTTTACACCAGAATTTTTCTCGGTACCGAATTTGAAGCTCGTGATTCCAACTACTTTGTTCTGCTTGCCACCATTCCCAATGATTTTTTTGACGACACGCCTTTGCCGCGTTTTGTTATGCAGCAAAATGTGGACGGCATTATCATCGCTGGTAAAGTCCCTTTAAAGTTTTTAGACAAGCTTCGCAGTTACAATTTTCCGCTGGTCTTTGTAGATTATTATCCTCCACGCGGAACTTACAGCGCGGTGCTCATTGATAATATTCGCGGCGGAATGATCGCCACCGATCATCTGATTGAATTAGGACATCAGAAGATTGCGTTTATTGGCGGCGATTTGCAACATCCCAGTATTTCCGAACGATATCTTGGTTACAAATTAGCGCTTGAAAAACACGGTCTGACTTATGATGCCGATCTTGTCGTTACTGGCGAACAATCTACCAGTAAAGAAAACGGCTACCGCGCCGTCTGCGCTTTATTGGATAAAAAGACAGAGTTTACCGCCCTGTTTGCCTGCAACGATGCCATGGCCATGGGAGCGATGGAGTGCCTGAAAAAGAGAGGAATTAAAATCCCCGAACAGGTAAGCATTGTGGGC
NZ_CP018099.1_gap28	1171783	1176201	4418	AAATGTACCAGTTTTCCGAAGAATTGGCGCGAAAATTAATCGATGAGGCGCAGGCCGTATCGATGAATCCCATGGAACGGTACAGCGGCAACCTAAAACTTACCTACCAGCTGACCAATGTGGACAAGATCAATGTAGAAACCATGTACCAGCGTCGCGCCTGGCGCCAGTACGACCACCGCTTTCGTCTCAATCCGGATGGCGATTATCGCTACAAGCAGTGGACCATAAACGCCTCGCTGACCTGGAAGCACGTGTTCAGCAATCGTACTTTTATGGATGTGTATTTTTCCTATTTTTACACCAATTTTAAACAACATGTGTATGAAGATCCTTACGATCCGCGTTATGTGGTAAAAGAGCGACTGCAGGATACCGGCGCCAATGCCTTTGTTAGCGGCGGTCAGCAAATGTGGCATTTTGATCGTTCGACTCTGACCCATTTGTTTAAATCGGATTTAACCAGCCAGATCAATTACCATCACCAGATTAAGATGGGCGTGGAAGCCAAACGGCACCGTTTATGGCTTCACGAGTTCGAAATTTTGCCCGATCAGGAAAATCGAATCGCGCCGTTAACCAGTTTTCAGAATAATAAATACGTGCACTATCCAGTTGAGTTTTCCGGCTACATTCAGGACAAAATGGAATACGAGGATTTGATCGTTAACGCCGGCGTGCGTTTTGATTACTTTGATCCGGACGGGGAAGTACCGACCGATTTTCTGGAACCAGGGAAAGCGCCCAGGAAAAAAGCCAACAGCAGTATGCAATTCAGCCCGCGCCTGGGATTGGCCTATCCAATTTCGGCAAACGGCGCCATTCATGTTTCGTACGGCCATTTTTTCCAGACGCCCAATTATTTTTATCTGTACACCAATCCTGAGTTTGATATTGATCCGCTGCAGTCGTCGGTAGCGCCGCCGCCGCAATCTTTAAAAAACACCATCGGCAATGCCAATTTAAAGCCGCAAAAGACAACCATTTATGAAATCGGACTCCAGCAGCAAATCGGACAGTTGTACGGAATATCCATGACGGTCTATTTTAAAGATATCCGCAATCTTTTGGGCACGCAGGTCTTTCAAACCCTGGAAGGTATTCGTTATGGGCGTTACATTAACCGCGATTACGGATTTGTGCGCGGCTTTACGCTGGATATGGAAAAACGCTATTCTTCCGGTTTTGCGCTAAACATCGATTACACCTTTCAGGTAGCCAAAGGAAACGCCTCGGATCCCAATAATGCCTTTTTAGACGCCCAGGCTAATAAAGAAACCGTTAAACAACTGGTGCCGCTCAACTGGGATCGCAGACACCAGATCAATGCCGCCCTGCAGCTGGGAACGCCTTCTACCCTGATGGCCAGTGTGATTGCCCGTTACGGAACGGGAATGCCTTACACCCAGGCTTCGCGAGTCGTGCAGCCGCTGGTCGAAAACGGCGGACGCAAGCCCGACGAATTTAATGTGGACGTTTATTTGAACAAGCAGTTTAGCTTTGGAAAGTACAAATATTCCGTGTTTGTAAAGGTGTACAATCTACTGGATCGGCTGAATGAATTGCAGGTTTTTCAGGATACGGGGCGGGCTACATATTCCACCGAGCCGCTTTATGCGGGCGGTATCCGGCCGCGTGGATTAAATACATTGGAAGATTATTACATTCACCCGGAATTTTATTCGGCGCCACGGCGCGTTCAGCTGGGCGTGCAGGTTGGCTTTTGAGAATGAGTAAAAAAGTTAGGTGATTAGAGTGTAAGAGTCTAAAAGCCAGCAGGAACACGGATTGCAAAAAAGGCAACGTTCTGCCGCTTTACTCTGAACTCTTATACTCTTAACAAAAAACAGTCATCGATGCTTCAATTAAAGTAAAAAAGGGGCAGATGCCGCTATGTTTAAAACAAAATTGATCGTGATTTTAACATTAATTTTAAGCACGGCTTTAATGGCGCAGCGCAAACCGGACCCGAACGTGGGCGATACAAAACTGCGCCGCATGGGTATTATGGATGGCAACCTGGTGCGGACCGTTTACATCAACTGGGGCGAAATTGCCCACTGGCCCGATTCGCCTTCCGGCGAATGGCCAAAGGGAACCGGACATCAATACGTGGACGGTGTGGCGCTGGTTGTGCAGGCCCGAACCATCGATGAAGACGGCAACGTCATTTATCCCATGGAAACACAGTACCGGGAGTTTGTGGACCGCGGGCCTGAAAATCAATTGTGGGGCTGGGCGCCTCTGCCTGGTTATTTCAACCCCAAAAGTACCACGCCGGCAATTAGCAATAATCCGCAATCATGGCCCAATTTCTGGCCGGACAAAGCCGACGAGGATGGCTGGGTCAATCCCAATGAAATTCCCAACGACATCGACGACGACGGCAACGGGCTGGTGGATGACCTGGTCTATTGGAATGGCTTTTTTGGAAAAGGGGTGTTCAACGCCGATCTGGAAACCTATTTTGTGTTTGACGACGATCCGGACGAGGAGTGGAATTTTTATCCCGATCCTGGCGATAAAACGCGGCGGGGACTGGGGCTGGAAGTGGCCGCGCGCTATTTTCAGTGGTCGCAGGTGCTGGCCGAAGACGTGATTTTTGCCGTCTATTTTATTACCAACGAAGGAAAGACCACCTACGACAGCGTCTATTATTGTTTTTACATCGACTGGGGAATTGGCGGAACCGACGATTCATCGGACGATACGGGCGATTACAACACTCTGCTCGATATCGCCTGGGCCTGGGACGGCGACGGCTTTGGAACGCCCAATAACTGGTATCCGGTTGGCGTTGCCGGATTTGCTTTTCTGGAAAGTCCAGGCATTTACGACGACGGCAAGGACAATGACGAAGACGGCCTGATCGACGAAGACCGCCTGACCAAAGGCCCGGGTGAGTGGCTGGATACCTATCCTTATGGCGTGGATGATCCCGCTCAGTTTGAAAGGTATTTTAAAAGAGCTCCCAGGCCGCACTGGTCTAACGATGAGGACGCCGACTGGGATGGCTATTCGGATGTCAACGGCAACGGCGTGTGGGATCCAAAAGAACCGTTAAATGACGATGTGGGCAAAGATGGGCTTGGCCCTAATGATTTTGGTTATCCCGGCCCGGATGAGGGCGAAGGCGACGGCATGCCCACGCCAGGCGAGCCAGATTTTGACTACCTGGACAAAGATGAGGCGGATCAGATCGGTTTAACCGGTTTCCGCATCTTTCCGGTTCACACCTATGAATTGTGGAATGAAAAACAAAACTGGGAGGTGTTTAAGTCGGCGCCTCCGCCCCACAGCCAGGAAGTTACCGCCAATCTTGGAATGTTTTTCTCTTCTGGCCCGTTTCCGTTAAAAGCGGGCGACACGCAAAATTATTCCATGGCGTTGCTCTTTGGCGAGAACGCGCAGGATCTGGTGCTGACCAAAAATACCATTCAACAAATTTACAATGCCGATTATCGTTTTGCCAAACCGCCGGATAAACCGAAAATTTTGGCGGCCATTCCTGGCGACCACAAGGTAACTTTAATCTGGGATACGCGCGCCGAACAGTCATGGGATCCGTTCTTACAGGAGTATGATTTTGAAGGCTATCGCATCTATCGAAGCACAGAACCGCAATTTCTGGAATCGCGTTTGATCACCGATGCTTATGGCCGCCCCACGTTCGGTAAACCGATCGCCCAGTTTGATTTGAAAAACGGCATACAAGGTTTGCATCCCATCGAAGTGCAGGGGGCAAATTTTGATTTGGGTAATGATACAGGATTGCGGCATTACTATATTGACACCGACGTTAAAAACGGCCAGACGTACTACTACGCCATCGTCAGCTATGACCGCGGCCTGATTGATACCAGCGCTACCGGCGAAATTTCAGGTATTCCGCCTTCGGAATGCACCAGTAAAATCGATGTGGATGTGGCCGGCAACGTTACACTGGATATTAACACCGCAGTGATTACGCCCGGCGTACCACCTGCCGGAATCATCGAAGCTTCCATCGACGGCGAAATTCAGCGCGAAACCATTGGCACCGGCCCCTTTGAAATCGAATTTGTCATTCCCGATTCCGTAAAAGACGGCCACGAGTATGCCGTGGAATTTGGAGATACCACCTACCTGCACGATCACGGCAGTCCGTTTTATGTGGTTTACGATATTACCGATGGCCAGCGCATTCAGCTAACGGATACCATCTGGATTGACGAAACATCGCGATCGCCTTTGATCGACGGCATGATTCTTAATATTGCCAACGATCAGGTAGAAATTGATCAGGAACGTTCGGGATGGATTGTTGGTAATACCACCTATCGCTGGCGTGTGAATCTGGATAGACGATTCTCTGGCAATAATTTGAATATGAATTACCCGGCAGATTTTGAAATTCTCTTTTCGGACGCCATCATCGA
NZ_CP018099.1_gap29	1204889	1205836	947	CAGTATGAGTTTACAAAATGGTACTTAAGAGTTTGGGAAATGATAATAATGAGTTTACAAACTCTTTATAATCAGTTTGTAAATTGATACTGATGAGTTTGATGTGTGAAAATGACTAATAAAACTTCAAAAAAAGATTAAAAATGAAAATGTTTCATGTTTGCTTCTATGAAATAAGGAATATTTAAAATAAAATCAGATATAAAAAATAATGAATAAGCAACATAATTTTTTGTTTTTGAAAAAGTAGAATCAGGATTTTATAATGGAAAAAAAGTTAAATAAAACAGAAAACAAAACGGTTAATTATATAACGATATTTGATTTCATTACAACTTTTTTTAAGAATTATAAAGTAATAAAAAAAGTTTTTATAATATTTTTAATATTAGGTATAATATATGCTATTATTATGCCTAAAAAATATAAATCAAGTTCTATGGTTGTGGCAGAAATCAATACTAATGAAGTTTTTAATACAGTAAATAGATTTAATGTATTGAAAGATTTAGGATTTAATTTTGGTAATACATCAGCAACTTCATTATCTCCCGATGCCTATCCAAAAATAATTAAAAGCAGAGATGTATTACTTCCTGTTATACACGATCGATTTAAAATAACAGGGAAAGATTCAACAATATTGATGGACTATCTTATAGATAAAAATTTTTATTATTATCTAAAAAAAGTTACAATAAAACTACCGATTACTATATATAGATTAATATTCCCTAGAAAAAAGAATATCGCGTTTGATGATAAAAATAATTCAATCTTAATTTTGGATAAAAACGAGGAATATGCGATAAATATATTGAGAAAAAAGGTCATTACGGTTAGGATTGATGAAGAAACAGGATTAATTATAGTAGATGTTGAAACAAAGGAACCTTCACTCTCTGCCCAAGTTAATAAAGCAATTTTAGAAAGTTTTAGAAAAAAAA
NZ_CP018099.1_gap30	1246739	1251426	4687	TAACCTCAAAGGCTGGCCTCTCTCTTGCGCTGGGTGCGTTTTTAGCGGGCCTGATCATTTCTGAATCTGAGTACAGCCATCAGGCGCTGGGAAATATTCTTCCCTTTCGAGATGTTTTTACCACCTTCTTTTTTGTGTCCATTGGTATGATGCTTGACATCGGTTTTCTTTTTAAGGAGCCGCTATTTATTGTACTGATTGGAATAACCGTTTTGTTTTTAAAGGCCATCATTGCCGGAACGGTTACCATTTTACTGGGCTTTTCGCTGCGCACCGCCATATTGGTTGGCCTTGGCCTCAGCCAGATCGGCGAATTTTCTTTTATCCTGTCCAGAGCCGGCCTTGAACACGGTTTGCTGGCCGGCAACATTTATCAAACCTTTCTGGCAGTCTCTGTGCTTAGCATGGCGGCAACGCCGTTCATCATGATCGTAGCGCCCCGCCTAGCCGATTTTATCACGCGATTGCCGCTGCCCCAAAGATTGATCTCCGGCTTTTTGCCTGTTACAGAAACAGAAATTGTAGACAAGAAAGATCATCTTATTATCATTGGCTACGGAGTGAACGGGAAAAATGTGGCACGCGCCGCCAGGGTGGCCGGCATTCCTTATACCATTATCGAGATGAACCCGGAAACAGTAATGTGCGAACGAGCAAAGGGCGAATCGATATTTTACGGCGATGCAACGCATGAGGGCGTGCTCCAGCATACGAACATCAAGGAAGCAAGAATTGTAGTGGTTGCCATCAACGATCCCACGGCCACACGGCGCATTGTCGAATTGGCTCGCAGGCTGAATCCCAAGGTTCATTTGATCGTACGTACGCGTTATCTGCAGGAAATGAAACCACTTTACGAATTAGGCGCCGACGAAGTGATCCCGGAAGAGTTTGAGACATCCGTGGAGATATTTACGCGCGTATTAACAAAATATCTTATTCCCAGAGATGAAATCGAACGGCTGGTGCATGAGGTACGGGCAGATGGCTACGAAATGTTTCGCAGCCTTTCCAGAACATCCGCTTCTATTTCCGATCTGAAACTTCAACTTCATGAGGTTAATATCAGCACATTTAAAATTCCGCCGGATTCGCCGTTGATCGGGAAAACGCTTGCCCAGATTGATTTGCGAAAGCGATATGGCGTTTCTGTGGTGGCCATCCGTCGGGATTCGCAAATTTTATCCAATCCCGGCGCGGATATGCGTCTGCAGGCCAATGATGTGCTGTTTGTCCTTGGCTCCTGGGAACAAATAGCGGAAGCCTTTAACACGATTTCTTCTGCAAATCAGCGTAATAAATAATTAAAAGATGGTATCATCGATCTCTGTTTGCTATCGTCGGTTTTGAGCTGATCTCCCTGGCAGCCACGCCAGCATTTACCACGTTCCTCCCGCAGCAAGCGTTTTTTTATTTTCTCCTTAAGCGCCGCAATGTCTTCCGGATTTATTACGCTTTTGGGCTTCAATGCCGCTGAACGTTCACGGTTGGGCATACGGAATAATTGAAAAAAAACATTTTTTTTATTATACTGCATCAAACAAATACGGGAAATTGGTAGAATTTTTAGGCTGGAAATACAAAACAAAATGGCAAGAACATATTTTAAGCGCATGTCCCCCTTTAGACCACCAGACCCAAAATGCAGTGTTTTTTTATATTAATTTCGATTACAAAATGTATGTTATGGTTTTTTTTGAGAATACATTTGTTTGATTAATGTGCATGTAAGTAAAAATAAAACAAGAGGTACTGATGAAGAAAATAATTGAAGATTTCATCCAGAAAGAATCGTCCAGCGGCATTTTATTGATCATTGCTACGATTTTAGCGCTTATGATGAACAATTCGTTCATGTCCGGAGTGTATCAAACATTTTTACATATTCCCATAGAAGTGCGGATCAGTGCATTACATCTTGACAAAACACTTTTGCATTGGGTGAATGATGGTTTGATGGTCATTTTCTTCTTTTTAATTGGTCTTGAAGTAAAAAGAGAAACATTGGAAGGTCATTTATCGACCTTAAAACAGGCCGCTTTACCGGGAATTGCCGCTGTTGGCGGAATGGCCATCCCGGCAGTGATATATTTAGCATTTAACATTGGCGATCCCATTGCGGTTAACGGCTGGGCGGTTCCCTGTGCAACGGATATTGCTTTTGCCCTGGGCGTGCTTTCCTTGCTCGGGAAAAGAGTTCCCATATCATTAAAAATATTTTTACTGGCGCTGGCTATTATTGACGACCTGGGCGCCATTGTAATCATAGCTGTCTTTTATACTTCCCAGTTGTCCATGGCATCATTAGCGGTTGCCGGCGTGGCTCTGGCGGCATTGATTATTCTTAATTTACTGGGCGTCACCAAAAAAACGCCTTACTTTCTTATTGGCGTAATATTATGGGTGGCTGTTCTTAAATCTGGCGTTCATGCAACCCTGGCCGGCGTAGCATTAGCCTTTACAATCCCCTTGTACGGAAAAAGAAAAAATGAAAACGGCGAATTTGAGTCCCCTCTAAAAGAATTGGAACACAGCATCCATCCCTGGGTTGCGTTTTTCATCCTGCCAGTATTTGCTTTTGTCAACGCCGGGGTAAACCTTTCCGGAATGTCAATCAATCAGATGTTTGGCCCGGTGCCTCTTGGAATTATGTTGGGCTTGTTTTTAGGTAAACAGCTTGGCGTTTTTGGATTTAGCTGGCTGGCCATCAAGTTAAAAGTGGCCAGGTTACCAGAACAGAGTAACTGGATGCAGTTGTATGGCGTTTCTATATTAACCGGCATTGGTTTTACCATGAGTTTGTTTATTCTTACCCTGGCCTTTGAGGATGATAGTCTCTTTCAATATACCGATAAACTGGCCATATTGTTAGGGTCTTTAATGTCCGGAGTGATTGGATACCTGGTTCTCAGGATTTTCAAACCCCATACCAACCAGACATCTTAAGCATTCTTAATTATTCTGCTGACGCGGGTGGGATGCGCCTGCCCGCGCCAGTGGAATTATTTAATCAACAGCAGTTTGATGGATGAACGGTAGCCATCGGCCTCCATTCTGGCAAAATAAATACCGTTCGCCAGAGAAACCCCATTAAACGAAGTTACATAAGTGCCTGCGGAGAGTTTTTGGTCAACCAGAACCTGAATTTGCCGGCCCGACAAATTGTAAACGGTCAATTTAACATGCGATGGTTTGGAAATGGAGTAGCGAATTTGGGTAAGCGGATTAAATGGATTGGGATAATTCTGATACAGTTTAAAATTTCCGGTTACCATAGATTTTTCTTTAACTATAGAGGTGCCGCCATTGGCCGGATGCTCGAGGAAAAAAGCCCACATTAAATCATTGGCATTAATTTTTTCCGAAGGCGGATCGCCAAATATGCTTCCCTGCTGTCCGCCAGGCCAGGAGTGGCCGCCGTCATACGTTACGTAGCTGTGAATATCCGCATCATTATTACACTGCGTCCAGACCTTAAACAGATACTCGCCCACTTCATGATACAGCGTGTCATTTTCGTTGGCGCATCCGTTTAGCGCTGACCATTCATTAAGGACGGAATCTACTGGCGGATTATAATGATCAGAAGGTCCGCTGCCCACGCCGCCGTAATAGGGCACATCCTCATCGAGGTAAGAGTGAAAATGAATGATGGGCATGGGGCGCGTCGGATTCCACGGGCCTTCCAGAGTCATTGAAGCCGCTACCGGAGCAATGGCTGCCAGCTTCCAGGTTAGCTCAGCCGCCAGACGAAAGCTCATCATGCCGCCATTAGAAAGTCCGGTTGCATAAACTCTGTCTTTATCAATACGGTAGCGCGCCAGCAACGTATCGATCAAAGCGGAAATAAATCGCACATCGTCGATGTGATTATCCATGGCGTATCCGCAGCACCAGCCGGCGTTCCATGTGCGGACGCCCAGCGGACTTTTTACGCCCTCCGGATAAACTACAATAAAGGGATTTGCAGCGGTGTCTGCTTTTTGACTGAGCTGGGTTGTGTTTTCCATATTATACGCATTGCCGTAACCGCCATGCAAGGCCAGGATAATCGAATAGAGCGTGTCCTGCCCGGAATCATACTGCGGAGGAAGATGGGTGAGAAAGGTGCGCCAGCGGTCGTCCACATAAATGGAATCGTATTGGGCGTGCGTCGCCCTGGCAATAAACAAAACCAGGATACTAATAAAAAAATATTTCATGGCCCTTCCCTGATTATTTTTTTAACGAACCAGTCCGAAAATTTAAAAAACCGAAACGCGCCGCTTTTTAGTACAGCCCCTGCAGATATTCGCAGAAAAAGTCCGCGTTAATTTGCGCGATCTTCGAGAAAAAACTGTTCCACCGTTAGAGGCGGCAGAAACATTTCAGATCGCTCCTTTCTAATTTTTTCCATCTTAGCCATTTTTGATTTCCGCGCGGCGTTTTTTAATCTTCCAACTTCCCCTCTTTTATTTTAACAGCAACATCTTTTTAATCGCCGTGTGTTTTCCGGCCTGCAGGCGGTAAACGTACATGCCCGTGCCCACCGGCTGATTTTGATCATTAAGGCCGTTCCATTGCGCCTGATGAACCGCGCCGCTGCTTAAAACCTGATCGTTGATTAAGGTGCGCACTTTTTGCCCCAGCATGTTGAAAATCTCCAGCCTAACCGGCGCCGGTTGATCGAGCGTAAAGACGACGGTGG
NZ_CP018099.1_gap31	1355475	1356663	1188	ATTAAGGGCGGCGTTAGTTATCGTTCTACCGATCAGACACAGGTTTATGCCAATGCCGGTTATGTTTCTAAAGTACCCATTTTTGATGATGTAATTGACGATTACAATGGAATTAAAAATGAGGATTACAAAAATTCCACTTTTACCTCTGTGGAATTTGGTATGAATTATACTTCGGCCAATCGCCAGTTTGTTTTAAAAACCAATGTCTATTACACCAAATGGAATAACCGCACTTTCCGCGAAAGTTCTTTTCCGTTCGAAGGCGAAGAATATCTGGTCTATCTCTCCGGTGTGAATCAGGAGCATTACGGTATTGAATTTGAAGGCGCCTATCAACCTTCGCGCTTATGGCGTCTGGACTTTGCCGGATCTATCGGACACTGGATGTACACAAAAGATGTTCAGGGCGAGGCGCGCTACATCGAAACCGGACTCCGTATTCCGTACAGCATCTACATCCGCGACCTGATGGTGGGCGATGCTCCGCAAACGCAGTTGGCTCTTGCCGGCTCATTCTTCCCAATTCGCGGTTTGAATACGCAGATAGTTTATAGATATTATGCCCGTTACTGGTCAGACTTTAATCCGTTTGACAGAATAGATCTGGCCGATCGCGCTCAACCATGGAGAGTGCCGGATTATGGCGTGATGGATTTGCACGTGATGTATGATCTGCCTTTCCATTTTCAGGGCGTGAAATTCAGAGTTTTTGCCCATGTTTACAATGTATTTGATCAGATTTACATACAGGATGCCACGGACAATAGCCAGTACAATGCTTATACCAGCAATGGCAAAACCCACTCTGCAGACGACGCAGAAGTATTTATGGGCCTGCCGCGCTTTTTTAACATAGGCATTACGGTTCGCTATTAAAAAATTGCCTGATTTAATAATTTAATTAAAGCCCCCTTTCCGGGGGCTTTTTTAGTTTTACGGCTGGATCTGGACATCGTTCAAGCTAATCATTAACAGAACGGCAGGTATGTTCATTGTGGGGGACAACAGGAAAGGACGCCGAAGACTAAACACCGACACAAATGCATTGACCTTAAAAGGAAAAGTAAATAGCCGCCTGCCGAATGAATACTTTAATTTCCATGGCGGCAACCAAAAAAATTTCCGCAGGGGGTTAAGCAACCACAGAGCGCACAGCACACAGCGCGCAGAGAAGTCACAAAGGGC
NZ_CP018099.1_gap32	1384851	1387205	2354	GGCAATCCGATTAAGATGCAAAAACGCTTTACTTCTAAAGAAGAAGCCAAAAAAGCGCTGGGATTTTTAGCCGATTTACCATTGGTGGCGGTAATTGGCGGAAGCCAGGGCGCTGAAAGCATGAATCGGGCGGTTATGGCTGCGCTAAAAAGCGGGTTGCTGCCGCAAAAAGTTCAGTGGCTGTGGCAAACCGGTCGGCAGCATTTTGAACGCTGGAAGGCGGAAGTTAAACGAGAAAAATTACGCCAGGTGGCGGTGCGGCCGTTCATCGACGAAATGGCTACCGTTTATCAAGCGGCGGATTTAATGGTTTGCCGCGCCGGAGCCATGACCCTATCGGAATTAATGGCCATGGGCTGTCCGGCGGTGCTCGTTCCTTTTCCTTTTGCCGCAGGCGATCATCAATTTAAAAATGCGCAGGCTGTAGCCCAAAAAGGGGCTGCCGTAGTGCTGAAAGACGATGAAAAACTACCGCAAAAACTGATGGACCTGCTGCCGGCGTTGATTGAAGATCAAAATAAATTAAAAGAAATGGCAAAAGCCATGGAACGGTTGCACAAACAGGACAGCATCGATCAAATTTTATCTTTGATCGAACAGTTGTTGAAGGAGCGTGGCGTAAATTTTGGAGAAGGCTTGTGAGCGTGTTTAAGCGCAAAAAGAGATTTCATTTTGTGGGTATTGGCGGTATTGGTATGAGCGGTCTGGCTGAAATTCTGCTGGACATGGGCCATGCGGTGAGCGGCTCTGATCGGGAATGGACGGAGATTACCGAATATCTTGAGCAAAGGGGCGCCAGGGTTTTTCGCGGTCATCATTACGCTAACGTGGCGGATGACGTTGATTTTTTGATTTACAGTTCTGCGGTTCCGCAGGACAATCCCGAGCTGCGGGCCGCCCGCGAAAAGGGAATTCCTCAATTAAAACGCGCGCAGTTGCTGGGCCAGCTTTTCAATCGTCATTTCGGCCTGGCGGTGGCTGGCACGCACGGCAAAACCACCACCACGTCCATGATCGGTCAGATAATGATAACCGGCGGGCTGGATCCGACCATTGTGGTTGGCGGCCGTTTACACAATTTGATGACCAATGCCCGTCTGGGGAAAAGCCATTTTATGGTGACCGAGGCGGACGAATACGATCGTTCGTTTTTAACGCTTTTCCCGCGCATGGCGCTGCTTACCAGCCTGGAGGCGGATCATCTGGACATTTATGAAGACCTGGACGATTTACGTCGTACATTTGTTAAATTTGCCAATCAGGTTAGTTTTGACGGCCTGGTCATCGTTTGTGCGGAAGACGAAAATTTGAAGGAATTAATCCCGCAGATTCAGCCAGAGGTTTTAACTTACGGTTTTGGAGCGGAGGCGGATTTTAGAGCCTGCGTTTTAGAAGAACGCGCCGGTCAAACGCGCTTCGAAGTTTACCATCGCGGGGAGCGTCTGGCAGAGTTGACGCTGAATGTGCCGGGCAAACACAATGTGTTGAACGCGCTGGCCGCCCTGGTTGCCGGTTTGGAGCTGGAAATTGAAATTTCTGTAATGGTGAAGGCGCTGGCGGAGTTCAAGGGAGTGGAACGGCGTTTTGACGTGCTGGCTGAAAAAGACGGGATTTTAGTAGTGGACGATTACGCACACCACCCCACGGAAGTGGCCGTTACTTTGCAGGCTGCGCGCGATGGCTGGAACAAACGATTGATCGCGGTTTTTCAGCCGCACCTCTTTTCCAGAACGAGGGATTTTTACCGTGAATTCGCGCAGGCTTTAAATGCGGCCGATGTGGTGATCGTCAGTAAAATTTATCCGGCAAGGGAAGCGCCTATCGCCGGGATAAGCGGCGCGTTGATTGCCAATCAAGTTGGCGATAAAGCCCGCTACATTGCACAGGAAGAGGCCTTATTAAACTTTTTAGAGCAGCTGGTTCAAGCAAACGATATGATTTTGTTTTTAGGAGCCGGCGATATCCATTACACGGCGCAAAAATTTGCCCGACTGTTGATGGAAAAAAAGTAAAAACATAACAGAGTGTGACATGGCAAGACGTAAAAAGAAACACACATTGCGGAATACGCTGATTTACCTGGGGGTGATCCTGAGTTTGTCTGCTCTGGCTTATGTAAACCGGCAGGTTGAATCGTATTTAACCAGTCGGATTTCCACGTTTCAGTTGAAGAATATTAAAATTCATGGAAATGTCATTTTAACGCGCCAGCAAGTTTTAAACTTGTGCGGCGTAAAGGAAGGGGAGAAATTTCTGACGGTTAAGCCGGCGGAAATTGCCCAGAAGATGCTGCGTTCGCCTTTTATTAAAACGGCGTCGGCCGTGTACAGTTTGCCTTCCACCTTACACATCAG
NZ_CP018099.1_gap33	1526688	1531332	4644	AGCGATCTGCCCGTTGCAGCCACCTTTACGTTTGAATTAGGCCCCACGGGCATTCACACCAACTGGGGCGTGGATGTGCCCAGCGCCGTGCGCTTTTTGACAGAGCAGGGCGTGGATATTTTAGGCGCCAACTGCGGCGAAGGAATCGATGTCATTTTGCGCACCGTTCAGGAAATGCGCAAGTTAACGGATTTACCCATTCTTGCCCAGCCCAATGCCGGCCTGCCTGAAATCAAAAACGAGGTAATCGTTTACCATGAAACGCCGGAAGCGATGCGGGAGAAGATAAAAGAACTACTTGCGCTACAGATTAACATTCTTGGCGGCTGTTGCGGCACCTCTGCCAGTCACATCAAAATGATGCGCGAATTGATCGACGGTAAAGGCCAGTAAAAAAATTTTTATTTTTGTACTTTAGTTTTTAAATTGTTTTTAAAAACTAACATGAATTGATCTACAACTTATGTGCAATGACCTGTTAAAACAACTCGGCGTTTGTATTGAACGGGGAAAGGCGGACGCACAATCACCCCATCCGGCCGACCTTAAGGGCCAGCCCGGGGCCGCCGAACTGACCGCAAAATTATTATCCGCCGGCGTTGCGCCGGGCGAGATTTTGCAAAAGGCCATGATCCCGGCCATGAAACGGCTGGGCGATCGCTTCAGTCAGGGGCTGGTTTTCATTCCCGATTTGATTATTGCCGCCAAAGCCATGAAGGCCGCCATGCAACATTTAAAGCCCTATTTTGAAGCGGGAGAGGTGCAAAAAAAAGGCACGTTTGTTCTGGGAACGGTTAAGGGCGATTTACACGACATCGGTAAAAATCTGGTGGGTATGGTGCTGGAAGGAAACGGTTACAGGGTGATCGATCTGGGGGTTAATGTTTCCAGCGACCGTTTTTTACAGACGGTGGAGGAACATCCCGACTGTCGTGTGGGGCTGAGCGCCCTATTAACGACCACCATGCTGTACATGGATGAAATTGTTAAAACCGTGAAGAGCCATTTTCCGCAGGTGCCCATTTTTATCGGCGGCGCGCCCGTAACGCCCGAGTTCAATCAGCAGATTGGCGCCAACGGTTACTTTCCCGATCCACAACAACTGGTAAATTTCCTGGAAACAAAATAACCAGGGAGAATGCATGATTCAATTTACCGCATTAGATATAGACCGCGCTCTTAAAATTCTGTACTTTCCTACGCCCGAGCCTGTTCTTAAGCATTACAATGCGCCTTACCTTTTAACAGAAGAGCAGGTTCGTTTTTTTCAGGAAGAAGGCTATGTTTACCTGCCCGAAGTAGTCAATAGGGAATCGCTGGCTTACCTGCAACGCGTCATTCAGGCGGCCGTTTTACTGCGTAAAAAAGATGATGACAGGGCTCTGCACGAAAAAAGCGCCTATGAACAATCGTTTTTGCAATGCGGGTTTTTGTGCTGGGATTTTAAGCCCATTAAAGATTTTGTATTTGGTAAACGATTTGCTGGTTTGGCCAGAGACCTTTTGCAGGCAGAACATGTGCGTTTGTGGCACGACCAGGCGTTGTTTAAGGAACCAGGCGGCAGGGCAACCGACGTGCACATCGACAGCTCGTACTGGCCCATCGATCGGCCGCAACTGAGCGTCACCTTGTGGCTGGCGCTAAATCCCGTGCCGCCGGAAAAGGGTTGCCTTTATTTTTATCCCAAAAGCCACCTTTTAGAAAAACACGAATATGTGGATATTTTTAACAAGCCTCATTTTCCACAGGCATTGAGCCGTGAAAAGCAGGTATATGTTCCGCTAAATCCTGGCGATGCCACCTTTCACAGCGGGCTTCTTTATCATGGCGCCGGCGAAAATAAGACCGATCGGATGCGTGAAGGAATGACGGTTATTTACATTGCTGATGGTCTGCGTTTTGACGCCAGCGATGCCCGCAACCGCACGCACACTTCGTGCCAGGGCTTGGAAGATGGCGACATCATTGATACACGCTACACACCGATTTTAATATGAGGAGACCATGCGCCCGGATATTTCAGTATTGATTCGAACATTGAAACGGGAGAAAGCCGCCTATGTGCCGCTTGTTGAGCTGGGCATTCATCCGCTGATTAAAGAAAAATTTTTAGGGCGGCCTATATTAAGTCTGGAAGATGAAATTGCCTTCTGGTACAGGGCCGGTTATGATTATGTAAAGTTACAACCCGGTGTAACCTTCAACCTTTCCGACGACAAGAAGGATTCTACTTTTCAAAAAAAACTGGATGGCGCCCTGGCCTATAATTGGGCCAATGAAGGACAGGGTATAGTAACCTCGTTTGAAGACCTTGAAAAATTACGTCTGCCCGGAAAAGAAGAGATTGATTATTCGAATTTTGAGCGTGTTACCTCCCTTTTGCCAGAAGGCATGGGCGTTATTGGTCAGTATGGCGACATCTTTACCATGACCTGGGAATTGATGGGATTTGAGGGTTTTTCGTTAGCCCTGTTCGAAAATCCAGATTTGATCAAAGAGCTCAATAATCGCCTCGGAGAGTTGGTTCTGTCCATGTTTGAATTTATGGCGCAACACGATGCGGTTGACATCCTGTGGTTTAGCGACGACATTGCTTTTAGCACCGGTTTATTGATGTCGCCGGACGTTCTCCGGCAGTATTTCTTCCCCTGGTTAAAAAGAATCGGCGAGCTGGCGCAGGCCTATGGCAAGCCGCTCATTTACCACACCGACGGCGTGTTGTGGGATGTTTTTGAAGATATTATCGCCTGCGGCGTGGACGCCCTGCATCCCATTGAGCCCAAGGCCATGGACCTGGCGGAGGTTAAACAAAAATATGGCCAACGTCTCTGTTTGATTGGCGGCGTTGACGTGGATTTGCTGGCACGGGGCACGCCGCAAGAAGTGGAAGCGCAGGTTAAGCGCAATATTGAAATAGCTGCTTACAACGGCGGATATTGCGCGGGCTCTGGCAACAGCATTCCCGATTATATTAAATACGAAAATTACCTGGCGCTAATTGAAGCGGCCAAAAAATACGGAGAATAGACAGCCTTCATGTTTAAAAGCGGCAACCATCGGTTTTTAAAAGGTCTGAACTGTAAACACATATTGAATTTATTGCGTACGCACCAGGGGCTTACTGCCCGCCAGTTAAGCGAACAGACCGGCCTCAAAATTGCCACGGTTCTTAATTTGTTAAAAAACCTTGAAAAGCACAACCAGGTGATTCGCAAAGAACGTGGCGCTTCCACCGCGCGCGGAGGCAAAAAACCGCTCATCTGGGATATTAATCCCCATTTCGGTCTGGCGCTGGGAGTGGAGTGGCTTTCCACCGAACTCAGGGCGGCGCTTATCAATTTTAATTTTGAATTAATCGAGCGCAAAACGTTTGTCTTTCCCGCAAAGTTAACGGATAGCCAAAAGGTTGAATTTTTTGTTAAAAGCATTGATGAATTTGTTGCAACGTTCAACACGCTACAGCGGCCGATTGTGGGGCTGGGCGTCGGTCTGGCTGGCATTATTGATCTGGCGGCCGGATGCGTTGTGGATTCCTTGTCCTTTCAATCCCGTAACTTTCCGCTTTTGAAGACGCTGAAAGCTTGCTTTCCCTTCCCGGTATTTCTTGACAATGAATCCAATGTGGGAGCGCTTGGCCTGAAATGGCTATTGCCGCAGTTTTACGATAAGAGAAATCTGTTATATGTGACACTTCATCAGTGTTTTTCGGGTATGGGAACGGGGTTCATATTTAACCATCAACTCTATCGTGGCAGGCAAAATTCAACGGGCGAATGGCCTGTACTTTTTTCTCCTTCCTTTTTTGCCAAACTTGCAAGCCAGCTGGCGCAAATACATAAAGGCCACCCATTCATCGATTTATTAAGAAACTACAACGACCTGTCTAAAATTTTTCGCGCAGCTATTGAGCTGGCTGAGCAAAACGAGCCGATTGCTCTGGAGTTTATGCGCTTCGTTTCCATGCCATTAGCCGGACGTTTACAGCTATTGATTAACCTGCTTGACCCTGAATATGTGGTGATTGGCGGGGATATTCTTGAGATAAGCAAATATCTCAAATCGCATCTGGAGCAACAGATTTTTAATGAGGGACTCATTGGAAAACAGAAGCTTCCGGGATTAATGTTTTCTCCATTTGGCGCTTATACCAACGCGTTGGGAGCGGCCGCAACTGTTATGGCCGATATCTACTCGCCTGATTCCTGAAACTGACGAAATGAGAGGTTCCCACGCTACACGCCGGAAGAAAGTCAGGCCGTCAACGCCTAAAAAATTCTGCAGGAAGTTTCGGCTATTCTAAATCAACTGACCTGTTTGGAGTGATCTTCGCGCAATTCCGCATCCAGAAATATCTCGCCAAGGTGCAGAAAAGAGGCTTGTTCCACGTCAAATTGAGGCACCAGGCAGACGCAGATTTGATCGTTGTCGTAAATTGATCGGGCAATCGCTAGGCTTACAATAAACTTTTCGTTGTCCAGAAACGCAATAATTCTGCCCCGTACATTTTGCACCGTGTAACGTTCGGGAAGTGAACCACAAAGCGTAAGATTGCTGATATCGACGACTTGCAAATCGCTGTTCTGAAAATATTCGCGAAACTTGTTCTCGCGATATTCTTTGCGTATGGGCATACTCCGCGGCGTA
NZ_CP018099.1_gap34	1550800	1555176	4376	GCTTGCTAAGGACGTTCCCCTTGAGTTTACAAATAATTTGGTCGTGTTCGGTAAGGAATGGGGTCATCAACCCCGGCCATTTGAAAGCCGCGCAACCGCAGGGCGCAACTGTCGCAAACGCCGCAGGCCTCATCTTCGGACTGGTAGCACGACCAAGTTTTGTCCAGCGGCGCGCTGAGTTCCAATCCTTTTTTTACGATTTGCCATTTTTTTAAATGAATAATCGGTGTTTCTATTACGATATGTGTTTCCGGTCGAGTGCCCAGTTCAATTACTTTATTAAACGCTGCGTAAAATTCTTCGCGGCAATCGGGATAGCCCGAAGAGTCCTCTTCCACAGCGCCGATGAAAATACGCGTGGCGCCGATGACTTCTGCCCAGCTGGTGGCGATGGCCAGAATGTTGGCGTTGCGAAACGGCACGTAGCTAGTAGGAACACCCTGATACTGTAAATCGGCTTTGCTCACCTCGATGCGCTCATCGGTCAGGCTGGAACCGCCAATCTGCTTTAAATAGCTTACATCAACCACCAGACGTTGCGTAACCGAATAGTAATCTGCGATATCGTTAAAGGCCTTGAGCTCGCGTTTTTCCGTGCGCTGACCATAGTTAAGGTGCAAAAAAGCAGGTTCGTATTTTTCAGCGGCAATGGCCGCCGTCACGCAACTGTCTAATCCGCCGGAAACCAGAACGACCGCTTTATCTTTCATTGCTCAATCTCCTCTTTAAAAGCTGCCAATGATTGGGACGATTAAGAATTACGAATTAAAAATTACGAATTACGTATTATGAATTATGAATGCCGAATTATCCTATCGAGGCGGAATGTCTTGCGCCACGAATGACGAATTTCTCCGTACAATCAGATCATCTTTCAGGACAAATTATGAATGACAAAATTAAACCTTTGATGCTCCCCATCCTTCATTCGTAATTTTAAATTCTTAATTCGTAATTATTTTTGAAAACCGCCGCGTTTTTGCGGATCGTACACCGCCACAACCGTTGTGTGCATGCCGCCCCGCGTGGTAAAATCGCCGCGAACCTCCATAAAACGAGGCTTACAGGCTTCGACCAATTCGTCAAGAATCTGATTGATCACCGATTCGTAAAAGATGCCCTTGTTGCGGAAATCCAGAAAATAGTATTTAAGCGATTTCAACTCCAGACACAACTTATCCGGAATGTAATTGATGGTGATGGTGCCAAAGTCGGGCAAACCTGTTTTGGGGCATACCGATGTAAATTCTTCGTTGACATGCGTAATGTAGTAATCCCGGTCAGGATATTTATTTTCGAAAACTTCGATTTGTGCCATATCGACTCCTCATTTAAAATTAAACGCCTCGTTGATCCGGCTTCCAGATGTACTTGTGCAACTGAAGCTGCATGCGGATCGGTTTTTGAGTTGCAAGAATCCATTCTGCCAGCTGCCCATTTTCCAGCCTGCCGAAAACAGGGGAAAAGAGCACGGGACAGCGGTTTAGCAAATTGTATTTTTCCAGTACTTCAAGTGCGTAATCAAAATCCTTTCGATCGCCAATCACAAACTTGACCTGGTCGTCGTTTTTTAAGAGTTCCATATTGGGCCAGTGCGTCTTTTCGGCCTCGCCGCTGGAAGGACATTTGACATCCATAATACGTTTTACGCGTTGATCGACTTTGCTAACATCCATGTGCCCGCCCGTTTCTAACAGCACTTCAAAACCGTTATCCAGCAATCTTTCCATTAAAGGATAAACCGCCGGCTGGATGAGCGGTTCCCCGCCTGTTATTTCCACCAGGTTACACTGGTACGTTTTAATCCGGGCGATGATTTCATCCAGGCCCATTTCCTGCCCTTCGTAAAAGGCGTACTCCGTGTCGCAATAGGTGCAGCGCAAATTGCAATAGGTCAGGCGTACAAAAACACAGGGCAGCCCGGCGTAGGTCGATTCGCCCTGAATGCTGTAAAAAATCTCATTGATCTTAAGAACGTCTTTGCCGGCCATGGTTCATTCCGTGTACTCGATCATGTATTTAGGCGTCTCCCACAGGCGAATGGCCTGCATCTCAACGCCGTCTGGCAAAAGCCTGGCAATCTCTTTAAAAAAGTATCTGGACAGATTTTCGGCCGTGGGGTTGATCTGATCGAAGGGGGCAATATCGTTTACCATCTGGTGATCAAATTTTCCCACCACCTGCCAGGCCAGATCGCTTAAATCTTTAAAGTCAATAACCATTCCAATTGAGTCAACCCGTTTGCTTTTGACCACCACCTGCACCTTCCAGTTATGGCCGTGAATGCGTTGACAGGGCCCTTCGTAACCGCGTAAATGATGCGAAGCCGAAAACATTAAATCTATGGATAATTGGTACATGTTTACCTCTCATTCTTAAATAAAATCGAGTTAGACTTTTTACTTTTGTTAAAGTTACAAACACCATTACTTAAACACTGAAATTTAAAGAAAATCATAACAAAGAGCAAAAAGGCCTTTTGGTGTAAAATAAGCAGGCAGATTTTGCAAAGAAAAGAAAGAGGGATCGTGTGCCCGACCGAAGAGTCCGTTCGTTCTGGTTAATTACCACAAATTTGTTTAAATGACCGTGCTGCGATGTCCTGCACCTAAAAAATTATCATTGCTTTTTATTGGCAATAAAGCGAAATTATCGACGAATCCGGAAAGGAAATTTCGAAAAAAAGGAGTAAATCATGCGTCGAGTTGTTTTGTTTTCACTCTTGCTTTTTTTAATCCACTGCAACGTGTTTGCTCAAAAGCAGAAACTAACGCCCATTCTACACTACCCGGATATTTACGGAGACTGGGTGGTCTTTGTAGCCGGCGGCGATATCTGGAAGGCGAATATTAACGACGGTCAGGCCATCCGCTTAACCATGCACGATGGCGAGGAAACCTTCCCCAAATTTTCACCGGATGGTTCCATGATCGCCTTTACGGGCGAGTACGATGGCAATAGCGACGTGTACGTGATGAACGCCGACGGAAGCCAGATTCGTCGCGTAACCTTCCATCCGGGCGGCGATCTGGTGGTAGGCTGGCATCCCACCAAAAACAAGATTATCTTTCGCTCCAATCGTTTAAGCTACCAGCGCTTTTCGCGGCTGTTTATGATCAAGCCCGATGGCAGCGGTCTTGAGACGCTGATCATGCACGAAGCCGCCCAGGGCAGTTTTAGCCCCGATGGCCAGAAGATCGCCTACAATCGGTTGAGTCGTGAATTCCGCACCTGGAAGCGTTATTTCGGCGGTACGGCGCAGGACCTTTACATTTTCGATTTTGAACAGATGAAGGATGAAAAGATCACCGATTTTCCGGGTACGGATCGTTTGCCCATGTGGATTGGCAACGAAATTTACTTTAGTTCAGATCGAGACGGCGTGCTGAATATTTACGCCCTCGATGTGGAAACAAAAAAAGTGCGGCAAATTACGCGCCATAAGGATTATGACGTGCGCTTTCCAAGCGCTGGCCCCCAACGCATTGTTTACGAGCTGGGCGGCTATCTTTATTATGTTGATGTTAAAAATCCTCAACCGAAAAAAATAGACATCGTCATTCATACCGACGCGCCGGAAATTCGCCCTTACCTCAAAAAGGTGGATGAAGCGGTGACGCAAATTGCCATTGCGCCCAACGGCAAACGCGCTTTGCTGGTGGCGCGCGGGGAAATTTTTACCGTTCCGGCTAAAGAAGGCCCCACGCGCAACCTGACCAATAGCAGCGGAAGCCGCGAAAAGGATGCCGTTTGGTCGCCCGACGGTAAATGGATCGCCTATTTTTCTGATGCCGACGGCGAGTACCAGCTTTATGTAATGGACCCGTTTGGCGAATCCACGCCGCAACAATTGACCCATTTTAAAAACGGGTATCGACACACCATCCGCTGGTCGCCGGATAGTAAAAAACTGGCATTTACCGATCAAACCTTAACGCTTTACGTCTTTGATCTTCGCAAGAAAAAGCTGATCAAAGTGGACAAAGCAGAATTTGAAAATGTGGACGTCAGTCTTGACCTGAAGCCGATCTATGATTTTAACTGGTCGCCGGATGGAAGGTTTATCGCTTATTCCAAAATGGATTCTACCCTGGTGAACAAGATTTACATCTACGACCTGCAAGAAGGCAAAACGCGTTGCGTAAGCGAGGGATTGTTCAATGATTTTCATCCGGTTTTTTCCAGAGACGGCGAGCATCTCTTTTTTATTTCCAATCGGCGGTTTGATCCTACCTACTGCGATTTTGAGTGGGAGATGGTTTACAAGAAGCTGGCCGGCATTTACGCTTACACTCTGCGCAAAGACGGCCCGGCGCTCTTTCCTCTCAAAAGCGACGAGCACCTGGAGCCTGACCGGCAAGGCCAAAAAAAGGAAA
NZ_CP018099.1_gap35	1579839	1582382	2543	GGCGGGGCTTAACAGTTTACGCATGGCGTCATTGCGAAAGGCTGGATTAAACAGACGTAAATCGATTCCTCTCTGCCACAATTCTAAATTCTTAAATTTTCTTTTGTTAAGTTTTTTTAATAGATCTCTGGATGGCACAAGAACGCGGTCAAATTGGTTGTAGAATTTTAAAAGGAACTTCCAGCACACATTTTCAAATACGGCAAAACCGTAATATTTAAAATAAGAAGCGAAATCTGTATGAAAGACGGCCAGAGAAGGAATGTTGTTCTTTTTAGAATATTCTAATCCTGCCTGACCCAGAAAAGTAGGGCTGCTCACATGCACCAGATCGGGCTTAAATTCGTCCAGCATTCTAAAAATTTCCTGCTTATCCGGAAGGCCAATTTTGTATTTGGGATAAAGGTAAAAGGGCAGGGAAGGCACTTGATGGACGCTGTTAGCCCAGGTAAATTCTTCAGGAGGTTTGAACGGTGAAAAAACTTTAAACGGAATCCCTTCCCTTTCAAAATAATTGAAGATATTCAGATAAGTCCTTGAAACGCCATCCAGATTGGGCGGCAAGCTGTCGGCAAAAATAGCTATCTTCATTCGACTCTTATCCTCATAAGTTTGTCTGGTTGATTATAAAGGGGAAATATTGCCAAACATTTAGAAATGAAATAGATTTGTGTTAAAGAGTACGGACTATCACGCCCACAAGAACTTTTTATACTACATTATTTTCATTCTTCATCCGCCTGACGCGGAAAGAATCTTTTAAGTTAAATAAAGATATGTGATTCTCGGTCATTCCGATTCTCACCGCTCCTCATCACGCAAGTAATTCCTATTGGTTGAATGGCGTGACAGGTTAGTGTTGCAGAAGTCTGAAAATTGTGGAAGACATTTTGTTTTAAGAATGAAACCAGCGATTATTTTTTACGTCTCTATTTGAAATAAAATAAAGATTATCCGGAATGAATGCGACGAAATCATTTTTTTTCGGTGTTGCTGTTTTTTTATGAGTGAAAGCAATTCAGGAAAAGGAGATCATGCATGGACAGAAAGCGTCTGATTTTTCTGATTGTCTGGGGCTTTTTTTGGGTAGGACTGGCGCCGGGGCAGGATCTGGCGAAACGCTACAATCAGATGGACTTTGCAGGAATTGTCCGTGAGCTGCACGAAGTATCGCCGGACAGTTTGACGCTGGAGCAGCAGCTTTTATTGGCGGAGAGCCAGGCCCGATTGGGAGACGGCGGGAACGCGTTAACAGGGCTTCAGCGTTTGCTTGCCGAATCTCCAGAAGACGACCGTATTTTGACCAGCGCGGGCATTGTGTATCACTCTATGGGGAAATTTACGCTTTCCGAGACCTGCCTAACGCGGGCGCTGGAACTGAATCCCCGCAACAGCAAGGCCTTGCTGACCCGTAGCATGTTGCTTCTTTACTTACGCCGCTTTTCGGAAGCGGAAGCGAGTTTCCGGCAGGCAGATAAGGCAGACCCTGGCTTACGCCAAACCCGTCTCTTTCAGCGCATAGGCAGTGAGCTGTACAGCGCTACCCAGCGTCCTGCCGACATGCGCCGCCATTTCGAATATTTGGAGGATTATTACGCTTCTCAAAACGATGCGGAGAAGAGCGCAAAATACCGGCGGAAAATCCGCTTGCTGGCGGCTGCGAACGATCAACTACTTTACCGCGTTCAAAGCCATGCCGAGCGGGTGGAGTTGCCACTGGTGGACTTTGCCCCCGGTGTATATTACAAATGCTTGCTGCTCCCGCGGGACGGAAAAACCTACCGAATTTTACTGGACACCGGAAATGCGGTGGGCTGGACCATTCACCATCCCGATTTGCTCACCCTGCTGGAGAACCGCTTTGGTGGGGAGCAAAACGTCGCCACCGGCTCGCTGGAAAAAAACCTTAAAAGCCGCGAACTTTTGACCGTTTCGCTTGATCTGGGCGATTGTAAGATGACCTATTTACTGGGACTCTTTTTCAAAAAGCCACGGGAAAATTATTTCGACGCCAATCTGAATCCAATTTTTATCCGCAACCGGGTGGTAACCCTGGATTTTGTTCACAATAAGTTCCTGTTACGCAGTAAGGCGCAGTTCGACCGCGACCTGGCCGCCGAGCCGCTTCACAGCCTGGTAAAATTACCGTTCTACGGCTACGAATGGCCCTTTGTTCCGGTTGAGGTCAACGGCTATGCCCCCGCGCTGGCCATGATCGAAACCGGGGCGGAAGATTTGAGTCTGAAGGAAGCGTTTGCCCGTTTTATTCACCTGCCTCTGACTCCCGCTACCAGGGTCTGGGGCGATCGGAAGCTGAGCTATTACGAAGCATCGGAGGTGAGCGTTCAGTTTGGCCCACATATTCTCTACCGCCCGCGCGTGGAAATCTGGCCCAGGCGCTTCTATGACCGAATTACCGGATTGTACGATCAGGTAATGATTGGCCCCTATGCCCTGCATGAGCGCTTTATTATTAGTTTCGATCCGTTTGAAAATGTGGTGGTGATTCAAACTGCAAGGAGGGATTAAAATTGAGCGGAAAA
NZ_CP018099.1_gap36	1583750	1584929	1179	CCCCCCGGAGGGGTCGCATCAAAATAAAAACCGATTGGGAGCGAAACCAGGAGAACCATCCTATGAAAAAAACCTTTTTCACCGTGCTGATCTGGCTGACCTGCTGGTTGCTATTGCCGGCTCAGAATGGGTTGGGGCAGGTGTTGCCAGCGAAGGGCGAGCAGCCGCTTCAAACGGATTGGAGCTGGGAGGAATTGCTTGCCCGGGCGCAGCAGAAAGAAACGCTCGCCCGGATTTACGAGTTGCAAACCCTGCTTTCTCAGGAAGAGGCCCATTTTCTGTTGACGCAATTGCACCGTCTTTCCGCGCCCCGGGATTTACGCCGGCTCTCGGAACTGGAACGGGAACAAGCTCAACACGGCGGCGGCTTTTTCGGAATCGTTCCGGATTATTTTGCCGATCCGGACAGCATCCCTCTTCCTGACAATTTTGATCACCTGATCGAGACCGCCCTTTATCTGGCCCAAATTCGCCAGCAAAACCGTCAGATTGTGTCCGATCCGGCCTTTCAATTTCCCTTAACTTTTCGGGGAGAACCGTTGCCACCCGTGGAAGGAAAATCCGGGCGGAGCAACCTGCAGCTTTATTTCGATTTTTCGGCCATCGAGGCTGTGCTCCACTTGTTTGCTTTACCGGAAATTTCCTTCCAGCAAGCCCGTCAGGTCGCCGAGCAGAAAACCTTTCGGGAAATGCTGGCACACCGCCGTAACCTGGGCTACCTGCCGGAGCCTTTACCAGACAGCGACGACCTGGCACAATTTATTTTCCGGGCGGCCAGCCGGGATCCGGTGGCAGAAATCTGGAAGTGGCTCAATCTCTGGAACAATTTTGGTCTGGCGGATTTGTACTGCCAGCAAGAAGATTACCATCGTTTAATAAGTTACTGGAAAGCAAATCGCGTGCAATTGGAAACCCTGCTGGTTCGACGTCTGGCGCGTTGCGCCCCGCCAGAGGTTCAATTCAGCGATACGGTGAGAATTGCCGTGAATTTTGGAATTCGAAGCTGGGCCACCCGCTCCAGTCTGGGCACCAATCTCATTCAATTTAAAGACCATTACGCCCTGATGTTGCGCACCATTGCTCACGAAACTTTTCATCGCTTGCAATTAAAAATATGTCCCGTGCCATCTTCTCGAAAAAAGAAACAAACGCGGGAATTTGAAGATCTGCTGGCCAGCG
NZ_CP018099.1_gap37	1594002	1598324	4322	AGAGCGCCTTGCCGGTCAGCTTGCGCACGTCGGCATCGTCTTCCACCAGCAGGATGGAGGCGTCTCCCCGCAGGTTTTGCTGTTCTTCTTTATTCTCGGGCCGGGTTGCTTGTTCCGTCCCCTCCACCTTAGGAAAATATATGTCGAAAATCGTGCCGCTTTGCGGCGCACTGGTCACGTAAATCATACCCTCGTTTTGTTTAACAATGCCGTAAACCGTGGAAAGGCCGAGGCCCGTTCCCTCGCCCACACCGCGCGTTGTAAAAAAAGGTTCAAAAATGTGCTTTAATGTCTCCTGATCCATGCCCACGCCCGTATCGGCCACCGAAAGACGCACAAAATCACCGGCGCGGGCGCCCTCATTGTCGCTGGCAAACTTTTGGTCAATGGCGCAATTCTGCGTAATGATGGTCAGCTTTCCGCCATCCGGCATGGCCTGTTTGGCGTTTACAATCAGGTTAAGCAGAATTTGCTCCAGCTGATGGGCATCCGATTCAATGGGCCACAGGTCGCTGGCCAGCTGGATATCCAGCGTGATATTTTCGCCCAGCAAGCTTTTGAGCATGGGAAGGTAGTTTTCGATTACATCGTTGAGGTTCAATATGCGGGCTTGCCGCATCTGTTTGCGGCTGAAAGCCAGCAGCTGACTGGTCAAATTTTTGGCTTTTTCGCCGGCCTGAAAGATCTGTTCCACCTTTTTACGATGGACGTCGTCTTCTTTTAAGGCATACAGCAGCAGCTGGGCATAGCCGTTAATGACTGTGAGCAGGTTGTTAAAATCATGGGCGATGCCTCCGGCCAGTCGGCCGATGGCTTCCATTTTTTGGGATTGGAGCAGTTGTTGTTGCAGTTTTTTATTTTCTGAGATATCTTCCTGAATGCCCATGAAGTGTGTAATTCGATTGTTCGCGTCTTTGATGGGGACGATGAGCAGTTTTGCCCAGTAGAAAGAACCGTCTTTTTTCCGATTGATAATTTCATCGTGCCATGGGGATCCGCTGGAAATCGTTTTCCACATCAGCCGGTAGAATTCTTCGGGCATTTCGCCTGATTTTAACATGCGGGGCGTTTTCCCTTTTACATCTTTTTCTGAATATCCGCTTATTTTGGTGAAAGCGGGATTGACGTACTCAATTTTGCCCTCCGGATCCGTGACCATAATACCCACAGGACTTTCCTGAATGCCCGTGGAAAGGACGCGGATGATTTCGTCTTTTTCTTTTTTTTCGGTTATATCCAGAATGCTGCCCAGAATGGCTTCCTTCCCCTGAAATTCAATACGCGAGGCTAATAGTTCCAGCTCCAGTCTCCTGCCGTCTTTATCCATTCCACTAAATTCAATATGCGTTGGGGAACTGTGGCTTTCCAGCATCTCTTTGAATACCGCTTTTATCTTTTGATGATTGGCCGGATGGCAGAGGTCAAGATAAGATTTTAGTTGTAAGATTTTTTTCGGGCTTTCATATTGGAAAATTTCCGCCATGCGGGGATTCGCATATTTGAATTGTTCGTTCTGCACCAGAAAAACGCCAACCAGCGCGTTTTCGCTTAAAATTCGATATTTATACTCGCTCTCTTTCAGCATTTTCTGGGCTTTAAGTTGCATCTGTTCGATGTCAAATTTATGGATGGCGTAGGCAATATCATTGCCAATTTCCTTGAATAATTCCACAATCTGCTCGTCGGCTTCAAAAGTGGGCGCAAGATAAGCCGTCAAAACGCCATATTGGGTGTCGCGATATCCTAAACGGTAACTCAGATGAAACTGGCCGGCAACACTTTTGCAAAATTTACATAATATACACTGATCCTCAGCGACGCGCGTGATTACCACTTCGTCCGTATCAAACGCATTCTGGATGCATGGAGGCATGTTGTTTTCTAAAATTTTTTGCTTTAAGATTTTGCCATCCTGTTCATAATCGCGAGAGATAAATATCTCCATTGTTTTATTGTGGGTATCTGTTAACAAAATGGTTGTCGTAAAAACGTCGGTTCCGGCCAACATCTGACAGATACCATTTAAAAGCTCTTTTTTACTGCGCCTTTCAAGGATGAATTGGTTGATTTGCTGCCGCGTTTTCAGAATGGAATTGACCATGTTTAAACGTTGCTGGACCTGATGTTTAAATAGCGCCATTTGAATATTGGTATGTAAGTCGATGCTTCTGACCGGTTTTACCAGATAGGAATAAACATTGTCCAGTTGCGCCTGATTGAGGTAGTCCTGATTGGCGTGCGCCGTTAAGAAGATGATGGGAATGTCCTGTTTTTTCGAAATCCGGTGCGCGGCTTCAAGGCCGTTTATCGGTCCGCGAATGCGAATATCCATTAAAATCAATTGAGGATTTGTTTTCTCAATTTGTTCAATGGCATCCGCTCCCGAGGCGGCGATACCCGCAATTCCGTAATTAAATTCCTGTAAAATTTGCTGCAAATGCGCAACGATTAACGCGTCATCTTCTACGATGAATATGCGAGGAGCTTCCATGATTCTCCACTCTTTTAAATTTCAAATTCAATAGTGATTTTTGCGCCATTCCGGCCGTCAATCTTTAATTTTCCGCCCAGTTGATGCGTTGCCCATAAATGAACCAGTTTTAATCCCATCGATTTAAGTCTGGTTAAATCTCGCGGAGGCGAAAAACCGGCCCCGCTGTCGCTGACCGTCAATTGAATACGTCCTTTGTGTTTATTCAACCGAACGTGAATCTCCTTAGGCCCTGCCGAATCGTTGAAGGCGTATTTAAACGAATTACTGACCAGCTCATTAATAATCAGCCCGCAGGGCAGCGCTTTATCGACCGCTAAAGTTAAATCGTCAATATTTAAAATCAGTTTAACATCTTCGACGTTTAAAAACGTCTGATGCACATTGGTCATTAAACTTTGCAGGTACGTTTTCATGTCAATAGCCGCCAGATTCGTCGAGTGGTAGAGCTGTTCGTAAACCAGGCTCATGGCGCGTAATTGATTTTGCAGGTTGTTAAATATTTCTCGGCTATTCAGGTCAGAAACTTGATTTTTGTTCATCTGTATGAGATAGAATAAACTTTGCAGATTGTTCTTAACGCGGTGATGAACCTCTTGCAACAGAATTTCTTTTTCGCTTAAAGCCTGGCTCAATTTCAGTTCGCTTTCTTTGCGTTCTGTAATATCACGCACTACGGCAACATAACCATGAATCTTCTCTTCGATGAGCATGGGCGTCACATTGGCAGAAAACCACTTAATACCGGCGTTTTTTTCTTCCAGGTTAAATTCCAGTTTTACGGTTTGTCCCCTGTTCAGTTTGTGGATGGTTGGTTTAAGTTGCAATTTCATGGCGCGGGGCAATAGCCGGAAAATGGGTCGCCCTATGTAACTTTTGAGGTTAAAATTCAATTCTTCTGCTTCTGGAGCATTATAGAACAGCAGCTTGCCCTGCGGATCAAACAGCAGAACGATATCGACCATGCTGGTTAAAATACTTTTAAAGCGGCCTTCGGATTCTTGCAGGGCGCGCTGATATTTCAGTTGTTCGGTGATGTCGCGAATGATGGCCAGGTTTACCATTCGTCCCTGATATTCCACGCGCGTTCCGACCACCTCCACATCTAATTCCGTCCCGTCCAGAGCAATGTGCTTTTCCTGGATTAAGGGTAAAACAGTTCCTTTGCCGTTTGCGGCGGCCTCTAAAAGCCTGCGTTTAACCAGTTCTCTGGAATCAGGATGGACAAAGCTCATAACCGGCCTGTTGTACATTTGTTCCAACGTTTGGGCTTTGTAAATTTTACGCGCCGCCTGATTGGCAAATAAAATACGACCGCTTTCATGAACCACAATGGCATCCGGAGATTGTTCCACCAGGCTGCGGTAACGGGCTTCGCTTTCGCGCAGAGCGTTTTCCATTCTTTTTCTTTCACTGATATCCACCAGCACGCCCCGCAGGCCGGTTACCTCTTCGCGCTTTAAAATGGGAGTGGCAAATATTAAAACCGGAAACAATTGCCCGTCTTTACGTAAAGCTAAAAATTCATTGGATGGCGGCGTCTTAAAATTTAATACGGCTTCAAAGAATTCCAGCGCTTTTTGCTGTTGCCCCTGTGGAAACCATTCCAATATTTTCATCCCCTGCAACATCTCTAATTGAGAATATCCGGTAAGTCTTGTAGCAAACGAATTCACATACGTCAAGCGGAGCGATGTATTGCTTTCGAATACGCATTGAGGCAGCAGATTGGCCATTTCTTTAAAACGTCGTTCGCTTTCAATTAGGCGATCCTGCGCTTTCTTTTGTTCGGTGATATCTTCAAGAACGCCTTCGATGAAGAGACCTCCGC
NZ_CP018099.1_gap38	1648502	1649961	1459	GAATCGTAAACGCCGGCCGCAAATTTCTCAAGATTCTCGCCCTGCGGAAAATCGGCTTGAATTTTCGGAATCTCTTTTGTGGCAATGGATTTCCAGTAATCCAGCTCTTTAAGCAGAGGTTCGCTTTGGGCAAATTCCTTTAATTTTAGAGCCCATTCTTTAAAAGAAGTTGTTTTGGGCGGCAATTGAATTTCTTTGCCCTGCGCCGCCAGTTGATAGGCCATTTGCAGGTCTTCCAGCAGAATACGCCACGATACGCCGTCCATGGCCAGGTGATGAACGGTGATCAGGATTCGATGGGGCAGCGCTCCGGTGTTAAAGTAAGCAATGCGTATTAAGGGCGCTCTGTTCAGGTCGAACGAAGCCTGGAGTTTAGCCGCCTCGTTTTCGATGGCTTTTTTCTGATCTTCGGCGTTTAGATTTTGCAAATCAAAATAGAAGAAAGGCGGCTCATCGGGCATTTCCGTAAAAAGTTGTTCGGGCGATTTCTGCTTTAAATTGAGCTGCAAACGCAGGGCATCGTGGTGCGCCAGCAGGGCGGCGGTCACCTGTTTTAAAAGCTCGGCGTCCAGCTTTTGATGTACTTCCAGAAGCAGCGATTGATTCCAGTGCTCCGGATGTTTGAAGTTTTGCTCCACAAACCAGCGCTGGATGGGCGTGAGAGGGGCGGCGCCGGTTACCAGGCCCTGTTCGGCGTGAATGACCTCCGCTTCCTGTGCAACGGCCGCCAACTGGCGAATGGTCTGGTATTGAAAGATTTGCATGGGCGTGATTTGCAAACCGCGTTGTCTGGCGCGGGCAATGATTTGAATACTTAAAATGGAATCGCCGCCTAATTCAAAAAAGTTGTCTTCCACGCTGATTGGTTTGATGCCCAGTACCGATTGCCAGACATCGGACAAAATCTCTTCTTTTTCATTGGCCGGCGGAACATATTCTCGTTGCTTTTCAACAACCATCTCCGGCGAAAAAGGCAGGGCACGGCGGTCGATTTTGCCGCTGGGCAGGTATGGAAAAGCGTCTAACACGATGAAAGATGACGGAACCATGTATTCCGGTAATTTTTGTTTGAGCTCGTTTTTAAGTTGAGCAATCTCTGCATTTTCTTTATCGCGAAGAATGACGTAGGCAATTAAGCGTTTGTTGTTCGGCTGCACCTCGCGTGCCACCACGGCCGCTTCTTTAACCAGCGGAGATTCCAGCAAAGCGTGCTCGATCTCATCCAGCTCCACGCGAAAACCGCGAATTTTTACCTGATTATCCACGCGGCCGATGAATTCGATGTTGCCATCGTCGCGCATACGAACCAGATCGCCTGTGCGGTACATGCGTTCGCCCGGATTGGTTGCAAAGGGATCGGCCACAAAGCGTTCGGCCGTCAGGTCTTCACGATTCAGGTACCCCATGGCCACGCCCAGGCCGCCAATGCACAATTCGCCGGGAATGCCAGGGGGAACCG
NZ_CP018099.1_gap39	1653699	1655234	1535	TGGGTTTGCCGGTGGAGCCGGAAGTGTAAATCACGTAAATCAGGTTTTGCGGCCCAACTTTTGTTTGCGGATTGTCGGCGGATCTCTTTTCGATTGCCGGCCACTCTTCATCCAGTAAAACGGTTTTTTTGCCCTGCAAATTCAGATTGTCTTTTAACGCCGATTGTGTTAAAACGATCTTTGCTTCGGCGTCTTCTAACATAAAGGCGATGCGCTCCGGCGGGTAAACCGGATCGATGGGCAGGTAGGCGGCGCCTGCTTTTAAAACGGCTAAAATAGCCACAAGCAAATGCGGCGCCCGTTCGGAGTAAATGGCGATTAAATCGTCGGGTTGTACGTCGTGTTCCAGCAAATAGTGCGCCAGTTGATTGGCGCGGCGATTTAATTCGCCGTAGGTAATATGTTGTCCTTCAAAGGTCAGCGCGGGCCGATCGGCAAATTTTTCAGCCTGCTCTTCAAACCATTGATGGATGCACTTTCCCGGCGGAAAGACGGGCCCCCTGGGGATCCATTCGTCCAGCAGCAGCTTCTTCTCCCGTTCGGTCAGTAAGTCGAGCCGCGTTACGGGCACGTCAGGTTGTTCCACGGCGGCGCGCAGGATTTGCTGAAAATGCGTCAGCATGCGGTCGATGGTGTCTGGTTCAAACAAATCGGTGTCAAATTCCACGTCAAGGGCAAACTCGTCCGCCAGCTCGGCCACGGTAAGGGTCAAATCGAACTTGGCGTTTTCGTTGCGTAAAGGCAGCGGCTCCACCTTAAGATCGGGCAGCTGTAAGGCGCCGTCCAGCGCGTTCTGGTAAACGAACATCACCTGGAACAAAGGCGTGTGGCTCATGCTGCGTTCCGGCTGTAATTCTTCCACCAGCATCTCAAAGGGTAAATCCTGGTTGGAAAAGGCTTCCAGAGCCATGCTTCGCGTGCGTTCCAGAATTTCTTTAAACGACGGTTCGCCGGAAAGATCGTTACGCAAAACCAGGGTGTTTACAAAAAAACCGATCAGCCCTTCGGTTTCGGCCCGATTACGGTTGGCGATGGGCGTACCGACGCAGATGTCTTCCTGATTGGAATAACGGTAAAGCAGGGCGTAAAAGGCGCTGAGCAGAGTCATGAAAAGCGTGGTGTTATTTTGCTGCGCCAGACGACGCACTCTTTCCACGATTTCGCCTTTCAACGCAGCCTGGCGATGACTGCCGCGGTAGGTTTTAATGGCTGGCCGCGGATGGTCGGTGGGCAGCTCCAGCACCGGCAGGCTGCCGGATAGCTTTTGCTTCCAGTACGGCAGTTGCTTCTCTTTTATTTCGCCTTCCAGTTTCTTTTTTTGCCAGACCGCAAAATCGGCGTACTGAATTTTAAGCGGCGGTAAAGAGGGCGGTTCATTTTTTACAAATTGATTGTACAATTGGCTGAATTCATTGACAAAAATGCCCACCGACCAGCCATCGGAAATGATGTGGTGCATGATGATGCTTAAAACGTGTGCATCTTTTTGCAAACGAATTAAATGGACGCGCAGCAGGGGACCTTTGCTCAAATCA
NZ_CP018099.1_gap40	1854911	1858321	3410	AGTGGAAAAGATGATTTTGCTGGATACGGCGCTGATTGTGATTACCGGTGGCCTGTCTATCCTTTTACACGACGCCATCTTCTTTAAAATAAAGCCGGCATTAATAGAGACTATCATTCTGGTTTTGGTTGGTTTGCACGCTTTTTCGGATAGGCCGGTTCTGTTGCACATGAGTAAACGCTTTATGAACGGGATGCAGATTAATCAGATACAAGTGCGTTTGCTAAAACAGATGAGCAAATGGTTGTTTTATGTAATCTTTTTACATGTGCTTCTTATTTTGTACTCTGCCTTTTACTGGTCAGAAGAGGCCTGGGCCTTTGTGTCCGGCGGTCTGTTCTATATTTTACTGGGCGGCATTGTGGTCGTTCAATTTGTGTATTTTAAGTTTTTTAAAAAACCTGCGCTTCCAAAAGTTATGCCTGAAGGCGATGAAGAATACTTCGATATTGTCGATCCGCAAGGGCGTATTTTAGGTAGCGCTCCCAGGAGCGCAGTCCATGGAAATCCTCAATTGCTGCATCCCACGGTTCATATTCACATTTTAAATCGGCAGGGACAGTTGTATTTACAAAAGCGATCGCAAAACAAAGACCTTTATCCCGGATTCTGGGATACCGCGGTCGGAGGGCATGTGCGTCATGGCGAAGCAATAGACGATGCCATGAAACGCGAGGCAAAGGAAGAACTGGGCATCGACGCCAGCAAAGCCAGGCCTTTAATTCGCTATGTTATGCGTAATCCCTATGAGAGCGAATTGGTTCATGTTTTTAAAATGCGCCATGACGGCCCGTTCAAAATTAATCGGGATGAGATCGAAATAGGCCGCTTCTGGTCGCTTTTTGAAATTAAAAAAATGTTGGGTAAGGGCGTGTTTACGCCGAATTTTGAACAGGAATTTCAAATCCTCGAAAAAAACAGATTGCTTTAATTGAAATTAGTTTGGGCAACGTCGATTTTAAAACAGGGGCAGCACAACCGCCCCCCTCTTCGTCCGCAGCTGGAATCGGAATTACCGGCCGGCGACCATTCAACGATGTGGTAACCCTCACCCCCTGCACCCCCTCTCCCAGAATAAAAGTCTGGGAGAGGGGGGAGCTGATCATATTCACAGTCAGCTGTTTTCATCAAACGATGTACAGCATTAAAGCTTTCATTGAACCATTTAACTCTTGCACTATCACCCCTTCGTCCGCAACTGGAATCGGAAAGACCGGCCGGTGACCATTCAACGATGTGGTAGCCCTCACCCCCTGCACCCCCTCTCCCAGAATAAAAGTCTGGGAGAGGGGGGAGCTGATCATATTCACAGTCGGCTGTTTTCATCAAACGATGTACAGCATTAAAGCTTTCATTGAACCATTTAACTCTTGCACTATCACCCCTTCGTCCGCAACTGGAATCGGAATTACCGGCCGGTGACCATTCAACCATTCAACCATTCAACCATTCAACCATTCAACTATTAAACTATTAAACTATTAAACCATTCATCCATTACACCCAGCCGCGAATTTTGCACGCTTCGGCCACGCGGGCAACGCCCACTACCATGGCTGCCAGCCGCGGATGGACGCCTTTTTCCCTTAACGCGTCGCTAAAAGATTGGAAAGCGTTGCTAATTTTTTTATCCAGCCGCGCATGAACGGTAGCTTCTTCCCACATTTCGCCTCCGCTGTTTTGCAGCATCTCAAAGTACGAAACCGTAACACCGCCTGCGCTGGCTAAAATATCGGGCAGCACAAAGATATTACGATGATAAAGAATTAAATCGGCTTCCGGTGTGGTTGGGCCGTTAGCCAGCTCGCAGATAATTTTAGCTTTAATCAGGCCGGCGTTTTTTTCGGAGATGGCGTTTTCCAGAGCGGCGGGATACAGCACGTCCACATCCAGTTCCAGAACGGCGTCGCTGGGAATGTGCCGGGCGCCCGGGAAGTTGAGCACCGTTCCGGTTTTAAGTTTATGGGTTACCAGTTCTTTGGCGTTAATGCCATCGGGATTCAAAATGCCGCCTCTTGAATCGCAGGCGGCGATTAATTTTCCGCCTAACAGTTCTTCGTGCAGCAGGGCGGCTCGCTGTCCGGCATTGCCGAATCCCTGTATGGCAAAAGTTTTGGGCTCAATATTCAGGAATTTACAGGCTTCTCTAACGGAGATAACGCCCCCGCGCGAAGTGGCGTCGCGTCTGCCTTCTGTGCCGCCGATGGGAAGCGGTTTATCCGTAAAAACGCCTGGTTGGTGTTTGCGCACAATCGTTTCAAATTCATCCAGCATCCAGGCCATGGTTTGAGGAGTGGTGTACACATCCGGCGCCGGCACGTCTTTGTCCACGCCCAATATATCTGCAGAAGCTCGGATGTAGGCGCGAGCGATATTTTCCAGCTCTTTTTGCGACAGGTGGCGCGGGTCGCACACCACGCCGCCCTTAGCGCCGCCCAGCGGCAAATCTACCACGGCGGTTTTCCAGGTCATCCAGGCCGCCAGGGCGCGCACCACATCCACGGTCTCGTCCGGATGGAAACGAATGCCGCCTTTAGCAGGGCCGCGCGCGTAATTGTATTGCACGCGATAGGCATGGAAAATTTCAAACCTTCCGTCGTCCATGCGCACGGGAAAGGTAAATTTGAATTCTCGTTGCGGCCATTTCAAAAATTCCGTGGTTGCCTTATCCAGATTCAGAATGCGGGCCGCTTCCTCAACCTGTTGCTGAGCGACCAAAAATGAGTTGTAAGATTTCATCCTTCCTTATCCTCTTTATTGTTTTCCGATTGGTTCGCGCTTGCTTCTGGGGGATCCAAAATAATTCTGTACCAGCAGTTTCTGCAAACCAGCATACGATCCACGCTTAAAAGAACCTGTTCCCACAGGGTCAGCTCATTGCCGCAATGAGGGCAGAGATTGGGGGTGTTTTCTGATAGTTGGTCTTGCATTGGTTTTATACCCCTGGTTTGGTGATGATTCCCTGATTTTTACGCCCGTTCATTAAAATTTTGATGGGACGTTTTAGGCGAATATGATAGGTAAATTGGAAATGTTTATTCACGGGTTGTTTTTTTAACCAGTCCCAGTCAATGAAACCTCTGTTTTTAAATGGATTGACGGTAAAGTATCCGACCAGAAACGAAGTGAGATTCTGGAAAAAATGCGAACCTTGCGACGGCTCAACCATAAAATCTTTAAAACTGGTTTCAACAATAGCCTTAGCTCCGGAAATTTGTTCCCAATTAACCGGAATGCCCAGCCAGGGGTCTAAAGACCCCCAGCGCCCGACACCGATTAGCAGGTACGGGCGATTTTCATTAATCAGCAAAGCGTTTATTTTACTGATTTCTTCGGCTACCTGCTGAGATTTAGTGCGGTCAAATTTATGGTAATCAACATACACAATATCATAAATATCTTTAATGATA
NZ_CP018099.1_gap41	1989232	1992391	3159	AGACCGTCCGGATTGGTGCCGCCCACCACCGCCGGGTCCTGTGGATAGGGCGCGCCCACAACCACCGCCACGCAGGTGCCGTAGTTCAATCCGCTGCCCTGCGGAAATTCAAACGAGGGAATGCGCGCCAGCGAATAATTCTGATTATTGCCGTCGCACAACATGCCTGCATTGTTAAAGGTGGTGGCCACTTTATTAATGTTCATCACGTTCCACCTTTTAAAATCCATGGGATTTTTTTGAGCCGCAAGCGAGCTCAGAAAAATCATGGAAAGCGTGATGGTTAAAGATTGTTTTAGTTTCATTTTCAATTCCAGATTTTAAAACCCAATTGAATGACACGACCGGGACCGTACATGCTGGGATTGTTGGTGTAATCGTGCGAGGTCGCCGGATTGGCGTCGTCTCCGGGTATGCCCGAATCGGGATAAACCCACCACACGTTCTTACGATTGGGCACGTTCAAAATTTGCACAAAAAACTGCTGTTTCATGCCCATGAACTTAAAGTTTTTGAACAGATTCAAATCCAGCGAATGAATCCAGGGCGCGCGCTCGCCGTTGGGATCGAATTGAGAGCGGGTGTAGGGCAAACCGCTGGATGCGCTGCCGTAAAGTGAAAAACCGAAACCGTTGTCCGCCTCAAAGTAAATGTTTGCGCTCAGCACATGCGGTTGATCCCAGTTTGCCGGAAAGGTTCGGGCCTCGTCAATAGGCACGGTAAACAGCACCGACGTGCTGACAAAGGTGCGCGAATAGGTGTAGTTGATGGTCGCGCTAAAATGATCGCTGAAATATTTCTTAAAAGAAACTTCAACGCCTTTAACCGTGGCGTAATCCATGTTTTGCAATAATTGGAAACGTCGGCCGTCCGGCGTTTGACTGATCATCGTGCCGATTAAATTACTGGTTTTGCGGTAAAAGCCGGTTACGTCCAGGGCTATGACATCGGAAATTTTGTTCTGAATGCCCACTTCATAATTTACGGTTTTTTCTGGTTTGATGCTCAGCCCGGCGATGCCCGTTTGCTGTTCGGCCAGCGCAGGGTTGGGTCGGTACTCGCCGGTGATCTCATTAAAGAAGTTGCCTTCATAAATTTTAAAATAGGTGGGGAACTGGTAATAGTGTCCGTAGCCAAAACGCACGGCGGCCTTTTCGGCAATGGGGAAACTGATGCCCAGACGCGGCGTAACGTAAGAGACCGGCTTTTCGTCTTTTAAGGGCGCTTCTAAATCCCACAAATTAGCCAGATCGTCCAGAATTTTACGTTTGGTCTGGTGGTAGTCAAAACGCAGGCCCAGGTTGACGATCAGGCCCATGTCCATGAATTCCATCTTTTCGTTCACATAAGCGCCGATGTGCAGCGGCTGGAACTTGTAGCCTTCCAAAATGGCAAATCCGTCGGGATTGCGGCGCGTGAGGCGTGTTTCCATTATTTCGGCATTAACGCCTAACGAAATATTGTGAATGCGCGTCAATTGATTCACATAATCCACGCCCGCCTGTTTGCGCTTGAAATAGGTGTCAAAATAGACCCAGTCTTCGCCGGTAATGGAAAACTCGGCCGTGCCTGTCTGAGGAAGAACGTCGTACTTGGCGGGGTCGTCGTAAACATACGATTTAAAGGAGCGTTCGTAATTGGCCGCATAAAATTTTACAAAACTTTTAGGCGTGAGGGTGTAATCGATTTTCGTGTAGAGCAGGTCGTCGGTTAACCAGACGCGCGGCGTGCCGTAAGGATTATATTTAAAATAATGGTTGTACACGCCCTTCTGGTTTTTGGCGTAGTAACCGCCCAGCGAAACTTTAAGGGCGTTGGAAGGCTTCCAGACGAGTTTGCCAAAGGAAAATTGTGTGTCCAGGTACTGCATGGGCACCTTTTTGGGCGTGCCGCTTTTATCGCGTCCTTCGCTGTTCACATATTCCGGATAGATGTAGCCGTAAATGTAGCCGTCTGTGCTGTAAATACGGTTGGCAAAGGTAAGCCCCACATTTTTTAAAAAGGGCAGCGCCGAATTAAACATTACCTCCCAGCTGTAGGTGTTGTGCGACTGGCTGTCCAGGCCATGTTTGTCGGTAAGCGCTTTAAAAGCCACTTTTGGACGCGCATCGATGCGGTCAAAGGTAGAAATGTTAACCACGCCCGACATGGCTTCGCCGTAGCGCGGATCGAAGGTTCCGGAATAGGTTTCCAGCGAGCTGATCATCAGTTCGCCTAACTGATCGATACTAAAACCGCCCCACAGGCCGTCGGTGACGTTAATCCCGTCCAACAGATAAAGGGTTTCGTTTTCGCGGCCGCCTCTAAAGTGCAGTCCGTCGGTGGGAACGGTGGCGAACTGTCCAAAAGCAGGCATGCTGGAAACGGGCATGGTTCTTAACTGCGGAACAACGCCCGCCTGTTGCACCAGAATGTCCTTCATGGTCGAAAGAGGCACCTGGCTAATTTCGTCGGCCGTTACCGCCTGAATTTTGTAAGTCAGGTCTTTTTGCACGGGCGGGGTTTTGTAAGCCACCACGGTAATTTGCTCGCCCTCCAGAATTTGCTGAGCCAGCTTAAAATTGACGCGGGCCGTCAGGTTGGACATAACGCGTACCCCTTTTTGCACCTGTTCGGTGTAGCCGATCATGCTGGCGTGAACATCGTAAACCCCGGGCGGAACGTTCAAAATAACATAGTAGCCATCCTGATCGGTCGAAGCGCCCAGACTAAGTCCGGCGATGTACACGTTGCATCCGGGCAGCGGTTCTCCGGAACCGGCGTCCGTCACCTGCCCAACGATTTTACCTGTGTTTTGCGCCAGGGCATGGCCGCTCAACAAACCAACGATAACTGCCGCGACAATCAATATTACTTTTTTCATAGCGCATCTCTATCTTTTAATTTTGATAGTTGTTTTTACTAATCGCAATGTACTTTAAGCTGCCAGGCACTTTTACCTGACTGAGTGGTTTGAGCGTCCTGGTTTCGATAATCTGCACGGTGGAATCCTGCGGCGTGATGGCGTACAGCAGTTCATTGCCATGGGTTAAATCCATCTCTTCCATGTCTTTTTCCCAGATTAACTGCTCCACGATCGTTTGACTGGCCAGGTCGATTTTTAAAATTCCACCCACAAAGTCTTTATCTACCTTTCGGAAAAAGTTCAAAAAGTAAGCG
NZ_CP018099.1_gap42	2128771	2130182	1411	GAACGTATGGCGAAAAAGTTACAAACTTCAGCGGCGCAGGAACGACTAAAGAAGCGTTCGGTGACAGTTGAACCTGTTTTTGGTAACTTGAAGCATAATTTAGGCTATCGTGGATTTTCCTTATCTGGTCTTAATAATGTTCGTAGTGAATTTACGTTAATGTGTATTGGGCATAATATTAATGTTCTATTTAAAAATATGTTAGGGAAACGTTTAGCAGCGTTTATAACAGCATCACAAGAAAAAGATGATCTATTAATTTTATTTTCAAAGAATATTTTGGCGTTTTTAATTCTATATTTTGCCCAACGCTTAAGAATGAGAAAAAATTATCAATATCGGAGAATATAAGCATTAATTCCTCCCCCCCATGCAACAGCCTCCCGGGCGGGATTTGAAAATTTTTGTGCTGCTGGATTGGTTGAATGGTTAATTAGTTGAATGGTTGAATAGTTAGCCTGTCATTTCAAACCTGTTTCTGCAAATGTGGTGAATTCCTGCCACCGTTTATGTAGGGGCGAAGGATTTCCAAGAACAATTCAGCGATGGTAAGCATTAATCTTTAGTCATATAAAAAAAGCGCTCTGGATAAAGTAGGGTTGGAAATCCTTCGCCCTTACAAGTACGATCATTCAAGATCTTTTGTCTGGGAGTGAGGATCGAGCGAGCAAGGGTAATTTAATTTAAAATATTCATTGTGCCCTTTGTGACTTCTCTGGTCGCTTGAAATAGTTTGTTTAATCATTTTCTGCGATTATTGGCGTAAACTGCGAGAAGATTACTCTGTGCGCGTTGCGGTTGATTTTGGTTGCGGCTTCGATGCCCGGGAATACTTTCTTTAAAAACGGAGGGTGTCTCAAAAGCGACATCAAATGTATATATATGCAAAATATAGAAAAAAGTTTACAATAACCCTCACCCCCTTTCCCCCTCTCCCGATTTCGGGAGAGGGGGAATTAAAGGGGGTGAGGGAAAGAAAAACTTTATAAAAATACATTGTCTTTGACTTTTGGGACAGCCCCCGTTCGCAAAATCAGGCAATGGTTACCTCTTTATTCAAAAAGACATCCTGAATGGCGTTTAACAGTTCAATCCCTTCTTTCATGGGACGTTGAAACGCTTTTCGGCCGCTGATCAGGCCCATGCCGCCAGCCCGTTTATTGATGACGGCCGTGCGCACCGCCTGAGCCAGGTCGCCGGCTCCTACCGATGCGCCGCCGGAATTAATTAAGCCAATGCGTCCCATGTAGCAGTTAACAACCTGATACCGAGTCAAATCAATGGGATGATCGCTGGTCAGTTTGGAGTACATATCGGGATGCGTTTTACCGAATTTAAGGGCAGTGAATCCGCCGTTCAATTCGGGTTGTTTTTGTTTAATAATATCGGCTTCCATGGTCACGCCAAGGTG
NZ_CP018099.1_gap43	2134470	2135793	1323	ATTGCCATGTTTTTGTTTAAGCGCCTCTTCAATCATGACGCGTTCAAAGGCGGCCAGTTTTTCCTCGTAAGGATGTGAAAAATCAAACGGGTCAAGAATGGAGCGCTCGGTTTGGACGGTAAGTCCCTGCGGCAAATCTTCCAGAGTGATGATTTCGTCGCGGGCCAGAACAACGGCGCGTTCAATGATATTTTCCAGCTCCCGCACATTGCCCGGAAAATGGTAGCGCATCAAATAGTCCTGAGCCTCTTTTGAGATGCCCACAACATTTTTTTGATTTTCTCGGGCGTATTTTTCAATAAAATGGCGGATCAGAACGGGAATATCGCTTTTTCGTTCGCGAAGGGGCGGAATGTGGATGGTTACCACATTTAAACGATAGTAGAGGTCTTCTCTGAATTCCCCTTTTTGGATCAATTCTTCCAGATCACGGTTAGTGGCGGCGATAACGCGCACATCCACTTTAATCGTTTTACTACCGCCCACCCTTTCAAATTCTCCGAATTGCAGTGCGCGCAGCAGCTTAACCTGCGTTTGCATGGGTAAATCGCCGACTTCATCGATAAACAAGGTTCCGCCGTCCGCTTGCTCAAAACGTCCGATGCGCTGCGCTATGGCGCCGGTGAATGCGCCCTTTTCATGGCCGAATAATTCGCTTTCCAGCAAATTAGGGGAGAGAGCGGCGCTGTTGATAATGACCAGTGGTTTATCGGCACGGTCGCTGGCATAATGAATGGCGCGCGCAATAAGCTCCTTGCCTGTGCCGCTTTCGCCGAGAATCAAAACCGTTGCCTTGCTGCGGGCCACTCTGCCCGCCATGTTTAAAACCGCTTCCATGGCCCCGCTTTGCGAGATGATGGACTGAAAGCGATATCTTTCCTTTAATTGTTCGCGTAAAATCTTGTTTTCGGAAATTAAATACTGACGTTCGCGCGCTTTTTTTATCAAAACTTCCAGCGCATCCAGGTCAATCGGCTTAGATAGGTAGTCAAAGGCGCCTTCCTTCATCACCTGAACGGCTTCTTCAATTTGACTGTAAGCCGTAATCACCACAACCGGAATTTCCGGATTAATTTTTTGCGTCGCTTTAACCACCTCCAGGCCCGAGATGTCTGGCATGCGATAGTCCGTAAGAACGAGATCAATTGAATTGGCCTTTAGAATGTTCAAGCCTTCGTTTCCGGAGCTGGCGGTAAATACAACGTAGTTTCTGCGCTGTAAAAATGTTTTTAACGAAATAAGCTGCGCAGGCTCGTCGTCAATAATTAAAATCTTAAAATCAGCCATTGTATATTCCTCTCTTTTAATAGACCAGATTAATTG
NZ_CP018099.1_gap44	2143535	2148129	4594	GACCTCGGCGCTGTGATCAGTCCACTGAATGCCTGGCTATTGGTTCGCGGTTTAAAGACGCTGGCCATCCGCATGGAGAGGCACCAGCAGAATGCAATGAAAGTGGCAAAGTTTTTACAATTCCATCCGAAAATAAAACGTGTGTGGTATCCTGGTTTAACCACTCATCCGCAACACGAGCTGGCTAAAAAGCAGATGGCAGGATTTGGCGGAATGATCAGCTTTGAGATTAAAGGCGGTCGGCGGGCCGGCGAACAATTGATGAATGCGGTTAAATTGATCACCCTGGCTGTCAGTCTGGGAGATGTGGATTCGCTCATTGAGCATCCGGCTTCCATGACCCATTCTACGTATTCCGAAGAAGAACTGGCCAAATGTGGAATTACCGAAAGTCTGGTTCGTCTTTCGGTGGGCATTGAAGATGCGCGCGACTTAATTCAAGATTTGTCGCAGGCTCTGCGCAAAGTTAAAGTTTGATATTCAGAAGCGGCCTCTGGTGTCACGGTCGGCTGACCACCGGCCATTTTGGCCTTCGTCCCGGAAGAGCAGATGCCAGGGGTTGCTTCTTTTAATACACAGGCATCGAATTATTATCTCCAGCTGTAAATTGCTTTTTGAGGATTAATATAGAAAGGAAAACACGTGCGGATTCTTGTGACAGGCGGCGCGGGCTTTATTGGCTCTCATTTGTGTGAAACGCTGTTGAACAAAGGCCATGATGTATTATGCCTGGATAATTTCTTCACCGGACAAAAGGAAAATATCTGGCACCTGATGGATGATAAACGATTTGAGCTGATCCGGCACGACGTGACGCAGCCGATTTTGCTTGAGGTCGATCGCATTTACCATTTTGCCTGCCCCGCCTCTCCTATTCACTATCAGTACAATCCGGTTAAAACTATTAAAACCAGTGTGATGGGTACTATTCACATGCTGGGCCTGGCAAAACGCGTACGGGCGCGCATTATGCTGGCCAGCACGTCTGAAGTGTATGGCGACCCTAAAGTGCATCCACAAAAAGAAAGTTACTGGGGCAATGTCAATCCCATCGGGATACGCAGTTGTTACGATGAAGGCAAACGCGTTGCGGAAACGCTGATGATGGATTATCACCGTCAAAATAAAGTCGATATTAAAATTGTGCGGATTTTTAATACTTATGGACCGCGCATGGCAATCAATGACGGTCGGGTGGTCAGTAATTTTATCATTCAAGCTTTAACCAATCAAAATATTACCGTCTATGGTCGCGGCAATCAAACGCGTTCCTTTCAATACATTGACGATTTAATTGATGGCGTGGAGCGCATGATGAATGTAGAGGATTTTATCGGTCCCGTTAACCTGGGAAATCCGCATGAATTTACCATTCTGGAACTGGCTGAAAAGGTCATTGAACTGACCAATTCCAGATCAAAAATTGTTTTTAAACCTCTGCCAGCGGATGATCCCGTGCAGCGCAAACCTTTTATTGGACTGGCTAAAGAAAAATTAGACTGGGAGCCCAGGATTAAACTGGAAGATGGATTAAAAAAGACGATTGCCTATTTCGACGAGGTTCTTTCCAGGCTTCCGGACAAAAAACCGATCATTGATTGATTTGCTCCGTGGCCGGGCGGTTGATTTTTAGATGACTCTTACACTCTTAACTTTTTTCTTCTCCAACGGTGGAAACCATTTCCCGTGTTAACCCTCACCCTCTCATTCCTCCCCCTTCCGGAATAAGTCTGGCAGAGGTGACGCTGAGCATGGGCAGTTATTTCCAACGGTGTAAAGGATTCCCACGCTGGCCAGTTTCGCGCAAAAGCGGGAAGAAGAATGACAGGGCGGTGATCATTCACCCCCTCCGGCTGGCGTGTAAAATTTTTTCATTTATTCTTTTTAATTCATAAACTTGTTTTTAATGTTAATTTAAAAAAAGGAAGGGAACGTTCTTGCACTGGCAAAAACAGTCGCCTGCCGAACACATTGCGCGCACCATGGAAGTCATTTATTCTAACGGAATGACCACCCTCTCCGGCGGGAATATTTCCGTTATGACTCACGATGACCAGTTGTGGATCACGCCGGCCGGCGTGGATAAGGGAAAAGTTACTGCGGATGACATGGTTTGTCTTAATAAAGAGGGAACCGTAAAAGGCAAACACCGGCCTTCCAGCGAACTGCCGTTTCATCAAAAGATCTACAGACAGCGGAAGGACATAAAAGCCGTCATCCACGCCCATCCGCCGGGATTAATGGCCTTTAGTCTGGCGCATGAATTACCTGATCCTGAAATAATTCCTTCTTTTGGACTGTCCATTGGTAAAATTGGTTACGCCGCTTACGCTCTACCGGGTAGTCAGCGTTTGAGCGTCCGTATTGCAGAACCTTTTGCTGCTGGATGTCAGGCTGTTCTGCTGGAAAATCACGGCGTGGTTACGGCCGGTGCGACCCTGTGGGAAGCCTTTCATCGGCTCGAGGCGCTGGAATTGCTGGCGGCCATTTTGATTCAGGCGAAAAGGATCGGTCAAATCAAAAAAGCCGCTTGTCGCTCGCTGCTTGCGGAGTATGCAGAAGGAAAGGAGACTGTAGAAATCGAAACTCCCGCTTCTGCCAGAGCGGCGAAGGAATTAAAAGAGGAAATGGTTCGCTTCATCATGCGCGGCCTTAATCGTCGGCTTTTGTTCAGTTCGCTGAGCGTCCTTTCTGTGCGCGTGAATTCAACCGATTTTTTGATTACGCCGGCAGACGGAGGATTAGTTAATATTACCACGCATGATCTTGTTTTGCTGAGTAAGGGCAGAAGTGAAACCGGAAAACGGCCGCATCCCTTCGACCGCCTGCATCATACCATTTACCGCCAGCATGCGGCAATCGGGACGATCATTCAATCGCCAGCGCCGCACATCACGGCATTTGCCGTTAGCGATCAGAGGTTTGACAGCCGCTTAATTCCCGAAAGCTATGTAGTGCTGCGAGAGACGCTTCGCGTTTCTTTAAATGATTTACGACAAAATTTGCAAGACCTTTCATCCTTGCTTTCTGCTCAACGGCCGGCTTTGCTGTTAGAGAACGAAGGGGTTTTAATCACGGGCGCCAATCTCTTGCAAGCTTTTGATCGACTGGAAGTGGCCGATTTTAGCGCGCGCGCCATGATTGATGCGCTAACCGCAGGCAAGATTAACCCCATTCCGCAAAATGAAATTCGAGAAATTGAGAAAAAATTTTTAACTTAGGGTTAAGGCTATCATGAAAAGGAAGGTAAAATGACCATCCTTAATCTTAAAAAGCAAATCATCGAGGTAGGCCGACGGTTGTGGCAGCGGGGGTATGTGGCGGCCAACGACGGCAATATCTCCGTGCGTCTCAATGAAAGGGAAATATTGACCACGGCCACGGGCGTAAGCAAAGGATTTATGAACGAGGAGATGATCGTTAAGATTGATATGGAAGGGCGGTCGCTGGAACGACACGCCAAATTCAAACCGTCCAGCGAGGTCAAAATGCATCTGGAAGCCTATCGCCAGCGGCCCGATGTGCATGCCGTGGTGCACGCCCATCCGCCATACTGCACCAGTTTTGCGGTGGCGGGCATTCCGCTTGATCGCTGCGTGCTGCCCGAAGCCATTTTAATTCTGGGAGCGGTGCCCATCGCAGAATTCGGTTTGCCTTCTACCCTGGAAATCCCGGAAAAAATCCGGCCGCACCTTCAAAACACGGACGCCATTTTGCTGGCCAACCATGGCGCCTTAACCCTGGGCACGGATTTAATGAATGCCTATTTTAAGATGGAAACTCTGGAACATGCCGCGCACATTGTATGGAATGCCATTCAATTAGGTAATGTGAATGTGCTTCCGGAAGAAGTAGCGACGCGTTTAATGGCCCTGCGCAGTAATTACAATCTTTCCGGCAAAGTAACCAGCTGTCAGGCCGGGCCGTTGACTGTTTCGAAAATGGCGCGGTCCGCCAAGGCGGATTTTAACAATGATTTAACAGAAGAACAAATAGAAGAAATACAACAGGCCATTTTGAAACGGCTTAAAAAGTAGATATTTATTACAATGGGGTGTTGAATGCGGAGCAGCATAAAACATTTTTGCAGGGATTTAAGCAACCACTGAGAGCGCAGAGAAGTCACAAAGGGCGTAAAGAATGTTGTAATTAAAAATAGTTTAAATTGCCCTCACCCCCTGCACCTTCTTTCCCCGAATAAAAATCTGGGAGAGTGGGAAATTTAGCTTTGGAAGTAATTTCCTATGGTGTAAGTGATTCCTGCACTGGTCAGTTAGGAATGCCAGGCCGCCGACCATTCAATTTTGAACCATGATTTACTTGATTTCGGGATTTCCAAGATTTGCTTTTTGTGGCTGCAAAATTTCGCCTTAAATTTGAGTGTAAACGTTCACGAGTGAAAAAAAGAATCAAGTTAATCCTGTAATCACATTAATCAAGGTTCAAAAACTACCTCATAATTTCTAAACTCTTATCCTCTTACACTTTTACACTTTTTTTGCCCAACGGTGGCAGGAAATGTCCGGAGTGGCCCTCACCCCCTTTACTTCCCCCTCTGCCAGAATAAAAGTCTGGGAGAGGGGGAAGTTTCGCA
NZ_CP018099.1_gap45	2149587	2150791	1204	CTTAAATGAACCAATTCGCGTAATTCCGCAAAAATTCCCTCTGGGATGATTACTGTTAAATATTTGTTTAATTCTATTATATCTGCTATGACCTTTGGGTCTTTTTTATCTGTCTTATTGGGACTATTGTCCGTTAATTCTTTCAGGCGCTTGGTATGCATCGGATTTATTTGTACAATCTCATAGCCCCTTCGATGTAGATAATGAATGAGCGCAAGCCCATAGCTGCCAGTGGATTCCAGGCCAAATAAACAATTCTTAAGACCGGTCTTTGCTCTGAAGCTTTCTACTTTTTTTAAAAAATATTCGAATCCTTTACCTGTGTTAAAAAACTTAAACACTTCTAACTCCTGACCATCTTTTGTACGTGCATAACCGTAATTAAATTTTTTGCCTATATCCACTGTAACTAATAAGGTTTCTTCGTTGAATTTTCTCTCTTTTTTGTTTATTTTCCCCATGACTATGCTCCTTTCTTTTTTTTTAAATCAGCTTACAATTTAAGGAGTATAGTCTTTTCTTTCATCCTTTTGTTGACAACTATAATATAGTAAGCTCTGCCAGAATAAAAGTCTGGGAGAGGGGGAAGTTTCGCATGGCAGATTATTTCCAACGGTGTAAAAGATTCCCGCGCTGGTCAGTTTCGTGCAAAAGCGGGAAGAAATGACAGGCCGCCGACCATTCAATTTTGAACCATGATTTACTTGATTTCGGGATTTCCATGATTTGCTTTTTGTGCCTACAAAATTTCGCCTTAAATTTGAGTGTGAACGTTCACGAGTGAAAAAAAGAATCAAGTTAATCCTGTAATCATATTAATCAAGGTTCAAAAACTATCTCATAATTTCTAAACTCTTACACTCTTACACTTTTTTTGCCCAACGGTGGCAGAAAATGTCCGGAGTGGCCCTCACCCCCTTTAATTCCCCTTCTCCCAGAATAAAAGTCTGGGAGAGGGGGAAGTTCTGTACGTGGACAGTTTTTCCCTAAGGTGTAATGGATACCTGCGTTCTAATGAATGATACGTCTTTGTGTCAGGAATTTTCTGGGCAGGTCTCTTAGCCTACAGAGTGGAATGAGGAATGACATTTTGGCCCCCATTCAACCATTCAACCATTCAACCATTCAACTAATCAACCATTACGGCTTCGAAACAAGCAATTTCAGCAAAACGCCTTTTTCCGCTTTCGCCCGCTAAAGATCA
NZ_CP018099.1_gap46	2200110	2201122	1012	TTTCGAATCAAAATCTGGACGTTACAACATTGACGGAGTTATGGGGCCTGATGAATATCACGAAGCATATCCCGGCGCAAACTCGGGCGGCCTTAAGAACAATAGTTACACCAATATTATGGTACTATGGGCTATTGATCGGGCCTTTAATATTCTTGATTTGCTGCCGACTGAAGATAAAATGAAACTGTTCAAAAAGATTGACCTGAATGAAAAAGAGTTGGATGAGTGGCGTAACATTAAAAATCATTTATCCATTCCTCTTTCTCGCGAAAATATTTTAGAACAATTTGAGGGATTTTTTGACCTTAAAGAAATAGATCTAAAGGAATACGCCAGAAAATACCGTAATATCAGCCGTATGGATCGCATTCTTAAGGCCGAAGGGAAAAATCCTAATGACTATAAAGTAATTAAACAGGCCGATACGTTAATGACGTTTTATAATTTACACGAAAACGAAATTCATCGTTTACTTATCCAGGCCGGGTTTATGCCATCTGAGCAGCTGTTGAAAAAGAATTTCGACTATTACATTAAGTACACTTCGCATGGCTCTACACTGAGTAAATTGGTGCATTCTCGAATTGCATTCCAGGCGGGATATGAATCTTTAAGCTACAATTATTTTATGGAATCACTGAAAAGTGATTTTCACGATGTACAGGGGGGCACCACCAAAGAAGGTATTCATACCGGCGTTATGGCTGGGTCGGTTTTGCTGATCCTGAAAAATTACGCCGGTCTGCATTTTAAAGATGATAAAATTTATCTTGAGCCGAATTTACCTGCAGGTTGGCGCGGCATTAGCTTTTGGGTACGCTATCAAAAGCAAGAGTACCATATTAAGATAACACATAAAAAATTGAAAATCACAAAAACATCTCCGGAAACCAAAATTGGCGCAGTTTATATAAAGAAAAATAAAATTCACTTTGGTGACAATAAGTATGTTGAAATTGAACTGTAGAGGAGAAAACGTAAATGTTAGAAGACGTTTTGTTGTTAAAGG
NZ_CP018099.1_gap47	2228761	2232820	4059	AAAAATGGCGCTGTGAAAAGCGCGGTTTTTAGGACGGTGACGCTCAGCGCTTTTTTATTGAGAAAACGTCCAAGATAAATAATAATGGCCAGCCAGATCAGCAAAAAACTGAAAGCGGTAATCGTGGCCGCCGCCAGAATACCAAATTTCGGAATAAACAGCGCGTTGAAAATCAGGTTAAAAGCTAAGGCCACGGCCGAAATGCCCACCAGAATGTTGCTTTTGTTTTTTAAAATGAGCCAGCCGTCGATCATTTGCGCCTGCCCGTAGATCATATAACCCAGGCCGACAATCAGAAGGACGGTTTTACTGACCTCGAAGCCTGCCGGCAGCAGTAAGGACGGGAAGTAATGAAACAGCAGCAGTAAAATCCACAAAATCCCAGCGCAGCTAAGGGCAATCAAAGCGGCATAGGCGCCCACATGCTGCCTGAAAAAGTCTTCTCCGCGGGCGTAAATGCGCGGAAACCACACATTATTGCTTTGCACCACAAAAATCAAAAGCATGGAGGCAAAACGGTAGCCGTAATTGTAAATGCCGGTTTGCTCAACACCCAGATAAAATTTAATGAGATAATGATCGCTCTGGTAAAGCAGGTAGGTCAATAAAAGAACGAGCATCAACGGAAAGCCTGTTTTAAGTAATCTCTTTAATATTGGCCAGTCGAAAGAAAGGCGCCGCAAAGACTTTAAAAGATCGATATTAAAGAACAAAAGCAGAAGATTGGCCGCAATAAAAGAGATGAAAAAGGCCTTAAGTTGCCAGCCCAGAAAAAGACCGGATAAAAACAGAGTAAAAAATGTTCCCTGCACAAGCAAATTGCCCAGCAAGTATTTTCTACTTTCCTGACAGGCGCTGAAGAAAGTCAAAATAAGCACGCTCAGGGCGTTGACCAGTATCAGCAGGGGAATGAACAGGAAAGGAAAAGAAATATTCGGATCGAGGAAAAAGCGGTTGAGGGGCTTCTGCCAGGGCCAGCTCAGAACGGTTAAAAAGATAAAAAAAATAAGTATAAAAGAAAGGGCCGCCCGCAGATAGCGCAGTCGTTCATGCGCATGCAGCCCCGGAATAAGACGAAATAAACCCTGTTCAACGCCCAGAAGTAAGATGACTGATCCCAGCGCGGTGTAAAGACGGTAGAGGGAAAAAAAACCAAAATTCTCCGGAGTTAGAACCTTTGCAACGTAGGGCAGCAACAAAAAAGGTAATATCCGGGCCAGACCGCCGGCAATCATATAGTTGAAAAAATCTTGCAGGCTTTTGGAAAATCTGAAGTTCATGGACAACTCATGGATTTTGTGGAGACCACATCAGCAGCTCGAACGAATCCCGAAAAAGCCCGCGTGCGCCAAAGTTCTCTTTAAATTTTCCCAGGCCCCAGTTGGGGTCCATGTTCACTGTAAAAATACCGAAATCGTAAAATTGAAAACCTTCTTGAACCGCCCATTGAAAGATGTGGTAAAAAAGGTTGTTAACCGAACGGTATTGCTGGAATTCCTTGTTGTCGCTGATGTAAAATGCCAGCACAACGCGCGGCGTGCAGATAAAATTAACCACTCCGGCAATCATCTGTTCGCCCAGATAGGCCGCCCACAGATGAATACGGTCGGGAAAGAGCTGCGCCAGTTTCTTTAATTCCGGCAGGGTATGGGTGGGCGTAACGTTGTGCCGCAGTTTCAGATTTTGCTTCAAGATTTCGTAGTAAGTGTCATAGTCATCGGACAGACGTATTTCAATGCCGGATTTAATGGATTTACGCGTGGCCGTGCGCGCTTCGCTTTTAAACAGGCTCAACACCTGATCCGGATGGGAGGGCAATTGCACGACGCTGGAAATTTCCCGTTTTAAATAACGGAAGCCGTTCTGCAGCATGGCGAAATCGATGTAGTTGGAATAACGGTTCATGTAAACAAGGGGAGGGAGGGTGATTAAAATGCGCGTAAAGCCGTTTTCTCGCGCGTATTTTTTCAAAGCCTCCACCACTTCAAACGCTTCGGCAATGCCCATGTCGCGGTAAACGAATCCGCCGTAAGAGGCGCCCCGATGCGAGTACAGCACCCGGTCTTTGTCCATTTCCATTTCAATGGCCGGCAAAACGGCGCGGATGGAATTTTTTCTTTTAAAGATCAGCGAATGGTCAACAAAACGGCCTTGCGGATGGTAGCTCAAAAAACGTCGCGTGTGGAAGATCGTACCATTGTCTGCCTGCCAGATGTAGTCGTCCCACCAGCTTTCATCTTCTTTTGTAAAACGCGAAATCGTTAAACTCATGCTTTTTCCCCTTCTTGTTCGCACATCTCTTTTAGGGCCTGATTCATCTTTTTCATGCCTGCCATGTAACTGTACTCCAGACGATCAAAAAACCACCAGGCCAACAATCCGCTAAAATGCTGGCGATATTCCAGCGTTGTTTCGTTTTCTGAAGAAAAGTTTAAAGTAATCAAATGTTCCACATTATAAAAACCGGGCAACAGGCTTTTTTTTAGCCAGCGCACCTCTTTGTTCTCTTCTATTTTTTTAAAAATGGATTTGAAAAATTTCGGTTTTTCACCGGGAGCCTTGAGAATAAAAGAAAATTTTTTGCCGACCGCAAACTCGCCCCTGCCGTAAATGATGAACGGATTCCAGAAGGTGTAGGTATTAATATCCCTTAAAATTTGCCAGACCTTACGCGGACTGGCTTTAATGACGATCGTGGCTTTAATTGTTTTCATTTTTTTAAGTCCCGATTAAATTTAAGATTAAATTAATGGATTGGCGCATGCAATTCAAATGGATTTGGAGGGGCGTTAAAAGGTTTAGCGGATAAAAAGGCCAAGACCGCAAAGCCGCTGCCAAAAACTTTATTAGAGGCGGTTTTGGCCGTAAAAAAATCAACCGCAAAGGGCGCAAAGTAATTTTCTCGCAGATTCCGCAAATAATCGCAGAAAAAGATTAATCAAATTATTCTGGGGACGGGGGATGAGTTTTTAAAACAGAACAAAAATTTTCGCACGCTAAGGCATTAGATCTTTCGAAGGAAGTATCATAAACCCACCTGCGTGGGAAATTAGCGGTTTGGATTCGACGACTTGACATAAGTATTTAAAACTCATTTCAAACCGGTATTTGTCGCCTGAGATTTTAATCAAAGGCAAAAAGATTTAAAAAAGGGAGAAGATGGCATCATCAGGCAAGTTGCTCCCTTCGAAATAACTCAGGGATTTGTTTTTCCCCTGGAGTGCCGAGCCGTCGAAGCCACCGCAGGTTACACTGTTTTGCAGAAAAAAGGCCGTTCTCCCCGCAGCCAAAAAATCCTTTGAAAATTACCATCGTTGTCGTTACATTCAATGCTTGCAAGTAAATGCGGTAGATATTTAATTTATGAAAATATTCTTTTTGCTGTTTCCATTCTATTTTTTCCCAGCCTTTGGCGCTGAACTGCAGGGCGTGGTTAAAAATGCTGCCGGAAAGCCCATTGCCGATGTGTATGTGTGGCTCGAACCGGGAGAAAAGACGGCCATCTCCCAGCACAATGGACAATTTAAATTTAAAGGCCTTAGATCGGGCGCCTATTTTTTAGAATTCAATCACATTTCCTATCAACCGTTACGCATCGGACCGATTGTGGTGACCGATTCATTGCTGGTATTGAACCCGATCATTTTAAAGGAAAATTTACATGCCCAGCAGCCATTAGTCGTTACTGCCACGCGCATTCAAACGCCTTTGCCCCTGTTGCCTATGGCGGTCGACCGGCTGGATCGCGAGCAGCTTATGAATACGCTGGCAAACACCAGCGCCGGCGCGTTAAAAAACGAGCCGGGCGTCTTTATCCAGAAAACAAGTCATGGCGGCGGCTCGGCTATTATCAGAGGTTTAAGTTCCAGTCGTATTTTGATCTTATTAGATGGAATTCGACTGAACAACAGCCTTTACCGCACCGGCAATCACCAGTACCTGAACACAGTCGATCTATTTAGTTTACAGGCTGTGGAGATTGTGTATGGCCCTGCTTCGGTTCAATATGGCAGCGACGCGCTGGGCGGCGTAATTAATTTAATCAGCCGGGATTTTAGC
NZ_CP018099.1_gap48	2235823	2240629	4806	TTTAAAAGCCGATATCAAGATAGCCTCAGAAATACAAAAACTTTTGATTCCCACCGAATTGCCTTCCGTGGCCGGCCTGGAAGTTGACGCTACATATATTCCATGCAAGGAGATGAGCGGAGATTTTTACGATGTCATTTCCATCAAAGGCGGGAAATGGGCCTTTTTGATGGCCGATGTTTCCGGAAAGAGCATTCCGGCCGCCATGCTCATGTCCAATTTTCAGGCCTCGGTGCGTACCATTTTCCAGTTTTCGGATGACCTGGCCTGGATCATGGAAAACTTGAATCGCATGATTATGCGTCAAACGACGTCGGATCGTTACATTACGGTTTTTGCCGCCATTTACGATCCGGCGACAGGCACGCTGGATTATGTTAACGCCGGTCATAATCCGCCATTTATCCTTTCTGAATCCGGTGAAATCGTCCTTTTAAATAAGGGCGGAATCTTTCTGGGCGTGCTGCCATGGGAGTATGAAAAGATCCGTTTGCAATTAAAAACAAATGACTTAATCATTATTTACACCGATGGCCTGGTAGAAGCCATGAACGAAAAAGAGGAAGAGTTCGAATTGAAGAATTTGCAAAAACTGGTGCGGGCCAATCGAAAGCAAACGCTAAAGGAATTAAAAGAAACCATTATCCATGCCGTAAGAGCGCACGTGGGCAGCCAGCTGCTCGACGACGACTTTACCCTGATGCTGCTTAGAAAAACAGATGCAAACCTTTAATCTGCTCATTTCCAAATACTGTGCGCAAACGGCGCAAAGATTGAACCTGGGAGAAAATGCGTTCCGGGCGCAAAATTAATCTTGAAAACGAATATAAAAAAGACTGGCCGCCGGAGTCATCTTCATGGCAAATCTAAATCGAAGCTTCGGCTTAACTGCACAATTTCTTTTGCCGTTCATTGGCTTTTTGAGCGGCTTTGTCTTAAACGGATAAGAGCCTGATGTTTGAATATAATTTTTAAAAAAGTTAAATTACAGACGATTATTAAACCAGAAACCATAGAGGACAGTGATATGAATTTTCCAACCCAATTTATGTTGAATGGCGAAGTTGTGGTGATTGATATCCCACGTCGTTTGACCTCGGAAATTTCCGGAGAGTTAAAAAAGTTGATGAAGGAATTGCTTGCGCAGGAGAAATATAAAATTGTAATGAACCTGGAAAAGACGCGATACATGGACTCCAGCGGTTTGGGAGCCATTGTTTCAAAAATTGCGGCAACCCGTACGCATGGCGGCGATATCCGTCTGGCGGCTCCGCAGCAAACGATTATTGATTTACTGGAACTCACGCATATCAATCAAATAGTAAAAATATTTGATTCGGTTGAGGAAGCCGTAAAAAGTTTTGAGGAGTAGTCCTTGATGAGATGTCAGGAAGACAGGATTGACAGAAGGAAATTCCACTATAGCGAGCCGGACTATACCAGACCTGTGTTAAATATTTCAGACTATTTCGCGCAGCGTTTTAAAAACAAGTTGACCTTTTTGTACGGTAAAGCGAGGGTCGAAAATATTTATCCGGAACTGGAGCGCATTCTTAAAGTTTACTATGCGCATAAAACGCCAATGATGTTAGAGTGGGAGAAAAACTTTGACCCCGAAAACCGTTTTACCGAATGCGACGCGATTTTGATCACCTATGGCGATTTGATCAAAACGCCCAATCAAAAGCCCCTGCGCACCTTATCACAACTTTCGGAAACCTATTTAAGAAACGTCATTAATACCCTGCATATTCTGCCGTTTTTTCCTTCTTCATCCGATCGGGGTTTTGCGGTTATGGACTTTGAAGAGGTCGATCCCAATCTTGGCACCTGGGACGATATTCTGGAGTTAAAAAAAGACTTCAAGTTGATGTTCGACGGGGTATTTAATCACGTTTCTTCCAAAAGCCGATGGTTCCAGGAATTTTTAAATCAGAATCCGCAGTTTCTGGATTTTTTTGTGGTCTTTTCCACCAAACAACAACTTTCGCCGGACCAATTACGTTTAATCGTGCGGCCGCGCACCACCCCTATTTTGACCGAGTTCAATACGTTGAACGGAAAACGGCTGGTGTGGACCACCTTCAGTCAGGATCAAATCGATCTGAATTACCACAATCCGCACGTTCTCTTAAAAATGATAGAAATTTTACTCACCTATGTGAGGAGGGGCGCCGATATCATCCGCCTGGACGCGGTAACGTACCTCTGGGAAGAATTGGGCACCTCTTGTGTGCATCTGGAGCAGACGCACACCATCATTAAATTATTCAGAGATATTTTAAACGCTGTGGCGCCGCATGTGGCCATTATCACAGAAACCAATGTGCCGCATCAGGAAAATATTCGTTATTTTGGGAATGGAAGAGACGAGGCGCAGATGGTGTACAATTTTGCTCTGCCGCCGCTTGTGCTTCATTCTTTCCAAACAGAGAACGCTAAAAAGTTAACCGAATGGGCGGCTACTTTAAAGAAACCTTCCGATGAAGCGACTTTTTTTAATTTTCTGGATTCTCACGACGGCGTTGGCGTTATGGCCGTTCAGGGAATTCTCACACAAGAAGAAATTGATCTGATGGCCTTGCGCGTGGTAGAACACGGCGGATATATCTCGTACAAAGCCAACCCTGACGGTTCGTTGAGCCCGTACGAATTGAATATTACCTGGTTCAGCGCCATCAATAATGAAGATAGCGACGAACCCATGGAAATTCAGGTTAGTCGCTATATCGCCTCGCGCGCCATTGCGCTGGTGTTGATGGGCGTTCCGGGAATTTACCTGCACGGTTTTCTCGGCTCTAAAAATGATGCAGACCTGGTGATCGAAGAAAAATCGACGCGCAGCATTAACCGTAAAACACTTAACAAAAAGGAGTTGTTACGCTCTCTGGAAAATCCGCAAACAACCACCTACCACGTTACCAGAAAATTGGTGCGTTTAATTGAGATTCGCAAAAGACAACGCGCCTTTCATCCAAATTCTCCGCAAAAAATCCTGAAGATTGCAGACGAGGTTTTTTGTGTCATACGTTATACGCAAGATCATAAAGAAATTATTTTGACATTAACCAATGTGTCTTCCAAAAGAATAGCATTAAACATCAAGCTGGAAGAGTGGGGCATTTTGGGTAACCATCACTGGCGCGACCTTTTAAGTAAACGGGCGTTCAAAACAGAAGCCAATCACCTGTCTTTGGTTATTAATCCTTACGAAATTCTCTGGCTTAAAGCGCTGAACGGGAAATTCAGAATTTTGGATTAGGCTGCACCCAACTAATCCTCAATGGGGGTCGATATCGATTGAAGGATATCGATCCCTTTTTCTTAATTGCGCCAAAAGTAAATAATACGTATCTTCCACACCATAACTGTTTGAACGAATTAGAGGTTAGAATGAAAGAATTATTGATTCGTGTTGCCGTGGCCATCGTTGGTATTCCGCTGTTATTATTTGTTATTTTAAAGGGCGGATTGTTTTTTTATTTGTTTTCGGTAATCGTAACCATTATCGGTCAATGGGAAATGTACAATTTGCTCAAGCAGAAGGGCGGCCGTCCGATGCCTGTGGCGGGGATGCTGAGCGGTCAGGCGCTTCTGGCCATTTTGTATTCGGGATTTTCGCCTTTGCTGTGTTTGGCGGTCGTGGGACTTGTTTTGTACATTTTTGGATATGAAATGTTTAAGAATGACGGTTCCGCCCTGTTAAACACCTCTTCTACAATTATGGGCGTGATTTATCCCACGATGTTCTGGGGCGCTCTGTTGTTTTTACGTCAGAATGCGCATCATGTTTTTCAGGCCGATTATAATTTTAGCGGAATATTTATCCTGATCATGTTTGTGGCCATCTGGATTTGCGACACGTTTGCCTATTTCTTCGGCATGAAATTCGGAAAACACCGTTTATTTGCGCGCGTATCACCTAAAAAAAGCTGGGAAGGCGCCGTTGCCGGCCTGGCCGGAGCCTTGCTGGTCTATTTAATAGTTTACTTTCAGAAAATTATTCCGATAAGTTTAGAAGTGGCCATTGTCAGCGGTTTGATTGTCGGCGTGGTCGGGCAGTTTGGCGACCTGGTGGAGTCGTGGTTTAAGCGCGACGCAGGCGTAAAGGATTCTTCTGCTTTACTGCCGGGGCACGGCGGGGTTCTCGATCGCTTTGACAGCGTTTTGTTTAGTTCAATGGCTTTTTTGATCTTTTATTTTATTTTACAGTTGAGGTGAAAAGCAAAAAATGAATGGTAAGCGTGTTTTAATTGTGGACGATGAAGAAGATTTAACATGGTCCATATCCAAACATCTTTCTCGCGATAAAGATAAGTTCGAACTGATCGCCGTTAACAGCGGGATGGCGGCGCTGGACGTGCTGGCTCAGGTGCCGGTGGACCTGGTCATCACCGATATCAGAATGCCGGAAATTTCCGGGCTGGATTTATTGCTTAAAATCAGAGAGAATTATCCGCAGACTAAAGTGGTGATTATGACCGCTTATGGTTCATCCGAAATTCAGGACGAGGCGAATCGCCGCGGTTGTTTTAAGTATATTGAAAAACCATTTGAAATACAGGAGCTACGCAAGCTCATCCTCGATGTGCTGCAGGAGAAGAAAGGTTTTGAAGGGAAAATTTCCGACTTTCAGTTGACCGATCTCATTCAATTACTCTGCCTGGGGCGGCAAACCAACAGCCTTCACTTTGAAAAAGACCATCAACACGGCGTCATTTATTTTGATGATGGCAATATCGTCCATGCCACGGTTGGAGATCTGGAAGGCGAAGACGCTTTTTATGAAATATTAACCTGGGAAGG
NZ_CP018099.1_gap49	2249617	2251688	2071	GCTTCTGAAAAGGCACAAAGACAAAATACCGGAGCAATTTTTCAACTATCTGGTGCACGGCCTGGCGGTCTTTTTATTTTTAATCTCGGGCTATCTTTTGTTCGATAGTTTAAAACTGTTCCACATCATTTGAAGGGGGGCTTAAAACATGAAGGCTGTTAACCCTGCCAACAATCGGCTGATCAAAGAATATCCTGAACATGAAATGGCGGAAGTAAAACATATTATTAACCTGGCGCAGGAGGAGTATCATGCCTGGCGTCGGGTTTCGTTTGTTCAAAGAGCGGCCTTAATGAAAAATGCGGCTCATGTTTTGCGCAAGAACAAGGAAAAATTGGCGTTTTTGATTACGCAAGAGATGGGCAAAATTATCCGCGAATCGCGTGCCGAAGTGGAGAAGTGCGCCTGGGTTTGCGATTATTACGCTGAAAATGCCGAACGCTTTTTGACGGCAGAAATCATTGAAACCGATGCCGGCGAAAGCTACGTCTCTTTTGAACCGCTGGGCATTGTGCTGGCTGTAATGCCCTGGAACTTTCCATTCTGGCAGGTATTTCGCTTTGCCGCCCCGGCTTTAATGGCCGGAAATGCCGGTCTTCTGAAGCATGCCTCCAATGTGCCCGGCTGTGCGCTGGCCATTGAAAAAATTTTTAAAGAGGCCGGCTTTCCAGAAAATATTTTTCGCACCCTGCTGATTAAACCCAATTTGATTCCTGATGTTATCGGCGACCGTCATGTGCAGGCCGCCACCTTAACCGGCAGCGAACCGGCCGGAGCGGCCGTTGCAGCCCTGGCCGGCCGGGAGATTAAGAAAACCGTTCTCGAATTGGGCGGTTCTGATCCTTTTATTGTTTTACGGGACGCAGATCTGGACAAAGCGGTTCAAACAGCCGTACAGGCCAGGATGATCAATGCCGGTCAAAGCTGCATTGCGGCCAAACGATTTATTGTGGTTGAGGATTTGCTGCCTGCTTTTAAACAAAAAATGGCCGAAAAAATGCGCGCTTTAAAGGTGGGTGATCCGCAGGATGAATCGACCGACGTGGGGCCCTTAGCCAGGCCGGATCTGGTAAGAGACCTTGAACGGCAGGTGGAAAAATCCATTGAGCAGGGCGCCAGATTGCTGCTTGGCGGTAAGGCCATCGAAGGCCCCGGGAATTTTTATCAGCCAACAGTCCTTACAGATGTGAAAAAAGGCATGCCCGTTTACGAAGAAGAAACCTTTGGTCCGGTGGCGGCGATTATTCCGGTGCAGGATGAGGACGAGGCAATTGCGGTGGCCAATGATTCGCCATTCGGCCTGGGAGCAAGTTTGTGGACAAAAAATATTGAAAAAGGAAAAACTCTGGCCAGAGAAATCCGGGCCGGGGCCGTTTTCATCAACGGCATGGTTAAATCGGACCCCCGCCTGCCCTTTGGAGGTATTAAAAAATCGGGCTACGGACGTGAACTTTCTCATTATGGTATTAAAGAATTTGTAAACATTAAAACGGTATGGGTTGCTGAATGAAGAATTTAAGCGATTATTTTGAAAAGGCATTGCCCCTTAAAACCTACCTTTCGTATTTGGGCGATCAACGCGCCCTGCATGAACTCCATTACCGAAGAGCGCAGGTCGATGAGTTTTTGCCCGTTTCTTTACCGGAATTAAAAATTCTGGTCATTACCGAACCGTGGTGCGGCGATTCAACGGCTATTTTACCCGTTCTGCAAAAATTTTTTGAAAATAAACCGGCGGAAATCCGTATTGCCTTAAGAGATGAGCAGCCGGATTTAATGGATTTATTTTTAACCAACGGCGCAAGGGCCATCCCGATTGTGGCGGTTCTGGACAAAGAAGGCCGCTACCTGTTCCGTTTTGGTCCGCGCCCCGAAGCGGCGCGCCAGATATTCGAAAATTATCGTCCGTTGATTAACGAGGGGAAGATCGAAAAAGTTGAAGTTTTGAAAAAAATTCGCCAATTTTATGCAAAAGATCGAGGAAGGGCAATCTTAACAGAATTGGTGGAAAAATTGACGGCCGCCGATCATAAGAATGAAACAATTGAGGACGTATGAGAGATCAAAAAGA
NZ_CP018099.1_gap50	2259972	2262209	2237	AAAACGAGCCGCAATTTTTCAGAGAATTTGAAGAGGAGTTAAAAAACTACGCAGGGCGCCCCACGCCGTTGTATTTTGCGCAAAATCTTACCCAATATTATCAAAAAGCCAGAATTTATTTAAAACGCGAAGACCTGGCGCACACCGGCGCGCACAAAATTAACAACACCATCGGTCAAATTTTGCTGGCGAAACGGATGGGCAAAAAACGAATCATCGCCGAAACCGGCGCCGGCCAGCATGGCGTGGCCACGGCCACGGTGGCGGCAAAGGCCGGCCTGGAGTGCTGCATTTACATGGGCGAGCAAGATGTGGAACGACAAAAGCCCAATGTTCAGCGCATGAAAATGCTGGGCGCCGAGGTACGCCCCGTGTTTTCCGGCACGCAAACTTTGAAAGACGCGACCAACGAGGCCATGCGCGACTGGCTTTCCAATGTGCAAAACACACATTACATCATCGGTTCGGTGGTGGGGCCGCACCCTTTTCCCATGATGGTGCGTGATTTTCAAAGTGTGATTGGGCGTGAAACGAAGGAACAGATTCAGGAAAAGGAAAAACGCCTGCCCGATTACCTGGTAGCCTGTGTGGGCGGCGGAAGCAACGCTATCGGTCTCTTTTATCCGTTTTTAGATTTTAAAAGCGTTAAATTAATTGGCGTGGAGGCTGCCGGATTGGGATTGCAAAGCGGCAAACATGCGGCTTCGTTAACCTCCGGAAAGCCGGGCATTTTTCATGGCATGCTGACCTATCTTCTGCAAAACGAGGACGGGCAGGTGCAGCTGCCTCATTCCATTTCGGCCGGGCTGGATTACCCGGGCGTTGGCGTGGAGCACAGTTTTTTGAAGGAAGACGGCCGCGCCGTTTACACTTCCGTTACGGATGAAGAAGCCCTGAAGGCTGCCTTTTTACTCAGTAAATTGGAAGGCATCATTCCAGCTCTGGAAAGCGCCCATGCGCTGGCTTATCTGGAAAAATTGATGCCCGAAACTTCTCCTCAACAAGTGGTGGTTGTCAATGTAAGCGGCAGAGGCGATAAAGACATGGAAACCTATCTTAAGTATCTGGAATAGGCGGCAGCGCCTTTTAGCCAGTTTGTAAAACAAAGTAAGAAAGGTAAACGGTTAAAATGAGCAAACGTCTGCGTGAACTAATAGAGCGCAACACTAAAAGCGGAAAAAAGATGCTTTCGCTTTATGTAATGGCCGGTTTTCCCGATATCGATTCAACATCAGACATTGTTCTTGCCTGCGAACAAGCCGGCGTGGATTTTATTGAACTGGGCATGCCCTTTTCCGATCCCATCGCCGACGGGCCGGTTATTCAAAAAGCGGCGGACAGAGCGCTGAGACAGGGCGTTAATTTACACACAATCTTTGAAATCGTAAAAAAAATTCGTACACAAAGTCAGATTCCCATAATTTTAATGGGTTACCTGAATCCCGTTTTTCAATTTGGTCTGAAGAACTTTTTTGCCGAATGCGCCAGAATCGGCGTGGATGGTTTGATTTTACCGGATTGGCCGGTGGAAGAAAGCGAGCCCTATCTTTCTCTGCTGGAGTCTTACGATCTGGATTTGATTTACCTGATTGCGCCCAACACGCGCATGGAGCGCATACGGTACATTGATCGTTTAAGCCGGGCATTCATTTATTGTACAGCTTATACCGGCGTAACCGGCAGGAATAATCGCCCTCTGCCGCAAATGGAAAAATTTTTAGGCGATTTAAAAACATCGCTGCGCCATCCATTCTTTATCGGTTTTGGCGTAAAGTCTGCGCAGGATTTTAATTTTTACAATCGCTATTCGGCAGGCGTTATTATTGGCAGCGCATTTATTCGTTTGCTGGATTCCTGTGAGCGACGCAGTCTAAAAAAAGAAATCAGCCGTTTTGTAACACAGATTCGAGGAAATTAGCCCTCGCCCTCATGATTCCCCTTTCCCAAAATAAAAGGCTGGGTGAAGGAGATGCTCAGCTTGGGCGGTTAATCATGAAGATGGCCGGGGCGGAATGATAGTCCGGTGAGCATCTTAAAATATCTCCTTTAGAATACTTCCCTTGAAAGATTCGGTCCGACATGGCGGGATGGGAAAATTTTTGTGCTGCTGGATTGGTTGAATAGTTAATTAGTTGATTAGTTGAATGGTTGAATGGTTGAATAGTCGCTAGCCTGTCATTCTGAACGGAGCGCCAGCGGAGTGAAGAATCTATACCGTTGAATGGTTAAATAGAAAT
NZ_CP018099.1_gap51	2335050	2337701	2651	TAAAGCGACGGGAGTGGCGCCGATGAATCTGGTGTTTTTTAATGGCAAAGCCGTGCCCTCAAATGTGAACATGCACACCGGTTGGAGCGGTTCTGTAGAAGTGACCCAGGAAGACGACGCAGCCAATCAGGGAACGGGCTGCATTAAATGGAATGGGGGCGCTGCCTGGGACGGCGTTAATTTTGATCTGGCGCAGGCCAAAAATTTGATGAACAACTGGGCAACCGATTCGCTGCAATTGAAAATCAAAGCGCCAGCCGGAACCGGCGACCTGACGCTGGTCTTCTGGGATACCGATGAAGACACAGGCAAGGTTGACTACGCCTTTCAGGCCACCTTTTTACTTACGGAAAGCGAGATGGGTTATGACGGCACCTGGAAATCGGTCAAAGTGGCTTTGAGCGATTTTAATCGTTTCGCCGGCGTCTGGGATAACGACCTGGGGCAGATGGTTGACGGCGAATTCGATTCCACCAGAGTGGCCGGTTTTGGCATCTGGAGTAATGGTCAGGATTTAAGCGGAACGACGATTTACCTGGATGATATCTGGACGGGCAATCCGGAATTTGACTTTGTGCCGCCGGCGCAAGTCACGGGCGTTGCCGCGGCGACCGGCGACTATTACAATCTGGTTTACTGGACGGACGTGGAAGGCGAAAACGGCGAAGTTTACAATGTGTACGCCAGCGAAAAACCGATTACCGATCTCAGCGATCCTGCTGTGGAGGTGGTGGCCACGGGGATTGTCGAAGGCGAACAAAATGCCGTACATGAGTTGATCTTTCCCTTAAACGATCATCCGGTAACCTATTACTACGCTGTGGAATGCGTTGACGCTGCCGGTAATGTAGGGCCGGCCGGCATCAGCGACGCCGTGACCAATACGGCCAGAGGCGTGCCGACCATTGCGGATCATGCGCCTCCCAATTTTGCCGCCGACGGCGATTTCTCAGAATGGGAGAATGTTATGCCCTGGGTGTTAATGCCTTCACAAAATAATATTGCGGCCGGCGATTTTACCGGTGATGACGATTTAACCGCTACCGTATGGCTGGCCATGGACAACGATTATTTATACGTGGCTGCCGATGTGGCTGATGAAGTCTTTTCTTATGACGCCAATCTGGTTAATACCTGGTGGACTCAGGATGCCTTTGAATTGTTTATCGGATTATGGGATCAAAACGGAAAACCGGTTCATAATTCCACGCCAGAAAATAGCCGTGGCGAGGAGCCCGATTATAAACTGATCTTCTTGCAAGATCGTTACTACAATGAATACAAAAATACGTACCTGGGGCGGGGAAGCGATCCTGAACTGACCCCGAACGATGCTAACTACTATTTTGAAGAATTTGGCGGAAGAGACTGGGCGCTGGAAGCCAGAATTGCGCTGGATTCTATTGCTTTTGGAAATGACCAGCGTTTTTATCCGCAACGCGGCATGCGCATCATGTTCGATCTCGTGTTTCATGATAATGATGGCAGTGGCTGGGAAGGTAATTTAAGCTGGTCGCCCAATAATCGTGATTTGGCCTATTTAAATCAGCATGAATGGACGCACACCTGGATCGGCGACACCACGCACACGGCAACCGCCATCGAAAAGGACGGCGGCTCTGTGGCCAATTCCTTCAGCTTAAAACAAAATTATCCCAATCCGTTCAATCCGCTTACGACCATCGAATATTCCATTCCCAAAACGGCAGACGTACAGTTAACGGTTTACAACATTCTGGGACAAAAGGTTGCAGAGCTGGTTGATCAAAAACAAAACGCCGGTTTTTATCGCGTAACGTTAAACGGCCACAACCTGCCCTCGGGCGTCTATTTTTATGAATTGAAAGCCGGTTCGTTTGAACAGGTGCGTAAAATGCTTCTTGTAAAATAAATGACAGGAACTCAGGGGCTTTAACCGGCCCCTGAGTTCCTTTTAATAATGACAAACAGGAAAAAAATCCTTTAGATTGTAACAGCCCTAATCTCCTGTCGAAAGTGAAATCGTGTTGCCGTCAATTATTATTAGTATAATTGCTGATTATCAATTTAATAATTAAGCATTCTTTCAATCAAAAAGATGCCTGTCGTAACAGGGAAGAAGTGGCTGGCACACATTATGCAAATAGAGATTAATCTAAAAGAAAATGGCGGGATCACATGACAAAATTTATCGAAATGGCATTAAAAGCAGAGGTTGTAAAAAAAGACGATGGCAGAAATAATATAAATTCAGCTTTTTAAAAGAGGACAAGCATATGAACAGATTTCTACACTTAATCTCAGGACTTTTACTGCTGAGTGTTTCAATGATGTATGCCCAGACAACCGGTAAAATTGCCGGGTTCGTTTTTGACGAGAGAACGTCTGAGCCTTTGCCTGGCGCCAATATTTATCTGGATGGTACGAGCCTGGGCGCTGCTTCGGGACTGGACGGCAGTTTTTACATCATTAATGTTTCTCCCGGCAAATATAATGTGGTAGTGGAAATGGTTGGCTACGAAAAAAAGATCATTAAAGATGTGCGCGTTTCCGTCAACCGCACCACCAACTTAAAAATCACTTTAAAAGAAGCGATCCTCGAAGGCGAAGTGATTGTGGTTGAAGCCGATAAGATGAGCATTAAAAAAGATCAGACCAGCGCCGTGCGCACG
NZ_CP018099.1_gap52	2507489	2512256	4767	AGCTTAAAATTAATCCCAACCTGGTGCGCGGATATCGGGGCGGATATTTGCCCAAAGAACGACGCCAGATCGAAAACGGCCTGAAAAAAGGCGAAATTCAGGTGGTGGTCAGTACCAATGCCCTGGAATTAGGCATCGATATCGGTCAACTGGACATCAGTATTCTGGCCGGTTATCCGGGCTCCATTGCCAGCACCTGGCAGCAGGCCGGACGCGCTGGCCGGCGGCAGGGCACTTCGCTAACCCTGCTGGTGGCCTCCAGCGCGCCGCTGGATCAATACATCATCGAACATCCCGAATATTTTGCCGAAAAAAATCCGGAAAGCGCGCAGATCGATCCGGATAATTTATTTATCTTGATGAGCCATTTAAAGTGCGCCGCCTTTGAACTGCCTTTTGAAGAAAACGAGGTATTTGCACCGGACATTACCCGTCCCTTGCTCGATTATCTGGTGGAAGAAAACGTGCTGCGCAAAACAGAAGGCAAGTATTTCTGGATGCGGGAAATTTACCCGGCCGACGAGGTCAGCTTGCGCAACAGCAGCCCGGAAAATGTGGTCATCATCGACACCAGCGACCACAACCGCGTTATCGGCGAAGTGGATTTGTTCTCCGCCCCCGAACTGGTGCACAAAGACGCCATCTACATTCATGAGGGCGTTCAGTACCATGTGGACGAGCTGGATTGGGACGAAAAAAAGGCCTACGTTCACCAGGTAAAGGTCAATCACTACACAGATGCCATCACCAAAACCAATATCAAAGTGCTCGATGTGCTGGAAGAAGAAATATTGGATTCCTGCAAAAAGGTTTACGGCGAACTGGCAGTCAGTCGCGTCACTACCGGCTTTAAAAAGATTAAATTTAACACGCATGAAAATATCGGCATGGGGCGTGTGCATTTGCCCGAAATGGAGATGCAAACCAGCGCCATGTGGTGGGAATTTGACGACCGTCTTTTTAGCGATCCCTATTTTCAGGAATCAATCATTGGCGAAGGCTTAAAAGGCATCGCCTACACTTTGAATAATTTAATCCCTCTTTACGTGATGTGCGATGTAACCGATATTTCGGTGGTGCCCATGGTGCGCGCGCCATTCAGCCATAAACCAACCATTTACGTTTACGATAAATATCAGGGTGGGATGGGCCTGAGCAAAAAACTTTACGAAATTGACCGGGAGGTTTTGCAGGGCGTGGCGCAGCATATCAGGCGGTGTCCCTGCACTCATGGCTGTCCATCGTGTACCGGCCCCACCCTGGAAAACACGCTGTTTGGCAAAGAGAGCGCGCTTAAAATTTTGGAGCTACTCAAACTGTAAAACGCCATGGATCTAAAAAAGAAGTTACAATATTATCGACAGGCTACAGAGCGTTCGTCTGATAAAAAAGAAACGGTAAAGGCCGCAAGCAAAGTTCCCGCTTCGGTAAAAGCCCTTGCCGCGCATTTTAACGGACGCCTGCTCGATTATCCCACGCCCATTGTGGAAATTACGTACAGCATGGATGCGGAAGAAACGGCGCCGCAAATTTTGCTGGATCGCCTGACGAAGGGGCAGTTTGCAAAGCCCATTAAGCTGGCCGAGTGCCTATTCTTTGACCTGGAAACAACCGGTCTCAGCGGCGGCGCGGGCACCTATCCCTTTTTGTTAGGCTTCGGCTTTTATGAGGCAAAGCGTTTTAAGGTGGTTCAATATTTTTTACCGGACTTTGGTCGCGATTACTATGCGTTCAAAGAGATCATACCGCTGCTGGAAGGGAAGAGCATTTTAATCTCCTTCAATGGCAAAAGCTATGATTTTCCCCTGTTAAAAACGCGAGCCATTTTAAATCGTTTTACGATCGATCTGGATAGATTCAGCCATCTTGATCTTCTGCACCTTTCCCGCAGAGTGTGGAAGGACAGCCAGGAAAGCTGCGATCTGGCCAGCATTGAACGCGAACAATTAAATATTCGGCGCAGCGGCGATATCCCCGGTTATTTGATTCCAGCCGCCTATTTGCGATTTATCCGGAACGAAGTGATTCACGAAATGATTGCCGTCATCCAGCATAACCGTCAGGATATTATTTCCCTGAACAAGATTTTGTTTAGATTGAGCTCGATCAATCAATCACCAGAAGTGTTGAACGATGGTAAAGCTTTGATGCGTCTGGCAAAATTAGCCTTTGAAATAAACGATTACGATTATTTCGTTCAGGTCGAAAAGCAACTTTTAAAGATTCGGGGTGAGCATCATCCAGAGTTTAAATTATTGTTAAGTTTTTTTTTTAAAAAGCAGGGCAACTGGCAAAGGGCCTGCGCTTTATGGGAATCACTGGTTGCCCATCAGTCCTATTCCTTTGTGGCTCTGGAAGAGCTGGCCAAGGCGCACGAGCATGTTTTCAAAGACTATCAAAAGGCGCTGGAATATTCCGCCCGGGCTTTAAAAATGTACGGCACATTGCAGCAGCTTAACCCGTATTCCGTAAAATCTGCCTGGAAAACAGCCTTTTTGCAAAGATACGAACGCCTGAAATGCAAAATATCTTGACATGATTTGAACAGTTCCCTTATATTAAGCCACAGGTTGTATTAATATCAGTTTAATTTGGAGGAGCTATGGGCTATCAAAATTTAGCAGAAATGTTTTTCGATAAGCGTCAATCCATGCCCGATAAAGTAGGGTATATGTTCAAGAAGGACGGAAAATGGCAATCCGTTACCTTTAAAGAAGCAGTGGATTGGGCAGAAAAATTGGCAGCCGGACTGGCGGCGCTGGGCGTCAAAAAGGACGATCGGGTGGCGATTATTTCCAATAACCGCATTGAATGGGCCCTGGCAGATTATGCCACCATGTCGTTGGGCGCCATGTTGGTTCCGGTTTATCCCTCGCTGCTAAGCCATCAGGTTAAGTACATTGTAAACGATTGCGAAGCCAGAGTTTTATTGGCAGAAGATGAGTTACAGGTTGAAAAGGTTAAAGAAATACAATCGGAATTAAAGACCGTAAAAAATTTCTTTGTTTTTGACGCGCCGGAAAAACTGGAGGAGCCCTGGAAAAAATTATCCGCTCTTGCTGAAATGGGCGAAGAATTTTTACAAAAAAAACCGACCCATATTGCGGATGAGATTAAAAAAGTTAAGCGTGACGACTGGGCTACGATCATTTACACCTCAGGCACCACCGGTGAACCCAAAGGCGCCGTTTTGACCCACGGGAATTTTTTAAGCAATATCGAAGGTATCCTGGGGGTAGTCGATCTTTACGCCGAAGATATTTTTCTTTCCTTTCTTCCCCTGAGCCATATTTTTGAACGGCTTGCCGGCCACTTTTTATCCAATCACCAGGGATCAACTGTGGCCTACGCCGAAAGTATTGATACCGTGGCCGACAACATGCAAGAAATCAAACCGACGGTTATGGTTTCTGTGCCGCGCCTGTACGAAAAAATTTATGCCCGCGTGCTGGAAAATGTGGAAATGGGGCCGCCTTTAAAACGCAAAATCTTTTACTGGGCGCTTGGCGTGGGGCGTGAATACGTGAATTATGTTATGAATAAAAAACCGCTGCCATTTTTACTGAAAAAGAAATACAATCTGGCCAACAAACTGGTCTTCCATAAATTGCAGGAACGGGTTGGCGGTCGAATTCGCTTCTTTGTCAGCGGCGGCGCGCCTCTTTCGGCAGAAATTGCCGAATTCTTTACCGCAGCCGGTTTGATCATTCTGGAAGGTTACGGTTTGACTGAAACATCGCCGGTTATTACGGTGAATTTACCGGATAATTTCAAATTTGGTTACGTGGGCCCGCCTTTGCCCAATGTAGAGGTTAAAATTGATGAAGACGGCGAAATCTTAACCCGCGGTCCACACGTGATGGTTGGCTACTTTAAAAAAGAAGACGCCACGAAAGAGGTTATTGATGATGAAGGCTGGTTTCATACCGGCGACATCGGTTTGATTGACGAAGACGGCTTTTTAAAGATTACGGATCGTAAGAAAAATATCATTGTAACCTCTGGCGGAAAGAACATTGCGCCGCAGCCCATCGAAAACATGCTGGTAACCACGCAATACATAGAACAGGCCGTGGTCATCGGCGATAAACGTAAATTCTGCACAGCGATTATTGTTCCGGCCTTCGAAGCCGTTAAAAACTGGGCGGAACAGCAGGGGAAAACCATCAATACCTACGACGAGATGCTGCAGCTGGATGGCTTAAAGGAACTCATTCGCAAAGAAATTGATCTGGTAAACGAAAACCTGGCCAGATACGAAACCATTAAGGATTTTATCTTTGCCAAACAGCCCTTTTCCATTGAAAGTGGGGAGCTGACGCCCTCTTTAAAGGTGAAGCGTAAAGTGGTCGAAGAAAAATACCGTGATGAAATTGAAGAGATGTACAAAGTTTAAATCTGTTGTGTATGGGGATAATTAAAGAGCATCCGCCCGTTCAGTTGTTTGCAGCGATTACTTTTAATGAACGGGTTGATCTCAAAGAAGTTTTTGCTCATTTGCAGAATTTATGTGGCGCCATCGAAGAGCGCTCTGCGCTCTTCGATTTTGACGCCTTTACCGACTATTATGAATCAGAAATGGGCTCCGGCCTGGAAAAACTTTTTATTACGTTTAAAGAACTGATTCACCCGGAAACATTGCCTGATATTAAAAGGCAGACGAATCAAATTGAGCTGGAAATTTCTAAAAGCAAACAACGCTGCGTAAATATTGATCCGGGCTATCTGACGGTTTCTAAAGTGGTGCTGGCCACAACCAAAGATTAC
NZ_CP018099.1_gap53	2617585	2619276	1691	GCCGGCGGTCAAACCAAGCAGATAGCTGTTTTCCGTCGAAGCCACCTCTTTAAGAAGCGCGCCTGCGCTACGGCAGCCGTACAATCCTGCCCATAACATGACAGCCACGATGATGGGCAGAAAGGTTTTTAATGTAGAATTCACTTTATTTAACTCCTTAATAAGGCACGGGCACGTTGTAATCGATCTCATAAATTTCTGGTTTGTACCAGCAAAAATCGCCTTCTTCCAGCTTCCAGAACACCTCGCTTTTTGCGGGGATGTTAATGCCGTGATAGGCGCGGTATTCGACGATGCGTATTTCCCAGTCTTTTAACTCGAATTTGCCATCTTTTTCCATGTAGCGTCTGGCGGTAATACGTTCCACCTGATTCTTTTCGTTAAAGTGAAACAGCGCCGAAGCGGACAAATCTTTTAGCGTAATGGTGGCCATGGCGGTGCGCTCATCCAGTTCTTCCCATTGAATAAAATCGTTGAGAAAAACAGAAGGAAACCACACGCCCTCGGCTAAAAAGCGCAGGATTTCGCCCTGATCCACTTCAGGCCCTTCGGCATAAGCCACCCTGATCAAACCGAGTAACTTCACCGTCAAATCGCCTTTACCGTCCAGAAAGCGGTCGGTGGCAGTGATAATGTTGACCTTTCCCTGCCAGAAAAATTCCATGGAATCCACGTTAAAATACTGCACGGCCTTCATGGTTTTAAAATCCTGATCCGGTTTCAAACGGAAATCGCCGCCCTGTTTCAGGCGCACGGTTTTAATCTTTTCCTTGCCGACAATGCCGCTGTAGCGCAGGTAGTTCCGCACCGTTTGCGGCAAATTTTGCAAATCCTTTTCCGATATTCTTTCGAGATCGCTAATTTGCACATGGCTGAACATTTTACTTACTGTTTTATTCATGGCGGCACATCCCACGGTTAGTGTGACGGTTAATAACAATACGGTCGTTTTTTTTCTTAACTTCATTTTGATCTCCTGTGCTTTTTAAAAGCCAGAACTTAATAATTCATCCAGCGATAGATTGGTGGTCATTATTTTCGTTTTCCAGTCCGGATCAATTCTGTCCAGCAAACGGGCCTGCGCCATGCCGGCCAGGTAAAAACGAAAATCGCTGCCCTGCTCGCCGAGACTGTTCTGCAAGCGGCTGAACTCCATCTGCCAGTGCGGCAGTCCTTTTCGGTATGGAACGGCTTCCGAGCGGTAGTCCCCTTCTGCCGCCAATTCATAAAAGCGAATTTCAGCGTATTTGGCCAGACCTTCCAGCCACTCCAGTTCTCTCTCAAAGTCAAGCAAATCAGCCGTAATCTGATATTTTTCTCTTCGTTCCTGGCGAATACGGATGAATTCTCTGATGGATTCTTTCATGCTCTCCCGGTCGTCTGTTGAAAGCGCTTCCCAAAGCAAAAAGCCTTCTTTATTCCACAGGTCAATGAAATCCTGGTTCTGATACGGATATTTCTGTTCTACCCGGTACAGGGACTGGATTTTTCCAAAGCGGGAAGGATTGCGCACGGCCTGATAGGCATGAAACATCTCATGAAGCAGCGAGACCACATACTGATCCGGCGCAATTCTTGCCAAAAAATAGGGAAAGAGTTGCGCGATTCCCGGTGGAAATTCCTGACGAATGCCATTCAGAAACTCGAAGTTCATCTGGTTTAACGTGCCCAGCATGCCGGCCCATTGTTTG
NZ_CP018099.1_gap54	2711241	2713509	2268	CGCCCGCTTTGGCCAGCATTTCTCTTTTTACAGGAGACATGGTGCGCCAGGTGTTGATTCCAATCGGCTCACATTCAAGCCGCTGATAGTCTTCGTACACGTCTTTAACCGCCACAAAGGGCGCCTTCTGGAAAATTTTTTCGTGCGAACGAATTTTAAAATAGACTTCATCGCCCACTATTTCTTCCGTAAATTCGATCTCGGGTTGTTGAAAATCCTGACTCTGGCGCCAGCGTTGCATGGCTTCGACGGCCGTACAATAATAGAATTTGACGTCCGGATACTTGCTCAGGCGTGCGTGCAGTACACTGTCAATCTTCTCAATATTACTGATGAAGTTGGATTCGGGTAAATGTCCCCAGAAGCAGGCCACCTGATCCTGGCCCTGCTGCGCAGCTGCAAAAACGGTGTCGATCAAATCGTATTTTAATACTTTGAAAAAATGCGCCGAACGCACATTCCAGCCCGGCCCATCGCCTGGCAGCTGGTAATTTTCTCTGGAAGGCCGATACGGAACAAAGGCCGAAGGCGCCTGCGACCAGTCGTAGTTGTTGTCAATCGGTTCTTCCGTATCAATATGCTTTGCCGGGTAGTCGTTGTGTAAACTGTAAGGTAGAATGTAGTCATCCAGATAGCGCTGCCATTCGTTATCCATGTAATGCCAGCCGCTGCGGAACGATACCGGAAAGACCTGTTCTTCTAACAAAAACTGGGCAAGAGTGTAGTTAAAATCATCAAAGCAATCCATAAAGGTTTTAGATTGGTTCCAGTAATAACGACCGTCGCCGTCAAAATCATACCATTTAAAGGTATGGTAATGCAGCGATAATTCGTCGCCGTTTGCCGCAATATTTTGACCGTGGTACTTTTTCATCAAATACATGGTCATGGTATTGGGCACGGGCACATTTTGATTGGTGGCATGGCGAAAGATGTTTCCGGCCATCATCCACCAGGTCATCTTTAAAGGTGTTCCGTCTGAATCCACCAGACGCGCCCTTAAAGCCGGATCCATGATTTTGTAGGCGTTTTTTTGCGGATTGACGTACAGATCAATATTGTAGAAATTATTGAAATTTCCGGTATTCATTCCATCCCAAATGGCCGTATCCGAGCCAATGACCAGATAAACGTTGGCTGCTGTTGATAAAGAATTTTGCAATAAAAAGAAAAAAAAGAAGGCGAGTTTAAAAAAGGCTTTGATCATTGAACCGTTCCTTTTTGATTAGTACAAGCAATAAAATAAACTATACCGATCAAAATACAAATTTTTTTCTTCGATTATTGGCGTAATCTGCAAGAAAATTACTTTGAGCGCGTTGCGATTAATTTTGGTTGCGGCTCTTCTGCTGCTCTGGTTAATTAGTTGAATGGTTGAATGGGCGCCGGCCTGTCAATCTGAACGGAGCGCCAGCTTCAGTCTCGAGAAATCGGGACGGAGTGAAGAAGCTATACAGTTGAATGGTTAAATAAAATTAGCCGGCGCTAACGTCCAGCACACCGTCGGAGAAAATCCTCACCTGCTATCCTCTCCCAAACTTTTATTATGGGAGAGGTGGTGCAGGGGGTGAGGGTTATTCCAGGAACAAAGAGCCGGTGAGCATTACTTTAGTACAACCGAAATAAACCTCGCCGGAAAATATAGGGACACAAATCCTTCGCCCTTACAAATACGATCATTCCTCATCTTTTTTCCTGAGATGAAGAAGATGTTTATCCTTAATTTTCCGTCCTTCCGGTTCAGAATTTGATTTGTGCGTGATGCGAAAATTTCTTTTATTAAGAAAAATTAAATTCTAAAAAGTAACGGAGGAACAATGGCCAACCAAAGCGCATTAATCACTGGCGCCGCCAGGGGGATCGGAAAATGCATCGCTTACACGCTTCTGAAAAACGACTTTACGGTAGGTTTAATGGATATGGATGGGGAAAATCTGGCATTAACCCTGAAAGATTTTTCGACACCGGGCAAAGCGTTTGCTTACCATGGGGATGTTGGCGACGAAAATTTCGTTAAAAAAACCATCGTACATTTTACGCAGCAGACGGGTCGAATTAACGCTGTAATTAATAATGCAGCCATCGCCATAAATAAAGATATTGCTTCTCTGTCTCTGGAAGAATGGCGGCGCGTAATTGAAACCAACCTGACCTCGGCTTTTTTGATGGTCAAACACGCCTCTCCCTATCTAAAACAAAGCCGCGGCAGCATTATTAACATTGCCTCCACACGCGCTTTAATGTCCGAAGCGCACACCGAGGCTTACT
NZ_CP018099.1_gap55	2714722	2719593	4871	AACAGTCAACCGCTGATGGTCAATTCGATTTTGTACAGCAACGCAAGCGATCTGGAAATCGGTAAATATTCTCAGCTCACGCTAGATCACTGCTTGCTGCAAAGCTCTACCCTGCCCTCGCAGGTAATCAGCGCGGGCAGGAATTTTCCGGGCAAAAACCCCCATTTTGTTGATGCGCAGCAGCAGGATTACCGTCCCGGCCCCAACTCCTGGGCCGTAAACAACGGCCTGCCCGATAGCAGTCAATTTTATCACCTCGCCACCGATTTACAGGGCAATCCGCGCTTTATTCACGGCCGCATCGATCTTGGCGCGCTGGAGCGCAGCGGCGACTTTTTACGCCTGGAATATCCGATTGGCAACGAATCCTTATTGCAAAATTCGATTGAAATCCTGCGCTGGAGCAGCAATGTGCAGGGCGTTGAAATCGACTACTCCACCGACGCCGGGCTGACCTGGCAAAGCGTCGCCAGCTACGACGGCAGCGAAAACCGATTTAAATGGCAGGTCCCGGCGTTGATTTCCGAAGACTGCCTGCTGCGCATTACGGCTCAAAACGATTTTCAAATAACAGACATTAGCGACACTACCTTCATCATCAGCGATCACACCATTATTCGCCCCGGATTGAGTGTTTCCGGCAAATGGCAAAAAGCGGGCAGCCCGGTTGAGGTGCGCGGACCAACCGTGGTGGAAAAAGACTCCACCCTGCAAATTGAGGCGGGCGTGGAAGTACGCTTTAAAGCCGGCAACCATTTTGACTACAGTTCTACTGAATTCGACGCCGCCTTTTTGCAAGTTAAGGGACACCTGCAGGCGCACGGCGCGGCAGGCGACACGATTGTATTTACTGCCCTGGAAAGCGATCGATATTGGGGCGGATTGATCATTGAAGACAGCGACAGTCTGGGCAGCGTGTTGCGTTTTGTCAAAATCGAACGGACTTACGGTATTGACAGCCTGGAGGGCAAAAATTTTCCGGCGGCCCTGTCTGTTTCCGGCGCTAAAATGCAATTGGAACACATGAGAATTACTAACAATGCGCGCAACGGCCTTCTGGTGACGGGCGCAGGTAACCATCTGATCGCCCGATGTGTAATTGAACGCAACGAGCGGAACGGCATTTTGTTCGCCGAAGAGTCTAAATTTCCCACGCCGGAAGTAGCCAACAACACCATTCGCTTCAACGGTTTGCACGGTATTTTTGTCAACGGTATCTTTTCTGCCTTCATTCACGACAATCTTATTACGCGCAACGATTCATGCGGCGTTAAGCTGCTTTCCGGCTATGCCGTGCCACAAATCGTTAACAATCGAATTGGTTATCAAAAAGTGGGCGTTTTTTGCGACAACGCGCAGGCCAAACTGGTGGGCAATGTGGTTTACCACAACGAACAGGGGCTGCTTTTAGATAACGCCAGCCCGGACATCGGCAACCTGACGCTGGCCGATAATACTACCGCCATCCGCGGCATGAACACCAGCTCCATTTTAACCAATATTTTATTTGCTTTCAATGCCAGTGATTTTTCTTTCCCTTCCGGCGACAACAGCGCGCCCGGAATTTCCTATTCTTTGACAGATAAATATTTTTTCGCTCCTCAGGTTACCGACCTTGGATTTAACCGTTACGGTAGCAAGACCACCTTTAAAAAGCAGGCGCCGCATTATTACGCCTTAACCGCCGGGGCGGCGGCCATTGATCATGGCACCATGGACAATTCTCTTATTACACTTCCTGAAATGGATGTGGCCGGCAAACCACGCATAACGGACGGCAATGATGACGGTACGGAAACCATTGACATTGGCGCTTACGAATTTGCCCTTTTGCAGGCCGATTTTAAAGCGCAGCCAACGGCGGGCAAACTCCCCTTAAAAGTGCAGTTTACGGATCAATCAAAGGGCGAAATCACAACCAGGCGCTGGGACTTTGGCGACGGCGTCACAGACAGCGTGCCCAATCCGCAGCATGTTTACCATTCGACCGGCCGCTTTGACGTTCAATTGATCGTGAGCGGCCCGGTAGGCGCGGATACCCTTTTACAAAAGGAATACATTTACGCCAAACATCCGCCCTTTGTCTGTCAACCGGCGCCCGATGTCTCCTTTTTTGAAGACAGCGACTGGCAGTTTGTGGCACTGCTAACTAAGGTGTTTTGCGATTCAGACAGCGCCGCCCGCCACAGTTTTACGGTTTCCGGCTCATCCCCACACATTTTGAAAAAGGTAAAAAACGATTCGTTGTTCGTAAAAGGGGAGGAAAATTTTTATGGCCAGGGGACGGTCTTTCTTAAAGCGCAGGACCAGCTTTACCTGAGCGCGCGCGACACCTTTGCCGTTTTCGTCCTGCCGGTAAACGATGCGCCCTATTTTGATAAGCCCCTGCCCGATTCGCTCTGCTTTCGCAGCGATTCCTCGGCGACGTTAAATTTATGGCAATTCGTGGCCGACATCGAAACGCCCGATTCGTTGCTTCATTTTGACCTGCAGATCAGTAACGATTCGCTTTTGTTTTCTTATGACTCAACAAGCGGTATACTCATTATTTCTGCTGCAAAAAGTTTTGCAGGCCAGGGCTGGCTGCGAGTCACGGTAAGGGACGATTCCCTGGCCGCTGCGCAGGATTCCGTGCGGATCGTGGTTTACACCTTGACCGACATCGGAAACAAGGTCGGCAGAAACGTTCCCGTAAGATTTTTCCTGGCGCAGAACTTCCCTAATCCCTTCAATCCCACGACGACCATTGCCTTTGGTCTGCCGCTTTCGCAAGAGGTGCGGCTTGCCCTGTTTGACGTTCGCGGACGCAAACTGGCCACACTACTGGATCGATCTATGCCCGCCGGTGCGCATCGCCTTGTAATTAATGCGCAGCAGCTGGCGCTTGCCAGTGGAATTTATTTTGTGGTATTGAAAACAGAAAATTTCAGCGCCGTGCGGAAATTGATTTTGATCAAATAGATTGGCATGTTTCTTTTGAAAGATGTAGCGCTCTGGCGGGCGAAATATTTTGTGAATGCGTCCTAACGCGTGACAGGTAAAGTACAAGAGTTTAGAGGTTTAGGAGTTTAGGGAGTTTAGTGAGTTTAGGAGTTTGGGGAAGGTAGGGGTGAATGATTTTTATCTGCTTTTTTTTCATCGAGGTTTGTTTTGCCTTTACCAATATCTATGTTCGTCTGAGTTAAAATTATTCAGGAAAATCCTTCACCCTTACGAGTATGGTAATCCTTTTCCAATTCTACGAAGAAAGGCAAGTCCAGGATATCCCATTTTGTTTTCAACCGAAACGGAATACAAGGGAAGCGTTCTCTGCTGGCGCTCCCTTCGACTGCGCTCCCTTCGACTGCGCTCAGGGAGCGTTTTTTGTCCCGCTGGCTGAATCACTAAGTCAACGCCAAAGTAATTGTGCACGTCAAAGGAAAATCACGTTTTCAAAAAGGCGTTCGGAAGGAGAAACGGAGCGCTCTGACAGAGCGCTCCAATTGCCCGCGGAAAACACGGCCCGGGGCGTTGCCCCGGGCCTTCTTCTCACATCACACAAATTTTTCCATGAATGTATTGAGCAGCACGCAACGCCGCACCTTGGTTTGCTTTTCACAAAATTTAAAAAAAGGAAACAACCTGAAGCGCAGGCTGCTTCCCTTAATCTTTGATTAATTACGGTTAACGCAATTCAAATCTTCAAAAGCCTTTTTAAGACGTTCAATCATCGATTTTTCCGCTTCACGCAGCCATTTGCGCGGATCGTAGTATTTTTTATTCGGTTTATCTTCGCCTTCAGGATTGCCGATCTGTCCCTGCAGGTAGCCCTCGTATTTTTTGTAATATTCCATCACGCCCTTCCAGAAAGCCCATTGCGTGTCGGTGTCGATATTCATCTTAACCACGCCGTAGGAAATGGCTTCGCGAATCTCTTCCAGACTGGAACCCGAGCCGCCGTGAAAGACAAAACTGACCGGTTTTTCACCGGTGTTGAATTTTTCTTTGACGTAATCCTGCGAATTTTTCAGGATAACGGGACGCAACACCACATTGCCTGGTTTGTAAACGCCGTGCACGTTGCCAAAAGCAGCGGCAATGGTAAAATTAGGACTGACGGCCAGCAGTTTTTCGTAGGCGTAAGCCACCTCTTCGGGCTGAGTATAAAGCTTTTTGCTGTCCACATTGGTGTTATCCACGCCGTCTTCTTCGCCGCCGGTAACGCCCAGTTCGATTTCCAGAGTCATGCCCATTTTAGCCATGCGCTGCAGATATTGCACGGAAAGCCCCACATTTTCTTCCAGCGGCTCTTCGGAGAGATCGAGCATGTGCGAGCTGAAAAGCGGTTTGCCGGTTTGGGCAAAATACTCTTCGTTGGCTTTTAAAAGACCGTCCACCCAGGGCAGTAATTTTTTGGCCGCATGATCGGTATGCACAATCACCGGCACGCCGTACAATTTCGCCATTTGATGGATGTGATGAGCGCCGGAAACCGCGCCGGCAATGGCCGCCTGCTGATCGTCGTTGGGCAGACCTTTGCCAGCAAAGAATGCAGCGCCGCCGTTGGAAAATTGAATAATTACGGGCGAATTGACTTCTCGCGCCGCTTCCAGAACCGCGTTTATGGAATTGGTTCCCACCACATTCACAGCCGGTAAGGCAAATCCTTCTTCTTTAGCAATTTTAAAAACCGTTTGTACCTCTTCGCCGGTGAGCACGCCGGGTTTTACATGATCCAGTACTTTTGCCATATTACATTTCCTCCAAAATATCTGTTGAACTTTATCCGAGTAAAATAGAATGGAATATCGTAAAAAAATGCACAATTTAAAAATAAAAATGCAGAAGAAATGTTTAAAACCTCTTTAGGATACTTCCCTCAAAAAATGTAA
NZ_CP018099.1_gap56	2720916	2722849	1933	GAGCAGCATCATAATAAATACAAAGCTGGTAATTAGCAGGGCGTGTTTTACAATACCGATGACAAACATCTCAGCGTTCCTCTTTTAATGAGCGATCAACTCTTTATCTTGGCTTTAAACAGGCGAAGCGTCTCCATGAACCACACATCTTGTTCGAAGATTTCAAATCCCCACTCTTTTAACTGCTCTTTCCAGTTGATGCGGATGTATTCAAAAGCCAGCGGACACTCAATGGTTTTAAAACCGATCCGGAACCACAGGGGCTTTTCATTAAGGTCAAATTCATTAAAATCAAGGACGATGAGCTGGCCGTCATCCTTCAATGCCCGACGCGCATTGTCAATGATCTTCCTGCGGTTTTCCTGTGTAAATCCATGAAAAACAAAAGAGAGAAAAACTTTGTCAAATTCTTTCTTAAAAGGCAGAGGCTCCAGAAAACTTTGCCGCAACAGGAAAACATTTGACAGATGGCTGCAATTTTTCTCAAACTGAGCGGCCATCTCTTCGCCGATTTCCACGCCCACGATGCGACCGTTCGCACCAAGATAGCGGGCCATCAAACAGGCATTTTTCCCCGTTCCGCATCCCAGGTCCAGAATGGCATCGTCTTTTTCAATGTTCATCTTAGCAATGGCCTCTTTCAAAAAGCGCTCGTACTTGCCTAAACTCCCCCACTTCAATAGCTGGTCGTAAAAACGGGCCGCAAAGCCTTTTACTTCCACTTTAGAAACAGATTGATCCAGCATTTTAAAGACCTCCCGCGCATGGCATGAATTTCATGCCTTGCGTATTAAAACATTTGAAATCGCCATACTGCTCACTAAGCAGGCGGCTAATCGCTTCATCGATGCGGTTGATCCTGGTAAGCATCGGTTTTTTCCCCTTTTCAACCAGTTTGGGAATGGAATGCATGCCCATACTGCGCGCCAAAAACACATCGCAGTCCTTTAACAGCTGCATAATATTTTTAGCCTGCCCATGTTCATGCCCCTCTCCTTGGCTGACAATAAAAGGATTTTCCCTTATCTCCTGAGTCATTATTTGTCCATTTTCCACCGTAAAAATCTTAAAAAAACGACTTTCACCAAAATGGCCGCTGCGGATGGCGTTCAGGTCATCCGTTCCAACTGCGATCTTCATCAACGCTCCTTATTATTTTAGATTTTTAACTTTTAATGATATTTCTAACCTTTCGATACAAATCTAAAACGGCAAATACCAACCAAAAAATTTAACAGCAAAGAGATATTTGAATCACAATTCGACCTCCCAGATTTCACCCCAAAATATTAAATATTAAATAACAAATACCACCTTCCTCTGCTCGATCTCTACCACGACCTAAAACTCCTTAAAAAGCCTGGCAAACGAATGCCCCGGCGCCTGCACGTCAATATCCAGAAAATAGCCGAAAGGCGTTTGCGCGGTTTCGTAGCCGGCGCTTTTTAAACGCTCTTCCGCATTGTCAAAAATTTTCTTCGTCAGCTCAGGGTCTCCTTTTTCTTCCGATAGATGGGCAAAAGAATGCAAAACAATGCGATTCGTCTCATTCTTACGAGCCGCCCACTTTAAATTTTTAACCAGTTTGGTCTGAACGGTAGAAAGGTGCTGTTCGTCGTCTGGTTCTACATGAATAAACCCCACCAGCGCATTTTCGAACTGTGCGGATTCATGCAGTTCATCGACCTGCTCCAGTCCCTTAACACTGGTTTTGTAAGCAAATTTGGTACAATAAATCATCAATAAGCGCATCGGCTTCCTCCATGGTTTTAAATTTTCAAGATATTTAGAAACTTTACGGCGTCGTTTATTCAACAGAGGTTTTTAATAATGTCAGATTTATTCGTTTACAAACTGCGCCCTCATTGTTCTTTAAATTTCGTAAACTTTTCCGACGCCGCCTTGCACAACTTTTGTAGGAAAACGTTCTTTA
NZ_CP018099.1_gap57	2728245	2729388	1143	GCCACCACGCCCATTAACGAGATTTTGCTGGTGCTTACCCTGGTCACCCTACTGTGGATCGGCGGAAGAATGGTCTATCAGAACGAAGGTTTACAGCCCGAAGATTTTGTGCGCTTTTTGGTGTTTTTGTTTGCCATGTTCAAACCGATTCAGGAATTTTCGGGCATTAACAACGTGATGCAGACCGGCCTGGCTGCCGCCGAACGCGTCTTTAACGTTCTGGATCAACCGGAAGAGACCTACGATGCCCCTGATGCCATCGAGCTAAAAGAATTTAAAAAAGAGATCAAATACGATCACGTCTATTTCAAATATAACAACGAAGACGAATTTGAATTGCAGGACCTGCATTTTACCATTAAAAAAGGAGAAACCGTGGCCTTTGTCGGTCACAGCGGCGCAGGCAAAACAACCATCGTCGATTTACTGCCCCGCTTTTATCCTGTCTCTGCCGGTCGAATAACCATCGATGGGATCGATATCAATCGGATAAAACTGTTCTCCTTACGAAAGCTGATTGGACTGGTTAGCCAGGAGACCGTGCTTTTCAACGACACCATTCGCGGCAACATCGCCTACGGCCATCCCGACGCGTCGGAAGAAGCGATTATCAAGGCAGCCAAAGCGGCCAACGCCTGGGATTTTATTCAACAATCCGAATTGGGGCTGGATACGCATATCGGCGAACGCGGCGTTAAGCTTTCCGGCGGACAGAAGCAACGGCTGGCCATCGCCCGCGCCATCCTCAAAAATCCGCCCATCTTAATTTTAGACGAAGCGACCTCTGCCCTGGACACCGAATCGGAACGGCTGGTGCAGGAGGCGCTGGATCATTTAATGCAAAGTAGAACCGTGCTGGTCATCGCCCATCGTCTCTCCACTATTCGTAACGCCAACAAAATCATCGTCATGCACCACGGAAAAATCGACGCGATCGGCACGCATACGGAACTCTACGAAAAAAGCAGCATTTACCGTACATTGTACGAAAACCAATTATTGATCGGGGAGATAAAGAAAAAACCCGCATCATAAAAGGGAAAATATGAGAAAAATCCATTTTACCACAGGTCTGTTTGCCACGCTATTTTTTGGCGTTCTTTTCGTGAATTTGGCTCTAACAAAAACCGCTGATGACGCCAC
NZ_CP018099.1_gap58	2780423	2783102	2679	AAATCGTATTCAAGTCAAGGAGCAAAACGCAGCAGTTGTTTTTTCAATGCACTCCCTCCCTGCTTTTTTAACGGCTGATCAAAAGGGCTCTACGATCGCAAACATTAAATTAGGTTCCACTTTTTGCGTAAACTCCATTCCAGGGTGATTAAAGTAAGAATCAAAATCAACAGCCCCAGTTTGTACCACAGTTCCACTTCTTTTTTTTGACGGACGTACTGCTGTTTTCCGCTGACAATCTGTTGAACTGCGTTAAGAGAATCGGCCGGAATCATTCGTCCGTTGTTAATTAAGGCTAACTTCTTTAAAAAGAGCGTATCCGGTTTCAATTGAATCAACTCTTTATTGACGGGAATGATGATGAGGCTGGTGGAATCGCTGCCCCAGAATTCATTTTGTTGAAAACCGCGGGCTATAATTTTGTAATTGCCTTCGCGCACAGGAATAAACTCGGCGCTGAAATGACCGGCCTGGTCTTTTTGCACGGGCAGATTAAACGATTGATCTTCACCTTTCACCATTAGCGCCGCAGTTCCATCCTGAATGCTTTGCCCGCGACTATCTACCAACTGTATTTCAAGTTGAAATTTCTGACCGATGTTTCCTCTTTTTCGATCCACTTTTAAAAGCACCGGTTTAAACGGCGTCCGTTTACTTAACCAGCCGACTATTTTTTCAATAAAAACGGTATATCCGGCAGCCAGCCTCTCGTCGGGCTGCAACAAAAAGTGCCAGCGCCACAAGCCCAGGCCATTGATTACGACTGCTTTTAACTTTGTTTCGGATAAAAAAATGAGCGGAACGGCGCGTCCTCTTAAAATGGACTGGATCAAAAGCACATCTTTAGGCCCTGTTTGCAGGTTGGGATAAAAACTTTGGAGGGGAGGTACCATGCTCCAGAATTGTTGATTGCGGGCGCTCTCTTCAAACAAATTCAAAAAAGTTGCCGCCCCGGGAGAATTCACGGTAATCGGCGTTAACTCCCTTGCCGCCGATAATGGAGAAAAATTAAACCTTAAAAATTGACCGAAAATTTTTCGAAATCTTGAATTTGAAAACTGGCCGCCCGGCATAAGCAGGACATTCTGACGCGTTGTTTCCCAGCTCTTTCTTAATTGATCGATCAAAATTCCGGACGTATTTTTGCCGGGAAAATCGACAAATATCCATACATCCATGCTGTCCAGATTCTGAAAGGCATCTTTAACAATAAATTTCCCGCGATTGTTTTCCACAAAGGTAAATGTTTTAAAGCGCGGAAATTTTTCAATGGCTAATTTCAGGAATTTCAGATCATAGTTGGGATAAGCCGTAAAAAGCCCGACATTTTTACGCGATTTAAGGACTTCCTGTACAACATGAAAACGGTTGTTGGCGGTGTTTGCCTCCCCTTTTACCCGCTCAATTTCAAAGGTTAAATGATGTAGCCCAAGTTTATCTAATTTGTAGCTAAGCGGAACGCTATACCTACCGTTACCCGGAGTTAACGTAATTCTTTTTTGAGCGAGCAATTTATTATCCATTTTGACTGTTAAAATAAGCGAAACAGCCTTCTTTAAATGTTCCGCTCCGATGACGATATCTGCCTTAACCTCTTCGTTTCGGTAAACGGATGCAGGACTTTTAACCTCGCTGATAAAAACATCCGTCTGGCTTTGCGCCCTGCCCACGACCACGGTAAACACCTGGCTGCCTATTTTACGTGTTAGCGAGGGGATACGTCCTTCGGTAACCACGCCGTCGCTAACGATGATGGCCCTGTCCGGTTTCTGCTTTCGTATGGCATTGAACACTGCCTGAAAGTTGGTGGCCCCTTCCGATGGTTTAAGGCTGTCTGGATGGCTGAGCGGTTGGACGCTGGCATTGAAAGTAAACCATTTGATCTCACTGGCTGGTTTTTTACTGACCAGGGCCTGCGCCACCTTTTCAACGCTTTCCCATCGCATCTTATCGCCGTCTTTTACGTTCATGGAGCGCGAATTGTCAAAAAAAACGGCGATTTTTTCAGCTTTTTCCTTCACAAAAATCAATTTGACCGCCGGCGTAAAAAAGATTAAAAAGAGTAAAAAGAAGACCAGGGCGCGCAGCATGAGCAAAACCCACCGCGCATATTCGGGGATGGGCGGATTGGTTTTTCTGTAAAAAAAATAGCTGACGGCAAAAGCCGCCGCAGCTGTAAGCAGCACAACAATAAAAGGAATATTAAATTGGATTAGTTCAGGCATAAAATTTACCGTTCTTTAAAATTTAAAAAAGTAAAGGCGCATTGGACAAAGTGGCGTCTCTCCAACCACGGCAACAGGCTTTATTGCGTCGCTCCTATTTTGCCGGCCAGTTTTAATGCCGGATAAGCATTTAAGGTTAACGGCGATTTTTGTCCCCGACGCAAATATTCCAGGCCGGCGCGGGCAATCATGGCGGCGTTATCGGTGCAGTAGGCAAATTCCGGCAGGTAAAAGGCAAAGCCATTCTCGTCGCAGGCCTGTTTAAGCCAGGTGCGCAACAAAGAGTTAGCGGCCACGCCCCCTGCAATGGCCACCTGTCTGGCGCCAAATTCTTTTGCGGCGTTAATGGTTTTAATAATCAGCGGTTCAACCGCCGCTTTTTGATACGAAGCGCAAATATCTTTTAAATGTTCTTCTTTTTCCTTTTCTGACAATTTTTGCAAAAAAACCAATA
NZ_CP018099.1_gap59	2890669	2895293	4624	AACTGTTTTTTGAAGCCATCGGACAGGGCTCCGGTTCAAAGGCGGTTCTCTGGGCGGTTTTAAGCGCCTTGCTGGTCGCGGCCGTCATGTATCGCACTCAAAAGATTTTTAAACTGCAGGAGTTGATAGATCTTTTATTTAAAGGCGTTGGCGGATTAATTCCCCTGGCTTTGTTGATGATGCTGGCCTTTGCCATCGGTAAACTTTGCCGCGAACTGGGCACCGGCATTTACGTGGCCGAAATTGCCCAGCAGTGGTTAAGCCCCCACTTTGTGCCGGTTATTATCTTTCTGGTTTCCTGCTTTATCGCTTTTTCCACCGGCACGTCCTGGGGAACGTTTGCCATTATGCTGGCCATCGCCATTCCCATGGCCCAGAGCATGCAGGTTCACATTCCTCTGGTGGTCGGCGCAGTGCTGGGAGGCGGGGTATTTGGCGATCACTGTTCGCCCATTTCAGATACGACCATCATTTCCTCCATGGCTTCGGCCAGCGACCATATTGACCATGTTAAAACGCAATTGCCTTACGCTTTAATGGCGGGTACGGTTGCCGCGCTCTTTTATCTGGTCGCGGGATTTGTCTATTAATAGATCAATGTTTCCTCATGATAGATCACCGCAGTTTTCATGTGGGCGTGTACGGAATTTTTGATGAATACGTAACGCGTGACGCGTTAGAGGTGAAAAAAAAATCTCAAGCCATTACTCAGGCTTCAACACTAATAAGCGCTTTACGCATCACGCATTACTCATTACGAAGCTACCTGTGCAGTAGCTCTGTGAGTACCTTTTGCAGCTGCTCAAATCAAAGTTTTTAGGTCTGGGGTTTTGCCGCGCTGGGCCGCACTGCGCTTTTTTCCAGCTTGCAGGCCTGAACAATATCTTCTATTCTGGCTTCGGCCACGGCAATATAGGTATCTGCCGCGCCATAATACATTTTCAAAGTTCCGTCCGGCTCGGGAATTACGCCGCACGGGAAAACCACGTTGGGCACGTCGCCGGTACGTTCGTAAATTTCTTCCGGCCCAAAGATAAAATGCGGCGTATGACCGATTACCTTTTCCGGCTGATTCAGATCCAGTAAAAGCGCGCCCACGCGGTAGAGTTTACCGCTGCCGGTTTGTCGAACGCCATGATAGAACAGCAGCCAGCCTTCAGCGGTTTTAATCGGCGGCGTGGAAATGCCCAGCTTACCTGAGCTCCAGCCCGGCTGAGGGGCCAGCAGCACTTTTGCGTTGCCCCAGTGAATCAGGTCGGGAGAGAACTGAATCCAGATGTCGCCGCGCGCGCCCCCAAAGCCGCCCGGCCGATCAATCATCACATATTGACCGTTAATCTTTTCCGGAAAGAGTATGGCGTCTTTATTGTCAACTTCGGTAATCAAAGCCAGACGCTCAAAGTGTTCAAAATCTTCCGTAAAGCCTATGCCCACACGCGGCCCGTGCGGGCCAAAAGCTGTGTACGTGATGAAATATTTTCCATCCAACTCCGTAATGCGCGGATCTTCCACGCCATAGCGCTCGTACACCTCAAAGGCCGGATCTTTAGAGGGCACAATCCAGGGACGGGAATCCACCTTAAAATGGTAACCGTCTCCGGAACGGGCCAGAGTCAGGTGACTATAGCCACGCAGGTCTTCCACGCGCAACAGCAGTAAATATTCTCCCTGATACTTGACAGCCGCGGCATTAAATACCGTATTGCAGGGATAGGGAATGTCCTCTCGCTGGATAATGGGATTTTTATGATAGCGTTTAAACGGTTTTAGCAAAGCCGTTTGCATGAAGCGCACCTCCTTTTCGTTCATTCTACCCAGATCGTTCGCGATTCCAGTAAGGGGTCTTTCGACAATTCCCGATAAATCTGCAGATGTTTTTCAGCCACCTTGCGCCATGAAATTTCTTCTTTAACATATTTGAGCGCATTTTGCGAAAACTGGCGCGCCAATTTTTCATCTGTTAAAATGCGCGTAATATTTTGAACGTATTCCTTTTCGTTGCGACTGACCAATCCGCACTGCGCGCGCTGCATAATGTGTTGCATGGAACCGCTGTTGCTGACCACCAGCGGCTTGCCAAAGGCCAGGCTGTGCGCCAGAATTCCACTCTGCGAATTGATTTTGTACGGTAACACAATGACATCCGCGGCCGAGATGATCGTATCAAAAATCTGTTGTTCCAGCTGCCCGCGGATGACGTAAATCCGTTCTTTAAGCGGCGAATCCTCAATGCGCTGGAACAATCTGGTGCGGTATTCGCGATATTCGTGGCCGCGCACCTTTCCTGCCAGCACTAAAATGGCATCCGGAACGCGTCTGGCGATTTCAGGAAACAAATCTACAATGTATTCAAAATTTTTACTGGGCCGGAAATAACCGATCATTAAAATCACTTTTTTGTTCTTCGGCAGTCCGATCTTTTGTTTGGCATTTTGAACGGGCTGGACTTCGCGCGCCCCGTGTTCGATCACATGAATGGTCTGCGGATCGATGCCCGAAATATTTTTCAAGAGCACTTCTTTCTGGTAATTTTCATGGACAATCACGCGATTGGCGTTTTGCACGATGTTTTGCAGAATGACGTGCTGTTCATGCACCATTTCGCGATAAACGGTGTGCAGCGTGGCCACCACCGGGATTTGGTTCATTTTAAACAGCGCAATCAGTGGAACGACCTGCACGCCGTAATGCTTGCCAAACAGTCCGAATTCGTGTTGGATGTGCACCACATCCGGCGAAAAGCGCATCATGGTGGAAAAAGCTTTTTCGGCCAGGTCTTTGTCTTCGTAATCAAATACCGGGAACACCTGCTGTCCGCTTCCTCCTAAGTGCGAGACAACGTAAACATCCTGGCGCAGACCGCGCAAAGCATCGATCAAAAATTGAGAATAAGTAGCGATTCCACATTCGATGGGCGGATAGGTACTGATGAATCCAATACGCATCCTTCAGCTCCTTTCCTTAAGTTGAATGCTACCTTTTAGATTCAGCAGCCTTTAATGAAGATACAGACACGGTATTTAATAGGTGGAACAAGCATTCTTTATTTGCAAATATCGCTTTGCCCGGAGGGTTCACTGACTTTGCAAATCGCCTGCTGGCAAGCAGTGTAGCGCAGCAAATTTCCCTCTTTAGTTTGGGAGATTGATTTGTGCATCAATAAGCTTCAAAAGCTCGATTAAGATTTAAAGATGTACTTCATTAAAAGGCGAGTGCCCCCTATATAGGTAAATAAAACTTGAAGTAATCAATAAATTCTATTAAAAAGTTCTAACTCTCTCACAGCAACTGCTGTTTTGACTGGATACGCAGACTGAAGGCAAAACTTCAAAGTAATATATCGACCTCACATTATTTAAAGTGCATTAAAAATAATATATTCTTTTTTTAGCGAAAAATCTCCATTCATTCTAATAATCCAACAATCATTAACTTTATCAATACTTTTTATTAATTTGCTTTCGATTTTAGGATACTTATTTTTAAATTCTTTAAAAAATTCTGATTTTGGATATTCTTTATAATAACTACCATTTACTCCTTCATCGAAAACAGAACACTTAATTCTTGGCCATGCAATATCATCAATAACCAAAATTATTAAGCGTTGCCAATTATAATTTTTTAATTGTTTTGCGGCGTTATATGACTTACAAAGAACAAATTTTACAATATCATTTTCATCATAACATCGAGCTCTACCATCCGAAAAAGAATTGAACATTTCATCTTCAATTCCAATGTATTTTACCTCAATTGCATATTTTTTTGCGATTGTAGAATGAGCTTCAATGTCATAAGCACCGCCTAATGCTCCAAGATTCACTATTTTCCATCCTAAACTTTCAAGCCAACATGCACAAAGTAATTCACATAGTTTTCCCATATAATGTTTAGATCTTTGGTGTCGCCTTTTTTCATTTTGACGAAATTGGTTGTCTTTTAATAGCCAATTCTCCTTTAAATCAGCAATGTAGTTTGGGCTTACATCTTCTCGTAACTCATTACCCTTCAATAAATAACGATGAATAGGAGTTGTAATTTTGTAAAGGGAACCTTGTGAAAGTGCATTCAGCGAAAGTGGTAAATGTCTTGATTTCCCGACGCCACTTTTGCTTAATTGTGACAAAATACCCCAAACATCATCGGGTAATAACACTTTTTGCAATGCAGAGCATTTTTGCCGGATAATCGAAAGTTTCTCTACCGCTTCATTAATTTCAATGTTTTTACGTAATTGACACAAACATTTAATATCGAAATTTTCCATATTTTGCTATATGTATAATAAAAATGCATCTAAAAATTTACCAACAACTGCTCCAAAAGCAGCGCTACCGATAATCGCTAAGATGAATGAACTTGAATGCATACCCATCGCCTCGTTTTATGGTTAATTATTCGGCCTGACGATTTATTTAAAAAGATTCTCCTCACTAAATTTTTTCATTTGTGTCGCGCACTATAACCGTACGAGCTCATTATAAACCAGGCCAATTCCGCGTTGAACGTTTTTCATCCGAACAAAATTAAATTTTATCTCATTTTTTAGACAAATTTTTTAATTCTTTTTCTACTCTTTCTACTAAAAACATTTTTAATAGCGATTGGTAAGGTATGTCTT
NZ_CP018099.1_gap60	2911333	2912496	1163	GTGGTTAGAATTTTCACCGCTCTCGCCCATCCACAAAGGCGTTCCATAGGTTTTACGGATATTCAAATAGCTTTGAATGGTTGCTACTGAGGTTTCGTTCCAGTACTTGTGGAAGCTGTAAGACAGGTTGGCGTCCCACGGCGGAGTTAATGAAGTAAAATCGGTGCCATACCAGTTGCCTTCAATAAAAACGATGTGGTTTGGATCCACCTGACGAATGGCCGAGGTAATGCGCATGTACAAACTGCGTAGTTCAGTGGCTGGATAGCCTTGCGGCAGGACCGGTTCGTTCAATAAGTCGTAGCCGACCACCGTGGTATCGTTGGCGTAACGCTGGGCAATTTTTTGCCAGATTTCCACCGTTCGATCCTGATTAGCCGTTTCGGTCCAGAGGCGCGCCTCAAAACCATCGCTATCGCTAATGTTGTCGGCGTTTTGCCCGCCCGGCGCGCAATGCATATCCAGAACCACATAAAGACGATGGGCCCGGCACCACTCGATCAGTGAATCGATAACCGCAAAACCTTCTTCCAGATAGACGCCCGGCTGACCTTCCGGAGAAAGCAAGCGATAATTAAAAGGCAGACGGATTAAATTGAATCCCCAGGAGGCGATTAACTGAATATCTGCTCTGGTTACATAATTGGCGCGGTATTTTTTCCAGAATTGATCGGCATTGCTTGCGCCAATCACATCTTCAATTTGCGCGTTGATGGAGGAAGGGGAGCCAAAACCCGGCATGTGAAGCATGTAGCCCTCAGGAACCAGCCAGCCGCCAAGCCCCAGTCCTTTAAAAAACACTTCTTTCCCCTGTGCGTTAATGAACATGCCGCTCTTTGTTTTAATGAAAGCAAATGCCGGATCTAAAGCAGACGCCATTAACGCCAGCGCAAGAAGAAGGCCAATCTTTTTGCTCTGCATTCCAACCATTCAACGCTATCCTTTATTGACATAAAAGCCCCACAGACCTATCATTTTTACAAGTTTAGTGCCAAAACAGAATGGGAATAAAAACAGGCACAAAGCCCGTCTTTTTCAGGTTAATGATTATTGTTTCGATAAGCGACATTATTAGAATGATAATCCAATCTGCCATTAAAATACTTCCTCCGAAAGGTCTGACGTCTTAGCGTGCGAAAAACTTCGTGAATGCCTAACACGTA
NZ_CP018099.1_gap61	2916880	2921476	4596	AATCAAAGCTTCTTTACGATCCGGCAAAAATCTGCTCACCACAAAAACAATGAACAATAAACCGCTTATGGCCACCGGCACACCGATTTTGGAAATTTCAAACATTTCCATGCCTTTAATGCCGCTCTCTTCCATTAAACCGTAAATAATTAAGTTGGTGCTCGTACCGATCAACGTACACATCCCACCGAGGATGGCGGCATAAGACAGGGGAATAAAAAATTTGGAAGGCGATAAATTAGAGCGCTCTGTCCAGCTTTTTAAGGTAGGGATTAACAGCGCAACCACAGGCGTATTATTGATAAAAGCCGAGACCGTTGTAACAGGAAACAAAATGCGCATCAACTTTTTACGATAGCCCGAATGATTACTTTTGCCAAACAAAAAATTCTGCAGCCGGCCCATTAAGCCAGAATTACTCAACCCAGCCGCTACAATGAACAAAAATCCAATGGTCAGCATACCTTCATTGGAAAAACCGACAAAGGCTTCTTTTACATTTATTACCTTGCCAAGGATTAAGAGAAAGAGAAAAGAAAGAAGCGTCAATTCTGTTTCAAAAATTTCTTTGACTAAAAAATAGGTCGTCAAAATAAGTAGAATTAAGGTGTACCAGAATTGAAAATCCATTTTTTACTCCAACGCCGCTCAGCGTTTTTATTCGTTGTTACAACTCTGTTCTGGTGCAAAATTTATTGAATAAATTAAATACTTAAAAATTTATTATCAGTTGTTGATTTTTATCAAAAAAAAACTGGGAAATTAAATAGCGGCTAATAAACATCCCGGACGGGCTCTTGAGGATCTCGCACTTTTTTCACATAATCGCTATCGATTTCAACCGATACCGTTTGCATAATGCCTTCAATGCTCACAACCAGACGTGTTTTACCTCGTAAACTCTTTACCATACCCTTCAGGCCGCGGAAAGGTCCCTCTTCAATGACCACAAGTTCGCCCGGCTTTATGTAATTTTCGAGCTGGATTTTTTCTGGATGTTCAAGCATTTGTTTTAAAGATTCTATCTGCCAGTCAGGAATCACGGCCGGCACACCGTTAAAATTTACTATTTTGACCACGCCTTTGGTTTGCAGCACATCAAAACGATTTTTATAGTCAATTCTGACAAACAGGTAGCTGCTGAAAAGAGGCATGTCCACTTTTTTCTTGCGATCCTTCCACTGCCGAACGCGTTTGATCAGGGGCAAATACGCCGTAATTTCCTTCTCGATAAGCCCTTCATAGACTTTTTTCTCGTGCCGTGGTCGTGTGTAAATGGCGTACCAGTGTTCCATCTATGCGATTCCCTCATTCTTAATTTAAAGGTTGTAGAATTTACAACAATTTCCAAACAAATCAATTTTTTCTAAATTAGATGAGGAGAAATTTTAAAGGTAACTGCCTCAAATCTCGAAAAAATTTTTTATCAGCCCAAATACATCGGTTATGTCTTTCACACCGTTTTTCGGGGTTATTTTGCGCGTCAACAAAAAGGCGTTGTTATAGGTATGCGTGCCATTAAACATCGTTTGCTCAAATGTCTTTTTTGCCCACAAAACGCCTTTAAAATCGTATCCTTCTTCAGGCAGTATTAGCAAATCCGGAATATTTTTAAATTGAAGCGGATCAACAAAAATTTGATGGTCCAAAGTTTTGGGCAGCCCGTATCCTTCGTATCCGCGAACAACCTTTTGCACAACCGGTTTTCCATTGGGATCTTTTAACTGCATCAATTTTGCGCTGAGTTCATTACAAATGGTTTCATATTCAATTCCCGCTTGAACTTTGCCTGTTTTTTCCCGGCCTTTTAAATTGAGATAGATTCTTCCGGGATACAGACTGTAGGCGGTGGTAAATTCGTGCAAATCTTTCAGGTTTTGAGGGGGAGCCTGTTTAAAATAAAGATAGCCGTTTTCCATTAGCCAGCGATTCAGGTTTACTTCGTATTTAAGCCTGGTAAATCCGTGATCCGAAAGCAATAGTAAAGGGGCGTCGTCCGGCAACTGTTTAAAAAATTGACCAAGAAGGCTATCCAACTTTTGATAAAAATTAAAAAAATAAGCGGAATAAGGCTCCACCCTTTCTTCGTAATACCTCCAGAAAAAATGATGCAGACGGTCGGTCTCCATTATGTGTCCCATAAAAAAATCCCATGGCCCGTTTTCGTAAAAATAGCGTAGCATCTCGAAACGCTTTTCCATAATCTCGATTAGTTGATGATAAAATTTATCCGGATCTTTCTTTCCCGCTTCCACATCCGCATCAATCCGATAGCCCTTAGCTTTTAGAAAGGAGCCGATGGCCGGTGGATAAGTCCCCTTTGCCAGATCAGATCCTAAAAAGCCACTCACTACGATTCCATTTACTTTTGTCGGGGGATAGGTAACGGGCACATTTAAACTAAAAACGCGTTTTCCCACCTCCGAAAGTAACTGCAGCAGCGTTTTCTTTTTTAAATGTTTTGCATTGGGCACAAACCACTCCAACGTACCGGGATCTCGCTCAATAAAGCCGGTGATTCCGTGTTCTGCCGGTTTTGCTCCGGTCCAGAACGAGGCCCAGGCCACCGAAGAAATGGGGGGATGGACGGAGTCTATTTTAAAAAGAGCAGATTCCTTTAGCAATTTTCCCACATGAGGCATATTGCCCTCTGCGACCATCTTTTTCAATAAACTAAAAGGCACGCCATCCAGGGCTATGACTACTAATTGCTTGCGTTCGTTCATGGTTTCAAATCTCGCTGCGATTTATTTTTCCTGCGTAACAAAGAGAATAATATACGACATAAAAGGAATTAAAAAAACAGAGGCTGTCCCAAAAGCGATATCAAATGTATATTTTTAAAATAATATGAAAAAGTTTACAATAGCCCTCACCCCCTTTCCCCGTCTCCCGATTTCGGGAGAGGGGGAATTAAAGGGGGTGAGGGGAAGAAAAACTTTATAAAAATACATTTTCTTTGACTTTTGGGACAGCCCCTGACCTGAGGAAGGAAAACTACTGTTTTTGGACAAGTTTTCGTTCGATCGTTTCCGGCTGAATAACTTCGCCTTTTAGAGGAAAGCGGAAGGGATTGTTGACCAGGCCCGTTTTCCCATTGCGGTAGTGGACGGTTAATTGCGGCTTATTTAAGGCGCTAAAAATACTATCTGCCGGGACTTTATTTTTTACAAAGTAAACAAAAGCATAGGGTTTTTGATCCACAATATCCGTTTTAAAGCGTACGATGTAATCATTGGTTGAAAGGTGACTTACTAACATCATCAGGCTACGACGGATACCGGCATTCAGCGCCTGCGGCATGTAAATTTTGTAAACGGCCAGGTCTTGCGGTTTATATTTTTTATATTCGTTAAAAACCATGTTAAAGGGGGTAAACAGCTCTTTTATAAACGCGCTTCTGGTAATATGCTCTATTGTTTGAGATGTTTTCGCAACTTTAAACTTTAACTTTACCGTGTAAGATTTCCCTCTGCTCACATAGGTGACTTCCGGTTGTTCGATAATATTCTTAATTTCATCTATGGTTAAAAGAGAGTCATTAAAGTAGATCGTAGCCTCTACCGGTTCGCCGAAATGGGTGCTGAACCCATAAATCCCTTTATTCTGTTTAAGCAGTTGCGTAAAGTAGAAAGAATCGTATGTATCGAACAACTTATCCACCCAAAAGACCGCCGCGGCCACGCTGTCGGTTGGCGAGGCAGGCATTCTAAACAGTGTTTTAGCCGGCGTAAAAATTGCGGCTTTAATCTTTTCGGGATCGATGACCTGCGGATCATAGTAAATTTCTGCCGTATGAGAGCGCACATAGGCTTTTACGCCCAAAACGCCCTTTACGCGTTGCATTCTCGAAGCAAAGGACATGGCGCTGCCATAACACTTAATATTTTTAAGACCGGATTGCGAAAAGATGGCAGCCGTTTCCAGTTTTTGTTCCGGCCCCCATTTCATGTTAATGGTGGGCAATTCTATCGTTCTGGCCAAAAATAACCCTAAAACAATTAGCACTACCGTGGCGGTAGCCGGTAGCCAGGTCATTTTCTTTTTGTTAATGGTTAAGGTGTCGGAAACCGGGCAGGCCTTAATGCAATCGACACATAAATGGCAATCGATATGCTCCACTGTTTCAACGCCCATAACATCCAAGCCCATGGGGCAGGCCTTGTTGCACAGGTTGCAGTCCACGCAGGCATCCCCTTTGCGTTTGATTTTAAAAACCGGAAAAAGCCAGCCTTCTAGCCTGGTAACCTCCAGCAACATGGCAATTAAAATGATGATCCCCGCAGGCCACAACCAGCTAATTTGCAGGCCCAATTTGAGTAATATCAGATAAATCACCATAACGGCAAAAAAGACCACCGCGTTGGAAAAAATATTGGAGATGGCGCTTAACGGGCACAGATACTTACACCAGAACTGTCGAATAAAAACAGCGCCTAAAATGGTGATAATTAATGCGGGCAGGGCAAAGTACAACACCACATCACTCCCGAAGCCGGTAAAGACGGCAAAAAAGGGATCGTATTCTTTACAGAACAGTTCGCTGGAACCAACGGTAAAATAAAAGGTCAAAAATAACAAGATATATTTAAGGCT
NZ_CP018099.1_gap62	2928420	2932936	4516	TTCCGGCATGGAATAGACTTTTTTTAAACCTCTGTAAATTTTGTAATTCAGTCCAACGCCCCACCATAAGTTTTTTAACAGCCGGTGGCTAAAAGTGGCCTCAACCTGCGGCCCGATATAGGAAAAATCTCCTTGCATCGAATCACAGGGCACAAAAGGATCGGGCGCATAAGGTTCAATTTCAATGGCGCGGTTTACGTCGCTTAAATAGTCCATATTATATTGCACGGAACCATAAAACGCCTGAGTTGGCGATACATGTTTTTGTCCCGTGAACCGGACATCGTTCTGATGAACGCCATACGCATCCCACCAGCGACGTAGTTCGCCCCATGAATTCTGACTATTAAAACTTATGGTCATCCAGTTCAAAGAATCGCTGGCCTCTAACCAGGCGGAATTCTGGCTAAAATGATAGAGATTGATCTCATTAATATTAGCCGGAATGGCAATTTCGATGGCGCCCACTCGCCACTGGTGGATATTCCCGGCAAAGCTTTGCCCCGCCATGATTAAAAAGCAGATTAAAACAAAAAAGCAACATACTCTTTTCATCATATTAATATCCCGGTGTAGGATGATCTAAGATAATAAAATCCAGACTACTGTTATTGGTATCGAAACCTGGTTGACGCCTCTGGACGGATTTACCGCTGTATTTACTCATTCCCACTCCGGCAAATCCGGCGTCAATGCGAACGGTTAATTGCTTCAGCGAATTCGGATTGGAACTATATTCCACTCCGTCTAAGATGGTATGAATCGGAACGTGGTAGTATTGGTACCCTCTATCCGAAACCTCTCCGGCATAAAAATCAGTACCGTCGGCCAACAGCACAAAATTATGCACAAGATTGATCATAAAATCCAGCGATCTTTCGGGGAGAACATTCACCACATTCGGCGCAGGATTATCGATCTCGGCGCCATAAGGATTATAAAATTCCCAGTCGGCGTCAGATAAATCCAGCGCGGTGTCAATATATTGCGAATGGTCTATAGCGTCCTGAGCTACAACCACATATTGATGGGGCGCCACCGGATACTCCCGGCCCACCTTGGGTTCCCCCGGAAATTGAAAGATGTATGTAACCTGCACATAGTCAACGGAATCCATATTGGGCTTGTGTCTTTGCAATCCGCGGCATAATATTAAACCATCCAGATACACGGTGGTATCACTGTTATTGTAAAGCTCGATAAACTGGTCATAAAAGTAAAAGGCCTTGTTCTTTGGACCGCAGTAGTAGATTTCATTGATCACCAGACTGGATTCCAGAGCCAGATTGGCTTTCAGCGTATCTTCAAACGTTAAATCCATCATTTCAATTAACTTACTACCGCGTAGGGTTAAGGTATCAACCTGGTCGCTATTTTCAATCGATACCTCTACCTCTTTCTCAACGGTTAGTGTGTAGCGCCCCAATAATAAATCTTTGAACTCCACCACGCCCTGACTATCGGAATACGCTACGTATTTTTTGCGAACGCCGGGGCTTTCATAATAGGTATTTGATTCCAGAACCGCCCTGGCATTGCTTAGCGGGGCGTACCCCAATTCAGGGTCTGTCTCGATTAAGCCGCTTTGATCAACCAGAATTGTGCGCAAAACAAGACTGCCGTCTTGCTGGGTGGGTGGACTTTTTTCACAGGCAACAATCAAAAGGCCTAACGCCAGCAGAAAAATCTTTTTTGTCATGATGTTTTACCTTATTTTAAAATTTATTGACCTGTCTTAAACAAATCATCCAGCTTTGCGCTAAAAGCTACACCCCAGAACATCTCAGGATTTCGGGCCGAGTAGCTACCATAGCGCGTTTTATAGTAAGCCATGTCATTAAAAATATTTTCCACAAAAAGAGAAATTTCTGCGCCTTTAAAGAGCGATTTACTCACAATCACACTAAACAACCATTTGTCGTTAGGCTTGCTGTCGTCAACGCTAGTACTAAGCTCGTCATAAGAACGATCCAGCCCCATCAAGGTGGATGTTTGCGGGTCGATCGGGATCAGCTGTCCGTCTTTGTAATAACCGATGGCATGCGTGGTAACATTACCAAGCAGTAAATAGCGATCCCACAATACTTGTTGAGCCCTGAACGTTAACCAGATGCCGAGACTTCTTGCAATGTAGTCGATTTTATAATTGATGATGGTTTTTTGCCTCCAACTTGTGGTCGGCTTATAATAGGGAACGATTTGCATATCTTCTGGCGCCACCCAGCCGGATGAAAGCGTATCGCCGGCTGAATAATATCTGGAGGCAGATGAAAAATAAGCTACGCCGTCTCTTTTGCCTGATCGGCTAAACACATAGGAAGCGCTAATAAAAAAGCGCATATTAAGCTTTGGCAAGCGATGCGTTCTTAATAAAAATTCAAATCCGCTATTGTTTACCCAACCTACATTGCGTGCAATTTTATAACCAGAAGAGGCGATCAATACTTTTTCCATTACGGTCTTCTGGCTCTCATCAGGCCACTGTGGCCATTCATATCGATAATAAGTCAAAGGTATGCCCAGATACTGGGGAATATTATTGGTTTTTTGCAAAAAACCATTAAAACTTAAGGCAAAATCACCGAATCGCTGGTCGAGACCAACTTCATATTTGGTGCTTTGATAGCCTTTTAAATGAGAGTTCGTCCGATCGTAAACATAGGTGCTAATCAAAGGGACGGTAATCGTCGTATCTCTGCCATCGGCCAGCGTTTGATGTATGATTCCAATATCGTTCACATCTAAATAAAACTTTTCTGGATACAGCATAGAAAGCGCAGGAGTTTTGGACGCTTTGCTAAAGGTTAAACGAAATTGCGTATCTTTAAAAAGTTTTAGCTTTAGACCTAATCGGGGATTTAGGAAAGTTCCTTGCCGCGCTTTAAAGATATCCTCATTTTTTAAAGGATTAATTGGAAAAAAACCGTCCGGATTGTAGCTATCGATTCTGAGTCCTATGTTAAACGTTGTGGGGACAATTAAGCGGGCTGTTATTCGATCTTCGAGAAACAGAGATAACTGTGAGATTCCCGGAATATCGCTAAAAGAACGCGGACGAATATTCCCGCCGCCATTTGGAGGGCGCAACAAATCAAACTGCTTACCCGGTCCGTTATTCCACTCCTTCTGGTATTCGCCGCCGGCTAAAATGCGGTGTAAAAATTTTCCCGTAAAAAATCGGTGCGTGATTTTGACTTTAAATCCTAAAGACCATTCATCGCCTATGGTACGCACATCCGAAAAATAAACAGGATCGGCAAAAATACCTTCAATGGTGCCGGGTTCCATTAAGGTGGTTGCATATCCTAAATCACGCGTTTCTAATTTGTGTCGCCAGCTGTTTCGACGTTTGTAGTCTAAAAAGTTGCGCATGTAAAAGGTGGTATTTTTACTATGCTTAAAATTTATCCGTTGAGAATACGTAATATGAAAGTCGCGATTGTAGGCTCTTGTTTTTTCGGGGTCCGATTCGTCATTGTCTTCCTCGATTTTGCGGGAAAAACGCAGCCCCTGCGTCATTTTGAGCTTTTTTTGCAAAAAACAATTGCTGGCCTTTAGCGAGGCGCCTATCCGATGGAATTCGTCGCCTTTAATACGAATATCGCGCTCGCTGTAACCATAATTTAAATTGTAAACAAAATTGGTGTTCCAGCGCTTAAAGCTGCCCATTAAATTGGCTTCTTTGGTGTCCGGATTATTTTTTACCTTGATGCGCGTGGGCACGTTTTCCGTGCGCGTTGTAGCGATAATTACGCCGGAAGTATTGTCTCCGTACTCAACCGATGTGGCGCCGGATTGTACTTCTACGCGTTGTAAATTATCGGCCACAATTTCACGCAGATCATACTGACTTTCCGCCGATGCCTGTACCTTTGTTCCATAATTAACGCCCACTCCTGTCTGTAAATCCACATTGTTCGAAAGCGGCACGTCGTCTAAAATAATTTTCGTTCCAAAAGCAGAACCGGCATCCCCAAAATTACGTAAATTAATTTTTTGTTTGCTTTGCAACCCAAGGTTGGTCGCCTTTTCATTGCCCGGTATCATTTCTAACACATCGGCCAGGCTGGTGGCCTGCATGTGTTCAATTTCTCCGCTGCTGATACGATGAATGGTTTCCGGTTCCTGCGGCAATAAATCTCTTTGCGCCGTTACCTGAATGCCGCCTATCTCCAGGAACAAAAACTCATTCGCATTCCCGGGATACATGGTTACATTTAAAGTGGTGACCTTACCGGCTTTTACTTTTACTTCTGGAATGACCAACGAGTAAAAACCTTTTTTGATAAAAATTAAATAATAATTACCAGGCGGCACATCATCTAAAATAAATTCGCCGTTTTCATCCGATTTAGTGGACCTGTTCTTACTTTCAATGCGAACGATAACGTTGGATAATCTTTCATCGCTATCGGTTTTGACAATGACGCCTGTAATTTGACCGCTTTGGTTTTGAGCAAAAAGAGAAAGGGCAAATACAAAAACGAAAAATAGCAGTAATGTGCGCATTATTATT
NZ_CP018099.1_gap63	3037075	3039024	1949	GATGCTTGATATTCTTTGACAATGCCGGAATGGCATGAGGCACATTGATTTGGGGTAACCAGAGTGGAAATGGTGTAACCATTGTGTTCATACGCGGCAGGATTACTTTCATCTGTCTTATGGCACTCATAACAGCCAACGCCATTATAGTAGTGTTTGGATCGCTTCCAATCATTTACCACAAATGATGTCGCATCATTATGACACTCCAAACATTCTGTAGTTGCTTCACTAAAAGTTTTGTACTGTGGTTTCGTATCTTTCACTCCCTGTTCACATATTCCGGAAGTTGAAAGAACGAAGGCGAGCATAAATCCACAAACACATAAGAATTTTAACCCTTTCATTTTTCGCCTCCTTTTTTTAGTTAAAACTTACATAAAAATGTTAAACGTGGAATAATATCCTCATCCGGTGTTACGCCATTTGTTTTATCGTAAAGAACCGTTTCCAGATTCGGCATCAAATGGACGTCGGAATCAAAAGCATAATCAATACCGCTTATGATAAGAGTGGACCTGGCTGTCGGATCAAAAGGGATATAAGCAATTGTATTCCCTGCGGGGTCTGGATCGAAGCAACGATCAATGCGCATTATAGCGTTAGTCTTTTTCATTACTTTAGCTACCGCAAATACAGACCCCATGTCTAACTTAAGATCTTTAGCGCCTATCAACTCTCTTACCTGATGCGTATAAAGTAAACCTACCCTGAATTGTTCGGTTTTATATGCCATAAAACCGCGAAAGGTGTACCAATCCGTTTTACCCGGATTATTATCCCAGTCACCATAGAGATCGATTAAAAGATTTTTAACAGGCTTTATACCCAATGAGAGCATTACCTTCTTTCCTTTATTCATATCTCCTACATTTCCAGAACCGTTAGCTATCATCAAATGGTATGTAAACTTTCCCCTTTTATCCAGATTCCCTTTTATAGCCAGGCCAAAATCAACCGTATGTACAAATTTGTGTAAATCCAGGGGAGTCTTTTCGATGGAACGATACCCCCACATTTTAAGGACCGCCCCATAGGCAGGAGTAAGCGAAATTCCCAATAACGCTTGATGATTTCCACGATTCCAGGACAGATATGCTGCCTTAACAAAGGGAGTTAATTTATTACTGACCTGATTCAGGCCATCGGGCGTATTCATTTCGAATAACACGCATGAGGAAAAGTTTTCTGTAATATCTTTTTGATATTTTAAATAAATCCTGCGAATCCAGAATCCGTTTCGATCTTTAAGATTACTATTATTATTAGAAACCTCATAATAGTAATCTCCAAACATCAAACCGCTTATCTTACCACTTTTATTATTTTGGGCAAATAACAATGTCGAAATTAGTAACAGAATAAAATATAATTTTTTCATTTCATAACCCCCTTATCTTGTTATGTTTTTCACATGTGAGGGCAAAAAATTTTAGCTCTCTACAACTATTCGTCAAAAAGCAAATTTTCAAGGAGGTTTGTGTATCATGTGCATGTAAACTTCTATTATAAAATCCATTTTAAATTTCGCTTTCATGCAAATTACTTTTTTCACGAATTTACGAATAAAAACCACGATTGCAAATTTTTTTTGGGTTTTTTACCTATTTAATTTAAAAGCGGAATAAGCCTCAATGCACATCTCCAGTCCCCTTAATACAAAGGGAAAACGGCCTGCATAGGCAATTTTTTTCAACGATATGAGGAAATCCCTGCGCTGCTGCCCTTTTACCGTCACCGCAAAATCGGGATAAAATGACCTATCATCTATGGAGGTCAAATTCATAGAGGATAGCAAAACAAATACGCTTTGACTACTGGTTCTTAAAATTTACTCATGTTGATTACAAACCATTTAGCCACACGCAAGACAAAAATATGATGGGTATCGTCTTTTTCCCCTTCAGGATCTATTTGATTTCTTTTTGTTTAGAAAAACTAAAGATATT
NZ_CP018099.1_gap64	3148679	3151416	2737	CAGCTCTTTGGCGGCTTCCGCTTTTGGTTTGGAGGTTATGGCTCCAAAAAGGGCCAGTTTATGTTTTTCAAGCAGGTCAATGGTGCGCTGCGGCAAAGGATTGCCTTCTTTACACCAGAATTCCCAGCCAATATCGGCATGAACATAATCAGCCTCAAAACCGGCGGCTTCCAGTACGCGTATGGCTTCCGGCAAAACCGTTTTGCCAATTCCATCGCCCGGCATGGTTACAATAGTGCGTTTGCTCATCGCATCTCCTTCCGTTTTTCCTAATTGATCAAGTTAGTTTTTCAAATATGGTAAAGGCTTCGTCGCCAAATTTTTCCTGCATCTTTATGGTGTAGATATCATGGATGATGTAATCTTTAGTCAGTAGAACCATTCCGCGATTCAGTGTGTAAGCGGCGGTAGTCAGGCCTTCGTCTTTAAAATTAATGATCATCATGCTCGCGCTATCCACCACAACGGCCAGACGGCGGGCTCTCCGTTCCTGACGAATCTCGTGCTCCCGACCGTGGTGAAAGGTGCGTTTTAATCGATAGGTCGAATTGCCAAACAGCACCAAAAATATTTTTACGCCCTCGCGTTCTTTTTCTTCAAGAGACTCATGCAGCACAGCCAACTCTTCTGCCCAGATGGAAATATATATTTCCGATTCCGCGCTGGAAATCAGTTCGCGCAATTTTCTGAAAATGTTTTCATCGCCGGAAATATTCCAGATGTAATGCTGATCGTAGCCGTCTTTTTCGTAAATTTCAGCCAGTTTTTCCTGCAAAAACTCTATACTGTGCAAATAGTCCGCTTTGAGTTTTTTTAAAATTTCATCCGGTGGGAAAGGAATGTAGCGCTTTGGGTCGCTGCCCAGAGCCATAATCACTTCACGATCCTGAAGCTTATTAAGAACTTCATAAATCTTTGATGCGGGGATGCCCGACAACCTGGCTATTTCGTAGCCGGTAGAATTAGCCTGCTTGAGCAAAGCAATGTACGCTTTGGCTTCGTAAACGGTAAAGCCCAGTAATTTTAGATGCTTCAACAAATCCATAATAACCACCTTTGTAGTTAATAGGAAATTAAAGAAAAATAGCAACTCTGTCAATAGAGCGAAAAATTTAATTTGCACTTTCTTACGCAGTAAAAAATCTATTCAATAAACGGAGAAAATTTATTGCATTAAGACCAAAATATGAGAAGAAAAATGGGACAGGCCGGTAGAGTGGTTGATTGGTTGAATGGTTAATTAGTTGAATGGTTGAATAGTTAGTCTGTCATTTCAAAAATGTTTCTGCAAATGTGGTGAATTCCTAACACCGTTTACGTAGGGGCGAAGGATTTCCAAGAACAATTCAACTCTGGTAAGCATTAATCTTTAGTCATATAAAAAAAGCGCTCTGGATAAAGTGGGGATGGAAATCCTTCGCCCTTACAAGTACGGTCATTCCTAATCTTTTGTCTGGGGGTAATGGTACAAGAGGGCGAGGGCAATTGAAACTATTTCCAATTTTAAACATTCCCTGCGCCCTTTGTCACTGCTCTGTGCTTTCTGTGGTTGCTTAAATTCCTGCGGATGTTTTTGTTTGCTGCTATGCTGTACTAGAATTAAAAATTAAAAATTACGAATTACGAATAGTAGGGTGCCGGTTTTGTTTAGCTTTTGTCTTAAATGTTATATAATTTTCTGCGATTAATGGCGTAATCTGCAAGAGCGCGCGTTGCGGTTGATTTTGCTTGCGGCTTTGCCGCCTTTGATTATGATATCCTTTGTTCTGAAATTAAAGAGCCGTCTGAAGCTGCACGGTAAACAGGTCGCCAATATTATGGTTTAAATCGTCTTTGCGAATTTCATAATTTAGAATGATTCGATTTTGTTTGTTGAAATAATAGCCGCCCACAAACGTATAGCGCGTCTTCGTACTATTAGCTGTATTTTGATCGTCTTCATATTGATCATAACGCAGTCCGACCTCTATGTTTTGCGTAAAGCGATACGTTCCCGAAACATAAAAGCCTGCTGGTTCTTTTTTAAAATCGCTGTTTACTGCATCGTAAAAGGCCGTAATATATTCAGCCTGTGCCGTTATCTTCTTTGCTGAAAATTTTAAGAGAATTCCATAAGCAGATTCCTCGCTCTCCGTTCCGTCACTCAGGCTTTTTCCCCGATAAAAAGAACCGGCAAGGGTCAAATGCGTTTCGGGCAGACGCGCTCCGATAAAGGCAGCGTAATCTTTCGAACTATTCACATCACGCGCATTAACGCCTGTGCCGTTGAAAACCATAAATTTGTAAATGGCGGAAAAATTATCTGCAAGCGCGTACTCTCCGGCAGCCTCAACGCCAATATCCCGAAAATATCCGCCGGTCATTCCCAGTTTTTTAACAATACCAGCCGTTACGTAAGATGGATTTAAAAATTTCCAATAAATCCGGCCGGGATAGGCCTCATACCCAAAGGGATACTTGAACTGTCCCATACGAAATTTAAGAAAGGAACTAACGGTGTACGAAACCCAGGCTTGCATCAACAACGGTTTTTTATCCGCGGGTCCGACCAGCTCAACCATCGCATGATAGCCCATTTTGTCGGTTGTTTGTCCTTTAAAAAGTAATCGCGCGTGCTTTACGCCAAAGCTGGAGTTCGGTTCAATGTCTTCTGTGGTATCATATTCATAGTTACTCATTATCCAAACGCCAATTTTCGGTAAGGTTTGATTTTGACTTCCCCCCTGCGCCAGGGCAA
NZ_CP018099.1_gap65	3316804	3319754	2950	ACAACCGTTAGCCACTTTACCGCCAGTTCATTGTGTGAATAGTGGTAATACAAGGGAATAAGGGCAGTGGCAAAATGGATGGCTTTTCGTTGCAGCAGCATCCGCAAAGAAAGCGTCTGGTTCACGCCTCTTCCCCACTGGTAGAGATCACCGATTTCAAGGCGCGGCAGGCCCTGGCGATATCGCCGTTGTTAAAGACCGAGCTGCCGGCCACCAGCACATCGGCCCCGGCTTTAAGCGCCTGTTTTGCCGTCCGCACATCAATTCCGCCGTCCACTTCGATTAAAAAATCCGCTTTGTATTCCGAACGCCATTGGTTTAACGTCGCTATCTTTTCAACGGCGTAAGGAATAAACGCCTGTCCGCCAAAGCCGGGATTTACCGACATCACCAGTACCAGGTCCACTTCTTTTAGCAAGTGTTGAACGGTCATTACCGGCGTGGCCGGATTAAGCGAAATACCCGCTTTACAATTTAGCGCCTTAATGCGCTTAACGGCCCGATCCAGGTGCCAGCAGGCCTCCTGATGAATGGTTAAATAATCTGCCCCGGCTGCGGCAAACCATTCCACAAATTGCATGGGATTGCTGACCATCAGATGGACATCCAGCGGCAGACGCGTGATCTTTTTTAAGGCCTTTACCATGGAAGGGCCAAAGGTCATGTTGGGCACAAAATGGCCGTCCATCACATCCACGTGGATTAAATCGGCGCCGTTTTTTTCGACCATTGCGATCTGCTCTTCCAGTTTCAGCAGGTCCGCAGACAGAATAGAAGGTGCCAGAAAAGCCACAATTACTCCTCGCGATTTTCGTTCATCGGTAGTTTACTGACCACTAATTTTACGCTCTGTATGTTTTCTATCGGCGTGCCGGATTTTACACTCTGGCTGAGTACGGTCTCCGGCAAAACGTCATCCCGCGTCTCATATTCGATTTGAATATCTTTAATGCCCAGCAACTGTAACTGTCTCTTGGCCATATTTAAGCTCTTGCCCGCCACATCGGGCATGACCTTTTGCTGCGGGTACGGGCCCAGGCTGATGGTTAAATCGATTTTAGTGCCTTTTTTAACCGGTTGACCCTGGGGATACGACTGGCCAATCACCACATTTTCTAAAGCCAGGTCGGAATATTCGTAATACAATGCGCCCAATTCCAGACCGTTGGCTTTTAGAATCAACTCCGCCTCGCGCGGTGATTTAAAGAACAAATTGGGCATGGTAATCGGTTTTTCGCCGATGCTGATGGTCAAATAGACGTGCCGCCCCTTTTTTACTTTACTGTATGCCGCCGGATTTTGCTCGACAACCGTTCCCGGCTCAAAATGTTCATCGTAAACGGAATCGGCAATCACCACGCCAAAGCCCTTTTCCTGCAGAATTTTTTTCGCTTCGTCTATTTTCATGGTTACGACATCGGGCAGCTCAAACTCTTCGCCCAACCGCACATACCAGGGCATAATCAGGTTGTCAAATAACAGGACAATAAATACAAAAGCAAAAAAGGCCAGAATAAATTTGGTTATTTTAAAACGAAAAATTTTTGTTAAGAATTCGGAGTCCATTTTACCAATCCATTGTTAATTGATTTTTAATTTAACAAGTTCAAGCCATTACCGGCAATTTTATTTGTTAGCGGCGCCTGAACGATTAAAAATCGGGCAGCGGAATTCCCTGGCGGGGCTTATTTGCTCTCGACAATTAACGTTACCGGGCCGTAATTCAACAATTCCACATCCATCATGGCGCCGAAAATACCAGTCTCCACTTTAACTCCGTGTTCGCGCAATCGTTCAATGAATTTCTGGTAGAAGGCATTGCCCTTTTGCGGATCGGCGGCGTTAATAAAACTGGGGCGGCGCCCCTTGCGTGTATCGCCCAATAGAGTAAATTGCGAGATGGCTAAAATTTCGCCGCCAACTTCCAGCAAAGAACGGTTCATCTTGCCCTGCTCGTCTTCAAAGATACGCAGGTTAACGCATTTATCGGCAACAAAAGCGATGTCTTCCTGGTCATCTTTTTGATCGACGCCAATCAGCAACAACAGTCCTTTACCAATTTGCCCGACCGTTTTACCATCGACTTTTACGCTGGCCTGTTTTACGCGTTGCACAACAACTTTCACTGCTCGTTCACCTCTACTTTTAGATTTTCCAGACCCAATATCTCTTCCAGTTGCAAAAGCACGTTACGAGTAACCAGAATTTTTAGTTTATTGGAAATCAGACGGTAAGGTCGTCCGTTTTCCGAGGGAATTTCAAAGAAAACACGGGAATCGCCAGAGGTCGAATTCAATCCCAGTTTAAGTTTGTAAATGAGCTGATCGTCTAACTTTTGCGGATCGATTTTGATGATCAATGCGCGCGTCATTTGCTCCGGAATTTTTTGAATCGGCCAGATATTTTGCCCGACAAACTTGATCATGTTTTCATCGAGATCAGAATTCAGCCGTCCTTTAATGCAAACCACATTATTTTCTTTTAACTGCGCTTCGAACTGCGGATAGGTGGAACCAAAGACCACCACCTCGTAAATATGGTCAAAATCTTCGATTTTAACAAAGGCCATTTTTTGATTGCGCCGATCGATGATGGTGCGCATGTCCACAATTTGCCCGCCAATGTAGAAAAACTGCGGCGGCCGACCGCCCTTCTCCACGTTTTCGCGCACTCTGTTCACATCGGTGCAGTACAGTTTGATGATGGAACGGTAGGGCTCCAGCGGGTGCCCGGAAAAATAAAAGCCCAACAGTTCCTTTTCTTTTTTCAACTTCTCGGTCAAATTCCAGTCGGGCACATCCGGCAGTTCCGGGTAAGCGATCAGTTTATTGCGCTCTTCTTCGTCATCCACCAGGTCAAACAAACTGCGCTGATTTTTATTTTTTTGTTTCTGGCTTTGCAGGCTTTGGGCAAATTCCAGGGCCGTTTCGATCATGTTAAAAAGCTGGGC
NZ_CP018099.1_gap66	3336637	3339209	2572	AGCATAAAAGACTTTAAATCAAAATCTTTCTTTTTGACGCGGAATAGCCCATACGGTCTGCATCCTCATCATTTCTTAATAAAAGATAAGGAATGACCGTATTCGTAAGGTCGAAGCATGGCTCATTTAGATTGTACTAAAACAATGCTCACCGTCGCTTTAGTCATGGAAATCCTTCTTTCATAAACAAACGGTGGTAGGGATTTACCAGGCTGGCTTTCATCCTGACAGGTTTGAAATTCGGAACGACGCGCCTACAACCATTCAACTAATCAACCAATCAACTATTCCACTCTTATAATTTGAAACTCATCCGTCGGTTAAAATGCATTTTCAGGATAAAAATACCCTTAACATCATTTGCAATAAATCATTTAATTTCTTAATATTATTTAACTTGAGTTGAATTAATGGAGTTACTCAGGAAAAAGGATTTGACCATGCGAATGCTCGATTTAAAAAAGCAACTGCCGCTTCTTTATGGCAAAAACCGGGATGAACTAATATACCAGGAAACACGCTACCAGAAATTGGCTCAACTGTTCCGCAAGCAGTTTAATGAGGCGCCTCGGCACTGGTTCAGCACGCCGGGTAGAACGGAACTGGGAGGCAACCACACCGATCACAATCATGGACGGGTGCTGGCTGCCAGCGTGCACCTGGATGCCATCGCCGCCGTCAATCCCAGCGATGATCAGCAAGTGACCCTATTTTCCGAAGGTTATGACCAACCATTCGTAATCGATTTAAACAACCTTAATAAAGTTGAAGACGAAGTCGGCACCACTTCGGCGCTTTTGCGCGGCATTGCCTTTCGCATGCGAGAGCTGGGCTATCGAATCGGCGGTTTTAAGGCCTGCGTTGCCAGCAATGTTATGCCTGGCTCCGGTCTGAGTTCCTCGGCCACCATCGAAGTTTTGATTGGCACCATTTTTAACCATCTTTACAATAACGGCCAAATCGCCGCAGAAGAGGTGGCCAAAATCGGCCAGTTTGCCGAAAATGTGTACTTTGATAAGCCCTGCGGTTTAATGGATCAAATGGCCTGCGCCACCGGCGGCATCATCTACATCGATTTTAAGGAACCGCAGCGCCCTACCTTTCAAAAAATTGATTTCGATTTTGAACGGTACGATTATCGTTTGCTGGTGGTCAATACCGGCGGCAGTCATGCGGACCTTACTGCAGATTACGCTTCCATTCCCCACGAGATGAGACAGGTAGCCAGCGCGCTGGGCCAAAAGGTCTGCCGTGAAGTGGACGAAGACACCTTTTTCCGCGCTTTGCCCCAATTACGCAAAAAAGTCGGCGACCGTGCCGTTTTGCGCGCTTTCCATTTCATCCGCGAAAATCAACGCGTTTTAGAACAGGTAAAGGCTCTGCACGACAAAGACTTTGATCTGTTTCTGAAATTAATGAATGAATCCGGTAATTCATCTTTTAAATGGTTGCAAAATATTTTTACGTCCCAACAAATTAACGAGCAAAATCTGACCCTGGCCCTGGCGTTGACAGAAGACTATCTGGCTAAAGTCGGGCGCGGCGCCTGTCGCGTTCATGGCGGCGGATTTGCAGGCACCATTCAGGCCCTGCTACCCGTACAGGCCCTGGATGATTATATTGATAAAATGGAATATGTCTTTGGCAAGAACAGCGTGTCGCTTTTAAAAATCCGCTCGATTGGCACCCAGTATCTCAACCTCCTGATGGAATGAACGGCGTATTCGTCTTTCCGCGTCTCTTTAAATAAAAAGAGAGCCCAAAACAGCCATCTTGTGTTCCGGGCTCTCTTCACCGCAAAAGTTTGCACAGCCGTTCAGCGCACAAAGCAGGAGGGAGTTTTTATTTCTCCTGCGTGTGCAGAACCTCCAAAACTCATTTACATGACTGGCTCAAAACCGGAAGCGCATCCATCTCCTTTCGACTTTATTTTACCAGAAAACCGTGTACAAAACGGCCAGAATAATCATGATGGCGTAAGCGCTGATGTTAAAGGCCGAATCGGTTTTGAAGGTGGCTGCCGTCAGCGGAATGCCTTTGGGATCGTCCACATCGGGCGAGGTGGTTAAACTAACGCCCACAATGATGGCCATGGTAATAAATAAAGTATAAAACATCTGATCCATCCAGGGCAGATCCACCGCCGGCGTTTTTAAGAACAATGCCACAACAATAGATGAAATAACGCCGATAATGGCGCCTTTATTGGTCGTTTTCTTCCAGAATAAACCCATCAAAAACACCGCTAAAATACCGGGGCTGACCAGGCCGGTGTATTCTTGAATATACTGAAACATTTGCGGGATATTGCCCATCACCGGCGCCATAATAATGGCCACCACCAGTGCCGCAGCGGCGGTTAATCTTCCGATAAAAACAATTTGTTTTTCCGTGGCGTTTTTATTGATATAGGGCTTATAAATATCCATGGTAAAAATGGTAGAAGTCGAATTAAGCATGGATGCCAGCGAAGAAACAATGGCCGCCGTCAGGGCCGCCAGAACCAATCCTTTTAAACCGGTGGGGATAAACACACTGATCAACCAGGGATAGGCTTTATCAAAATTAATGG
NZ_CP018099.1_gap67	3341292	3344883	3591	CGCGGCATAAACGCGCTCCTGAGTTACGCTTAACCCCCACACGTTCCAGCTGTTCCAGCCCATGGGCGGGGTTAATGCAATTTGATTGCCGATTACAATCTTTAAAGTTGCCCTGTCTTCGCCAAGAGCATTACGCGCCGTAATTTTTACGTGATAAACGCCTTGTTGATCGACTTTACCCGAAATGATGCCGCTTTGCACGTCGAGTGTTAATCCGGAGGGCAGTCCCCGGGCCGTGATGCGTATGGGACGTTGGCCGCTCACAGGAATGCGAAACAAAAAGGGCTTGCCAGTGCGCTGACCGTAAACACGAGGATAATTAATTTGCGGTTGAGGCTTTTCCGGCGGCGTTAAAATGTAAGGCGCCCCTTCCTTAAATACTAAGGGCCGGTCGCTGTTTTCAAAACGGACGACATAATGAATGGTTGTGGAGCGTTTAATTTCCGGAAAGTCAAAAGTAATTTCCATACGACCTTTGGGTTTTAAATCCAGAGAATAGCTTTTAGAAAAAAGCTCCTTGCTTGCAATATTGTCAGTCGCGGTTATTTGCAGCGTTCCCTTTATCGGATATTTTCCGGCCGTATTGTGCAGAGCAATCTTCTTGTTCATTTTTTGATTCTGCACAGTAAAGAGCCCCTTATTCAGCTCAACACGCAGATACTGGCCGATGTACGGCATGGAAATCGACAGATTGCCTGAGTAGATTCCTCCCGGCCCGCCCCAGTTGTACACGCGGATGGCCAGCACGTTTTCCCTGTCCCACTGAATCCGCGCGTCGTCCACCGCCAAAGAATAATGCCGTTCCACATTCCAGAAAGAATTTTCCAGATCTTTAAAAGAGTCTTGCGCTTTGACATTCGGCCCTACATTTTTGCCATTTTCGCCGATCAAAGCGCCGTTTAAAAAAACCTGGTCAAAATCATCGATCTTTCCCAGATTAAAAATGAGGCTGTCTTTCAAAAAGGCGTTTTCTTTAAGCGAAGATGGAATGATCACTTTGATGCGATACCAGCCAAAGCCCGCTTTGGTTTGATAGCCCTGTTTATCCCAGCTTTTATCAACACGAATATTTTTCCAGTTAGAATCATCGTAATCTGGCCTGGCAAAGGCCAGATCGTCTTTGGGAAGAAACTTCCAGCCGCTATTAATTTGAATAGCGTCCTGCGTTGGACTTTGCCCGTACGTTAATACAGGGAATAAAAAGAGAAAAACTAAACTGAATATTTTTTTAGCGTCTCTCACGCTTGCCTTCCTAAAATTAATTGGCAGCACGTCAAACAAAATGTTTCTACCTTGTTTATTAAAAAATCCGTTTTAATTCAACATTTTTTTTAAACGGGTAAATTATTTTATCGAAAATTTGTAAATGGTTTTTGTATGATACTGTTCCCCGGGTCTTAAAATGGTAGAAGGGAACTCAGGATGGTTGGGCGAATCGGGAAAGTGCTGGGTTTCAAGACACAAGCCGTAGCGATGTTTGTACACTACCCCGCCTTTTCCCACAATACTGCCATCCAGAAAATTGCCCGAATAAAACTGCAGGCCGGGCTGGTCGGTGTAAATTTGCATGTAACGCCCGCTTTGCGGATCGTAGAGGGCGGCCTGAAGCTTTAAGGTTCCATCTGCCTGGTTTAATACCCAGTTGTGATCGTAGCCCCGGCCGTATTTTAATTGTTCGTCGGGATCGTTAATCCGCGCGCCGATGGCCGTGGGCTGACGAAAATCGAACGGCGTTCCTTCCACCGGACGCAGCTCGCCGGTGGGAATCAACGTACTGTCCACCGGCGTAAAATAATCGGCATTAATCCACAATTGATGTTCCAGAATGTCTCTTTTGCAATGGCCGGTTAAGTTGAAATAACCGTGGTGCGTTAAATTGACTGGCGTGGCCTTATCGGTTTGGGCGAAATATTCGATTTCCAGTTCATTATGGTTGGTTAAAGAATAAATCACCGCAACTTTTAAATTGCCCGGGTATCCCTCTTCGCCATCCGGGCTTAAATATGTTAGTTTTAAACGCACTTTGTCTTTTTCATGAATTGGTTCGGCGTTCCAGACCACTTTATCAAATCCCTTTATTCCGCCATGTAAATGGTTGGGGCCGTTGTTGGTGGCCAGCTGGTATTGCACGCCGTCCAGGGTAAATCTGCCTCTGGCAATGCGGTTTCCGTAGCGTCCCACAATGGCTCCGAAATAGGGCGAATCTTTCAGGTAATCGTCGAGTCTGTCGTAGCCCAGCACCACATCTTCGTACTTGCCGCTTTTATCTGGTACAAATAAAGACTGTACAATGGCGCCATAGTTGATGATTTTTATCTGCATTCCGTGAATATTTGAAAGCGTATAAAGATAAATTTCCTGTCCATCCTTTGTCCGGCCCCAATTTTCCTTTTTTACATCCAATTTGTGAATCTCCTTATCGTGTTTTTTACAACTACCTAAAGTTAAAAAGGAAACGATCAATATTATCCAACAAAGAATAGTCGTTGTATTTCTCATCGATTTTTCTCCTTCTTTATGACCCGTCGAGTTTTTTGTTGTTTTATCTGTATCGTAAAACGAACGACTTTTTTTCTGTGTTGTTGTTTTAATTCTTTCGTCTGCAAGGTAATATTCCTCCGGATTTATTTACAACCTTATCACAACTCTCTTCCTCACAAATTCCTTTGACGATTTTTCAAAAGATACTTTTATGGTAACCATTCCATCGTTATTAATATTTTCAATTTGGGCTCCATCGATTGACTTAATGGATTGATCAAATATTTTTAAAGCAAAGGTACCTGTTGAGCCGGCTTTCCCTTCAAGGTCAATAAAATAAGCTTTGTTTTTCAAAACGGCGTTGACGACCCGGTAGCCCTGTGATGTATCCCCTGGCCTGGGTTTTGGAAGGTAAGGGATAATCCCGATCCCATTGTGATGGTTTAATATTATTTCCGTTTCATTGGTTAATAAGAAATTGACGGGTTTTAGCAGCATGCGGTGCAGAGTCGTATCCAGCGCCACTTCCTGATGATTCAGCGCGACTCGGTCAATAATCATACCGGCGGGAATTTCGGGCGTTAACCAGATTTCGACGGGCTCGCCCTGCGCTAACCTCAGCTCAAATCGTGTTTGATTTTTCTGCCGCTCCATCTGTAATTCGACCACCGAATTCCCGATTCTTAGATTCTGTACCTTTACTTTATTCCAGTGTAATGGGAACCTGGGTTTTAAATCGGCCCGCTTTTCGGGGGCGTTGGGCCTCCAACCGACCATGCCGTGTATTGCCGGAGCAATGACATTGGTTTCAGACCAGCATTGATGAGGACAGACGCCGGCGGGTTCATAGGTCAGTCCATTCATCACCTCTTCTACGAAGCCCAGCGCCCAGTGTTTTTTAATATTCATATTGTTCATCAGGTGGCGAAATCCCTGCACCGAATTGCCATATTCATATTCAGCCAGGGCGGCCCAGCCCGTAAACAGAGGCCATACACTGCCGTAATGATAACCGCGTGGATCGAATAACGGCGAAGATGAACTGATAATTCTGATGCCCCAGTCTGTGGAAAAATCATTGCTTGCATAGCAGGAAAGCATATTTTTTAC
NZ_CP018099.1_gap68	3361326	3363105	1779	CCAGCCAGAAAGAACCAGTTTACCGCCCGCTTGCAGATATTCGATAATGTAATCTTTTTCGTTACCGATATTGTGCCGATCAAAATTATAGTCCGAATGCCATATTAATAATTTGTAACGCCCCAGGATGTGTTTGGGAGGCAGGCCGCTGGTAAAATAGTCAATCGTCGTATCAGGATTAAAAAGCTCGTTATAAAAGCTATCGACCTGAGCGTCGGTCGTAAATCCCGGCGTCTGGTCTCCTTCTTTCGTTTCATCGATTATCAGAATGTTTTTGTCAAAAGTAGGTTCAAACAACACGATCTGCACGGTGGCGGGTGTAGGGTCTACAATTCCCGTGTTATCTTTTGCCACCACTTCAATGACGTGTGTTCCGGTGAGAGGCAGAGCAAATTCATCGGGCGTTAATACCGCCATTGTATCTTCAAGCCATGTCCAGTCTCCCTGGCCATCTACCCGGTAGCCGTATTCAACCACCTCGCCATCTCTATCTTTGGAACCAAAAACAACCTTAATCCCCGTCCACCAGTCTGTTGTCTGAGGCAAAATAAACAGATCCTGATTTTCCTGGGGCGAAACGATATACGTTTCCGGACTATAAGCTTTTACCGTGTAAAATTCTTTTACCGCCGGAGTGGGGTCTTCGCCGCCCTCGTTGTCAATTGCTTTTACTTCAAAATGCTGAAAGTTCAATTCGTCCGAAGATTCAAATGCAATGGTCTTGCTTGTTAAGTTGGTGGTTACCCAGTCTGTTACAACCGTATCCCCTTTTGTCAGGTGGTAGGTAATGTAGCGGTATTTGTAAGAAGTAACGTAGCCATCCGAATCTTCGCCGTCCCAATGAATGGTTACATAGGCGTTGATGGTATCTCCGTCCACAGGTATATTGGCCACCGTTGTATTGGGTAATTTATTTGGATCTTTCGGTTTGGTGGAATAGGTACAACAGACGGCCAGAAACAGGCCGATTAACAGAATGGCAATTTTGTATAATTTGTTATTTTTTTTCATACTTCCAACCATTCCTATTTATTTATAAGCTCAAAACTTGGCGTAAAAATATAGGTATCGCGCCACCGCTTAATAGATTTGAACGCATTAAATTGTATGTAAATATTGTGCTCTTCATTCTCATCCGCAATAAACGGGCATTCCATGGTGATCAAAGGTTTATAGCCTTCTGGAATGTCGATGGGGAATGTAAGCCCGTGAATGGTAACCTCGTCCGGAGGATAAACAACGAACTCAATTCTTTGATATTGATTGGGCGGTATATGGCTTTCCACAATTTTTTGAGGAATAAATGAACCGCTCTGCCGTTCTAAAAGGTTGTATTCCGTCTCTTCATCCTTATATCCGCTAAAACTACTGAACAACTTGGCATAAATGCCTTCTTGCGAATAAACTTTCATTTGACTGATGGTAAGAGAGAAATCGTCTTTCGTGGTTACTGTGAGCGAATCGAAGCCAATCTGAATGGTTGTGTCTGCAGGGTTGGTAACCAGATAAATCCGCAAAACGGCCGGATCGGGGCTGGAACCTAAATGGTCGTTGCAGCACATCAACAGTAAAGCGCAAAAAATGCCACTCAAAAAGGTAAAAAGCCGTTTAAGTTTCATCAGATTGTTCACCTCTTTTAAATATGTTCCCATGCCATTTTAAAGCACTGGCAATTTAAAGAAACTGGCTTCCGGTCTTTCACCAACAGGCAGGCCGACCCACAGCCCTTGTGTAATTGTTTTCAGTCCTTTGCCCCGCTGGCCTGCGGGATTTTGACCG
NZ_CP018099.1_gap69	3445955	3446920	965	AACGGTGTAAGTGATTCCTGCGTTGGCCAGTTTCGCGCAAAAGCAGGAAGAAATGCCAGGCCGGTGACCAATCAATTTTGAACCATGATTTACTTGATTTCTGGATTTTCATGATTTGCTTTTTGTGTCTACAAAATTTCGCCTTAAAATTAAGCGTAAACGTTCACTAGTAAAAAAAGTCAAGTTAATCCTGTAATCATATTAATCAAGGTTCAAAAACTATCTCTAAACATCCAAGGCAGTACAGCCGCAACCAAAATCAACCGTAACGTGCGCAAAGTAATTTTCTCGCAGATTACGCCAATAATCGCAGAAAAAGATTAAACAAATTATTTTGAGAGAAAAGTTAAGCAAAGCGGCACAATTGCTCCCGGGGGTGTCCCAAAAGAGAAATTAAATGTATAATTTTTTAAAATCATGAAAAATCTTACATTAGCCCTCACCCCCTGCCCCCCTCTCCCGAAAATCGGGAGAGGGGGAATTAAAGGGGGTGAGGGAAAGAAAAAATTTATAAAAATACATTGTCTTTGACTTTTGGGACACCCCCGGGCTGCCACGCAAGTGGTGACCTTCGTCAGGGGATGAGTTTTAAAAGCAGCGTAAAAATTTTCGCACGCTAAGGCACCAGATCTTGCGAAAGAAGTATCCTAAAAACACGGGACAGAAAAAAAATCGAGGCTCAGCTAGAGCGGTGTTATGGCATTTTGTTAAAAGATTGCCCACTACAATAGGTTAATAAGCCACCACCACCGTAGTTTTAGCTTCCTGTAAAATACCATTGGCGTCGTCGATCATCTGGGCAAAAACGATGTAAATGCCCATGCGCATCCTCTTTTTGTGCGCGTCTCGCCCGTCCCATACAATCGCCACATCCTGCCCGCTAAACTGATTTTCCGTCAACGAACACACCTGCCGCCCCAGCATGTCAAAAATCAACACACGCACACGCGCCGTTTGCGCCGGAA
NZ_CP018099.1_gap70	3449569	3454071	4502	ATTTTATCGCGCGGGAATTCGGCTTTATCGATGATCACATGGGCAATATTTTGTTTGGCCAGAAAGAGAGAGGCGGTACTTCCCGCAGGTCCTGCGCCCACAATGGCAATATCTGTATCGAATAACATGATCTTTAACTCCGTAACTTGTTCTGGTTTTGTTTCATATTAACATCGCTTCGGGGATGAAAGGTCTGGTATTCCTGCATCAAAAAGGTTCGATCGATGTGCGTGTAAATTTGCGTGGTGCTGATATCGGCATGGCCCAACATCTCCTGCACAGCGCGTAAATCGGCGCCCCGCTCCAGAAGATGGGTGGCAAACGAGTGGCGGAAAGTGTGCGGATGGATTTCCTTACGGATTCCGGCGCGCTCAACATATTGTTTGAGAATTTTCCAGAACCCCATCCTGCTCAGGGCGCCGCCGCGGACATTTAAAAAGAGGACGCCCTGCGAACGGTTGTAACGATCTAAGGTGGGCCTTGAACGATCGATGTACCTTTGAATCCAGTTCAGAGCCGTACGCGCCACAGGCACCAGCCGTTCTTTGCGCCCCTTACCGAAAATACGTACGAATTCTTCCTTCCAATAAATGTCGTTTAAGGTCAGATTAAGTAATTCAGAAACGCGCAGTCCGCAGGCGTAAATGGTTTCCAGCATGGCGCGGTCTCGCAGGCCAAGATAATGTTTCACATCCGGCATTTCAATTAATTTTCGCACTTCCTCATAGCTCAGAACAGAGGGCAAACGACGGGCTAACTTTGGCCGGTCAATGGTTTCCGTGGGGTCCGCTTCCATGTAATTTTCGGCCAGTAAAAAACGATAAAAGCCGCGGATGGATGAAAGATTGCGCGCCACACTGCTGGCTGAAAGCCCCATTTCGCTGAGCAGCTGAATTAGGCGTTGCACATGCGCCGGTTTTACTCTGGTGGGCGAATCCACTCCCACCGTTTTTAAATAGGTTAAAAATCGCCGTACGTCGCGCAGGTAGGCATCAATGGAATTGTCTGTTAAATTTTGTTCAAATAAAAGATAAGATTTATACTGTTGGAAAAGATCATTCATCCCGGGATTCTTTTTTATTTTCGTCCAGCAGCGGTTCGGTTAACGACAGAGCCAGTCCGGAAAGCATCACCTCCGGGGCCAGTTTTTCAAAATCTCCGGAAAGCAGTTCGCGCTCTACATTCGTAAAGATAGAGCAAGCGGCCTGCTTTTCAACCACAATGCCAGAAAGCCGACCGTTGTATTCCGCAAAGAAGGTTACCTCCCCCAAAAAGTCGCTGGCTACAAATCCATCACAAAAATGAAGCTGGGCATGGGTATTATTGGTGTAAATAGAGACCAGATTACCCGTCCGATGCCCTATTTTAATCTGGGGGTAGATTTCAATACTCAATTTGCGGTGTTCTACCGGATTCATCAGAACAGCGCGGTATTGATTGCCGCGTTTTGCAAATTTTGTTTCGAGTACCTTTTCTATTTCGGCCAGTTTTTTTTCATCAAACTTAAATTTCATAATCCACTCCAAATTGCCTTTTTGCTACGCCCACAATTTACGCAAAATTTTCCAACAAGTTGGTAATTTTTAACGGGGAACGATAAAAAAACGGCTCGCCGTATTCAACGCCAATCAAATTGCCATAAAACCTGGCGCGCACTTCAATCGATTGCCAGAACTTAGCCGTGCTGATGTATGTTTCTTGCTGTCCGTCGCTCTTTTCACCGGAATAAAATTGACTTTTGTAAGCGCGCAGCCCCATTAACTTGGTCTTAAAAAATTCGCTGATGTCCACAATAAAAGTAGGTTGTTCCACATGATGGCTGAAATAATAGATAATGCCTTTAGGACGATGCGCTTTCTGCCCGTCTTCAATTCTGACCAGACCGGCGTAAAAACAGCTCTCTGTAATCAACTTTGAAGCATGTTCATGATCCGGATGACGATCCTGCTCGTAAGGCGCAAGAACCAGTTTCGGCTGAAACTTACGTACGAAATAGATAATCTTTTGTCTGTTTTCCGGATTCAATGCGATGTTACCGTCAGAGATGCCGACATTTTCACGAATATGCACCCCTAAAGTAGCAGCGGCAACTTGCGATTCTTTATGACGCAGTTTAGCGTTACCGCGCGTTCCCAACTCGCCGCGCGTCAAATCCACGATACCCACGCGACAGCCCTGATCGACCAACCGCGCTATGGTTCCGCCGCAAAACAGCTCCACATCGTCGGGGTGTGTGCCAAAAGCCAGTACGTCTAACTTCATCGAATTGTTCATCGAATAAACGCGCCTTTTTTGCTGAATATTTTTATATTAATAGCAAGTATATGGAATTTTTAAAAAAAAGACAACAGTCATTTGTGCAGAAAAGATATCCTGATAGGAGCAATGTTTTTGCAAGTTGTGTAAAAAGTAGAAAAAAAATGACCACAAAATACGCAATGAATTAAAAACGGCGCCTTAATCAATCTTCAGCTTTGATCTTGCTTTTCATCGCATCGCTCTTTACTTTTTTTAAGTGTCTTAAAACCGAGCTGATTTTCAGAAAATAATCATCATAATCAAGCGCCTTTTCCAGATAGTAGATGGCCTTATCAAGATCACAATAGAGATAAAGCATGCCAATCATCAAGGCCTCACGCGGATTTATTCCTGCTTTCTGCTCCGTATTTTCCCACTCCTTTACCATCTGCGGGCATGGGCAATCATCCCAGTAAGGATCGGTATTAATAATGATGCCCGGATCTTGCTGCACCAATTCAAAGAACAGTTCGAATGCCTCTTCCAATCGCCCCACGGCACAGTAACAAATAATCATCTTTTTTTGAATGGCCACATGATGATTACCGCGCGCTACCTCTTTTTCAAAAATGGGCAGGGCCAGATCAAATCTTCTTGCAATAAAATATCTGTTCGCTAACATCTCTGACATGGTTCACCTCTGACAAAAAATGGTCAAAAATCATGCCACACGAAAAATGTCGGTGGTATCAAGTATTTACCTCTTTTCCGCATAAAATAACTGAAACAATTTATTCATCATTGAAACAATTGGTTTAGGTAAATGAAACACTTCAAGTCTCCAGCAAACCGTATTGCCTCATCTTGCGCCACAAAGTCGTACGCCCCATCCCCAGAATTTCTGCCGCTTTCGATCGATTCCACTTAACCTTTTCCAGAGTATGGCGAATGATCTGCGGCTCTGAAGTTTCTGGTAGGGATTGACTTTTGAATGTTTCAGCGCTTTCGCCAAGGCATTTGGTATTTAACCGAACATTGGGAGGCAATTTGGAAGCGTGAATGATATTCCCTTTTGTTCGGGCAAAAGCGTATTCGATGGTGTTTTCCAGCTCGCGCACATTGCCAGGCCAGGCATAACTTAACAATAAGTCCATGGCTTCGTCATCAATCTCTTTAATTTTTTTGCCGGTAAGCAGTGAAAACTTCTGCATAAAATAGCGCACCAGATGCGGAATGTCGCATTTGCGTTCGCGCAATGGCGGCGCATAAATGGGAATCACATTCAAGCGGTAATACAGGTCCTCTCTAAAGCGTCCTGCCATCATCTCTTTGCGAATGTCTTTATTGGTTGCGGCAATAATGCGCACGTTCACCTTGCGCGTCACCGATTCTCCCACGCGCTCAAACGTGCCCTCCTGCAAAACACGCAGCAGATGGACCTGCATTTGCAAAGGCATTTCGGCAATTTCATCCAGGAAAATGGTTCCGCCGTCTGCCATTTCAAACCTTCCTACGCGATCTTTCACGGCGTCTGTAAAGGCGCCCTTTACATGGCCAAACAATTCGCTGGCCAGAAGGTCGGGAGGAAAAACCGAACAGTTCACTTTAATAAAAGGTTTGTCTCTGCGCTTGCTGGTTTTTTGAATGGCGTTGGCGATGAGCTCCTTACCCGTACCCGACTCTCCCTGGATTAAAACGCTGGAATCGGAGTCCGCCACCTCTTCGATTAAATCGTAAATCTCCTGCATCGATTTGTGCGTGCCAATGATGCCATGAAAATTGGTGCGTGAAAATAAATTCTTGTGGATTTCTTCCAGATGAGTTATGTCGCGAAAACTGATCACACCGCCGATCGGTTCGCCGTTTTCTTCGCGCAGAACGGCTGCGTTTAGCTGAACTTTAAGTCTTCGACCGGAAGCATGGGTCATTTCGTTTTCTAAATCGAATACATTCTTGTTATCCTCAAGCACCTTTTGAATCGGACATTCGCCTAAACAGCGTACCGTCCGGAAAACATTCTTACAAAAATCTCCCAGAACTTTTTCTCGCTTAATGCCCAACAACCGTTCGGCCGCACGATTTATGGTCTGCACGCGAAAATCCTTATCAACTGTAAAAAGGCCTTCGCCTAATGAATCCAGAATGACTTCGGTAAATTTTCCGTTTTGAATTTTGGACCTCATGTTTCACCTCTATGAAACATTTGAAATAATTTGTTTCAAAATTTAAATAAGCTTTTTTTTAAATACAAATAATTTTGAGAA
NZ_CP018099.1_gap71	3624211	3626646	2435	TTATCCAGCGATGTTCTGCTGTTAAATTGCCAGAATATGACGCCTGCCAGCAAAAAGACCGCCACTACCACGCCCAGAACCAGGGGCAGCCAGTTAGATTGACGATTATCTATATTGCTTCTGGATTTAGTGGGCTTCTTTTTCGGGCGCTCGCTTACGACCGGAGTTTTTTTCTGCACAGTCACACGACTATTTTTCGTTGGTTGCTGCGCCTGCGTAAAATGGGCAAAAATCAAATTTGAAAACTGAGAACAGGTCTGAAATCTCTTTTCCGGATCTTTATCGGTCGCTTTATTAATGACATCAACCAGCCAGTTGGGAATATCCTTATTAAAAGTCCTCGGATCAATGATGGGTTCTTTAACGATTTCTTCCATCAATTTAATAGGATTGTCAGTGGGATGGTACGGCAATTTTCCTGTGGCTAATTGGTAGAGCAACACGCCCAGGCTGTAAATATCGGAACGATGATCAACGCCGGCCGCGTTCTGGATTTGTTCCGGACTCATAAAATAGGGCGAACCTAACTGGGCGCCCGTTCGCGTATGCCCCTCTTGATCCAGCGCCTTGGCAATTCCAAAATCACTTATTTTGGCCACTTCATATCCATGAAAATAACCGGAATATTCCGAAAGAAGGATATTCATTGGCTTGATATCGCGATGAATCACTCCCTTTTGATGGGCATAATCCATACCGGCAAGAATTTGTGTAAAAACAGGAACAATTTCTTCAAGCTTCAGGCCATGGCCCCTCTGCTTAATCACCTCGCTAAGAGCCGGCCCGGGAATATATTCCAGAAGAATAAAATACTTGTTATCAACCCGTTCCACATTGTAACAGCGCACAATATTGGGATGGTTTAAGTCCAGTTGCAGACGCGCTTCTTGCAAAAAACGTTTACGTATATGTGGATCTTCCGCGTAATGGTCGTAAAGCAGTTTCATAGCCATTTTCATACCAGTAAGCTCATCCCGCACCAGGTAAACCGTGGCCATACCGCCAGAGCCAAGTGTTTTGATTTTCTGGTATTTTCCGATTCTCTCCATTTTCACCCTTTCACCTTCTTGTGATTCAATTCTGCATAAGCATTAAAAGTAAAATTAACAGAAAACTAATGGTCAGATAATTGGCCAAAACCAACAGACAACCGGGGTTTTGCGCTTTTTTCAACTTATTTAAGCGAATTTCATCCAGCCTTTGCAAAATTTCGTTACAGGTTTTAAAACGTTGTTCTGGCTCCCTGGCCATCATTTTGATAATGATTTTTTGTAACCATACCGGCACATTCCGGTTTTGACTGGCAATAGGGATAATATTGTTGGTCATTATTGCATTTACCAGTTCAGTAATAGAATTGTTCTTCTGGGGATAGGGAGTTTTTGCCGTGCACACATAATAGAATGTTGCTCCCAGGCTGTAAATATCGGAACGGTGATCCACATTCGCCGGATTTTGAATTTGTTCCGGACTCATGAACGAATAGGTACCCAGGCGAACATCGCTACGCGTTAAATCGCTTACGCCCAGCGCTTTGGCAATTCCCAGGTCTCCCAGCTTGACCACACTATGTTCACTGAATCCCATTCCCGAATCGTACACAAAAATATTATGCGGTTTAATATCGCGGTGCACGATGCCTTTTTCATGCAAATACTGAAGCGCATTTAAAATCTGTTTAAAATATGCCAGCATTAAATTCAATGACAGTGGCTCCCCGATTTGTTCAATTAATTGCGCTAAATTGAGCCCCGGCACATACTCCAACAGTAAATAGATTTTATTATCCTCTTCAAAAACGTCGTAACAACGGATGATGTTGGGATGTTTTAGCGCAAGTAATATACCTGCTTCGGTTAAAAATCTCTTTTTGATTCTTGGATTTGCGGCATATTTCGGCAACAGGGTTTTTAAAGCGAACGGTTTACCAAGCTTTTTATGCATTGCCAGATAAACCGAAGCGATGCCGCCTTCTCCCAACTTTTTGGTTATAATTAAATCCTTAAGCTTAACGTCCACGATGCTTTTCGAGCTTAATCAATAAAGATTCGATTTCTTCTGTATCCTGAACAAAAGGTTCAAATTTAGATTGTATTTGATTGATATTATTAACCGCGTTTTGATAACTGATGGACACATCGTTAACCAAAAGTACAACGCCAGATAACGCTTCGATACCGCTCAATTTATTGGCGTTCGTTTTTAACCAATCCATAGTTTCAGAAAAAGAATCCGCTATTTTTAAAAGCTTTTGGCTTTCAACATCTAAAAGACGATAGGCCGATAAAAATTGATTGGCGGTTATTTTAAGATGTTGTGCATTAGATGAGAGAGGACTTTCTCTGAACTGATCGGCGGCCCGTTGATAGGCGATGAATGAATCATAGGTCCTGTTTAAATGGGTGTTGTACAAAAAAAGCGTGTTTAAATCTTGT
NZ_CP018099.1_gap72	3632843	3633667	824	ATATATTTATTTTCCTGAATATCAAACCATAAGTTGTTTTTCCGAATGTAGTAGGTACTATCGGCCTGTACGATTATGATATCTTCCTGAGGTTGGTATTCAATATCCAGAATACGCCTGCCCAAAAATCCCTTAGATTCGTCCTGCCGCAGCCATTTTCCTTCATGAAAAAGATACAAACCCGAGTTCGTGCCGATATAAAGGAATCCGCCAATATCCATTAACGCATCGGTAATTTTAATCACCGATATGGGCAACGGCACGCTCTTTACCTGTTTATTTTTATTGTTGTAAATAAAAACTTTACTTTCGGTTACAAATAGCCATTCTTCTTCATTTTGACTGCAGATTTGTAAAAAGTTGAAGGAACGTAACTCAGCTGGTATTCGGAAAGAGCGCCACTGTTCGCTTTGCAGGCTATAATAATACACCTGATTTTTCGTATTAAAAAGCGGCGCATTTTTACTTAAAAAGAGATTTTTAATAGCCCCCTGCGGCCGGAGATTCATATTTAATTTTTGAATCGTTTCCGCTGTAAGCTCCACAATCTCATTTTTCGAGGTTAAAGCTAAATCTCCCAATACAGAAGAGACAACTTTTAAAACGGACGTTTTATTGTCGATAAGTTTAGGCTCGATATTTTGCGGATTACAAACAAATACCTGCCTTTTTTCATTGGTCAGGTAACATTGCTCGTGGCCGTTAAAGACCTTCCATGTTGTTGCATTATTTAAATCAATTTTATTAAAGTTGGTGAACGTTGCTTTGTACTGTTTTTCCAGTAATTTTTTCATGTACGATTTGTAGTTATAATAACGAGCCTT
NZ_CP018099.1_gap73	3683753	3687816	4063	GGGACGTTCTTTAAATAAAATGATTAAAGTAGCAAAAATGCTCATTGCTCATTCAGATGGCTTATTAAACTATATAAGATATCAGATAGATAATTCAGTAGCCGAATGGTTGAACGGCAAGATACAGGAGATAAAAACAGTTGGTAGAGGCTTTAGAAAATTTGAAAATTTTAGGATAGCAATACTTTTCTTTCTTGGTAAATTAGACCTTTTTCCACAGGAATCCCAGTAGAGCCAAAAGATTATTTTTTGTAAACCAGCTCGGCGTTAATCACATCGCCTTTGATTTGAGACGAGCCGTCAAGATACACTAAAATCTGTGTATTTTCCGCTTTCTGGCCGTCAATATTCCCTTCTACCACAGAACTATCGTTCAAAAATATTTCAACTTTTCGCTTTTCATCTTCTCCGGTTTTACCTTTTACCACGATACTTCCGACAACCAACGCCTTATCTTCCAGAAAAACATCGCCATTGACTGTAAAAACATTACCCAACACACGTGCGCGCACCAGCCGAATAGAGCCGTTGACTGTATTAACATCCTGCCCGACAACAGCGTTTGCCTTAAGAGTTACCGCACCGTTAATTACCGTAACGCTTTCTGCCACTTTACTGTTTTCAGCAATTTTGACCTGCCCATTAATGGATTTAATATCCTCGACCTTGCTTTCACGCCCAATTTCAATGCGACCGTTAATCGATTTTAAAGCGCCGTTAATAACACAATGATCGCCAATGATGATATCGCCATTGATGGTGTACAAGTCCTTATCAACATTACGATTGGTTTCAATCGTAATGCTCTCGTTGACCTCGGCCTCACAACCGACCATCAACACCATTGCGGACAAGAACAATATTAAATATTTCATCATCTGCCCTCTCATTTTAAATAGAAAGACGAATTTTTTCTTATTTTGTTTCCAAAATATACTTAAAAAATACTTGCTCCCAAAAAAATCATTAATTATATTTTACCAGTGCGGTAATATATTACAAGATCAGTTAACTATGAATGTGAATACTTTAATAAAAAGAGAGTACGATTACGCGGTTCGTATTTGCGCCTATCTGGCCGGGCAAAAACGCAATAAAGCGATTCCCATTTCCAGGATTGCCGAATTATTGAGCATTACCAAGCCTTTTGCCAATAAAATTATCTTTCAGTTACGCAAGGCGGGTATCATCGATTCGGTTCAAGGGCGATACGGCGGGATTTACTTAAAACGAAATCCCAAAGAACTTTCGGTGCTGGACATTTTGAATGCCATGGAGTTCAATTCCATAATTAATGAGTGTTTACGAACACCGGGGATTTGTCCTATTATCGGTTTTTGTAAGATTCACATCTTCTTTTCCGAATTGCAGGAAATTTTGATAAAACGTTTAAAAGAAAAGATGATTAGTGATTTAGTAATTCACGATTATGAGTTAGAATCCATTGTTTTTTAATTAACAACGAGGAGGTTGCGATGAGCGCTTTAGCTTTAGCGCGATGGCAGTTTGCCGTCACCACAGTTTACCACTTTTTCTTTGTTCCTCTTACGCTTGGGTTGTCCATTTTTGTAGCGATTATGGAAACGCTTTATGTGCGTACCGGCAAAGAAATTTACCGACGGATGACCAAGTTCTGGGGCACTTTGTTTGTTATTAATTTTGCCATGGGCGTGGTAACCGGTATTGTGCAGGAATTCCAGTTTGGTCTTAACTGGTCGGAATATTCCCGGTTTGTGGGGGATATTTTCGGCGCGCCTCTGGCCATTGAAGCCCTGCTTGCATTCTTTCTGGAATCCACTTTTCTGGGCATCTGGATTTTTGGCTGGGATCGGATTTCCAAAAAGCTGCACCTGCTGTCCATGTGGCTGGTAGCCATCGGCTCTAATCTTTCTGCTCTGTGGATTTTAATAGCCAACTCTTTTATGCAAAGCCCCATGGGACACAAGTTGGTTACCGATGAGGCCGGCAACGTTATCCGCGCCGAAATGACCAACTTTGCCGAACTGGTTTTCAATCCCAACGTCTGGTATCAGTTCCCACATGTTGTAACCGGCGGCATGGTCACTGCAGCGTTTTTTGTTATTGGCATCAGCGTCTTCCACATCTTCAGAAAAAGCGAAGACCAGGAAGCGTACCAATTATCGCTCAAATACGGAACCATTTACGGTTTTATCGCCATTGTTCTGGTGATTTTGCTGGGCCATTCACAGATGCAACACATGCTTAAAACTCAGCCGATGAAAGTAGCCGCGGCCGAAGCCCTGTGGGAATCGGAAAATCCGGCCAGCCTGTCGGTTTTGACCATTGGCGATCTTTCCGGAAAAAAAGAGATCTTTTCCATTCGAATCCCTTATCTGGTGACCATCCTGGCCTACAACTCGCTGGAAGGTGAAGTGAAAGGGGTTAATGAATTACAAAAAATGTATCAAGAAAAATACGGGCCCGGCGATTATATTCCGCCCATTGTTGTTACTTACTGGAGCTTCCGGGCAATGGTGGGTGCAGGCATCCTGATGCTGTTTCTCTCCATCTACCTGCTGTTTTACGTATTGAAAAACCGCTACGACTTTAAGCCATGGGTTAAACACGTAATGCTGTGGAGTATTTCACTGCCTTTTATTGCCAACTCTGCCGGCTGGATTTTAACAGAAGTAGGCCGTCAACCCTGGATCGTCTTTGGTATTTTAAAGACGGAAGACGCCGTTACGCCTTCTATGGTTGTAAGCGCCGGCGAAGTTGCTACTTCATTAATTGTGTTCACGCTTTTGTATGGCATTTTAATGGTTGTTGATGTCTATTTGTTAAAAAAATATGCTGTGGCAGGCACCATTGCCGCAGATAAAGGTCATTAATCCTGGAGGAGGTAAATCATGGAATATTTAAATACAATATGGTTTATTTTAATTGCCGTCCTCTTTATTGGGTACTTCTTTTTAGAGGGATTTGATTACGGCGTGGGAATGCTGGTTCCCTTTTTAGGCAAAGATGATATCGAGCGGCGTGTTATTATAAACTCTGTCGGTACTTTTTGGGATGGAAACGAAGTTTGGCTGCTGACTGCAGGCGGCGCCATGTTTGCAGCCTTCCCTAACTGGTACGCAACGTTATTCAGCGGCTTTTACCTGGCTTTGATCTTGATGCTGGTGGGGCTCATTGTGCGCGGCGTGGCTTTTGAATTCCGCAGCAAAGACGACAATCCAAAATGGCGAAATTTCTGGGATTGGGCCCTGGCAGTGGGCAGTTTTATCCCTGCCCTTTTATGGGGCGTCGCTTTTACCAATATCTGGATGGGCGTGCCGATTGACGAGAACATGCATTATGTGGGCGGATTTTTCAATTTACTCAATCCTTTTGCCCTGATCGGCGGACTGGGAACTCTTACCATTTTTCTATTACACGGCGCCCTTTTCCTGTCTATAAAAACAGAAGGCGAAATCGAACAGCGAGCCAGAGCGCTTGCCGCCAAACTCTGGATTCCCACGTTCATCGTTTATGTTCTGTTTATCATCGTCGGCTATTTAAAGACCAACTTGTTCTTCAAATTCGGCGTTAATCCGGGCATCATTCCCATCTTCACCGTTCTGTCTTTAATTTCTACGTATTTTTTCATCAAAAACGGAAAAATGGGCTGGGCGTTTATTTTAAACGGTTTAACCATCGTTCTTACAACCGTAACCATCTTTATGTCCATGTATCCCAATGTGATGCCGTCTTCGCTCAATCCCGAGTGGAGTTTGACCATCTATAATGCTTCGTCTTCTCCTTACACATTAAAGATTATGAGCATTGTGGCCCTGATTTTTGTTCCCATTGTGCTGGCCTATCAGTCATGGACTTACTATATTTTCAGAAAACGCGTTTCTACCAAATCCAAACTCACCTATTAAAAGTTTGCAAGGCTGTGGCCAATGGTCGCAGCCTTGTTTTCTTTTTTATTATCTCAAAAATTGCTACCTTTTTAATCAGGTGAACAATAACGAAAGTTTGGTATGAACATCGATCGCAGATTAATCCGTTTACTTAAAAATTTAAGATGGCCTTTTATCCTAACGTTGTTTTTTGC
NZ_CP018099.1_gap74	3758177	3761871	3694	GATTAGTTGAATGGTTGAATGGTTCCTCCTTCTGTCGTCCTTTATTATGGGGTGAAAAGAAGAGGGAGCTTTTTAAAACACAAAACAGATTTTGAAATTTTTAGGTGTATTTCGTGGCTAATGGAAGGGGTAAACATGTGTCGTATTTTGTACTACGAAAGTAAAAGGCCAGAAAAACCACAGGCCCTTTTGAACGACTTTGCCCGCATGGCGCAGAACAGCGTGGAATATCAGGGGCACGGCTGGGGATGTGCCTGGCAAACGCCGAGGGGCTGGGACTTTTACTGGAGCATTCGTCCCGTATGGGAAGATGATTTTTCGGCCATCCCTGCAACGCGTCGCCTGCTGGCACATGCCCGCAGCGCCTTTCGCGATCAGGGAATTGCCATCGAAAACAACATGCCTTTTTACCGGCAGGATACGGTCTTTGTCTTTAACGGTGAACTGCACGGCGTTCGCATTAAAGAAAACGGGCGCATCGGCGCGGAAAAGTTATTCAGCTTTATTTTACGTTTTAAAAAGCAAGATTTGCTGACCGCCGTGCGCAAGGCCCTGCCCGTCATTTTAAAACGTGCGCGATATGTCAGCGCTCTTAATCTCATCATGGCCGATTCCAGGCAAACGGCGCTGGCTTCTTTTTTTAATGAACGGGGCGCTTATTTTACCATGCGCCAGTTTCGTTCAGAAGAAGGCCTGATTGTTTGTTCGGCTCCCCTGTCTGATGATAAAAACTGGAAACCCATCGCAAACGGAACCATTAAGGAGATCAGGCGATGATGATTATTAAAATCGGCGGCGGCTCTGCCATCAACCTGCAGGGAATTGTTGAGGACCTGGCGCAAATCGACGGTCCCAAAATCATTGTGCACGGCGCCAATGCCCTGCGCGACGAACTGGCCCAAAAACTGGGCATGGCCCCCAGAGTGATAACTTCGGCCTCCGGATATGCCAGCGTGTACTCGGACGCTAACGCTCTGGATGTGATGATGATGGCTTACGCCGGCCTGCGCAACAAGCGGCTGGTGGAATTGTTTCAGCGACAGCAAATCAACGCCATCGGCTTAACAGGACTTGACGGCCTGTTGATTCGCGGTCGTCGCAACCGCGGCATTCGCGTAAAGGAGAACGGTAAAATTAAACTTTTACGCGATTTTTCGGGTAAACCGCAGACGGTAAACAAAACACTCCTGATCCTGTTGCTGGAACAGGGCTATTTGCCGGTCATCACCGTGCCCATTGCCGATGAAAATGGTTTTGCCATCAATAGTGAAAATGACGATATTGTGGCTTTGTTGCAGTCGGCGTTGCAGGCAACAACCATCGTCCAGCTCATCGAAGCGCCGGGTTTTTTGGAGAATCCGACCGATCCGGATTCCGTTATCTCCCGCTTGACCATCAGGGAGTTGCGTGTGCGCGAACAACAGAGCGCCGGACGAATAAAACGCAAGTTGCACGCTCTGGTCAAAATTTTTGAAAGCGGCAAACCGCGCGTCATCATTGCCGATGGACGCGTTGAACATCCTGTTAAAAACGCTTTAAACGAGAAAGGAACCGTGATCCAATGAAGGCCTTTCAGGAAATGGAAGATCAATTTTCGCTTCCACTGTTTAATAAAAGAGGATTAACTCTGGTGCGTGGAGAGAATGCGCTGGTGTGGGATATTGAGGGCAGGCGCTACATCGATTGCGCCGGGGGACACGGCGTGGTGAACGTGGGCCATGCCAACCCGCGGGTGGCTGCGGCGCTGGCTGAACAGGCGCAGACTTTAATAACCTGCACCGGTAGCTTTTACAACGATAAACGCGCTCTGCTTTTAAAAAAGCTAATTGAAATTACGCCTGCCAGCCTTGACAAAGTATTTCTGTGCAACTCCGGAGCTGAAGCCGTGGAAGCGGCGCTTAAATTTGCCCGACTTACCACGGGCAAAACGGATTTTGTCTGCGCCCGTCGCGGTTTTCACGGCCGCACCATGGGCGCCCTGAGCGCTACGTTTAATCCTAATTACAAAAAGGATTTTGAACCGCTTGTTCCCGGTTTTACCTTTGTGCCTTTTAACGATTTTTCTGCGCTACAAAAGGCAATAACCGATCAAACAGCCGCCGTGTTGTTAGAAGTGGTACAGGGCGAAGGCGGCGTCCACATTGGGCGCAAGGATTATTTTGAAAACGTGCAAAAACTCTGTAAAGAACGGGAAATCCTGTTAATCATTGACGAGGTGCAGACTGGATTTGGCCGCACGGGGAGAATGTTTGCCAGCGAATACGTCGATCTACAACCAGATATTCTCTGCCTGGCCAAAGGCATTGCCGCAGGCGTACCCATGGGAGCTATGTTATGTTCCGCAAAAATAAAGGCCAGTCCCGGAAAACACGGCAGCACCTTTGGCGGCAATCCGCTGGCCTGCGCCGCCGGACTGGCCGCCATCGAATTTATCGAAGAACACAATCTGCCTCAACAGGCATTTGAAAAGGGGCAGTACTTTAAAAAGCATTTTAAAGGCAGTGAATTGGCCGTGGTCAAAGAAGTACGGCAGATCGGACTGATGATTGGCATCGAGTTGAAGAAAAAAGCGCAGCCCTATATTAAAGCTTTGCAGGAACAAGGCGTTATTGTGATTCCGGCAGGCCCAAAGGTTGTGCGGCTATTGCCCCCTTTGACCATTGAATATGAATTGCTGGATGAGGTGATCGACAAGTTAACCGATGTGCTCGGGCAGACGACCTTGCAATAAGCTGGACTAACATTTACAGCAGGACCCGGGTCACCGGCTACAACAACGGGCGAGTAGCTTCGTAACAAAACTCTCCAGTACTTTATTTCTTAAAATCCTAAATCCGAATTTCGAAATTCGAAACAATTTTCAAAATTCAAATGACAAAAATTCAAAACAGGGTTGTGAAGAAGCGTTTTGAACATTCGAAAATTTGGTGATTGGAATTTGTTTAGGATTTCGAATTTCGTGCTTCGAATTTTGAGATCCACGTTAGTAATCATCCAAACTTTTCAAAAAAAATTTGACTTTAAAATTTTTTTTAAATTAAATTTAGAACGTCAGCTATTTTTTCGCCACGGATGACGCAAACCTCAAAAGGATTTATAAAAATAATTTTTGAGGGACTGTAAATTGATGTTAATCTTTGACATCAAATTTTTACGATTTTTCTTTCTTCATTTCAGCAAAATTATTTTTGCATTGGTGACCGTTAGTACCCCCCCCAATTTGCAAACGATGGTTTCTAAAAACTACTGTTTATGATTATCTTTTCTTTGACCGTTACCCGCCGTAAATTACCAATAGCCGTAACTTTAAAACCAAAAGGAATTATACCATGATACCCAACAGCAAAAAAACCGATTCCTTTTTCCTTTCTCTTTTGTCTTTTGTCTTAATTCTTTCATCCTGCCAAAAGGCTACAGAGCCAATTAGCGATAATTTCAGGTCGGACACCACCAGCCATAACTTTACATGGACGGCGGACACCATATTTGCTGAAGACGCTTACCAGATATACTTATATGATATTTGGGGAAGGGATGAAAACAACGTTTGGGCGGTTGGTCACAGTGATAGGTTAAAATACCGTATATGGCATTATGACGGTAAAAAATGGAGCAATGTTTATGTGCCAGCATTTTACCACGTGCCTACATATAGAGAAATATTCGGCTTCAGCGAAAACGATTTCTGGGTAGT
NZ_CP018099.1_gap75	3765303	3768545	3242	CATAGCTCAATTATATCAGCAATACCATTACACGGCAGATAATTATTTTATCAATGGCGGCAGCGGCGGCACGATTATTATTAACGGAGAATCTAAAACAATTACCACCCCCGATCCTTATTCGGGCAACACGTTGGAAGATGACCCGTTTACTGTTGAATCACCACAACAAACACAAACTGTTAATGGCCGTACTATTACATATAATTTTGTATATTGGGAGGACGGCAGCACTGATAATCCAAGGAATCTAACACCAAATAATCATTTTGATATTGTGGCTAATTATAAAGGACATATGTTTTCCAATAATTCCTATGCAACAGGATACAACAATGGTCGTAGAATTTACAAATCAAGTGATGGTACTATTTATATGGTTTATGAAGACAACGACGATATCTGGTTTACCTCTTCAACTGATGGCGGTAAAACCTGGAGTAAAGAAACACGGCTTGATTCCAATACAAAAACCTCACTCAATCCCTCAATAGCCGGAACATTGGACATGCTGTTTGTTACCTGGTTTGATCAAACCGATTTGAACATTAAGTTACGCAGATTCAATATCAATACTTCGCAATGGTACAATGCACAAACTGTGGCTTCAGTGAATTTTGGAGATGCGATTAAACCAGCTCCGGCCATTGCCGTTTAGGAAGTGGTGGGCAATGAATACAATGTGTACATTGCATTCCATAGAGAGAAGATGAGCGATAACTTTCAACCAACGGGCATTCACGAAATCGTTTGTTACAAAAATACGGATCAAAATTTTGATCAGTGGAATGTAATTTTAGGCCCCTTTGAGGGTAGTAATCCTTCCCTTAGCCATAGCAAAACAGGCAGCAACGGCGATATTGGTCTGGTCTGGGATCATAACGGAAAGATTTATTTTAAAGGCACGAATTATTACGGAAACTGGACGGCTACGCAACAGATTTCCGATGATCTATGGTATCATCAAGATAATTGCAAACCGAATCTTTCTTACACTTCTGGCATTGCCCATATTGTGTGGGAAGGTTTTCATGCCATAACCGAAATGCCGACCGGTTATTATCGCTATTTCAAAGTTGATGAAGAACGTTTAAGCGATTTAACGGTTCTACCATCCCACGGAGCCGATGTGCATCATTTGTCGGTTTCTTCCAAACAATATGCAGATAATACCACGGCTTACGATTACACGGTGGTTTACGAAGGCGATGGCATTGTTAAAGTGACGCAAACTTCAGATAATTTTGAAGAAGAAAATTTCGGCGATGGACAATATCCAAACATCACCGAACACGATATGATTCGCAGTGTGTGGACCAAATACAACGATGCGCCCTATCTTCTCAAAACCGATTACGTGGAAAGTTCCGGCGGCGGCATCAGCCCAATCATCATTAATCCCACTCCAGTGATTGACTACGTTATTTCCGCCAACCAAAACAACAGCGTGGAAGGTACGATTACCTTGGAAGTAGAGGCGGTTAAATTTAATCACGACACGGTGTATTTTGACAATGCTCTTAAATCAAAAACCTGGATCGTAACGCAAGATTATATTCCGCTGGAAATGGATTTGAAGGTGCGTTTTCACAATGTTTACAATGGATTTAATGACGAAGATGTTCTTTATTCGTTGGTTTTTGAAGACTCCACACAGGGCGAAATCTTTTTAACCAATTTAAAATACAAAGAATTACCAGCGCCCAATGGAACCGATTTCGAAAAATTCTTTAAGGTAACCACCATTGTAAATCTGGCAGGCAAAACGGGAAAAATCTGTTTAAAAACCAATGGCCTTACGCCTGCTTTGATTACCAAGCGTCTGGATGTTTTCAGTCAGAGCCCTTTGAACAAATCCAGGCCCGTAAACGCTGTAATTCCCAAGACCTTTGCCTTGCGTCAAAACTTTCCCAATCCTTTTAATCCTTTAACTCATATTACTTTAGAATTACCGCAAGAGGCAAAAGTGGGGTTGAGCGTTTACACGATCAATGGTAAAAAGGTGCAAACGTTGTTAAAGGGCCAACAAGCCGCAGGAATTTACGAAGTTGTTTTTGACGGACGCAACCTGGCCAGCGGGGTGTACATTTACCGCCTGACCACAGACAAAGGCTTTGCGCAGTCCAAAAAGATGACACTTATTAAATAGAATTCAAAATTTTGAATTTTGAATGTTGAATTAAAATTGATATCTGTTTAAACAAGAAAGTGAAATTGTTGTGAGCCTCTGGTTCGAAAGGGCTGGGGGCTTTTTTTACCACAGAGGACACGGAGGAAAATAAAATTTTAAATCCGAAATCCGAATATCGAAACAATTTTCAAAATTCAAATGACAAAAATTCAAAACAGTGTTGTGTCGTGGCGTTTTGAACATTTGAAAATTTGGTGATTTGGATTTGTTTAGTATTTCGGATTTCGTGCTTCGAATTTTTAAATCCGCCTTGCACTTTACGCAAACCACTAAAATCAAGTCCATCCTTCAATCCCATTAATCCCGGTTCAAAACCTTTCCTTCGGCTACGCTCCCTTCGGCTCCGCTCAGGGCAGGCCTTCGACTTCGCTCAGGAAGCGGAAGTACGGTTGCTGAGCGTAGTCGAAGCAACCGTTGATTGTGAAGGAACTTTCATCGGCTACGCTCCCTTCGACTTCGCTCAGGGGGCGGTAGGTAACGGTAAGGAAGGAAAAATGACGGGGACGCCGGCGGCTTCGCCCCTACAAAAAGCCTAAACTCCTAAACCGCTAAACCGTACACTCTACCCCGAAGTTAGAACGCGGCGGCCGGAGGCGTCGCGGTGGATCTTGCCCAGCTCAGTCACCTCTTTAAGATCGTTTTGATTGAGTACCGGTCCTTCCACACAAAGGCGCACGCCGGAATCGTCTAAAACACACTGGCCGCAAATGCCGATGCCGCACTTCATGTAGCGCTCCATGCAAAACTCGTAAGGAATACCCGGCGGATCGATCAGTTCTTTAACTTTAACAAACATGACCTCCGGACCGGCGGCGTACACAAATTCGATTTTTTCGTTTTTAATGATGTCCATTAAATCATCGGTCACCAGGCCCTTTTTTCCGGCCGAGCCGTCATCGGTGGTAACATAACAATTGGACGAACGCTTTTTAAAATCCTCAAGAAAAATCAGCTCGTGAGCGGTGGCTGCGCCCAGCAAGCTGACAAAGCGCAAACCTCGAGCGTTCAATTCATGCGCCAGAATGCGCAATGGCGCGATGCCAATCCCGCC
NZ_CP018099.1_gap76	3953236	3956207	2971	ATCACAATGGCCATCATGGAAATGGTGTTCATGGTTTTGCCGGTAATAAACAAAGCCCAGAAAACGCCGATCAGCCCGAGCGGAATGGTGCCCAGAATAATCAGCGGCTGCGTAAAACTTTCCATAATCGCCGCCAGTAGCATATAGGTTAAGGCAATGGCGATCAAAAAGGTGCGCAACATGTCCGTCGTCGTTTCGGCCATCATTTGCGCGTCGCCGCCCCAGTCATATTTGTAACCGGGTTTAAAATCAATTTCCGCCATCTTTTGATTAATTTGCGCAACCACTTCACCCAACGGCACGCCCGGGGCATTGTAAGCCGTAAATTCGATGGCTTTGTATTTATCTTTATGCATGATTTTGCTGTAGCCCTGACTGACCTCAAATGTGGCAAGTTGCGCCAGACGGTAAATGCCCCGCGGCGAAACGACCGTTAAATTTTTAATCTCTTCCGGAGAATCGACCGCCCGATCATCCAGCGTAACGCGAATGTCGTACTCATTGCCCGCTTCACGGTAGCGCGTGGTTACCAGCCCTTCCATTGCAGCGCGGATGGTAAACGCCAGATCGGTAACCGTTAAACCTGTTTCGGCCAGACGCTGGCGATAGGGTTTGATGGTGATCTCCGGTTTGCCCGATCGTGAGCTGGTATTGAGGTTTATTAAGCCGGGAATTTTGCGAATCTTTTCCATGATTTGTCGTTTGTACACTTCGAGCCGATCATTGTCCTGCCCCATCAGATAAAAGGTAATGGGCGCCTGATCGCCGCCCATCGACGAAATGGCAGCCACGCGAATTTTGGCGTTAGGAATATCCGCCAGTTCCTGAATAAATTGATTGGCAATTTGATCGCTGCGTAATTCTCGCATGCTTACATCAACCAGTTTTACCTGCATTTTGGCCAGATTGACGCCCACATCCAGATCGCTTAACATGCCAATGGTCGTTAAAATATGCTTGACCTCATTGTGTTTACGTAAACGCTCTTCCACGGTATTTACCAATCTGGCGGATTCTTCAAGCTGGTAACCCTGGGGCAATTCAAGTTCGATTAAAATATCGCCTTCGTCGGTCAGCGGGAAAAATTCAAAACCGACCCGCGCGGCCACAAACAAACTAACCACAAAAAGCAAAACCGTAAACGCAACCACGCTGAATGCGCTCTTTTTGCTTTTGACCATCCACACCAAAATCGACTGATACCACTGCTCCCAGCGATGAAACATGGCCTCAAGCCGCTGACCGAGCCGATGCTTTTTTGTCTCGACTTCCGGCAAAAGCAGCGAAGCCAGCATAGGCGTGATGGTAAAAGAAACAATCAAAGAAAATATGGTGGCATAGGTAACTGTTAAGGCGAATTCCTTAAAAAACTGTCCTACAATGCTGGTCATGCTGGCAATGGGCAAAAATACCACAATATTGGTCAGCGTAGAGGCGATCACAGCAACGGCAATTTCTGCGGTGCCCTTGCCAGCCGCATCGCGTCGGCGGTGCCCCATCTCTTTATGTCTGAAAATATTTTCCAGCACCACAACCGAGTTGGTGACCAGAATTCCAACCGCCGTGGAAAGCCCCATTAATGTCATTACATTTAAACTGAAGTCCGAAAGTTTAATGAGCAAAAGCGTGGAAAGTATGGAGGTGGGCATGGCCAGCGCTACAATAATCGTTGAACGCAAATCGTGCAAAAAGAAGAGCAGCACCAGGCCGGTAAATAAAACGCCGAGAATGATGTTGTTTAACGTATCTTCAACAGAGCTTTTAATAAAGTTGGAACGGTCGTGAATAATAGAGATGCTGGCAGCAGGAGGCAGCTCCGCTTTGATATTGGGCAGCTCTTTGCGAATTTCCTCTGCCATTTTCACCGTATTGCCGTCGGCGCTTTTGATGATGCTCAGCAGAACCACATTGTCCTGTCGTATTTTATTTTTGTTATCAAAAAAGATGCTTCGCTGGCGAATTTCGGCGCCGGCATCGCTTACGGTTGCCAGCTTGCCTAATTGCTGCATGCCAAAAGCGGTGGGTATCTCCAGCTTTTTTAGAGCCTCCACCCGGTCAAACTCACCGTCAACGCGCACGCTTAATTCCTGACTGCCCTGAATAAAATGCCCTCCGGGTAAATTCAGATTTTGCGCCGCCAGTATTTGACTTAACTGCGGCAAAGAAATGGCGTTTTCAAATACCACGCGATTATCCAGAGCAATGCGGATTTCCCTTTTCTGACCACCAATAACATTCACCTTTCCCACGCCTTCAATTTGCGCCAGCCGATCTTTCACTTTTTTATCAGCCAGCTCATACAACTCGGTTAACGGCATGTTTCCGGTAAGTAAAACATCCATAATCGGAAAAGCGCTCACGTCAAACTTTTCCACCACCGGCAACTGAATATCCCGGGGAAGCTGGTTGAGAATGCTGTTGATCCTGTCTTTAATTTCCTGATTGGCAATGTCAATATCTTTACCTAATTTAAACTGGATGATAACAAATGACACCCCTTCCATAGAATACGATTGCATGAAGTCTAACTTACTGATGGTGCCTACCGCATCTTCTATTTTTTTAGAGACCTGATTCTCAATTTCTTTTGGCCCCGCCCCAGGATAAACGGTTTGAACGGTGATAACCGGAATATCCACCTGCGGCATTAAATCCAGAGTAAGGCCAAAATAAGCCAGCGCGCCAAACAAAATAAAAACCAGTAAGCCCATGGTGACCATAACAGGCCGTTTGATTGAAATATCAGCCAGAAACATAATGGAACTCCTTAACCGATGATGTTAATTTTACTGCCGTCTTTAAGCAAAAATTGACCTTCAACAATGAGCTGATCGCCCGGTTTTAAGCCCTCTAAAAGCAAAACTTTTGCGCCGCTCTGGGGCCCAATTTTAACCGGCCGCTTTTCGGCCTTTCCGTTGTTATTCACAAAAACATAGTGCTGGCCGCCTTCTTTAAGCAGGCTTGTTTGATC
NZ_CP018099.1_gap77	4088201	4089943	1742	GAAAGAAAAGTGCACTTAAAAAATTTAACTCTAAATCTAAAAAATAGTTTAATAGAAAATTTAGCATGAAATATTTAATTTTGCATCAGCTTAATTGCTGTTTTTGAGCTTGGTACCCATACTTATGGTGTAACCATTTTTCCACAGGCCGATACATTCCGTGTCTGAGAATACCGTGAAATAGCAGCTTCATTTTATTAAAACGGAAAAATGGCTGTTCCTGTTTGAATTTCAAGAGGTCGCTCTCTAAGTTAGGGCCATAGTTCTTTCGGTATTGCGGGAAAAGCGTTTTTTTTACAAATTCATAAATTTGCAAATCGTTCTGATTCATTTTTTTTATTTGTTCCAGGGTTTCTTTCGAAATTTGCTGGTTGCTTTTTTGTCTGTTCACATTTTGAATCTCATAATGCATGTTGTAACCGTTCAGGCGCAGGAAATATTTTAACAATAATAAGGATTCGTCAAATTGTTCCACCAGGCCTACAAACTTAAATTTCTCCTTCAAATATTGAATGGCCAGACCGGCATCATCTTTTCCGCAAATCCTTTTGGTCATAAAATTATTGAAATGTCCGTCTTGAATAAAAGATTGAATATCCCAATCAATGTGCATAATCTGTTTATGATAAAAATATTGTGAAATAAAACGTTCTACCGGGTGGCGTAAAAATGTAAAATAGACGATGTCTTTACCAACGGCTTGTTCGTAATTTAAGTAAACGCGCGTGGTATGTCCGCCAAAACCATGAAAGTAGGGGAATAATTTGAAAAATATTTTCGCTTCCTGAGTTGAAAAAACGTTTTCCGGGTCATTGGCCCGAAGGACCCAGGGAGATAATGTAATGTATCGGAACGTATTGTTCTTGAAAATTGAATGCAAGGTAATCCCTGCGGCTTTCTCTATGTGCACAAAGCAGAACAAGGGGCCTTCTTCCTTAATTTGAATCCAACTCTTTCCAATAAGCAGAAAGCGACATCGCTTTTTGTTCAATTTTCGCCTGTTCGACAAGCAAAGTGGCCAGATGCACTTCAAACAGCTCTTCTGCAGGGATGAGCGGTTGGCCTGATTTTTCCACACTCTCCAGGAATCTCTTTATCTCCTGAAAATGGCCTTTATCCTGCTTTAAGCCCGTCTCTTTAACCGGCGAGCCGTAGCTGACCAAACTTTTAAAATTGTCAATCTGAAACACGCGTTGCGAACTGAACACTTCCACGCGTTCCTTGGGAAAGCGCGCATGCCCATTGGCCAGGTAATGGATGCAAGCCTGCGAGCCATCTTCAAAACTTAATAAAATCATGGTCTTGTCTTCGTCGGTTTCTGAATGACCATGGGTGGAAAGCGCCTGCACCGTTTTAATGGACGCCCCAACAAAAAAACGCGCCAGATCAATAAAATGGCAGCCTTCGCCAATAATGCGGCCGCCGCCCATCACAGGGTCATGCACCCAGTGTTCCTGTGGAATGTATCCGGCATTGACGGTAATGATGATCGAAATCGGATTCCCGCGTTCCTCAAGCGCTCTTTTCAACTTTTGACTAAAAGGCGAAAAACGACGATTAAAACCGACCATTAAATGTTGCTCCGGATATTGTTTTGCGGCCTGGTACACCTCTTTTAATTGCTCCAGGGTTACAGCCAGCGGCTTTTCTACAAACACGTGCTTGTTGTTCTGTAAGGCCTGGATCACCAGTCTGGCATGAGAATCGTGCCGCGTGCTGATGAACACCGTATTAATTTCCGG
NZ_CP018099.1_gap78	4146259	4149492	3233	AATCGCTTGCCAATTGCGGGGTTAAAACCATGGCCTGATGTAACGCGGCATAGGTACAGGCAATATTAAGCGTCCAGGTGTTGCCCGGACTCCACAACACATAATTATCGATATATTGTTTACCATAACTATACAAAGTGGAAAATTGTTTTAAATTGGTTGAAAAGCCGTATTGACTTCGATAATCGACCAACCAATCCAGGTCTACATCTCTGTTTATTGTATAGACGGAATGTAAAGATTCATCGCCGTTTTTAACCTTCTGGTTTACGATGCCCTGAATACTTTTAATCAGCATTTGTTCAGGGACGCTTAAGTTGTCGATGAAAATATAGTAAACATTGGCTTTCAGCTTTATCGGCATCGTAAAGACCATGAGTAAGAATATTCCGATCAAAAATCGCTTACTTTTTTCCTCACAGTTTTTCATAAAAATTTCTCCTTATTCGCAGCTTATTTTTGTCTAAAGTCTGATTTTTATCCAACCTACGTTTACTTTTAATCCCGTCGGTTTTTCGCGTCCACTTAACGTATCAAAATCATTTTTTTAACGAGCTTTTTATTTTCAAATATTAACTGGTAAAAATAAATGCCGCTTGCTACACTTTCATTTAATTCATTTCGGCCATCCCAGATTACCTGGTATTCGCCAGGCGTTTTTACCTCATCCACAAGAGTTTTTACCTTTTCTCCAAAAATATTGTAAACGTTTAGAACAACACGACCAACCTGCGGAAGCGCAAAACGAATATGAGTCACCGGATTGAAAGGATTCGGATAGTTTTGACTAAGCGCAAAATCTTGCGGTATCGAAACATTCGCTTCAATATTAACAGGGGTCGCGCTTATGGTTACAACGGTCGGGGCGCTCCATTCGCTCTCGTTTAAGCTGGTATTGCGTGTTTTAAAGCGTACTGAAAAGCGGCCTGTATCGGCCCAGGCATGCGTTTGGGTAAAAAGATATCCCGATGCTTGAAAGTCCGACCATTTCGAAGAATCGCCGTCTCCCCAGTCAAATCGAACAGAAACGCTGTCACTATCAATCGAAAAGGCCCTAACGCTAAACGATAAGGTATCTCCGACAAATCCCTGAGTCGGTCCCTCAATATGCTCCCTCTCTTTTTGGCGTAAAATTATGACTTCATCAATCCATAAATCTTCGGCGCCGGTAGTAAAAACACGGGTTTCGATGGTGCCCTTACCATCGTGTTTAAATGGCAAGTAGAAGAATTGATATCTATCTTTAGCGTTAAAATCTGTACCCTGAATATATTTTTGGCAAAGCGTGGTTTTATCGGCGTTTAAATTGAACACATCTAAAAGAGCCACCTCACTACTTGTTAACTCCCCTACTTTAAGACGGAAACAGGCTACATATTCGCCGGCGGCCATGGATTCGTAAGGCCCAAATACGCTATGGGCGGGAGCTTCCGGCGCATTTTTTTGCGTGAACCAGGCCGTTCCGTGGACGGCTGAACCATCTTCTACTTGCTGGCCATAACGATGATTTAGCTCAATGGCGTCCCAATTACCGGTATATTCACAATACCAATTATCAGGCGCCTGATAATCCAACACCACCATCGGTATGCTCAAACTATCTTGCACTAAGGCAGAAGACAAAGTTAACCGGGCGTCTTTTAGAATTTCAGATGACAATACAGGTTCATTTAGAGTAATTCTGAATTCACCATGAGTCATCTTTTCTTGATAAGCCTGAGCTTGCTGCTGATAATTGGTGACTTTAACGCCGACGGGCGCCGTTAGATTAATTTTTACAGAAATAGGCGTTTCAACAATTGCTCTAAATTTGAATGGCAAAAACAAAGCGCCATTTACCAGAACCGGTATAAGTCTTTTAGGAGCGTCAATTAGCAGTTTACCCTGATAATAGCGGGAAACCATGGTCATCAATTGACTGGGTTTAACAACCTGGAAAACCTCAGGATCCAGATGATCGGTAATCCATTTTACCCCTTCAAATCCGGTATAATAACAGGTCGGATGCACCGGCACAAAAAGCGGACGTTGGGTCGTGGATTGTGCAAGCGCATTTAACTCCTGCAGAATCATCTCCGGATCGGATTCGCCAATCATGGGCACGCGCGTTCGAATGATCGAAAAGTCGGTAAAGGGAAAAACGCCAGGCGTGCGTCCGCCGTAGCCTTCTTCACAGCCAACCGTAAGGTCCTTAAAATACTTTCTATATTTTAAGACCACGTCAAATGGAATATTGTTGGCAGAAAGAATGCTTATTGATTTTAAACCTGTAAGCTCAAGATACCGTCTTGTTTCCTGAAGATATTCATCCAGACGATCTGCAGGAAATTTTTCCGGATGGCAATAACCGATACCGGAAGCAGAAGCTACTAAATCATCATTATCAGTAGCCGTTTCGTAATAATATTGAAGAACGGCTGGCGCCATATCGTAAAGCAACGGTTGCAGTTCCCATCCGAAGGGGATGCTTCCGCGATCGGGACTTAAATATTGACGTCCCTGAAAACCGTTCGTCCAATGGAAGGCATCACCGTCGGAAATAAGGAACGAAACATAGATTTTGTTTTCATCGATTGCCGGGGTTTCGGATAATGACGGTGGGGTAAAGCGCTCGGGTTTTACCCAATGGTGAAATGAAAAATTAGGCGCCCCACAACAAATCACCGCATTGCCGTGAAGAGAGGCCTGCGCCACATAAGACCCTTCGTCATCTCGTCCCGTCTGGAACGAAACCCATCCGAGCACAAAGCCCGGATGCTCCATCGCTTCCATTATTTTATCTTTAATCGCATATTCTTCCGGATAATCGTATTTTCTGCTACTCAAATCAAAACAAAACGTGCGGTAAAAAATGGCCATATCCAGTTCGCGGGAACCGCCAATGGTGCTACCGGTAACTTTGGAGCTAAACGATACGGTGGTAAACGGACCGTTGGGCGTATTCCCTACCTTGACCATGTATTGATTAAAGGCTAAAAACTTCAAAATGATCTGGCCAGAGTCGCTTAACTGAAAACGATAGGTAAAATACTGAGTTAAATCGGCAATACGATCCCCATCGGGATCAAACCAGGAGTGATCAGGATCGTAAAGATAAGTTTTTTCCTCTTCCGTTCCTGTTCTCAAATTAACGACTTCTTTTCCTCCCTGGATGATTTTAAGGCTTCGAAGTTTTGTTCCGTTTCCATTGGTTTTAATTGCGTCTTCAAACCGAACATAAAAATCGGTGCCAT
NZ_CP018099.1_gap79	4152902	4156230	3328	CATCGGTAATCTTAAATGCAAAAGGCGAAAAGGTAGTTTCTAACGGAGTGAAAGGCTGCACAATATCGCCAGGGACGAATAAATCCAGGAAAGGAATACGCGCTTCAATTTTGTAACCGTTTTCCGTTTTAACGCAAACGGCTTCGGCTTCAGGCAAAATTCCTTTAACGATCTTCGATTCATAAAGATCAACAGCGCCGTTTGCAACAATTAAAGAAATCTTATAATCCGGTTCGGTTTTATTACGATAACCGCTAAGACCAAGATCTGGCATGTTAGTGTGTGAAGAATAAGCGTTTAATGTATCAAGATTGTATGCGCCAAAATAGAAGGTCAGGCTATCGCCGGCTACCACCACGCTATCATCCGTTACTTCTGCGGCAATATAAAGGTTGTCGTTATCCATGCAGATTGAAACGTGAGCTTCCAGATCAGTAGCATCTCCAACCGTACCATCGGCAATAACGCCTTCTGCTCCTGTTTTCAAATTAACCCATCCCGCTTGAGTATCCCAATCAGCGAAATCACCGTCAACCATTATTAAATCATTGTCCTGAATAATTACATTTACACCATTGTCAGGTATGTTAGCAGGGTCTTCCTGGTAATAAAAACCGATATATCGGACGCTTGGCCCCCATCCATCCTGCGGTCTTCCATCAAAAAAGGCTAAATACAGATCGGTCCAACCAAGATCATAATAGTCTTGTAAAGGAACATCAATCCAGGTTACGTTACTTCCGTCATGCACCGGATTATTTTCAGGATCGTCGCTATAAATGGCTACTAATTCTCCTTCATCAACATTGGTTATTTCTACGTCTGATATTTTTACGATGTATTCATTCCACAAAAAAATTCTCAAAAACAGCGGATGTTGGTTATTTTCCTGTTCAAAGCGTGACAAGTCAAAATGATATTCCAACATCGAAGAGGCATCTGCATAACGATGATCGGCATCAATGCCATTACCCTGCGCATGCTCCAACACAAAATATTCATCAACAGGGTTGCCATCCAGCGCAAATTTGAACACCGGCACCCAAACTTTATCCTGAGCCACGAGTGCGAAACTCATGGATAATATCAGGATAGTAACAATTAAAAAAAACTTCTTCATAACACATCTCCTCTCTTGTTAATTTAAGAAAGTTAATTCAAATGTTATTTAAAGGAAGCTAACCATCATGAGCCCAACGGCTCCATTTCCCTCCTTCCGTTATTGCGATTACATCATTTTTCATCAGATCACCTCCTAAAATTTTATTATAACAGAGAATTGTTGAATATCCTGCAAATGCTCCATATTCATAAAAGAGTAATCAAATCTGAAGTTCATGTAATTAATGCCGAGCCCCATGGTTAAACCTACTTCACTATTCTTTAAGAATAAAGACTTATATCCGGCCCTTAACACAAATACATTCATAAAACAATATTCAGCGCCTAAGTTTAGGCTTTCGAAATTATTGTTGGGATGAATAAAATCTCCGGCAATGATAATGCGGTTATTTTTAGTATTAACCAGAAGATAAGATAATCCGAATCTAAAAACGATTGGGAGCGACCATTTTTTGGTTCTTAGATGCGACAATACCGAAGTATTATTCCCCGCCTTGGATTGGTCGATATCCGTAAAAACCATGGCGTCAACGCCTTGAATTTGCATTTTACTGCCAAAATTAGTGATGGACATCCCCAGTTTTAAATTTTTAACGGGCAACTTATAAAGGACACCAAAGTCGAAAGCGATACCATTGGTGCTCATGTGCCATATTCTTCTTTGTATTAATTTAAAGGTCGCTCCGAAGGAAAAGCGTTGCGTGAGCTTTCGCGCATAGGTAAGCCCTAAAGCCAGGTCGGCGGCGTCATATCGAATGCCCAGCCCTTCAGGCTCTTCTACGGTTCTCACGGTCATTTCTGGCGTAGTAAGCGAAGTAACCGAAACGCCAAAAGAGCCATACGCTCCGCTTTGCAACACCCCGCCAGCATAAAAGTATTTCATACTAACCAGCCAGTTCATATAGTTGAAAGATACTTGATTGGTCTTTAGCAAAGATATTCCCGCAGGATTCCAATACATGGCGGTGGCTTCATCTGCAATGGCCGTAAACGCTTCGCCCATGGCAACCGCTCGCGCGCCGGCTCCAATTTCCAAAAAGGGAGCTGCCGTTGTTCCAACTTTTGATATTACATCGCCAGCCAGAACGTTACTGCAGGCTAAAATTAGCATTACAATAATGCCGGAAATTGTTTTTTTCATGAGTTTACTCCTGATATTTTCATAGTGCATTCCAAATGAAAGGCCATTTTCTTTTAATTAATAATACCAAAAGTGCCCACTTTTTCACCGATTCCCGGAGCCTCAATATGATAGATATAAATACCGAATGAGACTTCAAGCCCTTCATCGGTTGTTAAGTCCCAGGTGGCCGAACCATCTGAAGCAACACCGGAATGCTGAATGGTTTTTACTAATACGCCGTTTTGTGTAAAAATGCGAATGGTACATTCAGCCGGAAGATGAATAAAGTATATTTTCCTTTCACCTCGCCCTGAAAGCACGGATTCCTGCTCCCACGAAGCGGCAACAACATAAGGATTTGGCACAACGGCAACTTTATCCAATACTTCTTTTCCCACTTCCAACAAACCGCTTTGAAACGTTGTAAATTGATACAGGTCGCCTTCTTTAAAAGGGCTATCCGATTTTAAATAGAAAACATCGCCAGGTTGCGGGTCAATCACCTCCACATTAGGATCGGTAGGGGCGTTAAAAGTTATTTTATATGCCTTCACCAATTTACCTGTACCGGTAGGAGCAATTAGAGAAATTTGGTCGCCTTCGCCAATTTTATAATCTCCGTTTTTGTCGTAACTAAAGAAAAAAGGAATTGAATCGTTGGTGTAAAAATCATAAACTTTAAAATAGACCTGATAGTCTTTTTTAAAAGGATGGCTGGCCAGCGTATCGGTAATTTCGATGGCCACATTCATGGGGATTGTACCCTGACTCGATTTAATAATTTCCGGAATTAAATTTGTTTTATAATCTCCGCTCCAGCCAGAAACCGCCTTTATAATATCGAAATCAGGAAATTTATTTTCGAAAGATAAAATCATACCAGAAAATATCGGCGTATTCCAGGAGGAAACCGGTGCGTTGGTAGCCGGGTCAATCGGTATTTCCACGCTGTCAAAAATCACCTCGTTAGTGGTCAAATTTTTAATGGTGTATGTTTTGGTTGTAATCTCACCCAGCTCATTCAAAATATGTGAGAATGAAACCTGAAATTGATTCTGATCTGGCAAAATATCTGGATCGACT
NZ_CP018099.1_gap80	4159673	4160702	1029	AACCAGATCATATTTTATGGCCGTGGTCAAATTTTCACGATATTCAAAGCCGGCATCCACGCCTCCCACTGCAAAAACATCCTGAGGAACGTCAATTTTTTTATGAATGCCTTGATCGTAAAACGGATCAAACGGATCCTTTCGACAATGCCGCTCATACTTATCCCAATAATAAGACATTCTAAATTCATGAAATGTGCTGGCGCTGATTGTATGGGTGAGCACAAAAAGATTGGTAATCCCCTGAGAATAATGGGTGGGGATGTATTCCGGATTGTATTTATTATGATGATCATAATTTTTCCATCGAGAACTATTTCCCAGAAAGTTGTAACTCATTTTTAGATTGCTAAATGGCTTAAAAGTAAGCTTAGCCTGATACGATACCTCGCGCGAGGGATTCATTGGAATGATCTTTCCATCGCCTGTATACTGCACCGCCCAATTTTCAGGGTCCGGGCTTGTAAAGTCGGCCGTATCGCTTGGCATGTGGAGGCGTTTGCCATACAACCAATTTTCTTCATCTCTAAATCTTCCCGAAATAAAATAATAAATCCGCTTGTTAAATAAAGGGACAGGACCGCTGATAGCGCCTTCAACATATTTCTGAGAAAATGGATCGATGTGGTTAATATTCATAAACACATCATCATGGGTTGAAACAAAATCTCCACTATAGGCCGAAAACGATACATTGGTCTGATCACCGCCCTCTTTTGTTACAATATTAACAATGCCGGACATAGCCTGCCCATACTCTGCATTAAAAGTACCGCTGATCACTTCCATTTCCTGAATAACATTATTCTGAACGGGAACGGCCAGCCCCCGGCCAAAGGGATTAGTAACGGCAATACCATCCACATAGTATTGAATTTCATCGGAACGACCGCCTCGTAAATGTATCCCGCCGCCAGGATCCTGAGTTACACCTGCCTGCAAACTTAATATATCGCCAAGATTTTCAACGGGTAATTGACGTATTTGCGCGCCACTAACCTTTTGACTTGTTGCGGTAAGGTCCCTAAT
NZ_CP018099.1_gap81	4200926	4205798	4872	ACCAGGATGTCGTCTTCACGCAGGCGGATGGATTCGGAGGTAATGGTGCGACGAAAAAGGTCCGGATCGGGCAATTGAATTCCCACCGGAAAGCCCGGCGGATTCAAATAGTAGGTTTGCTTGGTAGAATTGCGGTAAAGGATCATGGGATTATGACCGGCGCTGGCAAAATGAATCTCCCGGTTACGCGAGTCGAGCACCACATAAAACATGGTCACAAACATGCCGCGCTTCATGTCATCCACCACAAACTCATTCACGCGCGCCAGTACATCGGCTGGATTTTTATTGCCCCGCGCCTCAAGACGCAGCGCCGTCCGGATCATGGTCATAATCATGGAGCCGGGCACGCCCTTACCGGAAACATCGGCCACGCAAATGCCAATGGTGTCGTCGTCCACTTCCACAAAATCGAACAGATCGCCGCCCACCTCTTTGGCCGCCTCGTAGTAAGAGGCGATGTCGTAGCCTTCCACTTTGGGAAAATCACTGGGCAGGAGCATTTGCTGAATTTCCTGCGCCACCTGCAACTCTTTTTGCAGCTTTTGCTGTTCGACCAGAGTGACCTGCGCTTCACGAAACTTATTGGTCATCTCATTAAAGGCCTGAGCAATTTCACCGATTTCATCGGAGGCGTCAATATCGATTTCGTCCTGATCCACCTTGCCGTGCACCACCTGCCGTACCCATTCGGCCAGACTGTGGAAAGGCTGTAAAATACGATGGATGAGAAAAAAGATGGGCACATAACCTGCGATTAAAATGATCATTAACACGATGATCAAACGCAGTTTTTTGTTGAAAACCAGGTCTTCAATGGTCTTTTCATTCACCCAAACGTGCACTTCGCCCAGTTGCAGACCGTTCGTCATTTTTACCGGAATCGACAGGTCTTTAACCGTTAACGTATCGTTAACCTGATAGGTTGACAGAACCGCCCGCTGAACGGTGTCGGGCTTTTCTGCGACCGGTTTGAACGCCAACTTTTTAAAAGGATAAATTTTTTCCGGATTGCTCCAGGCCAGAAGCGAGCTATCGGCATCTACGATAAACACCTCGTAAATAAAGGTAGGATGGCTGGCCCTTACTTTATAAGCTTTTTCGAACAGGATCGCCGAATTTTCCGCCAGCATATCGTCAACAATATTGGCGGCAAGCGCTTCGCCGGCTGTCGCCGAAAGCGTGTAAATATCGTTCCTGATATTTTTCTCAGTATTGTAATAGATGGGCACAAAAAACAACAGCGCAATAATGGTAAAAATAATACTGGCCAGAATCGAATATTTAGCCTTTAAATTTAACGCATTCCACTTTTCCAGAAGTAACGGCTCATGGGTCTGATCCCGGAACTTGGTCAAGCGCAGCTCATTTCCTCGCTCGGTTACGGCATACTGCATATCGTCCATTAGCTTGCGCATCATCAAAATGCCCAGCCCGCCTTTTTTGCCGATTTTAATGTACTTGTCCAGGTCGGGTGTATTGGCCTGGCGGGGGTCATAACTAATTCCCTGGTCGATGATGATAATGGTCAGGCTTAACCTGCGAATGATGGCCTTGATCGTAATTTCACCGTTTTTAATATCGCGATAGCCATGGCGGATGATATTGGTACAGGCCTCATCAACCACCAGTTTAAAAGAATTGATAATTTTGTCGTCAAACCGGAACTTCTTCCCGATTCTTTCGATGAAATCCCGCACCTGAGTCAGGTAACTCATCTGGGCGGGAATGGTAATCTCTTCTTTTCGGACGTTTTTAAACATTTAAACTACCAATGTTACTTAGTCTTTTTCAAGCGCTCACGGGCATTTTCTATGGCCGTTAACACTTTTTTATTATACGGATAATCTTTCAAAATTTCCTGCCAAATGTCAATAGCCTGCTGATATTTTCCTTTCACAAACATATCGACGCCCTGCAAAAAGCGTTTTTCGGCCGCCGGATCCAGTTCTTCCTGTTTGCTTCTGGATTCGATGCGCGCTTTTTCGTAATACTGTTTTACCAGCTCATTTTCCGGATTCAGTCTCAGGGCTTCTTCAAACACCTTTAAGGCCAGGTCGTACTCTCCCAATTCAAAGAAACTCAAACCACGCTGAATGGTTTCCTGCACCTTAATACGCTGACTTAAAGTTTCGATTTCATTTTGCAGAGCCTGATTATCGGCGCCCAACAATCGGGCCTCGCCCACCAGTCGAAGCGCTTCTGAGTAATTGCCTTTTCTGAATTCCTCTCTTATTTTGGTCACCAGGCGGTTCAGTTCCTCATTCAGTCGCCGCTTGGTGGTTTGAATCGCCTGCAAAATGGTCGGATCTTCCGGCGCACGCTCCAGCGCTAAATTAAATTCAATTAAAGCCTGCGTAAACTGATTATTGTTCAGATACGTTTTCCCTCTTTCAAAATGCTTCTGAATAAATTGTCGGTCAAGTTCCGCCCTTTCTTTATCTAAAGCTAATTTTATAGTTTTCTCGCGTTCTTCTTCAAATCGTTTTTGTAATAAAGCATCGGCAGAATCGAGCATTACTTTTGCTTTTTGATTAAAGGCGTCGTAACTCAACACCTGCTGATACTCCACAATGGCATCCAGATACTGTCCTTCTTGAAAAAACTTATCGCCCTGCTCCAGATGCTGCTTAATCATTTTTTTGCGATCCGCCTCACGGATGGCGGCGATCAATTTTTCTTCTTCCGCTCTCTTACGCGCCTCGGCTAATTTGAACAGGTCGTCGCGCGTCGGCCCAAAGTTAAGGGAAACGGAAAAACGGTGTACGCTGGAAAACACATCGCTGTAAGGGCTGGAAGAAAAGGCGTAATCGATCTGAAAAATGCTGTATTTTACGCCCGCGCCAAAAGTGGGAGAACTGCCGTCCATTCCCAGGCGAACCATCGCCAGATTGCGGAATTTATACTCCGCTCCAACGTGAATCAAAAGGTCTCTTTTCTGGGAATAGTCGAAATCGAGCATTACATTAAACTGATTGCCAAAGCCCTTCATCAAAATGCGGCGCATCAGGCCAAAGCGCACCGTTAAAGGAAACTCATCCACATTATCGCCTTCTTTAACCTGCGGCGCAAACAAATTGCGAAGATTCAAACCAACCGACCAGTCGCGCAGCAGAACGTTGGTGTAAATTTGCGGGCGATACATAAAACCCAGATCCATGCCCACGCCCATATCCACCAGACTTCCCTGATCCACCAGGCCGCTCCACGCCCGGCGCACCAGCCGGATGGTTAAACCCGTGGTAAGGTCCCAGGGCAGTTTTTTAGCGTAAGAGAAAAAACCGTGGTACTCTTCCCAGGAAAAGACGCCCAGATCGGTGTTAAACACATCCGTTTGACGAATGCCGCCAATGCCGATTCTGGCCACGCCCAGGCCAAAGGTTCCCAGATTTAAAGTGGGTAATGCGTAACCCAAAAAGTCGTAATTGGTCCCTTCAAAAAGCGAGGTGTGAAAAAAGGTGGCGCTTTGCTGATACACAAACTCAAGTCCGGCCGGGTTCCAGAACACCGCCGTGGGATCATCGGCAATGGCCGTAAAGGCCCGGCCCACGCTAAAAGCGCGGGCGCCAAAGCCCATGCTCAGGTTACTTTCTGTTCCGCCCTGGCCCTGTTGTGCAAACAGCTCCATGGCTGGCAACAGAAACAGGATCAAATATATCGCGATTTTACTCATTCGTTTAATGCTCTTCATCATACTTCACCATCATTTTCTTTATTTAATGTAGGCGATTTTTGTAATATATCGCTTCACGTTGCCGCCGGACAGGGGCTTAATGTCTATGGCACACAGGTAAACGCCGTTTAAAACGCGCTGCCCCCGATCGTTTCTGCCATCCCATCGAACCAGACGGTCATAAAAACCTCTTTGCAATCCGTCCAGCTTTTTGCTCCACACCAGCTCGCCGGTTAAGGTAAAAATTCGAATCTCCACGTTGGACGCCTCTTCCAGCAAAAAGGCAATATTGGTGTAAGGATGCTGGCGACCAAACGGATTGGGAAAGTTGCCAAAAGCCTCTTCGGGATTGGTAGAAACCAGAGTAAAAGGTTTGGAAATCAGCGCATCGCTTTCGCTTAATTTATTGCCTTCTTCGTCTGATGTACTCAACGGCTTGTCGGCGTCAAAATCATAGGCGTTTACTTCCTGCAACTGGGCGCGGAACATGCGATTGACCACATTGTTTTGAAATTCGGCCACCACCATCAACTTTTTCTCCGTTTTGGGTTCGAGATCCGCCGTTTGCGCAAAAGTAATCGACAACGGGTTTGGCGTGGAATCGGTGAAAAAGTATTCCGCGTAGGTAATAGTCGGTTTAGCCAATCCCTGATAGTCGTCATAATCGATTACCTTTAGCGATTTGAGCATCTGGAACAGCGCCCTGGTCGATAGCAGATTACTCGGATCCGGAGCGTCGTTGGTGCCGTAAAAAGCCAGCTTTATGCCATTAACATGCAACGGATCGTCAAACTCTTTATTGGAAACAATGATGGACATCAACGGCACGTTTTTCTGTCCTCTGGTCAGGCTGGTGTCTGCAACGTCCAGCGGTTCGGTTTTAATGACAATCGTTTTCTGGCGGACGCGGATCGGCACAGAAACCTTGCCCAGCTCTTTATCCAGTTCGGCCGGCTGGTTCAGGTTGGCGTCCAGCGGAAGCGCATCAAAGTTGAAATTAAAACTGGTTGTTAATATCTCGTAAGGCGCCTTAATCGTCCAGTTTAAAGTTTTTCCCGTATCCGAAAACGTCTGAACGATGGTTGAACCGTTGGTTAACTTAAAGCCTTGCTTAAAGATAGACGTGTCGATTCGTACGCTTCCCTCGCCTTCCAAAGCGGCGTATTTAAGCGTGCGTTCTGTGGGGGCGTACACCGGTT
NZ_CP018099.1_gap82	4214453	4219402	4949	CCACGCGCGCTCTGAGCAATTGATTGTTTCCGGCGACGGCCGTGCGATAATTGCCGGAATCGGCCACGACGGCAAAGGGCTGCGCCGGTATTAAACTGGCGTAAACTTCCACGTTTGCCAGGCCGCTGCTGCTGACGACCAACGTGTCGCGATCCACGGTTTGTCGTAAAATCCATTGCGTTGCCGCCTTTCCGCTGGAATTGGTAACGGAAGAGGCGGGATTAACCTGCCCGGTAGAAGTGGGCTGCCAGTTAATGGTCACGCCGCTGATGGGATTGTCGTAAGCATCGACCACCTTAACGCGCACCGAATCGCCATAAGAGGTGGCCACCGTATCCTGCTGGTTGTTCTGGGTCAACAACACGATATGATCGGCGGCGGCCGGATCGGCAGTGACGCTAAAGAAAACCGTGCCGCTGTTCAACAAATTATCGTTGTAGGCGGTAATTTGATACAAACCGCTTTTGCTGCCGGGCGTAAAGTAAACGGATGCGCGGCCGGTCTGGTCGGTTGTGGCAGAAGCCCCTGGCGCAAAGTCAAAATCGCCGCCTCCCTGCGGATAGTTCAAAACGGCAAAGGTCAGCGGTACGTTTTCAACCGGGTTGCCGAGGCTATCGGTAACCTCCACCACCATGGCCTGAGTCAACTGGGTTTTTACCACGCCAATGCGCGCGCTGTCGTTGCTGGCATCTACCCAGCGATTTAAGGCATTGGCCTGTGACTCAAGCACATTGGCCGTAAACTTTAAAGAATCCGGGATAACATTGACCACCGCGTAAGCCGAATCTTTACCGATAGTATTTCTCAGCTTCCATTTGCTTCTGGAAATGCCCAGGGTATTGGTCAGATCGGTAGGCGGATTTAACGTACTGGTCGGATCCTGCGTCTTCCAATCTACCGTAACGCCAGGAACCGGGTTATTGAAAGCATCCAGCACTTTAACAGCCAGCGAATCGTTCAGTTCAGAGCCAGCCGATCCGCTGAAATTATTGGAAGAAACGTAACTCATGCTGACCGGCGCACCCGGATTTACTTTAATGATTCCGGAAGCATCGCTCAAAGTGCTGGTTCCGTATTTTTTATTGACGATCAATTTACCAGAATTGACGGTTGTAAAATTAAACGTATTGGAAACACTGGAATCAACAAGCGAATAGTAGCCAATCGAATCGCCGGAAGCAGACCATTTAACGGCCACATCGCCCAGATAATTGCCGTACAGGTCATATCCCGCCGCGTAAAGCGTCCAGCTATCTCCCGCGTTGGCGGTCGAATCTCCCAGTTCAACGCCGCCGTTATTGGCCGCCGTACGGATCTTTATGCTGGCCAGGCTGGCCTCGCTCACCGTAATGGTGCCTGTGGCATCGTCTGTCCAGCCGTTGGCATTGCTGGTTACCACCGTACCCGAACCGGGTTCCGTAGGCGACAGCGACACAACGTAAGTATTGGTATTATTGGCGCTCAATCCTGTTAACGTGCCGGTGGTGGACCAATCGACATTGGCATTTCCGGCAAAATTATTGTTCGCATCGTAACCGGCTGCGTAAAGGGTTAAAGTTTGCCCGGCGCTTAAGGATACCGCGCCCACTTCCTGGCCGCCGCCGTTGGCCTCGTCGCGAATTAAAACATAGGAGATGGCGCCGGCGTTAACGGTGATGCTGCCGGTTTGATCGGAAATTTGCGCGTTGGCCGAAGCCTGCGCGCTGATGGAGCCGCTTCCCGTCTGATCCGGGGTAAATGTAACCGATGCGCTCGGATTGGCCGGAGACAGCGTCCCCGTTAAACTGTTTAACGTCCAGTTGGCAGAAGTTTGCCCCAGGTAGTTGCCGTCCGCATCGTAGCCAATGGCGTAAAGGGTAAGCGTCTGGTCGGCGGTTAAGCTGGTATCGCCCATGGTTTGCCCGCCGTTCACGTCCGCCGTTTGCAAACGTAATTCGGCAAGAGCGCCGGCGCTGACGGTAATGGTGCCGGTCTGGTCTGCCGTGGCTCCGCCGGTCGGCGTGGCCACAATTTGCCCGCTGCCGCCGGCCACAGAAGGATTAAAGGTGTATTTGGCGCCGGTGGCGTTCACGCTTTCCAGTGTGCCGGTAGAACTCCAGGTAACGTCTGTATCTGAAATAAAGTTGCCATATTGGTCATAGCCCGCGGCGTAAAACGTGTAGGCATCATCCGTGGTCAGATTTAGCGCGCCTACTTCCTGGCCGCCGTTGTTGGCCTCGCTGCGAATAATCACATAGGCCAGCGGGGCCGCATTAACGGTGATTAAACCGCTTTCTCCTTTAATGTTGCTGTTGTCGCTTTTGGCCGCGCGCACCGTAAAACTGCCGACCACCGTATCCGAAACGCTAAAACTTAACGTGCTGTCATTGCTAAAAGTCAAACTGGCGGAAGGGCTGACCGTGGCTGTGCCGCTGCCCGGCGTGCTGATGTTTACCGTGCTGGAATTTATTACGCCGTTGCCGTATTGATCGCGCGCCGTGATCGTAAAATTGACGCTGCCGCCGGCCGTAATGCTCTGATCCGTGGCAGGATTAAACGTGTAGTACGATATGCCCCCTGCCTGCAGGGTCATTACATAAGTGCTGGTAACCGCGCCCGAAACCACATCGATGCTGTCCGAAACGTAAGCCGTGCTGGTGCTGGCCGTATACAACGCCTCTGCAATGCCGTTGGCGTCCGTCGTGACGGTGATGTTGTTCAACCCGTTAGAAAATGTGCCGTTGCCCCGAACGCGCGTAAAGGTTACCGAAGCGCTGCTGACCACATTGCCGTAAACATCTTCCAGCCGGAATTGCAACAAACGGTCATTGCCCACCACAATCGGATCTTCGGCCGTTAATCGAACAAAATGATCCGCCGTGGAAGCCGTGACGCTGATCAAACCGCTTTCGCCGTTCACTTCGCTGTTAACAGAGTTCACCGCCCGAACCGTAAAACTACCCACCGTATTGTCCGAAACGCTAAAACTTAACGTGCTGTCGTTGCTAAAAGTCAGGCTGGCAGAAGGACTGACCGTGGCCGTTCCACTGCCCGGCGTGCTGATATTTACCGTTTCGGAATTAATAACCCCGTTGCCGTATTGATCGCGCGCCGTGATCGTAAAATTAACGCTGCCGCCGGCCGTGATGCTTTGATCCGTGGAAGGATTAAACGCATAGTATGAAACGGGACCGGACGTAACATTTACGCTATAACCGCCGTCCGTGGAGCTGGCCCGCAAAGAGGAATCTAACACCGCGTCATACGTGCTGGGAAAGGCGTTATTTTGCGAGAGCGAGGTGGGCAGGCTTAAACCAAAAACCACGCGCAAGCTGTCAATCACATCAAACGAAGAGGTACGAATGAATAAAGAATCCGTCACCGTGTCATAATACCAGGTGGCGAATCCGGGATCGGCCGGCTGGTTTTGACTGTTTTGAATGTAGGCCGACGAGCCGTTAATGTAAATGGCATGTACGGCCGGCACCGCAAGAAAGGGGTTTTTAATGGCAAAACGATCCAGCTTGCCGATGCCCTGTGCGCCGCTAAGATCGATATTGTAGAAATGGTAATAGAAGGTGGTATAGGAGCCGGCTGGCCCGCTGGTAGGCGAAATGGCCGCCGTTACCCCGGAAATCAACCTTTTATTATGAAACAGAATGGCCATATTCGAAGTCAAAGGGCCCAGCCCTACGCCTGTTCCATAATAATAAGTCAAACCGTCGGTGGCATCCGCCCCGATGCCAATGGTGGCCGTACCGCCGCCGTTGTACTCCGAATCGATGGTATTGTACTGCATTTTGATTAAATTGGACTGCTCAAAAATGACCAGCTCGCAGATCAGTGTTTTGGTCTGGCTCAAATAATTGTCAATGGCGTCCCACTGCACCACAATTTTTCGATTGGGAGCCGATCCGGTAACGGCATAGTAAACTCCGCCATCGTAGCGGGAATCAGAGAGCAGATCATCCCAGTAAACGGCAATAATGGAATCCGGACCGGACAGGCCCGGCAGGCTGTCATTGGCCGGATAGGAATTGGCGCCAGGATTCTTAAAACTAATCCAGCCATTGGGCGAAATAAACAAACTGTCGTGCTGCTTACCGTAAAAGGAGACCTTAAAGGGCAACGCCACGCCAACCGGAGCTTCATCGTTAAAACCAGCGGCAAAAATTTGATTGGCGCTCGATTTGATATCGATCCAATTGTAATCGATGGCGACGGTTCCCCTGGAATCTGTCCACATGTGACCAAAATTATCAATCCCCCCCTGATCGGCAAACGCCTGATGCAGCGTCAGGGAAAATAGAATGAAAACTAAAATCAATTTATCTCTCATTTGAACCAACCTCTTTCTACCTGGTCACACTCTGTTTAATTTGAAACTCAATCTGGCTTAAAATTGCCCCTAACCGCCCCTGGGCAAGTAAAGCCATTAATTTCAGTTTCCCGTTTGTTTTGCGCTGACCTTCATTGGCCAGGTTCAGAAAAACGGTTAACTTTCCGGCTGGCGCAGAAAAATTTTGGGCAAAACGCAAGATCATCAAAGAATCTGTTTTTTCCCAGTGAATTACGCGGTCCGAATCCGGGTAGGTGTCAGCCTCTTTCAGCCAATAGGAGCGGTCGCCGCTTTTTATTTGCACCGGCACAAAATTACGCGATGCCGGAAAGCTTAAAGCAATTCCCCGCTCGCCATTCTGAATACCGTTTATTTCCACGGCCAAATTCCAGTTTACCGATCTATTGGGATCAAAATTGGTCGTAAGCGAAAGAGAATAATTTTGGGCAAATAAGAAAGCGCCCAGGGCGAAAAGCCAGAATATTATTTTAAAACCTTTAAACTTCATCTTAATAACTCCCTCTGCCTTCACTTTTAAATTAAAAATTATCACCTGATTAAATGTTATTTAATAATATCGACGAACTTAACTTTTTCATCAGTGATGCAAAACACAAGCGAAAAAAAATAT
NZ_CP018099.1_gap83	4272038	4272780	742	GCCGGCGAAGAGCGCGACATTCATGTGGTCGTTCACCTGGATGGCTTGAAACCGGAAGAGGTTACGGTGGAACTGGTGCTGGAACGGCAGGACGCCTTACAACGCTCCCAGAATATGGAGACGGTTGCATTGCCTCTGGAAAAAAATCTGGGGCAGGGACAATATCAATACGGCAAAAAAGTGCGCGCAAAAACAGATGGCGCCTACCGCTTTTCCTGCCGCGTTCTGCCGCGTAATGAGAACTTGCTGCATAAACACGACACGCGTTTGATTAAGTGGCTGGATTAAGCGTTTTTTTCGATCCTCTTTAAATTTCAGATTTGACTGCTTGTTACTTTCCGGACAAGCGCGAAAACACTTTTTGGCGACTCCGACGAGTCGCCATTTTTTTAACCATTGAACAGATCGGGCTTCAAGCCGAAACAGTAAAAAAAGTTGTGATTTTAGAGTCTCTTTGCACTTGTTAAATCATAGATTTTGAGGCGGTTCTGCTGCCCCAGGAAAACAGCCTAATAACGATGGAGAAAATTTTGCCGCCTAAAATCAATTCAACCCCCAAGTAAAAACGACCTAATTTTACCCCCGGCTAAAAAGAGGCCAACAGGTGAAGCCCGCGTTTTTTATTCCTGAAAAGGCAAGACTGCCAGTTTTTAACAGGTTCAAAATTGGAAGACTTTTTGCATTGTAAAAATGAAGCGCGTATTTTAAATGGAAAATAGCGTTCTAATGACAATAGAAATAC
NZ_CP018099.1_gap84	4314992	4317326	2334	GGCTGCGATATTTGCCAGGATGTTTGTCCCTGGAACCGATTCGCCAGAGAGACTGAAGAACAGCGCTTTCATCCCAAACAGCCTGTATTGGTTAACCCGCCGCTGACTTTTCTGCAAAAGTTGTCGCCCAAAGATTTTGACATGTTGTTTGCCGGGACACCGGTGCGTCGCGCCAGATATGCCAACTTTAAGCGCAACGTGCAGACGGTGATGGATAGCCGGCCGGGGCAAGATAAAAAGGCTTAGTGGTTAAGGAGTTTAACGCTCGAATGGTTAATTAGAAACCGGCCAACACCGGCGCACATTACACCGGCGGAGAAAATTCTCATTGGCAAGTCTTCCACCTCTCCCAGACTTTTATTATGGGAGAGAGGGAGCGAGGGGGTGAGGGCTACTCCGGTGAATACCTGCCATCGTCGGTCGGTAAAAAAGTATAAAGGCTTAACGCTCGAATGGTTAATTAGAAACTGGCCAACGCCGGCGCCCATTACACCGGCGGAGAAAATTCTCATTGGCAAGTCTTCCACCTCTCCCAGACTTTTATTATGGGAGAGAGGGAGCGAGGGGGTGAGGGCTACTCCGGTGAATACCTGCCATCGTCGGTCGGTAAAAAAGTATAAAGGCTTAACGCTCGAATGGTTAATTAGAAACCGGCCAACGCCGGCGCCCATTACACCGGCGGAGAAAATTCTCATTGGCAAGTCTTCCACCTCTCCCAGACTTTTATTATGGGAGAGAGGGAGCGAGGGGGTGAGGGCTACTCCGGTGAATACCTGCCATCGTCGGGCGAAGGTTTTCAATAAACAATTCAACTCCAGAAAACAACCATTTTTGTAAAACCGAAATAAGCCTTGATTAGGGGATTGAGATAAATTCATATTAAAACTGAGATAATTTAACTAAATTTAAATATTGAAATTATGACATGAAAATAAGTATTTTTTAATGTGCGAAATTTGGTATTTTTTGAAATTATTTTAAACATTAAATTTTCACGCTTTCTTTAATTCAATAATAATTTCCTTCAAAAGTTTAATCTGATTAGAAAGAGATATATTTTCAGTTTCAAGTTCTTTAATGCGATTTTTAAGAGCTTGAAGGCGTAATGTATCTGCAGCGTCTTCTTTGTCAATTTTTTTTAGTTCTTCTTTTAAATTGGCTATTTCTTTTTTAAGGCGCGCTATTTCCTGCTCTTTAGCCTGATATTCTTGCGTATGGTCGTTTACCGCGCCGGCAGGCGATGGCTCCAGGAACATGCTGCCCTGACCGGTGAGAAGCCAATTTATATTTAGGTTTTTGCATTTTGCAAACACAAGATCATAATCAATACTGTTTCTTGACTTCCATGTTGATATAGTACTTCGAGTAACTCCCAAAAAGTCAGCAAGGCGCGAATCATTTTTAATATTGTACGCAATTTTTAAACGTTCTAATATTTCAGATACATTTTTTGTTTGCATAATGAGATCTTTTGTATTATATTTGTAAACAAACGTTAACAAATTTTAATAAAAAAAGAGGACATGTTTTATGCCCATTAAAAATTTGACCTTGATAAACCAGTCGGAAATAGCCAGAAAACTGGGTATTTCCAAAGCGTACGTAAATATGATCTTGCACGGCAAACGCAAGAGCGACAAGTACGAACAGGCTATCAAAGAACTTATAAATAAGGAATTGGGCGCCCATAGGGCCGCTTAATTTCCTTATTTCATTATAAAAAGCAATCTAATACTAATCCATTAAAAAAACAACAGGTGATTTTAATGGCTCATTACACAACCATTAAAGAACTTTTATACGAAACCATTCATCGAAGCAAAAAAACAGTACCTCAAATTGCCGATGAGATGGGGATTTCGGCTAATTATTTGTATCGGGCTGGTTTGCCGACGGACGGTTCGGGCGTAAAATTTCCGCTTGAGTTTTTAGTTCCTTTAATGAAGACTACTAAAAATTACAATATCTTAAAACATCTGGCTCGATTGTGCGGCTTTATCCTGGTAAAAGAACCGCGATTTCGAGGATACCGCGGGGATGAGATTGACCTGGTTGACGAATACCAGGAAGTAACAACTAAAGCGGTGCGCTTACTTAAAACATTTTTATCAAAGCCCACATTCGAAAACTATAGCCAAACAGTAAATGCCCTGGATGCCGTAATGGAAAAAAGCGCGCAAGCGCACCGGTACGCACAAAAAAAGGCCAGAGGTCAATTGGAGCTGGATTTATGAGGACAAAAGTTTGCCGCCGATGCGGCGGTAAGGCATACCAGGTAACTATTTCGACATTCCATTATTTTTATTTTGGCTATGTATGCGCAGAATGCGGGAG
NZ_CP018099.1_gap85	4321948	4326015	4067	CGCCCGGTTTAAGGAAGAAGATTTTATGTTAGAGCTTAAAGAAATGGTAAAAGCGCATGGCCTAAGCTACCAACGCATTGCGGAAGCGACCGGCTACGGAAAGACAACCGTGGCCAGAGTGATTAACGGCGAATACTACAATCCGGAAACCATTGCCCGCGTAAAGAATGCCATTGCCAGGCTGACCAAAACGACCGTAAACCTGGCTGGATAAGAGAAAAAAAAGAGGAGATAACAATGTTTGACAAAAAAAACCGCCTCATCCGCAGAGGGATGTACGTACGTTACGGCGGCCGAATTTACAAGGTTGTTTATATTTTTTTTCGCACCATAGTTTTGAGCGACGGTAAGCTCAGGCTGGCATTAAAAACGCCTAAATTATCATATCCGGTGCAAAACTTAGAAATCGTGGTTCCGGCGAAAGAAGACGCGTTAAGTTTTGGAGAGATAAAATGACGGCCTCTTCGTCAGCATCAGGAAGCATAGAAGCGAGAATGCACAGGTTTTACAAATGGTGCCTCGCTGAGATATTAAAGGAGCACAAAAGCATCGTTTCGAACGGCGTTTATCTGGAAAACGCCAATTATCTTAAAAGGCTGCGAATCATGCCTTTGGTGGCCACCGCGCAGCTAATATATGATTTAGCCGAACAGGCCGGGCTATTATTATCTAACGAAAGCATTGAGCTATTTAACCAAATTAACCAATATAGGAGGAAGTAACATGGCACGCAAAAAAGTCATTATAAAAAGCAATCTAAATACCTGGGACGAGGTTAACGAAGCTTTGCGACAAATTGCTGAAAAACAGAGCTACGTTGACCAGGCAGTTGCAAAATATAACGAGGCTGAGGCTAAAAGACGCAAGGCGCTGGACGAGGTCGTTAATCCGGTAAAAAATGAAATTGCCGAACTGGAAAATGAAATCCGTTTGTTCTGCGAAGAAAACAAAGATGAATTCGAAAAACGCAAATCCAGAGAGCTGGCCAACGGCGTAGTAGGTTTCCGTTTAGGTACTCCTAAAGCCAAAAGCCTGAAAGGATTTACCTGGAAGGCGGTTTTAGAGATCATTAAACGCACGCCATTCAAAAAACAGTACATCCGCATTAAAGAAGACGTGAACAAAGAACAGATTATCCAGGATTATACCACGAAAAAAGTGGATGCCGAAACCTTGCGCAGTCTGGGCGTGGAAGTGGTGCAGGATGAAACATTCTGGTATGAAGTAAAAACAGCCAGCGACGCGGATGCTGCGTAAAAAAGTTTAGAGCGCAAGAGTAAATCTAATGTACTTTTGCGCTCTTTAAAAGCCAAACCATAGGAGGTTTTATGCAGGCGCAGCTTATTGAAGAACGCGAATTTTATTCTGTAATAAAAATGCAAAACAATGAATATTGGGCGCGTAAAAATTTTAAGATAGTCGGAAAATTCAACACTCTGCAAGAGGCTAAAAACTTTATAAAAAACCAGCAAAAAGAGGATTTAGAAAATGAGCAAAATCCTTCATCGAGATAGGCGGCATGATCTTGAAATCGTAAAAGAAAACGGAGCCAGCTCTGGGCGTTTAATTTTAAAACATCACGGCGTAACCTTTTTAGACGTTTCTCTTGAGTCTGAAGAAGTACAGGTATTAAAAGAGCTTTACAACAAAATAGTCGACAACCACAACACGCTTGAAAATTATTTTAAGAGCAAATGACATGGATGTAAAACAGCTAAAGAAAGAGATATTAAGATTCAACGAGCACGAGTTGGAGCGCATAGCAGATCATGTAATGATAATCATTCGTGATCGCAAGATCAGGCGTGAGTTTAAGCGTTTAAAGCGTATTTACGGCGCTAAAGAGGCTATTATTATGCTGGCTGATAAGTATTTTTTAAGCGAGGCGCAGGTGGATTATATTGTATATCCCAGGAAAAGGTAAGGGGTTTATGGTTAATGATTAATGACTTGAGGTAATTAATTATGAGAGCGTCTAAACGTTTGATAAAAGAATTAAAAGGAAAAATTAATTATTACAAACTCTATAAAAACTTTACCAGCTGGAGGCCTGAAGAGTTTGGTAGGGTGGATTACATTGTTGAAAAACAGAGAGAATTTGAACTTAAAAACTATGGATATTATCAAAAATACATGAATGAAAAGCAATTAAAATCCGGCCATTAGTCCACCGGGGCAGGCTTTGGCTAGCATCCTGGCCTCGCCCCTTTTTCTGTGAAAAATTGATTTTAGCTATAACCGATATAATATGTATAAAGTATTAAACTTGTATGCAGGAATAGGCGGCAATCGAAAACTATGGACGAATGTCCATGTTACAGCGGTTGAAATTAATTCCCAAATAGCAGAAATATATCAGGATTATTTTCCAGATGATAAAGTTATTGTTGCCGACGCTCACCAATATCTTTTAGCACATTACAAAGAATATGATTTTATATGGAGCTCTCCCCCGTGTGAAACACACTCAAAAATTCGTCGGGCAAATGTATTGAATAAAAATGGCGTTAGCGCAGAGGCAAAATATCCAGATATGACTTTATATCAGGAAGTGATTTTCTTAAAAAATTTTATGCCACATGGTAAAAAATGGGTGGTTGAAAATGTGATTCCTTATTACCAGCCTTTAATTCCGGCTAAAAAAATTGGACGTCATTTATTCTGGACAAATTTCCAGATTCAAAATATTAAATACAAAGCAAAAGATCGTATTGATTATGTTGGCATGAACAAAAGATTCGGATTCGATTTATCAAAATATTCTTTAAATTTCAAACGCAAATGCTTACGTAATGCTGTTGATCCAGAATTAGGCTTACATATACTAAATTTAGCTCTTGGACGAATTGATAAAGTAAACGCAATCCAAACAACAATATTTGATATTTTAAAAGAATAGAAAAAAAGAGATATAAATAAAAGGGACCTTGCCGGTCAAAATATGGCACCATGGCTGAAATAATGCCCTCTGGTTTGGGTTGGCCGCCATGACTGGCAGAAAAAGCGGGCTGTTTGTGCCCGCTTTAAAATTTAATTAAAAAACCTATTTTATGCTGATCTGCGTAAACCTTCACTGGCTTGAATGTAATAATTGTATTGGCTATTCCGGCAAGCAATAAGAAATAGGCGGCGTTTTGCTTACGGTTTTTTATGGCGTTTAATGAGCGCGAATCTAAATTCATCATATCATATTGTTTTATTTGATCGTTTATATTGTCTACTTCCTTAAAATAATCGTAGCTTAAAGTAAAGGCAATAATTGAAACTGGGAACAATACCAGATAGGGAAATTCCGTACGTTGATAAGTATTTTTATATTTATCTTTTATATCGTCATCATTTTTGTGAGTATGTTTTGATGGGCGCTCAACATTAAGATTTTTAAAAGTGGTCGTTGTTTTATTGTTAAGAACGTTTTTGTCTCTTGCGTCAATATTTTTTGCATTCAAATTAAAGGATACCACTAAAAAAAATAAAATAATTAAAGTCTTCATGTTTTCATCCTTTCTTTTATTTACGTGTTGAGATTCACGTTTTAGAATGGAAATTACATTTGTAATTTAATAAAAAAAATTGATTCATGGAAATTAAAAGGGAAGTAATGGCCAAAAATCTGTTGCCTCAGGCGGAGCGCCTGTACATTCGTGAAGGAAAATCGATTGAAAATATTGCCACGGCCCTGGGCGTTAGCCGCACCACGCTTTACCGCTGGAAAAAAGAACGCAACTGGGACGAACGCAAATACGAAATGGAAACATCCGCACAGTTTGTTAGCGAAAAGCTGATGAAACTTTTGGCGGACGATGTGCGCAACCTGCAAAAGTTAGACGCCAAAAGCGTGGATCGCATCGTTAAGGCTATTAAAAGCATTAAAAGCCTGGATAATGAAGTGGATATTTTGGGCAGCACCTTGCTTGTAATGGAGCAGCTGGCCTATTACCTGCAACAGAAAAACGCCCAACTTTATGAAAAGCTGCAAGAATTACTGCCCGATTTTTTAGTTTATATGCGCGAAAGATATAAAACGGGATAATTATGGCAAAAAAGATAAGCGTAAGAGAATACGA
NZ_CP018099.1_gap86	4330671	4334439	3768	CGGAAATTTGCCGCCAGATGCACGGACGGGTTTTTCATGTTAGTCAGGCGGTTGAGTTAAAAAATAAATTGCTCAATGCGCAAAATCCGGAAGAAGTGAAACAAATTGCGCCCTGGATGCGTGCGGACCAGGTAACTGGCAAGCCAACGTCAAAATTACCGAACGGCCTTGCCCTGCCGCCCTATCATTTTAATTGCCGTACGCGTACCGTAAAAGCCAAAATACCGCCTAAAATTGCGGAAATAGATTTAACCGCCGCCGGAGCGGGCAAGTTATTAAAAGATTCATTAAGTTATGTCGTTAATAATCAAGAGCAATTGAGCGTTAAAGAATTAAAAAAACTGGTTACGCGCGTTCAGGGCGCCGGATGGGATAATATGCAGGCGCATTTTAATAAACACAAAGATGAAGAATTTACGCAATGGAAAAGCGTTGAAGAAATGAATGCGCAATTGATGGATTTGATTCGGCGCGGCGGAAGGGACATCTATTTGCAATTGTATTTATCTAAAGAGCCGCGGATTATATTTACCGACAATCGGTTATTTTTATCGATTGATCCGGTGCGCAATAAAATCAAAACCATTTTTAGTTTAAAAAGGGAAACAATAAAAGCCTTGCAAAGTAGAAATAGCAAGTATATATTAATGAAAAAAGGAAAAACAATTAACAAACAATTATTATGGATAAGCAAAAAATTAAAGAATGGTTCCCTTCGGCATTTATGAGATATACCAGGTTTTATAAAGACCTGGCCAACGCAGATGTTCCTTCGGAAGAACATGACGATTTGATATTATGTAGGGAAGAAATTGAAGATTTTATGGAATTATTTCCGGATGAACTAACCGATGAACAGAAAAAGGCTATTCAAAAAGCCGATCGATGGATTTTGGAGCACGCCGACCAGGTTATTCCCCAGATACGCGGTTTTACAAACAAACCTTCCGCCAAATATTGGTGGGAACATCCCTCTACTCTTTCCCAAAAAGCAGCACAATTGATGAATGACGAATGATGATTATCGATTGATGTTCGTTGATTCCTATTTTTAAACCATTATTCGCAATTAAATAGATCGTGGCTAAAATCACGTTTTTTTAATGGTTTGCTCGCCTTAAATTGTTGTTGAATTCAAAAAAAACGGAGATCAAAACATGCCTGCCGAATTAAAAGACGTTCAGGTTTTATTTCTCAGTTTGGTTGATAAGGGGGCCAATAACCGCACCATTATCTGGAAAGCGGACAATAAGCAAAAACCTATTATTGAAAAAACGGTTCCTATTTTAAAAGTGGATGCCGAAAAGCGCATGGTTTATGGCATTGTGTACGCTCCCAACGAAGAAGACGCCCACGGCGATTTTATGACCGCCGAAGAGATTGAAAAAGCGGCGCATAATTTTATGAAAGCCCGGCGCACCACCAATATCGATAAACAGCACGATTACGAAGCCGACGAAGGCTTTGTGGCCGAAAGCTGGATCGTTCGCAAGGGCGATCCGCTATTCCCCAACGAACCGGAAGGCGCCTGGGGCGTGGGCATTAAAGTTGAGAATGACGAGACCTGGGAACAAATCAAAAACGGCGAAATAACCGGCATAAGCATGGGCGGTTTTGGAAAAAGAATTGAAAAGAGCGCTGCAACAGACTCAACGGCCGTCGGGCGAGGAGGCTCTTTGTTGCGCAAATTTTTCAAGCATCTTTTTGCCCCCATTCAAAAAGATTTTAACAGCCATTTTGCCGCCGATCAATTGCGCCAGGCGGCCTGGGCTTTAAACGACGCCATTCTGGAAATATTAAACGATGACGCCATTGCCGATAAACAGGCGGCGATTAAAGAATCGATTAATCAATTTTTAAGTTTTTTAGATGAAGGAGGGACGATCGTGACTACCAATAAAAATCAAAATTCCCAGCATCAGGGCGATGAGCCGGTGCAAAAGGATCAACAAACGCAAACCAGCATGCCCGATCTAAATGAACAGCTCCAGAAGCTTAACGAAACCATGGAAAAATTGGAAGGCCAGTTAACGGATTTCCAGAAACGCCTGGAAGCTGTGGAAAAAACCAGCCCCGGCAAACAATCGGCCGAAGGACGCGACGACGAAGATCCGCAAAAGGTGCAAAAAGATTACAAAGGATTGCCCATCCTGTAACACGATCTTTAGATCGTTCTAAACAAAAATCGTAAAACGATCTTCAGATCATTCCAAGCTTATGATCACAAAATTTGGAGGGAAAAATGTTAAGCAACGAAGAACTTCAGGAAATTTTAAAAGCGCAGATCACCACGGGCCTGGGCGGTCTGGCCAGTCCGCAGGATGCCGAAGAGTTTATCGACCTGGCCGTGGAACAAAGCGCCGTTTTGCAGGCCATTCGCGTGGAAACAGGCATTAAAACCAGCATGAATTTAGACGCGCTGGAACTTGGCGAACCGGCCATGGTGGCCGCCACCGAAGCCACGGCTCCGGCCCCCGATGACGTGGTGGCGCCTACGCACATTCGCAAAGTGCTGCAGCCGGTTGAGGTAATTGCCGCTTATGATGTTTCGTTCTCCTTTTTGCGCAAAAACATCGAAGGCGATCGCGTAAATGAAACCTTAAACCGCATTTTTGCCAAGCGCTGGGGGAAAGATACGGTGCAGCTCATATTTACCGGCGATACGGCCTTAACCGGGACCACGCGTACCGACAAACTGAAAAAGATTCTGGACGGTTTTGTTAAACAGGCCGAAGGCGATGCCGATGTGCATGATTATACCATTCCGGATACGCCCACCTATTCCGGTAAAGACGGCGTTTTTAACTCCATGTTAAAACTCCTCCCCAAAGACTATCGCGATCAACGCGCAGAGCTTTCCTTTTTCTGTTCGCAAAACGTGGTGGACGCCTATTTAGACGAATTAGGCGAACGCGCCACCAGTTTGGGCGATACGGTGCTTTTGCAGGGTGAAAAAATGCCTTACCGCGGCGTTGTTTTGCGTCCGGTGTTCGGCATGCCGGATAACCGCATTATTCTAACTTTAAACCAGAACCTTGCCGTTGGTTTTGGCGAGCAAATGACGGTGGGGCGCGATATTTCCAACCGCGAACGATTGTTAAAGGTTACCATCACCGGCCAGATCGATTGCAAATACGTGGTTGGCGACGCGGTCGTTTTAGGCGCAGGAGCGTAATTTTAAAACACAAAAGGAGGGTAAGCAATGTATGTCCTAACTGGGAAGCGTTCGGTAGGCGTTGGCGGAAAAATTTATTTCTATGGGCAGAAAATTCAAGACGACGAATACAAAGACCTGCCCAAACGCGTAAAGGCGTTTTTTGAAAAAAAATCTTCCAAAAAAGATGATGACAGTGGCGTAAAAAAGACAAAAGACGAGGTAAAGAATGGCAGAAATTAAAAAAACATTCGGTTCTGGCGGGGCAAATTTAACGCCTGCAGGGCATGGCACGCCTTCTTTAGCCGATGCTTTGCGCGATATTGCCGACGATCTTGCGATGATTAAGGTGGCTGTTGATCAGTTAATTGCCGATCACAATTCTTCAACGGTTCCAACAACGGCAACAACCTCAACATTAAAGACGACAAAAGGATGAGATGCCTTTAACAAGCGAAATTAAGGTAACGGAAGATTGCAACTTTCCGCAGGAAATTCAGGATAAATTAACGGTTCATTTAAAAAAAGCCGAAGTTCGCCTGCGCGAGCTGATCGGCGACGCTAAATATGATGAATTAGAAAGCGCCAGTTCGGGAGATCAGCGCGATAAGGCG
NZ_CP018099.1_gap87	4336152	4337145	993	GAGTACGTTCCAAATTGAAGGCGATACGAACCCGGCTGATGTCTACAATCCATACATAGCCGGCAGCGCGCATAATTATATTGCGCAAAGTATTCCTAATCAAGATCCGCGCGTAAAGATTGATTTTGACGCGGCGCGCAAGGCATGCCAAAACATGAACGGCAATGGAATTACAGGCTGGCATTTGATGACAAACGCCGAATGGGCCGCGCTTGCTTTATGGTGCCAGGCAAATCAGATGCCGCTGGGAAATAACTCATACGGCGACGATTATTCGGACACCGCCGTTAAGGGAGTCATGGCCCCGGGAAATAATTTCGGCGGGCCGAATCCATCGCGTTGGTTGACCGGAACCGGCGGCCTAAAAACGGCGCACAACCGTATAAAAAACGGAGTGTTCGACCTGAACGGCAATGTCTGGGAGTGGGTGGATGGCATGAAGCTTGTTGAGGGAAAAATATTGGTGGCTGGAAATTTGAACGCGGCGCCTACCGCTATCGGAAATTCATTTCAGGCCGCTGAAGCAAATTGGTTTGATACAGGCATTTATGTGAATTGGGATGGAGTAGCAACAACAATTTCATTTTCAACTGTTGATCGCGGCACAACAATGGAAGGAGCAAGTCCAGACTATATATCTGTACAATTTGACGATATCCCCGGGGCGGATGATAATTTAAAAAAACTGGCCATAGGGCCCGTACAAACAGGATTGAATACACACGGCTATGATCATTCATGGTGGCGAAATTTTGGAGAGCGTGTTCCGCTCCGTGGTGGCTATTGGGTCAATGGCAGCAACGCCGGTGTGTTTGCGCTCGCCCTGAACCTCACTCGCGGCGGTCGGTATTGGTACCTTGGTTTTCGCCCAGCTTTTGTGGCTCTGTGATCTGAAATCTGGAGTTCTGTTTTTTATGCAAGATTTAAAAATTTATCAAAAATATTATGATATGATGCGAGAAAAATAGTTTTTGGTAATGCAAATTAAAATTA
NZ_CP018099.1_gap88	4356598	4357281	683	GATCTGATCATTTACATTGAAGAGGCGCCGCACCAGATTTTTCAGCGCCAGGGCAACGACATTCTGCTGGCTTTGCCCATTAGTTTTCCCACGGCCGCCCTGGGGGGAACCGTTGAGGTTCCTACTTTAACCGGCAAGGCCAAATTGAAAATCGCACCCGGGACGCAGTCCGGGAAAATACTTCGCATGCGCGGTAAAGGCATTCCCTACCTGCGCAGCGCGGGCAGCGGCGACCAACTGGTGCAGGTACAGGTTTATGTGCCAACCAAACTAAACGAAGAAGAACGGTTATTACTGCAAAAACTGGCCGAATCCGAAAACCTGGATCCGTCCAAAAGTACGCATAAATCCTTTTTCGATAAATTCAAGGAAGCGTTCAAAATTTGATGCCAGGGATGGCCTTTTGAAAAAGAAAGAAAGGCCATCATCATGAGTTTAACCCCTGCCGAACGACGCGCTCTACTGATGGTGGCGCTGGTATTCGCCATCAGCGCCTTCATACAGTGGGTAAGACCGCATAAGGTCACCACCAAGCAGTTTGATTATACGCTGCAGGACAGCCTGTTCCGGGCATTGTCCGCCGATACGCTGCAAAAAACGACAAGCGTACCTCAGGCGCAAACCGCCCCAAAACGCAACGTCAAATCCACCAAAAAGAAAAAAGAAGTCTTAAAGCCCAAAAG
NZ_CP018099.1_gap89	4359107	4361281	2174	TTTATCTCGGAATAAAGGGCATTTTAAACTTTGCTCCCGTTCCGCTCAAAGTGCCGGATACGGTTATCTGCGAGCAGCTGGACATCATGTTACAATTGGAAAAACTTGCTTTTTTAACACAGGTAAAATGATAGAAGAGGTTAGCGATGCAAAAAGCGAAAAAAAGAGAAAAAATATTTCAATCCGTAAAAGAACCCAAAAGAGAGCACTTAATTCCTCTACTGCAGGAAATTCAGGAAAGCGAAGGTTACATCTCGCCAGAAGCAGTTAAGGCGCTGGGGCAGTTTTTGAGACTCCCTGCCAGCAAAATATACGGCGTGGCCACATTTTACAACCAGTTTCGCTTTAAGCCGATCGGTAAATATCATATTCAGGTTTGTCGGGGCACGGCCTGCCACGTAAAAGGCTCTTCCAGCGTAATGCAGACCCTGGCGCACGAATTTCACCTGAAGCCCGGCGAAACCACGCGAGATGGTTTGTTCAGTCTGGAAGTAGTAGCCTGTCTGGGCGCCTGCGGTCTGGCTCCGGTCGTCAGCATTAACGGAGAATTTTACGCCAACATGACCGGCCCCAAACTGGTGACTTTGTTACGCAAATTGCAACGAAAAGAAACGCAAAACAATTGAGGTCGATATGCGCAAAGATCAATTGCAAATCCTAAAACAGATGCTTTCGCTGGAATTTATCCGGCATGAATCCGAAAATGGGCAAAACAAAGAATTACAAATTAAAATTAACCAATTAAAAAACAGTCACTCCCCCATTCCCGTTTTTTACGTTGGCGCTGGCACCTGTGGACTGGGCGCCGGAGCCGACAGGATGATGCAGCGCCTGGTCTCTTACCTGACAGAAAATGAAATCCAGGCTAAAGTAGTAGAAGTCGGATGCATCGGCTTATGCTCGGACGAACCTTTACTGGATGTGCAGCTACCGGGCAGAACACGACTGATTTTTAGAAAAGTAACCGAAAACAATGTCATTTCTATTGTAAAAGCCGTTTTACAGGGGAAAATTCCACTGGAAAATCTGCTGGGGCAACATACATCTCAGGAATTAGAATCATGGGCGAACATCCCTTACCTCCATGAACATCCCTTTTTTGCCCCTCAAAAGCGTTGGGTCTTGAAAAACTGCGGTTTGCTTGATCCAACCAGCGTAGAAGAGTACATGGCTTACGGAGGGTATCAGGCTCTGGCCCGTACCCTCCAGACCATGACTCCCCTGGAAGTTTGTGATGAAATAGAAATGAGTGGATTACGCGGTCGCGGCGGCGGCGGATTTCCTACCGGCCGCAAGTGGAAGTTTGCTTTAAACACGCCGGCCGAACAGAGATACATGATTTGCAACGCCGATGAAGGCGACCCGGGGGCCTTTATGGACCGCGCCATTATCGAAGGCGATCCACACCGCGTTCTGGAAGGACTGATGATCGCCGCCTATGCCATCGGCGCCACCAAAGCATACATCTACATTAGAGCAGAATATCCGCTGGCCATTGCCCGACTGAATAAGGCCATAGAACAGGCCCGGGAGCTCGGTCTTATTGGCGAAAATATATTGGACAGCGGGTTTAATTTTGACGTTACTATCAAAAAAGGAGCCGGCGCCTTTGTGTGCGGAGAAGAGACAGCGCTGATTCACAGCATCGAAGGCAAACGCGGCATGCCGCGCCCCCGTCCGCCCTACCCGGCCGTAAACGGACTGTTCCAAAAACCGTCGGTTATCAACAATGTGGAAACCCTGGCCAACATTCCGGAAATCATCTTGCAGGGCGCCAGCGCCTTTGCTCAAATCGGAACCGAAAAGAGCAAAGGCACCAAGGTATTCGCCCTTTCCGGTAAAATTGAACGCACGGGTCTGGTCGAAATTCCCATGGGCACCCGTTTGTGGGAGCTGGTGTTTACCATTGGCGGCGGAGTCAGCGACGGTAGAACATTCAAAGCCGTGCAAATCGGAGGCCCTTCTGGCGGTTGTATTCCGCAAGAGCATCTGGACATTCCCATCGACTACGAATCGTTGAAAGCGGTTGGGGCCATGATGGGTTCCGGAGGTCTGGTGGTCGTTGACGACAAGACCTGTATGGTCGATCTGGCCAAATTTTTCATGGATTTTATTCAACGCGAGAGTTGCGGAAAATGTATTCCCTGCCGCGAAGGCACGCGCCAGATGTTGGA
NZ_CP018099.1_gap90	4455178	4459235	4057	CAAAAAATAAATAAAAATCGTTCGTTTATGGATTAAGGATGGTCGCTCTAAATTGGCCCAAATTCGGGGGGGGATACGCATGTACACCATTTTTTCTTCTACAAAAATTTTCAAAAGGATAACCATCTTCATGGTTCAGTCCCTTATTTTAAATTTAAAAAAATCCTTTTAAAGAGATGAACCGTCCGTGGAGGTAAGTTAACTAATCAAAAATAAGATATGAAAAAATAAATTTCAAATGAAATTGGTTGGTTTTTGGTTTAGGGGTTTAGGGGGTTTAGGGGAGAGTGGCCACTCGCTCCCCTTCGGCTGCGCTGAGGGAGCGGTTTTTATCTCTGTGGCTGATAGGTCCCACCAGTGGATGAATTCTACGCGTTAAATTTTGCATGTAAGCTGATTCGTGGTTTAGCGGCAGGTAATCTCTCATTTAATAAAAGCGCGATTTCAGACCGGAGATGAAATCGCGCTTTTGAGGTTGGAATCAGATGATTTTCTTTTCTTTCAGATAATCGATGACCATCTGCGCGCTATCTTTTAACGACAATTTACTGGTATCGATCACCAGCTCCGGATTGAGCGGTTCTTCGTAAGGCGCGTCGATGCCCGTAAATTCTTTGATCTCGCCGGCGCGCGCTTTTTTGTAAAGGCCTTTGGGATCGCGCTCTTCTGCCACTTCCAGCGGCACTTTAACAAACACTTCGATAAATTCGCCGTCGTTTAACAGAGCGCGGGCGTTGTCGCGGTCTTTTCGGTAAGGCGAAATAAAGGCGGTCATGGTAATAACGCCGGCCTGAGCAAACAGTTTGGCTACCTCGCCAATACGCCGGATATTTTCTTCGCGGTCTTCCGGTGAAAAACCAAGGTTTTTATTTAAACCGTGGCGAATATTATCGCCATCCAGTACAAAGGTTAAATGTCCCATTTTGTAAAGCATCTCTTCCACGGCATGGGCCAGGGTGGACTTCCCGGAGCCGGAAAGGCCGGTAAACCAGATGACGCAGCCTTTTTGTTTTAACAGTTTTTCACGGTCTTCTTTGGTAATCAAAGAAGGATGCCAGACAATATTGGTTGCTTTTTGAACGGTCATGTATTGTTCTCCCTGAATTTTATCCGTTATTTTTGTAGTAGTCCATTAATATTTCAACCACTTCCGGTCGGCTAAATTCTTTTGGCGGTCGCTCGCCCTTGGAAAGCATTTCGCGCAATTTGGTGCCGCTGATCAACAGGCGATCTTCTTTACCGTGCGGACAGGTTTTCATGGAAGCCATGCCGTCGCACTTGTAGCACCAGAACGTCCAGTCGATCATCAAGGGCTGGATGTGTAATTTGCCGGCGGGGATCTCTTCAAATATCTTCTGAGCGTCAAACGGACCGTAATAGTTGCCCACCCCGGCGTGATCGCGGCCGATGATCAGGTGCGTACAGCCGAAGTTTTGACGAAAAATAGCATGGAGTACGGCTTCGCGCGGTCCGCCGTAACGCATTTCCATGGGGTAAACTTTTAAAACCACATGATCGCGCGGGTAATATTTGTCAAGCAGCACTTCGTAGCACTTCATGCGCACGTCTGCCGGAATGTCGCCCGGTTTCAGTTTGCCCACCAGCGGATGGATGAACAGACCGTCGATGATTTCCAGCGCGATTTTTGTTACAAACTCGTGGGAGCGGTGGATTGGGTTCCGCGTTTGAAAACCGGCGATGGTTTTCCAGCCTTTTTCGGCAAAAATTTTACGCGTTTCGGCCGGACGTGCGTAATAGGCGCCGAACTCATCTGCGTAGTGTAATTCGCTAAAAACTTTAACCGGCCCGGCCAGATAGATATCGTGTTGGGCGTAAACTTTAGCCACGCCAGGATGCGCTTCATCATCGGTGCGAAATACGTTAAGCGCTTCGTGTTTTTTGTCGTAAGCGTACTTTTCTTCAACCACCATGGAGCCCATCAATTCGCCGCTCTCGTCGTCAACCAGAGCCACCTCGTCGCCTTCTTTCAGCGCGTCGGCCTGTTCCTGTGAGACGGAAAGTGTGATGGGAATTGGCCACAACGTTCCATCGGCCATTAACATGTCGGTTACCACCGTTTTGTAGTCTTTTTGGCGCATAAAGCCATCCAGCGGGCTAAAGGCGCCCATGCCCAGCATGATCAAATCGGAAGTTTCCCGCGAGCTGAGGCGCACCTGCGGCAGTGATTGGGCTTTTTCTTTTGCTTCTTTAAGAGCCTGTCCTTCAAGCATTAACGGCTTCAATTCACCTCCGTGTGGAGGAACTAATTTCGTACTCATCGACCTCTCCTGTTTTCATTCATTGATCTTTAAATAAGAATAATCAAGGGGCAAATATAAGAAAAAAATTGTTTTAATGTGTGATTAGTTTGGCAGAAAGGGAAAAAGATCATTAAAAAACTAAAAGCGGCCAGCCCGGCGGAGGTGAATTGGATCGCTTTTTATTTGCGCAACCGGGCTAACTCGCGAAACAGTTGTTTTTCTTTTTCACTCAGGTTTTGCGGAATTTGCACATTTAGCTTAATGTACAAATCGCCAAAACGTGTTTTACTGGCGTCTTTGGGCATGCCCAGACCTGGCAGACGAATGATCTTGCCGTTGTTGCTCTCGGCCGGGATGTTGACTTTTACTTTGCCTTTAAGAGTTTGAATTTGTGCGCTGCCGCCTAAAACCGCCGTGTAGAGATCGATCGGCAGCTCCATGTGCAAATCATCGCCCGAACGCGTAAAAACCGGATGCGGTTTCAATCGCACAGTGATCAGTAAGTCGCCGTTGGGCCCGCCGTTAATGCCCGGGTTTCCCTTGCCTTTTAGTTTTAAAATCTGGCCGTCTTTTGTGCCGGGTTTTATTTTCAGCTTAATCGTCTGGTCATTAATTTTGAACAGCCTGGTTGTGCCGTGATACGCTTCTTCCAGAGAAATTTCAAGCTCGGCATGCACATCCTGACCCGGCATTGCATAGGATTGGGCATAGTCCGACCCGAATGGAGAGCGCTTTCTGCCGCCAAAAAAGGCGCCGAAAATGTCATCCCCAAAGCCGCCTCCAAAGGCGTCGCCAAAGATGTCGCCAAAGGCAAATTCATAATGGCCATTATTATCCGAGCCAGCAAAGTTGTAGTGCTGCTGTTGCTGATACTGCTGGTACTTTTCGTACTGCTGGCGCGTCTTCTCATCCATTTGTTCAAATTGTTTCCAGTTTTCTCCATAGCGATCGTACAATTTTCGTTTCTCGGGGTCTGTTAAAACAGAATGGGCCTCATTGATCTGTTTAAACATCTCCTCCGCCTGCTTATCGCCAGGATTTTTATCCGGATGATATTTTGCCGCCAGCTTTCGATAGGCTTTTTTAATCTCTTCGGCGCTGGCCGTCTTGCTCACTCCTAATATTTCGTAGTAATCTTTTTTCATTTCCAATTCACCTCCTTACTTTTTTTCTCTCCTAGAGTTCTGCAAAATGCACATACATGTCATTTCGAATTCCGATTTATCGGGATGAGAAATCTTCTAACTTCAACAAAAACAAAAGATTTCTCGTCGCTCCGCTCCTCGAAATGACACTAAAATTTACATTTTGCAGAACTCTATTTTTCTCTCCTGCAAATATGCAAAAGGCCGACTGAGCTGCCGGCCTTTTGCTTAATGAGGAGGAGTATGTGCGTTTTTAATTATTTGGTTTTAACCTCAATCTTTTTGGCCTTCCGTTCCGATTCCGGTTTTTTCGGTAAGCGCACTTTTAGCACGCCGCGTTTGAATTCGGCTTCCACCTTATCCGGATCAATCTCTGCCGGTAGAGGAATATCGCGATGGAAACTGCCGTAAGAGCATTCACGACGATAGAAGTTACCTTCTTTTTCCTCTTTTTCTTCTCTCTTTTCGCCGCGCAAAGTCAACACGTCGTCAGAAATGTTGATTTCAATATCCTCGGCATCCATGCCCGGCAGCTCTGCCGTAACGATGATCTCTTTGTCCTTTTCCTTTACATCCACGCTGGGGACAAAAGAACCGCTCACATCGCCGAAAAAGCGATCCGAAGTAATTTCGTTAAAAAAGTTGTCAAAG
NZ_CP018099.1_gap91	4460240	4463592	3352	TCCTTTCTTGATTGTTTTCGTTTTCGCCTTTTAACAATACAAACCTCGTGCCACAACCGTTAATTTCTGTATTATCAACAAGTTCTAAGTTTTTTTAAAATATTAGAGCTAATTGAGCGCTTGACAATATGACAGCGATTTTGCAAAAATTAAAGAAAGGTGTGAAAATATGACAAGTCGGAGACGGGGGGGAATAATGTAAGAGTTTAAGAGTTTATGGGTTTAGAAGTTTAGGATACTTCCTTCAAAAAATGTAATGTCTTAGCGTGCGAAATTTTTTGTGCTGCTGTATTGGTTGAATAGTTAATTAGTTGAATGGTTGAATAGAAATTTATAAATGCGCAAATATTGAACATCATTGGAGAAAAATTTCCAACGAACAGTTCTTCCTACTCTCCCAGACTCTTTTTCTTGGAAAGGGGGTGAGGGAAAGAAAAACTTTATAAAAATACATTGTCTTTGACTTCTGGGACAGCCCCAGAGAGCAGGGGGGCAATTGAAACTATTTTTAACTTAAAACATTCTTTGTGCCTTTTGTGAATTTTCTGTGCGCTCTGTGGTTGTTTAAATTCCTGCGGGAATGTTTTTGTTTGCTGGTATGCTTTACTACAATTAAAAATTATCACACGAAGTGGGAGGCTGTGCCCGAATTACGGATTACGAATAGTAGAGTGCCGGTTTGCTTAGCTTGCGTCTTAAATGTTAAATAATTTTCAGCGATTATTGGCGTAATCTGCGAGAAAATTACTTTGCGCACGTTGCGGTTGATTTTGGTTGCGGCTACGCTGCCTTAGGGGTAATTTTTGAACCTTGATTAGTCGGATTGTTGGATTGCCTTGATTCAGTGCTGTGCGCCATAAAAAACTTACACACAATTGTAAAAAGAAATTTTCAAAGTAAAAACGTTAACTCTTGTTAATCCTGTAATCACGAAAATCATGGTTCAAAAGGGCGGTTTGAGATCAGCCGACTGTTTAGCTGTGGAGCTGCTAATCATGCCTGCCCGGGTAGAGTGGGCGCCGCTTTAAAAGCTTAATCGCCATTAAAAGAAAAAATCATCATCAAAGAATCGGCGCAACAGGTAACGACGCAGCCTTTCAAAATATCGTAGTTCTTCCTCCAGAATCGAATCAAAATTCCCGGCCCCTGTCTCCTTTCTGGGAATAAGTGGTTCTGGCCTGCCTCGCCATGTACTCTTCATACTCTTTTTACCGGATTTATCGTAACCTACCACGTTCACTTTTATTGTTTCCCCTAAGTTTTCATTGTAGGTTTTACGCTTTTGCGGATCGATTAACGTATGGTATGCTTCATTGATCTCCTTAATCTGTTCATCTTCTTCACAGCGCCCGGTCTTATCAGGGTGGTGTCTCTTTACCAGGTCGCGGTATGCCGATTTTATTTCCCGCGTTGTTGCCGTTCTTTTTACGCCCAGTATTTTGTAATAGTCCTTCATTTTTAATCCCGCGATTCTTCCCATTCCTTTTATTAATATAGATATGAGCCATTCCCCTTAAAGTTACATTAAATCGGCCCTTTCATACCTTAAGAAAACTTTTCTCTTAAAACACAAAATAAAAAATACCTAAAAAATTTTCCTGCCAAAAGACTGCCGCGCTTTTATTTAGCAAAATTTTTATTCTGCCTACAGAATACTGCATGCCTAATAGGTGTCCGGCATAGAGGTATTATTCGGAGTTGAAATTTTATTAACGTTAACTTATTTCCCTACCGCTTTACCCATTCCCAATTTGGTTGCCCTGTGGGCCTGCCCTGGTGGCGTGTTTTTTAGAATAATTCCTTCGTAGCATCTAGTCCCGCCCTTTCGGGATTCGAAAATTTTTGTGCCGCAGAAATGGTTGATTAGTTGATTAGTTGAATGGTTGAATGGCAACTGTCCACGTTCAGCGTTAATCTCTCCCAGACTATTATTCTGGAAGAAGGGGGGGGGCGGGGAGTGAGGGCTATTGTAAAATTTTTCCTATTTTTTTATAAACATTCATTTAATATCGCTTTTAGGACAGCCCCGGGAGCAATTGGATTTGCTTAACTTTTCTCTCAAAATAATTTGTTTAATCTTTTTCTGCGATTATTTTCGTAATCTGCGAGAAAATTACTTTGCGCACGTTACGGTTGATTTTGGTTGCGGCTAGGCTGCCTTAGTTGATTAAATCAAAGATTTTCTTTTAGTGAAATTAATTGTTCCCTGTACCTGCGCCATTTTTCTTCTAATTGGAAATTACGCCTGCCGCGCTTCTGGTAACCGGAAATTAAAACCTGCAGCTTTTTTAAAACCTCCTCCAGAGCGGCCTGCCGCAAATCTGGCGGCAGGTTGTTTTCTTTTAAATGTTTTTCGATAGCCAATACACGATAGTAGTCCATACCCCAATATTTTCTGGACAATTGATCTTCGTGTCCGCCATACTTTACGATGCCCGGCCTGGAATCGAGCCCAATCGGGAACAGGCGCGCCACACGCAACCACAAATCGTAATCTTCGCAAACAGGAAAATTCTCGTCAAACAAACCGACCTTTTTAAAAACGGATTGATGAATGACCACCGCCGACGGTGAAACAATGCACAGCGGAAGGGACTGCCTGAAGATCCAACCACCGTATTTTTGATGCTTCTTTTTGGGATTCACCCGCTTGCCATGCCGAATCCAGATTTCCTGTGATTGAAAAATCAAATATTGGGGATGGCTCTCATGGAATTCGCGGGCCATGGCCAGCTTTTCAGGCAGCCACTCATCATCGCTATCCAGCAGGGCAATCCACTCTCCCCGGGCCAGCCGAATACCGGTGTTGCGCGCAGCCGATACCCCTTTGTGCGGCTGATTAACGACGGTGATCCGCGTGCCAAACTTCTCCAGAATGCGGGGCGTTTCATCGGTTGAGCCATCGTTAATCACCAGAATTTCATGGGCGGCTTCCGTTTGCGCCAGCACCGATTCGATGGCGCGCTTCACCATTTGTGGTCGGTTGTAAACCGGAATGATTACGGATATTTTCATTTTTCAATTTGTAAAATGGATTTTAGTGTTTCGAATAAAATTAGACTCACGCTTTTAAAATTCTTTTTAAACTGCATATTGGCCGCGCTATCGGCCAGGTCGCTTACGCCTTTAAGCGCAAAGCACTCGATGTGCCGCTCATGGCAAAGCGCTGCCAGGTAAAAACTTTCCATATCCACCAGGTCGGTTTTAAACTGTTCCCGAAATTTGTTTTTTTCTCCACCGTCGGTCAGGGCTTTGGCAACCGTTAACAAACTGGCCCGCGCAAGGCGCCCAAAAGTCTCCGGTACGGGGAGCGCCAGTGTTTGTGAACTGCCGGCATGAATAATTTTTTCAA
NZ_CP018099.1_gap92	4487721	4489533	1812	GCGTAATTTTTGCGCGTCCGTACTTGATGCTGGGGAAGACGTCTTCCAGGGCTTCTTCGGCCAGGGCTGTATCGGCAATAACCATCGGTTTGCGATTGGAACTGCGCACCAGCTCAACCAGATCGTGTTTGGCAACCGCATTACGCGTCTCGCCGTCTAAGATGTCATCCAGACGGGCCTGAGCGCCGCGTTCGTCGCGTACACGCTGAAAGAACAACAGTGGATCTGAAATTTTCCAGCGAGCGTAAGTATCCACCCAGATAAAGCGTTTATCTTTGGTGGGCACCTGATTGGCATCGCCATCCCACTCTAAAAAGCGTTTTTCAAAAAAGGTGGCATCTTCGATCAGAGGAACTTTAAAATGGATACCTGGCGTTGTAATGGGCTCGCCAACCGGCTTCCCGAAACGCGTAATAATGACCTGTTCGGTTTCATTAACGATAAAGGCGGCTGAAAAGAGAACGATTAAGGCTGCCACGATTATGCCGCCCAAAATAAGATAACGTTTATTCATTTTTTAGTCCTCCTTTAACGTCCAATTGAAAAAGCGGCAAAATGCCTGTGGCTTCTTTATCGGTTATCAGTTTGCGTCCAACCTTGGAAAGGATTTCACTCATCGTTTCCAGATAGAGACGTTGTCTGGTTACTTCTTTAGCTTTACGATATTCGTTGTACAACTGATTGAAGCGCGCCGCATCGCCCTGCGCTTCGTTCACGCGTTCCAGAGCGTAACCATGCGCCTCTTCAATGATTCTCAACGCCTCGCCGCGGGCTTTGGGAATGACCTTGTTGTATTCTGAACGAGCTTGATTAATTAGTTTTTCTTTTTCCTGCAGCGCTTCGTTAACCTCGTTGAAAGACGGTTTTACTTCATCAGGCGGATTCACGTCCTGCAAAACGATTTGATCCACTTTAATGCCCGTGTAGTATTGCGAAGCGAGCTCCTGCACCATTCGTTCGGCCGTGGTCGCAATTTCCTGACGCCCCACGGTCAATATTTCCGTTACGGTGCGATCGCCGATAATTTCGCGCATCACGGCTTCATTGATATCGCGAAAGGTTGTTTCCGCATTGCGCACTTTAAACAGATACAGATAGGGATCGGCAATCCGGTATTGGACAATCCATTCCACTTCGGCGGCATTTAAATCGCCGGTGAGCATTAATGATTCTTCCTGAAAGCGTCTGCTTGAATACTCGCTTCTAACGCCGGCGCGCAAAGTACGGAACCCAAACTCTTGCTTTAACTGACGCTGAACGGGCACTTTGTAAACCGTTTCGATGCCGAACGGCAGCTTAAAGTTTAAGCCCGGATCAACGGTTCGTACGTATTTGCCAAAACGCACCACCACGCCCACTTCTTCTGCTCCAATGGTAAACCAACTGGAAAAGAAAAGGACAATGAACAGGATTCCAAGCACCAGCCATTTGATGATTTTTGGCGAGAACTGGGGTACCTTGAAATCCTCAAGGTTAAAATTTCCTGTATTGGCACTCATAAATGTACCTCCTTTTTAGTTTACTTTGTTTTTATAGTTACAGGGTATACAAACTAACCAATTTTTAATTCAATTCCTATTTTATTGATTTAAAGACCGGGAGAAATTGAAAGAGTCCGATTGGCTAAAAGAATTTTACAACCACACCTGCCAGCGTTTTCGGGGTTCAAAGAACTTTATTAACGTAAAGCCGGCGGCAAAACCTCCTATGTGCGCAAACCAGGCGACACCGCCCTGCAAACCGGGAATTAATGAGAGCCAACCGTTAAACAATTGAAAGATAAACCAGAGGGAGAGTACAAAAACCGCAGGA
NZ_CP018099.1_gap93	4496842	4499789	2947	CCTTCTTCAAAAATTTGACCGTCTTTGGCCTCTTTGTAGTACAGCAGGCTTTCGCTGTCCACCGGCTGATACAATTGACCGACATGGGAATAAATCCCCACCTGCCTGAAAAGCGCTTCCATTCCAAATGTGCGCGCTTCGTCGGGGACAATGGGCACAATCAATTTGCCGATTTTTTGATCGCGCAGCAATTTAGAGAGAATGCGCACAAAGACCATGGTGGTCGAAACTTCACGCTCTTTTGTGCCTTCGTAAAACTCGGAAAAGAGATCGTCCTTTGGCGTTACCAGTACGGCGCTGGTTGTGCGTCTGGTGGGAATAAATCCGCCCAGCGCCTGCCGCCGTTCCATCAAATAACGCATTTCGCTGCTATCTGGAGAGGGTTTGTAAAAAGGAAGCTCGTCGATTTGTTCGTCGCTAATGGGAATGCCAAAGCGCGAGCGGAATTGACGTAATTCTTCTTCGTTTAATTTTTTCTGCTGATGGGTAATATTTTTACCTTCGCCGGCCTCGCCCATGCCGTAACCTTTTACGGTACGTGCCAGGATTACGGTGGGCGCGCCCTTATGGTTGACCGCCGCGTGATAAGCCGCGTACACCTTTTCCGGATCGTGTCCGCCCAGGCGTAATTTAGCCAGTTGTTCATCGGACAGATGTTCTACCAGTTTTAAAAGCTGCGGGTATTTACCCCAGAAGTGTTTGCGCAAATAGGCGCCGCCGCGCACCACGTAATTCTGGTACTCGCCGTCAACCACTTCGCCCATTCGTTTTACCAGCAGCCCGTCTTTATCTTTGGCTAACAGGGCGTCCCAGTCGCTGCCCCAGATGATCTTAATGACGTTCCAGCCTGCGCCGCGAAATACGGTTTCCAGTTCTTGAATGATTTTTCCGTTTCCGCGCACGGGGCCGTCTAACCGTTGAAGATTGCAATTGATAACAAAGATCAGGTTGTCCAGTTTTTCTCTGGCCGCCAGTGAGATGGCGCCGAGAGCTTCCGGTTCGTCGGTTTCGCCGTCGCCCAAAAACGCCCACACCTTTTCGCCGCCCGGTTTTTTCAGGCCGCGGTCTTCCAGATAGCGATTAAAGCGGGCCTGATAAATGGCCATCAGTGGGCCAAGCCCCATGGAAACCGTGGCAAATTGCCAGAAATCAGGTTTTAACCATGGATGGGGATAGGAGGGCAGCCCTTTGGCCGTTTTGTGGTACTCATGGCGAAAATTTTTCAATTCTTCAATGGAAATCCGTCCTTCTAAAAAGGCGCGCGCGTAAATGCCCGGCGAGGCATGTCCTTGAAAATAGACAAAGTCGCCGCTAAAATCCTGGCCCGGCGCGCGGAAGAAATGGTTAAAGCCCACTTCGTAAAGCGTGGCAGCCGAAGCGTAAGTGGAGATGTGTCCGCCAATGCCGTTTTCGATTCGATTGGCTCTAACCACCATAGCCATGGCGTTCCAGCGGATGATGCTTTTGATCCGTCGTTCAATTTCGCGGCTACCGGGATAGGGCGGCTGCTCTTCTACAGGGATGGTGTTAATATACGGCGTATTGGCCGTAAAAGGCATTTTTATGCCGGAAGCGTAAATCTGCTGTTGCAACTCGCTCATTAACTTTTTAACGCGCTCCGGGCCGCCGCGCTCGATCACATATTGGAGAGATTCCCGCCACTCCTGTAATTCTAAATCTTCTTCTTTTAAATTTTTCTGACTCATTGTATTTCCTTTTATTGTTAATTTACCGTTGTCAATTGAAACATAATTAACGCATTTTTTTTAAAAATATTTCCGGTTTTTTTCAAGTATGTATCGGTTCTCAAGTCGGCAATCGAATCGGCGCTGTTCAAGGGAAATTACACGCTACGCTTAAATATAATCAAATTCGGAGTGAAAACAAAGAAGGTGCTTTGCCAGGCAAATTAAAACGCCCCGCCGACCCGTCATTCCCGCGAACGCGGGAATCCTCTCCATGCTTCGCTCCAACCGTCATTCCCACACAAGCAGGAATCCCTTCCGTGCCTGTTTCAACCCCACTCCGGATCGCTCCAAACGTCATTCCCGCGCAAGCGGGAATCCCCTCCATGCTTCGCTCCAACCGTCATTCCCACACAAGCAGGAATCCCCCCCATCTTTGTTCCAAACCTACTCTTGTTCGATTAAAATCGTAATTCGTAATTCTTAATTCGTAATTGAGTTAAAGTTTCAATCCCACTCTGATTCGATTAAAACCAACGTCGATAAACTGATTGAAGAAAGTAATAAGGCGTTTCAATCCCACTCTGATTCGATTAAAACTAAGCCAGATACCGGTGTACAGCCGAAGCTCAACGGGTTTCAATCCCACTCTGATTCGATTAAAACATGATACACAGGCTATACAAAAAGCTATTAATTATGGTTTCAATCCCACTCTGATTCGATTAAAACTCTGGTTAAACCGGTTAGCGATGCAATAAAGTTTTCACCGTTTCAATCCCACTCTGATTCGATTAAAACATTCCGATTCCTGACAGCTCCGCGGCCTATCTAAGAGTGTTTCAATCCCACTCTGATTCGATTAAAACTAAGAGGCAGGAAAAAAACAGTCAGATTGCATCCGTTTCAATCCCACTCTGATTCGATTAAAACGTTTTTTATTAAAACTAAAATAGGAGGGCAATAGCCGGTTTCAATCCCACTCTGATTCGATTAAAACTCGAGGTTAAATTTGTTTTCTTGCTTTAAAACTTGTTTCAATCCCACTCTGATTCGATTAAAACTCTATGGCCAAACGTATTTCGATAAGAATATATTGTTTCAATCCCACTCTGATTCGATTAAAACCTTTTCCCTTTATGTTTAGTTATGCTTATTTGCGCGTTTCAATCCCACTCTGATTCGATTAAAACTTTGGTGAAACCACTTCGTATACGGTTACACTGGGGTTTCAATCCCACTCTGATTCGATTAAAACTTGT
NZ_CP018099.1_gap94	4617059	4620299	3240	AAGGAAGTGAATCGGATCCAACATATATCTATGCTTTAAACGATCAAGGGACTGGTTGGCAATCAGATGCAACAAACTCTAATGATTCAGCCTTACCCCCTGGTTTATCGGATGGTTACACAGCAATAGCTTTAGACGAGATTGATAATGCTGTTTATAATGAATCTGTAACAAGTGGCACTAAATCAGAATTGCTTACAGCAATTAGTAATAAAGCAAATTGGAACGGGGATAATGATAATAGACAAACCATGCCAACAGGACCATTTACCGTTATTGAGTCTAACAACACAACCGTTCAGTTCGCTACTGCGTCCGGAACCGCCGACGAAGGCGCCGGCACCTATGACCTGGTGGTTACCATTGCCAATCCGGACGCCAATAACGCCACCACAGCCGATGTGGTGCTGGTTAGCGGCGACCCCGCAGATCTGGGCAACTACACCACGCAAACCGTTACTTTTCCTGCCGGCAGTTCCGCCGATCAAATCGTGACCATCACCATTACCGATGATTCTGAGGTGGAAGGCGACGAAGACTTTACCTTTCAATTACAGAATGTGAGCGGCGGCAACGGCGCCATGGCCGGGAGCCCCTCGCAACACGTTTTGACCATCACCGACAACGATTTTGCCGACGTACCCGACATTGTGATTAACGAAATCATGCAAAACCCCTCCGCCGTTGACGACAGTAAAGGCGAATGGTTTGAACTGTACAATAACGACACGGAAACCGTGGATATTAACGGCTGGATCATCAAAGATGACGGCGTCGATTATCACGTTATCGACAATGGCGGTCCGCTGACCATTGCCCCGGGCGAATACCTGGTACTGGGCAATAATGACACGACGACGGTAAATGGCGGCGTACCGGTGGATTATATGTATGATAACTTTCTTTTAAGCAACAGCGATGATGAAGTGGTGCTGGTGTACAGCGACGGCGTTACCGAAGTTGACCGCGTCAATTACGATGGCGGCCCCAACTTCCCCGATCCCAGCGGCGCTTCCATGGAATTAAAAAACCCTAACTATGACAACAACGATGGCGCTAATTGGGATACGGCAACTACTCCTTTTGGCGATGGCGACCTGGGAACGCCCGGCGCACGAAACTCCAATTTCGTCAGCGCGCTGGAAGATGCCCCGGCTTTAAATGTTGAGTCGTTCAAGATTATGCAGAACTATCCCAATCCGTTTAATCCGGAAACGAAGTTATTAGTACATCTTTCCAGCAATGTAAGGCAGCTTAAGATCGATATTTTTAACGCCGCCGGACAGCATGTAAAGTCGATTTATCAGGGGGCATTAAGCGCAGGACAACACACCTTTTCATGGAACGGCAGAGACAACAGCGGCAAGAATAGTCCTTCCGGCGTGTACTTTGCCACCATGAAAAGCGCTAACGCCCAACATTCTATTAAAATGATTCTCCTGCGTTAAGGGAAGCAACTTTAACAACAGGCGTCTTTTAAATCAAAAAGGCGGGGCATGAAATCTCCCCGCCTTTTTTGCATGATATTGATCGTTTAATAAATTTTGTTAACTATTTTGACCTTATTTCCGATAATCATAATAACAATTTGAACAATATTTAAAAATATTGACGCCGATCAATGATATGATGCGATTGGTTTGTATAATAATAAATAAAGGGGAAATTATATCCAGGAGGGATTTATGAAAAATATAATTTTAATAATGGTTTTAATGTTCGGCGTAAGCATTGCAGCAGGGCAAACGATCTACCTCAGCGATGATTTTGAAGACGGCGATATTTCTAACTGGAAGCAAATTCCCGATTCCAATTGGACTGCTTCTACCATCGCTCCCATCACAGGCAACTATTCTTTAAAGCACGCCCTGGCCGATACATTTGGCTCCAGTCATATCACCTATCCCATGGATAGTATTGATGTGCGTCATAAGAACATAACCTGGCGTTTTAACCTGAAAAACGGCTCGTTCGATCCAACCACCGCCGTAAAGTTTTGGGTGTATCTGATGGTGCACGATACCACGGCAGTAAACGGCTATGCGGTTGGCGTTAACCTTTCTGGTGAGAGCGACAGCCTTTCTTTGTGGAGATTGACCGCCAGTCAGCCAGATACGTTATTTTTGACCACCAGTTTCGACTGGCAGCCCAATTCGCTGGTAGGTATTGAAGTTACAAGAGATTCGCTGGGCGTATGGGAGCTGAAATACGACTCAAACGGCAATTTTGACAATTTGATTACGGCAGGCGCGGCTAAAGACGATGTTTATACGGCCATGAATTATTTTGGCATGTCGTTTTACTTTAAAACCGCTGAAGCCGGAGAAATATGGCTGGACGATGTATTGATTCAGGATGCATCGCGAGTAAACGTGGCCGTCAAATCGTTTCTACAGGGACCGTTTGCGGCAGACACCATGGCCACCGATCTTTTGGCGCAGGATTTCATCCCGCAAAATCAACCTTACCATTCTTCTCCCTGGAATTATAATGGCGATGAAATTGTTTTAAATATGCCTTCCAATGTGGTTGACTGGATTCAGGTTCAATTGCGCACAGCGACCGACTCTGCTTCCACAGTGGCCACGCGCAGCGCGTTCATTACCAAAAATGGCATGGTAACCGATCTGGACGGCTACAGCCCGGTAAGTTTCTCTGGAATTGCAGACGGCAATTATTATGTGGTGCTCCGTCATCGAAACCATCTGGCGGTTATGACGGCCAATCCTTTGCCCCTATCTGTACAGACCACGCTCTACGATATGACCACCGGCCAGGATAAAGCGTATGGTTCATTGCCGCTGGTGGAATTGACAACAGGCGTTTACGGAATCCCCACGGGCGATGCCAATGCCAACGGCCAGGTGCAAAATGATGACAAAAATGATTTCTGGAACTCTCAGACCGGTCTGGCCGGTTATAAATCGGCTGATTTCAATGTGAACGGACAGGTGCAGAATGACGACAAGAACGATTACTGGAAGCAAAACGTGGGAAAAGGAACTTATGTGCCGTTCTAACAATTAGAGTAAATAAATAATAAAAAGGAGATAAAAATGTTTAGAGGGAAGTTGATTATATTAATCGCCTTTATGGCCAATGTCCTGTGGGCAACGGGCATTACTTTTACCTTTGAAAATATCATGATCACCAGGGCGTCGGGCTTGATGTACTACGAGTTTGACGTGATGGCGCAAGCCGATCAGGCAGGCACCAGAATCGGGGATAATCAGGTTTACA
NZ_CP018099.1_gap95	4625334	4627597	2263	CCGCTGACCATGCATCCGGTTTTAGAAAAAAACTTTAATGCAGAGTGAAAATGGATCTTCCTTTGAATTTTAAAGCAATAAAGCAGGATCGAGAAAAACAGGTTATTATTTTAGCCTTTATCCTCTCTTTGCTTTTCCACTTTTTTCTGTTTTGGCTTTTGAATCAGGAGGGTTTGTTCAAAAGCGCGCCGCTGGTTCAGGAAAAAACGCCGCCTCAGGAGGTGGTGATAACCTTTCCTGAAAACAAACCGAAATCTAAAGAATGGAAAATCGTTGAAAACACAAACGAGGATGATCAAAAGCCGCAGGAAACGGACTTACTTTCAGACCGTAATTCACGGGCCAGGAATCCCGAAAGAACCAACCGTACCGGCTCCCTGCCCAGAAGCGCAGGCAACGTTAAAATTCCGGACTATTCAGCAGCTCCGACTTTTAAAAATTTCCAGGCCTTTCAAACCAAAACTTTCAACAAAAGAGCGTTAATTGGCGAGGGCGCCACACAGGAGGCCCTGGATGAAGAATCTACCAAACCAGAAGCGCCTGCCCGGCAGTCCCGTTTTCAGCCCGGCCACAACCAGATACTCGATCAAAAGGATTTTTCAGTCGAGGAATTGGGAGCCATCTCGTTAAGCACCTACAAATGGGAATGGGCGCCCTATGTAAACGCTTTTAAAAACAAGCTTTATCAGGTCTGGTTTGCGCCGGCGGCTTATTATCAATTGGGATTGATTCACGGTTACACCGTTATCCGCTTCACCATCGATCGAGATGGTCAGTTAATCGATTTTGCCGTATTAAAACAGGTGGGACATAAATCGCTGGAAGTGGCCAGCTCGGAGGCTATTAAGGCCGTTTTTCCGTTTATTCCTTTACCGGAAGATTTTCCGGAAGAAAAATTGACCATTACAGCAAAACTCATATATCCGGATTTAAGAAAAGGGAGATGATTGTATGTTAGAACTTTTTGAGCGTGGCGGAATTATGATGTATCCGTTGGCCCTGACATCTTTAATTGCAGTAGCTTTTATTATTGAACGGGCCATTTCGTTACGTAAAAAGAAAATATTGGTGCCGGAGATTTTATCGGTGGTTGAAAATTTCCGGTCGCTTAACGATATTGATCTGGCAAGAAATATTTGCGGAAAATATCAGGGGCCGCTTTCCAATATCGTATTGATGGCCCTGGAAAATTTTCATGTAAGTAAGGAAGAAATGCGTGAAATTCTGGAAGATCAGGGTCGGCAGGAAATCCGTGGTTTACAGCGCGGCCTGGTTGTTCTGGAAACCATCGCCTCCGCGGCGCCATTGATGGGCCTTCTGGGCACGGTGATCGGCATGGTCGAGGTATTCAATGTCATTCAGGATCAAGGCATCGGGCAAACGGCGGCGCTTTCCGGCGGTATTTCACAAGCCCTGCTAACCACGGTTACCGGCCTTTTTGTTGGAATCCCGGCCTTAATTGCTTATTATTACTTTTCACACAAGTCTGAGAATTTAATCCTGGACATCGAAAAGTACACCAACCAGCTGATGAATAAAATCGCCAGGATTAAACAGCAGGATAAAGCGCTCGAAACCTTAGAAAAAGATCAATAAGGACTGGTTGTCATGAAATTGCTAACAAAAGAAAAACGCCGGCTGGCCATTAATCTGACGCCGCTCATCGATGTCCTTTTTATTTTAATTATTTTCTTTGCGGTGTCGTCCACTTTTTTGGAGCAGCCAGGCATTGAATTGGACCTGCCCAAGGCCAAAAGTTCGGAAGGGCATACCACCCAACGCGTCATCATTTATGTGGATAAAGATAAAAATATTTTTCTGAACGATAACATCGTTTCCATTAACAATTTAATCGACGAAATGAAAAAATTGGCGGATATGCGCAAGGATAAAAGCATTGTGGTTAAGGCAGATGCCGCCGTTCCGCATGGTCTGGTCATTACCATCATGGATTTATTACGCCAGCAGGGAATTTACAAAATGGTCGTTTCCACCGTCAAACCTCAAAGTTCAAAGTAGCAGGGATTTTTCATGGCACGAAAAAAAGACATCAATTTTGCCCTACTGGGCCTTGGTAAGCTGGGGCTGGGCTTTTATAAATTGTGGGCTGCCAAAAAGGACGAAATTTTAAAAAAAACAGGCTTTAATTTAAACCTGAAAAAAATACTGGTTAAACATATAAACTTTGAACGACCGGATTTTGTCGATCAATCGTTAATTACTGACGATTTAAAAGAAATTGTGAACGATCCGGAGATAAAAA
NZ_CP018099.1_gap96	4666163	4668490	2327	CTTTTCACGCACGTCGGCCGTCGCTTTGTTCATGTCTGTATCCCAGGTGAACTCTAAAATCACATCGGATTGTTCGGCTTTGGAAACGGAGCTAATGGTCACCAGATTATCCACCACGCCCAGGGCCTGTTCAATAGGTCGCGAAATGGCGTTTTCCACCTCTTCCGGCGCGGTTCCCGGATATTCCGTCCGTACCGTTAACGAAGGATAGGTCATTTCCGGCATCAAGTTGAGCGGCAGCTGCTGGTACGAAATCATGCCAAAAACGAAGATGCCAATAACCACCATCAAAATGGCCACGGGACGTTCTGTGGTAATGCGAAAAATCGTATTTCTAAAAGAATCCTGTGTGTTTTTCATATTGTTTTTCCTGATTCAATTTGCGCTCAGAGATCAATGTTTGCTGACAAGAACATTTTCACGAACATTGACGATGCGAACTGGAGTTTGGTCTTTCATGCCTGCCTGCCCGACCACAATGATCATCTCGCCTTCTTCAATGTCTTTTAAAACTTCTACCTTTTCATTATCCTCATAACCAGGTTGAATTTTTACGCGGTGAGCAATGGAATCGCGCACTACATAGGCGTACATATTTTCATTCTCGTAAACGATGGCCGTTTTGGGCACCAGCACCACGTCTTTGTGCGTATCCAGAATAATGTGCACGTTGACAAACATTCCGGGACGCAAAATAGACGAACGATTGCGTACGCCAACCGTCACCTTAAATGTTCCGCTGGAAGGATCCACCACCGGACTCAGGCGCTTTACCCACCCTTCGAACCTTTGTCCGGCAAAATGATCGGAAGTAATATAAGCTCTTTGCCCGATCTTCACCTCACGCATGTTTTTTTCGGGCACGTAAACCACCGCAATAACCTGCGAATTATCGACCACGGAAAATAATTTATCGGTGGGCTGGATTCTTTCGCCGATCTTGGTAAGACGCTGACCAACCCGCCCGGTAATCGGAGAACGCACTTTGGTGAAATCCAGTTGAAGCTTGGCCTGCTTCCAGGCGATCTCGGTAGCTTCCAGAGCGTAACGCGCTTTTTCAAACTCTTCCTGACTCAAAAGATTTTTTTCGAACATGGCCTTTAAACGGTCAAAATTGCGTTTTTGCTGTTCATATTCCACACGCGCTTTTTGTTCAGATAGTTCATATTCGCGCGCTTCCAGCTCCAGCATCACCTCGCCTTTTTCCACATATTGGCCTTCTTCTTTGTAGATTTTTTCTACGATGCCCTGAATCCGGCTGTAAACGTCGGCCATCACTTCGGTTTCCAGGTTGGAGCTGATGAGCAGGTACTTGGCAATATCGCCGCGCAAAACGGGCATAACTTCCACCGGCACGCGCTCCACATTTTTTGCAGGGTCGTTCATGTTCACACCGGCTCTGGCGCTGGAATCATTACGCTGATTTTGAGCATTTATCCGGTCTTTATTGCCCTGTCTCCCGCAAGCCGCCAGTATCAACAGACTTAAGCCCAATAACAGAATCAAAGTAATAGAGCGTTTCATATTTTCCCCTGTGTTTTAATTTCAGATAGCGTTTATTTGATTTAAAATTTTATTTTCCATACGATAAAATCCTGGCCCATGTTTCAATTTTAAAAAAATAATCAAGAATTACAATTAAAAAGTGAAATAGCTAACAGAAACGCACCTAATTTAATAAACACGGGTATTTAAGAAGGCGCTGCCTGTTTTGGAAACAATGTACGCGTTTAACGAAAAGTGTCAAAACAAAGTTGGATAATTGAAGACAAAACGGCTGGAGGAAAATCCTTTATTAGAAAGATTGGAAAATTTTTGCTAAATTGCTTAAAATCGATACTCAATTAAACTTAAAAGTTATGGAAATGCGACATTCAATTCCTAATCAACTGACAATATTCCGGATTCTACTGACGCCCGTTTTTGTTTTCTTTTTTCTCAAAGGCGGGACTTCCAATATTCGCATTGCCAGCATTATTTATTTGATAGCCTCCATAACCGATTGGTACGACGGTTACATTGCCCGTCGATTACATATGATCACGCGGCTCGGCCAGTTTATGGATCCGCTGGCCGATAAAATTCTGGTCTCTGCCGCGCTGGCCGTTTTCGCCCACGAAAACTATCTGGAATGGTGGGCAGTGATTTTGATCATAACCCGCGATTTTTTAATCACTGGCCTGCGCCTTTTTGCCCTTTACATCGGTAAGCCGATTATCACCTCCGTTATTGCCAAGTGGAAAACCTTTTTGCAAATGTTTTTTATCTTTGCTCTGTTGATTTACCTGAATATTCCCGGCGTACCGGAAATCCGGCTGGACAGGGTG
NZ_CP018099.1_gap97	4683392	4686070	2678	CCGAAGATACGCGTACTTCTTCGGTATTGTTAAAGCACTATCAGATAACCACGCCCATGCGCAGCTACCACAGCTACAATCTGAAAAGAGAAACGCCCCGCTTAATCGCCTTGCTTCAAGAAGGGCAATCTGTTGCTCTGATTTCCGACGCAGGGACGCCTGGCATTTCCGATCCCGGTTTTCACCTGGCGCGCGCCTGCATCGATGCCGGCATTCGCATCGTGCCCATACCCGGCCCTTCTGCTTTTGTGACGGCTTTGGTTGCCTCGGGCCTGCCCAGCCACCGCTTTGTTTTTGAAGGATTTTTACCGCAAAAAAAGGGAAGAAAAACGCGGATTGAACAATTAGGCCAGGAAGAGCGTACGATTGTACTTTACGAATCTCCGCATCGCGTGCAAAAAACCGTCGCGCAGCTTCTAAAAGCGCTGGGCGATAGGCAGGTAGTCATGGCACGCGAATTAACAAAAAAATTTGAAGATTTCTTTCGCGGCACACTAAGCGAATTGGCAGCCCATCTGCAAACCAAAGCCGTTAAAGGAGAAATCGTTTTAATTGTTGAAGGACTTAGTAAAAGGAAAAAGAAAGATGAAGTCAAATAGGGGACTGATACCTGTCTGGCTGGAGAACGGGTTCAGGGCATTACTCGACCCGATGATTAATGTTTTTGTGCGCATGAACATTAATCCCAACTTTTTTACCATCCTGGGCTTGATAATCACCAGTTTGGGCACGGTGGTTTTATTCATTAATCCCTTGTGGATTCACTGGACCGGTTTGCTGATTTTGCTGGGCGGTATGTGCGACATGATCGACGGCAAGCTGGCGCGCACCTCGGGGAAAAGCACAAAGTTCGGCGCTTTATTCGATTCTTCGTTAGATCGCTATTCAGAGGTCATCATGTTTTTCGGCATTGCCGCTTACTACGTCCGTCACGATTCTTACCTGCTTTCCGTAATGACTTTTGCGGCGCTTGGCGGTTCGACCATGGTGAGCTATGTGCGTGCGCGCGCCGAAAGCCTTGGCTTTGAGGCCAAAGTAGGCTGGATGCAACGCGCCGAACGCGTTCTGCTTATCGGGGCGGCGGCTTTATTCAACACCAGCCTGTTTCAGATTCCTTCATTAACCCGACAAATCCATGCCGTAACCTTATTGGATGTGGCCATCTGGATTGTGGCCATCTTCGCCAATATCACAGCCATTCAACGGCTTTATTTTGTTTACAAATTAGATAAATCGAATACACGATAGGAGGTTCTACAATGATTGAACAGATGAAGAATATTAAAATAAGCGATGTCAAAGGAAAAGTCGGCGTATTACTGCCAGGCATGGGCGCCGTTGCCACGACGTTTATTGCAGGAATTATCGCCATTCGTAAAAATCTGGCCAAACCTTTTGGTTCTCTTACTCAGATGCAGCACATTCGGCTGGGGCGCAGAGACGAACACCGCAATCCCTTAATTAAAGATCTGATTCCTCTGACCGAGCTAAACGATCTCTATTTTGGCGGCTGGGATCTTTTTGAAGACGATGCATACCAGGCAGCCATGAAAGCCGGCGTGCTGGAAAAAGAACTTCTGAATCAGATTAAAGACGAACTGCAGGCCATCAAACCGATGAAAGCCGTGTTTGATAAAAAATACGTTAAAAAACTGGACGGCACCTACGTAAAAAAAGCCAATAACTGGTACGAATATTATGAAATGGTGCGCGAAGATATCCGCAACTTTAAAAAACAACACAACCTCGATCGCCTGGTAATGATCTGGACCGGCAGCACCGAAATTTATATGAAGCTCAGCGAGGTTCATCAATCCAAAGCCGCCTTCGAAAAAGCAATGAAAGAAAATCATCCCGATATCGCTCCCAGCATGATTTACGCCTGGGCAGCCATCGCCGAAGGCGTTCCGTACGCCAATGGCGCGCCAAACCTGACGGCCGACATTCCGGCCATGTACGAATTTGCCGAAGAGATGCAGGTGCCGCTGGCAGGCAAGGATTTTAAAACCGGCCAGACGCTGATGAAAACCATTTTAGCCCCCGGACTCAAAGCGCGTATGCTGGGCGTGGAGGGCTGGTTTTCTACCAATATTTTAGGCAACCGCGACGGCGAAGTGCTGGACGATCCGGAATCTTTCAAAACCAAAGAAGAAAGCAAACTCTCCGTACTGGACCAGATCTTTCAACCTGAATTGTATCCTGATCTTTACAAAGACCTGTACCACAAAGTGCGTATCAACTACTATCCTCCGCGCAAGGACAACAAAGAAGGCTGGGACAACATCGACATCTACGGATGGCTTGGCTATCCCATGCAAATTAAAATTGACTTTTTGTGTCGGGACAGCATTCTGGCCGCGCCCATTGTGCTTGATCTGGTTCTCTTTCTGGATCTGGCAAAACGCGCCAATTTTCACGGCATTCAGGAGTGGCTCTCTTTTTATTTTAAAAGTCCCATTCACGCGCCCAATCTTTATCCGGAACACGACCTTTTTATTCAATTAATGAAGCTGAAAAACACCCTGCGCGTAATGGCCGGCGAAAAGGAGATCACGCATCTCGGCCTGGAATATTACATGAAATAAACATAAACCGATAAAAACCATCCCTCCGGAAATAACATGCCCGGAGGGATTTCTCTTTTTTAAAAAATTTGGTTTGCTCGTGCCCATGCCGTT
NZ_CP018099.1_gap98	4694579	4699005	4426	TATATTCATTCTATGTTTGTTAAGGTAAGTCGATCCAAAAGAAATAACAAAGTCCATGAGACTTTACAAATCGCTGAGTCCTACAGAGACTCAAATGGAAAAGTACGCCATCGAATCTTGCTGCATTTAGGCCCTACCGACAAATTCATCAAAAAAGACGTAGACACGCTTATCAACGGACTTTTAAGGGCTAAGGGGTTAACTTTACAGGACTTAGATAGCAATATTGATAATGTCAAGGCCTTCGGTCAAATCTGGGCGCTTGTCCATTTATGGAAAGAGCTTAAAATGAGCCAGATTATTGCCAGGCAAAAGGAAAAAAGCGGAATAAAGTTTGATCTTGAAGCTCATTTAAAAAGTCTGATATTTAACCGCCTGGATGATCCTTCTTCCAAACTAAAACTACTCACCTGGTTAGAAACCGTTTATATTCCGGGTATCAACAAAGACGACATTCGTTATGAGTATCTTTTAAGAGCGATGGATTTTCTAATAGCTCATAAGGAAAAGATTGAAACCCAACTTGCTAATCGTTTACTAGATCTGTTTAATCAGGATCTAAAGGTTTGTTTTTATGATTTAACATCAAGCTACTTTGAAGCCGAAAACTCATTGGTAGAAGGCGATATTCGTCAGTTTGGTTATAGTCGTGACCACCGCGGAGATAGAGAACAGATCGTAATTGGCGTGGTGATGACCGGAGATGGTATTCCTATAGCCCATTACGTCTTCCCTGGCAATAAGGCTGATCGCTCTACCTTGCAAGAGATGCTCAATGATATTCGCAGGCGATTTAAGGTAAAAGATATCCAGCTGGTGGCAGACAAAGGTTTATTAAGCAATGACAATCTCTGGCATTTAATCCAACAAGGTTATGAGTTTATTCTTGGAGAGAGTGTTCGTCAGAGCAAGGATGTCAAATCGGTTATAAAAGAAGCCAATGCGCATAAAGAGGCGACTGGTGAGACGATCTATGAGCGCCTAACGGAGCGTGAAATCAAGTCAAAAGATGGTAAAAAGGAAAAGATAAAACTTCGTTATGTGGCCAGTTACAATGCCGCCACGGCATTAAAGCGCTATAAAAATCGCATCAATCGTATTAATGAATTTTTAGAGCTGTCAGAAGAGATTAAGAAAAAGGAAATAAACACAGAAGATAAATATCATCAAATAAAGAGTGTATTATCAAGAAAACGTTTAAGTCGTTTCTTTAATGTTGAATTAACAGAAGATACGATAGAGATTCATAAGCAAGATGAGGTATTATCAGAAGAAGAAAAGAGCGACGGTTGGTTTATAGTGATAAGCAATGCTCATGACCTGAGTAAATCAGAACTCATAGCGCGCTATAAAGATTTAAAATATGTGGAGCATGGTTTTTACGAATTAAAGCATAGTTTGAATTTACGTCCCAATTTTCATTGGACAGAGAAGCGTATCAGGGCTCATGTGATGGTGTGTTTTCTTGCATTCCAGATGGCGGTATTGTTTGAGAAGCGTTTGAGTGGCATAAAATTAAGTTGGCAGCGTGCTATGGAGAGCCTGCGTCGAGTCGTGGTTGTAGAATGGGAAAATGAAGGGAGACGTCGTAAAGGATTATCCAGAGTGCATGGCGAACAATTGGAAATATTTCAGGAGATAGGCAGCAGCAAGCCAACGCTTTTATCTTTGTAGTGACAACTTAACGAAAATGAAATTAAACTAACTTAATAATAATAAAGGAATTATGTTCCATACAACTGTCAAACTCAAGATATATTAAATCCACTTAATGCTCTTTTGATTTTATTTAGCTCTCTCTTGTTAAGTGCACCATATAATAATTCCATTAAAGTAATCGCGCTTATTACAATATTTTCACTCTGGAAGTTCTCGAAAACTTTCCTGGTATTTTCATTACCTTTTAAGTATTCTATTATTACATCGGTGTCGCATAAAATGATTACATTCTCCATGCCTTATCTCTTAACTTTTCTTTAGTAATATCTCTATTTTTCCAGATTCCAAAAATTTCTTCAAAATTCTGGGCTCTTTTTGATTTCTGAGCTTCCCTTATTTTTACAAAAGGCAAGTGTTTTAAAAAGCTTAATAAGGCTCTTCCTTCCTTATTATTCTCTATTTCTATGATGATTTGCATAATATACTCCTAATTAAAAACTTCATTTCTACTATTATACTTTTTTCTATTTTTTTTATTAAATCGTAAAAATTTCTTGAAATAATTTCAAATTCCTCATCTCATTTTTTTTTAATATAATTTTTCTCCTATTAAAAACCAAGTCTTTCCGTGCAGGGCGTAATCGCACCAATCCTTGATATTTTATAATATGGTAAAGGGAGACTCGTTCCCCCCTTAACCCTTTTACTCTTAACTTTATCGCTTATGATGTGGCGCCAGCCTGGGCTTCTAATTCGGTTTTACCTGTCGTTTTTCTCAGAACAATTTTCGGGAAAAGCGGCACTACATCTTTTAAAGCCATGCCTTATCCTTCTTAATAGTTAGTTAAACCTAGAGTTCTGCAAAATGTAAATTTTAGTGTCATTTCGAGGAGCGGAGCGACGAGAAATCTTTTGTTTTTGTTGAAGTTAGAAGATTTCTCATCCCGATAAATCGGGATTCGAAATGACATGTATGTGCATTTTGCAGAACTCTATTAGTTAAACCATTTTTATAGTAAGGAAGATAAATTTTTCCGGCAGTGAAATTGCCTACCTTACAGTTTAATGCTAATGTTTTATGCACAAAAACCTCAAAATATGTAAATTTTCTTAATAAGGATGGATTAAACAAAAACTCAATACATTAGAAATACAATTTTGTTCAAAAAAAATTAAATTTAGGATACTTCCTCTGGAAGATCTATCCCGCCCGGGAGGCTGTTGCATGGGGGGGAGGAATTAATGCTTATATTCTCCGATATTGATAATTTTTTCTCATTCTTAAGCGTTGGGCAAAATATAGAATTAAAAACGCCAAAATATTCTTTGAAAATAAAATTAATAGATCATCTTTTTCTTGTGATGCTGTTATAAACGCTGCTAAACGTTTCCCTAACATATTTTTAAATAGAACATTAATATTATGCCCAATACACATTAACGTAAATTCACTACGAACATTATTAAGACCAGATAAGGAAAATCCACGATAGCCTAAATTATGCTTCAAGTTACCAAAAACAGGTTCAACTGTCACCGAACGCTTTTTTAGTCGTTCCTGCGCCGCTGAAGTTTGTAACTTTTTCGCCATACGTTCGCAATAACTCTCATTAACTGAACGATGGATTTGCTTAACTTTCTTTTTACTGGAAATACATAAATTAATTAAGGGACAGTCCTGACAATCATTGGAACGATATACGATCCGTTCGCTATTTCTCTCAACTGGAAAAAGCTTCTTACCCGTCGGACATTCATAGTAATCTCCCTGTTCATGATACACAAAATCACTTCGTTTTAGTTTTCTTTCTTCTTTTTGCAATTCTTCCTTGGAGGTTGGTGTCTCCTTTATCGAACGATTGGATAACTGGGGATCGGCTATTACGGCATCAATCTGCTTTTCTTCCAATTCTTTTAGGTCTGTGCTATTGTGATAACCGGAATCGGCCGTGTAAGATCGCTTATCATCTGAACCAAGATTCTTCTCTACTTGTTCTTGAATCGGTATGAATTGACCCTGGTCGTTGGGCTGGCTTACGACTTCATGAGCTACTATTAAATGACTGGACATATCTACGCCTAATTGTGCGTTATAGCCCGGTCCATCCACCGAAGGCATCATGCGGGCATCCGGCTCTTTTACATTTATTTGATGTCTTGAACGGTGTTCTGATTTGAGCTGTTTCTTACGCTCTTTCAATTGGGCTTTACGTTCTAATATCTCTTTCTCTAAGCGCTCAAGCCGTTCTTTCTCCGCTCGAAGAGTTTCTAAATCTAATTCATCCGTGGCCCCCTGTTCTACAAAATTACAGCGCTGCATGTATTGCTTGATCTCTGCTCTTAACTTCTCTATACGTTTGTCTAATTGATCCTCAGTGTAGCCATGACGCTTACTGCTGTGCGCTTTGATTTTCGTGCCATCTATGGCTATCTGGTTGAAACTACTTATGCCTTCGGCCTGGGCAATTAAAAGTATCTCTACAAAATATTGGTCTAATAAATCCAAATGTGCCTTGCGAAAACGACTTAATGTACTATGATCCGGATGCTGATTCCCAGTGATATAAATGTAGCGCGTATCATATTTACACAATTCCTCCAGCTTACGGGTGCTGGTAATGCCGTTACTATAAGCATAAAACCATAAGGCAAGCATCATGTCTGGGGCATAAGAATCACCGCCTTGTGAACTATAACGGGAATAAAGTGCACTTAAATCAAGGCGCGAAACCAACTCCACTACAAATCGACTCTTTGGATCGTCTCT
NZ_CP018099.1_gap99	4841117	4845504	4387	CGATCAGGTAAGCGTTCCGGCTCCAGCCACTACAACTTCCGATTTTGAAATCGATGTGACCAATCTGGTACGGATAATGAACGACGGACAAAGCAACCACGGCTTTTTGTGGATATTAAATCCTGAGCAAAAGTGGCGCAGCGTGTTTGCCGCCTCGTCCGATTACTCCTATCCGGCCAAACGCCCGAAGTTGGGGTTAAGTATCGGAGCGCAGCGGAGATCCCGCTCCGGAGGCTGTTGCATGGGGGGGAGGAATTAATGCTTATATTCTCCGATATTGATAATTTTTTCTCATTCTTAAGCGTTGGGCAAAATATAGAATTAAAAACGCCAAAATATTCTTTGAAAATAAAATTAATAGATCATCTTTTTCTTGTGATGCTGTTATAAACGCTGCTAAACGTTTCCCTAACATATTTTTAAATAGAACATTAATATTATGCCCAATACACATTAACGTAAATTCACTACGAACATTATTAAGACCAGATAAGGAAAATCCACGATAGCCTAAATTATGCTTCAAGTTACCAAAAACAGGTTCAACTGTCACCGAACGCTTCTTTAGTCGTTCCTGCGCCGCTGAAGTTTGTAACTTTTTCGCCATACGTTCGCAATAACTCTCATTAACTGAACGATGGATTTGCTTAACTTTCTTTTTACTGGAAATACATAAATTAATTAAGGGACAGTCCTGACAATCATTGGAACGATATACGATCCGTTCGCTATTCCTCTCAACTGGAAAAAGCTTCTTACCCGTCGGACATTCATAGTAATCTCCCTGTTCATGATACACAAAATCACTTCGTTTTAGTTTTCTTTCTTCTTTTTGCAATTCTTCCTTGGAGGTTGGTGTCTCCTTTATCGAACGATTGGATAACTGGGGATCGGCTATTACGGCATCAATCTGCTTTTCTTCCAATTCTTTTAGGTCTGTGCTATTGTGATAACCGGAATCGGCCGTGTAAGATCGCTTATCATCTGAACCAAGATTCTTCTCTACTTGTTCTTGAATCGGTATGAATTGACCCTGGTCGTTGGGCTGGCTTACGACTTCATGAGCTACTATTAAATGACTGGACATATCTACGCCTAATTGTGCGTTATAGCCCGGTCCATCCACCGAAGGCATCATGCGGGCATCCGGCTCTTTTACATTTATTTGATGTCTTGAACGGTGTTCTGATTTGAGCTGTTTCTTACGCTCTTTCAATTGGGCTTTACGTTCTAATATCTCTTTCTCTAAGCGCTCAAGCCGTTCTTTCTCCGCTCGAAGAGTTTCTAAATCTAATTCATCCGTGGCCCCCTGTTCTACAAAATTACAGCGCTGCATGTATTGCTTGATCTCTGCTCTTAACTTCTCTATACGTTTGTCTAATTGATCCTCAGTGTAGCCATGACGCTTACTGCTGTGCGCTTTGATTTTCGTGCCATCTATGGCTATCTGGTTGAAACTACTTATGCCTTCGGCCTGGGCAATTAAAAGTATCTCTACAAAATATTGGTCTAATAAATCCAAATGTGCCTTGCGAAAACGACTTAATGTACTATGATCCGGATGCTGATTCCCAGTGATATAAATGTAGCGCGTATCATATTTACACAATTCCTCCAGCTTACGGGTGCTGGTAATGCCGTTACTATAAGCATAAAACCATAAGGCAAGCATCATGTCTGGGGCATAAGAATCACCGCCTTGTGAACTATAACGGGAATAAAGTGCACTTAAATCAAGGCGCGAAACCAACTCCACTACAAATCGACTCTTTGGATCGTCTCTGGCAAAATCTTCCACACTATAGCCAAAGAGATTCATTTGTGAGCGATTATAAGTAATAAAACTCATGGAATTCCTTTGTTATTACTTGTTTTATCTGTCGCCCAGAATTTACAAATTTTTTGAATTTTACTCAAACTGAATTTGCAACAGCCTCTCCGGCGGGACAGCCGATGAAGAAGTATTTCTATTTAAAGGATCACCTCGGCAACATTCGTGTAACCGTTGATGAAAACGGAGATGTTGAGGGTTATAATGACTATTATCCATTCGGACTGCAAATGCCCGGTCGTTCCATGAACAACGCTCTGGCCACGGATATGTACAAATACAGCAGTAAGGAATTAGATGAGGAAGGGCTTACGGGCTATACACCATTTAGTGTGCGGGTGATTTCCAAAGGTTATTTAGACGGAAATGCTGCTGCAATTTATGTGAACGATTCGTATATTAGCGGCAGTGGTTTATATGCCAGAGGTTATACGATTGTTGTGGTCGATGAAAACGGTACCGTTGTGGATAAAGCCCATTTTGACACCTATAGCTCCACAGCCGAAGCAGATGCCATGGCAGATTTCATTAATAACGTAGCGACTGGTCACTATGTTATTGGCGTAATAAAAGATGACGGTAGTCAGAGTATGACAGAAAATGCCTATAATGCCTTAGCCAGCGTCGGCTGCCAGCACAGTCGGGAAGTGGGCTTTCGTTATTCGTATGCTTTTATAGGCAAAAAAGGCGAAAGTAGTTGCGGTTATGAAGCTTATGCTCCTGCGGGTCAGGGGTTTGTGGATAAAAGGATTGGAGAGTTGCAACCACTGGCCTTGTATTACTTTGGTGCCCGCTACTACGACCCGGCCATTGGGCGGTGGCTGAGTGTGGATCCGTTGGAAGAAAAATATCCTGGCATATCACCTTATGTATTTACTCTTAATAATCCAATAAAGTATTATGATCCGGATGGGAAGCAGGTTCGTACAGAGACTTTGCCTTATTATGAAAAATATAAAAATAATTTAAATCAACCAATGCCAATTCAATTAAGGAATTTTTACAAAAAATTTTACACATTAACTTTTGATATAGGGGCAATGATTGCATTCCCTTCGAGTAGAGTATTAAGTAGTGAATTCTCTTTTGCAGGAGCAATGTTTAATTTTTTTACTAGTAACAATTCTACTGATAATATAATATCTTTTTCTACTTTCATTATAGGTCTACCTATTAAAAAATCAATACCAGCATATTCTATTTTCGCCTTTCAATTGGCATATGACCTCAAAATAATTGATTTAAATTTCAAGGTTTCGAATAATAAAAATAATTTTAGTGATGGAACAGTTAAACAGGATAATACAAAGGTAGTAATAGATTGGAATTCTTATATTAAAAATAAGTTGGGAATATATTATTCATCACCTTATGAATTATGGCAAGAAGTACAAGAAAAAGAAAAAAAGGAACAAAATGAGAAAAAAGAAAAAAATAATGATTAAGATGTTTTGGAGAGATTTAAAATGAATTATGAATTATTTATATCAATTGTATTAATAATTGTTGGAGTATTATATACTTTTTTCAATGAAAAAATAACAAAACTTGAAGATAAACCACAAGAAAGAAAAAAATGGGAACTTAGTGTAGAAGAACAAAGGGCAAGGATGAAAATTGTTGGAATTGGTTGTTTAGTTATTGGTTCAATATATTTAATAATTCAATTATTGAAATAACGTTTTAAATTTGAATTTTTAGTTTATTAAATAGGCTTTAAAATTTTTTATTTTTCCAAAAATATATTAAGCTAAAAATTGTAGGTTTTTGGTGTTATTAAAGAATGAACAGTAATACTGTATTTTTTTATTGCTACTTCCAATTAAACCGATCCGAAAATTGAGCTGGAGTTTAGTGTGAATCTTAAAATATAAAATTCTGTTGAAGTGCCTCTTAATGTTTTAAATCTAAAAAATGTATATTATTTTAAGTAAGAAGGAGTAAAAAAGGAACAAAAGGATTAATTTTTTGGAGATTTAAAATGAATTATAAATTATTTATGTCAATAGTATTAATAATTGTTGGGATTTTATTTACTTTTTTCAATGAAAAAATGTTAGATATTATAGGTCGATCAGAGAATGGAAATAAATGGGAAATTAGTAATTACGAACGAAAAACTAGTATGAAAATCGGTGGAATAGGTAGTTTGTTTGTTGGATCATTATATTTATTCTTACAATTAATAAAAACTATTTTTAAAATTTAGTTTTATTAAAGAAAAGTTAAAAATTGAAAATTTTGCTTAATATTAAAGAGAAAAAAATACTACCGCAACGTGTTTGCCGCTTCGTCCGATTACTCCGATCCGGCCAAACGCCCGAAGCTAGTGGTAACGTATCAGCCAATGAAGAAGTACTTTTATCTAAAGGATCATTTGGGAAACATCAGAGTGACCGTTGACGAAAACGGGGATGTGAAGGGGTATAACGACTATTATCCATTCGGACTTACAATGCCCGGGCGTTCCATGAACACGGCTTTGAATTATGCGTTTTATAAGTTTAGTAGCAAAGAGCTTGATGAGGAAAACGATATTAACTGGTATTATTTCGG
NZ_CP018099.1_gap100	4851148	4851959	811	CAAGGATGCCAAATCGGTTATAAAAGAAGCCAATGCGCATAAAGAGGCGACTGGTGAGACGATCTATGAGCGCCTAACGGAGCGTGAAATCAAGTCAAAAGATGGTAAAAAGGAAAAGATAAAACTTCGTTATGTGGCCAGTTACAATGCCGCTACGGCATTAAAGCGCTATAAAAATCGCATCAATCGTATTAATGAATTTTTAGAGCTGTCAGAAGAGATTAAGAAAAAGGGAATAAACACAGAAGATAAATATCATCAAATAAAGAGTGTATTATCAAGAAAACGTTTAAGTCGTTTCTTTAATGTTGAATTAACAGAAGATACGATAGAGATTCATAAGCAAGATGAGGTATTATCAGAAGAAGAAAAGAGCGACGGTTGGTTTATAGTGATAAGCAATGCTCATGACCTGAGTAAATCAGAACTCATAGCGCGCTATAAAGATTTAAAATATGTGGAGCATGGTTTTTACGAATTAAAGCATAGTTTGAATTTACGTCCCAATTTTCATTGGACAGAGAAGCGTATCAGGGCTCATGTGATGGTATGTTTTCTTGCATTCCAGATGGCAGTATTGTTTGAGAAGCGTTTGAGTGGCATAAAATTAAGTTGGCAGCGTGCTATGGAGAGCCTGCGTCGAGTCGTGGTTGTAGAATGGGAAAATGAAGGGAGACGTCGTAAAGGATTATCCAGAGTGCATGGCGAACAATTGGAAATATTTCAGGAGATAGGCAGCAGCAAGCCAACGCTTTTATCTTTGTAGTGACAACTTAACGAAAATGAAATTAAACTAACTTAATAATAATAA
NZ_CP018099.1_gap101	4978041	4978541	500	TTTACTGTTGTCTAAAACCTCTTTTATCTCATTCGTCTGGCGAATGGATACGATATTATGCCGACGGGATAAATTCATCACTTACGGTTAATCTTTTTCTACCTTTTTTTCTTCTTCTGGATAAAACAGCGCGTCCTGCCTGAGATTTCATTCTGGCCCGAAATCCGTGTTTGTTAACTCTTTTACGATTATGCGGTTGATAAGTTCTTTTCATTTATTTTATCCTCCTTATTATTATTTTCAAAACTCTTAATATATTCATTTTCATGATGTGAAAGCAAATTTTCTATATTTTTTTCTCGTTATCATTTCAACAGGTTCATTTTTAAAATGGTGTACATTTTTGCACTGTGGGTAACTTTTTTTAAAAAACAGGTTAATTTAATGTTATTGATAGGAGTTAAGCTCTAAAAAAAGATGTGGGTAATAATGTTGAAAATTCTACTAATAAGCGGTCTTTACCCACATGGGCTTAATCCGAAATCAAAAAACAACTTTTT
