gap_id	start	end	length	sequence
NZ_CP169364.1_gap1	2417	3809	1392	AAACCCTGCAATTAATTTTGCAAACGCTGCAAAAGATGAGTGATCGCTTGGACAAGATGGAAAAAAGAATAGACAAACTTGAGTCCAAATAACTAAAGCCCAGAAATAAAAAGTCATCTTATCAAGGCGAAAGACGGACATCTAATGAATTGAAATCAATTACTTAATTAAATATTCCAAGTAAATAAAGAGATTAATATCTCTTGAGTAGCCGCTGGTATTATTAGCATAGCTACTCAAAAATTGTTTCACACTTTTTTGACTAACATCATCTTTGCCTTTTATTAATCAGCTAAGTGAAGCGCTAAACTCAATTCACTCTAAATTTCTTGTAATTTCTTTTCCATTAACTTTATTTTTTTCTTCTTTAGTAAGAAATTTTTCTGTAGTAAATTGTTTTTTTGGATCAGAATTAGATTTAATTTTAAGGAAAAGATCAAAATAATGCTTGTCACCTTTCTTAGCAGTGAAACCACCTAAAGAATAATCTCCAAACCAATTAAAGTTATAGCTCAACTTAGCTTCAATTGACAAATCCTTAAAACTTTGGTATGTCATTTGAAAATGATCAACCTTTCGCTCAAACTTAAAAGGTTCACTGGTTTTGGGATAAATTACATCTTCAAAATCAAGATCCGGAATACCTAATTCGCCCTTTTCAAAACTCTGTTTTCAGGCGTCTAACAACAATTTTGTTGTATCTTTCGGATTAACTTCGTAAGATTTCTTTAAAGAAGTTATTATGTTCTTTTTTCCTTCTGTAGTTTTAATTGCCTTGTAAACATCAATGTCTTTTTTGGTGGTTTCCTTGATAAGATTTCTGAGATCTGCTTGGATGCCAGTATAGGCGCTTAAAACTGTTCCACATAATAAAAATAGAGAACTAAAGGAAATCCTTGACAACAATCTCTTTTTGCGCATCAACAGTAAAAATAACTCTTTAATTTTGTTTTTTTTTGGAAAAGCAACTTTAAAAACGGAAAGCTAATTGAAATTTCGGTTTGAACATTAATTAAAAAACTGAAATTTTCAATCATTTATTAACAACTATCACTGATAAACATCTCGATCTGAGTGGTTCTCATAATTGCCAATTGTTGGTATTTTTATTCATTTTCAAGCTGTATAAAACTTTTTTGCAATTTTGTTGGCACTTCCAAAAGCTCATTTCAATTTATTTAGTGGAGGAGCAAAATGCAAATCTTTAATTTTTGAAATTGATCAGTAAAGAATCTGATCCCTGTTGGCAACCGAGTTGCAAGCGTTAGTTACTTTTTAAAAAATCAAAAGAAAGGAGGATTTGACCATTAAAAAAGTAAAGGTTACAGAGAAAGCTTCTGTTGAAAGAATGATAGAAGTATTAAGTGATTCTGAAATTTTGTCTTATTTATT
NZ_CP169364.1_gap2	4930	8975	4045	AGGAAAAGGTAAGAAGAAAGATAATAAAAGTGCAACTTTTTCGCTTGTACAACTAAAACAAACTCAAGAAAAAACAGATGATTCCCAAGACACTAAAAATAGTGATGATCAAGTTAAAAAATCTTGAGGCGAATACCAAGAAGTAGATGGTGTTCTTAAAAATTTTGAATTTAAAGCGAGCATCTTCGAAAATTGACATGACTTACTTGATTTTTCTACTAGAGTAGCTAAATCTTTTAAGAAGATACACGAAAATAGCAACAAAAAAGGTAATGACATTCAGGGCATACTTGGAGTCGACAGTACGCCCAACTCATTGTTTACCTCTGTTTTTGCAGCTGGCGGCGGTGATTACAATAATTTCTTTTACAAGATTGAAAATGGTCGCGCTGACTTTAGTAACTTTAAGAATAAAGGGACTTCTTACCAAAATCTTCAAAAAGTATTTGGTGATTTCAAAGGCTTAATTGACAAAAATGGTATCTTTGTGAATAAGGGTGGATCTTACTCATCAAACTTCCAAAAGTTCCACCAATTAGCTTACAGCATTTCCTCTACTTCCGGTTTCTTCTATTCGTTTGCCGGTAAAAGTGCAAAGCGTTTAAATTTTGGTGATAGCTTTATTGAGTATCCGCGGTTTACTCAAGAAATTAAAGCACCATCAAAAAATGGAGAAAATGGCCAAACAAATGAAGGAAATAGTACCAATGGCGAACAAAATCTCTTAGGAACTTTCGAAGTCAAGGATGACAGTAAGCCTAAAGAAGAAGTTAAAAGTAATAAAAATAGTGGTAAAGAAAGTAGCCAAAATCAGGGTAAAAAATCTAACAATAACAAGACTATTTACCTTTATGAAACAAAAATTCCAGATGGAAAAACTGCAGGTGATAATGCTATCTTAATCAAAGATAAGAACGTTATCGAAAAGCTTAAAAGTGCAGCTAAAGAAGAAAATAAAGAACAAACTGCTGAAGCAACTAAAGCTGCAATTACAAGTAATAAAGCAAAAAGCACTAAAAAAGAAAGCAGTAAAGTTATCGGTTACACCACAACTGATAGTGTTCGCGAAGATGGCAAAAACATTTTCGCAATAGATAGAGTTAATGGTGAAAACTATGACCGTAAGATTATTGTAGGTGCTAAAGCAGAAACTTTAAACCAATCTAGCACCTTACAAAGTGAAGAAGCGATTGTTTTGCCTGCCCCTGGAAAGTATCTAAATGGTGATCCCAAGAAAGTGACAATTACCCAAGGACCTAACATCATTGGCATTCATGCTAACGAAAAGGAAAATGCAGAAACGCAAAAGTTCGTAGATTGATTCTTAAACAGTCCGCAAACTTGAGAAAAACAAAGTAGAGATAAGAAAGGATCAAGCGAAAAACAAACTGCTGCTGAGTTCTTTGCGGAATCCGCTTCTTACATTCTGCCCTTAAAAGAAATCTTTGACAAAAACGATACAAAAACAGAAAAAGGTAAGAACAGTAAAACGCAACAGAGAACTAATACCTATGCTGAAAAAGCTTTGGAACTCTTCAAACAAATTAGTCAAAATCAAATAGTAAGCTACAGTGATCCAAGTGACTTTAGGAGTGGAAAATTCCGTGATGCAATTGGTGCTACTTTCAATGCTGCAGTTAGTTCCAAAGCAGACTTCAATAAATTCGTCCAAAACTTTACCGCTACATTAGGTAGTGACATTTAATTCAAAAGCAGTTTTTCAAAATTCTTGATTTACCTTTAAAAGTATCAGCAACACAATAAAATTAACTGTTTGCAAGAGCTCTTTTAAAGCCTTTTAAAAGAAATTAAACTTTTATTGTTGTGCAAATTAGGACTTACAAAATCAAAGATATTTGCGACATTCAACGTGGTCGTGGTATCACTAAGGAATACATTAAAAATAACTCTGGAAAATATCCTGTTTATTCTGCCGCTACTACCAATAACGGTGAGTTAGGTTTTATTAATACTTACGATTTTGCTGGTGAATATGTTACCTGAACCACTAACGGCTATGCTGGCGTTGTTTTCTATCGTAATGGCAAATTTAGTGCATCACAAGACTGTGGTGTTTTAAAAGTAAGAAACAAGGAAATTAACGCTCAATTTTTAGCTTTTGCTTTAAGTTTAAAAACACCTCAATTTGTCCATAATTTGGGATCAAGACCTAAATTAAACCGAAAGGTGGTAGCTGAAATCTCCTTAGATTTTCCACCTCTAGAAGTTCAAGAAAAAATTGCTCATTTTCTCAAATCTTTTAATGAATTAAGCAGCCAGTTAAAAGCTGAATTAATTAAACGACAAAAGCAATACGCATTTTACAGTGATTATCTACTCAATCCTAAACATTCACAAGGTGAAGAATACAAACTCTTTAAACTCAAAGATATAGCTAAAAAGATTTTAGTTGGCGGTGAAAAGCCAAGTGATTTCCAAAAAGAAAAGGATCAAGTTTATAAATACCCTATTCTTTCTAATAGTCGCAAAGCAGACGATTTTTTAGGCTACAGCAAAACGTTTAGAATTGCTGAAAAATCAATTACAGTTAGTGCAAGAGGCACAATTGGTGCTGTTTTTTACCGTGATTTTTCCTACTTACCCGCTGTTAGTCTAATTTGCTTTATTCCTAAGCCAGAATTTAATATTAAGTTTTTGTTTCATGCTTTAAAAGCGACTAAATTCCACAAACAAGGTTCTGGCACAGGACAGTTAACCATGGCACAGTTTAAAGAATATCAGGTTTATATTCCATCTTTAAAAAAACAACAAGAAATTGCTGCCACTTTGGATCCACTTTACTATATCTTTGCAAATTCTAATTGAGGAATATACAAAGAAATAGAATTGCGCAAAAAGCAAATGCAATACTATCAAGAACGTTTGTTTCAGTGAATAGAAAACCAAAAAGTTTAATTACTAGTTAATTTTATCCGTTTAGATTTAAGCGCTTAAAAGAACAAAGTGTAAATAGCTGGCTAGATCAACTACCGGTGGTTTGGTAGCTCCGGTGACTAGTTCTAAATCATGCAAGTTTTGTCCTCTCAATAAATTCATAAAGTTTGGATCGGCAACTGAAATCTGTTCTTTGACATACAATGTAAATAACAATTCATCCTTGTCATTAAACTGGAAGAGAGAACCAGGATAGTCTTTTTTAGCAACGGTGTAAACTGGAATTGATCCATCAACAATGAACTTTAAGTTCATTTCACCACTTCAAGAGCTTGGGAATTTAGTAAATAAAGCTGCAAAAGCATAGAAACCATACAATTGGTAACCACCGGTATATTTAATGTCCACTTCAAATCGATAATTAAAGGGATTAGCTTTATCTTGTTTTATTCCAACACCATCTATTCAATTAATGGTTGGACTTTCAATTTTATTTTGAACTTTTAATTCCTTAATCTTTAGATTGATGTTGGATTTGCTAGTAAGTTCACCGCGCAATCAATCGGACATGTAAATTCCATTTAAACCATCTTTATGGAATTGGATTCCTTGACTACCAAAGGCCTTTTGCTTCGCATCGTTATTTTCTTTTTTAGCGTTGTAATACCAATCAATGGCAGTTCGAAATCCAGCAATTAAGAAACTGAAAGTTCTGTTTCTATCTGCTTCCAAGGAAATTTTTAAAGCCTCTGCTAACTGTTTTTTATCAGTGACATCTTTGTTCTTCTTACTTCAATATTGTTTGAATTCTGATGCAGCTGTTAGAGATTTGTTAAAAGCTTCTCTTTCTGCTTCGAGTTTTTTAACTTCCTCTGCTTTTGCTTTGGCCTCTGCTTCTTGAAGTTTACGCTCCTCTTCTAGTTTCCTTAACTTTTCAACGTGCTCAGCATGTGCTTTTTCTCTTTCTTGCTTGAAAGAATTGAGTACTTTTTCCCTAAATTTAGTTGCAACATCTGTTTGGTTATTTATTTCAATAACTGATTCTGTCAGGTTAACTTTAGTATCAAATAAAGAATCACCTAAAGCAGTTTGAGCAAGTGTAGTTAAATCATTTGTGCCGTTTGAAATTAGCTTATGCACTGATGGTTTT
NZ_CP169364.1_gap3	10154	14506	4352	CAGGATAGTCCTTTTTGGAAGTAATTCAATCTGCTAATTGTCCGTCAACATTGAGCACTAATTCCATTTCACCCTTCCATTCTGGAGGAATTCCACCAAGTCCTCAATTTGCTAAAGTTCAGTAAATACCTTTAAGTCCATAATCACCGGTGTATTTCATTCTGATTTGGAAAGCATATTTAAACGGATAGGTTTGTCTAAACTCAATACCGTTCTTGGCTTCATTTCAGAAAATTTGTTTTGGTACACCCCAACCATTAATGTCATTGTGAATATCTTTTGTAGTTACCGATTGCAGGTTCAACTTTAAGTTAGCTCTGTGTTTTAGCTCTCAGCGTAACCAGTTAGGGATAAAGATTCCATCAACACCTAGTTTTGGTAATTCAATGCCAACATCACCAAAGGCTTTTTTCTTGGAATCTTGATCATCCTTTTTGGCGTTGTAGTACCAATCAACAGCATTTCTAAAAGCATCGGTAAGGAAAATAAAAGTTCTGTTTCTATCAGTCTTAAAGGCCAGTTTAAGTACTTCAATAAGTTGCGATTTAATTTCAACGTTTTTACCTTTTCCTTTTCAGTAATCTTTAAAACTTTTAACGTTATTGAATGAACTAAGAAAGCGTGTTTTTTCCCTAATTAACTCTTGAACTTTCTTTTCTTTACCTTTAAGTTCTTCTTCAAGCTGTTTACGTTCACGTTCTAAACGCGCTTGTTCTTCATCATGAATGCGTTTTGCTTCCTTACGTTGTTCAATGAATGGATTGAGGATGCGTTCCTCAAACGATTTGCGAGCTTTAGTTAAAACCGTTCCATCAATTACTGAATCAGTTAAGTTAACCTTAAGATCAAACAGGTTTTCACCAATCGCTGTTCTTGCAATTGTGGTTAAGTCATTGCCCTCATCAGTAATTAATTTATCTATTACTGGTTTTCAGAACAATTGGGTTGAGAGTGTTTGACCACTATTAGTAAAACTTTCACGTAATTCCTCTAAAGAGCTAAAGTTATTCGTTTGAGCTTGCAGAGCAAAATCAAGGTCAATTTTGGTATTTTTGCCAACATAAACGGTGTGAAATTTCATTTCGATGGCAAAACTATAGCGCACCTTGTTCTTTAAAACAATGTCGTTTTGTTTGAGCAACTGCAAGTTAAACGCTTTTAACTTAATTGAATTTAAGTTGTAGTCATTAAACAAAGAAGCAACCGTATCACTAATATTTAAACCACGTGGTGTTAATCTTGGGAAGTAATCTTCACCAAAAAAACTAAAGAAACCTTCTGGTACTTTAGGGATCGTGTTTTTGTCCTCTACGGGAAAAATCTCGTTAGCCGTATCCGCCCGTTTTTGTAAGTTGTTTGCTAAATTTACTAAAGCTTGGGCTTTTTGTTGAAACCCACTAAAGAGGTTATAAACATCAATGAGAGTAAAAGCTTGGGGATCAATAAGTTGGTCAGCAAACTTATTTTGGAACTCGCTAAAGTTTTGTTCTCAATCAGTGCGACTTGTAATCGTTTCGAACTCGGTTTGACTAAAAGACGAGTTGCGCTGCAATAAGTAACTCTTGTTGTGTCGCTTATCAAAGCTACTGCTATTTAAATTAACAGCATGTGGATCATTAGCTGAACCGTTCTGTGATAAGGTGGGTACTAGAAAAACGCTAAAAGTTAGCGTTGCTGAAAATAAAGACAGCAAAAACGCTTGCGTCTTGAAGTGAAAGTTTTTCGAAGATTTCAAAGATTCTTGTCAGTGTGACTAAAAGAAATAAATTAACTTACAGGTTACGAAATGCAGACAAAATAAAAGAAGCAACGGAAAATTTAAATTCAGAAAATTCTAGTTTTTTTTTTTTTTTTAGTTTGAACTCAAAACGGGTTGGTGAAAGAAACTGCAATAAGCTGTTGTAAATAACTTTAACTAAGTTAAAAACTGTTTCAAACTAACCAAGCTTACTTTTAGTGTGCCTTATTGGAAATTAATGTTGGCTTAATTATTTATCTGCCAAAATTAAGAAGTGGAGGTAGCTCGCTAAATCCACAACTGGTACTTTAATTTCACCACCTCAAGGTTCAATCACATCCAATTGCTGTTTCTTTAGCAGGTTCATGAAACGTTAATCCTTAACGGTAATACGTTGCACTACGTGTAGGGTAAACAACAGTTTGTCATTTTGAAATTGGAATAACGAACCAGGGTAATCTTGCTTTTGGGTAATCCAGTTAGCTAGCTTACCATCAATTTGGAACTTCAATTCCATGTCACCACTCCATTCTGGCGGAATGCCACCAAGACCCCAGTTAGCCAAAGTTCAGTAAATCCCTTTTAACCCATAGCTACCTTTGTAATTCATGGTTATTTCAAAACCATGAGTTCAAGGAGTGGTTGCTCTGTAATTAATGCCGTTGTTGTGGTCGTTCCAATTAATCGAAACAGGCACACCTCAACCATTAACCTCAAAGTTGTTTTCCCTTACTTTGACATTTTGTAATTGAAGTTGAATATTAGCTCTGTTGATTAATTCCCAACGTAACCAGTTAGGCATAAAGATGCCGTTAAGACCTGATTGAGCAAAGGAAATGCCGCCGCTACCAAATGCTGTACGTTTTGCTTCTTCATCGTGTTTTTTATCGTTGTAATACCAATTAATAGCATTCCTAAAGGCATTGGTTAACAGTTCGAAAGTAGGGTTCTGCTTGGCTTGGAAGGAAAGCTTTAAGGCTTCGATTAGTTGCTTCTTGTCTGCTACATTTTTACCGCGCTTAGCTCAGAACTCCTTAAAACTCTTAACGTCTCTAGTAGATTGGTAAAAGGCTCAATGTTCTTCACGAATACGACGAGCTTCATCTTCCTTGGCTTTCAATTCAGCTGCAATCCGTTTTCGTTCCGCCTCTAAGCGTCTTGCTTCTTCATCATGAATGCGCTTAGCTTCAACTCGTTCAGCGTGGAACGGATCTAAGATCTTGTCCTCAAATGATTTTTGCGCTTGCTGTAAAACGCTTTGATCAATTATTGAATCAGTTAAGTTAACCTTGAGGTTAAACAAACTTTCACCAATTGCTGTTTTAGCAATGTTGGTAAGATCATTGCCACCATCTGTGGTTAATTGTTCTACCACTGGCTTTCAGAATAGATGGGTTGAAAGAGTGTTGCCATTGTTTTCAAAACTATCACGTAGTTCTTGTAAGCTAGTGAAGTTTATTGTTTGGGCTTGTAAACTAAACTTTAAAATAGTGGTGTTCTTTCCAGCGTAAACCGTGTCAAAGCCCATTTGAAGAGCGAAGTTGTAACGCACCTTATTCTTTAAAACAATGTCGTTTTGGCGCAACAGTTTTAGGTTAAAACCAGTAAAGTCAATTGAATTTAAGTTGTAGTCATTAAACAAGGAAGCCACATTATCGGCAATGTTCAAACCACGGGGAGTTAACCGCGGAAAGTAATCTTCCTGAAAGAAACTAAAGAAGTTTTCCGGCACTTTAGGGACAGTAAGCATTGTCCTCTACGGGAAAGATTTCGTTTGCCGCATTAACTCGTTTTTGCAAGTCATTGGCTACATTAACTAAACTGCGTGCTGTTTGTTCAAAACCACTAAAGAGGTTGTAAACATCTGTAAGTGTAAAATGCTCTGGGTCAATTGCTCGTTGGGCAAACCGTTTTTGGAATTCATCAAAGTTTTGCGCTCAGTTAGTTTGCTTGGAAAGGTTTTCATACTCAGCGTTACTTAAAGCAGTTTGCGCTTCAATAAGAATTTCTTACTGTTATGCTTTTCAAAGCTACTGCTGTTTAAACTTACAGTTTGTGGATCAGTAGCTGAGCCATTTTGGGAAAAAGTGGGTACCACAAAAACACTAAAAGTTAGTGTTGCTGAAAGGAGCGAAAGCAAAAATGATTGCGTCTTGAAGTGGAAACTTTTAGTTGGTTTCAATGTAAAGGTGTCAGTGTGACAGAAAAAGATTGGTTTACTTTTAAAAAGTGAAAACTAAGACGACAGGGAAAATTTAAATTTAATAAATTTTAGTTTTTTCACCGAACAAAAAACGGTTTCATCGGAAAATGAAGCATAAACGGCTCAAACAACTTTAAGAATGTTTAATGATGCCTTGATTACTGTTGATTTAACTTCAACAGTTGGTAGTGTAAATAACTCGCTAAATCCACTACTGGCGGCTTTGTGGACTCGGTACGTAGTTCTAAGTTATGGAGGTTTTGTGACTTAATTAATTCCATGAATTCTGGCTCTTGCACCGTAATTTTTTCTCACACATGGAGCTTAAATAACAGCTGTTGCTTTTGATCATCAAACTGGAACAACGAACCTGGGTAATCGGGCTTTTGGACAATCTCTCAACTTAAATCA
NZ_CP169364.1_gap4	19275	23699	4424	TCTTCACGTTTAATTAAGTCCTGGATCTCACTCGACACCTTTTCCTTCACACCGTTTCACAGTTTCACCACCCGTTTATACCGTTCATCATCGGTCAGTAAACCCTTGTTGTAAAACTGCTTGTACTTCAAGACCTGTTGGTCCGCTTCATCAAAGTACTGCTGTTTGTTGGAGTACTTCGGAATATCAAACACCGATACAGTGGTGGAAGAGTGGGTCGAGTACTTAAAGCCTAAGGCCTTAATGTTGTCCAAGATCCGTGGTAGATCCTTAAATTCAACCACCGTGTAAAGTAAGTCAATTAACTTGGAGATGACCTTCTTACCAAAGGCAGGGAGCACTTGGTGTGCGGCAATCGCAGCACGCACATCACCACTTGGTGGTACTATGAACTTTTGCGGACACGCATGTTCATCAAATTCCCCTTCATTAATGTAAGGGATGTTGTCCCCTAACACATCGTTAAAGATAATCTTACCAACCGTAGTGATTAGAGTACCTTGAGCTTCAAAGTGCTTGTTTGGAAAGGCTTTGGTGCTAATGCCGACAATGGCGTGGAGGTGCACCTTGCCCGCTTCGTATGCCGCGCGGGCTTCATGCACGGTACCAAAGATGATGCCTTCACCCGTTTGACCCTTACGCTCAGTAGTGAGGTAATAGTTACCTAACACCATGTCCTGGGTTGGGGTGACAATTGGCCGGCCATCTTTTAGTCCCAAGATGTGCTTGGAAGCTAACAGAATAGCACGCGCTTCGTTAACGGCATTTTCGCTCAACGGAACGTGCACCGCCATCTGGTCACCGTCAAAGTCAGCGTTAAAAGCAGTGGTCACTAACGGGTGTAGGCGAATCGCTTTCCCATCGACAATCCGCGGTTCAAAGGCCTGTATTCCCAAACGGTGCAAAGTAGGTGCCCGGTTTAATAACACCGGACGGTCCTTAATGACATCATACACAATCCCCCAGATCAGGTCGTCCTGATTTTTAATCATGTCCTCCGCTTGCCGAATCGAGGACGCAATTGGTCTAATTTCGTTACCGTTGCTGTCAAACTTATTAATTAACCCGTGAATAATAAATGGTTTGAACAGCTTGAGGATCATTAATGCTGGAATCCCGACCTCATACATCTTTAGTTCTGGACCCACCACAATTACACTCCGACCAGAATAGTCCACCCGTTTACCTAAAAGGTTGTGACGGAACAACCCTTGTTTCCCTTTTAAGCGGTCGGTGAGTGACTTCAAGGAACGTTTGTCTTTGGATAACGCTGGCTTGTGGCGCGACGAGTTGTCAAACAAGGCATCAACTGATTCTTGTAACAAGCGCTTTTCGTTGTTAACCACAATGGCAGGTACGGTACCATCTTCCAAGATGCGGCGTAAACGGTCGTTACGGATAATTACCCTTCTGTAGAAGTTATTAATGTCACTGGTGGTAAATTTAGCACCATCTAACTGGATAATCGGCCGGATGTCTGGCGGGATCACTGGCACCGTGTGCAGGATCATGTTTTTCGGGTGCAGCTTCGAATTTCTAAACCAGCTAATTGTTTCCAATTGACGCAAGATCTTTTTAACCTTAGCATCCTCAACACTATCCTTCTTAGCCTTCCGTAACGCATCATTGAGCTTACTAAACTCATAGTTAAGGTCAATCTTGTTGAGCAATTCTAAAATGGCTTCAGCCCCGATACCAACGCGGAAGCCAGTGTACTTCTTAATGTAGTTAAAGGCATCATTTAAGGAGAACGGTAACGAACTGTTCTTTAAGCTTTCATAAAAGATCTTCCCCTTGCGGTAGTCTTCGCTACTCCTGTTCTTAATCAGGTTCCGGAAGATGTAACCGATCACCCGGCGCATTTTTTGCCGCGTGGTTAAAGAACCCTTGCCTGCTAAGTCCAACACTTCCTTAAACTTAAACGGCATGATCTTGGGATCTTTGATCTTCCCAGTATCTAATACTATGTAGTTAACAAAGTACAAGACCTGTTCCACTTCCTTATAAGAGATGTTTAACACTAAGGAGATCTTGGAAGGGGAAGGCAGTTCCTTCGACATCCAGATGTGCGCTACCGGACTGACTAGGGCAATGTGGCCCATACGTTCCCGGCGCACAATTGATTCGGTTACCCAAACACCACAGCGATCACAGCGCACGCCACGGTACTTAATCTTCTTAAACTTCCCACAAGCACACTCATAGTCCTTCACTGGACCAAAAATGGCTTCATCAAACAAACCACCAGGTTCGGGTTTTAAGGACTTATAGTTAATCGTTTCCGCCTTGGTAACTTCCCCTTCGGATCAGTTTAGGATCGTGTCGTTGGAAGCAATCGAAAGCTTAATTGCCTTAATGTTCTTGTACAGCTTGTTGTTCTTTTTATTACGCTTTGTCATTAATTAATAACCCTCCGTGTCAAATTCAAAGTCATTAAAGAGATCGTCCTGTTCTCCATCAGCTTGGAGAATTGAAACGTTGTTGGAATCTTGTTGGGTGTTGTCATCGTAAATAAAGGACACACTCAACGCTAACCCTTGTAGTTCCTTCGTTAACAGTTTAAACGATTCGGGGATACCTGGTTCGGGGAAGGCAGCGCCCTTAACGATCGCGGCATAGGCCTTATTCCGGCCCTGCACATCATCGGACTTAATGGTAAGTAATTCCTGAAGGTTGTAAGCAGCGCCGTAAGCTTCCAAGGCTCACACTTCCATTTCCCCAAAGCGTTGGCCCCCATTTTGTGATTTACCACCCAATGGTTGTTGGGTAATCTTGGAGTAAGGACCGACAGCGCGAGCATGGATCTTGTCATCAACCATGTGGTTTAACTTCATAATGTACATGATTCCCAAGGAAATTGGTTTTTCAAATGGTAAACCAGTGCGACCATCAATCAGCTTGAACTTCCCGTGCGTTTCCGCTGGTTTCAATCCTGCTTCATCCATGATGTCTTGCAAGTCTTGGAAGTTCACCCCTTGGAAGATCGGGGTCGCTACTTTAAAGTGGAGGTCATCAAAGCTCATGCCGATTTCCTTGAGCACTAAAGCAATGTCACCGTTATTGAGTTGGGCCAAGGCTGCCTGCTCGTCTTTAAGACCGCGGTTCGTAATTTGGGCTTTTAAACCAGTAATTAAGCGGTCAAGTTTGTACTGTGGCTGGTTAATTTCGGTTGAAAGTGCTTGAGCCTTCTTGTCATCAAAACAAGCACTAATTAACATTCGCTTGGCAAGGTTATGTGCTGCATAACCCAAGTGCATTTCAAAGATTTGGCCAATATTCATCCGACTCGGTACCCCCAGTGGGTTTAAGAGGATGTCGACTGGAGTACCATCTTCTAAGTGGGGCATGTCCGCTACTGGGACAACCTTAGAGATAACCCCTTTGTTACCATGGCGCCCTGCCAACTTATCTCCGATTTGGATCTTGCGTTTTTGCACCACATAGACCTTAATCATTTCGATGACACCATCATTAAGTTCATTACCGTTGGCAATGCTAAAACGCTTGACACAGGACACAATCCCATCACCACCATGAGGGAGCTTTAAGGAAGAGTCACGGACGTTTTGCACACTTTCAGGGAAAATGGCCTTAAACAGCTTTTCTTCAGGTGATACTTCAACCTGTCCCTTAGGGGATACCTTACCGACAAGGACATCACCTTCCTTAACTTCAGCACCGACCATGATAATGCCGTTTTCATCTAAGTAACGCTTGTTAGCATCACTAACGTTGGGGATATCACGGGTAATTTGTTCATCACCGTTTTTGGTCGATAAACACTGGGCTACGTATTCGTTAATCGTTAAGGAGGTTAGAACATCATCCTTCACTAAGCGCTCGGAAATCACTATCGCATCCTCATAGTTGTACCCGTTTCAGGTCGTAAAGGCGACAAGGACATTTTGCCCTAAAGACAGCTCACTCTTGTTAACTGCAGGACCATCAGCAATCACTTCGTCCTTAGTTACCCGTTGCCCCTTTTCTACTAAGGGAACGTGGTTGTAGCAGGTATTTTGGTTGGAACGTTCAAACTTAATTAGATCCAAAGTGTGCTGTTCACCACTGTCACTTTCAATCGTGATCTTACTGTTGTCTACATACTTTACCGTACCTGAGCAAGGTGCTAACATCGTCAAGCCGGAGTCGCGAGCAATCTTGTACTCTTGACCTGTACCCACAACGGGAGCGTAAGGCTTAATTAAAGGATAGGCTTGGCGTTGCATGTTGGTACCCATCAATGCCCGCGCTGAGTCATCGTTTTCCAAGAAGGGAATTAAGGACGAACCGATGGACACTACCTGATGAGGGGCCACGTCGATGTAGTCAATCTTCGAGGGATCATACAACCCTTGCATCGAGCGGTAACGACCAATAATTTCCTTATCTAAGATCTTGTTGTTTTCGTCAATGTTGACCAACGA
NZ_CP169364.1_gap5	111028	114816	3788	CTTTAAGCTGAGAACTACTTGCCCAACGGCCTTATAAAACTCATTGAAGAAGTAGTTAACTTCCTTAAACTGTTTTTTAAAGCGGACAAACTTAGCACGGGACACCATTTTCATTGCGTTAGTAATCTTAATGGTGGACTGCACCGTGGTCATTTTGCGCTTAATTTCCTGGATAAAGGCCATTATTCCAACTCCTCCATCGTTCCGTATTTAGTGATGTCGTAATCTGGTAAAGCACTAACAAAGCGTTTTACTAGTGCCTTAAAAGCAGTGTTAGTTTGTGCTTCCAACGCTTCACTAAAGCTCTTTTGGGTCGCTATTTCCTTGTAAATCGGGTGTTCCTTGTCAAATTCCTCCATAATGCGTTGCTTAAATTTAGCAATGTAATCCAGTGGAATAAACTTAATGAAGGACTTGGCAATCGCAAACAAGAATAACGCTTCATGGGTTTGTGAGTAAGGTTTACCGTTGGGTTGTTTAATCATCTCCATTACCCGCTTACCGCGTTCCAAGATTTGCTTGGTATTTTCGTCCAAGTCACTACCAAACTGACTAAAGCTGTCTAATTCACTGTACTGCGCTAGCTCTAACTTTAAGCTCCCGGTTTGTTGTTTAATTGCTTTAATTTGCGCTGCACTACCAACCCGCGACACCGATAACCCCACGTGGATGGCAGGGCGTTGACCGGAGTTAAACAGGTTTGACACCATGAACAGTTGACCATCGGTAATCGAAATGACGTTGGTCGGAATGTAAGCGGAAATGTCCCCAGCTTGCGTTTCAATAATAGGTAAAGCGGTAATCGAGCCACCACCATGCTCCTCGTTTAAACGGCAAGCACGTTCCAGTAAACGCGAGTGCAAGTAGAACACATCCCCAGGAAAGGCTTCCCGTCCTGGTGGTCGGCGTAACAGTAAGGATAAGGTACGGTAAGCAATCGCGTGCTTGGACAAATCATCAAACACAATTAGAACATCCTTACCCTGTTTGAGCCAGTACTCAGCAATGGTAATGCCAGTAAAGGGCGTGAGGTAGATCATCGAAGCGGGATCACTGGCTGTAGCACACACCACCGTGGTGTACTTCATCGAATCAGTTACCTCTAACTGGTGGACAATTTGCGCTACCGAGGAATTCTTTTGTCCCATCGCTACATAGACACAGTACACGTCCTTACCACGTTGGTTAATAATGGTGTCAATTGCAATTGAGGTCTTACCAGTTTGGCGGTCCCCCACAATTAACTCCCGTTGTCCCTTACCAATCGGAAACAACGCATCAATCGTCAAGATTCCAGTTTCCAGTGGTTGGTTAACGGTTTTGCGGGTCATTACCCCAGGGGCAATCTTCTCCACTTGGTCAAACTCTTCAGCCTTAATCGGACCACGACCATCCACCGGTTCTCCCAGGGCATTGACAATCCGGCCCAACATTACATCACCCACGGGAGTTTGCATCACGTTGTGGGTCCGTTTAGCCGTACTACCTTCACGGATTTTAGAGTAATCACCAAACAACGCCACCCCAACCGTGTTTTGCTCTAGGTTAAGCGCAATCCCCTGCACGTTGTTTTCAAACTCAATTAACTCGTTTAAGAGTGCGTTTTCCAAACCACTGACCTTAGCAATGCCATCAGCGACACTAATAACCTTGCCAATTTCACTGTTAAAGATCTGTTTGGAATACTTCTTAATCTCATTTTTAATGAGTGCTACATATTCATTTAATTTGTCTGCCATAATTAATTCCCTTTAAACTGTTCCATTAAACGTGATAGTTGATCACGGATATTCTTTTCAAATAACTGGGCGCTCGATTCAATTCGGATACCCGAAATCAAGCTCTTGTCAATTTCGGTTTTGTAAACAATCTTGGAATTGAGCTTCTTTTCCATTGCCGCTACGATTCGCTTGAGTTGGGGCGCACTCAGTTCAAAAGCGGTAATGATCCTAATGAACTGGACGTGTTTTTCATTCTCAACACAATCAAAGAAGTACTTTAAGGCTTGCTCGACTAGGTTAAAGTAGCCCTTGAGCACAATCGTTTTTAAAAAGTCAACAAAGAGGTCACAAAAGTGGTTTTTAAACAGCTTATCTATTAGCTTAAGCTTTTCCTTTTTGGTTAAAGTATAAGCATTGAGTAGAGCAGCTAGTGATCCATCTTTAAAGTTACGCGCTAGTTTTAAAAAGTCATGGCTCTGGTCATAGACCTTCTTAACCTTCTTTTCCTCTTCACTAAGTTGGAAGAGTGCCATTCCAAAAGCCTGCGCGTTAATCATGGTCGTCCTCTGCTTCTAGTTCGCGGATAAACTCTTCAATAAAGGCCTTGTCGGCTTTGACATCCACCTTTTTGATAATCAATTCCTTAGCAGCTAACATGGCTAGCTCGACACTTTCCTTTAAGGATTGTTCTTGGATCAAGCGCTTTTCCTTTTCAATTTCCTGACGCGCTTGGAAGATCATTAAGTTAGCTTGCCGGTTAGCCTTCTTTTCGATTTCACTTTTAAGTTGCAACGCCTCATAGTTGGCCTGGTCTACAATTTCCTTAGCAACTACCAGTGAGTTTTCATGGCGTTGGTTGGCTTGTTGGAGTAATGCTTGAGCTTGTTGTTCTAAGCTGTTGGCCTGGTTGACTTGCTCTTCCAAAAGCGCTTTGCGTTGGTTTAAGAACTTTTGTGTGGGTTTTCAAAAGAGGAACAACAACAAGAACAACAGGATCACAAAGGCCAACAAGTGGGCTAAAAAGACCCAGAGGTTCGGAAAAAGTTCGTTGATGACTGATTCACTTTTAATTTCCTTAACGTTTTCGGTACAGGAAACTAAAAACAAGGCAAACAGGGCAAAACTAAGCGCAACTAAGGTCGTTTTAAATACAAAAGTTGCTCGTAGTTTCATGATTAAGCGCCCGATACAAAGATAAGAATGAAGGCTATTAACAAGGAATAGATGGAACTCGATTCACTAATAGCAGAGCCAATAAAGATTAATTTAAAGACCTGCTTTTCCACTTCGGGGTTCCGCGCTACGGCTTCAACCGCTTTCCCAAAGATGTAACCTTGACCAAGACCCACGGTCGCACCACCGACCATGGTAATCCCAGCCCCAATGTAAGCCCCTAAACGTTCGGTACTTTTATTGGCAACATTGGTATTAGCTGTTGTTGTTTCGTGTAAGATGCGGCCAACTGTGGCGAGAATTTCATTAACGTGTTCCATATCTAATTAATTATTTCTTTTGCTACCTCCAAATTTTGCAAACGCTGCGCTGCTTCTTGACTTTCTTCCAAGCCAATGTTACGCATTTTTGCCCAATAATTATAAGTCAACATCACAAAGACATATCCCTGCAGTGTACCCACTACTACATCAAAATATACATGTAGGGCTGGGGTGAGAATTCCTGCAAAAATGGCACCTAAACTAAGCGCTAGTGGCTTATTGCTTAAAGTCGAAAAAGCAAAGAACCAGAAGTTATAAAAGAGCGCTAAAATCAAGGTTCCCCCAAGGATATTGCCCCACAAACGAAGCGAAATCGAGAACAGTGGCGCAAACTCACCCAAGAAGCTCAACGGATTGGGAATTAAAGTGGAGTACTTCTTGCCCTTAATCGTAATGTTGAAGGTAAAGCTTTTAAAGAAGGATCACCGTTGGTACCTAATCCCCATAATGACAATTCCCAAAAAGGTGGCTAGCCCTAAAGAAAAGGTAAAGGTCAGTGATGAAGTTGGTGGGGAAATGCCACCTAATAATCCAATCAAGTTACTGGAAACCAGGTACAACAGCAACATTA
NZ_CP169364.1_gap6	120017	122535	2518	GTCTGCATCCTTTCCTTGAAGAAGGTAGCGCGCTGCTCAACATTAGCAGCTGTAATCTTTTTAACCTGTTGTCTTCTAGCAGTTAAATCAGTAAAAAGAGCGCCAATGTTATTAGGAATAAACCACACTACTTGATAAATAAAGTTACTAATCTTCTTTAGGAAAGGATAGCGTTCCAGCGTTTTTGGCCGGGTCGATCAAATGGCAAAAAAGTTCAAGAAGGAAATTAAGACAAAGATAATAATGCCAAAAGTGTATAAGACCCCACTAACCTGTTCATCGCCGTTTTCCGAAAAGATAAAGGTGGAGATAACAGAACCCAAAGTTTTGAGATCTGAAGTAAAGAAACGATCATTAGCAATCACTTCCTGGTAGTTAACACTCTGCAAAATAAAGTTCACAGCCATCGTTTCGCTAATGGCACGACCAAACGCTAATACCAAGATTACTACTAGTTGGGCTTTGATTTCCTTTTTAATTACCTTATAAATCACACTGGTTTTGTTTTCACCAAGTGAAATGGCAACCGTCATTAAGCTAGATTCCACGTGCAGTAAGGCATTGGTGGTTAAGGAAATCACAATCGGAATGATCATGAAGGACAGCATCACAATCACGTTAAGCAGTGATAAGGGTGGCAAGTGCAACACGTCACGGAAGATACTGCTGAGAATTTGGGTAGCAAACAATCCAAAGATCACTGAAGGGATCCCGGACAGAATGTCAATTACTAAAAGTAGTTTTTTGCGAATCCGGGGTTTGCAACGATAAACCAAGAAAATCGAAGTGCGAACACCGATATAGCTCGCAATAATTAACGAGCCAATCGAAACCACAAAACTAACTAACAGCGGAAACCAGATGCTCGCTTTTTTAGCACCCAAGTTAAATTCCAAACCCAGTAAGGACTTGGTAAAGTCAGGACCAGTTTTAGCTGCTTCAATTAAGAGGAAAATAAAGAAGCTAATGAAGAGCAGTAAAAAACAAACAGCCACTGTTTGCGATAAGTACCGCAGCCAGTTGTCTTTTTTTAAACGGCTTTTAATTTTCTGTTTCACTAGAGTGCACCGAAGGTTTGGTTGTTCAGACTGTAATCATCAACCCAGAAGTTGGCAATGTTGCTCATTTCTGCATTACCTGTTTTAAACATCTTTTTCTTTTCGTCAGCCGTTAACTCTAACACACCAAAGTCATCGTATATTTTCTTAATTTCACTGTTGTTGCTAAATAACAATCAGTTAAAAAAGCGTTGGATACTTGGCAGTGTTTTTTGTTTTGGTAACAGGGAAACCACTGAGTTCAACGGGCGTACCCATTTGTAAGTGTTGCTAGAAACTGCTTGACTGGAGGGGGTAACTGCGTTATTATCATATTTGACTTTTAAAACCTCAAAACCTTCACTCTTAATTAGGTTCATGTTGTTATTCACAAACCCTAAACTGAGGTACACCATGCCGTATAAATTGGGTTGTCGCAAAGTTGTGACAAAGGTATTAAAGGCCTCAATGTTGGTTTCACTAGTTGGTCGCGCATTGGGGCCATAGTTGCGTTGACCTTCCAAAATTTCTTTGGAATCTTTATCTAAAGTTTTTGTCTGTGTAAGACCCGAAAACTTCAAGAAAGCTTCAGCGGTACCAGAAGCAAAAGCGCCCCCAGTACGGGGGAAGCCTATCAAATTATGATTACTGTTTTTAGTGGTTTGTCCGTTTTCGACAAACTTATTAATGTCAACGCTTTTGCTACCAGCGAACAGATCGTAAAGATCGTTGAGGTTGTCTTTAGTGAGAACTAGTTTGCCCTTAAACTCTGATGGTGCTTTATAAATAACAGCAATGGCATCTTTGCCAAGTGTAATTGTTTTGAGCTTTTTGTCCATCCACAACTGCTTGTTTTCCTCAGCATAGCTCTTGGTGTTTTTCGAGACATTACCAATGTCAGCTAGTCCCTTGGTGATTGCTTTCACCCCAGCACTAGAGCCACCCGCTTGGACACTAATTTCTACAAGGTTATCCTTGTCATTGTGGTTCAAGACATAGTGCGAACTGAGTTTGCTTAACAACGGTTGTACCGAAGAAGAACCAACAGCACTAATTAAATTAATATTGGCACAACCGCTAAAAATAACAGCGGTTAGTGATAGTAATGCTAGTCTAGAAAGTCTTGCAACTCTTAGCACTTTTCTAATTGTGTGCGTTAATTTTAGAAAAACTGGCATTTTCGGTACTTTTTAACCAACTTTTAATTAAGCAAGTTGCATTTCTTAGTTGTGCTTTAAGTAGTTAAAAACAACGATTTTCTGGCGTTTATTCTTTGCCAATTGTTTCCTTTGCTAATTTCTTTTTACGAGAGGCTGCTTTTCTTTTAATCATTCAACCAATGGCCGTGGCACCTAAAGCTAACACTCCAGCAATCGCTGATAAAGATCAGGTCAACATCTGGTTAGTTTTAGCACTAGTTTAATCAGTGTCATCTTTATTGTCCAACTTTTCCAGTGCAAAGGCTTTGTTTTGGGTGTGGA
NZ_CP169364.1_gap7	270568	274977	4409	GTTTTTTAAAAAACATTTAACTCTTATTTAAATACTTTGAAAATCAACGATCTAATAAGTTACTATTACGCATATTTTTTAGAAAGGGTGTAATTTTATGTTTGGAAAAGGGTTGGTCAAAAAAAGCCTTTTATTTTTTAGTGGCGTGAGTACTATGGCCGTCTTTTTAGTGTCTTGTGGTGCTACTAGAATTTGGGAATCTTCGATTCAACTGTTAGTTTCCAATGATGAAGCTACATTAGCTGACAAATCCTTTTCTGAGATGTCCTATGAAGGGATTAGAAGGTACTTTAGATCTCAAAAACATATTGAATTACCATCACCAAATAGTTCCCTGTTACAAGACGGCAACGGCCTTTGAAAACGTCCCGGACGTACTTTAAGTGATCGGATTGCTACCTTTAAAAACATTAAGAACGATGGTAGTGATGTGATTGTAGCTACTGGATTTAACCAACAAGAAGCACTACAAGCAATTAGCTCTGATGACCGTCGTTATTTAGCTGATAAAAACGACCTTGCTAAAGTTGGTTTCATTTTTGTCGATGGCCAAATTGAAAAGGAATATAACGTGATTAATAAAACGCCACAATTTAGATCAACCCCACTAAACATTTCATCCGTTGCCTTCCGCAGTGATGATGGTTCCTTCTTAACTGGAGTAGCAACTGCAGTTTATTTGAATTTAAATCAAGATTACTTTTTAAAGAAGAATGGAGCAACCAATAATAGTAGCCAAGATTTAACCGTTTCTGGTTTTGTCGGTGTTCCTATTCCTTCAACCCTTTCTTTTTTAAACGGTTTCCGTTTGGGCATTGCTTATTTTAATGAGGTGATTTACACCCATTTAAGTGATGCTGAAACAACATCTGATAACAAGAGTAATTCTTCAAGTGCTAGCAACTCTGTTTTAGTGCAACTTAAACAGATGCAAGGAAACGACAAAAAGATTAAAAAGATTAAATGGATATCTCCTAAACAAGGAAGCGATAATAATTCGAACCTCAGTATCGATGATCACAAGTCTGGTTCTTTCTCCAGCACTGAACCACGAGCAACAACTATCATTAATAATCTTTTAGACAAGGGTGTGAGTGCCATTATTCCTGTTGCCGGACCGCAAGTAAACTTAGCAGTTAACGAGGTGGCACGTCGCAAAGCGCACACTGCTATTATTGGTGTTGATAGTGCGCAAGAATTATTAGATATTAACCAAGATGCACCTGATAAAGATCAGTTAATCAAAGGTAATAAAAAAATTATTCCTTTCTCTTCTATTAAAGCCTTGGATGTTGCCATTGAAAACATGTTGATTGCCATTCAAAAAGGCAGTGATAATAATGGATATAAAGGATTTGGTTATAACAACATTGGTACGGTTGGAACTAGTTCAGTAGGTATTAGTGAGGCTGGTTATGAATTCTTAATTGATCCAGTTTTTTGAAAGACTACTCAGTCACAAGGGAAATCTATGGCCACAAATATGACTAATTTAAAACGTTTATCATCTGATGATACAAACACTAAGAAAGCATTAAAAGAGGTAAGCACCCATAAAAATGGTAGTGATAAAGATGGGATTATTGGTAAATATTCCAATTTATTAACTAAAAAAAGCACAACAGTAACTGCTGTTGCTCAAAAATCTATGACAGACAATAATAGTGGAACTGAGCAAAAAAAGAATCTTTCTGAAGTAGATACTAAGAAGAAAGAGAAAGAAAGTAAAGGTAAAACTCAAAGTAATGGTCAGGACAGTGGCCAACAAAACGGAAAAGAAACAAACGATATTATTTCTAAGTATTCTAAGCTGTTAACTATGACAACTATGAACAATAAAGTAATGTCATCTAAAAAACAAAGTAGCGATGATAACAGTTTTAAAAAGACTTCAGAAAACGGAGACTGAGTAATTAAAGGAGACGAGTTAACTAAGAAAAAATCAACTGAGCTTCCTGCTTTTGCTAAAGGTGCAGATTACCCTACTTTCCCTACAGAAGCGGTAAGCGTTATTAACGGAAGTACCGCTTTAGACGGCAAAGGTTTTAAGTGGAGCTTTAAACAAATTTAAAATAATACTCGGCTGATATGAAGAAGATTCAAGTAGTCGTTAAAGACCCTGTGGGCATTCACGCCCGTCCTGCTAGTATTATTGCTGGTGAGGCTAATAAATTTAAATCGGAATTAAAGCTAGTATCACCAAGCGGCGTTGAAGGTAACATCAAGTCGATCATCAACTTAATGTCTTTAGGCATTAAGCAAAACGACCACATTACCATCAAGGCAGAAGGAACTGATGAAGAAGAGGCACTAAATGCTATTAAAGCAGTTTTAGAAAAACACCAAGTTATTTAAGTAATTTAATTTAACTTAGAATAAAAGCAACAAGCCAATCCCCAAGGAAAAGCTTGTTGCTTTTTTATTAAGAAATATGCTTTACTACGACGACGAGGATGAATATGACACTTCTAATTCTGGTGGTGTCGTAGATTTAGCATTTTTAGCACTAATAGTAGTTTTTCTATTTACCGCTTTTATTTCTTGGTTTGGGGCATGAACTTGCTACAAAACAAGGCGTTTTTGAAAGGTAATTAATAAACCCATTAATGTAATAGCAACAGCTTTCTTTAATTTGGGGAACCTTACTTTTTCTTTGTAGCATTAACTTTTCTACTAGGAAATATACAAGCATTTACTCATGCTAATTACAAACATCCTAATAGTAGTAGCACAGAACTTCAGGGAATAGCAATTAATATTGCCTTAATTGTTGGCATCATTAATTTACCTTTATTTATATTCTTCCGAATAATGCTGAAAAGTACTCATAATTTCTTAGACAAAAACATTCCACTACGAAAGAAATGAATTGAAGAAAAGATTGCTAGTGATGAATTGGAAGGATGAGAATACACCCAAATTTATCCTTTCCTAAGAAAGCTTTCTAGAAGAAAGCGTTACCATTTTCTAAGAGCCTTAGAAAATGGTGATAAACCAACTTCTGTTTTAACAGATAGAGAAAATCAATTGTCTGAAAATCAAATAAGTCAAGCACATGCTTAGTAAATAGACACTTAGCAAATTTATGTTTGCAAGTCTTTTTAATTTTTTAGCATCAAATTCGTCAATAAACTCTCTAATTTTTACCTAAAAATTCCTTATTTATTTCCTTATATTTTTATTTAAGAATAATCTTTTTTATTTCTCAAAATTTCCTTGATTTTATCCAAAATTTCCAATTTTATTTCTGGGAATTTTTACTTGTTTTATCTAAAAAATTACACCTTTCTTTTTTAGTGTTTCTCAAATATTTCTCTAAGAATGAGATTTTTATTCTTTGGTATTTCCACGTTATTTATCGAAATAATCTCTTTTTATTTCTAGAAAATTACTTTGATTTTTGTCTAAGGATTCTCAACTTAGTCCCTAAATTTTCTCCGCTTTTTAGCGAAGAATATTTCAATTTATTCTTTGATTTTTATCTAAAAACTATCCCCTTAGTTACTTTAAATTTCTGTTAAATTTGTTTAGGGACTCTCATTTGTTTCTAAAAAACTTTTCCTTTTTCTTTCCAAAAGATTACAGTTTTTATTCTTAGAAACTTATCCGCCGTTTATCACAATATCTTTTTATCAAAACTTCTCCTTTTTATTCTTTAGGTTCCTCCTTTAATTTATCGAAATTTTCCATTTTTTCTTTTCTGGAATGTTTTTCTTTTTATAGCTAACTTAGTCTTTGAAATTTCTCTTTTTTATGTTCGAAGATTACGAATTGATAGACAAGAAATTGAAGATTTTTCAATTTTTCAAGCCTCCTTTTTTCAAAAAAACAGAATTGGTGAAGTTACTTTTTTAATTTTGTTCTAAAAGTAGCTTCGTTACCTTTCTAATTTAATGAAGATTAAATATTTCTTTATTCCCTTGTTTTCTTCAGCTATATTATTTAGTGCCTGTTCTTCTATTCAGTCTGATCTTAGGAATCTTATTAAAGAAACAACTGGCAAAGATTTTGACGTATCTAAATTAATTAAAACCTCTGAAGGAAGAAAAAACTTAATAAATTCTCTCAAAAAGTCTTACGAATCTAAGCCCGATGAAACAGCTAGCTTATTACTAATTGCTTGAAAGCAAAGTGCAGAAATGGGCGAAATAGGTTTTGATGATATTAAAGAAGGAGGAATTTATACCAGAGACAATGATCCTTTCAAATTGGAACAAAAGGTTGAGTACTTCAATATGGAATACAAAATTTTAGTGATGTTTTAATTAAAGCTAAATTGATCTATATCTTTAAATGGCATGGCGATCATTCTTCTTCAGAAGGCTTAACTGCTAAAAATGGCGGCAAGCATCATTTCGATCTTTTTCTTAATCTTAAATCCTCTTCAAAAAAACCATTTAATTCAAAAA
NZ_CP169364.1_gap8	276052	280301	4249	GGTTCAAAATTTAGTCCAAAAACAGTCAAATTTTTAGCACAAATTTAACTGCAAAAACTGTTCAAAAAATCTCACAAAATTGCAATCATTTTTTTGCAAGAAAATTTATCCCAGTTTTAGGGGGCAAGCGGGGTCAAAAATTGCTACAATAAATACCGTTTTTTCTTTAAAAATTAAGTAGTTAAATTGAACGAACGTTTTTTAATTGAAATCGAAGGTTTAAACAAAACTTTCGATGATGGTTTTGTATCAGTACGTGATATTAACCTCAAAATTAAGAAGGGCGAATTTATTACGATTCTCGGTCCTTCTGGTTGTGGCAAAACAACTACTCTTAGGTTGTTAGCAGGTTTTGAAGATCCTACTTATGGCAAGATCAAAGTTAATGGTCTTGACATTAAAGACTTGCCCATTCATAAGCGTCCCTTTGCTACTGTCTTCCAAGACTATGCCTTGTTTTCACACTTAACTGTGTACAAGAACATTGCTTATGGCTTGAAGGCAATGTACACAAAGCTGGATCCGATTGATAAGCTAGTGGAACAATACCACCAAAGCTTACTGGACAAGCAACACCGCTTGCACAAGAGGATTGAACGCTTAGAAAAAAGTAATGCTAATCCACAACTGTTAGAACAACTTAAACAAACGGTTGTCGTTCAACAAAAACAGTTTAAACAACAAACAGAGACTTTTAAACAAAAGGAAAATGCTCGACGTGATGCCATTCAACAACGCTTGGTGCAACTTACCAAGGAATGGGAAAGCTTATCAAAGCAGAAGTTGCAACAATTAGAAGCGGAGAAAAAGTTGTTAGATAAAAAGTTTGAACAAACTGAGCGCAAATACCAAAAGGATGCTTGGATGGCAACCCACAGTGAAATGCGTTTAAAGCAGTTCAAACAAGAGGTGTTAGCTTTAAAACAACTAATTAAAACTAAGTTCAAACAAAATGAACCAGTTGACAAGTTGCAGTTAAAGCTGCAAACCTTAAAGCAAAAGTATGCTGCTAAAAGACAAATTGATAAGGAATACGATAAGTTGGTCTTAGCCTACAACAAGAAGGACTATTGAACTTCATACTGGGAAACCTATTCTTTACAACAACAAGAAGCCTTTGAAAAGCGTTACTTATCGCGCAAACTCACTAAACAAGAACAACACCAAAAGGTGTGTGCTGTAATTGAGTTAGTTGGTTTAAAGGGTAACGAGGACAAACTCCCAGAAGAATTGTCTGGGGGAATGAAGCAACGGGTAGCTTTAGCGCGTTCCTTGGTAATTGAACCAGACATTCTCTTATTGGATGAACCCTTGTCTGCTTTAGATGCTAAGGTACGTAAAAACTTGCAAAAGGAATTGCAAAAGATTCACCAACAAAGTGGTTTAACCTTTATCTTAGTTACTCACGACCAGGAAGAAGCCTTGGTCTTGTCAAACCGCATTGTGGTAATGAATGAGGGTAACATTCTCCAAGTTGGTAGTCCGGCTGATATTTACGATTCACCCAAAACCGAGTGGATTGCTAACTTCATTGGTCAAGCTAATATCTTTAAGGGTACTTACCTAGGTGACCTTAAGATTAAACTGCACAGCGGTGAAGTGATTAAAACTGATGTGGACAATAACTATGTGGTTGGTAAGGAATACAAAATCCTAATTCGTCCCGAAGACTTTGACATTGTGCCCAAAAACAAAGGCTTCTTTAATGTTCGGGTAATTGATAAAACCTACAAAGGATTACTCTGAAAGATTACTACTAAGTTAGTTGATGACACCATAGTAGATCTAGAGAGTGTCAACGACATTGAGGTTGACAAAACCTTTGGGGTCACCTTTGATCCGATTGATGTTCACCTAATGGAGGTATAGGATGAAACTATCGAAAAAATACCTCTTAGCTGTACCATTCTTTGTTTTAATGGTCATCTTCTTTGTAGTACCAATGGCATGGATTATTGTTAGTGGACTCCAAAATGAAAACGGTGCAAGTATAACGGAAAAGTACCAACCCTTAGTTGGTGGTTATTCTTTCTTTCAGAGTTTTTGAACTAGTCTGTGAACGGCGACTGTGACAGTACTAGTAGCCTTACTGGTTGCCTTTCCCTTTTGTTACTTTTTATCACAAAGTAAAAACAAGGTATTCCGCAGTTTTGTGATTGCCTTAGCTACTGCTCCCATATGGAGTAGTTTTCTCATTAAGTTAATTGGGTTAAAAACACTGTTGGACTTAGTTTTGGGGTTAGCGTTGAACCGGGTGGGTGATAATAACCTCACCTTTGGTAGTGGTTATACCTTGATTGGGATGATCTACCTGTTCACCCCCTTCATGTTTTTACCACTTTACAACAACTTTTGTATCTTACCGAAAAACTTAATCTTAGCTAGTCAAGATTTGGGTTACAACTGGATTACGAGTTTTATTAAGGTAGTTATTCCCTTTTCTAAAACTGCCATTCTGTCAGGGATTGCGTTAACTTTCTTTCCGTCTTTAACCTCGGTAGCGATTGCCCAGTTCTTGGACAACTCGAATCAAAATAACACCTTAGGTAACTATGTCTTTACTTTAGGTAACAATGGTTATGACAGTGCGATTGAGCGCGGCCGTGCTTCTGGTGCCATTATTATTGCGGCTTTAATTACCTTTGCCTTTTACTTTGTGGTGATCTTTGCTCCAAGAATAGTGCGCTTAATCCAGACTAAGTGTTTGAAATACAGGAGGGTTAATGTTTAAGATGAAAAGCTGTAAGTTATGACTACGGGGAAGTTTCTTTGTCATTGTCCTTGTTCTCATCTACCTCCCTTTAATAATAGTTGTCTTAGTTAGTTTTAACGGTTCTTCGACTAGGGGTAACATTGTCTTAGACTTTGGTAATGTTTTAAACCCTAACCCGGATGCCAAGTCAGCATATCTAAGATTAGGGGAAGCGGACTTTGCCATCCCTTTACTCAACTCTGTCATTATTGGCTTAATTACGGTCATTGTCTCGATCCCGATTGCCATCATGACTGCCTTTGCTTTATTGCGATCCAGGCAATGGCTCAATAAAACAGTCTTTGGGATTGCTAACTTTTCTCTAGCAACTCCCGATATTATTACCGGGATATCGCTAGTGTTGTTATTTGCCAACACCTGGTTGAGCTTTAACCAACAGTTAGGTTTCTTTACTATTATTAGTTCCCACATCTCCTTTTCGGTGCCTTATGCCTTGGTGTTAATTTACCCAAAGATGCAAAAGTTAAACCGTAACTTAATCCTAGCGAGTCAGGATTTGGGTTACTCACCCATTGCTACCTTCTTTCACATTACCTTACCTTACTTACTACCGAGTATCTTGTCAGCCATTCTAGTAGTGTTTGCCACGAGCTTTGATGACTATGTGATTACTTCCTTAGTTCAAGGTTCAGTTAAAACAGTCGCCAGTGAGCTCTATTCCTTTAGAAAGGGGATTAAGGCCTGAGCTATTGCCTTTGGTGCCATTTTAATCTTGGTCAGCATTCTAGCTGTCTTGCTAGTAACACTGCACAAGTACCTACGCTTTAAACATAAAGAAATGCTCCGTGTTAAACAATGAAAAAACAGTTAAAGTATTGGTTTAGTCTAATGGGACTAACCATGTCAGTTGGGTTAACTGCTTGTAGTTCCAACCAGTTTGTGTTTGCTAACTTTGAGTCGTATGTGTCGCCCTTACTTTTAGAAAGGGCAGAAGCCAAGCAACCAATGACCTTTCTTACTTATCCTACTAACGAAAAGTTAATTAACGGATTTGCTAACAATACCTATACGGTAGCAGTGGCCTCGAGTTATGCTGTGAGTGAACTGCAGCAACAAGGCCACTTACTACCAATTGATTGAGCTAAATTCAATTTAAAGAAAACCCAAAATGGTAGTAACCAAGCCACCATTCAAAACAAAGAGGATGCCAAAGAATTATTTACCAAAGAAATAGGCGACATTAGTGGTGAACTTTTAAACTGGGGTGTGCCCTACTTTTTACAAGACCTCGTGTTTGTTTACCGGGGCGAAAAGATTCAAGAACTTGAAGGTCAAGATGTTACTTGATCAACGATTATTAAAGCTATTGTTAATCACAAAGACCGCTTTAACAACAACCGTTTAGCCTTAATTGATGATGCTAGAACAATCTTTTCCTTAGCGAACGTCGTGCACCATGAGGTTAAGAATACCACGGTAGATGTTAATCCTACAGGTAGCACCTTAAACTACTTTGGCAACGTTTACGAAAGTTTT
NZ_CP169364.1_gap9	284269	288133	3864	ACCGCTTTCCTTAAAGGTCTTAACGGCCTCCTTGGTGGTTTGGTCGGGGGCTTGGGTACCCTTGGCAAAGAAGACAGACTCGGTTTGTTCGGCTAGGGTCGCTAACTGGTCAATCGCAGCGGGGCGGTAGATGTCTAGTGCCACTAACATCGCTTTTTGTTGAAACTGTTTTTTCAGTCACACCGCTAACTTCCCACAGGTAGTGGTTTTACCTGAACCCTGTAAACCGACTACCATTACCTTAAGTGGACGTTTACTAGTGATTTCTTGGTTGGGTTGGCTCAAAATGTTGATTAACTCTTGTTTAATTACTTTGAGCAGTCACTTCTGTAAGTCCTGACCGGGTTCTACGGTTTGACCAACGGTTTGTTCGCGAATCGCCTTAATGAAGTTTTTGACCACCAACAGGTTCACGTCAGCGTCTAAAAGAGCAATCCGAATTTCCTTTAAAACGGCTTGGACATCGGTTTCACTGATCGTTTGCGCGTTGATCTTTTTTTGCATCGAGCGCATAACGATGCTCGAGATCATTGACTTAAACATGGTGCTTTAATTATTTATTTTTTTATTATTTCTACGTATAGATAAAGCTAGTTTCATGACACCGCACATAAACGCAAAAAAAGATGACATTGCTAAGGTTGTTTTAATGCCCGGTGATCCCTTACGTGCTAAGTGGATTGCGGAACAATTTATGGAAAAGCCCCGGCTCGTCAACGAAGTGCGAGGCATGTTAGCTTTTACCGGTCAGTATAAGGGTAAAACCATTACCATTATGGGCCATGGCATGGGGATTCCCTCAATTGGGATTTATTCTTATGAACTGATGAAGTTCTATGAGGTTAATACCATTATCCGAATTGGTAGTTGCGGGGCGTTGCAAGGTTCCTTAAACCTCCAGGACCTCATTATTGCCGCTAAGGCTTGGAGTGAGTCGATTTACGCTAACGACATGGGTGTGGAAGTGCCAGCAGACAAGATCTTAATGGCCTCCCCGCAACTAGTAGAGTTAGCTAAAAAGACCGCTAACCAACTTCAACTGGCCTTCCATGAGGGCTTGGTGTTCTGTGAGGATGCCTTCCACCAAACCAGGAAAGACGTGTTAAAGCTAGCACAAGAAAAACACGCTTTAGCAGTGGAAATGGAAGCGCATGCTCTGTACGCTAATGCCATGCTGCTCAACAAGCAAGCGTTAACGATGCTCACGGTGTCCGATTCTTTGGTAACCCATGCTGCTCTACCAGCGGAACAACGCCAAGCCACCTTTAAGAACATGGCTATCTTATCCTTGGAAATGGCTAGCCAACTCGTTTAAACAATGAAATTAGAATACAACCGCATTATTGACAGTACACTACTTAAAGCTGATACCTTACCCCACGAAATTGATGCTTTATGTGCTGATGCTCATAAGTACCAGTTTTACGCAGTTTGTGTCAATCCTAGCTATGTGCGGTATGCCAAAAATATCCTTAAGGGTACGGGGGTGAAACTGTGCACTGTCGTTGGTTTTCCCTTAGGACAAACAACACAACGCCAGAAGGTGTATGAAACTAAGATTGCCATTAAGGAAGGTGCGGATGAAATTGACATGGTAATGAACATTGCCGAGTTCAAAAAGCGCTGTGCCTGTGTCATTAGTGAAATAAGGGCAGTCAAAAAGGTTTGTGGTAAGCGAACGCTCAAAGTCATTATTGAAACGGCTTTGTTAAACCAGGACGAAATTCGTGATGCCGTTAATGTCTGTATTGATGGTAACGCTGACTTTGTCAAAACTTCTACCGGGTTTTCCATGCGTGGTGCATCATTGGAAGATATCACAATTATGCGCGAAGCTAGTGGTAATCTCATTAAGATCAAAGCATCGGGTGGGGTTCAAACAGCGCAGCAATTCCTTGACTTCTTTAATGCTGGAGTTAGTCGGATTGGCACTTCCAATGCGGTCAAGATTATGGAAGAATTGCACAAACTAGAAAGCCATGAACATCGTTAACCTTATTAGTAAAAAGCAACGCGGCAAGGCGTTAACGGAAACAGAAATTAACTGGTTTGTCCATTCCGTTAATAACAAAAGCTTGGCCGATTATCAGGTCAGTGCCTTTTTAATGGCAGTGTGATTTCAGGGGATGAATTCCAAGGAGTTGTTTTGTCTCACCAAAGCGATGGTGAAATCAGGAGAGAGCCTCCACTTTAACCACCACAGCAAGTTAAGTGTTGACAAACACTCCACTGGTGGTATTGGTGACAAGGTTTCCATTGCTTTAATTCCAATCTTAACTGCCTTAGATTACAGTGTCGCAAAACTGTCGGGTCGTGGTTTGGGCTACACTGGTGGCACAATTGACAAATTGGAAGCAGTGGGAGTAAAAACAGATTTTACACCAACAGAGGCGCAGAACTTACTAGACCAAAATGACTGCTTTATTATTGGTCAAAGTGAGGGCATTGCTCCCGTAGACAAGGTGTTGTATGCACTACGCGATACTACGGCAACTGTGGACAGTCTGCCCTTAATTGCTTCCAGTGTCATGTCGAAGAAGTTGGCAATTAACAACGACTACATCTTCATTGACCTTAAGTACGGTAAGGGCGCTTTCTGTAAAACGAAGACGATGGCTAAAGAGCTAGCGCAGTACATGTACAGTATTGCCAAGCAGTTTAAGCGCAAACTCTACATTAAACTAAGTGACATGAACCAGGTTTTGGGTAAAACGATTGGTAATGCGTTAGAGGTCTTGGAAGTAGTGCACTTCTTAAAACGGAATTGAACTGAAGTGGGTGCTGACTTTATTCAGTTGATGGAGCAAATAGTCACTGAAATCCTTATAGAAACAAAACGTGCACCAAACAAACGGGCAGCTGTAGCACTTTACCACGCTACATTAGAGGGCGAAAAACCATGGCAGCGTTTTTTAAAATTTATTGAGCTGCAAGGTAGTAGTTGGGAACGTTTTTTGGATTTAAAAGAGCTGTTTAATCCCCAGTATAAAGCGCCAGTGTTAGCATCTCAAAGTGGTACTTTGAGCTATACCAGTCCGGTGGATTTAGCCATGGTCTCGATTAGCTTAGGTGCTGGTCGAATGGTTAAAACAGATCTGATTGACCCAATGGCGGGGATTAAGTTAGTGAAACAAGCTAACGAAGTGGTAAAAGCTGGGGACACAGTCTTAGAACTTTACAGCTCCAAACCAATTACGCCTGCCCACATAGAAGCTGCGCAGCACACCATTATTATTAAGCAGTAAATAAACCTCAATGAAAGTTGATTTAGATTGAGTCCACCACAAGTTACAGGAGGTGGTCAATCATGCCTACACGCCTTTTTCAAAGTTTAAGGTAGCTTGTATGTTGGTGGCCAATAACCAGGCATTTTATGGAGTCAATATTGAAAACGCTTCTTACCCAGTAACCCTGTGTGCGGAACGTAGTGCGATTGCTAACATGGTCACTAGTATCGGCAAGGCCACAATTGATTATGTCTTTGTGTACTTTGACACTAAAACTCCAACCAATTCACCTTGTGGCATGTGTCGGCAAAACATCTTTGAGTTTGCCACTGATAAGACCCAGTTATTCTGCATTGAGAAGGACAAGAGCTTTAAACAATTTACTATTCCCGAAATTTTAAAGGGAGGTTTTCGATCATATGAACAGTAACGCATACTTGGAAGCTCAAAGGTGGCTAAGCCATCCGCGGGTAAAACCCAACTTAAAGGAGGTCATTACGGCTATGAGTGCTGAGGAAATCGAGCACTTCTTTAGCTTAAAGAAACCGAGTTTTGGCACTGCTGGGGTACGGGGCAAAATGGCACCGGGGTACCATGGGATGAATGTGTTTTCCTATGCTTACTTAACCCAGGGTTA
NZ_CP169364.1_gap10	291059	291633	574	CAATTATATATTATCGGTTTGGGTTACCAATTTAATCTTATGGTAACAGTAAAGTTGGAGCAAACCAAAGGGCAGAAAACGTGATCATTTCAAGGCTTTAGCAAACTTTTGCTCGACGTTTTCGGCAACCTCGTTAATAATGTTGGCTGCCATATTGGACATAACTAATTGGGCCACCATTAAAAGGATTTCTAACACCCCTAAAACAATTAAGACTGTGTTGAGGTTCCGAAAAATCGGATCACGACGTGGTGCACTCAATGAAGTTCTGTTAATGAGGTCATACATAATGCCAATGCCAATTAGGGAGATAGTGCACACAAAGAAGAAGATGCACACCAGCATCGTTAGTTCATTGAGCAGATTGAGCTTCTTAATCACTTTCATGGAATAAGGTGTAGAGCTTATTTGATTTTAATTGCAATCGTTTAGCTAAATAATGACAAGCATCCTTAACCTTAACGCCCATTTGGACTAATTGGGTAATTTCTTGTTTTAAGAGTTGGTCGGAATATTGCCCCACCGGTTGGGTGTGGTGGTTGTTAATCACAATCACAAACTCGCCCTTTAGAGT
NZ_CP169364.1_gap11	403455	408064	4609	AATCAGGTGATAACAATGGATTGGTATCGCTTGCCCAGCGCTCCACTACTGTTGCTGTCCAAAAAAGTGACTCTTCTGGTTCTCAAGGCCAAGGCACAACCGATAACAAATTCCAAAAATACCTCAACACCACCCAGGCCCTGCACCAGATGGGGGTGATAGTGTCATCTTTGGAAACGTGGGCGGGGGAAAACAAGTACTGGAATCGCTACCCGTGCTGCTGGTGGTGTTTCAGTCCAAGCAGCGACCCGGCAATCGTCTTCCACAAATGAAGATCTACCGAATGTAATCACCCAGTTATACCATACTTCAACCGCCCAACTCGCTTACTTAAATGGCCAGATCGTTGTGATGGGTTCGAACGCGGTACCGAGTTTGTGGTATTGGGTCGTGGATGAGCGAACCACGTCCGGAAGGGGTACTTGATGAGCCCACACCGAGTTGAACTGGGGCACCGACAAGCAGAAGGAGTTTGTGGAGAATCAGCTTGGTTTCAATGAAACCAGCGCCACCGACTCGCATAACTTTAAAAAAGCGCTGTTACATCAACCCGCCTACCTCATCAGTGGCCTTGACGTTGTGGCCGACCACCTCGTCTTTGCGGCCTTTCGAGCCGGCGCGGTGGGGTATGATATGACGACTGATACGAACGCTTCGACCTACAACCAAGCGCTCACCTGGTCGACCACGGCCGGGTTGGACAGTGCTGGGGGGTACAAGGCCTTGGTGGAAAACACGGCCGGGCTCAACGGCCCGATTAACGGCTTGTTTACCCTGCTCGACACCTTTGCGTATGTGACCCCGGTGAGTGGGATGAAAGGGGGGAGTAAGAATACGGAGGCAGTGCAAACGACTTATCCGGTCAAGTCCGACCAAAAGGCTTCCGCCAAAATTGCGTCCTTAATTAATGCCAGTCCACTCAACAGTTATGGGGATAAAAAAAGCCATCCACCTAAGGTGAAAGGCAGACAGCTCCAAAATATTTTTGACGATTGAAAACTAACAAAAGCTGTTAGTTTGATGTAGAGGCAAAACTATGAATTTACTAAATTTATTTAAATCAGCGGGAGCAGGCTCGTTTTTTCAACACAAGTCACTCTGCCTGCTCCCACTAAATAAATTGAGAAAGATTTTCAAAGTAGTCAAAAAGTTTGAATATTTTGCAATTTGGGTTTGTAATCCCTTCTAACTATTAATAGGAACTTTTACTTTCAAAAAAGTTTTGAAGTTATTTTGGTGTCTTTACTAACTTTAAGCAATTTAGTTAGTGTAAAGACTCATAATGTTTAAATTAAAAATTAACAACTTCCAATTAGGTTTCAAACTCGTTCAGTGACCAGTGACGAACCACCTCCTTAAACATTTTTACGTTTTTCCAATCAATAATAAAGGAGGTCTTCACCATTAAACGCACAATTTCACTTACTTTGTTTAAGAAAAGACTCAACAAAGATAAGATTAATAATTGTCATGTTTGGGAAGAAGAGTTACCTGATGGTAGCTACGACATGGAATTTAATGGCAATTTAAACCATATGGAAAAACGAAAAAGTGGTTATGTTACCCAAAAGCAGTTTAACGAATATAAAGACTCAAACGACCAACGGCTCATAAAGATTGAAACTACTTTGGCTGCCCAAGGTGAGCAAATTAGTCAGCTAGTTCAAATTGTGTTCCTCCAAGGAAAACAAATTAAAGAACTTCAAGCGGAGCAAAAAGCACAAAGAGTTGAATTTAACGCGCGCATGGATCGCTTTGAAAGCCTTGTGCTTAAGAGTCTGGAATCAATCGGAAACACTTTGACTGATTTTGGTAAACGATTCGATTCAATGGAAACTCGTTTGGACTCTATGGATGGTCGTCTCGATTCAATGGAAACTCGTTTAGACAAAATCGATCCACCTAAATAGTTTTAAGCTAAAAATACCAGCAGCTAAACTGTTTTTGGTATTTTTATTCACAAAAAAGCTAAAACGATTTAACGACCAAAATTGGTTTTAAAAGTAATTTCAAAAAAAAATAATAACACACTGAGTAGAACCATTTAAACATTCAACTTTTAATTAATTAAAAACAGTCAAAATTTGCTTTTAAAAATACTTTTACTTCAGTAACTCAAACTAGTAAATTTCAAGGGTTAAACATCTACAAACTTTGTTAATATTTCTCTAAATTTCGGGTTTCTAGTGTTTATGAAATTTAAGTACGGCGCTATTGTTTTTAGTGGTCTTTTGGGCGTTTCGGCCATTTTAGCTGCCTGTGGGGCAAGGGGCAAATTTAACCAAGTTGATGATGGCAAGATTAAGCTAGCTTCATCTTTAACTTCCAGAAGTGCGTCAACAGCTTTACAAAAAGTTGTTGAAAAGTACAACAAGGTTAAAGGCGTAAATGATTACCCCATTGAAATTACCCAAATTGCTGGCGGTTATGATGGCGGGCGGACTGATCTACAAACCCGAGTTAACGTTAAAGACACGACTAATTTTTATAACCTCATCTTGAACTATCCCGACTTAGTTTCCACTTTGGGACGTGTTGGGATGGAACTACCTTTTGATAAGGTTAAAACTGATAAGTTAGCTGACCGTTTTTTGGATTTCAACAACCGTATTAGTGCCATTTCCAAAAAGGGCATTTATGGCATTCCGGTTTCTTTATCCACCGAAGTTTTATCGATTAATGGACCCGTTTTGCACTATATTTTGAATAGTGCACAAGGAAAGGTTAGTTCTGTCACTTCGGTGCAAAGAACAGCAGATTCTGGTAGTGGAACAACAAATAATAATGGAGTAACAAAACCTTTGAAGATTGATAAAGAAAATGAATCTACAAAGAAACTTTGAGAAGAAATAGAAAACAAGGCAAAAGAAAACGGTAAGAAAACGAGTTCTTCAAGAAGAAAAAGAAATTTAAGTAGTTCTAAACAAATGAGCACTCAAACTCAACCTACTGACAATAGTAACGATGCTAATCAAAGCGACCAGGCGATAGAAAAGACTTGGGGTAAATATCAGGAGGTTGAAGGTGGTTTAAAAGATTACACCTTCAAAGCCAGTGTGTTTGAAAACTGACACGATTTGCTTGACTTTTCTAATAGGGTAGCTAAGTCATTTAGCAATATAAACACTAACACCAATAAAAAGGGCACCGATATTCAAGGTGTTCTGGGAATCGATAGCACTCCTAACTCCTTATTTACCTCTGTTTTTGCTGCAGGTGGCGGTAACTATGACAACTTCTTTTATAAGGTTGCAAACGGTCGGGCTGACTTTAGTAACTTTAAGAATAAAGGCACTTCTTACCAAAACTTACAAAAAGTTTATGGTGATTACAAAGGCTTGATTGACAGCAATGGTCTCTTTGTCAATAAGGGTGGTTCTTATTCATCGAACTTCCAAAAGTTTCACCAATTAGCTTACAGTATTTCCTCGACTTCCGGCTTCTTCTACTCGTTTGCTGGTGAAAACTCAAAGCGCTTGAAGTTTGATGGCGGTAATTTTATTGAGTTTCCTGGATTTACTCAAGCAATTTATGCGCCTGAAAATAATAGTCAAAGTGGTGGAGAGAGTGGCGATCAAACCACAAATAATGAAGCCAATCTTTTAGGCACTTTCAAAATAAAAAGCTCTAATAAATCTAAATCTTCAAGTTCCAAATCAAGCACTAAAGCCGAAACAGGCAAAACTAGTGGTGGAGACCAAAACCAAGGCAAAAAAGGCGAAGGCGCTCAAAATCAAGGCAAAAAAGGCGAAGGCGCTCAAAATCAAGGCAAAAACGGAGGTGAAGAAACAACTATTTACCTTTATAAAAACTCAATTCCATCTGGAAAAAATAAAGGCGAAAATGCAATTCTTATAGATAACAAAACTATTGTGGAACAACTAGAAAGTGCGGCTAAAAAAGAAGATAAGAAGAGTGGCGAATCTACCACAGAACAGACACAAATACAAAGTAAAAGTGTAACAGAACAAAAACAACCCAAAATCATCGGTTACACTACCACTGGCAATGTTCACGAAGACAACAAACACATTTTCCCAATTGACAAACTTACATCTGATCGAAATTTTGACCGCAAAATTATTGTTGGTGCCACTGAAGAAACACTCGATAAATCGAATACTTTGCAGTCCAATGAAGCCATTGTTTTACCAGCACCCTCTAAGTACAAAAGTACTGACACTAACAAAGTAACCATCACCCAAGGTCCGAATATCATTGGAATTCACGCCAACGAAAAGGAAAATGCAGAAACACAAAAGTTTGTGGATTGATTCTTAAACAGTCCGCAAACTTGAGAGGGTAAGGGAAAAGGTAAAGAACAAACTAATAAAACCGCAGCTGAATTCTTTGCTGAATCGGCTTCTTATATCTTGCCACTCAAGGAAATTTTTGAGCAAAAGAATGAAAAGAAAGAAGGCAGCGATCAAAAAGATAGTAAAAGCAATGGTAGAGGTAAACAAACTAACCTCTACACCGAAAAGGCCTTGGAACTATTTAGAGGTATTAGTACCGATCAAATAGTAAGTTACAGTGACCCAAGTGACTTTAGGAGTGGTCGTTTCCGTGATGGAATAGGTGCCACTTTTAACGCAGCAGTAAGCTCTAA
NZ_CP169364.1_gap12	424020	427206	3186	AAGCCAACCAAGCACTTACAGGAAATCCGCAATATGACCGGGTTTGAAATGGGGCAACAAATCACACCGCAAAATCTCTTCCAAGTGGGTGAGTATGTTGATGTAAGTGCCATTAGTAAAGGTCGTGGGTTTACTGGTGCCATTAAGCGCTGGAACTTTAAGATCGGTCCGTTAGGTCATGGGGCTGGTTATCCCCACCGCTTCCAAGGTTCAGTCCAAGCTGGTCGTGGGGGTGCGAGTGCACAAAGAGTGTTTAAGGGCAAAAAGATGTCCGGACACTATGGTCATGAAAAAGTAACGGTACAAAACTTACGCATTGTTGGTTTTGATGAAGCTAACATGTTGGTATTAGTATCAGGGGCGATCGCAGGTCCTGAAGGTGGTGTGGTCTTAATCCGTACCGCTAAGAAAAAACCGGGGGTAGTGAAACCAATTGAGTTAGCTGTTCAAATCGAAAAGGCACCGGAAGCAAAACCGGCCAAGCTTTCCAAAAAGAAACAAGCCAAGGAGTTAGCGAAAGCACAAGCAGCTAACCAGCAAACTGTTGAAGCTAAGGTAGACACTCCAGTAGTAGAACCAAAACCAACTGAAGTTAAAAAAGCAGCACCAGTTGTAGAAAAGAAAGGGGAAGATAAATAATGGCTAAGCTTAAACTAATTAAAATCGACGGTTCCTTTGAAACTGAACCAGTGAAACTAAGCCCTGGTTTAATTGCTAAGGAACTCAAACAACAACCGGTGTTTGATGCCGTGTTAGTAGAACAAGCTTCCTGACGCCAAGGCACCCATTCCATTTTAACCAAGGGCGAAGTCCGTGGTGGTGGTAAGAAGCCTTACAAACAAAAACACACCGGGAAAGCGCGTCAAGGTTCAACCCGTAACCCCCACTTTGTTGGTGGTGGCATTGTGTTTGGTCCCAAGCCCAATCGTAACTACAGCTTAAAACTCAACAAGAAAGCGCACACGGCAGCCTTGCACACTGTTTGGAGTGAAAAGTTAGCTTCAGACAACACCCACCTAGTGGACCAAAACCTCTTTAACAAAACTGAGGGTAAAACCAAGGTGATGATGCAATTTTTAAAGAGTGCCAAGCTCTTGGACAAAAACGTGTTGTTTGTAGTTAATACCCTTAACACCAACTTAGAACAAAGCACCAGCAACATTAAAAACGTGCAGGTCAAACACCTAGACAAGGTTTCTGTAAGGGATCTGATGTTAGCTAACGCTCTTTTAGTTGAAAAAGAAGTTTTAAAAGCTTTGGAGGGCAAATTTAAATAACCATGGATGTAACGAACGTACTGCTAAAACCAGTTCTAACCGAAAAGGTGTACTTCAACCAAATGGGTGAAACCAAGAAGTACGTCTTTGTGGTGAACCCTAAAGCAAGTAAAACACGCGTTAAACTAGCTTTTGAATTAGTGTATGGCATTAAGCCACTGAAGGTTAACACCTTAATTAGAAAACCAACCACCATTCGCGGTGGGAGCCGTTTTCCTGGTTTGAGCAAACTAGAAAAGTTGGCTGTGATTACCTTACCAAAGGGTATTGCCATTTCAGTTACTGGTGAAGCGCCAGAAAAAACCGATAAGCCAGCGGACAAAACCACCCTTAAGGAAAGTACTGTTAAGGAGATTAAGGACACCAAAAACAGTCCAGAAGCTGTTGTGAAAACTGCTGTGGAAGCGTTGCAAATTAAACCAACTGCCGCTCCTGTAACCACCGCCCCTCTACAAACCGTGGCGGTGAAGGTAGCTAAAGAAGTTAAAGAAGTTAAGGTAGAAAAGTCGGTTAAAGTGGAAAAACCAACCAAACCGGCAAAGGTAGCAAAAGAAGCTAAAACGACCAAAGTAGCTAAGGAAACTAAAGCTGAAAAGTCAGTTCAAACAACCAAAGTAGCTAAGGAAACTAAAACTGAAAAGTCAGCTAAAACTACCAAAACTACAGCTACAAAAACTACTAAAACTAAAACCACCAAAAAGGAGGTTAAAAAGTAATGCCTATTAAGAAAATTATTAGTCGTTCTAACAGTGGGATCCACCACTCCACGGTAATTGACTATAAGAAGTTATTAACCACCAATAAGAACAAACCAGAAAAGTCGTTGTTAGTTACCCTTAAAAAACACGGGGGTCGCAACAACCAAGGGAAAATTACGGTGCGCCACCAGGGTGGACGCAACAAGCGCAAGTACCGCATTATTGACTTTAAACGAACGCACTATGACAACATCGAAGCGACCGTTAAGTCGATCGAGTACGATCCGAACCGTTCTTGCTTTGTGTCGTTAATTACTTACGCTAACGGTGCCAAGAGTTACATCATTAGCCCTGATGGCATTAAGGTAGGTGATAAGATCTTGGCTTCCGAACACCCGATTGACATTAAACCGGGCTTTAGTATGCCCTTAGCCTTTATCCCTGAAGGTACCCAAGTGCATAACATTGAACTCCACCCTAAGGGAGGTGGTCAAATTGCCAGGAGTGCGGGGAGTTATGCCCGCATTTTGGGTCAAGACGAAACTGGTAAGTATGTCATTTTGCAACTTTTAAGTGGTGAAACACGCAAGTTCTTAAAGGAGTGCCGTGCTACTGTGGGAGTAGTTTCTAACTTAGACCACAACCTCGTAGTCATTGGTAAGGCTGGTCGCAACCGTCACCGCGGCATCCGTCCAACCGTTCGTGGTTCGGCCATGAACCCCAATGACCACCCCCACGGTGGTGGTGAAGGTCGTAGTCCCGTGGGTCGGGATGCACCCCGGACTCCATGGGGTAAGCGCCACATGGGTGTGAAGACCCGCAACATGAAGAAAGCATCCACTAACTTAATTATTCGTAACCGGAAAGGAGAACAATACTAATGTCACGCAGTGCTAAAAAAGGAGCCTTTGTTGATGCTCACCTCTTAAAGAAAGTGATCGATATGAACAAACAAGAGAAAAAACGTCCGATCAAAACCTGGTCCCGTCGTAGTACCATCTTCCCCGAATTTGTCGGTAATACCTTTGCTGTACATAACGGCAAGACCTTCATTAATGTTTATGTAACTGATGACATGGTGGGGCACAAACTCGGTGAGTTCTCCCCGACCCGTAACTTCAAACAACACACCGCTAACCGTTAGTATGATCGCCTTTGCAAAACAATTCCGTGTGAGAATCTCACCCCAAAAAGCCCGCTTAGTGTGTCAA
NZ_CP169364.1_gap13	440527	442456	1929	CCTCTCCTCGATTAAGTCAATCTCACTGTTATTCTTACTACTGTTATTTGTCAACTGGTTTACCTTCCGTGACCCCGGGTTCTACATTACCGCTGATCAGGTTAATACAGTAAAACCACACTTTAACGGTAATAACTTTAACTTCTGAAACATCTCCCTGTTTAACTATCAGGACAATGTGTTTTCGCAAGTGTTTAACTTTAACCGTGCCAACATGACAGAGTTAAACAAGATTAACTTCTTCTTTAAGGAAACAGCTAATGCTAATGCATACACCAAGGTAACGGGGATTGATAAATTGGCAGAAATGTTGGCTTCAAAGAATCTCTTTAAGTTCAACGGTTCTACCAATGGCATTGATAAAAACAAGATTCTTGGTGCCTTTCTAGATCATAAGATTGCCGTTTACCTCGGTCGTAGTTGGGGTGGTGACTTTAGTGGTTTTGTGATTGACGTAAGTGTAAGTGATAAAACATCTACCTTCACGATTAAACCCTTTTTAGCTAACTCGAACTATGTGTTGACACTGCGTGCCATTATTCTAGCCTTTTACGTTACCCAAAAGATCTTGATCATGATCATTTTGGCAACAGTGTTAACTTCCACTTCAAGCTCGGTTGAGTTGGCATACGGAATTGAACGCTTGCTGTGACCGTTGAAGCTGTTACGGGTTCCAGTCAATGTGTTTGCGATGACAATTGCAATTGCAATTCGCTTTGTCCCTTCTTTATTGTTGGAATCACAACGGATTTTAAATGCCCAAGCATCACGCGGTTTGGACTTTAAGAACGGCAATTTCTTTGTCAAAATGCGTTCATTGTCTTCCTTGGTTGTACCGATGATTTCGATTGCATTCCGCAATGCTGGGGAGTTGGCGAGTGCCATGGAAGCACGTGGTTATGATCCAACTAAGAAACGTACTACCTACCGCAAGTTTAAGATTGATTGGGTTGATGCCACAGCTTTAATTCTCACCGCTCTTTACTTTGTGGTGATTATTTTCTTAACCGTTAAGGGTGCAGTGTTCCTAGATTTAGGGACACCTGAGTGGTTGCTAACCGGCAAGATTAAAGAGCAGGTAGAGCGCTCATTATCAGTTAAAAGTGCCTAGGTACTTAGCGATTGTCGCTTACAATGGTGCTCCCTTTCGTGGTTGAGCCAAACAACCGGGTTACCACACCGTTCAGGGTCAAATAGAACAAAACCTAGCCTTAATTTACCAAACACCAATTAATATTTATGGTTCGGGTCGGACTGATAAGGGAGTGCATGCCATTAACCAAACCTTTCACGTTGATCTACCTGATAAGTTACCACTCAAACAGTTAATTGCCAAACTAAACCAATTAAACTACCCTGACATTTTTGTAAAGGCCTTAGTTCCAGTAGCACCGCGATTTCACGCGCGGTTTGCAGTAAAAACTAAGGTTTATGAATACCTTATTAACACCCGAGCTTTTAACCCAGCACAGTACCACACCGTGTGACAGTACAACCACCCATTGGATTTAGCACAACTTGAAGCGGATACCACGCTCTTTTTAGGCAGGAAGGATTTTTGGAGTTTTAGCACCGCTAGCCAAAAGGACACGCAGCGCACAATTAGTAAAATTATCGTGCAACAAGATCACACTGGTACGGTTAAACTGACCTTTTTTGGCAACGGTTTTTTAAGAAACCAGATTCGAATGATGGTAGCTTCTCTAGTGGCCTTAAACAATCGAACCCTGATGCGAGAAACAGTTCAACAGCTGTTTGATCAACCACAAAAGGGTGGGTGTAAGGTTAAAGCCCCCACTTGTGGTCTTTATTTAAAAACTGTCTTATATGAATAACCAATACAACTGAAACCTCGAAGTTTTACTAAATGGTAAGAGTTTAGCTGATAACTTTACCGAACTCAAACAACTCAGTGAGCAGGAAAAAGCA
NZ_CP169364.1_gap14	444489	446752	2263	GCGGAAGCCATTGTTCTTTTAAAGCAAAGTGACATTGTGGTAACTAATCCACCGTTTAGCTTGTTTCAGGACTTTGTTTGTCTTTTAGCAGAGCATGGCAAACAGTTTTTGGTTTTAGGTCACAATGGTGCTGTCGGTTATAATCAGATCTTTAAGCTGTTTAAGGAAGAACAGTTGTGATATGGTCATACTGTTAACAGTTCGATGTTGTTCCAAGTGCAGTCTAACTTTAAACTGTATGACCCCAAAAGCGTTAACTTTGTTAAAAAGGATGGTCAACTGTTTCAAAAAGTACCGGGAATTTCCTGGTTTACAAACCTCAAGAAAAACCAACAACCAGCTTGACTAAAAACAAAATCACGCTATCAGGGCAACGAACACAAATACCCCAAGTTTGACTGGTATGATGCCATTTTTGTCAGTAAGGTTAAAGAAATTCCCCTAGACTGATTTGGTTACATGGGGGTGCCATTAACCTTTCTCAATTGCTTTAATCCCAAACAGTTTGAGCTAATTGATTGTCTAGCCAATCCCTACGCTACCCTAGACACATTAAAAACTAATGCTTATGTGAGATCACACCACGGTGATGTGAGGAATGTGAAGGGTAAGCGAAGGTATGTTAGGGTAGTGATTAAACAACGTCAAAATGTGATTTAATGCCTTAAGTTAAGTAATTTTTGCAAAAAATTTCCTTTAATTTGCTAAATTATTTTAAGGATAGCACACTGCTGTCAAACCAAATGAGAACGAATGAAATTCAAACTATTTTTGGGCAGCAGCTTTTTTGGTGTTGCCACCTTACTTATTGCTTGTGGTACTGGTCGCTTTGATCAAATCGATGATGGCAAAATTAAGCTTGCTGTTGTCACATCCCCTAGTGCCGCTAGTTCACTGCAAACCTTATTAGATCAATACAACAACACTAAAGCACCAGCTGATTATCCAGTGGAAGTAGTTTCACTAGACAGTACTGGGAGCTATACTAAAGGGAAATTTGATACCCAAAAACGGTTAGCTGCTAAAGATAAAAATAACTTTTATAACCTAACCTTTAACTACCCCGACTTAGTTTCATCTTTAGCAATTAACGGAATGGAACTCAACCTTGATGGGGTTAATGTTTCTAACTTCGAACAGTCTTTCTTAGACTTCAACAAGAACATTAGTGGCGTACGCAAACCCGGCATTTACGCCTTACCAGCTACCATGAGTGGTGAAGTTTTGGTTTTAAATGGGCCAGTTCTCCACTACATCTTGAACAGTGCCAAGAAGAAGGATGGTACCGAATCAAAAATTAAAACTGCTCAATTAAAAACAGCTTCAACTCAGGCAGAAGTTAAGGGTACTATGACCATGGCTAGTGATGAACAAACCACAAAGCTTTGGACTAATATTCAAAACGCCGCTAAGGAAAATGCCGCTAACGGTACAACTGAGAAAGCGGAAAAAACAGTTTCCGCTAGTTCGTTGCAATTAAAAAATACGAATAAAACCACCGAAGGTACCTTAAAAATTGGTACTGATGACAACACTAAAAATCTTTGAAAAAAGATTGAAGATGCCGCAAAAACTAACGGGGAAAAAGGTAATGAGAAGCAAGAAGCTACTCAAAGCAATGCTAGCGCTAGTCTCGTTAAGTTGGATCAAAAAAATACTAGTCAGGATAAAACTCAAAACACCCAGACTAGTGATGATGAAATTAAAAAATCTTGAGGCGAATATAAGGAAGTAGAAGGCGGTCTTAAGGGTTATGAATTTAAGGCTGATGTCTTTGAGAGTTGGGAAAAGTTAAACGATTTTGCAGTACGGGTAGCAAAGTCGTTTAGCAAGGTTTCTGAAGAGAAGAAAAGTGGTAGTGACATCCAGGGTGTTTTTGGCATTGGTAGTTTAGAAAATGCGCTTTACACTGCATCATTTGCAGCCGGTGGTGGCGACTATAACAACTTCTTGTTTAACATTAAAAAAGGTCGCGCTGATTTTAGTAACTTCTTTAACCACAATTCAAAAACTTTCCAAAGTCTAAGAGATATTTTCAACAGCTTTAAGCCTTTAATTGACCAAAAGGGTTTAATTAGTAACAAACACTTTGATACTCCAGTGAATAATTACGCTAAATTTCACCAATTGGCATTCTATGTATCATCGACAGCTCGCTTTCCTTACTCGTTTGCCAAAGATAATGTAAAACGCTTAATTATTGGTAAACGCGAATTGGAAGTAAACCCTAAATCAATGTTTGCCATTAAGAAGGAAAACGGCA
NZ_CP169364.1_gap15	596280	597918	1638	AACGCTCGAAAAAACTAATTAAAGCACTCAAAAACCTCAAAACCAAACGTTTGGTGTTAGTCACCCAAAAGAATTCAGATCAGCTCAACCCTGAGTTTGATGACATTTACCATTGCGGTACTTTATGTGACATTGATGAAATTATTGAAGTACCGAGTGAAGATGGCAAGACAGCTGACTATAAGATTAAGGGTAAAGGATTACAGCGCGTTGCCATTACAAGCTTCTCTGATGCTGATTTAACCAAGTACGACCATCACTTTCTCAACTCTACCCTAACAGAAAATAAAGCGTTAGATAAGTTGTTGGAACGGATCTTTCCCGATAAAGAAGACTTTGCTGAAATTTTAGACAGCTTAAACAGCTTCTTGGAACTGCAAGAGTTAAAGAAGCTATCTAAGGTACCAAAAGACATAAAACGGTATGACATTATTACCTTCAAGCTTGCTAGCTTAATTTTCAAAGACATTACCCTCCAACAAGCCATTTTGGAAGAAAATGACATTGAAAAACGGTTACAGAAGATCATTGGTTCTGGCATCGAGGATTTAGGTCACATCAGCGAAGAAGCCCGCGCTAAACAACGCGAAAGTGAGTTTGACAAGATTGACAACCGCATCACGCGCAAAGTTAACGAACAGTTATCGCGCCAACAACGTGACTTTTACCTCCGGGAAAAACTCCGGGTTATCCGTGAAGAGATCGGGATGACTTCCAAGAAGGAAGATGAAGTATCCAACATTCGCAAAAAGCTAGAGGAAAACCCATATCCAGAGCACATTAAAAAACGGATTTTAAGTGAGTTAGATCACTTTGAAAACTCCTCCTCTTCATCACAAGAATCAACCTTAACCAAGACTTACATCGACACTTTGATGAACTTGCCATGGTGACAGGAAAGCAAGGACAATGCTGATGTAAAAAACCTGATTAAGATCTTGAACAAGAACCACTCAGGACTAGATAAGGTAAAGGAACGAGTGGTTGAGTATTTAGCAGTACAGCTCCGTACCAAAAAGCTTAAGGGTCCGATTATGTGTTTAGTCGGTCCACCTGGAGTTGGTAAATCCAGTTTAGCCAAATCAATTGCTGAAGCGTTAAACAAGTGCTTTGTTAAGGTTTCATTGGGCGGGGTGCATGATGAATCGGAAATCCGTGGTCACCGTAAAACCTATTTGGGTTCGATGCCAGGACGGATTTTAAAGGGCATGGTACGTGCTAAGGTTATTAACCCACTGTTCTTGTTAGATGAAATTGACAAGATGACATCCTCCAATCAAGGTTACCCTTCCGGCGCTTTGTTAGAGGTATTAGATCCGGAGTTAAACAATAAGTTTAGCGATAACTATGTTGAGGAGGATTATGACCTGTCTAAGGTAATGTTTGTAGCCACCGCTAACTATATCGAAGATATTCCGGAAGCCTTGTTAGACCGGATGGAAGTGATTGAACTTACCTCTTACACCGAACAGGAAAAGCTACAAATTACAAAGAGCCACTTAGTTAAGCGTTGTTTAGATGACGCTGAGATTAAAACAGATGACCTCAAGTTTACCGATGAGGGTATTAGCTATATCATTAAGTTTTACACGAGGGAAGCGGGGGTGAGACAGTTAGAACGCTTAATCCAGCAAATTG
NZ_CP169364.1_gap16	599103	599815	712	TTTAGATGATTTAGCTTTAAGTATCTTTGTCGGTACCATTTTAAACGGCATTATCTTTAGCGCTGTAACTATTATGTTAGCCACGCGCTTTAGCAACATCCAGAGCTTAATCATTTTGCTCTTGTTTGTGTCGTTGTTTAGCTTTTCCTCACCAATTGCGCGGTTAATCTTCGACACGCCTGCTAAAACGTTGAGCCAACAAGGTTACAGCGTTCGCCAAATTAACGGAATTGCGCACAGCGAAAGCCCTAATGTAGAGCGTAAAATTTACGTTTCGGTCAAAAAGCGGCGTTTAACTGGGGTGGATCGCGAAGAAAAAGAGCTTTGAAAGAGTGATGAGCAAGCAGCACTGCGTGGTAGAAATTTGTATGAGGAGGCACAACGAACCTCCTCTTACATTAATTCCTTTTACACCAACATTGGTTACTTATTTGGCTCGCTTTACCGCTTGGGTGCGTTAGCTGATGAAAATAACTTTGATGCATCAGTAGCAACCCAAAACACCAAAATTCGCTTTGGTAAGTTAGTTGATTTAGATAAGAGTACTGACATTATTGGTTATCGCACTAAAGACCGCTTTGGCCGTTTCTTTCGCTTTCACTTGCGCTTTCCAACGCTCAACTTTAAGCAAAGCTTGAGTAACAGCGGCGTTTTCTTTATCAATAAACGGGGATTAGTTAAAGCTACTTTTAGTGCTGGCGATGATGCCTTT
NZ_CP169364.1_gap17	603266	603820	554	GCAACGGCCAGGATTCCAATAAAGTTAACTCTGTCAGCACGGAGCCTAACAATAAGAATTCATCAGATGCGGATTCTAAGGATAACAATGATTCATCCGATTCCCAAGGCAAAGACTCAAGTAAGAGTAAGCCTAAGTTTAGACCTAGGCTGCCACAATTCTTTGATCGTGTTTCCATTAACTACAGTAAGTTTTCCAGTAGCTTTAACACACAACTAAAACACATTCATCAAGGACTTTCTACCCGTGATGAGGCCATGGAAATCTTTAAAGATAAGGTAGCGTTATTTTATGCCCTATCAATGGCTTATGACAACTTTACTTTCCAAAAGGACAGTGGCATTATTGATAACACTAGCTTAAACAAATTTAAAACAGAGTTTAACAAGAAGCAAAAAGAGCTAACTGAAAAAAACAAGCAAAAACAGGACGGTAAAGACCAAAAGAGTCAAAGAATGACACAAGGTGCTGATAAAGCAGTCACTGTTGAGCCAAAAGCTATGCAGTCTGAAATTGGAATGACTGATCAAACTAATGACCAAAGCAGTTCGGAA
NZ_CP169364.1_gap18	635446	637987	2541	TGCACTGATATGCTTTAGTAACGTTCTCTGTTTTCTTTTTATTGCAACTTGGTTTAGCACAAAGGGATTTGGTCAACACTACCGGGCGTTAATATTTACCTTGTTTATTCCCTTTGTCACTTCACTTTTAGCCAACATTATCTTCATTAACCTTAATCGCGCTTTTCGCGAATACTTTAAGATCAGCAGTAAAAGCCGTTCTTTTTTGGTAATCTGTGCCTTCTCCTCATTACCGATTGTGAACATCTGGCTAATGTTGTGGTGAGTAGCGATGATTAAGCGCTTTACTAGTAACTATGCCTTTGCTATCTTTGATAAGTACAACGGTTTGACTAGTGGTGTGTTTATCTTTGACTTTGCTGATAATGTCAATTTTGAGGGTAAACTAGTGAGCTTTGACAATACCAAGGACACCAACCGTGACTTTGTCCACTTTTACAGTGAGGCCAAACTTAAACGCGATAAAATTACGCTACAAACGAATCCAATTCCACACGAAAGGATGTATGTTAACCGCATGTACTATCAGCAAAAGCTCAGTATGGGTGCTAACCAAAACAGCCCTTCAACGGCATTTGCTAACTTAAAGCGGTATGTGGAACATAAACAGCAAAAAATTATCAAGATTAAGCAGTTTATCTTGACCTAAAAAAGCAATAAATATATAATCTAAGCCGTTGCTTTGTAAAACCAATGAAAAAAGATTTTCATTTTCCAAGCCAATCCGTTAGCTTCAAGTGTGCTTCTTGCAGCAATAGTTTCACCATTGAATCAACCCTAAAACAAAAAGAAATTACGATTGATATTTGTGGTAAATGTCACCCGTTTTACATTGGTGAATTAACCAAACAAACAGTCCACGGTCGTGCGGAAAAGCTTTCTGGAAAGTTCAATGCTGGCAAAGCCTTTTTAGAGAATAAAACTCCTAAAAAAGCGAAAGGCAAAACAGAAGAATATACCAAACACCGTTCTTTAAACGAACTGTAGGTGGAGTTTGACAAGCAGTTCTTTTCTAGTGTTGAAAAGATTGTTGAACTTGCTGAACAACTCGAAAAGGACTTAAATAAACCCGATTTGACCTTTGAACAGATCAAAGCGATCAACAAGGAACTGAAACATAAACAACCCTTAGTTGTTAAATTCAAAGAATTTAAACGGCTCATAGATCAAGCTTTGGAAGCGGAGGCCATTTTGGAAAACAACGAGCTCAAGGAGCTACATGATGAGGCCAAAAAAGAGCTGGAACGGGTGCGCAGTGTTGTCCCTGAATACGAAGAAGCGTTAAAACTGTTGTTATTACCAATTGATGAGAATAACCAGAAAAACGTGATTGTAGAGCTTCGTCCCGCTGCTGGTGGGGATGAATCGTGCATCTTTTTAGCTGATTTATTCAATATGTACCGCAACTTTTGTACTAACAAGGGTTGAAAGTTGCAAATTAACGAAATGATCCCATCCAGTGTCGGGTTAAACTTCGTTTCCTTTGAAGTTAATGGTGTCGATGTGTTTGCCAAGCTCAAGTTTGAATCTGGCGTACACCGGGTACAACGCGTACCCGCTACTGAATCCAAGGGGAGAGTACACACTTCAACCGTTACGGTTGCTGTTTTACCACAACTAGAAGCGGTTGAAGTTCATATTAACCCAGCTGATCTTAGAGTAGATACCTACCGTGCTTCGGGTGCTGGGGGTCAACACGTTAACCGGACTGAAAGTGCAGTGCGGATTACCCATTTACCAACTGGCATAGTAGTTTCGTGTCAAGAGGGTAAATCACAATTTACTAACCGTGATACGGCAATGAAGATGCTACGTGCTAAACTGTGGGAAAAAGCGCAGAACGAACAGTTATCAACCCAAGCAGGTTTGCGTAAAAGTCAGGTTGGGTCAGGTGATCGTGCCGAAAAGATCCGCACATATAACTATCCCCAAAACCGGGTCACAGACCACCGCATTAAACTTACCGTCAATAAGCTTAACACGATTATTTTAGGTGACCTTGATGAAATTATTGAAGCGTTGCAGGCAGATGAAAAGAAACAACAACTAGAGAACTTTTTCAGTTAATGAACTTGTATGAACTTTTCTTGAACCAAAAGCTGCTGTATGGCACCGATCCGCACTTTAACGGTGTTTTTCTCACCCTATTAGAAAAGTTTGGTCTGCACTTTAAGGATTTAACAGCACTGTGAAAGCACGCTAAAACAATTACTGACTTTGACGAACAGGGAATTGTTAATGCTTTAAAAGCTTACTTTGTCGATCAACTACCCTTACCCTATATTACCGGGAGTGTTAAGCTAGGTTCATTAACTTTTAAAACTCAACCTGGCGTCTTTATTCCTCGTGCCGACAGTTTAGCGCTTTTAAAGGTAGTCAAAGCACAAAACCTTAAAACCGCGGTTGACCTTTGCTGTGGAAGCGGTACGTTAGCAATTGCGCTAAAAAAGCGTTTTCCTCACTTAAATGTTTATGGTAGTGACCTCAACCCCCAAGCATTGCAGTTAGCGGCGCAAAATGCCCGTTTGAATATGGTTGAAG
NZ_CP169364.1_gap19	663072	664129	1057	GCAGCTTAACGATGCGTTAGTCAACCACAGCTTTGTGGACATTAAGCGCCGCGGCAAGTACATTATTTTTTGTTTAAGTAACGGTTTGTTTTTAGTGTCACACTTACGCATGGAAGGCAAATATTTCTTTGAAGCTAAAGGCAGTCAGTTTGACTTAAACCATGTTTTAGTCGAGTTTTTATTCCAAGATGGTGATCAACTTAACTATCATGATACGCGTCAATTTGGTACCTTTCACTTGTTCAATAGATATCAGTTTGAAAACGCACGTGAATTGAACAAATTAGCACTCGATCCCTTAGATCAGGAATTTAACCATCAAGCGATCTTTAACAAAGGCCATAAGTCCAACAAGAAGATTAAAACCTTTATTTTAGATCAGACCAACATTAGCGGTATTGGCAATATTTACGCTGATGAAATTTTGTTTGCAAGTAAGATTCACCCTGAAACTTTAGCTAAAAATTTGAACTTATCGCAGTATCAGCTAATTTGTCAAAATGCAACTGATATTTTAAAGAAAGCAGTTGAAATGAAGGGTACTACCATTGGCACTTTTACCTTTAAAAAAGATCATACCGGTGGTTACCAACACTTCTTGAAAATTCATGGCAAAAAGGGGAAGCAATGTCAAAGCTGTAACACCACTATTATTAAGAAAAAGATTAATGGTCGGGGCAGCTATATTTGTGAAAAGTGTCAAATACAGCGTTAATGGTTAACTGTTCCAGTTAATGCCAGAATTATGGCTTTATAAAAAAGAGCTTAAATATCTTAAACTTAAGCTCTTTTTGATCACTTAAATTCACCATAAAGATTGTTTTTAATCCTTAGATTAATCCACGCTTGTTAGAAAAAATATGAAAAACAAAATTAAATACGTTTACTCCGACCTGGATGGCACGATTGTGAGCTGAAATCCTAAAAACCAGTTTACCCATCAGGGCAAAACTTACAAAAATCTCCATGAAGTTAGTCACGCTACCGTAACTGCTTTTAAACAATTACAAGCTCAAGGTATCAAAATTGGAATTGTGACTGGCCGTGATTACTGTCG
NZ_CP169364.1_gap20	665213	666501	1288	TAAAACAAGCACTAAAAGCACGTGGCGTTGATGTAGAGCAGGTGCAAAAGTTAATTGCTGATCCGACTTACCCAATTCTTACAGTAATCAATAACAGCACTGTAGCTGAGTGTGCTTTACACGTTACTCAATTTTTAGAAAGCATTGCAAAAAGTGATAAATGCCATCATGGTCATTATCAAACTCCGAAATAAAGGTCGCGTTTTGTTTTGCTAAATCACTACCGTTAGCCATTGCGACAGAGTACTTGACAGCATTAAAAATTTCCACATCATTGTCCCCATCGCCAAAGACCATGGTCATTTGGGGATCTAAACCGGTTTGCTGTTCTAATGCTTTGAGACCGTATGCCTTATTGACATCTTTGTGCATAATGTCAAGCGCAAAGGTCATAGAACTGACATAGCTAATGTTTTCAATCGCATCGAGATGTTTGGTTATTTTACTAATGCGACCCCTGTCTTCAGTGATTAAAAGAATCTTGGTAATGTTTTGTGTGGCAAAATCAAACTTGCTAGCATCAGTTAACGGATTAATGGTAAAGTTATTTTGTGTAATGTCAGGTTCTACAATTTTGCTTTGAGTAGTGCGTAACCGTTTGCAAGGTATACCGGGTTTTTCAAAACCAAACACCTTTTTATCAGTGTAAATGCAAAAGCTTTCTTCCAATTGCAACAGTAAACGCATAATGGGTACCACACTTTGGGGTGCTAACTGGGTCATATGCAGCGCTTTTTCCCGAGCAAAGTCATAAATTAAAGCACCGTTAGAGGAAATAACCGGTAGATCAGGTTGAATAAACTGAGTGGTATTGCGGATTAAGATATGACTGCGCCCAGTCGCAAAGGTAATTTTAAACCCCTGCTTTTGCAACTCTTTGAGAAAAGTAACAGTTTGTGGTAGTGGTTCATGACCCCAAGACAATAAAGTACCATCGAGGTCAAAAATTAAGTTTTGTACTTTTGGTTTCATAGCTATTCGGATTTTAAAAGAACATTAATAATACGATTAGGGACAAAAACAACACGCGCTAAGGGTTGGTCGAACAACGCTTGGAATTCCGGATCTGTCTTAAAGGCTTTTAAGACAGTCTGTTCATCAACCCCTTTAGCAAATTCCTTGGTACCTTTGAAGCGACCGTTGACCGAAAGAATAATTTTAACCTTATCGGTTTCAAGTACGCTGTTATCAACATTTGGTAGTTGAGCATGAACAATAAACGGCTCCATCCCTAGTTTAGCGTTTAATTCTTCCGCTAAATAAGGTGCAAAAAACGATAACACCGTCA
NZ_CP169364.1_gap21	709979	712454	2475	TTTAGTTGCTTAGTTAAAGCAGTTTTTTGCTTGTTCAAAGCGGGGTTAGCAATGTTGTTTAGTGTATTGTGTAAACTGTTAATGGTTTCACTTAACTTGCCATTCTGCTCATTGAGGTAAGCTGCAATTGTTTCGTTACTACTAATGATTTCAATCCGTCAACGCCCTGTGCCACGAGCATAGTAATCAGTAATAAAACAGTTCTCAATTAAACCAGTGTGTTCCACATGGGTACCACCACAAAGCTCGACACTAAAATCACCAAAGCGAATTACCCGTAACAACTCGTGGTTCGAATACTCCTCTTCAAAGTAGGCAATCGCATTAAGTTTTTGACTACCCTCTAGATCAGTAAAGATCTCTTCGCGCTGAATGTCTTGTTGAATAATTTGTCGAATCCTGTGTTCCACCCGTTCCAGTTCGGCTCAGGTTAAGGCTCGCGAAAAATTAAAGTCAATGGTAGCTTTTTGCGCTGACTTAAAGGCGCCGTCTTGTTTAATCAAGGGGTCAATTTCATTTTGCAATGCCGCGTGCAGTAAGTGTTCTAAACTGTGGTTGTTTTTCACTAGTTGGCGCCACTTACCGTCATGTACTAGGATTACTTTGTCACCTAGTTGAAAACTACCAGTTAAAAAGAAGTGGAAGTGTTGTTTATTAGGGCCTTTAAACACGCCCTGAAAGCTTACTCTTTGATCATTTTGGCTGTGGTTAATACAGTACCCCTCATCATAACGCTGACCGCCTGATGTGGCATACAGCACCGTTTGGTCAAACACCACATAACCACTTTGGTTGTGCAGTTTTTGCACCGGTTGGTACTGTTCATCAAACAGCCCAATGACCTTGGCGGTGATCTCATTAGCCTCGTATAAGAACTCACTCGCTGTTTTAAAGTTCACTAAGTGTTCATTTTGCTTTTCAAAGCTCAACGTATTACTGTTTTGTTTGGAGATCAAACGGTGCTGTTCCATCAGTTGTTCCACGGCCTTTCAGTCTACCTGGAGTTGGCGCTTATCCACCAGTTCCTTAATCATTTCAATCGGAAAGCCATAGGTTTCGTACAACTGGAAGGCTACTTGGGGTTGGAGTGCATTATGAGCAATACTCTTTTCAAACAGCATTAAGCCCAAGTTAATTGTTTTATCAAAGGCCGTAACTTCCTTTCAGATTGCTTGTTGCACCACCTGGTTTTTCCCCTGCAACTGCTGGTAGTAAGACCCATAAACGCTAATAATGGCATCGACCATCGGATCAATAAACTTTAAGTCTAAGTCCAGTTTTTTGCAGGCCAACAAAGCGCGGCGCAGTAACCGGCGCACAATGTAACTGCGCTCGTTGGGTCCTGGCAATACGCCTTCGGCAATGGTGAAGGTAATTGCCTTAAAGTGGTCACTAATAATGCGAAAGGCACTTTGCGCTTCGTTTAACTTTTGGTCAAACTTAAAGTATAAGTTGGTATCATACTTATGCTTACAGTGCTGTTCAATAATGCCAATTAACTTTAAGAAAATATCCGTGTCAAAGTTAGTCGGCGCGTCCTGTAAGATTGCTACTAGGCGTTCAATACCGGCCCCAGTATCGATGTTCTTCTGCGCTAACTCACTGTAGTTACCATTGCCATCATTGTTAAACTGACTAAAGACAATGTTCCACACTTCCACATAACGGTCGTTTTCAATGTCCTCAAAGAACAGTTTTTCACCAACCTTGTGCGGATCAAACCGCTCCCCGCGGTCATAGTAAATTTCCGTACACGGTCCACATGGTCCTAAACCTAAGTCCCAGAAGTTGCGGTCGCGGTCACACTTAATAATCCGACTTGCAGGAATACCGTGTTTAAGTCAGGTGTTAAAGGTCAATTCATCATCTTGGTACACTGTAATGTAAAAGCGCTTCGGATCCAAGTGGTAATGATTGACTAAAAGATCATTGGCAAAGCCAATGGCCTCTTCCTTAAAGTAATCACCAATCGAGAAGTTACCCAACATCTCAAACAGCGTTTGGTGTCGCGATGTAAAACCGACGTTTTCAATGTCATTAACCCGTAGACAAATCTGGGCGTTGGCTAACCGTTTACTCGGTGGTGTTTTCTTAGCACTAAAGTAGTCCTTTAAGGTCGCTACCCCGGAGTTAATCCACAGCAGTGAAGGATCATTTACGGGAATTAACGATTTGGAAGGGAGTGCTAAGTGGCCCTTGGCAGTAAAGTAATCTAATCAGGTTTGTCTAACCTTATCAGTTGTTCATTTCATTGGTTTAATTGTAAATGTTTGCCTTAAACCAAGGATGACCACACAACAAGCTTACACTTCAAACTTCTTGTTGGCAATTTGTGCATACACCATTCGATCTTGACGGAACTGGTGGAATTTAACCTCACTGTTAAGCGTTCACAGCCCTAAAGGTAACTGCAAGCTCAACACCATGTCCGGGAACTTTTCGTAAATGTTTGTTCAGGGATGGAGATACTGACAC
NZ_CP169364.1_gap22	796348	800503	4155	GATTATTTCCTTAAAAAGACTTGTTTAAATGACCAAAACTAAGTTTAATCCGTACCAATTTCGCAAACAATTTAAGTGGTTTAAAAACAACCCCCAATGGGTTAACTTTGACAACGCTGCTACCTCAATTGCGCTAGACACCGTTAGTCAAGCTTGCAAGGAATACTATGAGCTTTTTAGTGTCAACCCCCACAATAAAACCCCTGATCTCAACAACCAGATTATTGCCATTATTGCTGAAACCCGTCAACTAGTAGCGGACTGGTTTAATGTCACTGCACTTGAAATTATCTTTACAAGTTCAGCCACGGAGTCCATTAATTTGTTTGCCCATGGCTTAAAGCCCTGGATTAAACCCGGTGATGAAATTGTCTTAAAGGGTGATGAACACTCGGCTAACGTTTTGCCCTGAGTGGCACTAGCTAAACAAACAAAGGCCAGACTAGTATGGGTCGAAAAGCAAGCTAACCAATCCTTAGAAGACACTTTTAAGTCATTGATTAACCCGAAAACTAAAGTAGTAGCCATTACCGCTACTTCCAATTTGTTTGGCAATTCAATTGACTTTGCTCAAATTGCCGATTACCTCAAACAAGTCAATCCTAAAGCTTTTGTAGCCGTGGATGCAGTGCAAACGGTGCAGCACAAGCAAATTGACATTGCCAAAACCCAGATCGACTTCCTAGCCTTTTCTACTCATAAGTTTTACGGTCCCACTGGACTGGGGGTAGCTTACATTAAAAAAAGCTTACAACCCCAATTACAACCCCTCAAACTCGGGGGTGATATCTTTACCCAGATTGACCCGGACAATACAATTCACTTTAAAAGTACACCCCTAAAGTTTGAAGCCGGTACCCCCAACATTATGGCCATCTATGCCTTAAACAAGCTGTTGCGCTTCTTTAAACAAAAGTTTAATTTTGCCCAAATGATGGCTTATGGTCACCAACTTAAACAACAAGCTTACGAACTGTTAAACAGTAATCCGCAAATTGTGCTGGCCAACCACGACCAGGATGTCCCGATTTTTTCCTTTAAACACCGCCAATTGGCTACCATTGATCTAGCCACTTTCCTAAACATCAATAAGATCATGGTACGCCAGGGCTCCATTTGTGTGGGACGTTACCGCAATAAGGATTACTTTGTGAGAGTTTCGTTAATGCACTATAACACAGTGAAGGAGTTGCAGTATTTAGCTAAACTCCTAGCAACTGATACCAAGACAATTATTAAAAACGTAATTAAGTAACTATGGATCGCAAAATAAGGGAGCAAATTATTGCCATTTACAGCAACTTACAACACAAACAGGACTTAACTCAGTTTGCCCATTGTTTAACCACTAAGGCTGATGATAACTGTGAGGACTTCTTTAACTTAGGCTTACAGTTTCAAAACAACCAACTAACAGCACTTGGTTTTAACGGGGAGGGTTGTATTATTTCGACAATTGCTAGTGAACTGACTTTAAGTGCGTTGGAAGGCAAAACAATCAAAGAAGCCATTGTCTTGTTAGAACAGTTTATGGAAGCTGTACAAACTGGTAGCTTAAGCACGCCACTACCCCAAGCTTTACAACTGTTGTGGGACTTTCAGATTGACCAGAAGCGTTTAAACTGCTTACTCCTAACACCACAGAATTTGCTACAGTGGCTTAAAGATTTTTCGCACTAAGCGCTAGCGTTTGCCCTAACGCATCATACAAGCGTTTGTCACCCACCAGGATTTGCTGGTGACTACGTTTGTTTTGCACCTGGTTAGCGCGCACTAAGTCTAAAAAGGCTAACTCTTGCGTACCAGCGTCCAAGGCTTGTTCTACTAGTAAAGCCATAAAGATTTCCTTTTTGAGGCCTAAAGCACTGTTCTTATCAGTTTTTCAACTAGCAGAAATTTTGTTAACGTCCTCGTTGGTAATCTGAATGACATAGCTCAAAGTCTTGACACTCGAGTCCTTGGTGAGTGGTACGGCTTTGGCTTTCTTATAGTCTTCGTTACCTTGGGAACTACTACTTGAATCAGACATCTTCACCTTGGTTTGGCCAACATAACCTTCGAACTTGTTAAAGTAAACATCATCCAGTTTGTCCACTACATCAACCAAGAACTTCTTCTTGTTGTCAAAGCTAATCAACGGTTCCCCACTGGAGTTAAAACGTCCTAAGTTACTGGTATCGACATTAACTGCACGGTGCAACACTTCACCAAAGGCATTGAGCTCGGCATCGGAATTAGTGTTTTGGATTAAGCGTTTCAGGGTTGCTTTATCCTTGTACTGGCTCAAGGCCCCGGATTTGTCACTACTTGTTACTAACTGACCAAAGTTGTTAAAGATTTGTTCCGTGAGTCCGGCACTAGCAGTCGACACACTTTGGGGCGAGTTAATCGTTAAACCGTTAAAGCCAAAGAAGTGTTTTTCGTTAGTGGTACCACCAGTAGACCTCTTTTGACTTTTCGTCTTATCATCAAACGGTTCCGCGGTAAAGTTGTAAGTGCTTTCGCTTTCCAGTAACGAATCGGGTTTAATTGGCGTACTCTTATCGTTAAATCAGTTGGTTTCCGAACCCTGGACATAATCGGGGTTTTGGACAAACTTATTGAAGGGGTTGTCGCTTTGAGTATTTGTTGCCTGAGCTGTCTTTAATACTGCTACTTGCGCTTTTGCTGCGGCTGCTGATGCCGTAGCCGTATCATCATAGCTCACCGTTCACGACACAAAGGCACGGGTACCCACGGTAATCGCTTGTTGGAGCAAGCGCTTATAGTTCTTCGCCCCATCCTTAACTAGTCACATTAAGGTGGACAAGAAGCGCAGGTACTTGTACTGCCCATCACTACTAGATGCTTCCAGTTCACTTTCAAACGCTTTTTTACCGAGTTCCAAGAGGGTTTGATCACCAGATTTTTGCATGCCACTTGAAGCTACAGCATTTGCAACTGCTGCGCTACTTGAAAGTGAAACCATTCCTGATTGAGCTGCTTGTGCTTTTACACTACCCAACTCCTTGTAATAACCAAACTTTTCCTTGGAAGTGAGTCGTTGTCAGGAACGTAAGTACAAGGTTTGTTTAACGAGGTCGTTAAAGTCCTTGTACTCATTGCCTTTAAGTTCTTTCTTTTCAGAATCGTAATTGTTCTTAAAGTCGTTGGTATTAGTAAAGAACCACTCCTTAAAGGAATTGAGAATCTTGGTTCACTTAATCCCAACATCAGACAATAAGGCCAAGATCATGTTGGTCTGGGGCTTATTGTCCTTACTCTTGAGCGAAACAATTTCGGAGAACTGACTACCAATTTGGGGTGTTGCACCTCATTTGGTGATTAAACTAGATGCTTTAGTTTCTACATCACTAGTTAACTGCTTTAACTTTTTGTCGTTGTTTTCCCGGGTCGGTTTGATGTCCGGTTGTTTAACGGTGTTTGTGCTTTTTTGACTATCTGTTGTCTTTAGTGTTACTAAAGCGGCAGATCCTGATTCAGATGCTTTTACTTTTCCATCTGCTGCACTATCTTCCGGAATAAAGAACTTCTCTAAAGCGGGGTAACTACCATCACTAGCGCGTTGGTAAGGGAGCGGTTGGCCCAAGCCAATCGCACTCTTTTGGGCTTGTTTTTCTAGTTGAATGTACTTATCAGCGCGGTCAATAATAGCTTGCTGTAAGCCACTCACCTCCCCCAAATCTTTCTTAAACTCACTTAACTTCCCCGCAGCAGCCAAATAATCCTTGTACTCGGATTGGATGTCGGTTAAGGCCTTTTTAAAGGTGGGGTTATCAGTGAAGGGTTTGGCCAAATCCGCACTTGATTTCAGCAGGGACTTGGCTAACTTAACCACTTCCGATTCTTGGGTATCAGTCGATTGCTGTCTGTTTTGCTGGGTAGTTTGAACGCTAACAGAAGCTGCTCGGCTACTCCCCTGCACACTGCCCTTAACTTGGGTCCCCTGACCCGAACCCATCATCGCCACCAAAGCACCGTACAACTTCGCGGTTAACCCCGTTTGTGCTCACGTTTGGAACAGGCTGCCAGATTCCAGTAAGTTCAAACTAAACTCGACGCCGTTTTCCTTAAAGTTATTACTCTTAGCTTGTAAATAGCGGTACAGCAAGATGTCGGCTTGTTTGGTGAAATCGCGTTTGTTGTTCGCCAAAA
NZ_CP169364.1_gap23	804319	808279	3960	AGGTAGTAAGAAACAAAAAACTACCAATGAAAGTGAAAGTGAAACTTTAGAACTCAAACTGGAACAACGCCGTGTAACAACACGCTCACAATCAAAGCAACAAAAGGGGCAAGAACAAGCAACTGATCAAACTGATAGTGAGGGTGTGACTACTGAAGAAGGAGCAGATAACACTGACACTGAATTAGTTGAAACCACAGCGGAAACAACCGAACAAGAAGCTACCACGGAAAGTACAAAAGACACTAAGGAAACTAAAGATAGAACCAAAGTGGACTGATCGCGTCCCCCTTACAGTGCTGAATTTAGTACCCAAAAGGGCAAAGTAGTAGTGGCTTTTGGTCATTTTGACTCTCCGGGGGCAAACACTAAGCGGGGTGAAAAAATCGCTAAGATGGGCAAGGGTCAAGGTGCCCATGAATACTTTGAAGCGCAAACTACCTTCAAGGCAATGGATTCCATTAAGCAGCACTTTAACAACGAAAACATCCTGTTTATGGCTGACACTAACATTAAATTCGGTAATCAAGCCGCTGCTTTTGGTGAAAGCAAAGATTACACCTTTTTAACTGAAGATAATGAAGCGTGAAAATCTTCATTGGGTACAAAGAGTGGTTATGCCAACCCTTATGACAAGATTATTACCTCTAACAGCTTTAAGAATAAGGTCTTGGATCAAGCTGAAACCTACTGAAATTACTTTGACCGTTACTTAAAAACTAAGGGTCACAATAGTTATCTGTTTGATCTAGCTAGTTGGGGCACTAAACCTAGAACTATTTCTGACCACGCCCCTGTAGGAGTGTTGTTTTAAGTTAATTAACAGCGCAAAATATAAACATGGCGGATAAATGTGTGACCCTTTTTGGGTTCCGCCATTCATAAGGGCGCTCGGGAAACCGGGAGTTTTTTATTGCTAAAGAATACAAGTAAACGGCTTTTTAGGCAAAAGCTATTTAACTCTCTTTAAAGCCAAGTCCCACTGCTGTTCGTAAAACTGCTTGGCTTGTTTTAACTGCGCCACATTTTGCACGGTACTTTCAGCAGGATCATTTTTCGATCACATTTCAATTAGAATTGGTACTGTTGGTACATACTGGTGAATGGCTTTTAAAGCTGCTTCAAATTGGGCTGTACCTGTGCCAAACGGTACTTCCTTAAACTGCTTGGGTAAAGTATCTTTAAAGTGAAAGCCCACTATCTTGTCTTGACCTAATGCGATTTCATCAAAGACTGCCGTACTAAATTGCGATAGGTTACCAATATCCGGATAGAGCAAAATGTTAGCCTTACCAATCCGCTTAATCAAGTTTAAACAACGCACAATCGTGCCAGCAAACGGCGTGTCCATCACCTCAAAGGCAATGGTAACAGCGTACTTTTGCGCTAACTCTGCCACTTTCCGCATGTTAGTAATGAAATTGCGTTCTGTTTCTGTGTCATGTGGCTCATAATACACATCATAAGCCGCTAACTGGATAATACGAATCCCTAGTTTGCGTGCTAACACACAGGCCTTTTCAAAAATGGTTAAGCCCTGTTGGACAGTAGTTTTATTCTTGGAACCCAAAGGAAAGCGCCGGTGGGCACTTAAACACATTGAGTTTAAACAAAAGGTTTGTGCTTGTAACTCATTGTGGAGTTGGTTAATTTCGGTATCACTCCAATCCAAGCGTTGTAACCTAGCATCCGATTCATCAATGCTCAACTCAATAAAGTCAAAGCTAGCTTGCTTAGCAATAGCAATTTTGTCCTTTCAGGCAAACTTATTGTTAATTGCCTTTTCATAAACACCCAGGAGGTGTTTATTTTCAGTACTTGTGAAACTCATCTTTAAATTGTTGTACGGTTTGAAGTGGATCACTAGCATCCCTAATGGTACGCCCAGCAATAAAGATATAAATGGGAATATCCTTAAATAACTGGATGTCGTTGAGGGTAATGCCGCCGGTAACGGTGACCTTAAAGCCCAAATCCGCTAAGCGTTTCACTGCTTGCAAATCCTTATCTGATCAGTTGACTCCCGCTGCTTGGGCATCACGGGAACGGTGTCACACTACCTGCTGAACTCCCACTTGTTTTCACTGCGTTACCTGCTCCCAAGTGAAGTTACTGGTCATTTCCACCTGGGTTTCTTTTATGGGCGTGTAACTGTTACCCACAGTTACCACATCCTTTACGGTGGGCAATTCCGCTGCACAAATGACCGTGGTAAAGTGTGCCCCAGCATCAAAGAACATTTGGCTAAACACCTTCCCCGCATCAGCAATCTTGCCATCAGCCACTATTAACTTATGGGGATAGCGTTTGGCAATTTCTTTAACAGCATTAACGCCCTCCGCTGTTAGTAAGATAGTGCCCACTTCAATAACATCAACAGCATCCCCGACTTTAGCCAGGTCATTTAAAGCACTCGCTAAACTGAGGTTATCAAGCGCAATTTGGATTAAAGGTAAAGCCATATTAAGTTAAATATTTGTGTAAGTTAACCCGATCAATCACAGCAAACAAGCTGGTCTCATCACAACAGTCCAACAAGTCCTTAACCACTTGAGTATCTTCTACTAGGGCCGCAATTTGTGGTAAAGCTTCTGTCGTATGAATGGCAGCGCTGGTAGCCGCTAATCCAATTAACAAGCGCACCGGGCGGGGATCGTTGTCAAAGTAAACTGGTTCCTTTAGGGTCACTAAAGAGAAGCAGTTTTGCTGTACCGTACCGTTATTCTGGGCATGAGGCATGGCGACATTTTCCGCAATAATGAAATACGGACCGTACTGAGCTACACTCTTTAGAATGTCATCAAAGTAAGCTGGTTGGACTAACTTGGCAGCAATTAAAGGATGGATGCAGAGCTGTATCGCTTGTTTTCAGTCCTGCGCGGTTTGGTGCAACCGCACGGTGTGGTGTTGCTTTAAGACGGCCTTAAAATCGAGCTTTGTCATCTTAAAGCACCTTACTTAACGCTTGCTTAATTTCGTTTTCATCCATCAGGTTTAACACCCCAACAATCTTGGCCTTAGCATTCGGGTTAAACTCACTCGTTAAGTGAATCGAGGAAATAATAATGTCAGCGCTGTGCTCCATCCCCTTGGTTTGTCCCATTGACAAAGCTTCCACTTTGGCGGTGTAGCCCAACTCCTTCATAATCTTTTCAACCTTAATCTTGATTAGCATGCTCGTACCCATGCCGTTACCACAAGCGGCAATAATGTGTAAGTTCTTATTTTCCATGGTTAGTTATTTAAATCTAATTGTGGGTTAATTTTGAGTAATTGTTGTAATTTAGTTACTTTAGTTTGCTTACCATTGTCAATAATTTGTGCCAGCAAGATTAAACCAACGGTAGCCAAAATTACTAAGATCCAACCACCAATTACATTGTAAGCCCCAATTCAAACTAACAACCCAAAGTAAAGATTCCAGTCAGCCATTCCAATAAAACCGTTGTCAACGGGTGATGCACTTTTACTGATCCACTCAATTGCTTGTGCTAGCGTACTGTTAACAGCTTTTAAACTGTTAAAGCTATCGGATTTAACAAAGCTTTGCGCTTCGGTTATCCGGTTAACACCAGTAGCATTTACAACCTTTTCTACGGCTGTTTTTAATGCCGAACCGTTGTTATTGTCCAAACTATTACCCATTAACGCCTTTAAATCAAAGCTTTGTTTAGCATCTAACAGTGCCGAAGCCTGGTAAGCGTTTGATACGGTGCGCAGCGCAAATGAAATCACAATAATTTCTAAAAAGCCAATAATACCCGGGAGCAGTAAGGCCGCCTTCCAACCACCCTCGGCATTAGCATACACGCCAAAGGCACCACTGTTAAAGAAGAGTGTAATAAACAAAGGAATCGCCACAAAGCTAAACTGGTTACCCGGAATATAGCTAATGCCAGCCATAATGGCAACAGCTAAAAACTGACCAATGACCCCACTTAAAAACCCAAAGGTCACGGA
NZ_CP169364.1_gap24	815922	816422	500	GTTGATCACTTGGATCCCAAGGTGATGACCGCGAACTATCCGCCCAGTTGAAGAACGCCCAAGTGAAACCACCACGGTTTGTGGGACTGAAAGGCGCGCGATGTTTTGCTCCAAACCACCGGGTTCTTCAACCCGCGCCGCCACCCCGAGTGGTTTGATGGCGGGCAGACGGTCGCGGATAACGAAAAGACCGGGTTTGATGTGGATAACTCCGAAAACACCAAGCAGGGCTTTCAAAAGGAAGCTGACTCCGACAAGTCGGCCCCGATCGCCCTCCCGTTTGAAGCGTACTTCGCCAACATTGGCAACCTCACCTGGTTCGAGCAAGCGCTTTTGGTGTTTGGGATTTGTTTGTCTTAATTAACTAACAAAATTAATAAATAGGTCTATAGGTTATATTAGTACACCCCCTACACGCCCTTTACGACACCGCTCAATGGGGGGCTGGATGTAGTGAAGGCGGCCAATTTACACCCCTCATACGAACTCGTGGACTGAAA
