gap_id	start	end	length	sequence
NZ_CP146064.1_gap1	23556	28286	4730	CGAGGGGTTTTGGTGGATAGAGATAGTAACGCCACCGCCATGATGGGTATTAACACCGTGAATGTCCAGCTTTTTATCCAAAAAACAGACAGTGCCATGAGTGCCATGATGACCACGGCAAATGATAGATACCAGCCTAGACCACGCGCTGGACCTCTGGTCTCTGGGGCGTGCCAAGAAAACGGTTCAGACAGGTCATGAGTTGTTGTTTTGGTTGGTTCTGCTTCCATGGTTTTAGTATACCATGAGCATAATGTGTAGGCTAGACGTCGGTAGAACCGCCGCTGACGGCGAAGTTAATGACGAACTTGATGATGGCATAGGCAAAAAGAGCAATCAATAGACCAATCACGGCATATAAGATGGTGTTTTTGGCGGCAGTAACTGATTCTTTTCGTCCACCGGATATGACGTAGCGAAAACCACCAAAGATAAGCATTACCACGCTGACCACAGCGATACCGATCAGCATGAAGTTAATAACCCGACGCACCAGAGAGCTGTCACCATTCCACAGGTTGGTTGGCACGCCATTGCCGCGAGCTGCCTCTACACCTTCTGCAAAACCACCCTCACCAAGTGCCAGAGCCGGTAGACTAGTGATGGTTAATGCTAACACGGTCGTTATGATGATGCTTGCGCCAACGGTTACAATCTTCTTCATAATAGTTATATTATCCTTGGTTGGTAGAAAAAAGTCAACGCTATGGTATTTTGTACAGGTGTGGTACAATATAACCAGGTTTCATGGTCTACATTTGGAGGAGTACCCAAGTGGCTGAAGGGGACGGTTTGCTAAATCGTTAGTACGGAGAGATCTGTAGCGGGAGTTCGAATCTCCCCTCCTCCGCCAGAAACTGATATGAAATTCTCAACTTACGGGTTGGGAATTTTTATTTGTGAACAGGAGTATGGTATAATGTGAACAGATTTCTGGAAGGGTGACCGAGTGGTTGAAGGTACCGGTCTTGAAAACCGGCGTGCGGTAAAACGTACCGAGGGTTCGAATCCCTCCCCTTCCGCCAGAATGATATATAAACACCTCAAGTGGGTGTTTTTTATTTGCCATCAACGCGAAATATACTTGACATAAAATAAAACTTATGCTAATATGATAATCAGGTTTAACAGCGCTCAGTGCGCGGTAATAAAACATAAACAGAGAGATAAATGAATATATTACAACAGATTATTACACAGTTTACCATATTTGTGAGCCTGACTACTGCTTGTGGTGTACTGATGCACGACACCCACGTGGATAAGGCGGTGGTATCAGTATTTAGTGCAGTTGATTTTCAGGGGTCGACTGGTGACGACGGCATGAAAACGACGAGGATTGGCTCGTCGGCCCATACACACCCGGAACACACATCACTGAGTAGCATCATTCATGATGGATCAGCAAACCCACGTTCGACGCCACGAAATGATGACCGAAAATACATGAAAGTCAAGCGTGCCCAGGGTAATGGCGGCCCTGAGTTTGATGGGCAACGCTTGTGTATCGGTAAGATTTGTTTTTAGTTAAACTTGATGACTTCCAACTCGGTGATGAGTCGTTGGATGAGCGCTTGCTGCTCTGTAATGTGCTGGCGAGTTTCCTCCACTAAGTGGGCTGGCGCTTTTTCAGCGTAGGATGGATTGTTGATACGTGCTTCAAGCCCCTCGAGGCGTTTTCTAGCGTCTGCGAGGCGCATTTCTAGCTCAGTTTGGTGCTGGTAGAGCGTTTCATCATCGATATCCAGCCACACCTCCCTGTTCGCTGCGGCTAGCCTGAGGCCACGTGGTTGATCAGTGTGTTCAATTGAGGCAAGGCGCATAAGGTGCTTGATAGTGTCGGCGTTTTCTTTGACCAAGCTGTCGTTGCCGTACAATAAGCGGTATTTTTTATTGCCCGGTAATTCTGTGATCACCCAGCGACCTTCGGAGACTAATTCTTTGATTCGTTCAAATTGTTCAGCCTCAATTTCGTCGTATTGTTCAGGTGTTGGCCAAGAGTCGCGCATCAGGATGCCGTCGGTATAGTTGAGCGTCTGCCAAATTGTCTCAGTGACGAATGGTGCGAATGGATGAGTAATCCTCAGGCTGGTTGCCAGCACCCACGACAATAATGGGCGGTTGATGGCGGTTTTTGATGATTCGATATACCAATCGGCGACGTCGTCCCAGATGGCGTGGTAGACCGTTTCGGCGGCCTCAGAAAAGCGGTATTGTTCCAAGCGAACGGCGATGTTGTTGGCGGCGTCATTCAGCTGGCGAATAATCCAATGATCAGCTGGGGTTTGCGGCTGTAGTGGTACGATGACGTGATTGTCGCCAATTTGTGCTTCAACAAAGCGAGCGATGTTCCACAGCTTGTTGCAAAAGTTGCGAGCAGCGATGACCGCACCTCTGTTGAAGGCTTGATGTTGGGCTGGTGCGCGGCCGGCGATGATACCCATACGGGTGGCGTCTGAGCCAAATTCTGAGACTAGTTCCATCGGATTGATGACATTACCCTTGGATTTGGACATTTTTTGATTATGCTCGTCGTTGACCATACCGTGCAGATAAACGTCCTTGAATGGTAGTTTGCCGGTGCGGTACAGGCTGAGCATAATCATGCGTGATACCCATGCTCGCATGATATCCATACCGGTCTCCATCAAGCTGGTTGGGAAGTATTTGGCTAGTTCCCCGCCATTGAGGTAATCGGTGACGATGTATGGCCACTGCCCAGATGAAAACCAGGTATCAAAGGTATCTTCTTCTCTGATATATGTTGTTCCATTTACAACAATACGCTTTTCGGTCACTCGGGTGTCGAAGATCCAGTCGTTTGAGTCGGTCTCATTGACAAACGCTGGGATTGGGATGCCCCATGGGATTTGTCGAGAGATATTCCAATCCTTAAGTTGCTCCAGGTAGGCGATGAGCTCTTTGCGCTTTGAGGCTGGATGGAAGGTAATCTCCCCCTTCTCTAGCGCCTCGATGGCTGGCTTGGCTAGTGGTTGCATCTTGATGAACCACTGCTCTTTCACCATTGGTTCGATGACGGTGCCACATTTGTAACAATGACCGACAGCGTGTTCAATGTCTGACTCACCGCGACGTAGCTCCATGGCTTCTAGGGCTGCTAGAATGCGGCGTCTTGCTTCTTGCGGATCCAGGCCTAAGAATTGTGGCGGCACATTGATTAATTTGCCATCATGACTGATGATGCTTTTGACTGGTAGACCATGGCGTTCTGCCATCTCAAAGTCGTTTGGATCATGCGCTGGAGTTATTTTGACGGCTCCGGTACCGTAACTCATGTCAACGTATTCGTCGGCGATGATGGGGATTTCGCGGTCGATGATTGGCAGGAGAATACGGGTGCCAATGAGCTTTTTGTAGCGCTCGTCATCAGGGTGAACAGCTACCGCTACGTCACCAAGCATGGTCTCAGGACGGGTGGTGGCAACTACGATTTCACCAATTTTGTCCAGGGTTGGGTAAGCTATTTTCCATAACGTCCCCTTCTCTGTTTTGTGCTCGACTTCGATGTCAGCAAAACTGGTTTGATGAGCAGTACAGTAGTTAACGATTCGTTCGCCGCGGTAGATCAGATCATCTTCCCACATCTGTTTGAAGGTATCGTACACCGTCTGTATCACCTTGTCGTCTAGAGTGAATGTAAGGTGCTTCCAGGAGGCGCTAGTGCCCAAGGCGCGTAGCTGTAATTCCATATTGCCACGCTTTTCTTGGACAAAGTTCCATACTTGGCTGTACAATTGTTCTCGCGAAAAATCAAAGCGACTTTTACCCTGCTTTGCTAGCTCTTTTTCGTAGACTACCCATGTTTCAAAGCCAGCATGGTCGGCACCGGGGATAAACACTGCATCATCGCCCTTGAGCCTATGATAGCGAATCAAGATATCCTTCAGATTCATATCAAGCGCGTGTCCGATATGTAGGTTGCCGTTGGCGTTTGGTGGTGGCATGACGATACTGTACGGCTTACCTTCACCTGTGGGCGCAAAAGAATTACTCGTCTCCCACAGGGCATAGATATCTGGTTCGTAGTCATTTGGAATGTATTGTTTGGCTAATTGCATATGATCTGATTCCTATATATTTCACGGGAAAAATAACACACACAAACCATCGAGTACTTTTCACACGAAAAAGTACCCAAACGAGTTTATGTGTGTATTCTCCCGTGTTTATTTCTGGTTATAGTATACCATAGAACTGGGATTTTGGCGTCATGGCTTACGCCGCGTCGAGCATGGATAGACTTGGTTGAACTTCAAAGTCATATGGGTCAGCAGGTGAGTCGAATTGGGTGCGGAAATAGCCGAGTGTGGCAATCATGGCGGCATTGTCGGTGCAGAGCTGGATGGGCGCGTATTCAATGTTGATGGGCAGGGCGTGGCGCAGTTGGCGACGTAGTTCTTGGTTGGCAGCGACGCCACCAGCAATAACGACAGAAGCAGGCTGAAAATTGTCATAGGCTTTCTTGGTTTTATCAACCAAAGTTTTGATGGCGGTGTACTGGAAGCTGGCAGCCATGTTGTGTTGTAATTCGTCGGTCACCAGGGCAGGGAGCTCGTGTGATGGGAAGGTAAAGTCTTTACCAACTTCCCGCTGTACGGTTCTCAGAACGGCTGTTTTGAGGCCAGAAAAGGAGAAGTTATACTCACCAGCGAGTTTGGCGATGGGTAGATGAAAGGTCTGCGGATCACCGAGCTCAGCTGCTTTGGCGA
NZ_CP146064.1_gap2	40149	41413	1264	GGCGTCGTGGTTTGAAAACGACCTACTATCTACACGTTAAACCACGTCACCAATCAGAACAAACCACGGTTTCGGTGGAAAAAATTGCTGAGCAAAAGATTAGAACAGGTGCAGGCAAGGCGCGTGGCTTTGGCTTTGCGAAAATTAATAAATAAAGGGGGTTATCATGTCAGACTATACACATCCAAAAGGTGGAATTTTAGGCTCGGGGCTGCGCGACGGACTGAGTTTACACCCAATTCGTTACCCATGGGCATACGATCTATACAACCAAGCGGTGGCTAACACTTGGTTTCCTAATGAAGTTCAGCTAGCACAAGACTTGATGGATTTTGAAAAACTTAGTGACGAAGAAAAGCACGCGCTCAAAACCGTCATTAGCTACCTCAATCCGAACGAGCTATTGATCAACAAGTCGTTAGCCTTTGGCATTTACCCATATGTTAATGCTGCTGAAGCGCAACTGTATCTGTCAAAGCAGATGTGGGAAGAGGCCAATCACTTTATGACCTTTGAATACATCATCGAGACCTTTCCGTTTGATCGCGAGGAGATTTACGCGGCGGGCTTTGGCAAAAAATCGCTGGCTGACAAGGCGAACTTCCAGAACAAGCACCTGGATGTCATGCTTGATCCAAATCTCGACATCTATACCTTGGAGGGTAAGAAAAACTTTGTTCGCTCACTGGTGGCGTATAACATCGTACTGGAAGGTATTTGGTTCTACTCGGGCTTTATGGTTGGTATGAGCTTCCGTCAGCGCAACTTGCTGCGTAATGTCGGTACGCTACTGGACTGGATCACCAAGGATGAGAATCTGCACTTGACCTTTGGTATCAACTTGCTACTCACCATTTTGGACGAAAACCCAGAACTGCAAACACAGGAATTTGCCGAGGAAATTCGCAACCTCATCCTGCAGGCGGTTGAGCTAGAAAAAGAGTACAACAAGGACATGTTGCCAAAGGGAATCCTTGGCTTGAACGCTGATTATGTCAATCAATACGTCATGCACATGACCGACCGCCGCTTGGTCGAGCTTGGCTTTGAGCCTGAATACAACGTGGCCAACCCAGCCAAGTGGATGGCTACCGCAAACGATACCCTGGAACTCGTCAATTTCTTTGAGAGCACTAACACTAGCTATGAAGTAAATACCACGAAATAACTACTATGGACAAAATTACAACAGACATTTTAGACACCGTGGAAGTTGGCGCTTTGGCTACCGTTAATCGTGACAGAACACCGCTAGTGACGCCGC
NZ_CP146064.1_gap3	117737	121305	3568	TTTCGAGTTGCTCACGTGCTTCAGCCTCTGATTTTTCTGCTGGTGAGCTTTCTTTTTCGACTCGATTTTTGATAACTTCGGCTGCACGATTGTGTGTTTCTGTTCGCAGATCATTCAGGCCTTCGTGTGATATTTTGGCCTCGTTGTTGAACTTAAGTGATTCTTTCATTGTGACTACACCTAACTTTTATTTAAATTGTACCTACTGAGTTGTATGTGTGCCGTATGATGCGCACTTCTTTCTTGAGCTGCCTGGACCGTAAGTAGAAGAATGTGACGACTGAAAGGATTAGGCCTGCGAATAGCATATTCTCGCTAGCTCCAGTGCGGGGCAGCTGCGTAGCCACTGTCTCGACGACTTTCTTTTCATTTGGACAATCAACTTTAACGCTTACGGTGTTACCGAAAGTGTTGTCCATCCTACAGTCAAAGGATCCAGGATTACTGGTACCAGTGCTCATAGAGGATATTTTACTGGCCATTTGTATCGTAAAGGTGCGTTCTTGGGTCTCGCCAGGTTTGATAGTTATCTCTGGCCATTGGAGAATGGTCTTGCCTCCATTGCTATTGGCATCTTCTTTGAGGGTTCCGCCGCCCGATTCAAAGATAGTTGAATATTGCAGAACATCACCCAAGTTCTCTGTGAATGTATATTTTTCTGGTGCAAAACCCTTGTTGGTGACCTTTAGGTGATAGGTAATACGATCATGTGCTTTCGCGGTGGTCTTAGTAGCGTCCATATTACTCTGAGTGAGGTTTATAGCGCTCTTTTGTTGGATAAAGGAAGCAGAACACTGCTTATCTTCTATCCAAAGAGTTGGGTTGCCTGCACATGGCTGACAGCGTGGGTCATTTTTAAGTAGTGTTGGATTTTGCGGGCACCTTTCTGGCGCAGCGATATTGAACGTCTTTTGACAGCCGGCAGAGGTGCGGTCACCTAGAGAAGTTTTGAGTGTTACAGTTACTTTGTATGATCCAGGGGTTTTTTCTTGATATGTTACATTTGGGGTGGTGCTCTCTAGAGTTTTTACAAGAGAATTACCCCTATAAACTTGAAACACATATTTTTGTATTTTGGCGCCATTAGCGGCACTTGTGTTAGCAGTAAACTGATATTTATTATTATCGCTTTGCTTCACCTCTAAGGTATTACAGGTGACTACGGGAGCTGGAGGTGTAGAACAGTTTGGATAGGTACCGATTTGTCCTGGAGGGCAGGTTGGTGCTGGAGGGATGCTTTTGGTAATGAGATTGCCACAGTTACGCATAATTGCGAACCAGCCGAACTTAGCTGAGTGGCCTACGTACGCGGTATAGGTAAAATTACCCCAAAGCTGATGTGGCCTGTAGTAAAAACTACGCATTCCACTGCCAGCTGATTTAACAGAGTAGGAGCCCTCTCCTTGGGCTGATCCAAAATGTGGAGTCATCCCCCATGAATAGTTGCCGTCACGGCTGTGTAGAGTTTGCAGGTTGCGGGTTGCATTTGATAGCTCTGCGCGGGTGATACCAATTGTATTGAACAATGAGCGGATATCGTTGGTGTTAGCATCATAGTGATTCATCATTTGGCTTCCACTCCATACGCCACCTCGAACCATGTCGCTTGGGTCTGCAGCATTTGCTGATTCCGGAGGAGAGAATACCACTAAGGATTGGACGATTAACGCAAGAACAGTGAAAATTAAGCCTAATTTTCGAGTAGCCTCCTCTTTACTTAACCTTTTTGCATAAAAGCCCAATTCATTGATAAGTGATGGACTAAATGGCAAGTGAGAAACTATTTTTCTAAACATGGTTGCCCCGTTCTTGTATGTTTATGTAATCTATTATTATGATAGTATCTACTCCATTTTAGCATAAGAAATATGTTCAGGTAAAGCACTTGAGTGAACAATTTTTTTGCGGTATAATGAGAGAGTTGTAAATAGCTGACAAGTCAGGAAATAGTGAGGGAGACATGGCTAAACAAACAGATAATCAATCCTATGATGGATCACAAATTCAAGTTCTCGAAGGACTTGAGCCGGTTCGTAAACGCCCAGGTATGTATATTGGTAGTACCGGCTATGACGGTGTACACCATTTGATTAAGGAGATTGCCGACAACTCGATCGACGAGGCTATCGCTGGGTATGCCACAAAAGTTGAAGTAGTATTGCTGGAGGACGGCGGTGTTCAGATCACTGACGATGGTCGTGGCATACCAGTGGATAAACATCCGAAGACCGGCATGAGTACACTGGAAACCGTGTTAACAGTGTTGCACGCCGGTGGTAAGTTTGGTGGTGGTGGTTACAAGGTGTCGTCTGGACTTCATGGTGTTGGATCGAGCGTTGTCAATGCCCTCTCTACTAAGATGATCGCTGAAGTGGTGCGTGATGGTCAGCTCTACCAGGTGGTGTTCGCAACTGGCGGTATTGTGGAGCCGCTCAAGAAGGTCGGTAAGACAGATCGGCCAACTGGTACGCGGATAACTTTCTATCCCGACCCAACAATATTTAAAGAAACGGTTGATTTTGATTATAAATGGGTGGTTAACTATTTACGCCACCAGGCATACTTAACCAAAGGCGTGTACACCTCTGTTGTAGACGAGCGTACGGGTGATCGTCAGGCTTTCTACTTTGAAGGCGGAATTCAGAGCTATGTGAAACATCTGAACCTTGGCAAGGACGTGCTAGCCGATGCGCCATTTTACGTTGAAAAACAAGTTGAAGACTGCATGGTGGAAATTGCTGTGCAATATAACGACACCTATATTGAGACAGTGAAGCCGTTTGCTAATAATGTGCTGACACCAGACGGTGGTACACATTTGGTTGGTTTTCGTTCAGCATTAACCAGGGTTATTAACGACTATGCGCGTAAGAACAGCCTACTGAAAGAGAAAGAAGACAACCTGACTGGCGACGACATTCGTGAGGGCTTGACAGCGATTATTTTGGTTAAATTGCCCGATCCACAGTTTGAAGGTCAGACCAAGAATAAACTTGGTAATCCAGAGATGCGTCGCTATGTTGAGCAGGTGATGAATGAGTACTTTTCGTACTATCTGGAGGAAAATCCTGGTGTTGCTAAGAAGATTGTTGGTAAGGCGACCTTGGCGGCACGAGCTCGCAAAGCGGCACGAGCAGCACGCGACAATGTGATCCGTAAGGGCGCACTTGATGGTATGGGATTACCGGGCAAATTGTGGGACTGTTCAAGTAAGAGCCCAAGTGATAGTGAAATTTACATCGTTGAGGGTAATTCGGCAGCGGGTTCAGCTAAAGAGGGCCGCGACAGTAAAACTCAGGCGATTTTACCACTTCGCGGTAAGGTGTTGAACACTGAGCGGGCTCGACTTGACAAAATGTTTGCTAACAAAGAGATTGTGGCAATGATCCAGGCGTTTGGCGTTGGGATTGGCGATCAGTTTGATATTAATGGTCTGCGTTATCACAAAATTATCATCATGACTGATGCCGATGTTGACGGCAGCCACATCGCGACTTTGCTGTTGACCTTCCTATTTCGTTATATGAAAGAGGTGGTTGAAGGCGGTTATGTGTACCTTGCTAAGCCG
NZ_CP146064.1_gap4	143789	146462	2673	TCGAGAATATACCAATGAATTTCATGGCTATTTGGAGCAGCAAAAACAGCAGGCATACCAACGAATCAATCGGCTGCTGGGTGACGGCGGTATCGTTGACGCGGCATTGTTGAAAGATCGGACAGTTATTTTGGTGAGTGATGGTTTTGGTGATAATCTTTCAAGCCTGGATGTGGCTTTGGGATTTTTAAAATCAATTCGTATTGAAAAACTGGTGGTGGCGTTGCCTGTGTGTAGCATTGCTGCTGTTGATCGATTGCACATCACGGTGGACGATCTGCACATATTGGACGTCAAGGAAAACTTCATGGGAATTAACCATTATTATGAGGATAATGAACTACCTTCACGTGAGGAGACTGTTGCAAAAATCAACCAAGTAATTATGAATTGGCGCTAAAGGACTTGTCGGGTGTTGTAAAATTGTGCTACACTGGAGTTAAATAAAGAAGGGGATGCAGTAAAGAGCACAGGACTATGTTAGACGTTTTTATTACATCGCGGGTGAGGCGTAAGATTGTGGTTGTTTATGCTAAATATCCTGATTTTCACACTCATGTACGTGGGTTGGCGAAGTTGATCAAAGAAGATCCAGGAAATATTCAGCGCGAGTTAAAGAGATTGGAAAAAGTCGGTTTTCTCAAAAGCGAGAAACAGGGTAATTCGCGAACGTATTTCACAAATAAGCAGTTTCCAATTTTCAAGGAGTTGCAGGGAATGGTGATTAAGTCGCAGCAACATGCGGCACGGCCGAAGCGTAGCTCGGTTGATAGAGATTGATGACCTTGTTCGAGCGGATTTTGACGGCTCGTGGTCTGACGACGCGAGCAGCACGTCAGGCTTTTTTGCAGCCGGATTATGCAGCGGTGAAGCATGATCCGTTTTTGCTGCCGGACATGGAAAAGGCGGTGGTGCGGTTAAAACAGGCGTGGGAGCGGGGCGAAAAAATCGTCATTTATGGTGATTATGATATTGATGGGTTGAGCGCCACGGCGCTGCTGCTGGATGCGTTTGGCAAGTTTGGTTTTGAGGGTGTTGATGCTTTCATCCCGAACCGGTTTGTTGAAGGTTATGGTATGACCATGGGTGCGGTGGACAAGGTGCGCGATATGGGCGCGGATTTGATTGTGACGGTGGATACCGGTAGTTTGTGTCATGCAGAGATTGCCTATGCCACCAGCCTGGGGATTGATACGGTGGTGACGGATCATCATAACGTGGCCGAGATGCCACCACCGAGCGTGGCAGCGGTGAATCCAAAATTTTCAGGGCACAGCTATCCATTTCGTGATTTGTGTGGCGCAGGTGTGGCGTTCAAGCTGGTGCAGGCACTACAGACTGAGCTGGATGGCTTGCCTGATGGCTATGAAAAATGGCTGCTCGATTTGGTGGCACTGGGGACAGTGTGCGACATCGTGACGTTGGCTGATGAAAATCGGGCAAACGTCTATTGGGGTTTGGAGGTGTTGAAAAAACAACAACGCCCAGGGCTGAAAGCGTTGATGACGGTGGCGGGTATTGAGCCAGAGCAGGTCAATGCTAGGCATTTGGGATTCGGCTTGGGTCCGCGCATGAATGCAGCGGGTCGGTTGGAGACGGCGCAGTACGCGCTAGATATGCTGGTGGCGCGCGATGGGTTGGCGGCACTGGAGGCGAGTGAGAAATTGGAGGAGCTGAACGTTAAGCGACGCAGCATTCAGGATACGATTTTTGAGGAAGCGTGTATGCAAGCCGAGGAGCTGGCGAATGATCGTGTGCTGGTGGTGAGCAGTGATGGTTGGAATCATGGTGTTATCGGCATTGTGGCGTCAAAACTGGTAGAAAAATATAAAAAGCCGGTGTTTATCATTGGTGAGCGTGGTGAGGAGGCGACCGGTTCGGCGCGTAGCTTTGGTGATTTTTCAGCGGCCGATGCAGTGCGGGCGGCGGATGACATCATCATCAAAGGTGGCGGGCACGGAGCGGCGGCGGGCGTGACGCTGGCGACCGAGAAAATTAGTGATTTTCGCCGGCGCGTTAATGAGTTTTATGATTCGCTGCAGCTACAAAGTCAAGAGCGATATTTGTTGCCGCGAGCTGATGTAGAAATTGATGATTTTTCGGAAATTGACGAGGAGTTGGTGGAGAATTTGGCAAAAATGGAGCCGTTTGGCAATGGCAATCCAGAGCCAGTCCTGAAAATTGCCACGGCAAATGTGTTGAGTGTACGGCGAATGGGCGCGGATGGGCAACACGTTAAATTAGCGCTGCGTGATAAAAATGGTACAGTGTTGCAGATGCTGGCGTTCAACGCACCAGAGGAGTTCTTCCGCGATCCGGGCGACGAGGTAGCGGCGTGGTTTCAGCCAACCATCAACGAATGGCAGGGGGTGCGAACGGTTGAGGGGCGGTTGCTACACGTGGGCGAGGCGGAATAGTCATCATTAGGGCCGTCACAGTGACCACAAGGTTGATTTATATTAATTTATATGATATAATAGAAACCAGTTCAAGGAATAATCCATACTGGAGCACTACGCATATGAATGAAAAATGTAATACAACAATAGATCATGGCTTTGACGACGGCCTTCGTTTAAAACGAGTCAGTCATATAGTGCCTACAGCAGAGGGCACTGAGAACAAGTTGTTTAATGATGGTAAAATAATTCAGATATCGCCAGAAAGGATTGA
NZ_CP146064.1_gap5	243182	246189	3007	GCCACCATTGACCCAAGCGACATTTTCTCCTGCTGCAAAAATAGTCAGGCCATCGACGATGGTTGTAGCTGGCGCACCTGATTTTCCTGAGATGTATTCTTTGACAGCGGCTGAATCCCAGTTGCTCTTGCTCTGAGAAATTGTGTAGTTAGCAGTGCCGTCAGCGTATGCAAATTTCATACTAACCTCTCCCTGCTTGAAGGAAATTGGGCCGTTGAGCGCATAGCCATTTGGTTTGTAACCAGGATAAGTGGCGTTGATACCAGACTGCAGGGCGGCGACACGAATGGAAATGTTTGGCATGCTGAGATAGGTGAAATAGCCACCGAGTAGCATGATGGCAAGCCCTGCAGAAGCCAGGCTGGTCCACCGCTTCAGTTTGCTTTGCTTGCGCTTGGCGCGGTGATGTTTGTCTGGTTTTGGCTCTTGAGCTTTAGCCAAGGCTTCGCTGATGGCCTCATTTTTGAGAATTGATGCTGGCTTTGGCTCGGCTTTCTGAATTGGCGCGACGGGCGCCTTGGTAATTTGTCGCTGCTTGGCGCGTTGTACAACTGGGTGCACTTCTGCCGGACGATCTATCTGAACAGGTTTTTTGAGCGCCTCTACTGCTGGTTTTTGAGCTATCTGAGGGGAGAATTTTTTCACGGCAACGTGTTGCTGTACGGCCGTATGTGGGGTCCTAACTGGACGAGTAGCGAGGGATTTTTGAGGGGGTCGTTTGATGTGTCGTCGGCTGAGGGTGGCTGATTTCTGTACTGGAACACGGTGAATAGTTGCAGTAGTTGTACCGCGTGCGGTTGATGCCTTGACGACGCGTTTGGGCTGCGTTGGCGCTACGGTTGGTGATGTTGCGACTGAGATTGGTAATGGCAGTCCTGTGACTGGGTCGTATGCCTTACCATTGACATTGATAAATTCTTGTTTCATTTCTTCCCCTTGTTACGATGTTCCCTCGCGAACTTCTATATATTATAGTACAAAGTGCCAGCGGTTTTTGCAAGGGCGAAAATGTGGTATAATTCGTTTTATGTACCACAACAATACCTCCGCAAAAGAAATCGTGCGTCGTACTTTGGTGTACACTACCATGACGCTGATGGTGATTGGTCTAATCATCGTTCTTTTGTGGCACAACTTTGGCTATCAATTCAATTCAAAAGATCTGAAAATCGAACAAAACAGCTTAGTGCAATACGATTCATTCCCGCGTGGCGCACAGGTGTCAATCGATGGCAACGCATTTAATCTGACTCAAACCAAGGGCCTGATCGTACCTGGGCAACACCAATTCACTATGAAACTGAACGGCTATGAGCCATGGCAAAAGACTTTGGACATCAAGGCTGGTACGGTGACGCATTTGGTGTATGCTCGGATGATCCCCGAGAAGAAAGAGGTCACCAATTTGAAAGAATATCCAGTGCTAGAATCAGCTAAGTTTGCGCCTGGCGGGCGGTTCATGGCTGGTACTGGCGTGGTGAACGGAACACCGAAACTGTTTTGGGGTGATGTTCGGTCGTACAACAATCCTAAATTTACGGAAACTGACATTAGCACACAACATTTGGCGCAGTATGATGTGGCAACGACCAAGCATCAATTTGCCATCGCTGAGTGGGACTTTGCGGGCCGCTACGTACTATTCAAGCATACTTACACCCCAGAGGGCTCTGACAGCAAGATTCAGTGGCTGCGCTTTGACCGGGATAATCCAAAAGAAATGATTGATGTGACGAATATCGCCAGCGTGGATATTTTGGACGCGCATTTCATCGGTACGAATGGTAATGAGCTATACGTCTTGCAAAATGGTGGTCATGTACGCCAGATGAATGTGGGCGGTGCTTCCCTGTCGCGTCCAGTGTTATCTGGTGTTCAGTCGTTTGTGTTGTATGGCAGTGAGACGATCGCTTATGTCGGTACTGAAGCAAATGTCAAAGTGGCTGGTGTGTGGAAAAAAGGCTGGGAACAGTCGCGCATCATGTATCGAGCTGCGTCAGCGCAGACTGATGATATAGTCAAAATCAAGGCTTCAAAGTATTTCAATAAAGACACCGTGGTTGTGACGGTCAATGACACAGCGCAGATCTATCGCGGTGATTTGCGTCCACCAACCGAGGACTCAGAAGCGGTAAAAAAGTTTTTGAATTCCGTGAAAAAGGTAGCGTTTGGACGGACCATCAAAGATCTGACGCTAAACAGTGACGGTCGAATGGTGATCGTCAAAGATGAGACAGGCTTTGTTAATTATGACATCGAGCGAGAGACTATTTCGCCAGTCATCGCGCTTGATGCAGCGAGTGAGCTCAAATGGCTGGATGAGTTCTATGTCTGGCGACGTAACGCGAGTGGCAACTTGGTGATCCAGGAGTTTGATGGCACCAATGCGCACACACTGACTCCCGTGGCTACTGGTTACGACGCAGCGCTGTCCCCTGACGGTAAATATCTCTACTCGTTTGTCGGTGACGGTGACAAATTAGTTCTCAGTCGTTTGAAGATGACGACCGAATCATAAACTCAAGGAGGTGATTTTCCGGTTATCGAGCGCCAAAGATACGCTCCAAGACGGTTGGCGATGGATTGCCTGGTATTTGTCCTGTTGCGTTGTTTTCAGCAGCAGCAGAAGCGGTGTTGGGGTCTGGGCTGATTTGATCAGCATAGACCAACAGACGCTTGTCGGCAGTGCCAACAGGAACACAGCTGACCAGCGTGAGCATTGGTTTTTGGGTGCCAGTTTGGATTTTGGTGACCTCGTTCGGTTTGACGACTTCTGAACCAGTGATTTTATAGGTGTATCGTTTGCCTTCGTAGTTAAGATATATGACGTCGTCTTTTTGAAGTTTTTCGTTTTGGGCGAAGATGAATTTATATCCTCCGGCGGCAAAGGCGTCATTGCTGGAGTGCCCAGCCAATACAACATTTCCTGCCTGTCCTGGTAGCGCGCTTGCTCCAGAAACGGCAAAGTGCGCTACGCCTTTTTCCATGGCTTTGCGCTGTGATTGTA
NZ_CP146064.1_gap6	329519	331020	1501	GGGCTTCGACGAAACCGCCAAAGCCCAGTCCTACGATAACCAGACCTGCTGATAGTTTAATCAGCAGGTCACCGTTGGTGCCGGTGTGCGCCAGTCCCCCACCTGGCCGCCCGTGCGGCGGCTGGGCGGGGGGCGCGACGACCTCCTGGCCCCTTGTTGGGGTCGGGGAGGCGGCCGGCGCAGTCGCCGAAGGCGTGGCCTTCGGTGTCGGCGTGACCGTTGCTGACGCGCTGGGCGTCGGCGACGGTTCCGGCGTTGCACTTGGCGACGGTTCCGGAGTCGGGCTCGGCTCCGGGGTCGGTGTTGTGCTCGGTGATGGCGTCGGCTCCGGTGACGGCGTCACCGACGGAGTCGGGCTCGGGGTCGGCGTCGGAGTTGACTCCGGTGTCGGCGACGGTGACGGCTCCGGCTTCAGGAGGTAGCTTGCGCCACCTCCTGATTCTGCCCTCCGCACGGTGGCGGAGGCATCCCAGGAGCGATCCTGGGATGTGATAGTCGCACTGTCTGTCCACGGACCGGGGTCCGTGGGGTCAACGTGGAGATAGAACTCCACGCGTGCCTTCTCACCCTCGTTTAGAGTGAGTTTCATCGTCAATACAGTGGAGGAGCACTCCATTGTATCGACTGTCGTGCGATGAGTGTATAGGGGTCTACCCCATACACTCGCTTCTCTGTAAGTTCCTGCTTGCGACAGCACGGTGTTGCTGTCGCAAGAGAAAACTTGGCCCTGAGACGTGAGTTCATCCCTCAGGATGAACTCTTGGGCGTCCGTGGTAGCGGTCGGGGTTACTAACGTAACCTCGACCAATGAGGGGTCATTCGGGTGAACGACACCCCATTTCGAGGCTCCAGGCCCGGGCTGGCTGCAGCCCGGACACTCCCCCACGTGGATCTCAGTCCGGCGGGTTTGACCGCCGATCTCCCACAGGAGGTCCCGGGTTTCCCCGGGAACGAGCGTGTCGTCAATGTCGACGCGCCACCAGCCATACGCCTCGAAGGCGTAATGGTTGGCCACCTCAACGGCATCGGTCAGTGTGATACTGACCTTACCGCCTTTGTAGACGGCGTGAGCGATAATCTCGCCATTTTCGGTGGCGAGATTGATGGGGGTACCGTAATCCCCCAGTTCCGCCGGTGGTGTGAAGGTGATGCTATCACCTTCACAATGACCCTCCTCGAGGGCCAAGCCAAACCCGAATTCCACGGACTTGTAGGCCGCGAAATCTTTACCGTCCATGGTGCGGATGTACTCCGCGCTGATTTCCCCCGCCGAGATCGGCCGGGGAGTGCACGACGACGTTGCTGCCGTCGTGTCGGGGCTCTCGGGGACAGCAGCTGCCACCCCCGAGAACCCGAAGACCATAGCTAGCAGCGCAAACAGCGCTGCTAGCCCACGTTTCTTCATGGGCATGGGAAATCTCCTATGATAGGGAGTTGGAATGGATACAGATGTTAAAGTACATTTCGGTTCGCGTCCAGCTGGGCTGGAACAGCGAATCAA
NZ_CP146064.1_gap7	332380	333232	852	CGGATATCTCCTCACAGTGCAGTTCTGGCTTGGCATTGATAGTAAGGTCGTCAAACATCTCCTGCCATTCACCGTCGTTGTCAGTGTAGAATATCCCGTCAATATGAAACTCACCTGGCTCAAGCATATGTTCCGTCAAAAAATTCTCATCAGCCATGAGCTGGGCACATAGCTCTGAGGCCTCGGCTTGCATTAGTTTAGTGACGCGTTCAGCTGAGATGTTGCGCTGACTCAAATCAGTGACGCGATCGTTAAGTAGATATTCGGTGGCCTGGATTGACTGACTACGCCATTCGTCCTGAAAAGTCGCCAGGTAGTCAACTGACTGGTCGTCGTTTTTTTGTTCAGGGTAGATGAGGTCGATATCTGCTAGCTGATCAAACGGTACGATGGTCTTTGTTGCACCGTGAGTCATTTCGATATGAAGTTTGGGCAGCAGTTTGGCTTCCCCGTCTTCTAAAACGACTGGCACAAATACAGCGAGCTTGTCAGCGATGATTGGCTCGGTTTGTTTAAAAATATTCACAATGGCTTGACAATGCTCTGAGTCGGCAAGCAGCTCATCAAACTTCCTGGTAGCTCTTTCGGTGAGTCGTTGTATGATGAGTTGCTGTTGTTCGGGATCAAGCTTGTTGAATGATTTCCTCGACAAAACTCGGTTGACTAGTCCACCGGTATCATAAACCAGTTCGGCGTAGTCCGACGGCTCTTCTGGCTCTTGTTGACGAATCTCCATGATGTGAGATACATCCAAGCGGTCGCCGTTATCGAGCGCCAAGCGTACCGTGCGTTCGCCCAGCTCTGAACTGACCTCAAACCGTGCGACTGCTTCTGAGAACTGTTCAACACCTA
NZ_CP146064.1_gap8	336754	338182	1428	TAGATTTCCAATGACTTTCTTTGCCATGATGATAAACCCTTTCAAAATTAGTTGAAGCGTATTGAAAGTGTGCGTAACATAGGTATTATACAAAAAAGTGTGGTATAATTCAAGCATGAACGTGCGAGGCCCGCTCCCGATTAAGCGCATCATTAACGCGTTTGGTGCGGTGGGCTACACATTGCTCTTGTTTGTTTATGCGATCATCTCTTTGTCCGCTGTAGTGTGGCTGATGCGTCGCGGTAAGTTCTTTGGACTGTCAGTGAATTTGCGCACCGCAGAACCATTGATGCAGACAGTGCCGACAGAGCCAGAGCCGTTGACGGCTCAGCTGTTGAGTGCTGCGTTGGGGATTGCCACGGCGTTGGTGCTGGTCATCACCCTTACGGCTCTCACCTATTGGCTAGGGCGCGGCGGTTCGCGGATGTTGAAGCGGTCAGTGCGGTTTTGTCAGTGTCCCGTTACGTTGGTGACGTTGCTGGTGGGTAAGGTGCTGGCTTGCGGTGTGGCAACGGTGCCGGTTTTGTTGGCTGGTATTTTACAGATGGGTAATCTGTGGGTGGTGATCATTTTGTTGGGATTTATCACCGTGGCGTTGATCATCTTTCTGCTGCAGCACTATCTGGCATACACCAGTGAAGTCGTGCAAGCTAAAGACGTTTGGTAGCTTGATGCGCGATGTATTATTTTTTGCGTGACAGAAAGTGCGTGATGACATTGCCGGTAACGATGCCAGCTGCCACGCCGCCAGCGATAGTCAAGGCTTTGACGGCTTCTTTGCCAATTTCTGAGAGCATCAACATGCGAGCTATTTTGGGGTCTTTGATTTCAAGGCTGGTTGGAATTTCAGGTGGAGGAGTGTCGTCCTTTGGCGTCTGTGCTTCTTTTGATACGGTAGGTATGCTGTCGTATGTGGAATTTATCATATTAGCCTGGTGTTGCCCCAGGGATATTGCAAAATTGGCAGCAAAATAAGCAGGCATACGTGAGGGGTCTTCTTCACACTCTTCCACGGACTCCTCGTACAGTTGGTTTACATGTAGTTTAGCTTGCGCTGGTATGTCTGCTTGCTTTTCTGGAATACTGTCTGGAGCGATGGCATGTGCTGCAGCCATAACCGCCTGTCTATCGCTTTCCATCAGATCGGCAAACCAAGTGAGCAAAGATTCCTTTTGCTTTGGCGTTGTCGGTAAGTCTTGTAAATAATGGGTGGCGAGTTCTCGTAATGCTGGGAGATACTGCATATTTAATAAGGTGCTGGACTTATTTAGAACACGCTGTTGCTCATCAATAGTCTGGTTGGCAGATAGTCTTTCGAAGGTTGTGATTAAACTATTTATGGCAGCTAGATGTTTACGGGAGGCATCTGCTAACTCATTGCCATCAGGCTCACCTAGTGCTTCTAGCCATTCTTCTGAGGCTTTGGTA
NZ_CP146064.1_gap9	370012	372803	2791	ATTTCGTGATCCTGGCGAATTGCCTCCGCGAACTCTTTCTTATTGGCCGTAAACCAACGAGAGCTCCAGTTCTTGTGAACTTGTAGGCGGAAGTTGATTGGATTCACTTTTTGACCCATTTACTTCTCCTCCTCTTCTTCTGGTAGATATTGACCAACAGTGAGCTGACGCATATCTTCAGAGCTAATCACATCGCTAGTGATACCGACTTTTCCTAGAGATACTGTCAATCCTTCATTAAGCATTGCACGCTCAGCTTGGGTAGGAGCATGGTTTGGATTCAATACACTCATTATGCTTCCTCCTTCTTTGCAGGCTTGGCAGGTTTGGTCTCTGCCTTTGCCTTGGTCTCTGGTTTCTTCGCAGGTGCCTTCTTTGGCTTCTCCGTGCCAGTTACTTCAACCAAGATGTTTGACGTCTTTTTCTGGAACGGCAAGGCACGACCGCGTGACGCTGGCTTAAAGCGACGCAGACGCGTACCAGTGGTAACACTCAATGTGGTGATCACCAAGCTTTTAGCGTCCAAACCGTGGTTGTTGATAGCGTTTGCCTTGGCACTGTCGATAGCCTTTTTAACTGGCATAGCAGCGCGTTTTGGTACGTGCTCCAAGATAACCAATGCATCAGCGACGGTGCGGCCGCGTACTAGTGCAGCCACCAAGCTAACCTTGCGTGGTGTTTGGTCAACACCTTTGGCGTAAGCGCGAACAGTATAAGTTGTATCAGCCATGATTACTTCTTATCCTTTCCGCCGTGCTTACGGAACTTACGAGTTGGGCTAAACTCACCGAGTTTGTGGCCAACCATGTTTTCAGTAATCAGCACAGGCACGTGCATCTTACCGTTGTAGACAGCAATCGTTCGACCGACCATTTCTGGGGTGATGGTCGAAGCGCGCGCCCACGTTTTGATAACGGTTCGATCGTCAAGGCTGAGAGCAGCGACTTTTTTCGCAAGCTTCACATCGACGAATGGACCTTTCTTTAATGAACGACTCATCGTGATTTACCTCTTCCTCTTCGCGTCGTGACGCGTGCGTACGATTAATTTATTTGAGCCTTTGCGGCGGCGAGTTCGATAACCCAGCGTCAATTGACCCCATGGCGTACGTGGTGCCTTACCAGTACCGTGGCGACCACCGTCACCACCACCATGTGGGTGATCTGCGGCGTTCATGACGACACCGCGAACCGTTGGGCGAATACCCTTGCGGCGGCGGCGGCCGGCTGAACCGATCTTCACGTTCTGGTGCTGGACGTTACCGACTGTACCGATGGCAGCGGTTGCTTCCAGGCGAACTTTGCGAACTTCACCAGATGGCAATTTGATAGTTGCGTAATTGCCTTCTTTGGCCATCAACTGAGCCTTGGCACCAGCGGCGCGAACCATTTGCGCACCTTTGCCGGCAGTCAGTTCAATAGCATAAATCATCGTACCAACAGGGATAGCAGACAGTGGCAGGCGGTTTGATGCCTCAATTGGTGCTGTCTCGCCAGTCTGAATCGTCTTGCCTTTGACCATTGAGGTGTCGGCCAACACGTAGTGGTACAGATTGTACTGATCTTTCACCCGAGCGATGCGCGCTGAGCGGTTTGGATCGTACTCAATTTCTTCAACCGTCAGTGTCAGACCAGCCGGCAAATTGTGGTTCACCAAACGGTAGTGACGACGAACGCCACCGCCGCGATGACGCACGGTGATGCGGCCTTGGTTGTTGCGGCCAGCATTTTGCTTTTTGGCTTTGATCAAACTTTTGAGCGGTTTTCTTGTCGTGATGTCCGACAAGTCCTGACTCGTCATGCCGCGACGAGCAGGAGTGGTTGGATTGTAAGCTTTCACTGGCATTACTTGGTCTCCTCCATCTGCTGCTCTACTGCGTCAAACACATCGAGCTTATCGCCATCTTTCAGCGTCACGTAAGCTTTCTTCCAGTCCTTGCGCGTGGTCGTGCCAGGATAGCGGTTCTTGCCTCGTGAGAAACGCACAGCTTTGCCGTCTTGGACTAAGGTTTTCACCTTCAGAACGGTAACGTCAAATTGCGCTTCAACTGCTGCTTTGATCTCGTTTTTATTCAGGTTGAGCGGAACGCGGAACACGTACACGCCGTTGGCGCTCTGTGCGTAGGCTTTCTCGCTAATGCGTGGGATAATTGTCATCTGTTTCATATTACGCTTCCTCCTTACCCAGCCATGCGGTGATGATGTCGAGGGCTTGTGGTGAGATAACAATATGATCAGCGTTCAGGATATGATACACACTAAGGTAATTGGCACGGATCACCAATACCTCTTGTAAGTTGTTAGTTGCGCGCATCAACTCTGGCGTCTTTTCACTCGTGACAAGCAGTACTTTTCTATCAAGCTTGAACTGCTTCAAAAAGGCGACAGCATCGCGAGTCTTGCCAGTAACCTTTTCTTCATACGGCAATACGCTAATCTTCTTCGCGTCATGTGCTACCGTCAAGGCTTGGCGAATTGCCACTTTCTTGGCGGTTTTAGACAATTTTTTGGTGTAGTTTTCGTTGCCGCGTGGACCAAAGACCACACCACCACCGCGCCAGATTGGGTTACGGGTTGAACCGAAACGTGCTCGACCAGTTCCCTTTTGCTTCCATGGTTTTTTACCACCACCGGAAACTTCGCCGCGCTGCTTGGTGGTTGCGCTTGCTAGGCGGGCGTTTGCTAGGTAGCTATCGTATGCCAATTTCAACAGTTCGTGATTTGGCACTTCAACAGCAAAAATATCTTTAGGAAGTTTGGTTGATTCAGCCATTACTTGTTACCTCCTAAAA
NZ_CP146064.1_gap10	374655	376712	2057	CAAAATACGTCGACTTCTTTGTCTCAATCACTCGGTAGGCGCGGTCACGGATTTTCTGCTCAATGCCCTCAACCAATTCCTCAGTGAAGCCTGGATATTCACGAATCGGTACTTCGCCGACCTGCGCCGTTTCAATGGTCGAAAACGAAGAGTCACCGTGCTCGCCCAAGATGTACGCGTCGACCGCCTTGCTGTCGACATTCAGCGCGTCGGCCAGGTACGACTTTAGCCGTGACGTGTCCAGTGTCGTTCCCGTGCCGAACACTCGGGTTTTTGGCAGTCCTGATTCCTTCAACGCCACGTAGGTCAAGACGTCGACTGGGTTGCTGACGACCACCAAATACGGCTTGGCGCCACCAGCCATGATGTTTTTGACAATGTCACGCATGATGTTAGCATTGACACCGACCAACTCCAGTCGCGTCTGACCTGGCAACTGCGGCGAACCGGCAGTGATAACCACGATGTCATTGTCGTTGATATCAGCGTAGTCCCCCGGGCGCACCACCACGTTGCGGTCAAGCCCCATGGCGTCGTTGATATCCGCGGCTTGACCCCACGCCAAATCCGCATTGCGGTCGATCAATACAATTTCTTCAATCACACTGCGCAGCGCACACGCATACGCCGTCGTCGCGCCAACCATTCCGCCACCACCGATAATCACCAGTTTCTGTTTATTCACCATATCTCCTTTTTGTGTTAGATGTATTGTCTATACTATTTTACCATAGGTACTATGTCGTTAGGGTCTGGGTTGAGGTTGCAAGACTCCTCGAGGCCAAAGCCCTCCCTAGCTCGGCCTTGATCCATGGCACGAATATTATACCCACCAGTAGCATTTGGGTCGGCATCAACAAAGTAGTAATGTATCTCTCCCTCAGGGAGCTGGCGTGGAATGCACATATGAGCGCCACCATTATCCTTTTCTTTCCAACCATCACGCGGATATCCTTTGCCCTCACAGCGCGTGGAGTCGACCTCTGTGGCAATTTTATCCCATCCGCTACTAATCAGTGCATTCTCCCAGGACAATACATATTCTTTGTCCTGAAAACACAGTCTCAAGCTCTCATCGTCAGAGAAACCGGCCGTATTTTCTATGTTTGGGTATTTTGGCGAAGCCTCAGTATCAAGACCACCGTCAACTGGAGAGGTATCTTCCGTGCTCACAACCTCTGGCTGCGCAACATGCTGCTCATCTGCTGGTTTTTCGCAGCCGACTAAGCTTAACGACAGTGTACCAGCTGCCGCCACAGCTGCAGCTCGCCTCCACCAAGAAAAACCGTATTCCAACCCTGCTTCTCTGTTCATATGATTACTCCTTTTTTGCTTATTATTACCCTCTCCCAACCCTTTACCCATTACCATACCAATGCGGCTGGTGATTGTCAATACAAAAAATACCCCCGATGATCGAGGGTATTTTGGGTAATCTACCAGAGTGATTACTTGTTGATCTTGGTGATCACACCAGCACCAACGGTACGGCCACCTTCGCGGATAGCAAAGTTCAAACCTTGCTCCATAGCGATTGGGGCGAGCAACTTAACCTTGAAGGTTACGGTGTCGCCTGGCATAACCATTTCTTTGTCAGCTGGCAATTCAACTTCACCAGTCACGTCAGTGGTGCGGAAGTAGAACTGTGGCTTGTAACCCTTGGAGAATGGAGTGTGGCGACCGCCCTCTTCCTTCTTCAAGATGTATACTTCAGCTTCAAATTCAGTGTGTGGCGTAATGGTGCCTGGCTTACACAGAACCTGACCGCGCTCAATATCGCTGCGCTCAATACCGCGAAGCAAAATACCAGCGTTGTCACCTGCTTGACCTTGGTCAAGAGACTTCTTGAAGGCCTCAATACCAGTCACAACTGACTTCTGAGTTGGCTTCAAACCAACGATTTCAACTTCGTCGTTCAATTTAACAACACCCTGCTCAATACGACCAGTTGCCACAGTACCACGACCCTTGATTGAGAATACGTCCTCAATTGGCATGATGAATGGCTTGTCCATGTCGCGAGTTGGCTCTGGAATGTAGCTGTCCATAGCTTCAAC
NZ_CP146064.1_gap11	412440	414552	2112	TTGATGGTGCTATGCTGAGAGGTTCATATTACTTCAGCTGGATCGCAATTGGCGCAGTCTAAACTATAAAGAAATCCTTTCTAGTTCAAAAACCGCCTCGGAGCTTATCGAGGCGGTTTTCAGTTGTTCGGAAATACCGAACTACTCAACGGCCTGCTGCATCTGACGCACTAACTCAATGACTATCGTCTTAGCGGCCGACAGTCCAGCAGCAATCGCAGATAGCGTAGTCGCTAGTGCCAGTGCCCACAACTCGCGCCAACTTGCCGCAAACAACAAATTTACTAGGTTTACGCCTGCTAATAAGAATGTTGCGATAAACGTTTGTAGAAACGTCCACAATGCTCGAGCAACAACATCTTTGTAGTTGATATTTTTCAGTGCTTCTAGTGATTTCATGCTATTCTCTCCTTACATTAATCCAAAACTGCTGCTGGAGCCGCTCTTTAGCAGACAGTTTTCGGTATTTTGAATTTTAGCGTCTATTGTTCGCTGGATTACAGCACCTCGCGGGTCTTTCAGCGGCTCGCCCGTTTTGGGATCGTGCCATCTACTCAAGCCTGGGACGCTGTGCGCGTCCACTAAGCATTGCAGGCAATCGTTGTATGTCGAGCCTGCTGGCATCTCTGGCGTGGTCTCGCCAACGTGCAGCGTCACGCAGCCGCAAGCTTTGCACTCGCGGAAGTACAGGCTCGACTTCGTGATGGTGATTTTTGATAAATCTGGCGCCATTATGGTAACCTCAAAACGTCGCCTGGGTGGATTAGATCCGGGTTTGGCAGGTTGTTGATTCGAGCCAGCGTCTGCCAGTCTGTGCCGTGCGCAGCCGCGATAGTGCTGAGGTTGTCGCCCCATTGAACCGTCACGGTTCGTTCGGCCGGCGCGCTTCCGCCTGGTACTCGCAATACTTGGCCTGCATAAATCAGGTTTGGATTCTGAATGCCGTTGATGGCTGCTAAGTAGTGGTAATCTACGCCATATTTTTCGGCGATCTCACTCAGCGTATCGTTTGGCTGAACTGTGTATGTCGGCTGTGGCTCTGGTGTTGGTTGTGGGTTAGCAATTTGCCCGCTGTGTCCAGCTGGTGCTGGCGCTCCGCCTGCGTACTTATCCCACGCTTCAGCGTCGCCGTAAAACTCGTTACAGTCGAGGTTTCCACCCCAGCCGTCAAGTCGGCCGCTTGATGTCCACTGCCACATTGCGTAGCCGTCCCAGTATTTGACGCTTGGCGGCGTGCCGGCCTGGCTCATGTCGTAGTTGAAGTCGACGGCCATGTCGCGATACTTCGCCACCCAAAGTCCATAGTCAGCGCCAGCGACGCTGCTCCAATCGTGGCTGTTTACCACGCTCTCTGACATGTAGATGAGCGGCTTCACTCCTGTGCGTTCCTGTACACGGTCGAGCCAGCGCTTTGCCCACGCTACGTCGCCAACATTTCCGCCGTCTTCCCAGTCGAGAATAAGCATAGCGTGCTTAATGTATCCCTGGATATTGTCGACGAAAAAGTCAGCTTCAGCGATTGCGCCATTGCTGCCATTTCTCGCAAAGTGATAAACACCGAGCTTTTTGCCGGCTGCGGCCGCCTGCTGATAATGCTCGTCGCAATTTGGGTTGACGTAGTCAGTTCCCTCGGTTGCTTTTACTATTACGAAATCTGCCGGGATTTTACCGGCGTCCAAGCCAGCCTGCCAGCTTGATATGTCGATGCCTTTCATTTGACCTCCTATTAAATTAATCATTACGGTTTATTCACGACTCTCACAATCAAATCGACCATAAAGCCAATCACGGTAATTACCGCTGTCATTACGCCAGCACCAATCTTGGCTTCGCTCTTGGACAGATAATTGCCTTGCATCAGTTCCACGCGGGCTATCAGGGCTTTAAGCTCCTCGGCATCGGCTTTCGATTCAGCTAGCTGTTTGACCGACTCCGCCAGCCGCGACACATTATCGTTTATTGAGCTCAGCCGCTCATTCAGTACGTCGTCGCGCGCAGTCATCATGATGCCCAATTCCCGCACCGTTTTGGGTGTTTGATTCATCGATTCCTTGTCTCGTTTATCGTTCATTCTCACTTACCACATTACAGATTAGACATATTCAACCCTCA
NZ_CP146064.1_gap12	417393	420474	3081	CGGTCGCTCGAGCGTAACTCTCTGTGCTGCACCGTCAGTGTAGTCGTACATTCGCGGATCGCCCGCTACTAGCTCGATGTCATAGTCGGCAATGAGCGGCCACTCAATCTTTGGATCAAGAGGCTGTGTCAGCTTGGTAATAGTCTGATAAACGCGTCCAGTTGGCGTGAATAGCTGCACCCGCAACTTGTCACGGATCTTGATGGTTCTAGCGATTTTTGCCATCTCGGCGTGCATTTCGGCCAATTTTCCGTCATGCTCCACCAACACGAAAAAGCTCAATGGTATTTGTCGCACGCCGTAAAACTGCTCATCTACACTACCGCCATCGGCACCAGAAAACACATATTGGCTGTTGCGAACATCGGGGTCACCAAAGCCCTTCAGTGGCGGTGTTAGGTGGGATAGCCCCTGTTTGCTGCCCGCCAGAAATACACTCTCGTTAGTGCGCATGTTGGTAATTTGCACGTCATAGGTTCTCATATCTAGCCCCTCCTCATCTGCTGCACCAAGCTGCGGTTATACTGGTCAACGTCGATGCCGTTGGTGAGGTTGACGGTTTGGTTGATTTGAGGTGTATTGCCGCTAGATGATGTGCCAGTACCTCTCTCGTTCATAGAGTTCTTCAAGAACTGACTCAGCTTACTCAGTGGGATAACGGCCTCCGGCTCACTACCCTCACCAATCATGGCTAGGGTTGCTTTTGTAGCGATGCCGCCCTCTGCAAGTTGCGGAATATTGAGGTTCGGTATTTTTGGAATATGGACGCCAGGAATAGCGTTGATAATACCTGTCGCCCAGTTTATCGAGTTGATAAATCCGTTAATCATTCCAGAAACAAAGCCTAGCACACCATTTATGGCACCTCTGAACGCCCCGCCGATAGCATTGCCTATAGACACACCTACGCTACCAAAAATACCAACCACACCGTTCCAGATACCTCTGAACCAGCCCGCTAATCCTCCAAATACACTAACTATAGCGTTCCAAGCCCCTCTGAATACGCCACCGAACCAACCGGCTACGACGCTAAACACGCCGACTATACCGCCCCATATGCTGCCGAACCATCCGACAGCCGCTCCCCATACGCCCGCAATAAGATTCCAGGCTCCAGTAAATATTCCGCCGAAGAACTGCACCACCGGGGTGAACGTCGCTACGATGAAATCCCAGACGGCTTGGAAGACGGCAAATATTTGATCCTTAAACGTAAAGAACAGCCCGATGATCAGCGCCACTGGCGCAAATATCACCGCCAAAATTGTAAGCCCCCATTGCTGCAAGAAAGCTACAACGTTATTAAATACGGTTGTGATACCTATCCAAATACTACTAAAAAAGCCGACTACACCACTAACAAACCCGCTAACAACCTGACCAATAGCTCCGAACACTCCGCTGAACCAGCCAACTGCTGCGCCCCATACTGCCGTGATAGCGTTCCACGCTTGGCCAAAGATATTGAACTTTACCTGCAAAAATACCAGTGCACCGACGACTGCGGCAATTGCCACGGCTATGATTGTAAATGGATTTAGCCCGGCTACCGCATTGAATGCCGCCATGGTCGACTGCCCATTCTTTAAAGCACCGATGAAACCTCGCAAACCGATGGCACTTTTTGCTATCGTTGTCGCAAACTGACCAACTTTCATTGCTACAAACGCCGAGCCTAGCGCTGCAATGGCTGGCACAGCATTGTCTATGATGAAATTGGCAAAACCAACAATCGTTTGCTTGTTTTCTTTCAGAAAGGCGGTGAGCTTTGTGACGCCGTCACTAAACCTGGCAAATAGTCCATTTTGGTCAACTATCAGCCCCTTTTCAGAATCCACCCGTACACCAATAATCTCTAGTCCGAGTGACCGAATCGAGCCCTGCAAGCTAATCATTCTGTTCTGAAACGTGTTTGAGAACTTGCTAATATCAAGACTTTGTGCATACTCCGCCATAGCCGCCGTGAACTCCTCGGCGCTCACCTTGCCGCCATTGATTCTACCGGCAGCTTCCTCCATAGAAATACCAAATTTCTTGGCCAAGATTGTAGTTAGCGGGATATTATTGTTGATCAGCTGTAGAGCATCTTGTCCAAATAACGCACCACGGCTCGTAACCTGTCCAAAAACCAGTGCTAAATTCTGCAAATTTGCACCAGAAACGATAGACAGCCTACCTAGGGTATCCATGTCTGGTATGACCTGCTGTGCCGTGCGTCCATAGCCTAGTAACGTAGAGGCTGCTTTTGAAGCATCGGGAAAAGCGATTGGCTTACCAAGTACCTGATTGTACAGTTGACCAAAAACCTTGTTGGCCGCCTCGGTTGACCCAGTGAGCGACGCCATCTGCGCTTGTGTTGTTTGCAAGCCACTGGCGAGGTCGATAAACTGTTTTGCACCAAATGTACCGCCACCGATAACCCCGGCAGCGACGATACCAAATTTTTTTATCGTATTAGCAACGCCACCAAAGCCCCGATTTAGCCCGTCAAAAAACTTGCCATATTTTGATTGAGTCGAGTTGAGATTTCTCTCGCTCTCGTGCATCTTTTTTTGGACATTGCTCATAGCGGTGATTGCACCACTCGAATCAACACGATATGTGATAATAATCTCACCTTGGTTCATGACGTTATTACCCTGTCTATGCTATGATTGTGGTATAAGACGAAAGGAACTCTTAAATGAATAAACAACATCATCTGTCTAAAGAATGGCTTATAAAGAAGCTGGTTTTTTGGTTTTGGCTGCACATGATTACATTTGGTGTAACCGCTTGGCTCGCCTATAGAAAATACCGCAACGTTTCTTTTGAGCTGACAGATACCGCCATCAAGTTCAGAAATGGTAGGCTCACTCGTACAATCAATTATCGAACGATAGAGGGCTTTGTGCGAAATGGCAATACCATCGGGATTACGACGATTGGCGAAAAAATCATTGGTGGTTCGCTTGTCATCTCCGACATTGAAAATATTGACGAGTTTGAGTCTCATCTGGAAAAATACCTTGAATCTGCCAAATAACCCTACCATTTTGCCTGCTTCTCCAATAAACTGATTAGCTTGTTGGCCTTTTT
NZ_CP146064.1_gap13	422906	427077	4171	TGGTCAATAACTTGTTTGGTGTTGTCATACGTCACTGAATGACTCAGCACCGTCTCAGATTTTACGTTGTTGTAAAAACTACCTTGATTAGCTATTGACAGCGTGTCAAATAGCCTTGCGATGAGGATTTTCAAGCCGTATGGCAACGGCTCGCCATATCCCCACGCTGCTTTGACGACATGTCGCCCCGTCTCCAGTGGCTCAGCCATCTCAATGATGTTGAACCAGCTGGCGTTCAGTTCGTCAAACTGACTTACACACTTGACTACCAGCGGCTTGCCACTCTCAGTGGTTACCTCTGGTAGTAAGCTGGTGAACGGATCGACAATTAGAAAACGTGAGCCGCAGGCTGCCTCATACCGACGTGACGTATTTGCCTCGCCCTGCATCTTGACATCCAGCAGCGCTTCCAGTGTCTCTGTCACCTGCTGCAATAGCCGTTCAAAGTAAGTATTTTCGGTATCAGAAAGGGGGCGTAAAAGTACGCCCTCGATATCTTCTTTAGTTACCAGTGCTGCCATCTCTTACACCCCTCTCTGTTAGGCTACATGTTTAATAGCCACTGCTGTCGCGATGCCGCTCAAGCCACCACCTGCGAAGATTTCCTGCAAGTATTCGTGCTTGTTCTGCTTCAACGCAAAGTTGGTGTAGCTCTCGATTGATTGATCGCCGACTACCTTGTATCGATTGAAGACAATCAGATATGCGTCGTTATCAGGATCATTGGTGTCGTTGAACCACTGCGGTGTGATTTTACCAGCCAACTCCAAATCCTCTAGGATATTGACACCTGGCGTATACAGCATGTGTCCATCGCTACCACGCTCATCTTTCAACGAAGTGATGTAGCCGCGTTTTGCAACGATGTAGACATCACCCTCGGCTTCAATCAAGTCCATCGCATTCAGAATTGAAGTACGACGGCTTTCTTTGGCTTTCGGCGTGTAGGTTTTAGCAAACACGTTGCCAGCCTTAGCGTCAGCTTTGACAGACACAAACGATTTGATCTTGTCGTCGCTAGTATCCTCTAAACCATCGCCAATAACCACTGCACGCTCGATTGACGCGATAATCCGCTTTGGCAATTCCTGCAATACGTAACGCAACAGCGCGCCAGTGCTCTTGTTCTTGCGGATAGTCTCTTTGTCAAGGGTGAGGTACTTGTAGATGTACTGACCCTCAAGCACGCGGTTCTCGATGGCAATCGTAGCCTCTTTCTTGTCTTTACCAGCCTGGTGTCCCAACGCACCGTCAGTATTGGTGTCCCAAGCTGTGTTGTAGGCATCCAATCCAGTCTTGTCGACCAGATTCCAAATCGGGCCGCCCGCCTTGAATGCACTCTCAATCGCTTCAACGACTGGTGTTGGGAATAGTTTGTCGGCACCAGTGACAGCCATCTGTACACCGTTAGCCTCAAGCTTGTCCATCCACGCTTCACGAACAGCGGCCGCACCAGCACCTGCCTGTGCTACCAGCACGTCAGCAAAATCTTCTAATGCCTTTGGCGTGTCCAGGTAATTTACGACAGTACCTTTGTCGACAGCTGCTGGATCAGCTGGTTCTTTAACTTGCATCTTTGCAATATCTTTCGGATCCATTTCCGTATCCTCCTCAGGATTGTTATCAGTTGGTTCATCCGGCTCTGATTGCTCAGCTTCGTCAGTAGGCTCTGCCTCTGGCGCGGCTTCCGGTACCGCTGTTTCGTCAGTCTTCGTTTCAGGTTCAGGTGCATTTTCGGTCGGCTCTGCCGCCTTAGCTGCTTCAGCCTCTGCTTTCGCCTTGATTTGTTCAACCAGGCTCTGCATTGGCTTGGCATCTGCCTGCTTTACGGCCGACATACTAAACGCAAAGTTCATACCCATCGCATTTTGCACGCTCTCGTCTTGTTTTTGCTTCTCTGGTGCTTCAGACACCTCATCGGCAAAACCAAGCTCGACAGCCTTATCGGCAAGCATCCACGTTTCCGCCTCCAGCAACTCAGCGATCTTTTCATCGCTCAGCCCTGTTCGCTTGGCGTAGATAGGCGTGATGCCCTCCTCGATTTTCATCAGAACGTCTTTGGCTTTCTCCATGTCGTCCACCGTGCCAGCCGCGTAAACGGACGGGCGGTGAATCATGATCATTGAGCCTGGCGACATGATAATCTTGTCGCCTGCCATCGCAATTACTGATGCAATCGACGCCGCTAAACCATCAACTCTGACAGTGACATTTCCGTTATGATTCACAAGTGCGTTATAGATTGCCAAGCCTGCAAATACGTCGCCGCCGGGGCTGTTAATGACAACTGTCAAATCGCCCGCATGCTGCTTGAGTTCTTCGCGAAAGAGGTCGGGTGTGACTTCGTCACCCCACCAGGTATCGCTCGCGATAGGCCCGTCAAGTATAAGCTCTTGATTATTCGACGAAACGGAATTGCTCCACTTCCAGAACTTCATGCTTTATTTCCTTGTTAAAGTTTGCTTTCGACTCCTGCTTGCCCGTCCAATTTGAGCGTTTTGCTCTCGTCTTATTTCTAAGACTACAGATTACGATTTATCGAACTCATAACGCACCTGGTCGTCTGTCGAGGTAGCGTTGACGATCTTGATGTTGTTGACGTGCTTGCACTTCGCATTGCTACAACGCACCTGTGCGATCATCTGCGTGACACCCTTGATGTTTAGGTAGCGGCCGCACTCCTCGCATCGCAAATCTAAATCAGCCATCTCGTCATCGATAATTCGCCGCTCAGCATTGAGATACGCCTTGACGACGCGGTACTTCGGATGGCAATGACCGTTCGGGTGGACATCATAGCCATCGTTCTGTGCAAAGTTGTTGATGAATATGCCGCCGTCCCTGCCAATGATTGCTTCATTCAGATTCAGGATCGGCTCATCAACTGCCACCCACTTATCGATTAGCGTGGCACAAAACTCACACGGCTTGCCGGTCTCACTCTCCATCGCTTTCTCGATCAGCGTTCCTGTTTGGTTTTGCACCTGCTTCATGGCTTCAACGCTTGACAGTGCGTCAGCTCGTGATATCTCAGTGCGAGCCATTCGCTGCACCCGCCATTCGTCGGTCTTCATAATGCCACGCAGCTTCTCCTCTAGCTCAGATTGTGCCCAGCCGTGCGATGCTGCATGATCAAGCACACGGCGGATTGAGGCGGCCGTATCGTCAGCATATGAGCGAGCCACATTTAGTAGATATGCTCGGTATGCTTCCTGTGTTGATGCTGCCACCACAAAACCCGTTAGCTCGGCGGTAGACACTCCGTTATCTATCAGTAGCTGCTTACCATCCTCAAAGTAAATTGCGCCCTGTACAATCATCAACGCCACGATAATCAGCAGCAGTGCCTCGGCAAATTCGTTTTGCTCGTCGTCCTCTTCAGTGCTGTTTTCGGCCGTCTGGCGTGATTCAGCAATCGCTCGGTCGACTTGCTTCTGCATAAACTCAGTCGTTGCGTCATAAATCAGCTGCTCAAAATCATCGAGCGTCTGCGGCTGATCATCGGCTGATGCTTTTGGGCTGGTGCCGTTCGCTTCTCCCCAAACCCCCGTGTCGCCAACCTTGCGGCGGTCTGGCGCGTCTGCCACTTCATCGCCCTCGTCAACATCTGGCTTATCATTTTCAATCTCTGGCGGTTTATAGTCGCCCTTACGCAATAGCTTGAAATTATTAGGTAGCTTTAGTGCATCAATGATGCTCTCGGTGCTATAGCCTGCTGCCTCCAGCTTCAAAATGGAATTGATACGAATATCATCAGCTTCAGCCTGCACTTTGACCTCATCGACAACCTGCGGAATAGCAAACTCGTAGGTGATGGCCACGCCCATGCCGCCGGTGATTCGGTTCAGCTCGTGCGTCAGCTGTGTGTAGTTGCGTAGCAATAATGGGTCAACGACGTTCTCAGCAAACACCTGCTTTGACACTTGTGCGTTAGCGTACGTAGCTGTGTCATCGATACCTTTCATAATCGCCGATACGCCAAATGACGTATCAATTCGCCTATCCACCTGCTTAAATAAGTTCTCGAAGTCAATATCTTTGTTCGGTTGCGAGAACGGCACCCACTCAATGGCTGCACTGCCTGACGGGATGCCAGTCTTTATATTGACTGGACGGTGCGTGTATGTGATGTTGTTATTATTGCCAGCTCCGCGATGAGAATCTTGCAACA
NZ_CP146064.1_gap14	548755	552197	3442	GAAAATGATGCTCAGCCTGCAAATGATATTGAAGTATGGAAACTCACTGAAGAAGAGCAAGAGGGCTACGTCCCAAAGCTTGTCTATGGAGGAGTTGAGGACATAGATGATTACAAAACATACAACCTCCATTGGGCTGTTGAGGTTGATAAATCAAAGAAAAGTCAAGACGCAGCGACCGAAATACCTCGAGTCTTCGCTTATACGGGTAATCCCGTACCTAATAATGCCAAGTCCACGACTACTGTATTTGAAGTTATAGACAAAGAAGGAAAGATTAATCTTCATATGGACCCTGAAAACCGGGATTATAAGGTCACTGAAGATGCTAACAATAAAAAATCATATAGACTGGAAAACCCGTCGCCAGATGCGCACTTCGAATCACCAGCTGAGAGCCAAATGTAGTATAAGTTGAAATCCAAAAAACCGCCTCATCACGGGGCGGTTTTTTAGCACAAATAAGGCTCTCAATGGTTACCCATTGCTCGCATAGAGCTGTTCTCGCATGTTGTCTGTGCTTGAACTACGTTTATTATATATCAAGGTCGTCTAGTTCTGCAAGCTCTTTTCGAGCATTTTCTGCGTAGGAAGATTGGCTTTCCACAGCTTCCTCTGTTGGCTTTTCCACAGCAGAACCAGAAGATGCGCCATCTTCACTGCTCTGCGCGCCAGTAAAGCCATCGTTGTTGACGATTTTCAAATTGTAACGTGCGTCATTTTTCGTGCCCAACGCCCGCAACAAGGTGCGAACACTTTGCGCAGTACCGCCGCGTTTACCGATCACTCGGCCCAAATCCTCAGGGTTGACAGTCAGCGTCAACAGTACGCCCTTTTCATCAATCAACCGCTCAACGACAACATCATCTGGATGTTCTACAAGTGATTTAATGATGTATTCCACAAATTGCTGGTCAATCGTTGACATTCTGCCCCTCCTTCGGAATTAAACTGTATAGTTAGTATATCATAAACGTTTTAGCACGAGCAATAACAGAATCAGGCTCAGGAATTGCTTTCTGATTCGTCAGTCAGTCGCCGATATTCTGCCAACGCAGCCCGAGCCGCTGCTTGCTGGGCAACTTGTTTGGAAGGACCACTGCCCTGGCCCATCAAACGGTCACCGACAAACACACCCAACCTGAAAACTTTGTCATGGTCAGGCCCTTCTTCGCCCAGCACTTTATAAACCGGCGTTTGTCCATCTAGCCGCTGCGAAACCTCCTGCAAATGAGACTTTGGATCGCGCCAACTGCCAGTTTCCAAAATGTGGTCTAGTTTGACGATGATGTGTGTATGGATAAAATCGCGTGCATCATCAAAGCCACGCTCCAGATAGATCGCACCGATGACCGCCTCAAACGCGTTGGCTAAAATCTGCAAATGTGCCCGATCCGAACCATTTTTCTCACCCTTGGACATGCGAATGAGCGGTCCGTAACCCAGTTTGTCGCCCGCATCACCGATACTCTCTGTGCGCACCAGTGCCGCCCGCCATGCTGTCAAAATACCTTCTGGCTCAGAGAAATGAGCAAACAGATATTCGGTCACCGCCAGTTCCAACACAGCGTCGCCCAAAAACTCCAGCCGCTCGTTATGCTCGTGAACTGATTTTCGGTGCTCGTTGACATAGCTGCGGTGCGTCAGCGCAGTAATCAAAAGATCCAAATTTGTAAACTCAAAACCCAGCTTTTCGCGCGCAAATTCTTGATATGGCGCAGTATTCATCCCACTCATCTACAAATTCTCCTGTCTGATACGTTTCATAGCGAGTAAGATCAATTTGCCGATATCTTCGTATTCGATTTCGTCCAAAGCTTCGTGAAATGAAAACCATTTGAGACCATTCATCCACGCTTCTTTTTGCAATTTTTCATTTGGATCAAGCGCCTTGACTAGATATACCTGTGTCGTCATCAGCACCAATTTATCAATTCGTCGGTAGCGAAAATTAACCTTGCCCAGCCAGCCACAAACTTCAATCTTTTTTAAGCCAGTCTCTTCACCGATCTCTCGCTTGGCGGTGACCTGCGCCGTCTCACCTGGCTCAATGTGTCCCTTTGGGATAGTCCAGCGATCCCGTGCGTCTTGATACAACAAAAATTCGGCCTCACCCTTTTTATTGCGGCGGAACACCACGCCACCAGCCGTCGGCTCGCGCACGATTTCCTGAATTGATGGCTTTTTATGTCCGCTAAAATATTTGCGTATTCCGCTAAAATTGTCCTTTGTCATCGGCATCCTCTTGGAGGGAGCGATATGCCGTACCCAGCACACCGTTGATAAATTTCCCTGAGTTATCCGAACCAAACGCTTTGGCTAATTCGACTGCTTCATTGATGACCACTTTTGGAGGTGCATCTTTTGCGTGATTGAGCTCATACAGCGCTAACCGCAAAACTGCTCGGTCAATTCGCGCGATCTGCTCAATTGGCCATTCGGGAGCCAACGGACGTAGTTGCTCATCCAGTTCCTGCTGCACCGAGATCACGCCGCGCACCAGCTTATCCACAAAATCGACATCATCGACTGATGACTTGTACTTATCAAGATTTCTCTCAAGAATGTCTTTGTATTGGACTGTATCGTCTCCAACCTCACGGCGAAATTCATATTCATACAATGTCTGAAGAGCGACGATTCGTCCTAAATGACGGTTTGAAGCCATGCGTAAAACGTTCCTGTTCGGGTTATATTACTACTATTTCGTTTTTTTGCCAGTTTCTCGCTTGGTAGTCCAGGCTTTAACTGGTGAAGAACCGTTTACACGGCGAGCTAATTTCAATACCAAGTGGCTGCGGCGCAGGCCAGTTTTTCGCGGGCTGCTCTGTTTTTTAGGTTGTGCCATAATCTCTCCTTTATCAGTTTATATTAACACTTGGGCTTTATTATAACGGTTTTTACGATTTTTCTCAAGAGTATAGACTGGGATATTGTACAATATACTTGACTTTTTATACTACTTATGCTATTATACTAACCATGAATAACGAACGATTACCAGAAACAAGTTTTGCAAAAAAGGAAAAAATAGAGAACAGGCTCAGAAAAACTGTGGGGATGCTAGCCATAGGTGTCACTGGATTAGGCCTTGGCTTATATCCATGGGAAGGCAGGTCTAGCGCCGAAGCACCAGACAGCCCTGCTGCTGTCGCAGAACAAGGCGCCGTTGATTTTGTTAACGCGGCACACGAAAACCCATCACTGCTAGGACCGGAAAAAACTTTCTCTGTTGATTTACAGGATGGTGATTCGGTTAACTCTGCGGCACAGCGAGCCGCTGAAGAAGTCGGCGAACAAGAGGGGTGGTCTGCAGACCAGATTAACCTTAATATTGGTGTAGTCACAGAGGCTAGTCAGGAAGTCCTTGACAATTCAAAATACAAGATTCCTCCAAAAGAATTCACTGTTACTATGGTCGAGAAAGACACTAATGGCGATG
NZ_CP146064.1_gap15	553322	556278	2956	GACTGACGTATTACCGCCCGTTGGCTTGAAGTTCTCAACTTCTGGCAGAATCACCGGCAAGCACTCATCCGCTACAGCGATTGGCCTGAAACCGTCAACATGGACCATCGGAATCGGCGCGCCCCAGTACCGCTGGCGAGAAATCAGCCAGTCACGCATTTTGTAAGTAGTTTTGCCTCGACCAGAACCCTGCTGTTCCAGCCAGGCTACGATTTGTTCGCGGGCGTCCTCGCTGCGCGTGCCGTCAAATTGCCCAGAATTGATCAACTCACCTTCGCCAGTGTAGCAGCCGACGTCTGCGGAATCCTCCGGTTTATCAACCACTTGAACAATTGGCAAGTCAAATTTCTCAGCAAAGGTAAAGTCACGTTCATCATGCGCCGGTACCGCCATGACTGCACCCGTGCCATAGCCACTCAGTACATAGTCCGCCACCCAAATTGGCAGCTTCTGACCGTTGACTGGGTTGATGGCATAGCTGCCAGTAAAGACGCCGGATTTATCTTTGTTTTCCTGGCGCTCAACGTCAGACTTCTGCTGAGCCGCTTGAACGTATGCTTCAACCTTGGCGCGCGTGTCGGCATTGACCAACTGAGAAACCAGTGGGTGTTCTGGCGCCAAAGCCACGTAGCTGGCGCCAAACAAGGTGTCGGGTCGCGTGGTGAATACGGTGATTGGTGGTACATACTCGAAATCATAAACCGTGAATGTATCCTCTAGTGAAACTTCTTCACCATAGAACTTTTTAAAACTCAACAATTTTTCATTATCATCACTATAACGTTCATGTCCAGAAATATCGTTAGATATATCTCTTAGTGGAAGCTGGTGGATATTAACTATTTTTATATATCCAAATGAATATACTTTTTCTCCATCACGCACCATAGCATCAGCAATATCGCCAACCTTCAGTTTTTTAGCTTCATACCTAATTGTATTGGTTTTTTCACCAGAAATAACTTTTTCTGCCAAATCAGGGGTGAATTTTAAAGAGTCAGATGCCGTTAAATTAAGGGTAAAGTCAACTTCCGCGCCAACCGACCGGCCAATCCAATTTTTCTGCATGGTTTTGACCATCTCCGTCCAGTCCAAGTCGTCAGTTGCCTCCAACATCTCATCGGCGTAGGCGGTGATGCGGAAAAACCACTGTTTGAGGTTGCGCTTGGTGACAGGATTGCCGCAACGCCAACATTTGCCGCCCTCAACCTGCTCGTTAGCCAGCACCGTATTGTCAGTATCGCACCACCACTGCGGCTGTTCCTTTTGGTACGCCAAATCGTGTTTGTATAGCTGCGTAAAAATCCACTGAGTCCATTTGTAGTACTCTGGATCAGCCGTAGAAATTTCCTTCGACCAATCATAACTAAATCCGAGTCGCTTCAGCTGAGCGATGAAGTGTGCCTTGGCTTCATCGTGCGCCACTCGCGGCGTTTTACCAACCTTGATGGCGTAGTTCTCCACTGGCAGGCCAAAGCTATCCCACCCGATTGGATGATATACATTGTAGCCTTGCTGACGCTTCAGGCGCGCTTTGATGTCAGCAAACTGAAACGTCCGACCGTGACCGATATGAATACCAGCCCCGGTAATGCCAGGAAGCATACTCAAACTATAGTATTTTGGGCGCGTCGTATCACCAAGGTCAGTGACGTAGGTACCATCAGCCTCCCATTTATCTTGCCATTTTTTCTCAATTTCCGTCGGATTGTAGCGTTTCATATCTGTAATTATAGCACGAAAATCGCCCCACATGAGAGTGGGGCGATTGACTGTCAACGAAAGGCTAGTTACGCTTCGTCAGCGTCACTGGCTGAGTTTGTCGAAGTACTAGTTTTTGGAACAAAGCTAGACAGTGGGCTTGATTGGAGCTTTTTCATCACATCTTTCAAGTCTTTTGCATCAGATGGTGCTTCAACCTTCTTGGCATCGCCATACATGACGCCTGTCTCAAGAGAGACCTTATTGCCCTCAGATGAACCCTCAAATTCTACGCGGCGAACTTGCCTCTTTGAGTTGTCGATCCACAGTTTCAGAGAAACATCTACCTTCTTGAAATCAAGTGCATCTGTGTCGAGCGCTTTCGAGCTACTGCCGCCACATTCTTTGATCTTCTTGGCATATGTTGTTTCACTCAATGCCTTGGCAAAGTTTTTACGTTTCTCAAGAGTAGCGTCACTCAGGTCAATTTCAAATCCACGCAGACCATCTTTTGTTCCCAAATCTTTTTTGATTTGTAGGAAATTGTTGTCGCGGTATACTTGAGCGATCTCTTCGCGAACAGCAGTATCATCCTTAGCGCGGCGAACTGCATTCATCACACATTTTGCTTCTTCTGACTGCTCTAGGTCGTCTGAAGAGATCTTGATCCAGTGGCCGTCGATCTCATTGATGAGCGTCTCAAATTGTTTCAGCATCGTTTCTTTGAGTGATTTTGTCTGAGATCGGCCAGAAATCGCACCACCTGGCGAGGAAACGCTTTCCATGTAACGATCTATCGCTGTCTCGATTGAGCTACGAACATTATCCAGTTTAATATACGTTGCGTCTTCAGTATTGCGTACATTCACTTTTGGCAGAGAGAATTGTATTGACTTGTCAGAACCACCGGCGTTAACTGTTATATCAGCCTGCAGCTCTTGACTCTTCTCTGCGTCTGATGATTTGAGCTTGATGGTGACTTTTTGATTACCCTTACCTTCAAAAGTCAGCCGTCCTTCAGTGACAGAGTTCTTCGACATGATCGCGTTAACAATTGACGCTTCCAGCGCACGCTGTGGGTTATTAAATACCAACAGATACCACAACAGTCCTGCAATCAAGCCGATGGTAACTAACGACCCCACAACCAAACTAATAATCAACTTTTTGCGGTTTTTCTTTTTCGGTTTGTTGATCGCACCCATGATAGGCGGCTGCTCAGCCGGCGGCGTTGACTCAGCCGGTGCTGTTGTTG
NZ_CP146064.1_gap16	557336	559171	1835	CGAGCTCGTTTTTTGACAGCGCGATACATATTGCGGCGTGCGAAGAATCCCCATTTTTTTTCAGGACCCTCAGGATAGCGTACTCCCATGATCTGCAGTAAAGTCTGCATGTGAGATTTTGGCTCCAGCTGCGGCATAGCGATAGCATAGCGCTGCGACAAAACCGTACCGATGGCGATCTTGGCGCTCGTTTTGCCAGTACTACCCGTCACCGCTATCAATTTGACATCCGCGTGCGAAGCAAAAAACTCACGCACTAACAATGGGATTTTCTTTTCAAATGATCGTCGAAACATATACTCATCATACCATAAGCGACTTGCCGAAACCAACGCAAGTCGCCGAAATAGCAAAGCGGAGCTGCTACGCGCCCACCCGGGGCATGTTGAAAATGTGTTTGTCTTTCAATTGGCAAGCATAGGAGATGCCCCTATGCGTACCAGCTCACTTGTGATTATGCACCAATTGCCATAAAAACACAAGCACTATTTTTGCTTTGTGCATTCTGGCAAGACTTTTCCGGCAAGAGCTACTGCCATCAGTACCGCAAAACCACACATAATCGACGGGATGCCAGTGATGGTTGATGGATCGATGATATTGACAAATGTCGTTGGCGCAATGAACAGCACGTAGCCGATGATCAATGACCACAATGAGCGGCGAATGTGTTTTTTGGCGTTTTTGCCACGGGTGTAGGCGTAGGCAATCGCCACAAACAATAAGCCATAGTAATACAATCCGTACCATTCACTGATGCCTGGCTGATTTTCAAAAATGACATAGTTTCCCAAGCAAACGCCAGCGCTAACACCGTTTACGGCTAGCAAAAAGTAGCTAATGAACACGACCGCTAAGGTATACCCCAGCACTGGAATCCAACGTCGTTTGTCGGCAGAGATTTGATAGACTAAATGAATACCAAGAGGCGGCAACATTGTGATCGCCACGTACCCAAGCTTTGCCCAACCCACGCTATCAAACAGCACCGTGCCTTCACAAACGTTATATTCAGCCCATTGAAACAGCGCTAGACAAACGAGCAGTGCCACGACAATCCTCGTTACAGGATTTAATTTGTAGCGCCATAGTGTATGCAATGCTAAAATAATCTCAATAGCTAAGGTCGCTAACATAACTGGCGGTGAAAAACAGTAGAGCTTTGGTGTTCTGAATTTATCCATATAGTGCATTATACACTAGTCTTGGTCGGTCTTGATGTGGTGCTTTCGGTAGAATAACCTGGCAGACTGCTCAACTTCCCGGTGGCGAGCCTTGCCGCGAACATCAATATCCAGATGCGTACAGACGATATCTCCAGTCACCATAATCTTCACACCCGCCTCACGCAGTCGATGCGCCAAATCTTGCCCTTCGTGATAACGAAACGCTGCGTCATAGCCGCCAACCTGCATAAAATCATCAATCAACAGTGCAAAACTTCCCTCAGCGACCCAGTCAACCTGGCGATCCGTCGCAACTCGCTGGCCCCAAATCCATGGATAATCCCAGCCTTGCTGTTGCAACATTTGGCGGTCGTCTGCCTGAGTTGCCCGCGTAAATTGCCAGTCGTGCTGGGGGTGCATTTCATGACCATAATTCCAGGCCATCGGCTGACCGTTGTTGTAGAGAATAGTACTGCCAAGCATGATATGATTTTCGCCAGCAAACTTTTGGCGCAATATATCAGCAACATTCTCTGTCTCAACGCGCATGTCACAATCGATAAACCATACAATGCCTGTGTTATGTAAGTCCAAAAAACGATTGCGATTCGCTCCCGCGCCAATATTTTTCTCACCAAAGATAAAATTGACTGCCGGAAACTCACGAGC
NZ_CP146064.1_gap17	646065	649335	3270	CACCTTCTCGCGTACCTTCACCGTGCCTAAAGCCCAGGAAGCATCTTTGCGAGATGCGGTCAACCTGGAAGTCGAACAGTATATACCGATGCCGCCAGACCTGCTCTATGTTGACCACCAGATCATCAAGCGTGATAAAGATTCACTGACCGTACTGATGTGCGCTGCGCCGAAAAAAGACATCGAAGTGATGACGACCATCGCCAAACAATGTGGTATTGAAATTGCCATGATCGAACCAAGCATCAACGCCATCGCCCGTATTTTGAAATCAACTGAAAGCGGCGGGCTACCAACCGTAATCTTGGACATCGGACCATCAACCACAGACATCGCAATATTAGACTCCGTTATACGCGTGACTTCTGGTGTCAACATCGGCGGCAATACCTTCACTCTCAACATCGCCAAGAAGCTCAACACACCACTGGAGGCAGCACACCAGCTGAAAGTTCTGAGCGGTCTAAATTCTGGACCAAAGCAAGCGCAAATTACCAGCGCGCTTAAACCAAGCCTGGAAACAGTCGTCAAAGAAACCCAAAAAATTATCCGCTACTACTCTGAACACTTCCCGAATGAGCCAAAAATGGAGCAGCTGCTCATCGTCGGTAGCGGTAGTAACATTCCAGGATTGGGTGATTATTTCACTAACGAGCTGATGATGCCGAGTCGTACGGCGAGCCCTTGGCAAGCATTGAACTTTAGCTCACTACAGCCACCAACGAAGCAGCTTCGGACTCACTTGATGACGGTTGCAGGCTTGGCGCTGGTTGATCCAAAGGAGATCTGGAAATGATAAACCTATTACCTCAGGACGAAAAACGTCAAATCATCGCCGGGCAAACCAACAGACTGTTGGCGCGCTACTGCATCATTTCATTGGCACTGGCAGCACTACTGTTCATCTATATCGGCATATCCTACTTCATTTTGCTGAAATCCAAGTCAGATGCTGAGCAAACCATTGCTGAAAGTAATCAACAATTGTCACAGTACAAAGAAGTCCAGCAACAAGCCAAGCAATTTTCAGACAACCTCAAAGTCGCCAAATCCATCTTAGACAAAGAAGTGCCGTACTCAAAAATCGCAGTCAAAATAGCCCAGGCACTACCAAAAAACATCGTCCTACAATCTTTGGATCTGGACGCAACCACCTTTGGTAAACCAATCAGCCTTACTACAAAAGGCAAAAGTTACAGTGACGCTCTGGAGCTAAAAACCGCCCTAGAGAACAAGAAAGACGTCTTCCAAAACGTCCATCTAGTGTCAGTAACTGCCAATGAAGCAAAGGACGGCTATCCAATGTCAATCGTCATCAGCGTTGTTATTCGCCCGGAGGTGATAAAATCATGAATATACAAAAACTTCAACTAAACGCAACATTAGCTCGCATTTTATTGTCATTAGCCCTCGTCTTGATATTGCTTGTCATGACCGCTGGGTTCTACATGGCGTACAATTTCATGAAAGATTCAGCTCAACAAGTCGCCAGCGTGCAAGCTGATGCGAAAGCTGCTGACAAAAAATTACAAGACGTTAGATCACTCTCGAGCAAACTGGAAAAATATCAAGACAGCGTCAAAAAGGCAGAGAAAATTGTTGCCGAATCTACCAGTTACAAGTATCAAAACCAGATCATCAACGATATAACCGCCTATGCACGACAGGCCGGTGTTGGTATTTCATCATTTACCTTTCAAGATGATAGCGCAGCTTCAAGTGGCAAAAGCAGCTCATCAACAGCCGCTAAAACGCCAACTGCACCAAGCCCATCTGGCGCTAAGAGTACGTCAGTCTCTATCCAAATGAGCAAAGACCTCGACTACGTGCGTTTCCTGCAGTTCTTGCACCTACTAGAGCAAAACCTAACCCGCATGCAAGTAGCAAACATATCCCTCGCTAAAGGAGATAGTCCTCAACATGTTGAATCACAAGCATTAAAATTGGAGCTTTACTTACGATGAACAACTCACCATCTGTTGGACAATTAGGCATAATCCTGGCACGATTCCTGCACCGCTATCACATCACGTTGTATACCATGACCATCGTGATTGCAGTTTCAGTAGCCATATTCCTGATCAGCAGTGTCACCAGCTCCGGTGACGATGTTGATGCAAAAGTTGTAGAGACTACCAAGTTTGACACCAATACTATCGATCGCATCAAAGAATATAACAGCTCATCACAAGCAGCAAAGCCATTCTCTCTGCCGGGCAGCGGAAGAATTAACCCATTTGTCGAGTAAGGTAGTATAATAGATACTGTATGTTAATTTCAGCCAGCAGATTTATGAACACTCCGGTGATGAGCCTCCAGACAGGTGCGGAGTTAGGCAGGACTGCTCGCGAAATAATCGATCCGCGTAACTTATCAATCGTTGCCTATGAGCTGGAAGGTCCGCTTCTCGACCAGCGCCCAACGCTGCTTAGGCTGGACGATGTGCGAGAGATCGGCCCACTCGGTATGATCATCGACTCGGCTGATGAGCTCGTCGGCGTTTCAGACGTTATAGAACTACAAAAGATTTACGAATATAAATTCGTTTTGATGGGCAAACATGTCGTAGAAAAAGACGGTCGTAAAGTCGGTAAGGTCATTGGCTACACCGTGATGGCCGGCAGCTTTCTCATTCAGCAGCTTAGCGTGAAGCGTCCGCTGCTTCGCAGTTTTGGCGATACCGAAATGCTCATTCATCGCTCACAAATCGTCAAAGTGACCGACGATCAGATAGTCGTAAAATCAGCAACTGTTCCACGTCAAGAACAGCACGTCGAGAAGCCGGTTTTACAGGCATACGAAAATCCTTTCCGCAAAAAGCAGGCGTCGTAAAGCCTCAGCTATTTACTTCCTCAACATCATTCAAAGTAGAAACCACGTCGTCATAGGAAAAGCCTTGACGCACCAGATACTGCACGAACTTTTGTCTATCACCCGCATATCGACGGTGCTTTTTGGCGATAACTTTCCTCAGCTCCTGCTCGTCCGTACGGTCAGTTTTTTCAAGCGTTTGCGCGATAATGTCTGCGTGAACACCCTTTGAACGCAGCTCAGCCGTTAGCTTACGTCGACTTACGCCTTTACTAAGCTGACGATTTTCCACCCACCACCGCGCGAACGCTTCATCATCAACATACGCTTTCTGCTGGAGTTTACTCAGCACTCGCGACGCCACCCGCTCTGAATAGACCACAGGATTGTTCATACCAGTCTGTCCCTTACGAAGCGTTGGCTGGGTTTTTCGCCATAGATAATCCCTGACTTCCTTAA
NZ_CP146064.1_gap18	653563	656531	2968	GAGCTAATCTCTCGTAAGCCGACTACGTAGCGCCTGCATAATTTTGTGAAACGTCTCGTCACTCACTATATGCACCGCATCCTCTAGGTGTCGTGGCCATTTCGGATCAGGAAATTCCTCGCCAGCAAAGGTAGCACCACCAAGATAGCGCGGATGTAGATGCCAGTGCACGTGTGTTGGCCGGCCAGCCTTAACCGCATTATTCATCAGGCATTCCCAGTTACACACATCGGCGCCAAACGCTGCTTTGACTGCCTGCTCAATTTGACGAATCACCTGATGTAGCTCCATCCAATCTGCCTCGTCCAGATCCGACAACGTTTCCTTGTGCTGGCGCAGAGTGATAAATGACTTACCCAAATAGCACTGATTCTTGTCAAGCACCGCCACCCAACGTTCGGTTTGCAATATGACATTGTCATCAGCCGCCGTCTGACCAACCAGCAGCGGACAGATTTCACATTCCTTCTGTATTGTGCATGTATTCATAATACCTCCTGGTATGGATTATACCAGCCATGCACTATTTATTCACATTTACAAAGACACGCCTGAACTCGTAAGAACAGTTGTGCCAATATGGTACGGAGATGATACCTGCTTCTCCTGAGCCATTGGCCAATCCTGAAATATTTCTTGGCTCGGCTCATCCAGTTTTGGGTTAGTGATGAACTGTCTATTCTCGTCAATCTGGCGCACCATCTGCTCAATCACTTCTTCTGCAGCACCACACTTTCTCATATCATTTTCTAGATACTGCTGATAATATGGCAAAAATATACGCTGTAATTTTTGAAAGTCTCGCCACGACAACTTGTCACACTCTTCGACACGGAATCTCATGGCATAATTCAAAAAATCTTGACCGCCTGACTGCCAGACATAACCAAGGTCGGCATGATGCAGTAATTTCGCCTCAATGCTATCACGGCAAATCTGTTCTTTTGGACCGATGATTGTGCCGATGATTGCACTTTTCATGAACTCATACTCAGCTGAGCCAGGTTCATAGTGTTCATCAAGAAATGAGACCGCATAATGCTCTTTGGTAGCATAACCATCTGGTGGCGGGCCAGCCTCAAACCCAGCATCGTGCGCTGCTGCCGCCACCAACAACAGATCCTTTTGATCTGAATTCATCGGGATCACATCCGTCAGCGCACGTATTGAGCGCATCACGTCCACGCCATGTGCGGGCTGATGATATGGATAATTCGGGTAGGTAGTCAACAGCTCAGCTGATAGCTTAGCAAGAGAAGCTGCCTGTTCTTTGTTATCAAATAGTGCCGTGAGATTTTCCTGTGAGGTATATTGGTCCAGCACCTTTGCTGACACTGTCAATTCAGGATCGGTCACTGTTGGGTCTTCTTGGTTAGCACAGTTTCGTTGTTCCCATAACTTTTTGTCAAGAATTTTTTCGGTAATAGTTCTATTCACAACCCTATTATTATATATCATTTGTACTATTTAGTCAATAGTACAGCGTCATGAACCCTGCAAGCGAGCTAGCCTGAACGGATATATTTCAACCCTTATTATTTCTTCAGTGCCTCGGTCACCCGCTGCGCCGTTGGCAAATTAGCATCAACATTTTCCAGCGCTTTAGTAGCATCAGCCAAGGTATAGCCCAGTGCCATCAGTGCCTCTAACGCTTCATCAGAAGTATTCAATTCAGTCTGGACTGGCGCGACCGCTCGACCATACTGCGTTGGCAAGCCGACTTTATCGCTCAAATCAACCACCACGCGTTCAGCAGTTTTTTTGCCGACACCAGCAGCTTTTTGCACAAACGCACTGTCGGCATTGGCGATGGCGTTACGTACGTGCTCTGCGTCGCCGAGGCTGAGAATTGCCAGTGCTGCCTTTGGGCCGACACCCTGAACCGTGATGAGCATCTCAAATAGCTTCTTTGCCGCCAGACTCGAAAAACCGAATAGCTCTTCTGTCTGCTCGCGCACGTGATGATAGGTATAAAACTTCACATCCTGATCCAACATCACCGCATCAAAATCACCAGCCGCCACGCTCACTTCATAGCCAACGCCGTGAACGTCGATCACCAACGATCCATTAAACTTCTCGGCAACTTTTCCAAAAACATGTGCAATCATACACTAATTATACCCGATTCATCGCTGCATGAGTAATTGCTGCCGCCAAGGCATCGGCACAGTCGTCTGGTTTTGGCACATCCTTGAGTCCCAAGTTTAAACGCACCATTTCCTGGACTTGCTTTTTATCAGCTTTGCCATAGCCCGTTAGCGTCTGTTTGATTTGCAGCGGCGTATATTCGGCGATCGGCAACCCCGCTTTTCGGCCCGTCAACATCGCCACGCCACGCGCTTCTGCCACAGAAATCGCCGTCGTCACATTACGAGCAAAAAACAATTTTTCAATCGACATCACATCAGGCTTGGTCTCAGTAATAATTTCCGTCAAGCTATCAAAAATCTCCTCCAGCCGCTCATCAATCGGTGTGTGAGCTGGCGTTCTGACGACCCCCGCCGTGACCAGCTTAAACTTACCGCCCGAAAAATCAATCACACCAAATCCCAAAATCCCTGTGCCTGGATCGATACCAATGATTCTCATGGTATGTATTATAGCAATGATTTGACCACTCAGTCACCAACCTATCGCCGCAATTTTCGTATCAATTGCGAAAGCTCCCAACGCCACTGCCACGCGCCGTAGCCTACCGCCAATAAACTAACGCCGCCAAACACCCACCAACCCCACGTCGCGCCAGCAACTTGTTGAACACCCGCTGTCGCCGAACCAACAACCGGCATGCTAGCGGTTTTTATCTTCCGACAACGCCGGGTGACTGGACTACGCTCAAAGCCTTCTGGGCAGTCTTTTAGAATGTCATCTGCGGCAGCGATTTTCTTGCAGCGGCCAGTTGCTGGGTTGCGAAATTGACCATCAGGACAGGGCTTCAAGGTTTTAGCGGCAGCCGAGGCGATTG
NZ_CP146064.1_gap19	660805	665073	4268	TGATGAATAGCAATGACGCCAACCGTCAACCCCAAACACCACGCCGCCACCAACCAAGAAATATGCAGTTCCCTGGTTAGATTGCGTATCGTCATATGTCTTTAGTATGACACATATTCTTGAAACGCATATGTTAAAAAGAAGATGTTCTAACGTCAGGATATTCTCGGGAACATATTCTTTGGAATGTTTCACATAACTCATTCAGTCTATCGGCTGAAGGTAGTTGATCTCTCCCGATCCCCGGAACTATTTTAGGCAAGTCCAAGATAAATCGCACGGACTGAGACGCCGACTCATCATATGGATCAATATCGTTTCTGGCTAAAATTTCACTCAATTCTCCCCAGAAGATTTTTTGCAGCCTACTCTCTCCTCCATATGTTTTAGTGAGTTCAGACTGGTTAATCCTCTTTCGTGAATCAATAACAATTTCCCGCAGTCTTTTAATACACTTACGAAAGTCCTCTTCATATTTACGGTCAAGGCTCCTGATCTGCTGAGTAACTGTCTTCCGGGAGTCACTCCTTGATCGCGCATCGGGAGCCCCTTCTTGTAGCCCATTGCTCTCATGACCAATTACCTTTGACAGCAATGCCTGGGCAGATGTCACTAGAGCTTTCTTTTTATCTAGTAGCGAATGTTTAGAGGGCTTGCTATCATACTGCTGCAGTAGCCTTTGTGACTCAGCTTCATCCTGTAGGCATTTCATATCTTCAATTGCAGTATCACGCCAATACGTAAAAGATTTTATACTATCACCAGCACTTCTTTTTTCGTCATAACTAAAGTCACCATTACCATCAAAATCATCCAATATTCGTTCAATTAGCGCCGGCAAGCCGGCAGACTGATAGTCCTGCCATTCTGTAAATCCATATTCTTCTAAAATTTGATCAGCCCGGTGCCAAAAACGATCAGCTCGCTGCTGTTGATCGACCGGCATATCACCAATAAAGTAGATATTACCCGCTCCCTGACTATCCGCCAAACCAGTCTGCATATCACCACTAACATACGAGTCCGGTGCTAACAAATTAGGCCTAACGGCTCTCCTTCCCATACTCGAGAAACATTCACTCAGTCCTTTAATCTGTGCTCCAAACTCTTTTTTACGACGCTGGCGGTTATATGCAAAGCTCAAGCCACCGGTTGCTATTCCTGCCGCCACTCCAGATAAGCTAACCGTTGGAGCAAAGTTAAACCATTCTAGCGCCCCGCCAGCAGCACCCGCCAGTGTCGCTCCTCTAACTCCAGCTAAGCCCATATCAATGGATAATTTTCTCCTATATTCTTGCCCCAGGAGGTCATCAATCTTTGTTAGCACACTCCCGACACCCACTCGGTAACGAGACATGCCACTCCATATCGTCACCGGGTTTTGTCCCAGCTGGATATATTGAGCATAGCCAACTGGCTCTTTGGTAGTTGGGTTGGTTACTTCTTGAGCGCCAGAAAAAATTGGGACACCACATCGCATCCCAACAAAATTCTTCAAATCATCACTGTGTTTTTCTACTATTTTGGTATATCGGGGCGGTACGTTTAAGTCGTCTAGATACTTCGTCATGTCCAAAGTTTTCTGCCGCACCCGAATAATATCAACAAATATGTTCGTCATCTGGAGGGCCCACCGGGGCTTGAACCCGGGACACCCTGCTTAAAAGGCAGGTGCTCTAACCAACTGAGCTATGGGCCCATCAAGAATGAACTTTTTCATTCTAGCACATACCGCATGATATATCAATGCTTCTTTGGACCAGGTTTGGACTTTGTTTTGACAGTGTGCAGTAAAAATAAATCCGCCAAACCCACCCCCAAGCCAGCGGTAATAATATATTGGCGCCAGGAAGTCAGCTGCCGCACTACTGTCTGTGCCGCACCATCAACCGCAAGATATTTCGCCAAGACACCGACCAATAGCGCCGCCACCAACAAAGTCACGACAGCTGCCGCCACCAGCTTTTCATGTTTCTTGTGGTATTTTGGGCCGCCAACCATCAACATTCCCATGGGTACGAGCAGCAATATTAGCGCCGCTACCACACCATCAGGCAGCCACGGTAGATTAATACCCACGCCACCCAAAATGACGCGCACAGCTTCCATCCACAATTCCACAAAAATATACCCAGCAGCCGCCGCCAGGGCCAGTGGACCGATGCGCCTACCTGTCACCAACACCGCCACAAAAATGACTACTAGAACCGCTACGAGCAACACTGCTACATTCATTGCGTCGCCTCGGTCGTAAATTCTACTTTGGCGCCTTTGACGATGCTCGATTTTTTAGCTACACCAGCAGCCACTTCCAAAACGTAGCGTGCCGGCACTTTGGGTTTGTATATTTCATACGGCTCAGCATCAGGCTGCACCTCATGCTCAATGTGTACTACTTTTTTGTCTTTATCTAACCAGATGATATCGAGCGGAAAACTCATATTGCGCATCACCATTTCCCACTTGTCATCACCCTCAAATTTAAACAGCATCGCTTGGTTATCCGTCAAGCTCGTCCGATCACTCAGACCCTTATACCGCTGCTCAGCCGTTTCCGCAATTTCAGCCTGCAATGTCGCCTGACCAGCCCTGACCACGACTGGGCGAGGTTTATTGACATCGCACAGCAGAGTATAGGCACCGTAAGCGATCATCACAATGATCATAATCATGATACATCGAGAAATGAAATGATGCCCCTTACGAGCTGTCTGCATAAGCTCCATAGCTCAATTATAACACTTATGTTTTATATATAAACCACGGGCTAATCAGGAAAACAAACCGCGCTTTTTGGAGGTGTTAAATTGTTCCAAAAGTTCACGTTGTTTTTTGCTCAATTTGGTTGGCGTGTCAACGATGATACCAACGATGTGCGGGCCACGAGCATCATTCCTCAGGTGTGGCACGCCATGCCCTGATAGCTTAAAATCAGTACCGCTTTGGGTGCCAGCCGGAACTTTCATGCGCACTACACCGTCCACCGTTTCAACATCAATTTCCGTACCCAGCGCCGCATCAACCATAGAAACATGCTCTTCCGAAAGAATGATATCGCCTTCACGAGTAAACTTTTTGTGAGCTTTGACTCTGATTTGAACGTACAAGTCTCCTCGCTCGCCATCTTGAATCGCTTCACCATGTCCACGCAAACGAATAGCCGCGCCATCATCAATACCTGCTGGAATTTTGACCGTAATCTCGCGGTTCTTACGCGTCGTTCCCTTGCCGTGGCAAACTGAACATTTCTTTTCAGGGATTTTACCTCGACCATTACAGGTTGGGCAGGTGATAGCTTGTTGAATTTGCCCAAAGATGGAATTCATCACCCGCATCTGCTGGCCAGACCCTTTACAATCATCACACGTCTTCAAACTATACCCAGGCTCAACACCCTCACCTTTACAGTGTTCACATTCATCATCCATCGTCAGGCTGATTTTTTTCTCAACGCCAAATACAGCTTCTTCAAAGGTCAAAGCAACCGTTGTTTCTATGTCGCGACCGCGCCGTGGACCACCTTGCCGCCCAGCGCCACCACCAAAGAACTGACTAAAGATGTCGCCAAAGCCACCGCCAAAATCAAAGTTGACACCTTCTGCACCAAAACCGCCAAAGCCTTCAAATGGATTGCCGCCAAAGCCACCGCCCGAAGCTCCGCCGACACCGGCATGGCCAAATTGGTCATATCGCTGTCGCTTTTGTTTGTCTTTCAGGACTTCATAGGCTTCATTGACCTCTTTGAACTTCTCTTCATCACCGCCTTCTTTGTCAGGATGATATTTCACTGCAGCTTTACGAAAAGCCTTCTTGATTTCATCTTCAGAAGCGGTTTTAGACACGCCTAACACTTCATAATAATCACGTTTGGTCATATATTCTATTGTACGGTTCGTTAGCACTCATGTCAATAGAGTGCTAGTTAGATAGCCAATTTACATAATCTTTTGACTTTTTTTATATTCTGTGATATACAGAGAAGCATAGGCTTTGTAAAAACATAAATACAAGTCGAAGCGAGGATACTATGGTACAAACAACAGCAGTCTTAGAACGGCAAAATACCAACCTTAGCACAGCTCCATCGAGCTTTGAAGAGCTGGAGAAAAGGTTTTACTCGCTTGAAGAAGAAAAACAAATCGAAAGCCTGATGCCACTGGCTAAAAAACTGGCCGAAGATCCAGAGCTAGCTGAACAGTTTGGTGTGTTCAAATGGCTAACTATAGGTGATTATGACCGTGAACAACGAAATGCCGGTAGACACCCTT
NZ_CP146064.1_gap20	762569	764832	2263	CAGCCAACGTAGTCCAATCAGCCACATATTGCGGGTGAATTTTCTGCAACATCCGCATCACTTCATAATCTTTTTTCAACCAAGCTAACTCAGTCTCGCCATCATCAGGCAGTAAATCAACATCAACCTCTTTGACAAAAATCGTCCGATCGCCCGCCGACACCAAGGCGCGGCGATTACGCGAAAAGCCGCCGCTCACCGAGGTAATTTGTAAATCAGATACATCGACACCGAGCTCCGCTACAGCACACTGCAATGATCTGTCGGTCAGCAACTTATCAGGGCGAGGCAAGGTTTCCATATGGAAATTATAACATTTACCATATACCTGTTCTATTGCGCCATATAATCAGGCAGATATATACCAGGTCATATAACGACATTCTGTATCACACTCCCGTGTCTCGCCGATAAAATCCGATCACTGCCACGCCAAGTGACACCAAACTCACACAAACCAAAATGACCAATTTCCCTAAGTCTAATCCGTCCATCAAAGTACCTGGGATATTGTAGTAATGGATCAGCGACCAAACGTCGTAATCTTTCCAGCTTTCGATCAACTTGGCGGTAATCGACAGGGCGTACATTGCTAGAAAAAGCAGGCTGCCAACGCCAACAGCCAGCCCGCGCTTTCCCGTCACCGCCTGAGTGACAAAGGTGAGGCTACCAAAACTAAGCCCCAAAAACCACAAACTCACACAAGCCCCAGCAACGTGCGTGAGGTTTGGATGAAAGTCAAACAGCGGACCGATGAGCGCAATGGTCATACACAGCAGCACCGGAGGAATTACCAATAACCCCGCCATCGCCGCATATTTTTGCAGTACAATCATCACGCGAGTCCGTCGACTAGCGAGGAGTAACTCCAATGTCCCCGAATCCTCTTCCCGACCAATTACCCCAGCGCCCAAAATAATCGCTGTAATCACCACCCCGACCATCGCCACCAGTGGAAATAGCTCAATACTCAGCCAGCCTTCTGGCGTGGTGCCAATCGCCAAGTCACCAACCACCGCTTTCATACCAGCCGGCATCATGCTGACAAACGGACTTAATTGATCGCTAAATTTATTGAATAGCGCTGAAAACAACACCGCCACAACACTAATGCCAATACCCAAAAACAGCGGCAGTTTGTAATTTTGCCGCACTGTCTGCCACATCATCGCTTTGCCTCCTCACCTTCATAATACCGCATGAATAATTCCTCTAGTTCTAACTCTGATTCGCGCAATAGTTTTGGTTTATATTCGGCGATGAACGAGACAAATTCCGCTGCGTCGCCTTTGACGGTGAATTCGTATTCGTCGCCACGGTGTTGAACATCGGTGATGGATGGTAATTTTTTAGCTGCCGCCAGGGACGGTTTTTTAGCAAAGGTCACAATGTAGCGGTGTGTTGACAGGTGCTTCATGGTCACGATGTGTTCAATGGCAATCAATTTTCCATCGCGAATAAAGCCAGCACGGTGGCAAATCTTTTGCACTTCAGCCAGGTCGTGGCTACTAACAAACACTGTGGCGCCTTGCTCGGAAACTTCGCGCACCAAATCGTAAAATACCTGCTTCATCAGCGGGTCTAGCCCGCTGGTCGGCTCATCCAAAATTAGCAGTTTCGGGCGGTGCATAAAGGCTTGAATTAGACCAATTTTCTGACGATTACCCTTGGAAAGCTGACGAATCGGTCGATCCAGCACTGCCTCAAAACGCTCAGCTAACTCATCAACATATTGCCAATCAACCTTCCGACCCGTCCGCGCCAAAAACTTCAGCAATTTCCGGCCAGTCATAGTTTCATACAGCGCAATGTCGCCCGCCAGATACCCAACCTGATCATGAAGGGCTGTTCGTTCCGCGGAATTCCGTCCACCCAGCAACTCTACCCAGCCATCCGTCGGCCTCAAAAAATCCATCACCGACCGAATCGTTGTACTTTTACCCGCACCATTCGGCCCAAGAAAACCAAACACCTCACCTTCATGCAGCTCCAGCGATACATTGTCGACTGCCAGCTTATGACCAAAGCGCTTGGTCAGCCCGTGTAATATCAGCGGTGAAGTATCACTCATAACGACTCCTTTTAGTCATCATTTGCTATGGTTTCAGTATATTATAGCCATACTGAAAGATTAAAGCAATGAGCGAACTTCCACTGCTAGCACGCCATAATGTTTTTGGTCAGCAGCAGAATAATATTTGTTGTATTCGGCAGCGGCAGCTTCGGCACTGGTGGCGTGCGGAATAACACGGTGGTAACCCTC
NZ_CP146064.1_gap21	803753	804253	500	AGCATCACCATTTTGATATAAATACCGTAAACTGCCGTGACCGTGAAATCTGTGACGATGCGTTAACATTCTCTTAGTATACCAAATACCACTCCGATATACATCAGGAGTGGTATCAGATCATCGAGCGCACTAAGTATTATTTACAGTGCAATCCGTGCACGACCTTTTAGGCGGCGTCGCTTCAAAACAGCGCGACCAGCCTTTGTAGAAACGCGTGCTCGAAAACCGTGCGTACGGGCACGATGACGTTTGTGTGGTTGAAATGTTCGCTTTGGCATACTGGGTGATAGTTTAGCGTTTTTTTGGTTTTTTTGCAAGTATCAATTGTAGTTTTCCACTGCTCGGTCTATTTTATCCACAATTATAACAGAGGTGACGTGTGCCTGTGGAAAAGTTTACCTCTATTTTCAGTTTCTCTTCCATGAGATGTCTATGCTTGTGGAAAACTCTGTCTTTTTGCTATAGTACAGAGTAGATTATGTGTGAGGGGTTATAAC
