gap_id	start	end	length	sequence
NZ_CP150481.1_gap1	4793	7205	2412	ACCTTTATGGAAAAAGAAGGTATGAACAAGAAGGAAAAATCCTCAGCAACCGGTGATGACGCCCGTGAAGGTTTAACCGCGGTGGTGTCTGTTAAAGTACCGGACCCTAAATTTTCGTCTCAGACCAAAGACAAATTAGTATCATCTGAAATAAAAGCAGCTGTTGAATCTGCCATGGGTGAGCGTCTAAATGAGTTCTTACTGGAAAATCCGGTCGAAGCCAAAGTGATCATCGGCAAAATTATCGATGCGGCAAGAGCAAGAGAAGCTGCAAGAAAAGCACGTGAAATGACACGCCGTAAAGGCGCACTGGATTTAGCCGGGTTACCGGGCAAGTTGGCAGACTGTCAGGAAAAAGATCCATCTCTGTCTGAACTGTATATAGTGGAAGGGGACTCTGCTGGCGGTTCGGCCAAGCAGGGGCGTAACAGAAAGAATCAGGCTATTTTACCGCTCAAAGGTAAAATCTTGAATGTTGAGAAAGCCCGTTTCGACAAAATGCTGTCTTCCCAGGAAGTCGCAACCCTTATCACAGCCCTCGGCTGCGGAATTGGACGGGATGAATACGATCCGGAAAAACTGCGCTATCACCGTATTATTATCATGACAGATGCTGACGTGGACGGATCACATATCAGGACATTGTTGCTGACGTTTTTCTATCGTCAAATGCCAGAGATTATCGAGCGTGGTTACGTTTATATTGCCCAACCACCGTTGTATAAAATTAAAAAAGGTAAGCAAGAACAATATCTTAAGGACGATCCTGCATTAACAGAGCATTTGACCAGCATAGCATTGGATAATGCTTCTTTACATGTGAATGAAACTGCACCGGCTATCTCTGGTGTAGCTTTGGAAACGATGGTTAAGCAGTACCAGACAACATTCTCGATGATTGACAGGATCAGTCGCATGATGCCTAGAAACTTGCTTATCCGTATGATTTATAACGATATTCTTGATATTTCAGATTTGTCTAATCAGGAAAAACTCGAGAGTGTAGGGCAAGCATTTGTTTCCGCGCTGCAAGAACATGAAGTGGATGGTGCACTTTATCGACATGAAATAAGAGAAGATAAAGAACGGCAAAACTACTATGTTTGTATTATCGTCAGGCAACACGGAATCGATACGGAGTACCGACTGGATCATGATTTTATTGATTCTACCGAATACAAGCGCATAGTGGAGTTGAATAAAACCATTAACGGACTCATTGAAGAGGGCGGTTACGTCAAACGTGGCGAAAAAGTTAAACCCGTTAACTATTTCGTTGATGCCCTGGAGTGGCTGATGGCTGAATCCAAAAAAGGACAATATATCCAGCGTTATAAAGGATTAGGTGAGATGAACCCGAGCCAGTTGTGGGAAACTACCATGGATCCTGAATCTCGCAGAATGTTGCAGGTTACTATTGAAGACGCTATTGGAGCCGACCTGTTATTTACCACCCTAATGGGTGATCAGGTTGAACCGCGCAGAGCATTTATCGAAGAAAATGCCCTGCGTGTAGCGAATCTGGATGTATAGAGCTAGCAACTCGCAACTAGATTCTTGAGGAGAGGCATCCAAATAATAAAAAGGCCGCTAACATAGCGGCCTTTTTGTCTCTCGTCGAAAGGAGTAAGTTCGAATTAACTCGTTTTCTTTATATAAACCTGCGGGTTAGTCTCATCCTGATGAAAATCGATATAAAACTCGTAAAGACCGGAATCCGGAGGAGTAAACTTAAAATTCTCGGTTGTGCTATCACAGTCGGATGAAACGGGTTGATTGACCTCTATCACCTGATCCACTGCTTTATTTTGATATCCACAATTTGAACCTGGACTCCAATTCTTATCGACGAAACGGAATTCATAAGGCTGTCCATCAGCAATTAACTCAGTTTTAACCATATAAACGTCGTCGCCCACATCCTGAACTTTAAACGCTTCATCTGCCTCCCACCAGGTAAAGGCTCCGCGTAAGTACAGTTCATCATGGCTGGTGGACGGTTGATATATTTTATCCAGCATATTGCTGGCGCATCCACCAAGCAGTGTAACCACAGCGGCACAAAATATAAATTTAACTAACTGCATGTTAAGCCTGTTAAAAATAATGTTAATAAAAACAACAGATTACTGATTTAACAATGAAATATCAGCAACATGTAAAAACTGTTGGTGCAAGTCCTGCAGCAACGCCAAGCGATTTAAACGCAAGGTCTGATCATCCGTCATTACCATGACCGAATCAAAAAATGCGTCGATACTATCCTTGAGCTTGGCAAGTTCAGACAGAACTGCCTGATAATCTCCTGACGCCAGACTACTTGACGTGATTTCCTTAATACGGGATAACTCACTATTCAACTGGACTTCGGCAGGTTCTTGCAGTAATGAAGGGTTGCATGCCTCGGGAACA
NZ_CP150481.1_gap2	9734	13414	3680	CTAATAGGCTCGGGCCCAATAGAACGTAAGAAAGTCATCGGGTGAAATGTACCTGCACCGACCTGCATATCCAAAGGTTGAATAATCACGCAACCCTGGCGTGCCCAATAGTCCTGTAAGGCCAGGATCAGTCCCTGAAAGGTATTGATATCAAACTTCTGCATAGTGCAATAAAAGCCCTGTTAATTGATCAACGAAAAATGCCGCTAAGTATACCTTTTGCACGCTTTCGAATGTAGTCTAATAGCGCGTTTTTAATCAATGTAGCTGTAATTGGAGCAATAAATGGACCTAATAAGGTGTGGTTGGGCGGGAAAAGAAAAAATTTATCAGGATTACCATGACCAAGTGTGGGGTAGAGCAGTCGTTGACCCAAAAGAACTTTTTGCCAAACTTTGTCTCGATGGACAGCAGGCAGGTTTAAGCTGGATCACAATTTTGAAGAAACAAGCAAACTATGAGGCGGCGTTTGCCGACTTCGAGCCAGCTGAGATCGTCAGATTCAATGAGGATGATGTAGAGAGATTGATGCAAAATACCGGCATCGTTCGCAACAGGTTAAAAATCAATTCTATTATCAAAAATGCCCGTGCCTATTTAAAAATGCAGGAAGAGGGTATTCACTTCAGCGACTTTATCTGGCAGTTTGTTGACAACCGGACGGTTATTAACCGCTGGAGTGATATGTCTCAGGTGCCGGTTTCTACAGCCGCATCAGACGCGATGGCCAAGGAGTTGAAAAAGAGAGGATTTACTTTTGTTGGTAGCACTATATGTTACGCCTTTATGCAGGCAGTAGGATTGGTCAACGACCATATTGTGGACTGCCACTGTCATCAGGTATGTGTAGATGTAGCGCGCAAAGCGGACTAAAGGCAGAAGTGACGTAATACAGCTACTTCTTTTAATATCGCTGTTTCTGCTTTTGCCTCTAGTTCTTCTCGAACTAAGTCCATTTTAACTCGCTCGGTGCGAAGTTGTTTTTGCCTGTCTTCATGTGTCGGCATATCTTTTATTTGCTGATATAAATCGTGTAGCGCCGGAAATTGGGCTCTGTAATCCGGGAGAGGCTCTATTGGCAGACTGTCCAACAACATACAAAGCCTGATACAGCCTTCGGAGATATTGCACTGCTGTTGTTCCATTGCCATAGCGATGGTTTGAATACTTTCGATAATGTGTCTGAGTCTGGCCTGTCGCCGATTGTTTTGCTGTACCGTCTGTCGGCGCAGCAAGTACAGCATTTTTCCCGCATAAAAGCCCAGACCAGCAATGATTAGCAATGCCAGCGTAATTAGAACCGTCGATATCATTTATTTAAACTTATCCAGATTGTTGCGTTCCAACTGCTCCAGTAAATCGATATCTTCGTCGTCACTGCCTTGTTGCAGCGTTTCGTCCTGAATATCCAATAAATCGCACAGTTGTTTGTGTCTGGCCAGCTGCTTGTCGACAAATTGCTGATCTTCCGCACTGAGTGTCTTACCCTCATCAAGCAGGTTCAACAACTTCTCCAGACGCGGGTCATTTTCTAGTGCCTCAAGCTCCTGAGTCGGAGAGAAATATTTTTTCGGTTTAGCCCGATTGCCTGCTGATTTTTCACTGGCTATCAAGGCAACGGGTTTTTTACTGCCTAATCTGGGATCTTTATTGCCGTTACTTCCATGGCCGGATAACTTGGCGCCAGTTTCGACATTTTGCCGACTACCAGCCGGACGTCCGTTGGCTTTTTTTTTGCGCTCTACTTTAGCTTCCCGAACACGTTCAGCTTTGGGAACACTGCGAACACCAATTCGACCAACTTTACGGGTTTTCTTTATTTTAGGCATAATGATTCAACACATCGGATAATGTACGCATTTTACCTGCGCAGCATCCGCTATGCGAGCTTTTGAGTCAAACTAGGTGTTATTGTCTGTTAGCGAGAAAGATATTGTTTACCAGACAGGCAGAAAAAAGGCGATAGTTTAAGCTATCGCCTCTTGCAAAACTGAGTGTCAGATGACACTTCTCCCATTTTTATTCCCTAAATATCCACGACTTCAATGTCTGTATGCTTCTCTTTTTGCTTTTATTTACGAAGCCAATTTTTTATTTTTGTTGGTCTTCCTGACACTTTATTGGCCGTCCGATGTTCTTTCTAATGCGAAAGACAAATATAATTGGCAGTGCTTTAACAGCTGCTGCCTTACTTCCATGTGCGAATATTACTCGCGACTCCCTTTTTGTTGGTGTAAAAGACTACACGAATAAATTTTATTTACAACTTATTTACAACTTTATGACAATTTTTTTGCCTGTAGAAATCGAAAGTCAATTACCAAAAAAGCGATCCTTAGACCGCTTTAATTATCAACTCGCCATAATTTAACGGGTAGCTTAATGTAATCCACCAACATATTTGGATAATATGTCGATATCTTTATCGGACAAATGCTTGGCTATATCCTGCATCATGCCGTTAGGATCATTAGCTCGGCCACCTTCCCTGAACTTTTCCAGTTGAGCCTTAACATAAGTGGCATGCTGGCCGCTAATATCCGGAAACTTGGCCAGTCCCATACCGTTACCTCGAGGACCATGACAAGCTGCACAGGCGGTAATGTTGCGCTCTGCATCACCACCGCGGAAAAGGCGCTGACCGGCTTCTATAACATCTTCTGGTGTGGCTCCCGGCTTGGCTTTTTGACTGGAAAAATACGCCGCCAGATCTTCAATATCCTGATCCGACAACGGTGCAGCCATGCCGTTCATTACCGGATCATTACGGCCTTCTTCACCATTACTTTCGGACGCTTGCTTAAATTCATGTAATTGCTTAATGATATATTCGGCGTGTTGACCGGCCAGTTTGGGATACATATCTACAGGGCTGTTACCGTCGGCTCCGTGACAGGCCGCGCAGGTCACAGACTTAGTTTTTCCAGCTTCGGCGTTACCCTCTGCGAATGCGGTTGCGGAAAGACCTATACTCAGACAAACCAGAAGACATAGTTTTTTCATATTGATTCTCGTTGTACTTTTAGTGGGCGGGCAAAAAAAAGATATGCCGTATTTTACACATTTATGCATTGAGTAAAATATATTCCCGTTGATTTGTATGGATATTATCGAATTTCATCATTAAATCCGCGTCGATATAAGGGTTTTAGGTGCAAATAACGCGATATGCTATAGTGGCGCCGAAAATTTGGACTCAGGAAATTTACATGTCTCAATATAGTCAGGCAAAGTTTTTGCTCAGTGCCCCGGATATCCGTCATCTAGGTGAGGACAGCGGAATTGAAGTGGCGTTCGCCGGTCGTTCCAATGCTGGCAAGTCGAGTGCGCTGAACACTTTGACGCGTCAGAAAAGTTTGGCCAGAACCAGTAAAACACCAGGCAGAACACAACTTATCAATGTTTTTGAACTGGATGAGGAACGTCGATTAATCGATTTGCCCGGCTACGGTTTTGCGCAAGTACCTCTGGAAATGAAGTTAAAATGGCAAAAATCATTAAGTGAGTACCTTGAAAAGCGCGAGAGTTTAAAAGGACTGGTGGTACTTATGGATATTCGCCATCCGTTTAAAGATCTCGATCAACAGCTTATTTCCTGGGCGGTTGCCAGCGATTTGCCGGTGTTGGCATTATTGACCAAATCTGACAAATTAAAGTCAGGTAGGCGAAAAGCCCAGGTG
NZ_CP150481.1_gap3	30820	33914	3094	ACATGAAAAAATTGACTGCGATTCCACTCCAGGACTATTCGGGAGCCTGGAAAGCATTACCTCAGGAGATGGTTGAGATCGAACTGACAGAACCTGTAAAGGACGCGCCGGACGGTATGATAGCTATTCCGTCCGGACAATTTGATTTTAAAGTTGGAGGAATCGAAATAGAAGGGTACATGTGGGCAGGACTCGATTTTCAATACCCCTGGGAGAGTCTGCCCAGGCGCGCGCATTATCATCATATGAAAATCTCCAGCTTTTTTATAGACAAATACCCTGTCACTAATACCGACTACTACCAATTTATTCTGGCTACAGGTTATTACCCTGACGATGATCATAATTTCCTCAAGGACTGGGTTGACGGGCGACCGCGCAAGGGGTGGGAAAACAAACCTGTCACCTGGGTTTCCATCGAAGACGCCAGAGCTTATGCAAGTTGGGCAAACAAACGATTACCCAATGAATGGGAATGGCAATATGCTGCACAAGGGGATGACGGCCGTTTGTTTCCTTGGGGAAATAGCTGGGATGCGGAAGCCGTACCGGAAATCAACACCCGTAGGCACCTGGTTGCCCCTGATGATGTTGATGCCCATCCGAATGGTGCCAGTCCATTTGGTGTAATGGATATGGTGGGTAATATCTGGCAATGGACTAACGAGTTTATCGACAAGCATACGCGGGCAGCGTCATTGCGCGGTGGTTCATCTTACCAGCCGGCAACATCACATTGGTACTTTCCTCAAGCGTATCAGCTGGATCAACACGGCAAGTATTTATTAATGGCACCCTGTAAAGATCGTTCAGGAATGCTTGGTTTTCGCTGTATTGTTGACCGAATCACTGGGTGATGAGGCAAAGAGCGTGTGGGAAGATACAAAATGTATTGTTGGATAAAAGCGCCACGGGATTTATTCCTGCTACAAAGTCATTCAAACTTTGAGCAAAAGGGAAGTCGGTTAAATGACGGAGCATCTGTCCATATAAAAGGGTAAGTAACCCTTAATATTATTTTCTGATAAATATTAACTGACGTTTGCCCGGTGCTTTCATTGGACTAAATTGAGGAGTTTTATGAATTCTAAACTGGAACATTCCTTACCAAACGAAGTTGGCTCAAGCGGGCCACTTGGTGGTATTCAAGTTCTGGATTTAAGTGCTTATATCGCGGGACCTTATGGTTGCGCACTATTGGCAGATCAAGGAGCAGATGTATTAAAAATTGAACCTCCGTCAGGTGATAATTTAAGAAAGTATCCGTCAACTCTTGAAGCAGAAAACAGGGCTTTTCTGGGTATTAACCGTAACAAACGTGGTCTGGTTCTCAATCTTAAGAGTGCTGAAGGGCATGCGATACTGATGAAGCTGCTAAAAAAGGCAGATGTGTTGGTACACAATTTCCGGCCTGGTGTTCCTGAGCGTTTGGGGATCGATTTTGAAACCGTTAGCCTGATTAATCCAAAGCTCATTTATTGTGCGGTAACAGGTTACGGTGAAACAGGGCCGATGAAGGGTAAGGCCGGTTATGATCAGGTATTACAAGCGATGAGTGGTATGTGTTCTATGCAAGGGGAACGGGGTGGTGCACCAGAAATACTCTATGGTTCAGTGGTAGATTATTACGCGGCTGCCTTGGTGGCAGCCGGGACCGCATCGGCTCTATATGAACGTGAACGTAGTGGCTTAGGACAATATGTCGGTGTGTCGCTTCTTCGCAGTGCGGTGACTATGCAGTCGGCAAGACTTGTCTGGGCCGAAGGCGAACCAGCAGATATTGGGCGAGACTTTCGTTCGGGAGGTATTACCGGAATTCATCCAACAAAAGAAGGTTATCTATACCTGTCTGCGAATACACCGCACTTTTGGTCTGCGCTCTGCCAGAAAATGAATCTGCCCGAACTGTCCAAAAGTGAACGCTATAACAGTATCCGTAAAAGAGCTCGGTATGCTGACGAAATTGTGCCGTTACTCAGAAATGCTCTTGAAACAAAAACCGCGCTGGAATGGGAGGCTCTTTTTGGTGACGAGGTACCTTGTGCGGCTGCCCGACATATTGAAGATATATTTAAGAATGAACAGGTTATGGCTGAGGATATGGTAATGACATTTGATCATCCATTGGTTGGTAAATATCAGGGAATGACCCGCTCAATTAAATTTGGCCGTACGCCTGGCCCCAGACCTTTTGCTGCACCTGTTTTTGGTCAACATTCTGATACAGTGCTTGAACAACTTGGTTTTTCTGACGAGGAACGACAGGAACTGCGTGATAAGGATATTGTTAAATAAAACATGTTTTATTGGTGAGTGAGTACCGGCGGGAAGGAGCTTGCTCGAAGTAATGACTAAGGAAACCCCGTGATTATCCGATATTTGGACCCTGTGGAAAGATTAGAATTCGAAATTATTCAACTTACCGAAGAAGGCCGTAATCCTGACGGACTAATAAAAACATTCCGTCAAATTCAAAATTTGCCGGAATCGCAGGCCCGTCAGCAGTCCCAGCAATTACTCATTGAGTTGATGCACAAAAATAAGCCAGTGGACAATCTGTCATTGGCAGAACCAGATGAATTGAATGCAATTCAAGCAGTTGCACCAAAATCCTCTGTCAATAACGCCATACTCAATCCTGTTAATGAAGACATTCTCTATGACCGTATTCTTGGAGGTTGGTTAGGGCGATCGGCGGGATGCCTGCTTGGCAAGCCTGTGGAACGATATCCGCGGCCGGCGCTACGTGAAATGCTTGAAGCTGGTGGAAATTGGCCACTCAATCATTATTGGACACAGCATGGTATGCCGGATCACATCCTGAAAAAATACCCCTGGAAAAGACGGGGTGGCTTAGCCAGTTTGCGTGAGAATATTCAGTGCATGCCAGAGGATGATGATCTTAATTACACTATGCTGAATTTGTCTGTGTATGAGTCTAAAGGTGAACACTTTAGTAGTGAAGACTTGGGGGCGGCTTGGCTAGCCAAGTTGCCGGTAAATGAAACTTTTACCGCCGAGCGAGTCACCTATTTCAATTTACTATCAGGTCTTGATGCTCCGGACACTGGTTTATATATGAATCCTTTCCGTG
NZ_CP150481.1_gap4	42018	43241	1223	GGCCAATCCGTTTCAGGTTGACCTGTTGCGGGGAGATATGAATCAGTTTGCAATCACAACCGGTCAATAGTCCATGCAGTGACTCGATACTCTTTTGCGATAGCATCTCGTCATCGCTGAATGAGAGCGCGGTAACTGGTTTACTAATCTTTTGATAATGCTGATCGATATGGGCGGTTTCGGCACCGACGATATAACTGGGATTTAAACACCATTTTCGCCACTGCCAGATAGCGTTACGTGGCAAATCAGCTACTACACCCAGCTTGCTACCCGGGAAGTAGCCGAATATCGGGGTCAGTAACGGGACCAGAAAATACCACATAAACATCACTTTATTGCGCAACACCGGCGCATTGTGCCGCCAGTATCCATTGCCCGACGTGACAGTAATGATCTTGTTGACGGATTCAATATTGCTGACAACCGGGAATATTTGGCCACCCAAACTATGGCCAATCCAGTAACGAGGTAGATTGGGGTACTGACTGGTCATGTAATCCAGAGCGCTGGAGGCGTCTTGTTGTTGCCCAGTCGAGTAGATCCGCGCGACAATGTTTTAGGTGTCCTTGCCGGGATAGGCCCATACCCTGATAGTCGAAGGTAATACAGGCATAGCCTTGTTGGTTAAGCCACTCTGCCAAAGAACGATAGAATGATTGCGCGACCCCCATTGCCGGTGCGATAACCACTGCGCCTTTGATCTCGTTGTGGGGTTGAAAAAGGTGAGCCACGATAGCGGGACTGGTTCCTAGTATGATTTTGTTCATGCGCTGACCAGGGATGATTGTTTGCCGCTAAACCATTGATACAGAACCGGAATAACAAACAGGGTTAATAAGGTGGAAACTGTGAGCCCGGCGATGATGGACCAGCCCATGGGAGACCACATGGTTGAACCTTGCAAGGTCAAAGGCAGCAACCCGCCAATGGTGGTCAGCGTTGTAAGCAAGATAGGGGGCAGGCGAGTGACGCCAGACTCGATAATCGCGTCTTGCACAGAAAGCCCGTCGTCGATCATTTGATTGGCGAAATCCACCAGAATAATTGAGTTGTTCACCACGATGCCAATTAATGAGGTTAGACCGATAAAAGCGGTAAAGGAAAAGGTGTAATCGGCAATAAATAGTCCTAAAAAAGCACCACTGACAGCAAATGGAATGGCGGCAAAAATGATGGCTGGCTGGGCAAACGAACGGAATTGCATCACCAGTACGGCAAAT
NZ_CP150481.1_gap5	50357	52034	1677	ATTTGACTGAAATCGCTAGTCGACAGATTGTCTTTTACGTAGTTCATAATCGACGCTACCCCGCCCTCGGCCTGTTCATTGGTGACGCCCAAAGAGGTTGTCATCGTCGCGAGCAAATCCTGGGTACTGAGAGGGGTTTGTGCTGTGGTAGTGGCTTCGGCAACACTAGAAAAATAGGCTAGCAATATTAAGCTGCACAACAAAGCGATGTTTTTTCTCATCATACTATTCCTTACCTTAGCTGATTTAAAGTGTAGCAAAGTATAAAACGAGCGCTGTTTAATGGAACGTCTGGTTAACCAAAAAAGAAGGCGCTAGGTTGGAACAGCTTTTCAACATCTTTAACGTATTTCTTGTCGACCAGAAACATAATGACGTGATCGTTGGGCTGTATCACGGTATCGGAGTGGGCAATAATGACTTCTTCTTTATTGCCAATCGATTCAAGCATTTTATTTGAGTGCGCGACCAGAGGTTCGAGTTTACGCACAATAGCGCCGATAGTGGTACCAGGCGGTAATTTAATTTGCTTGATTTGCTTACCAATAACTTTAGAGGTTTTCTCATCACCGTGAGCAATAACCTCAATGGCTTCAGCAGCCCCGCGTCTAAGTGAGTAAACATTCACTATGTCCCCACGTCTTACATGAGTGAGAAGGGCCGAGATTGTCGCTTGCTGCGGAGAAATGGCGATGTCGATTTCCCCCCCCTGCACCAAATCAACATAGGCGCTACGCTGGATGAGTACCATGGTCTTCTGAACGCCCATACGTTTAGCCAGCATGGCTGCCATAATATTGGCTTCATCATCGTTGGTAACGGCGATAAACACATCAGATTGTTCAATATGCTCTTCACTAAGCAGTTCCTGATCGGAGGCATCACCGTTAAACACCAAAGTGTTGTTTAGGATAGAAGACAAATAACTGGCCTGTTCGGCGGAGCGCTCAATCAGTTTAACGTTATGGTTTTTCTCCAGTTGCTTGGCTAAGCCGGCCCCGATCAAGCCACCACCCGCGATCATAATACGCTTATAACTGGATTCCAGTTTTTGCAGCTCACTCATTACTGCACGGATATGCTTGGTCGCCGCAATAAAAAAGACCTCATCATCCGCTTCGATAACTGTAGTGCCCAGTGGTCGGATAGGCCGACCTTTACGATAAATTGCCGCTACCCGGGTTTCTACATTGGGCATATGCTCTCTTAACGCCGACAAGGCATGTCCCACCAGCAATCCGCCATAATAGGCTCTGACTGCTACCAGGCTGACTTTTCCTTCGGCAAATTCAACTACCTGCAATGCGCCTGGGTAATCAATTAAGCGACGAATGGACTTGGTAACCAGCTGCTCAGGTGCAATCAGATGATCGACCGGTACATCCGTATGGCGAAATAACTGATCCTGGTAATTGAGATACTGTTCGGAGCGTATGCGGGCAATTTTACTCGGTGTCTTGAACAGGCTATAGGCCACCTGACAAGCAATCATGTTGGTTTCGTCAGAGTTGGTCACAGCGATCAGCATGTCGGCGTCTTCAGCACCGGCTCTTTTTAATACGTCCGGGTGGGAGCCCGTCCCGACCACAACCTGAAGATCCAGTCTATCCTGGATATTACTCAGTGTTTCGGCATTCGCATCAATTACGGTAATTTCATTTTGCTCACCGACCAGAT
NZ_CP150481.1_gap6	70590	73317	2727	ATTTCGAACAATATTTTTTGGCTAAGTCCTAAGCCTCTATACTGGCTGGCCACGGCCAAGTCATGGATATTAACTAGAGGTTTGCATTTAAAGGTTGAAAAGCCTTGAAAACAATTAGCAATCCCAGCTGGTTGATGATCTACGTAGCACAGTATAGAAAATGCGTTAGCTATCTTTGCCAACTCATTGGCGAGATTTTCCTGTGTGTATGCGGACAATGGCGCTCCACCCCCCATTGGATCCCGGGCATAAATATCCAGCAGATAAGTCATATCTTTTTGATGTAGGGGATTGGCATAGTCAGCCACTTCTATTTTTATATCCATTTTTATACCCTGATCAATAAGTCGGAGGGATTATTTGAAGCGACAAGAGAGCATAGAGAGTAACACATAAGCCCGGACAGATAATATCCGGGCTTATTCAAACAAGTAAAAGCTATAGCCCCAGCTTTTTCTCCAGGTAGTGGATGTTGGTACCACCGTTTCTGAAGTTTTCGTCGGCCATAATTTTACGCTGTAAAGGTACGTTGGTTTTTATACCTTCAATTACCAGCTCATCTAAAGCCAGACGCATTCTGGCAATGGCTACGTCACGACTCTCGCCGTAAGTAATCAATTTGCCAATCATCGAATCGTAGTTTGGCGGCACTGTGTAACCGGCATAGATATGCGAATCCCAGCGAACTCCAAGCCCTCCTGGTGGATGGAACATATTTATTTTCCCCGGGGAAGGAATAAACGTTTGTGGGTCTTCGGCATTGATACGACATTCGATGGCATGGCCACGTATCTGTATTTGCGATTGTTCGAACGATAAAGGTTGGCCCGCGGCCACCCGCAGTTGCTCCTTGATCAAATCAACGCTAGTAATCATTTCTGACACAGGATGTTCTACCTGAATACGGGTATTCATTTCAATAAAGTAGAACTCGCCATTTTCATATAGAAATTCAAAGGTTCCGGCACCACGATAGCCAATTTCAATACAGGCACGGCGGCAACGGTCGCCAATCTTCTCACGCATTTCTGCGGTGATACCTGGCGCAGGTGCTTCTTCGACAACTTTCTGATGACGACGTTGCATTGAACAGTCCCGTTCACCTAAATGAATGGCATTACCCTGACCATCGGCGAGCACCTGGATCTCGACATGGCGAGGGTTTTCCAGAAACTTCTCCATATAAACCATGCTATTGCCAAACGCCGCACCGGCTTCTGTCTGGGTCATCTCTATTGAAGAAATTAATTCAGCTTCGCTGCGAACCACACGCATACCGCGGCCACCACCACCGCCAGATGCTTTGACGATAATAGGATAACCAATGCGCTTGGCGATAGTTTTGTTACGTTCGTGATCTGTGGTCAACGGGCCATCAGAGCCAGGAACACAAGGGACACCCGCTTTTTTCATTGCCTGGATGGCAGAAACTTTATCTCCCATTAAACGAATGGTATCCGCTTTGGGGCCGATGAAAACAAAGCCGCTTTTTTCAATCATGTCAGCAAAGTCTGCGTTTTCGGCCAAGAAACCGTAACCGGGATGGATCGCAATTGAGTTAGTTACTTCTGCCGCGGCAATGATGGCAGGAATATTCAGATAGCTATCTGTTGCGGATGCAGGGCCGATGCAGATTGATTCATCAGCTAGCAAAACATGTTTTAAACCACGATCTGCTGTGGAATGTACGGCAACGGTTTTTATGCCCAGCTCTTTGCAGGCACGCAATATCCGCAGGGCAATCTCGCCGCGGTTTGCAATAAGTACTTTATCCAGCATATCCATAAGCGCCTGTTATTCGATAACGAACATGGGTTGATCAAATTCTACAGGATCTTGATTTTCTATCAGAATTTGAGTGACGGTACCGGCTTTATCGGCATCAATCTGGTTCATCATTTTCATTGCCTCAACAATGCATAATGGATCACCAACCTTAACTTGCTGTCCAACTTCAACAAAGTTCTTGGCACCAGGTGATGGTGACGTATAGAAGGTTCCAACCATCGGTGAACGAACAATATGCCCGGAGATTTCAGCTGGTTTGGCGGCTTCACTAGCGGCAGGAGTTGGCGCTGCGGCAGGTGCAGCAGGCGCTGATTGTGGCATAGGGACAGGTGCTGCGTACTGCATTGGAACAGCAGAAGCGCTGCTGCCTCGGTGGATACGAACCGACTCTTCACCTTCGGTGATTTCCAGTTCAGAAATACCGGATTCTTCAACCAGTTCTATTAGTTTTTTAATTTTACGAATATCCATGGAACACTCTCTTTAGTTTTGCTTGGCCATGTATTGTTTGGCCGCCATTAATGCAAATTCATAACCTTGCGCGCCTAGTCCGCAAATAACACCCTGTGCCTTATCAGATAAATAAGAATGTTGGCGAAAAGGCTCGCGGCTATGAATATTAGATAGATGAATTTCTATAAAAGGTATCGATACGCTGAGCAAGGCATCGCGTAACGCGACGCTGGTATGGGTAAACGCGCCGGGATTGATAATAATAAAATCAATCTGTCCCATTGCTGCATGAATAGCATCCAGTAGCAAATGCTCCGCGTTGGATTGAACATGTGTCAGGCTGATTTGCTGTTGTTCAGCAAGCATGGTTAACTTGCTCACAATATCGCCCAAGCTTTGTGAACCGTATATTTGCGGCTCTCGCTTGCCCAGCATATTTAAATTGGGACCATTTAATAATAAAACTTTCACAATAATGCGTCGATC
NZ_CP150481.1_gap7	74817	75369	552	GTGATTGACTAGTTATCTGTACGTTAAGAATGAAATTTCACTATAAATCAATGACAAACACAAGCATACCGGTTATTGCCTGGGGAGTCTGGTTAGCTTGCTAGTTTGTCGAGGGCCTCTGTTATCGAAAACATGTCTTTTACGCCCGTTGCCAGACAATACTGGTGCAGGTTATTTACCGTGCTTTGTATGTCTAAACTGAATTGGTTCAACTGCCGGATAATAAGTTGTTGTTGTGCTTTCTCCAGTTCCAGTTCGCGTTGTAACAACATGTTGTAATCAGGTGATTGCTGCGTCTTAGCTGTCCGGCGGCGGTGGCGGAACTGGTTAATCTGCAACTCTGATTCGCTAATAGCCTCGATAAGATTGATCCAGTTGGCTTGACCAATATAGCTGTTATGTTGATCGAGAAACAGCGCCAGCAGCAGCAAATTAACATTGAGCTGGTAATGGTCTTGCAGATAAATAAAAGTGGTTTTGCGTGGAGGATAAAAATGGCAGCTGAATTGCCAGAACGCCTCAGCTTGCCACTTCAAGATCAAATTCCTGTTG
NZ_CP150481.1_gap8	82547	85286	2739	GGTTTACTGCGTGAAAATGCGGAGCAGGAAGCGATTCAAGTCTTTGCCAAGAATTTGAATGATTTATTGATGGCCGCTCCGGCCGGTGCCAAAGTGACAATGGGACTGGATCCAGGTTTACGTACTGGTGTTAAGGTTGCGGTGGTGGATGAAACGGGTAAGGTCTTGACGACCAACACTATTTTCCCCCATGCGCCACAGAATCACTGGGATAAGTCGGTGAGAACGCTGGCTAATATGTGTCAGCAGTATAAAGTTCAGCTTATTAGTATAGGCAACGGAACGGGTTCCCGGGAAACCGACAAGCTCGTTGCGGAATTGATCAAGGCAAATCCGCAACTTGGATTAAACAAGATTGTTGTCAGTGAAGCCGGTGCCTCGGTTTATTCCGCATCTGAACTAGCCTCCAAAGAATTTCCGGATATGGACGTTTCATTGCGTGGTGCAGTGTCTATCGCCCGGCGTTTACAGGATCCTTTGGCTGAGCTGGTTAAAATTGAACCCAAAGCCATAGGAGTGGGCCAATATCAACATGACGTCAGCCAAAGCCACTTGGGTAAAAGTCTTGATACTGTCATTGAAGATTGTGTTAACGCTGTTGGGGTGGATTTAAATACCGCTTCAGTGGCGCTACTTTCACATGTCTCGGGCTTGAACAGGACCCTGGCCAATAATATTGTGCAATTTCGTGATGCAAATGGTGCGTTTGCTGGGCGCAAGCAATTATTGCAAGTAGAACGATTGGGACCTAAAGCTTATGAACAGGCAGCCGGATTTTTGCGAGTAATGAATGGTAGCGATCCGCTTGATCGCTCCGCAGTACATCCTGAAGCTTACCCTGTTGTGACAAAAATGCTTGAAGTGGCTGGGACAGCGGTGAATGATTTAATTGGCAATACCGATTTATTGCGTCGTTTAAGCCCGGAAACCTTTGTCAGTGAAGCGTTCGGTTTGCCCACTATTACTGACATTATTAAAGAATTGGAGAAGCCGGGACGTGATCCGCGTCCCGAATTCAAAACAGCCACCTTTAAAGAAGGGGTGGATAAGATATCCGATCTTAAATTAGGCATGATGCTGGAAGGCGTAGTGACCAACGTCGCTAATTTTGGTGCCTTTGTGGATGTGGGCGTTCATCAGGATGGTTTGGTACATATTTCTGCGTTAACCAACAAATTTGTATCAGATCCTCGAGAAGTGGTTAAAGCTGGTGATATTGTTAAAGTGAAGGTATTGGAAGTAGATGTGCCACGTAAGCGTATATCGTTGACGATGCGAATGGATGATGAAGTGATAGCTAAGCCAGCAGAAAAATCGACAAAGCGTCAAGACAAGCCAGCGAAAAGTCGCTCAGCAACATCGCAACCACATCGGGGTAATGCAGTGATGGGCAATGCGCTAGCAGATGCATTTGCTAACGCAAAACGTAGAAATTAATGTTTAAAGCTGTAAGCGGGATAAAGTGATTAGGCGCTCAGCTCAACCGCAGGTTGGTTGGGCTGAGAAGTCTGTAGATAATAGTCGGTAATACGCAGTGCGCGTTGATTAATCTGCGGATCGCGTTGTTCCAGCAATTGACGGAAACGCTCATTATCACCGCTTTCCAGTGAGACTTCGGCGCCACCAGCTGCGGCAACCGGATCGTCTTCGTGTAATGAACGTCGGGTTGAGTCAACGCCGGTGCCTTCGACAATATCTTCCAGTTCTGGCCCCAATTGGATATTTTGCTCTTCATCGCTAAAGGCTTGCAAAAAGCTGGCTCGGGTATCCTCATTATTTTGGGCTGCGATTTGCGCTCTGGCTTCGCTGGCTTTCTGGCTGGCTTCGCTGGCAACCTGTAAATCTTGCGGGGAAGGCTCGGTAGGTGCCAATGCCGCTGCTCTGACTTGCTGCATTTTGCGCAATGTCTCTTCCGGTGTGGATTCTTCGGAGATATCTATGGAGACCTCACCACCGACAGCATAGCGTTGTCCATCCGGTCCGGATTCAAATTCGTAGTTTGGTGAACCAGCATATTGTCCACCACGTTGTGCGTGGGCTCGTTCGTGATTTCTGACCTCGCCGTCCCGTTCTTCCAGCTCTTCGATTTTTTTGCTATCAGCTTGTTGCTGTTGCTTATCTTCGGCACTTTGTTTACCGGCACTGGGGTCTTCAGCATTATCTTTGTTTAAGTTATTTTGTGCGTTGCCCGCTTGATTCGGTTGAGGCTTTTCATAGGTAACGGGCTGGGGAGTTTGTCCTGCTGTCTTAACTTTATCCGACTCTGAACCCAGACCGCTTTCAGCGGCTGAGTTTTCTGCATTGCTCAGCGCTGGTATGGTTTCTCTTAGTTGATTGTCACGACGCGCCGCTTCCGTATTCACATTGGATGTTGTGAATGGGATTGCGGTAGGTAATGGGGTGACAATGTTCATTGATAAATCTCTGCGCGATCAGGCTATGTCATCAATCAGGTTGCCAACCAGATCTTTGGCAACGCCGATCACTTTAGATGAAGCTTGCGCGTAATTGAGATTATTTTGTAATGACAGTAAATTACCGGTTAGATTGTCCTTATTCCCTAAACCGGACAGCAGGTCTCTTGGCTGACGTAGCTGCTGTTTTGCTGCATCAGCTAATACATCTGTGGTGTCCCGGGGGTGTGCTGCCCGATTGGCAATATCAAAGGAAGCTTGAGTAATTCCTTTGGACGCTTGCTGTAACCCGAATGTTCCGGACAGCAACGCTGAATTGACACTA
NZ_CP150481.1_gap9	219266	222620	3354	CAGTCTGGACTGTTACCGCACGGTTGCAGGGCAAATATCCAGACCAGTCGTCATAGCCGCTTTGCAGTGACTCTTCAATCAGCAAGCCTCTAAAGCCACTGCAGTCAATAAAGAAATCACCGTTAACGACTTGCCCACTTTGCAATCTGACACTGGCAATATCGCCACCCGCTGTTTTTATTACCTTTTCTACCAATCCTTCAATACGTGTAACACCTAAATTTTCTGAAAACTGGCGCAGATATTGTCCCACTAAAGTGGAGTCCAGGTGCAGTGCGTATCGGGCCGATGCCAGAGGGGTGTTGATGGCTTTAAAGGGTAGGAAAAAACGATTGTGTTCCGCCAGTACCGCCTCCGGTGAGTGTGCCATGAGGGGCGTAGGATCGCCTTCAGCGCGAGATTTCAACCAGCACTGATAAAATTCATGGCCGTCAATCCTTTTGCCTAAACTACCGAAAGGATGGAAATAGGATTGTCCGGTTTGGTACCAGTCTTCGAATTTAATTCCCCATTTAAATGTTGCCTGGGTCGCTTTGATAAACTCGGCTTCATCTATGCCCAAGGCACGAATGGAGTCTAATAAAGGCGGAATTGTCGCCTCCCCAACGCCCACTATGCCGATAGTGTCGGATTCAATCAGGGTAATTTGGACTTCGGTCTGTTTAAAAATATTGGCCAGTGTGGCAGCAGCCAGCCAACCAGCAGTACCGCCACCGATAATCACAAAGTGTTTAATAGCATCAGATTGCATTATGAATCCATCGTAGTTGGCTTTTTGTATCCGGCAAAACGGCGCAGAAATTCCACGTGTTCGGGGACAGCATCGACAGTTCGCTTAATGTGATCACGCATCTGATTCAGACTGTTTTGCATATAGTCCAGCGGCATATTGTCAACAGCAGGATCGTAATGATCAGGTAGATAACCCAGTCCGCTAAAAATAGCCAGCCAGCTGTCAGCACCAAAAATTTCCCAAGGATAACGGATAATATCCCCTTTGCTTTTAAACAAGCGCATTTTTTCGGCCAGCTTGTCAGGCACCTCCATTTCGCGGCAATATTGCCACATTGGGCTGTCAGTGCGCTGATTGGCCTTGTAATGCAGAATAATAAAATCCCGTACCCGCTCGTACTCCAGTTGGGTAACCTCATTAAAGCGGTCTATTTTTTGTTGGTTGTATTCAGGCGAGTCAAACGACAGGATGATCTTATCGATAGCCGTTTCCACCAGCGCAATACTGGTACTTTCTAATGGCTCTAAAAAGCCGCTTGCCAGCCCAACGGCAATACAGTTTTTATTCCAGGCCAGCTTACGTCTACCCGGGGTAAAAGAGAAACTGCGTGGTTCATGCAGTGTTTTACCTTCGACGTTGTCCAGCAATGTCCGGGTGGCTTCATCGGTGCTGATATACTGACTGCAAAACACATGACCATTACCGGTGCGGGTTTGCAGCGGGATGCGCCATTGCCAGCCGGCGCGATGGGCTTTTGAAATAGTGCGCGGAATAGGATCATTCACGGATTCACTTTGTACCGCCACTGCTCTATCGCACACCAGCCACTGGCTCCAGTCTTCAAAACCGGTTTGCAGACTTTGCTCAATCAGCAGACCTTTAAAGCCCGAGCAGTCAATAAACAGATCACCTTGCAGGGTTTGGCCATTGTCCAATTTGAGTGATTGAATATCACCACTGTCAGAATCCAGTTGCACATCGGTAATTTTCGCATCGATAGCCGTTATCTGGTTGTCGGTGGCGCATTTTTTCATTAATGCAGCAAACAGACCTGCATCAAAATGCAGCGCCCAGTCAAAAATCATCAATGGTGAGTCTGGTTTGGGAGCTGGCAGGCAAAACTTGTTGTGTTTAGCCAGATTAATACCCAATGAATAATCTTCCAGCTCAGTGTTATCGCCCATTTGACGTGACTTAAGCCAATAATGATGAAAAGGCGTGTTATTGGAGGGTTGGCCAAATAAACCAAAAGGATGAATAAAGGAACTGCCTTTTGAGTGCCAGTCCTGGAATTCTATCCCGAGCTTACAGGTGGCATTGGTGGCACGGATAACATCGATATCGCTTAGGCCCAATTTGCGATAAAACCTTCTAAGCGTGGGAATAGTCGCTTCCCCCACACCGATAGTGCCCAATTGTGACGATTCCACCAGCGTAATCTCGACAGGCATATTCTGGAAATGTTGACTTAATGCCGCCGCTGTCATCCAGCCTGCGGTGCCTCCGCCGACAATGACAATGGATTGAATTTTTTTAGTAGATACCGACATTTATTACCGCTTATTAGAAATAAACCACAGACTTGTCCGGTGGCTCAAAAATAACCATAAGTGTCCTTGACTGCAACCTGTGCTCAACAAAAGACACTGATGGTTATTTTCGCAAGTTAACCTGAGTTCGATGTATGGATTCAGGTTAAGTTAGAAAATAAAACCCGCCACAAATCCATGTGGCGGGTTTTCTAGGTGTTAAGCGGAGCTTAACGAGACAACAACTCGGTTATCAGAAGGTAACGCGGGTACCAATGGTCCAGCGTGCTTCATATTCATTCTGGAAGGCTTTCTGATCCGGGAATTCCAGATAAGTCTGCTGATATTCTTCTAGGATGTTAGAGCCGTTCACATAAACACTGATATTGTCGTTTACATGGTAAGTTGCACTGAGATCCAGTTGTGAATAATCATCCTGATACAATGACTGACCACCTACTGCATCAACGGTTCCCGTAGTGATTAAGCGCGGACTACGAGAGTTCCAGGCCAAACGGGCTGAGAAGGATTCTTGTTCATACCAGACCACAAAGTTGTAAGTGTCTTTGGACATACCGACGAAAGGTAAGTCTTTGCCAAACACATCTTTGCCTTCCTGAGAACTGTCACTGTAGGTGTAGTTGGTATCCAGACCAAAGTTATCCAGGATGCTGTTATCCAGGAAATCACTGAATGCGATCTTGGCACCCAATTCAAAACCTTTAACACTGCCACCTTCGCCTTGCACCTGAGTAGTGAAAGGCCATGGACCACGACGGATGCCATCTGGATCCGGCTCATCGATCATCACGGTTCCGCTGGTTGCAAAACTTTCGATATCAATATTGTATGTTGCCACGTAGGCCATGGAAGCTTCGCCAGCATACCATTCGGCGGACAATGAGATATTCTCAGAACGCCAAGGGTTTAATCCCGGGTTACCAGACAAGGTACCGTTGACCACACGTAAACAGTCACACTCGCCGTTAATTGTCATACCAACGGTTTTACCACCACCCCAGCTAGCCAGATCCAGTGCTTGCATATTTTTCGAATAGGCAGCACGAAGGATGATATCTTCACTGGCATTGT
NZ_CP150481.1_gap10	231431	232736	1305	ATCGGTGGCTGGAATACCGTGGCGATTGTGATTATCACTGCCGCAATCGGCTCCTATCTGGTGCGGCAACAGGGGTTGGCGACCTTGTTTCAGGCGCAAACAAAAATGCAGAGTGGGCAGATGCCCGGCCAGGAAATGGCCGAAGGTTTGTTGCTGGTAATTGCCGGTGTGATGCTGGTGACCCCCGGTTTTATCACCGATACCATGGGATTTTTACTCTGCCTGCCGATGACCCGACCCGCCATTGCCCGCGCTATTGTAAAACGCATGCAAATGCAGGTGGTTAACAATATTCACCGCCAGCAACAATCGGGTTTCCATGCCGAATTTCATTCCAGCTATCAGCAACCGCCTCAGGAACAGGACGGCGATATTATTGAAGGTGAATACGAAAACAAGGATGATTCTGGCCGCGATAAATTAAATAAACCAGACTGACACCGTAACCTGAACAACGGAAACCGATAATGAAAGCCTGTGCCTGCCATATCTTGGTAAAAACTTCAGCAGAAGCTGAGAAACTTAAAAAACAGCTTGATAAAGGAGCCAGCTTTCACGAACTGGCCAAAAAGCATTCACTTTGCCCGTCCGGTAAAAAAGGCGGCGATTTGGGCGAATTCGGCCCCGGCCAGATGGTAAAAGCCTTTGATAATGTGGTGTTCAAGAAACCCATATTGCAGGTACATGGCCCGATCAAAACCCAGTTCGGTTTTCATCTGATCAAAACTTTATATCGGAACTAACCCCCTTTATTTATTCACCCTTCGGCCACAATACATATAGTTCCGTACATCCTGAGCGCGAAGAATGAGCTGTCGAAGGATCAGGGTAAACGGAAGTATAGGCAGTTAAAGCATAAACTATCCGCAATAAATAAAAACCTGTTCCCGTTCCCCTATTAGTTTGTGTTGCTTTGTTGTAAAAAGGCGTTGTGATCAATATCGGGGATAAATCTGCATGAATAAATTGCTGACGTTAATTTTAAAAGGCTTGGTGGCGGTGTTGCCATTGGGGCTAACAATTTATTTTATCTATTGGTTTGTATCCAGCCTTGAGGCTGTGCTTCAACCCGTTATACCTGAGCAGTACTATTTTTCCGGGATGGGGTTGCTGGCCGGACTGGTTTCGCTGTTGCTGATTGGTCTGGTCATTAACTTATATGGCATTCGCTGGCTGATTGGGCTGGGTAATAAAGTGCTGATAAAAATCCCGCTGGTTAAGTCAATTTATGGTGCCATTCAGGACATTATCACAGTGTTTAATCTCAGCCGCGATAGCGATATGCAAAGTGTGGTATCAGTCGAT
NZ_CP150481.1_gap11	288460	291610	3150	TCCGCTGGTAGCCATAACCCGGGTTGAACCAAAGGCAATATGCGACACGCTGATAATGCGCCCGGCCAAAAACAGGTTATCCATATCCTTGCTGACAAAACAGCGCAACGGAATTTGGTAAACCCCTTTGGCATGATATTGGGTACAAGGCGGACGATCACTGTAAACGCCGTCACCGGGATGGTGATCGATTGCCCAGCCACCATAGGAAATGGCATCGTCGAACTGATGTTGTTCCACCACATCCTGCTGAACCATAAAATAGTGACCCATAAAACGGCGGCTCTCGCGTTTACCGGGGATATTGCCCACCCATTCGAGAGTCAGGTTGTCTACCCCATCAAACTTGCCGCTGTTTTTAATGTAGTCCCATACACCATAAACGACTTTCCATAGCTCCCATTTGATCTCTTCGGTCTCGCCAATCGTGTCGCTGTTACCGCCGTATTCAAGCCACCACAAGCGTGGTCCAATATCATCGCGTTTAATCCGTTTAATCCGATCCAGCGCCATTTTGTCGATGGACGCATAGGATGGGGCGACAAACTTGACCGGTTTGCCGGCATCTTTGCTGTAAAAATAAATCGAGTGGCCGAGTAGTTCCTTATTTTCGTCAGGTGGCGCCATTTTCTCACCAAATTCATCGCGGGACTCTGCACCGATACGGAACGACGCACCCGCCTGAAAAGCCACAATACCGTCACCGGAAGCATCACAAAAATACTTGCCGGTCAGTTGATACATAATGGAATTCTGCGAACAGAAGGCTTCCACCGATTCAATTTTGGTGTCGGAACTCTTATGGGTGGCAAACACGGCGGTGTTGAGTAATAGCTTGATATTTGGCTCACTGGTGACTTTATCCAGCAATATGGTATCGAAAATAACCGTATTGCCTTCTTTGTTGCGGAACATATTTTCCAGCAAAATTTCGTTAATCACCCCACCTTCGCGGGACCAACGGTTGTTGTTACCCATATGCGAAGTGGCACCCAAGATCCATAATCTGACTTCGCTCGAAGCGTTACCACCTAATACCGGACGATCTTGTACCAGAGTCACTTTCACTCCTGAGCGGGCAGCAGCAATGGCTGCGCACACTCCGGAAATGCCTCCACCAACCACCACTAAATCTGCGTCAATGGTTTTATGGACTGATTGTCTGCCTTGTGGCATCGCTTGTTCGTTTAACATGTTGATTTTCCTAAATTAACCTGCGGTCTTTTGGCTTTGGTCAAGCGCAGATGCACGGTATTTTCTGAACATAAAAAATAACGGGGGAAGGGTAATAACTAACCCGACACTGATGGTTTCGGTATTGGCGGTATCAGTCATCACGCCAAGCGCAATGATGAGCAAGCCAATACATAACACGCCGATGGATAAAATCTGCAGGCCAAACTGATTGGCGTCGTTCGGGGTGCTGTTGATAGTTTCGACTTCGGCAATGGCTGCCTGACGTTGCTGCTCGGATTCCATATAGCGCTGATAGTCGGCATTGGACTGCGCGCGTTGTTTATATAGCATCTCGAAGGCAAACAGAATGACCACCGGCACCATGGCTCCCACCATCATTTCGGTCGCCCGGGACAGGGTCAAGTCCAGCAGTGACGGGGTAACAAACTTGAACAGCAAGTTAATTGCCAGACTCAATAAGGTGGTAATTAGAATACTTTTGCCGGTCTGGCGTTTGGAAAAAACCGCCCAGATTGGGGGCAGATACAGAGGGGCACCAGTTAGCGCTGCTACACTTAATACCACCTCGACAATGCCGCCCATACCTTGCACCGATAGCGCTACGGCAATGGCCAGAAAGCCGAAGACAAAAGTCGACAGACGCGCCACCTTCATTAATTTTTCCGCTGGGAACTGCGGCTTGAATGCCTTGAAAATATCGTTAGTAAAGACCCCGGCAGCAATATTGATGGTGGTATTGACCGAACTGGCAGTGGCAAAAATCATTGAGCCCAGGATCAGGCCCAGCAATCCGTCCGGCACCACCAGCTTGCTCATTAACAGGTAAGCTTCTTCGGCTTCCGTACCCTGTAAATCGGGATTCACAATGCGGTAAATCATCGGTGGCAACATCCAGATAATGGGCGCCACCAGATATAAACTACCGAATAACCAGCCGACCTTGCGGGCGCTGGAAGGTTTGGAAACACTGGTATAGCGCTGTACGTAGGCCCAGTTACCACCAATAAAGACGGTGTTGTAAATCAGGAAGGCGAGTAAAAATACCCAGCTGTATTCATCGTTATAAACAGAGGCAAAACCTTCCGGCAATTTGGCAAAAAACTGGCTAATACCGCCGATTTCACCGAAGGCCAGCGGAATAATAATAATGACTGCGGCGCTGAGTACCACAAATTGCAGCACGTCGGTGATTAGCACCGCCCATAATCCGCCCACTGTGGTGTAGGCAATAATGAAGAGTCCCAATACAATAATCGCCGTATCGAGCGGAAAACCGGTGGAAACTTCGATGATTTTGCCTACCGGATAAAGAAAAGCACCGGCAGTAAACAAGTTAATAAACAGGAAAGCGGTGGAATACAGTTTTTGCACCGACTGGCCCAGTCGCCGGGTGATAAAGTCGGCTACAGTGATCGCGCCGGTTTTATTCCAGGCCGGGGCGATAACAAAACCTATAACAAAGCCTGCAATAGCCATGGTGGTTTGGATTGCAACCGCGACAAAACCGCTGGTATAGGCAATAGAGCCCCAAACCACAAAAGTACCCACCGAGAAAAAACTCATAAACAGTGATAAACCGCTGATCCACCAGGGAACATCGCCACCGGCAGCAAAAAAAGACTTCATGCTTTTGCCGCTGCGGGAAAACATCATTCCCAACACCAGTACTAATACTGAAAATGTCAGTGCGGTGTAGTAATCAAAGCTGTTCATATTTAATGCCGTCAAGTTGTTGATTCATACGTCGAATCCTTAAATAAGTGGAAAGTAAACACTATGCATACCACTGAATATTTCCCGGTTAAACCTGAATAAAGCAGATTGAGGTTGATAAATGCCCAGCTATTTCTGCAATTGGCAATCTAATAGGATTATTCATTTCCATATTTAATATCGGAATAGGGCGCATTGTGTATCTATATGTGACATTTGTAAAGCGGGAAATGTTAATGA
NZ_CP150481.1_gap12	301798	303494	1696	ATTCTGGGCTTGAGGATCGCCTTTATTCCCAACGGGCCATTTACTCAGGAAGGTCTGGACAAAGGTTATTTCATCAAAAAAGACGGCAAAGCTCGACTGTTCAGGGTGTCATTCCCCAAACCGGAAAGTTATTTTCTGGATGCCAATAACCCGGCCGCGGTGGACTGGTATATCGAACTGTGCAAAAAGTGGTTGTCCTCCGGTGTCGACGGCTTTAAGGAAGACCTTTTCGGTTATGAAATTGAAGGTTTGCCAGACAACAAACTGGATCCGGTCAATGCCAAATTAATGGAAATGGGCGCCTATGTTATGGGGCGTAACGGTTATTTGGGTTCGCCGATGGATTTGCATCGTTTTGAAGATTTCAACTACGACCAGAATCAGGATCGTGGCCCGATAAACGGCCTGGCGTTTGCGTATAGCGGTTTTCCTTACGTGTATCCGGATATTGTTGCGGGCAAAGGGCTGCACAATATGGAATTTGGTGAGTTTTCCGGTCAACAGCTCAGAACCTACTTTATCCGCAACGCCCGCTATGCCTCGATGAATCCGTCGATGTCCTTTGGCTACGGCGTCTGGAACCTCAATGATCAGCACACTACGGATATGGTGCGTGATGCCGCACTGGATCATCATCGCCTGCAACCTTTTATCTACAGTGCCGCGATTCGGACTTATCGAACCGGTTTTCCCTATACCATGACGCCGCTGCCGCTGGCGTTTCCGGATGACGCTAAAGTACATGGTCGCGAGAATAATCGGGTGCGTGGTTATCAATGGTTAATTAACGATACCTTGTTGGCCTATCCGCTTTATGGTGATGACTATGCCTCAAGTAACAGTCGTGATCTGTACTTACCGGCTGGCAAGTGGATTGATTATGATGACGGAACCCTTTATCAGGGGCCAAAGCTGTTAAAAAACTTTGCCATTCCGCTGGAAAAAACGCCGTTATTTGTCGGTGGCTCGGGTGTGGTGGTTGAGCAGCAGGATAACGCATTGGTGGGGCGATTATATGCCACCGGGTTCACCGGTAAAGTACCATTTTTTGGCAAAGACGGCGTGACTCAATCCGTTATCGACATTAAGCATCCTGTGGGTAAATCGGTAACCGTTACAGATACTCATACCCAGCAACAGGTGGAAGTGACGCGAGTGCGACATGCCTATCAATTCCGGTTTATTGCAGGACATAACTATGTGGTTGAATAAATGGTTAATGGCCGGACTGGTTTTACTGACACTGGCCGGTTGCGCGACTCCACAGCGACTGGCCAGTCCGGATGGCGAAGTTCAGGCCGAAATTTATCTGGATCAGGACAATAGCCTGAAATACCGCTTGAGCTATCACCAGGTGCCGAGTGTGCTGGATTCATCGATGGGATTTGTCACCGCTCAGGGAGATTATGGACGCCAGGTCAGCTCAATTAGGTTGCTGGATAGTAACAAGGTCGATGAGGTTCGGCAAAATAGCTTTAGCACCAAGCCGGTTAATGATGTGTATCAATCATACCGGTTTGAGGTCAGCCAGCCCGCGGGGAATTTTATCCTGGAGACACGCTTATATAACCGGGGTTTTGCCTTTCGATATATCGGCCAGAACAACAGTCTGGATCATTTAACCAGTGAGTTGACATCTTGGCAGATCCCGCAAGATGTGGATGTATGGTTTTTTGAACGTGATAGTGACTGGAAA
NZ_CP150481.1_gap13	403987	406772	2785	GGATTTATTAAAGTGGTTAATTGCCATTGGCTTGTTGGTTGCTGCCGTTGCTGGTAACCACATCTACCAGGATGTGTCCGTACTATACAGAGCATTAGGCGTTGTTGCTGCAGTGGTTGTTGCCCTGCTTTTTGCCGCCAGTACCGGCAAAGGTAGCCAGTTTTTGAATTTTGCCAAAGAATCACGCACTGAAGTACGTAAAGTGGTTTGGCCGACGCGTCAGGAAACCACTCAGACCACCTTAATTGTTATGGTTGCGGTTGTGGTGATGTCCTTGTTGCTCTGGGGACTGGACGGAATTATCGTCAGACTGGTTTCTTTCATTACCGGATTAGGAATTTAATATGTCGGACAAGAAAAGATGGTACGTGGTACAAGCTTTTTCCGGATATGAAGGACGCGTACAAAAAACGTTAATTGAATACATCAAAATGCATGAGATGGAAGACTACTTCGGCCAGATTCTGGTACCAACAGAAGAAGTGGTTGAAATGCGTGCCGGTCAGCAACGTAAAAGTGAACGTAAATTCTTCCCGGGCTATGTGCTGGTCGAAATGGCGATGAATGAAGATAGCTGGCATTTGGTAAAAAGTGTTCCTCGTGTATTGGGCTTTATTGGTGGTACTAGTGACCGTCCTGCACCTATCAGTCAAAAAGAAGCCGATGCTATTATGAATCGCCTGGCCGAAAACGTTGATAGTCCTAAACCTAAAACCTTGTTTGAACCAGGTGAAGTGGTGCGGGTTACCGACGGACCATTTGCTGACTTTAACGGTGTAGTTGAAGAAGTCGATTATGAAAAAAGCCGCGTCAAAGTATCCGTGCTTATTTTTGGTCGCTCTACTCCGGTTGATCTGGAATTTGGCCAGGTCGAAAAAGGTTAATAAAACAGCCAAAACTCCTGGCGAGTAGTAAATCTGCTTGTATAAATAAAAAAGTGGATTTTGTTGTTTGAAACTTGAACTGGGCGTGTGATTAAACTATAATCTGCGCCCTTTTTGTTGTGCGGGAAGCCGTTTGAGTAAGCATCCTCAGTGTTTACAAGGCGCTAAACCCATTATTGAGGCATATCATGGCTAAGAAAATCAAAGGCTTAATTAAGCTACAGGTTGCAGCAGGTGCTGCTAACCCAAGTCCACCAGTTGGTCCTGCATTAGGTCAGCATGGTGTTAATATCATGGAATTCTGTAAAGCGTTTAACGCCAAAACAGACAGTCTTGAAAAAGGCGCTCCAGTTCCTGTTGAAATTACGGTTTATGAAGATCGCTCTTTCACATTTATTACCAAAACACCTCCAGCTTCTTTCTTGTTGAAAAAGGCTGCTGGGATCAAAAGTGGTTCAGGCCGTCCAAATACTGACAAAGTGGGTAAAGTTACTCTCGCTCAGTTGGAAGAGATTGCTAAAACTAAAGAACCCGATTTAACTGCTGCCGACTTGGAAGCAGCTGTACGTACTATCGCAGGTTCTGCGCGTAGTATGGGCTTGGTAGTAGAGGGATAATCTGATGGCTAAATTAACAAAACGTATGCGTATCGTTCGTGACCGAATTGATAGCACTAAAGAATATGATTTCAGCGAAGCCGTTGCTTTGTTGAAAGAACTGGCAACTGCCAAGTTTCCTGAAAGCGTTGATGTTGCAGTTAACCTGGGTGTAGACCCACGTAAATCTGATCAAAACGTTCGTGGTGCAACTGTATTGCCACACGGCACTGGTAAAGACGTACGTGTTGCAGTGTTTACTCAGGGTGCCAATGCCGAAGCCGCTAAAGAAGCTGGCGCAGATTTAGTGGGTATGGAAGACTTGGCCGAGATGGTTAAAAAAGGCGACATGCCTTTTGACGTAGTGGTTGCTTCTCCGGATGCCATGCGCGTTGTGGGTACCTTAGGTCAAATTTTAGGTCCACGTGGCCTGATGCCGAACCCTAAAACGGGCACTGTGACGCCAGATGTAGCTACAGCGGTTAAAAATGCTAAAGCCGGTCAGGTACGCTATCGCAACGACAAAAACGGTATTATCCATGCCAGCATCGGTAAAATCGCTTTTGAAGAAAACCAGATTAAAGAAAACCTTGAAGCATTGTTGGAAGCCTTGAAAAAAGCTAAACCATCAACAGCTAAAGGCGCTTTCATCAAGAAAATTAGCCTGAGCACCACAATGGGTGCAGGTGTTTCTGTCGATCAGGGCACACTGGCAAGTTAATTGAAGGATCAGCACCGAAGGTGTTGATTTCTCTCTAAAGGTTTATGGGTTGGAGCCTGACTATTAATTTTAATAGCCAAGGCTCCCGTCCAAGACCGCAGGTGTTATCCGGTAAGTAGAATTAGAGAGCTACCTACATTCAACGGATAACTTAAAATATCAACCTGCGCAGACGGTGGATCTGACTCAGACTCTCTGGGAATAACGAACACCGTAGTGCGGTAAAACGTTGTCGGTGTTACAACCAATAACATTTTATCAATCTGTGAACTCTGGAAAACTTCGGTTTTTCAGTAACTAAAGAGGTGAACTCAGTGGCACTAGGCTTAGCAGCAAAAAAAGAGATCGTCGCCGAAATTAATGGCGTTGCATCTCAGGCTCTGTCCGTTGCCGTCGCTGAATACCGTGGGATGGAGGTTGCAGACCTCACTGAATTGCGTGTTAAAGCTCGTGAGCAAGGCGTTTACGTTAAAGTTATTCGTAATACTCTTGCAAAACGTGCTTTTCAAGACACTAAATTTGGTGATTTGGAAAGCGCTTTAACTGGGCCGTTAATTTACGGTTTCTCTTTGGATGCACCTGGC
NZ_CP150481.1_gap14	414147	416869	2722	GCAGTACTTTATTTCTACTCACGGTGCGCGTAAAGGTTTGGCCGATACCGCATTGAAAACCGCTAACTCAGGTTACTTGACTCGTCGTTTGGTTGACGTTGCACAAGATTTGGTTATCAACAACGAAGATTGTGGCACCTTCGAAGGTGTTAAAATGACGCCACTTATTGAAGGTGGTGATGTTGTTGAACCGTTGCGTGAGCGTGTACTAGGTCGTACCGTTGCTGAAGATGTCATCAAGCCGGGTACCGATGAAGTGTTGGTGGCACGTAACGTGTTGCTTGACGAAGAGTTGGTTGATTTGCTTGAAGTTAATTCTGTCGATCAAATTCAGGTTCGTTCGGTTATCACCTGCGAAAATGACTTTGGTGTGTGCGCTAAATGTTACGGTCGTGATTTGGCTCGTGGACATGAGGTGGGCATCGGTGAAGCTGTGGGTGTTATTGCTGCACAATCTATCGGTGAACCTGGAACACAGTTAACCATGCGTACGTTCCACATCGGTGGTGCGGCGTCACGAGTGTCGGCCGAAAACAGCGTACAAGTTAAAACTAACGGTAGCATGAAAATGCATAACGCCAAGTTTGTACGTAATGTTGACGACAAAGTGGTTATCGTTTCGCGTTCAACTGAATTGACCATCATTGATGAGCAAGGACGTGAGAAAGAACGTTATAAAGTACCTTATGGTGCGATATTGAACGTTGATGACAATGCTGCAGTTCAGGCTGGTGATATTATTGCTAACTGGGATCCGCATTCGCATCCAATCATTACCGAGCGCGCATCGAAGATCAGCTTTGCTGATATCGATGAATCAAATACTGAAACGCAGCAGGATGAATTAACCGGTCTGACTCGTATCGTGGTTAAAGACTTGTCCAAGGCAACGGCTAAAGAACCTAAGCTGATTCTTGAAAATGATGAAGTGGGTATTCAGGAAATTCGTTTACCTAGCTTTACCACTATTGAATCCAGTGATGGTGCCATGGCTAATGCCGGTGATGTACTAGCCCGTATACCGCAGGAAAGTTCGAAGACCCGTGATATTACCGGTGGTCTGCCACGTGTTGCTGACTTGTTTGAAGCGCGTAAGCCGAAAGAGCCTGCAATCCTTGCGGAAATCTCCGGAACCATTGGTTTTGGTAAAGAAACCAAAGGCAAAAAGCGTCTTGTGATTACACCTGAAAATGGCGATCCATACGAAGAGATGATTCCTAAGTGGCGTCAGCTTAACGTGTTCGAAGGTGAAAAAGTCGAGCGCGGCGAAGTAATTGCCGATGGGCCTGAAGCGCAGCACGATATTTTGCGTCTACGCGGAATCAGCGCCGTATCCAATTACATTGTTAACGAAGTACAGGATGTTTACCGTCTGCAAGGGGTAAAAATCAACGATAAGCACATCGAGGTTATTATCCGTCAGATGTTGCGTAAGTGTATGATTACTCATTCCGGTGACAGCCAGTTGCTGGTCGGCGAGCAGGTAGAAGTCTCTACCGTCAAGATCGCTAACCGCGAGCTGGAGAAGCAAGGTAAAATGCCAGCTGAATATGAAATTCAGTTGTTGGGTATTACCAAAGCGTCGCTGTCGACTGAATCCTTTATTTCAGCAGCATCGTTCCAGGAAACGACTCGTGTACTGACCGAAGCCGCAGTGCAAGGTAAAGAAGACGAGCTACGTGGTCTGAAAGAAAACGTTATTGTTGGTCGTCTGATCCCGGCAGGTACCGGTTTCGCTTACCATCAACAACGTCAACAACAAAGAAATCAGGTTGAGCTGGATGATCCGTCCGTATCAGCCGCAGAAGCAGAGCAAGCATTAACTGAAGCCCTAAACGCTGAAGTGACCGCTTCTTCTGGTGATGCAGAGTAATTTGTTGACATAATTGAAATTTACTTGTCAGCCAGCATGCCAAGCTGGTTGACAGGCTAAACTTTGATCTATAGAATTCTGCGACCCTAATTTTAGGGCCGCGGAATTTTTCGCATTTAAAATCAGCAGTTTTTAATCAGGAGCTAGTTAATGGCAACAGTTAACCAGTTAGTCCGCAAGCCACGCCAAAAGGCCATTGTGAAAAGCAATGTTCCCGCTTTGGATGCTTGCCCACAACGCCGTGGTGTATGTACTCGCGTATATACCACCACACCAAAGAAGCCGAACTCAGCATTACGTAAAGTATGTCGTGTTCGTTTAACCAACGGTTTTGAAGTGTCTTCATACATCGGTGGTGAAGGTCACAACTTGCAAGAGCACAGCGTTGTTCTTATTCGTGGTGGTCGTGTTAAAGATTTACCAGGTGTGCGTTATCACACTGTTCGCGGTACGTTAGACTGCGCCGGTGTTGGTGATCGTAGACAAGCTCGCTCCAAGTACGGCGCGAAACGGCCCAAGTCTTAACGGTTCTCCGTTAGTAAGGCCAAACTTAAGTATTAATTAGAGTTTTGGGAAACCCCTGAATTCCTCGGAGAATAGAAAATGCCTAGAAGAAGAGTCGTAGGTCAACGTAAAATCCTGCCTGATCCTAAGTTCGGATCACAGTTACTCGCGAAATTTATGAATGTCGTCATGTTAGATGGCAAGAAGTCAACTGCTGAAAAAATCGTTTACGGCGCGCTTGATATTGTTGCTGAGAAAACCGGCAAAGAGCACCTGGATGTATTTGAAGTCGCATTGGATAACATTCGCCCGACTGTCGAGGTTAAGTCTCGTCGTGTGGGTGGT
NZ_CP150481.1_gap15	444847	447127	2280	CTCGAGGCCGGGCGGGATTACGATCCTAAAACCGAAACGCCGATGTTTAAACGTAATGGTGAAGCTCCATTAATGGGCGCTGGCAATGAAGACAAGGACTTCGGTTTTTATGATGCTACCGTCGACGGTGGCTGGCAGGTACCTAATGAACCTTATACCACCGCCGAAAATTCGGAATTTATGTGGTGGCGTGCCCGCATGTTGGGTGGCAGAACCAATCACTGGGGACGCTATTCACTACGTTTTAGTGCACATGATTTTAAAGGCAAAAGCCGCGACGGATTAGGAGCTGACTGGCCGTTCGAATATGCCGACATCGCCCCCTGGTACGATAAAACTGAAGAACTGGTGGGTGTCTGTGGCACCAACACCGGTTTGGATGATATGCCACCTTCAGCAGAGGGGATACTGCAGCCTCCGCCAAAACCCCGTATCACCGAGTTGCTGGTGGCAGCAGCGGCAAAAAAACTGGGTATTCCCGTTGCGCCCATGCATAGAGCGGTATTAACTCGCCCCAAAGATCAGCGTGCAGCCTGTTTTTATGCTACTCCCTGTGGCCGTGGGTGTTCAATCGGCGCGGCCTTTCAAACCACCACCTCGTTAATTCCGATGGCAAAAGCCACCGGCAATTTGCAGGTTATTACCGGTGCAATGGTCAAATCCGTTGACGTTGATTCAGCCGGTAAAGTAACCGGCGTCACTTATATAGATAAAACTGACGGTAGCGAGCATAAACTTACTGCCCGAGCAGTGGTATTAGCGGCCAGTGCTTGTGAAACTGCACGCTTGTTACTCAACTCGAAGAGTGAAGGTTTCCCTAATGGATTGGCTAATTCCAGTGGCCAGGTGGGTAAAAACTTGATGGATTCGACCGGTGCTGATTTGGGCGCACTTATCCCGGCACTGCGTGGCCGACCTATTTATAATGAGGACGGGCATACTTCCAACCACTTGTTTATTCCGTGGTGGGGACACAAGGCACAAGAGAAAGGCGAACTGGCTTTCCCACGAGGTTATCATTTTGAAATTGGCAGTCGTTTTCGCGAGCCGGGGGCTGGCGTGGAAGGCGATGTGCAGGGTTACGGCCTGTCGTTAAAACAACAGGTTAAGGATAATTACGGCGCTTTTGTGTGGTTTTCCTTGCGCGGTGAGATGTTACCCAATGAGCACTGTTATATGGATATTGATGACAACGTTACCGACAAGTGGGGCATTCCCGTAGCCCGTTTTCACTGGCAATGGTCAGAGCACGAACTCAAGCAAATTGAACATGGAATGCAAACCGCCAAAGATATTCTGACGACCATGGGGGCCGAAGTGGGCGATTTGCCGCCAGCCGATCAGGCGATTTTAAAAGGTGGGCAAATTATTCATGAAGTCGGTACTACCCGCATGGGGGCATCGCCACAGGATTCGGTAACCAATCAATGGGGGCAAAGCTGGGATTGTCCCAATCTGTTTGTTATGGATGGTGGGGTATTTGCATCTAATCCGCATAAAAATTGTACATTGACCATTATGACCCTGGCCATGCGCAATGCCGCCTGGTTAGGACAGCAACTCGACAAGGGAGTGCTTTAAAATGGTACAGAATAAATCACAAGCCACTGGTGATAACGGCAGCCAGTATCAGTACCAGGCAGGAATGACACGCCGCCAGTCGTTAAAATGCATGGGGATATTGGCGGCAGGGGCCATGTTGCCTTTGGTCGGGGGATGTGTCGCTGTTGATGAACATGCGGTAAAAGCCGACGTTGGCCATTGGCCCAACCTGGATTTGCCCGTTATTGATGCCAGGGGATATGGAAAAGATCCCAATTTAATCTTGCCACCGGAGTCGCCCTGGCCGTTAACCTTAACTGCCGAGCAATTAAATTTAGTGGCTGTATTGTCGGATATTCTGGTTCCCCGTGACGGTGCTATTCCTTCCGCTTCCGAGGTCAAAGTACCTGATGTAGTCGACGAGTGGGTAAGTGCGCCTTATGCCAGACAGCAAAGAGACAGGCTAACTATTCTTTCGGCACTGGTCTGGATTGATGATGAAGCGCAAATAAGATTTAACCAAGCTTTTGTCGCGTTAAACGAGTCACAACGTTTGGCTATTATCGATGATATAGCCTACGAGAATGAACAAACACCTCAGCAATTCAAACGTATTGCTGCGGCTTTCGGACGTTTTCGTCGTCTGGTACTGGCTGCTTTTTACAGCACACCGCAAGGTATCAAAGATATCGGTTATGTGGGCAACGTTCCTATTGCCGGAGATTATCCGGGCCCGAC
NZ_CP150481.1_gap16	449057	452068	3011	TATGTTGGCGATGACTACCGGACGCGGCACACACCTGTATACCCTGGATAAAACTCATGGGGGATTCCTGGTTACTAAAGCCAATGTACAGGTACCACCCGAAACTAACGAATTTTCTATCAACAGCTCTAACCAGCGCCATTGGGAAGAGCCGATGCAAAATTATGTGGCAGATTTACTGGCTGGCACGGAAGGGCCAAGAGGTAAAGATTATAATATGCGCTGGGTGGCGGCGATGGTGGGTGATATTCATCGGGTGCTGTCTCGCGGCGGCATTTTTGCTTATCCGTTCGACAAACGTAATCCGGCGATCCCAGGCAAGTTACGTCTGCAATATGAAGCCAATCCTATGGCATTTTTGATGGAACAGGCTGGTGGATTGGCCGATACCGGTGAAGGACGCATTATGGAAGTCATGCCAACCGAAATCCATCAACGAGTGCCGGTGATTTTAGGTTCCAAAGACGAAGTTGAAACCTGTCTGGAATACTATAAATAGACTAATCTGGTTGCGTTTATACGGTTAAAGTCGGCGATATATTTGCCGACTTGTTGCATTTGCAGGTAACAATCCTGACGATTCAGCAACTGGGCACCTAAATGTCATAATTTGTCACTAAACTTATAGTCATAGGTTACCAACCGGGTGTCAATATGTCGATTATTCCAATTCCGGGCTTTAGCGAGCCGGTTAATGCCATTTCTCATTTGCTTACTGCCGGTGTTTTTCTGATTTTGGCTATTTTTACCCTGTATAAGGGGCGTGGCAACACTGCCAGACAGCTCAGTCTGCTGGTGTTCAGTTTTTTTGCTGTCGCGTTGTTTGCCTTGAGCGGTGTCTATCATTTGCTTGAAAAGGGCAGTCAGGCCAGTCTGGTGCTACGTATTCTCGATCACACTGCCATTTTTACCATGATCGCCGGTTCATTTACCCCATTTCATATTATTCTGTTGCGAGGTCGTTCGCGCTGGCTACCCCTGTTAATTATCTGGCCATTGGCAATTACCGGCCTGACCTTAACCGCGATCTTTTTTCGCTCGATGTCGGAAGGGTTATTACTGTCATTTTTTCTGGCGATGGGCTGGATGGGAATATTCACCGTTATCCGGGTATGGACAATCAGTAAATCAGTCGCTCAGTTGATTGTGGTCGGTGCGTTATTTTATACCATTGGTGCATTGCTGGATTACGCCCAGTGGCCGGTGCTGATTGACGGGGTGATAGGCGCCCATGAATTGTTTCATTTTACCATTATTGCTGCAGCGCTGTGCCATTGGTTTGCCATTTATAATATTGCGTATTATCCGCTAAAAAATGAACTGACCATTGTCGTACGTGAATTTCCCGGTCAGTTCCAGGCCTATTTATTTGGCGAGAACTGTATTGCCAAAGCGCCAACCAAGGCTGAGCTAATGGCAGGGTTGCGTCATTGGTTGGTACGCACTTACCCTCAAAAACTGGTTCCTGAAAAGATCCGTTTCAAATTTTATCAAGAAGAGTGGGTCAAGCTCGACTGATTTAAAAAATTGAGGTATGGGTGTAACTGGTCAGCTTCTCCAACGCGAGCTGACCGAGTACCGAATTACCGTATCGATCCAGTTCTGGCGCCCATACAGCCACAGTGTATTGTCCGGGACAAACGGCAACTATGCCGCCACCGACACCACTTTTTGCCGGTAACCCGACATTATAGGCAAAGTTTCCTACCGCATCGTATAGACCACAAGTCAGCATTAGCGAGTTGATGCGTTTATCCATTTTTTCGGCGTGAAAGCTGGACTTGAAATGGGACTTTCCACGATTGGCCAAACACTCAATTGCCCTGGCCAAATCACGGCAACTCATCGTGATGGCACATTGTTTAAAGTAGCAATCGAGGGTTTGTTCGACCTCTGCTTCCAGGTTGCCCATGCCCTTGAGCAGATTGGCAATCGCGACGTTACGAAAGCCGGTTGCCTGTTCGCCGGCGGCAATCTGTTGATCAATACGGTTGCTGTCATTGCCGGAAAGCGAGGCGATAAATTCTTCTATGCGTCTTGCCGGTGCGGCGCTTCTGGCGGCAATTACGTCGGTTACCACTATGGCGCCGTCGTTGATAAAAGGATTGCGCGGAATACCACCCTCTGAATCCAGTAACACCAGAGAATTGAAACGCATGCCGGAAGGTTCGCGGCCGACACGTTGCCATAGTTCCTCTCCAACGATATCCAGCGCCAACATTAAGGTAAACAGTTTGGAGATACTCTGGATTGAAAAGGCGGTATCGGCGGCTCCAACGGTAAACTCCTGTTCATCCACGGTACGCAATGCCATGCCAAATTGTTGCGGATCGACTTGGGCCAAGCCAGGAATATAGTCAGCAACGTTGCCCTGTCCATATTCATTGATCACTTCCTGATGAATTTGTTGCAGTATCATCGGTAGGGCGTCCAGATCGAGTATCTGGTTTATGCTGTTGTCGCCAGTATTGTTAGCCATAGGTGATAATTTATATTTTCTATGTTGGTGGTCTCTATCCGTCAGACTAGCATGTCCAAAAAAAAGCCGCTCAAACTGGAGCGGCTTATAACGGTTTTGTTACTACTATTGGTTATAGTAGCGGGGCGATAACCAGACTGACAATCGCCATCACATTGATCAAAATATTCATCGCCGGGCCGGAGGTATCCTTGAATGGGTCGCCGACAGTATCACCCACAACGGTGGCGGCATGCACATCTGATCCTTTACCGCTAAAATTGCCTTTTTCGACATATTTTTTGGCATTGTCCCAGGCCCCCCCGGCGTTGGCCATCATTAGCGCCATTAATACGCAGCCTAGTAGCGCTCCTCCTAACATTCCGCCCAAGGCATAAGCACCCAATCCGAATCCCACCACTGGCGGAGCGGCTACCGCAATCACACCGGGCAAGATCATTTTCTTCAGTGCCGCCTGAGTGGCAATATCCACACATCGGCCGGTATCCGGTTCCGCCGTACCTTCCATCAGGCCGGCAATTTCCTTAAACTG
NZ_CP150481.1_gap17	471557	472402	845	GTAATTGTTGGCTTTATATCGCTGTTTCATAACAATAAATATGTGCAATAGCGGATGAAATTTTTCAACTATTTGATTAATCTGTGGTCTTCACTAGTATATATTCGATGACAAAAGGCTTAATGATATGACTGACGACATCAATTCCACCTCTCGCCGCTCCATGCTCCCATACCTGTTTGTTGCCGCTTTATTGGTAATACTGGTTGCGGCTTTATATTTATGGAATACGGATAAAGAACCGGAGCAGCCTGTCGTGTCAGAACCTGTTACGTTACCTGAGCCTAAACCGGTACAACCAGAAACGGTAGAGCCAGAGCCCGAACCGCAAGATATAGTCGAACAACCTGCACCTGACACCGAGGATATGGGCGAACCGGAGAATATTGAACCTGAGCCGCCTAAACCGGTTGATATTAAAGACAGCACAATCAAACAGCTGATTACCGAAACATCTGACTATGAGGCGTTACCGCAAGTTATGGTGAACAACGATTTGCTGGAACGTTTTGTGGTGTTTACCGACAATTTGGCTAATCACGAAATTGCCAACAGTCATCGTTTGTTAAATCCGCCCAAACAAAAATTCAAGGTGTATCAGCAGGCCGACAGGCAATGGATCGATACGTCCAGTTATAAGCGATATAGCCTTTACACCGACATTTTTACCTCAATGGATTCTGAAAAACTGGTAGAACTATTTGAAATTTATCTACCGGCGATGACAGAAAAGTATGCCGAGGTCGGTTCAACCCGCCAACCATTTGCTACTGTAGTGGAAGAGGCAATAGAGCACTTGCTAAATACGCCTGAGGTTCCCACCCCCATCGAGGTCACCACCGACA
NZ_CP150481.1_gap18	496107	499795	3688	ACCGTTAAACCAACCGATTTACATTAACAATAATACCAATGGTGCCTGTGCAGCCGATTTGGCAGGAAAAGCATTGATGTTGGCAGTTAAATGTACCAATCCCGCCAGTTGTAATAGCGATATGCTTAATCTGTCAGGTGCTACTATCAATCAGCCTGAAAGTTATACCGATACTGGTATAGTATTTAACGCTGATGGAAAAGCCGTTATCCCGGCTAACACAATCCGCTATGACGATGCTGGGCAAATTCAGCTACTGGTTAAAGACAGTGCCGAGTTGACTGCCGGAGCCAGCAATGAATTTGTTGAAATGCCGAAACTTAAGCTGGAATATATCGCCAATGTTGCAGATCCTGCTAGCGATCCATTAATAACCGCAGGGATAAATTTCGGACTATCAATTACCGCTATTGGGCAACTTGACGTGGTAACACCTAATTATCAGCCTGGTCAGCTACAGTTAAAAGCGGATAGATTATCACCTACTGGGGTAGGGGTTGAAGGCAGCTTGGTGATTTCCAATGCAACAGTAGCTGGACAAGACAGTATTACAACCGGTAGTGGCTATATCGATTTTGTCAATAATCTGGCTAATATCAGCTTAGGCCAGTCACAAGATTTGCAGGCTTATTATTCTGAAGTGGGTGAAATCAGTTTACAGGTGCAAGATAACAATTATTTGGCTCCTTTGGGTCTTACTGTCGAAAGTCAAAATAGTTTACATCTAGGTCGTTTTATTCCGGCTTATTTTAGTATTAGCGACAATGCCCCCAAACTGGTTGAAGCCTGTACAACGGGACTATTCAGCTATACGGGACAACGCATTGCCATGACGCTTGATCCGACCATTACCATTATGCCCAAAAACGTGCTGGGGAATAATATCCATAATTATATTGGAGCATTGAAAAAGTTGAATACCGATTCAGCCGACCCCGACGATGTTGTGATCAGTGAATTATCCATTTTTACCCAGATGCCGGATATCGATCCTCAAGAAATCGTCAGCCAATCATTAACCGGGGGAGAAATAACAGTAGCAATCGAACAGGATGATGAAGAGGAGGATGGAGAGCCGATTGGGGTGATATACCAGAAACTGGCCACCCCCATTGTTCCTTTTGATGCTCACCTACAGATAGATTTTAGTGAAGAATATTTAACCGATACCGATGGTGTCTGTTATCAAACAGATTATGATCCTGCAACCTCGGCAGGCTGCGAAAGGTATAGCATTGAAAATATTGATGGTGCACATTTACGCTATGGCCGCCTGGTGATGGAAAATACCTATGGCCCAGAGACTGAATCGCTCTCCATTCCGATGTTTACCCAGTACTATAATGCCAGTGGGAACTGGGTACTGAATAGCGATGATAAGTGCACGCCTTATGATTCGGCTAACGCGGTATTGGATGAAGAAAATTCGGAACTTGATCCTGCGGATATTCCAGCCAGAAGTGGGGCAGGAACATTTTCTGCTGGTAAACCAACAAGCTTGTCCGATAGTATAAGTGTCGCGGCACCCGGAGAGGGAAACCAGCTGGAATTTCCGCTGTTGATGAATCAGCCCGATTATTTGTTTTTTGACTGGGACGGAGATGGTACTATTCAAGCGCCGTCAGCCATTATCACCTTTGGACAATATCGGGGTAATGACCGGATCATTAACTGGCGCGAAGTATTTAAATAGGTTGTTAGTCATAATAGTTATGAGCGATACTTGCGCTTTTCTCTACAACTCAATAGCATAGGCGGTATTGTTGTACCCGGGTCGGCGTCCATGGGCAGCAAACCATAAAAACAATAAAGTAGTTTGCTTTAGCGCAAAAAGTTGGAATGGAATAATGAATCGATTAGTACATTTGGCCGTGGCCGTAACACTCTTAACCTGTTCTGGGTTTGCCGTTTCTGCAAGTTTGACCGTAGCAGAAATCGAGCAACAGATTGAGCAAAAGCAGTCTGAATTTGATAATTACAATAAAAATTTGGATATTGAAATTAACGCATCGCGCACATTGGAACAGGAGTTGGCCAAGTTGCGCAATAGCAGCGCAAAACTGGAACAGGAAAGATTGCGAGCGTTAAACGAAATGAATCTGGCCTACGAAAAGCTGGTTGAAGATCCTTCTCTCAATATTGATTCTGCCCGCAAAGCCTATTCCTCAGCCGTTAAAGCCCACAAAGATAATAAAGACGCCATTACGCAAAAGTATAACGAATGGCAGACCCAACTGAATAAAGTTGAGCATGTGCGCTTAGCTAAACATAGCCTGTTAAACAAACTGGAAGGGCTGAAAGAACAATACAATACCGCTCGCGTGGATCGCTTATATCGCGAGTTTGGCCGTCAGGATACTATTCTGGTTAGTCATCAACTGACCTGTGATCGCGAAGAAACCATTGCCAAGTGTATGGAGCGCGGCAAAAATCTGGCTAAACAGAAAGCTTCCAAGCGCTTCCTGGATGAAGTGTATGAAGGTCTGACCGAATCGGTTGAAGCCAAACAACACCGTCCATACTCGGACGGATACGTACAGATAGTGCGTAGTGAAGTGACCAACAACAGTTTTAGTGGTTTAGGTGATTTCTCGGTTAGCATGGCGGTTGAAATTAAAGGCACCCTTAAGCGTAATGAAGGTTGTGCGTTGTTGGGGCTGGATCGCCGCTACTGTGTAAGTCAGGAACAAGTTGCCCAGATTGCAGAACCGGACAGCAGCCAGTTGCTTAACGTTAGCACCGACGAATCGGTTATGTACGAATTAACCCTGCGTTCTAACGTTTATGATGATGAAGTGTTTATCGACGGGGTGAGCTACGGCTCTACCAAGTTGCAGATCATGTTGCCAGCCGGTAAACATGATATTGAAGTGGTCAAGCGTGGTTACCAGTCACATGTACAAACCCTGGATATGACCCAAAGTACAACATTAAAAGTCGACTTGGAACGCACTCAATACGCCTTCAATAAAGGTGAAAAAATTCAGGACATTCTGGCCGGAGATATCGCTGGTCCTAATCTGGTGGTAGTGTCTGCCGGTACTTTTCGAATGGGTGACCTAAGTGGTGTCGGGCTGGATAATGAACGCCCGGTTGCAACCAAAGAAATTATTGAATCCTTCGGTATCAGCGAAACCGAAATAACTGTGGCCGACTTTAACAAGTTTGTCGAACAGACCAGCTACGTGACCGATGCTGAGAAAGATCGTGGCTGCGCTTACTATGAAGGTGGTGAGCCGGTTTGGCGCGCCCAGCTTAACTGGCGTGCGCCAGGTTTTGCACAATCCAATACCCACCCGGCGGTTTGCCTGAGCATGAAAGATGCCCAGGCCTATGTAGATTGGCTAACCGAAAAAAGTGGCAACAGTTACCGTTTACCCACAGAAGTGGAATGGGAATACGCAGCCCGTGCAGGCAAGGAGAGCGATTTCTGGTGGGGTGACAGCATAGGTATAGATAACGCCAATTGCGGCTGGTGCGGCAGTCAATGGTCAAATGTCAGCAGCGCGCCGGTCGCGTCGTTTAAGCGCAATGGCTTCGGACTATATGATACCGCCGGTAATGTGTGGGAATGGACCACCAGTGACAACTCCCAGAATGGCGCTGTTGTGCGTGGTGGAGCCTGGAATTTTGCGCCAAGATTGGCGCGCGTATCGACACGTATGGAAATGGATCCGGCGTTTCGTTC
NZ_CP150481.1_gap19	553863	556537	2674	AAGCTATACCTCTATTATGCTCGGTGGCTCGGTCACCATACTGTACCTGTTTTTAATCAATGCGTTATTTCGTGGCGCAGGCGACGCAACAGTCGCGATGCGTTCACTGTGGTTAGCTAACGGTATTAACATTGTGCTCGATCCGCTGCTGATTTACGGAGTTGGGCCTTTTCCGGAAATGGGCGTGACCGGCGCAGCAGTGGCAACCAATATTGGGCGCGGCATAGGCGTGTTGTACCAGTTGTATCATTTACGCGGCCATGTCAGTCGATTGGCGTTGCGGTTACATCACCTGAAATTTGTGCCTCAGGTGGCGTTGGGGATTGCCAAAGTTTCACTGGGCGGTATGTTGCAGTTTATTATCGCTACTGCCAGTTGGGTGGCGCTGGTGCGCATTGTTTCTGCTTATGGCAGCGCTGCGGTTGCCGGTTATACCATTGCGGTACGGGTGATTATGTTTACCATTTTACCTTCCTGGGGAATGAGTAACGCTGTGGCGACTTTGGTAGGGCAAAACCTGGGGGCCAAACAACCGGAGCGAGCCGAGCAGTCGGTGTGGAAAGTCGCCCGTTACAATCTGTATTTTATGCTGTTTGTGGCGGTGATCTTTATCTGCTTTGCCGAGCAAATTATCGGGATATTTACCACCGTGCCTGCAGTGATGGAATACGGTGTCGCTTGCTTGCGTTATATCAGTTACGGCTATGGTTTTTACGGTATTGGTATGATTGTGGTGCAGGCCTTTAATGGTGCAGGAGATACCATGACACCGACCAAAATCAACTTTTTGTGTTATTGGTTGTTCCAGATCCCGCTGGCCTACTGGTTAGCCCATTCCATGCAGCAAGGGCCTGATGGCGTGTTTATGGCGATTACCCTGGCGGAATCCCTGATTGCCATTGTGGGTGTGGTGGTATTCAGGCGCGGTCAGTGGAAATTACAATCAGTGTGATTGGCTCGACAATGTAATAACCGGCTCTTTATGAGCCGGTTTTTACCCTTTGTTCCTGGCTAAGTTTTTGTAGTTGTTCGTTAGCATGTTGCAGGCGCACCTCCATATCCCTGCGGGCTTCAACCATTTCATTTGCCACGGCGGCGAGCGATTTGAATTCGGCAAAGCCCAGTTTCTTTTCATCCATACGTTGATATTCCCGCTTGCAACGATAAAAGAAGATGACGAAATCGGAAAATGCCCTTTGAAAAGTAATAAAGCTGCGGATCAGCAAAATGATAAGTGCCAGCGAGGTGAGTCCGGCGATCAGCAAACCATTACGTTTAACCTGTTGCTCGCGCTCGGCAATCATCGGTGCCAGTTTCTGATCGACAATCGCTAATTGCTCTTCTACCAGATGGGCTTGCTGGCGAAAATCACCCTGCATGCCATCATTATGATCCAGACCCACTTGCTGGTAAGCCTCAACCAGTTGCATAAAACTGTTCTGGTAATTGTTCAACAACGCTTTCAAGCGTGATTGATTCGCCCCCGAATAATGAGCAATCGCCTGCTCAAGCTGATGGTACATTGCCTGCTCTTTATCAACGTATTCCATTCGCCGGCGTAACATAAAGTCTTTTTCATGGCGGCGGATCTGCAGCAACATCACCTGGAACCGATTCAGGTTGTTGGCATCGAACATCTCTTCCAGTTCATGGATGGCATCGCGAAACTGTTTTTGAAAGCCGCTATTTTCATTTAAACCAATTTGCAGATGGATACCAACCAGCTTAAGAAACTGATCCCGGTAGACGGGAAAACCGGTTTGGATATCGTTAAAAATGGCCTGTGTCGGAAAAAATATCGCCGCATCGTCACTGAGTTGGCGCATGTTCAGTTCGAACTGTTCAGCACGTTGCTGAAACTGTTCGACATATTGTTTATCGTGTCGCAGTAAAAAGTCCTTCTCATGGCGGCGTAATTGCAACAAGTCGGCATTCAGGTGTAACAGTAACTTGTTTTGCTGATTCAGCTTAATCAGTTGGTTGGTATAGTGAATTTGGCTGATAACCAGCACCAGCATGCCTATAACACAAACAGATATAATCAGTACCAGTCGGTATTTGATCGAATTAAACTGCATTGCCTACCTCTCGGATTAGATCGGAATAGCCGATCGGTAAGCATTGCAATCAATTGTGACAGAATGATGTCAGTGACGGGGGGTAAAAAATTCAGGTTTAGTTATTTGCCTTCCATAACCAGCGTAATCCTTCCGGTAGCAGAGCACCACCATGCTGGTCATTGTGTTCGCCGTCTGTCCAGACGTTGCGTAGTTGATAACGCGCCCCTTCAAGCGTCTGTTGGTCGGCAATGCGGTTGGCATACTCCAGCGCCTTAACCATTTGCTGGTTGGCTAAAAACCAGTTGCCCCATTCATTATCCAGATCGTTGATGCCGTCCTGAATAAAGATCCGCAACGGGCGAATGGCCTCACGGCGGATCAGCGCCGGATAATCCTGCCCGCCCAGTTTAATTGGCTGGCTGTCGGCATCAAAACCTATTGATACATAACTACCGATAGAGCTATACACTTTGCGAAATACATCGGGCCGATGCCAGGCCACCGTAAACGCAGCAATGGCACCGCTACTGGTGCCGCCAATCGCCCGCTGTTCCGGATCCTTGGTCAGGTTGTAATCCTTGCTAACGGCAGGCAGCATTTCTTCCACAATAAAG
NZ_CP150481.1_gap20	621801	622864	1063	TTCGCGCCGATATGGATGGTTTACCGGTTAAAGAAATCAATGATTTACCGTTTAAATCCGGGCAAACCTCGGAATTTAATGGCAACAGCGTACCGGTAATGCATGCCTGTGGCCACGATACCCATATGGCGATGCTAATGGGGGCGGCTAAAATACTTACCGAAATGAAATCGTCGTTATCCGGCAAAGTGAAGTTTATTTTCCAGCCGGCCGAAGAAGGTGCGCCTCCCGGAGAGAAGGGTGGAGCCGAAGTAATGGTCACCGAAGGGGTAATGAAAGGCGTGGATGTGGTGTTCGGCCTGCATATTAGTTCAGATACTGATGTGGGAGTGGTGGAGTATCGTAGCGGCGGCATTATGGCGGCTGTCGAACCCTTTAAAGTGGTGATAAAAGGCAAACAATCCCACGGCGCTTATCCCTGGTTAAGTGTTGATCCTGTTGTTACAGCGGCACAGGTCATTATGGGATTGCAGACCATTACCAGCCGGGAAATTAATCTGCTCGACGGTGCCGCGGTGGTCACCATTGGATCTATTCACGGCGGTAATCGCTCCAATATTATCCCCGAACAGGTTGAACTGGTCGGAACCATTCGTACCTTAAATCAACAAGCGCGTGAGCATATGTATGATGCTGTACCACGCAAGATAAATAACATTGTTGCCAGCATGGGGGCAGAAGCCGAGATTACCTTGCCGCTTGATTACAGTTATCCGGTGACTTATAACGAGCCGGCGTTAATGAACAAAATGTTGCCTACATTGGAACGCACAGCAGGGAAAGACAAAGTCGAACTGGTTAATGCTGTTACCGGAGCCGAAGATTTTTCTTTTTTCCAAAACGAAGTGGCAGGCTTGTATCTGTTTGTGGGCGGCAAAGCGCTGGATATGCCCAAAAGCGAAGCGCCAGGCCATCATACCCCTTATTTCCAGATTGACGAAAGCGGTATGAAACTGGGAGTTAAACTGTTGAGTAATTTAACCCTGGATTATATGCGCGCAGCCAAGCCTGAATAGAAAGAGAAAAAGCATGAAAAAACTTATCTGCATTGGGCTCTATGGCC
NZ_CP150481.1_gap21	665651	666946	1295	TGTATCTGACGTCATTAGACTCACAGATGACGAAATAAGGCCCCCGCCAGAATTCGGTGTGGCGTTTGACAGCCGGTACTTACTTGGCTTGGTACCGATAGAAGAACATATGGTTATTTTAGTCAATATAGAACGTCTGATAACAAGCGACGAGCTTGGCTTGCTGGACGCACAAATGACTTCTGCTCAGGAGTAATACAATGAAATTGCTAAACTGGATTAATAAACTGACATCTGGCACCGACGATTCACTGCAGAGCCGGCGCAATGCCCAGGCACTGGAAAGCAGCTCAACCTGTTTTATGATGGCAAATGCGGATCGTGAAATTATTTATGCGAACAAAGCCGTTCTTACCTTGTTAAAAGGTGTTGAAAATGAGATTCGGGCTGTATTACCACAATTTTCAGCGGATAACTTGATTGGTCAAAATATTGATATCTTTCATAAGAACCCGTCGCACCAAAGAAGCTTATTGGCTAATTTACGGGAAACGCATATTTCTTCCATAGCGGTTGGACCATTAAATTTCAAGTTGACCCTAACGCCTTTATTTGACCAGTCGGATAAAAATATCGGAACAGTCGTCGAGTGGCTTGATCAAACCGAATTGTTGGTTAAGGCCGGTATGCTCGACGCGTTAGACCGCTCACAAGCCGTTATTGAGTTTGGTCCGGACGGTGTGATTAAGCACGCAAACGCGAACTTCCTCAAAACAATGGGCTACAGCCTGGAAGAGATTAAAGGCAAGCATCATAGTATTTTCGTTGAGGAGGCATATAAGAATAGTCCTGAGTACCGTGAGTTCTGGTTGCAGTTAAATGAAGGAAAATTCACCTCAGATGAATTCAGGCGTTTCGGCAAGGGCGGTAAAGAAGTATGGTTACAAGCGTCTTATAACCCCATTCTAGACTCGTCCGGTAAGGTTACTCGTGTGGTGAAATACGCCACGGAAGTAACGGAGCAAAAACTTCAGGCCGCTGACTATGCGGGACAAATTGAATCTATCGGCAAATCACAGGCAGTAATTGAATTTGATATGGATGGCATCATCCAGACCGCAAATGATAATTTTCTCAACGCAATGGGCTATACCCTGGCTGAAGTACAAGGCAAACATCATAGTATTTTTGTTGAGCCTGCCTATAAGAGCAGCCACGAATATCGCGAATTCTGGGCTCAGCTTAATGCCGGAATCTTCTCTTCTGATGAGTTCAAACGAATAGGTAAAGGAGGCAAGGAAGTTTGGATACAGGCTTCTTACAATCCGATTCTTGATATGAATGGTAAACCTTTC
NZ_CP150481.1_gap22	698668	702599	3931	GGTGGCTTAAACCTGTTACTGTAAAGGATATTCAGCCACAAAGTCCGTCGCTTGGATACTACCTGGTCTATCCGCAAAACATCCAGCCAAATGGCAGAGTTGAACACTTTGTCCGCTGGTTAACGGCTGCCCTAGTTTAAATAAGCTTTAATTCATATTTGTAAGCATTTGAATTATAGTCATAATTTATATTCAAACGACACTTCTTATCCAGAGTTTAGGTTAATGATGTTAATTCGACTTAGTTTGATGTTTTTTATCCCGACACTAGTGTTACTGTCTTGTAGCCAGAAAGAAGCGACAAAATCGGACTGGCAAAAACCGGCAACCACTACTATCAGTTGCGATGACTATGCGTTGCAGCATACGCCCAGCGGGATGTTATTCAACAATGTCTGGAATAAAGACGCGGCAAAATCCTTTGATTGGCGGCAGTGTCTGGAAAAGAGCAAATCAGAAGAAGTGTATGGCTGGTCCTGGAAGTGGCCAAGCGACAGCGACACAATTTATGCCTACCCACAAATCAAACTCGGCACGTCTCCCTGGGCACCCACGCCCGCCGATAAAGGCGATTTTCCGTTGAATTATGCCAACTTAAAACGCCTGCTAATCAGTCACAAACTCGAGGTGTCGGGCAATAGCGAGCATAATGTCGCGACATCGATGTGGCTAACCAATTCGGCCAATATCGGAGCCGAGCCAAATCCCGCAACCATAGTGGCGGAACTGATGATATGGAGTTACACCACGCCCAATCATATGGATCCTGCCGGTCGTTATCAGGGTGACGTCAATGTTGATCAGCAACAGTGGGAAGTGTGGGCTGACAATAATTGGGGAGATGTATCCGGGCAACATAATAATCACTGGATCTACCTCACCTTTCGGGCAAAAAAGCGCGCTTTAGCCTCCAAGTTTGATGTTATTCCCCTGGTACAATATGCGGTAGAACATCAGTTGCTCCCCCAGACGTTTTATATTGCCGATATTGAGCTGGGAACCGAAATAATGAGCGGTTCAGGTTTGGTCTGGCTTAAGTCGTTTGATATTTCAATCGATAAGAAACAATAATTTTATTCCGGGTTTTAAACCTTTGTACAACAGTTTGCGACAGAGTTATCTGACATAGCTATTTGCCAATATGGCCATTGACGAAAACAAGGATTCCTATGAAACGCATTCTTTCTGCCCTCATTGTATTGATGTTAGCCCCGGCCAGTGTGTTGGCTGCAGAAAAACACCTTAATCTGGATGCCAACGACATCAAGCAATTGCGAACCGAGACGGGTGCCGGGGCGTTGCATATTCATGGTGAGGATGTTGAGGAGATACAGGTAAAAGCCATTTTGCCTGATGAACTCAATGCAGAGGATTATCGCCTAGCGCTCACGGCCAAGGGCGACAAGGCGCTGCTGATAGCCAAACTGACTGAGCAACGACATCACTACAACCAGGGCATTGATATCGAAATTATTGTGCCTAGAACTATTCAGCTGGATGTTTATGATGGTAGCGGTGACAGCTGTATACGCACGATCAGCGGCAATGTGAATGTGCATGACAGTTCGGGTGATCTGGCGTTGTATACCATCAGCGGAGATGTTGATATTACCGATAGTTCGGGTGATCTGGTGGTGAATACCCTAACCGGTAACCTTAACGTTCAGGACAGTTCTGGCGGTATTGAAATTGTCACCCTAACCGGAGAGTTGCAGCTCAGGGACAGTTCCGGGGATATTTATGTTGATAGCGTGACGGGTCCCGCCAGTATTGAAGATGGTAGTGGCGATATTGAAGTGAAAAACGCCAGTTTTGTACATGTGATCAGCGATGGTACCGGGCAGCGGCGGTTTCACAATGTTGCCAAAGTGGTATTACCCGATTCTGACTAAGTTAAGCTTTGGCGGGTATTCCATGGGACTCTAATTAAAGCCCCATGGATAACGGTAGAGCTAAAAATCCATCACTGCGTGAAATGCCGATTTGGGCTGATGATTGACATCAAACAACATTGGAAAATCGGCTCGTCCTGAATCGAATTCGGATAACCAGGTGTTGTCATCGGCAATGCCCCAGAAGGTCACACTGCTAATGGCTTCGCGGTTGCGACGCAACATGGCAAACAAGTCGGCGTAGCGTTGCGCCTGTTTTTGATCCAGTTCGGCAGGAATGCTATCGGCAGTATAAAAATCACTTTTCTGATACTTGTTCCCGCCAATATACAGCGATACGTCCAGTTCGGTAATTTGTACCTCCAGCCCTAATGAGGCATAGAGTTGGATGGCTTTTTCCAGATTGTCGATACTCTGGTGGTAAGACTGATGCTCAGGATTGGACGAGGGAATAGTATTAATATGTGCCTGTAATCCTACGCCGTGAACGGGGACACCGTCATCCAGTAACTCTTTCACTAGCTGATAAATAGCCTGCTGGCGGGCTGGAATGTAATTGTAGTAGTCGTTATAAAACAGTTTGGCTTGCGGATCGGCGGCATGGGCATAACGAAATGCCGCGGCAATATAGTCTTTACCCACTGCGCCGTACCAGTAACTTTTTTGATCGTCGGCTTCTTCTTTATCAGTACGTAAACTACCGTCATCCATAATCGCTTCATTGACCACATCCCAGTAATCAACTGTACCTTTAAAATGACCGACGACATTGTCGATATGGTTCTTCATGATGGCTAACACATCCTCTTTGCTGCGAAGCTCGCCTTCATCATTAAAAAATACCCAGTCCGGAGTTTGCCGATGCCAAACCAGCGCGTGCCCACGTACCGCCATATTATTGTTTTTGGCAAAGGCTAACATCTTGTCGGCAATCTCGTAGTTGAAGTTATTTTGGGTAGGCTCGACGGATTCAAACTTCATTTCATTTTCGGTCGTGAAACTGTTGAAGTGGGTTTTGAGCAACTCTGCATGAGTGATATACGAGCCTTGATCGGCAGCCGCACCAATTAAAAAGTAATCGGCATATTTATCGCTTAAGCCTTGTTGGCCTGCCGGCTGAGTTAATTTTTGCTGGGTATTCGCTAGCGCAGCGGCTGGATTGGTTGGGCTGTCATTATTGGCCGGACTACAGCCGATAGTCGTCAGCACGACCGCACATATGAGCGGAGTAAGTAATCTATGTCGCATTGTATTTCCTGTTTTTAAAGAGATCGTGGTAAAAATCATGGGGCCAGAAATCCTTCCGCCTTAACTTGCCATTGGCCGTTATCCGGAAATCCCAGTGTTGGCTGCTTGGTATTGGTGGTCGCCATCCGTGCCACCGCTGCCAGTAAGGCACCGTTGGCAGGTAGATAAACCGGCAACCCGACTTTTTTCTGCGGGCAATGACCGTTAACCGCATAATGATTGTTATGGGCGTCCATCAAAAGGGCGTCGACGGCAGTTTGCGGTTGCCCCAGCTTGTTGGCGGTCATGGCAATCATCGGATAATCCCAACCCCAGATCCGTGTTTCGAAATCCCAGCTGTGCATAACGGCGTCAAGTGTATTGCGCATGGTTTTGAGATTAACCCGCTCGTCGGCCAGCAATCCCCAGGTGGCGATCATTGCCGGGTGATCGTTACGGCTATCGATATTGTCAAAGGTATCCGGAATGGTTTCTATGGCAACATATTTGTCGTCTTTTTGTGGTAACTCGGCCAGTTTGTCGATTTGCTTTTGCCATAATGGGTTAGGCTGGAGTCCTTGGCGTTGTCGCCATTGTTGTGCTGTTAATAACGCAGTACGCCAGTAAGCCAACTCAAACGACGGGTTTTTGGATTCGGTGACATCGTAATGTTCTTGTGCAATCCAGATAGGCGGATTGAGTGAATAACGCTGTTTTTCCTGTTCCCACATCAACATGGATGACAATCCCTGAGCGGTTTGATCGACCAGTTGTGCATATCGCTGCAAAATAGTTGAATTGGGTTGGCTTTG
NZ_CP150481.1_gap23	707243	709278	2035	CGAAAACTTCTTGTTTGATGTTGATAACCCTTATTTAAGCCAGGAGATGCGAAATATTCTGGCTTTGCTTGATGCCCGTGAGACCGGCACAACCAGTGTTAATCCGGGTAACTTGACCATGACAACTGTGGCTAATGATGGTTTGGCACTATTGAATTATGGTCGTCGTTTTAACGACCTGGGCGGGCGCTATGCGGAAGCTGACCATAATGTTTTTCGTACTGTAGTTGGTGTTAACGGTTTATTGCCCAGTGTATCGAGCGATGTCTTGTATGACTTGTCCTATGACATTTATTACAGTTATGCCAAAACATCGGAAACGGATCTGCAAACAGGCTCAGTATCCAGAAGTGCTGTACAACGATCTTTATTATCACAAAATGGTGAAGCGCCACTGCTTAACCTTTTTGGTAACGGCAATATCAGCGATGCGGCTGCAGAGGCCATATCTATTGGTGCAGTATCCAAAATTGAAGCTGAACAAAAAGTAGTAGTGGCAGCATTAACCGGTGTCGCGTTTGATATGCCAGCAGGGCCAGTGGATTTTGCCTTTGGTCTGGAATGGCGTGATGCTTCTGGCTCCTATACGCCTGATTCCTATCTTGCATCAGGTGATGTATCAGGATGGAACTCGGCTAAAGCCACCAGCGGTAGCCAGTCTGTATCTGAAGTCTTTGGCGAATTCCGTATTCCGCTGCTGGCTGAATTACCTGGTATCGAGAGTCTGAATCTGAACGCCGCGTTTCGTTATTCCGACTACGATGTCGGCAGCGATGATGGTGTATGGACCTACTCCAGCGGTCTGGAATGGGCGGTGAATTCGGATCTGTCTTTCCGTGGCCAGTTCCAGCATGCTATTCGTGCTCCGAATATTGGTGAACTGTTTGGCGGACAAGGTTCTGATGGACCGACCGCTATTGACCCCTGTTCAGCAGGGCAACCAGCGGCAGGGCAAACTCAAACGGTTAGAGACCTGTGTATTGCTACTGGAGTACCGGCCAATGCGGTGTTTACCGTCGGTGTTCAAACTTCACCTTTCTTAACTCAGATTCGGGGCGGTAATCCTGAATTAACCCCTGAAGAATCCGATACCACCACTTTGGGTGTGATTTTTCAACCGGGTCAAATCAAGGGTCTAGCCTTGGCGATAGACTATTTTGATATCGAGCTGGAAGATGCCATAGCGCCGTTAGGCGGTGGTGGATTGCAGAACGTTCTGGATTTGTGCTACAGCACTCTTCAGGATGCTAACAGCGTTTATTGTCAAGCCATTAACCGTGACAGTACCGGTCAAATCGCGGCACCCAAATACGTTTACACCACCAATGCCAATATAGGCGGTATCAAAACCTCGGGAATTGATATCAACGCCAGCTATACCTTTGACGTAGATTGGGGTTTATTTGATGGTGGTAGCAAGTGGAGCCTGAATACCTCCTGGACCTATACGGATGAATTTACCGTAACCCCGATTCAGGAACTGCCCGATATCACTAACGAATGTGTTGGTGCCTTTGGCAATACCTGTGGCCAACCGTTGCCAGAGTGGAAAGGCAGCTCCCGTATTACGTGGGAAAATGGACCTGCGTTAGTGTCATTGCGGATGCGCTACCTGGGCGAAGTGACAACCGATAATATTGTGGTACCAAAAGCAAGAGGTGAGTCAGCGCCATCGCCTGATTCCTATGTTCATCCGACTATTGATTCCTATGCCTATTTTGACCTGACTGGCGGCTATCAATTATCGGAAGATACCAACGTTACTGTGGGTGTGCGCAATATGTTTGACAAAAAGCCGCCAATTATGGGCAGTTTGACGCTTGGCGGCGCCAATACTATTCCGTCAACCTATGATGTACAGGGGCGTACATTGTTTGTTGGAATCAATACGCATTTCTAATCGCGTTTGACCTATCAAAAGGTGTAGCTGTTATGGCTGCACCTTTTTTTATTGCGTCGTCAGCAGATTTTCATTTCTGTAGAGTGGCAATATATTAAAAAAAACAAATTAAGAGGAAAATAGTGTGACTTTTAA
NZ_CP150481.1_gap24	895290	897036	1746	CCCGGCGCTATTGTTCCGGCTGACAACTATCAATATTTCGCCAACAGCTTGATTGGTGAAGAGCAGTAAATAGTTAATATTTGAATAAAAAAATTGCTATTTAAACCTAAGAATTAATATATGAACAAAAAAGCGTAGTCCGGTTGCGTCATTTTTATATTTCGAATTAGTCTATCAATTAAGTTATTTATAACAATATTCAGCCTCGATAGCTGAAAATTTAAAATCCTACAACAGTTGGTTTCGTACGCCTAATTTGGCGTGCGGCGGGTTTTTATGTGTCAATTTTAAGGGGAATATATGCCAACCTTAGCTTTTCCTAAAGAGACGTTGGGCGGTGAAAAACGTTGTGCGCTGCTACCTGCCAACGTTAAAGCCTACAAGTTGCTGGGTGTCGATGTGTTGATCGAGTCAGGTCTGGGGGACGGCATTCATCTGCATGATGAAGTGTATAAACAGGCGGGTGCAAAGGTTGCGGATAACCGCCAAACATTATTTCAGTCTGCGGATGTGATACTGGGGATCCATAAGCTTCCCCAACACGAATTAGCCTTGTGTCGTCCAGATACCTTGCTGATCAGTTATCTGGATCCTTTTAATGCGCCGGACTACCTGGAGCAGTTGTGTCAGCAACGGTTGACCAGCATCAGTATGGAAATGATCCCGCGTATTAGTCGTTGCCAAAAAATGGATGCACTCAGCTCGCAGGCTAGTTTGGCCGGTTATGTGATGGTGGCCAAGGCGGTTTCGGCATTGCAATCGGTACTGCCGATGATGATGACACCCGCAGGCACCTTAAAACCTGCCAAGGTGTTTGTGATAGGGGCTGGCGTGGCGGGATTGCAGGCCATTGCCACTGCCAAACGCCTGGGGGCGGCGGTAACGGCGTTTGACACCCGTACAGTGGTGGCCGAACAGGTGCAGTCGTTGGGAGCCAAATTTCTGCAAATTGATTTGGGTGAAACCGGACAAACCAACCAGGGCTATGCCCAATCTCTGACCGCCGAGCAGATGCAAAAACAGCAGCAGGGTCAGGCAAAGTGTATTGCCGAGTCAGATATTGTGATCACCACGGCACAATTGTTCGGACGTAAACCGCCGTTGTTAATTGATGCAAATACTATCGCGCAAATGAAGCCGGGTAGCGTGATTGTCGATATGGCGGCCGAGAATGGCGGCAATGTTGCCGGTTCCGTTGCGGGAGAAACGGTTTGCGTCAGTGGTGTCACTATTATTGGTACCGGCAATTGGGCTAATGAAGTGGCTAGTGATGCCAGTCAGATGTATGCCAGTAATCTGGTTAATTTGTTCAGCGAATTTTGTGATGCCGCAACCGGCAGTCTGTCGCTTGATTTGCAGGACGAAATCCTCGGCCACTGCGTGATTACTCATCAGGGCCAGATTGTGAATCAAACTATTCAATCCCATTTTCAAAAGGAGGTCGCTTAAATGACGGCTATCTATCTGCTTTTTATCCTGATGTTGTCGATATTTGTCGGATTTGAACTGATCCGCAAGGTACCGGCAACCTTGCATACACCGCTGATGTCCGGTGCCAATGCCATCTCAGGTATTACCCTGATTGGGGCTTTGAGTCTGGCTGGCGGTGAATCCGGCCAACTGGCCACTTATCTGGGCGCGCTGGCCGCCTTTCTGGCCACTATTAATGTGGTGGGCGGTTATCTGGTAACGGATCGCATGCTGGCCATGTTTAAAAAGAAATAAGGTGACAGGCAATGTTAGATA
NZ_CP150481.1_gap25	1002646	1007239	4593	CCGAACGACTCAGAGCGAACAGCTATATCTCATCTACTGTGAGTGGGCCGGTGGTAGACAACAACTATTTTGATCCGGACCTGTATAATTTTGAATCACTTACCTGTGCATCATCAGCACCTCCATGGCAATGCTTTTGCCGGCAAATACCGGCCAGTATCCCGGACTGTAATGCTAATACTTGTAGCACAGCAGAATTGGCTCGTTTTGATGCTTGGCAAATGTCTTGCGCGGCTAGCAAAATTGATCCTACGGTTAAATTGAGTCTCAGTTGTAACGACAATAATGCCGGCGATGCCGACGCTTGCAGCGTGGGTTCCAGACATAGGGTGATGTTGACCTGGCCGGTCGAAAACTGGCAGAACATCGACCGACAATTGAATGCGGTGTGCAATCCTGACTCCGATGCCGAACCTGTCGATTGCGTTGTTATCGATCTGGTGTTGTGAGATGAAGATGCAACAGTTTTCAGGGTATAGGCTCTCGCAGCAAGGTTTTAGCTTAATCGAGCTGATGATTTCTTTAGTGCTGGGCTTAATGATTTCCGGTGCCATTGTGCAGGTTCTGGTGAGCAATCAGGTGACAGAAAGACTTAACCGCTCAATGGCCTCCACTCAGGAAAGTGGCCGATTTATTATGACTCGGTTAAGAGCTGAATTACTGACTACTGGCCGCTATGACCCTATTGACGCCAATCTGGAACGCAGCGTTGATGTCGTTTCTGAAGCTTCTTTTGTTAAGAATCATCCTATTATTTTACCCGGCGACTTTGCCAATGCACTGGATTTGGGATCCTTGCAAGGTGCATCGGGGGCTAACGATACCTTAGTCGCAGGAATGCAAGGTGGACAGGATTGCCGGGGCTATAAACTGGGTTATCTCGGCGATCAGGAGTTTTATGTTGTTAACGAATATTATGTAGAGGACAACAAGCTGAAATGTCGCGGTTTCGATGGGCGGGTATTACGCGGTCAACGTGCGGCTGTCGGCAACAATGGTGATGCGGCTTTTACGCTGTTGGATGATGTCTATGGTTTTCAGGTGGTTTATGGAGTGAGTAATTCGGCACTTACCAATAATAACTCCGGCCGTCCGGTACGCTACGTCACTGCCAATTTATTGCCAGCTGAAATTGCCGGCGGCAGTCAGGTAGTGGCCATTCAGATTGCGATTCTGCTTAAAGGCGAAGGCGAGGTGTATATCGAGCAGGTGCCCACATTTAAATTGTTGAATGAAACCGAAATTACTCCATCTGATCACGGACTGTACAAGCAATTCGAAACGACTATCAGTTTCCGCAATGTCAAAAACTTCCTTCGGAGTACTAAAGTATGAAAACAGCTGTCCTGAAACAGCAAGGGATAGTGCTGGTGTTCGCCTTGCTGGTATTGCTGTGCTTGACCATTTTAGGGGTGTCATCGGTCAGTTCCAGTTTAATGCAAAGTAAAATGGCCCAGTCGATGGAGTCTTATAACGTCGCCTTTGATGCTGCAGAAGCCGGCTTGGGGGGCGTAATATTTGAGTCGGAAGATTTGGCCATTCTATCTGATGACACAGTGGCAGATCCGCTTACTGAAGCACGTCAAGGGACCGCCATCGATCCGGCATTACAGGAATTAAGTTGTTTTGATACTGCTACCTGGACTAATCGCCGTATTACCAGTGCCGGTGTCCAATCTGGTGTCCAGAATAATGCGGCAGGTACTTATAGCGACAGTCCGGCAGTGAATAGCTGGTCCAGTACTGCCTTTGTGGATGAACGTCCTTGCCTGGGGTCGAGCAATGTCGTGGGCGGCAGTAATATCAGTTGTCATATATTTATCGTCAAAGGTTGTGGACAGGTGGTTGGTTCCGGTTACGCAGTGGCGAACTCTTTGAATGTTTCTGTTTTTGCTCCTGCGACAAACGGTGGGTAGGGGAAAATATGTACCTGAATAAACAAAAAATTACGACGGCATTGTGTACTGCCTTGTTGTCAGCCATGATTAGTTTTACTGCCCAGGCTGACGATATTGAAATCTATTTAGGGGTTGGCGGAAACCAGCTTACCTATAATCCAAACGTCCTGTTTATCATGGACAGCTCAGGCAGTATGACCGGCCGTGACGGTACCAATGAATCACGCTTACTACGTGTGCAGAATGCGCTTAAAGATGCATTGCGCTCGGCGACCAATATCAATGCGGGACTGATGCGTTTTTCTGACTATGGTGGACCGGTGCTTTATCCTGTTCGACCCATTGATTCACCGGTAGAACCCGAAATTGTGACCTCTGTCGCTGATTCAAATGATGACGCTTATGAAATTTCCGGTTCGGTAAATGTCACCAGTAACCGCATTAAGCTGGTTGAAGGAACAACCTCCGTCATCAGCGGTTTTCGTTTTGATCAGCTGCAAATCCCCCGCGGCGCCGTGATATCGTCGGCCTATTTACGCCTTGCATCAGACGGTTTTAACAGTTCAGCAGCGGACATCCGTTTTTCAGCGGAAGCGAGTGGTAATTCGGCTGCCTTTAGCTCGGCAAATACAAATATCAGTTCCAGGAGTAAAACGGCCGCTCAGGTAGGTTGGAGCAGTGACAATGACTGGCCTACAGCCAATGAACAATTTGTTACTCCTGATATCGGAGCTGTGATCCAGGAAGTGGTGAATCGGGGTGACTGGTGTGGTGGTAATGCGTTAACTCTGATTGTTGACGGACTCGGTGGAAGCGGTGCCAGTAATCGCTATATTCAGTCCTATGATGAAGGTAGTGGTTTAGGCGCCGAATTAGTGGTGTCTTATGATAAAGAAACGGCTACAGGTTGTGTCTCGGGCGATATGTATTTTCAGGTAGACAGTCAGAATAATAATGCCGAAGAACAATCCAATGGCTACCAAAACACCGGTAGCGAACTCACTCTTAATGACAATAGTAATGATTATGTTGGAATACGTTTCGACAACGTTACCATCCCGCAAAATGCAGTGGTTCAAGAAGCCTATTTGACTTTCACCGCCTATGAGAACCGTTATGGTAGTGCGTCATTTGATATTGCTGCTGTGGACGAAGCCGATCCGAATGATTTCAACCCTTATCCAAGGCGTTTATTAAGGAATAAAAACAAAACTGCGTCGATAACCTGGTCTGGTATATCTAACTGGTATCGTAACAATACCTACCAGACTCCTTCTTTAGTGAACCAGGTACAGGCAGTTGTGGATCGTGGCGACTGGGAGTCGGGTAACGCGATGATGTTTGTGTTATCTAATTTTGATGGCAACAGAGGTGCCTATTCATATAACGGTAAACCTTCCGGAGCGCCGCAACTTAAAATTAAGTTTCAGGGCAATGCCATTCCGGCCACTGTCGCCACGGTCAGGGATCATTTATTGAATAAGGTAGATGAATTATCGGCAGACGGTTTAACGCCGATTGTCGACACCTTGTATGAAGCTGTTAGTTATTATGGTGGACTGGATGTTTACTATGGTCGTCAACGGGGAACATCCAGTGTGAGTAGCAGTGTTCGTCGGCATACTCGGGTCAGTAACCGTATGTCCTATACGGGGGATGATGCCGTTCTACCTTATGGGTGTTCGGAAGATAATATGAATGATAGCGACTGTGTCAACGAGTATATTCCTTACGGCGCGACCTATATTTCACCTGTTACCGATCTGCAATGCCAAACCAATAACCATATTGTGTTGTTGTCGGATGGTGAGGCAAATAATAATCACAGCGTAGGGGAAATTGAATCACTGCTGGGCAGAAGTTGTTCCAACGCCAGTAGTGGTGAAAAGTGTGGTATCGATCTGGTCAAGAATATCAGTAAAAGCAGCGAATCCGTTATCGATGCGCGCGTTATTACCCATACCATAGGTTTTGCCGCTAACGCGACAGCAAACAATTTTTTAAGCCAGTTGGCGTTGCAAGGTGGCGGTGGTTTTTACACTGCTAGCGACAGTGATCAACTGTTAACCGCGTTTGAGAGTATTTTAAAAAGCGTGAAGGACGTCAATGCGACATTTGTTTCGCCAGGGGTTGCGGTTAACCAGTTGAATCGTTTGACCCATAGAGACGAACTTTATTTCGCTTTATTCAAACCAGCCGAGGGCACGGCCTGGCCGGGTAACCTGAAAAAATACAAAATTGACGGCAATTTAATTAAAGATAAGAACGGTCTGGCTGCGGTCGATGACGGTACAGGATTCTTTAAAGATACCGCCCATAGTTATTGGTCGGCGGTTGCGGATGGTAGTGATGTACGTGAAGGTGGAGCCGCCAGTAAACTGGATCTGAGCAGAGCGGTTTATACCTTTAGCGGCACCGGCAACATCGCCGACGTGAACAATAGTTTGCATGAAAATAACAATGCTATCACTGCAGCCGATTTGGGGGTGGAAACACAGGCTAATCCTGTTGACATCCGCAATGTGTTGCTTAAATGGGCACGCGGTGTAGATGTTAAAGATGATGATGATGATGGTTATACCACCGATGCGCGCCTGCAGATGGGCGATCCCATTCACTCCCAGCCGGTGATTGTCAATTATGGAACTAATGACAGCGCCATTATGGTAGCCACCAATCAGGGTTATCTGCACTC
NZ_CP150481.1_gap26	1022537	1024150	1613	GCATGTGGTTTAATTCGATGCAACGCGAAGAACCTTACCATCCCTTGACATCCAGAAAATTCAGCAGAGATGCAGAAGTGCCTTCGGGAATTCTGTGACAGGTGCTGCATGGCTGTCGTCAGCTCGTGTCGTGAGATGTTGGGTTAAGTCCCGCAACGAGCGCAACCCTTGTCCTTAGTTGCCAGCATTAAGTTGGGCACTTTAAGGAGACTGCCGGTGACAAACCGGAGGAAGGTGGGGACGACGTCAAGTCATCATGGCCCTTACGGGATGGGCTACACACGTGCTACAATGGCAAGTACAGAGGGAAGCGAGACCGCGAGGTGGAGCGGAACCCAGAAAGCTTGTCGTAGTCCGGATTGGAGTCTGCAACTCGACTCCATGAAGTCGGAATCGCTAGTAATCGCAGGTCAGAATACTGCGGTGAATACGTTCCCGGGCCTTGTACACACCGCCCGTCACACCATGGGAGTGGGATGCAAAAGAAGTAGTTAGTCTAACCTTCGGGAGGGCGATTACCACTTTGTGTTTCATGACTGGGGTGAAGTCGTAACAAGGTAACCCTAGGGGAACCTGGGGTTGGATCACCTCCTTACACAAAATTGGTCGTTATTTATTGATGCAGTGTCCACACAGATAGTCTTGTTGTGAAAGTAAAGAGCAACTAGTACGGATTGCGGTTTATGCGGTGCGTATGAATGGGTCTGTAGCTCAGCTGGTTAGAGCGCACCCCTGATAAGGGTGAGGTCGGTAGTTCAAGTCTACTCAGACCCACCAAAATTCGATTGATACTGCGTCAGAGAAACGCTCATGTGCTGCTTCGCACACATCGCCCTTCTCTTCCTTGTCTGAATCGAATTTGACATTGAGTGAGGTAACTCATTGGATGTGACCCTTATTAATGGGGCTATAGCTCAGCTGGGAGAGCGCCTGCCTTGCACGCAGGAGGTCAGCGGTTCGATCCCGCTTAGCTCCACCAACTCTTTTTAAGAGAGTCGTGGCAAATGGTTTAACCGCAAGGAAACCTTGCTGACCATTTGACTACTCGCTAAAGGGGCGGTGACTAAAGATTTAACGCTAATGAATAGGCATTTGAATAAGTGTTGATTGATTAGCGTTTTTTAAACGCTAAAAATGTTCTTTAACAATTTGGAAAGCTGATATTAGTAATCAAAACTGAGTGAGACTTTTAAGTAACTTACTCTATCTGATACTTGTAGTAGAAAAAAGCTAGTGTAAAAACTGGTGTACTTGTCATGCATATAACGGTCATTGAATTGACACCGACGGTCGGACAAAAAGGCGACTGTGGCGAGTTATTTCAGATGCTTTAATACGTTACTTTAAAGCAGATGAAATAGAGAGAATTCGGGTTTTAGGCAAGCGAGTTCGACGAACGAGGGCGTGTACGAACAGTACATAACCGAGTGAGAGAGGACGAAACGCGCAGCATAAAAGACGAAGGCGAAGCTATTTTGGGTTGTATGGTTAAGTGACTAAGCGTATACGGTGGATGCCTAGGCAGTTAGAGGCGATGAAGGACGTGTAAGTCTGCGAAAAGCTGTGGTGAGCTGACAAAACGCATTTTAGCCACAGATGTCCGAATGGGGAAA
NZ_CP150481.1_gap27	1043563	1046658	3095	ATACAGCACGTTGCTCGGTAAAGTTGATCGTGTCTCCGGCAAACATCGCATCACGTTTGGCTTCAACATTTTGCTGTTTGGCTAAGTCAAACAGACCTTGCAACACGGCGTCATTGATTCTGTTTTTTGAGTAATCCAGGAAAATTCCGCAACTTTCAACGCTGAACTTTTCAGCCCGTGCCGGCTCGGCGGCAAACCAGTCACGCATATGTTGAGATTGAACGGAATCAGCCAGTTGCTGCAAATTTTTCCAGGCTGGCGTGGCAGAAAGTAATGTCATAATGTTTTCCTGAATGAGAAATTAAAAAAGGGCAATATGATTGCCCTATTCAAAATATTAAAAATGGCTGACTACAGCAGGCTTTTCAAACGTGTTTCCAGTTTAACCTGATCGGCAGCAAAATTGCGGATACCTTCTGACAATTTTTCGGTTGCCATAGCATCTTCATTCATCTGCCAACGGAATTCCTGCTCGGTCAGTTTAGCACCGGGGGTTTTTGTCGCGCCTTTGTCTATCAGTTTAGCCACAACAGGTTCGTTGCTGTTAGCCAACTCTTCCAACAGGCCCGGACCAATAGTTAAACGGTCACAACCCGCCAGTTCGATAATTTCACCGGTATTACGGAAACTGGCTCCCATCACCACGGTGTTGTAGCCATGATCTTTATAATATTGATAAATTTCGGTCACAGAAACAACGCCCGGATCATCGCTGGCGGTGTAGTCTGTTTTACCGGTGCTGGCTTTGTACCAGTCAAGAATACGGCCGACAAATGGAGAAATCAGATAAGCGCCAGCTTCGGCACAAGCGACGGCTTGAGCAAAGCCGAATAATAACGTCAGATTACAGTTAATGCCTTCTTTTTCCAGCACTTCGGCGGCTCTAATGCCTTCCCAGGTGGACGCCATTTTAATTAAAATACGATCTTTGCTAACACCAGCTTGTTGATACAACTCGATTAAACGTCGGGCTTTTTTGATTGTCGCTTCGGTATCAAAGGATAAACGGGCATCCACTTCGGTCGAAATTCTACCCGGTACGATTTTGACAATCTCGGCCCCGATAGCCACGGCCAGTTTATCGCCCGCATCGATAAGTTGTTGGGCTTTATCATTCGATTGTTCTTTAGCCCAAGCCACAGATTGTTCAATAAGCGACTGATATTGCTCCATTTCTGAAGCTTTAAGCAATAGTGATGGATTGGTTGTTGCATCGACGGGTTGGTATTTTTTTATTGCTTCAATATCACCGGTGTCGGCGACTACCGTGGTGAGGGCTTTTAGACTCTCTAATTGGTTTGGCATTGATTTGTTCCTATTAATGTTGAAAACATTGGATTAATTTATCGCACTTTGATTACAGTCACTATGCTGATTCATCTCTATATTATTACTAAATTCGGTCAATCAGCCCAGAATTACTTATATATAAGACATAACAGGAATTTTTATGAGTGCCAAATTGACTTTGCTACAAGGGGATATCTGCCAGCTTGCGGTTGATGCTATCGTCAATGCTGCCAACTCGTCACTGTTGGGGGGAGGTGGTGTCGATGGAGCAATTCACCGCGCCGCCGGACCGGATTTAATTGCAGAATGTAAAACCTTGGGGGGGTGCGAAACCGGGCAGGCTAAACTGACCCAAGGATACTTGTTACCAGCCAAATATGTTATTCATACCGTTGGGCCGGTTTATCGGGATGGCCATCAAAACGAAGCCAGATTGCTGGCAAGCTGCTATCAAAACAGTATCGCCTTGGCCGAACAGTATCAATTACGCAGCCTGGCATTTCCGGCTATTAGTTGCGGTGTATATGGTTATCCGCTGGATGAAGCTTGTCGTATTGCGGTCAACGCCATTACCGAAAGCTGTGCTTGCTATCCGAATATTCGCAAAGTGATCCTTTGTGCCTATGACGATAAGGTACATCAAGCATGGTTGTCGGCATTACAAAGCAGCCAGCATCATTAAGTTTGAGCCATAGGCCAATGTGTTAATCCACAGGCTAACTTGTTACCATTGCATTTTAGATTTTCTCTCTACCCGTTAAGGTTTAATACATGCTTGTTGTGGTATCACCTGCCAAAAATCTCGATTATGAAACGCCTCCCGTTACCGATTCTTTTAGCCAACCCGAGATGCTCGATCAATCGCAAATGTTGATCGATAAATGTAAAAAACTGTCACCGCAAAAAATTGCCAGCATGATGAGTATCAGCGATAAGTTAGCCAGTTTGAATGCAGCCCGTTTTGGCTCGTGGCAACAACCTTTTACCCCCGACAATGCCAAACAGGCAGTCCTGGCATTTAATGGTGATGTGTATGCCGGTTTGCAGGCCAGTACTTTCAGTGATGATGACTTTACCTTTGCCCAGCAGCATTTACGTATTCTGTCCGGCTTGTACGGTTTATTAAAGCCGCTGGATTTAATGCAGCCTTATCGATTGGAAATGGGTAAAAAGCTGACTACCCGTCGCGGCAAAGACTTGTATCAATTCTGGGGCACTCGTATTACCGAAAAGTTGAACGAAGTACTAAAGGAACAGGATGCGGACGTGCTGATTAACCTGGCTTCCAATGAATATTTCAAGTCGGTGAAAAGGGACAAACTGAAAAGCAGGATTGTCACCCCGGTATTTAAGGACCAAAAAAACGGCCAGTATAAAGTCATCAGTTTTTTTGCCAAAAAAGCCCGAGGCATGATGGCGCGCTATATTATTCAAAACCGCCTGAATGATGTGAATGCGCTAAAAGAGTTTGACGCCGACGGATATACCTATAATGCGGCGATGTCATCGGCAGATGAGCTGGTCTTTTGCCGTAAAGAGCAACTGTAAATGTGTTATTCCCCGCAATACTGGCTGCGGGGAATAGGCTGGTTTATTCCGCATAAACCTTCTGTTTAAACATCAGTTTTTGGCTATCGTTGCCGTGGCGAACTGTAATATCAAAACGCCATAACTCGTCATCATCGATAGTAAACTGCGCCAGATAGTAGATCGATTGCTGTTCCTTCACTTCCTGAAAATCCAGTTGGCGAATTTGTCCCAGCAAATTTTTTGCCGTACCACTAACCACCACCGACTGGGCTTCT
NZ_CP150481.1_gap28	1069942	1070546	604	GTTGCATGACCGGCCACATGCTCGGTTATGGCCACTTCCAGCGCTTCACGGATAAACCGCGCTTCGAGTATTTGCGTCAGGCTGAGTTTGGAAACAAAAGTACCACGCTGTGGGCGCACCTCGACAAAGCCCAAAGTGACCAGTTTGGCAATGGCCTCACGTACCGGAGTGCGACTAACACCAAAGCGCTCCGACAAACTGTTTTCGGAAATTTTTTCGCCGGGCAAAAAGCTCATCGCCACTATCTCGTCACGCAGGTATTCAAACAACTGCATCGAGGTTGAACGGCTAAAGTCGATAACTAAATTTTTCGGTACTCTCTGGTTTGCCATGAAAATGATAAGTTGCTGTTTTTAAACAAATGTAAATGTTTTCATCAGGATTATCCAGAGAGTAATCGCTGGCGATTAAATATGCAAAATTTATCGTCGTTTCAGTCTCCAATACGATGACTATTTTTAAAAATAGTGGTAAATCAGATCCTGTTACAGTCTTGCTAGCCTATCAACGTCCCCACCTGGCTCAAGGTTTGCTTATATCTAAGTTATCCATTCGGGTAAAAGCAAAAATCAAAGGGCACAAATGGGATTGCGGAGCACAACAT
NZ_CP150481.1_gap29	1077639	1080789	3150	AGTGTGGTCAGGATGGCATCCAGCTCGTCCCATTGGCGGGGCAAAAAGTTTTCATCGTAACCCCAATCCAGATAATGCTCGCGTTTTAATGCAATACGTCCACAGGTGCCGTCGCCATAATCGCCCTGAAACTGATGTAACACACACTGATACTGATGATGACGGAAGACATTAATAATATGTCGCCCTGCATGTTTGCCGGTAAAGTTATCACCGTCCAGACTGGCATAGATTTTACCTTTAATATAAGGTTTGAAGGCATTCTTGGCTTTGCCAAAATGCCATTGAGGTAAACCGCTGAGGTGGTAAAAACGCAAGTAACCGGAGGCCAGATCATCGGCGAAATTCAGTTCTACCCAGCGTTGCACATTGTGATTATTGTCGTCATCAGCGTGCATATAGTGATAGTCGTCAAAACAGATCAGGATAAATTCGATTTGTGCCTCGTCTTCACGGTTATCCTCAAGGTTCTGACGTAATGTCGCCTGTATATCGGCAAAGCGATTCTTGACCGGAATACAAAAGGATAACTCGGGCTGCCTGGTGTGAATGGTGTTATTCATGGCTTGTCACTCCTTTATTTCTGTTACCGAATATGGATTCCATACCACTATTGTCAAAGGTGTAACCGAGTAACGCGATATCCCTTGCATAGACCTGGGCGACGATATCGCGAGTTTCATCGTCGTAGTAGGATCTGTAGTCCACGTGCTTGCTCTTGTTACTATTAGCCAGAGTGACGTCTTTACCCAGCTTCTTGGCAATATAGGCAAAGTCATCATGCAGATTTTCAAAATGGCCGATAAAGTCCAGACTGACCTTGCCAGAACTGTCGAGCAGATAATCAACCTGGGGTCTGAAGTGATACCAGCTACGTGCGTTTTTGGCGTTTAACCAGCCGCGCACAAAGCTGTCAAAAGTCGGGTACTGGATCAAGTGCCGGGTAAACCAGTCTCTGTCTTCATTATTGGCACCGCCTTTTTGTAAAAAATGATAAGCCGACACCAGTCGATCCCAGGGATTGCGTACTATGCTGAATTTGAAATAGGACAGTACCAGCCGGGGCTCAAAAATACGCAGATACTGATCCAGGGTCTTGTGGCCGCCGGCCAGATTGCCATACAGAGTATGGTTAACCGAGATCCCGGCACATTTTGGGATGTGCACAAAAATAGAACGGGTCTTGTCAAAAGGATGCAGCGAATTGGCATCCGGATCACAGTTGGTGCGCTGGCGCAGATATTGCGACTGGGTATGGTAACTTTGCCGGAAAAAACGGTTGGCGTTCCAGCGTAACTCCAGAAAAAGCCGACGGGGCAGAAACGAAAATAGCCGGTATTTTAAGCCGGGCTGACCTCGCCAGTCGTGTGAAGGTGTATTGCTTATGTTGATTGTCATCCTTCCTCCTTTTAGGGTATTCATTACTGTTGGCCTAGCAACTGATTGCTGATTCATACAGCTCAAAATCTTTGCCAAACAGTGCTTCAATTTTTACCCGCTGTGCCTTGCTTGGCTGATACAGGCCCTTATTAGTGGTGGTATTGCTGTACTGGTTGTGCAGTAAACGTTTGGGTAAACCACATTCTTCAAACACCTCGTTCAATGCGGGTAACAGGCTTTCCAGTCGGTAAATACGGGTGAGTAATATATTGCCGTCATCGTCAGTGACGTCGCGCCACATCGAATTGGTATGAGTCGAAAAATGACTGCCCAACGGCTGGTATATGGATTTGGCATATTGCGCCTTGGCGACATAGTCCAGAAAATGATCAAATGCGCCCGCCGTGCTGTAATGAATTTTGCGAGTTTTAAGTGTTTTACGGGTGACATTTTTGACAAATTTTTTGATTCCGCCACCTTGCCAGTAGAGGTAATAAAACATGCTGATACAGCGGGCTACCGGTTCGCGCGCAAAAGCAAACGACAACATCTGTTCCCATTCATGGCGATACAACACCTCTTTGGCAAACAGACTGCGTTTGAACTGATATTCGCCCAGCAACATCCGGTAATTGTTCAGAATGTCGTTGTAATGCTCTTTAGGTGACTGGACAAAGTTTGCTGGCCAATGGATGCGATCTACCTCCTGATAATAAGGTTGCATCAATTGGCGCGTGGAAATCCCCGCCGACTTCTTGATATGTAACCAGAAAAAAGCGTTATAACTCATCATTTATCCTGTGGTTGCCAGAAAGTATCTGTCTTGCTTGTCGTGACAACGCTAATGTCATCTCTGTCATTTTCTTAACAATCCTTTTAATAAAGAAAAACTGCGTGGATAGATCAACCAAAGCAGCGCCAGGTAAGTGGTTACGCCCATCAATACGGCAGTGGCAAAGGTCAAAACGGGATTAAACAATTCAGTGCGCTGCAATATTTGCCAGCATTGATCCGCAGAAAACATCATCGCGGCACAACAACCGATAATTTTCAGTAAACCAAAACCAAGCCTGGAATACTGCAAACCGAACAGCCGTGACAATGAGTGGGTTTTAATAAAGAAATCTGTGCTCGCATGTATTGCCAGTGCTAATACCGCCGCCATGCCACCTAGATGAGGGCCAGCGAAGGTCAGAACAGTAAAAAACACGCACAGGTTGATAAACTCCTTGCCCAGACCTAATTTGGATTTGCCATGAGCGGACAAAACTTTGGAAATATAAATCATGCAAAATTTGAGTCCGAAAATCAGACTCAGGCATTGAAAAATAAATATCGAGTCTTGCCATTTATCGCCAAATATCATCGGGATAAATGCCGGTGCCAGTGCGCTGCCGAGTAAAAATACCGGCATAAAAACAGCCGAAGTCGCCAATGTTATGCGGCTAAAGAATTCGGCCACATCATCTTCATTGTTGACCTTGGTGGCCAGTACCGGCAACGCGTAGCTGTTCAGACTATTGGTTGACGCAGTCAAAGGTAAGCGCACTAAACGATTAGCAAAACCGAAATAGCCCAGAATCGTTGGGGTACAGACCAAGCCTAGAACAATGATCGTGCCGCGGGTCAGCATGCTCCAGAATGTCGCCTTAAGACCGATTGGGATGCCTTCACGCACAATACGCCGGAAGGCTTTTTTGCTGACCGGCGCTCTCAGATAACCGTGACTGACTTTGAGTAACATCATCAGCGAAAAAGTTTCGATAAATA
NZ_CP150481.1_gap30	1115234	1116719	1485	CACAGGAATCGGCATCAAAGCCCATATCGGAGTGGGTATAACCTATTTCGCGCACGGTGTTGCGGGTTAATTCTTCAATATCTACCCAGGCAGTGGTATTAATTTCACCACCAACTAGCACCATACCGGTTTTTACAAAAGACTCACAGGCTACACGAGCCTTGGGATCCTGTTCCAGAATGGCATCTAGTACGGCGTCAGAGATCTGATCGGCGATTTTATCAGGATGGCCTTCGGATACAGATTCGGAAGTGAATAGTTGTTTCGCCATACTGGGCTCCTTAAATACATTTTTGTCTATGGGACATAATCAGGGCGTATTCTAGCGTCTAGAAATCAAATTACCAGCATTTACATCTAGACGTCTAAATGTCCATTTGTTAAGTTATCGTTCCAATTTGAAATAACTTGAATATTCGATATTTGCCACTAACTTTGCTTTGCACATAATTCATACACCAAAGATCAGCAGCCACTAGTTGTAAATATTTTTTTATATATTCTTATGTTATTTCACTAGCCGTTGCAGTTACTTGATAGCTGAGCCAGAATGGCAGCCCAATTATGACAGGGCCGCTAAGTGGCTAACGAGAAAATTACAGGAGATGCTATGCCCTCACGTCGAGAACTAGCCAATGCGATCCGCGCATTGAGTATGGACGCGGTACAAAAAGCCAATTCGGGTCACCCGGGAGCACCAATGGGAATGGCGGATATTGCGCAAGTGTTGTGGACGGACTTTATGCAGCACAATCCGCGCAATCCCAAGTGGGCAAACCGGGATCGCTTTGTATTGTCGAATGGGCATGGCTCAATGCTAATCTATTCATTGTTACATTTAACCGGCTATGACTTGCCAATAGAAGAGCTAAGCCAGTTTCGTCAGTTGCATTCGCAAACTCCCGGCCACCCAGAATACGGTTATACCCAAGGTGTGGAAACAACCACCGGTCCGTTGGGACAGGGGCTTAGCAATGCGGTAGGAATGGCGATTGCCGAAAAAGCGTTAGCCGCACAATTTAACCAGCCTGGTCACGATATCGTCGATCACTTTACCTATTGCTTCCTGGGTGACGGCTGTTTAATGGAAGGGATTTCTCACGAAGTCAGTTCTTTGGCCGGTACACTGGGGTTAGGTAAGTTAATCGCGTTCTGGGATGACAATGGTATTTCTATTGATGGTGAAGTAGAAGGCTGGTTTACCGACAATACTCCCGCACGCTTTGAAGCTTATGGCTGGCATGTTATTGCTGATGTCGACGGGCACGACCCGGAAGCCGTTAAGAACGCAATCGAAGCGGCCCGCCAAGAAACCGGAAAACCGACGTTGATTTGTTGCAAAACCGTTATCGGCTTCGGTTCACCGAATAAATCCGGTAGTCACGACAGTCATGGAGCTGCACTGGGTGAAGACGAAGTGGCCGCCACGCGCAAAGAACTGGGTTGGTCACATGCACCGTTTGAAATTCCTGACGATATTTATGC
NZ_CP150481.1_gap31	1118675	1121081	2406	AATTGCGGTACGGGTGCCTACCATTAATGTGACTGCGATGGACTTGAGCGTGACGTTAAATACCGAGGTAAGCATTAAAGAGGTTAACCTGGCTCTGATGCAGGCCAGTAAGGGACGTTTGCAGGACTTGTTAGGTTATACCGAAGAGCCGTTAGTATCCTGCGATTTTAATCACGATCCGCATTCTTGTATTGTGGATGGCAGCCAAACCCGGGTCAGCCACAAGCAACTGGTTAAAACGCTGGTGTGGTGTGATAACGAATGGGGTTTTGCCAATCGTATGCTGGATACCGCGATGGCAATGTATAAGATCGACACAACTCATTAAAAGCAAACAATTAAACACAAATTGAAAACCATAAAATTAAGGAATAATCATGTCTGTAATCAAAATGTCTGAAGTAGACTTAGCCGGCAAGCGAGTACTGATCCGCCAGGATCTGAATGTGCCGGTATTAAAAGGTAAAGTGACTTCCGATGCGCGTATTCGTGCCTCTTTACCCACTATTAAAGCGGCCATTGATGCCGGTGCTAAAGTGATGGTGATGTCACATTTAGGCCGCCCTACGGAAGGTCAGTTTGAGCAGGAATTCTCGATGCAACCGGTGGTTGATCACATTGCTGCCAGTGTGGATTTTCCGGTACGTCTGGCCAGCGACTATTTAAATGGTCTGGAAGTGAATGCCGGTGAATTGGTGATTCTGGAAAATGTCCGTTTTAATCGCGGTGAAAAAGCCGATGATGAAACCTTATCCAAACAGTATGCCGCTTTGTGTGATGTGTATGTGATGGATGCGTTTGGCACGGCCCATCGTGCTCAGGCTTCCACTCATGGAGTCGGTTTGCATGCGCCTGTTGCTTGTGCTGGCCCATTATTAGCTGCTGAATTGGAAGCCTTGGGCAAAGCGCTGGATAATCCAGCCCGTCCGCTAGTGGCGGTAGTGGGTGGCTCTAAAGTGTCTACCAAGTTAACCGTGCTGGACGCGCTGTCTAAAATTGCCGATCAGCTGATTGTCGGTGGCGGTATTTCCAATACCTTTATTGCCGCTCGCGGTTATAACGTGGGTCAATCCTTGTACGAGAAAGATCTTATCCCTGAAGCCAAGCGTTTAATGGATAGCCTGGATATTCCCGAAGCTATTGATGTGCGAGTTGGTACAGAGTTTTCTGATACTGCCCCGGCAACGATAAAAAATGTTGATCAGGTTCAGGATAATGAAGAAATCATGGATTACGGCCCCCAAACCGCCGAAAAAGTCGCTGAGGTGTTAAAAAATGCCAAAACCATTTTGTGGAATGGCCCTTGTGGCGTATTTGAATTCGATAATTTCTCTAAAGGCACCGAAGTGGTCGCGCGCGCTATTGCCGAAAGCGACGCCTTCTCGATCGCCGGTGGTGGAGATACCTTAGCCGCAATCGATAAATATGGCCTGGACGATAAAATTTCCTATATCTCCACCGGTGGTGGTGCCTTTTTGGAATTTGTTGAAGGTAAAGTTCTGCCAGCAGTAGCCATGCTGGAAAAACGCGGCAAGTAGTCTGCCAAAATAACCAAATAGTTAGCCAAGCTAATTATTGTAGTTTAACGCCGCTACCCAGCGGCGTTGTTGTATGTTGGCTGCGCCAATAGCTTTATTCACGTCATCCCGGTGATGTTTTGGGCCGGGAACCATAAAGTTTAAAAACCAAAAACCAAAAACCAAAAACCAAAAACCAAAAACCAAAACCCAAAACCCAAAACCCAAAACCCAAAACCCAAAACCCAAAACCCAAAACCCAAAACCCAGAATATTGGATCTATTGCTACGCAAGTTAGCATGGTCATAAAAGTTAAGTTTGGGTGTCGCGCTGGCGACGGCAGCTTAGGGGACTGTGCTGCCGAGTCCCCTAAGAACCCCACGGCACCCTTGCAGTAAAAACACAAAAAACTTGTTCAGGCCTACCGGTATCACAGCAAATCCACATCCTTTCAGCCGCTGTTTTCTCGACATCCCTGTCTCGAATACCGGTAGGCTAATCTGAACAAGGTTTTTGTTTACTGCAAAGGGGAAGGTAAAACCAAAACCGTTCGTCCTGAGCCATTCGACAAGTTCATGACAGGCTCGAGGAACAAGTAGTCGAAGGATGAACGGATTTGAAGGATAAATTTGTCATCATTAAACCCTGTCATACCCGCGAAGGCGGGTATCCACAAACTTGCGGGCGAAAAGCCTTGTTTGTTTTTTGACTCATCAATAATGCACAGCTAACAAATTGATTTACTTGAATATGCAGCGTATTGTCGGAAAAATAAATCAGCAAAGAAGGAATTTCATCCGGTACGAATACGGGGTTAATTCCTTCTATTAAATTGTTAGCACTCAAGGATAGATCATGAAATATTTTAGTTTAATTGGCTTAGCGTTA
NZ_CP150481.1_gap32	1122431	1125636	3205	TAACTCATGTGGTTTTAATGGATGAAAGCTAAAGTTAACTTAATCTCCAGTACAGTATTAGGAGCAGTATCGTTTCTGACAATTATTGTTTTATTTTTTTGGCTAAGTGCAATTCATGAAATTGTTAAAGACGGCAAAGCTTATGGATTCTCAATCGGCATGAATAAAGTCGAAGTAATTTTCAATCTACGTAACACCCCAGAGAAAAGGATTGAGGCTATTAACCTAGTAAGTACTGATAACAAATCTTCGAAAAGAGGGAATTTATCAACAAACTCTGAATACTTTTATAGTTCTGATAAATGGGTAGTTATGTTTGAGTCAGCCTATTTTTTTGATAGTGTCACACTTGAATTTTGCTCAGAACGTTTATGTAAAATATTTAGAAAAAGGCAGTTTCTTGAAATGCCGTAATCGGTGTAAAGCCTTATAACAAGTTAATCTAAACGATGCAAAATGCTTGGCTTGTGCTCTTCCGTCGCAAAATTTAGCTAAGCATTTTGCGCTTATTAGTAAGGCGTTGTTTTTACTAAATGAACCTACATCGATACAAATCAACATTTACTGGCGGAGACTCATCAACTCCATTTTTTGAATTGTCAACGTGGATATTTGGCGGAGCATTGCTTTGTGGACTGCTTATGCTTTTGTTGCCGCCCACGAAAAATTTTTACGCTGAAATATCATTGGTAATGATTTTGTTGAGTATATTTCCCTTGTTCATTCTAAAGTTGTTTGCTCAGCATTTTTATTTATTTGGCTTAGTAATTTCAGTTATTTGCGGTCTAATTTCACTAATATTTATAGGGGCATTTATATATTTTTCGTTCTTTGCGCCTATTGATGATCCTATTGACTTGAATTGGTGTGTTGGGATTATATATTTTGGTACGATTTGCTTTGTTGCAGGTAAAGAGTATGCCAATACTTGTAAGTGAAAAACATAAGGGCAAGTTAGAGTCGCTAGTTAAAACCAAATCCGTTCATCCTGAGCCATTTGATAAACTCTGGATGCATGGAAAAGAAATATACGCGAAGAACAACGATTGGCTGGTTAGCCAATAAAAAAGGCGATGCAGATGAACTGTATCGCCTTTAAAAAGGGTTGTACTAGCGAAAGTTACAGCACATTCACCGCATTCAGGTCCGAAAACGCTTTTTCCAGACGCCGTACCATTGATGATTGCCCTTCGCGCAGCCATACACGTGGATCATAGTGTTTTTTATTCGGCGCTTCATCACCGCTGGGATTGCCTATTTGTCCTTGCAGGTAATCTTTTTTCTCTTCGTAGTAGTTCTTGACGCCTTCCCAGGTGGCCCATTGGGTATCGGTATCGATATTCATCTTGATAACACCATAGCTGATAGACTCTTTGATCTCGGCTTCTGTGGAGCCCGAACCGCCGTGAAATACAAAGTTAAGGCTGTTGGTCGGCAGACCGAATTTTTCAGAAACATAGGCCTGTGAGTCACGTAAAATAGCCGGGGTCAGTTTAACATTGCCAGGTTTATACACTCCGTGCACATTGCCAAATGATGCTGCGATAGTGAAGCGTGGGCTGACCTTCATCAGTTCTTCATAGGCGTAGGCCACTTCTGATGGTTGAGTATAAAGTAGCGAAGAATCCATACCGCTGTTATCTACGCCGTCTTCTTCACCGCCGGTGCAACCCAGCTCGATTTCCAACGTCATGCCCATTTTGGCCATCCGGGCAAGATATTCTTTGCAGGTAGCAATATTTTCTTCGATAGGTTCTTCAGATAAATCAATCATATGGGAACTGAACAAGGGTTTGCCGGTAGCGGCAAAATAGGCTTCCGAGGCGTCCAGTAATCCGTCAATCCAGGGAAGTAGCTTACGCGCGGCATGATCGGTATGCACAATAACGGGTACGCCATAACTTTCTGCTACCGCATGAATATGGTGCGCGCCGGACACACTACCGATAATCGCGGCTTGTTGCCCTTCCAGTTTAAGGCCTTTACCAGCGTAAAATGCCCCTCCACCATTAGAAAACTGGATAATTACTGGCGCTTTGACTTTCGCCGCAGCCTCTAAAACGGCGTTGATTGAATCGGTACCGACAACATTGACGGCGGGTAACGCAAAGTTATTTTCCTTGGCTACCGCAAACACTTTTTGTACATCATCGCCGGTGATCACTCCGGGTTTAACAAAATCAAATATTTTGGACATTTATAGGGCCTTTTAATTAAACGTATCAGCTATTTATGATTATGAGTTTTCATACACATGTCATTCAGTACACATGCTAATGTGGATATAAGTTTAAGCAGGATATATATACTTAAACTTTATCTCTAAAATCAGTTGTAAATATTATGTTTAAGAAGGATAAACGCCACCTTTATCAATGTCTAGGACGGACTAAATATCAAACAGATATAAGCAATGGCATTCGCGCCGATCGGCTAGGCTAGTCGATAGTTTTTTCGATTAGGCAGAGCATATTGGCAAGGTATTAGGTAACCTGACAGGGTGACAACGACAAGGAAAACAAAATGATTAAATGGTTAGCCTTGGGTGTAGCGGCACTACTCGTGATCCTTTACCTGAATTTACCGACATTACTTGAGCCGCGCTTTAATCGGGTTGAACCTCATGAGGCCTATGTTATACAGCCTCAAGCCAGGGAACTACACCAACAATTGACCATTATGGACTGGCATTCGGATTCTTTGTTATGGGAGCGAAATATTCTTGATCATGTTAGCCGTGGCCATGTTGATGTTCCCAGATTGCAACAGGGCAATGTCGCCCTGCAAATGTTCACCACTGTCACCAAATCCCCCAAAGGGCAAAACTATGAAAAGAACAGTGCCGCCAGCGATCGTATTACGTCTCTGGTTATTGCTCAGGGATGGCCAATACGTACTTGGGACAGTCTATTACAGCGCAGTTTATATCAGGCTCAAAAACTGGATAACGCGGTCAATCAATCCGACGGCCAGTTGCGTTGGGTAAGAAATGTCCCCGAGCTGGAAGAATTACTGGCTAGTCGGAAAACGGCACAGCTAAAACCCATCGGTGTATTATTAGGGATGGAAGGAGCACATCCGCTGGAAGGTGATATCGCCAATCTGGACAAGCTTTATCAGCATGGCTTTAGAATGATTGGTCTGCAGCACTTTTTTGATAACCGATTAGGCGGCTCATTGCATGGCCTGAGCCAGTCCGGTCTGA
NZ_CP150481.1_gap33	1129200	1130895	1695	AAGCTGTTTATCCGTTGTTCGATCAATTGCCGTTTCTGTTTATATTGTTCACTGTCGACATCGCCAATTTGCTGGTTAAATTGCTCTTTATGCAATCCTTCTGGTAAATCCGCAATAAACGGAAAGTAGTCAGTTTCTTTAGTCTGTGGGGTGATTCTTTGCTGAATAATACTGGCGAACTCGGGATCGGTTGCCATTTGGGCCAGTTTAATTCCGGCCATATCGGCAGATAAATCGGCAAAACTGAAACCGCTGCCCTCGGTACTGCGATCCATTAATTCTTTAAATTCCCCTACCGCAATGGAAATACCCTGTTGGGACAGTATTTCTATCGCCGCCGAATACAGGAAGTGCTGGCACAAGTCGCGACGACGGGACAAGAATACCTGATGGCGGGATTTAGCTTTATCCAACAACGAAGGTTCAATGTTACCGGCAAAGCGGGCGAAATTCTGGTTGCCGTCGAAAATCGCCATTGCCAGAATGGCTGCACGGTTTTCAACACTAGGATCACGATCGACCGAACGTTTTTGTGCTTCGTCAAACAACGCCACGATATATTGATTAATCGATATATAGGGCAGCTGTAAATCGATAATTTTGACACCGGTTAAAAAATGCAGATAGTGGACAATACTCTCCTGAAAAAGCTGCTCTTCTTCATTTAATTCCCGCTTTAACGATTTCATTTCAGTTAACAAATCATACACCGGAGCCAATTTTATCATCAGCTTGAACGGGTCCATTTCTACGCGAGTGATACGATTGGGAAGTTCAGAGGCAATATGACTGTCCGTATACCAATCTATTACCCAGGTCAGCAGGCTAAGGGCGGTATCACCAGGAATGCTTATCTGACCAATTTTCAATGTTTCCAGTTTTAATTCGTCGGCCTCGACGATCCATAAACTGACGTTGATATAACCACCAAACAGGCTATCCGGTAACTGATAGGTGATGGCCAGCAAGCTGCGCTGATAATCCAGATTGGCCTGCGCCTTTATCGCAGGTTTGGCTCTTTGTACAAAACCAGCCAGACTGTTTAGCTGGTCAGCCTTGAGCTGGATTGACTGGAGCCGACGAGAGCGTCCGAGAGAACGTTGTAGCTGATCGAGTAAAGCCGGTAAGCTGTCTGCAGATTCGACCTGCTGATGACTTTGAGCAACCACCAGTGGTTGTTTCTCAATCGCCAAAAATAGCAGGCAAGCCAGTACTGCGAGTAAAAATAGAAGTATCCAAATCGTGATTTTCAGGAAACGAGTGGCTTTTTGCATCTGAAATGGTCATAAACAGGTAAGAATAGATGTTAAAACGTTACCAATTCGGTGGCCAGAACACCAGCTTTTAGATCGGTAAATAACTGAGTTGTAGAACAAAATAGTGATATAAACACTTTCCATCGTGCCCGTTTATATCACCATTTGTATCCAGCAGGCGCTAATGCGCAAGCGAATCATCAAGTTCCGCTACAGGGAATGCGTTGGCAAAAGCAATCAGTGCTTCACTATCGATGTCACTGGATTTAAAGGTGATAAAGCCACCACTTTTCAGCGTTACTTGTAACTCGGCTTGTTCGTTGTCACTCATGTCTGTTGCTGTCCTGCGCTGAATACGCAACGCTTTACCCTGGCCACTTTGCAGACCAAATTGCGCCATCGCCGAGAATGCATTGGCCATGGCTCCCGATGCGCCTGC
NZ_CP150481.1_gap34	1133997	1134627	630	ATGAAAACATCAGTCAATTGCAGGCAGATAGTGGCAGATTGGCCGAGAAGATGGTTGAAGTACGCGCCAAGCAACAGTCAATCTCAATCCGTCAGCAATCCGCGTCGGTGCGTCTGAAAGCCAAAGTACAAACCAGTACTGAGCAGATGGCCCATTCGATTGAGCGATTTGAGCATTATGAACGCCGGATTGATCAGCTTGAAGCTCAGGTCGAGGCGTACGAACTCAGTGATGGTCAGGACAGTCTGGTCAAAGAGTTCAACAAATTGCAGCAAGATGAGCAATTAGAAGCAGAGTTAGCCGAGCTGAAGAAGAAAGTGGCCTAATGATCCTGTTTAACTATTACAATTGGCGGCATCTTGCTGGTGCCGCTGCCAGATTAATATGTGGGAGTACCTTATGAAAGATTATTTTGATAACACCAACAGTTTGTACAAAGTACAGTTTGGCAAAAAAGTGAGTGGTGTTTGTGCTGGTTTAGCTCGCTACTGGAATACCGAAGTATGGATCATCCGGGCGGTAGCACTAATCAGTTTACTGTTGTTTCCGGTGCCTACAGCCATTGCTTACTTGCTAGCCGTTATATTATTACCTAGCCGCTAGGAGATAATGTCATGTTCAAGAATCTGA
NZ_CP150481.1_gap35	1167725	1168591	866	GCGCGTGGCATAAGCAAGTGCTGAAAACGTGATTGTTGATATTTGTGCTTAGCTGCCGTCCAGCGTGTGCCTTCTACAAAATTCATCACGCTAACGGGCTTGTAGCGGAACTTCTCACAGGCCTTGCGGGTGGTTTCCAGATCTTTACCTTTCAGGTGCGGATGTTTGAGCAAAAAGTCTTTCTTGTAGCGTTTCATAAAAGGGAAGTCTAACGCCCACCAGGCCAGCCCCAGAACCGGAACCCAGATAAGCTCTTTTTTAAGAAAAAACTTTAAAAACGGGATTTTGCGATTAAAAACACGTTGAAGGACCAAAATATCCACCCAGGACTGGTGATTAGCTATCACCAGATACCAGTCTTTCGAAGACAGGTTTTGCAGTCCTTTCACGTCCCATTTCGTATTGCTGGTCAGGCTTTGAATCAGGTGATTAACTGTCACCCAGGCTGTTGCGCAGGCATCCAGTATATGAGTAACCCCTGTTCGCCAGATTTTAATCGGGATCAATTTAAGCACTGAACCCAGGATAATGGGGATAGCCCAGAAAATGGTATTGGTGATATAAAAAAGTATTGAAATTACACCAATAAAATTATTCCACATATTTATATTGCCTTGTTATCGCTATGCGTCGTATTTTATACCCAATTCACAGACAAATGCGAGTTTCAGGATTGCCTCAAAAGGCACATCTTGGAGCTGCTAACAGGTTTTTCAGCCCCGCTAAATTCATGACTTCCACTGCAGCAGGAGTCAGGATAAAGCACAAGTCGCCAATATTGACCGGAACAAGGAAATGACAACAAACGAATTTAGCTGGCAGCGAGCAGTAATCAAAGTCGGCAGCGCACTTATCGCCCCGCAAGG
NZ_CP150481.1_gap36	1183021	1184971	1950	TTTTTTACAAATTGGCTATTTCGGATTTCCCCATGGTTACAATGTCGCTCGACAGCCTTATTTTAATAAAGAGCTTGAAGGTCAGGCCAACCAGCAGAAAGTCGATATAGATCGTATCGGCGGTGTTAAAAAAGCGGAAAGCATTTATTTACGGATTGAACGTACAGGCAATAAATATATCGGCTCCTTTGCGTTGCCTAATGACTCTGACCAACCCGAACAACCTTTGAAGTGGCGGACTATTGCTACCCATGCGGTGCCAAAATTTAGCGGCAGGCCTGCCATATGGGCGGATAATCAGGATGGTAAGGTTTATTCGCTTAATACCAGTATCTCGCCCGAGGTGCCGGCAGAATTTGATTACCTGAGTATTCGTCCGGTTGAATGAGCTCTTCAATACCTGACAATAACCCGGCAAGATTAACTCAATAGGGCGTAAACAGCGGGTTATCGCTAAAATAAGCTTGTATACCTTGCGGCTTTTATATAAACTTCGCGCCCTTAATTCAGCCTAAACCCTTTTTAGTTCCTTGTCTCAAACAGTGATGGCTGAGCTGTACGAGGCTACAACCGTAAGGAGCAACGATGCGTCATTACGAAATCGTGTTCATGGTTCACCCTGATCAGAGTGAACAAGTACCCGGTATGATCGAGCGTTATACCGAAATCCTCAAAAAAGATGGTGGACAAATTCATCGTCTGGAAGATTGGGGCCGTCGTCAATTGGCTTACCCAATCGATAAAATTCACAAAGCGCACTACGTGCTGATCAACGCTGAAGCAACTGCTGAATCTGTTGAAGAGCTGGAAACTGCGTTCCGTTTTAACGATGTGATCCTGCGTAATCTGGTTATGCGTACTAAAGCTGCGGTAACTGAAGCCTCTCCAATGGCTAAAGAAAATGCACGTGAAGAACGTCGTGACAGACGTGAAGAGAAGCCAGTAGTGGAAGACACTACAGAAGCTTCTTCTGACGAATAATTTAGAGGAGAATCATAATGTCTCGTTTTTTCAGACGTCGTAAATTCTGCCGCTTCACTGCTGAAGACGTGCAAGAAATTGATTACAAAGATACTGCTGTACTTAAAAATTACATCACTGAAAGTGGTAAAATTGTACCTAGCCGTATTACTGGCACCCGTGCCAAGTATCAGCGTCAGTTGTCAACTGCTATCAAGCGCGCGCGCTTCCTGGCATTGTTGCCTTACACTGATTCACATAAATAATTGTTGGCGAATAGATAAGAGGTAGCAAAGATGGAAATCATTCTACTAGACAAAGTCGCCAACCTGGGCGGTTTGGGTGACCAAGTCACTGTAAAATCTGGTTATGCACGTAACTTCCTTTTCCCTCAGGGAAAAGCAGTTCCTGCAACTAAAGATAATGTTGAAAAATTTGAACAACGTCGTGCCGAGTTGGAAGCTAAAATTGCTGACAAACTGGCCGCTGCTGAAGCCCGCGCTGCAAAAATTGCAGAACTGGCTGAAGTAACTATCGCCGCTCCTGCGGGTGACGAAGGTAAATTGTTCGGTTCAGTAGGTACGCGTGATGTGGCTGACGCCATTACTGCTGCCGGTGTGGAAATTGCTAAATCAGAAGTGAAAATGCCTAACGGAACTATCCGTGATACCGGTACTCACGCTCTGGATCTGCAACTGCACTCAGACGTTATCGCAACAATCAATGTTGTGGTTATTGCTGAAGCTTAATTCGACTTATTGAATCTGATGATAAAAACCTCCTTCGGGAGGTTTTTTTATGCTTAGAATATCTCACGCAGCGTTGCCAAAGTGACAAGGAAAACCAGATTAACCAAAGAGGAAAAATCAACATGGAGAGTACCGGTTTTGCCAATCAAAACATTGGTATTTTGACAGTGGCCCTTTGACGAGTTCAGGCGGAATGGTCGATAGCAATTTGTATCTATGCCTCTGGTAAATAACGTCCAAT
NZ_CP150481.1_gap37	1193603	1194936	1333	TATTGATATCGTTAGCAGCAGCGCCGAGATTAAAGCCGAGACGGTCAATGGTGATATGGAGCTGAAGTTATCCAAAATAAAACAGTTAGTACTCAATACTGTTAATGGCGATATTGAAGCGAGGTTGGATTTGGATAAGCAAGGTGAGGTACGCGGCTCTTCCGTTAGTGGTGATATTGAGCTTAGTTTTGATAAAAATGTGTCAGCCCGGTTTGATATACAAGGTCACAGCGGCGGAAAGATTGTTAACGACTTGACGAACGATGAGCCACAAAAGGCCAAACATGGCCCTAATCGCTGGCTGGAGTTCTCTCATAACGGTGGTAACGGACGAGTTGATGTATCTACCGTCAGCGGTAAAGTGAAAATTGGTCAATACTAAAATTATCAACCGACTCGGCAGGTTATGCCGGGTCGGATTTATCTTGCCCGGTACAGCTTTTTAACGGTAATGACTTATCAAAGAAAATCGAAATTTCTGCAACGGTAACGCCCAATTTTTGCATGTAAGTCCGATTCATCAGGCGTTGTTCATCAAGCAAGTACATCCAGTCGTCCATACTAAATTCGTAGTCGCTGCCATCAATGGCAACTTTCAACCTATATTGCCAATTAAACGCGCTCCCTGTTGAACGGCCGCGTGCTTGGCCTATGACATCGTCTGCGGTTCCGGTAACTTCTCCACTGTTACTGATAAACAGTTTCCAGCGCCGTTGCTGTATTTCACCGTCAGCATAATAAAATGTTTCGTCCAGCTGGCCGGATTTACCTTGCCAGCTAGCAGTTAGATCGACACAAAAGCGCCTGACGACCTTGTTGGAATAATCTTGCACAATACCCCAGGCAACGAGTTGTCCGTTAAAATAATCAGGCAAGTCAAATTCAGGCTGGCTATTTTTGTAGTCTTCAATCGATGCGCTGCAACTCATTAATAGTGCGCTGAGTATAACAATAATGTATTTCATATCATGGCTCCTTTAGCAGGTGTGTATGTGTGCCATTTGAGCGAAATGTAATCAGTTATACGCGTTACAGCGACGTTTGGATCAGTATCATCGGCATTTTTTTAGTCACCACTTTTTAACTGTGCCGGTTTGCCGCATAATGACCTAATAGTGGATAAAAACGAGATTCCAGTGAAAGTTGTTGCCAACAAATATACTGACGAAAAAGTCGAAAAGCTGAAAATCCCTCCGCATTCTATCGAGGCCGAGCAATCGGTATTGGGAAGTATGCTGATTGCCCCGGATTCATGGGATAAAGTCGCTGAGATCGTGATTGAAGAGGATTTCTACAATCGCTCTCACCAAACTATTTATCGGGCTATTATCGC
NZ_CP150481.1_gap38	1206586	1208203	1617	TCGCCAGTATGGAAGGTCTTAAACGCCTATTTAACGGTGCTAATCCACTGCAAAAATTACTGCGTGGCAGCGGTATGGCACTAGCGAATAAATTACCTATGCTAAAAAACACTGCCATCCGACAAGCGATGGGGCTAGATGGCGAGTTGCCTGAATTAGCTAAATAACCGCAGCTCGATGAAATAGATGTTATCCAGAAAAGTGTCAAGCGCCCATAAAGTAGCGATTTTGGTTTTATCTAGCGACTCTAACTTTTAGCTGCATTAAAAAAGTTAGTGGAGCGAAAGGACTTTTGGGTACTTTTACTTCGGGCATCCTGCCCTTCACCTAATAGGCCAGCTAAAGCTGTTCAAATTTTTTCCCGAAAAATTTGTCGTCCTTGAAAAGTACCTAGCTCGCAGGGATGCGAGTTACAAATGGCATGGATGCCATTGGCGAAGCCAGTAAGCCCTATACTCGCAGCTCTGCTACACCAACATTTCCAGCAAACTATTCAGGTAACGGCGGCCTAGTTCGGTCACTTGCCAGTGGTTAGATGTGATGGCTAATAAGCCTTTATCTTGGGCTTGCAATAATTTGGCTTGCATCTCGAACTGGTCAATATCCAAACCAGTATAATGCCCGTAATCTTCAATCGGGCAGGCTTCGGTTAAGCGCAATCGATTCATTAAAAATTCGAAAGGGCGATCGGATTCAGCGACTGAATTGAGTTCACTTAAATGAGGCTTACTCAAGTCCATATAACCTTTGGGATGTTTGACTTTAACGGTACGCCGGATTTGACCGTCTTGAACATCGGTTATTTTGCCGTGAGCGCCGCAACCTATGCCCAGATAGTCGCCAAAACGCCAGTAGTTAAGGTTATGGCGGCACTGATGGCCAGCCTGGCTATAACCTGAAATTTCGTATTGTTGATAACCGGCAGCGGCCAACAGTTGTTGGCCTTGCTGCTGGATGTCCCACAGAATGTCGTCATCCGGCAAGGTAGGCGGTTTGGAAGCAAACAAGGTATTGGGTTCAATGGTTAACTGATACCAGGATAAATGCGGTGGTTGCTGGTCGATGGCGGTACGTAAATCAAATAACGCGTTATCGACCGATTGATTTGGCAAACCGTGCATTAAGTCCAGATTAAAGCTGTTTAACCCTGCTTGATGGGCATAACCGGCAGCATTGAGAGCCTGTTGTTGATCGTGGATGCGGCCTAATGCTTGTAGTTTATCGGCCTGAAAACTTTGCACCCCGATGGATATCCGATTGATACCGGCTTGGCGGAATTCACGGAACTTCTGACTTTCGACTGTGCCGGGATTGGCTTCCAGGGTAATTTCCGCATCGGCTGATAAATTAACCCGCTGCGTGACACCTTGCAGAATACGTTCAATGCCAGCGGCAGAAAACAGACTGGGCGTGCCACCACCAAAAAAAATCGTTTGTACCGGCCGGTCGCCAACCCGTTTGGTATCTTGAGCCAAATCATCAAGCAAGTGGGCAATATACTCTTGTTCGGGTAACGCGCTCTTTTGTCCATGGGAATTAAAGTCGCAATAAGGACACTTTTGCACACACCAGGGGATATGAATATACAGTGATAGTGGCGGGTTGAGCATCTTAGTC
NZ_CP150481.1_gap39	1343814	1345491	1677	TAACGCTGAAGATACCATTACCAGTGGTTTGGAAGGAGCCTGGTCGGTCACGCCCACTCAATGGTCGATGCAATATCTGGATAATCTGTTTGCATTTAATTGGGTAAAAAGCAAAAGTCCGGCGGGGGCAACGCAGTGGATCCCTGATTCTGCAAGCGCCGCGAAAATGGTGCCTGATGCTCATGATCCGTCCAAGCGCCATGCGCCTATTATGTTTACTACTGATCTGGCACTAAAGGAGGACCCGGAATATCGCAAAATCAGCGAACGTTTCCGTAACGATCCGGACGAATTTGAACTGGCTTTCTCCAAAGCCTGGTTCAAACTGACTCACCGTGATATGGGGTCTAAGGCGCGTTATCTGGGTAAGGATATCCCCGATGTGGATTTGATTTGGCAAGATCCGGTTCCCGCCGTTGACTACGAGCTAGTGAATTCGGATGAGGTCACCAAGCTTAAATCGGAAATACTGGCGTCGGGTCTAAGTTTACCGGAACTGGTTAGAACTGCATGGGCGTCAGCTTCCAGTTTCCGTGGTACCGATATGCGCGGTGGAGCCAATGGCGCGCGGCTGCGATTGGAGCCGCAAAAAGATTGGGCAGTGAACAACCCTAAAGAACTGGCTAAAGTATTGAAAAAACTGGAAAGCGTGCAGGTTGAGTTCAACCGCTCACTACCGAAAGGCAAAAAAGTATCATTAGCGGATGTGATTGTACTCGGCGGCGCAGCAGCCATTGAGCAAGCGGCTAAAAAGGCCGGTTATACTGTCAGTGTGCCTTTTACGCCCGGACGTAGCGATGCCACGCAACAGCAAACCGATGTAAATTCCTTTGCTGTGCTGGAATCCACTGCCGACGGTTTCCGCAATTATTTTGCCGAAGGTCATACGCTCTCCCCGGCAGAATTGTTGGTTGATAAAGCCAACCAGCTGACCTTGACGGTACCTGAAATGACGGTGTTAGTGGGGGGCTTGCGAACCCTGAATGCCAATACCGGACAAAGCAGTCACGGTGTCTTTACTGACAAACCCGGCACACTTAGCAACGATTATTTTGTTAATTTGCTGGATATGTCGACTCAATGGAGCAAATCAAGCAAATCAGACGGCTTATACGAAGGACATGATCGCGCTACGGGCAAACTGAAATGGACCGCGACACCTGTTGATCTGGTATTTGGTTCCAACTCGGAATTACGCGCAGTCTCTGAAGTATACGCCTCAGATGACGCCAAGCAGAAATTCGTTGATGACTTTGTCGCCGCCTGGACTAAAGTGATGACTCTGGATCGGTTTGATATGATGTAAGTTGCTAGCTGCAACGCGACAAAATTACAGCCAGGATAACCAAAACGGCGCTATAAGCGCCGTTTTTCATTTAAGTTGTGACCTTTTAAAGCTTACTCAAATCAGTGCCTAATAACATATCGTCGATAAGCTGTTGCTGCTCTTTAGGACTTTGCTGTTTTAACGCGCGTACAAAGTCCATCGATGTGGCGGGCGTGTTGGGGTAGGCGTGCTGCTGCCATAATTGTTTAAGGGTGCCGGTGATAATCTTATCTCCCAGAACGTTGCGCAGTTGATAAAAAACTAAAGTTGCCCGTGAATACATATCATGGGGCTGGGTGGCATCTACTAGCGCTAGGGTCTTTTGCACGTTGCCACGCTCAACGTTGTTG
NZ_CP150481.1_gap40	1346684	1348047	1363	TTCATCAATCAGCGCCATATGCAGACTCAAGCCGATAGCCAAGTTAATCGCCAGCAATACCAACACAGGTATTCTGCTGGATTTTATCGACGGGCTGTTAAATGACGTTCCCCGGTGTGAATAGCGGATGGCGAACAGCGCCACGCTCACGGTAGTCAGTAGCCAAAAAGCCATATAAGGTAAGTAAACCGATAAACTGTTGCTGTAACCCCAAAAATTGTCCGGCTCTTGTAATGGACTGCCAGCAATATTCCACAACGTATGAGTTAGGCCGAAGCTGGTGGTAACGGGAGTGAATTTCACCAGCAAGATAAGTGCTGACAACCCAGCAGAAACGGCTTTTGAACGGCACAGATGATGGATGCCGATAAATATCGATCCTAACAGGACTAGTGGCAGGCCACTCAGGCCCAGCTGAATGACATAATGTGAAAAAAACCAGTCACTGTCAGCCATCCATTCGGCAACACTGCTGGCGATAAAAGTGAGCAGTATCAGTACGCTGACCATTAGCCACATGACAGCAAGGTGCGAAACCAGCAGTTGGCGGTTTTTTATTGGCGAGGCCGCAATCAATTCAGCTATATGGCAGGTTTTTTCGCGCCAGCAAATTTGCCAACTCCATAGTGCCAGTAAAAAAGCCCCCAGTGTTGGCACTACGTCAAATGCCACCCTGTTGAGCGCATCGATGCTATTAGGCGCAATCACCGCCATGGGCTCGACAAAGTCTATGCCCGAAAGGGTTTCGTTAAAAATCATCAGCGGCCAAAGACACAATAAAAATCGGGTAATAGGGTTGTGTAATAAGTCTCCAAAAGTCGTTTTGATTAAAGTCATAATCGGCGATACGGGGATATTTTTTGCTGAACAGGCTTGATATTGACCTTGGGTATTGCTTGATACTTGATTGACCTGCAGTGAGTCTAACGTTGATGCTTTACTGGGTTTGTTAACGCCATTATTAGGGTGTTTTTTTGGCAAAACTTTTAGCGCGTGATAAACAAGGCCAGCACTTAAAGCAAGATAAATGCAGCGATTAACCAGTAAGGGGGGATTAAGATACCGGTTAGCCGAATCAATGTGGTTAATCAGTGCTGTAACGCCATAGGGATCGAGCCACAGCATGGTGTTGTATAATGACTGACTGACCACCGCGCTGCCGGCCAGTGTTGGCGATCCGGTCATACTGGCCAGCATTAAATAACCGAGAAAAAGCAGCGCAAAACAAACATAAATTGCCACGCCACTGGCAAAACGTTGGCTTAGCCAAAGCGCTATCGCGCTGGTAAATAATAGCGCCGGTAAAACTAATAACAGTATGTTGAGCAAACTGATGCTCAGCAATTCCGTCCTGAATCCCAGT
NZ_CP150481.1_gap41	1429754	1431838	2084	AGATGTTTTACACCCAGTTTATTGATGCAATGCTGTCTTAATAATTCTGTGAACTTTCCCGCATCCAGATGATAACCATAATTGGCTACATAGGCATATTCTGCGGTAGATACTTGTTTGGGGGCCAAATTGTGGTGGGACAAATGGCCTTGTGGAGTAACGGCATCGGCCCAGCTAATTTGTTGATTGTGCGGTAACCAATATGGAGCCAGATCGAACTGCTCAATACCTACTGGGAAAGTAAAGGGATGAAAATAATGATGGTTATCTGCTGTTTTCCAATTAGTAAATTTGGAACCTTGTTTAAAACTGGCATCACACTGTCTGACAAAGTCGGTTTCACTTAAGCCTATATTCTCTAATGTTGCTCGCATTGAGGGCCAAGTGCCTTCACCTACGCCAATAGGGGATACCGTTGATGATTCTATCAGGCAGATACTAATACTGTTATCACCATGATTAGTTTTATACTCAGCAGCTAGAATGGCGGCAGTTAACCAACCGGCTGACCCTCCGCCTACCACGACTATTTGCTGTATTCTATTGTCCATGGAGACCTTAATTGAATGGTGTACAACATAAGCGATATTTTGACGCTTTATAATATATAGGATTTGCTACAACATTAAAAAGGCCGCATAAATCAATCAAATAATTCAGCGGCCTTGATGACAACACTACTAATAACTTTTGTTGTGATTAGAAAGCGTAACGAACTCCAAGATTGTAACGCGCACCCTGTTGAGTCACGTTTAATACTTGAATTTCACTACGTCCACTTTCACGTTTGTATTCATCAGTAATGTTAATGCCGTTAAAGAAGACGGTTAAGCCTTCAACTTGTGGTAATTCGTAGCTGACGGTTAAGTCCAACTGATCATAAGCTTCTACATAACGTGGAGAGGCACCTACGTCACCTTGGTAACCTGATACCAGGAACTTGTCACGCCAGTTGTAGGCCAAACGAACGGATATTCCATCTTTTTCATAGAAGCCCACTACGTTGGCGGTATCACTGATCCCGAACTCGGCCACTTGTGGGCCTGCGATATAAAAATTATCGTATGTGTGATCAGAATCAACTTTGGTATAGTTAACAATCCCACCAAAACCACTTTCACCAAATAGATGTTGAATAGCAAACTCTAGTCCATCAAAGCCTTTCTCTTCACTAGAATTAGATGGTGTATGAATGTTGAATTCTATCTCTTTATCCGTTTCTGGATTGGCCAATATTATAATATTGCCCGCATCCATATAGACGTGCTCGGGATCAATCTCATGGTATTTGTTATAGATATATTCACGTTGTAAATCACCATCAGGTCCTACCTCTGCAAAAGCTTCGTTACGATAGGGGCCTTCAGCCGGTGAATAGATACCAAACTTAGTTGGAACATCAATAGTTTCGATATCATTAGTTACATCTTTCTTAAAGTAACCTATCGATACATAACTACCTTCGTCGTAATACCATTCGGCGGACAAGTCGTAGTTGTCTGATTCAAGAGGTAATAAACCTGCAGTACCGGTTGAACCATCGGTACCATCCAAGCGTCCAGCTTTAGTAAGTACAGTACCACCTATCATATCGCCATAACCGGGTCGGCCTATGGTTTTGCTATAGGCCGCACGTAAAATGACCCCATCAACCACTTCGATATTAAAGTTAAAACTGGGTAGAGTGTGATCGTATTTGCCGGTTTGTGTTTCGAAAACGTGATCTGATGTATCTCTTAAGTAGACTTCGGATGCACCTTGCCATTGAGCTACATTCTGGAAAACGGGAACTGCTGAAGTTGAAACGACATCGGTATCTTCATAACGTACACCAACATGCACATCATAAGGCATATCAGCGATATCACCTTCATAATTATATTGTAGATAAACCGAGGTCATTTCTTCTTTATTATAGCGATCAGTTTGTGACGCATAATCGGTAGACGGGCAGAAAGAATTGCCGCAATCACCCAGACTCTGCTTACTTAATAATTGCGCTGCTTGATCGCGAACACCATGGAAATCAAAATCGAAATAAGTATCCATGATTTCAAAATCATCCATGCCATAAATACCCTGGA
NZ_CP150481.1_gap42	1440551	1444346	3795	TCCTTGCGTCTCCAGAAAAGCCGTTTACCTTTATCAACCATAAAGAACAGATAGATGGTTTTGCGATAGAGTTAGTCAATGACATTCAACAAAAGCTGGATACTCAGTACCCGGTTTACAATTATCCTTGGGCCAGATTATTCAAATTGCTTAGCGATCAGAAAAATGTTGTCGCATTAACTGTGGCCAGAACGCCTGAACGTGAAGACAAGTTTCACTGGATTACTTCTATCGCCCGCAGTATTCACGGGCTCTATGCGTTACAAAAAAATAATGTCAGGGTCTCTGATCTGGAAGCTGTCAAACAAATAGGTTCGATTGGTGTGTTAAGAGGCGATATCCGTGAAACGGTATTACGTCATGCCGGTGTGACTGATATTGTGGCATACAATAGCTGGGATCAAGTGGTTGGCGCATTACTTAAGGGAAGGGTAAAAGCTATTTTCTATTCCTCTTCAGGAGTGAATTATGCGTGCCCGCCAAACAAGTCAGGTTGTGAGCAAATAGAGAATATTTTTATCTATAAAGTAGTGACAACCTATGTGGCGATATCTAAAAACGGGACAGATGAGCAGTTGGTTAACCGGTGGAAACAGGCCGCCGAGGATTATAAACACGACAAGGCTTTTGTATATCTAACCCAAAAATGGATCAAATATTATCAGCAATATGAAAATATGGATCTGTACCTTGATAATGGCGCGATCAATGTCTGGAAAGATCCCAATTTAACCGCGGAGATTAAAGCACAAAGCTCATTTGTTAATTGAAGCTATAAACGAATCCAGGTGAATTTCAGGCACAAAAAAAGCGTCCTGAGACGCCTTTTCGTGAAACATGTTTATGCTTAGCCGATAGCTTTGATCTGAGCAGACAAACGGCTCTTATGACGAGCTGCTTTGTTCTTATGGATCAAACCTTTGGTTGCATAGCGGTCAAGAATCGCTTGCACGGAAGAAAAAGCTTCCTGTGCAGTTGCCTTGTCACCGGCTTTGATAGCAGCAAGTACCTTTTTAAGGTAAGTACGCATCATAGAACGACGACTTGCATTGTGCTGGCGACGCTTTTCGGCTTGAATCGCACGTTTCTTAGCAGACTTGATGTTAGCCAAGGTAGAACTCCCAAAAAATTCTAGTCAAAATTAAGGACGCGAAGTTTGCCTGCATAAGCGCCGGTTGTCAAATGGTTTTAGGCTAAACACAACCAATAAAGCTTCTTATCCCGAACTCAGGTTATTTAACTAAAATGTCTTGCAACAACTGGCGTATTTTCTTGCTTCGCGGGCATTATGCTTTGTACAACATTGCCCGCGGTAAGCAATTGCCGTTTAATTCCCAAATAGCTTGTCTTTAAGCTTGTTTTTTAATTCATCTTTTTTCTTGTCGATAACGTTGTTAAGTTGCGCTCCCAGCATATCTTCAATCCCTTGCAAGTTGCCGTCAGCCAGTTTCTCCCAATCCAGCCACTGTGAGAGCTGGATATTGCTTTCACTTAATGGGCCACTGGCTTTAGCATTAAGCTTTTGTTGCAATTCATCCAGTTTCTGTTTGGCTTCCCCACTGACATTGGCAGTCAAGGTCTTGGCTATCTGGTTGTCCAAATCCGAATTTAACGAGAAATTGGGCGAATCAATCGAGCCATCAATACTGGCGTCCATTTTTATCGCAGACAGTTGACGCAAGCTGTCTGCGATCATATTGGTGAGCTTGTTTTCACCCTGAGCAGTTATCGCAAGCTCGTCAAGATTGATGCTGCCGTTGCCTTGCATAATATTATCGACAATATTTAATTGCCCCTGACTGGCCAATAATGCGCTTTGCAACGAGGTGATTAATTTACCTTTTTCGGCTAGCGGCATGTCACTCAGCTTTACGCCTTGCAGGTCCCATTTTTGATGAGCTTTTACGCCGGAAGCGGCTAGCCACAGGTCACCATTGATGCGCAGCGATTGCCACAGCGGTGTGTTACTGGAATCGACAGTAAAGGTCGTTGGCCGACCCAATTTATCATGATCGCTAGTAATATCCTGCCAGATTGAGATGAAATCCTGTTGCTGCCAGCTTACCGAAATATCCGCCTTGCGAATTAAAAAGTCAGGTAAAGGCTGAGTATCGTTAAACTCAATCCAGCGACCTTCGCTACGTTGATGTTCGATCTGTTGCTCCTTCTCGCTAGCCAACATGGGAGCGACCAAATCATAAGCAGCGAACAGTGTCTCACTCCACATCTTGGCCTGTTCGCCGAATATGGCCTGAGTAAGTTCACTATAGGCAGCGGCGTCTCCGGCCACTAATCCCTTTAATAAGTCGTAATCTTGTCCGGGAGCCGCTTTAAGCGCTGCCAGTTTGCGAGATAGATCGGATTTTGCAGTTTCTACTGCCTGCTTAAAATCTTTAAATTTCTGCTGCTGTTGTTTTAGCTCGTCTTTTAGTTGGTCAAATTTTTGTTTAGCGGCGGCAAGTTGGGCGGGATCTTTATAATCGGTGTCGGTTAGCGCCTTGATTCTGGTTTGGTAATCCTTCAACTGTGCCTTATCGGGCAAACTATCATATTGCTGTTGCAAGGTGTCGCTATGTAGTTGATAAGCGGATTGCGCTTCGTCAATTGCTTTGGTCGTTTTGAGCGGTGTATTGGCCAGAATATCGTCAACACTGGGTAATTCGCCTGCATCCGGCAGTATGGTTTGTGCAATTGATTGCTCTGGTTGACGATAAACTTTTCCCTCGCTGGAGCGAGGTTGATTGAATTTAACGCCTTTGGCGGCCAGTTCGTCGATAATGATCTTACTCATAAACAGTGGCATCAATTCGATATCTGCGCTGATGCTGTCCAATTGCACGCTATTTTGTGCGGGTCTGGCAGGATCGGTTATCTGAATGTCTTTAACAGTAAGTCCCAAAGGGGAAAAGCGATGGCTAACACTGCCTATATTGACCTCTGCACCGGTGGCCTGTGACGCGCTGCTTTCAATGCCGATTTTTATCCAGCTATCCAGAAAAACTAATGTGATGGCAAGAAACAGTCCGATAACAGCAATAAAACCGACTAATCCTTGCCAACGAATGATATTGCGCATCTCAGCCTCCTATATTGAGATAAAGTTGATACAGCTTACTGGCCTTAAAGGCTTGCATAATTTTGAGCTTATTGACCCAGGTCATAATCCTCTGGCGATATTGCAACACAATAAAACGACTCAAGATCAGTACTATTGGTGCTAACAGCAGGCTGACCAGAAAACCACCCATTGTCAGGGTGTGATTAAATTGGCTAAGTTGTCCCAGGCTGGAGTTGAATAGTGTTGTCCAGCTATCTTGCCAACTGGAAGCGGTGAGCACGTTTTCACCTACACTGGCCATCAGCGGATCAAATAACCAGGCGATACCGGAAAAAAACACAATACTGGCCAGGAAACTGGCGAGATTGATGCGTAAAAATAACACCACGAACAAGATAATAATATTGTGCAAACGCAGCAGCGGGGTGAGTCCTATCACCATACCTAAAGTAATGGCGATAGCTATTTGCCACGGACTGGCTTCTGAATTAAGTACCTTTAAAAATTTTGCCAATAAATTCACATCACTCTCCTGATATGGAACTGTTTATTGATGATTCTATACCTAATATCATCTCAAATAGTGCGTTTCAGCGGGACGGCAAGGCTATTCAGGCAAGGCGATTGTTAGCAGCTTCCCGTCGCTCTGAATTCATCATTCTAAGGGTAGTATGATATCCAGCTACGGATCAGTTTCGGGAAAGGCTAAGTATTTCCTCCAGACCAATATAACTGCC
NZ_CP150481.1_gap43	1497470	1500079	2609	AATGTTAACGCCCTGCGAGTTGTTGGTGGTGTGCTGTTTTTTATTATGGGTTTTGAAATGCTGCGTGGTCGCACCGTACCCAAGAAGCTGGATGATGAAAGTGATGACGCCTATGGCAAGGATATCGCCATAACACCGCTGGGGATCCCGATGATTTGTGGCCCCGGTGCGATTACCATGGTGATCCTGTTTATGCAGGAAGCAAAATCGACCGAGCATACTTTTGCGGTGGTAGGAGCTATTTTTCTGGTATGTCTGTCTGCTGCGATTATCTTTGCTATAGGTGAAGGACTGCTGAAGCTGATGGGAAAAATTGGCGCCAGTGTGATGATGCGTTTAATGGGCCTGATTATGATGCTGATTGCGGTCGAATTCTTCTTTGCCGGGATTAGTTACTATGTGCAAATGGTGCTGGATAAGGTTGCATAAAGAAGGGTTAACACGGCAGCAACCAGTTTATTCGCCAAACAGTTGGGTTATGCATACGTATTCAGTCATTTTAGTCAGTCATTTGCCGCTCACCTTGACTGGAATACCTAGGTAGTATTTCTACCTGTCATTTTACAAAACAATAAAATTCTTAATAATCAATAATATAAGTTATTTTTGAGCAGCCTTTTATAGGCATGCTTACATCAGTAAATATTGCTTCTCGCTACCGATATCCGGTCTCCACGTCGTTGCGCCTGCGTGTTTTATTCATCCTCGCATTACTTATGCAAGCTACTGTTTATAAGGCATTTTAACGAGATTGGTATAGTATTTTCTTGTGTAATTTAAATGTTAAGACTTTGTGACTGCATAGTATTGAATACGTATGCATTTTGTTGATGAGTTTTTAATGGCAGCGGTACTATCCATCAGCACCTAGGACAGCACAATAAGCACGTGAAGCTGCACTCAACAGTTTACATGGCATTTATAATTACCTTAAACGGGACACAACGATGGCAAAATTTAAACCTAATCTTATTACGGCTGCGATCCTGACCAGTGGTTTGGCATTTGGTATTCACCATGCCGCGGCTCAGGAAGCAGAATCAAATGATCAACAGGCTGATGAAAATCTAGAGGTTATTCAAGTTTCCGGCTTCCGCCGCAGTGTGGTGGAATCAATGAATACTAAACGCTTTTCCTCCAATGTAGTTGAAGCCATTTCAGCCGAAGATATTGGTAAATTGCCTGACTCTTCTATTGCGGAATCTATCGCCCGTTTACCGGGATTAACTGCCCAACGGCTGGATGGTCGTGCTAGTCGCGTTAGTATCCGTGGTTTTGGCGAAAACGAGAGTGCGACTACTTTTAATGGCCGTGAGCAGGTATCTATCGGTGATAACCGCGGCGTTGAATTCGATTTGTATCCTTCCGAAATAATGAGCGGTGTCACAGTTTATAAAACACCGGATGCCAGCCTCGATGCTGAAGGTATTGCCGGTATTATTGATATGCAAACCGTTAAGCCTTTAAGCAAAGGTGAGCGTATTTTGCAGGTTAACGGTCAAATGGAGAAAACCAGTTTCGACAAGTTGAACCCGGACGGTGATGATCAGGGTTTCCGAGGTACCTTTTCTTATATTGATCAGTTCGCCGACGACACCTTAGGTGTTGCTTTTGCTTATACCACCATGAGTTCCCCCAATCAGGAAAAACGCTGGAATTCGTGGGGATATCCCGAATTTAGTGTGGATGGACAAAACTACTCTATCTTGGGTGGCGCCAAGCCGTTTGTTCGTTCTTCTACTCTGAAGCGCGACTCAGCCATGTTAGTGGTTGAAGCGGCCCCCAACGACGCATTGCGAATGACTTTTGACGCATTGTACGTGGATTTTTCTGACGAGAAGATTTTACGCGGTATTGAAATTCCTTTTGCTTGGGGACAGGGAATCCTTTCGGCAGATGATAGTGATGTCGATCCTTCTACAGGCTTTATCACTTCAGCGATGACAGAAGGCCAGCGTGTAGTGGTCCGCAATGATTTGGAAAATCGTGATGCAGAGCTAAGTCAGGCCGGATTTAACGCCGAATATCTGGTAAATGACAGTCTGACGCTGGAGTTTGATGCCAGCTATTCGAAAGTGAAACGTAAAATATGGAGTTTCGAGAGTTACGCGGGGACCGGTCGCGGTGATAATCAGGGCGCTGCTGATAATTTGGGTTACACCTTAAATGCGGGTAATTCTGGCGCGTTGTTTACTCATGAACTTGATTACGGTGATTTCAATCTTATTCAATTAGGTGGCCCGCTAAGTTGGGGGGCCAGTGCGGCACTGAATGATAAATATAATCTGGGTGGCACTGCGATGGAAAATACCGCCCAGGATGGATTTATCAATGCACCGGATATTGATGACGAGCTGACCTCGTTGAAAGTGGCTGCCGAGCAAAGCATCGAATCCGAGTTTGTAAGCAAGGTTAGCTACGGTGTTTCCTATCGTGATCGCGAAAAAACCAAGGCTTCAAATGGTTACTATATGACCTTAAACGCTTTTCCAGGCATGTTAATGGTGCCTGAAGATTATCGTTTGGGTACGGTGTCACTGGACTTTATCGGCATGGGCAACATGATTGCCTACGATTCCGGAGCTTTGCTGGATGACGGTTATTATGAT
NZ_CP150481.1_gap44	1501280	1502253	973	TTAGCCAGAGCATGTTGCTCTAATCAGGGAGCTGGTTTAGTTGAACAACCAATCAATACAAAAAGTAGTGATCCTTGGGGGCGGTACAGCGGGTTGGATTACAGCCTCACTATTGGCAAAAGTGCTGGGCAAGAGGATTGATATTACGCTGGTTGAGTCAGATGATATTGGCATTGTCGGGGTGGGAGAAGCCAGCATACCACCGATGGTTAACTTTAATAACGCTTTGGGAATTGACGAAAAGGATTTTATTCGACAAACCAACGCCACGATCAAAATGGGAATACAATTTGAACACTGGAAGCAGCAAGGCGAAAGCTATATGCATGCTTTTGGTTCAATTGGTAAAAACTTCCCCTTTTGCGATTTCCACCATTTCTGGAACAGAAGTCAGCAACTGGGAATTCAATCCAATTTCTGGGATTTCTCATTAAATTATCAGGCGGCCAAGCAAAACAAGTTTGCTCACTTAAATCAGATTGAGGGAAATTTACCCGGTATCGCACATGCCTATCATTTTGACGCCGGTTTATACGCCAAATATCTGCGCAATCATTGTGAAAAACTCGGCGTAACACGCGTGGAGGGCCGGGTAGACGAAGTCCGAGTTAATCCGAAAAATGGCTACATCGACAGGATGGTGCTGGCCGAAGGCAGGACGATAACAGGTGATTTGTTTATTGATTGCTCCGGAATGCGGGCGGTGTTAATTGAAAAAACACTGGGTATCGGCTTTGAAGACTGGTCTCACTGGTTACCCTGCAACCGGGCAATAACAGTGCCGACTGAAGCCGTGAGTCCTGTTACGCCTTATACCCGTTCAATTGCTCACACCGCAGGTTGGCAATGGCGTATTCCACTGCAGCATCGCACCGGTAACGGTATTGTCTATGCCAGTAACTATCTGTCTGATGAGCAGGCAAAGCACACTTTGCTGACTAATCTGGATGCTAAACCCTTGGCAGAGCCAAGG
NZ_CP150481.1_gap45	1505218	1509037	3819	CCTTGTTCCGCTTATTGCTATTGGCATTTATGATTTTTTCCAGACCCGCCATACCTTATGGCGCAATTTCCCGCTAGTTGGACGAGGTCGCTGGATCATGGAGTTCTTCCGGCCTTATTTACGCCAGTACTTTTTTGAATCTGAAACCGACGGTATGCCGATTAATCGGATGTTTCGTACTGTTATCTATCAACGCGCCAAAGGTAGCATGGATACTAATCCCTACGGAACCAAGCTGGATACTCAGCGGGTCGGTTACGAATGGATTGGGCATTCTATTGCGGCTAAACACCATGAAGACTATCACAAGGAAGCGCGGGTGACGGTAGGTGGTCCGGACTGCACTCAACCCTATTGTGCCGCGATACTGAATGTGTCTGCCATGAGTTTTGGAGCCCTAAGTAATAACGCAATACGGGCATTGAACAAGGCAGCCAAGATAGCCAACTTTTATCATAATACCGGCGAAGGTGGTGTCAGCCCTTATCACTTGGAACATGGCGGCGATTTGGTGTGGCAAATCGGTACCGGCTATTTTGGCTGTCGTACCGAAGATGGACAATTTTGCCCGGATAACTTCAAGAAAGTTGCCAGCAAGGATGCCATCAAAATGATCGAAATCAAGCTTTCACAAGGAGCAAAACCAGGCCATGGCGGCATTCTGCCCGCGGATAAAAACAGTGAAGAAATTGCCCGCATTCGTCTGGTGGAACCCGGCACCCAGGTTAACTCGCCGCCGGCGCATAGTGCCTTTGGTACTCCAATAGAAATGATGCATTTTATTAAACAGTTACGTGAATTGTCGGGCGGCAAGCCGGTAGGATTTAAGCTGTGTATTGGCCGCACCAGCGAATTTGTCGCCTTGTGTAAAGCCATGGTGGAAACCGGGATTAAACCGGATTTTATTACCGTGGATGGCGGCGAAGGCGGTACGGGAGCCGCGCCACTGGAATATTCCAACTCGGTAGGGATGCCGCTGCGTGAAGGTTTATCTTTTGTATGTGACGTGTTGGTCGGCTTCGATCTTAAAAAAGATATCCGCGTGATTGCCAGCGGTAAAGTGTTTGCCGGATTTCATGTGGTCAAGAATTTGGCCATAGGTGCGGATTTGTGCAACAGCGCACGAGGCATGATGGTCGCACTGGGCTGCGTGCAATCGTTAATGTGCAACACCAATCATTGCCCAACTGGCGTGGCCACACAGGATCCCAAATTGGTCAGAGGATTGGTGGTAGAAGACAAGGCTGAACGGGTTGCCCGCTTTCACCAGGAAACCGTTAAAGCGTCAATGGAAATTATCGCTTCGGCGGGATTACGTCATACATCACAGTTGAATCGCTCACATGTTTTCCGTCGTGTGAGTGAAACAGAAGTGCGCCGCTTCGACGAAATTTATCTGAACCTGACGCCAGGCTGTATGCTCAATGGTGAAAGCCCGGCCAAATTTGAACAGGCGTTGGAAGAATCCAGTGCCGACAGTTTTTATCCCAAGCACTATGTGGAAGAAACAGAGGAAGGCCTGAAGAAAACCGATTCGGATACGCACTAGAAATTAAAATAGGATAGCAACAAATCCCGGTGCACAAACAGACTTGTGACTAGGGCGTGTAGATCTTTGGTGTGTGTTTTTGCAGCAGTTTGTAGCGTATTTATACAAGGCAGAGCGAGTGTAGTGTAGTTATTCTACATGAATGAGCGATAACGCTGTAGAAATGCGCTACAAACACTGCCCCCACGGTTTTAAAGAAAGAGGTTCAACCCAACGCTTCCTGCTCTTTGTTGCCGGGTTTTGACTTAGACCCACTAGGCCTGCAACCCGGCGTCGCGATCAGAACGCGTTGGACTTGAATAAAATTCATACACCAAAGATCAACACGCCCTAATTGGCTACAGAATTTTTTATCCCTGAGCTTATTTCATTCCGGTTTGTAAATATTTCGCTGCGCTAATCAAAATATCAGATAAATGTTCAGCACAATTTTGTATAAATTCATTAAAAACAAATTGTTAAAGAGGTTGTTCGTTCGTTTGTTCGGGATTGGCTTGCTTTATGCTCTGTCCATTGTGTCGTTGTTACTAATGGTTAAACGGATGGAGGAAATATGAAAAATTTATTGATTGTCACCATGTTAGGATTGGGTTCATTTGCTGTTGGTGCAAGTTCTGCGGCCGAGAAAATGGAAATTTCGTTAAATAATGTTGAGACAGGTAAATCAATAGGACAAATTGAAGTTACTGTAGCCGAGCAAGGTGGTTTGGTGTTTACCCCCAAATTGAGCGGACTTTCAGCGGGTTTGCATGGCTTCCATATTCATGAAAAACCAAGCTGCGATGCCGCCACGCAAGACGGTGAAAAAGTATTGGCCGGTGCCGCTGGCAGTCACTTTGACCCGGATGAAACGAAACAACACAGTTTTCCCTGGTCTGAAGAAGGCCATGCCGGAGATTTACCCGCGCTTTATGTGGCAGATGACGGAACCGCTACTCATCCGGTTTATGCTCCTTTGCTGGATATCGAAGACATACGTGGTCATGCAATTATGATCCATGCCAAAGGCGATAACTATGCCGATTCGCCAGAAAAACTGGGAGGTGGAGGCTCAAGAGTCGCCTGTGGTGTTATTCCGGAATCGGATGAGTCCCTGCCGTTATTGAATAATCTGGGGTAAAGTATTCAATCCAGCCGCTGGACGCATGCATTGTATGCGTCGTATGCGTCCATTTGGCGACAGGACTGATAGGTCACACACTGTTTTCACATTGTGCCAGCAGTGCCAGACTATGTAATCTGGCCTCAATATCGTAAATGGGCATTGAGACTATTACTTCATCTACGCCAGTGGCAGCCACAAAACGCTTGAGTTTGTCTTTTACTGTGGCAGGGCTGCCTACCAGCGCATATTGCAAGGTATGGTTTACCATCACGCGTTCCGCTTCAGACCAGAGCCCTTGCATAGAGTCCACCGGAGGCTGGAAAGGTTGATTGGCACCGCGGCGCAAATTAATAAATTGCTGTTGTACTGAACTGAATAAATAATTCGCCTGTTCATCGGAGTCGGCCACTACTGCCATTAATCCGGCTGAAACATAAGACTTGTCGCTTTGCATTGAGGGCTTAAAACCGTCGCGATAAAGACTAATGGCATCCAGTAACTGATCCGGGGCAAAATGCGACGCAAAAGAATAGGGCAATCCCATCTGGGCCGCCAGTTGAGCGCTGTACAGGCTTGACCCTAGTAGCCATAGAGGAATATTACTGTTTTGCCCGGGTACCGCGATGATTTTCTGCTCAGTTTGCGTGGGGCCCAGAAATAATTGCAATTCACGAATATTCTGCGGATATTCCTCGACGCTGGCATCCATATTACGCCTAAGTGCTCTGGCGGTGGCCATATCGGTTCCCGGCGCGCGACCCAGCCCCAAATCAATTCGGCCGGGATAAAGTGCGTCTAATGTGCCAAATTGCTCGGCAATAATCAGGGGGGAATGATTGGGCAGCATAATTCCACCAGAGCCGACTCGGATACTGTTGGTTGCCGCGGCGATATGACTGATGGCCAATGCGGTGGCAGAGCTGGCTACTCCCTGCATGCCATGATGTTCAGCCAGCCAAATACGTTTATAGCCATACTTTTCTGCGGCAATTGCCATGTTGCGGCTATTGTCCAGTGCTGCGGTAATATTGCCACCTTGGCAAATTGGAGCGAGATCAAGTAAAGAAAGAGGGGGCATATTGTGCTCAGTTCTTGCAATCAGATACCGGTTAACTTGGGGACGGGAAAGCGGGATTGCAAGGCTTCTGGACTAGTCCACTACAAC
NZ_CP150481.1_gap46	1528150	1529963	1813	CGTGACGTCACTGATTTATTTTTGGGCACCGGTCTGGGCCCGCGTAGTTATGCGATTATCGAACAAGGCATGATCTCGCGGCTGATCGAATCAAAACCGCAAGAATTACGCATCTTTATCGAAGAGGCGGCCGGTATTTCCAAATATAAAGAACGTCGTCGTGAAACCGAAAATCGCATTCGCCATACCAAGGACAACCTGGAGCGGTTGGCTGATGTGCGCGGTGAGCTGGGTCAGCAGTTGGAAAAACTGCAACGCCAGGCTTCTGCCGCCAAGCGTTATCGGGATCTTAAGGCGCAGGAACGTGAACTCAAGGGGCAGTTGGCTGCCTTGCGCTGGATCAAATACAGCGATCTGATCGAATCACTGGAAAGCCAGATTGAGCAGGTTGAAAATCAGTTACAGGCCTTTATCGCCGAGCAACGCGGTAGTGAAAAAGGCATGTTAAGTTATCAGGACAAACAGCAGGACTTGAAGCAACAACTGGATGACTTACAACAGCAGATGTTCAAATTGGGTAACGATATAACTCGCCTCGAACAAAGCCAGATCCATCATAAAGTGCGGAGCCAGCAAATTCGTCAGGAGTTGCAAAAACTGGATGACGATATCCAGGAGCATCAGCAACATTATCAGCAGGAAATGGATCTGCTGGAAGAGCTGCAAGCTCAACTGGATATGTTACAACCTGATGCTGAGGTGCTTGAACAGCAACTGGAACAAGCAGTGATGCAGCTTGAAACGCAGGAACAGCAATTTGAGCAGCAGCAGAACAATTGGCGTCAACAAGAACAGCAATTGCAGCAACAACAGCAACAGCAGCAATTGCTGGAGGGTAAACAGCAGTCGTTGCAGTCCATGCAGGCGCGCAGCCGTGAACGTTTGGCTGAACTGGACAGTGAGCTTAGTGGCTTGTCCGACAATGAAGATAACCAACAGCTAAGTGACCTGGAGCAACAAGTCGAGCGGGCCGAACAGCAATATCAGCAGACTAAACAGCAACTTGAACAGGATAATCAGCAAGCTGAAATAGAGCAGACTGCGCTTAAAACAGCTGAAAATAATTTATTGGAACTGACCGGCAGACAACAAAAACTGGAAGCCGAGAGCGCCTCTTTAACCGTGTTGCAGGCCAGTGGCCAATCAGATAAAAAACTGCAACAGTGGTTGTCTGAGCAGCAAATTGACCATCAACCTTTGTGGCAATATTTGCAGGTGCAAAGCGGCTGGCAAATTGCAGTTGAAACGGCTTTACAACACTGGTTGCAAAATAGTTTGCTGGAGCAGCAATGCGATTTGCCGGATATTGTCGGTAGCAGATTATTATTTGCCGACAGATTAACCTCGGCTAAACCAGCAGGTAGCTTGGCCGCGAAGCTGGATAATCGGACTGTTCCTGAACAGCTTTGTCAAATACAGGTAACCGACAGTATTGAGCTGGCCAATCAGATGGTTCTTCAGGCAGGCCAGTCGGTGATAACTCGCGAAGGATATTGGCGAGGGGCCGATTGGGCGATATTGGGTAGCCAGAGTGAACACAATGGCATGCTTGAACGGGCACAAAAGCTGGAGCTAAACCAGCAGCAACAAGCAGAACTGGCTCAGCAGCGTCAAGTGCTGCAACAAGAGGTGGAAATGCGTCAGCAGACAGTCACACAACAACGTGACGCGATGCAGCTGGCCCAATCGCTTTTGCAGGAGCAATATGAAGCTGCTGGCACCTTGCGTAGTCAATTTCTGGTTGCCGAGCAGCGCCAGCAGCAAACTCGCCAGCGTCAGGATAGATTGCAATCAGAAAGATTGCGGGTTGAAC
NZ_CP150481.1_gap47	1558610	1561475	2865	GAACAAATCGCCAATGTTGTTGATGGTAAAACGATTGAAATTATGGTGTTTTTTGGCTGGACGGCTCAGGATGACTGGAAAAAAATTGCCCGACAGGCGTTTGAGAAATACCCGTCACCTATATTGAAATTGCTGATTTTAAAAGATCATAACGGTATGCGTATTCAGGTGCGACGTTCAGCGTTAAACCAGCTCGATACGGAACAACAACAGCAGTTTCAGCAGCGTTTGTTAGCTTTTACGCGAAATGTGTGGCGACATGGAGGCTCACAGCGTCGTCAGCGCTGGGATTTGGCGATTCTGGTTAATCCTGATGAACCTCATCCGCCGAGCGATAAAGAGGCCATCAAACAGTTTATCAAGGCGGCCGCTAAAGAAGGCATCCACGCAGAAACAGTGAGTGCCGTTCGATTTAGTCAGATTGCACAATATGATGCCTTATTTATCCGCGAAACGACGGCAATCGATCACCACACCTACAGGTTGGCGCGCAAGGCTGAACAGGAAGGTCTGGTGGTCATTGATGATTACACTTCAATATTGCGTTGTTGCAACAAGGTTTTCTTGCATGATGCGTTTAGCTATAACAAGGTACCTTCACTGAAAACCAAAGTGATTATAGGCAGTAGCGACAAAGAGTTGGATTATATCGAACAGGAATTCAGCTATCCGATTGTACTTAAAATGCCTGAGGGCTCGTTTTCAAAAGGTGTGTTTAAAGTGGATGATCGCACCGAGCTTAAAAGTAAGCTGGACGAATTATTGCTCAGCACCGCTTTGGTGCTGGTTCAGGAGTTCCTGTATACCGATTTTGACTGGCGTATCGGCGTGCTAAACGGTCGGGCGATTTATGCCTGCCGCTATCATATGGCACGCAAGCATTGGCAGATTTATAATCATGGCGCAAAACGTTTCTCGGCAGGCGGATTTGAAACTTTACCGACTTTTGAGGTGCCCAAAGCTGTTTTGGATGCAGCTCTGAGTGCTTGTAGTATTATTGGTCGCGGGTTGTATGGGGTGGATATCAAACAAAAAGGCAATCAGGTTTACGTGATTGAAGTGAACGATAATCCCAGCATCGATAGTAAAGTAGAAGATGCGTATTTGGGCAATGAGCTATATAAAATTATTATGCAAGAATTTGCCCATCGACTTGAACAGCGTGGACGCGAAAAATAATCATGAGTATCCGCCTGGCAAGGCTGAATGATGCCCAGGAATTGGATGATATTGAGCAGCATAGCTTTTCCACTGACCAGATTCCTCTGCGGCAAATGCGTTACTTGCTTGATAAAGCAAAAGCGAAAACCTGGGTGCTGGAAAGAGACAACAAATTGGCGGGTTATTGCATGGTGTTGTTACCCCAGTTACCCAGACCGGCGAGACTGTATTCCATTGCTGTATTATCTGAGTATCGAGGTATGGGGGTCGCCAACCGGCTGATCGAAACAATGCTAGCTGATATTAAACTATGCGGTTATACCAGAGTACGACTGGAAGTGAGGGCTAGTCAGCATAAAGTGCAGGCGTTGTATCAAAAATTTGGTTTCAATCCTGTTGAGCAGATTAGCGGTTATTACGCTGACGGAGAAGATGCTTTTCGCATGGAAAGGCCGCTTTAGGCGGCGTAAATCATCAGGCTATGTTGTTACAACATAGCCTGAATTTCCTGGGCTCCAAACATCACAATCTCGATCGCAATTAAAATGATGATTATCCATTCCAGAAAAGCGGAATGTTGATGTTTTTGCTCATCAGCCAGCATACCGAATAGCTCGTGGATGGTAGACAGTTTTTTTGACAGTATTTCTACCCGTGGATGGATCTCCAGGTAACGCGCCGCGACATTGTAAATGGCTTCATACTCTGGATATTCCCAAAAAAAGTTGGGGGTATCCAGTAATTCATAGTGCAGGATAATATCGCTTTTGGTGCTGAATAGATTACCCCGTATTTTGGCTATTTCCTGACGACTGAGTTTGATTTTACCCGTCTCGGCTAAAGCATGGGGTAGATGTGCGTATGCTTGAATCGTCTGCTGAGCTTGAGATTCGTACTCGTTTAGCTTTAACGACTGAGCTAATGCATGGCTAATTGCCAGGCGACTTAGTACATCATCATCAGCGAGCACAATTTTATCCTGACTAATGCGCAATTCACTACCGCCGGTGACAAAACGGAAATGCTCCTGATTGTCGGAATGGAGCTGATGATTTTCCAGTTGTAAACGGTTAAGCAATGCCATTCTTTCGTCTTCGGTGACGGCCCAGAAAATGATGACTCCATAATCAAAAATCCAAGCTTCACCATCGGGTAGAGCAATGTGGGCTGCATCCCGATAACGTACACCCCGTTCATTATTTAACAACTCGAGTTGTTCGGAGCCGCTAACAAAAATATCGCCTAAATTGAAGGCGGAAACCCGGTCGTTAATAAACTTCATGGCGTGTTCCAAAACATAGGTGAGATTGCCTATACAATAATCCGCAGTTGCCTAACTGTCGATAGGACGTACAGATCAAACTAGAGTATTTTTTCTTTTGATACACAAGAGTATCCTTGTGCTACCCGTGAAGTGGTATTTAAATATGAGTGACGCAGCATTGAATAGAAAAATTGACATCAGGAATGCCCATCTTGACCATCTGGATATGCTGGTTAAGCTGGAAGAACAATGTTTCGTGACTGATCGATTGAGCCGCCGGAGCTTAAGGCGCTTTTTAAATAGCGAACAGGTGGTTTTTTTAGTTGCGTTGAAAGACGGGATTTGTATTGGTTATTTGCTGATTATCTTTCATCGAGGCACCAGTCTAGCACGACTTTATTCAATCGCTATAGATGAGCAATATAGAAGAAAAGGGATTG
NZ_CP150481.1_gap48	1595992	1597971	1979	TAGGCTGCAGCGCTTTGATATCGTCCAGATTGCCAATGCCACCGGAAGCTTGCCATTCAATAGTGGGAAACTGGGTGGTCATTTCAGTATAAAGCTGCTTGTTGGAACCCTGTAACGTGCCATCACGGCTGATGTCGGTGCACAATACATGTTTGGCACCCACAGTTAAAAAGTCTTCCAGTAATACTTCCAGCGCCACGCCGCTGTTTTGTTGCCAGCCGTGAGTGGCAATGTGTTTGTTGCCTTGCTCGTCAATATTCACATCCAGCGCCAGGACAATTTTTTCCGCGCCGTATTTTTCTATCCAGCTTTTAACCAGTTCCGGCTGTTTAACCGCCACCGAGCCAATGACTACGCGGCTAATTCCCACATCCAGTAATTGGATCACATCTTGTTCATCACGTACGCCACCACCGGCCTGAAATTGCATTTTACCGGTAGCCACCATGCGGCCGATCAAATCTAACTGGCGTTTGCTGGTATCTTTGGCACCGGTTAAATCGACGATATGCAGCCATTTTGCGCCTTCGCCGGCGTATTGATTGACCACTTCAATAGGGTCGAATTGATATTCAGTTTTCTGGCCGTAATCACCTTGATACAGGCGTACGACTTTGCCGTCTATTAAATCTATGGCAGGAATAATCATCTACTTGCTTCTCTATACTCAGGTGTTTTCAATAAAATTTTGCAATAATTTTGCTCCGGCATCGCTGGAACGTTCAGGGTGAAATTGCACCCCGTAAAAATTGTCTTGGCCGATACTGGCCGAAAAGGCCGTACCATAATCACAGCTTGCCAGTGTCACATCACTTACCGGTGCGGCAAAACCGTGCACAAAATAGAAATAGCTGCCATCGGCGATCCCCGCAAACAAAGGATTATCTTGGCTGACGTTAATCTGGTTCCAGCCCATGTGGGGTAAACGCAGTTCACCGACTTGCATTTTTTGCACTTCGGTATCAATTAAACCCAGACAATCCACATTGCCTTCTTGCGAATGGCGGGTCATTAACTGCATGCCTAAACAGATCCCCAAAACAGGCTGTTTAAGTTGCTGAATCACCGTTACTAAGCCCTTTTGCCGAATTTGCGCCATCGCTGCATTGGCCGAACCCACACCGGGCAAAAAGACCTTGTCGGCTTGCTGGATCACCTCGGCGCTATCCGATACCTGTACCTGATAACCCAACCGTTCTATGGCAAATCGTACCGATGAAATATTGGCGCAGCCGGTGTTGACAATCACCAGTTGCATTACAGTGCCCCTTTACTGGAAGGCAATACATCGCCTTTCACCTGAATGGCTTGACGCAGTGCACGGCCAAATACTTTAAACAGGCTTTCTACCTGATGATGGGCATTACCTTCGGTGGTGGACAAGTGCAGGGAAATGCCCATGCTATCGGATAACGAACGGAAGAAATGACCAATCATCTGTACCGACATTTCGCCCACCCGTTCCTGAGTAAACTCGGCATCGAATTTCAGCCACGGGCGGGCGGATATATCCAGCACACATTCGGCGCGGCATTCATCCATTGGCAAGGCAAAGCCAAAACGCCCGATTCCGCGTTTGTTACCCAGTGCTTTACGCAAGGTTTCACCCAGTGCCAGCGCGGTATCTTCTACCGAATGGTGTTCATCAATATGTAAGTCACCGTCTACTTTTATGGTCATATTAAAGCCGCCGTGGGTGGCGATTTGATCGAGCATATGATCAAAAAAGCCAATGCCGGTGCTGATGTCAGATTTAGTGCTGGAATCCAAATCCACTTTAACCAGAATATCCGTCTCCGAGGTTTTACGGTGTACTTCGGCGGTGCGGTTTTGGCCGGTCAACTGCTTTTCTATCGCCGTCCAGTTATTGGCTGCGCGATCATATAAAATGCCCTGAATACCCATGTTGTCGGCCAGTTGCATATCGGTTTGACGATCGCCAATCACAAAGGAGCGGCCAAAATCGACTTTGCCCTGTT
NZ_CP150481.1_gap49	1773970	1774489	519	GGCAATGACTTCGCAATGTCGGGTCATCCGGCTGATATGCTGTTTTGCAGCCTCATCAAGATTCAAAAAGTCACTTAAAATGAAAATCAGACTGCCCGGTCTGGCTAAACGCCTGACTCGTGCACAAGCTTCAGAAAAACGGTATTGCTGTTGATTGTTGCCTGGTTGATGAAATTCCATCAAACCATGTAAAAAAGACAACACCGCTTTGTGACGGGTATAAGGTTTGAATTCACGGTGCTGGTTGTGGTTGAAAATTAATCCGCCAACTCGATCGCCGCGTTTTTGCGCCGACCAGGCAATCAGCGAGGCAATATGCGCCACTTGTACCGATTTAAACAACAAACGGGTGCCAAAATACATACTCGCTGACATATCGGCAAGAATAAACACCGGCCGTTCCTTTTCTTCCCGATACACTTTGGTGTGGGTTTTGCCTGTTCTTGCCGTTACTCGCCAGTCAATCGCACGGATATCATCACCCTGCTGATAATGACGGGCTTCGTCAAACTCCATGCC
NZ_CP150481.1_gap50	1941899	1942783	884	CAAATTCGTTATAGTGCGCGCTATTGTGTTCATATTAAACTGGACTCAGCCAAAAAACACCCCAAAGCGGGTGTTTTATCTTTTGAACTATTTATATGACAAGTGGCACCTGGTTTGTGTCACCACTGTTTAGGACATAACATGCCTTTAATTACACTTCCCGATGGCAGCCAACGCCAATTTTCTGAATCTGTTTCTGTACTCGACGTAGCCAACGATATTGGTCCTGGTCTAGCCAAAGCGACCATTGCCGGAAAAGTGGATGGTCAACTGGTCGATGCCTGCGATTTAATTGAGCAGGACGCGACGCTACAAATTATTACTGCCCGGGATGAAGACGGACTGGAGATTATACGTCACTCTTGCGCGCACTTGTTGGGGCATGCAATTAAACAGTTATGGCCTGATACCAAAATGGCAATTGGCCCGGTTATTGATAACGGTTTCTACTATGACATTGATATTGATCGCCCGATATCGCAGGACGATATAGACGCGCTGGAAAAGCGCATGAAAGCACTGGCCAAAACTAATTATGACGTAATTAAAAAAGTGGTGAGCTGGCAGCAGGCCCGCGATACCTTTGCCAGCCGCGGTGAAACCTATAAAATTGAAATTCTGGATGACAATATCGACAAAGGTGATCATCCAGGCTTGTATCACCACGAAGAATACATCGATATGTGCCGTGGTCCGCATGTACCTAATATGCGTTTTTGCCAGCATTTTAAATTGATGAAAGTGGCAGGGGCCTACTGGCGTGGTAACAGTGACAATAAAATGTTGCAACGTATTTACGGTACAGCCTGGGCGGATAAAAAGCAGCTTTCTGCCTATTTAACCCGTTTAGAAGAAGCTGAAAAACGCGATCATCGAAAAATTGG
NZ_CP150481.1_gap51	1944242	1948342	4100	AAAGCAAATTCAGGTCAAGGAGGTGAAATTCCGCCCTGGCACGGATGAAGGCGATTACCAGGTAAAACTGCGCAACCTGCGTCGCTTTCTTGAAGGAGGTGATAAAGCCAAAGTCACAATCCGCTTCCGCGGACGTGAAATGGCACACCAGGAGATCGGCATTGAGCAACTGAATCGGGTTAAATCTGATTTGGAAGACATTGCCAACTGCGAATCTTTCCCGAATAGGGTTGAAGGTCGTCAGATGATCATGGTGTTAGCTCCTATAAAGCGGTAGTTAAGGTTTACAAGTAACAGCTCATCACTGTTCACCTTGCTATCATGTTGAAACTATGAGGGTATTTAACCCTTTACTTTAAAAATGCGGAGTTTTAGCAATGTCTAAAATGAAATCCCACAGCGGTGCCGCGAAGCGTTTTAAAAAATCAGCTTCCGGTCGCTTTAAAACCAAACAGTCTCACTTGCGTCACATTCTGACCAAGAAGAGTTCTAAGCGTAAACGTCACTTACGTGGCAAAAAATTGGCCCATGATTCGGATACAGCGTTGATCCAACGCATGTTGCCGTACGCTTAAACTTTGAGGAGATTGAATAATGGCTAGAGTTACAAGGGGCGTTGTTGCCCGTGCTCGTCACAAAAAAGTATTAAAACAGGCTAAAGGTTATTACGGTGCTCGTAGTCGTGTTTACCGTGTTGCTGTTCAGGCAGTAACTAAAGCTGGTCAATATGCATATCGTGACCGTCGTCAGCGTAAGCGTCAATTCCGTCAATTGTGGATTGCTCGTATTAATGCTGCGGCACGTCAAAATGGTTTGTCATACAGCCGTTTCATCAACGGTCTGAAAAAAGCGTCTGTCGAAATCGATCGTAAGATCCTGGCTGACATCGCAGTACATGATAAAACAGCATTCAGCGCATTAGTCGAAGCGGCTAAAGGTGCATTGGCTTAATTAACTATTAATTAATTAAGTTTAAGTTCTTTCGGAAAACGGGAAGCAGGATGCTTCCCGTTTTTCGTTTCTGCGCAGTAATCAAACAGCTTTTCCGCGCATTTATCGTTGCAGAACCTTATCTGTTCATTAAGATCCGGTTAATTGTTGAAAAATGAGTAATTTATTGCCGCAAAACTGGCGGATAAATGGCTATTTCGTGTAAAATCGCTGTCTTTTATTTATGGCCCCGTGTGGCCAGCGTATCGCAATTCCTGTTGGAGAAATAATGGACTTAATTGCCATAATCAAACAAGCCGAAGAACAGATTAATAGTGCCTCGCAGCCTACCGAGCTGGATGCGGTTCGAGTCGAATATCTGGGTAAAAAAGGTAAGTTGACCGAATTGCTGAAAGGATTGGGTAAATTATCCAATGAAGAGCGCCCGGCAGCAGGTCAAAAAATTAATCAGGCCAAACAGCAAATTCAGCAGGTAATTCATCTACGTGGTGAAGAGTTGAAAGCTGCTGAGCTGGACGCCAAGTTGGCGGCAGAAACCATTGATGTCAGCCTTCCCGGACGTAGTATCGAGATGGGCGGATTGCACCCTGTTACCCGCACCATTGAGCGGATGGAAAACTTTTTCGCCGAGATTGGTTTTAGCGTTAAAACTGGCCCGGAAGTGGAGGATGGTTTTCATAATTTTGATGCCTTGAATATTCCGGCTCATCACCCGGCCCGTGCTGATCATGATACTTTTTATTTTAATCCCGACCTGATGCTACGTACGCAAACCTCCGGCGTGCAAATCCGTACCATGGAAACGGAACAACCCCCGTTACGGATTATTTCTCCCGGACGAGTATACCGTAATGATTATGATCAGACGCATACACCGATGTTTCATCAGGTTGAAGGTTTGATGGTGGACAAAAATGTCAACTTTGCCGAACTCAAAGGCATATTACATGACTTTTTGAATCATTTTTTTGAGCGTGAGCTGGAAGTGCGTTTCCGCCCATCCTACTTCCCTTTTACAGAGCCTTCAGCTGAAGTGGATGTAATGCAGGAAAATGGTAAATGGCTGGAAGTCCTGGGTTGTGGAATGGTACACCCTAATGTGCTTAAGGCAGTTAATATCGATCCGGAAGTGTACACCGGTTTTGCTTTTGGTATTGGCGTCGAGCGACTTACCATGATCCGTTATGGCGTCAATGATCTGCGTTCATTCTTCGAAAATGATTTACGTTTTATCAAACAGTTCAAGTAAGGGCAATTGACAATGAAATTCAGTGAAAAGTGGTTAAGAGAGTGGGTTAATCCTGCAGTATCTTCTGAACAACTTGCCCATCAAATTACCATGGCCGGACTGGAAGTTGACAGTGTCGAACCGGTTGCGGGCGAATTTAGCGGGGTAGTGATCGGTGAAGTGGTTGAATGTGGCCAGCATCCCGATGCGGATAAGTTACGCGTAACTAAAATTGATGTGGGGCAGGATGAACTGCTGGATATCGTATGTGGTGCGCCCAATTGTCGACAAGGCTTAAAAGTCGCAGTTGCTATGGTAGGGGCTGTTTTACCGGGCAACTTCAAGATTAAAAAAGCTAAACTGCGTGGTCAACCTTCTTTTGGCATGTTGTGCTCCAATTCGGAACTACAATTATCTGATGATCACGACGGCATTATTGAATTGCCGCAAGATGCGCCGTTAGGTCAGGATATTCGCGAATATCTGCAACTGGACGATGTCACAATCGAAGTCGATTTGACCCCGAACAGGGCTGATTGTCTGGGTATTCGAGGATTGGCGCGTGAAGTTGGGGTATTGAACCAGGCTCAGGTCACAGAACCAGAGATACAGTCGATAGCGGCCAGTATTGATGATAAGCGTGATATTACCTTGTCTGCACCCGAGGCGTGCCCCCGTTATCTTGGCAGGGTTATTAAAGGGATTAACCTGAACACGGCAACCCCGTTATGGTTAAAGGAAAAATTGCGTCGATGTGGCGTGCGCAGTATTGACCCGGTGGTGGATGTGACCAATTTTGTGTTGCTGGAAATGGGTCACCCTATGCATGCGTTTGACTTGTCTGCAATTGATGGGGGAATTAATGTCCGGTTGGCCAATGATAAAGAGAAACTGGTTTTACTGGATGGTAATGAAGTTGAGCTGAACGCTGATACTTTGGTTATTGCCGATGACAACAAAGCGTTAGCCATGGCAGGCGTATTTGGCGGATTACATTCGGGTGTGACGTCGGAGAGTTCGGATATTTTTCTGGAAAGTGCCTTTTTTGCACCTTTGGCAATTACCGGCCGTGCCCGTCAATATGGTTTGCATACCGATGCATCCCATCGCTACGAGCGCGGGGTTGATCCGCAATTGCAACGTACTGCAATGGAACGCGCTACAGCGTTACTACTGGATATTGTTGGTGGTCAGGCTGGTCCTATTGTTGAAGCAGTGGATGAAAAGCATATTCCACAGACTGCCAGTGTAAAATTGCGTCAATCGCGCTTAACCCGTCTGCTTGGGGTGAAAATCGATGACGGGCAGGTGACCGACATTCTGCAACGCCTAGGGCTGGAAGTGGCGCAAAACCGGATTGATAACGATCTGGAATGGCATGTTAACGTGCCTAGTTATAGATTCGATATCAGCATTGAAGAAGATCTGATTGAAGAAGTCGCACGGGTATACGGTTATAACAATATTGCCGATCAGGCTCCGTTAGCGCATTTACATCTGTCTGGTCGCCGAGAAGCTGAGTTACCGCTGAGCAGTCTGAAGCAGACGCTAGTGAATCGTGGTTATCAGGAAGCTATTACCTATTCGTTTGTTGATCCCGCAGTGCAATCGGCATTGTTCCCGGATCTAGCCGGGCTGGTGTTACCGCATCCTATCGCATCTGATATGTCGGTGATGCGGGTCAGTTTATGGACTGGATTGTTACAAGCCGTTTCATATAACCAAAAACGCCAGCAAGGACGTATTCGCTTGTTCGAGACGGGACTGCGTTTTATTCCTGATCAGGAGGCCGAGAATGGCGTACGTCAGGAATCCATGATTGCCGGTGTTATTGCCGGCAGCCGTTATGGTGAACATTGGGATCTGGCATCCGAGTCGGTTGATTTTTATGATATTAAAGGGGATGTCGAGATGCTGTTGG
NZ_CP150481.1_gap52	1958829	1963095	4266	ACGCTGGTAGGGAGAACGATGGTCATTTTCACGGTTTGGGTTATTTTCAAAGCAGCGCTCAGTCCATACCGGTGACATCATTGTAATTCCTCCTGAGTTATTTCATCCAGGCTGAGCGAAAAGCTCGGCATATACATCTGCATAAAGTAATTGACTTCATCAGACTCGTAAGCCTGGATGATTTTATCCAAACGTTTTTTGGCCAAATCAAACTCCTGATTACCGGCGGCCAATTCTTCCAGGGTTTTGAGATAAGCACAGATGACATCGGCAGCTTTGACCAGAAAACATTCGTCTTCACTGTGATGCTGCGCATCGATCAGCTCGGCATAATCTTGTCTGAAATCTTCCGGTGCCATCTCGATCAGTTTCTGTTCCGCCAGTTTCTCAATTTTTTTATATTCCTGCTGGATAGCCGGGTTGGAATATTTGACCGGGGTAGGGAGGTCACCGGTCAGCACTTCGGATACATCATGAAACAGGGCAATAGTGGCTACCTTGTAAGGATCTACCTGTCCGTCAAAATAACGGTTTTTAATCAGGCCCAAAGCATGGGCAACCATGGCGACCTGCAAGCTGTGTTCCTGGACATTTTCAGTGTTGACATTACGCATAAGTGGCCAGCGATTAATCAGTTTCATTCGGGCAAGATGGGCAAAAAAGTGGCTTCCGGAAGTATTGTTGGGCATTTTTAGGTCTAATTGTTGAAATTAGCTACAGGTTAATACAGTCAGCCTTGACTGTTAAGTCACAACTTGTCTATGTCACAACAATTTACATTGTTTAACTTGTCACAGCAGTGGACCTTGTTAAAACTGAAACAAAATATTGAACGAGAACATTATGCCAATACCCTTGCTGTGGTTGGGGGCCGGGCTGGGCAGTCTGGCTTTGGGCCACCATATACATAAAGAGCAACAGCGCAGCCGGTATACCGTTGGTTATTTCCCGGGGGAAGATCACCTTATGGTGACACCGCGAAATGGTTCGGTGGTCTGTTGTGGTATTTATGGTGTCTTTGAGCATTCAGGAATTTGGTTTGATGATCAGATTATTGAACTTAAGGGCAACGGTTTGATTAGAGCTATTTCACCTGCGCGCTTTTTAGCCAATCGCAGTGGTGAACGCATTTTTGTCGCCTGCGACGCACAAAAACAACCCCTGCTTGAGCGGCAATGTGCCAATCGCGCGGTTGCGCGGATTTTCAACTACGACCGTTATGATTTATTCCAGAACAATTGTCATCGTTTTACCTGGCAGTGTGTCAGCGGGCAATCGACAAAAGTGACCCAGTTTTCGGATTTAAATGACAAATTATCCGAGCTGTTCTCGACGCCAGTACATTGGCAACCGGCAGAAGTGAATTTTTAATAGTTCCTGGAAGTATCAAGCTATCCTTTAAGACCATTTACGCATATACATGCCAATAATCCGCTTTGCGGCATAAGCTTATACTGGTAACAACCAGTAGAGGTAACTGTTATGCAATATCAATTTTTGCTCAATAACCTGAAAAACAGTGATCAGATTCAAAATGAAATTGTGAGTCTGGGCGTAGCCGCCGACAACATCCATTTTGTCAGTGAACGCAGTGAGGACTTTGCCGGTCATCAGGTTAAAGAAGCGTCAATCATCGAAGAACGTGATGTGGTGCACAAGATAGTTAGAGGCGCGATTGTCGGGATGCTGTTAGGAGTGGTGTTTTCCACCGCAATCTACTATTTACAACCTTACGGATGGCAAATAAAAATGGTCAACTCGATTTTTATTTTGTTTCTGTTAACCGGGTTTGGTGGCTGGATTGGTGGTCTGGTGGGACTGAGTCATCGTAATTATCGTATTACCAATCTGGAAAAAGAATTACAGCAAGGCAAGGCGATCATGTTGGTATATACCGACGAAGCGCATGCCGGTCAAATCAAGCAGATTATCGCCGAACACCACCCCGATGCGGCGTTTGTAGGACAAGATGGGACTTTTGATAATCCGTTGCGTAACGTCAAAACGAGTAACATCAAGCTCGAGCATTAGCGATGCCACAGCCTTATACGCGTTCGTCTAAGCGAAACTTGGGGCAAAATTCGGTGGCCCGTATTTTGCCTTGTAAGAAACTGGATATCGCCGATCCAATCAAATGGCTGGCGCTTGGCTGGCAGGATTTAACCAGAGCCCCCCGGATTAGCCTGTTCTTCGGGGTGTTCTTCGTTATTGCTCCCTGGAGTATTGTCTATCTGGTGTCGTTAACCGGCTGGTATCTGGTTATTTTCCCGGCCCTGATCGGTTTTATGTTGATTGGGCCTTTTCTGGCTGCAGGTTTATATGACGTGAGCCGCGAGTTTAGCAAAGGTCGCCATCCTCAGTTGCTACATTGCGTCAAGGCAATTAACCGTAATGCAATAAATGAATGGGCATTCGGATTTTTACTGATGGTCATTATGGTTTTCTGGTTAAAATTAGCCTCGATTATTCATACTGTTTATCCTCCTTATCTGAATGAAAACTTGCATAATCTGATGCCTTTCTTACTTGTTGGAACTATTGTAGGAATCAGTTTTACTACGCTGGTATTTTGCATCAGCGTGTTTACTCAACCAATTCTAATGGCAAGGCAAGTGGATTTGGCTACCGCAGTATTAACCAGCATGAATACGGTGTGGCAAAATAAATTACCCATGTTTATATGGGCCTGCACTATTTGTATGAGTGTGGGGATCGGCTTTGTAACCGGATTTATCGGTTTTATGCTGCTAATGCCATTAATAGGTTATGCCAGCTGGCACGGTTATAGGGATGCGCTAGAAAATGTGGCTGATCTGGCCTAATTTTCAGCATCCAGAATGCGGATTGAAATCGATGCCGCGCTAGTACGGTTATCCACCCCCAACTTTTTGTAGATTTGCTCCAGATGTTTGTTGACCGTGCGTGGGCTCATTTCCAATATCTGTGAAATTTCCCAGCTGGTTTTGCCGTAAGATACCCAAAATAACACCTCGGATTCGCGTTTGGTGATGGGTAACTGTTGCTGCAAATGTTCGGCGGTTTTTTGTTGCTTAACTTCCGTTATACGCAACAAGTGCTTGTCCTGCTGTTGACGTACGTAGGAGAGATTGAGAGGGGAACTAAAACAGTCGAATTGCAGATTTTGTGTATGATCCGTGGCCAGCCAAATGGCCAGTTTATCTGCAATGGTAGCCCAGGGACTGTTGACGTCGTCGGCAATATTGTCAATTAATTTATGCACATAGGGTGTCGCCCAGGACAAACGCCCATGTTGATTGACACAGAATACTTTGTTACCGGCGTGATCCAGTGCATCCTGTGCACTCAGTGCCAGTTTCGCCGTTTCGATATGGGTTTTAATCCGTGCAATGACTTCGTCGGGTGAAATCGGTTTGGTGACATAGTCAATCGCACCTGCCTCGAACCCTTTGACAATGTCTTCAACATCACTCAGGCCGGTCATAAAAATAATTGGAGTATTAGGCAGTTGCTGTTTGAGTTTATGGCATGTTTCAAAACCATCCATGTGCGGCATAACTGCGTCCAGCAGCACAATATCTGGCTGTACCTTGTCTACGATGGCCAGAGCCTGGGCGCCGTTAAGTGCGACCAGTGCGGTGTAACCCTGATTATCTAACGCGATATTAAGCATGCCCAAAGATTCGGGGGAATCATCCACCACCAGCACTACACCGTTTAATTTAGTGCTCATCATTTAGCTCGTTTAAATATTGAATAATTTGCGGAAAATGGCATAACTCAACATATTCCAGTATTTGTGCTTCGACCCCGGCCGGAAACTGATATTGTTGTTTGATCTGGTTAAATTTGTCTTTAAATCCGGATAAATAACCGATTTCAGCCAAGGCGATTAACGACAGGTATTGTTCACCGGTGACGAGGGCTCTGTTGGCAGGAGTACTAGCCGTATTCGATGGTTTCGCTTGTTTATTCGCATATTGCCATTCTATTGCCAATAATTCGCCAATCTTTCCCAACAGCGCATCTAGGTTGACTGGCTTGGCAATATAACCGTTGTGAAATCCTTCGGCAGCCAGATTGAAATCGGTGTCACGGGCATTGGCAGAAACCATTAACACTGGCAGGGTGTAAGCCAGCTCACGCAATTGTTTGACCATTTGCCAGCCATCGATATGTGGCATACGGACATCCAGAATAATCAAATCAACAGGGTTATCTTGCAGTGTGGTCAATCCGGCGTTGGCACTTTCGGCCTGCAGCACGCTAAACCCTAACGGCTGAAGT
NZ_CP150481.1_gap53	1981839	1985104	3265	AGATCGGCAGCCGATTTAATCAGGGTTTCATGAATGGTTTCGGTTTTTATGCCATCGTAAAATTGCAGATGGGCTTTGATTTCTACCTGTGAAACCGAGACGTTTTTTAGACCTTTTGCAGCCCAGGTGATGACCTTGTGGATCTTGTCCAGATCAATAGGTTCTTTTTCTCCATTGCGTTTCGCAACAAATATATTGTCATTCATGCCAGTCAGCCATTATTAGTTGTTATGTTTAGCGCAAATTCAAGGTTCGCACCTTGGGTTACCTCATACCTTGCTCAATCGTTGCTCTTTATTCTGGGGTGAGAAAGGTATAGACACAAGATAGTGAGGTATAGGGTTGAATGCAACCCAATATATGGTGGTTTGTTGACCATTTGATTCGACGGTGTGAGGGCGGTTAGTAGAAGCTCACCGCAAAGCCTTTTACGTTGCCGAGATCCTATGAATGCAACACAAATCTGGATGTAAAAAAGGCGCTAAATTTTTTTAATTTTAAAATACTGTTTTTAATAGCTATACGATATATAGTGCTGTTTGACATTTGTGATCACTATATATAGTGGTTTACTTAGAGCCTAAACCTGTTTTTGACAGACCATTAAATAATTGACGTCGACATTATGGTCAGACAAATAATATTGACGTGACAACGGGTTCATATGCAAACCAGTCATATTTTTTGCGTACAAGGAAGTTTGATCAAGCCAGCCGAGTAACTCGGAGGGTTTGATAAATTTATCATGTTGATGGGTGCCGTCGGGAACCAGTTTGAATATTTTTTCGGCCGCCACAATCGCCATTAACCAGGACTTCATATTACGATTCAAGGTGGAAAAAAATACCAAACCACCCGGTTTAACCAATTTCTCACAGGCATTAACTACAGATTGTGGTTCTGGCACATGTTCAAGCATCTCCAGACAAGTCACAATATCGAATTGGCCGGCGTGCTGGTCGGCATATTGTTCAGCGGTACTGTGTTGGTAATCGACAGTGACACCGCTTTCCAGACCATGTAATTTGGCCACAGATAATGAATCTTTGGCCATATCGATGGCCGTTACCTTGGCCCCCATCCGCGCCATGCTTTCGGCCAGAATGCCACCACCGCAACCGACATCCAGTACTGTTTTGCCAAACAGGCCATTCGCCTGACCCGCAATGTAATCCAGTCGCAACGGATTGATTTGATGCAGGGGTTTAAATTCTCCTTCCAAATCCCACCAGCGACTGGCCAAAGCCGAAAACTTTTCTATTTCAGCCGGATCGACATTTTCGGGTTGATTTCGTTGTTCGATCATTGTCATTATTCGTTGCCAGAAATTCTGGGCATTATAAACATCCGCAGCATATAAATGCATCTGTTACCTTAATGATTGAGGTTAATAGCAGGTAAAGATGGCTGTTTATTTGGGGATTTGAATGATAGAATCCGGGGCTTATAACAATAATCTATAACTCGCTAATATCGCATCAAGAACGCTTGTAAAAGTTGTATCGGATTGCGTAATGAACAATTAGGGACAAGGCAGTATATGACTGATCATGCCAATCAAATTCTCCCCATCAATATTGAGGAAGAACTGAAAAATTCTTATCTGGATTACGCCATGAGCGTTATCGTCGGGCGAGCGTTGCCTGATGTACGTGATGGTTTAAAACCAGTCCATCGTCGCGTTTTATTTGCGATGAACGAACTCAAAAACGATTGGAATAAATCCTACAAAAAGTCGGCCCGTGTGGTGGGCGATGTTATCGGTAAATATCACCCCCATGGTGATTCTGCGGTGTATGACACCATCGTGCGGATGGCTCAGCCATTTTCACTACGTTATATGTTGGTTGATGGACAGGGCAATTTCGGTTCTGTCGATGGCGATTCCGCAGCGGCAATGCGTTATACCGAAATTCGCATGGCCAAAATATCTCACGAATTATTAGCCGATCTGGATAAAGAAACGGTTAATTTTGTCCCTAACTATGATGGTACAGAACATATTCCGGATGTTTTACCGACTAAAGTACCTAATTTGTTAATCAATGGTTCTTCCGGTATCGCGGTGGGGATGGCAACCAATATCCCGCCTCATAACCTGACTGAAGTGGTGAATGGCTGTATTGCCATGATCAACAATCCGGATATTACCATTGAAGAACTGATCGAGCTTATTCCTGGGCCGGATTTTCCCACTGCGGCAATAATTAGTGGGCGTAAAGGAATCGAAGAGGCTTATCGTACCGGACGCGGCAAAATTTATATGCGCGCCAGAGCCGAAATCGAAACCGAAGACAACGGCAAAGAAACCATTATAGTCACCGAGATCCCTTATCAGGTGAACAAAGCCAGGCTGATCGAGAAGATCGCCGAATTGGTTAAAGAAAAGAAAATTGAAGGTGTTTCGGCCCTGCGCGACGAATCTGATAAAGACGGCATGCGTATTGTGGTGGAAGTCAAGCGTAACGAATCCGGCGAAGTGCTGTTAAATCAGCTGTATCGTAATACCCAACTGCAAACGGTGTTCGGTATCAATATCGTTGCGTTGGATAACAATCAGCCGAAGATTTTTAATCTGCCGGATATGCTAAAAGCCTTTATTCTGCATCGTCGCGAAGTCGTGACGCGCAGAACAGTATACGAACTGCGGAAAGCCCGTGATCGTGCTCATATACTTGAAGGTCTAGCCATTGCACTGGTTAATATTGATGAAATTATTGCGCTAATTAAAGCCTCTAACAGTCCTTCTGATGCCAAAATTGCGCTGACTGAAGCTGGTTGGAAATTGGGTGATGTGGCGCAAATGCTGGAAAAAGCGGGCGTTGATGCCGCGCGTCCGGATTGGCTCGAGCCCCAATATGGTGTGCGTGACGGACTTTACTTCCTGACTGAACAACAGGCTCAGGCAATTCTGGATTTACGCTTACATAAATTGACTGGTCTGGAACACGATAAAATCCTGGCGGAATATCGCGAATTGATGGATATTATCGCCGCCTTGATGTTTATTTTATCTAGCCCTGAACGCTTGATGGAAGTGATCCGTGAAGAACTGGAAGCCATTCGTGACGAATATGGGGATGAGCGACGTACCGAAATTACCGCTGCTTCTCACGATATCGATATGGAAGATCTGATTGAGCAGGAAGATGTTGTCGTCACCTTGTCTCATGAAGGTTATGTTAAATACCAGAAGCTGATCGATTACGAAGCGCAACGCCGTGGTGGCAGAGGGAAATCCGCTACCAAGATGAAAGACGAAGAT
NZ_CP150481.1_gap54	2000474	2004379	3905	CGGACAATCATTTTTCCCATTCAGAACAAATCAGCATTTTACATTGTACGCAAGTCGTGGAAATGGATGAACGCCCTACGGCAACAATCCGCAACAAAACCGACTCATCCATGCGCCGTGCGCTAGAACTGGTCGAGCAGGGCAAAGCCGGAGCCTGCGTCAGTGCCGGCAATACCGGTGCGCTGATGACAAATGCCTATTACGTATTAAAAACACTTCCTGGTATTGACCGTCCGGCGCTGGTCACAGCGCTACCGACTATTAGCGATAAAAAAGTTTATTTGCTGGATTTAGGCGCCAATGTTGAATGTAATTCAGAAATATTATTCCAGTATGCGGTGATGGGCTCGGTAATGGCCGAAGAAGTGGAAGGGATTAATAAACCCCGTGTAGCGCTGCTAAATGTGGGTGAAGAACAGATAAAAGGCAATGACCGGGTTAAACATGCTGCCCAGCTATTGTCTGATGCCGAAGGGATCAATTATATCGGTTATCTGGAAGGCAACGATATTTTCAGCAACCGGGCGGATGTGGTTGTGACCGACGGTTTTGTCGGCAATATCGCGCTAAAAGCCTGTGAAGGCCTGGGTAAACTGGTTATTGGTGAAGTTAAACGCGTCTCCGGTAAAAGTCTGCTGACCAAAATTATGGCCAAACTGGCGTTGCCTTTCTTGAAAAAAATCTACTCCAGAGTGAACCCCGACCAGTATAATGGTGCTAGTCTGATAGGATTGCGCGGAATTGTGGTCAAGAGCCATGGAAATGCCTCCAGCGATGCCTATTTATATGCCATTCGCGAAGCTACGCAGGAAATATCCAGACAAGTTCCGGCGAAAATAAAAGATAAAATAGAAATTGCACTTGGCTAGGTTTGCTTTGTTACAGGCCAGCCAGTCGATAATAAGGAAACTCCCCCAATATGTATTCAAAAATCATCGGCACGGGTAGTTACTATCCCAGTCAGATCCGTACTAACGAAGATCTGGAAAAGATGGTCGATACCAGTGATCAGTGGATTACCGATCGTACTGGTATTAAACAGCGCCGCATAATCGGAGAACATGAAACTGTCGCTTCTATGGGAGCAGAGGCCGCCCGAAAAGCAATTGAAGCGGCGGATATTGATCCAAAAAGTCTCGATATGATTTTATGCGCCACCACCAGTCACGGTAAGTCTTTGCCCAGTGCTGCCTGTGATATTCAAAAAGAAATGGAGCTGGACGGTATTCCTGCCTTTGACATTGCAGCGGCTTGTGCCGGTTATTGCTATGCACTTAGTGTGGCCGACCAATTTATTAAATCAGGTATGTGCAAGCGCATCCTTGTGGTGGGCAGTGATTGCCTGTCGCGTTTAATTGACCCTTATGATCGTACCATGGTCATACTGTTCGGGGATGCCGCCGGAGCCACTATTATTGAAGCCAGCGAAGAACCTGGCATTTTATCCACCCATATTCATGCGGCGGGTTCTTATGGCGATTTACTTTATGTCGGTAATCCAACCCGCGGACAGGAACAGTCCGTACACGAAAACTGGGGCGTGATGAAAGGCAATGAAGTATTTAAAGTTGCAGTCACTAAACTCAGTGAAGTCGTTGAACAGACGTTGGCTGCCAATAATATGCAAAAATCTGATCTGGATTGGCTGGTTCCGCATCAGGCCAATTTCCGCATTATTAAAGCCACCGCCAAAAAACTTGAAATGCCAATGGAGCAGGTGGTGATGACCCTGGAACAATTTGGTAATACTTCCGCAGCAACAGTGCCAACCGCATTGGACACTGCTATTCGGGATGGCCGCATCAAACGCGGGCAAAACTTGTTGCTGGAAGCTTTTGGTGGCGGTTTTACCTGGGCATCAGCCCTGGTTCGTTACTAATATTTACAGCTTAAATCGTTTAATCAGGAGATTTTTATGCAAGCTTTTGTGTTTCCCGGTCAGGGATCGCAGTCTGTCGGCATGTTAGCCGATCTTGCTCAACAATATAGTGAAGTTCAACAATGTTTTGCCGAAGCCAGTGATACATTAGGCTATGATTTATGGCAACTGGTGCAACAGGGGCCTGCGGAAGAACTGAATTCAACCCATATCACTCAACCAGCCTTACTGACCAGTAGTGTGGCTATTTGGCGTGTATGGCTGAATTTAAATGGCCGTAAGCCTGAATATCTGGCCGGACATAGCTTGGGGGAATATTCCGCTCTAGTCTGTGCAGGGGTTTTATCTTTCGCGGATGCGGTTAAGTTAGTCGAGCAACGCGGCCAATATATGCAACAGGCGGTGCCAGCCGGAACCGGAGGCATGTTTGCTATTATCGGTCTAGATGACGAAAAAGTGATTGAATGTTGCCAGCAGGCTGCTGGACAACAGGTTGTGTCTGCGGTGAATTTTAATTCGCCAGGGCAAGTCGTGATTGCCGGTCATGTCGAAGCCGTGGAGCGAGCCGGGGCACTATGCAAAGAAGCCGGTGCGAAACGTGCATTGCCTTTGCCTGTGAGCGTACCATCCCATTGTGCATTGATGTTGCCCGCCGCCGAACAGCTTGAAAAAGCCCTGGCAAATGTAGAGTTTAGCGCGCCGCAAATTCCGGTGATAAATAATGTGGATGTGAAGCAGGAAATGTCAGCGCAGAATATTAAAAGCGCACTGGTTCGCCAATTATATAGCCCGGTACGCTGGACTGAAACAGTCCAGTCTTTGGCGCAACTCGGTGCGACCAACCAGTTTGAAATCGGACCGGGTAAAGTGCTAAGTGGTTTGGGCAAACGTATTGATGCCAGCGTCAATTGCAGCGCAATCAATACTGTTGAAACAGTAACTGCAGCGTTACAACAAGGAAATGAATAATGAATTTTACTGACAAAGTTGCGTTGGTGACGGGTGCCAGTCGCGGTATCGGTAAAGCTATTGCTGAATCATTGGCGGCTCAGGGCGCGACAGTAATTGGTACCGCAACTACTGAAAATGGCGCTAAAGCGATTTCGGCTTATTTGGCAAATAGTGGCTCCGGTATGGCGTTAAATGTTACTGACGCCGATTCGGTGCAACAGGTACTGGACGATATTAAAGCCCAATACGGCGAAATTGATATTCTGGTCAACAATGCCGGTATTACCCGTGATAATCTGCTAATGCGCATGAAAGATGAAGAATGGGCGGACATTATCCAAACCAATCTGACTTCGATTTTTAAATTATCCAAAGCGGTATTGCGCGGTATGATGAAAAAGCGTTATGGTCGTATTATCAATATAGGCTCCGTTGTAGGTTCTGCCGGTAATGCCGGGCAAGCTAATTATGCGGCAGCCAAGGCCGGGGTGATTGGTTTTAGTAAATCCATGGCTCGGGAAGTCGCATCACGCGGTATAACAGTTAACGTAGTGGCGCCGGGATTTATTGATACCGACATGACGCAGTCGTTAACCGATGAGCAAAAACAAGCTATTTTCAAGGATATACCGGCCAATCGCTTGGGCGATCCTAAAGAAATTGCTGCTGCAGTAACGTTTTTGGCGTCGGATTTAGCGGGTTATATTACCGGCGAAACGCTGCATGTGAATGGCGGCATGTACATGAATTAGCCCAAACGGGTATAAAATTAAGTGCAAATTTAACAAAATATGCTAATTTGTGGTTCGACCAGCCAAAAAATCGAGTCACTGACTTGCAAGGATTGGTTAGGGTGAATACACTACCCGCCACTTTAACAAGTAGCCTTATTTTTGAGGTATAACGAGAATTATTATGAGCAATATCGAAGAACGCGTAATCAAGATCATAGTTGAACAATTGGGTGTTAAAGAAGAAGAAGTAAAATCAGAAGCCTCTTTTGTTGATGATTTAGGAGCTGATTCTCTGGATACAGTTGAATTAGTTATGGCTTTGGAAGAAGAGTTTGATACTG
NZ_CP150481.1_gap55	2040971	2044692	3721	TGCATCTCTGAATTGTTTGCATCCAGCATGCTTTGCGGGTATCCGCTACCATCGTCTTCTACCTGTATGCACAAATAATCGTCCTGCACATAGGTTTTAATCAGAATATGTTGTTTACTGTAACGGATGGCATTGATCAGGATGTCGTTAAGTAGCAGACAAATCAACTCATTATCGAGATACCAGGTTATCTCTTGCTGATGTTCGATACTTAATAGCATACGTTTGTTATCAATATATTTCTGGTTGGTGGCAATCACATCATCTACCACGTCTTCCAGATAATGTTCGTCGATATTTAGCGGCAGTTGCTCGCGTCCGGCACGATAGAGAGAAAGGATATGCATAAGGCTGGTATTCAGACGTGATGCCTCGTAATGGATACTGGCCAGCCGATCAGATACACTGTCGTCGGAATCGCCAATTTCATCCCCTAAAGTTTCGATGGATTGCAGTAACAGGCAAAGGGAATTTTTCATGTCATGTACGGCACAGGCCAGTATGGTGGAAAAGTCAGTCATTGGGTTCCCTCATGTTTGCAGAATCTAATTTTTGTGGCATTAACGCCTATTAATAGCATTTGAAAAAGATAAAAATGCAGGTTTAGCTAAAATTATATGGAATTAATTTTCGCATAGGTATATATATTTAGAATAAGAACACATGAAATCAATGAATTAAAGTTTGAGTAGCTGAACAGTTACGTATTTAAATCTGGAACAGGCAGGTCATCTCAACCAATGAAACTACAACAACTGCGCTATATAGTCGAAGTCCTCAATAACAATTTAAATGTTTCTGCTACGGCCGAAAGTCTTTACACATCCCAACCTGGTATTAGTAAGCAGGTTAGGATGCTGGAAGATGAGCTAGGTGTGCAAATTTTTGGCCGCAGTGGCAAACATTTAACTCATGTCACTGGTGCTGGTCAGGATGTGATTAATATTGCTCGCGAAATTCTGGCCAAAGTTGAAAGCATTAAAGCCGTATCCCGTGAACATACTTTACCTGACCAGGGAAAATTGAATATTGCTACTACCCACACCCAAGCCCGTTATGCGTTGCCTTCGGTGATTAAAGGCTTTATGGCCAAATATCCAAAAGTGTCACTGCATATGCATCAGGGCACACCTTCGCAAATCAGCGACTTGGCCGCCAAAGGTGAAGCCGATTTTGCCATTGCCACCGAAGCTTTGCATTTGTACAACGACTTGGTGATGCTACCTTGCTATCACTGGAATCGCAGTATTATTGTTAACCGTGATCATGCGTTGGCGCGCAAAACCTCTATTACTATCGAAGATATTGCCCAGTATTCGTTGGTCACTTACGTGTTTGGTTTTACCGGCCGCTCCGAACTGGATGAAGCCTTTGGGCGAGCGGGGTTGGAACCCAAGATTGTCTTTACCGCCACCGATGCCGATGTGATTAAAACCTATGTCCGTCTGGGTGTTGGTATTGGTGTAATTGCATCGATGGCCATTGATGACAAGCTGGACAGTGATTTGGTTAAAATCGATGCCAGTCATTTATTTGAATACAGCACCACTAAAATCGGTTTCCGCAAAGGCTCTTTTTTACGCAGTTATATGTACGATTTTATCGAGCGTTTTGCCCCGCATTTAACTAAAGATGTAGTTGAGCGGGCAATGATGCTGAAAAACAACGATGAAATCGAAAAGATGTTTAAAGGTTTAACTTTACCGGTCAAATAATCGGTTAGTAGTGAATTCTTTAAATAATAAAAAACGCCGAGAAGGCGTTTTTTAGTTTTAGTTGAGCATTGAGTAAGCTTAAAGTGATGGAACTAGAATATGTCCAAGTATGACGTTCGCGTTTCGACTTTTCGTTTCTCATATTCAGCGCAAATGGTGGTTATGATTTTGCTCGAAGCTCGAAGCTCGAAGCTCGAAGCTGTCACCGCCTTAACACTCGATAATATTGACTGCCAAACCACCACGGGCAGTTTCCTTGTATTTGGCTTTCATATCGTTGCCGGTATCCCACATGGTTTTAATCACCTTGTCCAGTGATACTTTGTGTTCACCCGTGCCGCGTAATGCCAGACGTGAGGCGTTAATGGCCTTGATTGAACCCATGGCATTACGCTCAATGCAGGGTACCTGAACCAGTCCACCGACCGGATCACAAGTGAGGCCCAGATTGTGTTCCATACCTATTTCGGCGGCATTTTCGACGGCATCGATACTGCCACCCAATATTTCGGTTAATGCGCCGGCAGCCATGGAGCAGGCTACGCCGACCTCGCCCTGACAACCCACTTCAGCACCGGATATAGAGGCATTTTTCTTATATAAAATACCTATTGCTGCTGCAGTTAATAAATAACGGGCGGCCGTATCCTCGTCGACAGGTTGTACGAATTTATCAAAATAGCTCAATACCGCAGGTAAAATGCCTGCCGCACCATTTGTTGGTGCTGTTACCACCCTGCTACCGGCGGCATTTTCCTCATTAACCGCCAGCGCAAACAGATTCACCCAGTCCATGGCGACCATGGGATCGGCATTTTTTTCATTTTGTAAGCGGCGATATAAGCCTGGAGCCCTGCGCGAAACCTTTAATCCTCCAGGCAGGATCCCTTCTGTTTCAATGCCTTTTTTTACGCAACCGCGCATCACTTGCCAAATTTCCCACAATTTCGCTTTGATTTCGCTCTGCGGCATAAATGCGGTTTCATTCTTTAGCATTAATGAACTGATCCGGAAACCATTGGTCTTGCAATGGGCAATCAGTTCATTGGCGGTTTCAAAGGGGTAGGGTACCGGTTTTTTTTCTTCTTCCAGTGCGATAAATTTTTGCTGGGCGAAATCTTCTTCGCGAATAATAAAACCGCCTCCGATGGAATAATAGGTTTGTTTGAATATCTCGCCGTCCTGATTGTAGGCAAACAAGGTTAAGCCATTGGTATGTAGTTTTAGGGTTTTACGGCGATGGAAAACAATCGCATTTTGACGAGGATAGTCGATGACTTTGTCACCATTGAGATTGAGTTGCTGGTTTTTGTCGATATCGGCCAGCAGCGCATCGATGATATCCACATCAATGCTTTCGGGCGCATAGCCACATAAGCCGAGGATTACGGCTTTGCCTGTACCGTGGCCTTTGCCGGTCTGGCCCAACGAGCCATATAACTCGGTGACGATACGGGTAGTCTGGTCGAATAATTGTTGTTCTTTCAGGGCATGGATAAAAGCTAACGCAGCACGCATCGGTCCTACAGTATGGGAACTGGATGGTCCTATACCAATGCTGAACATATCAAAAACACTGATCATATTTTTCTCTTTTATATTTATAAATAACCTGAGTTCGGGATAAGCCGCGCCTCTCGATAACGCTCTTTTTGCGCCTAGCGGCGTTGGGTTTTGTAGCAATAGCCAGCTATTACGGTCGAAAACCCGTCTTGCTATCCACAAAATTTCGTCACCGAGTGAGTATCAGGTGTGGTGCAAGCAGAATGTTTATTATAAACAATTGAATTAATTCAATTGTTTAAATTATAACGACACTTCTTATCCCGAACTCAGGTTAAATAATTTGTAGGGAATAACTAAACATCATGACTATGCGCAATAATCAACGCACTGACAACCTGATAAAAGTAATGACTTTGACCAGATCGGCAGCTGATTATTACAGTTGCGCAGAAATAGTCAGCATCAATTAGTTATTTTATATATCAGGACAGGCGTGTCAG
NZ_CP150481.1_gap56	2047999	2050295	2296	GATGGATAAGTTTACCGACATGATGTTAGAACAAACCGGTTTGATTGGCATGATTGGCAAGGCCGAAAGGGGACCTGCCACGGTAAAGAGTATTGCCAAACATAAAGCGGTTTATTTAATGGCGGTGGGCGGCGCGGCTTATCTGGTTTCCAAGGCAATTAAAAAGTCCCGTGTGGTGGCCTTTGAAGATTTGGGTATGGAAGCAATTTACGAATTTGAAATCGAGGATATGCCAGTGACAGTAGCGGTGGATAGCAGCGGTAATAATGTTCATGAAACCGGCCCGGCGATCTGGAAAGTAAAAATTCAGGAAATGGAAAGCGCATAGGCCAACTCTCAACCAAGGCGTCAATTGACGCCTTTTATTTTGGCGTTGAGTTTAATACTCCCCGGATAAACACAGGCAGGAAATTATAATAATGAATCTGGATATAACCCTTTTGCATCTGGCCCTGATTGGCGGCTCGGCGATTTTGGCGGGCATATTGGTATGGTTAATGATGAATAGCCAACAACGAAAAGCAGATGCAGCCTGGAAAGAGCAGGAACAGCGGTTAAGCCTCGAATTGCAGACGATGACCGGACAACTGCAGCAAAAAGAACAGCAGTTACATGATTTTCATCAACAACAGCTAAGAATCGAAGGGCAATTGGGACATTTACGCCAACAGGCTGAGCAACTGGGTGAAGTTCAGCAGGAAAGGCAGCAATGGCAACAAAAATGGCAGCAGGAACAACAAAAGTCAGCAGATTTACAAACCCGCTTGAGTTCCCAGCAGGCCCGTTTCGAACAGGAAATTCAGGCCAGTGAAGACAAATTGAAATTGTTGCAGGAAGCCGAAGTCCGCCTCAAAGAGCAATTCGAGAACCTGGCCAATAAAATCTTTGAACAGAAAACCGAAAAATTCAGTGCTGCCAGTAAAGAAGGACTGGATCTGCTGTTGAATCCGTTAAAAGAGCAGATTGAAGGCTTTAAAAGGCAGGTAACTGACCAGTATGTGAAAGAAGGCCAGGAACGCGCCTCATTGAAAACCGAAATTCTTGGTTTAAAGGAATTGAATCAACAGATTACCGCAGAAGCAGCCGCACTGACCAAGGCATTAAAAGGTGATAACAAGCAGCAGGGCAATTGGGGAGAACTGGTGCTGGAGCAGATTTTATCCGAGTCAGGATTACGTGTCGGGCATGAGTATGACACCCAGGGACAGTATAAAAACGAAGACGGCAAAGCCTACAAACCCGATGTGATAGTGCATTTGCCGGATAACAAGGATGTGATCATCGACTCCAAAGTTTCTCTGGCGGCTTATGAGCGTTATTTTAATGCGCTGGATGACAAAGAACGACAAGGTTACTTAAACGAGCATATTTTGTCGCTACGTACTCATATTAAAGAGTTGGGTAAAAAAGATTACCAAAAACTCGAAGGTGTACGTACGCTAGATTATGTATTGCTGTTTATTCCTATCGAACCGGCGTTTCTGCTGGCGCTGGATCAGGCGCCTGATTTAATGAAACTGGCACTGGATAACAATATTATGGTGGTCAGCCCGACTAATTTGCTGGTGGCATTACGTACCATTAATAATATTTGGCGTTACGAACATCAAAACCGTAATGCCCAGGATATTGCCAAAAAAGCCGCCGCTTTGTACGATAAATTTGCCGGTTTTACCGCCGATCTGGAAGGGGTGGGAGTGAGCCTGCAAACTGTGCAGAAAAAGTATGATGCAGCGATGAATAAGCTCAGTACCGGCAAGGGTAATCTGGTACGTAGGGTAGAAGAATTTAAATCACTGGGAGTGCAGACAAGCAAGCAGGTAAGCTCCAGTCTAAATGACATTTCAAGTGAAGATGAAAGCTAAACAGCCTCTGCCATTTAGGAGCCGTTAATGAAAATCAGCAAAATAATGTCAAAACCCGTTGTGACGGTGGGCATCGATGATCGTCTGGAAAAAGTCCATGATATTTTCGCTCACGCTCATTTTCATCATTTGTTGGTTGTTGCGGGGAGCAAATTATTGGGCGTGGTTTCTGATCGCGATCTACTCAAGGCGATCAGCCCGAGGGTAGGTAGCAAAACCGCCACCGAAAAAGATAATGCGTCTTTAAATAAACGGGTCCACCAGATTATGACCCGTAAACTGGTGGTGATTAATCAGGATCAAACTGTGATGCATGCTGTTAAGTTATTTAATGCCAATAGTATTTCCTGCTTGCCTGTGGTCAATGACGCCGGGGAATGGGTCGGAATTGTCAGCTGGCGGGATATTTTTCGTCAAATCGAGCAGTTGAA
NZ_CP150481.1_gap57	2161642	2165166	3524	GCGGATAAACGAGATTCAAATGTATTGTTATCTAAGCAAGCAATGCCTATGTCAAAACAAGGTAAATGAATATATAACTGATGTGTAATCAATATGACAAGGAAGATGCAAAAGAGCTTGTAAGTCCTAATTACCCAGACTAAAAACAAAGGAATTATTTTAAAATTATTCATCACACAATAAACCGAATATTATATTTAGTAGCAAAACAATGGCACAGACTGCGACATGAATAAAGACATCAAAATAACCACTGAACAACAACTATTTATCGTACGCTTACCTTGCAGATTGCGCGGTACCTACGTTACATGGTTGATGGGATTTGACCCCTACTTCCTCATGAGTCGCGAAACTTACTACCGTCACGCCAAAGAATTGGCAAAGAAATATGGCGTAGAAATCCGCAAAAATAGTCCCTATTATCAATAGGATAGCCAGACTAACTTATATACATTATAGGAATATTTATATATTCGAGGACGAATCAAAGCCGTTCAGCCAGATTTGGTTGTTGTCGGGTTTTAGCTGGGTTATTTAGTTGGTTTCGAAATTAGCTGCTACGTGAAATCTGCAACAGGATTTGGCCGTTATTTTATTCAGCAAAAACGCTGTGTGGTTAGATCAGGGTTTAAAATCAATCTCGGATGGTGCGTTTGCTTATAGGATAAGAACTTAGCAAGAAAATTTGATTCTGAGGTTTGTAAAACTGACGGTTAATTAATCGTGCGCTACATAAAATTTTCCAAACTTTGCGAGCCTAACTCGCCAAGATTTTACGCAGCGTGATTTGGTTTTCTTGGCTTTTTCAAAACACCCACCTGATAACTTCGCTGTCATTTCGGGTGCTTCATACTTTGCCCAATATTCGCCAACATAGAACTAATATCGAAGGATTAAACGCATGCCTTAGCAGACTGCTATACTCATATGCACTCGGTATTTTTTCGCAAAAAAACTGCGTAAAGCTGAACAAATTCATTCTGTTAATACTCAAGGAATAAACTATGTTAGGTGAAAATCACTCTCTAATGCACGACTTCCCGGAGCACAAATCTACCATCGAGACTCTGGTTAAAAGCGATAAAGCCTTTGCTAGCAATATGAAACAGTATGACGCTCTAGATAAAGAGATAAGAACGCTGGAACTCAATAATTCCCCTGTAGACGATGAAGCAATGGCTCAGAAAAAACACCAGCGGGCCATGCTAAAAGATGCTCTTTACCAATGCCTGTTAGCGGCAAATTAAATAGCTTTATTAAAAAGTTTAATATGTTGGATATGGCGGATTGTCTTGTTCGCTGTTAGCAACAAGTATTGCCTTGTTGTATGGGGGGACATTTTACCGTGCCATAGGAGCAAAACACACAGCAATCACCTTTGCGTGGTTTTAAAACCCTATTACAACCTTCACATAGGTAAAACCACTGACATGCATCGGTTGGCATTTTTTCCGTTTTAATATGCCCACACTCGGGGCACGTGATGGCTGAATAAAGTTCGATATGTTGCATAATTAGCCCTTAATTTTATGCTGCCAATCAAACTGGCCAAATCAACTTCTTGTAATTCACCCTTCGCAAACGACTAACGGTCGTTTACACAACTACCCTATTACGTCCGGTTTGTTTAGCTCTATACAAGGCATTATCGGCTCGTTTGAACAAACTGTCGGCATCGTCATTAACTGCAAAACTCGCTACACCAATACTCACAGTAAATGTGGGTAAGTCATTTTCTGTCCCGACTGAAATATGTTGACGTAATGCCTCAGCGGTATTGAAGGCATCATCTTGATCAATGTTACGGAGTAATATAGCAAACTCTTCCCCGCCCAAACGGAATATGTGATCTGTAGCGCGTAAACGTTGACGTAAACTATTGACCAATAATCGCAGCACGTCATCTCCCGTATCATGGCCATAGGTATCATTAATCTTTTTAAAGTGATCGACGTCTAAAATCAACAAGCTTAGTGCACTGCCGCGAGCGGCCAGTTTTATTTCTACTTCAATTTGCTCATCCCACTTATGCCGGTTATAAGCATTGGTTAATTTGTCGCGAGTGGCTAACTCCAGTAAGTGTTGCTGGACTTCTTCACGATCGACTAAATCTTGCGATAACCGATCCATCATTTGTTCCAGCTCATGTTCTAAATCACTAAGCTCATCCTGGTGTTGGCTGTTTTTCTTGTGTGTAGATGAATTGACACCTTTAATGGAATGACTCAGTACCTGCACCTGCCCTTGTAATGCGCCAATCCGATGACGGAAAGACTGAATGATATAAAGTGTTAAATAGATGCCGATACATAGGCCGCTAATGCCAAGTACGGCATTAACCAGCATAAATTCCTGCTCATGTTTTTCTGCATATTTAGCCACCTCAAGCGTTAAATTCTCCAATTGTTGCAACAGTTGACTTACCTGTTTATCTATTTCGTCATCTTGTTGTTCAATATTTTGCCAATTTGGAGGCCCGCTATGAGCGTTAATCGCAATGGTAAATTGCTGCTCAAAGTTGAGCCGAGCCACCTGTAAATCCTGCAATACTTTGATGACAGAGTGATGCTCAGTTAATTTTAACCTTACCCTGTCATTTTTCATGCCGTCCTGAATAATGTTCACAGCTTTATTCAACTGATCATTGAGCTTTTGGCTATAACCATTAAATTCATCCAGCAAACTTGGAGCGTAATCACTTGAGGTGTTTGTGTTAAACATACTCAAGCGCACTTTTTCCATTAGTATGTGTTGGGTTAACTGTAAACGTTCAACATTGGCAATAACCTCAGTTAGCGGAATATCAACTTCCGCCACTTCACGCATTTCAAGATCGATTTGTTGCAACTTGTACACTGAATAGACAATTACAAGAAATAAAAACGACAGCAAAATTGCTGATAAACCACCAATTTTGCGGGTTAAGGAGAATTTAAGCCAGTTCGACATCGGATCTCATCAGACAAATTAAAAACAAAAGCCTAACAGATTCATATAGTTGAAACATAGTGTAGGCATCAATATTCGGCAGTGTATTGCATATACAATACACTGCCGAACCCGATCCACTACGACTGCGGCTTTGTGGTTAATGGTATTATAAGCTTAGGTTCAAAAATGATATTGAGCTGTTAACCGAATGGTGCGCGGTTCGATAGGATGAAAATGATTATCTTCGATGCCATCTGCCGGCTCACCAGGTAAACGTGATGCATAAAAGTAGTCAATGTCATGATCCTTGCGGTCAAACAGATTGAGTAGTTCCAACTTTAAGCCAAAAGCTCCCCAGTTTTTGCCAAATTGAGCATTGACGATGCTGGAAGGCTCGGATTTTATTTGGTCATTTTCCAGTAATGGACGCTCACCAAAATGACGTAATCTGGCACTGGCAAACCAGCCGTTTTCAAAAACAGCAGAGGCTCCAAGCTGTAACACCTGATTGATTGCGCCGGGAACTTTATCGCCATCCTCACTGTAGTTGGTAAACTCGGAATCGGTCACGGTGTATTCAAGATCCAGTG
NZ_CP150481.1_gap58	2270477	2275417	4940	GCCCTTCTCTTCCAGTAACACGGTAAATTGCAATTGGTCGGGTTTAACCGCAACTGCACCTTTTCCGCTCACCCTTATCTGGTTGTCTTGTGCGTATAGAGGACTGGTAAATAAACCGGCAAGTAATAATAAGTAACTTAATTTCATTGGATTCTCCTTTTAAATCAGGCCACAAATTAAGTCCCGGTGTATGAACAATGACTGAATATTATCTTAACTTAACCGATGCTGATGTGAATTAGTCGAGATTCTGTTGCTCAAAGAACACGGCTTTATTGGCAATAAAACTGACTTTGATATGTTTGCTATTCTTGTCACCCCAGAGACAACCGTTGGTGCCAAATTTTTCCTCACAGTTATCCGGATTACCCAATACCTGTATCACAGCTTTATAGTCCATCCCGACTTCTAGTTTATCGTAGTTCTGGATGGTTAATTTTGAACAACCCGCCAACATCAATAAACTAAGTAACAGTATTTTTTTCAACATATCTTTCCCCTGATAAAAGCGCGAGAGCGCCTTTTTATACCATAAAATGAATCCGCAAGGCACTCAGATAGAGTGATTAATCATTCGATTGGTTCCTTTATAGTTGGGTAAACCTTAGTATACAGGTGTCGGAATTCACCTTCACTAAGCTGACCATTCCAGTCCCAGTGCAATTGGTAATACTCAGGTGTTTGACAAGCCAATTCAAGGGCCCGGTTAAATTCAGCGATAAGAGCCAATCCCGTTTGCGTTTTACTACACATGATATATCCCAGCCCCATTTCTGGAGCCTCTTTAATCGGGTAACTGACTAACTCGATATTCTCGAACAGTGTTTTATCGTATCGGTTCACCACAGATGGATATTCAACTATTGCCTGCAAGCGATTTCTAAGCAACATTTTCAACAGGCCAATAAACATATCCGAAGACGTCCTAGACCAAAGTTTAGTTTGAATGGCTTTGTCGGTCAGCACACTGTCCAGTTTATTTCCGTAGGATCGTCCTCCAACAACCCCTAACACTTTTAAACTGTCGTGTTGCAAGATCTGTTCAACACTGACCTGCTGATTGCCCGGATAAAGCCGGGTTAACTGGCGGTCCAGTTCAGAATCCTTAATCACAAAAAGCCGTAATCCAGCCGACAATGATTGAGGTAAATCACTAAAATAATACTGTTCCATGCGGCTGCTAGTTTTAAGTTTATTGCCGGTACAAGCATTAGGCTCGGATGCCAAAATGCTGTAAGCTCGCCGATTATTCACCAACACTTCGGTAAAGTTCATCTTGGGCATAAATTGTCTAATGAGTTGAATGCTGCTTTCATTGATATGGATGGACTTTTGTTGTTTGGCATCCACACCTGACAAGGATTTAAGCCACAATACTTGCTCAGCCAGCGCGTTTGGACTGATCATTAACAGTCCAAAAATGGTGACGAAATTGAATACCAACTTAGCGACCTTACCCATAGTGAGCCTTGATGCGTAGACCAGAATATTATTTATTACTGTTTCAAATGTAACGCCAATTTGACAAAGCGGCTAATCAAAATTGGATAAAACTGGCTCAGTGCCGTTGTGAATAGCTGCGATTTAAATCTCAGCTTGAGGAGCAACGCATACGACAGATACCCGTGCAACATGCTGTTATACGGATTGGTATTATATTGACCGCGAACATTTGACGAGATAACAATGAACAATAAAGCTTATATTCCAGAAGAATTTATCTCTTCTGTTGCGGCCATTCTGCCACGAACACTCGATATCAACGACTTTATCCGGCATTGCCAGACGCCTTTACGTAAAAGTATCCGGATTAACACTCTAAAAATATCAGTCAACGACTTTATCCACAAGATGACCGCAGAAGGCTGGCTATTTGACCCTATTCCCTGGTGTCAGGAGGGATTTTGGCTCGAACGTCCAGATATTCAGGAGCAAACGCTACCGCTCGGTAATACCGCTGAACATTTGGCCGGTCTGTTTTATATACAGGAAGCCAGTTCGATGCTGCCTCCGGTGGCTCTGATAGGCGATAATCCACAGCCGGGTAAAATACTCGATATGGCTGCTGCACCCGGTTCAAAAAGTACTCAACTGGCAGGCCTGATGAGTAACCGGGGACTATTGATCGCCAATGAATTTTCTTCCAGTCGGATCAAAGTTCTGTCGGCTAATTTACAACGCTGCGGGGTTGTCAACTGCGCGATGACCCATTTTGATGGCAGTATATTCGGTAACTGGACCCCGGAAACCTTCGATTGCATACTGCTCGATGCACCCTGCAGCGGCGAAGGCACGATACGCAAAGATCCCGATGCAATGAAAAATTGGTCGGTTGAATCGATTCAGGCTATCGCCAGTACTCAGAAAAAACTGATTGAAAGTGCCTTTATTGCGTTAAAACCAGGGGGCACGCTGGTCTACTCTACCTGCACCATGAACCTGCAGGAAAATCAGCATATTTGTCTACATTTGCAACAACGATTTGCTGAGGCCGTCGAGTTTATTAGTCTGGCCAATCTTTTTGACGGCGCTGAACAAGCGGTGACCGAACAGGGCTTTTTGCACATTTGGCCTCAGTTATTCGACAGTGAAGGTTTTTTCGTTGCCAAAATAGCTAAAAAATCCTCTGTTGACTATTGCTATCAGGGTAAAGCACTTAACAACTTTCCTTTCAGCAAAGTGACTCGTAAACAACGGGACGAGCTTGAACGCTATGTTCAGCAACAGTTTGGCTGGTCGTTACCCGATGATTTACTGCTATATCAGCGAGATAATCAATACTGGCTATTTCCGGCACCTGTCGAGGATCTTATTGGAAAATTGCGCTTGCAACGTATCGGTTTAAAGCTGGCGGAACAACACAAACATGGTTTCAAGTTTACCCATGAAGGCGCGTTAGCCTACGGACAACAGTTCAGCAAAAATCTGTTTGAATTAACCCCCTCGCAATTCGGCGAGTATTATCACGGCCGTGATATTCGCTGGCCACTGAATCAAAATAGTGGTGAGGCACTGGTGTGTTATCAGGGTTACCCAGTTGGACTGGTCAAAGCATTGAAGGGTAAATTAAAGAATAACCTGCCCCGTGATCTGGTCAAAGACGGGCAGTTAGTAAGCTGGGAATAAACTGGTATAAACATGTGGATAAGCCTTGAATTACCTGTGTTTATCCGCTTTAAGCGCTCTGTTCAATTAATCTAACTCACTGTATCTACTAAAATAAATATCATGTTTACAAATTTCGTTTGAATTTGTTTATTTTTTAACCTTGCTTGTCTACAATTAACTTCCTAATTTTGAATTTGCTTCTCCCATTGAAGAGTTTGAATTAGCGCACGGCTCATCCAATGAGCCATTCCCCTGGACCCAGGACTTAGCAGTCTCTGGGTCTTTTTTTGACTACTTTCCCAACAAGAGGCTGCAACCCTTGCAGGTATCGTCTGGCATTATCAACATAATGGCTAGCTGAGGCTTCAAGATGCAAGGCCTGCTGTTCTGACACCGGTTTTATCACTTTTCCGGGTGAGCCTACCACCAATGAATAATCCGGGATCTGCATCCCTTCCGGGATCAGCGTATTGGCACCAATAACACAATAACGGCCTATTTTTGCCTTGTTCAAGATCACAGCATTAATCCCGATTAAACTGTAATCACCAATATTACAACCATGTAGCATAACCTTGTGGCCCACGGTAACGCCGTTGCCGACGATTAATGGAATGCCTTCGTCGGTATGCAGCACCGAACCATCCTGAATGTTACTGCGCTGTCCGATACAAATAACCTCGTTGTCTCCGCGGATCACCGCGTTAAACCAGACACTGGCATGTCGCTGCAACTTGACCGAACCAATAATATGCGCCCCGGGTGCGACAAATACATCCTGTTCAATCTCTGGCGCCCGGCTTTCAAGTTGATAAAACATCTTTAAATTAACCTTTAAGTGGATTTTTCTGAGGTCACTTTACGCATTAAACCTTCCTGCATCGCCGATGCAATCAGATTACCTTGCATATCAAAAAACTGACCTTTGACCAGACCTCGCGCGTTACCGCCAAAAGGACTATCCATGCAGTACAGTATCCACTGGTTAAAATCAAACTCGCGATGAAACCACATAGCATGATCTATGGTCGCCATACGAATATCTTTATCCATTATCGACAAGCCATGTGGCTGCAACGCGGTAACCAGAAAATAATAATCCGAGGCATAGGCTAGCATACGCTGGTGTTCAGCCAAATCATTACCCAATTCTTCAGTGGCGCGCATCCAGACATAGCGAACCGGCTTGGTAGTTTTAGGCGCCTTGGGATTAACCGACTGCACTGAACGCATATCGATAGGTTCGTGATAGCTGAGCTTCTCCTGCATACTTTCCGGCATATTGGCAAACAGCTTTTTGTAGCAGTCTATTTCTGATTGCAGCTCTTGTGGCGGCGGTACATCCGGCATGTCGGCAAACTGGTGTTCCAGTCCTTTTTCCGGAAACTGAAAGGACGCTGTCATATAGAAAATGGTGCGCCCGTTTTGAATCGCCTTTACCCGCCGGGTACAGAAACTGCGACCATCGCGAATACTTTCCACATCGTAAATGACTTCCTTGCTGGCATCACCCGGCAGCAAAAAATAACAATGGAACGAATGAGCCTGCTGGCCTGGTTCAACCGTTTGTTGTGCTGCCGCCAACGCCTGGCCCAGCACTTGTCCACCAAATAACGCCCGAAATCCCAGATCCCAGCTTTGTCCACGGTACAGCCCGACTTCCAGTTTTTCCAAACTGAGCAGGGCATTCAGTTTTACTTCTTTCATTCTATATTCCCCTGTACGGATTACGTGGATAGTATTTTTCCGTTAGATGATCGATATGTTCAAAATAACGGGTATCTTTATAAGGTAATTTCATAAATCCTGACAACCCCAAACCGTCAATTTGT
NZ_CP150481.1_gap59	2276683	2279941	3258	TCGGCCATTTGCGCAGCAATTTTGACAATCAAACGTGCCGACAACGGCCCCTGTTGCAAGGAATATTGTTCCAGATCCAGCCCCGGCGCCCTTTCCATGACCAGAATAGCCTGTTTTTTAACCCGCTGGAATTCCACCAATTGGGGCACATTAGGATGATCGACCAGGCTAAGCATAAAGGCTTCTTCTTCCAGCCTGTCCTGTACATGTTGCGGTAAATTGATCCTGGAAAACTTGAACACCAGCAGTTGCCCGTCCGGCGCAGTGCCGCCAAATACAAAACCGAAGGCGCCTTTACCAATTAATTCGATATTGGCATAGCCCAACCGCTCCAGTTGTTGATGGCATAGCGCGAACCAGTCTTTGAGCTTTTGCGCGTCCTGGTGAGATAGCAGATAAAACGACTGTTCATCGGGAATATAAAAATGCTTGAGACTGGTAACCTTATGGCTCATAGGCACACTATTTTGCTTCAATCAACCAGTGGCTACGAAAACCGCCTTGACCGGGCTCTTCCATGGCTTCAGCTAACAAGGGTAAGCAAGCTTCAATTTTACCGTCCAGTTGCCAGGGCAAATTGATAAAAGCCATGCCTGAGCCATGCATACCCAATTCCTGTTGTTGCTGTTTAACCCAGACTTCTGCTACGTACAAATTAATGGGTTGAGTGGCATGCAGCGCTTCAATCATTGGCTGGCTCTTGTCCCGTTGAGATGCCAGTAACGGATACCACAAGGCAATAATACCGGTTGGCCAGCGCTGTTGTATTTTGCTGATCACCTGCACCACTTTTTGATAGTCCTCGGCCAATTCGTATGGCGGGTCAATCAGAATTAAACCTCGGGCCGGATCCGGTGGCGTTAACGCCACTAGCCCTTCATAACCATCGCGGTGATGACAGGCGACTCTTTTATCTCTATACAAATAACGTTGCAAATTAGCAAACTCGTTATTATGCCATTCCATGAGACACAGGCGATCCTGGGCTCGCAGAAGATGGGCGGCAATAGCCGGAGAGCCGGGATACTGGTTGTCGACACGAAACTCGTTAACCAATTGCAAATATGCCAACAATTCGGGATTATCCGCCGCCTTATCAACTAACCTGTCCACCCCGGCACGAAATTCCTTATTCTTGCTGGCCATGTCCGAATCCAGTTGATACAACCCTGCCCCGCTATGGCTATCCATATAGACAAAAGGTTTCTGTTTTTCTTTAAGCTTGTTGATAATCATCATCTGGCACAAATGCTTGAAAACATCAGCATAATTGCCGGCATGGTAGGCGTGACGGTAGCTAAACACGGCGTTCTCTTTATAAAAAAGATAAGTTTACTTTAGCTAAATGCAAAAACCCACCTTTGCAGGCGGGTTTCTATCTCACTGTCTTATCAGGTTATTTATCCCGAGCTCAGATTACTTAAGCACGGTAAACATACTCAGTGGATTTTCCAGGTAGGATTTCCACAAATTACTGAATCGGACCATAGTCGCGCCATCAATAATACGATGATCCCCGGACCAGCTGATATGCATGATATTGGCAGCCACTACTTGTTCTTTTTCGTCGAAACGCGGCAGTTTCTGGATTTTACCCAAAGCCACAATCGCCGCCTCCGGTTTATTGATCACCGGCGTTGCCACCGTGCCACCAATCACACCGACATTGGATATACTCACCGTACCGCCTTTTAGATCGGCGCTACTCAAGCGGCCGGCACGAGCCTGCTCTATCAACCGGTTCACTTCACGGGCTACATCCAGTAACGACAAGTTCTGCACCGACTTGATATTGGGTACCAATAAGCCAATTTTAGAATCCACCGCCATACCGATATTATGATCATCAAAATAGGTCAATTCAGTACAATCATCGTTAACCTGCGCGTTGATAATCGGGAATTCAGCCAATGCCAGTGAAAGTGCCTTAATAATAAACGGCATAAAGCTCAATTTAATATCCTGTTGCTCAAACTGCGCTTTTAGCTGAGAGCGAGCCGCGATCAGGTTGCCCATATCAATTTCGTCACTGACGGTAAAATGCGGAATGGTTGATACCGAATCCATCATTTGTTTCGCCATTGCAGCCTTAACACCACGGATCGCCTCGGTGCGGGTTCCACCAGTTACCATTGCAGTATCACTCGACGACGATTTGCCGTGCACGGTTTTATCGCCTTCAACAAAAGCGGTGATATCCTCTTTCATCACCCGACCTTTCTTGCCACTGCCCGGCACCTCGTGGATATTGATATCCTGCTCTCTGGCCAGTCGTCTTACCGCCGGACTCGCCAGAGCCTTGCCTGCGCTTTTAGTTTTTGTTGCTGTCTTCTGTGGCACTTGGGAGGCTTCGCTTGCAGCCTGAGTTCCAGATGTCGTGCCTGCTGATCCCGGCTTTGAATCACTTTCCTGTATCGCAACAGTTTGCGCAAAAAGCGGAGTATGCACCTGGGCTATATCACCTTTGGCATAATAGAGCTTTACCACCACTCCATCGTGTTTAGCCGGAATTTGTACCAGTGCTTTATCAGTCATCACTTCTGCGACAGGTTGATCTTCACTGACCATATCCCCCTCACTCACCAACCATTCCACCAGTTCACATTCAACAATACCTTCACCGATGTCAGGTAAGATAAAGTCTTCCTGTCGGGTTGCCTGCTCTGAATTATGCAAAGAAGACGGTTGCGAAGCAGCTTCTGGCGTTGCGCTTGTGTCTTGCTCGCTATTATCATCGGTTTGCATCGCAAACAATGGTTGATGCACTTTGGCAATATCGCCTTTTTGATAATATAACTTGGCGACTTTACCGGCATACATGGCCGGAATTTGCACCAGTGCTTTATCGGTCATCACTTCTGCCACCGGTTGATCTTCCTGTATCTCGTCACCTTCGGCGACCAGCCATTCCATCAACTCGCATTCCACAATGCCTTCGCCAATGTCGGGTAATATAAAATCTTTCATCGACGTCTCCTAAAAGTTAACGCTGCGCATAATGCCTTCATACACCTTAAGGTGATCCGGCATATATTCTTTCTCATGGGCCAGAGGATAAGGCGTATCCAGACCACAAATGCGCTCGATAGGCGATTCCAGATGCAGGAAACAGCGCTTCTGGATAGTGGCGGCAATTTCACTGGCAAAACCGCCGGTTAATGGTGCTTCGTGGCTTATCAGCAAACGTCCGGTTTTGACTACCGATTCGCTAACGGTATCTGCATCCCAGGGCAAAATGCTGCGCAAGTCGATGATCTC
NZ_CP150481.1_gap60	2291806	2293620	1814	GTTATACTGATAGAAATGGCAACAGCGAGCATTACTTTAACAAGTTGCTGGAACAGGACAGTCGTATCGCCCAGAATGCCGGACATTACGGCCACGCGTTATTGCAAATCAGTGAAGAAAACTACCAGCAAGCCGCTGAAACCATAGCGCCGTTATTGGAAAATGATCCTGACAACCTGTTTTATCTTGATACCCAAACCGACATATTGCTCGCCAAAAATCAGGCTGAACAGGCGGTTGCCTTGCTTGAACCCCATCTGCAAAAAATGCCCCGTAACCGGGTACTCTCGTTAAATATGGCCAATGCATTGTTCCAGTTAAAAAAATTCGAACGAGGCACGCAAATATTAAAAGACTATTTGTTGGTTAATCCGGATCATACGTTAAGTTATCAGATGCTAATTGATGCCTATGCGGAAAACAAACAACGGATGGAAATGCATCAAACCCGCGCCGAGTTTTATGCGTTATTGTCGGTCTATCCCAAAGCCATAGACGAGTTGCAGAGTGCCTACAACTATACTCATGACAATACACTGGAAAAACAAAGGATCAGAGCCAGAATTGACCAACTACGCGATGCGGATCGAAAGCTGAAAAAACTTTAACTTAGAGGCTGTTTATTCTTTGCTAAACAGCCTCAATCGACAACGAGTCAGTGAGGATACTTCACTTTTAATTGCTCAATATGTTGGGTTAATAATTCTGCCGTCTGTTCACCCAGTAATTTTTTAACTACCTTGCCTTGGGGCGACAAAATAAACGTTGCGGGTAACTGTGCCGGTTTGACAAAAGGCAAGTTATCCGGATTAACCTGATAAGCCAGTTCAAATTCCATCGCATACTTGTCCGCAATTTGTTGTAATTCCGTTTGGCCAAGGTTATCCCAACTAATTGCAATTAAACGCACATCCGAGTCGGCGGTCTGCTGGTTAAACTGGTTTAGCTGCGGAATTTCTTTTAAACAAGGTGCACACCATTCAGCAAAATAATTGATCACTAGCCATTGCCCCTGGCCGTCGCTCCACTGGCCTTTTTCTCCGGACAATGTGGTGAAATCACTGCGGTTATAATTAGCCACCCAAACGCCGGCCAGTAAGGCACTAAGTGCAACGACAATAATACACAGCTTTTTTAACAAAACCCTATCCCCTCATGTTATGGTCAGGCAAAATAATCACTATTGTTAAACAAGTAAAAGCGACACCATAATGACCAAAATAACCATCGTTCACAATCCCCGCTGTTCCAAAAGCCGCCAAACATTACAGTTACTGCAGGAACAGGGTTATCAACCGGAAATCGTTGAATACCTTAAACAGCCTTTATCCGCCAAGACATTAAAACAGTACCTCGACATGTTGGGATTTGATTCAGCCAGACAGCTGATGCGTAAAAACGAAGATGAGTATAAACAGTTAAACCTGTCCGACGAACAACTTGGAGAAACCGAACTGATAGATGTAATGGTGTCACATCCCAAGCTGATTGAACGGCCTATCGTTATTGCCAACCAGCAAGCACGCATTGGCCGTCCACCGGAATCCGTGCTGGAAATCTTATAGTGGCGCCTGTACTTGTCCTCTATTACAGCCATAAGGGCGCGACCCGCAATATGGCTTATAAAATCGCCACAGGAGTCGAAATGGCGGGACTGGAAGCGCAAATAAGAACTGTGCCTCCGGTTACCAATCATTTCGATAATGAACTCGCCGCAGTACCTGATAGCGGTGATCCCTATGTCAGCCGGGATGATTTGGTTGCCTGCAGCGGACTGGCGTTAGGCAGCCCTACTCGCTTTGGCAATATGGCAG
NZ_CP150481.1_gap61	2300496	2304850	4354	TTTGCACCGTCCCTCAACTACCTGATGGTGCGGATCCGGCAGTTAAAAGAAGACGATGAACAAGGCGACATCCGGCTTAGCCAATACGCAGCTGAAAGCTGCACAGCCAAAACTGAGCGAACTGAATCAGCCGCCACACCACTTGCAAAAGATTAGCATCTCCAGCTGATTTTCACTTTATCCAGCTAAACTGGTCTTTAGCGCTTACACTTATGTGTATATACATAAACGCTATTACTTGATTTTTTTCTTAAGACATAATACTTTCTAACCTTCTGGTCTGACCTCTACAATCTGGAGTCCTTATGCACGGATTAATCTGGCTACTTTTGCTGGTAGCAACCATCGGTAGCGTCAGCTATCTGCGTCTTAAACTGATCAATGCCACACTCGCCATTGGCGCGGTGATGCTAATTGGTACTTTCACGGGTATTGTCGGTTTATTTTCCTGGGTTATTTTTCTGGCCATTATGCTGCCGCTGAATATGGAAACATTCAGACGACAAAACATCACCCTGCCCATTCTTAAAATATATAAAAAAATCATGCCGGAAATGTCCCGCACCGAGCAGGAAGCCATTAATGCCGGAACCGTGTGGTGGGATGGCGAGATATTTAGCGGCAAACCAGATTGGCACAAACTCCACAGTTTTCCTCAGGCTCGTTTAACCGCCGAAGAGCAGGCTTTTCTGGATGGTCCTGTTGATGAAGCCTGTCGTATGCTGGATGAATGGCAGGTCAATCACAAACTGGCCGATTTACCCCCTGAACTATGGCAGTTCCTGAAAGACAACAAGTTCTTCGCCATGATCATTAAAAAAGAATACGGCGGGTTACAGTTCTCGGCCTATGCCCAATCTCGCGTATTACAAAAGCTGTCTGCCAAAGGCGCAGTGCTGTCCAGTACCGTTGGTGTACCAAATTCCTTGGGGCCGGGAGAATTACTGCAGCACTACGGTACAGAAGATCAGCAAAATTACTATTTACCTCGGCTGGCTCAAGGTCTGGAAATCCCCTGCTTTGCGTTAACCAGCCCGGATGCCGGTTCGGATGCAGGTGCAATTCCGGATAGTGGCGTAATCTGTAAAGGAACATTCGAAGGTAAACAAGTGCTGGGCATGAAACTAACCTTCAACAAGCGTTATATTACCTTGGCTCCGGTGGCTACAGTTGTCGGCCTGGCGTTCAAACTTTACGACCCTGATCATCTGCTCGGTGAAGAAGAAAATCTGGGGATTACCTGTGCGCTTATCCCGGCTGACACTAAAGGACTGGATATTGGTAATCGACATTTCCCGTTAAACGTACCATTTCAGAACGGCCCGGTGCGTGGCAAAGATATTTTTGTACCGCTGGATTTCATTATTGGTGGCGCCAAGATGGCCGGACAAGGCTGGCGCATGCTGGTTGAATGCTTGTCTGTTGGTCGTTGTATTACCCTGCCCTCCAACTCGGCCGGTGGTAGCAAAACCATTGCTATGGCAACCGGTGCTTATGCACGCATTCGTCGTCAATTCAAACTGCCAATAGGTAAAATGGAAGGGATTGAAGAAATGATGGCCCGCATCGGTGGCAATGCCTATCTGATGGACGCGGTTACCAGCATGAGTACCACGGGCGTCGATTTAGGAGAAAAACCATCAGTTATCGGCGCTATCTGTAAATATCATCTGACTGAAAAAGCGCGTAACGTAATGGAAGCGGCCATGGATATTCATGGTGGTAAAGGCATTATGTTAGGCCCGAACAATTATCTGGGTCGCGGTTACCAGAGTATTCCTATCGGTATTACCGTAGAGGGAGCGAATATCCTGACCCGTAATATGATGATCTACGGTCAGGGAGCAATGCGTTGTCACCCTTATGTACTAAAAGAGCTTTATGCTGCCAATAACGATGATCGCGCCGAAAGTCTGAAAGAGTTCGATCAGGCGCTGTTTGGCCATATCGGTTTTGCCATCAGCAACGTTTTCAGGGCTTTATGGTTTTCATTTACTGGTGCCATGTTTGCCAAAGCCCCGTTTAGTGACGAAACTGCGGGTTACTATCGCTCGATGGAAAGATACAGCACCAACCTGGCGCTATTGTCTGATGTTTCCATGGGTGTTTTGGGTGGTGAACTAAAACGTCGTGAACGTTTGTCCGCACGGCTGGGCGATATGCTCAGCTATATCTATCTAGCTTCAACTGTACTAAAACGTTTTGATGATGAAGGTCGTCAACAAGAAGACTTGCCTTTGCTGCATTGGGCTATGCAAGACAGTTTGTACAAGCTGGAAATTGCCCAGCAAGAGCTGCTACAGAACTTCCCGTCCAAACCTTTAGGAATACTGCTTAAATTGCTGGTTGCCCCTTTTGGCAATAAATACTGTCGTCCTTCAGATGTGCTGGATCATAAAATTGCCCAGATACTGCAAAACCCCTGCCCCAGCCGTAATCGATTGATCCAGGGACAATATCTGACTCGCGAAGAAGGCAATGTAATTGGCCAAATGGAACAGACTTTAGAAGATATTATTGCCTGTGAACCTTTGTATGAAAAAATCTGCAAGGCAGCCAATGAAAAGTTCTTCTTTACCCAACTGGACGAACTGGCTAAAAAAGGCCTCGAGCTGGGAGTCATTAATGAGCAGGAGGCTGAATTATTAACCCGTACCGAAGCTGGCCGTTTACAAGTTATCAATGTTGATGACTTTAAACCGGAAGAGTTGATGGTAGAAAAGCCGGAGGTTAAAAAGCCAGCAGCGGCTAAGGCTCCAGCTAAAAGAAAACCGGCAGCTAAAACCAGCAAAAAAGAAACCGAAAAAGAAGCCTGACAAGTCTTTGTTGGTTAATTAAGGCACCTTGGGTGCCTTTTTTTATTAGACCATATACAGCCCCAGTCAGATATTCAGCTACCTGCAGGTTACTCAATCCGATAACTGTTGGCCTACATGCCCTGTCATGTGATACTTACTGCACAAAGCATTATTTGCCAAGAATGCGTCACAGATAGGAACAAAATGTCAGACAAAAGTAATATCTCCGATTTTTTTAAACTCGAATCTGCTGGCGGCATTCTGCTTATGCTGGCGGCTTTGCTGGCCATGTTATGTGCCAATACTCCCTTAAATACCTATTACGAACTGTTTTTATCCACGCCGGTAGCAGTGCAGGTCAGCACGCTGGTGATCGCTAAACCTTTGCTGTTATGGATCAACGATGGATTAATGGCAGTGTTTTTCTTTTTAGTCGGGCTGGAACTTAAACGAGAACTGATCGAAGGCGAACTGTCTGACAAACGTAATATTATTTTACCCGGCGTTGGCGCAATAGGCGGTATGGTCGCCCCGGCGCTGATTTATCTTTATTTCAATTATGACGACCCCGTCGCCATCGAAGGTTGGGCGATCCCGGCGGCTACCGATATCGCCTTCGCGTTGGGAGTCTTGACCTTGCTGGGTTCAAGAGTACCGACCTCCATCAAGATATTTTTAACCTCACTGGCGATTTTTGATGATATTGGCGCAATTCTGATTATCGCGTTCTTTTATACCGCCAAAATATCGGTAACCTCATTGATTGTCGTGTCTCTGTGTATTCCTGTTCTGGCCCTGTTCAACTACCGCAATGTGGAATCCAAAAGTTTATATATTCTGGTCGGGATCATTATGTGGGTTGCGACATTGAAGTCAGGCGTACATGCGACGCTCTCTGGCGTGGTACTGGCAATGTTTATTCCGATTAAATCCAAGAATAATCCGGATTATTCACCGTTAAAAAGTATGGAACATGACTTACACTCGGTGGTGGCCTTTTTCATCTTGCCTGTATTTGCCTTCGCCAATGCCGGGATCAGCTTCACAGGGATGGGCATGGAGCAACTGTTTCACGGTGTTCCATTAGGCATTGCCGCCGGACTATTTATTGGCAAACAGCTCGGGATTTTCGGTTTATGCTGGCTGGCAATCAAACTAAGACTATCCCAACTGCCACAGGGAATGTCCTGGAGTTCGCTGTACGGCACAGCAGCATTATGCGGCATAGGCTTTACGATGAGTTTATTTGTGGGCGGACTTGCCTTTGAGGAGACCGGCGTCAATATTATCTTTGATGAACGGCTGGGTATAGTGCTGGGCTCGTTACTCTCGGGGATTGTCGGCTTTATCGTACTTAGAGCCTGCCTGAAACCCCAAACCGAAACAAATGAGTATGGCTGAAATACTTGGTAAGCAAGATGAATACGTTAATGAGGCCTTTAACGGTTTATCTTGCGTAGCAGATTCATTTGATCATCAACAATTTGATAGCTGCCGTTTCAAATCCTGTGACTTTAATCACGCAGTGTTCAATACCTGCAGCTTCGTCGACTGTT
NZ_CP150481.1_gap62	2307231	2310942	3711	TTCATCGGCTGTAGCTTGTACAATCTTTAACGGTTTTCGATCCGCAGACAAACGGCGAATTGTTTCACCCTGCTGGTGTTGGGACTCGGCTGATTTACCGGATAAATTCAACGCAGTCTGGCCACCGGTCATCAACAAATACACGTCGGCCAGAATTTCCGCATCCAGCAAGGCGCCGTGTAACTGACGATGCGAATTATCGATGCCATAACGTTTACACAGCGCATCCAGATTATTCTTCTGTCCCGGGTGCATTTGCCGGGCCAGCGCCAAACTATCCAGAACAGTACAAATTTCGCTGGTCTTTTTAATCGATAGACCACGAATTAAACCAAATTCGTGATCCATAAAGCCGATATCAAAAGCAGCATTGTGGATCACCAATTCAGCACCTTTGATAAAACTAATAAAATCTTCGGCAATATCTTTAAATACCGGTTCACCAGCCAGTTGTTCATTGGTTATCCCGTGCACCGCAATCGCTTCCGCTTCGATAATTCGCTGCGGATTAATATAGACATGGAAGTGATTGCCAGTCAGGCGGCGGTTAATCAACTCCACACAGCCTACTTCGATAATCCGGTGCCCCTGCTTTGGGTCAATACCTGTTGTTTCTGTATCCAGTACGATTTGACGCATGCTTTTAAACTGTCTTATTCAATGATGTCCGCATTATACCCAAGCCAAATCAAGATGCGAGAGAAGCCTTGGCCTATTGAGCCAGGATACGGACTGCATCGCAAGCTGGTTTCGTTATATACTCCGTCGCTATAACAACAACAGGATAAAAGGGCAAAGATGAAGCACGTAGAAATTTATACCGATGGTTCCTGTCTGGGTAACCCCGGCCCCGGAGGTTATGCCGCAGTATTAATTTTCGGTCAACATCGTAAAGAGCTGAGCCAGGGTTATCAGTTGACCACCAACAACCGCATGGAGTTATTGGCAGCAGTAGAAGGTCTGGCGACACTCAGTGAATCTTGTACAGTGGATTTAACTACCGATAGTCAGTATGTTCGTCAAGGCATTAGCCAGTGGATCCATAACTGGCGCAAAAATGGCTGGCGCACCGCCGATAAAAAACCGGTAAAAAATGTCGATTTATGGAAACGACTTGATGAGGCAAGCCACAAACATCAGGTTAAGTGGCATTGGGTAAAAGGTCATTCCGGCCATCCGGAAAACGAACGCTGTGATGAACTGGCGCGCAGTGCCGCCGAGGGCAACAACCTGCTCGAAGATAAAGGCTTTATCGCTACCAACTAACCACCAATTTGCCAATATTGCTATTGCCGGCCAATATTTGATGGGTGTGTTCGATCTGACTGCTATCAAACACCTGTTGAATATTGGCTAACAACTGATTGCGTTTTAGTAAATCACCGAATCGATGGTTGAACAACTGCACCAGTTGCGCCTTATAATCATCTGAACGATTTCGCAGAGTAGACCCTTGTAATTTAACGCGTTTACCCAGCAATAATGCAATATCCAGTTGTTCGGCATAACGTCCGCCTAACATTGCCAATTGGACAATTGTTCCATCCAAGCTAATAGCCTTGAGATTGCGATTTAAGTATGTGGCTCCTACCACATCGATAATCGCATCGACGGCTGTCCATTGTTGACGGATCACCTCTACAAAATCTTCCTTATGATAGTTAATCAGTAAGTCGGCGCCATTAGCATGACACGCAGCGAGCTTTTCATTACTGCTGCTGGTCACCGCCACCAGACAATCAGCATGTTTGGCCAACTGGGTAGCGGCCAACCCAACTCCGCTGGCACCCGCGTGGATTAAGACTTTCTGTTGTGCTTGTAGCTGGCACAGCTCGAACAGTGATTGATAAGCGGTTAGAAACACCTCTGCCATTCCCGCAGCTTGTGCCATTGTCATCTGCTCCGGGATTGCCAACAAATGTCGATAATCAACCACTGCATATTCGGCATAACCGCCACCCGACGTCAGACAAAAAACCTTATCGCCGATGTTCCAGCCCTTCACTTTCGCGCCAACTTCAATAATTTTTCCTGCAATCTCAAGACCTAATATAGTGCTATGCTCGGGCGGAGGCGGGTATTTTCCCTCGGCTTGCAAAACATCTGCCCGGTTGATCCCGAACGCGAATACCTGAACAAGTACTTGGTTGGCGTCGGGAACTGGCTCCTTCATCTGTGCCATTTGCAACTGATAGCCTTGCTTATCAGTTTGATGTTGAATAAATCGCATCTCACTGCACCTCAAATCCACTTAAATTAAGGGCCTCACAGGGTTGATAAATAACCTGTTCAACTATTGCCGCTGACGGCCCTATTTTCAGCCATTGCTGCATTTGGGTAATGGCTTGTGGCGCACCTTCCAACCACACTTCCACCCGCCCGTCAGACAAATTTTTGGCGTAGCCGTTAAGACCTAGCGCCTTGGCTTGCTGTTTGGCACTGGCGCGATAAAAAACACCTTGTACCCGGCCAGATACAAAAGCTTTTATGCAAGAATGATTCATTTGGTATAGGATCCTGTTTTTCCTCTACTTCAGTTGACCATGCTATGTCATCCAGCGTTATTTTGCAGCCCGAGCGTGAAAAATCACTGCTCAGAAAACATCCCTGGGTCTTTTCCCGTGCCATTCGTGAAACTCAGGGCAAACTTCGTAGCGGTGATACTGTCGATGTTTATAGCGATGCAAAGCAGTGGTTGGGTCGTGGCGCCTGGTCACCGGAATCGCAAATTCAGGTACGCATCTGGACATGGGATCAAGATGAAGTCATCGACAATGGCTTTTTCCTGCGCCGTATTGAACGAGCGTTAGCTGGTCGCCAGTTATTGATTGACCAGCACCAACTAAGCGGGTTTAGACTGGTTGCATCCGAATCAGACGGATTACCGGGTATAACGATCGATTATTATAATGGCGTACTGGTATGCCAACTACTTACCGCTGGTGCAGAAAAACATCGCAGTAAAATAGTCTGGGCACTACAAAAATGTTTTCCCGATGCCAGTATCTACGAACGTTCCGATGTGGCGGTACGTGAAAAGGAAGGTTTGCAACAAGTCACTCAGGCTTTGCATGGTGACGTACCTGATGAGGTGACGATCAGTGAAAATGGCGTCAATATTCTGGTCGATATAAAACAGGGTCATAAAACCGGCTTTTATCTCGATCAGCGCGATAATCGCGCCATTGCCGCCGGTTATGCTAAAGGTAAAGACATCCTGAACTGTTTCAGCTATACCGGCACTTTTGGCAGTTATTGCCTGGCCGCTGGCGCCAGACATATTACCCATCTGGACGTCTCTGATCTGGCTTTAAACACTGCCAGACGCAACACCGAAATCAACCAGCTGGATACCAGTCAATGTGATTTTATTAATAAAGACGTATTTGAAGCATTGCGTGAATACCGTGACCAAGGCCGCTATTTTGATATGATAGTGCTCGATCCTCCCAAGTTTGTCGACAGCAAAGCCAGTCTTAATCGGGCCTGCCGCGGCTATAAAGATATCAATATGCTGGCTATGCAAATTTTAAAACCTGACGGGATTTTGCTGACATTTAGCTGCTCGGGATTGATGACCACCGACTTGTTTAACAAGGTGGTAGCCGATGCGGCTTTGGACGCAGGACGAGAGGTTCAATATATCCAGCGCATGACTCAAGCCGCCGATCATCCAATCAGCTCCGCCTTTCCGGAAGGATTTTACCTGAA
NZ_CP150481.1_gap63	2443672	2446759	3087	GATTCGCTACCGTTATTCGGCTGACTTGTTGTTCTTTTAAATGGCGTCCAACCAGCTCAATAGTTTCTCCTGCCCCGATCAACAACACATGACTGTGCTGCAACGAACCGAAAATATGTTTTGCCAGTTGTACCGCAGAATAAGCCACCGACACTGAATTGGCACCAATATCGGTATCCGAACGGACTTTCTTGGCAATAGAAAAACTTTGCTGGAACAGTCGTTCAAAATTGGAACCGACATTACCGGTATTTTTGGCGCTGGAAAATGCCTGTTTAAGCTGCCCCAGCACCTGTGGCTCACCCAACACCATCGAATCCAGGCCGCTTGCCACCCGCATCACATGGGTAATCGCCTGCTGCTCCTGGTGCAGATAACTAACGTTGTTCAGCTGTTCAACATCGAGTTGGTGATATTCGGCCAACCACTGCACTAACAAGTTGTCTGCTTGCTGTTCTGTATAGCAGTATATTTCGGTGCGATTGCAGGTAGACAGGATCACAGATTCCAGACAGCCTGTGCTTTGATGCAAGCTACGGTATGCCTCGATCAGCTGCTCAGTGGAAAAAGAAACTTTTTCTCTTATTTCAACCGGGGCAGTTTTATGGTTAATTCCTAGTACAATAAGACTCATGCAACTTGTCGTTATGCTATTGAAAGGTGTCCGGGATTTGAATCAGACAGTCTGACCCCAATTCAGCGCCGCATTGTACGTAAAAGCTAAAACTATTGAAAGCATCGGTCACACTGTGTTCCCATATCGCAAAGTTTAAATAACAAGAATCCTATGAAATTTACTATTTCTTTTCTGCTTGTCTTGCTACTGGGTGCCTGTAGTAGTCGCCCCAATCTGCCGGCAGAATCGGTTGAAAGTCAGCTCCATCAGCAGCAACTTTCCCAGTTAACCCACTGGCAAATTGATGGTCGAATGGCTTACATCGATGGCAAGGAAAAACACAGCGCCAATTTTAGCTGGCAGCAGCAACCCGGCACCTTCAATCTGGATTTACGTACTTTTATCGGCACCAGTATTTTACATTTACAACAACAAAAACAGAACGCCACGCTAGAAATGGACAATGAATATTATACCGCGCCCAACGCGACCGAGTTACTGGATAAACTCACCGGTTGGCATATTCCGGTCAAACAACTGAGCACCTGGATCAAGGGTCAGTCAACCGGCAAAGAACAGGTTACCCTGGCCACTGCTGGTTGGGTTGAGCAGCTAATTTATCAGGGCTGGCGGGTTGACTACAGTCATTACCAGGCCGTTAGTCATCTGGCCCTTCCCCACGAAGTGCGGCTGCAAAAACAACAACGCAAAATCATCTTAAGAATTAATCAATGGCAACTGAATTAATAGCATGGCCGTCACCGGCCAAACTGAACCTGTTTCTACATATCACCGGGCGACGCGCTGATGGTTATCATCAGTTGCAGAGTTTATTTCAGTTACTGGATTACGGCGATACATTAAAGTTTGCGATCACAGCCGATCCACAATTAAAACTGATGACGCCGATCGCGGGTGTTGCAGACCAGGACAATCTGGTGATGAGAGCCGCTACTGCGCTAAAACAATGGTCTGGTTGCCCCCTGGGCGCAGACATCTGGTTAGAAAAAAAACTGCCGATGGGCGGTGGCATTGGCGGTGGTTCCTCAAATGCGGCGACCACATTGGTCGCGCTTAATTATTTATGGGGACTGGACTTTTCAATGAAAGAACTGGCCCAAATTGGCTTGAAGCTCGGTGCTGATGTACCTGTTTTTACTGAAGGTTATACCGCGTTTGCCGAAGGCGTCGGGGAAAAATTGACTCCCATGCCCCAGCAAAAAAAATACTATTTGGTTGTCAGCCCCAATTGCCATATTAGCACCGCTGAAATATTCGCTGCAGCCGAGTTACCCCGTAACACCACTGTCATAAATGCTAACCAATACACCTTCACGTCAACCCGGAACGACTGCCAAAATTTGGTTTTTAGCCTGCAGCCTGCTGTTGCAAAAGCCTTTAACTGGTTGATAGAATACGCGCCGTCGAGGATGACAGGCACAGGCGCATGTGTGTTTGCTATATTTGATGATGAAATTTCCGCCAGAACTTGTTTAGAACAACTTCCGGCCGAATTTTCCGGCTTTGTAGCTCAAGGCGTTAATCGTTCGCCATTACATGAATTGCTAGCAACGCTGAAAAATCAGTCAAATTAACCACATGCTACTGGCTAAACGAACAACTGGGTACCCCAAGACCTAGCCATTATTTCAATTTCACCTCCGAGGGCTATATAGTGCCAGATATGAAACTTTTTGCTGGTAATGCAGTACCAGAACTCGCCCAGAAAGTGGCTGACCGACTTTATACCAAGCTTGGCCACGCCAGCGTAGGACGTTTCAGCGACGGTGAAATCAGCGTAGAAATCCACGAAAATGTACGTGGTTCAGATGTTTTTATTATCCAATCCACTTGTGCTCCGACCAACGACAATTTGATGGAATTGATCGTAATGATCGATGCGTTACGCCGAGCCTCAGCCGGTCGTATTACTGCGGTTATTCCCTATTTCGGTTATGCCCGTCAGGATAGACGCGTGCGTTCCGCGCGAGTTCCTATTACTTCTAAAGTCGTCGCCGACTTTTTGTCTAACGTTGGTGTTGATCGGGTCTTGACTATCGATTTGCACGCAGAGCAAATTCAGGGCTTTTTTGATGTACCGGTCGACAATGCTTTCGGTACCCCCATACTGCTGGAAGATATGCGTAACCGTGAATTCCATAACCCGGTAGTGGTTTCACCGGATATTGGTGGTGTGGTGCGTGCACGAGCATTGGCTAAATTGATGAACGATGTGGACTTGGCCATTATCGATAAACGTCGTCCCAAAGCTAACGTTGCCCAGGTAATGCACATAATCGGTGACGTACAGGATCGCGATTGTATTATCGTTGACGACATGATTGATACCGGCGGCACCTTGTGTAAAGCGGCAGCGGCATTGAAAGAACATGGTGCCAAACGAGTATTCGCCTACGCGACTCATGCTATATTCTCCGGTAACGCCAAACAAAATATTATCGATTCGGTCA
NZ_CP150481.1_gap64	2448780	2449640	860	CCTGGCCGACTTGGATAGCGTTGAAAAAGCCATTCTTCGTGTAGGCAAACGGGCCAAGAGTGGTGACGCCGATGCCAAGTTTGAGCTTAAAGTACTGGAAAAGCTGGTTCCCCAACTTAATGAAGGCCATCTGCTACGTGCAATGGATCTTAGCAAGGAAGAGAAAGCTGCGATCAGCTATATGAATCTGCTGACGCTCAAACCTATTATGTACATTGCCAATGTTAATGAAGACGGCTTCGACAACAATCCTTATCTCGATCAGGTTCGGGCTATTGCCGAACAAGAAAATGCAGTCGTTGTTGCCGTGTGTGCTGCCATCGAGTCAGAGATTGCCGAGTTGGATGATGCCGACAAAAAGGAATTTCTGGATGAAATGGGGCTGGAAGAGCCGGGTCTAAACCGGGTTATCCGTGGTGGTTATGAATTACTAAACCTAAAAACCTACTTTACCGCAGGTGTTAAGGAAGTGCGTGCCTGGACTTATCCTGAAGGTTCCACTGCGCCGCAAGCGGCGGGTAAAATCCATACCGATTTCGAGAAAGGTTTTATTCGTGCAGAAATTATCGGTTTCGATAATTATGTCGAATTTAAGGGTGAACAAGGTGCCAAAGATGCCGGTAAATGGCGGTTGGAAGGCAAGGAATATATTGTTAAAGACGGCGATGTCATCCACTTCCGGTTTAATGTGTGATCACAAAACAAACAGCCGAGCCCACTTTTTAGTGGGCTTTTTTATACCTGCCCATAGCAGTTGCGCAGATACTAGCCAGTCAGACATTTTACGCCAAAAAAGGGGTTGACGACCCTTAGGCAGATGAGCATAATACGCGCCTCTCGAATGGCTACGTAGCTCAGTT
NZ_CP150481.1_gap65	2452120	2454542	2422	TTATCATTTAAACAACAGCTTCTCCTGTTAATCATTATTCCTCTTGTCGGCTACATTCTCTTCGCTGGCAATGATCTGGCCGGTAAGCTGACCTTCGCCCAACAAATGGATACCCTCACCAAACATATCCAGCTTGCCTCCATGAATTCTTCACTGGTACATGAATTACAAAAAGAGCGCGGTAATACAGCCGGTTTTTTGGGGTCTAACGGGACTCAATTCAGGCAATCATTAATCGAACAAAGACAATCAACAGACAGGGCAATAAATGCCAGAAACACTTATCTCGCTACTCTGTCTTTTATTAACCAGCCGGTCCTGAAGGACAGCCTGAACAAGGTCAGTGATGAGCTCACCCGTCTAACATCCAATCGACAACGAATAGATGCACTGGATATGCCACTCAATTCTGCTCTCGCCTACTACACCAATCTAAACAAGCACTTGCTGGTCATTGCCACCCACATAGCCAAACAAAGTCATAATGCCCAAATCAATCAGCTTATTATTGCTTACGACAACTTTCTTCAGGCAAAAGAAAGGGCTGGAATAGAACGAGCTGTGCTGGCCAATGTTTTTGCTACCAATCAGTTTAGTCCCGGCCTGTTTGTTAAATTCCTGAATTTGATCAATGAACAGGATACCTACACTCACCAGTTCGAAGCGTTTGCGGACCAATCGGCCAAACAGTTTATGGTTGATACCATGAATGATTCAGCAATAGATGAAGTTAAAAGACTCAGGCAAGTTGCGATTGATAATGCCAACACAGGTCCTTTCAAGGTGGACAGTACCTATTGGTTCGAACAAGCAACACGTCGAATCAATTTTCTCAAGCGAGTTGAAGATTTTCTCAACCAACAAATATTGAACAAGACCAACGAGCTAAAATCACAAGCGCAAGGCAGTCTGATTAGCAATGCATTAATTGTCGTAACACTGCTTATCGCACTAGGTTTGTGTACATTCCTAATCCTGAATTTACTAAACAAACAGGTCCGCTCGATCTCAAGTACACTGTCGAATGTGACGCACCGACACCAGTTGAACGTCAGGGCACAGGTGTTCAGCCAAAATGATCTGGGCCAAATAGCAGATGATTTGAACAACATGCTAGAAGTCTTTAGCGACACCATCAAAAAAATCGCACATGCATCAACTGATCTGGCGTCCACATCCGAGCATACTTCATCTGCTATTAAACAGAGCCAGAATTTACTCAGTGAACAACAAATGGCGACCGTACAGATTGCCACCGCAATTGAGCAAATGGTCGCAACAACCAGGGATGTCGCGCAAAATATTGTCAGTGCATCGGATAGCGCCGCTTCTGCGACCAGACTCACCGAGCATGGCCAAAAGGTTGTCGACGAATCGGGACAATCTATCGCCTCGTTGGCAAATGATGTATCTCATTTAGGACAACGAATTGCGCATTTGCACGATAGCAGCAATAACATTACCAAAATGATCGACATCATCAAGGCGATTGCCGAGCAAACCAATTTATTGGCGCTTAATGCGGCTATAGAAGCTGCACGGGCTGGCGAACAAGGACGAGGTTTTGCGGTGGTTGCTGATGAAGTGAGAACATTGGCGAAACGGACGCAGGTATCTACCCACGAAATCGAACAGATCATTACAACATTACAAGCTGATGCCAATAGCGCCTTTGAGTTGGCGGAAATAAGCCAGCAAAAAGCGGCAGACGCTGTAACCAAAGCCGGCAATGTCGAGACACTGTTAACCGACGTGAGTCAGTCTATCGGTACAATTGATGATCTCACCGATCAAATAGCCGCTGCAGCAGAGCAACAAGTTAGCGTAAATGAAGAAATTAGTCGTAATGTGCTACAAGTCGAACAAAAAGCTCAACAGACCGTCAGCAGCAATGATCAGGTGGCAGAAACCGCCCAAAGTCAAAGTCAGCTAGCCCTGCGGCTTAAAGAGTTATCCGGTTTATTTGCTGTTTAATCTACGACAGGCCCAGCGCATATTTCATCATTTGGCGCTTCATCGGGGCAATCTTGTTGGTTGCCCCCAATACAGAGTTACGTAACCATTTTAGCGGTACAATATCGTTGCTGAAGGTTTTATACAGTAGGTCCATTCCATTGCTCATGAGTAAATTGTCATGCCTGCGACCTCGTTGATAAGCATCAAATAAATTATTGATATCTGCCTCCGTCCCAGGCATTCCATTTTTGTCAATTAGCTCCAGCAAACAACTGATATCCTTAAAACCGAGATTGACTCCCTGTCCTGCTAACGGATTAATGGTATGAGCGGCATCTCCAATCAATAACACACGCCCCTGATAATAACGATTGGCGTGCATGCGGTTCAGCGCAAAGCTGGCGACCTGCAGGATATCAAAGTTCACCAGCTCTGAAGGAAATGTCTTTTGTATCTCCTTTTTTAG
NZ_CP150481.1_gap66	2472926	2475742	2816	ATATTACAACGTTGCCAACGTAAATCTTGCTGGGTATTGACTCGCAACCCTTTGGTTTTACTGGCATCGGTAGTGGGACTGGGGGGAATTTCATAACAAAACATAAATACGGTTGGCGCAATATTGTCGGGAAACGCATGAAAACGTTTAGTGTCCGCACCACGACTAACATGAATATACACACCAAGATTACCGCTACCGTTACGTTGAACAAGCGTATCCACCCTATCGCGCCATTGCTGCAACGACCACTCATGTTTGATACCGATAGCGGCCAATCCTTGCTGCATCCGTTTGATGTGCGGAGCAAAACCCACCAAACGTCCCGCATAGGATGGCACCACTTCATAGATGCCGTCACCAAATAGAAAACCACGATCAAGGGGAGAAATTCGTGCCTGCTCAACAGGCATAAATTCATCGTTTAAAAACGCAATACTCATCAAATAATCCTGCTGAAAATTGTATGGGCGGGTTAAAATCAGCGCATAATAATCTATTCAAACCGTTTATGACACTGGCACCAGAGCTTGTTGCCGAATTTTATCAAACTGTTCTTTCAGCAGCTGTTGGGCTTCGCCGATTTCAACCGCCACAAAACGCACTATGGCACCTCGCTGGCACTGCGCCAATTGGGCCAAATCCAATGATAAAACCGCACCCATTTTGGGATAACCGCCAATCGTTTGATGATCATTCATCATCACTATCGGTTGTCCGTCGGCGGGAAACTGCACAGCGCCAAGACAAATCCCTTCCGAGACAAGTTGCTGTGATGACGCATTCACTTTTTCACCACTTAAACGATAACCCATTCGATCGCATTGATCGGTGACCCGATATTCGCTATTAAACAAGCGACGTTTCTGCTGACTGGAAAACAGCTTCTGCTGGTATCCAGCAATTAATCGTAGCGTTATTTGCTGGGAAAACTTGGGTCGGTAAGCAAAAGGTAACATCTGGTGCGGCTGTATCTGACCTTCACCAGGCAGCCTATCTCCCTTTGCTAACGCCTTACCGGCCAGGCCGCCAATTTGCTCCCTTACCACCGTTGAGGTACTGCCAAATTGCGGTTTAATCTTAAAACCACCGGAGACGGCCAAATAACTGCGCACCCCTTTGGCCGGATGCCCCAATTCCAGCTTTTGACCTGCCTTGACGGTAAAACTGCTCCACATGGGCATGGCTTGATCATCTAACAATACCTTCAAGGGTGCACCGGTGATTGCGATAGTGCAGTCCTGATGACAAACCAGTTGCAGGCCACCAAAAGTGACTTCGACACTGCTGGCCTCTAGCGGATTGGAACACAGTCTATTAGCCCAGTAAAAACTCAGGGGATCCATGGGGCCGCCCTGAGTTAATCCCAGCTCAGCATATCCGTTACGTCCATTATCCTGGATCAGGCTGAGCATCCCCGCTTGAACAATTTCAAATGCCACTATAGATGCCCTCCGGATTTTAAAAACAGACTCTTGGAGACCGCTTCAAACTGCACCTTGTCGCCCACACTCACCGGCATATTGGGGCTTGAATCAGGATCAAACATGGCCACGGCACAGCGACCAATAATATTCCAGCCACCGGGAGACGTCGCCGGGTACACAGCTGTTTGACGATCAGCGATGGCCACCGCGCCTTTAGGAACTTTGAGCCTGGGCGTGCCCAGTCGCGGAACGGCAATTTTTTTATCCACCATACCTAAATAAGCAAACCCGGGGGCAAAACCTATAGCGTAAACCGAATAAAGTGGCTGCTGGTGCAGATCGATAATTTGCTGTGGCTCCAGCTCAGTCAACTCTGCCATGCGCTGCAGATCCTCTGCCACCTCGGCACCGTAATACACTGGCAAAGTTATCGTTTTACCGGTCAATTCGGTCGCAGATTGCACTTGTTCCAGCAATTTACTGAGTTTATCGGTGATTGACACTATCCCGACGCTTTGTTGGTCATAAACCACCATCAATGAGGTATAGGATGGCACCAGATCAATCACAACAGCGTCCAGTGCCGATTCGATCAATTGCTTGGCTACACTAATTTGGGCCACCACCTGCTCACTTGGGTGTTCGGCAAAATAAATAATAACGGCATTTTCACCCGCGACGTTTATCTGCATTGTTCAACCATTTTCCGAATTGCGGTTAACGCCTCAACAGCCTGTGAATTGTCACCATGTACGCACAAACTGTCGGCCTGAAGTTGCAAGATTTTACCGCTATGAGTGGTAACAGAGCCGCTTTCACATAGCTGTTTTACTTGCTGAAGGGTTTTATCTATATCATGAACGGCACCGGCCTGCTTGCGCGACAATAACTGACCATTGTCGTCATAACAGCGATCGGCAAAGGCTTCAAAATAGAGTGTTATGCCAGCCTGATTAGCCTGTTCTTCTATTTCATCCTGATTTGCCGTTGCCAACACCATTAACGGCAATGAGCGATGATAACTGCCGATGGCACTAAATACTGCCCGACGTACATCTTCTTTGCTCATCATATCGTTGTACAGCGCGCCGTGCGGCTTGACATAGTCGATGACAATTCCGGCACATTTGGCCAAACCTTCCAGCGCTGCAATCTGATAATGCAACAGAGCAATAATTTCCTGTTCGCTACATTGCATGGAGCGGCGGCCAAATCCTTGCAAATCAGGATAGGAAGGATGAGCTCCGACACTCACGTTATATTGTTTGGCTAATAACAGGGTTTGCTGGATGGAAACCGGATCGCCAGCATGGAAACCACAGGCAATATTAGCCTGATCAATATGCGGCATTGCGGCACTTTCGCTTTCCAGCGTCCAGCGTCCATAAC
NZ_CP150481.1_gap67	2477997	2479918	1921	CCTGCATGAAGAATCACTGGATTTTCAACCCCGGCAAAAAGTAGAACTGTTAATCAGCGCCCGTACTGATTTAGGCTATAAGGCGGTGATCAATGGCACTCATCTGGGATTATTATTTAAAGACGAAGTATTCAAGCCGGTTTACATTGGTCAGACCCTGCCCGGCTACATCAAAAATATCCGCGAAGACGGCAAAATAGACTTGTGCTTCCAGTTTACCGATCAGGCGGCACGAAGTGATTTAACTAGTCAAATCATTGCCCATTTACAACAAAATAATGGCGTATCCGAGTTAACCGACAAAAGTGACGCTAAAGCCATATACAAGCAGTTTAATGTGAGTAAAAACGCCTACAAGAAAGCGCTGGGTGCCTTGTATAAGCAGCAAAGGATACAACTCGGCAAGACCCAAATCAGTTTGATTAAATAAGAAAAACTATTAGGGCGTGTTGATCTTTGGAGTGTGTTTTTGCAGCAGTTTGTAGCGTATTTATACAAGGCAGAGCGAGTGTGGTGTAGTTATTCTACATGAACGAGCGATAACGCCGTAGAAATGCGCTACAAACGCTGCCCCCACGGTTTTAAAGAAAGGGGTTCAACCTAACGCCTCCTGCTCTTTGTTGTCGGGTTTTGACTTAGACCCACTAGGCCTGCAACCCGGCGTCGCGATCAGAAGGCGTTGAACTTGAACAAAATTCATACACCAAAGATCAACACGCCCTAACAAAATACACATCTTGTTTACAAAACATTAAAGGTTAGACCAGTGTGTTTTTGCTTGTTTGGATATCTTTACTCGGCAAATGCCTTATTTTGATCTGTTATAGTTTCATTTCCAACGTTGGCTGCTAGTATAAAAAAGCACTTAATTATTTGAGTGCTATATTAGGGTCTGTTGACCCCCATGGTCTACAAATGTAATTCACTTTTGTAGTGAGTTGTTGGACTCCGTCGCGATACACAAAAATAAAGATGGTAGAAAACGCTCATATTCGACTTATAACTCATACACGCTCAGGCACATCAACTGGTACAGATAATGAAAACATTGAAGAAAGCCTCACTTGCCATCAGCATTCATGCTGCCCTTTTAACCAACGTCAGCATCGCTGCTGCTCAAGAAACGGAACAAAAACAGCCCGCTCTAGAACAGATTACCGTTACCGCACAAAAGCGTTCACAAACCTTGCAGGAAGTCCCTATTTCCATTGCGACCTTAAGCGGTGAACGTTTTAATGCCATGTTCTCTGGCGGAGACGACATTCTGGCACTAGCGACACGCGTGCCGGGATTGTATGCAGAATCCTCCAACGGCCGGGTTGCCCCCCGCTTTTACATGCGCGGATTGGGTAACACCGATTTTGATTTAGCTGCCTCCCAACCGGTTTCTGTGGTAATGGATGAGGTGGTAATGGAAAACGTGGTGCTGAAAAGTTTTCCGCTGTTTGACGTTGCCAATGTCGAAGTGATCCGTGGGCCGCAAGGTACCCTGTTTGGCCGCAACACTACAGCCGGTATTGTCAAATTTGATACGGTGAAACCCTCACAAAGTTTTGACGCCTATGTTAAAGCCGGGCTTGCCAGCTATGGCACTATTAACATCGAAGGCGCGGTTGGTGGAGCCTTATCTGACACTGTTTCTGCCCGACTATCGGTATTGTCGCAAGATCGCGATGACTGGATTGATAACGGCTACACCGGCGAAAAAGATGCCATGGGCGGCTTTGATGAAAAGGCCGCACGATTGCAAGTATTGTTTGAACCTAGTGAAGATTTCAGTGCCTTGTTAAATATCCATGACCGCACACTGGATGGTACATCTTCCATCTTCCGGGCCAATATCCTTAGCAAAGGCAGTAACGAGCTCAACGACAACTATGATCGTGATACTGTTTATTACGACAAAGGCGACAATAACCCG
NZ_CP150481.1_gap68	2592653	2593602	949	TTCAACCAATCTGCATAATTTATACGCGTTGCAGGCGGGACAACCTATTGATATTAACCAGCACCAGGCACTGATTAAAGATGACAGTATTCCGGTTATTTCCAGAGCGACCGCCATTACTTTGCTTGCCATGACCCAGAGCGAACTGGATAGCAAATTTATCAGTACGTTACTTGGCAGTGACGAAGCACTGTTTCGATTGAGTGCGGCGCAAGTTGCCAGTATTTTACCTGCTGCCGAGAAAGCCCGACTGCTCGGTCCGTTGCTCGACGACCAATATAAAGCGGTACGAGTCGCCGCAGCGCGCAGTTTGGTGGGGGTTAGCTTGTCGGGCAAAACCAAAGCCGCTTATAACAGGGCTTTTGACGAGTTAATCACCTCGTTAAAGGTCAATTCCTGGCGCGGTGAAGGACATGCGAATCAGGCCGCAATCCATATCGAACTGAACCAGCTCGACAAGGCTGCCGAACAATTCAGACAAAGCATTAGCAACGACCCTTATTTTCCGGGAAGTTATCTGGGACTTGCGGAGGTTTATCGATTACAACAGCAACAGGATAAACTGGATAAGCTTTATCACAGCGCGCTGGAACGCTTGCCTGAATCGGCAGAATTGCATTATTCATATGCCCTGTATCAGGTCAGAAAACAGCAATATACACCTGCGTTGGCTAGCTTCAAAAAGGCATACCAGTTGATGCCGGATAACAGTCAATATTTCTACGCCTATTTGTTATCAATGGATGGAACAGGACAATCCAGGCAGGCATTAAATACCTTGAAGATGCTATTCAGCCGTTTTAAAGGCAACCAACAGCTACTCGAACTGGGTTTGTATCTGGCACAAAAAAATCAGGACAGACAAAGCTATAACTGGTTTATGCAAAATAGATAATCACGCATTCACTTGTTGGCGACAAACCAAAAACAATGAACGCGATAAAACAAT
NZ_CP150481.1_gap69	2602287	2606856	4569	AGTGCGCTACCAAGCTGCGCTACATACCGACCGAAGGCGCATAGTGTACTCAATTATGCTTTCAATGCAACGGATTAGATCCACCAAATAGCCTGTTTGCCTAAAGCTTGAGCATTTTGGTATGTTCCGCGTGTTTATTTGGCCCCGTCACTGCCGTCGGCGTCGATACGACTGGCGATGGCTCCATCCTGTCCGCGATATTTGGCATCCAGCCGCGAATTATAGGGTTTTTCGGCATGGCCGGACATCATTTCAAAACTGACCGCGCCGATTTTCATCATTGGTTTTAAGGCTAAAGGCAATTTACCGCCATTGAAAAACTCCAGCACGATATTGCCCGACCAGCCCGGATCAATGCGGTGTGCGGTGACATGCACCATTAACCCCAGTCGCGCCAGTGAAGAACGCCCATCCAGCCAACCAACAATATTGGCCGGCAAAGTGATAGATTCATGAGTCACTGCCAGCGCCAGTTCACCGGGATGCAAGAAAAATGCTTTGCCTTCATCGAGAACAATTTCGTCGCTCATCACTGAATTAAGCGCGGCTTGCATGGATTCTTTGGTGCCACTCAAATCAATATAAGGTGCGTGGTGATCCTGAAAGACACGAAACTTGTTACCTAGTCTGATATCTACCGTGACACCACTGATCATCTCCTGTGCCGGAGGCGGATTAATGGCAATTGTTCCTTCCTGTAAATATTTGACGATGTCTTTATCACACAAACGCATTGTTTTTATTCTCGATTGGCAGTGGTTGGCTAATAACTGAAACTGATGACATTTTTGTCGCCGCCATTATACTCATGCCGATGGAAAATACACCTATCATCATTCAGTTGCGAGAGTCGAGCTTCGCGCTAGGTGCAAAGACCAAAACCTGCATTGGCTTGCCAACAAATATTAACTACATCATCCCGGCATCGTTTTGATCGAGAATGACGGCTCGAGGATAAACAATACTGACGGCATAAATGCCGACCTACAATCTACCATGAGCTATTGTAGGTCGTGGCTTTAGCTCGACGCTCGCAGCCCTCAACTCAAAGTTGTCAGGACAAATTGGTAACCGAAATTTTCTGGCCGGGTTTTAGCGATTGCAAATACAGCTGTTTGCTCATATTGCGTGCTGCCGCCCGATAGCTGGCGCTTAGCGGACTGTCAGGCTCGCTGATTAGCAATGGCTCGCCCTTGTCGGCGTGTTCACGAATAACAATATCCAGCGGCAACTGCCCCAGCAATTCCACCTGATGATCTTTAGCCAGTTTTACCCCGCCTTCGCTGGCAAACAGCATTTCTTTGTGTCCGCATTGGCGGCATTGGTAATAACTCATATTTTCGATAATACCCAGCACCGGCACATCGACCTTATTAAACATGGTGATGCCTTTTAACGCATCGGCCAGGGCAATATCCTGTGGTGTGGTCACTATGACCGCCCCGCTTACCGGCACGCTTTTTGACAAGGTCAGTTGAATATCGCCGGTGCCCGGCGGCATATCAACAATCAGATAATCCAGTGCTGGCCAGGCGGTTTCCATTAACAGTTGCTGCAAGGCTTTACTGGCCATTGGTCCACGCCAGATGGCGGCGTCTTCGGCTGGCACCAGATAGCCAATGGAATTGGCCACCAGACCATGAGACTGCAACGGTTGCATATGCCGGCCGTCATCACTATCCGGTTGCGCGTTGGGATTACCCAACATAATGGGAATAGAGGGACCATAAATATCCGCATCCAGAATTCCCACCGTTGCACCTTCCTGAATCAATGCATAGGCCAGATTCACCGCGCTGGTGGATTTCCCCACCCCACCTTTGCCCGACGCCACCGCCAGCACATTTTTGATACAGGGAATGGGTGGATTATTGGTTGGTAATGGCATAATCGACTGGCTAAAGGCCAACTCTATTTTATCCAGTGACTGATGGTGTAACCATTGCTGCAATTCACTCTGCAACGACGGTAATTGCGAACTGGCGGCAAAGGGGATTTCTATAGATAATTTATTGTTTTTGGCACTTAACCATCCACCAACACAGCTTGGCGGAATCGCGTAAAATTGGCCGATTTCCTGCTGTATTTGGCGACATACTTCATCGGTTAGCTGCTTTTTGCCAAAAATCATGGTTTTCTCCGGTTAGATAAGCGAATTTGTCGATGCAAAGCGTGGTGGTTTTCGGTAACATTCGCCACCTCTTTATTAGCTATGGTTTTCCGTAATTATTATGACCCAGACACAGCGCAAAATTCTTGTTACCAGTGCCCTTCCCTATGCCAACGGCTCTATTCATCTAGGCCATTTACTTGAGCATATCCAAACTGATATCTGGACAAGATTTCAACGCATGTGCGGCCATCAATGTTACAGCGTCTGCGCCGATGATGCACATGGTACACCGGTTATGCTCAAGGCCCAGGAGCTGGGTATTACCCCCGAGCAAATGGTGGCCCAGACTCGCGCTGAACACCATCAGGATCTGATGGACTTCGGGGTGGATTATAACAACTACTATGTCACCCATTCAGACGAAAATCGTGAAATCTGTGAATTAATTTATAACCGCCTGGACGAGGCTGGTTATATCGTTAAACGCACCATCAGCCAGTTGTTTGATCCGGAAAAGCAGATGTTCTTGCCCGACCGCTTTGTCAAAGGCACCTGCCCAAAATGCGGCGCTGAAGATCAAAACGGTGACAGCTGCGATGTCTGTAGTGCCACCTACAGCCCGGTTGAAATGAAAAATCCCCGTTCAGTGGTATCCGGCGCGACGCCGGTATTAAAAGATTCCGAACACTACTTTTTCGACTTGCCGCAGTTTTCCGACATGCTGCAAGACTGGATGAAAAGCGGTGCCATTCAGGCCGAAATGGCCAATAAACTGCAGGAATGGTTTGAGGATGGCTTACAGCAATGGGATATCAGCCGAGATGCGCCCTACTTCGGTTTTGAAATCCCCAATGCGCCGGGCAAGTATTTTTATGTGTGGGTAGATGCACCGGTTGGCTATATGGCCAGCTTTAAAAATTTCTGTGATAACAACAATATCGACTTTGATGAATACTGGAACAAGGATTCCAGTGCCGAGTTGTATCACTTCATCGGCAAGGATATTACCTATTTCCACTCGCTGTTTTGGCCCGCTATGCTGGAAGGTGCCGGTTTCCGTAAGCCCACCGGGGTAAATGTGCACGGTTTTGTGACAGTTAACGGTGCCAAGATGTCCAAATCCAAAGGTACCTTTATTAAAGGCCGTACCTTTCTGGAGCACCTGAATCCGGAATATCTGCGCTATTACTACGCCAGTAAACTGAATGACGGTGTCACTGACATCGATCTGAATTTTGAAGACTTTGTACTAAAAGTAAATGCCGATCTGGTCGGTAAAGTGGTCAATATCGCCAGTCGTTGTGCCAGCTTTATCACCAAACGTTTCGACGGCAAACTGTCCACCAATGTGCTGGATCAAGATTTAGTCAATCAATTCCAACAGGCCTCTGGCAGCATTGCTGAAGCATTCGAGAAACGTCAGTATAACCGTGCCATTCGAGACATTATGGCGCTGGCCGACAAAGCCAACCAGTTTATTGATGCCAATGCCCCCTGGGTAAGCATCAAACAGCAAGGCCAGGAGCAATTTACCCACGACGTCTGTTCAATGGGCATTAACCTGTTCCGTATTCTGGTTACCTATTTGAAACCGGTATTGCCAACAATGGCAGCGCAAGCCGAAGAATTCCTGAACGACACATTGACATGGGGTAGCGCACAAACCTTGCTTATCGATCACCCTGTCAATAAATTCAAACCGTTAATGCAACGGGTCGAGATGGATAAGGTTAATCAGCTGATTGAAGCCTCCAAAGAAGATTTACAAGCTACACAAGGCGCCAAAGCCGATCCTGACAGCGAACTAGCCAAAGATCCTATTGGTGAAACTATCGAGTTCGCCGATTTTGCCAAAGTGGATCTACGTGTCGCCTTAATTGCCAAAGCCGAGCATGTGGAAGGTGCGGAAAAATTACTGCGCCTTGAGCTGGATTTGGGTGGCGAAACCCGCCAGGTATTTGCCGGGATAAAATCCGCTTATGCACCGGAAGACCTGCAAGGTAAATTAACCCTGATGGTTGCCAACCTGGCTCCGCGTAAAATGCGTTTTGGTTTATCCGAGGGCATGGTACTGGCCGCAGGTCCCGGCGGAAAAGATCTGTGGGTAATGGAACCTCATGCGGGTGCCAAACCGGGTATGAAGGTAAAATAACCCTATTGAGTGTGAATAGCGGGCTGTCAGTTAGCCCGCTTTTTTATGCTTGTTATCCACTTCCCCCAAACACAAGCCTAAAAGTCAAATTGTGGTTCGACTATTCGTTCCTCACGCTCACCACGAACGGTTGCTCGCCATTCCTCCTGATTATCAAAAACGATCTGTCGAAGGGAAACGCAACTCAGTCTCGACGGATTATTTCCCACGTCCACCATTCCCGTTGTTCGGTTTACGTTCGCCTTGAGCGCGAAGAATGAGCTGTCGAAAGGCTAAAATCAGTTTAAAGATAACCGCCTACAAA
NZ_CP150481.1_gap70	2614073	2618290	4217	AGTAGGCGATGTTTTCACGTCCGGTCAGTCGTCCGTACAAACCGGTAGTTCCCGATAAGAAACCGATTTTTTTGCGGGCAATAAGAGGATTTTTAAGAACATCATCACCATCAATTCTGACAGTACCTGAATCCGCTTTAAGAGCGGTAGATAGAATGCGTAAAGTGGTGGTTTTGCCTGCGCCGTTGGGGCCAAGCAAGGCCAGAACCTGTCCATCCGGACAGCTGAAACTGACATTTTGCACCGAATGGAAGAAGCGTCCTTTCAAACGCGGATCCTTGCGCTCCTGTTCACTGAGCTTTTTCGGATTTTCCACAGCAAACTTTTTGGCCAGTTGATGTATTTCAATCATTCCGTTATTCCCTTTTGCTTGTTTGGCACAAATTGATTAATCTGGCCATAATTTGAATTATTACATAGTATTCAAAGTCTTATTGCAACCGTACCAACCTAGGTTATGTAGTAACAAAATATTAAGGGAATTCAATGGAACAGAAATACACCCCATTTCAAGCTTGTAGCGATATATTCTTTAAGCCTAACCGCGTATTTGCTGCACTGACTCATCAACATAACTGGTCATGGATCCCGTTTTTTTTGGTCATACTGATGGCCACTATGCCAATTTATCTGTATTTCAATTTTGTCGACTTTGAGTGGTACAAGGAAATTATTGTCCAGGCCCAGGCGGGCAGCAAAAGTCCCGCCGAGCAAGCTGCCTTTGCCGATCGACTCAATAAAAGTAATATGCAAATTTTCAGCATTATAGGCATAGGCTTCGGGCTGATTGTGGTGAATGCCATTATCGCCCTGTACCTGAATATTATGGCCAAGATGGATGAAAATAATGTCAATGGTTTCACCGACTGGTACGGTTTTTTATGGTGGACGTCGATGCCGATTGTGTTAACCGGCTTAATCAGCTTAACGGTTATTGTATTGTCCGATAATCATCAACTGCCAATGGAATCACTCTCCCCCTTAACGCTTTCCTATCTGCTAGGATTGGAAGCAACTTCAGACTGGTACAATCTGGCCAGCAATATCCGTGTCGAGTCATTCTGGGCCATGTATTTAATTGCTGTAGGCATTAGCCAGTGGACTCAATTAAGCAATAAACAATGTTGGGCAATCGCGGTGGCTCCGAGCCTGATAATATGGGGCATTTGGACCATTATAAAACTGGTATAATCTATACTCGCTTCAACAGATTTTGCCGGAAAAGTTCATATGATGAATCAGTTCTGCTGTCTTCTTGCATGCCTTTGTTGCATTGCAATTACGTTTGGCAAGATGGCTAATGCGGCCCATATTTCACATCTGGCGTCCCAGAGTGGTACACAACAATTACTGGCTGAATTTAATCCGGACTGGCCACCTTTGCTGGTGTTGACCGAACACAGTCCTCCCGGCGAATATCTGGATGAGAACGGACAATTAACCGGGGCAACGGTTAATCTGGTGCGCCATTTAATGGAGCAAATGGGCGAAACCGGCAATATGCTGTTGCTTCCCTGGGCCAGAGGGCTGGAAATGGCCAAAAACCGAACCAATATCGCCCTGTTTGAAACCATTCGTAATAACGATCGCGAGAACCAGTTTAAATGGGTAGGCCCCCTCAAGCATTACCAGATTTCCCTGTATGCCCGCACAGATCGAGTGAAACCGAGGTTAAGCATGCAACAACTAACACAAGGCTACAATGTCTGTGCCAATCGCGGATCCGTGTACGCCAATATGCTGCAAGATCAAGGATTCATTGTGAATAAAAATCTGGTGCTGACCGTCAACGAAGATCGCTGTGCACGCATGCTGGTACAACAACGGGTTGACTTGGCTCCTTTTAATGAAAATACCATGCAACGTCTGGAAGCCAGTTACGCAATGGGTAATGTACAACTTTTTCCAGCAATATTATTGACCGACATTAAGCTTTATATCGCTTTTTCCAAAGATGTCGATGACGCACGTATTCTGCGTTGGCAACAGGCACTGGAAACCAGTTATCAGGATGGCACAATGCGTAAACTCTACACCGGCGTTTACACTGAACAGGCGATTAAACGTCTGGAACAGTTTGCAGCCAAACAGACCTTGCTTTCCCACTAATCGGCTTATTCAACGCTTGGGCTTAGGCATAAAATAGTTTTTATTTTGATAGAATTCAGCATGCTGATTTTGCTCATACCAGTCAGGAATCCCTAGCAATGGCAAAGGCGACAAACTGTTTTTATCCGCCAAAACATTGTGTTCAAGTTGTTCCAATAATGCATTATCCAGTATTTTGCATTTTTGCTGCCAATCCGCCGACCAGTATTGCTCACTCACCCTTAGTCCTAAAAATTTACCGGTCAACCCAATAAAGGGTTGCAGCAACATTTCGTAATTAGCATGACCAAAAAGAACGGCGTCAACCTGCCCACCCCATTGCTGTCGACAATCCACAAATGCCTGCTTCCATTGGCGCTCGCGCAGTAATGCCGGTATGTGCTCATCACTGTAAGCCAGCAACACACCGCATTCATCAAAATGGGTAATGCGATTGCGTCTTGGGGTACGCGGATTTAATCCAAACTGATTAATATCTTGCATATGCTGACGGTTCAACTCGGCTTTGCTGAGTGGAAAATTCAGCCAGATACAGGCATTAAACAAGTCATGCCAGTTCTGCATGCGGGTCGGAATAATGTGACGCCTGAAAATAATCTGTTCGTAATAGTCGCTTTCATCAACCAAATCTTGCTGCGCAACAAAGCGCTGCGAGAAGTCAGATAACCGATTCAGATATTCACAATCCGGCCAGTCTTCAAGCTGTTCAAAACCGAAACGGGCCAATTGATTAAACGGGGGATGTTGCCAAATATGATAAAACCACTGCATAGGATTAGAGTTGCGATACGCTTTTCCCTATACTGTCATAATTTCCAAAACGAGAAGAGTATAATAATGAAAAAACATCGATATCTTGTCACATTGCTACCTCTTATTGCCCTAGGCGGTTGCGATACCCCCACACCAGACACTGAAAGCGCAGCACAAACAAACGGCTTTGAGCAAGTTTATCAGTCGATTAGCGCCGACGATTTAAAACAGTACACCAAAGTCATTTCTTCCGATGAATTTGAAGGACGTTCCCCCACCAGTGCTGGCGAAAAGAAAACTCTCGACTACCTCACCAACGAATTCAAGAAACTGGGATTACAGCCGGGCAATGGTGACAGTTATCTGCAACCGGTGGAACTGCTGGAAATTACCGCCGATCCGGATATGACCCTATACATAGGTGATGAAACCTTGCCCTACGGCGAAAATATGATGCTGGGCACATCGCGTGAGCAAGAACGAGTTGAGCTAAAAGATTCTGACGTCGTCTTCGTCGGCTATGGTATCAACGCGCCGGAATATAACTGGAACGACTACGAAGGACTGGATGTAAAAGGTAAAACAGTGATTATTCTGGTCAATGATCCCGGTTTTGAGAATCCGGACAGTGGCAAGTTTCAGGGTAAAACCATGACCTATTACGGCCGCTGGACCTATAAATATGAAGAAGCCAGCCGTCAAGGGGCTGAAGCGGCCATTATTGTGCATGAAACAGAACCGGCCTCTTACGGTTGGTCTGTTGTCGCCAATAGCTGGAGCGGACCACAATATGGTTTGGTCAAGGAAAATGGCAATATGGACAGAGTCGCGGCTGAAGGCTGGATAGCTCATGAAGTGGCGCAAAACCTGTTCCGTCATGCCGGCTTTAATTTTGATGAAGAAAAAGCCAAAGCCCTGCAAGGCCCCTACTCACAGCCGCTGAATATCAAAGCCTCGGCCACGATCAACAGCACCTTGAAAAAATCCGACAGTTATAATGTGATAGCCACACTGCCAGGCTCCAGCACGCCTGACGAACATATTATTTATACCGCTCATTGGGATCATCTGGGTAAAGATGACAGTCTTGAAGGTGATCAGATTTATAACGGTGCACAGGATAATGCCAGTGGAACCGCCGCAGCGTTAACTATGGCCAAGGCTTTTGCCAGCCTGGATACGGCCCCTAAACGCTCGGTGACCTTTTTGGTGGTAACCGCCGAAGAACAAGGTCTGCTGGGTTCCAAATACTATGCCGATCATCCGGTTATTCCGCTGGCCAAAACGGTGGCCAATATCAATATGGATGCGATGAATATTCTGGGTAGAACCAAAGACGTAACGGTTGTGGGTAA
NZ_CP150481.1_gap71	2624271	2624883	612	TTTTACCGTTTTGGATAAAAATCGAGCCATTATCGATCTGACCTCCTATGCCATCCAGAATGGTCACATTGGTGATCAACGCGGTTTGTGCCGGTAACGGCTGATAAGTACTCGGGAAGGGATTTTTATCTATTTCAACTAAAGGCGCCTGATCTTTATCAGGTTCATCACCGCAAGCAGTTAGTGTTCCTGCGGTAACAACAAAAAGCGCTGCCAAGGCTAATGGTTTGAGTGTTAATTGCATGCGTCATGTCCGGTTATTATTGTCATTATTGCCGCACAAGACTAATCCTGATTATTTCATTGTTCAAGTTGTGTGACGATTTCATCCGAATGGCGTAAGGTTCTAATTCGGCTGAATAATTCCTCAGCTTCAATATATTGACGACTTAGGTAACCCAGCCACTGTTTAATTCTGTTGGGATAATAACGCCCCTTGTCGCCAAAGATTTCATAACCGGAATACTGGATAAGAAGTTGTTTCACCTGCTCCCAGTTCATCGGCAGTTGCGTGCCTTTAATAACCTGGGCCAGATTCGGCAATGCCAGCGCCCCGCGGCCCAGCATCAGATCATAACAGGCTGATTGTTGCTGACATTGTTTGGCATCGTC
NZ_CP150481.1_gap72	2656408	2661005	4597	CGGCACACTACGCGATTTGCTACATTATCAAATCACAGGTAACACATTAGAATTTGGTACCAATCTGGAATACGGCGCAACCCACCAGTTTGGCCGCGAAGACGACGGCATTCCGCAGCGGGAATTCTTAGGCATAGGCTCCAACCCCTGGAACGACACCGACCATATCCTGAATATTCTGCAAGACCACCTTCAAAACGCTGTAACCGTATAACAGCAAAAGCGCCTGTATGCCATTTTAAGCGCTTATCTATTATTTAACCTATCAATGCTTGTTGTTGACCTAGTTAAACGATCCTGACAAGATTTAAACAGGGATTAGGGGGTCGCTAGGGCATGTCGGTTTGTAATTGCCTTTTTGTAAGACATTCCTGCGTCTTTGATGTATTTTGTCAGTCACTACTAAATATTAAGGATGATTATGTCACAACAACTTAAATGCATTTTTAAGCTTTCCTATAATTCAACCTCAACAGAAGATAATACAATTGACGCGACGGTTCTGGGCAATAGTCTTATTAATATGTCTGCGTTAATAAAAGAATCGACAAAAGTACTTCATGGTGAAGAATCAACGGCTAGAGTGGAAGTCCAAGCCCATGAGCCAGGGTCATTTGTTGTTGAGTTTGCCGCTTGGCTAGATGCAGGTGGTGCAGATGTATTGCAAACATTAGGTATAGTAACAACAGGAGCGGCAGTGTCTATAGGCAATGTATTTGCTGCATTAAAAGCCCTAAAAAATAGGACGCCAGTAAGTAAGTTTGTAGAAGGCGATACAACCAAAATTATTTTTGACGATGGTGAGTCAATATCCATTGCTACAAAAACCGATAAACTAATATCTAACTATTCAGTGAGACAAAGACTGGATCAGGTTGTTAAAAAAGCCGCTGAATATGAAGATGGTGCAACGGTCACCTTTCTAACTGAAGATGACGAAGTTATTGAGCAAGTTACTCCTGAACAGATTGAGTTTTTTAAAGCACCACCAAGAAAAATACTAGCTCAGGAACTCACTGAGGTAGACACCACGAACGTTATATTTACCGTGGTTGCACTAGAGAGCAAAAAAGGTTGGAAGATAAGGTTAGCTAATGGTGAAGAAGTCAGTGCGACAATGAACGATGATAGTTTTATTGAGCGTATTAATAACCGAAAGCGAGAATTTCTTAAAGGTGATATGTTTGAGATTAAACTTAAGACCATTACCAGAGAACTTGATGGTAAATCGTCAATTAGCAGATCAATAGAAGAGGTTATTCGCCATCGGGTGGATAAATCCAGAAAGGTAATATAAGTGCAACCAGATGATGTTTTGGCTCTATCCAAAGCTTTGTTTTATATTTTGCTTATTATTGCAAGCCCATTTATTGCAAGGGTAACGTACACTCTAACGCTACCAATTTGGGTTAAGTTTTTCGCGGGCGATTACCTTGTAATAATGATGGAGAAAGATGGTAAAAAGTTAGAAATCGTTGTAAATAAAAAAGACGATTTCATCGATGAAGTTAATGAAGCCGCCCAAAAAGCGGGGTTCAATGTAGATGAAAAGTAATAAGTCCTTTGATCTATCAATTGCTGGGTGTTCGGGGGCGCTTATTTTTATCGTTAACTCCATAGAGATAACGAAGGCCTATACAGCGCTCATTGTACCGTTAATTCCATTTTGTGTGAGCTTAATTGCTATTGGAATTGAATGGTGCGGATTATCATTGGGCATGAAATCCCTTAGTGCTATGAAAGAAAAAGAATCGTCAGCTCGTTACTATGCTGAATTAGATGCCAAAATAGCCACCTGTGAACAGGCTTTGCAAGCCGATATTACCGATTCAGATAAAGCCAAGTTTCAAAAAAAGCTAACAAGTTATTACGGGCTTAAATTGCAAGATGTAAGAACCACTCTAAAATAACCACTAACCCAGACTAATCCCCTTCCCACTCCATAGCCCGGCACACTGTCCGGGCTATGAAAAAACACACCTTAGTTAGTACATCACTCCAACCAGGAGTTTCCCATGTAACTGCAATGCCAGCAGCGGCCTTGTCTTTTGCTGCCCTGAGTAACCAATCAGAACAGCCGCTGGGTATAGCGGCCTGTTCATTTGAAATTCAGCTCGACCAACCCTGGCAACAAATTCTACCGGGCACCGACTTTAGTGCCTACGATGGTCGCCCCATTGAAATACCAGGCAATAAGTGGCGAATTAATGATGTATCTGGTGCGCTGCTAGCCGCCAAGCTCAACGCCCGAGCAGATGCAGGCCAACGCTTATTATTTGATTACGATCATCAAACCCTGCTCAGTAAAGAAAACGGCCAAAAAGCCCCCGCCAGTGCCTGGGGCAAAAAGTTTGAATGGCGCAAAGGTCATGGACTATTTGCCCAACTCAAATTTACCCCCGCTGCGCGTCAGCACATCAAAGATGAAGAATACAAATTTTACTCCCCAGTGGTGATGTACAACAAAACCACCGGGGAAGTACTCGACCTGCATTCTGCTGCATTAACCAATGACCCAGGGATAAAGGGCATGGCCGAAGCCGCAGCTTTACACAATCAGTTCACTAACCAACCCCCGGAGAACACTCCTATGAACCCAATTATGCTTGCCCTGCTTAACGCATTGGGCCTTTCAGTTGATGATCCTAAACAAGATCTAGAGCCAGCCGCCTTAAAAGCATTGCTTATCTCGGATGAAGCCAAAGCAGGCCTTGCCGCCTTAACCGCAAAAGTGGAAGAACACGGTACCCAAACCACCGAAATTGCAGCATTAAAAGCGCAAGTAGGCAGCGATGGCAATGCCGAACCGGATCCAGCCAAGTTTGTACCGATGGAAACCTATAGCGCGGTGATAGCCGAAATGGCCACCCTTAAAGCCAATCACGACACCATCACTGTTGCTCAACTCATTGAGCAAGCCCAGGACGATGGCAAATTTATTGCCGCCGCTGAAATCCCTTTCCTAACAAAAATGGGTAATAGCGACTTTGCTGCGCTTAAAGCCAATTTGGATGGTCGTGCGTCGATTGCTGCACTGTCTGGCCAAAAGCAAACCACCGAACAAAAACCCGATGCAAAGGATAAAACCGGTGTCGCGGCATTAACGGCGGACCAAAAGTTAATTGCCACCCAAATGGGGATCTCCCATGAGGATTACGCAAAAACTTTAGCCACCGAGCAACAAGCGCAAGCTTAGTACTCGCCCTTACCTATTTAGCCACCAGGAGATTAACCAATGGCAATTGTTACCTCATCCACCCTTAACGCGATCCGCACAGCGTTTCGCAAAAATTTTGAAGACGGAAAAACCAAAGCCGAACCAATGTTTAACGCAGTGGCTACCGTGGTGCCGTCAACTACAAAATCCAATACATACGGTTGGTTAGGCCAGTGGCCAGGCTTTCGGGAGTGGGTTGGTGATCGGGTTTTAAAATCCATTAAAGAGCACGCCTATGCCGTAATCAATAAAGATTACGAGTCAACCGTAGCAGTTGATCGTAACGACATTGAAGACGACAACCTTGGCGTATATGGCCCCATGATGAATGAAATGGGCTATGCCTCATCCGTATTCCCGGACGAATTGGTATTCCCCTTACTAGCCGCTGGCTTCACTACCACCTGTTATGACGGCCAATACTTTTTTGATACCGACCACCCGGTTAATGACGAAGTAGACGGCAGCGGTTCCGACACCAGTTTTGCCAATGCCATCGTTGACGGTGGTTATGTAGGTGAAGCTTGGTACGTACTCGATACCAGCCGCAGCCTAAAACCACTGATATTCCAGGAACGTAAATCAGCCCAGTTTGTCGCCATGGATAACCCCAACGACGAGGCGGTGTTTACCAATAAAACTTTCCGATATGGCGTCGATTGTCGCTGCAACGTGGGTTACGGGTTTTGGCAAATGGCGGTAGGCGTCAAAAAAGAGCTATCCAATCAAACCCTGTGGGATGCCATTAACCTAATGCGCAGCTTTAAAGCCGATGGTGGCCGCCCGTTGGGGCTGGGTAAAAACAAGCTCACCCTGGTAGTACCCGCCAGCAAGTACCAGTTGGCCGTCACCATTAACGAACGTGATCAGATTGATGTCGGTGGCGTCACTGTAAGTAACGAGCTTAAAGGCAAGTTCAACGTAATTTCACCTGACTTTTTATAAGTCAGGCTGAATCTCTACAACCCTTACAACTTTTACAACTTGCCCGTGTTTATTGATGTTGGCGCGGGCCAGTTTTAAACCAGGAGAACATTATGTCTAAGGTAGCAATCGCAATCATTATTGCATCGAGCGTGGCCACGTTTCGCCGTGCAGGCCACGGCTTTACCGATAACGGTACCGCCTTCCCCTCTGACTATTTTACCGATGACCAACTCAAAGCTATCCACGCCGAAAAACGGTTGTCTGTTAAAGAAGTGTCCATCGACGCCATCCCAGATGGGGTGGATCGTTCACCGCTGGATCTCGCTTTACAACTCGCCCGCGATGCGCAATCGCAAGAAGAAGGCAAAAAAGCGCCTGCTGCGAAAGCCCCACCTGCCCCGGATAAAAAACCGGCCACTAAAAAACCGGCGGCCAAAAATGTAACCGACAGCC
NZ_CP150481.1_gap73	2664161	2668822	4661	GTTTCAAACGCTACAAGAACGTCTATGTCCAGTACTACAGAGCTATACGCCACATTAAGTCGCAATGCGGGAACGTTACTTGAAAATGAAACAGCACTAATAGGCATAGTCGATACCGTTAATAAATCATTTGCTTTAAGCGGTGCCAGTTCTCAGGCTGCCAATGCTGCAATCATCCAGCTTTCTCAAGGTTTGGCGGCAGGTGCGTTACGAGGCGATGAATTTAACTCTGTTGCAGAGCAAGCTCCTGAAATACTAAAAGCAGTAATGAAGCAAACTGGACTAACAAAAGGAGAATTACGCGACTTTGCTGCCGAAGGAAAAATATCATCAGAACTTCTCATTACGTCGCTGCAAAACTACGCCAGTGAAGTAGACCGCCGTTACGCCAGAGTAGAAGCAACCATAGAGCAAAGTTTTACCATCGCCAGAAATAATTTAATGGCGTATATAGATGAAGAAAACCGAGCCGCCAACGCAAGCAAGGTGGCAGGTGAGGCGATTGTTGGCCTGTCTGAAAATATTGATGTTATAGCTGATGCTGTGTTTGTTGCAGCCGCTATATTTGGTGGTCGATATGTTTCAGCGCTTGCTTCAGCTGCTATCGCTAAAGGCACATTATTAAAAACTACCTTATCAACTACACCAGCGGTAACTGGACTAAGCGCAGCATGTGGTGTACAAGCCCGTGCAGCTACTGTCGCCAGTGTTGCCAATAACGCTTTGGCAGTGAGTGCCAGAGGAGTAACCGCAGCAATGGGGATTTTAGGTGGCCCCGCTGGTGTCGTTTTTGCGGCTGCATCAATGCTGATTTACTTCTCCGGAGAAGAGGAAACCGCCACCGAAAAAACCAGGGAGCACAAAGACGAACTGCAAAAATTAATAGATAAGTACATCAAGCTTAACAATGTGGGTCGGCAGATTGAAATTCAAAAGCTCACCCAGCAAGAGGTAGAAGCTAGAAACCAATTAATTGAACTGCAAAGACAATATGCAGAAGAGGAAAAACGCCAGCAAGATCGTCGCAACAATGCAGCCCCTGCGACTAATCAATTCTCCGGCATCAGTCAAATTGCTAATGATGCACAGGAATTAGGCAAGTTGAAGGCTGCAATTGACGAAGTGGAGACCAAACTCAACAATTTAAGCGATAAAAAAAGTTCTCTATTTCATGCCACGTTAGATGTTGATGAAATAAACACTCAAATCAATGAAGTTAATCAGGCTTTCAAAGCAGGTGATACCCAACGCTTGGATGCAGCAATAGCGTCCTTTAGAGATGAAACCGAAGCATTTGATCGGGAACTGCAATTGCGTTCAGCAGTTCAGCGCGGTCAATTAAGCCAGCAAGAGGCTGACTTGTTAACCAGCTTGTACCGTAAACAAGATGCGTATACCAACCAATATCACCAGATAAAACAGTCGATTGAACAGTTTTACAATTCAGAAATTGAAAAAGCTAAAGGTAACGCCGATCAAATAGCGCAGATAGAACAAGAAAAATCAGATCGCTTATTCGAAATAAAACGTACTCACCAAGATGCCGAGCGCTTACTTGTGGCCGAGTATCAGGCAGAATCCGAGGCTAATAATCTCGGTTTTTGGGAAAGAATGCAGCAACACATGCGCCAAACATCTGAAAATTTTGATGTTATGTGGGGCAATACATTTGATCGCTTTACCGCAGGTATTGGTGAAGCGGTAAGTACGGCGGTTACCGAGGGACAAGACTTTGGTGAGGCCATGCAAGGTATAGCCAAAGGGGCAATTAAATCTGTAATTTCTGGATTAGTTGAAATTGGCGTAAAAAAACTCGCTCTGTGGGCTATAGAAAAAACAATTGCAACTACAGGTGCCGCTACAAATATTGCTACTGCGGCAGCAACTGGAACGGCCATAGCTACAGCATATGCTCCGGCCGCAGCAATGGCATCCCTCGCCAGTTTTGGGGGTAACTCCATCCCTGCAATGGCAGGAATAACCAGTACTATTGGTCTGGCTGAAGGGTTGTCAATATTAGGTATTGCACACGATGGTTTACCAATAGTGCCAGCGTCACACGAGGGTACCTACTTATTGCGCCGTGATGAAATGGTACTAAATCCTAAACAACGCGAAAACTTTGAGCAAGTAGTAGCGGCAACGACTAATAATAACGGCGGCAATAGTTACCAATTTAATCCCAATATAAATATTGATGCCAAAGGTGCGCAACCAGGCATGGAAGCAGTAATCGAAGCACGCGTTCGTGCCGCATTAGAAGAATACGATGCCAGATTACAGCAAGACTTTGCAGGCAATGGCCCTCGTAGCCAAATGCTATCCGGGAGGGCTGCATAATGGCTGTATTCACTTTCCCCGACTTACCCATTAGCCGTTGCTCATATGTAATTGTGTTTAATACCAGTATGGGCACCAGTGAGGTGTCCGGCCACGAATACATAACCGAAAACGCCGGAGAGCGTTGGGTTGTAAGTTACTTGTTTAATGTACTGACGATGCAAGAGGGTTTAGCACTTCGCGGCCACCTAAATAAGTTGCGTGGCCCGGTTAACAAAACAAAATTACGCGACCCTGTTTATCAACATCAGGGCAATTGGTCAGGCAGTCCTGTTGTGGATGGCACGGGTCAATATGGGCTTTACGTAGATGTACGAGGATTTACGCCCAACACATTGGTTGCCTACGCAACTGACCGTTTTATGTTAGGCACAAAACTGCACGAACTTACCGATGACGTAATCAGTGATGCCACAGGCCGCGCCCGTTTGTACGTGGCCAATGAAATAGCCGATTTAACCAGCGATGGCCAAATTATTATTACAGAACCATCGCTACTACTAACAACCAGCCGCTGGACAGATCCAAAGCAAATCCAGCAATTATCCGGCAATCGCCGTTTGTATCGTAACGTTAAACTAGATTTTATCGAGTCTCTGCATGATTAGTCGTTTACTTAGCCCTACCATGTTGGCCGCTGCTACCGCCAGCCCATCAAGATTACTAGCCTTTTTAGAAATGGACTGGCCATCAGGTTGGGTGCGCTGTCACTCGGGAGTGGGTGAACGCATATATAACGGCAATAGTTATTTAGGAGTCGGCGAATTTGGCGGCATTGGCGAAGTAACCGAAAACTCAAGTGACGGAGCCAACCGCTTAAACCTGAGCTTAAAAGTAATGGACCCTACATTAATTAATGTGGTGTTGAATGAAGATCCAAACGGCCGAGACTGCTTTATGCACCTGGTGGCACTGGATGAACACCGCCGCATTCTGGAAGGCCACGATTACTTTTTTGATGGCGAAATGGTGGATGTAAAAGTAAAACGTGGCGATGCCGCCAAACAAATTCCAGCCATTATCAATATCCCGTTGGGCGATTGGTTTGAGCGTTGGGCTACTGCCCCTGAAGCAGCGCGTACTACCGATGCCGCACAACAGTTTTTACATCCAGGCGATCAGTTTTTTGACCAATGCGAAATTATTGCAGGCAGCCCGCTACATAGCTTGCCGGTTAAAAACAACGGTAACGGTGGCAGTTTCCGCGGTAAAGACAAGTGGAAGGATTTAACATGAGGTTACCCAACTGGCAATCCAATTTAAACCACTACATTCGTAGCAATTTAACCACGCCATTTGCTTGGGGAACATTTGACTGTTGCCTGTTTACCGCCGCCGCAGTTGAAGCCATAACAGGCACCCACCCCATCCCGCAAATTGTAGGCCGCTACCGCACCGAATTAGGCGCGGCTCGTGCCTTAAAAAAGTACGGTAAAGGCACCATTAAAGCCACGTTAAACCATCTATTTGGCACACCTAAACCACGTTTACAGGTTTGTCGTGGTGATGTGGTCTTGGTAGAAACATCATTAGGTGACACCGCCGGTATTGTGATGGGTGGGCAAGTTTGGGTAGCTACGCATGAAGGTTTATCAACCTGCCCTCTTACCCTGGTCAAACTTTGTTGGGAGGTTAAATAATGCCTCCAGTAATTGTTGGAGTAGCTGCTTATGCAGGAGCAACAGCCGCCGGTTACGCCGTTGGTACCGCAATTGCCATCGGTGTAGCTGCCGCAGTTGGTACCGTTGCGCTAACCGAAGCAATGAAGCCAGACTTGGGTGATACTGGGGTCGATACCACCAATTCTCAGGCATTAACTACTGCTGCAAATCAACCCCGTAAAATAATTTATGGTTTGGCAGTAGTAGGTGCGCAATTGGTAGGGTATGCCGACCCTGTTATATCTGGCCAAAAATATGATGTTATGGTTTTGCATATTGCTGGCCATCCCTGTGAATCCGTCGAGATTTACGAAATAGAGGGCAAAAGTGCAGCCAGTTTAAGCTCAGTTGTAACCAGTACTTTTTATACAGGAGAACAAATTACCGCTGATCCCACTGCCCTTCAATATGTACAAGGATGGACAAACAATCACATTGGGTACGACCAAACCTACGCAGTATTAAAAATAAAACGGGATCCAAACAGATTCCCACAAGGGCTAAATGAAACTAAATTTTTGGTAAAGGGCAAACGGGTTTACGATCCGCGCAAAGATGACACAGCCGGAGGCAGTGGCGCTCACCGAATCGATACACCAGCAACTTGGGAATGGAGTAACAACCCCGAATTATGTGCAATTGATTATTGCCGGTTTCATG
NZ_CP150481.1_gap74	2676479	2677082	603	TGGTACAAAAAAGAGTGAACAAGTATGTGCGGTTACGTTGAGATAAACGGAGAACGACCAGGCAAGGTAATGCAAACCCCTGACTTTAGAGACATCTTAGAACCGGGTTTTAAACGCTATTATCCCGCGTTTGGAGGGAATGCAAATCGCAAGATTGACGCATGCATTGAAGAAGACGGAACCATTAAACCCATAACTGCCACCTGGTGGTATGACTGTACTGAAAATGGCAACACAATCGAACCAGGTGAACGAACAACGTTCAATGCTCGAAACCTAGACAGTTCATATTGGAAAGGGGCAGTTAAGCATAGGCGCGCTATCGTCTTTGCAACGGGTTTGGGTGAATCTAAACGGGTGGGTAAAACTAAGCACCAATACTACTTTGACAGCGAAGAAGTATTTGCCCTCGGCGCCTTGTACAGAACGTTTGAAAATGGTTGCTATAGCCTGGCAATTATTACAAGGGACTCCCATCCAAAAATGGAGCCATACCATGACAAAGCTTTTCCATGCTTCTTACCAAACGATGAAGAGTTTTTAAAGCTGTGGCTATCACAGGATGTTGAGCAGCACCCCAGACTTGATTACGTTCTCAACAAC
NZ_CP150481.1_gap75	2692139	2694649	2510	ACCGATTAATTCGTCATCAAGGCTGTCGTCAAGCAAATCGTCATCACCAAACAAATCATCATCGGTCATTTCACCGGAAAGCTCATCACTAAGCGCGTCAGATAAATCGTCCTGCTCCAACTGAGGTTCTATTTGTTGGGGTTGCGCATTTACCGCAGCGGGCTCTGGTGCCCCAGCCACAGGTTGCTCCTCAGCCTGTCGACGCTTCAGCCAAAAGGCCAGACCGGCTAGCAATAACAATACCGGAATTGTGGTGCCCAAAACCCACATAGCCGTAGCCGATAAAAAAGGTTTATTTTCGGTTTGTTCGCGCAACTTTTGCTGTTGTTCTTGTCTGGACATGTCCAGCAGTTCATTTTGTACTTTTAGCAACTTATCCATCTGTTGCTGAACTTCACCTTCTTCGCCGATGCGAGAGCGCAACTGATCAATCTCGTTATTGACGGCATCCAGGCGCTGATAAATTTTATTATTCTCATCAATCAGTGACTGCACACCATTTATCGATTGTGCAAATTGATCCCGCAAGGCTTTAAAGTGACGTGTTTGCTGTTCGTCAATAGCCGACAGCCTGTTTTCCAGCGCTTGTTTGGTTTGGGCTAATTCATCGGGCTTGGCAGGTGAATTAGCCACTCCGCCGCTGCCGCCTTTAGTCTGCCAGTTATCGTTATCTTGCAGCGTTTTCTGCTCAGCCTGTTTCAGATTGATCCCGGCGACATAATCTTCAGAAGGCAACCTGAGGATCGAGCCATCGATCATATTGTTAATATTATTGTCTTCAAATGCCTGCGGATTTAGTTGGTAAATCGCCACTATCATCTGATACATGGAAAGCCGTTTATTAGGCCGATATTTACTGGCTATTTGCCATAGTGTGTCATTACTGGTGATCGGGCCGTAAGTTTGACTGGAATAAGTTCTGCCTGGTCCGGTGGCATTTTTGGGGCCTTTAATCTGTACCTGTTGGGGGTCGATTGCGGCATGCACTGGCAGATAACAACCAGAAACTACAAGCATGATAAATAAATGTCGCAATTTCATAGACTATCCTTTGCCGCCCCTAAAATAATAATGAATATCGTGAACCTGTTTGGCTACAGGCAAGGAAAAAATTATAATGTTATTTTTCAAATAGTTAAATAAATTTAACCGTGCCATATTACAACTGTTCAGGTTGTTTTTCTGACTATTATACTGATGCTGCATCTCACCAAAAGATAAACAGCAAGATACGTTCCAAAGTTACTATAAATGTGAAATTTATACCAACTAAAAGCATACAACATCGCGGTTAATTATTGGTGATAATTAGAGCCTGTTGATTAATCAAACTTAATATCAGGATCTATATCTAGGTTATCGGTAGGCAGGCAATAATATTTACAGGGGCAATAATTTGCCCCTGTAAATAACAAGTTATAAATACTCGGCAATCAGGTGTTCTGCGATTTGAATACTGTTGGTTGCTGCGCCTTTACGCACATTGTCCGAAACAACCCACAAGTTGATACCATTCGGATGAGAGATATCCTGACGTACCCTTCCGACAAAAACATCATCTTTACCACTGGCATTACCCACTTGTGTCGGAAAATCTTCACGATCAGCCATTAAAGTCACGCCCGGTGCGCTGGCCAGTAACGCTTTAACTTGCTCAGCGTCAATCTGTTGACGGGTTTCAATATGGATAGCTTCTCCATGACCATAAAAGACCGGTACCCGCACTGCTGTCGGATTAACCAGAATACTGTCATCGCCCATGATTTTATGGGTTTCCCATACCATTTTCATTTCTTCTTTGGTGTAGTCGTTATCCTGGAACACATCAATTTGCGGAATAACATTAAACGCAATTTGGCGACTAAAAGCTTCAACTTTAGGTTCACGACCGCTTAACAATGCCGCACATTGCTGGGCAAGCTCTTCAATAGCGGTGCGCCCGGCACCTGAAACAGACTGGTAAGTAGCCACATTAATACGTTCAATTCCTACTGCATCCTGAATCGGCTTTAACGCCACCAGCATTTGAATGGTTGAACAATTCGGGTTGGCGATAATATTGCGGTTACGAAACTCGGCGATAGCATGTGCGTTCACCTCTGGAACAACCAGCGGGATGTCAGGTTCATAGCGGAAATGAGAAGTATTGTCGATAACCACACAGCCGGCTTCTGCCGCCAAGGGTGCGTACTTAGCCGAGGTACTTCCACCTGCCGAGAAAAAACCAATCTGGGTTTGCGACCAATCGAAAGTTTCTGCATCCAGTACGGTAATTTCCTTGCCTTTGAATTTCACCTTGCCACCAGCCGAGCGGGAACTCGCCAGAGGGTAAAGATTATTTACCGGAAATTCCCGTTGTTCGAGAATTTCGATGATATTCTGGCCGACTAGGCCTGTTGCGCCCAATACCGCAACATCAAAGGCTTGTGACATTCTATTTGTTCTCCAAGATAAATTTTTAAACACAATTCTGTGAATTATACAGGCTTAAATCCTAGCCGATAGATTGC
NZ_CP150481.1_gap76	2728412	2729619	1207	CACCACACAATAACCCCAGTCCTCCCCCCATCACAATGCCGTTTCCCCATACCACAAAGGGTTTGTGGTATGTATGGATTAGGTAATCGAGACGATATTCTTCACTAAAAAAGGTTTCCACCGCGGTTGGAATACTATTCGGCTCCTTTTGCATCGCCTGATGCATGGCCACCACATCGCCACCGGCACAAAACGCCTTGTCACCTTCTCCATCAAGTATCACGGCAACAATATTGTCATCTTTTTGCCAGCTGAGCAGTTGCGGCATCAACAGACGGATCATATCCAGATCCAGCGCATTGAGTGCCTTCACTTTATTTAATTTGGCGTAACCAATTTTTTTACCGTTATGCGTTTCCAGTTCTGAAAAGAGTACTTTATCTGGCATTGCTGTCCCTATAGTAAGTCGCCGGCGTCGGCAGATAACATCCTTCGACCAATGATCAGGCGCATAATTTCATTGGTACCTTCAAGAATTTGATGAACCCGTACATCGCGCACATGACGTTCCAGCGGATACTCCTGGATATAGCCGTAGCCACCATGCAACTGCAGTGCTTCGTTACATACCTGAAAACCGATATCGGTGGCAAAACGTTTGGCCATAGCGCAGTAAGCAGTGGCTTCAGGATCCTTGTTATCCAGCTTAAACGCCGCCAAACGCACTAACTGGCGCGCCGCCACCAGTTCGGTGGCCATATCGGCCAGTTTGAATTGCAGGGCCTGGAATGCCGCAATGGGTTTACCAAACTGTTCTCGCTCCTGCATATAGTTTTTAGCTGTGTTGAGCGCCTGCTGGGCGGTGCCGATAGAACAGGTGGCGATATTGATTCGACCGCCGTCCAGCCCTTTCATAGCAAAAGTAAACCCCTGCCCCTCTTCGCCTAATAAATGATCCAGCGGTACTTTGACGTCGTCAAAAGTTACCAAGCGGGTCGGTTGGGCATTCCAGCCCATTTTTTCTTCTGCTTTGCCGTAAATAATTCCGCCGGCATCAGCAGGAACGACAACCGCAGAAATCCCCTTGGGACCCGCTTCTCCGGTGCGCACCATCACCACCAGCACTTCGGTTTCACCGGCTCCGGAGATAAACATTTTAGAGCCGTTAATCACATAGTGGTCACCGTCTTTAACGGCACTGGTACGTAAAGAGGCGGCGTCAGAACCGGAACCGGGCTCGGTCAGACAATAAGACGCCAGTTTCTGC
NZ_CP150481.1_gap77	2734604	2739464	4860	TGACAAGCTGCCCATAAAGCTACCCATAGGAGTGCGCTTGGCACTGACAATCACTACTGAATCTTGTTGCATAATCTGGAATCCTGAAATTTAAAGGGTCTAATCTAAAGCCAAACACAACACTTTGATATACAACCAACGTACAGCTTTGTGAACGACAACTCGAAAAATGACCAAAAAGTTATGTTGACGGTTAACTAAGGTTACTTTACCTTTACGTTAACCTAACACTTACGTAAACGTAAAGTAATTATGACTGAACAACAAACATACAGCATTGGCGAGCTGGCAAAAGAATTTGACATTACCACCCGTTCAATTCGTTTTTACGAGGAACAGGGATTACTCAATCCCATGCGCAATGGACAAAACCGCATCTACAACAAAAAAGATCGGGTACGCCTCAAACTGATCATGCGCGGCAAACGCTTGGGCTTTTCACTGGCCGAAACCAAAACCCTGTTTAATTTGTACGACAGCCACGAAAACTCGGCCGCACAATTACAGGCCATGCTAGCTATGACCCATGAAAAACGGGCCATACTCAATCAGCAGCTGGAAGATATCAATCTGTTAATGACCGAGCTGGACGAAGTAGAACAGCGCTGTCGCGAAGATTTATCCGAGCTTGAAGCAGAAAACGTGTAGCACAACCAGACTAAGGTTAAATGGCTAGCCGTCAGATTTATGAACACGAATCCAATATCAGGACTAATAATATGAATACCTCTTACCCTACATTAAATTTTAACCTTGGCGATGATGTTGATATGTTGCGCGAGCACGTGTATGCCTTCGCCCAAGGCGAAGTCGCTCCATTAGCCGAGTCTGCCGATATAGACAACGCCTTTCCCAACCAGCTTTGGCCGAAGTTGGGTGAAATGGGCTTACTGGGTGTGACTGTTTCTGAACAATATGGCGGTGCCGATATGGGCTATTTGGCTCATGTGGTAGCAATGGAAGAAATCAGTCGTGCATCTGCCGGTATCGGTCTGAGCTACGGCGCCCATTCCAATTTATGTGTCAACCAGATTTACCGTAACGGTAATGATGCCCAGCGTGAAAAATATCTGCCTAAATTAATTAGCGGTGAACATATTGGCGCACTGGCAATGAGTGAACCTAATGCCGGCTCCGATGTGGTCAGTATGAAACTCAAAGCCGAACGTAAGGGCGATCATTATGTGTTAAACGGCAATAAAATGTGGATCACCAATGGTCCCGATGCGCATACTTTTGTGATCTACGCCAAAACGGATCCGCAAGGCGGCTCACGCGGGATCAGCGCCTTTATCGTCGAAAAAGGCACGCCCGGATTCAGTCAGGCGCAAAAACTCGACAAACTGGGCATGCGCTCCTCCAACACCTGCGAACTGGTATTTGATAACTGCAAAGTCCCGACCGAAAACCTGATGGGTAACGAAGGTGATGGAGTTAAAATTCTGATGAGTGGCCTGGACTACGAACGTGTGGTGTTATCCGGCGGTTCATTAGGCATTATGCAAGCCTGTATGGACGCGGTAGTGCCTTATATTCATGATCGTAAACAGTTTGGCCAGTCTATCGGTGAATTCCAGCTTGTTCAGGGCAAGGTCGCTGATATGTATACCCAGATGAATGCCGCTCGTGCCTATGTTTATACTGTTGCCAAGTCCTGTGATCGCGGTGAAACCACCCGTAAAGATGCTGCAGGTGCTATTTTGTATGCGGCGGAGCTGGCCACCAAAATGGCGCTGGATGCCATCCAGCTACTAGGCGGTAATGGTTATATCAACGAATTTCCCACCGGGCGCTTACTACGCGATGCCAAATTGTATGAAATTGGTGCCGGCACCTCGGAAATACGTCGTATGTTGATTGGTCGCGAACTATTTAACCAGTCTCGCTAAGTAATTCTGACTGCGTTCAGTAAGGAAATTTTTGTGCCTCGTATCGAATCGAAAATTAACCCCAAGAGTCAGGTATTTATGGAAAATGCCGACGCCATGCAAGTCGTGGTGGATGACTTATGCAGCAAGATTGAACAGATAAAACAGGGCGGTGGCGAAAAATACCGTACCAAACATTTAAGCCGTGGGAAGTTATTGCCTCGCGACAGGATTAGCGCCCTACTCGACTCTGGTTCACCCTTTTTAGAACTGTCCCAATTGGCGGCTTTTAATGTCTACGACGACGATGTGCCGGCGGCGGGTGTTATCTGCGGTATAGGCCGGGTATCCGGCCAAGAATGCATGATTGTCGCTAACGATGCTACGGTCAAAGGTGGTAGTTATTACCCGTTAACCGTCAAAAAACATATTCGTGCCCAAACCATTGCCGAGCAAAATAACCTGCCCTGTATTTATCTGGTGGACTCCGGCGGGGCTAACCTGCCCCGTCAGGATGAAGTATTTCCAGATCGCGAACATTTTGGCCGGATCTTTTTTAATCAAGCCAATATGTCGGCACAGAATATTCCGCAAATCGCAGTAGTGATGGGTTCCTGTACCGCGGGTGGCGCCTATGTACCGGCAATGGCTGATGAATCCATCATTGTAAAAGAACAAGGCACCATATTTCTGGCCGGCCCACCGCTGGTTAAAGCGGCCACCGGTGAAGTGGTCAGTGCTGAAGAACTGGGTGGTGGTGATGTGCATGCCCGCACCTCCGGGGTCGTGGATCATCTGGCCAACAATGATCATCACGCTTTGCAAATGGCGCGTGATGCAGTAGCCAGGCTTAATCGTAGCAAACCAATCAATTTGAATATCCACGCCCCGGTTGAACCTGTATACGACAGCAAAGAGCTGTACGGCATTATTCCCAAAGACAGTCGTCAGTCTTATGACGTACGTGAGGTGATTGCACGTATCGTCGACGGTTCCGAGTTTGATGAATTCAAATCCCTGTACGGCACCACACTGGTATGCGGTTTTGCACGTATATTCGGCTATCCGGTGGGGATTGTCGCCAATAATGGGATTTTATTCGGTGAATCGGCGCAAAAAGGCGCGCACTTTATCGAGCTGTGCGCCCAGCGTAAAATCCCGCTGGTGTTTCTGCAAAATATCACCGGTTTTATGGTCGGCAAGCAATACGAAACCAATGGTATTGCCAAACATGGCGCCAAAATGGTCACGGCGGTGGCCTGCGCACAGGTTCCCAAATTTACCATTTTGATTGGTGGCAGTTTTGGGGCCGGCAACTATGGTATGTGCGGCCGAGCCTATGATCCGCGTTTTATGTTTATGTGGCCCAATGCACGCATTTCGGTAATGGGCGGTGAACAAGCCGCTGGCGTACTGGCACAGGTTAAACGAGACCAGAAACAGGCCGCAGGTGAAGACTGGTCAGCCGATGCCGAACAACAATTTAAACAGCCTATTATCGATACCTATGAACAGCAAGGGCATCCGTACTACGCGTCGGCTCGTTTATGGGATGACGGGGTTATCGATCCTGCCGATACCCGTTTTGTATTAGGTTTGTCGATTTCGGCAGCACTGAATAAACCTATCGAGGACACCAAATTTGGTGTCTTCCGTATGTAAGGAAGCATTATGACTGACTCGATACTTTACCAAGAGAATCCCAGCGGGGTGGCAACGGTCACCCTGAATCGACCGGAAAAACACAATGCCTTTGATGACCTACTGATCAATGAGCTAACCCAGCTGTTCCAAAAAATTGCTGAAAATCCTGCTATCAGGGTGATGATTCTGGCAGCCAACGGCAAAAGTTTTTGTGCCGGTGCAGATGTTAACTGGATGCAGCGCATGGCAGCTTATAACTATGATGAAAACCTGGCCGATGCCAATAAGTTGGCGTTAATGCTGCGTACACTAAACAGCATGCCGCAAGCTACTATTGCCCGTATTCAGGGTGCCGCTTATGGTGGTGCAGTGGGTTTAATTGCCTGCTGTGATATGGCAGTGGCGACCAAAATGAGTCAATTCTGCCTGAGTGAAGTCAAACTAGGACTGGTTCCAGCCACTATTAGCCCCTATGTTATAGAGGCCATTGGGGCGCGCTCTGCCCGGCGCTATTTTAATACCGCCGAGCTGTTTAGCGCCCGTCGTGCCCGCCGTCTGGGATTAATCAACGAATCAGTCACCGAAGAAGAGCTGGATGACACGCTCAACCAGCTAGTCAAAGCCGTTTTGGCTAATAGCCCCAAAGCCGTAACCACCTCCAAACAACTGATCGCAAATGTGGCAAACCACTCTATTAATCAAGAATTAATCGATATGACCAGCCGGACGATTGCGGCAATTCGTGTATCTGAAGAAGGTCAGGAAGGACTGAGTGCCTTCTTGCAAAAACGTCGACCCAACTGGCGCGGAGAACAATAATGTTAACGAAATTATTGATTGCCAACCGCGGCGAAATTGCCTGCCGAATTATAAAAACCGCCCGCAAGATGGGCATTAGTACCGTTGCGGTGTATTCCGATGCGGATGCCAACGCCTTACATGTACAGCTTGCTGATGAAGCGGTGCATATAGGTGCTGCGCCCTCCAAAGACAGTTACCTGCAAGCACAGAAAGTCATTGATGCTGCGCTGCAAACCGGTGCCGATGCCATTCATCCCGGTTATGGTTTTTTATCCGAGAATGCCAACTTCGCCACATTATGTGCCGATAACAATATCGTTTTTGTAGGGCCTCCCGTCGCCGCAATTGAAGCCATGGGCTCCAAGTCGGCGGCTAAAACCATTATGCAACAAGCCGGTGTGCCGCTGGTACCCGGTTATCACGGCGATGATCAGTCGGAAGCGATTTTAAAACAACATTCGGATCAAATGGGCTATCCGGTATTGCTTAAAGCTGCCGCAGGCGGTGGTGGTAAAGGTATGCGTCAGGTGTGGAAAGCCGCAGAATT
NZ_CP150481.1_gap78	2790811	2793713	2902	AACTGACCGGTGCTAATCCCATTAATGCAGCTAAAGGTTCTGTACCGGCCAGAGGCAAACTGGTCGTATTAGGTATCACCTGATCTGGCAGGAAGGTACCTCCTTGATCGTCAGGATTTCCCCCCACCACTTCAATCATATGTATTGGAGTACCGTTAGCCGCAACCATTCCGACATAGTTATTCGGGTCACCGGCATCAATAACGGTTTGCGCAGCAAAGGAGAACTGGGCAAAGGTGCCATCCACTTCAGCTTTTTGTTCCGCTGTCAGTTGTGAATAAAACACCGGGAAAAATCCTGCTAATACTTCGCCAGTCGCTTCCGGAATTTGGTTAGCCTGCATATATTGAGTAAGTGCAGCCACAAAATCCGGGGAAGACGCTGCCATCAAACTGCCTTTAATCAGGTTAGCAAATGCCGGGGACTCAAGCAGAAATCCGCCAAGACCACCACCCGGATTAGCCAGGGTCGCAGCTTTTAACGCATACATAGTATCAAATGCAGCCAAATCACCACCCAGACTGCTATTGGCCAGCGCAACAGCGCCTGTTCCGGCAATGGCCCCCAACGAGTGACCGACAAAAGACACATTACTGCCATCCAGTAAATGGTTAGCAGGATTCGTCATATCCACATTGGCATTAAGTCCCAGACGTAAACCAAGAATATCGGCAATACTTTGACGTAAATTATCCCGCGCGGTTAACAAACTAGACAGGTTCAAGTAATCTGTTGGTGCTCCGCCATAGCCGCCAGAGGCATTTACCACCTGGCCGTCAATGGTCATACCGCGACTGCCATGTAAAGGGTGATCAATAGCGACTGTGGCAAATCCAGCCGCAGATAAAGCCCCCGTTATTGCCAGCATATCTTCTTTTTTAGAGGTAATACCGTGTTGCAAAATAATCACTGGCCAACCGGCAGCAGGTTTGGTCATTCCGACGATCATCTCGTTAGGTACCGTCACTTGTACGTCCAATGTTTGCATCGAGTTAGTGGCAGGAATTGGGCTGTACTTGGTCAGATTACGTGGATCGTTAATACCAATAGCAGCCAGATTAAGATCCATTAACTGCCCTTCGGAAGCTACCTGACATAGATCGTTGTTACTGCCAACCGCGCCATTAGCAACTAAGTTACCCACCACTTCAGCACCCAGGGATTGTAATACTGAACCACCGGTACAAGCACCTCTCCACCAATCACCAAGAGGATTAGTGGTACTCAAATAATAAGGTAGAGTGATACTACCCTGCTTAAGATTCGAGGCACAGAAACCCACCATTTGTGCTGCTGTACCTGCGACCACCGGATTGCTTGACTGGGTTCCTGCCGCGACTGAGGCACAATCATTCAGGCCCAATTGAGCTAAGCCTGCTACTTGTTCAGCGCTAATCACGCCAGTAGCTTTAAAGGCAGTAAATACATCAGGCACCGCCGCGTCGTCAATAGTGACTGCGGGTAGATAAGCGGCTGCAGCTTGTTGAGATGCCGCTACATCGCCACCGGTTTGTGCCATTGCCGCAGCAAACGCCTGTGCAAATGGGCCAACTTGCAATTGTTTAACCGTACTTAATACTGTACCGGCAGACTGAGTTGAAAAATAGGCCGCATAGGAGACTTCATCACGATCCAGGCCTTCACCTTTTAGCAAAGTCACAAAGAAATCCAGAATACTCTGCAATTGTTTCTGATCGGCAGAGCCCAGTGGATGAGTTTCAGGATCCTGTGTCGCCAGCTCCCATGTTGTAGAGCCTTTTACCGAACGTCCTTCAGAATCTTTAAGTTGGTCTGTCACGACCAACATATAACCTTGTCCCGGTTTCAACGGTTTTAACGGTACAACAGTGATCACACCGGCAGCAGATTTCTGAGTAGCAAAATCAACCCCGAATTGCAATTCAGGGCCGAGCAAACAAGGGAGTCCCGGTGCCTGTACTTCTGCCGCAATGGCCTGACAGATAGGCGCATCACTTTCCAGTACCTGTTCGGCTTCATATAAACGTACAGAGCCGGATGCGGACGCTGATGCCGCATCAATTTCAACCCCTGCAGGTACGTCAACATTGATCACAAACGGATGATGGGTAGACCAACCATCCAGCGCGCCTAACGCATATTGTGGGTCTGCGGGATCAACCACATCATCACCTAGAATATTCAGGGTAAAATCAAATAAATTCCCGTCCGGGATCATCAACAAGTCGTTGGGGATATTGACATTGCTGGCTGCTGGATCGAAGACTACCCGGGCATAAGGTTTAGCCGGAGTGGTTGCAGCGTTATCCTGTGCTTCTTTGAGAGTTTCTCCGCCACAGCCAGTCAAACCCAGAACGGTTGCAATCGCTGAACTAATTAACAATTTTTTCATTACGACTCCTAAAAATTCTTTTTTTTATTATTTGTCATACTTGTAGAGTACAGACAGTTGTCACACTTCTTACCGCTTCTGTTACCGGCAGAGCCAACATGTACGACCAGTTAGAGATAGACCAATATTATTGGCTTTATCAAGATATTGCAAAGGTTTGTTAATAATTTGTAATAGTAATTTTATCCCTGATGCCAGCATATGCATGTACAGCTTATTCCCGTCATCCTCAAGACAATATCCACCCTTTTTTCAATCAAAAAATCCCCATCCACCTTTCCAGTAATGCTAGAATTGCGCGCAATTTAAAATGCTGATGAATAAAGATAGATGAACTATTCGATAAAACCCGAAGCCCTGAGCAACAAAACAATTCTCATCACTGGCAGTGGTGATGGAATTGGTAAACAACTGGCGCTGGATTGTGCCAAACAAGGTGCAACGGTTATTTTACTCGGGCGTACCGTTGCCAAACTGGAAGCAGTTTATGATCAAATTATCAGCAACAATGGGCCAGAGCCCGCTATTGTG
NZ_CP150481.1_gap79	2804799	2807949	3150	TTACCAAACCGCGGCACAACATGGCGTAGATTCAATTCTGTTAGCCGATGTACCACTGCGTGAGGGAGAGCCTTTCCGACTCGCTGCCCGTGAGCACGGCATAAAACAGATATTAATTGCTCCGCCCAATGCCAGTGAAGATGCCTTAGCCGACATTGCTCGCAATACTCAAGGTTATACATATTTGTTGGGGCGCGCCGGTGTAACTGGCACCGAATCGACAGCGACCACACCGGTCACCGAACTGGTCAATAAACTCAATCAACACCATGCCGCTCCAGCCATAATAGGTTTTGGTATATCCAAACCCGAGCATGTAAAAGCCGCCATTGCGGCAGGCGCTGCGGGGGCGATTGCGGGTTCAGCCACGGTTAACATTATCAATGATAATTTGTCCGACAAGAGCGCCTTACACAGCAAATTGGCTGATTTTGTCCGGCAAATGAAAGCTGCAACAAGGTGAAACAAAGTTATCGGAACGGATAGCTAACCAGTCGGTCAAACTGTGTTAGTATCCGAACCGAACTGCTTTATAACTAGAGGATCCAGATGCAGGCTTTAGTCGAGTTTTTACCGCTGCTGATATTTTTCGTGTTTTATAAGACACATGATATTTTCTGGGCAACCGGTGCCCTGATGATCGCTTTTACACTGCAACTCGTAGTGACCTATATTTTAAAAAAACAAATCACCAAACAGCAATGGATCTTCTTTGCCATAGTGATGATATTTGGTGGTTTTACCCTGTTCCTGCGCGATGAAACTTTCATTATGTGGAAACCTACAGTGGTTTATCTGATATTTGCCGCAGTGTTATTTGGTAGTCAAATCATTAAGCGCCCTGCGTTAAAACAAATGATGGAATCGGCTATTCAGCTGCCGGATAATATCTGGAACCGGGTTAATCTGGCCTGGGGCATCTTTTTCCTGCTAGCGGCCATCGTTAATCTTTTGGTAGCCTATGAATACACGCAAGAACAATGGGTGAATTTCAAGGTATTCTGGATGACCGCCGCCAGTCTGGTATTTACCGTGCTGACCATTGCCTACCTGTACCGCTATCTGCCCACAGACCAGCACTCGAACGAACAAGAGAAAAAATAATAATGTGGTATATGATTTACGCCGAAGACCGAGCTAATTCTTTGCAGGCGCGTTTGAAAGCGCGCCCGGATCATCTGGAAAGATTACAACAACTTAAACAGCAAGGTCGATTGCTGATTGCTGGCCCCACTCCAGCCATTGACAGCGGCGATCCGGGCGAAGCCGGTTTTAGCGGTTCATTGGTGGTGGCTGAATTTTCAAGCCTGATTGAAGCACAGCAATGGGCGGATAACGACCCTTATATTGACGCGGGTGTCTATGCCAAGGTCACGGTTAAACCCTATAAAAAGGTACTACCTTAATTTCTGATGATTAGAGTTAACGACTTTATTGTCCTGGCAGACGATGAAATAGATATGACGGCCATCCGCGCTCAGGGTGCGGGAGGACAAAATGTTAATAAAGTCGCCTCGGCGATTCATCTCCGTTTTGATATCAATGCTTCTTCCTTACCGGATTTTTACAAACAAAAATTACTGGCGATGAAAGATTCACGCGTGACTCAAGACGGTATTCTGGTAATTAAAGCGCAGGCCCATCGCACTCAGGACATGAATCGTCAGGACGCCCAGCAACGGCTGGTCGAGATTATTTTACAGGCCGGTAAAACCCAAAAAGCACGCCGTCCAACCAAACCCAGTAAAGCCTCACAGACCAAACGAATGGACAGCAAAACCAAATCCGGCCAAAAGAAACAACTGCGCAAAAAAGTCGATTTTTAGGGCACAAATTCTAGCAAGCGCCTGTCCATATCAGCCATCACTTTGGCTTTAAAACTTTTCTCTGCCAGTTTTTCCAGTTGTAACTTGTATTTAGCAATATCCACCAGTTCCAGATTAGCTGATATGGTTTTAAACAAGCGTGGTAACTTGTCTCCTGGACTTTGAATGTGATGCAGTCCACCGCTGTAAACAAACAGGATCTTGCCTTTATGCAAGCGCTCCAGTATTTCCGCCACACCACCACGCACGTTCATTGGTTTACCATGTTTATCCAGACCATTGGGGCGTTTCATTCGCCCTTCCGGCAAAATAGCGGTAATAACGTCATGACTGACATGGGACAAAAAGTGCTGCCACGATTCATCTTTTTTGCGCGTAATAGGGATTGCCTCGGGTAACAATGCCTTAAGCATTTTGCCGGCCAAAGGACGCTTCATGGTTATGTCGGCCCCCGGCACCACCACTTTGTGCGCAATATCCCAGACCAGACGCCAACTGGCAAAGCGGATAAAAAGAGGCTCAAATAAACTGGTGTGATTAAGGAAAACGATAAGTTTCACTTTACTAAAGGACTCTTCCCGCTCATCACTCAGCCAGGTTCTGCTACCACGATAAAATAAATGCGACAGGATCTTGACCTTTGCCATTAATAAAAAACTGAGAAATTTGTACATAACACCTATGACATTAGTGCCGATATGAAGGGCAATATTTTACTCGATAAAACATGACCAAGTCACCTTCACCAAAATTTTTATCAATTTACTTTAGTTTTATTGCAGCTTGCCGATAGCCAATCTGAGAGTAATAAGAGGTGTAATCAATGGCAACAACGATCCCGTTCAAGACTGGAAAAATAGCAGCGATGCTATTGTTAGCTGTAGTTACGTTACTCACCCAGTCTGGCTGTATGCAAGGCCAGACTTATGCCTCAACGCCTGAAGGCGATGCTCCCTCAGCATCAGTACCGGACAATACCCTAAAAATTGTTAACGGGGTCTTTTATACCTCCCTGACCCGCAGCAATTGGTATTACAAGGGCGCCCGTGCGTTTAACGGCACCATCAATGCGTATATCGAAGCTCCCGGTGAGTTAGAAATGAATAAGGCCAATTTGCAAGAATATATGCAGGTATCTATTTGCCCTGGCGTGGACAAACAGATGCTTTGGCAGCAATTGCACAACATAACCTTGAATGTTCATCTCTATACCGAAGGCAATCGTCGTGGTATCCGCACCGAATGTCGGAATCCCCTCGTATAACCGGATTTCATTTAATCAAAAAAGGGCGTAAGCCCTTTTTTTATATCCCCAGTAAATACA
NZ_CP150481.1_gap80	2814549	2817281	2732	CCGTTGCCCACCCGGCTTTGTAATGGAATACGCCAAATCCAGCCGGCATCGCTAGCTGTGGCTCTGGTATTGGGGATAATTTGTCCTGTACTGGCCGTTTGGGCAACGACCGCCCTGTCGCAAGGTAAATAAGCTGACCAGTCGAGATAGTCGACTTCCAGACTTTGACCAATTAATAACGCATTAAAACCGCTACAATCGATAAAAAACTCGCCACTTATCTGCCGGGCGTTGTGTAAGGTTACACTTTGTATATGGCCATCCTGCTGTTGCACCTGCGTTATCTTGCCTTCAATTCTTTTAACACCGGCTTGTTCGGCATATTCACGCAGATAATTCGCTACCAATGACGCGTCCAGATGCAATGCGTAGCGTGCTTCGGTTAAGGGTGTTTGGCCTTGGTGCTGCGGTAGAAAAAATTTGTGTTGTTTGGCCATCTCACTGTTAACCGAGAAATCCTGTAATGCACCGATATGAGGCTGAGCATGTTTTTTCACCCACAGCTGATAAAAGGAGTATTCGTCCATCCCGGCGGTTATCGCTCCAAAGGGATGAAAATAGGATTCGCCCTTTACTCGCCAGTCCACAAACTCAATTCCCAGTTTAAAGCTGGCCTGAGTCTTCCTGATAAAATCCACTTCATCAATATCCAGTTGACGCAACAATTCCAGAAACGGAGGAATGGTAGACTCGCCCACCCCAATGGTACCAATTTGTTCAGACTCTATAAGTTCAATGCTCACCGGTTGATGACGGAACTGATTGGCCAGAATAGAAGCGGCGATCCAACCTGTTGTTCCGCCGCCGACAATCACATACCGGGTAATAGTTTGCATTTACAATATCCTCTTATGTCCTGCAGTGCTGGCGAATGAAATCATGGTGTGGAATGGTTTTATCCAAAGATTTGCTAATATTGCCTTTCATCTTGTCCATCACGTTTAACAGCGTTGACTGATCGACCAAACTATCAGTACGTTGGTCATAGCTTTGCGGGTAGCAGTCAAAACCAAACAAAATGGCCAACCAGCTAGGCTGATGGAATATTTCCCAACGGTAGTTGACCAGATAACCACTGGCTTGATAAAGATCCAGCTTGTGTTGTAACTCCTGCGGTAATGCCATGTCCCGGCAATATCGCCAAAACGCTTGTTGCGCCGGTCTGTTGTTCAATTTGTAGTGCAGAATGATAAAGTCACGAACCCGGCAATATTCCTGTTCGGTGGTGTGGTTAAATTCGTCTTTCACCGACTGGTGTATATTGAACGAGGTCAATGACGCTACCAAACGCTCGATACCCGTCTGGATTAAGGCAATGCTGGTGCTTTCCAGCGGCTCCAGAAAACCGGCTGATAAACCGATTGCCACACAGTTTTTATGCCAGGCTTTGTTGCGGCGGCCCGGCACAAATTCCAGGCGCCGGGGATCTTTAACGATACTGCTTCCGGCTTGCTGCAATAACGTATCCAGCGCGCTTTCCTCGGTCATATATTGGCTGGAATACACATGCCCTTGACCCATTCTGTGCTGTAGCGGGATATTCCATCTCCAGCCCGCATCCTCGGCTGTCACTTTGGTATAAGGTGACAAAGGTTGTTGTGATTGACTTTGCAACACCCAGGCACTGTCACATAATAACCATTGCTGCCAATTCTGATAACCGGTATGTAATGCCTGCTCGATCAACAGCCCGTTAAAGCCTGAACAGTCAACAAATAAATCGGCGTAGACAATCTGGCCATTGCACAATAGCACATTGTCAATATCCCCATCATCCCTGAGCCGAACCTTGTCAACCAGTCCGTCAATGTGCTCAACACCATTGGCCAGTGCCTTTCGTTTCATTAATCCGGCAAATAATCCGGCATCAATATGCAATGCCCAGTCGAAAACCGATAATTCAGTGCGGGGATGTTCGGCAGGTAAGGCAAAGCGATCTGATTTTGCCATCTGGGTAGCAAGTGAATATTCCCAGAAATTGTCAGTATCACCTGCTCGCTGGCGTTTTAACCAATAATGATGAAATTCGACGCCTGCCATGGATTGACCAAAAACGCCAAAGGGATGAAAGAAGCACTCACCATCCCGGTTCCAGCCGTTAAATTCGATCCCCAGTTTACAGGTGGCTTCGGCAGTACTGATGACTTCCTGATCACTTATCCCCAACCCCTGATAAAAATGACGAATAGTAGGAATGGTCGCCTCTCCGACCCCGACGGCAGGAATATCACTTGACTCGATCAAACAGATATCCGCCTGTTTGCCATAGTGTTTACTCAAACTGGCGGCCGTCATCCAGCCAGCCGTTCCGCCACCTACAATCAGAATTTTGAATTTGCGCTGCTGTTGCAAATGATTCTCTCCATTAGAGCGGCGATAGACATCTATCGCCGCTTGTTATCTACCCCAGGTTAAAACTTGGCTCTGACCCCCAGGTTATAACGTGCTTCGTTATCGTAGATAAATCCTTGTTGCTCAACGCCATCGGCCAGGCGGTAGACTTGTTCATAGTCTTCACCGGTAATGTTGGAACCTTGCAGATACACCGTAACGTTTTCCATCACATCGTAACTGAAGTTGATATCAACATAGGTACTGGATGGTGTATAGGTAGCAAAGCCATATTCCCCCATAAAATCGCGATCAAATCGTTCACTACGGCCATTGACCGCAACCCGCGCTTGAATGGGTCCCTGTTGATACCAGGCGACAAAGTTATAGGTATGCTCGGA
NZ_CP150481.1_gap81	2820347	2823483	3136	AGATGAGGGACAAATTTGATAATTGAAAAAGGTTGAATAAATGAAATTAGATGATTTTTGGCATGCTGCTAATTTGCGATTAATAAAATAGCCGTTATTTCTGACAAACCGGACCGGTACTTTCCCTGATGACCAATTGATGAGACAAGATTTTATTACAATCCTGCATTTTTTCGCCGTTAAGTTGAGGTAACAATAATTCCATACAGGATTTACCAATTTCTTTTAGTGGTTGAGCAACAGTGCTAAGCGCAGGATGCAGGAAAGGGGCATAGGATATACCGTCAAATCCCAGCACTGAAACTTGCTCGGGAACCTTAACTTTTAGTTTATGCAATGCGCTTAAACAACCAATGGCCATTTCATCACTAAACGCAAATATTGCTGTTGGCCTGGGAACCAGCGACATAAGATACTGGGTGGCTTCCGCCGCCATCTGCAAATCATAATTACCGGTACTGATTAAGGCGGGCTCCTGCTTGATATTGGCCTCCTGCAAGGATGACCGGTACCCCGCCAATCGGCTTTCTGTGCTCGGCGTTAATGAATGCCCTGCGACAACCCCGATACGTTTATGTCCTAACGACAATAAATAATCGGTTGCCTCTTTGGCGGCCGCCAGGTTATCAATATTTACTTTGGGAACACCGGGCATATCAGTCGATTCACAAGCGTGTACAATCGGCGGTAATTGATCGGCAACGGGTATCGCCGGATCGACTTCAAACGGAAAACGGCTGCAAAACAGAATAATGCCGTCCACTTCGCGGCTGCGTGCCATATCCGCAAAGCTTTTCTCGCGGCTTTGTAATGACTGGGTGTCCCCGAGCAGCAGTGAATAACCATGCTCTATGGCGATATCTTCAATACTGCGAATAATCACGCTGTTGTAAGCTCTAATTACCTCAGGAATGATTGCCATTAATTTAAAGGTTTTAGTATTGCGCAAATTCACCGCAAGGTTATTCGGCACATAACCTGTTTGTTTTATCACTGCACTGACTTTGTCACGTTTTTTCTGCGAAACCAGATGTGGATGACGTAATACGCGGGAAACAGTAGCAGGACATACATCAGCTAACTTGGCAATTTCTTTAATGCTTAGCATTTCGGTACTGTCTCCTGGTATTTTTTGCAACGAATAAGCGACATTATTGTTATGCGATTAAATTTTTAATGCAAGCAAGCTCGTTAACCCGACGGTTGCTATCTGCCACACGGCGTTAATGGTCAATTCAGCGATGATTCATTTACCAAAACCTACTCTTAGTTACACCAAAACAAGGAGAATAATCATGCGATCATTATTATTTATAAGCTTGCTGTTAATGCCAGCACTGGCGTTAGCTACCTCCCATACGCATTACGCTTACGCCAAAGTCGAACAAGTCAGCGCTGTTTATGATGTGGTTAGCGTTCCCCAATATGAACAGCCACAAGTAGTCTGCCGGGAACAACTTGTTCAGCGTGATTCCGCGACGCCGACAGTATTGGGTGCGATTATTGGAGGCACCTTAGGCAACGTAATCGGACATAATAAAACCAATAAACGCATTGGTACTGTGGCGGGAGCCATTCTTGGCGGGTCGATCGGGCATGATATAGCTCAAACCCAGCCTGCTCAACAACTCAGACAAGTGTGTTCGAGATCGGTTGTTACCATCAACCAGCGCCAGCTTCGCGGTTACAACGTGACTTACCGTTATCACGGGCAACGTTATACTACTTTTATGAGCCGCCATCCTGGCAATAAAATTAAACTTAAAATTCATACAACACCGGCTTTTATGTCAAGCTCATAACAGAGTAAACTAGCTTGACTGTTTACTCTTGATAAACAGTCAAGCTAGCAGCGCCACAATATATTGAGAGGAATTATGTTTACCCTTTGGTTAACAAAATACAGATTGAGAATACTGGTCAGTCTGCTGGTTTTACCGGTTATGACCACGATGGCCCAACAACAAGAAAAAAAAGACGAGCAGATAGATCGCGCCCAAGCCATCGAAAAAGTCAAGAAAGATACCCAGGGCCGGGTTCTAAAAGTCAACCAGAACAGAGACAAGTATAAGGTCAAAGTATTACAAAAATCAGGCCGGGTTGTTTCTGTAGATGTGGATAAAAAATCCGGAAAAATCACCAAACCGAAAAGTTCAAAAGATCGGGATAATCGTTAATGCGAATTTTGCTAGTTGAAGATGACAGCCGTTTACTAATGCAACTCGACGCGATGCTGCGCCAGAATGGCTACAGTGTCGATTTGGCCGATAACGGCGAGCACGGATTATTTTTAATTCAGGAATACCCCTACGATCTGGCTATTGTCGATATCGGCTTACCTAAAATAGACGGTCTGGAACTCATTCAGCGTGCTCGCAAGAACCATGTTTCATGCCCTATTCTGATTTTGACTGCCCGTGATCGCTGGCAAGAAAAGGTCGAAGGCCTGGATTCCGGTGCCGACGACTACCTGACCAAGCCTTTTCACAATGAAGAATTGCTGGCCAGGGTCAAGGCCCTTATCCGCCGTTCAGCCGGACAATCCAGCCCGTTAATCGAGAAAGGCCCGCTGGTGCTGGATACTCGCGCTGAAGAAGTACGTGTTAACGACATCAGCATCGATTTAACCGCCTACGAATACAAAGTGCTGGAGTATCTGGCACTGAATCCGGACAAGATTGTGTCGAAAACCGAGTTGACTGAACATATCTACGATCAGGATTTCGATTTGGACAGCAATGTTATCGAAGTATTTGTCGGGCGTCTTCGTCGCAAACTGGATCCGGACAACCAGTTCAATCCGATTGAAACATTGCGTGGCCGCGGATACCGGATTAATCGCCAGTTGTGAGTAAACTGTCACTGACCCGGCGTAGCTTTATCGCGGCCTTGCTGGTGGTGCTGATTTTTATTCCTCTCACCGCGCTAACGCTGGAGAAAGCCTTCGTTAACAGTCTCACCCAGTCGATGTATGCCCAGCTAAATATCCAGAACCTGGGCCTAATATCCGAATTTGAACTTGAAAACGGCGAGATCCAGATGCCGTTGCAATTATTTAACGAACAATTCAACGTGCCGGGTTCAGGCACATATGCGTTTATCGCCATGCATTTGATCCCTGCGTGGCAATCCTCCT
NZ_CP150481.1_gap82	2824573	2827619	3046	TTACTCTCAAGCGCTATTTTAACAATCATGGTCAGTGGCACCGACAATAGCATGCCCACTGCACCCAACAACCAGCCCCAAAAAATTAACGACAGAAACACGACCAAAGTGGACAGCCCTAAACCTCGTCCCATAAAACGTGGCTCGACAACGTTGCCCATCACCATGTTAATCATAAAATAACCTAAAGCGACCAACCCGGCCGTGGTCGGGCCAATTTGCACCAGGGCCAATAGCACCGCAGGTAACGCCGCAATAATAGAACCGATATTAGGAATATAATTGAGCAAAAAGGCAAATACTGCCCACAACATGTAATGATCTACCCCCAACAGATAAGTTAGCAGCCCTGCCAGCACACCTGTGACCAAGCTTACCCCGGTTTTAATCGCCAGATAATTTTTAACCGAAGCCAAAAAACGATCGATATGCTGAATCTTCATACTTGGATCATCCATCGCAATATGCACCTTGTGCGGAAAACTGTCCGCTTCAAACAGCATAAACACCACTGTTAGCAGGATCAGCATAAAGTTAGCCATCACCCCGCCCAATCCGGATAACAGGTTGCTCGCCAGCCCCATTGCCATGCCAGGATCAAAATGAGACAGCAGTTGCTTTTTATCAATGCGGATATCCAGTACTTGCAACTGGCTGGTCAACCATACCAGTTTGTCACCCAATTGCGTCTGATATTGCGGTAGCTTTTCAGAGAAATCATTCATCGACTGGCCGACTAAACCAGCCAGAAACATTCCCATCACCACGATCAGGGCAATCACTAGTAAAATTGCCAACCAGCGTGGCACTTTGTACTTAGCGGCAAATTCAACCAACGGATAGCAGGAAATTGCGATAAAAATAGACAGTAAAAATGGCACTAATACCGTGCTGGCAGCTTTTACTCCGGCCAAAATTATCACGATAGAAGCCAGTATCAATAATAACCGCACAGACTTGCTCATTGTATTTTCCTGTTGATGATAAAATTCTGAATTCATTGCTGGTTGCCAAACTAGCAGATTTGTATAATGTTGAAAAACAATAAGATCAACAAGGATTCCCCTTCAATGAATATGGATCTGGCAACAATCCGCATTAAAAACCTGCGTTTACGTACCTTTATCGGTATCAAGGATGATGAAATCCAGAATAAACAGGATGTTATTGTTAACGTCAAAATTCAGTACCAGGCTGAGCAGGCAGCCCAATCTGAAGATATTCAGGATGCCCTTAATTATCGCACTATCACCAAACGCATTATCGAACTGGTTGAAAACAACCGATTTTCATTACTGGAAAAGCTAACAGCCGAAGTACTGGAAATCGCCTCCGAGCATAAGTGGGTTAGCTATGCAGAAGTCGAAATAGATAAACCTCACGCACTGAGATTTGCCGACTCCGTTTCGCTGTGCCTATCCTGCTCCAAAAACATCCGATAACCGGACCAGAACGACAATGCATTACTAAACGCTATATAGAATATTCATAATATACTCAAATGAAATATAGATAACCACTTGCACTCACCTGCGATAATCTTTTAGCATCGCCCGCCAACTATCGGGTCGATGCGAGCATAAATGACACTGCGGGCTTTTATTAACGAACTCAAACTTCTGTTGGGGATCCCCCACAACACCACCAGCCATAATGAAAAAGCCATTTCGGCCATCGGCGGATTTATGGGTATTGTAGGTGTGTTTTGGGTAACCCAGTCAGTTGTGCAAAGCGGGATGCTCAGTATTGATGGCGGTTTTCTGGTTATAGCCTCAATGGGAGCCAGCGCCGTTCTGCTATTTGCCGTACCTCACGGCGCGTTATCCCAACCCTGGGCTGTTATCGGCGGGCATCTGATCTCGGCTTTTATTGGCGTTACTTGCCTTAAACTCGCTGGCAACAGTAGCTGGGTAGCAGGCATCGCAGTAGGCATTTCCATCGGTGCAATGTATTACTTGCGCTGTATCCATCCACCTGGAGGTGCTACCGCTTTAACTGCCATTATTGGTGGCCCCGAAATTATCCAGTTGGGTTATCAATTTTTGCTGATCCCGATATTAATAAATATCGCGATTATTTTATCCGTTACTGTCAGTTTTAACTGGGCATTCAGATGGCGGCGTTATCCCGCCCATTTAGCCCATAAGCTTAAAAGCCCGCTCCCACCCAAACCCGGTGTTCGGCAATTCGAATTGACCCAGGAAGATTTTGCCGCAGCCATGCAGGAACTGGATTCTTATGTTGATATTACCCCTGAAGGATTGACCGAATTACTCGAACTGGCCAAACAACATGCCGAAAAAAATGTCACTCATCCCGCCGAAATTATTGCCGGTCATATATACAGCAACGGAAAACTGGGAAGTCTATGGAGTATTCGCCAAGTGGTGGATGCGGCTCCGCGTTACACTTTACCTCACAAAGATAAAGTCATTTTCAAAGTGCTGGCCGGAGATGGCGGTTACCAAACCGGTATATGTTTACGCAGTGAATTCCATCAATGGGCTCGCTTTGAAGTTATTAAACAGAATAATCAATGGGTTAAAGTAGAAAACAACGGATAATCCGTCTTAACGACAGATTAAAGTCATCTAGGTCATATTATAAGCTAACACTAAGTTGCGGTTTTGGTTGAGCTAGCAAGGCACTGGTTGATTTGACACTCTGTGGTCTGGCAAAAGCGTAGCCCTGAAAGTTATTGCAACCGAGGGTAATAAGCTGAGAGACTTCCTGTTTTTGCTCAACACCTTCAGCCAGAACCTCAATATTGAACACTTGGCACATAGCAACAATGGCCTCAACTACCTTTATTTTCTTGTTATCGAGATGAATATTGCTAATAAACTGACGGTCAATTTTCACCCTGTCAACCGGATAGGTAGTCAATTTGGATAAACCGGAATAGCCTACCCCAAAATCATCCAGAGTAATGCAAAAACCCCATTCAGATAGATACCGGGTAGTATTAACTGCTTCATCAACATTACTGGTCAAGGCTGATTCTGTTAATTCAAGCTCGATATACTGCGGTTTGATTTTATGCTCC
NZ_CP150481.1_gap83	2836610	2839857	3247	TCGATGGCCTATCTGGCTGAACAAAAAAACTTGGCATTGATTGTCGATACCACCCAAATAAGGCTTCTCAACGTGCTGGGAGATGCCGTTCGGCTGCGACAAATACTGGTCAATCTGCTCAGTAATGCGATCAAATTTACTGACCAGGGTCATATTAAGATTGTTTGCTCAACAATTGCACAACAGCAGCATATTGCACTGCAAATCAGTGTTATTGATACAGGTGTGGGTATATCACAAGATAAACAGTCACAGTTATTCGAGTCATTTATTCAAGCTGATACCTCTTCAACCAGAGCCTATAGCGGAACTGGCCTGGGGTTAGCCATCTGCAAAAAATTGTGCAATTTGATGCAAGGCGATATTCATCTGAGCAGCCAATTTGGCAGTGGAAGTAACTTTGAATTTAATGTCCAGTTAAACCGGCCTGCGTCTGAACAGCCGTTACCCGATTCGTTACCGCAATCGGAAAAACCGTTAAAATGCCTGGTATTGGTTTCGCATCAAGAACGACGAAACAACCTGCTTCAACAACTTAGTTACTGGGATATTGACGTCGATACCATCGATAATATTAATCTGATTGAAAGCAAATACACGCAGAACCAGGATGTTAAATTAATCATATTAGTTGATATGAAAGACTGCAATGGAACAGATTTGGAGACATTGGCATCTGAGTGTCAACAACATAAATTGGGTTTGTTAACCATTGATTCACTGGCTAATGCTTCAACTGTTCTTACAGGTAGCATAAATCTGAAATGGCCAATCACACTCAATAAACTGCATCAAAATTTGTGTCGTCTGCTCGATGAACCTTCGGCCGTACCCCTGCAGAATCTGAAAAAATATAAAAATCCGCCAAGTAGTAAAACAATGACACAACACCGGGTTTTACTGGTGGAAGATAACAAAGTAAATCAGGAAGTCGCTGTTGCGCTGCTCACGGAACTTGGCGCACAAGTGGCATTGGCGGAAAATGGACAGCAGGCATTGAGCTTGTTCAATGAAAATGATCAATCCTTTGATTTAATATTAATGGATTGTCATATGCCGGTTCTGGATGGATACCAGACATCATTACGGTTAAGGCAAGGTAAAGCCGGTGAGGCAGGAAAAACAGTGCCAATTATAGCGCTTACAGCCAATGCCATGTCCGGCGACGAACAGTTATGCATCGATGCGGGTATGAACGATTACCTCAACAAACCCATTAGTCTGGATAAGCTGGCTGAAAAATTGGACCAATGGTTAGGTATGGATACCTCCAATACCACACTCAAGGAATCTGAGATACAACCATTGAATAACTCTGACGAAAGTGACTGGAATTCAGCCAAAGCGCTAAAAAGCCTGATGAACAAGCAAGATCTGCTGCTCAGATTGACCAAAAAATTTGCCAGTCAATTGCCAGAAAATGCGCAACAAATGGCAGATGCGATAGAATCCGGTGATACCGTTCAGCTAAAATTAGTCGCCCATAGCCTCAAAGGTATCTGTGCCCAACTTGGCGCGGAAAAAATGCAACATATTTGTGCTGATATTGAACTAGCCGCCACTCGCACAGAGCTGGATAATCTGGGCTCATTAGCGGAACAATTTAATCAGAGCCTGGCACGACTATTACCCTTGCTAAATACCTATATCGAACAACACAATAACTCGTGATTTGCCACTATGATTGTGTCGCAACCACCTGTCGCATTAGCTGCGGGTACTGCTCGGCAAAGTCTTGCCAAGCCTGGTTTATTTTGTTCAAATCATTATTTTTAGCGGCACTTTCTATTGAAAAAACAATATGTTCAAGACGAGTCGCAGCAAGGCTGCCCAACGTACCACTAAATCGATGGGCAACTTCGGCTATGATCAAAAAGTTTGCTTGCTCAATCGCCTCTGACAAGGCTTGCTGTTCAATCGGTGCAGTATCAATAAATAACGCAATGATCCTGTTTTTGAGCGTGGTATTGCCATTTATGCTTTGCATCATTTTTGCCTGATCCCAGACAGGATCACCACTCTGATGGCTATCAGACAGCTTGACGTCACTCTCCAGTTTAGTGAACTCCTGTTTGATATTGCTCGCATTTAGCCAGCGCTGCATCGCCACCTCAAACTGCTCGATGACCAGAGGTTTAGTCAGGTAATCACTCATACCCACCTTTAAACATCGCTCTCTGTCACCTGACATGGCACCTGCGGTGATCGCAATGATGGGAATAGATTGATATCGCGTTCCCGCTTCCCCATGACGAATTTTTTGCGTGGCAGTAAAACCATCCATAACCGGCATCTGGCAATCCATTAAAATAAAGATAAACGGGTTGTCATCAGGACATTCAATCAGGGCTTCGATGGCTTGCTGACCGTTTTCTGCCTGCACTACGTCCACATTAAAAGCTTCTAGAAACCCCATAGCCACTTCACGATTAATCAGATTGTCATCGACCAACAGTATTTTGTTAGCAGCTAAAGCCACTTTATCGCCACTGGAGGACGTCTGGGAAATCACATTATTGTCGTTGACTGCCGGATGCCCCGCATGGTTTAGAACATATTCCAGTTCCAGTGGTGATACAGGTTTAATCAACTGCGTAATATTGGTCAACTCAATCGCTTTTAAACTGTCTTTAAGCAGTTGACTGGTTAACGCAATAACCTTGACTTGAGAGTTAGCTGCCAGCCAGCTAAACATCAATTGATGAAACTTGACCAACAATTTACTGTCGACGAGCAGTATATCGATAACCTCGCCGTTATCAGCATGGCTGAAGCACTTCTCCAGCTCTTGGATATCACTAGCCTCGACGACTCCATAACCCAGTTTTGTGGCTAACTTACCCAATGCAAGGCGCGACGCCTGACATGAGTCTGCAATCAACATGGTTTTGTCCTTCGCGTTACAAGCCTCACTGATTTTAGTGTCCGCTGCGACATTCAACACAATATTCATCACAAAACAGCTGCCTCGGGCAGTATCATTGCGTAGCGAGATATCGCCTTTCATCATCTGGCAAAGCTGCCGGGTAATAGACAGGCCTAATCCTGTACCACCAAATTGTCGGGTGGTACTGCTATCCGCTTGAGAAAAGGCATCAAAAATCCCGGAACGCTGCTCTGGTGTTATGCCAATGCCGGTATCCCGCACTTCACAAACCAGCTTGATTTTATTTCCCGATTGTTCAGTTCGAGCACTAAGTTCAATTTCCCCCTGATCGGTAAATTTGACTGCATTGCCGATTAAGTT
NZ_CP150481.1_gap84	2844144	2845964	1820	GGTTGCAATGATATTAATTCAGCAGCATCCGCTTTTGCGCCAAATACCGCTGAGACAATCAGCAATAGAACGGCAAAAAACACCCCATACAATCCGAAACCTTTGGCATTACGATTCATAAACACTCTCTTGCATTAATTATTATTGTTGTTTTGCGCTATAAATCTAAAAAACTTGTTATTGCTCAGATACTAACCAGCATTTTGTAATATTACAACACTGGTATAGACACAATTGACGAAAAAGCAAATAAATAATCAAAAAACAGCAAAATAATGGCTAAATAAGCGTATTTATTGGATTTTTTGGGTGACAACGCCAGATTGAGTTCGACTGGAAATAGTCAATTAACGGCATAAGCCAGCCAAAAAAATCGGTGCCATTGGCACCGATTCAACATAACTATTTTCAGATGGTGGGCTTTTATTGCAATTTAACCAACAAATACCCGGGCATTGCGGAACATTCTCACCCACGGACTATCTTCCTGCCATTCATCCGGGTGCCAGGAGTTAGACACGGCACGGAAGACTCGCTCGGGATGCGGCATCATAATAGTGGCACGCCCATCCTTGCTGGTCAGGCCGGTAATACCTGCCACCGAACCATTGGGGTTCGCCGGATATTGCTCTGTCGGTTGGCCATAATTATCCACAAAACGCAGCGCTACTGCCTGTTGTTGCATAGCTGTTTGTACTGCTCCGGCAGAACTGAACTCGGCATGCCCCTCCCCGTGTGATACCGCAATCGGCATTCTGGAACCTTGCATACCGCTAAACAACACCGAGTTACTTTGCTGCACTTCGACCATTGAAAATCGCGCTTCGAAACGGGCAGACTGGTTAGCCACAAAGTGCGGCCACAAATCGGCTCCCGGGATCAATGACTTCAGATTCGACATCATCTGACAACCGTTACACACTCCCAACGAGAACGTATTGTCGCGATTAAAGAACGCGGCAAACTGATCACTGGCCAAATTATTAAACAAGATAGACTTGGCCCAACCTTCACCGGCACCTAACACATCGCCGTAAGAGAAGCCGCCACAGGCAACCAGTCCCTGAAATTGCTCCAGGCTAATGCGACCAGACAAAATATCACTCATGTGCACATCGATAGCGCTGAAACCGGCACGGTCAAACACGGCCGCCATTTCCACATGGGAGTTAACGCCCTGCTCACGCAAGATAGCGACTTTAGGCGAAATCCCCTTAACAATATAAGGTGCAGCCACATCTTCATTGATATCGAAGCTAAGTTTGGCACTCAGGCCGGGATCTTTATCGTCAAACTTGGCATCAAACTCCTGCTTGGCGCAATCCGGATTATCCCGTAATGCCTGCATCTGATAAGTGGTTTCGGCCCAAACGGTACGATAATAAGTACGGCTGTTGACCAGTACATCGCTACCATTGCGACTAAAACGTACCTGATCGGTATCATTTAACTGACCAATCACATGACTACAAGCTGCTAACCCCTGCTCAGCTAACACAGCTAGCACTTGTTGCTGCTGTGCTTGGCTGACCTGAATTACCGCACCTAATTCTTCATTAAACAGAGCATCTATGTCATCGCCTAACTGATCGAGCTGTACATCCACGCCACAATGACCGGCAAAGGCCATTTCAGCAATAGTGGCAAACAAGCCACCGTCGGAACGGTCGTGATAAGCCAACAGTTTTTGCTCGGCTACCAGTTGTTGGATTGCGTTAAAGAAATCATTTAATAATTCTGGTTTATCCAGATCCGGTGCCCTATCGCCAAGCTGTTTATAAACCTGAGCTAAACAGGAGGCCCCTAAACGGTTTTGCCCT
NZ_CP150481.1_gap85	2848891	2852848	3957	ATCTGGGTGTGCAGTTAGAAATTTTTCCCTATTATAATCTGGATGAACTGTTCCCCAAGTTACAATCCCGCCACCTGGATTTGGTCGCGGCCAGTTTAGCCATCACGCCTAAGCGGGCTGAACATTTTCGCTTTGGTCCGGCTTACCAGCAAATCAGCCAGAAACTGGTGTTCAAGCAGGGTCAGCAATGGCCGAAAACAATTGATGAACTGGACGGCTCACTCAGTGTTGTGGCCAGTAGCAGTCATGCAGAAATATTGCAGCAACAACAGACTGAACACCCTGATTTACACTGGCAGGAGACCAACGAGAGCGACGAGGCTGAATTGTTGGAACAGGTGCTGGATGGGGAGCTGGATTACACCGTGGCGGACTCCAATATCCTGTCTGTTATCCGTCGACGTCATCCTGAACTCAGTATTGCTTTTACCCTGGGTGAAGAACAGCAAATTGCCTGGTTATTAAGCCAGAACATTGACGACTCGCTAATTGCCGCGATGATCGACTATTTTGGCCAAATCCAGTCGGATGGACGGCTAACCGCGCTGGAAGATAAATACTACGGCCACGTTCAGCAATTTAACTACGTGGATACCCGCATGTTTATCAGCGCCGTAGAGAAAACCCTGCCGCAGTACCGTGACTGGTTCGAACAATATTCAGGTAATTTGGACTGGCGTCTGTTAGCGGCGATGAGCTATCAGGAATCGCACTGGAATAAAAGAGCACGCTCCGCCACCGGCGTGCGAGGTCTGATGATGTTAACCTTAGCCACGGCTCAGGATCTGGGAATTAAATCCCGGCTCGATCCCAAACAGAGCATTCAAGGTGGCGCCAAATATGTGCAACACCTGATTGATCGTATTCCGCAACGTATCCAGGAACCTGATCGCACCTGGTTTGCTCTGGCGGCCTACAACGTGGGTTGGGGACATGTTGAAGACGCCCGGATCCTGACCGAAAAACAGGGCGGCAACCAGGATCTATGGGTCGACGTTAAACAACGGCTCCCCTTACTACGCCAGAAAAAATACTATAAGACCACTAAATACGGCTATGCACGTGGTAATGAAGCTACTGATTATGTCGCCAATATCCGTCGTTACTATGATACGCTAATGTGGCTGGAAGAGCAGCGTATGGCGGAACTGGAAGCCGAGAAAGAGCTGCAGCAAAGGCAAAATCTGGAACAAAAACAACTGCAGGATACGCAATCTGCTGACTTACAAGAAGCGACTGCTGATTAATTTATTTGACCGGAGATTTAGGTATTATGCTACGACGATTCAAATCAAATAATCATCGCCGACTGGCGTTAAAACGGGCGCATAAAAAAATCAATCTACGCCGTCAGTTTTTTCATAATCGTGAATTTTTTAGCCAATCTGAATCTTGCGACGCGCCGTCGCTATCGGCTCCTGACAAACCCTCTGATGATTGAGCCTGTTTAGCGGCTTTTTTCTCCGCCCGCCGCTGACGAAAAAAGGCAGATAATATTTCTCCACATTCTGCAGCCATTACGCCTCCGGTTACCTCCACCTGATGATTCAACTTGTCGTGTTGCAGTAAATTCATAATACTGCCTGCACTTCCGGTTTTAGGATCCTCGGCACCAAACACTAACCGCGAAATCCGGCTATGTACCAATAAGCCGGCGCACATAGAACAAGGCTCTAGCGTCACATAGAGCGTAGCATCCGGCATACGATAATTTTTCAATCTGTCACCGCCCTGGCGTATCGCCAGCATTTCCGCGTGCGCCGAAGGATCATGCTGCCCAATGGGTTGATTCCAGCCTTCACCGACAATCTGCCCATCTTTGATCAATACCGCCCCAACCGGGATCTCCCCTTGTTCAGCCGCTTTTCTGGCCAACTCAAGGGCATATTCCATCCAATGGCAGTCACTTGCAGCCTGTGCCGAGTCAGTCATATTTTTCCAACCTGGAATGATTAGTGTTGATTTATTGGTGAATTACACAAAATATTGGTAAAAATAACTACCTGACAATTTAACATTAACCGCACAGATATTGTATCTTATTGTTTTATAAAAACATTTAATATTGGTCGATAAATTGCTTATGTTGATTGCATAACTGAATTACGATTTTTAAAAAGGACATAAAATGAATTTAACTGCTATTGCCATCGTTGCCATTGTGTTTTTTGGTTTCGCCGAGATTATCAAACAATTTAAGAAGAAAAGCCCGCCAAGCAGCCAACCAAACGAGGGGCTTGAAAAGGAAATTAACGCCTTAAAAGAACGAATCGAAACATTGGAAAAAATCGTTACTGATGAAAACTATGATTTAAAAAAGCAGTTTGATTCACTTAAAGACTAACAATGTCCACTGTAAATAACTAAGGCGCTAGTAAGCGCCTTAACTTATCCTGCGGAGATGTTTTATCGCTTCCAATAGTTAACAAGACAGCAAGCACAAAGTTTATTTTGCGCACAGCGTACTATATAAAAATAATCCAACCATGATTTCAGCGTGCCGTCTACCTTGGCATTCCGGTCAATAAGCCAATCAACGGCGGAGCAGAATCACCATCGAACTCATACAGCATTTATAATTTACTTTCTTTACCACCGTCGTTACTCTTTAGTTTTCAGATCAGGCTTGCTAAGGAGAGGGATCGTGAAAAAAAATATCGGGATAAAGCCAACTATCGTTTTGATGGCATTTATCACCACACTGGCAAATGCACAGAACTGGTCACCCAGTCCTTACCCGCCCTATTGTCACGCAGACGCCAAAGAATATGGCAATCTTCCTTCAATCAGTATTGATCCGAACTACGATTCCCCGAACGAAGTCATCGTTAATTATCGCGCGTTAACCGATGAAGACGGGGAACAGCGTCAGGATTTGGGTCAGGCTGTCAATGCGCTGGGCAGTATGGTCAGCTACGCCAAGCAGTTAGAAATGGCGTATAACAAAGCGGCCTCGAACTATTGGGACCACTTTGATCATACCGGTCAATCCGATCCGGCGCTGGAACAAGAATACGGTTACTGGATCTGGCGACGTGGCCGATTTTCCGGTGAAGTTGCCGCAATAAAGGGTGTGGGTTATCAAACTGGGGCGGGCGCAGCCACTTTTATCGCCAATATATTGGGCGGAACCTTCGGCACACCATTTCAGGTTCACAGCCTTCAAGACGCGGTGAGGTATGACTATATCAAGTTTAGCCAGTGCACGCTAAAGCATGCACAAACTTTAGACGATGCCCTTAAATACGAAACTATTCTCGATGCCTATCCATACGAAGCGGAATATATTTATCATCACTTCGAGCGGATGGGAATTCGCGAACTCAAACCTGATGAAAAGCAAACACTGTTGTTCGCCATGCGCGAACGGCGTAAAACCAATATCGACGGGAATGGCCGACCCACTACGGGCCTATTTGCTGACAAGGAAGCTGTCCGCAAAGCGATTGCCAGCGCAGGCTCAGGTCGCACTCCGGGACATATTGCCTTTATCGAATTCCTCGAATTCGGCGTCAGTATGCTCAATAGTCGCCACCAGTCTACCGAACTTGGCGCACCAAAAAATGTTGACGGCAAACCAGGCGCCTGGGGCATGTCAGATGACAAATACAATCAGTTGTCGCGCGGCATGCTCTTCATCTATTTCCGCCATCCATCCAAAGCCTGGAATCAGGTTGAAAAAGAAATCTTTCCGAATGGGTATGTACAAGCCGCGACTTGCGCACCGTCCAGACTGACCGAAGCTGCCGACTTCCTGTACCAGAAAATCGGTTCGCTGATAGATGAAGCGGCAAAAGAGCAAACTCTGGATACCGCATTTTGTATTGAGCCACGCTCCCGTTTGCGAGGCCGTCGCCCACCTATGATGACATGGCAACAGGAAGCAAAAGCCTGCATGGGCCATGACGCCTGGCGACTGGCGATGATTGCTTGTGCAACGGGTCAACAGGTTGGAGC
NZ_CP150481.1_gap86	2857001	2860992	3991	CGGTGATCAGTGCTGTTGGTCACGAAGTTGATGTCACTATTGCCGATTTTGTTGCTGATTTAAGAGCAGCCACTCCTTCGGCCGCCGCTGAATTAGTTAGCCAGGACCAACAACACCTGCAGCAACAAATCGATCAAAAGTTGACTCGTCTGTTCCAGAATTTACAGCAACAAATGCGAGGCAAGCAGCATCAACTGTCAATATTGAATCATAATCTGCAACGCTTTCATCCCAGTAACCGGTTAAAACAACAGGCCCAGCAAGTCGATCATTTGCAACTGAGTCTGGTTAATTTGATGGATAAAATACTGCATCGTAAATCGGTAAACTGTCAGCAACGTATTAACCAGTTAAGCCAATGCTCGCCAGTACATAATATTGTCTTGGCACAACGCCAGTTGACAAGTGTCAGGCATCAGCTGGACAGCAATATGCGCCTGTTATTTCAACATAAAAAGCAGGCATTGGCCGAATCCAGTCATTTGCTTAATACACTAAGCCCATTAACCACCTTAGCACGCGGATACAGTATCAGTTTAAGCGACAATAAAGTGGTTAAAAGCCACAATGAGCTCAATAGCGGAGATAAACTGACAACTAGATTTGTCGATGGTGAAGTGACTAGTACCGTTGATTAATATTTTTTAGTTTGTTAGCCGATGTCGGTCGATCAATCTGGATGCCCCTGGCAGCCAGTTTTATACCCAGTCGCCATTATTATCTTCACCTGTTTGTCATGCCGACGTCATTCGCTTAATATCTAATCTATAGGCTGAAAAATCAGCAGCACAAACTAAGAAATTTAGCGGAACCCGGCAAGCCATTTCTTGCTATTTTGCGCAGTTTTCAAATCATCCTGGATAAGTAGCGATTGATGAATATACGTAATGCCGGAATTATATTAGCCCTATTTGCCAGTTTGACGGTGGGTGTAACACAGGCTCAACAATCCCCTGTTCCTCAAGCCGTTAACAAATCAGTTGCTGGCAAAACCATGCCATCCGGGGTTGATTTAACCGCCATTGATCCTGATACCCGCCCACAGGATGACTTTTACCAGTTTGCCAACGGAACATGGCTCAACAAGACAAACGTTCCCGCCACCAGTTCCGGCTATACCATCTACAATGAAGTTTACGATCAGGCGGAAAAGACCCTGCGCAATATTATCGAGGTGGCGGCAAAATCAGCCAGCCAACCCGGCTCTGAAGCACAAAAGGTGGGTGATTTATTTACCTCATGGATGAATAAAAGCGCGATTGAAGAAAAAGGCTTAACCCCGTTAACGCAAGAGATCAGTCGTATCAACAAAATCACCAACCGCGCCGAACTTGTCGCCCTATGGGCGGATTTTATTCGTAAGCGTATAGACGCACCAATCGGATTCTATATTCACCTGAATTTGAAAAAAGCCACAGAGTACGCAGTTTACTTTAGCCAGGACGGCCTGACCCTGCCTGATCGCGAATACTATTTGAACCAGAACAACCCGAATTTTGTTGCAGTGCGTCAAGCCCTACCCGAATTTATCCGCACCATGATTGCTTTTGTCGATCCGTCCATCAGTATTGAACGTGCTACCGCGGTGTATCAGTTAGAATATCTGATGGCGATACACCATTGGACAAGGGTCGAAAATCGCAATAATGAAAAAACCTACAACTTGTATAACGTCGATCAGCTTAACCAGTTAGGTAGCAATATAGACTGGATGCTGCTTATTCAGGAATTGGGCTTAACTAAAGTCGACCAGGTGATTATTTCCCAGCCCAGTTATTTTCAGGCGATTGACACCCTGATTGGCAACGTTGATATAACTATCTGGAAAGACTACCTGACTTACAATCTTATTCGCAGCTATGCCAACCACCTTCCCCAGGCCATTGACGACGCCAACTTCAACTTTATGAGCACAAGGTTATCCGGACAGACCCAACAGCAACCTCGCTGGAAACGCGGTATCGCGATAGTCAACTCGGCACTGGGTGAAGTGGTTGGCAAGCTCTATGTGGAGCAACGTTTTCCGGCAGCCGCCAAACAAAAAATGACTCAGCTGGTGAATAATATAGTGGCGGTATTCTACACCAGTATCGATCAGCTCGAGTGGATGAGTGATGAAACCAAAGTGGCGGCCAAACTCAAATTGGCAAAGTTAAACAGTAAAATTGGCTATCCCGATCATTGGCGTGATTACTCAGATCTGACCATAGTAAAAGGTGACCATCTGGGTAATATCAAACGTAGTCGCGAATTTGATTACAACCGGGATATCAACAAGTTAGGTAACCCTATCGATCGGAATGAATGGTTTATGACCCCCCAAACCGTCAACGCCTATTATGATCCCGCCCAGAATGAAATCGTGTTTCCGGCTGCGCGCTTGCAACCACCCCTATTCCAGCCCAACGCTGACGACGCGGTTAACTATGGTGCTATAGGCTCAGTGATCGGCCATGAAATCAGTCACGCCTTTGATGACGCGGGTAGCCAGTACGATGGTAACGGTAATTTGCGCAACTGGTGGACAGCGGAAGACAGAGAAGCATTCGAGCAACGCGCGGCAAAACTGGTCGAACAATACAATCAATATTCGCCTATTGAAGGCATGCACATTAACGGCGAACTGACGCTGGGCGAGAATATTGGTGATTTATCCGGCGTCACCATCGCCTATCAGGCCTATTTGCGCAGCCTGAACAATCAGTTGCCACCCGTTATTGACGGGTTTACTGGCCCACAGCGATTTTTTCTGGGCTATGCGATGTCTCGCCGGGGTAAATACAAGAGAGAATCTGCCATTAGCCAGCTAACATCGGATCCTCATTCCCCGCTGAAATATCGGGTTAACGGTATATACAGCAATATTCCGGAATTTTATTTAACCTTCGGCGTAAAACAAGGTGACGGTATGTGGATAGCGCCAGAAAACCGAGTCAAAATCTGGTAACAGAAAAATTTCTATATATTTCAATAGACCCCCAATATAATCCGCTCGCGGCTGCACATGTCAATCATCAAATAGCGAGAACATTATGATAATAGAAAATGTGCTTCCCGAAGATTATGCAGAACTGCTTAATGTTTGGGAAAACTCAGTCCGGGCAACTCATAACTTTATTAGTGATGCGGATATTACGTTTTTTAAACCCATTATTATCACCCAGGCCTTTCCTGCTGTAACCTTAGCCTGTACTAGGGATGAGCGGGAAAATATTCTGGGGTTTGTTGGTATCGATAAACAAAAAGTAGAAATGCTGTTTGTACTCGATCAGGCCAGAGGTACGGGAGTAGGTAAAGCATTACTCCAATACGCTTTGACCCTATACAAGGTAAACAGCGTCGACGTTAATGAGCAAAATCCCCAAGCCGTTGGTTTTTATCAACATATGGGATTTAACATTGTGTCGCGTTCAGATACCGATGGGATGGGTAAACCTTTTCCAATTCTGCATATGAAGTTGTCATTCCCGGTTCCTTGAAGCCCTATTGATAGAAGAAGTGTTTAAGGCTAATAACCTTAAACACTTCCGTATCATTTCTCTTTCCCATTTACCCCAAGGGCGTCAACTTTTGCAGTAGCTTAGCAGTTTAAGACAACCTATCATCAAGCCTGAATAAATCGACAAGATCTGGGAAGAAAAAATATGAGCGAGAAAGACAAAATGCTGGCTGGTTTACCTTACGATGCCTGGAATACCGAATTGTTTAATGACCGGATGCGCGCAAAATCTCTATGCCATCAATTTAATCAGGCTGATCCGGTTAAAACCACTAACAGAATGGCTTTACTTACCGATTTATTGCATTGCAAAGGTAGCGTTCATATCGAACCCAATTTCTTTTGTGACTATGGCTATAATATCGAGGTTGGCGAGCAGTTTTATGCCAATCATAACCTGGTTATCCTGGATGTATGCAAAGTCACTATTGGTGATAACGTGATGTTTGGGCCCAATGTGATGATCTCCACCGCCACCCATCCAATCGACCC
NZ_CP150481.1_gap87	2865937	2869450	3513	CTAATTTAAAGGGCATTTATTGTTATTGTGTAATGACACTTACAACATCTATGCCAGCCCCTTAACTGTAGAAGATAAAAATCGTTGCGACAGAGTGGTCTGCAACATTCAACTGGTTTGATTACCGCTATACTCTCCCAATGGGGTGAATCAGACTATGCGGGTCAGACCGGAGAATAAGCGGGAAAATGTGAGATAAGCCAGCAACGACTGCAGGCAAGGTCATTAGCGCAAAAATACAGATTAGTGAATTTTAGTTTTGACCTTATTCGGAGCGTACAACTTGATTTCGCCCACGAGCCTTGGCGTCGTATAACGCTTTATCTGCGCGTTCAATGAACTCACGGGCGCTTTCATTACCTCGTTGGGCAACCCCAAAACTCGAGGTTAGTCTGATATCATTTATCCATACTTTTTCGCTTATGATACTGCGCAAGGTTTGGGCTAGCTGGTAAGCATCAGATAAGGTGGTGTTGGGACAAACCAGTAAAAATTCTTCTCCACCCCAACGGGCTAAAAAATCGGTAAAGCGGCAATTTTCGTTAATGGTTTTAGAAAACTCCTTGAGAACTTCATCGCCAACAACATGCCCATGCTCGTCATTGATGGACTTAAAGTGATCAACATCGATAAAAATAAGTGAAAGTACTTTTAGTTCCTTAGTAAAAATACTTTGAATCCCGGTTCTGTTTAACGCGCCGGTTAAGGGATCTCTCTCAGCCTTGTCTTTTAGTAATTTTGTTTCCACATTTAATAGCTGGTTAAGTTGCCTAAGTTCTTCCGCTTTTTGTTTTGTCTGATTCAACTGATGGCGTGAATACCTGAGATTGCCAAAAAGAACCAAAAGTGCAGCGCCCACCCATAAAATGACAAGCGAAAACAGTACCTGACTATTGGTAAAATACTTACCATTGAATTGAATATATTCTAGTTCGATCTCATATCGGCCGGGTTGCAGATTACTACCTGTAGACAACTCCATGATCATCACTCTATCAAACTCAGGTACATTGTGTCTGACGGGAATTTTTTGCTCAATAACCCACCATGTCGCAACTTGTAAACTTTTCATTGGAATTTGGGTCGCTTTAAGCGGATTGTGTGGCCAGTATTCTATTCCTACATATTTCCACGTCTCTTCGTTATCCATACGCGAATATTCAGGGTTAAAACTGCGCAACTGGAAACGTACACTTGTGTTCGGATGATTCAAGTAGCTAGCTTTAATATCCACACTTGAAAAATCGGACAGATCTAGACCTTGATCTATATAACTAGATATATCGTCAAAAAAAGCAATTGAAAATTCACAAAAAGGCCAGTTATAGCCAGATGCGGTGATATTGCACTGCAAAAGCCACTTATTATCGGTAATAGTCATTTCTGCAGTAGAAAGCCCACCTTCAGATTGATCAGTGATAACGCTTATATTGGTTACATTGCCAGGATGTAAGCGTAGCGTTTTTTTAAGCCAAAAGATTTGTAGCAATATCGAGATACAGGTAACGCTCAGCAAGATTACCAATATTAAGTTGTAGGGCTTACTGTGCTTCATCAGAACCTCAACATAACTTAATAGTGCTTATTTGATGGTCTGAAAAAGTCGAACAGAGACGTTGCCCGCTAGTGTGACAGTGCATGAATTGTTTTATAACCATTTGAACAACAAGCATTAACAAAGCGTAGCGTTATCCTGGCAATATAGCTAAATCAATTCTGATTCTAGCTATATATTTGAGAGATTCTACTGCTGTTAATATCCTTGACTACTGAAAATGAAGGGTAATGTCCAGACTGGCAATTTGCTCGGCCTCACGCTCCAGGTCTGCGACCAGCAACGATTGCTCCTGTAACCATTGCTGTGCAAAACACAGATCAAGTTGTGATTTTTTTGCGACAACCTGTATAGGAGGTAGTTGATCATCCTGGCGCTGAATGTTGAGCAAAACCCCTAAGCGCAATAATGCAATCAGTTTATGTACCTTCTCAACATCGTACTGATCCAGTTCCACCAATTCAGCACGACGAATTTTTTTGCGATGCGCCCCCACCAACATGGCCAGCAACTCTTGCTGTTCCTGATTAAAGCCGGGTAATTCCACCTGTTGCAGAATATAGGCTGAATGACGTTGCACGGCGCGAGAATTAATCTGTAATCCCACTTCATGCAACAGTGCCGCCCAACTGAGCATACTTTTAAGTTCGCTGCTATTTAATTGCCAAGCAGATTGACAACTGTCATACAGTTGCAGTGTTGTGGCTAACACCCGGCGCGCCTGTTCGGTATCCACATCGTAACGGGTGGCCAGACTTTGGGCGGTGCGCTGGCGGATATCATCACCGCTTAAACTGTCCTCCATTTCATAAATGACGCCTTCGCGCAGGGCGCTGCTGGAATAGCTCATTTCACTAATGCGCAGGCTTTTAAACACCGCAGTTAAAATGGCCAAGCCTGCCATAAACACTGGCTGACGATCTTCACCCAGACCATCCAGTTTTATTTTTTCAACCCGCCCGGCTTCACAACATAAGCCACTGATACGTTCCAAATCAGCTAATTCAATGCCGTTTTTCAGGTTGTTGTCCGACAACTTTACCGCCACATCAAGAATTGTTTTGATTGTGCCGGAGCTGCCGATACAACTTTGCCAGCCCATATGACGGTACTTTTTGTCGATCAGTTCCAGTTCTTGCTGGGCGGCTGTTACAGCACGTTTAAAATTTTTGTTGCTAATCTCTCCGCTGGCAAAAAAACGCTGGGTATAACTGACGCAACCCATTTGCAGGCTACGCAGCAGTTTGGGGTCAAACCCTTCGCCAATCACAAACTCGGTAGAGCCGCCACCAATGTCGATAATTAACCTTTGTCCGGTTTCGTGATGGGTATGGGCCACGCCCAGATAAATCAGACGGGCTTCCTCAATCCCGGAAATAACTTCTACCGGATAAGGCATAATTTTACGTGCCGCCTTGATAAAGGCTTTGGCATTTTTGGCTTTGCGTAAGGTATGGGTGGCGACAATTCTGACGCTGTCCGGGCTAAACCCCTGCAGGCTTTGCGCCATTAAGGTCAAAATATCCAGACCGCGCTGGATGGCGTCATCGGACAAGACATCGTTATCGTCCAGGCCTTCTGCCAGTCTGACCCTTTGTTTGATGGTGTGAAGGATCTGGACCGATCCGGCCATAATTCTGGCCACCACCAAATGGAAGCTGTTGGAACCTAAATCCAGTGCTGCCACTTTAGTGGATTCACGCAGTTCAATATCGCTAAAGCTGGTTGCCGGATCGGGCATATTATTCCTGTTCTAAAGAAAGTAAATAATCGTATATTTCCTGCTGGGAGCGCAGTTTTTTGCGATTACCACGACGCACGTAACGATTGGTTTGGTCTTTATCAATCACCCGCGCCTTGAGCGTATCCTGAAACTGGATCTCCAACATTTTGAGGATACGTTGTTTGAGCTTGTCATCATAGACCGGACAGGCAACCTCGACACGATTATCCATATT
NZ_CP150481.1_gap88	2917603	2920551	2948	AGGTAAGGTACACCTTTTTGATCGTTAACAATTTGCGAGCCTGGAGGAACACGGCCATCTAATGCAGATCTGACATCATGTTCCGAATCTACCAGACGAAAATCCAGGGTAGCCGTCGCATTAAGAATTTCTTTAGCCCTCGCGGTATCCTGAATACCGGGCAATTGCACCACGATACGATCCGCTCCCTGACGTTGAATCAGTGGCTCTGCAACACCAAGTTGGTTCACCCGGTTGCGCATGATGGTGATATTTTGTTTAACCGCATAATCACGAGTTTCGGCCAGTTTTGCTTCAGACATGGTGACCATCAGCATCAAATTGTCTTGCTCGTTAAACAGCAAATCGGGATTACGTTTTTTCAAAAATGCCAGACCATCATCCAGTGTCTGTTGATCACGGAACTGGACTTCCACGCCTTCGTCCAACTGACGGACGGTACGGTAACGAATGCCTTCTTCACGCAATGAGGTGCGGAAATTGCCGACCAAATCTTCCATCGACTTGGCAATGGCCAGGTTCATATCCACTTCCATCAGAAAGTGCACACCACCGCGTAAATCCAGCCCTAGCTTGATGGGCTCACCACCCAACGATTCCAGCCATTTAGGTGTATCAGGCGCCAAGTTCATGGCAACGTAATAATCCTTGCCCATTTTACTATCCAGCAATTCACGGGCGACCAGTTGGGTTTCGGAATCCGCAACCCGGATCAAAATTTGTTCGTTATCCAGCACAACACTTTTAGTTTGAATATTGGCTTGCTGAAGATCGTCTTCTACCTGCTGCAAGGTCTGCATAGTGACGGTTGCATTACGGCCGGCAGAAATCTGGATGGCATGGTCTTCACCGTATAAATTGGGTGAAGCATATAAAGCAGCGATGGCAATAACAAAAATTACCATCAAATACTTCCATAACGGAGTTTTGTTTAACACAGGATATTCCTTTGTGCGGGTTGATAATTATAACCGGAGCACCAAATTAGTTGACTATTAAGCCTCCGGTTAACCCATATCGGCCTTAATTACAGGCTTTTCATCGTACCTTTAGGTAATACGGCTGAAATAGCAGACTTCTGTACCACAATATTAGTGGTTTCGTTTAACGCCAATTCGATGAAATCTTTTTCAGCAGTAACTTTGACAATCTTGCCAACCATACCGCCCTGCGTCAGAACCTCGTCACCTTTGCTTAAAGATTCAACCAGATTTTTATGCTCTTTAACCCGTTTGGCTTGCGGGCGATACAGCATGAAGTAAAAAATCAAACCAAAGATACCCAACATGATCAGCATTGACATGCCGCCTTCTTGAGCTCCGCCAGCGGCTTGCGCATAAGCATTAGATATAAATAAACTCATTTTCGTCCCCTAATATTGTATTTCTTAATTTTAAATAATCAGAGTGCCGGTACTGGCATCTCTTTTTGTTGATAAAAATCTGCAACAAACTGATCAAGTTGATCCGCGTCGATAGCGTCTCGTAATCCTTGCATCACTCGCTGGTAATAACGCAGATTATGAATGGTATTTAATCGTGCGCCGAGTATCTCATTGCATTTGTCCAAATGATGTAGATATGACCGCGAATAATTTTTACAAGTGTAACAATCACATTTTTCGTCCAGTGGCCCGGTATCCGTCTTATGCTTGGCATTACGAATTTTAACGATACCTTCGGTCACAAATAGATGGCCATTGCGCGCGTTGCGGGTTGGCATCACACAGTCGAACATATCGATGCCACGTCGAACCGCCTCGACAATATCTTCCGGCTTGCCAACGCCCATCAGATAACGGGGTTTGTCGGCGGGAATTTTATCAGCAGTATGATCCAGAATACGGATCATATCTTCTTTGGGCTCACCCACAGACAATCCACCAATGGCGTAACCGTCAAAGCCGATATCCACCAGACCTTTTAAAGACGCATCGCGCAGCCCTTCATACATGCCGCCCTGGACTATCCCGAACAGTGCTGAAGGGTTGCCCTGATGCGCATCTTTACTGCGCTGGGCCCAACGTAAAGATAATTCCATGGATTTACGTGCGACATGCTCCTCGGCAGGATACGGGGTACATTCGTCAAATATCATCACAATATCCGAACCCAGATCGCGCTGAACATGAATAGACTTTTCCGGAGTGAGCAAGATTTTTTCACCGTTAATGGGCGAACGAAAGGTCACCCCCTCTTCGGTTATTTTACGTAGCTCACCCAAACTGAACACCTGAAAACCGCCTGAATCAGTCAGAATGGGCTTATCCCAATGCATAAAGTCATGCAAATCACCGTGTAATTTCATGACTTCAGTGCCTGGACGCAACATCAGATGGAAAGTATTTCCCAGACAGATATGCGCACCGGTTTCTTCAAGCTCTTCCGGAGTCATGCCTTTTACCGTGCCATAGGTACCTACTGGCATAAAAGCCGGTGTTTCGACCACACCGCGCTCAAATATCATCCGTCCCCGACGGGCTTTGCCATCGGTTTTAATTAGTTCAAATTGCATACAACATCCTGACAGCAGGCCGGAAAACAGTCCGGAGCCGAGAAAAATAAAGCCGGGATTATATACGAATCGAACGCCATTTTATAAGTAAATGACAAGTAAATTTAGTTTTGCTTGCGTTCAATAAACATGGCGTCACCATAACTGAAAAAACGGTAACGCTGTTCAATGGCTTGCTGGTAGGCATCCATCACATTGTCCCGTCCGGCAAAAGCGCTGATCAGCATGATCAGGGTGGATTCCGGCAAGTGGAAATTGGTTAGCATCGCGTCAACAATCTGGAACTGATAACCGGGGTAAATAAAAATATCCGTATCGGCATAAAAGGGGGACAATTCTGATTGATTGGCAAGTGCCGCCTGAGCGGCTGACTCCAGTGAACGCACCGAGGTTGTTCCCACTGCAACAACTCTTTTGCCATTGGCTTTGGTGGT
NZ_CP150481.1_gap89	2922799	2926071	3272	ATTCAAATAAAATAAATTAATGTTTGACTAACTGATTTTTTGCTGACTATTATAATGCCCAGAACAATTTATTAGTCAGATGCTTTAAAGGAGAGTAGCCATGACTTGGGATCTTGACCAACTTAAGACCCTTATCAGCAGTAATGATGACTATGTCGTCACCCATGAAGAGAATTGTCTGTTAATTGCCAATTCAGATGGCATTGATGCCTGGTTAGCCATTAGCGGTGAGCAAATTTTGGTTGAATCGTTACTTTTCTCGACCGATGAAGTGAAAGATACCGCGGCGCTGAATGCGGAAATACTCAAAACCCATATGATTTTCCCTTTAAGTACAGTGGGAATTTCGAATATTTCCGGGCAGGACTATTACATCGCATTCGGTGCGCTCAGTTCCCAATCCAAAGAACAAAGCGTACTGATTGAAATAGAAACCTTATTTCAGAATGTTGCCGGCTTCCTGGATGCCTATCAGGAACATCTGAAGTAACCCCAGTCACACAATGAGGAGACAGTTATGTCTGTTTGGAGAAAATTAGTTACTGCCGTTAAAGGTGGTGTTACCGAAGCAGCTGAAGCAGTTGCTGATAGTCAGGCGCTGCGTATTCTTGATCAGGAGATCCGCGAAGCCAAAGAGGAACTGCGCCGTTCCGATCATGCTCGCACGCAAATTTTAGCTAAATGTAAATTAGCTCAGCAAAAAGTGGATAGTTTGCAATCGTCGATTAGCCAGTATGAAGAACATGCTCGCAAAGCGGTTGATACCGACCGTCAGTTAGCACTGGATTGCGCACAAAAAGTCGCCGATCTGAAAGCTGAATTGGGCACCGAGCAGCAATATCTGGATCAGTTCAAACAATCCGAAAAGCAATTGGCGGAAAATATCAGTCAGGCCAAAAACAACTTGCGTCGTCTGGAACAACAAGTGGACATGGTTAAAGCGACCGAGTCGGTGCAAAAAGCGCAGGTGGCGGTATCATCACGCCATATGGGTGCCAACAGCAAAATGAAAACCGCTACCGAGTCGTTACAGCGTATTCAGGATAAACAGAATATGCGTAATGCCGAGTTACAAGCGGCTCAGGAGCTGGCGGCGGACGAGTCCACTGACGATCTGGAAAAACGTCTGGCTAATGCCGGTATCAAAGGGGGGGAGACCTCCGCAGATGATGAGTTAAGTCGAATACTAGGGAAGTAATAACTCTATGCCAATGATTCAGAAAATCAGGAAACTGGTACTGAAACATTTTATCCATATGCGCTGGTACTCTGTAGTACTGGCGCTTATTGTTTATGCCGCATTGTGCTGGATATTGTTGCGCTTGAGCGGTGAAGAAGCGCTGACCCAGTGGCCTGATTTTTTATATTGGTTAATGGTGACTGGCTCAACGGTGGGCTATGGCGATATGTCGCCGACTACTGATGCCGGCAAATATATCACCAGCATTTTTGTTATCCCCTTCGGCCTGAGTATTTTTGCCCTGATTGTAGGTCGCGTCGCTGCGTGGATTTCGCAACAATGGCATAAAGGAGTGAAAGGTTTGAAAGCAATTCATGTTTCCCAACATATATTAGTGATTGGCTGGCATGGTGAACGCACCATGCACCTGCTCAAATTATTACTACGCGAACGCAACGAGGCCAATAAACAACAGGTAATTTTACTGTGCGTGCGGGCAGACATCGATAATCCCCTGCCCGGTCAAATTGAATTTGTGAGAGTCGCTTCATTTAATAAAGATGTCGATATGGACAGAGCCTGTGTGGCCGAAGCGGCGGTGATTATTGTCGATAATCCCCGTGACGATGAAACCATGACCACGGCACTGTATTGCCATCAACGCAATCCTGATAATCATTTACTGGTTTACTTTGAAGACGAGAGCCTCAGCAAGTTGCTCAAACAACATTGCGCCAATGTGGAATGTACCCCCAGTGTGGCAGTAGAAATGCTGGCCAAATCGGCGTTTGATCCCGGTTCCAGCGCCCTGCATCACGACTTGTTAAATGTCGAGGATGATGGCCAGGCCCAGTATTCGGTTAACGTACCGGAACTGGCTCAACCATTAAGCGTCGAGCAGCTGTTTATCGGCATGAAAAAGCATTACAACGCCACTTTTATCGGCCTGGCTAACCAGCTTAAACAAATTGAACTGAATCCGAATTTATCCACGCTGCTAGGCCCGGGCGATAAAATTTACTACATCGCTTCGCGTCGCCTGAATAACATCAACTGGGAGGCCTTTAATGTCGAGTAAATCAATCTTCAGTAAATGGTTTGGCCAAAAGGATAGCGAAGACAAGGTCAAGGCCCCGGAAATTATGGGTTTGTATCTGGGCGGTTCGTTTGAAATTGATCCGCTTAGATTGCGCCTGCTTCAGCCTGATTTGATTATCGAAAACGCTGCCTCGCAACAGCTGATTCAGGCCGTTGGCGAAGTCGAACTGGATACCGGTGGTAAAATTCTGCGCTTTTATACCGACGATGACGCCTTTGTACAGGTGGTGCTGGACGGCGGCGACACCGAAAACCATATCACCGATGTCAAACTTTGGTACTTTTACAATACCCAGACGGTAGGGTCCGACAATCAGTGGCAACAACTGCTGAAAGACGGTATTTCCAGCCCAACCTACGAGCTGGCGCAACAACAGTTCAAACGTGTCTGGGATGCAGTGGGCGATACGTCTCCGCCGGTGGCGATGACAGAAAAAACCCATGAAGAAGACGGTGACATTAGCGAAACTGATCAATTTGTGATGTTATATGAACGCCCCATCAACAGCGACGAATTTGAATTTTTAATGGTCAGCGGGGAAGAAAAGCAAGTTGGCAACAACCTTGACCGTTGTCTGGTGATTAGCACCGGTTTTAATTTACAACCCGCCGACATTCGTATTAACGGCTAATACAACAAGGAATTAATCATGGATCAAATACTGACTTCATTAAGCGGCTTGGGTAATTTCGCCCTGTATTTTATCAGCGCCATTATTTTACTGTTTGTTTTTAAAATACTTTATGCCTTTGTGACGCCACATGACGAGTGGAAACTGGTTAAACAGGACAAAAGCGCCGCTGCGGCCATCGGATTTGGTGGCGCGATGGTCGGCTTTTCACTGGCACTGGCCAGCGCCGCCAGCAACTCAACCCATCTGATTGATTTTATTGTATGGGGCGCTGTGGCGTTAATTGCCCAGCTATTTGCCTTTGCCCTGCTGCGCTTTACTTTTATGCCCAAAATTGCCGAGCGGATCAGCAATAACGAAAC
NZ_CP150481.1_gap90	3013316	3014858	1542	CCAGACTGATATAAATTTGCGCCATCTAGGATCGCTTCCTTGTTAAAATCACTGCTACATTGCGGGCATCAGCTAAAATGTCCGGTTTACTCAACTTTAGTTCGATTTGATGACAATTAAATTGCATAAAGATATGTTTAATCATGGCAGCAGCCAGTGCCTCCAACAGCTGAAACTGGCTGTCACTGGCAACTTGTTGGATCAACTCCGCTATTTTGGCGTAATCCAAGGTATCAGCCACCTGATCGGATTGCCCCGGACGTTCCAGTTCTACCCATATTTGCACATCTACCACTAACACTGTTTTGGCGGTTCGCTCCCAGTCGTAGACTCCAATCAATGACTCGACTTGCAAACCTTCAATAATAATTCTGTCCAATCATAACCTCGGTAATATACTGATTTTCGCTGGCCGGGATTATACCCGTTACTCTAGTTTCCAGATATGTTATATAGATTGCCAAGTGTACCTTCTTTTATTAACGGGTTGAAATGACGGCTCAATTTATATTAATGATAGCGATAGGTTATCTGGCGGGCTCTATTTCCAGCGCCGTGCTGATTTGTCAGTTATTTCGTCTACCCGATCCCAGGCAACATGGCTCCGGCAATCCGGGGGCGACCAATGTATTCCGCCTAGGCGGCAGGATACCGGCGCTATTAACCCTGATAACCGACGTGCTAAAGGGAACGATTCCGGTCTGGACCGGTTATTTTTTGAAGCTGGAACCGGTTATGCTCGGCTTTATCGGTATAGCGGCCTGTCTGGGACATATTTATCCGCTGTATTTCGGTTTTAAAGGTGGCAAAGGCGTTGCGACTGCATTAGGAGCGATGTTGCCAATTGGGCTGGATTTATCCGGACTGTTGATTGGCACCTGGTTTGTCACCGTGTTTATTACCGGTTATTCATCGTTATCCGCGATTATTACTGTATCACTGGCACCGCTTTTTACCTGGTTTATCAAACCGCAATACACCATTCCGGTGGCAATGTTGTCGGTACTGATCGTTGTCCGCCATAAAGACAATATTAAACGCTTGCTAAAAGGCGAAGAAGGTAAAATCTGGGATAAGGGCAAAACCAACGAATAGTTTGCCCTGTTTAGCTCGCTAAAGATAAAGTTAAACTGCTGGCAGACTATCCAATGACCAGCGTGGTTTGGCTTTAGCACTCAACTCAGTTTTCTGGCCTGCTTTTAGCCGCTGTAAACCGGCAAACGCAATCATTGCGCCATTATCCGTACAAAACTCCAAGCGTGGATAAAATACCTTACCGCCCATTTTAGCCGTGGCCTTTTCCAGCTTTTCCCGTAAAGACGTATTTGCACTTACGCCTCCGGCAATCACCAAACGTTTTAAACCCGTTTGTTCCAGTGCGCGGCGACATTTAATCGCCAATGTATCTACCACCGCCTCCTGAAACGCATAAGCAATATCGGCTTTGGATTGAGGACTGTCATCTTGATCACGAATAGTATTGGCGGCAAAAGTTTTTAATCCGCTAAAACTGAAATCCAGCCCAGGTCTGTCAGTCATCGG
NZ_CP150481.1_gap91	3090343	3093572	3229	AGATACACTGCCCTTGCAGATCCTGCATATGAATTTTTATCTTGTCGCCAAAACGCATAAAGGGGGTAGAGGCTTGACCGTCACGAATAGTTTCTATCATCCGCACCTCGGCAATACAGGAATAACCCACTCCCCCCTCGCTGATGGCACTACCGTACTCGGTACCCTGCTTGTTTGATACGGTGCCTGAGCCGATAATGGCGCCGGCGCCTAAATTACGACTTTTGGCCGCGTGGGCAATAAGCTGGGCAAAATCAAAGGTCATATCTTCGCCTGCCTGAGGTTTGCCAAAAGGATTTTCGTTATATTCAGATAACAAAGGTAAATGCACTTTGTTATCTTGCCAGTGGTCACTGAGTTCATCCGGTGTCACCGCCACAGGTGAAAAAGCAGACGCAGGTTTGGACTGGAAAAAGCCAAATCCTTTGGCCAGTTCACCTGGAATAAGACCTCGCAACGAAACATCATTAACCAACATCAATAACTTGATGTGCGAACCGGCGTGTTCGGCAGAAATTCCCATTGGTACATCATCGGTGATTACTGCAACTTCCGCCTCGAAATCAATTCCCCATTCATCGCTGGGTAAAATAATATCTTCGTGCGGTCCGATAAAATCATCGGAACCGCCTTGATACATTAATGGATCGGTCCAGAAACTTTCCGGGATCTCGGCGCCACGTGCCTTGCGCACCAGCTCCACATGATTAACATAGGCACTGCCATCAGCCCACTGAAAGGCTCTTGGCAGGGGCGATTCACACTGGCTTTGGTCAAAAGCAAAACTGTCAGTGTAGTTGCCGCGATTTAACTGGTTATAGACTTCCGTCAGTTGCGGAGCGATAACTTGCCAATTATCCAGCGCAGTCTGCATAGTCAACGCAATATCAGGCACCGCCACAGCTTGAGTCAGCTCCCGATTGACCACGACTAGCTGACCATCTCTTGAACCATTTCTTAATGTTGCTAATTTCATAATTTATTTTGTTTTCCAACTGTTGATATATTCAGGATCTTCAACTTCGGTGGCTGCCGCACCAATTTCCAGTGCATCACGGGTATCCAGCATAACAGCCACTTCATCAGTGAAGGTCTTTTTATGTTGAAGACCAGCGGCAAAGGCTTTCGGATGAGGCCCATGAGTAAAACCGGCGGGATGGAAACTGACCATTCCAGCATCGATATTGTCGCGGCTAAAAAAGTCCCCTGCGTGGTAAAACAACACTTCATCAAAGTCATCATTGCTGTGATAAAAAGGCACTTTAAGCGCCCCCGGATCACTTTCTATCGGACGAGGAACAAAAGTACAGATCACAAAGCGACTAGCGACAAAAGTGGTATGCGCCGAAGGAGGCAAGTGATAACGATGACTCATCAATGGCCGGATATCTCGCCAGTTTATTCGCACTACCGACAAATCACCGTGCCAGCCTATGGCATCCAGTGGATTGTAGGGAAAAGTAATAGTTGAAACCTGATTGTGTCGCTTTACTCTAACCTGCCATTGGTTTTCATCCTGCTGATCAAGAAAAGACTGGTCAATCTCCGGTGTATCCAGCATGGCGGCGTCAAACACCGCGTGAGGACCGACAATACCTTTTTCCGGTAATTGATAACTATCGTTAGTCGCTTCGATCATCAAAATGGTCATCGGCTCTGCCGGTTCCAGACGCCATAGGGTAGAACGGGGCAAAACAATATAGTCGCCATCGCGTACCGATAAATGGCCATAATCGCAATACAGTTCGCCATGACCGCGATGGATAAATAACAATTCATCACCGTCTGCATTACGCGCCAACTCCGACATATTCTCCGTGCAATGCCATAACCGGTAACGGCAATGAGCGTTATGCAATATATCGGGGGCATCCCAAGGAGAACCCCCACTGCTGTCGTTAAGTTTATTTAGATCGAATAGTCGCGGGCGCAATGGCCCTTGCCAATCGCTCCAGCCGGTAGGTGCATGTTGATGATGAAAATGGGTTGCAGGACCAAAAAAGCCACTGCGTCCCACTTCACGCTCATAAATGCCCTGTTCGGGGAAATCGGCATGAGCCTGACGGGAAATTTTCCCTTGCTGACGGGGAAAATGGATCCATTTACGCATTTTCAATCACACCACGACGAATCTGATCTTCTTCAATGGACTCGAACAGGGCCTTGAAGTTGCCTTCGCCAAAACCTTCGTTACCTTTACGCTGGATAATCTCGAAAAACACCGGACCAATAACGGTATCAGTAAAAATCTGCAATAAAATACCGTCTTTCATAGGCGCACCATCAATTAGAATATTTAACTCATGCAATAGCGCCAAATCTTCTCCATGCCCCTCGACACGATCATTTACCTTTTCATAATAGGTATCAGGCGTTTGCATAAACTTAAGTCCGCGCGACTTTAAATTTCTAACTGTAGCGTAGATATCATCGGTTGCCAGAGCGATGTGCTGAATCCCTTCTCCATTGTATTCGCGGATAAATTCTTCAATTTGCGATTTGTCATCAGACGACTCGTTAATTGGAATGCGGATCTTGCCACAGGGGCCGGTCATAGCTTTACTCACCAAACCGGTCAATTTGCCTTCAATATCGAAATAACGGATTTCGCGGAAGTTAGCAATTTTTTCATAAAAATCGGCCCACACCGACATATTACCGCGCTTCACATTATGAGTAAGATGATCCAGCTCTGCCAGGCCAGCATCAGCTTGTTGCAACTTCTGTTGCCAGTCGGAATAAAATTTGAAATCGACCTCATAAATGGATTCATCCCCATAGCGATCGACAAAATACAAAGTACTTTCACCAATGCCATATACTGCCGGAATATTCAGTTCCATCGCACCGAGGTTGCCGACAAACTGCTTGGCTCCATTTTTTATCGCGTGTTGCAGTGCCTTGTTAGCATCTTTAACCCGCCAGGCCATGCCACAAACGCTAGGGCCATGCTTACGCGCGAAAGCTTCAGCCTGGGAAGACGGTTCGGCATTAACAATAAAATTAATGTCTCCCTGTTTAAACAACCACACACGCTTGGAGCGATGCTGTGCCACTTCGGCAAAGCCCAGTGACAGAAACAAATTTTTCAGCGCGTTGATGCCCTGCTCATCTGCGGCGGTATATTCTACAAATTCAAAGCCGTCACAGCCAATTGGATTGAATGCGTTATCAGTCATAGGGATTCTCTTTTAAATTAATATCAACTTGATGATATGCAATAGACCGC
NZ_CP150481.1_gap92	3100485	3104279	3794	GAACCGTTCAATAATCCCAATGTACGTAAAGCGTTAGCGATGGCTATTGATAAGGATACCCTGATCAACGCGGTTTATTATGATAGTGCGGTGCGTGCCAGAGGAATTCTGCCTCCGACCTCCTGGGCTTATCAGAGTAATGTTCGCGATACCAGCTATAACCCGGTAATGGCCCGCGAGTTACTTGATGAAGCCGGTATCGAACCGGGTTTTAGTATGAATATATGGGCGATGCCTATTGAACGGGCCTACAATCCCAATGCACGCAAAATGGCTGAGTTAATTAAAGGTTATTTGCAGCAAGTGGGCATTAACGTCAATGTTGTCAGTTATGAATGGGCGACTTTTCGTAGCAAGCTCAGAGAAGGATTGCATGATTCGGTGCTGATTGGCTGGAATGCCGATAATGGTGACCCGGATAATTTCTATCGACCATTATTTAGTTGCGCAGCGATTGCATCTGGCACCAACCGTTCCAACTGGTGCAATAAAAAATACGACAATCTAATCAATCAGGCATTGCTCTATACCGAGCCCGAAGTGCGTAGCCTGTTTTATCAACTGGCTAATGCGATACTGGCAGAGGAAATGCCTCTGGTACCTATTGCACACGCCTATCGTTATCAGGCCTATCAAAGCAATCTCCAACATTTTAATATTAATCCCTTTGGCGGGATCCGTTTAGGCGAGGTGGAAAAAGACCAATGATTTCCTACTTGCTCAGGCGGCTTAACCTGTTTGTGATTACCATGCTGGTAGTGACGTTAGGTTCTTTCGCACTGATTTATCTGTTTCCTGGCGATCCGTTAATTAATCTCACCGGTATCGCGATCAAATCCCCTCAACACTATGCCAGGTTGGCAGAACTGCATGGTTTTGACGGTAATGTCCTGCAACAATATGTCATCTATCTTAAGCATTTGTGGCTGGGCGAGTGGGGTGTCAGCGCCAGCTCCGGAAATCCTATCATGAGTGAGATTTTACTGGTGTTACCTGCCAGCCTGGAACTGAGTATCTATGCGATGGTGATGTCGATGTTAATCGGTATTCCTTTTGGTTTCTGGGCAGGTTTGCGTCACCGTCGCGGCATCGATATGGGCATATTGTCCGCGAGTGTACTGGGTTATTCCATTCCGGTGTTCTGGTTGGCGTTATTACTGATCCTGTTTTTTTCTTTGCAACTCGGCTGGTTACCCATGTCTGGTCGTTTAAGCTTGCTCTACGATATTCCCCATTACAGCGGTTTTATCCTGATTGATATCCTGCATTCGGATATGACAGATAAATACGATGCTTTAAATAATGCTGTACGCCATATGATCTTGCCGACCTTATCAATTGCAATTGTGACCAGCACAATTGTGATTCGCATCACCCGCCGCTCAGTTGCTGATGTGATGCAAAGCGACTATATCAAGGCTGCCGTCGCACGAGGTTTAACACGCCCGCAAGTTATCTGGCGCCACGGGGTACGCAACACCTTGTTGCCAATATTGCCACAATTGGTATTGCAATTTACGGCGCTATTGACCAATGCCATGATAGTCGAAGTGATTTTTTCCTGGCCTGGCATTGGTAATTGGTTAATGCAGGCTATCTATGTACAGGATTTCCCGGCAATCCGCGGCGGCGTGCTAGCCGTTTCGACTGTGGTGATCATTTTTACCCTGTGCATGGACATTATATTGCGCATCATTAATCCGCTTAAAAACAGGGATATCCATGGGACAATCTAAACTTTACCTGGAAGATCATTTCCCGTCTCCGATGCGGCACACCTGGATTGAATTCAGGCGCAATCACGTTTCCATGCTAGGACTGTGGTTATTGATCATGTTCATCATCGTGATCATTTTTGCTCCCGGGATTGCGCCATTTAGTCCAACCGAACAAAATACCGACGTTATCCTGCTGCCTCCAGCGTGGAATAGCAGCGGCACCATAGTACATCTGTTCGGCACCGACAGTTTGGGCCGAGACGTTCTTTCAAGAGTTATCTATGGCAGCCGCCTGACATTTGGCATCAGCATTATGTTGGTATTAATTGCCATGCTTGTGGGCTTTAGCCTGGGTGCTTATGCAGGAATGGGACACGGGATAAGAGCCAGTATATTAAATCACTTGCTGGATGCTGTAATGGTCATCCCTACCTTGATTATTGCCATCGTTATCGTCGCCATTTTAGGCACCGGACTGGCTAATTGTATGTGGGCCATTACGCTGGCCCTTATTCCCAAATTTATTCATCTCACTCGCGACCTGGTACGTACCGAGAGCCATATGGAATACGTGACTGCCGCACGATTGGACGGGGCCAGTAAGACCCGGATTTTATTCGACTCAATTTTACCTAATATGATCGAACCCTTGGTGGTTAACGGTACATTTTCATTATCGGTAGCTATTCTGGATATCAGTGCTCTGGGCTTTCTGAATCTGGGCGCTCAGGCGCCGTCGTCCGAGCTAGGAGCCATGTTATCCGATGGGCTGGAATTGGCCTATATCGCACCATGGAATATTGCCCTGCCCGGCGGCGCAATTCTGTTAATGCTGATTTCGGTTAATTTAGTCGGCGATGGCCTCAGAACTGCGCTAAGAAACAGGTTGCAACACTAATGCTGTTATTGGATATCAAAAACCTCACCCTGGAAATTGACAGCACCAATGGCTGGGTCAAGGCGCTGGACAAGGTCAATATCGGCCTGAAAAGAGGCCAAATCAGCGCGTTAGTCGGCGAGTCCGGTTCAGGCAAAAGCCTGATTGTCCGCACTATTGTTGGCGCCATTCCTGATCGATGGAGAATTACTGCCGACCGGATGACCTGGAAAGGCAAAGACTTATTATCCATGTCGGAACGGGAACGACGCCAAATTACCCGCGATGAAATGTCGGTGATTTTTCAAAAAGCCACTAATGCCTTTGATCCGACAGCGACATTAGGTGACCAGCTACTCGAAAGTGTACCGGATCATCTGCTGGACAAAACCAGTTTTTGGCAACGCAAGCAGAAACGCGAAGAAATTGTGATTAAGCATCTGCATAAGGTTGGCATCAAAGATCACCAGCAATGTATGCGCGCCTACGCTCATCAAGTTGCAGATGATGTTTGCCAAAAGGTGATGTTAGCTAGTGCTTTGGTCAGCAAGCCTGAGCTATTGATTGCAGATGATCCAACCATGGGAATGGAGATCACCAATAAAGTACAAATATTACGATTGCTGACCAAACTCAACCAAATCCAGAATTTGAGCATTTTGTTTGTCAGCCACGATTTGATGGCGATCGGCAATATGGCCACCGATATGACAGTACTCTACTGTGGTCAAACCGTAGAAAGTGGCAGCATGGAGCAATTGCGTTCCACCCCTTTACATCCTTATACCCAAGCATTATTACACAGTGCTCCCAGTTTTAGGCAGGATCTGCCGCCCAAAGCACCACTATCTTCGCTACCCGGAACTATCCCCACCCTGCAACATCTTCCTATCGGTTGCCGGCTGGGTCCACGCTGCCCCAGAGCGCAAAAAGAATGCGTCAAGTTTCCCTTACCCAAACGTATTCATGAGCATAGTTACAGTTGTCATTTCCCGTTGAACAGGAAAGAGAAATGAGTGCTTTATTATCAGTGCAAGGGTTGAGTTTTACCAAAAGCACTAAAACCGGATTTTTTAGTAAACCCAAAATATTCCATCTGGCTTCTCTTGATTTCGAACTGCAGGCCGGGGAAACAATGGCAATTATCGGCGATAACGGCTCGGGTAAATCAACGGTAGCCAAACTGCTAGTCGGTGCTG
NZ_CP150481.1_gap93	3105581	3107198	1617	CGTTACGAGAGAACAGTTCTGTAGACTGGATTTTCTGACCGGCAATTTCGGCCACTTCATCCAGATTATCCGGTACTTCAAACGCCACTTCCGACATGCGCTGATGCAACGCATATAACTTGTTCAATGCTTTTTCCTGCTTAAGGCTGGCAATCACCTGCTCACGTGCTTCCGCTAAAGGAGTTACCTGTTCCTGCTTGCTATCAACCAGTTTCATAATGTGAAAACCAAAACTACTTTTCACTACTGCAGACACTTGCCCGGCTTCTGTCATCGCGAAAGCCGCTTCTTCGAAGGCAGGATCCATGTCGCCTTTACTAAACCAGTCCAGCTCACCACCGTTCTCAGCACTGGAAATATCCGCTGAATACTGCGCCGCCAACTTAGCAAAATCTTCACCGGCTTGCACTTTGGATAGCACTTCTTCGGCAGTCGCCTGCGACGCATCTTCATCATCACCAAACTCGATCAGGATATGCGCGACTTTGCGTTGTCCCTCGGTGCGATAGGTGTCAATATTATCTTGATAATACTGATTAACTTCATCATCACTAACTTCAATATCAGCCTGTAAATCACTGGCTTTTAACTCGACATAATCAAGTGATACTTTTTCCTGTGTGTCAAACTGAGCGATATGAGACTGATAATATTGGTTAATTTCTTGTTCTGATATCTCGACTTGGTCGGCAAAATCACTACCTGGAACCTGGATATAACGAATATCGCGAGTTTGCTGCTGCAACTGGTATACCTGCTGTGCTTCGGTTTCAAGTGCAAAGTCGGTTCCCAATAAGGCCTGCACGACTTGCTGGCGAGTCATATCACTGCGCATAGTGTCACGGAAGGTACTTGGCTGATAACCCACCTGTCTCAAGATAGCCAGATAAGTATCATTGCTGAACTTCCCGTCCAGCTGAAATTCTTTCATATTAACGATGCGTTGCTTGATTTGTTCAGCGCTGATACGCAAACCCATTTGTTCGGCGGTCTGTTCAAACAAGGTTTCTGCAATTAAACGATCCAGCACTGACTGACGGATTTGTTTCAGGTAACCGGAATCGGACGCCAGGTCAGCGAAACTGTCACCGTACTGGGATTCAAGTCTGGCACGCTCGTTTTCATAAGCCCGCTCGAATGCGGCTGTGCCTATTTCTGTACCATTGACACTGGCAACAGGTTGTTCTCCGCGTGTATTTAAATAACTACCTACGCCTGCCAATGCAAACGTAATACAAACCAGTCCTAAAATCGCTTTTGCCCAGAAGCCTTGCGATCCTTCACGAATTTTTTCTAACATGGTGTTTTTCGAACTCCAATTTGATCTTGTCTCGTTATCGGAAATTCGATGACGACATTTCCAGAGGCCGGATTATAACGTAATAACGCCTAGGTGAAAAAGCATCTATGCGGCTTAAAGGACGATAAATGAATCTATTGGCTGATTTTTAATCCGATATCGTCAAAGTATATTTGCATGGATAAGCCAATATCCCGACGATAAGTCAATGTTCCTGAAAACAAAAAGGCGATGATAAAATCATCGCCTTTTTAAAAATCCGAAAAATCGACTTAGTTGCAAGCGTCTTTCAGTGCTTTACCAGCTTTGAAAGAAGG
NZ_CP150481.1_gap94	3109623	3112514	2891	AATAGCAGAACGCACTAATACTTCCTGCTCCGCATCGGCTAATTCGTCATCCGGTTTACGTATGACTTCGCCCATAAAAAATTCATCGGTTTGCAGGTAGGTTTGCACTTCGCCACGTACATTCCCTTCCACCAGCACTTTAACCGTGCCATCAGGTAATTTCAGCAATTGCAGAATAGTCGCGACGGTACCCACTTTGTACAGATCATCGATATCAGGCTCATCCACGGCAGCATCTTTTTGTGCGACCAGAAAAATTTGTTTATCGTTATCCATTGCTGCTTCCAGACAACGGATAGATTTTTCACGACCAACAAAAAGGGGGATCACCATATGCGGATAGACCACCACATCCCGTAGCGCGAGTATCGGAATTTCCAGATGATCCGTTTGTGTTTCTGTCATATTCATTCTCTTTAAATTCGATTCTGCTAAATATTGAACTGTTAGCTGATATGGGGATTGTCAGCAAAAGTTCAAACCAAAATTGAAGCTATTCCGAAAATTAAGATCGGTTTATGCTGTTGTAATATCAATTATAATGTCAGTGGCGTGTTTGACCGGTTTGGTCGATTCATACAGAAAAGGCCCTGTCGGGCCTTTCAAATCATTGTTATTCAGATGCTGCTTTCTTTTCTTTTTCACTATCGTAAATAAGAATAGGTTTGGATTCCCCTTTGATAGCAGACTCATCAATGACGACCTTGCTGATGTCCTGCATCGAGGGCAAGTCGTACATGGTATCAAGTAATACAGCTTCAACAATGGAGCGTAGGCCCCGCGCACCGGTTTTGCGTTTCATTGCTTTAGAGGCAATGGCATGCAAAGCATCTTCACGGAACTCCAGTTCAACATCTTCCATTGAAAATAACGCGCCATATTGCTTGGTTAAGGCATTTTTTGGCTCTTGCAAAATTTGGATCAATGCGTCTTCACTTAATTCTTCCAGCGTTGCCACTACCGGCAGACGCCCTATAAATTCGGGGATCAGACCGTATTTAACCAAATCTTCAGGCTCTACCTTCTGGAACAGCTTCGACAAGGTCTCCTTGTTGTTCTTGCTCTTCACTTCAGCGCCAAAGCCAATACCCGAACCTGTTAGCGCCCGCTGCTCAATGACTTTGTCCAGACCGGCAAAGGCACCGCCACAAATAAACAGAATTTTGGAAGTATCAACCTGCAAAAATTCCTGTTGCGGATGCTTGCGTCCACCTTGTGGCGGAACTGACGCAATAGTGCCTTCAATCAGCTTCAATAACGCTTGCTGAACCCCTTCACCTGAGACATCTCGGGTAATAGATGGGTTATCCGATTTACGCGAAATTTTGTCAATTTCATCAATATAGACAATGCCTCGCTGGGCTTTTTCTACATCGTAATCACATTTTTGCAATAACTTCTGGATAATATTCTCGACATCTTCACCCACATAGCCTGCTTCAGTCAAAGTGGTCGCATCGGCCATGGTAAAAGGCACATCCAACAATCTTGCCAGCGTTTCGGCTAACAGGGTTTTACCGCTTCCCGTTGGACCAATGAGCAAAATGTTACTCTTGCCGAGTTCTACGCCATCATGCACGTCTCCATTACGCAAGCGTTTGTAATGATTGTATACAGCCACAGACAATACCTTTTTGGCATGTTCCTGACCGATAACATAATCATCCAGATGGGTATGGATTTCGTGCGGTTTAGGCAAAGAGTCGGCCGGTTTTTTTGGCGCGATTTCTTTTATTTCTTCACGAATGATGTCGTTACATAATTCAACACATTCATCGCATATAAATACTGACGGGCCGGCAATCAGTTTGCGTACTTCATGCTGACTTTTGCCACAAAATGAGCAATACAGTAATTTGTTATCACTGTCGGAGCTGTGGTCATCACTCATTAAACTTACCTCTGTTTAAATGCTTACTCTATCAGGATAGTACCTGTCATTCTCGAGTAAGACTTTCGGTGACTTTAAGTCTACTTATCTAGGCGGCTGGTTAATACACTATCGACCAAACCGTAATTTACTGCATCTTCAGCGCTCATAAAATTATCACGATCCGTATCACGGGCGACAATTTCATAGTCCTGACCAGTGTGGCCGGCAATCAGACGGTTCAATTTCTCTTTAATAGACAGTATTTCTCTGGCATGAATTTCAAAATCTGATGCCTGTCCCTGAAATCCGCCTAACGGCTGATGGATCATTACCCGTGCATTAGGTAGACAATAACGTTTACCTTTTTCTCCACCGGAAAGCAAAAAAGCGCCCATGCTGGCTGCCTGTCCAACACATACCGTGCTGACATTAGGCTTAATAAAGTTCATTGTATCATAGATTGCCATTCCCGCTGTGACCGAACCACCAGGAGAGTTGATATACAAAAATATATCCTGGTCAGGATTTTCAGATTCAAGAAATAGCATCTGGGCGACAATCAAGTTGGCCATATGATCTTCTACCTGACCGACCATAAAGATAACCCGCTCTTTTAATAATCGGGAATAGATATCATAGGAACGTTCGCCTTTGGCTGTCTGTTCAACAACCATTGGGACTAACGCGTCTTGGGGTTCAAAAGAAGTATTCTGCATCATATTCAATGTCATTTATCCGCTTAATATAAAAATGCCCGACAAAAAAATGCCCGGAAGATACCGGGCATTTAATCAGTTGCTAACTACAGAAGTCAACGAACAAGCAATAAATTAAGCTTGTTTGTTCATGATCTCGTCAAATGGTGTCTCAACTTCAGTCACCTGGGCAGACTCAAGAATCAAATCAATGGCCTGATCTTCCAGCGCAACATTTTGCATTTGCTGCATCATTTCTTTGTTGGACTTATAGTATTCAATCACTTCTTGTGGATCTTCATAAGCAGAGGCGGCTGTTTCAA
NZ_CP150481.1_gap95	3135540	3139253	3713	AGATAATCTTAAGCGGTAAACCGCCGTAATCGCCATAATGCAAAGGTTGGGACAACAGCAATGCGGTGACGTACCAGGGCATGTCGCCAACATCGGTGACTGTTGATGTGCGGGCCTCGACCAAAATAGGGGTCAGTAATTTGGAGGTGAGCGGCGTATTGCCGTTCATGAAAAAACCGAAGTGGGAAGGTCCGGCAAAACTGTTGCCGGGAAAGGCAATAAAACTGACATAAGTATCAGGACTTACCTGCTTGACGGCATCAAGCGCTTTTTGCACCGATACGTTTTCATTCGCCAACGGCTGGTCGGAAGATACGCCCTCAATCATGCGGGTTAACTCGGTGTTTTGCCAGTAACCGAATATAGGCACTGATAAGGTATTGATCACGCCAGTAACACCCACCACCATCAGCCAGGTCAGCGTTACGATCCCCAGCAAGTTGTGTAAATCCAGCCATTTAAGCCGTTGATTACGTTTTTTACGTACCGAACCAAACTGCAACCGGGCCATAAATCGCCCGTAGATCATCACCCCCGACACCAGCGATGCGGCCAATAACAGTCCCATCGCGCCAAGAAACAAGGTGCCGCTTAACCCTGCAAACATATCTAGGTGCAAGCGGTACATAAGATTCATAAACCCCTGCCCTATGGGATATTCGTAAATAAACTCGCCGGTTCTTGCATCATATACATAGTAGGCAGAAGCCTCTGCAGCATCAATAGAGGTCGCCATTGTTACCCACCAGAATTCGGGTTCATCCGAGTCCTGAAACATATATTGCACAACATCTTTGGGCTTACGCTGCTTAGCCGCAGCTGCAATCTGGTCTATGCTGACCTGGCTTGTTACTCCGGGCATCTCAACAGGTTCCACAGCAGAACCAAACACTTCATCGATTTCGTGAGAAAAGATCAAAGGCAAGCCGGTGACACACAGCATCAATAAAAACAGGGTGGAAATAAGGCTGGTCCACTTATGCACCCAGTACCAGTTTCTGAACGAGCGATTCATACTCTATCCTCAAAATTCAAAAGGGGAACCGCAGTTCCCCCTCGCAGTTAAAAGCTGTACTGATAACTGAGTTTATATTGACGCGGCGCGGCATAAAAACCGATTTCCCACAAACTGGTGATATATTTTTCATCGGTAAGATTGTCGATATTCAAACGCAAGCGAGACTGCTCATTGATATCCCACGTGGCAAACGCATCCAGTTTTGCGTAAGCTGGCTGGCTGACAGGATAACCGGTATAACTGTCCACACGGCTGATCTCTGATTGCCATTTTGCTGATAAACCCAAGGTTATATCATCATTTTGTGGCAGTGATGAAAACACTGACAAGTTAACTGTTTTTTCTGGTACCCAGCCATAAACATCCTGATCATTTTCGTCTTCAACATCGACCAATGTGGCGCCAAAAGTAAACTGCAACTGCTCGTATAATTTGCCTTGTAATTCCAGTTCAACCCCTTCCGAATAGGTATCCTGACCTTGATAATAATACTGCCCGGTGTCGGTGTTTAAGCCGGCATAAATACCCAGCCCTAATTGTTCGGCTTTAAACCAGGCCAGATTAGCGATTAGGTTTTTATCAAACCAGGCAGTTTTGACGCCAACTTCGTAGTTTGTACCTTTGGTCGGATCAAGATAATCACCGGTCACATCATAATAATCTTGTGGCTGGTAAATATCTGAATAACTCACATACGCCATCACCTCTGACGTAAACTGGTAGGAAATACCGGCGTAAGGGCTAACTTCATCCCCCTTCAGAGTAGTTTCGAGCGTAGTTGAATCGCGTTCAAATGACACCGCATTAAAGCCCAATGTCAGTGCCAGTTGAGAAAACTCCAACTGAGTAACGGCGTAATAACGGCGCAAGGTGTCTTCGGTTTGGCTGTCAAATGTTTTAGGTCCCCAAACAGGTTCTGGAATATCTGTACCTGCATAGGGAAATGCCGGTAAACCTGCATAGGCAGGTTCATCGTCTGAAAATGGGTGCATATATGAATCATTTTTATTTTTAGCTGTACTGGCACCGACAATGACTTGATGAGATTCACCTAGCCAGTCGAAATAACCTGTCAATTTTGCTTCATAAATATTGGCTTTATCTTGGCCTGGCCACCTACCGGGCCAGCCAACCAGGCCTTCTGCTGTGTCCGGATCCAACCCTTCATAGCTATAGGCAAATAACAATTTACTGTCCGATTCCATCGCCCGATAGTTATAGCTCAGTTGCAGTTGCCATTGAGCAGACAATAAATGGTTATATTCCACAAATGCACTTTGATTAATATTGTCCCAATAGGTCCAGTCCTGTGCGGTTGAAGCGCCTACGTCAAATTCGGCCTGAGTGCCATCAAGGTTGGAAAACGTCAATCCACCCCACATCACGCCATCAGACTGGGCATTTTGATAGGAATAGCCCACCGCGATACTGGACACATCGGTTAACTGACCATCAACAACGCCGTAAATGTACTGTCTGTCGGAACTGTAACCACGTAAGTAGGAATTGGCCTGATCGGCAGCAACTACGACCCGTCCAGCCCAGTCTCCATTCCCGGTCAAGGGACTGGAATAATCTGCTTGAACACGGTATTGGGCATAAGAGCCAATACTCACACCGACTTCTCCGGCTTTTTCATTCAGTGGCCGTTTGCGAATATAGTTTATGGTACCCGACGCATTGCCTAAACCGGTCAGTAAACCGTTAGCACCCCGGATCACTTCAATTTGCTCATAGCCAAAAGAGTCGATGGCGCCTTCAACCAAGCCCCAACTGTTGGGTAAACCGACACCATCGATTTGGGTGCTTTTAATTTCAAAACCCCGTGATACATAGTTGGTACGATTGGTTTCCCAGCGCTCAACCCGAATACCGGTAACCAAATCCAGCGCGCTGTTAATATCATCGGTACCAAACAAATCCATTAATTCGCGGTTGACGATACTGATTGACTGCGGCGTTTCCTGAATATCCAGCGCCAGACCGGTGGCCCCTTCGCTGACGCGGTTATCGCGCATGCCAACAATGGTAATATTATCGATGTCATCGTCTGCATAAGAAAGGCCCGGGGCTGCATAGGCTGCCAGACAAGCTACCGCTATTAAGGAGAGTTTTGAAAAAATAGGCTGCATGATTATCCGTTGTTAAGTGTGAGCTAAAATTCGCAATGATCCTAGCGCGCACGCAACAACAAATCAAATGATAACTATTATTATTCGTTATTAAGATTTCATGTAAAAGCGTTGTGATTATTTCAGACTCAGAAAAAATCCGTTGCACGAACTAACAATGATAAAGAATAGGGTAATAATTGATCGGTGGCCGCGAGCAATCAGGCATTGTACCTGGCAACCTGAAACGCACTCGCGACTGTAGCTGAATTGTGTGTTGTGAACTGAATAGGCCAATTCAGTGATGAGATAAGTCGCCGCTATAGCGCCAACTTAATTGCCTATTTATATTTTAACCGCCAGCACATCGCATTTAACCCCATGCAATACCGCATTGGCGGTGGAGCCAAGCAATAACTTGAGGCCATGTTGGCCGTGTGTGCCAATAACGATCAAATCACAATCCTTGTTTTTGGCATGTGCATGTATTTCATCTGCCGCGTCACCTTCCGGGGTATAGACCTGGGACAAGGGCAAACCATTTTTTTGGGCAATTTCGTTGATCTGCTCAATATTTTTAGTCT
NZ_CP150481.1_gap96	3143260	3147666	4406	AGGATTTACCTGCTGGATGTGTACCACAATAAAATCGTGTTTGAAGATTCATACCATGCAGAAACAGACTGGCCCTTTGCCGTTAACGAACAGGTTGACACCAACAGCAGTATTTTCTGGCAGTCAGATTATGGACGGGCAGTATTAAATACACTCAGCACAGCGATTGTCGATATTGACGATATCGTCAGTTGTTCCACGCTTTATGGGCAAATAATGCAAAAAGCCGATGAGGGTTACGTGATCAATTTCGGCCGCCGACATGGCGTGGAAGTGGGCGATACTTTTATACTCAGCAAAATCCTGTCCAATATCAATAACGGATGGGCGTCATCCGTGATGATCAGGGATGTACCAGACAGTCAGGTACAAGTGATCGCGGTGGACGAGGAAACCTCACTGGTTGCATCCAGGACTATCAATGCCTTTGATGCCGCCAACCTGTTCGATCTGGTGAGACCGATAAAATTCCCGGTAAACCAGTAGTTAACCCCAGCTCGGGATAAGCCACGCCTCTCAATAACGCTCTTTTTGCACCTGGCAGCGTTGGGCTTTCTAGTCATAGCCAGCTATGACGTACGAAACCCCGCCTTGCCAAGCACAAAAATGTCGTCATTGAGTAAACTATTTATTCAACAACGTTTGAGTGAATAATATAACTATCTGAATTATTTACCCTTTGTAAATATAAACGACATTTCTTATCCCGAGTTGGGGTTAGTTAGCTTATCCAGAGTCCAGGTTAACTTACTGCCAGTGCATCGACCTGAGGCTCAAACAGCCTGTTTACTCGTACTGAAGACGGGTCGAGTACCAATTCGAGCAAATCATAAAGTTTGCTTAACTGCGAGGTTAACAGATGAATAGGTTGCTCACCCGATACCTGCATATTCAGTTGAATCTCTCCACTGGCTGTCTGCATTTCACATTGGTGCAAGGTAAAGCCGCGATAACGGGTGGTTTGCAGTACCCGTTCAATTGCTGCAGGGCTATCGGTTAACAGTAAATTCAGTTGGTAGTGCATTGAGGTTTCTCCCACATTTTATGATTGGCGGTATTGGGCGGCACAATCGGCCATACGTTGTCGGTTGAATTCAATTGGACGTGCAGTAAATAGGGACCGGAATGATCCAGCATACGCTGTAAAGCCGGCTTCACTTGCTCCCCTTGGCTAATGACTTCACTGGCAATATCAAAGGCGGCGGCCAAGCGGGCAAATTCGGGATTGTCAGATAAATCCGTCTCGCTGTAGCGCTGATCATGAAATAGTTCTTGCCACTGCTTCACCATCCCCAGGCGCTGGTTGTCCAGCAACAAGATTTTTACCGGTAACGGATACCGACGTAAGGTCGCCAGTTCCTGCACATTCATCATAAAAGATCCGTCACCGCACACCGCGATAACCTGCTTATCCGGGTTGGCCACCTGGGCACCAATTGCCGCCGGTAAACCGAACCCCATAGTCCCCAATCCACCACTACTCAAATGGCAAGTTGGATGATTAAACAACATATGCTGGGCCACCCACATCTGGTGTTGGCCCACATCACAAGTAATTACCGCGTCATCATCACTTAAATTACTGAGGCTACGTAACATGGCAGGCGCATCGATAGCTTTTCCAGTTTTTTGGGCTGGGTAGGAAGGACTTTTAAGTTGCTTAATCTGTTCGATCCGGGTCAGCCAATCCTGCTTAGTATTGATGCTGGTCAATTGCGGCAAAATATGATTTAAATCCCCCAGCAAGCTCACATCTGCACGACGACGTTTATTAATCTCGGCCGGATCAATATCGATATGCAACAACCTGGCGTCAGGGGCGAATTCGTCCAGTTTGCCGGTAACCCTGTCATCCAGCCGGGCACCGATGGCGATCAACAAGTCGCACTGTTGCACGGCCAGATTGGCTGCCGGTAAGCCGTGCATCCCCAACATTCCCAAATAGCCGGGATGCTGATGATCCGCACTCCCCAATCCTTTCAAGGTACTTACCACCGGCAAGTTATTCCGCGCGACAAAATGACGAAAAACGTCCACCGCAGCGGCCATGCCAACACCGCCGCCCACATAAACAACCGGTGACTGACTGCTATCAAGTAGCAGGTTAGCCTGTTCAATCTGCGATTCGGTACAAGCAGAATCCGGAGTGTTTTTTACCGATAGTTTCGGAATCGGGGGAATTGCCCCCAGCAAAATATCTTTAGGTACGTCAACCAGCACCGGACCCGGGCGTCCGTCACTGGCAATCTCGAATGCCCGGCTGAGGCAAGGTAACAAATCCTGCGGTTGCATTACTTGCATACTGTGCTTGCTGATACTTAACGACAAACCCAATACATCCACTTCCTGGAAGGCATCGGTGCCCATTGAAGTCCGCGCAACCTGACCGGTAATCACCACCAGCGGTACCGAATCCAGTTTGGCATCGGCCAGACTGGTTAACAGATTAGTAGCTCCCGGCCCTGATGTCGCCACGCAAACTCCTACACTATTGGTGGAGCGGGCATAACCCATGGCGGCAAAGGCCGCCCCCTGCTCATGGCGACACAGGTAATGCTTGATCGGCGAATCAATCAACGCATCATACAGAGGCATAATTGCCCCGCCGGGATAACCAAAAATAGTGTTGATCCCCTGCCGGTTTAAATAATCCAAAATGGCCTGCGCGCCTGTCATTGTCATTGTCATTTTCTCTCTTTTTCTTGGGGCCAGAAACGAAAAAACCCCCGGACTTTCGTGCGGGGGTTTTGTTGAAACTGGGCTTAATTTAGGCCAAACGCTTCCCCCGCGGAGATGGAATAATCACCACGACGAGTACGACGATAAGTACTAAAGAAGCAAAACGGTTCATGTTAAATACAGTTTCTCAAATCAATTCATTAACTTACTATTATTTACAAATAGCACGATGTTAAAAATCAGGTCAACCATTAATTTCACTTATCGCAAAATTAATGTCCAATCGACAAAAAACAGGACAGATTGGCAATATCCCAAGGAGATCTTTATGCCACCAAGTCGCTTTCAATCACAACACAGTTTCGTCCGCGTTGCTTAGCCATATATAAGCATTCATCGGCGCGCTGCATCAGGCTATGCACATTATCCTTGTCGTTTGCTAGCGCAATACCAAAACTCGCGGTAATCTTTCCGACCTCGGTAAAATAATGTGCTTCAATCGCAACACGAATTTTTTCAACGTGCCTGAATGCGTCATCAAGCGAGGTATCGGGCAAAATCAGGATAAACTCTTCCCCCCCCCAGCGCGCCACAAAGTCATGGAAACGGGCACTACTGCGCAGAATGTCAGCAAAGGAGGTTAACACCTTGTCTCCCACCAAGTGGCCGTGGTTGTCATTAATAGTTTTAAATAAATCGATATCCAAAATCACCACACTCAGGGCAGACTGCTGGCGTTGCGCATTGAGTAACGCTTGCGGGAAAAAACTGTCAGTACGATTGCGATTATTGAGTTTGGTCAGATTGTCAGTAATCGAGATGGTTTCAATCCGGATATAATCTTGTTCCAGTTTATCGCAAAGCTTGTTAAACCAGTAAATCAAATACCCCAGTTCATCTCGCTGATGGCGCACCAGGCGCTGGCTGAAATCGGTTGATCCCTGCGCCAGAGCTCTCATGCGCTTGATCACATTTCTGACATTATTGCGGGTATGTATCGATACGAACAGGGTGGCAGTCACCAGGAAAAGCATTAAGGTAATCGCCATTGCACTTCCCCAGAACAGCAGTTTGTTCAGGTCTTTATTGGTGTTATCGATGGTTTGTCTGAAATGTTCATTGATACCTCTTTTCAAATCGTCAAATTGACTGGAGGTCAGATTGTGATATTGCTCGACGTTATCCAGCAACTGGTGGTCATCCATATTTTTTTGATTACCATTAATAATCGCCGCTGCCAGTTTCTGCGCATTAATGTAATACAGGTCGAAATTTTGCTGCAGCGATCGCAGTGCATCCTGATCGACAATGCCTGAAAAGCGGCTTAACTCAATAAAATTATGATTGATCTGGCGTTTACGCTCTGCAGTTTGAGGTAACCAGCCCGATTCTCCAGCTAATACCGCGTCTTTAAAAATATCGCGTATTTCTTTAAACAGTTGAATATTCTGGTTGGCAATCTCCAACATGGGCAAATAATCGTCTCTTAGTTCAACAATTTTCTGATTACTTTGCTGATGCTCCGAATAACTGTATATAATAAACCCGCTGTAAAGAATAAGACTTAAAACAGGCACCAACAGCATTTTTTGGAATATAGTCATTTTTCAATCACATTTTAAATCAGAGCTAATAAAGTCGCGTGCCATTCTAACTGATTTTTACGGAGTTCCAATGCGCCGCCGTCATATAAACCTATGGTTTAGAATAATATTCCTCTTTGTAGC
NZ_CP150481.1_gap97	3150598	3155424	4826	GCGTAGTCAGTTTCAGCACTTAGTTCGGGATGAGCAAGAAAACCGAATATACCCAAACGATAATTCACCGTCACCGTTACAATACCGTTTTGCGCCATGCTGGTACCATCATAACGAGGTTCGGAACCATCGCCGGCAATAAAACCGCCACCATGAAAATAAACTAACACCGGCTGTTTGTTCTGCGGGGTTAAGTCATTACTCCAGATATTCAAATATAGGCTATCTTCACTAATCTTCGGCGAGCGAAAATTCATATCACCAAATATTGGCAACTGCATGGGCCGCGAAGCAAAAGACTTAGCCTGTTTAACACCTTGCCAGGATTCCATTGGTTGCGGTGCTTTCCAACGCAAATCGCCTACCGGCGGTTTAGCATAGGGCACGCCCTTGAATTCATATACATCGCTTTCTTGCGCGTATATACCTTCTATTTGGCCTTTTGTGGTTTGGACTTGCAAAGCGCTTTGGGCTGCACTGGTGCTAAATGACACCATAGCTAGCAACCCCAAGTTTAAGATTAACCATTTGATTGTGCTTAAATTTATTTTCATAGTCGGCTCTATCAAGATGCGAAAAATTAAAGCTTACACAAATTTATTCATACATCCAGTTCGAGTCGAAACTTCCAATCAGATTATAGAGTTGAATTAGTGAACGTTTTGAGATTGATAAAGCGGGACTGAATCAATTTCGAGGTCCCTCGGTGATGCTATACAACTTGCCATCCCGGAACTCAAGGATTTGTAAGAATCGGCCACTACCAAAGTCGTAAAAATACGTTGTAACCTTAACATAGGCATCATCGAACTTTACGTAACCTGAATTCTGTTCAGAATCCGGTTCCCCACACTTGTTCTTGACTTCATAAGTCGAATCCCCCTCCATCACCAGTTTATTTTTGCATCGAAGCAGATCGGTCGAGGCATATCCGGCGTTACAAAAAAGCAGCAACGATACTAGCAAGCTCTTATTCATTTCTTCCCTTATGCACTTTGTTTAAAACCACTGATTAATAATAGCGACAAATCAACAATCAGTCATGCCAGTGACCAAGCTCCGCTGTTCCAATCTATGCCTGGTTGCGCAAGATCGGTATAAAAGAATGAGTGAGCGGTGTTTTACTTCAATGCCCGTTGCAAAAAGCTGTTAGTATGCGCGCAATTTAACCCCGTGAGTCATTATTTTCTCCGGGTAACAATTAATCCTTTTTCGCTTTTTATAGGTATCAGCATGTCAGAAAAAACCACCCGCAACAGACGCATACGTAAAAAATTGTACCTGGATGAATTTGCCATCCTGGGGTTTGAATTTAGCTGCAAGTTAACGGCTGATTCACAAGCCGATTATGAGCAATTTTTTAACCATTTTGCCGAGTTAGTCGATAGCCGCCATCTTTACATTACCCTTGATAATGACAGCGAATGGCTAGAAGGTTCGGTGACCTCGGCAGACCGCTATGGCAATGCGACCGATGAAGATCGTGAAGCAATTAACACATTTCTGAGTGCTCAAGCTATCGCCAGCGAAGTCAAAGTAGGTGATTTGGTTGATGCGTTTTACGCAATGTAATATTTGAACATCAATGGCATGGTTCCCGTGCCATTGATGTTCGGCGCTGGAGCGCTAATTTAACATCACCAGTTGTGGCGCGATATTTTGGTAATCCAGTGCCATGGTCAGGCTCAGCGCTGTGATATTGAGAATAGAATAAGCAAAAATTTGTCTAGCCCACCCCACTATATTGATGTCTCGTCGATAACCACGCAAGGCCATCAGTAACCACCAAAAACTGCTAATACACGTCACCGCCATAAAAGCCACGCCCGTATAACCACTAATCGGTAATAATAGGGTCACCAGCGCATAAACAGCGATATACAGCAAAATATGTAACTTGGCTTTATCAATCCCCTCGGCCACCGGCAAGACCGGAATATTAGCCGCTTTATAATCATCAAAACGGAATATGGCAATCGCATAGGAATGGGGCATTTGCCACAAGCTGAACATAATCAACAAAATAGCTGCACCGGCATCAAATTGGCCGGTTACCGCGCAGTAACCCACCACCGGCGGCACGGCGCCGGATAAACTACCCACCAAAGTGCCATAAACCGAATGGCGTTTCATATATAAGCTGTAAATACCTACATACACCACATACCCCAAAGCCGCAAAAAATACCGCCATGCCAGTGGTGTAAATGGCCAACAATGCAAAACCGACTATACCAAGTACAACTCCATGGCTTAACGCAGCAAAAAGTGACATTTCTCCCGTCACCGTCACCCGTTGGCGAGTACGTTGCATTCTGGCGTCAATATCACGGTCAATGCAGTTGTTAATCGCACACCCCGAAGCGACCACCAAGGATAACCCCACCACGGTGGCGAGCATTAGTTGCCAGTCAATCTGACCTCGAGAGGCGAGAAAAAAGCCGCCTGCTACCGAGATCAGATTGCCAAAAATTATCCCCGGTTTAGTCACTTGCAAATATCTTCGCAACATAGCGAGTCTCCTCAATGGGCGGAATGTACCGACTGGCGTCAGTACATCATCATCGCGTTGGATTCGTAAATAATCCACACCGACAAACCAACCACCATCACAATAATCGACGCGCTAAAAATAAATGCGATGGAGCTGGCTTTGCCTTCTTCAGTAATAAAGTTCAGGTGTAGAAAATATTTAAGATGCACCCAAATCTGCACCACTGCCGCGCTCACCACACTCCACAATACGATTGCCTGAGAGTAACCACCGTGCATCACCAGGGCAAAAGGCACTACGGTTAATAGCACCGACAGTACAAAACCAATCAGGTAGGATTTTACATCACCATGCGACGCATCATGATCAGTGCCATGATCACTTCCGTGGCTGGCGTTAGCTTGTTCTAATACTTGAAGATTACTGACACTCATTACATGGCTCCCATTAAATAAACAACGCTGAAAACACAGATCCAGACCACATCCAAAAAGTGCCAGAACAAACTCAGGCAACTTAATCGGGTGACAGTTTTATGGCCTAAACCATGACGCGCCACCTCAATTATCAGGGTGGTCATCCAGATAAGGCCCGCAGTCACGTGCAACCCGTGCAATCCCACCAGCGAGAAAAAACTGGTCAAAAAGGCACTGCGTTGCGGGCCGTTGCCCTCGCTAATAAGGTGATGAAACTCGTTAATTTCCATACCTATAAATACCGCACCAAAGACAAAAGTCACAGCCAGCCAAATCAGTGTGGCTTGTTTGTTTTTGGCATGGGCAGTAATCATCGCAAACCCAAAGGTAATGCTACTTAGCAATAATGCGGCGGTTTCGATGGCCACATAATTCAGATCAAAAATCTCTTTGCCCGACACACCGCCAGCGGTGTTCATAAACAACACGGCATAAGTGGCGAAAAAAGAGGCAAACAACAAACAGTCAGTCATCAGGTAAAGCCAAAAACCAAACACATTGTTGCTGGGATGGGCATGATGTTCATGTCCATCCCCATGTTTATGAGCGTGCCCGTCGTTATGTCCGGCACCGGTGCCCGGATTCAAACTTGCTGGAATAGCGGTCATGCGTTAGCTCCTTCCCGGTTGTTTTGAATATGTACGTTTTGCAGATGGTTACTTTGTAGATGTAATTGCTCAATTTCTGCTACTTCTTCCGGCATCACGTAATAATCCACATCTTTGCTATAACAACGTCTGAAAAACACCCCGATACCAAACAGCAAGCCAACCGCGGCCAGCCACCAGATATGCCAAATCATGGCAAAACAGAAAGTAGTGAAGCCGGCGCTCATTAACACCCCGGCAGAGGTATTTTTCGGCATATGGATCGGCAGATAATAATCAGGCTTTTGATAGGCCTGACCTTTCTCCTTCATCTCCGTCCAGGCATCGATATCACTCACTGTGGGGATTTCAGCAAAGTTGTAATACTGAGGAGGAGACGCCGTTGACCATTCCAGTGTGTGACCATTCCAGGGGTCGCCAGTGGTATCGTTTAATACTTCACGGTTTTTGTAGCTCACAACCAACTGAATGATTTGCGCCAAAATACCGAACATCACGATTACAGCACCGCCACAAGCGATATATAACCACATATTCCAGTCCGGATTATCGGTATGGTTTAAACGCCGGGTCATACCTAAAAAGCCAAGTACATATAACGGCATAAAGGCCACAAAGAAACCGATAAACCAGCACCAGAATGAGGCTTTCCCCCAACGTTCATCCAGTTTGAAACCCACCGCTTTAGGGAACCAATAAGCAAAACCGGCCATATAACCGAACACAGCTCCACCGATGATAGTGTTATGGAAGTGGGCAATCAAAAACAGGCTGTTATGCAATACAAAGTCGGCACCGGGAATGGCCAGCAACACACCCGTCATACCACCAATGGTAAAGGTCACCATAAAACCCAGCGTCCATAATACCGGCGGCGTAAAATGCAAACGGCCACGGTACATGGTAAATAACCAGTTAAACAGTTTCACCCCGGTGGGCACCGCGATCACCATGGTCATCACCCCGAAAAAGGCGTTAACGTTAGCGCTGGACCCCATGGTAAAAAAGTGATGCAACCAAACCACAAAGCCCAGAATCGAAATAGCGCCACTGGCATAAATCATCGATTTATAACCAAACAGACGTTTACCGCTAAAAGTAGAGATAACTTCGGAAAAAATACCAAAGGCAGGCAAGATCAGAATGTAGACCTCGGGATGTCCCCAAGCCCAGAACAGGTTGATATACATCATGGCATTCCCACCGGCTTCATTAGTGAAGAAGTGGAAATCCAGATAACGATCCAGAG
NZ_CP150481.1_gap98	3222643	3224732	2089	CGACATAGTAAATTTGATGGTACCGCCTACAATCTGGAGCCCAATGTTAAGGAAAATCCCGGTTGCCTGCGCGATATCCAGAGTATCGGCTGGGTCGCTAAAAAGCATTTCAAGGCGCTGACCGGCAAAGAGCTGGTTGAGCATGGTTATTTTAGCGAACAGGAACTGGAAGAATTACTCGAATGTCGTGAAAGTCTCTGGCGGATCCGTTGTGCACTGCACCTGATCGCCGGTCGCAGTGAAAACCGCTTGCTGTTCGATTTTCAGCCTGATGTTGCCGCACTACTCGGATATGGCGAGGAAGGAAAGGCTTCTGTCGAAAAAATGATGAAATCCTTCTTTCGCATATCCCGCCGGGTCAGCGAACTGAATGACATGTTACTCCAGCATTTCCGCCAAGATGTATTGAACCAGAAAGTAAAAAAAGAACAGCTTCTAAACCCGCAATTTAGTGTGGTCGACGGACTGATTTTTGCCCGCCAGGACGAGGTGTTTGACAGTCCGGAGAAAATTCTCGAATTCTTTTTAATGTTATCTGACTTGCCTCAGGTTACCGGTATTCACTCCTGTACGCTGCGCTTGCTGCGCAATGGCAGACGACGTTTCCGCAATGAATATTTCAGCCAACGCCCTGCCTGTCGGAAGGTGTTTATGCAACTGCTCAAACATCCTGAGTTTTTTGCCCTGCCCTGGGATCTAATGCACAAGCACGGCATTATGCAGGCCTACTTAAAAGAATGGGACAATATTGTTGGCATGATGCAGTTTGATTTATTCCATGCCTATACCGTTGATGAACACACCCATCGACTGATTAAATTTATTTATCAATACACCCAGGAACAAGGCAAAAAAGAATTTCCCCGTTGCGGGCGGATTGTAGCTAATCTTGATCACCCGGAAATGCTGTTTATTGCCGCCATTTTCCACGATATAGGCAAAGGTCGCGGCGGCGATCACTCCAAACTGGGTGCCGCCGATGTAGTTGAATTTTGCCAATTGCATGATATCGATCCTCAGAGTACCAAGTTAATTGAATGGCTGGTAGCCAATCATTTACATATGTCGGTGGTGGCGCAACGCCGGGATATTTACGATCCTGAAGTGGTTGAAGAATTTGCCGGCCAGATGCGTAACCAGAATAATCTGAATCATCTCTATGCCCTGACGTTGGCCGATATTCGGGCCACCAATAACAATTTATGGAACGACTGGAAAGCCACCTTGTTGCGTGAACTCTACCTGATGACCAGCAAGGCGTTGGAAAGCGGCCAGACATTGAGTGAAGATTTTCAACAGCGCCTGCAGAAACATCGCAGCCAGGCGCTGCAACTACTGCAAGAACAGCAAGTCGATGCAGATAAAGTGCAGGCTTTCTGGCAGCGTCTGGAAAATAGTTATTTTGTGCGCTTCAAGCCCAAACAATTAGCCTGGCATGCCCAATCCATCTTGCAGGCCCAGCAAGCCACCGATGACGAAATCACCCTGGTGGCGCTAAACGAAGAAACCTCCCGGGCTGGCACTGAAGTACTCATCTATGCCAAGGATCGCGCCAGCCTGTTTGCCCAGGTCGTGTCGGTACTCGATAGCCGCAATTGTACAGTACATGATGCCAATATTATGAGTACCGAAGACGGATACGTACTGGATACCTTCATTATTCTCGAGCAGGATGGCAGTCGAATCAATTCGGACAATCGCATGCATAATCTGCAACAGGCGATTGTCACCCAACTAAACCGCAGTGGTACCGAGCACGTTAACAACCGCAAAATGCCCCGTCGCATGAAGCATCTGGACGTGCCAACCAAAATGCGCTTTTTTAATAATCATGCAAACCATACCTTGCTGGATCTCGAGGCGTTAGACGCTCCGGGCCTGTTGGCCAAGATCAGCCGGGTGTTTGTCGATCAGAATTTGTCCCTGCATATGGCCAAAATCACCACCATAGGTGAACGCGCCGAGGATGTATTTATCCTGAGCAATGCTCAGGGAAATGCATTAGATAACCAACAACAACTGGCACTGAAAAAACAACTAACCCTGGTGCTGGATGACAACAATGAGTGAAACATGACTGAACTGAAAA
NZ_CP150481.1_gap99	3246187	3250404	4217	CGCCATTCAAACTTGTCAATCACCTGCTGATAAAGCTTAATATCTTTATTATTTAATGATTCAATCAACGCCCTTTGCTCAGACGAAACATTCATCTTCTGATGTTTATCTGCCGTGTTGAGTTTGGAAGTCTTTAGAGATCGCCCAAGTTTATGACTCAACAATGACAATGCTGTGTCATATTGTTCCGATACACCAATAAATCCGTAACTGACCCAAGGTAATCCTTTTAAAAATTGTGACTGTGAATTGATGATTCTGGGTATAGCTACAAACTCTTCAAGCGTGCCTTCATACCCCTCGATTCTTTGCACGTGTTTAAATTCGGAAATAACTCGCTCCACGGGATCACGCATAAAACAAATTACGTTATTACAATGACTAAGATGCAAATACTTGGATGTTGGGAAGTGGCCATATATACCTTTGACTCCCTTTTCTATCAGCTTATATATATCTTTGTCTTCATATACAAACTGTCGAATGTCTTTAGTTGTTGCTTTTTCCTCAAGCCCATAGTCACAGGCCAGTATTCCATCAGAATAGGCTTTCATCAAAGCGCTACGCAAACTGGTTCCAGCTGTTTTGGGAATATGAACAAATAGAAATGGGAAATTTATACTTTTCAATGCGATTACTCAGAATTCATTCAATAAAATAATTAGCAAGTTGTCTGGCCACAGCACCAGTGGATTGTTGAGCCACGATATCTTGCTGGTATATTTTCTGTTTTTCTCTCAATTCAGGGGCGTCCAGATATAACTCGATTTGTTTAACTAAATGCTCAGGAGTCCGAAAGCAAACACCTTTGTAGAACTGTTTCGCATCCTTATTCCAGTCACTGATAACGAACCCTCCCGCTTTAATAAAATCTATATATTTATGGCTAACAGACCCTATCCTATTCATTGTTGCATGATGATCTATAAGACAGATTTTGCACCCTCTCGCCAACAACGGAATATCCTCATAAGGTACGTTAGTAGCCGTCCAATATTTCTGCGCCAACGGGTTGCCCCCATAACTATCCCAGTTAGGGCCGTAAAGATTGAGCTTCCAACCATGTTTTTCAACGTAGGGTAAAACAGCTTCCAGAATGGGGCGAATTCTTGGCGTCCCCACAAAAGATATATCACACTGGTAACGCGGCCTAGTAACCAATGTAGGCTCAAGCGACGAAAAAGGACGAATGATATCCAATGGCTGATCAGTAGAAAACTTGCCGTTCTTTTGTAAAAACTCTAATCGATAAAGCTTCTTACGATTCAAAAATTGCCTAACACCATCACTACATACAAATATTCTGGTAAAGTGATTGATAGCTTTTAACTTTTCTGAATGACAATAAATTAATGCTAAGTTATTTGCATCTGGATCAAACCTGCCCACTTCATGGTAAAAGTAGCGCTCTGGGCCCCCTAACAAATAAATACGATTTTTTGATGCCGCACGATATTGAAAGCCCATCCTAACCAATTCAGCTTTGAGATTGACATAAAGTCGGTAGTCATACCAAAGCTCATTCTTATGTGGTGATGCAATACAGAAACTTGTCATTCAAACAACATGAATTAATAAAAAGGTAGATAAGCGTCATAACGTCTCTGGAACGGAATCTCTATTTCTGCCATAGCATCTGACCGTTTCAGATTTGACGACCAACTCAGATATTTCTGTCGCAAACGTTTAGCGACTTCAGGGTACATTTGAATTAGATTAAACGACTCCTGCGAATCGTTTTCTAAATCAAACAAATATTCTCGTTTAATGCCAGCCTGCAAATACTTCCATCGTCCTTCACGAACTGCCCGTTGTTTATAAAAGCGCCAATAAAGTGCTCTAGTATCCAGATACTCTGTTTCACCATTTAACGCGGACATTAAATCAACACCATCCAGTTCTGATAAATCGTATTCTCCGGCTAGTTTAAGCGCAGTATAAGCCGCATCAAGCGAAGATACTGGCTTATCAACGACAGTACCGGAATTCAAATGTCCTCTCCAATATACGATGTATGGCACCCGAATTCCGGCTTCGGTGAGCATTCCTTTTTCGCCAGCAAGAGGCACGTTCATCGATCCATCCCATGTGCCAAGCTGAGTCAGTGGTGCGTCCGTCATGTCATCCCCCAAAGGTGCTCCATTGTCACTAATGAAGTAAATTAGGGTATTGTCTAACAAATTGTATTTTTCCAGTGTATCGACGATTTGTCCCACGCCATCATCTATTGCAGACAGCATCGCCAATGCATATCGTCTACGTTCAGGCATGTCCCCCGGAAAGCGCGACAAATATTCGTCCGTTGCACTCAATGGTACGTGAGGACCGTAATGAGCAACATGCAGATAGAACGGTTTCTGCCAGTTTTTGTCAATAAAACTGGTAGCCGCTTTCGTTATCGCATCAAGTCGATACATACTATAGTTAGTATACGATGCCGGTTTAGGCTCTCCTCGAAGATTAAAGTTGGTCCAATAACGAATATTGAAACCAAAAAACGTGTCATCATAACCACGTGAATCTGGAAAGAATTGACGCCGTTCTTGCAGAGGCACATTACCTGCGTTGAATGGAACCATTTCGGGATGATTTATTGCTCCCCACTCTTTGGAATTACCATCTACCTCCAGGTGCCATTTCCCAACCATACCTGTTTGATAGCCCAAATTCTGAAAGCGATTGCCCAACGTCTCCACGCCAATAGGAATGGGAGTAAACTTATTCTCATCAACGCCAAACCGCTGTTGATATTGTCCGGTTATCATTGCTGCTCGTGAAGGAGTACATTGCGGTGCGGTAACATAACCGTGGGTAAAACGCACACCGTTATTAGCCAGATTATCAATATTAGGTGTTATAACATCGCTAAGCTGATTTTGAACCCCTAAGTCAGCATATCCATGATCATCGGTAAAAATAACAATAATATTGGGGGGGATTACTGTCAGCGTTACTGCTTTCTTGAGACTGCTTAAAATATTGTTCACTGAAGTATTAACCGCAACATCTGTTGCCTCTTCACCGAACACTACTTCACGAGCAACTCGATCTGACGAATAGAGAATATAGAACATATGTGATGAATTTCTTCTTATAGCAACATCAGCTATACCATCACCATCGTAATCAGCAGGAACCGGTATATCGCTATTTTCCTGGCCGAAACGAACACGTTGTATTCCATCTCGCTGCTCTGAATTAAAGTTCGTATTACTCGAATTCAAAATATACCAAACGCCATCTGATGGTCGACGAACAGCAATATCATCAATACCGTCACCGTCATAATCAGCAGGAACCGGAATATCCTCTTTTTTAAGACCAAAGCGCACGCGTTGAATTCCGTCGCCCTTAGCAGAATTTAAATTATTGCCACTCGAATTCAATATATACCAGATACCGTTAGATGGTCTTCTTATGGCAATATCATCTAACCCGTCGCCATCATAATCTGCGGGAACCGGAATATCACCGGGCTGGAGCCCAAATCGCACTTTGCGAATTTTGAATTTGCCTTCATCACTATCCGGCAACGATATATACCAGGTCTTGTTCGAAGGCCGATAAATAGCGACATCCGCTTTTCCATCTCCATTGTAATCAGCTGGAACCGGTATATCGTCCCGTTTAAGTCCAAACCTTATACGCTGAATCCCGTCGCCCTTCGCAGAGTTAAAATTACTGCCACTCGAATTCAATATATACCAAGTCCCGTTAGAAGGACGTCGAATCGCGATATCAGTCATACCATCGCCGTCATAATCGGCAGGAACAGGAATATCTCTCGGCTGAAGGCCAAAGCGAACTCTTGTTATATCAGAACCGAGTTGACCATCAGCAGAGTTTAAAATGGTCCACAATGATAACGGTGGATGTCTGAGAGCGAAATCTGCAACACCATCACCATTATAATCGTGTTTTGTTGAGGTCATTTTATGAAAACTTGCTGCGTTCAACGAGCTAACAAATACATTCATCAACAACATACTTAGACTGATAAATTTAAGCAGGTTCTTCATCAATTATTCCTGATATTACGACTTCAAAATATTTTTCTGACCACATCAATTATTACTGATATATCCAGAAACGAATAAAGAGTAAATAGAGACATCATCGCACAACAAACATATATTTCGGCAACCTAACTTTCGCCATATTTTTCAATATATTTTTTAATTTTGTCTTTAATCTGCGGGCCCTTTGACCTATAAATT
NZ_CP150481.1_gap100	3349936	3352131	2195	AGCCTTGCAAACTTGTCATTGAGAGCCTGCGGAGTTAATTCGGCCAGATGCTGTTTGCGCTGCTCATTTCTGCGCGCTGACAATGCAGGGTTTCGATCAAATTTGATGCCTTCAATTTGTTTGCAACAGGCCCACAGTACTTTATGCCTAAGAATCGGCCACATAAGAATATTGTCCTGCTTAAATGTAAAGCGAGACAATTCAGATATCTTTTCAGCTCGAACCAAAATGCTGGCGGCACAATTTTTTTGCTCAGAAGCAGACATACAACTTAGGCTATTTTTCAAGTACGTAAAGATGTCGGCCAGATCCAATTTCAGCCAGCCATCGCGCCTTATTCAAACAACTATGCTCAACCACAAACTGACAAAATTCTTCACCCTCGAAGTTTTTAAAGGCTCCAAGCATTTGCGGTTCTTGCGGATTATGTGTTTGCAAAAACAATTGCGCAACATCCAGCCTGCTTAACAATGTGACCAGCTTTTCATACAACTCTTCGGTTTTAATAAAGTGATGGAAAATGTTTAACGCCAGCACCACATCATAGGATTTGGGCTCACTGACAAAATCAAAAATATTCTCACAAACCGGCGTAAATCGATGACCTTCAATTTTCTTAATCCGTTCAAGAAAGTAAAAGCTGGTAATATTGCCTTCAACCGCCACACATTCATGTCCGCGCTGTTCGAGCACGGCACAGGCACGCCCCCAATGGCTACCGATATCTAGCACCTTGCTGGCCGGTTTACTGATGTTGTCAGCTACCAATTCAAAGCGCTCACCATCATGTGTACACTTAAATTCGCTAAGATCAATGTGATGCAGAGGAGCGTAAACCTCACCTCCCTGTTCTTTGGCATAGGTTGATACTTCATTTTTAAAATCTACCCACTGCTGATGACGCACTGCTATTTTTACCGGAATCTTAGATAAGCCCAGCAATTTAGCGATGGACATCCGGTGTCTGCCGTCTGCAAATAACAATTGCCCGTCCCTACCAATATTAATGGTAATGTAATCCTGCCCATCGGGTTGTTGCCAGCCCCTGTCTCTTATCTCCTTGTATAAGGCTTCCAGTTTTTCACATCGCGCCAAAATGTCCTGTTCGGATTTACAATTAAAACGAATTTCGCCCTTGTTTACCGAGTCCAGCAAATCTAGATAGTAAGGTGTCTCACACCATGGCAGGTTGTTGTCAATACGACTCTGCAACGAAGGGTAAAACAAAATGCGCGTTGCAAAGGGTTGGGCTTTAAGATCCCAGTCGCCATCAGCCACACTGCCAAAATGTAAAGTCCCCAAATGAGCACAATGGGTGACATCAGCAGGATTAATCCAGAACAGATTATCCTGTTCTGTACCACTTTGGTTGACATTGGCCAGCAGTAAATCCGGCTGAGTGTCGACCAGTGCCAATCCACTGGTTTTAATAGAAAAGCGATCCACCTGATTAGCTTTTAAAAATTTATACACATTCAGATAAGGAATGATGTTACGGGAGTGTTGAATGACGATTATTTTTTTGAATGGCTGCAAATCAACCTTTTCCAATTCAGTCAACATCTTGCACTGCATATCCAGATAATCAGATATAGCATCAATTCGATATGCTTTAGTTGATAGCAATGTAACATCTGATGGAACCAGGTTTTCAGCGAACAATTGTGCTAAGCAGTCCTTTACCAGCTCCAGCTTGGCACTCGCCACGACCAATATTTTTTCTCGGTTAACCATCAACGAATTTCCTATATGCTAAATACATTTCTATTAGTTCAATCTAGTTATCGTTCAGATAACCTAAGTGGTTTAACTCAAATTGAAAAAAGTTAGTCAGCCAGTGTTGCTGTTGCTCAGTAAGCTGTTTTTTCCAAATACCCAGAACACTATCGTCCATTGTCAGATTTTGCATGCCCACTGAATGCGGTAAATTACAAAAATCCAACAGTTGTCCCATAACTGTCGCATAGTCAGTGACCAAATGGCCAAGCGAAATCTGTCTAAACTGACTGCTATTAAGCGTTGCCGTAGTTTGGAAAATGCGCTGATACAAATCGCGGCAGATAGTGGCAGCTTCAGCCAGGTCCGAAGGCATCCAATTTTGCTTTAAATAGGAACAGACCACATCTCGCGGATCACGATGCACATGAATAAAGCGTGCTGACGGAAACAACGTCAGCAATTGTTGGCAGTACAAT
NZ_CP150481.1_gap101	3500022	3503675	3653	CCTCTCCCTGTTGGCGTAACAGCTGATATTGTTCAGCGACATCAAAATCCTGTGTCTGCACCGAAATCATACCTAACCTCCGGTCACTGGCGGAAAAAAAGCCAGTTCATCACCTGCCTGAACAGCGGTATCCAAACCGACAATGGTATGGTTCAAGGCACAAAGTACTTCGCCTTCCTGCAAAGCTAACCATTTACCTTGCTGTTCCACCAATTGCTGCCGGACTTGTCCCACCGTGGCAGAGTTGGACAACGACCATTCCAGTTGTTCACAATCAAGACGTTCGCGTAGCTGGGCAAAAAATTTGATTTTGATCATTTATATTTTCCACTTAACGGCTTGCACTCTCTGCCTCCCATACACCGCTTTTACCCCCTTGCTTGTGCAATACCCGTATCCCGTCAATCTGCATTCCCGGATCAACCGCCTTGCACATATCAAACAGGGTTAATGCTGCCACAGAAACAGCCGTCAACGCTTCCATTTCCACGCCGGTTTGGCCACTCAATTTGCACATCGCTTCGATACGTACTGAAGAGAGTTCTGCTAAAATTTCAAAATCTATTTGCACCTTGGATAAGGTCAAAGGATGGCAAAGTGGAATTAAATCAGCACATTTTTTTGCCCCCTGAATACCGGCGATACGCGCCACGGCAAGCACATCGCCTTTTTTATGGCCTTTTTGTGCGATTAGCTGCAAGGTTTCGGCATTCATACGCACAAAACCTTCGGCAATGGCTGTTCTGGAGGTCACCGCTTTGTCGGTCACATCCACCATATTGGCTTCACCCTTATGATTGAGGTGAGTTAATTTAACCTCGTCCTGTGCCATCAGTTATCCCGGCTTTCACAAAGTGCTACACCCGCTTTAAGGTGCTGGACAAAATTACACGGACGATGGCTGGCATCCAGCTGCTGTTTAATAATTCCTTCCCAACCGGTTTTGCAGGCTCCGGTCGAGCCGGGCAAACAGAATATTGCGGTTCCATTCGCCATCCCACCCAAGGCCCGGGACTGAACAGTAGAACTACCAATTTCAGCATAAGACAAATGCCGGAATAGCTCACCAAAACCCTCAATATCCCGGTCGAACAAAGGTTGCAGTGCTTGCGGGGTAACATCTCTATCGGTAAAGCCTGTGCCTCCAGTAATCAACACAGATTGTACATTCTCGCTGGCAATCCACTGCGATACTATGGCACGTAATTTATACACATCATCAATCACTATTTGCCGATCAGCCAGTTGATGACCGCTATCCTGGATCGCGTCGACCAAATATTGTCCGGAGGTATCTGTTGCCACAGTGCGGGTATCTGATACCGTCAACACGGCAATATTTAGTGCAATAAAGGGGGAACTGGCCTTGCTCATAACTCACTCGTTTGGTGCGATTAATGGCAATTAAATTACCATAAAAACAAATCAAAATTGATGCTTTAACAAATAAAAAAAGCAATCATCTCTGGTGACCTCATCAGGAAATGCTTATCCTTCTGTCAACTCATTAACACAGCTTCTGGTATGTCAAAACAGTTATCTCAGTCACAGGCCATGCGTTACAACCGCCAAATTATGCTGGCAGGCTTCGATCTGGAGCGCCAAGAAATGCTGCTCAACGCTAAAGTATTGCAAATTGGTGTGGGTGGTTTGGGTTGCGCCAGTGCCCAGTATCTGGTCGCCGCCGGTATCGGACAATTAACCCTGGTGGATGACGATCAGGTTGAGCTGACTAACCTGCAACGACAAATACTGCACAACGAAGCCGACATCGGGATCAGCAAAGTACAATCTGCGGTTGATAGCCTTAATCAGCTCAACAGTGATTGCCAATTGATAGCTATTGCGCAACGTCTTGCTGATCCACAATTAACCGAGCTCATCTGCCAACACGATCTGGTACTGGATTGCAGTGACAATCTGGCCACCCGCAATCAGTTAAATCGCCTATGCGTAACCAACAAGATTCCGTTAGTCTGTGGCGCGGCTATCCGTATGGAAGGCCAAATTACCTCGATTATTCCAGGCGGTGATAATCCCTGTTACCAATGTTTGAGCCAGTTTTTTGCTGAGCAACAACTGTCCTGTGTGGAAGCGGGTGTAATGGCTCCGCTGGTGGGCATTATCGGCGCTATGCAGGCCCTGGAAGCGATTAAAATTATCACGGCTTATGGGCAAAACTTGGCCGGAAAATTAATGCTACTTGATGGAAAAACCCATCAATGGCAGTCTTTTAATTTAGTCAAAGATCCGCACTGCAAGCTTTGCGGTCATTCCCCAAACGAGAATTAAGTATGCCGACACCGCCAGTTGACCAATGTAGCGCACCGGACTTAATGCCAGTAGAACAGGCAATAGATACCCTATTGAGCAGCGTTGAGCCATTATCGGCGATTGAAAGCTGTTCGGTTTTTCAGGCTCAGGGACGTATTGTTGCAGAAACCGTGAGCTCAGCAATTAATGTTCCATTGGCCAACAATTCGGCGATGGACGGTTATGCATTAAAAGCAGCTGATCTAAAGCAATCCTCGTCGCTATTGCTGGTAGGTAGCAGTTTTGCCGGGCGCCCTTTTGATGGACAGCTACAAGCGGGGCAATGTATCCGCATTATGACCGGCGGCGTATTACCAGCAGGGGCAGATGCTGTCGTCATGCAGGAAAATTGCACCGCCAATGGTGATACTATCGAGTTTTTACAAGCGCCACGTAGCGGTGAAAATGTACGTTATGCCGGAGAAGACATTCGTCTGGGCCAAGCTGTTTTAGCCCAAGGCCATAAACTCAGTGCAGTGGATATTGGTATGCTCTGTTCTATCGGGATCAGCCAAGTCAATGTTTATCGCCGCCTGAAAGTCGCACTATTTTCAACCGGCGATGAACTCAAGCCCCCTGGCACCGCACTGCGACCCGGAGAGATATACGATAGCAATCGTCCGACTTTACATTGTTTGCTGGATAAAATGGGCGTCGAGGTTATTGACCTGGGTGTCATTGCAGATCACAAAGATCAACTGCGCGATGCGTTTTTGCACTGTGATCAACAGGCTGACGCATTGATTACATCGGGCGGGGTTTCGGTAGGAGAAGCCGACTATACCAAAGAGATTTTGCAACAGCTGGGCAAAATCGGCTTCTGGAAATTGGCAATGAAACCAGGCAAACCTTTTGCTTTTGGTTATCTACCCAACAGCTATTTTTTTGGGTTACCGGGCAATCCGGTATCAGCACTGGTTACCTTCTATCAATTAGTGGTGCCTACCTTGCAGAAAATAGCCGGCATGACACCCTTGGCTCGCACTCGTTTACCGGCAATCGCCTCTGAAGAGTTACGTAAACGCCCCGGCAGGAGCGATTTTCAGCGCGGACATTATTGGGTGGCGGCTAATGGACAAATTCAGGTGCGAGGAACCGGCAAGCAAGGTTCCGGAATCTTAAGTTCAATCGCCCAAGCTAACTGTTTTATTCTGCTGGAACAGCAGCGCGGCGATGTACTGGCTGGAGAAAATGTTGTTATCGAACCTTATGATGAGTTGTTACGCTAAATTCTATTTCTAACTCAATTATTTTCCAAAAGAGTTTGGCTAAGTGACTGATATAGCATTTCCATGCTTAGCGGTTTGCCAAGGTGGGTTTGAAAACCTTCCTGATTATAA
NZ_CP150481.1_gap102	3602290	3606718	4428	GGCAACTTCGGCAGTGCTGCCGGAATTGCAGAAATGCTACTGCAGTCTCAAAACCACGAAATCCACCTGTTACCGGCCTTGCCAGAGGCTTGGCCTAAAGGCGCTGTATCCGGCCTTAAAGCGCGAGGCAATGTCACGGTGGATATCACCTGGCAGACGGGAAAGCTGGTTGAAGCAAAGGTACAACCTATGCAATCCGGGCAGCTAAGGGTCCGCAGCAACAGTTTTACTCAACATTCAAAAGTTACCACCGAGCAAGGCCAGCGCATTACTGCTCGACTGGAAGATGAGCTCATAACCTTTAAGGCCGAGGCAAACCAGCGCTATCGGATAACACGATGAGATAGAGATAACAGGAGCCGCTGAGCCAGTTGCATTGCATCTCAGCTAGTCCTGCAGTTTGTTATTTTTGGGGTTGTTCCCGCTGATAACAACAAAATGCTGAGTCATGTCAGCACAATAAAAATGTGCATAAAACACAAATAATTAGAACTGGGAGCAACTAGATGAAAACAACACGACAACAGACCAACAAGGGATTGGATACCATGTTCAAGCGGACTAAAACATCCTTATTCGTACTCAGTGCATTAGGCATGCTGGTGCCTACCTTGGGCTATGCGGCCGACGAACCTAATAAAGAAGACGAAGAACTGGAGATAATTAAAGTCTCGGGGCTTCGTTCCAGTATTATTTCGGCTCAGGAAAAGAAACTCAATTCCAACAAGATCATGGATGGCATCAGCGCTGATGATATGGGCGCGTTACCGGATCGCAGTATTACCGAAACCTTGCAACGAGTCGCCGGGGTGGCTATCGATCGTTATATGACCCAAGGTGATCCGGAGCATTTCTCGGTTGAAGGAAATGGCGTCATAGTACGCGGGTTAAGTCAGGTACGCAGTGAATTGAATGGCCGCAGTTCTTTTAGTGCGACAGGCGGCAGAAGTTTAAGCTTTGGTGATGTACCACCTGAACTGTTAAGTGCCGTTAACGTCTATAAAAGCCCGTCGGCCGATCAGATTGAAGGTGGACTGGCCGGAACTATTGATCTGGTGACCCGTTTGCCCTTTCAGGAAGATGGTCAAAAAATGGCTTTTACCCTGTCAGCCAACCATGGCGATTTGATTGAAGAAACCAAACCGGCCTATTCATTGCTGTACAGCAATAACTGGGATACCAGTATTGGTAAAATTGGCTTTTTAGCCGATATCGCCTATTCCGAACTGTCTACCCGCAACGATTCGATTTATGTCCGCCCGTTTTTTTATCGGGACGACATTGCCGGCCATGAAGGTGAAACCGTTTACGTTCCGCGCGGTGCCGACTGGCGTACCATGCATTTTAACCGGGAAAGAACCGGTAACTATGTGGCCTTGCAATGGGCTCCGGCCGACAACCATGAGTTGACTCTGACCTATTTCAACAGTAACTACGATATGCAGTGGGACGAAGACGCTATCTTTGTCGGTAACGACCCTTACACCGTACAAGCCACTGCCGACAGCAAATTTGGCGATGACAATGTATTGTATCAGGGTCGTTTGTATCAGGATGGCGGTATTCCGATGGGCTCAGACGTGCGGGTTGCAGTGCAGGAGTCGGAGACCACCGACATCACATTGGGCTATCGTTACTACAATGACAAACTGGAGTTCACTGCGTCGGTACAAAATGTCGATTCCGAATCTTCTGGCCTCGATTCCACAGTGGCCACTGAAATACTGGTGCCTTATCTGGATGTTGATTTCTCTGGCAGCGTACCGGAAGTGGGCTCAGATGCGGATTATCTGGCTACGCCAGGTAACTATAACTGGAACTTCCAGCAAGATAGTCAGTATCTGAAAAAAGGCGATATGACAGCGGTTCAGGCCGATGTGAAATACTTCCTCGACAGTAAAATGTTCCCGACGCTAAAGGTCGGTGGACGTTACAGCGATTCCACCTCGGATAATGCGGACACTGGCTATAACTGGGCGGTACTTGCCACCAGCTGGGCGCAAGGCGCAATTTCACCGGAAACTCAGGCTAATATCACCCCGGCCGAATCGGATTTGCATCTCAACACCTTTGATAATTTCTTTGGTGGTCAGGTGTCTTCCCCAGCCAACGTTTATGCGCCGATTGTCGATTTTGCCCTAAACCATCCCACCAGTTATGAAACTCTGCGGGATCGTTTCGAGTACACCGAAGACTGGATAGCTCCTTGGCAATTGCGCAGTCTGGATGATGAAAACTACCAGAATAACCAGACCGAAAAGACCTATTCGGCCTATTTTATGCTGGACTACGAACTGGATACCAAGCTGCCGATCAGCGGTAATTTCGGGGTGCGTTATGTTAAAACCGAAAATACTGCGCACGGCCATTTGTCTTATCCGAACAATTCCCTGTTCGGTGGACCGCAATTTATTGCCCAAGATGCCGAGCATTCCTACTCTAACGTATTGCCTAGTCTGAACGTCAGAATCGAGCTTTCTGAAGATGTGTTATTGCGTTTAGCTGTTGCCAAAACCATGGCACGTCCCGATTTTAGTACACTGGGGGCTAATCTGAACTTAAGTGCGAATATTAAAGAAGGAGACTGTCAGGATGCGCAAGAAAACGGCGAAGAAGTAGGAACCGATTGTTTCTTACTGACGGCAGCTTCTGATACCAACCCCTATCGTGATCCGATGGAAGCTACCCAATTTGATGCGTCACTGGAATGGTATTACGACGAAGGTGGCTCGATGTACTTTGCCCTGTTTAGCAAGGATGTTGACGGATACGAGAGCACCCAGTTGCGCACCGAAAACTATGGCGGTTTTGACTATAACGTTTCCCGACCTGTCAGTACCGGTGAAGCGGATATGAAAGGTTTCGAAATATCGATAAACCATTTCTTCAAGACCTTGCCTGAACCGTTCGACGGCTTGGGTATTCAGGCCAACTATACCTATATCGACAGTTCCACCTCGGTGGAAGAAGATGCCGAACCTTTTGATGCAGATGGCTCCACCTATGGACCCATGCCCTATCTGGGATTATCCAAGAATGCCTACAATCTGGTCGGTATCTATGAAAAAGGGCCAATATCATTCCGCCTGGCCTATAACTGGCGTAGTGAGTTCCTGATGTCTACCCGTGCCAACGGCTATAAAGCCGATGATAATTCCTGGGCATTGCCGGTATTCAACGCGCCGGCGGGTTATCTGGATGGTTCAATCGCCTACAAGATTAACGATAACCTGACCTTGGCACTGGAAGCCAATAACCTCGGTGATACGGTTACCAAGAACATCATGAAGCAAAATGGTCCGGGCAACCATTATGGTGCTTACCACGCAAGTGACAGACGTTACGCCTTGTCCTTACGCGGTAATTTTTAACTGAAGTAATGTCCACGTTGTTGTCTAGTTCAAAGGCACCGTCCACTGGTGCCTTTTTTTCTTTACTGGCGATCAACATATAACTCAGGTTAAGTTAAACCGATTACGGGTTTTAGAACAGGAAACACTTTGCAAACAGAAGCTATTCGTCACATTGTCATTGTTGGAGGCGGCAGCGCTGGCTGGATGGCGGCAGCGGCACTAGCCAATCGCATTCCGTCCGAGTTCTGTCAAATCACTCTGGTTGAATCTGATGCCATTGGCACTGTAGGCGTGGGTGAATCCACCATTCCACATATCCAGCAATTTAACGCTGAATTGGGCATCGACGAACAGGATTTTATCCGTCAAACCCGCGCGACGATCAAACTCGGTATCCAGTTTAACGATTGGGCCAATCTGGGGGATAGTTATATGCACCCCTTTAGTGAAACCGGACACGTCACTCAAGGTATTGATTTTCATCACTACTGGCTCAAATCACGCACCATGGGCGATAACAGCCGGTTGGATGAATATTCGCTCGCCGCCATGGCCGGTAAAGCCCGACGTTTTGCCCCGCCGGTCGCCAAAAAAGAATCGTTATTATCAGCCTATACCTATTCCTATCATATTGACGCCACCGCTTATGCCCGTTATTTACGTGATTACGCCGAAAAACGCGGGGTTAAACGGGTTGAAGGCAAGATTATCGAGGTTCAGCAACATGCTCAAAGCGGCTTTATTGAAACAGTTGTCTTAGAAAATGGGCACAAGATCGGCGGCGAACTCTTTGTTGATTGCAGTGGTTTTGCCGGACTGCTAATTGATAAAAAACTGCAATCCAGATTTATCGACTGGAGCCACTGGCTAGCCACCGATAGCGCCGCAGTAGTGCCTTGCGAACGCAATCAACCACTCAATCCCTATACTATTGCGACCGCGCGTGATGCCGGCTGGCAATGGCAAATCCCGCTGCAACACCGTATGGGCAATGGTCATGTTTTCTCCAGCAGTCATATGAGCGAGCAAACCGCATTGGATACCTTAATGCAGACTATTCCTGGCCAGCCTACCG
NZ_CP150481.1_gap103	3610084	3612189	2105	AGTCTGGAATGCCAACTCCAGCGACGAGCAAAAAACGGCAGAAGTCGATCCGGCTAAATTAACCCAACATCTGGATTTGGGATTGTGGGATGCCGAAGTCACCTATGGGCGCAAAATGTTCTGGATCGATCCGCCGGTTGGCAATGATCCTGCGTCTGGCGGCGCGCTGATTGCCAAATTATCGGATAACGAATATCTGCTCACCGCTTATCGTGCACGGGTCAGTTTCTCTCCCTCTGATGAATTAAAAGATCAGCATTTTATGATTGAACGGGTAGAAGAAGGTCATTTTGAAAATGGTCAATGGGTATTCGAGCGGGTCTGGAATGGCGACCAGACTGACTGGGGGCTGAACTTCACCTCCAAACCACATATTTTAAAAATCAAGATGGCGACTTACCAGCCATAAAAAGTTTCGGCTAGCTAACAAGGGTCAGCGCCCTCTAGCCAGTATTATTTAATGGAGAAAAACATGACATTCACTCGTACTTTGGGTCGTAATTTTACCCGCACTTTTGCCTTGGGGATTATTCCTCTTGCATTGTTACAAGCCTGCAATTCCGGGTCGGAACAGGCCAACGCCAATATCAGCAGCCAAAAACAGTTGGGTCAATTTGAACAGACCGACAACGGGATTATTGTCACTTTGGCCGAAAGCAGTGCCGACAAGGTTCGACTGCAAGTTATCAGCGACAAGATCATTCATGTGACGGCTTTGCCAGGTGATGATTTGTCAGTGGTACCGGACAGTTTGATGGTGGTGGCCAAAGCGGATGCCAAATTCAAGGTTGAGCAGGTGGGTGAAAAGGTACAGCTAAAAACCAGCCAAGTCAGCGCCGAAGTATCGTTGCTTGACGGCACTGTCAGTTTTAAAGATGCGCAGGGAAAGACGCTGCTGGCAGAAACCAATCGTGGCACTTTTGATCCGGTGACCGAAGATCCTGTCACACCGGATGCCGATTCCTACGCAGTGCGCCAGCAGTGGAACAAAAACACCGATGAAGGCTTTTTCGGATTAGGCCAACATCAAAATGGTCAGGTTAACTATGCTGGCGAGAATGTGGAGATGACCACCTATAACCTGGAAATTACCATTCCGTTTGTGGTTTCAACCCGCAATTACGGCGTACTCTGGGATAACGCCTCGGTAACCCAGTTTGGTGATCCGCAGAAATCCCAGCCGCTGAATGCCGATCTGGTGTTATATGATGCCGATGGCAATCAAGGTGGCCTAACCGCGAATTATTATGACGGTGACAAACTGATTTTTAGTCGGGTGGAAGCCGATCCCAACTACCAGTTTTTGGCCAATAACAGCGTGCGTGAATATCCCTTCCCTGAAGAACTGGGCGAAGTCAAAAATCCGCATGTGGTATGGGAAGGCTCGATAGAAGCCAAAACCAGCGGTGTGCATAAATTCAGAATGTACAGCAGTGACTACGCCTCTTTGAGTATCGACGGCAAAGAACTGCTTAATCGCTGGCGGATGAACTGGAATCCCTGGTATCACAACACTGAAATTGAACTCACTGCCGGACAAAAAACACCGATAAAAATCGACTGGCAGTCCAACGGAGGCTATTTCCGTTTGCTGCATAACGATCCCCTGCCCCATGACGAGCAATATTCGCTGTCCTTTGCCTCCGAAACCGGCAAGGCTATCGACTATTATTTTGTCGCCGGTAAAGACACCGACGATGTGATTTCAGGCTATCGCCAGCTCACCGGTAAAGCAGTGATGCTGCCTAAGTGGGTGTACGGTTTCTGGCAAAGTCGCGAACGCTATATGAATCAGGATGAACTGGTGGATGTGGTCAAGGAATACCGTAAACGCGAGATCCCGCTGGATAATATCGTGCTGGACTGGTCGTACTGGCCGCAGGACGCCTGGGGCAGTCACCAATTTGATAAAAAGCATTTCCCTGATCCGAAAAAAATGGTTGATGAAGTGCATAAACTCAATGCCAATATCATGATCTCGGTCTGGCCCAAGTTTTATCCGACCACGGATAATTACAAGGAATTGGACGCCAAGGGCTATATGTTGAGTAAAAACGTCGAACAGGAACATAACCTCGACTGGATTGGCCCCGGCTACGAAAACG
NZ_CP150481.1_gap104	3624076	3628548	4472	TGTACTGTGCCGTGCAGGATGTATTAGTTGATATTGCAACTCAGCAGGCCAATGGCTATTTCAGCCAATTAAAGCTGGTGCCGGAGTGTCCGGGAAGAAAAAATGCAGCCATCAACTAGATACCAGATCCGCATCGCTATTGCTTTTACGCTTATATTTATCCTGTTTCAGGGGATTTACAGTACTTCAGCTTTAATCAGCTATAAAGACAATAGTCGGTTATACGCACTAAATTTAGAAACTCGCATTGCTTTGGATTTGCCCTGGCTGCAACTGGCCAACGAGCAGATGAAGCAGGTGGCCAATGCCACAAGCGTGCGCCTGTATATGGACAATATGAACCAGCAATTCGTCACTCAGCATGCCCCGGTCAGAATTAACGCATTGCAGAAAATACAGGTAACAGAAGAAATTAAAGGACAGGAGCTATTAATACCACTAGTTACGCCGGAACGAACAGTCCCGTTAAAAATAGTGATCTTGCCTTTTCGTTTTGCTGACAGCTTTTCGCCCCTGAGTTTATTGGCCAGCTTGTTATTAGTTTACTTGTCTCGCCGGCAACTCAAGCTGTGGGGTACGCCACACTCGGATAACGAAACGGATAATAAGCCTAGACCCAAGCTAATTATCAACCTACATGAACGCACCTTAACCAACAGTTTTGATAACCGCACAGTGCAGTTATCCAACAAACCGTTCTGTTTTTATATTGCCTTGCTGGACTACTGTTTACGCTTCGACAACGCCGCACTCAATCACAATAAGAACTTACCCACCGAACTACTGGAACTGGCCAACCGTTATTTTTATCGTTTGATTGAACTGGGTCATACGATTAGAAAACGGCCAGACTTCAGTTCCAACCTGGATAAGATGCTGAGTGAAATCAGGGCGGCTCTGGAAGAAATCTACCAAGACTGTCCTGATTTAAAAGCCCCTTATTACCCACCCAAAGCGCAAGGTGAAGGTTCACGTTCCAAACTGCACAATTATGCTTTGGAACAATTAACTGAAGATGGACTGGAGTTTATCGGTAAATAACCCCAACTCGGGATAAGAAATGTCGTTTATATTTACAAAGGGTAAATAATTCAGATAGTTATATTATTCACTCAACCATTGTTGAATAAATAGTTTACTCAATGACGACATTTTTGTGCCTGGCAAGGCGGGCTTTCGTACGTCATAGCGGACTATGACTAGAAAGCCCAACGCTGCCAGGTGCAAAAAGAGCGTTATTGAGAGGCGTGACTTATCCCGAGCTGGGGTTAAATAACAAGAGCACAGAGAATCGGCCTTACGTAAGGTTATTTACGTTTAATTTCCATATCAACACTGGCTTTTTTCGTTACCACTGGTAACCTGAGCGTCGTTTAATCTTTCATACTTCTAGCTATGTCAATACCACATATCATTGCGATTTCCGGTGCCTCGGGTTCGGGTAAATCATTATTTACCGCCACCCTGTGCGACGAGCTGCGTCAGTTTGACACCGACGTACTGATACTTTGCGAAGATCACTACTATCGTGATCAAAGCGAATTGTCCATGCCACAACGTGAGCAAACTAACTACGACCATCCCGATGCTTTTGAGCATGAGCTGCTTGCCCAACATTTACGTCAATTAAAACAGGGGCAATCGATTCAGTATCCTGAATATTGTTTTAAAACTCATACCCGACTCAGTCAGCAAACAGAACGCACGCCACAAAAAATTGTGGTGGTGGAAGGAATTCTGCTATTGGCGTCGCCCGAATTATTGCCCTTATTTGATCTGAAAGTGTATATGGATACACCACTGGATATCTGTTTATTGCGCAGAATTCAGCGGGATCTGACCGAAAGGGGTCGTTCTCTGGAATCCGTTGCCCGGCAATATGAGCAAACCGTAAAACCAATGTACCATCAATTTATTCAACCCTGCCGTCATAAAGCCAATATCGTCGTGACACAGGGAGGTAAAAATCGCCCCGCTTTAGAGGTGATAAAGGCGCATATCCGAAATGCATCAAAATTATAATTACAATAAATATTGGGGATAACACATGACAAGCTTGCTCGGCATTTTAGTTCTGATTGGATTGGCACTATTACTGTCTACCAATCGTAAAGCCATCAATTGGCGCACTGTAGGCGGAGCTTTTGCCATACAGGCACTAATCGGTGCATTTGTACTGTATTTCCCACCAGGCATCGAAATGTTGTTGTCACTAACCGATGTGATAAAAAACGTACTCAGTTACAGTCAGGAGGGGATCAACTTCCTGTTTGGCCCGGTCGGCGATAAATCTATCGGCTTTATTTTTGCCTTTAATGTATTGCCCGTAATCGTATTTTTCTCTTCTTTAATTAGCGTTTTGTACTATCTGGGTATTATGTCCTGGATTATCCGCATGATAGGCGGTTTTTTACAATGGGTACTGAGAACCAGCCGGCCAGAATCCATGTCGGCAGCAGCCAATATTTTTGTGGGACAAACCGAAGCACCATTGGTGGTTAAGCCTTTTATTCCGCATATGACCCGCTCGGAACTGTTTGCCATTATGGTAGGTGGTCTGGCTTCCATCGCCGGCTCCGTAATGGCCGGTTATGCTGGCTTGGGAGTAGAACTAAAATACCTATTGGCCGCCAGTTTTATGGCCGCGCCAGCCGGGCTGCTAATGGCCAAAATAATTTTACCCGAAACCGAGCAACCTAAAAATGAACTCAATGAGCTGGACAGCTCTTCAGAAAAATACACCAATATTTTTGACGCCGCCGCCAGCGGTGCCGCATCAGGTATGCAGCTAGCCCTCAATGTGGGTGCTATGTTGTTAGCTTTTGTGGCATTGATTGCGTTACTAAACGGACTGATTGGCTGGGCTGGTGGCCTATTTGGCTACGAAGAACTCAGCTTCCAGATGATCCTCGGCTATATCTTCCAGCCACTGGCCTGGGTATTAGGCGTCCCTTGGGATGAAGCCAATGTCGCAGGTAGCTTTATTGGTCAGAAACTAGTGGTCAATGAGTTTGTTGCCTATCTGGATTTTATTGCCCACAAAGAGCAACTTACGGCCCAAACTCAGGCGATTATTACCTTTGCGTTGTGCGGTTTTGCCAATTTTTCCTCCATCGCGATCCTTATGGGCGGATTAGGCGCATTAGCTCCCAATCGCCGTACCGATATCGCCCAGCTAGGTCTAAGAGCGGTAGCCGCGGCAACACTGGCTAATTTGATGAGCGCTGCGCTGGCAGGTATCTATTTATATCTGTGATCACCATCATAAAACGTTTAACTGCCTGTCAGTTGTATCTCCGATACTGACAGGCCGAATTTTTACTAAGCTTTAGCAAAACGATAAATTCAGGAAGCCTTATGAAACTTGTTGCCGTCGATTTTAATGCCGATAACGCCGCCCAACAATTTGTTGAATCACTGCACGAAACAGGATTCGGCGTATTAAAGAACCACCCTCTTAAACAAAGTATGGTGGACGACATCTATAAGACCTGGCAAGCCTTCTTTGATAGTGAAGAAAAGCATCGCTTTCACTACAACAGCAAAACTCAGGACGGCTTCTTTCCCGCCAGCGTATCAGAAACCGCCAAAGGACATAAAACCAAGGATATTAAGGAGTATTTTCACTATTACCCTTGGGGACAATGCCCGCAGCAGTATCGCCAACAACTGGCCGATTATTACGCCGCAGCTAACCAGTTGGCGTCAACGCTATTATCCTGGGTAGAGAAGTATTCACCCGATGAGGTTTCGGCCAAATACAGCCAGTCACTTTCCAGCATGGTGGAAAACAGCGAGAAAACCTTATTAAGGGTCCTTCACTATCCACCGTTGCATGGAGGTGAGGAACCGGATGCCATTCGCGCAGCGGCCCATGAAGATATCAATCTGCTTACCGTATTACCCGCTGCGAACGAGCCGGGGCTACAGGTGAAAAACAAGGAAGGTGGCTGGCTGGACGTACCTTGTGATTTCGGTAATTTGATCGTTAACATTGGTGACATGTTACAAGAGGCATCCGGTGGTTATTTTCCCTCTACCACCCATAGAGTGATTAATCCTGAAGGTGCAGATCAAACCAAGTCGCGTATATCTCTGCCGCTGTTTTTGCACCCTAACCCTGAAGTGGTATTGTCTGAACGTCATACCGCCGACAGTTATCTTACTGAACGATTGAGAGAACTCGGTGTATTGTAGGGCGGGTTGAAAACTGGAAATAAAAATGCCGGCAATTTGCCAGCATTTTTATTTATGCTCGTAGCGATGTAACAGGTCGAATTACATCTCCGTAGCGACTTTTTCCACGGCTTTCCACACTCGCATCAGATTACCATGCAGCACTTTGTTGATATCAGCTTCCGAATAACCCCTATCCAGCAAACCTTGCACCAGATATGGGTAGTAGGACACGTCTTTAAGATCACGCGGTAACGAATCACCTACACCATCAAAATCCGAACCGATGCCTACAT
NZ_CP150481.1_gap105	3630544	3632863	2319	ATGCAGAGTGATTAAATTACTAATTTCAAAGCGCTATTTAAGCTGAGCTCAGGAACGTTCCCTACTACCGGGGCATACAGCCTAACCTTGGGCGTAAAAAAACCCCGGCAAGCCGGGGTTCGATAGACAGTGGAGAATCTATATTATGATTTAATCGAAAAGTCCGGATAGGCTTCCAGCCCACATTCGCTCATATCTACACCTTCGTATTCTTCTTCTTCCGAGACTCGAATACCGATGGTGGCTTTGATAATGGCCCAAACAATCAGACTGACCACGAAAACCCAAACGAAAATAGTTAACGCACCAATCAATTGGCCACTGAAGGATGATCCACCATCTTCAGTTAACGGATTAGTGATTGGAACCAGCATCAATCCCAGGAATCCGACCACTCCGTGAACAGAAATGGCACCAACTGGATCATCAATTTTCAGTTTATCCAAGGCTAAAATGCTGAATACCACCAATACACCACCAATAACACCGAACAATGTCGCCTGTAACGGTGTTGGGGTAGAAGGTTCGGCAGTAATGGCAACCAGCCCAGCCAAAGCACCATTTAATGCCATGGTCAGATCCGCCTTGCCAAACATAAAGCGGGCAACAATTAACGCGCCGATTAAACCACCTGCAGCTGCGGCATTAGTATTCATAAAGACCACGGCCACAGAGTTTGCGCTTTCAACACTTGCTGTTGCTAACACCGAACCACCGTTGAATCCAAACCACCCTAACCACAGGATGAAAGTGCCCAAGGTGGCCATCGGCAGATTTGCGCCAGGAATAGCGTTCACTTTTCCGTCTGCAGTATATTTACCTTTACGGGCGCCAAGCAATAACACACCAGCCAATGCAGCAGCCGCGCCAGCCATATGTACGATACCTGAGCCGGCAAAGTCAGAGAATCCTAAATCACCCAGAGTATACAGTCCAAACACGGACTCACCGCCCCAAGTCCAGGCGCCTTCCATTGGATAAATAAAAGCAGTCATCACAATAGCAAAAGCAAAGAATGCCCATAGCTTCATACGCTCAGCTACAGCACCAGATACAATTGACATCGCAGTTGCAACAAACACTACCTGAAAGTAGAAGTCCGCTGCCGGAGCATAGGTGGCGGGATCTTCAGTTACCCCCGTTGCACCGTCTCCGGTAATCCCACTTAGGAACCAGCTAAAATCGGCTCCTCCGTACATAATGGAATAGCCGCAAACCATGTACATGGTACAAGCAATAGCATAAAGAGAAATATTCTTGGTTAGAATTTCGGTGGTATTTTTTGCCCGTACCAAACCTGCTTCGAGCATGGCAAAACCGGCAGCCATCCACATAACCAACGCACCGCATACCAGGAAGTAGAAGGTATCGAGGGCATATTGTAATTCAAATATCTGGTCCATCTTACTTTCTCCCCTTATATCGCGTCGTTATCTGTTTCGCCAGTCCGAATTCGAACCGCGTGTTCCAGATCATAAACAAAAACTTTACCGTCACCGATTTTGCCGGTTTTAGCGGCCCCAATAATGGCTTCGACTAGACGATCAACGTGATCATCCTGTACGGCAACGTCCAACTTCACTTTGGGTAGAAAATCGACCTGATATTCTGCCCCGCGATACAACTCGGTATGACCTTTCTGACGACCGAAACCTTTTACCTCTGTCACCGTCAATCCGTCGATGCCGATTTCAGAGATGGCTTCACGTACATCATCAAGCTTAAAAGGCTTTATGATGGCACTTATTAACTTCATCTTTGTTGCTCCTATATGGTTTTATTATATTTTTCACCTGTCTGAGCAAAACTATTACAATCAACATGCCAATATTTATTTCTTTAAATATCAATGCGTTAAATAAATTCATAAAAAACAGATTGGTTAACTTGCACCCAGAATGAGCGCAAATAGAAACAAAACGCACCATAGAGGTGCGTTTGAAAAGACATCAAGAAATTGGCTGATTTAGATTAGTTAACAGAGCGATCCCAAAGTCTCAAACTGTTTAGGATGGTTTCAACCGCAGCCTGATAAAAGGTCGCATCAATATTGGCAATATCATCTTTATCGGTATGATAATAACGGTGATCATTCACCCCAAAGTACATAAACGGGATATTCTTTTGAGCAAAGACCTTATGATCACTGGCCTTACGCCAGTCAATGCGTTTATCGCTGCTGTAACCTCGGGATACCCCTTCATGTCCTACTTTAAGGCAAACTCCGGCTTGAGCAATGGCGTCTTCTACAATAGGGTTTAACTGAGGATAAGCTTTGGCGCCCGCCAAATATAGAGTACGTTTACGCCCGGGATAGGA
NZ_CP150481.1_gap106	3635444	3636493	1049	ATTTGCCAGCTTGAGTTTTCGCCCGGATGTTATTCGTTGCCTGACAAATCTATTGGACAGGACGCTGGAATTACTTAACCGCCACGCTCAATTAAATTTGAATGTGCCTCATTTGTGTGCATCGTCCTGGTTGCTAATTAAGTGGGTAACAAACTGGCAACCGGACAAACGCTCCTTGGCGATTAAGCTGGCTTGTTCAATGGTGGATAGCGCCATATCAACCGGCCTGGACAGTAACAACGGTTTTTGTCTGACCGAACAAGATAAAAACCAGTACGGTTGGGTACAGGCCGAGGCCATGCTAGCTTGCTGGCGTTGCTATATGGAAACCGGTGAACAGAAATATTTAGACCAGGTGCTGAACAGTTGGGCCTTTATTCGACAACATATCAGCGATCCTGTTTTTGGTGAGTGGCATTGGAAAAGTAATGGCAGTACATCAACGACAGATGAAAAGGCGGGTTTCTGGAAGTGTCCTTATCACAACAACAGAGCCTGTCTGGAAATTTATAACGATCTGTCCGAAATGGGCATAAAGATGTGGAAACAATAACAATGAAAATCACTTTACTGGATATCAGTATTATCCTGCTCTATTTGATGGCGATTGTCGGCATCGGCTTTTATCTCAAGAAACGTGCCGCACAAAGCATGGACGACTACTTTGTTGGCGGCAAAACCCTGCCCTGGTATTTACTGGGGTTATCCAATGCTTCCGGCATGTTCGATATATCCGGTACCATGTGGCTGGTCACATTGTGTTTTGTGTATGGTATGAAAAGCATCTGGATCCCCTGGGTCTGGCCGGTTTTCAACCAGATCTTCCTGATGGTATATTTGTCTATCTGGTTGCGTCGCTCCAATGTACTAACTGGCGCAGAGTGGATGCGCACACGTTTTGGCGACGGGACTAGCGGTAAACTGTCCCATATGGTCGTTATTGCTTTTGCGGTAATTGGCGCATTGGGCTTTCTGGCCTACGGTTTTGTCGGCATCGGAAAATTCATCGAGATCTTTATTCCCTGGGAAGTGGTTTCGCCCTATATTCC
NZ_CP150481.1_gap107	3650307	3653961	3654	GGATGGCATCTTCATCATCACCGGCAAAAGTAAAAATCGCCTGATGCTCGAACATATGCGCTACCGACCCTTGCGCACCGATTTTTGCGCCGGTTTTGGTAAAACAATTACGTACATCGGTAATAGTGCGGTTATTGTTGTCCGTTAAACAATCCACGATCACCATGCAATTACCCGGACCATAGCCTTCGTAGCGCGCGGTAGCATAATCTTCACCACCTCCACCACTGGCTTTCTCGATTGCGCGATCAATAACATGGGCGGGCACTTGATCTTTCTTGGCTTTATCAATCAAGCGACGTAACGCCAAATTGCCGACAGGATCGGTGCCGCCACTTTTGGCACAGACATAGATTTCTTTACCGTACTTGGAGTAAACCTTGGTTTTTGCCCCTTGTGTTTTCGCCATAGAGGCCTTGCGAACTTCGAATTTTCTTCCCATTGGATTATGCTCTCATACTGCTTGGAACAGCCTTTAGAATGTGATTGACAGGCTATTTAATTTTATTAGGTTAATTCTAACGGTTTAGACTGGTGTTTGACCAGTTACTTAGCCGCATTTCTGGTTAACCACTTATCCAGTTCATCTGCAAACATCTTGCGCTCACTTTGGCTCAGTGCCGGAGGGCCGCCAGTATTCACGCCACTGGCACGCATGGTGTCCATAAAATCACGTATGTTCAGCCGTGCCCTGACATTGCTGGCAGTGTACAACTCGCCTCTGGGGTTTAATGCATAACCCCCTTTGTCGATGACTTCGGCGGCCAGCGGAATATCACTGGTAATGACTAAATCACCGGCCGTTAAGCGTTGCACAATTTCATCGTCCGCCACATCAAAACCAGATTGCACCTGAATAGCGTTAATGTATTTGGATGGCGGCGTACGGATATACTGGTTTGCCACTAATGTCATTGGCATTTTGGTGCGTTCGGCGGCACGAAACAGTATTTCTTTAATCACTACAGGACAGGCGTCGGCATCGACCCATATTTTCATTTGCACATCACTTAATGTTATTTCGTCAAACAGAAATTGGCTAAGGGTAAGAATTCTATCCCGAATACCCTGCTCAAATCAGCAAAAACCTTCTTCCTGTAAAAATTAGCTTAACCTTATATATGAAGATATATCTGCATGGTTATGCCGTTATTAATCACATAAATATACTCTTTACCTGCATATTAATTCCAAATAAATATATACCTTCCTGACTCACAAAGGTTGACGGATTAACCGATAAAAGCTACTAATACACATACTATTGTATTGAATGCTGAATGAGCGCAAAGAATGTACAACAACCTGCTTCTAATCCTACTCCTTATGGCAGCGAGATTGCACGGGTAGGTTGTATTTAAAGCAGGCAACCAGATTAGAAAAACCCGTGCATGGCACGGGTTTTTTTTTGACTCTGCGCCAGGATCGGAAGTCTTAACATAGAATGAGCCAAATCACTTTGATTAGGACTCGACCACTCACAACAACAACGAGGGTAACAAAATGAATGATCGTGTTTTAATTTTCGACACTACGTTACGGGATGGCGAGCAAGCCTTACCTGCTAGTCTGACGATAAAAGAAAAACTGCAGATCGCCCTCGCGCTTGAACGTTTGGGGGTGGATATTATCGAAGCCGGTTTTCCGGTTTCCTCTCCCGGCGATTTTCAGTCGGTGCAAGAAATCGCCCGACAGATAAAAAATTCGACGGTGTGCGGGTTGTCACGGGCGATGCTCAAAGATATTGATGCCTGCGGCGAGGCCTTAAAAGTGGCTGAACAGTTCCGTATTCATACCTTCATTGCTACCTCGGATATTCATGTAGGAGCCAAATTACGTAAGTCCCAGGATGAAGTACTGGACATGGCCGTTGGTGCGATTAAACATGCCAGACGCTATACCGACGATGTCGAGTTTTCCTGTGAAGATGCCGGACGTACCAATATCGATTATCTATGCCGTATGGTGGAATCAGCGATTAACGCCGGCGCGACGACGGTAAATATTCCCGATACTGTCGGCTACACCATCCCCACCGAGTTTGGCGGTATTATTCACAACCTGTTTAACCGGGTACCCAATATCGACAAGGCGGTGATTTCGGTGCACTGCCACAATGATCTTGGGCTGGCAGTGGCCAATTCATTAAGTGCCGTGCAACAAGGGGCTCGCCAAATAGAATGTACCATTAACGGTTTAGGCGAACGGGCTGGTAACTGTTCATTGGAAGAAGTGGCGATGATTATCCAGACGCGCCAGGCCATGTTGGGCGTACACACTGGCATTAACAGCCAGGAAATATCCCGGACCTCCAAGCTGGTCAGTCAATTGTGTAATATGCCGGTTCAGGCCAATAAAGCCATTGTGGGTGCCAATGCCTTTAGCCATTCTTCGGGAATTCATCAGGACGGCGTACTGAAATCACAAAATACCTACGAGATCATGACACCGGAAAGTGTCGGTATTAATAAAAACAACCTCAATCTGACCTCACGCTCCGGCCGTCACGTAATTAAGCATCGCATGCATGAACTGGGTTACAAGGAATCCGACTATGATCTGGATGCCTTGTACGAAAGTTTCCTGACCCTGGCTGATAAAAAGGGGCAGGTATTTGATTACGATCTGGAAGCCCTGGTGTTTTTTGATCAGCAAAAACACCAGCAGGCTTACTATGCCTTGGGTTATTTACATGCCAACTCGGGTAAAAGCATTGTCCCGACCGCTACTGTCCAGATCAAAATGGGCGATAAGGAAGCCACTGAAACGGCCATCGGGAATGGACCTGTGGATGCAGCCTACAATGCCATTATCAAGGCCACCGGTATTGACGGGCTGGATATTGTCGACTTTAAACTGGATTCAAAAGGCGAAGGAGCCGACGCCTTGGCACAGGTTAGTGTGGTAGCAGAATACAAGGGACGGCGCTTTAACGGAATTGGTCTGGCCACTGATATCGTTGAATCTGGGGTAAAAGCCCTGATATACGTGCTGAATAATACCCACATGGCCGATCAAATCGATCAACACAAACAACAGCAACAAAAGATAGTTGGAATATAAATGTCTGAATACAACATAGCCGTTTTGGCGGGAGATGGAATAGGTCCGGAAGTGATGGTGCAGGCCATTCGGGTGCTGGATACGGTAAGTGAAAAATTTAATCTCAAATTTAATTTAACCCACCACGATGTCGGTGGTATTGCTATTGATAATCACGGTGAAGCTCTGCCCGCATCAACCCTGCAAGGCTGCGAACAGGCCGACGCAATATTATTTGGCTCTATAGGCGGCCCCAAATGGGACAGTTTACCGCTGGAAAAACGCCCCGAACGCGCTGCGCTGTTAGCCCTGCGTGGTCATTTTGATTTGTTTGGTAATTTGCGGCCGGCCAAGATTTATCCAGGTATGGAAAATTTGTCGCCACTGCGTGCCGATATTGCCGCCAGTGGTTTTGACGTGCTGGTAGTACGTGAGCTCACCAGCGGTATTTATTTTGGACAACCCAAAGGCATGCAAGGGGAAGGCGAAGAAGAGTTTGCCTTCGATACCATGCGTTATTCTCGCCGCGAAATTCGTCGCATCGCCATTCAGGCATTTGAAGCCGCGCAACTACGCCGCCAAAAAGTGACCTCGGTGGACAAGGCCAACGTA
NZ_CP150481.1_gap108	3656255	3656858	603	TGGATGCAATTTTCGCTGCGGTGCAACAGGACCCGGCCACGCCAATCAGTGTCAACTTGTCAGATCAACAGGTAATTTGCAACGGCGAGGTTTATCCTTTTGAAATTGACCCTGCGCATAAAAATTCGCTACTCAAAGGGCTGGATGCAATAGGTCAAACACTGGAGCTAAGCCAGCATATCGATAGCTATGAGAAAAATATTCCTGCCTGGTTAGCATAAACTCGCTCGGTACACATATAAAAAGGTCCGCTGAAATCGGTTGATTTAAGCGGACCTGTTTAATTCATCTCTAGTTCAGCCAAAATCTAATACACTTTTCATAGCTACTTTTCTCTCACTTAAGCACAAAGGAAAATAATATGCGTAAACTTGTTGTAGCGGTTATTTTTACCACGTTATCGGTTGGCGGCTGCGCAACCAACGCCAGCAATACTCAAAAAGGTGCCGGTATCGGTGCCGTTGTTGGTGCAGTACTAGGTAAAGCTACTGGTGACAATGCCAAAAGTCGTTATGTATGGGGAGCTGCTGTAGGCGCACTGGCCGGTAGCGCTATTGGTTCCTATATGGATAAACAAGAGCAGGAATTCAGGGAAGAACTGTC
NZ_CP150481.1_gap109	3716866	3719456	2590	GTATTCCCGCATGAATTATCCGGCTTGACGCCCGATGAAATCATTAACGGTAAAACCGAGTTGGCAGATATTATGGATTTACTGAAATAATCTGAGTCTAAAATCAGTAATACAAACGGGAGCCTGGTCGCTCCCGTTTTTGTTTTAACCTACAAATATAACCTTCAATACAAACAGCAAGGTTAGTACCCACACGCTTAGTGTCACTTCACGCCATTTCCCGCAGGTCGCCTTGGTAAAGGTATAGGTAATAAAACCCAGCGTAATACCATCGGCGATAGAAAAGGTCAGCGGTGTTAGCAACAGCACAACCGTCACCGGTGCCGCTTCGGTAATATCGTTCCAGTCGATATCTTTCAGGCTGAATAACATCAATATTGCCACATAGAAAATCGCCCCGGCCGTGGCATAGACAGGGATCATACCTGCCAGAGGAGCAAAGAAAATGCTCAATACAAAGAGTCCCCCCACTACTACGGCGGTCAATCCGGTTTTGCCCCCTGCGGCCACGCCAGAAGCGCTTTCGATATAACTGGTAGTATTGGAAGTGCCGAGTGCTGCCCCTGCCACAGTTGCCACACTGTCACTTAACAAGGCTTTGCCAAAACCTCCCGGCATCTGGCCGTTTTTATCCGCTAATCCGGCTTTTTGCGTCACCGCAATCAAGGTACCGGAGGTATCAAACAAATCCACAAACAGGAAAGCAAATACCACGCTTAACATGGATAATTCCAATGCAGCTTGAATATCCATTTGCAAAAAAGTGGGAGCAAGGGAAGGAGGAGTAGACAGGATGCCGTTATAGCTGACATCACCACTGAACAATCCAATCAAAGTCATAATTAAAATCGCCAGCATAACCGCCCCTGGCAGATTACGGGCAGTAAAAGCAGCAACCAGAAAGAAACCCAGCATACTCATCAAGGGCACAAATTCGGTAATATTACCCAATGTCACCAGGGTAGCCGGGTGATCAACAATAATACCGGCATTTTTTAGCGCAATCATCGCCAGAAAGGCCCCGATACCGGTTGATATACCTTTTTTAAGGGTGAGCGGAATAGCCTGGATAATCCACTCACGTATTTTGAACGCACTGAGCAGAAAAAACAGGATGCCGGATAAAAACACCGCACCTAATGCCGCTTGCCAGCTATACCCCATTGACAACACCACACCATAGGTAAAAAAGGCGTTAAGCCCCATACCCGGTGCTAGCGCAATAGGTAAATTGGCTAACAATCCCATCACCAGACAGCCTACCGCGGCGGCAAGGCAAGTGGCGACAAAAACCGCCCCCTGGTCCATACCTGCTTCAGCCAGAATGGCTGGATTAACAAAAATAATATAAGCCATGGTCAGGAAGGTTGTTATGCCGGCGACTACTTCGGTTTTAACCGAACTGTCACGCGCGTTAACCTGAAACAATCTTTCCAGCATCAGATGCCCCTAAAGAAGTAAAAAGAAGACGATTATTTATCCTAATGAATAAAAAGCGTTTTTTCACCTGACAAAGATAATATTTAGCGGAGATTCAATAAAATAAATTTTCTCGCAGAGACGCTAAGTCGCAGAGAAAAAGATAAATAATTGTGTTCTTATAGCGTTAATCCATATAAACGAATTGTTCGTGGCTAAAGCCTCCCTACCCTTTCTCGTTCAGGTCAAATGATGTTTTCGATTTGATAAGCTGAAACTAAAAAAGGACCTTACGGTCCTTTTTGGGTAAAACTGATTGGTCTGTTTACTTTTTCTTGGCCTTGGGATTAGGCAGGTCAGTAATACTGCCTTCAAAAATTTCAGCCGCCAGACCAATGGATTCGTTCAGGGTTGGGTGCGCGTGAATGGTTAACCCCACATCTTCGGCATCAGCGCCCATTTCGATCGCCAGACCGATTTCACCTAACATCTCACCAGCATTGATACCCACCATAGCACCACCGATAACCCGACCAGTATCTTTATCAAAGATCATCTTGGTCATCCCTTCGGTGCGGCCAGAGGCGATAGCACGACCTGAAGCAGCCCAAGGGAAGTTGGCTGATTCAAAATTCACGCCCTGTTCTTTGGCTTCTTTCTCGGTCAAACCCACCCAGGCAATTTCCGGATCGGTATAAGCCACGGAAGGAATACATTTAGGATCGAAATAATGTTTCTTGCCAGCAATCACTTCCGCTGCCACATGACCTTCATGCACCGCTTTGTGCGCCAGCATGGGCTGCCCGACCAAATCACCGATAGCGAAGATATGCTCGACATTGGTTTTCATTTGCTTGTCGACATTGATAAAACCGCGATCATCCACTTTAACACCCGCTTTATCCGCGTCCAGCAAAGAACCGTTAGGACGACGACCAACGGCCACCAACACCTTGTCATAACGTACTGGCTCTTTGGGTGCCTGTTTACCTTCAAAGCTGACATATAAGCCATCTTTCTTGGCTTCAACTGCGGTCACTTTGGTTTCCAGCATCACGTTAAACTTGTCTTTAACGTATTTTTGATAAATTTTAATAATGTCTTTATCAGCAGCAGGTACCAGTTGATCAAGGAATTCCACTACATCAATTTGTGAACCCAGTGAACGATA
NZ_CP150481.1_gap110	3897890	3901186	3296	TAAGCTGGCCGATACCGCCTGCCCTTTATCTACCTGACGGTCAATAATCACACCATCGACAGGCGAACGAATATAAGTCCGATCCAGATCCAGTTTGACCTGTTCCAGACTCGACTGTGATTGCAGTACTTTAGATTCGCCGACCAGAATGGCGGCCTTAGCCGTATCAATGCTTACCTTGGTCAGTTCATAGGCGGTTTCGCTGATATCCAGTTCCGATTCACTGACCAGATTTTTACTGCGCAGCTCGCGGGTACGTTGAAATTCCCGCTCCGCCAGCGCTTCTTCGGCTTTGGCCTTGACCAAAGCCGCCTTTAGCTGCGCTAATGACGCCTGGGACGACGCCAAGTCAGCTTCACTCTGTTTAAGGCGGGATTGCACTGTGCGATCATCAATACGGGCAATCACCTGGCCGCTGGTAACAACATCGTTAAAATCGACATTCAATTGGGAAATCAGGCCAGATAATTCAGAGCCCACATCAACTGTTACCACCGGCGATATAGCACCTGACGAGTTGACAGTGCTTTCAATATTGCCCAACGACAAAGGCTGAGTATGGTACTTAATTTGTTGCTCGGTTTGCTGCGGCTCAATAAACCACCAAATCACCACAGCGAAGATCGCAAACAAGACCAATATTTTTGTTACAGACAGCTTGTTCATAGACAGCATATTCAAATTCAAGACTTAACAGGAGTGCGATTAAATCACGAATTATACGACAATACTGTCAGATTTTTGTAAAGCCAGCGACGGAATCTGTTTCAGTAAATAACCATCGCTAAAACCGTCTTACAACCCCAACCGGTATTTAATTTGCTGTGCCAGTCGTTCGACATTAGCCCGGCCTTCATCGATCAGTTCTTCAGCTCGATGAAACTCCATAATGCCTACACGCCCCAGCTGAGGCTCAAGCAAGATATCGGGTGGCTCGCCAGCTAAACGAGAACGAGTGACCCGATCCTGCATAATATCCAGTGCACCGGACATGGTGCCAATCATGGTGGGGGATTTTTTGGGGCGGGGTAAGTTAAGATTATCACCTTCTCCAATCGGTGTTTTCTGCTCTTCGACATCTTTTTGGCGACTTTCATCACCCCACCATTGCGCAACCACACTTTTGCTCTTGCTTAAAAAATTAGAAAATTGATCTTCACTGGATTTTTGATCTTCTTCCAGTTGATCTTCATAGGCTGAATAAAAATTGGAATTCAGGTTAACTGCAATCACAATATCAGCGCCCATCTGACGGCAAAGAGACACCGGCACCGGATTTACCACCGCGCCATCCACCAGCCAGGTTCCACGATACCAGTGAGCTGGAAAAACAGCCGGAATCGAGCAGGATGCCCGTACCGCTTCGACCACATCACCATCGGTAAAAGACACTTCGCGGGCCCGATACAAATCAGTTGCCACTGCACCAAAGCGCTTGTGTAATTGCTGGATATCTTTAGGTACAAAGTCCTCCGCCAGTTTAGTAAAGACTTTTTCACCGGAAATTAATCCACCACGCTGGAATCCTACACCTAATAAACCAGCCACTTGCCATTCGGTAAAACTACTCACCCACTCCTTCAATTCAGGCAATTTATCGTTAGCAAAAGCCGCTCCGACATAAGCACCAATCGAACAACCGGCCACAATATCAAACTCAATCCCCAGCTCCTGCAACGCCTCAATAATACCAATATGCGCCCAACCACGAGCGGCACCACTTCCCAACGCCAAACCGATTTTTTTACTCATCCAGACTCCTTATTGAGAAATACATTATTCGTTTAGCAGCATGATAACTGACTTGCACAAGCCAGCACCATCTAATCGCAGTATCGCGCCAAAACAGGATTAAACGTTGAATGTGTCATTCACCGTTTATATTACTCTGCTAAACGTCTTGTTGTTGATAAACACAGTGGCAGCTTCAATACTCCCTGACTGTTCAATTTATCAACAATAAACTGCAAGGATGTAACAATAATGAAGCCGACAAGTATTGTAATCGCCGTCGTGACGTTAATGATTTTGTGTGGGGGTGTACAGGCCCAACCAGACAATATCGATTCAGATCCAGATAACACTGCAGTCGACTCACCTATTGTGGTCGGCAAATCCTACACATTTCGTTCATCCGTATTCGCTGGCGAAATGAACATATCAATTTCTGTATCCTTACCGGATAAATACTTGGAGGAAGAGCATAGCTATCCTGTTGTCTACGTATTAGAAGGGGACTATCTATTCGATGCCACCCGATCCATTAGCACCTTCATGGCCAGGCGAAGCCACATGCCATCCTCTATTGTCGTAGGTATTGAGGCGGGGACATTTGAGCATCGAAAGAATATGGCCGTGCGGTTGCACGGAGGGCAACCGGACAAATATGTGCGTTTTTTAAAAAACGAGTTGATTCCTTATATCGCACAACACTACCGCGCCAATTCCCATCGCACTTTGGTGGGACTGTCACCAACTAACGGCGTCGTATTTGACGCATTTCTCAATGAGCCAGGACTGTTTCGCGCTTATATCGCCCTAGCAACTCACTTTGAATGGCCCCCTGAAAAAGACACTCGATTAATTGATGAACTAATTAGCCGAATTAAAGATCCCGGCTATCCAGAAACTGTCTTATATATGGGCAGAGCAGACAGCGACCTTGAATCCAGTCAATACGTTCAACGTGCATTTGACGACGCGATAAATAAGCTGGGAAAAGTATCTAAATCTAATGTCATAAGCCAAATCGACGTGTTAAATAATGAAGAGCACTATCTTATGTCTTTAGCAGGATTAAGGCGGGGATTTCGGTTGATCTTTCCCTATAACCAGATCATGTATTCGCCCACGGTATCTACCTCTGCAGATCCTGCCAAGACACTTAAACAAGAATATCAGCGTCGCTCGACGGTATATGGATTTGATGTTTACCCTGCAGAAGACGGCTACAATTTCAATGATCATTTATTAGGTCTGGTGACAATATTTGAAAAAGCCAGCAAGTATGCACAAGCTATTGATATGCTTAATCTTACGATTGATTATTATCCAAATTCAGCCAACGCACATATGAGATTGGCCAAGATTTATCACCTGACTAACGACAAGCAAAAAGCGATTAAATACGCTGAAAAGGCAATATATTTGGCAAAACAGTTTCACCCGGTACTGGTGGAGCAATTCAATAACCAGTTGAGTCAGTTTAACCGACTATAGTTAAATAAATTAACCGCATAACCTACAAGACTCAACAGTCGAAGAAACAGGATTACGATCATGCAAAACCTCAGTCG
NZ_CP150481.1_gap111	3903925	3906074	2149	GGTGCAGCGGCCAACGCCAATACCAGTCAGGATCGGACCGAGTACCATATGACCGGCAATGCCGAAAAACTGGAACTGATGTTTGAACTGGAAGCCGATCGTTTCCAGAACCTGAATTACTCGGAACATGAATTTAAAACCGAAGCTGGCGCGGTAAAAGGTGAGTACACCAAAAACTTTGCCAGCCCGTATAGCCAAATTAACGAAAAACTGTCCGAGACCGCTTTTACTACCCATACCTACTCACACACCACCATGGGGTATTTTAAAGATATCGTCGATATGCCCAATCAGTATGAGTATTCCAAAACCTTTTTTGATCGCTACTATCGTCCCGAGTACAACACCATTCTGGTGGTGGGTGATGTCACCGCCAAACAGGTTAATGACCTGGCCGAAAAATACTTCGGTGACTGGCAACATGGCAGCTATGTATCCAAAGTGCCGACGGAACCGCAGCAGACCGAAACCCGTTATACCCACTTGCAAAACGGCTCTATTCCGCCTTATTTCAGTATGAATTACAAAGGTCCGGCGTTTAGTGATAAACAAATCGATATGCCGGCTTTGGATGTGTTGTCATCAATGGTCTTTTCACCCACCTCGGATTTATATAAAAAACTGGTGATTGATGAGCAGAAAGTCCGCTTTATCGGCGGCGGGGCGCAGGATAGCCGTGACCCTAACCTGTTCAGTATTCAGGTATCCATGGTAAATAAAGACGATATGCCTTATGTGAAGGATGAAATCGAAAAAGCCATTGCCAAAGTGCAAACTGAAGGCGTCGATCCGGTTAAATTGCAGCGCACCAAATCCAACCTGAAATACAGTTTTGCCATGAGCATCGACACACCAACTGCTATTGCCCAATCGCTAAGCCACTATATTCAACTAACCGGCGATCCCGAATCCATCAATCGACTCTATGCGTTATATGACGATGTGAGTGAAGCGGATGTCAAAATGGTGGCAAACAGATATTTTGACCCGACCCGACTGACCATCGCCACTATCAGCGAAGACGAACAAGGAGCTTTACAATGAACACATTACTAAAAAATACCATTGTACTGCTGGTACTGCTTTTTACAGTCCAGGCACAGGCGCTGGATGTCGTCGAACTGAAACAACCCAATTCCAATAAAGTGGTAATCAAGGTTCGATTTGAGAATGGCTCGGTATCCGATCCTGCTGAATTAGCCGGATTAACCTATGCGACCGCATCGCTAATGACACAAGGTGGCGCCGGCGGTATGAGTTACGCCGATATTCAGGATAAAATCTACCCTTGGGCGGCCAGTTATAGCGCCAATGCAGATAAACAAGTAGTTACCTTTACCTTTCAGGTACCCAGCAAATTTATTGATCAGTTCTATCCGCTAGTCAAAAATGTACTGCTTGCGCCGGATTTTACAGAAAGCGATTTCGAACGGGTGATGAAGAACCAGCAGAACTATGTGGATCAGGTTGTACGAGCCTCCTCGGACGAAGATTACAGTAAATTCGCGTTGGAAGATTTATTGTTCCGGGGCGGCAATATGCAGCATTTATTGCAAGGTACATCGGCATCGGTCAAAAATATCGGCTTAGCCGATATTAAAACGTTTTATCAACAAGCCTTTACCCGCCATAACGTCTCGTTAGGAATTGCCGGCAATTACGATGATACGCTGCTGACCAAGTTAAAAGCCGATCTCGCCCAACTTTCTGACTCGGCGTTTACACCGGCAACGCCATCCAAAGCCAATCAGGCTAAGGGTATTGAAGTGGAAATCATCGCCAAAGACGGCGCGTTTGGTTCGGCCATATTCACCGGCGCGCCTTTACCTATCACCCGTGCCGATGATGACTTCGCTGCGTTGATGATCGCTAACTCCTGGATGGGCGAGCATCGCAAATCCTATTCGCGTTTGTATCAAAAAATCCGCCAAACCCGCTCGATGAATTACGGCGATTATTCCTATATTGAATGGTATGACAATGGCGGGCGCAATCAGCTGCCACCAGCAGGCGTGCCGCGTGCATCCAATTACTGGTCAATCTGGATCCGGCCGGTACAAATTGCCGAGCAACTAAAAGCCCAATATCAGGAGTTATCTGATATCAACATCGGCCATGCTCATTTCGCCCTGCGTCTGGCACTACGCGA
NZ_CP150481.1_gap112	4085589	4086380	791	GCCTTACTCCTTTTAAGCCAAAAAAAGAGACAAATAGAAGACCGATTGCTAACAAAAATTTATAACCGATTGATTTATTAGCGCGAGCCTCTCGCTCTGGTGAATTGAGATACTCTTGCTCTTTTTTCTTTAAATAGTCAACTTCGTATTCTGGGATAGAACCTTCCTCCGTTATTTCTTCATATTGTCGCTTATATGACTGTGTAAGATCTGAAGGCGCAGGATTTGTTAAAGACCTAGAATTCCAAGTTAGTAGAGCCAATAAAATTAAAGTTACAGTAGTTCGAAAAATGTTCATTGAAAAATATAACGCCTTACTAATGGGCGCATAAATGCTTGGCTAAAATTAGCGACGAAGGGGCACAAGCCAAGCGTTTTGCTTCCTTTTGAGTAACTTGTTATGAATCACCTACTTTAGGCAAAGAACTTTTGTTTAAGACCTTGAACGTAAGTAAATCTATAACCATTGAATACACTTCATTATTGTTGATAAAAACAACAAAAAGATTACCTTCAGAATTTAAACTAGATTCAACTATGCGGTTATACCCTGAAATAATTTCTGTATATCCTGAGCCGTCCACTTTACTTAAGGCAAATGTACGTTTATCTGTATAATCCAACTTACTATCTTTATTGGTATCGCTATTTATAACCTCATAGGATATTCCACGTGTAATTGAATTTTTGTTAAATTCATTATTAACTAAAGGATTAATATCAATAATTAGTTGTTCAATTGAATCAAATAACCATACGGCTTGATTTGTATTTCCATTTATCAAAAGAAC
NZ_CP150481.1_gap113	4087565	4091302	3737	GTACTGCTCTTCTTTTAATTTAGATCGATAAGCGTTTAATTCACTTTCCTGCTTCTCAATAATTTCCCTGTAGTGAGACAGCTCTTTTTCTCGCTCGATAAAGTATCTATTTTTATCGCTAGCTATTTCACGCTTACGCTCATCATCCATTCTTTCTTGCATAAGAAGAGTTCTCGCTTAATTTAGGTATAACAGTGTATTAGCGCGACCTTACAAGCTCGTCTACCTTGTAAGGTAGGGGGGACTTATGTATCGATTCACTAATAGAGTTTCAAGAAATTTTAATAAATCAAACAGTAATCAAAAACAACAAGCCCAGCAAGAGAATGATGGAACCAATCCGGTGCAAAAAAATTCCCAACTTGAGAGGGTAGTAATTATTACCGACTATGACAGTGGGGAGCCAGTAACGCTCAAATTAGAGTTATTCAAAACTGACCGTATTGACTGCTACAAGGTTTTTGTTGACGGGAGACTTTGGAAAGAACGAATTGGATGGAGCAATATTCTAATAGGGATAAGAAAAGCCCTGCCTAGATTACTCAGGGTGTTAATGACTATAATTCGCTCATAACTGCCTGTCAGGGAGAATCTAACCTACTTAGCAAAAGTGTCAGATCAGATATGAGCCACTACACGTTATTCATCCTCCATATACTCCAGAATATCCCCCGGCTGACAGTCCAATACCTTGCAAATCAGTTCAAGGGTGGCAAAGCGTACTCCCTTAACCTTGCCTGTGCGTAGCAGCGACAAGTTTTGCTCGGTGATCCCGACAGCGGTGGCCAGTTCCTTGCCACGAATCTTACGCTTGGCTAGCATCACATCCAGATTAACCACAATCGCCATTGTCCCGCCTCCTTAAAATTGTGCCACCTCTTAAATAAACTGCTTGTTCTCATCCTCAAGTTTGTTGCCTTTAATTAACAACTCACTCATTACCCATAAAATCATTGCCAGAGCCACCATTTTGATTTCATCACTGCCCACTGAAAGCGTTAACATTTTTTGCCCGGCCGGATGATTCCACGACAACAGCAGACTTGAAAGCGCCAAATGCACAGGTTTGGCGAGCGCCTGAATAAACAACATGATTGAGAACCAGCGCAGATCGCGACTATTGCTCAGATTAAACAACTCACCTTTGGCAAAGTTGGCAAAAGCGCGGCGCAGAAAATACAAGCCCACCACAGCAATCGCAACGTAAAGTACGCTAAGCAGCCATAACCCCTGCCACTGACCGGGTGTCACACTATGCCATTGAATTGGCAGGTTGAGACTGTTTCTGGCCAGTGCGATAAACGCATCAAGATCGACGAACAAGTACGCAGCGACAACAGGAGTGATAACCATGATGACCAGACATCCCCAGGCAATCAGCAAAGACAATTGACGGACCATATTCCTTCCTTAACAGAGTTGACATGATTGTAATATAGCAATAAATTATCGTTTTACAATCATTTCATTAATAAGAGATCGATATATGAAACGCTTATTCAAGGTCACAATATGGTTACTAGTGATGTTTTCTTCATTTAATACGGCTGCTTTAACCGCAGAACAGTTTAACCAAATCTGTCAATCTACCCCGGGTGATTGCGGTAATAATGGTACGTTGCAAGCCTACGTCGGTGGCGCTCTGGATTTACTCGCGACATTAAATGAGCAGACAAACTATCTGGATAAACTATATTGCAAGCAATCCAAACAATTATTCGACGTGGCGGCAATCATCGGTTTTATTCAGACCCATAGTAACGAATCGCAACAACAGAATGCGATGTTATTAATGGTTCGCTATTTTGAGCAAAACGGGGGATGTAAAGACAATGAATAAATTCCTGATACTAGTGGCACTCAGTCAAATAACGGCCTGCAGTAACAGGGCGGTATATGAAAATATGCAACAACATCAACGTATTCAATGCCTGGATGAACTGCCGTCCGTTTATCAGGAGTGTATCGAGCGAACCAAAAAATCCTATGAAGAATATAAGCGTGAACGCCAAGAGGTGGTAAAGGAATAATGCACCGATATTTAAACCTAAATAATTAGGTTACTTTACGTATTATTCTGACAAATTTTTAAGCACAATATTATTTGAATATGCTCAACCCAAAAGCTACTGACCAAGGATCAATATGTTAACTCGCTTTCTTATCGGCATTGTAACCATCACTTTTTCATTGGCAGGATTAGCGGCACAAGTGCAGGATGCTTTCCCCGATAAGATAAACCCCAAGCATAACTATGTGTTCTACTCCCACGGTTTTATTGTTGAGGGAGAAAATGCCACGCCTGTTCACCCAAGATGGGGGAAATATGACTTTCCCGCTGTTAAAAACCAATTAAGTGATGATGGCTACCAGTTGATCGCCTATCACCGCCCAAAAGATACTGATCCGCGCGAACATGCAGCATTATTGGCAAAAAACGTTAATCAGCTGATTGACGCAGGTGTACCCCCGCAACATATCGCGCTGGTCGGTTTTTCGCGCGGGGGCTTTATTACTATTGTGGCTTCCAATCAATTAAAGAATAGCCAGGTCAACTTTGCCATTTTGGCCGGTTGTGGTGATTCGATAATCAACCATCCGGAGTTTCAATTCTATGGACGCATTTTATCCATTTATGAAACCTCGGATCAGATTGGTTCCTGTGATGCTGTTAACCAGCGTAGTAATAACGCGACCACTTATACTGAGTTGTCCATTTCTACCGGCAAAGAACATGGCGCTTTTTACCTTCCCCGCGAGGAATGGCTAGTACCGCTAAAACAGTGGCTAAAGGGCGCATTCAATCAGCACTAACATCTTGCCGAATCTATTCGCCCGCATCTAACTTTTTCGCCCTACGCACCATATGTTATAAGCCCGGCCGATAAAAATACCACTAAAGCCCCCGTACAAAACACTGCACACAACAATAAAGGTTTGATGATGCAACATCTCCGGATTAAGGGCAGACAGGACACCGACGGTATATTTAGTGAAAAATATTGCCATCATTAGCATTAAGGGGATCCAACTACCGTTAATGGAGTATTTGCCATGAGTGGGGTCATAATTAACCCCTTGGGCAGTAAAGAATTTTGCCAAAACAATAGCCGTTAGAGCCAAGCTTGCCAGCCACAGGGTCATTGGCATGATTGCAGTACCAAAGCTAGTCAACATACCAAAATAAGACAGCGCAACCATACCTATCGGAAGCAGAAAAATAACATGACTTTTAACCGTACGGTTGCGGCTCTGCTGCCAACCTAAATAAATTAACAACACAAACAAGCCAAAAACCCATAAAGGGGTATGAGTGAGTATTTCAATCAACATTATTACTTCTCTTTTTATATCTAATTTAGTCAGATGATCTATTGATGTGATAGCAGACTATAAAGCAAGAGCAGCAAAATTGCAGGGAGGACGAAAAATAATTCAAGAACAATTATTTTCTTTATAAATCAAGGTTATAGAATTTATGTTCTTCTTAGTTTACATTTAAAGCGTGTTCGGTTTTAGTGATTCTGCATACTTAAAATACTTAAAACGCCGTTGGTACTGAACGTCTCCGGCAAGCTTATATCGGGGCGATATACTCTTCTTGCCTTGATGCTAATCAAAGCAATTTATTCGCCCGTATCCAAATCAAACTTTTTGACTGCCTGTTCAATCAGCGTGTCCGATTCACCCCGTGAAGTCAGCTCCATGCCACCGGCCGACAGGCTAAAACTGCCCAG
NZ_CP150481.1_gap114	4104409	4108018	3609	AATGTGATTAGCATGGGGCCTTTCCCGGCGTTGATGGAAAAACGTCAGGGGCGCTATCGTATGCAACTGTTGTTGCAAAGTCCCAATCGAGCCAGCTTGCAAAAGACGTTGTTTCAGGCGATCCCGCAAATTGAATTACTGCCTGAGAGCAGCAAGGTGCGCTGGTCGGTAGATGTCGATCCGCAGGATTTCAGCTAATCGCCTGCTATTTGCATATTTAGCAAACAATGAATCCAGCATTTTTGTTGAGTTTATGGCATACTATGCGCCGAAATTTCGCCCTGCTCCTGTAAAACCGGAATCCTGGGCTGTCCGATATCGCTAACCCCGGGAACACAACTTTGCTTACTTCATCCAATATCACCATGCAATTTGGCGCCAAGCCATTATTTGAAAACGTCTCTGTTAAATTTGGCGACGGCAACCGTTATGGCCTGATCGGTGCCAACGGCTGCGGCAAATCAACTTTTATGAAAATTCTGGGCAGCGATCTGGAGCCCTCATCCGGTAATGTCTCCAAAGACCCCAATGAACGTATTGGTAAGCTGAAACAGGATCAGTTTGCTTACGAAAAGTTCTCGGTGGTCGATACCGTTATCATGGGCCATGAAGAATTATGGGCGGTCAAATCCGAGCGTGACGCCATCTATGCCAAACCCGAAATGAGTGAAGAAGATGGCATGCGCGCCGGCGATCTGGAATCCGAGTTTATGGAAATGGACGGCTACACCGCCGAAGCGCGTGCCGGTGAATTACTGTCCGGGTTGGGGATTCCGGTCGAGCAACATTTTGGCCCGATGAGCGAAATCGCCCCGGGCTGGAAACTGCGGGTATTGCTGGCACAGGTACTGTTTGCCGACCCGGATATCATGCTACTCGACGAACCAACCAACAACCTGGACATAAACAGTATTCGCTGGCTGGAAGAAATTCTTAATGCGCGCAATTGCACCATGATTATTATTTCGCACGATCGCCACTTCCTGAACAGTGTATGCACCCATATGGCCGATCTGGACTATGGCGAATTACGGGTTTTTCCGGGCAACTACGATGAATATATGACGGCGGCGACCCAGGCCAGAGAGCGCCTGCTAGCGGATAATGCCAAGAAAAAGGCCCAAATTGCCGAGCTCAAGACCTTTGTCAGCCGCTTCTCGGCTAACGCCTCCAAATCCAAGCAAGCCACTTCCCGGGCTAAGCAAATTGACAAAATTGAACTGACTGAAGTTAAGCCTTCCAGCCGCCAGAATCCGTTTATTCGTTTTGAACAAACTAAAAAACTGCATCGTCAGGCACTGGAAATAGAAGGTCTGGCCAAACGCTTTGATGAAGAGCTGTTCTCCGGTTTTAATTTGATGGTGGAAGTGGGCGAACGTATTGCGGTTATTGGACCAAACGGTATTGGTAAATCCACCTTGCTGAAGTGTCTGGTTGGCGATCTTGAACCTTCTGCGGGCAATATCAAATGGTCAGAAAACTCTAATATCGGCTATTACGCACAAGATCACGCCCATGATTTCGAGCAGGACATGAATTTGATGGACTGGATGTATCAGTGGGGTCAGGAAGGTGACGACGAACAAGTGATGCGCGGTACCTTAGGTCGTTTACTATTTTCTCAGAATGATATCAACAAGTCGGTTAAAGTGATTTCCGGTGGTGAACAGGGCCGTATGCTGTTTGGCAAACTGATGCTGCAAAAACCCAATATACTGGTGATGGACGAGCCGACCAACCACCTGGATATGGAATCGATCGAATCGTTGAATCTGGCGCTGGAGAATTACCCCGGCACCCTGATTTTTGTCAGCCATGACCGTGAATTTGTGTCCTCGCTGGCCACCCGGATTATTGAGCTGACCCCAACCGGTATTGTTGATTTCAACGGCAGTTACGAGGAATACTTGAAGAGTCAGGGTGTGCAGTAACACCAGCATCCTCAAGGCCCGCTTGAAGCGGGCTTTTTAATTTGCCAGCAAAGGTTCGATGTCCTCGGCAGGCATAGGTTTATAGAAGTAAAAACCCTGAAACACCGTACAGCCTTTTTCAGTCAAAAAATTAAGCTGCTGGATGGTTTCCACGCCTTCGGCCACCACCTCAAGCTCCAGATTGTTAGCCAGACTAATAATGGTGGCGCATATTTGCCCATCCTCGACAATACTGGCGCATTCATCGACAAACGAACGATCAATTTTCAGTACGTCAATAGGTAAACGTTTTAGATAATTCAGCGACGAATAGCCGGTACCAAAATCATCGATAGAAATCTTGATCCCCAGGCCTTGCAATTCATCCATTGCCCGAATGCAGTGTTCAATATCGGTTACCAGCACCCCTTCGGTAATTTCAAATTCCAGTCGGCTGCCCGTTATCTGATACCTGTCCAGCGCTTCACGTATAAAGGGTAACAAGGTATCCGAAATCAGCTGCTTGCCAGACAGATTAATCGATATCGGGATCGGCGCTATTTGCTGCTGTTGCCAATGCTGCATTTGTGCCAGCACCAGTTGAATCACTTTTTCGCCAATGCTGATGATTAAATTGGATTGCTCGGCCAACGGGATAAACTCGGCTGGCGAAATAACGCCTTCGGTAGGATGGGTCCATCGGACCAGCGCTTCCAGCCCGACAATATGTCGGTCGTGGTCTACTTTAGGCTGGTAGACCACCGAAATCTGTTGATCGGTTAGCAGTGCCTGACGCATTTCCTGTTCAAAGTTGAATTCGCGCGCAGACTGATTGGCCATCTCCTGTTTAAACAGCTGATAGTTGTCCCTGCCGTTTTGCTTGGCATGATACATGGCAATATCGGCTTGTTGCACTAACTGTCCGGCTTGCGTCTTGTCCACCTCGGACAAGGCAATACCTATGCTGGTAGGAATACTGATTTCACGCCCCTGCAGTTCAACCGGTTCGCGCATCACGGTTAAAATTTCTTGTGCCTTGTTCTGCACAAAATCAACTGTCACCCCTTGCTCAATCAAGATAACAAACTCATCGCCGCCCCAGCGGGCGATAACATCACTCTGCCGCGTTACCCGACTTAATCGGCTTGCTACTTCTCTGAGCAAATCATCGCCTGCATTGTGGCCCAGCGTGTCATTGATTTTTTTGAAACGATCCAGATCCATAAAAAACACCGCCAGCAAGGTATTGGAGCCTTCAGGTTGGCGGATAATACGATTCAGCCTGTCGATGAGATAGGTACGATTGTATAGGCCGGTCAGCGGGTCACTGTAGGCCATGCTTTTCAGTTTATCCTGCAACTTCTGCTGCCGGGTTACATCACGTACATGAAAAGTAAACTCGTTTTTCAGCTCGCCGCCCAACTCTGCGCCGGTAATGGTAATTTCGGCCGGAAAAATATCACCGGAACTGCGACATAAATGAATTGAGTTACGCCGGTTACGCAACAATCCCTGAGAAGCAGAAAACTTGTGCGACAGACTGTCCCTGATATTCTGCTGCTCGGATTGCTGAACGAACAGATCAATAAAATTCAGACCCTCGACCTGATGTTTAAGGTAGCCAAACATCTTTTCCGCTGAAGGATTAAATTCCAGAATGCAGCCGGTTAAATCAATACTGACAATGCTGTCCATCGCT
NZ_CP150481.1_gap115	4136716	4139046	2330	GCTATCTACTTCTAAAGACTGGTTATTGTCGAAATCTACTGTCAGGCTACCATCGCTATTCTTGCTCACTGATTTCACCTGATGATGAGCTAACAATGTAGGGCCATCTTCGCCCATTAATTCCACCAGGGTATCACTTATCAGCGGATCAAACTGACGCAACGGCTTATCGTGCCGCACGGCCAGATGCGTTTGACTACCAAGTGAATGCATCACACCGGCAAGTTCCACCGCAATATAACCGGCGCCAACAACAAGTACTCTTTCAGGTTGCTGCTGCAGTGCAAAAAAACCATCGGAATCAATACCCAACTCTGCGCCGGGAATATCCGGTAATACCGGACGGCCACCAGTGGCGATAAGAATATGTTCAGCTCGATATTGCTGGCCATCCACTTCAAGGGTATTGGCATCAATAAAACGCGCAAAGCCGTTAATTACAGTCACGTTATTGTTACCCAGCACCCTGTCATATGAGGCATGGATCCGCTCAATATAGGCTTGACGGCTGGCAACCAGACGACTCCAGTCAAACGCTTTGAGCTCCACGTCAAAACCGTAATCAGTGGAATATTTATGGATTGCTTCGGCGACTTGCGCCCCAAACCACATGGTTTTCTTTGGTACACAGCCTACATTTACACAGGTGCCACCCATTTGTTTAGCTTCAATGATGGCTACCTTTTTGCCGTGTTTGGCCGCGCGGTTAGCCGATGCAATCCCGCCACTGCCACCGCCAATACAGATATAGTCAAATGTTGTCATTAAGACTCCTCAGCCAAGCAAATTTATTTCATTGATGATACAGGCCGCCAATGATGACACAGGCAAAAAAAAAGCCAAAACTTTCGTTTTGGCTTATTTTAGATTAGCAATATTTACCGCGAAAAGCGTTAACGCTTTAAACGGTAACCCACCGATAATCCGAGTACCAGGACCAGCCAGCCAAAGCTACCACCACCCGATGAACCGGAAGAATTATCCACTGAATCAATGAGTGTATTCGGTGTAGGTGTAATTTCAGGATGAGTTGTTACATCGGCATCAATCACCACAATATCATTAATCATCACCAGATTTTGTTCAGTGAGAGCAACACCATTATCAGCATCTTCTTCAGTAAAATCACGCAGCGGCATATTGTCGAATGCATCCCCCAAATTAAATCGGGGTAACGCCGCAATAGCATCAACCACATCCATTCCATCCCCCAGTACCTGCCCAAAAACGGTAAAACCACCATTTTGCACATCCAGGTTAGCGCTGTTGTCATCCAGATTGACAAACCATTGTGATGTCGCGCTATTAGGCTTGCCCCCTAATTTCGCCATCGCCAGCGTACCACGCACATTAGACAGTTCAGGCTCATTGGCGACTGCCGCACTGGTAACAACCTCTGTGATTGGAAAGTCATCTTCGAATTTAAAACCGCCGGATTGCACCACAAAATCAGGCATAGAACGATGCACTACGGTGTGGAAATATTCTCCAGAATTGACATAAGCCAAAAAGTTTTCGACTGTTTTTGGGGTAGCATTGTCAAACAGATTGACTTGAAAACTGCCCATGGAAGTTTGTACTTCAACCACCGTAGCTGATGACGTGAAACTGGTTAATCCGATCATTAACGCGATAGATGCGAACTTTAATTTTGTAATTTGATGCATTGAACAATAACCCTGTAAAAATTTTTACGCACCATAAGGCAATGCCTGCCGAGAAAATAGAGATGATATGATTTATTTTGATCCAATTTGTAATCCGCGCTTGAGAAAACAGCAGAGATAAAAACAAATTCATATTAACCACGGAGGCACGGAGCTCACAGAGAAAAACTGTTCACGCTGTCACTCTGGGGAGGTTGTCACCCCGGTAGTCTTTTGGGCCGGGGTCCATTGTTTACCGCTAGCTACGGGCTAAAGCCTCGACCTACAGGTGTTACATGCCAATGTAGGTCGGCATTTATGCCGTCAAAAAGCGCTGGATCTCCGCCAACAACACGCGGGGATGACGGACCAAAACCGAGCGCTCACTAAGCCGCAGCGCGCGCAGAGATAAAAACAACCCCATATTGACCACGAAGGCACGGAGCTCACAAAGATAATAAATATCGGGTTAGAGCCACGGCATACAAAAATAACGGGGGTTTTCTTTAGCTCGCGGCTTAATTGATTCACCCTTCGACTATTCGTACCTCATGCTCAGGATGAACGGTATCAATTTACCCATCCTGCAATCTATGGGTATCATTTTCTCTACTCCGTGATGGGTGTTTCTTTGCGCCCACTGCGCCTCTGCGTGATCAATCTTTTAGCTTGTGGCTCAAAGCC
NZ_CP150481.1_gap116	4141003	4144921	3918	TGAAGACGAAGGAATCTTCAATCCACAAACCGGTCTGGATTTTCTGACTAACATTCTGGAGATGGGCGGCTGCCGCGAGCCAATGGAATTGTTTGTCGCCTTTCGTGGGCGCGAACCCAAGGTAGATGCATTGTTAAGGCATTCCGGGATCACTACTGCATAACATATCGGAATAAAGCAACGTAAACGCCGTTAAAGTTTATTTAACGGCGTTGCGTCAAAGCGTATTTATTCCGAATTCAGGTTATTTGACCAGTTTGACAATATCCGCTTTTAACGCGACACCAGCAACAAAGGTTCCAGCACCACATTCAAATTCGCTACTGCTGACGAATTCCTGATGTTTGTAATTAGACTTGATATTGATAACTGCATTCATTCCTTCCTGAATCGCACGCTCTTGCAGGCTTTTCAGCGCAGATAACAACACCCATTGACAGGCTTCCTGATCTGACTTGTTAAACGCATTGGTTTTTCTGCTGGTGGTTGCCTCACCCCATTTTTTTTCTACCGCGCCATGTTGTTGACCGGCAAAAAACACCGGGATATCCAGTAACGCTTCTTTAGCTTTTTCTGTTTTCAAAAATTCTTCAAAAGGAAACTTCAACCGATCATCCCTTGCCATTGCCTGGGTTGAAAGTGTCATTCCTATCATTGCACAAACGATTAAAATATTTTTCATTCCTTTCCTCCATCATGTGTTAAAAATATCCATGCTACTGCCAGACCAAAGCCACTTTGATGGCTGACGGCCAACAACGAACTTTGTCGGTTAGCGGCTCCCTCAAAGGAGTCATACTTGGCATACAATCCTAGCCATAATTGTTGGTAACGCCAAGTTAAACCTAACGATAGACGGGTATAACTCACACCTGAACGCGCCTGCCAATAATGGCGGTCAGCGGTGACATATTGCTGCTCCACGCCATAATAAAACTGATGGTAACGATGATCGGCAAAATTCAGACTCAATTCGGACTGCAGTGCCATTTTACCAAACCCCACAACGGACGAAATATCTTGTTGCCAACCAATGCCCAGTTCCGAACGCCAACCGACGTTAACTAATTTTCCTGAACGCCAGGACGTAGCTTTACGAACTTGCCACTTCACCTGCCAGTTTCGATTCAAATCATAAATCAGTGAGGGCCCCAGTTCTCCAACCCATCCCAACTCTGGCATGCCATCACGCGCCTTGCCTTCATCATTGTCGACCGGGATGGTGCCTGAGGCAGACAGGGATATGCGAAACTGGCCACTGTCGAATAACTCACCTTTAATCGCCTGCCTATCGATTGTCAGCTTATCATCCCGGTAATCGATATAAGGAAAAGGTAACACAAAACCACGTGCCTGTGCCGAACCGGGGTACTCCGGAATTTGTCCTGCGACCAGTCCGGCACCGACTTCCAGAAAATAATCTTCTGAGGCCTGACATAGCGTACTATGCGCTAATAACACAGTGGCCAACCATCCACATGCTAGAACAAATTTACTCATTCCAGCGTTTAAATATCAAAGAAGTATTAATGCCGCCAAAAGCAAAATTATTGCTCATGACAATGTCGGTACTGATTTGCCGTCCACCGGATGTCAAGTAATCCAGTTCCGCACAACGAGGATCAATATTGCTCAGATTAATTGTCGGTGCAAACCATCCACTTAACATCATTTCGATACTGGCCCAGGCTTCTATCGCTCCGCAGGCTCCTAACGTATGGCCAAGATAACTTTTTAGTGAACTGATCGGCACGGCTCTGCCCAATGCCTGGCGAGTGGCCTGGGTCTCGGCAATATCACCGGCTTCGGTAGCGGTACCATGTCCATTAACATAGCCTATTTCATTAGCGGGTATATCTGCGTCCTGCAACGCAAGTTGAATCGCCTGGCTCATCGTTTCCGCTGTAGGCTGGGTAACATGTTGACCATCCGCATTAGTACCAAAGCCAATCACCTCGGCAATAATATTGGCGCCCCGAGCTTTAGCGTGCTCAAGCTCTTCCAGAATAAAAGTACCGGCCCCCTCCCCTAAAACCAGACCGTCGCGATCTTTATCGTAGGGTTGCGGGGTCAAGTTCGGCGTATTATTTTTGGTACTGGTAGCATACAGGGTGTCAAACACTGCTGCCTCAGTGACACAAAGCTCTTCTGCTCCGCCGGCAATCATTACTTTCTGTTTACCAAACTTAATCGCTTCATAGGCATAACCAATACCCTGGGACGCAGAAGTACAGGCCGAACTGGTGGTAATAATCCGTCCCTTGGTGGAAAAATACACGCCCAGATTGACTGCCGTAGTATGTGCCATCATCTGTATATAACTGGTTGCGGTCACACCGCTCATACTACGATTGGCGATCAGATTACCAAATGCGGTCAAAGGCTGAGTCGAACCTGTTGATGATCCGTACGCAATGCCGGTTGAGCCATTGGTCAGAACAGGATCGTCTGTCAGGTGAGCCTGTTGGAGAGCCTGCTCAGTGGCGGCTGTTGCCATTAGGGAAACACGCCCCATCGAGCGCACTTTTTTACGACTGAAATGGGCGGGTTTAACAAACTCCACGGGCGCGGCGATACGAGTACCTAAATCTTCAACATCCTGCCAGTCAGGCATGTATTTAACTGCATTTTGCTCCAGGCGCAATCCCTGCTCAAAGGTATGCCAGTCATTCCCCAGAGCCGACACCACTGACATGCCGGTTACTACCACTCTATTCATCAACTTAATCCACCATCCACCGCCATGACTTGTCGGGTGACATAACTTGCCGCATCGGACATTAAAAAGCCCACCATCGCAGCAACATCCCGGGCTTGTCCCATCCTGCGCAATGGAATGTGTTTAACCATTTCCTGGACTGGCAACTCTTCAATCATATCGGTTTCAATCAAACCCGGGGCTACACAGTTAACGGTAATTTTCCGTTTGGCCAATTCCAGAGCCAACGACTTGGTTGCACCAATTAAACCCGCTTTGGACGCACTGTAATTCACCTGTCCACGATTCCCCAAAATCCCGGATACCGACGCAACAGAAACAATACGTCCACCCTGTCTGGCCTGCACCATGGGCATCACTAGCGGCTGAAGCACATTGTAGAAACCATCCAGATTGGTGCGCATCACCAGATCCCAATCTTCTGCCGGCATAGCCGGAAACGCGTTGTCACGCGTAATACCCGCATTACAAACCACCCCATAGTAAGCACCTTTATCTGTCACTTGTTGATTCAGTACTTGTTGCACTTGCTGCCGATCAGACAGGTCGAATTGTACAATATCAGGACAGTTGGCAAACTCTGCTATCTGTTGCTGGATTTGTTGCGCACCGGCAAGGTCCGAACGACAATGCAATGTGACATCGAACCCGTCGTGCGCCAATTGCAAGGCAATGGCTTTACCTATACCTTTACTTGAGCCGGTTACCAATACTCTTCTGTTCATACTCAATCCTTTAATTTATTGGCTCTGCTGAATATATGAGGCGCTATCTTTTGGCTGAAAGGTATTCACTTTTGCCTCTGCCAATAGCCTGTCCCGCTGCAGAATCTGGCAATCAAAAACACTTAATCCGGATTCCTCCTGATAGAGCAGCGTTACCTTAATTGTCAGTTCCATGCCTTTGGCAAAGCCATCACAAAAACTGCGATACTTACGGCTCCCTAACAAAAACCCGACCTGTATCTGATGGCCTTGATCTTTTTCATGTGCTCCCGCGTAGGCCGCAATGGACTGCGCCATATATTCGATACCGACATGATTAGGCACAAGCTGACGTTCCTGATCAAAAAACGGGCTGTCGGAACAGATGGCCACTCGACAGACAGCCGTTTGCTGATCGAAGCTGACAAGTTCATCCAGTAATATCATCGGCGCACGATGCGGAATAACATTTTCAATTAAATACATCGTTTTTTT
NZ_CP150481.1_gap117	4168954	4171948	2994	TGGCAGCCAGTACCAAGTGAGCAACTGTCATTTGGCATGACCACTGCGTCATTCTGGTTTAGTTTTTCAGTCAATCATTTGGATCAAGCAAAAAAATGGTTGCTGGAGTCAGAGTATCCACTGCTTGATCACCTCGACCTGTGGTTTTATACCGAATCCGACTTGCTGGCCGAATACCACTTAGGCGATGCGCTACCCTTTAATCAGCGTAACATTCTTAATGAGCGATTTTTGGTGCCCCTGCCCGAAACAAATCAACCTGTGAGGGTTATTGTTCATGCCCAAACCAGTGGTGCGATGAAACTGCCACTCAACATCTGGGATGAAGCGTCATATATGCTCTTCAGTGGCGAACATAACCTGATGACAGGTCTGTTTTTTGGCTTTATCGCCGCGCTGGCGCTAAGTAATTTTTTCTTTTTCGCCACTACAGGCTCAGTCAACTTTCTGATTTACAGCGCTTTTACCCTATGTCTGGGGCTCACCCTGGCAACGTTGCAAGGCCTGACTTTTAAATACCTATGGCCAGATAGCGTTTGGCTACAGAGCAAAAGCATCGCTGTTCTGGCCAATGCCACCTGTTTATTCGCTGTTGTTTTCACTTACCGGTTGCTGGATATCGGGCAGCACTCCAGGACCATCCATAGGTTGCTGCGCTATCTGGCTGCCAGTTTCGCTCTATCCTCTTTGGCCGCACTTTTTATTCCCTACAGCCTATTTGTCAAAGTATTCCTGGTCGCACTTAGTCTGTGCATTTTACTGCTTAGCATCGCCTGTCTGTGGCTGTGTATCAAACGGGTACGGTTAGCCAGAATCTATACCCTGGCCTGGATCCCGCTATTGGCCAGTGCGCTGCTGGCCAGTCTGGATACACTGGATTATATTAGCCTGTCGGTCCGCGCCGACTATTTGTTGATGGTCGGCGCCACGATTGAAACAACTTTGTTCGCGTTGGTACTGGCTCTGGACTACGGCCAGCAACGACAACAATTTATGGATGCTCATAATCAGGCACTGGCCAGTGAACGGGAGTTACGCCTGACACAAGAAAAAGTCAATGCAGTACAATTACAAGCTCGTGAAGAACTGGAGTATAGCGTTGGCGAGCGGACACTGGAGCTGGAAATAGCGCTACGGGAGCTGTCTGATAAAAATCGCGAACTGGAAGAAATTAATACTATCGATGCGCTTACCGGTATTCGTAATCGGCGTTATTTTGATAGAAAGTATATTGCCGAAGTACGCCGGAGCCGACGCGAACAGACTGAATTATCCATTGCAATGGTAGATATCGATCATTTTAAACAGGTAAATGATCAGTATGGGCATATGGTTGGCGATGAATGTATCCGCTTTGTGGCCCAAACCATTGCAGCTATTGTCAAACGCCCCAGCGATGATGTATGCCGTTATGGTGGTGAAGAGTTCGCCATTTTATTACCTAACACCGACCAGTCAGGTGCCATCTCGTTACTCGAACAACTAACTGAAACTTTCCGCAAAACGCCGGTTTCCACAGCCGCTGGAGACATCAAACTTACCATCAGTAGCGGCATTGCGACGAGTGTGATCCAGTTAGAACAAAATGATTTCAATCTGCTGGAAAGCGCTGACAAGGCTCTCTATCAGGCCAAAAATGAAGGTCGTGACCGGATTGTTTTCATTCCTTTATCCGTCACCGAAACTATTGAAAACTAGGAACCGCTATGCCGCTCAATCCTCATTATCCCTTAACCAGAATGCGCCGCCTAAGAATCTCTGAACCACTGCGCAAACTGGTAGCTGAGTCGACGCTGTCCCCGGCAGATCTGATTTACCCGATGTTTGTAGTTGAAGGAAAAAACCGTACCGAAGCCATTCCGTCCATGCCGGGCATTGAACGCATGTCGATAGATTTGCTGATTAAAGAAGCACAACAACTGGTAGAGCTCGGTATCCCAGCCATTGCCTTATTTCCAGTCACACCTCAGGCACTCAAAAGTGAATGTGCCAGCGAAGCTTTCAACCCGGAAGGACTGGCACAAAAAACCGTTCGGGCGTTGAAACAATCTGTACCCGATATCGCAGTGATCACCGATGTGGCACTGGATCCTTTTACCTCTCACGGTCAGGATGGTTTAATCGATGAACAGGGATATGTCCTGAATGATGAAACTATCCAAGTATTGGTAAAACAAGCCTTATCCCATGCCGAAGCAGGTGCCGATGTTGTTGCTCCTTCGGATATGATGGACGGACGAATTGGCCAGATCCGCCTGGCGCTGGAAAAGCACGGACACTTAAATACAGCCATTATGGCTTACTCTGCCAAATATGCCTCCAGCTACTACGGTCCGTTCCGGGATGCCGTCGGATCGGCCAACAATATTAAAGGCGGGAATAAAAAAAGTTATCAAATGGATCCTGCCAATGGCAATGAAGCGCTACGTGAAATTGAGCTGGATCTTCAGGAAGGGGCCGATATGGTCATGGTAAAACCGGGCATGCCTTATCTGGATATTGTGCAACGTTGTAAACAGCAATTTTCGGTACCGACCTTTGCCTATCAGGTCAGCGGTGAATATGCCATGCACAAAGCGGCTTTCGCCAATGGTTGGCTGGATGAAAACGCGATTATTATGGAATCCTTATTGGCCTTCAAACGCGCCGGTGCCGATGGCATATTAACCTATTTTGCCAAGCAGGCTGCCACGATTCTGGGTCAAAAATAATGACATTGAAATAGCAACCCAATCTGCATAAATCGGAAAAAAATCTATGCATTCAATAAAATAGGTGTATTTTTAGGTGAATCGATAAAACAAAACTAGGCAGGGGGATGCATCCTGTTTGTTGGGGATGGCAGTTATGCAATCGTTGATCAATTCCGTTCAATACTGCGCCACGGTGCAACAAAGCAGCGTGCTGGAATTATTACGTAACGCCAGCAATAACGGCGCAAAATCCCTGCTGGTTTTATGTTGCGATGATCCGGGCAATGATCTTGCTTTCCTG
NZ_CP150481.1_gap118	4183286	4184566	1280	ACTCTTGTTGCTATGCCACTATTCGCGCACTATGTCATTGCTGAAAACACACTCGACAAAGAGCTTGCTGAACTGGATCGAACCTTTTTCCAGCGAGGTTTTAATCAGTGTGATCTGAACTATTTACAAGCACATATTGATAATGCTCTGGTGTTTTACCATGACCAAGGTGGTGTGCAGGATACAGATGCATTTTTAGCTAACACGCAAAAATACATCTGTAATAACGAGCAGGGTAAGCCAATACGAAGACTGTTTCCCGGCTCATTGCAGACCTATCCCTTGTTTAATGACGGAAAATTGTATGGGGCGATTCAACGTGGCAAGCATGCGTTTTACTTGCGGTCTGCAAACAAACCTGAGGTGCTAACCAGCACCGCTGATTTTACCCACACATGGATCAAACAAGGCAACACATGGCGATTATCAAATGTACTCAGCTACAACCACCAAAGCCCCGATAATGATGAAAGCGAGTTATTGTCTGTTCTAAATAAAACTCATGTACCTGCATTGGGTATTGGTATTATTGAATCAGGTCAGGTCAAATCGACACGTGTCTATGGCAAGTTGGATGAAAATTCACCGGCACCATTAGATACGCTTTTCAAGGTAGCCTCGCTAACCAAACCCATTGTCACCTTAGTGACATTAAAGTTAGTTAACGCTGGTAAATTATCCTTGGACGAACAGTTATCTCAATATTGGACTGATCCGGACTTACTGGATGACAAGAACGCTGCATTACTGACTCCCCGGATAATCCTGATGCATCAAACTGGTTTTCCTAATTGGCGATGGATGTCTGACAGTAAAAAGTTGAGTTTCAATTTTGTCCCCGGCCAAGGATATGGATATTCAGGTGAGGGCTTTGAATATTTGCGGCGTGCGCTTGAAGCCAAATTTGCTACAACACTCGAAAAATTAGCTGACAAGCTGGTGTTACAACCAGCAGGAATGATCAACACGCATTTCTGGTGGGATGAAAACCTGAACGAAGCGCTTTATGCTAAAAATGTTGATGAGCAGGGCAACCTGTATCCACTAGACAAATACTACAAGCCTAATGCAGCGGCCAATTTGATAACCACCATCGGGGATTACAGCCGTTTTATGCAATATGTGCTGAACCAGCAACAAGTTATGCCAGAGATTTACCATGCCATGATAGATAAAGGCTATAAGCTTGGTGAACATCATTATTTTGGGCTCGGCTGGGAAATATTTGATGGTTTTTCGACAAATGATTACGCTGTAATGCACACGGGTAAAGATCCGGG
NZ_CP150481.1_gap119	4185848	4190525	4677	AGATCAATCTCCTGGTCGCAATCCTGTATTTCTAATTGCAAACCGGGGATCTGCCATTGCTGCATTTGTGCGGCAATAAAACATTCAGTTGATCGGCAAAGCCAGATTAAACAAGGGGGCTTAAGAATACCAGGATTAAAAATAGTAATTTCAACACTGTACTGCGTATCTCGTATTCTTTATTGTTAGTTTGCATATAAATCATCCTTTACCGGCACCGTTTTACTACTTTGCCAAACTCAGGTGTTTATTAGTGAATTTCTTATATCTGCCAACATAAAGAGCAACATGCAGACCAATATTTAACTTATTGTTTTTAATTACTTTTATAATTTCAATTGAAAGAATTGTGATATTAACTTATTGAAATTAATCAATTTTTTGTGAAAAGACTAATTGTGGGTTGGGTACAAATGAATTGCTCTTCCTAGTTTTATTCTCTCCGAATCCAGCCTGGTAGTGCTTCATCCAAATACCCGTGTTTGGACTTTTTAATCACGCAGGGTAATCTAGTTTGCAAGGTCGATATTAAACACTATAGAGCTCAGAGTCGCTAAATGGATATTCTTGCTGAATTTATTAAAAACTTTGGTACTCAACTTTCAGCAGTTGGGGCAGCCATTGCTTTTGTATTTGCGGTCTATAAGTTCGTAGCAGAGAGAAACGCCATTCGATTTTGGAAAGAGTTTGACGCCTACCATAAGCTCGTAAAAGAACTTGTCGAACCTACTAATGAGCAGGGAACAATGTACGTTGATCGTCAAACGGCAGCAATTTTTGAGTTGCGCTTTTACCACCGGTACTACCCTCATTCGTTAAGAATGCTTAAGCATTTAAGGGTAAAATGGGCGGCAGTTCCTGATCAATACCCACGTTTGATCGAAGAAATGGATCTTACAATTAGGTATATCGAAAAAACCTAACAATACAATAAACTGAGGAATAAAATACAGATTTGTCGAATGACCTGACAGGATTTTCGAACAAGTATCAATTCTTTGATGATTCCACCTAATATTTCCATAACCAAGCGCAGCTTGGCTTTATTCCCTTTGCAGTAAATAAAAACCTTGTTCAGATTAGCCTACCGGTATTCGAGACAGGGATGTCGAGAAAACAGCTGCTGAAGGGATGTGGATTTGCTGTGGTACCGGGATGCCTGAACAAGGTTTTTGTGTTTTTACTGCAAGGGTGACGGGGGATTTCAAAGGGGAACCGTCATTTGTTCCCTTTTGGCTGCCGTCGCCAGTGCGACGCCAATAGTTGATTTAATTACTTACTTTCAATTTAACACATAAGCCAAATTTTGGATTCCGGCTCAAAAAACTGCCGGAATGACGGTGGCCCTTAGCGCGGCCAATATACCCTGCGAATGCGGAACTCGTTACGCGTCTCTTGGTAATCCTTTTTCGACACTTCTAATCAAGCGCTGGGTGGTCCGGTCTTCAATACCATCATCCAACGCTTTAGCTTTTTGCTGGTCAATCGCCCATTGAATATGCTCAGCTACCAGCTCCGTTGCGTTAGGCAAAGTTGCACTTAAAACCGTAATAATCTCGTCGGAATAGGGCGCGTTACCCAGAGCCACGGCAATATTGCGTTGCCAGCGTTCAAAGCCGATGCGTCGAATCGCCGATCCTTCGGTGTTGGCTAAAAACGACTGTTCATTCCAGGCAAATAAATCCAGTAAATCCTGTTGATGTAATTGTTGCCGTGTCTGAAAATCTTCCTCGACTGACAGATTGGCAAAACGATTCCAGGGGCAGATTAACTGGCAATCGTCGCAACCATAAATACGGTTGCCGATTAATGCTCTGAATTCTTCCGGGATCGCGCCTTTTTGCTCAATGGTTAAATAGGAGATACAACGCCGAGCATCGACCACATAAGGTTCCACAATTGCCTGGGTAGGACAAATGGTGATACAGGCAGTGCAACTGCCGCAGCCTTCTTCTACCGGTTGATCCACCGGCAAGGGCAGATTAATAAACAACTCGCCTAAAAAAAACCACGAACCCGCTTGGCGATTCAATGTCAGTGAATGCTTGCCTGTCCAGCCTAACCCGGCTTTTTCGGCCAGTGCATGTTCCAGTACCGGCGCCGAATCCACAAACGGGCGAAATTCCAGCGGACACTGCGCCTTTATTTTTTCGCCCAGTTTTTTAAGGCGTTGGCGCATTAATTTATGATAATCCCGACCCAGTGCATAACGGCTGATATAGCCCTTATTTTTATTTTTCAGACTACGGGCAAAACCGGCTTCAGTGGGTAGATAATCCAGCCGCACACTGATCACCCGCACTGTGCCGGGCAGCAGTTCATCCGGTCTGGCACGTTTCATACCATGCTCTGCCATAAAGTCCATTTCGCCCTGATAACCTTTTTCTAACCACTGCTGCAGGAATTTTTCGTGCTTCGACAGGTCTATATCGGCGATACCCACTTGCTGAAAACCTAGCGCTTTACCCCATGCCTTGATATTTTCAGCTAACTGTTTGAGATCTTGTTCGAGGAACGGCCCCATTGAAACCCTTTACCGCTGCTGCCAGAACGCCTAGATTAGCACAGAAGTTCTACTCCGCGCAGCAGATCCGCCAACATGAAGGAGCAGCAGCCACTGCGGCAGACTGTGATCTCTATACTCTTATGGAACGCGCCGGCCAGGCGGTATTTAACGCTATTAGACAATATTTTGCAGAGACGCGGAATTTGCTGGTGTTATGTGGCTCGGGCAACAACGGTGGCGACGGTTTTGTGGTCGCCCGGCTGGCCAAACAGGCTGGCTACACGGTGGTATTACACAGTTTTGCCGATCCCCATAAGGCAGGGGAGGACGCCAAACTGGCCCGCCAGAAATGGCTGAATAGTGGGGGAGAAATCAATATTGATATACCCGTCGATTTCCAATCCTGCGATCTGATTATTGACGCATTACTGGGCACCGGAATTAAAGGCACCGTGCGTGAGCCTTATCAATCACTTATTGGACAGATAAATCAATCACCCCGTCCGGTGCTAAGCATCGATATTCCTTCCGGTCTTGATGCTGACTGTGGCATGGTTAATCAATATGTCATTGAGGCTAGTGTGACAGTAACTCTGGTAGGGCTGAAGGCCGGACTGCTGACAGGGGAAGGAAAACAACAATGCGGAATATTAGTACTTGATGAGTTGGGAATAGCAACCGAGTTTGCGCAACTCGCCGAGTCAAGCGGCATGCATTATGCACTGGACAATGTCGCACCTTTGCCTAAAAGGCCAATTAACAGTCATAAAGGCCATTTTGGCCGACTGTTGTGTATTGGCGGGCACAGCAGCATGCCCGGTGCGATTCGGCTGAGTGCTAACGCCGCGCTACGCTGCGGAGCCGGACTGATTAAAGTAGTATGCCATCCCGAGTCGCGCCTGCTAGTGCACAGTGGTTTACCTGAATTGATGCTGGGTCAGGAAGACGTCGAACTGGACGACATGCTGGATTGGGCAGATGCAATTATTATTGGTCCGGGGCTGAGCCAGTATTCCTGGGGTGAATCATTGTTTGAACAGGTGATCCGTTATCAACAGAATCAGGCCAAACCCTGGGTTATTGATGCTGACGGACTTAATTTACTGACTAAATACAATATTCAGTTAGGTGAGCATTGCGTATTAACACCACATCCTGGTGAAGCCTCGCGTTTACTGGGCTGCACTGTTAGCGACATTGAAAGCAATCGAATCAGCAGCGCCCGGACACTGGCACAAAAATATCGATGCCAGGTAAATCTCAAGGGAGCTGGCAGCGTGATTGTCACTGACAATCAATTAGCGATATGCAAAGAAGGCAATCCCGGCATGGCCAGTGCCGGAATGGGCGACACCTTAACAGGAATTATTGGTGCCTTGATGGCACAAGGCTTAAGCGCTTCAGATGCTTTGTTGCATGCTAGCGCATTGCATGCCAGAGCCGGTGATCTTGCTGCCCAAAATGGCGGAGAACATGGTATGCTTGCCAGTGATTTAATTCTGTTTTTACGTCAATTAGTGAATCGATAATGTTGTATCAGCAATTTTTGCCAGATGAACAGGCCACACTGGATTTTGCTGCGAGTATCGCCGCGTTATGCTCCCAGGCAACGGTTATTCATCTCGAGGGGGATTTGGGTGCCGGAAAAACCTGCTTCAGCCGTGGTTTTATTCAGGCATTGGGTTACACGGGTCGGGTTAAAAGCCCCACCTACACTCTGGTTGAGCCCTATGAAATTGAGAATTGGCGAATATTTCATTTTGACCTGTACCGGCTCGCCGATCCGGAAGAACTGGAATTTATCGGTATCCGCGATTATTTTGAAAAAGACTGCCTAAGTCTGATAGAGTGGCCCGAGAAAGGAATTGGCATGTTGCCACCTGCCGATTTGATCATTCAATTCGTCTTCGAGCAACAGGGCCGAACAGTAAGTGTTCGGGATAATTCGGATCTGGGGCGTGTGTTGATTGCAAAACTAGAAGAATAATAAAAATGAGCAACCGTCATTTTTCATTCAAAATTATCATTCTTATGCTTGCCTTGCTGCCTGCTGCCTCGTGGGGGGCGGCTAACAAAATCAAAAGCGTACGCATCTGGCCCTCTCCCGATAACACCCGGGTGGTATTTGATCTGGAAGGTTCCCCCGAATACACCTATTTCACCCTGTCCAA
NZ_CP150481.1_gap120	4193757	4194915	1158	ATATCACCTCTACCGACGGCCGACAGTCAGATTCGTCAGCAGCTTGAACACCAGGCAGCACAGCAAGGTTGGTTGGCCTTACATCAGCAATTACAACAGATTGACCCACAATCCGCTCAACGTATCCATCCCAATGATCCGCAGCGTTTGACCCGGGCATTGGAAGTGTTTCATTTAACGGGAAAATCATTAACCGAGTTGACAAAACAAAAGTCGCCCCCATTACCTTATAAGTTAAAACAATTTGCTATAGCACCGCAGGATCGCCAGGTATTGCATCAACGTATTGCCCAACGCTTTGATTTGATGTTGTCCCAAGGCTTTGAAAATGAAGTAAAAAAGTTATTTTCACGAGCTGATTTACATCTGGATCTACCTTCGATAAGAGCTGTTGGATACCGACAGATGTGGGAATATTTGCAAGGCAGGTACGACCATCACGAAATGCGGGAACGTGCTATAATTGCAACGCGTCAGTTAGCCAAACGTCAGTTAACCTGGCTACGTAACTGGAAAAATGTGCATTGGTTAGATACATTTGCAATCAATAACTTAGAGCGAGTACTGGCTATACAGCAAGATTAATTGTTGTATACTTCAGGCTGCTGCTATAAAACATAATAATAGAATCACAAGGATTACAGAAAATGGCTAAGGGGCAATCATTACAAGACCCGTTTTTAAATGCGCTACGCAAAGAACGAATTCCTGTTTCGATCTATCTCGTTAATGGTATTAAATTGCAGGGTCAGGTTGAATCTTTTGATCAGTTTGTCATTTTACTAAAAAACACTGTTAGTCAAATGGTATACAAACACGCAATCTCCACTGTTGTACCGTCTCGCCCCATTCCTATGGTTGCGAATCCGACAACAAACTCCGATAATGAACAGGAATAAAATTTTATTTTAGAACTGTTTATTATTAGGAGATAGTGCTTGTTTGACCGTTATGAGGCAGGTGAACAGGCTGTATTGGTTCATATAAATTTTTCCGACGAAAGCAGCAGAGAAGATTTGCATGAATTGCAGATGTTGGTCTCTTCTGCCGGAGTCACTACCGTTGATGTCATTACTGGTTCGCGCCAAACTCCTCATCCCAAGTATTTTGTCGGTAGCGGTAAAGCGGAAGAAATAGCCAATGCAGTGCGTGCCAGCG
NZ_CP150481.1_gap121	4197114	4201779	4665	CTGCCTGCCAGCAATCAAGATACGCTCGAGGGCCTGCGTCAAACTAGTCAGGACAATACGCAAAGTCCGTCCAGTAGCCGCAGTGACCGGACAAGAACGGGGAGAAATTAATCAATGAAAAATTTATTGTTAGTACTTATCGTTGCGTTAATTGGATTGGGTTTTGGCTCTATTTTTGTGGTTGAAGAAGGTCACAAAGCGATTGTAATCCAGTTTGGTAAAGTCCAGCGCGATTCAGAAACCCAAGAAACCCGAGTATTTGAGCCTGGTATCCATTTCAAATTGCCGTTATTTGATAAAGTTAAACAACTGGATGCCCGTATTCAAACACTGGATGACTCACCGGGCCGTTTTGTTACCTCCGAGAAAAAAGATTTGATCGTGGATTCCTATGTCAAATGGAAGATCAGCGACTTTTCAGCTTACTATTTGTCTACCGGCGGATTTAAGGATCAGGCGGAGGCCCTATTAAAACAGAAGGTCAATAATGGTCTGCGTACCGAATTTGGTACCCGTACTATTACTGAAATTGTGTCGGGTGAACGTTCCGAACTGATGCAAAAAGCCATGACGCAAACCTCGCAAAGTGCCACTGAACTGGGTATCGAGATAGTTGATGTTAGGGTCAAGCAGATTAACCTACCACAAGAAGTCAGCAACTCTATCTTCCAGCGGATGCGTGCCGAGCGAAGCGCGGTAGCACGTGAACACCGTTCACAAGGTCAGGAACAGGCGGCCATACTCAAAGCCAATATCGATGCCAAAGTCACTGTTATGTTAGCCGATGCCGAGCGTAATGCGCGCAAGGTAAAAGGTGAAGGTGATGCGGCGGCAGCCAAGATTTACGCTGATGCTTACACTAAAAACGCCGAGTTTTACAGCTTTCTGCGCAGTATGGACGCGTATCAGAAAAGCTTTGCAGATAAACAGGATGTATTGATTCTGGAACCGGACAGCGACTTCTTTAAATATATGAAAGATGCTAAAGGTAAAAAGTAATTTTCAAAGGGTCCGTAAGGACCCTTTCGCTATATAACGCTCGGTTAATCCATGTATAAACATCTTTACCAACATTTTCTTGACGCCAATCCTGGTGTGCAGCACTTTGCCTGCCACAGTCACCATTACTGGCCGGATATAACCCGCCAGGCAATGCTGGATTATTGGGACGATTCGGCCAATAGGGTAGATGAAAAATGGGATTATCTGTTCAGCGAAAAAATTCCGGCGGTGCAACAGAAAATCGCCCAATTGCTCAACACCGGCCAACCACAGCAATTGGTGTTTGCTCCTAATACCCACGAATTACTGTTTCGGATTATCAGTTGTCTGGACCTATCTAAACCATTACGCATATTAACCACCGACAGCGAGTTTCATAGCTTTAACCGACAGGTGACGCGTCTGGAGGAGTTGACTAATGTCATAGTCGATCGTGTTGCCTGTTTACCTTTCGAATCATTTGAATCCCGGTTTATTCAGCAGGCGCAACAACATCAATATGATTTAACCTTTGTCAGTCAGGTATTTTTTAATTCCGGTTTAGCGATCATTAATCTAAATCAACTTGTGGATGCGATACACCAGCCAAATAGCATTACGGTGATTGATGGTTATCACGGATTTATGGCACTACCCACTGATCTGGCCATGATTAAAGACAAAGTTTTTTATCTGGCGGGCAGTTATAAATATGCGCAAGGAGGTGAGGGTTGCTGTTTCGCCCATGTTCCGCAAAATTGCCAATTACGCCCGTTGTATACCGGCTGGTTTGCCGAGTTTGGCGAGCTGGATAAAGCCAACAGTGGTGAAGTAAACTATGCTACCAACGCCATGCGCTTTGCCGGTTCAACCATGGATTTTGCCGCGCTTTACCGACTGGATGCAGTATTAACGCTGTTTGCAGATTTGAGCCTGAGTATAGAAAACATTCATCAATACGTAAAAGTACTGCAAGCGGCCTTTCTGCAACATATTGAGTCCCTGCGACATACCCAGCTAAATCCGGACAATCTATTACAAACAGACAAAAATCATCACGGTCATTTTCTCACCTTCAGGTTACAAGATAACCGACAAGTGGCAGAATTGGCCCTGTATCTTAAACAGCACAATATCATTACCGATTATCGGGGTGACCGTTTACGTTTCGGTTTTGCGCTGTATCACAATGTCGAGGATTACGATCTAGGCTGCCTACAATTTCATCAGGGACGGGACAATGGATAACTTATTTTGGATGGCATTTGCGCTGTTTTTAATTCTGGAAGGACTCGGTCCGCTGCTGTTCCCGAAGAAATGGCGCAACTATATTTTGCAACTGGCCAATCAGCCGGCACAAAGTTTACGGCTAATGGGCGGTATTATGGTCGCAATTGGCTTTATACTCTGGCATTGGCTCAACTAAAGCGCAATTGGTCTATAAAACAGATGATTTCCCCCCCTATTTTTTGATAGAATCCCCGCCTAATTTTTTGCTGACTTTTTAATCATGGCTAATAACGTTGTTGTACTTGGCACCCAATGGGGTGACGAAGGTAAAGGAAAAATTGTTGATCTACTCACTGAGAAAGCGAGTTATGTGGTTCGCTATCAGGGTGGCCACAATGCCGGCCATACGCTGGTACTTGACGGTGAGAAAACAGTCTTACACCTGATCCCTTCCGGCATTCTGCGTGACAACGTTAAATGCGTCATCGGTAATGGCGTGGTATTAAGCCCTGAAGCGTTAATGACTGAAATTGCCATGCTGGAAGAGCGCGGGGTCCCCGCCAAGGATCGTCTGTTCATTAGCGAAGCCTGCCCGTTGATCTTGCCGTATCATATTGCACTGGATGTAGCCCGTGAGAAAGCACTGGGCAACAAGGCCATTGGTACCACTGGCCGCGGTATCGGCCCGGCTTACGAAGATAAAGTAGCCCGCCGCGCGTTACGGGTTGGCGACTTATTCTGTATGGACAGCTTTGCGGTTAAACTGAAAAAGATTATCGATTTCCATAATTTTGCCCTGACTGAATACTATAAAGTCGAGCCGGTTGATTTCGACACAGTATTGCAGCAAGTTAAAGAGGTGGCTGACATACTCAAAGCCATGGTGGTCGACGTAACCGATTTACTGGATAAAGCCCGCAAAAATGGCGATGCCATCATGTTTGAGGGCGCACAGGGCACCTTGTTGGATATTGACCACGGCACTTACCCTTATGTCACTTCCTCCAATACTACTGTAGGTGGTGTGGCAACTGGCGCCGGTTTTGGCCCGCTGCATCTGGATTACGTGTTGGGTATCGTTAAAGCTTATACCACCCGGGTAGGCTCCGGCCCATTCCCAACCGAGCTGGAATGCCAGGTGGGCCAGCATCTCGGCGTGAAAGGTCATGAATTTGGTGCCACTACAGGTCGTAAACGTCGGACTGGCTGGTTTGATGCGGTAGCGATGAAACGTGCAGTACAAATTAACTCAATTACCGGTTTTTGCTTAACCAAACTGGATGTACTGGATGGACTCGAGACCCTAAAAATCTGTACCGGTTATCAATATCCGGACGGCAGTGTTAAAGATGTACCGCCTATGGCAGCTGAAGGTTACGAAATAGCCATCCCACAATACGAAGAGATGCCAGGCTGGTCAGATAATACTTATGGCGTCACTTCGGTGGACGGTCTACCTCAGGCAGCCCGCGACTATATCGCACGGATAGAAGAACTGACGGGTGTTCCTGTGGATATTATTTCCACCGGCCCGGATCGAAATGAGACCATCATTGTCAGACATCCTTACGAAGTCTAAGCCAATTCTGGAATTCCTAAGCCGCTAACCAGCGGCTTTTTTGTGGCTAATTGATACGGAATGGCATTGACATAACTGGTCAGTCCATTACATTAGTTAGCATTAAAATCAGCTCGGACAGTTCATGGATATTGCCGCAATCGCTTTGCAGGTTAACAGCCTGAAATCATTCTTTAATCAAGGTCAAACTCGCGCGCTTAGCTGGCGACGCCAGCAATTGCTGCAACTAAAAAAAATGACCGAGGACCACGAAGATGACATCGCCAAGGCGCTCGAACAGGATTTAGGCAAATGTCGTCAGGAAGCCTGGACGGCTGAGATTGGCTACCTGCTCTCCGAAATCAATCACAGCCTTAGACATCTGAATAAATGGAGCAAACGCCGCCGGGTCAGTACTCCTATGGTGGCACAACCAGGCAGCAGCTTCCTGTTGCCTGAGCCCAAGGGCGTAGCACTGATTATTGGTGCCTGGAATTATCCATTCCAGTTATTACTGGCGCCATTAGTTGCAGCTATTGCTGCAGGTAATTGTGCTGTACTCAAACCCTCCGAATTGGCCGTTAATGTATCCGCTTTACTGGCCAAGTTAGTTCCGGACTATCTGGATCAACATGCCTTTGTGTTGATAGAAGGCGGTGTCGAACAAACCACAGAAGTTCTGAAACAGCCTTTTGATCATGTGTTCTACACGGGCGGAGAAAGCGTAGGCAAAATTGTAATGCGGGCGGCGGCTGAGCATCTCACTCCGGTGACCCTGGAATTAGGCGGCAAGAGTCCCTGTATAGTCGATCAGAATACCAACCTGAAAGTCACCGCGCGCAGAATAGTCTGGAGTAAATGGATGAATGCCGGCCAGACCTGTGTCGCACCGGACT
NZ_CP150481.1_gap122	4212306	4216497	4191	CGGCAGCATGCACATCACCTTGGCTGCGATCGATTTGCTTGGGAATACCTAACAAACGAACATATTGGGTGGCCATGAAATAACCCGGTTTACCCTGCTGAATATTGCTATTCGAGGCACGCTGCAGCAACAGCGGCAACCAACCCACCTCCAGATCTGCGCCAGTACAGGCAACCATATCAGCATCCCGTACCTTAGCAATTAAACTGGGGCGCGCCTGCACATGATGGGGATCCTGTAAGCCGGTGGTGGCACTGTAGGTTTCGACCAAATCGCCCCCCAACTCATTCGCCAGCGATGCCCATTCTGGCTCACAAGCCAGAATCTGAACTTTTGCTTGAGCATTAAAGACAGAACCAAGCAATAAAGTAAGTACTAACATTTTAACATTTTTCATTGTTTGTCTCCGATTAGAACGAGTGGGCACCGTGAGCGCCAAAAGCAGTAATGTATTGCAAGATAACCAAATCGGAATCCTGTGGAGAAGCCTGGTCACGACTGAACTGCAAGCGGACACGACTGAATTCACTGTTGCTCCAGTCAACCATCATACTAAGCTGACGTGGATCGTGGTCGAGAGTATCCAGTACTGTGTCGTTAAAAGTGTCGGGAAGTCCGTCACTCTGCAGGCCTTCATAGCGTAAACCGACTCGCCATTGTGGCATAAACTGATAAACCCCCTGCACATACCAACCCGTCTGTTTATGGTCAAGATCGAGTAAATCGGCGCTGCTAGTGGCTAGCTGCCCTTGTTCGGTGCGACTAAAATATTCGGCTTGAATTTTGGCATTAGTGATTTTGCTATTACCGTCCGGTGCCCATTTCCAGACAAAGTCGGCTAGCCACAGTTTACTGTCACCCGAAAAACTGTCGCCTTCATCTTCATCAGCAAAGCGCTCATCAACATCAGCTTGCAAATAAGACACGCCAGCTCGCCAGCTTTGACTGAAATTAATGTCACCACCTATGTGGGAATAAACCGTGGTAATCCCTTTACCTTTATTAGCCGCTCCTGCTGCAGGATATGCATCACCGCGGAATAGTTCGGCACCCGTTTCCCAATAGAGATCGGTAGGCGCTAACCAGCTGACCTGAACCCCGGCATCGCCGAAGTTGGGCCCCAGAAAAGCCTGATACGCAAGCGGACGCACCGCAAAATCATCAGTATGGCCATGATGACTGTTCAGATAACCAATGCCGGAAAAAAACTTACCGGCCTTGACGGTAAAGCCATTAGCTAGCCCCAGAGTTTGGATAAAGGCTTGTTCAATTTCGGTTTCTTCACCAAATGCCAGGGTCAGACTGCCATAAAACTTATCATCAATATTGGCAGATAAATTCAGTTCAGATTCACCCAGCGATAATCCGCGTTCACCCGGCCCCGGCTCTTCACCCAGAAAGTAGCCCGGCATCGAAAACTCGTAATCTGACGGAGCTTGCAAATATTTACCGTTTAACACCACCCCAATACCGGGGTTAAAGGTGTTAGCTGCGGTACGGTTAGATTGCTGGCTCAAATCTATTGCCAGTTGCTGAGTTTGTTCGGTGGTTTGTTCGCTTTGCTCTTCGGTATCTTGAATACGCTGTTCCAGTGCTTCAATTTTTTGTTGGTACAGCTTTTTTAAGTCAGCCAGTTCTTGGCGGATAGCATCAATATCTTTGTCGGCTGCGAAAGCCGGGGTGGTACTGGCGCCAAGTAATGCAATCGGCGCCAATGCCAAAATTAATGATCGATTAACGGCCATCAAAATGTCTCCAGAAAATATGAATTCAACAAAGCAACCGGCATTGATATACCAGTTCCTTAAATAAAAAATCAGGAATTCAGCTTTTCGGGAGGCCCACGATTACGGGTAACTGTAACCGTTGATTCATACTCGTCCATCGGTAGCATCTGTATAACAGTAGATGGCAGGACAGCGTTGTTAAGAATAACGGCAGTTGGCGGAAGTGCGTGATCAGCATTGGCCGCAGAAAGGCACAACGCACAGTGATTATCCGGTTTAACTAGATGAGAAGCATCATGGTCAACATAGAGTTTGGCGACCACAAAACTGAACAGCAGCAATAGCACCAATCCATATTTGGATAGTGTCGACGCTGTTCTGAATGAATGCAAACTATGCGATCTAATCATTTGTTATAATATAACATTATGATTTTACTGAAGTCGATAGAGCGAGCTTGATTTACTGAAAAAATCCGACGAACAACAAAAAAATAGCGTTAGACAGCAGTTTTTTACCAGTATTGTTCAACGGTGACATTACCCGGTTTACGCCGCAAGTTTTTTTCCAGCCCCAAGGTTTCCAGTAAGGCTTTAGTGTCCTTGATCATGTCCGGGTTACCACAAATCATCACCTGACTATGGCTATCCAATTTTTGCTCTGATTGCTGTTGTAGTTGTTGGTCGGTAATCAACGCCGGGATTCTTCCATACAGGGCATCAGGCACACTCTCACGACTGACCACTGGAACATAGCTGAACTGACCAGCGTATTGTTGCTGCCACTGCCCAATCAACTGGGTATAAGACAATTCATTGGCCCAACGCGCCGCATGAACCAAGATTATATGCTTAAAACGTTGCCAGGGCTCCTGCGTCGCGAGCATAGATAAATAGGGACCGACACCGGTACCGGTTGCCAGTAGCCACAAGTTATCACCATCAGGTACTTCATCCAGGGTAAAAAATCCGCTGGCCGGATAGGATACTTCTATCTGGTCACCGGATGTCAACGCCGCCAAAGCCGGTGACAATAGTCCGTCATCAACATAAGTGAGATAAAATTCCGCATAATCGCTACCCGGCGGATTGACCAGTGAATAAGCTCGCTGGACTCTTTTGTCGCCCACTTGTAACGCCAGACGCACAAATTGCCCGGCAGTAAATTTTTCGGCCGGACAACGCACTTTGAGACTGAACAGTTTATCGGTCCAAAAATGATTGCTTATCACTTCAGCAATATGCCAATTTGCCATCAGGATCTCCGTTAATTATTGATGTCGTCCACATTAGCATAAAGCCAGGGACAGCAGAGACTTAATACAGATCCGGCGTCACTACTCTATTACGGCCACTCAGGTTAGCCTGATAAAGTGCATGCTCTGCGCGGGACAACAGTTTACTGTAAAAATATTCGTGACGACTGGATACCACCCCAAAACTGGCGGTAAAGCGAATTTCCTGTTCCCGCTCGGTCAAACAAATTTGACCGGTCGCCAGGCGCAGTCTCTCCGCCATTTGCAGCGCCCCGTCATCGGAAGTATTGGGCATCAGCAACAGAAATTCCTCGCCACCGACGCGGCCTATATAATCACCAGTGCGCAAGTTGGTAGTCAGCGTGTTGGCAAAAGTACGTAATACCATATCACCAGCATGATGGCCGTATTGTTCGTTGATTGACTGCAAGTTATCTACATTGGTCAGGATCAGGCTGATCCACTGGTCACTACGCTGGCAATGAGCCATCAGTTTGGCGGCAATCTGTTCAATACCGTTCTGATTCAAGGTGCCGGTCAGCGAATCGGTAATAGAGAGTTCATTATTATGCTCGGACAAATCGGAAATAATCGTCAGTAAAATCCCTATCCCGATGGCGGTGTAGGCCGCCGGTAACAGTAAAAAACTGACCAGTTCGTAGTAGTGTTGCAAGGACTGGTCAGGATTCTGCGCCTGGATGGCGGTTAAAATTCCTCTGGCCAAATGCACGAGGGCACCGATCTGGAAAATCACCGCAACCACTTTTTCGGCTGGCGATAGGGGTTTAGGTTTAAACCATAAGACAAGACTGCTTATTTGCAAACATAGCATCACAAAAAACGGACTCACAGCCATTTTCAGCTCGACACTATTTTGCACCGAGGAGTAATACACCATCACGTTAAGCGCAACAAATGCGGCGACGACAAACCAGACAATATGCAGTGAACGATTGGCACGTAGCACAAAACCATAACAGACAGTGGAAGCGGAAATCATCGTCACCATGGTATCGAGTAACCAAAACAGCGCCTCTGAAGCAAACAACGACACCGGGATCAGATTGATCAGCCAGCCCAACGAGCCAAACAGGAAACCGACAGACCAAACCAGAATATATTTTTGCGGCACATTTTTTTGCCAGATATGCAGCATGATCCAGCTAAAGGTGAAATAAACAATACCTTGTGAAACAACAATATAGAAAA
NZ_CP150481.1_gap123	4336054	4338942	2888	TCGGCCTGGGCTTGAGCAAAACAAGACGTCGATAGAATAACGGATAAAACGCCAGCTGAACGCTGTTTGAAATTTAACATAATTGATTGATCCACTTAATGCTCCGCCCGAGCATGATGAAAAGTCACATACAGGAATGAAAATCTTAGTCCTGAAACACAGGTTAAAGGCCGGTCTCCGGGCTGGTAAGCGATACGTTGTATCTGGCTTGTTGCCTTCCCGTTCGAAAACAGTGGCGCTTTAACAAACCTACATTCTTAATCGAATGACTTACTTTACCGTTGCGGGGGCAGCGTCTGATTTACACAGACTTCCCGTTTAACTTCTGTTATTAAAGGTCATTAAAACCCTATAACAAGAAGCACCTTAAACTGCGTGGCATTATAATTTGATGGAATATAAAATCAATCTATTGATTAAAGTTCTGCGGCGATAAACTCAACGCGGGCTCTTGCAGAGCGGATAACTGCTCTTTTAGGGCCAACACTTGCTCTTCCCAGTAACGTTCACTGGAAAACCAGGGAAACGCACGCGGAAAAGCCGGATCTTGCCAGCGTCGGGCCAGCCAGCCCATGTAATGGATCATGCGCATCGCCCGCAACGGCTCAATCAAGCTCAACTGACTCATATCAAAATCGGCAAATTCTTCATAGGCAGAAATCAGGGTATCGAGTTGCAGTAATTGTTCTTGCCGATCACCGGACAACATCATCCAGATATCCTGAATAGCAGGCCCCATACGACTGTCATCCAAATCAACAAAAGTGGGGCCATCGCGCCATAGAATGTTGCCCGGGTGACAATCACCGTGCAAACGGATCTCGTTGTCACAATGATACAAATCAGCCGCTTTATCAGCCACCATGTGCAAAATGGTAAAAAATGCCGTTTCGATTTGTGCTGGTACCAGTTGGCTCTGCTTTAGAATCGCCAAGGGTTGTCGCAAGTATTCATCAACAGTAATTGACGGACGGGCTTTAAAATCGCTTCCCTGACCAACCTGATGAATACGACCAATAAAACGTCCCATCCATTCCAGTTGCTCCAGGTTATCCACTTCAAACTGACGACCGCCAACTGAGGGATACAGAGCAAATAAATAGCCCTGATATTCAAGTAAACTGGATTGGGAATATTTGAGCGGCGCCACCAACGGAATATCATGATCCGCTAACTCAAAGGCAAATTGATGCTCTTCTTCAATTTGTTGCCGGGTCCAGCGGTTGGGGCGATAAAATTTGACCACGTAACGCTGCCGATCTTGAGCCATAAATTGATAAACCCGGTTCTCATAGCTGTTCAAGCCCAGTAAGCCGGACTCAACAATCAGTCCGGTGCTTTCAATAGCATCGAGAATAAAATCGGGCGTAAGCGAAGAAAAGTTAAATTCCGGCACCAGTGCTCTCTATTTCAGTTGCAAAAACAGAGACATCATACACGTCGTCATAAACAATCGAATATTTATCGATACAGAAATTTGCTCGGCTCCTGTTGCACCACTTCCCCATTGCCTGGCGTAACAGCCTGAACGCGAATTTTGATATCGGTGACCGCATCTTCAATATCATAAGCATCGACAGCAATACTCACCGGTAATGTAAAGACTTCCCCACCTTTAACCGTCACCTCATTTTGGCCGGTGAACCTGGGATTAGTTAAACCCTCCACCGAAATTGAGTAGGTTTCGTCGAACTGCGATTTATTCAAAATTTTCAGGGTATAGACATTTTCAATCAGGCCGTCGTTGGTTTCACGATACAAGCTGTTGCGATCACGAATAATATCCACCGCCAGCGGAACCCGGGTCATTAATTCCAGCACCAGTAATCCAGTCATCACCAGCAACACCACTGCATAACCCACCAGTTTTGGTCTGAAAATATGGCTTTTGCCGCCTTTAAGCTGATTTTCCGAGGTAAAACGGATCAACCCCCGTGGATAGCGCATCTTGTCCATCGTATCGTTACAGGCATCAACGCATTTTCCACAATCAATACATTCATATTGCAACCCGTTGCGAATATCGATACCTGTGGGACATACCAGCACACATAGATTGCAATCGACACAATCGCCGATATTTTTTTCCTTGCGAGTCTGTTCGTCCATCTTGCGCGGACGGGGACCGCGGCTTTCGCCGCGAGCTGCATCATAAGCTACCGTCAACGTATCCTGATCAAACATTACCGACTGAAAACGGGCATAGGGACAAATATGGGTACACATGATTTCCCGCAACCACCCTGCGTTACCATAAGTACAAAGTGCAAAAAACCAGGTGGATACCGTTACCCAGAATCCGGTTTGCAGAGTAACAAAATCAACAAATAACGGTTTAATTGGTGTGAAATAGCCGACAAAGGTTAAGGAAGTCAGGAACGCCACCACTAGCCAGCTAGTATGCTTAGCGGTTTTACGCCAGAACTTGTCAAAGTCCATTGACCGTTCATCCAGTTTTATCCGTTTGTTGCGACTGCCTTCAAACAGTTCTTCAAACCAGATAAAAATAAAAGTCCAGGTAGTTTGCGGGCACATAAAACCGCACCAAACTCTTCCAGCAAAAGTGGTGACAAAAAATAAAGCATAGGCCGAGACGATAAATATCCATGCCAGCAAAGTCAGATCCTGAGGCCATAAAGTTAAATTAAAAATGGTAAAACGCTGCTCCGCCAGATCAAACAGGATTGCTTGCTGTCCGTTAAACTGCAGCCAGGGCAATATCACAAACAAGGCCAGAAAAAATAGCCCGAAAGAGCGTCTGAAGGTATCCAGGATGCCTTTAACCGAGCGCACATAGATATGACTGCGGGGCGTATAATGATTGTCGTGCGAACTCGACTCTGGTTGATGGATCTTGACTGGGGAAATATCTTTAATCGGGATTTGCT
NZ_CP150481.1_gap124	4456199	4456699	500	GAAGGAGCTGAAGTTGCATCTTGAAATACATTTCCGAAATGGGTGGGAGTGAGTAGTCTCACGTCCCGAGAAAAAGTATTTTCACCCACTTCGACAAATGCATTTATGCAGATAAACGAGCACGGCCTTTGGCGCGGCGACGCGCTAAAACCTGACGGCCGTTTTTCGTTGCCATACGAGCACGAAAGCCGTGTGAACGTTTACGCTTTAAATTACTTGGTTGAAATGTTCTTTTCATGACCTAATCCGCTGCTGTAACGTTAATAAAACCTATTGAACACATTGGCGCTCAAAAAGGACGCTGAATTCTAGAGATCCAAAGTCAATAAGTCAATCAATGATCAAAGATAAATAGGCTGAATCACGAAAAAAAGCTAAATTTTCAATCTGTCCTGTTAATAACTTAATTAATATTGATATGTTATTCACAGATTTAATGGATGATTTCGCTAAATTCTTTATTTCTAAGTCAGTTTTTATACAGATAACTTTCTATTGTA
