gap_id	start	end	length	sequence
NZ_CP176805.1_gap1	22091	24299	2208	AAATACCAATTACAATTCCGTCGGAACTTTCACGTTTTTTAATTGTTTCTGCAATTCTTTTTGAAAAATTATATCGTTGAAATCTATCTTGACTTTCATTTTCAACAGGTTTATCGGATGAGAAATTTTGTTTCATTTAATAATTTTTGATTTTAACGAGATGTTGTGAAAATATAGCTTACAACGTCTCGTGGCTTGCAGAAGTTGGGGATTTGGTTAGCCCGAACTTTCAGTAAATCACTAACCACAAAAGTACAAAACAATGTCTAAAGTCAAGACCAAAACCCCAATTTTTGCAAACCGCTGTTGGTGGCAGTTTTTTTATTTATCTTTTATTAGAATTCCTTTTTCTACACTTTCATTAATTAAATTTTCAGAATATTTCCAAATATAATTTGAACCTTTATCAATTTCTTTTTTCTTTTCATAAACTTTTTCATAATTAACATTAAACTCTTTCCAAGTACCGCCATTATTTGAAGTATTCTGTAAAAGTGGTTCAAATCTATCCATACTTTTAGCAAATTTTGCCTCATTTGTTTCGCCTTTTTCAAACTCTTCCCAAATTTGAATAAATTCTTCAGCTTGACTTACAGGTAAAATTCCAAAAATTCGTTTTGATGCTTTCGATTCCTCTTCTGTGTTTGTATGATTTTTTGATGTATCATAAATAAAAGTATCTCCTGCATCTATTTCCACTATATCGTGAATCAATACCATTTTAATAACTTTTAGTAAATCAATTTCTTCATTTGAATGTTCTTTAAGTACAATTGCCATTATTGCAAGATGCCAACTATGTTCTGCATCATTTTCATTCCTTTCGCTATTAAATAATTTAGTTTTGCGTTGAATATATTTTACTTTGTCAATTTCTTTTATAAAATTTACTTGTTTAATTAAATTTTCAGATTGCATATTTTTTTAGTTTTCTATTTTTTCGCAAAATTGCCACCAACGTCTCGTGGCTTGCAGAAGTTGGGGATTTGGTTAGCCCGAACTTTCAGTAAATCACTAACCACAAAAGTACAAAACAATGTCTAAAGTCAAGACCAAAACCCCAATTTTTGCAAACCGCTGTTGGTGGCAGTTTTTTTATTTATCTTTTATTAGAATTCCTTTTTCTACACTTTCATTAATTAAATTTTCAGAATATTTCCAAATATAATTTGAACCTTTATCAATTTCTTTTTTCTTTTCATAAACTTTTTCATAATTAACATTAAACTCTTTCCAAGTACCGCCATTATTTGAAGTATTCTGTAAAAGTGGTTCAAATCTATCCATACTTTTAGCAAATTTTGCCTCATTTGTTTCGCCTTTTTCAAACTCTTCCCAAATTTGAATAAATTCTTCAGCTTGACTTACAGGTAAAATTCCAAAAATTCGTTTTGATGCTTTCGATTCCTCTTCTGTGTTTGTATGATTTTTTGATGTATCATAAATAAAAGTATCTCCTGCATCTATTTCCACTATATCGTGAATCAATACCATTTTAATAACTTTTAGTAAATCAATTTCTTCATTTGAATGTTCTTTAAGTACAATTGCCATTATTGCAAGATGCCAACTATGTTCTGCATCATTTTCATTCCTTTCGCTATTAAATAATTTAGTTTTGCGTTGAATATATTTTACTTTGTCAATTTCTTTTATAAAATTTACTTGTTTAATTAAATTTTCAGATTGCATATTTTTTTAGTTTTCTATTTTTTCGCAAAATTGCCACCAACGAGCCCCCGCTTTGCGGGGTTTTCGAGAGAGCTTGCTCTCGAAGAAAATCTAGCAAAGCGGGTGATGGAAGAACATCGTGCGAAAGCAACGATGGTTTTTCATCGCCCGCGTAGCGGGGGCTCGATGGAAAAAATTGTCCCGAAGGGCGATTTTTTCCATCTATTGTATAGGTCTGACAAAATCAGACAAAGCGACCCTAAAAGGGGTAGATTGGTCTGACTAGAGTCAATTTTTTTTTCGGGAGCTAATATATGTAAAATTTGTTATAAATCATCAAAAGGACTTTTAATTTGTTGTAAATTTTTTGTGCTTACATGGGTGTATATCTCGGTGGTTTTGGTGCTGCTATGTCCTAATAATTCTTGTATGTAACGTAAATCGGTACCGCTTTCTAGTAAATGCGTGGCATAACTATGTCGTAACCAATGTAAACTTACGGGTTTTGCTATTTTTGCTTTTTCAAGGGCTTGTTTT
NZ_CP176805.1_gap2	56080	59791	3711	TTTCCTTGTTAAAAAGTATTTGCAAATACCCGTTTACAATGTTTAACGAAACATCTTCTTGCATTTTTGTTAATTGGTATTGCGAAGCAATGCTGCTAAGATTTGCTTTTCGCAACAGGTTTTGGTTCTGCAAACCTTTATAAATATCGATACTAATATTTACTCCTGCCGAAGTAAATTGTGTGGTCTGGTTTTCTAACAAACCTGTTGTGATATTTTGGTTTAAACCAATATTCCAAGAATGGGAACTTTGCGCATTTACCGAAGGAAAAAATTTACCTAAGGCATCTTTCTTAGAAATGTCAGACAATTCTTTGTCTAAAGCAGCTTGTTTTATCGAAATGTTGTGCTCTATAGCATAAGCTACACATTCTTCGAGTGTCCATTTTTTGGGTTGGCCAAAAGAAACACCACAATACAATAATGTTGTAATTATTAAAAACGAGTATTTTATTTTTTGCATTTTATATAATATGGAATTTTTTGTTTAGCGAATTTAATCTTTTTATAAATTAAATTTACAATAAGACTCTTGCTTTTATAATTTGTTACAATTAATGCGTGAAAATAAATGAAAATTAATTTTTACATTTGCTTAAATTACTTTTTTGATGAAAAATATATTACGGATTATTGGATTATTTGCGGTAACATTTTTTTATACCAGTTGCTCGACAACTCAAAAAATAGAACTCATGAAGCCAGAACCAGATGACGCTACCCCTATAATTTATCCCGTAACTTCTTCCTATATTAGTTTTCCTGTAACATTAACATTGAAAGATATTGAAAAACAAGCCAACAATGCTTTGATGGGATTAATTTATGATGATCATAATATTGATGATGACAAAACCGAAATGAAAATATGGAAAAATGCCCCAATATTAATTTCTGAAGATAATAATAAACTAAAAACAATTATTCCTCTAAAAATCTGGGCAAAAGTTAGATACGGCACGTCAGTTTTAGGGATTAATTTGTATGATACTCGAGAAATAAACCTAAACGGCACAATTACTTTTTTAAGTAATGTAAAAATGAGTAACTGGAAAATTACAACTACTACCGAATTGCAAGATTTTGAATGGCAAGAAAGTCCAACAATTATCATAGGCGGAAAAGAAATTCCTATTACTTATTTAGTAAATCCAACGATTCGAATATTTAGAAATAAAATTGAAAAAATTATTGATGAATCGCTAGAGAAATCTCTAGATTTTAAATCAAATATTCTCGAAATGATGCAAAAAGCAAGCGAACCATTCGAGATGAGTTCAACCTATCAGACTTGGCTAAAAGTAACCCCGCAAGAAATATATGCTACCGAAGCTAATTTAGAAAAAAAAGCCGTTTCTATGACCGTAGGTCTTAAATGTTTAATGGAATCCTGCATAGGACAAAAACCAAAACCTAACTTTGTAAAAGAAAAAATAGTATTGAAGCCTATCGTAAATTTGCCCGAAAAAGTAGTAGCAAACATTGCTGCAGTTTCTACTTATCAGGATGCTTCGAGAGTAATGACAACCAATTTTAAGGGAAAAGAATTTGGCGAAGGAAAACGAAAAGTAACGATTCAAAATGTCGAAATTTGGCACAAACAAGGCAAAATGGTTATTGCACTAGATATGCTTGGAAGTTTAAATGGGCGTATTTATTTGTCTGGTTTTCCGCAATATAACACGCAAACCAAAGAATTATTTTTTGATGATTTAGATTACGCCCTAGAGACTAAAAGTAAGCTTATGAAAACTGCCAATTGGTTTGCTCAGGGTTTAATTTTGAACAAAATAAGAGCTACTTGTCGCTACTCGATTCAGCCTAATTTAGATGAAGGAAAGCAAAATATTTTAAAATACTTAAATAACTATTCACCCATAACAGGTGTTTTTGTAAACGGCAAACTAAATGATATTGTTTTTCAAAAAGTACAATTAACCAATCATGCTATCGTTGCCTTTCTAAATATTACAGGAAATGTAACGGTAAATATAAATGGTATGTAATTATTGTTTCTTCCTATACATTCTATAAACTGCAATAGCTATGAGTACCACAAGTATATAGGGAATAATCATTAAGTATATAATGCCATCATTTACCGCCTCTGCTTGCGATACGTCTGCTGAGCTTTCTAGCGAAGCACGGCACATGGCACATTGTGCATTTGATGCAATAGGTAATAGGCAATGGGCGATAAGTAAAAGAAATGCTATTCTTTTACCTGAATTTTCTACTTTAGCTAACATAATAAGGAGAAATCATTAAATATACAATAACACCAGTAACAGCAACATATAACCAAATAGGAAAAGTAATTTTTGCTATTTTCTTATGTTTATCAAATTTTTCTGCTAGTGCACGAACATAAGTGACTAAAACCAATGGGATAGTAATTATAGATAGTGTAATATGGGTTATTAATATAAAAAAGTAAGCAACTTTTAAAATTCCCGCTCCTCCATATTTTGTAGCTTCAGATGTCATGTGATACGCCACATACATTGCTAAAAATGCTACCGAAAGGCCAATAGCGGTTTTCATTAAATTTTCATGTAGTTTTTGTTTCTCGTTTTTGATAGCAATAACAGCCCATACTAATACAATAGCTGTAATTGCATTAATTGTTGCATAAATAGGAGGTAAGAATGATAATGGTTTTACATCGAAACCTAAATCTCTTAGTTTTATTTTAAATAAAATTGCCACCACTACAGGAATTACTATTGACAATATGGTAATCCAAACATTGTATTTTTTTTCTGAAATCTTTTTTTTCATTGTTTTTTATCTTATTTTTTTGAAAGCAAATTTGTAAAATTATCAAAATTTCTAAAAAGGAAGTTTAAATTAAATTTTGATGATAATTATTCCGCTAAAAGCTTCGATATGTCTTGTTTAATTTGTTTGATGCCTTCATCTTTTATACCATCATAATAAATAATTGGATTTCCAAATTCGTCTTTTCGGCAACGTATATTTCCTTCTTTGTCTATTAAAGCAAAGAATCCAGAATGCTCAAATCCTCCAGGTATTTTTGCGTTTTGTCCAACATATAAATTAAAACCCTTGTTTGCAATTTCATAAATTCTAGATTTATCACCGGTTAAAAAATTCCAGTTTTTACCTTTAGCACCTATTGTTTCAGCGTGTTTTTTGAGAACTTCTGGCGTATCGATTTCTGGATTTATTGTTATAGAAGTCACTCCGAAATTAGTATTGCTAGCAAATGCTTCTTGCACAAGCTTCATGTTTCTATTCATAATAGGACAAATAGAAGGACAAGTAGAAAAGAAAAACTCAGCAACATATACTTTTCCTTTGTAACTTTCGTTAGAAATTGTTCGTTTGTCTTGGTTTATTAAGGAAAAAACTGGCGCTTTGCCTATTGTCATCAAATCGCTTTTTGTTGCAACGTGTGTTCCTTCAATATTTAGTCTATCTCCTTTTACAATGTCATTGTTTTTTATTCGGTCTATAATTTTTGGAACAAAGTAAATTCCAAAAACTAGTATGATAAAAGCGGTTCCTATGTATGATTTGTTTTTCATATTGCTGTTTTTTTTGTTTGGTCTTTTTATAATTTCGCTGCAGATTTAATATTTTGATGAAAAATAACTACTAATTTGCATGTTTGTAGTAAAAAGGGGGTGTTAAATTATTATTTGTTTTCGTGCAAACGGAAATCTTTTCTTTTGTTATTTCGTTTTA
NZ_CP176805.1_gap3	71875	74933	3058	TTGGGCAGCGCTTTCTTTACGTTCTTTAATTATTTTTTCTCTTAATGCTTTTTTTTCTTCGAGAATTTTTTGTCTTTCGGCTAGTGCTGGATTGTCTTCTATTTTATCTTTTTGCTCTTCTTTTTCTTCGTTAGCTTTAAGTTGTTTTTTGCTTATTTGTTCTCTTTTTTCAGACTGTGTTATCATTCTTACGACTCTGTCGCTTATGTCGAATGATTTTTTTGAAAAAAGCATTGTTAAATCGGAGGATTTATCGAAAATAAAATCATATCCTCTTGCTTCTGCAATATCTTGAACTGCTGTAAATACTTGGTCTTGTACGGGTTTTGCTATGGCTGTTTTTTGAATTATAAAATCGCCGTTAGAACCAAATCTTTTTTGTTGGTAGTCTATCAAGTCTTTTTCAAGGAACTTTATTTCTTCTTCTCTTTCCTCTATAAGTTCTTTGGTAAGCAAAGCTCTTTCTGATTTAAGAATGTTTTCTAGTTTGTTTATTTCGTTTTTTTTAACTTGAATGTCTTGTTTCCATTTTTGTGCTTTTTGTTCTAATTGTATGTTTGCTTCTTTATAATCGGGTACGTTTTCTAGGATATAGTCCATATCGATGTAACCTATTTTAGCTCCTTTTGCTTGTGCATTACTGGTTAGGGTAGTGCCAAAAATTAGTAAGAATACAAAAAACTTTTTCATAAGCGTATAATGTTAAATTCAACTATCGTGCCAAATATAATTAAAATTGTTGACCTATTATAAAATGTGTTTCCCAACCGTTTTTCTCATTTGACCCTTGTGGCGCATCGAAACCATGTCCGAAATCTATTCCTAATAGTCCAAATGCTGGCATGAATACTCTTAGTCCTACACCGGCAGAGCGTTGCAGTATGAATGGATTGTAGGTTTTGAAATTATCATACGATCCTGCTCCTTCTACGAAACTAAGGGCATAAATAGATGCCGCTTGTTTTAGGGTTATTGGGTATCTTAATTCTAATGAAAATTTATTATAAATTGGATCTCCGCTGCTTCTGTGTACAGATAAACTTCCGTTATTTTTATAACCTCTTACTTGTATGTTCTCGTTACTGGTCATGTAATTTCCGCCCAATGCGTCTCCACCAACAACAAATCTTTCAAAAGGAACAATTCCTCTTCCTTGATTGTATGCTCCCAGATAACCAAATTCTCCTAGTGTGCGTAAAACTAACTTGCCATAAAGAGTTGTAAACCATTCGGCTTTAAATTTTATCTTGTAATATTCTAACCAATTGTATTTTTTCTGATCTACTTTTGCATTATCAGCTGCTGCTAAGTTATAATTGTCAACTTTGTTTCCATTGGCATCTAAATAGTCACCCAATCTTACTACATTACCGTTACCGTCTAATTGATTTGATCTAGCACCATTTGTATCTCTTTTCTTATACTCTTCTAGGTTTTCTAAGTTACTATAGTTTATCCCGCTAAATGATGAATACGGTAAAGTAAATTTTCCTGTAAGACTAAAGTCTGAACCATAAGTAGGAAAAATAGGGTTGTTTCCTTTACTGTTTCTGCTTATTCCTATGGTGTAAGCTAAGTTTCTTGATGCTCCATTGGCAAAGGTAAATAGACCTCCATAGTAATTATTTAAATCATAATGTTGATAACTTATGGCATGTGATAACACAAAATAATCATCTGGGATCTCTAGTTTTTTTGCAATTCCTATAGAAGCCGAAAATATGTTCATGTATTTCGATTTGTCTGTTCTGTATGTTAAGTCGTAGCCAAATTGTTTTGTAAAAGCTAATGATGTCGAGAAGCTTATTGGTTTTTTGCCTCCAAACCATGGTTCAGAGAAAGAGAAACTGTATGTCTGAAAATTTGTACTTGCTTGTAAACGTAAAGATACTTTCTGACCGTCACCCATAGGTAATGGTCTGTATGATTTTTTATTAAAAATATTTCCAATAGAAAAGTTGTTAAAAGAAAGCCCTAGCGTTCCTATAAATCCACCACCACCGTAACCACCTTGTAGCTCTATTTGACTGGCTCCTTTTTCTACTAAATGGTATTTAATATCTACGGTTCCTGCTGCGGGATCTACATTTTCGAAATCTGGTTTTATAGATTCGGGATCAAAAAAGCCTAATTGTCCTATCTCACGAATGGTTCTAATTAATGTTTCTTTGCTGTATATGTTTCCTGGTTTTGTGCGAAGTTCTCTATATATAACTTTGTCATTTGTCTTGTCATTTCCTACAACTGATATTTTGTTAAAATATGCTAATGGTCCTTCGGTTACACGAATTTCCATATTGATGATGTTGTTTGCCGTAGAAACTTCAACTGGGTTTATGGTAGAAAAAAGGTATCCATTGTTTTGGTATAAATTGGTTAAGTCTTCACTATCTGGACTAGATTTGTCTGCAATTCTTTTTTCTAGTAAAACACCGTTGTAAACATCGCCTTTTTTGATGCCTAAAACTCTACCTAATAATTGGTCATTGTAAATCGTATTTCCTAAGAATTTTATATCTCCAAAATAATATTTATTTCCTTCTTCGACATTTATACTAATGGCTACTGTGTTTTTTTCTTTTTCGTAAGTTACGGAATCGGATATTATTCTTGCATCACGATATCCGTTTTCTTTGTACTTGTTTATAATTGATGTTAAGTCTTCTTTGTACTTATCTTTTATGTATTTAGATGATTTTAAGATACGAAAAACACTTTGTTGTTTTGTGTTTTTCATGGCAGAACGAATTTTTTCATCTGTAAATTGTGTATTCCCATTTACAGTGATTTTTGATACTTTAACTTTTTTACCTTTATCTACATTTACAACCATATTTACATGGTTTATAGTTTCGGTATCTTCGGTAGTTGCGATATTTACTTTTGTATTGTAGTACCCTTCTTTTTTATATTTGTTTTCAATATAATTTTTAGTGGTTGTAATAAGGTTTTCGTTAACTATTTTTTCAGGAGTTAGTTCCGTGTCTTTTGTGATAGATTCTAGTTTTCCTTTTTTAATGCCTATAAACTTTACTTCTTTTAGTTTTGGAAGTTCATT
NZ_CP176805.1_gap4	223367	226818	3451	AAAGAACTAATTTGGCAAGGAGAAGGCGTAGGCTATTTAACTAAAAACACCAACAAAAAAGACGAAAACATAAAATGTTTCGTCAATAGCATTTTATTGCAATATCCACCAGTAAGCAAATAAAGTATAAAACTGAAAATTAAAAACCAAAACAAAAAAGTTTTGGTTTTTTTATACAATAAACTAAAAAAAACATTATTTAATCCCTAAATTTACTTCCAAACAATAATTACAATATTATGGAAGCGCATTTCGAAAGCAACCCGCTGATTAACAGATTGCCAAAACATTTAAAACAGTTTATAAAGCCACAAGATTATAGCGAATATACACCTATAAACCAAGCTGTATGGCGCTATGTGATGCGCAAAAATGTAAATTATCTGTCTAAAGTTGCTCACGAATCATATCTTGTAGGATTAGAAAAAACAGGCTTAGAAATAAATAATATCCCAAATATGTACGGCATGAACCGAATTTTAAAAGAAATTGGTTGGGCCGCTGTTGCCGTTGACGGATTTATTCCACCCAATGCATTTATGGAATTTCAAGCTTATAACGTCCTTGTTATTGCTGCCGATATCAGACAATTAGAACACATAGAATACACCCCCGCACCAGATATTATTCACGAAGGCGCAGGTCACGCACCTATTATTGCCAATCCTGAATATGCCGAATATTTACGCCGTTTTGGCGAAATAGGTTGCAAAGCAATCTCATCATCACGTGATTACGAAATGTACGAAGCGGTGCGGTTATTATCTATAGTAAAAGAAGCCGAAGGTACCCCTCAAGCCGAAATCGATGCTGCCGAAAGGCAAGTAGAATTCTTGCAAAATAATATGGGCGAAATGTCAGAAATGTCGCAAATAAGAAACTTACACTGGTGGACTGTTGAGTATGGTTTAATAGGAACCATAGAAACCCCCAAAATATATGGCGCAGGTTTGCTCTCATCTATTGGCGAAAGTGCTTGGTGCATGACAGATAATGTAATTAAAATCCCATATTCTATCGATGCGGTAAACCAAAGTTTCGATATTACAAAACCACAACCTCAGCTTTTTGTGACACCCGATTTTTCGTATTTAAGTGAAGTTTTAGAAGAGTTTGCAAACAAAATGGCTTTAAGAACTGGCGGATTATCTGGTATTCAAAAACTAATTAATTCGAAAGCCATTGGGACAATAGAGTTAAGTACTGGATTGCAAATTTCGGGTTTATTTGCAAATGTTATTGAAGACCAAGGGAAACCAATCTATGTACAAACCACAGGAAAAACAGCTTTATCTTATAGAGAAAAAGAATTAGTTGGTCACGGTACCTCTTATCATGCGGAAGGTTTTGGAAGCCCAATAGGGAAGCTAAAAGGAATTAATCTGGCTATCGAAGATATGAGTCCGAGAGATTTAAAAGCTTACGATATTTATGAATCAGGAAAGGTAACACTAGAATTTGAAGGAAATATTGTAGTTTCTGGAGAAATTATTACAGGTTCACGCAATTTGCAAGGCGAAATTATATTAATTAGTTTCAAAAATTGTACGGTTACTCATGGCGAAACCATTTTGTTTCAGCCAGAATGGGGAATTTATGATATGGCGGTTGGCAAAAAAGTAATTTCAGCTTTTTCTGGACCAGCAGATGTGCAAAGTTTTAATATGATTACACATATTCCATCATCTCAAACAATAAAGGCTAAAAAAACACCCGAACGTCATGAGTTAGAAGGCTTGTATGAAAATGTTAGAAATATTCGTGAAGGAAAATCGACCCATTTATCGCTAGAAGATACTTTTGGAAAATTGCTCGAAAACCACCCTAAAGATTGGTTGCTTTCGGTAGAAATTGTAGAATTAGTACAGGCTAAAGATACCGTTCTTAGCTCAAAAATAATTTCACATTTAGAAAGTTTGAAGAACTCTAGACCCGAAGTAAAAAAATTAATTAGCAATGGTTTAGAACTAATTTTCGAAAAAGAATCGGTATAAGAATCACGACTTTATTTTCGAAGAAAAATCACTTTCTTTTCCAATAATATTTCCTTCGTATTGTAATTTCCAACCCATACTGTTGGTTAGAATTAGCATTTTAGACAATTCAGAGATTAATCGATTTTGAGCATTAGATTTCAAAGTCGATTTTTCTATTTTATTTGCTAAACTTGTCTTAGCTTGTTTGTTTATTTTGTTATAATCATCGCCAGTAAAAGGGTTTAGTTTGCTTTGATCTACGTCGTAAAACTGAATGTCTGGAGAAATTTTTATCTCTTCTTTTGGGATATTAAGAATGGTAATTATTTTGTTTTTTTCATCAATATCATATTTCATTTCATGTAAATTATACGCAACAGTCACATCGGCATTTACTATAATTAATGCTTTTTTGTCGAAAGAAATCATACCTCCAAAATAAGTGTTTTGGTCTTTATAGGTAAGTACCTCGGCAAAATGGCCTTCGGTAACAACCAGTTTTCCTACATTTACAATTTGTTGTTGAATTAGTGCTGTGCTGTTTTCTAAGCTCGAATGGTCATCTTTTTTAAACGTACAAAACTTAAATAAAAACACAACTATAATGATTAAAACTATTCCGGTAATGATTCTGTTTCGCATAATTAAAATTTCATGAATGGATATATGACTACAAGTTTAGTAATTTTATCTCGAAGTTTCGATAAAAATTGTTGGTGAGAATCAGATTGCGAATGAAACGGTTTATGGTGTAGTCCTTTTTGAATATCACAAACCTGTTGCATGGTAGCAAATTCTTTTGAATCGATATAATTCTCGAAAAAACGAATCCAAATATAATTGATCGCCGTTTGGTTTGGATGCAACATATCTTCGGTATAAAAACGATAATCCCGTAGTTCATCTATCATGATTTCGAAACTTGGAAAGTAATTGATAATTGATAATTGACAGTTTGCAACTTTGTGAATTGCAGAAATTAAATGCGATTTGCTTAGTGTATTTTCTGCAAAGCCATCTTTAATATGGCGAACGGGAGAAACTGTAAAAATAAATTTGGCTTCTTTGTTTATTTCAGTAATTAAAGTGACTATGTTTTGTAAACTTTTATTGATGGTTTCTATCGGAAGTAATTCTTTTGTAAACTGTTTTTGTGGTACTTTATGGCAATTGGCAACAATTTCATTGGTTCCTATATCTCTATAAACCCAAGCTGTTCCTAGCGTGATAATGAAGTGAGTTGCTTGGGTTATTTGTACATGTGTCGAATCGATTAATTCGTTTAAAGTTTTTAGAAACTCTTCTTTGTTTGGATTAGACAATTCTGAATGCACTTCATAGCAATGCCAAGATTGATTATGAAAAAAAATAGCTGCTTCGGTAAAATAGTGTTTGTGAATACTTCTAAAAATTAGTTTTTCGATAGCAACAGCATTAAAAATAATGCCAAACGGATTGACCGTATTTTGAAACTT
NZ_CP176805.1_gap5	230734	232494	1760	TGTTGTATGTCAATATCTGAAAAGTTTGATTTTAAATCAATTTCAGCTTCATTTATTAAGTCTCTCTTTATTTTTAAATTTGTTAATTCTGAACTTGTTTTATTAATTTGATATTTTATTTGATTTAATTTGTCTAAATCAGCTTCAAAATTTTCATTCAAATTAAAATTTGATTTTCTAATATTTAGTTTTTCAATATCATTTTCAATAATTGCTAAAGTTGTCTCATAAGCAGTTTTTGTTTGAGATTTTTCAAGTCTGACTCTAAAAGAATCTTCTTGTTTTAATTTGGCTATTAAATTTTGTTTTTCATTTCCTTTACCAAAATCAATTCCTAGCATAAAAAGATGCAAAGTTTCATATTCAGCATCAGATGTATACTTGTCTAATGTTCTAAGAGTACTGTTTATATTTTCATCTTTGTATCTAATATTATGAGATATTATTTGTCTAAATGTTGGCTTTTCGGAATTATGATTTGGAAAAATTAAATTTAATAATTCAATCTCAAATTCATCCTCGGTATAATTCTTTTCATTAATTCTTCTAATTATTTGATTCCTTGATAAAAAATTTCTTTGAATTGTAACTTCTGTTGAATCTGAAACATCTAAATCATCTTTTAAAATTAATGTTATTAAAATATTTTGATCTCTTAAATACTCTTTTACTAACAGATTTTCTTCTTTTTTTGAATCAGGATCTACATAAATACCTTTTGCATTAGCACCTAGACAAAAATCAATTAATTGCAAAACAGTAGTCTTGCCAACACTATTACCTGTTTCGGTTCCATCCGACAATTCATTTTCTTGTGTTTCATCAATAATAAGATTCATTCCTTTACGGAAATTAATTTCTCTTATGAGATTACTGTTAGAAGTTATTTTTAATGATTTTAAGAACATAATATAATTTTACCTTTAGAATTTATTTTTGCGACATCAATAAGATATAACCAATCTAAACATAAGATAAATATTGAAAATGACATATTTATACTTTGTTTTACATTGTAATATAGTTCCAATATATTTTGAGAATTACTTTTTTGAAGTGATTTCAAAACAAATGCTCCATTATAATAGATGGAATTTTCTGGATGTATATTATCAGGAATTAGCATAATTGTAACTTAAAGGATTTTCAAAAATTTTACATCTAATAAAAGCATCTACAACAATAATTTTTACACATAACTCTAATTCATCAATTGGTATTTCAATAAAATTGGCACTATTAACAACTTTTTCTTTTACATTTTCAATTACTTGCAAAAATATATAATCTGAACTAGTATTTTGATGTTTTACAGATATTTCTACAAAACTAGAATTAACTGATTGTAAAACAGAAAGACTTTTATTTGAACCTTGAGTGTCAAATTCTGCATATTTTTTATCTAATCTACCATAATACATTGCATAATCTTCGATTGTTGATTTTGTTGCAACTAGAGAATTATGAGTAATTTTTCTGTCTATTTCAAAGCTATTTGTCTCTACCTTGTTAGATAAAGCTAGATTTTCTTTAGATAGGATATTTATAATAATAGCTAAATTTGAATCAAGTTTAACTATATCTACATCATTTCCGAGTTCTTTTTGGACTAATTGATAGATTTCTTTTTGCTTCTCAATATCGGTCGATAAAATAAAGTTTAATATCATTTTGTTATCAATAATATCTGAAGCAGGTTTAAAGTTTATTTTATGTGGATTTAAAAATGTTCCTTTTATCAAATCAGTTGATTCTTTTGA
NZ_CP176805.1_gap6	238965	241918	2953	ATCAGTAACTTCATTGCAAGACGATAATGTTAAGTTGAAAAAACAAATAGAGCAATTGCTGAAAGAAAAAATTGAAGGATTAAAAAATACTTTGGTTTCAGAATTTCAAGAAATTAATGGTATCAACTTCTTGTCGAAGCAAGTAGATTTAAGCATGAGTTCTACTAAAGATTTGCTACAAGCATTGGGAAGTTTAAAACCAAATTCGTTTGTTGTTCTAGCTTCAATAGAAGAAAATATGCCAAATATTCACTGTTATATTGCTAAAGAATTGGTGGCAGGAAAAGGCTTAAACGCTAATGTTGTTATTAAAGAATTAGGGAAATATATTGAAGGAAACGGTGGTGGACAACCATTTTTTGCCTCAGGAAAAGGGAAAAATGTAAGCGGTATTAAAGAAGCTTTGCAAAAAGCGATTGAGTTTGTAAAGTAGTATTGTGATATTGTTGGGGTTTATTGTTTAAAATAGCTTAATGCTATTAATTACAGTATTTTATGTTAGTAATTGGAGTAAAATATTTTTGAGGTTTTTTCTGCTTCAAAAATATTGCTTCATGCTTTTATTCTTTATTTTATTTTTTCGGAGTTCAGTACTTCGTTTGTAATATAAAGCCAATCCTACGACAAATAATGAAATTTAGAAAAGGCTCTAATTAATAGCATTTAAGTGTTTAAAATAAAAAAATCCTGGAACAACAAACAAATAGTTTGTTATTCCAGGATTTTAATTTATCCAAATATTAAAAACTACATATTTCTTCGATATTGACCGCCAACTTCAAACAAGGCACTCGTAATTTGTCCTAACGAACAAACTTTTGTAGCTTCCATTAAGTGTGCAAATAAGTTCTCGTTTTTGATAGCAGCTTCTTGTAATATATTTAGATGTTCTTCTACTTTATTAGCACTTCCTTTGTGTAAATTAGTTAACATATCTATTTGATATTGCTTTTCTTCTTCGGTAGCACGAATAACTTCGGCAGGAATAACCGTTGGAGAACCTTTAGAACTCAAGAAAGTGTTTACCCCAATAATTGGGAATTCACCCGTGTGTTTCAAGGTTTCGTAATACAAACTTTCTTCCTGAATTTTCGATCGTTGGTACATGGTTTCCATGGCACCAAGAACGCCGCCACGCTCAGTAATTCGGTCAAATTCTTGTAAAACAGCAGCTTCAACTAAATCGGTCAATTCTTCGATAATAAACGAACCTTGAATTGGGTTTTCGTTTTTCGCCAATCCTAATTCTTTATTAATAATTAACTGAATCGCCATGGCACGGCGCACAGATTCTTCCGTTGGCGTGGTAATCGCCTCATCATAAGCATTGGTATGCAACGAATTACAGTTGTCGTAAATTGCATATAAAGCTTGTAAAGTGGTGCGAATATCATTAAAATCTATTTCTTGGGCGTGAAGCGAACGACCCGATGTTTGAATATGGTATTTCAACATTTGTGCTCTTTCGTTAGCTCCGTATTTATTTTTCATGGCTTTCGCCCAAATTTTACGTGCCACACGACCAATTACGGCATATTCTGGATCGATTCCGTTTGAGAAAAAGAATGATAAGTTAGGACCAAAATCATTAATATTCATACCACGACTCAAATAATATTCCACGTAAGTGAATCCATTAGAAAGTGTAAATGCCAATTGCGTGATTGGATTAGAACCTGCTTCGGCAATGTGATAACCCGAAATAGAAACCGAATAAAAGTTTCTTACGTTTTCTTTGATGAAGTATTCTTGTACGTCTCCCATTAATCGCAAGGCAAATTCGGTCGAGAAAATACATGTATTCTGCGCTTGGTCTTCTTTAAGGATATCCGCTTGAACGGTACCACGAACTTGAGATAATGTTCTTATTTTAATATCATTATAAACGTCGGCAGGCAAAACTTGATCTCCAGTAACTCCTAACAACATTAAACCTAAACCATTATTACCAGCAGGAATTTCTCCTTGGTAACTTGGTCTTGTAATGCCTTTTTTCTTGTAGATTTCATTTATTTTTTCTTGAACTTCTACTTCAAGATTATTTTCTTTAATGTAATGTTCACATTGTTGGTCTATAGCTGCATTCATAAAAAAACCTAACAACATGGGAGCGGGCCCATTTATAGTCATAGAAACTGAGGTCATGGCATGCACCAAATCGAAACCTGAATACAGTTTTTTAGCATCATCTAAACAACAAATAGAAACCCCTGCGTTTCCAATTTTTCCGTAAATATCAGGGCGAACATGCGGATCGTTTCCGTATAAAGTTACACTATCAAAAGCGGTAGAAAGCCTTTTTGCTGGCAATCCTGCAGAAACATAATGAAAACGTTTGTTGGTTCGTTCTGGCCCACCTTCTCCTGCAAACATTCTTGACGGATCTTCTCCTTCACGTTTGAACGGATATAATCCCGAAGCAAAAGGAAATTCTCCTGGTACATTTTCTTGCAAATTCCATTTCAAGATATCGCCCCAAGCTTGGTATTTTGGTAATGAGATTTTTGGTATTTGAGAATGTGATAAACTTTCGGTATGTGTAGCGATTTTTATTTCCTTATCACGTACTTTGAAGGTGTAGAAAGGATTTTTGTATTTATTTACTTTCTCATTCCAAGTGAGAATGATTTCCCAGTTGTAGGAATCGAGATTCATTTTTACTCTGTCGAATTCTTTTAATAACAGTATAATAAATGGATGAGATTCTTCCTTCGTCAGAATGACAAAACTATCGTCAATTCCTGCTTTATTTAAAACTAATGATTTTTCAGAAACACTTTCAATGGTTTTGAAAATTCCGTATAGTTTTTGAGCCACTTCTACTTGAGTAAGTGCTATTTCATCGTATTTTCGATTATTTTCGGCAATTTCAGACAAATATCGTGTTCTGTGTGGCGGAATGACAAAAATTTTCTCGCTCATTTCACGAGTGATTTTGAAAGTCGATTTTAAG
NZ_CP176805.1_gap7	373565	378317	4752	AGGTTGTCGCCGTTATGATGGAGCAATTCAGGGCTTTGGCGGTTGCCCTATGGCAAAAGACGATTTAACGGGAAATATGCCAACCGAAAAAATATTATCCTATTTTACCACTCAAAAACAAAACACAAACACCAGCCCGATGAGCTTCGAAAGTGCTTATAACGAAGCATCAAAAATATTCAATTTATATCATTAGTATTTTTAGGAGCTATTTCCAGCTTTTCGCTACAAAATTTCTCATACAATTATTTTTTTCTAAGTCAAAAAACGAACTTCCTTTGGTCGTTGTTTTTTGCCAAGAAAAAATACAATTGTATTTCAAAATGTTTTCCACTACAATCTGGGCTAAATCATCAGTAATAAATAAATACTAGAATTAATCAATTAGCAATCCAATCATCATTGCAATCCCAAAACTAAGCATTGTTCCAATTAGCACATATTCAGTTTTAATTGTATTGGTATCTTTATATCTCAAAATAGATTTTGCAGCAATAAGAAACCCTACTACTTCCAGTTTTCCAATAATTACAAAAGTTAATACTAAGATTCGTTCTAAAATTCCAATTAGTTTTCCAGCATTTTTAAGTTCGACAGTAGTATCTGAAATGCTTTCAATTTTACCTGCAACAAAGGTTTCTCTAAGTTTACATCAAACGAAAATAACCACGAACAGATAAAAGTAATTAAAAGCATTTTTTAATAAAAATTGACTTTTAAAATCATTTTCATTTTCTCTTTTGCACTAGCATCTGTCTAAAAAAAAATAATTACCCAATATATGTGCTATGATTTCTAAAATAAGCATTTTTACCATCATGATTTCATTTCTTTAGAACTAAAATAAACTACAGATTTCTCAGTTTTATTACCGCCAATACTGGTTAGTTGTCTATTTACTATTGCTTGTTTCACTCCAATTAGAGTAGCAATTTCTTGCTCGCTCAATCCCAATAAACGAAGGTATAAAATGTAGCTTTTTTTTGCTGTTGCATTACTCACTAAAACATCTAATAAAGCTACAATACTTTACCTCGTAAATAATCAATATGAGTAATTAAAACAATAGCTTTTATATAATTTTTTATTATAATGGCTATCGCTAAAGCATCTATAGGATTTTCGATTACCATTTCTAAATAATCCCTTTTATCACTCTTCCATAAATAGAAAAAATATTTCCTAATATCAAAATTAATGATTTTAACTCCAATTCTGAAATAGATTTGGCTTCATAGCTAAACTAGTAGAAGCAATAATATCTCCTGATAAAACTATTTTTTTATTCATCTTTTCTACTTTTAAGAAAACAAAAACATAGTTTTTTTAGCCATGTATTAGAATAAACCCAATTCAAAACTGACTTGATTTTATAAATCTCAAATCTAACATCTGAAATCTAAAATTAAAACACTATATTTGCACGCAATTTAACTACAACTTCAAATTGCATATGAAAGCACACAATTCTAAAATCATCGGAGAAGGACTAACTTACGATGATGTATTACTTATTCCAAGTTATTCAGAGGTATTGCCACGCGAAGTAAGTATAAAAACACATTTTTCACGAAATATAACACTAAACACCCCCATAGTTTCTGCTGCCATGGATACCGTGACCGAAAGTGCTATGGCAATAGCAATGGCACAAGAAGGAGGGATAGGTGTTTTGCATAAAAACATGACCATCGAGCAACAAGCAGCAAAAGTACGTAAAGTAAAACGTGCGGAGTCTGGTATGATAATCGATCCGGTTACTTTACTAATGACCGCTACAGTTGCAGATGCTAAAATGGCAATGAAAGAGTTTGGTATTGGCGGTATTCCAATAGTAGATGAAAATAAAACCTTAAAAGGAATAGTTACCAATAGAGATTTGCGTTTCGAAAAAAATGGCTCAAGACCTATTGTAGAAATAATGACTAAAGAAAATTTAGTTACCGTTGCCGAAGGCACTTCATTACAAGAAGCAGAAGTTGTACTACAAGGTCATAAAATAGAAAAACTTCCTGTAATAAATCATAAAAACGAGTTAGTAGGTTTAATCACTTTTAGAGATATTACAAAATTAACCCAAAAACCAAACGCCAACAAAGATAAATTTGGCCGTTTGCGTGTTGCAGCAGCGCTTGGTGTTACCGCCGATGCAGTTGAAAGAGCAACTGCACTTGTAAATGCAGGTGTCGATGCAGTAATTATAGACACAGCCCACGGACACACAAAAGGTGTGGTTGATGTGTTAAAACTAGTAAAAGCAAAATTCCCAGATTTAGATGTTATAGTAGGAAATATAGCCACACCAGAAGCTGCTCTATATTTAGTAGAAAACGGTGCCGATGCTGTAAAGGTAGGAATAGGGCCAGGCTCTATATGTACCACCCGTGTAGTTGCAGGAGTAGGTTTTCCTCAATTTTCGGCAGTACTAGAAGTAGCAGCAGCGCTAAAAGGAACAGGAGTTCCAGTAATTGCCGATGGCGGTATTCGTTACACAGGCGATATTCCTAAAGCTATTGCAGCAGGAGCAGACTGTGTGATGTTAGGATCGCTTTTAGCAGGAACAAAAGAATCTCCAGGTGAAACCATTATTTTTGAAGGTAGAAAATTTAAATCTTATCGAGGAATGGGCTCCGTTGAAGCCATGCAAGAAGGATCTAAAGATCGTTATTTTCAAGATGTAGAAGACGATATCAAAAAATTAGTTCCCGAAGGAATCGTAGGGCGAGTACCATATAAAGGAGAATTGAACGAAAGTATGCAACAATTTATTGGCGGGCTTCGTGCAGGAATGGGGTACTGTGGTGCCAAAGACATTGCGACGCTACAGGAAACAGGACGTTTTGTAAGAATCACCACCAGCGGAATAGGCGAAAGTCACCCGCATAATGTTACCATTACTAAGGAAGCACCCAATTATTCGAGGTAATTAAAACACACATCTTTTGTTCATACGAAAAGAAAAATTAGCCAAAGATTAATACGGATTTTTACAGATTTACATTAATTAAGAAATTAAACATGTTGCTGTAAAAATCCTGTTAAAAAAAAACAATACAATCATGCAGCTCGTATTTGCTTCAAACAATAAAAATAAAATCCTAGAAATACAAAGTATGCTTCCAGAAAGCATCAAAATACTTAGTCTTTCAGATATAGGATGTCATGAAGATATTCCTGAAACTGCTAATACTATAGAAGGGAATGCTATTCTAAAAGCAAATTATGTAACCCAAAAATACGGTTACGATTGTTTTGCTGACGATACAGGACTTGAAGTCGAAGTACTAAACGGACAACCAGGTGTTTTTTCTGCTCGTTATGCTGGCGAACAACGTAATGACAACGATAATATGGATAAGTTATTGACTGAATTAGATGATAAAACCAATAGAAATGCCCAATTTAAAACTGTTATTTGTTTAAATATTAATAACAAACAGCATTTATTTACAGGAATTGCTAAAGGAAATATTGTTAAAAATAAGATTGGAAATCAGGGTTTTGGCTACGATCCTATCTTTCAACCAGAAGGTTATCAATATACTTTTGCTCAAATTTCGCTCGAAGAAAAAGCAAATATTAGCCATCGTGGCAAAGCAACAAGAGCGCTTATAGACTTCTTTAAAAATTAACGTATTGATTTTCAATTGTTAATAAATTTTTAATTCTCCATTTAACATTAGTTTATTTCGTTTATTCGACGTACTTTTGCACCGAATTTAAAAATAAATAATGAACAAATTTGAACAATTAGGATTGACAGAATCGCTACTACGTGCGATTATCGATCTAGGATTTGAGAATCCGACCGAAGTACAAGAGAAAGCGATTCCGATGCTATTGGAAAAAGACATTGATTTAGTTGCGTTGGCTCAGACAGGGACAGGGAAAACAGCAGCTTTTGGTTTTCCAGTCATTCAAAAAATTGATGCCAACAATAGAAATACACAGGCGTTAATTTTATCACCTACTCGCGAACTATGTTTGCAGATTACAAACGAACTTAAAAACTACTCGAAATACGAAAAAGGTATCAATGTAGTAGCGGTTTACGGAGGTGCAAGTATCACAGAACAAGCAAGAGACATCAAAAGAGGAGCACAAATTATTGTAGCAACTCCAGGAAGAATGCAAGACATGATTAACAGAAGGTTAGTTGATATTTCTCAAATAAACTACTGTATTCTTGATGAGGCAGACGAAATGTTAAACATGGGTTTCTACGAAGACATCGTAAATATCCTATCTACAACGCCAGATGAGAAAAACACTTGGTTATTCTCTGCTACAATGCCTGCTGAAGTAGCTAGAATTGGAAAACAATTCATGACCGATCCAATAGAAATTACTGTGGGAGCTAAAAACTCAGGTTCTGCAACAGTTTCTCACGAATATTACTTAGTAAATGCACGTGATCGTTACGAAGCTTTAAAACGTTTAGCCGATGCTAATCCAGACATTTTCTCAGTAGTTTTTTGTAGAACAAAACGTGATACACAAGCTGTGGCTGAAAAATTAGTCGAAGATGGATATAGTGCTGCTGCTTTGCACGGAGATTTATCTCAAGCACAACGTGATGGAGTTATGAAAGCTTTTCGTGGTCGTCAAATACAAATGCTTGTAGCTACTGATGTGGCTGCTCGTGGAATCGATGTTGATAATGTTACACACGTTGTAAATTACCAATTGCCAGACGAAATAGAAACCTACAATCACCGTTCTGGTCGTACAGGACGTGCAGGAAAACTAGGA
NZ_CP176805.1_gap8	379869	382196	2327	ATCTCGAAGTCGATTCGAAACTCATTCCCGAAAAAGAAAATTACTGGTACAATATTTCTGGACTAACCAGTAGATATGAAGCTGGCGAGAGTTCTCCAGGTGCTTTTGGTAGGGTTATGAATTCTTTGTTTAATCCAGCAGATATGCTTTACAATTTCTTTGGTAAAAAACCAAAAGAACTTAAAAGGCTTAAAGAATTGAAAAAAGATGAAAATTTAAGAAATTTGCTTCAAACAAAATACGATCATCAAACTATTTACTTGCTTTTAGGTATCGATAAAAAAGAGCTTACTGAAATTTTGCAGCGTTGTAGCTACTCTGAAACATTTGTAAAAACAGCAAATGATTTACAAATTTTAGATGCTATAAACGGCTGTTATGAGGAATATAAAGTTTTAAAAAAATAGTTTAAAAAAAAATCACAATGGAATATTTAGGCTATTTTGCTTCAATACTTATAGGAATTTCATTAGGATTAATAGGAGGTGGTGGTTCTATTCTTACCATACCTATATTGGTATATTTATTTAAAATAAATCCAGAAAATGCCACTAGTTATTCCTTATTTATAGTAGGAATAACAGCGGGAATAGGGTCTTATAAGCATTACTTGTTAGGGAATTTAAAAATAAAATCGGCTTTGTATTTTGCCTTTCCTTCTGTATTATCACTATTATTTGTTCGAAAAATAATATTGCCTAATATTCCCAATCATTTGTTTGTCGTCAATAATTTTGAGGTTACGAAGAATTCACTCATTATGATTGTTTTTGCAATATTGATGATTTTTGCATCTATATCAATGATAAAAAAATCAAATTCTAATAAAAAAACAGAAGGAATTGGCTTTGTTCAGTTGTCTTTTATTGGGTTAATAGTTGGTTTTGTAACAGGTTTTTTAGGTGCTGGAGGCGGTTTTCTTATTATTCCTGCATTAGTGTTTTTTGCCAGTTTAGAAATGAAGCAGGCTATAGGAACTTCCTTATTTATTATTTTTATTAATTCGATGATAGGATTTGGTGGCGATATTATAAACGGAATTGAAGTAGATTATAAATTGCTATTAATCATATCATCAATAGCGATTTTGGGAATGTTTATAGGAACTCATTTGTCAAAAAAAATAGATGGTGCTAAATTAAAACCAGCTTTTGGTTGGTTTGTTTTGGTCATGGGAGGGTATATTATTTATAAAGAATTTTTTTTATAAATATAAAATAGAACTGTGATAATTATCACTAATTATAAAAAAAAGAAGGCTTATTTTTGTCTAATCATATTGAAAAAATATCATGCAAATAGAACAAATTTACACAGGATGTTTAGCTCAAGGAGCTTATTATATTACTTCAAATGGTGAGGCTGTTATTATAGACCCACTTCGTGAAACAAAACCTTATCTAGACAGGCTAGAAAGAGATAATGTGAAGTTGAAATATATTTTTGAAACCCATTTTCATGCCGATTTTGTTTCTGGTCATTTAGATTTAAGCACAAAAACTGGCGCATCAATTGTTTATGGGCCTACTGCAAAACCTGATTTCGAATTTATTTCTGCTCATGATAACCAAGAATTTACCATAGGGAATATTAAAATAAAAGTATTACACACCCCTGGACATACTATGGAAAGTTCTTGTTTTTTGCTTATTGACGAAAACGGAAAAGACAAAGCTGTTTTCTCAGGAGATACTTTGTTTATTGGTGATGTGGGGCGACCAGATTTAGCACAAAAAGCCGCATCAATGACACAAGATGAGTTGGCTGGCATATTGTTTGATTCATTAAGAACAAAAATAATGACACTTGCTGACGATGTAATAGTATATCCCGCACATGGTGCCGGTTCTGCTTGTGGCAAAAATATGAGTAAAGAAACGGTATCTACTATAGGAGAACAAAAACAATCTAATTATGCACTAAGAGCTAATATGACTAAAGCTGAATTTATTGCCGAAGTAACAGATGGTTTATTACCGCCTCCGTCGTATTTTGGAATGAATGTAGCCATGAATAAATCAGGAATTCCTAGTTTCGAAAATGTATTGCACGCCGGCATGAAAGCGTTATCAGTAACAGAATTTGAAGCCATTGCTGAAGAAACTACCGCTTTAATTTTAGATACCAGAAACAATAGCGATTTTGCTAAAGGACATATTCCGCAATCTATAAATATTGGCATCGCTGGAGATTTTGCCCCTTGGGTAGGTGCATTAATTGCCAATGTAAACCAGCCAATAATCATAGTTTCAGACATTGGTAAAGAAGAAGAAACCATAACTAGACTAAGCCGTGTAGGTTTCGATACTATTTTAGGCCATTTGCAA
NZ_CP176805.1_gap9	383655	387025	3370	ACACTTCGATGCAAGTTAATTTATCATAAATTAGATTGAAGCCGTTTTAATACATAATAATTTCGAAATTCATCAAAAACAAAATTTATATTATACATAATTTTTAACTGAAAAACATAAAGAAAATATCCGGTAACCGCCCGAAATAAATTGCATTTCCCAAGAAAAAAAATAAAAACAATAAGTATTAAATATTAAAAACCATATAAAATGAAAAAATTAATTTCAACATTAGCAATTGTAACATTCTTATTTACAACAAACATCAACGCTCAAGAAGCAAAACCAAAAGATAAGAAAGAATGTACTACTCATAAAGATAAAAAAACATGTGATCATAAAGATAAAAAAACATGTACTAAAGAAGAAATGAAATCTTGTACGAAAGATAAAAAGGCAGGATGTTGTGCAAAAAAATAAAATTTAAAATAAAATTTTAGACCACATTTTAAAGTGTTTGAGCAATCAAACACTTTTTTTTTGTCTATGTGACATTTGTTACTGACTTCCCCTTTTTCGCATTATATATTTGCTTCATTATTTAGAAATACAATCATGAAGAAAATAAATTTAATAGTACTCCTAGCAACAATTTCCTTTTCAACCATTAGTTATAGTCAGGATACTTTGGCTATTTCTAAAAAAGATATTTGGCAAAAAGCATCCGACAAAAACCTACAAATTAAAATAGGAAATCAGAATTTTAAATCGGCACAAGCAGATTATAAACAATCTAATTCACTATTCTTACCTAGTATTACTGCTTCACATACAGCGATTTCCACAACAAATCCTTTGATGGCTTTTGGTTCTAAATTGAATCAGGAAATAGTAACAGCCTCAGATTTTAATCCAGATTTGTTAAATAATCCAGCTAAAATTCAAAATTTTGCTACAAAATTCGAAATCCAACAACCATTAATTAATATAGATGGAATTTACGCAAGGCAAGCAGCCAAAGTTAAAATGGAAGCGTTTCAATTGCAAACCGAACGCACAAAAGAACACCTAGAACTTGATCTTTCTAAAACATTTATGCAATTACAATTGGCATACAAAGCTGTAAAAGTTTTAGAAAAAGCAAATGCAACTGGTAAAGCCAATTTAAAATTGGTTGGAAACTATTTTAAACAGGGAATGGTACAAAAAACCGATTTGCTTAATGTTGAAGTTCGTGTTAATGAAATTACAAATCAGTTGCAATACGCAAAAAGTAATGTTCAAAACGTGTCCGATTATTTGGGTTTTCTTCTAAATGAGGATACTACAAATAAAGTATTTAAACCTCTCGAAGAATTAGATAATATTATTTTTATTGAAGCTGTAAACGCTCAGTTATCTGATAATAGAAAAGATATTCAGGCCATGAATAAATTGGCAGAAGCCTATAAAAAAATGCTACAATCGAGCAAAATGAATTTCTTACCTAGATTAAACGCTTTTGGAAGTTATGAGTTGTATGATCATACTTTATTTGGTACAAGTGCAAAAGGTTATTTAGTTGGTGCTCAATTGTCTTGGAGTTTTTTTGATGGTTATAAATCTATCGGGAAAACGGAAAAAGCCAAAGCCGATTTTCAAAAAGCGGCAATAGAAACTCAGCAATACAAAGCGCAAAGTCAATTAGATTTGAATAAAACCAATCGCCAATTGAAAGATGCCGAAAACAAAGTAACCTTATCAAGATTAGCTTTCGAACAATCGGAAGAAGCGTATAGAATACGTCAAAATCGTTTCAGCCAAGGTTTAGAAAAAACTACCGATTTATTACAGTCTGAAACACAAATGATTCAGAAAGAATTGGAACACTTACAATCGGTTTTCGAATATAATTTTACTAAACAATACTTACAATTTTTAACAAGATAATTATGAAAAAAATATTTTTAACAAGCATAGTCCTTTCTCTTACTTTATTCCTTTCATGCGGAAAAGAGAAAACCGAAATAACAAACAATACACCAGCAATTGCTGTAAAAGTAAGCGGAATATCTGCCAATACTAATTCGCCTTTTGTAACTGCTAGCGGAAAAATTGAGGCCGAAAATAGCGCCAATGTTTCTACCAGAATGATGGGTTATGTTACTAAAGTTCACGTAAAAGTAGGACAAAAAGTAACTGCTGGACAATTATTAGTAAGTGTAAACAACACCGATTTGCAAGCCAAAAAAGCACAAGTAGAGGCTTCTATTTTGCAAGCAACTGCAGCTTTTAGCAATGCTAAAAAGGATTATGATCGATTTACGGCTTTATTTAATCAACAAAGTGCTTCGCAAAAAGAACTAGATGATATGACCTCACGCTACGAAATGGCAAAAGCTGGTTTAGAAGGGGCAAAACAAATGCGTAACGAAGTAATGGCGCAGTTTTCTTATGCTAATATTACGGCTCCATTTTTAGGCGAAGTAACCAATACATTTGTTAAAGAAGGCGATATGGCAAATCCAGGAATGCCATTAGTAAGTCTTGAAGGTGCTTCTCGTTTGCAAGTTACTGCAATGGTATCGGAAAGTGACATCACATCGATTAAAAATGGAATGAATGTAAAAGTTTTAGTAAAATCGACCAATCAGGAATTATCTGGAAAAGTGGTTGAAGTAAGTGGTTCGGCAAAAAATACTGGTGGACAATATTTGGTAAAAATTAATTTAAATACAACTGGAAACAAAGTCTTATCTGGCATGTTTGTTAATGTGCAATTTCCTGTTGCGAATCAAATACAAACCGCAACAAAACAATCTGATAAGGTCTTAATCCCAGAAAGTGCTTTAGTAAAACAAGGACAACTAACTGGAATTTATACCATTGGAAACGGAAATAGAGCTATTTTAAGATGGTTGCGAATTGGTAAAACATTCGGTAATCAAGTCGAGGTTTTATCTGGATTGTCGTTTAACGAGCAATATATAGTTTCTGCTGATGGCAAATTATATAATGGTGCCAAAGTGAATTTTTGATAATTTGATTTCAGAGAATTTTCTCTATAAAATTAAGAGTTGGTTTATAAAACAATGCCGCGTAAGGGATAGTAGTGGAAATCCTTTTTGAGAGGAACGAACAAAAAGATTGTAACGAATAGCCCGACCCGCTTTTTCAGCGGGTTACGCCCAAATAAAAAAAAATTATGCAAGAAGGTATATCAGGTAAAATAGCACATTTTTTTATTAATTCGAAATTGACCATTTTGTTGATGGTGGGTTTGATGATAATTGGAGTGTACAGCTCGTTTTTAATTCCGAGGGAAGAAGAGCCACAAATAAATGTTCCTATGGCCGATGTCATGGTGGGTTATCCCGGTGCTAGCCCAAGTGAGGTAGAAAGTCGTGTTGTAAAACCATTAGAAAAAATATTATCTAATATAAAAGGGGTA
NZ_CP176805.1_gap10	388216	390791	2575	ATGCCTATTGGCGCTTCGATTGCGATGTTACTTTCGTTATTTGTTGCCTTGACTGTAACGCCTTATTTGGGGTATCATTTGCTTCAAGAAAAAGACGAGCAAAAACACAAAGAGGAAGAAGGTTTAGAAACCAATTGGATTTATAAAATTTACAACAAATTAGAACGTCCGTTATTAGAAAGTAGTAAAAAAAGAAGAATTTTAATCGGACTAACGGTTTTGCTTTTAATAGGTTCGGTTACAATGTTTTTTACCAAATCGGTGATTGTAAAAATGTTGCCTTTTGATAATAAAAACGAATTTCAAGTAGTGATTGATATGCCCGAAGGAACCACTTTAGAAAGAACAGCGGCAGTAACTCAAGAAATTGCACAATATCTTTCTACTGTTCCAGAAGTGGTAAATTATCAAAATTATATCGGAACATCAGCACCTATAACCTTCAACGGATTAGTACGTCATTACGATTTACGTGGTGGCAGTAATATGGCAGACATTCAGGTCAATTTGTTGCACAAAGAAAATCGTGACTTACAAAGTCATGGCATTGCTAAAATAGTTCGTCCCGAAGTGCAAAAAATTGCTAAAAAATATGGTGCCAATGTAAAAATTATCGAAGTTCCGCCAGGACCACCAGTATTATCTACTTTGGTTGCCGAGATTTATGGCCCAAATTACAAAGACCAAATTAAAGTAGCCAATCAGGTGAAAGGTATTTTAGAAACGACTTCAGATATTGTAGATGTCGATTGGATGACCGAAGACAATCAAACAGAATACAAACTTGAGGTAGATAAAGAAAAAGCCATGCTAAACGGAATTGCGCCTCAACAAATTATTGGAAATTTGACTTATTTATTAAAAGAATATCCAATTTCTAATTTATATGATGAAAATTCTAATGGCAATGTAGGTATTGTGCTTTCGCTCGACGATAAAGACAAAACTTCATTACAAGACATCGAAAATCTGAAAATAAAAGGCAGTCGTGGTAATGTAGTTCCTGTAAGCGATTTGGTAAAAGTGATTAAAGATACTTTACAGAAAACCATTTACAGAAAAGATCAAAAGCGAGTGGTTTATGTAACTGCAGATATGGCTGGAGCCTTAGAAAGTCCTGTATATGCTATTTTAGGAATGAATGAAAAACTCCAAAAAATGCACTTACCAAAAGGGTATAAAGTTAATGAGTTGTATATGGATCAACCATCGGACGAAAGTGATTTTACCGTAAAATGGGACGGAGAATGGCAAATTACACTAGAAGTATTTCGTGATCTAGGTGTAGCTTTTATGGTTGTTATTGTTATTATTTATATGTTGATCGTAGGTTGGTTTCAAAATTTTAAAACCCCAATGGTCATGATGATGGCAATACCACTATCGTTAATAGGAATTGTATTCGGACACTGGTTGTTAGGTGCCTTTTTTACAGCAACGTCTTTTATAGGAATGATTGCTTTGGCTGGAGTAATGGTACGAAACTCAGTTCTATTAATAGACTTTATAGAAATCCGACTCAACGATGGTATTCCGTTAAAACAAGCCATTATTGAAGCAGGCGCTGTGAGAACAACCCCAATTTTACTAACCACAGGAGCAGTAGTTATTGGCGCATCTATCATATTATTTGATCCAATCTTTCAAGGATTAGCCATTTCGTTAGTATTTGGAGCCATTGTTTCTACGATATTAACCTTGTTAGTAGTGCCTATTATTTATTATGTTACTGAAAGAAAAAAATGGGAAAAAACTGTTGAAGAAACAGATAACGACATCATTAATTAATAAAAAATTAAAATTATGAAAAATAAAATTTTTAGAATAATAGTTGGTTCATTTATCTTAATCAGTTTACTATTGTCAATCTATGTCAATCAAAACTGGTTGTGGTTTACGGCTTTTATAGGAGTAAATTTATTTCAATCGGGAATTACAAAATGGTGTTTATTGGAAATTATATTGTCTAAATTAGGATTCAAAGATTAGATGATTTTTAGAAATGAAGCTCGATTATATATTATAATATCGGGCTTCTATTCTTTTAATATCTTTAATAGAATTTTTAGCCCAAGCCAATCTTTTTTCTAGGATTTCATCATCAGATAATTTCCAATTCACATCAGATTTGCGTAATCTTTCGGTTAGATTTTGAATGATAATTGCTGCCGAAACCGATATGTTTAAACTTTCGGTAAAACCAACCATCGGGATTTTCAGAAAACCATCGGCTTGTTTGAGAATTTCTTCCGACAAACCATCTCTTTCGGTACCAAAAAACAAAGCACTTGGTTTAGAAATATCAAAATCTTCTAGCAAACAATCATTTTCATGTGGCGTGGTGGCAATAATCTGATACCCTTTGTTTTTTAAACTTTCGATACAATTTGTAACGCTATCAAAAGTATTAATATCTACCCATTTCTGAGCGCCCATCGCAATTTCCTTATCAATACTTTTGCCATATCTTTCCTCGATTACATTAAGTTCTTGAATTCCAAAAACTTCGCAACTTCGCATGACGGCACTTGTATTATGCATCTGAAAAATATCTTCAACAGCAATTGTAAAATGG
NZ_CP176805.1_gap11	398364	400640	2276	CAGGATTATTTGCCATAGGAGCAAACGCAACTAGCTTAATGGCTACTTCCGAATATGCTAAAGAAAGTACTCGTGGAAAAAGTAAATTAACTTACAATCCTGATGGTACTAAAAACACAAATTTTGGAGGTATGACCTATGATTATATTACCGAATATAGTTATGGTATAGCCGAAAGTTTAAATTTAATTTCTCCAAGAATATTTGGGGGGTCAAATAGCGAAAATCTAGGAACCGATTCTGCGATGTACGAGTACGCAATTGCACAAAACGTTCCCGAAGATCAAGCCAAAGAAATTGTAAAAGGTTTGCCTACTTATTGGGGAGATCAACCCATTGTAGCTGCTCCAGCCTACATTGGTGCTGTAGTTTTCTTTTTGGCAGTTATAGCGCTTTTTTGCGACAAACGAAAAATAAAATATATTTTCTTGGCGGGTGCAATTATAGCATTATTACTTTCTTGGGGTAAAAATTTCCCAATATTGACTGATTTTTTCATCAATTTTGTACCCATGTATGATAAATTTAGAGCTGTTTCTTCGATACAAATCATACTCGAAATTTGTATGCCTGTACTGGCTATGATGGGATTACAATCATTTTTTATATTAGACGACAAAGAAAAATGGACAAACTTGTGGAAATCAGCTTCGGTAAGTATAGGAATTTTAGCACTGTTATTCGTTTTTAAAGGTAGTTTTAGTTTTGCAGCGGGAAGCGATCGTTATTTAGCAGAATCTTATGGCCCAGAATTTATTGATGCTCTAAAACTAGACAGAAAAACCATGTTTACTGCCGATTTGTTGCGTTCTTCATTTCTAATCCTAATGGCTTTTGGCGTGTTATGGCTGTCTATAAAAAATACCATTTCCCATAAAGTGGCAGTAATTATTGTGGGAATAATAATGATTTCAGATTTATTTTTTATAGATAAAAATTACCTGAATAATTCGAATTTTGTTTCTAAACAAGAAGTAGAACAACCTATTGAAGAAACCGAATTAGATGCAACCATCTTAAAAGACAAATCGTATTATCGTGTTTTTGAAGTTTCTCAAAATGTGATGAGTGATCCAAGAGCTTCTTATTTTCATAAATCAATTGGAGGTTATAGTGCAGTAAAGCCTAAACGAATGCAAGATTTATTCGATTATCAAATTGCTAACAATAACATGGAAGTAATTAATATGCTAAATGTTAAATACTTAATTCAAACCAATAAAAAAGGAGAAAAAATAGCTATTCATAATACACAAGCTAATGGAAATGCTTGGTTTATAAAGAATATTGTTAGTGTAAAATCTGCTGATGCAGAAATGAAAGCTTTGAATAAATTGGATACCAAAAACAAAGTTGTAATACATTATGAAGAGGTCAAAGAATCTTTAGTTAATAAATTCACAACAGAAGGTGCTACAATAAAATTAACTTCTTACGAGCCAAATGACTTAAAATATATTTCAAATAATACTAATAATGGTTTTGCAGTTTTCTCTGAAATGTATTACAAAAATGGTTGGAATGCCTATATAGATGGAAAATTAAATGACCATTATAGAGTCGATTATGCCTTACGAGGATTGCCAATTCCTAAAGGAAAACATACCATAGAATTTAAATTCGAACCACAAGTTATAAAAACAGGAAGTATGATTTCGTTAATCAGTTTCATTGGTATTTTATTATTATTAGGTGGTGGTGTTTATTATGAAACCAAACGCAAAAAAGCATAATTGAAAACCATATTTTATATAGCACTTGGCGGAGGACTAGGTAGCGTTTTACGTTACTTAACTACTCTTGTTATAAACAAATATGTGCAAACCACTTTCCCGTACGCTACTTTTGTAACTAACATTGCAGGTTGTTTGCTTATTGGACTATTTTTTGGTTATTTAGAAAAACAAAATGCTGTTTCTCCTTATTTAAAATTTTTCTTAATCACAGGGCTTTGTGGTGGTTATACTACTTTTTCTGCTTTTTCTAATGAAAATATCCAACTATTGCAAAGTAATCAAATACTAATAGCTTTTCTTTACATTAGTTTAAGTGTTTTTTTAGGATTAATGGCCACTTGGACAGGACTAATAATTGCAAAAGAATTATGAAAAAAGTTCTTATCATAACCTATTATTGGCCACCAGCTGGCGGTCCAGGTGTGCAGCGTTGGCTTAAGTTTGTAAAGTATTTACCGGATTATAATATCCAACCTATTGTTTATATTCCCGAAAATCCTACTTATCCCATTATAGATGAAGGTTTAATTAGTGAAGTTT
NZ_CP176805.1_gap12	414815	417079	2264	TAAATCTACATTTTCATACCAATTGTTTTGAGGCTGTGCATAAACAATGGGTGCATACTTGCAACGACCCGAACATTCTATTTTAAAAATTTCGATCGTTTTATGTAAACCTCCTTCTTTTATCGAGGATTTAAACTGTTTTTTTATCTCTTTGTGTTTACCACATTTGCTTCCATTGCATATAAATAAAGCTTTTTTGGGAAATTCGACAGTACTCATAATTAGTTGTATTTGATACAAAGATACTAAATTGAGAATCTAATTGGTTTTACTACAGATTGAAATTAATTAATACAAAATCATGATGTGTTTTACCTGGTCATCGAAATTTTTTAATGCAAATATAAGTTAAGTATAACCAAATATTTAAGTTAGAATATATGGCGTTAGTTTTAAATAATTTTCCCTTCAATAAAAACATTTTCAATTAGATTGCTGGTAAATGAATAAGCCATTTCGTAATAGGTTGTTAGTGGTTTTGTAATTATAATATTGGCACTTTTTCCTTTTGTAATACTTCCATGGGTTTGGGAAATACCCATAGCATATGCACCATTTATTGTTGCAGCGTTTATGGCTTCTTCTGGTGTCATTTTCATTTTTATACAGGCGGTTGCCACAACAAAATTCATGTTTCCAGAGGGGGTAGTCCCAGGATTATAATCTGTGGCAAGGGCTAGTGGTAATCCAGCGGCAATCATTTTTCGTGCTGGTGTGTAGGGAATGCTAATAAAATAGGAACAGCTAGGTAAAGCAACGGGCATGGTTTTACTCCCTTTTAGGTTTTCAATATCTTCGTTGGTAACAATTTCGAGATGATCTACAGAAAGGGCTTCGTGTTTTACGCAAGATTTAATTCCGCCTATGGCTGTAAACTGATTTACATGAATTTTGGGAATCAATCCATATTTTTTTCCTGCTTCTATGATTTTTTCGGTTTCTTGTACCGAAAAATAACCAGTTTCTAAAAAAACATCAATATAGTCGGCTAATTTTTCTGCAGCAATTTTGGGCAACATTTCGTTAACAATTAAATTTATATAATCGGCATGATTTTCTTTATATTCACTAGGAAAGGCATGCGCACCAAGAAAAGTTGCTTTTATTTTTATAGGATAATTTGCAGCTAATTTTTTAATTACCCGAAGCATTTTTATTTCACCATCAACCGTGAGTCCGTATCCAGATTTTATTTCGACAGCCCCAGTTCCTTGTTGCATGATTTCTTCTAAGCGAACTTTCGATTGGTTGTAAATATCTTCTTCGCTGGTTTGGTTTAAATTTTTTGCAGAATTTAAAATTCCGCCACCACGATTTGCAATTTCTTCATAACTTAAACCTTTTATTCGATCTACAAATTCCTGAATACGATTTCCGGCATATACAATATGCGTATGACTGTCGCACCAAGTTGGTAAAACTATTTTACCTTTTGCATCGATAGTTTGGTCTGTTTTGATGGTCGGACAATTTGACATCGAACCAAAATTAGCAATCAAATTATCTTCTATTAACAAAAAAGCATCGTCAATTTTAGGTAAAACACCCATTTCTGTGCCAGAAACTTTATCTATATGATTGTCTCGAACTTGAAGTAATTCTTTTATATTGATGATTAACGTTTTCATATATAGGTAATTTTTTATTGGCAAATTTATGAGAAAAACCTCATTTGGGTTTATGATTTAGTTATCATAAATATTTATCATAAATATTTTTTGTAAAAATAATCTTTGATTTTTAAAAACAGCTATCTTTAGCTCAAATTATTATTAGGTGCGAAAAATAAAATATAAAAAAGGAAAAAAAGTTGTTCCTGCATTTTTAGAATATACTGGTAGCCATAAAAATGTTGTCACAGAAATGCAATTGTTTGTATATGATAGCGAAAAATTAACAGAATGTGCAGACCATAAATGCCAAAATTTACTTTCGATAATAGATTTTAGTAAAGTAAATTGGTTAAATATTCATGGATTAAATGAAATATTGGTAATAAAAGAAGTTGGAGATTTCCTGAAAGTAGATAATTTTATGTTGGGCGATATTTTAAATACCACAAAACGAACAAAACTTGAGGAGTATCATGACGTTTTATTTTTTAATGTTAAGTCATTATTGCCAATAGAAAATTCTGATAATATAAATGTCGAGCAGATAAGTTTTTTACTTAAAAACGGAATTTTATCTTCTTTTCAAGAGAAAAAGAGTGATTTTTTTACTCATATTAGAGAACGAATACGAACACACTCTGGTATTGTGAG
NZ_CP176805.1_gap13	464789	468202	3413	TGTCTTTATTAAAAACGGACTTTCGTTAGTTGAAGAAAAAACAATTTCTATTTTAGAGATTGGTTTCGGAACTGGGTTAAACGCTTTTATTACTTTGTTAGAAGCTCAAAAAAACAATATAAAAGTATATTATACTGGCGTAGAAGCTTATCCTGTTGCAAAAGAAGAAGCTATTGGGATGAATTATTTGCAAGAATTGAAAGCCGAAGAATTTGAAGCCGAATACAAAAAAATGCATGATTGCACCTGGGAAGAAAAACACATATTTAGTCCTAATTTTTTATTAACAAAGCGAAAACAATTTTTTCAGGATATTCAGGACAAAAACACTTTCAATTTAATTTATTTTGATGCTTTTGGTTACAGAGTGCAACCAGAATTGTGGAGCACCGAAATTTTTAAGAATATGTTTGAAGCTCTTACAAATAACGGAATTCTAGTAACTTATGCCGCTCGTGGGGTTGTAAAGCGTTCTATGCAAGAAGTTGGTTTTACCGTTAAAAAAGTGGCTGGACCACCAGGAAAACGAGAAATGATGATAGGTTTTAAAAAACTTTAATATTTTATTATGATTTTTTACATTTTATATGTGTAGATTTGGATAACACAATACCACAATTTTAAATTAAATACTATGTCAAAATTAATGGTTAATTATTCAAAATCTATTCTTGAAAGAGTTAGTTTTGATCCTATTTTATTTTGTAAAGAATTAGAAAAAGCTGTAAAAGCATTATTGCCTTTCGAGCTAGAAGAACTAGTAGTTTGGTTTTTTAACTTTACAAAAGAGAAACCAGAACTTAGGAGATGCGAAATTTATCTAGATTTATAACCAAAAGAGAAGCAAAATAGCTTCTCTTTTTTTTTCCTTTTTTTTTCCTTTTTTTGTGACTTATATTAACTAATACAACATACAAATTAGGGTACAGGTATAATAGATTTACACGATTTTTTGCGAAATGCCAACAAAAATAATTTTCAAACTTTGTAAATATGTTATATATGTCGAAATGACAGCTTGGTCAGTTTTTAGCCATTCAGTCATATTATTTTTTCTGGATAGGACTAATAATTTCTACATTCTGAAAAGTGATGGCTCCACGTAAAACACCAGAAATGACATTTCTTAGCGCATCTATAATATGAATTTTAAGTTCGTTTTTAGGAAACAGCAAACTAATTTCACGAGCAGGTTTTGGCTCTACAAAATGTTTTAGTTTTAGCTTGTCTTTTTCTTTCAGATCTAGTGTGTGCAGGTAGGGAAGTAGTGTAATTCCTAATCCTTCATCGGCCAATTTTATTAAGGTTTCGAAGCTTCCACTCTCGATTTTAAATTTAGATTCGCTATTTATAGCCGTGTTTTTGCAAAGATTAAGGATTCCGTCTCTAAAACAATGTCCGTCTTGTAGTAATAAAATTTCATCAATATCTAAATCGCTAATTTCAATTTCATTTTTAGGCGAAAGCAAATGATATTCAGGTATATAAACCATAAAAGGTTCGTAATATAAAACAATTTCTTTTATTTTATCTTCATTTAATGGCGTTGCTGCAATAGCTGCATCGAGCTGGCCATTGTTGAGTTTTTTTATAATTTCGGAAGTATTTAGCTCTTCAATTATTAATTTTACTTTTGGATATTTTTTGATAAAATTATTCAGAAACATTGGCAAAAGTGTTGGCATTATAGTAGGGATTATTCCAATACGAAATTCGCCACCAATAAATCCTTTTTCGATAGCTACAATATCTTGCATTCTATTGGCTTCATTAACAATATTTTTTGCTTGTGCTACAATTTTTTGTCCAACATCTGTAAGTTGAATTGGTTTTTTGGTTCTATCAAAAATTAAAATCGACAGTTCTTCTTCTACTTTTTGTATTTGCATGCTCAAGGTAGGTTGTGTTACGAAGCATTTTTCGGCAGCAAGCGTAAAATTTTTGTGTTCGGCTACTGCCAAAACATATTGAAGTTGGGTAATGGTCATTATATAGCTATTTATGATGCAAATATAAATAACTATAATTTAAAACGATGGTGTGTTTTTATTATTTTTCTAAATTTTCATTAAATGCAGAAGGCAATAATTGAGGGATAAATTTAATTAGAATAGGTAATAATAAACTTCCGCCTGGTACTAAAAAAATGGTTAGCGACGGGATAGTTTTTAAAATATCTAACAATTGGTTTCTAACTTTTTTCTTCTCATCTGGGTTTAACTCTCTTTTTGTAGATTGCGAAAGCAGTTTCATGAGTTCCTTACTTTGAGATATTTCTACAACTAATCTGTTTTTATTTCTAGAAATTAAGGTTTGAACGTTTTGAGTCGTTTGATCATAAAAATGCTTTACAGGATTTGAATAATTAAAATGTTGTATTTTGGTTTTATTTGTGGTTAGAAACACATTCATTTCAGAAATACTTTTTTCTAGAAATGAGTTAGAAATAGCTAGTTTTTTTGCTAGTTGAAAAAGGAAATTTTTTTCAGATTTTTCTATTTTGGCATCATTCCACATTGCCATTCCTGCTAAATCTATGAGGTAATATTTCTCGTAGTCGTGGTTAAAATAAGATAAATCTAGATTATCTAGAGATACAATTTGTAATTTATTAAACTTGGTATATCTTACGGAAGATTCGAATAATTTTTGAAGCAAATCATCATATTTTGTTTTAACTTCTTTTGTTTTTAGGGCTAGTGAAACAATATTTACAATAATTCCCTCTGTTTTTTTTAAATATTTGTCAGGAATATTGCCTTCATCTAAATATTTTCGAAAGGCTAAAACATCTATAAATAGGAGTGCATTGGTTAGAATATTAGAAAAATTCTTGCTAATAATATTTTCATTGGTCTGAATGCGTGAATTTATTATTTTTTCTAGTTTGCTAGAATAGGAGTCTTGGGGTAATATTTTTTCTAATAGACTAGATTCTTTTGGGTGTAAATTTTTATAAAAAGTGGTACATTGATATATGAATTCTGAATGATTGCGATTTTTTTTAACTAATTGGTACACTCCAAATAAGGTGTTTAATAAGGCGATTTTAAGAAGCTCTTCGTTTGTTAAGCCTTTTGTTTCAATGTTTTTAGAGGTAACAAAATGTGTTGTATAACCAACTAGAAAGCCTGTTGCTCTAGTGTTTTCGTAAAATTGCTCATAATTATTTATTACAGTTTGATTTTTATCGTTTTGTTCTGTAAAAAACTTTTCAACCCAACTTGGTGCCGAAGGATTTATCATAATTTTATTTTGTAAGGCTAATTTTTTGTAAAAAACAACAATTCAAATCCAGTTAAAAAAGGGGAATTTTCTTGCGAGTATTTTCTGTATTGTTCAAAATTTTTGAAGTGACGAATTGGCTTTTTCTTATAAAATTATGGAGATATATTATTTGATAATTGCTGAGC
NZ_CP176805.1_gap14	619129	620913	1784	CCAATCTATTTTGTACGGTAAACTTATTTTTGATGTTATTCTGGTAAACCATGTGTTTGTGTTAAAATCGAAATTTTGTACTTTTAGCGTGTTTTGGCTATTTGTGTAGGTGTAATTTCCTGTAGTTTTATTATTAAAAAAGTTGAAATTTCCGTTTAGTTTAAACCATTTTTTGAAGTTATAGTTTAGTGTAAATTCAAAACCAGTTTTATCTTCGATAGCTAAATTGAAAGGAGTGTTTATGATTACTGGAACTCCGTTTATTTGGTCACCACGTTCTTTTCGTACTATTTGAAATGAGTTTGTTGTATGGTTAAAATATGCCGATGTGCTTAAGGTTACTTTATCCCATTTGTGTAAATAACCTATATCGTATGCGTCGCTCAATGCCGGATTAATATCTGGGTTTCCTTGAAATAGGTTAATATTACTGGTGTAAGATGCAAATGGGTTTATAAAACGATCTCTTGGTCTGGTAATGCGTTTGCTATAATTTAAGGATATGCTACTGTTTTCAGATAATTGGTAGGTTAGGAAAGCACTTGGAAAGAAATTATTGTATTTTTTTGGTTTATAAATATTTGAGGTCAATTGGTTTACTTCGATATGTGAATCTTCGTAGCGCATACCAAATAAATAAGAAAATTTACCAATTTTCGAACCAAATTGTGTGTACAAAGCATTTACGTTTTCTTTGTAGGCTAATGTATTTGTAAATGCTATAATATTTGTAAACGGACTATTTGGTGTTGTTCTTTCTTGTACTAGATAATCAGCAAGTAAATTAACATAATTGCCTCTAAAACCAGCTTCTATTTGGGTGTTTTTTCCAATAGGTAGGACGTAATCTGCTTGTAGTAGATTTCTGGTTTGGGTATTTGTTTTTTTAGTTTTTTCTGAAGAAACGAAAGTGTTAGTTTCTAGTATTGTACCTTCAATGTCTGAAAACTCGTTTTCTTTCTCTTTCGAAAAAGCACCATCAATACTTAATTTATGCCCGTCTTTTTTAAATTTTGTAATTAAGTTTGTGGTATATTCTACATTTTGGTTATCAGCAATTAGGTCATTAAATCTTTGTCCTGTATTGGTAAATGATTTGTTTTGGTTATAATTATAATATAATACATTTTCTTTGTTTCCGCCATCATTATTTCGGTAGCTTAATGTGTTTGTCCATGAAGTATTTTTGCTCAAATAGAGTTCGATACCAAAATTTATGTTGGCTCCTTGCCCAAACTTTTTGCTATCGCGTCTTTCTTCTAGATAGGATTTTAGGCTTCCGCTGGGGTTTAAATTCTCTTGGTCTATTTTTGTGGTTCCTGGGTTTTTACGTTTGTTATATCCTATGGTAGTAAAGAAATTAAACAACTCACTTTTTAGGTTAATATTTGCTGAAGCGCTTGAGTTTTCTGGTTCTCCTGCTGAGACAATAAGTGTTCCGTTAACTCCTTGGTTTTTTCCTTTTTTTAAGATAATATTTATAATTCCGCCACCACCTTCGGCATCATAACGAGCAGATGGATTGGTAACAACTTCTACCTTGTCTATGGCATCGGCGGGAATAAGTCGCAAAGCGTCATTTACATTAATTGCGCTCGATGGTTTTCCGTCTATTAATATTCTTACGTTTTCATTACCCCTTAGGCTTACAGCTCCTTCGGCACTTATGGCTACTGATGGCACATTGTCAAGCACATCACTAACTGTTCCGCCTCGTACTAAGATATCTTTTCCAACATTATATACTTTTTTGTCGAGTTTGATATCGATAGTAGTTTTTTCGC
NZ_CP176805.1_gap15	630068	634381	4313	GGAAAATCGGTAGGGTTAAATGCTGTTTTAACCTCACTTTTGTACAAAAAACATCCAGCAGAAGTTAAGTTTGTTTTGGTAGATCCGAAGAAAGTAGAACTAACACTTTTTAATAAAATAGAGCGTCATTATTTAGCTAAACTACCAGATACTGACGAAGCTATTATTACTGATAATGCAAAAGTAGTAGCAACGTTAAATTCACTTTGCGTAGAAATGGACAACCGTTATTCTTTGCTAAAAGATGCCATGGTGCGTAATATTAAAGAATATAACGAAAAATTTAAGCAACGAAAACTAAATCCAGAAGCAGGACATCGTTTTTTACCCTATATAGTATTGGTAGTTGATGAGTTTGCCGATCTGATTATGACAGCAGGAAAAGAAGTAGAATTACCCATTGCTCGTTTGGCACAACTAGCTCGTGCTATTGGAATTCACTTAATAATTGCTACACAAAGACCATCGGTAAACGTAATTACAGGTATGATTAAAGCCAATTTTCCTGCCAGAATTGCATTTAGAGTTACCTCAAAAATAGATTCTAGAACCATTTTAGATTCTGGAGGAGCAGACCAATTAATAGGTCGTGGAGATATGCTTTTTAGCAATGGAAACGATTTGGTTCGTGTGCAATGTGCGTTTGTAGATACGCCAGAAGTAGAAAAAATCACAGAATTTATTGGTTCTCAAAAAGCCTATGCCACAGCTTATTTGCTCCCAGAATTTGTAGGGGAAGATGGTGGCATACAACTTGATATAGACATATCCGAAAGAGATTCGTTATTTAGAGATGCTGCCGAAGTAATTGTAACCGCCCAACAGGGGTCTGCTTCCTTAATTCAGCGAAAGCTAAAATTAGGGTACAACCGTGCAGGAAGATTAATAGATCAGTTGGAAGCTGCGGGAATAGTTGGCCCATTTGAAGGCAGTAAAGCACGTGGTGTAAATATCCCAGATTTGGTGGCTTTAGAGCAATTTTTTAATAATGAAAAAAATAATAATTAATTTTATGAAGAAAATAATAAGTTTATTACTAATAGTTTTTAGTTTTTCTGTACAAGCTCAAGATGCAGTAAAAGCAAAAGCATTGCTTGATAAAGTATCGGAAAAAGTAAAAAGTTACAAAAATATTCAAATAGATTTTAAATATTCTTTGCAAAATTTTAAGGAGAATGTTAATCAAGAAAGTAAAGGAAATGTTACTTTAAGCGGAAATCAATATGTATTAAATTTTATGGGTGTTACAAAACTTTGCGATGGAAAAAAATTATACTCAATAGTTCCAGAAGACGAAGAAATAGCGGTTTCAAATATTGGCGGAAGCGCAGAAGATCATGATACACCAGCAAAAATGCTAACTTTTTTTAGTAAAGGTTTTAAATATGCTTGGGATATTGTGCAAAATGTAAAAGGAAAAAAAATTCAGTATGTAAAACTAACCCCTATAAGTTCTAAAGACGAACGCAAGCAAATTTTAGTTGGGGTCGATGTTGCAACAAGCCAGATATATAAAACAATATCTGTAGCTAAAAATGGAACAGAAATAACTTTGACTGTTAATTCTTTCAAAACCAACCAAACATTGCCAAAAAATCAGTTTACTTTTGTGCAAAGTAAATATCCTAAGTATTACATTAATAAATTGGACTAAATTGAATGAAAATCCTTGATAAATATCTTCTAAAAACCTATTTAACTTCATTTTTTGGAGTATTTATAATTTTAATTTTTATATTCATTCTTCAAACTGTTTGGTTGTTTATTTCGGAACTAGCAGGAAAAGATTTAGATTTAATTTTAATTCTAAAATTTCTCCTTTTCAAAATGCCAGGTTTAATACCCTTAGTATTGCCATTATCGGTACTTTTATCTGCAATAATGACTTTTGGTGATATGGCCGAAAATTATGAATTTGCAGCAATGAAATCTGCAGGAATTTCTTTTCAAAGAACAATGAAAGGATTAACATTTTTTATATTTCTATTAAGTATAGGTGCGTTTTTTTTTGCAAACAATGTGATTCCTTATGCAGAATTTAAGTTTAATAATTTTCGTAAAAATATAGCACAAGTAAAGCCAGCTATGGCAATTGCAGAGGGTCAGTTTAGTACAATAGGCAATATAAATATTAAGGTAAATAAGAAATCAGGAACCAATGGTGAGTTTTTAGAAGGAGTTACAATACATAAAAAATCTGATCTTGGTGAAGGAGCGAAAACAGTTATAAAATCTAAAAGTGGGCAGTTAATAAGTAGCGAAGAATCTAGTTTGCTCCAACTGGTATTGATAGATGGTTATTATTATGAGGATATTACGCCAAAAAGCTATGAAGATCGTCAAAAAATGCCTTTTGCAAAAGTAAATTTTAAAAGATATACCATCAATATCGACTTGTCTAAATTGAATAAAGTAGACGGAGCCGAAGAGAATATTACAAATGCATGCTATATGCTTAATTTGGTAGAACTTAAATATACCGTAGATTCTTTGAGTACAAGTTATAATAAAGAATTAGTATCTGTTGCAGATAATGTTTACCAGCGTATAGGTTTTAATTCAAACCTTCAACCAGATTCATTAAGACCTAAAAAACCAAAAACAATAGGATTGCTTAGCTTTTTATCTAGATCTGAAAAAGTAAAAATATTAGAAATCGCATCTAGTGATGCCATGAGTGCAAAACAAAATTTCGAGATAAATAATTTTTCATTAGATTATAAGAAAAAAGATATTAATAGCTTTTGGATATCTATTTATGAAAAATTTGTAATAGCCTTCGCTTGCATATTAATGTTTTTTATAGGAGCACCATTGGGTGCTATTATTAGAAAAGGAGGATTGGGGTTGCCAATAGTATTTGCAATGCTAATATTTATAACTTTTCACTTTTTAAATACTTTTGGAAAAAAAGTAGCCCAAGAATCAGGAATGGCACCGTTTCTTGGTGCCTGGATTTCATTCTTTTTATTAGTGCCATTAGCCATATTCTTAACACGAAAAGCAATAAACGATACTGGAGGTATAAGCTTTGATGTAATTACAGAGCCAATTAAAAAAATATTTATCAAACTCACACAACGAAACAAACAACAAAATAATGACTGCAAATAATAAAATTATATTAAATACAATTGAAGAAGCAATAGAAGACATTCGTCAGGGAAAAATTATTATTGTTGTAGATGATGAAGACCGAGAAAACGAAGGAGATTTTCTGGCAGCAGCCGAAAAAGTAACGCCAGAGATGATTAATTTTATGGCTACACATGGTCGCGGACTAATTTGCGCACCACTCACAGAAAGTCGCTGTAAGGAATTAGAATTAAGACCCATGGTGTCTAATAATACAGATCACATGGAGACAGCTTTTACTGTTTCTATCGATTTGAAAGGCAATGGTGTAACAACAGGAATATCTGCATCTGACAGGGCAAAAACAATATTATCGCTAGTAGATTCCAGAACAAAACCTCATGAATTGGCACGTCCGGGACATATATTCCCATTAGTAGCCAAGCAAGGAGGTGTTTTGCGAAGAACAGGTCATACGGAGGCAGCTATCGATTTTGCAAGACTAGCAGGATTTAAATCGGCAGGAGTAATTGTCGAAATTATGAATGAAGACGGTACAATGGCTCGTTTGTCCGAGTTATATGAAGTTGCTAAAAAGTTCGATTTAAAATTGGTTTCAATTGAAGATTTAGTAGCTTACAGGATGCAACATGATAGTTTGATTGTTAAAAAAGAAGATTTTGACATAGAAACTCGTTTTGGATCATTCAGACTTCGTGCTTATGAGCAAACAACAAATAAACAAATACATATTGCCTTAACAAAAGGAACTTGGAATTTGGGAGATGCTGTTTTAACGCGAATTAATTCATCGCAAGTAAATAATGATTTATTAGGGACATTAACAAATAATGCAGATAAGCAGTTAGATGATATGTTTAAAGTTATTAATGAAGAGGGTAGAGGCGCTGTAATATTTATTAATCAAGATATGCAATCTGTAAGTTTATTAAATAGAATCCATGAGCTTAGGTCTTTACAATCTATAGGAGAAATGAAAGCACCAAAAATAGTTATAGATAGTAAAGATTTTGGAATTGGAGCACAAATTTTACATGATATAGATATTTCTAAAATCAGATTAGTTTCTAATACAGAAGTTGGAAAGCGAGTTGGTATGATAGGATATGGACTTGATATTGTTGAATATGTAAATTATTAATAATTATTTTAAAATCTAATTTAAAGAAAATGAGTTAGTTAAAAAATAATTTTAATTTTTATTCAAAAAAGTTTTG
NZ_CP176805.1_gap16	679172	679922	750	AATTCATTCCCATAAAAAAAGTGGTTTCTATACCAAAAGTTGGCTCCGCAATTCCGGATAAAAAACAACCAATTCGTCCAATAAAAACCGCTATTATAATAGGTATTACATAAACATCTCCCGAAGCAATACTCACTTTAATAATTTTTTTGGTAATTTCTACACCAAATAATCCGCCTAGAAATCCGCCAGCCACGGTTTTACTTTGGTACAAACTCAAGAGTGTAATTTGGTTTAAAGTCTCTGGAGATTCTAAAATAGCAATTAACCTCGAACCAACAAGCGCACCAAGCATAGCACCAAGCATTATCCAAAGGCGATTCATATCTGAAATTGGATCTATAATTCCATTTTTTTGATGATAATACAGTCTAATTCCAATTACAAAAGCCATTGTTTCGAAGAAATAATGAATAGGAGCAACGGTTTCAAAAATATTAAAGGTAACAGGAAAGTTCATTAATTTTATTTTTATGAATTATAACACGAAACTCATACCGTAAACTTCCACTATTTTTGTTACTTTTGCAAGACTTTTATAAAAATAAATAAATCAATGTTAACAATTTCAAATTTATCAGTACAATTTGGTAAGCGAATTTTATTCGACGAAGTAAATACAACCTTTACACAAGGTAATTGCTACGGAATTATTGGCGCTAATGGTGCTGGAAAATCTACATTTCTTAAAATAATTGCAGGCGAAATAGATCCAACTTCGGGTCGTGTTATCCTAGAACCAGGAAAACG
NZ_CP176805.1_gap17	682510	687183	4673	ATTTAATTTTTGTGTAAAATTAATGTTATTATAGCCGTACACTCTTAGTATTTCTTCAATTACATCAATTTCTCTAGTTACATCGACACGATAAGCAGGAATTACAAGTCCTAATGCCACTTTAGATATACTATTTACTTTTATATCTAACGAAGCCAATATTTTTTTGATGGTATCGTCTGGAATTTCTTGACCAATTATTTTGTTGACTTTTTCAATATTCAACATAACTTGGTGGTCTTCAATTTTCTTGGGATAAATATCTATAATATCTGAGGTTATTTGTCCGCCAGATACTTCGCAAATTAAAATTGCAGCTCGTTTTAGTGCGTATTCTGTGATACTGGGGTCTATTCCTCTTTCAAATCTGAAAGAAGCATCGGTACTTATGGTGTGTCGTTTTGCGGTTTTTCTTACAGAAACAGCATTAAAATAAGCACTTTCTAAAAATATAGAAGTTGTATTTTGAGATACTCCTGAATCTTTTCCGCCCAGCACACCTGCAATGCAAAGTGGTCCGTTTTCGTCGCAAATCATAATATCTTCAGTACTCAAAGAGCGCTCTACATCGTCTAATGTGGTAAATTTTGTTCCTTCTGCAACATTTTTAATAATAATTTTACCATTTATTTTGGTTGCATCAAAAGCATGTAATGGTTGTCCTAATTCGTGTAGAACATAATTTGTTACATCGACAACATTATTTTTTGGTGTTATCCCGATGGCTTTCAATCTGTTTTGAAGCCAAGCTGGTGATATTCCGATTTTTATATCGGAAATGGTTACACCACAATAACGAGGAACCAATTTATTATCATCGACTTTGACATCAATTTTTAAGGTTCTTTTTTCGATTTTAAAATTGGAAACCGAAGGTGTAATTAGTTCGATATTGGTTCCGTTTTGAAGCATTCCGGCTTTTAGGTCTCTTGCTGTTCCCCAATGCGACATGGCATCGGCACGGTTTGGTGTGAGTCCTATTTCGAAAACCTCATCATTTTCTATATTAAAAACTGCAGCAGCAGGTGTTCCTGGTGTTAGTTTTTCGTCTAGAATCATAATCCCTTCGTGACTATGGCCAAGACCTAATTCGTCTTCGGCACAAATCATTCCGTGACTTTCTTCTCCACGAATTTTTCCTTTTTTTATTTCGAATGATTTTCCTTCTTTGTCGTACAAAATGGTTCCAATTGTGGCTACGGGGACTTTTTGTCCTGCGGCTACATTACTGGCACCACAAACAATTTGAATTGGATTTCCGTCTCCTAAATCGACTGTTGTTATTTTTAATTTATCGGCATTTGGGTGCTGGATGCAAGTAAGTACATGACCTACTACGATTCCTTCTAGTCCGCCTTTTATAGATTGGTATTTTTCTATTCCTTCTATTTCAAGTCCTAGATCGGTAAGCATAGATGCTGTTTTTTCGGAATCCCAATCAGTTTTTATAAATTGTTTTAACCAGTTATATGAAATTTTCATGTGTAGTAATTATTGAGCTGCAAATATAAGTATTGTAGTTCGTAGTATAAAAAAAAGTTTTCCTTTTTTGAAATTGATTTATACTACTGTTTGTAATTAAAATAATAATAGATTACTGATATAGCAGATTTAGAATGATTAAGAAAGTTATTTTGCGCATTGTGTGTAAAAATCCTATTTTGAGATAAAAAATCTTTAAAACAGGATTTGCAATTAGTATTAGACGGTTTTTTTGTACTACTTTTGCAATCCTTTGGTTTTTAGCTTTCGAATGATCAAATAAACGAATAATATAGAAAATGTATAAAGAATTAAAAAATTTTAAAGTAAGCAATAGTTTTACTTTTACAATAGATGATAGTTTAGAGGTAGCTTGTAATGCTACAGAAACAGCAAGTGGAGTTTTCCTTGTTTATGCAGTAGATGGTGAAGTAAAAGAGTTAATCATGGTTGGATCTACGGGAACTATACAAAATGATGGTTCGCTAAAAAGTAAAGGTGGCGGATTGTATGACAAAATTGTAAATGGTCATCAGTTTGCAAAAACAGGGCGTAAATATTCTTGGCCAGCACAAATGAAAAAAGAAAATATTGCAAGATTAGAAGTATATTGGTACGATACTTATAATGATACAACAAAAGGGATTCCTACATTTGTAGAAGGACAAATTTTACAAAATTTCCTTGACCAAAACAATCGTTTGCCAAGATGGAATGTTGCTTTTTAAGCTATAACTTAATTTTTAAAAAAAGGTTTTGTAATTTATACAAAACCTTTTTTTTGTAGGATTTTAAAAATTATTTTGGCTGTACAAATTCTAAAGCTTCTAAATTTACTTTTGATGTAAAAACACCATAGTTTACAATGGCTTTGTTTTTTTCGATTTTATCTATTGTACCTACAGATTTTCCGTCGAGCATTCTAACTCTATCGCCTATTTTTAGTATTACTTTTACTTTTTCAGGTACTAAATTTGCTTTGAGTTTCTTTTCTTTTTTCTCTTTACGAATTTCTTCAACCTGAACGGTTACTTCCTCTATAATTACTTTTTTCTTTTCGGCAATGGCTTTTATTTCAGTTTTAGTGGCTTTTATTCGTTTTGAATTTTCAATTTCTACCACTTTTAAAAACTCACCAAGTAATTCTTTTTTATTTTTATTATTAAAATATTTTTCTGAAAGGGCTTCTATTTTTTGCCCTAAATAGATGGTTTTCTGGTTACTATCATATAATTCTTGGTAGTTTTCTAATTTTTGCTTGACTTTTGCATTTATAGTCTCCATTTTTTTGCTTTCTTCACGTGCTTTGGTTTCTTCTTCTTTCAGATTAATAGAAGTTTTTTCCATTTTAGATCGTTCTTTTTGCAAATTAGCAATGGTTTTGTCGAAACGAACTTTACCAGTTTCTATCTTCTTTTTGGCACGATTTATTAACCCAAACGGAATGCCATTTTTTTGAGCTACTTCAAATGTAAAGGAACTTCCTGCTTGTCCTAAAGCTAATTTATACATGGGTTCTAGTGATTTTTCGTCAAAAAGCATGTTGGCATTTGTAGCAAATGGCAGTTCATTAGCTAGTATTTTAAGATTGGTATAATGTGTTGTAATAATTCCAAAAGCTTCACGATGGTAAAATTCTTCTAAGAAAATTTCTGCTAAAGCGCCACCCAAATCAGGATCGGAACCAGTACCAAATTCGTCGATTAAAAACAATGTTTTTGCATTGCATTTTTTTAGAAAATAGTTCATATTTTTTAATCGATAGCTGTAAGTACTTAAATGATTTTCAATCGATTGGTTGTCGCCAATATCTGTTAAAATTCGATCAAATAAGCAGGTTTCGCTTCGTTCGTGCACTGGAATTAGCATTCCAGATTGCAACATTAATTGTAGCAGTCCTACAGTTTTTAAGGAAATAGTTTTTCCTCCAGCATTAGGTCCAGAAATTACAATAATTCTGTTTTTAGAATCAAATTCGATGGTTTGCGGATGTGTAATTTCGTTTTTCCCTTTATTTGTTAAATACAAAATAGGGTGGTAGGCATCACGAAAATATATTCTTCTTTCTTTTGTTATTTTTGGCAAAATTCCGTTTATTCTGTTGGCATATTTTGCTTTGGCAGCAATTACATCGATGTCACTTAAAAAATCTTGATACTGAATTAGTAGTGGTAAATACGGACGAATTATATTAGTTAATAGTTTTAAAATTCTAGTTATTTCTTCTTTTTCTTCATATTCTAAATTACTTAATTCTCGGGAATATCTTAGTGTAGCTTCGGGTTCTATAAAGGCTAAACTTCCTGTTTTAGAGCTTCCTAAAATGGTTCCTTTTACCTTGCGACGATACATAGCTAAGACCGCTAAAACCCTACGGTTATTAACAAAGCTTTCCTTAATATCATCTAAATAACCCAAACTATTATATTGGGTTAGTGCCATGCCAAAACTTTGATTTACTTTGCCACGAACTAGGTTCATATCCCTACGAATTTCTAATAAATTGGGAGAAGCATTGTCTTTTATTTCGCCATATTTATCGACTACATCGGCTATACTACTAATGATGTATTTTGTGAGTTCAATTTGGCTTGATTTTTTATATAAATTAGGATAATAATCTTCAAATTTTTTGAAATATTGAAGTAAAACATTTGTGTTTTCAGATAAAGTTGCAATTTTCCGAAAACTTCCTACTTCTAGGAAACTATCCTCGATGCCTAGAAATTTTATTTCATAAGTAATGGCGTCAAAACCATGATTAGGAATGGCATTGTTATTTTGAAAAGAAGCTATATATTCTGAGGTTTGATGCAAAGCTGTCATCATTGTTTCTTCGTCTTTGAAAGGTGTTATTTCTAGGGCTTTTGCTGCACCAATATCAGTATTGCAAATGCTAGAAACTGTTTCTAAAACAGTAGAAAATTGTAAATCTTGAAGGGTTTTTTCGGTAATTGAAATCATTTTTTTTAACTGCAAAGGTTCTAAGTTGCAAAGCCCCAAAGTTACAAAGTTTAGCAGTAGTAATGAATTAAACTGATTATATTTGTGCAATAATAATAAATGTTACCTATGATTAATGCTAATTCTTGGTTGGGTTTTTTTGAAATTGAAAAAGAGAAGCCTTATTTTGAAGATTTAATGAAAACTATTGATCAAGAATATGAAAATTATTCTTGTTTTCCTGCAAA
NZ_CP176805.1_gap18	700618	705071	4453	TTGGTCACTTATTGTTGCTGATATTTTAGCCCCGATAGTAGTGGAAATCCTTTTTTGAGGTTTTTCTCCGAAAAAAAGATTGTAACGGATAGCGGGAAATAGCTCCTAAAATTTTGCTATACTTGCTTTTTTCCAAGCGGGAAATAGTTCGTTAGGTACTGTGTTTGCTTCTAATAATGAGTTTGTTTTTATTTCGGGGTATGTTTCTTCAAAGGTTTGTGTTTTGCCTAGATGTGTTCTTGTGCTAACAACTGATCGGTCTACTTTGTCTGGATGGTCTATTCCGGCTGATGCCATTAGATCCATTGCGCTTTTTACGGTTTCGTGCTGAAATCTTGCTACTCGGATACTTTTTTCTTCGGGAACTAATCCTTTGGTTAATTCTGGTTTTTGGGTGGCAACACCTGTTGGGCAGGTATTTGCATGACATTCTAGTGCTTGAATGCAGCCTAGTGCAAACATCATTCCTCGTGCTGAGTTGCATAAATCTGCGCCAAGAGAAAGATTTCTGATGATGTCGAATCCTGTAATAACTTTTCCGCTGCAAATGATTTTAATTTGGTCTTTTATTCCGTATCCGTTTAGGGCGTCATAAACAAAGGCGATGGCATCTCGTAGTGGCATGCCTACGTGGTCTGAATATTCTTGTGGTGCGGCACCAGTACCGCCTTCGCCACCATCGACGGTAATAAAATCGAGGTAGGTTTTGGTTTCGACCATGGCTTTGCAAATGGATAAAAATTCTGATTTATTGCCGATACAAATTTTTATTCCAATGGGTTTTCCGCCTGAGCCTTTTCGTAGCAATTTTATAAAATCTATTAATTCTAAAGGTGTTGTAAAAGCAGAATGGCTAGGTGGTGATAATATATCTTGGTCTTTAGAAACTAGGCGTATTGTTGCTATTTCGTCTGTTACTTTTTCTTTGGGTAAAATGCCGCCGTGACCTGGTTTTGCGCCTTGCGAGAATTTTATTTCGATCATTTTTACGTTGTGTAAAGTGGCTCTTTTTGTGTATTGGTCATAGTTAAATTTGCCGTCTTGTGTGCGACAACTAAAATATCCTGTTCCGATATTCCAAACTACGTCTCCGCCTTGCAAATGGTAAGGTGATAAGCCACCTTCGCCTGTATTGTGGTAAAATTCGCCTTGTTTTGCACCATTATTTAAGGCTAAAATGGCGTTTTTGCTAAGTGAGCCAAAGCTCATTGCGCTGATGTTAAATAAACTGGCTTGGTAAGGTTTTGTGCATTGTGATGATCCGATGTGAACTCTCGGGTTTTGGTTTACTTGCGAAAAAGGAATAGAGCGGATACTGTGATTAATCCATTCGTAACCTTCCTTATACACATCTAGTTGTGTTCCGAAAGGCATAGAGTCTGTTTCTTTTTTGCTTCGTTGGTATACGATGCTTCGTTGTAAGCGGTTGAAAGGTTTTCCTTCTAAATCGGTTTCAACAAAATATTGTCGCATTTCTGGTCCGATAGATTCTAGTAAATATCGCATTCTGCCTAGTAATGGAAAGTTTCTGCGTATTGTTTTTTTAGATTGAAGCATATCATATAATCCCATTATGAGTAGTGGTACAAATATTATTAGTAGAAAACTAAATTTTAAATTAATATAAATTAATATTCCTGTTAGGGAAAGGATTGTCATACTAATTATTAGGAATGCTTTTCTCATTATGTATTATTTTGATGGTTCTTTTTTAGGTAATTGTGTTACAAAATTAATTCCTTTTGGGTAATTATATAGTTGGGTTAAAAGTACGTATTCTACTTCAATTGCGGTGATATCGAGAAAAAATAATCCTAGTATGCTTTTGTTAAGCCTTATTGGTTTTGTTTTTATGGTGGTAATAAATAGCGGTAGGGCTTGCTAGACTAAATTTGCTATAAATTATCGCATGGCGTTAAAATGATTTAAAATGATAAAAACTTATTTTTTTAGCTTTAAAATTAGATACTTTTTATTTTTTTTTAAATAAAAATATTAAATATGTTTTTATTATAATTGCTAATTTAATATATTTATGCAAAATTTATATATATGGAGATTTTAGCTTGCCCAAAATGCCAAAACAATGTGATTATAAAAAGCGGTGTGATTAATAATAAACAAAGGTATTTATGCAAAAAATGCAATTATTATTTTACAGTAAATAAACTAGGTAAAAAGATTGATGATTATTATGTTGTTAAAGCTTTACAGCTTTATTTAGAAGGGCTTAGTTATCGAGAAATAGAACGCATTATTGGGGTTTCGCATGTTACGGTAAGTAACTGGGTAAAAGAGTATAGAATAAAAAAAAAATCGCAGGGTAATTACCATCCTACTTATAAAATATTGAATCATTTAGAGCTGGTAGAATATATTAAAAATAAGGATTTATTATCTGGTGCAGGAATGATTATAACCGAGCTTGGCGATAAGTTTATGCTTATGAAATGGAAACGTTTTAAAGATTAACTATATCATTTTACATATATGTATATCATTATTTTTTTTGTTGATTAAAAGTAAGAATTTGGCTGTGTTAAAACGAATTAACTGTTAACAATTAATGACTTATGAATAATAAAAATTATTTATGTATCCTACTCTTTTTTTTAATAACCTTTACCACATTTGCCCAAAACAAGGTAGGTTGTGGTGTGAAATTATCACAAAAAGAAGAGGTTTTATTTAGGCAATCATTACCTAAATTAGAAAACTTCAAAAACAAAGCTAATAAATCCCCAACAGCTTTACCGTATGTCATCCCTGTTGTATTTCACATCTTAACAGATGGTGCAGCTAGTTTTACTAAAGCAGATATGAAATGCAGAATTGACGATGCGTTGCAAATTGCAAATAAAGATTTTAATGGTTTATTTCCTGGTTTTTTAACTACTGACCCGAGATTTAATAGTGTAAAAAGTAAAATGGATATTCAATTTGTAATGGCTACAGTAGATCCAACTGGAAATTTAATGGAAACTCCAGGATTAGACTGGCATCCAGAAGCCCATATAATTGATGGTTATAATCCAGCAATATACAACTATATGTGGTATGGTAGCAACTCTAAATACTATTTAGATGTTGTTATTGTAGATGAACCCAATACAGGTCAAGGAGCTTCTGGGTCTGGGCATGCCTTTCTTCCAGTACAAAATGTAGTACCACACGTTACATTTAATTATCGTTACATTGGTAGTACTTGTGGGTCTTCGTCTTCAGTAACATTTGCAAAAGTTTTTTCACATGAGTTAGGTCATTATTTTGGACTTCGCCATACTTTTCAAGATGATTGCGACCCAATTAATGACGGTATGGCCGATACACCTCCTACTAAAGTTGCCGAAGGATGCACTAGAAATGTCTTAAACAGCTGCGGAGTCTATGCGAATTCAGAGAATCATATGGATTATAATGTTGATTGTCAAAACATGTTTACTCTTAATCAAACAAGCGCCATGACATTTTGGCTAGAAGACGGAACTGTTGCAAATTATCCTAGAAAATTTCTTTGGCAACCAAGCAATCTCATAGCTACTGGAGTTCTTGCCAGTATACCAACGGCAAATTTTACGGCAAATACAACTGCAATATGCCCAGGTAAAGGTATTGTTTTTAAAGATATTTCTTTAGGGTTACCTGTTTCTAGAGTATGGAGTTTTTCAGGAGGAAGTCCATCAACGTCAACTGCTGTTAGTCCTACAGTTACTTATGCAACAGCAGGATTATACCCCGTAACTTTAACCGTGACTAATGCTCTTGGTACAAATCCAAAAACGGTAACTAATTATATAAAAGTTGGACAGCCTACTTCTGGAAACTATACCGAAAGTTTTACAGGTATTTTCCCACCTAATGGATGGCTAATTACAAATCCAGACGCTGGTTTAGCTTGGGAAAAAAGAAGTAATGTAGGAAATGGTGATACTGCGTGTATGATTATGAATAATAGTGATAATTCTGTATTAAATGAATTAGATTATATACAGTTGCCTTATTATAATTTTACTTCTGGAGTTAATAGTCAAATGTTTTTTGATGTAGCATATACCAAATTTAATGATTTAAGTCCTGATCAATTATCGGTAGAGGTTTCAACAAATTGCGGTTTAACATGGACAAATGTATATACAAAATCCTTAGATGCGCTTCAAACTACTGTTGTTCCTACTGCACTGACTAATAATTGGTTTCCAACTGCTGAAAATAACTGGAGAAAAGAAGTAATTAACCTTAGTTCTTATATAGGAAATCCCAATGTAACAATTCGTTTTAAAAATAAATCGGGATACGGAACTCGAATTTGGATAGATAATGTAAATGTTGCAATTACACAAAATTCAACTCCAGTTTCAGATTTTACTTCAAGTGTTAGAAAAACCAATTGTTCATCAATATCAATTCCTTTTTTAGATACATCGACTGGAAATCCAACAACTTGGGCATGGTC
NZ_CP176805.1_gap19	709538	713858	4320	TTCTATTTTTATCAAACGGCGGTCAATATTTACATAAAATTCTTTGTTATTATCTTCTGTTAATGATTTAATTTCGATGGTAGAATTTCGATTACTTATTTGTGCGGCATTAGTTTTTGCAAGGGCTTTTGCAATGGCTTTTTCAAAACGTTCTTTAGTAATTGGTTTTACTAAATAATCGACAACGCATTCGTATTCGAAAGCTTCGATGGCAAAGTTTTTGTCTGAAGTAATTAGTATTATTTTTGGAGGATTTTTTATGGTTTGCATAAAATCAAATCCTGTAAAATCGGGCATATGAATGTCTAAAAATATTAGATCAATATTGTTTTGATTTAGATATTTTATGGCTTGTATGGCGTTTGAAAATTCTTGTACTAAATTTAATGTGTTATGGTTTGCAATCATTTGATTAATAATTGCTCTTGCCATTTCTTCGTCATCTATAATAATACAATTCATGTGCTAAATACTTTATAATGTATTTACAAAATCCTGCATAGATTTTAAAATGGTTTCAAAATCAGGTTGCAATTTTGTAGAATTTTCTTTCAAATTATTTTCAAATTCTTCGGCAATATAGTAACTTTTTTCAAGACCAAGGATAGAAATTTTATGTTTCAGTTTATGAACGCTTTCTGATGCTAATTTGTATTTCTTGGTTTGAATTAGATGTTCATAAATCGTTATTTCCTCGGGTAATTCTTTTTTTAATATCCCGATAACTTTGGTTTTAAAATCTTCATTATCTCCTGATAATTGATTGATGTAGTTAGAATTAGGTTTTTCCATTATTGCTTTGGTATAGTAAAATAAAAGGTAGTTCCTATTGTTTCTTGGCTTTCTAACCAAATTTTTCCTTGGTATATATCTATTATTTTTTTTACAATTGAAAGCCCAATTCCTGATGATTGATCTGTGTTTTCTAATTTAGAAAATAAATTAAATATTTTGTCTTGATAGCGCTCTTTAATTCCAATACCGTTATCTTTTATATAAAATTCTATTTCATTGTCATTTTCTTTGCTTCCTATTTCGACAAATCCCATTTCTTTATCGTTATATTTTATAGCATTTTGAATTAAATTCTGGAACAATTGTTTTAGTGTAATATCATTTCCAACGATTTTTGGCATTTTGTTTTTCAAAATTATTTCGATATGATTTGGAATAGTAATTGTTCTAATAATTTTGTGAATTAAAATATTCAAATCAATAGTTCGGTCTTTTACTTCTAATTTATCGATAGCCGAATAATCTAAAATTCCTTTGATTAATAAGTCCATTTTTTCAACATTAGACAAAACTAAATCTAGTGATTTATTATTATTATCATCTAATATTGCAGCATTGTCTTCTTTAAACCAATTTATTAGGGTATCTATACTTCGTAATGGTGCTTTTAGGTCGTGGGAAACTACATGTGCATACTGGTTTAATGCTTGGTTTTGTTTTTCTAAATTTTTTAATAATTCTTCTCGTTGTTTGTTTATTCTAATTATTTCATCTGATTGTTGTTTTACATAATCGGCTGAATTTAAATGATCATCATTATCTATATTGTTGTTTTCTAAATTCATTGAATTTAAAACATTTTGAAGATTTTTGTTAATTTCTTTCAATCCTTTTGCTTCGTCTCGTAGTTTTTGATTGGCAAGAAACAATTCGTCTGAACTAATTTTCATTGCTCGTTGAAGCATTGAAATTTGATCTTCAAAATTGTTATAGGAATCATTTACGGCATTAATAAACGGGGCTATATCATCGAGTCCGTTTTTTAATTTTTTATCTATTTGTCTTTTTAATAATGAATTCATTATTCACTAATTAATGTTAATGTCATGGTTTGATTGTGTAATTCGCAAGAATTATTTTTGCCATTAAATGGTGCAATTTCTCCGTAAGAATAAAATCCAGCTATGGCAACTTGATTTCCAATAATTTCTTGAACTTGTTCTACTTCTTCTTCAACTCGTTGATTCATAATTAGTTTTCTTCCAATACAACTAATAATTAATGCTAGTTCTGCTGGTTTTTTACGGTTTTCGTTGGCTATTTCTGCCGCATGTTGGGCACCAGAGGCTATTGCATCTATCGAAGCCATCATTAATTGAACTCGTGAATTTAGGGGTACATCGCCAGCTAAAACCATCGAATTGTTATTTTCATTAATACTCAAAATGGTTCTCACGACGGCTTCTGTTTTTCCTTCTGGGATTACATTTAGGGGGTATAATAATGAGGCTTGCGGCAATTGGCTTGCTTTATCACCAAGGTAATATTTGTATAAATCTAAGGCTGGTTTTGCATCTATTTCAAATAATATATTTCCTTCTGATGATGTTATTGTTCTTTCTGGTCCAAACGGTGTCCATCCTCCAAAACTAGCAAAAGAGATCTCTAATGTGTCGCCATAAAAACCTATTAAAACGACTTCGCCAATTTTTGGGTTTTCTTTGTATGACGCGAGTGTTTTTTCAAATCGTGCATCATCGCCACACATGCCGCCAGTGATAGATATGTTAGGGTTCATGTCTTGTTCTAATCCGTCAATGAGGTCGCTTCCGTTTACGAAACTTCCTTCCGATAGTACAAACAAATGCTTCAAATTTTCTTTTGGCATTTTATTGTACAAGGTTTTTCCTAGTATTTTGGCATTTTTATTATAGTTAATAATGTTATCGCTTTTTAAGATAAAAGAGCTTTTTTCAAATTCTATTGCCACTACAGAAATAGAGTTTTCGTTTACATTTATATTTGATATTTCTCCAGATGTAGAGCCAAAAACTATATGTTCGTAAGGGAATTGTACTCGAATATCGTTAATTACTTTTTCGTCATCTAATAAAAATCTGTTGGCAAAAACTAGCACTAACGGATTTTTTAAAATTATTTTTTCTTGCAAAAATTTCCAATCTTGATTTTCTGTTTTTGTAGCTTGAACTATTTTCATGATTATTGATCGTTTAGCGATATAAAAAATGTTGTTCCATGATTAATTTGGCTTTCTAGCCATATTTTACCGTTATAGGTTTCTATAATTTTTTTTACTATCGAAAGGCCTAAGCCTGTTGATTTGTCTGATTTTTGGAGTGATTGAAAAATTTTAAATATTTTTTCTTGGTTTTCTTTAGCAATACCTGGTTCCGTTATCTTGAATAGAAAATATATATTTGCCGTCTTTTTCGATGCAACTTACATTGACAGTACCAATTGGTTTGTCTATATAATTTACGGCATTGCTTATAATATTTTGAAAAAGTTGTTGTATTCTAAATTTATCGGCATTTATAATTGGTAATTTTCCTATAATTGATACATTAATATGATTGGGAATATGAATTATATTGATAATATTTTCTATTATTTCATGTGTATTTACTTTTTCTGAAGCCAAATTTATTTTATCTATTTTAGCATAGGTTAAAATTCCTTCAATTAAATAGTCCATTTTTTCTACTTTTCCTTCAATTAATGATAGATATTGTAATGTTTGATCGTTTAATTGTTTGTCGTTATCTTCTTTAATCCAAGATATTAAAGAATGGATACTTCTTAATGGTGATTTTAAATCGTGCGATACAATCGAGGCATAATCTTCTAATTCTTTATTACTTTTTGCTAAACTTTTTACTAAAAAATCTTGTTTTTCCTCGAGTTCTTTCTTTTTAGTTATATTTTCTTCAATTGCAAAAAATTTAACAATTTGACCTTTTTTATTGTATAATGCCTGACCTTGTATGTTTATCCAATATTTTTTTCCTTGTTTAGAATAATTAATGATTTCGCAGTTAAAGGGTAATCCTTTTTTTATTTGGTCTCGTAAATAAATAATTGTTTCGGGGTTTGTTTCTTTACCTTGTAGTAAATTTCCTGGTCTTTTGCCAATGAGTTCTTCTATTGTGTATCCAGAAATTTCGATAAAGCTTTTGTTTGCCCATTCAATTTTGCCTTCTGGATTAGCAATGATAACAGAATTTATATTTTTTTCGGCAATTAATGATAATAAGTATAGTTTTTCTTCCTGCTCTTTTTGCAGGGTAATGTCAAGATGTATTCCTATGGTGCCTATTAATTCTCCCATTGCATTATAATTGGGTGCACCACTAATTAGCCAATGTCTGTTTTTTCCAAACTTATCGATTACTTTAACTTCATACGAATCTGTTTTTCCTTTTTTTCGAATTTCATTTTTACTTTTTACTAACTTTTTGCTTTCTTGTGTTAGTAATAATTCGGCAGCTTTTTTTCCTATTAATTCTTCAGAAGAATAACCACTAATGGTTAAGAAACTATTATTAGCAAGGGTGATAACGTCAT
NZ_CP176805.1_gap20	720269	724254	3985	AGATGCAATAACTTTGGTCGGCACCACGGCCTACACGACCACGCAACTGATGCAATTGCGAGAGCCCAAAACGTTCGGCACTTTCTATAATCATTACGCTGGCATTAGGCACATTTACACCTACTTCTATAACTGTTGTAGCCACCATAATGTTAGTTTTTCCATCGGAAAAGCGTTTCATTTCGGCTTCCTTATCGGCTGGTTTCATTTTTCCGTGAAGGATAGAAATAGCATATTTTGGAAGTGGAAAATCACGAGAAAGACTTTCATAACCATCCATCAAATCTTTAAAATCCATTTTTTCAGATTCTTGTATTAATGGATAAACGATGTATATCTGGCGCCCTTTTTCGATTTCTTCACGAATAAAATGCCAAACTTTTAATCGGTTGGAATCAAACCGATGTACTGTTTTAATAGGCTTTCTGCCTGGTGGTAACTCATCAATTACCGAAATATCTAAATCGCCATACAAACTCATGGCTAAAGTTCTAGGAATTGGCGTAGCAGTCATGACTAAAACGTGCGGAGGAATGGTGTTTTTTTTCCATAATTTAGAGCGTTGCTCTACACCAAAACGATGTTGCTCATCGATAATTGCCAGGCCTAAATTTTTAAATTGTACTTTATCTTCTAATAAAGCATGTGTACCAATTAGAATGTGTAAACTTCCGTTTTCGAGTTCTTCATGAATGATTTTTCTAGCTTTAGTATTACTAGAGCCAGTTAGTATTTTTATATTGATATTAAGTGGTTTAGATAATTCTAATAACCCAATAAAATGTTGGTTTGCTAAAATTTCTGTAGGTGCCATTAAACAAGCTTGAAAACCATTGTCTAAAGCCAAAAGCATGCTCATAAAAGCAACAATTGTTTTTCCTGACCCTACGTCGCCTTGCAATAATCGGTTCATTTGAGCAGGATTTCCCATGTCATTTCTAATCTCTTTGAGTACTCTTTTTTGAGCATTTGTTAAATTGAAAGGTAAATGATTATTGAAAAATTCAGTAAAATAGTTTCCTACTTTATCGAAAGGAAAACCTTTTATTTTGTGTTTTCTAATTAAATTTTTAGTAATTAATTGTAATTGAATAAAGAACAATTCTTCAAATTTTAATCGAAATTGGGCTTTCGCCAAAGCTTCTGCATTTTTTGGAAAATGAATATTTATTAAAGCCTCTTTTTTAGAAATTAGCTTTAATTCTTCGATTAAATAAATGGGTAATGTTTCTGAAAACAAAGTATGTGTTTCCGAGAATAATTGTTGCATCATTTTATTTACAACCTTGTTCGAAATGCCTCTATTGGTCAGTTTTTCGGTACTTGGATACACGGGTTGCATCGCCAAACGAATGCTTTGCTCATGTTCGCTTAGCAATTCCATTTCTGGATGTGCCATGTTGAAGGTATTGTTGAAGGAAGTCGTTTTTCCAAAAATAACATAAACCACATTAAGTTTTAAACTTTCTTTAACCCATTTTTGACCTTGAAACCAAACCAATTCCATTTGGCCAGTATCATCGATAAAAGTGGCTACCAATCGGCTTTTTCCTTTGGCAAATTCGACTGATTTTATATGAATTACTTTACCAATAATTTGAACTTCGGCACTAGAATTTTGCAGTTCACTTATTTTATAATATTTGGTTCGGTCTAAATACCTATTTGGATAAAAGTTTATTAAATCGCCGTATTTATAAACCCCCAGTTCTTTGCGCAACAAATCCCCGCGTTGTGGACCCACGCCTTTTAGGTATTCTATTGGGGTTTCGAAGAGGTTATTCATATTCAATTTCAATAATGCGAAGATAAATTTTATTTATTTTAATCTGTCAAAATTTGTGGCAAAAAAAACAGTTTAATATTCTATTTCGGAATCAAATCACAATACCAAAACCCAAAATCGAAAGCATCGGAACTACTTGTATCGCAAGCGGTATTAGATGATTCTTGTTTTGGTTTTTCGTACTTTCTATACACAATTTCGCCTATTTCAAATTCGATTGGTTTTTTAAAAATGGGACCATCGAAAGTAAAAGTATGAAACTCTCCGTTCTCGCCACAAAGATCTACATCATCTGGCAAATCGGCAATAAACTGAGCATCTATGACTCGACCCACAAAACTTTTATCAAGATTTCGTTCATTAACACAAACCACAATAGTTTTGAAACCTAGAGCTAAAAACTCCAGAATTAACGCTTTGGTAGGAATTTTCCATAACGGAAAAATAGCTTCTAATTGCATTTCGGCTAATTTATTTTCTCTATATTTTCGCAAATCTTCTAGAAAAATATCCCCAAAAATAGAATGTGATATTCCTTTTTCTTTAAAGTTTTTTAGAGTTTTTTGCATTACCTCTTCATAATCGTTCATGCTTGGCATTTCTGGAATTTCCATGATATGAAGCGGTAAACCAATACTTTTGGCTTGTTGTACTAACAATTGGGTACGCACACCATGCATCGAGATGCGATTGTGTTTTTTATTAACGCTTGTAAGCAACGAAACAATTTCTATTTCTGTATCTTGCAAGGTTTTATATAATGCTAGAGCAGAATCTTTTCCGCTACTCCAATTAAAAATGGCTTTCTTTTTCACAATTTTTTATTTGAATGTAAACTTACTAAAAAGTCAGAAATTACTTTGTATTTTTGGGCTTTAGATTTAATTTTATGAAATATATTATCCTTTTATTTTCTGTATTTTCTTTTGCCCAACAAACGCAAAAGGTCGATTTTATTTCGATGAATGGTTCGGTTTATCCAAATGCTATACAAAAGTCTATTTCTGGTAGCATAAAATATGATTTTACTGTAATATCTTCAATAGATACTATAAAAATTGATGCCCAGCGAATAGAATTTTCATCGGTAAAAATAAATGGAAATGAAGTTAAATTTAAAAATACAGTCAAAGAATTACAATTGTTTGAAGGCTTTAAAATAGGAAAAAATATCTTAACTTTTAATTATAAAGCAACACCAAAACAAACCTTATATTTTATAGGACAAGACGAAAATTTGCAAATCTGGACACAAGGACAAGGAAAATATACCAGCAATTGGTTGCCAAGTTTTGATGATGTTAATGAAAAATTGATATTTAATTTAAGTATCGATTTTAGAAATGATTTTGAAGTACTTTCTAACGGAAAACTGGTTAATACCACTACAAATAATAAGGGAAACATTAAAACCTGGAATTATTCTATGCAAAAATCAATGTCTTCTTATCTTGTAATGCTGGCTATTGGAAAATTTGAAAAACAAGTTTTACAATCAAAAACAAGAATTCCTTTGGCACAATATTTAAAGTTAGAAGACAAAAAAAAATTCGAGCCAACCTACAAATATTCAAAGGAAATATTCGATTTTTTTGAAACCGAAATAGGAGTGAAGTACCCTTGGCAAATATACAAACAAGTTCCTGTAAATGATTTTTTATATGCCGGAATGGAAAACACATCGGCAACTATTTTCTCGCAAGATTTTGTAGTTGATGCCATAGGTTTTAATGATAGAAATTATATTAATATTAATGCACATGAACTAGCGCACCAATGGTTTGGTAATATGATTACAGCAAAATCTGGCAAAGATCATTGGTTGCAAGAAGGTTTTGCAAGCTATTATGCACTTTTGGCAGAAAAGAAAATTTTTGGCAAGGATTATTTTAATTACGAATTGCTAAAAATGGCTAAAGAACTAAAAAAAGCTAGTAAAACCGATACCATTCCAGTCTTAAATGCAAAAGCCAGTTCGCTTTCTTTCTACAAAAAAGGAGCATGGGCTTTGCATATTTTAAGAGAAGGAATTGGAGAAAAAAACTTCAAAAAAGCACTAAAAAATTATTTAAATAACTACAAATTTAAGAATGTAATTACCGATGATTTTTTGGCTGAAATAAAAAAAATATCCAATTATGATACTGCTAATTTTAAGAAAAATTGGTTAGAAAAATCAGGTTTCAATACTACCGAAGC
NZ_CP176805.1_gap21	728023	730583	2560	CATTAATCCGTTAGGAACAGCCACTTTTATAGTTGCTCCCAAGTTTGGTTCGTCGCTTTGAGAATCTTTTACGGGATACCAACAACTTGCACCAAAACCTTGACAAGCAACTCCTATCCAAGTTTTTCCTTGTTTGTCATTTGTAAATACAAAACCGCCGTCCCAAGGAGCACGTTTTGCGATAGTAGGATTTCCTGAATAATAAAATCGAATTTTTTCTTGATTTCCTGTTTTTAAACTTTCGTTGAAAGTAATAAAAACGGCTAAATTATCCCGCTTATAATTGAGTTTTTTGTGATTAAAAATAATACTATCTACTTGCATGTTTTCGAATAAATCGATTTGTATTTTATTTGTATTTTCAACAACTTTGAATGTAATGTCGTTATAACCAATTATAAATTTTTCTGTTGGATTAACTTTAATATTCAAATCATAGCGTTGCACATCGAAACAAGTTCTTTCTGCTCTAAAACCGCCTTGAAGGCTATCACGATGTGTAAATTTTTCTTTGGGAACAGTTAGTTGTGCTGTGAGGATATTTGTAAATAATAAAAAAAATAGGGTATTTTTCATATAAAATTAATTTTTAGAAAGGTCAAATTTATTTGTGTTTATATCTTGCAAAATCCAATTCATTTCAGGATCTGTATTGTTTATTCTGTCATCAAGTGTTGGAATTATTTCTTTATCAGGAAAAATTCCTCTTCCTTCTACTTGGGTTTTATATATTGGTACGCAAGCCATAAGTCCCATTCTGACATTTAATTTAGAGTGTGGCATTTTTAGTACTGGCATTCTTCCTGCTACAGTTCCGTTATAAGCTCCGCCTGTTTCTTCGCCTACAAATAGGGCTCTTTTTGCTCCTTTTAGATTAGATGAAATAATGCTAGATGCAGAAAAACTGCCTCCATTTATGAGTACATACAATTTTCCTTTAAAATTATTTGTGTCTGGTTTCTTAATTTTAGAATTTGTGTAATTATAGTAATTAGTTCCGTTTTTGTGTACCGAAAAATACATTATTGGATAATAAAATGGGGCAAATATTGTTTTGATGATTTTAGTTCCAATGCCTCCTCCTTTATAATAATTGGCATATAATAAGCTTGTTTTTTTGGTAACCAATGATTTTTCAATAAAATAAAAGTCTTTATCTGTTAGATAAGTGTATAATTTTGCTATTTCATTAAGTCGTCCTCCTCCGTTATTTCGTAAGTCAATAATTAAAGTTTTTGTGTTAAATTTTTTAATTTTCAGGAAACTTTCTTTGTAAAATGTCTCAGCATCACCTTCTCGGAAACCATTTATTTTCATGACTGCAATACTGCTATCTTTTTCGATAAATTTAAGATTACGCATGTATTTTTTGCTTTTAGTATCAAAACCAAAAATATCTTTCTTTTTTGCTATTGCTTTTTTTTGTTCTTTAGTGAGAACTGTTTTTATTTTTTTTATTTCGGTCGAATCTACTATTTGTCTTTTTATGATAATAGATTTTAATTCATTTTTAATTTTAAAATTATATTGTAATGAATCTTTAGTATCATTATTTAAATAATATAGGCTTGAAAATCGTTGTCCTAAGAAATTGTTTTTTAGAGTTGTATTAAAACCATCAGAGGTAAAATTATTTTTATAATCATCTAATAATGTTGAAACATTTTTTCCGTCAATAGCAACAACTTGGGTTCCTACTGATATCGATTTGTTGTTCGATTTGTTTTTTGTAACATATAATTTTCCATCAAAAATTTCAAAATCAAATTGTGACAATGGCCCCTCGCCACGTTTTTTCATGCTTGCGGTTTCTTTTTTAGAGTACTTCTTTGTTAGAGGGATTACAAAGATATGACCTTGTCTTACTTCGCAAATAATAGGAGTTATTTTTTTATAAAAATCGTAACTAGTCATTGGTTTGTTTATGGTTGCCTTTAAACTATCGAATTTAAAATCTAACGTTTCTTTATTTATATACCAATATAATTTTGGGTGTAAATTTTGTAGTTTTTTGTATATAAAATGGGCATCGGATTTTAAATCTTGTTCAGAAATTAAATCATTTAGATGTGCATTATATTTTTTTATTGATGAGCAACTTATAATTGATTGTACAATTATAATAACGTATGTTATTTTTTTGATGAATTTTGTTTTCATAATAGGCTAGATAAAATCTCTAATAGTTGCGTGGCAACAACAAATTAAACCTGAATTACGCCTAAATTAAATTTTTTCTCGATTGGAGCGTGATTTGCTGCTTCTATTCCCATCGAAATCCATTTTCTTGTATCTAGAGGATCTATTATGGCATCTGTCCATAATCTGGAAGCTGCATAATATGGGGAAACTTGCTCGTTGTAGCGTGCTTTTATTTTATCAAATAGTTCTTTTTCTTTGGCTTGATCAATTACTTCTCCTTTAGCTTTGAGCGAAGAGGCTTCTATTTGTGCGAGTACTTTTGCCGCTTGAGTTCCGCCCATAACAGCGAGTTCTGCACTTGGCCAAGCAAATATTAATCTTGGATCATACGCTTTGCCACACATGGCATAATTTCCTG
NZ_CP176805.1_gap22	741913	744982	3069	TTGTAGCTATAAAAACATCATTATATTTGCACTTTAAGGTACAATTTATGAATGATGAAACTTTTATTTTCTGCTTAGAAGGCGTTCTAAACATAGACACGAATACCATTACAAAAGTAGTTAAAAACTTAGAGAAATTAGCCATTGAAGACAATATTACAAGTATTTACAAAACCTGCGACTCTATTGAAGGGCTAGAAGAAAGTTTGAATAACTTACTCTATGACGACCATAATTTTAAAGATTATGAAATCATTTATTTGGTAATGTTAGGCGAAGGAAATAATATTTGTCTTAATCAATATTACTATACTTTAGAAGAAATAGCCGAACTCTTTGAAGGAAAAATGAGGGGTAAAATTTTGCATTTTTCCAATGCCAAAACATTAGAATTAAGCCAAGAGGAAGCTCAATATTTTCTAGACATTACCGGAGCGCTTGCCGTTTCAGGTTATGGGACATCATACAAAAATATAAACAGTATTTCTATCGATATAGCTTTCTTTAAATTGCTCCAAGAACAAGATAATATTGTTAAAATTGTAGAAACATTGTATCAAAAAAATAATGAGCTTTGTAAATTACTCGATTTTAGACTTTATTATTAAAACATAAAACCAATTAATTTAGTATAGATAACCAATTTTCAAAAAGGAATACTAATATTAAAAATAGCTCCTTTTCCCAAATCGCTAATCACCATAATAGTTCCTTTATGGGCTTTTATAATCTGATTTACATAATACAAACCCAACCCTAACCCTTTAACATTGTGTAAATTGCCTTGTTCTACTCGGTAAAATTTATCAAAAAGTAAGGAATGCTTATTTTTTGAAATTCCAATTCCATCGTCTTCAATACTAATATTAAATTGGTTGTTTACTAATGAAGTTCGGATATTAATATGATGACAACCATATTTTACCGCATTTTCTAATACATTCTGAATGGCTGTTGTGAGATGAAATTTGTCAAGAAATAAGGAAGTTTGCACGGTTTTAAATTCGGTTGAAATTGCAATTGATGGATTAGAAATCTTAAAATCATTGGTAATTACATTTAAAAAAACTTCGGAATTAATTTTTTCCTTTTTCAATTTTATTTCGCTGTCTTCCAATGAATTATTTAAAACCTGATCGATTAATTGTTGCAAACGATTATTTTGACGAGATATAGTGGCTACTAAATTATCAAAATGTTGCTGGTTATCTCGAATCTCTTTTCTTTCTAATATTTTAGTAGAAATAGCTAATGTAGCCAATGGCGTTTTTAATTCGTGGGTAATATTATTAATAAAATCTGTTTTAATGTCGCTTACTTTTTTTTGTTTTATTAATGCTTTGATGGCGAATACAAAAAGGCTTATTAAGGTTAAAATTGACAAAATTGCAAAGCCTAAAATCATAGCCATTCGTCTCAGGATTATAGTTTCCCAATTGGCTACCGAAACATACAAAGCATCTTCGGTAAGTAATTTGAAATCAGAATTCAAGGTATTTCCGCTTGTGGTTCCTACGTAATTTCGGACCAAAAAAGCATCGTCTAGTGATGCTAAATCACCATATAGTTTATTTCCAATGATTGGTTTTTCAGCAAAAATGGTATCAGCTGCCTTGGCATTGTTATACAATACAAATTTGTTGAGTACAATGGCAAAATCTAGTTTCAAATCTGGGATTTCTTGTTCGAATTTAAGTTGTAATTTATGCGTTAATTCTTCTTTAAATTGGTTTTGAAGAATGGCATTCTTAATTCTGTTTCTGGTTTTAGGATCTAAAATATAACGCATCGCCAATTCGCGATACAACAAATCTTTTTTGTTAAAAATGGTCGAATCGATATCACTATAATCGTTTGTAATATCGGCAATTTTGGTTTTTACTTCGGCTCTAAATTGTGCTACTTTATAATCATAAGTAGTTTTTACCAAATAAAATTGCATAACCGAAAGTGCTATAAGCACCACAACCGAAAACAGAATTAATAAGTTGATTTTCTTCTTCATCACTTCAAAAATAATCGATTTTATTCAATAAAAAAGACATTAACCTAGCATTAACCTTCTATTAACTTTCAGATTCAAATTTTGAAAGCAATTTTGCATTGATAATTAAATACTAAATGAAGAAAATACTGCTAATTATGCTCTTAATTTCAAAAAATTACGCCATTGCTCAAAAAACTCCAGAAGATTTTGGGTACAAACAAATGTCATTCAAATTTCAAGATGATAAAGTAGATTTGATTGTTATTTCTAAAAAAGGAGAAGAAAAAATAGCCAAACCATTGTTCTTTTTTTGCCAAGGAAGTTTGCCAAGACCTGTTGTTATTTATGACGAAAAAGGATTGTATGGTACTTTGCCTTTTAACGAAACTCCTTTTTTAGATGATTTTCATATCATAATTATTGCAAAACCAGCTATTCCAATTATTGCAAATGCTAACATCTTGGGCAAAAATTTTATGTATTTGAAAGACAAAGAAAATGAAATTCCACCCAAAGGGTATACCGATAGGAATTATCTAGATTATTATGTTTTTAGGAACAATTTCATTCTTAAACAATTAAGTAAAGAGCGATGGGTTAGTAAGAAAAAGCTTGTTGTTGCTGGGCATTCTGAAGGAAGTTCTATTGCTTCAAAAATGGCGATTTTATATCCTAAAATAACGCATCTCATTTATTCTGGAGGGAATCCTTTTGGTCGAATTGTAAATATTTTATCAGAAGAAAGGGATAAAGAAAACACCATAAATTATTGGAAAACGGTAGTCGAAAACAGTGCTGTTATCAATTATAATGGCGGTAATACTTATAAAGCTACTTATAGTTTTTCGTTGCCACAAAGGGAAAATTTAGTACAACTTAAAATTCCAATTTTAGTGACTTATGGCTCAAAAGATGTGGCAGCAAACTACAACGATTTATTTCAAATAGAAATTATTCGTGACCGAAAACAGAATTTCAAATTTATAAATTATCCTGATTTAGAACATAATTTTTTCGCTGTAAATGAAAAATTAGAACCTATTTATGAGAAAGAGAATTGGGATAAAGTGGCAAAAGACTGG
NZ_CP176805.1_gap23	784804	785392	588	TTATTGGTCTATCAAAAATAAATTTATTGATGAATTGAACCAATGTTAATGCTGTTATTTTTGCTAAAATCCGTGTTTTAAATCCTTGAAAAGATTTAGCATAATTGTTTCTAATTTTGAATTGGTCACACAATTGTGAAAATAATGTTTCAATTCTTTTTCTTGATTTTCTAAAGATATAAGCCTGTGGTTTATAGTCTTTCTGATTTTTCCTTTTAGGCGTTTCTAATTTAATATTTACTGTTTGAAATAAATCCAATTGAATAGTCTTTGATAAATAACCTCTATCTCCAAGTAACACACAATCAGACATTTGTTGTTTTATGTTTTTCAAAAAATGAACATCGTGAACTTCTGCTTTTGTAATATCTAATGAATGAAAAATACCTGATATAGAACAAACTCCGTGAAGTTTATACCCATAAAACCAAGTGTTTTGTGAAGCACAAAATCCTTTTGATGGAGCTGTTTCAAACTCTTTTTTACAGATTTTAATTCTTCGATGACGAGCAAATTTGCAAATCTCTAAAGGCATACTGTCAACAATAAAATAATCTTCAAACTCCAAAAAACGAGACGCTAATTTTA
NZ_CP176805.1_gap24	975589	979721	4132	GGTTTTACAAGGTGGTTTCAAACGAGAACTAATTTAGCAGGGTTAGGTGTTAGAAAATTGGTTACTGTTTAGATAAAAATATGCGAAAAAATAAAAAAAAACATGGCTAAAGAGTGGTAAGGGCTTCAAATTTATTAAAAAATTAAAATTCAAAACACATTCAACAAAAAAACACCAACACAAAACCTTTTATAATACCCGTTAACAAGACCATAACTAACTAAAAATGAATAGTTTGTTTTTATTGTAAATTAATTTTAAAATTCAGATTTAAAATTATCTAAAAAAAGTATTATTACACTACATTGCAGTATAAATTTATATCATATTGGCTCGAAACTATAATTTTTGCACTAAAACCATCTTTTTATTTGCTTTTTTACTCCTAATAACAAGAAATTATGGGCAACAGCAAACTAAAATGACTGTTGTATTAAATGAAGTTTCCCACAGCTTAATCGTTACGCAAACCATACAATTTATAAATAATTCGGACAAACCGCTCTCAAAATTGGTACTTAACGACTGGAACAATGCCTATTCTAATAAATATTCTCCTTTAGGCAAACGTTTTTCGGACGAATATGTTAGAAATTTTCATTTGGCTCCTAATAGAGATAGAGGAAATACTACAATAACTAAAATACTCGTAAATGATTCTATCGCACAATACAATCGTGCTAAAAATCATCTTGATATTATAGAAATAGTTTTAAAAAACAGTCTTAAAACGTCAAAATCTGTTACGCTTACTATAGAATATAGTTTAAAAATTCCTAACTCAAAATTTACTCGTTTTGGCTATAATGATGGCAAATATATTTTAAACAACTGTTTTTTATCATTGGCACGACTAGCCAGCAACGGACAGTTTGCTTATTACAGCAACGAAAATCTTGAGGATATAGCCAATGCAATTTACACAACCATAAATATCGATTTTGTAATTCCCAAAAGCTATGAGATAACTTGCAATTTAAATTTTAGCAATCAAACTGAAAACGAGACAACTAAAACGATCCGTTATAAGAATCAGAATAGCGATCAAATTCAATTAGCGATCGAAAAAAATAACAGCTACGAAAGTTTTAAGAATGACAACATCGAAGTGCAAACAAATTTATCTGAAACGAAACTAAATGGTATTCAAAAAGCGATTATTATAGATAAAATTGTAAATTATGTTACCCATAATTTAGGCGAAATTACTGAGAAAACAATAATGATTTCTCAAGCAGATTATGAGAGAAATCCTTTTTATGGATTAAATCAATTACCCGCTTTTATTAGTCCTTTTCCAAATGACTTCTTGTATGAAATAAAATTCCTAAAAGCATATTTGTATAATTACCTAAAAGCATCATTAAAAATAGATCTAAGAAAAAGCGGTTATATATTTGATGCAATTCAGGTGTATATGATGATGAAATATATTGATGAAAATTACCCCGAATTAAAAATGCTAGGCAATCTCTCTAAATATAAAATTCTGAAAGGCTATAATTTAGTAAATGCAAACTTTAATGAGCAATATAAGTATTTATATTTGCTTATGGCAAGAGATAATTTAGACCAAACTATAGGCGAATCTAAAGAAAGTTTTATCAAATTTAACGAACAAATTGCAGGAAAATACAAAGCAGGATTAAGTTTTAAATATTTAAACCTGGTACTAAAAGACAGTACTGTTGAAAATAGTTTTAGAGAATTTTTAGCTCTAAATAAAGAAAAACAAACTACTTCTTCTGATTTTGAAACTATTTTGAGCAAAAAAGCCAATCAAAATATCGATTGGTTTTTTTCTAATTTAATTAATTCCAGAAAAATTATCGATTATAAATTTGGCACAATAAACAAAACTAAAGACCGTATTTCTATAACCATAAAAAATAATTCTAACGCAATAGTTCCTATAACTATAACTGGATTAAAAAACAAAGAAGTTGTTTTTAGCCAATGGCTATACAACGTAAAAAATGATACAACTTTTGCTATTTCTCGAAATATTGCAGACAAATTAGTATTAAATTACAACAATAGTATCCCTGAATTTAATGCCAGAAATAATTACAAATCCCTAAAAGGCTTTTTATCGCTAAACAGACCCTTACAATTTAATTTTTTTAAAGATTTAGAAAACCCTGCTTATAATCAAATTTTTTATTTACCAGAAATTACCTATAATTTATACGACGGAATAATTACATCATTAAGTTTACACAACAAATCATTTATAAATAGAACATTTATATACGACGTTAGCCCAAGTTATTCTTCAAAAACCAAGTCGTTTACTGGTTATGGAAGCATTGCTTTTAGGCAACAATATAGAGATAAAAAATTATACGAAATAAAATACGGATTAAGCGGTTCTTACTATCATTACATTCAAAATGCAGCTTATTTAAAAATAAACCCCGTAGTACAATTTAAATTTAGAGATTCTGATTTGCGAAGCAACAAAAGGCAATATCTTACTTTTAGAAACATATTTGTAAACAAAGACCTAGCACCTATTACCAGCGCAACAAAAACAATAACCACAGATACTCCGCTACGTTATTCCGTTTTTAATGCAAGATATTCTGTTAGTAATTCAGAAATTGCAAAAGGTTTTGGTCTAGGAACAGACCTACAATTTTCAGGCGATTTTGGTAAAATTTCGACCGAAATTGGTTATAGAAAACTTTTAGAAAACAACTATCAATTCAGTTTACGATTGTATGCAGGCACCTTTATATACAAAAATACCAGCACCGAATTTTATAGCTTCGGATTAGATAGACCCAAAGATTATTTATTCGATTATAATTATTATGGTCGCTCAGAAAGTACAGGATTGTTTAGTCAAGAAATAATAATTGCCGAAGGCGGTTTTAAATCTAAATTTGCAAATCCGTATGCAAACAAATGGATGACAACCATAAACGCTACTTCATCAATATGGCACTGGATAGAAATGTACGGAGATATAGGTTTGTACCAAAACAAAGGACAAAACCCTAAATTTGTTTACGATAGCGGTTTACATCTTGATCTTGTACCAGGTTATTTCGAGCTATTTTTTCCCATATATTCTAGCAACGGATTCGAAATGGGACAAAAAAATTATCAAGAAAAAATTAGATTTACAGCCTCATTTAACCCTAAAACACTTATTGGGCTTTTTACACGAAAATGGTTTTAATATTTCAGTGTTTCGATTCTGTTTTTAAATAAAACTTACAAAAAACAATAATTAAAAACATATAATGTAATTTTATGTTTACAATTTATAAAAAACATATTAATAATTCAATAATATTTTTCACTACATATATACAACATAACTAGTTTTTACTTAAATTTGTCATCATTACATTTCATAATTTATGACACAAGTAGAAGAAAAACAGCCCTTAACTTTTGAAGATTTTAAGACCGAAGTTATACAAGATTATACCATCGCAACCACAAGCCGCGAATGCAGTTTACTAGGAAGACGTGAAGTTTTAACAGGAAAAGCCAAGTTCGGAATTTTTGGAGATGGTAAAGAAATCCCACAATTAGCAATGGCAAAAGCCTTCAAAAATGGAGATTTTCGTTCGGGATATTATCGTGATCAAACCTTTATGATGGCGATTGGACAAATGACAATGCAACAATTTTTTGCAGGTTTGTACGGTCATACAGATTTAGCACATGACCCCATGAGTGCTGGTCGACAAATGGGCGGGCATTTTGCTACACATTCATTAGACGAAAATGGAAATTGGAAAAACCTAACACAACAAAAAAACTCTAGCGCAGATATTTCTCCCACAGCTGGGCAAATGCCTCGCTTATTAGGACTCGCACAAGCATCAAAAATATATAGAAACGTTTCTGGAATAAACCAAACCAATTTTTCCGAACAAGGAAATGAAGTAGCTTGGGGAACTATAGGAAACGCCTCCTCTTCTGAAGGTTTATTCTTCGAAACCATCAATGCTGCGGGCGTTTTACAAGTACCAATGGTCATGAGCGTTTGGGACGACGAATACGGAATTTCGGTTCATGCACGCCATCAAACTACCAAAGAAAACATATCAGAAATCCTAAAAGGTTTTCAACGTGATCAAAAAAATAAAGGCTACGAAATTATTACTGTAAA
NZ_CP176805.1_gap25	1001864	1003159	1295	GGGAAGTTCAGATCGCAAGTTTGTGGCCGAAACCATCTACGAAATTGTGCGTTGGAAACGATTATATTCCGAAATTGCAGAAGTTAAAGAACCTTTCGATCGTGACAATATCTGGAGAATGTTTGCTTCTTGGGCAGTTATGCGTGGTTATACAATTCCAGATTGGAGACAATTAGAAGGAACACCTGAACGCAAAATAAAAGGGCGTTTCGACGAATTGTCTAAAACCAGAGCCATCAAAGAATCTATCCCAGATTGGATAGATGCATTAGGGGTAAAAGAGCTTGGCGAAAAAATTTGGGCGACCGAAATTGCCGCACAAAACCAACCCGCAAAAGTTATCTTAAGAACAAATACATTAAAAACAACTCGCGAAAAATTGCGTGCCATTTTGATGGATTTGAATATAGACACCGATACATTAAAAGACCAACCAGACGCTTTAGTACTAAAAGAAAGAGCAAATGTATTCTTAACCGATGCCTTCAAACAAGGATTCTTTGAAGTTCAAGACGCCAATTCTCAATTAGTAGCGGCTTTTCTTGATGTAAAACCAGGAATGAGAGTCGTAGATACCTGTGCTGGTGCTGGCGGAAAAACATTGCATTTGGCTTCTTTGATGGAAAACAAAGGACAACTTATTGCGATGGATTTATACGAAAGTAAATTAAAGCAATTAAAACTTCGTGCCAAACGTAATGGCGCTTTTAATATCGAATATAAAATCATCGATTCTACAAAAGTCATCAAGAAACTAGCCGAAAAAGCAGACCGAGTTCTTATAGATGCACCTTGTAGCGGATTAGGAGTTCTAAAACGCAATCCAGATGCAAAATGGAAACTACAACCAGAATTTATCGAAAACATTAAAAAAATTCAAGCAGAAGTACTAGAAAGCTACTCAAGAATTGTAAAACCAGGAGGAAAACTAGTGTATGCCACTTGCTCTATCTTACCTTCTGAAAATCAGGAACAAATAGAGAAATTTTTAACCACCGAAACGGGGAAAAGTTTTACCTTTATTGAAGACAGAAAAATTCTAGCCTCAGAGTCAGGTTTTGATGGTTTTTATATGGCATTGTTAGAAAGAAAAGCTTAGTTTTTTTTTATGAGTTAATGTTATTAAATCGTAAAGTTAAGGCTATAAAGAGATTATGGTTTTTTTAATCAAAAAAATTAGATTTACATTTGCAAACCCAATTTTATTAAATTTAATTACATGAAAAAAATCTACTTATTATTATTGCTTAGTGCTAGTTTAGGATTTGCACAATGCCCATCAAATTTAACTACTT
NZ_CP176805.1_gap26	1040198	1045189	4991	ATGGACGATTTTGACAGAGCTATTGTCGAAATTTCTAAATCAGATGACGAAAACCTAATAAAAGGTGTCGAACTTATTCACTCAAAACTAAAAGACACTTTATTCTCTAAAGGGCTAGAAATTGTAGAAATAAAAACAGGCGATACCTTCGATGCAGATTTTGCCGAAGCAATTACACAAATTCCAGCTGGCGACAAACTAAAAGGCAAAGTAGTCGATGTAATCGAAAAAGGTTACAAATTAGGCGAGAAAATAATCCGTTTTCCTAAAGTAGTAATCGGAAACTAAAATATTAAGATCTTCTAATTAAAATTTAATTAGAAAATCCTTAATCCTTATTTTAAAAATGAAAAAAGATTTTTACGAAATATTAGGCGTTACAAAAAGTGCAAACGAAGCCGAAATAAAAAAAGCTTATCGCAAAAAAGCAATCGAGTTTCATCCTGACAAAAACCCTGGTGATGCTGCTGCCGAAGAAAAATTTAAAGAAGCAGCAGAAGCATACGAAGTGTTAAGTGACGCTCAGAAAAAAGCACAATATGACCGTTTCGGACACCAAGCCTTCGAAGGTGGCAATGGTGGTGCAGGCGGAGGATTTCACGGAGGTGGCATGAACATGGACGATATTTTCAGTCAATTTGGAGATATTTTCGGTGGTGGTGGTGGCTTCGGCGGATTTGGTGGCGGTGGCGGTGGTCAGCGTCGCACTAAAGGAAGTAATTTGAGAATAAAAGTCAAATTAACGCTAGAGGAAATTGCCAACGGTATCGAGAAAAAAGTTAAAGTAAAACGAAAAACACAAGCACAAGGCGTTTCATACAAAACCTGCTCTACCTGTAACGGTCAAGGTCAAGTAATGCGTGTTACCAATACTATCTTGGGTCGTATGCAATCAGCTTCAACCTGTCCAACTTGCGGCGGTTCTGGTCAAATGTTAGACAAAAAACCAGCCAATGCAGATGCACAAGGAATGATATTAGAAGACGAAACAGTTTCTATAAAAATCCCCGCAGGTGTTGTAGATGGAATGCAACTAAAAGTTTCTAACAAAGGAAACGATGCACCAGGAAACGGAATACCAGGAGATCTTATTGTTGCCATCGAAGAAATAGAACACGAATTCTTAAAACGTGAAGGCGAAAATTTACATTACGATTTGTATATTAGTTTTGCCGAAGCCGTTTTAGGAGTATCTAAAGACATTGAAGCCGTAAACGGAAAAGTACGCATCAAATTAGAAGAAGGAATACAATCAGGAAAAATCCTTCGACTAAAAGGAAAAGGAATTCCAAGTGTAAACAGTTACGGAAACGGAGACTTACTAGTGCATGTAAATGTTTGGACACCAAAAACATTAAACAAAGAACAAAGACAATTTTTTGAAAATAATCTTTCAAACGAAAATTTTATTCCAAGTCCAGAAAAATCAGAAAAATCATTCTTTGAAAAAGTAAAAGACATGTTCTCCTAAATTTATAAAACGGATTTTACATCCGTTTTATTTTTTTTCCCATCTTAGTGCAAATTAAGGTGGGTTTTTTGTAACAAATAGCTACACTTTTCTACTAATTCTTTACATTTACACATGCGAGGTCAAAAAGACTGAACAGACAAAACAAATCAACTTTATACTAATGAGTAATATTCTTGAAGTTAAAAATGTAATCAAACAATACGGCAATTATACCGCCCTAAATAGTGTTTCATTACAAGTTCCTAAAGGTAGTATTTACGGGCTTTTAGGCCCAAATGGTGCTGGCAAAACCTCTTTAATTCGTATCATCAACCAAATTACAATGCCAGATAGTGGCGAGATAATTCTAGATGGCCAAAAACTTGCACCACACCACGTGCAACATATAGGCTATATGCCAGAGGAACGTGGCTTGTATAAAACGATGAAAGTAGGCGAACAATGCTTGTACCTAGCACAACTAAAAGGATTATCTAAAGCAGAAGCACAAAAACAACTCAAATACTGGTTCGAAAAATTCGAAATTGAAGGTTGGTGGAACAAAAAAATACAAGAACTATCTAAAGGAATGGCACAAAAAGTACAGTTTGTAGTCACCGTTTTGCACCAACCCAAATTATTAATTTTTGACGAACCTTTTTCAGGTTTCGATCCTGTGAATGCCAATTTAATAAAAGACGAAATCTTAGAATTAAAGAAAAAAGATCTACCATTATTTTCTCTACACATCGCATGGAAAGTGTCGAAGAATTATGCGATGATATCGCCTTAATACACAAATCTAACAAACTTATTGAAGGAAAACTAGAAGATGTAAAACGCCAATACCGAAAAAACACCTTCCAAATAGGCATCATGACCAACAATATAGAAGGACTAATGTATGATTTAACCCAAAAATTTACAGTAACCCAAACAAATTTTAAATCGCTAAATGATGACTTAAAACTAGAGATAGATTTAGGAAATTCAACATCAAACGAACTATTACAAATACTTACAAATCATGGGCAAGTAACACATTTTGCAGAAAACATTCCAAGCGTAAACGATATATTTATTCAAACAGTAAGCAACTAATTATAAAATTAGCCATTCAATATTCACCCCTTTAAATATTGAAAAAAAAAAAAAAAAAAACTAAGAAGCCTAAAAACCCAAAAAGATGTCTGTATTATCACTTATCATAAAAAGAGAATTTATTGCAAAAGTTCGCAATAAATCATTTATTATAATGACCTTCTTAAGTCCGTTACTAATCGTAGGATTGTCATTTTTTGTAGGCTATCTAGCCAATATGAATAAAGACGAAGTCACAAAAATTGCTATTCATGACGAATCCGGAGTTTTAATATCCAATTTCAAGAACACCAAAGAAACCACATATGTCGATCTGTCCAGAATGCCATTACAACTAGCAAAAAACACCGCAAACAAAAACTACGAAGGACTTATTTTTGTTCCCAAAGTAACCAATATTCAAGAATTAGCCACGAAAGTCGAATATATTTCAGACGACAGTCCAAGTATGAAATTTATCATAGAAACCGAAAAAACAATCGATAATAAATTAACAAGAAACAACCTCACCACACTAGGCTTCGATTATACCAAAATCGAAAAAGCAAAAGTAAACGCTAACATACACCTAACTAAATTCTCAGGAGAAAACACCATAAAAGGCATCAACGAAATAAAAATAGCAATAGGCGGCGCATTTGGCTACCTAATCATGATGTTCATCATCATCTACGGAAATTTCGTCATGCGAAGCGTAATCGAAGAAAAAACATCTCGAATCATCGAAATCATCATCTCATCAGTAAAACCATACCAATTAATGATGGGAAAAATCATAGGAAACTCATTAGCAGGCATACTACAATTTGCCATTTGGGCAATCGTAGGCGCCATTCTATTATTTGGCGTTTCAACCTTCTTTGGCATACAAACAGGAGCACAAGCCAGCGTCGATCCCGCTATGATAAACGCCGTTCAGCACGAACTAGGAACAACAATACAAAGCTACATCAAAGAAATATTCAACCTACCATTAGCAACATTACTCACCTGCTTCATAATCTATTTCATAGGAGGCTATTTCCTATACAGCTCATTCTACGCAGCCATCGGAGCCGCAGTCGATTCCGAAACAGACTCACAACAATTCCTACTCCCAATCATAACCCCCTTAATGTTAGCTGTTTATATCGGTTTTTTTACAGTAGTCAATGACCCACACGGAACCGTAGCCACCATCTTCTCTATGATCCCCCTCACCTCCCCAATCGTCATGCTCATGCGAATTCCCTTTGGCGTACCATGGTGGCAACTAGCCCTATCAATTACCCTACTATTCACAACATTCCTAGGCGTAGTCTGGTTTGCCTCAAAAATATACAGAGTAGGTATCCTAATGTATGGCAAAAAACCAACCTGGAAAGAACTATACAAATGGCTAAAATACTAATATATATATATACATCAATTAGAAGCCAATCACACGGGCATTTTCAGCAAATCATATACCTGCTGTACGTTACAATCTCGCCAAGAAAAATGGCGAGGATTTCCACTTCCATCAGGGCTAAAGAGAAAAATTTTCGTACTTTTGCAAACAAATTTCCAATCAAACCAATAACAAAACCAACAAACAGATGCCAAAAATCCTAATCATCGAAGACGAACCAGCAATCCGACGTGTACTAACCAAAATACTATCAGAAGAAAGCGACACCTACATCGTCAGCCAAGCCGAAGACGGACTACAAGGACTCGAAAAAATAAAAAATGAAGACTACGATTTAGTCCTTTGCGACATCAAAATGCCAAAAATGGACGGTGTCGAAGTACTAGAAGCCGCAAAAAAAATAAAACCCGAAATACAAATGGTCATGATTTCCGGTCACGCAGACCTAGAAACAGCCGTAAACACAATGCGATTGGGCGCCTACGATTATATTTCGAAACCACCAGATTTAAACCGTTTGCTAAACACCGTACGCAACGCTTTAGACAAAAAAAAGTTAGTCATAGAAAACAAAATCTTAAAAAAGAAAATTTCCAAAAAATACGAAATCATAGGCGAAAGCCAACCCATCAATCAAATCAAAGACATGATTGAAAAAGTAGCCCTAACCGAAGCTCGCGTCTTAATTACACTAACCAAACGGAACAGGAAAAGAACTCGTAGCACACCAATTACACGAAAAAAGCGAAAGAGCCAATTTCCCAATAATCGAAGTAAACTGCGCAGCAATACCATCAGAACTCATAGAAAGCGAACTATTCGGACACGTAAAAGGCGCATTCACATCAGCCATAAAAGACCGTGCAGGAAAATTCGAAGCCGCAGATGGTGGGACAATATTCCTAGACGAAATAGGAGACATGAGCCTTTCAGCACAAGCCAAAGTACTACGTGCCCTACAAGAAAACCTAATACAAAGAGTTGGAGCAGACAAAGACATCAAAGTAAATGTTCGTATCATCGCAGCAACCAACAAAGATTTAAAAC
NZ_CP176805.1_gap27	1067274	1070976	3702	CATCATTGGCTCAAAAATATTATAATTTAAAATTTACGGATTATGTAAGTGGTGTAGGTTCAGAAACATTATTATCTTCAAACGATAGCCCGATAACAAAAGCTTTCGGAATTAAGCAATTAAAAGAAGAAAAAGCCTTTAACGCAAGTTTGGGTTATACTTTCAAAAAAGGTAAAATCACTGCTACGGTAGATGGTTATTTTGTAAATATTGAAGATCGTGTTGTTTTAACTGGAAAATTTAACGGAAGCGGATTGGGTTTAAACATAGATAAAGTTCAATTTTTTGCAAATGCTTTAAGCACACAAACAACAGGTGTAGATTTTGTGCTTTCGTATGATGAAAAAATTAATAATCATAGCATTAGCACCTCTTTTGTAGGTAATATTAATAAAATGACAATAGGTAATGTAGCAAGTGGTAGCTTAGATTCTGAAACATTTTTCGGAAAAAGAGAAAAATATTTCTTACTAGCTTCTGCACCAGAAAGCAAATTAGGAATAAATCTGAATTATAATTACAATAAAAAATTCTTTACAAATTTAAGGTTCACAAGATTTGGACAAGTTGAATTAATAGACTGGCTAGATACGGTAGATCATTATGGTGCAAAAATTGTTTCAGATGCTTCGATAAATTATCAGTTTACCAAAAACTTCAATATAACCGTTGGTGCAAACAACTTTCTAAATGTTTACCCAGATATTCAAGATACAGAAACAGAAACTGGAGGTAATTTCGATTCGGTTCAAATGGGTTCTAATGGTGCTTTTGGATTTCTAAGATTGGGGGTTAAGTTTTAACACTACTCAAAACAGTATATTTAAGTCCCGATTTCTCGGGACTTTTTTTTGTGTTGCCTTTCTTGCTTGGTTTTGTTTGTAATAACAAAATCTGGCTTAATGCTATTTACAGCATTTTGGGCTAGGCATTGAAGTAGCAATATTTTCTGAGGCTTTTACTGCCTCAAAAAGATTACTCCACTATGTTTTTATTTTTATAGGAGTATATTAAACTTCGTTTGCAACGGAAAGCCCGAACCCTTGTAGTAAAACCAAATAATGAGATTTAAAAAAGCTATTTATTCTAGAATTAAGCGAAAAATCTCTATTTCCCGCAACTATACGTTAAAACGAAAATGCATCACATCGCCATCTTTTACGATATATTCTTTTCCTTCTACTTTAAACTTTCCTGCTTCTTTGGCCTTGGCTTCGGTTCCGTAATGAACATAATCTTCGTAAGAGATTACTTCGGCACGAATAAATCCTTTTTCAAAATCAGTATGAATAACTCCGGCAGCTTGTGGCGCAGTAGCTCCTACGTTAATTGTCCAAGCACGTACTTCTTTTACACCTGCGGTAAAATAAGTTTGTTGGTTTAATAATTTGTAAGCAGCACGAATAAGCACTGATGCTCCTGGTTCTGACAATCCCATGTCTTCTAAGAAAACTTGGCGTTCTTCGTAAGTTTCTAATTCAGTAATATCAGCTTCTGTGCCTACGGCTAATACGATAACTTCGGCGTTTTCGTCTTTCACTAATTCACGAACTTGGTCTACATACTTGTTTCCTGTTACTGCGGCACCTTCGTCAACATTACAAACATACAATACTGGCTTTGAAGTGATTAACTGAAAACCTTCAAATAACTCTTCTTCTTCGTAACCTTTTGGTTCGACTGTTCTTGCTGATTTTGCTTGTAGTAATGTTTCTCTAATTCGGTTTAACAAAGACTCTTCTGTTTGCGCTTCTTTATTTCCTGTTTTTGCGGCACGTTTTACTTTTTCTAAACGTTTTTCTACAGTTTCTAAGTCTTTTAATTGCAGTTCGATATCGATAGTTTCTTTGTCTCGAATTGGGTTTACATTCCCATCTACGTGAATAATATTATCGTTATCGAAACAACGTAAAACATGAATAATAGCGTTACATTCTCTTATGTTTCCTAGGAATTGATTTCCCAAACCTTCGCCTTTACTTGCTCCCTTTACAAGCCCTGCGATATCAACAATATCAACAGTTGCCATTTGTACTCGTTCTGGTTTTACCAATTCTTCGAGTTTTTCGATTCTTGGATCAGGAACGTTTACTACACCAATATTTGGTTCGATAGTACAAAACGGAAAGTTAGCACTTTGTGCTTTTGCGTTTGATAAACAATTAAATAAAGTCGATTTTCCTACGTTTGGTAATCCTACAATTCCTGCTTTCATTATGCTTTTGTTTTATAAAGTGTGCAAATATAGGTTAAAAGTTACAAAGGGTCAAGGTTTCAAAGTTCAAAAAAATTACAGCTTTGTTTAAATTTTGTTTTTTTTTTAATCTACTGATTATAAATATTAATACATATTTTTTAACCTAACTAAAAGGAAACCCTTTAAATTTGTAGCAAAAGGAATTGAAAAGCAATATACTAGTTGGTTAATGGTCTAAATTTATTACAAATGTGATAATCTTTCAATAATATCTTTTTCTTCTTTTGTAGGTAAAAATCCCGATTCGAAATCCCAATAATCAGTAAAAAAGGAAGTTTTTTTATTAATTAGAGATTGCTCTTTAAAAACATTTTCGTCGTTGTATTTAAACATTTTTTTATCGAAATTAGTAATTATCATATGATTGTTTACTTCTATTCTTCGATTTTCGTCTTTATATTTTTTTTCAAAACCAATTACTTCTTTAGAATTTGCTAAATAATACAAGTCGTTATCTAGTCTAAAAGTGTTCTTAAATTCTAATTTATATATTTTACTGCTTTTTAGAAAAGATTGTCTTAAATCCTCTAATCTGGAATCTGGAACCATCGAACTGACTTCTATTATGATCATTTTACTATTGTGGTAAACAATTGTAAATTCTGATAAAACGCCGCTAATTTCCTCTAGGGGAGTTACTTTTATTAATAAATAATTTTCGTTGTTTGGATAGGATTTTATTTGAAAATCATATTTTCTTTTTGCACTTGGCTCTAATAATTCTTCTAAATATTGAAATTGATAATAATTCTCGATGATATCATTTAGATTATAACCCAAAAGATCTTCATTTAAATCTGTGTCTAACAAGCCAACTGCTCGATTTTGTTCTACTAATATATCAGTTTTCATGTTTTTTAAACTTCCTGCTATCTGAAAATTTATCAAACCATCATTAAAAAAAACAACTTGGTCATTTTTCTTGTAAAACTCTCTTAAATAAACTTTCAGATTAACTGGAATTGTTATTTTATTTTGCGAGTTTCTTACTAATTTTTTTAAAATTTCTTGAGGATGATCAGATGTTAATATAACTTCTTCTAATCGTTTTGCATTACTTTCTAAATAAACTTCATTAATTTTTTTATCTAAATCAAGGGGTTTTGCGGTATATGTTTTGTATGCAGAGTTTTCGAATTGCAAATCTGACTCTTTACTTAGGCTTATATTTGCCTCACCATTTTTATTGGTTAAAAAACCTTGTTTTGTTTTTAGCGCTGTTATTGTGACTTCGCTAATAGGCAAACCAGTCTGTATATCTTTTACAATAACTGCAAATTCGATATTTTGAGAAAAAACAAAACTAGTACTAAATAATAATATAAAAGATAAAATTTGTTTCATTTTACTTTCTTTTATTCAAAAATACAAAAAAAATTAACCTATTAAATAAAAAAAGAGAATTCTCTTTCAAAAATTCTCTCTTTTATATCCGTTTATATCTG
NZ_CP176805.1_gap28	1080088	1084342	4254	TCGAATTTTCTATGATCGCATGTCGCTATTTATCTCGTTTTCCTATATATAGTAAAGTTAAAAAAGATACTCTTTTATTTTTATTACCTTTGCAGTTCCAAACCTCATCAAATGATTTACCACGATACTATAGTTGCCCTTGCCACACCTTCTGGTGCTGGTGCCATTGCTGTAATACGAATTTCTGGAAATAATGCAATAACCATTGCTTCGGAAGTATTTCAATCGGTTTCAGGCAAAGATATTACCAAACAAAAAAGCCATACACTACATTTGGGTCATATTACAGATGGTACTAAAGTTTTAGATCAGGTATTATTATCTATATTTAAAGGAACAAATTCTTACACAGGCGAAAATACTATCGAAATTTCTTGCCATGGTTCTACTTATATCCAACAACAAATTATACAATTATTGCTGCGCAAAGGCTGCCGTATGGCACAAGCTGGAGAGTTTACGTTGCGCTCTTTTTTGAACGGAAAAATGGATTTATCGCAAGCCGAAGCCGTTGCCGATTTAATCTCCTCCGATAATGAAGCGGCGCACCAAATTGCAATGCAACAAATGCGGGGTGGTTTTTCGAACGAAATTGCCAAACTGCGTGAAGAACTGCTAAATTTTGCCTCACTCATAGAATTAGAATTAGATTTTGCCGAAGAAGACGTAGAATTTGCCGATAGAACCCAATTTGATGATTTATTAAATCGAATCGAATTTGTATTAAAACGCTTAATAGATTCGTTTGCCGTTGGAAATGTTATTAAAAACGGAATTCCTGTAGCAATTGTCGGCGAGCCTAACGTAGGCAAATCGACATTATTAAACGCATTATTAAACGAAGAACGCGCCATAGTATCTGAAATTGCAGGCACTACCCGTGACACTATTGAAGACGAATTAGTCATTGGTGGCATAGGTTTTAGATTTATCGATACCGCTGGTATTCGAGAAACCAAAGATGTGGTAGAGAGTATTGGCATAAAAAAAACTTTCGAAAAAATAGAACAAGCCCAAGTGGTAGTTTTTCTTTTTGACAGTTCTGAGTTTAAGATTTCAGGACTAAAACTTAAAGTAGCATTAGAAAAAATAAAAAATCAGTTTCCATTGAAACCATTAATAATTATTGGTAATAAATCTGATAAACTTTCCGAAACTGAAATTCAAAATATAAAAACCGAGATTCCAGAAATCCTATTAATCTCAGCCAAAGAAAAATTAGGCGTTGAGGATTTAAAAAACCAATTACTTTCTTTTGTAAACACTGGTGCTTTGCGCAACAACCAAACTATTGTTACCAACACGCGCCATTACGATTCATTACTTAAAGCGCTGGACGAAATTCAGAAAGTAAAATTTGGATTACAAACCAATTTACCATCCGATTTAATGGCTATAGATATTAAACAAGCCTTGTATTATTTTGGCGAAATAACAGGACAAGTTACTAATGATGAGTTGTTGGGTAATATTTTTGCTAATTTTTGTATCGGCAAGTAACACACATAAATAGACAAATACAAAGCATACACTAAACCCCTGTAAACATTGGATTTATAGGGGTTTTTTAATGCTTGTATATTTTTGATTTAATCGTTAATAGTGGTTTATTACGTGTTTATTTGTACCTTTCTTGTACCTTTTTTATATCTTTGAAAAAAATGGGGTAAAAAAACAACAAGATGGTTGTCTTAATTTCCTTAATTGTATTAACAAACCTAAAACACCTTAAAATGAACAATATTATAGATGATTTAAAAACAAAGGAATTTCTAACCGTCAAAGATGTATCCGTAGTCTTGAGTTGTTCCCGACAAATGGTAAACAAGCTAATTAATACAGGAAAATTAAAAGCGTTCAATTTCGGAATAAGGATAACAAGGGTAAAGCGTTCCGACCTTGACGAGTTTACGAAATAAAAAAAAAAGGTTATGAGTTCAAACATTAGAATAACCAAGATTTGTATTTTCTGTAATAGTGAGTTTACAGCAAAAACCACCGTTACAAAATATTGTTCGCTTATTTGTGCAAGTAGATGGAATAAGCAAAAGGTTAGAAACGCAAAAATTGAGATTAGCAACGAGAAAGTAAAAGCCGTTAAAACAGCCCCTACAATCGACTTGAAAGACAAAGAATTTTTAACCGTCAAAGAAACTGCATTGCTTTTAAATTGCTCAAAACAAAATGTGAACAAGCTAATTAGTAAAGGAAAACTAAAAGCTACTAATATTCTAGAACGGAAAACCATCGTAAAGCGTTCCGACCTTGACGAGTTTATAAGAGAACCCGAACCACCTCAACAAAAAGAATATGATGTTTCAGAATGTTGCACAATTGGAGAAGCGCAAATAAGATTTGGAATTTCTCAAAGTGGATTAAGAAATTTATTGATTAAACACAATGTACCAAAAATTCAGAAACATAAATTTGTTTACGTGCCTATTGCAGTAATCGAAAAAATACTAAGCTAAAATGATAAAAGTAACTATAAGACAAAGAGCTATGACTAAAGGAATGCAAAGCCTTTACCTTGACTTTTACCCGCCTATTTTCATACCAGCCACCAAGAAGCTAACACGTAGGGAATTTTTAAAACTTCATATCATAGCGAAGCCAAAAAACCCGATGGAGAGAAACAGCAATACTCAAACTTTGGCACTAGCGGAACAAATACGACTGAAACGAGAAAACGAGATTAACAAGCCTGAAATTTATAATGAATTTGAAACCGAGCAACTAAAAGAGAAAGCGAAAGGAGAAGTTTCATTTACTGATTATTTCAAAAAACAAGTAGAAAAAAGACACGGCAGTAATTACGATGTTTGGAAATATTCGTTTAACCACTTCAAACAATTTTCAAAAACTGATGTTAAATTTAATGAGCTTACTAAAGTTTTCTGCAATGATTATAAAGATTATTTACTCAAAGCTAAAGCCAAGAAAGGGAGCGGAACAATTGCCAATAATACCGCACATAGTTACTTTGGAAAATTTAAAACTACCTTAAAGAAAGCTTTTGAAGATGAAGTGATAAACATACCACTACACAGCAGAATAGCGACCATAGAAGAAAAGGAAACTACAAAACAATTCTTAACTGCTGATGAGGTAAACACATTGGCAAATACAGCGTGTAGTAATCCAATTCTAAAACAAGCTTCTTTGTTTTCAATCTTGACAGGGCTACGGTTTTCCGATGTGATAAACCTCAACTGGAATAATGTATTTTACACCAAAGATAAAGGCTATTCAATCCGTTTTAAGCACAAAAAAACCGATAGTATCGAATACAATTTACCAATATCAAACCAAGCCTATACAATGTTAGGAGAACCACAGGAATTAAGCCAACAAATATTTGCAGGACTTACAAAAAAGCTGGCACGTGATAGAATTTTAGAAAAGTGGACTACTGATGCAGGAATAACCAAACACATTACTTTTCATTGTTTCCGACACACCTACGCTACACTTCAACTGGAGGGCGGTACGGACTTGTTTACTGTTTCCAAGATGCTAGGACACAAGAACCAAAAAACTACGCAGATTTACGCCAAAATCGTAGATGAAACCAAACGAAAAGCGACCGATAAAATTAATATTGAATTTAAAAAATAATGTAGGGTAATGGAAAATAATTTAATAACAAAACAACAAATACAATTTAATAAATATTCAAAAAATTACATTGTTTCAGATAAATAAAGATTTAGCAATGGAGTTGACAAACTATTTTTTAAAAAAAAAATAAATGTTTGTTTTTTAGGTACACACTTTACACAAATACAGGCAAATGATATTAAATTTAACTATTGAAAATTTATTAAAAAGCGGTTGCAATACTGATGAAGCAAACAAACTTTTTAACACGTCCGAGAATTATACTTTACAATGTAATAACGGGAACTTTTACGTTTCTAAACCTGATAACAGATTTTATACTGGCATAGATTTTTATAGAATGATTTATTTTAACATCGAGGGCTTGCGTTTTCCTTACAATTGTCCTGATTTAGTAAATGAATATTTTGGTTTGGCACTTATAGAATTTTTAGAAAAACAAAAGACCATTTTAGGATTGCTTTTTAACGAAAAAGACCAATTCAATAAATTTATATCAATTGAGATTGAAAGAACCCAAAAGCGTATTGAGAGCCAAAAAGAGTTTCTTTTAAAAATGAAATATCACAAATTTGAAAGCAAAGAAAACGATATTCAAATTTGCGAAAGTTATATTAATTATTTAATGGCAAA
NZ_CP176805.1_gap29	1092790	1097738	4948	TATTATGCCTACAAATTATTAAGCATTCATCCTGATGGATTTTATGTATTAGGATTTGTGTTTTTATGTACAACAGGTGCAGAAGCATTGTATTCTGACATGGGACATTGCGGACGAAAAAACATTCGTATCAGCTGGATTTTTGTTAAAATAGCATTGCTTCTAAATTATTTTGGACAAGGAGCATATCTTATCAAACACGCAGGACATACTTTAAAAAGTATAAATGCTAATAATGGAAATCCCTTTTATTTAGTAATGCCAGAATGGTTTCAGCCATTTGGAATTGTAATCTCGACAATGGCTGCTGTTATTGCTTCGCAAGCACTTATTAGTGGTTCATTTACATTGATAAATGAAGCAATGCGATTAAATTTTTGGCCAAAAGTTAAAATTAAATACCCAACCGATTTGAAGGGTCAAATATACATTCCTTCTATAAATTGGTTATTACTTGCAGGTTGTATTGGTATTGTTTTACATTTTGAAGAATCTAGCAAAATGGAAGCCGCTTATGGCCTTGCTATAGTTTTGTGCATGATTATGACAACCATACTACTTACTTATTTTATGATACTTAAACGAATATCTTGGTTTATAATAGCACCTTTAATTTTGTTATACCTAGTTATCGAGTTTAGTTTCTTAATTGCCAATCTAGATAAGTTCCCACACGGTGGTTATGTTACCTTAATTATTGCATCAGCATTAACCTTTATAATGTCAATTTGGTATACTGCCAAAAAAATTAGTAAAAATTACACCAAAATTGTAAAAATACAAACTTATAAAAAAGTACTTGCAGAATTAAGTGTAGATTTATCTATACCTAAATATGCTACGCATTTGGTTTACATGACTAACGCCAATCGTGTAGATGAAATTGAAGAAAAAGTAATGTATTCTATTTTGCAAAAACGCCCGAAAAGAGCCGATTTGTATTGGTTTATACACATTAATATTACCAATGAACCGTATAAAAAAGAGTATAAAGTTACCGAAATTATAAAAAATGATTTATTTAGAATAGATTTTAACCTTGGGTTTAGAGAACCTACTAAAATTAATCTAATGTTTAAAGAAGTTATTAAAGATATGGTTGCTAAAGGCGAAGTAGATATTACAAGTCGTTACGAATCATTAAGTAAAAACAACATTATTGGTGATTTTAAATTTGTATTGTCTGAAAAATTCTTATCGAACGATAGCTTTATGCACTGGCACGAAAAACTAGTTATGAATACTTATTTCTTTTTCAAAAAAATGAGTTTATCGGAAGAACAAGCATTCGGATTAGATAGTAGTTCTGTAAAAGTTGAGAAATTTCCAATGGTACTTCACGCTCCAGAAAAAATTGAATTATGCCGAATTAAGTAAAAGTATAAATATGATCTCATATAATCCAAAAGAATGGTTCACGTTTATATTCAGATTTCATAAAGCAGATACATTTAGGAGTTTACTTCCGCTAATTAGTGGTATATCATTATATTGTGCAATTATTGTTTATTTTATTTGCGATTATTTTAACCTAACAGATAGCGATCATCTAAAAAACATAACCATCATGCATACTATGCTTGGTTTTGTTATATCCTTATTATTAGTATTTAGAACAAATACTGCCTATGATCGCTGGTGGGAAGGAAGAAAACAATGGGGATCATTAGTAAATAATAGCAGAAATTTAGCACTAAAATTATCTGCTATTCTAACCGAAAAAGAAGATAAAATATTCTTCAAGAAAATCATACCATATTACGCACATGCTTTAAATTTACATCTTAAGAACCGTAATATTAGTCAAGAATTGTTTGAGGAATATAATATTAATGTCGATTTAAAAAAACACAAACCAAACCAAGTTGCAAAATTACTATTCAAAAAAATAAATGAGATTTATTTATCTAAAAAAATAACTGGCGAGCAGCTTTTATATATTAACATCGAAATTACATCGTTTACAGATATTTGTGGAGCTTGCGAAAGAATTAAAAATACACCAATACCCTTTTCATACAGTGTATTCATTAAAAAATTTATCTTTTTTTATGTAATGACTTTGCCAATAGGTTATGCTTTTATTTTAGGCTATTATACAATTCCTGTGGTAATTTTTATCCTTTATGTTCTAGCAAGTTTAGAATTAATTGCAGAAGAAATAGAAGAACCTTTTGGTAATGACCAAAACGATTTACCTACTGAAATAATTGCAGAAAACATTAAGAAAAATATCGACGAAATATTATAGTATTTATAAATACCTTTTTATTATTGAATTTACTGGAATAACAAATACACGGTTTGCGATTACAAGAAATGAGAGATCCTATCAAGTGATTCCGATTGTGAGTCCTCGTTGCTTGGAGTGAACTAATTTTTTTTAATTTATTTCTAGATAAAATAGACGCTATCCTAAAAAGTGTGTACGCTGAAAACATAGGGGTTTGACTTTTTAATTAAAGTTGAAACCTTTTTTCAAAAACAGGTACCGTACCATATTGATGATGGGTTTGGACTTAATTTAAAGTTGGTTTTGTACTTGTGACATTAGTATTTAACCGAAAATTTCGACTTATTTAGTAGCAACAGTCGCCAAGACACGAGACCTTTTTTGCTAAAATACAGACCGTATTTCACTATAACATATTCAATTTTAACACATTACACGCAACCATCATTTATCACTAATGCGGTTTTGCCTATCTATTCCTCAACCTCTTTATTAATAGTTTCAGATTTCAAATCTTCTATAACTACTCTTTTTAGATAACCAATATTTCTGTTTGGTTTACCTTTTTTGGGTACAGAGATACTATCGCAACAAAGACTCACACATCTACCACATTTTTGCATTAAAATTTTAAATTTGTTTCTGAAAGTAATGGTCTGTGTATTGTACTTATTTACATTCAAATCTTGGCCAAGCCATTTAGACTTTAAACCACTCAACACAAGGGGTTTATTCAGGTATTTCTCGAAAAATTCAGGCAAATTCATGGCTCTTATTTAAAAGGTTATCTGTCGATAAAAATATAAGCTTTTTTAGCATTGGCACAAGTAACATACAGCCATAAAATGTTATTAAACTCTATTCATGAATTGTGCCAAAGTCTTTTTTTAAATAAAACCAAAAGCTGTCCGAAAAAATTATTTTCAGACAGCTTTTAATCATTGTTTTTGTTAGTTACTTTTCAGTTTTCTTTGTAACTAATTTGTCTTCTTTTAGTTTAGTAGGACCAATTGGCAGTCTTAAATTTTCAAATTCAGAGGTAATATTTCCGCTTGCGTCTTTCGAATCTGCACGGTTACCAACAATATGCCATGAAAAAGAAATATTCGATTTACCATTATTAACTTCTTTAACTTTAAAACCATTTATAGATTTTTCTGATACAAATACACCATTACTATCTCCTTCTAATTGTATAAAAACTTTTAATGGGTGCTTATTATCTACTTTCAAAGAATTTGCTAAAATTTCGTCTAATATAATATACACCTCTCCATCATTTAGCTTACCAATCCCGTAATCTTCAAATAGTACTTCTGGGGCTTCTGGGCAAAACATAACTCGTGGTTTAGAATTTTTATCGGGAATAATAGTTGATGCTGCTCCGTTTCCTATTATTTTATAATTTGTACCAGCTCCACCAGCGGCATCATGATTGTATTTAATTCCTGCATAAGAGTAGGACGATGTGGTTATTCCCCCTTGAAAATATCCGCCATACAATACATTTTGAGATGATAATATTCCATCAGGGCTTACGTTGTCTTTACCAGCTAATTTTGCAACAGCTGAAAAGTTATTTGTTGCAGAATTATTGTCAGAGTCTAGCACAAAATTTGCAGCAGCATGACCATTATATGCTGCGTTGCTTGGCGCTCCATTTCCACATGAACCGTACACTCCGTAGCCGTCAACATGAGAGCCAGAAATCCCAGCACCAATATTTGGAAAAAGGCTTGGCGGAGTAGCTCCTGAACTTCCTATTATTGCTGTTCCTGTGGCATTAGTGTTTTTTGCCCATATTGCATTTCCTTTACCTATAGCATCATCATTATTTATAGCTAATATTGCATCGTTTGAAGCACCAGTATGATTTACTTGTAGTTTTTCAAAGGCAGATGGAGCAGCTCCGGTATTAATTGTTACACTTCCATTAGAGCCAACTCTCATTTTTTCTGTATTATTTGTTCTTGTTACAAAATCGACAGCATCTGTTGTGCCAATAAAATTTGTGCCAGCTGTTGTGCCAGCGTTACCAGTTAGAGTCCAATCTAAACCGCCTGGCGAGCCTGCAAAAGCAACCCATTTAGTCCCATTCCAATAATACAATCCTGGCCCAACATTATTTGGAGAAACTCCTGCCGTTGCTGTGTTATAAATGGTTGTACCTGCAAGAATTGCTCCTCCTTGTGGGTTTGTAACAGGGACTTGAGTGTTTGAAGCTGTTAGAGCAACTCTAGGTGCTACAAAACCATAATTAGAAGCGCCAGCATTTATGTCTAATGCACCATTAGGAGTAGTTGTTCCTATTCCTACCGCCCCCGTATTAGTAATTCTCATTCTTTCATTAAAAAAAGGAGATACAGCTTTTCCTGTAGAGAATATAATCGATTTGGTGTTATTTGCATTGGCAATATGCATATCCTGACCGCTCCCAACAAAACTTACATCATTTGCATTACCTATATTGTAAGGTGTAGGGAAATTAAATGTTGAATTATTTATCCCTAACCAAGCAAAACCCGTAGTGCTACTACCGTTGTCAGCAGTAGCAGAATAACCACTTTGTGCTTGTATTCCTGTACTGGTATTTTGTATATTATATTGTAAATAATCATTAATACTTCCTGAGGCATTTACCACAGTATTTACTGTAGTTGTAGCCGCTGCAACATCTAGCTTTGTAGCTGGAATAGCTGTTCCTATACCCATATT
NZ_CP176805.1_gap30	1285038	1289098	4060	ATATTATTTAAACTCCGAATTTAAAAAAGCAAACCTAAATACAGATTTCGAATATGCCATGTACAATTGCCAAAGTGACGAAATGGTATATGGTAATTATGTTTCGGCAACTAACAAAACAGCTAAAAAGGCATCTGTTTATTTCCCAAAACACAAGAATCTTATTTATTATTTTGCCATTCGATTCCCTACTGAAACCTCTTACTTATTTAATTCTTTGCGGTTTTGGTTCCTCTTATCGATAGCATTAATTATAGTTTTGTTAGTTTACGTATATTCTATTTACACGATTATTCAACAAAAAAAATATTCTGAATTACAACGTGATTTCATCAATAACATGACACACGAATTTAAAACACCATTATCATCTATACTCATTGCCTCTAATTATTTGAAACAACAAGAAAGTATTAAAACTGATGAAAAATTAGAAAAATATGCTCAAATTATTATTAACCAAAGTAATAAACTAAACAATCACATCGAGAAAATTCTCAATATCGCAAAATGGGACAATATTCCTATGGCATTAGAAAAACAAAAACTAGAAATTATTACTATTATTAATCAGGTTATCGAAAACATAAAGCTAAAATATGAGACTGTTGATATTAAAATAAAATCACAATCTGACACCATTTTTATTAATGCTGATGAGTTTCATTTTTCAAATTTAGTTTACAATATCCTTGAAAACGCAATAAAATATGCCGATCAAAAACCTGAAATCATTATACATATATTTGCCACAAAAACCCATTTGTTACTACAGTTTATTGATAACGGAACTGGTATATCAGAAAAAAACATTCCTTTTGTTTTTGATAAATTCTATCGAATTACAAGCCAAAAAACTACCGAAGTAAACGGTTTTGGTCTAGGTTTATATTATGTAAAAAAAGTTTGCATACTACACCAATGGAAGGTTTTTATAAAAAACAACACTAAAAAAGGAGTTACCGTTTCTGTACAAATAAAACCTATATAAATGACTAATTTTAAAATACTTTATACAGAAGACGACGAAACTTTAGCCTTCTTAACCAAAGACAATTTAGAACAAAACAACTATAACATCACACATTGCAATGATGGGCAAATCGCTTTAGATACTTTTAAAAACAACCCTTTTGATATTTGTATTCTAGATATTATGATGCCTAAAATAGATGGTTTTGAGCTGGCAACCGCTATTAGAAAATTAAACACCAACATCCCTATCCTATTTCTTTCAGCAAAAACACTAAAAGAAGATCGCATAAAAGGATTAAAATTAGGAGCCGATGATTACCTGATAAAACCCTTTAGCATCGAAGAATTATTGCTAAAAATAGAAATTTTCTTGAAACGTTCCCTAAAAAATAATTTCGAAGAAAAAAACATTTACACACTTGGCAAATACCAGTTTGACTCAAAAAATTATGTAATATTTACTGATGATCAAAAAATAAAACTAACCGAAAGAGAATCTCAATTGCTAAAATTTTTCTTAAACAATAAGAATGTAGTACTCAAACGAGAAGAAATTCTAAAATCACTTTGGGGAGACGATGACTACTTTATGGGGCGAAGCCTAGATGTATTTATATCTCGCTTGAGGAAAATATTAGCCCATGAGGAAAAAATTTTTATCGAAAATTTACACGGAATTGGGTTTCGTTTTAATATTTAAAAAGACATCATTGCTTAATTTATTTTTATAAAACCAAAAGACCAAAATTTCTTAAAGTATTTATTGGTTTCGAGTACCAAAATAATTCAAAATCATCAAAATTTTCTTCAAAATCTGTTTTCAATACTAAAAAAGTATTTTTCTTATCATTATGTATCGAAATAATATTTAAAATTTTAAGCAACCAATCCCCTTTCTCTTTTTCAATATCTATTACAAAAGTCTCTTTTTTGTCGTGAAAAGTCATTTTTATCATTTCCCAAGCGTTCCCTTTTTTAGATTTTATAAAAATCTCTGTTAATGGCTTTCCTCCTATCCAAACAATTCTTGCCGATGGTTTTGTACTAAAATTTTCTTCTTTTTGAATCGAATTGTATATAAAATTAGGTTTTACCGTTGTTTTAGGAATTTTAAAATCGAACCAATCTTGCAAAGTATAATCGAAACAAAGACCGTGCATATAATTAAATAAAGATTTTTTTAGCCCGAAACTAAACTGGTCATGATTTATACCTGTTTTGTCTGTAAACTGAATATCATTATTAGCAAAAGTGATTTCGTTCGATTGTGGAATAACGCCAAATTCGTCAGGAAACATACCCACTGGCGAATGAGCTGTCATGGCAAATTGGTGCCAAAAACCAGACTGCAAAATACCCAACTCGAACAACTGACGAACCATTTCTAGACTATCTACCGTTTCCTGAATAGTTTGTGTAGGATAACCATACATAAGATAAGCGTGTACCATAATTCCTGCCTCGGTAAAGTTTCGGGTTACTTGTGCTACTTGCTCTACGGTTACTCCTTTTTTTATGAGTTGCAATAACCTATCGGAAGCAACTTCTAGCCCTCCAGAAACGGCAATACAACCCGATGCTTTTAGTAAAAAACACAAATCCTGGGAGAAACTTTTCTCGAAGCGAATGTTTGTCCACCAGGTTACAACTAGTTTTCGTTTAATAATTTCTAACGCTAATTCACGCATTAAAGCTGGCGGTGCTGCTTCATCTACAAAATGAAAGCCATTTTCGCCAGTTTGTGCTATGAGTTCTTCCATTCTATCTACTAATGTTTTAGCAAGAATGGGTTCGTAAACTTTTATATAATCTAAAGAAATATCGCAAAAAGTACATTTTCCCCAGTAGCAACCGTGTGCCATGGTAAGTTTATTCCAGCGACCGTCGCTCCACAAACTGTGCATCGGATTGGCAATTTCGATAACCGAAATATATTTATCTAACAACAAATCTGAATAATCTGGTGTGCCAACTTCGCTTTGTTTATAATCTCTTTGAAGGGTATTATTTTTGTAAACGACTTGATTATCTTCTAATAAAAATGTTCGTTTAAATTCGTTTGAAACTGTTAATTGTATAGAATCAATTATCAATTGTAAGGGCAACTCACCGTCATCTAAAGTAATAAAATCGAAGAATTCGAAAACCCTAACATCTGTTAAAGAGCGCAATTCGGTATTTGGAAAACCGCCACCCATTGATGTTTTTACGCCTGGAAAATTAGTTTTGATAAACTGTGCACAACGAAAAGCACTATACAAATTTCCTGGAAACGGAACCGAAATACAAACTAATTTAGGTTGTATGGCGTGCATTTTTTCTTTTAATATTGCTAAAGCAATGGCATCTATATAAGTTAATTCCTTTAGCAGATGCGAGTACAAATCATCAAAAGAATTAGCACTTCGGCCCAAACGTTCGGCATAACGACTAAATCCGAAATTATCATCGATACATTCGACAACGAAATCCGATAAATCCTCGAGATATAAAGTGGCTAAATGTTTGGCTTTGTCTTGCATTCCCATCGATCCAAAAGCCCATTCCATATCATCTAATTGCTCGAACCTAAAAGCCTCTGGCAAAAAGTCGCCTGAACAAATTTGTCTTGCTAATGTTGGATTATTGCCTTGCAAAAAAGCAATAACAGCATCGATTGTTTTTATATAATCGTCTTTTAAGGCGAATATTCGTTTACTATTTGGCGAATTTACTTGGCTACTTTTACCAAACAATACTTCTAATCCTTTTTTCGAAAATAATTCGAGAATAACTTCGATTCCCAAATCTATCTGAAAAGCCGAAATGTTTTTTGTGTTTAAAAAACCTTTTATATAAGCTGTTGCTGGATATGGCGTATTCAGCTGTGTAAAAGGCGGTGTGATGAGGAGTAGGTCTTTCAAAAGAGATTTGTTTTTACAAAGGTAATTTTTATTTATTGTAAACTGAAATTTGAGTATTTTTACAAAAAAATAAATTATGCCAACCGATTGTATTAGTTATCAAAAATCAGGATATTTTTCTAAATTAATTGTAGATTATTTAGATAAAAAACCAGAACTAAAAGAATTATACAATTATTTTC
NZ_CP176805.1_gap31	1319870	1323886	4016	TCCACAACATCATATTTGTATTTCCTTTTTGAACTGTTGTACCATTATTAGTTAGCTCAAATGTAAGATTTTCGATCGAATTGTAATTTTTTTTCGATAAAAAGTCACCTATAACTGCCGAACCGTCAAAAGCCTTTGATTTCTCCCAAGGCAAACCTTTATCTTTTAACTTTTGTTGCAAATCACGTGCTGTAAAATCGATTCCAACACTAATTTCGTCATAATATTTATGTGCAAATTTTGCCTCAATATATTTTCCAACTTTATTTATGCGCACAATTATTTCGATTTCGTGATGAATATCATCGCTAAATTCGGGGATTACAAATGGGTGCTGTTTTAGCAAAATAGCTGAATCTGGCTTTAGAAAGACTACTGGCTCCGCTGGCCTTTCGTTTTGTAATTCGGCAATGTGCTCGGTATAATTTCTACCTATACAGATTATTTTCATTTCTTAAAATTGAAAGATTTAATAATTCGAAAATTGAAAAATTAAATTATTTAGTGTTTAGTTTTCGAAGTTTAATTGCTGTTAGAACTTTCTTGGTATATAACGGAAAATCTGCGTTTTGAATCCAACTAAAATAACCTGGTTCCGTTTCTAAAACTTTATTTACTTTTACTCCTTTGTGTTTTCCAAAGGTAAAAACTTCTTCATTATCTTTATCAAAAGCTATCATTCCAGCAAAATCGGCTATTTTTTTTCTGGTTGTGAATTCTGAAAGTGATTTCATGTCATTTTCTAATTCCGGATAACGATCAAGTTGTGCTTTTAGAATTTCGTATGTTGCCATTGTATCTGCTTCTGCAGAATGGGCGTTTTCTAGAGATTTACCCGTATAAAATTTGAGTGCTGCGCTTAACGTTCGTTCTTCCATTTTATGAAAAACAGTTTGCACATCGACAGAGACTCTTCCTTTCATATCGAAATCGACACCTGCACGAAGTAATTCTTCTGCCAATAACGGAATATCAAATCTATCAGAATTAAATCCTGCTAAATCTGAATCTTTTATCATATTATAAACCTGCGACGCCAATTCGTTAAAAGTTGGTTCGTTAGCTACTTTTTCGTCTGTTATTCCGTGCACTGCCGTGGTTTGTGCGGGAATTGGAATGGTAGGATTTACCAACCATGTTTTGCTTTCTTTGTTTCCGTTTGGAAAAATTTTAAATACTGATATTTCGACAATCCTGTCTTTTCCTATGTCTATTCCTGTGGTTTCGAGATCGAAAAAGCAAATTGGACGGGTTAATTTGAGTTCCATATTATTTGTTTGTTATTACAAATGTAAAATTTTCAGTGTTTGAAAACTACAAAGTTTTACATTTTTTCTGTCATAAATAAAAAATCCCATTTCTAATGAAATGGGATTTTTTATTTTAATATGTTATATAAGGTGGCTTCGCATTTTTATCTAGATGTCTTCGCAACCTTGTGGGTGTATCGCCATCGCCAGATAAACTAGGAATACCTTTGGGTTCACTTTCATTTATTGTTGTTGTAGGGTCATCTACAATTGGACTAAAAGGATAATACAAACTAGTTCCTTGTCCTGCACTTAAAGGGGTAGGTTTTTTAATTTCAGATTTTGTAGAATAACCATCTCCATCATCATCTATATCTAGATAATTAGGGTGCCCATCTGCGTCTGAATCATCATTTGTTGGATCTCCATCTCCATCTACATCCTCGTCTTTAGAGTCTATCCTATCATAATCATGATCTACATAATTTACTCCCTTCAATTTAAAGGTAAAAATAAGTGGCGAATAAGAAGGAATAGCGCCCCTTGAACCATTATAATAAGCTAATCCCGAAGGCAAAAACATAACACCTGCACCAAAATTGGTATAATTTACTGTCCCATCAGCATCTGTAGCAAAGGTTCCTGATTTAAATAACGGCATGATATCCCTCCAGCCCTGTATAACTCTATCTAAAGTAAACCACACTGGATTTTGTGCCTGATCGAAAACAGTCTCGTTAAGCAAATACCCTTTATAAGACACAAAAGCAGAATCTACCTTTGTTGGTCTTTCCTTTGTTCCTTCTCGCAGTGAGATATAATATACTTTATAATTAACACCGTTTCTGTTTACTGTTTTATTTAATAAAGGATAATCTGTTTGATTTCTAATAGATACACCTGGCGTAGGCATAATACTTATTTTTTTAAATGTTACATCATAAGAACCATCTAAAACAGCTACATCCATATGATATTCATCTAAATATTTATCGATAGCAGCAATGTCTCTAGGATACTGCTCAGCAAAAGGAACAACGTATTCAGGTGTAGGATCCTCATTTTTATGACAACTAAAAATCATCAAACTCATTGCAAATATAAAAGCTACTTTAAAAAATCTAATCATTATATTCTTTTTTAGGTGCGCAAGATACAATTTTGATTTATTTTTGTTTAAAATTTAACTTTGTTTTTTAATTTTTATGCGAATAGATAAATTCCTTTGGTGTGTACGCTATTACAAAACCAGAAATATGGTTACCGAAGCCTGCAAAAAAAACCACATTACAGTAAATAATCAAGTAGCAAAAGCTTCTAAAGAAGTCTTTGCTGGAGATAAAGTTACTTTTAGAAGAGATCAGATAACTTATATCATCTCAGTTTTAGGCATCCCTGACAATCGCGTGGGTGCAAAACTGGTCGATATATATAGGAAAGATGAAACTCCAAGCGAGTCGTTTGCTCATTTAGAACTGCTAAAATTATCGAAAGAACATTACCGAAAAAACGGAACGGGGCGTCCTACTAAAAAAGACCGTCGAGATATAGAAGATTTTGGGACTGATACAACAGACAAACAAACCGATGAAGAAGATTGACCAAAAATACTGGCAAAACAGATATCAAACTAACGATATTGCTTGGGACACAGGTAAAATAACCACCCCAATAAAAGCATATATAGACCAAATAGAAGATCAATCTATCAAAATATTAATTCCAGGTTGCGGCAATGGCTATGAGTACGAATACCTTATAAAAAAAGGGTTCTATAATAGCTTTGTTGCAGATTATGCCCAAACACCTATTGATAATTTGAAGAAAAGAATACCAAACTGTAATGCGAATCAGTTACTAATTTCTGATTTTTTTGAACTCGAAGGAAGTTATGATTTAATTATCGAACAAACTTTTTTTTGTGCATTAAATCCAGAATTAAGGGTTAAATATGCACAAAAGATGCTTTCTTTACTTTCGCCGAAAGGCAAAATAATTGGCTTACTGTTTCAATTCCCGCTAACCGAAGCTGGACCACCTTTTGGAGGATCGAAAGAAGAGTATTTAAAATTATTTTCTACCAACTTTAACATAAAAACAATAGAAACTGCTTATAATTCGATTAAACCACGTGAAGGAAACGAACTGTTTTTTATCTTTACAAAAAAATAACAACCATGAGCCAAAATAATATCTTAAACCACCAAGAAATTGAATTTAAAATAAAGCGAATTGCCTATCAGATTTATGAAACTTTTATCGATGAAAATGAAATTGTCATAGCTGGAATTGAAGGAAACGGAAGTGTTTTTGCTAATAAAATCGCTACAGAACTAAAAAAAATATCTCCTCTCGAAGTAATTTTATGTGATGTAAACATTAATAAAAGAAACCCAAACTCTCCCATTACAACTTCTATTGCTAAAAAGGATTATGAAAATAAAGGATTAGTACTAGTTGATGATGTTCTTAATTCTGGAACGACATTAATTTACGGCGTAAGGCATTTTCTTGATGTTGATTTAAAAAAGTTTAAAACCGCAGTTTTAATAGACAGAAATCACAAAAAATACCCTATAAAAGCAGATTTTAAAGGCATTTCGCTGTCTACCTCTTTATTAGAACACGTACAAGTCGTTTTTACCGAAAATCAGGATTGCGCATACTTAGAATAATATCTTATGTATTTCTTCAACAATATCAAACGGAGACTTATCATCTATTATAATAGTGTATTTACAATGGCTGTAGTAAAAATTACGATCA
NZ_CP176805.1_gap32	1399442	1403621	4179	GATAACTTAGCTTTAAAAGGACAAGAACCTAATTCGATTACGGTAAAAAATCCTAATCTATTTAAAACAAAAAGTAAAAACGATGATCCAATAGAATTATCTACAAATCCGCAGTTAGATTTTGTACGAAAAATAGCCAATTCGGTTACAGAAGGCTCGGACGAAATTCAGAAAGCATTGGCAAAATCGATCTCGGAAGTGAGCTATCCAAAAACGGGATTATCGAAAAATTTAGAATGGATTGCAAGATTAATAAAAGGAAATTTGAACTCGAAAGTGTATTATACTTCTATCGGAGGATTCGACACACATGATAATCAACTAGCTATTCATAATAACAAACTAACTGAATTAAATGATGCTATTTTTAGTTTGTATACCGATTTAAAAAATGCCAAGCTCATGCAAAATGTAACCATTGTAGTTTTTTCAGAATTTGGTCGCCGTGTAAAAGACAATGGCAAAGGCACCGACCACGGAACGGCTGCTCCTATGTTTATTATTGGTGGAAGCAATACAGGAAAGGTATTGGGAAACAATCCTAACCTTTATGACTTAGACAATGGAGATTTAAAATATGAAACCGATTTTAGAAGTATATACACATCCTTATTGCAAAATAAATTAAATTTTGATGCCACAAAAATTGGGATTCAAAATAAAAAAGTGGAAGGTTTGTTTTAAAAAACAAAACACATGAACTAATACTAAAATTAGCCTTATCTTTGTCCGCTTTTTAAAATTTAAAAAATGACAAATAATAGTGTACTAAAAGGGGTTTTTCTAGTAGGATTAGGCGCAACGAGTTACGGTATGTTGGCTACTTTTGTAAAATTGGCTTATTCCCACACAGGAATTACTGGCAATCCTTTTACACCTGCCGAAGTAATTTCTGCTCAATTTATTATAGGAATTATCGCTATACTTATAATAAATGGCTATCAAAAATCAAAAAAAGGAACAGCCGTTATCAAGGCTTCTGCAAACAACATAAAACAACTAATGATTGCAGGAACTTCAACAGGATTAACCAGTATATTTTATTATTTAGCAGTCAAATATATTCCTGTTTCTATAGGAATAGTACTGTTAATGCAAACCGTTTGGATGGGTGTTTTATTAGAAATGTTTTTAGAGAAAAAAATGCCCTCTAAAATAAAAATAGTAGCCGTTTTTGTTGTATTATTAGGAACGGTATTGGCTACAAATTTAATTCAAAGCAAAATAAATTTCGATTGGCGAGGTATTATTTTAGGACTTTTGGCAGCAGCCTCATTTACCACAACAATGTTTACCGCAAACAGCGTAGCTACACAAATATCTTCGGCACAACGAAGTTTATACATGCTTTTAGGTGGTGCAATTATTGTTTTTGTTTTTACGCTTTTTACACAAACAACGCCATTTAATTATGATATTTTTTACAAATGGGGAATTCTTATTGCAATTTTCGGAACAGTAATTCCGCCTATGCTAATGAATGCTGGTTTTCCACTAACCGGAATTGGCCTAGGTAGTATCGTTTCTGCACTAGAACTTCCTGTTTCGGTAATGATGGCCTACTTTATTTTGAACGAAACCGTTATTCTCACACAGTGGATAGGAATCATTCTAATCATCTTTGCTATTGTGATTATGAAAAAATAAGATAAATCGAAAGAAAATTCGCTTTCTAATGCAATAGACGCATATTCAATTGTACAATTTTCAGACTAAAAAAAACGAATTAACTGCAACATTCTACTACCCGCCGCAGAAGATGGGCTCCACCCAAACTGAACTAATGATTAAAATTTTTCATAGCCAAATATACGAAGTTTTTTGGGGTCGGGATTGGTTAATTAAAACTCATCTTTTGAATTGCCTAACTTATTAGTAAGAAAATAATATTCATTATAAGTAAACCAATCACAACCAATATTAGAGTTGTGATTGGTACATTTTTATTTTTAAAAAAGCATTTAGAAAAAAATATAATAAAGAATTTTAATTAATAGTAAAGTTGAAACAGTAAGAATTATTACTCTTACGATTGAAGTTGTACTTGGGAATTCGAATTGAATTTTCATTAATAATATTCTTCTTTTTGGTAATATTTCTATTTTTCAATAAAATCTAATAATCATTTTTTCTAAAAAAAATCAAATTAAATATTAGCATCATTATTAAAGCGACCGTATTCAGATGAAATTTTAATTAAGGAGTGTAGATGCGTTTGCATAGTTTCATCTGGAATTATTTTTTTATTGAACAACTCATTGATAAAAATTGTGAATTTAGATTTCTTATTAATTTCTTGATGGATTGCTTGGTATTTAATTGAAAAAACTTGATTGTGTTTATTTAATAACACTGCGATTTCAATCATCCTTTTAACTTCAATATAAATTTTAGGCGCTTGGTTTGTCATTTTGCTCGTCGCATCAATCATTTTTTTTGTAGATGCTACAATATGTTTTCTTTTTTCATTTACTTCTCCATTCAAATTTATGATTTCACCAACACCTTTAATTAAGGTTTCAACAGCAACAATAGCTAATTCTGATTTTAAATCATCTTTTGTGATTTTTTTTTTATTTCCTAGTTTCTTAGATGAACTGTCTAATGATTTAACAAAAGTTTCACTGACATTATCTAATTTTCCTTGAAAGTCAATCGAGACATCTCCAAGTTGAAATTCAATATTTTGATTCTCTACATGTGTTATGAAATCATTTTTTACTTCTTGATTTTTATCGTTTGTTATTGATTTTACTTTAGAAATCATGCTTTTCGCAAGTGATAAATTCTTTACAACTTCTTCACGTTCTTCCTTTAGAAATCGCAAAACATTTAACCGTGTTAGATTTAAATCCATATAGCCATCTTGTAACAAAGAAAAAGAGTTGGCTAATTTATTGAATTCTCTTTGTTCGTTTTGTAATTTATCAAAATTACCGCCCGTTATTGCGTTTTTAAACCAACTCATTATTTTAAAGATTTAAATTTAGTATTCTGTTTCTCAAGTAAAACAGCCATTTCATTAATTTCAATTTCCCTCTGTTTTGAAATCTCATCATTTATAGAAAGTCGTAAATTATGATTATAACTAAACACTGAATATGGTAATATTAATAAATCGATTACGAATAGTGCCAAAATCACATAAATTAATGACATACTATATTGAGTACTCACAATTCCCGTCCATAGTAAATCGTTGTGATTGTAAAATGAACGTATGTTAAAAGAATTAAGGGAAAATAAAACTAAAACTAAAATCGTATATAACGCATACCTCCAGACATAATTAATGTAGAAGTAATGACCACCAAATAATCCAGTTAAAAAATAATACCAATAACTTTTTTTAATTTTTTTGTTGTCATATTCTTCTTTAAAAGAATTCTCCAATATTAATGCAATCAGAAAATATCCCAAAACAAACAAAATATACCATCCATATTTATAGAAGAAACCTTTTGATTTCCATTTTAAAGAGGCTGAATTTTTATAATCAGAATTTGCATTTTTTAAATCGTTATTATTGAAATATGAATCCCCTCTTTTAGTAATAACATCAATATTATTAGGATTACTTGCTAAGAACAATGAGTAATTTTTTATAGCATCATTGTAATTTTTTAAAGCAAAAAAACAATCTCCTCTTAATTCAAAAATTTTTAAGTTTGTAAAAGACTTACTGATTAAGGAAAAGTCATTTATAGCTTTTTGAAAATTATCTGCTTTTATATTAAGAAGTCCTCTTTTATAAAATATTGGATCATTATTCACGTTAGGATTTAGGCGTGTATAATTTTCATAGTCGATAATGCTTAAATCATTCTGTCCGTCAATAGCATAAACATTTCCACGTTTTAGGTAAAATATTGAATTTCGAGGATTGTTTTTTAAACAAATTGAATAATCGAGAATTGCCTTTTCACAATCTTCTTCCTCTGTGTAATAATCTCCTCTTAGTGAATGCGCATAAATGTCATTACTGTGGTTAGTGATGTAAATATCAATATCATCAATAAAATCATCCTTTTCATTTTTGAAATAATACGCAATTGCTCTTCCTTTATAAGCTATTGACTTTTCTCCTTCAATTTTAATGACATCACTAAAATCATCTTCTGCATCATCATAATTTTTTAAACCAAGATTAGAATCACCTCTTTTTAAATAAGCTTGAGA
NZ_CP176805.1_gap33	1414747	1419172	4425	GCTGATGTGCTGATGTGCTGCGCCGCGTGAGGGATAGCAGCGGAAATCCTTTTTTTGAGGCTTTTCGCCGATAAAAAAGATTGTAGCGCATAGCCCGACCCGACCTTTTCGGGAGGGGCACGCCCAAAAAATTAAAAATTAAAAAACATACCTTATATATGATACTTGTTTTATGGGGTTTTGTGTGATTCTTTCCAGGATTTTACTAGTTTTGCATAGCTTACGTCGTTTTTTGCGGGTTGTTTTGGTAGTCGGCCGTCGAAGAATGCTTTGTACAAAATGCCTTCGATGGTGAGGTCTTCGGCAACGGTGTAGGGATCGTATGTGGTTTTGAGGTTTATATCGAATATTTTTGCGGTTTGGTTGGACCAAAAGGCTTTCCAGCCGCTTTTTAGTTCTTTTATTAGATTGAAAGTTGATGATCCTGTTTGCCTATGTATTAGTTTTACTAATACTTGTCCGTCTTTGCGACTGAGTTTTTTTAGTTGGTCTTCGAATTCGCTTGTGAGATAGTTTTCTACTAGTTTGAAATATTTGCGTTTGTCTCTTTCGGATTTTAGCGATTGCATACCTATATTAAGTGTAGTTAGTCTATCGGCTGCCGTTTTTGCATAAGGATATACTTTGAGTACTCGACGCTGGAGGATATAAAAGCGTTTTTGGTCTTCTTCCGATTTGAAATCGCGTTTATTGGATATATAAACTTCCTGTAATTCGATTGGCATTTTAACAATGGTATCTATTGCTACTAATGGTTTTTCGATTTCGGTGGTGTCTTTCTTAGCAACTTGACCTATTGTAAGGGTAGTTGCCAAGCATATTGCGAGAAGACTAAGAAAGTATTTCATGTTGTGGGCTAAATTTTTATCAAAAATATATAATTATAGGGCAACTGTTATGCCAAATTTATAATTTAGCAAAAAATATTTTTATGAACACAAAATCTATATTAAAAAAGTCATCGCTTGATTTTTTAGAGAATTATTTAAACAACGCCTCTCCTACTGGTTTTGAAAGCGAAGGGCAAAAATTATGGATGGATTATTTGAAACCATACGTGGATACTTTTATTACCGATACTTACGGAACTGCCGTGGGGGTTATAAATCCTGAAGCCAAATATAAGGTTGTAATAGAGGGTCATGCCGATGAAATTGCTTGGTATGTAAATTATATTACAGATGATGGGTTAATATATGTAATTCGTAACGGGGGCTCAGACCATCAGATTGCACCATCGAAACGTGTAAATATTCACACAAAAAACGGAATCGTAAAAGGTGTTTTTGGCTGGCCAGCAATACATACTCGCAATCGCAGCAAGGAAGAAGCTACTAGAATAGATAATATTTTTATAGACTGTGGTTGTATGACTAAGGAAGAAGTCGAGAAACTAGGCGTTCATGTAGGTTGTGTGATTACTTATCCTGATGAATTTATGATTTTAAACAATGACAAATTTGTTTGTCGTGCTATAGACAATCGTATGGGCGGATTTATGATTGCCGAAGTAGCACGTTTGCTTCACGAAAACAAGAAAAAATTACCTTTCGGATTGTATATCGTAAATGCTGTACAGGAAGAAGTGGGGCTTCGTGGTGCCGAAATGATTACCCAAACCATCAAACCCAATGTGGCTATCGTGACCGATGTTTGTCATGACACAACCACACCCATGATAGAAAAAAAGATAGAAGGCGATACCAAAATAGGCAAAGGACCAGTAGTAACTTATGCCCCAGCAGTACAAAATAATTTACGAGAACTTATTATAAATACTGCCCTAGAAAAAGAAATCCCTTTTCAGCGATTGGCTTCCTCTCGTGTTACAGGAACAGATACCGATGCTTTTGCATACAGTAATGGTGGCGTAGCTTCGGCATTAATTTCGCTTCCGCTGCGTTATATGCACACGACTGTCGAAATGGTACATCGTGATGATGTAGAAAACGTGATTAAACTTATTTATGAAACATTATTAAAAATAGAAAATAACGAAACATTCTCTTATTTTAAATAATTTTTTTAGGAGCTAATCCAGCTATACGTTACAATCTTTTGCTTTTCTAAAGAAAAAAAGCAAAAGGATTTTCACTGCTATCTGGGCTAAAAAAGCCGAAATTCAATTCAGAATTTCGGCTTTTTTGTATTTAAGTAGCAAGCAACATACAACTCCCAAAACTTATATGAATTAGAAATTTAAGTCAAATTTTGTGTTATTTGTTTTGTAAATACTCTAAAACATTCTTTTCTATTCTGTCATTAATACTAGAAATATCTGCTTTTACAAATTTTTCGCCTAAAATATTTTCATACAACTCGATATATCTTTCAGAAACAGAAGTAATATACTCTTGATTCATTTCGGGAATTTCTTGTCCGTCTTGACCCTGAAATCCGTTTTCTATTAACCAACGACGCACAAATTCTTTCGACAATTGTTTTTGTTCTTCCTCATTATTTTGTCTGTCCTGATAACCCTCTGCATAAAAATAACGTGAGGAATCTGGTGTATGAATTTCGTCTATCAAAACAATTTTTCCGTCTTTGGTTTTACCAAACTCGTATTTTGTATCTACCAAAATTAAGCCTCGTGAGGCTGCAATTTCAGTTCCTCGCTGGTACAAATCTCTGGTGTATTTTTCTAAAACTAGATAATCTTGTTCAGAAACAATATTTTTTGCTAAAATAGCTGAACGAGAAATATCTTCATCATGCGAACCATTATCTGCCTTAGTAGTTGGTGTAATTATAGGGGTAGGAAATTGATCGTTTTCTTTCAATCCCTCGGGCATTGTTACGCCACAAATTGTTCTTTTTCCTAAAGCATATTCTCTGGCTGCATGTCCTGAAAGATAACCACGAATAACCATTTCTACTTTAAAAGGCTCGCACAAATGTCCTACTGCCACGTTTGGATCTGGTGTTGCAATAAGCCAATTGGGAACAATATCCTGCGTTAGCTCCATAAACTTGGTGGCAATTTGGTTTAAGATTTGTCCTTTGTATGGGATTCCTTCTGGCAAAACAACATCGAAAGCAGATAATCTATCGGTGGCAACCATTACTAAAAGTTCGTCGTTTATGTTATAAACTTCTCTGACTTTGCCTCGGTAAACTGATTTTTGGTTCGGAAAATTAAAATTTGTAGTTGTAATTGTGTTCATCGTCTAGTGGTGTCTTGTTTTTTTTTGCAAAAATAGGAAATTACAACTAGATTTTTAATGTTTTTTTGAAGGAATGCTTAAAGTAGAAAGTAAAAAATCTTAAAGTTTTAAGGTCTTTTTTTGAACCAGATAAGGCGTATAAGAGCATTTAAGTCATCCTATTTATAAATAAGAAAGACTTTTAACTTTATGACTTTTGTCTTAAATATTATTTTAAAACCGAACGTCTTATGATACTATTAAATAGTCTGTACCCTAATATCCTACGGAGAAAACTTATAGCATTTGCATCGAAACCAATAGTAAATCTTTTAAACCTTCTTGGCGGATTTTGGGCAATGCTTAATATTTTTTGGGTAATTGTAGGTAATAAATCTTTGTTTTTTGCTGTTTTGTTGTGCAGTAAATTGGTAATTTTATCCATCAAGTTATTGTAGGATTCAATTTCTGATTTTTCGGATTTTGTAACATTTTCCTGAAAATTTGTTTTTGCATTTCCAAATTGTACGGTACAGACTTTGATATTAAAATCAATCAGTTCATAAGCCATACATTCTGAAAAACTTTCGACTGCTTTTTTTGTCGAATGGTAAAAACTTCCCAAAGGCAAATTGACTAATCCTGCAACAGAAGATATATTTATAAAAAGTCCGTGATTTTGCGCTCTAAATACTGGGATAAATGTTCTGCATACTTTTACAACTCCTAACCAGTTAATGTTTACGATGCTTTCTATTTTATCGTCTTCGGATAATTCGACAAAGCTTCTGTAGCCTACTCCTGCGTTATTAATAACGACATCGATGGTTTTATATTTTTGTAGTAATTCTGTTTTAGCGTTTTCGATAATTTCGGTCGATGTAACGTCTAGGATATGACAATTAATATTTGGCAAACCCATGATTTCTTTACCATGATCTAGGTGAATCATTGTTGCAATAACGTTCCAGCCGTTTTTAGAAAAATGCAAGGCTAGTGCTTTGCCTAATCCGCTTCCTGCTCCTGTAATAAGTACATTTTTCAAAATTGATTGCTTTTTTAGTAACTCGACAAAACTACATAAAATAATATTACTGTTTGCTAAGCATTCTGAATTTTGTTTTTGCTACAAATTGTACGGATTATTTAGTGTTTAGTTTTGGCACAAATGAGGGGGTTTGCAAGAATTGAATTTCAAATTCTGGCTAGCCCCGATTGCAGCGGAAATCCTATTATAGTTGTCAGGTTTTTTTACCTGACAGCTATAATAGATTGAAGC
NZ_CP176805.1_gap34	1438065	1441890	3825	ACGCCTAAAAGCGCATAATTATTAGACACGAATTTATCATAATTATTACTCAAATCACAAGCTTCTGCGGTACAACCAGGTGTGTTTGCTTTTGGATAAAAAAACAAAACTAATTTTTTTCCTGTATAATCTGATAGTTTATGTAATTTTCCGTCTTGGTCTAAAGCTGAAAAATTAGGCGCTTTATCTCCTTTTTTTAGTATTGTCATTTTTTTTAGTTTCTGTTTTTTTATTGATGTCGCTTTTTTATTATAATTGCCATCGAAATTGTATTTTTACATTTCAAATTTAACTAAAATGACCAAAAAAGAAAGTGTAACTTTTGTTATAAATACGTTAAAAGAATTATACCCTACAATTCCTATTCCGCTCGATCACAAAGACCCATATACTTTGCTAATTGCGGTACTGCTTTCGGCACAATGTACAGATGTTCGTGTAAACCAAATTACACCGATACTTTTTGCAAAAGCCGATAATCCCTTCGATATGGTAAAACTTTCGATCGAAGAAATTAAAGAAATTATTCGTCCGTGTGGACTTTCGCCAATGAAATCGAAAGGAATTTTTGGCTTATCGCAAATGATAATTGAACTACATGATGGAAAAGTTCCTCAAAGCTTCGAAGCCTTAGAGGCCATGCCAGCGGTGGGACATAAAACAGCCAGTGTAGTAATGAGTCAAGCTTTTGGGGTTCCTGCTTTTCCTGTAGATACACACATACACAGATTAATGTATCGCTGGAATTTGACTAATGGCAAAAATGTAGCCCAAACCGAAAAAGATGCCAAACGTATTTTTCCTAAAGAAATCTGGAACGATTTACATTTACAAATTATTTGGTACGGACGAGAGTACTCTCCAGCCCGTGGTTGGGATTTAAACAAAGATATTATTACAAGAACTGTTGGAAGACAATCTGTTCTGAAAGATTATTACAAAAAAAGGACTTAACGCTATTAATTACAGCATTTTGCCTTACAAATTGAAGTAAGAAAGTTAGTTTACCACAATCTTATTTTTATTGGAGTTTAGTAAACTTCGTTTGTAACCTAAAGCCCAATCCTTATGGTAACGCCAAATAATGAAACATAAAAAAACTGCTTATTATAAAATTAAGCAAAATTATTAAACATATCTTATATTTGCTCTGAAAAATAAATTTTACGTTTTTTTACGAATAATTATAATCAATAAAATTGTATTTTTACATTTTATTAATAATTAACTTACATTAAAATGCAGCTTTTTTTTAAACAATTTGGAGAGGATCTGAAAAAAAATATCCCCGGTTTTATTGCAGTTACAATTACAGAGGTAAGAACAGGTATTGTATATTATTCTCAATCTGAAGACCCTAATTATGATTCGGAATTATCTAGTTCATTTTGCGTCGAAATTGTTAGAGCAAAAATGAATTCTATCATTGCAACAAATTTAAAATACCAAAAAATAGACACCATTATTATTAATCTGACTTCTCAAATTCATCTTATTGATGTTTCAGATAATGGTAAATATTTTATATATTTAACCTTAAACGATAATAAAAATTTCAATTTAGGGATAACTAAATTGCGTTTAAACAGATACAAGCAAGAAATAAAATTAGTTCAACAGAAAAAAAAATAGACTAAAATATGTTATTTATTTTCAAAAAAAAGTGAATTCATAATCTTGTCGTTTGCAATTACTTTTTCTTTTTTTGTAATATTATACAATAGCAAATTTAAGAGTAAGGCAATTGTTCCTAAAGTAGCAATAGACAACCAGTTGATGTCGTAACCAAATTTCTGAATAATCTCCATACCCATTTTTGCACTAAAAATGTGAGCAAAGCTATAACTCATTGTAAAGACAGACATATATTTAGCCTCAAGACCTATGTGAGCTCTTGATGAAGCGAATGAATTTGCAAAAGGAAAAGTTAGCATTGCTCCAAATGTAATAAAAACCATCATTATTACTAAAACCAGGTCTATTTTTACAAAAAACAAAAGCATATAAGCCGTAATCATGCAAAATAAACCAAGAGAAATGATTCTTAACTTATTTATATTCCGTGACTCGACAAAAGTAACAATAGGAAGTTCAAAAAACAGCATAATTATACCATTTAGCCCTAAAAGCAAGCCACTATAAAATTCGGGCAAATGAAATTGTTCTTTGTGATATAATGGCAAAGTTGTAAAAACCTGAAAAAATAAAATTCCTGATATCATAGAAATAATGAGGTGCAAAACAAATGGTTTGTCTCTTAAAATTGCAAATTTATTGCCACCACTAACCGCTACAATATTTTCATTAAGCTTAAACGGCAGTTTTTTCTCTCTTATGTACAAAACAAAAATAAGAACTGCTAACATGCAGGTTGCACCATCTACATAAAATAGGCATTTGTAACCCATTTTCATAATAAGAAAACCTCCTAAAGCTGGCCCAAAAAGGAACCCTAAATTTACTGCAGATCGAACTAACGATAAAGCCCTTGTTCTGTTTTCTTTCCTGGTAAAACTATTTAAGGATAGAAGCATTGCAGGTCTGAACATATCTGCAACACTCGTTAGAAGCAAAATACCTATACAAAGCATTTCAAAAGTTTTTATTTGCTCCAGCACAAAAAACAAGATACCACTTGCAAAAAGACTTATAATCATAGTTTTATAAAAACCTACATAAGACATAACCTTACCACTTAGCCAAGTTCCTATTATAGAACCAATACCAAAAAAAACCATGATCCAACCTATTTGACTATAGGTAAAATTTAAATCATCTTTCATGTATTTTGATAAAAACGGAATTACCATTGTTCCTGCTCTATTTATGAAAGTAAGAATGGTAAGAACCCATATTTCTCTAGGAAATCCTTTAAAGTTACTTATGTAATTTTTAAACATATTCTATTTTATTATATAAAAACATACTAATTTGTTTTTATATTATTATTTCAACAAAATTAAAGAATAAATAATATAATTTGTAACATTTTTTTAGAATCAAAACCAACTTAATTCGGTTTTGATTCTAAAAAATATTAATTAGTTTTTCGAGAAAAATTTACTAAAAAACCCTTGTCTTTTTTCTTTCGAATCTTCGCCATTAGCTTCTAATCCTTTCCCTTTCATTCCTTGCAATTGTCCTGCTTTGTCGTCATCAATCATCAGATTAGTAATTAGATCTACATAATTAACGCCAGATTCCTCTAGAAAACCTATTAGATAATTTTCACTAGCATCTACCCCACTAACTTGCTCTATTTGCAATAATCTTCTGTATAATGGTTCGATATGTTTTGTTATTACATCTTGAGGTACTGCTTTTCGTCTGGCAATATATTTTATGACATTATTATTCTCATCCATAACATACTCAAAATCAGTAATAGCCCAATAATATCTTCCTGATTTTGCTAAGTTTTTTATAATTCCATGAAACTGGTTCCCTTGTTTTATATTATCCCAAAGTATTTTATAAATAATTTGAGGCATATCTGGATGTCTAATTATATTATGCGGTTTTGAAATTAGCTCACAATCTTCGTACCCTGAAACATCTGTAAAAACTTCATTTACATACTCGATCGTTCCGTACAGATCGGTTTTGCTCATAATTATTTTTGTTTTATCCCACGCCACTTCTTTTTCTATAGGAATAGGCTTTATAAATTCTATTTCTTGATTCATTTTTTTTTATTTAGATTAAATATTGATAAAGCAAATATAAATGATTTTTCATGATAAAAGTCATAAAAAATATCATAAATAATTGTATTTGTTCTAACACATAGGAAATGAAAAGGTTATATTAAAATAAAAAAACGCT
NZ_CP176805.1_gap35	1519121	1520092	971	TCTGGACTCAAGGCTGGGTGCGCTACACTATACTGGTCGCTATTAAATGGCAATTCTGTAATATCTTGCCATTTCCCTTCGATTAGAGTGGCTTTGTATAACTTTAACAAAATTACTTTTCTATCGTCTTTTCCTGTTTTTCCGTCTTTGTAATTATTTCTTGTAAAATATACCGTTTTCATATCATTTGTAAAAACGGGGCTGTCTTCGTGAAATTTTGAGTTGACTGAGTTAGAAAATTTTTTTGGATTACTTAATGTTCCGTCTTCTGATTTATCTGCAGCATACAAATCTGTAAATGCTTCTTCGGTCCATTTTGAGCTTGATTTTACTAAACCAACGTGATCGCGTGATGAGGCAAAAATTAATTTATCGCCTAAAATAGCTGAACCGTAATCTGACATTTTAGTATTAACTTTTGTTGGTTTTACTTCGTATCGACCTGAATTTTTCGCAATTACTTCTTTATAATCTTTTTGATCATTATATAATTTTGCTCTGTTATCTCCCGGCAAATTTATTCTAAAACGCTCCATATACACATCTGCATTTGCATAATCTTCAACTGCTTTTAGTGTTTGCGAGTATCTATAATAATATTCTGGTTCTACTTTTTCATTAAGTGCAAACAGCTCTTTGTACCATTTGTTTGCTTCTTTTAGTTTTGCATTAAAATAGTAAGAATCGCCTAATTTCTCAAACAAATCTACGGATTTGTATCCTTTTTCGGCAACTTTCTCATATGTTTTGGCAGCATCTATATACGCTAAATTTTCATATTGTTTGTTTGCTTTATCTAATTTTCCGGTTTGAGCATTTGCACAAAAACAAATAAGTAGTAAAGTAATCGTTTTTAATATATTTTTCATAATCGTGGTTTTAAAAGAAACGTGGTGCAATAATCTTATCGTATTTTTTAAAGATTTCATAACGCAAAAAGATTTCATGAGAGCCTGAATTAAAACTACCTA
NZ_CP176805.1_gap36	1533619	1538160	4541	CTTCGCAAACAAGTGGCGAGCGTACTTCTACTTTCTCTACTGGAGAGTTTTCGATAACTTTCATTATTGCTTCGGTGATTTGCTCACCTGCATGCACTAATATATCGTTGGTTAAAGGATTTACTACGTCTTGTAACACAACACGTCCTAAAATTCTTTCTCCTAAAGTTTCAACAATTTCTTCGTTCTTTTTCAATGCAGAAACTTCTACACCTCTTAAAGTACCACAATCTTCGATGTTTACAATTACGTCTTGAGAAACGTCATGTAATCTACGTGTTAAGTAACCAGCATCGGCCGTTTTAAGGGCAGTATCCGCAAGTCCTTTACGCGCACCGTGAGTAGAAATAAAGTACTCAAGGATAGAAAGACCTTCTTTAAAGTTAGAAAGAATTGGGTTTTCGATAATTTCACCACCACCAGCAGTAGATTTTTTAGGCTTAGCCATCAAACCACGCATACCAGTTAACTGACGAATTTGTTCTTTAGATCCCCTTGCACCAGAGTCAAGCATCATATATACCGAGTTGAAACCTTGTTGGTCTTCACGGATATTTTTCATTGCAAGTTCTGTAAGCTGTGCATTTGCAGAAGTCCAGATATCAATAACTTGGTTGTAACGTTCGTTATTGGTAATAAGACCCATGTTATAGTTTCCAGAAATTCCTTCTACTTGTGCTCTTGCATCGGCAATAAGCTGTGTTTTTTGTTCTGGAATTCTAATATCACCAAGAGAGAATGATAATCCACCTTTGAAGGCAAATTTATAACCCATATCTTTAATGTTATCAAGGAAAGCTGCCGTTGTAGGAACATCTGTTACTGCAAGGATTTTCCCAATAATATCACGTAAGTTTTTCTTAGTTAATACGTCATTTATATAACCTGCTGCTTCTGGTACTACTTCATTAAATAATACACGACCGGCAGTGGTTTGTATAATTTTATATACTAATTCTCCTTCTTCGTTGAAATCTTTAGCACGAATTTTAACACGAGCATTTAGTTCTACTCGTCCTTCGTTGAGCGCAATATTTGTTTCTTCGGCAGAATAGAAAACTAAATCTTGTCCTAGAATAATGTGTCCTTCGGTTGTTAAACGTTCCTTGGTCATGTAATACAGACCAAGTACCATGTCTTGAGAAGGTACAGTAACTGGCGCACCATTTGCTGGATTTAAGATATTGTGTGAAGCCAACATTAACAATTGTGCTTCTAGAATAGCCTCTGGTCCAAGTGGCAAGTGAACTGCCATCTGATCTCCATCGAAATCGGCATTAAAAGCTGTACAAACTAAAGGGTGCAATTGTATTGCTTTTCCTTCAATTAATTTAGGTTGAAATGCTTGAATACCTAACCTGTGCAAAGTAGGGGCACGATTTAGTAATATTGGGTGTCCTTTAATTACATTTTCAAGAATATCCCAAACTACTGGTTCTTTTTTGTCTATTATTTTTTTTGCAGATTTTACTGTCTTTACAATTCCACGCTCTATCAATTTACGGATAACGAATGGTTTGTATAATTCGGCCGCCATATCTTTTGGGATACCACATTCGAATAATCTTAATTCAGGTCCAACAACAATTACCGAACGAGCAGAATAATCGACACGTTTTCCTAGTAAGTTTTGACGGAAACGACCTTGTTTTCCTTTTAAGGAATCAGAAAGGGATTTTAACGGTCTGTTAGATTCCGTTTTTACAGCAGAAGCTTTACGAGTATTATCGAAAAGTGAATCTACTGATTCCTGCAACATACGTTTTTCGTTTCTTAAGATTACTTCTGGAGCTTTAATTTCCATTAATCTTTTTAGACGGTTGTTACGTATAATTACACGACGGTATAAGTCATTTAAATCTGAAGTTGCAAAACGACCACCGTCTAGTGGTACAAGCGGGCGTAATTCTGGTGGGATAACAGGAACCACTTTCATAATCATCCATTCAGGACGATTCTCTCTGTTCTTGTTAGACTCACGGAAAGATTCAACCACTTGAAGTCTTTTTAAGGCTTCTGTTTTTCTTTGCTTAGATGTTTCGTTATTTGCTTTGTGTCTCAAATCGTAAGACAATTCGTCTAGATTGATACGTGCTAATAAGTCCATAATACACTCTGCTCCCATTTTGGCAACAAATTTATTAGGATCAAAATCATCTAAATATTGGTTATCAGCTGGAAGAGTATCAAGAATATTTAAGTACTCTTCTTCTGTTAAGAAATCTAATCTTTTGATAGATTCTCCTTCAGCATTTTGAGCAATACCCGCTTGAATTACTACATATCTTTCGTAGTAAATAATCATATCTAATTTCTTAGATGGCAATCCAAGAATGTACCCAATTTTGTTTGGAAGTGAACGGAAATACCAGATATGAGCGATTGGCACAACAAGATTAATGTGTCCTACTCTATCACGACGTACTTTTTTCTCAGTGACTTCTACACCACAACGGTCACAAACGATTCCTTTGTATCGGATTCTTTTGTATTTTCCACAAGCACATTCGAAATCTTTTACAGGTCCGAAAATTCGTTCACAGAAAAGACCATCACGTTCTGGCTTATGCGTTCTATAGTTGATAGTTTCCGGCTTTAACACCTCTCCTCTTGACTCTGCCAAGATAGATTCTGGTGAAGCTAATCCTATAGAGATTTTATTGAATCTTTTAACTGGATTCTTGTCTCTGTTATTATTATTGTTTCTATTCTCCATCATAGTTTTTACTATTGATTTATTTGCAATTAAAAATTGATTTTATTTACGTCGAAAGTTTGAAAGTCTAAGGTCGAAAAGTCATTCGAGACTTTAAAACTTTATGACATTTGACTTTATGACTTAAACACTACCTCGGATTACTTCTCTAAACTTCAAATAAATATTGAAGTGCTAATTATTAAATATTAATAAAAAATCGGAACGGATTACGGGTATAAATCCTAAAAACTTATTAAAATTAGTTGAAAAGTCGAAAGTCGAAAGTCTTTTGACTTTCGACTTTCGAGATTTTTTATTCTTCTAAACGAATATCTAATCCAAGACCTTTTAGTTCATGCATTAATACATTGAACGATTCAGGTAATCCTGGTTCTGGCATAGTTTCTCCCTTCACGATTGCTTCGTAAGTTTTTGCTCTACCAATAACATCATCAGATTTTACTGTCAAAATTTCACGTAGTGTACTTGATGCTCCATAAGCTTCAAGTGCCCAAACCTCCATCTCTCCAAAACGCTGCCCTCCAAATTGAGCTTTTCCACCCAATGGTTGTTGTGTAATAAGTGAGTATGGTCCGATAGAACGTGCGTGCATTTTGTCATCAACCATGTGTCCAAGTTTCAACATATAGATAACTCCAACTGTTGCGGCTTGGTGGAAACGCTCTCCTGTACCACCATCATAAAGATGTGTGTGTCCGAAACGTGGTACCCCAGCTTCGTCAGTAATTGCGTTTATTTGATCTAATGATGCTCCGTCGAAAATTGGTGTTGCATATTTGCGTCCCAAGTTTTGTCCTGCCCATCCTAGAACGGTTTCGTAAATCTGACCAATGTTCATACGAGAAGGCACTCCAAGTGGATTCAATACAATATCTACTGGTGTTCCGTCTTCAAGGAAAGGCATGTCTTCGTGACGCACAATACGTGCAACGATTCCTTTATTTCCGTGACGACCCGCCATTTTATCACCTACTTTTAACTTACGTTTTTTGGCGATATAAACTTTGGCTAATTTCAAGATTCCTGCTGGCAATTCATCTCCAACTGTAATGGTAAATTTCTCTCTTCTTAATGCGCCTTGAAGGTCGTTTAACTTAATTTTGTAGTTATGAATTAAGTCGTTCACCATTTTATTGGTTTCATCGTCAGCAACCCATTGTCCTCTTGTTAAGTGAGCAAAATCTTCAACTGCATATAACATTTTTTGAGTATATTTTTTACCTTTTGGTAAAACTTCTTCACCCAAATCATTCATCACACCTTGCGATGTTTTTCCGTTTACTATGGTAAATAATTTGTCTACTAATTTGTCTTTTAATTCAACAAATTTAACTTCAAATTCCATTTCCAGATCAGACAATGCGTCTTTATCTTGTGTACGTTTACGTTTGTCTTTTACTGCTCTTGCGAATAGTTTTTTATCTAAAACAACACCATGAAGTGATGGAGAAGCTTTTAATGAAGCATCTTTTACATCACCAGCTTTATCCCCGAAGATGGCACGAAGCAATTTCTCTTCTGGAGTTGGATCTGATTCTCCTTTTGGTGTAATTTTTCCTATTAGAATATCGCCAGGTTTAACTTCGGCACCAATTCTAATCATTCCGTTTTCATCTAAATCTTTGGTAGCTTCTTCAGAAACATTAGGAATATCATTAGTTAACTCTTCGTTACCTAATTTTGTATCTCTAACTTCTAATGAATAATCATCTACGTGGATTGAGGTAAAAATATCATCACGAACTACTTTTTCAGAAATTACAATCGCATCCTCGAAGTTATACCCTTTCCAAGGCATAAAGGCTACTTTTAGGTTACGACC
NZ_CP176805.1_gap37	1542966	1547269	4303	TAAAAGGACCATCAGTCACTTTAACAGTTTCTCCAACTGTAAACGGAATAGAGCCGTGGTCTGCAGTTACTGCTAGCTCATCGACTTTTCCTAACATTCTGTTTACTTCAGCAATTCTTAACGGAACTGGATCTCCATTTTTTGTTTCGCCAAGAAAACCAATTACACTAGTTATAGATTTTATAATATGTGTTATTTCTCCCGCTAAGTTAGCTTCGACCATAACATAACCAGAAAAATAAACTTTGTCTTTTATTATTTTTTTACCATCTTTTACTGTAACTACTTTTTCGGTAGGAACAAGAACTTGAGAAACATAATCTGACAATTCTAGCCTGTTAATTTCCGCTTCTATATAAGCTTTAACTTTATTTTCTTGTCCACTTACAGCTCTTACAACATACCATTTTTTTACATTAACATCTGCCATGAGGTGATTTTTAAGATTTTATCCAATTAAAAAAACCTGAAACAGCTTTTGCAAAAACAGTATCAACACCCCAAGTAGCTAATGAAAATACAACTGAAAAGATAGCAACAATTATTGCATACTTTTGAGTCTCTTCCCAAGCAGGCCAAGAAACATTAGACTTTAGCTCTTCAAAAGCTTCTGATATATAATTAACAACTTTTGTCATCGTGCTTTATTTTTTTGCACGGGCGGAGGGATTCGAACCCCCATCAACGGTTTTGGAGACCGCTATTCTACCCTTGAACTACGCCCGTTTGTTAAAAAAACCAGTATCGCCGAAATGACGACACTGGGTTTTATATATTCAAAATATGCTTATTCAGTAATTTCAGTAACTTGTCCAGCACCTACTGTTCTACCACCTTCACGGATAGCGAAACGCAAACCAACACTCATAGCAATTGGACTTAACAAAGTAACATCGATAGTTAAGTTATCACCTGGCATAACCATTTCAACTCCTGTAGGCAACATGATTACCCCTGTTACGTCAGTTGTACGAACGTAAAACTGTGGACGGTAGTTATTATGGAATGGTGTGTGACGACCACCTTCTTCTTTTTTCAAGATATAAACCTCAGCTTTAAATTTAGCATGTGGCTTTACAGATCCTGGCTTAATGATAACCATTCCTCTTTTGATATCTTCTTTTGCAACACCTCTTAACAAGATACCTGCATTATCTCCAGCCTCACCTCTATCAAGGATTTGACGGAACATTTCGATACCTGTTACTGTAGAAGTTAATTTCTCAGCACCCATACCAATGATCTCAACTGGATCCCCTGTATTACAGATACCTGTTTCAATACGACCTGTAGCAACAGTTCCACGACCAGTAATTGTAAATACATCCTCAACTGGCATTAAGAATGGCTTTTCAGTATCACGTATTGGCTCTTGGATCCAAGAATCACAAGCTTCCATTAATTCGATAATTTTAGGAACCCAAGCAGGATCATTATTTAATCCTCCTAAAGCCGAACCTTGAACTACAGGACCATTATCTCCATCATATTCGTAGAAAGATAATAAGTCTCTGATTTCCATCTCAACTAATTCTAATAATTCTTCATCATCAACCATATCCACTTTATTCATGAACACTACCATTCTAGGAATACCAACTTGGCGACCTAAAAGGATATGCTCACGTGTTTGTGGCATTGGACCATCAGTTGCAGCTACAACAAGGATAGCACCGTCCATTTGAGCAGCACCAGTAACCATGTTCTTTACGTAATCCGCGTGACCAGGACAGTCAACGTGTGCGTAGTGACGGTTAGCAGTTTCGTACTCAACGTGTGATGTATTAATTGTAATACCTCTTTCTTTTTCTTCTGGAGCATTATCAATTTGATCAAATGATTTTGCTTGACAGTAACCAGCATCAGATAACACTTTTGTGATTGCTGCTGTTAAAGTAGTTTTACCGTGATCTACGTGTCCGATCGTACCAATATTTAAGTGTGGTTTCGAACGGTTAAAGGTTTCTTTTGCCATTTTACTTAGTTTTTAATCTTTAATTATAATATATTAGTGTTCAAATTTTACTTTGTTGAGCCAACTACGGGAATTGAACCCGTGACCTCTTCCTTACCAAGGAAGCACTCTACCTCTGAGCTAAGTCGGCAGAATCCTTGATTTTAGATTTTAGATTTCTAATTTTAGATTTTTTAATCTAAAATCTAAAATCTGCAATCTAGAAATTCATTCTAGTGGGGAGAGCAGGATTCGAACCTGCGAAGTTTACACAGCAGATTTACAGTCTGCCCTCGTTGGCCGCTTGAGTATCTCCCCAGACAATTTATGATTTTACTTTTTTATCTTTAGATTAAAACCAAAAATAAGAAACACTAATTCATAAATTAAAACTTTTTATTAATTTTTTCAGTACTGTAAAAGAACAATTTCCAAACGCTTTGGAGTTCAAAATTTTAGAGCCGGCGGAGGGACTCGAACCCACGACCTGCTGATTACAAATCAGCTGCTCTAGCCAACTGAGCTACGCTGGCAAAATCAATAAAAAAAGTCCGCTATTTCTAACGGACTGCAAATGTATGTATTTTATTTATTAATCAAAACTTTTTTTAAAAAAATTTACCTAAATATGTGCTTTAACTTTTTCTTTTCGTTTTAACAACAATCTTTCTAGAGAGTCTGAAGCTAACTCTACTCCTTCTTCGAATGTTTTGCACTGTTTTTTTACAATGAATTCATCTCCTGGAACGATGACTTTTACCTCAACAATTTTATTCTCTTTGTCACTGGTTTTTTCGACTTTTAGAAACACATCGTACGACACTATTTTGTCATAAAATTTTTCTAATTTAACTATTCTTTCTTCTACAAAATCTACTAGTTTTTTGTCAACATTAAAGTTAACTGCATGAACATTTACCTTCATAATTTTTAAATTTTGGTTAAACAATTTGGAGAATTATTTTTGATTTCGAGGATGCGCATTTTGGTAAACATTTTTAAGTTCAGCTAAACTTGAATTTGTATAAACTTGGGTTGACGCAAGACTTGAGTGACCTAATAATTCTTTAATAGAATTTAAATCGGCTCCGTGATTTAGCATGTGAGTTGCGAATGTATGCCGAAGCATGTGCGGACTTTTTTTTACTTTCTCGGAGACATTACTAAAGTAATCATTTATTAATCGATACACAAATGTTTCGTTAGCTTTATTTCCGTTTGAGAGTAAAATTAAATTTTCCTTGGCTACTATTAATGAAAGTTGTTTTCTTTCCGCCAGATATACTTTTATTTGCTTTATAATTACTGGCAATAGTGGTATTATTCTTTCTTTGTTTCTTTTACCTATAACTTTTATTGTTCCTGCAACTAAATTTGTATTTGATATTTGAAGTGAAATAAGTTCTGACCGACGAATTCCTGTGGTATAAAACAAATCGATGATTAGCTTGTCTCGCAGTCCTTCAAACCCTGCTTTGTATTGTATTTGGGTTAATACTGTATCGAGTTCTGCTTCCGAAAATGGGATTTGTATTTTTTTTGGGGTTTTGAGTGCTTTGTGTTTAGATAGCGGATTTATTTCTATTTGTTTGGTTTTTAATAGAAATTTGTAAAAGGCTTTGAGCGATGCTATTTTTCGGTTTACCGATGTGTTACTCATTTCTGCATCGACCATCGAGACTATCCAGCTTCTTATTAAGGTATAGGAAACTTCTTCGAGCGGCGTATTGTCGAATTTTATTTCTAGGAATGTTTGAAAGAACTGCAAATCTTTGCCGTAAGCTAATGCCGTAAGCGGGGAATAGTTTTTTTCTTTGAGTAAGTAATCTTGAAATTTTTGTTGGTTATTTTGCATAAAAAAATCGTTAGCATAAAAGTACTAAACTTTTATTACTAACGATTTATATTTGTCAGAAAATTATTTACATATTTTCTAAGCCTTCTCTCATGTTTTGAACATAAGCTGCTTTTTGAATCATCGCTCTGTTTATTACAGATGGCTTGATGAAAGCTTGACGTTTTCTCAATTGTCTTACGACTCCTGTTTTATCAAATTTTCTTTTATAGCGCTTTAATGCTCTATCTATATTTTCTCCGTCTTTAATTGGTATAATTAACATAATATTGACACCTCCTCTCGTTAAGCGGCAAAGGTAGTTATTTTTTTTTGAATTATGATTTTTTCTGTCTGTTTTTTTTTTAGCCCAGATAGAAATGGAAAGCTTTTGCAGTTGGCTTGTATTTTTTCTTGACACGAAAGAGCGACCAACGGAAGCTCCTTTTGTGGCTTTGAAAAAAACAGGCCTACAAAAAACTTGGAATGTATAGCTGGAATGGCTTCTAAATGAA
NZ_CP176805.1_gap38	1548589	1549680	1091	CGGTATGTTACTATTTCTTTGGCTAAAGCATATTTAAAATACGGGAATTTTGCTAATTCTTTAGTAGCAATATTATTGATGTCTATTTTATTGATTGTTGTTGTGCCTAGCACTTTAAAATGTGAGTTTAATTGAGTGATGACTTCGGGCGATAATCCCCAGATATCTTGCATTTGATCCATGCTAACAAAGGAACCGAAAACTTCTTTTTGTTTCAGAATTCTATCGGAGATAGCATCGCCTATTCCGTATATTTTCATCAAATCGTCTTTTGAAGCTTCGTTGATGTTAACAATTGTAATTTTGTCTTTTTTACTAAAATCTTTGAAATTCGATTTTGCATAAGTTGGATAGTTTTTTTTGTTTGTTACCCAATCTGGAAATTTGAAATACGGTGCAATTATTGCCAGTAAAGAATCTGAAATTTGTGTTACTTTTTGAAATTCTTGTGCAGAATTTACATATTTATTTGTTTTTCTAAATGCTAAGAGCCTGTCTATTTCTGCTGCTTTCATTCCGAGTTTATAGCCTTTAAAATCCGTAATAAAATTAGGGTTAAAAGGATACATTTTATAAGTATCGTTGTTAGAAACTGGTTTTAATGAGTCTATTTCTGTTTGCATTGCCAGCCATTGCTCTTCTTCTTTTGTTGATGTTTTTGCGGTTGAAAAATCGACAAAAAAATACAACAATTGCACACTAATTATTAGTACAACTAATATTGTTATACCTATTTTTTGTTCTTTATTGAAAATAAAATACTGCTTAAAACTCATACACTACAAATCGAAAACCGAAGATCTTTTGGCCCGCACTAAATCCTTCAATTTTATTAAAAACCCTAATGTTAAATAAACGCCAAACCATAATCCTGCCGTTACAAAGGAGATGTAAATGAAAAACAAACGTACACTATTTGCTCTCATTCCTAACCTATCAGCAAGACGAGAGGCTATGTGAAAACCTTGTTTTTCGAAAAGATATTTTAGCTTTATAACGAATCTCATTTTTTGCTAATAGGTTATTATGTGTTTGGTTAATTGTCCTGTTGCAACGCTCAGTATGCTTTTTTTGTAAAATTACAAAAAAAA
NZ_CP176805.1_gap39	1587991	1591008	3017	AATTGGCTTCAAGAATGTGTTTTCCTGAAAGTAATTTGGTTACCGATCGTTTCCACGTTGTGAAATTGGTAATGGAAGCCTTGCAACATCAAAGAATCAAATTGAGATGGGAAGCAATTGAAAAGGAAAATCAAGCTATTAAACAGGCAAAGGAGCTAGGAATAAAATACTTTCCAATTACTTTTGAAAATGATGATACACCCAAGCAATTATTGGCAAGGAGTCGCTATATTATTGCTAAAAAGCCAAATGATTGGACACAAAATCAAAAGATAAGAGCTGAATTACTGTTTAAGAATTATCCCCTCTTATATCAAGCATATAAGCATACACTTGAATTCAGAAACATTTATGAGCAAACCTCAAGAGAAATAGCAAAAGAACAAATCCTAAACTGGATAGAAAAAACAAAATCATTGAAGTTAAACGATTTTAATACCGCAGCAAACAGCTTAAAATATCATTTAGAAACCATTTTAAATTTCTTTATCAAACGTCACACAAATGCAAATGCAGAATCATTTAATTCCAAAATAAAACTCTTTAGAGCAAACCAAAGAGGTGTAGTAGATGTAAAATTCTTTCTCTTTAGAATGCAAAAACTTTTTGCTTAATCCCCAGATAATTTATGTGACCCCAAAAATATTTATGACAATGCTATGGGCTGTTCAATTTCAACATCCTCATAGTGGCACAAATAGTGAATTTCAACTTTATCCGTTTAGATTAATTTTTAGGCTTTTATTAGATGAAAGACTTTCTAATAAACTTTATGCATATGAAGTTGCGTACACAATTGTTTTTGTAAATAAAGTTTCTCCAAAAATCTACGAAAACTTGGTAATTGAACTAATGCAAAACAGAAAATTATCAGATAAAGAGTTAGAAACTAAATTCAAAAGTGATAGCCACGTTTATGTAAATTCAGCTTATGAATGGGATTACTATGTCAGTACACTTTTTAATGGAGCAGGTGTTTTAGACAAAAAAAATGGCGAAGTTATTTGTAAATTACAACACGGCAATGGTAAAACTTTTAGAAAAGTAACTAGAAATGAAGTTAGCATTTCGAAAAATGTATTAGACTTAGTTCGTAAACTTGAAATAGAAAACACATTTTTAGAAAAACCCTTGATTTTAAATGACCCTGAAAGGTTGAAAATTGATGTGACAAAGGAAATTTACAGCTTTTATCCTCGCTTCCTTTTAGAAGATATCGGAGAATTAATAAATGACAAAAAATTAGAATTACTAAATCTTCCAAAATTAATAGAACAATATTCTAATAATAATAATGGTTCAGAAGCATACTTATTTGAAGATGCTTTAGTTGATGGTTTCAATATGTTCTACAATATTGAAGCTGAAAAAATTGGAGGAGCTGGTAACACCGATGTTGAATGCTTATATTTAACACAGAAAAAGAAATTTGCTGTAGATGCAAAATCAACTAAAAACAAACTTTCGGGAATAAATTCAGGACGCTTAGATGGACATCGTGAAAAAATTGGTGGTACATATACAATCGTTATAACTCCAAGATACGTTCCAGCGGTTTTACAAGATATTAAAACAAGTCCAATTGTTATTATTAGAGCTAGTACATTTTCGGAATACTTATATAATTGTATAGAAAACGATATTAGAGAAATTGATTATCAAGATTTTGATAATATAATTGTAAACAATTTAGGAAAAGACATTAGCAAAAACATTTCAGATTTAACAATTGCAAGATTCGCAACAAAAAATTAATACATAATATGATTACAGTTACAAGAGAAAATAATATGGAATTAATGGCAAGGTATCCTGACAATTACTTTGAATTGGCAATTGTTGATCCTCCATATGGTATTTTGAACAAAACGAAAAGAGGTGGTGATCGTAAATTTAATATGGAAGAATATAGTCAATGGGATGTAAAACCTAATGATGAATATTTTAAAGAATTATTTAGAGTTTCAAAAAATCAAATTATTTGGGGCGGAAATTATTTTAGTCAAATTTGGTTAAGAAGTGAATATAATAAGGGTTTTATTATATGGGATAAAAACCAACCTGAAAGTTTAAATAATTTTTCAATGGCAGAAATGGCTTGTTCTTTAGATAAACCTTCTAAAATTTTCAGATATAGTGTCAGAAAAAATAGAAATAAAATTCATCCAACTCAAAAACCAATTGAGCTTTATGAATGGCTTCTAAAAATGTATGCTAAACAAGGGGATAAAATATTAGATACGCATTTAGGAAGCGGTACAATTGCTATTGCTTGCTATAATGCAGGTTTAAGTTTGACTGCATGTGAAATTAGTGAAACATATTTTTTAAAATCTTTGGAAAAGATAAGTGGAATTGTTTCAGAAAATTCAATTCAAAAAAATTCAGAAGATGCATTTTCTATTGTATTTCCGAATCAACTCAATCCAGAGAATGAAAAGCACAATGAATATAAAGCACAAATACTTCAATTAAAGTTGTTCAATGAAAGTAAAGCTAAATATAATTTGGTAAAAATAAAAAACACAAAGTCCAGCTGGTAACAGCTAGTAAGCAATAGTCGGGAATCAGGCTTAATGGAAAAATGGTTTTGTATTTGGGAAATTAGTGATAATCCGAAAATAATTGCTTTATTTAGCCCGACCATCGCCTACTAGCGGGACGTTCCTAATTTTTAAAAACAATCCCCGCAAGATGCAATTCAGTCTTACAACTTTCTAAAGTTTCTGAGCAAACTGACGAAAAATTCTCATTATCTGCCCAAGGACGAATCGATAATTTTACCGAAACATCAGTAAGTGCAATCACATCGATTGATGGTTTTGGGTCTTTTAGTATTTTATCATTGGCATCTAAAACACCTTGAATAATTTCTTTTACTTTTTTTAAATCGGCATCATACGACACTGAAATTTGTAAATCGGCACGACGTGTTCCTTCCAGTGAATGATTGATAATGTTTCCGTTAGACAAACTCCCATTGGGCACAAATATTGTTTGGTTATTTCCTGTAATTA
NZ_CP176805.1_gap40	1611492	1614927	3435	CTTCGGCATTTTGGTTTCCGTTAAGAATGACACTTTGAGATAATTTTTTGTTTAAAATATAGGCTTCTAACGTTTTTCGTTCCTCACCTTCCCCAAAAATAGATAATTGCACAGAAAATCCTTTTTTTTGTAATTCCTCTACCAGTTGAATAGCGTATAAAGGTCTTTTACCCGAAGACAATGTTCCTACAAATACCATTTTGACAATTCCTTTTAGGCTTCTAGGCAAAACAGATTGCTTGTCACTCTCCTTATAACTTGCGGTAAAAAAAGGTTTGATGTTTTTTGTACTGCCTTCCCACGTGCCATAAACCAAAACTTGCATTTTACGAGTTAAAAAGGTATTACTCAGAATGTATTTTTGCAAACGATAACTTAATGGTTGCTTTGCTTTTGGATCCCAATTGCCCGCATATTTTGCTGTTTTAATTTTGTGAGGAAAAAATATTTGAACTACTGCACCTAACAAACCTACATTTCCTGGACAGCGCAAATGAATGTGGTCTGCCCAAAACATGGCTCTAAAAATGATGTAGCAATTATATATTATTTGAAAAAAAGATTTAAAAATACCACCGATAGTTGTAATGTTAAAATCAGAAAGCAAAAAATTTTTACTGACTGAAAAAGGAATTTCAGAAATAAGCAATCCCTTTTCGTTTTTCCATTCTGGACAACAAAAAGCAACCTCATCAGCATACTTAGCCCAAACAGCCATTTCTTTAACATAAGGACTGTAAGCAAACCTCTGATCATGCTTTTTAATTATAGGGGCATTAGAAATAACTACTAGTTTCATATATACCCTTTAGAACTTTTATTGGAGATCTTAACCGCAGGAACACCCAGTACTACTGCGTTTTCCGTAACATGATGAGTAACTAATGAACAAGCACCAATTAGAACATTATTGCCGATAGTAATTTTTCCTGCTACAACCGAATTTACACCAATATACACATTATTACCAATAACGGGGACACCTCTTTTATCTTCTAATCCTGAAATCCCAATAGTTACCCCTTGCGAAATATTACAATTATTGCCCATAATGACATTGGCATTGATAATAATGCCTCCAAAATGTCCTATGTAAAAAGAATGCCCTATTCTTACCGAAGCAGGAATAGAAATTCCAGTAGTCATTTCGATTGTTTTCTGCCAACACAAACACAACAATAATAAGAGTTGTCTAAGTATTGGAAGGTGAAAATTAGTATAAATAACATAGGCTATTCTGTGCTGTAAAACAGCCCAAAAACCTTGTGTAAAAAAAAGAATGGTAATAAAATTTCCGCCATACTTTTTAAACTTTTTATAATCCGAAATAACAAGACGTATCGTATTCATAAACCTTATTTTTTTTCCATTTTCATTGTAATATGCATACAACGGAATAAAGCACTATTAGAAACTGCCGAATTTTCCCAATCTTGTTGGTGCCATTTTTTTCCTATTGCTTGTTTTTTAGCATCCGAAAGTGGTAGGATATTAACCAGATAAACCCATTTCGATTTTCCTAAAATCCCTCTTCTTTCAAGAATATTAAAGGCTGCTTTATATTTATATACTGTTTTTTTGGTAAAAGGCCATTCCCATGCGGCATCAGATTGAAAAGGTCTGTATAAAACCCGAACCAACTTTACTGGCCAACTGGTTTCTAGCGGGTCATAACTAATAATATTAGCCTTTTTAGCCATAATTTCGTTTAGCCTATTAATCAGAATATCGGTATTCGGAAAATGATGCAAGACACCATAAGCATATACTAAATCGAAATCTCTTTCTGTAAAATCATCCGATAAAAAATCGACAGCCAAGGCTTTTGCATTGGGAAAAGGCTTTAATCTTTCGTTTAATTTGGCAATAGCCACATCGCTTAAATCGATCCCTATATATTCTTTTGCTTGTTCCGCTAGATACAACGAAAGATAATTGCCTTCAAAACAACCTAGATCCAATACTTTTTTAGTAGCCAGATCGTCAAACCATACTTTGTGTAAATTATAAGCCTGATCATGAACTCCTATGTTTTTTCTAATCTTATTTAGAACGCCTCCTCTAAATTTAGACCAAAGTTTAGTGATATAATTTTGCTTTACATTGTTATAAAATGCGGCTTGCTTTTTGTTGGTTTCTAATATTTCTTGGGTTGTTTTCATCTTATCTTGGCTTATTAAAAAATAAACTGAACCATCCTACGGTTCGACCAAGCGCTTCGGTAAATGCTTCTTTGTGCTTAGCCGTTGTAAATGTATTACTAAATCTGATGAGAGTTAACACGATTGTGATACAATTCCATTTCCATTGGTGTATAAATGTGGGGTTAGGATTTTTTACCCGCCAAACATACCAGCCGTTTCGCACCACCATTTTTCCATAAGAATATTTATTAGGTCTTCCGGCTTGGTCATGGTAATGATTCAATTTTGCAGCCGTATTTAAGTATAACGGTCCTGTTTTAGAAACCCTTATGGTAAAATCGGCATCTTCATACAAACCATACCCTTCAAAATAAGTAGAGAATTGTAGTTTTTCAAATACTTTTTTCTTAAAAGACGAAACACCACCCATGAGTTGCTCTACGGGATATATTTTACCTGACGGTGGCAAAAATCCTACACTGCGACCATGCGAATAATTTGAGGAATACCCCGGTGGCTGATCGCTATCTAATTTTAATAATTTTCGCAATATAAAACGGGTACCGTCTTTTATTTTCCAGCCATCGTAATAAAATTCTTTTAGATTGGGCGTGTAATTTTGCCCTACAAAGGTAAATTTGCTTTCGTTTACAATATAGCCGCCAACCCCAAGTGCTTTGGGATATAAGGCATAGGTTTGCATGATTTCTTCAAAATAATTAGCCGTTAAAACCGTATCATCATCTAAAAAACAAACCACATCGGTAGCATTATTTACCTTAGTAATTCCAAAATTTCTTTGTTTGGTAAGCCCGCGATCTTTATCATCGACCAAAAAATAGTGAAGGTTTGAAAACAAATTTTCTTGAAGCATTTTTCTAGTGTCATGATTTTTAGAACCATCAACAATCAGGATTTCATCAGGATATAAAGACTGCGCACGAACCGATTGCAACAATTGCAATAAAGGTGCGGGACGCATATAAGTACAAACTATTAATGTAAATTTCATTTTTTATTAATTAAATATTGTGCCCAAAAAATACTGGCATTCCATTTTTTTTTCATCTGTTTAACAAAACGAAAGGGATTCTTACTTTGTTGGTGTTTGTAAAACTTGGCAAACAAAACTGTTTTATAACCCCGCAACTGCTCTTTAGTATTATACTGTAGCCTATACAACATTATGGTTGGCGATGGTTTAGGCAAAACCAAATCGGCATCCCAGTCAAAGACATGTTTGGTTCTAAAGCCGCCAACCGGTGCTTTTAGGTGTGTTATTTCTGGTGAA
NZ_CP176805.1_gap41	1625538	1626497	959	AGTAGTAACTTTTTATGATTATCAGAACCAATATATTTCTCAAAAATTTCTAAAGCTTTAAAATGATCTTCTTTTAATGAAAACGATTGTGTTCTACTTGAATTATGTTTTCGGTAGTAACTCAAAACCGTGTCTAAAACCAATACTTTTGGTTTTTTTTGAAACAAGCGCAACCAAACCAACCAATCTTCTTGTGCGGTAAGGTCACCATTAAATTCAATTCCTTCAAATAAGGATTTTTTAATAATAGCACTATGAATTGGAATTATTATTTTTTCTCCCCAATACAATAATAAATCATTAAAATTTAATAATTGGGTGTTAATTTTTATAGGATACAAGGTGTTTTGAATTGTGTCTTGAAAATAATTAGTCGTATTAAAAACGATACTTATACTGGCATTTTCCTGAAAACCAGCAATAGCTTGCTGGAGTTTTTCTGGATGAATTAAATCGTCGCCATCTAAAAACAAAACGTACTCGCCTTTTGCTTGTTGGAGTCCTAAATTTCTGGCATGACTCACGCCTTTATTTTCAGAATTTATACAGGAAAAGCGATTGTCTTTTGCTAAAGTTCTTGCTAAAATAAGCACAGAACCATCGGTACTACCATCATTTACCAAAATACATTCCCAATTAGCGTACGTTTGATTAACCACAGCCTGTACTGTTTCGCTCAGGAATTGCTCCTGATTGTAAACAGGAATAATGATAGAAACTAAACTCATTTTTTCTCTATATTATAAATTAGAATAAATGCTAAACCATTTTTCTTTGATCACTTTTTGGCTGTAATTTTTAGCAACAAACTTATAACAATTATTACTCATTTCGTAAATAACTGCCCTGTTTTCATTTAAAAATAATAGTTTTTTTACTACTTTTTCAATTTCAAATTCATCAAATAAAAAGCCCGTTACGTTGTCTTTTATAGTATATTTTACACCGCCAGAGTTGTA
NZ_CP176805.1_gap42	1629057	1631752	2695	AATCTTCTACATGCTTTTTTTCCTCATTAAAACATTCGTCTTTAACCCAAGCCCTATCTATCATCACAGTACCTAAAGACATAGAACAATGCGCCATCATGTGAACCAAAATTTGTTCATGATTTTCTTTATGCTTTATTATTTTGTTCTCTTTGCCAAAGGCTTGTAACCAACTACCGCAAACTTTAATTGTAGGATTGTTTTCTAAAACATGCAGTTGTTTTTCAAATCGCATGAAGTCTGAGATATCGTCGCCATCCATTCTGGCTATATATTTTCCTTTTGCGGCTTTAAAACCAATATTTAAGCTATCTATTAATCCTTTGTTTTCAGATTTTGTAAGAATTTTAATTCTTTGGTCGTTAAATGATTCAATAATTTCGATAGTTTTATCTGTAGAACAATCATCTATAACAATAATTTCAAAGTCTTGTATCGTTTGATTTAAAATACTATCTATTGCCTCATCAATATAAGGAGCTACGTTATAAACAGGTAAAACAACAGAAATTAGCATAAATTATAAATTCTAAGATATTGCTGCTCTAAAACTTGAATATACAAATCGATATTTCTGTCTTTTTTTGTCTGTTTAAATTGATTTTCAGATAAAACAATTGCTTTTTCTTTATCATTTAATATTTCTAAACTATAATTCACAAACTCATTTAAGTTTTTAAAATGAGGATAAATGGTATTGACAATATTATTTGGTTTTGGATGAAAATCCCAACATAATAAAGGCAATCCTGTAGTACAAATATCTATACCTGCATACCCTGCTGGTCTGTCATTATTATAACCTTGAAACCACGATAAGGAAAGATTTTCTTTAAAAACGGTTTCTACAATATTATCTTGATGTCCTCTAAAAAAGACTTTTTCTTTAATATTTAGTCTTTCAATAATACCGATTATTCCTTCCGTTTTTGGATCTCCGTTTCCGTATATGTGCAATTCGCAATTTGGCATTTTATCTAATAATAAATGAAAAGCATATAGAAATGGATCTAATGGCTTATACCTGTCTAATCTGGTAAAAATACCAATTTTTTTTATGGGTTCGTGGTTAAATTTCCATTGGTTATTTAAGTTATTCATTTTTAAAACTAACGGAATAAAAGTGTGATTATAGTCTTTAAATAAATTTAACTCATACAGTAATTCTTCCTTTTTAAATGGAGAACAAAAGCTATAATGATTAGAAAAATCAAACGATTTGTATATCGTATCATCCTGAAATCTTGCAGACATGATATGTATTAGGCTTTTGTTTTGAATGTTTTTAGGAATGCTTTGAATGTAAGTGTACTCCCCCATCCAATGTATGACATCGAAAGAATTTAAAAAAGCAACTAAGTCAGAGTTCGGTTTCTTTGGTTTGGTAATTTTAAGTTTTCTGTATAAATAACCTTCTAATCGATCAATAAAAGTCTTTTTTTTATCTAAAAATTTATCCTTAAATACAATTGGAGTGCCTAATTCTAGGTGTTTTTTGTCGTAATAGCGTTCTTTCCAATTGTGTGAGATTTCGTTTTCTAATTCTAAACAAAAAATAGTTGTTTGAATCTTTTTTTTGTTTAATGCGGTATCTATTTCATAAGCAAATCGCTCGGCACCGGCACGGCATAAGCTTCCAACTACAAATAAAACTTTTACTTTACTCATGTATAATTGTATTACAAATCATAATTACCTGCTCCTCTGTGAGTTCGAAAAACAAGGGCAAACGCAGTAATCTATCGGTATAGTAATCAGACCATTTTAGTGCTGGAACTTCGTTTGTTTTCGAATAATAATCGCTAGAATGTAAGCTGATATAATGAAAAACAGCATGAATATTATTGTTCTTTAATTTGTTTATCAAATCTGTTCTTTCATCGATAGAATTACAAATTAAATAAAATAGGTGTCCATTATTTGAAGCATAATCAGGAACAATTGGCAACTTTATTTTAGCTTCCTTTTCAAATGATTTTAACGTGTTATAATAGGTGTTCCAAATTGCTTTGCGTTTCTCTTGTATGAGTTCTAAATTTTCTAATTGCGCCCATAAAAAAGCGGCAATCACCTCTGAAGGCAAAAATGAAGAACCTGTATCTACCCAGCCGTATTTATTAATTTCACCTCTAAAAAAAGAAGCACGATTGGTTCCTTTTTCCCAAATAACTTCTGCTCTAGCAATATATTTATCGTCGTTAATGGCTAACATTCCTCCTTCGCCAGAAATTACATTTTTTGTTTCGTGAAATGAAAAGGCGGCTAAATGACCAATACTCCCTAAGGGTTTGCCTTTATAAAAGGAATCGATTGCTTGAGCGGCATCTTCGATAACTACTAAATTATACTGGTGGGCTAACTGCATGATTTTATCCATATCAGCTGCAATTCCTGCATAATGTACCACTACAATTGCTTTTGTTTTAGGCGTAATTAAGTGTTCTATCTTATTTGCATCTATATTAGGATTATTATCCTGCGAATCGGCAAAAATTATCTTAGCCCCTTGACGAACAAAAGCCAATGCAGAAGACACAAAAGTATAAGATGGCACAATAATTTCGTCATCTTGGTTACAATTTATAAGCATGGCACACATTTCTAGCGCATCTGTACAGGAGGTAGTTAGCAAACACTTCTTGAATTTGTATTTGTCTTCAAAAAATTGTTGGCATTTTTGGGTAAAATTTCCATT
NZ_CP176805.1_gap43	1634442	1635645	1203	CACCGTGTCCATAAATGTTTTTTGCACTTTGTTAAATACTATAACTCCGAAGGCTAAAATAACTACAGAGAAACAAGTTGGGAAAAGTAATGCTGTAAAATCAAATTTTCCAACGCCTAAATACGCATAGCGCATATAATCGAACAAGCTACTTAATGGATTTAAATGGGTAATCCATTGATGATTTTTAGGTATAGAAGAACTCGGATAAATAACCGGTGTAGCATACATAAACAGTTGAACGCCAAAGGATATTAACTGGTTTAAATCTTTGTATTTTGTTGTCATTGCCGATAAGATTAACCCCGTTCCCATAGAAATAACAGCCATAAGAAAGACAACAAGAGGTGTACACAAGATCCAGAGATTAGGTAAAATTTGACCTTGGTAATAAAAATAAGAAACAAATACTAGAAACAAAACAAACTGAACCCCAAATTTCATTAAATTAGAGATTACAATAGTGAGTGGCATGATTAATCTAGGGAAATAAACTTTTCCAAAAATCCCTGCATTGGCATTAAAAACGCCAGCTACTGAGGTTAAACAAGTTGAAAAATAATTCCATAAGATAATTCCTGCCATATAAAAAACTACTTTTGGCGCACCATCTGTAGATAATTGGGCTACATTTCCAAAAATAATAGTAAACGTAATAGTGGTTAATATAGGTTGTATAAAAAACCAAAGCGGGCCCAAAATGGTTTGTTTATAAACTGTTACAAAATCACGACGCACAAACAAGATTAACAAATCGCGATAATGCCAGAGTTCCTTCAGTCTCAAATCAAAAAGAGCTGTCTGAGATTGTATTACCGAATCCCACGCTTCTGCTGTTTCTTTATATTCTTTCATCAATCAAAATACTAAATTCATATTCAAAAAAAGCATATTTAAAAGTAAAATACCCAGTCAAATATAACAAAGTTTAACCAACTGAAAAGAAATTGAAGCCATAATCTTTAATATTTTTACTCGATTGCAAAACCACGGTAAAATATTCCTTAACAACTCATTGAATGCAAATTAACTTTTTTGTTTTTATTTTTAACTCGATAGCAACATAGTATTTGTGAATTTAATAAAAGATGAGGAAAATGTATAACATAGCTTTGTGCCAAGAATTGGGTTGTCTAACGCTTTTTTTATCTCTGTTCGGTTATATACCTATCGGTCACTAGTAACAATAATAGTTTTGCCACA
NZ_CP176805.1_gap44	1780133	1784867	4734	AGCCCCATCGGCACCAAAAACCATGTCGTAACTTACATTAGTCCATTCGCCACGTTCGGTTTCACCCATTTGCAGGGTAGCATCGGTCAGGTTTACGTCCCAAATTTTTTGTTCGAAAAAGAATTCGGCACCCGCTTCTTCTGCTAAATCGATCATTTTACGATTAAGAACGCCTCGAGAAATAGAATAAATACATTCTCCTTGCAAGCCGTAATGTTGAAAATTTAATTGATTGCCAATGTGAATTGCTCGTTTTTCCATGGCAATGGCAATATGACGCACTTTGTCGCCTACACCAGCACCATCGAGTGCGTTCCAGCCACGATTTGACATTGCCAAATTGATGGATCTTCCAGAAAATTGAATGGTTCTAATATCTGGACTTCGGTCATAAACATGAACAGTATGGCCTTCTTTTTTGAGATATATTGCCAATAAAGATCCTACTAAACCTGATCCTACAATGGCAATTTTTTGAGATTTCTGCATTAAATAATTATAAATTACGAATTAAAATTACCCATAAGAATGGTTCTTTTTAATTATGATTTTAATGTTTGCAAAGATGCGGCTATTTATTTAGCTTTGAAAATCAATTTAGTAGAAGTTTTTATGATTTCTTCTTTATTGAGTTTCATTTTTCTGAATTTTCCTTGCAAATACATTTCGGCTTGGTCGTTATAATGTGTACTCATTGGGTTTCCAGACTGCCCTGTTGGCAAGATACTCCAGCTGTTTTCTATGTCAGAAAAATCGATAATTCGTCGGGTTGATGGCCCTGCTTTTACAATATGTTGTGCTTCGTCCGAATAATCGAACATGGTGTTGTTTATGACTTCGTTTGTTCCTGAAATAGAAAATTTTCCAACATTAAAAAACGGTTTAAATAAAGCCACACTTCCTAGTGGATGTTTGTATTCTACTTTGTGTACTTTGTTCCAAGTCCAAGAATTTACATCGTTTCCTAGTTGGTTATTTAAACTCGAAATGGCTTGTTTGAATGACATATTCAATATATCACTTCGGGTTTCTTTTTTGCTCTTTGTATGAATATTATCCCACCAAGGCGAATTTATATTTTTGGTTTGAAAAGCAATACTTTGCTTCATAATATGGGTTTTCAAGAATTGTTTGAATGAGATTTCGCCCATTTCGTCTTGATACGTATTTTTTAAATAAAAATAAAGCCACTTGGTGTAAATAGTTGGAGCAACATCGATTAGTTGGTTGGTTCCTTTCCAGTTTTTTAATAAATTAATTGCTGCTTTTTCTTGGCTTGAAAGATTTTTATTATTGATAACTAATAACATTGTTTTTACTGTTTCTATTGAAACTGGCGACGTATTATCGTTTGTCATTTTGCTTACCTCTTCTTTACTCCAATTGCTTTTATTGTCTAATAAATTTGTAATTCTTCTGGCCCTATCTTCTGGCAAATAATAGCCTGGATAGTTGTAACCATCAATCGCTTCGGGCATATTATTTGAAGAATATACATAATTCCAACTGGGATTTATTGCCGATGGATTTTTAGCATACTCTAAAAACTTTTTTTTATCATCGATACCATTTGTACCATTTAAAATAAGATTGGCATTAACTCCTTTTTCTAATTTGTATAATTTCCCAGAAGTAAACCAAGCAATATTGTTTTTCGCATCGCCATACATAATATTAAGTCCTGGTGCTACGATATAGGAAACACCTTTTTGAAATTGGGTCATGTTTTTAGCATGGCTCAAACTGTAAACTGCATCGAGAATTTTGTTGGGTTGTTGGGTATAAATCCAAGAGAAAGATACGGGTTTTTGGTTTTTAAAATTGTCTATTAAATCATTTATAATTGGCCCGTGTTGTGTTTCTTTTACATTTAATATTATTGATGTAGAATCTTTAACTTTTATGGTTTTGGTTCTAATTTTATAATTTTGGAAACCAGTAACTGTTTTGTATTGATTTTCGTTTTTCGGATTGTTTTCTTCTTCAAACAAATCGGCATCATCGTTTTCGAACATTGTTATTCCGTAAGCATAATCGCGATTGTGACCTAATAAAGGAAAAGGTGTTCCTGCAAGATAATAACCATACATTTCATTTTCTGGACAGGAAATATGTGCTTCGTACCATGTTCCTGGTTGCGAATATTCGATGTGAGGGTCATTACAAAATAATACTTTTCCTGTTTTTGTTTTCTTAGGCGAAAGGACCCAACTATTGCTGCCAATAAATGGTGGCACTGGAGAATTTTCTAATAATGTAGTTATAGATTTTGAAATTTCGATATATTGTTGTGTTTTTTCTTTTGAAATTTTTATTCTTGTAGTGTTTAACGAATAATCTATTCCTAAGTCTTTTAGATATTCTTCTCCATATTTATTTTTAATATCGGTGAGTAAAGGGTCTGTTTTTTGAGCCATTGCAAAACTGAAGGCCATGTATCCAAAGGTATTATAAACATCTTTCAAGGTAAATTTTTCTTTTTTAATACCTAAAATCTTAAACTCGATTGGTGTTTTTCCGTTTTCGAGATATTGGTTTACGCCGTCTAGATAAGCCATTGCCATTTGGTATGGTTTTCCGTTTTTGTTTAAGGTTGCGATTGCTTTTTCGGAATTTTCATTGATCCCTAAACCTATAAAAAATTTATCGTTTTTAAGCGCTCTAGTTCCAAATATTTCAGCTAATTTTCCTGGTGCAATACGACGAATGAGTTCCATTTGCCACAATCTGTCCTGCGCATGAACGTAACCTAGGGCTGTCATTGCATCTTTCTGATTGGCCGCATAAATATGTGGTACGCCATAATCATCAAAATAAACAGTTGTTTCTTTTGATATGTTTTTTATAAATAATTCGCCTTCGTAGTTTGGTTTTGTGCTTAATAAATAACCATATAATAAAACTGCTATGAAAGCTATGAATAAAACAAAAACAAACAGGATTTTTTTAAACTTTTTCATTTGATATATATTAATTTACCAAATATAAAAAAGACGAATGTAAAATTCGTCCTTTTTTATAAAATCTATAAATTATTTACTTCTTGTTAAAGTAGATTTTCTCCCCAACATTCATTCCGTTATTTTTGGCTAACATGCCACACATGTGATACAACATTCTTGCTCCAACGTTTCCGTCCCAATCATCATCTTCGCTTGGTGCAACTTCTACAAGATCGAAACCAATAATGTTTTTTCCGCTATTTGCTAATTTGCTTAATAAATATGTAGCTTGTTCGAAAGAAAAGCCTCCCGGAACTGGGGTTCCTGTATTAGGGCAATACCAAGAATACATGCCATCTATATCGAAAGAAACGGTTACATTTTGTGGTAAGGCTGCAATGATATCGTCGCATTGTTGTTGCCACGTTTTACCTTCAAAAGTTTGGGCTTTCATATCCATGTCGGTATGAACTACAACACGGTTAGACTGTGCTATTTGCACTTCTTGCTCGCAAAAATCACGAATTCCTACTTGTACAATTTTTGAAATTTGAGGAATTTGTAAAGCATTATACATGATTGAAGCGTGGGAATAAGTAAATCCTTCGTAGGCAATACGCAAATCCATGTGGGCATCAAGGTGCAAAATCCCAAAATCGTCGTGAATAGTTGCTAATGCCTGATAATATCCTAATGGTGTAGAATGATCCCCGCCTAATAGGACAACTTTTTTTCCTTTTTTAATCCAATGCAAAACACGTTCTTTTACCTCGGTATGCAATTCGGCACAAGCTTTATTTATTTTATCTAAATCAGCCTTTAATACTGGCACGCTTTCTATTATTTCTCCGTTTTCTAATGCTTCAATAATAGGTTGTGCAAAGCTTTTGTATTTATCTGAATTCTTTTTCCAATGTGCTGGCACTTGGTCATAATACATTCCTAGTTTCCATAATTCTGGAAACTCTTGGTGTTGCAAATCGACTTGAAATGAAGCCTCTAAAATAGCTTCTGGCCCTTCTGATGTGCCTGCGCCGTAACTTACCGTTACTTCCCATGGTACTGGAATTATAATAATCTCGCTTTCTTCGGCTGTAAATGGTAATCCGAAAATGGTAGCATCTGCTAATCCTGGTTGCGATGGATCGAAAGATTCTATTTTTTGTTGTTTGTTCATTTTTTTGATATTCTAAGCTCTAAAAGTATAAAAAGTTTAATTAATTTTCTAAAATTCCTTTTTTTAATATTTGTCCAAAATTGTACATATCTTCAAAAGAGCAATACAAAGGAACTGGCGCTAAGCGAATTACATTAGGTTCACGCCAATCTGTAACAACCCCGTTTTTCATTAAATAATCGAATAAAGAACGTCCTTCTCCGTGCAAGAACACTGAGAGCTGACAAGCTCTTTCTTCCTGATTAGTTGGTGTTAAAATTTCGAAATGGCCTTTTACTTCTTTGTCTATTTCGTGGAGAATAAATTCTAAATAAGCTGTAATTTGATTTCTTTTTCTGATTAATTTCTCTATTCCAACTTCCGCAAACATTTCTACTGATGCTAAATATGGAGCCAATGAAAGAATTGGCAAATTACTTATTTGCCAACCATCGGCACCATGAACTGGATCGAAAGTAGGTTCCATCTTGAAACGTCGTTCTTTGTTGTGCCCCCACCAACCTGCAAACCTAGGCAAGTTTGAATCGCTATGGTGCTTTTCGTGCACGAAGCATCCTGATGCGTTTCCTGGCCCTGAATTCATATATTTATAAGAACACCAAGCCGCAAAATCGA
NZ_CP176805.1_gap45	1786195	1789598	3403	TCGTCTTTTAAGCGTCTCCTAAAGTGTACAAACTCGCTTGAATCGAAAGGGTGTTTGGTTTGAAAGGATTATTCTCCTGTAAAATATTGCCAATAGGCATTCTCAATCCAACGTTCCACAACGGATTCGTCACTTTCGTTAAACATTCCTTTTAGCATCAGTAAACCTGCAGTTTTTTTAATAGGAATTGAGCATATTCCTTACTCGGAATATAAATTCTAGAACTCCAACTCTATTTTATCCCAAGAAACCTCATTAGCTAATTTTACCAACGGACGCCCAAGATTTATAAAATCTGTAGCCTTGTTTAAAATAAGTTTTGCTGCAAATCGAGTTTTATTTTTCCTAACATATTGCCCCTTTTTTTATACCTAAATATATAACTTTTGGTAATTTTACAGAAACTTTTTGACTAGCATTTAACCACAATTTATTAATATTTATACCAATTTAGCTTTAAAAATTCTGGAATATTTATTGAGGATGTTGTCATTCCGAGGAACGAGGAATCTCATAATTTGAATAACTTGATGAGATTCCTCGTTCCTCGGAATGACAAACTGTATGTTTTTTTATCCCAGTAAATTTAAACTTTAAATGGTATTAATGTGTTTTTAAAACACAACCATTTAACTTCTAATTTGCTAATTTTATTAAGCTTTTTTAATAATTTATTGTGTTGTTTTAACAAAAAAAAGCGCCCAATATAATTGGGCGCTTTGCAAACTATAAGTTATTATAGACTAAGCTTCAAAAGCAACTACAGAAACATAAGATTTGTTTTCACCTTTTTTCTGAAATTTCACTAATCCAGCAACTCTTGCATGTAAAGTATGATCTTTACCCATGTAAACGTTTTCTCCTGGATTATGTTTAGAACCTCTTTGTCTAACAATGATATTTCCCGCTATTGCAGCTTGACCACCAAAAATCTTAACACCTAAGCGTTTTGATTCTGATTCTCTACCATTTTTCGAACTACCGACACCTTTCTTGTGAGCCATGACGTTTTGGTTTTATAAGTTAATAATTAATTAAACAGCTTTACCACCGTTTAATTCATCTTGTAATTTTTTCAATTCGTCCATTTTACCATCTGCAGCAAGCTGTGCTTGTTGTGGCCAAGTAGTTGGATCTAAATGTTGTACTTTAGCTTCTGCACCGTCTAAAATCTCGTTGATTTTTTCTGCTTTAGTTTTAGCTAATTTTGCAAATGTATCTATTCCAGCAGCAACTAATACTTCAGCAGCTTTAGGTCCAATACCTTCAATAATTTTTAAATCGTCACCTTTTTTAGCCGCTTTTGGAGCTTTTGCTTCTACTGCTTTTTCAGCTTTAGGAGCAGCTTTTTTTCCGCCTGTAGCAGAAATGCTTTCAATTACGATTTGAGTAAGATACTGTCTGTGACCGTTTCTTTTCTTGTAACCTTTTCTTCTTTTCTTTTTGAAAATGATTACTTTATCTCCTTTTAAGTGTTGTAACACTTTTGCTTCAACAGAAGCTCCTTCTATAGCTGGGGCGCCTAAAGTGATTGTGCCATTATCATCTAATAAAAGAACTTTGTCAAAAGAAATTTTTGACCCTTCTTCATTAGATAAACGGTGAACATAAACCTTTAAGTCTTTGCTTACTTTAAATTGTTGCCCTGCTATCTCTACGATTGCGTACATAACAATGATGTTTAGTTAATTTTTTTAAGATTGCAAATATACAACTATTTATTATACTAGCAAATTGGTATTGAGTTTTTTAGTTTGTTTTTTTAAAATATATTTTTATATATTTTTCCTATACGCACTTAAAATGCTAAATTATATTCATTGTGCATTTATGCGTTAAGAATTACTTGACTAGCTTTTATCTCAATGGTGTCCGTAAACTTCGTTTACCGCAAAACCTTTTCGAGCTTTATGTACCTCAAAAAGGTCATGACTAAAAGTCAATCCTTTTTGGCAACAGCCAAAAAAAGGAAAAGTCAAAAAAAAAAAAGCTATACTATATAATTTAGATAAAAAAACCATTTCGTTATGAGTGAAATGGTTTTTTATTAAATTTTTTAATCTTTATACAATTACAATAATTTTAAAACTACATTAGGAAATAATCCCAGTGCAATATTTAATATTAATGCTACTACGGCTACGATTTGATACATTACGGGAACATTTGGCAATGTTTGTTCGCTCTCTTTTGTGTACATGGCTATAATAATTTTAAAATAATAACCTACACTTATGATTGAACTTATAATTGCTACAAACACTACAATTAGCCAATCTGTATATACTAACTGATTTAGCAAGAAAAATTTAGCAAAGAAACCTGATAATACAGGTATTCCAGCCATAGATAATAATGCGGCTGTTAATATACCTGCTAATAGTGGGTGTGTTTTTCCTAAGCCATTAAAACTATCTATGGTTTCGTTTTCTTTGTCTTTCGTAACATACATTACAACTGCAAAAAAAGCAATTCCTGCAATTGCATAAGCGGAGGCATAATATAGTAATGTACTTGCAGCATTGCTAGTAAGTAAAAGAGTAGAAACCATAAAACCTGCATGCGATATTCCTGAAAAGGCAAACATGCGCTTTACATTATTTTGACGCAATGCCATAATATTTCCTAGAAGCATCGATGCAATTGCCACGCAAACAATAATTATTTGAATAGAATATAACTGTATGGGCAATAATACTGTTACTAGCTTATATAATGTTGCCATTGCAACTATTTTGGCTAAAGTACTCATGGTTGCAGTAGTTAATGCTGGCGAGCCTTCATATACATCTGGTGCCCAGAAATGAAAAGGAACAGTTGCTATTTTAAACAACATTCCTATTAATAAAAACACAATTCCTATATAATACCATTGTGGATAAGCTTGTGTATTTATAAGAATTAGAATCTTATTCAAATCGAAACTCCCTGTTGCTCCGTATATTAAGCAGATTCCGAAAAGTATAATTCCCGAAGCAAAGGAGCCCATAAGAAAATATTTCATTCCTGCTTCGTTACTCTTTAAATTTAATCGATTGCTTGCCGCAAGGATATATAATGAAATAGATAAGACTTCGATTCCTAAAAAGAACATCGATAAGTTTCCGAATGAAACCATCGCTACAGCACCTGATAATAAAAAGACTTTTATCCCAACGTAATCAGAAATTTTAGTTTTTTGTTCTTTATAAAACTCATGACTGAGTGCTACTAAAAAAACTGTAATTATAATAAACAAACTTGAAAAGGCTACCGAAAATTTATCGACAACCATCATATTATTATAATAAGAACCTAAATGATTGTATTCGGAAATATTAAATCCAAAAATAGCTAAAAGCCCAATAATTGTAATAGGCACAATGGCTTTTCTTGCATTAAAAATTTCTGCAAGCAAACTTAA
NZ_CP176805.1_gap46	1804304	1806964	2660	ATAAAATATATAAAAACAATATTCTTCAATTCTTGCAATATAATGATTTAAACGGGGCGCAAAATCTAAAAAAAGTAGCCCAACCTATTGCTAAAAGCACTATAAATTTAAAAGAAAATAAACTCGTTAATTTTAGCCAATGGAACACTTTTGCACTCGATTTATCTAAAATAATCACCCCAGAACCAGGTGCAATATACCGTGTCGAATTTTCATTCAAGAAAAAATATTCTCTTTACAAATGCGATGGTTCAACAGATGAAGAAACCACAACAGATGAAGAAGAAACCGATGAAAACGATGTAAATTATAGCCAAAACAACTACGACGACTATTATTATGAAGATTATGATTGGAGAGAAAGCGAAGATGCGTGTTCGCAATCATACTTTTATAACACCACTATAGGAACCAATATTTTAGCTTCAGATTTAGGTGTTATCGCCAAACGTGGCGAAAACAAATCCTATTTGTTTGCTGTAAATAATATTGTAACGACCGAACCAATTTCGAATGCAAAAGTCGAATTGTACAATTTTCAACAACAAAAACTAGCCACCGAAGCCACAAATAGCGAAAGGAATTGCAAAATTTGAATTAGACAAATTCGCATATTTTGCCATTGTTACTCTTGGCGACCAATCTACTTATGTGAAACTAGATGATGGAAACTCACTTTCTGTTAGTAATTTTGATGTGGCTGGTGAAGCTTTACAAAAAGGCTTGAAAGGTTTTATATATGGAGAACGTGGCGTTTGGCGTCCTGGCGATAATTTGTATTTATCATTTATTTTTAATGATGCCGCGAATAAAATTCCAAATGCACATCCAATAAAATTCAGACTGTCTGATCCTAACGGAAAAATAACCTATCAAACGATTCAAAAATCGAACGAACTCAATCATTATAGTTTTATAGTTCCTACCGATGCCGATGCGCCAACAGGAAGTTGGGAAGCGATGGTTAGCGTGGGTGGGGCCAAATTTTATAAAAACATTAAAATTGAAACCATCAAACCCAATCGTTTAAAAATAAAAAATGTTTTCAAAAATGCAGTGCTTTCTTCTTCTTATCCAAACACCAGTAATCTGCAAGTCAACTGGCTTCATGGGGCGAAGGCAAAAGATTTGAAAGTAGAAATACAAGCTAAATTTTCGCAAGATGTTACTAATTTCAAAGGTTATGAGAAATATGATTTTGATGATGAAGTGCGTCAATTTAACACCGAAGAAATTAATGTTTTTTCAGGAAAAGTAGATGCAAACGGAAAAGCATCAGTCACTATCGATCCTAAATTACAAGGTCAAGCACCAGGAATGCTAAAAGCAGCTTTTATGACCAAAGTATATGAGGAAGGTGGCGATTTTAGTACCGATGTGATGGCCACAACTTATTCTCCTTACAAAACGTATGTGGGATTAAAATTGCCTGAATTAACAAAATACCAAATGCTAGAAACGAGAATTAACAATCGTTTTGATGTGGTTACGGTCGATGAAAAGGGTCGCCCAAAATCGGTAAAAAACCTAGAAGTAAAAGTATTTAAAGTAGCATGGCGTTGGTGGTGGGATTCATCAAACGATGGTATATCCAATTACAATTCATCAAACGCAACCTCTTCATACAAAACATTGAGAGTAAATACTGATGCGCATGGAAAAGGCAGCTTCCAATTTGCACTAACCGATGAAGAATGGGGACGTTATATGATTCGAGTTACCGATCCAACTGATGGTCATGCCACAGCACAAACCGTTAATATCGATTATCCTTATTGGTCAGGAAAAACAAGAAACACCGATGCTTCAACAGCTAATATGTTGGTTTTTTCTACCGATAAAAAGAATTATGCCGTAGGCGAAAAAGCACAAATATCTTTCCCTTCAAGTGAAGGCGGACGTGCCTTAATTTCTATCGAAAACGGAGCGAAAGTAGTACAAACACTTTGGGCAAAAACCAAAAAAGGAGAAACTAAAGTCGAAGTTCCTATTACGGCTGCTATGGCGCCAAACGTGTATTTCAACATTACGTTATTACAACCTCATGCTTCAACTAAAAACGATTCGCCAATAAGAATGTACGGAATTATTCCTGTTGAAGTGATTGACAAAAATACCATTCTAGAACCAAAAATCGCCATGCCTGATGTTTTAAAACCAGAGCAAACATTTAATGTAAATGTGAGTGAAAAATCAGGAAAAGCGATGACTTATACCATTGCCGTTGTCGATGAAGGGTTGCTAGATTTAACTCGTTTCAAAACCCCAAACGCTTGGGACAGTTTCTATGTTCGTGAAGCTTTGGGTGTAAAAACTTGGGATATTTACGATGATGTAATTGGCGCTTATGGCGGAAAAGTAAATCAAATATTTAGTATTGGTGGTGACCAAGATTTAGGTGGTGGCAAAGCAAAAAAAGCCAATCGTTTTAAGCCAGTAGTTATTTATTTAGGCCCATTTAAACTTGAAGCGGGCGATACCAAAACACACCAAATAAAGTTGCCCAAATACATTGGTTCAGTCAGAACAATGGTAGTTGCTGGCGATGCGAAAACAAGTGCTTATGGCGCAGTCGAAAAAGCAACACCGGTTCGTAGTCCCTTGATGGCATTGGCTTCGTTACCACGAAAAATTTCTCCATCAGAAAAAGTAACGATTCC
NZ_CP176805.1_gap47	1850204	1851439	1235	TATTTCGAACTCGAATTTATTTGTAAAATAGTTTTTAGGAATTTTTTGTAAAGGATACAATCTATAACCAGATTGTGTATCTTCTAGTTTGATTCCCGTTTCGAACCAAAACCAAAAATTAGAAAATTTGTTCCCAAAACTACTTTTTTTAGGCACATTTTCTTGTGTCATATTTCGGCTCCCTATAAGTAAAGCTTCGCCATTTGCATTAATTTCATCAATAAAAGAAGGAATATCTGAAGCAAAATGTTGCCCATCGGAATCGATAGTTATCGCATAATCAAAATTAAGTTCTAATGCTTTTCTGAAACCATTTTGCAAAGCAATTCCTTTTCCAGCATTTTTTGAATGATGAATTTGGGTAAGATTTGAATACTTTTTTAAAATTTCGGCGGTCGAATCGGTCGAACCATCATTTATAATAATCACATTAGTAGTATATTCTAAAACTGAATCTAGAACCCGAGTTAATGTTTTGTGATTATTATACGTGGGTACAATAACACAATAATTTAATGATTTTATTGAATTTATATCTGAAATAGAATGGTTCATTAACTGCAATTACTACTATTTTATAGTCAGCTTTTCATCGGAAGAAAAACTTTTAGATTGCTTCACAAAGCTTTTTATATATTCTTTTGTAGCATTTGTTTGTTCTTTATAGTGCGCTAAAATAAACGCAACATCTTCTTTTGTGTTTTTATTATATTTTACAATTTTAGGTGTATTTTCCTGAATACTTAATCTGATTAATCTGATTTCTATATTGTTCGGATCGCTTGCAATAGCAAATTCGACTAATTTTGCTCCTTCTTTGAAGGTTTTAACTTTATTTGAAATTTTCTTTTCAAATTTTGAAAAAATAGTAATCGAAGCACCTTTGTAAGCTACTAAGGTTTTATTACTTTCGCTTGTAATATCTGAAAGTTTTGAGGCAAATTCTTTAGATGTAATTTCAGAATTTGCGGCATTCGGATACAACCTTCTAATCTCAGAAACCTCTAAATTATTGAAAGAAATTAGAATACAGAAAATAGAAATTAGAAGTTTCATCTTTATACTTTTTTATAAACGCTACTTAATTTTAAAGCCACCGTTTGGTTAAAGTAAGTTGTGTTTTTTACTTTAACCAAACCATCGTCAGTTACTGTAATATCTAATTCTAATCGTAATTCTGGTGTTACCTCTGGATTTATTAATGCCATAAATTTAACGTTTGTTAGACTCTGCAT
NZ_CP176805.1_gap48	1853166	1857804	4638	TACATCCATCGCACTTTTTTTGCCTTCGTCGTTTATAAAAATTTTTCCGTTTTTAAAAACAATACTGTAATTATACGGCTTTTTGTATTGCCACTGCAACATATTTGGCTCTTTAAACGCCATTTTTCCTGAAGTTTCTATATCTTTCGATAAAAAATCTAGGTGCTTGTATTGCACAAAATCTGTACTTAGCGATTTTATTTTTGTAGCCACTTCTTTGACTGTTTTTTTGAAAGAAATAATTTCGGTATCATTCATTTTTTGCTCTTGAGCTAGTAGTAAAGAATGGCAAAAACATAAAATTAATGCGATTATAGCTGTTTTAATCTTCATAAGCTTTAATTTCTAAAAGTTGTTCTAACGAAATAACTTTGTATTTATTTTCTTCAACAAACTGCAATAATTGTTCCAATGCGTTAACGGATTGCAAAGAAGTATCGTGCAAAAGTACAATTCCGCCAGGAGAAATTAGTTTTTTTATCCTGCTAAAAACCAGTTTTTCGTTTTTAATAACACCATCTAGGGAACGAACATTCCAGCCAATAACGTGGTGTTTTGTTACTTGTAATGCTTTTTTTATTGATGGATTTGTAACTCCAAATGGCGGACGAAATAAAATAGTTTTTTTGCCCGAAATTTTTTTAATCAAAGCATCAGTTTGTACGATTTCTTCTACTAATTTGTCTTTTCTATAAAAATCGAAAAGACGAGAATGATTGTAGGAATGGTTGCCAACAATATGCCCTTCTGAAATAATTTGTTTTATAATTTCTGGATGTTTTTCTGCGTTCTTGCCGATACAAAAAAAAGTCGCTTTTGCATTGTGTTTTTTCAAAACATCTAAAACCAACAATGTCATTTCGTGTGGCCCGTCATCAAATGTTAAAGCTATATTTTTTTCTTTTTCTAACGGATTATTACAATAGGCTTGCAAGTGAAAACCAAGTTGAATAAACGAAGAACCAACAACCAAAATTACAAATCTAATTGCAAAAAGAATTAGGAAAAACCACCAATGCACCGTTACAAAAAAACTAAAGAGTAATAGTAAGGCAAAAAGTGTAAGAAAAACAATATTTGTATTTCGGTAATTTAACATTTTGAAATTAAAGTAAAACTATGATCGATTCCTTTGTATTGGTTGTATAAAAGTATGGTTTTATAGTCCGTTTTTTCTAAATGATTTACTTTTAGGATTTCAGGTATTTGCTGTGTTTTTATAATTTTCGCACCAACCCACAATCCAAAAGCAGAAGCGGTATTGTATTCGCCACACAAGTGTTTGTAATAAATTTGTTGTGTGTTTTCAAAAGTGTTTAATGAAAGTGTTTTGTAATAACCATCTGTTTCTACATCGCCATTGTAACCTAAAACTAAGGCATCAATATCAGAAATTTGCAAACTATTTGATTTCAGGAAATCAATTATTTTTGTTTCAACTTCCTCTATTTGAAGTTTGTTGATGATTTCAACATCTAAAACCTCAACATAGGAATTGTCGTGTTTTTTATCTTCTAGAACAAAAAAAGTAGCACCCTCGCTATGTACAACTCCTTTTGTAGTTGAATTTAGCACTTTATACGGACTCTCATTGTCTTGTTTGATGAATCCAGCCAACTTAAAAAGTGATGCCGTATAATCGTTCATCTCATCTATTGCTCCAATTAAAATTGAAGAAGCTTCGTTTTCATCAAACTGTAATTTTGCGTCTAAAAGTGCCGATTCGAAAGAAACCGAACCGTTTACATACGTAAAATTATAGGCTTTGCATTGCAATCCCAAAGCAATTTGAGAACCTACTGTATTATGAGTAGATTGAATAAAAGAAGTGGGGGTTAAAAACTCTTCATTATTATCTATTAATGCTCTTAGAAATTTATCAGAATCGTCTATGCAACCCATTCCTGTTCCTGTAATAATAGCGTCAAAGGTTTCAGTATTTGCTTCTCTCATAGCTAATGCAGATGCTACAATGCCATTTTTTACTCCTTTTGCCATTCTTCGAATGGCTGTTGGGGAAATAAAATCTTTGTAAACAGGAATTTCTAATGGTAAAACATTAGCGATTTCATTTATTGTTGCTTCTTCCAAAAAAATTGTGTCGAACGTTTTTTGCGCCGAAATACAACCTACACCATTTATATATGTCTTTCTCATTCGCTTTTTGAAAAAATTATGGTCGAACAATTTCCGCCAAATCCAAAAGAATTGGACAAAACGTGTTCGATATTTTTATGTTTTAAAATGGTTTGCGGCATCATATTAAACTCTTCCATAGGAGTTTTGAAATTCAAATTAGGGAAAACCACATTGTTTTGAATTGCCAGAACGCTATAAACAGCTTCGATTGCTGCTGCTGCTGCTAATGTGTGACCTGTAAATGGTTTTGTGGAGCTAAAATCGGGAATATTATTCTCGCCAAAAACTCTAACTATGGCTCTCCCTTCAGATAAATCATTGTTAGGCGTTGCCGTTCCGTGTACATTAATATAATTTATTTGTTCTGGTTTTAGTCCCGAAACTTGAAACGCTTTTTCCATGGCTAGAAAGGCACCCTCTCCGTTTTCGGAAGAAGCAGTTTGATGAAAAGCATCGTTTGCATTTGCATAACCAGAGACTCTTGCCAATACTTTTTTGTTTTGTTTTGCGACCATTTCGTCCGATTCTAATACTAAAAAAGCGGCTGCTTCACCTAAGTTTAATCCTTTACGATCATTATCAAAAGGCATATTATATCCGTCCGATAAAATCATTAAGGTTTTAAATCCGTTGATGGTAAATTTTGCCAAAGCATCGGTTCCGCCTACAATTACTCGGTCTAGTTTTCCTGATTTTATTAATCTTGCACCTAGCATAATGGCATTTGCTGCCGATGAACACGCCGTACTGATCGTGGTTACCATTCCGTTTAAGCCTAATTCATTGGCTATTTTTTGAGCCACATCGCCACCATCATGACAACTAATATATTTGATGGTTTCTGGCTTTTCGAAATAATCGTAATAATATCTTTCGGTCATGTCCATGCCGCCCACGCTAGTTGCCGAAATTAATCCCGTTTTATATTCGTTTATCGAAGTAATTCCTGCATTTGCAACGGCTTGTTTGGCTGCAATGGCACCAATCATAGCGGTACGTGAGAAATTATTATCTGTAGAAAGTTTTAATTCATCCGCTAACTCTTGGTTGGTTTTCTTGATTTCGCCTACTTTTCTCAAATTAGCATGCACTGTCGAAATATTTTCGATGGTGGTAATTGCCGTTTTGTTATTTAGTAATGAAGCATAATTTTCTTCAACCGAATTCCCGATTGCAGATATTATTCCCATTCCTGTGATTGCAACTCCTTTCATTTTCATTTTAGATTTTAGAATTCAGATTTTAGATTATTGTTTTACTTATTAAAATTTAGATTTTTGAATTGCTTATTCTCGTGTTAACAGTTTTTAATGAACTTACAAAAATTGCTGTTAGTTGATTACCTTCATCTAATAAATTTGAAACTTCGTTTATATCAAACCATTTTCTATCAATAATTAATTCTAGCCAAAACATTGTTTCATCAGCTTCTTCTAAAACTATATTCATTTTAGAGATGAATTCTCTATCACTTCGAGCCCTACAAACAGCTCGGTAATTTGCACCAACTGATGTTCCACTTCTAATAATTTGATTTGCAATAGTTTTTCCTGCTATTGAATTCGGTAATTTTTCAACCAAATTTATTATCAAGATGGAAAAATTTTTAGTTCTTAATTTTAATTCGTTTGTAGTCATACATTTTTAAATCTAAAATCTGAACTCTAAAATCTAAAATTACTTCGTTCTATTTGCAGTAATATAAGCCGCCATGGTTTCGATAGATTGGAAAATGTTTTTTCCTTCTTTTGGATCTACTAATTTGATTCCGTAATCTTTGTCGAGCATCACAATAAGTTCTAAAGCATCGATAGAATCTAATCCTAATCCGTCGCCGAATAAGGCATCATTATCTGCTACATCTGCTATATTTATATCTTCTAAGTTTAGAACTTCGATGATTTTTGCTTTTAACTCTTGTTTTAATGCTTCCATATTATTTGTTATATAAATTTTCTATTGTTTGTATATTATGCGCTACTTTCCCTTCGTTGGCAACCAGATAAAGGAATGCTTTGTATTCTTCGTTATAATATTCGACCCAACCACAAAGTACTTTTTCTGCTTTTTTTGTATGCAAAAGTACGTTGGCATAATTTGTCATAAATTCCGAATGGAACGCGTCAAAGATAAAAAAAGAATTTTCACTTTTCAATTGGTGCTTAATACTAATTTCTCCGATGCAAATATTGGGTAATGTGTAAACGAAAACTGCTGGAGACGGAAAATAATTTTCCTTGTCGGAAATGGAGTTTTGGTATTTTACATCGGTATCTAAACTTGATGAATTATTGGCAAAAAGCAAAGCAATATTGTTTTCTTTTGTGTTGTCAATTTCGTTTTTCAGAAGTAATTCAGCTGCCAAAAAAGCCAATTTACTCAAATTATCCATTTTGAAAAACTTAGGGTAATTGATGTCGAAATTCTGATAGGCTTTCTTGGAAAAATCTGAAAACAAATTAGAATCTGATTTAAAAATCGATTCTCCGTTCAGTATAA
NZ_CP176805.1_gap49	1863206	1868188	4982	TTTTTGATTATTTCAGCAACATCAAAAAATAGAGTTCCTCTTGTATCGTCAAATCCGCCACGTTTTCCTGCAATTGAAAAAGCTTGACAAGGAAATCCTGCACAAAGTAAATCGAATTCTGACGGAATATAATCTTTAATTTGTTGTTTTGTAATATCTCCAAATGGCACTTCACCATAATTTGCTCTGTATGTTTTTTGTGCTTCTTTATCCCATTCGCTTGTGAAAACACATTTTCCACCGAGATTTTGCATTGCCATTCTAAAACCACCAATTCCAGCAAATAAATCTACAAATTTAAACGAATAATTTTTAGGAGTTGGAAATGGAACATTTTCAACTTCAAAAAGAAGCTGTTGCATTGCATCTTCCGCAACAATTGATAAATCTTCTTCTTCTTGCTTGTATGTTACAAAATCTTCTAAAACTTTGAGAGCATCATTTTTATAATATTTTGAAACTCCGTTGTGAATATTATGTAAATAATGAGTTAAGACCGCTTTGCCATTATTTGGCTCAACAATTCTTATCTGATAGCGTTTACCATCAAATTCATTAATACTAATATTTTCTTTTAACTTCATTTAAATCAATTTGTCGCAAGTTCGTGAATTTTTTAACCTCTTCTAAAAAAAATAACCTACAATCACTTAACAGCCACTTTTAATTTTTTAAAAAAAACTTCTTCTTTATTGGCAATATCTAATAGTTGATCGGCAATGGTATTGTAAACATCCGCCTGTGTGCTTCTATTTTTATAAACTCTAGAAGCGTTTACGGCAAAATCTCGCCATAAATCGCCAATTATTGTCATTTCTTGTGATAATTCTTTTAGTTTTTCGTTTTCTAGAATTACTGCCGATTCTTGCAAAAAAGCGGCATAAATAAATCGAAAACCGCCACCACCAGTACCTATTTCTTCTTGCATTCTAACCATTTGGGCTAGATAATGATTGGCCTTTTTAGTTCCGTGTTTTACTGGCCATTTTCTAATTCTGCTGGCCACAAACTTGATTCCTCTAACCCCAATAATAGGTGCGGGAGCCAACATATCTCGACAGGTATTCTTAATGCCTTTGATAATAGCGCTTTTTAAATCGATAGTAGCAGGAATATGAATTGGGTAATACATTTGTCCTCTTGGTGCAAAAGCGCCTTTGGCAAAACGTACTTTATTTAGTTCTTGGTGTGTGAGTGTGGTTACGGTTTCCATTACGGGGTCGCTAATAAGATAATTAGTTTCGGTTTTGCCGTAAACGACTAAATTATGAGCGTTGAAATGAAAACGATATTCGTCTGGAAAATAAGTTAAATTATAAACCCCAACTTGCAATCCTGTAGGAATGTTGTTTTTTAGATTTTCGTCTAACGCTCTCACAGCATTGGTTTCGCTAGAAAATTTTTGTCTTTTTATTTTTAATCCTAATCGTTTTGCTAATTTGTTGAAGATAGCACCAGGCATGGGTCTGTAACTTATTGCTGGAGCATAATTTACTTTTATAAATGGCAAATAAACAAAGAAAAGCCCTGACCCAATACCAAAAGCCATAGGCTCACTAATATTCAAACCATTGTTTTTAAGCAAATTAGAAGCTACCCCGTTTTCGCAATGCGCAGATTGATGGTGTGTAAAATTGATTTCCATTAATCTGTTTTAAAATTTTTTAATTCATGAATAGAAATATTGAAAGTTTCGGCATATTTCTGCAAAACAGTTTCTTTTAATTTAGCAAAAATGGTAGGTTTGAAATGTCTTTTTACGCGCCATTGCCACATACCAACATAGCTAGAGAGTACACCAATATCCATTTTAGAGCATTCCATAAAATAAACAATTGGACTTACTTCTCCTTTTTTTACTTGTTCTTTTGCAGTAGCAATTCGTTCGTTTATTGCATCAATAGCATTAGAAAGTGCTATCGTTTTTGGTTCCCAACCTGTGCTTAAAGCCGTTGTATAATTGCCTTTCTCATCGGTGGCATAAACCAATTCTTTCATGTTGCTTTTAGAAAGATTGCCTTTGTCTTGCGGAACTTCGTTTTCTTTCATCTTTCTATTGTTTTGAATGATTTTCTTGAATAAAAAGATTAATTTCTCCTTCTAAAAGTAATTCTTCGTTATTGAAAGTTTTGCAACTCATGGTACACAAACTATAATCGTCTGTTACGAATTTTGATACTAAAGTTGAAATTGTTTTGATTGTACTTCCAACCTCTGGAAGTTTATGAATTTTTAATGTTTTGATAGCGCTTATAAATCCAACCACATCTACACCAGATTTGTCTTCATTATTTTCGTCTACAAAATAATCTTTTGCAACAATCGAAGAACAGGTTTGAGCCGCATTTTCTATTAATCCTGCTTCTATAAAGGTGTTGTTTTGAATAAATATATTATCGCCTTTTATTTCGAAAATGGTTTCAACTTTTTCGTCATCCATTATCAGAATCATATCAACCATTAACATTGGTTTACGATGAGGCAAATAGTTTTTTATATTGATAGTTGTATCCATTTTTTTGAAATTATTTGGCTAAAACCGTTTTCATTTGGCCTGTAGCGATTTCTACACCATTTAATTTTGTAACAATATCAACTAAAGTTATTCCTGCAAATTCTTGAAGAATAGAAACTGTCGTTTGAATTTCGTCATCTAATTTTGGTAATTCTCGTATCTCAATATCTTTAATAGAACCTATGTAGCCTGTTGGCGCAGGTTCTTGTTTTAAATAAAATTGATACCCTGTGTGTAATGCTACTGATTGTGCCATGTGTTCTACCAATCCTGCTTCTACAAAATTTTCGTTATGATAAAAAATATTATCACTTTGTATTTTTAGTCCTGAAGTTAAAGATGTTTCGGTATAAGAATACAGTTTATCGACCATAACAAAAGGAAACTTTTGTGGCAACAAATTTTCTACAAACTCTTTTTCAAAAATAGCCTTTAATGTTTCCATATTTTTTAGCAAACAGTTAAATAAGCATAGGCATACGAAAAACGACCACTTTCTGGCACTGATAAAAGAATTTTGTCTCCTTTTTTAAGTGTTTCAGAATTCATTAATTCATTTAATGCTAAATATATTGAAGCCGATCCTACGTTTCCTACTTGTGCAAGGTTCATAAACCATTTTTCGCTTGGAATTACCATTCCGTTTTCGGCGAAAGATTTTTTTAGCCCTTCAACAAAATAATGAGAGGAAACATGGGGCAAGAAATAATCTATTTGATCTGCTGAAACCTTATTTTTATCTAACGCTTCTTTCATGCTTTGCGCTCCTTTTATTAAAATGTTTTTGTCTAATAATTTTACGTCTTGTTTGATAGAAAATATAGATTCGTTGAGCCATTGCTCAGGATGGTAATCACTCCAAGGTTTTAATTCTCCGTTTTCTAATTTATCGCCACCCGCATACATACAAACTTCGAGTTCGTGAGCGTAAGAGAAGGCTTCCATCCATTCTATTTTGAGTGATATTTCGCCTTTTGGTTCGTTTTCTAATAGGAAAGCGGCTGCTCCGTCAGACAACATCCAGCGTAAAAAATCTTTCTTGAACGCTACTATGGGTTGTTCTTCTAGGTGTTTTAAATTGGCAACTTCTTGTTCGTATTTTTCAGATTTCATCCAAGTAGATACTTTTTCTGAACCTGTACAAACTGCGTTTTTTGTGTTTCCAGATTTTACCGAAAGGTAACCGAATTTTAATGAGTTCATTCCTGCACAACAAACTCCTGTTGAGGAATTTAGCTCGACCGATTTGTTTTTTAACAATCCGTGAACCATCGCTGCGTGAGATGGCAAGAATACATCTGGTGTAGATGTTCCGCAGGATAATAATTGCATGTCTTGGGCTGTAAAACTTTCGTCAAACAATTCAGTTATGGCGTTTTTTGTTAGTTCGGCATTGCTGTGTGTGCTATTTCCGTTTTCATCAATTGCATAATAACGGGCTACAATTTTGTTGTTGCGTAAAATTATTCTTCTTGCTTTAGATGTTGCTTCATTTATAAGACCCAAAAAGTTTTCCATCTCATCGTTCGAGATTACTTTGTTTGGTAAATATTTTCCAGATTTTGTAATGTAAACATCAAACATAATATTATTATTGTATTTTAAACGCCTTGATAATAAGCTTTTTCTCTTCTAATTTTTTTAATATAAAATGGATATAAAAAAAGATGCAATATATACACAATTGGTGAGATTAACCAGATTGCAAGCCACAAATAGATATTAAATATTTTTAGCCATATTTTTCTTGATTGTTTTTTATTATTGATAATATTAGACCATTTATTAAAGATTTTGTTAGCTGTTTTGTCAACTTTAACTAAATAGGAACTTATTTTTACGGCCTTGCTTTCTAATAATTGGGCTTGAAGGTTATCGAAATTATTGTTTTGAAGGTTTTTGAAGATTATTTCTCCAAATTTTGATGATTCGACAATATCTTTTTCGGAAACTCCTGGCAAAGGAAAAATACCTAGGTATTTCTTTTTTACTCCAGAAAACATCCATTCTACAATGGTAATCACGCTTATTAAATTACCTACTCTATCTACCAATGCTATATTTCCTTTAAGTTGTGCATTGTTGCTTTTTAATAAAACTTTAATTTTTTCTTGTGCCATAACCCACATATTTCTAGAACCGCTGATGGTTACAACTGGTGTATTATTGAAAAGTGTTTTGGCTTCGGAGCTTTTTAGAAATGAATTAATTGGAATAGATGGCGACAAATACCAAACTTGATAATGCAGAAGGATTAAATCGAATTTTGTGTTTAATATTTCGGTGGGAACGGGTTTTAAAGAAGTTGGTATTTGCAAAAAAGATTCTGGAAAAGCATCAAAAAAAGCGTCTTTATTCCATGGAAATGGGAAAGGTTTTTCTAATTGAATTTCGTGAAACACTACATTAACCTCATCAGAATTTAATAATGGTTTTGCAATATTTCTTGCAATAGATTCTAATTGCC
NZ_CP176805.1_gap50	1924231	1926684	2453	AGACCTTCGACCTTCGACTTTAGACTATATTGAAGTTTTTACCACCCGCCCCGATACCATTTTCGGAGTTACGTTTATGACCTTAGCACCAGAGCACCCTTTAGTTCAAGAAATTACCACGCCAGAACAAAAAGCAGCTATCGAAGCCTATATCGAAAAAACCGCAAAACGTTCCGAAAGAGAACGCATGGCCGATGTAAAAACCATTTCAGGAGTGTTTACAGGTGCGTATGCCGAACATCCGTTTACCAAAGAACAAATTCCAGTTTGGATAGGCGATTATGTACTGGCAGGTTACGGCACAGGAGCCGTGATGGCGGTTCCTTGTGGCGACGAAAGAGATTATGCTTTTGCCAATTTCTTCAAAGGACAAAACGGAATGCCAGAAATAAAAAATATCTTCGATAATGTAGATATTGCTACCGAAGCTTATGGATCAAAAGACAATGTGATTATTGCCAATTCGGACTTTTTGAACGGCTTAAATTACAAACAAGCGACCAAAAAAGCCATTGCAGAATTAGAAACATTAAACCAAGGAAAAGGAAAAACAAATTACCGTTTGCGTGACGCTGTTTTCTCTCGTCAACGCTATTGGGGAGAACCGTTTCCGGTATATTATGTGAATGGTTTGCCACAAATGATCGATGCCAAACATTTACCAATCGCTTTACCAGAAGTAGAAAAATACTTACCCACCGAAGACGGATTACCACCATTAGGAAATTCTGCCAAATGGGCGTGGAATACAATAACAAACGAAGTCGATTTTAATGAAAATATTAACAACACAACCATTTACCCATTAGAACTAAACACCATGCCAGGTTGGGCAGGTTCTTCGTGGTACTGGATGCGCTACATGGACCCGCACAACGACAACGAATTTGCCTCGCCAGAAGCAATTAAATATTGGGAAAGTGTCGATTTGTACATTGGCGGAAGCGAACACGCCACAGGTCATTTATTATATGCTCGTTTTTGGAACAAATTCCTAAAAGACAAAGGGTATGCACCAACCGAAGAACCATTCAAAAAATTGATTAACCAAGGAATGATTTTGGGAAATAGTGCATTTGTTTATAGAAGTGAAGATTCCAAAAAATTGTATTCTAAAGGCTTAATTTCTGATAAAACAACACAAGCCATTCATGTCGATTTAGCTATTATCAATGAAACTACTAATGAATTAGATATCGAAGCTTTCAAAAAGCATCCACTATATTCTGATTATGCTAATGCTGAATTCATTTTAGAAAACGGAAAATACATCGTCGGTCGAGAAGTCGAAAAAATGTCAAAATCGAAATACAACGTAGTCAATCCAGATGATATTTGTAACGAATACGGAGCAGATACGTTGCGTTTGTACGAAATGTTCCTTGGGCCACTAGAACAATCAAAACCTTGGAACACCGCAGGAATTACAGGTGTTTTTGGTTTCTTAAAAAAATTATGGCGTTTGTATTTTGATGATAACGGACTAATTGTAACCAACAACGAACCATCGAAAGAAAGCCTGAAATCGTTGCACAAAACCATCAAAAAAGTCACAGAAGATATCGAGAATTTCTCTTTCAATACTTCGGTTTCGCAGTTTATGATTTGTGTAAACGAATTGGGAACACAAAACTGTCACGAAAGAGCCATTCTAGAACCGTTAGCCATTATTCTTTCGCCTTATGCACCACATATTGCCGAAGAATTGTGGAGCCAATTAGGAAATTCAGAATCAATATCAACAGTAGCTTTTCCTATTTGCCACGAAAAATACTTGGTAGAAAGCGACAAAGAATATCCTGTTTCGTTTAACGGAAAAATGAAATTTACCATCAATTTACCTCTGGATTTAACACCCGCTCAAATAGAAGAAATTATCATGAAAGACGAGCGAACTATCAAACAATTGGATGGAAACACACCTAAAAAAGTGATTATTATTCCTGGAAAAGTAATAAATTTAGTTGGGTAATTTTATAATTGATTTTTGAAATTGCCATTGAAATTTAAAACCGTCAAAATGACATTTCTAAATTTTGGTTTCAAATTTGATAATATTTACATAACTTTATAATTCAATACAAAAACAAAAATATGTATAATTTACCTTCAATGATTTTAATGGGCGCAATTATGCTAGCAAGCTGGCTAGTGAGTTCACGACTAAAAAGTAAGTTCGAACATTATTCGCATTTGCAATTGCAAAACGGAATGTCAGGAAAAGAAATTGCCGAAAAAATGCTCGCCGATAATGGCATTGGTGATGTAAAAGTAATTTCGGTGGCAGGACAACTCACAGATCATTACAACCCTGCGGATAAAACAGTAAATCTGAGCGAAGCAGTGTATAACCAACGAAATGCAGCCGCAGCCGCAGTTGCAGCACACGAATGCGGTCACGCAGTACAACATGCCGTGGGTTACCAATGGCTAACTATGCGATCTAAACTAGT
NZ_CP176805.1_gap51	2017864	2020318	2454	ACATTTCAAAATTTGAATTTCATCATCGATAAACCTGTAGATTAATCTATGTTCATCATCAATTCTTCTTGACCAAAATCCAGCATACTTGTGTTTCAATGGTTCTGGTTTTCCTATTCCTTCAAAAGGATTTTTTGAAATATCTTTGAGTAGATCATTTATTTTTTTAACTTTCTTCTTGTCAATTTTTTGCCAATACAAATAATCTTCCCAAGATTCATCAACAAATACATATTTCATTTTATTCCTCAATTAAGTCTTTAGAAAATGACTTACCACTCTTAAATTTATCAATAGCAGAATCTAACCTACTTTCGTTAGTTCTGTTTGATAATTCATAATTTGTTGCAATTAGTGAATTATATTCTTCAAGTGAAATAACAACAATCCCTGAATCTTTTCCACGATTTATAATTAGAGTTTCAAAGTTTATTGCTACTCTATCAAAGTAAGATTTAATATCTTTTCTGAAATCTGAAATATTTGCTACTACCATAATTACTATAATTTGTACAAATATATGTACAATATTTTGATTTTACGCAATATTCGTCAAATTATTACCGCTAACGTCAGTCTGTGAAAAAAACCCATAAACTCCATCAAATATAACTAAAAAAAATAGTTTAAAAAGAATAAATTCCGTGTTTTTAAACATGCAACATATACAAGGAATCTCCCGCCATCAGCTACAAATAACCAGTTTAGAAGACAAAATAACTCTAGATAATCTAGTACGTTTTATAGATGCTTTTGTTACTTTAAATAATTACACCCAACGGGTTAAATACAATAATAAATAAAATTTTCTTTGGCATATATATTTTATTCTTTTTTATACGGTTTCTTTGCGTTTTGTGTAGCTCGATGGTTTCCTCCAACACGATGCTTTGTGAACTTCGTGAAAAATTTTGTGTTCTTTTCGTTCTTTGTGTTTAAATATCCTTATTCTAAAACCGAATAATCGCCTATACTTATACTTGTAAAATCGCCATCGAAACGGGCATGATTTCCTATCATTGCATTGTTTAATTTAGCATTTTTTAGGTGTACATGAGTTTGTACTAAGCTGTTTTTTATGGTGGTATTTACCACATGTGTTCCTTTTCCTAAGGATACATTTGGACCAACCGTTGCGTTTACTAAAACAACATCTTCACCTATATAACATGGCGGTATAATGGTCGAATTTTCTAATTGCACGCCATAATCTACTAGATGTTCTCCGTCATTGTGAAGGAAACCGAGCATACGAGAATTGGTTTCAACGGTGACCTCTTTGTTTCCGCAATCCATCCATTCATCTACTTTACCCGGAACAAAAGTCATGCCTTTTGCCATCATTTGTTTTATACCATCATTTATTTGATATTCTCCACCATGAATAATATTATTATCTAAAACTAATTGCAATTCGTTTTTAAGTACCGCAACATCTTTAAAATAGTATATTCCTATAACGGCAAGATCTGAAACAAATTCTTTTGGTTTTTCTACTAATTCTACTATTTGGTTTTTATCATTTAGATTTATTACTCCAAAAGCTTCTGGTTGGGCTACTTGTTTTACCCAAATAACAGCATCGGCAGTTTGGTCTAGATCGAAATCGGCACGAATTAATGTGTCGGCATAGGCAATAACTGCTGGGCCGGAAAGAGAATCTTTTGCACACATGATGGCGTGCCCTGTGCCTAGTGCTTCGTTTTGATAGTATATAGTTCCTTTTGCGCCTAATTTTTGTGCAATGGCAATGAGTTCTTCTTCTACTTTTTTGCCAAAACTTTCGTGAATAATAAAGGCTACTTCATCTATAGATTGGTTTAATACGCTAGCAATATCTTCGACTAAACGATGCACAATTGGTTTTCCTGCAATAGGGATTAATGGTTTTGGTATTGTTAGGGTGTGTGGGCGAAGGCGTGAACCACGACCAGCCATTGGTACTATTATTTTCATTTTTATTTTTTTTTAACCGCAAAGTTGCAAAGGGTTTTTATTTAGCTTGTTACAAATTTATTTTACTCCTGTACTTCCAAAACCGCCTTCGCCACGTGAAGTTTCTGATAAATCTTGAACTTGAATCCACTCTGCTCTTTCGTGTTTGGCGATGATGAGCTGGGCGATTCGTTCGCCGTTTTCGATTACAAAGGCTTCGTGGGATAAATTTACTAAAATTATGCCAATTTCTCCTCGGTAATCGGCATCGATTGTTCCTGGTGAATTGAGTACTGTGATTCCTTTTTTGAATGCCAATCCGCTGCGTGGTCGTACTTGTGCTTCGTAACTTATGGGCAATTCGATAAAGAGTCCTGTTTTTACAAGGGTTCTTTCTAGTGGTTGGAGTGTTATTGGTGCTTGAATATTGGCACGCAAATCCATTCCTGCTGAACCAATGGTTTCGTAGTTGGGTAATTCGTGTTGGGATTTGTTGATTATTTTTATTTGCATTTTTTA
NZ_CP176805.1_gap52	2179457	2183548	4091	AAGAATTTAATACTACTGCCGATGTAATGGATAAACTTCAAGCAACAGGTAAAAGTGCATCAAGAAACCTTGACTTAATGGATTTCTTAGAAGAGCAGATGAAAAAATTAGGTTGCCATAACTAAATTAAAATCACATTTCAAAAATGCATCAATGTAACCACAATTGATGCTTTTTTTTCGTTCAAGTCTAAAAATAAAACAATTTTCTACAACAAACTTTGCTTAATCCTATTGATTTCTTCAAGTTTTATTAAGAAAAACAGGATTTTAAAAAAATTAAAAAAACAGTTCCAAAACTGCCTAAATTTTGTTTTAAAGCATTATTTTTGAAAATTGCACTAATCTTTAAAAACCTAATCCAAAACCAACGCAAATGTATGACTTTTAACGAAAATACTAGGGTAAAAATACCTACTATACTTCACTTTGTGCGTTTAGGTTATGAATACATTTCATTAAAAAATGTAATTCGTGATGAGCAGACGAATATTTTTACAGAAATTTTCACTAAAAGCATTTCAAAAATAAATGATGGTATAGACCCTGACGAAGTCAAACGTCTGCTTCAAGATGTTTCTTTGCTTTTGGATAACGAAGATTTAGGACAAGCATTTTATCAAAAATTAACCGCCAAATCGGGAACTCGATTAATAGACTTTGAAAACTTTGAAAATAATACTTTCAATGTTGTAACTGAACTAACATACAAAAACGGAGACGAAGAATTTAGACCCGATATAATTTTATTGATTAATGGAATGCCTTTGGCTTTTGTAGAAGTTAAAAAGCCAAATAACAAAGAGGGAGTTTTGGCAGAAAGAGACAGAATAAATACTCGCTTCCAAAACAAAAAATTCAGAAAGTTTGTAAACATTACGCAGTTAATGGTTTTCTCAAATAATATGAAATATGATGATTCTGAAATTGAACCAATTCAAGGTGCATTTTATGCAACATCATCTTACTTCAAACCGATATTTAATTATTTCAGAGAAGAACAAAATTTAGATTTAGCAACTTTATTACTTCCCGAAGACGATGACCTAGAAAATTTTGTTTTAAAAGATAATAATTTAGTCTCAATAAAACATTCGCCTGAGTTTATAACTAACAAAGACCCAAACAATCCCACAAATACCGTTTCGACTTCTTTGTTCAGCAAAGACCGTTTAAAGTTTACACTACGCTATGCTATTGCCTACGTTAAAGAAGAAAAAGGCTTGGAGAAACACATTATGCGTTATCCTCAAATTTTTGCTACCAAGGCTATCGAAAACACCATTGAAAACAATATTAAAAAAGGAATTATTTGGCATACACAAGGATCGGGCAAAACTGCCCTAGCCTATTACAATGTTCAATACTTAACCGATTATTTTCAAAGTAAATCAGTTATTCCAAAATTCTATTTTATTGTTGATAGACTGGATTTAATGGTACAAGCTAAACGTGAATTTACTAGCCGTGGTTTGACCGTGCATACTGTAAATTCAAGAGAAGAATTTGTAAAAGGCATCAAAAACCAAAGTGCTATTCACAATCTGACTGGTAAACGTGAAATTACGGTCGTGAACATTCAAAAGTTTAGCGAAGAATCGAGTATTGTATCTCAAAAAGATTACGACATTAACATACAGAGGGTTTATTTTCTTGATGAAGTGCACAGAAGCTACAACCCAAATGGCAGTTTTTTGGCAAACCTAAAAAATTCTGACTTAAAGGCAATAACTATTGGTTTGACTGGTACGCCATTAATTAGCAATAATCTATATTCTAAAGCCATTTTTGGCGATTACATACACAAATATTATTACAATGCTTCGATTGCTGACGGTTATACTTTAAAACTCATTCGTGAAGAGATAGAAACCAATTATAAAATCATTTTAGAAGAAACGCTAAAAAGTATCGAGGTGCTTCAAGGCGATACCGATAGAAAATTGCTCTATGCACACGAAACTTTTGTAGAACCGTTATTGGATTACATTGTTAGCGATTTTGAAAACAGCCGTTTTACGTTTGCAGATAATTCTATTGGCGGAATGGTCGTTTGCGACAGTAAACTACAAGCCGAAAAACTCTATGAAATATTTATAGAAAAGTATGCCGATAAATCTAAAATTATTGGTTTTGAACAACTTGGAATGGTTGCCGAACCACCAAGCGAAAGTTATGGAAATTCAAAAAATGATAAGTTCAAAGTAAAAACTGCCTCATTAATACTTCACGATGCAGGAACAAAACAAGAACGAGAAAAAGCCGTTGAAGACTTCAAAAATGGAAAGATAGATTTGATTTTTGTTTACAATATGTTGCTTACTGGTTTTGATGCCAAGCGGTTAAAAAAATTGTATTTAGGCAGAGTAATAAAAAATCATAACCTATTGCAAACGCTTACTCGAGTAAACCGTCCGTATAAAGATTTTAGATATGGTTTTGTAGTCGATTTTGCAGACATAAGCAAGGAATTTGATGCGACCAACAAAGCCTACTTCGAGGAACTACAATCGGAATTAGGAGACGAAATGGAGCATTACACCAATCTATTCAAATCCAAAGAAGAGATTGAAGCCGAGATTAGAGAAATAAAAGAAACGCTATTTCATTTTGATACTAGAAACGCAGAAATTTTTTCGCAACAAATTAGCGAAATCAAAGACCGCCAACAAGTGTTGGAAATTGTCAAAGCATTGGGCAATGCTAAAAATCTATATAATTTAATTCGTTTTTTTGGACATTTTGATTTGCTCGAAAAAATCGATTTCAAAAAATTAACGCAACTATACACCGAAGCATCAAATCATTTAGCATTACTAAATACCAAAGAAGCATTAGAAAACAATATTGACACCACCAATTTATTGAATGTGGCTCTTGAAAATGTTATGTTTCTGTTCCGCAAAATTTCGGAAGAAGAATTGGTAATTGCTGACCAGTTAAAAGATACTTTACGCAAAACTAGAGAAGCATTAGCCAATAATTTTGATAAAAAAGACCCTGAATTTGTTACGTTATATGATGAATTGAAACGTTTATTCAACAAAAAGAATTTAGACGAAATTACACAAGACGAAATGAAACACAACATTGGGGCATTGAACCTTATTTTTAATAAAGTGAGTGAATTAAACCGAAAAAATAATTTGCTTAAAGCAAAATATGAAAGTGATGCCAAATACTGCCGTATTCATAAACGAATTGTAGAACGTGGCGGAATTACAAAACGTGAAAGCGAATTGTTTGAAGCCTTGCAAGGCATAAAAGCAAACGCAGACGATAAAGTATTACAAAACAGCAAGTTGCTAAATAACGAAAGTTATTTCGATTCGATGATGATGCAACTAACTTTAAATCAGTTTCTTAACGTGAATAAAATTAATTTAGATGATAATGCATCGGATTTTATTAATCATCTGGTAGTAAGAGAATATATGAATGAATATCAAGGAAAATCGCAATGGTAACAGCCCAATTTGAAAATAAAACCAAATTACTTATAGACAGTCTCAAAGGCGTTTGTGCATCGTACGGACTTGGAAACGATGGCAATGAATTTAAAATCATTACCCAAGTTTTCTTGTATAAATTTATGAATGATAAATTTACGTACGAAATAAAAAAATTAGATAAAAAATTAAATTCAGCTGAAAGTTGGGAAAAAGAAATTGCTAGTTATTCCGAAGCAGAATATAAAATGTTGCTAAAACAATTGGGTGCAGACACTGCTCGATTGAGAAAAGACCATTACATTTCGTATTTATTCGATAAACAAAACCAACCTGAATTTGCCAAAACTTTTGATGATACGCTTCGAGATATTGCCATAACCAACAACGATATTTTCTCGGTAAAAACCGAAGGTGGTTCAAAAATAACTTTGTTTGATAGAGTGAGCGAGTTTATTACCGATACTTCCAAAAGAGACGATTTTTGCAGAGCAATAATCAACAAATTAATTGGTTTTAGTTTTGAAGAAATTTTCAATCAAAAATATGATTTTTTTGCAACCGTGTTCGAGTATCTTATTAAAGATTACAACAAAGATGGTGGCGGAAAATATGCTGAATACTACACCCCACACGCAGTAGC
NZ_CP176805.1_gap53	2207049	2208850	1801	TGTAAATTTTGCTAATTTAAACAGAAACGAATTGCAAATTACTTCGTTTACAAAATCGAAAGAAGCGCTAAAAAAATTACAGCAAAAAGAAACCATCAAACGGTATCAGTTTATTAATGAAGTTCTAAAAGTTGGACAAAAAATAGATTTGGCTTCTGCCAAAGGTTTGCGAAGCAAACTTGACAAAATACTCATGCACAAAGTATTTGGTTATGTCATTTTTTTCTTGATTCTGATGCTTATTTTTCAATCTATTTTCGATTGGTCTAGTATCCCAATGGATTTTATAGACACTTCGTTTACCGCCTTAAGCTCATGGACACAATCTAAATTACCCGCAGGAGTTCTTACCAATCTAATTGTGCAAGGAATTATTCCAGGTTTGGGCGGAATTGCTATTTTTATTCCACAAATTGCCTTTTTATTCCTATTTATTTCTATTCTCGAAGAAAGCGGTTACATGAGTCGTGTTGTTTTCTTGATGGATAAATCGATGCGAAAATTTGGTCTTTCTGGCAAAAGTGTTGTGCCACTTATTTCGGGAACCGCTTGTGCAATTCCTGCTATCATGGCAACAAGAAATATAGAAAACTGGAAAGAACGACTTATCACAATTTTAGTTACACCGTTTACTACTTGTTCGGCAAGACTACCTGTTTATGCTATTATCATTTCATTAGTTATTCCAGACACTAGGCTTTTTGGCTTGTTTAATCTGCAAGGACTTACACTAATGCTATTGTATTTGTTAGGTTTTAGTATGGCGTTTTTTTCTGCTTGGATTTTGAATAAAATTTTAAAAATTCAATCGAAATCGTATTTTGTTGTCGAAATGCCTAATTACAAGCTGCCTATGTTTAAAAATGTAGCAATAAATGTGATCGAAAAAACAAAATCTTTTGTTTTTGGTGCAGGAAAAATAATTTTAGCACTTTCGGTAATATTATGGTTTTTAGCTTCTTATGGGCCTGGTGAAAATTTTAAAAATGCGAGAGAAATTGTTTCAAAACAAAAATCTTCGACAAAAAATTTAGAAAATGACATCGCTTCGTACAAATTAGAAAATTCTTATATAGGAATCATAGGAAAATCGATAGAACCCGCCATTAGACCATTAGGCTATGACTGGAAAATAGGTATTGCCATTGTAACTTCCTTTGCAGCAAGAGAGGTTTTTGTAGGCACATTAGCTACGATTTACAGTATCGAAGAAACTGGTAACCAAGAGGCTACGATAAAAAATAAGTTATCTGCCGAAATAAATCCCATAACAGGAAACAAGCTATTTAACTTAGCTTCAGGTATTTCTTTACTGCTTTTTTATGTTTTTGCCATGCAATGCATAAGTACACTTGCTGTAACTAAAAAAGAAACAAATTCTTGGAAATGGCCGGCTATTCAGTTAGTGTTTATGAGCGGATTTGCTTATACCGTGGCGTTAATTGCATATCAAATCTTAAAATAATGACACAAGAAATTATTGCGTTTTGTTTGTTAATTTTTGCAGTATCTTTTCTGTATAAGACATATTTTGGCAAAAAAAAAGATAACAATTGTGGCGGAGATTGTGGCTGTAAATAATTTAGCTACTCAAAACTAATCTCCAAACGATACGTTTTTCTGTGTAAAGCAATATTTTTTATAGGAAATGGCAAAACTAAAAGTATTCTTTTTTTGTAGAAATTAAAAACAGCCCTTTTTAAGGAATGCCTAAATAGATTTTTAAAACACCTTAGTATTATAGCTAGGACGACCTTATGCTTTAGTGGTTTGAACAGTAAAATCAAGTTTTTATAGGTCT
NZ_CP176805.1_gap54	2210265	2211308	1043	ATTAACAACTAATTATGAAGTTAGATTCAAAAATACCAGAAGGTCCAATTGCGGACAAATGGACAAATTATAAAGACCACTTAAAATTAGTAGCGCCAAATAACCGACCTAAAATTGATGTTATTGTCGTGGGAACTGGTTTGGCCGGATCGTCGGCCGCAGCATCATTAGCAGAAATGGGATACAATGTAAAAGCATTTTGTTTCCAAGATTCGCCTCGTCGTGCACACTCAATTGCTGCGCAGGGAGGTATTAATGCTGCTAAAAACTATCAAAATGACGGAGATAGTACTTTTAGATTATTCTATGACACCATCAAAGGTGGAGATTATAGAGCTCGTGAAGCAAACGTACACCGTTTAGCAGAGGTTTCAGGAAATATTATCGACCAATGTGTGGCGCAAGGTGTTCCTTTTGCTCGTGATTACGGAGGGAATTTAGATAACCGTTCGTTTGGTGGTACACAAGTACAACGTACTTTTTATGCTGCAGGACAAACAGGACAACAATTACTTTTAGGAGCTTATTCATCTTTATCAAGACAAATTGGTCAAGGAAATATAGAAATGTTTAACCGTCACGAAATGCTAGATTTAGTAAAAATAGACGGAAAAGCACGTGGGATTATTGCCCGTAATCTAGTTACAGGAGAAATAGAAAGACATTCAGCTCATGCTGTTATTATTGCCACTGGAGGGTACGGAAATGTATATTTCTTATCAACAAACGCCATGGGAAGTAACGTAACTGCTGGTTGGAAAATACACAAGCAAGGAGCTGCTTTTGCAAACCCATGTTATGTGCAAATTCACCCAACTTGTATTCCAGTACACGGAACCAATCAATCGAAATTAACATTAATGTCTGAGTCTTTAAGAAACTCTGGGCGTATTTGGGTTCCTAAGAAAAAAGAAGATGCAGAAGCTATTCGTGCTGGAAAATTAAAACCAACACAAATTGCTGAAGAAGATAGAGATTATTACCTAGAAAGAAAATATCCTGCTTTTGGAAACTTAGTACCTCGTGATGTGGCCTCTAGAGCC
NZ_CP176805.1_gap55	2217817	2219997	2180	TTGTATCTGTTTCGAGTTTGTTATTCAGTTTTGTGATTAACTCGTTCAATTTTTTTTCTTTTTCTTCAAGAGTATTTATAGTATTGCTAATTTCAGTTCGTTTCGATTTGTAATAATCGACCATTTTTGTCAATTCAATGACGCTCAACCCAGAATTTTGACCAAAAACCTGTTGATTCTTATCTAATAATTCGATGGTTTTACTTTCGGAATTTCGGGAATTGATAACTCGATTTAGTTCTTTTTGAACCAAAATAATACTGTCTTTTACTTTCTTAATCGCTGGCGAATTTTCATTGGTATCATATTCTGACATGTAATCGTTTGTAAATTGTACCGAAAGCACCGTTAGCGATGATGGTGCGCCAATTTGAACCGAGTTTTCATTCAAATAATTGGCAACATTTTTTACCACAATTTCACTCGTTCCAGAAGGTAACTGGACGTTTGTGCTTTGTGAAATTTCGGCCGCATTAAAATATACAGTTGCCGATTTTACTTTGGCAGAAACAAAAATAGGTTTCTGTGCAAATGATATTACCGAAACCAAAACAGTAAAAATTAGAATTATATTTTTCATAATACATGTGTTTATTTATATAGAGTACTTTTTTATGCAAAAGGTTGGGAAGGCGTAAAATTAATGTTTTTTTGACCACAGATTTGCAAATTGAAAATTCATCAAAATCTGCGAATCTGTGGTGAAAGGTTAATTAAAATCAAAATCGGTAAAAAGAGAATCTACTGCAATAGAATCTTGTACTTTAAACTTCATGTGTTTTCTGGCACGACCCGAGATAAAAACAGGCATTTGCTGTCCAATCGTATCTTCTGGCGTTAATAATCCTCTACGCAACATGAGTTTGCTCATAAATTCTTCGTGTTTGTTTGCAAAGGATTTTAGTTTTCCTTGGTCATCAAACTGATACATAAATTTTTTAGGTTTAGGTACAATCGATGCTAGAAATAAGCATTCTTTTAAACTTAAATCGATTGGTTTTTTCTGAAAATAAAAAGACGATGCTTCTCCAATTCCATATACATTTGGTCCCCATTCTATGACATTAAAATACACTTCGAGCATGCGTTCTTTACTTGCAATTCGGTTGTTTTCTAACAAGTAAACCAATAATATTTCTTCCAATTTTCGGGATAATGTTTTCTCACGGGTTAAAAAAACATTTTTTATTAGTTGCATGCTAATGGTACTGGCACCTCGAGAGAATTTTTTTGTTCTAATGTTTTTAGTAATCGATTGTTTGAAAGCCTCATTTATAAACCCGTGATGAGAGAAAAATGAAGGGTCTTCAGATGTGAGTACACATTTTTGAAGGTAAGGCGAAATTTGGTCTAAAGGCGTAAAATTAGGATTAGAATTTCCTACTAAAATAGGACGTTGCAATACATTGTTTTCGATTGCTCGATATACAAATTCTTCATTTAGTTTGTTCAAATTAGCTTCGCCATATTTTACAATTTTAAGCCTTTCTTTATTTAAATTACTATCAAAAACTAAAGCGTTTGGTTTGTTTTTGTTGTATTTGAAATTGAGTTTATAATCGAAATTTCCTTCGGTTTTCATTCCTGTAAAATGGGTAAACAATCCGTTAGGAAGCGAAGAAATAAAATCTTGGGCTTTCATTTTCGGAATCAAGATTTTAAATTTATAAATAGTGTCTTTTTCAGTATTATATTGGGCAAAAGGTTTCAGTTTGATCTTGTTTATTTGTGCCGATGATGTACTGTCTATCGACACAAAATCGCTTCCTAGTAGAAAATGATAATCGAAACTAGCCGTTTTTATTAAAACTTCTTTTTTGGCAATTTTAGGATGATTGATGGTAAAATCTTCTACCGAAACCAATCCGTCAAGATGAAGCTCGTTGCTTTCTAAATCGAATTTGTCTAATTTTAGGTTAACGTTTTTGAAACTAGATTTAAATCCAAAACGCTTATAAACATAAGGTAATTGTATTTTTGAAGTGTCGTTATTGTAAATTTGTACATTTGCTTTTTTGGCTCTAGGATTTACAAAACCCGAAATATTCCATTTTTGCGAGCACTCACTTTCGGTAACATTAATATTGGTTTGTAGTTGATGGTTTTTTAGTTCTAATTTGGGTAATTGCATGGTTACTTTAATTCCCAAATCGTCCATTCGTAATGATATGTTCTCGAAC
NZ_CP176805.1_gap56	2221255	2224895	3640	ATTTCAAGACTTGCTTCTTCTTTAATTATCAATTCATGTTTCATTGATTTGCTAATCTTGCATTGGATTTAACTTGTTCCCAAGAGTAGGATTTCGTTTCGTTTTTTAAATGCAATTCCCTTCTTTTGTCTACTATTTCATACTGTTCGGGAGTAAGATTTATGTCATGTTCTTTTTCAAGAATAGCACGCATTTTTTTTAATACAGATTCGTTTCTTGTATTTAGAAGCAACTCAATTAATTCGATTTTTTCTAATTGCAAATCCATAACAAATAATTTTTATACTCAAAGATACTAATTTTACCCAAACAATTCACTTACAATATCTTCAATTTTTGCCACTAATTGTATTTTGATTCCAGTGTTTTTTAATGAAATTTTATTGTATTTAGATACGTAAATGGTCGAAAAACCTAATTTTTCTGCTTCTTGAATGCGTTGGTCGACGCGATTTACCGGACGAATTTCGCCCGAAAGTCCTACTTCGCCTGCAAAACAAAAATCTTTATTAATAGGAATATCTTCGTTAGATGATAATATGGCAGCCACAACGGCTAAATCTATCGCAGGATCATCTACCGAAATTCCGCCAGTAATATTTAGGAAAACATCTTTAGCTCCCAAACGAAATCCGGCTCTTTTTTCGAGAACAGCGAGAATCATATTGAGTCGTTTGGCATTGTAGCCTGTGGTGCTTCGTTGCGGTGTTCCGTAAACAGCGGTAGATACTAATGCTTGAATTTCTATCATCAGTGGCCGCATTCCCTCTAGCGTTGAAGCAATTGCAGTTCCGGATAATTCTTCGTTTTTGTGCGATATCAATATTTCTGATGGATTAGAAACTTCTCGCAATCCGGAACCTTGCATTTCGTAAATACCGAGTTCGGCTGTAGAGCCAAAACGATTTTTTAACGACCGAAGAATCCGATACACGTGGTTTCTATCTCCTTCAAATTGTAAAACAGTATCCACCATGTGTTCCAAAATTTTAGGTCCAGCAATGCTTCCGTCTTTGGTAATATGACCAATTAGGATAACGGGAACATTGGTTTCTTTGGCAAATTTTATGAGTTCGGCAGTGGTTTCTCGAATTTGAGAAATACTTCCAGGCGAAGACTCGATATAATCTGTATGCAATGTTTGAATCGAATCTATAATGACAATTTCAGGTTCTATTTCCTGAATTTGTCGAAATATATTTTGAGTTTTGGTTTCTGTTAATATGTAACAATTGTCGCCGTTTGTGGTAATTCTTTCGGCACGCATTTTTATTTGCTTCTGACTTTCTTCGCCTGAAACATATAAGGTTTTGTAGGGTAATTTTAACGAAATTTGAAGTAAAAGCGTACTTTTTCCAATGCCGGGTTCTCCTCCTAAGAGTATTAATGATCCAGGAACTATGCCACCACCAAGTACTCGATTTAGTTCGCCATCGCAAGTGTTCATTCGGATTTCTTGTGTGCTGTCTATTTCTTTTACTAAAAGTGGTTTAGAAGCTTTTTTTACTTCCGATGTTTCGGCTTTCCAAGCTACTTTTTCTTCTTTTTGAATAATTTCTTCAACAATGGTGTTCCATTCTTTGCAAGCGTTGCATTGTCCTTGCCATTTAGAGTATTGTGAGCCGCAACTTTGGCAAAAAAAAGATGTTTTTACTTTGGCCATTGTTATGGTTTTTTCTCTTCGGTTGGTGTTTCCGCAGGTTTTTCCGTTGGAGGTATATCTGTTGTTGGAGTGTCGCTTGCAGGAACGTCTTCGATGATTTCTTTTGCTTTGCCGCCTTTTAAACCTTTTGCTTTTACGGGAATTAATTTTTTTAAATCTTCCGCTTTATTCATCATCATTTCTTTTGTTAGTTCACGAATTTCTTCTTTCATGAAGGCATTTTGATAGAATTTTACAGCTTTTTTTATGTCGTTTGTTTTTTCGTAAAACATCGCCATGTGGTAATCATATAACATACTTTTTTCGTACTGCTGACCAGAAATTTGCGCCAACTCTTCATATCCTTTAAAGTCGCCAGTTTTTAAAATAGCAGCTTCGATGGCTTTAAAATCGCTTAATCTGACATTCATTTTTATGCCCAATGATTTTTGGATGGTTTCGTATTTGTCTGTAAGATATTTTGCATGACTATCTGGTAAGACTGCTATTTTTTCTTGATATTCTAAGGAAGAAATAGGTCTGTATATAGAAAAAATTTGGTATAAAGCGTTTGGAATTCCGTTTAAAACCAACGAATAATGTGAAGCGTTTTTGAAATCATCAAATTTGTAATTTAGTGATGAATTTTTTATTGCTGTAATATTTTTATCTAATGCTTTTATTTGATTTTGAAATTTTTTTAGATCACCATCAGCAGTTGCTTGGTAATAAAATAAAGGTTCTTTTGTAGCGGCTAATCTTTGAGGAATTCTTTCTGTCATTCCTTTGGCCAGTTCTGGGCTTAAAGAAATATAAGCATTAAATTGTGGAATCTCTTTGTATAAAAAAGAGTTTAGTAATCCTGCGGTAGCGTCTAGTCCTGCAATGATTTTGAAGGGTGCGATTCGGTATTTTTTTTCAAGGCTAGGTATTAATTCGGTAGCAATAAATTCAAAAAAAGCACCTCCTTTTGCAGAGGGCAAACCAGTTGCGGGGTCAAATTCAGAATCGTCGTAACGTTCTTCTTTTTTGTTTTGGTTTATTCCTACTAGGATAACTTCAGGAATATCGTCCCAATAGTTTGCAAAAGCAAGATTTCCTTCGAAAGGCGCAAATAGGTATTCGCCATCTAGGACTAAAATTAAGGGGTATTTTTTTTCTGTTTTTTTGTTGTATGAAGCGGGTAGTTTTATAGTTATTTCTCTATCGGCTTCTAATTTTGTTGAATGTATTGTTTGGGTAGTGGTTTGGGAAAAGAGCGCTATCGAAAAAAAAAGTGTTATTATTAGGAGTGTGTTTTTCATGATAAAAAAAATTATAAGTGGGGTGTTTTTGGAGTAGCAATATAATAATTATTTTCTATTTAAAATAGGAAGAAATAAAAATGACAAACCTCCTAAAACAATCATTAAAATGGTTTGTGATGCCCAAGTTAACCATCCAAAAGCAGTTCCCGCAGTGTCTGGAACGCCATAAAGCATAAAAATTTCGGCGATTAATAACGGATATACTCCAAAACCGCTATTTGTAAAACCTACGGCTAAGGTTCCGAAAACAAAGGCTATAATTACGGCACCAAAACTAATGTTACTGGTTTCTTTGAGTGCGAAAATGGTAACATAAAACATTAAAATATAAGTAAACCAAATAAAGAATGAGTGAAATAAAAATTTCCATTTTTGTTCCATTTTTAGTATGCTACTCATGCCTTCTATTAGTCCAGAAAGTTTTTCTTTAATAGCAGACACTATTTTCCAGTTAGAGTATATCCAAAGAAGAAGAAGCAAGACAAACCCTACAAACCCTATCGAGACTAATATGATTAAATTTTCGACAGGGATTTTAGTTAAAACGTAGTTTTTAAGAACATTAAATTGAAATAATAATGAAGCAAAAACAAATAGTAAAAAAATGAGCGTGTCTACCACTCTTTCTGCAACAATGGTTCCGAATGCTTTATCGAAAGGCATGTTTTCATAATTTTTAAGTACCAAAGCT
NZ_CP176805.1_gap57	2309265	2314254	4989	AGGAATTAAAATAAGAAATAATAATTTTTTCATGTTTTTTGTTTTTAATTAAAAAATTATGTGGTTTACAAAAGTAAGCTAGATTTAGAATAAATACAAATAATACTTTGTTTTTTTGAGATTGGTCTTTAAGTAGGTGTTGTTTCTATATGCCTACAATTGTCTGGTTTTGCTGTTCTTTTTGTTGTTTTTTAGCCGTTGTATTTGGCTTTGCAAACGATTAATTAGGTGCTAAAATTCATTAAAATATTGGTTAATATTCTTTTTTTATTTAGAAGCTTTTTTTATATAATGTTATGAATAGAAAAAGGTTAGCCGTTCGAAGCTAACCTTTTATTGTATAAAATATTTTTTTAAAATTACTGAACAATAATTGTTTTTGTTGCCTTACCTTGGTTTGTCATTACTTCTACAAAGTAATTTCCTTTTGCAAAGCTTGAAACGTTTGTTTCTAAATGATTAGTTGTTTTGATTAACTGCCCTAATGTGTTGTAAAAATTCACTTTTTGTAATTGTAAGCCCTCTTGCAAGGCTATGTTTAAAATTTCTGAAACAGGGTTTGGGTATATTTTTAGATTACTTTCTATCGCAAATGAATTGCTAGATAAAAAACCACCAGTAATAGGGCTAAAATCTTTCCAAACACCCGCTGCCTTATAAGCAGCTTCAGTACCCGCAACGACATTTAAAGCACATTTTGATATGTTAATTTCATCAAAACAATGTTCGCCAACAATATTTAAAGGTATTGTGATATAGCAATTTACTGTGGATACACGATTGCAATGCTTAAAAGCAGAATTTCCAATAGAAGTCACAGAATTAGGAATCGTAAGCGTTGTGAGGGACAGACAAGATTTAAAAGCAGAAGATCCAATATGAGTCACAGAATTAGGGATGATAATCGATTGTAGCTTGATACAATCTCTAAAAGCAAGAAATTCAATAGAATTAACAGAGTTTCCAATCGTAGCGGTCGTTAGGTTTTCACAATCCTCAAAAGCAGCATTTTCAATAACAGTAACAGAATTAGGAATAGTAACCGATGTTAAGGTGGTACATCTTTCAAAAGCAGATTTTCCAATAGCAGTCACGGCGTAGTTTTCCGAATTATAAGCTACTGTTTCTGGTATTTCTGCTGCTCCAGTAAAATTAGCGTTTCTAGCTACCTTAACAGTAAAAGGAGCTGTTGAAGAAGTAATAGTATAATTTATACGGTTTGCTGTAAAATCTTGTGCTATTCCTAAAAAAGGAATTAAAATAAGAAATAATAATTTTTTCATGTTTTTTGTTTTTAATTAAAATATTATGTGGTTTACAAAAGTAAGCTAGATTTAGAATAAATACAAATAATACTTTGTTTTTTTGAGATTGGTCTTTAAGTAGGTGTTGTTTCTATATGCCTGCAATTGTCTGATTTTGCTGTTCTTTTTGTTATATTTGGCTTTGCAAACGATTAATTAGGGACTAAAATTCATCAAAATATTGCTTAATGTTCTTTTTTTTATTTAGAAGCTTTTTTTGTATAATGTTATGAATAGAAAAAGGTTAGCCGTTCGAAGCTAACCTTTTATTGTGTAAAATATTTTTTTTAAATTATTGTATAATGATTGTTTTTGTTGCCTTACCTTGGTTTGTGATTACTTCTACAAAGTAATTTCCTTTTGCAAAGCTTGAAACGTTTGTTTCTAAATGATTAGTTGTTTTGATTAACTGCCCTAATGTGTTGTAAAAATTCACTTTTTGTAATTGTAAGCCCTCTTGCAAGGCTATGTTTAAAATTTCTGAAACAGGGTTTGGGTATATTTTTAGATTACTTTCTATCGCAAATGAATTGCTAGATAAAAAACCACCAGTAATAGGGCTAAAATCTTGCCAAATTTCCGTTGCCTGATAAACGGCTTCAGTACCCGCAGGTACATTTAAGGTACATGCTGATTGATTAGTATCTCCAAAAACATTAGGATTAATAACTAATGGCGTTGTAGTGTAACAATTTATTGTAGTTAGACTAGGACAAGAATTAAAAGCATAATCTCCAATAGAGGTCACAGAATTAGGAATTGTAACTGTTTTTAGAGCAGCACAGTTGAAAAAAGCATTATATTTAATAGTAGTTACAGAATTAGGAATGGTAATCGATGTTAAACCCGCACAAGCACCAAAAGCGGCGATTCCAATAGTGGTCACAGAATTAGGAATGGTAACCGATGTTAAGCCAGTACAAGCATTAAACGCAAAATCTCCAATAGAGGTTACAGCATCTCCAATACGAATCGATGTTAAACCAGTACAATTGAGAAACGCAAAATCTCCAATAGAGGTTACAGCATTTCCAATACGAATCGATGTTAAACGACTGCAATTATCAAAAGCGGATTCTCCAATATCAGTCACGGCGTAGTTTTCTGAATTATAAGCTACTGTTTCTGGTATTTCTGCTACTCCAGTAAAACCAGGATTCTTAGCCACGCTAACTGTAAAAGGGGCTACCGAAGAAGTAATGGTATAATTTATACCATTTGCTGTAAAATCGTGTGCTATTCCTAAAAAAGGAATTAAAATAAAAAATAATAATTTTTTCATGTCTTTGTTTTTAATTATTGTACGATGATTGTTTTTGTTGCCTTACCTTGGTTTGTCATTACTTCTACAAAATAAATGCCTTTTGCAAAGCTTGAAATATTTATTTCTGAATGATTAGTTGTTTTTATTAACTGGCCTAATGTGTTGTAAAAATTCACTTTTTGTAATTGTAAGTTTTCTTGCAAGGCTATGTTTAAAATCTCTGAAACTGGGTTTGGGTATATTTTTAGATTACTTTCTATCGCAAATGAATGATTAGAAAGTAAACTGCCAGAAATAGGACTAAAATCTTTCCAAACAGCCGCTGCCTGATAAGCTGCTTCAGTACCAGCAGGAACATTTAAAGCACATATTGATTTGTCAAGATTATGGAAGGCATTTTCATTAATAACTAAAGGTATTGTAGCGTAGCTATTTACTGTGGTTAAACTAGTACAATTGCTAAAAGTATAATCCCCTATAGATGTCACGGCATTAGGAATAGTAACCGATATCAAACCGCTACACATAGAAAAAGCGCCATCTCCAATAGAAGTTACAAAATTAGGAATGGTAACTGATGTTAAACCTGTACATTCAGAAAAAGCTTGATTTGCAATAGAAGTCACAGAACTAGGAATGGTAAGCGATGTTAAACCAAAACAGCCAAAAAAAGCAAAACTTCCAATGGAAGCAACAGAATTTCCAATAGTAAGCGATGTTAAACTCGAACCAATAAAAGCAGAATTGCCAATAGAAACAACAGAATTGCCAATCGTAACAGATGTTAAAGCAACACAATTATTAAAAGCAGACTCTCCAACAGAAGTCACGGCATCTCCAATACTAACCGATGTCAAATTATAATTACCTTTAAACGCTTCATCTGCAATAGCAGTCACAGCATAGTTTTCTGAATTATAAACGACTGTTTCTGGTATTACTGCATCTCCAGAAAAACGAGTGTTGCTAGCAACACTAGCAGTAAAAGGAGCTGTTGAAGAAGTAACAGTATAATTTATACCATTTGCTGTAAAATCTTGCGCTATTCCTAAAAAAGGAATTAAAATGATAAATAATAATTTTCTCATGTTTTTGTTTTTTAATTATTGTATGATAACTGATTTTGTTGCTTTGCCTTGGTTTGTCATTATTTCTACAAAATAATTGCCTTTCGCAAAGCTTGAAACGTTTATTTCTGAATGATTAGTTGTTTTTATTAACTGCCCTAATGTGTTATAAAAATTTACTTTTTCTAATTGTAAGCCCTCTTGTAAGGCTATGTTTAAAATTTCTGAAACTGGATTTGGGTATATTTTTAGATTACTTTCTATCGCAAATGAATTGCTAGATAGAAAACCACCAGAAATAGGACTAAAATCTTTCCAAACAGCCGCTGCTTTATAAGCCGCTTCAGTACCGGGAGGAACATTTAAAGCACATATTGATCTATTAAGATTATAGAAGGTATTTGTGTTGATAGCAAATGGTATTGTAATCTGACAATTTACGGTTCTTAAACCTGTACATTCAGAAAAAGCCCCATTTCCAATAACAGTCAAAGAATTAGGAATTGTGAGAGATCTTAACTTTTTACAAGAATAAAAGCAATATTTTCCAATAGTAGCCACTGCATTAGGAATAGTAACCGATGTTAAATCAGTACAATATCCGAAAGCCCCTTCTTCAATAACAGTCACAGAGTTAGGGATGGTAATAGCTGTTAAATCGCTAAGTCTAAAAGCGTTTTCACTAATGGCAGTCACTGCGTAGTTTTTTGAATTGTAAGCTACTGTTTCGGGTATTTCCGCAACTCCATTAAAACCAGCATTCCTAGCTACCTTAACAGTGAAAGGAGATCTTGAAGAAGTAATAGTATAATTTATGCCGTTTGCTGTAAAATCTTGTGCTATTCCTAAAAAAGGAATTAAAATGATAAATAATAATTTTCTCATGTCTTGTTTTTTAATTATTGTATGATAACTGATTTTGTTGCTTTGCCTTGGTTTGTCATTACTTCTACAAAATAATTGCCTTTTGCAAAGCTTGAAATATTTATTTCTGAATGATTAGTTGTTTTTATTAACTGCCCTAATGTGTTGTAAAAATTCACTTTTTCTAATTGTAAGCCCTCTTGTAAGGCTATGTTTAAAATTTCTGAAACTGGATTTGGGTATATTTTTAGATTACTTTCTATCGCAAATGAATTGCTAGATAGAAAACCACCAGAAATAGGACTAAAATCTTTCCAAACTGCCGCAGCTTTATAAGCTGCTTCAGTACCGGGAGGAACATTTAAAGCACATATTGATCTATTAAGATTATAGAAGGTATTTGTGTTGATAGCAAATGGTATTGTAATCTGACAATTTACGGTTCTTAAACCTGTACATTCAGAAAAAGCCCCATTTCCAATAACAGTCA
NZ_CP176805.1_gap58	2436830	2439533	2703	TTCATTTGGGCTTTGTATTTGCTTTTATCCATTAGTGAATACGGAAAATTTCCTGCTAATATTAGTTCTTCACTTTCAATAAATATCTTTACAGCATCATTTATTAAGCTGCCAATGGCTAAAGCACGCAAATAACTAATACGATCTTCTTTTGTGGTTAAAGTGTTGTATTTGTTAGAATCGATACTGTCTTTGACTAATTTTATTAAATACTCTAGTGCAAAATCTTCCGAAACTAATCCTAGATTCATTCCGTCCTCGAAATCGATAATCGTATAACAAATGTCATCGGCAGCTTCGACAAGATAAGCAAGAGGATGGCGTTCGTAACCCATATCGTTTCCGGTTTTATTAGGAATCATTCCTAACTCTGTAGCAACTTCTTGAAAGAAATCTTTGTCTGTTTGAAAAAAACCGTATTTTTTATCGGCAATATTTGAAGTTGGTTTTTTAGGCAAACTTTCTTTAGGATATTTCATAAAAGCTCCTAAAACGGCATAAGTAAGTCTTAAACCTCCTGTAACACCCGGACGGCTTGCTGTTAGGACCGAAAAGCCGTTGGCATTTCCTTCAAAGTCGATTAAATCTTGCCATTGCTTATTGGTTAATTTGTCTTTAAATTGTTGTCCTTTTCCTATCGAAAAATATTCGCCAATAGCTTTTTCGCCCGAATGTCCGAATGGCGGATTGCCAATATCATGAGCTAAGCAAGCCGCAGCGACTATAGCTCCAAAATCGTTTGCTTGATACCCATGTATTTCTTGAAGGTGAGGATATTTTTCGATTATTTTTTTACCAACCAATCGACCTATAGATCGTCCAACTACCGAAACCTCTAAACTATGGGTTAGTCTGGTGTGTACAAAATCTGTTTTAGAAAGCGGAATCACTTGTGTTTTATCTTGTAAACTGCGAAAAGCGGCCGAAAAAATAATTCGATCATAATCGACCTCAAAACCCAAACGGGTGTCATCTTGTTCTTTTCGTAATCGTTTGCTTGTGTCGCCTTGGCGTTTTAATGATAATAATTGTTCCCAGTTCATTTGGTTTTGTTTTTATGTTTGTCTGCTTTACAGACTCGTTTTTTAGCCCAGATTTACAGATTTTAAAATATAATAATTAATGTTGCCAAATTTATAATTAGCATTAAATTAGTCTTATATCATATAATTTGTAATAAAATATTTTTTTATTCTTTAGTAAAAAGATATTGTCCGGCACCTTGTTTTAAGGTCATGCTTTTTGTGTCGAAAATAAGTTTTATTCCCGCTGGATCAAATACAAATTCGGTTTCACTAATTGGGTTTAAAGCAAATGAATTTTGACCGGTGCCTTGTGCCGTTAATTCTCCTTTGTCGATTTTGATGGTGATTTTGATAGGCAATTGTGCCGATGCGTAAATGCCTTGATAACTTGCTAATTTGTCTTTAGGAACTTCAAAGGTGGTTAAATTAGGGAATTGATACGGCATTTTGTAATAAATACTCAAAATACCCATCATAATATCGTTTCGGTTGTAATTATCGCCATTTACAATAAGTGAAATTCCTGTTTTTTCTGTTGGATAATACCCTACAACAGCACGAAAACCTTCTATCCCACCGGTATGACCATAAAATTTTCTTTCACCAAAAGGAAAGGCAACCAATCCTTTTCCGTAAGATTGTTCGAGTTTTATCATCTCATCTACAGAAGTTTTCTTTAATAATAAACCATTAAAAATAGCCTCTAGGAAAAGGGTCAAATCTCCGGTGGTAGCGGCAATATTTCCTGCGCCAAAAGCTTGTGAGAGATCCCATTCTTTATTAATAGTCCATTTTTTGTTAGTATAATTATAAGAATAACTTTCGTTTTTTGTTGGGTCTGTATTGGTTGCAATCGATGTGTTTTGCAATTGTAGTTTGTTTGTAATTCTTTCCTCAAGATTGGTTGCGTACTCTTTTTTAGTCACCTCTTCTAATATTTTGCCTAATATATAATAGTTAGAATTACTGTATTCGAATTTAGTATTGGGTTCGAAAACTGGTTTGTAACCTGAAATTTTTGCAATCATTTCTTCTTTTGATACTTTTTGGTAAACATTTACAGTCGAATCTCCATTAATAAAATCTAAAATACCCGTGCGATGATGCAATAAATCATGAATCGTGATTTTAGTAGCATTTGGAATTTGGGGGTAAAATTTAGATAATTTCGAGTCTAGTTTCAACTTTTTTTCTTCAATTAATTGCATAATCATTACGGCAGTAAATGTTTTTGTAATGGAGCCTATTTTGTATTTGGTGTTTTTATTGGCACTCAAATTATTTTCTACATTAGCAAAACCATACGCTTTTTCGAATACTACATTTCCTGCTTGGCGAATGCAAACTTGCCCCATAAATTTTTTGTTTTGATTTAAATAAACCAGCAAACTATCTATTTTGTCGAAACGTGTTTTTTGTTGTGCCGAAAGCGATAATGAGAATATAAATACTAATAATAAGATTGTTTTTTTCATAATATATTTGATCTTGAAAAATATTAATTAATGCGCTTCTAACCAGTTTTTGCCAATTCCAATTTCAACATCTAACGGAACATCTATTTTAAAGGCGTTTTCCATTTCGTATTTTATCATCGGTTGAATTTTTTCTAATTCAGAATTATGAACATCAAAAACCAATTCGTCATGTACTTGCAATAACATTTTCGATTGCCAGT
NZ_CP176805.1_gap59	2447714	2451001	3287	TTATCTAGTCTTTTTTGGGTGTCCCAAATTAATTTTTCAGCTTCTTTCAAAAGCATTAGTTGGTCAAAAGTAGTTACTACTTCTTTGGCAATAGCATCTTTATCAGCTTCAGCTAATAAATGTTGTGCTTCAGCTTTTTCTTTTAAAGCCTTTGCGGCATTAGGAATCTGATTACCACTAAAAATAATTTGTGTTGCAGAAATGCCTACTGTACCTATATTTCCGTTTGCTGAAAATGATTGGGATCCTTCAAATAAATTTAGGCCAGTTATGGGTAAAGTAACCGTAGGAACATCAATAATTCCTCTTTGATAAAAATGGCTTAATACTGCATTGGCAGAAATTTTGGGTTTTAGTTTAGCAAGAACGCTTTCGGTATTTATTTCTGTTTTATGGGCTTCTAATTGCTTGTTTGTAATCTCATAGCTGGTATTTAAAGCGTTTTGTATCGGTACTTTTAAGTCATTTGAAATAATGCTTTGGGCAAAAGCACTACTTTGAGATAAATAAAACACTAAAACGAATAGGTATGTTTTCATTTTTTGTATATTTTTTTTGTAAATATAAGCAAAGTATTAGTTGTTTGTATTGTTGATTTCTGCTAACAGTTAAATTATTGTTGTTGCTACAATCACAAAAAAAAGGCAGTTATTTTTTTACAATAACTGCCTTTTTATAATTCTTATTCCATATCTCTACCAAAACGATCGAAGCGTTTGTTGTAGCTATTAAAAACCTCTTTTTCTGTATTGTAAAAATTAGTGTCTTTGTTGTTTTTCATGATTTCTAACAAACCTCTGTATCTTTCTATGTTGGTTATAATATCGATAGCGTTTGTGTTTTGTTCGCTGGCTTTTGTTCGGCTAAAATATTTTAGCTCGTCTTGGTATTTTGCTTCTAATTGCTTGAGCAAAGTACGTGCTTTTTGTGTTTCGCCTAGTTTGTAATAGCCATCGGCAAAAGGATCGACCATGCTGTAAAACTCATAATAATCTAATGGTAATTTGGTTAGTGCTAATTCGATTATTTTTTTGGCTTTGTCTTTTTGTCCTTCGGCAATGAGCTGGTTCATTAGCCTTGTTAAATGGGTGCGGTACGAAATGCTGTTTTTTCTGGTTTCTGGATCGTGGTATATTTTTGTGCTTTCGCTATTACCCCAGTCTAGTTTCATCATGATGTCGTACATTTTATCGGTATCGATACTTCCCATATCAAAACCTGATGCTTCTTTGTCTATTGGCGTTTTTACAGGAACTAGTTTGTACACCATGCCGTTTAGCTGCAAATAATCTTTCATCCAGATGTAATCATCATCTGCAAAAGCGCCTGGTGAGAAATAAATAGGGCGTTTCCAGTTGTTGTTTCTCACAATATCTAACATCATGAGTCGGTTTTTGTATAAAGCATCGCCTTTTATATCAACATCAATATAAGGAACAATCGAGTCATTATATTTTGGACTAACAATTTTGTTTGTTATCACGTTGTTTTTGTTTACAGGAATTCTGATTTTATTGCTTGGGTAAAACTGAATTTTCTGACCATTTTTCATCTCGATGAGTGTTCTTGGGTCGTCGCTAGAAACAAAATCGAAAAATTCTTTTACATCGAGTCTTTCTTCTGTTTTTTGATCAAAAACTAAATAATCTCGTTTGCCGTCAACGTAATCTTTGTGTGAAAACGAAATAGGCACGGGTTCAGATTCGTAAGCTTTTGCTTTCATTTGGTCTATATACCAGTCGGTCATTAATAAACTGGTGTTTACAATGCGAACATCGGTTCTGTATCCTTCAATTTCTTGTAAGTACCAAATAGGAAAAGTGTCATTGTCGCCAATGGTAAATAAAATGGCGTTTTTGTCGCAAGAGTCTAAATAAGCTCTTGCAGAGGAAACGGCGGTGTATTTTCCTGAGCGGTCATGATCGTCCCAGTTTTGAGTCGCCATAAGTATTGGTGCTGCAAAAAGGCATGCTGTAATAACTATTGGGGCGGCAATTTTAGGTTGAATATATGATTTTAGGAAATCGAAAATGGCATATACGCCAATTCCTATCCAAATGGCGAATACATAAAAGGAGCCTACGAGCGCATAATCTCGTTCTCTGGGTTCGAAAGGGCGTTCGTTAAGGTAAATTTTAAGGGCTATTCCGGTAAATAGAAACAGTGCTAGAACTACATAAAAACTCTTAATGTCTTTCTTTATATGAAAGAAAAACCCAATAAGTCCGATGATAAACGGTAAGAAAAAATAAGTGTTTCTGGCTTTGTTGTTTTGCCATGTTGCTGGAAGATTTTCTTGAGAACCTAATCTTATTGCATCTAACACATTGATTCCGCTTAGCCAATTTCCGTCTAAAGTGGTGTATTCTCCTTGTTTGTCGTTTTGTCTTCCCACGAAATTCCACATTAAATATCGCCAATACATATATCCAAATTGGTACTGAACCATAAATGTCAGATTGTCAATAGTTGTTGGTTTCTCTATATCAAGATATTGACCATAAGCTTTTAGGAATTTCGCATAATCTTCTACATCTAATTTTCCAGAAGCATAAGAGGTTCTAAATTGAGACACGATATCAGTTAGTTCTTTTTCTTCAGAATATTCAGGTTTTATTCTAAAAGCAAGTACGTTTGTAAATTTCATGTAGTTTTCTGCATGGTCGGTACTCCACATTCTTGGCAAAATGGCTTTGTGGTTGTCATCGCTATTTTGACTACCATTTTTGTAATTATTTACAATAACATATTTGCCTTTTTTGTAATCACGTTCGTAATTTGGTTTGTCGTCTGTATATGGGTTGTCTTCGTCTAATCCTGCATACGTGTCAGAGAACTGAGGGCCGTAAAACAAAGGGTTTACGCCGTATTGTTCGCGATTATAGTAAGCTAAAACCTCACGTGCATCAGAGGGTTTGTTTTCGTTTATGGGGGTGTTTGCATTGGCACGAATAGGCAACATCATCCAAGTAGAAAAGCCTAACATGATAAATAAAACACAAAGAATTAAAGTGTTGTAGAGTGGTTTTCCTTTTTCTTGCGTATATTTTAATCCGAAATAAAACAAGGCAATAAGAAGTAAGGTAACAAATATGGTTCCTGAATCGAAAGGCAAACCTAGATTATTTACCATAAAAACTTCGGTATCACCAAAGAAAGTCATCGTCCAAGGTAATAATAATTTGAATATAAATAGCAGAACGGCAACGACAACAATATTGGCGATAATGAAGCTTTTTATAGTAATGTTTTTGTAATTTTTAAAATAATATAAAAATCCAATAGAA
NZ_CP176805.1_gap60	2456061	2458245	2184	AAACGCCTTATAAATCAAAAAAAATAGTTGTTTCTCAAGATTCAATTCAAATAGATAGCGTGAGTATAAATGCTAGTTTTTTTAAATTACTAGACCCCAAAGGAAAAGCTATTGATACCAGTTTTTATAGCGTAAATTTTTCGAAAGGAATTTTAATTTTTCGAAATAATTTTAAAACCACCGATACCTTAAATGTTCGGTATTTAAAATTTCCTACATATTTAACCAAAGAATATGCAATATACGACAAAAGCCGTATGGTGAGCAACAATAGCGGTCTGAATAATTTATACAAAATTTCTGCCGATGGGTTCAAAAAATTTGCACCATTAGAAGGACTCACAACCACAGGAAGTATCTCGAGAGGGATTTCTGTAGGGAATAATCAAAACACATCGGTAAACTCTAATTTAGACCTTCAAATTACAGGAAAATTATCAGATAAAGTGAGCTTGCGGGCTTCTATACAAGACAGTAATATTCCGTTGCAATCAGGAGGATATTCTCAAAAATTAGATGAATTTGATCAAGTTTTTATCGAACTTTTTTCAGACAAATGGAGTGTTCGTGCTGGAGATTTATTTCTAGAAAACAGAAAATCTAAATTTCTAAGTTTTAATAAAAAAGTGCAAGGTTTGTCTGCTCAGTTTGTTTTTGGGAAACCAGAAAACAAAACCGAAGTTTACGCATCAGGCGCCATAGTTCGAGGACAATATGCAAAAAGTAATTTTGTGGGTCAAGAAGGAAATCAGGGGCCATATAAACTAAAAGGTTCAAATGGCGAACTATACGTTTTGGTTATTTCTGGTTCAGAGCAAGTTTATGTAAACGGTATTTTGCTAAAACGAGGTGAAAATAACCAATATACAATCGATTACAATGCGGGAGAAATCAGATTTACATCACTTTTTCCTATTACTTCCGAAATGAGAATTACTATCGAATACCAGTTTTCCGATAGAAATTATACCCGATTTGTAACTTATCTAGGCGCAAATCACGAGGAAAAAAAATGGAGTTTAGCAGGGTATTTATATTCTGAAAACGATGTAAAAAACCAGTCATTACAGCAAAATTTATCGCCAGAACAGGCTCAAATATTGGTTGCAGCGGGAGACAATCAGAATGCTATGAATGCTTCTTCGGCAGTACCCGATACTTATTCTGAGAACAAAATATTGTACAAAAAAATAACGACAGGATTGGTAGAAATTTTCGAATTTTCGACTAATTCGCTCGATATTTTGTATAACGTAAAGTTTAGTTTTGTAGGCAACAAGCTAGGAAATTATATTGTTTCTAGCACAATTGCAAACGGACGAGTTTTTAAATATGTTACCCCAATTTCAGGTATTCCGCAAGGAAATTACGAACCTATAATTAGGCTGGTTGCGCCAACTAAAATTCAAATAGCTACTGTTTTAGGAAAATACAGTCCAAGCGAAAAAACAATTGTCGATTTTGAAGTTGGCATAAGTAATTATGATAAAAATTTATTTTCAAGTATAGATGATAATGACAACCAAGGTTTGGCAGGAAAATTAAATATCAAACAGCGGTTATTGTCTAAAAAATGGCACGTTGATGCCTTCGGGAATTGCCAACTTGTTCAGAAAAATTTTAAAACTATCGAACGATTATTTACTATCGAGTTTAATAGAGATTGGAATTTGTTAAATCCGTTAGGAAACCAAACTTTGGTTGTGTCAGGATTGTTATTTTCTTTGGCTGGAAAATCTAATTGGAAATATCAGTTCGAAAAATTAGATTTTTCAGAAAATTTTTCGGGAAATAAACACGTAGTTTCGGGTTATTACAAACATAAAAATTGGTTATTTTCTAACGATGGAAGTTTCTTGAATAGCGACGGAAACATTTCGACTTCTAAGTTTATTAGAAACCAAAGCCAAACAAAATTTCATTTCAATAAAAACTGGATTGGTGCAAGTTTTCGATTTGAAAACAACCAGGAAAAAACAAAATTGACCCATCAGTTTTCTAATCTGAGCCAACGTTTTTCGGAATATGGTGCCTTTGTAGGAAGAGGAGACTCTACTAAAGTTTTTGTCGAATTGGGCTATCTAAATCGTGTAAATGACAGTTTGCAATTAGGTCAGTTAAAACGGGTAAACGCATCGCAATCATATTATTTAAAATCGAAACTCATTCAAACCGAAAAAAATG
NZ_CP176805.1_gap61	2562115	2565905	3790	GAAACAGGTTTGATGAATGATACTTATGTAAATCTCGACAAACTATCTTTCAAGATAGATCAAGATGTTTTTACGGCCAAAGCCAATATTAGAAACGTGGCTACAAATGCCTTAGTCGATGCTGCGCTAAAAGGAACAATTAATTTAGGAAACGTAACCAAAGCTTATCCTGTAAAATTAGCAATGCCACTTTCAGGAATATTAAAAGCAGATGTGACTACAAAATTTGATATGAAATCTGTAGAAACCAGTCAGTATCAAAACATTCAAAACGCAGGAAATATGACCCTTACAGGATTTAATTATACTGGCGAAGGCATGGCAAAACCTGTGCAAATTAAACAAGCTATTGTGGCTTTCAATCCAAAACAAATTCGTTTGAATCAATTGGATATGAAAACAGGGAATTCTGACATTCAACTCACAGGAACTTTAGATAATTTTTACGGATTTTTGTTTAGAAAACAAATTCTGAAAGGAAATTTTGATATGAATTCTAGCAATTTCCTTGTTTCAGATTTTATGGCACCAACAGCAGTAACAACAACAGCAGTAACAACAACAGAAGGCAAAAAAACTACTAAAGAAGCCGTAAAAATACCCGCCTTTTTAGATTGCGCTATTACGGCCAAAGCCAATACCGTTGTTTATGATAATTTAACGCTAAAAGCAGTTTCAGGAAAAATGATAATTCGTGACGAAGCAGTTACTTTACAAAATATAAAGACTAATATTTTTGACGGACAAATTGGACTAAGCGGATTGGTTTCGACCAAAGGGAAAGTGCCAACATTTAGCATGAATTTAGATTTAAATAAAGTAGATATCGCCAAGACTTTTACCCAACTAGACATGTTAAAAAAAATTGCGCCAATTGCTGGTATTATTAATGGGAAGCTAAATTCAAACATCAAATTATCTGGGAATCTTAATGCGATTGAAATGACACCTGATTTAAACACTATTTCAGGCGATTTGTTGGGGCAATTGTTATCTACGACCGTCAATTCTAGTAATTCTAAAGTGCTGTCGGCTTTGGGGGCTCAGGTTAAATTTTTAGATGTTAGCAAATTAAATTTGAATGATATAAAAGCAGCTATTTCTTTTAATGATGGAAAAGTTACTGTAAAACCATTTAAAATAAAATACCAAGATATCGTTGCCGAAATTGGTGGTTCACACGGTTTCGACCAGAATATGAATTATAATATAAAAATGGATGTTCCTGCTAAATATTTGGGTGCCGAGGTAAATAAAGTATTAGCAAAACTAACACCAGCTGATGCTGCTAAAATAGATAATATTCCAATTACAGCATTAGTTACTGGGAATTTTGCAAATCCAAAAGTTAGTACTGATATGAAGCAAGCATCAACAAATTTGGCTTCTCAAATCTTAAAATCACAGAAAGATAAGCTAATAAACCAAGGAGCTTCTGCTTTAGGTAATTTGTTGGGCGGAGGCAAAAAAGACCCTGCAGACACAACAAAAACAAAAGATCCTAAAAAAGAGGCTATAAAAAATGCCGCTGGAGATTTGCTAAACGGTTTGTTTGGTAAGAAAAAATAGCTAGGATTAGCACCTTTCTTTAGTAATTACTGCTTTTTTAAAATCTCATTATTTGGGCGTTACCACAGCGGTTGGGCTTTACATTGTAAACAAATTTTGCCGAAGTCTTATAAAAAAGATCGTGAAAATTCCTAGCGTAAAACGCTGTAATGAATAGCGTTAAGCCGTAATTGCAAAGGCCTAAAAACTTATACGACCTTAATATGTTATGTAGTTCAAATTATAGCACTACATAAATATATTAAGGTCATATTTTTTGTTACAAACTAATTTTTACTACATAACCTTCAAAAGTCCTTACGTTAAAAACCGTTCCGTCTTCAAAAATTAAGTATTGCCCTTTTATTCCTGATAATTTACCAGAATAATTAGGCGATTTATCAAGATTTAGGCTGGTTACTTTTTTGGGATATTGCAAAACAGGAAAATGCAATTGGTACAAATCATTTTTATTTGCATCGAAATATTCTTGCGCCTCTTTTGGAATTAAATATTTTAAACTCGCTCGTTCTTTTATTAAATCGGCAACTGGCACTTCATTTTTTAGCATTTTTTGCCAATTGGTTTTGTCTGCATAATGACTTTTTAGGGCAACTTCGGTGATTCCTGCTAAGTATCTGTTGGGAACTTCTACAATAGGAATGGCTTGCACAGCACCTTGATCTATCCATCTAGTTGGCACCTGAGAGCCACGAGTTACGCCAACTTTTACTTCGCTAGACAAAGCCAAATAAACAATATGTGGTTGCAATTGCACTTTCTTTTCGTAAACTAAATCTCGGTCTTCAATATCTAAGTGGGCTGTAGAAAGTTCGGGTTTCATAATCCAATCGCCTGCTGAGGCACTTCCCATAAAGCAATCGTAACAAAATCCTTGTCGGAAAATTTTTTTCTTTTTCTTACAATTCAAACATTGGTATCCCTGAAAATTAATCTCTAATTCTTTGCCAAGTAGCTGGTTCATATTTAGAAAACTGTTTTCGAATACTAAATAATATTGAATTGGATTTCCAATTTCGGTTTGCATTTTTGTTAAAACTCCTTCGTATTGCATATTTCAGATTTTAGATTTTTGTATTTAAACTTCAAAAATCTTTTTTTTTTACTATTTTAGCGTAAAGATAAACATCAAATATATATACTTGTGAAGAAATTAATGAAATTATCAATCGTAGTACTAGTTTTTCTTTGTTTTGCTTTTATACCAAAAAATGATAAAATCACAGTTGTTATTGATGCCGCCCATGGTGGGTCAGATTTAGGAGCTACAATGAATGGCTTTTCTGAAAAAGAAATTGTTTCATCAATTGCACAAAAAATAGAGAATTTAAATTTAAATTCGAATATAGAAATCCTTCTTACTAGGAGTGATGACCAAAATATTCCTAATCAAGAAAGAGTAGCATTTATTAATGCTATGAAACCTGATTTAGTAATTTCGCTTCATGTAAATGCAAGTAAAAACTCCGAATTTAATGGGTTAGAGGTTTTTGTTTCAGAAAAATCTACAGAATATTTAGCGTCTAAAGAATTTGCAAGTAAATTTCACGCATCAATTACAAATAAAATGCCATTAAAAATACATCCTTTAAAGAATGCTAATTTTTTAATTTTGAGAAGGTCAGATGTTCCAGCAATGTTAGTAGAACTTGGTTATTTATCTAACCAAAACGACAAGGCATACCTTGAAAATAAAGACAATCAAATAGAAATTGCTCAAAACATTTTAACTTTTGTTGCCAATCTAAAATCATAAATCTAAATTCTAAAATCTTTTATGTCTTTACCAATCATAAATTCTATAGCTTCTTGGTTTTTAAAACAACGCATTCATCAGATTGAGCTGTTCCTTAAATACCCTAACGAAGTGCAAGAGGAATTGCTGATAAATCTTATCAGATCATCAGAAAACACGATTATAGGTAAGCAATATGGTTTCGATTCTATAAAATCGTATCATACATTTCAAGAACGAGTTCCTGTTTCTACTTACGAAGATTTAGAACCGCTTATAGAACGCACTAGAAAAGGCGAACAGCAAGTTTTTTGGCAAGAACCTATAAAATGGTTTGCAAAATCGAGTGGAACTACAAATGCTAAAAGCAAATTTATTCCCGTTAGCAATTCTGCTTTAGAAGATTGTCATTATAAAGGAAGTAAAGATTTGTTGTGTTTGTATTTAAATAATAACGAAAACTCACAATTGTTTACTGGTAAAAGT
NZ_CP176805.1_gap62	2568095	2572195	4100	TCTAAATTAATTTTGCTTCGTAAAGTGGCAAAAACAGTCCTTCGTCCAGAAACAAAAAGCTTAATTTTTGGACTAAAAAACGCCACGATTTTTAATAAAAAACTGGCAAAGTGAACGATTAAATTATAAATGAAAAGCATTAAATAAAATTTGATTTCAAAAATACATTTTTCTTTACATTATATAATAAGTATAAATCTAAAATTCCTATTTTTGTTCTAAATTCTAAACTTTGCGAGCCTAGCGAAAGCTTCGTAAACTTTGTGGTTAAACGAAAAAAAATCGATGAAAAAAATTCAAATGGTTGACTTAAAAAGTCAGTACGAAAAAATAAAAGATACAGTAAATACCTCTATTCAAGAAGTTTTAGATACAAATGCTTACATAAACGGACCAGAAGTACACAAGTTTCAAAAAAACCTTCAAGAATACCTAGATGTAAAACACGTGATTCCTTGCGCAAACGGAACAGATGCTTTACAAATAGCCATGATGGGATTAGATTTAAAGCCAGGTGACGAAGTCATTACTGCCGATTTTACTTTTGCAGCCACTGTCGAAACCATTGCGCTTTTGCAGCTTACACCAGTTTTAGTCGATGTTGATATGCATAATATGAACATTAATATCGAAGCCATTAAAAAAGCAATAACGCCAAAAACAAAAGCTATTATCCCAGTACACTTGTTTGGTCGCACCACTAATATGGAAGCAATTATGCAAATTGCAACCCAACATAACCTTTTCGTAATCGAAGACAATGCACAAGCAATTGGTGCCAATTGCGAATTTTCTGACGGAACAAAAAAGAAAGCGGGAACAATAGGTCATGTGGGAGCAACATCATTTTTTCCCTCTAAAAATTTAGGTTGTTATGGCGATGGAGGTGCTATTTTTACTAACGATGATACCTTAGCACACAAACTACGAGGTATTGTAAACCACGGTATGTATGAGCGTTATCACCACGACGTTGTAGGGGTAAATTCCCGTTTAGACAGTATTCAAGCAGCAGTTCTTAATGCAAAATTACCACTTTTAGATACCTATAACAAAGCCCGTCAAGAGGCAGCTAGAAAATATTCAGTGGCTTTCGAGGGGCACAAAAACATTGTAGCACCAAACATTTGCGACATCTGCGATTGTCACGTATTTCACCAATATACATTACGAATTGTTGATGCCGACAGAAATGGTTTAATGAATTATTTATTAAGCAAAGACATTCCGTGTGCCATTTATTACCCAATTCCGTTGCATTCTCAAAAAGCTTATTTAGATTCTAGATATAAAGAAGAAGATTTTCCAGTAACTAATCAATTAGTTCAAGAAGTATTGTCGTTGCCAATGCACACAGAACTTGACGACGAACAAATAAAATTTATAACCAATTCAGTTTTAGAGTTTTTAAATAAATAATTTTTTTTTAGGAGCTAATCCAGCTATCCGTTGCAATCTCGCCAAGAAAAATGGCGAGGATTTTCACTGCTATCTGGGCTAAAAAGTAACAAATACAAATCACAACATCTATTGAAAATACTAGTAACAGGAGGTCTCGGATTTATAGGTTCTCACACCGTTGTCGAATTACAAAACGAAGGCTTCGAAGTCGTAATTATAGACAACCTTTCTAACTCGTCCGAAGAAGTACTAAAAGGCATTGTTGCCATTACAGGTAAAACACCATTGTACGAAAAATTAGATTTAAGAGAAAAAAAATCAGTACAAGATTTTTTCAAAAAACATGATAACATCAATGGTGTAATTCATTTTGCCGCTTCAAAAGCAGTAGGCGAAAGTGTCGAAAACCCTTTGTTGTATTACGAAAATAATATTAACACCTTGGTTTATATTCTGCAAGAATTACAACAAAAGGGCAACGCTAATTTTATCTTTAGTTCCTCTTGTACCGTTTATGGACAAGCAAAAAAAATGCCAATTACCGAAAAAGCACCTATTCAACCCGCTATTTCTCCTTACGGAAATACCAAGCAAATTGGCGAAGAAATCATAACCCATGTTTGTGCTATTAGCAACATTAATGCGATTCTGTTAAGATATTTTAACCCAATTGGAGCACATTCTAGTGCAGAAATTGGCGAATTGCCTATTGGCGTTCCTCAAAATTTAGTACCTTATATTACCCAAACTGCTTTTGGTTTGCGAAAAGAATTGTCTATTTATGGAAATAATTACCCAACACCCGACGGAACTTGTATTCGGGATTATATTCATGTAGTCGATTTGGCAAAAGCACATGTTCTTGCCTTGCAACGACTTATTAATAAGAATAATATACTCAATATAGAAACCTATAATTTAGGAACAGGAACAGGAACATCAGTCCTAGAAGTAGTTCATGCTTTCGAGAAAATTTCTGGTAAAAAAATGCCTTACACAATTGTTAACCGTCGAGAAGGAGACGTAGTTTCTGCTTACGCCGATACTAAAAAGGCAAATGTCGTTTTGGGCTGGAAAGCACAATTTAGCTTAGAAGAAGCCTTGTCAAGTGCTTGGAAATGGGAACAAAAAATTAGGAAAAAACAGGAAGATTACAAATAAAAAAGGTTTCTTTCTTATCTAAAAAAAAAAGCAGCCCCAAAAACCATTTTCAAATGATTATTTTACCTAATTGTAGTAATAATTGTTTGGGCAACTACTTGTTTTGGGATTTTTCTGGCGATAGATGCCATACCGCCTTGGTATATTACTTCTATACGGCAAGGTTTGTCATCACTAATTTTTTAGAAAAAAAAATAAGAAATAAAAAAAGTCCTTATAAATATTTATAAGGACTTTTTTAGTATTATTTAACAGATTTTTTTACTTTATCTGCAGCGTCAATGATCTTATCAGCTCCTTTGTCAACTGCGTTTTTCAGTTTTTGCTCTGTTTTTGCTTTTACTGTGTCTAAAGTAGTTTCTGTTTTAATTTTTGCAGAATCTACAGTTTCCTTTACCTCAGAAGTTACAGCTTCGGTAGCAACTTCTACTTTGTCTTTGGTTTCTTCTTTACAAGAAACAATTAGCGTTACAATTGCTAACGATAGGATTAATTTTTTCATAGTTATAAAATTTGATTTATTATTAGCCAAGTTACAAAATTAATAATACAAAAAAACACTTTCAATATTATTTTTGTGGTTTAAAACCAGTCTTTTTGGGTATAAATTTTTAGGTTTTATTTTTATAAATTGGTTTGTTTGCTAAAAAAAATTAAGCCGAATGAGTTTCTATTTCTTTATTAATTTTATTAACCAATCCTACTAATACTTTTCCTGGGCCAACTTCTGTAAATAAAGTGGCGCCATCTTGTATCATTTGTTGCACAGATTGTGTCCATTTTACAGGAGCAGTTAATTGTGTAATTAGATTTTTCTTAATTTCATTTGGATCCGAAACAGCACTTGCAGTTACATTTTGATACACAGGACAAATAGGAACAGAGAAAGTTGTTGCTTCAATAGCAGCCGCTAACTCTTCACGAGCAGGCTCCATCATTGGAGAGTGAAATGCTCCGCCAACAGGTAATATTAGTGCTCGTTTTGCGCCAGCTTCTTTCATCTTTTCGCAAGCCAATTCTACTGCTTTATATTCGCCAGAAATAACCAATTGTCCTGGACAGTTATAATTTGCAGCTACAACCACACCCTCAATAGAAGCACAAATGTCTTCTACAATTTTATCATCAAGATTCAAAACAGCCGCCATTGTAGAAGGTGCAATTTCGCAAGCTTTTTGCATTGCCAAAGCCCTTTTTGAAACTAATTTTAATCCGTCCTCAAACGACAAAGCACCATTGGCAACCAATGCCGAAAATTCTCCTAATGAGTGACCAGCAACCATTTCGGGTTTAAAATCGGCTAAAGTTTTCGCTAGAATTACCGAATGTAAAAATACCGCAGGTTGTGTTACTTTGGTTTCTTTTAGTTCCTCGGCAGTTCCCTCAAACATAATATCTGTAATTCGGAAGCCTAATATTTCGTTTGCTTTTTCAAATAATGCTTTTGCTAATTCTGAATTTTCATATAAGTCTTTGCCCATTCCTGAAAATTGTGCGCCTTGACCAGGGAATACGTATGCTTTCATGTCTTTAATTTA
NZ_CP176805.1_gap63	2620919	2623686	2767	GGAGTTATGCGAACTTTGTTTGTAAAGCAAGACAGAACCTTTGTGGTAATACCCAAATAATGAAAATTAAACAAAACGGCATTAACAAAAGCCAAAAGAGTAGTACAATTAAAAATAAAAATGTAACAATGCAAAAAAAAATCTTATCGATCGTAATGCTAACAGCATTAACTCTAAATTCTTGTAAAAACAACTCTGAAGTTACAAAAACAGTTCCAGATGAAATTATTACAAGTTCCGAAACAGACAATAAAGGGAATAAGCTAGACATCGATTTTAACAACACAAAAAGCACTGCAACTCTAAAATTAAATGGAGAAATTATAGAAATGGTTCTCGACACGACTATGGCCTCTGGAGCAAACTACAAAAACGAACATTACCATTACACAAATTGGCATAATATGACAATTTTAGAAAAAGACGGAAAGGTTATTTTTGAAGCAGGAAAAGAAAAAACACCGTCTGCAAGCAATATGTCAAACTTTGAAGGCACCTATATTTACGGAAAAAAAGAAGGGGCAAGCGATTGGGTTGAAATAAATATTAAAAGCTTAAAAAACCAAGACAGTTGCAGTATTGTAGTAAATTCAAAAACAATTAACAACAAAAAAGGTTGCGAATTTAATAAATTAGGATTATTAAAAAACGACACTATATTTATAAAAACAACAGATTGGAAAAGACCTGTAACAGTTATCATCACTAAGAAAACAAACAAAATAACAATTGATGCCATTGAAAAACAAACTGATGACCGATTTGTATTAAACTGGTATTGCTCTGGAGGAGGAAGTTTAATAGGGGATTACATAAAAAAATAAAAATCAAACAGGGTTTTATTGTCAGCAAAAACAATAAAACCCTGTTTGATTTTTATTTTTTAAAAGACCTTAAAGTTAACAGCAACATTATAAAAAAGTAATCATAATATTAACCTTAACCCGTTCGGTATAATTACTAAGCAATCATTATTTTAAAACACATAGAGATATAAAAAAAAAGAATTAACATAACAATTTAAAAAAAAAAGTCAAACCCCTATATTTTTAAACTTACACACTTTTTAGGATAGTGTCACAAAATCTTAGTTTTTATTTGTCTTGCTAAATAATTTTCGCAAAAAACCCCTGTTATCTTCTTCGTTATTTAAAGAAACTTCTGTATAGTCATTTACAACACCGTATTTATCTATAAGAAAACGAATATACTCGACATAACTTTTGTTTTCTTTTTCTAAAAACCCATTTAAATAGTTTTCGCCTCCATTTTCACCATAAAATGCTTCTAATTTTGCTATTCTGCCGTATAAAGGTTCTATTTCGATGGTGATTATTTCTTGCGGTATAGCTATTCTTTTTGCTTCATAATTTACTATGACTCCTTTTTTATCTTTAATAATATCAAAATCAGTAAGTACCCAATAATACTCACCGTTTTTAGTAAGGTTTTTTACTATTCCGAAAAAATTTTCTCCATTTTTTAAGTTATTCCAAAGAATTTTAAATATGCATTTCGGCATATCTGGATGTCTAATAATATTATGTGATTTCGAGACCAATTCCTTTTCAGTATATCCAGATGTTTCTACAAATGCTTTGTTTACTGAAACAATTGTCCCGTATTTATCAGTTCTGCTTATAATTGTCTTGCTTTTATCCCAATTTGCTTCTTTGTTTATTGGCGTCACGTTCGAGTTATTATTACCCATAATTTAGTTTGAAATTTGATGTAAATAACAATTATAGTTTAATCTAAAACATGATAATTATCATTGTTTTTTAATAAATTATGATTTTTTCGTTAAATTTTACGCATAAAAAAATCCCATTTCAACTAAATGAAATGGGATTTTATATTTAAGTTTAAAATAAAATTAACCTAAAGCTGCTCTTTTGAAGCCTGTTACAATTAAGTTAGCATCGATAGATTTAACATAATTAGCAACACTCATTGAGCTGTCTTTAATATAATCTTGGTTAACTAAGGTGTTGTCTTTAAAGAAACGACCCAATTTACCTTTTGCAATATTTTCGATCATTGCTTCTGGTTTTCCTTCAGCGCGAAGCATATCTTTAGCAATTTCTATTTCTTTAGCAATTGTATCCGCGTCTACACCTTCTTCGTTTAGAGCGATTGGGTTCATTGCAGCAGCTTGCATTGCTACGTTTCTTGCTGCTTCTTCAATACCATCTGCTTTTGCAGAAAAGGCTGTTAAAGTAGCAATTTTATTTCCCGAGTGAATGTAAGATCCAACGAAAGCACCTTCTAATTTTTCGAAAGTTCTAATTTCTAATTTTTCTCCGATAACTCCTGTTTGCTCGATTAGTTTATCAGCAATAGTAATACCATTAAAATCAGAAGCTAAAAATTCTTCTTTATTGTTAAAGTTTAAGGCAAGGTTAGCCATTTCAACAGCCATTTTAACGAAGTTTTCGTTCATTCCTACGAAGTCAGTTTCACAGTTTAATGTGATTACAACTCCAACAGTATTATCAGCGTTTACAACAGCGATTGCGGCACCTTCAGTAGATTCTCTATCTGAACGGTTTGCAGCTACTTTTTGTCCTTTTTTACGTAAATTTTCGATTGCTAAATCAAAATCTCCATCTGATTCTACTAAAGCTTTTTTACAATCCATCATTCCGGCTCCGGTGATGGTTCTCAATTTATTTACGTCTGCAGCAGTGATAGTTGCCATATTTATTATTTTAATTGGGTTATAAAAAAAAATTACGAATACGAATTACAAATTAAATTAAAAAAT
NZ_CP176805.1_gap64	2637574	2641847	4273	GACAAATCGATAGATCGTCCAACGCTCATGGCGATTTTAGAAGATGTGTTTAGAAACGCATTGAAGAAAAAATACGGTTCAGACGATAATTTTGATATCATTATTAATCCTGATAAAGGAGATATGGAAATCTGGCAAAGAAGAGTAATTGTAGCCGATGATGATTTAGATTTAGATCACCTTGAAATTACACTTACCGATGCAAGAAAAATAGAGCCAGATTTCGAAATTGGTGAAGAAGTATCTGAAGAAGTAAAATTAATAGACCTAGGAAGAAGAGCCATTTTAGCATTACGCCAAAATCTTATTTCAAAAATTCACGAACATGACAATACAAATCTTTACAAACAATTTAAAGATTTAATTGGAGATATATACACTGGAGAAGTTCATCACGTGCGTCCAAGAGTAGTAATACTTGTAGATGACGAAGGAAATGAAATTATTTTACCAAAAGAAAAACAAATCCCGTCTGACTTTTTCCGTAAAGGAGATAACGTTCGTGGAATTATTGAAAGTGTCGAACTAAAAGGAAATAAGCCTCAAATTATTATGTCTAGAACCTCAGAAAAGTTTCTAGAAAAATTATTTGAGCAAGAAATACCAGAAGTATTCGACGGATTAATCATGGTAAAAAATGTTGTTCGTATTCCTGGTGAAAAAGCAAAAGTAGCTGTCGATTCTTACGATGATCGTATAGACCCAGTAGGTGCTTGTGTGGGAATGAAAGGATCACGTATTCACGGAATTGTTCGCGAATTAGGAAACGAAAATATAGACGTAATTAACTATACGACTAACACTCAATTGTATATTACAAGAGCACTAAGTCCAGCAAAAGTATCTTCTATTAAAATAAATGAAGAAACAAAACGTGCCGAAGTTTTCTTGAAATTAGAAGAAGTTTCAAAAGCAATTGGTCGTGGCGGGCACAACATCAAACTAGCAGGTCAGTTAACTGGTTATGAGCTTGATGTAATTAGAGAAGGAACCGTAGCGGCAGATGATGATGTAGAATTAACAGAATTCTCAGACGAAATTGAAGCTTGGGTTATCGAAGAATTTGCAAAAATTGGCTTAGACACTGCAAAAAGTATCCTAAGTCAAGATGTAAACGACTTGGTAAGAAGGACTGATTTAGAAGAAGAAACTATTCTCGAAGTAGTTAAAATATTGAAAGAAGAATTTGAAGAGTAAATTCTTGATTAGCATGCGCATACCACAATAAAAAGATAATATAAAAAGATTTTATGTCTGAAGGTACAATAAGAATAAACAAAGTTTTAAGGGAATTTAATATCTCGTTAGAAAGAGCCGTAGATTATCTAAAGGATAAAGGACACGTAATCGAGTCTAATCCTAATACGAAAATCTCTGACGAAGTGTATAATGTCCTGTCTAATCAATTTGCTGGAGACAAAGGAAACAAAGATGCTTCAAAAGAAGTTGGCGAAGAAAAACGAAAAGAAAAAGAAGCTTTGCGTGTAGAACGAGAAAACGAAATAGAAGAAAAACGCAAAGTCGATGAAGAGCGCCAACGCCAAGAAGTAATCAGAGCAAAAGCTGTTGTAACTGGACTTAAACAAGTTGGAACAATCGATTTATCTGCCAAATCGGTTATTAAACCAACAATTATTCCTGGGGTAAAAGCGGAAGCAAAGGCAGAGGTGAAAACTGAAGCAAAGGTCGAAGCGAAAACTGAGGTGAAAGTCGAGGTAAAAGTCGAGCCAAAAGCAGAAATGCCCGTTGCGAAAACTCCTGAAAAATCAGAACAACCAAAGCAGCATGTTGCAAAAGAAACTCTAGTAAAAGAGAAAATTTTTGCAAAAGAACCTGCTAAAAATGTAGCAAAACCAATTGTCGGAAAAACACCAGAAGCAACTTCAAAACCTTCAGTTGAAGACGCGCCAGTAGATGAGACACACGAAACCAAATACACCAAACTTACAGGTCCTACTTTTTCAGGTCAAACTATAGACTTATCGCAGTTTAATAAGCCAAAAAAGATTATCGAACCTAACAAAGGTGGTGCCAAACCAGCAGGTGCAGGTAACAACAATAATAATAAAAACAAACGCAAAAGAATTCCTACCAAATCAGGTGAAGCAAATGCAACCCCTAGAGTGCCAGGAACAAACTTAATTAGACCCAATACAGGAGGCAATGCAACTGGAGGAGGATTTAATCGCGCAAACAAACCCGGATTTGTAAAAGGAGCAAGACCTGCAATTGTACCTAAAGTCGAACCAACTGAAGAGGATGTAAAAAACCAAATCAAGGAAACGCTAGAACGTCTACAAGGAAAAGGAAATAAATCTAAAGCGGCAAAATACCGTCGTGACAAAAGAGATACGCACCGTCAGAAATCTGATGATGAACAAAGAGAATTAGAAGCAGGAAGCAAAACGATAAAAGTAACAGAATTTGTTACCGTTGGTGAGGTTGCCACCATGATGGACGTGCCAATTACTAAAGTAATCGGAACTTGTATGTCACTTGGAATCATGGTTACCATGAACCAGCGTTTAGATGCAGAAACATTAACAATTGTTTGTGATGAGTTTGGATTTGAAGTAGAATTTATCACAACCGATCTTGAAGAAAACATCGAAGTTGTCGAAGACTCAGCCGAAGATTTAGTACATCGTGCACCGATTGTTACCGTAATGGGTCACGTCGATCACGGAAAAACATCGTTATTAGATTATATTCGTAAAACAAATGTAATTGCAGGAGAGTCAGGAGGAATTACACAACATATTGGTGCTTACGGAGTAGAATTAGAAAACGGTCAAAAAATCGCATTCTTAGACACACCAGGTCACGAAGCGTTTACCGCGATGCGTGCACGTGGAGCTCAAGTTACCGATATAGCAATTATTGTAGTTGCAGCCGATGACGATATTATGCCTCAAACAAAAGAAGCAATATCTCACGCACAAGCAGCAAATGTGCCAATCATTTTCGCTATCAATAAGGTAGATAAGCAAAATGCTAATCCAGAAAAAATTAAGGAAAAATTAGCAGCCATGAATTTCCTAGTCGAAGACTGGGGAGGAAAATACCAATCGCAAGATATATCTGCAAAAACAGGTATTGGTATGAAAGAATTATTAGAAAAAGTATTGCTTGAAGCAGAAGTTTTAGACCTGAAAGCAAACCCAAATAAACCAGCAACAGGAACAGTTGTTGAAGCATTCCTTGACAAAGGTCGTGGATACGTATCAACAGTTTTAGTACAAGCAGGAACAATGCGTGTAGGAGATTATATCCTTGCAGGTAAAAATCATGGAAAAATCAAAGCCATGCAAGATGAGCGTGGAAATAACGTTACCGAAGCAGGACCATCTACACCAATATCTATATTAGGTTTGGCTGGCGCACCAACAGCGGGTGACAAGTTCAATATTTTTGCAGACGAAAGAGAAGCAAAAGCCATTGCAGCAAAACGTACACAATTAATGCGTGAACAATCAGTTCGAGTACAACGTCATATTACACTTGATGAAATAGGTCGTCGTATCGCACTTGGACAATTTAAAGAATTGAACATTATCCTTAAAGGAGACGTAGATGGTTCGGTAGAAGCATTATCAGATTCATTCTCAAAATTATCAACACCAGAAATACAAATCAACATCATTCACAAAGGAGTTGGAGCTATTACAGAAACTGACGTTATGTTGGCTTCGGCATCTGATGCGATTATCATTGGATTTAATGTGCGTCCAGCAGGAAACGCTAAACAATTAGCCGAAAAAGAAGAAATAGATATTCGTCATTATTCTATTATCTACGCAGCCATCGACGATTTACGTGATGCAATGGAAGGTATGCTATCTCCAGAAATGAAAGAAGAAATTACTGGTCTTGCAGGCGTTAGAGAATTGTTTAAAATATCTAAAGTAGGTACAATTGCAGGGTGTATGATTACCGATGGTAAAATACTTAGAGCAAACAAAGTTCGTGTAATTCGTGATAATGTAGTAATTCATACAGGTGATATTATTGCACTTAAACGCTTCAAAGACGACGTAAAAGAAGTAGCAAAAGGTTACGATTGTGGTATTCAAATAAAAGGTTTCAACGAAATCGAAATAGATGATATTATAGAAGGCTTTACAGAAGTTGCCGTAAAACGTAAACTGAAATAGTATTTTATACTTTAAAACAAAAAAACCTCGATTCGTCGAGGTTTTTTTGTTTTTTATGATTATTAAATGTCCTAAGCTTTTTTCAATAAACCTTCAACTTATTTTTAAAACCATTTGTG
NZ_CP176805.1_gap65	2694274	2696364	2090	CTTTCGATAATTATCTTTTTTGGTCACCTTTTTTATTTCTCCATTTACATTATAGTCTTCATAAATTTTAGGTAACCAGAATAAAAAATAATCTGATTTATCCATAAATATTTCGAACCACTCTTTCATGTTTCTTAATTCGATTTCACCTTTGTTATTTAAAATTTCCAAAGAGTGCTGAAGTTTCAAAGTTTCTCCTTTTTCTTTTCCGCAATCTTCTGTGAGATTTTCGAAGTGTAACGAATGAGCGAATCCATTCCTAATATTTGCGAGTTGCATTAATTGAGAAAATTCATCTTCATCTATTATTGATAAACTACGTAAAACTTTCACTTTAGCACCAAATCCAATAATACTACCATTCATTAAAACTTTCATAAAATCATACTCTTTATCCTCTTTGGGTGAGAAATATGAAAGCAAAATATGTGAACAATAGTTTTCAAATTGATTGATAGTTACAATTACATTTGATCTAATTTCATGTACATTCAAATTATTTAAGTCACTTGCTTTAGTACTTATTCTATCATCGACTATTTTTATATCCTCCATTTATATTATTCTTTTAGTAAGTCGTTTTATGATGATTTCGTTTTTTTATTATTACGCATAACGTTTTGCTACTAGGCGATGTAGCGGGTTAAAATTCCTTGTTTTTCAGTTTTACGCCCAAAACTACAAGTACAAAATCGTTTTTAAATTCAGCCTATTCCCGCTATATTGCTTAGTAGCTGTTGTGTGTTCGGCTTTTTTTTTATTTTTTTCGGCAATTTAAGAATATTTTTCGTAAGTTTGGTAAAAATATTCTACCATGTCAAAAGCTTCAAGATTCAAAAATGATAGGTTATTTCAATTCCGCAATAGTTTTAAATACGGTGGTAGTGATTATATAGAATCCCTCTACTATTTAATTAAAGATGTTGAGTATAATAATGAAGACCAAGTTATTAAGGTTGTAATAATAATTATTGTTGATTTACAATGTTATTTAAATCTCAAAGAGCATCACAAGATTGAAAAGATTTTTGAAAATAGTATCCCAAAAGAAGTTCTTATGAATGCTGAAGTTTGGGAAATGCTATTGTAACTAATCACAATTACACCAATTACTATTTGGAACTTCTGTAACAGAAACTATTAAATAATCAATTTTTCTTTCTGGACTATATATTATTCTTGTTACATCGTAACCTCTCTCTTTTAACTCTTTTTCTAATTCTTTATTTGTCATATTTAATCTCTTTTTTCTTTACTTATACTAGCTTCTGAATAACTGTTAAAATCATAGATTTGTGTGTCAACTATTTTAGAAGTTATTTTCTGAAATTCTTCTCTTTTTACATCATCTTTGCAGTTAACCCATAAATTACTTGAATATGCACTATCGTCTATTCCTAATTTGGAATACATTTTATTTTTTGCATTATCAATTGTTTTATATTTTTCATCTTCGTTGTAATTTTCAATCTCTATTATTTCAGTAATGTACGTTTCATTTTCAAAATTAAGTGAATAGGATGGTTCGGGTGTTACTGTATATCCTAGAGTATTTGTATAGGATATTGGCTCAAAAACATCAAGTTTGGGTTTCTTAATTTTCATTATTATATACACAAATTTTTTGTTTACAGAAGGCTCTTGATAATTTGTATTATAATTGTTAGTATTATGAACAGTAGAAGTGTCAATTGTAGCCGTAGGATACACATCTTGGGAATTATTTGAATTACTATTTTGAAAATAATAATATACCCAAAATACTAGAATGCAAATTACTGTAATCATATATAAAATAGTAAAATTTGTACTTTTTTCTTCTGCTGTTACTATAGGAGCTTTGTTTATAGGAGCATCTTCTTCTAAACCCTCGTTTACAGTGTTTTGCAGTAACTGAATTTTATTTTCAAACTCTTCCTTTGTCAATACTCCATTATCCAGTAAACTTTTCAGTTGTTTATATTCTAAAGAGTTTTTTAGGTTTTGTTCTGTTTTTTCTACCTTAATTTTCTCAACTTTTGTGCTATATTCGTCTTCTGTTAGAATTCCTTTTTCTTTTAGTTCTGCTAAGTTTGAAATTGTAGAATCTA
NZ_CP176805.1_gap66	2706467	2707757	1290	TTATTTTGTAATTGTATTTCTAAAAATTCAATTGGTTTGTTGTTTTTGTCCGCAATTTGTCCGCTAATAGTTACTTGCGAAAACAATTTATTTGGGAAACTAAAAAATAGGGTTAAAAGAAGGAAATATATTTTACTCATAATAGTTTTATATTTTTTTTCAAATCTATATAAGAAAATCTTAATTAAGTAACACTTTCTTTATTTAATTGTGATATTTTTCTGTATTTTCTTTTTTATGCGGTTTGTGCAGCGCAAAGGTATCACATAACGTCCCGTTGCTTGGCAATGTTGCCGAGAACATTAACGAACTTATGAAAACTAGACTTAATATTACCAGCGTATTTTCCGCTGAAAAACTAAACGGCAATCTTGCCAAACCGCTGTGCTTGTTGCACAACTCCACCAAATATATTAAAACTTGTTTAAAAGAATGAATTTTTGTAAATTTATCCATGCAAGGAAAGAAGAATTTCACCCCCCAGTTATTTGTATCTGTTAATTTGTTGGATATGGTTCCAGCAGATAATTTCTACAGAAGATTATCAACCGAACTCGATTTACATTTTATTTATAAAGCCACTCAAAAGTACTACGGCAAAGAAGGACAAGAGAGCATCGATCCAGTAGTTTTTTTCAAGATTTTACTGGTTGGATATTTAAATAATATCAATAGCGATAGGCATTTGATTGCTTATTGTAGCGATAGTTTGTCTATTCGATTGTTTTTGGGTTACGATGTTTACGAAAGTTTGCCATGGCACAGTACCATAAGTAGAACACGTCAACTCTATGGCGAATCCATTTTTTTAGATTTATTTAAACTAGTTTTAAAAATGTGTGTTTCCAAAGGTATGGTTCGAGGCAAGCGTCAGGCAGTTGATAGCGTTTTCATCAAGGCAAATGCCAGTATGGATAGTTTTGTAGAGAAAGAAGTTTTAGATGACGTGAGTGCTTTTGTAAATGAATTAGAAGAGAATAGCGAATTTAAAACCACAAGTACCAGAAAAAAGCTAGTTGAACAGCACCACCATTGGAAAAAAGAAGCTTATAAAGACCAACCCAATCCCAGCTTCAACATTGATAAAGTAGATGCACATGGCAATTTAATACGACCAAGATTTGTATCAAATCACACGCATTATTCTCCAACCGATACCGATGCTAGGGTAAGTGTAAAGCCAGGTAAAGCCAGACAACTAAACTACTTCGGACAAATTGCAGTAGACGATGCGCACCACGTTATTACAGGAGCTTGTTCTGATTTTGCAGACAAGCGCGACAGTCAGTG
NZ_CP176805.1_gap67	2715152	2717624	2472	AGTAAAAGCGTACAGCGGATTGTTTGCAATACCGTTATATGTTTGATTTCCGTTACCACCTATCCAAAAATCACAGCCAATATAAACATCCCACGTTGATGAAAAAATATTTTTTGAACTTTTATTTTCTAAAGATTTAGTATACTGTCCATTTTCAAACTTATAATATATTTTTCCATCTTGTTTTTCTCGACAAAGACGATATTTCATTTCACCTTTTTCATAATTTATAACATCTTCGATTTGTCCTAAATTGTCACAACATTCTTGTCGGAATTCAGTTTTATATTCCCCGTCTAACTGTCCGTTTAAATCTTGTTTGTATTTTATAATAATTCTTTTAGGAGCTTTGTGATCATCGAAATATTTATCAAATGTATATAAACCAATAAGCACATTTTCTTTGAAAAATGCAGATGATTTTTCTAAAATTAATTTTCCTGAATTTAATGATTTAATGTATGTGCAATTTCCATCTAATTTTCCTTGTTTATAAAATGCTAATAAAACAATAGTGTATTTTTCATAATATGGATGATTGTTTGTATATTTTATTTTCCATAAACCATCCCTGAATCCATTTTTAAATTGACCATCTATACTTAATCGACTTCCCTTAAAAATAAATTTTCCGTTTTTAATTCGTTCTGAATCTTTATTTTCAATAAAATTATAAGATGCTATTCCATAATCATTAAATCTTGATACACCTTGAATGCTATATTTTCCATTATATTCTTTTATATTTTGAGAATAAATCATTGAACTAAAAAATATAAGTAAAATTAAAATTGTTTTCATTTTTTATCGTTTTTTTTTTTTTTTTGAATGTCGGCTAACGTTTCGTGGCTTGGCGTCAGTTGGGGTTTTGGTTAGCCAAATGTATCGATTTAAGACCGAACTTCCAAGTACAAAACCAACTTTAAAGTTTGCCTAAAGCCCCAATTGCGCCAAACCGCTGTGGCTGTTGCACAACTTGTAATTTCGAATTTGATTACAAAATTATCATTATTAGCTGTTTTTAACTAGTTGATTTACAGTAGTAATTAAAATTAAAACGCACAAAAAAAGTTGATTTTGGATCTTATTTTTAGTTGTGCAACAAGCACCGCTGTTGTGTGCTGTATTTTTATTTATTTTGAAATAGTAAAATTTCATTTTTTAAATTTTCTTTTAATGATTTTATGTGTTCATTCGTACTATAATCTTTGTAAAATATTTTTTTAAAATGTTGATTAAATAGATATAGAAAATTTTCTATTTCTTGTATTTTATCATCTCCATATTTTTCTATCATTTCTGAGTATGTTGAAGTTTTTGAATTTCCCCAAGTAGGCACATCGATATAACTTAATCTTTCACTTACAACAGGGAAAAACTTTAATAAATAAGTATCAAATTTTATAATTTGTATGTCTGTACTTATTGAAATATGTCCTCTATAATCTTCACTGGATTTGTACACCGACTTTATAAGTGTTACTTCAAATAGATCAATTAATTCTCTAATTTTCAATGAATCATTATTTAGTTGTTGAATAGTTTTTGTTAAATAATTGATTTTAGGATAATCAAATTTTATATTATTTTCAACACAATATTCTATCATATTTCTATTTGTACGAATATTGAATTGGTACTTTTGAAAATAATTTAGATAATCTTTTAGATAAATAAAATCAGCATTATTTGAAGGAATTATTATTATATTTTTTAATATGTTGTACAAAAAATATGACCCACTATTTAGTGAATATAAATTTTCACAATCAAATATTTTATCATTTTCTTTTATATAATGAATGGAATAATCAGTATTGTCAATCAAATAAAGCGACTGGTGTTTTGTTTTCCACGTATTATTTAAGATATAACCTAAAATCATAAATATTATTTATCAAAATTATTATGCCAACTTTCGAAATCATCAATTTTGTCAAATGAAATTTCTGTTCCTTTTAGTTTAATATCCTTAATAATTTGAATTAAACCATTATTTAAATTAACAAGATAAGGTCTTTTTTCAAAATCGATATGTTTAAAATCTCCGATTTGTTTTGTTCTTTCAGATTTTAAAATATATCCTAATTCTATAATTTGGTTTCTGTTTATCATTTTTATTTTCTATTTTTTGGCAATATAGCACACAACGTCCCGGCGCTTGGCGAGGTTGCGAAGTTCGGAACCGATTATTTTCTATCAAAGATAAAATTTCTTGCGAAATGTAAACGTGAATTTACTACAAAATTCGCAATCTTGCCAAACGCCTGTTGTGTGCTGCTTTATTGTTTAGTAGAATTTTAAAAGTTCATTAGTCAGTTTTTCGGCATCTTTTTTATTCATTCTTAAAGCATATGATTTAGCTATTTCAAGAATTTTATTATTATCAAATTCATATATGTCTTGATAGATTTTATGAGATAAAGAACTTAAAAATTCTTTAGGTTTCTCTTTTATTCTTATATAAAACTT
NZ_CP176805.1_gap68	2723283	2727589	4306	AACGAAAATTTCTTTTGTGTTTACAAAAGTAGGTTTACAAAAATGATTGCCTGAAAGATTAAATCCAACAAATGAAATGCTTGAATCGATTTCTCCTATAAATTTATATAAATCATTCATTTGCTCCTTATGTTTATTTATATTTTGCAAAAGACTGTTAAAAAGTATTACTTCAATATTAAATGAAACTTTTAATAATTCAAGAATTAACCAAAATGGCAGTAAATATTCATTTTTAAAGTATTTTTCTATTATTATTGCTTTTATTGTTTTTTCATATTTTAGTAAAGGTTCAAAAAAGTCTATATTTTCAAAAAATGTTTTTATTGCAGGATCAATTTTTAAAATATTTTTTGCTGTATTTAAAGTTTTTGAAAATTCAGATATATTGTCTAAATGATAGTTTATTGCTCCTTTATTTCTATAATGAAAAAAAAGATTTGTGCAAAAAACTGGTATTAGAGTTAAAAAAAAGATGTGTTTAAAAAATGTAATAATTATCAAGATGATAAATACTATATTTATTGTTAAACAAATTTTAACTAATCTTTTGTTTGTAATTACATCTTTATTGAATAATTCTTCAAAATAATATCCGTTTGATGTATTTAAATTAGATAATTCTTTGATACATTCATTTCTTTGCTTTTGGTTTATTTTAAAATAATCTATTAAATTTTGGAAAACTTCAAGTTGTTTGAAATCATTTTTTATAACACGTATTTTATAATATAGGTATTGTTGTCCAATTTTGGAAATTGTTCTATCTGTTTTTTTAAAAACATCATCTAAATCTATATCAATTGAAACTTTGTCGGTTATAAATTGATAATATTTTTTTTCTATGTTAATTCTATTATTTAGATATTTTGAAATAAGATAAAAATCGAAATTTGTATCTTTTTCATTGAACCAATTATTGCTGTTTATTTTTTCGCTTTTTTTCTTGCGAATTAAGGTTATATAAACAATTATCATTAAAATTAGGGCTATTATGTATTGCATTGTAAAAAAATTAATTAAAAAGGTTCAAACCCAAATATTTTGAATTTGAACCTTTTATTTTGATTATACTAATGTAGCAAACTTGTTTTGATTGATTAGATTTTCTTTGAATTTTCTCTTAATATTCGTGTATTTTTGAATATTTTTTGTTGTTAAACAAGTTGTAGAAAGTTTACAATTTTCACAATCAGGACAATTTGGATATCCAATATATTGAAAAATTGCTTCAGAGTCTTTAAATCCATCTATAATTGATTGGTGAATTCCTTTAATTGATTTGTTTTCAATTTTGCAATCAATATATTTTGAAATTCCTGAATAGTAATCGTTATCAATAAGTTTAAATTCATCAATGAATAAGTCTAAATATTTTTTAGAATTTACAAAATCTTCTGTAAGATAGCAAAATATTACCATTAAGAATGATAGTGGCAAATCGTTCCATTTACTTCTGTCTTTAAATTTTAATCGAAATATGTCTTTAGATTTAATTTCATTGTTTCTTATAAAATCAAGTGTTTCTATATTTTCGATAGCTCTTTTTAGTTTAGTTTTATCGTTGATAAATTCACTAAACGGGTAAAGTAAATTTTCTAATTCATTTTGTATTTCAGTTTTTTCATTTATCAACCCAGAATCATTAAGGTTAAATTTTCTTCCTAATAGGTATACTCCCGAAATATAAATATAGACAGTAGGAAAACCTAAAAATGAAACATCTCTAATATAGACATCATAATTTAAATTTTTAGCTAATACAAGTAATTCTTTTACTTCTTCTTCATATGATTTTTTTGGATTGAACGTATTTGGATTGAATTCATACGAACTATTATTGTAGAATAAAGTTTCAGGAAATATACCACTACCATTTTTCATAAAATTTACAAGATTTCTTTCTCTCTCAAATACAGATTCAGAATCTTGGTTATATAAAAATGGGCTATTTTCTTCGTTTGGTTTTGGTAATAGTGTATTCTGTATATCTTTTCCGTCTTTAAGTCCTTGAAAAATTTCGGTTAAAGTTCTTGATAATGCGACTTGAAAATCTGTATCAGAACCGATGTTTAATTTATATTTACCTGATTTTTTATCTACTATTATAAGACCTACGACAGGAAGATTTCTGTTGCAAGAAAAATCTTTTACAATAACTTCATAACCGTTTCTATCTATTTCATCAATAATATTTAATTCTTCGGGATAGTTAGATAAATAAATTCGTTCTGTAGTAGGAGGAGTTAAACGTTCGCTATAAATTATTGATGCTGCATTTCTTTCATATATTTCACACATTGCTTGAAATGTTGCTTCTGACAAAGTATTGCCACTTGCCATACCATTAGAACCTGTTATTGAAAACAATAAATTGTGTGGAATATTTACAACTTCTTTTCTTTTTAAACTGTAAAAAGGCATAGAATATATTCCTGAATGATTGTTTTTTTCTACGGTATCAAAAAAGCAATCAATTACTTCTTTGAAAATTGTAATGTCATTGGTTGAAAAGAAGTCGGATAAAATTTCATTTGGAAGTTTTAAAAAATCTTCTTTTGTTATTTCTTTTTCGTCTGGGTAGTAATAAATGCCAACTTCTTTAAAATTAGATTCCATTAATACTCTATTGAATCCGGAAGTTCCTGTTAATAATAGATTTTGAATTCTCTCCATATATTCTGCATAAGCACTTGCTAAACAAAATAGTTGATTTCTACCTTTTCCATTTTGTCCAAACTCTCCATCTTCAGTTATAGCTTCAATTCTAACAGAATAAATTTCGTCAAATGGATTGCCCCAAAGAGTTTCAATAGTCAAAATGTCTATTTCTTTTAAAATATTTTTGATTTTAAGAATTGTGTTTTTTGGTAATGCTTCTTTGTACGGTCTTTTAGATTGTAAATTCATTGAATAATATTTCATTGATTAATGTTAATTGATTGTGAAAAACTTGGGAATAAGTATTGTTTACTCCCAAGTGTAATGAGATAAATTATTTACATAATTAATCTTGTCATTCCTGCTTTTACTGCTGCTGCTGCTGATGCACCAACTAATGCTGGTCCGTCTGCTAATGCAGCTTGATAAAAAGCTGACGCATTACTTAAACTTGATCCTGCTAATAAAAAGTCCATAACATTTGAATTTAAGGTTAAACAATCATACTCTTTTTATTTTGGCTATATATCTTCCTTATGTTTTGCTTTTTTACCTTGGGTTGCAAAATATCTGAATTATCCCCTTATAACATATATAGGTAAAATTAGCTTTAAAATATTAGTCGATTTGTAACATAAGTCACTTAAAGCAAAAAAAACCGCAACATTTCTGTTACGGTTCTTATATATTTTATTTATGGTGATTTTTTCTGTTATTTTTTTTATTCATTCACTGCGTTTCGTGTAGGTCAAAGGTATCACATAACGTTTCGCGGCTTTTAGATGGTGGGGAATTCGTAACCTTCCAACTTTCTGCTTTGTAGAAAAGTTGATGCGAAACGGTAATTCCACTAAAACCCCACTATATCAAAACCGCTGTTAGCCATCGTTGTTTTAGTCAACCAAATTGGCGATTTCCATTCCAATTCTGCTATTAAAATTTTCTAGGTTTTTTGATTTCCGTACAATATATCGTGCTATTACGCCTTTTTGTTGATTACCAATAGGTTTTATTAATTCTTTTGCTTCTGCTTCAAATTCTTCATATCTTCCTTCGTGTTGTTGACTTACAAGCTCTTTTTTAAATGCAGTTTCAAAATCTTGTTCAAGTATTACTATTTTAGAACTTGGATCTGTATTACTATTAACAACTTTAACAATATCGACATTTTCTATTATATCTGCAGTTGTTAAGCCAAAACAGTTTGCAATATTTGTATTCGATGAAGTCTTATTTGGACTATTGTCATTGTCAATCACGACTATGATAGGAATATTAAATTTTGAATATAATCGCCAATATTTAGGGATTTGATTTTTACCATTTACACCAATTACAGATATCCCCATTGGATTACAATCTATATCTAAACTTTCCAATAATTCAGGAATTGTTAGTTCTTCTGTTTCTCCTTCCACTAGAATTAAATATCTTGCAAAAAAACCTTCGTTAAGTTTTATGTTTGAAGTTGTTTTGTAATATTCTTGTAAACTTGCTAATGTAACTTTATTTGCAGGTACTCCTGTTGAAATGCAGTGATCAAGTAAGCTAGTTTTTGAACAGGTTATTAATTTTGTGCATAATTTACCTTCATTTTCTTCATCATCAATTTTTACTACTCTTCCAATTTCATCAAAGAATTCGG
NZ_CP176805.1_gap69	2786703	2787203	500	TTAATTTTTAGTAGTATTTTTTCTTCGGTTCGTGTAGCTCAAGGGTGTCATATAACGTTTCGTTGCTAAAAGCAGTTTGGGACTAAATTAGCCAAAACTTTCGGTTTGACCAAATTTTCCTGACACAAAACGAATTTTAAATTCAAGACTAAAACCCAAATTGCTTGTAGCAGCTGTTATGGCACGGTGCTAAGAATCGGCACTGTTATTTTTTTAGTTTTTTTTTGCGTTTAGTTCAACCGCAAACTATTCAATTTCAGTAGTTTTTCTCAACACTTTTTTGCGTTCAGTTCGGTTTTTTAGGTTTCAATTTTCGGCAGTTCAAAAGTTCAGAATATTTTCAGAAGTTTTCTCTCAACACTTTTTTGCGTTTAGTTCGGTACACTTTTCAGACTTTGAATTGAGTCAGTTCGGAAGCGATTTTAGGTGTAAAAATCTCAAAAGTCTGAAGATAAATATTCACGATTGAAGTAACCAGAGTCGATTCGGCGCTGTGCCAT
