gap_id	start	end	length	sequence
NZ_CP104202.1_gap1	15640	16423	783	GCGTCCGGTGTCCCGGTGCGCGAGCGCTGGAGCTGGGTGCCGTCGCTCGGACTCGATTTGAGCTTCGTGCTCGACGGGCTGAGCCTTACCTTCGTTATGCTGGTGACGCTCATCGGCGCAGCGGTGTTTCTGTACGCTTCGGTTTATCTGCGCCACTATGAAGAGGCTGATCGCTTTTTCGGCTTCATCGGCATATTCATGACCTCGATGCTCGGCGTGGTACTGGCCGACAACATGCTGCTGTTGTTCCTCTTTTGGGAACTGACCAGCATCAGTTCGTTCCTCCTGATCGGCTTCAACCACCATGTGGCTTCGTCGCGCTTCGTCGCTGATTCTCGTCGGCGCGTTCACCAAATCGGCGCAGTTTCCGTTCCACTTCTGGCTGCCCGACGCGATGGCTGCGCCCTCACCGGTGAGCGCCTACCTGCACTCGGCTACGATGGTGAAGGCGGGCATCTACCTCATTGCGCGCTTCAACCACGACATCGGCGGCACGGCGCTCTGGCAGGATACGATCCTCTTTACCGGCGCGGCGACCATGATTTTCGCCGGACTGCTTTCCTACCGCCAGAGCGACCTGAAGCGGCTGCTCGCCTACTCGACCCTGAGCGTGCTCGGTACGCTCGTGATGCTGCTCGGCATCGGCTCGAAGCTGGCGATCAAGGCTTTTTTCATCTACCTGATCGCCCACTCGCTCTACAAGGGCACGCTGTTTCTGGTGGCCGGAACGCTCGACCATGAGACCGGCACGCGCGATGTCTTGAAGCTTGGCGGCCTGTGGAA
NZ_CP104202.1_gap2	18308	19732	1424	TGCAGGCCGTCGCCATCGTGCTCTTCAGGCGGAGCTTCGAGGAGCTTGGCACGGACGACGTTGACGCCATGCGCACGACTGACCGCATCGATGGAGGTGAGTCGTGAACCTTCTCGTCGCCATTCCCATCCTTCTGCCGCTCGTGACGGCGCTCGTCATGCTGCTGTTCCGGGAGCGTCCCGGCGTGCAGCGCGGTCTGGCGCTTGGCGCGTCGGTCGCGCAGGCGGCGGTGGCCGTCGCGCTGCTCGCGCGGGTGCACGCGGGTGGCATTCTCACGCTTCAGGTTGGCGGGTGGGCGGCTCCGTTCGGCATCACGCTCGTGGCCGATCTGCTCCCGGCGGCGATCTTCCTCTCGTCGGTCGGCATTCTCTACGGAGTGGCTGGCACGCTGAACATGGCCGACCTCTCGGCTCGGCTTCCGATGATTGAGCAGCGTAATCTGCTCTCCGTGGTGGCGGTGCTCTTGCTCGTCACCTTCGGCGTGAAGGTGGCGATCTTTCCGCTCTTCTTCTGGCTTTCCGCCTCGTACCACACGCCGCCGGTCGCCGTGTCAGCCATCTTCGCCGGGCTGCTCACCAAGGTCGGCGTTTATGCGATCATGCGCGTCTTCACCACGGTCTTCACCGGCCCCGAGTCGGAGGCGATTTTCCGCATCCTGCTCTGGATCGCGCCACTGACGATGGTGGTGGGCGTGCTCGGCGCGGCGGCGCAGTACGACTTGCGCAAGCTGCTCTCGTTCCACATCGTCAGCCAGATCGGCTACATGCTCTTCGCCATTGCGGTCCAGTCGCCGCTGGCCATCGCGGGCGGGCCGTTCTACATCGTGCACAACATCGTCGCCAAGACGAGCCTGTTTTACATCAGCGGCATCGTCCGCCACAAGACCGGAGCGTTTCAGCTCAAGAAGATCGGCGGGCTGTACAGCACGGAGCCGTTGCTCGCCGCGCTCTTCCTCGTCTCAGCGCTTGCGCTCGCGGGCATTCCGCCGTTGTCGGGCTTCTGGGCCAAGCTCATGGTGATCCGCGCAGGCCTCGAAAGCGGGCACTACTTCGTGACCAGCGCGGCGCTTGTGGTGAGTTTGCTGACGCTCTTTTCGATGATAAAAATCTGGAACGAAGCGTTCTGGAAGGATGACCCCGGTGTCGTCACGCCGACTGATGAAGCGCGGGGAGGCGGGCTCACGGTGATGCTCTACCTGCCGGTGGTGATGCTCTGTGGTGTTATTGTCTTTTTCGGCCTCTCCTTCGAGCCAGTCTATGACCTCTTCGCCCGCGCGGCGAGGCAGTTACTCGATGTCGAGGGCTACCGGAACGCAGTGCTGCGAGGAGGTGGGTTGTGAGTCAGTTTCTCTTTAACATCCTGCTCGCCTTTGCCTGTATGCTGCTTACCGGCGAGAGCAGCGCGCCGAGCTTCATCTCTGGCAT
NZ_CP104202.1_gap3	31903	36286	4383	AGCACATCCGCGCGGTTGGTGGCGGCCATGAGAATCACCCCTTTGTCGGTTGCGAAGCCGTCCATTTCGACCAGAAGCTGGTTCAGGGTGTTTTCACGCTCGTCGTTGGCTCCCATCATGAAGCCCTTGCCGCGACTGCGGCCTACCGCATCGATTTCATCGATGAAGATGATGCACGGCGCTTTTTCCTTGGCCGACTTGAACAGATCGCGCACACGCGCCGCGCCAACGCCCACAAACATCTCGACGAAGTCCGAGCCACTGATGCTGAAAAATGGTACGTCCGCCTCTCCTGCAACCGCTTTGGCCAGCAGTGTCTTGCCGGTGCCGGGAGGGCCGACCAGCAGTACGCCCTTGGGAAGCTTCCCGCCGAGCTTGGTGTACTTTTTCGGATCTTTGAGGAAATCAACCACCTCCATCACCTCGGCCTTGGCTTCGTCCAGCCCGGCAACATCCTTGAAAGTGATGCGGGTGTGCTCGTCGAGATTCTCATAGAGCGCGGCCTTGTTCTTGCCGATATTCATGAACTGCGAACCGGGGCCGCCCATTCTGCGGAACATGAGGAAGTAGATGCCGATAAGCAGACCGAAGGGCAACAGCCATTGCAGTAGTTCACTGATCCACCCGTTGCCCGGGGTCGCTTCGTAACGGATACCTTTCGATTCAAGAAGCGGAATCAGCTGCTCGTCCCGCACGGGGTTGACCGTCACCTCGTTTTTTGATGAGTTCTTGCCCGGCATCTGGAACGCAGGTGGATTTTGCCCGGAGGGTTTGTTTGCTGCTGTTGAGAGGGAGTCCTCCTTGAGTTGTACGTAGATTTTTTCCGGGGCGAGTCTGATCGATTCGACCTTGTTCTGGTCGATCAGCTTACGGAAGTCACTGTAGGCGATTTCACGAGTCGAGCCTGACCAGAAAAAGGCGAGCTGAAAGCCGATAATCAGTAAAATGACCGCTATATAGTAAAATATCGAAGAACGGGGCTTTCTTGGTCCGTTGTTTTCGGGTTCGTTTTTATAGGGATTGTTCAGCTTGAATGGGTTGTTTGCCATCGAGTACGCTCATAATTAAAGAGATTCATCGGGATCGTTGCCGATCTTCGGGCACGGAATTTGCGATGACTTTACACGCCGGCGGGATTCCTGTAGGCCAGAATATTAAAATAATACACCATATTGTTCAGATTCGCAAGATACATAACTCTGTTGAATTAATATATTCTTTCGACTAATAGTTTCTTGATCACCAGTGGCTGCGGCGCTCAGGGAAGGTCGATCGCTGTTCATTCATCGGTCGCCATCAGTTATATTAAAAGACGGCAGTGTGTGAACTGACCCGATAATTTTTCATGTTTTTACCATCAGTTATGAGTTCAGCAAGAGATAAGGCGAACCGCCGGATAGCTTCGCTCCAGTCGATGCTTTGTGTCGGCCTCGACAGTGATCCTTCGAAAATTCCCACGCTTTTCCATTCAATGGAGCGCCCGGTGCTTGAGTTCAACCGAGCGGTCGTCAGGGCAACCGCTGCTCACGCTGCCGCATACAAGGTCAATACAGCATTCTACGAATCGCGGGGGCTTGCCGGAATGCAGGATCTTGAAGAGACGCTTCAGGCGTTGCCGCCGGAGTGCCTGAGCATCGCGGACGCCAAGCGGGCTGACATCGGCAATACGAGCCGGCAGTACGCGAAGGCCTTTTTCGAGGCGTGGCCTTTCGATGCCATTACGGTGGCTCCCTACATGGGTTTCGATTCGCTCGAACCCTTTTTCGAGTACGAGGAGAAGCTCGTGTTTGTGCTCTGCCTCACCTCCAATCCTGGCTCTGCTGATTTCGAAGAGCGCATTCTCGACGATGCTCGTCCCCTCTATCGCGCCGTGCTCGACAGGGTCCGGAGCTGGCAACGCAACGGAAATGCCGGAATCGTCGTCGGTGCAACCAAGGCTGGTTTGCTGCAAGAGCTTCGGCAGGAAGCGTCAGAGCTGTTTTTCCTCATTCCCGGTGTCGGTGCGCAGGGCGGATCAATGCAGGAGGCGGTCAATCAGGGCGCTGATCCGGATCGCCTCAGCGCGGTGGTCAATGTGAGCCGGGCGCTTATTTTCCCGAAAGGCGATTTTCGGAGCGTTGAGGAATTTGAGGATGCGGTGCGTCGTGAGGCGGTGAGCCTGCATAGCGATATGAAAGATATCCTGTGAATTTATGTGTATATATTATATATAATGTTCGATGAAAAAAATATACGCGGTTTTCGCTCTTTCGGAAAAGGCCCGGAAACGTCAGTAAAGGGTAATAAAGATACCAGGGGAGTGAGTATATGTGCGGGATAATCGGTTACATAGGCAGGCGTGAAGCGGCGCCATTGCTGCTAAACGGATTGAAACGGCTGGAGTACCGTGGCTATGATTCGGCTGGTATGGCGGTCTTGAACGGTTCGCTGCAGATGCTCAAGAAGAAGGGTAGCGTCAGTAATCTCGAAGAGCTGCTGAATGTTTCGGGCACCGTCATGCTCGGCGCGACGGTCGGCATTGCCCACACCCGCTGGGCGACCCACGGCGATCCGAGCGACCGCAACGCTCATCCCCACATGAATGTTTCCGACGACATCGCCCTGATCCACAACGGCATCATCGAAAACTATTCGACGCTGAAGCAGGAACTAATGTCGGAAGGCTATGAATTTGAAAGCGATACCGATTCCGAAGTGCTCGTCCATCTGATCGACCGCATCTGGAAAAACGATCCGGTGATCGGTCTTGAAGGTGCGGTGCGCCAGGCGCTCCGGCATGTCGAGGGAGCTTATGGCATCTGCGTTGTCTCCTCGCGTGAGCCGGACAAGATCGTTGTGGCTCGCAAGGGCAGTCCTCTGGTGATCGGTCTTGGTGATGGCGAGTTTTTCATCGCTTCCGATGCGGCACCCATCGTCGAGCACACCAACAAGGTGGTCTATCTGTCGGACGGAGAGATGGCCGTTGTGACGCGCGACAACTACACGGTCAAGACGATTGAAAATGTCGAGCAGCAAAAAAGGGTGACGGAGCTCGATTTCAGCCTGGAAAAGATCGAGAAGGGCGGATTCGAGCACTTCATGCTCAAGGAGATTTTCGAGCAGCCCGAGGTGATGCGCGATGTCATGCGTGGCCGGGTGCGCGTCGAAGAGGGGCTGGTGCATCTTGGTGGTATCCACGACTATCTCGACCGGCTGAAGCAGGCCAAGCGGATCGTAATCTGCGCCTGCGGCACGAGCTGGCATGCTGGACTGATTGGCGAGTACCTGATCGAGGAGTTTGCCCGGATTCCGGTAGAGGTCGATTACGCCTCGGAGTTCCGGTACCGTAACCCTATCGTCTCTTCCGACGATGTGGTGATCGTTATCTCCCAGTCGGGCGAAACTGCCGATACCCTGGCCGCGCTCAGGCTGGCCAAGGAGAAGGGGGCGATGGTTATGGGCATCTGCAACGTGGTTGGTTCGACGATTCCGCGAGAGACGCTCTGCGGCATGTACACTCACGCTGGCCCCGAGGTGGGTGTGGCCTCGACCAAGGCCTTTACCGCGCAGGTGATCGTGCTTTTCATGCTGGCCATGGCGCTGAGCAAGGGACGCACCATTTCACACGAGGAGATTCGCCTGAATTTGCGCGAACTGGCGGAAGTGCCCGACAAGGTGGCCCGGATTCTGGAGCAGAACGACGCCATCAAAGAGATCGCCGTCAAGCTCAAGGATGCTCGCAACGCGCTTTACCTGGGCCGGGGCTACAACTTCCCCGTTGCTCTCGAAGGCGCGCTGAAGCTCAAGGAGATTTCCTACATTCACGCCGAAGGGTACCCGGCTGCCGAGATGAAGCATGGTCCTATCGCCCTGATCGACGAGGATATGCCGGTGATCGTGATTGCCACCCGCGACAACACCTATGCCAAGATTCTGAGCAACATCGAAGAGGTGCGCAGCCGCAAAGGCAGGGTGATTGCTATCGCCAGCGAAGGCGACCGGGAGATCGAGCGGCTGACGAAGGATGTGATCTACATCCCGCAGGCCTCCGCCGCGGTGCTGCCGCTCTTGACAGTCATTCCGCTGCAACTGCTCTCCTACCACGTGGCCACGCTTCGCGGCTGCAACGTCGATCGTCCGCGCAACCTCGCCAAATCGGTGACGGTGGAGTAGCGATTTTTTCTCGATTCAGTGGCTGTGGTTGGTAAATAAAGTCGGTAACTAAGAAATAAAAATTGTAACTGTAAAAAGTACAAGTCACTGGACGGCTGGGCGTATAAAAACCTGACCGATTGCTGCCGTTGGCCGACAGGACGACGCTCAGCAATGGCGTTTTATGTTTGACCACAACGGGGTGACGTACCATCTCCCCCAACTTGAGCTGGCACGAGTGCTGTTTTTTCA
NZ_CP104202.1_gap4	39926	42117	2191	ACACCCTCGTTCCGTCCGCTAGAACAGGCAAGGGTTGGGCGTCGATCCTGTCGTTGCGCAACCGGCTGTTCCGCTCGCTTCTCAGTCGATTCATCCCTCTCGTTCATTACGATCTGTTCCGCTCGCCGTTTGGCGTCCCGGCGCATTCCGTGCTGTTTTCCATCGATCCCCATCGATCCTGCCGCACTCATCTCATCGGCCATTTCCCGCCTTTTTCGCGTCAATCCGGTCAACGCTATCATCAAGGGCATGACCCGCTCACCGTCACTTGTCATCAGTGCCGTTCAGGCTGTGACAGTTTTTCCGCCGCCGGTCATCCGCTGACCGTCATTCCGTGCTGGCAATTGAACTGAAACAATAAAACAAGTGATAATGAAACAATATGTTATGGCGGCAGCATTGCTGTGCTGCGCTGCCCCGGCGTACGCAGCCTATCCTCTTGTTACCGACGATACCGGCACCCAGGGCACCGGCGGCTGGCAGGTCGAATGCACGACCGGATTTTCCTCCAACAGCAAGACCGACGGCGGCATCACGATAAAAGAGCGTGAAAACGAAGCCGCAGTGGTGGTTTCGTACGGCGTGGCGCAGAATATCGATCTGGTTGCGGGGTTGCCGTACCTGTGGCATCAGAATCAGGAAGATCAGCTTGTTACCGCCGATGAAAGTGGTATCGGCGATATGACGGTCGAACTCAAGTGGCGGTTCTTCGAGAGCGAAAAGAACGGATTCAGCCTTGCCCTGAAACCCGGCATCTCCCTGCCGACTGGTGACGCCGACAAGGGGCTTGGTGTCGGGCGGGTGACGGGAGGCGCGGTGCTGATCGCCACCAAAGAGCTTGGCTCGCTGACGCTGCACGCCAATGCGGGCTACCATCGCAATGCCTATGAGCTTGATGAGGACGCGGCTGCGTCAAACAAGGACATCTGGAGCGCATCCCTTGCGGGCGAATATGCGTTTTCGGAAAAGCTCAGGGCGGTGGCCGACATTGGCATTGAAACTGCCGAAGAGAAAGGATCGCGAACGCATCCCGCCTTCGTGCTGGGAGGGCTGATCTACAGCGTTACCGAAAACTTCGATTTCGACCTGGGCATCAAGGGTGGTCTGAACGATGCCGAACCCGATACGGCTTTGCTGCTCGGCGTGGCCGCGCGATTCAACTAAACTAAAGGAGGATAACCATGACCAATCTGAAATTTCGCTTTGTCGCTGTGTCCTCGATGGTTGCGGGCATGATGCTTTTCGGTGGTGGTGAGGCCTGGGCGATGCACATCATGGAGGGGTTTTTGCCGCCTTCGTGGTGCCTGTTCTGGGCGGCAGTGTCGTTGCCTTTTTTTGTGCTTGGCTTCCGGTCGATGCGCAAGATCGTGGCTGACAATCCGCGCATGAAGCTGCTGCTGGCGATGGTTGGGGCGTTTGCCTTTGTGCTTTCGTCGCTCAAGATTCCCTCTGTGACCGGGAGCTGCTCTCATCCCACCGGCGTGGGCCTCGGGGCGATCATGTTCGGGCCGTCGGTGATGAGCGTGCTTGGTGCGATCGTACTGCTCTTCCAGGCGCTGCTGCTGGCGCACGGCGGGCTGACCACGCTTGGTGCCAACCTCTTTTCGATGGGCATCGCTGGTCCGTTTGTATCATACGGCATCTACAAGCTCGCCGACGGGGTGAAGGCTCCGCGTTCGATGGCGGTCTTTCTCGGCGCGGCGCTGGGCGATCTGGCGACCTACGTCGTCACCTCGCTCCAGCTCGCCGCGGCTTTTCCGTCAGCGACCGGCGGGTTTGCTGCAGCCATGTTCAAGTTCCTCGGCATCTTCGCCGTGACGCAGGTACCGCTTGCCGTGAGCGAGGGCATTCTGACGGTGATGGTCTATAACACCATCCGCTCGTATGTCGGCGAGACTATGTTCAGTTCTGCAACGCTTTCCGGGGAGGTGAAGTGATGAAAAACAGGGACTTGTGAAAAATCTGCTGCTTGCGGCGTTGGTGATAGCGCTTGCGGCCGTGCCGCTGATGACCCTCAAACATGCCGAGTTCGGCGGCTCGGATGACCATGCCGAGGAGGCGATCACAGAACTGCATCCCGGCTACAAGCCGTGGTTTGCGCCGTTCTGGGAGCCGCCGGGTGGGGAGGTCGAGAGCCTGCTGTTTGCGTTGCAGGCGGCGTTGGGGGCTGGTGTGCTGGGTTATGGCCTCG
NZ_CP104202.1_gap5	68263	69963	1700	GAGTCCGTTAAGCTCCACGAAATAGTGCCCTGTGCGCACGAATTGTTTTTTGACATTACTGAAGCAAATAGCATTTAATTGTAAGTTCTTGGATGAACTTATAAACTTTCCTGTTAGAAGTGAGAATGCTCATCAATAATAGGTTTTTGGTTAAGTTACTAAGGGCGTACGGTGGATGCCTTGGCACAAGAAGGCGATGAAGGACGTGGTTTAACTGCGAAAAGCTGCGGGGAGGCGTAAACAGCCTGATATCCGCAGATCTCCGAATGGGGCAACCCACCTCGATAGAGGAATCCCGTAATGGGAGGCTAACCCAGGGAAGTGAAACATCTCAGTACCTGGAGGAAAAGAAAACAAAAGTGATTTCCTGAGTAGCGGCGAGCGAAAAGGAACAAGCCCAAACCGGTGTCTGTTTCGGCAGCGCCGGGGTTGTAGGACTCCAGCACGTGACAGCAAGCGATAGCAGAACTACCTGGAAAGGTAGGCCAAAGAAGGTGAAAGCCCTGTAGGCGAAATCGCAAACTGCACAGGAGGATCCTGAGTAGCACGGGGTACGTGAGGTCCTGTGTGAACCAGCGAGAACCATCTCGTAAGGCTAAATACTCTCTTGTGACCGATAGTGAACAAGTACCGTAAGGGAAAGGTGAAAAGTACCCTTAAGAAGGGAGTGAAATAGTACCTGAAACCGTACGCTTACAAAACTGTAGGAGCTAACCCACGCAAGTGGGGTGTGACTGCGTGCCTTTTGCATAATGAGCCTACGAGTTACTGGTATGTTGCGAGGTTAAGGTTTTCAGAACCGGAGCCGCAGCGAAAGCGAGTTCGAACAGAGCGAGAGTAACATGCCGTAGACGCGAAACCAGGTGATCTATCCTTGATCAGGATGAAGTATGGGTAAAACCATATGGAGGTCCGAACCAGTGTGGGTTGAAAACCGCTTGGATGAATTGAGGATAGGGGTGAAAGGCCAATCAAACTTGGTGATAGCTCGTACTCCCCGAAATGTCTTGAGGGACAGCCTCGGGGTCAAGTCTGCCGGAGGTAGAGCTACCAATTGGGCTAGGGCTGTCACAACGGTACCAAACCCAGATGAACTCCGAATGCCGGTATGACATACCCGGGAGTGAGGGCATGAGCGATAAGGTCCATGTCCGAGAGGGAAACAACCCAGAACCACAGCTAAGGCCCCCAAATTCACGCTCAGTGTATTAAAGATTGTTTGATTGCCCAGACAGCTAGGATGTTGGCTTAGAAGCAGCCACCATTTAAAGAGTGCGTAATAGCTCACTAGTCAAGCGATCATGCGTCGATAATACCCGGGACTAAGCGTGGTGCCGAAGCTTGGTGATTCTTCGGAATCGGTAGGGGAGCATTCCAGTTGCGTTGAAGGTGAGTGGTAACGCTTGCTGGAGCGGCTGGAAACGAACATGTAGGCATGAGTAGCGATAAACAAAGTGAGAAACTTTGTCACCGAAAATCTAAGGTTTCCTGAGCAATGTTAATCATCTCAGGGTTAGTCGGGACCTAAGGTGAGGCCGAAAGGCGTAGCCGATGGAAAACTGGTTAATAGTCCAGTACCCAATCATGAAGGTTATTACCTATGGGGTGACGCAGAAGTGAAAGGAGAGCCACCGGACGGAAGTGGTGGTTTAAGTGCGTAGGCTGAAGCGTAGGCAAATCCGCGCTTCATCAAGGCCGAA
NZ_CP104202.1_gap6	93982	98465	4483	AGTCCTTGAGGAAACGAGAGGCCGAACCGATGGCCACTTCTGGCACATTGATCTGATCGAAGGTTTCGGTGTCCATCATGACATAGTCTTCACCATCACGATAGAGGTACTGGTATTTCTTTCTCTCGGTGACGATGACATCGACCTGTTCGGAGGCGCTGAAGCGGTATTCGACGTTGCGGCCTGTCTTGAGGTTTTTCATGCTGGCCTGGTAGAAGGCGCGAAGGTTGCCAGGTGTACGGTGGACAAGGCTTTCGATGCTGTGCGGCACCCCATTCCAACGGATGATGGCACCTCTTGAGACGTTGCTGATTGAAACCATGACTTGACTTGCAGATAGGCGATACAGTACTGAGCCTGAATATCGAGGTTGAAAAGTTAAAGATATGTAATATAACACAGCCAGAACTGAATAACAATGACAAGCCAAGACCCGCTTGGCACAAGGGAGAAAAACAAATTGGATGTTTGTTTGGCAGTCTTTAAATTGAATTATTGTAGTAATTGGAAATAGGTAACCTGATTTTCCTCCAATATTTAAACGGTAAACTACTTATGTCGAAAGCCGAGTTAGTAGAACAGATTGCAGAGCAGACCGGTTTGACCAAGGCTGATTCTGAAAGAGCGGTCAATGCATTCATCAATGTGGTGACCTCAACCCTGAAGAGCGGTGATGATGTGACTCTGGTGGGTTTTGGTACTTTTACCACTGGCGACCGGGCAGAGCGACAGGGCCGCAATCCCCAGACAGGCAAGACCATCACCATTGCCGCCAAGAAGGTTGTCAAGTTCAAACCGGGCAAAGCGCTGAAAGAAGAGGTCGGTTGCTGAGCCATTACCGGAGCTTACAAGCCCATCGAACGATTTTTCAAGGTCCATCATTCGCATGAGCAGTGATGGACTTTTTTTTAAGGAGCAAGCATACTATGGCGGCGAAAGTAGTTCTCGATTTTGAAAAACCCCTTTATGAGCTTGAAGAGAAGCTCAATGAAATGAGGGTTTATCTGAAAAGCGGCGAGGTCGATTCAATGTCGGAAGGCCGCGCAGGCCTGAAGCGCGAGATCGAATCGCTTGAAGCAAAGGTCGAATCGCTTCGCAAAACGATCTACAAGAATCTGACCCGCTGGCAGAGGGTGCAGCTGGCCCGGCATCCGGAACGTCCCTATACGCTTGATTACATCTATATGATGATGAAGGATTTCGTCGAGCTGTCAGGTGATCGTAACTTTGGCGATGACAAGGCGATCATCGGCGGTTTTGCCCGGCTTGAGGACGAATCTGCCGGTTTTTCGCAGAGCGTCATGGTGATTGGTCACCAGAAGGGGCGCGATACCCGGTCGAATCTCTACCGGAATTTTGGCATGGCTCAGCCTGAGGGTTATCGCAAAGCGCTCCGCCTCATGAAGCTCGCGGAAAAATTCCGTAAACCGGTCATTACGCTGATCGATACTCCGGGGGCCTTTCCCGGCATCGAGGCTGAGGAGCGCGGACAGGCCGAGGCCATTGCTCGCAACCTTTATGAAATGGCTGCTCTGAAAGTGCCGGTCATCTGCGTTATTATTGGTGAAGGTGCCAGCGGAGGCGCTATCGGCATTGGTGTTGGCGACCGCATTCTCATGGCTGAAAATGCCTGGTACTCGGTCATCTCGCCCGAAAGCTGCTCCTCGATTCTCTGGCGGAGCTGGAACTACAAGGAGCAGGCGGCCGAAGCGCTCAAGCTCACGGCGGACGATCTGTTGGCCCAAGGCATTATCGACCGGATCGTGACCGAACCGCTCGGTGGAGCGCATCACAATCCCGAAGCAATGGCAGCGGCGCTCAAATCGATTCTGATCGAGGAGTTGCAGGGTTTGCTCACAAAAGATGCTCGTACGCTGGTGGACGAACGAATCGCAAAGTTCTCCTCAATGGGAGTGTGGGAAGAGAGCTGACAGTCTTTCAAAGCGAAACCCAAAAAGCAGTCTCTACTTGTCAGGTCTGCTTTTTTTACGTCATCGTTTTTTCGTCCTGTTCACGCCGTTTACCAAGTCCACATCGTTCATCGAAGTTTTGGCCCCAAAAAACCCCGGCGATGAACCGGGGTTTTCTGCTGGTATGTCGCAGTACGATCAGTTGATCGTCCAGGTGCTGTTGCCGGCGAGCAGCTCTTCGAGCGTGCCTTCGCCTTTTTCCTGCGCCTTGCCGATCTGGGCGTCGAGCGCCTGTTCGTAGGTGAAGCGGTCTTCCACATAGAAGATGCCGAACGGCCTCGGCAGGAACTCCTCAGTGCTGTTCGGGTCGTCGAAGAAGCGCGACAGGATGTTGGCCTTGATGAGGTCGTTTTCGTTGTGAATCCAGAGATCATCTTTCGAAATGCCCGATTTTTCGAGGTCAATCACTGTCGGCTTGAAGCCGTCGAGGCGAATGCCCTTCGAGCCGTTCGCACCGAAGACCAGCGGCTGACCTTGTTCGAGGTAGAGGGTTGTGTCGTCCTTCCGCTCCTTGTCGCTGAACGGACCAAAAGCGCCGTCGTTGAAGATCGGGCAGTTCTGATAAATCTCGACGATCGAGGTGCCTTTGTGGGCGTGGGCGCGCTTGAAAATTTCCTTCATCAGCTTGCCGTCGCGATCCATGACGCGGGCCACGAAGGTGCCGCCCGCACCGAGAGTCAGGGCGATGGTGTTGATCGGATAGTCCACCACGCCGGTCGGAGAGGTGACGGTTTTCAAACCCACTTTCGAGGTCGGCGAGTACTGTCCCTTGGTCAGGCCGTAAATCTCGTTGTTGAACAGCACGACGTTGATGTCGAGGTTCCTTCTGACCGTGTGGATGTAATGGTTGCCGCCGATGGAGAGGGCGTCGCCATCGCCAGTGCCGACCCAGACGCTGAGATCAGGGCGGGCAGCCTTCAGACCGGAAGCCATTGCCATGGCGCGCCCGTGGATGCCATGCACACCGTAGGTGTTGATATAGTACGGCAGCCTTGACGAGCAGCCGATGCCCGAGACCACGACAACCTCTTCGGTTTTCAGGCACAGTTCGGCCATCGCGTTCTTGAGTTGCTGGAGAACCATGAAGTCACCACAGCCGGGGCACCATTTCGGTTCCTGGTTCGACGTGAAATCCTTGGCGGTCAGACAGGTATGTGTATCGGTCATGATTCAGAGCTCCTTTAAGATATCGGTGATTTTTTCTTCGATTTCCATCTCGTTGAACGGCAGGCCCTGAACCTTGCTGAAGCCGACCGGTTCGATGAGGAACTTGTCTCTGATGAGGCTGAGCAGCTGCCCGCAGTTGTTTTCGGGAATCAGCACTTTCTTGAAGTTTCCGAGCATCGTGCCGAGATTTTTCGGGAACGGGTTGATATAGCGGAGATGCGCGTGGGCGACGTCGAGGCCGCATTCGCGAGCCTGCTCGACGGCTTTCTTGATGGCTCCGTAGGTCGAACCCCAGCCGAGGATGAGCAGATCGCCTTTTTCCGGGCCGTTGTCGATGGTGAGATCGGGAATAATATCGGCGACCTTTGCAACCTTTTCAGCACGCAATCTGGTCATGAGTGCATGGTTTTCCGGATCGTGCGAAACGTGGCCGGTTTCATTCTGCTTTTCGAGACCGCCGATGCGGTGTTCAAGGCCGGGTGTGCCGGGGATACCCCATGGCCTGACGCCGCGCTCGTCACGTTTGTACGGCAGATATGCGGGATCGTCGGCTTTCCGTTCCGGTGAGAAGACGGGAGTGATCGATGCGAGCTCGTCCGGTGACGGCACCAGCATCGGCTCGGAGCTGAGTGCGAGGTAGCCGTCGGTGAGGCAAAGGACGGGGGTCATGTACTCGACGGCGATCTTCGCGGCTTCGTAGGCTGCATAGAAGCAGTCAACCGGCGACATGGCCGCGATGACCGGTATCGGAGCTTCGCCGTGGCGTCCGTACATGGCCATGAGCAAGTCCGACTGTTCCGGCTTGGTCGGCAAACCGGTTGACGGGCCGCCGCGCATGACGTTGATGATGACCAGAGGAATTTCGAGAATGACCGCAAGGCCCATGCCTTCGGTTTTGAGCGCAAGGCCAGGGCCGGAGGTGCTGGTGGCGGCAAGCGCGCCGCCATAGGCCGCGCCGATGCTGGTCAGGATGCCGGCAATTTCGTCTTCAGCCTGGAAGGTTTTGACGCCCCACTTCTTCAGTCCGGCAAGGGTCTGGAGAATTTCGGAAGCCGGGGTGATCGGATAGGAGCCGAGAAAAAGTTCCAGTCCAGCCTTTTTGGCGGCAGCGGCAAGACCGATAGCCGAAGCTTCGTTGCCGGTCACGCGGCGATAGACGCCCGGCTTTTTCTGTGCCGGTGCAACGCAGAAGCGGCCATGTTGCGAGAACATTTCGGTTTCGTCACCAAAATTGTAACCCGCCTTAACGGCCTTGATGTTGGCGTCTGCAATGTCTTGCTTGTTTTTGAACTTCGATTTGAGGGTCTCAATCGTGGTTTCGAGCGGCAGGCTGTAGAGCCAGTACA
NZ_CP104202.1_gap7	103417	104656	1239	GAATATGGTATTCGGGATATGAATGATGGCCGTCATGATATATTTCCAGAACCACGGGGTATAAAGAACGTCCTTTTCTTTTCAATTGCATTGATAATATCGCTGGCGATCTGATCTGGCTTTGCTAAAAGAATGTCCGGTGCGGAAATGCCTTCTGTCATAGGTGTTTCGACCATGCCGGGCTTAATGGTCAGCACGTGAACACCGCTTTTGTGAAGGCGGGCACGAAGTCCCTCGCAGAAGGTCGTGACGGCGGCCTTCGCTGTTCCATAGACATAGTTGGATGGCCGTCCCCGATCACCCGCAACAGAACTGATCACGGCGATTGTGCCATGGTGCTGTTGTTCCATGATGTTTGCTATGTAGGTAAGTAACGATATCGTGCTCAGTGCATTGGTCTGAAGTTCTTTCAGCGCCAGCTCAGGGTCGGTTTCACACTTTTTTTGATTGCCAAGAGTGCCGTGGGCAATAAGAACTGTGTCGAAAGAACCTATCGTAGCCTTTGCTTTTTCGAGTACAGTCCGGTGGTTCGCTGTGTCGTTCGCATCAAACAGGGCGGTTTCAACAGCAGATGCGCCTCTGACAAGCAGATCTGAAGCGATGGTCTTCAGGCGCTCTTCATTGCGGGCGAGCAGATAAAACCGATGGCCGTTTGCTGCAAATTGTTGCGCCGTCGCTTCAGCGATAGCGGATGTTGCGCCGATGATAAGGATATTCTGCATCAGTCAAGTCCCAGGCGTTGTGATTGCATTGAGAGGAATGTATGTCGGGCACCATATTGCTGCCTGATATTCTGAAACTCTTCCCATTTCGGGTAGCATTTTCTGAAGGTTTCAGTGTTCATCCTTGCGTCTTTTGTCAGATAGAGCCTGCCCCCATGATCGAGTACCATGGCATCAAGCCGGTCAAGAAGCGGAAACAGATTCGGTTCGATTTTAAAGTCGAGAGCGAGGGTATAACCTTCCATCGGAAAGCTCAGCAGGTTACGGTTCTCTTTGCCGAATGCTTTGAGCACGGCAAGAAATGAACCTTTTTTCGAGTTGACAATGGTACGAAGAATCAAGTCCATGGCTTGTAGGCCGGCCTCTTTCGGAATAACGAACTGATATTGGGTAAAGCCGTTTTTGCCATACATCCGGTTCCAGTGACCAATTCCGTCAAGCGGATAGAAAAACGGATCGTAATGAACCGTTGCATGCGTTTCCCGTTGCCTTACTTTGTGATAGTACAGTGTATTGA
NZ_CP104202.1_gap8	114901	118473	3572	ACATCAGGTTATGGCTCATGACAATTGCGATACCTGTCTGCTTCAGGCTCGACATTGCTTTTATAGCGGTATATTATCGCTTGCTGCACGGATTTCGTCAATCAGACAAATCCTGTTGTAATGCGCTTATTTACAAATACTTCCCATAGATTTTACTTCCATGGAGCTTTTCTCGAAACTTGCCGATTTTATTCTGCACATTGACGGGCATCTTCAGCTTCTCGCTTCAGAGTACGGTCTGTGGCTTTATGGAATCCTTTTTCTGATCGTATTCTGCGAAACCGGTCTGGTGGTTTTTCCGTTTCTGCCAGGTGACTCGCTGCTCTTCGCCGCCGGATCGCTCGCCGCGATTCCGATGTCGCAGCTCAGCCCGCACTGGCTCTTCGTCATCTTCACGGCGGCGGCGCTTTTGGGCGATACGGTCAACTACTGGATCGGCAGAAGTCTCGGGCCGAAGGTGTTCCATTTCGAAAAGTCGGCCTTTTTCAACCCGGAGCACCTGCAAAAAACGCACGGCTTTTTCGAAAAATACGGAGGCAAGACCATCATCATCGCGCGTTTCATTCCCATTGTCCGCACCTTTATGCCATTTGTGGCTGGCGTCGGGGCCTTGCCTTATCCGAGATTCATCATGTTCAGCATTGCGGGGGCATGGCTCTGGGTCGGGATTTTCAGCTATGGCGGGTACTTTTTCGGACAACTGCCGGTAATCAAGGCCAACCTGAAACTGATGATCGTGGGCATTATCGTCGTATCGCTGATGATTCCAGCCATCGAGTTCGTGAAGCATCATTTTCGCAGCAAGGCCAGTCTGGATGCGGATTGAGGAGTTTTCCGGTTAAAAAAATAATTATGGTAATTTCCCGAAACTTCTTATAATCCAGTCCTTAATCGGCGTATAGCGCAGCCTGGTAGCGCACTACCTTGGGGTGGTAGGGGTCGTGGGTTCAAATCCCGCTACGCCGACAAGTTTTCCCCTCCTTCAGTATCCGGAAGAGTTCCTTTCTCAACAAAAACCGGAAATCATTTATGGACTTTGAATGCCAGTTCGTGTGCGAGCTGAAAGAACTTGCACCGGTTCCAGCCCTGCTTATCCGCACGCATACCACCATGAGCGAACTCGGTTCGCTGTTTGAGACCGGTTACCATGAGATTTTGCAACTGCTTGCAGGCCAGGGCAAATCGCCGTTGGGGCCGCCCTTCGCGCGCTACTATGGCATGAGCACCGGTTCGTTCGAAATCGAATTCGGCTTTCCTGTCGAGGGCGAAGTCGAAGGCAAAGGCCGCGTTGTTGCCGGTTCGACTCCCTCGGGCAAAGCCGCGAGCAGCCTCTACATCGGCCCGTACGGCGAGATCGAAGGGGTGTACGATGCGCTCATGAAGTGGGTTGACGATAATGGCTTTGAGCTGAGTGGTGAGGCGTATGAAATCTATCTCGACAATCCTGCCGAAACGCCGCCAGATCAACTCCGAACGCGAGTCTATCTGATGCTGCACGAAGGCTGACGGGAATTCTCTTTCCGTCACGGCGATTATCAAGAGAGAAATCTTTTAATCTTCGCCGCTTTTCCCGCATGAAGTTGTCTGATCTGCACTGCATCGTCATCGGTGCCGGAATCGGCGGGCTTGCCGCCGGAGCGCTGCTTGCCCGCAGGGGTATGCAGGTGGTGGTGCTCGAAGCGCAGCGCTATCCCGGTGGCTGTGCGGCGACGTTTTCGTCCGGAGCCTACCGGTTCGATGCGGGTGCGACCGTCGGCTGCGGATTCCACTCCGGTGGGCCGCTCGACCGGCTTGGCCGCGAACTCGGCATCGACTGGCCAGTGCATCCCGAGCCGCTGGCGTGGCAGTACCGCCACCGTGGCCTGCGGCTTGATCTGTTCTCCTCCCGCGATAACATTATTGACCGATTCCCTCGCTCGAAAGCTTTCTGGGGCGAACAGGCCCGGCTTGCCCGCACGCTCTGGCGTTTGTCCGCCGCCGCCCTGCCGTGGCCGGCCTCAGGCTTGCCGGATATTGCCGCACTTGCCGCTCGGGCATTTGTTAGCCTGCCGGACTCCGTTTTTCTCCTGCCCTTCATGCAGCGCACCGCACTTGACTGGCTCGCTTCGTATGGACTCGATTCCGATGCGGATTTTGTGCGCTTCATCGACGCCCAGCTTCTGATCTCCGCGCAGACCACCTCGTGCTACACCAATGCACTCAACGCCGCGATTGCGCTTGACCTGCCGGTTGCCGGAACATGGCGTGTCGAGGGCGGCATCGGCACCGTGGCCCGGCGGCTTGCCGACTCCATCGAACGCGATGGAGGGGCGGTGCTGTATGGCAAGAAGGTGACGCGGCTCGACACCATCAACCGCGATGCGCTGGGCGTTGAAACCGCCGATGGCGACGCTCTGTCAACCGATGCAATCGTGGCCAACCTTACCCCTGATTCACTCGAAATTCTCGATGACTTTCGTCGGTCGGGTGAGCGGGAAGCGCCGGTCTCCAACGGCTGGAGCGCATTCATGCTCTACCTCGGCGTCGATGCGTCATTTTTCGAGCACGCCGGAGCTGACCACCTCCAGATCGTCGCGCCGGAGGGCGAGCTTGGCGAGTGCCGCAGCCTCTTCGTCTCGGCCTCCCCCGCGAGCGACGCCGGGCGAGCGCCTGAGGGGCAGCGAGCGGTGACTGTCTCAACCCACACGAGGCCCGAGCGGTGGTTCGCGGCGTTGCAGCAGGGGCGCGAGGCGTATGACGCGCTGAAGCGGGAGTACACCGAGCAGGCGCTGGCGCTGCTTTACGAGCAGTTGCCGGAAGCTCGTGGTGCAATTCGATCGGTTACAGCCGCTACGCCATATTCGTGGGAGGCATGGACGGGCCGTCGCTATGGATTGGTCGGCGGCTACGCGCAGACCTCGCTTTTCGGCGTGCGCGGCCCGGCCACGAAGTACGACAATCTGTTCCTCGTCGGAGATTCGATCTTTCCCGGCCAGTCTCTGCCGGGGGTGGTCACCGGAGCGCAACGGACGGTTGAGCTTCTGCTGCGGCGTGCCGGGAAGCTTGGGCGGTTATAGCGGAGAGTTCAGGGCAACCGCAAGGGTTGCTCCTGCACGTTGCTTGTCACTTTTCTGCTCCTCCTTTATATATTCGATCTATGGAGCTTCAGGAAAAAATCACCATCCTTTCGGGAGCTGCGCGATACGACGCTTCGTGCGCTTCGAGCGGGTCCAGCACCGATACGCCGCGCGGCGGAATGGGCAACACCTCGCAGGGGGGCATCTGCCACTCGTGGGCGGATGACGGACGCTGCATTTCGCTCCTGAAAATCCTGCTTTCCAACGACTGCCGTTACGACTGCGCCTACTGCGTCAACCGTTCGTCCAATCCCGTGCCGCGCGCCTCGTTCACCGCGCGTGAGGTGGTCGATCTGACGATGGATTTCTACCGCCGCAACTACATCGAGGGCCTGTTCCTCAGCTCTGCGGTCAACGTGAGCCCCGACCATACGATGGAACAGATGGTGCGCGTGGCGGAAATGCTGCGTAACGAGGAGCGCTTCGGCGGCTACATCCATCTCAAGGTCATTCCGG
NZ_CP104202.1_gap9	135120	138736	3616	GCTCGATCAGGTTCATCGGAAACACCTTGGCCAGCGCGTCCGGCCCGATCGGCTTGCCATCCAGCCCCACCGGCGGCGGCATGGGCGAGGCAAGGTCGGCCTGGATGTTGTACCATTGACGGGGCATTTCATCCTCGCCGAGGAGGATTTTGGTAGGCTCTGTACTCATGCGTGTTGTGCTTAGAAGTAAGAGAAAGAGAGCGGTGACAGCTCTCATGGCCGGGTGTCTGGTGGCCATTTTTTAAGGTAGGGAGAGCGCGGGCGGATTGCAACGGTTGGGGTGGGGATTGGGGGGGATGAAAAAATGGCGGGGAGGCTGGTCGGATGGCCCGCATTTTTGACGAACTGCGAATGTTGTTTAGATTTCTGAAATCGCCAGCTTCTTTTTTCCGAATCGAAAGGCGGCTCGTCGTAGCATGAACAATCCAAAGTAAAGGGTAGAATGCCAACGATTTCAATGTTTTACGGGATTCTTATCCGGATGTTCTTTCGTGACATCGAGAAACATCATCTGCCACACATCCATGCTGATTATCAGGGGCAAGTGGCCGTGTACTCGATTCTTGACGGTACACTTCTGGCTGGTGAGTTGCCGCCAAGCAAGCACAAGCTGGTTGTCGCGTGGATCGAAATTCATCATGATGATTTGCTGGCAGACTGGAATCTGGCTGTAAATGGTAAGAAACCATTTCCAATAAAGGGGCTTGACCAATGAGAATTGCAGAAGTTCATCCACAACCGGATTGGGTGTTGTCGATTGTCGCGGAAGATGGCCGTGTTGGCCTTTTCGATGTTGCGCCTTATCTGGAATATGAAGCGTTTGACGATCTTCGAGACCATGACGAGTTTATGAAGGTGAGCAATGGAGGATACTTCATCGAATGGGAGTGCGGCGCTGATTTGTCGGCGGACACCATCGAAGCGAGATGGCAGATTATTGGTAATATTGCCGAGAAAACATTGGCTTATTGAATTTGAATATGGCATCCCATTATATGGGCTGAAAATCAAGAATCTGCGCATTCTAATTAATTTTGTGCGTCAAGGTCGTGAGGGGCTACAATATTGACTACCAAGGCATCCTCGCGATGGTACCATCCTCGGATGTTGGTACCATCGCCGCGCATTTAAAGGCATGCTTGCCGGACGAATGGGCACATGCGTATCGCATGTCGACATCACGCCCGACGAACTTGTGGCGTTTTCCTTTAGGCAATTTCGAGTACGCCATCGACCACTTCTCAGAGATCGAATCCCTGCATCCGAGAGCTGACTATCCAATCGAAGATCGAGTCGTTGCTGTATGGGGTTGGTCTGATCCCACGCCAGCTAGGCGTAGCGCCTCGCGTCAACGTGGTTGGGGTCAACCTTCAAAGGGACATCTTCGGATAACAGACGATAAAGGACATTTCATCGCTCATAGCCTTGGCGGCAGCCTTGATGTAAATATATTTGCTCAGAATCGAGAGGTAAATCGAGGTTGCTCGGAGGAAGGCAAGCTGTTTACATCGATGGAGCGTTACTGCCGGCGCTATCCAGGAACATTCTGCTTTAACCGACCGCTGTACAACGACGACTCCTTCCGCCCCGCAGCGTTGGAATTTGGAATCCTAAAGCGAGATGGAACATTATCGATTCATACGTTCAATAATCCATAGGTTCGTGACGTTGATTGGGGACGTTGTTTATTATCATGAACTCGATATTCTGTGTAGCTCCTTTGTTTGATCTACCCAAAGTCATATATCCTGATAGCTTGGCTCGAGCGGGCGGTTTTTTCTAAAGTAGAAACGATGGATGGCGTTTTCGAGCAGAGGTAGGGTAGATGATGCGCTGAAAGAAGTTTGGTGCCGAAGGCGGGAATCGAACCCGCACGTTCATTGCTGAACACGGGATTTCAAGTCCCGGGCTACCCGTTCCGCCACTTCGGCAACCTTTTTGGAAAATCAGAGGTCGTCCAAATCAATATCCCTCCGCCCACCCTCCCACCTAATTCCCCCCTAACTCTCCCTTCGTACCATTACTCCTGACGCGGATGATCGCGTTGATAATTGAATCAAACAAGGAGTGATGATTATGAAACGTTATGGTTATGTGGCCGTTGGCGTTATGCTTTCGGCCGGGGTGTTTGGCGGCATGTTCGCGCAGTCGGCTTATGCGGCGGAATCCGGGAATGATGCGCTGACACTGCAAAAGCCAGCAATCAGCCTGTCGCAGGCCGTCAATGCCGCCGAGAAGTTTACGCGGGGACGTGCGGTTCGCGCCGAGCTTGAAAAGCATAACGGCCAGCCGGTTTACGATGTCGAGGTGGTCGATGGCGCGAAGGTGCTGGATGTTCGGGTTGACAAGGACAATGGCCGGATACTCGCGGCAAATGTGGACAAGGCGGATCGTGACGATGCCCATGATGCAGAAGATTAAGGGTCAACAGATCCGTTTGCCATTTCTGCCAGAGCGGTTGCGCTATCCCGGTAAAGGGTTTTATGAACGCCTGGATGTCGCCATGGTTAACCGGCTGATGGAACGCTCATTTCGGGCGACCTGTTCTTTCTTCTGAGTGTTGTGTTGTGGTGTGCTGAAACAGATGCGCGGGCTGAGGTTCGGAGGTGGGGGAGTTTTCCTCTTTCCCGGGCCGATGTCCGAGCCTGTTTCAGTTATTTCTGTTTATCCGAACTCCTTGGCTTTCGAGCCGCAACGGTTGATGAAAAAACGAGAAGTTATGCGAGTGTTGCTTGTTGAAGATGATGCCATGATCGGTGAAGCGGTTTGCGTGGCGTTGAAAGATGCGGCATACGCGGTTGACTGGGTTCGCCGTGGCGACGAGGCTGCCGAGGCGCTTCGGTATGGCGAGCATCAGGCCGTGCTGCTCGACCTCGGGCTTCCGGGGCGCGGCGGTCTGGAGGTGCTCGCGGCGCTCCGCCAGGGCGGGAGTTCGATTCCCGTTATCATCATCACCGCGCGTGACGGCCTCAGCGAGCGCATCGCGGGGCTGGATTTGGGGGCGGACGATTACCTTGTCAAGCCGTTCGACCTCGACGAACTGCTGGCGCGGCTCCGGGCGGTGATCCGCCGACAGGGCGGGCAGGCTTCAGGGCTGATCGGCAACGGCCAGATCAAGCTCGATCCCGCCACCCACACGGCATTTTGCGGCGAAAAGCGGGCTGTGCTCAGTTCGCGCGAGTTCGCGGTGCTGCACGCGCTGTTGCTCCAGCCGGGCCGGATCCTGAGCCGCTCGGCGCTCGAAGAGCGGGTCTATGGCTGGGATGAGGAGGTCGAGAGCAACGCCATCGATTACCTGATCCACCAGCTCCGCCGCAAGCTCGGCGCGACGAGCATCAAAAACATACGGGGCGCGGGATGGATGGTCGAAAAACAGCCGTGACGCCCTCCTTGCAACGGCGGCTGACGGTGATGCTGGCCGGGACGATCGTGCTGGCGGCGCTGGTCGCGGCGGCGGCATCGTTCTATTTTTCCTACCGAGAGGCCAAGGAGTTTCAGGACGACATGCTTTTCCAGATCGCGGTGCTTCAGTCTCGCGGCGAGTGGGATACCGCCGGGCCGGACGCTTCGGCTCCCGTCACCCTGAGCGATTCCGAGTCCAGAATCGCGATTTTTC
NZ_CP104202.1_gap10	231935	233103	1168	ATCTCCAAGATTCCGGTCATCCAGAAAGACGGCAAGTTCCAGGTCGATATGGACGCCGTCCGGCAGCAGAAGGCGGAGGCCGCCAAAACCAACGGCTCGATCGGCCCGGCGACCGGCAAGAACTGACCGCTACCTTCAGCTACCCAGCGGATGTTCTCCAAACTCAAGCTTCTCGCGAAGGATACGGTCATCTACGGCGCGAGCACCATTCTGGCCCGCAGTCTTAACTATGTTCTCGTTCCGCTTTACGCCAACAAGCTGACCACCTTCGATAATGGTATCCAGGCGGTGGTTTACGCCAACATCGCCCTGGCGAACGTCATTTTCACCTACGGTCTCGAAACCTCCTACCTGAAGGTCGCCTCCGACGCCATCAAACGGAACGAGGACGAACGCTCGCTGTTTTCGACCGCTTTCTTCAGTCTCTTTGTTACATCGATCCTTTTTTCGGCGCTGATGCTGCTCTTTGCGCCGTCGATTGCCGTAGCCATCGGCCTCGCGTCCAGTTCGGGCATCTACATACAATACGCCGCCGCGATTCTTTTTCTCGATACGCTGCTCGTCGTACCGTTTGCCGAACTGCGGCTGAAACGCAAGGCGATTCCGTTCGCGCTCGCCAAGGTGATGGGCGTGGTTGGCGGCGTGATCAGTACCTTCGTGCTCATTCTCGGACTTCATGCGGGTCTCTCCGGCGTGTTCATCGGCGAGGCGCTCGGTTCGGTGGTGAGCCTGCTTTTCATTCTGCCGGTATTCAAAAATCTCAAACCCACTTTCTCGCCCGGCATGTACCGGCAGTTGCTCGGCATCGGTCTGCCCTACGTGCCGACTGGCATCGCAGGTCTGCTCATCCACCTGATCGACCGGAACCTCCTGATCCGCATTTCGCAGCAGGATATCGACCGGCTGTACGGCGCGGGTTTCCAGGCTTCGGATATTACCGGTATCTACGGGCGGGTGGCGGCATTTGGTGTGGCGCTCCAGATGTTCATCCAGATTTTCCGCTTCGCATGGCAGCCCTTTTTTCTGCAACATGCCGACGATCCAGAAGCCAAGCCGCTCTTCAAGCAGGTGATGAACCTTTCGGGGATTGCGGTGATCGTGCTCGCCGTGGCCTGCACCTTTTTCGTGCCCGATCTGGTGCGCTACCACTGGGGCGGCAAGCTTTATC
NZ_CP104202.1_gap11	244575	245282	707	AGCACCGGCTTGGCGGTGATGAGGAAGAACTGCTTCGCCATCGCCCGCTCCTCGTCGTTTTCGAGAATGCTGCGCACCGGTACGCCCTCGCCGAGGCCGGCCACGATCTTCTCTGCCAGATCGACCAGCGCCTGCTGCTCCTTCTCCTTGCGGGCGCCCTTGCGGAGCTTGTCGATGCGCTTTTCCATGCTGTCGAGGTCGGCCAGCATCAGCTCGGTCTCGATGGTGGCGATGTCGCCTGCCGGGTCGATCTTGCCCTCGACGTGGATGATGTTCGGATCCTCGAAGCAGCGCACCACGTGAATGATCGCGTCAACCTCGCGGATATGCGAGAGGAACTGGTTGCCAAGCCCTTCGCCTTTGCTGGCGCCTCTGACCAGACCGGCAATATCGACGATTTCGAGCACTGCAGGTACGATGACCGGGGTTTTGACGACGCGGGCGAGTTCACCGAGGCGCGGATCGGGCACCAGCACGGTGCCGACGTTGGGTTCGATGGTGCAGAACGGGTAGTTGGCGGCTTCGGCCTGCTTGGCCGTGATGGCATTGAACAGCGTCGATTTGCCGACATTGGGCAGACCGACAATGCCGCAGCGAAGTGACATGGGCGGAGATGTTTGTTGAGAAAAACGGTTTTAACATGTAATCAATCCGTTTGGAAAAAGCAAATTAATTTTTTACAATTGCAGGCTGTTTTAAAATGCATT
NZ_CP104202.1_gap12	260276	263769	3493	TTCAGGCTTCATTCTCTTTCCGTCCGTTGCACCGTTTTGATTATCACCTCGATACGGATGTGCACGATGGCGTCGATTTCCGTCACCAGTGGGTGCTGAGCGTCCCCAAAGCCGAGGTGCATGGCCTGCTCGATATCAAATCGCTTTCGTCGGACAATCGTCAGGTTCTGCAATTCCGTGGGCGGGGCTACCACGATCACAATCTCGGCACCGTACCGATGTACGAATCCATCGACCGGTGGTACTGGGGGCGGACCTTTTCAGAACGTTACGATCTGATCTATTACGTGGTTTTTTTGCGCGGCTGTTCCGCCAAGCCACAGGCGGTACTTATGCTTCTCGATCATGAAACTGGGCGGCAGTCAACGTTTGACGCAGTGCGTGTCCGCGAGAGCCGCTTTACGAGAGGGCTGTTTGCGCCGGTTCACGGAAAAACGTTACGGCTCGAAGCGGAAAGCGTCAGCGTGGAGGTGCAGCATCAAAAGGCGCTCGACACCGGCCCGTTCTACCTCCGGTACACCTCATTGCTCTCAATGACGATCGGGGAGGAGGCGCAGGAGGAGGTTAGAGGTATCTCCGAGTTTCTGAATCCTGCGCCGCTGAAGTCGAGGCTGATGCAATTTTTTACGGCAAGTCGTGTCTGGCGTGCTGGCAAGCGATCTGCAATGTATGTCCTGTACAATTTTTTCAAGCACCGATTTGAAAGGTTTAATAGGATAAATAGGAAAAAATTTTAAATTCGGTGTCAATCTTTACGACCAATCCGTGTTTCCGGCATCCTCATCAGGCCTGAACAAGGGCACGTTTCGGTGAAGTATTCACGAGATGCCGTCAGGCAGCCGATGCTTTCTTGATTCATACAACTCAAGTCATTTAAAGGAGATAGATAGTAATGGCGCAAACTGGTAATTTCAAAAGCCCGGCAAGAATGAGTTCGCTGGGTCAGGGAGCCGCTCCCGCTTCAGTCGGTGCGGTTACCGGCGGCAAACCTCGTGAAGAGGGACTCAATGGAGTCGATTTTGAGCGCAGAGGCTTTCTGCACAAGATTGTTGGCGGAGTGGGGGCGATCGTTGCTGTCAGTGCGCTCTATCCGGTTGTGAAGTATATCATTCCTCCCGTGAAAAAGATTAAGATCGTCAACTCAATGACGGTTGGCAAAGCCTCGGAAGTTCCGAACGGCACGGGAAAAATCTACCAGTTCAACGAGGACAAGGTCATCGTTGTCAACCACGGCGGCAACCTTACGGCGGTCAGCGCCGTCTGCACGCACCTCGGTTGCCTGGTGCACTGGGATGAAGCCGCCGACCAGCTGGCATGTCCCTGCCATGGCGCCAAGTACACGCAGACTGGTCAGATTATCTCAGGTCCGCAGCCCTTGCCGCTGAAACAGTACCAAGCCAAGGTCGAGGGTGACAGCATCGTCGTCTCGATAGCGTAATTAATCAATACCTGAAAATCAAGGGAGTCAACTCATATGGCTGAAAATACCCAGAAGCCGGCCGCAGGTACTGCGCCTGCCAAGCCGAAACCGGCGGCCCCAGGCGCGGCAAAACCTGCCGCCAAAGCGCCTGCCAAGCCCGCGGCACCGGCTGCCGCCGCACCTGGTGGCGTTTACAAACCTCCGGTAGATCGTCCGGATCCGAATCCTTTCAAGGATTCCAAAATGAGCGGCCTGGCCTCATGGTTCCAGGAGCGCTTTTACGTGCTCACGCCGATCATCGATTACATGAAGCACAAAGAGGTGCCGAAGCATCGCCTCTCCTTCTGGTACTATTTCGGCGGACTTGGGCTGTTTTTCTTTATTATCCAGATCCTCACTGGCCTGTTGCTTCTTCAGTACTACAAACCGACCGACGCGGCGGCATTTTCATCGTTTGTTTTTATTCAGAAAGAGGTGCCCTTCGGCTGGCTGATCCGCCAGATTCACGCCTGGAGCGCCAACCTGATGATTCTGATGCTGTTCATCCACATGTTCAGCACCTTCTTCATGAAGTCCTACCGCAAGCCTCGTGAGCTGATGTGGGTCAGTGGTTTTATTCTGCTCGTGCTCACCCTCGGCTTCGGCTTCACCGGCTACCTTCTGCCCTGGAACGAGCTGGCTTTCTTCGCCACCCAGGTTGGCACTGAGGTTCCGAAGGTGGCTCCGGGCGGCGCTTTCCTCGTCGAGATTCTGCGTGGCGGTCCCGATGTTTCCGGTGAGACCCTCACCCGCATGTTCTCGCTGCACGTCGTGCTGCTTCCGGGCCTGGTGATGCTGGTGCTGGCCGCTCACCTGACCCTCGTGCAGGTGCTTGGCACCTCTTCGCCGATCGGTTACAAAGAGGCTGGCCTCATCAAGGGTTACGACAAGTTCTTCCCGACCTTTCTTGCCAAGGATGGCATCGGCTGGTTGATCGGTTTTGCCCTGCTCGTCTATCTGGCGGTCATGTTCCCCTGGGAGCTTGGCGTCAAGGCCAATCCGCTGGCCCCAGCTCCGCTCGGCATCAAGCCGGAGTGGTACTTCTGGGCGCAGTTCCAGTTGCTCAAGGACTTCAAGTTCGAGGGCGGCGAGCTGCTCGCTATCGTGCTCTTCACCATCGGCGGCGTTGCTTGGATGTTGGTCCCTTTCCTCGATCGTCAGGCTTCGCAGGAGAAGAAAAGCCCAATGTTCACCATTTTTGGTCTTCTGGTTCTGGCTTTTCTGCTTATCAACACCTACAGGGTCTATGACTCTTATGTTCTGCACCTGCCGAAATAAGTGATCAGTTCGATATGCAAACAGAAAAAGCCCGGATTTCCGGGCTTTTTCGTTTTGGCGTTTTTAGCGGGAAGCGGACGTTGTGGATGACAGGCTTACTTTTTGCCTGCTACCGGTTTCAGCAGTGCTCCCAGTTCGTAGCCGCTGATGAAAGCGGACATTTCGAGCTTGTCGATGGCGTCCAGCCATGTTTGCAAAACGGTTTTGCCACTCAGCGGTTCGTTCAGCATCAGATTCTGCACCATGATCCATGAGGCAAGGAGACTGAGCCGGCGTTCGCGGAACCACTCTTTGCCGTGCAGGTGCTGTACCTGCATGAAGGTTCTGAAGTGGCGCTCCCCCGATTCATGGAGTGCTCGGATCGACTGCATGAGCTGCTCATCCGGAGTTTCATCGCTGCCGGATTTTGTCCTTCGCGAGAGCAGGCAGGAGATGAGATCAACGGCTTCCGCGCCGTTGACCGGCCAGGTGGCGGACTTCTCGGCGAAGACCTTTTCAAGTGTGTTGCCGAGCAACCATTGGTCGATGATCTGCTTTTCGAGAAGCCCGTTTTCGCGTACCATATCCTGAATGCAATTAAGGGCGATCAGGGGTTTTGCCAGCGAGTGAAATGCTTCGTCTGTTTTTTCGTCGAGACCGAGCGAAACTTGCACGCGCTTGATGTTCTCCGCTTCTTCGAGCAGTGATTCGCAGCGCAGGGCGCAGAGGTAGCTCTCCGCAGCTTTTTCGGCGATGTCGTTGGGCTGTGTCAGCGGC
NZ_CP104202.1_gap13	312128	313065	937	GTTCGTCCCAACGCCTCGAAAGTCGCCTTCGCCTGGCTGGTGGCGCACCTCAGGCGGAAGGGGTACCTCTTGCTCGACGCGCAGATCATGAACCCTCACCTTGCGAGTCTCGGCGCAATTGAAATCCCTCACGAAGAGTACATGGTGCAGCTCGAACACGCGCTTGGGAAAAAGATTTCGTTTTTCTGAAAAANAAAGGGAAAAAGCTACTTTTTTGCAGAAAACGGAGGAGTATTCGGGCCTGATTTTTCTCTTCTCGACAACTTCCCGAAGCGCAGCCACCATTCAACGCTCGATCATGCGCTGTTTTCAAAGCGTGACAGGGAGAATCGGTGCTTTTGAGTTGGGGCGTAAGGGTTCATTAATCAAAAACAAAGGCAGACCGCAATGAAACAGAGATTTGTTCCAGCTCTCATTATCGTGCTTGCGATGAGTGGTTTTTTCAGTGGCGCATCGGTTGCTGCTGATTCATCACCCGCAGTTCCGAAAAAGGCGGCAACCACTCCGGAATCCGGGAAAACGGTTGCCAAGGATGTTCCAAAACCGGGTGGTTGGTCCAGGTTTGAATTGCTGTCATCTACGGATCGGGCAGTATTCAAGGAGACTATGGCTGGTCTCACAGGGGTGGGTTATGAGCCTCTTGCCGTCAGAAAGCAGGCGGTTGAAGGCGTGAACTACGAATTTTTCTGTAACGCGAGGGCCGTCTATCCCGGCACCGATTGGCATCCTGCAATGGTGATGATTTACAAGCCACTGAAAGGCAATGCAGTCATCAAGAAAATCAGCAAGATAGATGTGCGCTGAAACGGTGATCTAAAAAATTCACTTTTTACGGAAGCAAGACGGTGGAGGCCGTCTCGCGATGCTCTTCGAGACTTCCTCTTTTTTTATGAAACAGGTCTGTTTGTTCTGTCTTGTAATTGTTTATATCATTACC
NZ_CP104202.1_gap14	329645	330780	1135	GATGGCGGATCACGCTCCGGATTGCCCGCCAGATGCCATACGCGCCGAGAAGTATCGAAAAGTACAACAGATCGCGGCCATTGTTTCCGCTCACCGCTGGCGCATAGTACCAAATATACGCGGCGAGCACCAGAAATGTCACGGAAAGAAGCGCGTCGAGTGTCATCATGATTGGGAGACGCTCTTTTTTTTGTGCTTTTTCGGTGTTGTCTGAACCGGTGTCAGGTCTTTTGTCATCGCAGGGCGAAGATTTCCGCTCCGGGTAGAACCGCCAGTCTTTGTTGACGATCAGGCGCGCTCCGTAGCCGAAGGTGAAGTAGGACCATGCCCACTGCATCAGCACGAAGACGCGGTGCCGGAAGGTCGAAAGGTAGTAAATGTGCACCAACAGCCAGGTGAACCAGGCGAACGCACCGTTGATCTTCAGGTTGCCGATCTCGACAATCGCCTTGTTGCGGCCGATGGTGGCCATCTGCCCCTTGTCGCGATATTTGAACGGCTTGCGCGGTTTGCCCTTCAGGTCGTCGAGAATCATCCGACCGATGGCGTTGCCCTCTTGCATCGCCGCCGGAGCCATGCCCGGCAGGGTCGAGCCGTTTTCGAGGGTGAAGCAGGCCTGGTCGCCGCCGACGAACACCTCGGGATGACCGGGCAGGCTCAAATCCTGCTCGACCACGATCCGCCCACTGCGGTCGGTTTCGACACCCATCGCCTGGCCGATCTCCGATGCCTTCACGCCTGCCGCCCAGAGCACCGTGGCGGCCTCGATGCGCTCGCGCCCGATCTGCACGCCATCAGCGTCCACGTCGCTCACCATGCTCGACGTCCAGACCTGCACACCGAGCTTTTCCAGCTCGCGGGTCGCCTTGCTCGACAGCTCGGGCGAGAAGGTGCCAAGAATGCGCTCGGCGGCTTCGACGATGAAGATACGGGTCAGCTTCGGGTCAATGTGGCGGTAGAATCTCGACAGGGTGAAGCGGCTCATTTCGCCGATCGACCCGGCAAGCTCCACGCCGGTCGGTCCGCCGCCGACAATGACAAAGGTGAGCTGCTTTTTGCGCTCTTTTGGATCGTTCGTGCGTTCGGCGGCTTCGTACGCTTCCATCACGCGGCGCCGAATCTCGGACGCTTGGGC
NZ_CP104202.1_gap15	480952	483259	2307	GAGCAGTGTTTCGACGCCGAACACCTTCGTCGCCGCGCCCGTTGCCGAAATCGCCACAGCAGCTTCCGCCGCGTTCATTTTGGGCACGATCATCCACCGGATGTTCTCCCGTGCGGCCATTACGGCCATCGGCAACGTGCCGCTGATGCGCCGTACCGACCCGTCGAGCGCCAGCTCGCCGAGCACGATAATATCCTCGAATTGCCCCCTGATCTCGCCAAGCGAGCCGAGCAGGCCGACCGCGATGCCAAGATCAAACGAAGTACCCTCCTTTTTGACATCGGCAGGCGCGAGGTTGACGGTGATTTTCTTCGACGGCAGCTCAAAGCCGGAGTTGCGGATAGCAGTCAGAATGCGCTCGCGGCTCTCCTTGATTGCGCTGTCCGGCAGCCCGACCACCGTGAAGGCAGGCAAACCACCGGAGACATTCGTTTCAATCTCGACCTTCAGTGCGTCGATACCCAGCAGCGCCGCCGCGCAGAGTTTGGTAAGCATATATAAAACAATGAGTAGGGGTTGATCACTGCCAGCGCCGGTTCTATAAGGTTAGGGGATAAGCGCCGCTTTTGCCTGATTATACAGAAAAATACGGCGATTTCCACCTTGTGTTAACACGATGCGTTGCCACTAAAGCTCTTTTGGTGAAAAAGGAGGTGGGGGCAGAAGAGATTTAGAAGAGAGTGATGGATCCCGTGAAGAGGGGGGCAGGCATTGACCAGTCTGGGCCACGCGGCCACTGACAATCTGACTTCTTTGTGACAAAAAGGCGTACTTGCACTTACTCCGAGACATTCAACACTTGAAATACACCGGATTTCCAACAGCCAGAGAGACTTTTTGGCGGAACGGCTGGTGCTATAAAATGAGCAGTGGAGGTGACCCGTTCATTATGCCCTCGCTTGTTTTTTACCCCGTCGTTCTCAGCCCGCTGGAAATTGCGTTGACCGTGAGCAGTAGTTCGGGGAGCAGGGCGTCGGCTTGCTCCTGGTTGCCGGAGGCTTTGGCGGCTCGCCAGCTTTTAAGGAGGTCGATTTGCAGGCGGTGGAGCTTGTTGAGGCCCTCTTGGCGGGTTTCGATGAAGCGGGCGACGTTGAAGTGCTTCTCCCTGAGCGGGCCGCCGTAGAGCAGGTCGAGCAGGCGCATCGTGCGCAGATATTCCGCCTGAATCATGCCGAGCAGGTTTTCGCGAATGCTTTTGTTTTCGACCAGCGCGGCGTACTGCTCCATGATCCACGGATCGACCGAGAGAATGCTCGTGGCGATGTTGTTAATAATATAATGGAATGGTGCCCAGGAGAAGTCACTTTTGCGCATCACCTCGAAGGTTTCGGGATCGGTGGCGCGAAGCTCTTCGAGCGCCGAGCCGGCGCCGTACCATCCGGAGATGGCAAAACGGGCCTGGTTCCAGCTGAAGACCCACGGTATCGCGCGGAGGTCTTCGAGGCTCTGGCGTCCGGTGCGGCGCGTGGGACGTGAGCCGATGCGACTCGATTCGATGATGTCGATCGGCGTGGCCTGACGGAAAAAATCGATCAGTCCGTCGGTTTCGATGAGTTGCCGGTAGGCTTTGTTGCTGCTGTGGGCGAGCGTGTCCATCGCCTTTTCGAGCGGGTGGGGGCGGTAGCCCTCCTTGCGGTGGTCGAGCCGGGCTTCGGCGACTCCGGCCAGGAAGAGTTCGAGGTTGTAGGCCGCGCTGATGCGATTGGCGTACTTCTGCGAAATGGTTTCACCCTGCTCGGTGACGCGCAGTCCGGCGTCGAGCGAGCCGTGCGGCTGTGCCCGGATGAAGCGGTGCGTCGGCCCTGCGCCACGACTGATGCTGCCACCGCGTCCGTGGAAGAAGAGTATATCGACGCCATACTTTCGTCCTGCCTTGATCAAACGTTCCTCGGCGCGGTAGAGGCTCCAGAGGCTTGCGACGATGCCGCCGTCCTTGTTGCTGTCGCTGTAACCGACCATCACCTGCTGCACCGGCTTTTTCCGTCCGTGCTGTTCCTGCTGCAACGTTATGCTGCGGCGTGTGACAGGATGGGCGAGGAAGCGGCTGAGAATGTCGTGGCTGCGTTCGAGGTCGTCGATGGTTTCAAAAAGCGGCACCACCGGAATCGGGCAGGCGTCGCCGTCGCCGTGCGGCACCATGAGGCCGACCTCGCGGGCGAAGAGGTAGATGACGAGCAGGTCTGAGACGTTGCGCGTCATGCTGACGATCAGGGAGCCGATGCCGTCGGGGCCGAACTGCCGGTAGTGGTCGAAGAGCACCCGGTAACAGGCGAGCACGGTTTCGGCTTCCGGTCCGGCGTGCATGTC
NZ_CP104202.1_gap16	565680	570200	4520	GATCGTCACCCGCCATCCGGTGCAGGAGCGCGAACTCGAAGCGGCGCTCGGCAAGCTCTTGGCGGGTGACGCCGCGAAAATAAGCGAATCGCTCGAAGCGCTGCTTGCCTCGGGACGCTTTGAAAAGGTGCTTCAGGGCGGCGAGCTGTACTGGATCATCAAGACGGCGTGAACGGCCACCGGCGAAGCACTTCCAGTAACGGTCATGCTTCGCCGGTTACGACTCACTGATAACGATGATCTTTCCAGCGGTCATCGTCGCAGTCTTGACGGTCATCATAATCCTTCCTGTCATCCCGGTTGCGATCCCGCTCTCTTCGATCTTCGCGGCGATCCCTGTCGTAACGCTCTCCTCGTTTGTCATTGTGGTAATACGAACCGCAGTCGGCGAGCGACATCAGCAGCGTCGTGGCAAGCAGTTTTTTCATGATAGCCTTCTGGTCAGGTATTGTTTTCAGCATGGTCCTACAGCGTTTCTTGCGTTCCACAAACTTGGACGACAGATTTTGTGCAAAACAGCCGCCGTTTTGCTTTTTCTGGCAGTTCCGGTTAACGTTTTTTTCTGTTTCAGTATTGGCAGGCGTCGCACTGTTTGCAGAAATGAAACCTTCTCAAATGTTATGTTCGTAGCGATTGGAGACGTGGGATAGCTTTATTCACACTTTGACATTCAAAATCTTTCACTTCAACAAGCGTCGAACGGCAATGAAATTTCAGGCACTGAGATATGGCGAATTCTTCCAGGGCAACATCAGTCGCTACAATTACCAGCGCCCGCTCATCGTCAGGTTTATCAAATGTCTCCAAAGGGAGGTGCAGGAGTGGCTGGTCGAGTTCTACCCCGGAAGCGGCCTCAACTCAGGCATGGTGCTTGCTATCGAACATGGCGATCAGCGCGTGTTGTGTGAAATTGTTGGCAGGAAAGGGGCCGGGCGCTCCGTTCGGCTGCTCGATTCCGGCATCGATCTCGAAGCGCTCTGGCAGCAGAGCGAACTGGCGCTTGCCGAGGCCTGACCGGTAGGCGTAACAGGTCTGGCTCGAACACCGTCATTTCCTGAGCCTGAGCGGCAATCCACGGCGAATCAATGATACCCATGAATGGCGGAGGATGAATATGGTACGCGAATCAGTCGAATCGATCAAGCACAAAGTGCTCACCCAACTGTACGACGCCAGACGAGCAGGGCGAGAACCGGCGTCAATCAAAGCCTCGCCCGAAAACTACCATCTCTTTCTGGTCGCTTTCATGCACCAGCTCAGGATTTCTGAAACCGGCATCGAACTGTTCGGCATCCCGCTGGTCATCGAACAGAATATCGCCGAAATCGACGTGAGTCTGAACTGACGGCGTGACACTGATTTGCCTGCCGCACGTTCCCGATTCAAGCTCAATGGCCGTCGTAGTCCGCCCAGTTGTTTGGCGTTTCGTACCAGCGGAGGTTTTTGAGGGTGACGCCTTCGGGGAGTTTGTCTTCGATCTGGTTGAAGGCCCATTTGGCGAGGTATTCGGCGGTGGGTGGTTCGTCGGTCACGAGCACGCGGGTGTTGCGCCTGAGGATGAATTCGAGGTCTTCCTTGTCCTCTTTCCAGACTGCAAAGCCGTGGTCGAGCTGGTCGTGGATATGTTCGTCCATGATCTGGCGCAGGAACTTGAAATCCATTACCATGCCTTCTTCAATATCTCCGGAGCGGTCGATGACCGGCCCTTCGACGGTTGCCACGATAACGCCGCGATGGCCGTGCAACTGGTTGCAGAAGGTGAAGCTGTTCGGAAGGGTGTGGCCGTAGTCGATTTCGATTTTCCTCGATATAAGCATGGTGTCGCGCGGTGTCGTGTTCACGAAAATGTTAGAGAAGTGTACGTAAATTTTTCCATAAAACATGGGGTAAACTGAGCCATCGCAGCGGCTTGCGAGGCAGCTCGCCGTGGGCGTTTCGTGACGCTAAGTTTGTCAGCGGCAAGCGGGTGGTTTGCCTTGTTTTGTTTACATTTGTCGGTTGACGCCGCTGCTCGACGCTGGGAAACCTTTAAGCTGCTGGCGGCGCTTTATTGCATGATGCGGCAGGTAGTTGTTTCGCGTTGCCGTAACCATTCACAAGGAAATCATGAGCGTACAGGATATTTGGGCAAGGATTCTCGAAGAGGCGCGTCTCGAATGTGAGCGCGAGCCGGAGATACGGCTGTTTCTGGAACAGCACATTCTGCGATATGAGGAGTTCGCTCCTGCGCTGGCGATGCTGCTCTCGGTGAAGCTCGGTTCGAAGCACTTTCCGCCGCCGGTGCTCGAAGGAATCTTCGAGGATTTTTACCGGCAAAGCCCCGAATCTGTCCGGTGCGCAGCCTGTGACATGGAGGCTACCCGTGAGCGCGACCCGGCAGCGGTGAACTATTTCGAGATCATGCTTTTCCTCAAAGGCTACCAGGCGCTTCAGTCCTACCGGCTGGCTCACTGGCTGTGGCAGAACGACCGCAAATCGCTGGCCTACTTCCTCCAGAACCGCATGTCGGAGGTTTTCGCGGTAGATATTCATCCTGCGGCTAAAATCGGCAAGGGCATTCTGCTCGACCACGCCACGAGCCTTGTCATCGGCGAGACCGCCGTGGTGGAGGATAACGTTTCGCTCCTGCACGAGGTGACGCTTGGTGGCACTGGCAAGGAGAGCGGTGACCGGCATCCGAAAGTCGGTAAATCGGTGATGATCGGTGCCGGGGCCAAGATTCTCGGTAACATCAAAATCGGAGAAGGCGCGAAGGTCGGGGCGGGCAGTGTGGTGCTGGATGATGTTCCGCCGCACTACACGGTTGCTGGCGTGCCAGCACACATCGTGGGACGCACTGAAGTTCCCGAACCCTCCCTCGACATGAACCAGCGCCTCATTTTCCCGGAAAAACAAAAGCCGAAAGGCGAGCAGCACTCGTGCTTATAAAGAGTAGTCGCGGGTGATGAGAAGATGTGGCAGATGGGTTTGTGCTTACCTTTCTTTTTGATTGGCAATCTATCACAAATGCAACGTAAGGTCAACGGGATGGTCACCTTTTGGTGTTCCATGGTAGGATTATTGGAGGTGGCGTCATCCCATTACTACCTGATGCGAGGGCGTTTGACGAGTTTTTTCCCCATGTGCATCAGAACCGCCATGCTTTTACGAGCAGCCGATGTATAAGTCATTGCTCAGTAGTGCAGTGTTCAGCGCCAAGTTTCTCGATAGTTTACGGTTGAAGAAGCAATCATTCTGAACAGGGCATTTTCTTCGTCTCGCTTCAATAATCCACTCTGTTTATGTTCAAGCCCAGCTCTCCCCTTATCACCTCGGGGGAGCTGGGCTTGACGACTTTACGCGCTCCATTTGCCGTTTTTCAACAATTGCAATGCACGGATCGTTCAAATATGAAATATCTATAAGGTCGCAAAAACTTTTTGTGTCTTTTTGTAATTTGGTATATATTAAAAGTGAATAAAAAAGTGCGAGTATATAAATAGATAAAAATAGCGAGTAGTTTTTCTGATTGTTGCATATATAGTTCGCATGTAATGTCTTTTGATAGAAGAAAATAAGGATTTTAATACGAAAAACGGAATCATCATGGAACAGCTTATTACATCTTTAATCAGTGCGTTGTCAGACATGTCTCCAATGCAGCAAGCCATAGCCTTATCGGCAATCGGCGTGATGAGTGTAGTATGGTGGGTCAGGCATCTCGACAAAGAAGCGGGACCTTATTAAAATTTTCCTTCTGCTTTTTTTGTCGTTCTGAGCAAAATGTTGCTCGAACTGCAAGCTATATCTACGTTTAAATATCCGCGGCTTCGATTCGAAAAGAACCGACCGTGGACGTTTTATTGAATTCCCTACACAATATCGACGACCATCTCCACCGGAAAGTGGTCGCTGAATCCTTTCTTCGTTTCTTTATCAAAAGCCTTGGGTCTCCCCTTTGCTCCGGTAGCCGTTTCCGCCGTGGTGCATATCCGCATCGACTCTGGTCGCGCCTTGAGGCCTGACGTACCGTAATAAAGTCCGCGCGATACCATGAACTGGTCGAAGACATTCATAGTGTTTGCTGAGTCGCCACTGAAAAAGATCGTGCCCTTGTCCGGATTGGCGAGCAGTGGCCACGATAGGTTGAACAACGCTGGTTGGCGTTCGATGTACGCATTGATGGGAGGAATCTCGTGGTTCGGTGCGCCCTTCAGCTCCTCTTCGACTTTGTCGAGGTCTTTTGATGCCAAGAGATAGTCGGTGACGCTGCGACAGAACGGATCATCGTTGAAATCACCCATCAACAGTACATTGCGGTTCCATCGGGCATTCAGCTCGGCAAGTGTTCCTGCAATGTCCGGAAGCTTGGCGTACTCCTTCCTCTCGATTTTCAGTACATCATTTACGAGCTGGCCGCAACGCTCCGCTACGGCGATGCGGAGTGGCTCCGATTGATACTGCCCGTTCTTGCGCGATGGCCAATGGTTTACGAATACATTGAGTTCCACTTCGGAACCCTTGAGGATCAGCCGAACCTG
NZ_CP104202.1_gap17	745814	747072	1258	CGATCAGATCGTCGAGATCGGTAATGGCGTCGATCCGCTCTTTGCTCAGCAGTACCTCGATGTTGTCGCTTTTGCGGAGGATGACAGGGTAGTCAAATCTGAGATCGTACCTTTTCTCGAACTCATCCCGGTGAAAAAACTCCATCGGCAGGCCGATGCTTGTGCGGAACTCCCTCCAGCGCTCCTTTTCGCCGAGCGTGTCCTGGGTCAACTCGCAGAGGCTGCATTTGTAGGTTGACGGACTGAGGGTTTTGTGCCCGGTATCGAGCAGAGTGCCGACCGCTCCGCTGTTGGTGCTGTAGATGAAAATCAGTGAAGTTGCCATGATGTAAACCATTGTAGCTGTTCGCCGTTTCTTGATCTGTCTATTCGGGTAACGCCTGCGATTACGGAAACGATCCGTTCAGGCAGGTTTTGCCCATAACCAATTATCTGCAAACCGATGGGCGCAGAAACGACCTTCACGACGGAGATGCTCGGGAAGTTCATCGATCTCTATCCCAATGGCGGCGGCTTCGAGGGCGGCTTCAACGACTGGATCGGCAGTGAGTTCATCACCTGGCTCAACACGTCAAACCCCTGCTGCAATCTGAACCTGATACCAATGCCGGGCGGCGGTTACATCGACAACGTTCCGCCGGGGTAGGTAATAGGGGATTGTTGTCTCGAAAGGAAAGAGAGGTACGCTTTTTTCGTGTCATTCTGAGTCCGACGAAGTCGGGCGAAGAATCCGGAAAAGCCAGGTAAAATATATTAAATCAGTCAATTATCGAGCTATTTGAAAAAAAAGCTGGATTCTTCACTTCGTTCAGAATGACAAGAATGCGCAAGATCAAAATGCTGTTGTGAATCTCTTTTAAGACCTGCATTCATGCCAAAGAGTCTGTCTCGAAGCAAAATCGAGTCAGACTCTTTTCTCTTTTCTCGCGTCGAATCGCGATCAGACGCAGAGGTTCTGCTTGTCGATCAGCGCGAGCACCTCTTCGGCGGAGTTGCAGATGTCGTAGAACGAGCGGTAGCTCTCTCCGACCATCTTTTCGGCGGCGATGCGCTCGAAGAAGTGCAGGAGCTGATCCCAGAAGCCGTCAACGTTCAGAAGAATGATCGGTTTCTGGTGGTGGCCGAGGTGCTTCCAGGTGAGGATTTCGAGGAACTCGTCGAGGGTACCGAAGCCGCCCGGAAGGATCACGAAGGCGTCAGCCCAGCCGGTCAGCAGCATCTTGCGCTCGTGCATCGTTTCGACGACGCGAAGCTCGGT
NZ_CP104202.1_gap18	751481	754943	3462	AAAGTGCTTTTCGTATTCCTTGCCTTTTTTGTTCTCACGCTGATTCCGCTGCCGGTTTCGGCTAAAAGGGTACCGGCTCCAAAGGGTGAGGAGGCGGTTGCGGCCTATATCGTAAAGGAGACTGGCAGTTCGGAATTCCTGAAATCGAAAGAGGTCGATACACCGCGTTCGCCCGCGAGCCTGACCAAAATCATGACCTGTCTGTTGGCCATCGAAAGTGGCCGTATGAATGATGTGGTGACGATTCCTCTTGAGGCGACGCAGGTTGAGCCGACCAAGGCAGGTTTTCAGCCGGGAGAGCAGATCCGGCTGCGAGATTTGGTGAAAGCCGCCATGGTCAACTCGAGCAACGATGCCGCTTTTGCTATTGCCATTCACCTCGGCGGTAGTCTCGATGCGTTTGTGGCGACGATGAACGCCCGTGCTCGCGCGCTCGGGATGAACCATACTTTTTTTACCAATCCTGCCGGTTATGACCGGGGTATTTATGCCGGTAACCGTACGACGGCGAGGGATCTTATGATTCTGACGGAACGCGCGGTCAGGTATCCAGAGTTCAATGCGATTGCAAAACTGGACAGGGTTACTTTCAATGAGCTTTCCACTGGTAAGATTTACAGTCTTCATACTCACAACAAGCTCCTTGAACGTTATCCGTATTCTGTTGGTATCAAGACCGGTTATACCTCAATGGCAGGCCCCTGCCTTATTGCAAGGGCGTTGAGGGATGGTAAGGATATGCTCATTATCATGCTGGGCGCCCGGACGGATCGCTGGTCACTGGCGTCTACCATGTTCGATCAGGGCTTCGGGATTGATGCAGGCCCGGTTCAGGTTGCGGAAACTGCTGTGAAATCTCCCCGGAAGGTTGCTGTTGCCGCTCCGGAGGATTCTCATTCAAACGTGATCGCCAGGCGCGCCAGGGCGCTTGAGGCGCTGAGGCTCAAGGTCGAGAGCCGCCGTGACCAATCCGCAGTAACGGAGATTCGCGGAATGAGCATGGATATTCGTCCGTCAGGCGCGGCCTCTTCGGTAAAAGCCCGCCTGGAAAAGCGGAAAGCTTGTGCGGCCATCAAATCGCGCGGCAAGTCAAGTCGTGCTGACAGGATAGCGCTCAAGGCGAGCAAGAAAGCTTCGGCCAGGAAGCAACAGCTCGCAAAGGCGAAAGAGCGCAATCTCAAGAATAGAGTCGCGCTGAAATCTGCGAAGAAGAGTGAGTCTCGCAAAGTGGCTCTCAAGTCGGCCAACAAGGAGCGTCATGCGATCAAGATGGCTCGAAAGGGCGCTGCCAGGCGTTCGACTGCCGATGCAAAATCGGCAAAAAGCCGCAGCGGGAAAGAAGGGCTTTCTCTGTCGGAGAAAGCCGATCGTTCTCCGAATGGGTGAGGGGAGCTGCATTTGAGAAGTGTGTTTACCCATACCTTTGAAGTTCCCGGATCGTCGATCGACGGGTACGGGCATGTCAGCAATATCGAATATCTCCGGTGGATGCAGGATGTCGCCACCGCTCATACCGCTTCCGAAGGCTGGACGCTCGACCGTTACCGGAAAAGCCGTGCCATATGGGTCGTTCGCCGCCATTCCATTGATTATCTGATGCCCGCATATGCCGGTGACCGGCTTGATCTGCACACCTGGATCGAGTGGGTCAGGGATTGTCAGTCGGTGCGCCGCTATTTGTTGACCAGAGAGGGAGAATCGCGTGCTTTCGCCAGAGCTGAAACCCTCTGGGTGTGTGTCGATCCGGAGTCAGGACCCCCGAAACGGGTGCTGGAAGACTTCATTCAGGCTTTTGAGCTGGTCGTCGGTGGCGAGGCCGAAGCGCTTCGTATCGTCGGCAAAACGCCCGAATCAGCAAGCTGATTCAGTTTTCGACCGCAGTTTATGTCAACTTCCAGTCAAATATCGAGTCATGGTTAAGCATATCGTGATGTGGCGTCTCTGCGACGAGGCGCATGGCAATAGCGCTGAAGTCAATGCCTGTCTCATCAAGGAAAAGCTCGAAGCGTTATCCGACAGAATTCCCGGACTGCTTTCGATAGAAGTGGGACTCGACTTCAGCCGTACCGACAGCTCTGCAGATGTGGTTCTCTATTCGGAATTCGTCAACAAGACAGCGCTTGAAACCTACCAGAGTCATCCCGAACACGAAGCCCTCAAACTCTTCATCGGCGGTGCAACGCGCGAAAGGCGATTGGTGGATTACGAGTGCTGAGTTATGACGTGCAGGAAACGGCGAGAAGCTGTTGTCCCGGTTGCATGAAAAAGCGTTTTTGTCTCTTCTTAGATTGCTTTTACAGCCAATAAAAAAAGAGGCCGTTGAAAAAGCCTCTTTTTTTATCTGGAAAACAGAGGGGGGTGAATCAGCCCTGAACGATGCACTCTGCCGGGCAGACAGCAACGCAAGCAGGAGCGTCAGCAAAACCGGCGCACTCGTTGCAGGATGCGGCATCGATAACGTAGATCTCGCTGCCAGCGGAGATAGCGTTGGTCGGGCATTCGGGTTCGCAAGCACCGCAGTAGGTGCATTCTTCGGTGATATACAGTGCCATATTGACGACGTGCTTTGATAGTTATGAGAAGAAAAGAACAATTTCGATCAATTCGCCTAATATAAGCTTTTTTACAGGCCCGAAAACAAAAAATGATGATTATTTGAATAAAGAGGCAGGCGAAAGAGCTGGCGAAAAAGAGGTTGAAGATCAGGCCGATCAGGCCCGCCGTGCAAAATGGTTTTTGCTCTGAACGGCGGGTCTGAAGAGGTGGTGGTTATACCTTGAAAATGCAGTCCACCGGACAGACGGCTACACAGGCAGGCTCGTCGTGATAGCCGATACAATCCACGCATACATTCTCGTCGATCACGTAAATAGAGTCGCCTGCGGAGATCGCGCTGACCGGACATTCCGGCTCGCAGGCTCCACAGTAGGTGCATTCATCGGTAATACGGTGTGCCATGGTATTTCGGGTTTTAGTGGATGAGCTATTCGTAATGAAATCAGAGTTGATTGTTTTTATCTGTCCTTTGTGAACAGATCACTCCAGAAGGAGAATTTACTCTGCCTCTGTTAGAACCTGAGCGTGACAGTCAAAGTTCCGTCTCTTTCGGGGCGACGTGCCGCAGCCCCTTTTCGTGATGTTCGTAGGCGTTGATGATGTCCTTGACGAGGCGATGGCGTACTACGTCCGACTTGTCGAGGAACACGAAGCTGATGCCTTTGATTCCCTTGAGGATTTTCTGGGCGTTCATCAGTCCCGACTCCATCTCTTTCGGCAGGTCAACCTGGGTGACGTCGCCGGTGATGATCGCTTTCGAGTTGACCCCAAGCCTTGTCAGGCACATCATCATCTGTTTGCTCGACGCGTTCTGGGCCTCGTCGAGGATGATGAACGAGTTGTTCAGTGTGCGTCCGCGCATGTAGGCAAGCGGCACGATTTCGATGACCCGGCGCTCGGTGAGGA
NZ_CP104202.1_gap19	779974	782134	2160	GCGAGATTGTTCTTGTCCGATTATCGCGCTGAAGTTGAAGTGCAGCAGTATGCAAAAGCGCTTTTTCTTGACCGGGAGCTGTTTGCCACTCAAGGAAGGAGAGGCTTTCTGCTGCTGGTCAGTTTGTTTGAACATCGGGTTGTCATCCTGCCGGACAAGGGGCTGGATGAGCGTTTCAAGGAAGATGATGTAAAAAACATGATCGCGGCAATGACGCCGTTGCTGAAACGAAGACAAGTCGTCCAGGCATTCGATGCCGGTCTGGACTATCTGTCCCGGATACTGACAACCACCTCGTCCCAAGTCCATAGCGACGAACTGCCCAACGAAATTATCGAGGAGGAGGGAATATGAAGACGCGAGTGATACTCCTGTTACTTCCGATTGTGCTGTTTGTCAGCTCTTTACTTTTTGGCGCTGAGGTGCCTTACCTGACCGGGAGAGTCACGGACAACGCGCAGCTTCTGTCTCCAGAGGCAAGCCGGTCATTGTCGGAGAGCCTGAAAGCGCATGAACAGCGCACCGGCAACCAGATTGCCGTTCTGACGATTCCCACGCTCGACGGGGAGAGCATTGAAGATTTCGCTGTCAGGGTTTTCGAATCGTGGAAACTCGGCCAAAAAGAGAAGGATAACGGTGTTCTGATCGTCGTGGTACCCAACGACCGGCGGATGCGTATCGAAGTGGGGTACGGTCTTGAAGGCACGCTCACCGATGCAATGGCGGGGCGGATCATTCAGAACGTGATGACCCCAAAATTCAAAAACGGAGACTTTAATGGCGGTATCACCGATGGAGCAAAGGCCGTGATGCAGGTTCTTGAGGGCGAAGCATTGCCAGAGACAGCAGCCAAGTCCGAGTCGAAGCAATCGTCAGGATTCTTTGAAATGGAAGGGCCGGAGCTTTCGATTCAGGAGCGCATTCTCATTGGCGCATTTGTTTTCGGTATCATCGGATTGTTTACGGCAGTCGGAATACTGACGCCGGGGTTCGGATGGTTTTTATACTTTTTTCTGATCCCGTTCTGGGCAGTTTTTCCGATCGTTATCCTCGGCTCAAATGGCGCATTGTATTGTTTGATCACCTATCTGATCGGGTTCCCGTTAACAAAGCTTTTTATACGACAGACCGACTGGTATCAGAAGGCTGAAAAAGATTTGCGAACCAAGGGTCAGGCATCAATCGGCGGCATATCGATCAGCTCCGGAGGTTCAGGTTCGTCATGGTCGTCAGGTGGATCAAGCTTTTCGGGTGGTGGCGGATCATCGGGTGGCGGTGGCGCATCCGGTAGCTGGTAGGGTGGAAATAGATTTCTGTTGTTTTGATAAAATCTGGTGTTTGTTCTTGTTTACAACTTTCCCAGCACAAACTCGCACCTCTCGTTAACCGGCATTTTCGGTACTTCGATCAACTTGTATCCCAGCGATTCATAGACCACGCGGATGGCATCGTGGAGCGCTTTGGCTTCGGCGAGGGTTTGGGGGCGTTCGCTGTCGTTGATGTAGATTTCGGGCCACGGCGGGAGGATGAAGACCGTGCGCTCGTAGCGGCACCGGCGGTGAGCGTCGAGCCAGCTCTTCGGGATGTCGAGGCCGCGCTCGTGCAGGTAGCCGAAGATGTCGGGGATGGCGCGGTCGAAGAAGCAGCGTTCGCCAGCCTCGGCGGCGTGGTCGTGCTGGAGGAGCATCTCCGTGAAGGCGAGGCGCGCGAAGGCTTCGAGGTTGTTCCAGGGCGTGACGCCGCCGGGACGCTTCGCTTCGCGGCGGATCAGCTCGCGCGAAACCTCCGTGTAGCAGCGGTGGCCGCGGGTTTCGAGCGCTTTTACGAGCGTGCTTTTGCCACTGCCCGGCCCGCCGGTGATGATGGAGCGGCGCGTCGTTTTCGTTTCGGTCGCGATCATGCTAGCGTCAGAACAGGGAACCAGTTGGCGAGGTTGTCGCGTTCGCCCCAGTAGAGATGAATGTACGAGGCGATGGTGTTGCCGACGCGGAAGAGGCTGGTCGGAACCTCTTGGTCGCGCGCGTTGCGGATTTCGGCGATGGTGTCGATTTCGCCCTGCCGCGAGATCCGCGAGTAGTGGAATTCGTGGCCGCGCAGCTCGATGCCGTCCGCTTTTGCCGGATAGACCTTGCGGTAGCCGAGCGTGAGGCGGGCCTCTTG
NZ_CP104202.1_gap20	793178	794559	1381	CTATCGGTATGAAGTCGAGCTTGCCTTTGGTTCCCTGATGGAATCGCGCCGAGCCGATCGCGATCGGGCCGCCCTTGTAGTCGCCCTCATGCAGGTAACGCCGGAGCTTGTTGGCGTAAAATCCATCGGTTACGCTGTGGCCGTATTCCGCGAAGCCCTCGATCTTGTCGAACGCGAGGCGGTTGCCGAGGGCGATGACCAGGTAGTCGTAGCCGAGCACATCGGTGGTCGAGCCGGGCCGTTCGGTGGGCTGGATGGTCACCTTTTTGCTTTCGACGTCGATGTCGAGCACGGCGGCCTGGATGAAGCGGGTTTCGTCTTTGTCGAGCACCGGAGCCAGCGGCAGGTGCATGCTGCTGTCGGGATTTTTGTTTTCGAGGATTTCGAGCGGGATGTTGGGGATGAAGAGCAGATACGACCGTTTATCGACCACCGTGATCGCGGCATCCTCCGGTTTCACATAGTCGCGGATGTGACGGGCGACCTGCAATCCGGCAAAGTTGCCCCCAAGAATCAGAACATGCGGTTTGGTTTTCATCGTGACAATCCTCTAGGGTTCAGTTATGGGAAAGCACAAATATTCTCGATGATGTTAACGGTATCGGCATCCAGAAAGTTTTTCAGTTGAACCATTGCAGGGATTGACAGGATCAAAATCACCAGCCAAATCACTACGGGGATACTTTTACCGTTCGTTCGTCGTTGTTCAGATCGAAGTATGCCAAAGAAATCTGTTGCATTCGATGAACCTTCATACCAAAACCTGGGTACAGCGGTTGCCTGTGCCGATAGATGTTGCGTGGGACTTTTTTTCGCAGCCGGACAATCTTGCCCGGATCACTCCGCCGGAGATGTTCCTGCGCGTCGATGGCGGAAGCACCGGAAAACCGATCTACGAAGGGATGCAACTGAGCTACACGCTCTATCCTTTCATGATGATTCCCGTCCGGTGGACGACTGAAATCATGGCGGTCTCGAAGCCCGATTTTTTCGAGGATCGCCAGCTTTCGGGGCCATACGAGCTGTGGCATCACACGCACCGGTTCCGCGAAATCGAGGGCGGCACGGAGATGACCGACATCGTCGAGTACGCGCTGCCATTCGACATGCTCGGCGAAGTGGTCGAGGCGCTGATCGTCGGACGGCGGCTCGATGAAGTGTTCGAGTACCGGCGGCGCAAGGTGGCGGAGATTCTCGGCGAGATGCAATGACGGGAATTGTAATTGAGCCGGAAAATCGTAAATTGCGCCCGCAAAGATGAATGTTCTTTCACATGAATAGCTGGTGCCGGCTTCAAAGCCGGAGAATAGGGAAGTACGTGAGATTCGTACACTGTACCCGCAACTGTACAACGGAAAACTGCCGCTGGCAGGCGTGGCCT
NZ_CP104202.1_gap21	797065	800020	2955	GGCGTGACCGATCCCGATCCGGCGGCCATCGCGGCGCTGCATCCCGGCTATCTCTTTCTCTCCGACTGGACAAGCCCCGATGTTTGCAAGCGAGTGACGCCGCCGGGCGCGAAGTGCGTCGTGCTGCACGGCTTCAAGAGCATGAGCGAGATTGGCGGGAACATTCGCGCCATCTGCGATGTGCTTGGCATCGAAGGCGGCGACGAGAAGGCTGCCGCGTTCGAGCGGCAGTGGCGCAAGGCGGCGGCAGAGGTCAACGGCGGCGGGCGGCGGGTGCTGATCCTGTCGAGCTGCCAGGGCAATCCGTTCTCGTTCGGCGTCAACACCTACCTGTACGACCTCTTCACGGCGGCGGGATTCAAGGTGGTCGAGGACTATCCGACGATCCGCCATGTCGCGCCGACGGAGCTGATCGGCAGCGTCTGGGAGCTGGTCGAGGAGAAAAAGCCGGAGATCGTTTTCGTGCTTCAGAAGGACGGCTACGAATGCCCTGTGCGGATTCCCGAGGGCGACTACCAGATCGTGCGCCTCGATGGGCCGCGCTTTACGTCGCCATCGCCAAAAATTCTTGACGGACTCGAAGAGCTGAAGTGGCGATTCGGGGTTCGTAACCAGAAACTGAAATCGAAATGACTATCACTACTTCCGAGCGCGAAGCGCTCTATAAAGTTATCTACAGCCGACGCGACGTGCGGGGGCAGTTTTTGCCCGATCCGGTGCCGGAAGCGGTGCTCCGCCGGGTGCTCGACGCGGCGCACCACGCGCCGAGCGTGGGCTTCATGCAGCCGTGGGACTTCGTCGTCGTCCGCGACCTTGTCGTCCGCGAGCAGATCAAGGAGGGCTTCGAGATCGCCCATGCCGAAGCCGCCAACATGTTCGAGGGCGAGAAGCGTGAGCAGTATCGAGGCTTCAAGCTCGAAGGAATTCTCGAAGCGCCGGTTGGGATTTGCGTCACCTGCGACCGGACGCGCAGCGGCGAGGTGGTGATCGGGCGCACGGCCAATCCCGAAATGGATCTCTACAGCTCGGTCTGCGCCGTGCAGAATCTCTGGCTCGCCGCGCGGGCGGAGAATCTCGGCGTCGGCTGGGTGAGCATTATCCATCACGACCGCGTCCGCGAGGCGCTCGGCATTCCCGAACACATCGTGCCGGTGGCGTGGCTCTGCATCGGCTACGTGAGCTTTTTCCACGAAACGCCGGAGCTGGAGCAGGCCGGCTGGCTGCCGCGCCTTGCGCTCGACGACCTCGTCCATCAGGAGCAATGGTGACAATTACCGCAACGCCCATGACCAACATCGCCGTACTTGGCACCGCTTCGGACGCGGGCAAGAGCATCGTCGCCACCGCGCTCTGCCGCATCTTCCGCAACGCGGGCATCGATGTCGCGCCGTTCAAGGCGCAGAACATGTCGAACAACTCCGGCGTCACGCCCGACGGCTTCGAGATGGGGCGGGCGCAGATCGTGCAGGCGCAGGCAGCGCGTGTCGCGCCTCACGCCGACATGAACCCTGTGCTGCTCAAACCCAACACCGACACCGGCGCGCAGGTCGTTTTGCAGGGGCGCGTTTGCACCGACAAGACGGCCCGCGAGTACTTTGGCGACACGCGGCGCTGGGCGGAGGCGGCCTTCGAGAGCCTCGACCGCCTCATGGCGCGGCACGAGATGATCGTGCTCGAAGGGGCCGGATCGTGCGCCGAGATGAACCTCTACGAACGCGATTTTGTCAACTTCAAGAGCGCTCGCCGCGCCGGAGCTGCGGTGATTCTCGTGGCCGACATCGATCGCGGTGGCGTGTTCGCGCAGGTCGCGGGCACGCTCGCGGTGATTCCTTCAGAGGATCGGGCGCTCGTCAAGGGCGTCATTGTCAACCGCTTCCGGGGTGATAAATCACTTTTCGAGGACGGCGCAAAAATGCTCGAATCGATGACCGGTGTACCGGTGCTTGGCGTGATTCCCTACTTCCGGGGCTTCATCATCGACGCCGAAGACGCCGTGCCGCTTTCCTCGGTGGTCGATCCGAAGCGTGATCCGTCCCCTGAAAAGATCGGCATCGCAGCGATCTACTTCCCGCACATTTCCAACTTCACCGACCTTTCGCCGCTGGAGCAGGATCCGTGCGTCGAGCTGCACTACCTGCACCATCCGAGGCCGCTCGACAGCTATAAAGCGCTCGTGCTGCCCGGCTCGAAGAATGTGCGCGGCGACCTCGAATGGCTCGAACGGATGGGGTGGCGAGAGCGGATCGAAGCGTTCCGAACGAAGGGTGGCGTGATCGTCGGACTTTGCGGCGGCTACCAGATGCTCGGCGCCTCCATCACTGATTCGCACGGCGTCGAGGGCGCTCCGGGCGCGAGCGCGGGTCTGGCGATGTTGTCGGTCGAGACGGTGCTGGAACGCGAAAAGGCGCTCTGCAACAGCATCGGCAAGCTTGCCGGAACCTCTTGCTCTGTAAGCGGTTACGAGATTCATATGGGGCGTACGACGCTCGAAGCGGGCGCGTCGCCGCTCGTCGAGGTGACGGAGCGCAACGGCGTCGCGACCGACGATTTCGACGGTGCGAAGAGCGAGGATGGGCGTGTGATGGGCACCTACTTCCACGGCTTTTTTGACCGGCCCGAACTCCGCGCCTGGTTCCTGAGTCAGCTCGACAGCGGCTACGAACCCGCCGCCGTGTCCAGCGCCACCGATCCGTTCGAGCTGCTCGCCGCGCACTTCGCGGAGAATCTCGATCTCGACGCGCTTTTCGCCATCGCCGGAATCGAAAGGGAGAAGGTATGAACCGCGATCATTTGCTGGCGCACCGCCACGGCGACCGCACGGGTAAGCTGGCGAAAGGCGGAGTGCTCGACTTCAGCGTGAACCTCGCGCCTGTCGAGCCGCCCATCCGGGAACTCTCCACGTCCATCCCGCTCGCCCCTTATCCCACGATGGACGGGCGCGGTGTCCGCGATTTT
NZ_CP104202.1_gap22	807497	809828	2331	GTCGTGGCGCTGATGGACAAGCTCGGCATGGATCGTGCGGTGCTGGTGGGTAACTCCACCGGCGGCACGCTGGCGCTGCTGACGGCGTTGCGCCATCCGAAGCGCGTGCAGGGCCTCGTGCTTGTCGGCGCGATGATCTACAGCGGCTACGCCAACAGCGAGGTCCCCGCCGTGATGAAGCCCTTCATGAAAGCGATGTCGCCGGCGTTTTCGCGGTTGATGAAGTTCATTATCACCAAGCTTTACGACAAAAACATCCGGGGATTCTGGCACGTCAAGTCGCGCCTGTCGGACGAGACGCTTGCCGCGTTCCGGAGCGATCTGATGGTGGGCGACTGGTCGCGCGGCTTCTGGGAGCTGTTCCTCGAAACGCACCGCCTCCATTTCGACAAGCGCGTGGCTTCGGTCTCGACCCCATCGCTTGTGGTGACGGGCGAGTACGATCTTACCGTCAAGACCGGGGAGAGTTTCCGGCTGGCTAAAGAGTTGCCGAGGGCGGAGCTGCTTGTGATTCCTGATTGCGCCCATCTGCCGCAGGAGGAGAAGCCGTGCGAGTTCGTCGACGGCGTGCGCGCTTTTGTCGGGAGGCTCGCCTGATGGTGCGCGGCCTGGTGACCGCGCTCCGCACGCTGACCATTCTGCCTGTGCCTGGTCGGGAGGCCGAGCGATACAGCGACTCGCTCTACTGGTTTCCGCTCGCCGGTCTGTTGATCGGAACGCTCGAAACGCTGCTTGCTCGCTTGGGGGTGCTCGCCGGGTGGTACGAAATGGCTGCGATGCTTGCGCTTGGCGGCGGCATCATCTTCACGCGGGGATTGCACGCCGATGGCCTCGCCGACTTTGCCGACGGCTTTTTCGGCGGGCGCAACCGCGAGGCGTCGCTGCGCATCATGAAAGACCCCAACGTCGGCTCCTTCGGTTCGCTGGCGCTGATTTTCGTGATGCTCTTCAAATTTGTCTGCCTCCTCGAACTGGTTCGGTACCAGGCGTTCGGCACGATGATGGCTGGCGTGCTGCTTGCCCGCATGGGGCAGGTTCTGCTCGCTTCGTCGCTGCCCTATGCGCGGGCTGAAGGCGGCACGGCGACCGCCTTCGTTGAGGGCGCGGGATGGCAGCATCTTGTTGTTGCGATCGCCTCGGCATTTGTGCTCTTGCTCTATCCGACAGGCTTCGGTTGGCAACGGGCGCTTTTTCTGATTGCGAGCGCCGTCGCCTCGACGCTCGCGCTCGGCCTTCTGAGCCGCCGCAAGATCGGCGGCGTCACCGGCGACGTGCTCGGCGCGTGCAGCGAACTGACCGAGGCGTTCGTCTGGTTCGCCGCCGTGCTCTCGATTCGCTTTCCCGTTTTCGACATGACGTGAGCGCCGGGCAGTCGCGGCGGCGCTTTTCGCCGGAGCGTTGCTATTCAGCAGGCAGATGGTTATTATGGGGGCGCATTATTCATTTCAATTCTAAGCAGATATTTCTATGAGCAGCGATTTGATCGTGACGTTTGGCGGCGGCAAGAAGGTCAATGCCGATTTCAGGGGATTCACCATCAAGACCGACCAGTCGGTGATGGCTGGTGGCGAAGGTTCCGCGCCTGAACCGTTCACCCTTTTCCTCGCCTCGATTGGCACCTGCGCGGGTATTTTCGTTTTATCCTTCTGCCAGAGCCGCGGCATTCCGACCGATGGCATCAGGGTTGTCCAGAGCCACGAGCCGAGACCCGACGGACATGGTATCGGCAAGATCACCATCACCATCGAGCTGCCCCCCGATTTCCCTGAAAAGTACAAGGGTGCGGTGATCAACGCGGCCAATCTCTGCACGGTCAAAAAGCATATCATGGAACCTCCGGCCTTCGAGGTCAAGACCGAAACCGTCGGTTCCTGATCGTTTTGCCGTTTATCGATCATTGATTTTTTTCCGTTGGAACCAGCTTCTGGTTTATCTGCCGGGAGCGGATTCCCGTTTCAAATGACACTCCGCTATGAAAAACTCTCGCGCTGGCAGACCGCTTCAGAGCCGCTCTGTCGAAGAGATTCCCGGCGTCACCTGCTTTCTGCCCGAAGGCGTTCCTCCATCGCGGCTCCAGAACGTCGTGCTTTCGGTCGATGAGGTCGAGGCGTTGCGGCTTGCCGATCTCGAAGGGATGTACCATGCCGCCGCCGCTGACAAGATGAAGGTCTCGCGCCAGACCTTTGGCCGCATTATCAAGTCGGCTCGCAAGAAGGTGGCCGATGCGCTGGTCGGAGGCAAGACCATCTGCATCGAGGGGGGAAAGATCACCGGCAGCTGCTTGACCGGCGAGTCGGAGGAGCCTGCCGTCTGCATCTGCCTGCATTGCGG
NZ_CP104202.1_gap23	842130	845875	3745	CTTGATGATGAGCGTTTTCGGCCCCATCTGGCGGATGATGCGCGCGGTCTTGACCAGGTTCGGATCGCCGGAAAGCAGGCGAGCCTCGCTATCGTTGACGATGAAGACATCCACCCGTGCGAGCACCTTTTTCAATTCTTCGGGTTTGCCCTCGATCCAGAAGTTCATCGTGTCGCACACGACCAGCTTCGGAGCGTCGATCTGGTCGAGTACCTTGAGCTGCAATTCGGGATCGATGTTGCCGAGGCAGACAAACTTGGAGTCGCGGTACTGCTGCGGCACGTGGGGGTCGAACGTGGCGAAGACGTTCAACTGCGTGTCGAGCGTGTCGCGAGTGTTCATGTCGTAATGATAGCGGCCAGCCCAGCGGAAGGTTTTGCCATTCTCGACGATCTGGATGCCCTTGGTGTCGATGTTCTTTGCGTGGAGCAGGTCGAAGTGCTCTTTGCCGAAATCGGAACCCACGACGCCGACCATCCTGATCGGCTCGTCGGTGAAGTAGCTCGCCGAGAGCGCGATGTAGGTCGATGAGCCGCCGAGGGTGTTGTCGGAACGGCCAAATGGGGTTTCGATGTCGTCGAAAGCGAGGGATCCAATGACGAGAAGTGACATGATATGATGATTGAATAGGTTACTGGAAATTGTCGTATCTGGAATTACTCTTGAGCCGTATTCGGCAGTTCGAAAAGAATGCACTCACCGGGCGCGAAATCGCGCGTCAGCTTGTGGCCGGAGATGGTCAGCGTTTGCCCGGTGATCAGCTCTTCGAGTTCCATTGACTCCTGTTCGAACTCCATCGTACCGGTGACAGGCTCTTCGAAGTTGCTGTTGCCGGCGAACAGCAGATTTTTGCCACCCGATTTGCGCATGACGGTCAGAAGCGCAGGGTCGGAGATGTAGGGTTGCACGATCGAGCCGATGTCGCCGCATCGGACGAGCTCGAAGTGGCGGCTCCGGATGTCGAGCACTTTGCGGATGGCATCGCAGATCGGTTCGAGTCCGTTGGCGTTTTCCCAATCGCAGGCGGCGGCGCTGAAAAGCGGCAGGCTCTCCGTCGGGAAGCGCTGGCGGTCGTCGTCGGTGAAATTCAGACCGAGATTGATCGGGTGCCATTCGCAAATCTCCATGCCGGAGTGGATGAAGGGCATCGCCGGAAGCACTGCGCCGAGTGTGAAAAGGAAGAGCGCGCGGCGGCGTCCGGCCTCTTTGCCTGCAAGATTGTGGCAGACTCGCGGCGTATTGTGATTTTCGCCGGTAGCGAAGAATGGAATCGCCACGCCGTTGCGATTCAAAAAGGTGAGCAGCCCCTTGATGAACTGCACGTCGTGAATGACGAACGGCAGCGAGCCGAAGACGGCGTTGAACCCCTCCTCCTTCAGCGTTGGCGACGGGTCGAAGTTCTCGTCCCAGAAGGCGAAATCCGGTGCGTCGAGTCGCGCTTCGGCCACAATCGAAGCTTTCAGCTCCGGCGGCAGGGCGTGGCCCATGTCGATCATCGCGCCGTCGATACCGAACATATTGCGGTAGTGTGGAATGATGCCGGTGATCTCCCGCCAGAGCGCTGTCGCGCGGAACTCCGGGCGTTCGAGCGCCTCGTCGTACATGCGTATCGTGTTGTAGGCGATGTAGTTGAAGCGGGGCGCGTTGTGCAGCTTCAGGTAGGTGACATCCGTCCAGGGCGGCTGGCGGTCGTCCGGCGGCCAGTCCGAAAACGCGCTGGCGATGACGCACTCGCCGCCGTCCGTCGTAGCGCCGGTGTAGCCGTGCGCGCCGAGCGTGAGCTTCTCCGGAGCCGGGACGAAACGGTTTCGATAGGCCTCGTCTGGTTCGGGAAGTTCATGGAAATCGTGCTTGTCCACCTTTTCGTAGATGCGGGTCAGCTTGTCGTCCCCGAACGCCGGCGCGCAGTATGGCGGCAGGTTTTCGCCGGATTTGATCCAGTAGAACCACTCCGGATGCTCGCCGATCCAGTCGCTGTCGATGGAGGCCGTGCGGAAGACAAACTCGAACACGACCCGCATTCCAAGGTGGCGCGCCGCCTCGACGAGTGCTTTGAGCTGTGTCTCCACCGGTAGATCGAGTGCCGGTTCGCCGAGAGTTTCGTCGAGTTCGTATGGATTTTTTATCGCGTAAGGTGAACCGAGTTCTCCTTTCCGGTTGACTTGACCGATGCTGGTCAGCGGCAGCAGGTAGAGTGTGTTGACGCCCATCCGGCGGATGTAGGGCAGCATGGCGATGGCCTTCAGCAGCGTTCCGGTCTCGCGAAATCCGCATGGAAGCGGCTCAGTGCTGATGCGTCCGTCATGGTTGTGATCGAACGCTGCGTTGTACCTCACGAAGAGGTTGTACACGGTTGCCGAGGCACTCCAGTTCTGGCCGTTCATTACTACCTTGTCCCATCCGACCGGAGCCGAGGCTCTGATCGCGCCGATCGCGTCGCTGAAATAGTCAAAAGGATCGACCATCGAAACGCCAGTTCTTCCTTCGCGCCAGAGGTTTGGCACGGCGTATGGTTCAGCAGGCTGGCGGCGCTTGGCCGATTCCAGCGATTCGAGGAGAATGTCGAGGGTTGGTGTGGTCAAGCTGTCGGATATTCTGAATCGATGGAAGCGAAAAATCAGGCTAAAGACAGGCTAAAGATAAGTATTATCGGGAAAAGATATGCAGAACCATTCAAGGCATTTGTGAAGCAGTATGGCGAGATCGAAAAGAACCATCAAAATGCAGCTCGAGTATGATGGCACTGGCTATTCGGGATGGCAGCGCCAGTTGGGCGCGGTGATGACCGTGCAGGGCGAGATCGAGCAGGTGCTTGGTCGGATTACACAGGAACCGGTCAGCATCGATGGGGCTGGAAGAACCGACAGGGGGGTGCACGCTCGCGGGCAGGTTGCGAGCTTTGCGACGGGCTCGCCGATGCCGCTTGGCCGCCTGATGTATTCGGCCAATTCGCTTTTGCCCTCGACGATCCGCATCAACTCCATGCGGCAGGTACCGGAGTCTTTTCACGCCCGTTTCAGTGCCAGGTCGAGGGAGTACCGCTACTTTCTGCTCGAACATCCTTCAGCTATCGACAGCCGCTTTGCAGGATGCTGTTACGGCAGGCCGGATGTCGCGGCGATGAACCGGCTTGCGGAGATGCTTGTGGGAACTCACGATTTCGTTGCGTTCTCGAAAGAGACTCCCGATCAGCAGGGAACTCTCTGCACGGTTACGGAGGCCCGTTGGTACAGGTACGGGCGTTTTCACGTTTTCCATATCGAGGCGAACCGCTTTCTCCGGAGCATGGTGCGCTTTCTGGTGGCCGGGATGATCGAGGCCGGGATGGGACGTCTCGGACAAGAGGATTTTAACGCGATGCTCGAAAGCGGATGCCGCCGACCCCATCTGAAACCGGCCGTGGCGACGGGCTTGTTTCTCTGGAACGTCAGGTATTGAGCGTTGAATGTCGAGAATTGGCCTAAAGGCCGGTTTGCTCAAATACCCTTGATCTTGCGCCTCTTTGTTGCGGACTCTTGTATTAATCGTGCTCTCTGGTTATGTTAGCCAATTATACTTTTTTGTCTCAAACCCGAGGATGCTTGCGTAACCTCATCTGTTAACCCGGCCCGGCATGTGAAAAGCTTTTTACCGCTCAGGCATTTTCTTGTCTGTATATTCTTGCAGGTTGCCGCTCTGTCGTCCGTGTCGTTTGGTGCGGAGGCCCGTGACAGCACGTCAACTACGAGATCCTCACGCGTTTCGG
NZ_CP104202.1_gap24	849648	852718	3070	GGAGCATGGCAACATAAGCATCGTGGGTGTTATGATCGAGAGCAATATCTGCTCCGGAAACCAGCCTTTCCCGGTCGATCCTGGCCAGCTGCAATATGGCGTCTCGATCACCGACGAGTGCGTCTCTTGGGACGAGACCGATAGGATGCTTCGGGATGGAGCCGCATTCATGAAGCGGGTTCGCTTGAAAGCCTGATGGCTCAGCCGTCAGATATTTTTATCAACCATAACTTTTCAGCATTGCAATGAACATCGATAAGCTTGTCTATGCAGTTGCCGGATTCTTTGTTCTGGCCAGCGTTCTGCTTTCTCAATATCATGATATTCGCTGGCTCTGGTTCACTGGTTTTGTCGGCCTGAACCTTTTCCAGGCAGCGTTTACCGGTTTCTGTCCGCTTGCCAAGATTCTCAAGGCTGCAGGTGTGAAACCGGGTCATGCATTTGAATGATCCACATCGGAGGGCAGGAGTCCATTTTTGTAACGGGATTCCTGCCGCTCAATCCACCATCTCACTATTCCATTCACAATCATGAGCATCGAAATCAGGCGGGTCAATACCAGCCATGAGCGCAAACAGTTCATCAAGTTTGCGTGGAAGGTGTACAGAAAAGACCCTGAGCTGAACAGGAACTGGGTGCCTCCGGTGATTTCGGACTACATGAAAACCCTCGATACCGAGCGCTATCCACTCTATGAACATGCCGATCTGGCGATGTTCACTGCCTGGAAAAATGGTGTGATGGCAGGCACAATTGCCGCAATTCAGAATCGCCGCCATAACGAGATTCATTACGACAAGGTGGGATTCTGGGGCTTTTTCGAGTGTGTGAACGACCAGAAAGTCGCTGATGCACTGTTTGAGGCCGCGGCGATGTGGCTCAAAAGTAAGGGACTTGACACGATGCGCGGGCCCGTAAGCCCGTCCATGAACGACCAGTGCGGCATGCTTACCAAAGGCTACGACAGCCCACCGGTGTTTCTGATGCTTTACAATCCGCCGTATTACAACGAGCTTTGTCTGAACAGTGGTCACAAGGTCGGTCAGGAGCTGCTTGCCTGGTATATCGACCAGAAGATGATCGATATCAGCCGCTTGAGCCGCATCGCCCAGCACGTGCTGAAGCGCGAGGGGCTGACCGTCCGCGACATGGACATGAAGAACTTCGACAGCGAGGTTGACAAGATCAGGGAGATTTACAACAAGGCGTGGGAGAAGAACTGGGGCTTCGTGCCGATGACCGACAAGGAGTTCGACTTCATGGCCAAGAGCATGAAATCGGTTGCCGATCCTCACTTTATCTATTTCGTCGAGGACAAGGATGGCAGGGCCATCGGCTTTTCACTCTCGCTACCTGACATAAACCAGGCGCTCAAACATGTCAACGGCAATCCTTTCACACCGTGGGGGCTGGTCAAGTTCCTCTGGTACAAGCGTAACATCTCGATGTTCCGCACCATCACGATGGGCGTGCTGCCGGAGTACCGCAACAAGGGGATCGACAGCATCCTGAACGCGCGCATTTCTGAGTACGGTGGCAAATACGGCCTGTTTGCCAGCGAGATGAGCTGGGTGCTCAAGTCTAACGAAGCGATGAGCAAGCTTGCCAAGGTGATCGGTGGCATTCCGTACAAGGAGTACGTGATTTACGAAAAGGCTATCTAAGACTTTCTCTGGTGGAGTGAGTGGACGTGTCGTTGACGGGCTGGAAAAAGAGTGATGGTATCAGCAGCTACCCGTGCCTGTAACAAAAAAGGAGCCTAAAGGCTCCTTTTTGTTAACCTAACAAAGAACGTTTCCACACTCAGAACGAGGCCATGAAGACCAGGTAAGACTGTTCGGTATCCGGGTTGTAGATAGCCGAAGCAGTGTAGCGGTCTTTCGACACGGCAATACCGGTGTTGACCAGGGCAAGTTTCTTGCCTTCGCCGTCACCATAGTAGCCTTCGTTGCCGAGACCTGCGGTTGCTTTGGCAGTGTAGCCATTCTTATCGTAAAACTTGTAGTTGGCTTCGCAATACCATGCGTTGTCGTAGTCGTTACCGGCGACGAATACGCCAGCCATGAGGCCGATGTTCTCATAGCTGTAAGCTGCACTAACTTCGATGGTGTTAGCTCCATCATCCCGGAAGTCGAATACACCACCGTCATCGGGATTATTGTTTGCAGGATCAAGATTGTAGTCTGTCACGGCAAGAGTGACTGGGCCTATTGGCATGCTGATAGTAGCATCGACTTCTTTGTAGCGATAACCGTCGTCCGAATTAAGGCCATAAGAGCCCCACAAGCCGATGCTAAGACCATTTTTGAAGGTATAAGAGAGGTTCGGCTGAACGTTTACCGAATTGTCTGCCTCGTAACCTCTCCAGATATAGCTGCTGACGACGTCTGCGCCGATTTTAAAGCCTTCATCGGCCATTGCGTTGCTTGAGCCGAACCCTGCGAACAGTACTGCAGCGAGAGCAATCAGTTTTGCTGTCTTTTTCATCGAGAATAACTCCTTTGTTGTGGTGTTATGGTTTGTGTGTTGTCGAGAGGTGGCCTCCCCGTCAATAGTGAAGCCACCTGAAAGAACGATCGTATGTGTTATCCGATGGCGGCGTTTCCTTTTTCCTCGGTTCTGATCCGGATGCATTCGGGCAGGTCGAAGATAAAAATTTTTCCATCACCAATCTCACCGGTTTTCGCGCCTTTGATGATCGCCTTGACCGTGGCGTCAGCGAACTCTTCATTGACGGCGATCTCGAGTTTGACCTTTTTCAGGAGGTTGACCTCGCTCGGTACGCCGCGATAGATCTCTGTGTATCCGCCCTGTGCACCGCATCCGAGAGCGTTGGTCACGGTCATCTTGCGAACCCCGGCGTCGGCGAGACTTTTTTTCACGTCCGGCAGCTTGTGGGGTTGTATCATTGCTACGATGTATTTCATTGCTTGTGCTCCGTTTAAATGCTTTACTGGGTTGTGTAGATATCGAAGCCATAATAAGCTTCTTCTTCATGTTCTGAAATATCGAGGCCTTTTATCTCCTCATCCTTGTGGACGCGCAGGATACCCATAGCCTTGAGGATCAG
NZ_CP104202.1_gap25	902768	904220	1452	GCGGATGTAGGCTACGCCGAGCGGGCTGTCGATGACCGGCCTGGTATTCGGCATGAGCGCCACGCCGGTGAAGCCTCCGGCCACAGCCGCGGCGGAACCGGTTTCAAGCGTCTCCTTGTATTCCTGTCCGGGTTCCCTGAAGTGGCAGTGCATATCGAAAAGGCCGGGAGCGAGCACCTTGCCTGCAAGATCGATGACGTTATCGCCCGCCTGCGCCGTGATTGATTCACCGCCAGTCGCGACCGCATCGATGAGGCCGTCGTCGCCTATCTTTATCGAACCGACGGTATCGAGATTTTCAGCGGGATTCAGAAGTCTTGCGTTCAGAAACAGAGTGCTCATGGTCGGGAATGAATAGTTCAGGAAACAGTCGCCTGGAGCGATACCAGTATCTTTGCCTGCGAATGGTCGTCGCCGGTTTCAAGTGAAACGTCGAGACGGTCGCCCGGCAGCACGCTTCCGACGCCCGCCGGAGTACCGGTAAAGACAAGGTCTCCGGCTCGCAGCCCGTAAATATACGATAAATAATGCACCAGATAGGCCGGTGAAAAGGTCATTTTCGAGACCTTCGAGTACTGCTTCTGCTTTCCGTTCAGCCGGAGCGAAATGGCGAGTTCAGTCCACGGCCCTGCCGTTTCCGGAGCGATAAACTCCGAGACGAGTGCGCTCTGGCGGAAACCTTTGCTTTTCAACCAGGGATTTCCGGCATTTTTGGCTTCGAGCTGCACATCGCGCAGCGTCATGTCGAGCCCGGCGGCGTAACCGGCGATGATCGCCGAAGCGTCGTCAAGCGATACACCATCCGCATCAGCGCCAATCAGCAGTACCAGCTCGCCTTCGTAATGAAGGCTCTTGCTTACCGCCCGCCCTTCGAACCATGGTATCGAGGTGCAGTCGTCAGTCGAGAGCGCCGTGCCGGGTTTCATAAAGATAATTGGCTCCTCTTCATGCAGCGGCTCGGGCTTGTCAGTCTCCCATGAAGCCATTTCACGAGCGTGATCGGGGTAATTTTTGCCGACACAGTAAATCGAGCGATGAACGGCTGGTTTTGACAGATATGAAAATGTTTTCATCCTATTGACGTGTTGACAGAAGAAGTGATTTGCATTACAGGGAAAAAATACGGCCCACGAATTTTCGCTTTTTGCAGGAACGGGGGCAAGGCTGGATATTGTTGATATATTACGATTATGTTCGGAAAGGTCATGCTGGTCATGCTGTATATGAATAATCTTGCGGTTGGCATGAAGGTCAGAATATCGATCAGGAGTTCGCTGGCAGTCTCTAACCGACTCCAGCTTCACAGTTAAAAAATTTTATTCCTGATTTCCATGAACAAAAAAGAGTCAATTTCTGACCAGGAATCGGAGCCCGGGAGCCAGACCTCCAAAACCACTCAGGCGTTCGAGATGTTGCGCAGATCGGTTCCGGAGTGGAATCGCTACAGGCAGG
NZ_CP104202.1_gap26	924428	926401	1973	GCTGAGTTCGCGCGCATCGGCAAGTACTACTGCTCCGAGTCGATGCTGGTGTGGGATCCCGTCGCGAAGCGCTACGACGCCGACGCCACCCCCTCGTACGGCACCGAAACCCTGCGTGACTTCTACCAGCGCGTACTCAAAGAGGGTCTCGCAGGCCAGGAACTCGGCGCGCATTCGATGTTCTGAGGCGGCGGGCCGGCACGCTTTTTCCATTCCTGTCCACGCCGTCCACCTCGTCAGCAAAGTCAACCTCTTCGCATGATTACGCAACCGACGCTTGATTTCCTCGCGGAACTCAAAGCCAACAACAATCGTGAGTGGTTCGAGGCGAACCGTCCGCGCTACGAGCAGGCTTCCGCCGACTTCTTCGACACGGTCGCGCAGTTTATTCAGTCACTTGCGAGTTTTGACTCCGATATCGCCGAGGTGATGCCCGATCCGAAATCCTGCATCATGCGGATATACCGTGATGTGCGATTCTCAAAGGACAAGACGCCATACAAAACCGGCTTGTTCGCTTACGTCAGCAAGGGTGGGAGGAAGGGCCCACTGGCGGGCTACTACCTCCATCTCGAACCCGGCAACTCGTTTGCTGGAGGAGGGCTTTACATGCCCGAAGCGCCGGTGCTTGCCCGGACCCGCGAGGCCATTGAAACCGGCTTTGACGAGTGGGACGCTATTGTGACCGCCCCCGAACTGCTCGCTGCTTTTCCGGATGGCGTGTTGCCATCGGGCGCGCTCAAACGTGCTCCGAAAGGATATGATGAAACCAGCCCCGCCATCGAGTGGCTGCGCTACAAAAGGTATTACACCCAACGCTTTTTCGAAGACGGGGAAGTGCTGGATGAACGGTTTGTGGAACAGCTTGGCAACTGCTGCCGTGCGGTCATGCCGATGGTTGCGTTCCTCAACAAAGCAATAGAGTCAGACACCCCGTAACGCCATCAAGGCTTCGTCAGCTTCCAGCCTTCCGTCAGCAGATCGAAATCGACCGGAAATGACGGTTCGAGCTGACCAAGCCGGTCACGTCCCTCCGGCATCATGTGCACCCCTTTCGGAAATTCACCATTCAAAACCAGATAATCGAGGAGCCAGTTTGTCAGGCGGAAGTAACCGCTTGGCTTATTTGAGGTTGCGGCAGGCGAAGGATTCGGCGGTTTGCCGCTGGCCCAGTGTTCGACGATCTCTTCGACGATTGGCTGATAGTGCGCTTCGAGTGCGTTGCGTTTCTCGTTATTCATAAAAAAGCATGACTGGCTTTTGTGGCAATTTTTTTGAACTGAATTTTTCCGCGCATGAAACTGCGTCTAACTGTCGTCAGAATATACAGAAGCTGGCACACAGAATAAGGCTTCACCAGTTGTCATGGGCTTCATTGTTACAGCCCGATGTTTGTGAAAAGTAATGAACAAAAAGGAGAGAGTGATGAAAAGCAAAATGTTGATGCTGGCAGGAGTTGCCGGCATGTTGATGGCAAGCCCCTCGGTCGATGCTCTTGCTGACGTGAACGTTAGTATCGGTGGTGGCCCCGGAAGGGCTTTCGTCATAGACAGGCCCCCGACATTCATACAGCTCCCCACGCCAGGATTCTCGATCTCATACGGAGCGCCTTACGATATCGTTCTTTACGGTAATTCCTATTACCTGTATGATCATGGACAGTGGTACCGTTCGCATCGTTACAACGGGCCTTGGAAATATGTCCATGTGCGCCAGTTGCCACCAAGGATCAGGCGTTACCGGATTGAACAGATTCGCCGCTTCAGGGATGATGAATACAACCGGCGCCATGACCGCCATTTCGACAGGCGAGACGACAGACGTGACGACCAAAGAGACGATCGCTGGGACAGACGTGACGATAGCAGGTCGATGCCGCCAAGGTAACCTTGTCGAAGACATGCACAAAGCCGGGCTGTTACAAGTCCGGCTTTGTTATTTGAAATATGGCATCTGACCTTATCCGGCTGATC
NZ_CP104202.1_gap27	1041081	1043867	2786	TCGCAATGTGGATTTCGGACTACTATGCGGCCCTCTCCATTGAATGCCTCACTACCGCCCTTCCCGCCCCGCTCAGGAGCACGGTCGATGACGTGGTGGAGCTGGCCGGGTTCCAGCTCGAAAGCCCGGAATTACGAGTCAAAAGCACGGGGTTGCGCCGGAGCATTTTGAAAGCGCTCTCGGCTGAAAAACGGCTCACCGTGCGCCAGCTCCGCAAGCGCCTCGGGCGCAAGGAACTGTACTCAGTACTCGCCGAACTCGAACGCGCGGGGCTGGTCACCATCAGGAAAAGCTTTGTTGAAACGAAGCCAGCCACCGTCACAGCATGGCGTCTGGCGGCGGCACTTCCCGATGAACCCGAAAAGCTCATTGCGCGATCGCCCAGAAAACGTGAAGCGTTTGAACTGCTCGCCTCGCGCCCGGAGCGGCTGTTCCGCGCCGGAGAGGGCGGTATTTCACGAATGGTATTCAGCGGACTTGTCACACTCGGCCTCGCCGAAAAGACCGAAACCGCCGCGCCCTCTCGCGAAAGCCTGCGCTTCGACGAGCCGCAAAAGGAGATCTATTCCCTCAGTCCGCACCAGCAGCAGGCGCTTGACGTCTTGACCGAAGCGCTCTACGAACAGCAATTCCGGACATTCCTTTTGCACGGCGTAACCGGCAGTGGCAAGACGCTGGTCTACATCGAGCTGCTGCGCCGCGTGCTCGCCGAGGGCAAGACCGCAATTGTCCTGGTACCGGAAATCTCACTCACACCGCAGACCGCCGCCCGGTTCCGCCACTACTTCGGCGACGATATCCAGATCATGCACAGCGCCATGAGCGACCGCGAAAAGTACGACGCCTGGCAGCGACTGCGACAGGGCAAGGCGCGCATCGCGCTCGGCGCTCGCTCGACCATCTTCGCTCCGCTGGAGAACGTTGGCGCGATCATCGTGGACGAGGAACACGACGCGGCCTACAAGCAGGATCGCACGCCCCGCTACCACGCCCGCGACACAGCGGTGATGCGGGCCATGTTCGAAAACGCGCTCTGCGTACTCGGCTCGGCAACGCCGTCGTTCGAGTCCTACCGGAACGCGCTGGAGGGCAAGTACACGCTGCTCGAACTGCCGGAGCGCATCGACAACGCCCGGATGCCCTCCATCAGGCTGGTCTGGATGCCCGGCAGCCAGCGGGTCACACCGTCGATCTCGGGCGCGCTCTACGACGCCATCCGCGAAAGGCTCAAGCGCGACGAGCAGGTGATCCTTCTGCAAAATCGCCGGGGCTTCGCCGGCAGCCTGCTCTGCCTCGACTGCGGCCACACGCCGCAATGCCGCCACTGCAACATTCCGCTGGTCTATCACACGAGCGACCGGAGCCTGCGCTGCCACTACTGCGGTCACATCGAAACGTTCCGGCAAACGTGCCCCGCCTGCAAATCGGAAAATCTTTTCTACAAAAGCAGTGGCACCGAGCGCATCGAGGAGGAGCTTGGAGAGCTGTTCCCCGAAGAGAAGATTCTGCGGATGGACATCGACACCACCTCGACCAAGGACGCCCACGCCTCGATGCTGACCGCTTTCCGCGAAAAGCGCGCCCGCATCCTGCTCGGCACGCAAATGGTGGCCAAAGGCCTCGACTTTCCGGAGGTGACGCTGGTTGGGGTGCTGATGGCCGACATCGGCCTGAATCTGCCGGACTTCAGAGCCGCGGAGCGCATCTACTCGCTTCTGATGCAGGTCGCAGGACGGGCGGGACGATCGTCGATGCCCGGCGAGGTGCTGCTTCAGCTCTACAACCGCGACAACGAGCTGTTTCAGCACGTCATCCGCGCTGACTACCGCCACTTTTTCGAAGCCGAGATGGCCACCCGCCGCGAACTCGCCTACCCGCCGTTCACGCGTCTCATCAAGTTCGAGTGCTCATCGCCATCGGAAGCGGTCGCAGAAAAAGGAGCTCTAGCGCTTCGGGAACATTTGCAGCCGCAGGTACCTGAAGAGTTCGGTTTTATCCTCGGGCCTGCCCCTGCAGGCATCAACAGAATAAAAGGACGCTACCGATACCAGCTCATCCTGAAGCTCTCCGGGATCAAGCTCTCCTCCACTCTGCTCAGACAGGTGCAGTACGATACCCTTGGCGCATTAAGAGGCGAAAATCTGGTTATCACCGTTGACGTCGATCCGCAGCATCTTCTGTAAAGAGTTTTTTTATCGTAAATTCGATGCAATTGACGACTGTCACGAGTAATCAAGGCGATACGCAGAGCACAACGTTGAACCCGTAATCCGCAGATCATGACCGATTTCGAATGGAAAGGCAGTTACCTCGGCGAGCACAAACTCAAAGCCGCTGGCGTCGTTGCCGTGCTTTTGCTGAGATACCTCTACACCTCGCTTTTCATCTACGGCTTCGTCCATAAAATCATGCGCGGCTGGATGTGGAGCGACATTCTGACGCAACACTTCACACAAAGACTGCACGAGCTGCTTGCCACAAGCGCAACGCCCGGCTCCATCGAAGCAGGAATCGCCATGTGGCAGGCCTCATACCTTCAACACTTCGCCATCCCCATGGTCATGCCCATCGCCTGGATCGTGACCATCGGCGAACTGATCATTGGCGTCGCTCTGCTCTTCGGCGTCACCACGCGCATCAACGCGGCATTCGGCCTCTTCATGCTGCTCAATTTCACGGCTGGCGGCTACTACAACCTGACCATTCCTCCGCTGGTCGCCATTTCGATACTGCTCATCGTGCTGCCGACAGGCCACTGGCTCGGCCTCGACCGCAGTCTCAACAGG
NZ_CP104202.1_gap28	1061728	1065716	3988	CCGCACCCGCCTCGAACAGAATGGCCGCCTCCTTGCAGAGAATCCGTTTGTCTTCACGGGCGCAACGCTTCACTTCGTTGACAAAGGCTTTACGGACCTTCGGATGGATAAGCCGATTGAGGGCAGCAAGCTTTTCCGGCTCGGAAAAGACAATCGCAGCAATGGCTTTGCGGTCAATGAGAAGTTTGCCTGATGCATCGCGCGAGTAGACATCCGGGCCAAAAAGTTTTTCAATCCCCCCGATTACCTCGGGATCCTCGACTTGCAGTTCTTTGGCAATCCGGTCAGCCTCGAACAGCTCGCATCCCATTTCGGCAAGCATGGCGCACACCGTGCTCTTGCCGCTCCCGATGCCGCCGGTCACCCCGACGAGCAATGGCAGTCGCTCCATCATTTACTCCTTTTTTGATCGAGGTTGCGACGCACCTCCAGCAACACTTTGCGCCAAAGCTCGGGATTGCGCGAATAAGCGTCCAGCCTCGCGTCAAAGGTTTTCTGGTCGAGTTTGTGCCGAACGAACAGTGTATCGAGTCCCGCCGGAGTCAGGTCGGTCAAGGGGGCCGCATTACCCTTGCCCGTCACTCCGGAACGGGCAAGATAATCGGCATAAAACGCAGCGAAATGAAGGTCGTCTGCGCTGAGCTTATCCTGGCGCTGCAAGCTGCAACCAGCCATAAGAAGCCCAAAGAGTGCGATGAAACACAAACGCCCAAACAGCGCAAGTCCCTTATGTATCAATGTAAAATTGAGATTCAACTGTCGTAAATTATTTTTTGCCCGCTGAAACTAACAAGGTCAGGAGCCGGGTTAAAGGGTTACTTTCTAACGTAGCCTGCATAACCATAAAAATCAATAGTCACATGGCATATCAGCAACCTGCTCTTCCTTACGCCGACAACGCGCTTGAACCGCACATCTCGGCCAATACCATTGGATTTCACTACGGCAAGCACCATGCAACCTACGTCAAAAACTACAACGGTCTTGTAGAAGGTACGCCGTATGACGCCATGAGCCTCGAAGAGGTTATTGTTCAGACAGCCAGCGACGCCTCAAAAGTCGGCGTATTCAACAATGGCGCGCAGGCATGGAACCACAGTTTCTACTGGAACTGCCTGACTCCGAACGGCGGCGGTGCACCAAGCGGCGAAATCGCTGCGAAGATCGTCAAGGATTTCGGCAGCGTGGACAAATTCAAGGAGGAGCTGAAGAACGCCGCCGCAACGCAGTTCGGAAGTGGCTGGGCCTGGCTGGTGCTCGATGGCGGCAAGCTCAAGGTAACCAAAACCGGCAACGCGCAGAACCCGATGACCTCCGGCCAGACGCCTCTCCTCTGCATCGACGTCTGGGAACACGCCTACTACCTCGATTACCAGAACCGCCGCCCCGACCACGTAGCCGCCGTAATCGAGAACCTGATCAACTGGGATTTTGTCAACAGCAATTACGCTGCAGCGAAATAACCCAACTCCTGGCTTAAACACTCTTGCAGAAAGGCTCCGTTTTCCGGGGCCTTTCTTGCTTTTCGTCAAATGCTGATGGAAGCTATGGATCGAATAATGAACCGTTCTCTCCACATTCAATTCATAATCCTTTTTAAAGCCACGGCAGCCGCTCCACTTCGTCGAGGTTGACCGTCTTCGCTTTGGCTGGCCATTTGAATGTGATGTTAAAATCGGGCGGATTGATGACCCGTTCATCATAGACTACCTTCAGGCTGCGCGACCCTTCCGGATCATTTTCCCGATAGAGGATCATGTCGATCTCTCGCGGCATCTTCAGCGACTCCTCCCCCTCTCTGCCCTGCTGTGACTGGTAGTTGGCAAAGTGGAATTCGATGCTCTTGCGTCCCGAATGATCGAAATATGTAACTCCAGCCAACTCCCTTGCCAGTGGATCGACCACAAGCTCTTTCGTACCGTTACCGGACTTCACGGTAAAACGAACCCGGCCATTGCCCTGCCTGACCGATACAATGTCGCTTGCCGGCTCAGGTATGTCGGCAATGCCGAAAAGCGTTTCGGTCATCCGGCCAAATCCCGCGTTGACGCCAATGATCTTGCCCATATTCTCGCCGTTGTTGCGTCCGACAAGCATCCGGTTGTTCAGCATGTCGTTCACAAAGAGCGAGTCCGGGCGAATCAGAAGATCGGCCACAGGCCATCCGAGTATGCCGGCAGTAACGATCATACGGGCATCTCTCGATTTCTGTATCTGAACCGTGCAGTAGGCCTTCGCCCTGCGCTTCGGCGTTTCAAGGTAGATATCCGCATAGCCATCCAGCGCCTTGACCGTGCTGGCGTTCGAAACCACCTCTTCATACAGCCCCTTCAGCTCAGGCGTCAGTTTCACCCGTTCAGCGGGCAACTCCGGCTCTCTGGTGACAGTTCTCATCTGCGAGCATCCCGCAATCACCAGAAATGCGGTCAGGCACAACCATTTCATCACCGTTTTCATCGACACTCCTCTTTTCATCATCACCTCGTTCATAACCAGTTAAACGCAACTCCGAAGCACCGTTCCCGGTGAATCTGAATCCCGGTCAAGGTTGATAGCTCCGAAATGTTATTTTAATCAAATGATTTCTCTGTCAAAACATGAAACCGGGAGTTTTCGATCCATGCACGCACTCTACCTCAAACCAAAAGAGCACCGGCGGCTGCTCGGTGGCCACCTGTGGGTTTTCAGCAACGAGCTTCGGGAGGTGCCGCGTGACATTGCCGCCGGAGAAACCGTTCAGCTCTTCACCCACGACGGACGCCTGCTCGGCGCGGGGTTCTTCAACCCCCAGTCGCTGATCGCCTTTCGCCTTCTGACGAGGGACGAAGAGCAGCCTGACCGCGACTTTTTCCGGCGTAAGCTGCTCGAAGCGCTGAAACTGCGCGAAAAAATCTACTCAGAAAGTGAAACCAACGCCTGGCGGCTTGTCCATGGCGAGTCGGATGGACTACCGGGGCTGGTGATCGATCGCTTCGACCGTGCCTTCGTGCTGCAATCATTTTCCGCCGGTATCGACCAGCACCTGCCGCTTTTCTGCGAACTGCTCCGGGAACTGTTCGATCCTAAAGCGATCGTGGTGAGAAACGAGTCGCCGCTCAGGGAGCTTGAGGGGCTGCCGCTCTACCGCGAAACCGTGCTCGGCGAAAGCAGCAACATGCACCAGGAGATCCGGGACAGCGGCATCAGCTACCGGGTCAACATCCTTGAAGGTCAGAAAACCGGTTTCTTCCTCGACCAGCGCGAAAACCGGCGCCATATCCGGAAATACGCCGCCGGTGCGGATGTACTTGACGTGTATACGAATGATGGAGGATTCGCGCTCAACGCCATGCATGCAGGTGCAAAATCAACCACCATGGTCGATATTTCCCAGGAGGCGTTACAACGCGCCGAGCAGAACGCCCGAATGAACGGGTTCGGAAACTTCTCGATCGTGGCCGCCGATGCATTTGAGACTCTCGGACGGCTCAGGCATGAAAACCACACTTTCGATCTGGTGGTCCTTGATCCGCCAAGCTTCACCAAAAGCCGCAAAACCGTGCCGACAGCCCTGAAGGCCTACACGAAGCTTAATCGTCTCGGCTTGCAGCTCGTCAGGAATGAGGGATATCTGGCGACAGCCTCCTGCTCGCACCATGTTTCCGAAGAGGATTTCCTCGCGGCCATTCACCTTGGAGCAATGCAGGCGGGCAAACATCTGCGGCTCATCAGCCGCGCCGCACAACCGCCGGACCATCCGGTGCTGCTCGCGATGCCCGAAACGAGCTATCTCAAATTCGCCTGTTTTTATGTGACAAACCTGTAGCTAACCTAAAAAAAGCGACTTAAGCGCTTATCTATAGACGCAATCTGTGACATGACCCATATAAAGCGGGAACAGCCCCGTAAAGAATTTTCGTCATTTCACCGAAAAACAATTATAAAATTTCAGCAAAATCCACAACAAAAGGCGAAAATACGTCACCGACTCAATAAAGTGAAGACCATT
NZ_CP104202.1_gap29	1087533	1089212	1679	CCACGATATCGAGCCGCCCGTAGTCGCGGTGAATATTGGTGAACAGCTCGACAACCTGCTTTTCGGAGGTAAGATCGACCCCCGAGCACGAAGCTTGTCCGATATTTTGCGCGATGTCATCACACACCCGGCTGCACTGCTCAAGATCGATATCCACCAAAATGACCACCGCCCCCTCGCGAGCGAAACAACGCGCCGTCGCGCTGCCAATGCCTCCCGCCGCCCCGGTGACCAGGGCAATCTTCCCCTGCAATCTCATAGTATGCCAGAGTTTTGGTTGATCCTTGTTCAGAGCGCCATGCCTTCTACTGCACCGGAATTACCCGCTTTTCCGCCGCCGATCCGGCGAACAGCTTAAAGCCCATGAGGCTCGTCATCGACTGCACCGCCGAGTTGAAGCGCCCGATAAACAGATCGAGATCATTGATCTGGAACAGCTCATCGGCAGCAACATCCTCCATGAATGCGAGAAACTGCTTGTGGCGCATCTCCCCTATCCGCGACGACCATGAGAGATTGGAGATGCGGAAAGCACAGAGCGGCTCGTCGATCATCCAGAGGTTACCAAGCCGCAAAAGCTGCATCCAGAAATCGAGATCGATGGTGTACGGAATACGGGCGCTGTAGCCGCTCGTCGAGGCAATCAGTCCGGCGGGATAGAGGCCGCAGACCGGCTCGCCAATGATATTGGTGCCCAGCCGCACCATCTTCCTGACCACCTCGTCAGGCGCTTTCAGGCCGCCGTCAATGAAGTTGACCTTGTTGATGAGCACCTTGCCCTCAGGGTCGATGATGGCTCGCTGGGCTGAAACAAGGCTCACCCCCTCATTTTCCGAAAGCTCGAACGCTGCAAGCTGCTTTTCCAGGCACTCCGGAAAGAGCAGATCGTCGGCACAAAGCAGTTTCACGTACCGGCCCCGCACATCGCTGATGGCTCGGTTCCAGTTGCCCTCGGGGCCAAGATTTTGCTCGCTGTCGAAGATCGTAATGCGAGGATCATCGAATGAACAGGCTATTTCAAGTGACCTGTCGGTTGAATGATCGTCATAAATGAGCAGCTCGAAATCGTCCATCGTCTGGTTCAGCACCGATCCGATGGTTTCGGCTATATATCGTTCGTTGTTGTACATCGGTATCGTGACCGTAACCAGCGGATTACCTGATCGTGACATACGCTTTACCCCTCCTTTCGTCCATCATTATCTCAATGGCTCCGATTCATCCATAAATCGCGCCGCATGTTCCTGCGCCCACGCCGGAGTCGCTTTTTTGCCGGTATCGAGCACCGTTTCGGAAGAAACGATCGCACCGTCGAACTCCGCCCTGCCGGTATTGGCGAGCCAGAGGTTCGCACCCCGCAGATCGGCCTGCCGGAGATCGGCCCGCTGAAGATTGGCCGAACGCAGATCCGCCCCTCTGAGGTTGGCATTGTTCAGATCGGCCTTTTCGAGATCGGAACGCTTCAGCGAGGCTTTTTCAAGATCGGCACCGTGCAGGTCGGCATAGGCAAGCACCCGGTTGTCGAGCAGAGCCTCCTTCAGCCTGACGTTCATCGCCGGCTTTTCGGTTCTCAAGCGGTTCCACTTTGTGACGTTGGACTTGAGCTGGTCGAGCTGGTCTGCATCGTAGCTGATCGAGGATGGCGCAGGTCGCCACGCCCTGATGGGTTTCAGGGTCTT
NZ_CP104202.1_gap30	1102333	1106668	4335	ACATGGAACCTTGCAGAACCGGTCACCTGGTCAGCCTCGCCCATGTCACCGGCAATCGTTGCCGTGAGGGTGCGCACCGAATCGAGGTAATTAAAGAACGGGTCGGGAATGTGCGATGAGTTACCCGAGGCCATCCAGACCACCATCGTCTCGCCGAGGGCGCGCATAATGCCGAGAATGACCGCGGCGAGAATGCCGCTGCTGGCCGCCGGAAGCACGGTCTTGATGATGGTTTCAGCTCTGGTCGCGCCAAGCGCGTAGCTGCCCTCGCGAAGTTCGCGCCCGACAGCCTGGAGTGCGTCTTCCGAGACGCTGACGATGGTCGGCAGCGCCATGAAACTCAGGATAATCGAGACGTTCAGGGCGTTTGTGCCGCTCATGATCACCAGCCCTTGCAGGTGGTTACCGACAACAGAGAGAAAGAGAATCGCCAACAGGCCGAGCACGATATTCAGCGCCATTTTTGCCGATTTCTTCATCGACTCTTTGGCGATGGAGGCAGTCAGAAGCTCCGAGGCCACAATGACGGCGAGAAGGAAAAATGGGACCGCAATGACCCACCAGGTCCACATGAGAATCGGGCCCCCATTATTCTGAAGAAGCGGTGCGAAAACAACCAAGGCGAAAAAACCGTAAGCGACGGATGGAATGGCGGCGAGCATCTCAATCACCGGCTTGACATACTGGCGTACCGAAAATGGCAGGATGTCGGAGAGACAGATCGAGGCGATAACGCCCATCGGAACGGCGATCAAAGCCGAACCGAACGTCACCATGAGGCTCCCGTAAATAATGGCCAGAGCGCCGAAGTGCGGCGGATCGTCAGCCGGATACCACTCGGGACTGGTGAAAAATTCGGTGAAGCCTCGCAGCCGGAAGAATGGAACTGCGTCTCGGGCGACAAACCAGAAAATAAAGAAAACAACTATCGCGACAAAAGACGCAATCAGCAACAGGATCGCCTCACCGGCTTTCTGCTTGATTTTCTGAATTTTGTGCTTTTGCGCACTAACGATAAACTCGGACGACCTGCTCTGGTTCGATGCTACATCACCATTCATACCATTGCTGTTTTGCAGGCTAACGACCTGTTTGATTCGTTTAAGCTTGACATTTGAGGCATGTCCTGTAATTGAACTAACGTAAGGAAACTCACGTCTCTCTTGACGCCACAAATCTATACCTTGAACCGATAGAAAAAAAGGGTGGATTGTTACAATTCTGGAACATTCAAAAGAGCCGGGGGCCTGTAGCGGAAAAACCTGCAACCGAACGGACGTTACCGGTTGCAGGGATATCTTTGAGCTATAAGGACACGGTTAAAAGAGCAAAAGTCAGTACTTCGGCACAAAACCAAGTTCCTTGATTATCCTCTGGCCATCAGGAGTTTTAGGCAGATCGACAAATTTGGCAACCATTCCAGACGGGCGGCCATTGGTGTACATGTAAAGCTCACGGGCAAGCCTGTAGCTCTTGTTCTTGACCGTTGCTGAGGAAGGAAGAACTCCATTGACGGCGATCTTTTTGACCGAAGCGTCGAGATAGCCAAGACCGACAAAACCGATAGCACCGCGCGTCTGTGAAACCCTGTTCTTCACCGCGCCGTTGCTGGCCTGGGTTTCAGCGTTGCGAACCACCGAACGGTCTTTCAGAACCAGTTCCTTGAAGGTCTCCTGCGTACCGCTGTTGGATTCACGCTGAATCACCACAATCGGAAAATTCGGCCCACCGACCTGCCGCCAGTTATTGATGCGGCCCGAGAAAATATCGGCGATCTGAGCTTCCGTGAGGTTACGAACAGGGTTGGAGGGATGGACGATCATGGCAAGGCCGTCGAGCGCCACGACATTGGCAACGGGATTGATCTTTCGAGCCTTGGCGGCAGCGATCTCCTGCGGCTTCATCGAGCGCGACATATCGGCAATGTCGCAGCTCCCGTTGATGAGGCTTTTGGCACCGTTACCCGAACCAGATTCGCTCACCGTTACCGGAACCTTGTATTTTTTCATAAAATACGCGGCAAACGATTTGGCAATCGGACCTACGGTCGTTGATCCGTCGATCACGATTCCTTTGGTTGCCGCCCCGGCATTGCCGGCCACGATCATGGCCAGAATCGCCATCAATGTCAAAACTGCGCAAAACTTTCTCATTCGTTACTCCTTGTTTGTTTGAAATGACTTCATGTGCCGGAAATTAATGAATGAAGCTCCGCTTTACAAACGGCGGGCGATACGGCGGAAAAAGCGAACAAAACGGCGCGGACAATGAGCCGCCAACTCATTTTCATCGAAATCGATGTTCAGAGCGCCAGGTGGAGGTGAGCGGTAATGGCAGCGCGTTTTCGATTACGATTTCGAGCTGAACACAGAAAGGCTGTTCCGTCATCGCAAACGGAACAGCCTTTCTGCAATGCGTTGATCAATAAGGCAGTTGACAGCCTTGCAGATCAGTACTTGTTCACGAAGCCGATCTCGCTGATCATCTTCTTGCCTGCGGGGGTCTTCGGCAGGTCGATAAACTGCTTCACCATACCTTTGGGCTGACCATTGGTGTACATGAAGAGCGGGCGAGAGATCGAGTATTTGCCGCTCTTAACCGTCATGACGCTGGGCTTCACGCCATCGACGGCAACATCCTTAACCGAAGAGTCAACATAACCGAGACCGACAAAACCGATGGCGGTAGGAGTCGAAGCGACGCGGCTCTTGACAGCGCCGTTGCTGGCCTGGGTTTCAGCACCCTGAGCGATCGGCTCATTCTCCATAACCAGTTCCTTGAAGGTGTCCTGGGTGCCGCTGTTCGATTCACGCTGGATCACCACAATCGGAGCGTTTGGGCCGCCAACCTGGCTCCAGTTGGTCACTTTGCCGGTGTAGATTTCACGAATCTTTTCTTTGGTCAGCGAAGCGACGCGGTTGCTGGGGTGCACGATGATGGCGATACCATCGAGAGCGACGACGTTCTGAACCGGGTTGACGCCATTGGCTTTCGCGGCGGCAATCTCGTTATCCTTCATTGCCCTCGACATATCGGCGATGTCGCAGGTCTTGTTGATAAGGCTCTTCGCGCCGTTACCCGAACCGGACTCGCTGACGGTAACGTCAACACCGGTTTTCTTGTGGAAGTAAGCGGCAAAGGCCTTGGCGATCGGGCCGACGGTGGTCGAACCATCGAGCACAAGCGTCTTGCCGGCAGCCGATGCATCACCGGCAGCCATAAGGCCCATAACGGCAGCACCGAACACGATTTTCCTGAGCAGGTTCATAATTATTATTCTTGGTTTGATTGAATGGTTTTGAAACAACACTTGTTCAAGACCCTCTTGAACACGGACTCAATCTACGGCATACTTTATTGAGGAATCATTGAGGAAATGCAAAGAAATCGAAAACAAACCTATAGTGACAATCAGACCCCCCCCCCCCCCCCCCCGCCGCAGCTTCCGGTGAGATGACCGGAACGGTTGCCAGACAAAAAAAAGCTCAACGATGCAGAGGCTGAGCGGTCATAAAAAAAGCCGCCCCGATTTGTCGGGGCGGCTTTGCAGCAATCCGGATGAGCACCACACACTCACCCAACGGAGAAAGAACATCACACACAAAAAGAACAGCAAAGCAGTATCAGAATTTCACTACCACGTCAGCCTGGATCATGTTCTTTGAATCGCTCGTAGAACCGGTGAGGATGCTATCGACCGGGTTGACATGGAAGTAGGTTGCTCCGAGCGTCATATTCTGCACGAGCTGATAGGTAGCGCCGACTTTGAGTCCTTTGACATCGGTGGAATATTTGCTGCTCATCGGACGGTCGCCATCGGTCAGCGGAGTGACTGCGTACTTTTCGATGTAGAAGTAACCGCCATCAAGCGTCCAGCCGCCAGGATTTTTGTCACTACCAAGCTTCAGGCCAGCGAGCACAGCCTTGTTGTCGCTGTTGAGGGCTGTGTTGTTTGCGTACTGTGCGTAAAGAGTGGCAGGAAGCGAACCACCAAGCTTGCCGCCGAGGGTGCCAAAGAGTTCGAGGATTCTGAAATCCTTGCCATCATTTACAGGAGCCCCATTACCCCACCAAACCACCTTCTTCATATTGACGTAATCGAAGTAGCTGGCGCCAAGATTGAAATCAGCACCTGAAACCTTACCCATATAAGCGCCCTGAACGGCAAAAATGCAGGGATCGGAAGCGTCGGAATAATTCTCGAGAGTATAGTAACCGGCGATGAGGCTCGGGCCGCTCTTCTGATTACCCGAAACGTCCTTGCCATACTGCAGCGTCGCGCCTTCAATCGTAACGTCGCTATCCCAGACCAGGTCCTTCACCACGTTAAAGGTC
NZ_CP104202.1_gap31	1125613	1126808	1195	AACGGCGACCACGCCGGAGCCGGGTTCGGTGGTGCAGTACGAATCGACGGACTGGGACTTTCTGGTCTGCCGCGCCGAAGCAAACGGCATGGTGGTGGCGGTGGAGGACGACACGGTGACGGTTGCTCCGCCCGACACCGCCGCCAATCCGGCCGTGACGGTGCGCTTCGGAGCAACCGTGCTGGAGCTCGACGCGGAACTCGACGCCCGCGTGCAGGAAACCGGCATCACCGCCTCGTCGTGGAACCCGGCGGATCAGTAGCTGGTGGAGTCGGAGGCGAGCGAACCCTCGACGACCGGTAACGGGAACCTTTCGGCGGACGATCTCGCCGGAGTGCTTGGTGGCGACGCTTCGGTGCTACGCCACAGCGGCAACCTGAGCCAGCCCGAGTTGCAGGCTTGGGCCGACGCCCGCCTGATGAAGGAACGGCTCTCAAAGGTGCGCGGACGGGTGCGATTCCAGGGAATGGCCTCAATTCTGCCCGGGCAGGTGATCGAGGTGACAGGCATCGGTGCGCGCTTCGAGGGCAAGCTCTACGTCTCCGGCGTGCGGCAGTCAGTGAGCGGCGGCAACTGGGAGACTGACGTGCAGTTCGGCCTCGATCCGGAGATTTTCCCTGAGCGCTACAATCTGCGCCCGTTGCCCGCATCGGGCCTTCTGCCCGGCGTCGGCGGCTTGCAGATGGGCGTGGTCACAGTGCTGAAGGGCGACCCGGAGAGCATGGAGCGCATCAAGGTGCGTCTGCCGCTCATCAGCGATTCGGACGAGGGGGTCTGGGCGCGGCTCGCCACGCTCGACGCGGGCGACGGACGCGGCACCTTTTTCCGCCCTGAGATCGGCGACGAGGTGGTGGTTGGCTTCATCGCCGACGACCCGCGCCACCCGGTGGTGCTCGGCATGTGCCATAGCGGCGCGAAACCCGCGCCTGAAGCGGCCTCGGACGACAACCACCGCAAGGGTTACGTGAGTCGGGAAAAGATGATGCTCACCTTCGACGACGAAAAGAAGATCATCCATCTCGAAACGCCCGGCGGCAACAAGCTCTCGCTGTCGGATGAAGACAACGGTATCATCGTCGAGGACATGAACGGCAACAAGATCACCCTCGACGACAAGGGCGTCACCATCGAAAGCGCAAGCAACATTGTGCTCAAGGCGACCGGCGACCTCAAGGCCGAGGGGGTGAACATCGAG
NZ_CP104202.1_gap32	1213141	1217860	4719	CTTCGTATCGAATGCGCCGACATCAGCTTCGTCCCGTTCAACACGGCAGACGAACTGCTCACCCTGCGCAAGGTCTGTCGAGCCATCCTGCTGAACAGCGTTCAGTGAACAGCCAACCCGATGCGATTCCAGCGAATAGAGGCAATCTTTTCAACCGGATCGAAAAGCAGCGGCAGATCGGGATCCCATGACCAGTACACCATCATGGCCTGTCCCACTATGTCGCTCTCAGGAAGAAAACCCCAGTAACGGCTGTCAAGGCTGTTGTCGCGGTTATCACCCATAGCGAAATAGTAGTTACGGGCGACGGTATAGCGATTTGCCGCCTGGCCATCGATGAACACCTGATCGCCGACCAGGCTGACCGTATGCCCCTCGTAGGCAATCAGATCCCGATACAACGGAAGGGTCCCTGGCGTAAGCGTGATTTCGTCGCCACTACGCGGAATGCGGAGAGGCCCGTAATTGTCCTTGTTATAATCGGACATACTCGGGAAAATCTGGAACTCAGGCACGCCTGCCGGCATTTTTATGCCAATGAACTGGGCGTGAGGCGGCAACTGCATCCCTTTGCCGTTGATGTAAACCTGCTGGTTCCGGATTTCAAGATTGTCTCCCGGCAGAGCAATGCAGCGCTTGATGTAGTTCAGGCTCCTGTCGCGAGGAAACTTGAAGACGATGATATCACCTCGTCTGACATCATGAACTTTGGGCAGAGAGATATCAGTAAAAGGCACCTTGGCACCATAGACAAACTTGTTGACAAAAAGGAAATCGCCGGCAAGCAGCGTTTTTTCCATCGAACCCGTCGGGATTCTGTATGACTCGATAACAAACATCCTGAGAATTGTCGCCACCAGGGCGGCAATGACAAGAGCCTCGAACCATTCACGCGATTGGGCCTTACCGTTTTTTTCTTTGGAGGTCGTGTTCTGTTTTTTCACACTTCAACTTTTTTTACAGGCATTACCGGAATGCTCAACCGTACACACGACTTTTTGGACGTCAAGCGGTTTAAGTTCCAGCGCAACCGTGCTGATTTTCTGACCTGTCACTGTTATTCATCGATGTTCAGAACGGCAAGGAAGGCTTCCTGCGGCACCTCGACCCGGCCGACCTGCTTCATGCGCTTCTTGCCCTCTTTCTGCTTTTCGAGCAGCTTGCGCTTACGGCTGATATCGCCGCCGTAGCACTTGGCGAGCACGTTCTTGCGCATGGCTGAAATGCTCTCGCGGGCGATCACCCGGCTGCCGATGGCCGCCTGAATCGCCACCTCGTACATCTGGCGGGGAATGATGCCCTTGAGCTTCTGGCAGAGCTTGCGCCCCCACTCGTAGGACTTCGAGCGGTGCACGATCGACGACAGGGCATCGACCGGCTCGCCATTGAGCAGCACGTCGAGCTTGACCAGATCGGAACGGCGGTAGCCGATGTACTCGTAATCCATCGAGGCGTAGCCTTTGGAGATCGACTTGAGCTTGTCGTGGAAATCGAACACCACCTCGCCGAGCGGGAACTCAAAATGAATATTCACCCTCGACGTGTCGAGATAGTCGGTGTTCTTGTACTCGCCGCGACGCTCCATGCCAAGCTTCATGATGTTGCCGATGTACTCCGACATGGTGATGATCTGCATCGACACGTACGGCTCCTCGACCCAGTTAATCTTGGTCGTCTCCGGCATCTTCGAAGGGTTATCCACCTCGACAGTCTCACCGCTGGTCATGATCACGCGGTACTCGACGTTGGGCACCGTGGTAATGATGTTGACGCCGTACTCGCGCTCCAGCCTCTCCTGGATGATCTCCATGTGCAACAGACCGAGGAAGCCGCAGCGGAAGCCGAAGCCGAGCGCCGCCGAGGTCTCGGGCGTGTAGACCAGTGAGGCGTCGTTGAGCGAGAGCTTTTCAAGCGACTCGCGCAGATCCTCGAACTCATTCGATTCGACAGGATAGAGGCCGCTGAACACCATCGGTTTCACATCCTTATAGCCGGCAAGCCGCTTCGAAGCGGGATTGTCGAGCAGCGTCACGGTGTCACCAACCTTGGCATCCTTGACATCCTTGATCGAACAGATCAGGTAACCCACGTTGCCTGCTTCGAGGGTATCGGCCGGATTGCGCTTCAGGCTCATGGTGCCGATTTCGTCAGCAAGAAAAATCTTGTCGTTGGCGAAAAAGCGCACCCGGTCTCCTTTCTTCAGCACGCCGTCCACGATTCTGATATAGGCAATCGCACCACGATAAGCGTCGAATACCGAGTCGAAAATGAGTGCACGGAGCGGCATCTGGCGGTTATCCGCCGGTGCGGGCACACGCGCCACGATCGCCTCCATCAGTTCGTCCACACCGATGCCGGCCTTGGCCGACACCTGAAGGATTTCGTCACGGTTGACGCCGATCAGGTCTATAATCTGTCGCGCTACACCCTCGACATCCGAAGAGGGCAGGTCGATTTTGTTGATCACCGGAATGATTTCGAGACCTGCCTCAATGGCAAGGTAGAGGTTGGCGATGGTCTGCGCCTCGACGCCCTGCGTGGCATCGACGACGAGCAGCGCGCCTTCGCACGCGGCCAGCGAGCGCGAAACCTCGTAGCTGAAATCGACGTGACCAGGCGTGTCGATAAGGTTGAGAATATAGTCCTGCCCATCCTTCGCCTTGTAGCGCATCTGCACCGCGTGGCTCTTGATGGTGATACCGCGCTCGCGTTCGAGATCCATGTCGTCGAGCACCTGGGCGGTGGACATCTGGTTGCGTTCAAGGGTATGGGTCACTTCGAGAAGCCGGTCGGCAAGGGTCGATTTGCCGTGGTCGATATGGGCGATAATGCAGAAATTTCTGATCATGCCGACTTCTGTTCCTGTCGAAGGCATAAGTATCTGTTCTAACGAGTAATAATAGTTACAATACCGCTTCGCCGCAACGGCGGCGGGCGTAGTAATAATAAAGCCAGTGAATATAAAAAGAAAATCGTGACGTACCGCCCGGCAGCGTTCATAAAAAGCGAAGCCTCTCCTCTCCGGCGCGAAGTCCGCGAGCGAACGATTCACCATCCATCGCCTTTTTGCCCTCGGCCTGCACGCTGAGCAGTTCGAGCCAGCCGTCGGTCCCGGCCACGAGCAGCCGCCCGTCCGCGATGCGTAGCGTCCCCGGTTCATCCGGCGCGGCTTCAATGGCACAGGGCTTCGCCTTGTAGATTTTCAGGCTTTTTTCGCCGAAAGTCGTCCATGCGGTAGGTTTCAGCGCAAGACCGCGAATGAAGTCGTGCAGGCGTTGCACCGGCTGGTTCCAGTCGATACGGGTGTTCTCGCGGGTCAGCTTCGGCGCTTTCGTGGCGAGCCGCTCATCCTGTTTCTGCGGAGTCACCGCACCATCGGCGATCATCTTCAGCGTGCGTTCGACGGTGCCCGCACCGATCTCCGAAAGGCGATTGAGCAACTCGAAAGCGTTCTCGTCGCGGCCAATCGACGTACGATCCATCGTGATGATGTTGCCGGTATCAACCGACTTCTGAAGGAAAAAAGTGGTCACGCCAGTCTCAGCATCGCCATTGATGATCGACCAGTTGACCGGCGCGGCTCCGCGATAGGCGGGAAGCAGCGAGCCGTGCAGGTTGAAGGTCCCCAGTGCAGACAGCTCGAACACCTCGGGAGGCAGGATGCGGAAAGCGGCAACCACGATCACGTCGGGACGGGCCGCGGCGATTCGCACGGCAAAGTCGTGGCTTCGAACATCGTCAGCTTCGAGCACCGGCAAGCCCAGTTCGAGCGCCGCCTGTTTGACCGGCGTCGGCTCAGGTGGTGAGTTTTTGCTGCGGCGCGGCTTGTCGCAGCCGGTGACGACCAGCACCGTCTCGAAGCGTGGCGTCATGGCCGCGATACGGCGCAGCGAAGGAACGGCGAACTCCGGAGTTCCCATAAAAACAACTCTCAACCCCACCGGTCAGGCCTCCGCTTCAACGCGTTTGGCATCACGGGCCAGCGGATAGTCGGCCTTCACCCGTCCTTCAGCAATAGCATCAAGCTCTTTCTGAATTTTGCGACGATCGCGCTTGTCCATGCGGTCAACGAAGAGCGTGCCATCGAGATGGTCGATCTCGTGCTGAAGCACACGGGCCATCATGCTGTGAAAATCGGCGGTATGCTCCTCGAACTTCTCGTCGCGATAGTGCAGGGTGATCGACGACGGGCGGACGACGTCACCTGCGACACCAGGCACGCTGAGGCACCCCTCCTCCATCATGTTGCGCCCACGAACCGAAACGATGCGCGGATTGATCACCACCATCGGTTTGAAATCGGCATACTCCTTTATTGTGGAAATATCCACCACTACCAGGCGTAGCGAGTGGCCCACCTGCGGTGCAGCAAGACCGATGCCTGGCGCTTTGTACATGGTGTCGAACATCTCGGCAATCAGCTCCTCAATTGCTGAATCGACCCCTTTCAGAGGTTTGGCTTTCATGGCGAGTACCGGGTCGCTGTATGTATTAATCGGTAAAATCATGCTCTCTCTTCTGAATTGCGCCGGCACGCGGAAGCACCGGCTTTGCTGAAACGGTAAAGGACAAAAGCACTCCGTTATTGAAAAAACCCCTCGGAAGTTGCTAATAGTTGCCCCGCCAGCAGGCCCATAAAAACTGGAATGTACGATTTTCACCCTTTTTCCACAGGCATTACCTGAACCCGATGCACGCAGTACCGACAAGTAATTCAGC
NZ_CP104202.1_gap33	1225818	1230221	4403	GAGGTGACGGGATACCACCTGCGGAAAATCGATGCGAGCGTGCCGGAAGACCGGAATATCGCCCGCACCATCGACGGCTTCCGGAGTCTCGTCGAAGAGCGCTACCTCTCGCACTTCGGCTACCGCTTCGACCAGGTGCTCGCCTTTCAGCCGTTCAACGGCCAGACCATCGAAGAGACCTATGCCAAACCCGGCGAAACCGGTCTCGGCAACCTCGTCACCGATGCCTACCGCTGCGCCGTCGAAGAGGCAGAGGGCCACCGCCGCCATATCGACACCGCTGTCGATGTGCTCGGCTGCATCCGTTCGTCGCTCTTCAAAGGCGACATCCGCGTGTCGGACGTTTTCCAGACCGCCTCGCTCGGCCCGGTGCAATACGGCTATTGCGGCAACACCATCGTGGTCATTTATCTCACTGGCAGTGACCTGAAAAACCTGCTCGAAGTCCACACCAGCATCGCCCCGTCGAAAAAGGATGCCCTCCTGAGCCTCTCCGGCATCAGGTTCAGCTACAACCCCAACCGCGTGCTGTTCGACCGCGTGACCTCAATCGAAATCGAAGGGGCCGACAACCGCTATCGACTGATTGAAAAAGAGCGCCTCTACAGCGTGGCCATCAACTCCTATCTGGCCAGCCTCATCGACCTGATCGACACAAAATCTTTCGGGCTCCTGACGATCACGCCGAGAGACAAAGCTGGCAATCCGGTGGGCAAAAAAGATGAAAACAAGCTTACGGTAACACGGAATGGAGAGCCGCTGCGCGAATGGGTCGCCCTCGCCGAATACCTCTCGTCGTTCCCGAAAAAGAACGGCATTGCAACGATACCCGAACGCTACGCCAAACCCGAAGGCCGCATCACCACCGAAGCCTCATGGAACCCCATCGCCCTCCTCGCAGGAGGCAACTGGATCACAGCAACAGCCGCCATGCTGATCGTTGCTGCGGTGATACTTGTGGTTTTACTGATGCGCCAGGTTGTACTGAAAAGCAGGCGGTAGTAGACATGAGCTGACTTTGCTGGAAACGAAAACACGGTACTTGACCCAAGCAGAAATTGCCTCTCGAATGGGTGTGTCGCAACCGATTGTAGGAAGAATCGAATCCAGCCTTGGCAGCCAGGCCCACTCCCCATCGCTGAACACCCTCCGCAGATACGCTCAGGCTTGTGGAATGAAACTGGTGATTCAGATGGTGAGAAAGAATGATGAAGGATGGAAATGAAGCTAAATAATCTGAAGGATTACCAAAAATAAATTCCCATTTGACTACATCAGTACAAAAAAAGCCGCTCAAAAGATTAACCTACGGAGAAACTGAAGCTTTATTAATAACCTCAAATACATATGAGCTGAGCACAGATCCAACAACACCTAAAACGATTGAAGTTATTCCAGAAATAGCAAGTGCCCCGGATGGATTTTTTTAATAAAGTCTGCAATTCTATAAAACATCGACTTCCTTATTCGCTTAATTTCATTTTGACATAGAGCAATCATTTCGTCAGAGACTCGTTCCCTCCTTAACCGCTCCACACAATCTGAGCAGATTATGGGATTGTGACACAAATATACAACATCACATTTAATCCCATTCATATCAAACAAACAACACCTCGCCTCATCATGAGTATAACTTGAAATTTCCACTGTTTCTAGAATACGATTCTCATTACGCTTATAAGCCAAGGTATATGCATAAAGAAGACGATATACGATATTTTCCAGAGGGATATTGAAAAATCTAAGGATTTCCTTTATCTCGTGAAAAGAAATGACGGCCCTATTAGCCGATAAACGCCTTGAATACCAATTATGCTCTATTGGGATATTTACAATGGCGATCAGAAACTCACCATTAAATCTATTCGGTAAAACTTTTTCAAGGGCGTTATCGGTAAATTCCCAGCCGTCACCATCTGAATTCCAGGATATTGTATAGCTTTCGATTTCATCAACTATTTCAAAAACAGAAGACCTTCAATCTTTAATCTTTTTTCTGTTAAAGTCTGGCGGCATATACCAAACTGTGGCTATGCTTATTCTGGTTTTAATCATTGCTATTTTCGAATAGTCATAATTACCCCCCTGTTCTAACTGACAAATCCCAATAAATAAAAACACTATTCTCACCTGTTTTCCCTGCTGTGCCATACGCGAATAATAACCACTGTATCGTTTTTGTCCCATATGTAGCGGAGAACGAACGCTCCAGCTCCGAACGATATGACAAGTTCACGTCTGCCCGTTTCGTCGTTCATCGGACGCCCGATTTCCGGTATCGATTGCAACAAACCAGCGCCATCAAGAATGACCCTTGCTGCTCGTGATGCTGCATCAGGGCTTTTTTCATGCAAGAATGCATGAAGTCGTTCAACATCTACCAATGCTTCCGGAAGCCATTTTATCTCGGGCACGCGGTCACCTTCCCTTCTGCCAGATTTTCAAGCCATTCAGCGGCTTTTTCATGAGTTACAGCAATCCCGGTCAATTGATAACGCTCCCAGCGATCCATATCCTCACGCTTTTCCTCCTCGTACTTTTCCTCGCGATCCAGATAGGTTTCGATAGCTCGGCACATAAGCCAGTGGGGGGACCTGTCACGGATTCGAGCCAATTCCTCAAGCCGTTTATGGGTGGTGTCGTCTAATTTGACGCCCTTAGTCTTTGTTTTTGACATATCTAAACCTCCTTTTGCAAAAAGGTAATACTTATAACAACCTTTAGCAACCCAATCCATCAATTCTCCGAATCCCTCAACGCCGCCTCGCCAAGCGTTCCAACCTCCTTGTACGAAGTCTTGTTCGTCGAAAGCGGCGAACGGAGGACGCGAATCGGACGGGCGTCGGCCTCTTTCGCAGCGGTAATGTCGGTGTCGGAGTCGCCGTAGTAAACCTTCACCTGTTTAGCCGTAATCGAAGGCGTTTTGGATTGGTTGCAGGTGAAAATCACCTCGGCCTTCTTCAAGTCGAAACATGGCTCGAGGATTTTCGGCACAATGTTGACCTTCGAGCTGTCACGGGCGGTGATGAAGAAAATCGTGTCTCCCCTCTGCTTGTGCATCTGGATCAGCGCATTGCCGGAAGCTTTCGGGATGCTTAATTTGTTGAACTAACGATTCATATCGTTCCAGAACACCGAGGAATGCCACAAGCTGCCGCCTGTGAGGTATTTGTTTCTGCCATTGGGGCCGTCGTGATTGTTCACGCCATAGTAAAAGCTGGAGCTGGAGAAGAGAACGGTGTCGTCGATATCGAATCCGGCGACAATCGGTGCAGGAGGAAGCGTTTCCCTGATCTTGTCAGCCGTGACGTAATGAACCTGCGAACACGCCGCCGCCGCAACCAGATACAGCAACGCAAAAACCGCTCTGAACTTCCGGCTCATGAGTTCCCTCCTCGTCGTTTTGATAGAACGACAGGCAATCTCAGGAACAAAGTATCAACAGGTATCGGATCGCGCAGAGCAACAAAGAGACGTACTGACTACAGGTCGAATCGAAGGCCGCTTAACATGGCAGGAAATCGGGAAATAACGGCCCGGCATGAACTCATTGATAGGCAAAGAAAATACATCAAATTCACAAGCGCCACCGGGAAAGAGACGCTTCTGTTGAAGCTATAACCTGCAAAAGGCTGAGGCCCAACAAACGATAATCCAGGGATCGGGAGAAAAGAGTGGGAAAATATTCCGGGCACTCACTCGGCAACGACTTTCGTGTCCCAGGTAAGCTTGCATCCCGACGCCTTGAGCATGGCAGCCACGCTGCAGTATTTTTCCATCGAAAGCCCGACGGCTTTGTCGATATCCGCCTTGGTGCAATCAGGACTGCACATCCTGAAGCTGACATGAATCGAGGTAAAAACTTTCGGATGGTTTTCAGCACGAGCAGCTTTGAGCGAGGCATCGAGGGTGACCAGCTCCTTTCTCATTTTTCCGATAATGGCGATGATGTCCATCATGGAACAGGCCGCAAGCGACTGGAGCATAATCTCCATGGGAGAGGCATAAATGGCAGGAATCGAAGGGTCAAGCTTTCCATCGAAAAACGTGTGCTGCCCTTTTTCGTTGACACCGATAAGTGGCAGATTCCTGTCGAAAGAGACTGTTGCGCGCATGGCTTTTCCGGATAATAACGTTGAAAAGAAATGAATCGGACGGGACAAGACTGGCTCATTCAAGATACTGGTTCGCGATCAAAAAAGTTCGCTCAGCGGCTTATCAGCCTCAACATTACCGACCGCCTCACATTTACGGCAAGTGAACAAATTCTGCCACTCTGGCATTTATTATAACTGTAGTCCGAAGAAGGTCTCACAGAGAAGCCCATTCCATACCGACTGACATATGAGATATTTGATAGTAATCAGACCACATATCGGCAATGTAAACACAGCCTTTCA
NZ_CP104202.1_gap34	1232267	1234279	2012	ATAGCTGTCGAGCCTGCTGAAGAAGGTTTGCGCCGGATCGGAATAGCCATGCATCGAGGAAAGGTAGGTATCGACGCTGTTGGTGAATTTGGCCTTTTCCGCAGCATCAAGCGCGGCGTAATCATCAGGATAGATCAGGCGGTAGAGGTAGCAATACTGATAATGCAGGTTCCACCCGCCCAGGTCGAGACCGGTCAGAAGACCGATCGAAGGCCGCAGAAAGAGCGACAGATTGGTGATGTCGGTATTGTCGTTCCTGAACAGGCGCTGGTTGATGCGCTCCGGCAGGGCAAGCACGATCTGCCCATTCAGCCAGCTTGCGGTTTTATGAGTGTCCCACCACATGCCGAATGCCGCCGGTGCTGAATCTTTATCGATGGCATTGGAAGGAACGGGGAAGCCGGTCAGACTCGGAGAGTAAACACCGGTGGTAGCCATGATGCAATAATTCTTTCCCATGCCGTAGAGCACCGACTCACCGCCATTGCAACTGCCGTCGATCACTGTCAGGCTCGCCCCGTTGTTGGCGATTTTTTCAAACAGTGGCGCAAGCTGGCTGACGGAGAGTGTGCCAGAATTGAACTCAATGAAATGCGACGCAGCGGTGCCCTTTGAGGTGTCACTGCGGTTCCAGCGCGGATTCCATCCGTGGCCTGCCAGATAGACAACAAGCTGGTCTCCTGAGGCAAGAAGAGTGGAAAATGTGGTCAGCGCGTTCAGGCCCGAGGTACCGCTATCGGTCATGGTGACCATGTAACCGCGGCTCTGAAGTTCGGTTTTCAGCTCGGTCGGGGTGTTGCCCCAATCATTGTGATAGATGATGAGCGCCTTTTTAAGCCCTGCGGCATCGAGCTGGACAGCCAGCAGAGTAAAAAAGCCCGCAAGCATCACCGCAAGTATGCTCCGTTTCATGAGTAGCCCTCCTTTTAAAAAGATGATTGAGGAAAGTGCAACGAAAAAACACTTGAAACGTCATCCCGCAGGGCGCGGGTCATGTACATTTATTTCGATCGAAACGGATGGTTGCCGGTTGATTTAGCCCTATCGACAAGGTTTGGCACACTGAATACAACGGAATCAAAACAAGAAATGGAGCTAAGCCGGACAAAAAGCCGTTCACGGCATACCGTCGAAGATTTATAAATCTTCTACACAAAAGATAAGAAACCCAATGCCCCGTAACTCAATAAATCGTAACAACAGCAATCACGGGTTCGCTTCGTTCACTCCTGACTGTCGGTGTTTTTCTGCTGTGCACCATCAACGACAGAAACAACGGAAAATCGAGCTGTGGAACATGACCGGCAGGCGACTACTCTTCCTTGTCGTCGATGTCGAGCGTGCCCTGCGCAGCGATGGTTCCTGCGGTGGTGGGTGGCCCTTTCAGAATCCATTCAAAGACTACGCCGATCAACGCACCGGCGATCGGCCCGGCAACATAAACCCAGGCAAGCCCGGTATTACCGCAAACGAGTGCGGGAGCCAGCGAACGCACCGGGTTCATCGAGGCTCCGCTGACCGGCGCGGCCCACATGCCTGCCAGCGCGATGTAGCCGCCAACGGCAATCGCCCCGTTGGTGCCGATGTTCCGGGCACCCGACGAGGTACCGAGAATGGTGTTGACCAGCGCGGCAGTCAGCACAACCTCAATGATGAGTGCTTTCAGCGGCGTAACCTCTTGGCCGGGCAGGGTCAAGCCCGCTGCAACAGCTCCGTCGCCAAACATAAAGCCGAGAAAGAGCGCGGCCAGCCATCCCCCGGCGACCTGGGCAAGGATGTAGCCCGGCACGCGAACCCAGGGGAAATTGCGGCGAATGGCAAACGCCAGAGTAACGGCAGGATTGAGATGCGCGCCGCTCACCGTACCCATGAAGTAGATGATCGCCATCACCATGAGGCCGGGCGCAACCGGCAGGAGCGCATCACCGGTATGGTTGCCGGAACTCGTCGCCGCCACAGGGCCGCCCGCTGCCACGAGCACCAGCAGAAAAGTGCCCCACAGCTCGGCAAAA
NZ_CP104202.1_gap35	1241245	1246139	4894	GCTCAGCTTCCCTGGGCCTCGCTCGGCGCGAACCTTGTGGTTGAATCGACAGGCATCTTCACCAGCCGCGAAGCCGCCTCGAAGCACATCGCCGCGGGAGCGAAGAAGGTGATCATCTCCGCTCCCGCGAAGGACAAGGTTGACGCCACCATCGTCATGGGTGTCAACGACAAGAGCATCACCGGCGCTGAGGAGATCGTCTCCAACGCGAGCTGCACCACCAACTGCCTCGCTCCGATGGCCAAGGTTCTCCACGAGAATTTCGGTATCGTCAAGGGCTTCATGACCACCGTGCACGCCTACACCAACGACCAGAACATCCTCGATCTTCCGCACAAGGATCTGCGCCGTGCGCGTGCCGCTGCCTGCTCGATCATTCCGACCTCGACCGGCGCAGCCAAGGCGATCGGCGAAGTGCTGCCCGAACTGGCAGGCAAGCTCGACGGTTTCGCCATGAGGGTTCCGGTGCCGGACGGCTCGGTCACCGACCTGTCGGTCATCGTTGAAAAAGAGGCCACCAAGGAGGCGATCAACGCCGCCATGAAAGCTGCCGCCGAAGGCCCGATGAAGGGTATCCTCGACTACAACGTCGATCCGATCGTCTCCTGCGACATCGTCGGCAACGCCCACTCCTGCATTTTCGACTCGCCGCTGACCATGAGCTCCGGCAACATGGTGAAAATCGTCGGGTGGTACGACAACGAACTCGGCTACGCCACCCGCGTGGTTGACCTGCTCGGCATCTACTCGAAGTTCGTGTAAGCTCCGATACCTCGGAAGTTTTTAATCAGAAGGGCTGCCTGAAAAGGTGGCCCTTTTGCGTTGTAAACAGCATTTTTCTTATGGGACTTATGAGAGGAATGGTTGATCAGCTTGGCCCCTCCCGATTTTGCCGTGAAAGAGTAATGTCTTATTATTGAACTACATTTCGGAGTCAGGCTCAACCTAAACGCCAACGCCCATGACCAGCACCATCGACACGCCAAAAAAGGCCATTATCCTTTATGACAGCATGTCCGTCGGCGGTTCTGCAGACAGGCTGATTGATGCTATCGGCAGAAATCTTGCCCAGGCCGGAGCGTATGTGGAAAAAGCCCGCTGCAAGACCAACGCCGATTACAGCTTCGTTGAAGAGTTCGATCTTGTGATTCTCGGCGCGCCGATTTACTATCTGCTCGTCGCCTCGAAACTCAGTGGTTCGCTCTCGCAGAGCAACCTGAGAGCCGTCCTCAAAGGCAAGAAAGTGGCGCTCTTCGTCATCTGCGGCAGTCCAGAGCCGATGGCGCAGTTCCTCTACCTGCCACAACTCAAAATGCATCTCGACAACCCGGTGATCCTTGCCGAAAAAGCATTCGCTCCCGCAGAGACCAGCGATCAGAACGCGATCGCGGAGTTCACGAAGAACATTCTGGATGCTTACGACAAGGCACGCTGATTCAACAAAACTTACTCTATGACTCCCGACAACGAACGCCAGATGAGAGCCATTATCCTCTATGACAGCCGCTCCACTGGCGGTTCAACCGACAAACTGATCGACTCGATTGGCCAGCAGCTCGCTGAAACCGGAGCCTATGTCGAGAAAGCCCGCTGCAAGGCGACGGCCGACTACAGCTTCGTCAGTGAATTCGATGTCGTGATCCTCGGCGCTCCCGTATACTACCTGGTAGTCTCTTCGCAACTGCTTGGCGCACTGGTGCAAAGCAACCTGAAACGCTATCTGCGAAACAAGAGTGTCGCGCTCTTCGTAACCTGCGGAAGCCCCGAACCAATGGCCCAGACACTTTATCTGCCGCAGCTCAAGATTCATCTGATTCGTAACAGAATTCTCGCCGAAAAGGTGATCGCTCCGCATCAGGTAGCCGACGAAGAGATCATCGCCGACTTCGTGGACGAGATCGACGAGGAGTACCGCCGGTCGAGCAGACCCCGTTCTGGCTTCCGCGCCGAAAAGCTTCAGTGGAGCGATGAGGCCCGAGAGCTGGTCAACAACCTGCCACCATTTTTCGTCGACAAGATCAAGGCCGCCCTGTACACTTATGCCAAACAGAACGGGATAACCTACATTACGCCAGAGGTGCTCGATGCGGCCCGCTCCAGCTCCATGGGTATGTGAAGCAGAAAACTCGATACAAACAGAAAAGCCGTCACCTCGCGATGACGGCTTTTTATTTTTTCTGGCATCAGTAAAGCTGACAACGCCTCAGCTGAAAATATCCTTCGCCTTTTCGAAAATGCTCTTTTCATGGTTTTCATCGCCATGGTTCGGGCAGATGGCAGTCGATTTCTTCAGCTCCTTCAACAGGTCGCGATCCTTGCCGCTGACATCTTTCGGCACAAAAACATTCACCCTGACGTACAGGTCGCCGCTGCCGCCGCCTCGCAGGTGGCCGATGCCCTTGCCACCAATGCGGAGCATCGTGTTCGGCTGGGTGCCCGCCGGAATGGTCAGTTTAACGTGACCATCGAGCGTCGGCACGTCGATCTTTGTGCCCATAACCAGATCGGGGAAGCCGACCGAAAGATCGTAGATGATATCGTCGCCGTTGCGCTTGAACTGCTTGTGCGGCTTCTCCTCGATCACCACGATCAGGTCGCCAGGCGCTCCGCCCCTCGGTCCCGCATTGCCCTGCCCCTGAAGCGTCAGGTAGTTGCCGTCCTGCACCCCCGCAGGAACGGTGATCTTGACGGTCGTTTCGCCCTGCTTGATGCCTTCGCCATAGCAGGAGGTGCAGCGATCCTTGACCACCTGCCCCTCGCCGCCGCAGGTCGGGCAGGCCGAGATGTTCATGAACTGCCCGAACATCGTCTTGGTAGCCTGGCGAACCTCGCCACTTCCGTGGCAGGTCGGACAGATCTCGGTTTTGCCGCTCTTCGAACCGGTACCGTTGCACTCCTGGCAGATGACCTGCTTCTTGATTTTGAGCGTCTTCTCAACCCCCTTTGCGATCTCTTCGAGCGTCAGCTTAAGGCGAATCTTCAGGTCAGTACCGTGAATGCCAGCCGAGCGTTTGCGTCCGCCGCCACCGCCGGAAAAGCCGCCGCCAAAGACATCTTCGAAACCGCTGAATGGCGATCCGCCGCTTCGCGCCCGACCACTGCCGCCACCGAACATATCATTGAAAGCGCTGAAAATATCGTTGATATCACCATATCCCGCGCCACCAGGACCGCCTCCCGAGGCAGCTGACGAACCGACGCCCGCATGGCCGAACTGGTCGTAGCGGCGGCGCTTGTCATCGTTGCTCAGAACTTCGTACGCCTCGTTGACCTCTTTGAACTTCTCCTCGGCCTCTTTGTTGTCGGGATTCTTGTCCGGGTGATATTTCAGGGCCAGCTTGCGGTAAGCCTTCTTTATTTCATCCTTGTCCGCCGATCGGCTGACGCCAAGAACTTCATAGTAATCTCTCTTCATCGTTTATACTCTCACTATTTATATCTGAACCTGGTTATTTGGCGACGATTACCTTGGCGTGACGGATCACCCTGTCGCCAAGCGTGTAGCCGGTCTGGTACTCCTCGACGATGGTGTCGGGTTCGGCACCCGGCGCATCGATCTGCGTGATCGCTTCGTGGAAGTTCACGTCGAGCACCTTGCCTTTGGCCTCAATCTCCTTGACTCCCTTGCGCTCGAGCAGCGACATGAAGTTTTTGCGGATCAGCTCCACCCCCTCAATGAAGGGTTTTGCCGCGGCCATCTCCTGCATTTCGGTAGGAATGTGGCTCATGAGGCGCTTCAAATCATCGATCAGCGGCAACAGGTCGCGCACCGTGTTCTCCAGCATTCGCGTACCGGACAGCGCGGCTTCGCGCTCCTTCTGCTTCCGGAAGTTCTCGAACTCTGCGGCGCGGCGCATCACCTCTTCGCGAAGCTTCTGGATTTCGGCGTCCCTCGCCGCAATTTCGGCCTCCATGTCCGCCTCGGTCGCCGCAGGAATCGCCGCCGTCTCTTCGGCAGCCGTCTCAGCCGCCTCAGTGTTGATAGTCTCCTGTATCTCTTCCTGTTCCTTGTGGTGCTTTTTAGTCATAATTGCAGCTAAAGTATTGATAATTAATTATTTCCGGAGAGCGCCTCGGAGAGGCAGCCCGCCATGTAGTTCACCACGCGCACGGCGTGCTCGTAATCCATCCGCTTCGGCCCCATGACGCCAACCCTGCCGATCATCTTGCCCGCGAAGTAGGGCGACGAAACAATGGTCAGGTCGGCGGCGTTGCCTGTGCGGTTCTCGGTGCCGATGCTGATGGCCACCTCGCACTCGCGAATCTGGCGAAGTGCTGAGGGAACCGCGTTATCGACAAGCCTGGCCATGCCGAACTTGTCCTCGATCATGGTGATGATGTCGCGCACCTTCTCGGGATGCTTGAACTCGGGCTGATCGACGATGTTCTCGGTGCCCGAAACATAGAGCCGTTCGAGAATGGAGGATTCATCGAAAAGCGTATCAGCTGAGCTGACGATACTGTTCATCAGCCCCTCGCTGCCCTTGAAGTCCGAAAGGCGCTTGCCGATGGTGCTACGAATCTCTTCGAGCGTCAGCCCCGAGAGGCGTTCGTTGAGCACATCGACCACGGCATCAATCTTCTGCCGCGATATTTCCGCGTTCAACTCCATGACGATGGTCTTGACAAAGAGCGACTGGATGGCAATGACCACCATGATCCGCGACGAGGCGAGCTGCACGATGTCAAGGCGTTCGAAAACCGCGTTGGAGAGCCTCGGCGGCAGCACTACGGCGAGCTGCCGCGAGATGCTGCCCAGAACCCGTGCCGCCGCGCCCAGCACCTCGGCAGATGTGCCTTTCAGCTCCGAATTGCGACTGCTGAAACGATCATCGATCATCCGCTTTTCCTCTTCATCGATCCGGCTGACGTTCATGATCAGATCAACGTAATA
NZ_CP104202.1_gap36	1339087	1340289	1202	GATGCTCGCCTGCGCCAGGCTCGGCGCAATCCACTCGGTGGTCTTCGGCGGCTTCGCATCACACGAGCTGGCCGTGCGCATCGACGACTGCAAGCCGAAGGTGATCGTTTCGGCTTCCTGCGGCATCGAGCACGGCAAGATCATCGACTACAAACGCCTGCTCGATTTCGCCATCGAGCTGGCCCACTTCAAGCCGGAGATCTGCATCATCCATCAGCGCGAACAGCTCAGGGCGGAGCTGAACGAAGAGCGCGACATGACCTGGAAGCAGGCGCTGCTCGGCGTCGCACCAGCACAATGCGTGCCGGTGGAAGCAACCGATCCGCTCTATATTCTTTACACTTCCGGCACCACCGGCCAGCCGAAGGGCATCGTGCGCGACAATGGCGGCCACATGGTGGCGATGAAATGGACGATGGAAAGCGTCTACAACGTCAAACCTGGCGAGGTTTTCTGGGCGGCGAGCGACGTCGGCTGGGTGGTCGGCCACTCCTACATCGTTTACGCGCCGCTCCTGCACGGCTGCACGACCATCGTCTTCGAGGGCAAACCGGTCGGCACCCCCGATCCCGGTACCTTCTGGCGTATCATCAGCGAACATGACGTTTCGGTGCTTTTCACTGCACCGACCGCCTTCCGGGCGATCAAGAAGGAGGATCCCGAGGGCAACTACATCCGCCGCTACAACTTCTCGAAGTTCCGGACGCTCTTCCTCGCCGGTGAACGAGCCGATCCCGACACGGTGCGCTGGGCCGAAAAGCAGCTCCAGGTGCCGGTGATCGATCACTGGTGGCAAACCGAAACCGGCTGGGCCATCGCGGCCAACTGCCAAGGCATCGAACCCGGCCCGGTCAAGTACGGCTCGGCGTCGAAAGCAGTGCCCGGCTACGACGTGAAGGTGCTCAACGAGGCGCACGAAGAGCTGCCACCCGGCACGATGGGCGACATCGTGGTGAAACTGCCACTGCCGCCTGGCACGATGACTACCCTGTGGCGGGCCGATATCCGCTTCGTCGAGAGCTACATGAAGAGCTTCCCCGGCTACTACCAGACCAGCGACGCCGGCTACATCGACGAGGATGGATATATCTATATCATGTCGCGCACGGACGACATCATCAACGTCGCGGGCCATCGCCTCTCGACCGGCGCCATCGAGGCGGAGCTGTGCGAGCATCCCGACGTGGCCGAAAGCGCGGTGA
NZ_CP104202.1_gap37	1403972	1406328	2356	CTCGAACCTGTAACCCTCAGCTTAGAAGGCTGATGCTCTATCCATTGAGCTACGGGCACATAATCCTGTCGCAGCTCTCCATGGTCGGGGCACCGAGACTCGAACTCGGGACCTCCTGCTCCCAAAGCAGGCACGCTACCAGCTGCGCCATGCCCCGTCTTAACGGAAGGCTCATAATATACGACTTGAGCCGAAATCACCAAACAAAATTTTCAGAAACTCTTCACAAAAAAAAACCGAGAGCAAACGGCGCGAAGGTCAGCGGATCAAAAATCGAAACGGTTTATCAGATAATCAGTTACGAGAATCCTCAGCTCTTCGTGATAAATCATCTCTATAGCCTCTCCGGGCGTGACAAGCCGTCGCTGGCGCACATGCATCTCGTCCCACTGCTCAAGCAGGGACTCAACTTCGAGAGGATAAATCTTGACCGAGAAGATGCCCGACGGACGGCGGTATGAGTAGGTACCGATCTCTTCATGCCGAACGGTTCCGATAATACCAGCCTCCTCCCATGCCTCCTTCGCCGCAGATTCGACGGGTGACATACCCTTCTCGATATACCCTTTGGGGATGATCCAGCGCCCGGAACCGCGGGCGGTAATCAGCACAATCTTATCACCGGCAATTGGCAGCACGCCTGACTGTTCCGATATTTTAACCGTTCCGTTGGCCATGATCGCCTGAAAGAAGTAAAACGTTACATAAACAACTCTTCCTATAACGATTGTTATAGAACAAAACCGTGCAAAAGATAAAAGATTTCAGCTTTTTTCCATGACTGTTTCACCATGATGTCACAATGATCTTTTACCATACAAAAGCCTGCAAAAACAGCTCCACCTGCAAGAACGCAATTTCTCCGATTACCTGAACGATGTGTTTTTCACCGACTTCCGAATGATGATAATCTCCTGCAATTGAAGTAAATTGATGCACATATTTCAGTCAATCAAAAGCGACCCTTGACATGAAAGCCATCATTCCCGTTGCCGGCGTCGGAAGCCGTCTTCGTCCGCATACCTTTTCCCAACCGAAAGTGTTGCTCAATGTAGCCGGCAAGCCGATCATCGGTCATATCATGGACAAACTCATCGAATCGGGCATTGATGAGGCCGTGATCATCGTTGGTTATCTGGGGGGAAAAATCGAGGAGTACCTCACTTCACACTATTCAATCAAACTGACCTTTGTCACCCAGGCCGACCAGCTCGGGCTCGCCCATGCAGTCCATATGTGCAGACCGCATGTGATCGATGAAGAGCCACTCTTCATCATCCTCGGAGACACCATTTTCGATGTCGATCTGAAGCCGGTACTCGGAAGCTGCATTTCGACGCTCGGAGTCAAAGAGGTTGAAGATCCGAGGCGCTTCGGGGTGGTGGTCACCGAGGGCGACAAGATCGTAAGGCTCGTGGAAAAGCCGGAGCAACCGGTGAGCAATCTGGCAATCGTCGGCCTCTATTTTGTGCACAGGGCAGGCACGCTTTTCAACAGCATTGATTACATCATAGCCAACGACATCCGCACCAAAGGCGAATTCCAGCTTACCGACGCCCTGCAGCACATGATCGATCTCGGCGAACCCTTTTCAACCTTCCCGGTGCAGGGATGGTACGATTGCGGCAAACCTGAAACGCTGCTCTCAACGAACGAAGTTCTCTTACAGAGGGATACCCGGCAAAAATCACTCCCCGGCTGCATCATCAATCCGCCGGTCTTCATTGCCGACAGCGCCAGCGTCACAAACTCCATCATCGGCCCAAACGCCACAATCGCCGAACATGTCGTCGTCAGGGACTCCATCATCATGAACTCCATCATCGGACGCAAGTCGCAGGTTAGCGACATCATGCTTGACCGTTCGATCGTCGGCAACAATGCCATTGTATCGGCGATGGGACACGAGCTGAACATCGGCGATTATTCGGAAATCAGAATGGGATGAGCGCATGGATAGCGGCCGGAAGGTACTCGCGCCGCTCAGCTCATGAAAAGGTAAGGCTTCCACTCATCGGAGATCGACAGATAGTGCTGACGCATCAGCGTGATATGGCTCGGCCTGACCGGCTTGTTCAGCATGGCCATACCCGCTTCTGATGGAGTGCGGTTTCCCTTTTTCGTATTGCAGGGCTTGCAGGCGGTGATGAGGTTCTCCCAGGTGTCTTCGCCGCCGCGTGATTTCGGAATGACGTGATCGACCGTCAGCGAGTCACTCTTGCAGCCGCAATACTGGCACCTGAACCCGTCCCGCCTGAAAAGGTTTTTACGGTTCAGCACAGCGCCCCGGTAATCGATTCGCACGTAAACCATCAGCCTGACGATGCTCGGCAGCGGAAAGTTCTCCGTCACCGTG
NZ_CP104202.1_gap38	1407570	1410291	2721	TGCGACAGCACGAAAGCGTGCGGCGCTTTCCGCTTACGCCTGTCGAGCCGGGCGCTGATCCACGGCTGCTGGTCAGCGATGGTGTAGCCGGAGGGGGAGTGCGTCGAATTGGCGACCAGTCGATTCGGTAACGGCCAGTTGTCGATGATGACGAAACGCGCCCTCTCCTCGCCCTCGCCGCAATCGAACGAGTAGCTCAGCCCGTCGAGATCGCGGCTGACTATAACAGGGCTGCTGAAATTGGAGCCGACGGTAAAGAAGTCGCCATTCCCTTTTCTGAAACCGCCGCCGCGAGTCTGAGGATAGCGCTTCCGGAAACCAGGCGCTCCGTATCCGCTCTCTGAGCTTTTTGCCTCATGATTGCCCCGGAAAGCAAAAAACCCGATGCCTGCATCGATCAGCGGTTGAGCAGCCGCGACCCGCTGCTCCTCGGAAATATCCCTGCCGTCGTCGCTCAGATCGCCGACCTCGATGACAAACTTCACGCCAGCATCGATGAACTGCCGGTTCACCTGCTGGATGATCGAAACCGGCACGGTGTGCGGATTCTGCCCCGAAGGATCGGCCGCTGTCCACTGCGTATCCCCCATCACCCCGAACTTCCACGCTTTGGCCCATGCCGCTGTCGGGAGCTGGAGCAGCACGAACAGCGCAAAAACGGTGCTGGTTTTCCTGAACAAGCTACCAATGCTCATCACAGATTATTTGGTAAGGTTTTTCTGCAAAACACCTTGATCACCCGAGAAAATAAACCATTGCCGCCATCCATTGCCACTCAGTATTGTGAACTTCATGCTAACTATTTACCCCTCTTTATCCACATCGTCCACCGGTTCCTGACACAGAAGAATTCACCTAGCCCGCCACATTGAACTTGCATGGCAAATTTCGAATTCGTACATTTATCGTTGATTTTCAGGCATCCCCATTACCTATGGACACGGTGCCAAAAGCTCTCTCGCGGGATTTCGTCCCCGGAGCTTGCCGGAAGGCTTCCCGTGTCCCGTCTGTCCCCAAAGACATTCACCTTCACGAGAATTCCCTCTTGGCAAACCCGCCGGACCCCTGCCGTTCTTGTCGTTCGATTAACAAAAAACCGAAAAGGAAACTATGTCACATTCAAGGTATTACTTTACCTCGGAATCAGTTTCAGAAGGCCATCCGGACAAGGTAGCCGATCAGATCTCCGACGCCGTGCTGGATGAGTTCATCAAGCAAGACCCCAACTCCCGCGTTGCCTGCGAAACCTTCGTCACCACCGGCCAGGTGATCGTCGGCGGCGAAGTGACCACCAAAGGCATCGTCGATGTCCAGACCATCGCCCGCAAGGTTATCACCGACATCGGTTACACCAAGGGTGAATACATGTTTGAAGCCAACTCTTGCGGCATCCTCTCGGCCCTGCACTCGCAGTCGCCCGACATCAACCGCGGCGTTGACCGCAAGGAAGAGATCCAGGACGAGTTCGACCGCGTTGGCGCTGGCGACCAGGGTATGATGTTCGGCTATGCCTGCACCGAAACCCCCGAGCTGATGCCTGCCGCCATCCAGTACGCGCAGGAGCTGGTCAGAAAGCTTGCCGAAATCCGCAAGGAGGGCAAAATCATGACCTACCTCCGCCCCGACGCCAAGAGCCAGGTGACGCTCGAATACGACGGAAACGACAACGTGCTCCGCGTTGACGCCGTGGTCGTCTCGACGCAGCACGATCCCGAACCGGCAGGCATGAGCGAAGCCGAGTTCCAGGCCGTCATCAAGAACGACATCATCGAAAACGTCATCAAGAAGGTGATCCCTGCCGAGCTGATCGACGAGAACACCAAGTTCCACATCAACCCGACCGGCCGCTTTGAAATCGGCGGTCCTCACGGCGACACCGGTCTGACCGGCCGCAAGATCATCGTTGACACCTATGGCGGCGCGGCTCCGCACGGCGGTGGCGCATTCAGCGGCAAAGACCCGTCGAAGGTTGACCGCAGCGCGGCTTACGCAGCCCGCCACGTGGCCAAGAACATCGTTGCCGCAGGTCTGGCCGACAAGTGCACCGTGCAGGTCTCCTACGCCATCGGCGTGGCCCGTCCGGTCTCGATCTACATCAACACCCACGGCACCAGCAAGCACGGCCTCTCCGACGCAGAGATCCAGGAGAAAGCTGAGGCAATCTTCGATCTCCGCCCGCTGGCCATCATCCGCCGCTTCAACCTCGACCGTCCGCACGGCTGGTGCTACCGCGATACGGCAGCCTACGGCCACTTCGGTCGCGAACAGTTTCCGTGGGAAAAGACCGAAAAGGTCGCTGAGCTGAAAGCCGCTCTGGGCCTCTGATCCAAAACCCTCTGAAAGCCTCTGCGGACATGTGTCCCGGAGGCTTCCCCTTATTCTGAAAAAACTGAAAACACGCTGACATCATGACAACAGAAGCAGCAGTGCTCGACTACAAGGTGGCCGATATTTCGCTTGCCGAATGGGGCCGCAAAGAGATCGAAATCGCTGAAAAAGAGATGCCGGGCCTGATGGCTACGCGCAAGAAATACCAAGGCCAGAAACCGCTCGCGGGTGCCCGCATTGCCGGGTCCCTGCACATGACCATCCAGACCGCCGTCCTGATCGAGACGCTCGTCGAACTCGGCGCGGACGTGCGCTGGGCGAGCTGCAACATCTTCTCGACGCAGGATCACGCCGCAGCAGCCATCGCAGCAGCCGGTGTTCCGGTGTTCGCCT
NZ_CP104202.1_gap39	1468154	1470541	2387	TCCTGATATTCAGAGGGGCCGGTAGCAGATTGAACAGACCGGTGAAATCGAGTCCCTTATTGATCGTGGCATCGAGGCTTCGGGCCCATTCCGCCTGCCCGCTTCCATCGGCAGATATTTTGTCAAGAACGATCGCAGTCCTGCTGGCACCCTCTTTACGTATAGCAATATATTCACCAACCTCTTCAGCTCTGAGCGTGAATGGCACAAAGAGCATACCGAACAGCATGATGCAGAGACAGGCGAATGAATTTCTGGTGCTTCTCATATCAGTCGGAAATGAATTTATGTTTTTGTCACAAGCACAAACAGTTCGAGCGGGACACGGTCACAGCCTTATCATGCAAACCGGTAAAAAACACCTCAAAACTGTCAGGGGAACAGCCTTTCTGAATATACAGCAACTTTGCGATACAAGGCAACTTACCAACAGAGATGTTCAGCGCCCGACACCTTCCGGAGTGAAAACAAACCCTACCCAGATACCTTTGGCACCGTATTCCCTGGGAAGTGAGGGAAATGGCGTCGATTTGGCAAGCGCGTTCTTGACGGAATTGTTCAGGTATTCGCTCGATGATTTCCGGTCATAGCGGATCTCGTTGACCGATCCGTCCGGCAGAATCAGCAGGGAAACGTAGACCTCCATGCCCGAAGTGCTCCGAACCATCTGGCTTGAAAAAGACCAGTTTTTCTGGATAATGTCAGCAATTCTGGCCTTGTAGGGATCGAACACTCCCCCGCCACCAGTGCCGTAACGTCCACCGCCGGCGCCTGAACCGGAACCGGAGCTGGCGGGACCACCCCCGCCGGACGCAACTTTTTTCTGAAGATTGGCCAACGTACTGCTGAGATTGCTCGGAGCCGCAGCTTTGCCTGTTTCCGTTTTCTGGCTGGACGATTTATTCTTCAGCCGTTCAAGAGCGGCCTGAAGATTCTTCCGTTCATCCACGACACTCTCCTTCTTCGGAGCCGGTTCGGGAGCCTTGACCGGGGTCTTTTCAGGATTTTTTTTGACCACCAAAGGCTCGGGAATCTTTTTCACAGGTTGAGGAGGCGGTTCTGCCACCTTCTTTGCCGCCGCCGGTTCAGGAGTTTCCGCCTGCTTCTCGATGGCAGCTGGCGGTGTTTCGGGACTTTTCGGCCCACCAGCAGGACCGGGAAGTCCTGGCATCTGCACCAACGAAACATTGACGATCTTCATCGGTGGATGCATCCGGACGTAAAGCAGCTGAAGAACAACGACAGCAGCAACAACGGCCGCATGCGCTGCCGCGGCAATACCAAGCCAGACGTAAAACCGCCGCTGTTCCAGTTTCAGTTCAGTCCTGCGCTGCATACCTTGCCTGTCGAATCAACGTTTCTGGCTATCAGTCACCGATGGTTCAGTGACCATGCCGACCTTTTCCACCCCGGCATCCCTGATCGATGCCATGACCGACATAACGAAACCGTACGGCAGTGTCTTGTCAGCCTTCAGATAGACCTCTTCAGCCTTCATTGATTCGAGAATTTTCGGCAGGCGCTCGGCGATCTGCGATTCGTCGAGCTGATAATCGTTGATCATGATTTTCCTCGACGCATCGATGCTCACCACAAGCCCTTTTGGATCGATATCCATCCGCTCATGCGTCGTCTGCGGAACATCCACTTTCATCCCGCTGGTCATCATGGGAGCAGTCACCATGAAGATAACGAGCAGCACAAGCATGACGTCAACGAAAGGCGTCACGTTGATCTCGCTCATGAGCCTGGTTTTCTGACCGGTCATCATCGCCGTACTCCCGCTTACTGGTTGAAAAATGAATCGACGAAGTCGAGAGCGAAATCCTCCATGTCACGCTCGATCTGACCGATCTGATGGGTCAGATAGTTGTAGCCCATCACGGCGGGAATCGCCGCAACCAGACCGGTCGCCGTGGCCACAAGCGCTTCGGAGATACCCGGAGCGACGGCGGCGAGCGAGGCCGATTTCATGAGACCGATATTCTGAAACGCGCTCATGATGCCCCAAACGGTACCGAACAGTCCGATGAACGGCGCGGTGTTGCCCGTTGTGGCCAGAAACGGCACCATATGAGTCAGGCGCTTGCTCTCGGCGTTGACCTCCCGCTTGACGGCGAGCGTGATGCGCTCCTTCACATGTGAGGCGTTGGCGCGGTCACGCATCGCACTGTACTCGATGTAACCGGCACGGAATACTCTGGCAAGGGAACTGTTCCGGTAGTTTTCGCTCACCGCGAAGAGCTTGTCTGCATTCCTCAGGTCAAAAAACGAGTCCAGAAAATCCTGCGACTCATTCATCGACTTTCTGACAAACCCGAACTTCCAGGCGATAATCGCCCAGGAAATGATTGAAAAAAGGATCAACACCAGCAGCACCATCACCA
NZ_CP104202.1_gap40	1471792	1473582	1790	GTACCAGCATTGAGGTCTGGAGAATCCAGACATGCTCACCCCAGAGAAACAGCGCTTGCAGAAAGAAAACCAGAGGAAACAGCACAGGGCCATAACTAATAACCGCCTCGCCCTCCGACGTTATAACAGGCTCACCATGCAGCGACCGGAAAAATCGCGCCTTCAGACTCACCAAACCGATGACAGTGAAAAGCAATGATGCAAGAAGTGGCCAGGCATTGGAGACAAAGTAGGCAGGAATGAAGAACATCACGACCCCCATGCAGAGGTGAATCACCTTCCTGACGACAAGCGGGCTGACGCTGAACTTCCTGGTCAAAAGCTCGCCAAGCAACAGGAAAAAACCGACAAGAGTCAAAAGCAGAAAAAAAGAAGGCATATCCTGCGTAGAGGGCGACTGGATATTCACCATGGTACTGACTTTTTGTTTGATAGGTGGAAGATAAGCAGAACCCTTTGTTCCAAGATACAATTATTAAGTTTTTACACCACTTCGGACAAATGAATTAATTGCTGATTTTTGTACAGGAGAAAATTGTACTCTTGCTTTAATAAGCGGGAAAATGTAAATTACCTTCAATTTTTTATGAACTGGCTCGACAACCGATCCATTGCAATGCCGTCTCAGACCAAACATCGTTCCATGACCGCTGCCTCAGGGCACAAAGAGGCTTCACAGCCTGAAGCACCTGCGGCAAGCAGCTTCACTGCACACCACACCACCCTCCTCTCCGGCATTACCCTTACCGTATCGGTACCGCTCGTACACGTACGAATTATCGTAGCCTGACCCACCGTCAGCCCGTTTCCAGGTCCATCGTATTTTCCGCGACAATGCATCAGACTTCAAGGCTTCGGGACAGGCAGGCCCGGACTTTTGTTTTCTTTGTTTTTCAATTGCTAACCATCAGACTTGACCCATGAGATCAGATATCATAAAAAAAGGATTTGAAAAGGCTCCGCACCGCAGTCTCCTCAAAGCGACCGGATGCGTTTCGACACGAGATGATTTCTCGAAACCGTTCATCGGCATCTGCAACTCGTTCAACGAGCTGATTCCCGGCCACGCCCATTTGCAGGAGCTGGGCAAAATTGCCAAGGAGGCCGTGCGCGAAGCTGGCGGCGTACCGTTCGAGTTCAACACCATCGGCGTCTGCGACGGCATCGCGATGGGCCACGTCGGTATGCGCTACTCGCTGGCCAGCCGCGAGCTGATCGCCGACTCGGTCGAGACCGTCGTCGAAGCGCACCGGCTCGACGGCCTGGTCTGCATCCCGAACTGCGACAAGATCACCCCCGGCATGATGATGGGCGCACTCCGCACCAACGTACCGGTTGTCTTCGTCTCGGGCGGGCCGATGAAGGCCGGCCACACGCCCTCCGGCAAAACGGTCGATCTCATTTCAGTGTTCGAGGCAGTCGGCAAATGCAGCACCGGAGAAATCACGGAGGAGGAACTCCAGACCATCGAGGAGTGTGGCTGCCCCGGTTGCGGCTCCTGCTCCGGCATGTTCACGGCCAACTCGATGAACTGCCTCTGCGAGGCGCTCGGCTTCGCGCTGCCCGGCAACGGCACAATCCTCGCCGCCGATCCTCGCCGCAACGAGTTGGTCAAGGCCGCTGCCGGACGCATCGTCGATCTGGTCAAAGAGGATGTTCGCCCGCGCCAGATTCTGACCCGCACGGCGATGCTCAACGCCTTCGCGCTCGATCTGGCGATGGGCGGTAGCACCAACACGATTCTGCACACGCTGGCCATCGCGAGCGAAGCTGAACTCGACTTCGACTTC
NZ_CP104202.1_gap41	1487990	1490235	2245	CGCTGCACCCGGAGCGAGAGGGTTTCAAGCCCCTGCAAAAGCATGAAGGAGTTGAACGGGCTGATCGCCGGGCCGAAATCACGCAGTCCCTCGACCCGCGCCCTGATGATGAACGCCAGCTCGCCAACCGCCTCATGGAACTTCAGGCCGTGGTAGCCTTCCGAAGGCTCGGTGAAGAGCGGAAACTTGCCGTTTCCCCAGTCGAAGGTGCCTGCATCGACGATAATACCGCCCATCGAGGTGCCATGCCCGCCGATCCACTTGGTGGCCGACTCGACGACGATGGACGCGCCATGATCGATCGGACGGCAGAGGTAACCTGCACAGCCGAAAGTGTTGTCCACGATCAGCGGAATACCGTTCTCGCGGGCGATGGCGGCGATGGCCTCGAAATCGGGCACATGGAAGGCCGGATTGCCGATCGACTCCATGTAGAGCGCCTTGGTGTTGCCGTCGATGGCCTTGCGAAACGCCTCCGGATCGTTGCCATCCACGAACTTCACCTCGATACCAAGACGCTTGAAGGCGACCTTGAACTGGTTGTAGGTGCCGCCGTAGAGGTAGCTCGACGACACGATATTGTCTCCCGCCTGACAGATGGTGGCGATGGCAATGAACTGCGCCGAGTGGCCGCTTGCCACGCCAAGTGCCGCCTTGCCTCCTTCGAGCGCAGCCATGCGCTTTTCGAGCACGTCGGTAGTCGGGTTCATCAGGCGCGTATAGATATTGCCCGCTTTACGCAGCGCGAAAAGGTCGGCACCGTGCTCGGCGTTCTCGAACACGTAGGAGGTTGTCTGGTAGATGGGTACAGCCCGCGATCCGGTCACCGGATCAGGCTCCTGCCCGGCGTGAACCTGCAAGGTCTCGAACCGGAAGGAATTATCCTTGGTCATGGTAAAATATTCTATGATTGAAGCTTACGCTCCATGCAAAGGATTCGGGGTCTGGACGTGCGCGTGGAAGCTTGACAAGAGAGGTATGAAATCAGCAGGAATGCATACATCATCTTTCCCGGATTCCCTCCGGGATGGATTTGGCACCTCTCATATGGAATGAAGGTTGCCAAGGCTTCGCAGGGCCAGTCCCTCCGCCTTTCTGGATGATCGCTCGAAATCTGAAAAAGAACGTTCAAGTTTCAGGAATCTACGACAGATGATACTATTTTACAATACGTTGCTACCCGCTTTCAGTAAAAACAGTCGCCAGCTTTCCGATCTATGACCGCACGTGAACTCGCCCTTCGTGTTTTGCTCGAACTCGACGGTATGCGCAAATCTGAAGAGCTGCTCAACCGGATGCTCGAACACTTCGGCCTCGGCAAGAGCGACCGGGCGCTTGCCAAAGAGCTGGTGGCCGGAACGCTGAAGTACCAGCTCCAGTGCGATTACATCATCGCGCGATTCTACCGGCACGACTACGCCAAAACGGCTACCGTTCTCAAGCACATCTTGCGCCTCGGCGTCTATCAGCTCATGCACCTTGACCGTGTTCCAAAGTCGGCGGCGGTCAACGAATCGGTCAAGCTGGCCCGCAAGTACAAGGGCGACCACCTGGCGAAGCTGGTCAACGGCGTTTTGCGCAACATTTCAAAAGCGACCATCGATCTCGAAAGCTGGACGGCTGCTCTGCCCGAAGCGAAACGCCTGTCGATCATCTACTCGTATCCGGAGTGGCTGACCGACCGCTGGATCAAACATTACGGCGCTGAAACTGCCGCGCAGATGCTCGCGCACGGCAACCGGCCTCCAGCCACCGGCTACCGGATCAACCGGCTCAAAGCCGATCCCGAAACGCTTTTCGCCCTGCCCGCGCTCGCGGATGCGCGGCGAGTAGAGGCCGCAGAACTCGACAGCTTCTTTTTCTCGAAACAGTTCGCCCTGCTCGAACCGCTGCTCAAGGAGGGACTCGTCAGCGTGCAGAATCCGGCACAGGGACTTGCCTGTCTGATGGCCGCGCCGCAACCCGACAGCACGGTGTTCGACATGTGCGCCGCGCCGGGGGGCAAGGCAACCTTTATAGCCGAGCTGATGGAGAATCGCGGGCGCGTCATCGCACTCGACCGCTCCCCCGCGAAAGTTGCGCGAATCGCTTCGAACGCGGCAGCACTCGGCATCACCATCATCGAGCCAAGCGAGGGCGACGCGCTCACCTTCGATCAGGGATGCGCAGTGGACACCATTCTGCTCGACGCGCCGTGCACCGGCACCGGCGTGCTGGGCCGTCGCGCTGAACTGCGCTGGCGCAC
NZ_CP104202.1_gap42	1491385	1493056	1671	AAACCTTTCACCCGCGAGGATAAAAACAATTGATAATGGATAGTTGATAATTGATAATTCAGGAGCCTGGTGCTCTTCATTCATCATTTTTCATTATCCTTTCATCACGCCTACCGGCACCAGCTTTGCCACCTTTTTTGCGATGCCTGCCGACACCACCGTGCCAACCACTTCCCCGATGTCCTTGTAGGCGGCGGGCGCTTCTTCGGCGAGGCCCTGCATTGAACCGGCCTGCACGGAGACGCCTATCGCTTCGAGTTCCTGCCTGAGCTGGCTGCCCTGCACCATGTGTTTGGCTTTCGTCCGTGACATGCGGCGGCCTGCACCGTGGCACGACGACCCAAAGCTTTCGCGCATTGAGCCAGGCGCACCTTCCAGCACGAACGAGGCAGTACCCATGCTGCCGGGAATGATCACCGGCTGGCCTGAGAAGGCGCGGGTTGCGCCCTTACGGTGCACAAGGAGCTGACGGCGCTGGCCGTCGATTTCGTGCGTTTCGATCTTTGCGATGTTGTGCGCTATATCGTAGACCACTCGCAAGGGATCGCCGCCCATCACGCTTTTCCACGCCTGACGAATCTCCCAGGTGATGAGCTGGCGGTTGGCCCACGCGAAGTTCGCGCCCGCCGACATGGCACTGAAGTACTCTTTCCCCTCCGACGAATGGAACGGCACGCAACAGAGCTCGCGGTCGGGCACGGTGATGCCGTAGGCTTGCATGGCACGGTTCATGACGCGGATGTAGTCGGTGGCGATCTGGTGGCCGAGGCCGCGCGAACCGGTGTGGAGCTGGATGACGATCTGCCCCTCGAACAGTCCCATGCGCCCGGCGGCCTCCTGATCGAAAATGGCATCGATCCGCTCGATCTCGACGAAATGGTTGCCAGCGCCGAGTGTGCCGAGCTGATCGCATCCCCGCTGCTTCGCGTGCTGCGATACTTTCGATGAATCGGCAACATCGAGTACACCGCCGGACTCAATATGAACGAGGTCTTCCGGCTCTCCGTATCCAAACTCCACCATGCGGGGCGCACCGCCACGAAGTATCTGGTCGAGCTGTTTTAATGAAAAGGTGAGCCGGTTACCATGCCCGACGCCGGAGGGTACCTGTCGGTAAATCTCCTTTGCCAGATCGGGAATCTTCTCCCGGACGCTCTCAATGGATGATCTGGTCGCCAGCAGGCGCACGCCGCAGTTGATGTCGTAGCCGATGCCGCCGGGAGAGATGACGCCTGCGTCAAGGTCGAATGCTGCCACGCCGCCAATCGGGAAGCCGTAGCCCTCATGAATGTCGGGCATCGCCAGAGCAAAACCGACAATACCCGGCAGCGTGGCGACGTTGACGAGCTGCTCCAGCGAGCGGTCGGAGAGAATCTGCTCCAGCATCGCCGCCGAGGCGTAAAACCGCGCGGGAACCCGCATGTCGCTGCGGTACGAGCGGGGGATCTCCCACAACCCGCAGGAAATCTGCCTGATCGATGACCGCTTCATCTCGCCTCCGTTGGTTTCATTCATCGTTCTCACCGGGGAAAACAGAGAACCAATCGCCGCGGGTAAGCGTTCCAGCGGAACATCCCTGAAACACCTCAACCGCTCGTTATCATGAACCCTTCACGATTAATCCGGAGCACGCTTGCCACGCTTTTGACGCTGCTGTTGCTCATGCCATCC
NZ_CP104202.1_gap43	1505354	1509397	4043	CCAGCTCTTCGAGCGGCATTCCGTACTGGAGCGCCTTGGAGGCAAGCACGGCGAAGCAGTTGAGCAGGCCCTTGAACGACGCGCCCTCCTTGTACATGTCGATGAAGATTTCGCCCAGCGAGCCGTCTTCATACTCTCCGGTTCTGAGGAACACCTTGTGGCCGCCGACATACGCCTCGCGGATGTACCCCTTACGGCGCTTCGGCAGCATACGGCGCTCGGAGCGGTGATAGACCCGCTCGACGATGTGCTCCTGCACCTCCTTCGGCCCCTTGGTTTCGTCCAGATCCTCCTCGGTGCCGAGCATGATCACCTCGTCGAGCGGCGAAATGCTGGAAATGTTGAGCGGCTGCGAAAGCTTGGAGCCGTCGCGGTAAATCGTGATCGCCTTGACCATCGACTGCCATGCGGCTTCGTAAACCTCGCCGATTTCAGCGGTGGTGGCGCTGGCGGGCATATTGACCGTCTTGGAGATCGCGCCGGAGATGAAGGGCTGCACGGCGGACATCATGTGCACATGGGCCATGTGGTTGATGTAACGCTTGCCCTTGCGTCCGCAGGTGCTGGCGCAGTCGAAGACCGGCAGGTGCTCCGGCTTGAGGTGCGGCGCGCCCTCGATCATCATAGTGCCGCAGACGTAGTCATTAGCCGCCTCGATGTCCGCCTCACTCGCGCCAAGCTCGCTCAGCATGTCGAACGAGGGTTCGTTGAGCTGCTCTTCGGTGAAGCCGAGGGAGTGGCAGAACTCCTCGCCGATGATCCATTTGTTGAAGGCGAAGCGGATGTCGAAGACGCTTTCGAGCTGCTTTTCGACCGCATCGATCTTTTCGTCGGTAAAGCCGCGGCTCTTGAGCCACTGCTGGTTGATGCCGGGGCATCCGCGCAGGGTACCGTGGCCCTTGCAGTACTTCTCGATCTCCTCGATCTGCTTGTCGGAGTAGCCGAGGCGGGAAAGCGCCTTGTGCACCGACTGGTTGACGATCTTGAAGTAGCCGCCGCCCGCAAGTTTCTTGAACTTGACAATAGCGAACTCCGGCTCGATGCCGGTGGTGTCGCAATCCATAACAAGGCCGATGGTGCCGGTCGGCGCGATGACGCTCACCTGCGCGTTGCGGAAGCCGTGCTTCTTGCCGCGCTTGAGCGCCTCGTCCCACACCTTTCCGGCAGCCTCGAACAGCTCCTTCGGGCAATATTCCGAATCGATTCCGCGAGGTTTGATCACCAGCCCTTCGTAATCGTCCTCCGAGCTGTTGATCGCCGCGCGGCGGTGGTTGCGGATGACGCGCAGCATGTCGTCGCTGTTCTCGCGATAGCGGGCGAACGGGCCGAGGTCTTTGGCCATGTCGGCAGAGGTAACGTAGGCCTGACCGGTCATGAGCGCCGCGATGCCACCCGCAATGGCAAGGCCGCGCGGCGAGTCGTAGGGAATACCGAGCACCATCAGGACGCGCCCGAGGTTGGCGAAACCGAGGCCCAGCGTGCGGAACTCGTAGCTCAGGCGGGCGATCTCCGCCGACGGGAAGTGCGCCATCAGCACCGAGATTTCAAGCACCACCGTCCAGAGCGCCGAAGCGTGCTGAAGTTCGGTGATCTTGACCTTGCCGCTCTCCTCGTCGAGAAAGTGCGCGAGGTTGAGGCTGGCGAGGTTGCAGGCCGTATCGTCGAGGAACATGTACTCCGAGCACGGGTTGCTGGCATTGATGCGGCCGCTCTTCGGGCAGGTGTGCCATTCGTTGATGGTCGAGTCGAACTGCAAGCCCGGATCGGCGCACTTCCAGGCACTCATCACGATCTTCTCCCAGAGGTCCTTGGCACGCACAGCGCGGGCATCCTTGCCGGTGGTGCGCTCGCGGAGCACCCACATTTCGTCGTTCTGCACGGCCTTCATGAACTCGTTGGTCACGCGGACGCTGTTGTTGGAGTTCTGGCCGCCGACGGTCTGGTACGCCTCGGACTCGTAGTGCGTGTCGTACTCCTCGAAATTGAGCGAGGTGTAGCCCTGCTCGACCAGCGCCAGCACACGCAGGATATAGCTCATCGGCACACCGCGATGCAGGGCGTTACGAATGAGCGTGTCGAGCATCTCGTTCTCCTGCCGGTCGGTGCCGCCCTTGAGCGCCTCATCGACAATCGCTTTCAGGAAGCGCGAGCAGATCTTGGAACCAGCAACCATCGCGGCCACCTTGTCCTCCTCTTTCGCCTTCCACTCGATGAACTTTTCAATGTCCGGATGATCGATATCGACGATGACCATCTTGGCCGCGCGGCGCGTGGTGCCGCCGGATTTGATCGCGCCAGCCGCAGAGTCGAAGATTTTCAGGAAGCTCATCAGGCCCGACGAGCTGCCGCCGCCGCTGAGCTTTTCGCCCGATCCACGCAGGTTCGAATAGTTGGTGCCCGAGCCACTGCCAAACTTGAAGACGCGCGCCTCGCGGATGGCGAGGTCGAAAATGCCGCCGTCGTTGACCAGATCGTCCTTGACCGACTGGATGAAACAGGCGTGCGCCTGCGGGCGGGAGTAGGCGTCCTCGGACTCTTTCGTCTCGCCGGTCACCGGATCGACGTAGAAGTGCCCCTGCGCCGGGCCGTTGATGCCGTAGGCGAACTGGAGACCGGTGTTGAACCACTGCGGCGAGTTCGGCGCCGCCATCTGCGCGAGCAGCATGTACACCACCTCGTCATAAAACGCCTGCGCATCCTCCTCGGTGTCGAAGTAATTGTGCTTGCGGCCCCAATCCTGCCAGCAGCCCACCATGCGGTGCGCCACCTGCTTGATGGAGTTCTCGCTGCCGGTCACCGGCTGGCCGTCCGCGCCGATCATGAGGTTCCCCTCAGCGTCGCGCTGCGGCACGCCGGTCTTGCGGAAATATTTCTGCGCGAGAATGTCGGCGGCAACCTGCGACCACGAAACCGGCACTTCGACATCGTTCATCTCAAAGACCTTCGAGCCATCGGGATTGCGAAGCACGGAGGTTCTGAGCGTGTAGTCGAAACGGTCATAGACGTTTTCACCAGGGGAAGTGAACAGGCGGGCGATTTTCATGTGAAGTCTCCAGAATCGATAATTGGTTGTTGATAGGTAAATCCATTTTATTCCAAGACTTACCTTACGTCAGCACACACAGTGAAGCATGGTTGCATCATGACGGGAGATTGCTTTACGCAATATAAACCACCCTGTCAAACTCAGAAAACAGCTTTGGCGAACTGACGAAAAAAGATCGAGGAACAATCAGGTTTCGATCGTTGAACGGGACGCCAAGCTCTGTTCCCGGAGCCACGCGGCGCCAACCATTACGGCAGGTTTCCTGACTTCGATGGCCGCGAAATTACTTCGACGTTTTCCTTCGGGCGACCTTCCCCCGCATTCCCCGTGGTTATCAGAGGTGGGCAGAGTGGATACACCCGAACCGCGGCGGCCATGAGGACAGAGCTGTCAACATCGCCGGGCGGCACACCATCTTACAGTTGCGGGCACAGTGTGCGATTCACACGCAACTTCCCTTTTACCCGAATGTTTTCATCCGGCACCGTAATGCTCAAAGAACTTTCAATGGTAATGATTTTTTGGAAGGCAGACAACGCCGGAAGGTGATTTTCCGGGCGACATGCGACGGACTTAACGGTGCTGAAAACAGGGAAGGCTCACGGTAAAAGCATTTCCGGTCGAAGCCCTGAAAACAACTTTTTTTCCGGCAAGACCGGAGCATTATTTCACCTTCCACTGCGACGGATCGACCGTCAGCAGCCAGTCGAGCGTACGCCGGATACCCTCATCCTGCGGCACGAGGCTTTGCCAGCCAAGCGTCTTGCGGGCTTTCGACACATCAACCTCCGCACGTGAGGTGAGCACATCGACCGCCTGCCGGGTCAGGAGTGGGCGCTTTTCGCTTCCGGCAATCCGCCAGACAAACTCCATCACCCCGGCGACGGCCCGAACCATGCCGAACGGGAGGTGAAGCGACGGCACCGGCGAACCTATCGCCACGGCAACGCGCCGGCACACCTCCTCGAAAGTGATCGCTTCACCGTCGCAAGCCATG
NZ_CP104202.1_gap44	1514124	1515512	1388	ATTTTAGCTTTTTCCTGAACGCCCGGAGGGAGGTAGATGCCGGATTTGGTTGTCTCGTCAAGGGATTTCGGCTTGATGAGTACCCGGTCTCCGACAACGATGAATTTATCCGTAGCGTTTCTGCGTTTGTCAAATAACATGCGCTATTGCAATATCTTGGCAAGAGTTCCCGTATGCCGGGCTGATGCGCCGGAGAGGAAGAAACTCGCCGCCATCTGGCGTCAACGCTTCCGCGACCGGCGGTCGAGAAGTTCAAAATCGTCATTTCAGCCCAAAAAGCAAAAAAAACGGTTATCCATCCCGCTGGCTCGAAACAAGTGAGTGCCGGAAAAATTCATCGAAGAAAAGATTGCATATCTGTTATATTTTCTATTCGCAACCTCTGCTTTCCGGCCCATGCCCCGGATCGAGGCTATCGAATCGAGACTATAGCAAACAAGATCGCCCTGACAGCTCCTGTTTCCGGGCTCCCACCGGAAAAACAGGCGGCAGGGGGTGCGCCAATGTGTTAACCAGGAAGACAACGGACGTGTCGAGCTTTTTCCGTTTTATCGCCAAGCATACCGCATATCTCTATTTTCTGCTGTATTGCGCTCTCTCCATCATGCTCATGCAGCTTCAGCGCAAAGAGACGCTTGATGCAATCCGCGAGCGCGGGCTGGTCATTAACGCAGCCATTGAAAAACAGTTCACCGAAGCCACGGCCATTTTTACACAGGAACGTGACAACCAGCACCTGTTCCTGCAAAATGCGCGGCTGTTTGCCCAGCTTCTGCGCCAGCAGGCGGCGCTCCGGGACGCCGGCGAACTGCACGCCATAGAGGCAAATGCACCGCAATGGGCCGGCCAGTTCAAGGTCGCGCGGGTGGTTGACCGCCGGTTCAGTGCTACCGACAATATGCTCATTCTCGATGCCGGTTCCCGCCAGGGCATCGCCCCCGACATGGCCGTGCTGACGCCTGACGGGCTTGTGGGACGAGTGATCGACGTCTCCGCCAACTACTCGAAGGTGATGCCGGTCATCAACCGAAACTTTATGGTGAGCGTGGTTTCCGACAGCACCCGCACCAACGGCCTGCTCTCCTGGCGGAACGGCAACGAACACCTAGCCATGCTGGATCACGTGCCAGTCAGCAGCAAGCTGCTCGTAGGCGAAGGGGTTGCGACCTCCGGTTACAGTACCTTTGCCAGCCGAGGCATTCCGGTCGGCCAGATCATCCGCATATCGAAAGACAAGCTCTTCTACAACGTCGATGTGCGCCTTGCAGTCGATTTTTCATCACTCTCCTGGGTGCTCGTCTCCCTGGCAAAGCCGTCGATGGAGAAAATCGAGCTGATGCAGTCACCGGACAGCCCGGGAAAAGGAGAGTGAACAAGGCATCGATAAC
NZ_CP104202.1_gap45	1591539	1596038	4499	CTCCTCGAAATAATCGCCTTTGCCCGCATCGAGAATCTGCTGCACGTCTTCGTAGGTGAAGCGGCGTTTCGAATGGATGACCGTCTTGTGGAACTCGAACTTCGTGACCTCACCCTTTTTGGTGATGTTGAAAAAGACCGAGAAGGCCATGCGATCCACACCCGGATTAAGGCTGCACACCTTTTCGGAGAGGCGGGAGGGCAGCATCGGAATCACGCGATCGACGAGATAAACCGACGTGGCGCGCTTGCGGGCCTCCTTGTCGAGCGCCGAATTCTCCGGCACATAGTGCGACACGTCGGCGATGTGCACGCCGACCCGGTAGCCGCCGCCATTGCCAAGCGTCTCGATGGAGAGCGCGTCGTCGAAATCCTTCGCATCGACCGGATCGACGGTAAAAACATTCTTGTCGCGGATGTCGAGCCGCTCCTGCAGATCCTCATCGGTAATCTCTTCACGAACCTTTTCGGCGAAGGTCAAGATCTCCTGCTCGAAGGTTTCGTCGATGCCAAGACCGCGAGCGATAGCGCTCACCTCGACCTGTGATTCGCCCGCCGTGCCGAGAATCTCGATAACCTTGGCCTGAATAGCGCCACTCTTGAGGAACTCCAGCTCTCCGACAAGCACCTTGTCACCGGCCTTGGCCTTTTTGGCCGCCTTGAGGGGAATATGAATCTCGGGCAGAATCTTGCGCTGGTCGGGCTTGAGCAGGAAACGGCGATTCTCGCGGTGCAGCGTGCCGACCACGGTCACAAGCCTGCGTTCGATCACGTTGACGACGAGGCCTTCGCAGCGCTGATGCGGCGACTGGCGCGAAGCATAGGATTCGGGTACTTTGGTGACCTGCACCTCGACCTGGTCGAGATGCAGCGACTGGCCAAGCATGTCGGCACTGATGAAAATATCGTCGTCGAAGCCATCGACATCCACAAAGCCGTAGCCGTTCGGATGGGTCGTCAGCTTGCCGGTGTATATCTGATCGACCTTGTAGCGCTCCTTGCCGGGTTGCGGAAAGTGTGGCCCCTCGATGAGGTGTTCCTCATAGGTATCGGCCTCGAAACCGGCCCAGCCGTAGCAGCGGTCGCTGTCCTTGTCGATGACGCCCTCTTCCTGCAACTTGTGCAGAACGTACCAGAAACCCGGAAGCTGGCGAGACTCTCCGTAGCCCATTTTGCGGGCAAGCTCCACCGAGCGGAAACGCTCGCCTTCGTGGTCGGTCAGAAATGAAATGATCTCGGCACCGAGCGAAGTTTCGCCGCGCCTGAAGAGAAATTCGTTGATCAGAATATGATCGTTCGCCCGCACCTTTTCCGTGCCATCCTGCCTGGACGGTCTGTTTTTCTTTTCTTCTCGGGACGTGTTTTGGTCGTCTTACGTTGTCTTGCCACTCAATTACAATTGAAAGATTGGTACAAATATATTCACGATGTCATGGGAATAACTCGTCTGCTCGTCACAATCCAGAACGCAAAATACCATCGCGCCGGTACTGTTGACATGGATGCAATTTACGAATATTGCCAGGCATTCTTACCTGGCAGTCTCGGCCTTTGGTCCGGCCATACAGGAACGGGAGTGAAAAACAGGCTTTGAATTTAACAAAATGACAACCTTTTCCGGCATATTTAATTGTTACAACTTGCGAAACGCGAGTTACCCATAATATTTCCGACGATGCCCGTTCATTGACCGGCTTGTTCTCGCCGGGTTGTTTTAATAACAAAAACAGCCATCATCGCAACGCCCTTCTGGTCAGGAGCAGACCCGGAATCATGGGAATCCGGACGGTAAAACCCCGCAAGAACAGCGTCGCCGTCAAGGCGGTTTCGACCTTCGTCCCCAGGCTTACCAGCAAACCGGTGCAGGTAAGCTCGAAGGCGCCACTTCCCGGCGGAGTCAGCGCGATGTGTTTGCTTCTCTCCATACCATTCTACCGTTGGGCATGCGAGAAGATGCAAACACTCTGTTTGAGGAAAAATCCCTTAACAACCCGATGCTTTCGCTTATCGATCCTTTACCGAAAGATGTCAGGCATCCTACATCGATTGCCCAGCGCCTTGCGGCTGTAACAAAAAGCGACTTTCTCGAAAAGAAGCTTACGAAGCTTACATCACTATTAAATATAAAAGGAGAGGCCCCTCATACTCAGGGGCCTCTCCTTCAATTTGCCGCAGTCCAGATAACCCGGATGCTCATAACCATAACTATATAACATTATTCATCACTTCACCCGGTCTATCAGCGGCTTAAGCATCGAGCTTACTTTGCCTCTTCAGCCTTCTTTTCTTCAGCCTTTTTGGCGACCTTTTTCTTGGTAGCTTTCTTTTCTTTACAACCTTCTTCTTGGCTTCGGCTTTCGGAGCCTCGGCTTTCTTTTCGCCAGCAGGAGCAGCGGCGGCAGGCTTTGCGGCAGGAGCGTCAGCAGCGAAAGTGACACCGGTGAAACCAGCCATGCCAAGAGCAACGATCATGCTGATGATGAAATGCTTTTTCATTGTTTTTCCTTATCTGGGTTTGTTTATTGTTGCGTTTTTCGGAAGCCTCTTTGTTGCATTCCTATCTGTTGATACGCGGCCCTAAAAGTTTTCTTTCAAAATTTTTCTCCCGACGCAAAAATTGTTTTGAAACAGCACACAGCAGCAAAGACGCTCGCAGGGAGAAACCCATTAAGCAATGGAATTTGAATGAGATAAAGACTCCGCTCTACCCGAATGGAAGGAACATTAAGGTGTGCGACCCCGATGGTTTCAGGAATAACGTACACCAGTCACGACGGCGCTCCTTGCCACCGTTTCACATCGGTTGCTGAGCGGGAGATGGCGGTGACGCTGGCTTGCCGGTTGCTGGACTCTTTTTCACGGGAGTCGGCTCTGGAGCTTTCGGATGACGGTGGTGGCTCTTTTTGACCCAGGGTCGGATCGTTAGGGCTTTGAACGTGCTATGGCCGGTTTTGAGACCGGTGATTTTCAGATATTTGCCGACAGTGATAGTCGTGCCGGGATGCGCCCTGGCGCTGGAAATATCGACCGTCCAGTAATGGTACCGGTAGTCCCTGATGACGGCAACGCTGCCGCGAGGCGACGAGCGCACCACCTTGCCGCCAAGCAACCCTTTCTCCTGCTGCGCCCAGAGCACGTCGTTGGAATAAACCAGACTCCCGTAACCTTTTACGTTATCGATAAGATAGCGATGCACGTACTTTCCGATATCAAAAACATTCAGCACGCCGCACAACAGGAAACTCACGAGCAGCGAGCCGCCGATAACCCGAACCATCGGGTAGCGGTAGCCCTTGCGGGTGTGACGAAATCCGTAGTAAGCGGCCACGATAAACAGAAGCAGCGCGAGCAGCCAGACATAGGGAATGCTCTGCACGATGACTTCGACAAGCGGACGCTGCTCGAAAAGCTGCTCGATACCGGCACGATCGACAATGTAGTCGTTATCGAAAAACACGTAGATGGCCGTTGCCATGGAGATGGCACCGGTGATGACTGAAATCAGGGCGAGTGCCCAGAAAGCCGAGCGCTTCAGGATGAAATGCCAGCGCGGAATCGGGACAACCTTCCTCTTTTCGATTTCATCGATGATCTTGTCAGAACTGATATTCGGCATGACTGTTCAGCACTAATTCTTTTCGAGAAAAGCCTTTATTTTCTTTTTTGCCCGATTGATGAGCGTTGCCACCGTACCTTGAGGCATCTGGAGAATGTCGGATATCTCCTCGTAGGACTTGTCCTCAAAAAACTTCAGGACAAGAATGTCCCGATAGCGTGGCTCGAGTCTTTCCAGGACAGTCTGAATATCGGATACATCATATTGCCCTCCGGCCTGGGACAGTTCAAGATCATCAACAATTTTCCCGAAAAACTCGTCATCGACCCCTTTATCCAATACGAGCGGGCGATTCTTTTCCTTTCTGAAATGGGTGATGGTTTCGTTGTGAGCGATCCTGTATATCCATGAGGAAAAGGGCAAAGAAACATCGTAATCATTGAGGTGAAGGTAAACCTTGATGAACACCTCCTGCAGGATATCCTTGGCCAGTTCCCTGTCACGGGCTCCCTGGCGGACGATATAGCGAAACAGCGGCTCCTCGTAGCGCTGCACAATTGCAGCGAACTGCTTTTTGTCTTCAAGCACCCCGGCTACCAGTTCCTGGTCGCTCTTTCTCTCTTTGGGACTATTGACTGAAAAACCTGCCATTTTGCTTTGACATTCGTAAAAACTGAACCATCCGGACACACCATCTTTCAATACAGGTCAACCGGGGTCACGCGCCGCCCTCATCGCTCTTCAGCACACTCTTGCCTCGAATCAGCAGCAAAGCCATGCAGGCAACGATAATGAGGTTGATCGTGAGAATCCCCATTTTCAGCCAACTGAAGCCTTTGGCAAGTTCATAGAGCTCTATCGGCAGATAGATGCCGCCGCTCACAAGAGCAAACCACTCGGCCCACCGCTTTTCAAACCAGAGTCCATACGCCTCGATAAAGCGC
NZ_CP104202.1_gap46	1752635	1753333	698	GCGTAGCGAGGGGCGGTTATGTGCTTGCGGATTGGCCAGATAACGCCGACGACACCCGGCGGGTCATCATCGTGGCCACCGGCTCCGAGGTGCATCCGGCGCTTGAAGCGAAGGCGCTGATCGAAAAAGAGGGATTCGCCGCGCGGGTGGTCTCGATGCCGTCGCGAGAGCTGTTCGCCGAGCAACCGGCAGAGTACCGTGACGCCGTGCTGCCACCCTCGGTTCGAGCGCGCGTCGTCGTCGAAGCCGCTGCAACCTTCGGCTGGCACGACATTTCGGGCGACGGCTGCGCGGTGATCGGCATCGACCGCTTCGGCATGTCGGCCCCCGGCCCGCAGGTGATGGAGCACTTTGGCTTCACCGCCGCCAACATAACCGCCCGCGCCCTTGAACTGCTGAACCGGAAATGAACACCATGGCACACTGGATCAGCGAGCCGCTCGACGCGCTTCTCGAAAAAGCGGTCGCCTTCATCACCGACACTGCTTATCAGGCAGTCGCCGAACGGGGCCGCTTCACGCTGGTGCTCTCGGGCGGCAACACGCCGCGAGCGCTCCACAAGCAGCTCGCCAAAGGCATCCGCGAAGAGCGCTACCTCGAACTCGGCTACAAGCTGCCCGCCGACGTACGCCGCTGCACCCGCGATCCGGAAGTGATCGTGCCGCCCTGGGCGCACACCCTGCTCTTCCAGGGCGACG
NZ_CP104202.1_gap47	1774382	1778447	4065	TTCGACGGCGAAAGCTACCCGTACATCGGCGGCAACCTCGTCTCGACCGACGGCGTCAAACGCGACGAGAACGACTACCTGCTGATGACCAACGAATACACGGTTGACTTCTCCACCTCGAAGTTCACGAGGGTCAGCCGTGAATCATCGGCTGCCGGAGCGCTCGCGCGGTTCAACAACAACTACGACCAACTCCACCCGCGAGCCAAAGAGGCAGCAGCAGCGTTCGGCCTCGAACCGGTCTGCCACAACCCCTTCATGAACAACATCGCCCAGCTCGTCGAGTGCCACCACATCGTCGAAAACGCCGAAGCGATCATCGATCGCCTGCTCGACGACAATTTGCACGACATTCGCACCAGCTACAAACCCCGCGCCGGAGCCGCCACCGGAGCCGTCGAAGCCCCGCGAGGCGTGCTCTACCATTACATGGAGACCGACGACGAGGGCAAGGTGGTCAAGGGCGACTGTATCATTCCCACAACGCAGAACAACGCCAACATCCACTACGATTTGCACGCCCTCGCCGAGCAAGCGCTCGCGCAAGGCAAAGGAGAAAAAGAGGTTGAAAAACTCTGCGAAATGCTGGTGCGCTCCTACGACCCCTGCATTTCGTGCTCGGTGCATTAAAGCCGCACCGCACCTTTGCACTCGGGATAGTTGCTGCAGTCCTAAAACTGCGTACCTGCGTTTTGCCAGTTTTAGCGGTTCGCAAAACTATTGACCTGCCGCACTGAGGACATGCGGGAATACCCCCGGCAGGTGTCGGCTGTCGGCCGGGCCCGCTCTTATGGGGCTCCTGCTCTGACAGATCAATTAAATTCACCCGATGTGTCCGTTCTTTCCGGAACCGCCTCGGCGTTTAGCGCAGGGAATCCTCGTAGTCGAGCAAAAGCTCTTCGAAGCTGGCGCGTGCAACATTGACCAAGCGCAGCTCGATCTACGAAAAAGTCACTGCCGCACGGCTGACCTCGATTACTGTCATAGTCCCAAAACAAAGCTGCCCCGTTTTACCGGGGCAGCTTTGTTGCGTCACACTTGTGACTGCATTACCGAGATGACGTCTTTACTATTTAGAGACCTTGTTTTCAAGATCAGCAAGCCTGCGCATCAACACCTGGATCTGCGAGTTCTGAGTATCGACCACGTTACGCAACGCCACAACCTCCGACGTTGACGCGGTCGGCGCTTTGGGCTTGGAACGTCCGAGCGCTATCGAAACGCCTGCGCGTCCCATTGCTTCGCCACCTGAGATTGCTCCGCCCAGGTTAAAGAGCACGCGTTCACTCGCATAGGCGTTCAGACCAAGCGCAACGGCATACTTACCATTGTACATACCGCCGGCAATGCCGATCTGCATCGGGTTCTCGCCGTTGAACGGCATTGGCTGCACACCGCTCAACGCTGCCGACATGGCACCCACACGGTCGAGGCGGTTACCGAGCCGGGTCACGCTGCCGTCGAGCGCGCCGATTGCAGAACCGACGTTGTTGTAGTTATTCCCCTGAACAGCATAGGTCGGCGCGGTAACGATACCGGTGGTCGTGTCATAGGTGGAGCCACCACCGAAGTTGGTGGCCGTGCTGGTGCCGGTTGCGTAGAGCTGGCTGCCGTTAACCGCGTCGGTCGAGGTGCCACTCAACTCGCCCGGAGCAACGTTGATGATTTTGTTGTTACCGTTGTCCAGCCCTGCGCTCGACAGGCTAACATTATGGTTAGGCCCGCCGGTAATGGTAACGCCGTTGGCGCCATAGGTGCCGGTGTTTGTGCCGTCATCGACAAGCATACCGCCTGAGGTCAACTTAGCGGTGGTTGCGTCTCCAGCTCCATCATGGATGGTCAGCGCGCCGGCAGCTGCTGTATTATTACCAAGGTCAGCCTGTGCGCTGTTGGAGACGGCAAAGGTTTGGCCGTTCGCGGAGTCGATGAAAGAAACTCCGTTGTTATTAAGCACCTGGGTTGTCGATGCCGTACCTCCTGAAATAGTTGTACTGGTCGCATCAGCAGTAATGCCGTTCAGGTGACCGCCTGCATTGGTGACACCAAGCGACGCACTTCCGTCAACGACGTTCAGAGAAGCACTACCATCTGTTGATGACAGAGCGCCGGTGTTGGTGATGCCGTTCGTCGACGTCTGATCTGCCACGTCCAAGGTGCCGCCGATCGATGCATTGCCGCCGATCGATGCATTGCTGCCGTTGGTAAGATCGCCCGTGTTGGTGATGTTACCATCATTGGCGAACAGACCCGTGTTGATGATGCCGTTCGTCGACGTCTGGCCCGTCACGCCCAAGGTGCCGCCAATCGATGCATTGCCGTTGTTGGTAAAACTGCCTTTATTGAGAAGCGTATGTGTTACATCATCAATAGATGTAGTTGTTGAGGTACTGTTGCCAGGACCCACTCGTACGGGCTTGTACGCAGCATGTGTGTCCTTGGGAGATGTCAGAAGACCTGTAACGGAGAGAAGACCGCAAACGATGGCCAGATCGAGAGTTTTCTTTGAAGAACGACGACGACCAACCGAATTTCAGCGAAAGCGCACTTTCCTGCTCTTATTCATAAGAAAAACTCCTTTTTTGTTTGTTGTTGAAATCAAATGATCATTAAATGATCGACAATGATACTAAAAGAGAGTTTATACATATGGCTTACAAAAAACAACTTTTACGTTATAAATTTAGCATGAAGCACCATGAAGCATAAAGAGAAAATTAATCCCATGCGTTTCCGCCAAAGCGTTAACAAAAGCATAACGTCACAACAGCATCACGCAGTATGCTCCAAAAAATAAAGTCGAGAATCGGCATCGGCTGGTAAGGCAACAAGAAGTTCCCCGACGACCACAAACGGGAACAGTTCAAATACATCTGCCTGCGGAAGGAGATGAGAGAATAAAATAAAGAGACTGTTGACAACTCGCCCGTTCGCTTTTTCTGCGAAGAGCTGCAAGACTTCACCGACACGGCAGCTCTGTGCATCATCGTGAATCTGGGAGTAATGAGCTGCAGAAGGTGATGCTCACCTTTGGCGATGGCTCGCCCAAAAACCTCACCGGCCTGGGCCGTCGATGAAGCGAAGCTCAAGGCGCTGAATGATATGGAGGCGCTAAAGCGACCTTGTCAAGAATCGTTTTGAACCGGTAATGGAATGACCGGTGGCTTGCGAACTGGTTGACGACCGGATCGGAGTGGTACTCGACCACAAGGTTGAGGCAGAACTGCGTCCAGCGATCAGTCAGCATACGAACCGCCGCAGCATCTCGCCGGTCAGCTCGCGCAGCTCCTGCCGGGCAGCAGGAGCTCTGGCAACGGAAGAGCAAATTGCGGGCCGGGCGTTCTCGAAATACTCTCCGTTGTAGTCGTTCCGCGCGATCTCCATCACCGTCTCGAAAACATCGTCACCGCCAACTGAAACATCGTCACCTGCAAGCGCCCATCCGGCGTGCAGCAGCTTGGTGGCGATCACGCCGGGATCGAGCGAGTTCGACCTCACGGCCTCGTCACCGCTCGACGAGTCGATGGTGAACATGATGTTGAACAGCTTGCTCCGCGCGTAGGCCTCGTAGCCAGAATAACTCCGCTCGCCCTGCATGTTGGACGGATCGAACACGGCGCTGTGATGATCCATTGAACTCACATTCAGCACCGATCCGCCGTTGGCAATCAGCACCGGCTTGACGGCACTGGTCAGTAACACCGGAACGAGATAGTTGACGCAGAAGGTCGTCTCGTACCCCTCCGGCACCAGCGTCCGCGTCGGCATGTACACCGCCGCATTGTTGATAAGCAAGTCGAGATCGGGAAAGCGTTCCGTCAGCTCCCGCCCCATCGAATACACCGCATCGAGATCAGTGAAATCAGCCTCAACCGCCCCAAGCGGCTCCACGCCCGTGGACTGGACGATTGCCGCGCACGCATCGCTGATCCGGGAAGCACTTCGCCCATGCACAATCACCCGATGTCCCGCCGATGCAAAGCGCTTCGCCGCTGCAAGGCCAATGCCGTCAGTGCTTCCGGTGATGCAGATGGTTAATGGGTTCATGCTTTTTTGATAAAACATTAC
NZ_CP104202.1_gap48	1885221	1886848	1627	GTTTGATGCCGGTAACCAGCAGGTTGACCTCACCGCCATCCATTTCGAGCGCGTCACACACCTCTGCATCGAGATGCTTCTGGAACGCCTTCGACGGGAAAATGCCCTGGCGGTAAACGTTATGAATGGTCTGCACGACCTTCACCTTTTTGAAGAAGTCATGCTTTGCATATCGCGTTTTGGCGAGCAGCGCCACCAGCCCTGCATGCCAGTCGTGGCAATGGATAATGTCGGGCTGCCAGCCGAGGCGCACGAGCGTCTCCATGACGCCGACGCTGAAAAAGATGATTCGTTCAGCGCTGCCCTTGTGGTCGCCTCCGAGCGGAATGTCGGAGAAAAGTCCGTAGCGCTTGAAATATTTCTCGTTATAGAGAAAATAGGTTTGAATCTTGCTTGACGGGAGGGCGGTAACCTTTATATGCAGCATATCGGTCTTGTCCTTGAGAGGAACTTCGATGTCCGACAGCCTGAGCACATCATGCAAACGGAATTTCCGGTCGTTGATGATACCGTATTTGGGCATCATAATGCGCGCCTCGAATCCTTCCTCTTCGAGCGCCTGGGGAAATGATGCCATGTAGTCGGCCAGAGAACTGAGCCTTACAAAAGGAGAACCCTCGCCAGAGACATAAAGAACCTTGAAATTTCTTCTGGCCATCTATCTCAAACTCTGTCTGATTTTTTTCTCAAATCGCTTTCATAGAATACCTTCAGTTTTTAATTTAAGAATTTTCATGCTGAGAAACAATTTAGCAGCTTTCAACTCTGAAGGGAGCACGTCATTGAAAGAATTTCCCGGCCTGAAAATTCTGGCGACCATTCTGATTCCCCTGTTATTCAGCGCCTGCGCCGTTGACCGCCCCCCAACAGGCGGGCCACCAGATCGTTCGTCGCTCAGCGTGACCAGCTCCCTGCCCACGACAGCCTCGATCAATACTTCACCGGAGAAAATCCGCATCGGCTTTACCCACTATGTTAGCAGAGCCGATCTTTTGAAATCGATTTTTTTCTCCCCGCGCATTGATGATTATGAGGTGACGATGCACGGCAAAGAGGCCGACATCCGGCTATACTCGCCGTTGCAACAAAACCGCACCTACACACTCACCCTGCGCGCCCCACTGAAAAGCCTGGACGGAAACCACCAACTCGACCGGAGCTGGGTGCTCGCCTTTTCAACCGGCCCGGTTATCGATCAGGGGACGATCGAAGGACAGGTATGGACAAACCGTCTGGCCCCGGCCCGAGACGTCTCGGTGATGGCCTATACACCTTCGTCGTCAAGCCGCTTGCAGGAAGCAAGACCAGACTACATCACCCAGACGGGACCGTCTGGCGAGTTCCGTTTTCAGCATCTCGCTCCAGGCAGTTACCGTATTGTGGCTACAACCGGCGAGGTCGGCAATGTGACGTTCGATCACAAGGAGGAGACATTCGCCGTCACCTCAAGCCCAACGGTGCATACCGGCATGGCTGGAGTTGCAATGCGGTTCGCGCCGGACGCACGGTCGGCAAACACTCTGAGCTCTTGCCGCACGCTCAACAACCGGGAAATCGAGATCACCTTCAAAAACACCATTCCCGCAAGAAGCTTCAACCTGTCTGCAATACGGATCGAGAATACCGC
NZ_CP104202.1_gap49	1935813	1936693	880	CCAGGAACTGCTCATGTGCCTGCGCATGTTGGTCTGACCGGCACAAAGCCTAAGAATCTTTGTTGCTCCGCTCTATTATTTTTTTAACTTGAGTTAAGCTATGACTATTCACTAACAAGAATTTTTCACCATGAACAACCCAAGCGGAGCATTCGTCCAGGGAGCTGAAGCCTATGGCAGGTTTCTCGAGGTATTTATCGATGGCCACTGGTGGGTAGTCGGTGACGCCCTTGAAAATATCGGCAAAACCACCAAGAGACTCGGTGCAAATGCCTACCCTCATCTTTACGGTGGAAGCGCGGGGCTAAAGGGTTCATCTCCGAAATATTCCGGTTATGCCACACCGAGCAAAGAGGTGAAAAGCAGATTTGAGAAGTAAACATCGCTGATGTTGCAGAAAAGGGCTTTAAAGCCCTTTTTTGTTTTCCGATCGTCCTTCGTTTGAAGGGTTATCGGCGAATGAGTACATTTTTACAGAGCAATATCCGTGCTGTTGATTTTTGAGGTATTGACCATTTGCAGACAGCGCGCGGGGACGAAATTCGATCACTCAAAGACTCAATTCAATATCAAAAAAGGAGAAACCATTATGGCAGACGAGGGAAAAATCGACACTATGAAGTCATTCGACTTCGCCGTCAAAAGCATAACTGAGGCCGGAGTCAACCAGCTCAATCTGATTTCAAACACCCTCCAGTCCGCAGTGCCTGCAGTCACCAATGCTGCGCAGAGCCTTACTGACGCTGTTTCGGTATCGGTTAAGACGGTGAGCGAGGCTGCCGGAACCTTGACCGGCGCGCTGGGTGAGCTTGGTGGTGCCGTGGCCAACCTGGCTGGAGCTGTGGCAAATGCAGCCGTTTCGGTCGCCCAGTCGGGAGTG
NZ_CP104202.1_gap50	1938005	1939940	1935	AGCGGAGCATCGCTCGACCAGGCAAATCTCGAAGGCGCCAACCTCTCGATGACTTATCTGAAAAAAGCCAACATGAAAGCCGTCAATGCCGCCCACGCCTGGCTTGCTGACGCGAACCTGAACGGCGCTTTCATGAAAGATGCATCTCTGAAAGCGGCCAATCTTGCGGGAGCCAACCTGAGATGGGCGAAGATGAGTGGTGCCGATCTGGAACAGGCAAGCCTCAAAGATGCGGTACTGTTCGAAGCGGATATGGAAGGCGCAAACCTCAAGGGCACCCAGTTCACCAAAGCACGATTCCTCGGAAACGCCATACTGAAAGATGCCGTCCTGTCAAACAATAGCGTACTGCCCTCGGGCGAGCCGGTCACTCGCGGCTGGGCGATGACCCGCGATGCCCGTTTCGCCAAAGAGGAACCTGCCGCACCACTGGAGTTCGTGCCACCGGTCGTGGCCGCGCCGGTGATCATTCCGGAGAACATGCCAGCAGGAGGCGTTCAAGCCATTCCGGCACAGCCCGTGCCTGATGTAAGGGATGTCGAGGAGTGGAATACGATGCGGAAGAATAATCCTGAAACGAAAATCGAAATGACCGAGGAAAAACTTGGTCACGCCGAACTCGGTGGCGTCGATCTGAGAAACGCCACTCTTTACAAATCAGATCTCGAACGGGCCAACCTTGACAAGGCCAATCTGGCGGGAGCGAACCTGGCTGGAGTCAACTTCCAGAGAGCTGACATGAAAGAGGCGAACCTGAAAGGTGCGAATCTTGAAGGTGCAAACCTCGACAGGGCGTTCCTGAAGGGTGCTGACCTTTCAGGCGCCAACCTCAAGGGTGCCATACTGTATGGAGCGATGCTTTACGGGGCGAATCTGGATGGAGCAATACTGACCAATGCCTCGTTGTTCGACGCCAATCTGGAAAAAGCTTCCCTGAAAGGGGCTGACCTGACCGGTGCGACCTTGATCGGAGTGAACCTGACCAATGCGCTCATCTCTCCGACCACGACAATGCCTTCAGGCAAAAAGGCGACACGAGGCTGGGCAACGCTCAACAACGCTGTTTTCATCGATAAATAACTGAGGCCGTAACGCTAAACAGGAAAGGCTTCAATTATATGGCTAACATTCTTGTCACAAGCTACTACAGCCGTTGGGATCTGGCTGAGCACAAAGGAAGAATCGCACTGTACGATTCAAGCAACCAGCTCATTGAAAACCACCTGTTCACAAACCCGTCCGAGTTCCAGGTTGTAGCAAGCATGCTCCGGCATGAAAAACCACTCTGGTTCGATACTGAGGCCAAACACCTCCGTACCGGATCAGAGCCGGTTGGCGAATGGGAAAATTAAGTGCAGGCAAAAAGTGTGTCCCTCATGACAAGAAACGCTTTTTTGATCAGTTGGGAAAGCGCTTCCTGTGAAAAAGCTGCTGCAAGGGATGGGCTTTGCTGATATTGGGGTCGTTGACCGGCAGAAGATGCTTTTTACCCGTACGGGTGACCACCTCGATTGTACCGTCGCCGTTAACGGAAGTCACTTTCCAGAACTTGTCAACCACATAATGATAATGCTCACCATGCTCAAGGGCGTAGACCTGCCTAGCTCTCGGCCCTGGCGACACGGAGCTTTTTGGCTTGTGATAAATGATTGAGTCACCGACCCTGAATTGCGACATTCCCCCTCCTTCCCGTTGATTTAACGGCATATAGCCCTGCATATAAAAAGCTTGTTACCGTTGATTGTATAAAAAAAATCAAAAAAACTCTACACTTTTTTTCATCCTTTAGAGTCAGAAGCCTTTTTGCCTATCTGCACCTCTCCGGCAGCCGACTCACGAAAGCTCTTCTGAAAAACCGATAATAAGCCGGTCGTCCTCCCGTCGTGCCCCGGTGGTTCTGAGCGTCGCCAGCGCCTGAGGCAGTACCATGTTCCG
NZ_CP104202.1_gap51	2102662	2106251	3589	CGGCGTTCCGGGGCAAAGCCTCGGCAGCTTTCAGGTTGCTGACCTCGACCTGGCGATTGCCAAAGGCAACCGGCCAACCGGTGTCCTGCCAGTGCGAAGAGGTTTCGATGGCCTTCTCGACCATCTGGATCATATCGTCCATCATAGTGTTTCGGTCTTTTCAGGTTACGAATCCAGCCATCTCACAGTCCGTCGCCCATGCCCATCTGGATGTAACCGCAGGGGCAGACCAGAGAGCAGAGGTGGCAGCCGACGCATTTCGAGTAATCGGTGTAGACTTTTTCGCCTGCCGGGTTGTCGCGGAAGCGGGTGATGGCCTCCTGCGGGCAGAACGAGACGCACTGCTTGCAGTCGAAGCAGAACCCGCAGCTCATGCAGCGCTTCGATTCCGTGAGCGCCTGTTCGTGCGTCAAGGCTTCGAGCAGTTCGTCGTGGTTGCCTACCACCACCTCCGGCTCGATGCTCGTGCGTTTGGCCTGCGGGGTGTGCAGAAAGTAGAGCAGGTCCTGCTTGTGCGGTTTGGTGATCTCGCGGTACGGCGTCTCGGGCATCGGTTCGCCTTTCAGGAAGGCGTCGATGGCGTAGGCGGCTTTGCGGCCGTGGCCGACTGCCGTGGTGATGAGATCGACCTTCAGGGCGTCGCCGCCGCCGAAGAGTTTGTCGCGTCCGGGGATGCGGAAGTTGCGGTCAACCTTGAGCCACGGGCCGCTCGCCGCGCTGCCGAGACCCGACAGGTCGGTCGCCTGGCCGATGGCTGCAACCACCATGTCCGCTTCGATCTCGAAGGTTTCGCCATTGGGCTTGTAGCGCAGGAACGGGATCGGTGAGTTCCAGCCTTCCTCGCCTTTTTCTTTTTTGACCATCTTCGTGCAGCGCAGGCCGGTGACGCCCGACGCTCCGCCGAGCACCGCTGTCGTGCCGGTGAGGAAGTGCATCGTCGTGCCCTCTCTGTTCGCGTCGTCGAATTCGTTCTCGAAGCAGGCCATCTCTTCGCGCGGTACGCCGGAGATGATGGTGGCTTGCGAGCCGAGACGCAGCGCAAGTCTGGCGACGTCCATGGCGACGTTACCGTCGCCGATGACCACTACCTTCTTGCCAACCGGGATGTCGTCGCCCAGCACTTCGTAGCTTTTCAGAAAGTCGATGGCGTTGGTGGCACCGGGCGTGCCGTCGAAGCCGGGCACGGGCAGACCTCTTCCCTTCTGCGCACCGACGGCGATGAAGACCGCGTCGTAGTCAGCTTCGAGCTGTTCGAGGGTGATGTCTTTGCCGATGGTGACCCCCATCTTCGTCTCGACGCCGAGCTCGATGATACGGCCGATTTCGGCTTCGAGCACCTTGCGATCCACGCGGTAGCCCATGATGCCGTAGAGCACCATGCCGCCGAGCTTTTCGTTGGCGTCGTAGATGGTGACGGCGTGGCCTTTGCGGCGAAGCTGGTAGGCTGCCGACAGGCCTGCCGGGCCGCCGCCGATGATGGCAACGCGTTTGCCGGTGTCAGCGCCGGGGCCTTTGAGTTTCAGATTATGTTCGATGCCATAGTTGCCGAGCACCTGCTCGATGGCGTTGATGGCTACGCTTTCGTCGTGCACGCCGCGATTGCATTTGCTCTGGCACGGGTGCGGGCAGATGCGGCCCATCACCGCCGGGAACGGGTTGGTGTCGGTCGCCGTTTCCCAGGCCGATTTCAGCGGGTCGTCCGACGGATCGGTGCCGTTCAGATACCGGTTGATGGCCCGGATGTCTTCGCCTGCCGGGCACTCGGCGGTGCACGGCGGCGTCTGCTTGACGTAGATCGGGCATTTATGGCTGTGATCCCCGAAGGCGACGATCTTGTCGGTCCCTGTCAGTTCGCTGAAGGCAGGAAAGACATACTCTGTCGCAAAATCGAGAATCGGGTTTGATTCTGCATTCATGAGGTTGCTCCTTTGCTTTTCAGCTTAAAAACGGATGTGCGCCGACTGGTTGAAGGTGGTTCGGGCGTGACGGTAGCTGTCGATCATGTTGTCGTCGAACTTGAGGCCGGTCTCTTCGAAGAACCGTTTCCAGCCGATCCGGTTGATCCATTCGCCGATGCGCTCCCACGGACGGCCTCCGGCTTTGTAGGCCGTCAGGATGCGGCCAACCACGTCGGTCACTTCCGGCCAGCGTGGCGGGTTGTTCGGCAGGTTGTGCGCGACGAGGCTCATCGTCGAGGGCTTGCTTCGGGCGTTGCTGTTTTTGCCGCCGACCCAGACGGCGAACTTGGAGTGCTCGGGGTGGTTGATCTCCATGGCCGGGCAGGCGCCGAAGCACGCGCCGCAGCAGATGCACTTGGCTTCGTCAACCATGAGCGTCTTTTTGCCGTCGACGACCGTCGGGCGGATGGCTGCAACCGGGCAGCGGGCGACCGCTTTGGGAAGCTCGCAGGTCTTGACGAGGTGGTCGTGGTTGATGCGCGGCGGGCGGGTGTGCTTGACGACGACCGCGATGTCGGCCTGGCCGCCGCAGTTGATCGAGCAGCACGAAGTCGAAAGACGCACCTTGTTGGGCATCTGCATGTCCTTGAATTCGTTGTAAACCGTGTCCATCATCGACTTCACCACGCCCGAGGCGTCGGTGGCCGGAATGTCGCAGTGCAGCCAGCCCTGGGTGTGCGAGACCGCCGAGACGCACATGCCGGTGCCGCCGACCGGAAAGCCGAGCGATTCGAGTTCCTGGATCATCGGTTCGATGTTGCCCTCGTTCGGCGTCAGGAATTCGACGTTGTTGCGCACCGTGAAGCGAAGGAAGCCGTCGCTGTATTTGTCGGCGATGTCGCAGAGCTGGCGCACCTTGTCGACGGTGTCCTGGCGAGGCGTGCCCGCGCGGACGGTCCAGATGATGTCACCGCTCTCGGCTACGTGCTTCAAGACGCCCGGCTTCGGAATTTCATGGTATTTCCACTTGCCGTAGTTTTTCCTGACCACCGGATGCAGCGCCTCTTCGTAGGTGTGCGGACCCGACTCTATGGTCTTCCAGGTTCTTTCCTGACTGCTCATGCTCGTTCCTGTAGGTTGATGCGCACCGGCTCCTTTCGCGGGAGCCGGTACGGCTGAGTTTGTGCTGTTGTTTCGTAGCGTCTCTGGTGCTGTCCAGAAAGGCGGCTCTCAGTACTTGGCTTTGAAATACGGGTTGTCCCTCGGGCGCGAGATCTGGTTGATGTCGTACTCGATGCCGACGCCGTCGAGGAACTGTTTCAGACCCACGCGCTCAATGGTTTCGCCGATGCGCTCGTGGTCGAGGCCGGCGTCGTCCCACCAGTCGATGATCTCTTCGATCAGTTCGATGAAGGCTTCACGGTCTTCGTCCGTCTCCATCTTCATGAACGGCACGATGAGCGAGCCCATGTTGACACCGACTTTCAGCGTGTTCTTGCCGCCCATCAAAAGCGCGATGCCCTTTTCCTTGCCGGGCGAGAGCGCTTTGGACATGGCGTTGATGCAGTGCATGCAGCGCACGCAGTCGCGCGTCGAGATGTCGATGTCGCCGTCCTGCAGCCGGATCGCTTTGGTCGGGCAGTGGTTGATGACGTTGTTGACCAGAGCATCGACGCCCTTTTCGGCGATCC
NZ_CP104202.1_gap52	2143009	2146042	3033	GACCAAGGTTAAGTTCTGGCCGACCTATCTCGAAAAACTGACGAAAGTGGTCAATCCTGAAGAGATCGAATACATCATCGTCGATCACACCGAGCCCGACCACTCGGGTAACGTGCACAACTTGCTCTCTGTTGCCCCAAACGCCACTGTGGTGGGCAGCGGCAACGCCATCAAGTTCCTGCGTGACCAGACCGGCCACGACTTCAAGCATCTTGTAGTCAAGCATGGCGACAAACTCGATCTCGGCAACAAAACGATCCACTTCATTGGTGCACCAAACCTGCACTGGCCTGACACGATCTACTCCTGGCTTGAAGAGGATCGGGTACTCTTTACCTGCGACTCCTTCGGCTGCCATTACTGCAACGAAGCGATGTATGACGACCTCTGCGGTGATTTCGACGACGCTTTCAAATACTACTTTGACGCAATACTGAGGCCATTCAGCAAATACATGCTTCAGGCGATTGAAAAAATACGTCCACTCGACATCGGTGTCATTTGTCCTGGTCACGGACCAATCCTGAGATCCGACTGGAAAAAATATGTCGATCTTTCACAGCGTTATTCGCAGGCAGCCATCGCGATGCCAAACGAAAAAGTATTCTCATCGCATACGTCTCCGCATACGAAAACACCTCTGTGCTGGCGCAAAAGATCGCCGAAGGTTTGCGGTCAGCGTGTGACTTCAATGTCGATGTGTGTGACATCGAGAACATATCGGCAGAGAAACTCGAAGAGAAGATCGCACACTCGATGGGAATCATTATCGGTTCTCCTACTATCAACCAGAACATCGTTCACCAGATCTATAGCATCTTTGCCGTGCTCAATCCGTTGCGCGACCGTGGCAAACTCACCGCAGCGTTCGGCTCATACGGCTGGAGCGGTGAAGGAGTGAAAATCATCGAGAACAATCTGGCCAACCTCAAGCTCAAGGTGTTCGACCAGAACGTGATGATCAAGTTCCAGCCTCACGAGCCTGAATTCGAGCAGTGCAGGGCATTCGGAAAGGCATTTGCTGAAAAAATGATCGAGATGTATAATCTTACCTGTAATATCTAAGATATTATTATATATTATCTTAGAATAATTTTGGAACGCTGTCGAACAAACAGCGTTCCTTTTTTACTTGAAGATGATCGTTCTGATCATTTGATAACCGATTGCTTTGTTGAGGCGTGCTACAATGTCTCTTTTCCGGAAATTGAGTTCCATCCGCCACGATGGATTTCTGACCTTCACGTACAAATCGCCCTCTTTCATCTTTTCAACCGTGGTCACCCGCGCGATTGCTTCTCCGACAACACCGTCCCATAACTGAAGTGTTTTATACTCTTCGTATGCTTCGGTCATGCCTATTTTTCTGCAAACATCCGACATGAGTGAACCAAGCACTCTGGGTGATTTCTTTTTTGTCATCGCTCCTTGCTTGACATGTGCCTGTAGTCATCGATTGAAAAGGCTGTAATCCCGTTTCCATCCCTTTTTTCCGTCGATGTGATAATGACCTGTCCTTTCGATGAGAGCGTGTCGAGCATAAGTGCCGACACCTTTGCGTCCAGTTCACTAAACAGATCATCGAGCAGCGTTACCGGCATCTCTTCAGAGTGCTCATGCAAGTATGCATGCAGGGTCATCTTCATCGCCACGAGAAAAGCCCTCTGCTGCCCCTGAGAGGCGTATTTTCGTATCTCCCGGCCATTGAGATGCAAAAGCAGGTCATCGCGGTGCGGGCCTGCCAGCGTTTGCCTTCTAAGCAACTCCTGCCGTTTCAATGAGCGATAACGAGCGCTGAAAAGCACCTGCATCTGTGCTTTTGGAACCTCTCTTTCATCGTGGTGAAGCGAGGATTGATAGGCTATTTCGCTCTTCGTTCCTTCGGGATGCCAGCGATACACGTCGTCGAGCATCTTATTGAAACTGCTGATAAATCGCTCTCTCGCCTTTACGATCTCAACGGCATGATCGACGAGCTGATCGGTCAGCACCTCCAGAGCTGTTTCAACGGTTGCTGGATCGTTATAGGACGCCAGTAAGGCGTTGCGTTGCTGAAGCACTCTGCGGTACTGCATGAGGTCTGACAGGTACTTCCGGTCATACTGGCAGATAGCAGTGTCGATGAAGCGGCGCCTTTCGGCTGGACCACCCGTGATGATGACCAGTTCCCGTGGTGTGAAAGTCACGCACGGGATAAGGCCGATATGTTTCGAAAAGGTCTGAAGCTCCTGATCATTGACCAGAATCCGCTTCTCTTTTTGCGGCGTATAGGCTACCACAACCTTGGTTTCACCACCCTGATCGCTTTCAAAAGAGGAGCGTATGGTGAACATCTCCTCCCCGAACATCAGGCAATCCCTGTCGCTGTTTCCACTGAATCCTCTGGTCAGCGCGCAATAGTGGATCGCCTCAAGAATGGTTGTTTTGCCCGAGCCGTTACTGCCGTGAATATCGGTGATGTGCAGACCCGGTTGGAACTCCAGAAGCCGGTGGTTCCTGAAATTCTCAATAATGATGGACTTGAGCCGCAAATCACTTCAATTCAGTTATTGATTCTGACCGGCATGACCAGAATCATGAGATCTTCCGGTTTCTCAGAGCTTTTCGGTTTGAACAGCACCGCGGTTTTCGGTGAATTCATCTCGATTAGAACCTCGTCGGTATCAATGTGTGAAAGCGCTGCCTCGACAAACTTCGTGTTGAAGCCGATGGTGATCTCCTCTCCGGTAAACGAACAGGCTAGCTCTTCCTGGGCAGACTCTCCTTCGCTGGCGTTTTCAGCCATCACCTTGATCTGTGAATCCTGTGCGCTGATCTTCAGGTCGCCGATGCTTGAAAACCGTCCAACCCTTTTGACCGAATCGTGCAACAGCGACCGGTCCGTGACGAGCTGCTTGTCGTTTTCAACCGGTATTACCGCCTCGTAATTGGGATACGGCTCGACAATGAGCGCTGACTCCAATTCCATGGTAGCAGTTTTGAACTTGACATTCCGGCGCTCCGAGTCGATCGTCATCTTCACCTCTTCGTTTG
NZ_CP104202.1_gap53	2148402	2151548	3146	GGAGCTTCTTTCTGGATCGTATCGGGCATGTGAGTTGAGCGGGAGAGTCGCTGTTTTGGTGATTCATCAACATTTTCTGTTTACAAGGTACTGTTTTCAGTGGACAAAAAACAATCCCGCCACCGATTTTGCCTGCAGATCAAAAGTGGTTCATAAACCGATTTTTCAACATCGTATCTCTTTTTTTTATTTAGTTATTGATTGTGTACGGAAAAGTTGTCCACATGTGTTGATGGCTTGACGTGGCGCTGCTTGTGGTGTTTTGGTGGGTGGGAATATTTTTATCCACAAGTTATCCACAGTGTGGAAATCTGCTTGAAGTAGGGTTGTTGACAAGTGTTTGGGTGTTAAGTTTTCTTGTTTATCAATGAGTAAAATGATACATTAAACGTCCTGTATTTTTAATCAATCATTTGAGAGGAGTTTTGAGGAGATGAAAAGGACTTTTCAGCCGAGCAACAGGAAAAGGCGCAACAAGCATGGCTTCAGGCAGAGAATGGCTACCAAGAACGGACGCAAGGTTTTGTCTGCCCGTCGCGCCAAGGGCCGTCACTCCCTGAGTGTCAGCAGCTCGATGGGTTCGTCGAAACGGTAACGTACAGGCCGGAAGGGAGCCATGCTTCGACTTCCGGACTGTTCTGCGTGCATGAACGGCATGCTTTCGGAAAAACGCTCAAATGCCCTGCCAAAAGCCGAAATAGTCCGGGGAAAAAGCACCATTTCCCGTCTTTTCAACAAGGGCGCCCGTTTAAAGGGAGGTTCGCTCCTGCTGATCTACTCTTTTACGCAACTGGTCGATCAGGCCCCTGGAATACCGGTCAGAGTGCTGTTCACGGTTGGCAAAAAGCTTGCCCCGAGAGCTGTTGACCGCAACAGGATCAAACGCCTGATGCGTGAGGCTTACCGGCTCGAAAAAAATATTTTGACCAGAGCACTTGCTTCTGGAGCCGGGAAAGTTGATTATCAGGTGATATTGGCGTTTTTATACCGGGGCCGTGCCGATGCTATTCCGGCGCTGGAGAGGTTTCAGGCTGAAATACGGCACATGCTAAAAAAATCTTCTATCGAACAGGCTGCCGCAGGCGCAGGAGGGTGACAGGGTTGAATAATACGGGCAATCAACGGAATAACGGGACGGAACACAGCGACAGCACCCCTGGTCAACTGCTGAACTTCGTGCCGATTTTCCTGATAAAGTTTTACCAGACGTTCATATCACCGCTTCTCGGGCCGTCCTGCAAGTACCACCCCACCTGTTCCAACTACGCCATCGATGCATTCCGTCAGCACAACCTTTTCTATGCTACATGGCTGACCGTCTGGCGGGTGTTGCGGTGCAATCCGTTTTCAAAAGGCGGCTACGATCCCGTCCCGCCGAAAAAAAGAGATCTGAAGGTAATTCAAACGAGTCGAAGTAATGGACAGAAATTCGGTGATAGGGTTTGCCCTGATTGCTGCGATCATGATCGTGTGGCTACAGTTCATGAAGCCGGAGCAGAAACTGGAACTTGAAAAGGCGGCGACTCCACGAGAGGCGGTTCAGAAACCCTCTGCAAATGGCGCTCCGGTGGCTTCTGCTCCAGAAACCTCAATGGAGAGTCTTGGCGCTTTCGCCCAAGCCTCGATGGGCAACGAGCAGACCATCACCGTTAACAGCGATCTGTTCACGGCTGTGCTCTCTTCAAAAGGCGCCACACTTAAGTCGCTTGTGCTCAAAAAGCATCTCGCTGTGAATGGCAAGCCATTCAACCTGGTGTCTTCGAAAGACAAGGGTGCGCTTTCCATGCTCTTTCTGAGCAATGACGGCAAGCGAATCGATACCCGTGACCTCTATTTCAGAAGTCTTGACACCAAAACCTCGGAAACGGTAACCGGCCAAAAGAAGCTCTCGGTCAGCTATGTGCTCGATGTGGATGCAAATCGCAGCATTCAGGTGACCTATACCTTTACCGGAGACAGCTATGTGGTTGATTACGATCTCAAGCTCAACGGTTTTGGTTCTACCATCGCAGGCAACGAGTATCAGCTCAATTGGGATGGCGGCCTGGTATACTCCGAAAAAGATAAGGTTGACGAGTCACACAATGCTCTCGCCAGCGCCTACCTCGGTGGCGGTCTGCTCAAGCTCGACGCCAGTGACGCCAAGAAGTCCTATCAGGAGGAGGAGTCGGGCAAGGCCGAGTGGGTTGCCGTCAGGAACAAATATTTCGTTGCGGCACTCATCCCGCAGAGGACAACCGAAGGAGTTTACCTGCAAGGGAAGAAGATGGCCGGAAGCGAGTTTGAGAACTATGTGACTGCTCTGAAGATGAGGTTTCCGGCAGGTCAGAACCTCGTCGATGACCATTACCGGCTCTATGTCGGGCCTCTCGACTACAACACGGTGAAGTCCCTGCACGTAGGGCTTGAAAAAATCATGGATTTTGGCTGGGACTGGCTGACTCGCCCCTTCGCCGAGTATCTCATCCTGCCGATCTTCAACTGGATGAACAAGGTTGTGACCAACTACGGTCTCATCATCATCATCTTCGCCTTCCTGATCAAGCTGGTCACCTGGCCACTGTCGCTCGCTTCGACCAAGTCGATGAAGAAGATGTCGGCTTTGCAGCCGATGATGCAAGAGCTTCAGGACAAATACAAGGACAATCCTGCCAAGCTGCAAAGCGAGCTCGGTCGTATCTACAAGGAGGCCGGTGTCAATCCGCTCGGCGGCTGCCTGCCAACCCTGATCCAGATGCCGCTGCTCTTTGCGATGTTCTATGTGTTCCGCTCGTCGATCCAGCTTCGCCAGCACGGTTTCCTCTGGGTAAAGGATCTTTCCGTGCCGGACTCGGTGTACAATTTCGGTTTCGCCCTGCCGCTTTACGGCGATCACATTGCCATCATGCCAATTCTGATGGCTGTGACCGTTTTCTTCCAGCAGAAGATTACTCCGACCGCCCAGTCCAACGAGCAGATGAAGATCATGATGTGGATGTTCCCGGCCATGATGCTTCTGTTCTTCAACAACATGCCGGCGGGTCTCGCTCTGTACTATCTGATGTTCAACATCTTCAGCATCGCGCAGCAGGTCTACATGAACGCCACCGTCACCGAAGAGGACAAAGCCGCTGCTGCCATGCAGGTTGCCGCGGCCATGAAACCGG
NZ_CP104202.1_gap54	2152814	2155724	2910	TTCGACGGGGCGCGACGACTTCGCGCGGCAGACCATCGACCGGCTGGTCTCGAAATTCGGCGTGGCGCTGGCGGCGGTCATCAACATTCTCGATCCGGACCTCGTCATTATCGGCGGCGGTGTGGGCAACATCCGCCAGCTCTACACCCCTGAGACGAGGCAGATGATTGCTGCCAATGTCTTCAACCACTCGTTCGACATCCCGCTCCTGCCGCCGCTGCTTGGCGACAGCGCGGGCGTCTTCGGCGCGGCGCTGCTTGCCGGGCCACCACTGCATTCACGATAATTGTATCAACGCACACTCCATTGGAACAACAGGAAATCCGCTACAGAAAAGGCGACATCATCGAACTGACTATCACCGACCACGCCGAGCGCGACAAGTGCTTCGGCAAAACCGCCGAGGGGATGGGCGTGATGGTCTCCGGCATCCTCGCGCCTGGCGACCGCGTTTCGGCGCAAGTTTACAAGGTCAAGTCGCGCTACCTCGAAGCGAGCGCCATCGAGGTTTTGTCGCCGTCGCCGGATCGCGTCGAGCCGGTCTGCCCGGTCTTCGGCTCCTGCGGCGGATGCAAGTGGATGCACGTCAGTTACGAGGCGCAGCTCCGCTACAAGCACAAAAAGGTGACCGACTCGCTCGTGCACATCGGCGGCTTCGAGAACCCCAACGTCCTCCCGGTGCTCGCCGCCCCTGAGCCGTTTCACTATCGCAACAAGGTGGAGTTCTCCTGCTCCAACATGCGCTACCTGCTCCAGCGAGAGATCGACAGCGACGAGCTGTCGAAGCCGAAGCACTTCGCCCTTGGCTTTCACGCGCCGGGCAACTTCGAAAAGGTGCTCGACCTTGATACCTGCTACCTCGCCAAGGAGTGCATGAACAAGGTGCTGAATGTCGTGCGCGACTTCGCCCTCGAACGCAGCCTTGCGCCCTACGCCGCCAAGGCGCACGAAGGCTACCTGCGCAACCTCATGCTCCGCTACAGCGAACGCCATCGTCAGCTCATGGTCAACATCGTCACCTCGTGGTACGAAAAGGAGGTCATGCTGGCGCTGAAGGCGCGGCTCGAATCGGCCATGCCGGAGCAGTTGATGACCTTGCTGAACAACGTCACCACCCGCAAGAACACCGTCGCCACTGGCGAGCGGGAGTACATCATCAGCGGCGACGGCTACGTCACCGAACGGCTCGGCGACCTCGACTTCAGGATTTCCGCCAACTCTTTCTTCCAGACCAACACCCGCCAGGCCGAAACCCTCTACGACCAGATCATCGCCGTCGGCGGCATCACTCCGGCGGACACGGTTTATGACCTCTACTGCGGCACCGGCACCATCACGCTCTACCTCGCCCGCCACTGCAAGCAGGCGATCGGCATCGAGGTGGTTGAGAGCGCTGTCCGCGATGCGCAGATGAACGCAGAGCTGAACGGCCTCTCGAACACGGTCTTCTTCCAGGCCGATCTCAAGAACTTCCATGCCATGCAGGAGGCGCTCGAACCCTACGCCAAACCCCGCATCATCGTCACCGACCCCCCGCGCGCCGGAATGCACCCCAAAGCGCTCGACACCATGCTCAAACTCCAGCCCGACCGCATCGTCTATGTTAGCTGCAACCCTGACAACCTCGCTCGCGACGGCAAAGAGATCGCCGCCCGAGGCTATCGCATGACGTCAGCCCAACCGGTAGACATGTTTCCGCAGACGAATCACATCGAGACCGTGGCCTGTTTCGAGCGGGCAGAATAAATCCGGGCAGGACGCGTCCCGAAAGCTTTGAGCGGGACTTATTGTCTTGTCAACTGCCAAACTTTCAACAAAAAAAGCCGGACATGCAGCACACATCCGGCTTTTTTTCACATACATGAGGCCTCCGCGCCTTACGGAGTCATCACCCCGGCGTCTTCCATAAACTTCTCCAGTCCCTTGTCGGTCAGCGGGTGGTTGGCGAGTTGTTTGATGACGCTGTACGGGATGGTGGCGATGTCGGCACCGACCATCGCCGATTCGACAACGTGCAGCGGGTTGCGCACGCTGGCCACGATCACTTCGGTGAGGTAGCCATAGTTGTCGTACATCGTGACGATCTGCCTGACCAGCTCCATGCCGTTGGTGCTGATGTCGTCGAGGCGTCCGACGAACGGGCTGACGAAGTCCGCGCCAGCTTTGGCGGCAAGCAAGGCCTGCGTTGGCGAAAAGACCAGCGTGGCGTTCGTCTTGATGCCGTTCGAGGAGAAGTGCTTGATCGCTTTGAGGCCTTCGACCGTGAGCGGGCACTTGACGACGATATTCTTGTGAATGGCCGCAAGCTCCTCGCCCTGGGCGATCATCTCCTCTGCTTTGAGCGTGGTAACCTCGGCGCTGACCGGGCCATCGACGATTTGGCAGATTTTGGCGATGTGCGCCTTGAAGTCGGCGTAGGTGAAGTTGGCCGGATCTTTGACGATTTTGGCGATCAGCGATGGATTGGTCGTGACGCCGTCGAGCACACCAAGTTCATTGGCTGCTTTGATTTCGTCGAGACTGGCGGTGTCGATAAAGAATTTCATGGGGCCTCCTCAGGCGTTGACCGGTTTTGCGTCGAGCATGGCGTTGAAGTTACGTGCGGGGCGGCCCTCCCAGTTGCGTTTGTGATAGGCGTAACCGGCGATGAGCGGCATGGCGACGGTGGCTTCGGCGAAGACCATCTGCTCGTAAACCGTGTCAACCTTGCCCCACGAGCTGGCCTCCTTGAGGGTCGAGCCGGAGAGCGCGCCGTCGCGTTCGTCGGCCACGGTGATCTGCACGGCGTAGGTGTGCATCGAAACATCTTCGTAGCCAAGCACCTCAGCCGCAACGACGATGTCTTGCGTAAAGTTCTTCGGCACGCCGCCGCCGATCATGAAGATGCCGGTCTTGTCGTTCTCGATCTTG
NZ_CP104202.1_gap55	2160113	2164124	4011	GCTCGACTTCCCTGACCTCATCCAGTCCAGCCTGCGTCAGCTCGAACCGCAAAAGATGGTGGAGTATCTCCACACGGTCGCCGAGCGCTACCACAAGTTCTATCAGGAGTGCCCGATTCTGAAAGCCGACGAACGCGTTCGAACAGCGCGTCTGGAACTGTCACTCGCGGTGCGTCAGGTGCTGCAGAACGGCTTTAGAATTCTCGGCATTTCTGCGCCGGAATCGATGTAATCTTGGCATTAGAGTGCGGCCTGCGTGGTGCAAATCAGGCGCGATACAGGCTGTGCGATTCGATGTATGCCGCGATGGATTGCGGGACGAGGTGCGAGACTGGCTGACCGGCGGCGGCGAGTCGCCTGACCTCCGTAGCTGAGACTGGCATGTCGAAATCGAAGAGCATCGCGGTCGGTAGAATCCCGCCGCACGATGCAGCGGCAAGCTTGGCGCCAGAACGTCCAAACACCGCAATGTCACAAAGTTTGGTGATCGCCTGCGATTCCCGCCACTGCGGTATCTGCCTGTAACTGTCCTCCCCCACGAGAAGTACAAGATCGTCGCCCTGATGAAGCGCCGCGACGTGTCGCAGAAGATCGATGGTGTATGAAGGTCCCGGCTGCTGTAACTCCCAGTCGCTCATTTCAGCAAACTTGCCGGCAGTGTTGAGCTCAGCGACGAACAGACGGGCCATGGTGGCCCGGTCATCATCTGAAGCGTCAGCGGGAGCTTTGAAAGGATTTTTGGAAACCGATACCGTCAGCCGGTCAAGCCCTGCAAGTTCTCTTGCAAAGAGGCACAGGGCGAGATGACCGTTATGCGGCGGATCGAAACTTCCTCCGAAAACAGCAGTTTTCACTCTTTCGATTTCGGATCGCGCTTGTTTGAGTAGTGGGCGGTAACTCTTTTTGCGGCAGACTCAACCAGCTTGGCCTTGCCCGGGTAAAGCTGCTGGAAGGCCTCTATCGACTGGCGGGCTTCAAACCAGTTCTGCTGCTTGATCTCCGAGTCGATCTTGCCGATCCATGCCGGTTCGAGCCATTTGGTATCGGGGTACTGGTTGATAACCACATCGTAGAAAATCTCTGCGGCCCGGTACTTCTTCAGTTTGAAATATTGCCGGGCGATCGAGAAGCGGTTATCGGCAAGCTTCTCCCGGAGCGCAGGAATCGCCTGCTGGCTGTATCGCGCAGGCGATTCCTGCGAGAGTATTGCCATTGCGGCCTCGTATTTCTGCCGGTAGGAGGCGTTTTTCGGATTGACCTCCATCAGCTTTTTATACATCTCGGCATCGCTGGCTGCCTGTCTGGAATCATCGGACGGATACTGGTCAAGGTAGGTGGTGAATTCGTTGATTGCCTTGACGGTGTACTCCTGGTCAAGCTCATGGAATGGAGAGAGCTTTTCGTACGACCTGGCAAGTTGAAACTGCGCATTCCTCGCATAGGGCGAGTCTGGGGTCTGCTGAAGCAAGCGCCTGTAGGTGTCAGCAGCAAGGATGTACTCTTTCTTTTTGAAATAGGACTCGGCCAGAGCGTTAAGCACATCGTCTTCAAGATCGGTCGCTCTCGTCGAAAACATCAGGGACTCAAGGATGACGATCGCATTGTCGTACTTCCGTTTTGCGATCTTTTCGGTGGCTTCTCGGTAGCGCTGCTCAGCCGGAGAGGCCGTTATTGCGGCAGTTTTCGCTGGTTTCGATGACGAGCAGGATGAGAGCGACAATGCAAGACAAAGCAGACCAGGCAGAGTTCTGAGCACCGACTTTTTCATGACCGATTGAGACATAGAGACTCCCTTAAAGCAAGTGAAAAAATGACAATCCGATTGTGCCTGACGGCAGCACGCAAAACTTACGTGAACCAGTGCAAGAGCAGGAAGAAGCTGATACCGTGGGTTGGCGAGTTTTCGGCTGATCTTGCAAACCGGATGATTTGATTCCTGCAGGTAGTCCACGCTTTGGCAATCCGATTCGACTTTCGAAGGAACACCCGAAAAAAGTTCATGCGTTCGCAGAAGAAAACAATATGCTGATTTCGTTTGTGGAGCTTAGGGGAGTCGAACCCCTGACCTTCTCATTGCGAACGAGACGCTCTACCAACTGAGCTAAAGCCCCAAATGTGGAGCAATTTACAGCTATTCCAATCTTTTCACAAACGCAAAAAAAGCCCGCTCAACGACAGGCTTTTTTTGAACATAATGCTACGGAATCAAGCCGGTTCGGCGACCAGTGAATGCTTGAGCATTTCAAGCTGATGGCTGATACTGCCGTCAATGATCGTGTCGCCGATTTTGACGGTTACCCCGCCGATCAGGTTCTCGTCGAGCAGCATCTTGGCACGGATTTTCTTCCCGGTACGAATGGAGAGGCTGTTGACCAGCTCTTTAGCCTGCTCGTCGCTGAGCTTGACTGCGCTTTTCACATCGGCGTTGATAACGCCATTGCGTTCGTCGATCAAGGCGTTGAATTCGGAAATTACTCCGGCAAGAAGAGCGGCCCTTTTCTTGTGAGCGAGCAGCTTGATGAAGACCATCGTTTTCTCACTGATCTTGTTCCTGAAAATTTCTTCGAGAATTTTCGATTTGAGATCGACATTGATCAGCGGGCTTTTGAGAGCCAGCACGAGCTCATGACTTCCAGAGAGCACTTCCTGTATTTTCTGCAGGTCTTCGGTAACTTTTTCCAGAAAGTTGCCTTCAACGGCCACTTCGAGCAAGGCCACCGCATATCGACGGCCTGCAATTGCACTTGACATAGTTCCGAGGTTTTATTATCAGTTACGATTGGAGGCCATTTCCTTGATCATATCGTTGACCACCGCTTTCTGCTTGTCCGCATCGAGAGTGGTACGGATAATTTTCTCGGCGCCTTTTACCGCCATATCGGCGACCTCGTTTCTGAGCACATCCAGTGCGCGGCGCTTCTCCTGCTCAATCTCTTCCTTGGCGGAAGCAATCATCTTGCGGGATTCATCTTGGGCTTTCTCGGTGAGATCGGCGCGAAGCCTGTCCGCTACCTCCTTGGCTTCCCTGATGATTTTGTCAGCTTCGGCATCTGCCTTGGCCAGCAAATCCCGGTTTTTCTTCAGGATCGACTCGGCCTCGTCTTTTGCCGCGTGAGCACGATCAATGGCTGATTGAATGCCTTTGGCCCGCTCTTCGAGCATCGACAGGATCGGCCCCCATGCAGTCTTACTGAGAATAACAAGAACGATCAGAAAAGTAAGAGCTGTCCAGAATATGAGGCCAGGATTCGGGTTGAGAAGCCCGCCTTCGAGCAGAATAATCCCTGACGTTAGCATGAACGCAGTCCTTTAACAGTTTGATAAAAAACCGTCTGCGGTTTCAAATAGATACTGCAGACGGATTAAGCTATGGCACGATGCATTACTTCAGGGCGAGAAGCACGCAGATAACCTCACCGAACAGCGCAACACCCTCGATAAGAGCGGCGGCGATAATCATCGTGGTACGGATGTCCGAAGTCGCCTCAGGCTGACGGGCAGTGCCTTCAGCTGCAGAAGCAGCAGCGTTACCAATACCAAGACCTGCACCGATAGCTGCCAGACCTGCGCCGATGCCCGCACCCAAATAACCCAAACCTTCCATCTTTAAATTGCCTCCATTGATTGTTGTTGTAAAATGAATGCTACTCCTTGTAGCAGTTCTAAAAAAGATAAAGGAACTTCTTTACGCCACCAGGTCGTCTCAGTGATGACCGGAAGCTTCAAGCTCATGACCGTCGTGACCGCCTTCATGCGCCGTTGCCAGACCGATGAACAGTGCGGAAAGCATGGTAAACACGAACGCTTGCAGGAACGCCACAAAGAGTTCGAGCAGATAGATGAAGATCGCGAACGGTATCGAAACCGCCACAGCCACGATGTAGCTCTTCAGAATGAAGCTGATGAAAAACAGGCTGAGAATGATGATATGGCCTGCGATCATGTTCGCAAAGAGTCGGATGGTCAGAGCGAACGGCTTGGTGAACTGTCCGAGAATTTCGATTGGCACCA
NZ_CP104202.1_gap56	2171033	2173018	1985	GCAATTGCTTTTTCGCCCGTACAGTTCGTGGGCTTGGCGGAGAATCTCTTCGCGGAAGTCGGGATGGGCGATGGTGGCGAGCGCTTCAGCTCGCTGGCGGAGGTTCTTGCCGTGCAGGTTGACGATACCGTACTCGGTGACGACGTATTGCACATGCGCCCGCGTGGTCACGACGCCCGCGCCGGGCTTGAGGTGCGGTACGATGCGCGACTCGCCCTTGCGCGTCGTGGCGGGTAGGGCGATGATCGGCTTGCCGCCGGGCGAGAGCGCCGCGCCGCGGATGAAGTCCATCTGGCCGCCGACGCCGGAGAAGTGGCGAATGCCGATCGAGTCGGCGCACACCTGGCCGGTCATGTCGATCTCGATGGCACTGTTGATCGCCGTGACTTTGGGATTTTTTCTGATCTCCTTCGTATCGTTGACGTAGTCCGAACCGAACATCTCGACCAGCGGATTGTCGTCCACGAAATCGTAAAGCTTGCGGCTGCCGACAAGGAAGCTCGCCACGATGATCTCGTTGTGTGTCTTCTTGCAGCGCCCGTTCACCACCCCCTTTTCGACCAGCTCGACCACGCCGTCAGAGAACATCTCCGAGTGGATGCCGAGGTCTTTGTGCCCCGTCAAGGCGGCGAGTGTGGCGTCCGGAATTGCGCCAATGCCCATCTGCAGCGTTGCACCGTCCTCGACGATGGAGGCGATATGCTGGCCTATCTGTCGCTCGATATCGGTCAGCTCGTGCGGCGGCGTCTCCGGCAGCGGATCGTCCACCTCGACCAGAGAATGAATCTTGCTGACATGCAGCAGTCCTTCGCCGTGGGTGCGGGGCATGTTCGGGTTCACCTGAGCAATGACGTGCCGGGCGGTATGCACGGCGGCGCGGGCCGCATCGACCGACACGCCGAGCGAGCAGTAGCCGTGGCGGTCGGGCGGCGAAACGTGCACCAGTGCCACGTCGAGCGGCATGACGCCGTCGTAGAACATCGCAGGCACGTCGCTCAGAAAGATCGGTATGGCGTCGGCATAGCCGCACTGCACCGCGGAACGAACATTCTTGCCGACAAAGAAGGCGTTGAGCCGAAAGCTCTCCTGGAACTCGGGCTGAACGTAGGCGGCATCGCCTTCGGTGTGCAGGCTGACGATCTCGACATCGCGCAGGTGGCTGGCGCGGCTGACCATCGCATCGATCAGCCGACGAGGGGTCGCCGCCGCCGTGTGCAGAAAAACCCTGTCTCCCGACTTGATGGCCATGACGGCCTCTTCTGCGGATATCGTCCGGTAACTCATGATGTTTGAATATTTTTTGAATTGATAGCAGCTCCGGCGCTCTCCTGAAATTCAGACGACCTTCTCCGAAGGGCGGCAAAGCTTCTGGTAGCTGACAAAAACTGGAGACGAGCCGGGAAAAGCGGCTGCGCCCTTCTCCCGGCCTGCATCACTGAAGCGGTGGGTTGTTCTTCCGGCGGAGGTAGGCCGGAGTGTCGGTTGAGCCTTTCTGTATCTGCTCGTCTTCGTCGCTCTGGCCGGGCATGGGGTTCGATCCGCCCGAAGGGCGCGATCCAGCGGTGCTGCACGCGCGACCAATATCGAATGGCTCCTGAATAGAACGGCTTTTTCTGATGTAGGCGGGAATTCTCATGTCCTCGACTACCTGTTCGGGATAGCCGGAGGCTTGGACTGGGCGACCGAAGCCCTTCAGGGGAGGCGCTTTCGGCACAGCCTTCTCCTGCTGTACAGCCAGCGAAGCGGGTTGTCGCTCCTCGCCTGGTTCAGCTCTCTTGAAACCGGTGACGATCACCGTGACCCGGATTTCGCCCGACACCTGCGGCTCATCGACATAGCCATTGATGATCTTGGCGTCGCCGCCAACCTGCTCCTCAATGTAGTTCATGGCGTCGGCAATGTCGCGCATGGTCACGTCGCCCGTGATGTTGACCAGCACGCCCTTGGCTCCGCGCATCTTGACCCCCTCCATCAACGGACTGGTG
NZ_CP104202.1_gap57	2174509	2177054	2545	GATGTCGATCACCACCACGCCGCTCCGCTTCTCACTCTCCTTCATCACGGCGAGACCGGAGGCCACTGGTTCGAAGGTCATGGCGCTGACTTCGAGGCCTGCCTTTTCGATACACTGCTTGATGTTGCGGATCTTGGTGCGCAGCCCCACAACGATGTAGGCGCTGCCGCGCATGATCGTTCCGGCCATGCCGATCGGATCGAGCACTCCATCCTGGTCATCGACGATGAACTCCTGTGGAATGACATGGATGATCTCGTGGTCGATGTCGAGATAACGGATGTTGGTCTTGGCCTTTTCGAGGAAGCGCCGCACATCGGATTCGTTGACGATGCCCGACTGGTTGACGCTGATTTCGGAGTTGCTGTAGATGCAGTGGACGTGCGCGCCGGAGATGCCGACGTTGACCCCCTTGATCTTGATCGAAGATTCTCGCTCTGCGTCGGCCACCGCCTTCTTGATGGCGTCAACCGTCTTGTTGATGTTGACGACTGTCGCCCGTTGCAGGCCGTCGGAGTTTGCGCGTCCCTTACCGAGGACGTTGAGTTTGCCGACGTCATCTTTTTCGGCGACAACGACGCAGACCTTGGTTGTACCTATATCGAGACCGATTACAATATTGCTCTTCGGCATGAGGAGTTTTGGGTTCAATGACGTTCATCGGGAAGTTGGCCGCTCGCAGGAGGGGCAACCGGCGCCGCTGAAGAATCTGCGGACTCTGCTTCGCTCACGGGTGAGGTAGCGAACACTCTCTGCCGGAAACGAAGATCGACCGAATCGTAACAATCGATACCTTTCTTTGCAACAACCTTTTGCCAGAATATCTCGAATTTTTTCAATTTTTCCTTGAAATTACCGTCATTGCCGATAACAAACCGTATCGGCGAACCAGCCACCGTGAACCAGGTCTGGTTGCCCCGGGCGAGATGAATGCCAGACACCATCATCCTGGCGTAGGCGCTCCGGTCAAAGGCATCGAGCAAGGCGAAAAGGAGACTCCGATCTTTTTCGTTCAGTTGGCGCACTCCTCCAGTCCGCACGCCATAAACCGTTACGAGCCGGAACCGTCCCGAGACTTTCTCATCTGGCAACAAATATCCTTCGGTATCGATAATCAGATTCCGACCCGCGTCAGCGACCAGCGCTGACGGACGCCGTTCTTTGATCCTGACCCGCAGAATGCCATTCAGCTCCTTGCTGATTTGCATCTGTCTGATATAAGATTCCGGTGCAAGTGCCCGGCGGACATCGTCGGTTCTGATTTCGTCCAGATTTTCTCCCTTGAAACGGTTCAGACGGCGCTCGATGCCGGAAGCGGGAATCAGCGAAACGCCACTGACCACCACCCGGTTGACCGTCACTTGCCGTTTCCATTGCGTCGCGTACCACGAGAGTGCCGCAACGGCAATGAGCAGCAGTGTGGCGAAGGCCATCATCACCGGCGTGGTGCTGAAAAGGCGGCGCAGCTTGCCACTGCGAGGGCGCACCGATTCAGGCGCGTCAATGTCCGGCAGTTCCGGGTCCCTCAGTGGCTCCTCGCTCCGCTGTTCATGTTTCGGACGAGCCATGCCGTTTGCTCCTGTTATGCTTGTTAACAGCGAAGATCATGACGCCGATGCGTTTGCGTTGCCACGGCTCTCGGTGCACCAGGCGGCGAATCGCGCGGCCAGATGCGTGATGTCGCCCGCGCCCATGAAGAGGAAGAGCGTGCTTGGCGCGGCCTCCTCCTGAAGCGCCGCGAGCAGCGCGTCGCGCTCTTCGGCGAAGACTACGTTTTTCGCCCCGGCGGTTCTCGATGCCTCGGCCACCAGCTCGCCGGTGATGCCGGGGTAGTCCTCGGCCTTCTCGCGCGACGGGTAGATGCTCGCCACGTAAACTGTGTCGGCGCAGGAGAGCGCCCAGCCGAACTCACCGGCGAACTCCGCCGTCCGCGAGTAAAGATGTGGCTGGAAAACCGCCACGATGCGGTGCTCTTTCCATCCGTCGCGGGCTGCCCGCACGGTCGCCTTCACCTCGGAGGGGTGATGCGCGTAATCGTCGATGACAAGCATTCCGTCAGCACCCCGATACTTGACCTGGAAGCGGCGGCGCATTCCGGTATAGGCGCCGAGACCGGCGACGATCTTCTCCGGCGGCAGGCCGATTTCAAGGCCGACCGAGAAGGCTGCCAGCGCGTTGAGCACGTTATGCCTGCCGGGCACGTTGAGCCGTACGCCGGGGTAGCGCTCGCCGAAAGCCTCGACGGTAAAGGCACTGCCGCCCTCGCCGGGTTCGATCCCGGAGGCCATCACATCTGCGTGCTCCTCGATGCCGAAGGTGGTGTAGCGGCGGTTCAGGCGCGGAATGATACGCCGGATCTCCGGCCAGTCCACGCAGCAGATGACTCGCCCGTAAAACGGCACCTTGTTGGCAAACTCCGCGAAGCAGTCTCGCAGGTTGTCCATCGTGCCGTAGGTGTCCATGTGCTCCGATTCGAGGCTGTTGACAACGGCGATGGTTGGCGTGAGTTTGAGGAAAGCGCGGTCGTACTCGTCAGCCTCGATCA
NZ_CP104202.1_gap58	2224590	2228945	4355	CATAGCGTCAAACGCCATCGCGATCAAAGTCATTGCCGGTCAGGCAACGTCCGCGCAACCGCAATCTCCGCTCTCAGGCGTCATGCCGCCTATGGCCGATCCTGATCCGCTGGACGCAGTGATCAGCCCAATCATCATGAGCATGGGCATTGCCGTTCTGGCGCTCATTTTCGGTCTGCACCTCCGTTACATCAAGCGGTACAAGCGTACCGAAGTCCAACAAAAACGAGTGAAGCGGCGGAACCATCCAGACCGACAGCGGCGCCTGCGCCCGCCACTCAGACGAGCATTGGTGGCAAATCCCCGCAATCGCTCCGGAACGAGCTGTACAGCGCTGTCAAAAAAAACGGAATCATGAATCCCGCGGGCCTGACCTCAAAAGAACTTGGCAAGCTGCTGAAAGAAAAAGGGGTAAAGGCGCAGACCATCTTGGAGATAACCGCGCTGCTCTCGGCCATCGACCACGCCCTCTACGTGCCGGGCGAAGTCTCTCCGGAAACGCTCGAAACCATGAACCGGGACGCCAGCCGGATCATAGCCGATCTTACTCGTCCCTGACCATGATGGACACCCGAACCCGTCAGGAATCGCTCAGCCCTGACAGATGCAGGGCGACTTCAGGATGATCGGTGATGATGCCATCGGCGCCCAAACGTTTCATCCGAAGCATATCTTCTGGGTGATTAACCGTCCAGACAACCACCTTCGCGCCAAGACCGTGCAGCCATGACACCAGCGACTCATCGACCAGATCGAGCCGGGGATTGACATACTCTGGCACGAACCCGGGACGCTCCGGAAAACTGTCGAAAACCGCCCGTTCCTCCACAAGCAAACCGTAGCAGAGAGTGGGGGCGAGATTTCTGGCGGCAACAAGAATGCGATCGTCAAACGACTGTAGCCGCACGCGGCGCTCAAGCTTCGAGGCTCCGATCTCCCGGATCACGAGTGCGGCATACTCCTCAGGCGGAGGATGCGCCGTCCCGTCGAGACCAGGCCACGACTTCACTTCGAGATTGTAGATCATCTCACCCGGACGCCTGGCACGGCGAAGTTGCTCTTCTACCGTGCGGAACACCTCGGACAATTTCGGACGAACCGCCCTGACACTTTGCTGAAAAGGGAAATTTGCCGACGCCTCGCCGCAATCGAGCTGCGCGATCTCGTCATAGTTCATGGAGTAGAGATAATGCTTCGACGAATCGTCGCCAGATGCGCTCACCCACGGATCGTGCGACACGACCAGGCAAAGATCATTGGAAACATTGAGGTCTAGTTCAATCACGAAGCAGCCAAGGTCGGCAGCCTTGCAAAACGCCTGAGGGGTATTGTCCGGATAAAAAGCCCTGGCTCCGCGATGAGCCTGAATTTCGAACGTCATGGGGACGGCTTGATAAACTTCACCGGTCAAAGGCAAGCCTCGCCGGTTTCGGTAGCAACTCAAGCACTCTTGTTTCCGTTCGAGGCTTTGAACGGTTTTGGCGCAACATTGCTCTTGTTTCTTTTCTTCTGAAATTTTTTGCCTGCGGGCTTGATGCCGTTGACTGGAACAAGTCCGTGAGTACCGTAAAGACCAGGTGAGGTGTTGTTGCGGGTTTTGTTGAATTTGTTTTTACGATACTTTTTTTCAAGGTCGGCGTAAGGACTCGGTGGGTCTGGCGACGTATTGAAATTATTATAGTTAGGCTCGTCGAGAGCCTCGTCAGCCTCATCCAGGACCACGTCAGGATGAATCTTATTGTACAAGTTGGTATATGTTTAGTTTACAAAACCTTGAGCAGTAAACAGCTTTGGGGCGTTTTCGGCAAGGACTTGTAGTTAACAATTTCGCCCGTAAAAAGCAAGATGGTGTTTTGCTGCTGTGATGTCATCAGAATCGCTTGCAAGGGATGAGGGATGGCTTTACCATTGTTTGTTGCCGCTGCAAATCGTAACTTTCATTTTACTAAGCACAACCACAAACATGGAGATCATTATGGACATTCGCCGCCTGATCCTGGCATTCATCCTGCCGCCCGCAGCCGTCATGAACAAAGAAGCCGGCACCATCATGCTAACCGGCATCCTCACCCTCTGGGGTTGGATACCAGGTGTGGTGGCAGCCCTTATCATGATCTCAAAGGAGCAGTCCGGCAAAACTGCGGAAGCGTAAAGTTCTTTCGAACTCCAGTAAGTACACCGGCGCCCCCATAAGAGTTCCTCACCGGCCCGGCATTTTCTGAAAAAAAGAAATACCGGGCCGAGTGTTTTTACCAATGTTCAGCACATCGACTCCTGATCCATACAGCATCTGAACATTCCAGTTCAGACGCTGCAGCGGCTCAACCAGCAACAACCATGTCTTCATCCAGCCACAAACGTATCATCGGCATCGATTTCGGCGCTAAGCGGATCGGGGTGGCGGTGAGTGATCCGTTGCGGATGTTCGCGCAGCCTCTTGGTACGTTCGATATGGAGGGGCTCGTCAGGGTGCTGTCGAGGGTGCGGAACGAGGAGGGGATCGAGCTGGTCGTGGTCGGCTATCCGCTGAGCGACAAGGGTGAAGAGAACCGCATGACGGGGGTGATCGATCGCTTTGTCGCAGAGCTTCACGAGGCGTTTCCGGGCACTCCGATCGAGACTTTCGATGAGCACCGCTCGTCACGCACGGCGATGAAGATACTCGCCGCTTCGGGAAGCAGCCGGAAGAAGCGCAATGAGAAGGGGCGGCTCGACACTGCCGCCGCCTGCCTGATTCTGCAAGGATACCTCGACAGCCATTCCTGAGCGCACCAACACCGCGCGTCGCAGGATTTTAGGTTTAACATTTCACACGGGCTTCTGTATCTTTACCGTTAGGTGTCTGGTGTTTGCAGATACCCGGAATTTCCTTTTTCACGCATCATTGACCGATTTTCCCTCATGACCAATTCGGAAACCCTCGCGATGTTCAAGTCGAGCGGCGCCTTGCTCGATGGCCATTTCCGGCTCACTTCAGGCCGCCACAGCAACTCCTACTTCCAGTGCGCCAAGGTGCTGCAATATCCGGAATATCTTTCGGCGATCTGCGGCGAAATTGCCGGATTTTTCAGGGAGAGCGGCATCACAACGGTCATTTCGCCCGCCATCGGCGGCATCGTCGTCGGCACAGAGGTTGGGCGACAGCTCGGCGTCAAAACTATCTTCGCCGAACGCAAAGATGGAACGATGATGATCCGGCGCGGTTTCTCCATCGACCCGTCCGAACAGGTGCTGGTGGTCGAGGATGTGATCACTACCGGCGGCTCCGTGACGGAGGTGATTGAGCTGGTCAAGGCTGCCGGAGCGACCGTGGCTGGAGTCGCCTCGGTGGTTGACCGCAGCAATGGCAAGGTACGGCTTGCGGACCGGCAGTTCTCGCTGCTCACGATGGAGGTGGTCAGCTACGCGCCGGAAGCGTGCCCGCTCTGCAAGGAGGAAATTCCGATCTACGCGCCGGGCAGCCGAACCAATCCCCAGGGCTGAGCAGCCAGATGCAGCAGGGCATCCACACCATTTCGTTCGTCGGACTCGGGCTGATCGGCGCATCGCTGATGCAGGCGCTCAAACGCGCCGCCGAAGCGACCGGGCGGACAATCGAGATGATCGGCTTCGACCCGGGCTTCGACGCCGAAGACATTGCGGCGATTATCGGCGAGTACGGTCTCGACAGTTTCGAACCTGATCCGGCAAAGCTGTACGACGCCGATCTCGTGGTGCTCTGCGCGCCGGTCGTCACCAACATCGCCCTGCTCGATGAGGCGAAGCGGTATATCCGCGAGGATACCGTGGTAAGCGACGTATCGAGCACCAAGGCTGAAATCGCCGCCAAAGCGCGGGAACTCGGCATCGAATTCATCGGGATGCACCCCATCGCCGGGCGCGAGCAGCAGGGCTACCGGGCGGCCTCGCCGGAGCTGCTCGACGGGCGGCTCGTGATTCTCTGCCCCGACAGCGACGACGAAACCGCCACAGAACTGGCCGGACTGCTCCGGGCTGCCGGATGCTCGCCGCTCTTCATGAGTCCGGAAGAGCACGACCGGGTCTATGCCAACATCAGCCACCTGCCGCAGCTCATCTCGACCGCACTGATGGCTCACTGCCGCGAGAACGTCGAATGGGCAGGCCCCGGATTCGCGTCGATGGCGCGGTTGGCTGGAAGTCCCTGGGCTGTCTGGCGGGACATCGTGAGCACCAACAGACGCAACATCGCTGACGAGATGGAGGCATTTTCCGCGCTTCTTGCCGAAGTCGCCGGAGAGGTTCGTGACGGCAACTTCGATGCACTCGAATCGAAATTCTGCGAAGCGAACGATCTCTATCAACGACTTCAGGAAAGGAGCTGCCTATGAAGTTCG
NZ_CP104202.1_gap59	2239282	2239782	500	CCAGCCAGCAGCTCCGGATCGTTGGTGATCAGCGTGCCTTTGGAGTCCGGGTGCCAGGTGTTGAGCACATAAACCGGAATGTTCTTCTCGACCGCCGGGGCGATGGTGTCGGGATGGAGCACCTTCGCTCCGAGATAAGCCAGCTCGGCAGCCTCGGAGAAGGTCATGACCCGAATGCTCTTCGCCTCAGGAACCATGCGGGGATCGGTCGTCATGACGCCATCAACATCCGTCCAGATTTCGATGGACTCCGAATGCAGCCATGCGCCGAAAAGCGCCGCCGACAGATCGGAGCCGCCGCGTCCGAGCGTTGTGGTACGGCCCGACTCGGTCGCACCGATGTAGCCCTGCGTCACGACGACCGTGCCCGCATCAAGCAGCGGTTTGATGATCTCATCGGTGTTTTTCCGGCAGGTATCGGCAAGCGGACGGGCAAAGCCGTAACGGTCATCGGTAATCATCACCGAGCGCACATCGATCCATTCGCAGGGGGTGCCATG
