gap_id	start	end	length	sequence
NZ_CP151839.1_gap1	1313	5366	4053	AAAACGTGATCACGCCACTGTTTTACACGCTTGTAAAACTGTAGATAATTTATCTTCTACAGACAAGCAGTTTAAAAAGTACGTTGAAGATATTACTAAAAAATTATCTATTTAAAAAACTTTTAAAATGACTAGAATTCTGATGGTATGCTTGGGGAATATTTGCCGTTCTCCGCTTGCCGAAGGTATTTTAAAATCAAAGCTTCCAAACCATTCTTTTACTGTAGATTCTGCTGGTACTGGTGATTATCATATTGGTAAAAATCCAGACAGTCGCTCTATTGCTGTCGCCAAAAAACATGGCTTAGATATCTCAAATTTAAAGGGACGTCAATTTAATGTGTCGGACTTTGATGCGTTTGATATTATTTATGTTATGGACGAATCAAACTACCGAAACGTTATTTTACTAGCAAGAGACGACCAAGATAAAGCTAAAGTCAAATTCATTTTAAACGAAATCGATCCAGATCAAGACAATAATGTTCCAGACCCTTATTATGGTGGAACAGATGGTTTTGAAAACGTTTACAACATGCTAAATGAAGCATGTTCAGTTATTGCCTCTACGCTTCAAAGTTAATTTTAGTAGTTTTACTCAAAGGTTTTTTTGTAACTTTAGAATCATGTAACTCACTAAATTCTAGCAAGATGAAAAAATTTATTTCACTTCTATTCATCGCTATTACAAATTTTATTTCTTCTCAAAATATTGATATCTCACTAGTCGCAACCGGATTTGAAAGTCCTGTAAGCATAAAACACGCCAACGATAGTAAATTATATATTTTAGAACGCAAGGGCGCAATCAAAATATTAAATGCAAATGGCACCGTAAACAGTACAGCGTTTTTAGACATAAACACCAAAGTAAGTGATTCTGGTGGAGAACGTGGTTTGCTAGGGTTAGCGTTCCATCCAAACTATGCCACCAATGGCTATTTTTATTTAAATTATGTAAACAACTCCGGCAATACGGTTATTGCGCGATATTCTAGAACGAATGAAACGACTGCAAACTCTACGTCTGAACTTATTCTTATAACTATCAATCAACCTGCCTCAAACCATAATGGTGGCGATATGAACTTTGGTCCTGATGGTTATTTGTATATTGCTAGTGGTGACGGCGGAGGTTCTGGCGACCCAAGCAATTATGCACAAAACTTGAATACTTTATTAGGAAAACTGCTTAGAATAGATGTAGATAATACAAGTAACGGAAACAACTACGCCATACCTTCCACGAACCCTTATCTAAATGATGGCGACGCCAATACGCTTCCCGAAATTTGGGCATACGGTTTAAGAAATCCTTGGCGATTTTCTTTCGATAAAACCACGGGGGATTTGTGGATTGCGGATGTTGGCCAAGGTATTTATGAAGAAATTAATAAGGCCACATCTACTACTTCAGGTCTAAACTACGGGTGGCGTTGTTATGAAGGAGCAAACCACCCGTATAACACGAATGGCTGCCCACCTGAAAGCTCAACAACACGTCCAATCGCGGAATATTCACATTCAGGGAATGGTGCTTTTAAATGTTCTATAACTGGGGGTTACAGCTATAGAGGCAACCTTTATACCAGTTTGACTGGTCTTTATTTTTTCGCAGATTATTGTAGTGATGAAATTGGCGTCCTTACTGAAAATGGAACTAATTGGACCATGACATTCCCAAAACAATACAATAACAAAGGTTGGAGTTCTTTTGGTGAAGATATTAACGGAGAACTTTATATTGCAGGTTTAAAATCTGGTGAAATTTTTAAAATTATGGACACCAGTTTAAACACACAGTCCTTTGATAAATTAAATATTAGCATGTACCCAAACCCAGCAAGCGATCTTATAAATTTTAACACATCTCTTCTAAAAAAACCTTTAGAATCTATTAAAATTTACGATATTCACGCAAAACAAATCAAGCTTACTTCGTCAATCAGCTACCCATTAGCTACATTAAGTATCAACAACTTAGCAAATGGCATTTATTTTATTGAGTTGATAGACATTAGCGGTTTAAAAGAAATTAAAAAACTTATCAAGTATTAATGGCAAATCAGTTAGGCAAATTATACCTCATTCCAACAACACTAGGCGACAACGAACCTTTAGAAGTGCTTCCTATTACAGTTAAGCAAATTATTGATAAAATAGATACCTTTATTGTTGAGAACGATAAAACAGCACGCCATTTTATAAAACGTATCTCTCCAGAAAAATCGCAGCCTTCATTAAACATGTTTCATTTAAATAAGCATACAGACCCTGCGGATTTACCAAGTTTTCTAGAACCTTGTTTACAAGGTATTAACGTCGGTCTACTTTCTGAAGCTGGTTGCCCAGGCGTTGCAGACCCTGGTGCTGATATTGTAAAAATAGCACATCAAAAAAACATTAAAGTAGTCCCGTTAGTTGGACCTTCGTCTATTTTGATGGCATTAATGGGTTCTGGAATGAACGGACAAAGTTTTGCCTTTAATGGCTATTTACCCATAGATAAAGGCGAACGAAAAGCTGAAATGAAACGTTTAGAGCGCCTGTCTTTTGAACACAATCAATCTCAATTATTTATTGAAACGCCTTACCGTAATAATAAAATGCTTGAAGATTTATCAAATTATCTAGAACAAAACACACAAATTTGTGTGGCCTGTGATATTACGCTACCTACTGAATTCATAAAAACACAAACAGCCAAAGCATGGAAAAAAAATAGCGTAGACCTTCATAAAAGACCCACGCTGTTTATAATTCATAAAGACTAAAACTATATGGCTTTAGCTTTTCTATTTGCTGTGATAGATGATGTATCGTAACCAGAAAACTTTTTCATATAGTATTCAATGGTAGTTCCATAACTATCTTCAAAATTATCAATACCGTAACTTCTTAAATAACTTTTTACGCTACCTGCACCAGCTAAATGTGCTGCGGCTAAAATACCAGATTCTGTTATTAAAATGCCATTAAGCTTTTTACCAACAAAATTCTTAATATCTCTACGTAAAATCCATTTATTACGTTGAGTATTTGCTACAAACGCTTTTTCTTGAAGCGGCGGGTTTTTTAAGAACAATGATGGATTATGAATACCTATTAACTTTAATGTATTCGCACCAAATTGATACTTTCCTAAATATCCTAAAGTGTTTACTATAAAATAATCGCCTCGAGACTCTTTAAAAGCTAAGGCTTCTTTAAATCCTACAAACGATTTCCCTAAGAATGGAGAAATGGCCTTGTTCACTTCATTCGACGCTAAAGCATTATCTTTAATGCTATGGTCTTGGCTTACAGTATAATTCAACTCTAAACCAGCTGTTGAGTACTTACTTAAATCTTTTGTTTCATTAGATGAAAACGACACGAACAATAGAATACATATTGTTAGAGTTAGGGTTAAGTAACTTGCAATACTTTTTCTCATAATTTTTTAAATTTCTTCAGCAAAATCACATCGTAAAGTTGCTTGAAAATTTCAGCGTGCAAAATTAGACATTTTTTTAAACATTTCAAAATTAATCGTTTAACTACATTTATTAATAGTACAATAGATGAAATACACTGCCTTTTTTATTGAATTCTAAAGTTGGAAAAGGAATTTTTATCATATCAAAAATATCTAAAACAGACTTTAACAATTTCGAGTTCGTTTCAATGTTACTCAAATTTACATCTAAACTCAAATAGATTTGCCGACGCCTATCTATATTTGTTAACAACTGATTGTCAATATCTTTCACGCCAGATAACATCCCTTCAGCCCCATACCCTACTGCTATATTCAGCCATTTGGGTATGCTTTTTTCTTTAAAGAATGAATGCAAATTTACACTCAACCAATAGGTTTGCCCGTTATAGTCCTTCAAAATCTGTTCCAAAAAGTCTTCTCCTAGCTTATCGGGACGTTGGGAAGCGTATTTTGTTTGATGAAAAGAGAATTTTAAAGCAATACGTTGCTCGTTCCAAAGCAATTCTTGACCAACATACAGTCCCGTTCCTGATGCATTTGCTAAAATATCGCCCCAAGAAAAGCCCCATTCC
NZ_CP151839.1_gap2	16263	19222	2959	TTTGAAAACATTAGAGATAATAAAATTAACAATACAGATGAATTTTTAAAAGTATACAAAGGCTTACTTATAGAACCAGATGCAAATAACACTGCCATATTAGGTTTCTTAAAAAGTAGTTTTGTTCGAATTTATTACACCAATAAAGAAGAACTTACTACAGACATACTCACTTTAGATATGCCTTTTGATGCCACCAACAGTTTCCATAACATTACAAACCAAACAGAAGGTACCGTTTTCGAATCACTTACAACCCAAACAACCTACCTTTCAAGTACAGCATCCAGTAACAACACGTTTATGCAAGCAGGAACTGGAATTGCAACTAGAATAGATATTCCTAACCTTGAGACACTTTATGACATTCCTGGTACCGGAATTATAATTGATGCCAACCTAAAAATTTCACTAAAGCAAAATTCTAACACCAAAAACCTGCATACAAACGACTCTCTAAATGTATACATTATAGACAAAAAAGCAAATACTGTAAGTGCTTTAACAGATACCCAAGGTAATACTGTACTCGCTTTAATTACAAATGAAGACAGCGAATTTAACCTCACTACCTATTCCATTCCTATTAAATATTTTCTTAACCTAAAACTATCGGATTTAAACGGTGATAATTACTTTTTAGCCATATATCCCAAAGATTATAATCAATCTATAAACAGGTATATTCTAAATGGTGAAGCCGCTTCAAACAGTCTTAAATCTAAAATCGAATTAATTTACGCTATTTATGATAAATAAATATTTAATACTAAGTCTATTCTTAGTTGTATTTACAATGCAAACAAGGGCACAATCGAACGCCTTATCTAGCTCGCCATATTCATTATATGGTTTGGGCTTAAGCAATGAAACCTCTACAGGAAAAGTAAATGGCTTGGGTGGTTTGGGAATTGCCATGCCATCAAGCTCTTTTATAAACAACTCAAATCCTGCTGCATTTGGAAGTATTTTATTAAACTCGTTTCTATATGATTTTGGAATAAAAGCACAAACCAATACTTTGGCTGAAGGTAACAGTACCGATTCAAACATTACAGCCAATTTTTCCAATATTGCACTCGCGTTCCCCGTAACAAAACGATCTGGATTTGGTATTACTCTTATTCCATTAACCAGTGTAGGGTATTCCATTTCTGGTATTGAAACAAACATTGAAGGCACAAGTAACAGCGTTTTTATTACAGATATAGTGGGCACCGGAGGTATAAACGATTTAAAACTTAATTACGGATACGCCTTAACCAATAAATTCAGATTGGGTATTACAGGATCTGCTCTTTTTGGTCAAATAAAACAAACTGAAACAGATTATTTACCAAGCAATACATTTGTAATAGAAGATATAAATTATTACTCTGGCGTTCGTGTTGGAGCTGGGTTTCAGTATGACGTTTTTAAGAATTTTTCAATTGGAGGTACAACACAATTACCAACAAGTTTAAGCGGAAGTAAATCGAGTACCATTACTTTATATACTACGGATGCCACAACTGATTTAACTGAAAATTCAGAAAGCACTATTGACGACTTTAATTTACCACTTGAACTAGGATTCGGACTCCAAACAACCTTAAAAAAGTACTTTTCACTAAATCTAGATTATAAAAAAAGCTACTGGACTAACACCAATCAATCAGATCAACTTGGAACTTATGTAGACCAAAATTTATTTGGTGTTGGTTTGCAATATGCCGCCGAGAAAAAAGCATCTAAATTTTTCAACAACCTAGAGTATCGAGTTGGCTATAATTTTAATGACGGGAATTTGGAAGTTAACGACCAACGTGTAAAAAGCAGCTCCCTTAATTTAGGTATTGGAATCCCTTTTAACGACTACACAAGTTCCATGATTAACATTGGGTATTCCTATGGAAATAAAGGACAAATTACCAACGGCTTAATAAAAGAAAACTACCATTTACTGTCTATAAACTTAAGTTTAGAAGGTATTTGGTTTCAAAAGCGAAAAATTGATTAGTTATCGTTTAATAACTAATGACCAAATAAAGTAAACTATAATAAGTTTATAGAGAGTTTAAAATCTGCAAGTTTTTCTTGTGGATTTTATGCTTTTGAATGTATTAGAAAGAAACAATTAAACTCGATTTAGTTGATATAAAAAATTATACATAAAAGTAAACCACACTTCTCAAAACTCAAGCAACCAAAAGTCATTAATTCAATTATCTTTGCAATTCTTAAAACACAACCATGCGCATCGATATCATTACCGTTTTACCTGAATTACTTAAAAGTCCGTTTGAAGCCTCCATTTTAAAACGCGCTATTGAAGCCAATCTGGTAGAAGTTCATTTTCACAATTTACGTAATTATACTTCAGATAGATATAAATCTATTGATGACACCCAATTTGGTGGTGGCGCTGGTATGGTTATGATGGTTGAACCTATCGATAAATGCATTACCGCATTAAAAGAACAACGTGATTATGACGAAGTTATTTATATGACACCCGATGGTAAAACTTTAAATCAAGGTATGGCCAACCATTTATCGCTAAAAGAAAACATCATTATTTTATGTGGTCATTATAAAGGTGTAGACCAACGCGTGCGCGATCATTTTATAACCCGTGAAATTTCTATTGGCGATTATGTACTATCAGGTGGTGAATTAGGTGCTGCCGTGCTTTGTGATGCCATTATAAGATTAATACCTGGAGTTTTAGGAAATGAAACCTCTGCTCTAACCGATTCGTTTCAAGATAATTTACTGGCACCACCCATATATACCAAACCTCGAGAATATAAAGGTTGGAAAGTTCCCGAATTATTATTTAGTGGTAACTTCCCTAAAATTGAAAAGTGGCGTGAAGAGCAAGCCTACCAACGCACGAAAGAACGAAGACCTGATTTGTTAGAGGATTAACTTGAGGCAACAGTATGTATTGCCACTAATTAATACAAGAGTTAAGGAT
NZ_CP151839.1_gap3	71751	74899	3148	ATGCTTTTAAGTGATTTTTTTGACTTTCTACATCCATAGGAATAAGGATATAGGACGCAAACGCACTATAATTAATAAAGAAAAAGGAAAAAATGATAATAAGTTTTCTCGTATTCAATGAAAATAAGGTTTCAGATTATGCAAGAAAGATACTTAAATTTTCTTCTTTTAGAGATTAGTTTAACAGAAGATTAGATTTAAAACGGAACGTCGTTATCGTCATCATCGTTAAACGAACTACCAAAGGCTTGATCTGGACTCGCTTTAAAATTATCTGTTTTTAATGTATCATCATTTGCAGCAGCATTCATTTTAGAATGGAACTCGAAAGGTGAATCGAAATCATCTAAATTATCGAACTTACCTAAGTGTCCAACAAACTTCAAACGAATGTTTTCTAAACCACCATTACGGTGTTTTGCTACAATAAACTCTCCTTGACCTTCTGTTGGTGAACGCTCTTCGTCATCCCATTCATCAATTTTATAATACTCCGGTCTGTAAATAAAGCTTACAATATCCGCATCTTGCTCGATCGCACCAGATTCACGTAAATCGGATAATAATGGACGTTTACTGCCTCCACGTGTTTCAACCGCACGCGATAATTGAGATAATGCAATTACTGGTACCATTAATTCTTTTGCTAATGCTTTAAGGTTTCGAGAAATCATCGAGATCTCTTGCTCACGGTTACCACCATGGTTCGATCCACCGGTCATTAATTGTAAATAATCAATCATGATAAGCTTAACACCATGTTGTGATGATAAACGACGTGCTTTTGCACGTAAATCGAAAATAGAAAGCGACGGGGTATCATCAATAAACAAAGGTGCTTTTTCGAGCCCCTTAACTTTTACGTTTAATTGTTCCCATTCATGCTTTTCTAGTTTACCTGTTCTTAATTTTTCAGATGATAATCCCGTTTCACTAGAAATTAAACGGGTAATTAATTGTACCGAAGCCATCTCTAACGAGAAAAATGCTACGGGTATATTTTGGTCTACAGCAATATTTCTAGCCATAGACAGTGTTAATGCTGTTTTACCCATACCAGGACGTGCAGCAATAATAATTAAATCGGATGGTTGCCAACCCGAAGTTAATTTATCTAATTTATGAAATCCTGTTGGAATACCACTAAGCCCTTCTTGATTTGAAATCTCTTCAATTTTCTTTTTCGCTTGAATTACTAAATCTTGAGCTGTTTCACTCGATTTTTTAATATTTCCTTGGGTTACTTCGTATAATTTTGATTCAGCAGTATCTAATAAATCGAAAACATCTTTGGTTTCATCATAAGCTTCCTCAATAATTTCACTTGAAATTTTAATTAAACTACGTTGAATGAACTTTTGTAAAATAATACGTGCGTGAAACTCAATATGCGCCGAAGAAGACACTTTTTGAGTTAAAGAAATAAGATAAAAATCGCCACCCGCCATTTCTAACTTAGCATTCTTCTTTAATTGTGTTGAAACGGTTAATAAGTCAATAGGCTCACTGTTTTCAAACAACTGAAAAATAGCACTAAAGATGTGTTGATGCGCTTCTTTATAGAAAGCGTCCGGACTTAAAATATCAATAACTTCATCGACACCTTTTTTATCAATCATCAGAGCTCCAAGCACAACTTCTTCTAAATCAAGCGCTTGAGGCGGTATTTTACCCTTCTCAAGACTAATAAGTGTGCTTTTATCAACTTTAAATCCTCTAATTTGGTCCGGTTGTTTCATAACTGCGAAAGTAACTAAAAAGAACGTCTTTCTAGTTAGAATATGATTTATGATTGTTAACTACTCGTTAACAATTTAACTGTTAATAACTTATAAATATTGTCAACAACCCAAAAAAAATCTGAAGCATGATGCTTCAGATTTTGTTGTTGTTATGTAATTAAACGTACTAGCCTTTATATACTCCCATTTGAGAATATTTGTCCATACGATTTGATACTAAATCTTTTGGTGATAAGTTTTTTAACTCATCAAATGTTTTAACAATGGCATTGCTCACCGCTGAAAATGTTTTCTCTCGATCTCTATGTGCACCACCTAGAGGCTCTTTTATAATTTCATCAACAAGCTTTTGTTTTTTCATATCAATAGCTGTTAATTTCAAAGCATCGGCAGCTTGTTCTTTAAACTCCCAACTACGCCATAAAATAGACGAACATGATTCTGGTGAAATTACAGAATACCATGTGTTTTCCAGCATTAAAACCACATCTCCTACACCTATACCTAGAGCACCACCTGAAGCACCTTCACCAACAATAATGGTAATAATTGGCACTTTTAAACGTGTCATTTCTAAAATATTTCTAGCAATGGCTTCTCCTTGTCCGCGTTCTTCAGCTTCTAAACCTGGAAATGCACCTGGAGTATCTATAAGTGTTACTACAGGAATTCCGAATTTTTCGGCAGATTTCATTAAGCGTAACGCTTTTCTATAGCCTTCTGGGTTCGCCATACCGAAGTTTCTGTATTGACGTGTTTTCGTGTTATAGCCTTTTTGCTGACCAATAAACATAAAACTTTGGTCGCCAATTTTACCTAAACCACCAATCATCGCTTTATCATCTTTAAAGCTTCTATCGCCGTGTAACTCTAAGAAAGACTCACCGCAAATAGCACGAATATAGTCTAACACATAAGGTCTGTCTGGATGACGCGACATTTGTACACGCTGCCAAGGTGTTAGATTTTTATAAATGTCTTTTTGAGTGGCTGCTAATTTTTTCTCAATATTTGAACATGTTTCAGTAACATCTACTTCACTTTCTTCACCAATAACTTTACATTTCAGTAATTGGTCTTCAAGTTCTTTTATAGGTAGTTCAAATTCTAAATATTCCATAAGAATTTTGTTTAAACTATTAATCTTAAGTTAAGGTACAAACCTACATATTTTTTCATTTTAAATGGGTAAAAATCTAAAAATGTTGGTTCGATTTGACTTCTGTACAAAAATAAGCATTCTTAAAGAAAATATAAAAATTTTAATCTTTTAAAGAAGCTAAATACATTTTCGCCTTAGCAATTTAATGTTTTTTATAATCGCATTTAGTAATACCGTGATAATTATTACGATAGCCCCATAATAAAAATTAGAACTCATATGTTCTTTTTCAGGAAACAGCATA
NZ_CP151839.1_gap4	96640	98458	1818	CTGGACTTTGCGATTTAATCGCGTCCACATGGACTAGTGGAGTAGCTTGTCGAGGTAAAGCAGTGATGACCTTATTCGTATAACCGATTCCCTCAAAAACATCCCAATGTGCTGCTTCTCCAGCGGTTTTACGAGTGAAATTTTCAGCATTGATGGACACATAACCTTTATCTTCAACAAAACCCTTGTAGTTTTTTAAGGCTTCTAATTTCGGATTGAATACAGAAACACCTATAGTTGTTGCTTTACCTTCCGACACAAAATCGATCGCACTATTTACTTTAAAACTTGGCGGAATTAATTGAAAATCGTGCCCCAATGGTGCTTCTTTTTTATTTTCGCCTTTCGGCACTTTAGCCCAATCTATCGTGACCCAAATGCGTTTTTCTGCTTTACCTGAGTTTGTGTTGAGCGTTCCATTATTTTCAGATAACTTGATCCAATCGGCTTTGGGTTTTGCTTCCCAGGTTACCGTTCCTTCTCCATTTACAAACACATCAATAAAATAGCTACTATTGGTATAGCTATTAAAAACAGGCAACACATCGGCATAACTATTAATCACCTCCTGGTTTACTTCCATTTGATAACCTTCCAATGCCAAACCTAAATGCGCTTTGGTGTCGGTTTTAACATGCGCCAATGCTGGTTTCGCAAAAACAGGTAAAAACCGTGGAGCCATCGTCATGATATGGTTCCATTTTCCGTTATTCAATTTTGTATTGTAATACTCGGTTTCTTTCTCTATTCTTAAATACGATTCTTTTGAAAGTGTCCCGAAATAATTAGCACTTTCACGATTTTGCTTCGCCGTGAATTTATTTTTAAAACTATATAACCACTTTTGATTTAATTTTGAAGCACCAATAACAGGGTAATATACCAGTTGATAGAAAGCATCTTTCCTATTGTCACTTATCGTTTCATATAAACTTTCAGTCGTTTCTATCAAATTCTGATAACTATCAATTCTAGTAGAAACCTCATCATTATAATGAAACTGCGTTAATTCTGTGTCGCCCTCTTTCGTTACAGGCTCTACTTGACTCCAAGCCATAAACTCGGGTCTTCGTATATAAGCCAATCGGTTATTATCGAACATGAGTTCGGTGATTTCTTTGGCTGAAGCTGTTCCAAATTCTCGTGCAGACCAATCCATCATATGATTTTTTACCGCTGTACTTTTTTCGAAATCACTCATATCCCAAGCCATATCTAAAAACAGCTCGATGTTGTATTCATGTGGTTTGATATCACCACAGTTTAAAATCCAAATGTCTTTAGATTGAAACTCGAAAGCTTTAGACATCTCTTCCCACATTAAAACGGGATTTGTAGAATTTAACCATAAATAATCGTGAGGCCTCCCCCAATACGAGGTATGGTAATACACCCCAGCGCCACCGGTTCGCTTTTGTTCTTCGGGATTGCTTAATTGGCGCATGTACCCATAGTTATCATCGGTCCAAACTAGTGTAATATCTTCTGGTAATTTTAATCCGCTCTGGTAATATTTCAACACTTCTTTGTAAGGCACAAATGCCTGCGGAATGGTATTAGGATTCTTTTTTGTTTCCGATTTTAGAATACTGCGTTGGTCTGTAATAACTTGTTCGAGAAGTTTTACTTGAGAATCAGTATCATCTTCACCAACAATCATGGGCGAATCGTGTTCCCCACGCATACCCGTTGTATAAATCCCTTCAAACTTAGCGGTTTCTTTAACACGCTTTTTAAAGAAATTCTTTATGGTTTCAGAATTGGTATCGTACCGATATTCTCCCATGGTGGCATGTTTCCATTCCGTATTAAAATTAC
NZ_CP151839.1_gap5	255798	257639	1841	TGCAGAAACCACTTGTTCTGAGGTACCTGTAAAGGTTTCCTTCCCTAACCAATTCACGATACATGGTACTCTAAACCCTGCTTCGTTGGTCCAAAGTTTCATCCCTTTTAATTCACCTGGCGAGCCGTACGAATGCTTAGCCCTGGAATATCTCATAAAGGTTTCTGGACCATTATCAGAAGTGAATACTATTAAGGTATTATCTATATTCTTAGATTCTAAATACGCTATTAACCGCCCCACAGCCAAATCTACATTTTCAACATTGGCGAAATACTCTGCCTGTTCTCTATTTTCAGATTTTGGTAAATATTTTTGCACCAACTCTTCTGGTGATGCAATAGGTTCATGCGGTTCATGAAAAGCTACTTCCAAGAAAAAGGGCTTATTTCCTTCTTTTTTATCCAACCATTGAATGGCTTCATCAACGATTATTTGACTACTGAAACCTTCGATCTCACCTACATCTTCGCCATTTCTAACAAAATTTTTTGGATTTTTATGACTAGGAGCTGCATTATTATGTGTTGCAAACCAATGGTCGAAACCAAAGTCGTTAGGCTGTGGCTGTTCCTTAGAATTAAATCTAGAACTACAATGCCATTTCCCTACCAAACACGTTTCATACCCCACCGTTTTTAACAAGGCTGGAATGGTTACTTCATGTGCTTGCATATGTACTAAATCTCTATTGTCAGGACTTTTTTTATACCCCGGAATAAAATCGTACACACCGGCTTTGTTCGGACTTCTTCCTGTTAATAAACCAACACGCGATGGTGAACATACGGGTGCTGTTGAATAAAAGTTAGTTAATTTAATACCAGTTGAGGCTAGCTTATCTAGATGTGGAGTTTCTATAATAGGATGCCCAAAAGATGATAAATCGCCATACCCTAAATCGTCACATAAAAGCACGATAATATTAGGTTGATACGCTTGCACACTCGCATTCGTTTCGGTTGTTTTTTTTATTTCAGTTTTACATGAAAAACAACATAAACAGGTGATAAGTACTATTCCTTTTATTATATTAAAACTCATAAATTATTTATTTTCCGAATTAAAAAAATCATTAAAATACAACATGTGATATTTTATAGAATTCGCCCAATACGTATTGGTATGAGCCCCTGGACGTTCTATATAATCATGCGGAATTCTTTGCTCTAAAAGCTTTTTATGAAGTCTCACGTTGGCATCGTAAAAGAAATCATCGATACCACAATCAAACAGAAATTTTAAATTTTTACCATTAAGTAAATGCACTAAATTAATAACGGTATTCTGATCCCATGTTTCAGGATTTTCACCATAAACACCCAATCTTTTGGCTATTTCCCATTGTAAAGGAAAGCCTCTAATATCTAGTCCACCGCTCATACTTGCGGCAACACCCCAAATATCCGTATGCCTAAACGCCAAATACAAAGCACCATGACCACCCATGCTATAGCCTGTAATGGCTCTGTGTTTTTTATCGGCTTTAGTGTTAAATGATTTATCTATTTCTGAGACCAATTCTTTTGAAACATAGGTTTCATATTGCATGTTTGCATCTACAGGGCTATCAAAATACCAACTGGTTTTATGGCCGTCTGGACACACTACAATAACATTGTATTGGTCTGCATAGGCTTTTATATCTGGCGCTTTCCCTAACCACGCTTTGTGATCGCCTCCTGCCCCATGAAGCAGATATACTACAGAATAAGGAACCCCTTTCTTTTTATAAGAACTGGGAGTTATAACCACATTCTTTATATCTTTTTGCATAGCGTTACTATACACCACAAGGGTATCGATATTTGATGCGAACAGTGTGAGTGTTAAAAAGAAAA
NZ_CP151839.1_gap6	258944	263427	4483	AACCACATCAAATCCAAATAAAAAACCTGCAAGTGCTGCGGTAATAGACCATAATAATATTTTTTTGTTCATTCTAGCTTATGTATTTAGTTATAATAAAATATTTAGTTTAAAATTAAATTAATCTTTTAATGGAATCACCATATTCCATGTTTTTGTACCATTACTAAAACCTCCAGGACCATCCATGGTTGCAAAGAAAATATGGGTCGGTTTTCCGTTTTCAACAAAAACAAAGGGACGCTCTAACTGTCCTTGATTGATTGTTTTACCATTATCCCACTTAACGGTTTTAGTATATGCTCTGGGGTTTTCATCAACTTCCCAATGTATACCATCTTTAGAATGTGCTAAAAGGCCATCTCCTCCATGCCCTGTAATAGCACCTCTTTGGTCTTTAGCTACCATATGAAACCCAGAATCGTCGCTCCATAAGTGAGGGTCTTCAATTTCTCCAAAACGTTCCATAGAAAACAAAGGTTCTGTTCCTACCACTGTATATTTTCCATTATAAGAATCTGCGGTAGCAACTCCAATACTCATGTCGCTTTGTTTGATACCATCTTCAGCATAACTTCTACCTTTAAATAGCAAAACGACCGAGCCATCTTCTTTAATTAAAGGAGACGGATTGGACGTTAAGAAACTATAATACGAATTTGGTTTCACATCTAAAATAGGAGTATCTAAGCGTTCCCAAGGTCCGTTAGGGCTTTTGGAAGTAGCGACTCCAATACGTTTACCCCAACGCCCTGCTGTGCACCATTTACTTGATAAATCGAACTGACTCACATTGGTTTCTGTGACTTCTTCAAACGGGTGTGTAGACCCCATGTAATACAAAATATAGGTATCCTGATATTTAACAATTTTTGGATTATGACATGAGCGCCCATCCCAATACTGTGCACCACGTGCTCCTAATGAAACATCGGCAAATGTGTACGGGCCTTCGGGTGTCTTTGAAGTGGCGTGTACAATTTCTGAAGCCACCATCCAACCAGGATGAAATGGCAAAAATTGAGGCCATCGCGAAGCGTACATGTGGTAGTTTCCATCGTCGCCTTTTATCACAGAACTTCCCCAAACCCAATAATTATCCATGGCTAAACCACCATTAACGGGGGCAGCATCTAAACGATTACTGATATCATTTTGTGAAAAACTACTTAGCGCAGCTACAAAACAAATTAAAAATAATATATGGTTTTTACTTTTTTTCATTCTTAAAAACAGGGTTATCCAAATTCTATTGCAATCTATAAGATACCTATAAAAAAGAACCTAAATTATTGCTCAATATCTATAACCTATTAACCATTTTACCCATAATTACTATTAATAATTAATAATTAGCCGTAACAACCTCCCTTTCTACTAAATAAAAAACAAAAAGCACCAGATTACTCTCCACCTTTTAATTCACTTTGTTTTACTCAAAATATCCTGCTTAAAATCAATAAATAACCAAAATAGAAAGCATCAAATAAAGTAACACTCACCATAAACTAAAAACGACTAAAAAAACCAAAATTCAACCACATCTAAAGAAAGATAAAACCTACAAATACATGATAAAGGACGATAATTAATAGGTTTTGAGTTATAAGTTAGACCCTCCAAAAGCATTTCTTTATAACCTTGTTGATATAAATTATTAACACAAATTTAAGAACTTTTTAAAAGATTTTTTATGACTAAACTAAACCACAATCAGTTAAATCTGAAAAAATTCGTAAGCCTATTTTGGGTAGTAGGCTGTTTAATATGTGCTTCTGCTACGCATGCGTACGCAGACCCTATTAAAATTACAGACATTAAACAAAACAAAACTATTTCTGGACAAGTAGTAAGTGCCGATGATAATATGGGTATTCCAGGAGTAAACGTTATTGTAAAAGGAACATCAAATGGTGCGGTAACCGATTTTGATGGTAATTACACTGTTAATGTACCTTCAAATCAAAGCGTATTAGTTTTTTCTTATTTAGGGTATGTAACTCAAGAAATTACTGTAGGCAACAATACTTCATTGAATGTATCTTTAAAATCAGACCTTCAAGCTTTAGATGAAGTAGTGGTTGTTGGTTATGGTACAGCAAAAAAAGAAACCTTAACAGGCTCTATTGAGCAAATTAAGTCTGAGGTTTTTGAAGACTTGGCTGTTGGAAGCCCTGCTTTAGCGCTTCAAGGTAGAACTCCTGGCTTAGTTGTATCTCGTACATCATCACGTCCAGGTGACGAAGGTGTAGATTTCCTTATTCGTGGTGCAAGTTCGATTAACGGCATAGAGCCGCTTGTGGTTATCGACGGTATTCCTGCAATAAACGCATCGTCTTTTAACGATATGAACCCTAATGATATTGAATCTATCAGTGTATTAAAAGGCGGATCGGCATCTGTTTATGGTTCACGTGCTGCTGGTGGTGTTATTTTGGTTACCACTAAAAAAGGAAAAGGAGAAATTAAAGTAGACGTAAGTTCTGTTTTGCGTGTTGGAACAATAGGTATTCGCCCACCAACACCTACCATGAAAGAATGGGGAGCGCTATGGTTAGCCGCAACATCTCAAGATGCATCTCCAAATTTTGGACCTTGGGGAGGAACTGAAACTTTAGAAAGATTTGCTGCTGGAGAAGAAGGTATCTATAATTTCCCGAATGCTTTGGGAGATGTATACATTAGTGATTCTAACAGATTCGATGAAATGTTCGGTAATTCCTATTCTCAACAACAAAACATTAGTATTTCTGGTGGTAGCGATAAAAGCAACTTCCGTATTGCTGCTGGATATGATGAAAATGTAGGTGGATTAAAAGTTGCAGACGACAGTAAAGACCGTTACAATTTCTCATTAAATTATGGAGTTAACGTTTCTGAAAGGTTAAAAATAAGCACTAACGTAACCTATTTTCATACTAAATTTTCAGGTCCTTCTGGAGGTTTAGATCGTGAAGCTACAACTTACGATCCTCCTATTTTTGCTTCTAGAAACTCTTTAGGACAATGGTACGGGAACTTCGGAGGTAATATTGCCGGCGCTAGAAACTCTGTAGCCAGAGTTATTGATGGTGGTCGTGAAAACAAAATAGCGAAGCAGGTTAAAATATCGGCATTAGCAGAATACAAATTAACCGATAATTTAAGTATAACAGGATCTTATGCGGTTAGTGAACAAAATACTGAAAATCAAATATACCAATTAACAGTACCAACTTACAACTGGTTTGGAGATGTAGCTCCGGCTCAAATTAATAGCCAATCGTATATTGAAGAAGAAACAGGCCGTATTACATACAAGAACTACAAAGGCGCTTTAAATTATAGTAATAGTTTTGGAGATCATAACGTTTCAGGACTATTAGCAATCGAAGCAGATATAAACACATCTAAAGGTCTTAGAGCTAGAAGAAATGGTTTTGTTGATTACGGAGTATACGATTTAGATTTAGGTGCTACTGATCAAGCCATTCAAACAGAAGGTGGTGGAAACACTTGGGGATCTTACGGTTATATCGGTCGTTTAAACTATGACTACAAAGGTAAATACTTATTTGAATTACAAGGCAGACGTGACGGAAGTTCAAGATTTGCCGATGGTAAAAAATGGTCTAACTACGCAAGTGTTTCTGGTGGTTGGGTACTAAGCTCAGAAGATTTCTTAAAAGATAGCGACATCGTATCCTTCTTAAAAATAAGAGGTGGTTACGGTGAGTTAGGAAGTACATCAGGTATTGATAATTTCGGCTACTTATCTACTGTTAGTTTAAATGGAACAACAATATTTGGAACTAGCGCAGCTCTACAAGCCACCTCTAGTGCTAGCGATTTATTCAGTTTAACCACGACTTGGGAACGTATTATCTCCAAAGAAGTTGGAGTAGATTTTAAATTATTTAACCACAAACTATTTGGTTCGGTAGACATTTTTCAGAAAGACAATAAAGGCATGCTACTTAAAGGTATTATTAACCCAATTGTTGCTCCACAAGCTCCATTTACCAATATAGGAAGTTTTCAAACTAACGGTTGGGAAGTTATGTTAGGATGGAGAGATAAAGTTGGAGATTTTGATCTTGGAATTAGCGCTAACATGAGTGATTCTAGAAACGAAATAACCAAATACGAAGGGGCTGAATCGATTGTCGCTGGACTAAACAGCTCAAGTGATGGTGAAAACATTACTGGACAACCAATTAATCCATTTTACATGTGGGAAACTGCTGGTTATTTTAAAGACCAAGCAGAAGTAACCGAGTATTACAACAGTCTTAATCCTGGTGGAAATTTACCTTCACAAACTTCAGCTGCGGCTTTACGTCCAGGAGATACACGTATTGTAGATACCAACGGAGATAAAGTTATTGATACTAAAGATTTAGTATATAAAGGCGATTCTGCACCGCATTATGTTTACGGTTTAAATTTAGATGCAAAATATAAAAATTTCGATGTGAGTGCCTTTTTCCAAGGAGCGATAGAC
NZ_CP151839.1_gap7	349751	351406	1655	ACACGCCTTGAAGGATAAAATAAGTTTAAACCCCATTTTAAACGCCTTTCAATATACCTATCACAAATATAATATAGACAAATCATTAGTCGATGCCTTCATGAAAAGCATGCGTCTTGATTTACACAAAAACACCTACTTAACCAACGAAGAGTATAAAAATTATATTTATGGCTCTGCCGATGTGGTTGGCCTTATGTGCCTAAAGGTATTTGTTAAGGGCGATACTACTAAATACAACGAACTAAAAGAAACCGCTATGGCTCTGGGTTCTGCGTTTCAAAAGGTTAACTTTTTAAGAGATTTAAAAGCAGATTTTGATGGTTTAAACCGAAGTTATTTCCCAAATGTTAATTTGAATAGTTTAGATGAAGCTTCCAAACAACAGATTATAACCGACATTGAACACGATTTTGAAAAAGGTTTGAGTGGCATAAAAAAACTACCTATTGAGGCTAAATTCGGAGTTTTTATGGCTTACAGATACTATTCACAACTCTTAAAAAAGCTTAAAAAAACACCTGCATTACAAATAAGAAATGCAAGAATACGCGTTTCAAACCCAAAAAAGATAGAGCTCTTAATGCGCAGCTATGTGAAGTATCAATTAAATATAATGTAAATTTATAGCATGCAAACAGTACTTTGGATCCTTATATTTTTAGCAACCTACTGCTTTATGGAGTTTATGGCGTGGTTTACCCATAAATACGTAATGCATGGTTTTTTATGGAACCTACATAAAGACCACCATAAAAAAGACCACGATAGCTGGTTTGAACGTAACGATGCTTTTTTTGTTTTCTACGCCGTAGTAAGTATTACTTGTTTTTTATTATGGAAACACGATATATTTTGGGCTGGACTCCCTATAGGTGTTGGGATTTTCGCTTATGGCTTATCTTATTTTTTAGTACACGATATTTTTATACACCAACGTTTTAAATTGTTTAGAAATGCTAATAACTGGTATGCTAAAGGCGTAAGACGTGCACATAAAATGCACCATAAACATATTAATAAAGAAGACGGAGAATGTTTCGGGATGCTTTTCGTGCCTTTTAAATATTTTAAAAAATAATGCAGATGACTTATTTATATCTGCTATTAAATTTAGGCTCTTTTTCAATTCCTTTTATTTATAGTTTTCACCCGAAATTAAAATTCTATTCCCATTGGAAATCTTTAGCCATAGGTATTTTAATAAGTATGTCTATTTTTATTCCTTGGGATGTGTTTTTCACCCTGAATCGCATATGGGGCTTTAATTCTGACTATTTCCTGGGTTATACTTTATTCAGCTTACCTATTGAAGAGTGGTTGTTTTTCATATGCATTCCGTATGCCTGCGTATTTACACACTATGCCCTGTTGCATTATTTCCCCAATTTAAAATTAGGTAGCGGTGCTACAAAATTAATAAGTTACATACTGATACTTAGCTTTTTAATCATTTCAATCTATAATTATGATAAATGGTATACGTTTGTAAACTTCACGCTTGCAACCATTTTAACGCTTCTAGTAGTTAACAAGAAACCTGAGTTATTACAGTCCTACCTGCTCACCTTCTTAGTAATGCTTATTCCTTTTTTTATAGTGAATGGCGTTTTAACAGGCAGCTTCATAACCGATGAAGTGGTTTGGTATAACAA
NZ_CP151839.1_gap8	357209	360523	3314	ATTGGACAAACGACTTATTGCCCCATCCAAATTAAACATTATCAAAGATTTAGAAGAAAACACACTGTTTTATGATTCCTCTGAAGGTTTATCAAAATTATTAAGCAACAATCTTCAAACAGAAAAAGATACTGATTTTATCCTCAACAAAATGATGGATTATAAAGTGCAACAAAAAAAATATATTGACTTTATAAATTCCTAATCTTTTTTTATCCCAAAAGCTGTCCAAGGTGTTTTAGATGTTCTTGTATGTTTTCTTATAGCTTGATTTTTCGCGATAGATTCTGGTGTTTTATAGCCGCGTTTATGGTCTAAATGTATACAAATGGCACTGTAACGAATCTGTTTCGATTTAATACCATAATTGGTTAATCGCTCTCCTAACTCACGGTCTTGACCTCCATATTGCATACGCTCATCAAACCCATTAATAGCCACGATATCTTGCTTCCAGCCAGACGCATTATGCCCGTTCCAACTGGGATTAGTAGGTGTTAACCTATTCAATAATTTAGAGATAGTTCCTTTTGCTGTAAGTTTATTATTTTTAAAAGAACCTTCTAAGCCATTACTTTTCAACCATTTTAAGCTAAAACAGTTACCGGAAATAATATCGTTTTTATCAATTTTTTGAGAAATATCCATGGGTAGCATAAAATAGCCACCCGATAAAAAATAGCCTTTTTCCTTATTATTTTGGTGAATTTCTAGAAAATCGGCACGTGGAATACAATCCCCATCACTCATTACAATATAATCGGAACTACAAGCCACAATAGCCTTATTTAAGATTCTAGATTTTTGAAAACCGTCATCTTCCTGCCAAACATGGTTTATTTTCAAACCTGTGTTTTTAACAAAATCATCTATTAAATCTTTTGTTTTCGGCCCCGAACCATCGTCGGCTAGTACAATTTCAAAATCTTTAAAAGTCTGACAACTATAGCCCCAAAGCACTTTTTCTAACCAAGCTTCAGCATTGTACGTACTTATGATTACTGATATTTCAGACATAATTATTTATTGAAATGTGAATTTATAATAGTATGGCAAATTATGAAAAGAACGTGTAATACTAAAAAAAATACCAATATTTATATCATAAAACGAAGAACCACACATCTCGCTTATTAAACCGTTTTACTTCCTAAAAAACACTTAAATACTATATATTTGCGCTTTCAAGCACCAAGTTAACTTTTAAGGCTGTAATTATTTTACAATATTACTTTTATTCAAAACCAATAAACAACCCGAAAAACCACTTACACCTTCTTTAAATTTTCAAAAAGCAACAGTGACAAATTCACCTAAAATATCTGCCTTAATTATAACTTTCAATGAAGTTAAACATATTGAAGCTGTTATAAAGAACATAGATTTTGCAGATGAAATTATTGTTATAGATTCCTTTAGTACTGATGGTACTTTTGAAATACTTTCTAAATTTGAAAATATAACTACTATTCAACGAGCTTTCAATAATTTTGCCGATCAACGGAATTTCGCCATTGAAAAAGCCTCACACGATTGGATTTTGTTTATTGATGCTGATGAACGTATTACACCAAAACTTGAAAACGAAATACTTTCTGAAATAAACAATCCGCAAGAATTTGTTGCCTTTATGTTTAGACGCATCTTTTTCTTCAAACAAAAAAGAATACGGTTTAGTGGATTTCAAACGGATAAAACATACCGTTTATTCAAAAAAGGTTCAGTTCAATATTATGATGACAAAATAGTACATGAACAGCCTAAAATAACAGGAGTAAGTAAACTGCTAAAAAACAAAATGATTCATTATTCCTTTGATAGTGCTGCACATTACAAAGCTAAAATGGAACATTACGCCTCTTTAAAGGCTTTAGAATTATATAATAAGGGTAAAAAACCTCATTTTTTTCATTTTTATGTCCGGCCGCTTTATAAGTTTATAGTTAATTATTTTCTGCGATTAGGGATTCTTGACGGGAAAGAAGGCTTCACCTTATGCTACCTTAGTGCCTATGGTGTTTACTACAGGTATCAAAAACTTAAGAACTTATATAATTAGTTTTTCTTAATCTTCAACTTCTTTTTTAAACGTTTTTTTCTGTGGAATTTATATTGAAACGTTTCTGTTTCATGCCACATTAAATTGAAAATCTTATCATAATCCTCGCCTGTACATTTCGCATATTCATCACTCATCACTTCTACCATAGACTTATGAATGGTTAAGCGAGAAAAGTTTTTAATGCGCGTTTCAAAATCTAATGGGCCAAAATCCATTCTGTTCAAATCCACTAAATAAAAATTATAACCAGTATCATTCTTCTTAATCAAGGTGTTTCCAGGTGAATGGTCTAAAAAATGAATTCCCTTTTCGTGCAAAGAATAGGTAAATCTTGTAAAGGCTCTTAAAATAGCATCGTAATTGGGGATGGTGAAATCTTTGGTAAGTTCACGATAGGTCATATCACAGTCCAATTGTTCACTTACATAAAAACTCTGTTTAAAAGTAAAAGGAGATTTATACTCAAAATACGCTATGGGTTTTGGTGTCCCAACTCCCAACTCCAGAAGTTTATTAGCATACTCGAATGAGCGTTGTGCTTTACTTTTCCTGAAAAAATTATAAACTATTTTATTTACGACATTCGGAATTTTAAAGGCCTTAATATTTAATTTTAGTTGGTCTAGCTCTATAATTTTAATAACATTCCTATCACCTACCCCACCTTCATACGAATCGAAATTACGGATCACCTTCGTTAGTTTCGTTGTAAACGCATCTTCCAAACCACTATTAAAAACTTTAATTTCTTTCATTCAACGATATTACAGTGTCCTATTACCTTTATTAATGTTGCAAAGATAGTTTTGAAATTTTGAAAACTTAAGAATAGCAGCATTAAATTCATTAATATTTAGCGCGTAAGCCAACTGTTTAAATTTAAGTACAAATAGGTTATTTTAAAAAGTTTCTTTCCGTTAGGCACACAAAATTTATTATTCTTATGAGATTCTTCAACTTTAATATGATACGCATCAGGTATCTCTTCACATCTATTTAAAGAAAAAGATATTTTATTTCTAAATGGAAGCTTGTGAAACTCAACTATATTATTCTTAGTGACTTGTTCTTTATCTGAAATTTTAAAAAAATAGTTATCAAAATTGGTTTCTTCTAGCATCCGCTCCGTCCTTCTTTTCCATTTAATTTTAGCCTCATCCTCAGAAAGATAGTGTTGAAAATGAATTTCAATATCATCCAATAAACCAATAGGATAGGTTACATTTTTTAAAGGATACTTCGTTTCTTTTAT
NZ_CP151839.1_gap9	377551	378330	779	TCATTTTAAAATAAACCCTTCACCTTCTGGGAATACGCCATATATGTTTTTGGCAAACCAAGTTGATGGCTTTACATTTATACATAGACTAGAAAATGTAACCACAGGTTCAATATTTACAGGCGGACTATCTGTTACTTGCTTTAAAAAAGACACCGATTTGGATGGTATTGACGATTCATTAGATTTAGATAGTGATAACGATGGCATCCCCGATTTTATTGAAAACACAGGAGCTTTCGTAGCCCTATCTGGTGTCGATGCCGATTTTAATGGTTTAGATGATGTTTATACTAGCAATACAACACCGCTGGATTCTGATACAGACGGCGTTCCCGATTTTTATGATTTAGATAGCGACAACGACGGTATTTACGATTTAGAGGAATCTGGAAGTGGCTTACCTGACAGCGATTTTGATGGTATTATTGACAATATAACCACTACTATAGGCACAAACGGATGGGATGATAATGCAGAAACTACGCCCGATAGTAATACCATTGGCTATACCCTAAACAATCTAGACGGCGATGCACTTTACAGCTATATAGATTTCGATAGTGATGGTGATTTATGTAGTGACGTTATCGAAGCAGGATTCTCAGACGCCAATGGTGATTCCTTATTAGGCGATAATGCCGTGACTATTGATGCTTCTGGAAGGGTTACCAATGCGAGTGATGGTTACACACAACCTCATAGCAATTATTTAGTATCCGCCCCCATCTCGATTACCACACAACCCGTAGATACCGAAGTTTGCGAACTTGCAAATA
NZ_CP151839.1_gap10	390739	393462	2723	TAGTCATGGTACTTATGGCATTGGATCATACTCGAGATTATTTTCACTATGACTCATTTATTTTTAGTCCGGAAGACCCCACACAAAGTAACCTTCCCATTTTTTTTACGCGTTGGATTACTCATTTTTGTGCTCCCGCATTTAGTTTTTTAGCAGGAATTTCTGCATTCATCATCAGTAAACGAAAAACAAAAAAGGAACTGTCTGGTTTTTTAATAAAACGGGGACTTTGGCTGGTTTTTATTGAATTAACCATCGTTAATTTTGCATGGTATTTTGATGTTAGTTTTTCTAGCCCGGGTTTATTCGTTATTTGGGTTTTGGGAATAAGCATGATAGCTTTAGCTGGTATTATATGGTTACCAAGACAGTATATTTTACTTTTTAGTTTCCTTTTAATTTTTGGTCATAATCTTTTAGACAGTATCCATTATGATGGCAGCATGCTATGGGCCATACTTCATGAATACGCTTATTTCGATTTAGGCAATGGCTTCGATTTTGAAACGGCATACCCGCTTATTCCTTGGGTTGCTGTCATGTCCTTAGGGTATTACTTTGGCGCATTTTATAACAGTACTTTTGATGCTGATAGACGAAAAAAAATGTTCAACATTATAGGAATAGCATCTTTAGCTCTATTTATAATATTAAGATTTACCAATATTTACGGCAACCTTTCACCTTGGAAAAATTATAGCACGCTATCACAAAATTTGATTTCCTTTTTAAATCCTGCAAAATACCCGCCTTCCTTAACCTATTTATTAATGACTTTAGGAGTTACATTTATTTTTCTAGCCCATACTGAAAAATTGAAAGGAAAAGTAGCCGATTTTTTCAAAGTTTTTGGGCGCGTCCCATTCTTCTACTATATATTGCATTTATACCTCATTCATGGTTTGGCTTTACTTTACGCAGAACTTTCAGGCTTTGGTTGGGAAACAATGATTTTAAAAGATTGGGTTACTGAAACACCCGCCTTAAAAGGATATGGCCTCAACTTAGACATGCTGTATTTAGTTTGGATTGGCATTATCCTACTTCTGTATCCGCTCTGCAAAAAATTTGACTTATATAAACAAAACAACAAAAACAAATCGTGGCTAAGCTACCTGTAATTTAACGAGTACCATGTTAGAACAAAAAGAAGAAGGATTAAAACGGAGTGTTGGCGTATTAGGTTTATCAGCTAACATTATCAACATCATAATTGGGTCTGGTATTTTTGTTTTACCAGCCATAGTAGCCACGTATATGGGGGCTTCAAGTATTATAGCCTACCTTTTTTGCGGCTTATTAATGGCGATGATTATGCTTTGTTTTGCTGAAGTTGGAAGTAAAGTAACCACTACAGGAGGCCCTTATACATATATAGAAACAGCTTTTGGAAATTACGCAGGCTTTATTGCCGGTTTTTTTGCCATTGGAAGTAATTTATTTGCAGATGCCGCCGTATCAAATGCTTTGGTTAATGTTATTGGAGCTGCTTACCCCGTATTTGCAGATGGTTGGCCTCGTTTTTTGTTTTTATTTATTCTTTTTTATGGATTGGTTTTCATTAACGTTATTGGATTAAAACAAGGCATTGATTTAGTGAAATTTAATACCCTTATTAAACTTATTCCATTACTATTACTCATTATTATTGGCTTTAAAGATGTTTCTATAAGCAATTTATATTTTGAAAGTATGCCCAGTATTAAAACCCTAGGCGAAACATCACTAATTTTGTTTTTTGCTTTTCAAGGATGTGAAACAGGTATCATTGTAGGTGGTGAAGTTAAGAATCCTAAACGTACCATTCCTAAAGCTATTTTAATTAGCATAACCACAGTTGTGGTTGTTTATGTTTTAATTCAAACCGTGTCACAAGGTGTTTTAGGAGCTGATTTACCCAATTTTAGAGCAGCTCCTCTAGCAGAAACAGCTAAGGCCATTATGGGATCTTTTGGATATATGCTTTTAATTGTTGGAGCCGTTATTTCTATGTTTGGATATATGAGCGGCACCATACTTAATAGCCCTAGAATAGTTTATGCACTTGCAAGAGATCAGGTTTTCCCTATAAAGGCATTATCAAAAATACACAAATCATTTGCCACACCTTATATTGCTATTATAAGCTATGCAACCATTGGGTTCTTACTTTCTATTTCTGGTAGTTTCGAGCAGTTAGCAGTTATTGCCAGTAGCTCCATGCTCATACTTTATTTAGGAGTTGCCCTATCAGTCATTAAATTACGTAAATCACAAAAAGAACAAAAGGACAGTTTTAAAATTCCTGGTGGTTGGACGGTGCCTATTTTAGCAATTGCTATTATACTCTATTTTTTATCTAGTCTTTCTTCAAAAGAAGCTATTGCTACTGCCATAATTATAGCAACTTTAAGCTTAATTTTTGTACTTATAAAAGTATTTAAAAAGAAAGTTAAATAATCTCATTTTTTCAAATTTGAGCTAAACTTTTCAAGGAAAAAATTGAATGACTTTTTAAATTTTATTAGGATGAAGTTATAATTAAACCTTCATGTTACTCTCTAACTTTTCCGCTAAAAACATTGACTTTAGAATTAAACGGATTCCCGGAAGCCCGACGCAATAACACGACTTGACCGCAATGCCACAACGCATCAGAAATAGGGCCGTTTATCATATTCCAAAAAGGGACTTCAACAGCTTCCAGTTGAATTGGCGTTTCAGTATTTCTCAAAACATCGGAC
NZ_CP151839.1_gap11	409650	410632	982	CAGCTCATTAAACCTAACCTACAGATTCAGAAAAAAGGACAACACTTATGTTAAAATTCTAAGGCAATCGTCACTTTATGAACCTACTAGAAATGGTAAAATGAAAAGCAATTTATCACTTTTGACCGATATTTCCTTTTTTGATAATTCCGAGACTGTACACTGGGAATTTAACGCACCGCTCATTGAACAAAAAACGTTTAAAAGAGAAATATATAAGGAGTTTAACAACTTTTTTACAAGGCGAGAAACGGAAATTATTAAATTAATTTCAAGCCAACACAACACTAAATCTATAGCCCAACAATTATTTATTAGTGAGCATACAGTTTACTCACACAGAAAAAATATTCTTAAAAAAAGCAAATGCCATAACGCTACAGAATTGATTGCATTTTGTCATAAAACTGGTGTTTTATAATGATAAAAAAGGTTCAACTATTCAACAATATAAAAATTGCTTATCTTGATAACGAGGTTCAATCGAACATTTCAGTTGTTTTTATACACGGAAATTCATTAAGTTCTCAAAGCTTCAACAAACAACTAAACAACATTTCCTTAAATAAGTTCAGACTCTTAGCTATAGATTTACCTGGACATGGTGAATCAGATTCTGTTTCAAATTATTCTATACCGCTATTTGTGAACACTCTTGTTGATTTTTGTAAGTCTTTAAAACTTAAAAATTTCGTTTTAGTTGCCCACTCACTAGGGGGACATTTCACCATACAAGCCTTACCACAGTTAAGCCATTGTATTGGTATTTTCATCATTGGGACCTCGCCCATAAAACTGCCTTTAAATATAGGAGAGGCTTACCTACCAAATGAATTAATGCCTATACTTTTCAAAAAAGAATTAACACCTCCTGAAATAGCGATTTTCACAACAAACCTTGCCTCAAACTCAAATACTGATTTGATTCAAAATAGCATAAAAAAAACAGACGCTAAATTTAGGGAACATTTAGCGCTATCTA
NZ_CP151839.1_gap12	416865	420710	3845	CAATATGGGTTATAGGACTTGTTAAAATCAATTTCCATGGTGTCGCCATCAGGAATTCTGGCATCTATATAACGACCGCCACCATAACTTTCCAATCCGTTAGTTTCATCTAAAAAAGGCAGAAACAAATAATCTTCAAACCCTTCTCGAAGCATTATATCTTTTCCTTGGTAGACATTTAATTGATAACTGATTCCTCTTAATTCAAACGTTAAAACCCCAAAAATACGTTCTTTTGAAACACGGTCTGTTGTTGTTTTCATATTAAAATAGGCTGTATTGGGAGTGCGCTCTAAAGTTGCTGTAACTACATAGCTTGCATCGAACTTAAAAAAATCCAAACCTTCAAAATGCTTTCTATCCTTATCTTTTAATGGTGATGTGGTAGCATCTTTATATTCCGCATTGAGTTCCCGTTGAAAATCGGTATCCCCTTGAATAGCCCTTTTTTCTTGGGCACAACTTACAACACAAACAATAAATACTAATAGAGTTACTAGAAACTTCATTCAAAATATAATTTAGAAACAAAAGTACAACTTACAATTATTTTCTATAAGTTTGTAATTCAGAAAATTAAAAATGCGCAATAACATCACTATTTATAAAAAGTCATATACCACTTCGATTCGAAGCAGTTGGGCTCTTTACGTGCAGTGATATGGTTATTATAAATATTACAAGATGTAAACAGTCCGACTTCATAGTCGGACTGTTTTGTTTTACACCAACCTGAAAAACTCATGAAAACATTATTCAACAGCTACATAAATACTTTTAGAGGCCTATCAGAAGAAATATGGTGGCTTGCCCTTATTACGCTTATTAATAGAGCGGGCACTATGGTGATTCCCTTTTTGTCTCTCTACCTAAAGGAAGATTTACATTTCACGGTAAGCCATGTGGGTTGGGTTATGAGTGCGTTTGGATTGGGCTCGGTAGCTGGCTCATGGATTGGCGGTAAACTAACCGACAAAATTGGCTATTACAAAGTGATGGTTCATAGCTTGTGGGCCACGGGCGTTTTATTTATAGGCTTGCAGTTTTTAAATACGTTCGCAACCATATGCTTAGGTATTTTCATTGTAATGCTTGTTGCCGACGCCTTTAGACCAGCCATGTTTGTCGCGCTAAACGCGTATAGTAAACCCGAAAACAAAATACGCTCCCTTACCTTAATACGTTTAGCTATAAATTTAGGATTTTCAGCAGGACCTGCCATTGGCGGCCTCATCATTACAGGACTTAGTTATGCTGGTTTATTTTGGGTAGATGGCATTACTTGTATTATCGCGACCTTATTAATGATAAAAGTATTGCACCCTAAAAAGGCAAAGATTTTAGATGTTTTTGAAATCAAACATCCTGTTTCGGCATATAGCGACAAGGCTTTTATGATATTTCTGGTAGCAATGGCTTTATTCGGCATTGTGTTTTTACAATACTTTTCGACCGTTACTATTTATTATAACGATGTACATGCACTAAGCGAACTTCAAATTGGAATTATTTTAGGCATGAACGGGTTTCTTATTTTTATATTTGAAATGCCTTTAATCAAATGGTTAGAAAACACCAAATACACCAAACTAGCCCTCATGTGTTTTGGAGCCATTTTAACAGGCTTAAGTCTATTGATATTAAACTTCACATCTTGGTCTGGAGTTTTAATCATTGGAATGCTTTTAATGACACTCGGTGAAATGATTACCTTTCCTTTTTCGAACGCCTTTGCGGTTGAGCGCGCCAAAAAAGGAAACCAAGGCGAATATATGGCATTGTATTCTATTGCTTTTTCAATTTCTCATATTATTGGGCATAATGCGGGTTTACAAACAGCTGCCGCTATGGGTTATAATGCGACTTGGTATATTGTATCTTTAATAGCCCTTATTTGCGCCTTCTTGCTATGGATGCTTAACCGAACTTTAAACTCGAAACGCTTACTATAATGAACTTAAACCAAATAACCATTCCGTCTCTAGATGTTGAGAAGGCCGTAGGCTTCTACAAAACATTGGGCTTGCACCTTATTGTAGATGCGCTTCCAAGATATGTTAGGTTTGAATGTCCTGACGGAGATAGCACAATATCCATTCATAAAGTAGATGAATTGCCTAGCGGAACAGGAGTATCTATTTATTTTGAAAATGAAAACATAGATGACACCGTTTTACAACTGAAACAAAAAGGGCTCATTTTTATAAGTGATCCAGAAGACAAACCTTGGCTTTGGCGCGAAGCACATTTAAAGGATTTAGATGGCAACAAAATTATTATCTATCATGCCGGAGTCCATAGAAAAAATCCACCTTGGCGTATATCATAAGGCACTAAAATCTATTTTACAGGTTTTACTTCTTTGTAACGAATAACGTGAGATAGCACTATTTGCGTTTTTGTTTCACCATAAACAATAAGTTGGTCTATAAAGGTTTCTAAGTGTTTTTGGTTTTTTAAGAGCACTTCCATAACAATGTTTTCATTACCAGTAATTCTATAGCAGTTCAAAACCTCATCATAAGTTTTTACTTTCTCTAAAAAAGGCTTTAATTTCCCAATAAAAGCATGCAAAGTTATGATGGCTTTTAATTGGTACCCCATATCTAAAGGAGACACCACGGTTTTATAACCTAAAATAATACCGGCATCTTCCATGCGCTTAATACGCTCTGACACAGCGGGTGAACTAATGCCCACGCGCCTACCAATTTCGGCGTTAGATTGTCGTGCATTTTCCTGCAAACACTTCAAAATCTTCCAGTTAAGTGTGTCCAAATTCATATTCAAAGGAAATTTGATAGAATAAATTAATAATTAAAGTAAATATACACTTTTACTTTAAAACCGAAAGTAGTTTATCAATTCTTGTGAGTAATTTTGATACAATTGCTAAGAAAAGAAGAATATGTTATCGAATACCCCATCAAACCTATCGGAATTACCGATTTATAAAAAAGCTATTGAGATATTTGCACTATCCCAAAGCATTTCTATGTATCTAAATCACGATTTATCAGCCCTAAAAAGCGATGGATCAGAAGATAAGCATATTTATTTCTCTGGCGACATTATACAACAGTCCATTTCATTAGCTCCAGAAATTGCGAATGCAGAGTTAGAACGTTATACAGATAGAAAGCACAAACACATTGCATCGCTACGTCGCTTAACCAATATGCTTTATAAAAACTCGTACCGTTTAGAACATTCTAACAGCGACGGAAAAGACTTCTTACCTATTTTACGTAGTGAATTAAAAAAGTTTAAACAATTGCAACGCACTTGGATGTTGACGTTATAATCAACTTTCACCCTATACATATCAAAACAAAAAAATCCCTGTATTTCTACAAGGATTCCAAAAAAAACAACTGAGAGTCTTGTTCTTTTTAATTTAAAAAACAGTATATTTTTAGTTCTAACTTTACAATATTCACAAATTAACGACACGTTTTTTTTGTGATATTTTCATTAGAAACGCGTTATAAGTATCTAATAATTAATTTCTACAAGGTAAATCTACATTAACCTTTAAAAACCAAAAAATTTCAATAAAAAAATTAGTTCAGAGGGCTTCTAAAAACTGTGAGTGGTTTCGATTTGCAAAAAATATCGATAAAACGACGCATTAATTTGTAGACTTTCAGCATCTTAAAAAAAGGGCATATACAAAAACAGCTCATATACTTTTACCGGGGTAAAAATACATGAACTGTTCATTCATTTAATCGAATTCAAAAACTTGTGCTGTTTACATATTACGGCGATATTGACCACCTACTTCAAACAAGGCATTTGTGATTTGCCCAAGTGAACACACTTTACAAACATCCATTAAAGCT
NZ_CP151839.1_gap13	429762	433686	3924	TCTCAATTTGGGATAATAATCAAAATACTAACCAATATTATAACGACTTGGCTTGGGGAGGTTTAATGAATACTCAAATATTTCAATCAATATCGGATTTGAGTGAGGCAGATAGAACAAGAATTGAAAACATTAATCTTGCTGAAGATACGGATTCAGCAACCGCACAAGGAAACCCCTGCAACTAAAAATTTAATATTATGAAAAATACACAAAATCATCTTTTAGTGAAATTATTTATACTATTGTTGTGTGTCTCTTGTAAAAGTCAAATAGGTATATTGAATAAGGATACTCAAGAAATTGTCAACGTTATTTTGAAAGAATATGATTCAGTATTGTTAATAAGAGAAACTTATTTTAATGAAAATGCCTTTAAACCTATAAATATTTTAAATCCTTACTATAGAGCCTATAATTCCAAAAAGAATACAGTTGCCTATCAAATTTTATATCAAAAAGTCGTGGATATCATATCTTTAAAAGAGCTAGATGAAATGAACGAAAAATATAAGTCATGGTCCATTGAAAATTGGCAGGAATCAAATATAAAAAACAATAAAGTAAAACTGATTTCATTAAAGGACATAGAACGATATAGAGATTCAATACCGTTAATTCGATTTTCCGAACCCTTATTTACTAAAGACAAGAAAAAAGCCATTATCCATGAAACTTACACAAAAAATAAAACAGGAGGAAATGGTATTCGAATTTTAATTAAAGAGAATGGAAACTGGGTTATTAAGGGAGGAATTCCTAACGGGACATCTGGTTAATAAAAATAAATACAAACCAGAACAAAGTACTGTGGTAAAAAACAAGTAAAAATGCATTAAATTTTCACTAAAGTACTTCTATATGTGTCATCATATATTAAACCCGATTTAGCGATAGCAAAAGCCTGTTTTAGCAGCTTATTACATACTGCAATTAAAGCGAGTTTTTTGCTCTTTCCTTTGGCTACAATTCGTTCATAAATATCTCTGCAGGCCTTGTTATATTTACAGGCATTAAAACTGCACATAAATAATAAATTTCGAAGCTTTTGATTTCCTATTTTACTTATTCTACTGCGTCCATTTACACTGCTACCACTCTTTCTAATAACAGGAGTTAACCCTGCATAACTACAGAGTTCACTGCCGCTAGTAAAACGCTCAAATCCGTCTGTAAGAACCACTAACATCAATGCTGTTTTGTTTCCAATTCCTGGTATGCTTTTTAAGCGAGTTAATACATCTTGGTGGACTTCTTTAACTAATATCATGAGTTTATCTTCCAAGGTTTTGATTTCTTTTTGGACCTGCTTCAAACTACGTTTTATAGAGCTCACAACTGCTTTACTAGGATTTCCTAAAACAGCCTCGCCATGTAATTTATTTTTCAACATAGTGCTTTGTTTTGTATACACAGCAAGCAGTCTAGTCATTTGAAGGCATTCTGTTTGATGCTTCGAGTTACCTTTCCAAAGCTTTAACTCTACTTGTTTAGCGTATTCGCAGATTAGTTTAGAATCACTTTTATCAGTCTTGATCTTCGATAATTTCATTTGGATAAAGCGTTTAACTGCTAATGGATTCTCTACAGAAACTTGTATCCCAGATTCAAGTAAATAATAGGCTAATTGATAGTGGTAATAACCTGTTGCTTCCATCACGCAATGACTATCCACTCCTAAGAGTTTAATAAACTTTTTAAAGCCTAGAGGATTGTTTTTAAACTGATAGTAATTGCCATCAGAATCTGTAACATCAAAGACTAAATGACTAATGTCAATTCCAAAATATTTAATATCTTTATTCATAAGAAAATGTTTTTTGAAAGGACGACTACGCGAGTTTCAACGACTTAAAATCGAGGTCTAAAAGCCTCATAGAACTGTACGAAATCTGTGTAGAAAAAGAGAGGGGATTTTCAATGTTGACGAGATCTGTAGTCTCTCCGTATATAATAACCTTATTCCTCTCTTTTGTTCTTTCTTATTTATATGTCTTAATTTAGTGTTTTTATTAAAATGCTAACTTAAGACGTATATAAAACATAGCTACTACAGGCTTTTCGAGAGGTTTGTGTGTATTTGCAAAGTCCGCCAAATTTTTTAATTTGGCTTTTTGATAAAATAAGATAAAAAGAAAATTAAAAAATTCGGCTCGTGTCTAATCCGAAAGATCGGCGTCTTTCTACACGCTACGTTTCATATACCAACCGTTGTGGTGCATTTAAGAAACTCCTGAAATGAAATTGAACTTTATCAAATATTTGGTTTTTTTTTAGTTCTAGCAAGTTGCGAAAAGCAAGTAAAAGAAATTAAAAATTACGGAATTCAAAAAAGCCTAAATGACAATTTAAGTGTTTCACTCAAAATATCTGAATTTAACGATTATGGAACTTTGATTGACAGAATTCACGAAATTAAATGCAATGACAGTTTACCGAAAATAATAATCGAACGCAGTAATTTAATAAAAAATATTTATCCGATTGAAGATTGTGAACCTATTTTGTTTCATCCGAAATCAAAGCAATACGTGACTTTTGTGAACACAAAGTTATATCACGACAGTAATAATAATTATAGAGAAATTGGAATGGATTCTTTAAATTGGATGTTAAAAAATGACTTTGCGTATTACCGCTCAAATAACGAGTCAGACAAACCAGAAAGCTATTTAGTAATTGTGGAATCTAGTAGAAATGAAAATCTTGAACTAATTGAAAAATTCTTAGCCAATCTAACCCAAGAATTTGACAAATTAAATTCTAAACTTGAATTGAACATATCATTTTGGGAAGATTTGCCATATTTGCCACCGCCACCTACGACAGAAAATGAAAGACAAACTGAATAAAAAAAAAAAAAAAGGAAGTCAACTAAAAACCGACTTCCTTTTTTTATTTAGCACTAAAGCACATTATCCACACTTAGAAGATCCGCAATCTTTACAAGTTAAGCAGCCTTCTTGGTATATTAAATTTTCAGATTTACAACTATCGCACACATGCCCTTTAGCTTGCGTACCATCTTCCACATAACGTTTCAACGCACGTCCCACACCATTTTTCCAGGTATTTATAGAAGCTGTATCCAACTGTAAACTGTTAATTAAATCGACTATTTTATCAATAGGCATTCCATGACGCAGCGTACTTGAAATTAACTTGGCATAATTCCAAAACTCAGGATCAAATTTATGAGACAAGCCCTCAATAGTCGTTTTATACCCTCTTATATTTTTATATTGAAAATCGTAACGCGAGGTACCGTCTTCATTTCTATTTTTTATAATAGCACCTTCATTTACCCAACGCGGTAATAAAATACCATCTTCATCATCGGCCAAACCAGTAAAAATCTCATAAGGTCTGCCTTCAATTAAGCCAATAAAAGCAATCCATTTTTCTTTACTATTTTGAAAACGAACCACATCGGCCTGCAAACTTTGCGGACGCTTTATTGGAAATGAAGATAAAGACGTTTCTTGCTCTTCTTCTTTTTCCTCGTTAGAAATTAATACACCCGAACGCGAACCATCACGATATACCGTAACACCTTTACAGCCAACTTCCCAAGCTTTTAAATACAAGGCGCCAACCAACTCTTCGGTAGCGTCGTTTGGTAAATTGATAGTGACACTTATGGAATGATCTACCCATTTCTGGATAGCACCTTGCATACTTACTTTGCTTAACCAATCCACATCATTAGAAGTTGCTTTATGGTAGGGCGATTTTTTAATAAGTTTATCAATTTCTTTTTGCGAGTAGTTTTTAGAAGTATCAATACCGGTTACTTCCATCCATTGTTTGAAACGGTGATGAAACACCACGTATTCTTCCCAAGAATCACCAACCTCATCCACAAAATCCACACGCACTTCTTTATCATTCGGGTTTACTTTTCGTCTACGCTTATAAACAGGT
NZ_CP151839.1_gap14	461221	462947	1726	TGCAAATTGTCAATGCATTAAAAGATGATCCAGGTCTACTAGAGTCTCAAAATCATTACATCGGAAAAATAGATATTTCTGGAGAGGAAGTCGATCTTCAAAATCAGAATTTATCAGCTCATGATTTTAAAATTTTACTGTTGCCAAAATATGGGTCAAAACAGGCTCACGAACTTGTAGAATTTAGAATGTTACATCTTGACCCTAAAGATGAATATACATTACATGGAGATGAATGGGAAAGGATTTATCCAACTGCACTTAATATTAATGGTGAGGGTATTTTAAATATTGATGGTAAATTTTTTATGGATGAACTAGATTTTCGAACTTCCACTCCAGTTATCAGTCCTATAAATCAAAATAAAAGATTAACTAGTCAACAACTCCTAGATACCAAATTTCTATATGTCGGCTATCCTAATCTTCATGTAAATTTTAATGAAATCGACCGCTTTTCGACCGCTCAAAAACTATTAGTGCCTAATAATGCACTTAGCTGGAGAGATATCAGAGGTGAAGAAGGCTTCCCAGATGGAAACGAACTTATGTCTTATGGGAGTCATGTTCAAGGAGTTGAAATAGCAATTGTGAATGGCACTTTAACTGATGCTATTATTACGTCTGAAAATGAATTGTTTTTTTTACATTCAACAAATAATGCAGATAAAGGATACATTATAAAACGTTTAGGTACTTCACTCAATAAAGTATTGAATGATAAAATACATCAGTACGGACTAAGTAGCTTTCTATCGTTAAATTTCCAATCACTATACTTGAAAGAAAAATCTTTTGAACCAGAATTTAATATAGAATTTAATCGCGTAACTAATGATTATTCTAATAGTATTGGCGAAATGAGTACTACTGGATCATTAGGTACTTATTTTAGAGAGATGTTTTTTCATATTCCATACCTTATTGCTAACCATCTAAACAGTCAAAATAAATTTTCTGAAGCGCAACAATGGTATCATTATATTTTTAATCCTGCAGGAAATCTTTTGCAGTCCGAAAAGGATGAATTAGGTCTGATTACAGATTCTCAAAAACGTAAGCGAATAATGGCAAATAGGGTTTGGCAATTTATTGAATTCAGAAAACATTCCCTTGCCACTTGGAAAGATCAGTTGAATGACAACCAAGCCATCAGTGCGTATGAAAATGACCCTTTTAATCCGCACGCCATAGCACGCTTACGTCTCGGTGCATATATGAAGAATATTACCATGAAGTATATTGATAACCTGCTAGATTGGGGAGATCACCTTTTTGCACAGGATACTATGGAGTCAATTAGCGAAGCTACTCTACTCTACTCCATGGCTTCTGAAATTTTAGGGCCAAAACCAGCAGAGCTTGGCGAATGTGAGCAAAGTGAGGATAACCTCACTTATGATATGATATATGACGAAATGAATAGTCCGCACTGCACAAACTTTTTAAATGGTGTAGAAAATGAAATACAGAAACCTCCAAAAAGACGCTTTGATATTGGACCAACGGTTATTGGCTCCGACATTTTAAATGCAGAAAGAAACGCTCGTTTTGATATTTTGAAAAACGTAGAATTATCTAGCCAACCCTCATTTGATGGACCTGATTTAGGCTTAGACAGTGAACTTGATATAGATTTCACTGAAACTTCAGATACATCAGAAAACCCATCATTTTTGATGAATTTTGATTTATGGGGAAGCTGGTTATTTCTTCCTTCATACCA
NZ_CP151839.1_gap15	470398	474616	4218	CTCGCTGCATTTCCAATTAATTGAAATAGTCGTTTTTTAAATTCAGAAGCTGCAGCTCTTGAAAAAGTTACCATTAACAACTGTTCGTGTTTTATGTCTTCCATTAGCAAAAGGGAAGCTAGTTTATGCACGAGTAGTTTTGTTTTTCCACTGCCAGGTCCAGCAACTACTGCAATATATGGGGAACTATTATCTTTAATAATATTTAATTGAATTGGAGAAAGTTCACCGAACAACTGTCTGAATTTTGCTGGAGTGATATTCCTCTTTATTTCATTTTGTCTACTTCCATTAAAGTATTTATTCAAAAAAGACGCGTAGTTCAACTGAAAATAATCTTCAACAAATTGCAAAGCTTCTTTGTAATCGCTAATCATTTTTTTAGCGTACTCCCCAACAATATGAATTTGTTGGATTTTATTCTCGTAGAATTGTTTAAGCTTCGTATAATCTTCAGCTTTATACCGTTTTTTATTATCCTTTTCTAAACGTTCAAAACTCAGTTTATTATAAACTACTAAAAATCCTCCTTCTATTTTTAAGGCATCAATTCTTGACAAGTAGAACAAGGCGTCTTCAATATCTGAAATTTGAATATCCAATTTGAAAAGAACACTTTCGAGTTCATATTCTTGTTTTAATTCATGTACCGAAAACTCAACAAGTATTTGTTCTTTATGTAAATCAGACTCAGCTAGATTTTGACTACTTTTATTAAATAAGAACTTAACAATAAACTCAGCTAATACATGTCGCTTCTCTAATTTGTTTTTTAGTTCACTAATGGGATGATTTGCAACTATAGTAAAATGATTGTTTGAATAACCATCATTATTTCTTCTGATCCAATTTTTTATAGTCCAATAATTAATTATTGTTTTTAGTTTATTAGGAGAAACATCCTTAAACCCCTCCTCTTCTGCAAGTTCATTAAGATTTTTTAAATGAAAAGATTTTTCCTTTTCTTCAATTTGTCCTAAAAAAAAGTTTTCAATTTTACTAAAAACTTCAACGATCCCGAGTGAACGATTCTTATTTTCACCCCTTTTAATGAAGGCTGTTAAATCCTTCGTATCAGCCAATATGTTTTCTTCGCGAAGCAAATTAACCACATTAATTACTTCTTCTTTTAAAATCCCAAGATGATCAGAAATGTAATCAATCCTTGATTCAGCCGCTTCGTCATTTCCTTGTTTTCGACTTTTACTTGAAAATAATTTTTTGATAATTCGAACACCATGTTGTTTTTGTTTTTCATTGAAACGATCTGACGTATTAATCTTTTCAATGGCCTCTTGAGCATTTTTAGATAATATACTATTCGCAAATATTCGTGGCATATTTTGACCACGTTTAAGATATCCAGCTTCTTCCAGTGCTGCAATAGCAGTGGTAACTCTTGTTTCTATTTCAACAACAGTATCATCCCAACCCGCCTTTCTAGCGATTTCTAATGCTGAATTTGAAGCAGTAGAGCGAAATCTCGTAATGTCTTTAATAGCTTTCCAAATTTGTTGTATCTCTTTAATATTGAGTTTCGTCTGATTTAGTAAAATAAAGTGTTTACTTAAATCTTCTTCATTATAAAGAACATAACATTCTGCTGTTATATTTTCGTCTCTACCAGCCCTTCCTGCTTCCTGTACATAGTTTTCTAGAGAATCTGATATTTCATAATGAATTACCATTCCTACATCTTTTTTATCAACTCCCATTCCAAAAGCAGATGTTGCCACCATAATCTGAACTTCCCCTGATATAAATCTATCTTGATTCTCAGACTTTTCCTGTTTATCCATTTTTCCATGATATGGCTTTGCTAAATAACCATCATTCGATAGTCTTTCAGCTAACTCGAATGCCTTTCTGGTTCGGGAAACATATATTATTGTTGGGCATTGTTTGCCATCTATAAGATTACGAACTGTATTGTACTTTTCCTCTTCAGTATCCTTTGGGATAACTTTATAATTTAAGTTTGTACGTGATGCTTTCGAGCTAAAAGTCTCTAATTGAATTGACAACTTTTCCTGAAAATAGTTTTTAATATCTTCAATCACCTTTAGTTTCGCTGTAGCAGTAAAACAAGACACAGGAATATTACCTTCGCAATTTTTCTTTTCTTGCAACGACTTTATAAAATCTCCAATATAAAGATAATCCACTCTAAAATCTTGACCCCAAGATGAAAAACAGTGTGCTTCATCAATCACAAAACGAACTATATTTCGTTTAAGTAATAGATTTTCTATAGTTTTAGAGCGTAGAGATTCAGGTGAGATATATAGAATAGAGGCCGATCCATTTTCAATTCTTTCAAAAGATTTTGCCCTTTCAATTGGGTCAAGTAAACCATTAATAGTAACAGCTTCGGTAATACTTAATTTTTCAAGATTATCAACTTGATCTTTCATTAACGATTGAAGTGGCGAAATAACTACCGTTAATCCTCTCACATTTTCCCCACTCATAAATGCTGGAACTTGAAAAGTAATTGATTTTCCTCCCCCGGTTGGGAATACCGCTAAAAGAGATTTATTGTTAATTGCTGCATTAACAGCTTCTTCCTGCAATGGTTTACCGTTATAAGTTCGATAAGATTCAAATCCAAAATATTTTTTTAATCCAATTTTAGCATCCAATGATTGATTACAAAAATGGCAACCAGATATACATGGATTATTTCGCAATAAATACATTACTCGCTCTACATCAGGATAGTTTTTAATAACCCAAGGAGGCGTTATTGAATAGCGACTGTTTGTGTTTATTAATGCCAAACAATAAGCCAGTTCAACAGGACTTTCTTTAACAAGTTTTTCTATTTGAGCATTATCACAAATTTGAGATTTAAATCTTTCTTTTATAAGCTCAACTATTTTTAAATCTTGAAAATAATATCCAACGAATCTAAAAAATGAGGAAAACTCTTTGAGATCTCCAAGCAGAGCAAATAAGATTTGTTTCAAATCATTATCCATGTCCATAAACATAGAAACTTCATCGTAAAACAGATCTTTTGCTTTTATAGCATCATTTAAAGGATTATTAAGTTCTTCAGATTGTAATTTATCGTCTTTAAGTAAGGCGTGATAAGGTGTTTCAGGAAAAAGTAAAGGCGAAAGGTGTAATGTATCAATCGCATAATTGCTTGAAAAATCAATTTTTAATGACTTTTCAAGATACGGTATATCATGTTTTAAAATATTGTGTCCACACACATATTTATCACCATTGATGTATTTCTTTAAGTCATATATCGAGTTAGAATGAAATTGTAGCCCTTTGTTATTAACAGCTCCTATATCTGTTATATTATTACTTTTTGGGTCAATCTCAATGTCGATAAAAACTATGCCGCTCATTAATATTAAGTAAATAATTTATTCTGGCTGGATACCTGTTTTAATAACATTATGAGATTCTGAAATAAGTCTTGTTATAAATTGATAATCCAACTATATATTGTTGTAAATATATAAATTCTTATAGTAAAATACTGGCTTATGTGAGCTAAACTATGATGATAACTTTATTTTTTAAAATAAATTATTTTGTTGTGAAATCTCCCTTTTGGCTTCCTCCACGAAGTACATTGTTTTGCATGTTGGACAAAATAGATAATACTCAAAATAATATGTTTGATCCGGCTTCACCTTTTTGCTTTTTGGCGTTTTCTTAATTACTGTGGTATTGCATTTTCTACAACTATCACCTTCGTTTAAAATTTTATTTTTTGAGGATAAATTAGTTGACTTAAAAGTTTCATTCGGTTGTTCTTCAATTACCCCCGAAGGCTCATAGCCTTGGTCTTCGAGTAGATTATTGGAATTTAGGGCTTTATTGGCTAATTGGTCACATTTTTCATTTTCTATATGTCCGTCATGTCCCTTTACCCAATTGAAATTAACCTGATGTTTAGCAATAATATTTAACAATTGCTCCCACAAATCACTATTAACAGCTTTTGCATTCTTTTTTCTATACCAATTATTCTTTTTCCATTTTTCAGCCCACCCTTTTGTAATTCCATTAACAACGTATTTTGAATCGGTATAAACTTCCACATTTGATTTAGTTTTTAGTTGTTCTAGACCAAAAATAACCCCCATTAACTCCATGCGGTTATTTGTTGTTAATTGGTAACCCTGATAGAACTCTTTTGATCGACCTTTATAAGATAAAATGACCCCAAAACCACCTTTCCCAGGATTAGGT
NZ_CP151839.1_gap16	476386	480324	3938	TTGTTGCTAATTATATTAGCTTTTAGTGACCTCGACTGGATTCAAACCAGTAACCTCTTGAGCCGTAATCAAGTGCGCTATTCAGTTGCGCCACGAGGCCTTTTTAAGTGGGTGCAAATATAATAATTTTATTAAAACAACACCAAATTTATTTCAATTTTTAAATCATTTTTATTTTTAAAATAAAAACCTCCCATAATGTGCTTATTTTAATGAATAACCCGCCTTAAGTAACATTTATTACAAAACTAATTATTGCTTCTGTTTACCTTTGCAGCAAACAAACAAGTATGACTTATATTTTAAATCCGTGGCCTTGGTATATTTCAGGTCCACTTATCGCCATCGTTATGGCACTACTCCTCTATTTTGGCAAAACCTTTGGCATGTCTTCAAACTTAAGAACGATGTGTACCATGATGGGAGCCGATAAATTTTCCAGCTTTTTCAAATTCAATTGGAAAGACCAATCATGGAATTTAACCGTGGTAGCTGGCGCCATTATTGGAGGCTTCATAGCGACTCATTATTTATCGAACGATTCTATAAGCGCTTTAAACCCAACAACCGTTACAGAATTACAACATATGGGTTTTGAAAACGCTGGAGCAGCCCTAGTACCTTCTGAAATGTACGACATGGAAGCTATAACATCTCCGAAAGGTTTGCTCTTATTAATTATTGGTGGACTACTGGTGGGCTTTGGAACGCGTTACGCTGGTGGTTGTACTTCAGGACATGCCATTACTGGATTAAGTAGTTTACAAAAACCATCACTCATTGCCGTTATCGGATTTTTTATTGGCGGATTGATCATGACAAATTTTATTTTACCCTTAATTTTTTAGACCATGAAATATTTTAAATTTTTACTAGTAGGCGTATTTTTTGGTATTGTTTTAGTGAAATCTGAAGCTGTATCCTGGTACCGTATTTATGAAATGTTTCGTTTTCAATCGTTTCACATGTATGGTATTATAGGGTCTGCTGTTGCTTTAGGTGTTCTATTTCTTCAAATTTCGAAGAAAGGTTACATAAAAAGCATTAAAGGCGCCGATATTTTTGTACCAAAAAAGGACAACGGAATTACCCGATATATTGTTGGAGGTATCATTTTTGGTTTAGGTTGGGCGCTTGTAGGCGCTTGCCCAGGACCCATGTATATTTTATTAGGAACTGGCGCATACAGCATACTTATAGTTATTGCTGCAGCTGTTGTAGGTACTTTTATTTATGGTATTTTAAAAGACAAACTACCACATTAATATTTTTTAAATAATCTCGGCACTTAAACCCGCTTCAAGTAGCGTGCTACAACGCGGTTTTAAGTCGTCGTAAACCCCTGTTTTAACAGTACACTTCCCTTTGTAATGAACAAGGATGGCGCATTGCTCTGCTTGTTCCGCTGTGTGTTCACACACATGAATAAGCGTTTCTATAACATGATCGAAGGTATTAACATCGTCATTATACAACACAATTTCGTTTTGAGTAAGCACCTCTTCTTGCAGTAATACTTCTTCTAATGTTTTTTCTTGTGTACTCATATTCATCTATCTTTCAGACAATTCCCCTAAGAGAACAAATCAATTCTTATACTAATTTAAAAATTTTAAGGCAACCCAACGGTTTCTTTCCAACTTTTCTTCAAACTTTAACATGTGCTTTTCACACTCCTCTTGAATAACAGGTATGTCATCATTATAAAAACCGCTTAAAAATAACACACCACCTTTATTTAAACAAGACACGTAAATTTCCATATCATTAAGCAATATATTACGGTTGATATTCGCAATAATAATATCGTATTTTTTGCCAGCTAAAACACTCGCATCACCTTCTATCGCTGTAATACTCGCGCAATTATTACGCTCTACGTTTTCTACACTATTTAAAAAGCACCAGTTATCATAATCGACTGCATCAATTGGTTTAGCACCTTTCATTTCGGCTAAAATAGCCAAAACACCTGTACCACAACCCATGTCTAAAACCGATTTATTAGTGAAATCGTTTTTTAAAATATGCTGAATCATCATATGAGTGGTTTCATGGTGACCAGTACCAAAACTCATTTTTGGCTCTATGATAATATCGAATTGGGTATCTGGTTTTTCATGAAACGGTGCACGAACAGAACAGGCATCATCTACAATAATAGGATTAAAATTCTTTTCCCATTCTTCATTCCAGTTGGTTTGCTCAATTTCATTATATGTGAAATCGATTTTAAACTCTTCTGAATTTAGAATTTGAACATCACTTAATATCGCATCATTCCATTCTTCCTTTTGAATATATGCGGTTACACCTTCTTCCGTTTCTACAAAACTTTCAAAACCTGCATAACCCAATTCTGCAATAAGAATTTCTACTCCCGGTTGCAAAGGGCTTACTTTGAACTCATAACCTAGGTAAATGATATTTGACATACTGAAATACTATTTTTTAATTTGAATACTGCTGTTTGTTGTGACCTGCGTTAGCGATTGTAGTGGCATCCTTTTTTGAGGCACGAAAAAAAGATATAACGAAAAGCGCGACCCCGATTTTTATCGGGGTAACGCCCATATCCTTATTCCTTTTTAACACAAATTCGAAATTAATCGACGCGTGCTATATATTTAAAATGCGTTTACGATAGCAAAAAAGTCGTCTGCATTAAGTGCAGCACCACCTATTAAACCACCATCTACATCTGGCTTACCAAAAATTTCTTGTGCGTTGTTTGGCTTTACACTTCCTCCGTATAAAATAGAGACGCTATTCGCTACATCGGCACCATATTTATCATTTAATGTTTTTCTGATGAAGGCATGCATGTCTTGTGCTTGCTCTGGACTAGCCGTTTCGCCAGTTCCAATGGCCCAAACAGGCTCATAAGCCAACACGATATTTTTAAATGGAGATGCTTCCAAATGAAACAAAGCATTTTTAATTTGACTTTCTACAACAGCTTCATGATTTCCAGATTTTCTATCGGCTAAAACTTCACCAAAACAGAAAATTGTACGTAAATCGTTTGCCAATGCTGCATCTACTTTTTTAGCTAAAATAGCATCTGTTTCACCAAAGTATTCACGGCGCTCACTGTGACCTAAAATAACCGTTTTTACACCAACACTTTTAAGCATACTTGCGCTAATCTCACCAGTGTAAGCACCATTTTCTGCAAAGTGCATGTTTTGTGCAATCACTTCTACATCACTTTCTTTTAAAGCTTGATACGCTTGAAAAAGGTTTGTATAGGTTGGAGCCACCATAACCTCTGCGTTTGATGTTTTGGTTTGTGCTTTCAAAGCTGTAAGTAATGATTCTGTTTGTGCTAAATCATTATTCATTTTCCAATTTCCTGCAACAATTTGTTTTCTCATCTTTCATTTACCCTTTAATGAAGGGATTTTATTTAATTACTATAAAACTTCTTTTATTTTCTTATCATCAGCCTCAATGGCTTTAAATAATTTAATGTTTCCGTTAGGTCCAACAACCATATATCTAGGAATCCAATCTAATTGAATGAATGCTCCAAAAGGGCCTTTCCAGCCAGATTGCATAAAATAATGCTGTCCTGCTACGTCGTATTTTTTAATACCTCTTTTCCAAGCGTCTTGAGCTTTATCTAGAGATAAAAACAGGTAAGTCACCTCTTTATTTGCTTTCTGTAAGCTTTTAACTTTAGGCATACCTCCAATACAATCTTTACACCAAGATGCCCACACATCGATCACCAGCGTTTTGCCCTTATTTGCTTGTAAAATCTCTTTGAAGCTTATAGAATTACCATCAAGTGTTACAAACGTATCGTTTAATGCTGCTTCTGAAAATTCTGTAGGCGTCTCTTGAGCTTTACAGCTTAGAATGCTTAGGAAGCAAATTAGTATATATTTCATGTGTTTCATGTTCTAAAATTTAATTAAAATAAGTCCGTCCAT
NZ_CP151839.1_gap17	487736	490077	2341	CGAAAAGACTCGGAACTTTTCATTCCTTAAACACAGCATTTCCAATTTCATTAATATAAATAGTATGCATTTGTATTCCTTGAAATACTTGTATGCTCTTTAAAGGCAAATCATCACCTTTATTTATATCGACTGGTCCCTTCTTGAGTTGAAATACAAGCTAAATGTTTTGACCTATAACTCTTCAGAAATATTAATCTAAACTTAAACTCCCGTTATTGTAATCATCAAGAATGTTTTTCGCTTTTTCAAAATATTCTTCATGGATTCTAAGTGTTACGGAATTAAATCCTCCTGAAGTTACTACTATAGGTTCAATACTCGCCATTAATTGATTCGGCACAAAAACCTGAATATCTTCACTTTCCAATAAATTTATAACAATCATTGTTTCCTCTACACTTCCTCTAAAGATATCAACCATAAGTCCAATTTTTTAAATATTTAGTTTGCTTTCAGCCAGAACAACTAATATAGTATTCAGTTTTAACACTTTAACGAATTTAGATTATTTTCTCACAAAATCAAAACAAAGCGTTTTATTAGTTTACAGCCTTTTTAAATGAATTATCAATAACTTTACAAACTACATTATAGTTATAATTCATGATAAAAATATTACTTCTTTCAGATACACACAGCCATATAGACGACAGCATATTGAAGCATGTGAAACAAGCTGATGAAATTTGGCATGCCGGTGATATAGGCGATTTAAAAGTAACCGATGCCATTAAAGCTTTAAAACCCTTACGTGCTGTTTGGGGAAATATAGATGAATCTAAAATTAGAGGCGAATTTCCAGAAAACAATCGGTTTATGTGTGAAGGTGTCGATGTGTGGATTACACATATTGGCGGTTATCCGGGTGCTTATAATGTGCGTGTGCGTGATGAAATAAGAGCAAACCCACCTAAACTTTTTATTAGTGGCCATTCTCATATTTTAAAAGTAATGCCCGATAAAAAACTAAATTTATTACACATGAATCCTGGAGCAGTTGGTAAACACGGGTTTCATAAAGTGAGGACCATGCTTCGTTTTACGATCGATGGTTCAAAAATTGATAATTTAGAAGTGATAGAATTTCCTAAATAACACAAAAAAACAGTATACAAAGCGTATTTCTTTCCAAATTATCGCAACTTTATGTTAATATTTCCCCAAAGGCTAGCATTCATTGGCTCAGATTATGACATTCAATTCATAAATTGTAGTTTTGTACCTATTTAAAAACAGTAAACATAATTATTTATGAGTCAAGTAAAAGAGAATGATACCGTAAAAGTTCATTACACAGGAAAATTAAGCAATGGTCAAATTTTTGACAGTTCACTAGATAGAGAACCGTTAGAAATAAGTTTAGGCCAAGGCATGTTGATTCCTGGTTTTGAAAAAGGAATGGTAAACATGACGGTTAATGAGAAAAAAACAATTAATATTCCTGTAGCTGAAGCGTACGGTGATATTCAACAAGAATTGTTTCACGAAGTTAAGAAAGACCAACTACCTCCGGATATGACTCCAGAAGTAGGTATGGGATTAGCTTCAAAAAACCCTGACGGTACTGAAGTGCAATTTCGCGTAGCAGAAGTTCATGAAGAACACATTATTATAGATGCTAATCACCCATTAGCAGGACAAGATTTAACGTTCGATTTAGAACTTCTCGAAATCAAATAACATTTTACTTAGGTAGAAGGTAAAAAGTCTGGATATACTCCAGACTTTTTTTATGCCTTATTTTGAAGGTATTACATTGTGAATTAATCGAAATTAGTTCAAACCGGCACTAAAAGTTCTAAACATAAAAAACCCAAAGCTTTCACTTTGGGTTTTAACGCACTAATACTACTAAGATATTAGGTTTTATCGTAATCGATCTACAGATTTTACGAGATCTTCATCCTTCTTGATGGCCTTATTGGCTAGGGCCAAAAACACGATAGAAACAATAGGAAGAAGCATCCCAATACCTTTCTCAGAAACCGCCGTCTCTCCAGATACATTTAGAGATTGATATACAAAAAGTCCTAGTAAAATAAAGTTTAATATGATGTTAAGTCGTCCCAACATAAATTGAGACTTCCTGTTTTTATACTTAAATATAGTAATTATCGATAATAATGCCGACCCAAGAAACAATCCTAGATACTGCACATTATCTTTTGCATACATGATAACGTCATCATTTGTAACCCATAAATGTAATACAAAAATTAACCCCGCAGACACGAGTGCTGCGAGAAAAAGGTATACGGTTTGAATGCGTTGTAACATATGTTTTTTAAATACTTCAAGGCAAAAATAATGGTTTCTTTTGGAAAATAAATGTAAAAAA
NZ_CP151839.1_gap18	491185	494179	2994	GCGAACGCTATTGCGGCCAACCACCCTGAAGTATATTTAATGATCTTACTTATTGATGAGCGTCCGGAAGAGGTTACCGACATGCAACGTAATGTACGTGGTGAGGTGATATCTTCAACCTTTGATAAAGAAGCACACGAGCATGTTAAAATCGCCGATATTGTTCTTGAAAAAGCAAAACGATTGGTAGAATGTGGGCATGATGTAGTGATTCTTTTAGATTCTATTACACGTTTGGCAAGAGCTTATAATACTGTACAACCAGCCTCTGGAAAAATATTAAGTGGTGGTGTAGATGCGAATGCATTACACAAACCAAAACGTTTTTTCGGTGCAGCTCGTAATATAGAAAATGGTGGATCTTTAACCATTATAGCTACAGCACTTACCGAAACTGGTTCTAAAATGGACGAAGTAATTTTCGAAGAATTTAAAGGAACAGGTAACATGGAACTACAGTTAGATAGAAAAATATCTAACCGTCGTATATTCCCTGCTATCGATTTAACATCTTCAAGCACGCGTCGTGACGATTTATTATTAGATGAAAACACCATACAACGTATGTGGGTAATGCGCAAATACCTTGCGGATATGAACCCGGTTGAAGCTATGGAATTCATAAACGATCGTTTCAGACAAACTAGAAACAACGAAGAGTTTTTAATATCCATGAATGGATAACATTATAACTAAACATTAAACTAAACTTAAAAAGCCTTAACAAATTTGTTAAGGCTATTTTAATTCTAAACTATAATAACTTATAATTTCTATTGATTTAAAAGATCTCTATACTCTTTTAAGTCTGATATGTTTATTTTGTTATTTAGGTTCTTTATAAGTGCGATTAAGTATTTTAAGCTTTCAACAGGTTCGTTTTCTGTTTCAACTTCAACACCCGCTTCCTCTTCATCATCCTCATCAACAAGCATTGGTATTAAAAACGAGTCATTCGCTTCAATATGCTCATAAGTAAGTCTTAAAACCTTTACTACTAAAGGGATTTGCTCTTCTAAGGCATAAGTTCTTAACTCTTTAATATCGTTAATTAATGTATCTGTATTGATGCCCGTTTTATCAAGATCATTCAGAATTTTATCAATTAATTTATGTGCTGCTCTATTTTCCAAAAGGGTGATATTTATGTGAATAATTAATTTAAATGTGTTTGCAAATTTAAGTTTTAAAAAATCAAAAAAGGCATTTTATTTAATGATTTATAATCTTAATTTTAATTATTTCGCAAAGTGTTATTTTAGATACTATCCCAATAAAGGCCTCTCATTTCTAGACGTTTTATTAAAGATGCTATGGCTGTTTCTATTTTAATCCTTTCAACTCAAGTAATTCTGCTTCACTAAAAACATTACCTCTTTTTGGTTTTTGATCGCGAAGTTGCTTTATTCTTTCTACATTTATTTTACTAGACTTTCCTGGAAAAGCATTGTTAAGGTACTCAATAATATTTTTAATATCGGTATCTGTAAACTCTGGGTTATTAGCCAATCCTGGCATGATAGCATCCAGTTCGTATAACTTGCCATTAACATGAATGGGACCAGACAAACCATGCAATATGATTAGCGCTAATCTTTCCGACGCCCCTGTTACGTACTCAGAATCTTTTAATGGAGGTGCTAAATTTTCAATACCTTCACCATCTATACCATGACAAGTAGCACAAAAATTCCTAAATATATTATACCCTGCAGTTCTTGCATCTGTTGCAACACTTTCCGCTGTATAAATAAAGTTTTTCTTATTCTTCTCTTTATTCGAAATCGTACTATTCAAAATATCAAGTAGTATGTATTTTGGCGCATCATGTCCCCTTTCATTTAAGAATACTAAAAAGTTTTCTTCCATACCTGTCAAACTGTTTATCAAAGCTTCTTGATATATTAAATGGTCTTTATACTTATTTGAAAGTTCTAAAACTATTGGGAAAAACTTTTCATTAGAACGTGCTATCCAATCGCCTAAAGAATTTAGAAGATACAGATCAATTTCCGGATTGTTTTTAGACATTAACTTTTGAGTCAACGTTATAACGGGTAACATACGGTCTTCTCTAGCAAATTGTTCTAATAAAACAAGCGCGTGACTTATGGAACTGCTATTACTATTTGAATAAAGTAGCTTCACCAAGGTGTCAAAACTTAGTGCATTCAAACCATTTAAAGCGTGTAATGCATGTATTTGAGCTAAAGGATTATTACTATTTTTAAGCAGTTTTTCTAAAAGTAAAATGGTTGATTTTTCTTTTTTATGAATTAATAATTGCTGAGCGCGATCTCTTAGCCAACCATTAGGGTGCTTCAATACATCAACCAATTCTGAAATATTTAAGCTTTCTAAATCAACAATTTTCTTTGAGTCCGTATTTTTACTAACCACTTTTAGAATACGTCCCATACCAATAATGGTATCTAGCTTCTTTTCTGCATATTTTTTCTGCAAATAAGGCGTTAAAAAGGCTTTATCTTGAATGATGCCACGGTGCATATCTACAATATACATATTGCCATCGGGACCATTAAATAAATTTACTGGACGAAAACCTTCATCTGTAGAAGCTATAAATTCTGTATTGGGAATAGCCTGATCCGCTGTTACTTTACCAGGAGTTATCGTTAAAACATTGCGTTTAACAACATTCGCTTCAGGCGCACAAACAAAAGCATTCTCTAAATAAGCTTTCGGAAATTTATCGCCTCTATAAATAAGTGGGCCACAAGCCGAAGTAACATTCACTAAAAGACTATCCTTATTTAATACACCATCTACGTAACCTCGGTTAACAGATGTTGGATGTAAAGGAAAAACATTTTGGTTAGGCGTTAACTTTTTACCTACAGCTTCCGTTGGTTTATAAAATGAATTCTTAATAACGGTATTAGGCAACACATAATCACCTATAAGCTGGGTTGAATTTGTGTTGTAGTAAAGTCTTCCAAAATTATCTTTACTAATGCCCCATTGCCCACGAAA
NZ_CP151839.1_gap19	553770	555665	1895	AGTTTTTTAGCGCTTGCTCTTCTTTTAGTGATGTGTCACCGTTCTCGTATTTCTCGAGCAACTTTTCTATATTATTTAACACCATAATTATGTGTACTCGTTAATTTTTCTCTTATCGTTTTTCTGGCTCTAGACAAAGCGACCCGAACCGCTGTATTATTCATGTCTAGCATTTTTGCAATCTCGTCTAAATTGTATGCTTCTATATCCCGTAATTGAATGACTAATTTTTGTTGCTCGGGCAAATCTTCAATTATTTTAGCCACCCAATGGACACTATCGTTTAGTTCTATTTGTTTTTGTAAAGGTGTTTGACCATCTTCATAATTATTATGCACAATTTTTAAATTTTGCGCTTGCTTCGATTTCAATTTATCAAAACAAAAATTTTTGGTCATGGTCATTGAAAACGCTTCAACATTCTTATAATCTTCAATCTTTGTTTTATTACTCCACAACTTCAACAGCACCTCTTGTGTCGCATCTTCTGCTTCCTCGGTAGATACCAGTAATCGTTTTGCCAAACGAAACACTTTATCTTTAAAAGGCATCACAATATTTAAAAACTCTGTTTGAGTCATTTTTTGGTTGCTTGGTTGGTTGAAACGGCCTTATTTGGGCTATTTAATATTACGACGAGTGTACATCTAAATTGTTACAATTTATTTTTTATTAAATAATAATGTAAGTACATTTACGACTATTGATGTTAAAAATCATTTTATGAAAACAGAAAAATTGCTCCTAAATCTACTATTTATTTTTATTATTAGCTCAGTATCCTTAGTTAGTTGTTCTAAAAACGATGAAGCTGTGACAGATGTTGTCGCAGAATTAAATAATGAAATAAACGATTTCGTTTGGCAAGGGCTAAATAATATTTACTTATGGAAAGAAAACATACCAAATCTCGCCGATAATAAATTCACTACACAAGATGAATATTATACATTTCTAAATCGCTATAATACCCCTGAAAATTTATTTGATGATTTACTATACCAAAAAGGAGTTGTAGATAAATTTAGTTTATTAATTGAAGACTATGTGGTTTGGGAAAATGCCCTTCAAGGCACCTCTAAAACCGACGGTTTAAATTTCAATTTAGCAAGACTAGGTAATTCTAATGATATTTTTGGCTATGTAGAATATATTGCAAATGGCTCTGATGCTAGCACTAAAGATATAAACAGAGGTGATTTTTTCCTAACGGCTGATGGCCAACAACTCACCGTTGACAATTATATAGGTTTGTTATTTGGCGATAATGATGCTTATACATTAGGAATGGCAGATATTACGAATGGATCGATTTTTTTAAATGGTAAAACAGTCGCATTAAACAAATATGATTTTACTGAAAACCCTATATTAATTAACAAAACCATAGAGGCAAGCGGCACTAAAATTGGCTACCTGATGTACAATCAATTTACAAGAAATTCTGATCTTGAATTAAACAACGCTATAGCCCAATTAAAATCTAACGGAATTACTGAGTTAGTTATCGATTTAAGATACAACCCAGGAGGCGACGGAGACGTCACAACAATTCTATCAAGTATGATTACGGGGCAATTTTTAAATGATATTTTTTACACCGAAGTTTGGAATACTGATTATCAAAATTATTTTGAAACTAATCAACCAGAATCACTAATTAATAGATTTACAGATAAATTATTTGACAATTCTGCTTTAACAAGTCTTAACTTAAATAAAGTATATGTGCTTACAACAAACGGAACCGCTTCTGCAAGCGAATTACTTATTAATGGATTAAACCCTTACATAGATGTGGTTCAAATTGGAACTACTACATATGGAAAATATGTTGGTTCGGTCACCTTGTATGACTCTAATGATTTCGGAAAAGACAACGCAAACCCTAATCA
NZ_CP151839.1_gap20	600619	604882	4263	CTATTTCTGTTTCAGAATCACCGTTAGAACATGCTACAAAAGCAAAAACTAGTAAAGTCGCGATGATTGATAATTTTAATAAATTTTTCATTATATTTTTTATTTGTTAAGTGTTATAATCCTTTAGATGGCTTTTAAAATAAAAACTTGTGGTAAGTCGGTAATTTATTTTAAATAATTATTCACAGCCGTTGTTCTACTACTTACATGAGTTTTAAGTGTACTGATGGCACTTTGAAAATCTGAACTCGTTTTTAAGAAGGTATACCCAGATATTTCTGAAGTTGCATAAGGCTCTATAAGTGTTGCATAGGTTGTATAGAGCGATTGCATCGTGTTCATGTTAAATGGTCCATTTACTACTTCTTGAACATAGGTATCATACTTCGCTTTATAAACAGCATCTTGATATAAATACCCAATTAACGGCCATTGTGTAGCGTTTAAATCTGAAAAATCTAATGCCAATGCCCCACCTTGTTTACCTGTTTGCAATGCTTCATTATTATCCCAAGGAATCCAAGTTAACTTATTAGTATCTGGACTGTTGTACAAATAGTAATTATGTGTCATTCGGCCATAAGTGTCCCAATTTTGAATAACGGTATTGACTGCCAAATATTTCAGAAAGGTATCGGTATCAAAAACAGACTCTAAATTTGTTCTCCAAGTGGTTGCGTCTGTGGTTCTAGTACCGTCGTGCAACGCAGTTAATAAACTATTAACATCGCTCCAATCTGCATCATCTTCGTTTGTTTTCTTCACTAATTCATCTGTATCAAAAGTACCATTCGCAAAACTAGCTGCGTCACCATCTGGCTTATACAAATTACCTTTATCACTAGAAAACTGAGTATCAATAACAGTGTCGTCCACTTCTTCAGTTAGGGTATAAAGTCCAAAATAAACAGGCCCCTCTCCATGATCTACATAAAGTGTATAAAATGCCGTATGTGAACCAGCTAAGCCTGCATTTCTAAATACATCGCCAGCCACTTTTTCGCGTAGCATCGACTTATCGTCGTAATTATTTTTAAGACTAAATTTTTTGAAGCCGTAAAAGCGTTGGTTTTTTATTTGCGGATAATCATCTTCATACTCGTCAAAATCTATTTTAAAGGCCAATTTAAGTATACCACTTTGCCAAGTACTTGATAAACTCGAGTTCCCTTTAAAACGCACCCCCACTTTATACCATTGTTTTCCATTGTAGAAAACTTCAGCAGGCACCATCATGGGGTCTTCATCAGAAAAACCACCGCCATTTGATCTACCAAAAGTTCCATAAAGGGAAGTCATATTTGCCAGCATTGCACTCCAGTTTTCTTTTGAAATAACAAAATCAAACCTTTTTACTGCAGTATCATCAAATACTTCATCAAAGTTAGGATCTGTATCTTTACTATGTGTTTCACTTGTCCAATCTGTTGGGGCAAAATCAAGGTCATCAATTACAACTTCCGTGTTTCCTTCTGCAGATTCTTCTATTTCTAAAGTTGAATCATTATTTGAGCTACAAGCCACCATAAAGGCCGTTACTAAAATAAAACCTAAGGCCCTCGAAATGCTTACTGCATTATATTTAATAGTGTTTATCATAACTACAGGCTATATTTTATTGTTTACCATTTGATGGTCTCTCTCCTTTTGGTTTAGGTGCTTTTTCCAATTCTTCTTTTGATAAAAAGCCATCTTCATTGGTGTCAATCTTTTTAAAATCATCTTTTAATGGGCCTTTTATTTCCTTTAAGGATAGTTTACCATCTTCATCGGCATCCATTTGTTTAAAAAGTTCTTCTACTGTTGGAGGTTTCTTTCCTTTTTCTTTATTGTTAGAAGATTGTGCAAATGCCGACGTTGATGCGATTACTGTGAATCCAAAAACCAAAAGTGCAATGCTTAATTTGTTACGTTTCATAATGTATATTTTTTAAGTGTTTGATATTTTAGATGTCTTCTGTTTTAAAAACTTGTGTTGGCTTTTGTTAAATAATTCCCAAAAAAAAAAAGACCCTCAAAATTTGAGAGTCTTTTTTAATATTAATTAAGGTCTAGGAGGCGGTGGCGGTCCGTTTTGGTGTCCACCCATACCACCTTTGCGCAATGCATCGTTCACAATAGCTTTAAAACGTTCCTTTTGTTTTTCATTACAAATTTGCTGAATACCTCTTAAATGTGTGAATTTAAGATACTCCATCTGACGTTCCTGCTCACCAATTAAGTTAACTAGTGAATCTACCTTTTCAGCCGAAACAACATCTATATTTATTTGCTTAAATAAGTCATCTTTTAAACCTTTGGTTCCGCCTAAAACAGCACGTATCGCTTTATGGTGTGCTTTACTTAACTTATCAAACTCCTGCATTTGGGTTTCGTTAAATCCCAATTCTTTAACTATAAAAACTTCTGGATTCCTGTCTCCTTCTCCTGTAGAAGGTCTGTTGGGACCTCCCAAGTAATTAAACAAGAAAAACCCATTTGCTACAATTAGAAAAACAAGAAAAACATATAAGATTAAATTTTTATTCATGTCAATTACACTTTCTTAATTAAATAAACTGGTTGTGGCTTCTGTTGTTTTAAGCCCATAACTTTCTGCAAACTCAGTAACATTCGAATTATAGGTATTCGAATTGTATTGTCTAAAAGCAAAAACATTTAGAACAATAAAACATAGCAAGGTTGCCAACTGCAATTGTGGCGTAAACCAAGACCAAGTAGTTTGCTGTACCTCCTTTTCTGCAAACAATCGATTCATTGTTTTATCCTTAAAAAAAGGAGATACTTTCACTTCTTGAATAGCATCAAAAGCGTCGAAAGCCTCATCTATCTTATTTCGCATATCTGTATTTTTATCCATTCTTTATCTTTAGATGCAATAACTTTTAAAAACTTGCGTTAATTTTCATTTTTATAAAAACCGCCTAATAAATCTTGTAAATTTTTCTTGGCTCGAAACATTAAAGATTCAATGGACGAGATACTTTTTTCTGTAATTTCGCTTACCTCATCATAACTTTTACCATCCACTTTACAAAGTGTGAAAACGACCTTTTGTGCCTCGGGTAGCTTATTAATAGCTTTAAACAAGGTTTCACTTTTCTCCTTATTTTCTAATAATACACCAGGGTGGTTCATTTCGGTAAAATAGTTAGTTTTATCAAAGGGTATCTCATTCCCCATAATAGATTGTAAAAAGCCAAACCTTTTTTTAGTGCTTTTCTTTCTAATAAACTCTAAACACTTATTGGTGGTTATTCGGTAAATCCAGGTAGAAAGTTTAGAATCTCCTTTAAATTTAGAAATAGAATTAAACACTTCCACAAAAACATCTTGAGCAATATCTTCAGCATCTTCTTTATTAGGCACAAACGAGATGCAAGTGGCGAATACTTTTTGCTGAAAATCGTCTAGTAATTTGCCGTAAGCAGATTGCTTACCGTTTTTTAAATCTTCTATAAAATTGTCTTGTTCCAAACACATTATTTAATAGCCACAAATTAAGGAAATTTATTGATGAATTAAACGTAACTTTGCAACCTTATTTGATTAAAATGCGATTACACAGAAATTTATGCTTTTCGGTTATTGATGGTTTAACCTTAATTTTCAATGAAGGAAAGTATGCCGATAAAGTTATTCAACAACTATTAAAACGTGACAAACGTTGGGGCGCTCGCGACCGTGCTTTTGTTGCAGAAACAACCTACGACATTGTACGTTGGAAACGTCTATATGCAGAAATTGCTGAAGTAAAAGAACCGTTTGACCGCGAGAACTTATGGCGCATGTTTGCTGTTTGGGCAACCTTAAAAGGCATTAAATTACCCGATTGGAAATATTTTGAAGGCACACCTTTACGTAAAATTAAAGGCCGCTTTGATGAACTTTCTAAAATCAGAAAATTTAAAGAATCTATTCCAGATTGGATGGATGAAATTGGCCGAAAAGAATTAGGTGATGCTGTTTGGAATAAAGAAATAGCAGCTCTAAACCAACAAGCCGATGTTGTTTTAAGAGTAAACACACTAAAAACAACTAAAGAAAAGCTTCAAACAGAATTGTTTGATTTAGATATTGAAACCGATTTTTTAGAAAACCATCCCAATGCTTTAAAATTGAAAGAACGTGCTAATGTTTTTTCTACTGAAGCTTTTAAAAATGGCTATTTTGAAGTGCAGGATGCATCCTCACAATTGGTTGCCGAATATTTAAACGTGCAACCTGGTATGCGTGTGGTTGATGCGTGTGCAGGTGCTGGTG
NZ_CP151839.1_gap21	702195	703468	1273	GCCTTTATATTCTTTTAAAAATTCAGCATTCAAACTGCTATAGGTATGCAACTCTAGGCAAGCTACTACGGTTCTGTTACCATACTGTTCTTTTACCGCCTTGGTAGTTGCTTCTACTTTACTTGGCGAGTGGGCAAAATCTTTATAGGCTACACTGGTTTTGCTTTCGGCTATTTTTTCTAAGCGTTTACTAGCTCCTTTAAAGGTGGCTATGGCTTCGTAAAAATCGTCTTCATCAATACCCATATGTTGGCAAATCCATTTGGCACCCGATAAATTATTTAAATTGTGTTTCCCAAAAACTTCAATTGGCAACGGGCCTTCTGGCGTTTCTAACAGGGTTTCACCATTATCAACGGTATAAGTTGCTGTATTGTAAGGCAGCTTACGAATGGCATTGGCTGATGCTTCTACTACACGTTTTACCTCCGGGTCTTCTTCGTTATAGGTAATACTACCTCCATTAACAATGCTATCTACAAAAATGCGAAACTGCTCCACATAATTATCATAGGTTGGAAAAACATTGATATGGTCCCAAGCGATACCGCTTAACAAGGCAATATTAGGTTTGTATAAATGGAATTTAGGACGTCTATCAATTGGCGAGCTTAAGTACTCGTCGCCTTCAAGCACTATAAAATCGTTGGTTTCAGTAAGTTTTACCATCACATCAAAACCTTCTAATTGTGCCCCTACCATATAATCGACATCGCGGTTATGATAATGCATCACATGTAAAATCATAGACGTAATAGTGGTTTTTCCATGGCTACCACCAATAACCACACGTGTTTTATGTTTCGATTGTTCGTACAAAAACTCGGGGTAACTGTATATTTTCAAGCCTAATTCTTGAGCTTTTAACAACTCAGGATTATCGGCTTTGGCGTGCATACCCAAAACAATAGCATCAATACCCGCATTGATTTTTTCTGGAAACCAGCCATAAGTTTCTGGTAATAATCCTTTTGCTTGTAATCGCGATTTTGACGGTTCGAAAATTTCGTCGTCGCTACCTGTTACTTGATACCCTTTGTTATGTAAGGCTAGCGCTAAATTATGCATGGCAGAGCCACCAATGGCTATAAAATGTACGTTCATGGCGTTGTTTTGATTGCTCCAAATATACTTTTTTGTACTGAGCTTGGAAAGGTTAAAAGAGGCAAAGTTTTAAAGTTACCGAGACATCAAAGAACAGGTCTTAAAATTTCGGAAATTTCATGTATTTTGATAGTAAGACACACTCTAAATAATGCAACTGAACTCTGAG
NZ_CP151839.1_gap22	722128	725422	3294	GTCTAACCTTTGGGTTATAATACACAGAGCCCGTACCGCTATGGCCGATTGCCTTAAAGAAAATTGGTTTTAATTATGAGTAATAAAATTAAAATTGTCCTACCATGCCAAGAAGCAAACCATGTTTGTGATAAGTCGCAATACAAAAATGCTTCGTTATGGGAAAAAGTTAAATTAAATCTTCATTTAATTTACTGTAGAGCTTGCAGAAAATATTCTAAAAACAACGCGAAACTTACTAAAGTTATGCGTAAATCGAATATTGAGTATTTAGATAAAAAATGCAAGGAACAGATGAAAAGTGAATTAGATAAAGCTATTAAAGAAACTTCTATCAACTAAGTAAAAGCACTACTATTAGCCATAATATTGGCACGCCTTCAACCCAAAACGAACTATAATACGTGCCCTGTTCCTTTTTAGAAAAAATAACGAACAGACCGGTCACCATACTTATTAGTATAGAAACTAGAATAGTTTCCTGAGTAACCTCATTTTTTAAAAATTCCAAAAAGAAAAAAAGAAGTACTAAAACAACACCCATTTTTTTAGTGGACTTCTCTCCTATTTTCTGCGGAATGGTTGCTAACTTCAAACTATCGTACATTAAATCTCTAATTTCAAAGGGCAACATTAAAGCAATTATAAACACAAACCGCTGAATACCTGTTATTACAACATCCGTATTCACTGGTAATTCGTTATTTATTACGGGTAGAAAAACGGTAACACCTGCCCAAACCAAGGCTATAAGATATACTTTTAAACCGCCAATGCTTCTTAAGTTGTGCTTATTATCTAAATACAAATGTTTTGGCAAAAACGGAATGGCATACAAAAAGGTTATCAACCCCAAACCCGCTATAACTAACAGGGTCTTCATTTCCAATAGCAACGCATAATAACCTAGAAAAAGAAAGCAGAAAAAAGAAAACACTTGAATTGTTTTTAGCCAACTTGCCAACCTTCTGTGATGAAATTTTGCAATTCCAAAATACTTTACAAAATTATAGCCCGAAATGGAAGCGAAAAACACAAAAAGCAATAAGCTTTCATCGCAAGGTATATCATACTCCAAAAGCGTTATCCATGTTAACGAGAACACCGCTAAAGCCACATGAATACTGCTATTTATGTAAAAATTTAAAAAGTGTTTAAACATCTGCATCTTACAAAAATAGACAATACCTTTCTCTCAGTGTTCATAAGATACTTAAATGGTTAAAAACTTTCCATTTAATGCAATTAAACACGCAATTTATTGTTTATTTTTGCGAATTATATAAATAATTCCCACTTAATGAATACAAACGCTTTTGCATTGCGTCATATTGGACCTAGAGAAGAAGATCAAAAACTTATGTTAGAAACCATAGGTGTCGATTCTTTAGACCAGTTAATTTACGAAACAATTCCAGACGATATCCGTTTAAAAAATGGTTTGAATTTAGATGAACCTATGACTGAGTATGAATATTTACTTCATATTCATGAATTATCTAAATTAAACAAGGCGCACAAAACCTACATTGGTTTAGGCTACCACCCAAACATTTTACCTGCTGTTATTCAAAGAAACATTCTTGAAAATCCAGGATGGTACACGGCTTACACGCCATACCAAGCAGAAATAGCTCAAGGCCGTTTGGAAGCGTTATTAAATTTCCAAACCATGGTCATGGATTTAACGGGAATGGAAATCGCAAATGCATCGTTACTTGATGAAAGCACATCGGCTGCAGAGGCGATGAGTTTACTTTTTTCAGTAAGAGAACGTGCGCAAAAGAAAGACAATATTAATAAGTTTTTTGTTTCTGAAAACATATTACCACAAACCTTATCATTACTTCAAACCAGATCGACGCCTATTGGCATAGAATTGGTGGTTGGAAATGAGGAAACCTTTACTTTTTCTTCTGACTTTTTCGGTGCTATTTTACAATACCCAGGTAAAGACGGACAAGTAACAGATATTAAAACCTTTATTAGTAAAGCCAATGAAGCACAAATAAAAGTAGCTGTTGCTGCCGATATTTTAAGCTTAGTAAAACTAGAAGCGCCAGGTAAATTTGGTGCCGATGTGGTAGTGGGAACAACACAACGTTTTGGAATTCCTATGGGATATGGTGGTCCACATGCTGCTTATTTCGCAACAAAGGAAGCTTACAAACGCGATATTCCTGGGCGTATCATTGGGGTTACTAAAGACACCAATGGCAACCGTGCCTTACGTATGGCGTTGCAAACACGTGAGCAACATATTAAACGTGATAAAGCAACTTCAAACATTTGTACAGCCCAAGTACTATTAGCTGTCATGGCGAGTATGTATGCGGTATATCATGGTCCTAAAGGATTAAAGTTTATAGCAAACAAGGTCCATAACACGGCATCAACACTTGCTAAGGCTTTAAAAACATTAGGCTACAAGCAAGTAAATACCGTGTTTTTTGATACCCTTCAAATAAAAACCGATTCTAAACTTATTAAAAAGTTAGCGAAAGAGAAAAAAGTTAACTTATACTATCCGAACAAAAAAACGGTTACAGTTTCTATAAATGAAACAACATCTGTTAGAGATCTTAATTATTTAATTCTACTTTTTGCTGAAGCTGCTGAAAAAGAAACGATTGTAATTACCTCTGTGTCTGAAGGAAATAATATTTCTGACACATTAAAAAGAACCTCTGAATTTTTAACGCTTGATGTATTTAACACCTACCATTCGGAAACCGAATTGATGCGTTACATCAAATCTTTAGAACGTAAAGATTTAGCTTTAAACCACTCCATGATTTCGTTAGGTTCGTGTACCATGAAGCTAAATGCTGCTTCGGAAATGCTACCTTTAAGTATTTTTAAATGGGCAAACATTCACCCATTTGTTCCAAAAAGACAAGCATTAGGTTACTTGACTATCTTAAAAGAATTAGAAGATCAATTAACTGAAATTACTGGTTTTGCTGCCACTTCCCTTCAACCAAACTCTGGTGCACAAGGTGAATACGCAGGCTTAATGGTAATTAAAGCATATCACGAATCGCTTAACCAAGCACACAGAAACATTTGCTTAATCCCTTCATCTGCTCACGGAACCAATCCTGCAACAGCAGTCATGGCGGGTATGAAAGTGATTGTAACAAAATCAACCGCTGACGGTAATATTGATGTTGAAGATTTACGTCAAAAAGCCATTTTACATAAAGACAATTTATCGTGCTTGATGGTTACATACCCATCAACGCATGGTGTATACGAATCGGCTATTAAAGAAATTACCAAAATTATTCACGA
NZ_CP151839.1_gap23	863905	865400	1495	CAAGAAGTCCATTTTTAATAACCCCGCTTCTTCAACCACCGAGTTATCAAACTGAGTCACATATAAATCGGAATCTTTAGCAATAGATACCGGGACGAACTTAGTAATATCATCTGGAGTAATGATAACCCCACATGCATGAATACCTGTATTACGCACCGAACCTTCAAGCGTTCTTGCCAGATTTACAGTTTCGGCTTCTAAATCGCTTCCTTCAGAAATACTTATAAGTTGATTAACCTTTTCTAAATCTTCTGCTCGAAATTTGATCCCTAATTCCTTATCAGTTAAACCGAAAATTTTATTCAGTTTAGACATATTCGGAATCAACTTCGCAATTCTATCCGCATCAAATAAGGGCAAATCTAAAACACGTGCGGTATCACGAATGGACGACTTCGCCGCCATCGTTCCATAGGTGATAATTTGCGCTACTTGACTGCTTCCGTATTTATTGATTACATAATCCATAACACGACTTCGACCTTCATCATCAAAATCAATATCAATATCGGGCATACTTACACGATCTGGATTTAGGAAACGCTCAAAAAGTAAATCGTACTTAAGCGGGTCTATATTGGTAATCCATAAACAATAAGCTACCACCGAACCCGCAGCAGATCCACGACCAGGACCTACCGAAACATCCATATTTCGGGCTTCGCGAATAAAATCTTCAACAATTAAGAAATAACCTGGATATCCTGTATTTTGAATAACATCCAACTCAAAATCTAAACGCTCTACAACAACATCTGAAAGTTCTTCACCATATCGTTTTTTGGCTCCTTGATAGGTTAAATGGCGTAAATAGGCATTTTCACCACGCTTACCACCATCTGTCGCATCTTCTTCTTTTACAAACTGCTCTGGAATATCGAAAGCAGGCAATAAAACCTCTCTTGCTAAACCATAAGCTTCTACCTTATCTACAACTTCTTGAATGTTACTTATTGCTTCAGGAATATCTTTAAAGAGTAATTTCATCTCTTCAGGAGACTTAAAATAATACTCCTGATTTGGCATTCCGTAGCGATAGCCACGTCCACGCCCAATAGGTGTCGCCTGCTTTTCACCATCTTTCACACAAAGTAAAATATCGTGCGCATTGGCATCACCCTTTTTGCAATAGTATGTGTTATTGGTCGCAATTAATTTAACATCGTGCTTTTTAGCTAGTTCAATTAACACAGGGTTTACACGATCTTCATCTTCCTGATTGTGACGCATCAGTTCCATATACAAATCGTCACCAAACTGTTCTTTCCACCAAATTAAGGCTTCTTCTGCTTGATTTTCACCTACATTTAAAACCTTACTTGGCACCTCACCGTATAAGTTACCGGTTAGTACAATTAAATCTTCTTTATATTCTTCAATAAGTTTTTTATCGATTCGGGGTAAATAATAAAACCCGTTTACGAAGGCATGTGATGATAGTTTTGCTAGGTTGTGATACCCCTTTTTATTCTTAGCCATCAATACAATTTGA
NZ_CP151839.1_gap24	866561	869160	2599	TTTTAAAAGCAAAAGTTACAAAGAGTTTTAAACAAAAAAAAGCGCAACCCAAATGGGTTGCGCTCCACTTAACCTTATTTCTTTTAATTACACGACCAACTCTTTATACGATTTCTCAGTATTAATAGCCGATTGCACAGCATTGCGATGTTTTAACAATAAATCATCTATTGTTGGCGGCAAGGTCTTATCTTTTAAAAGCTCGTTGTAATCAGCCAAAATACCTTCCTCAAATTTGATGGCCTCATTTAGAACCAGCTCCTCTTTATTGGAACTTATCGAGAGTTTTAAACTCGTCCAATTTCTGCTAAGTGTTTCTTTTAAACTCCCTGTATCTTCTGGAATTTGACCATAACGCAGAATTTCCGTTCTTAATTCTTTGCCAAACTCACTTCTGTCTGTTGTTCTTCGTTTGAAAAACATTTTCAATCTATCATCCTGCACATTCTCAATGGCATTAGAATACACCTTCTCAGCATCCATATTTTTAACTAGTAATTCATTCAACTTACTTGAAATTTCTTCTTTAAACTCCATAATATCATTTTCATTTTTAAATTTCAATATCTTCTTTTAAGATGCGTATTGTTTCACATCTGCATCGATAATGTAAGACAAATAAAGGCCTAAGCCAAGTTTTTAACACACTTTGGGAGTCTTCCAATTATTTTTAACAGAACACCCCTTATTTTAACATTTATCACATTTAAATAGTATGAAATAATAAAAAACTCTACATTTATTATTCAATTTTTTTAAGACCTTTCAATCACACTCAAATGAAATATCGATTATTAATCTTCACCATTATCCTTGCATTTTCACAGATACACGCACAAAACACCCCTTTATACATTGGCACCTACACCGATGGTTACAGTGAAGGTATTTACAAGTTCGACTTTAATCTAGAAACAGGCGCCTTAACAAACCTGCAACTAGCAAAGGCTACCGAAAACCCGTCCTTCATCGCCTACTCACCAAACAGACAATTTATTTACGCTGTAAGCGAAAGCCTTGGCGGCTCTGCATCTTCATTTAAAATTCAAGAAAACGGACTTTTAAAATTTCTAAACAAAGTAAGCAGTAACGGCAAAGGACCTTGCCATATTTCCATAAACAAAAAAGGAAATAAAGCAGTCATTTCAAATTACGGAGGAGGCACTGCTTCTATATATAATATTGCCAGAGACGGAAAATTCGAAGATGTCTCACAAGTTTTTGAATACAACATAACCGATAAAGTTTCGCACGCCCATTCTGCTCAATTTTTTAAAGACGAATTATATATTGCAGATCTAGGCATGAACGCCGTGTACCAATACAAATTAAAAAAGGATACCTACGAATTAGAAACGCCTTCCATTTTTAAAACTACAGAAAACCCAGGACCTAGACATTTTGCACTAACCCGAAACGGCCAATATATTTACATTATTAATGAATACGGAAGTTCCATTACCTCTGTTAAAAAAACAGATTCTGACTTTGAGCAAATAGATTACGATTCTACTTTAGAAGATAACTTTGAAGGAAAAAATTCGTGCGCTGACATTCATTTATCCAAAAACGAACTTTATTTATATGGCTCTAACCGCGGAGAAAATTCCATCGCCGTTTTTAAACGAAATAAATTTGACGGGACTATTGAAAAAATTCAAACCATGCCTGTTCACGGTGATTGGCCACGAAACTTCACCCTAGATCCTAGCGGGAAATTCCTGCTTGTAGCCAACCAAAAAAGTCAAAATATTGCCGTATTCAGTATTAACCCATCTACAGGAACACTTACTTTTTTACACGATGTAAAAGCCCCAAGACCAGTATGTTTGCTATTCTAAAAAAAAAGATTTCAGAATAAAATAAACTGTTGATAATTAGGAATAAAAGAGTATCTTTGCGCCCTCATTAATAACCGAGGTCGAGAACCTCAATTAATTAATTATTATGCCAGTAAAAATTAGATTACAAAGACATGGTAAAAAAGGGAAACCTTTTTACTGGATTGTTGCAGCCGATGTACGATCAAAAAGAGATGGTAAATACCTTGAGAAATTAGGTACTTACAACCCAAACACAAACCCAGCATCTATTGATTTAAATGTTGACGGTGCGGTACAGTGGTTACAAAACGGTGCACAACCAACAGACACAGCTAAAGCTATTTTGTCTTACAAAGGTGCTTTACTAAAAAATCACTTAGTAGGTGGTGTTAGAAAAGGTGCTTTAACAGAAGAACAAGCTGAAGCAAAATTTACTGCTTGGGTAGAAGAAAAAACAGGTAAAGTTGGCGCTAAAACTGATGGTTTAGCTAAAGCTGAAGCTGAAGTAAAAGCGAAAGCGTTTGAAGCTGAAAAAGCTGCTAACGAAGCACGTATTGCTGCTGCTGCTCCTGTAGTTGAAGAAGAAGTTGCAGAAGCGGAAGCTCCTGCTGCAGAAGCTGAAGCTTCAAAAGAAGAAGAATAAAAATATTATTTTTTATACTTTTAAACTCCGATACTTGTATCGGAGTTTTTTATGCAAAAAAGTTTCATTTTTGCATATTCCCTTATAGAAGGGTATCTTATTAAATGTAAACCAAAAAATTTCTGCCTTCGCG
NZ_CP151839.1_gap25	902442	907041	4599	TCGTCATCTAAAGCTTTTTGTTTATTCATAGCCTCCCATACACCCGATTGCTCTTCCACGGAAAGTGTAGATGTTACATCTGCCCCATCTTGTAAAATGGTTTTTCCTTTTATTTTATACGCAACTCCTTTAAAGCTAACTTCCTGTGCTTGAGTGCTTATTACGAATCCTAAAAATAATACTAATACTGCTACTAATTTCATAATGTTTAATTTAAACTGTTCTTTATTAATTAGACGACTAAACCCTAAAAAAGTCACTTAAATGTTATTTAAAATAATGGCTGCTTGCTTTAAAGTGTCGTCTGTTTTGGCAAAACAAAAACGAAGCACTTTATTATCTAGGTTATCACTATTAAATACGGATAACGGGATGGAAGCAACGCCAAAGGCTGTGGTTAAGCGTTTTGCAAAATCAACATCGTATTCTTGTGTTATTTCTGAATAATCTAACACCTGAAAATAAGTGCCTTTTGATGGTGTAAATTTAAACCTAGAATCTTTGATTAAATTTAAAAATAAATTCCGTTTCTTTTGATAAAAATCTGATAATTCTAGATAGTGTTTAGGTTCTTGCATATAATCTGCAATGCCTTTTTGGGTAGGATGATGGATGCAAAACACGTTAAATTGATGCACTTTTAAAAATTCCTGCATTAATTCTTTGGGCGCACAACAATAGCCCACCCGCCAACCTGTGTTATGAAAAGTTTTGCAAAAAGAAGCTACCACAAAACTTCTGGATTTTAAATCGGGAAACAAGCAAGCGCTTTCGTGGGTTTCGCCATCAAAAATCATATGTTCATAAACTTCATCACTCAATACGATGATATTGGTATTTCTGGTTAAATTTTCCAGTTGAAGCATATCGCCTTTTGAAAACACCGAACCTGTTGGGTTATGTGGTGAATTGATAACAATCATTTTAGTTTGACTATTAATGAGTGCCTTCACTTCCGCCCAATTCACTTTAAAATTATTAGTAGCTTTTAACTGAACGGGGATTACCTTTCCATCATTTAATTCTACACTCGGCTCATAACTATCATAGGCTGGTTTAAAAATAATAACCTCGTCGTTGTGTTTTATAAAAGTTGAAATGATGGTGAAAATAGCCTGAGTTGCTCCTGCTGTTACTGTAATTTCAGTTTCCGGATGGTAACTTGAATGGTACAGCGACTCCATTTTTTTAGCAATAGCTTCACGAAGTTCTAAATTCCCGAGCATGGGCGCATAGTGATTATAGCCCGAATTCATCGCACTGCTTACCAAATCAATTAGTTTTTGATCACTTTTAAAATTCGGAAAACCCTGCGATAAATTAATAGCCTTGTGCTTGGTTGCCAAGGCACTCATTACCGAAAAAATGGTAGTCCCAACGTTTGGAAGTTTAGATTGGTGTTGCATTTGTGTTAGGTGTTATTTTTTGAGAGTTGAATATTAAGCGCTTCCGCCAACGGCCTTCCGTCTTCTAAATTACACAATATTCATCTTCTTCAATAAAAAAGAGGCATTCATATTTTTACAAATACCATGTTTCAAAGTATAATCAAAATGAAGCTCGTCATTAATAATTTCAGCATCAAAATAATAGTTTTTCACGTCGTCTAGTTCCTTTTCAATTTCACACAAACTTAAATCGTGTGTAGCAATAATACCCGTAGCGTTTGAAGCAACCAGTTTTTCGACAAACTTTCTAGAGCCAATCGCTTTATCTGTGCTATTGGTTCCTTTTAAGATTTCATCTAAAATAATAAAATATGGTTCCTCCACAATCGCATCAACAATATATTTTAAGCGTGTTAATTCTGAAAAGAAGTACGAACTATCATCGGTTAACGAGTCTGTAGTACGCATACTTGTGATTAGTTTTACCGGTGTATAACTACTAAACTTTGCACAAACTGGTAAACCCACATTGGCCATAACAATATGTAAAGACACTGTTCTTAAAAACGTACTTTTCCCAGCCATATTCGCGCCTGTTACTATAAAAAATTGTTCATTTTCTATAGTTAAATCACTGTCTACGCGCTTCCTTTTATTTAATAAGGGATGACCTAAACCTTCCGCTTTTATAACAGCACCTTGTTTTTCAATCTTCGGAAACACAAAATCTGAATGATTAAATACGAAATTCCCTAAAGAATTGTAGGCATCAAAAAACGACACGACTTCAAACCAATCGGTTACTTTGTTGCCATGATGTGTGATCCATTGCTCGATGTGGTAGCTATTTTTTATATCAGAAAGAAAAAATCCGTTTCCAAAAATAGCGCCTATTAAGTTGTTTCGATTATCTAAAGCATCTAAGGTTTTAGAAAGGTCTTTAAAAATCACAGAGGCTTTTTTTCCTTCCTGCTGAATTTGATGTTGCTTCTGTTTTAATAGTTCTGAAGAAAAGGTCCCTTTCTCAATCAAATCTAAAAGTGAAGCGTATTGGCGGAAGGTCTCTTTAACCTTATCGCTATTTGAAGATAATACGTTTACCTTCTTCACATACACACCCGAAACACCCAAACCTATAAGCAACCAATACCCAATAAAACTAGGCGATATCGCTCCAAAAAAACCAAGTCCTATAATAAGAACTGAAATGATTGTAAACACCAAAGGAAGCCATTTTGCCGCTTTTGGTAAGAATAACTGATAATTTTGCAACCAACTAATAATCTGTTTAGCCGGTGTTTCTACTGAAACCAAACTAGATGTCGCCGAATAAAATTGGCGCCATTCAGGTTTTTCGTTTAACTCGTTTATAGCCTCTTGTCTTAAAACAATTGCATCAATATTATTAGCTTTCAAAGCATCAGCAAGCTCTCGCCCTCCTTCTTTGGTGGTGGTTCTATTTATAAATTGATAAAAAGAACCGCGTCCGAATAAATCGATATCTAAACTATAAAAATGGTTCGCGTCTTGAAATTGCATGCCTGTATCACGATCATGAAAATGGCCCGATGCTATTTTAATTTCATCTTCGTTAATAGCAACCAAGGCTTCTTTAAACTTTCTATCAGCCTTAATATCGTTGTATTTTGACAATAAATACAAGAAAACAACCACCCCAAAAACACCTATACTCACAGCCAATTGCCAATTATCAAATAAAGCATAGATACCCAAGCCTGTAAACACAAAAACCAACAAGCGGTACACGCTTAGAGCAGTCATTTTTTTATACAACTTCTGCGCTTCTACTTTGTAGATTTCTAAATGCTTTTCGTAATATGCTAACGGATTGTTCATTATTAATTTATATTGAAAAAGTAAAGAAACAAAAAAGCCCTGAAACAGGTCAGAGCTTTTATTTTATATTTTAATAGGTCTTAATCTCTAGACATAAAAATACTAAGCACATACCAAAAAAGCAGCATTAAAGAGGCAAATAAGCCCAATGCAGCTGGAATATACTGATCGTCTGAATAATTATTCACCAAGTTTGAAGTTTGATACAGAATTGCACCTGCTGCCAACACACACATTCCTACCGAGAACCAAAGCCCTAAATTGAAACCAAATAAAGATCCTGCTAAAATTAACCCAATAGCTATAAAAAACCCAACGGTTAAACCTGCTTTTAAAAAGGAAAAGTCTTTTTTAGTCACAAAAACGATGGCAGATAAGCCCGTGAATAATGCCAAAGTTACAATCGCTGCTTGATTTAATATTTCTGGACCAGAATCCATATAAAAAGCAGCAATATAAATAAGCGGCACAAAAATGAAGGCTTCCGCCAGAATATAAACACCAAAAGCTAAGTATTGTTTGTTTTTATCGGGTGTTTTCAACGTCATTTTTTCAGCGTAATTGGTAATAAACATAAAACCACCCAGCATAATTAACCAACGCCACCCTTGCGTCATCGACATGGCGAAACTCACAACAGTTTCGCTTTGCAGCAATAAATATTCAAAAAGAATAAATACCAAAACACCTCCCGCCACATGCGAATAGGTTTTTTTATAAAAAGCCACTTTATCGACTTCTGAAAGTTGGCTTACCATTAACTTGTTTTCAACTATGTTTTCCATAAATACATATTAGTAAAAGTTTCTAAATTAAAGATAAAAAAAAGAACCGAATTCCCACATAAAAGTTGAAAATTCGGTTCTAAAATTAATCTATTACTTTTAGTCTCTAGACCCACCAAATACTTGAAGCGCCCAATAAATTAATGAGGCTAATGCACCAATAGCTGCAACCAAATAGGTTCTTGCTGCCCATTTAAGCGCATCCTCAGAACCTGCATATTCTTGTTGAGAGACCATGTTTTTATTTTTTAACCAAGCCAAAGCACGATTACTCGCATCATATTCTACAGGTAATGTGATAAAGCTAAATAAGGTTGCAAAGCCCATCATCACCAAACCTGCAACGGCTACATAATAACCAATACCAAGTCCTGCAGCAGCACCAAGCATCAAACCACCAATAACGACCCATTGTGACATCCCTGAAGTTACACTAACAATAGGCACCAAAGCTGAACGCATTTTCAACCATTCATAAGCCTGCGCATGTTGTACGGCATGTCCACATTCGTGTGCAGCGACCGCTGCCGCAGCTGCGTTACGTTGGTTATAAACCGACTCACTTAAAT
NZ_CP151839.1_gap26	909210	910754	1544	TTTTTTCGTGTGCCATCACTGTTTTTTCAATATCATCTTTACTCATATCGAGTGGCAATTCTAGAGTAAAACGCATTTTTCCGTTGAAGGAAATTGGATAATTTTTACTACTTTCCACTAAATGACTTGCATCAAACTCTGGGAATGAAGCTGTTGAAATAGATGTATTATTACCTAATTGACTCCACAACTCTTCTGCGATATGTGGTGCATACGGTGACAACAACACCAATAAAGGCTCTAAAATTTCTTTAGATGTACATTTTTGAGCTGTTAATTCATTCACCGCAATCATGAAAGTAGACACCGACGTGTTGAACGAGAAATTCTCGATATCTTCTTGTACTTTTTTAATGGTTTTATGAAGTGTTTTTAAGCTATCTTTAGTAGGTTCTGCATCATTTACATTTAAGGCATCTTCTCCAACATACAACTTCCATAGTTTTTTAAGGAACCCGTGAACTCCTGTAATACCTGCGGTATTCCAAGGTTTGTATTGTTCTAATGGGCCTAAAAACATTTCGTATAGTCGTAAACTATCTGCACCATAATCAACACAAATTTGGTCTGGATTGACTACGTTGTATTTTGATTTGGACATTTTTTCGACTTCGCGTTTCACTTGAAACGTTCCATCTTCTTCAGTAATAAACTCAGCATTTTTGTATTCTTCTCTCCAATTTTTGAAAGCTTCAATATCTAATTCATCAGAAGAGTTTACAAATGAAACATCTGCGTGGATATTTGAAATACCATTAATTATTACATTTTCGTCACCTACCACCTCAAAAACAGACTTCAAACGTTCTATATTATATTCTGAAATTTCTTTTTCTTTACTTTCCTTATCCCAATTAAATGAATAATTTGATGAAACAAATATTGGATTTCCTGTATAATCTTCAATATCGACCCTTTTCACAAAAGCACTAGTCCCCAAAATCATTCCTTGGTTAATCAGTTTTTTAGCAAACTCATCCACAGGCACTTCACCTTTATCAAACAAGAATTTTTGCCAAAAACGAGAATACAATAAATGCCCTGTGGCATGCTCGCTTCCGCCAATGTATAAATCGACATCTTTCCAGTAATTCATCGCTTCTTTACTCGCAAATTCTTCAGTGTTTGTAGAATCCATGTAGCGGTTAAAATACCAAGAACTTCCTGCCCATCCTGGCATGGTATTCAACTCTAAAGGAAATACATTAATATGGTCAATTAAGACATTAGAGACTACTTCCGCTTTGAGACGGTCCCATGCCCAAACAGTGGCGTTTCCTAAAGGTGGCTCGCCGGTTTCGGTTGGTAAATATTTTTCAACTTCTGGCAAACGAATTGGCAAATGTTGTGCTTCAATCATTTGCGGCATCCCATTCACATAATACACCGGGAATGGCTCACCCCAATAACGTTGACGACTAAAAACAGCATCGCGTAAACGGTAATTGGTTTTTCCTTCACCTTGGCCTAATTTTTCTAAAGCTTCAATCGCTTTTATAGTGGCTTCTTTATACGACAACCCATTTAGAAAGTCGCTGTTTCCA
NZ_CP151839.1_gap27	922834	925221	2387	TCGTCCTTTATGAAAATAGCAGGAGACGATTTTACAAAACTTTTCACCATTGTGATTCAATTAGGCGCTATTCTATCTGTAGTGGTTTTATATTGGAAACGCTTTTTTCAAAGTTTAGACTTTTATTTCAAACTCTTAGTCGCTTTTATTCCAGCCGTTGTTTTAGGATTGCTTCTAAATGATGTGATAGATAGCTTATTAGAAAGCCCCATAGTTGTTGCCATCACCTTAATTCTAGGAGGTATTCTATTGTTAAAAGTGGACGATTGGTTTAAAGCCAACGAAGTTCACGACGACGCAAACCCAGACGCTCACACAAAAATAAGTTACGCCACGGCGTTAAAAATTGGTTTTTTTCAATGCCTTGCCATGATTCCTGGAACTTCGCGCAGTGGCGCTAGTATTGTGGGTGGAATGACACAAAAACTAAACAGAAAAACAGCCGCGGAATTTTCATTCTTCTTAGCCGTTCCAACCATGTTTGGTGCCACCGCTAAAAAACTATATGATTATTATAAAGCAGGCTTCACCCTGAGTAGCGAACAAATAAACTACCTTATTATTGGAAATGTGTTAGCCTTTATTGTGGCTTTAATTGCCATAAAATCGTTTATAGATTATTTAAGTAAAAAAGGTTTTAAAGTTTTTGGTTATTACCGTATTATACTTGGTATCGCATTATTATTCATTCATTTTTTCATCTATAAATTAACCATTGTTTAATGCTAAACGTTGAAGATTATCTATCTGGCCAAGTACTATTAATTGACAAACCGCTACACTGGACGTCGTTTCAAGTGGTTAACAAATTACGCTGGGAAATTAGACAGGCTTTTAAAATAAAAAAAATAAAAGTAGGTCATGCAGGCACTTTAGATCCGTTGGCTACAGGCTTGTTAGTTATTTGTACCGGTAAAATGACCAAAGAAATCGATTCATTTCAAGCACAAATAAAAGAATACATAGGTACTATTGTTTTAGGAGGCACTACCCCTTCATTCGATTTAGAAACCGAAATAAATGAAACCTTTCCAACCAGCCATATTACCGAGGCTTTAATTAAAGAAACTACGGCACAATTTACGGGCGAAATTCAGCAATATCCACCTGTTTTTTCAGCTATAAAAAAAGATGGAAAGCGTTTATATGAATTTGCGCGCGCTGGTGAAGAGGTAGAAATTAAACCAAGAACCGTACATATTTCAGAATTTGAAATCACCCATATTGATGGTTCTAATATTGACTTTAGAGTAGTTTGCAGCAAAGGTACTTACATACGTTCGTTGGCTAATGATTTTGGTAAAGCCTTACAATCTGGTGGACACTTATCAGCTTTAAGACGCACCAAAATTGGCGATTTTCATGTAGATCATGGTGTTACTGTAGAAACTTTTATTAAAAACATTGCTTCGGAATAATTGTTGATGTTTGTTTCTTCATAAAAACGAATGTTTATGAAGCGTATTTACCTCCTGTTTGGTATCGTATTTTCCATGTCTCTTGTTTCATTTTCACAAATTGAAAACGAAAAAACACACGGTATTTACTATAAAGTGTCTTTAGCGACTACGCTATCTATAAACAAAGCATATACTTTAGACCAAGATGATGATTCTGGGCCACTTATTAACCCCAGCGCCTTGTTTGTTAACAATACTATTGGTTATCAATTTGACCAACGCACCATGATTGGGCTTAATTTTGAATACAACTACCACTCACAAGAAGGTCTTCATTTCTTCCCCACCTATTTACACCTTCAACATAATATCATAGTAGATGATACCAATGTATTTGTACGTGGTGGTTACGGCACACTTCTAGGCATGGGAAAATCGTTTGAAAAAGGAAACATGTATAAACTAGGCGTAGGAATTCAAGAGGTGTTTATGAACAGCAACTCCCTACATTTCGGTTTAGATTTTACTCGAAAACGTTTTGGCTATAGAACCTTAGAAGGCTTATCGAGTGTATCTATTTTCTTGGAATTCATGTTACTTTAAACTTTTTGTGTTATTTTGTCGTATATAGTTATGTATTTCACATAAAACAATCTATTTGCGCCTAACAGATCAACATAAAGCCTTATTAATTACTGTTCTTATCTCAGGAACGGTGCTATTAACCGTTTTTAATATCAACTTAAAAAACATCGAGGAGGCAGTTACTGAAAGCTACTACGAAATAGAACCTGAAAAAGCACCCACCGAAGAAGAACAGAAAATCATCGAGGCCTTAGAGAAACAAAACAGCAGTAAGGCTGAAACCAATAGCGCTTTTAACGAAACCGATAAAACCAAACATTTTGCACAGGCCTACAAGCAAATTGCTCCGCCCGAAGATTATGTACCATCTTCTAGCGAGGAAAACGATGGGGAAGCTGATGA
NZ_CP151839.1_gap28	952324	955941	3617	GAGCTTTCTATTGCTGGTAGGTATATTGTTTTGGTGCCTTTTTCTAACCGTATTTCTATTTCTCAAAAAATAGAAGACAAAGATGAAAAAGACCGCTTAAAACGATTGGTAAAAAGCATTACGCCACCAGGGTTTGGCATTATTGTACGCACTGTAGCACAAGGCAAAAAAGTTGCAGAACTAGATAAAGATTTACAAAATTTGTTAGGTCGTTGGACCGCAATGTGTAAAAAACTGCACAAAGCACATCATCCAAGTAAAGTATTAGGTGAAATGAATAAGGCCTCGTCCATTTTACGAGACATATTCAATGATACCTTTACAAGTATTCATGTAGATGATGAAGAGCTTTACATTCAAATTAAAGATTACGTGCAAGAAATTGCACCAAACAAAGAATCAATCGTTAAATTGTATCAGTCTACCGTTCCTATTTTTGAAAAATTCGGAATTGAAAGACAAATTAAAACCTCCTTTGGTAAAACCGTTTCTATGGCAAAAGGTGCGTATCTTATTATAGAACACACCGAAGCTTTACACGTTATAGACGTAAACAGTGGAAACCGCTCTAATAAAGCAAACAACCAAGAGGATACAGCATTAGAAGTTAATTTAATAGCAGCTACAGAAATGGCGCGCCAATTACGTTTACGTGATATGGGTGGTATTATTGTAGTCGATTTTATTGATATGACTAGTGCAGAAAACAGGCAAAAGCTATTCAATCACCTTCGCGATGAAATGAAGGACGACAGAGCTAAACACAAGATATTGCCTCCAAGTAAATTTGGTTTGATACAAATTACAAGACAACGCGTTCGCCCAGAAATGAACATTAAAACTAAGGAGGAAAACCCCGACGAAGTAAACAATGGCTCTGAGGTAGAAGCACCAATAGGTATCGTGTCTAAAATTAAACACGACCTAGAACAACTATTAAAAAAAGACTATACAAAGTTGACCTTAAACACACATCCTTTTATAGCAGCCTTCTTAACAAAAGGTTTTCCATCAACACGTTCAAAATGGTTTTTTGAACACAAAAAATGGGTTAAAATTTTACCAAGAGATGCTTACACGTATTTGGAATACCACTTTTTCGATAAAGATGGTAAACAAATTAAATAATTTAAAAAAGCCTTACTATTTATTTAGTGAGGCTTTTTTGTTTTATATCAACTGGAAGTTTTAATTCTACTACTTAAACAAAAAAAGCCTTTACATCCAAAATAAACTGGACATAAAAGCTTTCACATTTATTAAAACTACCACTGCTATAGAGGGATTAGCGGTAGTTACATATTTTATTTCTAACTAATTTTAATTTCCTTATTCCTAGAATCTCGCAATTTTTTTACACCAAGTGCAGCTGCGCCTGCTAGTAAAATACTCAAACCACCATCAAGCGGAATTGAATCTGCACCTCCTGAACTTGGTTTTCCTTGCGGTGCTGTTGGAGCAGTTGTGCCCGGAGTAATTTTCTCTCCAAGATTCTTCTTATTATTAAATAACCCAACAATCCATTCCCAAACAGTTACCGATTTTAAAACAACCATTGCCGGAGCTACTTTCATCGTAGTAGAACTCATATTAGTCGCAACTGTATTTAAGTTTGTATTCAGGCTTGCTGCATTCGCATTCATTGAAAACACTAAGCACAGTGTTAAGGCAATGAGATTTATAGATTTTAAAAATGTAATGTTTTTAGTTTTCATAAGCGCTATTATTTAAATTATTACTAATTCAAAGGTCTTATAATTACCTAAACACTATTTGCTCTATTAAATAAATTATTGATGCAAACACATTACATTTATAATTTATGACAACGATTTAATAAAATCTATATCACGTTTATTAGTAATCGCTTCTTCAGCGTCTAAAATTAAATTAGTTATTTCTTCTTCTATAATAACCTGATATTTTGTATTTTCTTTATTCATGATGTGTTTCAGGTATAAAAGCATGGTTAGCAACTTTTCCACAATAACCACATCATGTTTACAATAGGTTCTCAGTTCTGCCATAACCTGAAAAATTAAATCCTTAAAATTTATAGTAGCAATAGACACGTAGGCTTCGTGGTCTATATAACTCAAGCTCTTATCCTTCTTTTGAACACGTAAAGAAAATAACTGCGATAAGTAATCAATGGCATTTAATGCGGTTCCAGGGTCGTTAATTCCAGGAGACATGGCTTTAACTGCCACTTCCGTAATTTGTTTGAATGCCAGCACGTAATTGTCTTCAACAAATTCACTTTTAGAAAAATCGAAGTGTTCCATGATACTTTCTATAACATCATCTTCTAATTTTTTTTCACTTTTGAAAAGGGTGTTTTCATCGGCCACAAACAAACCTTTTATAACCACTACATCTATTTTTACCTCTTGATTCTTGGCTATTTTAGCAATATTTTCAACTGAAACATTTTGTAAATAGCCCGATTTTTTAGATTTATGCACTTCCCAATTATCAGATTTCGGAAAATCACCTTCTTTATACTTCTCATTATCCATTAAGTACAACATTCTTTGTTTGGAGATATTGAAAATCTTATCCATGATATTATTGATTTGAATTTCCTGAGAAATAGAATGGATAAAATAGATGAAAGCACCAAGACAATTTACCATGAATAGAATAGCAAAAAGCACCGAAAAACCTGGTAATTGGTACTTATCGCCATTGGGTTCTATATAAACTAAAATGAAGGTACAATAGAGTATCGCTGCAATGTACAAGCCCAAAATCATTTGATGCCTTCTATTACTAATTAAACCTGGCAACAATCGTGGTGAAAAATTACTAGAGGCTTGATTAAGTAGTATCATAACCATAGAGAAACTAAACACCATAATAGAAATGAGACCTCCAATAAAGGTAGTTAGTAAACTTCTCGCCGTTTCAGTATTATTTATAACTAAGGCTGGAAACGTTTCTAGAAGGTATTTAGAAATTCCTTGTTCTTCTAGATAAATCATCACGTACGTGAAAACAAAACCTAAAACAGCTAAAAGCGTAGGATAGAACGCAATTTTATCTGTAAGTCGATATAGTTTTCTGAATAAGAAAAGCAATTTATCTTTCATATTATTGATTTTACAGACTAAAGTTAAAATCGTTTGATTATCAATCTGTATGGGGTTACTCTTTTTGACACCTTCAAATGACTTACATGATCTAGTGTTAAACTCATTTAATATAACATTTTCTATAACGACGTCGCACTAAACGTATCGCCTTGTGATAAATCGCCGGTATCAAAGCCTTTTTTAAACCAGCGCATACGCTGTGCAGAAGTACCATGTGTGAACGAATCTGGAACTACCCGACCACTCGATTGTTTTTGCAATCGATCATCACCAATGGCATTCGCTGCATTCATAGCTTCCTCAAGATCGCCTGTTTCCATCATCTGTGTCATTTGCTGAGAATGATGTGCCCAAACACCCGCCAAGAAATCGGCTTGAAGCTCTACTTTTACCGAGTATTTATTATATTCTTTTTCACTAAGTTGCCCTCTTAAGCGATTCATTTTATCTGAAACCCCTGTTATCTTCTGGATATGGTGCCCAACCTCATGGGCAATTACATACGCTTGCGCAAAGTCTCCT
NZ_CP151839.1_gap29	960546	961363	817	ATCAAAATCGGCTCTAATATTGCGACCTTCGAAATCCATTGACGCAATTCCCGTGCCATATTCTACATGATTTGGTTTTATTTTGCTTAAAATAGCAACACCGCTGTACCCTTTTTTCTGTGCACTAAACCAATAGTTATACGTGTAGCCTGCTTCAGCAAAAACATCTAAATCTAATTGTTCCTTTAAAGCTTTAATTTCTTGTAAGCAAATAACATCCGGATTGGCACTTTTTAACCAATCTATGAACCCTTTACTAAGTGCTGCGCGAATACCATTTACGTTGTATGAGATTATTTTCATGTAATAAAATAAGAATTTCAGCTAAAATAAATAATGCGTTACTTTTACACTATTATTTTATGCCACATTTAACGAAATCTATTAACAAAATATTTTAAACTATTTGAAGTTTAAGTAACTAATGAAGTTTATAACCTGCCTTTTTATTTTTTTTATTGGTTTTTGTGGCTTTTCGCAAAACCCAATATCTAACTATAGAACTAAAAAAGTTGCTGTAAAAGACACGGTTGTTATTGATAGCGTAAGTATTAATTCTAATCACTTTTCAATTCAAACTAAAAACAAGGTGGTTATTGACACGTCGTTTTATAAAGTCCATTTTGGAAAAGCCCGTCTGAAATTTATAAAACCGATTGAAACGGATTCTATCATCATTAATTATTTAAAATATCCCGAGTTTTTAACCAAAACATACAAGCAACTCGACGATGCCATTATTGTAGAAAATACTGATAATATTCAAAAACTGTATCAACTTTCACAACCCAATGACACAAAAAATTATATTCCTTTT
NZ_CP151839.1_gap30	969409	973656	4247	CAACTGACCACAAGACATAGAACTTGTACTTCTAGCTTGTATAACATTTGCCGCATTAATGTTTCTTGAACCCAATGCTCGTTGTTCTTCAGAGTTTGAAATCGCATAATGCAACACATCGTTCGTATCGTTAACATGAGATAGTTGGTGCCCATGCCCCAACTCATGAAGTGCTACACTTTCAAAATCATACTGAGTAATCCCTGTTGAGTTGACAGCAGGACTATAATTCCAATTCGCTGCGTCATCAAAAACAATATCCAACTCTGCAACAAACCAACTAAACGTACTTCCTGAGGAACAACCATTAAAATAAGATATACATTGACCCAAAACATCTGTTTCCAGTTCGGAGCCGTTATCAAATCTAATAACATTTACCCCGTCATCGGCATCAATATCTACAGTAGTTGTTGCTCCAATAACCCAATTAATTCCAGTAGCACAACGCCATGATTCAAACGCCCTTAAAAAGGCTGCCTTTGCATTCGCATTCGCATTAAAATCTGTAAACATTTGCCAAGTATAACCGCCTGCAGCGTTTTCATTAACATGTTGTAATTTATAAGCATAAGCAGGAAGCGGTCCAGCAGCATCATCAGCATCATACTCAATATTTGTTTCCGTAGCTGTAACTGTTAAATTACTCGCAGAAGGCGCCGAACCACTAGCACTATCTACAACTCTTATCTTACCTGTCCCCGCTCTTGAAGGGATTTCTACTGTAATTTTCGTATCCGTCCAAGTCAACACTTGCGTTCCTAATGCCTCTATAAATGTAGCACCTCCATCATCTGCATTACTAAATAAAACCTTCCCTTTACTTCCTCCAAAACCAGTACCATTAATAGTAAGTACTGTTTTAGTACCTCCTGTTCCTGAAGTTGGAGTGAACGTTATATTACCGGGTGCCAATACACTTTTACTAACACTAGATTGTTTGCTCATGCCCTCAAAACTAGAAACATTCACATAGCCAGTTTTAGTATGACTCATAATTTCATCATAAAAACGAGTTTCTATTCCTGACTTTTTATTAAACGGATTAATGGCTTGATCTGTATAAACATTATACTTGTAAAACCCCTGTAAAGACCCGTAAGGTTTAAATTGTTTTTTTGAAGTTTTACTTTGAGTATTCAACTTGACGTTATTATCATAAAGCATATAAACACCTACATCATTCACGTCCAATGTTAAACTTGGAGTCACAACTTCAGCAGATAAACCAACAGTTCCACCTCTAGTAACAACTTCAATAGTTTCTACAAATTCACCCTTAAAAACTTTATAAACCCGAACTGTATTCACGGTATAAATATTTTTATTCCCTGCATCTCTAAAGGATTTCTTGGACACCACTTGACCTTCTACAACCAAGCTAGAATTATCAATTTGTTTTTTTAACGACGCTTCTTTAAGTAGGATTTGGGCATTTAAACCTGATACACTTACTAGAAAAACTAATAAGCTAAATCCTGTTTGTAACATAACTCTTTTCATGATATCTAAAATTTTTAATACTGGTTCGAATAGGGACAGTACCAAATATAACAAATTATTAGATATGATTTGCTTAGTTTTGCTACTTTAAGCATACTTAACGCTTAAATAACACAAACTTAAAAACATTAAAAGCTGTATCATATAAAATTGATTTACAGCGAATTTAAAAACAAACACATGAAATACTCACCAATAAACGCTTCACTATTCATTAAAAACAGAAAAAATTTTGCTGCTAAAATGAAACCTAGCAGTTTAGCTGTTTTTAACTCAAATGACGTTTATCCAATAAGTGCAGATAGCACCTTGCCCTTTCAACAACATCGCGATATTTTTTATTTAAGTGGTGTAGACCAAGAAGAAAGTATTTTGGTTTTGTTTCCAGATTGCCCAAAAGAAAAACATCGTGAAATTTTATTTTTAAAAGAAACCAACGACCATATTGCTGTTTGGGAAGGCGAAAAACTAACTAAAGAAAAAGCCTTTGAAACCAGCGGCATAAAAACAGTGTATTGGCTTCAGGACATGGAAAAAATCATGTTTGAATTAATGACACAATGCGACACCGTTTACATAAATACAAACGAGCATTACCGAGCCAATGTTGAAACAGAAACTCGCGAAGACCGTTACACCAAATGGTTAAAAGGAAAATACCCTTCACATAGTGTTGCGAAAAGCGCACCCATTTTACAACGTCTACGCTCCGTCAAAGACCCTATTGAAATTGATTTAATTCAACAAGCCTGTAACATTACAGAAAAAGGGTTTCGTAGAATTTTAAATTTTGTAAAACCAGGTGTTTGGGAATACGAAATTGAAGCCGAATTAATGCATGAATTTTTACGTAATCGCTCTAAAGGCTTTCCGTATACACCTATCATTGCCTCTGGGAACAATGCGAACGTATTACATTATATTGAAAACAATAAGGAATGTAAAGCTGGTGATTTAATTTTATTTGACACCGCCGCTGAATACGCCAATTACGCTAGTGATTTAAGTAGAACCATTCCCGTTTCCGGAAGATATACTGACAGACAAAAAGCCGTTTACAACGCGGTTTTAAAAGTAAAAAATGAAGCGACTAAACTATTAGTTCCTGGAACTATTTGGGCAGATTACCATGTAGAGGTTGGTAAACTCATGACATCTGAATTACTTGGCTTAGGCTTACTAGACAAAGCCGACGTACAAAACGAAAACCCTGATTGGCCCGCTTACAAAAAATACTTTATGCACGGTACCAGTCACCACATGGGACTAGACACACATGATTACGGCATTTTAACAGAACCCATGCAAGCCAATATGGTTTTTACAGTTGAACCTGGAATTTACATACCTAAAGAAGGTTTCGGAATCAGACTAGAAGATGATGTTGTTATTCAAAAAACTGGAGAACCCTTCAATTTAATGGGTAACATACCCATTGAAGCAGAAGAAATAGAAGAAATTATGAATTCATAATTCTTAAAAAGAAGAAAAGGGCTGTTTTAAAAAACAGCCCTTTTTGCTAACAATACTAAATTTTTGCAATTTAAAGAGTGACTAATTCAAATAAATAATCGTTTAGTTTTTGTAGCGTATTAATTTTGTTTTTGGTATCAACCAAAAGTGAAATATTGTTATTACTTCCTCCATAGGAAATCATTCTAATTTTTACATCCTGCAATATTTGAAACAACTTATGTGTTTCTTGATGATTTACTACAGAGTGCCCCACCAAGCAAATAATACTTTGGTTTTTATCAACTTCAGTTGTAGAGAATTTATCTAACTCAGCTAAAATTTTATCTAAGTTTTTATCGTCATCAATAGTTAAGGATACCGCAACTTCCGATGTGGTAATCATATCAATAGACGTTTCGTAGGTTTCAAAAATTTCAAACACCTTTCTTAAAAAGCCATGTGCTTGTAACATTCTGCCAGATTTTATCTTTATAGCAGTAATACCATCTTTAGCAGCCATCGCTTTTACACCACTTTCAGAATGGTCGTCGTTTATTAAGGTACCATACGCTTCTGGATTCATCGTGTTTTTTAAACGAACCGGAATGTTAAGCGATCGAACTGGAGTTACAGTTTGTGGGTGTAGTATTTTCGCTCCGAAATAAGCTAATTCTGCAGCCTCATCAAACGATAAGTTTGAAATAGGTCTTGTATTATCAACATATCTAGGATCGTTGTTATGCATCCCATCAATATCTGTCCAAATTTGAACTTCTTCAGCATTTATAGCAGCACCAATAATAGTTGCTGTATAATCACTTCCTCCACGTTGAAGGTTAGAAATAACACCTTGATCATCCAAACAAATAAAACCTTGTGTGATATAAATTTGTGAATCTTCAACCTTATTATAGGTTGTTTTAAAATGTTCTTTTATATAATTTAAATCAGGATCTTTAGAAGCATCAATACGCATAAAATCCAATGCAGGTAATAATACAGAACTAACACCTTCTTGATTTAAATAACCATTCACCATATAGGTTGAAAGCAATTCGCCTTGTGCTACTATTTTATTTTCTAACTCAATTGAGTACGGCTTATCGGTACATTCTACTAATAAATTAAAAATACTAGACACGTATGTTTTCACATCTTTATTTAAAGACACATCAGAAAGCAAACTATCTATAACATTAAAATAAGTTTCATGAAGTACATTAATAATATCAATAGCTTCATTCGCCTCATTATCTGCAATATGTTTAGATATCGCAACTAATTGATTC
NZ_CP151839.1_gap31	979657	980806	1149	TTCTCTAAACGAAGGCTTTTCTGGTGGTGAAAAGAAACGTAACGAAATTTTCCAAATGGCGATGCTTGAGCCTAAATTAGCCATTCTAGATGAAACTGATTCTGGTTTGGATATCGATGCACTTCGTATTGTTGCTAATGGGGTTAATAAACTTAAAAGCAAAGACAACGCTGTTATTGTTATTACACACTACCAACGTTTGTTAGATTATATCGTTCCAGATTTTGTACACGTACTTTATAATGGTCGTATTGTAAAATCGGGTGGTAAAGAATTAGCGCACGAACTTGAAGAAAAAGGATACGACTGGATTAAAGAAGAAGTGAACGCATAAAAAAAAGTAAACAGTCACAGTAGCAGAATTCAGAAACACTGAAAACTGCGACTGAAAACTGAAAACTGAACGAAATGGATTTAAAAGAAAAATTAACAGCATCCTTTTTAGCATTCGAAAACCAAGTAGATACAGATACCTACGTGCACGATGTTAGAAATGAAGCTATCAAAATATTTGAAGAAAAAGGCTTTCCTTCTAAAAAGGAAGAAGCTTGGAAATACACCTCTTTAAATAGTGTTTTAAAGCAAGATTATAGCGTATTCCCTAAAAAGGAAAATGCGATAGAATATAGCGAAGTGAAAAAATATTTTATTCATGATATAGACACCTATAATGTGGTATTTATAGATGGAAAATATTCTTCGCACCTATCTCAAACCACGCACGATGGTATAGATGTGTGCTTAATGTCTTCAGCCTTAACCAAACCAAAATACCGTTTAGTTATTGAAAACTATTTTAATAAAGCAGCTACTAAAGATAGCTTACCTTCATTAAACACAGCGTTTTCAAATGAAGGTGCATACATTCATATCCCGAAAAACAAGTTAGTACAGAAGCCTATTCAAATCATTTACTTTTCAACAGGAAGTGAAGCGGCAACCATGTTACAACCACGTAACTTAGTTGTGGTAGACGAGAATTCGCATGTACAAATTATAGAGCGTCACCAAAGTTTAACCGATAATCCTGTTTTAACAAACAGTGTTACCGAAATTTTTACAAACAAACGCGCCATTGTCGACTATTACAAAATTCAAAACGACAACCAAAACGCGACGCTTATAGACAATACGTTTATAAAACAAAAG
NZ_CP151839.1_gap32	982844	985896	3052	TTTTTTCTAAAATTAATATATCTTGAACATCGACTAATTCAAATTTATATTAAAAATGAAAAAACTATTTTTAAGTATGGCTGCTGTGGCTTTGGCTTTTACAGCGTGTGACAACGACAAAAATGAGATTACTCAACAACAAGAAGTTGATATGACTGACTTTTATGTTTTCACCGATTTTAATGAAAACGAAATTGCAAAATCTGTCAATTCTAAAAAATCAACTAAATCTTGTTACACCATGAACGTGCTGAACAAGCAGTTGATGGATAATCCCGGTTTAGAAAAGAAAATGTATGATGTTGAATACCATACCAGACAATTTATAAACGCGAAAGGCAAGCCCACCGGCGGAGGTAAACCCGGAGGAAATGGCGGTGGAGAAACAGATGTTGATGTACTACCTATAGAAGATGGTTTAGGTACGGTAAACATTCCTGTTTATTTTCATATTGTATTACCAAACGCCAATGATGTGAGTAATTCCCAAATACAATCACAACTAAACGTGCTTATTAGCGACTTTAATAACCCAAACACCAATCAGCTACCTTCTGGTGCGACGAACTTTGTTAACGATGCTACAAACAGCAATATTAACTTCACATTGGCAGGAACAGCAAGATATAATGATAATACAGCGTCTTGGGGAACAAACAATGCCGTAAAAGCAGCATACCCGCCTATTACACCCCAAACACATTTAAATATTTGGATCTGTAATATTGGAGGTGGTATTTTAGGTTATGCACAATTCCCTGGTGGAAATTTATCCACAGATGGTGTTGTACTACTTCACTCTAGTTTACCTGGTGGATCGGCAGCACCATACAACCTAGGAAGAACAGCGACTCATGAAGTTGGCCATTATTTAAACTTACGTCACATTTGGGGTGATGGTAGATGTAAACAAGATGATTTTGTTGTAGATACACCAAGTTCAGACGGTGCTAATTACGGATGTCCTTCATTCCCAACAGTAAATTGTAGCACTACCGATATGACTATGAATTATATGGATTATACCGATGACGCCTGCATGTACATGTTTACAGACGGCCAAAGAAACAGAATGCGCGCTCTTTTCACCTCTGGCGGAGCAAGAGCAACTATGGCAGGAAATTAATCCTTCCATAATAAATAGTAAAAAGGCGCCATATTTGGCGTCTTTTTTGTATTATTAAGTATAGTAACCTAAATTTAAACCTATGAAAATCCTATTTTTTATTATAACGCTTTTTACCATAAACAATGGTTGTGCACAACAACACATTAACCAAGATTCTATAACTGTAGAGTATTCAGCCATGTCTAGAGGCTTATACAAAGTTATTAAAATCAACAAAAAAACTATTACATACGCATCTTTAAGAGAAGTAGCCCCTATTATAAAACTTTGTGACGACACCAATTGGGATTATATACTTCAGGCACTGAAACAAATAAATATTGAAAACTTACCCAATTTAAAAGCACCCTCAGAAAACCGCCTCTTTGATGGTGCCGCCATAGGGAAATTAAAAATAACTTATGAGGGTAAAACCTATGAAACCCCAAGCTTCGACCATGGCAACCCACATCACGAAATAGCCGAACTTGTTAAAGAAATGCTATCTATTTCAGAAAACATTGAATAGCAAGATTTGTTGTTGTATTTTTGCATAAAATTTAGTGCTTGTGACTATTGAAGACATACAAAACGAAATAATAGACGAATTCTCAATGTTTGAAGATTGGGAAGAACGCTACCAATATATGATTGATTTGGGGAAAGATTTACCCCTAATTAACGACCAATACAAAACCGACAGCAACATTATAAAAGGTTGCCAAAGTAAAGTATGGGTTCATGCCGAAATGCAGAATGATAAAATAGAATTTACAGCCGATAGTGATGCGATTATCACCAAAGGTATTATTGCTATTTTAATACGTGTATTTTCAAACCAGCATCCTAAAGATATTATTGCTGCCGATATGGATTTTATTGATAAAATCGGGCTAAAAGAACATTTATCACCTACCAGAGCTAACGGCTTAGTGAGTATGATAAAACAACTTAAAATGTATGCTATTGCATACCAAACACAATTAAAATAAGTTTATTCGTTGAATCGTTTATTTGTTAATTACTAATAAACGCCTTAACAAATCAACAATTAAACATTAATAAAAATGAGCGAAACAATCGATACCACCGAATTAGGTGAAAAAATAGTAAACGTATTAAAAACCATTTACGATCCAGAAATACCTGTAGACATTTATGAATTAGGTTTAATTTATGATGTATTTGTAAATGAAGATTTTGACGTTAAAATTTTAATGACTTTAACAACTCCAAACTGCCCTGTAGCAGAGACATTACCTTTGGAAGTTGAAGAAAAAGTAAAATCATTAAACGCTGTAAAAAGCGCTGAAGTTGAAATTACTTTCGATCCGCCTTGGACTCAAGATTTAATGAGTGAAGAAGCGAAGTTGGAATTAGGAATGCTATAATTCCTTATCCATTCGTAGTATTTAATAGTTAGTAAATAAAAAAAACGCTGTCCTTCTTCTTTGAAGAAATTAGAATCCGATTATATGTCAAATGAAATTATAAATCGCGTTGCGAATAGTGTACTTGTTACCATTAACCTTGAAGATTACTATCCAAAAGGCCAGCGTACTATTTTCGATATTAAAGATTGGCTATTTGAAGGTTTCGTGTTACGTGAAAAAGATTTTAGAGCCCAAGTTACAGAACATGATTGGTCACAATACCAAGATTGTTTTGTAGCCTTAACTTGCAGTAGCGATGCGATTATACCTGGTTGGGCGTATATGCTTATTAGCATTCAATTAGAACCGTTTGTGAAAAAGGCCCTTATAGGCAATCTTGAATCTTTAGAAACTTCTATATATCAAGATGTTATAAATAATTTAGATATTTCAGAATTTAAAAACAAACCTTTAATTATTAAAGGTTGTTCAAAAAAACCCGTGCCTCAAAACGCGTATATTATGCTTGCTTCAAAATTAAAACCGGTAGCAAAATCTATTATGTACGGTG
NZ_CP151839.1_gap33	988700	990000	1300	GGGTTTATTAAAAAATTTACGAGCAGCACTTTCAATACCATAAGTATTATCAGAAAAAGGAACCGTATTGAAATACATGGTTAAAATCTCTTTTTTGGAATAAATAGCTTCAATCCGTTCTGCAATAATGGCTTCTCGAAACTTATTAATCACCATGCTAAAAAACCGATAGTTATTTCTACCATATAGATTTTTAGCAAGTTGCAAGGTGATAGTACTTCCTCCGCCAGCAGATTTATCTCTTAGCAAAATGCTTTTTACAAAAACCCGCATTAAACTAATATTATCGATGCCATCATGCTCAAAAAAACGAACATCTTCCGTAGCTACTAAGGCATCAATAAGGTGTTTTGGAAAATCTTCATAATGCAAAGGCTGCCTATCATAAATATAATATTTACCTATTAGCTTGCCTTCTTGATCTAAAACCTGAGTAGCTTCTTCCTGTTTGATGGAACTAAGTTCTGTGCTGGTTGGTACTTTCCCAAAAACACCTAAATAAATACTAATATAAAGACCTACAAAAAAAATTAAAATGGCAGCAAAACCAACAAGTCCCCATTTTATCCATTTATTTTTCAATACACTTTTTATTAACTCCATACTCGGTTTTAACTAGTTCATATCTTCGTAGTCGGGGTACAAAAATTTGTTATAAGGAAAACGTGTGATGTGAATTTCGCGAACCTCATCATAAACACGCTTTTTAAAATCTTCTAAATTTTGTTTATTCAATGCTGAAATAAACAAGGCATTGTTACCTACTTTACTCATCCACGTACTTTTCCATTCATTAAGTGAATAATGCTTCGAACTACGTTCCGTTTCTAAATCATCGTCATCTAAAGGCTCTGCTTTATAGGCATCAATTTTGTTGAACACCATAATAATTGGCTTATCGGCACTTTTAATTTCACCTAATACCTTGTTTACAGACTCGATGTGTTCTTCGAAATTTGGATGTGAAATATCAACAACATGCAATAACATATCAGCTTCTCGTACCTCATCAAGCGTTCCTTTAAAACTTTCAACCAATTGGGTTGGTAGTTTTCTAATAAACCCAACGGTATCACTCAATAAAAAAGGTAAATTTTGAATCACCACTTTTCTAACCGTTGTATCTAAAGTCGCAAACAATTTGTTTTCAGCAAAAACATCGCTTTTGCTTACCACATTCATTAACGTCGATTTTCCAACATTCGTATAACCCACTAAGGCAACACGCACCATAGCACCACGGTTACCACGTTGTACAGACATTTGTCTGTCAATCGTTTTTAGTTTATCCTTAAGTAAG
NZ_CP151839.1_gap34	996751	1001592	4841	AATGCAGCGCTAAACTCGAAGGCGGCCGTACGCTGAAACACATCCAAAGACGCTGCTAGTAATCCCGAAATATTATCAGACCCGCTGTTATCATCATTCAATTCATCATCGGAAAGGGTAATGGTAAACAAATCTTGAGTACTTGTAACATCAAGATCCAAGGTCATGTCTGTAATATTAACCGTTCTATTAAGGTTAACCACGACGGGAAATCGCTTCGTTTGATAGCCTATTTTATAAATTTTTATGATTTGTTCTCCCAAAGGGATGTGAGCAGAAAATATAAAAGCACCATTTGCGTCAGTTTGAGTTAATTGGTCTGTGCCTTCAATACTAATTGAAACATCGGGAATAGCATCAAAAGATAACGCATCTTTCACACTCCCTTTAATAATGGTTTGTTGTGCGAAAACTATAAAAATTGAAAATAAACTGAACAAAAAAGCAAACCATCTTTTTTTCATCCTTCAATTAAATATTATAAATTAAATGTGGTTAAAAACCCCTTTGTTTCATAAACATAAACTTACATTATTTTTTGATTACTATTTAAAATTGATTTAAATTTTACATCAAAAAAATAAAGCCCTTTTTTACTCATGAAAAAAGTTAGATTCTATTTATTAGCTTTCATATTAGTTCTATTTACTAAAGCCAACTCGCAAGACAAAAAGCTTTACAAAATACACACACTCGCTTTCTATAATTTAGAAAACTTGTTCGACACCATGGACGACCCGACAAAGTTTGACGAATCTAGCCCCATCATGTCCATAAACACAAACCGAGACATCGTTTATAAAAAAAAGGTTAAAAATATGGCACTGGTTTTAGCCAATATTGGGAAAGAAGTCAGCAATAATTCGCCTGCCATCATTGGTGTTTGTGAAGTTGAAAACAGAGACGTACTTGAAGACCTTGTTAATGATAGCTTATTACAAAGTATAGATTATGGTATAATTCATTATGATTCACCAGATCTTCGAGGTATTGATGTCGCTCTATTATACCAGAAAAAACTATTCACGCCTATTTCTACGAGCAGTCATGAATTAAAAATTTATGATGACCAAACAGGCAAACGAGTTTATACCAGAGATCAACTGCTGGTGAGTGGCTATTTAGAAGAAGAGCTTATTCACGTTATTGTAAACCATTGGCCCTCTAGAAGCGGTGGTGAGGCTAAAAGCAAACCTAAGCGCATAGCTGCGGCAAAATTAACCAAACATGTGGTAGACTCTTTAATTATAATTGACCCCTATGCAAAGGTTTTTATTATGGGCGATTTGAATGATGACCCAACAAGTGAAAGTGTAAAAGCCATTTTGAATCCAGAAAAAGATAAAGACAAAGTTCTATTTAAAGGCCTTTACAACCCTTTTGAAGCTTTTTATAAGAAAGGCCTGGGCACAACAGCCTATAGAGATGCTTGGAGCTTATTTGACCAAATAATAGTAACCAAACCGTTGCTTGAAAAAGATTATAGTTCGTTTCAATTGTACAAAGCAGGCATTTACAATAAAAACTATTTAATTGAGAAAGCGGGCACCTATAAAGGCTACCCAAAGCGTAGTTTTTCACAAAGTGGTTTTAATGATGGCTTTAGCGACCACTTTCCTGTTTACGTTTACCTTATAAAGGAAGTGAAACCTTAAAAACACTTTCTGTTAAAACAAAACAAGCGACTTAAAAGTCGCTTGTTTTGTTTCTAGGCTAACCACGTACTCCAAGGAATTCTTGATAATAACAATACCAAACCTAAAGAATAGAAAATAGCGATTGGTTTTAACTTTGCTTGCGACGTTAGTTTCTTTTTATGTTTTGAATAACCTATTGTAATTAATGCAATTGCAATAATATTTACAAATGGATGCTCTACTAAATACAAACGTGCTATTGAGTTTTTCATAACTTCACCTCCCATTTCTGCCCACAAATCGAATCGGGGTGAAACAAAATATAATATGATACCAATAAGTAATTGAATATGCGATACGATTAAAGTAAATAAAGCGATTCTAAAATCTTTAGGTTCATATTCTTTATCTCCAAATACTTTTAATAAGGCATTTACAACCGCAATAATTAAAACTATAAACACTAGATATGCCCAATAAGAATGGAGCTTTAAAACAACATCGTACATGAATTAAATAATTTAAAATTTATAAAAACAAATGTAATAATTAAAACATAAAAAAACCGCTTCCTGAGAAGCGGTTTTTAAAACTTAAAATAGTGACTTATATTATTATTCCCATTTATTTTCAGCATCCGTACCACCCCAAATTAGGGTCGCTAAATATGCATTATCAATAAATGGATTTCTATTGCCTTGAGCTGCGTAAATCACATTATTTCGTTGTACTTCGAAGTCAGATACAGGGTCTTCAATGTTCCATTGTAAAAACATTTCTAATGTGCCTACTTTGGTAATTACTTCTCCATAGCGTATGTTTAAATATAAAACCATTCTTGCTACATCTCCTTTCCATTCGTCTCCAGGATACCATCTGTTTCCTCCAATTAATTGATTCGCTCCACTACCTGTTGTAAAACTATAATTACTACGTTGGCCATTTACTCCTGAATCACAAGACCTTAAATGATGTAAATCCGTTACAGCATCGGTTGTACTTAATAGAGACTGCGGAAATATATGCTCAGTGTTAAAAGTTTGTGGAGAATATGAATTTGAACCTGATGTGTATTCTTTCCAATATCTACTTTCACTTGTGTACATTAAAATCACATTATCGGTATTAGTCAAATCGGCATCTGCATTGTATAAATATTCATGTCTTTGACCGTATGACAATATACTTGTATGTTTTGAAACAGTTATGCTTTCTAACTCTTCAAACATTAAATCTGTATTTTCAGAAAATATAACACCATTATAATAGTCCCTTATTTCTGTTGGTATATTAAAATTTATTGAATTTAAAACAGTAATTGTTACTGTTGCTGTTGCACAAGAATTATTAGGCGTATCATTATCACAAATGGTATATGTGAAAGTATCTTGGCCAATAAAATCGGTTTGCGGCTCATACGTAACAGTGCCATCTAAATTTAAAACTACTGTTCCTATGGAGCTAGAACTATTAATAAATTTTAAAACAGCACCGTCAATAATATCATCATTTTCTAATAAACTAGTAATTACTTTAGCTGTGTTTTCTAAAACATTAATGGCATCATCAACCGCAACTGGGTTACCTTCGTCTGTTACTGTTATTGTTACTGTTGCTGTTGCACAGGTTTTATTTGGCTTATCATTATCACAAATAGTATATGTAAAAGTATCTTCACCATTAAAATTTAGCTGAGGAGTATAAGTAATCGTCCCGTTTGAATTTAAAATGACTTTTCCTAAAGTGGCAGAAACATCGATAGATTCAATTAAAGCACCGTCTATAGTATCATCATTTTCTAATAAAGTATTAATGACTATAGTCGTATTTTCAATTACACTAATGGCATCATCTACAGCAACTGGATCGCCTTCGTCAGTTACAGTTATTGTTACTGTTGCTGTAGAGCAATTTGGCGGTGTTTCTCTATCACATATCGTGTATGTAAACGTATCTTCACCTAAAAACCCACTTGCTGGAGAATATGTATAAGTTCCATCTCTATTATCAACTATTTTTCCTTGATTCGTGGTAACTGAATCAAAACCAGTAATTTTCGCGTTATTTACAATAGTATCGTTTGATAATAAATTTTGAATAATCAAATCTGTATCTTCTACTGCTGTAACATTATCATCTACCGCAATAGAAACACCTTTGGGTGTTGGGTCTGGCTTTGGCGAATCTTCTTCACCTGAACTACTGCAATTAAAGAACAGTAAAACAACTAGAAATAATAAACTAAATTTTTTCATAACATTAATAAATGAATTAAACTTTGAAGAGAAAAAAAACCACCTTAAAAGAGGTGGTTTTTATACTATTTTAGTAATAAATTCTTATTGTACAACCCAAACACCTCCGGTTTTAACGAAGCCTGTTTGATAATCACTTTCACCATTATCAAAAATAACGTATGTTAAAATATACTTTTGTCCTTCTTCCGCATTTGGATCTAAATGATCTAAGAATATTGCTAAAGCAAAATTAATTTGTGCTTCAGTCCAGTTATAATCAAAATCACCATATTGTGCTAAGTTTCCAATTAATCCAGAATATTCTGCACTAGTTAATTGAGAAGCTATATACACATAATCTCCATTTCTTACTAAAGTATACTTAATGGTATTATCTGGAACCCAAGTTGTACCATCGTGTCCAAACTTTAAAGAAGTATTAATAGTTGATTCATAAGCTACCCAAACACCATCTTTTTTAGTATATAAATTACCTCGCGTCTGCGCACCACTAGAGCTAGACACATAATTATACAATACATTCAATTCTTTACCCTCTTGAGCGTAAGGGAATTTTAGATTCAAGAAAGTAGGCAAATAGCTATTTGGTTGAGTAGAACTTCCAAAAGCTTCAATACCTATTGAAGCAAAATCTGTATCACTTACTGAGTAAAACTGATCTGCAACCGGTACTACCCATGCATCACCTGTAAAAGTATAGATTGCTTTATGAGAAACTTTAGCTCCCACTACCTCATCTTCTAATACGTCATTAGTCATTAGAGACGACCAAGTATTTGCTACACGTATACCGTCGATTACTCCAGTTGGACCACCATTTCCTTGGCGAATTCCGATTCTTTGTGCAGAATTTCCAGCATTTCCAGTACTTGTCGCTTCTGCGGTACCTGGTTCCGTCGCTTCAGCTGCTGACAATACATATAAATTAGATGTACCTGTAGCTATA
NZ_CP151839.1_gap35	1087727	1091522	3795	TGCTTTAAGTAAGCAAAACATTCGTGTAAATGTACCGTCTCGTTTCACCATTGGTGTATCAACCGAGCCTGGTATTATGCAAAATGCAGCCGAAAGGTTATTAGGTTTAGGGCAAAACGATATTCAAGAATTGGCACAAGAAATCATTTTCGGTCAATTACGTTTGGTAGTTGCTTCTATGGATATTGAAGAAATTAATTCCGATAGAGATAAATTTTTAACCAATATTTCTGAAAGTGTCGAATCGGAGCTTAAGAAAGTAGGCTTAAAGCTTATCAACGTAAATATTACAGATATTGTTGATGAGTCTGGATACATTCAAGCTTTAGGAAAAGAAGCTGCAGCACATGCAATAAATGCCGCTAGAAAATCGGTAGCAGAAAAAACCAGAGATGGTTCTATTGGTGAAGCCAATGCGGTACAAGATGAACGTACTCAAGTAGCCGAACTTCATGCTAAAGCAAAAATTGGTGAAGCCAATGCGAGTCAAAATGAAAGAACACAAATTGCAGCAGCCAATGCCCTAGCCATGATTGGTGAAGCGAATGCAAGCCAAAATGAACGTGTACAAACCGCAAGCGCTGTTGCCAAAGCTAAAATTGGTGAAGCGGAGGCTTTAAAAGATGAAAGAATTAAAACATCTGAAGCCAATGCCCGTGCTATTGATGGAGAAAATATTGCAAAAATTTCGATTGCAGAATCGGATGCATTAAGAAGAGAAAAAGAAGCGGAAGCAGAAAAAAGAGCGATTACCTCTGAGAAAGTTCAGGCAGCTAAAGCCTTAGAAGAATCTTATGCCGCTGAAAAACTAGCAGAAATTGCCAGAGCAGAGCGTGTACGTTCTACACAATTAGCTGATATTGTTGTGCCTGCGGAAATTGACAAAAGAAAAGTTGAAATTGATGCTGAAGCCGAAGCAGAAAACATTAGAAGAATTGCAAAAGGACAAGCCGATGCGATTTTATTAAAAGCACAAGCGGAAGCGCAAGGTTTATATGAAGTATTAACCAAACAAGCAGCTGGTTTAGACCAAATTGTTAAAGCAGCTGGAAACAGTTCTAAAGACGCCGTGCTATTATTAATTGCTGATAAATTACCAGAACTTGTAAGAATACAAGCAGAAGCCATCAAAAACATTAAAATTGATAAAGTAACTGTTTGGGATAACGGCGGTGGCGGTAAAGACGGAAAATCGTCTACAGCCAACTTCCTTTCGGGCATGTACCAATCGGTGCCACCTTTACAAGAAATGTTCAATATGGCCGGAATGGATTTGCCAGAATATTTAAAAGGAAAAGACCGTGAAACGAAACCGGACAACACCCCAATACAGGATGTTAGCGATGACACAGAAAACGCTACTATAATACCAAATGAATAAGGTAACACCTATCATTTAACCCACAAAACCCTGTTAGTTGCTACACATCTAACAGGGTTTTTCATTTATAATTGGCTTTAAAATAACATGTATTTGCTTTATAGAACACCAGTCTGTTTTTATTATTTTAGAATTTTGAACAGTACGATTTCCATAGTACGCGTACCCAAAAATCCAACCAGGTCATTTTAAAAAGTCGCAAACTACTTAATTCTATATATTAAATTATTGAAATGGCGCATGTTATGCATTTCTAAAAAATAGTACGCCCCTTCTGGTAAAGCCCAAAATACTATTTCCTGTTTCATTACGTTTTCTTAACTTTGGCATATTAAATTAATAGAGCTTTGTCGTTGAACTTACAAGATATTCCTCGAGTAAAAACAATTACAAAAGAGGACTTTTTAGAGCAGTATTTTAAACCGCAAAAACCTGTGGTGATAGAGCGGTTTATAGACCACTGGCCTGCTTATACCAAATGGAATTTAGACTATATGAAAACCGTTGGCGGCGACCTAAGCATTCCCTTATACGACGATAGACCGGTAGATTATAAAGATGGTTTTAACCAACCACACGCCAAAATGAAATTGGCCGATTATATCGATTTACTTAAGCGCGAACCCACTAAATACCGCATTTTTTTGTGGAATGCCATAAAGGAAATCCCGGTGTTGCAAAACGATTTTTCGTTTCCCGATTTTGGTTTACGCCTCCTAAAAGGCATCCCTATGTTATTTTTTGGTGGTCGTGATGCTTATACTTTTATGCATTATGATATTGATATGGCAAATATTTTTCATTTCCATTTTGAAGGTGAAAAGCAAGTTATTTTATTCGACCAAAAACAGAATGGCTATTTATATAAAATACCACACGCCTTAATAACTCGAGAAGATATCGATTTTAATAACCCCGATTTTAAAAAGTGGCCCATGCTTAAAAAAGCAAATGGACACAAAACCACTTTAAAACACGGTGAAGTATTGTACATGCCCGAGGGTTATTGGCACTACATGCGTTACTTAACGCCTGGTTTTTCTATGAGTTTGCGCGCCATTGCACGTAACCCGAAAAACTTCAGTAAAGCGGTTTATAATCTGCTTGTTATGCGCAATTTTGATAATGCCATGCGCATTATCAAAGGTCAAAAATGGATTGATTGGAAAAACCAACAGGCTATTAAGAAAACCCACAAGAACTTATAAATAAAACCACTTTTTACAAGAACTTGTAATATATTTGCGGCATCAAAAATTTAAAAAAAAATCATGCAAAAAATAATTTTATTAGTAACCATACTTACCGTATCGCTTTGTAATTCACAAGCTTTTATGGGTGTTAACGACAACAAACTACAACTAGGAACGAATTTACAAAACAATGCCACCGGTTTTAACATCAGTTACGATTATGGTTTGGGTGAAAACATATCTGTTGGTATCTCATCATCTTACGCATTAAGTATAGACGAAGAACTTTCTAAAAGTTTTACAGATCGTTTTGATTTGAAAGCGCGTTTTAACGCCAATCTAGGAAACGTTATTAATGTAGATGATAATTTTGATGTGTACCCAGGTTTAAACTTAAGTCTTAAAAATTTTGGTGGGCATTTAGGTGTGCGCTACTTTTTTACTAACGGTTTTGGTGTTTACACCGAGTTTAATGTGCCTTTTGCAAAATATAATACAGAAATTTTAGAGCCTTCTGAAAAATTACATAACCAATTCACGGTTAATTTAGGTGCTTCTTTCAATTTGTAATTAAGAACCTTTTATAGTATTTATTAAGGGCGGAAAAACTAAGTTTTTCCGCCCTTTTTGTTTTTATTATTTTTTAAGTAATTCGGAATGACGAATATACTGAAGCAATTTGCCAATTTAAAACCTATATCTTCATCTATAACGTCATTGCGAGGCACGAAGCAATCTGTTTATTGAACGTTTAGGAATGTGTGCAACTTTAAATCATGAGATTACTTCGGTCATGCTTCCCTCGTAATGACGCAAAAATTAGAAACATTCTAACTTAAGCGTCATTGAGAACGCAGTGAAGTAATCTGCCAATTTAAAACCTTTATCTTCTTCTATAACGTCATTGCGAGGCACGAAGCAATCTGCTTATTGAATGTTTGGGAATGTCTACAACTTTAAATCATGAGATTACTTCGGTCATGCTTCCCTCGTAATGACGGAAAAATTAGAAACATTCTAACTTAAGCGTCATTGCGAACGCAGTGAAGTAATCTACCAATTTGAAACCTAAATCTTCATCCATAACGTCATTGCGAGGCACGAAGCAATCTGCTTATTGAATGTTTAGGAATGTGTGCAACTTTAAATCATGAGATTACTTCGGTCATGCTTCCCTCGTAATGATGGGGAAAATAGAAATATTCTAACTTAAACGTCAAT
NZ_CP151839.1_gap36	1273930	1278312	4382	AATGTTGTAACAAACGGTGCGCCATCACATCTGGATAACGACGAATTGGCGATGTAAAATGACTGTAATAATCAAAAGCCAAACCATAATGTCCAATATTATGGGTGGTATATTCGGCCTTACTCATCGTTCTAATGGTTAAGGTATCAACTAAATTTTGTTCCTTTTTACCATTCACATCTTTTAATAAACTATTAAGTGATGCTGATGTTGTTTTACGGTCTTTAAAATTTAATTTATAACCAAAACGAGATACAATACCTTGTAAATTAGCAAGTTTACTCTCATCTGGTTCATCATGTACTCGATATACAAACGTTTGTTTTGGAGATTGTTTACCAACAAATTCAGATACTTTTCGGTTGGCTAATAACATAAATTCTTCAATTAATTTATTAGCATCTTTACTTGTTTTAAAGAACACACCTACTGGGTTAGCGTTTTCATCTAAATTGAATTTAACTTCCACTTTATCAAAAGAGATCGCACCAGAACTCATACGTTTATTACGCATTTTTTTAGCTAACTCATCCATTTTTAAAATGGCTTGTGCTATTTCTGGAGCAGTATTATATGCTGTATCAGTTAAAGAAACTTCTTGAGGAATCGTGGTATCTATTTTATCAAGTTGAGAAATTTCATCTGGTTTTAAACCAATATTATTTTCAATAACTGCTTGCGCTTCTTCATAAGCAAAACGTGCATCACTATAAGTCACAGTTCTACCGAACCATTCGTTTTTAATTTCACATTTATCATTCATTTGAAATACCGCAGAAAAAGTAAATTTTTCTTCATGCGGACGTAATGAACAGGCATTATTCGATAATATTTCTGGTAACATAGGTACTACTCTATCTACTAAATACACAGAAGTTGCACGCTCGTAAGCTTCATCATCTAAAACAGTACCTTCTTGTAAATAATGCGATACATCGGCAATGTGCACACCTATTTCGTATAAACCGTTCTTTAAAATTTTAAAAGATAAGGCATCATCAAAATCTTTCGCATCTTTTGGATCTATCGTAAACGTTAAATCTTTACGCATATCACGACGTTTCGCAATTTCTTCTTTGGTAATAGTCGTATCTATATTATTTGCAAATTCTTCTACTTCATGCGGAAACTCGTAAGGCAAGCCATACTCCGCTAAAATAGAATGGATTTCGGTGTTATGATCGCCTGGTTTACCCAGAACTTGAATCACTTTACCATAAGGTGAATCGGCTTTTTCTGGCCAATCTTCTAGTTTTACCAATACTTTATCGCCGTCTTCAGCTTTTAAAGTTTTATTGATAGGTACAAAAATATCTTTGTACATTTTATTACTATCGGCAATTACAAAAGCATATTTATCATGCAATTGTATCACACCTACATATTCACTTTTATCGCGTTTTAAAACTTGTGTTATTTCACCTTCTAACTTACCACGATGGCGACGTTTGTAAACATAAAATTCTACTTCATCACCATTCAAGGCTTTATTAACGTTATTGGAAGCGATGAACACATCATCTTCAAAATCGTCACAAATAATATAACCGTTTCCTTTAGACGCTAAATCTAAAATACCGGTATGGTATTCAGTGTTAATAACCGCTTTGAACTTGCCTCTTTCTACTTCTTCAACTTCTTTTTTAACAGCAAGTTCTGCTAATTTTTTTATAATTTGATTTCTACTACTAGCATCATTTACATCTAGTTTAGCAGCAATTTGTTTATAATTAAAACTTTGGTTTCTATCTTTTTTTAAAATACTTAAAATAGTATTTGTAAGGTTGGAAATGCCTTTTTTGGATTTTCCGTTTTTCTTTCTTGTCATGTAATTTTTGTAATCATTTTCTATTTCCTAAGATACAGGAAATTGTTTTATTAAATAGCAATATATTAGGAGAAGTATTTGCTATTTCTTTTAGCAAAGTTACAATTTTAATATTAAAGCATATTTTTTTAATGTTAAGCTACCTTAAATTGTAGTTATCCACATTATATACTATATATATATTTTCTTTTTAAAATTTAAAAAATTAAATGATTGTTATTATAGTTTGTTAATAGCGGTATAACTTTATTAAGTTTTATTTTGATTACATTGTATTTACATTCTATTAATACGAAGTTAACATGTTATATTACTTTAAAAGCTTCATTTTTAAGGATTTTAAATTTTCTATAAACAGTTGTTAACAACTTTGAAATACTGTTAATTATTAATAAGATTTTTAAAAACACTGTTTATAGACTTCAATTTTTAAGCTAATAACATTGCTAAAAAAAGTGAGTTAAATTTTAGGATATATACTTTCTGTTTTTGATTGGAAAAATAAATGGATTTTCAATTTTATTCTTTTAAAATTCTATCAACACTTATTAACAAGTAATGAATATAGTAATACACATTGTTTATAATTGCTACCTTTGTATAAAGATACCCTAATATATATATAATGAAAATTTCTATAGGAAACGACCACGCAGGAACGGATTATAAATTTGCTATTACAAAACACTTAGAATCAAAAGGTTATACTGTTAATAACTATGGTACTGATAATAGTGATAGCGTAGATTATGCCGATTTTGTGCACCCAGTTGCTACCGATGTTGAAACTAATAAAGCCGATTTTGGAATTTTAATTTGTGGAAGTGCTAATGGTGTTGCCATGACAGCTAACAAGCATCAAAAAATTCGTGCCGGTTTATGTTGGAACAAAGAAATTGTACATCTTATACGTAGCCATAACAATGCGAACATTTTATGTATTCCTGCAAGGTTTACGGCAGTACAACAAGTTATTGAAATGGTTGATGTTTTTTTAAACACAGAATTTGAAGGTGGCCGTCACCAAACACGCATCGATAAAATTCCGGTATCTTGTTAAATGAGTCATTCTCATTCGCATACACATTCTCATAATGAGTTAAAAGGTAGTAATCTTTTAATTTCTATTTTTTTAAACATTCTTATTACAGCTGCACAAGTTGTAGGCGGCTTAGTATCTGGTAGTTTAGCCCTTTTAAGCGATGCACTTCATAATTTTAGCGATGTTATTTCTTTGGTTGTTAGTTATATAGCTAATAGACTTGCTGGAAAAGAAGCTTCTATTCACAGAACCTTTGGTTATAAACGTGCTGAAATTTTAGCAGCATTTATTAACGCTGCTACCTTAATAATAGTCGCTGTCCTTTTAATAATAGAAGCTGTTAAACGTTTTGATAATCCTGAAACTATTAACTCGGGCTTAGTTATTTGGTTATCGGTGTTAGGTATTTTGGCGAATGGCCTAAGTGTTCTTTTACTTAAAAAAGATGCGAGCAATAATATTAACATGCGCAGTGCTTATTTACACTTATTAACAGATATGTTAGCAAGTGTTGCCGTGCTTATTGGTGGCTTATTAATGAAGTTTTATCAACTTTTTTGGGTAGATAGTTTACTTACCTTTTTAATAGCACTTTATTTAATTTGGGTGGGGTATGATTTGTTAAAAACATCTACCAAAATGCTCATGTTATTTACACCAGAACATATTAGTATTAAAGAGGTGGTGCGTTTGGTGAATGAATTACCTAAAGTTAAAAAATTACACCACGTACATATTTGGAACTTAAGTGATAACGAGCTGCATTTAGAAGCCCATTTAGATTTAAATGAAGATGTTTCTATTACCGAATTTGATACCGTTTTACAAGCCATTGAAAGCCTTTTACATGAAGAATTTAATATAAACCACATCACCATTCAACCGGAGTTTAATAAAAACGACTCTAAAGAAGTGATTGTACAAGATTAGTTATAAACCGTTATTACGAGTAAAACGAAGTAATCTCTTCTATTTTAGTTTTAAAAATAATAACTTCAGTTATACGTACTTCGTACAGACTATTGAATAATATTGTTATGATACATACCCAAGTAAAAACATTTTCAGAGTTAACAACTCAAGAGTTATATAATATTTTACAACTTCGTAGTGAAGTTTTTGTAGTCGAGCAAGATTGTGTGTATCAAGATATTGACGGGAAAGACCAAAAAGCATGGCATGTATTAGGTATTAAAGATGAAAAAATAGTGGCCTATACACGTATTTTTAAAGCTGGCGATTATTTTGAACATGCCAGTATTGGTCGTGTGGTTATTGCAAAAAACCAACGTGCTTTTAAATATGGTTACGATTTAATGAAGGCCTCTGTAGAAGTTGTTGAAACCTATTTTAAGGCGAAAACCATTCAAATTTCCGCGCAAGCGCATTTAAAATCATTTTATAATAACTGTGGTTTTGTTGAATTTGGAGATGAATATTTGGAGGATAATATTCCGCATATTGCGATGTTAGCAACAATTATTACTGAAAGTGAATAAACTCGACTACATC
NZ_CP151839.1_gap37	1471863	1476559	4696	TCTCATAAAAAGCAAACCTTAGGGGAATTTATCATTGAAAATCAATCTTCTTTTAAATATTCCTCAGGTGAATTATCGAGTCTTATTAACTCAATTAGACTAGCTGCCAAAGTTGTAAATCATGAAGTTAATAAAGCTGGATTGGTAGATATTATTGGTGCAGCAGGCGATACCAATATACAAGGTGAAGACCAACAAAAATTGGATGTGTATGCCAACGAAAAGTTTATTCAAACACTTACCAATAGAAATATTGTTTGTGGAATTGCTAGTGAGGAAGAAGATGATTTTATTGCCATTAATAGTCAAGATGAAAACCACCAGAATAAATATGTGGTTTTAATTGATCCTTTAGATGGTTCTTCAAACATTGATGTAAATGTGTCTGTAGGAACTATTTTTTCAATTTACAGACGTGTAACTCCCGTAGGGAGCCCTGTTACTATTGAAGATTTTTTACAAAAAGGAAGCCAACAAGTGGCCGCAGGTTATGTGGTTTATGGAACTTCCACCATGCTCGTTTATACTACCGGAGCTGGTGTTAATGGATTTACTTTAAATCCTGCCATAGGCTCGTTTTATTTGTCGCATCCAGATATGCAGTTTCCTGAAGATGGCCATATCTATTCTGTGAATGAAGGGAATTATATTCACTTTCCACAAGGGGTTAAAAATTATATTAAGTATTGCCAACAGGAAGAAGATGATAGACCTTATACGTCTCGATATATTGGGTCTTTGGTATCCGATTTTCATAGAAATATGATAAAAGGTGGTATTTATTTATACCCAAAAAGTTCCTTAAACTCTAACGGTAAATTACGTTTGTTATATGAATGTAACCCGATGGCCTTTTTAGCTGAACAAGCGAACGGGAAGGCTAGTGATGGTTTTACGAGAATTATGGATATTAAGCCAACTGAATTACATGAACGTGTGCCTTTTATTTGCGGTAGCAAGAATATGGTTGCTAAGTGTGAAGAGTTTATGAAAAACGCTCAATAAAGAAAAACATATTTTAAACAAAAAAATGCGAACTTTTCAGTTCGCATTTTTTGTTCAGGTCGATTCTTTTTGAAGCAATCGTCCCATTATTTAAAGTTTTAACTTTTAGATTTAATATGCTTAATACATTCATCGAAGGTATTAAATATATGCTCTCTTGGCATTAAATCAGGAATAATATCAATACGTTCCATCAAGTATTTTGGCTGATCAAGTAAATCAACAAAGTACGCTGTAATTTTATTTTTATTAAGTTCCTGAAGCACATCTTCCATGGCATATAATCCAGATTGATCCATATACTGCATACGGTCTAAACGAATAATAACCATAGAGGCTGTATTAGGAATTTGAGCAGACAAACTTTGAAATTCACTAGTAGAACCAAAGAATAAAGGGCCTTTGATGTGTTTTATGAACACTTTTTCTTTTAATTGCTCAGGGAAATCCAATTCATCTTTCCATGCTTCTTCTTTTAAAGATTTAACATCGGAACGTTCTGCAGTTAAATCTCCAATTTTTTTCATGAACATTAAAGATGCAATGATAAGTCCAATACCTACGGCATACACTAAATTCCAGAAAGTTGAAAGAAGTAAAACAACAAACATTATAATCACTTCTGAACTTATTTTGATAGGTCCAATTTTAGCATCTCTTGGTAAACTTGGTATGGCTTTAAGACCTTTATAATCCATAACTCCAATACCTACTGTAATTAATATACCAGCAAGAACTGCGGCTGGAATTCTTGAAGCAATAGGTCCAAGACCTAGTAAAATAACAAGAAGCATGATACCTGCAATCATACCTGAAAGTTTTGTTTTTCCACCAGAATTGATGTTTACAACCGTTCTTATGGTTGCTCCAGCACCTGGAATACCACCAAAAATGGCAGCAATACTGTTACCAATACCTTGACCAATAAGTTCTTTATTAGGTTTGTGTTTGGTTTTGGTCATATTGTCGGCTACCACACTGGTTAATAACGAATCAATAGCTCCTAATAAGGCTAAAGTTAAAGCTGTAAATATGAAAGGCGTAATACCTGAAATACTAAAGTTTGCGAAAATTTCCAGATTTGGAATTGGAATTCCACTAGGTATTTCCTCAATTGGTCTGTAGTTTAATCCAAAAGCTATGGCCGCACCAGAAACCACTACCAAAGCCACCAAAGTACTCGGTATTTTCGTGGTAATGCGTTTAAACCCATAGATAATGATAATGGTTGAAAGCGCTAAAATTAACTCTAACCAGTTAATGTTTTGAAGCGCCCTTGGCAATACTTTTAAGGTTCCTAAAACACCTGAAGCTTCATTTTTAGCGAGTGTTTTTGATTCTTTCATGATATCTTCTTCACCTATAAATTGGGCTCTGGTAACAGTTTCTTTAAAGTTTTCTAAAACCAAAATACCTTCACCAGCTTCTTCTTTCAAGATGTTTTCTAAAATCAATTCTTCCGCTTGCGGTTTAAATTGGTCTACAAATTCAGTGTCTTCTTTAGGGTAATATCCAATAGAAGGCAATACTTGTGTGATTAAAATAATAACACCAATGGCCGTCATAAACCCGGAGACCACGGGGTAGGGAATGTATTTTATATACTTACCAAACCCTAAAGCACCAAGCCCTACTTGCATTAAGCCCGCAAGTAAAAACACGGTTAGTATGGCAGGTAAGGCCTTTTCAACATCCCCATCATTAACAGCTATAATTCCAGCAATTACAACCATACTCACAGCCGTCATAGGTGCTGTTGGTCCAGAAATTTGAGTATTTGTGCCTCCAAAAAGAGCCGCAAAGAAACTTAAAAATATGGCACCATAAAGTCCAGCACTTGGGCCTAAACCAGATGAAACTCCAAAAGCTAATGCTAGTGGTAATGCAACAATACCTGCGGTTATACCTCCAAAGGCATCTCCTTTTATGTTTGAAAAAAGTTTCTTCATAGTTTATTTAGTTTAATGGTTATAAATTTAGCTGTATTAAAATTTAAAAAGTAACAAAGGTTATCAAGTTAAATTGGTCTCTACTACTGGTTTCGAATATTTGATTCATATAACCAGCTTCTATTTTAATATTTTTATTTATTTGATGCCCAATACCTGCATAGACTCTATTTCTATCAAAAATAGCGCTTTTAGTATTTAAAAACACTTCATTGTAGCCAGATAAATAAAAAGAACCTGTTTTAGTTATAGGAACATTTAATCCTAGAAAATAACGAAAACGCATTTTATAATCATCTTCAACAAAACGTTGTTCAAAACGGTAGCGGTGGTTTAATGTGAATTTACCAATAGCTTGTTTTGATGTAAGCTGCTGGAAAATACGGTGTTCATTGACGCTTACTTTTTCGTCTGTCTCTCCAATATAGTTTTCAGAAAGGATATAGCCATAGCCTAATAAAAAGTTGTTTTTGCCTTCGTTAAATGTGTAGCCCAAGCCCGTTCTTAAAAGGAGTTGTTCTAAATCTCCAATGGCATTGTAGTTTCGATGTTGCACTTCATGATGGATATTCCATTTAGAATTTATTTTTTTATTTCCAATGTAAATAAGCCAATTCCCAAAATCACTGTCTTGCGCGCTCATAAAGTTAGGCAACACTAACGCTAACGTTAGTGCTACCATACTTAATCTCTTTTTCATAATATGTTTTTTCTTTCTATTCAAAAAATGCAACTTCACCTGTATTAATATCATACATGGCTCCAACAATAGCAATCTCATTGTTGTCTTCCATTTCTTTTAAAACTGGGCTTTGTTTTCTAATGTTTTCTATAGCGATAATTACATTTTTTTCTGCAACATTGTCTACGAAATCTAGGTTTTTAGAATTTCTTAAGCTTTTATCAGTAGGTTCAGCTACAGCTTCAACAGCAGGTTTTATTTTGCCTAACATACCTGTTAAATTACCAAGTTTTGCATCGTCGCAAGCGCCTTTTATAGCACCACAACTAGTGTGACCTAATACTACGATTAATTTTGTTCCAGCTAGTTTAGAAGCAAATTCCATGCTTCCTAGAATGTCTTCATTTACAAAGTTACCTGCAATACGAACACTAAAAATGTCGCCTAAACCTTGATCGAAAACCAATTCAGCCGAAACACGAGAATCAATACAGCTTAAAATCGTAGCGAATGGAAATTGCCCATCGCTTGTATCATTTACTTGCTCTAATAAGTTACGATTTGCTTTTAAATTATTTTGAAATCTTTTGTTTCCTTCTTTTAAATATTCTAATGACTTCTGTGGTGTCATTGTAGACTGGGTTTCTCTTGTGTGTGCTTTCATAATGTTATATTGTTTTATGTTTTAATGAATAATTTTGGTTACTTGTTAACAGGAGCGAGACATTAAGTTTTTTTATCATTGACTTAACCTCTTGCGTTTTTGTTTTGTTTTTTGCGCCATTTTCAAATCGGTCTACACATAACAAGTTAATGTTATTTTTAGAAATGTAATTTGAAAGGTTATTAATGGCATTGTCATTTTGTTCAAATACATATTCTACGGTATCAATATGTGTTGAAAAATTTTCTTGATTCAATCCTTTCGATTTTTCAAGTATTTTAAATGATTTTAACGGCTCTTTGGTGTTCGCTAATAATGTTTCAGTTAAAGAGTTATTTAGCATAGCATTCATGCTATTTAGTACGCCTAACGATAGTTCTTTACTAGAATCCAAAC
NZ_CP151839.1_gap38	1485495	1486594	1099	ATTGAAATATTCGTAAAAAGTAGACAAATAACCCTGTTTTTTATGGGGGGTAATAATTTTTAACATAGTTTTGGGTCATTCTTAAGGAACATAACCAAGATTAATAACTTAAAAATTACACATTATGAAAAAATTACTGACCCTTTCAATGCTTTTTATGGCAACTATATTATTTGCTCAAGAAGAAACACCTGCTCCTACATTTAGTTTTAGCGGAAGTGTTGATGCTTATTACAGAGCAAATTTATCAGGGCCACAATTGCAAGCACCAGGATCATCATTTGCTAATTTGCCAGGATTTGCTTTAGGTATGGCTAATGTAATAGCTTCTTACGAAGGTGAAAAAGTAGGTTTCGTTGCCGATTTAGTATTTGGCCCAAGAGGTACCGATGCTATTTTTGCTTCACCAATGTATTCTGCAACAGGAAATATAGTAAATCAATTATATGCTTACTGGAATGTGAGTGAAAGCGTTAAATTAACAATGGGTAACTTTAACACCTTTTTAGGGTATGAAGTAATTTCGCCTTCAGCTAACTTTAACTATAGTACATCTTATTTATTCTCTTACGGGCCATTTAGTCATACAGGTTTGAAAGCAGATTTTACTTTATCTGACGATTTCAGCTTAATGTTAGCAGTAATGAATGATACTGATTTAACAGAATTTAACCCAACGGGTGATTATGCTTTTGGAGCGCAATTAGGATACAAAGGACAATTCTTAAACTTATTAGTAGATCCTTCTTTTACTGAGATAGATTTTACTGGTGGTTTTGATGTAACAGATTCCTTCTTTTTTGGAATAAACGCAGCTTATTTAACACTTGAAAATAACGGTGGTGGTTTTGCTGGTGGTGCTTTGTATCCACAGGTTGCTTTAAACGAAACGTTCACACTTGGTTTAAGAGCTGAATATTTTGTTGAAGATGGTGCATTTGGTGCTATTGGTACTGGTGTTGCAGATTCTAGTGTATTTGCGACTACTTTAACAGGAAGCTTTGCTATTGATAATTTAACAATCAAACCAGAACTTCGTTTAGATTCTGCTTCAGATGATGCTTTCTTAGATAACAACTTAGCAGGAACAAAAAGCTTA
NZ_CP151839.1_gap39	1491184	1494339	3155	TTTCCACCACCTCTTGCTGGCGGTCCACCACGACCGTCAAAAAATATGGCAGTAATACCGTATTTTCTAGACATTTCAGTAAGCATTTCTTTGGCAGTATAAATACCCCAGTTGGCCATTAAATAACCACCATCTTTCGTCCCGTCAGAGAAACCAAGCATGATTGTTTGTTTGTTGCCACGGGCGTTTAAGTGTGCCATGTAAGCTGGGTTCGTGTATAATTGCTCCATCACTGCTGGTGCATTTTCTAAATCGGTAATGGTTTCGAAAAGTGGCACAACATCTACAGGTAATTCTTCTTTAAAGGCTACAATTTTAAGCATGGCAAAAAGTTGCATCATGTTTAAAGCTGTTTGGTTGTTACTAATAATGTATCTATTAGCACCACGCTCACCGTTGCTTTCTTGTATATCCTTAAGAGCCTCAATAGTTTTTAATGTATTGTAAACCATTTCATCTTCAAATGCATCAACATCTACAGATACATTAGTAACTTCAGATAGGATTTTGATTTGTTCTACTTCCGATAAATCATGATAATTTTTCGGGAACGATGGGCTTCCTGTACTAATAATGTGGTCTATAACTGTTGTGAAAACCGAATGGTGAATACGGCTATCTTGTCTAATATCTAAAGTAGCAAAATGGTAACCGAATAAATGAATTCTGTTTATTAAGCTGTTTATTTCACTAACATATAATGCTTGGTGATCTGCAGTAACAAGATCTCTGATGCTTAATAATTCATCAAGAAATTCTTTTGCAGTTATAGCTTCAGCGTAATTTAGGTTAATGCTATAGTTGTAAAAAATAGTTTCTAAACGAATAATACGCTCTTCAACACCTCTAAAGGTAAGTTTGCGTCTTAAGTTTTTAAGGTCAGAATAATATTTCTTTAAAGCGGCTTGCTTAAGCTTTTTAGCCACACGTAATGTGGTGTCTGGCTTTACAAATGGGTTTCCGTCACGGTCACCACCTGGCCAAAAGCCAATATTAATTATTTCGTTATGTTTTTTGCCATCATCATAAATGTTCTGTTGGATGTAATTGTAAATTTCTCCAAAAGATTGATAGAAAACATTTTCTAAATACCAGATTAAACTTTTTGCTTCATCATAAGGTGTAGGCTTTTCATGTTTAAAGAAAGGTGTTTTTCCTAATTGAGCAAACAGATTGTTAATTTCAGACAAGTTATTTTTCTTAATAGCTTCTGTTAAATCTGTAATAATACCAAGTACAGAGCCTGGATAGAATTGTGTTGGGTGCGCTGTTAAAACGATACGTACTTTAAATTCTTCAAGGTAGTTTTGTAATTCTTCTAAGTTGTTACCAGAAACAGCCGATTCTTTAAGGTTTCTTAAAGTCCCAATACCTTCCATGTTGTTAACAATTGGGAAAGCAGCATCTTCTACAGCATCGAATAAAACCACTTGGCGTTCTATATATTGTATAAATCTAAAAAGCAGATTTATTTGGCTTTCTTTCGTGCGTCTTGCTTGGTATTTATTGAAAAAAGAATCTACTATGGTAGTAGGGTCTTCTCCGTTTTTAAAACCTTTTTCGCAGGTTTCATGAAATAAAGGAAGCAACGCTCCTGTTTTTGTAATTGCATCAAAAGGTAAGGTCATAAATATACTGTTGTATATTTGATATTTGGACAATACGTTTTGTTTAAACCGTGTTATTTTTGGCTCGACAGACATAAGATAGTTCTATTGAAAATTAACCATAAATGTAATGAAGCTATAATTAAAGAGCGACATCTTGTTGAAATTTTATGGATTTTTCTAGTTTTTTAAAGTCAAATTGAGAATAATTAAATAAATCATCTACTTAATAGATATCTTAATAATATAGGCTTGTAGCTAAATGTTTGCAAGTATGCTGATTTAATACAAATTAAGTTTTAAGCATAGAGAGGAAGTGTTAAATTTGCCTATATATGCTGCTCTTTTGTGATGGGCCAAAAACAAGAATATTATTGGCTTTTCGATAAAGGATTCAGTATATCCTAAATTCAAAGACCGAGTGATTGTTTAGTGTTTGGTGGTTCATGTGTTTAAAACAGCTTTCCTTTTTATTAAATAAATAAGCTTTTGGTTGTAAAGAATTTAAAGAATTAAGAAATATATAAAGTGTCCTTAATTCTGACTCATTTTTTTATGGAATCTCAGTTCAATACAATTATAATTAAGATATTTGTAAAATAATTGAATTATGCAAAAAGCTTTTTTTGTGTAAAATGTTGAAGACTCATAGAATTCATGGACTTAGTAAAAGAAATAAAGCGTCTAAAAGAGGAGAAAAATGCCGTAATACTTGCGCATTATTACCAAGTAGCAGAAATACAAGATATTGCAGACTATGTTGGTGATAGTTTACAGTTGTCGCAAAAGGCTGCTGAAACCGATGCAGACATTATCGTATTTGCGGGTGTTCACTTTATGGCAGAAACTGCTAAAATATTAAACCCATCTAAAATGGTGGTGTTGCCAGATTTAAAAGCAGGTTGTTCTTTGGCCGATTCTTGTCCGCCAGCAGATTTTGAGAAATTTACAAAAGCACACCCAGACCATGTGGTGATTACTTATGTAAACTGTTCGGCTGAAATTAAAGCATTGAGTGATATTGTTTGTACATCGTCTAACGCTATTAAAATAGTAGAATCGGTGCCGAAAGACACACCTATTATATTTGCTCCAGATAAAAATTTAGGCCATTATGTTGCTAAACAAACGGGTAGAGATTTATTGCTTTGGGACGGTAGTTGTATTGTGCATGAAGCTTTTTCAATTGATAAATTAATTGAGTTACATAAAAAGAATCCCGATCATAAAATTATAGCACATCCAGAATCTGAAGAGCATATTTTAAATACAGCGACCTATGTTGGGTCTACTTCTGGAATGATAAACTTCGTGAGAGAACATGCTAAAGAAAAGTTTATTGTCGCTACAGAAGCTGGTATTTTACATAAAATGCAGTTAGAAATGCCTAACACAGAATTAATTCCTGCACCTGCGGTGGATGATAATACCTGTGCGTGTAGCGAATGCCATTTTATGAAAATGAATACGCTTCAAAAATTACACGATTGTTTATTAAATGAATCACCTCAAATAGAGGTGCCAGAAGATATAAGAGTACGTGCGCTA
NZ_CP151839.1_gap40	1677952	1681377	3425	ATTATTGTGGCAGTTGTATTAGCTGTTTTAAATTTATTAGTAAAACCAATTTTGGTCATTCTAACATTGCCAATAACCATTGTAACATTGGGTCTGTTTTTACTGGTAATTAACGCATTAATTATTCTATTGGCCGATAAATTAATTGACGGTTTTTCGGTAAGTAGTATCTGGACAGCGATCCTATTTAGTATCTTGCTTTCCATACTACAATCCTTTCTGCATTCGCTTTTAAATGAAGGCAAAAAATAGCTTACAATCAAGCTATTAAAAACTTTGTTGGGTTGCAAAAATGTTATATTTTTGCAACCCAAATTTTAGGTAAAAATTTGGGTTTAAAAATTAATAGTATTTGTTAAATGCCTTATAAAAGGCTTTATATCATTTAAAATGAATATTACAAGAGAAAACGTTGATGCATTAAATGCTGTAGTAAAAGTGGATATCGCTAAAGAAGATTACAGCGCTAAAGTGGAGAAAATCTTAATTGATTACCGTAAAACAGCAAACATTCCTGGTTTTAGAAAAGGCCAAGTGCCAATGGGAATGGTTAAAAAGCAATACGGAAAAGCGGTGTTGGTTGATGAAGTAAATAAATTATTACAAGATGCACTAAATAAATACCTTACTGAAGAGAAATTGGATGTTTTAGGGCAACCATTACCTAAGGCTCAAGACGGAATAAACTGGGATGCTGAAACACTTTCATTTGAATTTGAATTAGGTCTAGCTCCAGAATTTGAAGTTAGTTTACAAGCAAAAGATGCTATTACACAATACCATATCGTTGCTGATGAGAAAATGATTAACGAGCAAGTAGAGCGCATTCAAAAGCAATATGGGAAATTAGTTTCTCAAACGGCTGTAGAAAAGGATAGCGAAATTACTGGTACCTTTAAAAATGAAGAGCGCGAAATAGAAAATAAAGTAACCTTAACTTTAGATAAATTTAAAGGAGAAGCTACAGAAAAGCAATTTATAGGAGCTAAAGCTGGTGATGTTATTGCATTACAAACTAAAGGTCTTTATGATGATGATCATGAATTAATGAATGCTCTAAAACTAGAACATGATGATATACATGGTTTAGATATAGAAGTAAACTTTACAATTGAAGAAGTTAACACACGTGAACTTGCTGATTTAGATCAAGAATTATTTGATAAATTATTTGGTAAAGATACTGTGAGCTCCGTTTCTGAATTAAAAGAGAAGATCAAAGAAGATGCTGAAAAGCAGTTTACACAACAAGCAGATCAGAAATTTTTAAACGATGTAACCGAATATTTAGTTGAAAACACGAAGTTCGATTTACCTGCAGAGTTTTTACAAAAATGGATGCGTACTGCTGGTGAACAACCTTTAGATAGTGACCAAGCAAAAGAAGAATACGAGAAGTCTGAAAAAAGCTTGCGTTACCAATTGATTGAAGGTAAGTTAATTACAGAGAATAACATTCAAGTAACAATGGATGATATTAGAGATCATTCAAGAGAAATGATTAAGGCTCAAATGGCTCAATTTGGTCAAATGAATCCTTCAGATAAAGAATTGGATGATATTGCTGCACGTATTTTATCAAACCAAGAAGAGGCGCGTCGTATTTCAGAACAGTTAATTAGTCAAAAATTATTGGTTCTTTACAAAGAAAAAGCAAACCTTAACGTGAAAGAATTAAGTTACGAAAATTTCGTAAAAGAAGTTTACGGAGATAAATAATAGAGTGCCTTTAAAGAATAATTCATTATATTTAGGCGTTATAATTAGTTAATTATAGCGCCTAATTTGTTGAGTACATTTAGCTTTAAAGATTAAAAGGAGTTTTTAAGTCTTCAATTTAAAATCATTCAATTGATAATTAGGTGTTTAACCTAAAACAACAACAAGAAACAATTATGGATTACGCAAAAGAATTTGAAAAATTCGCGATAAAAGATCAAGGAATAAGCAGTACGTACTACAATAAAATCATGAGTAGCATGTATCCATCAAGCTTAACTCCGAATATTATTGAAGAACGCCAAATGAACATCGCTATTTTTGATGTGTTTTCTCGTTTAATGATGGACCGTATTATTTTTATGGGAACCGCCATTAATGATCAAGTGGCAAATATTATTCAAGCACAACTTTTGTTTTTAGAAAGTACAGATGCTAATAAAGACATTCAAATCTACATCAACTCTCCAGGAGGAAGTGTATATGCAGGTTTAGGTATTTATGATACTATGCAGTTTATAAAACCAGACGTAGCTACTATTTGTACAGGTATGGCAGCATCTATGGGTGCCGTATTATTATGTGCAGGTGCTAAGGGGAAACGTAGTGGTTTAACGCATTCACGTGTTATGATTCATCAACCATTAGGAGGTGCTCAAGGACAAGCGAGTGATATTGAAATTACAGCAAGAGAAATCTTAATTTTAAAAGAAGAGCTTTACAAAATCATTAGTAAACACTCTGGTCAAGATTACGACAAAGTGTATGCTGATAGTGATAGAGATTACTGGATGAAGGCCGATAAAGCTAAAGAATACGGTATGATTGATGAGATTTTAGCCCGTAATTAAATAAAAAATTTGTAACTTTAAAGGATTGTTGCAGAGGGATTTATATGAATTATTCCTTAAAAAGTAAAGATTAATGGCAAAAGAAGAATTAGAATGTTCGTTTTGTGGTCGTAAAAAACCAGAAACAAGCTTATTAATAGCAGGATTAGATGCTCACATCTGTGATAGATGTATTGAGCAGGCTCATGGTATTGTTCTAGAAGAATCGAAACAAAGTGATAGTAGCGATTTATCTGCGGAACTAAAACTGCGTAAACCAAAACAAATAAAAGAGTTTCTTGATGATTATATAATTGGGCAAAACATGACTAAAAAAGTGATGTCTGTTGCGGTTTATAATCATTATAAACGTTTGTTACAACCTGTAACTAAAGACGATATTGATATTCAAAAAAGTAATATCATTATGGTTGGACAAACAGGTACGGGGAAAACCTTAGTCGCTAAAACCATTGCAAAAATGCTTAATGTGCCTTTGGCCATAGTAGATGCAACTGTTTTAACAGAAGCAGGTTATGTAGGTGAAGATGTAGAAAGCATTTTAACACGTTTATTACAAGCGGCAGATTATAACTTAGAGAAAGCAGAAAAGGGTATTGTTTTTATTGATGAAATTGATAAAATTGCTCGTAAAAGTGATAATCCATCTATTACCAGAGATGTCTCTGGTGAAGGGGTGCAACAAGCACTTTTAAAGCTTTTAGAAGGTACTGTTGTAAATGTTCCGCCAAAAGGTGGGCGTAAGCACCCAGATCAAAAATTCATTGAAGTAAATACAGAAAATATTTTATTTATTGCAGGTGGTGCTTTTGATGGTATAGATCGTCATATTTCTAAACGATTGAATATGCAAGC
NZ_CP151839.1_gap41	1872585	1874390	1805	GAAGTGTTTTTCCTTTAGTTTCGCTAATTTTTAAAACAGTTTCTTCATTGTTTTGGTTGAAGTAATTAAAAATAGCTGTGTCGTAATGAGATGATACATTAAATGCTTTTCCTGCAAAACGTCTTCTGTCTTCTTCAGAAATACTTCCGTTATTAGCTGAAATAAGTTCTAAAAATTCGGCATAATCATCAACAGATGCTACACAAACAACGTCTGCAAAGTTTTTAGCAGCAGCACGAATTAGTGAAATACCACCTATGTCAATTTTTTCAATAATATCTTGTGAGCTTGCACCTGAAGCAACTGTTTTTTCAAACGGATATAAATCAACAATAACCACATCAATTTGAGGGATATCAAATTCCTTCAATTCTTTAACGTCACCGTCATGGTTTTGTCTGTTTAAAATACCACCAAATACTTTTGGGTGTAATGTTTTTACACGACCACCAAGAATAGAAGGGTAAGATGTTACTTCTTCTACAGGAACCACATCAATACCTAAATCGTTAATAAATGTTTGGGTACCACCAGTAGAATAAATGGTTACACCTTGCTCGTTTAGTTTTCTAACAATAGGCTCTAAACCGTCTTTACTAAATACGGATATTAATGCTGATTTTACTGTTTTTTCGTTGCTCATTTTTTTAATCTGATTAGAAGTTGCAAAAGTAGTTATTTCAACTAAAATACAACTGTTTATAAAATAAAAAAGGAGTCGATTTTTTAACTAAATATGAAAATTAGCAACAAGGTTTTTTAAATTCCAAAATTTCAATGTGAAATTTCTTGCGTGGGTATTTATGCTTGTTTTTTTTTAATTTAAATTTATGCCACTATAGTTGCCACTTGCGTACAAACAAATTCTAGAAAACGTTCGTCTGCTTCGGTGAAAGGGTCTGGGGTGTTAGAGTCGATATCAATCTGTCCAATATTTTCGCCATTTACAAAAATAGGGATTACAATTTCAGCCTTTACAGTAATACTGCAGGCAATATAATTGTCTTGCGCAGCCACATCGGGCACTACAAAGTTTTGATTGCTTACGGCTACTTGTCCGCATATGCCTTTTCCAAACGGGATGATGGTGTGATCTGTTGGTGCGCCAACATATGGCCCTAAAATAAGTTCTTCTTTTTTGCCATTTCTAAAGTAAAACCCCACCCAATTGTAGTGGTTAATATGTTTTTCAAGTAATTCGCAAATGTTTAAAAGGCGATCGTTTACTGTTTTATTCGTGTTTAAAACAATAGTTTCTACTTGGGGTTTTAATAGTTCAAAAGTCATAACATCAAAAGTTTTGGCAAAAGTATTTAAAATGGGGTGAATATTATATTTGGTTTGCATAATTTTAACCTTATAAATAGATTACGTTTTTTTTGAAGTCACTCCTAGTAAAATATAAGTTAGTTATCCGGTTTATGCTTGCGTTTTTGTTGGTGTATATGATCTTGTCTGTGATGTATAAGTTTTATTTACAGTTTTCAGACGGGTCTAAATACTATCCCGATTACATGACGCATTTAGTCGCGATGCAAAGTGACGCTTTGTTAGATGCCTTAGGATACGATGTGGAAATGCTGCCGCACCCCAATGAACCCTCTATGAAAGTGGTACTTAATGGTACTTATTTAGCCCGAGTTATAGAAGGGTGCAATTCTATAAGTGTGATTATTTTATTTGTATCGTTCATAGCGGCGTTTGCTTCTAAATTTAAAACCACGTTTTTTTATATGCTTGCTGGTAGCGTGCTACTTTATACGGTAAACCTATTGCGTATTGTATTGTTGAGTATTGGCTTGTAT
NZ_CP151839.1_gap42	1878726	1879953	1227	GATTATTGGGTTTTAAATATGGCAACGGGCGCTTTGCAACAAATAGGGCAGACCATGCCAGAATCGTCGCTCATGTTTGCTAAAATATCACCAGATGGGAAATTAGCAGCCTATGTAAGTGAGAATAATATTTATGTAGAAGATTTAAGTACATCAAAAATTAAAGCATTAACTACCGATGGTTCTGTAACACTAATTAACGGAACGTTCGATTGGGTTTATGAGGAAGAATTTGCATGTCGCGATGGGTTTCGTTGGAGTCCTGATAGTAAATCGATTGCGTATTGGCAAATTGATGCGAGCGATATCAAGAAGTTTTACATGATTAATAATACCGATGCTATTTACTCGGAATTAGTGCCTTTAGAATATCCGAAAGTGGGAGAAACACCTTCTGCATGTAAAGTAGGTGTCGTGAATGTTGATGATGCTAAAACAACCTGGATGAACATTCCCGGAGACGCACGCCAGCATTATTTAGTGCGTATGGAATTTATTCCTTCAACTGAAAAACTACTAATTCAGCAATTAAATAGAAAGCAAAACCAGAGTAAATTGTTTATTGCCGAACCAAAAACGGGAACTTCAAGGTTAATTCAGCAGGAAGAAGATGCGGCTTGGGTTGATATTTACCAAGCAGGAAATAAATATACAGTCGATTTTACCAATAATTTTATTTGGAATAACGAAGGAAAAAACATTCTTTGGGCTACTGAAAAAGATGGATGGAGACATTTATACAATGTGTCTTTAGAAGGGAAGAAGGAGCAATTAATAACCAAAGGAGCTTACGATTTTATCGATCTATCTTTCATTGATACTAAAAAGGGCTATGTGTATTTTATGGCCTCGCCAAACAATGCAACACAAAGCTATTTATATAAAACCAAGTTAAATGGTAAGGGCAAATTAGAATTGGTAAGTCCAAAAGCTTTAGAAGGTACGCATAATTACAATGTGTCTCCAACAGGCGCGTTTGCGATTCATTCGTTTTCAAATCACTTTACAAAACCAGCTTCAGAAATTATTTCATTAGCAAATCATGAATCGGTAAATACTGAAGGCAGTATCGAAGCAAATTTATCTAAATTAGAAGAAACACCAGGGGTAGAATTTATTAAAGTAACCACGTCTGAAGGTGTTGAAATGGACGGATGGATGGTAAAGCCTACTAATTTTGATGCCACTAAAAAATACCCTGTGGTGTTTTATGTGTATACAGAACCA
NZ_CP151839.1_gap43	1901021	1905152	4131	TATACTTAACGCTAAAAATCCTGATGAAATTGGGGTTAGAACAGCTGCTCAAAAGGCCGTAGATAATGATAGACCGTTAGAATATGGCTATGTAGACGACAGGGATATTCTGTTTTCTAAAATGACTTGGGAAAAGGTTATTTTAGATGAACGTGCTAATTTCCCATTGTACTATCCAATCGATACCAATAACATTGGTAGTGATAGACGTTGTTTGTACGATGTGCTTATGAAAAGTATTAAAGAAGGTAAAATAAAAAACATTTATGATGATTCTTATTTTAAAACAAAACGTACTTTAAAAGATATTGAAGCGGCATTAGTGAAAGTTGATACTACAGAATTAGGTATTGAACAAATTAATGCAGGTGAAGAATTATCAGCAGAATATATCAATAGAAGAGATATTACTGCTGCTGATATTACTGAATACCACATAAAAGGACTTTGGTATTTCGATAAGCGTCAAGCTGAAATGAAATACAGATTGTTAGGTATTGCACCAGTATCTCCAGATGTTAACTTTATTGATTCTGAAAATCCAGATCTAGTTGAATTATTTTGGATATTTTTCCCAGATGCTAGAACGGTATTACACGAAGCTAAATCTTTCAATAACAAGAACAGTTCCATGCCATTTTCATTCGATCACGTGTTGAATGCAAGACGTTTTCAAGGTTATATTTATAAAGAAGAAAATGTACAAGGCGATAGAGCTATTACAGAATACGTAGCAGAAAATGCTTTAATGCAATTGTTAGAGTCTGAAAGAATTAAAGAGAAAATTAGAGATTTTGAATTAGATATGTGGACATATTAATTTCAAATATCCTTATAAAATAAAAAAGCCCACTTTAAGTGGGCTTTTTTATTTTAACAAGATTGCGAGAACTGTTTAATTCTTAATTATTTTTCTAGAAATTGTATGCCCTTCAGTAGTATGAAGGTTTAAGAAATACACGCCTCTATTTAAAAAGTCTATATTAAAATGAGTGTCTTTGGTCGAGAATACTTTGGCTCCAAGTACACTATACAGCTCAATAGCGTTTATAGTGCTTCCTGAACTTTCTATAGTAAGGTTTCCTTGTGTTGGGTTTGGAAAAATATTAATTTTAGTTTCTGTTAATTTGAATGATTCCTGACTTAGGGTGATTGCGCTATTGTAATTATAAGCAGTTCGGTTTGAGCTGCTGTTTGTACTTAATAATTTATTATAATACGGGATGCCTTCAATGATGTATTCCAATCCTGTTTTGTCTTTAAACGGGTGTATGAATTCAGACATCAGTTTACTCGTGTCATAAACGTAATTTTCAATAAAAGTAGTGCTGGCATAAGTTGTTTTTTCACTTGTTCTATTACCATTAACCACGGTGTATTCTATTTTTTCCTGTTCATTCCAGGTAGAAGTCGTTGTGTCCCAACTTTCATAAGTTTCAAGAACTAAGTTGTTATTGCTATCATAAACATATAAATCTCTATCTGCAATTACCCAACCGCTACCGTTCCAGTCTTCAATATCAATTTTTTCAATTTTATTATTAGTATTGTAAATTACGGTAGACTTATCACTTGGAACCCAATTGGCACCATCCCAGTTATAACCATAAGCCAAATCTATTTTTGTTCCATTATAGGTAAGGGTGCTCTTTCAGTCGTTTTTCCATGTGCTATTTTCCCAAAATTGATCTATAATTTCGGTAATGTCGCCATTCCCGTTATAGTTGTAATGTGTTCTGTAGCTATCTTCAAATTGACTGGTAATGGAATTCCAATCTTGGCCTAATTCAAGAGTAGCTTTATTATTAGCATTGTAAGTATACATGTATTTATATGCGTTTTCCCAGTTACCAGTTGTAGAATTATAATTAAATTGAGTTTCACTAATAAGATTCGCACTTGCGTCATACTCATAATTGTACCCGGAAATTAATTTCCAACTAGTGCCATCATTGTATTCTTCAGTTGAAGATAACAATTTAGTTTGCGCTTGTAGAGTCATAGAAAAAACAAGCAGACTTAAAAAAGTAATGTTTTTCATAATCTTAGTGTGTTGATTTGCACAAATTTAATCAATATTAAAACCATATAAAATACCTAGTAATAGGTATTTGTTTGATTTACAGGTTGTTTGAGTTTGTGTGAGACGTACTATTGAAGCCTATAATAAGATTATAAATGTTACTATCTTCGCAACATGGAGGAAGTAGATTATATCGTAATAGGAAGCGGCTTAGCAGGTATTAGCTTTTGTGAGCAACTAAGAGCGAACAATAAATCGTTTGTGGTTTTTGATAATGCATCACAACAATCGTCGGCAGTTGCAGGCGGATTGTATAATCCGGTGGTTTTAAAACGTTTTACAGCGGTTTGGAAGTGTAAAGAGCAATTGGACTTAGCGTTGCCCTTGTACGCTGAATTAGAAGCTCTGTTAGGGGTTAAATTGGATTATAAAATACCAGTGTATAGAAAATTCGCATCGTTAGAAGAGCAAAACGACTGGTTCACGGCGTCTGATAAACCGATACTTTCTGAATACCTTTCTCCAAAAATCATTAAAGATAATAATCCTTTTATTGACGGGGCTTTTGGTTATGGTGAAGTATTGGGTGCAGGACGTATTGATGTGAAAGTATTAATTGATGCTTACAAATCCTACTTAGTACAGCATGGCTTGTTTAAGGACTCTGTTTTTAATTATGATGATTTAATATTAGAAGCGGACGCTGTTCAATATGAAAATATAAAAGCAAATCACATCGTGTTTGCTGAAGGTTTTGGGGTGCATAAAAATCCATTTTTTAAAGCGTTACCTCTGGTGCCAGCAAAAGGGGAACTGCTAACTATAAAGGCGCCCGATTTAAAAATAGATTATGTTTTAAAAGCAGGTGTGTTTTTAATTCCGTTGGGAGCTGATTTATATATTGTTGGTGCGACTTATGAGTGGAAGGATTTAAGTGGTACAGTAACAGAATCAGCCAAAGAGGAGCTTTTAACCAAACTTAAAAAGTTAATAAGTTGTGAATTTGAAGTGGTAAATCAAGTAGCAGGCATTCGGCCTACAGTAAAAGATCGACGCCCGTTAATTGGTGCACATGCCGCACATAAAAACATGTTTGTTTTAAATGGTTTGGGTACACGTGGTGTTATGATAGGGCCTTATGTGGCAGAACAACTTTATCGTTTTATTGAAAATGGAACGCCTTTAGAAAAAGAAATTGATATTGCCCGATTTAAACTTTAAATAAGTTTTTAAGTTGTTATTGAATTCGGAATTACGGATATTAACTATTTTACTGAATATGAAAGCCGCTTGGTTTTCAATTGCAATGAAAATTTACCGCCTCCTTTGAAGAATCCTCAAAGGTTTACATTTTTGTTTTAGCCAATGTTTTGTCGTAATGCATGAAAAAGTTGATCCAAATATTTCTGGAAAGTCGCATGATTACAGGCATAAATGCGATTAAAGTACCAACAATGGTTATAAAAACAATATCAATATGAGCCTTAAAAATAACATACGAAATTACAAATGCTGCTACAGCAAAGGCAATCCCTAAGGCGTAACTAACATACATGGCGCCATAAAAAAAAGAGGGTTCAATTTTGTATTTTGTGCCGCAATTACCACAAGTTTCGTGCATGCTTAATGCTTCAGAAAGGATGTAGGGATTCTTGTTTTTAAACATAGATTCCTCATGACATTTAGGGCAAGTACCTGTTATAATACTATATAATTTTGAGCCTTTTTTAAACATATAATTTAACGTACTTTTGCAATTGCAATTACAGAACAAAAATAGGGTTTAATAATACAAATTCTGTAGCAAAAGTTACAATTCTATGATGAACATTCATAATTTATCGATTTCATTTCAAGGCGAATACTTGTTTGAAGATATTACATTTAAACTGGTTAATGGCGATAGGGTAGGACTTATTGGGAAAAATGGCGCAGGAAAATCGACCATGCTAAAAATTTTATCGAAAGAAATGGAGCCTGATACGGGTCAAATTGCTGCGGATAAAGAACTTAAAATTGGATTTTTAAAACAAGATATTGATTTCGTTTTAGGGCGAACGGTTCTTGAAGAAGCATACGAAGCGTTTATAGAAATTAAACAATTGGAA
NZ_CP151839.1_gap44	1980746	1985172	4426	CATTAATTTTAAATGAGATAATTGTTAATGTTGGGTCGTCTCTAAAGTTGTACTTTATAAGATATTGAATATCGTTTAATTTATCTATAAAACAGTTTTCAAATGATATATTCCAATTTAAATGAGACGCTTTTATAATATTTTTATTTGACATTAAGAAATTTTCTATTTCCTCAATATTTTTATATTTATTAATTTGAAGTTTTAAATAATAAATAGAATCATTTGATAATGAGTAATTTGCTTCTTTGAAATATTTAGAATTGATTTTAATTGGGTCTAAAATTTTCATAATATCTACCTTGTCTCCAATCCAATATGGTAAATTTTCAAAAACATTCTTTTGAGCAAAACAATTGTTTGAGATAATTAAAAAAAATATAAATATTGTGTTTTTCATTTCAAAATTTAATTTGTAGTTCTGTTTTCCGCAATTAAAGGCAACGTTTTTGTATAAGATTAGTGGCGTGTTTAAGCACCTAATTTAGCAAATAACCACCAAATAGAAAGTCCGCGAGGATTTTTGTAAATAGGCGAGAACTAGCCATTAATTTTATACGGTGTTGTACCTAGTTTTTGATCCATTCAAAGTCAAGTACATCACGTAATTTATTTAGACTTTCTCTTGATAAAAACTTAAAAGCTAGTCCAATAAATGCATATCTAATTACTAAAATCTGGCCGATTACAACCAAAATAAAAATCGGATTTGGTTCTTCTTTTCCAGTCAATATTGCGATTAAAATTGCGACAATTGGAAAGCAAAGAAAGGCACCTAATAAAATCCGAAAAACTAAATGAATTTCCACGTTTACGTTTCCACGGTCAGATTCAATTGTGCCTGTCATTACGCAAAATGCTCCTTTTCCAAGTGTAGTTGATATTAGTTTAAATTCGTTTCCATTTATTATTCCACGAAATGATTTGTCAGTATGTTGAGAAGTCAGATTTTCAGACTTTTCAGTTCTCCGATTCAGTCGATTCAGCGTTTCTGCTTGGTCATCGATTAGTTTAAATTTCAGTTCTTTGGTTGGAAAAATGTTCATTTCTTAAATTAGGTACAACGGTAAATTGTATGAGTAGTGGCAGTTTGAGCGGATTACGAGCCTTGATACTTAGCACTTTACCTGCCATTACTTATACAAAATGTTGTGCTTAGTTTTTTTCTTCTTTTTTTGCAAACGTATATGCTATTTTAATCCCAATTGAAGGATAAATCTTGTCTATGAATAATGAATTATCATCCGTGCTAATTGTTCTAACAGGTTCGGAACTGTCAGCTAAAATTAATTGTTTATTTTGCCCTTTATAACTATCAACGAAGTAACTTCTTGGGGTTCTAACTGGTGTAAAATCTAGAGTTCCTAAAATAAGAAAATTGTCTTTTCGATATCCAATCCCAAATCCTACATCTATTGGAGAGTTTGTACTAAAATCATTAGAGGAGTATCCAAGTTGAAACACATTAACTATCAACGCAACTGCTAAATGCCTCCTAGCTGCATCAAATGCTAAACCAGCCTTCTTTCCTTCTAAATACTTAGCAACACTTTCATTTCTTTTATCTGGAAATGGATTCCATACTAAACCTAATGAGAACCTTGTTATTACAGGATATACTTGTTCAAACTGAACAGTATAGTCTACTGGTGAGATAGTTACATTGTATTGATCACCAAACCTGTAAGCTGCACCTGCTGCTGCAAAGAAGTTTAGCGGTTTTTCCCAATTAGGTTCAGTTTGGAGAGTGTCAATTATACTAACTTCTTTTTCTTTTTTCTCCTTTGTTTTCTTTATATCTTTTTCCTGTCCGAATAAAGCTAGACAAAAAGTCAAAAGTCCAATGGTTAAGTAAGTTTTCATAATGATTGAATTTTAGGTTATGTTTCAATTTATCTAAATAAACTTTGTTTGGCTTAAATATTGATTGATAGTCATCGCGTTCCGTAAATTAAGCACAACGGTCTCGTATAACCGTCAGTTACGGGTTAATATGCGTTAATTTTCGGTTTGGCACTGACTTTAGCAATTCCGCGTGGATTCGGACGTAGTCGAATCCGCCGTAATTGCGGTTATACATTGTTGGCAAATCGTTTTTATTTTTTTTCATTATCAAATTCATTCGGTTTTGGTGGCGGTGGTGGTGGCGGAATATTTGTAATGTCAAATCCCTCAAAAAGAATGTTATATTTAAAATAATTAGAACCGTTTTGTGAATTAATTTCTTTAAACTGTCTAACAATTTCTTTTAGTGCTCTTTTTGTTGTTTCAATGGGATATTTATCTTCAACGTAAAAATGAATTAAAGCTGGTTTCAATTTGTTTTCGTTATGCTGAAAGTTATAGGCTTTAGATATTATCTCATTCAGTTCCGTTTTTAGGAATGCGATTGGTTTTTTCTTTTCGGATTTCCCGTATTCAATTACCAAAGAATCATTTCTAACAAACAATAAATTCCGCCTGAAGTAACATCCAATTTCTCCAGAAGTCGGACAATCAGCAAATCCAGTTAAATGATAAATAGTATCATTTGATTTAAATCTTAAACCTGATGATTTTCCCTCACAGGTCAATTTGCCCATTTTTTGTCTTAATTCCGCAAAATTTGAAACTGAATCTAAATCTATAATTCCAATCTTGTCATCAATTTCGAAACTTTTAAAATCCTCTGAAAATAATTCAGCCAAAGGTTTTTTTTCGTCCAAATTTGAGCAGGAACTTAAAATCAAAAGAAATATTAATATGTAGTTCAAGTTTTTCATCAAATGTTTGCCAACGTTGATGTGTATGAGCCGTTGCGTGTCTCGGCACGAACCATTAAAAGTACAAAACTCCGCTGGGAAATCCGATAGGATTTTCCAGATAAGCGATAACCAAGCAATGGCTTATACACGGCTTAAGTTAGCATTTTAATAAAAACACTAAATTAAGACATATAAATAAGAAAGAACAAAAGAGAGGAATAAGGTTATTATATACGGAGAGACTACAGATCTCGTCAACATTGAAAATCCCCTCTCTTTTTCTACACAGATTTCGTACAGTTCTATGAGGCTTTTAGACCTCGATTTTAAGTCGTTGAAACTCGCGTAGTCGTCCTTTCAAAAAACATTTTCTTATGAATAAAGATATTAAATATTTTGGAATTGACATTAGTCATTTAGTCTTTGATGTTACAGATTCTGATGGCAATTACTATCAGTTTAAAAACAATCCTCTAGGCTTTAAAAAGTTTATTAAACTCTTAGGAGTGGATAGTCATTGCGTGATGGAAGCAACAGGTTATTACCACTATCAATTAGCCTATTATTTACTTGAATCTGGGATACAAGTTTCTGTAGAGAATCCATTAGCAGTTAAACGCTTTATCCAAATGAAATTATCGAAGATCAAGACTGATAAAAGTGATTCTAAACTAATCTGCGAATACGCTAAACAAGTAGAGTTAAAGCTTTGGAAAGGTAACTCGAAGCATCAAACAGAATGCCTTCAAATGACTAGACTGCTTGCTGTGTATACAAAACAAAGCACTATGTTGAAAAATAAATTACATGGCGAGGCTGTTTTAGGAAATCCTAGTAAAGCAGTTGTGAGCTCTATAAAACGTAGTTTGAAGCAGGTCCAAAAAGAAATCAAAACCTTGGAAGATAAACTCATGATATTAGTTAAAGAAGTCCACCAAGATGTATTAACTCGCTTAAAAAGCATACCAGGAATTGGAAACAAAACAGCATTGATGTTAGTGGTTCTTACAGACGGATTTGAGCGTTTTACTAGCGGCAGTGAACTCTGTAGTTATGCAGGGTTAACTCCTGTTATTAGAAAGAGTGGTAGCAGTGTAAATGGACGCAGTAGAATAAGTAAAATAGGAAATCAAAAGCTTCGAAATTTATTATTTATGTGCAGTTTTAATGCCTGTAAATATAACAAGGCCTGCAGAGATATTTATGAACGAATTGTAGCCAAAGGAAAGAGCAAAAAACTCGCTTTAATTGCAGTATGTAATAAGCTGCTAAAACAGGCTTTTGCTATCGCTAAATCGGGTTTAATATATGATGACACATATAGAAGTACTTTAGTGAAAATTTAATGCATTTTTACTTGTTTTTTACCACAGTACTTTGTTGTACACAGGCTTTATTTTTTCATTTGTTTCTCAATTATCCAAATAATTAAAGTTGAAACTGTTAAAGGCGCAATTAAATAAGTTAAAATATTTTTTATGTCAACAGGACTTATTCCTTTCGTTCTTGGATTTAAAATATATCTGTCAAAAATAAAATACAAAGTCAAGATTACAATTAATGAGAGAATTGTAATTAGTATAAACCTAAAATATCTTAAAAACGTTGCCATTTACTCTGCGATATATTCAAATATTATTCTCGGATTTACAGTTTTTGATTCTGATTCCTGTTGGAAAATC
NZ_CP151839.1_gap45	2074673	2076054	1381	AAGACTTCTTTCTCCTTCCTCTATTTTATCTCTCGCTAATACTTTGCTTGTAACATCTTCTACGGTTCCGTTTAGGCGATATGCAATTTTATCATCATTAAACCAGGCTCGCCCCTTAGCGTGAACAATAATTTCTTTTTGTGAAACAGGATTTATTATCGTGTATTCGATATCGTAAATTCCGTTTGAATTGTGGTCTAAAACTTCTTGAATAGCATTAGTTACGCGTTCCTTGTCTTTTTCTGTAATGACATTAATAGCAGTGGTAAGTTCAATTTGTTCTTCAGGAGGCAAACCAAACCATTGTTTTAGTCGGGCGTTTCCTGAAAATTTATTGGTTTGCGGATTAAAGTCGAAGGTTCCAAGTTGCGCAGCTTCTATGACGAATTCTAGTTCATTGTTGCTATCTATCAATTCGTCTTCGGCTTTCTTTTTAGCAGTAGTTTCAATAACTGTTACTAAAACGCCTCCTACTTCACCAGACTCTAATCTAATAGGGCTATAAGCAAAATCGAAATAACAGGTTTCAATATACCCGTTTCGGTTTAGTGGCAGCATAAAGTCTGGAAAACCAACGGGTTCACCATTCATTACACCATCGAACATGGAGCCAATGATGTGCCAAACCTCAGAAAAGGTTTCTTTTGTGCTAATGCCTAATGCTTCGGGGTGTTTGGTGTCTCCTAATATAGGGCGGTAACCATCATTATATATTTGAGTATACTCCTTGCCCCATGCGATGTACATACCGAACGGATTATCCATCATAACGCTTACCATAGTTCGCAAAGGTTGTGGCCATGTTTTTGGGTCACCTAATGGTGTTTTGCTCCAATCTCTAGATCGGATGAGTTTACCCATGTCTCCGCCACCCTGTAAAAAATTGAACTCTGTATTATTAGTACTCATATATAAATCTAAGGTTGAATAATGAAATGTTCTTGCGAACGTGGAGGTAAAACAGGGGTGCTGAATATGTTCAGGGCTTTTTTAATTACCATTTTTAAACTTGAAAATTCACTCGGTTTTTGTATGTAGTAGTGAGCCCCTAACTCATACAAACTATTAACAGTAATACGGTCTAGCGAGGTAGAGTAAATGATAATGGGAATTTGGGACCACTCCTTTTTAGCCTTTATTTCTTCGATGCATTCTATCCCAGATTTTCGAGGCATATTAAGATCTAGAAAAATAAGGTCGGGGTAATTAAGCGGTTCTGATAATAAGAAATTTATAAGTTCAACACCATTATTTACTGTGGTAAGCGTTGAAGGACTTCCTATTTCATCTAAAGCATCCTTGAAAAAGTCGCAATCATCTATATCATCATCTGCAAGCAGAAGGTGTAGTTTTGTTTTTTCCATTTTATAAAAATCCACTC
NZ_CP151839.1_gap46	2260454	2263241	2787	AAATCTTTAACAATACCCATTATTATAAAAGCATTTCTATCGATTTTATCAATTTCGGTTTGTAATTTGGCAAGTTCTAATCGGGTTACAACGGTGTAAAGAATGTCTTTATCATAACTATCGCCACTTTTTCCAAAACCACCTTTACCTGCATAAATGGTACAAGCTCTGCGTAATTTTTCGGTAATCATGACGCGTAAATCTTCATGTTTATTTGAAATGATGGTGACACCTACATATTCTTCAACACCATCTACTACGAAATCGACGGTTTTTGCAGCTGCCAAATAGGTTAAAATCGCATACAGTGCTGTTTCAATAGATAGGATATATGCACCCACCGAAAATATGAGAATGTTAATTAATAAAAGAACATCGCCAATGGTAAGCGAAAGTTTTCTACTTAAAAATATGGCCAATACTTCAGTGCCATCAATAACGCTACCACCTCGCATAGACATACCAATACCTAAGCCCAAGAAGAAACCACCAAATACGGAGATTAATAACTTGTCTTCTGTAACGGTTGGGTATTCAACAAAATGAACCACAAATGCTAAAAGTGCAATGGCGGCCATACTTCTTAAAGCGAATTTAACACTAAAGGTTTTGGACGCTAAAATTAAGAACGGAAGGTTTACTAGAATTAAAAAGTAACTTAAGTCTAAAGAGGTCACGTTTTGAAGTAATAAGGAAATACCTGTTGCGCCACCATCAATAAAATGGTTGGGTAACAAGAAGCCTTTTAAACCAAAACCCGCTGAAAAGACACCAATTATTATGAAAATATATTCTTTTATGGCATGTGAAACTTCTACTTGAAATTTCCTAACCAAAGGAACAATTTGTTTTTTACTTACAGGTTTGTGTTGCTGTTTAGATTGCAGTTGTTTTCGTGCAACATCCATTAACAGTTTTGAAAAGAATGGGTTCATGAGCTAATCCAATTTTTAAAAGGGTTTTTGTTAACCTATTTCTTCAATACTTTAGTTAAAATACCAAAAACACTACGAATAAAAGTGGCGCTGGTTAGTACTTTTATTATCGGGTTCATCGCCGTGCTTTTTCTTCTAGATGAGGTTGTAGTGCGTTGTTTCGATTCTGCTTTTTTAAGAGCAGCTTGTTCTTCTCGTGCTTTTTCTTTGGCTTCATCAGCTTCCGCTTGCTCTATTTTTTTGTTAAGCAATTCATATGCACTTTCTCTATCAATGGTCTCATTGTATTTTTTTACAAGCTTCGATTTTGAATTTAAGGCTTTCAATTCATCATCCGTTAAAATATCCATTCTACTCATAGGCGCGCGCATCATAGTGGCAGCTAGTGGAGTAGGGCGTCCTTTTTCATCAAGTGCAGATACTAAAGCTTCACCTGTACCAAGCGATGTTAATATGTCGGTGGTATTATAATATTCAGAATCTGGATAATTTTGTGCCGTTAATTTAATAGCCTTTCTGTCTTTTGCTGTAAAAGCACGTAAGGCATGTTGAATTTTTAAACCTAACTGACCTAATACCGCTTCTGGCACATCGGTTGGGTTTTGAGTTACAAAATACAAACCAACGCCTTTACTTCGTATTAATTTAACGATGCTTTCAATTTGATTTAATAAAGCTTTGGAGGCTTCATTAAAAATTAAATGTGCTTCGTCAATAAAAATAACTAGTTCTGGGCGGTCGCTATCACCCTGTTCAGGGAAGGTGGAATATATTTCAGCAAGTAAACTCAACATAAAGGTCGAGAATAACTTGGGTCTATCTTGAATATCGGTAAGTCGAAGGATATTAATGTAGCCTCTACCGCTGTTATCAACACGCAGTAAATCGTCTACATCAAAGGAGGTTTCACCAAAAAAGGTATCGGCACCCTGTTGTTCTAATTCAACGACTTTACGTAAAATGGCACCTGTTGATGCGGTTGAAATACGCCCATAAGCTTCATCAAATTCAGCTTTACCTTCTTGGGTGGCGTATTGTAATATTTTTTTAAAATCTTTTAAATCGAGTATAGGTAGTTTGTTGTTATCACAATATTGAAAAATAACGGCCACAACACCAGATTGTGTTTCCGATAAATCTAAAATTCTAGATAATAAAACAGGTCCGAATTCACTAACTGTGGCGCGAAGGCGCACCCCATCTTGTTCCGAAAGGGTTAAAATTTCTACAGGAAAGCTCTTAGCTTCAAACGGAATACCAATTTGAGCATGGCGCTCATCAATTTTTGGATGACCCGGGCTAGCTTGTGCAATACCACTTAAATCCCCTTTAATATCCATTAATAAAACGGGAATACCTTTGTCGCTTAAATTTTCAGCTAAAACCTGTAACGATTTGGTTTTTCCTGTACCCGTAGCGCCGGCAATTAAACCATGACGATTTAAAGTTTTTAAAGGGATTTTAACTAAAGCATTGGTTACAGTTTCTCCGTTTAACATGGCTGCACCAACCGATATAAAGTCGCCTTTACAAACATTTCCTTCCGTGATATAATTAAAAAAAGTTTCCTTCGTATCCATTTACTTTAATTTTGCATAAAAATAGGTATTTATATATAGAATTAAATAAACAAGAGTTATAAAACTTCCAACAATTAGCATGCAAACCGCTATCTTTGCAAACGATTATGAATAAAGACATACAAAAATTAGTAGATAAAGGGGTTATGCTGCCTTTAATGGAAGAGTTTTATACCATTCAGGGTGAAGGCTTTCATAAAGGAACAGCGGCCTATTTTGTTAGAATTGGTGGTTGCGATGTGGGTTGCCATTGGTGCGACGTGAAAGAAAGC
NZ_CP151839.1_gap47	2265073	2269692	4619	TAAAAACCAAAAAACAAATATTAGCTTATTAAACGCTCAAAATAGAAACAAAACCCAATTGTTGATTTTTGGGTCCTTAAGTCTTGTTATTTTATTTGGTGGTATTCTGTTTTACCGTTCTTTTTTACATGCAAAGAAACAAGAGCGCTCGCAACATGAGTTTTCTCAACAGCTTCTTAAAACCCAAGAACAAGAACGAATACGTGTTGCCAAGGAACTTCATGATAGTGTTGGCCAACAATTAACATTCTTGAAAATGAAGACTCAAAATAATGATCAAACAGAATTATCAGGGTTATTAGGTGATACTTTAGACGAAGTACGGAGTATTTCTAGGGCCTTATACCCTGTAACATTAACAAAGCTAGGGCTTACCGATAGTATTGAACAATTGTTATTGGATTTGGATGAAGAAACAGATTTATTTGTGTCCGTTGAAATTGATGATATTAATGACAGTTTTGATGAAAGCAAATCTCTTAATATTTACAGGTTTATACAAGAATCTGTAAACAACGTGGTAAAACATGCGAACGCTAAAACATTAATTGTAAATGTATTGAAACAAAACGATGGCATTAAAATTTTAATAAAAGATAATGGTCAAGGTTTTGAAGTGAGCCAAATGATTGATAAAAACAGTTTAGGTTTAAAAACCATGGCCGAGCGTGTACGTATCCTTCAAGGGAGTTTGTCCATAAAAAGTAAAAAAGCAGAAGGCACTTCCTTATTAGTGCAAATCCCCGTGTAAAAATGAACAAGAATATCTCATTATTTATAGCAGACGATCATCCATTATTATTAAATGGATTGGCAGATAAATTACAGGAATATAATTATAATCTTCTTGGTACTGCTGAAAATGGTGCTATAGCCCTTGATAAAATCATGGACTTAAAACCAAGCATAGCCATTCTAGACGAAGAAATGCCAAGACTTACGGGCTTTGAGGTGATACAAAAATGTATAGAACAAGATATAGAAACCAAATTCATTATCCTGACCTCTCATAGAGAAAAGGCCTTTATTTATAAAGCAAAGAAATTAAACATATCGGGTTACATTATAAAAGATGAGCCTTTTATAGAATTACATAATTGTATACAAAGTGTGAATAAAGGGGTGCCCTATTTTAGTGCCACCTTTAATAGTGTTTTTGAAGATGAGGTTGAACCACAATTAAAAAAAATGAAGCTATTATCGCCTTCTGAACGTACCATTGTTAGGTTAATAGCTCAAGAACAATCTACAAAAGAAATTGGTGATTTTTTGTCCTTATCTTATAGAACCATTGAAAAGCACCGTTCGAATATAATTAACAAATTAGACCTGCCTAAAGAAAAAGATGTACTTGCCGTTTGGGCAAAACAAAATATAGAATTCGTTTTATAACGATTAAAAGTTTTAAGTGTCTTCTTTTTTACACAAACTACGTGGCAACACGTAGTTTTTGCGTTTTATAAGTAGTGTTATGGCTTATTGGTAAGCCTATCTTCGTTGTTAATAGCTGCATAAGTAGCTTAATTTAATATTATTATTTACAACTAAACATAACTACCCATGAAAACAAAACAACTACTTCTATCTTTATTAATGCTATGTGTAGCAACTATTAATTATGCACAATCTAGTGCAGAACAATCAGGTATTGCTGTCCAAGGTATAGCTAGAGATGCCAACAATACAGCCATCGCCAGTTCAAGTATCAGTATGACCTTTGATTTGTATTATTTTAATGACTCCAATAGTCCGACTACTATATTTTCTGAAACATTAAATGTGCAAACAGATGCTTTTGGTGTGTTTTCGCATGTTATTGCTAATGCCGTTGTTAATGATGTGAAATTTGCTAACTATAAGGCCTTTTTAAGAATTAAAAAGGGAACTGAAATTATATCTGATGAAAAACTACAACATGTACCTTATGCCATCGCTGCAAACAATGGCGTGCCAACGGGGTCTATTATGCCTTTTGTTGGCTCAGTTATTCCTAAAGGTTGGTTGTTGTGTAACGGGGCCGCTACAGTACCTGTAAACTCACCTTTATATGTGTTGCTAGGTAATAGTACTGAAACCCCTAATTTGAATGGAATGTTCCTTAGAGGTACGGGAACGAGTGCGGTTAATAATCAAAATGGACCTAGCTTAAGGGGAACGCAAGGTGATACCTTTAAACAGCATAAGCATTCAGGAAGGACTAATACAGATGGAAAGCACGGACATGGAGGGAATAATGTTATTTATAGTGCAAGTTCTAATGTAGGAAATGAGGTTATAATGAACACTAAGGGTACTAAATCAAAGTTATGGGATAGCAATGAAAGTAATCATGATCATGTCTTTACAACTGATAATGCAGGGGCTGGTGAAACCCGTCCAGTAAATTACGGTGTCAACTATATTATTAAATTATAAACCTTATAATTATGAGAAAAATAATTATAACGTTAGGTTTATGGTTTCTGGTTACAGGGCTATGGGCACAAGATAACAAAGGTGCTAAAATAGGCCCTGTTTCACAGGCCATTCAAAAAAGTACTGTAGATGGTAACAAGTATACTATTCAAGTAGGCCTTCCTTATTTAGGTCAAAATAACACAGCGCGAGCAACAAACCCTTTAGATATTCGCTTTCCTTGGGATGTATTGTATCTCTATAAAACATTTGCAGATGAGTCTTTTGAAGTTTCAAAAGGTTATTTTGGTGATAAAATATTAATCAATTGGACGCTTAGAGCTAATATTGATGCTGTAACAAATATTAAAATACTACGCCGTCCATATACCGATGATAATTCAGGTCAATTTGTACAAAAAGGGAATGTCTCTAAATTTGAAACAGAATTTGAAGATAGGTATGTAGAAGGAGGTGTTTTATACGAGTACAAGGTTGTTGCAGAAGGAGTAAGTGTTATTGAAAGTGAATATGACACGTATATTACAGGTATTGGGTATAGAAACCCAACGGCCATAGTAACAGGTAATGTAAGTTATAAAGGAGGAAACCCTGTAAAAGATGTCACCATAAGAGCCAGCTCAGAAGGAAGTTCTGTTAATGCGGGGAGTGCTTTAAATATCCCAAATACAGGTGCTTTAGTAATTAATGGTTTAAATAAACCTATAACAAAAGTCACAACCTTGCAGGCTTGGTTAAAACCAGTAGCGCCCTATACTAATAACACAGGACAAGCCATTCGCTTGTTTGGTGGCAATAATCTGGATGTTCATGTAAAACTATTGGCTGCCTCTAAAATTTTATCGGTAAAAATAGGTAATAGTGAGTATCAGTTAAAAAACGTATTTCCTTCAGGAAATCTCGATTCTAGAGGTGATGATATTCTGGTGCCTGTTTCCGATTTCAATTCTAATTTTGTGCATTTTTCTGTGGTGATAAACCATGGGAACGTGCCTCTACTTTATATTAATGGTCGGGAAATAAATGAGGACTATTCAAAATGGGTTAACGATAAATTAAATGCGAATAATGAAGCCTATTCAGGGCCTTATTTAGAATTTGTAATTCCTACACAAACAATTAATATAAATGCAGACTGGAATACTGTTTATGTGGGTGGTAATAGAAATGCTTATGTAGACGAAATACGAGTTTGGAACGCTGTAAAAGAACCGCTTAAAATTAGAACAGACTATAGAAGGTATATTGGAGGAAATGATGCCACTTTAATTTCCTATTTACGAGCAAATGAAGGGGCTGGGGCGTATGCCTACGATTTATCTAGAACAGGGTTCGATTATAATAAGAATCACGGAAAATTATGGGATTCCAGTACAGCAGTTGGGGCTAGAGTCTCTTGGGAACAAGGGGCAGGTAACATTCCAAGTTCAGACCAATTGGGTATTCTTGGGGTTACCGATGTGAATGGGAATTACGAAATTACTGCCATCCCATATTCAGGTACTGGAGAGTCTTTCAATATTACCCCTTTATACGGTGTGCACCAGTTTGAACCGGGGCAACAATTAGTGTTTCTGGGGCAAGGGTCTGAAGTGGTTAATAAAATAAATTTTACTGATGTTTCTTCATTCAGCTTTAAAGGCAAAGTTTTATATGATACAAGAGGCGTGTTTAAATCTTTTAAAGAAACCGCATCCGCACCAATAAATGGGGATGATTATTATGAAGCCAATCAAATAATTGGCGAAGGTTATAATTATTATGAGACCTTGAGTGCTGGTAAATTATCGAAAGGGGAATATTGGTATAACGATAATGAGACGCCCGCTGATGAATCGGATGATTTTATAGAACGCTATGCCCGCATCGCATCTGAAGGTGTTAATGTTTACATAGATGGCAATATTGTTTTAGATGAAAATAACATTCCAGTAGTGTCAGATGCTGAAGGTATTTTTGACATCAGTGTACCTATAGGGAAACATTATATCACACTAAAAAAAAACGGGCATGTATTTGCTCATAACAGTAGATTTCCAGCTGAGTCTGGTACTTTTAAAGAGTTTTTTGAAGATTCTAATGAGGCTGTTGTATTTGTAGATAGTACACGAGTTACTCTAGTTGGTAGAGTGGTTGGTGGAACGGTTGAGGCTGAAAAGGTTATTGGTTTTGGAGAAAACGGCTTGTTTGAGAAATCAATAACA
NZ_CP151839.1_gap48	2279651	2280711	1060	TTAGGGGTTTTGAAATGAAAGTGTAAAAGGTGTTTGGGCGTTACCCTTAAACTGTGTATTAGTGTTTTGTGATCGCGTGGTTTTTGAATAAAAATGAAGCGTTGAAAGCTGCCCGAAGTTATTTTATAGCATATACTGTATAGGCAACACCACCTTCAATACGTCTTCCTATGCCAACCGCAATGGTGTGATTTAGCCAAAAGTATTTTTCTGAACTCGTTTCAAAAATGGGAATCACTCTAAAATAGAGACTTCCATCTGCTTCACGATAAATAAACCCTGTGTATTTCACATAAATAATAGCGTCATCATCCGTTTTAAGAACCATATCAACATCTAATTTCTTTATTCCAGAATCGAAAGAAAGCGCCCAATCGGCTCCAATAGGTAAAACCTTGCCTTTAATTTTTGGTCCTTCAAAAAAGCCTCCGGTAACGGGGTGAATTAATTTATTGCCTAAAGATGTTTTCCTAGAACCATGGTCGAATCTAAAGTAGCTTCAATTTCATATAAAAATTCATATTTGAGTTCACTCTTTTGGGCTGCTGAGGTTTGAATAAAAAAGTAAACCCAAGTAAAATTACTTGGGTTTTAATATATTGAAATTATGAAGTTTTAGAAAAAGAAATACCCAACGGATAATTGTAACACACCATTTTTATTTTTATCTGTGAAACCATCTATATTATTAATATCAGATAGTCCCAGGTTATATCTGGCGCCAAAATTAAGGCCGTTGTCAAGTTTATAAGCTAATCCAAAATTAACACCAAAATCAAGGGTGTTAAATGAATCTTTTAAATCTGTATTATCTTTTTCGGCAGAAAGTAAAAAGCCTATTTGTGGTCCCGCTTCAACACTCAAGCCTTTTGTTACATAATATTTTCCCATTAAAGGCATGTTTAAATAATTGAGTGCCACTAAGGCGTCACTATCAAAACTATATCCTTGACCAGAATACATTAATTCGGGTTGAAAAGAAAATTTTTCGTTAATGGGTATCTCAGCAACCAGACCAAAATTAAAAGCTGTTACAGGTTCTGTAGCTTCTGTATTGTCT
NZ_CP151839.1_gap49	2286973	2289182	2209	ATTTTAACCTCGCCACCTCGTTCCATAATATATTGCATCACTTTCATCATGTGATCGCGCTCTTCACCAGAATGTCTAAAGAAATAATTGGCAATACCTCCATAGCCTTTGCTATCTGCCCAACAGCCATAAGATAAATATACTTGAGCAGCATCTGCTTCTTTAGTGACTTGAGAATTTAAAATATCCTCTATTTTTTTTGATAATCTGTTCGTATCCATAATCCATATTTTTCTTAAAAATATTAGTTTTTAAGAAGGTCTATGGATTTTAAAAAATTAAAAATTAACTCAAATGCATAATTAATACATATTCATTTCTTTAACTATTAACTAGTAATGCGGGTAAGTTATGTGAAATGAAAGGGTTGATTGAAATAAATGAAGTTGATTAATTGGGCAATATAAATAGTTCTACTTGAATTGTAAATTAAAAATCATGAGGCTGTACGGGCATTAGAATGGTATAATGAACACCTTTTCCGTTTACCGATTTGGCAGCAATACTTCCTTGGTGTTTTTCAACAATTTGCTTGGAATAGGCTAAACCTATGTTGATTTTGTTAAATTCTACAGATTTATGAATTATCTCATAGAATTTTTTTGCAAAACCTAAGCCATTATCTGTATATGTGATTCTTAAAAATTTATCATATTGGTATCTATTAGATACCTCAGTAAAACTGTTTTTTATGGTTTCAATGGAGGAAATATCTATGATTAAGGTTTTGTTATCGGGATTCTTATCATTTATGGAATTCTTAAATAACTCCATGAAAAGGCGTGTAAGTATCCGTTTGTCACCATAAAGTTCTTGATTTTTATAGGTACAGGATACTTCTATTTCTTTGTTGTTTTGAATATTTAATTCTTTCAATGCGTCTTCTATCACCTCAGATAATATAACCTTGCTATAAACTAAGTCTATCTCATCCAGTTCTTTGAAATGTAATAAGGTGAGTAGCATATCACTCATTTGCGTGCTGAAAGTTACTAATTTGGATAAACCTTTTTCAATACTCTCCGGAAGTGAGTTCACTTTAGTTCCTATATAATCGCTATATAATATGGTTTTGCGCAATGGTTCTTGAAGGTCATGCGAAATCAATTTGAAGACTTGTTGTTGCTGTTCCTTTAGTAATTTTAGTTTTCTGAGTTGCGATTCTAAGGTACGTTGATTTAAGAGTAATGCATTTTCTGTTTTTTTGAGTTCTATGTTTTCAACTAAGGCCTGTTCCGCAACTTTTTTAGCTTCAATAAGTTCTTTTTCATAGCGGTTTCTGCCAGATATTTCCATGCCTCCACAAACCATTTCTAATCCCAATTCCGAATTATTGATTTCGATATTTAAAAGAACTGGTATTGGACCATTTGGACTTTTAAATTCCATGAAAATTTCGCGTGCTGATTTTTGCATTTTTAAAAGTGGGTAAAAATGCGTTTGATAGAAAATTTGACTTCCCGAAGTCAATATATCTGCTAATTGACTTCCTATGAAGGTTTCTATATCTAAACCCAATTTTATTCGCATTTCGGCATTCATTTTGTTTATGGTGCCATTTTCTGAAAATGAAAATAAAAAACAAGGAATAGTGTCATAGACATTTTTCCAAGAGCTTTGGTCTGTAGAAGTCTTTTTAATGATATTGGTGTTTTAAAAATTCTTTTGTGAACTTAATTGTTTCTTCAGGATGGCTCATATGTGGACAGTGACCAGTCGCTTTCATTTTTTTATAAGTACTGTTTTTTATATGTTTATGGATGTATTGTCCAACTTCATCAGGAGCAATGACATCTTCCGAACATTGTAAAATTAAACATGGAACGTCAATCTTAGGTAGGTCATCACGATTATCAGAGAAGAAAGTTACTTCTGCGAATTTTCGGGTTATAGTGCGGTCTGAGGAGCAAAAACTTTCTTTAAGTTCTTCTGTTAATTCAGGTTTGTCATCATTCTTCATTACAGTAGGAGCTAAAAAATTAGCCCATCCAAGGTAATTATTATCCATCACATTCAGTAACCCTTCAAGGTCTTCTTGTGAAAATCCTCCCTTATAATTCTCGTCATTGATATAACGGGCGGAAGGCCCTATTAGTACCAAACTATTAAACAAGTTTGGCTGTTCTAAAGCGGCCAATAAACCAATCATGGAACTTACACTATGACCAATAAATATAACATTGGAGAGTTGGAGTTCCATACAAATATC
NZ_CP151839.1_gap50	2290223	2293892	3669	ATATCACCCACTTGCGCATGGGTTGCTTCAATAATACCAGCCGCGATATCTTCACCTAAAAACTTAATAATAGGCGATTGTAAATCGTTTTCATTTACAATAATATAAGCCAAGCCACCCAAACCGTGTTGTTGTGCAATCGCTGTTAATTTTTCAATTTGCCCTTTAGACATACGTTTGCTGCCTTGTTCTTCCGCCGATACTTTAATACATTTTACAATTCCGCCTTCTTCAATTGGTTTACTAAATACTTGGAAGGTGGTGTCTTTTACAATGTTGGTAATGTCTTGTAGTTTCAAGCCGAAACGTAAATCGGGTCTATCACAACCATAAAACTCCATGGCATCTTGATAGGTAATGACTTCAAACGGACGCAATATCCATTTGTTACCATATATTTTGTTTACCACTTCATTAAACATGTTGGTGTTTAAATCGATGATTTGTTGCATACTCGCATACGCCACTTCAATATCTAATTGGGTGAATTCTGGTTGACGGTCGCCACGAGAATCTTCATCTCTAAAACAACGTGCAATCTGGAAATACTTTTCGTAACCACTTACCATCAACATTTGTTTAAACTGCTGTGGTGCTTGTGGTAGCGTGTAAAACGCACCAGCTTGTTTACGTGTTGGTACAATGAATTCGCGTGCGCCTTCATCAGTCCCCGCACTTAAAATAGGGGTTTCAATTTCTAAAAACTCTTCATTATCTAAAATGTCACGTAGTAATTTAATCACCTTGTGGCGGTTTACTATCACGCGACGTACATCGTCGTTTCTGTGGTCTAAATACTTGTATTGAAAACGGGTGTTTTCGTTGGTTTTTGTCGCACGTTTTATTTCGAAAGGCAGCGTTCTCGATAGGTTTAGAATATCTAAATGGGTCGCCTCTAATTCAATTTTACCAGATCGTAAAGACGAATTATAATCATCTTCTTTACGTTGTAGCACGGTTCCGGTAACGGTAATAACCGACTCTGGTTTTAGTTTTACCAGTTCGTCTAAATTAGGAAAGGATTCTCTACTTAAACGTACTTGGAAAATTTCGGTACTCGAATCGCGCAAATCGATAAATATCAATTCACCATGATCGCGCACACTAGAAACCCAACCTGCAAACGTCACTGTTTCTGAAATATTAGCTTCAGAAATAGCCGTAATCACGTGGGTTCTGTACTCTTCTTTTATAACGATAGGAATTTGTGGTAATACTTCTTCCTGTTCTTTTTTGGCAGCTTGCTGTTTGGTGTTTGGTGTTTGTGCGTCTAGAGTTTTAGAATCTGAAGCTTCGGTTTTTGAAGCACCTTGCAACTGACTTAAAATCCCTTCGCGAATCACTTTTCCGGAAGCACCTTTACCAATAATGGCTATAATTTTTCCGACTAAAATACCTGCTTTTCCTTGGTTTCCAGCTTTAATCTCGTTGGCTGTTGCTTCATTCTCTGAAATGACTTTAGCAATAGCATCGTAGATTTTTTCTTCGGAAATAGTGTTGGCTTCAAAATAGGTTTTATAATCAAATGAAGCATCGGCTAACAATGATTTAATCGCATTTTGAACCAATACAACGGTTACTTTTTCTTCTTTGAAACCTTTGAAAATTTCAATAAAGTCTTGAATATTTTGAATGTGAGCGTATTCCTCAGGTTTTATATTGTTTGATAATGTTTTCGCTACGAACGACGCATCGTTCAGTTCATTATTAATGGCAACAAACGTTTCCGAGCGTAATGAATCGGCTGTAAAGAATTTAGCATCTTGTGGTAATACACCACCGTTTATCAAAATAGATTCTACCGCAAACGGAAGCGTTCTGGTGTCTACAGTAATAGCAGCAACGGCGTCTTTTATGTTTACAAACGGTAAATCGGGTTCTGAAATGAAACGGTAATCCGCCTCAAATTCCTTTTTACGCATGGTTTTGGTTTGCTTTAAATCTGCATCCCATAAAACCGTAGTTTGGTCGGGTCTAAACTCTTTATGCTCTATAAAATAGTTGAGTTGTTTTTCAATTTCTTCCTTCAACGCATCGACCATAAACTTAAACGAGTTCAAGTTTTTAATCTCGGTACGCGGGTTTAATTCGTAACTATGTTTTTTACGAAGCGATACCGAAACATCCGATTTGAATTCTCCTTTTTCAAGATTTGCTTCAGATATTTTTAAATTTTGAACAATACGTTGAATGTATTGTGCATAAATAGAAGCGTCTTCAATATGGCGAATACAAGGTTCGGTTACAATTTCAATTAAAGGCACACCGGCTTTGTTAAAATCGACTAACGAAACTGTTTTTTCGTGCATCAATTTAGCGGCGTCTTCTTCAATATGAACTTGGGTTAAATTAACAGTAAACTGGCTTCCATCATTACGGAAACAAGACACTTGTCCGTCTGGAATTACCGGGTTGTGAAACTGTGTAATTTGTATGTTTTTCGGGTTATCTGGGTATTCGTAATGCTTTCTGTCCCAAGAAATCACTTCATTTTCAAATGATGATTTTACAGCTTTACCAAAATAAATAGCCTTGGTGATGGCTTCTTTATTAATAGCAGGTAAAACACCCATTTGCCCTGTACAAACCGAACAAATGTTTTGGTTTGGCGTTTCAATTTCTTGGTTTGGGCAAGAACAAAATAATTTGGTTTTTGTATTTAATCGAACGTGTGTTTCCAGTCCAATTACTAACTCTAAATCGTGTGCTTTTAACGCAGCATCTAATTGCTCTAGTTCCATTATATCGTGTCTTTTAAGAAGTTAGCAAACTTCAAAACAAGTTCGTCGTTATTTCTAGCGGCTGTAATTTGTACGCCTGTTTCTGTGCCTTGTGGAGCGGTAAGTGTTGGCAATTGCCCCAAGCTAAACCCAACCGTATAAGCATCGCTTAAATACATGGCGTGCGGGTCTTTTAAGCTGTCTCCAATTTTGGGAGGCGTGCCTGGTGTTACTGGCGATAAAATGATATCCACTTCTTTAAAATCGTTTTCGAAATTTTCTGAAATCGAATCTCTTAAGGCCAACCCTTTTAAATAAATTTCATCTGAAAATCCTTGAGATAATACTTGGTTGCCACCAACAATACGGCGTTTGGTTTCTTCTGAAAAATTCTCAGAACGTGTTACCGCGTAGGATTCTTTTAGGTTTTTATCATCAATTCTGTTTCCGTAATTACTACCATCTAAACGTGATAAGTTGGAAGCAGTTTCGGCCATAGCCAGTGTATAGTAAGTAGAAACCAAGATATCCGATTTAAAGAAATCCAGTTCTTTTACTTCGATACCTTTGGCTTTTATTTTTTCAATAGTTGCTAAAAAATCCGCTTTTATTTTTGGGTCGATCGCCTCACTTTCAATAAAGTTTTTGAAGTATCCAACCGTTTTAATATCTTTTGAATTTGAAAGACTTTCTTCGCTAATTTCTGTAGAAGCGTAAGTGGTTTGGTCTTTGCCATCTTTACCACTCATCACATTCAGTACGATACGAATATCTTCAACCGATTTTGCAATAGGTCCCACACAGTCTGTAGACGATGCATAGGCCATCAAACCAAAACGAGAAATACGTCCATAAGTTGGTTTTAAACCATATACGTTATTGTAACCAGCAGGTTGGCGTACCGAACCTCCTGTATCACCTCCAATAGAAAATACGGTATAATCTTTTG
NZ_CP151839.1_gap51	2468328	2469215	887	TTCTCCAAATTTTAAATGAAAATCGGAATGAAAGGTTAGGTTCGCGACATCGCCATAAACGGCAATTTGTAAATCTTTAGCATCAAATTTTAATACTTCAGTTACAGAGCCAAAAACATTTCGTTCATGGGCTTCATTGGCTTCGCCGCCATTTCTTGGTTCTCCATTTTTAAATTCGGTGAATTTCGGACCATAGGCATGGTAGGAGATTAGTTTGTCTAAATCACCATCTTTAATGCTTTGGGCAATACCACCAAAGGTTTCCATTACTTCTTGTTTGGCCTCTGGAAACTCATCGTTTACTAAATCAATTTTAATTTCTTCAACTTCAACTTTTTCTTCTTTTGGTTTGCATCCCATAATTAATATTCCAAAAATAATAATCATTGCACATGTGAATTTTCTTTTCATAACTAGTTGTTTTACTGATTAATAGCTTTTCACAAGTTACGAATTTTTTTAATACGTGCGATTTTACATCTAGAATTTTCAGGAGTTGCTGTTGGTTATAAGGTCTATGTGTACGCTGCGATTTTTAATGCAGCCATTTTAAAATCAAGTTACTAATTCTGAAATCATTAAAATTATGTTCTAATACACTTTGGTTTGATTTCAGCAGGGTAGCAAAGTATGCTCTGTTTTTGTCTCCTTGGTTTTCAATATGAATACTATCTCTTATTTTTTGGGTCTAAAAAAAGCCCGATTTCGTAAACTTTATACTCAGATTTTTTTAGTTTTCTCCATCTCATTTTTTCAAGTTCAGAAGTATTTAACTCCGTTTTAAACTTTATAAGTTTGGTTAAGAATTCATAGTTAGGTTCATAAGTTATATTTATAACGGAATACTTTGATATATAATCAAAATTGGTTTCAACGCCATTAGGGTA
NZ_CP151839.1_gap52	2477993	2481977	3984	TGAATTCTTCTCAAGAAATATTGCGAAAAGTACCTGGTTTAATAATCGGTCAACATGCAGGGGGAGGTAAAGCAGAACAAATTTTTTTAAGAGGTTTTGATATAGACCATGGTACTGATATCTCACTATCTGTTGATGGGATGCCTATAAATATGGTATCGCATGCACATGGGCAAGGGTATAGCGACTTACATTTTGTAATACCAGAAACGGTTAATAAAATAGACTTTGGTAAAGGGTCGTACTATGCTAATCATGGCGATTTTGCCACTGCTGGCTATGTTGATTTTGCAACTAAAGATTATTTAAAAGAAAGTTCAGTGTCTTTATCTGTAGGTCAATTTAATAGTGTTCGGACCTTAGGTTTGTTTAACTTGTTGGAAACTACTAAAAATCAAAATGCTTATTTAGCAACGGAGTATATTGCTAATGATGGTCCTTATGAGTCTCCTCAAAACTTTAATAGGCTGAATCTATTTGGGAAATATGTAAGTTTTTCGCCTAATAACGATAAGCTATCATTAAGCTTTTCACATTTTACAAGTAGGTGGGATGCTTCTGGACAAATTCCACAGCGTGAGGTTGATAACGGAAATATTACCCGTTTTGGATCTATTGATGATACCGAAGGAGGTAACACAGAACGCACCAATTTCAATGTAGAATTTAATAAATACATTTCAGATAATTCAATCTTAAAAACCAATGTGTTTTATTCGCATTATGGATTTGAGCTATATTCAAATTTCACGTTTTTTTTAGAAGATGCTGCTAATGGCGATCAAATTAAACAAAAAGAAGACCGAAGTATATTAGGTTTTAATACATCTGTAACTAATGAATTGCGTTTAGGAACTACCGAGCTTACAACCACATCGGGTATTAGCTTAAGGCATGATATTATTAATGATATTGAGTTATCTCATACTTTAAACCGTAGTACTATTTTAGAACAAATTCAATTAGGTGATTTAAACCAAACCAATCTAAGTGCGTTTTCTAATATGCAGTTTAATTTTGGTAAATTTAAAATAGCCCCAGCATTACGTTTAGATTATTTTAAGTTTCAGTATCATGATAAGTTGCAAGCCAACTATACATCTCAAGCTGAAACAAAAACTATTTTAAGTCCGAAACTTAACTTCTATCTTGATGCTGCATCCAATTTGCAACTGTACTTAAAATCTGGTATAGGCTTTCATTCAAACGATACTCGTGTGGTTGTTAGTCAACAAGGTAAAGAAGTGTTGCCACGATCGTATGGTTTGGATTTAGGAACTACCTGGAAACCTGCACCTAAACTTATTGTTAATTCAGCATTATGGTATTTGTTTTTAGAACAGGAGTTTGTGTATGTAGGAGATGCGGGTATTGTAGAACCTAGCGGAAAAACGGCGCGTTATGGAGGTGATTTAGGTGTACGATTCCAATTAAATAAATGGTTGTTTTTTGATACCGATGCCACTTATACACATGCTCGCAGTATTGAAGAGGTAAGCGGACAAAATTATATTCCGTTGGCACCTGATTTTACCATGGCAGGAGGCTTGTCTATTAATGATTTGCAAGGTTTCTCAGGCAGTATGAATTACAGATATGTGGACGACAGACCGGCAAATGAAGATAATAGCATTGTAGCAAATGGTTATTTTGTAACCGATTTTAATGCCAATTACAAATTTAGTAACATCACTTTAGGATTGGTTATTGAAAATTTATTTAATACTGAATGGAATGAAACTCAGTTCGCTACTGAATCGAGACTTCAAAATGAAGCTCAATCCGTTGAGGAAATTCACTTTACACCAGGAACACCATTTTCTATTAAAGGAAGTATAACCTATACATTTTAAAATATAAAAGAGTCATACTTTTAATTGAGGGATTCATTAGAAGAAAAAAATAAGATATTAATAAATAAAAAAATAGTGGTTTTAAAAACCTTTTGAAGAGTTTGGTTTTTGGTTTTTTTGTTAGTGAAAGCGCCCCAATTATAGCGATATAATTGGGCGCTTTTTTTTTGAAGACATTTTCTTTAGCTATGGGAGCTACTGCTGGTAGATCGAAAGAAGTACACTGCATATGGCTGTTGTTTTTGGCGATATGCATGGACAGGTTTGCTCCAGATCCGCCAACATCGCAAAGTGTTTTATATTTGGAAAAATCAAAATCATGGGATAGTTTCATGAAGTTTGTATACCGCCCATACCATGTATAAACTCACGAAGGCGGTCTTCCTTGGCATAAATAGCCTCAAACAGCGACGGCCCTCCATTTTTTGTCTCGTTTTCTGGTAGGCCTGTTTTTAGGCAGGTTTCCAAATCATTCCAAAAAGAAAATAATCTATTATTAGACATTTCTAATATGCCACTTATGTAGCTTGGTTTTGTCTAAAAATAAGTTACAATCGTTCGCATTAGTATAAATAGCTGTTTCTTTTAAACCTGTGCGTTGAAGAAAGCCTAATGCGACTAAGGTATCTAGAAAATCGAAGAGCGACCTACGGTTTAGACCTAATTTATTTTGAATAGATTGACCCGATAAGGCGCCTTTGGCTAGGTGTGTAAATAAGCCTAGGTTAACAGCTGTTAGAAGGGTTTTAGAGACCCAAAATCCCATTCCAATTTGTAATATTTTGGAAGGATTTATTTGATTTTCATTCGTTGGATTCATAATGTACTTGTTTAGATTCGTAATGTTATAATTCAATTATAGCGACTAGATCTAGGGAGAGTCTGTATATTATTATGTAGCCATTTAGGTTGGCCAATCCGAAGTATTTATTTTTTCTCTATTGATTAGATAGTAAATTGTTGAATGAGAGTGTTTTATATAACCTAATGTAATGATTATTCTTTGAATGTAACTCATTATTAGGACTTTATAATTTGTATTCATCAAATTGCATTGTGAAACGGTTTTGTTCTAAGTAAGGCATTATTTTGATAATTGACCATTTCCATTAAACAATCAATATAAAGCCCTTTCTAACAATCTAAATAAATAACAGTATCTTTGTTGCTTAATTAAAAATAGAGGTGATATTTAGTTTATAGATTGTCATCTCAAAATGCCCAACTAAGGGCTACCAAACAATTTATATGCAATTTAACTCATTAGGCTTATCTCAAGCCTTGCTAAAAGCTATTAGCAAAAAGGGATACACTACTCCAAGTCCTATTCAACAAAAAGCAATTCCACACATATTACAAGGTAAAGATGTATTGGCAAGTGCTCAAACAGGAACGGGTAAAACAGCAGGTTTTACATTACCGCTTTTACATATTCTATCAGAAAATCCGAAAGAAAAATACAGACCCATTCGTGCCTTAATTTTAACGCCTACGCGTGAATTAGCAGCACAGGTATATGCTAACGTAAGAGAGTATAGTGAATTTTTAGAATTACGCAGCGCCGTTATTTTTGGTGGTGTGAATCAAAATCCACAAGTCGCCACCATTCGTCAAGGTGTTGATATCTTGGTAGCAACTCCAGGACGTTTACTAGATTTAATAAATCAGAATCACATATCCTTAAAGCGTGTTGAGATTTTGGTTTTAGATGAAGCCGACCGTATGTTAGATATGGGATTTTTACGTGATATAGAACGTGTTATTAAAATGATGCCAGCAAAACGTCAAAACCTGATGTTTTCGGCGACTTTTTCTCCAGATATAAAGAAACTAGCACATGGTATTTTAAGCAACCCAGTGCAAGTAGAAGCGACTCCAGAAAACACAACGGTTGATGCTATTACCCAAAAAGTATATCGTGTTGCCAAAGGCTTAAAAACCGATTTGATTATTAAGTTAATTTCAGATGGTAACTGGAAACAAGTATTGGTATTTACACGTACCAAACATGGCGCCAATAAACTATGTGAAAAAATGGCTAAGGCAGGTATTAAAGCCGCCGCTATACATGGAAACAAAAGTCAAGGCGCACGTACCAAGGCTTTAGGTGGTTTTAAAAATGGTAGCGTAA
NZ_CP151839.1_gap53	2521509	2525607	4098	GGAAAACTGCTACTGGAAGTGTGTTGTTTACTTTGGCAGATTTCAAACGATGTTTATCTAGCGATGCATTTCAAAATAAATTTGTGACGTTGCTTAAAAAGAATAGTGTTAAAAAACGTTGCATACTTCAATTTGAAAATAAAGAATTGCAATTGCTTTTAAATACCATTTTTAAATCTGAAAAGGAAGCAGAATTATTAAACACAGAAGTTATTGGTAAACTCAAACCCTTGCGGTCATCTTCAAGAATGTTTATATGGACTACGATTATTGATTATATGTTATCAAAAAACGAAAAAGTTCTTATTCAGAAGCTATATGCCAAACTTGTTGAAGAAATAAATATTAAAGATGAAAAGGCTCAATTTTTTGCCGAAACAACATTAATCATTCTAAAACAATTACTTAGAATAAATAAAGAGATTACGATTACTGTCCTGAAAAGACCAGCGGGTGAAACATCTCAAAAAAAGGAGACCCTATCAGAAAGTATCCTCTCTCTGTGTTCTGAAATTGGACTTTCGGACAAAGCGGGAAGTGTCTTGAAACCCGTCGGAAATCAAAAAACATCAAAAAAAAATAAAATAAAACCTCTTGGCAATAATAAGGTGAAACAGGGCATAGCTTATGAAGAAAATAGTAACGATAGCAACCCAAAAACATACTATGTTCAAAATGCGGGACTTGTGATAGTGCATCCCTATATTTCCCATTTTTTACAAAATTGCAGACTTTTAAAAGACGACAATACCTTTATAGACAGGGAAATGGCCGTGCATGCATTGCATTATTTGGCAACTAAAAAAGAACAGCAGTTTGAGAGCGATATGGTATTTGAAAAATTCATCTGCGGAATTCCTATAAAAGATAGCATAAATAGGCATATTAAATTATCAGAAGATATAAAAAATCAAGCCGAAGAACTTCTAAAAGCTGTCATAGAAAATTGGGGGGGCTTGGGAAGTGCTTCAACCGATTTACTTCGCAACGAGTTCTTACAAAGGTGTGGGAAGTTGAGTTTTAATGATGATAATCCAAAAATTATTATAGAAAGAAAAACGCAGGATATTTTGGTTGACAAGCTTCCATGGGGAATTGGTGTTTTTAAACTCCCATGGCTTGATAAATTGATTTTTATAGATTGGTAACCAAAGAATTTAAGAAGAGAAAAGCATGTAAAACACAATCAAACCATGAAAAGAAGATATTTAAAACCACCACCAAGTCAAGTATTGGGTGGGGATCCATTTATTAAACCTAAAGTCCAGACCAAGTTGACTATGGGGAAATCTGAGGATAAATATGAAGTGGAGGCAGATAGCATGGCAGACCAAGTGATAAACAATACCAAAAACGGAGATGCTGTTCAAAAAATGGGTGCTACCGAGGAAGAAGTACAGCAAAAACCACTGGCCGCATCAATTTCACCGGTAAAGCTCGATACCATGAAAAAGGAAGAAGAACCCGTTCAGGCTATGGAGGAAGAAGAGCCAATTCAAGCCAAGGAAGAGGAAGAACCTGTCCAGGCTATGGAAGAGGAAGAGCCGGTGCAGACCATGGAAGAGGAAGAGCCCGTTCAACGTCAGGAAAACGAACAGATGTCTCCAGAAGACGAAGAAGCTATTCGTGAAATGAAAGAAGCAGGTGAAATTCCTATTCAACCTAAATTAGGGGAAGATCAGCTGCAGACCAAATCCAACAAACCATCGGGATCGGGGCCGTCTTTAGAAAGTAGGTTAAAACAAAGCAAGGGAGGTGGCATTAAAATGGATGCTAAAACTCGGCAGCAAATGGAATCACGTTTTGGTACCCATTTTGGCAACATCCGAATTCATACCGATGCCAATGCCATACAAATGAGTAAAGAACTCGGTGCGCAGGCCTTTACACATGGCAACGACATTTATTTTAATAAAGGCAAGTACAATCCGAACTCCAAGGAAGGCCAACACCTCTTGGCGCACGAACTGACCCATACCATACAGCAAAAAGGAGGAAAGATAAAATCAAAGGACCAAGAGGGAGAAGTTCCTATGGAATAAGAGGGGCGGGTTATAAGGGTGGCCCATAAAAATTCCAAATTTAATTTTTAACCACCAACTTAGAGCTAAAAAACAATTAAAATTGCAACACCTAGCAGCAACCATGTTTGCAACGGCACAAAAGGCAAAAGCCAAACCCAAAAACGCATCTCTTTTTCAAGGGGATCGGGACACCGATGCCTTTATCCAGCCCAAACTTAATATTGGAAAGTCTGGAGATCAGTACGAGGTCGAGGCCGACCGGGTTGCTGATACCGTTGTTTCGGGGGACAGTGAGCAACACAATCCATTTTTTGGTGCATCACCCAAGGTACGGCAACAAACGCAAGAGGAAGATATTCAGGAAAAACAAACCGAAGATAAAAAAGAAGCCTCACATATTCAAAAAAAAACGTTAGCAGAGACTATAACACCTTTGGTTCGCAAACAACCCGAAGAGGAGCAGCTACAGGAAAAGGAAGCCATCGGTGAAGACATTCAAAAGAAGACGTTGTTTGAAAATCGGTTACAGGAAAAGTCAGATGCTAAATTGTTAGTTCCCCATATTCAAAAACAAGAGGAGGTTCAGGAAAAAGAAAACGAAGTCAAGTTACAAGAAAACTCTGTTCTTCAAATGAGTGAAGAACCAGACACGGATGTTGAGGAGGAAACCATACCAGTACAGACAAAATCCAATGAGGAAACTGCAGCAACCCCATCTATTGAATCTCAATTAAACAATTCTATAGGACGTGGGTCGCCTTTGTCTGAAGCCACAAAAAGTACTATGGAATCAGGATTTGGTACTGACTTCAGTAATATTAGGGTGCATAAGGACAGCAATGCCATACAGATGAACCAGCAATTAGGATCCCAAGCCTTTGCTAGTAGTAATGATATCTATTTTAACGAAGGTAAATACAGTCCTGAGAGTGACTCTGGAAAACATTTATTGGCACATGAGCTTACACATACAGTACAGCAAGGAGCATCCGTACAACCCAAAATAATTCAGAAGACCAATACTCCATCTGCCACTGAGGAGACAGCGGAAAGAAACTTTATTGATACCGATGAGGGTACGTTGGATCTTAGGGATGGCAAAAAAGAGATTCACATAAAAAAACTTGACATACCTAGTTTCAAAAAAGTGGCAGGATTTTATCCTGCCACACCGTTTAGGCTTCCTCCAAGAGAAGAAAGAAACACTAACCAGAGGCAAAATTGGGACACCCATATTAAAAACAATGATGAAGGGCTTGATCAAAAATTACAAGATTTATACAGTCAACAAATTCCAGCGGAAGTAGGTGCTGGAACCGAACCGAGGTACTACTTGAAAGTTAAAAATGCTAACTATAATATTATTGGAACACAAACTGAGATTAAAAATAGAGTTTTAAGACCATTTTGGGATCCGACGGGGAATTTCCAATTTTATCATGTAGATCATCAAAACGAGATACAATTAGGAGGCGCCGCAGTAGATGTTATTCCAAACTACTGGCTGTTAGACGCTAACTCTAATATGGCTTCTGGAAGGATGATCAAGACGAATAAAGATACCAAGCTAAGAGGTATTCTTGGTGATGCAAGAACTTCTGATAACTTTGACGTAGTTCCAGGAGCAATAAACGATGTTAGAGGACAAGATTATACAATTTTGGTCGATGAAGTAGGCGCCAGTGAAACACAATTTGATATCAAGACAATCACGGCAACTGAAGCTCAACAAGGAAAAGCTACTGAAGGTTTATCTTATCTGTCTAGTGCTGAATTACAGGCATTAAGAGGTTCTCCAAATGAACTGGTTATTTTCTTCAATCAATTGGGGGGTATGTCTAGAAGAATTCCTTGGGAACCAGATATGACTACGCAAGCAGATTTATCTGGTATGTCAGGAGGAGCCAGGATAGGTGAAAATTTTGAGTTACTGACAATAAACTACACACATGGCTCTGGAGGCTCTATAACCGGTCGTGCATTTCAAGACAACACCTTTATTCAAAATGAAACTCTAACAATGGAATTACAATCATCCCCAATTGTAGAGTATGGTGGGGTTATTCCTAAAAGA
NZ_CP151839.1_gap54	2538980	2540235	1255	ACTTTAGGTGTTTTTAGGTTTTTTAGATGTTAGCTTAATGTGGTAAAAGTTATTTTTTGGTAAGTTCTCGGTTTATGTTGGTTAACCTTTTATGGATTCAGCATGTATTAAATCTAGTTCTGGTGTTTTAGGTTTAAATAGCGGAAAAATGAATAAAATATAATAAACACCGTAAGCAACCTTTGAAAGGATTTTTGCTCCTATAACTTCTATTATGTAACTTAGCTTTGGGTTGGTTTTGTGGCGGAATAGTTGTTTTGAGCGTTGGCAATAGCTCTTTGCTTTTTTATTGTACTAATTTATTAAAATAGATACTTTTAAATAAAACAAGCAATGTGCTATTATAGCGTTGGCTACAACTATTGTGACATAAAACCAACTATGTGGTGGCGCGCGGAACAACACAAAAGACAGAGGATTTTTGCTTTTTTGCAAAATACTGGGTTTTGGGTTGTGGGGATTTTATTGCCATAAAGGTTCTGTTTCCCAATCATCAGTATAACCTAATGCTTTTCTATCTACTAATGGATATTGAGTAAACAAATCGTCTAATTTTTCTTTGAAAGAATTCCTAGGATTAACGGATTGTAAAAGATATTTTAACATACATAAAACAAAATAAGTGCGCTTTTTTATATGAACTCTATTCTGCGTACGTGTATCCATATTATAACAATTAACAATCCAATCTAATGAGGTTTGCTCTGGAACAGTAGCTTTTATTTTTAAATTTTTATTCCATAGCCTACTATGATGTGCACAAGTATTTCTAATATAAACTAATGTGTGAAGCCAAGTGACAAAAACATCATCCCTTAAGCCAAATTTTTGAGAAATATTTCTTTTCGTTCGACCTCCTTTAAGGTTAGAATAAATATATGATAAGCTACCAAAAGAACAAACCTCTAAAGCCATCCAACTAGGTGGTAGTTCTTCTATATATTTATTTTTATAATTAGTTATAAACAACTCATTACTTCTATTAACCTCATTAAACATTTTGCTTATATCACGGGTATGTTGTGAATGAGATTTGAAATTATTTGTATCTGATAACCAAAAAACACCCCAACTATGAGAACATTCATACGAAATAACTGCTCGTATAGCTACTTCAATTTTTTCAATTTGATTTAAAATTAAAAGACGTAATTCACGATCAAATTTATACAACTCGAATGCTTGATTAAAGTGAGCATCAGCCTTAAACCTGTGGTTTGTTTTAGGATTAGCTAGCAGTGTATACCAATAACCA
NZ_CP151839.1_gap55	2543155	2545669	2514	TATTTTATTATGCTTCTCTAATTGTGATTTTAGATTGCTTAATAAATCCTCTTCTGTTTTTATTACAACTGATTTATGGCCTAATGCTATTAATTGGCTTATTAAATTATTTTCTAATACTTGTTCTGGTTGTGTTGTCATATTTAAACAAACATTTGTTGTAGCAATCCCTTTTTAAAGCTTTTACTATTTTCTATTTTGGTATTTAAAGCTTCTATTTTTAAATCTATATCTGATAAGAAATTGGCTATTTTGTTTTGTTCTTCAACACACGGTAATTGCACTAAACATTTTCCTATTTCCCCTAAATTTATTTTTATAGGAAAGGCAACGTGTATAATCCTTTTCCAAAGTTCACGCTGAAATGGAACTGAATTAATATATTGAGCTAAATATTTACTAGAAAAAGAAGAGTTTTGTTTAATTAAGGCTAAACTCACATAAAATGAAGCCTTTACATCCCAATCAATATACCTAGCTTTTCCAACATTCCCTATACGGGTCATTAATATATCGCCTTTCTCTAATCTCACTCTTTTGTTCTCTTTCTCAAAAACCTCTCTAGAGATATATTTTGTCTTTTCAAATTGATTAGCTGTAACGTGTTCCACACTATAAAAAGGGACACCCTCTGAAACGTAATTGGGCGTTTGATGTGTGCCATCATAGTATTTGGTAATCTCGCCTAACATCTTCTCCTCCCAAACAGGAAACTCATTACCATTATCATCTTTAAACCTTAATTCTTGATTAAATATTTTTTGCATTATGCCTTTTTTGTATTGTTCTAAAAGGGTTTTCTTTTTGGTGAGTTTGATAATTACCTCATCTACATCTGTAAGGAATGATGCTATTTTTTGTTGTTCTGGAAGGGATGGCAATTTCAAAGGAATACTTTTACATACTTCTTTATTTAATTTAGGTTGAGCTGTACCTGTATTATAAATCACATAATTTACAAGCTCTAAACTCTCAGTTAGAAAATCAATATTTACTTCAGCTTTAGGTTTTAAAACGTGTGCGTGATTGTTAATCCAGCATTTCCCACTAACTCTATAAGCTAACGGTAAGTTCCTTGATAAAATATTTTCTCCGTCCTCACCCAAAAGAACGAGTTCATCATCAAAAATATATTCATTTATATAATCAATGATACCTGAAGCACCATAATATGGATATACCCCTTGTGTTTTCGCTCTGTCTGCGCTTTTTATTGGTTTTCTTTTATGGTCTAAAAAAACAGCAACATCAATGAGTTTTTTCTTGTTCCATTCATCTTCAAATTCAGTAAACCTCAATTGTGGTGTTAATTGCTTTTCCATAGCTAAAAAGGTGTTTTAATATTTAACTCCTTACAATAAGAGGCAATACGTTTATCAGTTTCTGCAATTTCTACATCTAATGCTTGAATTTGTTCTGCAACTATATTAATATCAATAGGTTCTTCTTCTTCAAACGTATCTACATAACGCGGTATGTTTAGGTTATAGTCGTTATCAGCTATTTCTTGTAAAGTTGCTCTGTGGCTGTATTTTTCTGTTACCGTTCTATTGGTATAGGTTTCTACAATTTGATTGATATGCTCTGGTAGTAGCTTATTGTCTTTACCTTGTTTTTCAAAATGATTGGAAGCATCAATAAATAATACATCTTCGTTTACCTCTCTACATTTTTTTATTACTAAAATACACGTTGGTATCCCTGTACCAAAAAAGATGTTTGCAGGTAAACCAATTACAGCATCTATATAGTTTCTATCTTCTATTAAATAACGTCTAATATGTGCTTCTGAACTACCTCTAAATAATACACCGTGCGGCAATACGGTTGCCATTATTCCACTTTCATCTAAATGATGAATCATATGTTGTACAAATGCAAAATCGGCTTTTGTTTTAGGTGCTAATTTACCATACTGACTAAATCTATCATCTGTACTAAATATCCCTTTTGCAGACCACTTTGCAGAAAATGGTGGGTTTGCTACAATAGCTTCGGCTTTTAAGTCGATAGCCATATGTTGTGGTTCTTCTAAGGTATCTTCTTGTTTAATATCAAACTCACGATAATTTACATCGTGTAGTATCATATTCATACGTGCTAAGTTGTACGTTGTACGGTTTAATTCTTGACCGTAAAACATACCGACATTATCTACTTCTTTAGCTACACGTAATAGTAATGAGCCACTTCCACACGTTGGGTCATACACCGATTTTAAACGTTTTTTACGAGTTGTTACAATTTTTGCTAATATGGTAGAGACTTCTTGAGGTGTGTAAAATTCCCCTGCTTTTTTACCTGCACTTGCAGCAAACTGCCCAATTAGAAACTCATAAGCATCACCTAATAAATCGCTGTCATTATCCTCTAATCTAAAATCAATTTCATCTAAATGTATTATGATTTTTGCAATCGTTTCATTTTGTGCTTTTACAGTTCTTCCTAACTTACCAGAAGTTAAATCTAAATCTTCAAATAGTTTTACAAAATCATCTTCTGATTCTGTACCCA
NZ_CP151839.1_gap56	2546823	2547962	1139	ATTTATGGCGTTACCCACTTTTGCTTTTAATGGCAAAAGTGCGTCAGGTTTTCCGCTATATCTTTTTAAAATGTCTTGGAAAGTACAAAGAAGGTGGCTATTTGCCAAATTCAGGTTCTCACCATATTAAATACACATTTATTTTAAAAAGGATGCCGCTTCAACCCTTAACGCGAGCTGCAAAGTTATCAAAAACTTTGTAATTCAATAGAAATACATCTAATTTAGAGCAAAAATTATTCCAACCGTCAAAATATATGCAATTTGTAAGCGATCCTGAGGTTAAAAAAGCATTTAATGCCTACCCAAAACAGGTGAAAACGCAGTTACTATATTTACGAGCTTTAATTTTAGAAACCGCAAACGAATTAAACAACCTAAATATCTTAGAAGAAACCTTTAAATGGGGAGAGCCGAGTTATGTAACAAAACACGGAAGCACCATTCGAATAGATTGGAAAGCTAAAAACCCCAATCAATATGCCATGTATTTTCAATGTAGTACCAGTCTCGTACCAACATTTAAAATTATTTATAAAAACATTTTTGAATTTGAAGGAAGCAGAGCCATTGTATTTCAACAGAAAACTGAAATTCCAAAAGCAAAATTAAAACATTGTATCACATTAGCCTTAACCTATCATAAAATAAAACACTTGCCACTATTGGGCGCATAAACAGGAAGATCTATGAAATTTGCCATTATAAAAGAACGTAAAAACCCACCAGACCGTCGTGTGGTATTTTCACCATCAAAATTAAAAGAAGCACAAACACAATTTCCAGAAGCTACGTTTACAGTGGAATCTTCAGATATTCGTGTATTTTCAGATGAAACTTATAAAAAGGAAGGTTTTAAAGTCGCTGAAAATATTGCCGACTGCGATGTGATGATAGGCGTTAAAGAAGTGCCTATTGAAGCACTTATTCCAAATAAAAAATACTTTTTCTTTTCGCATACTATAAAAAAACAGCCCTATAACAGAAAACTGTTACAGGCTATTTTAGAAAAGAATATAGAACTTTATGATCACGAAACCATTGTTAACAGTAAAGGGTATCGCTTAATTGGGTTTGGTTATTATGCAGGTGTTGTTGGCGCTTATAACGGATTTCGTGCTTGGGGATTGAAAAATGAC
NZ_CP151839.1_gap57	2619063	2622599	3536	ATACAGGAACCAATAACATTTACACCAATACCATTCAAAACTCCTGTGATGATGTAGATGGAGATGGGGTGCCAGATGTTGGTGATTTAGATAATGATAACGATGGTATTTTAGATGAAGATGAAACAAGAACAGTAGCTAATTTTCAACCTTCATGTGCAGGAACTGTTTTAAGTTTTATTAATTATACAGAAGAAACAGGCGATGGTAATGCAAGCACCTTTTTAGTAGACGAAGTATTTAGATTTAGCGATGTCGCTGTAGGTTATGATGCTTTAGTAACCATTGTTCAAACCTTTCATGCTGCCGTTGTAGATTTAGATGATAATGCGACAGATATAGGGTCGTTTAAACCCATAACCAGATTTACACTTCCTCATGTTGGTCATGAAGGTTTTGTGGAATATAGAATAGATTTTGTACAAGCGGGCACATCTACACCTGCAGGTTTAGCCGAATTTTTCGTGAACTATAATGATATAGATGGCGATGGCTCGGGCGAATTCTCTGAAATAAATGCAACAACGTTTCCGGTAAGTTATACGCTTAATACGCCAACTAGCTTAACCATGGAAAATAAAGATTTGTTGTATGCTACAGGGCAAGCGGCCGTGTTTAATGGCTCAGGAAATGGCTTTCCAGAATCTAATTTTTCAGCAAGATATACCAATAGAAATTCACTTACACTTAGATTGGGAGGTGTTGCCATAGTTAAGAATGCTACTTCAACAGGAAGGTTGCATAATATAGAGTTTAATTGTGTTAGCAATTATATAAACCCATCAACTATTATTACCGATGCCGATGGCGATGGTATCCCAAATAAATTTGATACCGATAGTGATAACGATGGTTGTGTTGATGCTTTAGAAGGCGATGGCGGGTTTACATTGGCGCAAGTAGCGGGAGATGGTAGCCTTGGTAATGCAGTAGATACTAATGGTGTACCAAGTATAGCAACTGGCGGGCAAGCAAACTTAAGTGCTTATGATGCGAGCGTTACAGGAGACCAATGTGATGATGATGGTGATGGCATTATTAATTTAAATGATATATGTGATGGTTTTGATGATACCGCAGATGCAGATGCAGATGGTGTACCAGATGGCTGTGATTTAGATGATGATAATGATGGTATTTTAGACAGTGTTGAATGTCCTGGTGAATTATATTATAATGATTCTTTTGAAGTGCCAGACATTCAAATATTAGGTGTTGATACAGTAGGAGGAAGACCAGATGCCGATAATGATGGCGAAGTAGATGCCTTATTAGCACAAAACTCTATTGAAGGATGGACTTTAACTGATACCAATAATTTCGATATTGTTTTTGATATTTTTAATGCATCAGCAGGAACTCAAAGTCTAGATTTATACGGAACTCCAAGTGCAACAGGTATTGAAAAAACATTTTTAGGATTTACAGAAGGGGTGCCCGTTAACTTTTCATTAGATTATAGTTCGGTTGAAAGTTTATTTGAAGCCGAAGTATCTGTCGATTATGGAACAGGTCCTATCTTATTAACAACCTTAAAACCAAATAATATTGCAGCGGTAGATAGTCCTGGAGTTGTGGGAGCAAGAGCGTCTTCCATTGTTTGGAATACCTTTACAATTAACTTATTACCAACAGCTTCCGGAACGGTAAAAATAATTATTCAGTCTACGAGTTTAGGTGTGGGGCAAACAGGGGTTTTAATTGATAATGTTATATTATCACAACCTTCGTGTTCAGATTATGATAACGATTCTATTCCAGATTATTTAGATATAGACAGCGATAATGATGGTTGTAATGATGCTATTGAAGCAGGCCATATCGATGCCAATAATGATGGTGAAGTAGATGGTACTGGGTACGATGTTGAAGGTAAAGTAGCTGGGGCAGTTACGGCGTATACAGGCTTAACACCTGCAGTTACAAAAGCGGTACAAACAACGGTTACACCACCAGTAGCAGACGAAACCGTACAACAAGGCGATAATGCGACTTTTACAGCCTCGGCTGCAGCATTAGAGGCTTCTAGTTTCACAGCAGGAACCCCAAATTACGATACGAATGCAGATGCTGGTTTAAGTTTTCAATGGTTTGAAAATGATGTGTTAATGCCAGGTGAAACCGCCAACAGCGTTACGTTAACTGCTGTTACTTTGGCGATGCATTCTAATGTATATAAAGTAGTTATAAGTCATACAGGAAATGCGTGTCCAGTTGAAGATGAAGGTGTGTTGTATGTGCAAGACCCAAGTATTGAGTCTGTTAAGACAGTTGTTTTAACCGATGATGGAAATGGTGTTGATGGCGCTAACGATGTGCTTACCTACACCATTCTTGTAACCAATACAGGAAATACAGAACTTTCCAATGTAAATATTATAGATACCTTATTAGATGCAAATGCAACACCATTAACTTTAACGAGTGGTCCAACATTTGTAGGTCCTTCAAATTTAGGGAGTGTAGAAGGTACGTTGTTAGTCGATGAAATTGCAACTTATACAGCCACATATACTTTAACTCAAAATGATGCGAATGTAGGCGGTGTTTCTAATAGTGTCACAGCAAGTGGAGATACGTCTATCGCTATTAATGTGACCGATGTTAGTGATGATAATGATGATGCCGATGGAAACGTTTTAGACGATCCAACAGAAACAATTATTGTTGCTAATCCTGAATTAATAACTACAAAAACCATAACAACATTTGGTCGTGTGTTAAATGACGTGATTGAATATGATATCATCGTTTTTAATAGTGGTAATGTAACCATAACAAATATAGATGTTACAGATGCTAATGCGAATTTAGGAAGTATTGTTGGTAGCCCAATTGCGACTTTAGCACCCGGAGAAACAGCTATAGTGACGGCTTCACAAACCATTACGCAAACCGATTTAAATGCCAAATTTATAGAGAATAGTGCTTCTGTTTTAGGTGATAGCCCTAACGGAGTGGATGATGTAAGTGATGTTTCAGATACGGATGTTGATGGTAATGGTAGTGCCATACCAAATAATGAAACCATCGAATCACCAAACGGTAATGGAACAACCGATGCTGATGCAACGAACGATCCAACTGTTACTTATTTTAATGGTGTGCCATTAGCCCAAGATGATGCTATTACAGTAAATGAGGATAGCGGTCTTACTATTATTAATGTATTGTTAGATAATGGAAGTGGCGCAGATACTTTTGGTCTTGATGGTCCAAATACAGGAGCTATTTCAATACCTTCTGCAACAAGTGCCAATGGTGGAGCTGTGTCTGTAAATAATAACGGAACACCTACAGACCCAACGGATGATACCATATCTTATACACCTACCGCTAATTTTAACGGGACAGATACTATTGATTATACCATTACTGACGCCAACGGAGACACCTCTTCGGCCACAGTAACCATCACCGTAAATCCTATTAATGATGCGCCGGTAGCCCTTAATGATCTAGCCACCACAGTAACAGAAGATGCCGTAACAATTCCTGTTTTAACAAACGACAGTGATGTAGATGGCGATGTTTTA
NZ_CP151839.1_gap58	2646211	2647865	1654	CGGCGCAGTAAGTTTCCCATATGTAATTACAGATGGTATAGATACAGCAACCGCTAATGAAAATATCACAGTTAATGCATGTTTAAGTAATGCGTCGGCAGACTGTGACGGTGATGGTGTAACTAATGGTGATGAAGTTTCTGACGGAACGGATCCTAGTAATCCATGTGATTATACATCAAGTAGTATTACTCTAACACCAAATAACGCTTGGAACGCTATGGATTGTGATGGAGATGGTGTTACAAATAGTGATGAGAATATAGACGGTACAGATCCACTTGATGGATGTGACTACAATAATGGAAGTGTTACGGGAGTACATTCTAATGCTTGGGATAATGCAGATTGTGATGGAGATGGAAACAAGAATAGTTCAGATCCGAACCCGTTAACTCCAATGGCAATGGATGATAATACAACGGCAAATGTTGGTGTAGCCAAAATCTATAATATATTAAATAATGACGATTTCTTAACAGGAAGTACTATTACTGTATTGTCAACCGGAACGGCTTCAGGTGTTATTAGTGTCAATCAAACAACAGGAGAGGTGACATATACACCATTAGCCACGGAAGATAATAATACGGTTACAATCGATTATCAAGTGTGTAATGGCTCAGTTTGTTCGATAGCAACTCTTTATATTACAATTCCAGCATGTGTAGATACAGATGGAGATAATATTTGTGATGCTGAAGATTCAGAACCAAATAATCCATGTGTACCAATGTCTCATCCAGATTGGCAGCCAGTAGCAGGAAGTGATTGTGATGGAGATGGCGTTGTGTATAGTGATGAAGTGAATGATGGAACGAATCCAAATGATTCTTGTGATTATACCCCAAGCAGTATTACTGTAACACAAGGTGGTGCATGGAGTAGTTTAGATTGTGATGGCGATGGTGATGCCAACGGAACGGATCCAGATTCAAATAATCCATGTGTTTACACAGCAGGCAGCACACCAGATACAAGCAATGCAGTTTGGCAAGCAGCCGATTGTGATGGCGATGGTGATGCCAATGGAACGGATCCAGATTCAAATAATCCATGTGTTTACACAGTAGGAAGCACACCAGATACAAGCAATGCAGTTTGGCAAGCAGCCGATTGTGATGGCGATGGTGATGCCAACGGAACGGATCCAGATTCAAATAATCCATGTGTTTACACAGCAGGAAGCACACCAGATACGAGCAATGCAGTTTGGCAAGCAGCCGACTGTGATGGCGATGGTGATGCCAATGGAACGGATGCAGATTCAAACAACCCATGTGTTTACACAGCAGGAAGCACACCAGATGCGAACAACGCAGTTTGGCAAGCAGCCGATTGTGATGGTGATGGTGATGCCAATGGAACGGATCCAGATTCAAACAATCCATGTGTTTACACAGCAGGAAGCACACCAGATACGAGCAACGCAGTTTGGCAAGCAGCCGATTGTGATGGCGATGGTGATGCCAATGGAACGGATCCAGATTCAAATAATCCATGTGTTTACACAGTAGGAAGCACACCAGATACGAGCAATGCAGTTTGGCAAGCAGCCGATTGTGATGGCGATGGTGATGCCAACGGAACCGACCCAGATTCAAATAACCCATGTGTTTACACAGCAGGCAGCACACCAGATACGAGCAATGCA
NZ_CP151839.1_gap59	2686592	2687094	502	TCCGGCACAATTTGGGTATTTTCCCATGTACCATTTGCATACATCATCAAACCAAAACGCGCCATACTTCTGGTATTACTTCCATAAACACTTAAACCACCCACATTAAACCACTGCCCCGTCATGCCTATTTTATTTCTTAATTGGGTATTGAAATAAGTATTCCAAGTTTGATTACTCGCTGCAGCTACCACATCTTGCATTTTCACATACACATTGTGGTAAGCCCATCGGGAGCCAGCATCTGCGGTGTATTGCAAATTTTCAGGCGATACATCATCTCCTAAAGTATCATCCAAACCCGAATTCATCGCCAGTAGGCTTTTACAAGTAATGAGGTTTTCTTTTTGAAGTGGAGCGCTGGTCCAACCTGTTCCCAAATAATCAGAGACTTTATTGTTGATATTTATCAAGCCTTGGTGCTGTGCAATTCCAGATACGACTGTGGTTAATGTTTTGCCGGCACTTGCCCAGTACCACGAAGCGCTTTTGTCATGTCCGT
NZ_CP151839.1_gap60	2759807	2763870	4063	TGACCAGTAATAATTTGATTAGTAGTATCCGTATTCTCACCTCCATATTTTATAAAAGCCATTAAAGTAGCGGCTCCAGAATTTATAATATTGGTGTCTTCCACATAATCGTTTCTACCATCAAAGTATAAACTATAGCTTCCATTTAAATTTCTTGGCGAACCAAATAGAGTGTCATCACCATCTCGCGAGGCCATAATACCATCGCCATCAGCATCCACTAAACTATCTAGAACACCTGCTGTATGCGGTAAATTGGCATAAATTTCAACGGTTTCTATATCAAAAGTAAGTGTTACATCATTATAGGGGTCTTTGTAATCTGGAATACCATCGGCATCAGAATCTAAAGCGTATAATGGGGCTGTACCTTGGCTGTTGTTTCCATAAGAATTTGTATAATTAGTTCCTTGGTGGAAATCGAAAATATCTAAGATGCCATCACCAAAACCTTCAATAATGCCATCGTTGTTTGAATCTTTATTTCTGAATTTCTCAGTATCAGCACCATCGCCAACACCATTTCCTGTAATGTCGCCGTCACTATTTTGAAAGTTTGGATTGTTTGTGTTAATTACTCCATATTCATCGATGTCAAATAGTCCATCGTTATCTGAGTCTAAATCTAAATAATCAGGAATCGCATCGCCATCAGAATTTATAGGTAAAATAGATTCTAATGAATCGTGCATACCATTTCCATTCGTATCAATCCAATTCGAGGTGCCTGTTAAAGTTGCTTTGCCTTCACTTAAATGAGCGCTTGTTGGGTTGCCTTCAACTACATCTGGAATACCATCGTTGTCTGAATCCAAATCAAATACATCTGCAATACCATCACTGTCTGTATCGCAAAGGCTTTGTCTTACTTGAATAGTATCAATAGCAAAGTTAATGACACTTCCATTTGTGGTGTTATTTACAATTTGTACAATAAAAGCTGTTTCTGAAGTGGTAAATTGTTGAGTGAATTGGTTCCAAACAGAGGTTTCACAAGTATTATAACTAGAATCTGCAGTGTGTGGATAGGTTCCTGTATGGTCTGTAGCGTTGAAAGTATCACCACATCTTGTGATGTCACCGGTATTGATAGTAGCTATAATACTCGCTCTATCTGGTGTTAAAAAGTTTATGGTAAGGTTTGGTAAATCTCTATGTGTATAGGTACTTGTCGCCCCGGTTGTTGTGTAATTTTGATCCTTGTCATCTGTATTCATGACCTGGAAACTATAAGAAACCGGTATGTTTGCTAAAGTTCCTGCAATTTGTGTTTCATATAAAATTTCAGAATTGTTAGATACATTAACAAAGCTTATTCTGCTCTCGGGATAGGCCTCAAAAGTTTCACTTATAAATTTATAATCTGTTTTGGAAGCTCCAGAGGCTAGTCTGCAATTCGTTTCTTCAATGGCATCTGGAATACCATCATTATCATCATCGATGTCAACATCGTCGTTAACACCATCATTATCACTATCAAAAAATAGTTTAAGACTTTCTGTGCTTGATTTGATAAACGATTGAGTCTGTGAAAAGGCATTAAATGAAAGAAACGCACATAATAGATATGTGCACATTTTTAATGATGTATAATATTTTTTCACAAGAGGGTTAAGTTTAGTTTGGGACTAATCAGTATTACCGAGTCAAATGTATATTTTTATTCCGTGAAATGCAAATTTAATCGATGAAATGCATTTTTGTAAAGTTGGGACTATTAACTAGTGGCTGTGTTTTGTGAAATGAGGATAGGAAATAGGGGGTGTTTTGAAGGTGTTTTTATTTAAAAAAAAATGGGTTGCTATAAATATAGCAACCCATTTGGATATAATTGTCTAAATGAAATTTTCAAATCCCTTTATGAAAAGATAAAAATATTATTTAGGAATCTGTTGACTTAAGCAATGCAAAGTGCCAAAACCCCAAATAAAATCGGTGGCAGCAATGCCAATAATTTCTCTGTCTGGAAAGCAATCTGCAATAATGTTTAGCGCAATACGGTCGTTCGCATCGTTAAAAGTAGGTACTAAAACCGTTTTGTTTAAAATTAAAAAATTAGCATAACTAGCAGGTAACCTAACACCATCAAAATCCAAGCGTTTGGGCATGGGTAATGTTACTATTTTAGGCTGTTTACCGTTTTCTAAAGTGGCAGCTTCTAAGCGTTTTAAATTGTCTTGAAGCGGTTTGTAGTTAGCGTCTTTGGTATCGTTTTCAACAACGGTTATAATGGTGTCCTCGTTAACAAAACGCGCCAAATCATCTACATGTCCATGGGTGTCGTCGCCTTCAACGCCGTCTCCTAACCAAATGACGTTACTAACTCCTAAGTATTCCTTAAAAACAGCTTCATAGTCTTGTTTGGTGAAACCTTCATTTCTTACTTGTATGTCTGGGTGTAGCAGGCATTCTTCCGAAGTTAATAAGGTGCCTTTTCCGTTCACATCAATAGCGCCGCCTTCTAAAATAAAAGGCTTGCCTTTATAAGTAGCTTGTTCTAAAGGAATGTTTAAAAATTCGGCAACTTTAGCGGGTACGTGTTTATCTAGTTTGTAGTTGTTGTATTTTGCCCAACCATTAAAATTAAAGTTGATGGCTTTTCTGGAAGTTCCGTTTTTCACAACAATAGGTCCTGAGTCGCGCATCCAACTGCGATTTGTTTTGTGGATAATGAAGGCTATATTTTCTATATTAACATGTGCTGTTTCAAGCAGCACCGAAACTTTGCTTTTAAGTTTTTCACTAGCAACTACTAATATAACCTCTTCTACTGAAGCTACTTTTTTAATAAACTCAACAAAAGCCCATTGTACTGCTTCGTATTTCCCTGGCCAGTCGTTACCATTGTGAGGAAAACATAATAAAATACCTTGTTGTTTTTCCCATTCGGCAGGAAATATCCAGTTATTTTTCATCCTAATTTTTTTGGAATTTGGAATTTTTTATTTGAATGTTAATCGATGACTCTTTTAGTAATATCACCATATTTATCAATACGTCTGTCACGTAAAAATGGCCAATTCTGGCGTACATTTTCTTGTAAATTTAAATCGACTTCGGCAATTAATATTTCTTCTTGATCTACGGAAGCTTGCGCTAAAATTTCACCCTGTGGGCCCGCAATAAATGAAGAACCCCAAAACTCTATACCATTGGTTTCTGGTAGGTATTTTTCTAATCCAATTCTATTTGCTGCGGCTACATAAACACCGTTTGCTACGGCATGACCACGCATTACGTTCATCCAAGCACCTTGTTGGTTTTCTCCAAATTCTGCTTTTTCTTGTGGGTGCCATCCAATAGCGGTTGGGTAAAATAATACTTCGGCACCTTGTAAAGCCGTTAATCTAGCAGCTTCAGGGTACCATTGATCCCAACAAATAAGGGTGCCAATATTTCCTTTCTTTGTTGGAAATGATTTAAAGCCAATATCTCCCGGTGTGAAATAGAATTTTTCGTAAAAATGCGGATCGTCTGGAATATGCATTTTTCTATATAAACCAGCTTCTGTACCATCTGTATCAATAATGTAAGCACTGTTGTGATACACACCAGCCATTCTTTTTTCGAAAAAAGGCACAATAATAACCACGCCTAATTCTTTGGCTAAGGCACTAAACGCATTGAAGGACGTGCTGTATAAAGGTTCCGCGAAAGCGAAATTATCAACATCTTCGCTTTGGCAGAAATAATGACTGCTATATAATTCAGGTAATGAAATAACTTCGGCGCCTTGTTTAGCGGCATCTTTTACCCATTGAATACATTTTTTTAGATTGTTTTCGGGCTTGTCGTTCAAGTTTAATTGAAGAACAGCTATTTTGTATGTGTTTTTAGGCATTACTAATTATTGAATGTTTAATACAAATATATATAATTTTAAAAAGACTATTTATCCTTCTTATAAAGTGGAATTCTATAAGAAAGGGTATAACTAAACCCAGCACCTATACCGTTACTGTCGTAGGTTTTGTTAAATCCGGGAACGTAAACATTCTCGAAATTATTTGGTTCTGTTTGGCTTGCCATGATTTTTAGCTGCACATTTAAGCCTAAATAGAGA
NZ_CP151839.1_gap61	2769094	2771863	2769	AAGTAACGAGTTGGTGAAAGTTTCTTCCAAAGAAAACATGAAGAAAGAGTTGTTTTCACATGCGAGTGCTATTTCAGCATTAAAAGAAAAAGAGCAATTTCCAAAAAGAAAGCAGCCAAAGGTGAAAGCTAAAGAGCGTTTTGAGCCTACTATGGAAGTCGATTTGCACATCAATCAGCTAGTCAAGTCACCAAGAGGGATGAACAATCACGATATGCTAACGCTGCAATTAGATACAGCCAGACGCCAATTAGATTTTGCTATTTCAAAACGTATTCAAAAAATAGTTTTTATACATGGCGTGGGCGAAGGCGTACTTAAAGTGGAATTAGAATACCTTTTTGGACGTTACAACAATGTGAAATTCTACGATGCCAACTACCAAAAATATGGAGTTGGTGCTACCGAAGTTTATATATTTCAGAATGTATCTAACGGTTAATTAAAAGGCGGTGTTTCTTTTCTTGTTGTCGATAAAGAACTATCATCTAATACTCCAAATTCAAAAACATCTAAAGATATAATTTGTAAATCAAAGTTGGATACAGTAAGTGTAACCACATAGGTTTGATAAATAGTATGTTCTCTATAAGCAGTGGCTGTAACCGTTTCTTTTACGGTAGCGTTTAAATAATCTGCAATTCCTGTTGTGGTATCAGAGATATCATCTGTTGGGTTTTGGTTTTGCGTTTGGTTTTCCTCATCGCGTGTTTTAATACCATCACCATCATCATCATCATCTAAATAATTTGGAATTCCGTCTAGATCTGTATCTAAGGCATCACTTAAATCGCCATCGCTGTTTGGGTCTGGTTTTTCATTTTTAGTAAGCACATTATCACCATCATCATCTTCATCCAAATAATTAGGAATGCCGTCGCCATCAGTATCATCATCGGTTAAATCGCCATTACCATTAATATCTTCTAATTCTGCGGCAATACCGTCGTTATCATCTTCAGTTAGTACGGTTCTAATATTTACATTTCCGCTGGTACTTTCAATATCTTGTGTGATTTTAATTGAAGAAAGTGGCACATCACTACAAAATAAGCCAGAAGAAGGCAGTGAGGCATTACTATAAGTTCTATAATTAAATGTGTTTGTTGAGCTTAATTGAAAATCTTCTTCATACACACCATCATCACCAACTTCAAGAAGGTCTGCAAGGGCTATAGAAGCAATTTTTATAGATAAAGATTCCGAAGGACTGTCTTTTGTTTTATAGAAAACCAAACCATCGGTACCGCAGGCTTGAAATGATTCGTCAAAGTCAAAATCAACGGTAATAATATCACCATCATCACAAGTGTATAAACTTAAGAGAGATAGACTAAGAAAAATGAAAAATAACTTACGCATTAGGTTTGGGTTTTTAGGCAAAAATAAACGAATTGTTAATTATAACGTAGCATATTAATAATAATTTTATTCTAAGTATTTTTGCACTCTAAAAAAAAGACATGCAACAGGTATATTTTGATAATGCTGCCACAACTCCCATAAGAGACGAAGTAATCACCGGGATGACCGAAGTTATGAAAACCAATTATGGTAACGCTTCATCATCACATAGTTTTGGGAGATCGTCTAAGGCATTAATTGAGAAATCTAGAAAAGCTGTTGCAAGCTATTTAAATGTTGCTGCTAGTGAAATTATATTCACTTCTGGTGGCACCGAAGCAGATAACCTCATATTATTAAGTGCGGTTCGAGATTTAAAGGTGACACATATTATTACCTCTAAAATTGAACATCATGCGGTTTTGCATACCATAGACCAATTGGTTAAAGATTATAAAATAGCTGTAAGTTATGTGGATTTAAAACCGAACGGAAAAATTGACTATTTGCATTTAGAAACCTTGCTTAAAAATGAAAACAAGACCTTAGTAAGTTTAATGCATATTAATAATGAAATTGGCAACATTTTAAATATGAAGCGTGTTGCGACCCTGTGCAAGGAAAATAGTGCCTTGTTTCATAGCGATACGGTACAATCTGTAGGGCATTATAAAATGGATTTACAAGATATTCAAGTTGATTTCTTAACAGCAGCCGCTCATAAATTTCATGGGCCAAAAGGGGTAGGTTTTGCGTTTATTAGAAAAAACTCAGGATTAAAACCAGTTACTTTAGGAGGCGAGCAGGAGCGCGGACTTCGAGCTGGTACAGAAAGTGTTCATAATATTGTAGGGTTAGAAATAGCTTTGAAAAGTGCTTATGATAATTTAGAAGCTGAAGTGGCTTACGTAAAAGATTTAAAACAGTACTTCATTTCTAAAATTGAAAGCGAGCTACCAAATGTAACTTTTAATGGAAGGTCTAGTCATTTAGAAAAAAGCACATATACCTTAGTGAATGTTTGTTTACCTATATCTCCCAAGAAAGCAGCAATGTTACTATTTCAATTAGATTTAAAAGGCATTGCTTGTTCTAAAGGAAGTGCTTGCCAGAGTGGAAGTAACCAAAAATCGCATGTTTTAAGTGAAATTTTAAATGCTGAAGATTTAGAAAAACCTTCTATCCGATTTTCATTTAGTATTTACAATACCAAGGAAGAGATCGATTATGTGGTTGCCGTTTTGAAGGCTTTTGCTGAGTAATTAAAACTTCATAGTGGTTCTCACGTTGAAAACTCGTGGCGTTAAATAGTTTGGAATGGCATATTGACGCTTTGTGTACACATCGCGTACCCAAGTGTTAGTAATGGAGTTTTGTACATCAAACATGTTATAGATTTCAAAACCAAATGAAAGTTCTTTAAAA
NZ_CP151839.1_gap62	2791525	2795948	4423	GCCATCGTCAAGCACTTGAAGTAGCATGTTAAATACATCTGGATGTGCTTTTTCAATTTCATCTAATAGAATAACTGCATAGGGTTTGCGTCTCACTTTCTCAGTTAATTGCCCACCTTCTTCGTAACCAACGTATCCTGGAGGTGCTCCAACTAATCTAGAAATCGCGAATTTTTCCATGTATTCACTCATGTCTATTCGAATCAGTGAATCTTCACTGTCAAACAATTCACGAGACAACACCTTAGCTAACTGCGTTTTACCTACACCTGTTTGCCCTAAAAATATAAATGAACCAATGGGCTTGTTTGGGTCTTTAAGTCCAGCACGGTTACGTTGAATGGCTTTAACAACCTTAGCAACCGCTTCGTCTTGACCAATAACTTTGCCTTTAATAAGAGTTGGTAGTTCGGCTAATTTATTGATTTCTGTTTGAGCAATTCTATTTACAGGAATGCCTGTCATCATAGAAACTACATCGGCCACATTGTCTTCAGTTACAACTTCACGGTGTTGTTTGGTGTCTTCTTCCCATTTTTCTTGAGCAATTGCTAATTCTTTTTCAATGCGTTTTTCATCATCTCTAAGCTTCGCAGCTTCCTCGTATTTTTGCTTTTTAACAACCGAATTTTTGGTTTCCTTTACGGTTTCCAGTTGTTTTTCAAGTTCTATAATTTGTTTAGGCACCTCAATATTCGTGATGTGAACGCGCGATCCAGCTTCATCTAAAGCGTCAATAGCTTTGTCTGGTAAGAAACGCTCTGTCATGTATCTATTGGTTAATTTTACACAAGCTTCAATAGCTTCTGGTGTATAATCAACATTGTGATGCTCTTCGTATTTAGCTTTAATATTGTTAAGAATCTCAATAGTTTCTATAACCGTTGTAGGCTCTACAATTACTTTTTGAAAACGACGTTCTAAAGCGCCATCTTTTTCGATATATTGGCGGTATTCATCTAAAGTTGTAGCACCAATACATTGTATTTCGCCACGAGCTAAAGCAGGTTTAAACATGTTAGAAGCGTCTAAACTTCCAGTGGCGCCACCAGCACCAACAATGGTGTGAATTTCATCTATAAATAAAATAACATCGTCATTTTTTTCCAGTTCATTCATAACCGCTTTCATGCGCTCTTCAAACTGGCCACGGTATTTAGTTCCAGCAACTAAGCTTGCTAAATCTAAAGTCACAACACGTTTGCCAAAAAGAATTCGAGAGACTTTTCGTTTTACAATACGAAGTGCTAAACCCTCGGCGATGGCAGATTTGCCGACACCTGGTTCTCCAATTAAAAGCGGATTGTTTTTCTTTCTTCTACTTAAAATTTGTGAAACACGTTCAATTTCTTTTTCTCTACCAACCACTGGGTCCAGTTTACCTTCTTCTGCCATGGCAGTTAAGTCGCGTCCAAAATTATCTAAAACAGGTGTTTTAGATTTTTTGTTCGTCTTGCTTGTTGGTGTACTAAAAATGTCTTTAGAGCTATCGTCATCTGTATGTGAATCATCGTCCTGAAACGATTCTGCCTTTGGCTCGATATAGTCGTTGTCGTTTGTTATCATAAGTTTAAATTGTTCTTTAACGTTGTCATAATCAACTTTTAGCTTATTTAAAAGCTTGGTAGTGGGGTCGTTCTCATTTCTTAATATACAAAGTAGTAAATGAGCTGTATTTATAGAGGTACTTTGAAATAATTTGGCTTCTAAAAAGGTTGTTTTTAAAGCGCGTTCTGCCTGCCTAGTAAGGTGTAGGTTCTTTTTTTGGTTGGAAGCTACTGAAATACTTGGGTTTGCAGGGCTTAATATTTCTACTTTCCGTCTGAGATGGTTTAAATCTACATCCAAAGCATTTAAAATATTTATAGCCTTACCATCGCCGTCACGTAAAAGTCCCAGCATTAAATGTTCGGTCCCGATAAAATCGTGGCCTAATCGAAGTGCTTCTTCTTTACTGTAAGCAATTACATCTTTTACTCTTGGGGAAAAATTATCATCCATATCAGTGTCCTTTCTGCATTAAAAATACTAAAACATTTTACTAAAGGCAAAAACTATACCCTAAAATGTGTGAAAGTTGCTAATTGACGAAAAAATCTTTATAAAATCAAAATTTTTGGCAGCATATTTATTAACGATTGAAGTATGACTTATTGTTAATAAAAAACATGAAAAAATGGATTATTATGATGTATGGTGACTATTGAAATACGTATATTAGCATGTTTTGAAAAACTCATAAAACTTAATTAAATTATTTATGGCAGAAGGAGAGAAATTGATCCCTATTAATATTGAAGATGAGATGAAAACGGCTTACATTGATTATTCAATGTCGGTCATCGTGTCACGTGCTTTACCAGATGTAAGAGATGGGTTAAAACCAGTTCATAGACGTGTACTTTTCGGTATGCACGAACTAGGTATTAGAGCAACAGGCGCACATAAAAAGTCGGCTAGAATAGTTGGAGAAGTTTTAGGTAAGTATCACCCACATGGCGATACATCGGTTTACGATGCTATGGTACGTATGGCTCAAGAATGGAGTTTGCGTTATATGTTAGTGGATGGCCAAGGTAACTTTGGTTCTATAGATGGTGATAGTCCAGCAGCAATGCGTTATACCGAGGCGCGTATGCGTAAAATATCGGAGGATATGTTGGCAGATATTGACAAGGAAACTGTCGATCATAAATTGAATTTTGATGATACCTTGCAAGAACCAACCGTACTACCAACCCGTATTCCTGGGCTTTTAGTCAATGGAGCTTCTGGTATTGCAGTAGGTATGGCAACTAATATGCCACCTCACAATTTAACCGAGGTTGTTAATGGTACCATTGCTTATATTGAAGATAACGATATAGAAATAGACGAGTTAATAAAACACGTTAAAGCACCAGATTTTCCAACAGGAGGTACTATTTATGGGTACGATGGTGTTAAAGAAGCATTCCATACAGGTAGAGGTCGAATTGTAATACGCGGAAAAGCTAATATTGAAGAAGTTCAAGGGCGTGAGTGTATTATTGTAAACGAAATACCTTACCAAGTTAATAAAGCAGAAATGATTAAAAAGACTGCAGACTTGGTAAACGAGAAAAAATTGGAAGGTATCGCGACTATTCGTGATGAGTCTGATAGAAATGGTATGCGTATTGTTTACGTTTTAAAACGTGATGCTATACCAAACATCGTTCTTAATAAATTATACAAATACACGGCATTACAATCGTCGTTTAGTGTAAATAATATTGCGCTGGTAAAAGGGCGTCCACAGCTTTTAAACTTAAAAGAGCTTATTCATTATTTTGTTGAGCATAGACATGAAGTTGTTGTAAGACGTACTACCTATGAATTGCGTAAAGCTGAAGAGCGTGCTCATATTTTAGAAGGATTAATTATTGCATCAGATAATATTGATGAAGTAATTGCCATTATTAGAGCGTCTTCAAATGCAGATGAAGCAAGAGAAAATTTAATAAAACGTTTCGAACTTTCAGAAATTCAAGCACGAGCTATTGTAGAGATGCGTTTGCGTCAACTTACAGGCTTAGAGCAAGATAAATTACGTTCTGAATATGATGAGATCATGAAAACCATCATCGACTTAAAAGATATCTTAGAGAAGAAAGACCGTCGAATGCAAATCATTAAAGACGAGTTAGTTGTTGTAAGAGATAAATATGGTGATGAGCGTCGTTCTATAATTGAATATGCGGGTGGCGATTTAAGTATTGAAGACATGATTCCAGATGAAAAAGTAGTTATTACTATTTCTCATGCAGGTTATATAAAGCGTACTTCATTATCAGAATACAAAACTCAAAATAGAGGTGGTGTTGGTCAAAAAGCATCTACCACTAGAAATGAAGATTTCTTAGAGCATTTATTTGTTGGTACCAACCACCAATACATGTTATTCTTCACTCAAAAAGGAAAATGTTTCTGGATGCGTGTTTATGAAATTCCAGAAGGTAGTAAAACATCTAAAGGACGCGCCATTCAAAATTTAATAAATATCGAACAAGACGATACTGTTAAGGCGTTTATTTGTACACAAGATCTTAAAGATGAAGCGTATATAAACAGTCATTACGTTATTATGGCTACGAAACAAGGTCAAGTTAAAAAGACTTCTTTAGAGCAATATTCACGTCCAAGAACAAACGGTATTAACGCCATTACTATTAAGGAAGACGATATTTTATTAGAAGCACGTTTAACAACTGGTGAAAGCCAAGTCATGTTAGCGCTTAAATCTGGTAAAGCCATTCGTTTTGAGGAAGCTAAAACACGCCCAATGGGTCGTAGTGCATCAGGAGTAAGAGGTATTACGCTTGCAGATGAAAACGATGAAGTAATTGGTATGGTAACTATTGATAATCCTCAGGAGGAATCAGTATTAGTAGTTTCGGAAAAT
NZ_CP151839.1_gap63	2890928	2892859	1931	GTTCAACAGAAGAAAAAGATAAAAAGGCATTGCCTTGGATTCCGTTAACCGAATTAGCACAATTAACAGACATTAAAACCAAATCGGCCACCAAAACACAGGTTATATTTAAGCATTCTACCCGTTGTGGTATTAGTAGAATGGTTATAAAGCAGTTTGAAAGTGCTTATAATGTAACAGAAAACGATGTGGATTTGTATTATTTAGATTTGCTTAACCACCGCGACATTTCTGGCGAAATAGCTGCTACCTTCCAAGTTATGCATGAATCGCCGCAACTACTTATTATTAAAAATGGGGTTGTTGTGAAGTTTGATAGCCATGGAGCTATAAACAGCATCGATTTAAGCGAATTTATTTAATCCTGTTTTTTTATAAATGACATCTGATTTTCTATTCGTATACGGCACGCTCTTAAAAGATTTTGAGAGTTATATGTCTAAGTTTTTAGAAAGAAACTCCGAGTTCGTGGGTGTTGGTAGCTTTCAAGGGAATCTCTTTGAAATTTCCTGGTATCCGGGCGCTATTTTAAGCGATAACCCAAACCATAGAGTTCATGGGCATGTGTTTAAAATTCTAAATGCTGAAAAAACCTTTAAAGTTTTGGATGATTATGAAGGCATTGGTGATACGGGCGAACATGCAAACGAGTATACACGCACCTTAATTGAGGCCAAACTAGACACGCAAGAGCCTGTAAAAACCTGGGTGTATACCTATAATAATTCCACTGAGAATTTAAAACAAATTGGCTCTGGGAATTACCTAGATAAGTAAAGATATATAGTTATAGGGCGTTTAGATGCGCCTAGAATATTAAAAATATAGGCTGGTAAAAAGTGGTTCATCATCTTTTTACCAGCCTATATTTTTTGATTTAATTGTAATTATTATTACCTTTAGGAAGGGTATTCTTTTAATAATTACTATAATGAAAAGTAAAATCATTGTTGAGGTAATTGTGAACGCAGCGTTGCATAAGGTTTGGGATTTTTGGACAATTCCGAAGCATATTGTAAAATGGAATTTTGCTTCAAATGATTGGTGTTGCCCTAAGGCCGCGAACGATTTACGAGTGGGCGGTCAATTTTCCATAAGAATGTCTTCTAAAGATGGTATCATAAATTTTGATTTTGAAGGGGTTTACAAGGAGGTTATCACCCATAAGAAAATAGCCTACACTATGGCCGATGGGCGACAGGTTATGGTTATTTTTGAAGAAAACGGTCATGAAACCAAGTTAACTGAGGTGTTCGACCCTGAAAACCTAAACTCGGTGGAGATGCAGCAAAACGGATGGCTAGCTATTTTGAATAATTTCAAAGCCTACGTGGAAAGTAAATAAAAACATGTCGTGTCCTTCAATCTTCAAACGGGGGCATTGTGAACCAAAAACCTCATATTCCTTATAATTTTGTTTCTTTGCAGCGTTTTGTAAACCAACTATGCAGCATTTTAATACCTCACTATATCATCCTTTAACGAACGATTCGGGAATAGAATTACCCAAAAAATTCACTTTTCCCTTTTATTACCAGCCACACGCTTTAAGTTTGTTGGCAGCAAAACAATTGCAACAGTATTTAGAGACTCAAACGGATTTTATGCATAATTTTGGTTTGAATCCCAACCAAAACGGACTCATAATAGGTAAAATGTTTGGCGTTATGGTGGTAAAAACTACCAAAGGTGAATTGGGGTATCTAGCAGCATTCTCTGGTAAATTGGCAGATAGCAACCATCTTAAAGGTTTTGTGCCCACTGTTTATAATACTTTAAACGAAGCTGGTTTTTATAAAAAAGGCGAAGCACAATTAAACGCCATCAATGCAGAGATTGAACGTTTAGGGCAGGCTTCCGCGTATATAACGGCACAGGCACATGTTTTAGAAAGTAAAAACGCTTTCGCGGAAACACTAAAAGCTCTTAAA
NZ_CP151839.1_gap64	3079917	3081624	1707	GGGAAATGGCATTTGGGAAAGGACAAAACAGACCACCCAAACCAAAGAGGATTCGATGAGTTTTTTGGTTTTGAAACAGGAAGTCGATCTTATTTTCCGCTAGAGAACCCTTCAAAATATAATATGCTACAACATAATGGCGAGCGTGTTGAGTTTAAAGGTTATATGACGGATGTTTTAGGTGACCAATCTGTAAAATATATTGAAGCGAATAAAGATCAACCATTTTTCATGTATTTATCCTATAATGCGGTGCATACACCTATGGAAGCTAAAGCGGAGCATTTAGAAAAATATAAAAAGCACTCAAGACAAAAGTTAGCAGCGATGACTTGGTCTTTGGATGAAAATGTTGGCAAATTGCAACAAAAGCTAAAACACTTAGGCTTAGAAGAAAATACTTTGATTTATTTTTTAAGTGATAATGGGGGAGCGGCGAACAACAGTTCTAGCGGTGGACCATTAAAAGGGTGGAAAGGTAATAAGTTTGAAGGTGGCCATCGCGTGCCTTTTATAGTTAGCTGGCCCAAAGAAATTAAAGGTGAACAAACATTTAGCGGCCTATCTTCTTCATTAGATATTTTTACAACGTCTTTAGCGGCAGCAAAAATCACAAAAGCAGAAAACTTAGTTTTAGATGGTGTCGATTTATTGCCCTATTTAAAAGGCGATAAAACTGGAAACCCACATGATAAATTGTTTTGGAGAAAATTAGAGGAGGCAGGAGCTAGAATAGGAGATTATAAATTGGTTCGATTGCAAAATTATGGAGCGTCTCTTTATAATTTGACAACTGATTTAGGTGAAACAACCAACCTTGAAACCATTCAAACAGAAGCATTTCAACGGCTACAAGACGAATTGAAAAGTTGGGAAACTAAAATGATGGAACCATTGTGGGGTGAAGAACGTGAGTGGATGGATGTAACTTATCACATTCACAAACGTTTAATGCAGAATAAAGAGGTTTTATACTCCAATCCGAAGACTATGAAGGCGTTAGAGTTTAAGGAAAAATGAGAAGTCAAATAGTATCCTAGAATTTAAATAGTTTTGTTCAAGTAGTAGGAAGTTATTTAATACATAAAAGAACGGAATAAAATTTTGTTAATAGGATATTTAATTTGATAGAAAGCAGGTTTTTAATTAATTGAATTCTTATAAAATTGATATGATAAAAGGTTTATTGGTTTTTAAACAATCCATTTTTAGTAAGCATTTTTTTAAATTGTTTTTGTGTTTTTTGGTAACAAGTTTTTGTTACGCACAAAATAGTCAGAAAATAGCATTAAACGGCGAATGGTCTTTTAAAACGGATCCTTACGCTAAAGGAGAATCATCCAAATGGTTTGCAAAAGATGTAAATACTGCATCTTGGGACACTATGACAGTTCCTGGAAATTGGGATTTGGTAAATGAGTACTCAGAATATGTAGGCGATGCTTGGTACACAAGAACCTTTAGGATTGATGAAACCTTAAATACGGCGCAACTTCGCTTAGTATTTCAATCCGTTTATAATGACTCTAAAGTTTGGGTCAATGGGCATTTTATAGGTGAGAATCATTTTGGATTTTTACCTTTTCATTTAGATATCACCAAATACATTAATAAAGGTGGAGAAAACAGAGTAACCGTTTTGGTTAATAATGTTTTCAAAAGTGGCGCTATGTGGAATTGGGGAGGTATTAGAAGACCAGTTTGGTT
NZ_CP151839.1_gap65	3083595	3084717	1122	TAAAATGAGAGTGATTAAACAATGGGGATTTGCTAGTGAGTGGACAGAAGCGTTAAAAAGTGAATGATTGTTTCTTTGTGAAATCAACTTCAATACGCTTTGCTTCTTATTGTAAACTAATTATTTACAACCTTAAAAAATAAAACAACTTAAATAAAGACAATTAAATGAAAAACAGATTATCACAAATCAGCTTATTGTCACTAGTTTTATTTTGTTTAAGTTGTAAATCTTTAATAGAAAAAAAGGTTGATATAGACACGACTGTTAAGATTGATAAAGGAGAAATAACTTCAGTTTCTGGAACAAGAAATATAAGCGGTGTTTACCCACATTTAACAACGTATGCACATGCAAGAGGAAACGGCAGCTATAGTTTTGGAAATGAATGCGGAATTGGAGCCTTGGCTGTTTGGAATGAAAAATTGTATATGATTAATTATGCAGCACATGAGCCAAAAGGAAGTGAGCACAAACTGTATATTATCGATAAAGATAATAATATGCAGGTTTTTCAAGGTAGTATTGGTGGTACACCAGCAGCTAGAATGATACATCAAGAATCGAATCAATTACTTATTGGTCCTTATGTTGTTAGTAGTTCTGGAGACGTACGAGTTATTCCAATTAAAGATATGAAAGGACGTTTAACAGCGATCGCAAGGCATTTAAAAGACCCAGAAAATATGGTTTACTATTATGATATGGAAGGCATGTTGTACGAGGTAAATGTAAATACTCTGAATGTAAAAAAGCTATACAATAATCCGTTGCCAGGTTGGCATGGAAAAGGCGCCTATACAAGTCAAAATAAATTAATATTGGCAAATAATGGCGAGCATGGAAACGAAAGCGGAGCGGAGTGGAAAGTTACTCTAGAAAATAAAAACAACAAAGAAGATAATGGAATTTTAGCCGAGTTTGATGGAGATAATTTTAAAATAGTAGAAAGAAGACAGTTTACAGATGTTACCACTAAGAACGGAATAAACGCAGAGCCAAATGATCAATCTCCATTGTGGGCAATGGGATGGGATAAAAGATCGATACGATTGAAGGTACTTGAAAAAGGAGAGTGGAAAACTTTTTTATTACCTAAAGCTACTTATAATAATGATCCTT
NZ_CP151839.1_gap66	3101209	3102504	1295	AGAGAGGGTAAATTATCTAGTTTTGAAGGTGGTCAACGTGTTCCGTTTATTATTCGTTGGCCTGGAAATGTGCCTGAAGGAACGGTTTGTAATAAATTAGCTTGTGCTATAGATTTACTACCTACCCTTGCGGCTATTACAGATGGAAAACTATCTGAAAATAAAATTGATGGCGTAGATATTTCATCGCTTTGGAAAGGGGATTTTGAAGCAACACCTCGTGAAACCATTCTTTATTACTATAGAAAAAATAATTTAAACGCTGTTAGAAAAGGAAACTGGAAGTTGGTTTTACCACATAATTACAATTCTTACGATACAATAGCAGGAAATGATGGTGTTCATGGAAGAGCGAAAAAAATGGCTATTGAACAACCTGAACTTTATAATATGTCTAGAGATCCCGGAGAGCTATACAATGTAATAAGTTCTCATCCAGAAAAAGTAAAAGAACTGATGGTAGTTGTAGAAAAGTACCGAAAAGAACTAGGAGATATAAATGTAGGAATCGAAGAAGGAAGTGAAAACAGAAAAGTAGGCGAAATAAAAATGTAAATTTGCTATCACATCGTCGGATACCAAGGAGGCCTTTTAATTAAAAACTCCAAAATTTAAAAAATAAACTATTTATGAAAAATTATATGTCCTGTTTTTTGTTTTTAATTCTCGTTAGTTCTTGTGGCGAGCAGAAAAACTCAGATCAAGTAACGCAGCAACAAAAAGCGATTGAGCATTTACCATTTACACAAATTGAACTCCAAAATCTTGATGCTTTTGAGCCAGTGACCGAAAACTGGACAATTGTTGGAGATGCCGAGGTAGACCAATCTCTTCCTAAAAAAATAAAAGGGACTTCAGGAACCGGTGTTTTACTAAATATTCCAAAAAAAGGAAGTAGAAAAAATCTTTTTACCAATTTTGAACATGGTGATATCGAATTAGACTTGGATGTCATGATGCCTATAGGTTCTAATTCTGGAATTTATTTACAAGGAAGATATGAAATTCAACTTTTCGATAGCTGGAAGATAAAAGAACCTACATATTCTGATATGGGTGCTATTTACCAACGTTGGGACAAAACTGCAGAAAAAGGAAAACAAGGGTATGAAGGGCATCCTCCAGCTATAAATGCATCCAAAGCTCCTGGTTTATGGCAACATATTAAAATAAAGTTCTCTGCACCTACTTTTAATAAAGCAGGGAATAAAACTAAAAACGCAAAATTTGATGAAGTTTGGCTAAACGGCGTACTATTACATGAAAATATTGAAGTTACTGGACCAACTAGAGCC
NZ_CP151839.1_gap67	3123420	3127784	4364	CTTTAACAAGACCTTGTGCATTTAGGTAGTTTGTTGAAATTAAGTATTTAACATCTTCATTACCACCACTAAAACCAACATTGGTATTGGATGTAGTCCCTAGACGAAAAAGGGTTTTTTGCCAATCGTTATTTTGTAGTAAGCCAGCTCTAGCAGAATCTAGTCTAACCGATTCTGCTTCTACATTGCCATTACCAGCATTAGCAGATGCTTCACGATTTAATATATAATAGTTATTCGCGTCTAATACATCTATATACATAGGAACTTCTGAAACTCCATACTCTTGTTCTACTGAAACAACTCCTTTACCTGTTTTTCCAGTTTTTGTTGTAATCAATATAACCCCATTAGCACCACGTGAACCATATATGGCCGTTGAAGATGCATCTTTAAGAATTTCTACAGATTCTATGTCTGAAGGATTGATCATTGCCAGAGGGCTTAAAGAGGAGCTTTCTACATCTTCGCTACCTAATCCGTCGGAACTCGAATTATCCATCGGGATACCATCTATAACATATAAGGGTTCACTACCATTTAGCGAGCTAATAGCTCTAACACGAATGGAAGCACCTGTGCCAGCTTCACCAGAATTTTGTGTTACAACAACACCAGCTGCTTTACCTGCTAAGGCTTGATCTAGACTTACAGCCCCTGCTTGAGTAATTTCTTCGGCTTTAATGGAAGATACAGATCCTGTTAAATCACTTTTCCTTACCGTTCCATAACCAACAACAACAACTTCATCAAGTGAGGTGTCCGATTTAATTAATGTTACATTAATAATGTTTTCATTCCCTACCACAACCTCTTTGGTTTCTGTACCTAAATAGGAAAATATTAAAACATTTCCAGGTTTGGCTTTCAGGGCATATTGTCCATCAAAATCTGTTATGGCGCCTTTGGCCATGCCTTTAATAATAATAGTAACACCTATTAAAGGTTGGTTTGTTCCATCTATCACACTTCCTGAAATACTTTTTTCTTGCGAAAAAGCATGAACGCTTAGCATGATAAGAAAAATGGTTACAATGTTTTTCATATAAATTATAGTTTATTTAGTTTTTGCTAATGTAAAGCAATTATCAAAAAACCGTTTTTCTGTATTCGCTCAAATCTTTGCTCATTTTGAGCAAACATGTGAAATAGCCCGTTATACCTGCCTTTCTAGTTTTATTTTAAATTTGATTTTCGTAAAATTTACTAATCAAGTGAAAAGAAATGATTTTAAGAAAGGGTATGAGTAATAATAATCGTGAGTTGTATACATGTATGATGTCTTGTTGTTAAGAGCCTAGTGGTCATTTAGAGCATGTTTTTGATGAAATAGAGGAAGTCAATATTATTATTTGAAGTTAATTTTATCAAAAAAATAACAAAGCATAATTTGCATGTATAATTTAAAACATTTTGTAACTGGTTTATTGTTCGCTTCAACTCTAATTACTTTAGGTCAAAATGAACAAAAATTTAAAGAAGTGAAAAAGATAGCGCCCAATTGGGAATCAATGGCTGCAAATTATGAAGTGCCTGAGTGGTTTGAAGATGGTAAAATCGGGATTTGGGTGCACTGGGGCGTGTCGTCTGCAATTGATGAAAATAGGCCGCATGATGGTTCGCATTATGGAAGACGCATGTATGGCGAAGCAGGCTATTTAGGGGCTAGTGAAGGTGATTTTAGGACGACTAAAGAGTTAACGGAATGGCATACAGAACGCTATGGCAATCCATCACAATTTGGGTACGAAAAATTTATTCCAACTTTTAAAGCAGCGCATTTTAAACCAGAAGAACTCGTTGCTTTTTTCAAAGAATGTGGCGCTCGTTTTATTATGCCAGTAGCAACACATCATGATAACTTCGATTTGTACGACTCTTTCTTTTCTTATAATTCGGTTAAAATGGGGCCTAAAAGAGACCTTATTCAAGATTGGAAAGACGCTGCATATAATAACGGTATAAAATTTGGAGTCTCAACACATCTATACTGGTCGCCACGTTTTTTTAATACGGCGCGTCAATATCAAAAACCAGGCACGCCAGAGTGGGAATTATTTAATATGGATTATGATCCTAAAGGATTTGCATCGCAAGATAGCTGGAACGAGCATTGGTACAAACGTTGTTGGGATTTAATTGAAAAATACAATCCAGACATGTTTAATAACGATTCTCCTTATCCAGATGAAAAAAAAGGGAAGGGCTTAGGTGTTAAACTTTTTTCTGATTTCTTAAATCATGATTTAAAGCAAAACAATGGAAAACAAACCACCGTATTGTCATTTAAAAATCAAAAAGAGAATAAAGCGGCTTTTACCTATAATTTAGAACGGGGCATGTTTGCAGAAAAGCAAGAATACCCTTGGATGTGGGCTACAGATCTTTCTGGAAACTGGTTTTACAGAAAAGGAGCCAAAACTAAAATGAGTGTTCCAGTATTAATAGGTAATGCTGTTGATGCCATAAGTAAAAATGGTGTGGTAATGATGAATGTAGGGCTTAAAGGGGATGGTACATTACCAGAAGCTCAAGCGATTATCTTACGCGCTTTTAGAGATTGGATTAGCATTAATGGAGATGGCGTTTATGGCACAAGACCTTGGAAAGTGTATGGCGAAGGCCCTTTAGAGATTGTAACCAAAAGAACAGGTGAGAATTTAAAAGAATATTCGGATAAAGATATACGCTTTACAACTAAAAACGGAGATTTGTATGTTTTTGTATTGGCAGCTCCTACGGAAGGCGTTTTAATTAAAACATTAAAAAGTAAAGGTGTCTTAAACAAGGAAATAAAAGATATTAGCTTATTAGGAAGCAACGAGAAAATAAATTGGTCACAAAACATAGGTGGTTTATCAATCAATCAACCAAAGGGATTACCAAAACAACCAGCAGTATGTTTTAAAATAACATTGAAATAGAGTGCTAATATTTAAAATAACCATAACCAATAATGAATTATAACAACGTTTATTTAGTACTACTAGCCATACTATCTGTGGGCTGCAGTGCTGCTCAAATTCAAGACACTGGAAAACTTCCAGAATTTTCTTGGGACACGATGCCCTTATACATGCATGTGCGTAAAGACGATGCTTTTACTAAGGATGAAATTAAATATATATCAAAATACCCTTTAGTAACTTTTGAGAAAACAACGGGTAGCAAAACATTTGGCTCTACCGAAAAAGGAACTATCGAAGCAGCAAAAGAGGTTAAGAAATTGAATCCTAAGACTAAAATTATTTATTACAAAAATGTAGTAATCAATTGGAGTACTTATGCAGAAGATGAAGCATTTTTGAAAAAGAATCCTGATGCCTTATTAGTAAATGATAAAGGGCAAAAAGTTTTTATGTCAAATGGAAAGACAGGTTATTTTGACCTTAGCAAAGATTACGTTCGTTCGTACTGGTTGAATCATGTGAAAAAAGAAACCGACAGTCCTTATATTGACGGAGTCTTTCTAGATGCCAATATCAAAGTATTAGTTCCTGGTTTTTTTAATAGTAAAGTAGGGGCTAAAAAACAAAAGGAATTAGAAGCGGGTTACTTTAAGATGATGGCAGATTTAAAAGCGGGTGTAGGTAAGGATAATATACTTTTGGCTAATATATTACGTGTTCGTCCAGAGTTTAAAGACGTAGGAAGAGAATACTTGAAATATTTTGATGGTACGTACCTTGAAGGATTTGAGCACGAAAGTTTTGGTATGACGTATGCAGAGTACGTTTCTAAGGGAATTGAAGCTTTTCAAAAATCAGCTAAAGAAGGGAATATAGTAGCTATGTCTATAGGACTTGGTGAGGGAGAAGATGGAGAAGTAAAAGGAATAGATGACAAAAGAAAAGCAGTTAAGTCAAACGAAAACTTTAAGGAGCGTTTGGATTACGTGTTAGCTATCTTTCTAGTTTGTGCCGAAAAACACAGTTATGTCTATCCTCACGACGGTTATAATAGTAAAACATCATCTGTTTGGTTAAAGTCATTTCCGCAGTATGAAAATAAATTAGGAGCACCTAAAGGCCCTGCAGTACGCACCGGCTATGTCTATAAAAGGTCATTTGAACATTTAGATGTCACCCTAGATATTGAAAATAAAACAGCAAAACTAAACTGGAAATAATTTAAATAACAATAAACATAATGAAAAACAGAACACTTTTTATTAATAAAATACTGGTAGTATCTAGCGTATTGCTATATTCTTATACAGCCACCGCGCAAAAAGCAAAAGCAGATATTAAACCCAATATCATTATTTTTTATGCAGATGATTTAGGGTGGCAGGATACTGAATTAAATAATTTGGATGAACCAAGTCCTTGGGAAACCCCGAATCTTACAAAATTGGCAAAAGA
NZ_CP151839.1_gap68	3174285	3175004	719	ACCATTTATGGTATAGCGCTTAATGGTTTAACCGAAGAAGATTCTACACTAGGTGCTGCCGGTTTGGTTATGGCCATTGTAGGCGGGGCATTAATGCCAATTTTGCAAGGTTTAATTATCGATCAAGGAACTATAGGCAGTTTTGCAGCGGTTAACGTGTCTTTTTTATTACCGTTTTTATGTTTTTGTTTTATAACTATTTACGGGTATAGAACACTTAAAGTACATAGTAATTAACTTTTTAAATTAATAATAAATGGAAATTATTGGAAAAAGTATTGAAGAATTAGGATTTAAAGCTTCAAAAAAAGGATTTTTCATGGAATGGAAATCTTTAACTGACGAGTTTAAAATAGGTGATAAAATCTCCTTAAATGAAGCTTCCGAGTTAGCTTTTAATAAGTTGTTATCTGAAATACGTTAAAATATTCAAAATGAAAGTAGGGTTATTTATTCCTTGTTATATCAATCAATTATATCCGCAAGTAGGCAAAGCAACGATTGAGCTTTTGGAAAGGCTTCAGGTAGAAGTTATATATCCTTCAGGGCAAACATGCTGTGGTCAGCCAATGGCTAATTCTGGTTATGAATATGAGTCGGTTGGTACTTGCAATAATTTTGTAGAAAACTTCAAAGGGTTTGATTATATCGTTACGCCATCAGGAAGTTGTGCATATCATGTAAAAAAGCACTATGATATTATTCCACAGACAGATGCA
NZ_CP151839.1_gap69	3233101	3234809	1708	TTTAAACGGAATAACATGTATTACATGATTTACCCAGATGATTTCCCGAAATTCAATAAAATGCGCTATGCCATGAGCAAAAGTCCGTTAGGCCCTTGGGAAAACAACGAAGTCTTTTTAGGTAGCACAGATGTGATTACTACGCATGGCTCGGTTGTAGAATACAAAGGTCAGTGGTATTTATTTTATCACAACGGCAATCTATCTGGTGGTATAGGCCCAAATCGTTCTATTTGTTTTGATCCTATTTTTTTTAATGAAGATGGTACGATTAACATGGTAGAGCAAACATTAGGTGTTCAATTACCAACTTTTCATAAGGAAATTAATTTTAATGGTATGATGGGTGCCTTATCTGAAGGCGATTATAATCAAGCAGAATTGCAAAAACAAGGTATTCAACCAAAGAATATTTCTTCTATTGAAATTCCAAAAGGATATAAAATTGAAGGCTTTGAAGAAGATAATTTCACAGGGAAATCTTGGGTTTTCGTTGAAAATAGAATTAATTTGAATGCTATAGGTTGCAAAGCTGTTATTAAATCACTTAAAATTTCAAAGTTTAAAGATGAAAACCTCGTTAAAAACGCGTCTTTTGAACTTGCCACAGAAGAGCATATTAAAAATTGGATAAGTCGTTCTGCTAAATTTTATAACAGATTCTTGGATAATTCAGCAAAAGGATATTATGCGATGCAATATAAAGGTAAAGGGAATGCAAAGGCAAATACTCAAAATATAGAACTGACTCCAAACACCAATTATCAACTTAGTGTAAAACTAAAAGTAGATTCTGGAACAAATGGAAAAGTAATTTTTGATACCAACGGAAGCTTTGATGAATCTTGTAAATTTGAGTTGGATTCGAATACCAAAGCTGATAAATGGGTAGAATTCAAAGGTGTATTTAATAGTGGAAATTTGTCAAAAATAGAGTTACGTTGTTTAATGTCTGATGATTTTAATGGCGTTTGTTATTGGGATGAAGTAATATTAAAAGCGAAATTGAATGAAACTACAATGGATTATAATATTGATGCTATTTTTTGGATGTCAGTCTATTACACCTCAATCAACAACTAACTTAAAGGCGGATTTCTACGTGTCGACCAAAGGCTCTGATAATTGGTCTGGAACATTAGATAATCCGAATGCAGAAGGTACCGATGGGCCTTTTGCAACTTTGGAGCGTGCAAGAGATGCTGTTAGAAAGTTAAAAAAAGGCAAATTAAAAAACATCGTTGTTCTTATTCGAGAAGGCGTGTACCAACTTAAAAAAACGGTTGTATTCGGTCTGGAGGATTCCGGAGAAGGTGATTCAACCATTACTTATTCGGCATATCCTAGAGAGAATCCCGTGTTCAGTTCTGGGCAGGAAATAAACGGTTGGAAAAAAGAGACTTCAGAGCTTACTGGATTACCAGACGAAGCAAAAGGAAAGATTCTAGTAGCAGATGTTTCTCATAAGTTTTTAACACTTTATGATGAAGAAGGTATGCTGCCACGAGCTCGATCTGATAAATACAATGCTTTAAAGGGAACTAATTCTAATGAGCTCTATTTTTCTAAAGGGGAGTTAAAAAACTGGACAAACATTAAAGATGTAGAAATTTTTGTGCGTCCAACCCGAGATTGGATTGTAAATATGCTGCCATTGATTTCAGTTGATCAAGAAAAAGGCGTTGCTCGTACAGGAGTTCCTGCCACC
NZ_CP151839.1_gap70	3247771	3250424	2653	TTAAGCGCTTGTCAGCCCTATGTTTATACTTGTAATAGGCATCACGTTTAAGACCAAAACAACTGGATATAGCAGTTAAAGATGCAAATCCCTTAGCTTTTATTTTGGCCTTGATTAAGGTTTCGTATTTAGTTTTTTTTTAAGCTGTTGTACCGTTTTGTACCCTAATTTTTCAGCAGCTACTTCTAGATAAGATTCTTCTATCATAGCATCGAGATCCTTTTTAAGTAATAATTTTTTAAGCTGTTCAATCTCTTTTTGAAGTGCTTTAATTCTAGATATTTCGTCTTTTGTTTCCACTTTTACCCTGGTGTTCATTAAGTCTTTACGATTGTACTTTTTAATCCATTCATTAACCGTTGTTGGAGCTATAGAATAGAGTTTACAAAGTTCACTCTTTGTGTGTTTTCCAGTACTAAGTTCTGCTAAAATTTTTAATTTGAATGGTTCACTGTAACGTCTAATTACTTTGTCATTTTTATACATAATGTTTAAAATTATGTAGCCTTTATTCCGGACAAGTCAAAATGACACACAACGTGTATGTATATGCTTTGTAGCGTGTACAAGCCGAAAGATAGTAAATAAAAACTGACGTAGAAAATTCGGAAGAATTTTCGGAAGTAAAAGGAACTAGCTATAAAGTATATACTTTGTTACCAAACGTATTTACTTTCAGTTCCAAAGTTCATTGACATACTGAAAACTTTATTTTTTTTGAGGGAAGGCAGATTGCTGACGCAGGAAGCAAAGCTATTAATCGTCACCTTTATTTTTATTTTTTTTATTAAACTCAGATAAAGCCTGTTTGTTTTTGTCTAAAATGTTTTTTGAAATTTCTTGTTCAAGTTCTTCTCCGGTTTTTTCCTGAGCTTCAATGTATGTTTTGTCATTTTGTCGACGAACAGATTTAACCATATCAATGTTTTTTAACTGGCCTAGCTGGTCTTTTGACATATTTTGAAGTAAATGGTATCTGTTAGGTTTTGGGGTGTCTAATTTAACCATTTCTGCATTCATTGACTCTAAATTAGATAAAACGATAAGTTCATTAATACTAGCAAAGTCTCTAATATTTCTGCCGTTTTTTGCATGATTAGGGTTAGCGTCTCTCCATTCTTTCGCTGTACAACCAAATAAGGCTAAATTTAATAAATCAGCTTCTTTTGCATATTCAATACCACGTTTACTTTCTGGTAATTTCGATTTTGGTAATATATGTTTTTGCACCGCATTAGTATGGATGCTGTAATTTACTTTTGATAACACTCTTTTAACATCCCATTCAAGATTATAGGTGTCATTTTCAACCTTTTTTAGTCGCTGATACTCTTTTATTAAGTAAAGCTTAAATATAGGACTAATCCATGCTCCAAACTCAAATGCTATATCCTTGTGCGCATATGTTCCTCCATAGCGACCTGTTTTGGACATTAAACCTATTGCGTTTGTTTTCTCATTCCACTGTTTAACAGATAGATGGAATCTGTTTAATCCAGCGTTATTCATAATTCCCTCGAATTCGAGGGAATTAAAATTAGGATTGTTTAATTGTTCCCAAACACCCAAAAATTCAATAGTATTTTTGTTTCTTAGCCAATTATCAATATTACCGCCATTCCCCTCCATTCCTTTAACCATGTCGGTTAAACTAATAAAGTCGTCGTCGCTCTCGTTCGAATACACAGACACAGGGATATTGTTGACATTTATAATTAACTGTTTACTCATTTTTATAAAATTCTTAAATTACGTAATATGCAAAAGTAAATTAAATATTTGACTTTTTGTTGTTTTGATATATGCGTGTTCAAGATACTTTATCTGTTGTAAATTATGCCCGCAAACAAGCTAAAAAAAAGTCGGAAAAAAATAAAGAGATTTCAGTAAGTCAGATGAGTATGAGTGCGAATTTATATGTTTGGTAACGGTAAATTGTATGAGTAGTGGCAGTTTGAGCGGATTACGAGCCTTGATACTTAGCACTTTACCTGCCATTACTTATACAAAATGTTGTGCTTAGTTTTTTTCTTCTTTTTTTGCAAACGTATATGCTATTTTAATCCCAATTGAAGGATAAATCTTGTCTATGAATAATGAATTATCATCCGTGCTAATTGTTCTAACAGGTTCGGAACTGTCAGCTAAAATTAATTGTTTATTTTGCCCTTTATAACTATCAACGAAGTAACTTCTTGGGGTTCTAACTGGTGTAAAATCTAGAGTTCCTAAAATAAGAAAATTGTCTTTTCGATATCCAATCCCAAATCCTACATCTATTGGAGAGTTTGTACTAAAATCATTAGAGGAGTATCCAAGTTGAAACACATTAACTATCAACGCAACTGCTAAATGCCTCCTAGCTGCATCAAATGCTAAACCAGCCTTCTTTCCTTCTAAATACTTAGCAACACTTTCATTTCTTTTATCTGGAAATGGATTCCATACTAAACCTAATGAGAACCTTGTTATTACAGGATATACTTGTTCAAACTGAACAGTATAGTCTACTGGTGAGATAGTTACATTGTATTGATCACCAAACCTGTAAGCTGCACCTGCTGCTGCAAAGAAGTTTAGCGGTTTTTCCCAATTAGGTTCAGTTTGGAGAGTGTCAATTATACTAACTTCTTTTTCTTTTTTCTCCTTTGTT
NZ_CP151839.1_gap71	3252457	3253301	844	TTCAGTTCCGTTATTAATAGAAATGGACTGTATTCCACTCTTGAATTATTAGAAAAATATTTCACTTTATCCTCTTTAATCACTTTTCCGTTTTTTGTCCATTTTAAATTCCAGTTACAATTGCAAGGTTGAATAATTGGTGAAAATTCAGATTCAATTTTCCAAGTCCATTTTGGTTCGTGATTTTTTATTTGATATGGTTCAACATTCCACAATTCTATTTTATTCTCAGAATGACAAATCTCAGTTGTTTTTAAAGTTTCAATTAATGGTTTGAAGTAGGTTAAATCAGATTCGGAATATCCTCTGTCTGGAAACTTAATAAAATCCATTTTTTTCCAAAATTTTTCCGACTCTCTTGGCGCACAAAATAACTTTATGGCTAAAAATCCTTTTTCTTTAAAATATCGAGAAATTTGGTCAAAGAAATATTTTCCAATTCCTTTATTTCTATGTTTAGGGCTAATTTCTAAAATATCAATTTCGGCATAAATTTCTCCTTTGCTCCAAACTAAAAATCCGATTGGTAAATTATTGTGATTTAAAGTTATAAATTCTTTATTTCTAAATGCTTTTTCTATAATTGTCCAATTGCAATAAAATCCGTTTTGAGAAATTTTATCTTCTTCAATTAACCACATTTCGACTTCTTTCAAGTCAGATTGAGTAGGTGAAAAGTTCAATTGAAAGTCTAATTTCATTAGTTTACGTGATTTTTTTGCATGTCTTGTCCTGAAATATGGCTACAGGTTAAAATTGATTTACGCTGTTTTTAAATATACCATATTAGGTGTTTTATAGTCTAAAGATAAATGTAATCTTATTTCGTTGTATAAATTAATTG
NZ_CP151839.1_gap72	3255975	3256829	854	TATAAACTTATCAAATGATAATCTCTTATTTTCAATATTGTCACTTATGATTATTTCCACTTGACAACCATTTTCAACTTTGTCAATTAATTGTCCTAATAAATCTTTACTTGTGAACCAAGCTACAGAAATTTTAATCGAGTTTTTTGATTTCTCAATTTGTTCTTGAATCTTCTTTTTGATTCCTGTAAATGTTGCTGTAGTTGTCGTCATTAAGTTGCTGCTAACGGTCTCGTATAACCGTCAGTTACGGGTTAATATGCGTTAATTTTCGGTTTGGCACTGACTTTAGCAATTCCGCGTGGATTCGGACGTAGTCGAATCCGCCGTAATTGCGGTTATACATTGTTGGCAAATCGTTTTTATTTTTTTTCATTATCAAATTCATTCGGTTTTGGTGGCGGTGGTGGTGGCGGAATATTTGTAATGTCAAATCCCTCAAAAAGAATGTTATATTTAAAATAATTAGAACCGTTTTGTGAATTAATTTCTTTAAACTGTCTAACAATTTCTTTTAGTGCTCTTTTTGTTGTTTCAATGGGATATTTATCTTCAACGTAAAAATGAATTAAAGCTGGTTTCAATTTGTTTTCGTTATGCTGAAAGTTATAGGCTTTAGATATTATCTCATTCAGTTCCGTTTTTAGGAATGCGATTGGTTTTTTCTTTTCGGATTTCCCGTATTCAATTACCAAAGAATCATTTCTAACAAACAATAAATTCCGCCTGAAGTAACATCCAATTTCTCCAGAAGTCGGACAATCAGCAAATCCAGTTAAATGATAAATAGTATCATTTGATTTAAATCTTAAACCTGATGATTTTCCCTCACAGGTCAATTTGCCCATTTTTTG
NZ_CP151839.1_gap73	3264480	3265150	670	CATTATAAAGGAAATTCCTGATGCTATGTAAATTATTTTAAAATCAATATCAGTAAAACTAAATATTGTAATGGAAATAACGAATGAGATTAAATGAATTTTTGACCAAAACAAATCAGTTTTTATTTTTAATAGGCTAAGAATAAGGTAAACGATAAAATACAATACTGGTAAATAACCAGTAATAAACTCAATAGGCGTATTTATGATTTCAAGTTTCCACCCAATAGTCTCATTTAGTTTAAGTATTGAGGAAAGTATATCGCCTAGAATGAAAGAAAGCCAGAAACTAACTAAAAAGACTAGAAATAGACGAGTTTTTAATAATTTATCAATATTCATGTTAATAAATAATTTGAGCTAATATAAGTTATGATCGCTTGTAATAAGTTTTTTTTACCTTACTTTTTAAAATTTTAACCGTCTGATTAAAATCAGATTAGGAATTTATCCGAACAGTTTATGATTCAGATTTTACACGTCTGAGTAAGTTCGGGTTGCGCAACACTCCGAAGTTTTTGTAATTCCGATTGAGAGTTGCTCCGTTTAGCTTAGTTGTCAGATTTTTCCTTTTTTAGCGTGGCAGAGAAATGTGTTACAACGTTCAGTATAAGAAACGTAGGGCAGGTGATAAGCAATACGTTTCGGTTTGGTACTAAGCCAAATATAA
NZ_CP151839.1_gap74	3267984	3272449	4465	TTTTCTCTAAAGGCGAAGCATTTTCAGAAGCGAATGAAATAGTTAATCCTTTAATTTCGAACCTTTCATTCAAGACTTCATTAACTTGATGTGATAAAACATTCTCAAGATTTATTTTGTTTTCTTGTAAGTAATGAAGATATAACGCTAATTGAATATGTGACAATAAGCTTTTACCGTGAAATTTAAAACTTATCAAGTACTCGTTTTTAGAACGCATAAAAACTCGTTCAAGTGATTCAATTTCGTGATTTTTACTCACTAATTCTATACAACCTTGTTCATTGATATATCTAAAAAGGTAAGAGAAGTTCCGAAAAATGTTTTCATTAGATTTTGTGACATCCAGCCACTTTTCGGAATAGGAATGCGTTAACTGACCATTTTTATTTTCTAATTTGTAAGGTTCATCTTGGTCTTTTGATAGCGAACCTTGTACTCTTTGAGAAGTACCAGCTTCTCTTTTAAAAAAATCATCATTCTGCTTTTTCTCTAATCTTTTTGCCTTTAATTTAGTCTTGTCTGATAATTTTAATGTTCTTGAATTAACAACTAGTTTAACGTAATTTAAATTAGCGTTAGGTAAATCTAGATAATTTAAAATCATAGATTCTTTATCGGAATCTTTTAATGTTGCTGGAAAGAATAATTTTGGTTTTTCAGATAAGATATGGTCTTCTTCGAACTGGGAAAGCAATAATTCTGCTGACTCTGTAGAATCCATAAGGAAGTCACTAATAATTCTAGAAAAATGATTTACTATATTTTTTTGCTTTAGCAATTGTCTTATGTGAAATCTGTTATTTTTTAGTATTTCTTTTAGGCTATCTGAAGAGATTTTTTTGTGAATGCTTAATTGACTTATTAAAGTCCAAAATGAATCATAATATTGATAATCAGTTGAAATAAAGTGAGTTGAAATATTTTCGCTATTTATTTTAAGAAAAAAAGAAGTTATTGTTTCCCAAAAGGAATTAACGGTTTTTAAATAATTCTCTTTTGTTTCTTCACACCAAACACTACGATAGAGTTCATTGTCAAAATAAAGTTTAATTTGATATAATTCTAGAATGTCGTTTATATCATAGAGATTTTTAGAATCGAATTTTTCAATTAAAGATTCAGCATTTTGTAGGTTTCTATCTTTTGATAAATCTTGTATTGAATAAAAAACTACTCGATTTATATCTCTTTTCATTGTCGGATTTCTGTTTCGGGTGATTTTGGTCAAATTGGTGCCAACGGTTTTGTGTATGATTAGTGGCGTGTTTAAGCAACTAAGTTAGCAAATAAAAACCGAATAGAAAATCCGCGAGGATTTTCGTAAGTAGGCGAGAACTAGCCATTAATTATACACGGTGTTGTACACCGTATTTTATTCCGTTGTTGCTTTTTTTGCTCTTACCATAACAGATTCTGCCAATTCATACATTGAGCAACTTTGTTCACTCATTTTTCGTTTTCCAATTCGTTTTATTTCAGCACTATCATTTTCCCAATCGAAAACATAAATTATTTCTCGATAAACTTCGTTCAATTTTTTATAATTTAATTCGTTGTCTTTTATTTCAAAGTTTTCTTCGGTTTCTATAATCTTAATTGGGATTCCGTTTTTCAGATAAATAATTGTTCTTATTCGACCATAAGAAAGTCCGATTTCCTCAACTATTTTACAAATCTTTTTTTCATTCCGCCAAACTTTTAAAATTCCGCCACCATCTGAAGCAATTCCAGTCAGTTCCACCCAATCAAATTCAGTTTCCGTAAGAGTGGAATCCGATTCTATAGAATTCACTTTGTTATCAATTGGGTCAAGATTATTTTCCTGTCCAAATGTTAAAAATCCGATTAAGGTAAATATGATTACGAATGTTTCTCTCATATGGTGTACAACGTTTTTGTATAAGATTAGTGGCGTGTTTAAGCACCTAATTTAGCAAATAACCACCAAATAGAAAGTCCGCGAGGATTTTTGTAAATAGGCGAGAACTAGCCATTAATTTTATACGGTGTTGTACCTAGTTTTTGATCCATTCAAAGTCAAGTACATCACGTAATTTATTTAGACTTTCTCTTGATAAAAACTTAAAAGCTAGTCCAATAAATGCATATCTAATTACTAAAATCTGGCCGATTACAACCAAAATAAAAATCGGATTTGGTTCTTCTTTTCCAGTCAATATTGCGATTAAAATTGCGACAATTGGAAAGCAAAGAAAGGCACCTAATAAAATCCGAAAAACTAAATGAATTTCCACGTTTACGTTTCCACGGTCAGATTCAATTGTGCCTGTCATTACGCAAAATGCTCCTTTTCCAAGTGTAGTTGATATTAGTTTAAATTCGTTTCCATTTATTATTCCACGAAATGATTTGTCAGTATGTTGAGAAGTCAGATTTTCAGACTTTTCAGTTCTCCGATTCAGTCGATTCAGCGTTTCTGCTTGGTCATCGATTAGTTTAAATTTCAGTTCTTTGGTTGGAAAAATGTTCATTTCTTAAATTAGGTACAACGTATGGTGCTATGATTTGTTGCGTGGTAAGACAATGAATTTAGCAAGTACAAACCAAATAGAAAATCCGCAAGGATTTTCGTAAGCAAGCCAATACCAGCAATAAATTATAGGTGTTGTTACCACACGTTTTTTAATCAGATTATTAATTTAAAATCAAATATTATGTCAAAATATAAATATCCAAAGTTTTATAAAATTCTTTTGATTACGATTATTATAGAATCGTTGGTGTTATTTATAGGATTGCTAATTATGTTTTTTTTTGGTTGGGTATAAGACTATAAACAATCCAAAAAATGCATCTTAAAAAAGACATTCCAATAGAACATCTTATGAAATTTTTAAAAGTTAAGTTAAATTCATAAGCTATGTATGTAAATAATATAATCCAAGCAATTGCTAAAAGACCTAAAAGAAAAATAATAGTGTCATACCTTACTAAATTAACATCATTGTCAACTATTGCTTCAAGAAATAAAGTTAATGGCAAAATATTTATGATATACCAGCAAACAGTTAAAGCTAAACAAGATCCAATAACAACAAAAACTCCTTTGTCTATTAATTCGGGTTTGAATAAATATAATTGTAAAAATGTTATAGGCAATATTCCTAAAAATATAATTAGAGAGTTTTTTTGTACTGGTTCAATGTCGAAAATTTCCTTTATCATACGTGATGTTTGTCAAATGTGTGGTAACGTTTTGTGTATGATTAGTTGCGTGGTTAAGCAACTAATTTAGTAAACAAATACTTGCCAGAGAAAATTCCGATGGAATTTTCCAGATGAGCACTTGCCAAAGCAATGAATTATACATGTTGTTAGGCACAGTTTTTTTAGTATTCACTTCTCTTATTCCAATCGTACTTATCTTTGTTCCGATTATTTTTTTCTGCTAAATCCGAAAGCATATAGTCAATCCATTCTTTGTTTACCCATTCGCCATTGACAAAAACACCAGCTATTTTACGTGTATTATTTATATTGTCTAACGGATTAGCGTTAAGCAAAACAAGGTCTGCAAATTTTCCGATTTCTACTGTCCCAATTTTATCTTCAATTTCAAGCCAATTTGCTGGTAATCTCGTAGCCGAAATTAATGCTTCTTCTTCTGTAAGACCTGCTTTTACTAAAAGCTCAAGCTCATTGTGAAGTGAAAATCCCCAAACTATTCCCGAAGTTCCTGAATCTGTACCTGCAACCATTGGCACACCTGCATTTTTAAGAGCCTTTACCATACTAATATGAAAATCGACAAGTGAATCAAAATACGCCACACGTTCAGGTGATGTACCTTTGTTGTACTGATTTGAAACTATCCATTTACTTTGCATAAGTGGATGCACATATTTGAAACTTGGTAAATTTCGCACACTATCAAGTGAGCGTGCTTGTTTTGCTATATATACTAAATTTGAAAGGTTTGGCATTACCCAAGTGTTATTGTCTTTTGCTAGTTTTGCAAACTCTTCAGCTACTTCAATTGTATACTCGTCAGTCTGACTTGAGAATTCCTCTGCGTGTGCAACCATTCCAAAATGAGGTACAAAAGCCTCTTTAGTGTTTCCTTTAAAGATTGTTGGAATATGACCAATAACTTTCATATTTTGTTTACTTGCCTCATCAACAATAGCTTTATAAGTCTCAATATTTAGATTAGAATAAACTTTAATAAATTCATAGCCTTGTTGTTTAGCAAGTCTTACAGTTTGTCTTCCGTCATTAGGCGTGTTTGCAGTATTTCCAGAGTCGCCACCATCTACTAAATATGCTAAAGCAATTCGAGGTCCTATGACTTTACCATTGATAATTTCATTTCTCTGTCCGAAATGTTCTACTCGACCACTAAGTTCAAAAGTCGTAGTAACTCCATTCGCAACGTAGAGCAACATAAAATCTTGGTTATCCATAAATAAGGTAGCACCTTTTGTAGGATAGTTTGAACTCA
NZ_CP151839.1_gap75	3317378	3320934	3556	GGAACCCCATGTAAATCAAAGATTCACCTTCACAACTTTAATACCTGAAGAATTTAAATTTATATGTGTTCATGCAACTTTTCATTATGATGAGGCTACACCTCATACGGTCGAAAAAATAATTAAAATAGAATAAATATATGGCTTGGTCTTTACTTTCCTCGAGATTGAATTCGCTACCTCTGCTTTTAGCAGGTCCAATAGTTAGAAGAGCGGAAGCAACGAATGTTTCTATTTGGTTTGTATTAAAGCAAGATAGAGATGTCACTTTAAATATCTATCATTCAAATACTATAACTGTGACTCCTTCTTTAATGGAAGGGAAACAAAGTAAAGGTGTGGGGATAGGTGATCATGTCTTTGTTTATTGCGTTACAGCAACACCGAATTCCGACCCTTTAAGTTCTGGCCTAAACTATTTTTATGACATAGATTTTGGAAATGGAGATTCTTTAAGTGACTTAATAACAGCAGGTCTTGATTTAACTTATGATGGTAGTACAAGACCCAGTTTTGCTTTGCCACCTGATGATATTAACAAAGTTAGACTGATCCATGGATCTTGCCGAAAGGCTCACGGACAAGGTCATGACGCAATGGAGGGGATTCATGAAATAATCCTTTCAGCAGTATCAAACGGTGTAATTGACCCAATTAATCGTCCTCATCAATTGTTTCTTACTGGAGATCAAATTTATGCTGATGATGTTGCCGATGCTTTGTTGTATATGATAGATGATGCAGCCAAAGTTTTATTTAATTGGGATGAAGATGCTTTCAAATTATCCTTCGCCGATTCTGAATTAGCGCCTGGCAAAAGAGGTAATAAAGTAAAATTAGAATTAGGATTTACTTGTGGTTTAAAAACTGGGAAAAGCCATTTATTAAAGTTTCGAGAATATGCTACAATGTATTTATTTGCTTGGTCCGACGTTTTATGGCCAACGATCAATGATTTACCCAAATTTGCTGACACTTATCCTGGTGAACAACAATCAAAAAATAGAGTAGGTGCCGGAATGGGACCGATGGGGCCTTTACCTCCTATTGTTAAATATAAATATTTCGATAAGGAAGTTAAGCATCTAAAGAGATTCTTAAAGACACTAAAAAATGTAAGAAAATCGCTTGCCAACACACCCACTTATATGATTTTTGATGACCATGAAATCACAGATGATTGGAATTTAAACTGGCGTTGGTGCAAGCGAGTTTATTCAAAGCCACTAGGCAAAATAACAGTGCAAAATGGGCTTTTGGCTTACGCTCTTTTCCAATCTTGGGGCAACACCCCCGCACAATTTCAAGAGCCATCTAAAAAACACCTGTTAAATGCCGCCAGCAAATGGAGAGGGGCCAATGACCCCCATTTTTTAATAATAAAATCACTTTTAAATATTCCAACCATTAAAAAAAATGCCAGCATCTCTGACTTCCCTCAGTTATCTACAGCAACGTTTAATTGGTTCTTTAAATATGAGGCAACTAGCTATTGTGTTTATGTTCAAGATTCCAGAACTTGGAGGAGTTTTATAAAACAGAAAGGGAGAAAGAGTGATATCGACTTTGCAGATCTTATAAGCAAAAAAGGTTATCAAAGCCAATTGCCTCCGTCTTTTCCGGCGAAAGAAATAATCTTAATAATAGCTCCATGTCCGGCCATAGGGGTTCCTTTTATTGAGCAGAAGCAAAAAGATGCCTCTACCTTTAAGGAAAGAACTGGAGATGATACGGAAGCTTGGAGTTTAAATTTATATGGTTACGAAAAATTATTCAGTAATCTTGCTTCAAAAATGCCCGTAATAGGCAATAAAAGAAAGGGTAGATTAGCTATTCTTTCTGGAGATGTGCATTACGGATTATCCGCCCGTCGACAGATATGGGGAAATAATTTCATAGATGACAATCATTCAGGTGTGGAAACGAATGTGGTCTGTGCGCAATTGACTGCTAGTTCTTTCAAAAATCAAACGGATGGATTGACAGGTACCACTGCATTACACTATAGGGGCTATCCACATTCAATTGGAGGTGAGATCTCTAGCAAGCTTCCCCTAATTGAAACGGAAGCACTTCCTCCAACTGAAGAGGCCTTTGCTTGGCTCCTCGGCAATCAACAAATTATTGGTACTCCGAGTGGTCCGTTTGTTTTAAAACTACCTAAGGGTTTAAATGTAATTAGTCCTCTTCATCTTTCTCCATTTTTTGATACCGTTACCATTAATCCAAACTGGAGTTTTAGAATCGACTGGATTTTAGGTAGTAGCACCGGTACGAATCCAAGAAGAAAGGCAAATCCCACCAAAATATTAGTTCCCCCTGACCCAGGTAACAGGGCAAATTCTCTTCAAAAATATCTCTCAATGGCCAGTAACCATAGTTCCTATACCAAAGCTTGGGGGTCAGGAAAGGAAATTGTAGGCTTAAATAATCTTGGAGAAATAAGATTCAACTTTACTTCTTCAAATAAACAAATAAATCATGCTATTTGGTGGAGATTAGAACAAACTTCAGGATCAAACCCACTTCAGTTATTTCCGCTAACCACCTACTCCATACCTATAAATGAGAATGGGGATAAAAATCATAAAAATAAGAGTATCACCAGACCTACTTTTAATGGAATATAGTTATGAATAACAATTTTTTAAACATCTTATCAACGGAAATTATGGAAGTTTTCGAGCCCGTTCAAGGAGCTTCCCTAAGTGATGAATCGCTTCAAAGAATGTTTAGATATATGGGATGGAATTTTGATGAACTTACGGGACTACCATTAATCTCTGTAACGAATGTTATCAATAATATTCAAACAACAGTTCAGAACTTTAAGGATAACTCAAATAATAAAGACATTGAATCGCTAGAGAAATTTGATTCCATGCTTAAGGCGGTCCGATCAATTTTTAAAGAGGTCGAAGGCATTGCTAATGCTTTTGATGGGACAAACTTGAATCAGACTCATAAGAAAGTGGCCGTCCTTGATTTAACCCATTATCTGTTAGTAGAGTATTTGGGAAAAAAGTGTTTTTTTATTACCGAATTCCTTAGATGGATCGAGGTAATTCATATCAAAGAAGATTCTAATAGGATATTTGATACTTCCGGAAAGATTATTAGATACCCCTATGCTTTCGAGATCATAAATTTAGAACAACTAGGAGCATTCCTAAAAAATCCAGTTAAAACCATTAATAACATCTACTTTTCACCATTTGATAGAAATACAGTTAATGGTGCCCAAGCATTTACAGATAAGCTCTTTCCTATAATTGGACGTCTTGCAGAAACTATAGGAGCTTCGTTTGTCTATGGAACAAAAACCGAATATGGAATTGATTTTGGTACAGCAGGAAATGAATTGGCCAAAGGAGCATTAAGTTTGGTCTGGCAAACCCCACTCGATGAGTTGGATTTTGGAATTACTACTTTTTATTCTCCTCAAGAGAGAGGAGGGCTGGGATGGGTAATTGTGCCTTCAGGAAAGCTTGATATAGACAGTTTTTCGAAGGAGTATTACTTGCTAATAAAATCCAGTTTACAAGTCGGTGGTATG
NZ_CP151839.1_gap76	3388386	3392505	4119	TTCTGGTGAATTTGATGAAAAGTATTTAATAAAAAGAGGAGATTTAATTGTAGGGATGGATGGTGATTTTATTATGAATATTTGGGATAATGAGGATGCTTTATTAAATCAAAGAGTTTTAAAAATCAGATTAAATGAGAATGAAAATTCGCTATTATTTAGTTACCTCAACCACTTCTTGCAAAAAGAATTAGATAAAATACATCTTGGAATTGGAGCTACGACAGTAAAGCATTTGGCGGTAAGTGATGTTCGAAAAATAAAGCTTCCAATCCCCAAAAATAATGTAAAAACTGTTATTGAAAAGTTAGATCTATTTAATACAAATATTAAAAATATCGAATACAAAATCTCAAGTTCCAAAGCCTTACAAAAGAGTTTAATTAATCAGGTATTTTAGGGTATGGGTTACAGAATATTTTTTTCATTTCAATCAGACAGCCCAAAAGAATTAAATTATGTCTTTATTCGAGATGCAATAAAAAAGGCCATGTCGAAGATTTCTGATTATGACATTGAGGAACCACTTAGAATTGGCTTCCGTGAAAAAGGAGGAAATCCTCCGCTACTCGAAGCAATGCTCGATCAGTCTCGCGAATCAGACATAGTGATTTCTGATGTCACTTTCACATCTTCCAAGATATGGCAAACTCCGCCAACTGGATTTACAGAAGATGAAGGTCATTATTTTATAGAAATCCCGAAAAATGTCAATTTGAAACCAGCTCCAAATCCGAATGTTTTACTTGAAACTGGTTATTCATGGGCATTAAAAGATTTTGAAAGAACAATCCTTGTAATGAACGAGGCATTCGGTCATCCCAAAAACTTCCCAGTAGACATGGAAGGACTTAGATACCCTATATCTTATAATTTATCGGATACAAAAAGCACAGATTTCAAAAAAATATTTAATAATCTAGTAGAATCCATCAAACAAGCAATAAGTGATGCAATAAAATCAAGTATAAGGCATCAAATCAACGAGTTAAGGCCTTTGATTACACATGAAACTTGGAAAAAGGACCATCCATTTCCATATTGCAAAGGACAGTATGCAAATAGTCTTATCTTAGATATAATAAATTTAATTAAAAACTATAGAAACCCAATAAGAGTGATTGGTTCAGATTGTATTGGCAAAACAAGATTATTAATAGAATCACTTTATTATGATAGCAATAAAGATAAATTGGCTAACATCTCTATATATTATGATTTGTCATCTCCACTTTCTAATAGTGCTATTTTTACTCAACTAAATATTATTAAGGAAAAGCGGCAATTCATAATTTTAGTTTTTAACAATTGTCCATTAGATGAACATAAAAAATTGGAAAAGTTTTTCCGAGGTTCCATGGTAAAATTTATAAGTATAGATTCTAGTGATGATATTGAGAAGGACGTAGCAGATATTAAAATTTCCGATGATCTGTTACATGAAAATTTCCGAAATATCACTAAAACGCATTTTCCATCAATGGATTATTCTACAATTATGGATTCTACAAATGGAGATTTAGATCAATTTATATTATCAATTAGTTCGGGTGCTGATTCTAAAGAAATTGTCAAGTCGTTTAATGAATTGCTACCAATTATTATTGGTACTGAGAATATGAGAAGAGGAGCAATTCCATTATTAACATCTGTCAAGCTATTTAAAATGGTGGGTGTTTCAGGTCAAAGAAAGAACCAAATCCAATTTATAAATAGTTTTTTTATTAAGGAAGAAATTGACGAAACTGAAATTTTAATCGAAAACCTTATTTCAAAAAATTTATTACGTCAACAAGGTGATTTTATTTTAGATAATGGTTTAGATGTTACATTAATTAATGATTGGATTAATTCTCAAGATGACATAGATATATCATTATTAATAAAAAAAGTATCTGAGAATAATATGTGGGCATCTTTTAAAGATCACTTTTTTAAACTAATGGAACAAAAAGATTATTTGAATCAAATACAAGAAGAGGCAGGCATATTGCAAGATGATGACTTTATCAATTCACAAGTTGGTAAAGATTTTTTAAACATACTTGCAGATAAGCATCGAAAATTAGTTTTGGAAGTTTTAAAAAGAAAAATAATAGGATAGTATGTTTAATTTTGATGATATATTTAACTCTGACTGGAGAACGATTAATACTCTAGAAAAGCTGTCTCATTTTGAGGAAACTGCCAAAGAAAGTATTGAGCTTTTATATTCTCTTGCTCTAAAAAAAGAAGCAAATTCAAAGGATGCTGCTTTGTCATTTATAACCATGTTTCAAGTACATTTTGCAGAGACTTGTTTAAGCCTCACTGATCGCACGCAAATAATTGAAAAATTAGAGAAAGAAAATGGATTGTCGGAATTATTAGTTAACGCTTATAGTCGGAGTCTTAAAGCACAGGGATTTAGTGGGAATATAAGAACTGAAGACGAAACGTATAAAAAAAATCAATATAAACCTATAAATGAGGAAATAATTGAATATTGGCGCTTTTCACTAACCAAACTCATTGATACTTATATAAATAATCCTAATGGATTGAGAAATTCTGCTAGAGACGCCATTAAACTCAGACTTCAGGAACAATTAGCTCATGGTGTTTCAAAAGATATTTTAGAATCATTAGAATTAATTATTAAATCAGAAGATGGGCTTAAAGACGATATTCGTGGAAAATTGTTAGAAGTAAAAATGGAGAGATTTGGATTGAGAAACGATGTTAAGGGATTAGTAGTAAATCTATTAGAAAGGAATGAACCTAAATCGTTAGAAGCAGACTTATCTGCAGTGGTTGTTAATGCACCTTGGTTAAGAGAAAGGAAAGAAGAAGGAGGTTATCGCGATTTGGCTTTGGACAAAGTTGAAGACTTAGTTCAAAAGATTATTGAAAAGAAAATCAATTGGATTGAGCATATAGAAATCCTTCTAAAAGGCAATCAAAATCACACATTCTATTTTGCAGAAAAAATGAGTCAAATCTATCCTGATAAAGAGGAAATTCTAAAATATATGATTTTGGCTTACAAAAACATTGATGTGAAAGAACAATCTTCAGTATTTGCATTGGGACTGATTAAAGGATCGGATAATGATGATTTTACTAGAATATTAATCGATGCCTGTCTAACTGATGAAAGACATGCTTTACATGGTATTAGGGCAACCACCGCTTTAAAGGAAATAAAATTTGAAGACTTAAAAAAAATACTATCCATAATTGAAAAACACACAGAATTTTTATATCAAATAGAATATATTAATCTGAGTAACTTAACTAGTGATGAAATTATATCATTTATTGAAAGAGTTAAAGTTATAGATCACGCTTTCTCACTTCAGTTAATCTGGGAATATTTAAGACAAACTAAATTTTCTAAATATGGAGAATTAAATTCTTGGTTAAATGAACTTTTATGGGTAGATGATATCCTATCTTTTCGCTCATCCATTAATACGAGTTTACATATAGAGCTTTTAATTAAGAGGTCGATTGATAATGATCCTTCAGAGGAAAAGATTAAGTTTTTACTTGATAAAATAATTTTGGAGTACAAAAAGTTTCCAGTTAATGATAGTCTAATTGATGTTCTACTATTTTTCCTTTTGGAGGAATATTTTGAGATCTCTTGGCATTATTTAGGTCATTTGATTGCCAAGGATAAAAAATCCACCTTTTCTCAAATGTTGTATTTTTTACAAAAATATAAATTCGATACTAAAAATCTTGTCTCTTGGTCGGAAAAAGATTCTGATTACCCTGCAATTGCCATGAAATTTATGAGATTGCACAGTATGACCGATGAAGGTAAATTAGAATGGGATCCTATTACATTTGATTTTTTAGTTAAAAATTCGAATAATTCTGAAGTTTTTGAAACTTTATACAGACGGTTTTCATCATTTACCATTGTTGGGACAGCAACAGCTGAAAAACTACTTAATGAACGAAAAAATCTTCTAAAGCAACTTATAGGTAAAGGTAATGATGATTTTGACCCATTGACAAATAATCTTATTGAAAGACTAGAAAGTAGCATTAAATATGAAAGAAATTTTGGTGAGAATTACGAATTAGGAATGTAAATTATGGGATTCAACGAACTAAACAGTGTAGAAA
NZ_CP151839.1_gap77	3394017	3398452	4435	AGAAGTCCGCTAAAATGGCGGCCTTTTTAAAGTCACCTGAGCGCGTTGCTAAAATTGTAGAGGATGTTGCTATTCATTTTAAAGAAAAAGTACAACCTCATGGTTTTAAAGCAATGATTGTAACCCCAGACAGATACGCTTGTGTGCAATATAAAGAAGAATTAGACAAGTATTTTCCTGAAGAAGCGAGTCGTGTGGTGTTTTCAACGTCGGCGAATGATGATTTTGATTTCAAACAAAAATGGGGGATTGATAAAAGTCAGCAAGAGAAAATAGTTGATGAGTTTAATGATGGACTATCAGATTTACAATTCATCATTGTGACGGCAAAATTGCTAACTGGTTTTGATGCACCTATTTTACAAACCATGTATTTAGATAAATCTATAAAAGACCATACACTTTTGCAGGCCATTTGTAGAACGAATAGGTTGTTCCCCAACAAATTTTTTGGTCGTATTGTTGATTATTTTGGTGTGTTTGATGATGCTGCTAAAGCTTTGCAGTTTGATGAAGAAAGTATAAAAACCGTTATTTCAAATTTAGCTGAGTTAAGAGATAAATTACCAGAAGCCATGAGGGAAACCTTATCTCATTTTGAAGGTGTTGATCGAACTATTGATGGTTTCGAAGGCCTAGAGGCGGCTCAAAACGCCATTGGCACTAATGAAAAGAAGGATGCCTTTGCTAGAGATTATAAATTCCTGTCTAAAATTTGGGAATCCTTATCTCCAGACACTATTTTGAATTTATATCAAGAAGATTATAAGTGGTTATCTCAGGTTTTTGAATCGGTTAGGCCAGCAGCAGATAATGTAGGTAAACTATTGTGGTTTTCGTTAGGTGCACAAAATACTAAATTAATCCATGAAAATATTCATGTGGGTGAAGTACATAAGCTGCAAGAGTTTGTTTTAGATGCAGATGTTATTGAAAATATTTTCAATAATCCAGATCCTAAAAATGCTAAGAAACTTGAAAAGCTTTTATTAAAACGCTTTAAAAAACATCCTGGAAATCCAAAATTCATATCTTTAAGTGAACGGTTGGAAGCCTTACGAGATCAGGCAGAACAAGGTTTAATCACCTCTATAGAATTTGTAAAAGAGTTATGTAAATTAGCCAAAGAGACCGTTGAAGCCGAAAAGGAATTAGAAGATTTAATTATAGAAAAAACACCCAAAGCAGCATTGACAGATTTGTTTTTAGAGCTAAAAACCGAAGAAACACCAGCTGTTGTAGAGCGTATTGTCGAGGATATCGATGCGATTGTTAGGGTGGTGCGCTTTCCTGGTTGGCAAATTACAAGTTCTGGTGAGCGGGAGGTCCAAAAGTCATTACGTAAAGCATTATTAAAATATAAATTACATAAAGATCAAATGTTGTTTGAACGGGCCTATGCTTATATAAAGGAGTATTATTAATGGAATATGTTTTCAGGGAAATTATTAAGAAATGGCATGAAATAGACCATAAAGAAAAGGCATATAATGAAAAACAAATAACCAATTTATTATACAAACAAAAGATAGACCTAGAGTTGATTGAATATGCTTTAGAAGCGTATAGTTCTTATTTCTATCGTTTAAAAAAGTATTTGTACCTACCAAATTGGGGTAAAGTAATTAGTGATTTTCCTTCCTGGTTTAATTTAGTTGGTGATCAGGACCAAGAAGTTATAAAGGCGTTTATTGATGAAGAGAACGCCATTGAAGAGGATAATTCTAAGTTGTGGATTATAGCTAAAATTAATAGAAAGATTTCAAATTCTAGCTTTGGTTTTTTATATGAAGCCTTAATCTCATTACCAGATGGTACCTCGACACCTGGTCAAGAAGGAATTCCTATAAATTTATGGTGGCGAGAGCTTACAGAGAAGAACAATGTTGAAGGAGTTTTTCTAGCTTACCACAGGAGGCTATCGACTGTTATTTTGAGGGTTTCAAATGAACTATCCGACGCACATTTAAACACGAATTTTAGATTTAAACCAAAACCAATAAACTTTTTAAGGCAAATTAAACAAAGGTTTAATTCCGTTAAGAATGATGAATCCAATTTAACACATAAGTTATTTCATAGAAATGACTTTTTACAATTAGATAAGGAACCTGAAAAAGTAGCTGATTCAAGTATGAATTGTGCTCAAAATGATGCTTTATCTCGCGTATTTTCTCAAAATGTCACTTTTATTTGGGGGCCACCAGGTACAGGAAAAACATATACTTTATCTAAAATAATTACCCAAGCCTGTTGTCTTGGAATGCGAGTGCTTGCCGTTGGTATATCTAATGTTTCGGTAGATGTTCTAGGAAAAGAAATAATTAATGAATTTGAAAATTATAATGAAACTTCATTAAAACTTTTAAATGATAGAAAAGTTTTAAGGTTTGGTTATCCAGTACTTCCAGAAATTGTTAAAGATGATAGATTGTATCCAGATAAGGAAATTGTGGACAGTCTACGTAAAGAATACAGTGCTGTATTAAAAATTTTAAGAAGTAGAAACAATCAAAGCACTGAAAACAAAGCCATTAATAGAAATAAGCAAGTTGTGCTTAGAAACGATATTAAAAAGGTAAACCAAAAAAGAATTGGAGATTCTAGATTGGTTTTTACTACGGCGGCGCAATGTTTTATTGCAGATAATTTTGAAAACGAAAAATTTGATCTTGTAGTAGTGGATGAAGTAGGAATGATGCCTTTAATCCAAACACTTGCAATGTCAGGTCTAACAAAAAACAAGTTTGTTGTAGCAGGAGATTTTAATCAATTAGGTCCGATAAGTGCAGGTAAAACTGAAGCTGTTAATAACTGGTTTAATAGCGATATTTTTCAATATTTTAAAGACGTAGAAGGGGTTGTAGAAGATGTTCTAGTCATGTTAACAGAACAAAGGCGCATGCATCCAGATATTTGTGAATTAATTAATGAACGGTTCTATAAGGGGAAATTAACATCATTTTATTCCGAAAATTTCAAGGAAATTAAAACCTTGTATGGTGAAATTAGCGATCCGTATTGTTTTATTCCTGTGACACCTAAAGATGGAGCACAAGTAAAATTAACCAAAGGAAGATCTAGAGTTAATAGTAAGTCTGCTCAGATCGTTACAGATTTGGTGGAAAGTGTCCTTAAAGGAAATAAAGACATCGAGATAGGTGTTATAACACCTTATAACGGACAAGTAATTGATATTAGAAAAAAACTTAATAATAGAATACTTTCAAATGAAGACCTCGATAGAGTTAAAGTGGGAACGGTTCACTCTTTTCAAGGGTCTGGTTTTGATATGATTATCTATGATATTGTAGATAATTGTGAAAAGAATATTGGGATATTATACAAAGGATTTGGTGGTGAAAGATTAGTTAATGTAGCACTTTCAAGAGCGAAGCATAAATTAATTATTGTTGGAGACCCAAAAGTTTTTACTATTTCTGATGAATTAGAAGAAGTTTCAAAAAAACTAAGATCTTTAATGGTAGAACTTAGGATTTCAAAAAATCAATTATCCTTAAATTCAATAATTAATGTCATAAAATAAATTATGGACCAATCATGAGGTTGGTGTTTTTCAATATCACTTAAAGCCATCGGTTATAGTTATTAGGGTTCGCCTTTTATCCACAATATTTGTACCCAGGAAATCTGAAAAACTTAACTTTTATACATAAATGTTGGGTGTTTGAGTGCGAGGATTTTCTGAATAAAAATTCGACGTAATAAACACGCAACTACTTTTTGTTTTAGTACTTATGCGTAATTATTTTCATATAATGTCACATCTGTTATTCTCTTTCTTCACCAGAAATATATCCAAAATAAATTTCATCTTTGTATTTATTAGTTGCTGATTCAGGTGTAACAAGGTCGAAAGCCATAACCTTTTGAGTTTTAAATATTGGCGGAAGAAAAATTCTTGTTTTCATTCCCATAACTTTAAAAAGAGGTGTTAATTCTTCTGCAGAAATTATTTTAGTCTCTAACTCTTTTGAAAATTGAGTTGAAAATTTAAAATCCGCGTCAGCAATATCAATGGTTGGTGCTTCAATGTTAGCATTAGCTTTTAGTTCAATTTTGCTATTTGAATTGTTAGAAATAATAACCGTTACGGTTTCTGCTTCAACGAGTTCTGTTATAATCACCCAGTTTTTATTCCATTTACCTTCTCTATAAAGATTTAAAATTTGCTCTCCTAACTTTATATTGTCTTTAATTGAAGGTGATGTCGTATTGTTTGCTTTGAATAAAGTCGAATTCTCTTTGCTTAATTCCGCGATAATTCCTACATCTAAATTAGCTAATGAACTTCCTTGTGGTGCAACAGTTCCTGATAACTTTGTCGTTACAGAAACACTCCCTTGGGAACTATGTTCTAATGGGGTTTTGGTGTCATCAGTCCTAACTTCAAAATCAATGCCTCGGTCGGATA
NZ_CP151839.1_gap78	3563855	3567619	3764	TCTGAGGTGTTAGTTGTACATGGTAGTCATAACCACATGCAAAGCAAAGGATCTTTTTATTTTTTTAAGCCCCTTGCAGACTTGCCTTTTAAAAGCAGGGCTTTGTCAAAAAAAGATGTTTTGTCTGACGTAGGAGATATGACCATTGTCGATATTGATGGTGATGGAACACAGGAAATTCTTTTGGGTACCTCAGCACATACCAAAGACACAGGATTCTCAATTTATAATCCCGAAACAGATAAATCAACAGTTTTTAGTACCTCAAAAAAGCCAATAAATTTAGGATTTGGCTATAGGGTGGCTCAACCTACCACAATAAAAGATGGTAATAGTTTTAAATTTTTAACTCTAATAGGAAACAATATTTTGCTATCGACTCCAGGTTTAGATGCTAAAACTACGGAGATTTTAGATGGTAAATATTCTTATAACGATATGTGGAAAGACCCTGCGACTAATAAAATTATATTAGCAAGTAGCCAAAGTGGAGGTAGTTGTATACATGTCATGGATACAGATAATCCGAAATGGAAAAAAGCTTACGAAAATTTAGCGCCACCTGGTAAAATAAGTACTATTCTTTCAAATTCTTCAAAGGTTAGAGAGCGTTTAAAAAGTTTCAAAAAACCTTCATGGGAGCGTGCTCCGTTACCCGTGTATTTAATGTCTGAAAATTTATCTACAGCATTGTCAAAATCGGTTGCTAAAAATATAAGTGAACATTATAAAAGTCCTCTGTTTTTAAATACTCCTAGAGGTGACAAAGAAAATTGGGACCGTTCTACCATGTCTAATAAAGTATATAGTGAGAAGCGCGACCAGCGTATGAAATATGTTTTATCTCAAGAGCAAGTGCTGGAGAATATTATTCCAAAGTTTGAAAACGCACCCGGAATAGCCTATTGGGCTGGTCATGGAAACGACCCATATATGTACAGTTTGGGCACAACAAAGAAGGTAATTGATGCTGCAAAAGGCAAGAAAACTGTTTTAATTTATCCTGAAATGGGCGACCATTCAAAAGATTTTGAATATGTTTTAAACGATTTAATATTTCCCTTAGCTAAATATGCACAAGGTAAAAACACCAATATATTTTTGCGGTCTAAAAATATTTTTTGGCAAGGTGATATATACCACCCTATGTGGTCGCGTTTGGTTTCTGGTGAATTTGCCGATGTTTTTGTGCCTTCTATGGAAGAAACCACCGATAAAACCATGGATTTAAGTATAGCGGGTCGCATGGGGCTTTGGGCAAGTGGTTCTGTAAATAGCTGGGGAACTCGAGGTGCCAGAGATAATACTAGTTTCGACCGTTCGCGTCAGCATTCACACCAAATGCTACCAAATCATTTTTTAAGAACCATGGTTTATCATGTTTCAAGTGGTGCACAATATTTAGATAATTTCCCTGTAGATCAAGATTATATGAGTCTGTTATGGGAATTAATTGCAAAAGGTGCATTATATGTACCACAGCGTGAAGAAATTGTGAGTTTTTCACCTGTTCATTTAAGTATGAAAGAACCAGACCACCATTATATGGAAGATGGCACCAATGTGAAATGGACCACGTTTTACGATTCAGATTTTGAAGATAACAATGCTTTTGTATTTAGCAGGATGAACGGATCTTGGATGGGAGCACCCGTTACCGATTGGGACTTTTCAAAATATGCAGCAGGAGTTAAAGAAAGACGATTGAGCTTTTTGCCATCGTATTCTAACGGAATGGTTTTAATAACACCACCTCAAAAAGGTGTGTATGCCGATAAAAGTGCGGCTCGAGGATTCATTCAAAATCATATGCATCCGCTTTATAAAGATATTTTAAAAGAATATATAACGGACGGTAGAAATTATATTTCAGAAGATGGAAAAGAGACCTTTAAAGCGAATGAATTTTACAAAACGGTTGAAAATAATATAAAAGAAAGTTCCAAGTTATTGCCATTAACGGTTTCTGGTGATGTGGCCTGGGTAGTAGCACAAACCTCACCAAATCATTTAAGGTTAACGATTGTTGATAATGGCTATATTAATCCAGATGATAGAAAAGCCATTGTGACATTTCATACAGTAATACCATTAAAAATGACGGATATTTTAGAGCAAAGTAACTTTAATGTATCTGATAAAAGTTCGGTAGAAGTTGAAATTCCATGTGGTCTTTTCCGATTTATTGACATTGAATTAAAAGATAAACTTTAAGTTAAAAAGTATTTACCAAATGAAAAATTTAAAAATCATTATAAAAGCGGCAATTATTTGTGTAGCATTTACCGTTGTTAGTTGCACAAAAATGAAAAAGGAAGAGATTAAAGTTAGCCAAGATAGACCTAATATTATATTGTTTGTTGCCGACGATCATGGTACAGATGCTTTGGGATGTTATGGAAATCCAGTGGTGAAAACGCCTAATTTGGATAAATTAGCCGCCGAAGGCACTAGATTTAACAACGCATATTGCACCAGTGCAAGTTGTGCAGCAAGCAGGTCGGTAATCCTTTCTGGGCAATTTGGACATGCCACAGGATCGTATGGGCATGTACACGATTATCACCATTTTAGTACCTATGATAACATTCAAACGTTACCAGTTCTATTAGAAAAAGCAGGTTACGAAACTGCACGAATTGGTAAATATCACGTAGCACCAGAAAAAGTATATCATTTTAATACGGTATTGGAAGCCGACCCAAGAAACACCGTTGAAATGGCAGAACAATGTGGCGATGTTTTAAAATCGGATAAACCATTTTTTCTTTATTTCTGTACCGATGATCCACACAGGGGAAATCCTTTCAAGCCAGAAAATTGGGATACGCCTAATAATTTTGGAAATAAAAAAGAAGGTTATAAAGGTTTTGAAACGGTTAGTTACAATCCGGATGATGTTCTAGTTCCAAATTTTTTACCGGACACAAAACAAACAAGAGAAGAAATTGCGCAATACTACCAAAGCATATCCAGAATAGACCAAGGGTTTGGTAAATTGATGACCATGCTTCAGGAAACTGGAAAAGCCAATAACACGATTGTTTTTTATATTTCTGATAATGGCATGGCATTTCCAGGCGCGAAAACAACGGTTTATGAACCGGGTATTAAATTGCCATGCATTATTAAAGATCCTACCAAATCGTCAAAAGGAGCTACTAATAATGCTATGATTTCATGGGTAGATTTAACCCCAACAATTTTAGATATGGCAAAGGTGGATTATAAACAGGAAGCCTTTCATGGAAAATCGTTCGACAAAATTATAGATCAAGAAAATCCCGAAGGTTGGAACGCTATTTATGCATCTCATACATTTCACGAAATTACTATGTATTACCCCATGCGCGTTGTAAGAAGTGGCAATTATAAATTGATTTGGAATATTGCAAATCGATTAGAGTATCCGTTTGCTTCAGATTTATGGGCATCTTCAACATGGCAAAGTATTTATAGAAATAATATAGAATATTATGGTCCCAAGAAGGTTTCAGATTTTCTGTTCAGACCAGAATTTGAGCTCTTTGATTTAGAAAAAGACCCAAATGAGATAAAAAATCTCGCCGACAATGAAAGTTTTAAGAATACTTTACAAGAAATGAAAGATAAACTTAAAAAGTTCCAATTTGAAACAAAAGATCCTTGGATAATCATGTGGGACCATGACAATTCTATGCAAGGTACAGGCGTAAATCTTTAATAGCAGAATTTCAAATATTCTATTGAATTTTATTAACAAAGACAATACATGTATTGACACA
NZ_CP151839.1_gap79	3600699	3604634	3935	AGCTGAAAATCCAGAAATTGTTAGCAAGATGAATGAGATTCTGAAAAAAGAAAGTGTTGTTATAGAGCATTATCCTTTTTCTGGTGGGATTTTTAAATGAATTGAAAATCCATAAGTACCACACACACTGATTGTCTCAAATTTTTATCCGTAAAGACATTAATTAAACACATAAAGACAATTTTATACGTTTAATAAGCTTATTTTGAAATTCAATATACTTTAAAAATGAAAAAATTTATAACCGTACTACTAGTATTAATGAGTCTCATAAATGGTTTTGCCCAACAAAAACCAAATATTATTTGGTTAATGGCGGAAGACATGAGCTTAGATTTAGAATGTTACGGTATGCCTGCTGTTAAAACGCCTGTTTTAAATAAAATGGCTGAAGAAGGGGTTCGATTTGATAATTGTTTTGTAACAAATTCAATCTGCTCGCCAAGTAGATCTGCCATGATGATTGGTACCCATCAAAATAAAACCAACACCCAGAATCACCGTAGCAACAGGGACGTGCCTTTGGATGAACAATTCAAACCGTTTACCTATTGGTTAAAAGATGCCGGTTATACCACTATTTTGGGGCATCATGGGGTTATGGGCAAAGGCAGAAAAATTGATGTAAATTTTAAGCATGAACCCTTAGGTGAATGGGACGGAAAAACAAAATTTGGGCTTTTTGATAAATACGACAACTTTGAAAAAGAAGATCAACCATTTTTTGCTCAAATTCAGCTGGTAGCTTCTCATCGAGGCGATTGGTGGAATGATGTTCGAGCAGAATCAAAGCATCCTGTAAATCCAAAAGATGTCGTATTACCTCCATATTATGCCGATGACCCAATCATTCGGTTAGACTGGGCTAAATATTTAGATCAAATAGAATATTTAGATAATGAAATTGGAATGATTTTCAAGGAGCTAGAAGATAAAGGGATGGCAGAAAATACCATTGTTATTTTTATTGGCGATAACGGACGTTGCAATATAAAAGGCAAGGGCTATTTGCATGACCCAGGACTACATATTCCTTTAATAGTATATTATCCAAAAGAATTTAAAGGAGGGCAAATTAGAAAAGACGTGGTAAGTACTACCGATATTACAGCGTCTATTTTAGATTTTGCTGGTGTAGATATTCCAAAATACATAACGGGCAAACCTATTTTCGAAAAAAAATTCAAAAGAGATTATGTTTATGCTGCTCGCGATTTGTGGGATGAAGTTCAAGAAAAATCAAGAGCCATTACATCCGATGAATGGAAATACATTAGAAATGATAAACCGGAAATGCCTTTTGATGTACATCAGGCGTATTTAGAATTTTATCGTCCCGCCGTTCACATCATGCGAACTTTAAAAGCTGAAGGTAAACTTAATAAAGATCAAGCATTCTTTTTTGAAAATTCCAAACCTAAAGAAGAATTGTACAATTTAAAAAGCGATCCATTTGAACTGATAAATCTAGCTTACAACCCTAAATATGCATCCATATTAAAAAAGCTAAGAAAGAAAACAAAATCTTTTGAAAAAGACATGAAAGCTGTTAGTAATGTATATCACCCAGAGCATGCCACTGCGGTTGATGTTTTAAATTGGGTGAAAACACACAAGCCAGATTTGTATAAACAAATGCAAAATGGGGTGGAAATTGGGTTTAAAAATTTGTCAAAAGAATATAAAGATTTAAAACATTAATTACAATATCTAATCAACTAAAAAACACAATATACCATGCATATTTCAGCTATGAAATCCTCCAAAAGAATTCTTGTTCAGTTCTTAATGTTATTTTCTTTTTTAAGCTTACAAGCGTGTCAAGAAATAGGTGTTCAAAATATAAAAATAAATGATGATTGGAAATTTAAACTATTAGAAGCAAATGATGTTGATGAAAGTAGTTATCATTTAGCTGATTTAAACGATACATCTTGGGAATCTGTTAGTTTGCCACATACAGCAAATTTAGAACCTTTGGTTGTTAATAACCAATGGCAAGGTATCTGTTGGTACAGAAAAAACTTAAATATTCCTGCCTCTTATAAAAATAAAAGACTGATTATAGAATTGGAAGCCGCCATGAACCATTCTAAAATTTGGATTAATGGGATGGAAGTTGTTACACATCTGGGCGGTTATTTGCCAGTTGTGATTGATATTACAAAATATGTTGAAGCTGGTAAAAACAATAATATTGCCATTCGATTAAACAATACCGATAACCCAATTACCGGACCTAAACCATTAAAGATTTTAGATTTTAATATGTATGGTGGTTTGTATAGAAATGCTTGGTTAAAAGTGAAAAATAATGTGCATATTTCCCATCCAGTGTTGGCAGACAAAACTGCTGGCGGTGGTGTTTTTATTACCTATCCAAAAGTTTCAGAATCAGAGTCTGTGGTTCAAATTAAAACGCATATCATAAATGAGGAAAAAGAATCAAAAGGGGTGAAAGTAGTTCATTCTATTTTTCATAAAGGTGAATTGATAAAAGAGCAAATAGCGAATACAACAACCATTGAAGCAGGAAAAGATGAAGAAATTATTGAAAAAATCTCTATAGGAAATGCTAAGTTATGGTCACCTAAAACACCAAATCTATATCAGGTAGAAACAAGAGTTTATGTTGATGATGAAATTATGGATATGGCTTCAAATAAATTCGGAATAAGAGCATTCACTTTTAAAGACAACAAACTTTATATCAATGGCGAACAAACGTATTTAAGAGGCGTTAACCGTCATCAGGAATATCCATTTGTTGGTTATGCCCTTTCAGATAATGCCCAATATCGGGATGCTAAAAAAATAAAAGAAGGTGGTTTTGATTATATAAGATTATCGCATTACCCACAATCTCCCGCATTTATGGATGCTTGTGACGAGTTAGGTTTGGTGGTAGTGGATGCCATTTTGGGCTGGCAATATTATTTAGATAGTGATGCATTTAGAGAACAAGCCTATAAATCGGCCAAAGAATTGATTTATAGAGACCGTAATCATCCCTGTGTTTTGGCATGGGAAGTATCGTTGAACGAAACCAAAATGCCTATTTTCTTTATGGAAGAACTCAACAAAATTGTTCATGAACAATACCCAGGTGAAAAAGTGTATTCTTGTGGTTGGATGAACGATGTGTACGATATTTATTTTCAGGCACGCCAACACCGATTGATGCACCCTGAAGATAATGATGGCTCAAAGCCTTATTCGGTTTCTGAATATGGCGATTGGGAATATTATTCAAACAATGCTGGTTTAAATCAGGATAAACTTTCAAAAACCAAGCGTTACGAATCCAGTAGTCGTCAAAAGCGAGAATATGGCGAAGCGCGGTTATTACAACAGGCTAAAAATTTGCAAGAATCACATAACGATAATATGAATACCTCGGCATATTCAGATAGTTATTGGGTAATGTACGATTACAATCGTGGGTACCATCCCGATATAGAGTTTTCTGGTGTTATGGATATATTCAGAATACCAAAATTTGGATACTATTTCTTTAAAAGCCAAAGAGACGCTTCAGATGAAGTTGTTTTGAATATTGCCTCTTATTGGAATGAAAAGTCCCCACTTAATTTAAGTGTGTTCTCAAATTGTGATGAAGTAGCTTTGTATTTGAATGACGAATTAGTGGAGAGGCGCCACCCGGATGTCAATACTATTTCCAACAACTTAAAACACCCACCATTTACATTTAATATGCCTGAGTTTAAAGCAGGCGCGCTCAAAGCCGTGGGGTATATTGATGGAAAAGAAGTAGCTGAACACCTTGTGCAAACACCCAAAAAACCAACGGGTTTAAAAGTTTGGCTGGATGAAAGTGGCGTAGCACCACAAACAGGAGTTAATGATGTTGTATTCTTATACATGGCAGCTATTGATGAAAACGGAACCATAATACCAGATTATTCAGAAGAAGT
NZ_CP151839.1_gap80	3608377	3609238	861	TTAGATCTAACTATGGTTTAGAGATTAATAATGGAAAGGTAGATAATTTTCAACCCGCGTACTTTATTTCTGCAGAACAAAATAGACCTGTAAATATCTATAATTTATTAAGGTCTGAAAGTAGAGTGAATGTTTGGTCTAATACCTTAAATTATAATATAGCATTTAAGGAAAAACATAGTATCAATGCTTTGTTGGGGCATGAGTTGCAAAAATCAGATTTTAACAATGTTTTAGCCTCCAGAAGTGGAATTCCAGATGGTGTAGAAAACCCTACCTTAGGAGCAGGAGCGGTAGATTCGTCAACAAATAATGGGAATATTGCGAGTTCATCATTATTGTCTTTTTTTGGTAGATTAAATTATAATTATGACGAAAGATATTTATTTACAGGTACTTACAGGTTAGATGGTTCTTCAAGATTTGGCAAAAACAACAAATACGCTCAATTTCCATCGTTAGCCTTGGCGTGGAATGTTCATAAAGAAGGTTTTTACAATATTGATGCGATTAATCAATTAAAGTTCCGTGTCGGATGGGGGGAAACAGGAAACCAAAATATACCAAACTCTGCTATCTTCAGTACGTTGAGCACTAGCCAAAATTATTTATTGGGCAACGATGAAACAACAGTGGTTGGTTTGGCTCCATTAAGGCCAGGTAATCAAGATTTAAAATGGGAAACTACAACTACCACAAACATTGGCTTGGATTTAGCGTTGTTAAATAATTCTATTACGTTTACGGCAGATTATTTTGTGAAAACAACTTCTGATATGTTGTTGGAATCTCCCATATTACAAACATCTGGATATGGTTTAAACCCAACAGTAAATGCCGGAGAGATTGAAAATAAAGGAT
NZ_CP151839.1_gap81	3610315	3611450	1135	TGACTTTTGGGGCACTATGGGTAACGATGTTATTTTTGGTGAAATAGGTACGGACGACTTTATTAAAGGTGGACGTACGGCAGAAAACAATGCGCCACTATTTGAGAGAGACAATTGGGCAATCACAACATCAAACCCAATAATAGAACAAATGTGGAAAATAAACTATAAAGGTATATTATTTGCTAATTTGGTTATTGAAAATGTACCAAACATTTCTTTTGAAGATGAAGTAAGAAAAAAGGAAATTTTAGCGGAAGCTCATTTTCTACGTGCTTTTTATTACTTTGATTTGGTTAACTCTTTTGGTGGCGTACCAATTATTAGTAAGCCTTTAAAAATTGGAGAATTTAACGTTCCAAGAGCTACCAAAGAAGATTCTTATAAACTTATTGAAGATGACTTAAAAATTGCAATTGCAGATTTGCCATCAAGATTGGATAGAGATGCTAGTTATACAGGTCGTGCTGATAAAGGAGCTGCTTTAGGAATGATGATGCGGGTGTCTTTATATCAAAATAAAATGGGGCAAGTAGAGACTTATGGAAATCAGTTATTTGCTTTAGGTCATGAGTTAACACCAGACTATGCTACAATCTTTCAACCAGAAGGTGAGTGGAATATAGGTTCTCTTTTTGAAATTAACTTTTCTTCAGATGCAAGTATATTAGGAACAGGAATACCAAAGCGTGTAAACCCGAACAGCAACAGAGGCGGGGGATTTGTTCAAGCAAGAGTTGATTTGAGGAATGAATATGAGACAAATGATCCTCGATTTGGTGCTACCTTGTTTTTTAAAGATGCTCCTTATGGTACAGATTGGTATGTAAGAAAGTATGCTTGGGCCCCTTATACAAATTATGAAATACCAACAATAGGAGGTGATAACAACAGTGCAAATAATATTCGTATTATTAGACTTGCAGATGCTTATTTAATGTATGCAGAAGCCATTTATAACACAGATCCTACAAAAGCAATTGAATATGTTAATAAGGTTAGAACAAGAGCCAGAGGCACAGCATTACCTACTGTAGTTCCTAATCTTCCTGATACATTATCAGGACAGCCTTTGTTAGATGCTATTTACCATGAAAGACGCGTAGAGCTTGCTGGTGAAGGGTTTAGATTTCAC
NZ_CP151839.1_gap82	3629573	3633179	3606	TCCCAAATATGAAACTGCATATTCGCCAATCATTGCAACAATCATACATACCGTAACAAAACAAATGAGTGTTCGAAATTCAAATCACTCATTTCTACTGATGGAAGAAGCACCCACGATTAGGTTATTGAATATGCACCGAATTCCAGCCACATTGCGTAGTTATAATATCTCTACAGTTTATGTAATGCAAGACAAAATTCAAAATGATATGATGTATGGCGATAAGGCGAGTAAAGCGATTTTAAGCAATCTGTCTTATCAATTTTTTGGAAAGGTTAACGATCCAGATACAGCAAAATATTATGAACGTTTTTTTGAAATTGTGAAGAAAGAAACCACTAGCGTCAATCGCGGTCATAACCTCAATTTTGACACGCGTATTACTACAGGAGAACGTGAGGTCGCTAAAATAAGAGCTGATGTGTTTTTTAGATTAAAAGAAGGGGAGTTTATAACATTTGCTGATGGTGAGGATAAAAAAGTGCAATTCAAACTATCTAAAATTGATAGACGGTTGCCTGTCAAAACCCAAAATTATACTGAAACCGATTTGGAAGAGAATTTTGAGAGGATTTATAATGAAGTTCGATCTATTTTTAAATAGTTGATGAATTTAATCTAAAACAAACTAAAACTAATACTGGAACAATTATCGTGTATTTTAGTCAAGTAAATAATAGAAAAAACTTGACAAATATTGTTAAAAATGATTATCTTTGTACTATCAGGACTATGAATATAACAACATCCATAAAAACAAAAGTTGCTCGTATAGATACTGGAGAAGTATTTACATACGATACTTTGTCTATTGCCCAAAGTGAATTTTCTGCTGCAGCAAAAGCTTTAAGTCGAATGGTTGCTAATGGAGTTATCAAGAGATTTAAAAATGGCATGTACTATAAGCCCAAGCAAACTGTTTTTGGAGAACTACAGCCAAGAGAAGAGGTTTTGCTTAAAAATTATCTTTTTGAAAATGATAAGCAGATTGCTTACGTAACGGGTGTTAGATTATATAATCAACTTGGACTGACCACGCAAGTATCTAATGTTGTGAGATTGGCAAGCAAGGATAAGGAAATAAAGACAAAAATTGGAAGTTTGGTTATAAAACCTGCTAAGAGTTATATTCCAGTTACAAAAAAGAATGTGCCCTTATTGCAACTCTTGGACGTCATGAAAGATTTTAAGAACATTCCGGATATGGATAAAAAGATAGGCATTGCTTTTCTAAAAGATAAAATAGAAAGCCTTTCGGATGACGATAAAGAAAAGTTGACCAATTTTGCAAAAGCCTACCCACCAAAAGTTAGGGCTTTATTGGGAGCCATTCTTGAAGTTCTTTCACTTGATGATTTGAGTGAATCTCTTAAAGAAACCATTAATTATTTGAGCAGTTATAAATTTGGAATTTCTGAAAAAACATTGCCTACCATCTCAAACTGGAACATCACCTAATGAAATTACATCAATATAAAGGTGCCTTTGAAGGCGCCATTGTCGCAACTGCACAACATTTTGGGATTTCGGAAGTCTATATCGAAAAAGACTATTGGGTAACGTTCGCTCTTAAGCAGATTTTTACAGATGCGAATTCTAAGGACATCGCGGTTTTTAAAGGCGGAACGTCACTTTCAAAGTGCTTCGGTATTATTGACCGTTTTTCAGAAGATATAGATATGGTAGTCATCAAGGAAGAAGCCGAAACGGACAATTCCTTAAAACGAAAATTAAAAAAAGTAACCAGTGTTTTAGAAGCTGTTATGACTGAAATTCCAGATCATCCGTTGGAGAATAAACGAGGCAAAATTAGAAAAATAGTCTATGGTTATGACAAGGTAGGTGTTAAAGGAACGTTTGGGCAAGTTAGGGATCAAATTGTTTTAGAAGTTTCAAGTCTTGGAAATTCGCATCCTTCAGAAAAAGTCGAAATACATTCAATGATTACACAATTTATTGCTACAACCAATAATCCAGATCTTATCAAAGAATATCAATTGGAACCCTTTAAGGTAACCGTAATCAGTATTGAACGTACTTTTTGCGAAAAAATAATAAGCCTTGTTAGATTTTCTTATACCGGAAATCCATTAGAGGATTTGGCGAACAAAGTCCGTCACACTTACGATTTACATCAATTATTACAGGAGAAGAGAATTTCTGCTTTTTTAAAATCAAATGATTTTGAAACAATGCTTATTCAAGTTGGAAAGGATGATGACAAGGCCATTCCAAATGACAAAGAATGGCTGTCCAAACACCCATCAGAGTCGTTGTTTTTTAGTGAGACAGAGAAAGTTTGGGAAACAGTAAGTAAAACTTATTCAGGCTCTTTTAAAGAGCTATTAACAGGGGAATTGCCTGATGAAAAAAAGGTGCTAACATCTTTGCTGATGATTGGTGAAAGGATACAATCAATTAAATGGAACATTATTTAATAACTCAAAAAGGCGCTTTTTCCTTAGAATCCCTAACCGTAACTTTCCATACACCATCCTGTTTTACCAATTTAAAAATTCCTGGTGTTTTATCATAAGAGGTCGAGTATTTTACCCACGCGACCTCGCCATCAATAACTTCATCGATAAGTTTAAAATTAGATTTTGAGCCTTTAGGTTTGGCAAACATTTTTTGAAGGTTGGAAAATGTAGCAAAGCCTTCTGGCGTTGTATGTTTTTTAAGCATGGCTTCGTCACTCTGATAAAAGCTTTGAGCAACGATCTCTGCAACGGAAGCAGGTGATGAATCTTGTGTGCCTGCACAGGAAATGAATAAAAGTACGAGTGAGCAAATGACTATTCTTTTCATGATATTATTAATTTGGGTTGTTGATATATTTATGTGATATTTTCAGTTCAATATTTCTTTCGCCATCTTTCTCGTTCAGTTCTAAAATCACCCTTCTGTCATTAGATAATGAAAATTTCGGCATGACATATATGAATCTTACCGTTTCATTTACTGCAATTTTAGAAGGTAGATTATGTTTAAAAATGGGCTCTTGATACAAACGTTGTAAAGATTTCTTTTTTCCTTTTTGTCGCGTTTCGATGGAAAGGTTCAAGAAATTCAAATCATAATCCAAAGTAGAATTGTTCCTAATTTGAATAACGAAGTAGAGCTCTTCTTTATCAAAAACAATATTTTCAAGCCTCATGATAACACCATCATTTCGTCTTATATACCTTCCAAGGTATTGTCTTCTGTCAAGAAGATAAGAGCAGAATTTTTGATAATAATACGTGTTGTTATCAATACTTTTTTCAGAAGTTTTAGACTGAATTGAGTCTTTATCTTTTGGTTTTTCATTCCCAATACTTTTAGATAACGGGACAAAGTAATTTAGTTTTGAAAGCTGCGCTTTATATCTTACAATATACGAAAATATTGAACCATTTCTATTGATTACCAGTAGATTACTTTCTTTTCCTGGTTGCGCTTGCAGTAAACCAAAGTATTGCTCTTTTTCGCGATTGTATGTGAATACAAAATTTTCTGAACCTGTAATGCCTTGTCGTATAGGTTCTGGAAAAAAGAGTGCGACATTTTTGCTGTCGTTGGCATAAATAGTATCAAGTATTTCTGTTGTTTGTGCTTCCACTA
NZ_CP151839.1_gap83	3634759	3636154	1395	TGAATTAACTGGTAAATAATCTGAGTGTAAAAGATGTGGCGCGTTTGTATAATTTGAATTTCAGGAAAACGATAAAGCCTACCGAACCAAGTTGTACGACAGGTGCGAAGAATCCTTGGCCAAAATCGGTACCAAATAAATTGGTCCAGAAATTGGTATTTATTTCAGTATATATGGCGTTGATAAACACATTGACCAGAAAAAATGCAGGCACAAGCATATAGACAGCGGCATACAGTTTAAAAAATGTGTAGGCAAGTGAACGAAACTTTTCAAATACAGCCAGACTTATAACCAATGGAAAAAATGCTTGCATAATCCCTAAAAGAAAGAAGCGTTCTGCTAAAAAAAGAGGGTAGATAAACAGGTCAAGAATCCACAAGATGGTACTGAGCATAAAAGCTATTATCTTGAATCCATAAAGAGGTGTGACTAAAGCTTCATAAAGCAATGTCATTGCCATACTTGCTGCATCCAATAATCCGACCTCTTCTTCAAGCGGTACATCCTGTAATTGTAATGGTAATAACGCAGGTGCAGTCCCTCGATATTGTCCTTCAATGGCAACTAAAATACCGTCAAAAAATCCTAACACCTGCGTTGAAAATATTACCAAGAGTACCACAGCAAAATTCTTTGCCAATTCGCCAGGACTCAATCCCCAAGAATAACCGTCCTTATCCGCAATACCTTCATTGTACTTTTTTAGGATGTTTATCAGGAAAAACAACACAGCAAGCGTTTTCATTCCTGCAATGGTATATTGTGAAAAGCTGCTATTCTGTATGGTTTGAAATATCGTATCGATATATTCTAGCCCAATACCTAAAAGGATAACTGCGGTCATTTCTAATAGTTCATTTCTCGATTATTGACTTTATCCTGCATTTTTCTGAAGGAAATAATATCCTTGTAGCGTTTGGTTTTGGCTTTGATGTTAGAGACCATTTCTTTTGATTCCAACTCTTTTTCCTTGAGTATTTCGGTGCGTTCCGCATCGGTCATTTTTAAGAAATCGCTGGATAGAATTTCGTCTATAAAATCCATGGTGTCCAAGGAGTTTTCTACGATGGCAGTGAATGATTCCGAAACCCTTGTAACTTCATCGGGCTTGATGTAAGGACTATCAAGAATATCCCTTAAATCATCCTGCATCACATCGATGAGTCTTTGGTTGTTCCGACCAATCTCACGAACTGCATTCAATTGCCTAACCACATCGTTGACTTTTTCAATGTTTTCTTTTGCTGTTTTTAAAAATTTGACAGTCTTGATAATGTTTGCGGTTTGCTTCCCAGACTCTAATAGTTGCTTTATTAAACTAATAAAATTGGTATTGTCATAAACTGGCATTCCCTGTGCTCTCATATTCAAGCTAAAGAGAATTGCCATAGC
NZ_CP151839.1_gap84	3812113	3815065	2952	AACTAATTAATTTTATTTGTAATCACCCCATCACGAGGCGCGTCATAATTGATAGCGCTTTCTATCCAACTTATTAATAGTAGGTTTATCAACCTGGAAATGAGTTCGAATTTCTAAATAGATTGATAGAAGGTCTTTCATTTAACAAATTCAGGATGTACAGCGAAATTTTTAGAACTGAGATGAAACTTTCTAAAGAGAAATTCAATTCAACAACATACTAGAACAGTATGCGCCTCCATTTAAGAGTTTTTATAAGATAGTCAATTTCTAATGAATGGCCATACTATAAAGAGCTTTTGTTTGTTTCAGTTTATTTTGAGATGTCACCTGTGCCTTTATCTTTATTTTAATTATAAATTATCCATTCGATTATCCATAATTAAACATGTATCTTTAAAATTCATATTAAAGCTAAAATGACATTCCCATTATGAAGTACCTTTCCCTTTTTTCATGCCTGCTTGTTTTACTATTAATTGGTTGCAATGAGGTTAATCCTAAGAGTGAAAAAGAGGTGCGTACTTTTGTAAAACAATGGAACGCTGCCCATACACCAATAAAGTCACCTTACTTAGATCGTTACTATTTGGATGTAGTAACCTATTACGAAAAAGAGTTTACTAGAGACCAAGTACAGCAAGATAAGGATGTACTGTTTCAACAATTTCCAGACTATACACAGCGTATTTTTAACGACCAATTAGAAATCACGAAAGTGGAGGGGAGCTTTTTAGTAACGTTCATCAAACAAGTTAAATACAAGGGAATAGAAGCCGATTACCCCTCGTATCTTTCCTTGACGCTTAAAAATGGTAAATTCAGAATACTTCGAGAAGGCCTATCTAAAACCGCGAAAAATATAGATGCACCCATTTTTCCAAAAGCGCGCGAAAATAATGGGATTCTCTCTAAAAACAGGCAACTGTTTGGCGATTTTAATGGGGACGGTCTATCAGACTATGCTACGGTAATGGCTCCAGAAATAGAATCTGCTAGGAATACCCAAAACGGTGATGCCATACCATGCAAAGGAGAATGCAACAGTGTTATCCTATTTAGTAATAAAGATCTCAAGGCCATCACAATAAAAGGGGCATACCAATCGCAACTAGAAAACCTTAAAGATCTAAATAGCGACGGTGCCGACGAGATTGGTTTTTGGGATATAAAGCCTACAAGTAAGACCCTTTATGTTTTTAATCCATCTAATGGAGCTTTACTCGCCGATCCTATTGTAATTAATACCTCCGTTCATAAAAACATGAAGCTTATTGACGTTTTTAAAAAAACAGGCGTGAATAGAATTACAGTGACATTCAGTGAGGAAGTCGATGGGAAGTGGGTTTTAAAGAATAAAGTGATTACTCTAGATTAAAGCAAAAACGGAAGTATTAGAGAAAAACCTAAAGCATTAAATACAAATACGTAACAGTCTATCACCTTTGTCCGGAAAACTCCATGGCTTCCCCTTTTCCGAAAGCGTAACTCACCCCAAAAACAATAAACCTACCGCGTTTAGAGCTGTTTGATGTGTAATAGGTAGGTTGTGAAACAATACGTTCGTCAACGCGGGTTGCAAATACATCGCGAACACTTAAATTCAGAATAAATTTCCCTTTTAAAATCTTTTTTCTTACGCCCATATCAGCAAAAAAGTTATCTGATATTTCACCTTGAACACTAGCAAATTTAGAATTATAATTACCAGCCACTTCCAAATCAAACTCTTTAGGTAATTTAAATTTTGAAGTAAGGCTCGTTGTCCATCTAGTACCTTTAAAGTCGAAAATTTCTAATTCGAATTCACCTTTTCTGTTAAAATAATTGATGTTAAAATCGCTTGTAACTGTAAACCATCTAGCAAAAGTGTATTTACTATTAAACTCAAAACCAACCGTGTTGCTGGTACCAATATTTTCGGGTTGCGAGGTACTTATACTGTTTTCAAAACTTATAATATTTTCAACAACATCTGTCGTATATCTGTTATAAAGGCTGAAATTCAATGATGCTTTTTCTAATTTGTGAATACTTGTTAATTCAAAAGAATCGGTGTATTCTGGTTGTAAATCGGGGTTTCCTCTAGAGATACTATAGTTGTTTCTAATATTATTAAAAGGGTTTAGTTGCCTTAATCCCGGTCTGCTAATACGTTTGGAATACCCCAACTGTAACGAAAAATTATCATGTATGTTATAAGAGGTATGGACACTCGGGAAGAAGTTGGCATACGATTTTTTATTAAGCGCATTCGTTGTTTTTAACTCCGTTGTTAAGTTGGTGCTTTCAAGTCGTAAGCCTAGTTTTAATCCCCAAACATCATCCTCAAAAGCCATGGTACTATAAAGCGCAAATACTTTTTGGTCAAAATTAAAAACATTGGTTAAATCAGGATTGCTAATCCATTCCTCATTAATAAAATCGCGCACTTCAAAATCGTTGGACACGTTATTGATGTCGTACTGAGACCCCGTTTCCAGCGTGTATTTTTCTAGAAAAGGATGCGTGTAATCGAGTTTAAAAGTAAAATCTTCCAATTTATAATCGGTCCTTGTTTCTTGTAAGGTGTTTGGCTCATCACCAAAAGAGGTGGTGTTATTATATATCGATTTTTGGTCTTTGGCAAAGCTATTTCCTAAAGCACTAAACAATAAATCTTGGTCTTCATGCCGTTTAAAATCCTTTTTATATTGCAACTCGTATCTAATTTTTGGGTTGGTTGCTTCGGTATTATCTTGTCGTAACCAACTATCCGTTCGGGTGGTTTCCTCAAAAAATTTATCAAAATAAGAGTTAGCCAATTGATCTTCTATTTCAAAAGCATAAGTTCCAGAAAGCGTCAATACATTTCGGTCGTTAATATGAAAATCGGTACCCAAAAGTAAACTCCCAAATTTTTCATTAAAAGTGCTTCGCTCGTTATTTGTTATGGTAGAATCGTTAACAAAA
NZ_CP151839.1_gap85	3818369	3821154	2785	AAGGAGCTTTGTATGGTAAAAACGCAATTGGAGGTGCCATTAATATTTATTCAAAAGAGCCCACTAATACATCAAGACATAATGTTACTTTAGGTTATGGAAATGGAAATTCTATTTTAGGAAAGTTTGTATCTACTGGAGCACTTGTAGAAGATAAATTATACTATCGATTCTCTACACAAGTTCAAGATTTTGGTGGTTTGTTGACTAATGAGTTTTTAAATGAAAAAGTAGATTTTGAAACAAACTTTAATTTAAGAGGACAATTGATAGCACGTTTATCTCAAAATTTTAAAATAACTGGAACATTCCAAACGATGGATGTTAGTGCAGGAGCTGCGCGTTATTCTGTTAACCCAACAGGAAATGTTTTTGTTGATGGAGCACCTGGAGGAACATTAAATCCGAACCCTGAAAGTGGAAATAATATTATTTCACACGATGAATCTGGAAAATCAGATATTCAAAATTTGTTTGGTAGTCTTAATATGGAGTACACCCTAGATAAAATAAAACTACAAGGCATTACATCTTATAATTATGTTGACAGATCACTTTCTGGAGATTTAGATTTCACACCGTTTGATGATTTTACTCAAGGTGAAACTGCCGAAACAAAAACATTTAACCAAGAGATAAGAATAAACAACTTGGCTTCAGATTCTAAATTAAATTGGCAAGCAGGTGGTTTTTATCAAAATATTGAAAAGCCATTTTTTCAAGATGGTTTAAGTAGAGATTTTACTGATTTTGAATTATACTATGGTGTTGCAGCAGATGTTATAAATACTACCAAAACATATGCTCTTTTTGGGTTTGCAGATTATAAAATCACAGACAAATTAACAGCTGCTGTTGGGTTTAGATATGATAATGACACGTTTGAACAGCAAGATAATTTGGCAAATGAAAATTCTAAAAGAACCAATAGTATTCTGCAACCAAAATTATCTTTATCATACCAAGCAACAAAAAGCGCTCTAATCTATGCCAATTACGGTCGTGGCTATAGAACGGGTGGTTTTAACCCTGCAGTGACAGATAAATTTAATAGAGGATTTGAAGATGAAACTACCGATAACTTTGAAGTGGGTTTTAAAACCTCTTGGTGGGAAAATAGATTTATCTTAAATGGTTCTGCATTCTATACAGATTTTACGAATCAACAACAATATATATTTGACTTAAATACTTTTTTTGCAGGAAACTATAATTATGATAAAAGTAGAATTATTGGTTTTGAATTGGATGCAAAAGTAAGACTTACAAAGTATTTAGATTTATTCGCTAATTACGGTTTTGTAGATTCTGAAATTACAGAAGGTGGTACAACTGGTGGTGTAGATGGTACTACTACAGATTTGAATGCTTTTAATGGTAAGAAAACACCCTTTGTTCCAGTAAATAACTTTAATGTTGGGCTTGAATCAAGTTTTAAGATTAATAAGAAAATGGGGTTTACCGCCATTGTTAATCTAAATAGTACTGGTAAAACATATTGGAATGAACTTAATGATGTTGGGGCTACAACTGATGCTTATCAATTATTAGATGCAAGAGCAATATTGTCAATAAACAAAAAAGTGAAATTTACATTTTGGGGCAAAAACATTCTAGACAAACAATATTATACCGAGTATGTATCAGGTGCATTATTTGGTGGCTTTGATGATTTTGCTTGGAGAGGAATGCCAGCAACTTATGGTGTTACCGCTTCAATTGATTTTTAAGTAAGTGTTGATTTTTTATTAATAATTTGATTAGTAATTAAAAGGGAATATATACAAAGCTTCCCTTTTCTTGTAATAATGTAAAAGACATCAAGATGGATAAAAAAGAAAAAGTAGCCAAAAGGCTTATAGATATGTTTCAAATTAAAAAAGGAGAGACAATAGCGATAACAGAAGATAATAATTCTGAACCTGGTTTAGTAGATGCCTTATTTGCCGAAGTTATTAATGTAGGAGGAAAGCCGTTAGTATTAAAATTTAAACAAGCCAGAGACAATGGTCAAGCAGGAATTATGGATTGGCCAGCAGAAGCATTAACAGCTGCACTTTCTAATGTAGATGTTTGGATAGAAACTAATTATGCGTTTTTATTATATTCAGATATCTGGGAAACAGTAATGAATGTAAACAAAAAATTACGTTTTTTAACAATTACACAATCTACAATTCCATCTTTAGAACGTGTGTTTTGTGATTATGAAGTTACAGATATGGCTACACTTTTATATGGATTAAAAGATATGGCTTCAGCCGCTAAAAAAGTAACCATTACGTCTGTTAATGGCACAAATGTTTCTTTTGAAATTGAACCAAAATTCCCTTTAGATTTGGACGATGGCGATTTTTCTAAACCAAAATTCATGACTGCACCAGGTTATTTAAACATCGTTCCGAAATGGGGAACAATGAATGGAACCATAGTTTTTGATATGATAATGCACGCTGATTTATCAGATAGTTCTACCGTTGAATTTACAATGAAAGATGGAAAGATTACCGATTTTAAAGGTAGCAAAGGACATTTATTAAAAGACTATGTAGAAAAATTTAATGAAGAGAATATGTTTAAAATTTCTCATATGATGATTGGTGCCAATCCTGGCGTTAGAGAATTAAGTTATGAAATTGTAGAAGATGAACGTATTTGGGGAGGCGTAGATTTTGGTTTTGGACATACAAGTCCAATAGATATGCCACCTTTAGGGCAGCCAGCAACTTCGCATTTTGATGGTGTAGTAGAAAAGGTAGACTTTTATTTTGATGACATTCAAGTT
NZ_CP151839.1_gap86	3827325	3828651	1326	TGGAGATTTTCTTGGAATAGCAGGAGCGACTGCGTCTCGTCCTATTGATGAAAATGGCGTAGCCACGATAACTTTAAAAGTTCCAAATATAGTAGAGCCAATGTTTTTTAATGCAAAGGTTTCTACAAATTCCACAAATTACTTTGCAGAAGCTTCTATAGAAACAAATAGGGCCTTTGCAGATAATATTATCATTGAACCATCTACTGTAGTAGTTACTCAGCCATCATCTGTAACTTTAAGTACATTTTTATTGCGAAATAACGGATTAGTAAGTGTAGGAACTCCTGCCAATTTTAAGGCGTTTCAAACTGTTTTAGATGAAGAAATAGAGGTTGGAAGATTTACAGGTCTTAATAATGCTAAAACAGACCAAGACGGAAAAATGAATATTACTTTCCATACAGATACTGGTGATATTAATACTACAATACCTGTAACCATAAGAGCGTTGACAACAAATGAAAATAATGAAGTCGTTTCAATGAATGTCAATTTAACCGTAAATGAATAATTTAGTACATATTAACTAACTAAAATTAGAATTATGAAGATGTTAAAAAAATATTGGTGGCTTTTAATAACATTTCTAACCATTACCTTAGTATTTATTATTGGCTACAAAGGTGATCTTCCTGCATTAGATTGGCAAACTGGAGATACTTTAGAATTATTAGGTGGTGTTTTTGCAAAACTGTTTATTGTTGGTGCATTGCTAGATCAATTAATAGAAGTCTTTTTTCCACAAGATGAAATAGACATCCAAAGTAGGACACAAGCTCTAAATGCACTTTCTATTGTAAAAGATAATGAAGCACTAATACATAAAGAGATTTTAAGTCAGCAGTTATATGGCTTAAGCAAAGCTACTACAATGGATTCAGTAAAGAGTTTAAACACACAACTCACAACGTTTTCAACGACCAAACAAACAGCAGAAGATAAAATTGCAGAGATTGATGAGAAACGATCATCACATGTTAGAATGATTGCTTTTGCAGCTGGACTAGTTTTAGCTATTACTGGTATTACTATTTTGAGTGATTTTATCGATATGACTAATAAAGGTATTAATCATAAAATACTGTCGTATATCGATATTCTTTTTACTGCTGCAGTACTTTCGGGAGGAACGTCTGGTATTAACAAATTACTAAAGATTATAAAAGACTCTTGGAAGAAGAGTTAAAAAACAATATTGTTTAGACTAAATATTACACTTTCATAATTTAATATCTGAGAAGTAAATGTTTATGGAACACTTTTTATGCGACGACGTAGGAGGGAAGCGTAATGTGTGTGGAATGTTTTTGTATATATAAAATA
NZ_CP151839.1_gap87	3831489	3832385	896	CAATCGAGTGCTTGGTAGCGGCTATTTTACATAACAACAAATTATAGATACAAATGTTTTATAAACGCTGCGAAGCAAACCGCTTATTAGTTTAATGACCCAAGTTCGTATTACTGTAATGGAATACAATGTTTCTGGGATATTTTACATAATACTACATTATAGCTATCAAATGGACTTCTGTCTTAAATAACCGAATGATAACATTTGTACTATAATTAATATTATGTAAAATAGACTTTCTACAAACACTTCTATTACAATGGATTACATAATATTTTACAAATTATTAAAATCCATATAATCTAGAACCTTCTTTTCCCCGTAATTAATAGTAAACAGTTAAAAATTATATTATGAGGAAAGTATCGTTGGTAGTTTTGGCTACTATTTTTATGACAGCATGTGTTTCAAAGAAAAAATATGTCGCTCTAGAACATGAAAATGGTCAAATAAAAAGTGCTTTAACTAAAACACAATTTGAAAAAGAAGAACTTGAAACTAAGTTTGCTAAAATTGAAGCGCGTGTGGAAGCCTTCAATACTAAAATAAATACATTAACAGCAGAAAACGACGTAAAAATGGAATCTGTTGGTAATGTGGCAGTCATTTCTAACGAAACAAAAAAGAAAATGCGCCATACCTTAACTAAGGTAGACCCGAATAAATTAAGACAAGCTACGACTCTAAAAGATTCTATGAATTTAGCCGTGTCTTACAACTTAAAAAAATCGTTCGCTAACAGTAACTTAAACGAAGATGAAGATATCGCTATCGATATTGATGAAACGGTGGTTATGATTTCTATTTCAGATAAAATGTTATTCAACACAGCGAGTTACCGTATTAGCAATAAAGCAAACAACATACTACAAAAATTGGCAGACGTTATTAAT
NZ_CP151839.1_gap88	3833398	3834162	764	GAAATGTAGTGGCTTACGGTTCACTGCGGTTACTACGGTTTTTAATTTATGGCATCGTTATTTTTCACGCTTTTTAAAAAGCACAATCACATCTGCATTTACACACAAATTTAATTTCTATGTTTTCATTCGTTACTATATTTAGAGCTATAGCCTTTTTAGAAGGGGTTTCATATATTTTATTATTATTTATCGCAACACCTATCAAGTACTTTTTAAACGACCCACAATACGTAAAATTACTAGGTATGCCGCATGGTATTTTATTTATTGGCTATATTATTATGGCGTTTATGCTTAAAAAGGAATCTCACTGGAACACGAAACAGTTTGCTGAAATAGTGATCGCTTCTATAATTCCGTTTGGTACTTTTTATATTGATAAGAAGTATTTAAAATCTCTTAAAAATGGATAAAATAAAACATTTTATATACGATTACCTACTCACGCTTGGCTTGACTGAAACAGGTGCAAAATACTTGAATGTATTAGGACTTATCATTCTTTTGCTACTCGTTATTTTTATCATAGATTTTATTATTAGAAAGGTGCTTATTGGTGTGTTTTCACAATTTGCTTCTAAATCTAAAACCAATTTTGACGATTTATTAGTTAAAAATAAAGTACCCAGAAACATTGCCCACATCACGCCCTTATTGGTGGCTTTAGAGTTTATCTCAGATGTATTTTATGATTTTCCTGGTTTTGAAATGGTCGTGGAACGTGGTTTAAAAGTATATGCCATCATTTTAACTTTATGGAT
NZ_CP151839.1_gap89	3863908	3865531	1623	AGTTTTTTGTTTTTTATAATAGGTTTGGCAAAAATAGGAAAAATGTACTAAACTTTTTCAAATGCGCTTTCTTATTGTTAAATACTGATTTACAGATAATTAAAATCGAAACCATATAATTAACCGTAAATTATTTGCTTATTGCCTCTTTTGGGTAACATATATAGTACTTAGTTATTGGTTTTGATAGCGCTTTTAGATTAAGCTGATCGGAGGCCTTAACAATGTCTTCTACTTTACCCGATTTGTGCAAAATATTTATCCCTGTATGATTATTTTGATAGGCTTGATTTGAAATGCTACCAGAGAACACAAAATATTTCGCTTCCTCTTCAGTAACATTATATGTGGTAATCAACTTTTGTAAATGTTTGTGTAAATCTTTTTCTTTTATAGGCTTCTTTTTCAGCTTGATAGTTAATAGGTTTCTATTAATAATCATTTCACATAAATGACTCAACACAAAATCGGAATCGTATTGCCAATGTTTCATGGCTGAGATAATATCAAAATCATCTAAACGTGAAAACACATCGAGTGTGTTCTCGTTAAAATCATCTATAGCTATTTTATTTTCTAAAAAATACAACAACGGTTTACTTGCTTCTAGTTTATGATTACTATTATGCAACTCTTTGGCACGCTTTAAAACTCTAATTAACAACTGCTCTGCAGCCAATCCTGTTTTATGCAAGTACACTTGCCAATACATAAAACGTCTGGCAATCAAGAATTTCTCAACACTGTAGATTCCTTTTTCTTCTACTACCAATTCATCATTCACCACATGAAGCATGGTAATTAAGCGTTCGCTGTTTACATTACCTTCTGCAACACCCGTGTAAAAGCTATCGCGTTTTAAATAATCGGCGCGATCCATGTCAAATTGCCCAGAAATAAGCTGGCACATAAACTTTCTAGGGTATTCACCCTTAAAAATTTGAATGGCAAGCGTTAAACTTCCGTTAAATTCTTTATTTAAACGCTCCATGAAAAGCAAGGAAATTTGCTCATGAGACACGTTTTCTACAATGCTATGTTCCATAGCGTGCGAGAATGGCCCGTGGCCAATATCATGAAGTAAAATAGCAACATATAAGCCGGTTTCTTCTTCATTAGAGATTGTAACCCCTTTAAAACGAAGTACATTAACGGTTCTTTGCATTAAAGACACGCAACCTATGGCATGATGAAATCTGGTGTGATGTGCCCCCGGATAAACTAAATAGGACATCCCCATTTGGGTGATTCTTCTTAAACGCTGAAAATACTTATGCTGGATTAAATCGAAGATAAGGGAATTTGGAATCGTAATAAATCCGTAAATTGGGTCGTTTAATATTTTAAGTTTGTTCAAACTTTAAAAGTTAAGGTTTAATAGACACAAATATAATTATATACGTATATATAATAGACTATACTAAGAACAAATTGCTAATAATGCTTATTAAAAACATATAAATGAATACAATAAAAATACTTTGGGTAGATGATGAAATTGATTTACTGAAACCTCATATATTATTTTTACAACAACGCAACTACACCATTACCACTTGTAAAAGTGGTACGGAGGCCATTGATATACTTGAAACTGAGAATTTTGACATTGTTTTTTTAGAT
NZ_CP151839.1_gap90	3909101	3913724	4623	AGATAAAATTCATATTATTTTTTTAGGCTCTTCTAAACATAATAATACACGTCCTTGGTTAGACAATTTAATACAGATTACCAATACGAAAGATAGTGTAACCTGTTTTGATTACCAAGACCCAAAAAAATTTTACGACATATTTGATATATTTGTGTTACCATCGCGCTTAGAAGGGTTTGGGTTGGTTGTAATTGAAGCAATGATGAATGGTTGCTGCGTTTTACGTAGTAATACTGAAGGAGCATATGACCAAATTAATCATGGCGAAGATGGTTTTATTTTTGATAATAATAATTACCAACAATTGGCAGAACTTTTAAAAACAAGTATCGAAAACATACCATTACGCCTAACCATTGCTGAAAAAGGAAAAGAAAAAGCATTAAACAAGTTTACAATTAAAGCGATGACACAAGGCACACTCCATGTTTACAATAAAATTATTTAAATTTATATATTAAATAGCTTAAAAAAAAAGAGACTCCATATGGAGTCTCTTTTTTTATACTATATTTTATGCTTAATTTAAGGTGTTATTTACCTCTACAAAATTATTGGATTCGCGCACTAAAAATCTAGCCTTAGTAAGTGTACTATTTTTTACGGTAACATTTGGACTTTGATTAATATAAACATATGATGGTCCTGATACCCTAGCAATAAATTGATTATTATCAAACAATACGGTATAATTTAATGACTCAGTTGTGTTATTACTAACCTGCCAATTCATTGGTGATTTATCTACAACAATTTTATTGTTTCTAAATATCATATTACCATTAGCCCCATAGCCTGATATCCCAACAGCATTAGCTCCTTCAATATCATTGTTTTCAAAAATAAAATTATTAGCGTTTTTAGGTGCGATACCAGCTCCAAAATCACGAATAGTATTATTTGCAACCAGACCGGTGTCTCCTGTTGCTTCTATCCCGATATTAAAACCCGAAATAGAATTACCTATAACTTCATAAGTATTTGTGTCACCGGTAGATATTCCTGCTACACTCTTATTCGCTTCTGAAGCTACAAGCGTATTGTTAATGAATTTTGTTCTCCAACCATGATGTGCGCCTATTTCATTGTCAGAAAAATTCCCCTCAATAACTACATCTTCCCCCGTATAATCAATAATACTAGAGTTTGAATTCCCTGTAAATGTACAGCCTTTAATAAGAATATACTGTGCTCTGGCATAATAACGTAAATTACCATTTTCGTCTTGATCCATGTATGGTTCTATATCAATACCCGTTCTTGGTAAAACTCCAGCCGATGTAAATTGGATCGTATTACCGTTGGCATCTTTAGATTGAGTACCAATTCCAGCGTCAGTAATAATACAATTCTCTAAAGTTATATTCTCACCATCTGTGATACTGACATTGTTACGTCTCGACCTAGTTGTTGTACAATTTTTAATTAAAATATTTTTATTAAATTTAGCTCCGGCTTCGTACCTTAAATTCCTTCCATTGGCAATTGACAAACCATCACCTGTAGCATCAGCCATATATACACCGTCTGCAACTATGTTTTCGGCACTAGCAAACTGCAAAAGCATCGGCCATTCATGAGAAAAATAAGTACCAACATTTTCAGTAACATATTCATGCTCCCAACGGTCTCCTATCAAATTCCCTCCTGTTATGGTTACATTTTTATTTTCAAAAACAGTTAATAAAACAGAAAAAGGAAACGCATTAGGTTGTACTCTTAAAAAAGTATTATCAGTCATTATCAGATTAAAATCAGAAGGTAAATGAAGTGCATTATTAGCTACCCCAGCAACATCACTACTAATGCCTACTGCAAAATACGCATCCATATTGTCTATTGTGAAAGTTTGAACGCCCATTTCTTTTGTTTTATCAATGGTATTTTGCAATAAAGTTTTATTTCTTAAAGCTACAGCATCAGTTACTTTACCTTCTACAATTCCCCATCTTTTTGGGTCAAAATTAAAAGTAGGATCTTTTAATAAAGGTGTAGTACCACCTAATATTAAGGTAGAATTCAACAAATCGCCATCAATGGTATTCCCATTTGAAAAATTAATAGTTCCGTTAATAATTGAACCACCTTCATAAACAACAGTCACGTTAGTTGGTAATGTTATAGATTCTCCATTTAAATCTAACACACAGTTTATAATAATTGTAGAATTTGCAGCTACATTATTTAATGTAAAATCACAGGGAGTACTTGCATTAGCTTCAGTTGTGCTATCTGTGTCTTCCGGGGTCTCGTTGTCTAATACAATTTCACTTGTTGGTTCTTTAAATAATTCTTCACTATTGCATGATACCAAAGATATCATTACAAAGAATACTAAATACATAGGTCTAATCATCATTTTCATAGGTTTTAATTTGGGGGTGAATAATAATCTCAGTGTAATATTACAAAAAAAAACACAATAACCGCTAAAGTGTTTGATTTTTTCGATGAAATGCATTTTTAATTTCAAAATAAATCCGTTTAACTGCATTTTTTATCGATTAATTGGTTTTTATTGTTTCTATTAAGCCTATATACGTCCCCATTCATGTTCTGGATGTTTTAACCACAGTATTTTTTTAAAAGTGCAAAAATATCCTAAAAAATAACATAACCACCCTATTGTTAATAAAATTTTAAAAATAAATAACACTAAGTATTTATTTATCAACAGATTAATTAGTAAAACACAAGTACTTGTTAATTTTATAAAAAAAAAAAAAAACAAACACATAACCATTCACACCTTTAATAGCAAGTTTATAATTTTAATGGAAGTCATTAATACCGTTAAATAAATATAAACACAAATTAGTTTTATATATTTGCCCATCTACGCAGTCTATTTGTAGGTGATTAGAAACTTTATATGGAAGAGAAGAAAAAAATTATTAGAGTTGTTACTTCTGGCATGTCTTTCAAATTAATCCCAGGCCAATTAAAATTTTTAAGTAACTATTACGAGGTTATAGGTGTTTCGTCCCAATCGCCAGTACTAGAAGAAATTAGCACAAGCGAGGGTATTGAAATTATCCCAATAGAATTGGAGAGACACATCTCTCTATATAAAGACCTTAAATCTTTGTACAAACTATACAGGCTCTTTAAAAATGAGAAACCACATATTGTACATTCCATCACGCCTAAAGCAGGTTTATTAAGTATGATGGCATCTTATTTAGCGAGAGTTCCAAATAGACTACACACCTTCACGGGGTTGATTTTTCCTACTCAAACAGGTTTATTTAAAAAATTATTAATAACAACTGATCGAATTTTATGTTCTTGCGCTACTAGAATTTTCCCTGAAGGCAATGGTGTTAAAAACGATCTCGAAAAATTTAAAATCACCTCTAAACCCCTAAAGGTTTTAGCTAATGGTAATGTAAATGGTATAGACATCGATTATTTCTCAATGCAGCATTTTAGTGAAGATAACCAGAAAGAAACCCGTGCCAATTTAAAAATTGACAAAAAAGAGTTTGTATTTGTTTTTGCTGGCAGACTTGTTAAAGACAAAGGTATTAATGAACTTATTTCTGTATTTAATAAGCTTTGTCAAACAGAACAAGATGTAACCTTATTATTAGTTGGCATATATGAAGAGAAACTGGACCCGTTGTTACCTGAAACTATAAACAGTATAAAAAACAACCCTAAAATAATAGAAACAGGCTGGGTTACAGATGTAAGGCCTTATTTTGCTATTTCAGACGCTTTAGCTTTTCCTAGCTACCGCGAGGGGTTCCCAAATGTTGTTATGCAAGCAGGAGCCATGCAACTCCCTTGTATTGTGACAGATATAAACGGCTGTAACGAAATTATAGAACATAATGAAACAGGAATTATAATACCAGTAAAAGACGAATTAGCACTATATAATGCTATGAGTTATGTGTTAAATAATCAATCGGAATCAAATAAGATGGGTGCCGTCTCTAGACAATTTATTACGACTAAGTTTGAAAGAAGTATCGTTTGGAAGGCGTTATTGTCTGAATATAAAAGTTTAAATTAGGAAAATAAATCACCCTGAATTTCCATTTTAATAAACCCATCTTCTAATTGAAGCTGTTTAAAACCGCTATTTTGATACGCTTTTACAGCAGCTTTATGAACTTCTTTCACGTATAAATATATTAACGAAAGTTTAAGCACATCAAACCCATACTCTAAAATTAATTTAGTAGCCGTAGTTCCTATTCCTTTATTCCAAAAGGCTGCCTCGCCAATAAATATATGAAATTGAGCCTCCGAGCCTTCAATATCCGTTAATTGAACATTTCCTATATATTGATTGCTATCAGAAAGACAAATAGCAAATCGTTTTTCATTAGTTCTTTCAAAAACTTTTTTAATCCATGATAATTCCATCTCAATGGTCACCAAATTATCAGGTTTAGCCCCGGTAAATTTCCAAATTTCCGGATTATTCCTCCACTTAACAGAAACATATGCGTCCTGTTCTTCTAGCGGTCTTATATAAATAGCTTCCATTCTATATTTTTAGTTTGTCTCATTAAACTTATATTAATTTTTAATGAAATGTATTGTTAGTAAAACTATTTTATTTTATTTAATTTGCCAAAAAATATTTAGCTTTTAATGTAGTCTTAA
NZ_CP151839.1_gap91	3930191	3931831	1640	AAGACAAACTTAAAGCCCTACATCAACAAGGTTACGCAAGAATAAAAGTAAACAAGGACGTTGTTCGAATTGACAACGTTGACACTCTAAACAAAGAAGACAACATCTTATTGGTTGTAGATCGTATTATCTACAAAGACGATGAAGATTTTCAAAACAGACTTGCAGACGCTATTCAAACTGCTTTTTTTGAAGGTAAGGGCGATTGTACTATTGAAACCTTAAGCGATAATAAAGAACGTTTTTTTAGTAATAAATTTGACATGGATGGCATTAATTTTTTAGAGCCAAATGTTCATTTATTCAGTTTTAATAACCCCTATGGCGCCTGCCCTAAATGTGAAGGCTATGGAGATATTGTTGGAATTGATGATGATTTAGTTATCCCCAATACAGCGCTTTCAGTATATGAAAACGCTATTTTCCCTTGGCGTGGTGAGAGTATGAGTTGGTACAGAGACCAATTGGTTAACAATTCTCATAAATTCGAATTCCCAATTCATAAACCCTATTTTCAGTTAAGCAACACACAAAAACAACTTATTTGGAATGGCAACCAGCATTTTGAAGGCTTAAATTCATTTTTTACCGAATTAGAATCTAAGGCTTATAAAATTCAAAACCGCGTCATGTTGTCGCGTTACCGCGGAAAAACCAAATGCAAAACCTGTAACGGCAAGCGCTTACGCGTAGAAGCCAACTATGTTAAAATTGGAAATGCAACTATTACCGATTTAGTTGAAATGCCTTTAAACAAGTTAGCGAACTTTTTCAACCAATTAGAACTAAACGATTACGATACACAAATAGCAAATAGGCTTTTAAAAGAAATTAATAACCGTTTATTATTTCTAGCCAACGTGGGGTTAGACTATTTAACGCTGAACAGAAGGTCCAATACTTTATCGGGCGGGGAAAGCCAGCGTATCAATCTAGCAACCTCCTTAGGAAGTAGCTTAGTAGGCTCTATGTACATTTTAGACGAGCCTAGTATCGGTTTACACCCCAAAGACACCGAGCGCCTCATCGTTGTTTTAAAACAATTACGTGATTTAGGAAACACCGTTATTGTAGTTGAGCACGATGAAGACATTATGAAAGCTGCCGATACTATTATTGATATTGGTCCAGAAGCAGGGACTTTTGGTGGCGAATTGGTCGCTCAAGGCACCTATGAAGATATTTTAGCTTCAAATTCCTTAACAGCGCAATACTTAAATGAAACTCTAAAAATTGAAGTACCAAAAACCCGTAGAACATCAAAGTATTATATTGATATCTTAGGAGCTCGCGAAAACAACCTCAAAAACATCGATGTTCGTTTTCCTCTCGGTATGCTTACTGTTATTACAGGTGTTTCTGGGAGTGGAAAAAGTACGTTAATTAAAAAAATATTGTTTCCAGCGATTCAAAAAAAACTTACAGATTTCTCGGACAAACCCGGACAATTCACCACTTTAGAAGGTAATTACAGCAATATAAAACACATTGAATTCGTCGATCAAAACCCTATAGGAAGGTCGTCACGATCCAACCCGGTGACTTATATTAAAGCTTATGATGATATTCGAGCTTTGTTTTCAAATCAAAAACTAAGCAACATACGTAACTACCAAGCAAAACACTTTTCTTTTAATGTA
