gap_id	start	end	length	sequence
NZ_CP178621.1_gap1	22027	25062	3035	ACTATCTTGCGAACAACAAGTTCGAAAAAGTAACGACGACTCACGCGGCTTTCAAAGCTGCTGAAGATGGCGTGAAGAATGAAATTACAAAGCTAATGAACATCAAAGGAAACCGCACGGTTGAAAGCTTCCATAAAGAGCTTGGCCATATCATGTGGGAATACTGTGGTATGGGTCGTAACGAAGCGGGACTTAAGAAAGCTTTGGAATTGATTCCGAAACTGCGCGCAGAGTTCTGGTCAAATGTACGTGTTCCTGGCGACGCGAACTACTTAAATCCTGAACTTGAAAAAGCAGGACGCGTTGCGGACTTCTTGGAGCTTGGTGAGTTGATGTGCCGTGATGCTCTTGAGCGTAAAGAGTCTTGTGGTGGTCACTACCGTGAAGAATATCAGGAAGATGGCGAAGCAAAACGTGACGACGTGAACTTCAGTCACGTGGCTGCATGGGAGTGGACTGGTGCAAACCAAACACCGATTCGTCATAAAGAAGAGCTGAAATTCGACAACGTTAAACTTGCAACTCGTAGCTATAAATAAGGGCGTGATATGAGTGAATCTACTAAAAAAATCAATTTGACCCTCAGAGTATGGAGACAAAAAAGCGCCAAAGATGGTGGCGTCTTTAAAGAGTACGCAGCAAAGAACGTTTCTACAGACGCGTCTTTTTTGGAAATGCTAGATGCTGTGAACGAAGAGCTGATCTCTAAAGGTGATGACCCGATCGCTTTTGACCATGATTGCCGCGAAGGTATTTGTGGTAGCTGCGGCTTCATGATCGACGGCCAAGCGCACGGCCCGCAAAAGTCGACAACGGTTTGCCAACTTCATATGCGCGCCTTCAAAGACGGCGAAGTTTTAACGTTGGAACCATGGAGAGCCTCAGCATTTCCGGTGCTCAAAGATTTGCTAACAGATAGAACGGCGCTGGATCGTATCATTACGGCGGGCGGTTATATTTCTGCAAATACAGGAAGCGCTCGCGATGCAAATAGCATCTTGATTCCAAAAACAGATGCTGACCAAGCATTCAACTCTGCAACTTGTATTGGTTGCGGGGCTTGTGTGGCGTCTTGTAAGAATGCTTCTGCGGCACTCTTCACGTCAGCTAAAATCTCTCACATGGCGTTGCTTCCGCAGGGTCAGGTTGAAAGAAAAAAACGTGCTGAACGCATGGTTGGTCAAATGGATGAAGAAGGTTTTGGAGCTTGTACTAGCACGGGTTCTTGCTCGGCTTCTTGCCCGAAAGATATCAGCCTTGTGAACATCGCCCGCATGAATCGCGAATTCTTCAGAGCAACCGTTTTGAAGGACGATGAAGTGGATGCCGGCGGCGGCTTCTAAGAAGCTAGACTAAAATCGAGACCACAATCAAAAGCACTGGACCAACATCCAGTGCTTTTTTATTTTCGCGCGCAGTTTCCTGCGCCAATACGCGGCTAACCCACCTTTGGTCCTAAAGAATCCTAGCAATAAGTCCGAAGAAGGATTCGAGAGGACCACATGAAAAAAATGTCTGAGCTGATGGACGAGCTGGGCTTTGATCCAGAAGGATCTCCCGCCGTTAAAGAAGCTTTCATCAAATATCTTATTAAAGCGAGCGAGGGCGTGAACGTTCTTACTCCGACAGAGAAAACTCTCATTAAAGCCGATCCTAACAAGATCAAAGTCCTGCCTATTGCAAAGAAACCAGAGCAACTTAGTTTTGATTTCGGAGACGACGCACTACCTAGGTCCAACTTTTCTCGAAAAGCCCGCAAATAAACAATATCTTTTTCTCAACAGATTTCGACGTTGGTACCATTTTGGAACTAGGTCGATGAAAGAGAATCCTCTCACTCTTTTGCATCTTTGATCGAACCACATAATCCAAGGAGGGATTCATGAAAAGGCTTATGGAAAAAGCCCGTATTGTATCAGTTGTTGGCGCGTTCTTCGCCTCTGCGTTTGCTGTTGCAGCACAACCCGAAGCTGTTCCTGGTGAGTTCATCGTTAAGTTGAAACAACCACTTAGCACTTACAAAAACCAAATGAATGTTTTGAGCCAAGAGTTGGGTTCTTATATTAAGAGCACAATCCCCGGCCAAAATATCGTTGTGATCAAGCGCCCGGTTTTTGAAATCCAATCAACGGTTGTAAAAAGCCTTTCTCAAGATCCAAATGTAGAAGTTATCGAGCCTAACTATATCTATAGAGCAAACCGCACACCGAACGATCCAATGTTGGGTCAGCTTTGGGGCATGTTGAATGTTGGTCAAAAAGATTCTGCAAAACAACCGGGTGTAGCCGGCACTGATATCGGCGCTGTTCAAGCATGGGATATCGAAACGGGTTCAAAAGACGTTATCGTAGCAGTTATCGATACGGGTGTTGATTACACGAACGCAGATTTGACTCCAAATATGTGGACGAACAATGCCGAGTTGAACGGTAAAGCTGGCATTGATGACGACGGCAACGGTGTTGTTGACGACGTTTATGGTTACAATGCGATCAATAACAGTGGTGATCCTAAAGATGACCACGGTCACGGTAGCCACTGCTCTGGTACGATCGGTGCCAAGGGTGATGACGGTAAAGGTATCGTGGGCGTTGCTTGGAATACTCGCATCATGGGCGTTAAGTTCTTGGATGCAAACGGCTCTGGAACTCTTGAAAACGCAATCAAAGGGATCGAATACGCGACTAAAATGGGCGCGAAAATCATGTCGAACTCTTGGGGTGGCGGCGGCTTCTCTCAAACTTTGAAAGATGCTATCGAAGCTTCTAACACTGCGGGCGCGCTTTTCGTAGCAGCGGCAGGTAACGAAGCAAACAACAACGATGCTAATCCGTCTTATCCTGCGTCTTATCAAATCGCGAACGTTCTTTCGGTTGCAGCGGTTGATAACAAGGGCAACATTGCTTCGTTCTCTAACTACGGTAAGACATCAGTACACGTTGGTGCTCCGGGCGTGAATATCCTCAGCACAACGACAAATGGTTATGAGTCTTGGTCAGGAACTTCAATGGCGACTCCGCACGTATCTGGTATCG
NZ_CP178621.1_gap2	38224	39964	1740	ACGTTCGAGCGCGGTGTTGAAGACTATACACAAGCCTGCGGAACAGGAGCTGTAGCCGCTGCCTATGTAGAGTTTAAAAAAACTCAAACGCGAAATATCGACGTTCACATGCCGGGCGGTATTTTGGCAGTACAGTTTAATGAATCGACGAAAAATCCACTGATGACCGGAGAAGCGGTGTTTGTGATGGAATTCCAGTATTTTTATGAGGTGGTAGGATGAAAAATTTTAAAGCGACAATTACGGCGTTAATTACGCCATTCAAAAACGGTGCGGTTGATTTTGCATCTTTGGAAAATCTGGTTCGCCATCAAATAAAAAACGGCGTCGAAGGATTTGTCATTAATGGAACGACCGCCGAGAGCCCCACGCTTCTAGAAAAAGAAGTGGCTGATATTTTTAAATCCGTACGCAATGTAGTTGGCAAAGATTTCCCGTTGATTATGGGAACGGGCTCTAACAGTACGGCAAAAACCGAAGAGCTTTCTGAAAAAGCTGAAGACTTGGGGGCAGATGCCGTTTTGGTTGTTGTCCCCTATTACAACAAACCGCCTCAGCGTGGGTTGGTAAAACATTTCACGGAAGTTGCAAAGTCTGTCAGTATCCCGGTGATTCTATACAACGTGCCTGGACGTACGATTACAGCTTTATCTGCAGAGAGTATCTCAGAGCTGAGTCGTGTTCAAAACATCGTGGGGATCAAAGAAGCCTCTGGAAATATTGAATTTGCAAAAGAGGTAAAACAGAAAACAAACCCAGAGTTCGTGATGCTTTCTGGGGACGATGGTACCTACGTGGATTTCCTAAAGGCCGGTGGTCACGGCGTTATCTCTGTCGCAAGTCACGTAATTCCAAAAGAGATGATTGCATGGAAAAACCAAGTTGCGAGCGGAAAATATGAAGACGCTCAGGCTGGAATTAAAAAACACACGAACCTCATCAATCACCTCTTTGTTGAGGCGAATCCGATTCCGGTGAAAATGGCACTGCACTATATGGGAATTATTGAATCTCCAGAGTTGCGCTTGCCGTTGGTAACGATGGCAGAAGACCTAGCGCAGAAAATGAAAACCGAAATGAAGACCTTAGGAGTTCTGTAGATGAAGAAAAAGCTGAAAGTGGGTCTTGTCGGTGCCAGTGGTCGCATGGGACAAGAAATTGCAGAAATTCTAAAAACAAAAAATAACTTCGAACTGCATTTGGCCGTTTGCCGACAAGCTTCATTGGCCGAGTTTGCGTACACACGTCAAACACCGAGCTGTCCTGAAGCAAAAGAAGTTGATGTGTGGATTGATTTCTCTAGTCCGGAAGGTTTGGGCAAATTGTTAAGTGTTGCGACTAAGAATCAAACGCCCGTTGTTTCCGGCACGACGGGGTTAAGCTCAGCCGATCAAGCGGCTTTGAAAAAAGCGTCCGCAAAAATTCCTGTGTTGTGGGCTTCCAACATGAGCTTAGGTGTTGCCGTCGTCATGGAAGCGCTTGAGGTTTTCTCGCGCATTCGCCAATTCGACTTTCAAATTGAAGAGTTTCATCATAATCGCAAAAAAGACAAACCCAGCGGAACTGCAAAGAGTCTTCAAGAAAAGCTGGAAAAAGTCGTGGGCCGAGAACTGCCAGAGCCGCTTTCTATTCGCGGGGGCGGAATTTTTGGTGTTCACAAAGTCCATGCGATGGCGGAAGAAGAGCATATCGTGTTTGAACATATGGCCTTAAATCGAGCTGTATTTGCTCGCGGAGCGG
NZ_CP178621.1_gap3	41061	42276	1215	GCAGCCCAATGCATATTCAAGTTGCCGCTGAAATGGGAGCAGACATTGCAACAATTCCATTTAAAGTTATGCAGCAGATGACTCATCATCCTCTTACAGACAAAGGTATTAAGGCCTTCCTTGATGACTGGAATAAGGCTAAAAAGTAATACATGACACGAATTTTTTTCGCGCTTCTATTTCCACTTATTCTCGTTGGTTGCCAAACTAGTGGGGTTTTTCTGAGAGAAACTCCGCTGAACGTCAGCGAAACTCGCAGAGCCGTGGTTTCCGTTATTGGCCAACCTCGTATAACAAGCGAAAATGGGCGCGAATTGTTTTCTAAGTTCTATGATCGTAAAGGTAGTAGCGACGACCAGCTGAAAAATGCCAGAGAGCGTCTACACACTCACGTCACAATTCTTGGAGACCGCCGTCCCTACGACATCCAGATTGAAGTCGTGGTCGAGATCCGCGACCGTGAAGGTGTTTATCAGGTCGTGGAGCGTGACGACGCACGTGCTGAAAAAGTCGCTATGGACATCCAAAAAGCGCTTGTCCAAAGTCGCGACAACCGCAACATCATTGACGATTTCAGACCTTACTAAATACACTAATAGAGTAGTCAAATAAGGATATTTGATCAGGAGTTTTTTTGCTAAGCAAGGCATGGATTCTGCCTACTCTTATGCTCACCACGCTTTCGATCTTCCCGATCTCAATGGGAAAATTGAAGTTCGTTCCTATCTATAAAACTCTGACCATCAAAGCGAACAAAAAACTTCCTCCGCATATTGCTTTCATGGATAGTCATTTTGAAAATCAAGATGATGAGTGGACTGCTTTTGAAAAGAAAAACAAGAGTCCGCTTGCTGTCGGTTTTTCTGTTACAAGCCAACAAGGCCCCTATGTTCTTACTCAGAAAAAAGTATTGGAAGGTTTTGTAATTCGCAAGAGCGCAGAAGTTCTTAGCCTTGCTTCTCAGGGCGTCTACAAAACGAAAGCTCAAGCTGTGGCAGAGGTTCAAGGTCCACAGTGGTTGAAAAACATTGTTGGTGATTCCCAAACACTGCCGCGAGCTGAAGAACCTGTTCACAATTTATTAGCTGCTCGTCGCGTGATGGGTCCTTTGGAAATCACAGGTGGCCTAGCGGTGACGAATGAACATCATATCGAGATTCGTCGCTCTGATGAAGGCGTGTTCCGTGAAATGGGACGTGTTGATCTAATGAAGGG
NZ_CP178621.1_gap4	49523	52260	2737	AATAACTATTTGCCAAAGAAAGCATTGGCAAGCGATGCGCCACTTTCTCGAAAGCCCCAAGCGGCGCTCCGCCCACGCGCTGAGAAGGAGAGTCACTAAGATCAAGCCCGGACTCCGTTTTCTCGATTTTAAGTAATTCCGTGTAAAGCTGGTCGTATTCAAAGTCCGTTATGACGGGCTTATCGAGAACGTGATAATTATAATCGTGCTCGGAAAGGATCTTTTTTAGCTCTTCGTGGCGTTTTTTCGACATGTCGTCTTTTACCACGGCCTATTTGACTGGAAAAGAGATGTTGAGGTACGTTAAATGTCTTATACTCCCCTAAGGAGATCCCCAAATGATTGATAAAAAAACCATTGAGCACATTGCGAAATTGGCCCGCCTTGAAATCACTGAACAAGAAGCTAATGAATACAGCCAACAGCTTGGCAAAGCGCTGAATCACTTCGAACAAATCTCGAAAATAAATACCCAGGGGATCGAGCCTTTATTTACTCCGACCGAAATCGAAGAGTTTTGGCGTGAAGATGTGGCAAAACAAGAATTCACACCTGAAGACATGACAAGCAATGCGCCTGCGAAAGCCGGCAACCTGTTTAAAGTTCCACCGGTAGTATAGAGGTAACAAATATGGATTTATCACAAGCCTCGATCGTTGAAATCACCGAAGCAGTAAAAACAAAAAAAGTAAGTGCCAAAGAAGTGACGACTCACTTCATGAAGCGGGCGGAAACGCTGAATCCAAAACTAAATGCGTATACAAGCTTCAATCCAAACGCTGCAAAAGACGCTGAAGCCATCGATGCCCGTATTTCCAAGGGCGAGGATGTTGGGGTTTTGGCAGGCGTGCCTTTCGGTATTAAAGAAATGTTTTGCACAAAGGGCCTTGTTACGAACGCTGGTTCTAAAATGTTACAAAACTTTGTTTCTCCTTACGATGCGACCGTGATTGAACGCCTCAAAAAAGCGGGCATTGTCATCACCGGCAAGTTGAATCAGGACGAGTTCGCGATGGGCTCTTCTAATGAAACGTCTTTCTATGGAAATGTTAAAAATCCCTGGAATTTAGAATGTGTGCCTGGGGGGTCTTCCGGAGGATCTGCGGCGGCGCAGGCTGCTCGCATGTGTGCCGGAACTTTGGGAACTGATACCGGCGGATCCATCCGCCAACCGGCAAGCTTTTGCGGAATCGTTGGCGTGAAACCAACTTACGGACGCGTGAGCCGTTATGGAATCGTTGCGTACGCATCTTCTTTGGATCAAGCGGGTCCTATGGTGAGCACAGTGAAAGATGCAGCACTAACAATGGAAGTGATCAGCGGTCACGACGAGCGCGATGCAACTACCAGCCAAAGAAAAGTTCCACAATGGAGCAAAGATCTTTCCGCAAATGTGAAAGGTTTAAAAATTGGTTTGATCAAAGAATACATGCAAGGCGGCCTCCACGCGGATGTGCAAAAAACTGTGGATCAAGCGGTGAGCACTTTGAAATCCATGGGGGCCGAAATCGTTGAAGTCTCTGTGCCGATGTCAGAGTTCGCAGTTCCTGTTTATTATTTGGTTGCAGCTAGTGAGGCGTCCAGTAACTTAGCTCGTTACGATGGAGTTAAGTATGGTTACCGGGCAGAATTTAAAAATCTATCTTCGGTAGATCTTGCAGATTTCTATGGCAAAACTCGCGGAGAAGGCTTCGGTAAGGAAGTTAAACGCAGAATCATGCTAGGAACCTATTGTTTATCGAGTGGTTACTATGATGCCTACTACAACAAAGCCGGCCAAGTCCGTCGCATGATCATGAATCAATACAAAGAAGCCTTTACAAAATGTGATGTGATCTTAAGCCCCGTCACGACTTCGCCCGCGTTCAAAATTGGCGAGCGAGTTGCGGATCCTCTTACGATGTACCTCAACGACATCTTCACGACCTCGACAAACCTGGCAGGATTACCGGGCATGAGTGTTCCATTTGGAATGTCAGAGGATGGTTTGCCAGTTGGTGTGCAATTAACGGGTGCGCACTTTGATGAACAGCGAATGCTGAACGTCGCGTATGCACTTGAGGGTGCATCGATGGTGAAGGGAAAAACTCCAAATGTATAGAGGTTATGAAGCCGTCATCGGTATTGAAATTCACGTTCAGCTAAACACCAATAGCAAAATATTCTGCGCGGACTCCACTCAGTTCAATGCGGCTGACAATGAAAACACGTCCCCGGTCAGCGTGGGTATGCCAGGCACTTTACCTGTCATCAATAAACGCGCGGTCGAGTTCGCAGTTAAAACGGGCTTAGCACTAGGCTGTAACATTCGCAGAAAATCTGTTTTTGCTCGAAAAAACTATTTCTATCCGGATTTGCCAAAGGGCTATCAAATTTCTCAGTACGATCAGCCGATTTGTGAAAATGGCACCATCACCTTTAAGGTGGGTGAAAACAGTAAAACCGTAAGTATTACGCGTGCCCATTTGGAAGAGGATGCTGGAAAGTCCACTCATCAGGGTGACTTCACAATGATTAACTACAATCGCTCTGGAATACCGCTGCTTGAAGTCGTCACGGGACCCGACATGAGCACTCCGCAAGAGGCTGCCGAGTACGGAAGAACCATTCGTCAAATCGTTCGTTATCTTGGCGTGTGTGATGGAAACTTGGAAGAGGGCTCCATGCGCTGCGATTGCAACGTCAGCGTTCGCAAAGTTGGAGATCCTAAACTTGGAACCCGTACAGAATTAAAAAA
NZ_CP178621.1_gap5	55641	57862	2221	ATGGACATGGCGAAGAAAAACATGGGTGATGCTGGTGCTCCGATGGAAGAAGATCAGATGACGACTTTGGCTGCGGGCGCTGTTGTCGCAGTAGGTTTGGCACTTTTCATGATTATGAGAAGACGTCGTAAGAAAGAACTTGAGCAAGCAATCCAAGATACTCAAGTTGGTTAGTTAGATACCGGCAAACAAAAAAGAAAAAGGGTCCTCCAGGGACCCTTTTTTATTTCTCTGATTCGGATTCAGAGTTGTCTAAGATACTTTTTTAAAGATCTTGTCCAGTACGTCGCGACGACCATCACGGTTGTTTTCTACAAAATAAATAAGGTCATCAACGATTTGAACGTCACGGTTGTTCGCCGGGGCAAACTTGATTCCGCAACCTAATGAATTGCTCCAGATAACATTGGCAGCAATCTTTCTTTCGCGGCCGCTAACTACGAAGCGCAAATACAGTTTTTCGTTCGCACGGAAAGTTTCCCCATGAAACTCAATGAACGCACCAGAAATACTAATGTTCTTCAGAGTCCCCTTTGACTCCTCACGAGCATAATTTCTTTTAAATCCGACCTCTAAATAGAGAGGCGTGCGTGGTGCCGGGAGCTTGTTAGTGTCCACAGTCATCTCCTTTGGTATTTCCTAGGCTAAGTATGTGTATTTAATATCGGTTTTTACTTTAAAAAACTGAAGTGGTTGGCGAAAAAGCTGATTCTGAGGTTTGGAGCGTCTCAACTTGAATGTTTCAATATGAAACTATCCCGTTGAAAAGACTCAGAAAAACACAAACTAATTGAAGGGTTGCGCGTTCCAGAACGAGGCTGTGGACAAAATCAGGCTTCGGATTTTCGATTGACAAAACTGGACCCCTTCGCCAAATTGAAGGGGAACTCAAGCAATAGACCCGCACATCACACCTGAGAGCTGGTCTCATTTAGAATCTCAACCAAAAATCCATTCTATTTTAAAACTATCTTATCAAAGTACAAAATCTGAATTCGAATACTAAGGAGTAATGTTTGTCAGAACCAAAAGATTCGCAAAATCCTGAGGTGGTAAAAAAACGCCCCACTCGCGGTAAACCAAAAGCAGAACCAGCAGTTGAAGCTGCAGCTCAAGAAGCAGCACCCGAGACACCGGCAGCCCCAGTAGAAGCACCTCGTAGCGAGGCCCCAGCCCCAGCCGCAGAACAAACAGCGGCTCCTCCACAAAGAGAAAATACCGAAAGACAATATGACAATCGCGACCGTGATAATCGCGATAACCGCGGTGGCGGTGGTGGCGGCGGACATCGTCGTTTTGACAATCGCGATAAGCGTGATAACCGCGATAATCGTGACAATCGTGGTGGTGGCGGTGGCCAAAGACATCAGCACAGTGGCGGACAACGCCGTGATAATTTCCAAAAGTATGACAATCGTGATCGTGGACCAGGTCGTGGCCAGCAAGGTGATGATTACGGACCACAACAAGATGAATCAGCAGCAAATTCTCAAAACCTTGATGCCGAACTTGCAGATATCAATCTGACGGACGAGGAAAAAAGCTGGCTCAACTCTAAAGATCTAAAATCTAAAAACATCCAACAGCTCACTGAACTTGCATTGAAATTGAAAATCGAAAATGCGGCCGGTATGCGCCGTCAGGACATGATTTTCGAAATCTTAAAGCGTGCAGCTCGCCTTGGTCAGGACATTTATGGATCTGGCGTTCTTGAAATCCTTCCAGATGGATACGGTTTCTTGCGTTCTCCAGATTACAACTATCTTCCGGGTCCGGATGATATTTACGTAAGTCCATCTCAAATCCGTCGCTTCGGCTTGAGAACTGGTGACACTGTTACAGGAACTGTTCGTCCACCAAAAGATGGCGAAAGATATTTCGCACTTCTTAAAGTCGACAGCCTGAACTTCGAAACGACTGAAAAAGGTAAAGATAAAATCCTTTTCGACAACTTGACGCCTCTATATCCAAATGAGCGCTTGAAGCTTGAGCACAATCCAGGCGACTACACGACTCGTGTTGTAGACTTGATGGCTCCGCTTGGAAAAGGTCAACGTGCATTGATCGTGGCACCGCCAAGAACTGGTAAAACAGTTTTGATGCAAAATATCGCAAACGCGATCACGGCTAACCACCCTGAAGTGAAACTTATCGTTCTATTGATCGATGAGCGCCCGGAAGAGGTGACAGACATGCAAAGAACCGTGAAGGGCGAAGTGAT
NZ_CP178621.1_gap6	59232	59836	604	ATATTTCTGTGTTGCCACCGGGCCATGATGCCTGGGTGGTTGGCGACGAACCTGTAGTGATCGTGGACTTCCAAGGCATGGTAGACTACGCAAAGTCTCCTTAGGGTTTGGTAATGCTGAAGCTTTCTAAGCCGTACTTTTTTGTGATTTCAAAATAAGAGGACGTCTTTTTAAAGGCTTCAAAGACTTTTGCAAATTTTTGAGCGTTCTCTCGGCCCTTTGTTGTTTTGGCAAAAGCAATATAAGCATTGCTGGAGGCAAAAGGAGTTTTGATCATCGTCAGCTGTTTGGAAAGCTCGGGATGAGTTCTGGAAATACTTCTTAAGGCGTAAACATGAGCCAAACCGAGATCAAATCTGTTTTCTGAAAGCATTTTAAAAAGCTGTTCATAGTTTTTGGCAGTTTTATCCACCTTCTGATGAGGATAGTAGCGGGTCATAAAGTCATCAGTCACATCACCTTGAATGATTCCGATCGTGAATTTAGCTAAAGGCTCAAGACCGCCACCGGTGTACCGCAGCTCCTTTTTTCTTTTGGCCTGGATAAAAAACACACCGACAGGATGATGAAGAATATTGTCTTCTAAAAGAACCAGGTCTTTTTC
NZ_CP178621.1_gap7	62103	64609	2506	CGAACGAAAATGGGGAATACGCGATCGTTGATTTGGGAACGGGCTCTGGTTGCATCGGCCTCACGCTTCTTAAAAAACTTCCTCAAGCAAAGCTTGTGGCTGTGGATATGTCTGAAAAGGCACTTGAAGTTGCGAAAGCGAATGCAGCGGCATTAGAAGTTGCGGACCGCGTTCAATTTGTTTTAAGCGATGCTGGCGACACGGACCGCGTTTTGGCGGCGGTGAAGGATTTTATGGGAACACCTAAAATCGATATTCTTGTTTCGAACCCGCCGTACATTGCAGCCGATGATAAAGATGTTGAAGAAAATGTGAAAAAATTCGAACCAGAAAGCGCTCTCTTCGCCCCAGAAAATGGGTTAAAGTTTCTGGTCGATTGGTCCAAGAAGTATGCACCCTTCTTAAACCCTGAAGCTATTATGCTGATGGAAATGGGAATGAGTCAGGGACCAGCGATGAAAAAATCCTATGAGAGCTTAGGGGTTTTTCAAACAGTAGATATCATCAAGGACCTTGCAGGTTTAGATAGAGTCATCAGAGGAGTTAAAAATGGATAAAATGCTCGTTTCAGGCGGCGCCACACTTAATGGTACAGTGGCAACAAGTGGTGCAAAGAATGCGGCTCTTCCGATTCTATTTTCTACTCTTTTAGCGGAAGGCGAACACGTTTTCAGAAACGTACCGCAGTTGAAAGATATTGAATCTACAGCAGCACTTCTTGAGAGCTTGGGTTGCGAGACTCGTCGTGATGGCGATACTTTCCGCGTGAAAGTGAACAAGCTTCAATCTATCGAAGCTCACTATGATCTTGTTCGTAAAATGAGAGCCAGCATTTTGTGCTTAGGCCCAATTCTTACAAAATACGGTGAAGCAGTAGTTTCTATGCCGGGTGGTTGCGCGATTGGAACTCGTCCAATTGATTTGCACTTAGAAGGCATGAAGGCCTTGGGCGCTGAAATCACTTTGAAAGAAGGTTACGTTCACGCAGGCGCAAAACGCTTAAAAGGCGGAACAATCCTTTTTGAAACGTGCACAGTGGGTGGAACTGAAAACGTCATGATGGCGGCCACTCTTGCTCAAGGTAAAACGATTTTGGAAAACGCCGCGAAAGAACCAGAGATCGTCGATCTTGCAGAATACCTCAACAAGATGGGTGCAAAGATCACAGGTCATGGCACAAGCATCATTACGATCGAAGGCGTCGATAAGCTGACTCCGGCAGAACACACTATCATGGCAGATCGTATCGAAGCCGGCACTTTGTTGATTGCTGGTGCGATCACAAAAGGCGAAGTCACTGTCGAGAAGTGCGTTCCTCAACACTTGGAAGCTTTAGTTTTGAAAATGCGCGAAGCTGGATTCAAGATTGAGCAAGGTAAAAACTCACTCACCGTCTTTAAAGCGAACACTTGGGAAGCTGTTGACGTTACGACCGCTCCTCACCCGCTTTTCCCGACGGATCTACAGGCACAATTCATGGCTTTGATGACGGTGGCTCATGGCACAAGCGTTATCAGTGAAACTATCTTTGAAAATCGTTTCATGCACGTTCAAGAATTAATTCGTTTAGGCGCAGACATCACTCCGAAAACCCGCGTGGCAGTTGTTCGCGGAAGACCTGATGGATTGACAGCAGCTCCGGTGATGGCAACGGATCTTCGTGCGAGTGCTTCTTTGGTGCTTGCAGGCTTGGTTGCTAAAGGTGACACCACTGTCGGTCGTATCTATCACTTGGATCGTGGTTACGAAAACCTCGAGTCGAAACTTCAAGGCCTTGGCGCGAAAATCAAGCGCGTCGAGTAAGAGCGTCTTTTTTTAAATCAGATTTCAATCGGCACTGTACTGAAAAGTATGGTGCTTTTTTTTTGGGTTTCATTCAGAAATTTTGGGCAAAAAAAAGCCCCGTCGGGAGGGGTCCGTTCGAGGCTTTGAAGGGATAAAAAAAATGTCCCAGTCCGGAGGGGGTGGACTGAGACACTCATGGTATTGGAGCTATTTATTCACTCCACGATTACCGATACTTAGCATTTTCAACGCTCTGTCCTTGCCACCAGCACCAGGGAGGGGGTCCACGGAACGTGGTGGTCTAATAATAGGGCCATTGCGTTGTTTAGGCTCAACAATAAAACCAGGAATTCTAGATTCGGCACGAGACACAGCAGAGATTGCAAGAACTGCCAAGATGTAGATTGCTATGAGTGTGTTTCGAATCATTGATTAACTCCCAGTGATATTTCTCTTAAGCAACGGCCGTGCCAACGTTTTAGACAGTTCAGAACGAATTTATTTTGATTTAGGACGAAAAAGCTCTCGATAAATACTCAGAAGGTAATTCCATAATGGGTTTGGTGATTCCAATTTGGGACTAAAGTCGAAGGACTTTTGTAGAGACCTGAACCTGACATCGAACAATGATAGGCCCCGTGTAAAAACCGAAATATAATCAACTATCTATGTCACGTATTCAGATCCATTGGATTGTCAGAACCACTGGTGGCCAAACCAA
NZ_CP178621.1_gap8	97635	99717	2082	ATGGCAAAGACATTTGTCTTCCATAGTAGTTAATCAACAATTCCCCAGACTTACCCACAGGCAGACTTGCGACTTTTTGCTCGGGCTCGGTCTCCATATTATAGATAGTGAACTCATCGAGTTTTTTTACTCCACCAAGACCCGTGCCCATTTTCACTTCGGCGCGATAAGGACCTGAAAGCAAATAACTTTGCAAAGCAAGGGACGGAATAAAGCTCGAACCTAGTTTATTGCCCGAACGGAAATAGAGCGGATAACGTCGCACGTAACCGTCAGCATCTTGCATGGCCACGAAGCTGGCGCTGTATGAAGCCGGCATTTGCATGACAGGGACATTCGGAGTCCACTCGCCATATTGAGGAATGGGGTGGTTGGTATACGCGGTTTTGATTTTTTCAACGAGCTCTTCGAAAGAAAGACTGCCAAGTTCTTTATGACTTGCTGTGACCTTTAGATACAAAGGCGTCACACCTGCAACAACTTCTTTATCCAAGAATACATCTTGAGGAGTCAGCCATGTTTTACAATATTCAAAGAGCGACTCTGACTTACGAGCCGCCAGATTGTTTTTTTGAAACTCGGTGAGTTCTTCCACAGAATTTTTCTTTAAGCCTTGAAGAACGCCCTGCTGAACTTCATGCTGAACATTCTGAAAAAGAACTTCAAACAAAGGTGCCCAGTTCAAATCATCAAAAACAGTCCCAGTTTCATCGATTGCAAACTTTGGATTGAGTTTCGCAATCTGGTCTCCACCATTTTTAAGAAAAGCTTCTGCGACACAAAGATCTTGATAAGGTTTGTAGTTGTGTTGCTTTTCACTGAAAGTTCCCAGAATGATTTTGTCGGGATGTTTTTGAATTAGCTGTCCAAACTTGGCATCAGCTTCAAGCAATCCTTTTTCGGGTTCAGAAAAGATCACGTCGAATCCGACAGAGCTCACGCCATTATCGATAAGCTTTTCAGTCATTTCGCTGACAAGTTCGCGGCTCCATGGCCAGCGGCCGATTTCCCGCAAAGAGGCGTCGTCCAAGGCGATTAAGGCCACCGGAGCTTGAGAGTTCGAAGGTTTTTTGAGTTTGTATTTCAAATCATTAAAGCGCAGATCCAAAACCTCGACGATATCCATGAATTGATTTTCGCCGCGTTGAATAGCTGGGGTGGCTTTGTACTTATAGTATGACAGAGAAAATGCAAAGATCCCGAGGGTGATTATAAATCCGATAAGTAGGCTAATTCTTTCTGTTTTCATGGCCTATCTGTCGGCATTTTATGGATAAATCGGAGACTAGTTAAGCGAGTCCAGGTGGCTGGACTTCGGAGGGGGAGTCGGCTAGCCTTGGGGTATGAACAAGATCGTCTTATTAAAAATTATGATGATGGTTACGACCCTTTTCATGGTCCTTTATGCGATGCGCGAATTGCGCCAGCCTTCCAAGGTCCTGAGAGCGAACAGTAATAACCCGGTTTTTTTACTTTTTGGAAACACCGGCAAATAGGTTAGATATTGACTTTGCTGGTCGTAGGCCCTAATTTGGGCGCTTCCGACACGTTCAGAAGTAGCTCAGTCGGTAGAGCAAGCGGCTGTTAACCGCTGGGTCGGGGGTTCGAGTCCCTCCTTCTGAGCCATTTTTTATTTCAAATCACAACCCTTAAAAATTGAATACCACGACGAAAGCTTCCAGCGTTCTTGGGAGAAATATCACCGCATTCACGCATCTCCTCCTGCATACTTTTTCTTTGTTCTTACAACTCAACAAGGAGATCCGTAGATGAAAAAGCTTTTGAGCTTATTCTTAGCCACATCTTTTTTTGCCATTGCAGCACCTGCTTTCGAAGCAGAAGGAAAATTCAGAATCGGAGACGATGAGTTCGAACCACCTTACGTTCAATTGGAAAACGGACAAGTAATTCAAACCGATGATGCCGGCACAAACGAGTACCGAGGTCGTCGTTCTTGGTGCGGTAAAGGTTATGAGCGAGTCGCTCGCTGGCGTTGGGATGCCCGCAAACACCGTTGGGATTTTGCTGGATACACTTGCCGCAAATATCGTGGCGATAATAACCGTTGGGGCCGAGGTGGCA
NZ_CP178621.1_gap9	142969	144598	1629	AAAGCGCTTCACTCGTCATTCCTAGTCTTGCGTGGCACTATTATCAGAGAGGAGTCACCTATGAAAGGCCTAAAATTCATGAAAGAAAGCTGGGTTCGAGTGCTGACTCTTTCGGTCTGTTTTTTTCTCTTTCTGTGGCTCTGTTCCCACCTTCGAAGCTTAATCACTCAAAATAAAAAGCAATTACGCCCGTCATAGACTCTTAGTCACCGAATCTTCAAACCCCCGTCAATGACTCGCCTGAGCAATGGCTCTATAAACTCGGTTATGAGGGGGACTCATGACAAAGACAAAAGAGGTTTCAAATATTTGGAAGGTCATTTTGGCTTCCAGTGCCGGTACTTTGATTGAATGGTATGACTTTTACATCTTTGGATCTTTAGCCACCATTATCGCAGAACAGTTTTTCCCAAAAGGAAATCCTACAGTCGCACTCTTAAGCACGCTTGCAACTTTCGCCACGGGCTTTATCGTTCGTCCTTTTGGCGCGCTTGTGTTTGGTCGAATGGGTGATGTCGTTGGTCGCAAGTATGCCTTCATGGTGACTCTTCTGATCATGGGTGCTTCCACCACAGCGATTGGTCTGTTACCGAACTATGAACAAATTGGAATCATCGCGCCGATTGGTTTGTTGTTGTTACGACTTCTTCAAGGTTTAGCGTTAGGTGGAGAGTACGGCGGAGCCGCGACCTACGTTGCAGAACATAGCCCTGATGGAAAGCGGGGCTATTACACAAGCTACATTCAAACGACGGCGACCTTGGGCCTCTTTGTTTCGTTAGGAGTTATCCTGCTAACACGCTTGGGCCTTGGCGAAGAAACTTTCAAAGAGTGGGGCTGGCGTTTACCATTTATTCTTTCGGTGGTCTTAGTTATTTTCAGCTACTTCATTCGTAAACGCATGAGTGAGTCTCCGGTGTTCCTCGAGATGAAAGCATCAGGAAAAACTTCAAGTCATCCATTGCATGATAGCTTCTTTGTACCAGAAAATCGCAGGATGGTTTTACTAGCACTCTTTGGAGCGACTGCAGGACAAGGGGTTGTATGGTACACGGGCCAATTCTATGCCCTTTACTTCTTGCAGACAGTGTTGAAGGTAGACTTTGTCTTAGCGAATAAGATCATTGCAATCGCGCTGTTATTTGGAACGCCGTTCTTTATCGTCTTTGGTGCACTCTCGGATCGTATCGGAAGAAAAGGCATTATGCTAAGTGGAATGGTGATCGCAGCGATTTGCTATATTCCAATATACCAAGCAATGGAAAAGTACGCGACGTTGCCTGACGGTCCGGATGTAAGCATGCTGGTTCTGTTAGTATTCATTCAGGTGATTTTCGTGACCATGGTGTACGGACCGATTGCCGCGTTCTTGGTGGAGCTCTTCCCAACAAAGATTCGCTACACTTCTATGTCTTTGCCTTATCATATTGGCAACGGGGTGTTTGGGGGATTAGTTCCTTTCATCGGAACTGCGGTTGTTGCAAGTACCGGGAATCATTTTGCGGGCTTAATCTATCCGATTTGTGTGGCGTTAATAACGGCTGTCATCGGTGCTATTTGGATTAAAGAAAAACGCGATGTGAAGTGGCATGGTTAGAAAATAAAAAAAGGGCCTTTGGGGCCCTTTTT
NZ_CP178621.1_gap10	195133	198897	3764	TGCTTATTACGGGCCCCACGTTCGAGATGAGGTGGCTATTTAAACCGCCCCAGACAGAGGTCCAGTTCAAAGATGAAACATTCGTTTTAATGGCCCCGCCAGAGTTCAAAACAATACAGCTCAAATAAACAATAAGGCTTAATACCCAAAAATTTAATAATCAGTTTCTAACCATCTTAGATTGAGATAGCATCATATATAGGAGGACCTCGAGAGTCCTCTTAGAAGCCACTAGACCGTGGAGCAACTCTTCACAAGGAGTGAACTATGGCCTCACCTTTAGATCTGAAGCAAATCGTATCAAATTGGCAGAATTCCGGCGAGCGCGTGAATGCCCACTGGTCAGGAAGTTTCGATGATTATTTGGCTCTTGTAAAAAAGAACCCAAAAGTCACCCGCAATGCCTATCAACGTCTCTATGACATGATCATGGAGTCGGGCACTGAGGACTACATCGACTTCAAAAAACAAGTCACTCGTTACAAGTTTTTTGACGATGCTGCCAACAATGGTAAAGACGCGGTCTTCGGGTTGGATGTGGCGCTGATGAAACTTGTGAACGTACTAAGAGCGGCGTCTCTTGGTTACGGCACCGAAAAACGTGTGATCCTTTTGCACGGTCCGGTGGGAAGCGCGAAATCTACGATTTGCCGTATGATCAAAAAAGGTCTTGAGGCTTATTCGAAAACAGATTCGGGTCCACTTTATACTTTTGAGTGGGTGGATGAAGATGGAAAATTGGACGGTCTTCTTGGTAAGGGCGCAAAAGTGTTCCCAAGCCCAATGCATGAAGAGCCTTTGCTCCTCATTCCTGAAGAACTTCGTCCGAAAATTTGTGAAGAACTCAATCGCGGTCAAGAAGGCACATTCCGCGTGCATATTGATGGTGAGCTCAGCCCACCAAGCCGCTTTATCTTCCGTTCTTTGATGGATCGCTATCATGGCGATTTGATGAAAGTGCTTTCTCACGTACGTGTGAAACGCATGTTCTTGTCAGAGGCTGATCGTATCGGTATCGGTACTTTCCAACCGAAAGATGAAAAGAATCAAGACTCTACGGAATTAACTGGTGATATCAACTATCGTAAGATTGCTGAGTACGGTTCGGATTCAGATCCACGTGCTTTCAACTTCGACGGGGAGTTCAACGTTGCCAATCGCGGGATCATCGAGTTCGTCGAGGTTCTGAAATTAGACGTGGCCTTCTTGTACGATCTTTTGGGAGCTTCTCAAGAGCACAGAGTAAAGCCTAAAAAGTTCGCTCAAACTCATATCGACGAAGTGATCATCGGTCATACGAATGAGCCTGAGTATCGTCGTCTTCAAGACAATGAGTTCATGGAAGCCCTCCGTGACCGTACGGTGAAAATCGATATTCCGTACATCACTCGTTGGAAAGAAGAAGTGAATATCTACAAAAAAGACTTCAACTCTCAAAAACTGAGAGGCATCAGTATCGCTCCGCATACCATTGAAATGGCGGCGATGTGGGCGATCCTGACTCGTTTGGAAAAACCTAAGAAGGCGAATCTGACGAGATTGCAAAAATTGAAACTGTATAACGGTAAAACTTTGCCGAACTATACGGAAGACAACGTGAAAGAGCTCCGTAAAGAAACTATTCGCGAAGGTCTTGAGGGTATTTCTCCTCGTTACATCCAAGATAAGCTTTCAAATGCCTTGGTGGCGGCTCAGCAGAACAATAAAGGTTCTGTGAATCCGTTCATGGTGCTGAATGAGCTTGAATCTGGATTAAAAAATCACTCTTTGCTTTCTAACGAAGAGCTCAAAGCGGATTACCGTGAGCTATTGGGTGTGGTGAAGCAAGAGTACGAAGAAATTATTAAAGCGGAAGTGCAAAGAGCAATCAGTGCCGATGAAAGCGCGCTCCAACGTTTGTGCGCAAACTACATCGACAATGTGAAAGCCTACACTCAGAAAGAAAAAGTCCGTAACCAATTCACGGGTCAGGATGAGGAGCCAGATGAGCGTCTCATGCGCTCGATCGAAGAAAAGATCGAGATCCCTGAATCCCGCAAAGATGATTTCCGTCGCGAGATCATGAATTACATCGGGGCTTTGGCGATTGAAGGCAAGAAGTTCAACTATAAGATGAACGAACGTCTTCATAAGGCTTTGGAATTGAAACTTTTTGAAGATCAAAAAGACAGTATCAAGCTGACTTCTTTGGTGTCTTCTGTGACCGACAAAGACACGCAAGAGAAGATCGATATCGTGAAGACCCGTTTGATTAAGGATTTCGGTTACGATGATGTTTCCGCAACTGATGTCCTCCATTATGTGGCAAGTATCTTTGCCCGTGGGGACGTCAAAAACAAGTAGTGTGAAAAATGTCGATTAAAGAAGACCACAATCGGTTTAAGGATATCGTTAAGGGAAAGGTGAAAGAGGACTTTAAGAAGTACGTCACCCAAGGGGAGATGATTGGCAAAAGAGAGAATGATTTTGTCAAAATTCCCCTCCCTCACATTGAGATTCCGAATTTCCGTTATGGTCCAAAACAACAAGGCGGCGTTGGCCAAGGGCAAGGACAACCTGGCGAAGGGGTTGGCGAGCCTGGTGATGGCCAAGGCCAAGCCGGTGAAAATCCCGGCGAGCACTTGTTGGAAGTCGAACTCAGCATGGATGAACTTGCTGATATCCTGGGCGAGAAGTTAGAGCTTCCGCGCATCGAACCTAAAGGCAATAAAAACATTGAAATGGAAAAAACCCGTTACTCAGGAATGGCCCCGGTCGGACCTGAGGGGCTTCGTAACTTCAAGTCTTCTTATAAGAAGGCTTTGAAGCGTTATGTGAGTTCAGGGATCTATAATCCTGAAGACCCGGTGATCGTGCCGATCCGTCGGGATTTCCAGTATCGCAGCTTTAAAAAAGTAACCAAGCCCATGGCGAAAGCCGTCGTAATCTATATGATGGACGTCTCTGGCTCTATGGGAGACGAGCAAAAAGAAATCGTTCGTCTAGAAAGTTTCTGGATTAATACTTGGCTGAAGAAGCATTACAAGGGCCTTGAAACCCGCTTCATCATTCACGATGCCGCAGCCAAAGAAGTCGACGAGGACACTTTCTTCAGAACGAGTGAATCGGGTGGTACTTTGATTAGCTCGGCTTATAAACTTTGCCAACAGATCATTGAAACGGACTATCCGGTGAATGAATGGAATATCTATCCATTCCATTTTAGTGACGGTGACAACTGGAGTGGCGAAGACACTCGTTTGTGCACAAAACTTTTGAAAGAATTCTTCCTACCAAAGACGAATGTCTTTTGTTACGGCCAAGTTGAGAGTAAATACGGCAGCGGTCAGTTCTTAAAAGATTTGCAGAAAGAATTCGGCACCGACGAGCGAATTATCTGCAGCCAAATTGAAAGCAGAGATAAAATTCTGGATTCCATTAAGGACTTCTTAGGGAAAGGGAAATAAGCCATGGCAAATCTCACTCCCGAACTAGAACGTGAAAGACAGAGAATCTGCCAAATCGCCAAAGATGCAGGGCTTGATTTTTTCGAAACGATTTTCGAGCTCATCACCTATGACCAAATCAATCAATTTGCTGCTTACGGGGGTTTTCCCGTTAGATATCCACATTGGAAATTCGGGATGGAATATGAACATCTCTCGAAATCCTATGAGTATGGTCTTTCTAAAATTTACGAAATGGTGATCAACACCGATCCTTGTTATGCCTACCTAATGGAAGGTAACGCCATGATGGACCAAAAACTGGTTATGGCGCACGTG
NZ_CP178621.1_gap11	200064	204088	4024	GGACCTAGTCCGAATCCATCTAACACAGAGAACGGGAATTGAATCAAAAGAACACAAAGCTAGTATACTCTACCGATCCTAGGGATCAGCTGTGCTCGAAGTGCAAAGAGTACATTTCTGAGTGCACCTGCGTTAAACAGGATCTCGTTCAGTCTCGAAACTTTACGGCAATATTTCGCTTGGAAAAAAACGCGCGCGGCGGCAAGGTAGTGACTGTCGTCGACGGCTTACCTAAAATTGAAGCTTATCTAAAGGAGTTGTCGAAGGAGCTCAAGACAAAATGCGGTGTTGGTGGTACATACTCTGTCTCGGGAAAAGAAGGACTGATCGAGATACAAGGTGACAAACGCGAGCAAATTAAAAAGATTTTTGAGCAAAAAGGGATAAAATATAAAGGCATGTGAGACTTGCCTGTAAAAAACTTTTGTTCTGGATGTGAGCAATACTAGCCTTGTCAATAATATGCTGTTTCAGAGAGCATATTGAGTGCAAGGGGAGAGATGTAAAGTGGCCCAATTAAATAGACGCATTTTGATAGTAGATGATTATGAAGAAAGTTGTAAGCTGCTCTCGGAAATCCTGAGCTCAACTTATGAATGTTATTACACATCTGATAGCACGAAGGCATTTAGCCTGGTGACCGAGAAAAAACCTGATTTGATTCTTCTTGATTATAAAATGCCGGGTCTGATGGGTATCGATATTTGCAAAATGATCCGTGAAAACGAGTCTACAAAAAACACACCTATTATTTTCGTATCAGGTGCTGCGACGATTGATGAAAAAATCCGCGCTTTTGAACAAGGTGCTGATGACTTTATTTCTAAGCCATTCCATGTGAAAGAGCTCATTCTTCGTATTAAGGCTCGCTTGTCTGAAAAAGATCAGGATTTGGGTGCGGAACTTCAAGCTGCAAACTTACGCATGAACTTGCTTTCACGCCAAGTCTTTGTCGGCGGTGAAGAGGTTCAATTAACTCCTAAGCAGTTCGACATCCTCAAAATGCTTGTTTCTAACAAGAACAATCTTGTGACTCGTGAGAGATGTTTGGATGAAATCTGGGGTGATACTGAAGTGACTTCACGTAACGTGGATTCGCAAATCAATTACCTTAAGCGCAAAATTAATAAATTCCACGGTAAGATCTTGGCTGTTCCAAGCTTGGGTTATCGTTTGGAAGTTCAAGATTAGAGTCACTCGAGAAATTACATGACTAAAAAAAGCCAGGCGAACCCTGGCTTTTTTATTTCTTTGCTAAAGTGGACAGTAAGTAATGACGATCACACCGTTTGCGCCAGCGCCACCTGTAGGTGGGCTTCTTGCACAGAATCCGTTTCCTCCGCCTCCGCCGCCGTAGTTACCCGCTGCACCACCGGCACCCGAGTTGCCCACTCCGGTCGCGCCACCACCACCACCACTGCCTGCAATCGAAGGAGAAGTTGCTAAATCATTCCCAGCACTACCGGCCTGAGGATTCGGTGTAGAGGCACTATTAGCACCTCCGGCACCACCGCCGCCATTACTGGGACTGGCGCCGCCGTAAACCCCGCCGCCAGTATTAAGATAGTTTTTTCCTCCAGCATTGCTGCTGCCAACAGTTCCGCCGCCATGACCGCCACCACCGCCGCCAACACCAGTAGCTCCCGGATTTGCGCCGTTTGCACCGTTTCCGTTGGGTCCACCAGCGCCGCCGCCGCCGCCACCACCTGATGTTGAAGAGCCCCGTGCGCCCCCATTGCCTCCGGCTTTAGTGACATCACCTATAGAAGTGCCAGCACTGCCGCCCGCACCACCGCCGCTCGACGAACCTTTAAGCCCTGCTTTAGCAAGAAGTGTTGAGGTGTCGACGAACCATGTATCTGTACCATCGCCATTGGAATTTCCTTTGGCTCCAATTTGATAGGTCACGTTCCCAGGATAAGTGAGTGTCAGATTATTTTTTCTCGCGTAGGCACCGCCGCCGCCACCACCATTTGAATCGTTACTACACCAAGTTCCCGTACCACCGCCACCACCGCCGCCGCCAATGGCTTCGATTCGATTGTCGGTGTTATTCCAATCACTCGGGATCGCCCAAGATGTGCCCGAAGTTAAAACCACGGTCGTGTAACTTGGGCAACCACCGGTTGCAGTGGTCTTCCAGAATGCAAAAGGCAAAAGTCCAGCATATGAAGTTGAGGCTAAAATCAAACCGGTTATATAGACGAAAAAGTATTTTAGTTTCATGTGTCCATTTTAACTGGCCACACACTTACCTCTACCGAATTGCGACTATCTAGACATGTTTCTGTTACACTACGTAACCAAAACTTATCAGCCTCTAATTAGTTAGGAGACATCATTTGATTTCTTCTTGAACGATAGATTCATTCGCAACACAGAACATATTATTGGAAACAAAGATTACAGAATTAGGGCTAGTCGTTCCTTTTGAAAGCTCAACCAATTTGTTTCTAAACTCGTTAAAAGCTTCAAAGGCTTTTTGCTCGCTGTCTCGATCAAAACTCAGAGACATCATTTCAAAACGTAGTGGCTTGTAGGTGGTCGCATCCTCAGTGGCTTGTGCCGCCAATTTGAGGCCTATTTTATAGCGTTCAAATCCTTCAGTACCAGTGAGGGCCTGTCCGTGAACGAATTCATTAGCTACAGTAGAGGATTGTGAAAACTGAGCTAGCACCTGCTCAATTTCATGAATCTTTACACCTTTAACACTCAGTTGTTGCTGAACCCAATTCGCTTCATTCTTAAAAGAGGGAAATCGGTGCAAAGATTTGATAATCATATGAAGAGAACTATCAAATACAAAGTCATTTTTAACGAGATCGTTCAGATCCGGCAAAGGGAGATGTTCTAAAGAACGAATCATGCTGAGGAGATTTGCAAAGAAGCTTTTCATCGCCTTGTCAGTCATCAGGTTCTCGAGCACTAAAAAGTAGAAATACGTTTTTTGCCGTGAATCCATGTTAAAGGCTTCAGCGACTTTTCTCATATTTTCGACAGAAATATGCCTTTGCTGATCCATCACCATTTTTAGAAAAGATTTTGATATACCGATCTTGTCGGCAATTTTTTGTAAGGACATTTTTTTTCGTTCAGATTTCAAACTTACAAAGAGCTTTTTTAGTAGGAGACGATAGTCTTTTGCTTCGAAGATGGTGTCTTTGTTCATTCGCAAAGAGTACCAAAAAAGGTGTGTGAGGCAAGGGGCAAAAACGTTCACTCTCAGTGAACAAAGTGCCGCTTCGTAGGTAGTGTCAAACAGAGTTACATAAGTTCTTTCTCATACAAGTTTTAAACTCAATACGTTGTGGCCTTCGACTTGCAAAAATCTCCAGCGTTGATAACAACAAAAACAAAGGAGTCTTTATGAAAATGAAATTTGCTTTTTTGGGAGCACTTGCATCTTTGCTGACGACGTCAGTTCAAAGCCACGGGTTGACCCAACAAGAATTTATCAATGAGTGCTTTTCTCAGGTGACTGTTAACGGAAGCTCGGGACCTCATTTGGTGTGCAAAGCGAAAACTAGAGCAGATGCCGAGAAATTGGCATCTATCGGTATTGATCCCGTATTTGAGATCAACACTACGAAGGGTTCTGCCGGCAGCCAATACGCCCAAGGAAAAACTTTGATGATGGGTGTTGCTGTGCCAGTTAAAGGTTTAGTCTTTAAGAAGTATTTACGTGTTAATTGTGTTGAAGAACTGGATTCGTCAGTAAGTGCCTCTCAAGGCATCATTGTTGATATTGAAAATAGAGTTGATTTCACGACCACTGCCAATGTGAATTGCGATTAGTCGTTGTGAAAAACTGAGCGAGGGCTAAAAATTAAAAAACTAGCCCTCGTCATTTTTTATTAGAAGATATCTTTTTTAAACTCGCGATTCGGAGTTGTTTCATTGACCTTGGTGACGTTGAAATAGATTCGTCCGATCTCACGTCCATCCGTTGTCTCAACACTCACCCTGAATTCACCGTCGGTGTAGTTTTGTTTTGTGGCATAGCCGCGATAACCTTTTTCACGTC
NZ_CP178621.1_gap12	360471	362687	2216	ACACAGCGGAACCGATAGATGCGTTCCTCAAGCCCGCCTGAAAGAGCCGTGATGCCGTCGACGTCGAAAGTTTTGTTGGCACCTTTAAGCCCCAACACGTCGATCTTCCAAGGGCCTAGATTCCATTTTTTGACTTTCTCTTGGACAGCGTCTTTGTCGAGACTGAATTCGTAGAAGTTGTTATATCCTGTCGCGAATTCTTCTTTCGTCGCGGGACGATCTTTGTCATTCACAACATATGTCGAATTCTTTTTAAAAGTGAGCTTCTTCAGTTCTTCCTTAGCCCAGGCTTCAGGTATCAAGCCGCTTGTGACAAGGCCAGCTGCTCCAAGTCCCGCCGCTTTTAAGAGAGTGCGGCGATGGAAGTAGACTTCTTCAGGGGTCACGAGGTTTTCAGAAATCTCCCAGGACTTTTTGACTCTTGTAAGCATAGGTCTTCCTTTTTTAGAAGCTACATGGGAAATTATAAGAATGAAACTCACGGGCTCACAAACAAAATTTTTGCGCTGGACTTTGCGTGCGAGTTTCCTTCTACCGCTAGTGTACTGGGTCTATATGGGTCTACAAGGTGAGCTCGGAGTGCAACCCATTGTGACTGTAAATCGGCAGACGGGTTATGTGCTGTTATTCCTGATTCTGGCGAACCTGTGGCTTGGTGTTTTCATTCGCAGAAAATGGTTGGGACCACAGTGGATGCGTTGGATCTTTTCAGAACGCAGGTCTTTGGGGATCGCCGCTGGTTGCTATGTGATCTTGCATTTTGGTGCCTACTTAGGTCGTGAAGCTTTCGAGTCCAAGGCATTTGTTCAAATTTTTGAAAAGTTCTATCTGACAATGGGTTTTTTTGCGATGTGTATGGTTCTTGCCATGGCATTTACATCCAATGATTTTAGCGTCAAAAAACTAGGCTTTCAGCGGTGGAAAACTCTGCACCGCATGATTCATGTCGCTAGTATCTTTATCCTGATTCACATTTTCCTTATTGAAAAAGGCAATTTGCCACTGATGGCAATTATGACGTTTCCACTAATCCCATTCCAAATCTACCGGTTTTATGGCGCACTCATGCGGAAGCGCAAAAAAACATAGATTTCAAATTGAAACTCACAGAAAATAAGAGCGTTGATCTGTAAAGGAGATTGTTTATGAAATTCTTCAAAATTTTGTTGGTGCTGGGACTTGCTGGATCTGTTGTATACGCTACTGATAAAGCGCAAGTCGTAAAACAAAAAGCCTCTGAAACTGTAGATGCCGCTAGCGAATATACAAAAGAGCAAAAAGAAGCGATTCAAAAAAGCTATGATGAAAAAATGAAAGCTATCTCTGACGAAATCGCTGATCTTAAAAAAGATGCAAAAACAGCCAGCGGCAAAGCCAAAGATGGTCTTGATAAAGAAATTAAAGATCTCGAAAAAAAACAAAAAGCTCTTCAAAAAGATATGGCTCGCTGGAAAGAAAGCTCAGGCAAAGCTTGGGAAGAAATGAAATCCGGTATGAGTGCCGCTATGGATAAGATCAGTGAGTCTTATCAAAAAGCTAAAAAGGAATTTACAGAAAAAACATCTGAGTAGGTCTTGTGGCATCTTTTTCTTCTCGTTTAAATTTTGTGAGTCAGTGGCCATCCCCAAAGAAATTTGGGGATGATGTTTTGTTGATCTATGATCGTATTTTTGATCGCCATCCAAAAGTAGCGTCTTGGGTAAAGCAATTCCCGATCCGCTATGCTGTTAAATCCGGCGAAGACCTCAAAAGCCTCCAAAGCTTCCCAGTTCACATGAATACTATCTTGCAAAAGACTCATCATCTGTCTGCAAGACGTTTGAAGATTGTCGTGCTTGGTGGCGGCAGCGTCGGGGATTTTGGTGGATTCGTTGCCAGCGTTTACAAACGCGGTGTGGAACTTATTCATATTCCGAGTACTTGGCTTTCGGCGATGGATTCTGCTCATGGTGGAAAAACGGCGTTGAATGCCCGTGGTGCTAAAAACCAAGTAGGAACTTTTTATCCCGCCAAAGAAGTTTACCTGGTGAAGCCTTTGTTATTGGCTCAACCTGCAGAGAGAGGCTTTGAGGCCCTTGGTGAGCTGATCAAGATGGCTTTGCTTGCTGGCGGGCCTTTGTATCGCAAGCTCAACGCAGTTTCGACACTAAACGCGGGAACCTTGTGGCAGTTGTTACCTCTGGTCATTCGCGAAAAATATAAAATCGTGCAGAAAG
NZ_CP178621.1_gap13	381781	386171	4390	ATGTTCAAGCGCACGAAACTCAAGTGATGGAGCTACCAACTTTGTTTCACTTAAAAACTGATATCGATTGTGAATTGCCAGTGGGGCAGAGCTTTTCTTTTCTGAAGGCTTGTCAGGCTTTGCACCCAACTCCAGCCTTGGGGGTTTCGCCCCGCAGTTTTGATTATCAGTGGATGAAGACCTTGCCCGAGCAAAAAGGGCGCGGCGGTTTCGGAGCTCCATGGGGCTTGCAGTGGTCCCGTGAAGAAGCCCTCTGTTTGGTAGCTATTCGTAACATTCAGTGGAGCGCTGCCGGGTCCAGAATTGGTTCCGGATGTGGTATCGTCGCGCAGAGTGATTTACAACAAGAGTGGAGAGAACTGTCGCACAAACGGCAGTCCGTGAAAAAGGTGTTGGGATTAGAGTCATGACAAATATGCAGTTGGCAGCCAAGGTGTTGCAAGGGTTGGTATCTTCCGGAATTCGTGAGTTCTGTCTCTGTGCGGGGGCACGCAATAGTCCCTTCGTTCACATTTTAGAAGAGAACAAAGACGTCAAAGTTTATTCTTTTTTTGAAGAGCGTTCGGCGGCTTTCTTTGCACTAGGTCGCATGGCTAAAACGCAAAGACCTATGGCGGTCATCACAACTTCAGGGACAGCGGTTGCCGAGCTTTTGCCAGCGGCAATTGAAGCGACTTATTCCTCTTTGCCATTAGTGATGGTGACGGCAGATCGTCCGAAATCCTATCGTGGTTCGGGGGCTCCTCAGAGTATCGAGCAAGTTGGGATTTTTTCTTACTATATCGAAGCGTCTTTGGACATCGATGCCGAGAACCATCACTTTTCAATGAAGGGCCTTACTTGGAAAAAGCCCGTGCATATCAATGTGTGCTTTAGCGAGCCCCTCATTGACGGCCCTGTTGCGAAGCTAGATCTTACTTCTACGAGTGAGTGGGTGAAGTTTCCAGAGCAGTGTGAACCCAATGCAGGTCACGACACGACTCACTTCCTGAAGATCTACAATCCGATTGTGATTTTAGGAACATTGCCTTCAAAGGCGCAGCTGCCGATTTTGAATTTTCTTAAAAAAATTCAGTGCCCGATTTATGCAGAAGGTATTTCAGGTCTGCGTGGGCATCCTGATTTGAGTCACTTAGAAATCCGCTCTGGAGAAAACTACATCAATCACCTTTTGGACCAAGGCATTTGCAATGCGGTTCTGCGTATTGGTGGAGTTCCGACCGTACGGTTGTGGAGAGACCTTGAAGACAAACGTAAAAACCTGCCGGTTTTGTCTGTGGGATATAATCACTACTCGGGGTTAAGCCGTGAGGTGACTCACTTTACCCATCTAGCATCACTAGCCGTGATTCAAAGCCCAGAACACTTTAAAGATTTGGGTCCTTTGTTGAAGGAAGATCTTCAGCGCGCGAATGTGAAAGAGGACCTGTTGGCGAAGTATCCACGCTCTGAGCAAGGCTTGGTTTGGTCCCTTTCGAAAAAAATGAAGGGGCAATCAGTTTACCTTGGCAACAGTTTGCCAATTCGCCACTGGGATTTGGCAGCCGATTTTGATTCTTATCCTGGTCGTGTAGTTGGAAATCGCGGAGCTAACGGGATTGACGGTCAAGTTTCTACGTTCTTGGGCTGGGCCGAACCGAGTACTGAGAACTGGTGCATCGTTGGCGATTTGACGGCGATGTATGATTTGTCTTCTTTGTGGATTACGCCTCAGCTAGAGAATAAAAAAATGCGTCTTGTTGTGATCAACAATCGTGGTGGTCAGATCTTCCAGCGTATGTTCAAAAAAGACATCTTCTTAAATCGTCACGAAATCGAGTTCAGCCATTGGGCAAAAATGTTCAACTGGGATTACCAGGACTGGTCAACAATCCCTGCCGAGACCAATTTGAGCGATCGCCAATTGATCGAGCTGATTCCAGATCCGCAACAAACTGATGATTTCTTAAGGGAGTGGGAACAGCTTTGGAAAAAATAAAGATTCTCTGTCTTCATGGTTTCATGGGTCTGCCGACCGATTGGGATCTGATACAAAGTTACTTTATGGTTTCGCCTTTAGCCCATCAGTTCGAGTGGCGCTCGGTGGATTATATGAAAACGCCGGGCCTAGATTCCAAAAACAGTTTTGAAAACTGGGCAAAGAACTTCAATCAAAAAATCCGTGTGCAATTTCCCACGGGCCCTCGAGTTTTAGTGGGTTATTCTTTGGGGGGACGCTTAGCCCTTCAGGCTTTGAAGCAAGATCCTGCATTGTATGATAAAGCAATCTTCATTTCGACGAACCCTGGTTTGCAACGAGACAAAGAGAAGCAAGAACGTCAGGCGAATGATGAACAGTGGGCGAAAAAGTTTTTAGAATACCCATGGGAAACACTGATGAGAGAGTGGAATGCCCAAGGTGTTTTCAAAGACAGTCTGACAGAGCCACAAAGACTTGAAACGAGCTATCAACGCCCGCAGTTAGCCCAGGCATTGACCGAGTGGTCGTTAGCGGGCCAAGAAGATTTCCGGGATTTGATTACTCGACAGAGTGAGAAGATTTTGTGGGTCAGCGGAGAGAAAGATATTAAGTTTGCAAGTATTGCGATGGATCTTAAGAAACGTGCGCCTGCTATTCAGACCGAGATTTTTCCGAAAGCATCTCACCGGGTGTTATTTGATCAACCCAGTGAGCTTGCACAGAAGATGATTTCTTTTATAGAGTTTTAACAGCCAACATGATCCAAGTGAGGTAGATGCTGGCGTTCGTGATCGCAACGGACTTGTTGCATGTGCTGTCGTCGTCATTCACTCCACGAGTAGAAACGCCCCACAAAAGGTATTGGCCTTTAGATCCATTTTTTCCAGGAATATACACGTAAGCAGGACCGCCAGAGTCACCATGGCAAACGCCAGTGCCCTTCGTTTGATCCAATGTGATTTCTGTCGAACTGAAATTTGGATCCGCGATTTTTAAATTTCCAACGCGAAGAACTCCAACACTTGTAGGATCGCTCGCATCGCTCAAGCCGTAACCTAAAACTGATACAGGAGTCTCTTCACGAAGAATCGAGTAGTCTTCAAGGAAGGTTACAGGTTTGTAACCCACTGGCAATTCAGTGCCGTCAAACTTGATCACGGCGATGTCACCAGTATCGTAGCTTTCAAGTTGGCGCATTTCCCAGTATGGAGAGTATTTAGCAGCCAAAACTTGGCGACGTTCTGTTTTGCCATTTGGTCTTGCAGCGAAGAAGACATAAAGATTGGTTTGGTCTTCGGTGTCCAGGCAGTGAGCTGCCGTCAGAACGTGATTGTTATCCAAGATGGAGCCTGTGCATACATCCTTGGTAACTTTGTTCACGATAAAAACAACGCTTTTAGCGAGCTCGTTGTCGTTTTGAATTTCGCGTCCATTCACGATGTCTTGGGTGTCTTCAGATTCGAAGTTTTCGGCTTTAAAGTTGTCCGCAAGAGTGCAGGCCGAGAGCATGGTTGCCATCAAACTTACGCTGATCAATGATGCGATTTTATTAGAACCCCTCATAGCAGACCCCATCCCTAAACCCCCAGAAAAACGAGCACTTGAAGCGCTGCGTTGTGAGGCATAATCGCTGATTTTGGAGGCTTTCACAAGGGAAAGTTAGAGACCCCAACGAATTCGTTTTAAAGCGCGCTTTTTTATAAACTTTACATGGGTTTGATCAAGCCTATCGATGGGTCCCGTCACCGCATCTTGCGTTTTCGGAGAAAAAACAGAAACGCTTTTTCCGATGAGGCGAGGATTACAAACATCCAAATCTGAGAATGGTTTTGAGGTGTGAATTCCCTCAGACAAGGGCTCTATGCTGCCTTTTGCGGGTCTCTAAGATGAATTGATATGTTCCATTTTTAAAGCTGGGGACCTGAGGACATCTCGATAGAGTTTGTATAAGCGGATCGTTATACTAAATAAAACAGGGGAAGAAATATGAGCCGCACGTTAATTAGGTTTGCGCTTGCTGTTCTAGTATCATCATCATTTGTTCTGTTTTTTCAAAACTGTGGCCCAGCCAAGTTATCCGCCGATGGTCCTTTCCTTTCAGGAGGAATCGACCTGAGCTCTACCGTTGGATCAAAAGTAGACCTTCAAATTCTTTTGGCTGTAGCTTCTCAGGAAAGTGCCAATAATGTTCTCTACCCAAACGTTGATCCTAGCCTGAATCAATATGACTACGCAGAGGCTAGTCCTATCATTGAAAACATAGTTTTGAAGAATAACGATTTTACGAAAATCGCGTGGGTGCACGGTCCGTCTTCGTCCATTGTTGCTTTGGGTGATGCTTACAATAATGTTCATTATAGTGCGGATCGCGCGGGCGAGTATTATATCTTTGGGTACCGTGCGGATACGCCTTACTTGCTGACTCGTTTT
NZ_CP178621.1_gap14	389771	394279	4508	ATTTTTTTAAAATCCGGTCCTTCAAGTTGGAACATCTTTGCTGCAGGATCAGGAACGCCCCAGATTTGCAGGTCAGCTTGGCCGATTTTCAAAGTGCGACTGTCATTAACAAGCACATTGAAGCCGATCTTACTAAAAGCGGGAACGCTCTTGGTTCCGTCCCAGTAGTATTCATGATTGCCAGGAACAAAGAAGCTTCCGTACTTGCTGGTAATTTTCTTTAGAAGTTCTAAGTCACTGACATAGCGAGAAGGAATATCATCCAGAATATCTCCGGTGTAGACGACCATGTCCACAGGCTTTTCCTCAGCGACTTTGATCAATTGATGGATAAATCGTGTCGGGAGGCTGCGGCTGATGTGCAGATCCGTGATATGCAAAATACGCAAACCTTCAAGATCTTTAGGCAGATTATCAAACTTGATTGGAACTTCGATACGGCGAGGTCCTCTGCGAACCACTAAGGTGCCAACTGCAATAAAGAGAACCGGCAAGAGCAAAGTCGTCAGGCTTCCGGTGGCTCCATAGAGGGTATCATTGAGTGATGGAGATTCCATAAATTGCCCGGCAAATCCAAGGATGTCCCGAAGAACTACAAAGACAATCAGAAAGTTAATATAGGCAATGGCCATGTGAGTGAAAAAGAAAAACGTGTCATGCCAGGCTTTGTGCTCGCGGCTGGATTTCATCCAGAAAAATAGAGGCAGGCTTAACACCATCAAAAATAAAATAGCTAAAAAACCGATGATGGACATCGTTGCCCACAGAGGGAAATCCGCAAAGCGGGTCAGCTGCTGAGAAATGTAAAAAAACATCGCTGCGACAAGAATGAATATAACAGCTCGGAAGATTCCCATATTTGATTCTTTCTTATTTCAAAAGATCCCGTGGCCAGTATTTTTGTTTTTCGTCAGGCTTAATGAAACTCACACTAGCTGCAATGTCGTTAGCTTTGTTGAAGTCTTCAACTGTAAAGCCATGCACGCGGTGAAGAACTTCATAGTCATCGGAAAGCTGAGTGGCAAAAATTCCCGGATCATCTGAGTTAATCGTAACCTTGATCCCTGCTGCGATCAGCTCGCGAATCGGATGTTCTTCGTAGGTTTTAAAGGCTTGGGTCAACCAGTTACTGATGGGACAAACCTCTAAAGGAATGCCCTTTTCACGTACGTAAGACAGGATGCTTTTGTCTTTGATGATTTGGATTCCGTGGCCAATGCGTTCGGCGCCCAGAATGTCGATAGAATCTTTCACCCACTGCGCGGATTGTGGCGTATTGGCCTCGCCCGAATGAACCGTAATGCGCAGTCCTGCTTTGCGAGCGCGTTCAAAAAGCGGGGCAAACTGTTTGGGATCAAAACCCTCTTCGTTGTCGGCAAGGTCAATGGCCAAGAAGCTATCTTTGTGGTCGATGGCAAAGTCGCAGACGCGTTCGGCCTCAGCCACAGGTTTTATTCTTTGCATAATGCAAATTAGACCCACTGCCATGGGGAAGTTCTTTTTGGCTTGCTCGATTCCTTTGAGCAAAGCTTTGTGTATTTTTTCAAAACTGAGGGAGCTATGGCCATCAGCGATAAAACTGGGGGCATAGCGCAACTCCATGATGCGAACGCCGTCATTGTAGGCATCTTCGCAGGCCTCATAGGCTAAACGGGTCAGAACTTCTTCGGAATGCAGCAGCTTTTGTGCTCTTAGGAACTTATTCAGAACGGCACCAAGATCCTTCATCTGTCCTGTGACGAGAAGAAAATCTCTCTGAGCGTCGTAGTTTTTAGGCAATTCCAGTCCCAATTTGGGCGCTAATTCCACCATCGTGCTCCAACGCATTGAGCAGTCGAGGTGACGGTGAAGTTCCACTTTTGGTAAAGCTCTCAAATCATGGGAATAAAGTTTTGTTGATTTCATTCTTAAAGAGCTATCATTCCTGCCCCGTCCTATGCATCTCTTTTTGTTGACGCAAATACACACTCTGACAGAGGATAACTGCATATGACAGAACCAATGAAAATTGCCAATAAGCTTGCGGGAAATCCCACACAAGATCCTCAATTTAAAACTTCTATTTCAGTCAATGACGGCAAAAAGATTGCTGCCGTAGATCCTCGCGCCACTCGCGCCTTGATCTCTCTCATGGACATGAATGCGGTTCTTGGCGGAGCGGCCTCGCACTACGGCGGTCCTGCAGCCTTGGCAGAATTAATGTCAGCGCTTCATGCTCATGTTTTTCACGAAGCAAAATCGGGTGGCAAACAATGGTTCGACCTTTACAATTTGGTCAACGATGCTGGTCACTGTGAAAATGGTCTTTACGCTTTGAAGGCTAATTACGGAATGGCGGGATTGAATTTGAACTCGCTTAAAAAATTCCGCTCCATCGAAAGTCCACTGACAGGCCATGGTGAAGTTCACTGCTTCCCGCAAGGTGTGTTTGTTAGCAATGGTCCTTTGGGGTCTGCGTTTCCACAAACTCAAGGTTTGGCGATGGGCGATGCAATGGCCGGCCGTAACCGCGTGACGGTGACGGTGGTGTCTGATGGCGCCAGCATGGAAGGTGAAGCGAAAGAAGCTTTCGCAGCAATCCCGGGTCTTGCAAAAACTGGCAAGATGGCTCCTTACGTGATGATTGTTAGTGATAACAACACGAAACTAACAGGTCGTATCGATGCTGAGAGCTTCTCGATGGTTCCGACTTTCGAGTCTTTGAAAACTTTGGGATGGAATGTGATCGTGCTTGAGAAAGCACATGATCTTCAAGCTTGCTATGACACCATCACAAAAGCTATCGACATGGCTCGTAAGAATCCAAAACAACCTGTTGCGATTCATGCAAAAACGATCAAAGGGATTGGAACGAAAAAAACTGCAGAGTCTGCTTCGGGTGGCCACGGTTTCCCTTTGAAAAGTCCGACTGAATTGCCAGCGTTCTTAGGTGAAATCTACAATGGCGAAGCCTATCCGACAGAGTTCACAGCATGGATTGAAGAGCTGAATAAATTGGAAGCTCATATTAAAGCCACTGCGGTGAAAGATACTGGCGAGAAAATTCAAAACGGTGTTGCGAGTGCATTGATTCGTGCCCGCAAAGAAAATCTTCCGGTTATTTCTGTGACTTCGGATCTTCCAGGTTCGACGGGTGTTGCTAGCTTCCGTAAGGAATTCCCAGCGGACTCTTTGGACGTGGGTGTTGCTGAAAGTAACATGGTGTCGGCTGCTGCAGGTCTTTCAAAAGTGGGTTACATCCCAGTTGTGGATACATTTGCTCAGTTTGGTGTGACAAAAGGTGCTTTGCCTTTCATCATGAGTTCTTTATCCGAAGCTCCAGTGATTGCGATCTTCTCGCACACAGGTTTTCAAGATGCGGCGGACGGAGCTTCTCACCAAAGTTTAAGTTACATGGCGATGCTTTCTTCTATTCCACATGTCGAGACTTATGCTCTGACTTGCAGTGAAGAAGCGGATGCTTTGGTTTACCAAGCAATTCGTAAAACTGCGGAAGCTCGTCGTAACGGCAAAGTACCTCCGTCTTATGTGTTCTTCTTGGGTCGTGAGAACTTCCCGAAATCCTACACTGCTGGTTTGAAATACGAACTCGGTCGTGGTCAGGTGCTTTTCGATAACACGGACAAGTATCCTCAGAACAGCGTGACGTTAATTGCGGCGGGTTCAATGATTCCTGAAACATTGAAAGCAGCGCAAGAGTTGACGAATCATAAAATCGGTTCTGTGATTTTGAATCCTTCTTGCTTGAATCACTTAGATTTAGCATTGCTCGAAGAGTGTTTGGCAAAAACCAACAACACTTTTGTGACTGTCGAGGATCACCAACTTATCGGTGGTCTTGGTCAGATGGTATGCCATGCATTGGCTGAAGAAGGCATGAGCTTCCGTTGTCACACTTTGGGTGTGCGCGGTGAGTTTGGCCAAAGTGCTTACACAGCATTGGATCTCTACAAAAAGCACGGACTAGATTCGGAATCGATCGCTGATAGTGCGGTTGAACTTTTCGACTAAGGATTTATGGAAGTCCTCGTAGACGTTTTAATTGTTCACGGCTTGTTGTTGTTGGTCGCGTTTGTTTTCATTTTTAGAAGCAAACTTTCAGAAAGATCTCAAAAGAAGCTACAGGTGGCTTTTTCTTTTTTTCTGCCGATATTTGGTCCTATTGTGACTATTGCCGTTCATGTTTCTGATTTGATAAAAGCAGAAAAACCTAGCGATCGATACATGGGACAAAGCTTCGATGAGAGTCCTTATCCCTGGTATTGGCCATTTTGATGAATGGGAATTTGTTTTTAGTCCCATTAAACAAAGAGTTGCTTGAGACTCTTTGCGAGTGGTTTAGAAGCCTTGACAGTGAGAGATCGCCTGAAATTAAATTATAAAAGATCACATATGAAATCATAAGGGAGATCGTTTGTTATATTGGCTTGGACAGGTGCTTGAAAATTATTATGGTCCCTTTCGTCTTTTTACGTCTCACTTATTTCTTGGTGGTTTGAGTACTGTTC
NZ_CP178621.1_gap15	410800	413216	2416	AAAGCGACGGCCCACTATAATGGGTCATATCTCAGTATGGTTTTGCCGCCGTTGACTGAGGTCATTGTAGGGTTTGGATTTTACTCAAACACAACTTCAGGTTCGATGTGCTACCTTTCGTCGTCATTGCCGATAGCTTATTCTAACCACGTCGCAAACGGAATTCGTTTGACCAAAAATACGGATGGGTCCATCTCGGTGGTCAATAGTAGCACTAGCGCTGTCTTGGGCACATCAGCGGCGGCAGTTCTAGGAACTAATTTGTGGGATTATATTGAGGTTCACTATAAGTTTGGAGTCGCCGGAGATGTGAAAGTGCGAGTGAATGCCGTTGAAGTGATCAGCTTAACGGGTATTGATACTAGAGGATCTGCAACAGGGATCAATTGTCTTTCGCTGCGGGGTTTCTCTGGTGTCGCATGGAGCTTTTTTGATGATTTATATGTTTGTGATACTACGGGGACTATTAACAACACCTTTTTAGGACCCATCGGGGTTTATACTCTGGTCCCGAATGCGGATGCCTCTGTGCAGATGACTCCTAGCTCTGGCGCCAACTATAGCTGTGTGAATGAAATTCCCGTGAATACAACCAATTATGTGACGGCGACAAGCTTAGCTTTGACTGATTACTATGGAACTACAAATTTACCTGCTGGGGTCAACCCCACGTCTATCGCAGGTGTGCAAATCAATGCACGCAGTGTAAAGGTTGAGCATAATAATGCCAAATTAAAACTGGGTACTCGCTCAGGAGGGACGTCCTCTTTTGGGGTGGCAAAGGCAGTGTCAGTATCTACCTGGGTCACAAACTCCAGTATTTTTGAAACTCAACCGAGTGGTTCGGCTTGGGATAAAACTTCGATCGACAATATGGATATTGGACTTCTGTCAGACTCATGAATAAAAATCGTCGTTTCTTTCTTAAATGGAGTGCTTTAGGAATATTTTCTACTTGGTGGGACTCGTCTCATCGGGCCGTTGCGGGGATGATTCCTTTTGCATTTTGGAAAACATCAGCCAAAGGCACGGTTCAAGTTACACAAGCAGCAATGAAAGTAGCGCTTCAAGGTGGAAGTCCTAATGTTCGTACCACACAAATTGTGGCAAAGGTTGCAGGCGCTGGTGGCGCCTATCACTTTCGCACGACAAGGGTCGTTGCTAAGACCGCCGTTGTTGGTGGTGCGTATGGAGTTCATACCACGCGGGTCGTCGCCAAAGTCGCAGTAGTACCTTAGGTATTTTAGTGTTCTTTAGAAATAGCAATGGAGCGACTCGTTTTTGAAAATCTATGACGCGTTTCTAAGTTGTTTCTGGGTGTAAGAGCGAAACGCTTCCACAATTTAAAATAAAACTAGCATTGACAGATTTTTTCGGACTGTGCCTTATAAAGATATTCTAGATTGCGGACACTGGGGCAGGGGGGAATATGCTAAAGAGTTTTGTGATTGTAGTTTTCGGATTGTTTTTAGGCTTGCACATACAGGCGCATGCAACGCTTGTAGATTGGACTGAAAAAGGCAATGGTGGCGATATTCTAGTTTGCCAGGACGCTCGCCAGAATATGATGTACGATGCTTATGAAACGGAAGCACGTCATGGCCTAAAGGTAGTGCTGCCACCGGTTCAGACGGCAAACTCTGTAGATCCAGGAAACTATACGGGATTTGAAGATTTGGATGAGGCACTGAGAATCGCAGCACTTATTCTGAGCCGGGTGGAGTCCAGGGATCCTGAATTGAGTCAGGCCCTCCTTGAAGAAAACGCAAATTTTAAAAGCCAAGTTTATTTCATACCTAATACTAAGCTGATGCCCATTGACGATGGTGGAATTATTTTTCTTCCCGAGGGATGTGAAGTTCAGCAGCTCGTTGTTCAAAGAACTCCCAAGTTTGCGACTGACAAATTGTACACAGTTGCTTTGAATTACTGGAAAACGTTGAATATTCAGCAAAAGGCGGTAGCTATTGTTCATGAAGTTATCTATCGCAAGGCTCTTCGAGATCGTTATATGGAGAGCTCTGAGTTAGTTCGATATTTTAATGCGCTTCTTTTGTCGGACACCGTAAAAGATTGGGGCTACGCCGAATACAGAGACCTATATTACCGAGTCTTCCTCTTTGGAAATTAGTTTCATTTTTTGAATAGCAAAGGCCACGCATTTTTTTGCATGGCCTCGCTTCTCTATATGAAATCAAAATTTACTTTCTAGATGCTGCTGCTGTTGTTCCGCCTGCGGACATAATCGAGATCTGATACTTGGAGGTGTTTCCGGCAGCGTCGTAAGCGCGAGCTTCGATCACGTAACTTACACCTTTCGCAGCGCTCAACTTATACGGACACGAATAGCTTACGGCATAGTCCGTACAAATGAGTGTGCCATTTACGAGGAACTCCACTCTTGTAACTCCTACGT
NZ_CP178621.1_gap16	422538	423610	1072	GCGGGTCTTTTACGTCCTACCAGAATCAGGCAGTAAGTCGATTAGCTCATATTAATTCAGATGGCAGTTTGGATACGGGCTTTATGCCTAACCCAGACGGAACTATTTTGGCACTGTATTTAGATGGATCCACGCTTTATATGGGCGGCGATTTTTCTATAGTGGCAGGTGTTGATAGAGCTGGCGCCGCAGCTGTCAATATCAGTACGGGGATCGCGACCGCCTTTGATCCCCAAACCGGTGTCGTTAATGCGATAGCAAAGGCAGGTTCAGACATTGTTATTGGCGGAGCATTTACAAGAGTCGCTGCTGACTATGCTATTTCAAGGGGCGCGGCGATTGATACTGCTTCTGCTTTGCCTGATTTAACCTATGCAAAGGTCAATGGAACGATCAATGTGGTAGTGTCTGACAGCAGTGGTGGGTGGTATATCGGCGGTACTTTTACTATGGTAGGAGGAGCTGCTCGTAATAATATTGCCCATATTAGTTCGTCAGGAACTGTGAGTAGCTGGGATCCGAATGCCAGTAACACTGTGAATACCATCGCGGTGAGTGGAAGTATGGTGTACGCCGGAGGTGCATTTACCACGATTGGCGGTCAAACCAGGAATTACATTGCGGCCTTGGATGCCAGCACGGGACTTGCGACAAGTTGGAATCCGAATGCTAATGCCACCGTGAATGCCATCGCGGTCAGTGGAAGTACAGTGTATGCCGGAGGGAGTTTTGGTGGGATCGGTGGCCAAATCAGGAATCGCATTGCGGCCTTGGATTCGGCGGGGCTAGCAACAAGTTGGAACCCGAATGCTAACAACACCGTGAATGCCATCGCTGTGAGTGGTACTACGGTGTATGCTGGAGGGGATTTTACTACGGTTGGTGGCCAAACCAGGAATCGCATTGCGGCCTTGGATTCAGCGGGACTAGCGACAAGTTGGGATCCGAATGCTAACGCCACCGTGAATGCCATCGCTGTGAGTGGTACTACGGTGTATGCTGGAGGGGCTTTTACCACGATCGGTGGTCAAGGCAGATTTCGTATAGCGGCCTTGGATGCCAGCACGGGGCT
NZ_CP178621.1_gap17	519852	523273	3421	GCCGCCAAAATCTTAGGAACGTATTCTTGAGTTTCATCAGGCAATGCACCCTTGTTTACCAGCGTCCAATAGTCCTTGGTGTTGTGCTTCTTGATCTGACGGCGAAGACCGTTTTCGCCCATGTTGTAGCTTGCAGCCACTAAATACCACGAGCCAAATTCTTCACGAAGGTCTTTCAAGTAGCGAATCGCCGCGAGGGTGCTCTTTTTCAAATCACGACGCTCATCCAGCCACCAGTTGTTGCGAAGGCCGTAACGAGTTCCCGTCGGAGCAATAAATTGCCAAGGTCCCACGGCGTCGGCGTGACTGACGGCCCGTGACGAAAAACCACTTTCAATCATCACCATGAAAGCAAGATCGGTTGGCATATTGGCGCGTTGAAGCTCGGCTTGGATAAAGGGCATGTACTTCGAAGAACGTGTCAGCCACTCGCGGAACCACTTTTGTCCTCGCGTTTGGTAATAGTGAACCCAGTTGCTGACTTTCTTGTTGTAGGTGACTGGTAAATCAAAAATCAGAGTGTTGTTGGCCGCTGCATTTTTAGCGTTTTTCTGACTGAGATTTTGCAGCTTTTCTTTCAAGCTTGGTGTCTTAACGACGGACTTTTCCTCGATCGTGGCTTTTTGGGCTGCGAAGGTATCGAGAGAAATACAAAGGAGAAGCACGACGGACCAGCATTTCATAAATTTAATTATGGGTTTAGATACAAAGAAGCGTCGAGTACTTGATTAAAAACTGGGCTTCATTGATTTTGACACTCTTAGTGGTCAGCGACAATATTCCGTCACCTCGACTTTTAGCGGGGAAAAGATTTCCCTCGGCTCAAATGCAAATAACTGGAGTCCAAATTAACTCAGCGAATCTAAAACGCGACGTAAGACGAGACTTCATTCTCTGGCACAGCCCTTGCTCCAACTCTAGTTAGAGGAGGAGTTTCCATGAGTACAAAAGGTGTCTATTCCGCGCTAAGTGGTGCCCTTGCACAAAGTTTGAAGCTGGATACCATCGCCAATAACTTGGCCAATGTGAACACTCCGGCCTTCAAACGCGACCAGCAAGTTTTTAATGAATACCTTACGGCCAACGAAAAGCCGCCGGAAGTTATTCAAGTGCCTCGTGTGCCAGCTTCCATCGAAAGTTTCTATGATATGCAAGGCGGCGACAAAAGTTATGTCGACACCAAAGGAACTTTCACAGATTTCTCTCAGGGTGGTTTGAAACCCACTGGCAATACTTTGGACGTGGCCATTGATGGCAAAGGTTTCTTTGAAGTCGCAACTCCAAATGGTGTGAAGCTGACTCGTTCTGGAAATTTCACTTTGGATGGTAACGGCCAGGTCGTTACTAAAGATGGTTTTCCTGTTCTATTGAATGGCGAACCCGGCTCGGATCCTGCTGCACGTACAGTGCGTTTAGATGGCAGCGGTCCAATCACTATCAATGATAGCGGCGATATTTTCCAGGGAACGGAAATGGTCGGTCGTTTGTCATTGGTCGACGTAAAAAATCCAGATTCATTGCAAAAAATGGGGAATTCCCTTTACGGCTTTAAAAACAACATGGCTCCGGAAATGAGCAATGTGGCAAATCCAAGCTTGAAGCAAGGATTTGTCGAAGCCAGCAACGTTAATATCGTTCAAGAGATGACGGACATGATTCAAACCAATCGTGTTTTTGAAAGTACACAAAAAGCCATTAGCGCATATGACAGCATGGCTGAAAAATTAGTGAACGTCGTAGGCAAGACTTCGAATTAAGGATGAGGTAATATAAATGTTGAAGAGTCTTAATACAGCAGCGACAGGCATGGCAGCACAACAAACCAATATGGACGTGATTGCCAATAATATCGCCAACGTTTCTACAGCTGGTTTTAAAAAATCCCGCGCCGAGTTTGAAGACTTAGTTTATCAAACTCAAAAAGAGCCAGGTACAGCGACAGGGATGAACTCTTACTCTCCGCAAGGTGTGCAAACCGGTCTTGGTGTGCGTACTGCTGGTGTTCAAAAAGACTTCGCAATGGGAAATGCCCTCGTTACTAAAAACCCATTGGATTTGCAGATTGAAGGCTCTGGCTTCTTCCAAGTCCTTACTCCGGATGGGCAAGTAGGTTATACCCGTGACGGTGCATTTAAAAAAGATGCGAACGGCCGTGTCGTAGATAAAAACGGAAACCTTTTGCAGCCAGAGATCGTGGTTCCACCAAATGTTGCAGGTCTTGAAGTCGCTGCAAGTGGTGAAGTGCGTGTCATTCAAGGTTTGAATGATGCTCCTCAAACAATCGGGCAAATTGATCTAGTAAATTTTGTGAACCCGGCTGGTTTGAAGGCCATGGGTAAGAATATTTTCACGCAGACTCCTTCGAGTGGTCAGCCGCAAACGGCGCGCCCGGGTCTAAATGGCACAGGATATCTTTCTCAAGGTCAGTTGGAGTCCAGCAACGTGAACATCGTTGATGAAATGGTGAACATGATTACTGCGCAACGTGCTTACGAAACAAATAGCAAAGTAATTCAAGCTTCCGATCAAATGCTCCAGTCCATTAACAACATGAGGTAATCGGAATGAAGTTCGTTCAAGCCCTTCTTTTAGGAATAACAATGATGGTAAGCCTAGCATGGGCCCGTCCTGAAGTTATTTTTCCGAAAGAGGCCGAAGTCTCTAACACGACAGTGATTTCAGTGTTCCAGGTTGCCGAGTTGAAAGAAATCACGGGTGTTGCATTCAATGAAATCGCCAAGATGCCTCTTGTTGATCAAATTGAAAAACAAGATAGCATTGTTTTATCCGGCGAAGAGATTTCAAAAAAGCTACGTGATTTGGTAAAAAATAGCGAAATTCTGAAAAAAATCAATCCCACGTTCCGTATTCCTTCTGAGGTGCGAATTCGTATTCGCCAAGACGGATACTCTAAAGAAGAGATTGAACGTTCTTTACGTAATGTGTTGGTTGCAAAGTGCGAAACATGCAAATTCCAAATTCGCTTGAACGCACTTCCCAAGATGAGTTCGCTGAATGGGATTATCGATTGGACCCAAGACATTAAGTATGGTTCTTTCATGATTCCAGTGCGCGAGGCGGATCAATTCTCTAATAAATGGATCACGGGAACAGTACGAGTACAAAAACAAGTTCCAGTTGCCAGAAAACTCATTCGCTTTGGCGAAAGACTGCAACAAGAGGACCTCGAGATTCAGGAAACAGACATCACTTTCGTCAAAGAAGAAACTCCAGAGCTTTCTCAAGTGGTGGGACTTCTTGCCAATCGTACATTGTCGCCACGTTCTCCGGTGTTGTTGTCGGATCTGAAGCGGGAACCGGCAACTCGTAAGGGACAAGTTGTGAAGGCCTTGGTCGGAGACTCCGTCTTTGAGGTTTCAATCAACGCCTCGGCTGAAGAGACCGGTTTTATTGGCGACGT
NZ_CP178621.1_gap18	707093	710854	3761	TGGAATTGGTTAAGAAAGCAAAAGACCGTAAAAACAGAAGGGATCCAGTTTTTGGCGGCCTATAGTTGAATCCAATAACGTCGGCGCAGTCGTTGGCGCAGAGTACGCAGCACCTCTTTGGTCAAGGGTCGCGGCCTCTGCTTAGGTCGAGCTTGGGTGAAACGCTTTAAATCCCAACAAACGCTTTGCTATACTAAATGAACAGCGAGGTCCCGAATTTGAAAAAGCTCATTCTGAAATTGTTCGTTGCGTTTATTGTGCTTCCATCTGTTGTTGCTGGGTCGATGTATTGGTTGAATGAACATGGTTTCTTCAATATCAACCAAGTCGAAGTTCTTTTGGTAGACTCTCAGGGACAAGTGAATTTCTATTCTCCGATGGCTGATCGCTTAGAAAAACAGATGCTTCAATTTAAAGGACAATCTTTGTGGCATGTGAAGCTTTCAGAAGTAGTTGCTACTTTGGATTCGCAAAATTGGATTGAAACTCATACTATCTCTCGAAGTTGGCCCTCAGTTTTGCAAATCAAGATTAAGCCTCATGCTGTGAAGTTGGTGTACTTAGGAAAAAACGGCAAATATATGCCGATCATTGCTGATGGAAGTTTTTTAGATTCTGTTGATTCCAAACAAGCTCCTGATGTGACCCTTCTAGAAGGTGACGTGTTTGCAAACAAAAAAGAATTGCGCCAGAAAGCTGTGAAAGTTTTAAAAGAAATTCCAGCGGAAGGTTCTTTCAGTAAAAAAACGATCTCTGAAATTCGCTACGATTCTAAAGACGGTTTTTCAATGACCCTCATGGCGACAGGAATTCAAGTAAAGATCGGCGAAGAGCAAGTCGCTTTGAAGAGTGCTCGAGTTGCACAAGTCGTCGATTATCTTCAAACTCGTCAATTTGACGCGCGCGTCATAGACGCAAATCTGTCAAAGAAAGTTCTTGTCAGGTTGCGCAACGGTCCCTAAGCTAAAGTCAAGGCAAACTGAAGTCCAGTGACTTTTGTCTGTCTGAATCTCTCAAATGGATTGAGAGATAACGAAGACTTTATTGGTCTGACTTATCGTTAGGACTTAGGGATGAGCAACATTAAACCGAAAGCACCGGTGCTGGCTGGCCTTGATATTGGTTCCACTAAAGTTTGTTTCGTCATTGGCACAGTGAACCCTGATGGAAAAATCGATGTCGCGGGAGTAGGAACTGCTCCAAACACAGGCATTCGACAAGGCGTCGTCGTAAATATCGAAGCAACAACTGAATCAATTAGAAAAGCAAAAGAAGAAGCAGAACTCATGAGTGGTTACACTATGAGTGAGGTATGGGTCGGAGTTTCCGGTACTCATATTACTTCTTTTGATTCTAAAGGCATGGTGGCGATCAAAAATAAAGAGGTCACCAATCAAGACATCGAACGCGTGATCGAAGCTGCAAAAGCAGTTGCGGTTCCTGCGGATCGCAATGTCCTGCATGTTTTGCCTCGTGAATATAAAGTAGATGGTCAAGATGGAATCACCGATCCTATTGGGATGTCAGGTGTTCGTCTTGAGGCCTCTGTTCATATCGTAACTGGTGGTTACACAGCACTTCAAAACTCTATTAAATGTGTCGAGAAAGCCGGCCTTCGTGTCAGCGGTCTTGTTTTGAATCAATTGGCGGCTTCAGCTGCTGTATTGAGCGAAGACGAGAAAAATCTTGGCGTATGTGTTGTAGATATGGGTGGCGGAACTTGCGATGCAGTTTATTTCGTAAACGGCAGCGTGGCTCACACATCTATTATTCCAATTGGCGGTCACCACTTCACTCATGATGTGGCGGTGGGTCTCAGAACTCCGCAAGTGGCAGCTGAAGATTTAAAGAAAAAATACGGATGCGCAATGGCTTCTATGGTGAATGAAAATGAAACCATCGAAGTAGAAGGTGTTGGCGGCCGTAAAGCTCGTTTGATTCCACGTAAAGATTTAGCAGATGTTTTGGAAGCTCGCGCTGAAGAGACATTGAATTTGATCGCTAATGACATGCGTATGAGCAGCCTGCTTCCAATGATGGGTTCTGGCTTGGTTTTGACCGGCGGAGCAAGTCAGTTGGATGGTTTGGTTGAAATGGGTGAGTTTATTTTCGATATCCCTGTTCGTCGTGGCGGACCTAATAAGGTCGGTGGACTCATTGATGTGGTGAAGTCCGGAGAGCACGCAGCAGCGGTAGGCTTGTTATTGTATGGTTTGAGTCAGCGCAAAGATTTGTTGCTACAAAGCCAACAACAAACAGGCGAAATGATCAATCTGGGTGAGTCTTTTGACGGTATCGCTCAGAAGGTTAAAGATTTTTTTGGACAGATTTTTTAAATATTTCATCTCAGTGTGTATAAATAGTTAGAGCGCAGGGATGCGCCCCATAAAGTTTTAGGAGGAGCGAATGTTTGAGTTAGAAGAGAACATCAGTATTGGTGCGAATATTAAGGTGGTCGGTGTTGGCGGCGGCGGAAGCAATGCTGTATCAACAATGATCGAGTCAAAGATGAACGGTGTTGAGTTCATCGTAGCGAATACTGATATTCAAGCGTTAAACGCAAATAAAGCGCCTTCTAAAATTCAACTTGGTCTTGATTTAACAAAAGGTCTTGGTGCAGGAGCCAACCCCGATATCGGTCGTCGCGCGGCGATTGAGTCTTACAATGAAATCGTCGAAAAGCTTGAAGGCGCTGACATGGTTTTCGTCACTGCCGGCATGGGCGGTGGAACTGGTACTGGGGGAGCTCCGATCGTAGCGAAAATCGCTCGTGAATTGGGCGCGCTTACTATCGGTGTTGTTACTAAGCCTTTCTTCTTCGAAGGTAAAAAACGTTCTAAGCACGCTGACGGTGGTTTGGCTGAGCTTAAAGAAAACGTTGATACTTTGATCGTTATCCCGAATCAAAAACTTCTTTCTATTGCGACTGAAAAGACTCCACTTTTGGAAACTTTCAAAAAAGCGGATGAAGTTCTTCTTCAAGCAGTAAAAGGGATCTCTGATTTGATCAACATCCGTGGTTTGATCAACTTGGACTTCGCAGATATCCGTACAGTTATGGCTTCTAAAGGTATCGCGATCATGGGTACTGGCGCAGCTAAAGGCCAAAACCGCGCAGTGGAAGCAGCAACAGCTGCGATTTCTTCTCCGCTTCTTGAGAACATCCGTATCGATGGCGCTACTGGCATCATCATCAACGTAACGGGTGGTTCTGATCTTAGCCTTCTTGAAGTTAACGAAGCTTCAATGCTTATCACTGAAGCTGCTCATGAAGATGCAGAAATCATCTTCGGTGCGGTTATCGATGACAACTTGGGCGACGAAGTTCGTGTTACTGTTATCGCGACTGGTTTTGCTCAAGAAGACCGTCAAATGGCTTCAGACACTATCAATCAAATGCAACAATTCTTGAACGGTACTGGCATCCAGTTCCCTGGAATGAATGCAGGCAGCATGAATATGTTGCCACCAATTCCAGCGATTCCAACTATGCCAAGCATGATGCCGCAAATGCCTGCTATGCCAAGCATGCCGATGATGCCGCAAATGCCTCAGCAGTACCAACAGGTTCCGGTTGCAACTGAGTTGCCTCCGATCCAAACAGTACAAACTTCTGTGATGAACTACACTCATCAAGCAGTTGAGCAAGCCGCTCCGATTGCTCCGGTAGCTCCTGCGATGCCACAACAACAAATGGTTCCGCAATATCAGCAACCAATGCAGCAACAAGCTCCGGTTCAACAACCGATGCAAGCTCCTGT
NZ_CP178621.1_gap19	713843	716067	2224	TTAGTGATCATGGTATCGATGTCATTTTGGCCAGCGCTCAAAAGAGCAAGACCGAATTCCATTGAATGACCACCGCCACCGCCGCGGGCGAAAGCTGTTTGTGCAGAAAATGCCCAAACCAAGACGCTGACTACAGCATAAAGCATAGATTTTCTTAAGAACGACATTTCGTATCCTCCCTGACACGTTTTTAACTCTATAATAGAGTCTTAGAGGACACCCTAAGGGGCAAGTCCTAGTCCCGCTTTTGGACAAAGGGCTAGCATGAAAAAATTGATCGAAAAGAAGCTGAAATCGGATCTTGTCTACAAAGGTTCATTCCTGCAAGTTCTCAGAGACGAAGTTGAACTTCCAAACGGTAAAAAAGGCACCCGCGAATACATTCCTCATCCTGGTGCCGCCATGATTGTTCCTGTTACTGCCGAGGGGAAGCTTGTGATGCTTCGCCAGTTTCGTTACCCAGTCCAAAAAGTCTTCATTGAGTTTCCAGCTGGAAAAATCGACGAAGGCGAAGAAGCCCTTGAAACGGCAAAGCGAGAACTGCAGGAAGAAACAGGTTTGATCGCCCAAAACTACAAACTGCTGACAACCATTCACCCGGTGATCGGTTATTCCAATGAGCATATCGAAATTTATTTAGCGACTGGTTTATCTCAATCCGAAGCCAAGCTTGATGATGAAGAATTCCTGGACGTCTTTGAGATTTCAAATCACGAAGCTATGGAACTGATGCAAAAAGGGGAGATCTCGGACGTAAAAACCATGATCGGCCTTTTCTGGTATCAACAAGTTTTAAAAGCCGGTTGGTAGGTCTTAGAAACGGCCGCCAACCCAGATTGAGCTTTCGATCGTAGAGTTGGTTACGTATAAATTTGTGTTTTCGATATTTTGCATATCCATGAAAAATCCAATACAGGCAAAAAAGCTTTTGCTATTGAAGCCAGCGCCGACTTTTACATTCGATCCCGTCGTGAATTTCGAGGCTTTGATAAACTCTGTCGTGCCGACATCATAAAGCTGAGATTGAGGTCCTGCTCCGACAGTAAAAAGGCCACTTGCGAACCAATTGGAGTACACAAAGGTGTAGGCTCCGCCAATTCCTGCTTTAAATGAAGTAAAAACGCCGCCTTTTAAGTTTGCAAACTCCCCGTACTGAGAATTCACTGAAGCGGGCAAAATCGCTGAGTTTGCGGAAGTTTTGTAGTAGTTCGCGGCGCCAAAAAGAAGAAGACCGCCGCCACTCTTTGTTTGCACGGTAGACTGGTCAAAGGCTGCTCGGATACTCACATCATCCGGATGAAAATTGTAGAAGTATTGAAAGCCATAGTGTTCGTTGGAAATATCGGGCCGAATGCCTTCGGCTGTTTGACTTGGATCTACTTCGTCGTAGTTTTGAATATAGTAACCTGTGTACTTCTGATAGAAAAAATCAAAGGTATGAACATCCCCAAAAAAGCGGAACTGCCAGTCTGAAATTTTAGATTCACCTTGCTCCGCTTTTTGCTCATCAGACATCACACCTGGAGTTCCGTAACTTCCCGAGAACGGACCATAGGCAGCACCGATAGAAAACTTCGTTGGCGAACTCGGACGATAAACAACTTTATCGTTAGATTCTTTGTCGGGTTTAAATTCTGAATTCAAACTGGGTGTTACAAACCCAAGCTTCAGAGTCAGGCTTCCTTTAGAAGCATCAGACCAAGACTTAGCGAAAGCCGCCTCGGTCAAACCAAGTGCCAGTAATAGAATTAGAATTTTTCCCATGCTGATTCTATTTAAAAAGAACTCGGCTGCACGCGCAAGACCGGGAGCTTTGAACTGGATCTACAAAACAGAAAACAGTGTTCTAAAAAATTATTTTCGAAGAATTTGAGCAGCTTCTTTTGCGAAGTAAGTCAGAATCACATCCGCACCAGCACGACGAATCGCCATCAAGCTTTCCATCATCGCTTTTTCGCCGTCTAACCAGCCGTTTTGAGCAGCGGCTTTGATCATCGCGTACTCGCCACTGACGTTGTAAGCAGCGATAGGTGTCGAGAAGTTTTGTTTCAGTAACTGAATCACGTCCAGGTACGCCAAAGCAGGCTTCACCATGATCATGTCCGCGCCTTCTTGCACATCAAGCTCCGCTTCGAGCAAAGCCTCGCGAGAATTACGCGGATCCATTTGATAAGTTTTTTTATCGCCAAATTTTGGCGCTGAATCGAGAGCATCACGGAACGGA
NZ_CP178621.1_gap20	718924	723905	4981	CAAGGATTTGCTTGCGACTTACCAAGTCGAAATTTCGAGCAAAGATTGGAATATCGGCGAGCGAGAAGCATTCTATTGGAACAGCGGTTCTCAGTTTTTAGCCGCACTTCAGAAAGAGCCTTCGCTCAGACACAAAAGACATGCCTGCGGGCCTGGAAACACGTATAAAATACTACGAGATCAATTAGGCCCCCAAGCCTCGATTGAAATTTATTTGGATGAAGAGGATTGGAGAAAATCATGCAGTCTTTAGAACTTTTTGAACGCGCCAAAAAAGTAGCCCCAGGAGGAGTGCATTCTCCGGTTCGCTCTTTTAAAGGCCTAGATCACCATCCGATTTTCTTCAAAAAAGCTCAAGGTGCGTATCTTACTTCTGTTGAAGACAAAACTTATATCGATTTCTGCCAAAGCTTCGGTCCGTTGATTTTGGGTCACCAAGATCCTGACGTAAAAGAAGAAGTTCACCGTATGATTGATACGGCGTGGACTTTCGGTGCATGCGAAATCTATTCGTTAGAACTTGCTGAGTGGATGACTCAGAATCTTCCGTGGATGGAAAAACTGCGTTTCGTGTCTTCAGGCACGGAAGCTGTGATGAGTGCCCTGCGTGTAGCAAGAGCGGCGACTAATCGTAAAAAGATTTTAAAATTTGAAGGTTGTTATCATGGTCACGCAGATCAGCTTTTGGTTAAAGCAGGAAGTGGCCTTGCTGGAACTTCGGCTTCTAGCAGTGCTGGTATTTCTCCGGAAGTGGCAGCAACGACTTTGGTGACTCCGCTTGATAACATTGAACAACTGCGTGAAGTTTTCAAAGTCCAAGGTTCCGAGATCGCAGCCGTGATCATCGAGCCATTGCCTGCAAACTATGGTTTATTAGTTCAACGCCAAGAGTTCTTGAAAGAACTTAGTACTCTTTGCAAAACCCATGGCGCTTTGTTGATCTTTGATGAAGTGATCTCTGGTTTCAGAACCGCGTTTGGCGGCATGGTAGAGTTGACTGGCATAAAGCCAGATCTGGTGACCTACGGTAAAGTCATCGGTGGCGGCTTCCCAGTGGGCTGCTACGGTGGTCGCAAAGACTTGATGGATCTAGTGGCTCCAAGCGGAGACGTTTATCAAGCGGGGACTCTCAGCGCGAACCCTGTGGGTATGCGTGCAGGTCTTCGTACTTTGCAAAAAATGAAATCTATTGATGGTTGGAAAGTTTTAAATCAAAGAACCGAGAAGTTCTGTCAGAAATTGCAAAAGGGCTTCGATGATATGAAAGCTCCTGTGACGATTTCTTATCACAGTTCTTTGTTTTGGATCCATGGCCGCGTGAAAGAACCGATCCGTACGATTGAGCAAATTCCTGCAGGACAAGGAGAAAACTTTAAAAAGTTATTCTTAAAATGTTTGGATAAGGGCGTTTATTTGGCGCCGAATGCCTATGAAGTAGGATTTATATCTTTAGCTCATACAGATGAAATTCTGAACGACGCCGCTGATAAAATCCTTCAGGCGGCAAAAGAGGTTTTCTAATTGAGTAAGATCAAGACCATCTTAGCCACAGTTTGGTTTTTCTTTGTCGTCTCGTTAGTCGGCTGGTGGTGGGTTTATGCCATGAACACCTTCCCGGCTCAGGCAGGCGAAGAAATGCTAAGAAAGCACCGCATGTTCATGTGGGAGGGCACCATTTTATTGGCAGCCCTTATCATCGGTGGTGTGGCATTGGTCTTTCTTTCTTACCGTGATGAAAAACGTCACAATCAGTTGAAAACATTCTTCGCGGCTTTCAGTCATGATATTAAAACTTCGATTACACGCCTAAGACTTCAAGCCGAAGTTCTGGAAGAGGACAATGCGTCTCAGAAAAGCCCAGTCTTGCAGCGTTTGATCAATGATATTTCTCGTTTGGACTTGCAGCTAGAGAACTCGTTGCTATTGGCTACGACAAGCTCTGACACTCTTTTGCGCGAGAAAATCACTTTGTCTAAGACTCTTGAGTCTTTGCGTATTATTTGGGGCGAGCTTGAATTCCGTCTTAGCCAAAATGCCGAGATGATCGCAGACAGCCGCGCAATAACCAGTGTGATCCGCAATATCATCCAAAATGCGGCTTTGCATGGGGAAGCAACGGTGATTGAAATCTCTGCGAAGGCCGTAGACTCGCAACGAATCCAGATTTCAATTACCGATAACGGCAAGGGCTTTCAAGGCAATGCTTCGCAATTAGGGGCCCAGATGATGCCTTCTAATAAAGGTGCGGGCAGTGGCATTGGTTTGTATCTTGGAAAAATCTTAGTAAAAAAAATGAACGGGGATTTGAGTTTTGAAAACGCGAATCCAGGCTTGAAAGCCGTCATTCAGATCGAGGGTCGTCTGCTATGAGACAGATTCTTTTGGTCGAAGATGACAAGTCCTTAGGTGAAACTCTGACAGAGAGATTGTCGAAAGAATATCGCGTGCTTTGGGCACAAAGTGTTCAAGCGGCGAAAGACACCCTTGCAAAAGAAAAGGGTCTGGACCTAGTCATTCTGGATTTAGGTTTGCCTGATGGGACGGGCTTTGAAGTGGCCGAGTATATTCGCGCTGCGAATCTGCATCCGCTTTTTATTTTCCTGACAGCTCAGGCCGATGCTGAAGCCCGTTTAAAGGGTTTTGAAATCGGAGCTGAAGAGTTCATTCCAAAACCGTTTCATTTAAAAGAACTTTTAATCCGCGTAAAACACGTGTTGGATCAGCATGCCGTTCAATCCGAGATCGAGATCGAAGGCGTCAGTATCAACTTCACTACGATGGCTGTTCGTAAAGTCGACGGTCAGATTGAATATCCTCCGGTGACGGATTTAAAGATTTTGCAGTTTCTTATTGAACGCGCTCCGCGTGCCGTGAGCCGCGATGAAATCATCAACGAAGTTTGGGGCCTAGATAAAAACCCAAGCCATCGTACCATTGATAACACCATTGTTCGTCTGCGCCAGTTGATCGGCGAAAAAGGGGAGTCCTACATCCGCTCAGTGCGTGGTGTGGGCTACCAGTGGTTTAAAGAAAGTTAGGAAGTCCTATGTCGAATGTATTATTTCAAAATGCTTTAGCTCGCAAAGTTCAAAAAGTGCCACCGATTTGGTTCATGCGCCAAGCGGGCCGTTATCACAAGCACTATCAAGGGCTGCGTAAGGATCACAGTTTTGATGATCTTTGCAAAGTTCCAGACTTAGCAGCACAAGTGGCATTGGGACCTGTTGAAGATTTTGATTTCGACGTAGCGATCTTGTTCAGTGACATCCTTTACCCACTGCAAGCAGTTGGAATGGGCTTAGAGTACACTGATCATGGTCCAAGATTGGGCTTTCAATTAACTCCAGAAAATATTCAAAACCTCAAACAAGGTGAAGACGTTGTTTCTTTCATGAGTTTCCAAAAAGAGGCCATGCAAAAGACACGTTCGGTTTTGCCGAAAGATAAAAGCTTGATTGGTTTTATCGGCGGCCCTTGGACATTGTTCGTCTATGCTGTCGAAGGTTCCCATGCGGGAAGCCTGACGCAATCAAAGCGTTTGATCTCTATGTTCCCACAGTTCTTGAAAAAGATGTTGCCGCTTTTGAAAGAAAACATCCGCCTGCAATTTGAAGGTGGCGCTGAAGTTGTCATGATCTTTGATACAGCAGGGGGCGAGCTTTCACCGCTGGATTTCCGTAAATGGGTTCAGCCGGTGTTGAAAGAACTCAGTGCGGTCGCTCCTGGTAAGATTGGTTATTATTCTAAAAACACTCAAACTACATACTTCGATCAGGAATTCGTAAGCTTGCCATGGGCAGGTATGGGTTTTGACCACCACTGGAACTTGCCAAACTGTTTCAATGTTTCAAAGAAGGGCTTTGTTCAAGGAAACTTCGATCAAAGCATGCTCTTCCTTGAAAAATCTCAATTCCAGGAAAGCCTGGGAATATATATCGAGAATATGAAGACTCTGACTCCTGAACAAAGAGCAGGCTGGGTCAGTGGTTTGGGTCACGGCGTTTTACCAAAAACTCCGGAAGACAATGTAAGACTCTTTGTTGAAACGATTCGAAAGGCTTTTGCATGAGTTCTGATATTTCAAAACTAATTGCGAAGTACGATGTTCCGGTGCCTCGCTATACGAGTTATCCGACAGTACCTTATTGGGCCGAAGCTCCGACTCATGAGCAATGGATCGGTCATTTGCGCGAAACCTTACAGAATTCTAAAAACCGCTGGTCGATGTACATGCATCTGCCTTTCTGTGAAAGCCTGTGCACGTTCTGTGGTTGCAATACCACGATCACCAAAGATCATAAAAAAGAAGAGCCTTATATTAACTCTGTTATTCAAGAGTGGAACCTCTATAAAGCACAAGTGCCAGAGTTGATGGAAAGACCTCTGACTCATTTGCATTTGGGCGGGGGAACTCCGACGTTCTTTTCTCCGGCGGCTTTGAAAACTTTGATCGAGACCATCTGGAAAGACGTCAAAAAAGACACTGAACACTTTGAAGCCTCGATTGAGGTGGATCCACGCAGAACTTCTGTAGAGCATCTAAAAGTTTTGAAAGAACTTGGCTTTGACCGCGTCAGCATGGGCGTTCAGGATTTCAATCCTGAAGTTCAACGCCTAGTGAATCGCATTCAACCTTACGATATTACTGCAAAGCTGACAGAAGAAGCCCGTGCAATAGGTTTCCGTTCTGTGAACTATGATTTGATTTATGGCTTGGCAAAACAAACGCCAGAGTCTTTTGCTGAAACCGCAAGATTGACCGTGGCACTTCGCCCGGATCGGATTGCGCTTTATAGCTTTGCTTTGGTGCCATGGATTAAACCTGCTCAAAGACTTTTCAAAGACGAAGATCTTCCAAGTGGAGCCGAGAAAAGAAAGCTCTACGAAATCGCGCGCGAAATCTTGATGAAAGCAGGCTATGTAGAAATTGGTATGGATCACTTTGCATTGCCAACCGAAGCATTAAGCCATGCAGCTCAAA
NZ_CP178621.1_gap21	729418	732309	2891	GTTCACGCCAACCACACTGGCTCTGACGTTCGCGATAATCAAAGGAAGCACCCCAGAGGCCATTTCGAGTTGAAGAATGTCATTGCGATCCAAGTACATCCCTAGGTTTAAACCCAAGCCAAAGAATGGAGCCACCGCAAAGCCCAAGAGCTGCGTTGTAACCATGTAATCCTGATTGATGCGTTTATGCTCGCTAGAACCCTCGATAACGCTATGAGTGCGTGGAACGACAGTCACCATCTCTTTTTGCGCTCCAAAAGCGGGTAAAGCCATTAATAGCGAAAGGCTGGCGTTCATGGCGAGGTACTTGAAATTCATGGATTAGCTCCTATAGATAGTTATTTAGTACGATTCCTTCAAGACTATTGCAAGCACGAAGCCAGAGGGGCCGAGCCGTCATCTGGTATCTGAGGTCCACAATAGGGGAAAACGATGTCTCGAAATGAGACTCTAGATATTTGGAGCACGTGGAACTCCGAGCGCCTGTCTAACAAATTTCGGCGCCTTTTTCAGAGGGGAACTTTACTTTGTAAAGCCGGGGAAGTCGTAAGAGCCCCGAGGACCCTTACGACTTTTGAGAGTTAACCGACGACTAAAGGGAACTTTTCCATCGGCAAGCCAATTTCCATGACGGCGGCAAGCGAGGAGAGCAATACAATCTCTTCATCAAGACTCAAAGTCTTATCCAATTTCATTTGTGAGCGACGGTAGCGGTTGAAGCCATAAATCGTGATGTCTTCGCCATCACTAACCACGCCGCCGATATAGCGGATTTGTTTTTCAAGATTGGTGTTCTTAGAGAAATAGTAAATGCGGCCTTTTTTCACAAGAGTCTCGCCAGCGAGCTTTACCGAAGACTCATCATCCGCATTAATGATGGTTGTCGTGTGTGCACCGACGAAAGAAAAAAGGTTCAGATAGTTTTGAATAAGGGACTCGGTCGATGAAGTTATTTTCTGAACGACGATAACTTCAGGATTCAAATTTTTTACTTCGGGAGCCATCAGATGTTTTTCAGGAACGACCAAGATATGGGGTTTTTCCTGAGGCAGTGGTGTTTTGCCATCCCAAAGAGTTACGGGGGCCCGTAAGCCGCCTTTTGCGAGATGCTCTTGAATTTTCTGTGCTGTTTGTTCAAGTCCCTCGATGCCGGTGATGACGATCGAGACTTTTTCAACCATTGTCATAATGTACTTCCTCTCTGAAGCCGTAAGTGGCTCGTTTTTCTGTTTCAGAGAGGTCAGAATGCGTTCTAGCTGATTTTTCTTTTTAAGCAGGGCTTTCTCTTCATCGAGCACGACAGCCAAGCGTTGGCTCAGAGCTTTATCGAGCTTTTTGAAATCCAAAGCGCTATCAGCGGCCAAAAGGCCTCGGATCTCGTTCAGAGTAAATCCCAGCTCATTAAAGTCACGGAGTCGGTAAGCAAGTTCCAGTTGTGATTTCTTGTAATAGCGATAGCCATTGTCGCCACGAGTATGGGAATTCAGAAGCCCCATCTTCTCATAGATGCGAAGGGCTTTTGCAGAAACCCCGACGCGCTTAGAAAATTGTCCTATTGTCAGCCAATCCTTCATTCGAACCTCATCCTTACCCTCAGGCTTGCCCCTAGGGCAAGGTCAAAGGGAAAATTTAGGGAGAAATACGGAAAGGCTAGAAATCAACTAGCCTCGTTACGTGGGAGTTCTCTGATAATTCTAGAGAGTTTGCTTAAGATCAAAAGGGTGTTACGACCGGTCTACTTGGAAGTGGCATTTTACAGACGGATCAGTTCAAGCTATGCCAAAACCGGCGAGTTGGATAGTCTCGAGGCATGAAGATTTGGATTTGGTTAATCCTTCTTCTTGCGGTCTATGCACAACCTGAAAAGAAGCCTGTGGCTGAAACATTGACCATGGATGTTTGGGAGCCCTACGCACCCGATTGGGCTGTTCAGGAATTCAAAAACATTATCAAGAAGAAGTATAAGAAAAATATCGAGGTGGTGGTTAAGTACGTTTACTCACCCAACGAGTTTTACGATCGGGTTCGCGCCGACGAGACCGACATTATTTCTCCATCTCATAATCTTATTCGGGATGATCGTTTTAACTTTATCGGCAAGCAGTTGGTTATTCCTATCGACAAAAAGATCGTACGAAATATTAGAGGAGTCGAACCTCGATTTCTAAAAAACGAGGCTGTCTTGGAAAAGAAAGTTCTGATGGGAGTACCCTTTGCAACGGGTTCCTATAGTCTGCTTTATAAGAAAGCACATTTTAAGCATCCGCCAGATAGTTGGAAAGTGCTTTGGGACCCGCGCTATCGCGGGCGTTACGCTATCTCGAAAGACTTTTACGAGAGCAATATTTATATCACAGCACTTGCAATGGGCCTTCCAAAGAAGACCATTGCAGATATTGACAAACTTAATACTGAAGTTTTTAAACATCAGTTAATGACACTGTTACGACATGCAAATTATTGGCAAGGGGTTCCGCATGATAAAGACGTCACTCGCAGTATCTTGACGACGGCGTGGGGATTGTCCCACTCGGTTCACGATGACAAAAACAAAGAGTGGGCCTTTGCATATCCCAAAGAGGGTATAACTCTTTGGACGGATTACTTGTTAGTGACGAAGGCGGTAAAACGTTCCGCGTTTGCAGAAACTCTGGCGATGGAATGGATTAACTATTCGCTGTCGCCAAGTTTTCAGAGACGTTTAACGGTTGATCAATTGAAGTGCTACTCGGCGGTCCCCGAAGCATACGTGGAGGGGCGTCGTCTTGATCCCAAAGAGAAAGAATTTCTATTTCAGAACGCCGTGTATTGGCCGGTGCTCTCGGAACGCAATCGTAATGGTCTAAAGTTTATGTATGAGCAAGCTGAAGAGAGAGTCACTTCGATGGACA
NZ_CP178621.1_gap22	768015	771123	3108	ATTTCTATGAAGGCGTCCGTGGTCGCGGTATGGGCGGCGCCCAGATTGCTACTGTGAATGACGAGACGGCATTGCTCATCAATCCTGCTGGTCTTGGAAAATTGCGCGAGTTCTACGGAACTATCTTTGACCCTGAGTTAGAATACTCGAACAACCTCAATAGTATGAATCAGTCTTCGTCCATTACTGAACCCTTCAGTATTGGCGGCATTAAAAATACGCTCGATGCTTCTAGAGACACTTATTATCACGCGAAAGCTCAAATTTTCCCATCGATGGTTTCAAAAAACTTCGGTATTGGGATCTACAGCAGTTATTTGTTGGACGGCGAGATGAACACGGCCGGTACCAATATGGACGTCTACTATCGTAGCGATCTGGCGTTGGCATTAGGTTACAACTTCCGATTCTTCGACGGACGTATCAAATTAGGTTTTGGTGCGAAGATCATTAACCGCATCGAAGTTGACAATCCTTTGATTGATCCTACCGGGGCTTTGGATCTCGTCAGTGTAGGTGCGACGGAAGGTACAGGGCTGGCGACAGATGTTGGCTTAATCATGACGGCACCTTGGGCGATGCTGCCAACTTTAAGTATCGTTGCTCACGATGTCGGTAATACGGCATTTGATAAAGCCAGTGGCTTGCGTTTGACGACGACAGATCGGCCGGCCACGGTGCCTCAAGACGTAGATGTTGCTTTGGCTATTTTCCCAATACACTCGAATAAAGTCCGCTCTACATGGACTGTCGAATACCGAGGTCTCTTAACGGCTAAGGATGAGACTGATAAGGCCAAATTGATTCATGGTGGGGCAGAAGTGAATATTGCAGACATTTTCTTTATTCGTGCGGGTTATAATCAAAGGTATTACACCGCGGGGTTAGAGTTCGCCTCAGAGCGAACACAGTTTCAAATTGCGACATACGGAGAAGAGATCGGAGATGAGACAACGCCGCGGGAAGATCGACGAACCGTATTTAAGTTCGCATTTCGATTCTAAGCGGAGGGGATCGAAGGATGAAAAAGTACGTAATTAGACTTTTACAACTATTCATTGTTACTGCGGGAGTTCTCTCTTGCACGGGCGCCAATCTTTATACGGATTTGGCTTCGAATAAAGAGTCCGATGAGGCTTTATTTGAAGATGCTCAGACTTTAATGGACGCTGGTGATTACACCGGTGCCATCAATAAACTGCTTGCGACTACAGCGGACTTCCAAGCGTCGGCACGCTATAAAGAAAGTATCGGCGGAGCTTATGCTGCTCGTTGCGGGATGGAGTTTCTTCCTTTTGTGACCAATTTGACCGGTGGTTCTTCAAGTTCACTCTATGCCCTGGCTATGAATGGGTTTGTGGGAGTAGATACTAGCAACTATGCAGACTGTACAACAGCGAAAACTGTTGTGGAAAGCATTGGTACAATCACTCAGCGGACTCAAAGTCAGAACTTGTTTTTGATGATTCTTGCAATGGCTAGATTAGGAAATCGTATTCGTAACGTTGCAGACGTTTCACCAGCAACTGGTGACGGAACTGTTGATGGGACTTTCAGCTGTCGTACTAGCGTCTCTACTTCGGATGCCCAAGAGATTATTGAGAGCTTTGTAGATTTCCTTACTCTGTTTGGTGAAGTCGGCGCGACTCTTGGTGGGAGCTCATCGACAGATGCTGTTGACGATTTTATTAACGATTACGGTGTGCCTGATCTGGATTATAGTGGTGGAAGTAACCCCAGTGGTGCTGATGACCTGGATCCGGTTATCGAAATATCTCGTGCTTTAATCAACTCTCAAGATTTTGGTGTTGGTAGCTGTAACAACGCAGACCCAACAACTTGCCTATGCCCGCCATGAAAAATCTATTTGCAGTTCTCCTCATTTTTACTTCACTTTCTACCTACGGCGCAGGTGTGACCGAGACTCATAACAACGTGAGATCTGCGGGCATGGGTGGCATTTATATGTCCATCGTGAATAACTCTGAAGCGCTCTTCGTGAATCCGGCGGCGCTAGGAAGAACCCAAGGTTTGAACTGGCAAGTGATGAATGTCGAAACCGGCGTGAACGGAATGGATATCTATGAGGATTTTCGAGATATCGATACCTCTGATCCAAATAGTTTCAATCAGTTCTTCGGAAAAGATATTTGGTTCCGTCTGGGCGGTAAGGCCGCTGTGACATTGCCATACTTCGGTGTGGGTGTATATACGGACAATCAAACTCAATTGGAACTTCACAATCCGGCATTCCCGCAGTTTGATACAACCTTTATCAGTGACTATGGCGTAGTTGTCGGTGGATCATTTCCAATAGCTCCAAATACCTATGGCGGTTTGACGCTCAAAAGAATTACTCGTTGGGGTGGTCAGCAAGATATCGACTTGGGCGTTATCGCTGGCGGAGACATGGACGCGATTGCGGATCAGTTTCAAAATAAAGGAAATGCTTACGGGATTGATGCTGCTGTGATGACCAGTTTGCCATTGCCTTTGAACCCAACATTCTCAGTGGTATGGCAAGACGTGGGTTCGACAGCCTTTCAAATGACGGATGGGGCGGACGCGCCACCGCGTATTCATGACAATTTGAGTGCGGGGATCTCTACATCTTTGGATTTACCTGGCTTGGATTGGACGGCGGGTTTCGAATATCGTCACATTACCGAAAGCCAATATCAGCTTGGTAAGAAATTGCACTTTGGTACAGAGTTTTCTCTTCCTTTCATCGACATTCGTGGCGGTATCAATCAAGGTTACGCTGCTTATGGCGTAGGGATGAATCTCTTCTTCCTGCGCTTTGATGTGGCAAGTTATAAAGAGGAAATGGGTGCCTACCCGGGTCAAAGTCCGCAAAACCGAATTGAGCTTGGTCTGAGCATGGATCTAAGTTTCGATGCGGACTTCCGCTTAGTTGGAGCTGACGGTAAAAGACGTAAGTTGAAACAACGCCGTTAATCTTTTATAGTCCTTTCAGATGCTCAAAATCGTGCAAATTCAATCACCCTCACAAATTGAGGAGCTTTTTGCTTCTTTCAATCCCCAGACGCAATCTTGGGTGGTTTCTGACTTACGCACAAAATTGGAAATGCAAAAAGTTTTGATCGA
NZ_CP178621.1_gap23	809223	811624	2401	ATCGTAGGTCTTAAGTGAGCGGCTTCCGCTGTTCCAAAAATAAAACTGATAGCGGCAACGAAAAAGAACAGAAAAGATCTCCAGCGCATCACTCATCCCCCCAAGTCAAAGTAAAGCAATTGATTTCAAACACCCTTATTTAAAAACCGAGCGTTGACCAGCATTGGATACCAGGTCTGAAATCTTTTTATAGACACGCCGTGTTTCGGCATCTCTCAAAATTTAGTGGAACGGCCTTTTGCTTCTGCTTTAGCAGTGAGAGGATCTTCGGGCCAAGAGTGTTTTGGGTAACGTGTCCGCAGTTCTTTGCGGACTTCGGGATAACCATTTTGCCAAAAGCTCGTAAGATTGCTGGTCACTTGCATAGGGCGATAGTTGGGTCCAAGTAAATGCAAAGTCAGAGCTTGAGCTCCGCCCAATAGTTTTGGTGTCTCCATCCATCCAAACACCTCTTGAATACGCACTTCCATATAAGGATCACGGTCTGCAGGGTACTGAATGCGCAGAAAATTTCCGCTGGGCACTTTAAGTTTCGCTGGGACTTCATTTTTCAAAAATGCAGCAACGTCAGAGTTTAGAAGGCTTTCGAAGAAATAAATCAGATCTTTTTGCGCGACACTCTTGAAATCTTTCTCACCACTAGATGCCATGGCAAAGGCCTCGCGCTTTTGCTCGTCACTGAAAGGCATGTTTTCATCCATGCGCTCGAGCTCTTCACGAATATTCTCTTGCGTGATTTTTTCGCGAGAGCGAATCAGGTAGGCGAGTCGCTCTGTCCATCCTGCAAGCGATTCATTTTCTTTAAGAACCCATGTCCACTCTTGAGTCAGAACTTCGGGAAGGTGTTCTGCAACATCTTGTGCCTTCGCAATAGAAACTCCGCCTTCTTCCAACGGCAGATCCCGGAAGTGACGGCCTTCGCGGACATAAAACTGTCCTTTTTCGCGATCAAAGGTCAGATCCTTCTTCTTTTCGATCGCAGAGCCCAATTCTTTAAATAAGAAGTCTTTGCTAAGGCCCGCGGCAAGGCTCACCAGTGTTTCAGAGCCTTGCGAGGTCTCGACGCCGTCAAGAGCTAAGAAAAATTCGCTTTCACGCACGACGGTTTCCGGTGAAAGCTTAATGCCACGACCTCCAACCATACGGGCTTTGTCTTGTCCGCTGCTGCGACGTCGAGCCAAACGATCTGAAAAAGACGTCAGCAGAAGCTTTTGCAGAGCCAACGATATATCGACTTTGCCGGATTCATCTTCGCGCGCTTTTACGTAGGACAAAATCTGCCTGGAGGCCTGATCCACCGTTTGTAAACCCATACGATGAGTATTGCGAGGAGCACGGTCTGTCCGGAATTGCGCCAGGACTTCGAGTCTTAGTAAAATATCACTTTCAAAGCGATCTGCCAGATAGGCTTCCGAGCTTTGTTTCAGCATGAAGTCGCGTTCTTGCAAAATAGCAGCGACGTCGGCACCCAAACTTGGAATTTTCATATCGATGGCAGTCAACATCAGTTTTGCTAAGCGAGGTGGCAACGGCCATTGCAATATTTTTCGGCCAAGCTCGGTAATGTGGTTCTTTTCGTCGATAGCACCGAGTCCCTGTAGGTTTTCAATGGCCTTCTTAAGGGGCAAGGGACCTGGTTTTTCAAACCAAGAAAACGAATTAAAATCCGTAACTCCTTGAGCGCTTAGGAAGAGCAAACTTTCACTGAGTTCAGCGCGTAAGATTTCGGGAATATCATGCCCCGGCATCGAACCTTCATCGAGCTTATTCCACATGCGATAACAGACACCCGGAAATTGGCGTGCAGAGCGGCCCGCACGTTGTTGGCTAGATGCTCGACTGATGCGACTCATCTCTAGACGAGAAAAGCCTGTGCGCAGATCAAACTTCATGTTTTTGGCAAGACCCGAATCAATCACGCAAGCCACACCATCCACCGTCACGGAAGACTCTGCGATATTCGTTGAAAGCAAAACTTTGCGACGTGCGCCTTTTTGCAGAGCTTTTCTTTGGGATTCCAGAGGCAAACTTCCATGCAGAGGCACCAAATCGATGCTTTTTTCATTAGCCCAAGTTTCTAAGTTCTGACTGGCGCGATCAATTTCACCGACACCTGGTAGAAACACCAGAATATCATGAGCCGTTTCCCGGGCAGCTTCTTTCACTTGTGCAACTAGGTTCTCAAAAAACTGCGGAGAGGTCTGTAGTAGTTGCGAATTCTTTTGATATTTGATTTCCAAAGGGAAAAGCTTCCCCGGCACATCCAAAATCGGAGCAGACCCCAGGTACTGAGAAATTTTCGGAGAGTCCAAGGTCGCAGACATCACCACAAGTTTAATGGCGCTGCCAAGTTCTTGCATTTCACGAAGCAGACCTAAAGCCAAATCGACGTGTAATGATC
NZ_CP178621.1_gap24	968930	972665	3735	AGAATCATTGCGACGTCTCATAAGTTTGAAAGCATTCAAGGCTTTCCAGATTTTATTGAAAAAGCCGAGACCGGTGCCATTGGCCGGGCTTTGGCGTTGATTGGTTATGGTACTCAGTTTTGTGCAGATGAGTTGGACGAAGGCAAACGTATTGTCGATTCTCCGGCAACGCCTGCTCGGGTTCAACGTGCTCCTTTCCCTAATGACCGCGTGGCAAAACCCACGGCCTCCCAGGAAGAGCCATCTGAAGCTGAAGAAGGGGAAGGTGAAGAAACCGCAGCAAGTCCCGAGACTGGTGAACCGGGAGAATATCTCGTCACTTTCGGACGTAAGTACAAAGGCAAGAAGCTTCGTGAAATACCAAAACCTGAGATTGAGAGTTATATCAAGTGGCTTGAAGCCAGCGCTGACAAACAGGGAACTCCTGTGTCACGCCAGGTGCAGTATTTGAAAGATGCTTATCGCCGTATGTATGAGGCTGAAACTTCGCCGCATTAAAGTAGGTGAGCTTTATGGCTCAATTACCCCTTTCTCGCAGCGCCCCTCCGTATGAGACCGGCTCCTCGCCTTCTGAGGACAGCCGGTCTCTTTTTTCTGACCTAGAGCACGGAGTCGTCATTGGCAGTATCGAGCGCGTGGTTCTCTATAACGAAAGTACCGGGCAGTGTTTGCTAGATGTGAAAGTTGAAAGTCTCAAAGCGCATGTCATGGTGACGGGCTATGCCTCTTCTGTCTATCCAGGACAAAGTATCTACGCCGAAGTTAAAGATCGTGGAGATCGTATTGAAAGACCCTATATCGCGGACCGCTTGGATATTAAACCTCCGAATACTGAGCGAACTCTTAGAAAGTTTTTAAAATCGGAAGCTATGTCGGGCTTGAGCAAAAACGTCGCAAAAGCTCTGGCCGAAACTTTTCCAGAAAATTTTTTCGCTATTCTAGAAATGGATCCCGCGCGTTTAAGCGAAGCATCTGGAGTTGGCCAAAAAAGACAGATGCAGATCATCGAAGCTTGGGAAAAATACAAGACACTGACAGATTTTCGACGTTTTCTTTTCGAAGAGGCCTTGCCCTTAGAATGGGCCAAGACGTTGTGGACTTTTTACGGTCTTGAGAGTCAAAGCCGCTTTGCAGAGCGCCCCTACGCGGTGGCTCGCGATCACACTTTGAATTTTGATTTAGTCGATGGATATGCCCTTAGAAAAGGCTTTCCACGGGATTCGGAAGAGCGAGTGCAGGGGGCTTTGCATGATCTTTTACAAAACTACTACAGACAAGGTCACTGTGCATACCCAGAATCAAAACTTTTGGAAGAAGCTCAGAAAAAACTAGGTGTGCCTGTCGAGATGATGGAAAACGCTCTTGAAATTGAGCTCGTGGAAAATAGATTTGTCGAAGATAAAATCGGAGAGACCACCTGCATTTATCTTCACGACATCTGGCGCATGGAAAGAGCCGTCGCAAAAAGGCTGCTCAGCTTTAAAGATAAAGAGCCTCCATGGGGCTGGTTTAATATCGAAAAACTTCTTACGTGGACACAGAATCTTCTCGCAATTCACCTGGCGCCACTTCAAAAAGAGGCCGTTGATATTGCCCTGTCGTCCTCGCTGACCGTAATAACCGGGGGGCCTGGTACGGGCAAAACGACATTGGTGAAATCCTTAACCGCGATTCTGCAAACACAGTTTTTGAAATTCGCACTGTGTTCGCCAACGGGACGGGCGGCAAAACGTCTTGAAGAAACTACCGGTCATCCAGCGCAGACTATTCATCGTCTGTTGAAAATGAATGCTTTAACTGGTGAGTTCACATTTAATCGCGAGAATCCTTTGGAAGTCGACTTGGTGCTTGTCGACGAAGTTTCAATGGTAGATCTGTCGTTGATGTATCATTTGCTAGAGGCCTTGCCTGATCACTGTGCTTTGATTTTGGTGGGGGACGCAGATCAGATTCCTCCTGTTGGGGCTGGAAACATTTTGCAAAGTATGATCGAATCCAAGCAATTTCCTGTTGTAAGGTTGAAAGAAATATTCCGTCAAAGCGAATCAAGCCTGATTAAAATCAATGCCCATAGAATTAACTCAGGACAAATGCCACTGAAAGCCGAACACACAAAAACAGATTTTCACTATCTGCCTGTGCATGGCGTGGATCAGGCAAAGGCGATGATCTTTGATCTAGCGACAAGGGTCATTCCCAAAGAGTACGGCATCACGGATTTGCGGGATGTGCAGATCTTGGTGCCGTTAAATGCAGGGGTTTTAGGAACACAACAACTGAATCTGGAGCTGCAACAAAGTTTTGCCGGAGAGGCTTTGGGTAAAACTCAGATTTTGGGGCCAGAGCATAACTTCACTCGTGGTGACAAGGTCATGGTCATAAAGAACGACTACATTAAAAATGTTTTTAATGGCGACGTCGGTTTTATCCGTCAGATTGATCATCCGAATCAGTTCTTAGATATCGAGTTTGATGATCGCACCCTACGATTTGGGTTTGATGAACTAAATCGCTTAAGCCTCGCCTATGCGATTTCTATTCATAAATCCCAGGGATCTGAATATCGGGCAGTCATTGTGGTAATCACTGCAGAGCATTTGCCGCTAGCACAAAGGCATCTTATCTATACGGCGGTAACTCGAGGGAAAGAGCACGTGTTTTTAGTGGCAGAGCCAGGAGCTTTACAAGCCGCGATTCTTTCAGATGAAAATAATCAGCGCTGGCAAAAGCTAACAGAGCTTTTACAAGCTAAGAGTTAACACAGATCCACGTGACTTCGTGTTTATTGTGACAAAGATGAATGATACGAGAGTTTGGAATTTCCAGGAATCTTTCCATTGTTTCCCAATCAGTATCACCCTGAAATTTAATTGTGCAGACAAAATTTTTGCATAGACCGCTAGCACGCCATTCTTGGACAAGCTCTAGTAAGCGAGGCGGGTAGCAAATAATATCCGAGAATAACCAGTCAATTTTACCAATATCCTCTGGCTTCAGAACGAACGCATCTTTTTTGCGGTACTCAATATTTGGCAGCTTCGCAATTTTTGGATCCAGTGGTGCTTTGTCGACGCTGATGACTTTGGCTCCGCTTTGTTGCAGAACCCAGGTCCAGCCGCCAGGGCAGCTTCCCAGATCCATGCATAGAGATCCTTTGGCAGGGACTAAGCCATGCACCGTCAGAAGCTCCCACAGTTTTAAATAAGCACGAGATGGCGGAGTCTCTTTATCCTCTTGAAATTGAATATCGCCTAAAGGAAAGGGACTTGATGTTTTAGCAGCGACCAGGATTTTATTTTTTTCAAGCATTGTCCACGCACCCATAGGTTGGGTAGGGACTTCGCCCATGAATTTGAGTGGTGGCACTTTAAATTTCGGCAGTTGTTCTTGGACCAACTGAGCACGGCGGTGATGATCAAAAGAATACAGAGCCCACCACTTGCCACGGGATTTGAGCTCTTTAACGGCATCGCCGATGGATTGAACCTCAAGAATTTCGCAATCGTACCAAATATGTTGTGCCCAGATAGGCTTCTGGAGAGTGTCGGAAACAAAAAGGCGATCTGAGACCGCCTTTTTGTTTTTAAGCTCTATTTCAAGCTCTTTACTGAAATTTTCAAAAGCTAGATAAGCAAACACAACTAAGCAGCGTGCTTCTTTTGAGCAGGGTTCAGAAGACCTTTACCAGACAAGCAAGTAAAGCAGTCGCCCCAGAACTTCTCTTTAAGTTTGATT
NZ_CP178621.1_gap25	1100617	1105470	4853	GTGATCCGCCTTTCGGACAAAATCGAAGTCCTTTAATCCTCAATCTTAAGACTGCAATTCTAGACTTTAAGAACGTCTGTTCTTAGCGCTCATATACACGACATGAGCGCCGCGCTATCATTGGCATTGCTTGCATATTGTATCTCCTGTCCATCAAACCAACCGGACATTTAGGAGAAAACAATGAAACTCAACAAGCTATTTTTGGGACTCATAATGAGTTCTTGGCTGGCGAATTCAGCACATGCTGTGCCTCTTCTTGGCGAAACTGCCGGCAGCATCAAAGTTAGCGGCAACGTGACCCTTTACCGCGATCATGCGGATCCAAACAAAGTCTATTACTTCCCAAACTCGACACGTTTTTCGATCGATAATAATAAAGTTCCACTTTTCAATTTCGTCTACTGGGGATTGGACAATCCAGCAACTGGTGGAGCGTACATGACGATGACAACTCACTTGTCATCGGATGAAGCTCAGAAAAAAGATCTAGAGAACTTCATGGCGACAAATCCAACAATCGAAGTCGCAGTCCTTCCTGTGATGTCTTCTTCAGTGGGATTGCAAACAACAGCCACGAATCAACAACCTTTGTCAGGTCTATTCACAGAGTTTAACTTCGCCCTTCACGGAGGCCGTGCCGAAGATGAAATCGGCGTGAATGCAGTTCTAACTGGTACCGGAGCAAAGGCTTTCAAAGCGTTGTTAACGAAATCTAGCAGCAGTGCACTCTTAAAAATGGACTACTGTTACAAAGTTCAAGGTTATGGCCCTAATATGGACGCCAAAATCACTGCGAAAATGGATCGCGTCTATGAATACTTCCAAACTTCGCACTCTGGCGGTTGGGGATGGTTCAGTTGGAGCATTCAAGCTGTTGTTGAAAAACTCGTCGCAGAGAGAAGCATCATTATCGAAATGAATGGTGGCGATGCAAAAGACTGGGAATACATCCGCACAATTTCTGAAACTTTGACGGCGCGTTTGTTTGTTCCAGAGTTGTCAGCAACTCCTATTACAGTGGCAGCTCCAGCGAATCGTCTGTTCCGCTTTGGCGGTGGATATGTTCGTAAAGAAGAACTGCAAACAGAAACTTGGACTTGGAAACGTCGTGACCTTGTAGAGCGCGATTTCTGTACCAACATTATGATTAAAGATCTGGAACCTTACCGCGATCGCCTTGTGATCTCTGCGGACTAATTGAAAGGAAAATTTATGAAGAAATATTTTGTTTTAGCATCTTTGTTTGTAAGCCAAATCGCTTTGGCTCATGTGATTGAAGTGAATAAAGACGAGCGTACGGTATTTTACACTCCGGACGTCGTTTTGGATGTGGAAGTCACGGATCTTGATAGTGAAGGCGGCATGTTCTCTTTGTCTTTAAGCTATGACAGTGCTGCGGTGAAGAGCGAAGAAGAAAATCTTAAGCGCACGTACCCAGGTTATGCTTTGCGTGTGCTGACAGCTCAGCACGCAAGCAGCAGTTTGCTTGTAAGCATTCCAGAAATCGGTCTTTCTGAAGAAACTCAAGTAAAGCAAGGTCAAATGGGACCGTACTTGAATTTTCAAACGCTTCTAAAGCCTGCTCAAGTAGCAAAATTAAAAACACTTTCTGCAAGCGCGACGGATTTGGTGAAGCTTGCGATTCCGGTATCTTCTGGGTATCAGGCGATCAGAGTTCTTGAAAAGTACTCAAGCTCTACAGTTTGTAAAGAAATGCGTGTGAAGCGTTTTGATGACTTGGTAGTAGCGTTATTTAATCTTAAAAAGCCATCAGGGATCGTGCGTGCAGAGACTCTGACTGACTATAAGAGATCCATTATCGAAGGCTGTTTCGATCTGTCTCCGGCAAAGGTGACTTCTTTTAAAGAGTTGATGGCGTTAGAGCTTCAGCCGAAAGAGTCTCCGATCGAGATCACTGCAAGATACTCAACCAGTCAGTGGGTAGATGCAAAATATGAATTGGTTCCAAAGCTGCGTTTAAAAATCAATTAGGAGTTACCGATGAAAAAGCTGATTTTGGTATTTCTGGTTCTTACAGCCTGTGGTTCGCCGAAAGAACCTATCGAGCAAGAGCCATATTATACATGCCAACTTGTTGCTGCTAAAATTTCAGTAAAACACGCTCTGGGTGGCGAGAATCCAGTTCCGCTTCGTACACATTTGATGACGACAGTTGCAGAAGCTATTGGGGCGGATTCTCAATCCTGTCCACCAGTAGCGGCGATAAAACAGTTGGATGAAAGACTCAGTCTTGAATGCGGTGATTTCCTTTGTAAGGTAGGGAGAAAATAAAATGAAAAAGTTGTTAATTGTTGTTTCTAGCTTGTTACTGACTACAGTCGCACAAGCAATTCCAGTGATGAATGAAAACGTCGCAAATAGCGGAGTTATGACCATTTACCCGGATCATGCAGATCCACACAGATATTATGTGGCTCCGAATGTGGTGATGATTGCTACCAATAAGAAAGGCACTCCGCATTTTTCTTATGCGGAATATCGCCGCAATCTGATTTACAAGGTCGGTGTGATAGCAATGACTTTGGTGCCGGCGTATACGCGCGAAGAGTTGGATGTAGCTAAAGCCGAGATTCTTGCAAAAGATCCTTTGGCCGAGTTTAGCGGACTTCCGTTTATTGGTTCTTCGTTGGCGCTGAACGGGGCTTTGCCGGAACTGATCACTTCGAATGAGTGCAATCATGCGGCGGGTTTGATCGGGCAAGAACAAGCGTGCTCTTTTGTTCTGACTGATAAGGGTCGTATCTTCTTTTTGAAGGCGATTGAGCGCAAGATGCTGTTTACGACTTTACAGTTTGAATACCAAGTTCAGGCTGTTTTGCGTTTGGCGGATGGCACTTTTAAAGACGCAACCATCACTCATGGGGTCGCAGTCCGTATTGATGGGGGGCAATTGGCTCGTCATCCGCGTTTGATCCGTCGTTTGATGTATTAACGCATAGCCCCTATTGAGGTCCGGCATACCTTTTAGGGGCTTTTTTTGTTAGCTTGCCCGGCATGAAAACACTAGTGCTTACGGGTGAGTCCATCACTCTCGAAAATCTGTATGAAATTGCCAATAACCCTGAAATCAAAGCAGAGCTTGCACCATCCGCACGCGCTTTGATGCAAAAAAGCCGCGATTACATCGAAGGTCGCATTAAAAATGGCGAAGTGATGTATGGCGTGAACACCGGCTTCGGAGCTTTTTCATCAGTCCGTATTTCTGATTCTGAAATTGAACAACTGCAAAGAAACTTGATCCGTTCTCACTCGATGGGAATCGGCGAGCCGTTCACGAAAAATCAATCACGCGCGATGATGGTTCTTCGTGCCAATGCTTTGGCTCGTGGCCATAGCGGCATTCGCCCAACAGTCGTTGATAAGGTCCTTGAGTTTTTGAATAACGATATCATTCCAGTGATTCCGTGTCAGGGCTCTGTCGGTGCCAGCGGAGATTTGGCGCCATTGTCACACTTGGCACTTGGTGTGATTGGTGAGGGCGAAGTTTGGCAAAATGGCCAAGTGGTTCCTGTGCAAAAAGTTTTGGCCGAGAAAAAAATCCAGCCACTAGAACTTAAAGCTAAAGAAGGTCTTTCAATGATCAATGGCTGTCAGGTAATGACGGCGTTGGGATTGCTCACCGCTTGGGAAGCGCGTCGTCTGTTGTGGATGGCGGACCTTGCAGGCGTTATGTCTTTGGAAGGTCTTCGTGGCTCACGTAAACCGTTTGATCCACTCATCAGTGCGACTCGTCCTCATCCGGGCGAGGCAAAAACAGCGCGTAACTTGATGAAATTGATGGGCGAAAAGAGCGAAATCTCTGAAAGCCATGCAGTCGGTGATCCACGCGTGCAAGATGCTTACAGTCTTCGTTGTATGCCAGCGGTTCATGGCGCTGCAAAAGATGCTCTTCGCTATGTTGTAAAAGTTCTTGAGACTGAAGCGAATTCTAGCACCGACAATCCACTCGTGTTTGCAGATGATAACAAGGTTCTTTCTTGCGGTAACTTCCACGGGATGCCGGTTGCGCATGCGATGGATTTTGCGGGGATTGCGATTTCTTCTCAGGCCAGCATTTGTGAATGCCGTATTTCAAAAATGATTTCACCGGTGATGAGTGAATTGCCTGCGTTCTTGACTCCGAACGGAGGTTTGAACTCTGGTCACATGATCGTGCAAGTGGCGGCAGCATCACTTGTGAGCGAGAATAAGATCTTGGCACATCCTGCAAGTGTGGATTCAATCCCAACTTCGGCTGAAAAAGAAGACCACGTTTCTATGGGAACGATCGCAGCTCGTAAGTTTGAAAAGATTCTTCGTAATGCTGAAAACGTTGTGGCGATGGAAATGCTTTCTGCCTGCCAAGCTTTGGATTTGCTAGCGCCATTGAAACCAACGGCAGCTGTGCAAGCGGCTTTTGATCACATCCGTAAGCAAGTTCCGTTTGCAAAAGAAGACCGTTATTTCGCCAAAGACGTGGAAGCGATCAAAGGCATGATGGTCAAAAATGAGCTTATTAAGGTCGCTGAACAAGCGGTCGGCCCTTTGGAGTGGTAGTTTTTTGACAACTGCGTGACGACAGTTTTCTTTTTGTTTCACAACAAGGGATTTTGTCGTCTTACATATTGAACCCTCTCAGAAATATATAAGACTCGGCCAACGTCGTTGAACGACAGATCAGTGGCCGTTTTGCCAGTCTGGTCTTTTGAATTCCAGAGGGGAGTTTTATGTATTCAAGATCACTGTTAGTGTCTTCTATCATTCTCGCTGTCACTTTAGGGGCTTGTGCTTCGAAAGAAAGAAAAGAAGCCGAAGCAAAGGCCAAGGCTCAGCAACAACAAGTCGAAGCT
NZ_CP178621.1_gap26	1111671	1114195	2524	ATCCCCAGCCATCAATTGAGCTTGAGCGCCGCCGGCTGAGTTACCAACCCAAATTCTTGAGTCAGCCAAAGAGTTTGATTGTTTTGCAACGAGTGTCGCGTATTCAGAGTTACTGATTAGACCCGCAGTCACAGAACCTGAAGCTGATGCCATTGGGATATGTAAAGTATGCTGACCAGAACCCGTATTGGTTGCCCAGTTTGGAGCTGTGCCAGTAGTTCCAGGAGCCATCAAAGACTGGCTAGTTGCTGAAGAACCATTGAAGCTTGTGATACCTGCACCTGCAACGCCAAGAGTTCTGACAGCGCCACCGTCATAGAATTTAATGTTTGTGCCATCAAACCACATCTGACCAGCAGCTGTACCGTCGGTGCTATTATTGGAAAGAGTAAAGTACTTATTAGTTCCCATGGCGATATTACCAGCAGCAGTAATATTGTTGTTACCCATATTTAGGACGCCACCCATTGTGCCGCCACTTAAAGGTAACTTCGAAGTATCATTTACTGCAGCTGAAGTAACTGCAGTTAAACGACCTTTAGCATCGTAAGTAATCACAGGCACATAAGCTGAAGTTCCAACCGGACCGCCAGCAGTGATTGTCGAGGCAAGTGTTAATTGGCCAGAGTTGCTCATAGTCGCATCACCGTTTATAGACACTTCAACAGCTTTGCCTGAACTGTTACCAACCCAGATTGTACTGTTAGTCAAAGGTGCGGTGTTGGAAACTCCAGTTAAAACAGTTGCCCAAGACAGAATGCCATTGCCATCAGTTTTTAAAACTTGATCCGTATTTCCGTTATCAGCAGGCAAAGTAAGTATATAGTCTGTGAAAGCACCTGAAGTTTGGATCGTCGCTTTGCCAGTTCCTGTTTGAACCTCAAGACCCTTCATAGTACCAACGCCAGAACCATTTAATGCCAAGATCTTGTTGATCTCTGCAGTCGTTGTTTTAACAACGGTGACAGAGCCAGTGTCAGAAACAGAAGCGATATCACCACCTAAGACACGAGCTTCTGGACCGTTAGATGAATTACCAACCCAGATTTGGCTGCCAGTCAGACTTGGCAATGACGCCGCTGGTGTTGTCCAGTTCAGCACTCCGCTGCCAGTGTGAGTCAGTACTTGTCCAGTGCCACCTATACTGTTTGGCAATGTCCAAGTAACGTTTGTTGATATTGTCGTTGGAGCTCTGAATCCGACGTAGTTTGATGAATCTGAATCTGCAAAACGAAGTTCATTTTGAGCATTCATTTGCACGGTACCGGAGAGGTTACCGCCAGCAAGTGGTAATTTGCTGGCATCATTCACTGCTGCAGAAGTAACAGCTGTTAAACGACCTTTAGCATCGTAAGTGATGACTGGTACATAACCAGAAGTTCCAACTGGGCCACCAGCGGTAATTGTCGAAGCAAGAGTGAGTGCGCCAGTGTTGCTCATCGTCGCATCACCAGTGATTGAAACCTCTTGGGCCTTGCCACTAGAGTTTCCAACCCAGAGTTTACCATCACCAAGTGCAGAGGTATTAGTAATAGTAGCCGCAGGAATGGCAGCCCAAGAAGGGTTGGCACCTGCGCCACCAGTTTGCAGAACGTATCCCGCAGTGCCTGCCGGAAGAGCTGTCCAAGTAGAGCCATTTCTATAGAGGATATTACCTTGAGTATTGCCGACAATATCAAGAAGGGTTGGAACTGTTGTTGCGACCGGAATGCCGTTAGCTCCAGAGGTGTTGGCAAGAACTGTGTTGTTAGTGATATTAGCAAGGCCGATTGTGCCAGAGCCAGTGATAGTTCCGCCAGTAAGACCATTGTTAGTAGCAATACTAGTTACGGTGCCAGTGGCAGCGGCGACCCATTTAAGTCCCGAGGCTTGGGATGAATCAGCACTTAGAACTTGACCATCTGACCCTACAGGCAAGCGAACATGATTTGAAGCATCACGTGAAAGCAAATCACCCTTGGTTGTCAGAGGACTTGTGAGTTTATTAGAGAAGCTTGTATGATCGGTCTTACTTAAAAGACCGGCTGTAACACCTGTATCAGAAGCCATCGGGATTTTAAGAGTGTGAACGTCAGATGCTGAACTCCAAGCCGGAGCGGTGACGCTTGTTCCAAGATCAATGGCGCCGAAAGACTGCGAGTTACCAGATTGGCTATTTAATGAAGTAATACCGGCGCCAGCAGCAGAAGCGGTGAACCACTCCCACGAAGATGTGCCATTATTCCAACGAAGTGACTGACCGTTTTGACCAATGGCAGGATTAGCTGCGACATTTGGCACGTTGGTCATGCCGGTGATCTTATTTCCACCCATCAGGATATCGCCCGACATTGTACCACCAGCAAGTGGCAACTTCGATGCATCGTTCACAGCTGCAGAAGTTACAGCCGTCAAACGGCCTTTAGCATCGTAAGTAATAACTGGTACGTAGCCCGCAGTTCCTACTGGGCCACCAGCAGTGATCGTCGAGGCCAGAGTCAATGCACCAGTATTGCTCATAGTAGCGTCACCAGAGAGAGCAAAT
NZ_CP178621.1_gap27	1230909	1235285	4376	CACAAAGTGTTAATCCTCAACACATTCAGCAGATTTTACGAGAGCGTAAAGTGCGGCGCTTTTTCACCATTCCGTTATTTTTGAATTTGATCAAAAATTCGGTCGAAGCCAAAGTGCAGAATCAGCCGCTGATGAAGCGTTTGATTTTCCGTTTAGCAATGGCCTTGAATCAACGTTTGAAATCTGAACGTATCGCTAAAGTATTTTTTAAACCGATTCGCGAAGCTCTCAGTGATACCTTGGAGTTCTTTGTTTCAGGCGGAGCTCCGTTGGATGTCAAAACAGCCCGCTTTTTTAGTGCGGTCGGTTGGCCGGTTTATAACGGCTATGGCTTGACCGAAACGGGTCCTGTGATTGCCGTCAACACGGCCGATTATCACCGTGACGGGAGCGTCGGAAAACCGCTTGCGGGTGTCGATGTAAAAATTGTTGCGACCGGGGACAACGAAAATCCCAACGTCGGAGAAATCTGGGTTAAAGGACCGAATGTATTTACTGAATATTATCGTGAACCTGTTTTAACTTCCGAAGCAAAAAACGCTCAAGGGTGGTTTAGGACGGGGGACTTGGGAACTTTGGATAGCGATGGCTACTTGAGTATTGTCGGACGTCGCAAGAGTTTGATTGTGCTTTCAAGTGGCAAAAAAGTGCAGCCCGAAGAAGTGGAAGAGATTCTAGAGCAGAATCCGCAACTCAAAGCCTCTTGTCTTACGCTTGTGAAAAAACAAGGGACAGAAATTCTTGTCGCTATCATTGAGCTTCGTGATGAAGTTTGGGATGCTGAGCGCGTGCAAGGGATTACGGCAGATCTAAAAAAACGTTGCGAAGTTTTGGCGCCTTATAAGCGTCCTCAGGAAATTCGTCTTCGTAAGACACCGTTTCAAATGACCAGCAGCCAAAAAGTAAAACGTCATGTGGTTCAGTATGAAATCGACAAGGGACTTCTCTAAATGAAAAGAAATACGAAGCTGATCATTCTTGGGGCCGTTGGTCTGACCTTAGCCTTTTACGTCCAAAAACTTTTGCAAGATGCCGGGGCCTTTCGACAAATTACACCCGTAGCTTACGGCCAATGTCAGAAGGTAGGGAATCTATTAGGTCCCGAAGATTTCGCGCTTTTGCAGAACGGAAAAGTCATTATCAGTGCCGAGCCTCGCGATGGCGGTGAGGGCGATCTGCATGTTTATGATCCGGTTCAGCGTGTAGTCACAAAACTTAAACCCGAGCCAGAATTGGAATTTGATTTTCGTCCTCATGGCATCGATGTTTTTGAAACTGCCGAGCGCACTCTCGTGTATGCCGTCAACCACCGCACCGATTTTGAGACTACTGTAGAGGTTTTTGAATATCGTGGAGATAAGTTACTCTTTTTGAAAACCTTAATTGATCCATTCTTTCAATCTGGCAACGATATAGCCGTGTTGAGTGAAGATCGTTTCTATCTCACCAGTGACTTTGGGACTCCTCGCAAGCCTGTTCAGAAGGTGACTCAATATCTTCGCCATGCGACGGGTTATGTGTCGTTTTTTGATGGCAAGAAAGCTGATTTAGTTATTCCTAGTGTTTTTTATGCTAACGGCCTTACGCTGAATACGGCAAAAACAACTCTGTTTGTGGCTGGTATGCTTGAGAAGACAGTCCGTGTTTACGATATCAGCTCTGGAAAACCCCAATACGTTAAAACCCTTCATGTCGACGGGGGACCTGATAATATTCGCTGGGCTCACGAGAAGCTTTTTGTAGCGGCACACCCGAAACTCTTAACGCTGAAACAAGAAAGCGAAGATCGCGCGATCAAAGCGCCGTCGCAGATTATCGAATACTCTGATCTCAATGCGAAAGAATCAAAAAGTATCATTCTGTATGCGAATCAAGGGGATGAGATATCCAGTGCGAGTATTGCGATGCCGTTAGAAGAAAATCGTCTGCTCATCGGCAGTGTCTTTGACAATCAAATTTTAGATTGCAAAAAATAACTCAAAATTCTGTTTGTCTGTGATCATTTAGCGCATCATGTGCGCTAGTGGATCATTGGCAGCGCTTTTTTTAGGTCGATATTCTTCTGCTCAAGAAATCCTTCGATGTCGGCAACAAAGCTCTTATAAGTATTGTGGTTGAAGGATTTAGGAGCTGGGACGCCATTATAGACTTCAGGTTTTGCCAAGAATCTTAAGGCAGAATTGAGTTGGAAAATTCTCAACCCGGTCTGTACGTCAAATTGGTATTTGGTTTTTAGATCCTCTGCCAATTTATAAATAAAACGATCACGAATCGGCACCACTGATGCCGTGGCTAATTCGTGAATGGCCACTTCGCAGGATTTTGGATTATTAGTTTGCACGCAAGCTTTGCCAGCCACCGAAGATCTTGATTTAGAAACTTGGGATTGGCTTTGGGGGATCCAAACTTGGATATCAGTTGCCAATTGCTTCATAGTTTTATGAAACAAAATAAAGGCTTCCTGACCAGTGAGATCATCGCGGTATTCAGAGGCCCGAGCACCCTGAACGGATAATAAAAGGACTAACATCAAGAGTGATTTCATAGAGGTGTTCAAAATCATCTAGGCTTCCGTCTCTACGATCCATGTATCTGGATCGTCAAAAAGCTGTTCGAGCAAACCTTTCGAGAACAAGTAGTCTTCCTTAAAGAGCTCATGCAGTGTTAATGCATTTTTTGTCAGCTCTTGATAAGAATACGTGCGGCTTAGGTACTCTTCCTTAGGCATTCTAGGTTTTACAGGCTTTGCCACCTTCTGACCGTACAAGAGGGTGTCGTAGCTATTGCTGTTGAATACTAGTGATTCCAAAGCTGTGTACGGAGAATTTGTACCAAGGTTGCTAGAAGAGAGTGGTTGGCGCTGATTGAAAAGATCGACAATCAGTTGCGCATCTCCGATGTTGGTATTTTCGCGGCACCATTGCCAGTACGGCGTATCCAGTTGCTTATTGTATTTGTAGTGAATACCGAGGAACCAACGGAAGGTATCCCAAGTAACAGCGATTTCTTGATTGAGCGCCGCAATGGAAGCGCGATCTTGATGATTGTTTGGCATTAAACGACACAAAGTCATAATGCTGTGGACGGCCGTTTGAATAGCAGTCGACTCTAAAGGCTCGACGAAACCGTAAGCATTGCCAAGACCAAATACGTTTTTATTCCAAGCTTGTTTGTGACGGCCCGAACGGAATTCCACCATTTTGTATTTTTCAATAGGGCCAAATTTCGCACGGACTTCTTTTAGTGCCGTTTCTTCGTCGCAGTAAAGCGTCGAATGAACATATCCGTGATGGTTTTCTTTACGCATCGGAATTGTCCAGCACCAGCCATTGTTCATTGTTGTACAACGAGTGAAAGGTCCAATCACATCGTTGTTAGGAGTATCAAATGTCAGTGCGCGATTGTTGATCAAAGTAGAGTTAAACGGCACAAACTCGGTTTTAAGCGCTTGCTCTAGAACGCGTGAACGGAAGCCTGAACAATCGATATAAAGATCAAAAGAAAGCTTTTGACCGTTGTCTGTTTCAAGAGACGAAACGAATTCATTTTCGTCCTGATTTACCTTCACAACTTCCGCGTCAATGATTGGGATCTGACGTTGTTTCAGAGTCTTATTCAAAAAACGGATCAGATTCTTATTATCAATATGGTAAGAAAACGGAATACTTTGCAGCAATGAAATGAGCGAACCATCTTTGTTACGCAAAACTGGAATTTTGTTGTGGTCCATCAGTACAGATGACCAGTTGGCGTTATTGATTGAGTCTTCGTAGTAGTAGGACTCCTGATGATGGCCCGCAAAGAAATTAAAATTAAAATGGTAGTCCCCAGGGCAGCCCCAATCGAACTTAATTCCAAGCTTTAGCGTTGGTTCGACCTCACGGAAGAAAGTCGTTGGGTCAATTCCCAGCGTGCGATGCAAAAACGGTACGATCTCTGTCGTCGTAGATTCGCCGACTCCAATGACCGGAATTTTGCTGGATTCGATAACAGAAGTTTTGATGTGAGGATGGAGCTTAGTCAGCGCCAACGCAGCTAAATAGCCTGCTGTTCCGCCACCCAAGATGCCGATGGTTTTGATTTCCGTCGTCGGGAACTTTGAAAATTCAGTGTAACTTAGATCAAACGCATTTTCGATATGGTCAGTAATGGAAGCCATCGGAATCCCTCGTAATTTGAGGTCCCATAAAAGCATTTTTTCAGCTCTTTTTCAAACGGGCATTGAGCAGAGCTTGCGCTTTGGAAAATTCTCCTACGGACATTATTTGTGGGAGGCATGATAGGGCTAATTACTATGTATTTTTAACACGAAGCGCATTCTAGGCGACGTATAGTGGGCCAAGAATGGCTTTGATGGTTTTCTTAAGTTCGTCCAT
NZ_CP178621.1_gap28	1376977	1378836	1859	TGACAGAGCGGCGGATGTTGCCATTGCAAAACAACTAGCGTGTGCTGCAGCTATCAGCTCTTCAGGGTTGCTCCCAGGCTGATTTTCAAAACGTGTTTGAAACGAGTAAGGAATATTTTTGAGGGCTCCACTGAGAGTTGAAACATCTCCTTTTCCTTCTTTGATACTTCCTCGCCAAATAGCACGCGCTTGTCGTTGCATAAAACCTCCTCGTGTTTTGGTTTTAGAATTCTTCTAAGGTTTTTTGAAACAAATTTAATTCAAGATGCAATATTGCAGGGTCCAGTTCTATCACTGAAATTGACTCGTAAACCTTGCGCCCGTAGCCTTTCCTAAGAGGGTGGCTCTATGTTCATACTGAAGTTGATCTTTGGAATCTCCGCGGCCTTTGCAGCAGTAATGGGCCCCACAAGAGGACCAGCAGCACAAACTAACAAAAAGATCGCGTTTATTTTGTCAGATGCCAAAAATGGTGGAGTCATGGGAGCAAAGGCCGGCTTTATGGAAGCCACACGTTTGCTATCATGGAAAGTAGAAGTTCGCGACGGTATGGGTGATATGGAGGCTCTGAATCTTCATCTTGAGGAAGCGTTGAATACGAATGTCGACGGCATTGTATTGTGCGGATTTCAGCCCGATAAAAAGCAGCTAAAAATTCTACAAGCCAAGAAAAAGCAAATAGTCGTAGTGGGCTGGCATGCAGGAACTAAACCCGGACCGGTGCCTGGACTTTTTACGAATATCAGCACGGATCCTTCTGAAGTTGGAAGGCTTACGATTCAAGCCCTGCGAAATACAGGTAGCAAAACACCTGGCGTGATTGTCATTACTGACAATCGTTTCGCCATTGCCAAAGAAAAAACACAAATACTGACGAGTGCGCTTAAGTCTTGTCCTGAATGTCGTCTGCTTGCAGTGGTGGATATTCCTATTTCTGAAGCGCAAGAGAAAATTCCGGGGTTTGTTCAGCGAATGAATACTCAATTCGGAAAAGCGTGGACTCACACGGTAGCGATCAATGATATTTATTTTGATAATATGAATTTCCCTTTAAAAGATGTTGGCCGCCAAGACATTGCTAATATTGCAGCTGGTGATGGTTCGCGCGTAGCAATTAGTCGCATCAAAGGCGGAGGTTCTCAGCAGGCCGTGACGGTTGCCGAGCCTTTGATTTTTCAAGGTTGGCAAATTGCGGATGAGTTGAATCGCGGGTTTTCAGGTCAAAAAGAAAGTGGTTTTGTCTCTAAGCCCGTGGTTGTTAATAAGGAGTTTCTAGCAACTCTTTCCGGCGACGACATCGAAGAACCTGTGGATTTTCGTAAAGCTTATAGCGAGATCTGGCAAAGAAAATAGAAATCACTTAAGGCACAAGGCGGTCTGACTTCTGCAGAACATGCTGCATATTTTTTTCCGCAAGTACGCGTGCGGCTCCTACGCCCCAGCGTGAGCAAATCCTAGCAACATCCATTTTAGCAACTGGAAGAAGCGTCACATCTGTTTTGGGCACGACGTATATGGACCCACTCAGAGTACTTGGCGCACTTGGTATGAAGATCACGTAGTGGTCCGGAGCAAGCTCTTCAACGATCAAGATAAATGTATTCATCTCATCAAGTCGAGTTAAGATTGCAGGCTGAAAAGAGGAATTGGTTTTAGAAGGGATAATTCTTTCCGAGAATTCCTTAAAAGTACGGTAAATCTTGATATGCATCAGCGTATGGTCCTCAAGCCAGCGTCCGAGTTTTTCTCCCATACTTGTTTGCGCAATAAATCCTAAGATCATCGAAGCGACGGCGATAAGTCCCAAAGTAACGAGTTTGGTGGCGACGATTCTGTCGAGATAAGCTTCAGGAAAAAGG
NZ_CP178621.1_gap29	1511850	1515636	3786	AGTCAGAAAAATCAAATATTAAAACATTCATAAAATACCAATTAAAACATGTATTTATAATTAAAAGTATAGCAAAACTATAATATTATTATAAAAATATAGCAAGTTTAACTGCACAGGCGAGCATAAATTTTCTACTGTTGCTTTATGCCGGCGCAAAGAAATTGAAACGAACCACAAACTATGATGTTTAAGAGGCAACTATGATTCAAAAATTAACGACAAGTATTCTAGCTTTGTCCCTCGTAATGGGACTAACAGCTTGCGAAGTATCAACAACAAATGGCGGAACTCCAAATCCACCTCACAAAACCACGCCAGACGACCACATGGAAGAAGGCGGCATCAGCGCGGGCGGCGGCGGAACTTTGCCAGCCGATCCGATCCATGTTTTCGAAGCTGTTGGGATCTTAACAGAAGCCAAACGTGATCTTCGATTGATTATCCGTAACATGCAAAAATTTGAGCGGTCATATAACGACGCCTTCGAAGAAAAGTTTTATTTTGCGAAAGACAATCTAGCGACCAAGCTTGAAACGACAGATCTTGAAATCCTCGAAGACAAGCCTTGCAAAGACAAAAATGGAAGAGATGTTGATGCAAGCATTCATGCTTCACGACCGAATACGATTTGTTTTAGTGCCTTTAGCGTAGCGCCAAAGCTGATCATTGAAAATGCTCATAAAGAAATCATGGCTTTGCTTGTTCATGAGTTGGGCCATTTCCTTGGTGCGAATGAGACTGAAGCAAGAAAACTTCAACAGCGTACATTGACATTCATGCGTGGAATCAATCACGAGTATGTGGAAACTCTTTGGAAAGAAACTTGGGGCATCACAGAAAGCTTTAACTTTTTGTACACGAGCAAAGAAAAGGTCCAAGAAGCGATCAAGCAGAACGACGTAAAGGCAGTAGATACCGAGATTCAGTCTTGGGTTAATCAGTTGGATAACTACGACAAGCCTTTCGAGAATAAAGACTTAGCCCTTCTTGATTATACGATCAAAGAATATGAAGCGGTTATGAGAATGAAGCTGCGTTTTGCGCAAATTTATTTTGATACGCAAATCGAAGGTGATTTCCAGGAAATGGCAAAAGAGAGTTACGCAAAATGTTTTGGCGACCAAACTGCGGTGAAGGTTAAAGACTTCCCTGAGGATTGCCCGATGGCTTACCTCAATGACAGCATGTATGGCGAATATGTGATTAGTAAACTGACGAGTCTTGCAGACCTTGAAGAGTATCTAGTGGACGTCAAAGTATACCTCCGTGACTTGGCTTCACACACCAGAGCCATTGCGTTTACTCAGCCTTTGCCGGTGTTCCATTTGCCAACAACTCCTAAAGAGGTTCACCCGTGGCTGAAGTTTACTGGGATGTACAATGCAACACTCATCGGTTGCAGCAGCACATCTCAAAATAACTACAATCCATATAAGGGGCTTCAACAGTTAGAGATCCAACCAAGTGTTGTGAATTATCCAATGGAAAATACTCCAGCTGTCTCTGTGAAAAAAATCAGTGGTGGAATGACTAGTACGGATCATTACTTCAATGACCACAATGGTTCGGATTTTGAGTACATGACAGGGACAGCAACAACAGCTGTGATGACCAAAGAAAGTGGAGACCGCTGGTACGATAGAAATGGCCACGGTTGGAACAAACAGGTGAATTCAATAGAGCAAATTAATGGCCAATTGGTTTTCACGATGAAACAAGAACACTTCACGTACGATTACAAAGGTATCTACCAAGCTGAAGCAAGTTGTCAGTACCAACTGACTCCGCAATAAAAAACCTCAAGCCCGAGCGAACCTCGGGCTTTTTTCATTTCGTTTGTATCTTCATGCCAGGCTTGCCTGGAATCCCCGAAAGAACTATGCCTAAGTACCAACAAGGGGACCTTCGATGAAATCAATTCTTTTCGCTATTCTTACTATGATGACCGCGTCTGCAATGGCTGTTTCAGTAACTCAGCTTCATTGCGAAACCATCGATAGTGAAACGACAGTGCAAATTCAATTTGATTCAGCTGTTGATCCCGCAAAACCTTTCATCGGTTGGCCAAATCTTCCAGCAACTTTAGAAGTTCGTCCTTATCGCTCTCGCAATATCTATAAAACAGCGATTCACTTCACGCCACTCAAAGGCGGCGAAGCGTACGACTTGCGTGGCAGTGCTGCTCAAGAAGGTGTGTACTTGCAGCTTTTCCCAGAGATTGTAAAAGGCGAGGCCACTGGCAATTACACAGGCCAAGCCTTCATCAACGATCTAGATGCGCGCGTATATTTTGACTTCCGCAGCGAGGGCTCTATCCCAGGGCTTACCTGCAAATAAAGGTGATCCGGCAGTCGAGACGCCTACCGCTAACGCGCCTTAATTTGCTATTAGACAACTTGCGAGGGGCCTCTAAAGGATGTAGAACGACACCCAACAAGAGAGGTCCCTATGAATCAAAAATGTGATCTTGTTTGTGGTCTTCCTGAAAATGAATCTGAGCTTCGTAAGCTCTTAACCCCTGAACAATATGAAATCGTCGCCCGTAACGGCACGGAACGTCCTTTCCAAAATGCTTATTGGGATAATCATGAAGAAGGATTGTATGTCGATGTTGTCAGCGGAGAACCGCTGTTTGCATCTATCGACAAGTTTGATTCGGGCACTGGTTGGCCAAGCTTCACACGTCCGGTGAACCCAGAGGCGGTGAGAGATCTTGCGGACTTCGCTCACGGCATGATTCGCACTGAAGTGCGGTCAAGAAAAGCAAACTCTCATTTAGGTCATGTCTTTGACGATGGCCCCGAACCATCAGGTCTTCGTTATTGCATTAACTCGGCGTCGTTACGCTTTGTTCCCTTGGCTAAACTTACGGAAGAGGGCTACGGAGCTTACTTGAAGCTCTTCGAAGGCTAGGCTCTTTAATTTCAGTAGCGCGAAGATTTTTTTTATATAGAATAAAGTCCTATGTCATCTGTGGGATTTAGAGTCTTCGCGCTCTCATCAATTTTATCGGCTGTGTTTTTACAATCTAGTTTCGGTGCTGAAACCAAAGCGCTGAGTATGGATATTTGTTTCTTAGAAAGAAATTTTCTTCCGTTCACTGATCAAGAAGAACAAGGACAATGGCAAAGGTTAGTTAAAGCCGCAGCAGCAGAAGCGGGAGTGCAAGTGCGTATGTTTTCGGCTCCTCGCAGTCGTTGTTTAAACGAGGGTGCGCGTGGTACGAGTGATGCGATTTTCTCTTCGGCATTGGCAGGGCAAGACTCCGTCATGGTTTTCCCTAAGAAAGACGGCATTTTGGATACAAGTAAAGCTGTAGGCAAACCTGTCTTTCGGGTTTACGTAAAAAAGGGAAGCAAGGTCACTTGGGACGGAGTGCAGTTTCAAGGTTTAGGAGACGGAGCGGTTGGAGTTCAGACAGGACTGTATACTCTGAGTTTTCTTGAGAAGATGAACGTCAAAGTAGATCCCACAGAGGGGGCTGCGCCAACTTTGGCAAAATTAAATCTGGGCAGAGTTTCCGCTGCAGTTTTGAATGAAGAACAAGTCGAAGTTTTGGCAAAAGATATTCAGATGGATCAGATCGAAGCTTTGCCAATAGCGTTTGCAAGCGCTCCGATTTTTTTACCAATCTCGAAGAGTTTTTATAAGAATCATCCGACAGAATCAGAAAAACTCTGGTCTGCGATTCAAAAACTTTCGGCGAAATTTCAGATCAAAAAATCTGTGAACTAATGTCGCTCTACGAAGAGTCCTTGCAGGCCTAAAACTTTACGAGCAAGC
NZ_CP178621.1_gap30	1576956	1579547	2591	AATCCACTCGATTTTTGCATTGGGATACGCTTTTTGGATGGCCGAAGGAATGCTAAGACTTTGAGTCACATCCCCGAAACTAGAAAAGCGAATGATTAAAAAACGGGCTTCCGCACCGTTGGTTTTTTCAGCCATAAAGGGACTCTAGCAAAGAACCCCCAGGCTGGCAAAAGCCAAGCGCCAAAAAAGGGCACATGTCGGTATTTTAACACCCAGGGCGCAAAACAATGCCTTTGAATGGGGCTTTTGTGGGCATGCCTTTTGATGAATAAAGACCCGCAGGGAGAAACCATGCGGAACTGGTACGTCTTATCTTTAGCACTTTTAGCCCTTTTTGGGGTGGAAATCCTGGCGAGCTCCGCCCAGGCCCAAGTGCGTTCAGATCTCCGCTTGTTCTCGGATTCCTTTATTAGCCCATCCTTTGAAGCCAATCAAAAAACCAACTATCAGTTTGTCGGCATGAGCTTAAAAAGCTCTCCATATACTGATGAAGCTTTAAAAATGGATATTGAAGGAGCTGTGGCCTTTGGTGCCCCGCTTTTAAACTACTTAAATATTTCTGAGGCCTATTTCCAGAATAAACAATCCGACACCGAGCAACTCATTATTGGCAGAAAGCTGATGGATTGGAATGAGCTCGATAACCGTTGGGACTTTGGCCTTTGGCAGCCACTTTTCCAGTGGAATCCGTTGAACGCCGAACAGCAAGGTTTAACGGGGCTTTTCTGGCAAGCAGAGCGTCCGAGTTATTCGATTTTGATGTTTGCCTCTCATATTTTTATTCCGAATCAAGGTCCTACTTTTGAAATCTCTGATGGATCTTTTGTTCGTGGGAATCCCTGGTTCCGCAGACCGCCAGAGTCTGTACGTATTTTCGAAGAAGTGACCCAGGTCGATTATAATTTCGAACGCCCTGAGAGTGCCCAAGTCGTTTTTCAAACAAGTTACGGAGCGCGCTTGAGTTTTGGCTCTGCAGAGTCCGTGAAAGCGCAACTTAGCTATATGTACAAGCCTTCGAACGAACTTGCCATTGGTTATGGCGGGGTTTTGGATACTAGCCGCCTACGTGGTGTAGTGGATCTGAAGCCGCAATCTTTCTATCATTCTTTAAGTGGCTTTGATTTCTCTCATCGTTTGGGAATGTTCCGTTACGGCGCGAGTATTGTGATGGATCGTCCACAAAAAGACCTGGAGTTTGAAGAGAAGTGGACTCATCCCACCTTCGAAGATGCTTTGCTAACAAGTCCTTTTGTAGAGTTGATTGGCAAGCAATTTACTTTATCACTACAGGCTCTGAATATCACAGGTGGAGAAGTTACTGAAATTGGAGATATGGCAAGTGCCGATCGTGCGCCGTTGACAATGCGCTATCCGTTCCAGCAAGCAGTGAAAGTGGCATTAGAGACACGCCACGTGTTGAAGAACCAACGTCGTTTGACCTCTCGTACAAGTTTTACGACAAGCCAGACGAATGACTTTGATTATTTACAATTTAAAGTGAATTACCGTCTTTCGTCTTCGTGGGCGACCTTTACTGAGCTTGAACTTGTTCGCGCAGGCGAGTTGACGGCGCAAAATCAAAATGAAATTGCCCAGTATAAGAACCTAGATCGTTTTATGGCAGGAGCGTCTTATGTTTTCTAAGCGCAGCTTGAAACAAACGATGTCTTGGATGTTGACCACTCAATTTTTGTGGGTTGGTGCATGCTCATATTTCTTAGATGAAAAACGTCAAGAACCGCAGACGATCGAAATGTCGAATGCGAAATTTGCTTGTTTGCAGTCTTTGCCCGTTGAAATTACGAAGTTTGTTCGCGGCGAAGTCAGTGACGGCGACATCCAAAGTGGCTTTAAGTGTGCTCAGGATGCGTTGACCTATTTTAAGAATAAAACCAAAGGAACCTATCCAGACGCGTATACCATGGAAGACCTAAGAAACTTCTTTGGTAAGTACTTCTTAAAGAAGAACAACGTAACTCCTGCCTTCGCAGCAGAGCTTTTCAAATTGAAAAAAGTGCTTTTGGGCGGATCTGAAAAGTCGATTACGAAGGCTGAGATTCAGAAGCTCGTGGAGCTCTTAGAGGTCATCAAAGTGCAAGCGGTTGCGACGGCTCCACATATGACGACTTTGATGGGACAAAAGAAGGGCGCTTCGTGGGCCGAAGTCAATCAAGCGACTCAACAATTGCAAGGTTCTTTGCTGTTGCTTCTTAAAAACGTCGATATCGTGAGATCGGACTATAGCTTCGTGGATCTTAAAAAATTCATGGATGGTTTGGACAATTTTATCAATGCGACCGAGCCATTTTACCTGACGGAAAAATTAGGTAGCAATATTCCTCTGTTGGAAGCTATCAAAAACGTTCTTGTTGGTGAAGACGTTCGTTTAGACAATCTGAATGATTGGCAGACCTCGTTGAAAACAGGTGTGGGGCTTTACAGAACCGCTCTTCGCTATCGTTATTTCCTGCAAGGCCAGGATATTGACACTCCAGCCGAAGTCGATGTTTTGATCATGATGGCAAACGAGGTCTTTGACCTTTTTGAAGAAAGTTTGCCTATGCAGCATCAAGGCGTGATCTCGTTTGCTG
NZ_CP178621.1_gap31	1590269	1591559	1290	CTTTGTCTGTCGGCAAATAATCTGGAGGGGTTCTTCATGAAATCACTAGCGTTTGTTTTAGCTTTAACTTTGAGTAGTTCAGCGTTTGCTTGGACTTCAAGCTTCGGCTCTGAAGGCCGCGATGGTAGTAACGGTCGCGATGGCGATTCTGGTCGCAGCGGGCAGTCTGTTTTGATCCAGGCTCATCAGTCGGGTCCTCAATCTTATTACCTTGATGGCAGTGACGCTGGCCATGCTAGCCCCGGTTATGATGGCGATCACGCTACCAGCTGTTATCAGCGCCTTGAAGAGAACGACATGGAAGGTGCTGACGGCGGAGACGGCGGCAGTGGTGGTAACGGCGGTCGCGGTGGTGATGGTGGCGATGCTACGATTTACTACACAGATACCGCTCAGCTTAAAAAAATCCTGATCTTTGCAACAGGTGGCCGTGGTGGCGAAGCTTCTTGGGGTGGCCGCGGTGGTGAACCGTGCCGTTGTACCGAGACTCGTTGGGTAGTGCCAAGATGCCGCGAGGTCGTAGACCAAGCCGGTAACAAACAAAGAATTTGTGATCAACAGGACACTTATGTATGCCGTGACGGCGATCGCGGTCGCGATGGCGCTCCGGGTACTCATGGTTCAGAAGGTTCTTTGGGGTATGTGACTCTGATTAAATCAAAGACACCACTTCAAAGTGAAAATACCCAAATGCAAGTTTCTCTTAAACAATTTGGTACAAACCGTGTAGCAGATGCTGTTTTGACAGAAAATCTCTTTACTCGCAGTAGTGGTATGTTGTCTTTGCTGGCATCAGGCTCTCGCGTTTCTGACACATTTACTGAGTTTGTTCGCCGTGCGGTTGAAAATGTACGTGTTGTTTGGGACTCTAAAAAACCCGCAAGCTCATACAGCGGCAGAATCTCAGCTTCTATCAGCAATGGTGGTGTAAGCTTCAACGTTGACACCAACGAAGTTCTTTTGACAGAACAGCGTTTAGAGAATGGTGTACACACTCTTTACATTCGTGATGCGTACAATTTGTCAGAGTTTGCGATCTTGGGAATTACAATGGAAGGCAAAAAGAAAGACACTGTAGTTCGTATTAAAGGTGCATCGCCAAGATTGGATCTTGTCAGTGACAGCGTGCATGTGACGGTGTCTCGTAAGCGTTTGCTTTTCGGCCACAAAGAAGTCTTTAGTCGCATCGTGGATAGTGCTTACATCCAAAAAGTAGGCGGGGACTTAATAGTGAATGTCGGTAAGTTGCCAGTGATCGAGCCTGAGGATACTTGGAAAGACAAAAAAGAA
NZ_CP178621.1_gap32	1597616	1601509	3893	GTATGGCTCTAACATGATCCTGACTGCGGGACACTGCCTTGAGGGCGCGCCTCAGGACCTAGAGGTTCGTTTCGGCGTAGATATGAGAGCTCCATTGTTTGTTCGCGCAGTTATCGCTGGCAAAAGAAGCCCTCTTTACACAGGCAAAATCGGTCCAAACATGGCTGACATCGCGGTATTGAAATACGAAGGCACAATTCCAACTGAATATGGCTTCCGTTCAGTAAATCTGTTGAAAGACTACCGTCTATTGAATAAGGGTACTGACATTGTAGCAGCTGGCTATGGCATTAAGGGTCCAACTATGGGTCACGGTTCGGGAACTCTTCGCAAAGTTACTTTGGAAGTACAAAATCCTAACTACTCTTTGACCGAAATGTCTGTGAATCAAGGTGTTTTCAAAGGTGTTTGCAATGGTGACTCAGGTGGCCCTGCATTCTTAAAAGGCACTGATGGCAACTTGTACCTTTGGGGTCTTACAAGCAATGGTGCTGGTATCCCAAAAGTAAGAGCTTGTATGTTCCGCTCTGTGTTCACAAGAGTGGATGCTTACATCCCATGGATTCTAGAATTAGCTCGTACTCTTTAATCTGAGATCGATTCTGAAAATAAAAAAGGCTCTGAGGGTAACCCAGAGCCTTTTTCTTTTTTAATTCAAAAACTATCGAGAGCGACCGTTCGTTTCTTTATTTTGCGGCTGCCGCGGGCGTCGCAGCAGGTGTCGCCGCTGCTCGTGGTGCTAAACGAGAGTAGAGCGGGAAGTGATCCGCAACACCTTCTTTGGTTTCAGGCTTAAAGCGCTTTGGAATTTTACCCAAAAGATGAATCGGGTCTGAGTTGATAACTTTAATAGACTCTGTATCCAACTTGTAAGGAGCTGTGCCTTGCTCGCCTAGGTTTTTAGAGAATAGCTGCACGTCTAAAAACGACCAGTCTTGGCGATAGTTGTGAGTGCCTTCGCACTTTTGACAACCGACCAAGTGAGACACCATTGCTACTTCAGAGAATTTCTCTGAGAAGAATCTCGTTTTATCTTCTTCGGTGTGAGTGATGTTGAGATCACCACTCGCTACAACCATACCCTTCGCGGATTTTTCTTTGATAAGTTTGCTTAAGAACGCAACGGACTGTTCACGCCAGTAAGTTGGATTTGCTTGAGACGGGAAGTGAGCCCCCAAGACCGTCAGATTTTCGCCAGTAGGAAGTTTCAATGTCACTTCCAAAATGCCACGTGACCTGAACATCCAAATTTTGTCTTGATCTGTTTTTGGCACGTAAGGAATTTTGTGAAGCTTCGGTTTTCCTACCATTGGGAAACGCGACAAAATACCGATATCGATTCCGCGTGTGTCAGGCCCTTCAATCAACTCTTGAGTTTGGTAGCCTGCCTTCGCAAGATATTCCTTATTGAGTCGGCCAAGAATGCGGTCATTCTCTACCTCTTGCATAACCAAGATGTCTGGCCCTTGACCGTCAACACCCATGATAATTTGCGCGACGTTTTTTAGCTTCACGTTTACAACGTCATCGTTCCAGTCAAAGTTCATGCACTCATCTCTGTAATGAGGCTGAGGGATCTTATCGCAGACGGCTTTGTGCTCGGGCGTTTGCTTTTTAGCCACCGGCATATAAGCGTAGTCCTCGCGGTTCTCGTCATGAATATTGTCGAAGAGATTTTCAACATTGAAATTCATGATGCTGATTTCGCCAGGGGCTTTTGGCTTTTCTACGACGGCTGGAGGTGCAGCCTCTTTGGTGGTCGGAGTGCCGCAGCCAGTAAGGGAAATCGTGGAATAAAGTGCTAAAGAAATGGTCAGAAAAGAGAGTAATTTTTTCATAGGGCCCAGCATCCGAGATATTTTTACGGGGATCAAGCCCTAGTTCTGTCAGGAATTCATTAATTCCAAAGTGTTGCGTTGTGTCGAGTGACTTTTTATGGCATAAGAGCCTGAACTTTTTGCCACGCGGGGGAAACATGGCTTTACGAAGTTTTTGGGCACTCTTAGGAATTCTTGTTCTATCTGCAACAGTTCACGCGCAAGAGAGCAGTACGACAACAGCTGTCGGCACTAGCACTCTGCAAACTAGTCCCGATCTCGGTCCAACTTCTCCATGGGGCGTTTCTTTCTTCAGCATCGGTTCGCTTTCTCAGAAGCAAGTTGAAACCGGTGGCTCTTCTTACGGACTTAATGGTTACATCGCACTTAACTACAAACTTTCTAAAACAAAACGCGTGTCAGTTCGCCCGGTCTTCAACGTGAACTCTGAAGGTCTTGATAAGCGCGGCAGCCGAATCGAATCTGGCTCAAGCCTTGGCGATGCTCACTTGGTTTACTCTGATTACGAACTTGCAACTATTGGTGCAGCGGGTGTTTCTTCAAGCTTCAAACTTTACCTGCCAACAAGTGAGTTTTCTCAGCAAATTCATACGATCGCAAAATTCCGTCCTGAAACTTTCATCAGCTACGATATTGGTTCTTTCTCTTCAATCACTTGGGTGATCAAGCCAGACTTCTTCATTCAATCTCAAACTTCATTTGAAGACAGAAAAGCTCGTCCTCGTAAAGACGGAACATATCCTCGCAAAACAACTCAGCTGGCAGCTCTTGAGCACTACTTGGAGCTTGATGGCAACATCAACAAGTACGTTTCAATTAAGCCTTCTGCAGGTTTTAAAGAAGATTGGTACAATTCAGGTGGCGCTGCTTTCTTGCCAGCAACTCACAACACGAACGCGAAATTGGCTTTGGGCTTGGACATCCGCCCAGTCAGAGGCTTGAGCTTCACTTTGATTGCTGAAAACTTGGTTCGCGTATCTAATCGTAAAGACGCAGTGAAGTTCTTCCGTCCGGAAGATAACAGCTTGGTCTTGATGACTAACGCTTCACTGTAAATTCAAATTCTAGAAACTTTAAATATTCGGCCTCGAGATCAATCATCTCGAGGTCGTATTTTTTTGGGGCACCGTACATGATGTCTCCGCAGATCGGAGCGCCCATCGTTGATAGCTGCGCACGGATCTGATGCGTGCGACCGGTGAGCAGCTCAACACGAACCTCTTGCTCTTGGTCGTCTTTAAAATCTCTGACATCAAAAAGACGAAGGTGGCATTCCTGCCAATTTTCTTTAGCTTCAAGGCTGACCACTTTTGGTGCGCGCGGAGACGGCTCCATATAGTGAGTGTAGAGACCTTCTTTGAGTTTCAAGCCGTGAACACGGGCACGATAGATCTTTTGGACGCCACGCTGTGCAAGTAGGTGATTGAAAAGGGGAAGAAAATCTCTGCTTTTTGCCAATACTATAAGGCCACTAGTGGGAACATCCAGGCGGTGAGTGATAAAGATTTCTTGTTGCAGATGATCGGAAAGATACATCTGCAAGTTTTCTCGGCAGTTGTCGACACTCGGATGGACAGGAAGGCCTGCGGGCTTATTGACGACGATGAAATTTTCATCTTCGAAAATGATTCGCTCTTTCCACTGATAGTTGTTGTGAGGAAAACGGCGCGGTTTGGTGTGAACGCGAATATAATCGCCCTCAGCGATATTTTTATCACTGAGTTGGCGTTGTCCCTCGAAGTAAATGCTTCCTAGTTGCAGGAGATCTTCGAGTAATTCTGCTGACAGATTAAGCTCACTCACTAAAATCTCTTTCAGTGAGCCGGACTTAGGACTGAGGATGTGTTTAACACCATACTCAAATCCGTTATTATACTGATGAACTGGTTTGTTATCGCTGTGCATGACCTTTAAATGTAATAGCACAGCGTGACGATTATGTTCAAGTGAAGCAATCAAGGACATATTAGGAATTGAAGGAGCACAGTCTTTGAGTATTTTCCAAGAGCCTATATTCCAGTGGTTATCTCAGTACGCCTATCAGCCTGAGCTCGT
NZ_CP178621.1_gap33	1662192	1663916	1724	GTCTATTTGGATTCTCAGGTAAAATCACCGAGCTTCTATGATTTCTTAAAAGACTTCGGCGTGAGCCAACTGAAGACGGCAAAACATTACGGACTCAGCCTTTCTTTGGGGGGCGCAGAAGTCAGCATGGAGGAAATGCTGCAACTTTATTCGGTATTGGCTCGTCAGGGTTATCGTCTTCCAGTGCGTTGGTTGAAAGAACAAAAAACACCGAGCCACGTCCCGCAATTGATTTCCAAAGAAGCAGCCTTCGTGACTTTAGATATGCTGACCAAGAATCCTCGTCCCGAAGGGCAGGATCTGAATTCAATTTTGCGAACCTCAATGGATGTCGCTTGGAAGACGGGGACCTCCTTTGGCTTTAGAGATGCATGGGCCGTCGGTGCGTTTGGTCCATTTGTCGTCGGTGTGTGGCTTGGGAATTTTGACGGTGAAGGAAACCCCGCATTTATCGGAAGAGATCTTGCGGGGCCTTTGTTGTTTCAGATGGTGGATTTATTAAAGCCGCTTGCTGAAACTTACCCTTTGTGGAAATCAATGTCGGGCTTGGGACTTAAAAAAGTAAAAGTGTGTTCGATCTCGGGGCACTTTCCGGGACCACACTGCCGCCACCAGCAAGAGACCTGGTTCATTCCGGGGAAGTCGCCGATTTCTACCTGCAATATTCATCGTGAAGTGATGATTTCAAATCTGACCGGGCTTCGTCTTTGTGCACCTCCGGCAGATCCAAAAATGGTGCGAACGGAAGTGTATGAGTTCTGGCCGACGGATCTTTTGGCGGCGTTTAAGTCCTTTGGGGTGATCAAAAGAAATCCCCCAAGTTTCGAGCCGAAATGCCGTCTTGCCGAAGGCGGGCTTGAGGGGAATCCTCCACAGATTAACTCTCCAAAAATGGGAGTGGTTTACCACCTCGGGGTGCTGACTAAAGATAAAAACGAAATCCCTCTGCAGGCTATTTTAGATAGCGATGTTGAAAAGGTGACTTGGTTTGTAAATAACGAGTTGGTGGGAGTCAGTGAGGGGCGCAAAGCCCTTTTATGGAAGGCACGCCCCGGTAAATACATTGTTCGAGCCGTCGACGATCTTGGTCGAAGTGATTCCCGGGATCTTGAGGTACAAATAGCGCGTTAGGGACTACTTTCCTGCTTGTCTGGTAAAAACACTTAATTTTATCATGGAGTCTGAGGTGTTTATGAACGGACTTCACCGGGGATCTCCTTTATTGGATGAACAAGTAGCTGCGGGCTTGCGGGGTGATTTCGTGCGGGGGCAAGAAATTGCTGACGAACTCGAGCGAACCACTCCGAACTGCCATCGCGCCGGTTTTAACCGCGCCTGGTACGAAATGCGTAAAGGTAAACTTCTTAAAGGGCTTGAGCTCTTAGATTGTGGTCGCTGGGAACGAGCTTTTGGTGATCAGCCTCTGGCAACGAATAAACCTATTTATCGTAACGAAAATCTTCAAGGCAAACATGTTCTGATTCGTAGCGAGGGTGGCTATGGCGATGAGATTATCAACGTCCGTTTTGCCGCTGACTTCCATCAGCGTGGTGCTAAAGTCAGCGTTGCTTGTGATAATTCTTTGAAAAGTGTATTCGCGCGTGTTCCTGGAGTTTCTGCGGTTGTCGGTCATCGTGCGGCTGCGGATGTCTATCATGATTTCTGGGTGCCAGGTATGAGTGCTGCTCGTGTGCTTGAGTATGAGTATAAAAATCTCACAGGCG
NZ_CP178621.1_gap34	1666298	1668341	2043	TGGCGAGGGAATTTAAAGCCAGGAATTTATTCCATCGCCGTCTACGATTCAAAGGGTGATCGCGGGACTTTTACTCTTGGCCTTAACGAAAAGGAAGCATGGACGCCGGATCTTTGGAAGTACGTCGCGGAAGTCTTGCCGTCGATTTCAGCAGGGATCTGCAACCCAAAAGGCTTCTCCGGGGCAATGCCAGAATAACTCCGTAACCCGAGAAGAGTTTGTTCTTCATGCGAACCTTATGGGGCTATAAGAAACTGACTCGGACTTGTACCTCGCGCTTTAATTATTGGCGAATACTGCCTGTCTTCTGCTTGCAATGAATCTACGGCGTCTACAGAAGTGATAAGATCCATACGCTCATGGAAACGGATGAGAGTTTCCGCTGGTCCAATATTAATAAACTTACGAACGCCAAGCTCTTCGATCATCCAGCGATAGGTTTGGTGCCAGTAAACGGATCCAGTCATATTCGCATTCATATCTTCTAAAAGGTCTTCGCGAGTTTCGATGAGCTTACAAAGCGCCGTCGAGACCATCGGTACTTCCCAGTCTTGGATATTCACAGCTCCGAAATGTTTGAACGTATAAGCTGTAGTTTCGTTCATTGCCTTCGAGTGCAAAGGCTTGTCACAGAGAGGACGTAGTCCATACAAACTCTGTGTCGTAGGGTCTGAGCACCACGCTTGCAGAATTTCATTAGGGCCGCCGACAAGGAAGTGTTTTGGCGTCTGATAAACAGCGATATAAAGCCCGCGACTTTCGATCGCTTTAATTTCCTCTGGCGACAGAGGGTTTATCAACGATTTGACACAAACTACGGAGCTTCCTTGGATCGTCTCGCCGTGAAGGCCGAAGAGATAAGTGCCCAACATAATTTGTTCAAAGGTCATAGCGCCTGAGCAGGCGATGCGAGCAGAGTCGCCAAGGGAACAACCCACCAAATAGTCAGGCGTCGGGTGAAACTTCATAAGGCGATCATAAAGCCCGACGTGAGTCACAGCTCCAAGCATGGCTTTCAAGGATAGACTTGCCTGAAAGACCTCTTGGGAAGTTTTTGAATAATCAATGAGTGAGACATTACCATTAGAGTAGCCCAAAAGAAGGTCATGGGCTTCTTCGAGACGAAGTCGCACTTCTGGGATGAGCAAGGCGGCGTCACGTTGCTCGACATTATCCAACCCATCAATTCCTGAAAACATCACAGCTGTTTTAGACATGGGAACTCCTTTGGTTAGAGTCCCTGTTTATCTCACCTATGTGTAAACTGAAAATTTTTGAGAGCGAAAGTGTTGCCCGCTACCTATGCTACAGAGAGAATGTGCCTGACTGTCTAAATTGTAGACAGAGAAGGTGACCTACTTCTGTGGCCACAGAGCTTTTTGAAACTCTGCAGAGCCTTCGAAGGTGGTGTATGAAGCGCATTTTTCCATAGCGCCAATTTGGTATCCGTAGCTTGGCCCAACTTCTTGCGAGATTGCTTGAGCGGAACGCCCTTCACATTTGAGAAAACAAATTTTTCCAGATTCACTATTCAATTGCGCTTCGATGCAGCCAATACCAGAGTCCTTTGGGTCCAGGCTTTGGGAGGCTGTCCTCCAGCCATCGCCTTTTAAGATTTGTTCGGCCCCCATAAGAGTTGCTGGGGGACGAAGATCGTCAGGGACTCTTTCTGGTTTTGATTTTAGGAATATGACTACGGCAATGCCCGAACCAACAAGGATGGCTATTAGAAATTTACTTTTCATATTCTAGTTTCGGCAGTATTCGGTGTTGCGTTCATAGTACTTGTAATTGGATTTGCAAGGATCGTAGCTCTTGTAAGCCCAGTCTTCGCCTTGCCATACTTGCTCGATGAAGTATCTCTTCGCCGGTTTGAAGAACTCTGCATGGCGATACTTGAACGTCAGCATTTTAAGAGCTTCGTCCATCGGTTTACCGTTATAGAGCATTTGATAGAGAGTGCTTGCTTCGCCAGTACGATCCGCGCCACCTTGGCAGTGAACGAGGATAGGGCGTTGAGCGGTTTTGAAAAGATCCAAAAGT
NZ_CP178621.1_gap35	1669655	1671949	2294	TGAAGCGTACATTCCTTCGACGGATACATATATCGAAAAGGACTCGGCGATTAATGATCAAATCGATCGCATGCGCCACTCGGCGACGCGCTCTTTGTTTGACCGTCGAGATGTAATCATCGTCAGCTCCGTTTCTTGTATCTATGGTTTGGGTTCACCGGAAGCTTACGAAGGCATGATGATTCAAGTGGTGGCGAACTCCGAGATGAAGCGCGATCACTTCTTGAAAGAGTTGATTCGTATTCAGTATCAAAGAAATAATGTGGACTTCCATCGCGGTACGATTCGTGTTCGCGGCGATGTTGTTGAGGTATTTCCTCCGTACGAAGATGAAAGAGCCGTTCGCTTTGAATTTTTTGGGGACTATGTTGAAAAAATCGCTTGGGTAGATCCGTTAACTGGCCAAGTTTTAGAAGAGCTTGATCAAATCGGCATCTATCCCGGCAGTCACTATGCCACTGGTGATGAAAACTTGAATCGTGCTATCAAAACGATTCAGGATGAGCTTCGTGGACGTATTCAAGAACTCAATGCGAACATCAAACTTCTCGAAGCTCAGCGCTTAGAGCAAAGAACGTACTACGATATCGAGATGATGGAGCAGATGGGTTTCTGTCAGGGGATCGAGAACTATTCTCGACATCTGACGGGGCGGGGGCCTGGGGAGCCACCTCCGACATTGCTGGAGTACTTCCCTAAAAATTTCGTAACTTTTATCGATGAGTCCCACGTGACCGTTCCGCAAATCGGGGGGATGTATCGTGGGGACCGTGCACGCAAAACGAACTTAGTCGAGCATGGTTTCCGTTTGCCGAGTGCCTTGGATAATCGTCCTCTGAACTTTCAAGAGTTTGAGCGCATGATGGATAAAGTGGTTTACGTGTCGGCAACTCCGGGGAATTACGAATTCCAAAAATCAGAAGGCGTTATTGTCGAGCAGATCATTCGACCAACGGGTTTGATTGATCCTGTCGTAGAAGTACGCCCTGTACGTCATCAAGTGGATGACCTGTTGGCTGAAATCCGTGAGCGTATTAAAAACAAAGAGCGTGTTTTGATTACGACACTTACAAAACGCAGTGCCGAGGATTTGACAGAGTACTATGAATCTTTAGGCATCAAAGTAAAGTACCTGCACAGTGATATTGAAACCGTAGAGCGTACCGAGATCCTACGGGATTTACGTTTAGGCGTGTTTGACGTTTTGGTGGGGATCAATCTTCTTCGAGAGGGTTTGGATATTCCAGAAGTAAGTCTTGTGGGTATTACAGATGCCGATAAAGAGGGTTTCCTACGATCTGAGCGTTCGTTGATTCAAACCATCGGTCGTGCCGCTAGAAATCTGAACGGGAAAGTTATTTTGTATGGGGATCGTGTGACGGACTCGATGCAAAAAGCGATGTCCGAGACAGATCGTCGTCGTCGCATTCAAAGTGAACATAATGAAAAGAACGGCATCACGCCGATGTCCGTGAAGAAACGTATCAAAGAAGGCCTAGGCGATGTCTTTGACGGTTCAGTAGGCGCGCACTTAGTGGGCGGTCCCGAGCAGAAGATTCTGAGTATGGCTCAGAGATTCGGTAACGAGTCCGGTAAGATTGAGCAAGAAATTGATAAACTTCGTAAGAAGATGAAAGAGTATTCTTCGAACCTCGAGTTTGAGGAAGCGGCTAAGATCCGCGACGAAATTAAACGTCTACAGATTTTGGATTTGAATGTACGCGGTGGTGGCGAGATCGAAAAAGAATCGGTTCAAATAGCAGAGGGTACCAAGAAGTAAACTATGAGCGAAAAGTTCGACGAGCTTCGCGAGCTCATTAAAGAATATCCTACTCAAAGCGGAGTTTATCTGATGAAGAACTCCGTGGATAAAATTATCTACGTGGGTAAGGCCAAAAATCTGCGCAATCGCGTGCGCAGCTACTTTACGGATAGCAAAGACCATTCGCCGAAAACCCGCATCTTGGTTCAGAATATTTTTACAATTGAATACATTCTGACTAAGACCGAAGTCGAAGCATTCCTATTGGAAGCCTCGCTGATTAAAAAACACCGCCCGAAATACAATATCCGTCTGCGCGATGATAAAACGTATCCCTACATCCGCCTGACCTGGCAAGAAGACTTTCCGCGCTTGTACCTCAGTCGCAAGGTTAAAAAAGACGGCAGTCTTTACTTCGGTCCTTATACCAGTGGTGGCGCGGTGTTTGGGACGATTCGGTTTTTAAATCGCACCTTTAAGATTCGCGATTGTACGGATGCAATGTTCAGATCCAGAAAACGCCCCTGCATGA
NZ_CP178621.1_gap36	1673796	1674342	546	CGTATGTGGCTCCGGTTATTTGGAATGTGGCGATTATCGTTGCGATGATCGGGTGGAGTCATCAGGATCAGTTTCAACTTGCGATCACGACCTCTTACGGCTTGGTTGTAGGAAGTTTTCTGCAGTTTTTTGTTCAACTTCCATTTGCATTAAAATTAGGGCGAAAAATTTATCCAAGTCTAAATGTGAACGTCGATGGCGTTCGCACTGTGATGAAGAGCTTTTTCCCAGTGGTTCTTTCCCGCGGCGTGGTTCAGGTCAGTGCCTACATTGACAACGTTCTTGCCAGTTTACTGCCGGCAGGGGCGGTCTCGGCGTTGGCGTACGCTCAGACTCTTTATTTGTTGCCCGTCAGTCTCTTTGGCATGAGTGTCTCGGCGGCGGAACTTCCGGCGATGTCTCAGGCCGTGGGTACTGAAGAAGAAGTGAAGCAATACTTAAGAAATCGGTTAGACAGCGGTCTTCGTCAGATTGCCTTTTTTATCGTTCCTTCGGTCGTGGCGTTTTTGTTTTTAGGAGATCTCGTTGTTGGCGCGATTTTTCAAA
NZ_CP178621.1_gap37	1698097	1699826	1729	AATATGGGGCCGTCTCTGGACTTAACGCTAAATACAACACGGTTAAATACCTTGGAATCCCTTATGCAGCTCCGCCGGTGGGTGAGCTTCGCTGGAAGGCTCCTCGTGATCCACAGGCGTGGTCTGGAGTTTTAAAGGCCCACTCAATGAAGAGCACGTGCCTGCAAAAAGGAAACTACTTTGCGAATGTCCCTTCAAGCCAGTTCGGCTTGCCAGTGGGGGATGAGGATTGTCTTTACTTAAATATTTGGACTCCGCAAAAACCTAATACGAAACGTCCTGTTGTTGTGTGGATTCACGGGGGCTCGAACTTTAAGGGCACCGCACGGGATCCAATGTATGAGGGCTCTTTTGTTGCTGCTCATAGTGATGTCGTTTTTGTGAGCCTCAATTATCGCTTAGGTCTTTTGGGGGCGTTCACGCATGAGGCCTTCCAAAATGTAGGATCTAAAGGCGACCGTTCTGGAAACTTCACCACTCTGGATTTGATCCAAGGTTTGAAGTGGGTTCGGGACAATATCTCGCAATTTAGCGGTGACCCGGGCAACATCACCATCATGGGGCAGTCTGCAGGTTGTATGAATGTGTGGGGCTTGATGCAGTCTCCACTGGCTCAAGGTCTTTTCCACAAAGCCGTTTGTTCTGCAGGTATTCCGAATTCTTATCCGCAAATGATCGCTGAAGGGCGCTCTGAAGATTTCCTTGAAAACCTCGTTGTGGGTGCTGGTCTTGCAAAAGACAATGACGAGGCTTCTGATTTCTTGGCAACTCAAAGCAAAGCTTGGATTCGTCGCTTTATGTACTCACGTACAAGCGAGGAAATCGTGAAAGCTCAAGATTACATCGTTCCTTTCCAACACATCAACGATGGCTATGTGTTCCCTCATGGGTTAGAGGGAATTATGTTGGGTTCATATAACAAAGTGCCTTTGATTATGGGTTCTACCAGTGATGAGGGAACTTACTTGGTGGGTGCTCCGATGCTAAAACCAAGCGAGCAAGAGCTTTGGGACATGATTCAAAACCCGCCGAAGAATCGTCACCTGACTTTTGATGATCTTCTTACAACAGATTACCTGACCTTTAAGGCTACGACAGGCGCTACGAGTGCGAGTCTTCAGCTAACCTTGGGGAATCTATACCGCATGCTGCGTGTTTATCAAAGCGACGTGTACCACTACAGCTTTGAATGGAAAGAAACGCCTTCACCATGGCATGAGATCTTTGGTGCCGTTCATGGAATGGATGCGATTTTCTATCTTGGAAATTTCGTGACTCAAGAGGAAAGCTTCTCGCGCTTTGCGTGGACTCCTGAAAATAAAGAATCCCGTGAAAGACTTCGCACTGAGATGAATGCTTACTTCACAGGATTCTTCTGGACCGGAAACCCGAACTCACTCATCAGCAACCCTGACAAAGAGTGGGATCATTCAATCGTCTTTCAGTAAATTACTGCACATCAAGCACTGGTTTTAATAAGCACTGAGATCCGTCTTCGACAAGTGAAGAGGACTCAGTGACTTGCAAGTGCAGAGTATAAGAGCGACCCTTCTCGAAAGAAGTTTTTTGCGAAAGCTGTAGAGTTAGCTTTTTCTTGTTCAAATCTTTTAGGCCCATGGATTTAACTTCAGATTTTGAAGTCATAAACTGATGACCGCTTTTTTGTAGAACTAAAAGCACGCTCTCAACATCACTGACAGAAGCTCCCGCAATAAAACTGATGGAGTTT
NZ_CP178621.1_gap38	1706404	1710801	4397	TCAGTGACACTCACGGGGCTTTCTTCGAATACGACTTACTCGGTTCAAGTTCGTGGCCACGATGCCGTTGGGAACGCCTATACAGGTGTTACTCGCACTGTGAAAACCAACCGCTAAAAGTGTGTGGTACGAAATGGTCCCGCGAAAAAGAGCTCTGAAAAGGGCTCTTTTTTATTTGCGCCGCGTTGGAATTTTTTGATTATTTTGTAAGCATAAGTTCTAATTTGAGTAATGATTCCTATTACTTTCTCTTATCTCACCGCTTCAAACTAATTTGTAATGGATTTGAGGTTCCAAAATGGAACCGCTCGTTCACGACAGGTTTTTTCAGATTTTTAAGTCTGAATTCTTTGACGAAATAAAGAAATAGTTTGCTTGCATCTGGTTCCAATTTGGAATCTGATCGTTAGCCAAGTAAGGATTTCAGTTTGAAGTCCATGGAAATTTGGGGGGGATCATGAAGTTACAAGTAGTATTAGCGGCGTTCATTTCTCTTGTGCTGACAAGCGGAGCGTTTGCAGGGGAGCGTTACCTTGTCGTTTTGAAATCGACACAGTCTTTCAAAACAGCGAGCACCACTTTATCTAATAAAGATAAAGGCTTTTTTAACAGCTTTGGTTTTGGCAACACCTTTTCTAAGGTCAATGCAAACGTTGTCGACAAGCTTGAAAACCTAAACACTTTGGTTGTCAGCGCAGATGCGGCTGAGATCGCAAAGCTTCAAAACAACTCTGAAGTTGCTTTGATTGAAAAAGAAATCTTCCATCCAGCTCCAAAACCAATGAAGGGTTTTGTTGTTAACTCTAAAAACAAATCGGTAATGGCTTCTGCAACAGCGGCTCCAGGAAAACCTTGGGGTATCGATGCTGTAAAAGCTCCTGAGGCTTGGAAAGCTTCTGGAAATAAAGGTTCTGGCACTCGCGTTCTTGTGTTGGACACAGGTATCGATGCTGAACATCCATCTTTGAAAGCTAACTTTGAAAAAGGTCAAGACTTCACAGGTGCAAGCAATGGCAGCGACTTCTCTGATAATATGGGTCACGGAACTCACGTTTCTGGAACTATCGCAGGTATCGAAGATGCTGCTGGTTTCACAGGTGTTGCTCCTGAAGCAAAGGTTTTGATGGGCCGTGTTTGTTCTTCTGCAGGTTGCAGCAACATCGCGATCGCTCAAGGTATCAACTGGGGTGTCACTGAGAACGTAGATGTAATCTCTATGTCTTTGGGTGGTATGTGGAGTACTCCTGCTGAAAGAGCAGCGATCGACGCCGCTGACCAAGCTGGTATCACTGTTGTAGCCGCTTCTGGTAACAACGGTTCTGGTGTAGTTAGCTACCCAGCAGCTTTGCCAACTGTTATCGCAGTAGGCGCTATCAACAATAAACTTGAAAAAGCAGACTTCTCTCAATTCGGACCAGAGCTTGCAATCGTTGCTCCTGGTGTTGCGGTTGTTTCTACAGTTCCAATGGGTTCTGGCCGCGAATCTGAAGTTTATGTAACGACTAAAAACGTAGCTAAAAAAGTTGAAAGCAAATCTTTCCAAGGCGCTAAAGAATCAAGCATGGCGGTAGACACTGAGCTTGTTTACGCTGGTCTTGGTAAGCCAGAAGATTTCGTTGGTCGCGATTTCACTGGTAAGTACGCTTTGATTTCTCGTGGCGAGATCACTTTCGGAGACAAAGTTAAAAATGCTTTGGCTGCAAAAGCTGCTGGCGTGATTATCTACAACAACGCTCCTGGTTTGATCAGCGGTGCAATCACTCAAGACGGCACTACTTTGGAAATCTTCGCAGCGATGGTTGAACAAACTGTTGGTGAAGAGTTGAAAGCTGAATTGGACGCTGGCATGCCTGCGACTGCTTCTATCATGACTTTGAAAACAGACTACGCAGCGTTTGACGGAACATCTATGGCAACTCCACACGTTGCTGGTGTTGTAGCTCTTGTAAAAGGTGCTAACAAAGCTTTGAAACCAACAGAAGTAAAAGCGATCCTTCAAAAAACAGCTCAGTCTTTGTTGGGTTCAAATGCCAACAACGAATTGGGTGCTGGTCTTGTTAATGCTGAAGCGGCTGTCAACGCAGCTTTGGGCAAATAAGAAGAAATTAAGAAAAAGCAAAAATGAAAAGGGTCCCAATGGGGCCCTTTTTTTATTTTAGATCTACGTCGTATCCTTTTTTCTTCACGCTCTTGTGTCGGCGTGAATCCACCCGGCAAGATAGAGGAATGACTCATTTGCCGCAGATCATTCAAGATTTGGCGCTTATTCTGGTTGTTGCCGCAGTCGTGAGTTTGATTTTTAAAAAACTCAAGCAGCCGGTGGTGTTGGGCTATCTTGTGGCCGGCATGTTGGTGGGGCCTCATCAACCTTACTTTCCCTCGGTCATAGATCACGCAGGTATTAGTATTTGGGCTGAGATTGGCGTCATCTTTTTGCTTTTTGCCATTGGCTTAGAGTTCAGTTTCCGCAAATTGATGAGTGTCGGGGCCTCTGCTGGCATCACTGCCGTGTTTCAGATCAGTGTAATGGTATTTTTGGGGTTCGTTGCAGGGCAAGTTTCTGGGTGGGATTGGATGAGCAGTCTGTTTCTTGGCGCTGTGATTTCGATTTCCTCTACTACAATCTTAGTGAAAACATTTGATGAGTTAGGGCTTAAAGGACGGCGATTTGTCAGTCTTGTTGTTGGTATTTTGATTTTTGAGGACTTGGCCGCGGTTCTGATGATGGTGCTGCTTTCAACCTTGGCGATTAGTCGCGAGTTTCAGGGGATTCAGCTGATTGAGCAGTTCTCGCGGTTGATTTTCTTTTTGTGTTTGTGGTTCATGGTAGGGGTTTTTGTTCTTCCGAATCTTGTGAAACGAATCCGTTTTCTATTAAATCCTGAAGCGACTGTGATTGTCTCGTTGGGGCTTTGTTTTCTAATGGTGGTGCTAGCGACGAAGGCGGGGTTCTCTCCGGCGCTGGGGGCGTTTATTATGGGCTCTTTGCTTGCTGAAACTAGTGAAGGCGAAAGAATTGAACATGTCACTCGTTCGGTAAAGGATTTATTCTCTGCTATCTTTTTTGTGTCAGTAGGCATGTTAATTGATCCGCTAGTTTTAGTCGATCATTGGGAGCTTGTGCTTCTGTTTAGTTTAGTGGTGGTCTTAGGAAAGGTCTTCAGCGTGACCTTTGGTTCGTTGATTTCGGGGCAAAATCTAAAAACGTCGATTCAAACAGGCTTAAGCCTTGCGCAAATCGGAGAGTTTTCCTACATCATCGCCGGGCTTGGGTTGTCACTGAAAGTGACTAATGAGCTTTTGTATCCCTTGGCGGTTGCAATATCGATCGTCACGGCTTTTATCACTCCTTACATGGTGAAAGGTGCTGACGGGATCTATTCTGTTCTAGAAAAGTTTATGCCAGTTAAGGTGCGAAAGGCCTTAGATTCCTACAGTCTTTTGCCCACGAGTGGATCGATGACCACGCGACGCGAGTACTTAAAAAACTTCAGTCTTAAAATGCTTCTAAATACTGTGATTATTATCGCGATCTTTTTGTCGATATCTCAAGGTGTGAGGCCCTGGTTGCAAGAGAAAATGGGAGGCGAAGTTCTTCGCGTTTCTTTTGGGATTTCGGTGACGTTGTTTTTGTCGGCTCCATTTTTTTGGGCTCTGGTATTTAGCAAAGTAGAGGGCTATTCGTTTTCAATGATTTGGAAAAACCGTGGAGCTCGGTCTTCGATTTTGTTTTTGTCATTGTTCCGTATTGTTTGGGGCGTGATTCTGCTGGTGGCACTGATTACTCAATTTATTCCTCAATTCTTTTATGCGGTACTTGTGCTCTTGGCTGTCACTATCTGTATGTTTTTGTTTTACAGCGTGCTTGAAAAACTTTATGGCTCTATCGAAAGCCGATTTTTAATTAATTTACACCGAAAAGGTATCGAGGAAAAAGAACAGCAGTTGAAAAAAGCGCAAGACACCGAGATGCCGCCACTGGCACCTTGGGACGCACATCTGGTTGAGTTTGAAGTACCCCAAGATGCAAATTATGTTGGCAGTCCCTTGGAAAGCCTGTCCATTCGTGAAAAGTACGGCGTTACCATTGCCTTAATCCGCCGAGGGGGACGACGAATCACCGCGCCTGGTAGGAACGAGATGTTGATGCCTCTCGATCATATTTTTGTAATTGGCACCGATGAGCAGCTTTTGAAGTTTAAAAAATTCTTGGATTTCGAAAAAGCTCTTGTGGATATTTCGGGTGTGAACAGGGACTACAGTCTTGAGCAATATCTTGTGACGGAAAAGTCTCCGTTTGTTGGTAAGACGATTCGTCTTTCGGGGCTGCGGGAAGCTACCAAAGGCATCGTGGTCGGAATAGAACGACAAGGAAAACGGATTCTAAACCCGGATTC
NZ_CP178621.1_gap39	1722602	1725005	2403	CTATGCGGTTCGCGGAGAGTTTTTCAATGAATCTACATGCACCAGTGTGGACATCCAATTTGGAACTCTTTATGGAATTAACGACTAAGGCTCATTGATGGTTGATCCACCACGGGCTTGAAGTGTTCACGGCAGCGGGCTTCGTACGCGTCCGTAGCTCCCACTTGCACTTGCCCAGCTCCACCCGCAGTTCTTTGGGTGCGGCTGGCAGTGCCTCCGCAAACCACGCAGACGGCGTGTTGCTTGGTCACACTTTCAGCAATGGCCATCAAGGTTGGAATTGGTCCAAAGGGCTTTGCTTGCCAATCCGTATCAAGACCCGCGATGATGACGCGAAGTCCTCGATCCGCCAAGTCTTGAGCTACTTGAATGAGTCCATCGTCAAAGAACTGGCCTTCATCAATGCCCACCACTTTGGTGTCTTTGTGAAGGTGGTTCCAGATTTCATCAGCGGATTTGATAGGCTTCGATGCGATCGAAGTTTTGTTATGAGAAGTCACGTCTGTCATGCTGTAGCGATCGTCGATCACTGGCTTAAAGACTTGAACTGGCAAACGCGCAAACTCTGCACGACGCAGACGGCGAATGAGTTCCTCTGTTTTACCACTAAACATTGAGCCGACAACTACTTCGATCCAGCCACGAGCTTGAAAATACGAAAATTCAGACATGATGGGACCCCTCCCCCTTAAAAAGCTATAACCATGCTTCTTGCTCTTCGCAAGACTTTCACATAAAATAACTTCATATTGCTCAAAGACTCAGCAAAAGGGGATTATATGGCGCACGAACACAAAAACGTGAATTTGAAAAAAGATGAAGAAGACAACAGAATTGCAAAAGAGATGATGCCATTCTTTTTGTGGGGCGCGATCCCTGTTTTGATCATTGTTTTCATCGCGTTGAAGTGGGGACCAAGCTACTAATATAATTTAGTCGGGGAATAGAGTCGGGAGGGGTTGTGCAAGCGTCAGTTTGGAGTCCCTTTCGCTATCCTGCCTATAGAGTTTTTTGGTGCTGTGCTTTTCTTTCCAATTTGGGGACCTGGGTTCAAGATGTCGCTGCAAGCTGGCTGATGACTCACTTATCAACATCCCCTCTGGTCATTTCACTTTTATCATTTTCAAGCAGTCTTCCAGTGGTTCTTCTGTCTATTCCCGCGGGCTTTTGGGCCGACAGCGGAGATCGTCGAAAAATTTTGCTTTTCGCACAAGCATTGATGGCAAGCTCTGCATTTTTCTTAGGGTTGCAAGCGGCGCAAGGCACTCTTTCTGAAATCATGATTTTGCTTTTATGTTTCTCGATGGGGATCGGCGTTGCATTGAATGGTCCCGCTTATCAAACGGTTCTTTCAGAGTTAGTACCTCAACACGAGCAGCAAAGCGCTGTGATGCTTTACTACATGGGACTGAACATTACGCGTGTCGTGGGACCTGCAGTAGGTGGATTAATTCTTGGATTCGCCGGAGCAAGTAGCGCTTTTTTTGTGAATGCGTTTTCATTTTTAGGTTTGATTTTCTATTATTGGATTTGGCCAATAGGTTCGAAAACAACTCATGCACCCGAGAAATTCACAGCGTACTATCAAAAAATCAATTCTCAAGATTGGAAGATTTTATTTTCAATTCACAATCTAAAATTGTGGGTGGAAATTCTTGCTGTTAGTTTTTCGGCGTCGGCATTGTGGGCTCTGTATCCCGTGCGTGGTCGTTTGGAGTTGCACCTTGAGTCCTTGCAATATGGTTCGCTCTTAGGGTGTTTGGGCTTTGGTGCATTCTTAAGCGCCATCTTCTCAAGACACCTTATGAACCCGCAAAGAACTTGGCAGTCGCTAAGTTTTGCTTATCTGGTGTTTGCAGCGGGGGAAACATTATTGGCACTAGCGGATGTTTACGTGATGGCATGCCTTGCGATGGTCTTAGGGGGCATTGGCTGGATCATCCTTGCGACTTTAATGAACATGAGTACGCGACAACTCAGCACGGCTTCGCACTTGAAAGCGACGATGCTTGGAGTCTTTCTATCTGTATTCTATTTAGGTATGTCATTAGGAAGCGTCACGTGGGGAGCCTTGGCAAGATTCTCGACGAGCTCCAAGGCTTTGTTAGTCTCGGCAGTGTTTTTGTCCTTGTGCTCAGTTTATAAGTACGTCCGCAAAAGTTAGAATTTTGCGGAAAGAAACAGCTGAGGTCCCCAGTACTGATAATTCATTGTTCCATTCCAGAGTCGCGCTTCCACGTCCACGTCTAGTGCGAACCAGTTCAAGGCAGCACCGACTCCGAAGTTGTCTGCAAACCAATAATCTGTGCTGATAGTCGCCGTAGCGACATTTCCTTGGTAGGTCTTATTGACCTGAGCGGTCTTGTAAGAGAAGAGGCCGATGTTGACGCCAAAATCCCATTT
NZ_CP178621.1_gap40	1730760	1735069	4309	ATAGGAACTAGAGGGATAGCTCGGATAAGGTGTTTTTAGTCGGGGCGGCGCATAAACAAACCTGTAGAGAGGCCCTATGAAGCTCTCGTCACGGATTTACTATTGACCCCCAGCCCCCAGCGTTTTAAGACTATCGGATGCGAATTTCTCTTAAGAAATCATTAGCAACCTCGAATACTTCGGTCGTTCTCGCAACGACCACAACGCTGTCATAATGTCACAAGTTACAATTATTTTGCCTGATAATTCTACGAAGGTGTTTGATCACGAACCCTCGGCTCTTGAGGTGGCTCAGTCTATTGGTCCACGTCTTGCGAAAGAAACTCTTGGTGTGAAAGTTAACGGCGCAACTGAAATTTCAGATTTGCGTACGCCGCTCAAAGATCAAACGAAGATCTCTTTGGTGACGACGAAGTCACCAGAAGCCGTTGAAGTGATTCGTCATACGACTGCTCACGTGCTTGCAGAAGCTGTTCAACAATTGTGGCCTGAGGTGAAAGTCACCATCGGTCCTGTGATTGAAAATGGTTTCTATTACGACTTTGATTCTCCATTCCACTTTACCGAAGAGCACTTTGCCCAAATCGAAAAGAAGATGGCTGACATTGTTGCCAAAGATCTTCCGATCGTTCGCCAAAACTGGCCAATCCAAAAAGCAATCGAAACATTCAAAGGAATGAAAGAGCGCTTTAAGGTTGAACTTATCGAAGACCTTGCAGGTCGTGGCGAAAAAGAAGTGGGTATCTACTTCAACGGGGATGGTTGGTTTGACCTTTGCCGTGGTCCACACATTCAATCAACTGGTCAAATCAAAGCTTTCAAATTGATGGCAGTTGCTGGTGCATACTGGCGTGGTGATGAAAAGAATCCGATGCTTCAGCGTATTTACGCGACAGCCTTCGGAGATAAAAAAGAACTCGATCTTTACCTTCACAATTTGGAAGAAGCGAAAAAACGCGATCACCGTAAGCTTGGTAAAGAATTGGGACTATTCCACTTTCATGAGTGGGCTCCGGGTTCTCCGTTCTTCACTGGCAAGGGTGCGACTGTTTACACGCAACTTCAAACTTACATGCGTGAGTTGTACTTTGAGTATGGCTACCAAGAAGTGATCACGCCGCAGATCTTTGATTCGAACTTGTTCGTTACTTCTGGCCACATGGCAAACTACAAAGAGAACATCTTCTTCACCCGCGTGGATGAAAGAGATTTCGCAACAAAGCCAATGAACTGTCCTTCGCACTGTCTGCTGTTTAAGTCAGAGCCACACTCTTACAAACAATTGCCACTGCGTATGGCGGACTTTGGTCGTTTGCACCGTTTTGAGAAGTCAGGGGCGATGCATGGCTTGACCCGTGTTCGTACCTTCTGCCAAGACGATGCTCACATTTTCTGTATGATCGATCAAATGCAGACCGAGATCGCAAGCTTCATGAAGCTTCTGAACCAAGTCTACAGCCAGCTCGGCATGAACAACTACAAGATCTTCCTGTCTACGCGTCCTGAAAACCGTATGGGAAGTGACGAGGTTTGGGATAAGGCCGAGGGTGCTTTATCTAAAGCATTGGACAGCTTGAACCTGCCATTTACGGTGAATCCGGGCGATGGGGCGTTCTATGGTCCAAAATTGGACATCATGTTCGTCGATGCTTTGAATCGTCCATGGCAATTGGGTACACTACAGGTGGACTTCAATTTGCCGGAAGCTTTCAAATTGGAATACGTGGGCGAAGACAATCGCGAGCACCGTCCAGTAATGCTTCACAGAGCGATCCTGGGATCTCTCGAGAGATTCATCGGGGTTTATCTTGAGCATACGGCAGGACACTTGCCACCGTGGTTGGCTCCAACCCAAGTTATGATCTTAAACATTACAGACCGTGTGAACGGCTTCTGTGAAGAGCTGCAAGGTTTGTTGAAAGACAACAAGGTGCGTGTTGAGTTTGACAACCGCAACGAGCAGTTGAAGTTTAAGATCCGCGAAGCTCAATTGCAGAAAGTGCCTTACATGGTCATCGTTGGTGACAAAGAGGCCGAAGCAAAAACAGTTTCTTTGCGTCTCAGAGATGGCTCTGAACACAAAGGCATCGCGGTAAATGATTTATTGAAATTGATTACAACAGATATTAACGAACGAAAATTGCAGTCCTCATTAATGAAGGAAGCTGCAACTTAAACAAACCCTGGAGGTTTCCCATTAGCAAGTTCGAAGGTAGAAACGATTTTAGAGGCGGAGGACAATTCCGTGGTAAGAAAGACTCTAAAGACTCGTTGCGAGTAAATCGCGAAATCCGTGCGCAACAAATCCGCGTTATCGATGACGAAGGAAATATGTTGGGCGTGATGACAGTTCCAGAGGCGTTAAGAATCGCTGAAGATAGAGGCCTCGATCTTCTGGAGATTGCACCTACAGCAACTCCTCCTACTTGCAAAATCATGGATCATGGCAAGTGGAAGTACGAAAATAAAAAGAAGGCAGCTGCTGCTCGTAAAAAGCAAGTGATTGTCAGCGTGAAAGAGATCCAAATGCGTCCACGCACGGATCAACATGATTTTGAAACTAAGATGAACCATGCTCGCAGATTCCTTTTGGATGGCGACAAGGTGAAAGTAAATCTTCGTTTCATGGGTCGTGAGATGGCCCATCAAGAGCTCGGTATGGAGCTTATGAACAAGGCTATCGACTTCGTGAAAGACTTGGCGATGGTGGAAGCGAATCCGAAGATGGAAGGAAAGCAAATGTTCCTTCTCTTGGCTCCGGATCCACTTAAGATCAAGGACTACTTGAAGGCTCATCCGAACAAGTCTAAGCAAGATACAAAAGAACTTGCAGAGCTTGAAGAGGAAGAAGAGCACGACGAAGAAGATTAAGCTCGTCGGGTTAACGCCGAAATAGAATACAAAATTCAAGTTGCCGGACTTTAAAAAGTCTAAAATAAAAACCGGGGTTTAAAAGACTCCGGTTTTGTTTTTTTTAAACCCCACACAAAGGAGAAGAAAATGACAACAAACATGGCCTGGATCGTACTTGTGATTGCTGGAGTGTTGGAGTTTATCTGGGCGGCGGGATTGAAGCAATCCGAAGGGTTCTCAAAGCTGTGGCCTTCGGTCTTTACTATTGCAGTGATGGCGGTGAGTTTTTACCTCTTGTCGCTATCGATGAAGGTTTTGCCAATCGGCGTGTCTTACACGGTGTGGACGGGAATTGGTGCCGTTGGTTCAGTGGTAGTGGGATACTTTTTCTTTCATGAGTCCATGTCAGTGATGAAGCTTCTGTGCTTGGCGCTGATTGTTGGCGGTATTCTGGGACTTAAGTTCGCAGAAGGATAAATACGAATTTATTGTTGGGATTGTGCCCGCGAAGAACGTATTGGATTTCTTCGTGGGCTTTTTTTACGACGTTTTTTTATTTGTTTCCGAGACTCTCGTCCATATTGCGAAATTCCAAAAGAAGTGCGATTTGGAATTTGCTGATGAATATGAGACAAAAAATTCATGAGCAAAAGTAAGTATTGGATTTCTGCAAGTCTTCTCACTCTTTCCGTTATATTTTTGTTTGCTACCTGCCTTCCAGGCCTGAGTCAGATGTGTGGCATTTCGTCGGAACGAATGCTAGCTTACGTGTTTATGCTGGTGGGTATTTCGGTTTTTTACTTTGGTCTTTTGCGCCCGCACTGGTTCGCTAAACAGATCATTCCTACTCACAATCCTATCAAGTTCAAGGTTTCTAAAAAGACGTCTTTCAAGGTTTCCCTGAAGGATGATTCTTACTTTTGGAATCTGTTTCCTTATGCCTTGTTTTTCACTTTTGGTGGCGTAGCCTATCTTTTGTACCCCAGTCCTTACAGTCTTCTGGTGGCCTTTGTATGCTCGGCCTGGGTACGGATCCTCTACAAGTACGTCTAGAAGCTATCTCATAAACCCAAATCCTGCGTTGTTGCAGCGGGCTCCTGCCCTTGCCCTTCGGGCTAAAGCTCAGAAATAGCATCCTGCTATTTCTGTTGTCGTCGCAGTACAAGTTGTACAGCTTCCTCCTCACGCCTTGGCTTTGGATTTATGAGATAGCTTCTAAGGCCTAAAGAGGTCGCCTGTCCAAAAGCTATTCAATCAAAGCTCCTAAAAAAGCCTCTATTGAGCTTTAAAAAGGCCCCGGATTTGCTCTTAGGGGCCTGATGCCCATAGTACGTCTAATTCTTCTATTTTTAGGTCTCTTTGTCTTGGCCCCGGTTTGGGCCAAGGGGCCTTCATTGGACGTGGTTTTTGACCTCGATTGGACCCTTTTTTACCCCTCAAAAACAAGCCCTAATAG
NZ_CP178621.1_gap41	1741028	1743253	2225	AGTGACGCAAACAGCACCGACATTTTTGCCATAACAAAACATATCGCTGCTTTTTCTGCAGCGAGAAGTCGTGGTCTCGACCACATCACTTAACTCCTCATCGCTCAGAGGAATTCCTTGCAGCGGGGATTCTGACGAGGTCTCATATGCTAGGGCAATGAGGGGAATCATAGAAAGCATTAGCGCCAATTTTTTCATAAGTTCTCCATGTTGATGGACACATTATAGGGGAACTGAAAAATCTTGTCCCCTCAGAGGTTAGTTCATTTTTGGAAGAAAAGGTCAAAGCCCAGTCATGCACCTTAGTGAAGAAAACAGAGATGATAACTCGAAGACGTTCTTCAAGGAGGCTTGTAATGACAAAAGTATTACTAACAGTATTCCTATTCTTAGGAATGAGTTCTTTTGGGAGCGCCCGAGAACTCGACGATGAATCTTCAGTTACGAATCGGCAGATTAAGGGCACGATGGTTTTGCGGGTTGATAAACGGACTCACAAAGCGGAATACGTCAAAACCGACGACGTAATGACTTCCAAAGAAAAAGCGAAAAAATTTGCGAAGACTGCAAAATTTAAAAGAGTTCCTGCGAGCAACATCAAGTCAGAGCTTGATCACGACAGCGGAGCTTCCAGCTGGTATTTCTATAACAACCAGTATGATGGACGCTATGGCCGAGACGGCTATGATGGTCGCTATAACGATGGCTACAATAACGGCTACTACAATAATCCTTACTGCAACTACTACGGTAACAACTATCAATCTTATTACTACTACAGCAATAGCAACTATAATTACTATTACTACGGAAACTGCTATTGGAATCGTGGCTATAACTGCGGTTACTACTAGCCATTTATTTTTTGAGAAATTCGCGAAAAAGCCTTGGTGATCCCAAGGCTTTTTTTGTTCTAACTGCATCTGTCGAACACTCGAGGCGCAATAAACAAAGAGGCGAAGCGGCATACCCGTGAAATCGCTTAAAGATCTACTTACTTATTCTAATATGGGCATACAATTGCGATAAAACATGAGGTGATCTATTAGGGTACTTCTAGGGATTTTCCTATTTTTGTGTTTGCAAACAGCTTCTGCCAAGGAAGTCGTAAGGCTCTCTACAGGCGAGTGGTCTCCGTATATTTCTGAAAATCTAGAGAACAAAGGTATCTTGTCACAGATCGCAACCGAAGCTTTTGCGCAAAAAGGAATAGAGCTCACGCTGGATTTTTTCCCATGGGGAAGAACGACACAACTATCAAAATCCGGAGAGTGGGACGGAACTTTGGCTTTTATTCGCCTGAGCGAGAGAGAACCATTTTACCTTTTTACGGACCCTATCTATGTGGGCCACTATGCTTTCTTTCATCTGAAAAGTTACCCTTTTAAGTGGAAAGACTATGGGGATCTAAAAAATGTTCTGATCGCATCAACCATCGGTTTTGGTGGTATGGGCGAAGAGTTTATCAAGGCCGAGAAAGACGGAACGATCAAAGTTCTACGTCTGCAATCCGATACGCAAAGTTTCAACATGATCATGGCAAAACGCGCGGAGGTGGTTCCGAGCGATGTCGAAGTCGGCTATGTTTTGGCCAAAAAACTTTATGGCAAAAACGCGGATTTGATGACTCATAATTCAAACTATATTGTGAAGTCCGAATATCGGGTGGCCATTTCTAAAAAAGCAAAAAATGCGCAAGCGTTGGTCGATAAATTTAACGAAGGCCTAGCTCAGCTTCGTAAATCAGGACGCTATGATGAGATTTTGCGAAGCTGGTATGGCAAACCTATCTACAAAGACGCCGTTCCTGCCGACTATCTGAAGCAGAATCATACGGCTAAAAAATAGCAGCAGGAGGCCTCGGATTATTCCAAGGCTGTTTTTAGATCTTGTACCATTTGATCAGCGATAGCTTCATCGATAGGGCCAATGAGCGGGTGATTGCCGAGGCCGTGGCCTTTGCCTGGATGCAAGTTGAAACGTACATGGCTTTTGATCTTCCAATTGTATTTTTGAAGGTAAGCCTGCTCACGAAGACCCGGAGTTTGTGAATCTCTGTCACCATTATGAATAAGGATAGGTCCTTGGAAATCAGCCAGTAGACGAAGCACAGGCGTCGTTTCGCTGAACCACATTTTCCAATACTTGTAGGAAGCGAATACAAATGAGTTTGTTATATATGGTGCCTTGTCGTCTTCGAGAAGAACGGCTTTACGATATTGGGT
NZ_CP178621.1_gap42	1746437	1748464	2027	AATCCTTGCGATGCCATGGGTGCAAACATCATCAATCAAGTGTGTGAATACTTGAAAGAGCCGATCGAGCAATTTACTGGTGAAAAAGTCACGATGTGCATTCTTTCAAACTTAGTGGACACAAAGATCACACGTTCCGTAGTGGTATTGAATGACATTGAGCCAGAGCTTGCGCAAAAAATTGAAGAAGCTTCTTTGTTTGCGCAGCAAGATCCATATCGTGCAGCAACTAATAACAAAGGCGTTTTGAACGGTATTGACCCTATTTTGATTGCGACTGGCAATGACTGGCGCGCGGTTGAAGCGGGAATTCATGCTTATGCTGCTCGTGATGGCCAGTATCGCTCGATCACTAAATGGAAACGTGACGGCACGAAGCTTGTCGGTGTGTTTGAAGCTCCGTTGATCGTGGGTACTGTTGGTGGTGTAACTACGTTGCATCCAACGGCTGCGATGTGCATGAAAATGCTCGGCGTTGAGTCTGCGAATGAATTGTCTCGTATTATTGCCTCTGTAGGTCTTGTGCAAAACTTGGGCGCTTTGAAAGCTCTAACGACAGTTGGAATTATCGAAGGTCACATGAAGTTACACATTAAGAACCTCACTTTAGGTGCGGGCGCAGAAGAACGCGAGATTCCAATTGTGCAAAAGAAGTTGGAAGAGATCTTGGCGATTCGCAAGCGTATTTCATTGAGCAACGCGATCGACGTTCTAAAAGAGTTGCGCGCTTCTCAGCAGCAATCTCAGTAACCAAGGAGCTTGATTGTCTTCCTTGGTCCTTTCGGTTCCCGGAAAAAGCTTTTTAGCAGGTGAGTACTTGGCCCTCAAAGGAGGTCCGAGTCTCATCTTTGCTTCAAAACCTCGTTTTGAACTTGTTGCTAGCAAAGGCAGTGGGAAAGTTGAAGGATTTCACCCAGAGTCTCCAGCGGGAAAACTCATTCGTGATCATCAGGATTTTTTTAGTCAGCAAGACTTAAGATTTGTAGATCCTCATGCCGGCCGCGGAGGCTGGGGCGCTTCGACGGCTCAGTTTTTGACGGCCTTTGTGTTAAATGAATGGCGTGAATCCTGCGAGCTTGAAACTTTGAAGTCTTTAAGTATTTCTCGACTTCTGGAGTCTTATTGGAAATACGCGTGGGATGGTCAAGGCCAGCGCCCGAGTGGTTCGGACTTAGTGGCTCAGTATAAGGGCTCTTTGACCTTGTTTGAAAAGCGTACGGGGATTGTCGCGGTTCACGGTTGGACTTTTGCCGATATTGATTTTGCGTTGATTCCAACAAACCACAAGCTTGCGACCCATGAACATCTGAAAGTTCTTCCGGATTTTGATGAGTCTACTATTGAACAGGCAATGAGTGTGATTCGGTCTGCTATGCAAGCAAGTGACAGTGCCGAGTTTGTAAAAGGAATTCGTACGAATGCTCAGGCATTAGCAGATTTGGGTTTGGTGGCTAGCCACACTAAAGACCTTTGCAAAGAGCTTTTGCAAAAGCCTGGCGTCCTTGCAGCTAAAGGTTGCGGCGCTATGGGGAATGATGTTGTTTTAGTCGTCTATGAGAAGTCTCATCAAAAAGACTTCAAAGATTTTGTCAGTTCTAAAGATTTGACCCACGGTTTAGAGATTCAAGTGAAGGAATAGTTATGACATCGATTTTGGCTTCGGCCCCTTCCAATATTGCGTTAATCAAGTACATGGGGAAAATCCAAACCCAGGGCAATCTGCCGACGAACGCTTCTTTGTCCTATACCTTAGATCATCTTCGTACGTTCGTGCGATTGACTCCGCAGGTAGGCAGCCAAGACACTTGGTCAGCTTTAGATGGTGATGAGTACGAACCAATGCGTTTGTCTGATAAAGGACGTGAACGTTTCTTGGCGCATCTGAAAATGTTAAAAACGAAGTGGGGCGTTGAGCAGAGCTTCATGGTCGAATCTGCAAATAACTTTCCTTCCGACTGTGGCCTTGCAAGTTCTGCATCTAGCTTCGCGGCTCTGACTATGGCAGCGGCCCAGATGTTTCAGCAGAT
NZ_CP178621.1_gap43	1750004	1750680	676	CATATCTTCAAAGAAATAAGCGTTTGCACCGTCTTTACGAATGCAAGTCCCCATGGCCTCTTCAAGAGGAGAAGGCAAGTTTGGGTCCTTTCGGCATTGATCATAACTTTGCAAAACTTCTTGCGATACTTTGTGAAACTTAAAGCACTTCGAGACATCATCGACGGGTTCGGTCTTGGTCGTTTTTCGAAGGTGAGTGAAGAGGTATTTTTCCTTAAAATCATCCCCTTTGGTTTTGGCAAAAACGGGTGCGCTCAGGGAAAGAATAGAGAGTAAAACAATAGTTTTCATAGACCTATTTTGGCCAAACCTACGGCGTAGGGTCACGTCAAAAAATGCTCCGGTCCCAGAGCGCCGCGCTGTGCTTTGGCGGGATGTGCAAAGTCTACATTTTCGGCCCCGAATAAACTCTTTTCTATAGACATTTGCGGTCACTTCTATAGCATCCCCGACATGGCAGATATCAGTGAAGTCTATCAAATTCTTGGCGTGGATCCTCAAAGAGCGAATGAACTAGCTCTTGAAGGTTTGCAAGAAGCCAAAGACCAAAATCAAAAAGACAGCCTCAATTGGGTACGCGCTTATGCTTTGGTTGAAATGAAAGAGTTCGCTGAGGCTCGCCTTATTTGGAGTGACATCTTTATTCGTGATGGCTCTCACAAGGCCCTTCATCAAG
NZ_CP178621.1_gap44	1752009	1754265	2256	TAGTTTCTGTTCTACTTCTGCTGGTTTCTCGTGCCACATTTTCCAGGGCTTTTCGTGAACATGGCTATAGTAGCCCGATTGAAAGACCTGGCCATGACCATAATATCCATGAATGGTTTTTTCGCGGTATTCAGAAAGGATTCCGGTGTTGAACCCCTGATATGTCAGCAAGCTTGTTGCCCCTAGAGTGATCGTCAGAATATTGAACAAAGTACGACGGCGATTGCGGAACAAATTACGCCAAGAGATTTTCAACAAAGAGTTCATCGGGTCTCCGACGTGGTAAAGAGGCCGTCTTTCATGTGATAGATATTACGGGCATACTGAACCAGTCGCGCGTCGTGAGTTGAAAAGACAAAGCTGGTTTTTTCTACACGTTGCAATTCTTGAAAAGCTTTAATCGTGCGCTCGGCAGTGTCTGAATCCAGGCTCGCCGTTGGTTCATCGGCGATCACGACATCAGGAGTTTTCGAGATCGCACGCGCAATGGCAACGCGTTGACGTTGTCCACCAGAGAGCTGCCCCGGGAATTTGTCAGCGTGATCCGCCATTCCTAAGAGGTCTAAGGCCCCTAAAGCTTTTGTGCGGGTCTGCTGGGCGCTGAAACCCAAAAGAGGTAAGAAGTAAGAGGTGTTCTCTAAGACCGTCATTGTGGGAACCAGATAGAAAGATTGGAAGACAAAGCCGATTTTTTTCAGACGCACCTTTTCGCGGATGGACTCAGAAGCTTTCGAGAAGTCTTCACCATCAAAGATCAAACGTCCCGAACTTGGATTTTCAATCAAGCCCATCAAATTTAGCAGCGTTGTCTTGCCGGTGCCGCTAGGGCCGACAAAACAGGTGAAACAGCCACGATCCAATGTAATGTCGATACCTTTTAAAACTGGTACCTGAGAATTATTCCAGGCATAGGAATACTGCAATTGTTGAATGTTATAAAGGGGCCCGCTCACTGTGGGCCCTTCATGCCAAGTCTTTTTGCTAGAATATCAAGAGTGAACAGTGGAGCCATCAAAGTGAAAGCTGCTGAGTGTTTTGGTGATTTCATCGCAGCAGGAGCTTTGCCTTCGATCCAGTGACCGATAAACTGCAAAAGCCAGCCAATAAAAAACACACCTGCGTAGATAGCAAGCGGGTAAGGTTGGGTTTGGCCCACAGAGATCACTAGCGCATAAATAAGTGCGAACTCTGCTGTAATTGCTAAACAATAGAACCATCCAAGTCGGGCATAGACGATGGTGTATGTCGCGATGAATGGAATAGCTAGATTCAGGTGAATGCTCGCGTCCGGCCAGCGCAGTAAGCTTAGAAAAGACAGAATGCCAAAGGCAATGCAAGGCACGCCGATCTCATGCAAGAGGATATTAATAGGATTCTCGTGGCTCTCGCTATAAAGATTTAGCCAGTAGCGGGCTTTTTTAGGATCGACAGCCATAATTACCTCGTACTTCTACCAATCATACTTACTAAGATGCGACGCGGGCCTTTAAATGGATTCCGTCCGTGCATCATCAGAAGATTATCAAGAATTAAAACATCGCCCTTTTTCCAGCGGAAGGATTTTGTGTTCTGGTCAATGGCATTCGAGATGTCGATCTTGTCTTCATCTGAAATGATACTACCGTCGCCATAAAATGCATCAAAAACTTCGCGGAATATCTTTTTATAAAGACGAATCACGTGCACGAAGAAAGGGCCGAAGTTTCGAGCGTGAATCAAATAGTAATGAACGTTGTTGAACCAAACAGTGTCTTTGGTGACTGGGTGAACAAGAGTGGCTGGCAGACGAATACGCGTTTCAACGGCGCCGTTTTCTTTCCAAGTATACTCTTGGCCAAGGTGCTTGCACGATTCTTCGACTTGCTCTCTTGATTCGGTTCCGTAAGAACGTTGCCAAGTAGACATACCAAAGATCGAGTTGAGTTTTTCAAGCCAGCGTTTCATAGGGGTTAATGGCGAAAGCTCGCGAACATAAAGAACCCCACGTTCTTCAATTTTTTTACGAACGGCCGGGGAAACCGAGTTCAAAACTGCTCTGGTGTCAGCGATCGGAGTCTCGCCACCAATTTGAGGCTCGACATCGCAATAGAACAGAATTTGGCTTGGGAATTCCTTCAAGTAAACCATCTCGCTGTGCATAGAGATCTTCATGTAGTTTGGGGCATTTGTCGCAGTAAAGACTTTAGCAGCGACTTCGGATCTAGGAGAGATACCGCCTTCATACGTTAAAAGGCCGGCTTCTCCTGCGAGGATGCG
NZ_CP178621.1_gap45	1773759	1778066	4307	TGAGCGCTATGAGCTCAAGTACCTGATTCCGGTTGAGATGGTCGAGCCTATCTCGAAATTTGTCGAAGCTTATTGCTATATGGATTACTACTCGCAAATTTCCCCAGATCGCTACTACACAATCAATAGTCTTTATTTGGATACTCCCAATCTTTATCTATTGCGTTTTAAAGAGATGGCGGGCGCATTCAATTTTAATATGCGTGTTCGCTCATATGGGGATTCTCCCAAGCCTCCTTACTTTTTTGAGATCAAATATAAAATTCGCGAGTTCGTAAGAAAGAAAAGAGCAAAAGTCTCCACTGAGAATTGGGCCGACATTCTAGATTGGGGAAGAGTTCCCGAGAATCTCGAGCCGGACTCTTTGGCGAATCTGCAGGATTTTCTTTTTATGAAGATGACCTATAATGTGGAGCCCCTGATACTGACTCAGTATCGACGCAAGGCTTATATCTCTCATGTAGACGATTATGCGCGGGTTACTTTTGATCGGGACCTTCGTTATCAGGAACAAAACGAATGGTGTGTAAAGCCCCAAGAGCGCCTGTTATGTCACTATGATCACCCGGACTCTTTCGAATCGGCCGGCGAAAACGTCATTCTTGAGTTGAAGTGTGAAAAGAAGATTCCGCTATGGATGATTGATCTTATCCAAAGATTCGAATTGCTTTCGGGGTCCTTCTCGAAATTTGGAAATTCAATGGCAACCCATTTGGGAAGTCCCGACCTTTTACAGTCGGGAACTTTGTACTTAAATCCCTAAATCTCGCACGAGCGTTGAGGAATGCTTGCCCCGGGCATGTAGTCCGCAAGGTCGACGTCGAACTTAAGACGTCCTGCGCGGCAATTGGATTTTAGAATGTCTTTCGCTTTTGCCGCATTCTCGCGCAAAGATTTAAATTCGCTGGACGAGAACAGGAGCTCGCTTGTAAAGTAGTCTTTCGCCGACGAGCTTGCCAGAGATTTCTCGAAGTTTAAGAGCTGATAGTAAGTCAGATAACTGACATGGCGAACCTTTTCTAAGGCACTGATAGCTCTCATCATATTGCTTTTATTGACACCACAATCGTTGTCTCTGAGAAGCATTTCTTTAATAAGCACCGCAGTTCTTCCGCTCATAGCTTTTGTTTCTTCAGGAGGGACAATCAAACGGCTGTCTTTCCATTTGGCTTTCGATTTTGTTCTTTCAATTTTTCCAGGCTTTTGTGGATTCAAAGAGTACCAGTAAAAACGATAATGGATATTTCCAATGCGGTCTTGCTGATTCAAAAGCGTATCTAGGACGATCATGTCACCGACATCTTTCATTTGCGTTACAGTCTGTGCCACTTTCGAGAACTCGCTAGAGCCGACGAGTTCGCGCACACTTGCGGAACTAGAGACTCGTTGAAAAGGGGGTTGGCTTAAAAAGCGGGTATAGCGAGAGTCATAGCTGCCCTTGCCACTGACATCAGTATACTTTTCCTCGTTTTTAATATTATCACTGAGGGCTCCGTAAATTTGACTTTCAGAAGCGTCGACAATATCTGGATAGTCATCAGGGTGGCGGTGTACTCTCGAAAATTGTTCCCAGGTTTTTGCGATGGTGTCAGACGAGCCGCTCAGCGCTTTGTTGGCTTTCTGGGTCAGCTGAGAATGAACCTTGCGATCCATCGATCGCACAACGGCGACGGGAACTCGCCCGGCATCTCCGAGAATGCGCGAGATCTGATAGTAAGCCAGGATCGAAGGTGTGTGCGAACAGCTAATACTTTGTTTAAACTTCGCTTCGGTGGACACTGACATCTTGTCGACGTTACAGCTCGAGGCATCAATGGCCTGTTTGCTGTACTCGTTATTTGGCTTTAGTAGCAGAATCGCTGGATTGGTCGAGTTGTACTTGGGACAAATTCCGACATTGCTATAGAAATCATATCCGCACAGTTCGGCTTCTTTCTCGCGATCACTGTCGCGGTAGTAGGCACTTGGCCAACGCTTAGGGATAATGCAGACTTCCGTCAAACCATTCGGAGAACGGTATTGTTGTCTTGATCCGCCTTGCAGCTGGTTTAAATTAAGAGCCTGGGATACGGAGCTCGTAAGTAAAAGAACGATCAATGCTTTCATGGGTCACCTCTAAATATACAAGATGTTTTAAGTGACACAGTCTATTTTCAAAGAACAATGAATTCTTGTGACGTTCCTGTGACGAGGCGCGGGTATGCTACTGATTGCAAGATGCCGGTCTTTTTACACTGAGATTGTGCGCAAAGATCGTGCGGCGGCGAATAATATCCGTATTGATTTCTTTGTTCTGAGTTGTCCCGTCTTGTGCTTGGGTCAGCTCGGCCTGTATATTGACGTGGACCGCATTCACGCAGTTTCCATCCGGAGAGGCCAAGACGCTTGGAAAGAAAATGGTGGGATCTACGCGTGTACCTTTTTTTGTATTCAGATAGCTGACCACAAAAGAACGAAGTGAAAAGTCTTTCGAATTGTTTTCTAAGATGACCATGGTTTGATTCGTGACTGGGTTGTGCTTGATAACGCTATTGTCAGTTCTGCGAAGGCAAATAAACACCGTATTTGAAGCATACACGTCACTACCAGTGACGAAAACGGCTGGTTTTGCGGTTGTAGGATTATTGGTAATACCACGTGGTCTACGTAAGAAGACGCTGGCATAGTTGAACAATATAGGATTTCCTAAGGCGTCCGTTTTCGGAAGATCGTCATAAGGATCTAAATTCATGTTGAGATGAAAAACTCGAGAAGCCACTTGGTAACGACGCGTATATCTTCGATCGGCATCGACTAGAACGATTTCAGCCGGAATATTATTTGTCGAAAACAGGCTTAGCTGTGTGCCATCTTCAGAGACTCGAAGTTCATGAGCTGGACCTGCTTGGTCCACCGAGTTTTCTTCCGACCATGAACGCATTAATGTCTCTTGACGAACGATGCGGTTCAATGAAGTGTAACGGATTACAGAGCTCGTGGCGTTGTTCGCGCAGATTGCAGGCTCTTCCCCTGGAGGCACCGAAGTAAGGCCAAAATAAAGGCTGTCGTTGGCGCCTCTTAGATCTTCTGAGAGTTCCAAGCGAACGATGTTGCGGATGTCGCTTTCGATCATCTTAATAGCGGTAGACATTTCAAGCTGCCCAGCACTCCATACATCTAAGCGGTGTTTTTCAGAGAAGAAATAGACCAAAATACCCACGGTCGAAGAGATGACCAGGAAACTTAATCCCATCGCCATCATTAGTTCTACGATAGTATAGCCCTTGTTCTGTTTCATTTTTTAAAAATCACGATCTGACCGTGGGTCAAGTTGAGCTTCTGGGCATCGTTATAGCTCCAAGAATGAATTGTAATTTGCTTTAACATCTTTGCATAGTTTGGAAGCTTCAAAGAGGGCGAACTGAAATTAGCGACAATTGCTGTAGTCGGCGCAACTTCCCAAACGATTTGCATTTGTGTGGTTGTTAGAGTTGGGGAAGGGCAAGGGCTTGCAGTGATGGTGGATTCAGAGATGAAAACCTTCTTGTTGGTGTAAGTGCGAATCAAACATTCTCCCGGGGCTGGTAGGTCTTCATTCTGGGCGCCTTTTACCTCAACGACGTTATCAGCCATGACTTCTTTAACACTCAGAGTTTGATCGACCTGAGATTTGTGAGTTCTTACGCTTTGAATAAAGAAGAAACAGATGGTTGCGCCAACTATCGAAATGGCGGCTGCAAGAATCACCTCTATCAACGAGAAACCTTTTACGTCCAACATTCTACTAATTTCCATTTTTTGTTTCAATTACCAGCTGGTCTACTCCGACGACGGCTCCTAAATTTCTAAAATCATTAGATGGCGAAACTTGCAAATAAACCTGACGTCCGTTGTTGAAGGACGGGTTTGCGGCAATATCCTCGTAAAGGTCAGTGCCTATAGCCGTACGATACTCCATGTTGGTAACCAAACACGGTGTCGCTGGAGACTTTAACTTGTAATAGTTTCCAGCATCCCAAGTGAAGTGTTTGTGGGAAAGGTCCACGGGGATAGCGTGATTACGTCCTTCGGTTTCATTGTAAAATGAATTTCCGAGGTTTCGTTTTCCAGGTGGAGTGAACGTATCAAAGTCGACAGAGATGTTGATGCCGGTCAGAACGACTTCGGATTGATCGCGCCCGATATTGGTTCCGACTCTCTGAGCCCAGAAAACATCGGGAACATAGAAGTTTGGAATAAAGGCTTTGCCATTATAGAACTTGGATGTTGCTGGAGGAATTGGCGAGTCCACCGCCGAATGATAGGCAGGAATCAAAGACGAATGCGTT
NZ_CP178621.1_gap46	1779982	1781939	1957	AGTAAAGACATCTAAAGAACTCATCAAAATGATGAATCCCGCTAGGCAAAGCCCTGCAACGAAGATGAGGGCAGCCTGTCCTTTAGAATTGTTCTTCTCTATTCTTTTCATATACTTATTAAAGTTTAAGAGTGAAAAAACAAAAAGGCATCTTAGAATGAAGTTTGGTTTCATACTGAAAATCAAATCGAACTTTGTGGATATTTGAGTTCGTATCTAAGATGATGTAATTACTGAGTAAAAGTATTTCATCCAATCCGAAGCAATCCGAACGATATTTCAATGTCTATAGTTGAGGCACGCGAGAGTCTAGCTCGTAGCGTTTGTACTAAACAAAAAAGTTGAGAGTGGGAATTTACGACTGTATAGAATTCTACATGAGCTCAGCAGCAAATGAATTTTTCGACGATTATCGACGCTATCTCGGTGAAGCTTTTAAATTAAGAGCTGCTAAAAACCCTCGCTATTCTTGGTCAGCATTTGCGCGAGATCTCGGGTTAGGGGTTTCAACTTTGAGCGAGGTTCTGAATGGGAAGTACGGGTTGTCGTCCGTCCGTGCTCGTGAGGTCGCGAAACGACTTCACTTGACAGAATCTCATTGTGAACACTTCTGCGATCTTTTAGCAGCTCAATTTTCACGCAGCAAAGAAGAAAAAAATAGAGCTCGTTTGTCCGCACACTTACGCCGTGAAGGTAACGAGCAGACACTTACTCTAGACAAATTCAAAACTATTTCTGAGTGGTATCACATGGCGATTCTGGAGTTGAGCGAGACCGCCGGTTTTGTTTTCGATCCAGATAAGATGGCACGACGCTTGGGGATTTCTACTGAAACTGTCGAGGAATCTGTCAATCGCTTAAAACGTTTGGGGCTTGTGAAGGTTCGAGGACGTAAAATTAAACCGACCGGAAGCTTCACCACAGTCGAGAGTAAAGAGCTTGCATCGACAGCAATCAGAACGTTTCATAAGCAAATTATAGATAAAGCTAAGGCGGCAATCGAGGGCCAGAGTATGGAAGAAAGAGAGCTTTCTTCCACCGTATTTTCAGTTGCGCGAGAAGACCTCGAGGCTGCCAAAAAAGAATTGCAGCAGTTTCGTCGTAGTTTTGCGCTAAAGTTTTCAAAAAATGCCAATAAAAAAGATGTCTATTGTTTGAGTATGCAGTTGTTCAGTTTAACAGAAAAGGAACGGTCTCTATGACGAAGGCCCTTTGTGCTTTGATCTCCGTAGGTTTGAGTTGTCTATTGTTGGTACCACCGACCTTTGCGGCAGTTCGTGATATTGGCAATGGCGGAGCCGGCGTTTTGGTCAACGGAGAGCCCGTTCTTTTTGATCTCTATGAAATTGGAGTTGAAAAACCAGAAATAGACGAGGTGGTGGTTCCACTTCCTCTTTATGTCGAGCGTGCCTCTAGGATGGATATTCTGACAGAAAGAGAAGCGCGTTTATTGGCAATAAAATTGACTGAGATTCGCGAGGTTTCTCCGAAGTTTGCGGACTACTTAGTATTGGCATTGAACCAGTACATTTGGCGTCTAGTGGATCAGCCATTAAAGCCGATTGAAGAAGAAACTCCGGTAGAGATTGATGCAGAAGTGGTGCAACTCGCGAATCGCTTAGGAACTATCATCCGTATTCAAAGTGGATACTGGGGAAAAATGTCCGAGGCTAACAAGGTTGCTCTTGTTTTGCATGAAGTGATTTATGGGCTTGCTCCTGCAACGTATATGGCAAATGGGAGTGGATTGCAGGTTCAGGATGGACCGAAAGTTCGTCAGATTGTTGGTTATATTTTTCTTCCGGAACTGAAAAAACGAGGAGTTGACGGTTTCTTCAGCTACACGGGAATTTCCTGGGAGCTGTCTCGTATTGTTGGTGAAGGCGTTGTAGAAAAGGTTGTGTCTACTCTGATGGTAGAGTCAACAGAGGTAGCTGATTCCAACTTTTATCGACGA
NZ_CP178621.1_gap47	1792926	1795943	3017	CGTACTCCGCTAAATGGTATCATTGGAGTCGCAGAACTCATGGACTCGTCAGGAATGAATACTAGCGAGCTTGAGAAGTTACACATTCTGAGAACGTCTTCCAAAACTTTGTTGTCATTGGTGAACGATATTTTGGATTTCTCCGCTCTTGAGGCTGATAAAATTCGTTTGGAAGAAGTCGCTTTTGACCTAAACTCTTTGATTGATAGTATTCTAAGTATGTTCTCTTTATCCGCGCAGGAAAAGGGCATCTACTTGAGATTTGATCATCGACCGCTCACTGAAAGTTTGGCTTACGGTGATCCCACGCGAGTTCGTCAAATTCTGGTGAACTTGATTGGTAACGCCATTAAGTTCACATCCCAAGGGGGAGTGAGTGTTCGGGTCGAGCGTGAAGAGACTCCGGGGCAGGCGCCTCGTTATAAAGTGTTGGTGCAAGATACTGGTATTGGAATTCACGTCGAGGATCAGAGCCGTTTGTTCAAGTCCTTCTCGCAAGCAGATGCTTCAACAACACGGAAGTATGGCGGCAGTGGATTGGGACTTGCGATTTGCAAATCCCTTGTGGAGCTTATGGGCGGCGAGATCGGCGTTCAATCCGAACCCAGCCGCGGTTCTACTTTCTTCTTCTCTTTTGTTTCAAAGGAAGCCTAAGGGGTTTACCCCTTAGGACCACCATTCAAAAGATCTTTGATCGAACCCAATGCGCCTAGAGCCGTGCTGGATTCATAAGGGACAAAGATCTTATCACCTTCTTGCGCAACAAAGTTTCCAAATTGCTGCAAGTAATCTGTGGCGACCAAATACTTCGCGGTAAGGTTTGCATCACCCATCGCGGATTTAACCAAAATGAAGGCTTCTTTTTTAGCGTCAGCAACGTTTTTAATCGCTTGAGCTTCACCTTCTGCGCGACGGATCTGAGCTTCTTTTTCACCCTCTGCAAGGTTGATCTGCTCTTGGCGAATACCTTCAGAGCGAGCAATACGAGCTTGCTTGTCACCTTCGGCTTCAAGAACCTTAGAGCGACGTTCACGTTCGGCCTGCATCTGCTTTTCCATCGCAACTTGGATCTCGCGTGGAGGAGTGATGTTACGAAGTTCGACGCGGTTCACTTTCGTTCCCCATTTGTCAGTGGCTTCATCCAAGATTGTTTTCAACTTCGCATTGATGACATCGCGGGAAGTAAGGGTTTGGTCCAAATCCATTTCGCCGATCACGTTACGAAGTGAAGTTTGAGTCAATTGCGCAACCGCCATCGGAAGATTTGCGATCTCATAACACGCTTTTACTGGGTCGACGACTTGGACATAAAGAAGGGCGTCGATTTCAATCGATACGTTATCTCGAGTGATCACCTTTTGACTTGGAATATCAAACACAGATTCGCGCAAGTCTAAGCGAGACGTCGTTGTTAATAATCCATTGTCGATCCAATAGATCGGACGTGGTTGGTCAAAGAAGGGCACAACGAAGTTCAAACCGTTTGTCAGAGTGCGTGAGTAGCTTCCGAGCCTTTCGATGATGAGGCATTCACTTTGCTGAATGACGTAAATTGTTTTTGCTAAAACCACAAGGGCGATCACTGCGATCACCGCAAATGCGATCAATGTAAATTCCATGGTTGAAAAATCCTTTCACCTAAGTTGGAAAAAATTAAATTATTATTCTTCATTCAGAGGTTGAACCCAGACCTTGTTGCCATCGATTTTCTTGATGGTAACTTTAGTTCCAGCGGGTAAAACCTTTTCGTTATAGCTTCGGGCCATCCACAGATCGCCATAGAGTTTCACATAACCGTGGCCACCCGGGGGAATCTCCTCAGTGACTGCTGCTTCTTGGCCGACCATGCCTTCTGCTGTGGTTTTCTTTTTCGGAGTATCCATGATGTGCTTCAGGTACTTTCTTGTTAAGAAGAAAGACAGAAATTGAAACACGCCAGCCACCGGCAGAATGATGTATAAGTTGCTCGTGGCTGCAGCGACTCCGGCGGTCAGGATAAATCCTATGCCGATCGGTAAAACTATAAAACCGGGGATGATGGCTTCGGCCAAAACCAAAATGGCTCCGGCGACCAAAAGCTGCATCCATAGTTCATTTTGAAAAGCTAAAATCATATTCACTCCGTCCTTACTCGAACTCAGATTTTAAAGATTTGATTTGTTCAAGGCGAACATTCAAAAGTTCTTTCAAAACTTGAGTCAGCAAAGGCTCAATATCTTTGTCCGTCGCCCCCGTGTTAGAAACGATTTTCTCGTAGAGATCGCGTGTTTTGCGATTCACCGAGAGGGTGATTTTTGTTTCGCTAAAATAATCCTCTAGCAGATCTCGAATCAGAGCGCTGACGTTGATTTGAGCCTTCGTCAGGCGCTCGTATTGATCTTCTGCGATGAGGACACTGATACGTTTTGCGTTGTCAGACATAAAACCTCTGCATGTATGGATACAATATGCATTAATATTATCAAGTATGCAATAGTATTATTTGATGCGTATCATAATTAAACTGTGATGGTTTTTCTGCCTTATGGCAGAGCGCCGACGTCTGGACAAATGTAACAAATACTGTTACATTAATGCTTTGCTGGAGATTCTTATGAAGAACACAAAGCTTTCTATTTTAGATTTGGCTCCCATCGCTCAGGGAAAAAGTATTGCAGATTCCTATAAGAACACTTTGGATTTGGCTCAGCATGCAGAGGCTTGGGGTTATCATCGCTACTGGCTGGCGGAGCACCATAACTTGGACGGCATTGCGAGTGCGGCGACCTCCGTTTTGATCGGTTATGTTGCGGGCGGCACTAAAACGATTCGTGTCGGTTCTGGTGGAGTGATGCTACCGAATCACGCGCCGTTGGTGATCGCCGAACAGTTTGGTACGCTTGAAACTTTGTATCCAGGGCGAATCGATTTGGGGCTTGGGAGAGCACCGGGCACGGACGGGTGGACAATGCGCGCTCTTCGTCGCGATATGAGTGGCAAAGAATTAGAAATGTCAGACCTTGTGCAAGAGTTGCAAT
NZ_CP178621.1_gap48	1811773	1812650	877	TTATGGCCTTCGTGAATTTCTTGCGGCAGATCGTGGGCATTTGCCGCAAGAGACGTGACATTCGCAGGGATATTGTAGATCACCCAGTGAACCCAGGTCATTTTTGGGGCGGCTGGATCTGGAGCATCTGGATCATCGACGACAATCGCAAAACTCTTGGTGCCCTTAGGGGCACCATTCCACTTGAGTGGCGGTGAAATGTCCTTGCCTTCGCAGGTGTATTGACTGGGAATTTCTGTATTGGGTTTGAAAGCCGGAGAGCTTAAAACGAACTCACTGATGACCATGAGACCTCCTCTTGCTCGCCATTATAAAAAAGCCGTCTTACGAAACTAGTTGTATGTTGGCAGCGTCGATTGTGTTCTGCGTCTAAAAATGACCTTTTTGCTCTGTGAAATCGGATTCTTTTCTTGGCTCGTTGGGGCCTATCGGGTAAGCCTAATAAACGCGAAAATCAGAGGGGAAAATTCGTGACGAGAATCAGTGCGGTGATCTTGGCATTCTATTGTTTCTTGGGGGCTCAAAGTGCATCAGCACTTTTGACCACGAGCACGCTTCCCGAAGGCATCAACAGTCCGTCATTCCGTTTTGGTCAAATCGACAAAGTCAGCGAAAGATACACTCAAGATGGAACTCTTATGCGTTTGGGAGATATCAAATCGATCGTTTTCGATTCAGCAACCCTCACGCGTATGAACCCCGACGCGAAAAAACTCATCGCGGCTTTAAATAGCTTTGGCAAACACAAACTCGGGGATGATTTTAATTTCGGAGTTTTGCGTATTCACACGCTGCCGCAGGTTCGTTACTTTGCGCCGGTGTATGCGCGTGGCATGACTTCGAAGTGGACTTTAGCTTTGGGGCTTCCGGTTGTTTC
NZ_CP178621.1_gap49	1817043	1820821	3778	TGCAAGCTGGATTAATAGATGAAATTCAAATCGTTTTAAATCCCGTGGTTTTGGGTAAAGGGCGCACAATGTTTACCGGTCTTGACGAGAGCTTGGTGTTGAAATTAATCGAAGCAAAGACCTTCCGCAATGGAAAGGTCTTCCTTCGTTATCAACCTGCTACGGCATAGCACTGACTCCTTTCAAGAATTTCTCTAAATCCTGTAGAGCGACCTTGTGTTCTTTTCCGTCTCTCATTTGCAGGCGCACTTCTTGGGCTTCTAATTCTTTTGCTCCAAGCACGATTTTCGAAAAAGGTCGTAGCTTATGGGCAAATAGAATTCTTTTTGAAAGGCTTCCCGAATTGTGATCCACCAGGACACGAATATCTTGCGCGCGGAGTTTTTGCGCTAATGCTTGTGCATGGCTATGTTGCTCTTCATTCAGAGGAATCAGATATACTTGAACAGGACTAAGCCATCCTGGGAGTTGCCCTTGATAGTATTCAAGAAGCAAAGCCACGAATCTTTCGTGGCTGCCCAGCGGTGCCCGGTGAATAATCCAAGGCCTTTGATTTTGGCCCGAGTTTGAAACATAGTTCAGATCAAACTTATCCGCCGAATTAAAATCTAACTGAACACTCGCAATGGACTCTTCGTCGCCAGATCCCATTTTCATTTGCACATCGATCTTAGGGCCATAAAAGGCGGCTTCGCCCTCGGCCTCAAAGAATGGAAGGCCTTTTTGCAAAAGACATTGGCGCAGAATCTCTTCGCTTTCTTGCCAAAGCTCCGATGCGCCATCGAAGTCTTTCATCCTTTGTGGGTCATGCTTGGAAAGTCGGTATCGATAGCCTTTCAAGTTCAAGGCTGCATAACATTCCTCATGCAGATCAAGAACTTTACTAATTTCAGAGAAAGCCTCTTTAGGGTCGACATAGATATGAGCATCATTTTGACAAAGACCTCGCACTCGACTGAGTCCCTTGAGTGCTCCGCTATTCTCATAACGGTAGACCTGTCCATATTCGGCAATTCGCAAAGGAAGTTGGCGGTAGCTGCGCAGGCTTGATGAAAAGACCTTGTGGTGATGGGGGCAATTCATGGGTTTTAAGTAGTAGTGGCTATTGTCTTCGGGCCACCTCATGGGCGGGAACATGTTTTCTTGAAAGGCTCGCAGATGTCCCGAGGCCTCATAAAGACTGGCTTTCGCCACATGCGGACTCGCTACTCTTTGATAACCGTCTCGTTGTTCTAGTTTTTTAATATAGGCCTCAAGGGCGTCGCGAATGGCCACACCATTTGGCAGCCACACTGGAAGGCCCGCGCCGATTTCTTCATTTAGGAAATAGATCTCCATTTCATCGGCAAGCTGCCGATGATCTAATTGATTAGACATAAAATTCTCCATAGCAAAACCACGCAAAGCTTTGCTTGCGGGTTTGTGATTTATAAAAGTGTTTAAAAAAAAGACGTTCGGTCCCAAGGCTGGGACAAAAAGATAGTGACCCCTACGGGGTGGTGATCATTTGCTTGGAGATAAGGTGAAAAGACTTTGCCAACAACATGCTTCAGATAATATCGGAAGTGGTGCTTCACGCACAAATTAGATTTTTTTATGAGCGCTCTAAGATTTCGTGTCTTTAATTAAGACAGAAATTGAATCATATCGTAACTGAGGACTGCGTCCTTTCTCGAGACGAGAAATACTCTAATGAGAATCAGTGTTTAGCTACTAATCGTTTTTTGAATCTTCGCCAGTCAGACCTTGCGAAACACCTCTATGTTTGTTTTAAGCTGGCCCGGTCCTTGCTGAGTATTCTGTTATAAGCCGGGGGGCAAGTATGATGGGTTCACGCTACATTAAAATCTCGATCTTATCCGCTTTCTCAATCATTACTATCTTAGGTTTTCAAAACTGTGCTCCAGCAAAATTCTCTGATGCTTCAGGAGTTGCTGGTGTTTCGTTCAGTGCTGGTGGTGACGACTCTTTAGAGAGTGAAAACGGCAGCATGCCAGAAGAAGTAGAACAGCGTGATCCTTCAGACGACGGTTTAGCGGCTGTAATGCCTAAAGAAGGTGATGATCAGAGCGTTCCTAAAAAGAAAGACTGTGATGTCGCTAAGGAATCTAAAGGTAAAGAGATGCCTCAGCAGCCTGAAGAGTCTTCTGATGAATCTGAAGAAAACTTGGTTGAATGCGATATGGGTCGACCAAATACAAAGGTCATCCTCAATGCGATGTTGAAGGCAAGTCACTCAAATGCATCTGCGACTCGCGTTTGTATGAGTGAAAATGCTTGCTTGAAAGTCATCAATGCATTTGCAGCAAAACGTGATTGCAGTCTTTCAAAGCCAGTTTCTGGAGACTCGGGTGAACAATGTACTCAAATCTTCCCTGGTAGCAAAGGCACTTGCAAAAACGCCGCTAAGATTTCAGATGCTGAAGTTGCAGAGATTCTTAAAAAGATGGAATAGTCCTTAGTGAAAAGGATAGACTCTTTTCCAGTCCTTTTTCATATCTACTAAAATCCAACGGGCCCGAGATGCAGCATCGAGGGCCCGATTTAATTTTCCCACGTGAGAACCTCGATCATAAGACCATTCGCGTTCGGCATCTGTATGGTGAAGCAGAAGGCCCAGGTGTGGACGATCCTGTGAAGTAACCCACTCAAGCATTTCATAGTCACCATCTGAATTGCCAAAGGCGAGTAGCGGGCGGCGGCCAATGAATTTATGAATACTTGCGGGCTTGCCAGGGCCCTCGTCAAAATTATCTACTTCAGCTAACTTGATCAGTTCGGGCTTCCCATCGTGAAATTCGTATCTGGTTTTGCCCGTGGTGCCGATGACTTGCTCAGGCGGAATGCCATAGAGCTTTTCGGTCACTGAGCGCATGAAATCCGCGCCGCCGGCCGAGGCAATAAAGATCTTAAACCCATTGATCCTTAAAAAATTGATAAGCTCTAACATGGGCTGATAGATGAGTTCTGTATAAGGCCGCTTTAGTTGCGGATGTTGCGCCCTTTGAAACCACAATCTGGCACTTTTATCGAAGTCTTCAGTGCTCATTCCCGCGTGAGTTACAGCTAGAAGTGCAGCCGCCGAGGATTTACCATCTGCAAGTGCTGCTTTGATGTCTCCTTTGATAACAGATTTAAAAGGTTCTTTATCGTGCCATTCTGGATGTTGAGGAGCCATAGCAATAATTTGATCAATAACAAATGCAAGTTGCATGTAGAGAGGCTTTTCCGCCCAAAGTGTGCCATCGTTATCAAATACGGCAATACGTTCAGGGATGGGGACGAACTCAGGACTGTCGTGCAAAGAAACTCTGGCGACGAAATCGATAAGGGCTCTTTTGCTGGCACCTGGATTCCAAGAGGGCAGTATGACAGTTTCGGAAACTTTCTCGGTTTGTGAGTGGGATTCTAGCTCCATTTAGGACCTCTCGTCGAAAAATATTTTCAATAATCCTGCCTATTTGCTTTTTTGACGGGAAGAGGAATTTGGACTCTCTGTTGAAACTCAAATGTGTTTTAAGTTTCTTGAAGTAATTCTCGAGTGTGGTCAAAATATTTGAAGTCGCTCTAATGTATTGCTATTTCGCAGTTTTAATTGGGAGCTCTTGACCGTCTACAAACTCTTGGTGATCGTGCGGTCATGAAAAAAGCAAGTTTGGTACTTTCTATTTTTGCGGGAGTTCTTGCAGGTTTCTTTGTTAAGGCGGAAACAGCAAGTCCTTCTGCGATTTATTATCAGCAGCGCTATCCTTTGAAAAATGTTAACGATAAGCTCGTC
NZ_CP178621.1_gap50	1896895	1901086	4191	CATAGGAATCGCGGCTAGGGCGAACTGCGTTGTTGTGAGGCCAAAAACAAGAAGGCTAGCAAAGGTTTTCATTGTTGTTGCTTTCCATGAAAGGGTCTTGTTAGTAATGAGTCTTGAGGTGAAAATGCTTAAATTAGTTGCGGGCGCTTTGTCCATTCTTTTTTGCGTTCAAATGGCGTCGGCGGATATGGTGATGATTAGAAACGCCGTTTGCCGTCACGATAATAAGAATTACATTCTGTTAGTAGAGCAAAAAGCGGTGGGCCTTGTGGCCAACCAAGAATACATCATCATGGAAAAAGACACGGCAGACACCCAAAAGATGCCGCGAACTCTTCAGGGAAGCTTCCCAACGGGCGGCGCAGATCTGATTTTCCCAAGCTTCTGGAGACCCACTTCAATCCCTTTGAATTCTTGCCAAGCTGAAACGCCGAAGCTGCATTTGTTCAGCGAAGTCATTCGTGAGTTCTATGTAAAAACCTACTTCCTTGCGGGCGATCCTAGAGCGATTCAAGAAGACATCGAAGATTTAGTGAAACGTGGTGATGCAATTCCACTGAAAATGCGTGTTTTGTGCAAAAGCGATGACTTCACGGATGACATCACTCTTTGTCACGAACTGACTTTGTTAGATAAGCTTATCCCGATTGATCCGAACGAAAGATAGTCTGTGAAGTATTCTGTTTTTGCATTCGTATCACTTCTGGTTTTCCAAGCATCCGCGCGTTCGCCGGTGGTGAAAATCGATTTGTCTGGATGTCAGTGGTCTACTGCTGCGAATTTTTCGGGAACTCTTCTTGAGTCTCAAGGCCGTCACTATGTTGTGACATCGTCTTGGGCACAGATGAGTGCACAAATGCCTGGGCCTCGTTGTGAAAAAGTTTTTTCAACCGACGGAGAGCTCGCTGTTCGCCCGGTGGCGACGGATCACCTTGCGGGACTAGCTTTGTATGAAGTGCTTTCATCCATTCAAGGGTTAATTGCACCTCAGGGTGATTCACAGTCAATCCAAGTTTGGCAGCTAAGTGAACATGGCCTGCAATCTTTCAGCGGTGATATTGTCATCACTGGAAGTCGCAGACATCAAATTCCGGCATGGGATCGTTTGCAAGAGTGGCAAGGAAGTGCCCTAACAGCCGGTACCGTGGGTGCAGGACTTTGGAGCGATAGTCAGTTCCAGGGAATTGTCAGTCATCAGTATTTAGAACTTATTCCTGGTGCTAAAACCAAAACTCAGCGCTGGGATCTTAAAAAATATCTTTCCCAGAACCATGTGATTGTCATTTCTGCGAAAGATGTTTCGACATGGTTACAAAAACAAATCGCAAATCCTGAAGAACCCATCGTATGGCGACCTGAAGATCAAAGAGCAGGAATCGATCGCTGGGTTGTAGGCGACTTAGAGCTGACAACTCTGTGCCCGGATGAGTCTGACCCAAATCCAGGCGGGCAGTATCCTATCGGTGGCAATGATGGTTTCGGAATCGGCGGAGATTCTGTTCTGAATAAAGCCTGCAAAACGGCCGTTGCGATTTCAAAGAGTGGCAAAACTTCTTGGATCCCGCTATCGCTACAAACTTGGCAAGCTCAATCGCAAACGGCGTTGGAGCAACAGCAAGACGTGATATTGTGGTATGGCTTAAGTCGTACTCCGCAGGGATTAGTTAGAGATTATATTTTCTCGACGGAATCCTTGGTGAAGAGTGCCTTAGACGGTAATAAAAAATGGATCGATCAGATTCCGTCTTTCACGCCACCTGCAAAATTACAACCTATGATAACGAGTGCGAAAGATCTGCAATCGCAAAGCATGCATTGTTATGATCAGCTCTTTATTCGCGAGCAAAACGTGCAAGAGCTTACAAGAAAACTATTCTTCTATGCAATGCTTGCGCAATCTCAAGCTTGGCAAGAGCTTCAGTCTGAAGACGTGAGCTCGATGATGGATATCAAAGGAGCCTATGCTCAAGGTTGGAAGGCTCTTTTGTGGGAAGGTACTTGTAATACTCCTCGCCTTCGCGAGTCTGCTGAAAAATTCATGCTAGAGCATCAAAAAGTATGGGCGCCTTAAAACTTTTCTTTTTATTTCTAATTGCGCCGCTTGTGATTTATGCGGCCACTCCTTCAGAGTCGGTCGTTAAAATCACGTCGTACTATAGTACTTCCAGTCTGCAGCCGCGTCTTGGCTCGGGCTTGGTGATTTTGTGGCAGGGGCATAAATATGTTCTAACATCTGATCATGTCGCTTATCACTCGAATCGCTCATTCACTCACGAGATCACGGATGAACAAGGCCACAAGCAGACTTTGGAATACTTTGTGTCGGATGCGGGGCGGGGATTGGCGCTATTGCGATTTCTGACTGACGATCCAAGCTTTGTGCCTTTTGACCTGGGCGCTCAGCAAGAAGACGTACCATCTTTGAACGAGCACATCACCATGATCGGCTATCCGGCGGATTCAGATGCGATGTTGATAGATAAAAAAGGTCAGTTGAGTAACATAAAATTTCCGTCAGAACTTTTTGTCGAGCTTCCAGAATTGATGGAAGTCAAAGGCGGTTACGGCGAATTCGGCATGAGTGGTGGTGCGGGTTTCTCCGCAAGTGGTATTTATCGCGGTTTGATTTCGCACCAGATTGTCAGTGGCAGCAATAATACGCTTCTTTTGATTCCGGCAAACGTGGTGCAAACTTGGTTGGGCAGTGTTCTGAGTGCGGATGGCAGTCTAAAAAGTCCTTCACCTATTACTTTGATTCAAGATCCAGCTCAGCAGGTCAGTGATTTTCCCTCTTACCGCACAGGCAATTTGTATTTTGCATTTTCTGAACCTTTTGGGAAGGGAATGGGATCGTCGTTAGTCGTGATGGCGACGAAAGACAAAAACACTGACACGGTTTTTGGTGGTGATCAGGGGTCATTTGCAAATCTAGTTTTTAAACCCAGAGTTAGTTTCAGCTGCATGGGGTTTCGCACGAAGGAAGTCCTTGGTCGACATTTTGGATCTGCAGGCTCATTGAACGGGTGGTTGCGTTTAGCACAGAATCCGCAAATCGAGCCGCTCTGGATTTATGAAGGTATCGAAACCGTCACGAATGTCAGGAAGGCACGTGCTTTGCAGCCCGATTTTGCAAGACTTGCAAGCGAACTACGCGGGCTTCAAGCTCAGCAACTGGCAAGTTATTTAGGGCGAATTGCAACTCTGTTGGAGTTTTACTCAAGGGGTGACTCTTATCAAGATTCGATGGATGAAAATGCTCTTGGCAATTGGCGCTTTATAAAACCCAAAGATATAGATTATATTTTGCACGACGCTGGCCTCAAAACAGAATGGCAGAAGCTCGCAGAGGTATCTTTAGAAACTCGTGCTCGTCAGAAATTGAATGAGCTCAGAGCTGTGATGGCTGAACTGACTTATTAGTTTTTACCCAACCCTTTTCCTATGCCTTTATGGTAATTATAAATTACCTAAAGAGGCATAAATTAATAAAGTATAAATATCGTCAGCGAATTTATTGAATTAAAATCCATTACGAAAATAAATCCATAATTTTTAAAAGGATTTTATGAAGACTCTATTTTTATTGATCGCGACGGTATTTTTAGCAAACACAACTCTCGCCGCTGATGCAAGTGGTGGTGGAAGTCCGTTTATTCACAGTTCTGCTGTTCTTAAAACTATTTTTGAAAGCCCGTTGGTTTGGCAAAAAATCTTTGGTGGAATCGAAAAGATCACTTTGGTTCAACAAAATCAAAAAACAGCAACCTATCAGGTTTCAACAATCGAGATGATTGAAAGTAAAGATGATCAAGGTGTTACAACCGGATGGAGTAAGGTGGCGTGTAAAGCTGTTGTCACTGTGACTAATGTTTCCTCTGACGTCTTTGTGCCGAAACTTGAAGTGACAAAGGTCGATCTCAGTAGATGCCCTTCAGCCAATAAATAAACTGGATATCTTAGCACTCTCACCCCGCATTTCTCCGTGAAAATCATAAAACAGGGTGATATAAAGGGGCCTGCTTAAATATCGAGCAGTTCAGCTCGAAAATTTTAATAGGATCAGTGTCTAATGCCAGAACTTCCCGAGGTCGAAACCGTTCGTAAAGGTCTCGAAGAAATTTTAAAAGATCATCCTGCGATTTCAAAAATTGAACTCAAGCGCAAAGATTTGCGCGATCCTATTCCCGTGAA
NZ_CP178621.1_gap51	1927814	1932668	4854	CCAAGCTCTGGTCGAGGCCTTGCTGCAAGATCTGGGGGGCGAAGCTGTTGCAGAAACTTCTCGGTATGCGGTCGATGTACGTGTGATCAATGCCATCATAAGCGCCACGGTAAAAGTTTTGGGCCAGTTTGGTCTAAGTGAAATTAAAATGGAAAAACCGCAAATGAAATCCTGCCAGGACCCGGTGGGCGGATGTATCTCGTCGGTTTTGGATATTATCAGTCAGAACTTCAAGGGACAGCTTAGTATTTCTTTTGATAAAGGAAGTTTTTTGGAATTGGTTTCAAGTATGCTCTGTGAAGAGCAGACAGATATTACCGATGAAAATCAAGACGCTGTCGGTGAAATCAATAACATCATCTACGGAAATGCCAAATCAGATCTCGCTCAGTTCGGAGTGGCTATGACTATTCCTAAGGTCGTACGTGGTGCGGGGCATGTGATGCCTTGTCCCGAGGGCTCAGCTTCGATGAGAGTCGTGTTTAAAACTGCAAAAGGCCACTTCTACATAGACGTCGTGGCCCATCCAATATAGCTAATTCTATTTCTTTTTCTTTTTAACAGGTTCTGGCGCCGGTGCCGGTTGTTTAAAGGACCTCGCGTAGAAATAAACTCCCGCCAAAATAAATGGAATGCTGAGAATTTGTCCCATGTTAATGGCCATCGTTGCTTCGAAGGCTTCTTGGTTTTCTTTGAAAAGTTCGATGACAAAACGAGCTACGAAAATAAGCCCAATGGTCAATCCGAAAACGCGCCCCGAAGGAAGTTTTGCTTTGTATTTCTTGTAGGTCAGCCACCCGAAAAGTGCGATAGCAAAGTAGCAAAGACTTTCATAGATTTGGGTTGGGTGGCGTGGCAACTTATCCACTTTTTCAAAGACAAAAGCCCACGGCACATCTGTAGGGCGTCCGATGATTTCAGAGTTCATCAGGTTGCCAACACGAATGAAGGCGCCTGTTAGGACCGTAAAAATTGCTACACGGTCAAAAACCCACATCACTGGGAACTCAGGATTTTTTCTCGAGAACAGCCAAATCGAGAAAAGAACACCAACACCACCGCCGTGACTTGCTAAACCGCCTTCCCAGATTTTAAGAATATCAAGCGGGTGGGAAAGGTAGTAACCAGGTTCGTAGAACAGGCAATGGCCTAAACGAGCCCCAATCAAAGTTCCTAAAAATAGATGAGTCAGAAGAGAGTCTAATTTTTCTTGGGGCTTGTTTTCCCAGGTGCAGACTTTGCGCATGCCCTGGTAGCCGATAAGAAAACCTACTAAAAACATAAGGCCGTACCAGCGTAGCTGCAGGGGGCCCATACTAACGATTGTCGGACTTACATTCCAAGTGATCATGGGAGGATTATGGCCTTCCCATGACAGAAACGTAAAGGATTATTTTTCAATTATTGGAAGAAACGCGGGGACTCACTTTCGTGGGACTCGCGCGGAACAACCGGTGCATGAGCATGTTCTCTTTTGATCTCGCGTTTGAACTCACGTTCTTTGACGAAATCCAGCACGAGTGTTGCGAGCGCCTGCTCCAAAGAAGATGCCGGGACCCGAGGTAGCTCTTGTTCCTCTTCTCGAGCTTGTTCCGCTTTTGCATGAGCTTTCGCTCCAGGCCAAGCTGCGGTGAAGCCCCAGATCAAAGCACCTAAAGGTACCACAACTAAAAAAAGACCGGCGCCTAAGGTCGCTGTGAAACGCACAATGCCCTCGCGGTCGTATTGAGTCGTCAGCTCAAGCACGCTCATAAAAAATCCGCCACAAAGAATAAGAATACCAATGACTCCTGCTAAAAGAAGAGCGGCGGGCTTGCGACTTTTGTAAGCGACTTCTTCCAAAATCTCCCGCGCTGTTTCTTTCAGGCTAGGAGGACGAGAACTATTAAACTTTCCAAGTAAAAATGAAACAAGAAGACTAAGCCACTGCATGATAACTCCTCAAATTAAAAAAAAGCCCCGCCTATGGGCAGGGCCTGAATATTTAGTGTCGATTGCCACGAATAAGCATACCAGCTAAGAAGCCGATTGCTGCTGCTCCTGCAACCGTAGAGAAAGGATGTTTTTTTACAAAATCAACGGATACATCCATGGCGTCTTCCGCACGAGCACGAGCTTCTTGATAAATATCTTGAGCGTTCATTTCGCCTTTTTTAATTCTGTCAGACACATCTGAAGCGACTTGTCTTGCTTTGTCGCTGGCATACTGAGCTGCAGATGATGCGGAATTTTTGAGTTCATTTGCTGTTGGTTCCATTTCGTTCTCCCTCGATAGGTTGGTTAAATAGACGACCTTTGAATTGAAGTCGGCACGATGAGCATAGATGTTGATAGTCAGTTTTTATTGACGTTTCTGCGATTTTTGCGTCAAGGCTTAGTGTTGTGCTGAAGTTAGAATTTGAGAAAAGTGAACAAGGAGGAATTTATGAATAAGGACATCTTTGAAGGAAAGTTTAAGGAGATCTCTGGGGAAATCAAAAAGAAATTCGGCGAGCTCACTGACGATGAGATTCGTAGAACGAAAGGAAACGCCGAGGCTTTGGCTGGCGTCCTTCAACAAAAATACGGCCGAAGTAAAGAGGATTCTGAAAGAGATGTTTCAGACATGCTCGGCACGCTTGAAAGAAAATTCTCTCCTCAAAAAATTTCCGATGCTGTGAATGAAAAGGTTGATCAGGCGAAAGCAAAATTTAAAAAGTCCTAGATTCGACTCTGTCGATATTCTGGACACTGTGCCTGCCTTGGGGAGCTTAAGGGGTTGAAACCCTTGTTAAGAACTCATTAATAGGCCCCCAGGTGGCATAGGCTTTGTAAGCATAGGTCTGTCGCACGTGGAGGACCTATGCTTACAAAATATCTCGTCTTGTCGGTTTTTCTTTTTGGTACCTGGGCTCAGGCTGTGAGCCCCAAGGTTTACGAAGAAAAAAATCTTCAATATCTTGATATCAAAGACGGTAAAACCACGTGGGTGCAGACGGCGACTGAGTTCTTTCCCATTGCTTCGGCTGCAAAGATTCCTGGCTTTGTGGATCTTTACGAAACAACTAAAAACAAAGTGGGTATTCGCAGTTACGTGGTCGTAAGATCTTCGTTCTATTTGCCTTTGTCCTTGGATGTAATTCGTACTAGAATGTCGAATCCCAAGGGCCTTTCTGATTACTCGCAGAATCTAAAAATCCAATCGTGCAATCAAACCCAATGTCAGGCTGAAATTAAAACGACTTTTGCAGATTTGCCTTTGAACGTGGCTTATGGTGTGGTCGATAAGAAAAATGCTAGTGGTAATTGGATTTCCGTTTTTACCTCTCTTCATAATCCAGAGTTTTTGTCCGTACAGAAATTTACAGAGATCGAAAGTGTCTTTATGCAAGGAAGCAGCTTTTCTGCATTCTACCCAATGAGTGCAAACCTGACCTGGGTTCAAAGTTATCAGATTTTCTCGATAAAATCCTCGGCGTATGACAAGGCCGCTTTCATTCCTTTCTTTAATTTAGAGAAAAACATCCGTTCGGTCATCAGAACCTTGCTATTGGATGCGAGAAGCTCCATTTTGCAAGAGCAAAAATATACGATGCTAAGCTTTAACAACCGCATGCCAGCGGCTTCTGGATACGATAGCGACCTCTATTTGCAAAAGTCTTATAAGCTTTTTGATACTGAAGGTGACGAAGCCTTGATCGAGCGTGCCGAGAAAGTTCCATTTAACGTTTTAAAAGCTCTTTTCGAGGAGGAAAACTTTTCTCATGCTGATGATCCTTGGTTGCCTGAGCCATGGGAAACCGTTGATCCTCTTGCAGGAAAAATGGCTCAACCTCTTCATGCTCCTGGTCCTTCAATCCAAGGCCGTGATAAGCCAATTGATATCGAGCGCTTCTCGGAAATGCTGGATCAAGTCCTTTTAGAAGAGACTCAACGGGGTTTAAAACCGTTTGTCGGTTTGTTTCACGAGTGGTCTATGGAGACTCGTCAGAAATACGAAGGGCGATCGGCCGTTTTAGGTTTCTCTAAGCTTTTCATCTGTCTTTCTCTCGGTTTTTCAAATCGGTTTATGAAAACGGGCAAAGAAAGAGATCTGTGGAATTGGATGATGGAGCAAGACTATAACAGCATCACATTCCCCGAACTTTTCCGTGCTAGTTATCGATTGCATCGAGGAGATGTCTACTTAGCCCTGTTAACTGTCGAGAATTTACTTTCAGCCAACTGGCGATATACAAAACGTGAAACTCTACCTGCAACAAAACGTCTTCGTCCGATTACTAGCGGGTACAATTACGACGGTGATCGCTTCGGAACCTGGTACCATTTCTTCGGAATGATTCTTTATGGATACAGAACGGGCAGCGGTATGAAATCCAATATTGTTGGGCGTATCGAGGCTTTAGGGTCTAATGTTTTGTCTCCGACTTTGGATCAGACACAAAAACAGTGGTTCAACAAACTGGGCGGTTATATTGGTGATGATTTAAAAGAATCCGTCCTGACGGGTCGCTATCTAAAGCGTCCATCACGACCTCATGTTTTAGCAGAGCCTTACTATTTAAATAGAAGCGAAGACTTCAGAGATCGCTTGCCGTTAAAGAGTAGCCCTGATTTGCAAGTGAAAGTCCGAGACGCCTTCGGCGGAGCCGATTCGGTCTACGTACAAGTTAGAAATAACAGCAACGAAGATCTTGTGGGTTGCAAAGTGGATGTGTTCGTAAATAATGGGACTGGATACTATGCTCCAGCCAAAATCAGCCGTGATGATGTGACCATCAAGGCGAATCGGAAATTTGAGTTGAATGTGTCAGGCTCGGAGAAGCGCTGGAAGCCTCGAGCGGTGCGAGTGTTTGTGGAGCAGTGTCAGCAGGG
NZ_CP178621.1_gap52	1961810	1963572	1762	AACAGTCTTCACAAATCAATTCATGAGTGTCACAGCGTTTGCATTCAACTTTGACATTAGAAGGTTGTCCGCAGTGAGGACACAAACCGTACTTTGTTGTTGGTTTGAGGTCTTGATCCAAAGCCACACGATGATCGAAGACAAAACATTCCCCTTCATATTGGTCGTTCGGGAATTCTTTTATATAGTTAATGATGCCGCCATCAAGTTGGTAAACATTGTCGAATCCTTGGCGTTGCAATTCCAAGATGCCTTTTTCACAACGAATGCCACCAGTGCAAAAAATCAACATCTTCTTATCTTTAGCGATGTTGTGCTTTTCAACGTATTCAGGAAACTCCGTGAACTTATCAATTCCAGGATTCACGGCACCTTTGAATGTTCCAATTTTGGTTTCATACCAATTGCGCGTATCTATTAATAGATAGTCATTTTCTTCTTTCATGACTTTGTTCCACTCAGCCGGAGAAAGATGATGGTTCTCTTTATAGTCAGGAACCAACTCAGGAGTTCCGAGTGTCACGATTTCTTCACGGACCTTTACTTTGAAACGACGGAACGGAGCTTTATGAGATTCTGAATCTTTAAAGAACAAATCCGGCTGAGAGAAATAGTCACGGACGAATTGTTTGAATTCTTCAAAGTTTGCCTGAATCGGGCAAGACACCGTTGCGTTGAAGCCCTCAGTCCCGATAATGATCAGACCGCGCACGCGAAGTCGTTCAGCAGCAGTTTCTAAATCGATTTTGACTTGTTCTGGGTTTGCAAGCTTTTGGAACTTATAGAAAGTCGTAACATAATAGTTCAGGCTATTATTCTCGGGAACAGACATATTTTTACCTCAATGATCCTTCCCTGGCTCCAAACCAAGGGGAGTTGACAGTTTGTGCAATGTATAAACGAGGACTCTGGGGGCGGTCAAGGCTTGTCTTGCAGCCAATTCCCTTGTCCCAGTGATTTCGATCCTTTATAACAACTCTTTGCTTAATAAGTTGAAGGGTAAACATGTTAGCCACGCCTGTTGTTCAGAAAGAAATTCAAAGACGCCGTACCTTTGCGATTATCTCGCATCCCGATGCTGGTAAAACCACATTGACCGAGAAACTGCTTTATCATGGCGGCGTAATCCATGAAACAGGTGAGGTTAAAGGCAAGCAAGGTTCTAAGGCCGTAACATCTGACTGGATGGAGCTCGAACGTCAAAAGGGGATTTCGATCACGTCGTCTGTGATGACCTTTGACTACAATCAATTACGTGTAAACCTTTTGGATACTCCGGGGCATAAAGACTTCTCCGAAGATACGTACCGCGTTTTGATGGCGGTCGAATCTGCTTGTATGCTGATCGACGTTGCAAAGGGCGTCGAGGAGCGTACTAAAAAACTTTACGAAGTTTGCCGTCTTCGTCACATTCCGATTTTCACATTTGTGAACAAACTTGACCGTGAAGGTAAAGACCCACTGACATTGATTGATGAAGTCGAAAAGACTTTGAACATGCAATGTTATCCTGTGACTTGGCCTTTGGGGATTGGTCAACGCTTCCGCGGTATTTACAATCGCCTGACTAAAGAAATTTGGATCTACGATCAGCGCCGTGAAGAAGTCGAAGACTACAAAGTTATTCCATTTGAGCCAGGTAAAGACGATGCGATTCTTTACGATTACCTCGACAAAGAATCTGCTGATCAGGTAATCGGAGAGTTGGAACTCATTGAAGGAGCTTTGCCGCCATTTGATGTGCAGGCCTTCTTGAATGGAG
NZ_CP178621.1_gap53	1989470	1991908	2438	CAGGAAGAATTGCCTCCGGTCTTTAAAGCCATCGTTGATAAAGCCGCTCTCAAGAAAGACGTTTACGAGAAAATCGACACTGTGACCTCAGAGCTTGCAACAATCATGACATACTCGGGGAACTGGACGACTTTGGAAAAAATGTTTTTCCCCCGTGGACATAAAGAAGTTGCGGGCTCTAAAACCGGAGATTGCAAAGACTTTGCGACGTCAACAGCCGCAATGCTCAGAAAACTGGGTATCAGCGCCAACGTCGCTTTAGTTGGACGGAAAAGTCCTTATGATCCTGGCCAAGTGATACAAACGACGGCTCTGAAAGAAGAGCTCGCAATGCCATCTTTATTTAACCACGCCATTGTGCGTGTGGAGCTACCTGCGAAGAAGGTCCTCTGGGTGGATCCGACAAATGCGGTTAGCAACTCGCGGTTTTCCAATTCTGATATTGCTGGTTCTGCCGCTTTGAATGTTGCGAAGTCGACAATAGCCATCGAGAAAGTGCCATATTCTGGTGTCGAGGACTCCGTTGTTAAAGTTGATAAAAAGTTGAAACTCAGCGCTGACGAAAAAGGCGAGAGTGAAGGTTCTATTTCAATGACCGGCTTTTTTGCTGTGAGTGTCATGGATACGGCCTTTAGAGAAGGGGCAAAGAAAGCCAATCAAAATGTGGGGGATATCTTTGGGATAGCGCTAGAAGATGTCGGTGAAAGTATCAAGGCGGATTACAAATCCCGTATCGCCCAAAATTTTGAAGCCAAGGTAAAAACGTTCGGCGAAAAAGTTTTCGCGGAAAAGGAAAATAAGGAGTATTTGTATTTTCCTCTTCCACCTTACTTAAGCATCTATTTTGCAGGGTATGCTCCAGGTCGTGTAACTGATTTTTATGCGTTCGTTAAGAGCCGCTATGAGGGGCGTACCGTAGTTGAAGGCTTTGATTTCGTTGATACTGAGAGTTTCGGTTGTTATGCCGTCAGCCCTTGGGTGGATGTAGAGCGCCGTTTGGTCAAAAACGAAAAAGGCTTTGAAGTTATAGATCGTGTTACTTTTAAGAAGGACATGATTCCAGTCGCGGAGCTAACTGATGAAGAGTATGGCTCTTCAATGAGCGACATAGAATCTTGTGTTGGTGCGCAAACGGTACAAGTCCAAAAGTTGACTCCTGGTTTGACTCTGCAAAAGCGCCTAAGCCGTTTTACAATGACAGAGATTAAGAGGCTGGATGGCATCAGCGGGCCTGGCAGTGTGCGAAGATCCATGGAAGTTAAAATGATCGCCGAGCACATGCTGCAAAAGAATCCAAAAGACATGGATGTATTGATTGAAAAAATACGCGCCGAAAGATTTATCGGCTATCGTCAAGGAGCGATTATTGGTCCCGTATTTGTAGAGTATGCGGATCGTAGTATAGATGACATTTTGTCCAAAGACCCAAATCAACCACGAGCATTGATACAAAAGTCTTACAATATGATTTACGGTCAGAAAATGGATCAGGCTAAAACATATTTCACTAAGGCTTACTATGCCTCTAAAGAAAAAACCTTTGAGTTGTATAGGCTTGGTGGATATCTATCGTCTACAATCGCGAACTACTCGGTTGCCGAAGGGTCTTATTCAAAAGCTTTGGCATTAGCAAAAACAGACGCGGAAAAGGCCCATGCCTATAGAAGCTTGGGCGGTGTGTATCTGGATCAGAAAAATCATACAAAGGCAGAGACCTACTTGTACAGCGCCTTGAAATATAGTCCCGACGATGCGTGGTTGATGAACGATATTGTTGTTCTTGCTCTGAATAAAAGTGATTATGACGGCGCTATTGAGGTCGGCGAGAAAATGTTGAAAGTAGCTAGTTTTGGTGTTGGGCGCATTAATGTTGCGAGTGCCTATGGCCGAAAAGCCGCCAAGATACTTAGTTCGAACTCTCAAGATGTCACCCGTTTTGAAAAAGCCGCGGACCTCGCGATGAAGGGGATGAAGTGGGATGAAAAGTCAGTGGATTGCATGCTTGCGCTTGGTCAATCCCTACATGAGACCGCGGCTCTTAAAAAAGATGTTGGGTTGATGAAGAGATCTATGGATGTGTCGATTAAAGCCGTCGCCCATGCAAAAGGACCATATCAGATACAAAAAGCGACCGAGGTACTTAATAAGGCGAGTGCGGCACATTCTCAGATGATGCGTGATTCTATGAGAAAGCCAGCGGGTGAGTAATAGGAAAAAACATCTCCTAGCGGAGATGTTTTTTTAGGTTGTTGATAAGAGCCCAGTTCTTACACATCTTGTTTACGTCCGCGGGATTCACGGTGACGTAGACGCCGGATTCTTCCATGATTTTTTCAGAAACTAATTTCTTCTCAATGACTACATTCAATTCTTCGATGCGCACAAGGCGGCCAAGTTCTTTCATAGAGTCATTTTGAACATCGTTCACGTTAATCTTG
NZ_CP178621.1_gap54	1997239	2000146	2907	CTCCTGTTGCTGCTCCAAAAAAAGCAGCGGCTCCGCAAAAGCCTGAAGCAAAAAAGGCCACGGAAAAAGAGCTTAAAAAAGCAACTCCTGAGCCTGCAGCGGCGAAAGCGGCGGCAAAAAAAGAAGCGAAGGCGAATCCTAAGAAGGGCCCGAAAGGCGCTAAAAAGGATGAGACCCAGGAAGAAGACGACTACGTCAGTGATGACGACTTTGGTGCTGTCGATGAAATCGGTGAGTACGAAGAGGAACTAAAAGCCGTCGAAGAGTTGGATGAAGAGGCCGTAGAAGACGAAACTTGGACAGCTGAATCCAAAGATAAAGGCGATGAAGAAGTTATTCTTACTGATGCCGAAGGTCGCCGTTATTGCCGTTCTCGTGATTGTGATCAAATTGGTATTGTAGATGGCTACTGCCGTTATCACTACCTCCTGTTCTGGAAGAAAATCCAAGTTCGTAAGAAGATCCTTCAGGACGGTAAACTTGAACGTTACGTGGAAGAGTTGACTGCTCGTTATCCAGATAAGTTCTTAGAGATGATTCGTCGCGATCTTCGTACCGAGAAGGACTTCTTGGCAGCCATCCAAGAACTTGAAATCGACGAGAGCGCAGGTGAGAACGAGTTTGAAGAGGATACAAACGCTTATATCGAAGAAGTTCGTGGTATGGGCGAGGGCGGTGGCTCTGGAGTCGAAGAAGAAGAGTTTTAAGCCTTTCTATCTATATAGATATATACATGGGACCCATTGGGTCCCATTTTTTTTGCCTTTTGACGTCCACATTTAATACACATTAACCAAGTGTTCGCCTTATTCGTCACTGTCTCAGAATGAGACGCCCAGGGAACAATGTGGTCGAGATGAACGTGCCAACGCGAGCATGGATCTTGTAATACCCTCAATTGTGACGATTTAGATTTTTAAAAAAGAGGTTAATATGAAGAACAAATTCTTAACGTTTGTTTTGCTTTTGTCGACGGCGATTCTCACAAACTGTGCGAAGAGCGATAGAAGCAACAATAACAATGTAAATGCTTATGGTGGATCTTGCGGAATGGCAGGATATGTAAGCACAACATACGGATGCGTACCTCAAGGAAACTGCCCTGTAGGTATGGGACAATATAACGGCACATGCGTGGCTGGTGGCAACACAGGTATTATGGGTGGTAACTGCCCAGTAGGATCTGTTTCTACGAGCTACGGCTGCTTACCACAAGGCGCTTGCCAAATGGGATATGCACAATACAACGGTACATGTATCCAAGCTACTATGGGTGGCGGATACGGTGGTTACTGCGGTGCTGGCCAAGTAAAAACGGCTGCGGGCTGCGTACCACAAAACACTTGCCCAGCTGGTTACGGTTACGCTGTAGGTAACTACGGTGGATCTTACGGCGCTTGGTGCTTGCCGCAAGTTTACTAAACCACAGGACTGTGGTTCTTAAGAGGATTTAAAAAAAAGGCCCCGCTCTGAACGAGTGGGGCCTTTGTCTTTTTTGGAACGCCTTCTGATTGGGAGGGTGCTAACCGGGATTACCACATTTGGGGGAGGGACCCTGGTCGTTCACTTTCTGTTCGGCTCGGGGAAAGCCGATCTTTTGTGTGCAATCTTTTAAATCTTGTTGCGTTCTTTAGACCACTTAAGCTTTCGCCAAAGTGGTCCTTAGATTCTTAGTTGGTAGGAGCAGTGCCATTCTGAAAGCTTTTAAGAACACCAGTGACGGTGATTCCATCTTTGCGATTGGCGACCCATTTAGAAAAACCAAATGGAACTTTAGAAACCCAAACGGTGCCAGTGCCGTCTGTATTCGTAACGGGAACTGCACATGAAGCGAAGTCACCAGCTGGCGAATTCACAGTTTCTTCTTTTCCGCCACGAGCAGCGCAGTTGCCCAAGATCGTATCGATCGTAGCATCATCCAGAAGATCCTTAGCTTCGATAGTTTCTGTTTGGGTTTGTTTTTGTCCGTTAAAGTCTGTTGTTGAAGTCTGTGTCCACGAGTTCGTTGCTTTGTTGTAATTTGTCAGCTCAAAAACTACTGTGCCAGACATGCTTTGGCCGCCTTTGGCAAGAGTAACGTCGTATTCTGATTTATCACCTAATGCTGGTGTAGCTTCGGCAATCATTGATGCAAATGTAACTGTGAGCAAAGCAAGGCCGCTTTTCGCTAGAAGTCTCATGGAAAATCCCTCCGTGAATGTTTAATGGAAACAAAATTCTTCGCGAGAGTGGTTGATTTAGCAATTCTGTACCTGTGGCGAACTCTGGAAGATTTGGTCGCATCGAAGTCTTCGTGCTTTGCTTCGAACGTCGGATTTGGTTTGAACTAAAAAGCCTTTGGGTTCTCCCTCCGTGGAGACGGGCGTCCGGCCCTCACGCAAGCGCCACGCCTTTGGCGTGGTTCGCGCCATCGTGGCGCCGCTTGAGCTCCACTGCGTGAGAACCCAAAGCCCTCTGGCTGAAACCAAATCGTCTTCGAAATTTACGTTTGTGTTTTCTTTGCTTTTAATGAACTCGGAGAGTGAGGACGAAAATTAAAAAACCCACATCTTTTTTGGATGTGGGTTTTTGTTTTTGATTAGGTTTGTTGCGCGAATTATTTTGAGAATGCTGATGCTGGGTATTGGTCGCTTGGGACTATTGTTTTGATTCTTTCTTTGGTTAGGAATTTTCTTAATGTGAATCTTGGGTGTTCTAGGCCGCCGCTGCTTTGGCCTGGGAGTACGCCGATGCGTTCCCATTCGGCTTGGGCTGTTTCTGGGGCTTCGAATTGTAGCTGTGCGCCTCCAGATGTGTCTGTAATAAACCAGCCGTAGTCTTTAAGGGCTGTCAGAATGATTTTGATTGCGCGTTTGTTTTCTGCGCGTAGACCCGTCAGCGAGTTTACGTAGTCATCGATTTCCTGAG
NZ_CP178621.1_gap55	2097840	2099708	1868	CAAAGCGACGATCGCACTGGTAAGTACGCGAAAGTAAACCATGTTTCGGAATCTTTGGAAGACGGCCCAGAAGCTACGGAATACGACGGTATGATCTTTAATATGGGCGAATACGTCCATGAAGTCGTAGCAATTAATGCGCCTTTTAATCCAGCAGGACCTGAGGATGAAAAAGGCGACTGTTCTATCTGTGGAATCCACGTCAGAGGCGAGAATTTCGGCTATAACGAGGAGATGCCAGCGGAGAAGCCTGAGTCCCCATTTGCAGTTCTTAAGAACATTAAGTTGAATTAAGGTTGATTTTTGTCGATCTTTGGTTAAATTACCAAGCTTTGTAACGATTTAAAGAGGTAAAGACTATGCCAACTCCTAAAAAGAAAACATCCCGTTCACGTCGTGACATGCGCAGATCTCATGATGGTTTGTCTGCTCCAGCAGTAGCTGTAGAAAAAAAGACAGGCGAACTTGTACGTCCACACCGCGCTCATAAAGGTGCTGACGGCGCTTACTACTACAAAGGTAAGCAAATCAGCGCAGCTAAAGCGTAGTTTTTAAATTCTTAGGACTTAGGATTCTCCATGGCTGGAATGTATCGATCTCGGGTCGCAGGAACAGGTTCTTATCTACCACCAGGCGTTCTTACGAACGCCGATCTTGAAAAGATGGTGGAAACCAATGATCAATGGATCGTTGAACGAACCGGGATCAAACGCCGCCATATGGCTTCTTCAGACCAGGCGTGTTCAGACTTGAGTCTGATCGCCGCTGAGAATGCTCTAAAAGACGCGGGTCTCACCGCGCAAGATCTTGATGCCATCATCGTTTGCACCGTTTCTGGTGACCAAGTTATGCCGAGCACCGCGTGTGTTCTTCAGCATAAATTGGGCGCTAGAAACATCATGGCTTTCGATCTGTCAGCTGCTTGCTCAGGATTCGTTTATGGACTTTCTGTTGCAGACCAGTTCATCCGCACAGGCGTTTACAAGCACGTCCTTGTTGTCGGAGCCGAAGTTCTTCATCGCTTTGTAAACTACCAAGACCGCGAAACCTGCATCCTCTTCGGAGACGGTGCTGGTGCGTGGATTCTTTCTCGCACTTCTACAGAAGACAAAAATGTGATCATGAGCTCTCACCTTCATGCTGATGGCGGTTTGGGTGATCTATTTGTTCTTCCAGCGGGTGGATCTAAAATCCCATTCTCTGCAGAAGTTCTTGAAAACAAAGGCCAGTACGTTCGTATGAAAGGTCGCGAGATCTTTAAAAATGCGGTTCGTACAATGAGCCACTGCTGCCAAGAAGCTTTGGATGCGAACGAAATGACCGCAGACCAAGTTGATTGGCTGATTCCACATCAAGCTAACAATCGTATTATCGAAGCGATTGCTGAATACTATGAATTCCCGAAAGAAAAAGTGGTCGTGAGTGTTCACGAAACTGGGAATACTTCAGCTGCTTCAATCCCACTAGCTTTCCAAATGGCTAAGGATGATGGACGCGTAAAACGTGGCCAAGTCATTCTACTCACCGCTTTCGGAGCTGGTCTCACGAGCGGTAGCTTACTCATGAGGTACTAATTTATGATGACTCTTTTATTTCCCGGTCAAGGCAGTCAACAGCCTGGAATGGGCCGTTTTCTATTCGAGAACTTCAAAGCTGCAAAAGAAACTTTCGAAGAAGCTAGCGAAGCATTGTCTCAAGACATGAAAAAACTTTGCTTCGACGGCACCGAAGCAGAACTTGCTCTGACAGAAAACACTCAACCTGCTCTTTTAGTCGTTTCGACAGCGACACAAAGAGTTTTGAAATCTGAATACCACTTAAAAGTTTCTGCAAGTGCTGGCCACTCGATCGGCGAATACGCCGCTTTA
NZ_CP178621.1_gap56	2215294	2216070	776	ATCACAACCGGTTGTATCATTGCTCGGAACCAAAACTCCGTAACCAAGAACCTTCGAAGCGTTTCCGCCCTTCAAGTTTAGTAGGAATCTATAAAGTCCATTTGCATCGATGTTTTCACTTTGGTCTTCAGCATCTGTTAGGAAGATCACCGCGATAGAAGCATCTTGACGATAGAAACCGTTATTCCAGCCTGTCAAATTAGGAGGAGACAATGCTGCAAATACCGGATCAAAGCTTTTCTCGTCAGCCGCGCCATCAGTTCCTAAGACAAAGTTTGCCGCAAGAATTTGATCCGCACTCGGAGTCATCTTATTTACAACACGAACATTCCCAGCAAGCTGACCGCAACAAGCTTTGCGACCACCCCAAGAGTAACCGTCCATATCCGTCGTCAAAACACCAATGTTGTAATCTAAGACAGAAGACTTCGTGAATGTAGAAGTAAACTTCGCCACATTCGTCGCCAAATTTCTTTGGTGAGTCGCCATACTGCCTGAGTTATCAACTACAAACAAGATATCAACTTTTGGATCAAAAACCTGAGTGTTGTCTTGAACAACTTTTTCTTCTTGGTTTTTTGGTTTTAGGTACGCATCCGGAGTTGCAGGAGAGCATGCCGCCATCCCGAATCCCAAAAGCGTTAACACTAATGCATGTTTAAAGTTCATGGCCTACCTCTTAACCGTACAAGCTTTTTTAACATCCACACGGTAGTTGCTAAGTTCATCAAACCAAACTTCATCATCTGCTGGGAAACTTACAGTTTCAGCGACGC
NZ_CP178621.1_gap57	2217653	2221172	3519	AGCGCATCTCTAGACGAGTCGAGAAATGTTTGCTGATCCAAAAACCAAGACCACCACCCGCTGTCATTGTTGGAACTGCGCCAGATTTAAGCTCAGTTTGGCCATAACCACCAACAAGGTAGAAATCGAAGTGAGCAACGCTCTTATCAAGCAAATTCATTTTTCCGTAAACAGGAGCCCAGTTCACCAAAGCCATCATCTCTGACTTTTGGTAATCCATTTCTGGAAAAGCTGCATCTGGGTTTGCTGGATTTTTTTGGTACTCGGCGTAAGCTTGGTCAACCATAGCTTCACCCTCTGGAGTCAGAGAGTTAAAAGAATAATTGTACTTTGCACCAATCGCCCAACGAGGGTTGATGTGGTACATAGCATTCAAGCCTATGCTCTTCGTACGAGAGTAAGTATCACCACCAAAAGTTCCAGAGAACTCAGGGGCAAATTCCACTCTGTTTGTCAAAGGCACGCTTCTGTTTTGAACAATGCTAACGTTCTTCTCTGGCTCAAGAGCTTTCGCTTTGTCCAAGAAGATCTGATTTCCACCCAAAGCATCAAACTGAGTCTCTGTGCTGTCCGCTTTCGCTTCTTGCTTCGTCTCTTGCTTTGCTTCTGGCTGAGTCTCAGGTTGAGTTGCCTTTGGCGCCGCATTCGCAGCTACCGCAAACAAAACTGTCGTAGTCGCTAAAAGAAGTTTTTTCATTATTTACCTCCCGCACGAGAAATGCTCACTGGTGGAGCAGAGTTTACTCTCATTCTCAAGTCGAATGTCTGAGGTTTAGTTTGTGTATCAGATCCATCCTGATTTCTTGCCACAACGTTTGCACGCACTGTGAAATCACCCGGAGCCATCATGAAGTCTGGAGCCCAAATCATTTTACAAAGTTGTTTAGAAACGCCCACACCGCTGCAAGAGAAAGTCGCGCCCGCAGGAGCTCCTGTAAATGTCGGAGTTGCAACAAGCAATTCTTCTTTAGGATCATAGATCAAGAATTGATGTTCATCTTTAGCACCGATGTAGAAATCCAAAACGTCAAACCAAGTGCTTTGCAAGTTCGCAAATGAAGTCAAAACATTTACATAGACGTTTTGTTTCATGCTTTCTTTTTGGAAGCGAGAAACCGCCTGCAATGCAAAACCGAAGCTGCCTTTAGACTTTGTCAACTCAGCGTTCGTTAGATCAACCTTGATGCTCACAGCGTATGTGCCACCGCCCATACCTACTGCAGACATACTCGTGAATGTTACAAACTGAGAGATATTGCCATACCCCAACAGTGGGAACGCTTGAACCTTTGGCCAAGTTGAAGCGTCAGCACCAGCGTCTCTATCAACAACTTGGAAAGTGATGTTTGCATATTCACCTTCACGAACAGTGATGCTCGTTTGAGAAATTGCAGAAATCTCTGGATCTCTCAAAAGTTTGCCGATTTCTAATCTTAAGTCCCAACTTCTGCGTTCCACAGGTTCGTTAGGTTTTTCACCAAGAACCAAAACTTTAAGGATTTTCGCTTCAGTCGTATTTCCATTTGCGCCTGTCACAGTGCCAGCCGGTGGAGTCCATACGAACTTGCCGCTGGTAGCGTCATAACGAGCACCTTGAAAGTCGTTCAAGTTTTCAATAAGAATTCTCGTCGCGAATCCACCTTTTAGGATACGAGACTTCATTGTGAATTCGCCTTCAACACCTTCGCGGAAAGTGATGTTTTGCGGAACATCTAGACGAATATTTTCGCTAGAAGTTGCGTCTGGCTTCTCGTCAACAGTTGGCTCTTGTTGGGCGTCTTTGAAAAGAGCATTCTTTTTCGCCAAAGGATCTTGATCCCAGCTAGAAGAACATCCAGCAAGAGTCCCAACCAATAGTAATGCACCTAAGAAATATTTAGTGTTTTTCATATTAACCCTGACCTGCCCTTCTTAGAACAAACGGATAGCTAACTTTTACATCCACGCCACCTTGAGGAAGCGGGAATTGCCAAGTTTTAAGTCTCATGACGATGCAATCTTCAATAGCTTTTGAGTTGATGGTTGTGTTGTCGACAGAGGCTACTTTAACAGCGCCATTGCCACCGATGGTGAACGCAATTGCCACACGACCATTCAAGTTTGGATCCCCTTGCAGTCCCTGCTCGTAGCAGAAACGCACTTGACCCAAGTTTCTGTTAATAACTGCTGCAATCGCATCACGATCAAGACCTGAAGCGACTGTTGCTTCCTGAGCCAAAGCCATAGAGCTTGTGCCTGCAGAACCAACAAGGCTCAGTTTTCCGTAACCAGCTTGACCGCCGCCTTTACCTTTAGTGCCGTAACCACCAGCGCCTTGGATATTACCACCAACTCCGACTGGAGCTGCGACAACACCTTTACCGTAGAGTGAAGTTTGCACACCACCGCTACCTTGAGTACCGCCCAAACCTGGACCTGCACTTGTATTTACAGCGCCCAAATCAACGCCACCCTTTTGTTTGCCTTTAGACAAACTTCCTAGAACTGCCAAAGCCCCCATACGCTTTAACGTATTTGTGGTCTTTGTAACCGTTTTAGTCGGAGTCGTTTCTTGATTTTGGTTTACTACTTTTTGCATTTCCACTTTAGGTTTTGGCGGAATGCTCTTAATGATTTTAACAACTTCTTGCTTCAGGTTTTGTTCCATCTTCGCCGTCATTGTTGGCAATGTACGAACATAAGACATGAACAAGACTGTAAACAGCATCAAAGCTGCCAAGATCATGTACCAACGACGTTGAGTCTCAGCATCTTCTTTGTGGTCTTTCAAAGTCATGCCGACTTCTTCAACCAATTTTAAATGTCCAAGCCTACCAACCAAGAATGGCTTGTTCGCCAAATCTTGCTTAGTTACTTGACCTAGTTTTTCAAAAGGAATTTTCTTTTTTGATAAATGCTCTGTGCTTGGAACGATCTCAAGACGTTTTGTATCGCCTCGGCGGATCACCTCACCAGACTCCCCTGTCCAGTTGAAGGCTCTCAGAACCGTTCCGTTATTATCTTCCAATACCAGTCGTTTTTCCATTTAGTAACTTCCTGTTGAGCTTTTCAAACGATCTTTAAAATCCGAGCGAACACCGATCAAAGAGTCCAACACTTTGTCTTCTTCCACCGTCGTTACGGCTTCGTCTGAAAAGTGGTACTTACCTTGAACCAATAGGTCCTCGAAGTTATGGCTTGTGGTTTCAGAGCTACCAGAAGCTGGCAAAGCCGAAGCTGGAGCTTTCTTAGCGTCCTTCGAAGGAGCTGCAATCGCCACCGAACCAAGAACTGAAAGAATTAGAACGAATGACTTCATAGAACCCCCTTCTCAGAAGATTTCGCCAAATTTTCAATACGTGTTTGCAAATACTGAGTCATCGCTGTGTTCTCAGATTTCTTTTCAAGATCTAACAAAGCTTGAAGAGCTTGCTTATCGAATGGATTCTTATTCACAAGGCTTCTCGCCTTTTGAATCTCTTGCAAGCTAGGTCTTTGAGAAGCGACTGTCGTGTCTTTCTTAGTTACAACAAGGTCTGC
NZ_CP178621.1_gap58	2222506	2227391	4885	CTTTTTGGTATTGAACTTCGAAAGACTTTGTCTTCTTAGGGCTTTGCTCAAGGTACATATCGTAAGCTTGAGTTTCGTATTTTTCATTTTTAGAGTCTTCAGCAAGATCTAGCAACGCCACCAAAGTTGTTTCCAACTTGTCAGCCGTTTTTGGATCTTTGTCTTTCAACTGCATTTCGCGAGTCTTATTATAGTAAGTCCAAGCAACATCCCAGTTTTTAAGTTCCTTAGCTACGTTTGCAGCGTAAAGATTCATGTCCATATCTTCTGGGAAATTATTGATATAAACTTGGTAAGCTGCCAGCAGCTCAGCTGTTGGTGCTTTTTTCTCGAGCTGATGCCAAGAAACAACGAATTGACGTGAACGTCTACGAAGCTCGTCACATTGATTGCTTTGGCAAGACTTAAGCTCTTTCCACAATTGCATTGCAGATTCGAAGCTTTCAGCGCCTGCTTTTTTATTATTAGTATCAAAATGAAGTTGCGCCATGGAGATCTGAGCAGCCAAACGATCTTCTGGTTTGCTCATATAACCAAATACGAAAGTCCAAACTTTCAAAGCATCGGCCTTCTTACCGATTCTTTCAGCATCCAACGCCAAGCTCTTTACGTTTTGAACACGGACGTTTTCAGGACTGAGTTTGAAAAGACTTTCAATATCATTGCTGCTGATAGTGCTATTTTTCGCAATGAATGTTGCATAATCACGGCTGACTTCCTCTTGGAACTGAGGATCGATCTGAGCTTGGTTGGAACCATTTCTAGTCAACAAAGCTGGAGTTCTAAGAATAGTCTCCATTTGCTTAATAGAGCTTGCGATGTCTCCCAAATTGAAAGCACACCAAGCACTACGATAAGCAGCTAAACCGCGAGAATTCGCAGACGCATTTTTCAAAACATCTTGATAGAAGCCTTGTGCTTTTGCGAATTCACGGCGTTTGAAATAGATTTCTGCCAACGACAATTGGGCCTCTGCTTTTAACTCAGACGACCCACCTTCGTTCAGGATTTTTTGATAGAAGCTAACCGCTTTTCCTTCGTCGCCGGTAAGCTGATACAAGTGACCCACTTGAACCATAACCTTACCTTGAACCGCTTCAGGCGCACGCTCTAGAACTTCTGTATATAGACGAAGAGCTTTCTTACGATCAGCTTCCCCGGCTTTACAAGTTGTGCAACCTTGGTTGAGTTCATTCATGGAATCGTTACGCGCACGTTCCGCATACAAGTCTGCCAGACGAAGCGTCACGGCAACCTTAGACGAATCTTTCGGAGCTAAATGCTGATACACATTTTCAAGCTTTGTGATCAGCAAGCTGCGATTGTTGTCCTCGGACTGTGCAAAGACCGTTAAAGAAACCAAGAGACTGCTTAGAACTACGAAAAACTTCTTCAACATAAGTAATCCTTACTTAAGTTTTGCGATCCTTACTTCATCAAGACCGCAAAACGGATATCGCTAAAACCTGCGTGTGAAGCAGCAAGAACAATTTGATTTAACTGTTCGTACTTCAGACGACGATCACCTTGAATCATCAAAATGCCAGGATATTCTTCGCCTGGATGACTTTCTGTGAACTGCTTACGTAGTCCCAGCAAAGCTCCGACAAGATTATCTTGAGTGACTTCTTGATTCTCGAGGTAGATCTTACCTTCTTCCAATTTAACAACTGGATTTCTTTCCAATGTCGTTGCCAAAGATGCTTTCGGCAATTCTTGACCTTTTCCAACCAAGAGGATGTCTCCGGCGCTAGAAAAGCTCATCAAAAGGAAGATCACCAAGATCGAAAAGGCATCGATCAAAGCAGTTAAAAGAAGGTCCGCGACGATGGTTCTCTTCCATTTTCCATATTTTGGATTCAAAAGAGATTGCGCCCCTAAGGCTGAATGTAAAGCCGTTTCCTGTAATACACTATGACTGGCTAACATAACTCCTCCTTACAGTGGAGCCACACCCAGATCTGTCAGTCCTAACTTCTTAAACTCATCCATCAACGTAATGATTTCTTCATAGGATGATTGAGCTTGAGGTTGAATTAGAGCTGTTTTCAGATCGGGATCTTTAGTAGTTAATTGAGTCAAAACCTTCACCATTTCAGCCATATTCGTTTGCCCCTCAAGACCAGCAAGTTTCAAATTTGCTAGTGCTGATGGAATCAAAGAAGATTGCTGAACGTTGAGTGTCAGTTGTCCGCCCTGGCCCATGTAAACCCACAGAAGAGGTTTCTTCGGAGTTTCCGCCTGGGACTGGCCGCCAACTGCTTGTTTGACGTTCATCGAACCGATGTGCAACCACACTGCCGTCAGTAGCAAGAAACAGATACAGACGGACAGCAAGTCGATACAAGGGATCAAATTGATTTCAAAGTCCAAATGCTTATTGTGCTTACGCATATAATAACCTTTCGTTATTTAGCGAATTAGCTATTCAATTCAGCAGGAGCTTTTTCAGAGTGTGCAGAAGCACCTTTGAATGATTTAAAACCAATTGGCTCATAAGTGTAAGACAACCAGTTGAAAACTTTCAAAGCGCTATGATTCATATCTTCAGCCAAACGATTTGCACGGTTTTGCAAGATCGCGAAAGCTACTAGAGCTGGAATCGCTGCGATCAATCCGTAAGCAGTCGCATTCATCGCCTCAGAGATACCTGCTGCCAACAATGCTGCTTTTTCAGATGGATTTGCGTAAGAAACCGCTGCGAAAGACTTAATCATACCAGTGATGGTACCAAGAAGACCTGTAAGAGTCGCAACGTTACCAAGCATAGACAAGAACGCAGTTCTTTGATCAAGGCTTGCATTCTCAGCAATAAGAACTTCGTCCATTTTGCCTTGGATCTCTTCTTTGCCGCCCAAGAATTTAGCAGCTTTAGTGCCCGCTACAACTGCGCGTGCTACTGGAGAAGTTGCTTCAATCGCTTGTGCTTTTTGAATAACAGCATCAAGTTCACCGCGACGAACATTGTCTTCGAAGCCTGCAATTACTGCATGTGAATTCAATTTACGCTTCATGAATAGAGCGTATGTTCTTTCGATAACAATCGCGATAGACACGAGTTGAATTGCCAAAATTGGCCACATCCAGAAACCGCCGTGTTCAAATGCTAGTGCAATCTTTGATAGTAGATCCATTGTTGTTCCCCTCATTTAGTATATGGTCTAGATCGTTAACTAGACCAAAGCAGAGCAAATCGTGAAGATTGTGTCATTATTTTTTTTTGATGAAGAGACGATAATTATAAAATCGTCACGTCATGTCAGACTTTCTTAAATATTTACGCGTGCACTTTGCAGGTCTAAAACAAGAGGGATGTACGAATTTATTCTGTTATTTTGCTCCGTAGCTGCCGGATTTTTAGGCTCTTTATTGGGTCTCGGTGGTGGCATAATAATCGTTCCGACACTCACTCTCTTGTTCCACGTCAATATCAGATATGCGATCGCGGCGAGTCTAATTTCGATTGTCGCAACCTCCTCAGGCGCAGCAGCAAGCTATCTCAAAGACAATCTTACGAACCTGCGCGTTGCAGTTCTTTTGGAAATAGGCACGGTTACTGGAGCCATTACGGGCTTTTTATTAGCGCGTAAGATTCAGAGCCAAGCACTCTTCTTGCTTTTTGGCGTCTTTCTTTTCTTCTCCTCACTTATGATGCTGCGCAAGCGCGGTGAGAATCTTTCGGCAAAAAATCATCCATGGTCCGAAAAGCTGAAACTCGCAAGTTCCTACCCTAACGAGAAGGGTGAGCACCTTTTTTACAAAGTTGAAAATGTTCCCTTCGGCTTAGCGGCAATGTATGTGGCAGGTGTACTGTCTGCCCTACTGGGCATCGGTAGCGGTATTTTTAAAGTTCTTGCGATGGACAATGCGATGAAACTACCCATGAAGGTATCATCTGCAACATCAAACTTTATGATTGGAGTCACCGCTGCTGCAAGCGCTGGCGCCTTCTTGTTACGTGGAGATGTTCGTCCTGAAATCGCAGCACCCGTTTCTGTAGGTATTATTATCGGTTCGTGGCTGGGTGCACGTTTCATGATGAAAATACCATCCTCTGTTATTCGTAAGATCTTCGTAGCGATCCTGACTATTGTCTCTATCCAAATGATTCTGCGAGGTCTGTCATGAAAAGCGATGGGCTTTTAAAATTAGAACTTAAGATTTCACACCTTTTGCGCTGGGGTGTTCTGTTTGCAGGCGCATTCATGTTGATGGGCTGGATCAGCTTTTTGGATTTCACCCAAAATCCGCTTGCTGCCTTTCATGACTATCGCGAAGAAACTTTATCACAAAGCCTCACTCATGCATTTGAAACTCATGACTGGGGTCTTTTGCTTGCTTATTTGGGCCTGATGATTCTGATCAGTCTGCCGCTTTTACGCGTGCTAATGACTGGGGTTTTATTCGTAAAGCAAAAAGAAAAGACCTTGGCGGTCGTTGCCTTTTTTGTTTTCGCCATTCTAATTTTAAGTTTTTCACTCGGTATTGAAATTTAACGACATCTTTAGGAGAGCTTCAATGAGAAAAATTATGTTACTCTTCCCTTTGCTTACCTTGGCTTGTGCGCAAGGCCCAAAGAAGCAATACAATTGGATTTCTTTATCTGAAAAGGGCTTCACTAAAAACTCACTCACCATAAATAAAGAAACCAAAGAATTTCAAAGCGACAAAGGTTTTGAAAACCTCGATCTTAAAAAACAAATCCAAGCTGATAAAAATGCGGACACTATTAAGAAAATCGTTCTTATTGGCGATACCGGTTGTCGTCTAAAAGAAAGCAAGTACGGAGACTCTTATCAGAATTGCAAAGACCCTAAAGATTGGGCTTATGCTTCTGTCATGCAAAAGATCTCTATGGAAAATCCGGATCTGATCATTCACGTCG
NZ_CP178621.1_gap59	2231991	2234590	2599	AGCCTGAATCAAAGTGCATTGTGCCTCCTCCGCTCTGAGTGCAATAAAGCTTGTTCCGAACTGAATCAACAAAGGCCCCTTCAAAGGAGCACGCCCAACAAGCGTGATTTTTTGCCCTTTATGAAGACCCATTTCATGAAGGCGCTCACAAATAGAAGCCTCACCCACGAAATCGGTGATTTGTAGATCGCCAGACAGAGAGTTTTTTTGAACGTAATTGAGAAGTGTCATTGCACCTTGTTAGCCTTTGCTCCCGGTATTGATAAGGATTTTCAAGTAAGGACTTCTAATTGAAAATCACCTGAGAATTAGACGCTTTCTAGAGGGCATTTCACACTGGCATCCTAAACAGCAAGACCTTGAGCCAGTTTCCTTTTGTCACTCGGACCTTTGGTTAAGTTTCACGACCAAATACCGATCCAAAGTGTATGAAATCACTTCTTTGGTTTGGCATTTTGGCGTTTTGGGGACTTCAAGCCCGCGCTGAAAATTTCTACTCGCCTTTGTTGTGTCCCGTTGCCGAGACCTCACTGCACATCGAAAATACCAAAGAAGAGCCTCTAGACTTTTGGTTTCAAGATCTAGGGTCCAACCCCTTTGAAGAGCTCCATATTCCCATCAAAGCGTCGGGTCACCTGACCCTCCCCTTGGCTGACTTCTACACTCAGGAAGCAACAGCCATCGCGCTTAAAACGCAAACGAAGGGTCTCAAGTTCACGGCCTTTTGTAAAAACACGCAAAACCAATGGAGTCTTGATGGCAAAAGCTCTCCGTGGAAGTCGATAAACCTGTCACCGGGAATCACGCAATTGGAGTTGCGTCTTTTGAACCTGGCTCAGCAAAACAATCCCGTTGAAATTGTCTTTAAAACTTTTCTCGGGACGCGCAATTCACAATCTTTGGTTTTGGCAGAGGCCTTTGCAACCCACAAACTTTCACTGACGGTTCCGTGGGGAACGACGAAAATCCACATTCGTGCCCTTGGCCGCCTGAGTGCTAAAGCGGGCACTGACGGTGAAATCCCACTCCAAGAAGAGACTTTGAGTTTGCCCAAAGCTCCACAGGCTCGCTATTTTGTTTTTAAATCTTCAGATCCTGAAACAACCGACGACTTCATCGTGCCAATGACGGATCCAAAACTGATCCAAGAGTCTCTTGATCAGATTCAACATCCTGATCGTGCCCGCTTGCTCGTTGCACGAATTGAAAAATCACTATCGGGACTTAATCGCGAGATGAATTCCACCACGAAATCCCCGTGGTCATGGCAGGTTGTCGAAGCACAAAATTATGCAGACTTTGCCCATATCAGTTGCGACGGCACCCCAAGTGTCGTTGAAGAGCGACTCAATTCTTGGGTGCCAGAAACTGGTGGTACGATTTGTTTTTGGAGCTATCGTGTAGACCGCGAGATAAGCCTCACAGAGCTTAAGCAGTAACTTTCGTCGTGGCCCCTTGGCCTGCAGTTTCCTCGACATAGACACTCACAAAACTGACTTTATGAGATTTAAATTCCTTCATGAAATCTTCCGCCAAAAGACGCGAAAGCTGCTCCACACTCGTATTTGTGACCGGAAGTAAAACCACTTCTTTAACTGGGAATGCATAGAAGCGATCACGGAAAGTGACTTCGAGAGTGTTTCCTTTGGTTTGAAATTTCATATCCTGATGCTGCTCTGGTAAAATAACCATCTCGTCCCAACGATCCAGAGCAGACTTAATGTATTTCTTAAACACATTGAAATCGACAAAGAAGCCTGATTGCTGCAATGACGCCTGATCGGGAATACCGATCTCGACACGCACTTGATAATTATGCCCGTGCAATCTCTCGGCATGCTTTTCATCAAAGATCAAAAAATGCGCGGAAGAGAACTTAAAGTTTTGCTTTGCCAATTGTAAGCTGGTTGTAGACATAGTAGTCTTATAGCATGAAATTTGAACTCAAACAGCACTTTCAAATCGAATCCGCCCGCTTTTTGCCAAAGCTGGAAAAAACTCACCCCTGCTCTCGGATGCATGGGCACAGTTTTAAGATCATCCTGACCCTGATTGGGAATATGGACCCTACGGTGGGTTGGGTGATTGATTACAACGAGATTCAATCCAGAATGAAACCTATTCTGGAACAAATCGACCACCGCGTGCTGAACGAAGTCCCGGGGCTTGAAAACCCCACCTCTGAATATCTTACCAAATGGATCTATGACAAAGCCCGCGCTGTATTACCTACCCTGGTTCGCGTGACCGTAGCTGAGACCCCTGCAACAGAGTGTTCTTACCCCGTCGCTTAGTCCGATGAAATATCCGAAGCTGAATGCTTTTTCTAAAGTCGTTGTTATCGGCACCAGTGGTGCTGGCAAGACGACTTTTGCCAAAGCCGTCAGCCAGAAATTCGATATCCCTGATGTCGAATTAGATGCCCTATACTGGGAGCCCAATTGGACCGCAGCAACACCCGAGAGCTTTCAAAACCGCGTTCAAGCTGCGACCTTGAATAAGGGCTGGGTGGTTCATGGTAACTACCGTGTCGTGCGCGATTTTCTATGGCACAAAGCCGATCTGATTATTTGGCTGGATTATCCACGCCATATCATTC
NZ_CP178621.1_gap60	2235637	2239989	4352	TCTTGATTGAAACTTATAACGAAGGCACGGGTCGTGCCGAAGTTATCGATGCCGATTGCAAAGTGGTTAAATCAAATGCTAGCGGCATCACTGCTTTTTGCTCACTGACTGTGGATGTTCAGCCCAATACAGAGTTTGAATACAGATCAGAAGCCCTTTGCACATCCATGGGTTATCACGTAAGCCCCGACTTAAAATCAGCGGAGCTTTTCAAAGGCTGGGATGCTTGTATTGAAAATGTAAACGGCGTTACCGAATACTAAGGCGTCAGAGGCTGACCGACTTTTACAAAGCGGTCGATCTTAAGCTTGCCTTCAAAGGCATTGGCAAAAGGCTCGGGGTAAACCATCACAATGGTGCTTCCCATACGGAACATCCCGAGTTCTTGACCACGCTCCACCGGAATTGGCGTTTTGTATTCCACCACGCGGGTTTTCGACAAAGTCAGCTGGTTGCCTCGGAAGCTCTCATCAAAACTCAGAACAATCTGTCCCACGTTCGTAGCCCCCACAAAAACTACCGCCACCGGGCCATAGTCACTTGCGATTTCTACGATGATTCTTTCGTTCACCGAGAACAGATCGTGAACATTTTCCACGGACCACTTATTCACCGGCCAAAGCTCGCCAGGAACATGGGTGACCTTGGTAATCAGACCGCTCACTGGTGAATGCACGCGGTGGTAATCCGTTGGGCAAAGGTAATAAGTGATGAAGTAGCCATTGTTGTAGGTCTTTGCGGCCTCGGGGTTTGCGAGCAAATCCTGCACATGATACTCGCGCCCTTTTGCCTGAATCAGCTGCCCACCACGAATACGTCCATTCTGGCTGATCTGACTGTCTGTCGGATGAACGGCTGCCGTTTGGGCAATCGGGCGAATGCCGGGCTTCAGTTTGCGGACAAAGAACTCCCCGATACTTGGGTACTCGCTGACCGGCTTTTCGGCCTCGTTCAGGTCGATATTGAAAATTTTAGCAAAGATGCGGATCGAGAGATCGGCCCAAATGCGGGGTCCTCTCCAATGAACGAGCTTTCCAACGAAGTAACTTAAGTGATTGCGAGGTAGAAACTTGGTAATGGCTGACATGGGGCCTATTGTGGTGCTATAGATGTCTTATGTCACGAATTTTTCAGAACCTTGAGATCCCAATTGATCAGGATCTTGAGGAAAAGTTGCAATATCTCATGCCCGATCACGGCCCTTACCGTATCTTGCGTCAGAGCGTCGATGCCCGTCGCTCACACAATGTGCATTTCGTTTACTCTGTGGAAGTCGCCGAGAAAAATGAAACTCTGAAAATTGACAATTACCCTGTCGAAAAAACAAACAAAGTTCTTACAGAAAAACCCATCATCGTGGGTTCTGGTCCTGCGGGACTGTTTGCCGCCCTTCGCTTGGTTGAACGCGGAATTCCTTGTCTTCTTTTTGAACGTGGCTCTGAAAGTAGTGAGCGTATCAAAGGCATCAATCGTTACTGGCGTTACGGCGAGCTCGATCGTCGCAATAACGTTTGTTACGGCGAAGGCGGAGCTGGCCTTTATTCGGATGGAAAACTCATCACACGTATTAAGTCTCCGCATATTCCTTATGTGCTGAACCGTCTAGTGCAGTTTGGTGCACCTCAAGAAATCCAGTGGCTTGCGAATCCACATGTGGGATCCGACAAAATCCGCCGTGTGATTCCGAAAATGCGCGAGTTCTTGAAATCTCATGGCTGCGAAATTCATTTCAACAGCCAAGTGACAGAAATTCTTTTCGAGAACAAGCAAACCGTCGGCGTTAAAACGGAACACGGCACTGAGTACCGCTCGCCATTCGTAGTTCTTGCAACCGGTCACTCAGCCGAAGATATGCTGATGCATTTGGCGGAAAAAGAAGTTCACTTGGACGGCAAGTCCTTTGCGATGGGCCTTCGTATTGAGCATCCCCAAAAAGCGATTAACAAAATCCAATACCGTGATTTTTCAGAGCATCCAAAATTAGGCTCTGCTAACTACAAACTTGCAGACCACGATCATAAAACCAATATCGGCGTTTATAGCTTCTGTATGTGCCCAGGGGGTTATGTTCTTTCAAGCGGTACCGAGATCGATGGCATCGTTTGCAACGGCATGAGTAACTACAATCGAAATTCTCCTTACGCGAATGCCGCGATTGTAGTCAGCGTTGATCACGAAAAGAGCTTCGGTAAAGACATCTTTGGCGGCTTGAAACTCCGTCGCCAATTGGAAACTCAATCTTATCAATCAGTCCTCGCAGCTGGTGGCACAAAAGAACTACCTGCGCAGAATATGATGGATTTCATCCGTGGCCGTATCGGTAAAGTGAACAATGGCTCTTGCCCGTCTGGCACTAAAGCTGTTCGTCTTGATGAAATACTACCAAGTTTCATTCGCAAAAGAATTCTTGAGGGCTTTGATAAGTTCGAGCGCTCTATGAAGGGTTTTGTTACTGAAGATGCGCAACTTTATGGTGTTGAATCCCGCACAAGCTGCCCGATTCGCGTTACTCGCGATGACGAGAGCCTTGAAAGCCTTAGCCACAAGGGTCTATTCCCTGCTGGTGAAGGTGCTGGTTATGCAGGCGGAATCACTTCCGCTGCCTGTGATGGCGTTCGCATCGCCGAGAAGATTTTTGAAAGCTTGAAGTAGCAAGTATCCAACTCTAAACCCCAGGAAAAGCCATACGTGTGGTCGTTATTTACGGCGCATTGAACAGCGGCTATACACCCAATTTAGCTTTAAAACGATTTTACGAACACTTGGAGCTGGAACACTTCTAGCACCCTACACCGTAACTTTAAAACTCATCAACTTGGAGGTTGATATGAAAACTGTCTATGTGACGGTCTTATTGGCGTTACTAGGCTCTTTTGCTCAGGCGGAAGGTCGCTTCGTTATGTCAGACAAGACGATTGGTAACACGCATGTTGTAGTTACAAGTGAAGCTCCTAAAAAAGACGGCGGCCAGATTCTTTTTAAAAATGTTTTGGTTGAAGTCGGTGGCAAAACACTGCGAATTGCAAATGATCAACTTTATAAATCAGACCTTGCAAATTCATTTTGCGAGTCTCAAGAATTTAAACACTTCTACAGCAGAGTAGAAACCTCTGACGGCGAAGAGATGCTTGTACTTAACACTGGTGAAGTGTTTACTACGGACAACTCGGTCGTGGTAACATCTATTATGTGTCTCGAAGAAGTTTACTAATCGCTGTTCGCTTTTGCACATGGTTCTGGTACCTCTTAAGGGGCATAGAGGCCGCCGGTGTTGTAGGTGCTAGAACCGTTGTAGCCTCCCCATATAATCACTTTGCTGCCAGTCCATATACCCGTATGAAATCTTCGAGCTGTGGGCACGTTGACTCCTGTCGAAGTTGCAGTCCAGGTGTCGCCAGTTGGATCATACTGAGCTCCTGTATTGTAGTGAGTAGAAACTGCATTCCATCCACCCCACACTATCATCTTAGATCCTGTCCAAACCGCAGTATGTGAAGTCCTCGCAGTTGGGACGTTTGCACCCACAGACGTGGTGGCCCAAGTGTCCCCTGTCGAATCATACTGCGCACCAGTGTTGACGACCGTAGAAGCACCACTGTTCCCTCCCCAGATAACCATCTTCGATCCGGTCCACACACCTGAGTGAGAATACCGCGCGCTTGCCACATTTGTTCCTGTCGAGGTTGCAGTCCATGAGTTACCTGTAGAATCATACTTTCCACCTGTATTGACAATGCCCCCACTCGTAGAACCGCCCCAAATAATCATGTTACTTCCATCCCAAACTGCCGTGTGCAAATATCTTCCCGTCGGCACATTCGCCCCTGTCGAGGTTGCAGTCCACGTGTTTCCACTTGGATCATACTGCCCTCCAGTGTTGACTAAGGTGCTATCATGCCCACCCCATACGATCATCTTACTGCCCGTCCATACGGCCGCTACCCAGCGTCTTCCCGCAGGGACATTGCCTCCATTGACCGCCGTTGCAGTCCATGAGTTCGCCGTCGAGTCGTATTGTGCCCCCGTATTCAATAAAGTGCCGGCACTGGAAGCTCCACCCCACACAATCATTTTACTGCCGGTCCATACAGCAGCATGTTGCTTCCGTGCCGAAGGAACATTTCCCCCTGGTGATGTCGCAGTCCAAGAGTTGCCCGTCGGATCATACTGTCCACCAGAATTAAAATGAGTGTTATCCAAAATATTCCAACCACCCCAAACAATCATCTTAGCGCCGTCCCACACCGCTGTATGATTGTGTCTTTCAGTCGGCGCCCCTGTCGTGTTTGTTGTCGTCCACGAGTCTGTCGATGGGTTGTACTGCCCACCCGTATCGAAGGAAAATGCATCGT
NZ_CP178621.1_gap61	2270281	2273626	3345	CATGGAGCTTTCGCTAAAATCCCGCTCTGAAATTGCAAAGGAAAAAATCTTCGAAAAGAAATCACTGAAGTTAAAAGACCTCGAGAAAGACTTCAAAAGTGCGATGAGCGAATATGAAAAATCCAACCCTACAGAGGGCGACACCGCCGAAGAAAAAGTTACAAAATTCTTCTTTAGCATGGAACCTGTTTTTAAACTGGCCTCTGGTAAAAAACCAAGCAGCAAAGATTGCGAAAAAACTCGCCAACAGATTGACTTAGAAGACCGTGGAAGCCGTGGCGAAAATGCCCCGCTTACGCCAGATGCCGAAGAAGCTCTGGCATGGGTACAACTCATTTGTAATTAAGAAGACATTCTTGGCGAAGCTGCGAGCCTTGGACTCCCATCACGCCCGCAAGCTGAACCTCTAGCTCCAAAATAATTTCTGCCACTTTATCTATAGACTCTCTAAGCTGACTTTCAAAATGAGTGCTATCTAAATTCTCTTGAACATACCACTTACGAAGTTCAAAGATCCACAAATAGACGTAGTAGGCTTGAATCGCATGTGAAAATCCCCACTGGGTTTCACGCCAGGAAACCTGGATCTGCGCCTTTGAATCCATCCAAGGAGCAATCAGCAAAGACCGACGAAAGATCTTCTCGCCCCGGTGGTGCAGACACTCATGAACCATATTTTCAAAGGCACAATAGAAATTTAAAGAAGTGGACACCAGATTTGGGGGCACATACGCAAAAACTCCTAAAGTCAGAAAAACTTTCCCTGGCACTTCGGGATAAGCGGCAGAAGCAAAGAGCTCGGCTTCTGGCGTTGCAGCTTCCAACCAAACTAACTCTTTGAGTTCTTCGCGAAAAAGAGTTTTTAAAACCGCCAAACGGTTCGGCAAGCGATGGACAAGAGACATTGCTTTTTCAAGATGAGCAGTCCAAAGAGGTTTTGGTTGAACTGCGCGAAATCCATGGATACCAAGGCTTTCTAAAAACTCTGGTTGAATATTAGCCATGGCGAATCTCGTAGACTTGGTTAGCTTGAGAGAGTTTTTCAACAACCTGACTTAAAAGCTCACGGTTTGCAGTATCAAGATTTGCATCCCACTCATCCAGAAGTACGACTTGTTGTTGAAGACCAGCCTCTTCGAGCTCTTTAAGTACTGCCATAGCACGCTGCCCGCTAGACATTTCCTCTGAGATGTTTTCGAAATAAAGATCCATATTCGCTGGAACATAGACGGCTTTTTCGCCAAGCTCTTCTTTTTTAAGCTTTAACCAGCTCGACTTACCCGCCCCATTAGGGCCTTTAATTAAAGTACGCTGATTTTCAGTTTTAAGAACGATAGCATCCATTTTAATTCTAGATTGAAGGTCTTGTTTTTCTGGAGCCTCAAGACTTTGCATAAAGCCCATCACGAGGGATTTTACAGATTGATATTGTAACCCCAAGGTACCGATAACTTCAATATGTTGAACGATTTGAATTTGACGATGCAAAGTTGCAATCATCGGAACCAAAAGAATCGGGTTTTGTAATTTATCGACAATCAAATACACCAAAAGACCCAGGATTGGAGCCATCGTCGCAAAGCTAGTTAAAACCTGTACAACTTCCATTTTCACACGAGTTTTTAAAGCGATATCTGAAAGCTCGCCAAAACGAGTTTCTTCATGTTTGTTATATTGATTCAAATTCAACTTATTTCCCACCAAAAGCGTGGACCACATTTTATTCAAAACACTCGAATGAGCGACACGCGCTGTTTGCGCATCACCACTCCAGCGACCAAGCTTTTGAGAGACCAAAGCCGCAATCACACCATAAATTAAGAAACTCACGATATAGGCGCCAAAAAATGATGAATCTAAGGTCGCGCCAATGACAAGAATATTTAGAAAGACATTAAGACCGGTGGTCAGAAGATCCGTCCAGTAGAAGGTCACCTGATCAATCACATGAAAAGCTTCTCTTTGCATAAAGCCAAACTTTTCGTCCTCAGCCGTTGCGTTGCCAGCTAAGTCAATACGGCCTTTAAAGGCTTGTTTAAAACGAGCAACATATTTACGTTGCAATGAAAGAACCCACTTTTCGCCGCAGTACTTCTGCAATGACAGTGGAATATAGACTAATACTAAGCAGGCTAAAAATCCGAAAAGCTGCCATAAAAACTCACTGGCATTGTTTTGGGAAGATGTGAGTTGAATCAAAAAATATGTAGAGCATGCCACCATCCCCTGCTGAAGAAGCGTGACTGCAAAGACCGATAAAAATTCTTTTTTGTTAATAAAAAACTTCATAAAATTCTCCCAAAAAACTAAGATCATCAAAAACAAAAAAAGGCCCTCTGTATAAGAGGGCCTTTTATCAATTACACTTCTTCATCAAGTTCTTTAAGAAGAGCTTCGATATCGACAGGAATCACGTTCAACAAACGTCTTACGATTCTTGGACCACCGAATTCGTTAAAGCCTTGCTCAGCCTTGATCTCGATAGCTTCTTCTTGCGTATTGATTTCTGTATTTGTGTTGATGTCTTTCATGGTTTCTCCTTTTTAGTTGTTTGGCGTCGTTCGCCGTTGCAAGCCCTTTATCCAACATCTGTGCCACTCATTTCCGGGCCTCAAATCGAAATAAACCACTCCTCGCATTAAAGCTGTCCGAGATTTCGGACAACGGTTCTTAAATCTTGGACTGAAAACCAAGATTAAGAACCCAGCTACCAATATATATGTTTTAAGCCTGGCACTCTTCTTGATGATGGCAGGAACATACTTAAGGAGACTTTATGAAAAACCTGAACATTGTTGGAATCGGAACTAAAAGATTTTCTCAAATCACCCTGGAATCCCTCGAAGTGCTGAAATCATCCGAAGCTATTTGCTTCATTGAAACTTCTGAGGAGCTCTTAAAACAGTACCTCCCAAACACTCCAAAACTTGTGAACCTAGATCCTTATTATAAGACCGACCGAACGGACCTCGAGAACTATAAGGATATGATGAAGACCATCCTAAAAACTCTGGATAGCCATAACAACATTAGTTTCATCGTAGCTGGACACCCACGCTTGGGAGTTTTTCTGACGAAAGCTCTAGAAACCTGGGGACAAGCTAAAAACATCTCTGTGCGCGTTTACGAAGGGATCTCTAGCTTTGATGTGATGGCCAACACTCTTCAATTGGATATTCTCGAGAATGGGACCAGCATCGTGGATGTGAATCGTGCACTTCTTTTTGAACATAAATTAAATACGCAATGTGACCATTTCTTTTATCATGTATGCTCTGTCGCCAATCCTGTTGCTGACTACTTGGGGCAGCATGGCGGCAACCGTTTGGATCTTCTCAAAAACTA
NZ_CP178621.1_gap62	2283242	2286702	3460	CTTGCGTATTTCTTAACTTCATTTTGCACTCACCACAAAGTTATAGTCCCGATACTGCTCTCCACGAGCCGTCCAGGATTTATGAGTCATTCGCAAAGTCACCAAATAAAGTCCGCGGAATTGTTCCATCGGCTGAATGATATAACCATAAGTCCCCGCGCAGTCCGGGCACTCGATACGAGTTGTCAGGACACCAATATCCCAAGCCATCGGAAGGTTATCCAGCGACAAGGCTTCGCCTCTGCCGTCTTTGTAGTTGAAATTCACCTGGTAATTTTCAATACCCGCTTTAATATTTTCAGCAACGTCGTCCACCTGGCGCTCTGACGACGATAAAATTAAACTGTCACGCGTATTTCCCTTTAAGGAAATCAAGCCGCCGACAAATGAGAAACTCACGATCGACAAAAGCCCCATCGCCAACAGAACTTCTAGCAACGAATAACCTTGCTGATTTCCAACAGCCGTTTTCATTAGCGACCTCCTTCGCGAGCTTGCTCGACGACGAAGAAGCGAACTAAACGACGCTTACAAGTTGTATTCGAAGAGTTCGGCAAAAGCCCACAATCAGGATCTACTGCCGTCCACTGGAACGGGTCTGCTTTTGCGCGAAGACTGATCACGTTACAAGCCATACGGTCTGAAACCTCTTGAACAGATGGTTTTGGATGCCAGATCGGATTTTTAGGAGCATCACAACTAGCACCCGAAAGAGACTTCAAAACACCAATAGAACGAAGCTCTTGAGTCACTTGCGGATGATAGATACTGCTCCATACAATCCCCGCTTTGTATGCCGAAGGATCAATCTGAAGTTTGCCGACAATGAAAGTTCCGATGATTCGCAAAGGCTTTTGGCGAGCTTCGATACGCAAGCTATCACAAGTGTAGAAACCGGTAATAACATTCGCACTTGCGGAGATCACACACTCCTTAGCGATTGAATAAACTTTAAAGACACCATCAGCACCAGAGTCTAAAACCAATGTTTTATTAAACACAGGGTCGTGACCAATCTGCGATGAGCTGTCACCAGCAAAGTTCCATGAACTGCGTGTTGTGCCAGAGAAATCTACGTTCCAACTAGCCCCACCAAAAGATTGAGAAGCCGCTGCATTACGAGCCTGCTCACAAAGAACATCCAGATGCGCGTAGTCCGTATCATCTTCAGCGATACCACCCGCAGAGGCACTTGCGCTTGTTTCTGACATTGAACCAGGGGCAACCAAAGACTTACGATCGCTGCTGATACCAAAATTTAGATAACGTAAAAGCTTGCCGTTTGAAGGAGTCTTAATCGGAGCACTCTGATAGTAAGTACCATCATAAGCTAAGAACCCGATCGATGGCGCAATAGGATTTCCATTGTCATCAAGCAAGTGGTCAACTCGACTTGCCGTGATACTTACATCATAGCGGTCTTCGTACACACCAAATCTAGAATAAACTTTGGAGACCTTAATTACAATCTCTGCAGGTTCTGCCAAGGTTGCCAAATCGCTTTTTGCTTTCGCTAAAGCAGCGTCAGCTGACTTTACAACATCCTGCTGTTTTGGAACATCCGTGTACTGCAACTGATTCACTGTATTTTTCAAAGCCGTAATACGTCCCTTTAAATTGGTGATCAAATCCTGATCCTGATAGTCCACAACCGGAGTCGGTGTTGGTGTCGGCGTTGCCTTCGGTGTCGCGGTCGGAGATGGCGACGCCGAAGGAGATACAGACGGACTTGGTGACGGCTCTGTACTATCACCAGAGTCAGGACTTGCTGACGGAGATGGTGATGGTGACGGCGTCGGCGTAATGTTTAAATGCGGCGTCGGAGTTGGTGTCGCAGTCGGAGCTGGCGTCGGTGTTGGTTCTGGCTCCTCTGGTTTTTTTAGCTCGTTTGCAAGTTCCGTTTGAGCGGCGCTCAAATCGGCCTGTGCTTTTGAAAGTTGATTGTTAAAATCAGAAAGCTGAGTTTTTGCAAAGGTCAAACTTGACTGTGCTGATGTCACAGCACTTTCTAATTTTGCGCGATAGGCCGCGCCACCAACTTCGGGATTGATCGTGATTTCAGTGTTTCTAGATAATTGAGCAGTAACCAACTTATTTCCAAGTGCAAACGTCATTTTGAAAATGGGATCTCCAGAACCGTCGCGATCAACTTTGCCTTTACCGAAATTCGAAGTCTGAACCGGTAGCATTGGATTGTCCTGGGGACTGAATTCGTTTTTATTGGACAAGAACAAGCGATAGCGAAGATCATTCTTGCTATCGTCTTTTAAAGTGGCTGCTAACTCAGACTTATAAAGATAGTCGCTAGATGAAAGGTTTTGACTGCGCTCAATACACTGAGACATCAGATTCGTATCCGCACTACTTCCGGCAATAATACGTCCGAAAACCTGAAGCCCGCGGTCTAAGCCCCCGTCATTCTCAATACCACGTAAGAAACCGCCAAACGTAGGCACATCTGACCAGAAACGATCTGACAATCCCCCTGAAGAACGTGGTACGAACTGACTGCCATCAGGATTCTTCACCCAACCGTTGCCCATATATACGCGATCAGCAAATGTCACAGGCGCGTAGAGTCCGTTATAGGCCGAATTGTCTTTCGCCGGACGCTTGTCTTGCGGAAGATAAATATCTTGATTCACAAACACGGGGCTTAAGAAAACCAACCCTTGACCAGAACCAATTTCACTTTTGCTAGCAAAACGATGGAAAGACACATCGCCTGTGCCTTGAGTAGAATTCCACGCGGTATCTAAGTGAAGATCTTTAGGTACCATCAACGCAAACGACCCAACCTCTCGCGGGTAAATCACGATCTGGGAGGTGATCTTTAATGGCGAGCTACCAATACTAATAGGAGTTGTAGCGGTCTTACTGCTTTTTAAAGAAATCGTGGCACGCAGATAAACCTCGCGTCCCGCGCGCGGCAAATAACCACTTTCATCTTTTTCAAGCAAGATACTGACACCATCGACTTTCAAAACTTTGCCGGTAATCTCGTCTTTGACGGTTTTCAAGTTTTGCAAAACCGGAAATAGCGGATGGGCCGTTGTTGCAGCGCTGACCTTCAGATAACGTGTAATACTTTTTAGTGGAATATTGTTTTTATCAAGAGGCCCCACATCTGTGCCAGTGGCCAAGAGTTGCAAGATAAAGTTCTCTTGGTCTCCGGACATTATAAGGCGCTCGACACTGCCAGTGTGTGAGAGATTACACTGTGCTGTTGGGGAATTCATAAGAAGATCGTCGTCTGTAAAACAATATTTCTGACGAAGACCGTAAAGAACGTAATCCATGGTGCTATTAAGCGCGAAGCGAAGATTCACGGCATTCACAGTCTTGCCGATTTCTTTTTTCTGAGCGATGACGTAATCAGAGAGCATGTAGAATGAAATACTCATAGCCGCAGTGACAGCTAGTACCTGCAGTAGCACATTTCCTTTATTGTTGTGTAGAG
NZ_CP178621.1_gap63	2298470	2299278	808	TGCCACCATAAGGGCATTGGCCGGGTTCTTCAAAATGATCGTGAGCAAGCACTTCCCACTTCACAGCGCCACTGACTGAACCATCCGAACAAAGTAGAGGCTCCTCTGCACCAGAGGTACTTGCTTCACTTACTTTTTCTGCGGGTTGAAACTGCACGGGAGCGCAGTTTTGAAAGAGCAATGTGGACACAAGGCCCATACCTAACAAAAGCATCGTAAAATGCATACGATGTAGCTTCATACGTTCTTCCCCTACGTTAGAGTCTGTATTAAGGGTAACAATGCTAAAATGAGAAATAAATCAAAACAGATTTTTTTCCCATTTTAACCCAGACCTTTTTGAGAGGACTTAGCGTTTGAGGCGTGACGGTGCGTGCATTTTAATGACCACGGTCGCAAAATGATTTCGAACAGCCAAGAGTATAAAAGCTCTACAGGCCTTTTACAAAATCGAGCATCTGTTTTGCGTGCCCTTGCGCTTTTATTTTGCGGAATTCACCGACCAATTTGCCGTTTTCATCAATGACAAAAGTGCTGCGTTCAATACCAAGAACCATCTTGCCGTACATGTTCTTTTCTTTGATCACATCAAAAATTTTGCAAAGTTTTTCATCTGCATCTGACAGAAGTTCAAACTTGAAATTGAACTTACAGATAAACTTATCGTGGGACTTCACGCTATCACGAGAAACACCAAAGACTTCGGCATTCGCCGCCTGAAACTGTGGATAGAGCTCGTTGAACTCTTGTCCTTCGACCGTGCAGCCCGGAGTATTGTCTTTCGGATAGAAATACAAAACCACCTTTT
NZ_CP178621.1_gap64	2305273	2306593	1320	AAGATGAGAGACCAGTTTTTCGTTGTGCTTTAATTGGGCAGGTGAAGTCAAATACTGATCCTTATCAATTTCATAGGTATGGCCCCAATCAACCTCACCTGCCTTGACGGTGACGGTTTTTCCCTCCGAAGTTTTAAATACATAGGGATCGTCGCCCCTCCCTCTTCCAGAAACCCATTGTCCACGCAGGCGCTCAGCTTGGAGGTTATTATTTTTATCCGGAGATTTTTTAACAACATCCATATAATTACGCATTATATTAGGCGAATGGTCTCCGGGGGCATATACTTGGGACAGGGTTTCAAGGTGTTTTTCTGAAATCTCTCGCACCGTAATTTTACTGAGGTCTTCAAGTTCAAGGGGAAGACTTGTAATTCCCCCAGACCGCGTTCCATACGTGATAACAGTATACTTCCCTGCGCGCCTTAGACCGATAAACTCAACTCTTTCAATGTGGAATCTTGAATTCCCATCTGCTGGAAAAGTTATTTCGATAGGAGTCCCTTTTTTTATTGTGGTCAGATCTTTGATCTCGCCGCCGCCAGCGACCGTTCTATATGAAAAAGGCGCGGCAACTTCTTCGATCGGGATCTTATCAGGGATAAAGAGTTGATTTCCTTTCCCGCCGGCAACTTTACCGACATAACCCGTGAATTCTTCTTTCACCACATACATACGCATTTGACCGCGATCATTTCCCCAGGTTGCCACGTTAAAAAGGTCCTCGGCCTCGTCCCGATTTTTAGCAACATCGGTCGAGAACCAACGACCACCATTCGCTTGTTTGCTTCTTTGAACCTGCCACAAGACTTGCCCTGGTTTAAACTTCTGTTGCTCAATCGGGCCATCAAAAGCTTCTTTCAAGCTGCCTTTGAGTTCCGGCAACGTCCCCACATGTTTCTGTCCCATCCTGCCACTTTGAGCTCGGATCTCTTTGAGGTCCAACGCAGCTTCTAGACTTTCAGGATCTTTTTTTTGAATCTTACCGATGTCATCAATTGTAATAACCTCAGGCTTCATCGGAGCTCTCGCAGTTTTTGCCTGTACGATGCTTCGACCAGCTTTGACTCCGTTAACAGCTTTCTCAGTCAGCCCCGCCAATTTAGAAATCGCAGTGATCCCTTTTGTCGCAACAAAAGGATCCAAGACGATAGCCAGCGCATAACAACGCATTTTCGCAACCACGACAGGGTCATAACAAACTGAGTTTGCAATCCCCATGTCAGCTAAAACGCCATCAATCATCTCATTCACGGAATGCGGTTTTAAACTCACAGCCTCATTCTCGGACCAAGGCTCAACAAAAGGAGCATCGAGAGT
NZ_CP178621.1_gap65	2310780	2315418	4638	GTTTTCGGGATAAATGGAACTGTCATCATACTCAAAACGAAAATCAAAACACCCAAAGCCAAAACAGTTTTTGGATAATTCAAAGTCTTTTTAAGTAAACCCGCGTACAGGTTTTCAAGTTTGGTTTGGAAATTATCAAACGAGGTTAGAATCCCGCCGATAAAACCTTTACGTTTACCATGCTCTGTCGGTGATGCCATATAAGCTGACAACATCGGCGCCACGGTAAAGGCGTCAAAGAGCGAGATCAACATCGTAAAGACGATGGTCAGACCAAACTGTTTGAAGAACTGTCCAATAATTCCTTGCAAGAAAGAGATCGGACCAAACACCGCAATAACCACCATCGTGGTCGCAATTACCGCCAAGGAAACTTCAGTCGTCCCTTCTAACGCGGCTGTTTTTGGATCTTTCCCAAGTTCCATATGACGGAAAATATTTTCCCGCACCACGATCGCATCATCGATCAACAACCCCACCGCCAATGATAGCGCAAGGAGTGTCATCATATTAATAGAGAAACCCATTGCGTACATCACAATGAATCCACCCAAAAGCGAATTCGGAAGCGCCATGCCCGTAATGAAAGTCGAGCGACCAGAACCTAAGAAGAAGAACACCACAATCACACAAAGTGCGATACCGATCAGGATAGACTCTTTAACGTCAGCGACATTCAAACGAATCGGTCGCGACATATCGCGCACGACTTGAACATTCGCATCTATCTTTTTTTCTTTGAGGAACGTATTTACTTTTTCAAGACTCTTCTTCACGGCATCTGTCACGGCCACCGTGTTGGAACCCGACTGCTTATACACTTGCAGAAGAAGTGCAGGATCACCCTTGATACGCGCCATGGTTTTTTGATCTTCAAGACCCTTCACGACGCGACCGACATCGCTTAGCAAGACGGCGCGGTCTGAACCGATGAAATTCACATTCACGTTCTTGATTTCATCCAAAGACGAAAACTCACCACTGGTTCTCATCAAAAGCTCTTTCAAGGGATTTTCCACTTTACCAATTGGGATATCCTTTGAGGTCTCTTCAATGCGCTTAGAAATTTGCAGCATCGAGATCTGACGATCTTGGACTTTCTTTTTATCGATCTGAACTTGGATTTCGGTTTTACGTCCCCCGATCACCTCAACCTTACCGATATCATTTAAACGCTCAAACTGAGGTTTAATCATCTCATTGGCAACGTCGAAGGCTTCACCCGGCTCTAACTTGGAAGTAATCGCCAAAGTGATCACCGGCTGATCGGCAGGGTCAAAACGGAAGATTACGGGCTCATAAATATCATTCGGTAAATTCCTGCGGATATTACCCAAACGATTTCGAACCTGCTGCTCGGCCTCTTTCACATCGGTCCCTAAGCGGAACTCCAAGATGATCATGGCAACAGAGTCCAAGTTATTAGAAGTCATGGTTTTAAGCCCCGACAAACTTCCAAGCTCGTCCTCTATCAGTTTTGAAACTTGTTTTTCCAAATCAATCGGTGAAGCTCCAGGGTAAGTGACCTGAATCCCTACGATCGGAAAGGTCACATCCGGGAAAAGATCCACAGGCATTTTGAAAAGGGAAATCACGCCCAGGATCAACATCAGCGCAACAACGCAGGTAATGAAAATCGGTCTTTTAATGGACAATGCTGATAAATTCATAAAGTGCTCCGTTTAGCAAAATACCAATTACTCGTTCAAAGGGACAAAAAGGCGACTCTGAGCTTCCATCTTACGAGCTTCTGCACGCAGACGATTCAGAGTTAGAATGGACGTCGATGCATCTTCCTCGGCCGTAATAACGTCTGAGGTGATCGCACGACCGCGACTAAGCTTCAAAGACTGTTCTTTAGCGCGCGAAATATTTAATTGAGTGATACGCTCCGCAGTCGTGATTTGCTTAAGCATTTCATCGTAGCGACGTTGCAATTCACCCCAAGAGTATTCACTCTCTAGCATTTTTCTTTCGCTCTTAAGTTGCGCTGACAACGCCTCTTTGCGCGCTAAAGACTCTTGGGAAACTTTTGCGTCTGTATCAAACATATAGACAAACTTAAGTCCCAATTTCGCGGTCGGAATATCAAGGTTGTTAATCTTATTCAGCGCTTCGGTCGAGGAATCCTGAATATTCGAGTTCGTGTTATAAGCACCTTCTAAAACCAAATCCGGTTTCAAAGCGTCACGCACCTCTTGGGCCCCAAGATTGCGAGTCTTCGCCTCAAGCGCCGCTAAGTATGCATCCAGGCGCACGACTTTTCCATTGGTAGCACCGACAAGACCACGAATATCACGTGCCTTTTTAACGTCTGAAGTTAAAGCAGGAAGTTTTTCTTTGTCATCCATTTCTAAAAACAGACGGATGTTCTTTTCAGCCGCTACCAACTGATCTCGCGTCGAAGCTAGCAATAAATCTCGAGAGGCTGTCAATGCCTGAGCATTTAGGTAATCCGCTTTATCCGCGATTCCATCTGAGTAACGACGTTTCAACCATGTTTCAATACGTTTTGATCTTTCAAGAGACTCTTCACGCGCCTTAGACTCATCCAGCTGAAGGAGATAAGCCCAGTAAGCACTTTCAGCCTCAAACAAGATCTGACGTTGTTGAAGATTGTAACTTTGTTTTTCCAACGTCGCCGCAGTCGCTTCGCGCTGTTGACGAAGACGAGTGCCGCTACCAAATGCGTTTTTCCACAAAGACTGGCGCAAAGAAATTCCCAAACTTCCGGCATGATAATCCGAAAGATAGGCTGGATATCCTGCAGGCACATTGTCGATCTCATTGTGCTGAACGTTGGCACTGATCGATGCCAAAGTCCCCGTCGAGAATTCTTTGGCTACACCAACACTGTATTGTTCAGACTTAAGCTTCGTTCCCAACGTTTGCGGCTGAGCCTCGTCGCTGAGGTAGCCCCCAGACATCGTCAGGACCGGAGACAAGCCAATGTCCCCTGCTTCGCGACGATCCTCAGCAGCCTCTGTCGAGACATCCAAAGATTGAAACTCTTTATTTCTTTTCTTAACTTCCACCAAAAACTCATCCAGCGACATCGCCGATACTGAGAAGTGAGTGAAAATCAAACCCATCAAAAGGGAGTATTTTAGATTTTTCATGTGAAGATCCCTTGTACAAAAATAGTAACGAGTTGCTTTTCAAATTCTTTAAAATTTTGCGTATGCACCATTGGCGACTGAGTCAGTTGAAGCTGGCAGGCCATGATATTGTGAAAGCCAATGATGGCCTCTTGCAAAAACAAAAACACCAGAAGCGGGTTTAAATCTTTGCGCACAAACCCTTTTTTCTGAGCCTTCACCATCACCTGAATTAAACTTTCTCCGATCGGAGTAAAAGTCTCTTCATAGATTTCGCGAGCAAAAGGCAAGGCTGCAAGGCGTTCGCGCTGCATGATCACGCTCATATATGGATAACGTTCACGAATGTCCGAAAAACTCGAAACCATCATCATGAAGACTCTCTCGAGGTTTTCTTTCGAGGACTCTTTGGATTCAGAAGTCTTGATGACTTTTTCGATTTCACTTCGGATTGTTTGGGCAAAGTTATGAATGAGTTCTGTATAGAGCCCCTCTTTGCCGCCGAAATAATAGCTGATTAAACTCAAATTGAGGCCCGCTGCCTTCGAGATATCCCGAACGCTGGTTCCCTCTAAACCCTTCTCGGCAAAAAGCTTGGCCGCGACTTCAAGAATGCGCGCCTTTGCACCGAGATCTTCGGAGGATTTTGCAGACGATGTTCTGTGACCAACCTCTTTCGAACTCATGTCAAAAATGGTAGTTCAAACGTTCGTTTAACACAAACCAATTAAACGAGCGTTTGAGGTCTATTCAAAAATCTGGCCTCAACACGGACTCAAGACTTTAAATCTGCACATGAATCAAGCAAATATGCTCAAAAATAAATATAGGATGCCGAGCCATTAAGCATTCGCTCTTCCTGACAAATTACTAACACGCACCATGGACGTTTTTGCTTGAAACTCTCTATCGAACTGGAGTTAATGGGTTCCACAGACAACGGTTTTTTGAGCTCTATTAAGAGGGGACGAGTTCACAATGCACATCTGTTCTAAGCCACGCTTTGTAAAAAGCCCGATGCAAAGTTCATTATCTGGTACCGCATCCATCTTGATGGCTTTGACGGCCCTTTGGGTTGTCATTTTCACAGGATCTGTAGGACAGGCTCAAGCTACCGAGCCAAACCTTGATTCTTACGCGCCTACCCAGTTACCTATTCAAGAATATTACACCGTCAACGAAGCCCAAGCGACTTTCACGGCAGCACCGCAAAGCACGGACATGTCGCCGTTAAGCATGGCTCGCATTGACGAGCTCACGCAGATGGCAAGAAGCCTTGCCGTGAATCTATTAAGTTGGACCCTGCATCCGGAAGCTCCTGAGATGCCTGACGAGAAATACCAACGCCAGCATCACTTCGGCCGCTGGATCAACGATCCAACAGATGAAACTTGCTACAACACTCGCGCAAAAGTGTTGATCCGCGATTCTGAAGGACCTGTTTCTTTCAAAGAAAAAAACCACTGCCTTGTTGAAAAAGGCGACTGGGCGGATCCTTACGCTGGCGACATGATTACTGAATCAAAAAACATTCAGATCG
NZ_CP178621.1_gap66	2344346	2349007	4661	CGTGATTGCAGGCATCGTTGAAGTTACCGCAGAACCGCCCGCAGTTGCAGTCACCGTCGTTGCAGTCCCAGCAAGAACCCCTGTGAAGGTTGCAGTATAAGTTCCGTTGGCATTATCGCTTGTCGCCGTCATATTACCAGTCGAGCTTCCGCCGCTCGTACCAAATACAACTGTCGATCCACCTGTAGTTAGGTTGTTGCCATTAATGTCTTTTGCTTGAAGAGTCAGAGTTGAAGATGCTCCAGAAGCAATCGTTGTACTGCTAGCCGTGACTGTCGAGTTTGCCAAAGACAGAGGCCCTGGAACAACAGTGACCGTTGGCAGAGTAGTTGAAACACTCGTTCCATTGATAGTTGCTTGAATAGTCGTCGCAGTACCAGCAACGATACCTGCGAAACTTGCAGTGTAAGTACCATTCGCATTATCGGTTGTTGCCGAAATAGTCCCTGTCGAAGTACCACCTGTACGAGTAAAGACCACCGTCTGCCCGCCCGTTGGGATACTGTTGTTGTTAGCATCTTTCGCCGTCAGAGTAAGATTCACAGAGCTTCCTGAAGAAACAGTTGCTGAACTTACAGCCAAAGTAGAATGTGCCGCAGAGATTGCGCCAGGATTTACCGTTACCGTTGGAGCAGTTGTCGCCACTAATGAACCATTGACAGTCGCACGGATTGAAGTCGCAGTTCCTGCTGCAATACCTGTGAAGGTCGCAGTATAAGTCCCGTTGTTATTGTCAGTGGTCGCACTAATATTACCTGTACTAGTTCCGCCCGAGAATGAGAATACCACTGTCGCGCCGCCAGTTGACAGCGCATTGCCGCCGGCATCGTAAGTGCTCAAAGTCAATGTGACTGAGTTTCCAGAAGTCACGGTGCCTGCAGAAACGCTCACTAAAGAAGTCGCCACAGATGGAGGCCCCGGAATCACAGTGATTGTCGGCGCTGTTGAAGTCACCGCGGATCCGCCAATGGTTGCACCGATATTTGTCGGCGTACCTGAGTTGATACCCGTAAACACCGCTGTGTAAGTTCCGTTAGATTGATCCGTCGTCGCAGAGAACGTACCTGTTGAAGCGCCCCCGCTACGATTAAATACAACAGTTGCGCCACCCGCCGTCAGGTTGTTGCCAAACGCATCTTTCGTCGTCAATGTTACAGTCGTCGTCAATCCACTTTGCACCGTTGCACTTGCAACACTCACTAAAGAAGATGCCAAAGACGGAGGCCCTGGAATAACCATCAAAGTCGGAAGCGGAGATGACGTCACATTCACGCCACCCACGGTTGCACCGATTGTTACTGCCGTTCCAGCCTGCGCACCTGTAAAGCTTGCGGTATAAGAACCATTGCCAAGATCTGAAACAACACCAACAGTTCCTGTAGAGGTTCCGCTGCCATAGGTGAAAGTCACAGTTTGACCGCCTGAAGTGATGCTGTTACCGGCAGAGTCTTTCGTTGCTAAACGTAATGTAACTGAACTTCCAGAAGCAACACTTGAAGGACTTGTATCAATAGTCACCAAAGACTGAGCTAATGAGATCGCTCCAGGCACAACACTGACAGTTGGTTTTGGTGTTGTAATTGGTGATCCACCGATAGAGGCCGCGATATTTGTCGCAGTCCCAGCAAGAACACCTGTGAAGGTCGCAGTATATGTTCCATTGCCAACATCCGTCGTTGCACTAATAGTACCAGTCGACGAACCACCACTATGAGTGAAGACGACCGTCGAACCGCCAATTGCTAAATTATTCCCAGCCGCATCTTTTGCTTGAACAGTTAAAGTAACCGATGAACCTGAAGACACCGTCGAGTTTGAAGCTGTGATTACAGATACCGCAGGGCTTGCAGCTCCTGGATTTACAGTCACGGTTGGCAATGTCGTCGTGACAGCCGCACCACCAATAGTTGCTTGGACGGTCGTCGCTGTTCCGGCAAGAACACCTGTGAAGCTTGTAGAATAAGTTCCATTTCCATTATCAGTCGTTGCACCAATAGATCCTGTTGAAGTACCACCGCTATGAGTAAATACAACAGTCGAGCCGCCTGAAGCCAGATTATTTCCCGCAGCATCTTTACCCTGTAAAGTCAGAGTCACATTGTTGCCTGAATTCACAGTTGCTGAAGAAACAGTGATCGTAGAACTTCCGACAGCAATCGGGCCTGCAGTGACAGTCACAGTCGGAGCTGTTGATGTTACCGCGGAACCATTTACTGTTGCATGAATAGAAGTGGCAGTCCCAGCAAGAATACCCGTAAAGTTTGCTGTATAAGTTCCATTACCAACGTCTGTAGTTCCACCAAAGTTACCCGTCGAAGTTCCACCCGTGCGAGAGAACACAACCGTAGATCCACCAGTTGGAATATTATTACCGGCAGCGTCCTTTGCTTGTAGGGTCGCTAAAACCGCAGATCCAGACGCAACTGTTGATGACGCCACAGTAATCACAGAACTAACCAAAGATAACGAACCTGGAGTTACCGCGACCGTCGGTTGAGTTGTCGTGATTGGCGAGCCATTGATCGTAGCGGCAATTGATGTTGCACTGCCTGCGATCACACCCGTGAAGTTTGCAGTATAAGTTCCGTTACCAACGTCGGTCGTAGAGCCAATCGTGCCAGTTGAAACTCCACCACTATGAGTGAAGACCACTGTCGCTGAACCAGTCGTTAAACTGTTCCCCGCAGCATCTTTTGCCTGGACTGTCAGAGTGACAGACGAACCTGATTGAACCGTCGAGTTAGAAGTTGCAATCAAAGAAGTCGCTGCACTTGCAGCTCCTGGATTAACAGTTACCGTCGGTAAGCTTGTCGTAACATTGGAGCCACCGATTGTAGCACCAATATTTGTTGCAGTTCCTGCTAAGACACCCGTAAAGGTTGCCGAGTAAGTACCATTTCCATTATCAGTCGTAGAACCCACTGTCCCCGTCGAGGTACCGCCGCTATAATTAAATACAACTGTCGAACCCCCGCTTGTTAGATTATTTCCAGCGGCGTCTTTCGCTTGCATTGTCAAAGTCACATTGCTGCCAGAATTTACTGTGGCAGAAGAAACACTTAAAGTTGAAGCAGCAACAGAGATTAAACCCGGAGTCACCGTGACGGTTGGTGACGTCGAAGTCACCGAAGAACCATTGACCGTCGCAAATACAGAGGTCGCCGTTCCCGCGATCGCTCCAGTAAAGGTCGCAGTATATGTGCCATTACCGACATCCGTTGTTGCACCGAATGTACCAGTTGAAGTTCCACCAGAGCGCGAGAAGACAACCGTAGCACCACCTGAAGTAATATTATTACCAGCCGCATCTTTTGCCTGCAAAGTTGCAAGAACTCCAGAGCCGGAAGCAACCGTCGAAGAGGCCATCGTGATTGTCGATGCCGCTAATGACAAACTGCCCGGTGTGACCGATACCGTTGGCAATGTCGTTGTTACCGGAGAACCACCAATCGTTGCACTGATTGTTGTTGCGGTTCCGACTAACACGCCCGTGAAGCTAGCTGTATATGTTCCGTTACCAACATTTGTAGTTGAACCAACAGTTCCCGTTGATGTTCCGCCACTAGCACTAAACACAACCGTAGATCCACCCGTGCTCAAGCTATTCCCAGCCGCATCTTTCGCCTGCAAGGTTAAAGTAACAGATGAGCCTGATTGAACGGTACTATTGGAAGCTGTAATAAGCGAAGTTGCTGGACTTGCAGCACCTGGATTTACAGTTACACTCGGTGACGTCGTAGAAACATTCGATCCACCGATCGTTGCTGTAATGCTGGTCGCTGTTCCCGCAAGAACACCTGTGAAAGATGCTGAATAGGTTCCGTTACCATTGTCCGTCGTAGAACCAATTGTTCCGGTAGAACTTCCACCGCTGTGACTAAACACAACCGTCGATCCACCACTTGCTAGATTATTTCCAGCAGCATCCTTCGCTTGTAGATTTAATGTAATGCTATTTCCAGAGTTTACTGTGCCTGAAGAAACACTTAAGACCGATGTTGAAGAAGAAATCACACCCGGAGTCACCGTCACCGTCGGAAGAGTACTCGTGACGTTAACGCCGTTAACTGTGGCATTGATGGTCGTCGCAGTTCCAGCAAGGACACCGGTAAAGTTCGCAGTATAGGTTCCGTTACCAACGTCAGTCGTTGAACCGAAGCTTCCCGTCGATGTTCCACCAGAACGAGAGAACACGACCGTCGCGCCACCAACAGGCACGCTGTTACCCGCAGCATCTTTTGTTTGTAGAGTCGCAAGAACTCCCGCACCTGATGCTACCGTTGAAGAGGCCATTGTAATCAATGAATTTGCTAATGACACTGGACCAGGAACAACTCCGACTGTTGGATGAGCCGTCGTGATCGGTGATCCGCCAATTGTCGCGCTGATGGTCGTATCAGTTCCTGCAAGAACACCCGTGAAGCTTGCAGTATAAGTTCCATTGCTATTATCAGTGGTTGCACTAATGGTCCCCGTAGAGCTTCCACCGCTATGACTAAACGCCACGCTCGAGCCCCCGACAGTCACGCTATTTCCGGCAGCGTCTTTTGCTTGTACAGTTAAAGTGACTGAAGAACCCGAAGCCACCGCTCCGCCAGATACTGAAATAGTTGAAGTCGCAGCACTTGCAAGTCCTGGGGTCACAGTCACAGTTGGCAACG
NZ_CP178621.1_gap67	2387420	2389703	2283	AATATCCATTGGCGCTTTTTGCAATCGTGGGTTCGACTTTTTGTAGTAGTCAAACTCAAGTCTATTCAGAACAATGTACTGTACTCGATCAAGACTCAGTTTCGTGACATTCGCCAAACCAGAATCTGCATCTTCGCGGATCACAGAGCCATCTTTAAAGAATGGATCCAAACTTGGGTATACAAAGTTCAACGTCGTACCCACTATTTTTCCTTTAAGGTCTTTCAAGGAATTTATATTTGTCTCTTCAGTCATACTCTTAACGCTAACAATATGATCACTTTGCCTAAATATCGGAGAGCTCCAATAAAAACTCTTCGCCAGAGGCCCCGACCAGATCTCGTTGTCGAAACAAATCATATCAATCTTACCTTCTGCTAAATCTGTATGCAGGCGACTGCGCGGTAAGAGCGCAAAAACCAGAGGTCTGTGCAGATGCTTTCCAACTTCTAAGGCCAGATCAAAAAAGACGCCTCCTCGAATTGTCGGAGACTCGGTGCTGGTATCAGAAATTATAAATGGCGGTGAATCGTTGTTATTAAGGCCATAGACAACGGGTCTAGGAAAACGTTTTGAATTCGCGTACCGATTAAAAATCTTTTGTATTGTGCCCTTGGTTTTCAGGCGATCAATCGCACTGTTTAGTTTTTCAATAGATAAAGATGATTTTCGTGAAAGCGCACAGCGGATGTCCATGGTGTCTAGAACAAACGAGCTGCGCTTAAGACCCGGATTTGTCGACTTATGAAACGGAAACTCCATTTCGCTCATAATAATGTAGTCGAGCCGACCGCCGTTGAGTTTTGCAATATTGGCCGTCACCGACGGGGCATCATCACGAAAAAGAACCTTATCAGAAAAACGCTTTTCTAAATCAGGGTAAACGAAGTCTTCGAGCGTCCCAATCGTGATGTTTTGAATCTGCTCAGGACGGGAAAATGGAATATCCTTTTTGCTGACCAACACTTTTTTGTAAGTATAAAGAGGCTTGCTCCAATTGACGGTGTTTTTGTACGGAGGATTCCAAGCGGTGCTTGTATGGCAGAGGACGTCCATATTGCCACTGGTTAGCTCTTGCGGGGTTCGTCCGCGGGGAATGATCACGGTCGTGTAATCCACCTTCAGCTCTTCAGCAATGGCTATAGAGACTTCATACAAAAACCCACCCGTGGCAATCGGCATATTTTGATTTTCAAATCTATATAGCAATGGCGGCGCATGGCTGGCGCTCAGACCAAAGCGAGTCTTCTCAGCAGCTAGCGCATCGGTCGCTAAAAACAAATGGTATGTAAGGGCAGATAACAGAAGAATAGACAGGCTTTTCACGTCGATATTATAATCCGACACAGCCCTGCCAGTCTCTCTTTTCTGTGAAGATCTAAGAATTGCGACGGAAACAGCAATTTAGTTATTTGTTGCTAAAATCCCACTTTATAGACAGCGTTGTCGTGTAAGTTGGAAGTTTAGGGCAAGAGCCATAAGCATGAACACTCATCGTTCCCTTTGTAAAGAAATCCGTTGCATCCACCAAGTAGAACCCCTGCGGACACGCATCGCTCATTGCTTGAAAATATTTATTATCGGAAGGAACATCTGCCACCGCATTCATTTTTCCGCGGTTCATTTCGACAACACGATAAATACTGCTAACGTCAGACGGCGTAAAACCATGTTTCAATTTTAAATTAAATTTGATCAAGGCAATACGAGGTTCTTCCAATTCGTAAGTCTTCACGAGCGGCAAAGGAATTGAAAAGTTCGGATGCTTTTCTTGAACTTCTCTTTTTTCGCCTTCCGTCAAAGGCGCGTAGTCTCTAAGTGGTGCCCAGCCGTATCCCCAGGCCCAAGGTGCTTTTAATTCTGTAAGCCCACCAACTTTAACAGATTCATAATAGGCATCTGCGATCACAGGAAGTGTTTTCTTATCCAAGCACATTTTAAAATCGGCATCGGCCTTTTCTTTTTCCTCAAAAGTGCCGCCCTTCCAGTACTCAACATCATGGGCAAGGCAACACTCGAGAAGTTCTACTCCGGGCACAAAACCATCCGGCGAAGAACTGCAACCATCAGAGACAAAGGGCTTTAGCGCCCCCGCTTCAGAAACAGCTGCAAAACCAAGAATTAAAAATGCCAAGGCTAAGAGGTATTTCATAACTCACCGGTCCCTGGTTGGAATTCACAAGTGGTAGTTGGCGTTAGGAATCGGCCCGATATCGTATTGCCCTCAACTTGATCAAAGTATTTCAAGAGCGTGCCTCTACCGACATAAACATTCTCAGAGGT
NZ_CP178621.1_gap68	2403939	2408164	4225	GCGGAAATCGCTACATATGCGAAATGATCGTGGATTTCGATTTTACCCACATCAGAGGAACTCAAACCGCCAGACTCGCCCGTCAGAGCCCCTAAAATATCGCCTGGGCGTAGTTTATCTTTGCGCCCCCCTGAAATAGACAGGGTTTGCATGCGAGACTCTCGTTGACTTTTACCAAGCCCATGCTGGTTTTTAAACCCTAAAGACGGCTTCACAAACTTGGCCTTCACGAAGCGCTCAAGCTCGACGATACGAAGAGCTTCGCGAGGACTCGCCAAAGAAACAGCCGTGCCTGTTTTACCAGCACGACCCGTGCGACCGATACGATGAACATACACTTCTGGCTGTTGCGGAAGATCGAAGTTTACGACAAGTTCTAGATTTTCAATATCAAGTCCGCGTGCTGCGACATCTGTAGCCACTAAAATACGATGACTGCCATTTCTAAAAAGAGCCATCACACGTTCACGCTCGCGTTGTTCAAGATCCCCATGAAGAGCTGCACAGCTCACATTTTGTGCCGCAATCTTCTCAGCAATGGCACTCACAGCTGCCTTGGTATTACAGAACACTATTGTGGATTCCGCTGGATGCTGCTGTAATACGCGCATCAAAACATTCAGTTTATCTTCAGGCTCGGTCTCATAGACGAGTTGCTCAATCAACGCTTTAGCCTCTTCAGGCTCTTCAATGACAAGCTTTACGGGATTTTTTTGAAAACGACGGCTTAGATCCTGAATGGATTCCGGGAATGTTGCTGAAAACAAAACCGTCTGTCGAACTGCCGGTACGAATTTCATGATGGCTTTCAATTCTTCCTCGAAGCCCATCTCTAACATTTTATCTGCTTCGTCTAAAACCAAAGTTTTTAAAGGGCTTAAATCCATGCGCCCACGCTGCAAATGATCTAGGACACGGCCTGTGGTTCCAACGGCAATATGGACACCATTTTCAAGAACGGCAGCCTGCTCACGTCCTGGTTGCCCACCCACAAGTGGCAACACTTGAAGACCTTCTAAACGACGTCCCAGCTTACGGATCTCGCCTACGACCTGAACAACCAATTCACGGGTTGGACATAAAATGACGGCTTGGAGTCCCCGGTCACGGATTTGGATTTTCTCAAGGATCGGCAATGCGAAGGTCGCGGTTTTTCCGCTGCCTGTTTTAGACTGACCAATCAGATCTTTGCCTGAAAGTAAAACAGGAATGCCTTCGGCCTGAATCGACGTCATGGTTTGAAAACCCAGTTCACCAACAACCGTTAGTAAATCCTGAGACAAAGAAAGTGATGCAAAGTCTGTTTGTTTCAAGCCATAACTCCGTAAAAAATGCGAGGTTCTTTTATAGCAAAAACCCCTCTTACAGGCCAAAGAAATCCGATTGAAGATCCCAGACAAAACGAGTAGCTTCTCGCCATGTCCTCGGTGAATCCTTTTTACACGTTTAACTACTCGCAACCGGAAGAATACCGTTTTTCCCACGATTCGGTGTTTTTAGCCCGTCAGGTTTTCGAGGCCATCAATCCCGATGAGATCGCCTCTCTAAAGGGGTTGGATTTATGCGCAGGCTGCGGAATCATCGGCTTGGACTTCATCTTTCATTGTCAAAAAGAACTAAGAACCAGCCCGCTATCGTTTGACTTCATCGAAGTCCAAGACATTTACCGAGAACACTTCAACCGCAATTCTCAAAATATTTCTGCAGATAAAACGTCGCTGCAGTTTTTAAATATCAACTACGCTGAACTTTTGAGTGAACCTTATCAAGCTCGTTATGATTTGATTGTTTGCAACCCTCCTTACTTCCGTCCGGGCCAGGGCAAAATGTCACCGTCTGAGTTTAAAAATCGTTGTCGCTTTTTCATCGATTCGGATTTCAAAACACTCTTGACCGCGATTGCACGCGCTCTTTCTCCGAAGGGACAGGCCTACGTCTTGTTAAGAAGTCTTGAAGATCATGGTTTTGATGCGCTCCAAGAAGCGCGCGAAATTCTCTCGGGAATCGGACATATTGAGCCATGGGCGGATATTCGCGGCACTCATGCCGTACGCATCACACGACACGGAACAATAATTCCTTCATAATTTTCAGCTAAGCAGAGACTTCGCAGAAAACTTCTTCTAAACTAGGCTATGGAAAAAATCTTTAAAGACTCTAAAGGCAATACTCTGAGCTACGGTGTGTGGGGCGACGTCAAACACCCGGCTATTTTGTTCTTTCACGGATTTCCTGGCTCCAATATCCAAGGCAGCGCGCTCACTGACGAGCTCAAAAAACATCAACTCTGCTTGATCGCAGCAGATCGCCCAGGTTACGGCGGTAGCTCTCCTTTGAAGGCATTGAGTGTGCATGAGCACATGGAAGGCTTGATTGAGCTTTTAGAGCTTCATGGAAAAAAAGAATTTTACGTCGTGGGCGTCTCTGGTGGAGCGCCGATGGCTCACATTATGGCGTCTGAGTACTTTACCCAAGTTCAGTCTTTAACGATTGTTTGCGGACTTGCGACGCCGAATACCGACACTTGGAAAAGTTTTGGAAAATTCCAACAGCGCGCGCTCACCATGCGAAAAATTGTTCCTGAATTTATTCTTCGTCCAATCATTAACAAAGTCCTTCGCAGGCACGGTCCTCACGAGCGTATTAAGCGCTTCTTAAGCACTCTCAATCAAACGGATCGCAATATTTTGAAGGACATTGAGAATTACAATTTAATGGTTGCTTCGATGACAGATGCGATTCGCCAAGGGGCACAGGGCATTTTGTGGGACTCAGCCCTCTTTAGCCAAGACTGGCTCACCGCCTATTGTGAAATGGATGCATTGGCAAAAATTCCCGTGAGTTACTACCATGGAACACAGGATTTTATTCTTAATTACAAAATGGCCGAGCAAATGAACAAGATGTTGCCACATTCCACACTTGAGATTTTCGACGGTGAAGGACACTACTCGCTGCCATTGACCAAACGTCCGCAGATTATTGAAAAACTTCTCTAGTCAGATCCGGCACTATTGATCTCGGGAGTGACCTCCTCTATAGTGCCGCCCATGCTTAAACTTATTATTACTTGTACCCTATTTTTCTTCCTGAGTCCGACATCAAGTTTTGCAGCACCATCAAACGATGAATACTTCGGCATGACCGAAGACTTTCCACCCTTTAACTTTCTTGATAAAGAAAAGGTCGTTGGTTATTCCACCGACGTGATTGATCTTGCTTTCAAGAAAGCGCAACTCAAAACCACTTTTACTCTATGGCCGTGGTTACGCGCTTTCAATCAAGCGAAAGACACTCCTAAGTACTACGTCTACTCAACTTCACGCACACCTGAACGTGAAAAGCAGTTTAAGTGGGTAGGCCCCATTGCTAAAGACAGCGTTTACCTGATGGTCCTCAAAGACTCTCCCATCAAGGACTCTGCGGACTTTAAGAGTTTGAAAAAGTATTCGGTTTCAGGCCAAGCCGGAGATCAACCAGTTCTGTTTCTGCAAAAGAATGGCTTTGATGTTTTTATCGCTGCGGATGAAGCAGCCCGTATGAAAATGTTCAAAGATAAGAAAATCGAAATGGACATCATGACAACTGGAAGCCAAGAGATCTACGAACAACTCTGGAATCTGAAGTATCGTCGTGTGGCCTTCTTGTATGACACTGACTACTGGGCGGCATTCAATGTGAATACACCAGATGCAGTAATCGCCAAGCTCAATAAAGCCGTGGCCGAAATGAAAAACAACGGCACTCTCGACAAGATTGCCGAGAAGTACCGAGCAAAATAAGAAAACTTAGTTAGGGCAAACGATTGTCAAAGCTTCGCCGTTAACATTCAAAGAAATGTTAAGAGCTTCAACACGGCTTTGAGATACAGAGTATGAACCGTTTTTAGCGTAAACATCGTAAGCGCCATCAACCAAAAGGATGCTCACGAAAGTGCCTTGAGCAGTCGTACCTGTATAGCGATAAGCAGCTAAGTCCAATCCTGGCTTAGTGATATCTTCAAGAACAACAGTTTCAGAGTTCAATTGGCAAGTAGGTGTAAAAGCAAAAGAAACGCCCGGAAGCAGCAACGCCGCAAGAATCAAAGTCTTCATAAGACCTCCTATATGGAGAGGCATAATATACTCATTGCGTTATAATTAAAAATGGATTATTATATATTTAATAATAACATTTTCTTATATTTATGAATCAACCAAACCTTTACCATCTTCAATACTTTATC
NZ_CP178621.1_gap69	2491036	2494792	3756	CCCAGGCTATGCGGTCTCTTTCGGGATCATGCGCCGCCTGACCGTTAAAGAAATCATGGTGCCCGTCAAAGAGGTCAGCGTTCTTGATAGCGAAATGAGCATCCAAGAAGTGGCAAAGATCATCGCAGAGACAGGACATACCCGCACGCCCGTTAAAAAAGGCAATCGCATCACCGGGATTTTGAATTCTAAAGAGTTCCATCTTTTTAAAGAGTCCCATCTAACCGATTGGCTCAGCATCGTTCGTGGCGCTCTTTACCTTGAAGAAAATACCGACATCATGAGCGCCCTCAAAATGCTGCAAGGCCAGCGTAAGCATATGGCGATCGTCATTAGCAATGGCGATCCCGTGGGCATCGTCACTATCGAAGACATCCTGGAAGAGTTTGTGGGCGATATCTTTGACGAGGACGATGATAACGTCGTGAAGCAGCTTGTACGCGCACGCACCAATCTTCGCCGCCGCTAAAAGATTCTAAAACCTGATTCCACGTTGCCCTTTCTGGGAAAATCCCCTATGAAAGCGTCTATGAAAATCAAAAGAATCTGCGTCTATTGTGGCGCGAGCAGCGGAAACAATCCCAACTTCACATTAAAAGCCAAAGAACTTGGAAAACTCCTTGCCTCAAAGGGCATCGAGCTTGTCTATGGCGGCGGTCACGTAGGTCTTATGGGCGTTGTTGCAGATTCTGTTCTTGAGCACGGCGGGAAAGTCATCGGTATCATTCCACGTAAATTGATGGATCAAGAGCAAGGTCATACCGGTATTCAGGATCTTCGCGTTGTGAATGATATGCATGAAAGAAAAGCTACAATGGCGACCTTGGCTGATGCTTTTATCGCGCTACCTGGGGGCTTCGGAACCCTCGAGGAGCTCTTCGAAGTGCTGACTTGGTCACAGATTGGCTATCATCAAAAGCCGGTGGCGATCCTGGATGTCGACCAGTACTATCACCACCTTCATAAATTCGTTGAACACGCTGTCAGTAGCGGCCTTTTAAGACCGCAATATGGAAAGCTCTTCCAAGTGACTGAGAGTACGGAAGAAGCTCTCCAAATCTGCTGCGGAAATTAGCGCTTTTTACGAGCGCCTTTTTTCTCTGCAATTTCAGTTTTGCAAGTCGCTGACAATTCAGCTTCGTGTTCTTTCATACATTTTATAATACGACCGCCACCAGGCTTTACGTCATGACAGAACTTTTCGAAATCTTCGTGACAAGCTTCTTTGACGTCTTTCATAGCCTCTTTGGCCGCTTTCATGTGTGCTTGGCACTCAGGCTTAAGTTTCGCTTCGTTCTCTTTCAAACACTTTACGATTGCACCATGACCTGCAGTCACGTCTTTGCAATAAGCTTCTTTATCAGCCATGCATGGTCCTTCATGCTGGTGAGCAGAAGCCACGAGTGAAAAACCCAAAATACAAGCTGCGATACCAATTATTTTCATCATTAAAAATCCTCCTTAATTTCGGCCCCGGGCCGTCCTAAGCACTAAACTTAACATGATTGGGCTTACTGTCAAAAGCTTCGACAACGTTCGTTCCCTAAAGACTATTAATTCACATTTCAGCAAGCACCCCATTTGCTCTCTAGAATGATGACTTTAAAAATTAACCAAGGACACGGATGTGGACTTTCTAAGGCATGTACGCCTTCCCGCTTTAATGTGGGCTCTTACAGGGATGTTATTCGTCACTCTCGCAAGCGGGATCAGCCACGCTCAGAATTACGTTACGCAAATCCAAGACTTCCAACAGCACATAGAACTTCATCGCGAGCGCGTTGTTGTCCTTGGAATGACTTTGGCAGCAAGCCACTTTCCAAATGTTTCTAAGAAAGACTTAAAGGATTTTCTAAGACTTCATGACAGCTCAAAAACAATGAGAAACTCTTTGCCGCGCCTTTTTGAATTTTATGGCAAACCACCCGCAAACGAAGAGGCCCGCGCTCGCCTGATGTCCACTGTCAGTGATATCAATGCCATTGATCATTCGATCGCCGAAAAATTCTTTAACGAACGCCATCTTTCACCAGAAATGGTGGAAGCTCTTTATACGATTGAAAAAGTGGCGGATCTGGTGGATCGCAGTTTAGACCCGGTGGCGGCTGAAGAGTTTGGCAGAAAACTCAGTCCAGCTAGTCAGTTTTTTAAAGAACAAGAATTAAGAGATCTTTCTTTGTGGCTGGAGAGCCGCTATTTGAATATCGTGCCTCACCTGCAGATGGCTCCTATAAAGAGCTGCCGTCGCGTCTGGAACTAAAGACCAAACGCCTGCCAAATCAAAGCATCTAAACGCGCCTCGTCCTGAGCAGTGTCTGCTGGAATATTCTGAGCAATGCTTTTTACCAAAGTTAGGATTTCGGTCTTTTGCTCTGGGCTTAGTTTTGGAATTGGGAACTGCTCTACATACTGGGTCATAAAACGACGGCGTCCCGCATAGAGTTTGTTATTGAATCTATGGTCATAGTAACTCTCGATAAACGAGGAATTTGCAACGGCAACGGCTAACCACAAATAATCTTCAGACATGCCTTCAAAGAGCGTTAGCCAATAACAATCCCCGTTTACAATAGCGCCGCTTTCGTCCAACCAGAAAGTGGGTTTATCACAAATATCACGGAAGACCATTTTAGGTTTTTGCCAAAGCGCTGGTTCTTGCGCGACCCAAAGTTCAAACCAGTTTCGGCCCGCTTCGATTAGGTAATCGCGAGCTTCCAACTGTGAGCGGTATTTTTCAAGATACTGCAAAGCGCGAGGATATTGGGTCAAATCAACCGTCGTCTTTTGCCCTTCACTGAAAGCATGAGGATACAGAATCTTTCGTGGATTTTCTTCGGCTTGTTTGTAGCGATTCGCACAGTGATGCGTGATTAACGGCTTTAAGAGTTCTGCTTCAGGGCACAACTCTTCGCTGCTCCAATCTGTACGAATGAATATCTTATCGGCTGTGGTTTTGACACCAACACGGATCTTGCCAAGATCGCCAAAGAAGCATTGCGTGTGCGCCTTCACCGTCTGAAACCAATCGTCGATTTCAGAATTTGAAACTCTCCATACGTCGCCAAGTTTTTCAGGAACTTTCAAGTGTCCTTTTTTAACTTCAAAACCGACACCTTCTTCATCGATAAAAACGCCAGAGCCCTCTAAAAGCGCATCAAATAACGGCGCGCTCTTTGACTCTTCTAGAGTCTGAGAGCTCGTATACATTGATGTAAAGATCGGTGCTTTTTGCTCTTTCTGATTTTTTTCCGAAAAGACCAACACTGCCGGAAGGACCGAGGCCTCAAAGATTTTGCTATCGCCCAAGTCCCACACTTCATGCAGCTGGTACTGATTCCAAAGACCAGAGCGGACACTGGCGCCTGCTTTGGTGGTCATAAAACGATTCGAAACAATAAAACCCGCAACAGTTTCTGAATGCATGAATTTTTTAATGCCCAAAAGAAAAACGTAGTAAAGATCGATACGTCCATCCAATGAAAAATCACGACTTAGTTTGGAAGAGTGCTTCGAGCCCAAAGCTTGAGTACGCACATACGGAGGATTCGCGATAATCAAATCGTAAGTTTGATCCTGACCAAAAGAAAACAAGTTTGGGGCTTCCAGTGTCTCTGTGAAATCGCGTTGTTTAAGATCGATTTCGACCTGTACACCCAATTCTGACAAGCGTTCTTCGGCAAGCTTAAGAGCATCGCCGTTGATATCAGATCCTGCGACAATTACTTTCATAACTCCACGGCGAAGAAGCTCTTGTGC
NZ_CP178621.1_gap70	2496833	2498618	1785	TGCGGCAGCTCCTAGCGCGGCTGCGGCACCAGTACTGGCACCAAAATACGCAATAGGCGTATCTTCATCAGGCAAGTATTGAATGACCTCATCGGTGGCCTTTAAAAGACGTTGAATAAGAAGTTCGATATTAAAAACATTATTACGATTATTGGCTTCATCCTCACTCAAAAGATCTGAGAGCAAGGTGCTAAAACCGATTTTATTGAGCTCCTGAGCAACAAAGCGATTGCGGGGACTTTTACGACTGCTGCCGCTGCCATGAGCGAAGATCACAATCCCCTTCATATTTTTCACCAGTTGAAGATCGCCTTTAAGGTGAACGTCTTCGTCACGAATAGTAATTTCTTTTTCCGCTAGCACGCTCGGGCGAGAGCTTTTTTCTACAAACTCTAGAACCTTTTGGTCTTCAACTTGCCGGAATTCCGAGTACCAGTCACCGACTGCAATAAAAGGAAACGGAGTCCGAAGGCAGACCACCTCGTCGACGACTTTTTCGATTTCTTGCAACGTTGATAGCGGCGCTACCGGGGCTGCAACAATGATTTTGCGCGCGTGTCGCTCTTTTAGAATATTAATGGCCGCCAATAAAGTCGCGCCCGTCGCAATACCATCGTCAACGACGATCACATTGCGATCTTTCATGGGAATAGCAGGACTCTCTCCGCGTAATTTTCGGACCTGCGCCTGAACTTCAAGGCTTTTATTTTTGGCGATCTCTTTAAGGTCTCTGGGGTCTAAGCCAATTACGCGAATGACTTTGTTATTAAACCACGGTTTGCCGTCTTCGCTGACGGCTCCTATCGCAAGCTCGGGATTTCCGGGTGCACCAATTTTTTTGACCATCAGAAGATCCATCTCGGCATCAAGCTTTTGTGCGACCTCAAAAGCCACAGGTACTCCGCCTCGGGGAATAGCCAAAATCAGTGGCGATAAGGATTTATAAGAGACAAGTTTTTCGGCCAAGAGCTGGCCCGCTTCCTGACGATTTTTAAAGCGATCCATACGTCCTCGAAGTCAAAAAAACAAGAGGCCCTTTTTAGGGGCCTCTTGAGGGGTTTCGTATTAGTGTTTGCCTTTTTCTTGGGACTTTTGTTCGCCCGCCTTCACTGTTTTTTCACGGTGAAGAAAGCGATCCAGCAGTCCCTGAGGTTGACCCGATTGGATCTTCACTTCTTGGGCTTCTTTCACTTCTGTTTTTGGCAATGCTACTCTGAGCACACCATCTTCAAAGCTTGCTTCGATTTTCTTTGCGTCGACGCCCTCAGGCAGACTAAAGCTGCGAGAGAATCGGCCCGAGGATCTTTCGTAGTAACCTTCTTCTTTAACTTCACGGCTTCTTTCACCAGAAATGCGCAGGGTATTGCCGCTCACATCGATTTTGATATCGTCTCTTTTAATACCTGGCAGGTCTGCGGAAATTAGGAAGATCTCGTCGCTTTCTTCGATGTCCACGGAAGGATTGAACTCGGCAAGCGAGCCTGATCCTCGCTCTTCAAGCAAGCGATCTCTAAGGGATCCTCTGTCGATGTCTCGAAAATTTCGGTCCATTTCACGAAAAAAGTCATCAATGGGTGACCCAAATAATGATCTGCTAGAAAATGGACTCAACTCACGACGGTTTCTAGATGACTGCGGTGAACGCATAAAGCCTCCTTAAATGATTCACAGTTGAGACTTTACGTTCCCCAAGAGTCTTGAAGCCCGAGCGACACCCGTGTGACTTGGGTGTGAATTTTTACTGGCGATTTTCGCAAGAGATAAAAGTGTACTGGCTTGATTTCT
NZ_CP178621.1_gap71	2500784	2502389	1605	GAAAACCGGTCGAGAGCGAGCTCTCAGCCGATGGCAGATACCTGTGGGTGCCATACTATCGCCGTGATTGGGATTCATTTGGTCAATCCCCTGGTGCCATCGCAATTATCGACACACAAACGGATGAAATTGTCCGCGTGATGCCAACGGGCCCGATTCCGAAGTACGTGACCGCTTCGCCAGACGGAAAGTACGTAGCTGTTATTCACTGGGGCGACAACACCGTTGGCTTGATTGACACTTCTAGCGGTGATCCTCGTCAGTACAATTATGTTACGCACCTGACGGTGGAACAACAACTCAGTCAAGTGGGCCTTGAAAACACCGATCGCGATAAGACTTGTGGCTTTTGCTTGCGCGGCAGTGTGTTCACGCCAGACAGTCAGTACTTGATCGTTGCCCGCATGGGTAAAGGCGGGATTGCGGGCTTCCACATCCCGACTCAAACTTACTTGGGTACGATTCTAAATATCGCATCAACACCAAGACACTTGGTTTTAAGTCCCGATGGCAGCACGATCTATGCAAGCTCAAATATCTCGGGCTATGTTTCAAAAGCGCCTCTTGTCGATGTCGTCAATGCTTTGGTTTCGGCGAAAGGTAAGCGTATTCAGGGACCAAAATGGAAGTCAGCTTTTGTCGGCGTTGGTGCACGAACCTTGGATATCTCTCCGAAAGGGAAATACATATTCGTAGCCGTTAACAATACGTCAGAGCTTGTAACTCTAAATGCACAAACACTAGAAGTTCTTTCGAAAATTAATGTGGATCCATATGCTGTGGGACTTGCGGTTGCTCCGGATTTATCGGCCGTGATCCTGACCAGCCAAGGCCGCCCTGGCCAAGGCGGAGGAAACACCGTGAACATCATTCGCGTCCACGCTAACGAAAGCGATGCCCTTCAGGTGACACCGCTTCGTTAAGGCATAAAAAAAGGAGACTTCTTTAAAGTCTCCTTTTTTTATTTGCTATCTCAGTATCAACTAGTGACTAGAAGCCAGATCTACCACGCGGTTGAAGACCAACTGCCCAGGTTTTGAATCTTTGCTATCCAAGCAGAAGTATCCGACACGCTCAAACTGATAACGAGTTTCTAGTTTTGCATCTTTCAAACCGATTTCAAGTTTTGCGTTTTTGATCACCTTCAGAGAGTTCGGATTCAAGTTTACTTTGAAATCCTGTCCTGCTGGTACGTTTTCTGGATCTGGGACGCTGAAAAGACGCTCATAGATACGTACTTCGGCGTCTAGACATTCGTTCGCAGACACCCAGTGAACGATCCCTTTTACTTTTCTGCCGTCAGCCGTTGGCTTACCACCTAAAGTGACAGGGTCATATTCACAGCGAAGCTCAGTCACTTTGCCAGAAGCATCTTTGATCACTTCTTTGCACTTAATCACATAAGCATTACGTAAACGCACTTCGCGGCCTGGGCCCAAACGGAAGAAGTCCTCTGATGGGTTTTCCATAAAGTCCGCAGCATCAATGTAAACTTCTTTTGTGAAAGGCAATTTTCTGTGACCAAGTTCTTTGTCTTTCGGATGCACAGACGTTTCGATGTACTCTTTATGTCCTGCTGGAAGATTTTCGATCACAACTTTGATT
NZ_CP178621.1_gap72	2617193	2618016	823	GAACCTTTCTTCTATCATGATGAGTAAAGAAGGCGGCGCCAACGAAATGCTGATGACCGTGATCCAGCAGCTTTCAGATCATCTTGGAAAAACAATTAAAGAAGTTAAAGTCACCGTGATCTACACAGGTAGCAAAAAGCCTTTGGAATATTCTATCGTGACGTACTTTGTGGACTACAACAAACCTCTTTCTATTGGTGGAGCTTCTGCTCCCGGAGGGGCAGGTCCGTAATGCAACGCCCTTCTTCGCAGCAAGGTTTTACTCTGATTGAGGTGATGATTACGGTTGCGATCCTAGGAACGCTGACGCTTCTTGCGACGCAAAGTATTCAACAAGCCATTCGTGCAAAAGCAAAAATCCAAGAACAAATTGATGATGTCTCGCGCATGCGTGACGCCTTTCGCTTGATTGATGCTGATATCAATCAAGCATTCCACTATCGCGATGTTGAGACTGAAATCACCCAGCTTATGAATAAGACAACTCAGGCTCCGGGAATGCCGCCTCCTCCACCAACACCGACTCCGCCGCCGGATCCAAGCATGGCTCGTAGATCCAATCCTGTGACTCACCTAGTGGGCACAGAGAACACCGTGGACTTTGTGACTATGAATAATGCCCGCATGATTCGCAATTTGAAGCAGGCTGATTTCATGGAAGTTGGCTACTCTTTGAAATCTTGCAAAAGTTTGACGGGCGAACAAGGCAGTTCACAATGCCTGTGGCGCCGTACAACCAGCTGGGTGGATGAAGACGTGACTAAAGGTGGCGACGAGGTCGTTCTTTTAGAAAACATTTCTGAATTCAAACTACGTTATATCG
NZ_CP178621.1_gap73	2621129	2625957	4828	TTAGATGATTTAAAAGACAATTTAAAATCTCAACTTGGACAAAGCTGGTCTCGTATCGAAGACAGTTCTTTCTACAATCAGATGAAAGATCGCTTCGAGAATCTGACGCCGACCAATCAGAAGCTAGCTATGATGGGCGCCGGTGCGCTTCTGGCTCTTTTTGTGATCTCGATCCCCTACTCTTACTATTCAACTTCGACAGAATATGTAACGACTTACGAAGAAAAACGCAGCCTTATTCGTGAACTTCTAAAAGTGACTCGCGAATCCTCAGAAGTTCCAGATTTACCACCTGCACCGTCTGCAGATATTCTTCGCGGCAATATCGAAAATCAACTGCGTATGGCAAATTTATTGCCAGAGCAGATGAAGGGTATCGAAGTCATCACGGCCGAGACAAGCTTGATTCCAAAAAGCCTTTTGGAGTCCGGCCTGAAAGTGTCTTTGGCGAAACTGAATCTGCGCCAGATCATTGATATCGGCTACAACATTCAAAGTGTCAGCACCAGTGTTAAAATGAGCAGCATGAGTGTCACAGCCAACGCTGAAGATCCTAAGTACTTTGACGTGGATTTTAAGCTGGTCTCTTTGGCGGTGCCTCAGGCCCAAGTTGAAATGCCAGAAGCCAATGATGACGAAGGCGGCGGTGGCAAAGGTCGTAAGCCCTTTAAAAGAGGAAACCGTTAATGTTTGCACTCATCCAGAAAGCCGTGCGCGCCCTTTTAAATTCGAAGCTTAAAATCTTCATTACAATTGTTTCAGCAGCGGTGTTCTTACTGCTTCTCTTCCCGATGAATGATTTGGGAGATTTAGTTTCTTCTCAGGTCGCACGCTTGACTGGCAATAAAGTCTTTTTGCAATTCGAAGAACTCAAGATGTCTGTATTCCCGGCTCCTGGTGTGAAAGTAGAGCAAGTCTTTGTCGAAGCTCAAGGAGTTGCCGGCGTCTCTGCTCAAGAAATCAAATTCACTCCATCTGTGGGTGGTTTGATCGCACAAAAGCCTTATGGCTCGGTCAACGCGAAAGGCCTTTTCAAAGGCGACGTTTACGTCAGTGTGAGCTCTGGCTCACGCACCGAGAACGGTGTTGAGCGCCAAAAAATTGAAGTCAAAGCACAAAAGCTAAGCCTTCAGGATTTGCGCGAGGTCGCCCGCCTTCCCGTCATGATGAAAGGCAAATTAGACTTGGAAAGCTCTGCGTTGGTGGATCTCACCTTCACAGAACAACCAGACATGGATGTGAACCTCAGTATCAGCCAGTTTGAGCTTCCGCCTTCAAATGTAACGACTCCGATGGGTCCATTAACGATGCCAGATTTGAAGTTGTCGGCGGTCGAAATCAAAGGCCGCTTAGCAGGTGGCAAACTCATCATCGAGAACGGCCAAATTGGTAAAGACGGCGATGAGCTTCGCGGTTCTATCACGGGCAATATGGATCTTTCTTTGATGAACGCCGGTGGCACGATAAACCCTGTTTTAGGCGGCTATACTTTCAATGTGAACTTGCGCACGAAACGCAACTTTCAAGACCGCGCAGCCCTCTTCTTGTCCTTTATTGATGCTTATAAAACAGCGACCCCAGATGGCGCTGAATACAAATTCAAAGTTTCTGCTGCCAGCACGATGGTTCCGCCTAGCATAGGCGCCGCGCGTTAATTCAGTGGCCGGAATCATCCGGCCGAATCTCAAATGTCACTTCGCTCCGCCTCCAAAACTATTGACCCAGGCCCTGGTCCTTGGTTTGCTGAAGATGCAGGCAAATCCAGAAGCTTTTCGAAGTCTTTATTGACAAGCTTCTCAATAATTACAAAAACCTTATAGTCTCATTGGAGGGATTATGTCTGGTGTAAATAAAGTTATTATCGTAGGCCGTTTGGGCGCTGACCCTGAAGTTAAAGCCGTTGGCCAAGGCAGTACTGTGACTCGTTTAAACATCGCTACCAGCGAAAACTGGATGGGCAAAGATGGTCAAAAACAAGAACGCACTGAATGGCACCGTGTAGTTGTATGGGGCAAACTTGCTGAGATCTGCGGAAAGCATTTAAGCAAAGGTCGCCAAGTGTACGTAGAAGGTCGTTTGCAAACTCGCTCTTGGGAAGACCAACAAGGTCAAAAGAAATACACAACTGAAATCGTAGCAAACACTGTGCAATTCCTTGGCTCTGCTGGTGGTGAAAGATCTACTGAAAACAGAAGCTCTGGTGGCGATGATTTCGGCTATCAAGATTTCGGACCGGAACCAAGCTTCAATTCTTCTGACGACATTCCGTTCTAGGACTTTCGAACATTTTTATTCATGAAAGACCCGTTTGACGAAAACGGGTCTTTTCTTTTTTTAGAGCTTAGGCGTAGAATTTTATTCTATGTTTAAGACTTCCGCTTTGCTCTTCAGTCTTATGCTTCTCACTTCCTGCTCATTTTATAAATCAGCAGGGCGTAAGCAATTTGAGTCCAAAGCGCCTGCCTCTATCCAAGCTTTCTCATTACAAAGCTGCCGCGAACTCAGCGCTGCTGAAACTTGGTTGAAAGAGGAATTCCCAAGCAGCACTCACGAACTCGTCGAAATGAACCAAGACTACGAGGTCTGGGGCAAGGGTCTTGACGACGGTCAGGTAGAGGTCACAGTCTTCTCGAAGACTGATAACAACAAAACCGAGTCCTGCATCTATAGATTTGAATCCAAACATGTTTGGCAAAGCTACAAACAGAGCTTTTTAGACGAACTTTCACGGAGCCTGGTGGATATCGACTAGAAGGCCCCGACTGAGGTCGGCCTTCGGATTGCCACATCTTTATTTCTGCTAGAAACTATAGAAGATCCTTATTTTAACCAGGAGTTTCTGGCGTGAAGAAGTACACGGTTTTATTCGCTCTTTCTATATTTTTTGTTTCGAACTTCGCATTGTCCGCAACTGTGTCTGCAGTCAAAAATAATAAAATCATGGTCTCGCTCGAAGGTGAAAGCGCTTCTCCTGGATCAGAGTTTTTTGTTCTGAATCCTCAAGGTAAAAAAGTTGCCATCGTGAAAATCACCCAAGTCAAAGGCGATCGCGCTCTTGCTGAAATCGTTAAAGGAAGCGCGAAGCAGGGCTACACCTTACAATCTCGCGGCGGCGGAAGTGGTTCGATGGCAACCACTGGCGGATCTGATAGCTACTATGACAAAAAACTCAGCGATCGCAGCCACAGTGGAAATTCCTACGGCGTCGTCGGCGGTTATTTGATGAACAATATGAACATCAATGCAACTGGCTTGAAAACAAATATGTCGGGCTCTGGCTTTGGTGCTTTGGGATATTATGACTATGCTCTTTCTCCGACTCTCGTGGCACGTGCGATGGTGGGTGTTGAGCAATACGTGGTGAAAGGCAGTAATACCTCTACTTCTCCCGTATCCTGTCTTGCGGACTGTAATGTGAATTTAAATTACCTATCGATGTATGGCATTGGTCGCTGGAACTTCATGCAAGGTCAGTACAAATCTTGGATCGGTGGCGGTCTTGGTTACCTCTACCCGATTTCGAAATCCAGCACGGCTTTCTCTAATGCTTCAAGCTTGCAAGCTAATCAGATCTTTATATTCTCTGCTGGTATGGATATCAGACTTTCTGGTCAAACTTATGTGCCAGTTTCTATCGAGTACGGCTTGTTCCCAACTTCTTCAACAGTCAGCGCAAACATCATCTTCCTTCGCGCCGGCTACGCCTGGAATCTTTAAAAACTTCGCGTCTTTCTTAGTGGAAGACGCGGGTTACACCTAGAATACCTTTGATTTTTTGGAGCTCATAGATAGCGTTGTTCAACTGAGTCGCGTCTTTCACGCTGACTTCAAAGTTACAAACCGCTTTTTTGTCTTTTGTTGTACGAATCTGTGCAGATTCAATATTGATTCCTTGAACAGAAAACACCTCAGACATGGATTTAAGCAGGCCTGGTACGTCGTGACTGATCACGCGAACACGCACCATACGCTCTTGGCCTTCAACGGCCTGAGCACTCGTCCACGCTACATCGACTTTGCGTAATTGATCCAACTCAAAAGCCTTCGGGCAATCCGCACGATGAACAGTCACCCCACGACCACGAGAGATAAATCCGCTGATAGGATCCCCTGGAATCGGATGGCAGCACTTCGCAAAATGCACGAGCACGTCGTCCATCCCATCGACACTCACAAGCGAGTTACTACGACGGGTTTTCTGAGCAGCGGCCTTGACCACTCTTTCCATGAAGGTGTTTTCTTCGGTCTTCGCCGCTTCTTTGGCGATATTTTCCGGAGTCAGACGTGTCACCAAATGTTTGGGTTCTAAACGTCCGTAACCGACCTTCACATAAAGCTCTTCGACATCCTTAAGACCGTTCTCTTTAAGGAATACCTCGTATTCGGGACCCTTCAGATACTTCACGGCCGCCATACCAAACTTGCGGAATTCTTTTTCCACCAAGTCTTTTCCCAATGCCAGAGAGCGACGGCGCTGTTCTTCCTTTACGTACTGACGGATTTTTTGTTTTGCTTTATTTGTAACTGCAAACTTGAGCCAATCTTTCGAAGGCACCTGTGTTTTGGAAGTCACGATCTCGATCGTGTCCCCGTTTTGCAGCTGATAGCGCAGAGGCACCATCTTACCATTTACACGCGCGCCCACACACTTGTTACCAAGCTCTGTATGAACCGCATAGGCAAAATCCAGTGGCGTCGCCCCTTCTGGGAATTCGCGCACGTCCCCTTTCGGTGTGAAAACGTAAATTTCACTCTCGAAAAGATCGGTTTTCACGCTATCCAAAAACTCATCGGCGCTCTTCACCTGTTGGTGAGAGTTCACAAGATC
NZ_CP178621.1_gap74	2630349	2633834	3485	GGCATCTTTTGACCTCTCAATAACGAGAGACACTCAACTTTATAGTCGCTTCAACAGTTCTCCAGGTCCTAACAGATTCGACCTCTCTTTGAATATCGGAAATATCGATAACTTAATTGAACAATTCCCAGATTCTGGCGGCGATTCTACGGAAATCGCAACCAATGTTCCTGGGGTTAATGTCGCAGGTAAAGTGAATGACTGGAATGGCGGCGCTGTCCTAAAAGTAAAGGTGATCTATGAAGGCCTCGTAAGCCCAGCATCTGGTAAGAATGAAGTGTTCTTCAACACCTTCTTCTTGCCTCGTGATGGCCAAATCGAGCTTTACCCTACGGGCCCAGGCAACTCTGTGATCACCGTCACCACAAAAGCACACCAAGTTAACGGCAAAGACCAATTCAATCAGGTAAACTTGGATGTGAACTTCGGAAATCCAGGTTCTCTTAATATAGGCCCTTATCTTTCCGGCACAGTTCTTACTCAAGGCTCTGTGAAGTTTGTGGTCGAGGGCATGGACTATGGATATAACTATACACAGAACATTCGTAACAATCTCTCGACTCACCCTGTAATGGGTCCTTACAAACTTAACGGATTCACCTTCTACAAAACAGGCGCCGGCGTTTTCGATATTTATCGCCAAACTGCTGGAACTTGGTTCAATAACAACATGCTTGTGGACGATCCCACTCGTATGCCGATTTATGATCCTCTCCAAAAACCGCCTGATGGCGCCGGCACCGATTGGAGTGCGTTTGATGCACGCTGCATGACCGTTCCCGGAAGCACCGATGCATTCTATACTTCATTCCCTTCAGCGGATTGGTCAGTGTCGTTTGCAGACCAATCCCGCCATGCGTGGAGCTTTGACCCTGACAATAAACCAAATGGATACAACAACGGTACTTTGTTCTTCGATTCAGGTTCAAGTCTTTACAACCCAGCAGGTGGTGTCTATCCGACATTTAGAATCACCTCCCTATGGAAAGAGTGCAGTATCGAAGCTAGTGCGAATTTCGTAACTGGCTTCTATGGTTGTGAAAAACTCACGATCAAACCACGTGCAACTCCTTTACGTATCATTGGCACCTTCATTGCGGGAGCCGTAGATATTGCGCCATCGGCGTATCAAGCTGGCATTCGCTGGAGCACCATCTACCATCCTCAATCTGTCTATGAAATGCGCCAAGCGCGTGTTCTTGGTAAAGATAAAAAAGGGGTTTTGCTAAATTGCTCGAACCCAAGCTTACCACCTATGTGGATGCCAAATATTGGAGCGATTTCTGCTTTAACACATTACAATTGTAATCCTGTCAGTCTCAGAACTGCGGATCCATTTAAGTGGACAACGGTCGATCCAGATTGCGGCGTTCAACAAGGACAAGTGAAAGTGAGTTGTAAACGGGCCATGACTCGCTTCCTGATTAAAGAAATTGGCCGTACGAAGGGGATGTAATGGATAAAAAAGGCTTTACACTCCTAGAAGTACTTATAGCATTGCTTATCGGCTCGATTACAGCTGCTTGTATTGCTAGCTACATCAGCTTCCTGGCGCGTTTGCATAACCAGATGAAGCTTCGTCGTGTCGCTGGGGATGCAATCCACGCGATGGCCGAGAGCATTCGTTTTAACTTATCCCTATTTCAGGTAAGTTTCGACAATAGCAATACAAAAGAAAAAGAATTATTGGATCCTGCAAAATTACCGTTGGCCATAGCGAACAACGGCATTGTGCAAAGAAGCGAGTGCGCAAGCAAAACCACAGTCATTCGCTGCCAGGCTTATGTTGGTTATATTATTATTCCTAGTATGATTGTTCGTAACGTTTACGAAGTTAAATTTTTGGCAGTGAGCACTGATGCGGAGGCAAAGTGGAAGCAAAACTTCAGCTACTTTATCACCGTAAAGTAGGTCAAAACCAAAAAGGCTTCAGTGTCATCGAGATCATGGTGACCATTGGGATCATGACTTTCGTGATCTTGGGCAATACTATGTTCATCAATGACTTCATCACCCGTATGACTAGGTACGAAAAAGAGTCCGCGGATGAAAGCCAAATGGCAGTTCTCAGCATCATGGCGATGAATATTTTGAAGAAATCAAGCTTGAGCTTCAATCGCCTCAATATGACGGACGATAATAATCGTAATTTCTTCGATTACTATCCGGACATGCCTCAAAGCGTTTTTGGCACGGCTGGCGAACGTAGCTTTACGATGACAGCAGCGAATCCCAATAAGCGTTTCTATCTTATCGCTACGGAGGAAGGCGACTTCAACTCCATGAGCTATGATCCGATGCACGCCTACGAAGAGCTCTCTTCACCAGCGGATATCAGATTAGATGGAACAATCCGCTATCGCGGTATTAACTCAATTCCACTTATTTCGGATGATAGTGGTAAGATGGCCAACGTAAAACTAATGACCAAGTATTTTGAAAACCGCTGGGCACCTGGAAAAATCTTTATTCTCACCTGCCCGACCTATCTACGTCCGGTGCTCGCAAATAACACCATCAACCTGATGACGCCTCCACGTACTGCATCTATTGTGACAAAAGTAGTGGGAGACGACTTGGTGCCTCTCTTTAACGGCGAAGCGACTGTGGGAATTTTAAATTTCCACCCAGTAACTCAAGCGACTTACACCTCTATTGACCAATTCTTCAGAACTCTACCAGTAGTGGGTGGAGCCTCTCCGTTTGTAAAAATTGAACCGGCGCAACTCACACGTTTTGAAATGCGTGCTAATAGCACTTATCCTGCCGGATATGTCGACCTATACATGCAGAAATGGAGCCCTGCAGGCTTTAAGGAAGAAGTCTCTGTTGCAGAAAAAATCAGATCAGTGGAGTTCAAAAGGAAATCCGTCACTCTTCCACTTATCAGCATGGAGATCCAAAAATGAGATTAGCATCAAATAAGCTTCTAACATTATCGCTGGGTCTTTCACTTGTGGGAAATCAGAGCTTTGCTCAATCCACAACAACTAAAGCTGCACCGACAACAACAAGCACGTCGGATATCAGCATTTTACCATTGTCTGGCCCTAATATGAATGACGTCGTCGTGGACTCGCAAATGAGCATAAGCCGCAGTAACGGCGACACGACCAACATGGACATCACAGTGTATTGCTACGGCACAAACCTACGTGGTGTTTCAAACCCTGTTAGCCCCGCATCTAATATTATTGCTAAAATTCAATATCAAGCAGGAGATAGAAGCTATAAGTGGTTCCGTATCAAATTCCCGGCTACGGCGATTTCAAAAACAGAGTCTTTAAATATGGATCTAACACCGACCTCAACAGTCAGTACTGATCCTGAAGGTGCGACCGTTACAGATAAATTTACTGCACATATCCGGGACAGCAATATCCGCGTCGCCATGAAGAGAACTCGTGCGATCGGCTTAGATCTGCTTTCGGCGAAAGAGGACTTTGGAAAACTGACAGATCTTGATGGTAAAACCAATTTGATTA
NZ_CP178621.1_gap75	2824889	2827446	2557	TTCAGCGCGCACTTTCCCTAGAAAATGGGGTTCTACCACCAAGATCAAATCGTCGTACTGGTGGTCGACAATAGCTCGTTCAAGCTCTTCGGAAATACTTTTTGCAAACATCTCGGCAACGCGCTCAGTGGGTTCTTGGGATTTCGCTAAGCGCGTGCCTGAATAACTAAAACTGCTTTTCGAGAAGCCTGGGCGGTCAGCATCGATCTCTCCATTACGGAGCCTACCTCTCGGGTTCTCCAGCTTCTTTACGAGTTTCAACTTGTTATTGAGCCTTCCCCCCGCATTCTTTTTTCTATGGTCATCCAGTTCAAAAAGTCTCGCCTCACATCGATTTACAACCGCAACCCAGGTTTTCATCGTGCCTCCTTGTGCTCAGACTTTTATTTTACACTTGCTGAGCACTCCTTGCATTTTACATTTTCGACATCTTGTCCTTGCACTTTTTGCCACAACCACGAACTTAGCGAAGTCCCATCCGTCGTTGTCGTGTAAAAACTTGAATTGTTGATAGAACAATGGGTTTTACCTGGAGCAACAAAGTATTTAAAGTTAGGCGCCAAAGATCCCGTATCCTCCATGTTTTTAAACATACGAGGGGTCCAATCCATCGCTGCACCACCCATCGCCGCATAATACAGTATTTGAACGCGATCTTGATGATGGTTGAATTGGGCGAATTGCGCTTTTGGATAGTGGTTCGCTATCGATTTATAGATATCGACGATTGTGAGCTTTTCCCAATCAATCACAGCAGGATTCAATGCTGGAATCCAGTTGGGTAAGCTCTGATCTAAACGCCACTGCGGAAAGAATAAAGAATCCGCAACACCAGCGCCAGAATCTCCGAACTGGGCAATACGAGCTTGCGGATATTTTTCCGCAATTGCCGGAGTCCACAAAATAGAAGCGTAAGAACCAGCACTGCAGCCGTCAACGTTAACCTCATCCGGAACCTGATAATTGTCGGCAAGCCACTTAATAACGGCTTTCGCGTTGATCCCACCACGGTGATAGATTTTAAATTTCGTGTTATCTGGACGATTATATTCCGTATCGGCACTGCCTACATGCACATCCCCTGTACAATATGGGACAAACACATGGGTCCATCCTTTATAAGGGTTGCCATTGTTATTCCAACTATAGATACCCCCCTGCTTTTCCACTTGTTTAAAAGTTTTCTCTGCAGTGTCTGTGTAAATCTTGTCGGTATCGCAAGTCAGATCGTCCCAGCAAGCTCCCCCGCCTGCAAAACTTACGAGGATTTTTTTAGGATCCCCTTTACGTACTAGAAACGAAAATTCCCCGCCACGAGCACAAAGGGTGTCTCCTCCAGGTTTGATCTGCTGCCAACCTGCTGGAACTGCCTGGGCCATTGAGGCCGTGAAAACAACAACGACGAATGCTATGAAGCGATTCATATCCCCTCCTTGGATCATTTTGATGAGTCCTTTAAACTTTTACAATAAGGCTTTGGTTATGCGTCTACAGTATAAAGGTCTAGGTTGGATTTCAAGGTATCCAGCTCGGCCCAGGAAAAAGACAAAACATCCTTTCATTGTCATCTCCTTAGACCTAAGCCCATTCACTGAAGCTCCACAAATGCCGAATGAAATACGTAATAGTTTTTTGGATTTTTCTAAGGAGGCGTGACTTGAAACAATGGGTAAAAAAACTCGTTGATGGTTTGGATTGGAACGATGCCAATCAGGCGTCGAATGAAACTCCTCATATCGATATGACAGAGGATAGAGCAACTCTTCTCTATATTATCGATATCTATAGCAAACATCTTTTTGAAGTAGAAAAGCAACCCTTGCGTCGCGTTCGCGATACGCTGGACTCATTTGTCAAAGGACTTGTGAATCCTGACAACAAAGCTTCAGAGAAGGTTTTATTCCAACTTCGTCAATTCTTCTCTAGCTATCGCATTGATGAATATACCTATATTCAAAATACCTTTGACGATTTTAAACGTATCATCTGGGATTTTGCAGAACAACTGAGTGACGACATTCAATACGAGCAAGCCAAAGATGCTGAAGCTAAGCAAAGTCTTGAGCAATTGCGCGAGGCCGTTGATGCGAACTCTATTGATGCACTTCGCTCTAAGTCCCGCGAGTTCATCGATTTTTACATCAAGTATCAATCGCAAAAAGACGAACGACGAACAAAACGCATGTCTTCCATGAAGAAGAACCTGTCTTCCGTAAAGAAGCAGCTTTTGGAAGCCAATCACAATATGCGCGTAGATCACCTGACCAATGCTTATAACCGTAAAAGCTTTGATGAGCAGATGAAGAAGTACATGCAAATGTCCGTGATTTCTCAGACGCCTGTCTCTCTTGTGACCCTCGACATCGACTTCTTTAAAAAGATCAACGATGCCTATGGCCACGATATCGGTGATTTCGTCCTGAAGGAATGCGTAAAGATGTTAAAAGAAGTCTTCCACCGTGAAGACGACTTTGTAGCTCGTGTTGGTGGCGAAGAGTTTGCGATCATTCTACCAAGCTTCACCTATGAACATGCAATCGTGAAAGCGGACGAGGCT
NZ_CP178621.1_gap76	2831726	2834622	2896	GGAAGTGGCGGATCTTGTTTCTCAGCCTCGGTGACGAATTTACATCCCGACAAACTGTAAACCAACGCCATAAACATAATGGTTCTTTTCATGATGGGGCTCCTTCGAGTGTTTCTTTAATTTCACCTCCAATCGTCCAAAAACTCTTTTAAAAAGAGACCCCTAAGACCAATTTCCGTATTCAATTAGTATACATATTTATATGTAACATACTGTTTTTACTGTATTTTATAATTTATAACGATATTTAACAAATTCATCTAGTATACACATATGTAAGCCGATAAGATCTATATATGGTGGCAAGAATCAACGTTTTCCAATATCAAGACTATCGCCAACTTCTGCTGGCCTTGATTGAGCAAAGGAAGAAGGACCGCAAACCTTTTTCCTATCGTTGGTTTTCACAACGAGCGGGTCTAACGTCACCGAATTTTTTGAATCTTGTTGTTAAAGGCAAACGCCATCTTTCCACCGAAAGCCTTGAGAAAGTGGTAGAGATTTTTCAACTCAATAAAGATGAAGGTCATTTCTTTCGCCATCTGGTTCACTTCAACAAAGCAAAGACCCTTTCAGAAAAAGAACACTTCGCACGCCAGCTTTTGCATATTAAGAAGTTTCAAAACGAATATCCGCTATCTAAAGAGCAGTTTGAGTATTACTCGAAGTGGTATCACATCCCTATTCGCGAATTGTTAATGTTAAAAGACGCTCCGCAAACGGAGGATGAGATTCACGATCTTCTGCTTCCAAGTGTTTCTCGTCCCGAGATTCAAGAAGCCCTGGAAAAGCTTGAGGCCTTGCAACTTATTGAAAAGAAGAAAGATCGATGGCAGGTCCGCCAGGAAAGTGTTTCTACGGGTCACAAGTTTTCAAACTTCGGTGTGGTTCAATACCACAAAAAGATGCTGAATCTAGCCGCCGAGTCTTTGGACCGCTTTCCTGCCCAAGAACGAGAAATCTCTTCTGTCAGTATTGGTCTGTCAGAGGAAACTGCGCAGAAAATTAAAAAAATGATCGAAGAATTCAGATCTCAGTTGATAGCTGTCGCTGAAGAAGACAAAAATAAAGAAAGAGTCTATCAAATCAACTTCCAGCTCTTTCCGCTTTCAAAAAGGAACGAAAAGTGAAAACGTTTGCAGCTCTGATTGTCACACTCATGATGATATTTACAGCCTCTTGCGAGTTCGTATCGCCAGGAACAAATACGGGCAATCCTGGAAAAGATCCTCAGAATGGTGATGATAGTGGACAAATGCCAGGCATGGATAGTAGTGCCTCCGGCCTCGCTGCGATCGTCTGCCTCAAAGTAGACGCTTGCGACTCACAATCATTGATAACTGCGTGTTACGCTCAAGTGACTCAACTCCAAGGATATACTCAAGAACTAGGTGCCACTGCCAGTGGTTATGCGACCATCAAAGATCTTGCAGATGCTGAAGGAGACCAAACAGTCTCCCCAAACATTACAAACTATAATAGCTGTACGAATGCAATTCGGAACCTCAGCTGTACCGACCCACTTATACAAAGCGCCTACACAAGTGCAGATCCTACGAACTTCACCAATACAAATCTGCTATTCCGAGCTAGCACGACCTGCACACAGATTTACTAGTAGCGCTTTGGCTTCATCAGTTTCAAAACATTGCCATCCAGGTCTTCAAACGCAAGCATGTGACCCCACTCCTGATCGGCTTCACCCAGGATTTTACCACCGGCTTGCTCGATACGTTTACGATCTTCTGCAATATTGTCTGATTCCAGCGTCAAAGTTCCGCCACAGTCCTGGCCATGAGTGTTTCTTTGCGTTTTAGGAATTGCATCGCCTTCAAACCAGTGAAGGCCAAAGCGCAAATCCCCCAAAGACATTGAAATCCAATACTCGTGACCATAGTTTGTCACCATGCCGAGAGCCTCTTGATAGAACTTCTCTGCACGTTTCATGTCTGTGACGTTATAATAAATGTCCGCATATCCCTTGATCATAAGATCTCCCTTTATTTTTCTTCAAAGCCCCAACGATTGCCGACGTTATCTTTAAAATCAGCGAACCAGGGACTCTCTCCTTCACGTTCAGGATTGGTGACTTCAATACCCTTGGCTCTAAGTTCTTCAACGGTTTTGTGAATATCATCACATAGCAAGTACGGCAGAGGACTAGTCACCCGATTTCCTTCGTTTGCTACGTGCACAGCCAACCTTCCCAAGTTTTTATGATGAAGAGATGCATATTCCCCAGGGGCATTGTAATCAATCTCGTAACCCAGTTTTTCACAGTACCACTGAACTGTCTCCTGATGGCGATGGGAATAGACCATAATATGGGAGAAACGAAGTAGCATCCTAGTCTCCTTTTCCTAAAATAGAAGCCGCACCGAAATAAACCAAACGCAAGTCTTCGGGCTTTTTACTTTTTCTATCAGTTTTATATTTCTTGATTAGACTGCGCACTTTAGAAGTTAGCTCTTGCACTTCTTCTTGAGTCAGCAACGCAAAATCACCATGTACTGGTGAATCTACATTTTCTAAAGACTCACTGATCTTCTTTGCAAGGCTTACCGGTTCAAAGGTCAGATCTTCGCGCTCGGGATAAAAACGTTGCATGCGTTTTTGATAGCGAAGTGCATTTTCAACCTGAAGCTCTGTGACTCCCATTTGGTCGGCATACTTCTCAGGATCCATTTCACTTTCAGAAAGGGCATTCACGGCGCCAAAGTACCAAGCATTTCTCTGCTGTGTTTTCTCGGCCTGAATTTGTTGAGCTAATTTTTTTAGTTTCTGGGCAAGTTGGGATTTATCGATGGTTTTTGAAGATTCCAGTTCTGCTGAAAGCAGAAATATCTCTTTTTCTTTTCCTTGCAGCTGAAGACGTTTCGCAATGTCCTCTAAACGT
NZ_CP178621.1_gap77	2858168	2861102	2934	GATCATACCCACCAAGGCGTTCGTAGTCGGCCTGAACCTCGCCATAGTCCTCTAAAAGCTTCGTCATTTGATCATCATCAATAGGATTGACGGCAGAGTCCTCGAGGCGCCTTTCAAGCTCTTTCAATTTAGCACCTAGAATAGGCAGCTTGCCGGCAGCAGATTTCACCTCTTCGAGGGCTGTGCGGCCTTTCATCTCTTCGATATTCTGAGAGAAGTAACCAATAACAGTACGATCTGATTTAGAGATCGTGCCTTCAAAGCCTTCCTCGTCAGTAATCACGCGGAAAATGGTGGTTTTACCGGCACCATTGGGGCCTACCAAGCCAATCTTTTCACCATCATTGATCTGAAAAGAGGCGTTTTTATAGAGAATCTTAGTACCGTATTGTTTAGTGATATTTGAGAGATGAATCATGGAAGACAAGATAAGGGTTTTCCAGGTGTTTAGCAAGACGACGTCTAAGAATAAAATACAGCTTTCATTATTTTAAGGCGGAAGAGGTCAAAATAGTCTAAATTGGCGTTTTCTTTTCGAAAGGTCCCCATGAATCCCTCTGAATCCTCCTCGTTCCAGTCTTTCGGTCTTAGTGAGCCTTTAATGAAGGCCATGAACGAAATGGGCTTTACATCCCCTACTCCTATCCAAGAAAAGGCGATCCCTCTTCTTTTGGGTGAAGCCCAAGACATGATCGGACTTGCTTCTACTGGTACTGGTAAAACTGCTGCTTTCGGTATTCCATTGATTGAAAAAATCGATGCAAGCCTTAAAGCAACTCAAGGCTTGGTCTTGAGCCCCACTCGTGAGTTGGCACTTCAAGTTGCCGACCAATTACAAAAACTTGGTAAATACAAAGGCGTTCGCGTTGTCACTATCTACGGGGGCTCTAGCTACCGTACTCAAATCGAAGGCGTTCGCAAAGGCGCTCATATCGTTGTTGCAACTCCGGGCCGCTTAGTAGACTTCTTAGAACAAAAAGTTGTTCAATTAACTAACGTACAAACTCTGATTTTGGATGAAGCGGATGAGATGATCAGCATGGGTTTCAAAGACGATTTGGAATTCATCTTGAAGCACACTCATAACGAAGAAGCAGAAGCTTCTGGCCGTGCAGCTTGCAAAACTTGGTTATTCTCTGCAACTATGAGCCGGGATATTCGTCGCGTAGCGGATACTTACCTTGAAGCTCCTGAAACAATCGAAGTAGCAAAACCAACTGGTTCTTCTGATCTTGTTAAACAAAGCTATTACACTGTTAAAGATGAGCATAAAAACGAAGTTATCAGCCGTCTTTTGCAAATCCATGACAACTTCCATGGCATTATCTTCTGCCAAACTAAAATGGAAGTAATCGAGCTTGAAGAAAAACTTCAACGCCGCGGTTTTTCTGCTGCTTCCCTTCACGGTGATAAGCAACAGAAAGAACGTGAAATTACTCTTAGAAAATTCCGTTCTGGCGAAGCTAAAGTTTTGGTGGCAACAGACGTTGCTGCTCGTGGTTTGGACGTAAAAGACCTTACTCACGTAATCAATCACTCACTTCCTTGGGATGTTGAATCTTACATCCACCGTATCGGTCGTACTGGCCGTAACGGTAAAGAAGGTATCGCGATCAGCTTGATCAATCCTCGCCAAGTCGGTTCTTTGCGCCGTATTCAAAACGTAACGAAGAAGACTTTGGAAAAAGGCAAGATCCCAACTTCTGACGAAGTTGCAATGATCCGCTTACAAAAATTTATGTCACAATTGGTAGGCGTTCCTACTGAGGGTCGTAAATACCAAATCGCTTTGCAAATCTTTGAAGAGCTTGTGCAAAAAGATGAGTCTGGCTTGTTGAAATTGGCTCCGCCAGAATTACTTGCCCGCGTAATCACAGCTATTCACCCTGAGTTGTTGGCTGAAAAAGACTACGACTTGGATTTCATGAAGGGTGGCTTGGATCAACGCCGCGACTTCAAACCTCGTGGTGACCGTCCAGAGCGCGGCGATCGTTTCGACCGTGGTGGCGACCGCGGAGATCGCGGCCCTCGTCAGGACCGTCCTCGTCGTGACGACCGTGGCCCTTATGCACCTCGTGCTTTCTCTAACGATAGAACTCCTGCTAAGAAGTTCGGACCTCGTAAAGAGCGTGCTGAAGGCGACGATCGCGGATTCGCTCCTCGTAAGGAGCGCACTGAAGGCGAGAGTCGTGGTGCCGAGCGCAGTTTCGCTCCTCGTAAAGAACGCGCTGAGGGTGGCGAGCGTAGCTTTGCTCCTCGCAAAGACCGTGGTGGCGAAGAACAACGTGATTTCAAACCTCGCACAGACCGTAACCATTTCGAAGATGGTTTCCCTCGCCGTGACCGTGGCCCTCGTTTTGACGGCTTCAGCTTCGGTGATGGCGGTGGTGAAAAGCGCAAGGACCGTAAAGAGAGCAAAGATCGTCCTGAGCGTGCCGATCGTCCACGCCGCGCAGATCCTCCAGGGGTGAAGCGTCACCGCAGCGGCGGTTCTAAACGTCGCTTCTCAAACGACAACGCTTAAAGCTTAATAGAGCGGGACTGGTTCCCGCTCTTTTTTTAGCCTTGCAATATAGGGTACCCCCCTATATTATGGTCCTTGGAGGCTTGTCATGGCACATACGATTAAAAACAAAGACCGCTTGATCGGGCGTATCAGCCGCCTGCAGGGACAGCTTAAATCGGTTACCAATGGCTTGGAAAACGAAGAAGACTGTTACAAGATTATGTTAACCCTGGCGTCGTGCCGAGGGGCTCTGAATGGCCTTATGTCTGATATTATGGAAGAACACATCCGTGAGCATATCGGCACTGCCAAGAACAGCAAAGAAGCCACCCAGGCCAGCGAAGAGGCCATTGAAATTTTAAGAAGCTTTTGGAAATAGAGGACCCCATGTCGAACTCACACTCACACAGCCATTCCCACAGCCACGG
NZ_CP178621.1_gap78	2880328	2884008	3680	GAAAGCCGTGGGAGTTCCTTACGAAGACAACACTGTGGCGAATGCAGATATCGACGCCCAAAAACAAGCACAAGCTGTTGCAGCAGACCTCAAAGCGAACGGTGTGAATGTCGAGGGGCTCGAGAAAAAACAAATCGTCGCATTGATCGCTTATTTGCAATCACTGGGACAAAAAGGAAAAAACTAATATGAAACAACAAGGATTGGCTTTTTTCACAGACACTCATTTGACTGCCATTGGGCTTTTGATCTTCTTTGGATTTTTCTTAGGCGTTCTTTTCTGGACACTTCGAAAAACTCAGAAAGCTACTTACGACAAACTCGCACAGATCCCTTTGGAGGGGGAATAAAATGAGTGATGACATCAAAGATCCTCTTACAGATCATGACTTTGACGGCATTCAAGAGTATGACAACCCCCTTCCTTCGTGGTGGCTTGCAACGTTCTTAGGCGCGATTATTTTCTCTTTCATTTATTTGATTCACTATGAGTTCGGTGGCGGGCCAACACTCAACCAAGAGCTTGAAGTGGCGATGAAAAACTTAGAAAAGGCCGCAGCTCAAAATGCTCCGGCTCAGACTGAAAGCGAAGACATCCTTGCGGATGCAATGAAAGATCCAAAGTTTGAAGGCCTAGGCGCAACCGCTTTCGAAGCGAAGTGTGCCTCCTGCCACGGACCAAAACTGGGTGGCATGATCGGACCGAACCTGACAGACAACTTCTGGATTCATGGCAAAGGCACCCGTATGGATATCGCAACCGTCATCCGCAAAGGTGCTCCTGAAAAAGGAATGCCGCCTTGGGAAAGCTTGCTTTCTAAAGATGAAGTCTATGGTTTGACCGCTTTCATCTTGGCAAAGAGAGGGAGCAATCCTGAAAATGCTAAACCTCCGCAAGGAGAGGAAGTGAAATAGATCATGGCACTGGATCCAGAGCGTTTAACCAGTATTGACGAGTTTGGTGATAGAACCTACATCATCCCTGCCGAGGTGCGGGGATTCTTTCACAAACACAGGCAACGGGTTCACATCCTGTTGCTGTTCGTCTTTTTGGTGATCCCTTGGACCTACATCAACGGACAACAAACCATTTTATTGGATATCCCCGCCCGAAAGTTTGCGATTTTTGGAATCACCTTTTGGGCCCATGACGCCCCCCTCGTATTTTTTGTCTTAGCGACCTTAACTTTGGGGCTTACCTTCGTCACTTCCGTCTGGGGGCGTGTGTGGTGTGGTTGGGCATGTCCGCAAACGGTTTTTGTCGAAGCCGTCTTCCGTCGTATCGAGCAGTGGGTGCAAGGCAATTACATTCAACGCCGCCAATTGCACCAAGCGGAACTGAGCTTCAAGAAATTCTATAAGAAATCTCTGACGTGGTTTTTGTTCTTTGTCGTATCTTCGCTGATCTCTCATAGCTTTGCGGCTTACTTTGTAGGATCTGAGAAACTACTTCAAATGATTCAGGGAAGTCCGCAAGAGAACTGGAGTTATTTTTTAGTTATTAGCTGCATGACCGCACTAGTTCTTTTTGACTTCGGTTGGTTCCGTGAACAGTTCTGCATCATCATGTGCCCATATGGCCGCTTTCAAAGCGTGCTCTTGGATCAAAAATCTCTGGCGGTCGTTTATGACGAAACTCGCGGGGAACCTCGTAAAGGCAAGGTGCCCCCTGGGCAAAAACAAGGTGATTGCGTTGCTTGCAATCGCTGCGTCCAAGTCTGCCCGACCGGAATTGATATTCGTAAAGGTCTGCAGATGGAGTGTATCACCTGCACGGCTTGTATTGATGCCTGCGACGAGATCATGGAAAAAGTGAAGAAGCCAAAAGGTCTTATTCGCTACGACACCTTAGATCGAAGCCCGGTCAGTCTTAAAAAAACCCGTTCAGTGATCTATATGGTACTGATTGTTCTTTCCCTAGCGGGACTTACTTACAATATCGCCACTCGTGAAAAAGCTCAGGTCTTTGTTCTAAGAGCCAAGGAAGCACCTTATACATTGATCAAAGGCGATCAGGGCGAAGATTTAGTTTTGAACCATTTCCGTCTACAGATTCAAAATCAAGGATTCGAAAAAGGGATCTATTTATTAAAACCTACAAAAGAGTGGCAAGAAAACGGCATCACCCTAACGGTCGCACAAAACCCGCTGAATATTGAAGCCGGAAAAATCAGCGAGTGGCATTTCTTTGTCCGCTTTAAACCCGAGTTAGTCTCTGCAACCGGCCAGTTCCCTGTGAAAATTCAACTGGAAGATCAAAACGAGCTTGAGAGTCCATTCAAAAGCGAAAAAGAAATTATCTTAGTGGGACCAAGGAAGTAAAATGCAAATACATCTGCTAATCCCTTTATCTATTTTAGTCTCAAGCTTCATCGGCAGCTGGCACTGCGCAGGTATGTGTGGGCCCTTTGCTGCATTGACGGGATCACGCGGGCAACTATGGCACTATCATGCTGGAAGACTGCTCATATACGTAGCGCTAGGTGCACTCTCTGGAGCTTTGGGTGAATTCGTTTTGAAATCCGAATTCACATGGCTTCGCACTTTTGGCGCGATTTCTTTGGGGATGATGCTGATTCTAATGGGACTGCAATACCTGCTTGCAGCTATGAACTGGTGGCACAACTCGCACTCGTGGGCAGGAAGGATTTTTCAGGTCATTTACGGTCGCATTAAAAAGTACAAGCTCAGCCGCTGCAGTTTTGTGATTGGCTTGATGGCTGGTTTATTGCCTTGCATGTGGCTGTACACTTATGTTGTTGCAAGTGCTGCGACTAAGAGCCCTTTTGCAGGAAGCCTGGTAATGTTTCTATTCTGGCTGGGCGGACTTCCCGCACTCAGTGCCGTGGCCATGATGATCAAACCCTCACTGGCAAAATCCCACGTGCACAAGCAAAAGGTCGCTGGCGTTGTGTTGGTATGTGCAGGACTTTATGCTTTAGGCTCGCACCTCCTGGGGCACTAATCCACATAAGGCTGCAATATTCACATGCTGTAACATGCCCTATAGAAACCCCTCAGAGACTATGATAAATTCCCGTCATGCAAAATACAGAGTCTTTATTGAAAATAAAGTCCGTTAAGAATCCTTTCGATGGTTCCCTTTTAGTAGTTCCCAACGATGGGCAGCCTCACCCCGGTGTAATTCTTCTTCACGGCAGCGAAGGCGGCCACTTCCCAGCGTGGAAGATCTCTGCCACTCGATTGGCAGCTCATGGTTATGCTGTTTTAGCATATTGCTATTTTGGCGCTAAAGACTTCTTCACGGGTCCACGTCAGACTTTGGGAGATATCGAAATCATGGATTTGGTAAAAGCCATCACTTGGCTAAAAAATTCCGAATTCGTTGCTGGCAAAAAGATCGCCCTGGATGGAACTTCTCGCGGAGCTGAATTAGCGTTACTGACAGCAAGTCTTTTGGGCGAGAATCAAGAACTAGTAGCTTTGGATGCGCTGTCCATGCATAGCCTCTCGGACATCGTTTGGGATTCGTGGAATTGGGACTGGGTTGATGATCGTTGCTGGATTGGAAAAACGCCGAGCTATGACGAGCTTCTTAACAGCCCTGAGAATTTTCAGTGGAACCCTAAGTGCGGCCCAGATCCACGCAATCTTCCAGAAAACTTGAAATATGCTTGGAAATGGCAAGGGCAACCTATTTTACCATTCGAACCTATTAA
NZ_CP178621.1_gap79	2885035	2889802	4767	TGCCTCAACTCTTTCAAAAATCCTAAAAGGTAAACGCCCCCTCGGCCCTCAGATGATTAAAAAACTGGGTGCCCGTATTGGCATGAGCACCAAAGAAGTTTCGGTCTTTTCACGACTTGCTGATAAAAGTGCAGACGCAGCAGCAGAGCAAATGACTTTTGAACAAATCACTTATGATCGTTTCGCGGTGATTTCAGATTGGTATCACTTTGCGATTTTGGAGCTTATGCAAATCAAAGACTTTCGCACAGATCCTGCATGGATCGCGAAAGCTCTTGGGATGCAACGCTCGGAAGTTAGTGCTGCTATCGAACGTCTGCAACGTGTGGGACTTTTGAAAGTGAACGACAATGGCACCTGGGATGATGTTTCTGGCGGCAACACTACCAGCATCGGCCCCGAAATGATGAGCACCGCTCACCGTCGCCTGCAACAACAGTTTTTAGAGAAAGCGTCCGAGTCTTTGGTACAAGTTCCGATTCAAGAGCGCGACCACTCGACAATGACGATGGCCGTGGATCGCTCACGCCTTCCGGCAGCTCGTGAAAAAATCAAACGCTTCCGTCGCAGTCTTGCCAAATTTTTGACTGAAGGTGACGTTCGCGATGAAGTTCTAAATTTAAATATTGCTTTGTTCCCGATTACAAAACTTCATGAAAGGAAGAATGTATGAAAAACTTAAAACTGATGTCTTTAGTTCTTTTGGCGGCTCCTCTTTTCGCTCAAGCTGAAATCCGTGAAAACGGTGGCTTCATTGTCCCGGCGGCTACACAGATTAACTTCTTTAGCCCAGGCAACGGTATCGACCATGCTTTAAAAGATAAAGTTGATGCGCTCATTCAAAGATACAAAGATGCAGGGCTCATCACAGTTCACACAGAAAAGCACTATGGCTTCGAAGGTGAAACTCTTGTCTGCGTCGAGATCTCTGATATTAATGCCTCTCGAAAATTCAACGTGAAGGTTGAAAAGCTTATTAAAAAGGGTCAGAGAAAAACTAATTTAGAATATCTCTCTAGCTGCGACCCCGTAGAAGTTGCAGAAGAGTTTCTTCCTGCACAATAGAGTTTCTTTCAATGAAGAGGAAAGAGTCCGCTCTTTCCTCTTCGGTCCTCGCTCTTACGACGTCTCATTCTGAGATGACGAGCTTATTAACAGCCATTTTTACTAGTCAAATTTCGAATTCCTGGGAAGTTCCATAGCTTAGGAAGATTTTTTTGAAAAAACTGACCAAAAGCTCTTCTGTGGCCAAATCTCAACTCGAATGTCTTGGGTTCTTGGATGGCATGCCCCTTGAAGTACTTGATAGTACGAGGGGAATTTTATGAAACATATCTATACAATACTACTGATCGTCTTCTGCACCTCTTTTGGCTTTGCTCAAGATGATGTTGAATTCCAAATGGATGTTGAACAAGCCGTTGCTGGATCTGATGCCGCTAAAGCCGATGCTGAAGAAGCAAAACGGATGGCTAAAGAAGAAAAAAAGCGCCTAGCGCAAATGAAGGTTGATGCTAAGAAATCATTAAAAGATGCTCGCGCTGAAGAAGCCAGGGCCGATCGCGAAGCTCGTCAAGCCCACAAAGAAGCTGAACGCGCGACTGCTCAGGCTGATGAATTAGAAAAACAAATCAAAGCCAATGAGGCTCAAAAAGCGAAGTCTCATAAAAAAATCGAGTCTGCGAAAGAGAAGCTTGCAAAAGCCAAGGATCGTTTAGACGACTTGGAAGACCAACACAAGAAATCCCAAAAACAAGCACGCACTCTTCGTGACGAAACCGAAAGCCTTGATCGCGATATCAAAGAAGCTACGGCCCATGCGAATGCAATGGAAGTCGAAGCCCGTCGCGCAAAAAAACAAGTCGCCGAAGCTGAAATTCGTCTTAAAAACGCAAAGCTTAAGGCAAAACAAAAGATGCGCCTAGCACAAGCTCGTAAAGCTAAAGCCCTGGCAGAGCGCAAAAAAGCCGAAGCCTCAAAGCGCAAAGTCGATAAGTCGATTGCGTGGCTGAAGGAATAATCTAAGCTTCGCTGTTTGCTGCCGAAGGGGCTTTGATCATTTCTTTGAACCAGAAAGCGATTGCAAGCCCCCCAAAGAAACAAAGTACAAACAATGGGAACGTCATAAAGACAACCCCAATATCCCCTGGATCATCACTCACCTCGCCAAATAAGTGAATTTGACAACCGGTATTGGCCTTCCAAGAAGCTGCGCAAGAGCTCAAGTTTACAATAAAAAATACCGCACTCGCCTTTAACCAATAATTCGCTTTTATTTTCTTCCGCAAAATCAGCATCAGAATAGTTCCCACGAGAGGTCCTAAAAAACCAAATAGGACATAGTGAACAAAATCGCTCTCCCAATAGGTGCGGCAAATAGCTTCAATCATAGGATGAGGATTGTTTGATAGATAATTTTTGTCAATGCCCTGTTTACCGTTCGGGAGTTTTTCGTATATACTACCCCGATGCCACATATTCGATTTCGTGCCCTTCAAAGTCAGCAAGTTCGTCAACTGAGTCAAGAGCTAAGCCCCGTCTTAGCCTCTGCCATTCAAACTTCGGAAGACAATTTTACATTTGAATTGATTCAGACCCAGTTCTTTTCTCAAGGGCAAGAAACAACCTCTTACCCGTTCGTGGAAGTCTTGTGGTTTGCTCGCTCGCAGGATGTGCAAGATCGTTGCGCCTTAATTATTACAGAAAAAGTGAAGACCCTGACCAAAGCGGAAGATGTGGTCGTTGTTTTCAGTACCTTAGAGAAAACCGCTTACTACGAAAACGGGAAACACTTCTAAAAGTTTGTCTGAATTTTTTTGCTCTCTCCCTTGAGATCACTCTCGAACATTTTCAAGTCCAGGTCCATTTCCATTTTGTCTCTCGCCTTTGACAAGCATCGCAGCGCTCTCCAAATTAAATAAACAATATTTATAAGAACTCTAGCAATGCGAGACATAATGAAAGCTGAAAAGAAAAAGAAGACCTCTAGAAAAATCAAAAAATCCACTCCATCAAAAAAAACAAAAATACCGACTCTAAAAGTTAATAGTGTCGATGACCTCCCTGTGGTCTATGAATTCTTAAAATGGCAGTTGCAAACCCCGAACTCGCAAGATCTTGCCCATTTTTTGAGCGACCCTACCGCTTACTTAGATAGCCACAGCATCAAAATCAATCCAAAAATCAGCGCGAAATTTAATGCCCAAGTAAAATCCAGCCTCAAATTTTTAGGCAAGCCGCTTCTTAGCAAAAAAGACTTTGCAAAACATAAGACCGTCTTTGGAATTTCACATCACTCAAAATCATTTCCATTTAAACAAATTCCTTCGCAACCACTACGTGGGCCAAAGAAAAACCCACGTATCTTGGTGAAACACCCACAAGAAAAGCCGGTACTAATTCCCCAGCAAACATACCAAATGGCAATTGCTCCATTGGTGGATGCGCGAGGAAGTGGCAACTTCGACGTAGTCCTGCAAGTTGGAGACAGCTTTTATAATCAAGCTCTCGCGCAACTCACAGACCCGCCGCCTGCCTCCGGACTTCGAGGCTTTATCTTTGAAGATGCGGTAATGTTCTCATGGTTTCTAGTGCATTTCCGTGTTGAACTCTCTTTCCCAGCTATCGGCCCTATCACATTTACTTCTGAAACCCTCGATATGGCTTCATTGGCTGGACCGATTGCCGCCAAAGTCTTCGTTAGCTCGGACCGTAAATCTTGGTCAGAGGCCCTCAACGTCACAAGTGCCAGCTTCTTTCTCGAAGGCCCTCTGCGCTCTGCCGAAGAAATGACTTTTCACCTCGGAGTCGGTATCGACAAAGACATCCCCCTTAAGAACACGATGGGAGTGGATCTGCGCAATCAAAATCCAGTCTTCACTCCAGACCCAACAGGCGTAGCGGTGCCCTCGCATCTCAACGTGATCATCACCCAAGCTATCAGGGACTATTTCACCCGCGTGCGCCCTTGGTTCCCGGTCATTGCCCAGCTTCCAACCTTAGGAAACAACATCGTCCCAGACCCTATTGACGACGTCGTACCGTTCGGTTCAAGCGCCGTCACAATTCCAAGCGGTGGCCCAGAGCCCTTAGTATCAATGCAGTTTGGAAATCCTGCTCAGCCGTTCCGTCAGTCCATATTGCCGGAAGGAAATAACGTCGCCATAGGCGTTGCGACTCACATCTTGCGTTTTCTGATAGAGCGTAACTTGCCAGCTCTTCCTATTGCTGTTTCTGATACAACGACAATTACCGAAACAGAAATACACTTTAGAGATGGATTTATCGAATTCATACTCCACGGTGTTCAACAAACTTGTGCATGCTTCTTTGACTTAAGCTTTACTCTGTCGCAAAAAGTGGCCTTTTCTCAAGACTCAGATGGCAACGTTCGAGTGGCCTTGCTGGAAGAACACCTTCTCAGCGCTTCCGATCGGGCCTTGTTCTATGCGGCTTTTGGTTTTGTCCTTGGCTTACCAGGCCTTCTTGTTGCCGCTATTGCTGACGATGTCTTTGTTGAGGCCTTAGAAGAGGAAGCCAATAGAAAAATCAGCGAGGCAATAAATCAACAGCTTGACGTGATTCCACAGCTTTATGTTCTTCCATTGCTACCGAGTCCCATGCCTCACTTTCTGCGTTTAAAGCTAGAAGACGTTCGCATACGACCTTCTGGAGTTTTTCTAAGTGGCAACGCCATGGTAACCACCATTGATCCAATTGTGGCGGTTCTATTTGATGGTGGCGATGGATCTGACCCGTTCTCTGGAA
NZ_CP178621.1_gap80	2897628	2902452	4824	CCGAATTCATCTTCGAGAGTTGCAAAGCATACGCCCTTCGCTGTCGGTGGTTTTTGGCGAATTAGCACCAGGCCCGCGACACGGATACGCGATTTCGATTTTGAGCCCAGCAAGGTTCTGGACGTAGCCTTCGGCAGATTCACCGATCTTCTAAGTTCCTGCATTGGATGACCGTGCGTTGAGACTGAGAATGCGCCATAGTCGTTTTGGATTTTTTCGAAAGAATCCATATCCGCAAAGCTGCTCTGTGTGACTGGAGTTGGAATGTACTCCATATCGTTAAAGAAACTGAGCTGACTTTCCTCTTCTTTTTTGAAAAGGTTTTGGTATTCAAGCAACGCCCATAGCGCTTCTCTGGTTTCCCAATGGAATTCTTCAAATCTGCCAGCTAGCGCAATTCTGTGCATCACATCTTTTTTGATTTTAGAGCGACGAACAAAATCACCCAAACCGCGGAAGCGCGCTAGCTTTCGCTCTTCCATCAGAAGATTCACTTCTTTTTTAGAAAGACCGCTAACAAGTCTAAACCCCAAACGGATCGTACTCGGCCCCGCCATCACACAATCCCATTCGGAATGCACAACTGAAACTGGCAATACGCGCACGCCGTTTCTCATGGCATCGTACAAAATAGTGTCGTTGCGATAGAATCCCATTGGCTGACTATTCACAAGTGAACACGCGAACTCTGCCGGGTGATGGCGCTTCAAATAACTTGAAGCATAAGCCAAAAGCGCAAAAGAGGCCGAGTGACTCTCGGGAAATCCATAGTGGCTGAACCCTTGGATCTGCTCGAAGATCTGCTTTGCAAACTCTTCGGTCATTCCGTTGTTGAGCAGTCCTCGTTTAAGTCGTTCGGCCATAACACCAATAGGAGCACTACTGCGCCAAGCATTAATAGATTTACGTAAGACATCGGCTTCTCCTGGGGTAAAGTCCGCCAATTCAATGGCGAGTCTCATAATCTGTTCTTGGAACAAGGGAACTCCTAAAGTTTTCCCAAGAACACGCTTCACAACCTCATTTGGATACGTAATCTGTTCCAGTCCCCGTCGGCGTTTCAAGTAAGGATGAATCATATTGCCAACAATAGGACCCGGTCGGACGATCGCCACTTCAATAACTAAATCGTAAAAATTCGCAGGCTTTAATCGTCCAAGCATCGACATTTGTGCTCGGGATTCGATTTGGAAAACTCCAACCGTATCCCGGTTCTGAATCATTTCATAAGTCGCTTTGTCATCTTGAGGAATCTCATACAGTTTTTTTCCGGTCAGCTTCAGTGCTTTTTGCAAGCAGCTCAACATCCCCAGTGACAGAACATCGACTTTAATCAGACCTAAAGTATCTAAATCGTATTTATCCCACTGAATAATAGTGCGGCCATCCATCCGAGCAGGTTCCACAGGCACAATATCCGTAATTGGATCCGCACTAAGGGTGAAGCCCCCGCTATGAATGGAAAGATGTCTTGGAAAACCGTGGATCTCATCGGCAACGCGATCGATCTGCTCACGGAGCTTCTCTGGTTCTGGTAAATCTTTGCTGATCTCATCGAAATCCCTTTCTACTTTTTTTGCTGACAGTGTCCCTACTGGTACACCGAAGGCCTTACACACCTCACGAAAAGCACTGCGACGACGGTACGTAACCACAGCACTGACCATGGCGGCGCGATGACGGCCGTATTTTTCATAAATATACTGAAGCACTTCTTCGCGGCGTTCATGTTCGAAGTCGATATCAATATCAGGGGGTTCTCCCCTTTCGACACTGATAAAGCGCTCAAACAAAAGATCCATCTGAATCGGATCAATCGCCGTAATTCCTATAACAAAACACACCGTCGAGTTCGCGGCAGAACCTCGTCCTTGGCAAAGAATGTCGCGTTTTTTTGCGAACTCGACGATGTCATAAATCGTTAAAAAATAATCTGCAAATTTAAGTTCTTTAATCAATTGCAACTCATGCATGAGCTGCGCTCTGACCTTCTCGCTCATCCCATTCGGATAACGATCCGGCACACAATTCCACACTAAGTGTTCCAAGTAACCTTGAGCATCGTAGCCTTCAGGAATCCACTCAGAAGGATAACGATAGCGCAACTCACTTGGACAGAAACTGCAGGCGTCTGCAATTTCTAAAGTTCTTTCTAGCGCCCCTGGAAAATCTTTATAAAGAGCCTGCATCTGCTCGGGGCTTTTAATGTATCTCTCGGCATTGGGTTGCAGTTTAAAACCCACTTCTTGCAGAGATTTGCCTTCACGGATGCTCACTAAAACATCCTGAAGAACTTTTCGTTCTTTCACGTGGTACTCGACATCATTTGTCGCCACATACGGGGCAGAATATTTTTGCGAGAGTTCTAAAATTTCTGCCACTCGTTTTTTATCATTGCCGTCTAAATAAACCGTCAGCGGCAAATAAAGTTTGTCATTAAAAGCTTCTTTCAGTTCCGCCACACGAGAGGTTTTAGAGATTCTTGGCAGAATAAAAAGCTCTTTCGAATTCGCGCCACCAAGGGCTTCTGTGAATTTGGAAAACTCCAAATGAGTTTTGCCTTTTTCACAACCTTGTTTGGCTTGAGTCAGCAACTGGCAAATTTTGCCGTAAGCCGCTCGCGTCTGTGCCAGTACCGTGATATTGTCGTGATCTACACAAACAAATTCAGCACCGACAAGATACTTAATACCAGGACTATCTTTAGCAATCTTGTAACCTCGAGGCATGCCATAAACACCGTCCATATCTGTCACTGCAATTCCCTTAAGTCCCTGAGTGATCGCTTGCTGAACAAGCTCTTCAGGATGGGAAGCGCCGGTTAAAAAGCTAAAATTGGATTTTGCGCGAAGTTCTGCGTAGCTCAATCGAATTCTCCATGAAGAAAGTCACCGCTGGCGGTTCTGTATAACCAAAGTTGACGACCCTTTTTGGTGGTGAGCCTATAGTAGACTCTTTCCACCGTGGAGTTCTCCCACCATTCAGAGAACACCACTTCACGATTCTCGAGACTTTCCACTTCGTCGACATTATCGTCCCACGAAATGTGCGGCCCCCAGAAGTGCACCGGACTCGGTGTCGGCAGAAGCCTTAAGGGCCTCTCGGCCAGTCGGTCCACCACCTGCGGAGGTTTTCCTTCCAGTTCTTGGACCCTCTGATAATTTTTCTCGGGTATGTAACTCTCCCGCATCCTCGCGAAGAAGACGGAACTCCCGCCCAACCTGGTAGCCACCCGTGAAACAAAACGAAAGAAGGATTCTTCGTTCTCTTCTTTTCTTTGATCGAAGAGATCCTTCTGACTCATGGAGTACGGGATCTCTTCGGTGACTACCAAAGAAAACTCGGTGATACGGGCTTTCAAAGGCTTTGCTTGCACTTGTGCATCCACCATCTCTTTTGCCACTTGCAGGATCACCTTGTTCGAGACATACGGCAGCTGCAGGCAAATAGAGATTTTGTAATCTTGATCTTCGGGCTTGAGCGCATGCTCTTGTCGAAGAACGATGTCAAATTGACGGGCCCTCTTCCCTTTACCACGGAGACGAAGGCCCATCCTGTCGATCATCGATTTCATTTTAAAATAAATGGGCTCTAAATTGTCCACCGGGCTTTCTAAGTCAAATTCATGACGCTCGGTGATCACTTCACTGGGGTTAAAAATCTTCCAAGGAATGGGGCTCTGACCCAGGATGCGGTAGTATGCCAACAATCCCATACTACTAAAACGAGAACTGATCTCGCGCACAGAGATTTTTAGGAAATCCTTCAAGGTTTTGACACCCAGACTTTGCAAGAGCTCGGTCATTTTAAAAATTTTCTGAGTCATTTCAGTTTGCTCTCCGAGAGGATCGAAATAATATTTCAACGTATCGATCGGAAGATCCATTTTACTTCTGCCATTGGTGATCGCGAAGGACAGGGCCGTGGGGATGTCCTCGCCCACGCCCACCTTCGCAGTGACTCCGGCCTTCTTAAGAGTCACCAAGGTCCTTTTAATAAATGTATTTACAGAGTAGAGTCCCAGGCACTTGGAGATATCCATGAATAAGAAGTGATCCCCACGAGTCATAACCTGGGGAGTTGCCCGATAAAAAATTTCGGCAAGTGCACGCGTGTTCTCTGGCTTGTCAAACTGTAAGCAAACGACTGTCATACCATCCCCCTCTTTTTGATGGTTTCGATATTGAAACCAAGTTTTTTCTTTTTCACTTTCAACTGTAAATTCGGCACCCAACTTTGGTGCAAATTCTCAGACAGAAGAAAAAAGTGGGCCTGACTTCTCTCAGAGAGAAGCTGATAGCGTCGCAGGTCTTTTTCATCAAAACTGGAATTCGTCACCAAGGCTTGAAAACAACCGGATTGCAGAGCTTGGTTCAAACACCACTCCAGTTGATTTTTCGCCTCTATAAAAAGCACGTTCTCTGTCTTTAATCCCTTCTGGAAAAGAGCATAGGGATTAATCGTTATTTCTTTTTCAATCCAGGCCACTTTAAAGTCTGGATGTTCTTTTAAAAACAAAGCCACAAGTTCGGTTTTGCCAGGTCCGCTCACTTCAATGATGGCCCCTTTCGGAAAACCTTCTTGAAAAAGCGCAAAAGAACTCCTCTCCCGCTCTACATGTTCTACGGCGCCAATAAGCTGCCGTAGCTCCTGCAAAGAGGGCTTCACCAAAGCCAAACTCATATGTTGTATGTCCTTAAGCTCTCTTTTTCAGATTCAAGGCGCAAGAATCCCTTCTCGTACGTTAAAAACGCCGAGTGTGCCGAGGATCTGAATTTAGGAAAGCCCGTTTTTTAGTATCGAATCAGCCCGCAGTAGATTCCC
NZ_CP178621.1_gap81	2912555	2914255	1700	ATAATGAAAAAGGGGTTCTACTCAAAGTTCGCGCCCATCAAGAGCATCTCGATAGACTCAAATCTCGCTTTGGTCTTTGATCACGCCACGCCCTTTAAGCGTCGCCATCAACTTCGCATTATAAAGCTTTAGAAGCGTCGCTTTGACGTCTTCACCCTCAATCACCCCCAGAGCATGAGCAATCGCCTGGAGGGTCGCCATACCCTCTTCCGTGCTTTCGGCCCGCATTTTTAAGGGGGACTCGTTAGGGGTTGCGATCATCACCCGAGGAAGGTCTTTGAGTTCTTGATGCCGATAATGAACCTTGCTTGCCTGGCGCCAATTGCCGTCAGGAACAATCAGTTGAATCGGCCTTGGGTCTTCTGCCACCAGTTCTGGCGTCAAGGGTTTGGCATCTTCGCTGGGGTAGAAAAGGAGCGTGCGATAGGTTTCAGAGAGCAAGGGACTCAGATCCAAAGCTTCGTGATCAAGCCCCCGCACCTTCATTTCACTATTGGTCAGGGCTTTTAAAGCAAGGCGCCCTGTATTCGTCGTACGCTTAAGCTCTTTTGCATGAACGACTAAGCAGACTTTTGTTTTTAAGTTTAAGGACGGAATTTGCGCGCAGATACAAAGATTACGGTGCAGATAACATTCAGGGCAGGGATCTTTGGTTTTTCGTTGGCGCAGGTTTTTCACGTGGTTACGTATATCATAGATCAGAAAATAAAAAAGGGCCCAGGATGACTCCTGAGCCCTTTTCCGCAGTTCTTATTAAAACTAATTAGTTGTAAAGGCCGCTATTGATAGCCAAGGCGTCTTGAGCCAAAAGCTTGTAGCGAAGCCAGTTTACAGAGCCATCAGCATTCAACTTAGCACCATAAACAGCAGTTGTTACTTCTTGGCCATAAGCTTCAGTCATCAATTGCTCCAAGATATCCAAGTCAGCAAAAAGTTTTGGAGAAGCTTCCGCTAGGCTTTCCAAGCTTAAACGACCTTCGAAACGGCCATTGTCATAACGGCTGATAACGTCATAGTAACCATTGCTGTAACGAGAATACTTCGTCATACGAAGTGCGTAGTCCGTGTTATCGATCTTTTGAACAACAGCGTTCAATTTCTCTTGGTTACTATTTGCCAAAGTCTGATCAACTTTGCCTTCTTTAGCTGCTTTTTTACCAGCATGTACGCCAGCTACGATACCGCCAGCAATAATAACACCAAAGATTGGGGCTGCGAAAATAAAGGCTTGAGCAGAACCTGCTGCCACAGTGCTAGCCATTACGATAGCAGCGATTTTTTTAGTCATAGATAATTTCATTTTGTTCTCCTTGCGTCTAAACGTTTTTCGTTTTGATGACCGGACTTATAACACGTTTTTTTTAATAAAAAAGAACTGTTCCCTAATGCGATACTTTCTCAGAGATGCTGTTCGAGCCCAGAGTTTGGCAGAAGCTATGAATTTTGCTAGATTTTTCGAATTGTTACCCTTACGCTTTAAAAACAATTAGGAACACAATCTTCACTACATAAAGAAAGTTCATATTTTGACAGTGAAACAATTCCAGAAAACGTCACTTATTTTACACAAGCGCGAAACGAAACTGCAACGCTGGTTGGAGCTTTGGCAGCTAAAACTGCGTAACTTTCAGAACGCCCGTCTGATCGCAGGTCTGTTGTTTTTTGTGAGCCTTGTTCCTGCCTCTCTTAAAGCAGAAGCA
NZ_CP178621.1_gap82	2930053	2931890	1837	ATTGCTGCTGATACTGACGAGCTTGAGCTTGAGGTCGCGCAGTTCGTGCCGGCGCCCTTTTTACCGCCGTCGGCAGGACTCTGGCTTCTTCTGAGGCCTCAACTCTTGGCGCTGCCGCGACGACTCGCCCTTGTGGGACCAAGAAATCAAAGAACCCATAAGACTCATCGAGCTTCAAAACAACCACTGAAATCAAATAGAATGCGAAAAGGACGTAGTGGCGCATAGACGCCTTTTCCTTCATCATTTTCTCGATCCCACGTAGGCGTTGATCCATTTCAGCGCCTAGCTGTCTTTGCTGAGCCGCCTGAGCAGTGGCCTGTTGAGCCGCCGCCGCTGTATCTGGCAACACAATCGTCGAATCGGTTCCGTCGTTATTGATAGTCATTGTTGAGTTGCTTAATGAGAGCTGCACATTCATATTCAGAAGGCGAACTTCATTTCGTTCTTGAGCAATTTCAGATTCAAACAACGCCTGCATCGTTTTTGCATTTTCAGAGTATGAATAGTGAGGATAGTGAACCCACATTACTCGACGAAGAGCCGCTTGAAACTCTTCGGCTGTCGCATACCGTTCATCAGGATTGCGGCGAAGTGCTTTTAAAATAACGGCATCCAATTCCGGAGGAACTTCGCCGTTAAAATAAGATGGCGCTTTCACGTTGAAATCGCAATTGCGAATAGTGTCTAAGATCGTCATCTCGGAATCACCGGCTCTAAAGAAAGGTCTACGTAGAGTCAACAATTCCCAGGCGACAATCCCCAGCGCAAAAATATCTACGCGTGCATCCAGAGTCTCTCCTGTGATTTGCTCCGGAGACAAATAGGCAAACTTTCCTTTAATGGTTCCTGCCTGAGTGGCTTCTACCATGCGGCTTGCCGCTTTTGCGATCCCGAAATCAATTACTTTTAGATTACCCTCATAGCTTACGATGAGGTTGTGTGGTGAGATATCACGGTGAATAGCTCGAACCTCTTCACCAGTAACTTTGTTTACAAACGTATGAGCATAGCTTAGTCCCGACGCCGCTTGAGCCAAAAGACTCAGCGCCATTGGAATTGGCATGAACTCTCCACGCTCGGTGAATTTGCAAATAACATCTTTAAGGTTTTTACCTTCGATATATTCCATCGAAATATAAGGCCTGCGATTGCATTCTCCAAAATCATGGATTTGCACCGTATGAGGATGATTGAATCCCATACAGACCTGAATTTCGGTATTAAACATCTTGATAAACTCGCCGTCGTTTGCGGCGTGAGGCAGGATCCTTTTAATGACCTGCACTCGTCCGTTCCCTCGGTGACTTGCCGGTCTTGCTAAGAACACTTCTGCCATACCGCCTGTCGCGATTTTTTTTAGCAATATGTAGTTTCCAAAATGCTCAAAATTTGGAACTGAATCAAAAGGCATATCCGACCTCCATGTGCAACCAACTGTCCCGCCCTCATTATAAACCAACTTTCAAAAAAATTTTAAGTTTTCGCGATTGTCATATTTTTTGACAGTCAGCTTTCATTTTCAGTCAAAGTTTCAGACAGTCCTACTAAGCTTCCTGCGGTCAAACCGTTCACTAAAATAAGCCGGCACATTCTTTATCTCCTGAAGTGCATTCAAATCAAAATACTCGTACATACGGCTTGCATGAAAAACTAGAAAGTCATTCTTCTCATGGCACCACGCTGTCACTATCCAATCTTTCCCCTTTGGCTGGACAGTCTCTATCGTAATCTGCCAGGTGTACCGTTTGCCCTTTAAATTCATATAGCCTATTCGGGCATCGGGTCCCCTGAGGCGCCCGTGTATTCTTCGGATCCTTTCGATCCGAGCTTGAAG
NZ_CP178621.1_gap83	2934419	2938741	4322	GCCAAAATTTCGACAGAAAACAGCAGCAAGGCTCAGCTTGGAGAGAACAAAATATTTGGCATGATCAACACCATGACTGAAATGGCTGAAAGTGCTCAGCAGATCGAAGCTGCGGTCCAAGTCATTGATGATATCGCCTTTCAAATTAACTTATTGGCCTTGAATGCCTCGGTAGAAGCGGCCCGCGCCGGTGAAGCTGGTAAAGGATTCGCTGTTGTTGCAGAAGCCGTTCGAAGTCTTGCACACAAGAGCGCGGCCTCTGCGAAAGAGATCAACGGCCTAACCAAAACTAGCGTCGATAAAGCGATCGCCGGAAAGAAAGTCGCCAACGAAAGTGGCGAAGTTCTGCGAGATATCGTTGAATCTATTAAGAGTGTTTCTGAAATTAATAATAAGATCGCTGCAGCCAGTGACGAGCAGCTAACAGGACTTGTGCAAATCTCTACGGCCGTTCAGCAGATCGACGCGCTTTCGCAAAACAATGCTTCGATTTCAGAAAGTCTTGTGACTTCGACCAACCAAATGGCCGATCAAGGTAAAAACTTGCAAGAGCTAGTTGCAGATCTTTTAGTAGTGGTTAAAGGCGGCTCCGCCAAAAAGCAGGAGCCTGCGGCTTAAGGACTGTGGTGCCGCACAAGCTGACTACAGTACTTGTGTGCAAAAGCGCCACCTAGACTATCCCCCAAACAAGTTTGAACCGAATCTTGAATTAGAACCTTCTACAAAAGTTATAAGGAGTTCTATGAAATTCCCAAAGTTATTTTCTGCTTTGAGTGTTCTGGTTTTCAGTTTGAATACTTTGGTAGCTGAAGCGAAAACTTTCTCAACAGGGGGTGGCCCGAAAGAATCGTATACACGAACATATACAGTAGAAAAATTAAATAAAGATCAAACTTTATTTAAAGGCAGTGAAGACAATGTGGTCGTTGGTAAGGGTATCATGGGAATAGAGATATTGCTTGTAAAGAACCGGAGAGATTCCAAAGACGTTACATTCTGTAACCACGCGTATGGTTGCGGCACGGTCAATCCGGAGTTCTGCAAACAGCACACAGAAATAATCAAGGAAACCTCTATGACAAAAGAGGAAATTCACAAGTGTGAAAAGTACAACAAAAAACTTGTAGAGATGCTAGATGGAAAACATTCAGGTTTTTATGGGACCACATATCGTGAGATGGAAAATCTTCGAAAATTTGCGCAGGACTATCAACAAACTAAGGACTACAAAAATAGTTTAATCGAACCAGAAATGGATTATAATTATCGTGATGAAAATATAAATTTTAATCACTTCGGTGGGGAGCGCGTTCAGTTTGCATATTATGCAAATATGCTATCTTCTTTTTGCGCCCTCCTGCCCGACTATAATCGCATTCTCTCTGTAAACGAAGCTCCAAGTACAGGCAGCACAACTTCTAAGAAACCAGCTCAACCAGAGCGCGGTAAAAAATAAAGACCCAATGCTATTTTCTGTGGGTCTTCATGACTTTATCCCAGAAGGTGAAATAAAGCCCGTAGTTCCCCTGGGAACGCTTGTGATGAATATTGTGATTAATCGCTGGATTAAACCACTTAAAGTAAGGACTCTTCAGCAGCCAGTCTGGCGCCAATTCAAAATGTGAATGGGCATAGATATTATACAGGAACGTCATAAGGCTAAAGCCCATCGGCACTGACACGTGCATTGGCAAAATAAATACCACCGGGAAAAACCAAAAGAGCTCCGCAAAAGCTTCAACAGGATGAAATGCCTGCGAAGACATTGAAGTGGGATTCGTCGACAAGTGATGAGTGCGATGAAAGCGCTTAAAGAAAAATGGCAGATGCAGTGTTTTATGCATCCAATAGAAATACGTATCGTGAATAATGAAAAGTAAAACAAAACAGAAAATGATCCAGCCGATTCCCCGCTCATTCACATCCATATAGATTTTCGTGTATGGTCTGACGTAAGGATTCAGCGTCGTCGACAACATAAGGCCATAAATGGTGACGGTTTGAACCGAGTACTTAATATCACGAAGAATGTCAGCCTTCTTAACTGGATTTGGCTGCATGGGCTTTGCTTGCAAGGCCTTTACTTTTTTAACTAGAAAAAAAGCAGCTCCGGCAAATACAAAATAGCGGAAAGCTTGTAAAGTAGTTAGCGCAACAAAAGTAAGGATTAGTTCCTGAAACATCGACATGGATCGTATATTAACAAAGAAAAAGGCAGAGTGCCACAGTCGAGCTTTTGGTCGAGTAAGGAATACCCAGGAACTTTGTTCCGTCTTCAAAACTCGGCTCTTGCGGGAGCAACTAGAACGTCCTTTTGCGAGAAAAACTCTGAATTACCCCGCCCTGCTGAAGACTTTACTTACTTAGCTCAATAACAGGTTTCCCCTTCTCAAGAATATAGCCTTTTCAAAATGCTTAGACGAGGTGATAAGTCACTTCGACATTACCTTCGATCGCTTTTGAATAAGGACAGACGTGGCTGGCAGCTTCGACAATTTGCAGAGCCTTTTCACGATCGATTCCTGGAAGCGTGACGTTCAGACGTGCTTGCAAAGAATAATCCTGACCACCCGAAACTACGAGGTCCACTTCTGCATCGACGGCTGTGTCTTTGGGCAACGGAATTTTCTCCTTTTGAGCAACACCTCCCATTGCACCGATAAAGCAGGCAGACCAACCGGCTGCGAACATCTGTTCGGGATTAGTGCCCCTGCCTTTTGCCCCTGGGGAGGCAAACATGACATCAAGTTGCCCATCATCGCTCTTAGCGGACCCGCCGACACGACCGCCTATGGTGTGTGTCTTTGCGGTATAAAAAACTTTGCCCGTCTTATCTGCGTTAAACTTACCCTTATGAACGACTTCTGATTGTGATTGCTCCATAAATATTCTCCTATGTTGATACCTCCGAGATCATCACTAACGAGATTTATTGAAGGCAAGAAAAGACACTCGAAGAACCAGGTTCCATGTGAACAATCATCCAACGCCTTGCAGCTAGTGCCGCATTTTGTGTAGAGCGATTTCCGTTGAATTTAGGAGACATTTCCTTAGAATAATTCTTCATGATCAGACTTTTAACATATCTGTTACTTTTCGCTGCAGTAGCGACTCCGCGCTGGGCCCCTGCGGCCTATGATCCAAAAAATCCTCTGAAGCGCCGGGTAGCTAGCGTTTTCATTTCGAAAGCTTTCATTAATGAACAGCTGAAAGCGCGCACGGCCAAGGCGCCGATTTTTAAAGATTTCAAAATTGAACTCGACGCCAAGACGGATCAGATGTTTTTACTTGGTAAAATTCAAGTTCCTCTCGAAGAGATGGGAACTATGAATTTAGAACCTGGCCTTGGCGAGTTCAAATTTCGAGTGACACTCAAACTCTCTGTCACCAAAGATGGTCACCTCGTTTTAGAGTTCCCAATCAAAGAAACTTATTTCTACCCCGCAATATCGACAGATCCCAAGAACGATCGCGTGATCGTGCCCGTAGAATTGCTATCCTTGGGACTTGCGTCCGCGCGGGGCTACCTTGCAGCCCTTTCTGGGGACATGTCTATCTACGATCGTAAAACTGCTAAACTGAAGTCTGAACTAAAAACCATTCAACGTGAGATCAAAGCAGAAGAAGAGCCCGAAAAAATCGAAGACCTGAAACTTAAGAAAAAACTGGTCGACTTGCAATTGCAAGCTGTTCCCATTGAACGCGCTCGGATGGAAAACACCGCGAAGTCCGTGAACAATATCCTGGCCTTCACTGGAGAAAAAGAACTTAACATTAACGAGGAAATCAGCGCGCGCAAAAATGCCATCATCCTAAAGCTCCGCCTGAGCAAACTTCTTCCTTATCTGAAAGACATTGAACTCGGTGGTGTCCGTATTAGTCATGACAAGGTCGACGGTGGTGGTGAAGATTATTTTGTTGTCGATGTAGACTCACAGCTAGAAGAAGTTCCTTCAGCATCCCCACGCGGACCTCGTCAACAGCGTGTGGGGTTAAAGGTCGCCCCTTCGCTTCTTATTCGTTTGAATCAGAACATCTTCAATAGCAAAGCTTTGATGTCCATTCAGAAAGACAAAATGAATGACATCCGCGACTTTGAAATGGCGCTCAAGGATGATGGGCTTCATGTCTCTGGCAAATGGAAAAAGTATTTTATCAGCGTTCCTTTTGATACAACTGTAGACTTTGTTACAACCGGCCCTGATGTTTTCGAAATCCGTCTGCGTGAACTGAACATCAAAGGCTTTGATTTTAAATTCCTGACAAAGTTTGCTCTTGATGCCGTGAAGGACAGATTAGATGCAGCTCTGTCTGGGATTTGT
NZ_CP178621.1_gap84	2951629	2954690	3061	CACTGCTAGAGGACTACATCCTCGAAATCGTCCAAGCATCCAACGGCATGGAGGGTATCGATATCCTCGCCAACCAAAATTTCGATGCAATTCTTTCCGACGAAAAAATGCCTAAGAAGTCCGGACTCGAGGTTCTGAAATGGATCCGCGAAAAGGGAATGAGCACTCCTTTCATTATTCATTCTGGTTACCGTCATAAAGATATGGTTTCTGAGGCCAGCCGCCTCGGAGCCTTTGCTTTTATCGACAAACCATGGGATGAAAATAAGCTCATTCAAACTGTCTGTGACGCAATTGACGTCGGACTAGCAAAGAAGACTTAATGGATAAATTATATTGGATCGATATGGAGATGACGGGCCTCGACGTCAAAAAAGAGGTCATCATTGAAGTGGCGGCTATTATCACAGATCTTGATTTTCAAGAGCTGGATCAATTCGAAACCGTGGTTCGTCAGCCACAAAGTTATCTCGACAACATGGACGCATGGAATACGGAACATCATAAAAAATCCGGCCTCACTGCGAAAGTTCCTTACGGAATGGCTCCGGACTTAGTTGAAGCCAAACTTTGCGATCTCGTAAAAAAACATTTTCCAGATTCTAAAAATAAGCCGATCTTAGCAGGCAACTCTATCAACCAAGATCGTCTGTTCATTGATAAATACATGCCGGAGTTCGGCGAACGTCTGCACTATCGTGTTGTTGATGTGAGCTCTTGGAAAGTGATCATGAATAAAAAATTCGGATACACTTACAGCAAATCCAATCAGCACAGGGCTTTAGATGATATTCGCGAAAGTATTCAAGAATTAAAAGCATACTGCCGATTCATAGACATAAAAAAATCATAGGCGCGTGTCATACGGGTCTATGACCACAATCATCGCCATAATAGGATGAGGGTACCTCTTAAACTGAGGTATATGATCGGGCTATGTTCAAAATAATTTTTATTTTGTTTGTTTGCTTGTGTCCGTTTGGGACGCAAGCACAAGAGAAAGCTAAAACCACAAGACTCAGTATTCTGACTGAGGAATGGCCTCCTATTAGCTTTGAAGAGAATGACAAGGCTCAAGGCTTTGCCGTGGAAATCGTTGAACAGATCCAATCCCTGACTCAAGATAAGCACCCTATTCAAGTAGTGCCGTGGGCTCGCGGCTACCGTGAGCTTCGCAATCAACCCAATGTTGTTTTATTTACGGTTATTCGCACCGAAGAGCGCGACAAACTATTTACTATGGTTGGCCCCCTCGGAGTCAGCGAAGTGGCCCTGTATGGCCTTGCTGAACGCAATCTGCCGGTTCAATCCATAGAAGACGCCAAAAAGCTGATTGGCATTGCTGCCGTCAACGAAACCCTATTTGCGACAGCTCTTCAACAAAAGGGTTTTCAAAATCTGGTGATGACTAAAAACCCTGAACAAGAAGTCAGACTGTTGGCAGCGGGCCGCGTAGACTTAATCAGTGGCGACTTCCACGCGCTTCAAACCGCGCTTAAAAAAGCGGGCCTTTCGAATTTGGAATTGAAACGCTATCTTCTGATCGAGAAGAGTAAGTTCTATATCGCATTTTCAAAAGGTACTAACCCAGAGTTGATCAAGCAGTGGAAGCAAGCTCTCAAAAAATTAAAAGCCAATGGCACCTTCAAGAAAATTTCTAAAAAATGGCTTCCGTTTAGCGAAGCCGTTACTGGTGTCGAGGTTGTTGGCCTGCACGCAGATCTTGTCGGCAAATAAAAAAAGCCCACGCTGTTCGCATGGGCTTTTTGAGTTCTATCAAAAAATAAAACCTCGAGCAGACTGCTCTTAGTAACGGTAGTGTTCTGGCTTGAATGGGCCTTCAACATCCATGTGCAAGTATTTTGCTTGCTTGCTAGAAAGCTTAGTCAACTTCACACCCAATTTACCCAAGTGCAAAGCAGCTACTTTTTCGTCCAATTGCTTAGGCAAACGGTAAACGATGTTCTCTTCGTACTTATCACGGTTCAAGAACAACTCCATTTGAGCCAATACTTGGTTCGTGAAGCTGTTAGACATTACGAAGCTTGGGTGACCAGTTGCACAGCCCAAGTTCACCAAACGGCCTTTAGCCAATACGATCACTTGGTTGCCGTTTTTCAATGTGTGGATATCAACCTGAGGTTTGATCTCGCGCATTTTTGAGTTCTTGTTCAACCAAGCCATGTCGATTTCGATATCGAAGTGACCGATGTTGCACACGATCGCATTGTTTTTCATTTTTGAGAAGTGCTTATCAGTAACGATATCGCAGCAGCCAGTCGCAGTTACGAAAATATCAGCAACAGGAGTCGCCTCTTCCATCGTTGTAACTTCGAAACCTTCCATAGAAGCTTGCAAAGCACAAATTGGATCGATTTCTGTTACCAATACACGCGCACCGAAGTTACGCATAGAGTGTGCGCAACCTTTACCTACGTCGCCGTAGCCAGCTACAACAACCACTTTACCAGCGATCATTGTGTCAGTTGCACGTTTGATACCGTCTGCCAAAGATTCGCGGCAGCCGTACAAGTTGTCGAACTTAGATTTTGTTACAGAGTCATTGATGTTGATTGCAGGTACTTTCAATTTACCTTGCTTCACCATTTGCTCAAGATTGTGAACGCCAGTCGTTGTCTCTTCAGAGATACCGATGATGTTCTTCATTTCTTTTGCAAAACGTGGCTCATGCATCATGTTTGTCAAATCACCGCCGTCATCCAAGATCATGTTGTAACCTTGTTTGCCCCAGCCAGTGATAGTTTGTTCGATACACCAGTTGAATTCAGCCTCAGTCTCGCCTTTCCAAGCGAAAACTGGGATACCAGCTGCTGCAATTGCAACCGCTGCGTGATCTTGAGTAGAGAAGATGTTGCAAGAAGACCAACGGATTTCAGCACCAAGCTCTACAAGAGTCTCGATCAAAACTGCCGTTTGGATTGTCATGTGCAAGCAACCCGCAATGCGAGCGCCTTTCAAAGGCTTTTGTTTGCCGTACTCTTTACGAAGAGCCATCAAACCTGGCATTTCAGTTTCAGCGATAGAGATTTCTTCACGACCC
NZ_CP178621.1_gap85	2996745	2997666	921	GGCTTGGTTGCGCCTTCAACGTCGGATCAAGAGGCAATTCCTCCAGACGCGAGAAAATCACGTGGCAAGAGTAACACTCATCGCCCTTCTTTTCGTTGATGGCACCGCATTTTGGACAAGCTTTGCTGCTATTCTTTTCAGCAGTATCTTCGATTTCTTTTTGAAGAGCTGCAAAAGACTGAGCTTCCAATTCTTGCTGAAAGCTGCGCGCCTCTTGCATTTCCGGCTGTTGAGAGACCGTGAAAGTCTGAACATTGTGAGGATTGGCAACAGGATACTCAAAGCTAAAACGAGTCGCACAAACCACACAGTCAAATTGTGGCGATTGCGTTTTGATATCCCCTTCACTTACTTCGTAAAGTTTTGTGCAAGAGGGACAGCGTAGTCTGAGTTTGCTCAATCCGAGCTTTTCCATTTCCATCCTTAGTGTTACAAAGACCATGATGGTAAAAATTCAGTTGTTTTTCAAGCAATATTCTCTGCGAAATTATTTATGGCCTTTCGTTTCCGGTCTGCTCATCGGAACGTCGTACATTCCGTTTCCTCCGTGGGCTTTGTTGTTTTGTTATGCTCCCCTCTGGATTTTTCTTTTTCACAAAGCGAAAACTTGGAAAGAAGGTTTCGCTGCTGGCTGGTGGACCCAATTCACTTTAAGTTTGATTGGCTTTCACTGGGTCTCTTACGTGACCAAACAGTTTGGTGGTTTCCCGTGGCCAGCCGCACTTGTCGTGCTTTTGCTGTTTGCAGCCTTTGTTCACTTGTACATCCCAATCACGGCAGCACTCGTTGTGTATCTCAAACAAAAATACTCTTGGAGTTTGAGTAAAACCTTGCTGGCCGCCGCGCTTTTCTTGAGCATTGCCGAACGCATTTGGCCTGCGATCTTTCCGTGGCACTTAGGGTACACTTTGTTGTGGGCGA
NZ_CP178621.1_gap86	2999185	3001066	1881	GGGAAATTCGCTCGGACGCTAGTGAAAAGCTTTACAATCTTTTCCGTGAAAAAGAAAAACTTGGCCGTGAGGTACAAACAAGCCTTGATCGTTTGGTGAAAGATCACCAAATGGAAAACAATCTTCAAGACAAGTACGTCACTACTCGCGATGGTCGTTGGGTTTTGCCTGTTAAAGGCGGCATGCAAAGATACGTGCCTGGCGTTATTCACGGCTCTTCACAAACAAAGCAGACAGTTTTCATTGAACCTGAAAAAGTGATTCCACTGAATAACCGTCTTCGCCAAGTCGAAGTAGAGATTGAAGACGAGATCGAAAGACTTCTCGTCGAGCTTTCAAAATATCTGACTTCCCAAGCTGGCCCAATCCTGGAAAGCTTTGGCTTGCTAGAGGAAGCGGACGTCCGTTTAGCGCAAGCTCAATTTGCCGGCATGATCAAAGCTTCGACTTTAGATTTTACGGATGATGGCTTTGAATTAATCGAGGTTCGCCACCCACTTTTACAGCTTTCTGGAAAAACAGTGGTGTCGAATACAGTTTTACTAAACACTGATAAATCCATCTTGCTTCTGTCGGGCCCGAATGCCGGCGGTAAGACGGTGCTCTTGAAATCCATCGGTCTTGCGGCACAGATGGCCCGTTGTGGTCTTCCAGTGTGTGCAAGCGAAAGCTCGAAGCTGCCATTCTTTAAAGAAATCCTGATCGGTATTGGCGACGCTCAGAGCGTGGATGAAGAACTCAGTACCTTTGCGGCCCACTTGAAGATTCTGACTAAAGCGGCCCAAATGCAGGGACCTCAGAATTTAATTCTGATCGATGAGATCTGCGGATCCACCGACCCAGAAGAAGGTAGCGCTCTTGCTCGAAGCTTTATCGAAACCTTCTCAAAGAGAAATGTTTACGCTGTCATTACGTCGCACTTAGGACCTTTGAAAGCCGGATGGTCTGAGAAAGATCATGTCCTCAACGGAAGCCTTGAGTACGATCCAAAAACGGGCCGCCCAACTTATCAATTCCTAGCGGGGATCCCAGGGGATTCTTTGGCGATTCAAACTGCAAAGCGCGTGGGCGTCAGCAAAGAGATTGTCGATCGCGCTACGGAAGTGTTGTCACCAGAAACACGCGCGCGTTTGCATGGCCTAGAGCAAATCGAGCAACTGAAGATTGATATCGCAAATTTGCAAGATCACTTACGCAAAGAAACAGCGAAAGCGACGGCAACTAAAAATAAATACGAAAATCTTTTAGCTCAGTTGAACAAAGAAAAAGAAGCTCGCTTAGCGGGAACTCTTCGCAGAGCCGAGAAAAAAGTCGAAGAAGCGATCAGCTTGGCGAAAGCCGGTGACGTCTTCGACAAACACCGCAATCTTCAAGAGATCAAATACAAGCTGCCAGAAATCGTAAAAGCAAAACCAATCACTTTGGGTGCTGTCGAGTCTGCCGAAGACTTCGCAAAACGTTTCCCAACAGGATCGAAGGTTTTTGTGCCGTCGTTAAACCAAGACGGTATCGTCCAAAGCACGCCGAACTCTAAAGGCGAGGTCATGATTCTTTCAAACTCGATCCGCTTGCAGTTGCCATGGCAAGAGCTGCGCTCACCAGGAAAACCACAGAACCCAACAGCGCAACTCGTTCGTAAAAGCTCAAGTGTGACCGTTGCATTAAACGAAGACGAAACAGTTCTGGATCTTCGTGGCAAAACTGTCGAGTCAGCACTTGAAGATCTAGAGATCGCCTTAGATAAAGCTGCACAAGTTCGTGAAGATCGTCTAAAGATCATCCACGGCCACGGCACGGAAGCTTTGAAAAAAGCCGTGCGCACTTATTTATCTCGTAGCATCTACGTGAAAAAGTGGAAAGCCGGAGCCCCAGAAGCTGGCG
NZ_CP178621.1_gap87	3016429	3017181	752	GGCCTAGTTTCATTTCTAGCATCGAAAGATTCCAGCTAAGCGGTATCATGCCGACAATTTCACGAGCCAGATCATACTTTTCGTTTTTCTCTTTATAGGCAAGACAGCTTTGTACAAGCTCGGTGACAAAGGCCAAATCTTCTTTCGAGAAGCTCGCAAGATGGAAGTTTTGTTTGTTCAAGTAAATGAAAAGACCACGGAACGCGTAGAAACTTTCTTTGTTCACGCTATAAATGCGACGGAAGATGGCGATTTTTTCTTCCACAACTTCGGCTTCTTTCGCTTCATAGTAGAGATTCTGTTCTTGTGCGAACAGGAAGCTCTTTTTAAGAGGAAAAAGATCCATCTGCATATATGCAAAAATAAACCCGATTAAGAAGCCCGTCAAATGTGCTAAGTGAGCAACCCCACTTCCAGCCCCGACCATACCAACAACATCACTTAAAAGTAAAAACAAACCAATATAGAGCCACGCTGGCATCAAGATCATACGGTTATAGACAAATCCTACGCTCATCAAACAGCGCATCTTCTCGCGCCAGAAGTAAACCGCAAACGCACCGATCGCAGCACTGACCGCTCCAGAGGCTCCGAACAACCGAACTCCCATAGGCAAGAATGGCAACTGCAAATAGTTCGAACCAAGCCCGCCCAGCGTATAGAGCACCATTAAACCAAAAAAGCCAATGCGTTGTTCAAGGAAGACCGCAAACAATGCAAAGATCACCATATTTCCAACCAGATGCACCCAA
NZ_CP178621.1_gap88	3051615	3052371	756	TTCGTAAATATTTCTGGCCGCACGCCTAACTCTAAGACTCTGTTCACCAAATTGAAGTCTTTGGGGCCTTACGAACTTTGGCAGGCCGAGCCAACGACAGGCAAACCTCACCAAATCCGTTTGCATGCGGAGGCCTGCGGCATTCCAATCTTGGGCTGCAAAGAACACGGTGGCAGCGCTTTCTATCGTCTGTGTTTGCACGCTGACACACTTAGCTTTGAATACAAATCACTTCCTTACCACTTCCAAGCGGAACTTCCGGTTTGGGTCAACGAACTTGATGCTCAACCCAACATCGAAGAAGAAGAGTTGATGATTTTGGAAGCTTTCCAGAAACGCCAGTGGTTGCTCGACTTCAAAGGCAAGCCCAGCGAGTGTTTCCGCTTAAGCCATCAAGACATCGATTCTTACAGAGTAGACATGTTTGGCGAGTATCTTTGGTTCTATTGGTATAAAGACAATGATCCTTCAACGAAAGATCTGGAACGTTTTCAGCGTGTGGCCGATCGTTTCGGTAAAAAGTATTTCGTGAGAAAAATGCTCAATCGCGGTGAAGACCCGAATGCGCAACTTCTTTGGCCAAGTGCCGAAAAAATCCGCTGGGTCTCTACCGAAAACGCCGTGAAGTTTGAATGCCGCAATGACACAGGATTATCTCCGGGACTTTTCTTAGATCAACGTGAAAACCGCAGATGGGTGCGAGAGCACAGCAAAGACAAATGTGTTTTGAATTTGTTCTCTTACACTGGTGGCTTT
NZ_CP178621.1_gap89	3105730	3110122	4392	CGAAAACCATCGACTGAATATTTACAGCCGTTCCCCATGCTGCAGGAATATTATGAAGCTCCCGGTAAGTGATCGCACGCGGAGTATTCCAAGAGTGGAATACGGCAGAGATCGCTCCCCAGAGTTGTTCGTAAGCATCGTTCGGGAATGTACGACCGGTCATTTGTTGAACCAGGTCTTTGAATTTTTTTACAAGATGTTTCAAATCATCGACAGTAAGATCCGTGTCGAGTTTGTATTTCTTTTCGTCTTTCAAGTCTTCAAGAGTCACTTCCAGAAGTGATGAATTCATCCCCATCACCACGTCTGAGTACATTTGAATGAAACGACGGTAAGAATCCCAAGCAAAGCGTGGGTTGTTAGAAGACTTCGCAAGTCCTTCTACTGTTTGATCGTTCAAACCAAGATTCAAGATTGTATCCATCATCCCTGGCATTGAAGCGCGAGCGCCTGAACGCACAGACACCAAAAGCGGATTGCTGATATCACCAAACTTTTTGCCGATTTTGCCTTCAACTTTTTTCATGGCTTCAAGAACTGAAGGGCGAACCCACTCAGGCAACTTGCCACCGGCTTCGTAAAAGTGCGCGCAGATTTCTGTCGAGATCGTGAATCCTGGGGGAACCGGAATTCCCAAAGAAGTCATCTCGGCAAGATTGGCACCCTTACCACCCAAAATGTTTTTCATCCCGGCGTTTCCTTCGGAATCACCAGCCGCAAAAAAGTAAACGAACTTTTGTGGGATTGTAGTCTTAGTCCCAGAATTTGAAGTCGTTGTTTGTGTGTGCATGCATGTCTCCTTATGCACCCCCATAAAACAATGGGAGGCGCTATTCTAGCAAGGAAAAAGACTGTTTTTCGCCAACGCTTACAAGGATTTGAGAGGCTTTTTTGCCTAGAGTTTTTGCTAAACCGCTCGAAAGTTCGGCCTCGGCTGTTTATGCATGGTGACAACCTGTTCCCAGCGATCCCATTTAAGCAAGTTTAGGCCAGATTTCTACACCACGACAGAAATGACTGAACTTCCGGATTCAAGGCTCCGAAACAAGGAAAGACGAATAAAATCTAACACTTTGTAATGTGTGAAAGCTGAGTAGAAAAATATGTCCTTAGGTAAAAAATTATTTTTTACAATGGCCTTGGTCTTTTGCTTAATCACGTCTTCTTTTGGCATCTCGATTTTTAAGCAGCTTCAGTCCACAAAACTATCTTCCGAAGTCGCAGATCGTTGGCTGCCAGCGGTTTCCAAAGTGTCTGAGTTGAATGTAAATGTATCCAACTATCGCCGCATGGAAGTGCTTTTAGCCTTTTCTGAAGACAAAGGCGATCAAGCCGCCTACCGCGATGAGCTCGACAGCGCCCTCGGCAACCTCACTATTTACCGCAAAGTTTTCGAGCCTTTCCTTGCAACCGATGAACAACAAAAGCTCTATGAAGAATTCAGCACCAAGTGGGATCAGTATATTGAAACCCATGACAAGATCGATGCTTTCGTCACCAAAGGCGAACTGCACGAGGCGCAACGTCTGTTGTTGAGTGATTCCCAAAACCAATTCCAAACAGCCTATGAACTTTTGCAAAAATTAGGGAACGCGTGTTTCGAGTCTGGTGTTAGCGCCAGCCAAAAAGCCCAAGCGAACTTTGAAAATTCTAAATACATTATCCTCGGAGCCATGATCCTGAGCCTGCTTGTGGGCGGCTTCTTAATGTTCAAAATCACGCGCAGAATGATTCGCTCGCTAAACACAATCTCGGTCGATATCTTTGGCAGTACCGAGCAAGTCAATGGCAGCTCTGAAACCCTATCCACTGCCAGCAATAAATTTGCAAACAACATCAACTCGGCCGCAGCTTCGATCGAAGAGACCATGGCATCAATGGAAGAACTCTCCAGCATTGCTAAAACCAATGCCAATCACGCGCAAGAAGCCGCCAAGATGGCTTCTGAGTGCGAAGTCTCTGTAGAAAGTGGCCAAGTTAAAATCCAAGCATTGATTGGCGCGATGAACGAAAACTATCGAAACTCGGCCAAGATGCAAGAGATGCTAAATCTGATCGACGACATCGCCTTTCAAACCAACTTACTAGCACTTAATGCCGCGGTAGAGGCTGCTCGTGCTGGTGAGCATGGTCGTGGCTTTGCCGTTGTTGCAGACGCTGTTCGCTCGCTCGCACAAAAAAGTGCGGTCGCAGCCAAAGATATCACCGATGTTCTAAATCAAACTCTGAAGAGCATGAAAAACGGCGTGGATCTTGCCGCCGAGGGCGAAGTCGCTTTCTCTGCTATCGTAAAGTACGTTCATCAAATCCGTCAGATCAACGAGAGCATTGCTCAAGGAAGCCAAGAGCAAAATCATGGCGTTTCACAAATCACACAAGCGATGAGCACCATTGATACCAGCTCGCAAGAGAACGCCAAGACCTCTCAGGACTTGGAATCCACCGCAGTTCTGGTGAAGACCGAAGCAGACCGCTTAGGCGGGATTGTTTTGGAGCTCGAGAAGCTTATTCACGGAAATGCGAAGAAAAAAGAAGTCTCCGTCATACAAAAAGAAAGTGCTTAGTTTAATCTAAAAAAACACAATACAAGGGGTATTCATGAAAACCACAATGATGATTGCTGCAATGATGCTATTTGCTCAAGCCAGTTTTGCTGAGTGCGAATTGATCACCACCCGTAAAGCTTGCCCAGGTAAAGAGACCGAAGCTCTAAAACCTTACGATGGTAAAAACCCAACAACTGAGAAAGTAACTGCGGATTCTGAAGACGCCTGCTTAAAGAAAGCAGAGAAAGCTTCTAAAATCATTCGTAAAGGCACTCTGACTGAGAAATCAGTCACTGCAAAATTCGGTGGTAAGGACCTAGGGAAGACCTTCTCCGACAAAGTGGATTGCAAATAAGGCTCCTGAAATAATTTTGTTTTGCGGACAAAATAAAAAGAGCTCCCCCATCAGGAGCTCTTTTATTTTTCAGTATTTACTTGTGAGAACTACTTCGTGTTGTTGAAGTTTTTAAGCTTCCCTGCCACGTAGCCATTCAACTGACTCATTGGAATGCGCTCTTGAGCCATTGTATCGCGATGGCGTACCGTCACCGCTTGGTCATTGATAGAATCAAAGTCCACAGTCACGCACAGCGGAGTTCCGATCTCGTCCTGACGACGGTAGCGTTTACCGATCGACTGAGCTTCATCGTAAGTAACGTCAAAGTCTTCTGCCAACTGATCACGCAATTTGCCGGCAATGCTGCTGAGCTCTTCTTTTTTAGAAAGTGGCAAGACTGCAACCTTGATCGGCGCGATGTCTGGGTGGAAGCCCATGACCAAACGCATGTCCTCTTTCCCCTCAGCATCCGTCGTGATTTCTTCGCGGTAGGCATCGCATAGGAATGCTAAGCACAGGCGATCGCAACCAACGGCTGTTTCGATAACGTACGGGATGTATTTTTCTTTGTTCGCTTCGTCGAAGTACTCCAAAGATTTGCCCGAGAACTTCATATGTTGGGTCAAATCGAAGTCAGAACGATTGTGAATACCTTCAAGTTCGCTAAAGCCCATTGGGAATTTGTATTCTACGTCCACAGCTGCTCTTGCATAGTGCGCAAGCTTTTCGTGATCTTTGAATTTCAAGTTTTCAGCTTTCAAACCGAATTTCAGATAGAAATTCCAACGAGTTTCTTTCCATTGCTTGAAGAACTCTTCGTCAGTTCCTGGCTTCACGAAATATTGCATTTCCATTTGCTCGAACTCACGAGTACGGAAGATGAAGTTACCTGGAGTGATTTCGTTACGGAATGATTTACCGATCGCCGCGATACCAAACGGAATTTTATAACGAGAGCTTTGTTGGCAATTCAAGAAATTCACGAAGTGACCTTGCGCGGTTTCTGGACGCAAGTAAATCACGCTCGCAGAATCTTCCAAAGGGCCCATGTGAGTTTTAAACATCAAATTGAAGTTACGCTCTTCAGACAAGTTTTTGCTACCGCAGTTCGGGCACTTCTTCTCGTTGATGTAAGAGTCCGTGTTATCCGCACGGAAACGAGTTTTACAGTCCTTACAGTCGACCAAAGGATCCGAGAAGCCATCAACGTGACCAGAAGCCTTCCACACCATTGGGTGCATCAAGATCGCAGCATCAAGACCCACGATATCACTTCTGCGAGTCATCGCATTCCACCACGCGCGCTTCACATTCATTTTCAAAATGGAGCCCAAAGGTCCGTAGTCCCAGCACGATGCAAGACCACCATAGATCTCACTGCTTGGAAAAACAAAACCACGACGTTTGGACAGAGAAACAAGAGTGTTTAAGTCCTCGAGATGCTTAATTTTCATGAAAGGCTCCGGTTTAAAAAATGACCTTCTATTTGGGTAACATCGCCCCCTAGAC
NZ_CP178621.1_gap90	3179075	3182679	3604	TGACTGTCGCACCCGCTTCACCTAATGCCATGGCGATCCCGCGCCCTGCCCCACGTGTAGCCCCTGCAACGACTGCAATCTTTCCGCTTAACGACTTCCCTGCCATAGATCACCTCTCATTACTTGATCTTCTTTTTTACCATGCCCATTATGAACGCGTTTTCGCGCTTCTTGTCGGCTTTCACAGTTTTAGGCTCTGCCTTTTTCTTTTTCGGTGCTGGCGCTTTTTCTTTTGAGGGAACCTTGATTTTTACTGGCAAGCCCAAGAGTGGATTGCGTTTCATGATCTCGCGAAGGACTGGTTTTACATCTTCTTCAAACGATTCTGAGTCTGCTGGAATGTAGAGCCAATCTTTATTCGCTGGGTGGTTCTCTAAAAACAAAAATTTCAGAAAAAAGGCGCTTTGTTTTTTGTATTCAATCGGCAGGATCACGCCATTCCAAATTTGAAAGGGATAGGTCACTTCTTTGTGTTCATAAGTGCTATCCCGTTGCTCTACCAAAATCAGAACAAGTTTATCATCAAGGTAATAAGCCATACCCCCATGTTTAGGGACCGCAGTCACACCTGGCGGTAAAAGCTCTTCGATCCAATAGAGGTTATCCAAAATTTCGTTCATAGCAGCTTTAACCTACTACAAAGCACGTGCTAAATCCAAAAGGTATTGGGAATTAGCCTCCTCCTTAAAAAACCACAGCCACATTTACCTTTTACACGGAATTGGGCCTGCGATAGAGATTTCCGTGAATCTTTGGTATTTGTATAGGCCAAATTCCATAACAACGGATGTGCCTATGAAAAAACAAATCGCATTCTTAGCAATCAGTTTTTTGTCCCTCTCAGCAATGGCAAGCACCCAAGTCACTCAATATTATTCCTGCTCAGAAAAAAACGGCAGCTCTTCACTTGAAATCCAAATGTACTTAGCAGAACCAGCTTATGTAAGTTCTATTGTCGTTCAGTCTTCAGAGTTCGGAAATTGCGAAGCGGCTGTCGGCTATGATGCTCGCATCATAGCCACCTCTGGCTCTTTGTACGATATCGAAATCAACAAACACAGCATCAGTGGCGACTGCTATTATTCTCGCACAGGGGACGCTGCAATTTCTTGGAAAGGCGCGATGACTACTAAAAAGAACAAAGTCATCACTTTTGATAAAGATGGCAGCCGTCGTACCTTCAACTGCCAACTCGACATTCACGACGTTTCTCAGTGGCAATAAGCCCCAGAGCAAACTGTTGATCTGAAAAGCCAGGCACCCTGCCTGGCTTTTTTATTTTCCAGCGACTGGAATCAAAAAAAAGCCCTCGTTGAACACGAGGGCTTTTTTTTGATGTTTTATCGTGCCGCTGACTATTTTACAGTCGGCGTGCCAAGGATGCTGTTTAAGTATTTATCCAACTCTTGGATCTTGTCGCCGCGAACATATTTGCCACGAACGTCGATCTTCTTCAGAGGATACTCAGGACTTTCTGGGAATACAGGGCTTCCCACTGCATTTAGATCCGCCATAATTTTTTGTGGCGTGTAGTCCGGATTGTCGTAGATGTCTTCAGCGCGAAGGCCCGCAGCCGTCATACGCTTTAGAAGCATATCACTGATGTAGCCCGCCACTGCCGGAGTCGCCATGGACGTTCCGCTCAGTTTTTGTCTGTAATCAGAGTACTTCATCGCTAAGTGAAGTTTAAAGACTTTGCTGACAGTCGTCGCATGAGTCATTCCAGAAGTTAAGTATTCACCGATTTTTGAATCAAAATCGTCTTTAGATGCAATACCTGCAAAACGTGGATTTTTCTTCATCGCGGCAACAATACGAGCGTCAGTCAAAGAGATCGTTGGATACTCTTCTTTTACACGCGCATTGATAATAGTAAGCACCGGAGACAAATCCGTCATCTTCACAGGAGAAAGCACATCCTCACCAACCGCAAAGATCAATGGTGTGTTTGTACCGATCAAAGTATTTGTAAAGTCTGACAAGTCTTCGTCTTGGCTTAAGCTGCCAACACCTAGAACGTTCGTCAGGTGGTTGTTTGGAGCAATACGAGTCTTGCCGTCTTCAAAAGTTTTCAAGAAACGAGAAGTTAAATCAATCGGAACCGCGCTATGCGTTTTTCCATCAACCCAAGTTCCAGAGTTTCCTGCCGCAACGACGAACAAAGTGTTCTTACCTTTTGTTCCGATCACGCTACCCAAGTGGTATTTCGTGAATTCAAAGTTCAAGAATTGGAAGATTGCAACTTTGTCTTTGTCTGGATCTAAATCTGCAAGTTTAGGAATTCTATTCGAGAACTCAGTTCCCAATGAAATACTTGCGATCTTAAGCTTTTTATCAGCCACGTGGTTGATAGCTTCTTCAAACTCGCTAAAGAAGATGAAATCAAGCGTGTTTTTCTCGAACTCAACTTCGATCGGTTCGTCCATAGATGCAAGCATTGCATCTGCAAACTTCTTCATTTCATCTGGAGTTTGTGGTTTTGCCAAACCTTCAGGGATGACTTTAGACAATTTGCTGTAGAAAGCCTCAATAACGATAGGCTCTGCCAACCACGCGTGGAAAGCAGCTTTAAACTTGCTAAGAACTTGGACTTTTTCAGTCTTCGTGATCAGAGCAGAACGTGTGGTGATACGAATTGGATAAATACGAATGTTCGCGTTCTGAGCCGCAACGATACCCGCTGTATGCGTTCCGTGAACTTCGCCTTCTGAATAAGACGACAAATACGGATGCTTATTGCGATGGAAGTACTTTCTGTACATGCTCGTGTATTCAGAGTGGAAATCAGGATCAAAAAGACGAATAAGCTCTGGAGCTCTCAAACGAACGAAAGCGTCAGTAAACTTCTTTTGCGCAGGCAAAGTCGCAAGATACTTTTTAGTCTCGTAGTTTTCTGCTGCCGTCTTTTCGATGCTTCTTAGAGCATTTTCAGCAAGTGCCAGCTTATCGTTACTGTCTTCCATAGAAGTCAGAACAGAAGTTGCTGATAACTGCATCAATGGATACTCAGTCTTTTCACGGAAAAGATCCAAATCAATGATCTGATTAGAAACGGTTGTTTCTCTCAAAGCCAGAATAGGATCAACTTCAGTGATACCACGCTTGTGATATTCCAATGAGCGAGATAGCAAATCCAAAGCGTTGACTGTTTCTTGAGTCATATCAATCGCAACACTGTGATTTCTATCAACTCGGTAAGTAAGAAGCTTGTCCAAGCCCGCTTTGAGTTCCGCTGTACGTGGGAATTCAGTAATCGCTTCTTCGATCTTTTTAATCATCAAGTCGCCGTGCTCAAGGTAAGTCAGCATCGCCAAAGGTGTCGCGACTCCGCCCGTTGAACTTGGCCATGTTTTTTGATCCAAAATTTCATAGATCGTACGAAGACCATAATCCGCAAGCTCTGGCGTTGTCTTTACATTGTCGCGGAACTTATCGTTGATCAATTTTCCACGCGCAGCCCATTTTGTGTGAAGCTCGGGATCAAAATAGTTCTTTTTGTATTTGGCATCAAAAACCATCTTGTAAAGACCAAAGACATTGAAAGACTCAGCACCGACACGGCGGAAAACTGAATTTTTCAAAACAACGTCTTCGCTCAGTTTTT
NZ_CP178621.1_gap91	3218530	3223360	4830	GTATTTGCGAAAAACAGCAGGTTTAAATCCCTCATACAAATTAAAAAGCGATTCACTCTGATGTTCAGAATAAGTTAAAGACTCGCAATCCTGCTCAACACACCAAGTAGAAACAACTTGAATACGAGGATAAATTTGCGGAGGTACCCCAAAGACAGGCCCAACCAAGGATCTTACAAAAGTCTGACACCCACCCTGCCCAAAACAAGCAACCAGAGTATCGCCATTGACCTGATAAGATAATTTGCGAGTACTTTGATCTTCAGGATCAAAAATATCAGCAGACTTCTGATCACTCCCAGTAATAACAAATTTCTTTTTGTCATAATGAGCACCCAAAGTAATGATTTGATCCAAATGAGTCTCAGAAAAAACGAGCCAAGATTTGTAATAAGCTCCATACGCGCCATCATCAGGCACAATATTCTCAGCAAACCAAAACCCAGTCGGAACGGCAGCGAATGAAATTGATCCGAATAAAATTGCGAAAACAAAAAGTAGACTCTTCATAACTCCCCCATACCAGGGGACCACAAGAAAAAGACCTTGTCACGATGTGAAACTGATCGCGTAACTAGCGCCCGCGCTTAATAAAAGCCTCTTACACGCAAAATAAAAAAACGAAGACCTACGAAAGCGAAGACAATTTGCCTCGGAGGTAGGGTGAAAAACTTTGGGCTCTTCCCGAAAGGGGGCTCAAGCGGCGCCCGGATGGCGCGAACCACGCCGAAGGCGTGGCGCTTGCGTGAGGGCCGGACGCCCGTCCCCCGTTTGGGAAGAGATCAAAGTTTTTCACCCTACCTCCGGGGCAAATCCCCGTCCGAAGCCCTCCCCGGACGAAGAGCAAAAAAAAGCCTCTCGCGGGGAAGCAAGAGGCTTAACATTTTCATTACTAATGAGAGATCAAACTAGTTGCTAGTAGGAACAACTGGTGGAGCTGGGTGGTGGCTGTGTCTTTCCAAGAACTTGCAGTACCAGCCAACGTAACGAGCATCTAAGCCCGAGCCTGCAGAAATTGTTGATCCAGAATCAACAACTTCGTCCACTTTGCGCTGAACGCTAAAGTCACGAGAGTCGCCGCGACCCGCACGTCTTTCCATCGCAAAGTATACCCACTTCATATTTTTTGGCGCACCGTCATTTTCATACACGCAGTGATATTCACCTTGTGAGTAGACGATTGTGCCGTAGTGGCTTTCAAGAGCGTTAGCAGCAGTTGCTGCGAATGTAGTCGCAATAATAGCGATAAGGGTTTTCATAGTTCCTCCGTTATGAATGTTTGGAGGCAACCTAGTGGAAAACTATGGCATTCGTCAAATGACGGTTCCTTCCAATGACGGTGTAGAAACCGTCACTGGAAGTCTTATTAGATTGGATTATTGGCAGTTAGAAGAAGGAACTTTGACCACATCATCGATGCTTAAAACTTGGTTTGAGTTCGCAGTGATGAAGGAGCCTTCACCAATGCTGCTGATGTTCTTCAAATATTGAGTTTGAGAAACATCCAAGTTCTTTGAGTAGTAATAAACGCTGTTCAAGCTAATTTGGCTTGGAGCCAAGTTCTTGATCGAAGAAGCATCTGGAATCACATCATTAGGGCTGCGATAGTCCGTTGCTTGACCGTCTGAAATCATTATCATTACATACGAAGCTTTTTGAGCTGCGTTTGCTGAAAGATCCGCAGAGATCATGCTCTTTGCAAGATTCAAAGCTGCTTTATAAGGAGTGCTGCCAGTGTCTGATGTTGCCATAAAGCTGTTGTAACCGCTTTGAACTGTTGCTGCATCGTTAGAGAAGCCTGCAGAACCACCAATTTTGATGTGTGCCTTTGATGAAGAGCCTTGGAATGTTGTCAGTCCATAATAGAAGTTAGATTTACCGCTATAGCGATTCAAGAAAGCGCTGATAGAAGCAGATCTCCATGCCTTATTAGGATCGCTGGCAACAGAGCCACCTTCACCTTCGTTCGATCCAGATGTATCCACAACGAAGAGAACCTTGATGATCTTATTAGAATCAACCATGGTTGGGCGACAAGCATTTGGATCATCGCCGCCTGTTGTTCCGTTCAATATAGCTTCGGAATCCACTTGCGAGGTGAATTTAGCATTAGAACAGTTTTGGAATGCGAGAACCAACGTGAGTAGAGCAAACCCTAAGTACATTTTGGTAGAGTTCATCTTCATAGGTCCCCCCTGGACTTATTAAATGTACATGCAAAAAGCGTGTACGCCTTATTTGGACCTGAGTAGATTTGGGGTTTCAAAATCGTTCATACTTTTTTTGGGCGAATAACTTTTAGTCGACACTTCTCACTCTGAGACGGACGCAATCTCTCGCTGAGATCTCGCATGCGGAATCGCTGGGCCGAAAAAGAAAGAACCCGGTGGGAGGGGCCTACCGGGTTCTTTTGGAACACTTATATATTTTAGCGGGACATAGTATCTGGGCTCTTATCCCCCTTGGTGATGCATTACCTTCACTGCAAGCGCGGGGCCGAGTGCTCACACTCAGAGAAATTCAGGACTTAGCTCGAGGCGAGTTTGCGTTGTGTTCATAAACTACACACCCAAAACAGCCGATAATCCTTGCAAGTCCACGGGATCTTTCGCAAATGCAAAGCACCTTTCAGAGCTCGACACCTGTCTAAAGTTTTGATCACTCATTTTGAGGCCCCTCAAATCAAATTTAAAAAAGGAATTGTTGTAAGCTCTTGTTTCAACAATCGATTCTCACTCTGGAACGATCACACCCTAAAAAATTGAGGTTTCAATTTTGGAACCTTTGTCCGATACTAAATATGTGGGAAGTAAGCCAAACATTTATCAATATCACGAGTACAGAACTTTCTTAAAAGATTGGATCTCCTATCTTCAGAAAGATCAGCCTGAGTTTTCTATCAGAAAACTTTCGCAGAAGTGTGACTTTGCTGTTGGCTATCTTCCTATGGTTCTGAATGGCAAACGCAATCTCTCAGAGACTTCTTTCGACACGTTGAAGAAGCATCTAAAGATGAAAACGGATGAGATCTCATATTTAAAGTATATGATCACGATGAACGATACCGATTCTCGTGAGAAGCGTCTTGAAGTTTTGAAGAAGATGCAGAAGTTCCAAAAATACAGCGATGAAAACGCGAAGGAACTTGAAGCTTATAAGTACCTCACGAAATGGCAATATGTTGCTCTTCGCGAGATGGCGCAACTTGATGAGTTTAAAAACGACAAAGAGTGGATCCAAGAACGCATGACCTTTGCCGTGACTCCGAAAGAAATCAGCGAAGGACTTGAGTTCTTAATGCGAGGCCAATTCATTGAAGACAATGGCAAAGGCAAACTCAAAGTTAAAGACAAGATTTTGGATTGTTTTGAAGGGGTTTACCGCCTGTCGCTTGGCGAATTCTACAAACAGATTTTCCAATTGGCGATTGAGTCTATTGAAACTGTGCCCCGCAATGAACGACTTCTATTAGGCCACACACTCGCTGTTTCTAATGAGGCTTTTGAACAAATTAGTAAGGTTCTCACTGAAGCTCTGGAAAAAGTACGTGAGATAGAGAAAAAGGACACCAAGAAAGACCGCGTGTACCAAGTTTCTTTCACTGCATTTCCAATGACGAAGAAGGGATCAAAATGAGCCGCGCTATCATGGCCCTAATCATTCTATCACTCTTAGGCTGCTCACCTGGCGGAGAAGGCACTTCAACCGGCAATCCTTTGGTAGATGTGCGAATCGATTCCTACAACTCGACAGCGGTTGCGCAAAAAACAGAGTTCCAAACTATGGCTTTGATGAGCTCTTTGAAATTCTGTTTCAAGCGTGTTCGTTTTAAACTGGATGGCGAGACCACAAACCCAGACCCTACTCAAGACAGTGACAATGTTGATTTCTATCTTGGCGAAGTGAACATTTCTAGCTTAGGAACAACACTGAAGAGCATTTCAATTCCGCATGGGACTTACAAACGTGTAGAGTTTGATCTTGAGGACGATTGTTCTTCTGGGAAGAGCATCCAACTAACCAACTCCCAAGGCAACTTTAGCACGGATGACCGCATTACTATCACTTTTGAAGGCACTTTCGTGCATGATGGCACCGGTGATATCTTAAACCTGGCGATCCAAGACGTGGTGAGTGCTCTAAATACAGTCAATGATTCGTCACAAATCAAAACCAAAGCCGAGAGTGTTAACGGCGACTTCTAATTTTGCCCTGCAAAACAGGTCCTTTTACATTTACAAAGTAAAGCTGTAAGGGCTCGAACATATTCAGTTTTCACGGTCAAATCGAATAGAACCGGGCATGATGCGCCTCGTAGGCCGTCTAACCAAATATTTCTTTTTTTGTAAAAGAGAATAGTCTGTAGGTACCACGAATTCTGACAAAATAGAAAGGACGATGGTATGAAAAAGTTCACCCTGATTATGGCTCTTATGGTACTTGCTGCTTGCTCGTCAAAACACAAGGCTAAAGAAATCGATACAAACGTGAAGGACGCTGAAGCAATCACACCTAACAGCGTGATCGGTGTTAAAGACGGAGAAATGATTTACCAAAAGAAAGTCATGATGAATGAACAACTCCGTAATTTGGAGCTCGAAGTTTACAACCTAGAAGCTAAAGTTTATGGCGGTCCTCGTTATTTGGACAACCGCGGTCTGTACGGCGTATTACAAGATTGCCGCTTGCAAATGAGCGAACCTAAAAATGGCGGCGATGGCAAACTTCTTTGGACTGAAAAACGTGAATATGTAACTCAAGAGTCTGACTACACAAACATTGGTACCGATAAAAAGAAAATCATCGGTGTCTCTGAAGAATACCTTAAAG
NZ_CP178621.1_gap92	3229268	3234096	4828	GGAGATCGCGAAACCGACAGCAATACATACATGAGTGTGGACTGTAAAATCGGCACCCCTTAATTTCGTAAAAACTTCTTACCTGTGACACACTCACTATGGATTCTTCTTGTTAAGATAATGGAGTCTTGAACAAGGAGGATTCTATGTTAGTCCGAGAAGTGATGAAAGAAAATGCAGAGGTCATCAACTGCGAACGCAACATTCGTGAAGCTGCGGAAATGATGGCCAAAGGAAACTTCGGGGGTATTCCCGTTGAAAGAAATGACAAGATGATCGGTATGATCACGGACCGAGACATCGTGATCCGCGTGGTGGCCGCAGGCAAAGACCCCGAAACAACGCGGGTTCTAGATTCAATGTCTGAAGGCATCAGCTATTGCTTTGATGACGAAGACGTTGAAGAGGTCGCTCGCAAAATGTCGTCCGTACAAGTTCGTCGTTTGCCTGTTGTAAATAGAAATAAAAAACTGGTTGGAATCGTCAGCCTTGTGGACATCGCTCGTAAGGCTAAAAATGAAAAGCTGACTCACGAAACCATGTCCCAGACAGCCCACTAAGCCCGGGGCTGTTCTGATCGAGAGTTACGACCTCCAAAGGGTCGTAACTCTTCCATTTATTCAAATTTCGGCTACAACAAGAGGTGTCATCAACAATAGCCTTGCCCCCGTTGTCGCTATGAGAAATAACTTGGGCAAGGAGAATAAATGGCGCACCAAGAACATCTGGATTCAGCTCTCAAAGTCCGTACGGCTTTGTTGAACCTGCAGAAAGAACTTTTGAATCATCTGAAAACCACTTTCGAAAAAGAGAACGCACGTGTCGTTCCTCCGATGGAATGGTTACAAGTGATTATGGTGGCCCAACGTTTTTCTTGGTTGCGTGAACTGACTTCCCTGGTGGCAGACATCGATTTGCTGACTGAACTTCAGGAAATTTCCCAAGAACGTGCAAGCCTTGCTCGCACCGAAGTGGAAAGACTTTTCTTTGAAGACTCAGCGTCCGAATTTAGCAAACACTACATGCAACTCATGAAAGCCGGAGCTCCCTTCATGGTGACTCACGGTCAGTTGAAAGAATCTACAAACCTTCTTCCGCAGTCTCAAAAAACTTGGACAGCAGATGAAGCTCTTGCTGAAAGAAAAAAGTGGCATGAAGAGCATCACCTGCAATCAAGAAAGCGCCGCTCTTAGTTTTTGCGTATATTTATAGAATAAATTATCTTCGCCCAAAGTTTTTAGCAGAGCCTGCTCCGCTTTAGCCTGCGGTAACTTTTGAGATTCCAGCCACAGGTCTTCAAACAATGTGGCTGTCGCACCGATGTTCAGAGACGGAAAACTTGAGTCTTCGACTTCACCAAAACCCACTAAAAAAAGATAGTTCCACAAAGGCTTGAGTGTGCGGTTGTATTGACCTTCAAAAAACTTTCCACGCAGCCCAAGATTTTCTTTTAAAAGAGGTGTCGACTGCGGCGAATCCATCAGTAAAGAATCCAAGGCTTCTTGTGAATCTCTGGTTAAAGGTACGTGACCTTGTGATGTTCCTAGGTATGAAAGAAGGCTGACGAAAACTTCCTTGGAAAAAAACGTCGCACGATTACGATACCATTTTGCATACACGACTTCATGGCTGCGCGATAATTCTTCGCGCAATACCCAAAGCTCGCCCACTCTGTTGTCCCCATCTGAATCCCACTCCCAGCGCATCTCTGATTTTGGATACAATGTGGACCAAATACTTGCGGGTTCTTTGCGATTATCTAGTGGATAAACCAAAAGGCATCCTTCGGTTTCGATCGCTTTAACAATTCTTTGACGTTTCGACATCTTCACAGTTTTGTCTCTCCACTTCAACACACTTGCGCCTAATTAAATTGTACTATGAGATATCACGACGAGGTATAGATGACTGTTGACACCGGCTACGCTCTGGCTGCTTGGATTCTCTCGAAGGGCATTGCCTTAAGTTTTATACTGGCCTTTTTGACTCTGCAACCTCAAGTCCTGGGGCTTTATGGCAAGAATGGCATCCTGTCGATTCGCCAATTCATGATGGTGCTTCGAGAGCAAACCGGCCCGCAACGCTACTATGAACTACCAACGATTTTCTGGTTCAATGCTACGGACTTTTTTATAAACGCCGTCACTTTGACGGGGCTTCTTTCATCAACACTAGCACTGATGGGTTTTTGTTATCCATTGATGATCTTCATTGCGTGGGTCTGTTATCTTTCATTCGTGAATTCCGGACAGGACTTTTTGGGCTTTCAATGGGACTCGCTGTTATTGGAAGTCGGAGTGCTCGCGATTTTTCTTTATCCTTGGCATCTTGAGTGGACTCCATGGCAAACTTACGAGCCTAATTTTTTTATTCGTTGGTTGTTTTGGCTACTTCTGTTCAAACTTATGTTTCTTTCGGGCGCGGTAAAAATTCTCAGTAAAGATGCTTCGTGGCGGGACATGACGGCCTTGAAGTTTCACTATTGGACCCAGCCCATTCCAAACCCCGTCGCTTATTTCGCTGATAAAGCTCCGCTGTGGTTTCAAAAATTCTGTTGCGCAATGATGTTTGCCACCGAGATTGGAATTCCCTTTTTAGTTTTTGGACCAGGGAAAATTCGCTGGGTTGGCGCGACGATTATAATCTTCTTTCAGTTCTTGATCATCATTACAGGGAACTATGCGTTTTTCAATTTTTTAACGATTGTGCTTTGTCTTTTTCTTTTCGACGATTCTTTTTGGGCCGTCATTCTTGATAAAGTTCTTCCAGGTATCACAATCATTGCAGAGACCTCGATGTTCTATCAATCCTTAGGACTGATCTTGGCGATTCTCATGGTGCCGTTGAATTTATTCTGGTTCGTGCTGGCATTTTTTGAAAACTCGCGAATACTGAATCCTGCGATTCCGATCATTCGTGCGATTTACAATTATCGTTTTAATTCAAGCTATGGCCTTTTTGCAGTGATGACAAAAGATCGTCCTGAACTTGTTCTGCAAGGAAGTCACGATCACGAAAACTGGGTCGACTATGAGTTTAAATACAAACCAAGTTCCGTTACAAAAATGCCGCCAGTCGTAGCTCCATACCATCCACGCCTTGATTGGCAAATGTGGTTTGCAGCGCTTGGAACTTTTAATCAGAATCTCTGGTTGCAGAATTTGATGGCGCGTATTTTTATGAACTCTGACGACGTCTTAAGACTTCTAAAAAAGAATCCTTTTCCCGAAGTGCCCAGCTACTTACGTATCGTAAAATACCGCTATAAGTTCTCGACAACGAAGGAACTGCTCCAAAAGGGCCAGTGGTGGGAACGCGAATACGTGGGACTCTACTCACCCGTGTTTGAGAAAACTGATTTTATAAGCGAAGAACCCAGTTTCGAATGATCATTTGACATTCATTAAGCCTATGACGCATCACGCTAACCTGGTGCTGGACAAGTCTTTAAAATCTCCGTTGTGGGTCTTCCGTCGTCTCGATAGAATAGTCCCCATTCATGGATGAATTTACACAAAGGAGTTTTATCATGGAAACTAAGATGATCCAGAATAAAACAGAAAAAGAAACGGTACCGGCTACAACAACTATCGAGAAACCAGCAAATGCAGAACGCCCGAACCGTCGCCGCACTCGCCGCCGCCTTCCAGCTTGGTAAAAACAACTTTAGTCTTCAGCTTCTTTTTTATGTTTTATTTGACGAGCTCTTCAGTGCAAGCTGAAGAGCTTTCGTTTTTTTTCAAAGACACTTACGAAGACTCCCGCGCGCAGTTCCTAAAAAATGCAGAGTCTTTAAAAACTCAGGTTCCAAACCTGCAATTACGTTCTCTCAAAATTCCATCAGCTAAATCCGAAGAACTTTTTACGGATGTTTTGTATGTGCCGCCACCAGATGCTGACAAAGATCGTCTTTTGATTTTAGTCTCGGGCATTCATGGCATGGAGGGTTTTGTTGGAAGTGCTCTGCAAAATATGTTTTTGCAGAAAAACTTTTTCGAAGCTCGCAATCAAGGCTTTGGCGTTTTGTTGGTGCATGCACTAAACCCCTATGGTTTTAAATTCCATCGCCGCGTTTCCGAGAACAACATCGACCTGAATCGCAATTTCGATATCAATAATTCGCTTTTTGAACTGAAGAATGACGGCTATCAATCCGTCCGCGACCTTTTAAATCCTACGGACTCTGTAGGCAGCGGTACATTGGACCGCGTAAAATTTTATATTCAGTGCGTGGTGGCTATTGCCAAGTATTCGATGGACAGCCTTCGTCGCGCAATTCTGAAGGGCCAGTACGAAGTGCCCGAAGGGATTTACTTCGGCGGCAATAAGTTCGAACCGCAAAAAGACTTGCTGGAAAAAGAGCTTTTAGAATTTAGCAATGGCTATAAGAAAATTCTGCTGATCGATCTGCATACGGGCTATGGCCAACGTGGAAAGCTGCATCTTTTTGCAGACCGTTCCCCAGCGCTGGATGCGTCCTATTTGGAAAAAATCTTCGCAGGTCAGGGCTTAGACTATGGGCAAAAAAAGAACTTCTATGAGGCCACGGGCGGCCTCGTCGTTTATGCGGCCAAATTGTTTCAGAACAAAGCCCGATATGCAGGCATGGTCTTCGAATTTGGAACTTTAGACAGCCAAAAAACACTAGGCTCCTTAGACTCGCTTTATCGCATGGTGCGCGAAAACCAGCACACCCATCATGGAGCGCACTCACCGCAAGACGCTCAGCAAATTCAGCATTTGTTCTCTGAAATGTTCTATCCTCAGGATTCCCAATGGCGCATTGACAGTGCCCACCAATTTGAAAAGGCCTTAGCCTCTGCTTTGC
NZ_CP178621.1_gap93	3293605	3295545	1940	CTGGTTGACCGACTTCACTGTGAATACGATTCGTCCACCTCGTGGGATGAAAACACCAACGCCAACAAAGATTGAAAGCCTGAACGACAAAGGCGAATGGATCCCGCTTCCTTCTCAAGGCAGCACGGACCTATTGCCCGGCACGCGCCTGCGTGTAGATATTCACGGCTCATTCGCTCAGAATTAATTCATGATAAGAAGGGGAATCCCCCTTCTCTTATTTACAAGATTTTACCGCCAGCTGCGATCAGCGCCTGCTTGATCTTCTCGATGTGTTCTGGACTGCTGGTCTCTAGAACGAACTCGATTCTTGTTTCGCGCAAGAAGAGCCCCTGAGAGATACGATCGTGGTGCACCTCTAGGATATTTGCTTTTTGCTCTGCAATCGCTTTTGTCAGGCGGTTTAGATTTCCTGGAAGATCATCTACGACCACTGACAATTCAGCTAGTCTTCCGCGTTTAGTTTGACCTTTTTCGATGATCTTTGAAATGACGTTTAAGTCTACGTTGCCACCGCTCAAGATGATGCACGTTTTTTTACCTAGCTTCAGTTTGCGATTCATCGCTGCTGCCATTGCTGCTGCGCCTGAGCCTTCCGTCATGGTTTTTGCGCGTTCTAATAAGAACACAATTGCTTCTGCGAGCTCGTCATCCGTCACCGTGACAACTTCATCGACGTTTTTTGCAATGAAGCTATCATAGACGATTTGGGATGGATGCTTAATCGCAATACCATCGGCAATTGTCGAGATTCTTTTTCTTGGCTCTGGCGATTGCTTATGAAAAAGCTGCGACATGCCTGGTGCTTGATCAGATTGTACACCGATGATTTTGATTTTGGGGTTGAGCGTTTTTAATGCCGTAGAAATACCACTGATCAGTCCACCGCCACCAATGGGAATAATGACTGTATCAAGATCCGGTATTTGCTCGTGCAGCTCTAAGCCAATAGTGCCTTGGCCTGCAATGATGTGAGCATCTTCATAGGGATGAACGAAAACATAACCTTCCGTTTTTTCTAAGTGACGAGCATGCTCGTAGGCATCGTCATAGATCTCGCCCTTTAAAATGACCTCCGCGCCATAGCCACGAGTCGCATTCACCTTTGTCAGTGGTGCGTTCTCGGGCATCACGATGGTGGCTTTCACTCCTGCCAACGCAGCACTCAAGGCAACCCCTTGTGCGTGATTGCCGGCAGAGCTTGCGACCACTCCGCGTTTTTTTTCTTCGTTAGTCAGATTAATGATTTTATTGTAGGCACCACGGATCTTGAAACTGCCCGTGCGCTGAGTATTTTCAAATTTAAGGTAAACATCAGAACCAAGAAGTCTGCTAGCACTTATCGAGTGATCCACTTCCGTTGTCTTAGAGATATTTTTTAACGTTTCACGCGCTTTGCGAATTTCCTCGATCGTGACTTTCATAAACACTTTCTACCAGTACGCCGTCAGTCCCCAAATCGGTGGATAGGATTTATAGGGAAGAATGGATTCCTCACTGGATTTCGACTCTTTTCGGAGGGGTAATCCCATGAAGATACTTTCATCGAAATAATGAAAGGGTGCAAGGTGCTTCCCACAACAAGTGCAGGTCGTAACCAATTGCCCAGAGGCTTCATTTGTAGTGCCGCAAACGTGACAACGTCTGTAATGTACTTTTGATTCCATAGTGTTTTTGACCTCCACCTGATATTGCGCTTCAGACTTTGGTCTTGCAAGAATGGGGGCCCACTCTAAGTATTTGAAATCCCACAAATTAACGTACGATGACTTTACGCGTCAGGCGCAAATTGCAGAGGTTACCTACTCTTGATGGGAAGCTCCGTAAACCCAAGAAATCTGAAAAATAAAGGCCTTTACATCTCAGAGTGATACAGACGAGCGGCCCTAGGTCTGGATCCACTACTTATCCTATGGAAATTACTGGGAAGGCCGTAAAAT
NZ_CP178621.1_gap94	3312274	3314052	1778	TAGCCGTCGGGGCTGGAGATTCTCCGGAATGCATAGGAATTTGTTGGACGTTTCCGGGCTTCGCGGGCGAAGAGTGCAATAGATTTTCCTCACGAATAATTTCTTGCTCTAGCTGCTGGTCGATACTCTCCATGCGGAATCTTTCAAAGATCAGCCACAAAAAAACCAGAGCGACCAAGCCCCAAAGAAGTCTTTTCATTAGCGACTCTCGTGCAAGTAATCGACACGCTCATGAACCCAAGGTTCATGCACCCCTTCCATCTCGAAAACTTTGCCGTCGATGACGTGCTTTTCTTTCAGAGGTGGCATCGAAGGTTCAAAATCGTGGAAGATCAGGCCCTTTTCTTCAAGGAACGGACGGACTTTGTCATAACAAGCCTGTCCTAAAACTCCGCGGCGGATCAGTTCGTCGAAGCTTTTCATCAGCTCTTCGGGCGAGAAGCCATAATTGTAAATCATGTCCTGAGCGACGGCGTAAAGTCCTTCCAAAGACAAACGCTGATCCTGCACCAAATCCAAAGCGACTTGATAAGTATTGTAGGTCGCCATAGTTCGACGCCCAAACTTGAGGTAGTAATCAGGGTCAGTGTCGGTCGCGAGATTGATATAGATTTTTTCGACAGGATCATTCTCGGGAATTTGCGACTGAAGCATGAGGATTTGATCCACTTGCTCACCTGTCACATGCAACTTTTCAAGGATGCTGCGGATCTCGTGCGGGCCGATACGGCGGGCGCAGATGTCAGAGTACAGATTGTAGATGATGGCGTCTGTTTCACTATCATCCCCCCAGCAAATTTGGCGAACGCTGGGGTGCAAACGTGTGCGAAGTTGCATCAGCGCGTGCAGTTTATAACCCACTTGTTTCGTCAGTCGCCAGAAGCGGCCGGGACGAAGATTTTTCAAATTATCCTTATAAAAACAACCAAAAGGATTAATTTCATCGATTGAAAATTTCTCAGAAATCCTCTCCTCCATCTGTGGAGGTGAAGCTGTAATAAAGTAAATGGGGAAGTACTTTTGCCCGCTTTGCTTAGCGCGGAAAATCGATAGAGCTTTGATCAGGGTGCTGGTCCCAGGAATATTGCGCTTATTCCAAGCGCGCTCAAGGATCGTCTGTAAGAGGCCGCGGAGAGAGTCAATGGTGGTGTCTAGATAGGTCTTATCGAGATCCCAGATGAAGACCTCTTCGCTGTTCTTTTCCATGCCCTCAGGCACATAGCGAAAAAAAACTACGTCTGAGTTAATCTCGCTGCGCGCTTGCCAATCTGCCGCCATTCTAGGCTCTCCTTCGTGCTGCTGGGCCCAAACCTTATATATAGGATTTCACCAGGAATAAGTATCCCTGGCCGACTGCCTTTTGCCAAGTCTTTGACCACCAAAAGGACCCATAAGCAAATCTTATGGATGCCATTCAAAAATATTCGAAAATAATGATTGCCGTTCGGTCCTGATTTTGGTTTAAGTTGACCACTTTTTTAGCATTTGAGGGGTTATCATCATTTTTTTTGAGGGGAATCAAAAAATGAATCTACTTGCACGTTCTCTAGTTGCTGCTGCTTTTGCGACTCTTGTGGTTGGTTGCACAGCAAGTACATCTAACAACACAGTGAATACATCTAAATCTGCTTCAATTATCGGTGGTACTGATGTTGCTGAAGGCTCTACTCTTCATAAAAGCATCGTAGGCATCTACGATATGGAGCGCGGTGCTCTTTGCACTGGTTCTTTGCTTGAAAACAATGTTGTTTTGACTGCTGCTCACTGCATCGGTGGCA
NZ_CP178621.1_gap95	3328142	3331954	3812	CCCCTGTTTCGCCAAAACGCCCAAGCAAGCATTATCTACAGCGATGTGACCTTCGTTGATTTTCTTTTCGATTTCGTGAACTTGAGCAAAGCTTTCCGCATTACGAGAGATCAAGGCCTGAGTGGCCTCATTCAGAGCTCGTTCGACATGACCGCCCATTACGAGGATGAGTCGTTTGAGTTCGTCTAGTTGGGAATCCATTGTTCTTTCCACTGTTGCTCCTGCCCTTTTCTTACTGAAAATGATTTTAAAAAGCAAATATCCAAAGGAACTTAGCGCATTTCATTTTCTTCAAATGAGCTGCGTCAAGGTCCCCAAAAAATTTCCTTACATGATTCTGACAAAATCCTAACACGGCCGTAGGTAAAACACCTTAAAAAGTCACTCGCGTCGCCAAAATTAGCTGACTCTCGTCACGAATGGCTCCGGCATAAGTATCACTGTAATCCGTGTACTCATAGGCCAAGGCCCAACGCAGATCTTCATTGGTGTCATAGGAAAAACCCGTCGATATAGCCGTTAGTTTTTTCTCTTTGTCCTTGGTCACCGGGCTTAGATAATCCGCACGCAAAAAGAGATCTGCTTTTTCGCTGAGCTCTGCTTGGCCGAACAAAGAGGCTCCCTGACCCTGAATGCTTGTTCCGCCATAGGCTGATACGTCAACCCCCGCGGCCATTCCACCGGTCATAACCGCATTCGCCGGATCCTCAGCATTGTAGAACTCTAAAGCCATAAGACCTTTGCTGAACTCATAACTAAGATTCAATACCAAACGAGTTTTTTTATTGAAGCTTGGATCATAGGCATCATAAGCACCATAGGTATAAGCCAAAGTTGCATAAAACGGAGCCAGCTTCTTTAAGCCGATCAAGAGTTGAGCTTCTTTGCGTGGACCGATCTCATCACTTTGGTAACCTTCCCCGTTCGTGACCGTCAGTGCCCATTGTCCCCAGTCCCCTGGCAACTCGGACTGATACATCAAACCCAAGTCAGACCACGATACATACTTGTACTTGATCAACGGCAGCAAACTGCTCGCGCCCCAAAAGTCATAATCCCATTGCTCTTTTTGTAACTCGGTATAGTAATCTGGAATCAAACCATAACGAAGTTCTGTACCTTCTGGGAAAATGCTCACCAAGCTCAGGTACGCTTTTTTAAGCTGAGTATCAAAACGTTGTGAAGTTCCATCTCGATATTCTGAAGATTCCAGCTGTAGGAAGATTTGATTATTTTCACGTATTGGCGCTTCGATATCTAAGTTCAAACGAGGAATGCTAAACGCCGTTTTTCCCTGATCTCGAGTTGGTAAATGCTTTAAACTCAGAGCGACATCGAGTTCGCCAGTGATCGCCACGTCACCGACAGCAAAGGCTGTCGTCCCACCTAAAAAAAGACTTAAAAACACACAAAATTTTATTGTTTTCATAAATCTCATGCTGACACTGTTTAAACTCTGTCGCAAGCTATTCATATGGGTGCAAAATTCTCAGCTATCGACATTGGCTCTAATGCCATCCGCATGATCGTGGGTGAATTACAGGGACCAAAAAACAATCCAGAGATGAAGCGAATCAAAAAATTCCGCGCGCCCATTCGCCTTGGCAAAGACGTTTTCATGAGTGGCGTAATCTCGGACAAAACTTTGCATGAAGCACAAGAAGCCTTTCGAGAGTTTGCTAAAACTAATCGCGAATACAAAGTCGTACGCTGCCGAGCCGTCGCCACAAGTGCCATCCGCGAAGCTAAAAACAAAGAAGTCTTTGTTCAGTCTATTCACGCTGCTTCAAAAATTCAGGTCGAAGTGATTGATGGCGTCGAAGAAGCACGCCTTGTTCATAATGCCATTCGCACCCAGGTCGATTTGGAGTCAAAGCGCATTTTATCCATCGATGTCGGTGGCGGAAGCGTCGAAATCACATTCTCGGAAAGGGGTATGATGAATGCCACGGAAAGCTTTCCGATGGGCACGGTACGCATCCTTGATCAGATGAACCGCCGCAAACTTTCAGAGGCGCAAATCAATGTGATCATGGGGGAATTCGTCAACCCACTGACAAATTATTTAGACTCTCATATCGGTGCAGGGCCCTTGCATTTTGCGGTGGGAACAGGCGGCAATTTAGAGTGCATGGCACAACTCAAATTCAAAGTTCTCAAAAAAACACCGACCACATACATCACACTTAAAGAGCTTCACGAAATCGCTGAAAAGTTAAAATCAATGACGTACAAAGAGCGCATGGAAAAGTTAGAGTTGCGTCCAGATCGCGCAGATGTCATCCTACCAGCAACTCTTTTAGTTCTGACTATATTACGCCAAGCTCGTGTTGAAAAAATTATGATACCCAACGTAGGCCTTCGCGATGGATTGCTTTGGTCTACAGCGGGACTGATCTAAAGATTTCTAGTCAATGATGTGTTTTGGTTGAAGCAACCACAAAAGTTTCGCAGTTCCGGGCGCTAGATTTTTAAAACTGCTGATTTCCAGACACAAAACGCCGCTTTTTTTAAGCTCCAGTAAAGGCTCGACCTGATCCGCCATCAGATAACTGGCTAGAATGCCTAAGTGTGGCTCGTGGCCGACAGCCAAAATTCTTTTGTGCTCGTCTCCATGAGACCGCAGCCAACGTTTAAACGCATGCGGCGGACTTGAAGGCACTAGTTCAGGAGCTTCAATCACTTTTTTATCAATGAAAATTTGTGATGCGATCTCGGCAGTTTGCCGAGCACGAGTAAATGGACTTGAAACAATCAAATCCAATTCATCGATCCAATCACGCAGCTGCATGCAGACTTTTTGCGTGCGTTTGCGCCCTTTCAAAGTCAAAGGACGCAAATGATCCTCAGGGCTTTTTTTGGCAAACTCTTCACGATCTTCCGCAAGACCATGTCTCATCAAAATCAATTCCATCATGCCGCCTTAAGAGTCACTACTAGAAGCACTCTCTTCAATATTCTTCACACGCTGCTTCGTCAGTTGCATCAAAACTTGTTGAACACCAACTTCATTGGATGCTTTTCTTTGAGTATAGTCCCCGTCTGCGGTCATCTGCCAGGTCTGACGTTGATCTTTCAATGACAATTGCAGGATCTCCCAGATTTTTTCCTTCAAGCCTCTGTCTAAGATCGGCACAATCGCTTCTACTCGTGCGTGTAGATTGCGATACATCCAATCCGCCGAACCCATATAGAAATCCCCATCTAAGGGATCCTGAGCACCATTACGGAAATAAAAAATACGCGAGTGTTCTAAGAATCTGCCAATGATCGAAGTCACACGCACGCGATCACTGAGGCCCGGCACACGCGGTCGCATACAGCAAAATCCGCGCACGATCAAATCGACTTCGGTGCCTTTTTGCGACGCCTGATACAGTGACATCGCAATGTCGTTTTCTTCCATGTTGTTAAATTTTGCAATGATCTGCGACGGTCTGCCGGCTTTGGCATGCTCGCCCTCTCTTTCGATCATCGCTTTGAAACGCGGGAACATATTCACTGGCGCTACTAACAATTTATCATAGGAGTTTTTCAAAGAACGGCCTGTCAGATAATGGAAGAACTCAACGACTTCGTTGGTGATTTCTTCTCGCGCCGTCAAAAGCCCTAAGTCAGTATAAAAGCGTGAGGTCGTCACGTTGTAGTTTCCAGTTCCAATGTGACAATAACAGCGTAAACCTTCTGCTTCTTGACGTACAACCAACGAAGTTTTTGCGTGAGTTTTCAATCCCACAACTCCGTACACGACGTGAACACCGGCGTTCTCAAGCTCTTGGGCCCAATAGATATTTCGTTCTTCATCAAAACGC
NZ_CP178621.1_gap96	3390459	3392639	2180	TGGGCAACCACATCGCCCGTAAGATGGCACGGGATCGAGCCGCAGATAATTTCTTTTTAGGGAAAGGCCTGGGATCTGCTTTCTATAAAGTCGTTCCCGTCGAACCTTCTCGCACTCAAATCTTCTGGGCCACCTTGGGAGTCGGACTCCTTTTAACTATTTTCAGTCTCGGCATCGCCATGATCAGCAATCCTCTTAGAAAAAAGTTGGGCCTCCACAACAAAAAGCTTCACCTTTTGCTGGATGGACTCGAAGAGAAAATATTTTTTCTGACCAGAAATGCGCTCAAGCGTTCCCAAAAGAAGGAACACACTCTCAAACAAGTCGACTAAATTTTTCCAGAGCCTGCGATCTTGCGATCCAAAGAGTAGGCTCCTCCTCCTCGCATCATCAACACCACAGTCATTGCAAGCACCAGCAAGTGATACTCGAACCCCTCACCGCCTTGCTGCCCGGTCCAATTCATGAAAAATCCATTTGGCAGATGAACCATAAAGACCGCCCCCAACATCACGCAGGCAATACCAAACGCCGCAACACGGGTTAAAAGCCCGACGATCAAACCAAGTGAGCCCAAAAATTCCGCAAGAATTACCAGAATTGCAAAAACAGCGGGAACTCCCATTGTGCCAAAGAATCCTACCGTGCCTGAGAAGCCTCCGCCGCCCCACCAGCCCAGCATCTTCTGCGCTCCGTGCGGGAACATAACAAGTCCCAAAACGACTCGTAAAATTAGTAGTGACATGTCCCAGTCGGTTCTCATTATCTTTTTAAGCATCATACATTTCTCCTCGAAACGATTTAAGACGATCGTCTCCGAGGAAAAAGATTATTCAAGATGTAATTAGACAAACGATGACAAAATAGTCCAGTCGCGCTGCCATACAGACAGAAGCTCAAGTACTCTTCTTCTATGACTTTAAATACCTTTCTCAAGACACATCCAAAAATCACCCGCTCACTGAGAAACTTTGTTAAAGATTATGAGCAGAAGTTAGATACCGACACCTTTTCTTCGTTCTTAGAAACCCTCGCGGAAGAAATCCGAAAGGCCGCTGAAGCATTTCAATCTATGCCAGCAGGCCCTGCGCGCGCCTTTAAATTGCAAGAACTTGTAGACCGCGAAATTGCTCAGCAGGGCGAAAACATCAAAGTCAGTTGTTTTAAAGGCTGCTCGGCTTGTTGTCATATGGAAGTCGAAGTCACAAGTGACGAGGCCGAGGCACTTGCAGATTTAGTTACCCAGGGACACACGATCGATCGCGAGCGCTTGCAAAAACTAAGTCTTCGCGCCCTCCAAGATCGCAAGTGGAAAGAAGGCATGAAGAACTCAGAAAATCGCTGCGTTTTTTTGAGTACAGAAGGCTCTTGCAGCATTTATGAAAAACGCCCTGTGATGTGCCGCCGTCACTCAGTAACTTCGCCAGCGAAAAACTGCGAAGACTTCAATGCGGGTGTGACTCTGAGATATTTTCCAACTGTCGACTTACTTATTAGCGCTGCGAACACAGGCACCGACATGGAAGTAGGGCCCCTCGCAAAAATGCTGCAAATACGAATACAACGCTGAAAAATTTGAGAACCTAGTCGACTTCGTAAACCTTAAGACCTGCGCTAAGCAGTTTCTCGGCAAAGACACCGTCTCCCGCGACTAGTTCACCAGTGAATTGGCCATTATAGATGCGGCCCACGCCACACATCGGGGACTTCGATTTCAGATAAGCTTCCGTAGCTCCATGATCCTGAGCAATCTTGTAGGCCGCCTCAGCTCCCGCCTGATATTCTGCAGTGACGTCGACACCTTGATTGGTTCTGATGCGATCGCCTTGCTTCTCGGCTGGAGGACGCGGAGTCGATAGCCCACCCAATTGCTCGGGGCAAACGGCCACAGCTAAGCCCTGCTCAACCCATTCACGGATCTGAGCGCGCTCTTTAGCTTGGCAATCATAACGGCAAGGAACCCCTGCCAGACAGGCTGAAACAACTTTCATACGATACTTATAAAATAAAAAGGGTCTTCAAGAAAGCTCCTTGTAAAAGCTCTATCATTCAGGGACCTAAGGCCAGCTCCGGGACGCAATTCCGAAGCTGTCATAGTGCGAAGTTTAGGACTCTGCTAAAATAAACACATGAAACTCATTTTAAAGTCGACTGTGATTTTAGGACTTTTCCTGTCTCCT
NZ_CP178621.1_gap97	3412980	3414367	1387	ATGGCCTTTTCAAGACGTTTCGGATGCGCGTACGAGGCTAAATAACGATGGACCAAGTTTGGATCATTCTGCACTTTTGGCAGCTGAAAACAGTCTTTGACGTAAACATTAATCCAGTCATTCAGGATATGAGTGCCGACGTCTTTTTTATGATGACGGGCGTGAGTGTCGGGCTTCGCTGGCAGAACGTCTTCATGTCCTGTGTGTTTCTCGAGCCTCGCGATCCAGTTTCTAAAATAGATTTTCTCTTGAACATTGAGCTGGATCAATTTTGAAAGCTCATCAACACGGTCTAAGGTGATTTTTCTTTTTCTAGAAAGAATCAGAGACACCAGGGCCGGAGACACCTTTCGCAAGGTCACAGCGACCGCATGGACCGAGAAACTCTTCTCGGTCTTCTTGCGGTACTCAATCATCAATTTCAAAAAATCCACCGGATCTTCAAAATCGCTAATAACGGGTCTAAGGAGAGGGGCTTGCATTTTCAAAGTTTCCATAAGTTAAAATCAAAACTAAGATAATTATCGTCTAATTTCAATAACTTATGAATTTATTTATTTTACTTTGTAAAAATATTTAAAACCCCAATCAAATCCCCTACTTGGGTTTTTACAAAGTTTCAACGGAGCTGGCCTTAGATTCAGACCCGAACTAAGGAATGCGCTGATAAGGCAGGGTCTCAAAGGCATGATGGCGGGTATTTGGGGTTTTGCCATCCTGCACACCCTCTGCAGTTCCTAAAAGCAGTTGCTCGGAACTTCCCGCTTTTGCTGAAAGCTGATAGCGGGTGTAAGTCTTCTCCCCTAAACGCGGAGCTTGAAACTCATCACACTCAAGACCCGTAACGACTCTCTTTTGCTTCGTCTTCCAATTCGTGAAGCCGCAATAATTCACCATGTTCAAAGCCCGAGTGACCTCGTCACTTAAAGATTGATAGGAAACTTCACGGACTTCCAAATCCACGTCATTGCCATGTATGTCTGCGGCTGACTGAACTTCGTAAATCAAATAAGGAGTCTGACATGTTTCTTCTTCATAAGCTGTGAAGGTTTGAATCCACGAACCGGAGTGCACTTGCACCTGCGCTTGAAGAGCATCGTCCCCGACTAAATAGCAAGAGCGCACAAAACTCCCCTCCAAAACCGGAGAGGCAAAAACCACCTGGCTCAAGAGCAGAATCCAACTCATCATTTCTTAGATCTCCCTTTGAAATCTTCCGTAGTCCCCGCATAGACCAACATGTCTTTCCACTTCCCACGCACTTGCAGGCGGCGAGAACTCAGCCCCTCTTTACGCAGGCCTAATTTCTTAGCCACTTTGATAGAAACCTTGTTATGAGGCTCAATAGCCGCTTCGATACGATGAAGTTTCAAATCTTTAAAAGCGA
NZ_CP178621.1_gap98	3468182	3473065	4883	TCACCGGCTTTGAGTGCTGGCTGCATAGAGCCTGTTGGCACTTTGTACGCTGTCATGATGAAGCTTCTGACGAACAGAGCCAGCATGACAGAAATCAGAATTGTAACGAGGTAGTCCTTCCATTGACTGCTCAACATGCGATTATTGTACTGAATTAAACAATCTTTTCCAGCGAATTTGTCGAGGGTCACAAATATATGATACGGAAGTCAGGGTACTTTCGCAGCTAAGCCAGATCACAGAAGCCGGACCAATCAGATATTTTTCGGGAACATAGCCAAAAACACGGCCATCGCTGGATTGATCGCGATTATCCCCCATAAAAAAGTATTCACCCTCTGGCACCTGGTACTCTTTGCTTTCATCGCTAGCCAAAGGAGAGCCATAGAAGCGTACAACATGCTTTTGTTGACCGGTATCTTCACTGAAGTAACTAAAGTTATCGTCCTCACGTGGAGGATCTTCGTGCAAAGTCCACTCTTGGCCATTCACCGTGATTTGACCACTGCCACGAACAACCACCACATCACCAGGAAGACCGATCAAACGCTTAATGTAGTAGACATCGGGATTTTCAGGGTAACGGAAAACCAGCACTTCTCCCCGTTGCGGAGTTCGCCAACGCATAATCCAGTAATCTGAAAAAGGGATCTTTAGTCCCAAGGAGTACTTTTTAACAAGAATATGGTCATGAATCAGAAGGTTCGGAATCATGCTCCCTGAGGGAATAACAAAGGGCTCGACAACAATCCAACGGATGCCAAACACAATCAGTACAGGCAAAAGAAAGGTCCCGATAGCTTGCGCCCAGGTCCCTTTCAAATTTTTCTGGCTTGTTGTTGTCATATTAATTTACAGAGTGGAAGAAGCGTCCCCAACGGATCGTCAGTGGGTTGCATAGAACTGGGATGCCCGGAATGGTCTCTTCACAACTGAGCCAAATGAACATCGCGCGGCCCAGGATATTTTGTTCTGGCAAGAATCCCCAGACACGGCTATCAGCCGAGTTATTACGGTTATCGCCCATTACAAAAAGATGGCCATCAGGCACGGTGACTGGACCGTAGCTTTCGTAAACATCCCCACGACGGATCAAAACGCTATGATCTTTGTCGCCAAGAGCTTCTGTGAAAAACACATAATTATCTTTGCTGTCGCCCAGGTTGCCGTCACGCTGGAAGTCAGCATCACGAAGCCAGTTGAAGTCATCTTGGCTTACAGGAACTTTCTTCTCTTGAGGCTTGTCGTTCACGAACAAAGTGCCGTTTTCATAGTAAATCTTATCGCCAGCTTCACCTACCACACGCTTGATGAAGAAGGTGCTCATGTCTTTAGGATATTTGAAAACGATAACTTCACCACGCTTTGGAGCGCCGAACTTCACCAACCAGCTTTCGCTGAAAGGAACGCGAACACCGTAAACGAGCTTATTGACGAAGATATGATCATGGATCAACAAAGAAGGAAGCATGCTTCCTGAAGGAATCACATAAGCTTCAATAAAGCCCCAGCGGATGAACAAAGCAATAAATACGGCTAAGAACAGGGAACCCCATCCATCAGTCCAAAAGTGCTTGCTACGAAAATCCCAGCCGTTTTTATTTTGCTGCTGCTCACTCATACTTAATCCAGTTCTGGCCTCTGTTAAATAACGCCCCTTTGGGGCTGGGCCTACATATCGTCGCCGTAGGCGTCTAGTCTTCAACCTTCAGAATAGCTAAGAACGCCTCTTGAGGCACATCGACGGTACCGATCTGCTTCATGCGCTTCTTACCTTCTTTTTGCTTCTCGAGAAGTTTACGCTTACGAGAAATATCACCACCATAACACTTAGCCGTCACGTCTTTTCTGAGGGCGCCTAAGGTCTCACGAGCGATGATTTTTGCACCAATCGCCGCTTGAATCGCCACTTGGTATTGCTGGCGCGGGATCAGTTCTTTCATTTTTTCGGTCAATGCACGACCACGATTCACGCATTTAGATCTATGAACAATCAAAGAGAGCGCATCGATCGGCTCGCCATTGATCAGAATGTCCATCTTCACCAAGTCCGCTTCTTCAAAGTCCATGAATTCATACTCTAAAGAGGCATAACCTTTTGAAATCGACTTCAAACGATCATAGAAATCCATGACCATTTCATTCATCGGTAGCTTGTACTCGATAATGACTTTCGTGGAAGTCACGTAATCCATTTTTTGCTGAATACCACGCTTGTCTTCGCAAAGTTTCAAGATACCACCGATGTATTCTGTCGGCGTATGCACGGTGACTTTCACGAAGGGCTCTTCAAATTTTGCAATCAAAGTTTCAGCTGGCATTTGCGATGGGTTTTCCAACATCATCATAGTGCCGTCAGTTTTTGTAATACGATACACCACCGTTGGTGCAGTCGTGATCAAATCCAAATTGAACTCACGCTCCAAACGCTCTTGGACGATCTCCATATGCAGAAGACCCAAGAAACCGCAACGGTAGCCAAAGCCTAAGGCCATGGACTTCTCAACTTCGAAAGTCAAAGAGGAGTCATTCAAGCAAAGCTTATCAAGAGCATCGCGAAGACTTTCGTACTCAGAAGCGACGATCGGGAAGATCCCCGCAAAAACCATTGGCTTGATTTTTTGGAAACCAGGAAGTGGTTCTGCAGCGCCATGCTTTGCCGCAGTGACAGTGTCGCCGACTTTCACGTCGCGAATGTCTTTGATACCGCAGATGATGAATCCCACTTCGCCCGCCTCAAGCACATCGAGACCCTCTGGGAACGGAGTGTATTTACCCATACGCAAAACTTCATAGTCACGATCCGTGGCCATGAATTTAATTTTGTCGCCTTTTTTAATCACGCCATCTACTACGCGCACGAGAATCACAACGCCTTGGTAGGCATCGAACCAAGAGTCAAAAATAAGCGCTCTTGCAGTCTTTGAACGATCTGCATCTGGTGGCGGAACTTTTTCAACGATGGATTCCAAGATATCAGTGATACCGATTTTCTCTTTGGCAGACGCGTGAATGATGCCAGTGCAATCAAGCCCGACAGTCTCTTCGATTTGCTTCGTGACACCCTCTGGGTCCGCAGACGGTAAATCGATTTTGTTCAAAACAGGAATAATCGCAAGGTCATTTTCAATCGCCAAGTACACGTTCGCGAGAGTTTGAGCCTCAACCCCTTGAGCGGCATCGACCACAAGGATCGCACCTTCACAAGCAGCCAGAGAGCGAGAAACTTCGTAAGAGAAATCCACGTGTCCCGGAGTATCGATCAAATTGATCTGATAATTGTTGCCATCTTTAGATTTAAATTTCAGACACACGGTCTGAGCTTTGATGGTGATCCCACGCTCACGCTCAAGTTCCATATTGTCGAGGAACTGAGCTTTCTTTTCGCGATCTGTGAGCGCGCCCGTGGCCTGAAGAAGTCCATCAGCAAGAGTGGACTTTCCATGGTCGATATGGGCAATGATTGAGAAATTTCGAATAAACTTGGGATCCATCTCAGTCCAGTTCCAGGGCCTGGCGGCCCCGTCAGAATTTACATATTTAACTAGCTCAAACTTTTAACGACATCTTTCAATTGGTCAACTTTGTTCAGTTTCTCCCAAGTGAAACCTTCTTCATTACGGCCGAAGTGTCCATAGGCAGAAGTTGCGCTATAGATTGGGCGAAGAAGTTCGAACTCTTTGGTAATTCTGGCAGGACGCAAATCCCACACTTTACGAACCGCTTGTTCCAAGACTTCTGAGCCGACTTTGCTTGTTCCGTAATCATTCACTGTGATGCTGACAGGTTCAGCAACACCGATCGCATACGCCACTTGAATCAAGCAGCGGTCCGCAAGGCCTGCACCCACGATATTCTTAGCAATGTGACGAGCTGCGTAAGCCGCAGAACGATCCACTTTAGAAGGATCTTTACCAGAGAACGCGCCACCGCCGTGAGCGCCATGACCACCATAGGTATCTACGATGATTTTACGGCCCGTCAAACCGGCGTCTCCCATAGGACCGCCTGTTACGAAACGACCTGTAGGGTTCACGTGGAATTTTGTATCCTTGTCGATCCACTTCCCTGGAATGTGTTTTTTGATCAATTCGCTAACAACAAAGTCTTTGATTGTCGCATTGTTCACGTCCTCAGCATGCTGAGTGGAAATTACGATTGTATCAATGCGCTTTGCGAGACCATTTTCATACTGAACAGTCACTTGAGATTTTGCGTCTGGACGAAGCCAGTTTACTTTACCGGCTTTTCTAAGAGCAGCTAACTCACGTACCAACGTGTGTGACATCGCGATAGAAAGAGGCATCAACTCCGGAGTTTCATTCACCGCATAACCGAACATCAAACCTTGGTCGCCGGCACCTTGATCGTCGCTCAAAGTTTCTTTCACGCCGACTGCGATATCCGGGCTTTGCTGACCTACAGCGATCATGACGCCGCAAGTTTTGTAGTCAAAGCCTTTGTCAGTATCGTCGTATCCAATACGCTTCACAACATTACGAGCGACATCTGTAAAATTCACTTTTGCAGACGTGGAAATCTCACCAGCAACAACGACAAGACCTGTCGTCAACAATGTTTCACAAGCCACACGGCCCTTTGGATCTTGCGCCAGGATTGCATCCAAAATGCCATCACTGATTTGATCCGCCATTTTATCCGGATGTCCTTCTGAAACTGATTCGCTTGTAAAAAGATAGTTTTTCAAGTTCGTGCCCTCTTCGTACGCTAAGTTTGGTCAATGTTTGACGATTGTATGATTTTTATCGTAACGGCGCAAACTAACCTAAAACCGGGGCAGGGGTCAATAAAAAGCCCCCGGTTTTTTAGGCCGGGGGCATTGAAGTAATTCTATTGTTATTAAGGGCTTAGGACGCCTTTTT
NZ_CP178621.1_gap99	3580622	3584789	4167	TGATTTCTAAAGGCCTATCGTTTATTCCCGATCACTCGGATCCAAAGCGAAAATATATTGAGCTCGATAAATCGAACCCAAAAGAAGCTCGCAAGCAACTTGAAAAACTTCTTCGCGAAATCAAACCGGATGTCGCGGTTAGCATTCAAGCTCCGTGGTGGGTCAGCTTTATTTTGTGGAAGTGTAAGGTCGCAAAACGCATCGGTGTTTTATCTAAATGGGATAGTTTTATTTTCTTAAACGCGGGTGTTCGCCAAAAACGCAGCCTGTCTGTAAAACACGAAGCCGATTACAACCTGGATTTGATTAAACAAATTGATCCAGAGAATATTCCTGACGTCACGGCTCCCATTCTTCACCTGAAAGCCGATCCTCAACCCGCGTGGTTGACTCACCGAAAGCTAGAGCCAAAAAAGTACGTGGTGGTTCACCCAGGTATGGCGGGTTCTGCATTGAATTGGCCAACTCAATACTATATCGAGCTGATCGCAAAACTGAAAACCTACGACAAAGTGGTACTCACTGGAACTGCGGCTGATGAGCCTTGGCTAAAAGATATCAAAGAGGCTTACAAGAACGATCCTCAGGTGATTTCTTTGCAAGGAGCCTTAAATCCTAGTCAGCTATTGTACGTGCTTGAACAAGCGAACACTGTTTTTGCACCAAGCACTGGCGTGATTCACATGGCCGCAAGCCTTGGAACACGTGTATATGGTTTTTATTCTCCGATTCGAGTGCAAACTGAAAAACGCTGGGGCGCTCGTGGCAATGATGTGCATTTGTTCTCTCCGGATGTCGACTGCCCGGCGGCTCATCACTGCTTGGGTGACAAATGCCCGATGTATCCGTGTATGAATCAAATCACTCCTGAGCGCGTGTTGAAAGAGCTTCAGTAATGCAAAGACTTTTCACCGTTCCGAAAGAGCTTGAGCAGAAAATCGAGAGTGCACTTAAGAATTTCAATCTGACGTTGCAAGACTCCCAAAAACTGGCAGAGGCCGTCAAAAAACTTTCGGACTATTTCATTCAACATCCAGAGGGCGCGACTCCGTGGAGCGAGAACTGGGCGCAGATTGCGTACTTGGTCTATTTTCTGCCTTTGAACAATGCCCGAGTCCAAGCCGTCGTCAAAGAAGCACGTTTTCAGAATTTCTTTAAAGGCTTAGATCGCGTCGTCGATTTTGGTTCCGGCTTTGGCACCGCAAGCCTTGCGCTGACCGAAGATTTTCAAAAGTTCACTTTGATAGAGCGAGCTAAAGATATTTGTTCGCGCTTTGCATTTTTGCCGCCAGCAAAAACAACATGGCTTGATAAAGCTCCGAACTTTGAAAATCCACAAAGCACGCTTGCAGTGTTCTCTTATTCGCTGACGGAACTTTCTGACCTTCCACCGTGGGCTAAAAAGATGGAAGCTTTGATGATTCTAGAGCCCTCCACTCAGCAAGATGGCAGAAAGCTTTTAGAACTTCGACAGAAGCTAATTCAAGAAGGCTATAGTCTGTGGGCGCCTTGCACCCATCAGGGCCACTGCCCCCTTTTGATAAATTCCAAAACGGATTGGTGCCATGATCGAATTCACTTTGAAATGCCAAAGTGGTTTGAAAAGATGGAACAGCATCTGCCGATGAAAAATCGCACGCTGACAACAAGCTATCTTTTGGCTCGTAAAACCAAAGCTCCTGCAAGACCCAGCAACTGGGCCCGCACTGTTGGGGATCGCCTTGAAGAAAAAGGCAAAGACCGTCAACTGCTCTGCCGAAGCGAAGAACGCGAGTTCCTTGCGTGGATGCATAAGCAGGGCCTTCGCCAAGAAATTCCTCGGGGAGTTCTGATTGAAATCCCCGAAGATGCACAAAAAGTTTCTAATGAATTAAGATTGAAAGACCCTGTTTCGCTTATTTAGAAACAGGGAACAAAGAAATCGCCAACTGATAAACGTGTTGTTTGTCATCCGGCTCAGACAAGAAATGACTGAGTTCGCGACGGAATCTAGCAATACGCTCGTTCGCTTCTGCAAGACGAGATTCAGAAACACAAACTGTCGTTGTGCTATGTTCACCAACGTGATTTGGAATCAAAGCAATAGCTTGGTTGTAAATCTGCTGCTTCACGAGTTGAGCGCGCGGATTCGTTTTGCTGGAAACGCTGTGATTGTTGATCTCTGTTTTCCAAACACCGTCTTCACGCTGAGACAATGCACCCGCAGTCATCAAATCATCGAGAGCTGTTTGCGCTTGAGCAATTGTTAAATTCAAACGCTCTGCAATCCAAGCTGCATTTGCTTGGAAATTTTTAGATGCAACAAGCTCCAAAATCGCGAGGTGATACCATTCCATCGATTGAAGTAAGTGCGCATTTTCGATCTCAGCAATTGCGTGCACTTCTTGAGCGCCCGAAGAATAACGACGACGACGACCGTTGGCCTTTTGAATATAGTCCTGTACTTCCTGCTCTGAGAGCGAAAGACGTGGCGCCAGACTAAGAATTGTCCGCGCTGTCATCGACCTTTTTCCGTTAAGAAGCTTTGATAAAAAAGACGAGTCCACGCCAAGATCTCGTGCAAAAGCGCGCAGAGAATAATTCGGATTCACCGAACTTCTGCGAGAGAGCTCTTGTTCTAGGAAAGTCCTAAAATCACTAGCACTAATAGAATTTAACTGAGCCATATACCACACTTATCAACTTGAAATTTCCCGCAGAGACATTATGCGTAAAATAACGTGAAATCGAAAGCAAGAAGAAAACAAGAAATGGTTAAAATGTTTGCGGCCACATAAAGTCCGCACTGTTTGGATCAGTGGTGAGGACAACTCGACAGAAAAATATTTAATTTGTCGAACGTTGAACGATGTAGATGTGACGTTGACGACGTCTTTCTGTACAAACAATTTCTTGGTGAATAGAATACGTGTCCGTGAAACTTGCTCCCAAAGCCGAAAGCAGGTCCATGAACTTCTGTTCATCTCTTTGTGGGCATAAAATCAAACGCTCAGCTTGCAAAAAGTTTTTGTTAAATAAACTTTTTATGATTTTAAAAATTGCAAAAGCACCAACACCCGCGATCACAACGTTTCCGGTAACCGGACAATCAACTTCTTCGCCTTTTGAAATTTTAAAATGAGCTTGCGAAGAAACTTCTGAGAATTTCTCGCGCACCGTTTTTTCCAAACCTTGGATGATGTGCGGAACCTGGTCGACAAAATAGACTTCGGAAAATCTTCGCGACTTCAGAGCTTCGACCCCGAGGTAGCCATGGTCACAGCAGAAATCCCAAACCGCCTTTTCTGGCAGCAGGTTTTCATAGATTAACTGCAGTCTTTCCGAGAGAATCACGGGCGTTTCCTTGCTATGGGGCTTTGACAATATCCAGCAAAACCCCTGCTATTGACAAGAGCTAAGAGCCCAGGGAAATTGCCCCATCGGACATTTCCTGGAGGCCCTTATGGAAACAAGCCAACTCAATAAAACCCCTTTAGCTGAAGAGCACGTCAAACTTGGCGCCCGCATGGTGGATTTCGCCGGCTGGTGGATGCCCGTTCAGTACAAAGGTCTTCGCGAAGAGCACGACAACGTTCGTACCAATGTCGGCTTGTTTGATGTTTCTCACATGGGTGAAGTTCGCTTCAAAGGATCGAAGGCTCTTGAGACCTTGCAATGGCTAACCACTAACGATGTGGCAAAGTTGAATGATAACGAAGCTCAGTACAGCCTTCTTCCGAACGAGCAAGGCGGCTTGGTCGACGACATCATTGTTTACTGCCTGAAAAAGAATGAAGACTACTTGGTGTGTGTGAATGCTTCGAATGCCGACAAAGACTTTGCCTGGATGGTGAAGAACAATAAAGGCGCTGACATCACCAATGAATCTTCTTACTGGGGTCAAATCGCGGTTCAAGGACCTAAAGCTTTGGCGTTGATGGATAAGGTTTTCGGTTTCAAAGCAAGCGACATGGCCACTTTCAAAGTTCACCGCTTTGACTACAAAGGCTTCAAAGCCATCCTTGCAACGACCGGTTATACCGGCGAAAAAGGCGGCGAAGTGTTTATTGAAGCCAAGGGGGCGGCGACTCTTTGGAGTGATCTTTTGGCTCAGGGCCAAGAGTTCGGGGTTCAAGCAATCGGCCTTGGTGCCCGCGACACCCTCAGAACCGAATACAAAATGTCCCT
NZ_CP178621.1_gap100	3596504	3599413	2909	GCGTCTTTGTCTTCTAAGGGTGAGCTTCTGATTATGATTGAACGGCTTCAGCAATTCGAAGCCGTGTTTGAAAAACTTTTTAATGAGCTCAATGAGCGGGAAAAACACAATCAAGATATCAGAGCGTGCCTTGACCAACTGAAAGTCGCTCGAGACCAAGTTCATGATGTGCTTATTCGTGCCCGCAAGCTGGCAGAGCATAGTACTGCAACAGAAGAAGTCTCCTCAAGCACCGCAAGCTCTTTGGCAGAGGTTGCTAAGTCCAGCGATGCGGCCCCGATAGAAAGATCTGAGTCTTCGGCCATTGCCGTTTCTTTTGAAACTAAAAAGTGCATCCATGCGCGCCACTGTGTAACACAGCTGCCAGGGGTTTTTATGGCGAACACTCCGGGCAAGTGGATCTTTCCAGAAAAAGCGTATCCAGAAGAACTTGCGGCCGTGATCCGTCAGTGCCCTTCCGGAGCTTTGCTTTATAAAAGTAAAACTGCAAGCCTTCACGACGAAGAAGCACCGGCCGTCAACGTCCTACGCCTTCGAGAAAACGGCCCTTACACTTTGCTGGCGGATTTACAAGTCGATGGTGAAAAAGCCGGCTATCGCGCGACCCTATGCCGTTGCGGCAAATCTAATAACAAACCGTTTTGTGATAACGCCCATGTCGCTGCCAAATTTAAAGCCAGTGGTGAACCTGAAACCATCGACGCCACCGAGTTAAAGAATCGTGGCGGCACCTTATCTATTCAACGCACTGAGAATGGCCCACTATCGCTTTCTGGAAACCTCGAACTTTGCACTGGCACTGGCCGAGTCGTGCTTAGAACGGAAAGTGTCTACCTTTGTCGTTGTGGCAATTCGAAATCAAAACCCATTTGCGATAACTCTCACATTGCTGCGGGATTTAAAGATAGCACTAAAAAGACGCCGCCAGAATTGACTCTCTGAGCCCTCTCTTTTTGAAAATCAACTGAATGTGTGGAACGAGTGGAAACACTAATTCCATTTCGTTTTGCACATCCTGAGTGCCGAGAGACCTTTTTGGTGTATGACGAAAGAGAGCTACACCAAAAGGGGGACCTTATGAAAAAACTTTTCGCTATGACTTTGATCGCTTTGAGCTTCACGACTTCAGCTTTTGCAGAAGAAACTCCAGTTTCAGAATTTCTTTTGAATTTGCAGCAAACTGCAGCTGCGACTTCGACGTCGAACTATTGCTGCCTTCATAAAAATGGCGGTACATATTGTGACATGGGCTATGAAGACAAATTCGGCGCTCCATGCAAGTGCTATATCGGCAACAAAGGCTATCCAGGCCACGTTTGCCGCTAAAGATCTTTTTTCGAACAAGGGTTGCTCATAAAAGCGGCCCTTAAAATAGGGTCCAACTAAATTTAAGCCATTCCTTGCTCGATTACACCAAGCTTCACGATTTTTGATTGCCATCATAAAAGAGCCATATGATAAAAATCTAAACCATTGAAGGAGCACTGAATGAAATCAGCTTGGAAGAGCATATTGCTTAGCACACTGTTATTGGCATCAATCACGGCAAAAGCAGAGACTCAAGCAATCTCGTCGTCTATCGCCGATCCTTCTTTCAAAAAATGGTCTGTTGAAGGTCTCTTCAATACGATTTCAAATTCCACTACTTCGACTTTTGGTCCTTCGATTATGTATGCGTTTAGCCCACGCAACCAAGTAGGTTTTCGCTTCTTAGCTCCGACAGGAAATTCAAACTCTACCGGAACAGCCTCTGCGGTCCTACTTTACCGTCATAACTTCAGTGAAGCTAAAACAAGTCTTTTTGGTGAGCTTTCAATCGCGCAGAACTTTTACTATTCAGAGAACACGTACTATCGAAACGCGCTGATGGGAGGTTCTTACGGAACTAACATTGGTATCATCCATCACATTACCTCAGACATTGCCTTTGGCGGAATTGCTGGTGGCGAATGGGCCGAAACTTATATCAGCAACAAAGACTATTACAATCGAGGCGGAGAGTTTAATGTCTACGCTCGTCTTGGTGTTTTTGGCGCCATCGCTTTTTAATTATTATTCGAACCAATCGATATTCAGGTAGCGGATTGCTTCACTTTTGGAAGGTCCGCTGATCTTGGTGGTCTACTCAGGTAACTGCGGGAACTCGTTGTACTGGCCGTATTTCTGCACTTGAGATTTTATCCATGCAGAGCAGGTTTCAATATTGCCGCGGTTAAATGTGATCTCTGCAAAGGGATAGTACTTTTGTGTACCTATCGGTTCGTCATACTCTAACTTTTTTTGCGGTCCTGATGGCGACGTATAGTCTACAAAGCTGATCGAGGCCAAAGCCGTCCCATAAGACAATGTAAACTTGATCTCTGAACGACCAATTCTTTTTAAGCGCTTCTCGACCTGAGAGCACTGACTTGCAATATATTTCTCATCGCCACTCGCTGACACATTTCCAAATGTCACTTTTTCAGCGATAAAATCGAGCCCAGGTCTTAGCAGCTCGATATTACCGTCTTGACGAAGACGTGCCGGAGCCCAAGAGATTCCTGACACGTTGGCAAGACCATCACGACCACGAATTTTCAATTCTGGAGAGAATACATATCCCACAAGCGCACGGACCGGGATGCTCACCTGCTCTTCAATACCCGGAGTGACTTCGACAGTCTCACTATACGCATAGAAAATTTCGTGAATCACCAAAGCCACTTTATTCACAGAATCCAAACGATCCCAGTATTTTTTGTTCAAACGAATGGTGAAATCCAAGCGATTTGCCAACTGCACTTGTTTGTAGGGGCTTACGATGGGACTAGCCTCTGGAATCTCGACAAGTTCTTGATCCAACACTCGCCACATGTACATACTAATTCCGGCAGCCAGTCTATCTGCGACCACTGGCGAATAGGTACGAA
