gap_id	start	end	length	sequence
NZ_CP037058.2_gap1	1973	2514	541	TATTATTAATGGAATCATAATAAGATAAAATGGTAGCGTTTCTTCATACATGCCTATTACAGTTCCTCCTACGGAAAAGATAAACATCATTAACGGTATAAGAAGTTTATCTTTATCTCCCACCCTTTTAACTACTGAGACTATTCCTGCATCAATCGCACCTGTTCTTAAAATCACTCCATAAGCCCCACCAACAATTAAAATAAATACAATAACCTCAACAGCATGTTCCATTCCTTTAGGCATTGCAGTTAAAATAGTAAAAATACCATCCCAAAATCCCCTAGGCACCCTTTCTACTGCATGATAAGTTCCAGCCACAACAACTTCTCTCAAATTCCCATTAACTTTTCTCTTCTCCTTAGAAAATTCACCAGCAGGAATTATATAAGTTAATATAGTCATCACTATTATTAAAGAAAATATTATTGTAAAACTACTTGGCATTTTATTTTTTTCAATCATTTTATCTCTCCTATTATATCTTATCTTTTCCTAATCTCTAGGTTTTAACAATTATCCCAAAGTCCCGACCATGATA
NZ_CP037058.2_gap2	6470	8034	1564	AAACTTTTCATCAAAAAATTTGAAAGTATGTAAATCTCTTTTATATTGAGTACTTAAAGAATATGGAACAAACTTAGTTGTAGATCCTACTTTTACAAAATCACCAATCGATTTATCATATTTATATTCAAATTCATCTTTCATCGCAAACGCAAATTTAAAATCATAAGAATTAAACTTAAACGAAAGCTCAGACACTCTATTAATCAAAGGATCATAAGCAACTAAAAAAGTAAGTTTCAAATAATCTAAATATCTTGGTTCTATCTTATAATATAAAGCAGGACTCATCTTCAAATTTTTATCAATATTAATTTTCTTAAGAGGAAATTTATTCTTTTTTTCCTCAAATTTCTTATCATATTTTATTCCAACACCTACCTCTTGCAATAAATAAGGAAACTCCAAAGTAAATTTAAGCTCAGACAAAGCATATATATTTTCAAAAGTATTTTTCAGTATACCTGAAAGACTAGTTGTTAAAAATCTGTAATCATAGATCAATCCCATATTAACTTCTTGATAAAAAGTTTCAGGACTTTTCCAAAAAATAGTACTGCTCTTGCTATCCAAAACTTTAGAACTTTGATCATACTTTCTGTCAAATGAATAAAGAGTTACTTTGCTTTCATACTTAATACTACTCCTAGAAAAAGAAGGATACATAACAAAAGGCAACAAATCTAAATTAGTTTTATTAATAACTGAATGTTCGCTCTTCTTATCTTTAGCGATTAAATTATAATCTTTATCTAAAGGATTATACTCAACAGTATTGAGATACAAAACATCTTCAAAATTAACAAGTTGATCATAAAAATCAACATGAAGCTTCAAATTCATTTTATTTTTAATATCAAATAAATAGGCCTTTACATCATATTTAAAATCCTGGGGAGACTTTTTAAAATTCTCAAAAAATATATTATTTTTCAAATACGGATTAATTCCAAATCTCAAATAAAAAGTATCCCGCTTAACAAAATCGTTAGATACAATTGGCTCAGGAGACAAATACAAATTTTTACTCAAATCTTTTTCTTCTTTATGTTTTTTGATATTTTTTTTATCTTTGTTATCTTCTACAATATCATGTCCAATATTTTTAACTCTGGGTGCCATAAGTATCTCTTTATTTTTATCATCAAAAGAATATGTCCAACTGCTATTATAAAGATCTTTCTGAAAATTTAAATCAATATAAGGAATATAAACTCTTTCTAAATAAAACCATCTACTAGTTGGGTCCTTAATTCTTTTAGGAGATTTACCAAAGATATTCGCATAATCTGCCAACTTAAAAGTAAATCCAAAATTATTTAATCTATAATCAATAAGAGTATTGTTACTAAAAGTTTGATTATAAAAAGAAGAAAAATTCCAATCAAATGTTTTTATCAGATTTTCTGTTTCTGATAAATCTTTTTGAGAACTCAAAATAGAAAAAAGTGTGGAACTCTCTAATCTATCTTTAAAGTCAATTATCACATGAGGATCTGAATAATGCTCAAAAATCACTGAAAAAAGCGCATCACGAACTAAAAATTCTGATTTAGATTTAAGT
NZ_CP037058.2_gap3	25013	26387	1374	AAGAATTCTTTATATAAATCAATTTTAATGTTGATACCAATGTCTCGTGATGAATCGCTCTCACTTGAATTTAACAATAACTCTAATCTATTTCTATATTTTAATATCAATTCTTCATTAAACCCCTTTAATAACTTTAATGCCTCATAATAAACATATTTTTCAAAATCAAATTTTGTTTCCTCTGAAGTAATACTTTTTATTTCAATATTTTTTCTTCTTTGTTTCTCCAATAATTCTTTTCTTTGTTCTTTTAATTGGCTCTCTTTTATAAGCAACCTGTCACAAGCTTTTTCATCAAAATCTATCTCAAAGAAAAGAATATTTTCATAATACAAGTCTTTTATATAATCAAAATTAAAACTGTCTAAATCCAAACATTTTAATTCTTCTAAATCCTTTTGAACATTTAAAAGCTCCAACAGAAATCGATTCTTATCATTAAGAAGTTCACTATGTCTGTTAACAAAATTTTTTAAATCTAAAAAATCATTAGAATTATAAAATTTAAGGCTTTCATCTAATTCTAATTTAATCTTTTCCTGCAAAGAATACTCATGATTTATCTTTTCTTTACTTTTAATCTTAGAAAATAATTCTAAGTCTAAATTACCAATCCTATATTGAATATCTAAATAATTCTGATTAAACTTTATTATTTTTTCACAAATAAATATCAATTCATAAACATTGTCAAGATTATTTCTTAAAGTTTGTATATCAATAGAATTCAAAAAATTAGTCAATTCATTTAATTTTTTCTCGTTGAGATTAAATCTATTTCTTTCTTCTGTATCTAAGAACTGCAATTTTTCTTTATTAAATTTTGTAAGTTCTAATTCCTTCTTTAAAAAAATTTCTATATCATCATACTTTTTTAAATTAAAGATATTGTCAATTATCGCTGTCTTACTTCTTGGTTTCGAAGTTAAAAATTCCTGAAAATTACCTTGAGGCAAAATAACAGTTTGACAAAACTGTTCAAAATCTAATCTACAAAGACTCTTTATATAATTCAAAACATCGTCTTTATTTTCAATCAAACTTCCATCACTAATACAATTCAATACCATATTTTGAGGGGTTTCTTTTTGTCTTATACTAAGTTCAATAAATGACTCATAAATTTTTCCAGAAACAGTGAAAGTAAGCCTAACATAAGCACTTTCAAAACCTTTTGAAATTGAATCTGCAATGCTCCTATCAAGCCTATAAATTCTTGCATAAAGAGCAAGCGTAATGCAATCCAAAATTGTACTCTTACCAGATCCAGTATTTCCAGAAATCAAAAAAATACCAGATTTTTTTAACACAGAAATATCAAAATCTATTTCATATTTACCTTTATAAGAAGCAATATTTTTAAATACTAAC
NZ_CP037058.2_gap4	110793	114323	3530	GCCAAATTAAAAGAAATACATAAAAATTTCATAACAATAATGCAGAAAGGATTCAAAACCGAAGTTAAAGAAATAAATCTTAGCAATGAAACACTACAAGATATAAACGGATTATTTATAATTGGTTCTAAAGAAATAAACGAGGAAAACTTGAAAAAAATTGACGAGTTCATTGTTAATAACGGAAAAATATTATTTGCAACAAGTAAAATCGATTATAATCCCCAAAGTCCATATACAACAACTTTAATTAAATCGGCACTCTTTAATCTAATTGAAAGCTATGGTATTAAATATAATGAAGATATGATCCTTGACAAAAGATCTCCAAGTCTTTTTTTGGGTGGAAACTTTCAAACTTATTACCCATGGATTTTGATTGACAAAAGTAATATCATAGACAATAATAATCCCTTGCTCAAAAATTTCTATGACGCTATAATTCCTTGGAGTAATTCAATAGAGATTACAGAGGTTAAAGAGAATGAAATCAAATATTTGCCTCTATTTGCAAGTTCTAAAGAATCTTGGCAAATTAATGATGAAAAAATTGCAAGCATAGCTATGCATTCATTTAACGTTCCAAAAACCTTTGACAAAGAAGACAAGCAAAAAATTCTTGGATATTCTATTGAAGGACAAATTCAAAGTTTATATAAGAATAAAAAATCTGAAAATTCAAAAATAATTTTACTAGGCTCAAGCATGATATTTAGTGATTATATGTATAACGCTTCACCTTCAAATTTTGAATTTGCCGGAAGAATTTCAGATTATTTAATGCAAAAGGAAGCATTTTTTAGCATTAAATCAAGAGAAGTACGCTCTAAACTAAAATTTATAAATCCGTCAGCAGAAATGTTAAGTGCAAAATTTTCACTAATAATCATAAATTTAATCATATTGCCTATAGCAATAATAATATTTGGACTTATCAGATTTACCAAAAAAAGAAGAACCAATTAATAAAGGAGAGCTTATGGACAATAAAAAAACGTTGTTAGGAACGAAAGAAAACATAAAAATAGCAATAATTGTAATATTAATATCTACATTTTTACTAGGAATAATATTCTCCAATCAGAATAAGGTTACAAGACTTTTAGAAGAAAAATTTTTTGAAATAGAGTTAAATAAAATTGCAAAAATTGAGACAGAACTTGAGGGAACAATCAAAAAATCAGGAAAAGTTTGGGAACTTAAATACAATGATATAAATCTTCCAATTAATGAAAAAAGAATCAACTCTATGATTCAAGATTTAGAAAAACTTCAAAAAAACAAGCTTGTAAGTAAAGACCCAAAAAAACATAAAGAACTAGGGATAAAAGAAAAGCCAGATTTCAAATTTTTCGATGATAAGAATAATCTGTTAACAGAAATATTTATTGGAAATTCAGGAGAAGGAGATTCAAGACTATCTTACATCAAAGGTAGCGATAAAAATGTATATTTAACAAACAACATCTTTTTATCATACAAAGGCAACTCTTATAATACATTTGCAAATACTAAACTTTTTGAAGCAAAAAACACAAAAATAGAACACCTATCCTTAAAAGTAATTAATAAACCCAAAAAAGATGAAGAAGATGCAATACAAAATGACTATCATGTATCCATGAAAGATGGTCTTTACTTTTTCAATCAAGAAGTATTACGTAAGGAAAAAATCTTACAAATGATCCAAGAATTCATAACAGATGGACTTGAAATAGATAAAACCAAAATCAAGGATTATAAGTTACAATATAATGTTGAAATAAAATGGGATAACAAAAGTATGAATAATATTGATATTTATTTCAATAAAAACGAAAAAAATAGAGATATCTTAATGAAAAAAGATAATGATGCATATTATTATACTACCAACAAATGGACATTTTTTGAGGTTTTCAATTTAGAGAAAAAGATAAATACAAAAGATGATGCTCCTAATGAAGATCATCTAAAAGACAACAATGATCATCACCATTAATATTTCGATGTATACAACATAGAATAAAGATAGAAAAACAGAAATAAAAAAAAGACATTAAAAAAAGATAAGAACATAAAATATAAAGTATCCTGCTCTTTGGCAGGATATTGTAAGATACGACCAAAGTAACAAGAACATCATTTAATTCAAAATTAATCTTAACTTTTTTTATAAAAATACTATTCTTCAAAGAAGTTGATTCTAATTTATCCGATAGTTTATAAATCGAATTATCTTTTGATTTATAAACTATCATCCCATTAACTGATGAAAGTAAATAATAAGAGTTAACCAAATCATCTTCAAATAAAGTTTGCTCGAAATAATAGTCTAGATTTAAATCTTTAAAAAAACTTATATTATAGGATCTCACATCATCTATCAAATCATCAAGATTAAAATTAATCTGATTTAAAAATTTATTAATAAAATAAAAGAAAGTTAAAAACAAAAATAAAATTGAAGCAATAAAAAATAAAAAATAGTATCTAATTAAGTAGATATTCCTACTCTCTTACGAACAAACGCTTAATTTTTTGCAAAATCTCATATTCTCTCTTAATTGTAAAATTATTACTCCCAGATTTAGATTCAAGATCCCCTTCTAACCTACTAATAAACCTAACTAATACAGCCCGTTCTTCATTGTTTAACTTAATTTTACTTAAGTATTCACTATCATTAAACTTATTTATTATCGTCTCAACATCAGCAAAACTAAAATCAGAAGCAATACTCACACTTTCAGCATCCTCGGTTTGCTCTTCTAAAGAAGATGAACCTAATTCTTCATCCTGTTCCAATTTTTCTTCTAGATCTCTTAAATTACTATCATAAAGATTTTCTTCTTCAAAATCTTTAATATGTTCTTGCAAATCTAAACAATCTAAATCTGCCTTTAAAACATCTTCAAAATTATCAAGTTTCTTCAAATCAGAAGAAATATTATCAACTTCCTTATTTTGCTTTAAGCCACCATCATCAATACTATCACTTCCTTTATTCAAGGATACATCCAAATCCAAACTTACACTATCCATTTTATGAACAGTAATCTCATCAAAATCACTTAATTTTTCATTTTTTTCCTTAAACTTTTCACTCTTTAAATCATCTGAATCCTTATCTAAAGATTTAACTTTGTCTAAGCCATTATCTAAAAAATAATCAACTTTTTCTAAGTTATCTTGAACATCATCATATGAAGTATTTTTTTCCTGCAAACTCTTTACATTGGAAGAATTCTCATTAAGAGAAAAACTATCTAAATGAGAATTATCATTTATTTTTAAACCAACATTAACAGGCTTCCTATCAACAAGAACATTTGTTAAAACTTTATCATCTTCACCTGAGATTATCATCAGATTCTGAGATTTACCATCATCACTATTAACAACATTGGCTACACCAAGAGAAGAAGATTTATCTAATGAAACATCATCATGCGATTTAGCAAAATCAACACCTAAAGATATTCCATCTTCTTTACTTAATAAAGTATCAACAACATTATGTGTAAAACTTTCTGCTATTGAGGATAAAT
NZ_CP037058.2_gap5	171498	175446	3948	CCATCTAAACTCAAATCCGAATATATCCTTAATTTAGAATCAGAACTAACATTACTAATCTCACAAATAATTTTTTCCTTTTCATTAAAAAAATAAACAAAACTCCACTTATAAATCTTTTCTAGATCTTTATAAGAAAACAAAAATAATAAACCAGAACTTTTCAAAAATCTAAAGGGAATCGAAATAACAAAACCATCATTATTTTCAATAAAAATTGGAAACTTAACATCTTGTTGCCTCATTTTTACTTTACCGCTAAAATAATCACAAATTTGCATAAAATTTTCATTTCCTATGCTTCTTTGTTCATGTAAAGCCAAAAGAAACTTTAAAATAAACTCATCCTTTATATTATCAAAAATATTATTGAATAATTCTTGAGTGTTCTGCTCTACAAAATTACCACTTCGCCTAAGCATAACCCTATCATTACTTTCAAATAAATCGAAATCCTCAAATAAAGATGTATAACTAACACTAATTAAAAAATTATCTGAAGTATTAATCATCCTAGCAAAATACTTAAGTCCAACTCTCAAAGGTAAACTACTCTTTACTTCAAAGTAATCACCTAAAAAAAATACAAGCCACTTATTAACACCAATAGATTTAACAACTTCCAATTGCCCACTTAAAGGAAGATTTTTATCTAAAGCAACTTTGGGTAACTGAACGTTATTTAAGCTTTTTAATATCAAGGCGTTCCTTCACCTTCATTGCAGCTTTACCAATTCTATCTCTCATATAATAAAGCTTGGCCTTCCTTACCTTCCCTCGCTTTAAAACTTTAACCTTTTCTATAATAGGTGAATGCATTGGAAAAATTTTCTCAACACCAATTCCTGAAGAAATTTTCCTAACTAAAAAAGTTTGTCCAATGCCTTTATTTTGAATAGATATAACAAGACCCTCAAAATTCTGAACTCTCTCATTAGTGCCTTCAATTATCTTATAACTAACACAAACAGTATCTCCTACCCTAAAATCAAAGCTTTCTGTTCTCTTGCCTTTAGCTTCAATTTTTCTTATTAAATCCATCTTTTTCTCCTCTTTTTTCCAAATACTTAAGGTATAAATCATATCTATTTTTCTTTGTTTTTTCAACAGACTTAATAAATCGCCATTTCCTTATTTCTTCGTGGTGACCAGAAAGAAGCACACCAGGAACTTCTAACCCTCCAAATTCACAAGGCCTAGTATAATGAGGATACTCAAGTAAACCATACTCAAAATTAAAAGATTCCTCAAATAAGGAACTTGGACTTATTACACCATCTAATAATCTATATACACTATCTATTATAACAAGAGCAGCAATTTCACCTGAAGACAACACATAATCTCCAACTGAAATCTCAAGATCAACATACAAATCAATTACACGTTGATCAAGCCCTTCGTATCTCCCACAGATTATAACAAGTTCATTCTTCTTTGACAAGTCATAAGCCAATTTTTGAGTATACTTAACTCCAGATGGACTTACAAATATCGTGGTTTTTATTTTTGAATTTATATAATCAAGAGCATCAGAAATAGGTTGAGCTTTCAAAACCATTCCTGCACCTCCACCATAAGGAGCATCATCACACCTTTTGTGTTTATCATTAGAGAAGTCACGAATAGATATAAGCTCATAACTTATTATTCCTCTATCTATAACCTTTTTCATTATTGAATTTTCAAAAAATGGAGTAATGATTGAAGGAAATAAAGATAGAATCGTAATTTTCATTCTAAGAGTTCTAACACCTTAAGTTCAATAGTCTTCAAAGAACTATCAATATCTCCAAGATAAACATCTAAAAAGGGAATAAAAAACAATTTACTCCCAACTTTAACTTCAAGCAGAATTGACTCCCCACACTCCAAAAAAGACACAATAACACCTAATTTTTTTCCACTATTAACAAGCTCATAGCCAATAAGCTTACCAAAGTAATACTCACCTTCTTCTAATTTAGATGCAAATTCATCATCTACCCATAACTCAAAACCAATTAAATCTTTAATAGCCTCAGGTGTATTAAATCCTTCAAACTTCAATAATAATGAATTATTTACTAAAGATATATTTTCAACCTTAACTTCAACTGAAGAGCAACATTCCTTTTTTAAAACTAATTTATTACCTTTTAAGTCAAAAAAATCATTCAAACCATTGGATATACTCTTAATCTTAGCATATCCATTCACTCCATAAGATGACAATATTATGCCCTTCACAAACATCAATTAGTCCAAAATTTCTAACTGAACTCTCCTATTCGTTTTTGCAGCACAAGCACTAAGAAGCGTCCTAATAGCCCTTGCAATGCGCCCCCTCTTTCCAATTATCTTTCCAACATCAGTTGCAGAAACTCTTAATTCTAAAATAGTTGACTTCTCCCCTTCAACTACATTCAACTTAACCTCATCTCTTTTGTCTACAAGAGATTTTACTACAAATTCTATAAGCTCAATTTCATTGCCGTATTCTTTCATTAAGTCCTCCTAACTCTAAATTTTAAAATTTTCTTAACTGTATCACTTGGAATAGCTCCTTTGCTTATCCAATCCTTAAATTTATCCTCATTGATTTTAATCTGATTTTGGCTTTCAATAGGATGATAATACCCAAGCTCTTCAATAGCTCGTCCATCCCTAGGCGAAGCAGAATCCATTACCACAATTCGATAATAAGGCCTCTTTTTTGCCCCCATCCTTTTTAATCTTATTCTAACACTCAATCTACTATTCCTCCTTTACCTCCCAAAAGAGATGCTATCTTATTTTGAAAGCTCTTATTTTGCATTTTTTTCATCATTAAAACTACCTGACTAAATTTTTTTATAAGTTTATTTACCTCAAAAATTGTTGTTCCACTTCCCAAAGCTATTCTTTTTTTCCTTGAAGGACTATTTAAAATAACAGGATTCAATCTCTCTTGCTTAGTCATAGAAAGAATGATCGCCTCTTCCTTTTTAATCTCCTTTTCATTGATACTACGAAACAACATTTTTGATGAAAAAACACCAGGAAGCATTCCCATCAAACTAGAAATCCCACCCATACTACGCACATATTTAAATTGATTTAAATAATCTTCAAAATTAAAGTTAGCTTTTCTAAACTTTTCTTCAAGTTTTAAAGCTTCCTCTTTATCTATAACAGTTTGAGCTTTTTCAACCAGGCTAACAACATCTCCCATGCCAAGCATTCGTGAAGCAACTCTATCTGGATAAAAAACATCAAGATCTTCAGGCCTTTCTCCAACTCCAACAAATTTAATAGGCGCACCACAAATAGTCTTAAGTGACAGTATTGCTCCACCTCTAGCATCAGAATCAAATTTTGTAAAAATTACACCTGTAATTCCAACACTATCATTAAATTCCTTTGCAACATTTACAGCAACCTGACCTGTAATTGCATCCACTACCAATATTGTCTCGGTAGGAGTCAAAACATCTTTAATTTTTCTTATCTCTTTTAACAATAAATCTTCAACTTCAAGACGCCCTCTAGTATCTACTATCACAGTATCAAAAAGCTCTACTTTAGCATATTCAATGGATTTCTTTACAACCTCAATAGGATTATTTTCACCATCAAGAGTAAAAACAGAAACACCAATTTGCACACCTAAAACCCTTAACTGCTCAACCGCTGCCGCTCTAAAAGTATCTGCCGCAACAAGGAGAACTCTTCTATTCTCCGATTTAAGTCGCATTGCAAGTTTTGCACATGTTGTAGTTTTCCCAGAACCTTGAAGACCAAGCATCAAAATGCATGATAATTTGTTGACAGGATTTAAAATGAGCTCAGAATGCTTATCACCCAAAAAATTTACAAGTCTATCATTAACAATCTTAATAAACTGAGATTTAGGATCAACATTTCTTAAAACCTTAATCCCCCTTGCTTCCTCAACAACAGAATTTACAAAACGTCTTACAACTCTTA
NZ_CP037058.2_gap6	176698	179026	2328	AATCATATGATTAGTAAGAATCGTAACCGCCGCATTTGTCAATGATAATTTTCGAGCTAAATCCGTTCTTGAATACTGCATATTTTTCAAACTAAGGAGTATCTTTTTTCTATTACTACCTCTAATTGAAACCATGTTCTCACCCTGCATAACACAACCTCCTTTATTTTTAAAATAAAAAAATATTCATAATAAGACATCATATCAAAAAATCACCCTAATATTCTAGTAGCACTTACAAGACAAAAAGAATCTTTTTTAATAAAAAAAAATATCTTATATTTTTTAATCTTGCAATATTCCAATAAAATATTAAAACGCAAAGTTCAAAGCTAGTTAACCAAAAAAAAGTAATAACAAAACTTTAAAAAGAATAGAAAAAACAAAATATAAACCAGATGCGTATCACATCACTTAAATATAAGTCATAATTTTTAAATACATTAAGACTAAAACCAAAATAAATAAACATACATACTGCACTAATTCATTCTAGATAATGAAATGTTAAGAACCACAACGCAAAAATCATTATTAAAGAACAAAGACAAAAAAAGCTTACTAAAACGATTCCACTATAAAAAATTTAATAATACTTATTCATGCTTTTCCTTGAAGTATGAAAATTCCATAGTAAAATCTCCTCTGCCTTTAGTAGAGCTTCTTAAAACAGAAGTATACCCAAAAAGTTTTTCAAAAGCTGCCTCAGCTTTTATTATTTCATAGTCCTCAATATTACTAATAGAGTGAATTATTCCACCAACAAAATTCAATGTAGAAACTACCTCCCCAGTATACTCAATTGGAGTTCTAATTTCTAACATCATTATTGGCTCAAGCTTAATAGGATTTGCCCTTTTAAAAAATTCATTAAAAGCAAGACCCGATACTGACTCAATGACAGACTCATTAATCTTACCTTTATCAAAATCCAATGAAGTAATCTTAACTCCCGTGTCAATAATCGGATATCCAATAATACCAGTTGAAAACACAGAAGTAATACCTCTTAATATCGCAGCTTTAAATAAAGAATCAACACTGCACTCAAACTCAATTTTATTGCCTTCACCTCTTACCAAAGGACTAACAATCATACCAATTTTCAAATTAACTTCTTTACCTGCAAAAATATTAACAAATTTAAATACGTCATTAACTTCCAAACTCAGACTCTCTCTATAACTTACTTGGGGCTTACCTGTATAAACATTAAGTTTAAACTCATCCCTAATCCTTATAATAATAATCTCAAGATGTAACTCACCCATTCCAGACACCAATAATTGCCCTGTTTCCTTGTTTTCCTTGTAGTTAAAAGTAGGATCTTCTTTAGCAATTATTTCAAGAACTTCTTTAAGTCTAGCATCATCAGACGATCTTTCTGGCTCAACAGATATTAATACAACTGGCTCTGGAAATACTAAAGGTTCAAGTACAATCTCATTTCCTTCTTCAACAAGCGTGTCTCCCGTTACAGAATGTTTAAGTCCAATAACTGCTCCAATATCTCCTGCTCTAATCGCATTAATTTGCTCATTTTTATTTGAAAAAACTCGAAAAATCCTTGTAAATTTTTCACGCTTATTCTTAGCAACGTTAACAACCCTTTTAGATGAATTAAGTTCTCCTGAATAAACCCTAATAAAATAAAGATGTGCAGCAATTGCACTAAAATATTGTACCTTAAAAACAAGTGCAGATAAATTTTTCTCATTTCTAGGATCAATTGACATACTTCTATCTGTTTTTAAAGAATAAACACTAAAATTTTTTTCAAAAGGACTTGGAAGATAATCTACAATTGCATCTATTAAAGGCTCTATACCAATATTCTTAAGACTAGTTCCCGCCAAAACAGGAACAATAAAGCCACTAATAGTGCATCGTCTAATCTCTTCCATTATAAGAGAATCATCAATGACAGAATTTTCAAGAAAAAGTTCAGTAATTCTTTCACTAAAATTACTAAGAGCATCTATTAAATTTTCTCTAAAATTTTTGACATTCTCAACAAACTCTTCACGCACCACTTCCTCAATCACAATAGGTTTATCATCCTTAAATTCAAAATGCAACTCTTTATTACGAATAATATCTACAACTCCTTCAAAGCTACTCTCACTTCCAATTGGCATTTGTAAAACTATTGGAACTATACCAAATTTATTTTTTATATCTTCAACTACTTTAATAAAATCAGCCCCCACACGATCCATTTTGTTAATATAAGCAAGTCTTGGAATACCATATTTTGATGCCTGTTTCCAAACCGTTTCGGTTTGCGCCTGAATCCCATCAACAGCACTAAAAATGACGATACCCCCA
NZ_CP037058.2_gap7	192407	196543	4136	TAGTTATCAATAAATATAAAAACAAAAATCCAATGAACTTATGCTTAATTTTCAACATAAAACTACCTCGTAAATTAACTACTCACCTAATTAATTTAACAAACCCAAGAATTAAGTAGATATCTTTATAAAAGATATACCAAAAAACATAATTCCCCAAATAAACCTCAAATAATTTAAACAGTATATTAAAAAAAATAAGAATAAAAATCAACATTTTTTATAAGGACAACCTAAAGATTTAGGAGCATAATTATTTTTTGCAAAAAACATAAGACTCAGAATCACAGCCACATAAGGTAAAATGATTAATATTTTAGGAGAAATCATTAAAGAAAAAAAAGAAATTTGGGATATCATAACAACAAGAGTTCTTACAAAAGAAAATAAAAAACTACCCATTAAAATTCCAAAAGATTGCCAATTCCCAAAAATTAACATGACAATAGCAATAAAACCTTGCCCACCAATAATTCCTTGAGTATAACTTGAAGCAATCACAGTAGAAAGCACTGCTCCAGACATTCCCGCAAATAATCCACTTAAAAGTACACAAAAAAACCTAATCATAATAACATTAACCCCAAGCGATTCTACAACTTCTGGATCCTCACCACTAGCTTTAATTCTCAGTCCAATTTTAGTGTATTTAAATACAATATGAAAAAGAATAACACACATTATTGCCATATGGAGTGAATACCTTTTACCAAAAATTTGAAACATAAGAGACTTTTTATCTAAGACACCTTCCAAAAAAACAGGCAATTTAATATCTATTGGAGGAGTTGAAACAGAACCAAAAATAAAAGTCCCAAGCAACATGGCAATAGCTGGCCCCAAAAAATTAATAGCCATCCCAGTTATTATCTGATCTGATTGAAAAAAAATAGTAAAAATGGCATGAAGGATTGAGAGAACAAGTCCTGATAGACCTCCAACAATAATTGCAAATAATGGACTCCCATAATAATATGCAAAAGTAGCACCAACAAATGCCCCAAGCGTCATTGTACCTTCAATACCAATATTTATTATTCCACTTTTTTCACTTATAAGACCTCCAAGACCAGCCAAAATTAAGGTCTGAGAATTTACAAGAGTTTCACTGATTATAAATAGTAGTGCATCTAACATTTTTTATACCTCCCCAAGAATATCTTATTTAAAAAATGCCTAGCAGAAATTAAAATCATTACTATTCCTATCATTAAAGTCACAACTGCAGAGGATAGACTCATTAAACTTTGAACTCTACCACTCCCATAAAGTAAAACTGAAAATAAAATACTTGCAAATATTATTCCTATTGGCGAATTATTTCCTATTAAGGAAACAGCTATACCATTAAGACCAGTCCCTTCCATGTAATAAAGTTTAAATATTGACTTATTAACCCCCATAACCTGTACAGCACCTGCAAGCCCCGCAAGTGCACCCGAAAGAAACATAACAAACATCAAAACTTTTTTAATATCAATACCCACACGATAAGAAGCAGCAATATTATAACCTACAGATTTTATTTTAAACCCAAGTATCGTCTTATTCAATAAAATCCAAATTAAAATAGCAATAACAATTCCAATAATTATCCCAAAATTAAGAGGAGTCTTTAATAAATCATTAATAAATGGATGCTCTGCTCTATAAGCAAGTCCCTCAGATGAAAACTTCCAAGAACCAAAAAAATCAATAAAAGCACTTTCTCTAATGGACCTAGACAAATCACTGTTGTCCTTTTTAATAAAAGACAAATCTATAATTAAATTATTCAAATGAAATAAAATCCAATTAAACATTATCCCCGAAATTATTTCACTTATATTGAATTTAATTTTTAAATATCCAATCAAAATTCCTAAAATTCCTGATGCTAAAAAGGAAAAAATAAAAATGAAAATTACATGTAATAAAGGAGAAAAATCTAAAAAAATTCCAGCTATCAAAGCTGAAATGGAACCAAGCATAAATTGACTTTCAACACCAATATTAAAAAGTCCTGCTTTTAAAGCAATGCCAATCGAAAGGCCTGTAAAAATCAATGGCGTGGCATAGCTTAAAATATATCCAAAATGCTTAGGAGACGAAAATACACCTTCTAGCATTATATAGTACATTCTAAAAGGGGAATACCCAAGAATCAATACTATTAATCCAAGAATTAAAATCCCTAAAAAAAACGAAAAAAAATTAATGAATACTGATGAATTTAAAAACGCTATAACTACCTTTTTATATTTATCATCATTAATTATCATTCAAACCACTCCCATCATCATTTTACCAATAACACCAGCATCAAAATTATCCTCCAAAACATCCACAATTCTCCCATCATACATTACAGCTATCCTATCACAAATTTTCATAAGCTCATAAAGTTCAAGAGATACAAGAAGAACTGTCATTCCTTCATCCCTTTGCTTCATTATCTTTTGATAAACATTTTCAATAGCACCTATATCAAGTCCCCTTGTAGGATGAACTGCTAATAAAATTTCAGGCTTCAAATTAATTTCACGTGCAATAATTACTTTCTGTTGATTACCCCCAGATAAATTTCTAACTTTACTCAAAATATCCCTTGGTCTAATATCAAATGATACTGCAAGCTGCTCACTTATTTTTTTAAGAGCGCCTAAATCAAAGTTAACGAACTGTTTCTTAACAGCATTTAAGAACTCAAATCTTGATCTACCATTACCTACAACATTACTACTCTTAATTTTTAAATAATTTGCATCATCAAAACTCTTAAGCCCAATATTTTGAAAAATATTAAAGTCTAAAATAAGACCATGTTTTTGTCTATCAGATGGGATATGGCCAATTTTTTTATCTATTATTTGTCTTACACTAAGACCCTTTATTGATTCAAACTTACCATCAACTCTCCTCTTAAGGATGTCTCCACTAAAGACATTCTTAACTCCAAGAATTGCTTCAACTAATTCTTCTTGACCACTTCCTTCAATGCCAGCTATTCCAAAAATTTCACCATCTCTAAGATTAAAATTCACATTCTTAACCTTTAAAACATCTCGTTCATCTTTAACATTTAAGTCTCTAATCTCAAGAATGTTTTTGTGATAAACAATCTGCTTCTTGGAAATATCAAGAGAAGTTTCTTTGCATATCATCAAACTAGCAAGGATTTTATCATCAACCTCAGCAACATCAAAAGTTCCAACTACTTTTCCAAGACGCATAACTGTACACTTGTGTGCCACAGTCTTTATTTCTTTTATTTTGTGTGTAATAAGTATTACAGTATGCCCTTCCATTGCCAATGTTCTTACAATATTCATGAATTCATCAACCTCATTAGGTGTAAGCACCGCTGTAGGTTCATCAAAAATAATAATATCTGAGTTTCTATAAAGGACTTTAAGTATTTCTATTTTTTGTCCCATCCCAACACCTAAATTTTCAATCAGACTATCAATATCTACTTTTAAACCATATTTTTCAGAAAGTTTAAGTATCTTCTTTCTAGCAAGAGCATAATTAATAAAACCAAACCTTGTATCTTCATACCCTAAGACAATATTTTGCAAAGCTGTAAATCTTGGAATTAACATAAAATGTTGGAAAACCATTCCAATACCATTCAAAATGGACTCGCTTGAATCTTTAAGTTGTAGTTCCTTTCCTCTTAAAAAAATTTTCCCACTATCTGGCTTATGAATCCCATAAATAGTCTTCATTAAAGTAGTTTTGCCAGCACCATTTTCACCAAGAATTGCATGTATTCTACCCTTTTTAAAGCTTATACAAACATTATCATTTGCAATAAAATCGCCATACCGCTTAGTAACTTTATCTAAAATCAGTATATCTTGCATAAAAAAACAATCTGAGACCTCACAAATACAAAATGATACTTGTTCATACCCTTGAAAAATATGTTAAAATTAAAAGTAAATATTTGCAAGGGATCTTTTAGAAAAAAAGCATAAACAATGTAAAATATTAAAAATCATGGAATAAAATTAATAAAAGACAAAAAACAATTATAAAATGAAGGCACATTAAAATAATGATTATCTTTAAGAGGATTAAAATATGAAAATAAAAGCTTGCATTTTTGACATGGATGGAACTTTAATAAACAGCATTATGGACATTGCAGT
NZ_CP037058.2_gap8	276091	277007	916	CATCAATCAACATAGGAATAGCATAAATTCCATACCTACCCCTATGATCAATATTAACTATTGAATCAGATTTTACTAGGACATAATGATTTACCCCTATAAGTTTATGAACTCCATCATAAAGTACAACAGACACACAAGAACCAAGTATTGTAGAAATTACTCTATCATTTGACACAAAAGCTTCACCTGGCACTATTATTGTCACATCTCTCTTTAATTTAAAATTAAAATGATCTAGCATACAATTAACTACTCTCTTAAAAAATTTTTATAAAAATCCCATAAATAAATATTTAGAATTTCCCATCCTGCAATGTACTGAACAAACAAACGTAACACATCAAACCTACCAATATCCAAAAGAATTCATGAATATACTACTTCATCACTTGTAAAATGGATACATAAATTCTTCTACATTAAACTTAACCCCATCCCATCAATTGTATCTTTCGAAAAAGCATATTTAAAAAGCCCTATAAAGAAATATCGACCCATATCTATTATTTTATTATAGATCTTTTCTTTTAATTTTACCAATGAAAAAAATTGAGAATAATTACTAAATCCGTATTCAAACAACCTCTGTGCAATTAAAGCACGCTTTTTCTCACCAACATTGTTAGCTCCCTTATCAACTCCCAAAATAACCGCTATTAACCTTATATTATCTTTTTTTGCTGTAGCAACTAAGTTTAACCCAGACGATTTAATATAACCTGTCTTTAATCCATCAGCATAAGGATAATTAAGAATTAAAATATTTTTATTCTTTTGTTTTAAATTTAACATCTTTGAAGCAGAAGTATTGCCTAAATTTTCAGGCTTTGGATAAACAAAGTCTTTAAGAGAATGTATATTAAGCATAAATTCAAATTTTTCTATATAAGCTCTTGCAAAAAATGCCATTTCT
NZ_CP037058.2_gap9	328580	332974	4394	AAAGCCTCAATTGATAACCACTTCCCAGTACCTTTTTGATTTGCAACATCTAAAATCTTATCAAGTAAGTATTCATTATTTTCTTTATATCTTAAAATTTTAGATGTTATTTCCATCAAATAACTAGAAAGATCTCCTTCTCCCCATTTTTCAAACACCTCAGAAATCCTTAAATTATCTAAATTAAAAGCTCTCTTCATAAAAAAATATGCTTCACCAATTAGCTGCATATCCGCATATTCAATTCCATTATGAACCATCTTTACATAATGACCAGCCCCATTTTCACCAACATAAGCAGAACAAATATCTCCTGAACTTGTCTTGGCAGCTATCTTATTCAAAAGAGGCTCAATTAATTCATAAATCTTTTTACTCCCACCATACATCAAAGAAGGTCCAAACCTTGCGCCATTTTCACCTCCTGACATTCCAAGTCCAATGAAATAAATATCCTTGGAAGATAATTCTTGCTCTCTTCTCATCGTATCCTTATAATGAGAATTTCCACCATCAATAATAATATCGAATTTTTCAACTAAAGGTAAAATTTGTTCAGTGACTTCATCAATAGCCGAGCTTGATATCATTAAAATAATTTTTCTAGGCTTTTTTAAACTTCCAATAAAAGTTTTAATATCTTTAAATCCATTAATCTTTTTATGAGCATTACTTGTAAGAAAAATTTCCGTCTTATCATTATCTCTATTATAGACAGAAACATTAAAACCGTTATCAGCAATATTTAATGCTAAATTACTGCCCATAACTCCTAGCCCATAAATACCAACATCCATTATACTATCCTCTACCCTAATTCTTTTCTGGATAAATTCATTTTATTCACTATTCTTAGATTATGTTATATTATAAAAAAAGTAAAGATTAAAACAAATGCAAGATAGGAGAATTTTATGAAAAAAAAATTTGACACAGAAGTTAATGATTTACTTTATTTAATCATACATTCTCTTTATTCTCATAAAGAAATATTTTTACGAGAATTAATTTCAAACGCTTCTGATGCAATTGACAAACTTAAATTTTTGAACCTAACAGACGAAAAATTTAAGAATGTCAAATTAGATCCAAGAATAGAAATAAGCTTTAATGAGCAAACCATTAAGATAAAAGATAATGGAATTGGAATGAACAAAGAAGACCTGATTAATCATCTTGGCACAATTGCAAAATCAGGAACCAAAGAATTTATAAATAACTTAAAAAAAGACGAGAAAAAAGCTGCAAGTTTAATTGGACAATTTGGAGTTGGATTTTACAGTGCTTTTATTGTAGCAAACAAAGTCGAGGTTATAACAAAAAAAGCTTTGGAAGAATTTGCCTATATCTGGTTTAGTGACGGTAAAACAGGATATGAAATAGACAAGGCAGAAAAAGACGAAATTGGAACTGAAATAACTCTTTATCTGAATGAAGAAGGAACTGAATACAATAACAAATGGAAAATTCAAGAAATTATCAAAAAGTATTCAAATCACATCAGTTATCCTATTTTCATTAAGTATAAGGAGCCTTTAATGAAAGATGGCAAACAGGAAGGATTTGAAGAGCAAGAAGAGAAATTAAATGAAACCACAGCAATTTGGATAAAAAATAAAAATGAAATCACCGATGAAGAGTACAATGAATTTTATAAAAATATAACCTTTGATTATGAAAATCCATTAATCCATATTCATACAAAAGCTGAAGGAAGTATTGAATACACAAGCCTTTTCTATGTTCCAAGTAAAGCTCCCTACAATCTATATTACCCAAACCCTAAACCCGGTGTAAGACTATTTATAAATAGAATTTTCATTACAGATTCTGCAGACAGCTTACTACCAAATTACTTAAGGTTCATAAAAGGAATAATAGATTGTCAAGACTTGCCCCTAAATGTAAGTAGAGAAATTTTACAGCAAAATAAAATATTGACTAAAATCAAAGCATCCTCTGTAAAGAAAATACTCATTGAACTTGAAAAGCTAAGCGAAACTAATCCTTCCAAGTTCAATGAATTCTCCAAAGAATTTGGAAGATGCTTAAAAGAAGGAGTTTATTCAGATTTTGATAACAGAAGCAAGCTCGTATCTTTAATTAGATTCAAGTCTTCTCATGTAGATGGATTTATATCCTTAAAAGAATACAAAGATAGAATGCCTGAAAAACAAAAAAGTATATACTATATAACCGGAGGGAAAGAAAACATACTCAAAATTAATCCAATTGTAAATGCTTATAAAGAAAGAGGCTATGAAACTCTTATCATGGATGACGAACTTGATGAAGCAATTCTAAATTTCATCACAGAATACGACGGAATAAAATTAAAAGCAATAAATAAAAACGAAACAAGCGACGAATTAAAAGATGAAAATTTCACACACACGGAAGAAGAATTTAAAGATATTCTAATCAAAGTAAAAGAAATACTCAAAAATCATGTCAAAGATGTATCACTATCAGCAACGCTAATAAAAGAGCCATCAGCAATAATAATTGACAGTACTGACCCCACTTATCAAATGCAAAAAATCATGATATCAATGGGACAAGAAGTCAAAGAAACAAAACCTATTCTTGAACTCAATCCAAATAATAAAATCATTCAAAATTTAAAAAATCTAGACGATGAAAATTTAGAAAAAATAAGCATCATTCTTCTTGAAGAGGCAATGATAACTTCAGGCTTACCAAGCAAAAATCCAAGTCAATTTATCAGCATTATAAATGAAATGTTAGAGAAAAGCATATAACAAAAATAAGTTCACAGCTTGTGCTGTGAACTTATTTTTTAACTCTAAGCACTACATCTTTGCCTGCTTCAACAAACTTAGTTTGAGATATCCTATTTTTAATTTCTTCAGTTAAAGCAGTAGAAGAAGGTAAAATACACTCAGATCCGTCATCAAACCTTCCAAACACATATTCAATACTTGCAACTTCATCAGAATTTGCAATAACAACAGGAGTAACCACTGACTCCGCATGAGCCTTTAAATACTCAAGGTCAAGCCTAATAATAACATCTCCCTGTTTTACACTCATGCCTTCCTCAGCAACCCTTGTAAACCCTTTGCCATTCAAATTAAGAGTATTGATACCAAAGTGTACAAAAATTTCAACACCCTCTTTAGTTTCAAGACTAAAGGCATGATTAGTCTTAAAAATTTTACCAATATTCCCATCACAAGGTGAAACTAACTCACTTCCAGTTGGCATAATCGCAATTCCATCTCCAACTATCTTTTCAGCAAAAGCCTCATCTGGAACCCCATCAATTGAAATAACCTTTCCACTAACAGGCGCCATTAAATCTAGAGTAGCGGCCTTTTTAAAAAAATTTAAAAATCCCATAAGTTAATCTCCTATATATTTATCTAAAAATTTTAAGGTCTCTGATTCTGACTTACTATTTAACACTTTATTTGCCAATTCACTTAAATCAGATATTGTATATTTTTTTAGCAAATACTTAATTCGAAGTGAAGCACTAGGCACCATACTCAAAGCTCTAAACCCAAGACCAACAAGAATTAAAGCTCCAGCCTCATCTCCTCCAAGCTCACCACAAACAGAAACATCAATACCAAAACTATTACCAGCATCCAAAACCTTTTTAATCAACCTTAAGACAGCAGGATTATATTTATCGTATAAATTTGATATTTTCTGATTACCCCGATCTACAGCCAAAGTATATTGAGTTAAATCATTAGTACCAATACTAAAAAAATCCAACCTGTTAGCAAACTCAGAAGCAACTAAAGCTGCTGAAGGGACTTCTATCATACATCCTACTTCTAAATTCTCATCAAAAGGCAAATTTCTAGACCTCAAATTTGATTTAGCTTTATCCACAAAATGATTAATTATATCAATTTCTTCATACCTAGTCAGCATCGGAACCATAATCCTTATCTTGCCATAATGACTAGCCCTAAAAATTGCATTAAATTGACTTTGTATTAAATCCTCATAGTCCATATACATCCTAAGAGCACGATATCCTAGAAAAGGATTATCTTCTTTTGGGAAATTAAAATATGGAATTTCCTTATCTCCTCCAACATCAAGAGTACGAATAGTAACAACACCTTTTTTCTCAATAGTTTCTATAACTTTTTTATAGGCTTCAAACTGTTCATCCTCTGTTGGCGGTTTTACAGATTCCATATATAAAAACTCCGTTCTAAAAAGTCCTATTCCATCAAGTCCATATTTATTAACATAACAAATATCTGCAGGAATCCCAATATTAGCCTTTAGAGATACTTTAACACCATCTTTTGTTTTTGAATCCTGATTCCTTAAAGCAAAAAGCTCTTTTTCATGCTCATTATACTCTAATATCTTATGCTCATATTTATCAAGTTCACTCAATGAAG
NZ_CP037058.2_gap10	339435	341875	2440	AATCACTAGTAACAAAGACTCGCTTAACAATAATATCAGCAGAATAAATGAACTTGATGATAAAATCACTAGTAACAAAGACTCGCTTAACAATAATATCAGCAGAATAAATGAACTTGATGATAAAATCACTAGTAATAAAGACTCGCTTAACAATAATATCAGCAGAATAAATGAACTTGATGATAAAATCACTAGTAACAAAGACTCGCTTAACAATAATATCAGCAGAATAAATGAACTTGATGATAAAATCACTAGTAACAAAGACTCGCTTAACAATAATATCAGCAGAATAAATGAACTTGATGATAAAATCACTAGTAATAAAGACTCGCTTAACAATAATATCAGCAGAATAAATGAACTTGATGATAAAATTATAACCAACGAAGATGCATTACTAGAACTTAAAAAAGAGTTAATAAATTTAAAAAATAATAATGATAATAATTTAAAAAATATCGAAAACAACCTATTGTCACTAGAAAAAGTAATAGATGCACTGAACGATAAAATTGAGAAAAATGAAGAATTATATAAAGAAAATAAATATAAATTTCAAAAAAAGAAAGATAAAATAAATGCATTAGACAAAAGATTAGCAAATAATGAAAATACCATTTTAACACTTCAAGAAGAACTTGAAAAATATCAAAACAGAAATCTCTTACCAAGAGAAAGAACAAAATTAAAACACCCAAAAAATGAATTTTATTCTAACAACGCAAAAATAACATATGAAAATGCCGTAATAAAAACTGCTGACTTTACAATATACCCAGATACACATTCAAACAACTATAATTTTAAAAATAAAAGTCATGAATTTGATTTTAAAAAATCCAACGGATATTATATTGAAATAGAACCAACAAAAAATTTATATAGGGCAAAAGAAATTTATAAACTAATCCCAAAATATAAAGTTAAAAACCATTTTATCAACCCATCATTAAAAAATAAAGAAACGTTTTTTAGAAATTTAATAAAAGTAGAGCATATAGACGAAATACGTACTTTATACAAAAATCTAACATCGAAATTTAAAAACATAAAAATAATAAAATAAATTCAATCATCCAAGTCTATGAAACCTCTAATATCAGAAAGACCAAAAATTTTAATGCCCAAATCACTGGCTTTATTCACTTTTAATCCAGGATTATCTCCAACAAGCAAAAAATCTAAACTCTTAGTAACTGAACTTTTAAAAGTAGCACCTTTCCTAGTAATTTTTTCAACAAGAACATCCCTGTGAAAACCCTTAAAAGAACCTGTAATGCAAAATTTTTTACCAAATAAAAAAGAAGTATCTAAAGAATAATGAGCATTATCCTCTTCCATAGCAAATCCTAATTCTTTAAAAAAATTGAACTTAGCAAGAATATTCTTATCATTAAATGCTTCAATAATGCTTAAAGCTATATTTTCCCCAATTCCCTTAATCCTTAAAAGTTTTGAAAGAGCATACTCTTTGTTTTTGCAAAGAGTACTAATTATATCAAATGAGTTTAAATTGCTACCAATCAATAATAATACTGTATTTGCTCCAAGTTCTTTAATTCCCGCACTAAGAAGCAACTTTCTAAATGCTCTACCTTTACTATCTTCAATCGAACGTTTTAAATTACTGACTCTTTTAAGATTAAAACCTCTCAGATTAATAAGTCTATCAAAATCAAAAGTGTAAAGATCGATTTCTGAAGATATAAAATTCATTTTAAAAAGAAACTCAATTGTTTTCTCCGAAAGTCCTATAATATTCATGCACTTCTTACTACAAAAATATTTTATTTGCTCAATTTTTCTGCAAGAACAAAATCTATTCATACAAAAAAGATGTGCTCCTTCTTTTACTAAAGTCATTTTACATGAAGGACAATCATTAGGAATTTTAAAATTACCAACCGCAAGCTTTTCTACCACCAATTCAACAGCAGGAATAACATCTCCACGTCTTGAGATCGCAACAACATCTCCAATATTTAAACCAATAGAATCTATATAATCTTGATTATGCAAACTTGCATTAGTAATAAAAGCTCCAGCAACAAAAACTTTCTCTACATGTACAACAGGAGTAATCTTTCCACTGCGACCAACCTGAACAACTATATCAACAACCCTACTCAAACCTATAAAAGATTCAAATTTATAAGCTATTGACCACTTTGGATGATGAGAAGTAGATCCTAAAATCTTCCTTAAAGGAAAGCTATCAACTTTCAGCACAACACCATCAATTTCATATTCAAAAGAATCTCTTTGCCTTTCTATCTTTTTTACATGGCTAATAATATCTTCTTCCAAATTTTTACCGCTAAATGTACAGCAAGGATTAACTTTAAATCCAAATTTCTTAAGCTTGTTAAAAGCACAATGACTACTCATACTAAATTTTAATTGAGAATATAAAATATCATAAACAAAAATATCT
NZ_CP037058.2_gap11	344255	346536	2281	AAGCTATAAAGCAACAAGAGACGCCCCTCCAGATAATTTAATTCCCCAAATCTATTGGATAAAAGAAGCTCTGCTAAGAGCAAACATTCCAATGTTTGAGATAAAAGGATATGAAGCTGATGATCTTATAGCTAGCTTTTCAAAAAAAGCGGAAAGTAACAATTACTTAACTTATATCATCTCCCCGGATAAAGATCTATTACAACTTATGTCAAGCCAAACAAAAATATTCAAAATTGAGAATAGTAGTTTTATCGAAATGGATAATAATTACGTAATGAAAAAATTTGGAATAGATAAATCGCAAATCAAAAGTTACCTGTCCATCGTTGGAGATAGATCAGATAATATACCAGGTATTAAAGGCATAGGAAAAAAAGGCGCCGTTAAGCTATTAAATGAATTTCAAACATTAAATGGAATATATGAAAATTTAGATTCTATCAATAATAGATACAAAGAAATCCTATTAAAAGAGAAAAAAAATGCCTTTTTAAGTTATGAACTTATCAGTCTTGTAGAAGATCTTGAATTGCCAGCACTTGAAAAATTTAAACTGGAGAACCTTAAAGAAGATATTATTTCATTACTTGAAGAATACTCTGCAACAACCCTAATCAAATCTTACAAAGATATATTAAGAAAAAGAAATATTATAATAAGTCAAACACAAAGATCAATCATTGAAACAAATACAACAAAGCTAAATCAAATAGACACAGAAGTTTTAAAAAAAACATCATATCCACCAAATACTCTTAAGACAATACAAGAAGAAAATATCCAATATGAAACAATACTAACAAAAGAACAACTTGACACACTAATAGAAAAACTAAAAAGTACAAGTTATGTGGCAATAGACACAGAAACAACTTCTCTTAACGTCCATGAAGCACAAATAATAGGAATTTCAGTTTCATTTAAAGAACTTGAAAGTTATTATATTCCCATAGAAACTAAAGAAAAAAAATATATTGAAAAAGAATATATAATACAAAAATTCAATGAATTTTTTAAAACAAAACCTAAATTAATTGGTCAAAACTACAAATTTGATTACAAAATACTTAAAAAACATGGATTTAATATAATTCCTCCCTATTTTGATACAATAATAGCAGCATATATCATCAACCCAAATACAAAAACATCTCTTGATTTTCTGGCAGAAAAATATTTAATGCATAAAAATATCAGGTACGAAGACATAGTAGTACAAAAAGGCACTTTGAAAGATATACCACTTGATATAGTTTCAAATTACGCTTCTGAGGATGCCGACATTACTTTTAGGCTATTTACACTTTTTACAAAAAAACTCAAAGAAGAAAATTTAGAAAGCCTAATGATGGATATAGAAATGCCATTTAGCAATGTCATTACAGAAATGGAAGAAAATGGAATTTATCTTGACAAAGATTATTTAAGACAATATGGTCATGAACTTGATAAAGAATTAAAATTAATTGAGAATGATGTAATAAAAAGTATAGGCATTAAATTTAATCTAAATTCAACCAAACAGCTATATACAGTTTTATTCAAAGAATTAAATCTGACAATACCTAAAAATGTAAAGAAAAATTCAACGAACATTAAAGTATTAGAAGGAATAAAAGATCAACATGAATCTATAGAAAAAATCATACAACATAGACACCTCGTAAAACTAAAAAGCACATATACAGACAATTTAATAAAATTTATAAACAAAAAAACAAACAAAATACATACAAACTTTATACAAACAAAAACAGCAACAGGACGCATTTCAAGTACCAAGCCTAATTTACAAAATATTCCAATTAAAGACGAAAAAGGACGTAAAATAAGAAAAGCTTTCAAACCCGGGAAAGGTAATGTTTTTATTTCAGCTGACTATTCACAAATTGAACTTGTCATATTAGCACATCTCTCAGAAGATGAAGCACTCATTGAAGCATTTGAAAATAAAAAAGACATTCATAAAAAAACAGCATCTCAACTTTTTAAAGTAAACGAAGACAAAGTAACATCTTCTATGAGAAGAATAGCAAAATCAATCAATTTCGGAATAATTTATAAAATGTCAGCTTATAGGCTCTCACAAGAACTATCAATTAAAAGAGAAGAAGCACAAAAGTTCATCGATTCATACTTTAATCTTTATTCCAAAACAAAAACTTTTATAACAAAACAAATAGATTTTGTAAGAAAAAATGGATACAGTGAAACTCTTTTAAAGAGAAGACGATATATAAAAGAAATTAATAGCCAGAATTGCTCAGAACGCTCAGAT
NZ_CP037058.2_gap12	349530	353694	4164	ACTGCACCGGCAAAAAGATGCGCAACATTAGATTCATAATACCAAGATTTACTGATAAGTCTATCATCATGATAAACAGCATTTGTCCCAATTATTTTATAGAAATAGCCCTCCTCATAAGCCTTATCGAAATACCTAATCGCATCTCCATTAAAAAATGGTAAACTTATGGCACATATAATCTTCTTAGCCCCCATCCCTTTCAGCAATTTCACAGCCTTAATAAAAGTTCCACCAGTAGCTAAAATATCATCACTCATAAAAACATTCTTACCTTCAACATCCCCCAAAAGCTTAGTAACAGAAATATTAGAATCGTTAACATTATGCGCTATTTTTGAATAATCTCTTTCTTTATAAAGCAAAGCTAATGGCCTCTTAAGACTAGATGCAAAAAACTTATTTCTATTAACAGCTCCAGTATCAGGAGAAACAACTACTAAATTTGAATCTTTAATATCTATCAGTTCAGCTAAAGCACAAAAAATCTCATAAGATGCATTTAAATTTTCAAAATATGTTTTTCTAAAAACATTTTCAATCGCTTTTGAATGAATGTCTAGTGTCAAAATGTGTTTAACTCCCAACTCCTCTAAAAATCTTCCAAAAAGGCTTGCTGTTAATCCTTCTCTTGAATGTTTCTTATCCTGTCTAGAGTAAGGATAAGAAGGTACAATAACACTAACAGAATGAGCTTTAGCCTGTATGCAAGCATCTACGGTAGTCATCAAATTCATCAAATGATCATTAATTGTCATTATTACTTTTTCATTATTATTTACATAAACTGGATAAGTATTAGAAACATCTTGCACAATAAAAATATCTTTATTTCTTATGGTTTCTAAAATTTCTGCCTTAAATTCACCATTAGCAAATTTAACAAAGTTTACAGGAATTTCCATAGTCTCGTCAAAACTTAAGTCAGAAAATTCAAATCCTTCTAATAAATGAGATAAATTTCCCTCAGGCTTCAAAACATCTTCTTTTAAAGAATTAGAAGTTTGTGAAATTTTTCCAATAACTCTACTCTCAGCATCTAAAAATATTTTTCTAAGTTCTTCCATTATTTTATCTGCAAATACTCTACCACCAGGACAGGCAATAATCCCTAACGACTTTTTAATAAGCAAACTCAACTTTAAAACTCCCTACTTTAAACAGAAAACCTTTATCTTATTGTACATTAATATAAATAAAATTCACACAAATCTAAGAAAGATTTACAAAGTTAAAACCTTAAATATAAGTAAATTTATAAATTAGATAATGCAATCAATCTAAAAGTAATGCAAAAATTTAGATTATCAAGCCACTTGTTATTTATTTAAATAATTCCAAACTCAAATCCTACACCAAGCTTTAAATCAGAAAATCTATTATTCTTAATATTCCAACTATAATATCCCTCAAGCATCAAAAAAGAAAATGTAGCTCTTGCACCAAGATCCCAACCAAACACTCCAAATTCACTACAAATGGACCCCTTATCAGCAAAAACCATATTAGTTCTAGGTCCAGTAAATATTAAAACAGCTCCAATAAAGAAGTCTAATCTTGCATAAAACCTAGACTTAATAGCTGCAATTAATGAAATAACCTTACTCAATCTTCCCCTGCTTTTGATTATCCTAAATAAATTAAAATCAACTCCAAGTTCCAAACCAAATGAAATAAAATCTGCAAATCTTCCTCCCGTTTGAGCATATACCCCATAAGTTAAACCACTATTAGAAATGTTAGCAATATCAGCAACACGATGAGAGACAACCTCTTTATCTGAATCAGATAAATCATCATAGAGTTTTTCACCTATATACAAAGCTGTATCATATAAATTTGAAATAATGCTAACTGGGAAATCAAAGCCAAGCCCTAAATTAAATTCAAAATCAATATTTGAGAAAGCATTGCTTGTAATAAATAGCAATAAACTTAAAAACAAAACTCTTAGTCTAATATCAAGCCCTCCCTAAAATACTAAAATTAATCTGAAAAATCAACTGATGGAATAAAATATTTTGAGTTATTATAGCATAAAATTATAATTTAATACTTTAACCTTCCAAAATAGATGAAACTATTTCATTTGCACTAGCAGGTACTGAATAATTTAATTCTTTATATTTCAAAATATATTTTTTTGCATTTTCTATGTCATTCTTTAAATGATAAATATAAAAAACATTAAATAACGCTTCTTGATTAGCAGGCACCACTTCCAAATTCTTTAAATAAAATTTTAAAGCCTCGTCCAAATTATCTTTTTTAAATAATAAATAAGCTTTTAAATTAACCAATAAAACATTGTCAGGATCCTTTTCCAATAAAGATTCAAGTTTTAACTCAGCTTCCTCATACCTCTTTAAATTGATATAAGCCAAAACAAAATTATAACTAGATGCATCATCCACATTAGAATTAAATTTAATAGCTTGTTCATAAAGTGCAACTGAAGTCTCATTATTACCAAGATCATCATTTAATTTGGCAAGCTTATAATATTCATCTGAGATAGCTTGATATTCTTTAGAAAGAGAGCTACAAGATGACAACAAATAAAAAAAAAATAAAAAAATAACCTCTTACACATTAAAATAAAACCTAAATACACTTTAGATAAAGTATTACAAATACAAACAAAACATTAAAACAATATCAATGCTTACAAAATTATTGGTACCTCAAACCCAAGTCCAACCCTTAAGTCTCTATATTTAAAATCACTAACAGAAAATAATACTGATGATTCTAAATTAAGGAATGCTAGTCTAAATCTTAAGCCTGTCTCAATAACATTAAAAGGATTAGTTATTTTGCTATTACCAGCTAAATTTCCTACATAAACAGGATCTGCAACTAAAGATTTATCACCAAAACCTGTAAATAAAGTAGCCGCTAAATAATAAATATCATATTTAACAAAGAATCTTGGTATCATTCCTACACCAAAACTAACAGGAGAAGATAAATCTTTTAAAGCGCCCACATCCTTCAAAATGCTCCGCCCAAGATTTATACCAAATCCAAGCTCAAATCCATAATAAAAATCACTGCTAGCAATAGGAAGACCAACTTGAAAATACCCTTGAACACCAGTGCTAAACAAAGGTGACAATTTTTTTCTCAAAGCATCATTTAAAATAGTGCCTGGAGTTGAAATTTCAGAATGAAATTTCAAAAAGTCCTTTTTATCATTAATTCCAAATTCTTTTAATCCATCAAATAACCATTCCTCTATCTCAATAAAATTCGTCATTGCTTTCTCGAAAGGAGTTAAAACTTTACTCACCCCCAATCCATCTGCATCTAAAATTTGAAATAAAGAGTTGCTCTTTATTTCCTTAAATAATTTCGATAAACGTTCTTTCTTAACACCAATATCATTGTGTGAATCTAAATTTAGTAATTTCTGAATTGATTTTAGCGAATTAGTCACCTCAGATGAATTTATACCAGATAGTCTTGAACTAAAATATTCAGGATCCTCAAAATGTAATTTCATAAGAGCAACTGCACTTGCTTTACTAGCAGCACTGAAATCAAATGAATTATAAACAAATGAACGAGAAATATTAAAAAATTTATTCTTATAAAGATCCAAGATAGATAAAAATTCAACACTCATCAACTTATCCAAAACCGTACCGGTCTTTTTATTAAATAAAAAAAACGATTCAAGGCTAACTTGAGTATTAAAACCTGCTGAAAAATAAAAAACTTTAGAATAAGACACATTGAAGACTAAAAAAAACATTATAGATATTAATGATTTTTTCATGTTTTCTCAACCTTTCTCAAATTTAAATTTAAGAAGATTATAATTTTTATTACAAAAAAAATCAATACAAAGCCTCCTTTAAAATTGCATTTAATTAACTCAAAACAAACAGAAGGACTTACCAAACAAGGAAGTCCTTCTTTCATTACTAATTCAATGACTAAAACTAAAGTTTCTCTTGATCATACTTGTTAAATATATGTTCTGTCAAATATTTACCAACTGATTTTCTCTCTTGCACAAGCTTAGATATCATACTAAAATGTCTTGGCTCAATCTTAAAATATTTATAAGCTCTTCCGTCCTTAAAAAATACAGAAAGTTCAGACAAAGCAGAATCATAATCCACTTGATGTATTTTGCTCAATTCATGAGATATTGTT
NZ_CP037058.2_gap13	356220	359576	3356	GAATTATGTAAAAAATTTAATGAACAAAATAAATAGGAGGGATCATTATGTTTGAATTAAGTCAAGTCAAACAAGAAATAAGGATAAAAAATAAATTTCTGGCTCAAGTTTTTGGATTAATGGCAGTTGGTCTTTTAATATCTGCAGTATTTGCATATACAACATCTGAAAATGCAACAATGAGAGCTATAATATTTGCAAATCCAATGTTGTATATAACAATGATACTTGTACAGTTTGGACTTGTGTATGCAATAAGCGGAGCAATAGAAAAAATATCAAGTAGCACAGCAACAGCACTTTTTTTAGGATACTCAGCTTTATCAGGAGTAACACTATCTTCTGTGTTTATGATATACACCCAAGGTTCAATATTTTACACATTTGGAATCACTTCTGTAACTTTTCTTGCAATGTCTTTTTATGGATACACAACAAATACAGATCTTACAAAAATGGGAAGTTATCTCATCATGGGCTTGTGGGGCATCATTATTGCATCAATTTTTAACATATTCTTAAGAAGTTCAGGTCTTAATTTTTTAATCTCAATTATAGGTGTGATATTATTTACAGGTTTAACAGCTTACGATGTTCAAAATATTTCCAAAATGAATAGAATGTTAGAAGATGATACTGAAATTAAAAACAGAATGGTCATTGTAGCATCCTTAAAGCTTTATCTAGATTTTATAAATCTATTCCTATATTTACTAAGATTTTTAGGACAAAGAAGAGATTAAAAGTAAACATCTAAAGTCAAAGTAAAAATGAATGCTTCATTAAGCATTCATTTTTAGGAGTTAAATTGAGCATTGACACCCTAGAATTTGAAGAAAGTAATACCCAAAATATTATAAGGAGCAGCTTTGAGTTTGAAGGATATATCGAAAGCAATAAACCAATAATTATTGAAGGAATGCTTAAAGGACTCATAAATTCCACGAACTCAATATATCTAAGAGAAAAAGCTAATGTGGAAGCTGAAATTAAGTGTAAAAATTTCCTAAATCATGGAACAATGAAAGGAAATGTAGATGCTTCAGAAACAATAAAAATTTACAAAACTGGAAAATTAATCGGAGACATTAAAACAAAAGAACTATTCATAGAGTCAGGAGCACTATTTAACGGAAATTGCGAAATGGAGAAAAAATGATAAATAAAAGCTTTTGCTTAAAAATAATTATCATGTTACTTTCTGGTTCAAACCTAATAAAAGCAGAAGAAGAGAAAGAAGATTCTCTTTTACTCTACAGACAAGGCAAATTCCAAGAAGCAATTATAAATACTCAAGAAGAGCTAAAATATAAACCAAAAAATTTAGATGCAAGATCAATACTTATATGGAGTCTAATAGCAACAGGTGAATACAAAAGAGCCGAACTAGAATCCATTAAAGGTCTCGAAATAAATAAATATGACCCAAGAATAATCCAAGCATTGGGAGAAGCTTATTTTTTTCAAGGACAATATAACAATGCTCTCAAATATTTTCAAAAATATATTAGTTTTGGGTCAAATGGGGCACGAATAGTCAAAGTCTATATTTTAATCGCAGATTCTTTTTACAAACTTGAAAGATATAACGAGGCTGACTTCGCATATGAAAACGCTTTAAGATTTTTGCCAAATAACCAAAACATACTATTAAAACTTGCAAAATCAAGACTTAATGCACAAAACAAAATCTTAGCAAAAGATACTTTAATAAAATTACTAACCCTAAATCCCAATCATTCAGAAGCAAAAAAGCTACTAGAAAAGATAGAAAAAAGTAATCATAATTCTTGACATTATATCTACAAGTATTTATCCTATTTATTAGTTTATTAATAAAATGGAGGGCTGCTAGCTCAGATGGTAGAGCAACGGATTCTTAACCCGCAGGTCACAGGTTCAAGTCCTGTGCAGCTCACTTAAATAAGTTAAATCGGGTTATTTTGCAATAAGCAAAGTATTGACATGCCTTTAAATAAATGTTATAATTAACTTTGGCAGATTTAATTATTTTCGGGCTCATAGCTCAGCTGGTAGAGCATCGCCCTTTTAAGGCGGGGGTCGTAGGTTCAAACCCTACTGAGCTCAATTCTTTGTCCTCTTCGTCTATCGGTCAGGACTCCAGGTTTTCATCCTGGCAAGAGGGGTTCGATTCCCCTAGAGGATGTAATAAAAAACATCTTGCTAGCTCTCTTTTTTACTAATGAACACATGTTACGATTGGAAAAATATTCTAGCAATATTAGTTTTATTAGCAAATTATCAAGCATTATATGAAAATAAAAATAAAAAAAACTCCCTAATCATCAATGGCAATAAAACAGTAACATACTGTAATAAAAAAGCAGTAAGTTGCTGCATCATACTAAATCTCCAGATCAATGAAAATGCAAGCATAGAAATCAACACTCAAGACAAAAATTTTTCATATGATATTCCAAAAATAGTTAATCAAGACAAAGAATTAACAATAGAAATTAAAATGGATAATATCAAATCTATTAGTCTAAATAACGCTAAAATAAAAAACTCAAATATTCAAACAGCAAGGTCAAGTCTTCAGAAATTTAAAATACTCATTAGTCAAAATGAATATTCTATTGAATTTAATCTTACCAAAAATATGTTTCCTATCTTAGGCTTTAAAGCAAAAGAAAAAATATCAAGCCCCATACTTGCAAACTTATATTCAGAAAAAGAATCACAAAAAATAGTATTATCTAATTTAATAAAGTACACATCACTAGAAAATGAAAATGACAAAATAAAGTCTACTAAAAACAACAATATGATTCAAATACTAGAAATTGGATATATTAACATGAATGCTTATTATGATATAAATAAACCAATAAATTCTGATCTAAAATTCATCTTAAACTATAAAAAAGAAAATTACAGAAGAGATGCATTTGAACTTTTTAATCTAATCTCAGAACCTAACATATATGTACTAAAATTCAAGAATCTCAAATATCAGTCTTTAATGTTAAAAAGAATAGCATTTTTCATAGAGAAAAAAGAATTTAGAGGCGTATTACTTTCAAACAATGAACTAAAAAACAAAATAGGATGGAGAGGACACGATTACAGACTTCAAGACATAATTACATTTTTCAACAAAGCACAAAAATTAAATATCAAATTAAACAAAGAAGAAATAATTTTAAAAAATCTAATTATAATCAATAAATTAGCATACATTGAAAATAATACAATTAAAATCAAAGATAAATCAAAAAATATTGCATTTGCAGCTTATTCAGAAGACGAAACTATACTCAGCATGGATCAAATCACAATATTTATGCATGAAATCTTACACATGTATTACTTTATAGACAAGAATTTTAATA
NZ_CP037058.2_gap14	360576	362317	1741	GGTCAACATCTCCCACAAATATAAATTTAAATTTATTTGCATAAGTAAATCTCTTTTTATAGAAACTTAAAAGAATATCCTTTGATATATTTTTCAAATCAGCTTCTTGAATATCTCTCAAACGATAATCATCATTGTTATAAAATCGTCTAATAGCACTATAAAACAAATGTTTAGAATCATTTTCCTTGCTCTTAATATTTGCTTTCAAATCAGTAATGATATTTTGCAAAACAATATCATCTATTTTTGGCTCATTAAATGTAAAGTATATAAGCTTAAAAAGAGTTTCAAGATCTTTTATATCAGCACTACCCTTAATGCTTGACATTTGCTCACCAACTGTTGGAATTAAACTTATACCTTTACCTGACAAATATTTTTCAAATTGAAGTCTAGAATAATCTCCATACCCCGAACTAGAAACTATTCTTGGAGCCAAAGACAAAACGGGCACAAGATCAGGATTCTCACTTAACAAACCACCCCAAGAATACGCACTAAAATTGACTACATTTTTATTACGTCCATTATGTTTAAAGTAAACTTCAACTCCATTTTCCAGCATAAAGGATGAAATTCCCTCAGATAATTCTTTCTCTTCAACAATATCTTTGCTTTCCAAAGACTTCTTAAAGAATTCTTTCTGAATTGATACATCATTATAAGGTTTAATCTCTTTAACCAAAGCAGAGTCACGTAATGCGTTAATCTCTTCAAGAGTCAAATTAGGATGAGATTTCTTAGAATAAGAATAAAAAATAGCCATATCATCTATGGTCGCTTCCTTCTTAGCCAAATCTAATATTGCTCTTATACTAATCTTATTTAGATAATCAATAGCAATATCAAAATACTCATTCATATCAAACATCTTAGAACCTTGAAAAGCAATGTTTACTAAACTATCCTCAATACTAGATGAAGATCGCTTATTAATGTTATCTTTACTTAGCTTATAATTACTTATAAGTTTAGATTTGACCTCATCAATTTCTCCCTGCGTAAAACCAAATCTCTTGATTCTCTCAATTTCATAGAAAAACCCTTCTATCCCTTCTTTGAAATGCTCTGGGTTAATCTCAAAAGAAATTTGATCAACTAAAATATAATTGTCATCTGATTTCAATTCTGAATCAATCTTATTAAATGATATAAAATTATTTGTTCCAGCAGTCTTTAAATCGTAAAATCTATTTTTAAAAAGACTTTTTAATAAAATTTTATCAACAAATCTTTTAACATCATCAACAGTGCCAAAACTATTGTTAACACTCTTTTTAAGAATAAAATTTATGCTAGGAAATGGCGTCTCAAAATCTTCTATACTTATAAATTTTTCATTTATTACCGTGTCTAAATTTATTTTAATCTTCTCAAGCTTACCTTCCGGTTTCTCTAAAGATGAAAACCGATCTATTACTTTCTTTTCAATTTTACCAGGATCAATATCTCCTACAATAATGACACTAGTAACATCTGGTCTATACCATTTTTTATAAAATTTCTTAAAGTCTTCTGACTTAAAAGATAAAACTCTATCTTCAAGTCCAATAGGAAATCGAACTGCGTACTTACTACTACCCAAAACAAATCCAAATACCTTTTCATTAATCCTACCTAAATAATTATCCTTCAGCTTCTTTTCTTCAAGAATAACATTACGTTCTTTATCTATTTCTACTTCATCAAATTCGATCTGAAAAGCCCAGTTTCTTAACAAATTCAAAGCTTCATCAAC
NZ_CP037058.2_gap15	427753	431603	3850	CTTAGATAACTTGATTGGCTCTGTAATAATATATCCCTTACTTTTTGAAAAGAAAGCATTGTGAACTTCTTCAAAACTTTTATGAATTTCAAAATTCTCAATAGCTCCTGTAAAATACTGTCCCAATGTAAAATCAATAAAATCACCAATATTTAATAAATAGCCAGAACCTTCTTTTTTATCAGCAGTAACATATTCTATAGCCTGGGGCTTAGAGTCTATCAAATATTCCAATAAACCATCTTTCTGCCTATACCTCACAGTATGCAAATGCCATTCTTTTGGAATAAAATCATCATCACTTTTCATCTTAATTCTAATGGGTTCTCCATTATCATTCAAAAATACGTTATTAAAATTCCAAACGAAAGTTCCTTCCTCACTCTCTAAACGAATAGCTTGGTCCAGCCAAACACCCTTAACATTTTTATATCCGTTCCAACTTACAATAACTTCCCCAGTAACAGAAGTAGAACGGTAAGCCCAAAACTGAATAGTAAAATCAGAAATTACATTGCCTGAATAGAAAAAAGCCTTTTTTGTTAATGGTTTAAGTTTAACAGTATTGCGGCTTGAATAAAAAATTAAGGAACTGCCAGAAATATTATGAAAAAAATTTGAAATTTTTGCATTATCTGAATCAACAAAATAATTTAAAGCAGCATCCTTAACAATGTTATCTTTTTCCATTTCTAATCTTAAATCAATATTATCAAAATCTAAAATTCCCTTATATCTATCCAAATAAATTCCAAGAACACCCCTACTATCTCTTGCAAAGCTAATATTATGAGCTTCCTGAATAAATTTAAATCCATCTTTAGCATCAAGAATCAACTTAAGTTCCTGAGAAAACACACTAAAAATAAATAAACAAAATAGGGAAAATATAATAATCAATCTCATTATAGACCTTTATCTTTTTCAACATAAAAAATCAAAAACATATAACAATTCAAGTATAATATAGCATTATATCACAAAAATAAAATGATTATCTCAAGGCAATAATAGGCACAAAATGAAAGAACATTTAAACAATTTACATAAAAAAGTACAAAAATTTCCATCAACAAGTGGCTGTTACAAGATGTACTCAAAAGATAACAAGATACTGTACATAGGAAAAGCAAAAAACTTAAGAGCAAGAGTAAAAAACTATTTTCTAGAAAAAATTGGCCATAAAACAAAAATACTAATGAAAAATGTAGCAAATATAGAAATAATTACCACAAATAGTGAATATGAAGCTTTACTATTAGAATGCAACTTAATCAAGAAACACAAACCAGATTACAATATCAAGTTAAAAGACGATAAAGGATACCCTATGATAAGAATAACTTGTGAAAAGTACCCAAGAATCTTTAAAACCAGAAAAATAATAAATGATGGAAGCGAATACTTCGGACCATATGTTAATGCAAAAAACCTAAACTTAGTCCTAGCTCTCATCAACAAAACATTTAAAACTAGAAAATGCAAAAAAAAATCAAAAAACCCTTGCCTTTATTTTCACATGGGTCAATGTCTTGGAGTATGTCATAGAGAAGATCTTGAAGAACAATACAAAAAAGAAGTAAACAAAATAAGACATATATTAAATGGAAATATATCCAAACTTTTAGATGAGATTGAAATAAAAATGAAAGAAGTAATTAAAAAAGAGGATTTCGAAACAGCAATAAAGTTAAAAGAAACTAAAAAATCATTAATTGAGATAAGTCAAACACAAATAATTACAAGAATGAACAAACTTAGTACAGACTATATATACACTCATAAAAATGATAGTTTAAATGTCATAGTAATACTTAAATACAGAGACGGAAAATTAGTAGAAAAAGACATAAATTTCGATGAAAGCATATATGAAGAAGATGAGTTAACTGAAGTATTTATAACACAATACTATACATCATTAAATATGATAGTACCTGATAAAATACATATCTTTAAAAAGATTGACACTACAAATATCACAAAACTAATAAATGAATTTAAAGATAAAAAAATAGAAATAATTTACAAAGAAACTCCAGACACTATAAAAATAATGGAGATGGCAATTTCTAATGCAGAAATAGCATTAAGATCATATGATAATGAACAAAATAAAGCATTAGAAAGCCTAAAGATTATTCTTGAAATGACAAAATTACCAAAAACAATTGAAGGATTTGACATTGCTCATCTCAATGGATACGATACAGTAGCATCACTTATTACCTTTAAAATGGGCAAACCCTTTAAAAATGGATATAGAGTTTATAAGATCAACTCATTAAATAATGGCGAGATTGACGACTTTAAGGCAATAAGAGAAGTCACATTTAGAAGATATTCAAAACTCATTAATGAACAATCAGAATTACCCGATCTAGTCCTAATCGATGGAGGAAAAGGTCAGCTAAGTTCCGCTTATTCCGCTTTAAAAGAATTAAAAATTGAAGACAAAGTTTCTATTTGTGCACTAGCAAAAAAAGAAGAAATAATATTTTTACCAAACAAAATACAATGTATTCAACTACCAAAAGGACATTCTGCTCTTAAGATATTACAAAACATTCGAGATGAAGCTCACAGGAAAGCAAATAGCTTTAACAAAAAGCTACGCAGAAATATAAAATTGAATTACAGTAATATAGAAGGAATTGGAGAACAAAAAGCCAAAAATATTTTAAAAACGCTTGGAACATACAAAGATATATTACTCTTAAGTGAAGATGAAATAGCAAAAAAGATAAGGACAAGCATCAAAACGGCAAAAAGAATAAAAGAATTCTCAAATAATCAGAATTTGAAAAACAATAAATCATAAAATATTATTAAAGTCAAGTTAAATTCATTTAATAAGTACTTATATTTCTGTTACTTAAAAACCTTAAATTCACTTCAAGATCAAGCAGACACTTTAAAAAGTACACCCAAATTTATAAGAAAAATCATTAAGCATGGTATCATCTTGGGTTAATAAGATTAATAGCATAAAATATGCTAAATTCAAATGCATATTTTTACCATAGATTCTTGCATATAAATCAAACTTATGCAATATTTTCAAAATAAATTTGATATCAACAATCGAGTAATTTTTAAGTCCTATCTTATAACTTTTTTCTATTGAGGCAAAGATCTTATGCTTTTTAAATGCAGATGGAATACTATTAAAACTTTCACAATCTGTTTTTACCTTCAAAAATTTTTTAAACTGCCAACCAAGACTCATTAAAATACTAATCAAATCTTCTCCTTGCTCCAGGATGGATTTAACTTTAAATAATGAACTCTCCATATCCCTTTTCAAAATTGACTCAAACAAGGAAAAAGGATTCTCAGGACGCATAAAATTAAGCCAAGAATTTACATCATGTTCATCAATGGTTCTATCTTTAATAAGAAGAGCAAAGGAATTTATATAAAATCCTAAAATCTTAGTATCTGAATCTAACATGAAAAGCATTAAATTTATTGCTCTATCTGTAATTTTAATTCCAAGTTCAAAAAAACTTTTTTTTACAAACAAAAATTTATCAGCGCCGGATAATTCATAAAAAGTTTTCTTAACTAATTTTAAAGAATTTTTAGGATCAAAACTGATCGAATTTTCATCAGAAATAAAAATAATAACCTTATTTAAAGATTTTAAGATTACACTATAAATTAGCTCTAAGTCCTTTTTGTTTTTTAAATTTTCAGCCTCATAAACAACAAAGACCTCTTTCTTATAAAAAAAAGAATTAGTTAAAAGCAGTTCAGAAAGTTCTATTGATGACAATTCCGACATAAAAAGCTTGGTAACACATACATCATCAGTACCTAATTTGCTAACAATGTCATTTAAATAAGC
NZ_CP037058.2_gap16	448027	451813	3786	TCAAGGATATTAGTCTTGCCTGAGCCATTTTTTCCACAAAAATAAACATTATTAAAATCAAAATTAATGACCTGATTTTCTATGTTTTTAAAATTAAAAAGCTCAATTTTCTTTATCATTGTCATCAATAAAAAAAATTTTAGTTTAGTACCATAGGCATTATTAAATGCATAAAATCAGAGTTTTCTGGTTCACTTAACTTTAATATCCCTCCTTCTCCATTAAATTTTATTTCTAGATTTGAAGTATCAAACACACCCATTGCTTCAGTAAAATAAGAACTATTTATAGCTATGATTTCATCATCTCCATCATAACTATAATTGGGCTCTTTTACAAAAAATTCCCCTTTTCTTCCCGTAATTGGATCTTCTGCCATAAGTTTTAATTGAGCACTAGCAAAACTCAAAATAACTTTTTTAGACCTTTTATCCGTATAAGAACTCACCCTTGAAAGCCTATCTTTTAAAACATTAATCTCTACTAATGATCTGTTTTTTTGTTTCTTTGGTATAATACTTTCATAATCAGGATAATTACCACTTATCAGACTGCAAGCTATTTTATAATTATTGAATTCAACGTAAAACTTTTTATCAGAAACCTTGATCTTTATCATACCTTCTCCTACCATCATTTGCCTTAAAAAATTAAACATTTTAACAGGCACAATAAAGTTAATATCCTCTTCAAATACTAAATCCGTTCTATATATAGACATTCTATGACCATTGGTAGAAATAAGAATTAATGCAGAATTTTTATCTTTTGTAAAGTAAATCCCATTTAGAATGTTTTTAGACTCATCATGTGATGCTGAAAATGATACTTTACTGATGATCTTTTTAAATTCTCTCTGACTTAACTCAACTGTAAACTTGTAAATTTCTCCATTTATGTCGTAATTATAACTTTCAATCTCTTCATTAGAAAAAGTAGGCTCGCTTAAATGATCATTTACTAAGATATCATTTTTATTTTCTGATTCTCCAATGATACTTAATTTGCTCTCATCTTCATTAAAATTTATCTTTAGTTCATCGTACAAATTTAGTGCTTTAACTGCATCGGAAAAGTTGGAAGCATTGATTAGTACCTTGAAATTTTCAGCTGAAACAATTGGAATTGTACTTTGAAAAAGGATATTTCTATCTGTTGCTTTTATTGTGAGGCTAGAATTTTTTATTTCAAACAATATTGCACTCCAAATATCATTTATGTTCCTGTTTAGAATTATGCTTTTTGCTTTATCAATCTCATTTGAAATCTGTTCTGTATCGCACAGTATAAATTTTTCGTTCAATGTCTTACCCTCCTTGATTATTATATCACCAATTTTGGGCTTTCATAAGCGTAAGTTTTTTCTTATTGTCTATGTGTTTGTCTTATTATATTTTAATAGTGGTATTAGTAGAGAGCTGTCTAATTGTCTAATTTTATTTATCTTATTATATTATAATGAATAAGATCTGTTTAATTATTTGTATTTTTTGATGAATTATTTGTTTAATTTGTTCAAAAATGTTTTAAATTTTATAAATTTTGTTAATTTTTGTTGATTTTGTTCATAAGTTCTATGATTAAATTGTTAATTTCTAAGTCATTGTTTCTTTCTCTATCTATCTTGTTTATTGAATAAATTACCGTTGAGTGGGTTTTCCCTCCAATGATTTTGCCTATTTCAATTGTTGAAAGCTCTGTAAAATTCCTTAAAAGATAAGCATAAATGTGTCTTGCTTTTGTGATTTCAGGTTTTTTACTGTTGCCTTCAATGTCCTTATTTGTGAGTTTTAGTTCTCTTAATATGACTTTCTTTATGTTTTCGATGTTTATTTTATTATGTGTATTTGTGTTTTCTTGCTCATAAGCTATTATCTCTTTAATTATTTTTTCTACTATGTTAGTGTCAATTTCAATATCTTCTAGATCTATATAGGCTTTTAATTTTGTTACAGCGGCTTCAAGATCTCTTATATTTGTTGTAACTTTTTTTGCAACTAAATTGAGAATGTTCTTTGGAACTTTGATTCCATCTTCTTCTACTTTTTTTTCTATGATTGCTATTCTTAGTTCAAAGTTTGGTTTTGATATGTCGACATTTAATCCTCTTGTAAATCTGCTTTTTAGTCTATCTGTGAAATTTGTGAGTTCTGAGGGTTGTCTGTCGCATGTAAATACCATTTGCTTATTATCTTCATAAAGAGCATTGAAGGTATGAAAAAGTTCTTCTTGTATTCCTTCTTTTTTTTGTAAATCATGAATATCGTCTAGTAGTAGCATATCTAAATATCGGTATTTCTTTTTAAATCTTTTTGTTTCATTTGTTTTTATGCTTTCTACAAATTCATTTAAAAAATTTTCAGCAGTTACGTAAAGTATTTTAAATTCTTTATGTAATTCTTCTGTTTTATTTCCTATACTTTGAAGTAAATGTGTTTTTCCAAGACCAACTCCGCCATAAATTAAGCATGGATTATATTTTTTACCAGGATTTTTTGCAATTGATAAGCTTGCATTGTATGCAAGCTTATTATTTGGGCCTGTAATGAAATTTTCAAATGTATATTTCTTTTTAAGAAAGGGATTTCTATATTTTGTGTGAATTTCTTCTTTTATGGTATATTTTTTTGTATTTTCTTCTACATTTTTGGTGTGAGTTTTAAATACCAATCTTTTTTTTGTTGAATCTTGTTGTATAGAAACATTTTTTAATGCATTGTTTTTAGATGTTATATCATGAATTTTTAATTCATTTTCTGGATTTATAAATTCAACATTAATTGTATTATGGTTTTTTTCTATGAGAATTTCTTTTATTCTTTTGGCAAACCTCTTTTCTACTTGATTTTTATGAAAAGAATTTGGAGCAGATATTTTTATACTGTTGTCAGTTGCATCTATGAAATATAAATTTTCAAACCATATATAAAATTCTTCTTCAGAAAGCTCTTTTCTTATTGCTGCTAAAATTAAGCTCCATATGTTTTTTCCCTCTTGCATACTTTATCCTTATTGACCTTGGCTATTTATCATTATATCTTTTTGATTTGATTAATGTAGGTATAAGTATATAGTATAATAATGAACTAGAATATTATTTTAATTATTTATTGATTTTGCAATTTTTTTGTTTTCAATTCAAGTTGAATATGTCTTATAATTTGTATTATCTAATAGATATTATGTTAATTTTAATATAAAATTTATTTATATCTATGTCTATGTTATTATTATTAATTGTGTGGAAGGTTTATGAGTTATTTTGCTAGTAATATTCAGGTGTTAAAGGGGCTTGAGGCTGTTAGAAAAAGGCCCGGTATGTATATTGGATCTGTTTCAATTAATGGGTTGCATCACTTGATTTATGAAGTTGTTGACAATAGCATTGACGAGGCTTTAGCGGGATTTTGTGATAAAATAGATGTTGTTATAAATGAGGATAATTCCATAACAGTAAATGATAACGGTAGAGGGATTCCTACAGATATTCATGAAGAAGAAGGGATTAGTGCACTTGAACTTGTTTTAACTAAGCTCCATTCTGGAGGAAAATTTAATAAAAATACTTATAAAGTTTCTGGTGGACTTCATGGGGTTGGAATTTCAGTTGTTAATGCATTATCATCTTTTTTAGAAGTGATTGTTAGTAGAGATGGCAAGGTCTTTAGGCAGACTTTTTCAAGAGGTATTCCAACATCTGAGGTTGAAGTTATTGGGGCAAGTTCTTATAGGGGGACTAAAGTTACTTTTTCAGCTGATGCTGAGATTTTTGAAACCTTGGAATAT
NZ_CP037058.2_gap17	496414	498866	2452	CTATTTCCCAAACAAAAGTTTTGTCTTCTTTAAATCTAATATTTCCATATTGTGTATTTAGTAATGTTCCGTAAGATGTTAGTTTATTTATTAGATTTTGATTTTGTTCTTCTGCTTCAAGAATAATTTTTGCAATATTTTGCTCAATAGTCACGAATCTTGCTTCAATGTTGTGTTCTTTAACTTTTATGGTTGACTTGTAATAATTTTGAGTTTCTTTTGTTAGGAGAATAAAATCTTTCTCTGAAGTTTTAGATCTGAATAGAAATCCATTCGGTTTTACCTCATCAATAATGTCAAATTTGAAAGATAGACTTAATTCGGGTATATTGATTTTTATTTCATTTTTAGGAGTAAAAAACAATCCATAGTCTTTTCTTAGTAGGTTGGTATCATACATTTTATGAGCAATCATTTTTTCATAATACATTGGTCTTAAGTGTTTAATACTTTTAAATGTATTGATTACTTCATTTTGTGAGGTTTGATCTAGTGTATTTGTAAATATTGTGCCTGTAATATTATCGAAAGTTTCGAGTGCGTAGTCAAAGACATAACCTTTGTATCCATCTTTTGTCAAGGCGTATAACCATCTTCCTTTAAGTGAGCCTGCGTCTGTTTCTTTTCCAACGTTTATTATTTTCAAGACAGCTTCTTTTGGAATTCTATATATTATGTTTTCTCTATAGCTGTCTGGCGAGGTTCTAAGAGGAAGGAGATCTTTTTTACTGATCGCATACTTATTTATATATGGTTGAATGCTTAGTCTAAATTTTTCTGCTTCTTTTTTTGTTTGAAACTCTTCTATTGTAAATTTATATACTATAAATTTTATTCCATTATAGTTTATTGTTATTGTTTTTTTTTCTTGATTGATATCTTCTATTGTAACAATTGAGCCATTTGGAAGTTTTTCTCTATTGTTTGAATCTAGAACAATACCATATTTATTATTTTCATAATAACAAGATAGAAATAATATGAGTAATAAAATAATGTATATTAATTTTTTATTCATGCTAAATCCTGATAGTTTTTGTTGACTTTAAGATGTGTTTTGTTATACATGCCCTTTATTATATAATAAAGACAATGAGGTTATTAATTCAAGTATTTGGACTGATACTGGTTTTTAGCTGTTATAGAACTAAGCATAGCGAAATTCAAAATCTCATGGGTCTTTTAGAAGAGTCAGGTAAAAAGGATTTAGATAGATTTATTATTGTTGATAGAATAGTTGATATTCGTATGCGCAATAAAGATTATAAAAGTGCTTTGAGGTCTGTCAATCAAGGAATCGCTAATGATATTGGTAAGGAATATTATCCTTTGTATTTTTATTTGATGGGTAATATATATTCTTTTATTAAGGAAGACTTAGTGGCTTTTACCTATTACAGGTATGTTGTTGATAATTTTAATGATTATATTTACGAGAATAGCTCTGTAAAAATAGATATTGCAAAAAGAGTTATCAATTTAAATATTAATGCTGACTACAAAATACGTTATTATAAACTGTTGCTTGATGCTAATGCTGATAGTCTTACTAATGCAGATAAGGGCAATTATTATTACAATCTTGCTCTAATTTTAGAGAGTATCCAAAATTATGATGAAGCGTATTTTTATTATAAAAAGTTTCTTTTAATACCAAGGGCAGATTTAAGAATAGATTCAATAGACTATTCTGCTGTTGTTACTAAAGTTAATTATTATAATAATCCAGACTTTATAATTTATAGGAATTTGAATGATCTGATTAATGATATTAAGAGATATATTTTTTCTGGAAATACTGCAAAATTATTAAGCATAAGGGACAAACATAATTTTTTTATTCAAAGTTGGGATCAAAGGGGTGGCAAAGGTAATTCAATTAATACAGATAGTTTTTTAACAACAATGATTAAACTTGGAAGTAAGCGAAAAAATGGAATACAGTTTGCAAGTCGTTTTGAGGCTGATTCTAGCAATGATATATCTTATCTTGGTTCTAGTGGTTGGGAGCATATTTGGGAATGGTATTTTGTCTTTAAAAAAATTTCTTATCCAAAAGATCCAGAAATTAATAATGGTTGGGCTTGGATAGGAGTTTATTTAGGTAAAAAGTAAGGAGATTTAATTTGAATTTACTTAATAGTCTTTTTAGTTTTTTATTTTTACTTTATTCTAATGTTTCTGTTATAAAAGATTCTCTATTTAAGTCTAGTATAAAGAGGACAATTGATTGGGATACAAAGCACGTTTATTTTGATATTACCAAGCCAGTGGATGAGGATAAATTTGATAGAGCTGGGCTTGATGATTCTACTTCTAGATTAATATTTAGCATTAATGATTTTAAGGATACTTTAATAAGACAGTCTCTTTTTGAAATGGTAATTGATTCTGATCATACTTTTGAAGATTATTTTAACTCAGATCCCCATTTGATACTTTATTTTTCAGG
NZ_CP037058.2_gap18	500192	502180	1988	GGAGATAAGAAATGGAAAAAAGCGGATAAGAGAAAGAAAGATTTGGCCAGGTTATATTCTTATTGAGCTAGATCTTCCTGAACAAGAGTGGAAAAGCACAGTTGCTGATATTATTAAGATTCCAGGTGTTGTAAGTTTTGTAGGAACTAATAAAGAGCAAAAACCTCTTCCAATTAGTGATGAAGAAGTTAAGAGTGTCTTTATGCTGGCTGGAGAAATTAAGGCAGATAAGTCTATTTTCATACTTTATGATTTTGAAGAAGGTGAGAGAGTTAGGATTAAGGGAGGGCCTTTTGATTCTTTTGAGGGTGTTATTGGGTCTATTGATTATGAGAAAAAAAAGCTGAAGGTTGCAGTTCAAATCTTTGGAAGATCAACTCCTGTTGAAGTTGATTTTCAGCATATAGAGAAAATTTAATGATTAATTATATGTTAATGGGAGCTTAAAAGGCGTTTTTACCATAAGGAGTTTTTATGTCTGATATATCTAAGAAGAAAAAAGAGATTGCTTGGGTCAAGCTTCAAATTCCGGCTGCTCAAGCCGCTCCAGGAGCTAAAATAGGGCAGGCCCTTGGACCTCATGGTGTTAGTGGACCTCAATTTGTTAAAGAATTTAATGAAAGAACGGCTAAAATGGAAACGGGAGTTGTTGTTCCTGTCATTATAACTATTTACAGAGATAAAAGTTTTTCATTTGTTGTCAAGACTCCACCAGCTTCGGTTTTGATTAAAAAGGCTATTGGGATAGAGATAGGCTCTAAGAAGTCAAATACAGAGAAGGTTGGAACTATATCAAAGGAAAAGATCATGGAAATTGCAAAGGTCAAAATGCCTGATTTAAATGCAAAAACTGAGATGGCTGCATTTAAAATCATTGCAGGAAGTGCTCGTTCCATGGGTGTTGAGGTGGAAAAATAATGGCTAAGAGTGGAAAAAAATATATACAAGCTCTATCTAGGGTAGATAAGCGTAAATATTATAGCATAGATGATGCAATAAACTTATTGAAAGAGATTAAGTTTGTTAAGTTTGATGAAACTATAGATGCATCTGTTAATCTCAATTTGAAGAAGAATCATACAGTTAGAGACACAGTTGTTCTTCCAAATCAATTTATGAAAGAGAAGAGAATACTTGTGTTTGCAAAGGGTGTTAAAGCTGATGAGGCAAGAGAGTCTGGTGCTTCTTATGTTGGGGATGATGACCTTATTAATAAGATTAAAAGTGGGTTTAATGACTTTGATATTGTTGTTGCAACACCTGATATGATGAAGGATGTGGGAAAGCTTGGTCCTATTTTAGGTAAAAGAGGATTAATGCCAAATCCTAAGACACAAACTATTACAAATGACTTGAGAAGTGCAATAGCTAGTTTTAAGAGGGGTCGTACAGAGTTTAGGGCAAATAAAAATGGTGTTATTAATTTTTCTGTTGGTAAATCGTCTATGGATAATAAAAAGATAAAAGAGAATTATAATGAATTTATTAAGGAATTACTTAAGAAGCGACCAAGTGATTTAAAGGGTACTTTTGTGAATAGTGTTTATATGACATCTACCATGGGGCCTTCTGTAAAGATCGATTTTGTGTAGGAGTTGGATTATGGATGCAAAGATAAACCCTAAAAAGGTTGAAATGTTTAATTTGTTAAGAGAGTTTTTAAATAATAAGGATAATATTTTTTTCTTAGATTACAGGGGATTAACAGTAGCGGAGCTTACTGACTTGAGAAATAAAGTTGAAAAAGAGAAGGGTGAATTAAAGGTTGTAAAAAATAATATAATGAAGCGAGTTTTAAAAGATAAACATATAGATGGTCTTGATTCTTATCTTTTAGGTCCAACAGCTATTGTTACTGCTGTTGATGAAGCTAATGTTGTTGCAAAAATTTTTTATGAATTTGTTAAAACTACTACTCTAAAGGTTAAGGGAGGTTTTATTTTAGGAGAGATCTATGATGAGGCTAAACTTAATGCATATAGCAAACT
NZ_CP037058.2_gap19	510335	513202	2867	AAGGAAAATGTTGTAATTGGACATTTAATTCCTACCGGAACAGGTATGAATTTATATAAGAGAGTTAAGGTGAGGGAGAATTCAAGCTCTGAATTATAGCTTGAAAAGAAGTCATATATTTGATACCATTTTATTGGTAAAATTAGCAGAAGGGGAGCATGGATGCCTACAATCAATCAACTAATTAGAAAGCCAAGAAAGAGACGAAAGGAAGAAACATCATCTCTTGCGCTTCAAAATTGTCCTCAAAGAAGAGGAATTTGTACTCGTGTAATGACTGTTACACCTAGGAAACCTAATTCGGCTTTAAGAAAAGTAGCTCGTGTTAGGCTTTCAAATGGATTTGAGGTAACAGCTTATATTCCAGGGATTGGTCATAATTTACAAGAACACTCAGTTGTTCTTATCAGAGGAGGACGAGTTAAAGATTTGCCGGGTGTTAGGTATCATATTATTAGAGGGGCTAAGGATACACTTGGTGTTAATAATCGGAAGCAAAGTCGTTCTAAGTATGGTACTAAGAAACCAAAAGCTTAAGAGGTATAAATTGTATGTCAAGAAAGAGTAAAAAGATTAAGAAAAAAATCTTTAAAGATACTAAGTATGATTCTCGGATTATTGCTAAATTTGTCAATAGAATGATGTATGATGGAAAAAAGTCAATCAGTGAAGCTATAATGTATAGTTCAATTGATATGCTTTCAGAAAAAATTGAAGAGGGTGATAAAATTACTGCTTTTAATAAGGCATTGGAGAATGTTAAACCGTTGGTAGAGGTTAGAAGTAGAAGAGTTGGTGGTGCTACTTATCAAGTGCCAGTTGAAATTAGAGAAGAAAGGCGTGAGGCTTTGGCAATGAAGTGGATTATTGCAGCTGCTAGAAAATCGAGTGGAAAGTCAATGCAAGAGAAGTTAGCAAATGAGCTTGTTAATGCTTACAATGCAACAGGTGTTGCTTTTAAAAAGAAAGAGGATACTCACAGGATGGCAGAAGCAAATAGAGCTTTTACGCATTATAGATGGTAATAATAAAAAATTCTTGATACTTTTGTTTTGTGAATTTAGTTAATATATTTGTGGTAATAGGGGGTTAATGTATTTTAAGAAATGTTGTTTTATTTTTTTTTATCTTAGGTTGTGTAGGTTCGCAAAATAAAGTTTCACCGTCTGATACTATTTCTTTGATTGTTGATGGAACTTTTGATGATAGAGGTTTTAATGAGAGCTCTTCTAAGGCTATGGATAAAATTAAAGAAGAATTTGAGGTTAAAATGATTAAGAAAGAATCTAGAGTTTCTGATTATTTAGCAGATATGGGGGGATTGGAAGAAGCTGGTTCTAGATTAATTTGGGGAATTGGTTTTAAGTTTACAGATACGTTTTTACAAAAATCCATAGAAAATTCTGATATTAATTATGCTGTTATTGAGGGTGCTTACGCAAATGATGTTGAGTTACCTAAGAATTTGGTGAATGTAAAATTTAGGTCTGAGGAAGGAGCCTTTTTAGCAGGTTATCTTGCTGCTAAGATATCTAAGACGGGTAAAATTGGATTTTTAGGTGGAATGGATGTTGCAGTTGTTAATGCATTTAGATATGGATATGAATCTGGTGCTAAATATGCAAATAAGAATATTGAATTGAATTCTCAATATGTAGGGACATTTTCTGATCTTTCATTTGGACGTTCAATTGCAAGTAAGATGTATGCTTCTGGTGTTGATATTGTATTTTCAGCAGCAGGACTCTCAGGTCTTGGTGCTATTGAGGTTGCCAAAGAGCTTGGCGATGGACATTATATTATTGGAGTTGATCAGGATCAGTCATATCTTGCTCCTGAAAACATAATTATTTCATATGTTAAGAGAATTGATGCTGTTATTTTAGATTTGACAAGAGCTTATTTAGAGTTTGGAAAGTGGAATGGCGGCAAAGAATTGGAATTTGGACTTAGAGATGGAGTACTTGATTTACTTTTTAATAAGTTGATAAATTTAGATTTGATGAGTGATTATGATGGGTTTTCAGAAGTTAAAAATAAGATAATCAATAATGAGATTGAAGTTCCCAGAGATAAGAAATCTTATGATGCTTTTATTGTCAGTTTGATAAATAAGAGTTGAGTAATGGTGGGAGCTTTTATATGAATAAATTAATAGTGTTCATTTCTATTGTGTTGTCTTTTTTTGGATGTGCTAAAGAATCATCTAATTCTAGGTCTTTAAATAGGCCTGTAATTTCTTTAATGGTTGATGGAACTTTTGAGGACAAGTCATTTGGTGAGAGTGCTTGGAAGGGCATTCAAATTTTAAAAGAAGATTTTAAAGTTGATATTTTTGGAAAAACTTCATCAAGTATATCTTATGTTAGTGATTTAGAAGCTCTTAAGGATAAAGGTTCTAGCATTATTTGGGGAGTTGGTTATAAGCTTCAGGAAGCTATTGAGCAAGCCGCTTTACTTAATAGAGATATTAATTATGGGGCTATTGATATTATTTACAAAGATGGTGTAAATATTCCGGAAAATTTGCTTGGTCTTTCATTTAAAGTTGAAGAAGCTTCATTTTTGGCTGGTTATCTTGCTGCTCATACATCTAAGACAGGTAAAATTGGATTTGTAGGTGGAATTGAGAGTACAATTATCAATGCATTTAGGTACGGATATGAATCTGGTGTTAAATATGCAAATAAGGATATTAAGTTGGAATCTCAGTATGTGGGATCATTTGTGGATTTGTCTTTAGCTAGAACTATTGCTTTGAAAATGTATAAATATAATATTGATATTATATTTGTAGCAGCAGGACTTGCAGGTCTTGGAGTGATTGAAGTTGCAAAGGAACTTGGGATTGGGCATTATATTATTGG
NZ_CP037058.2_gap20	516606	520686	4080	ATTTTTAAAAACCTTGCTTGAAAAGAGGAGATATTCTGAAATAAAGGAAGAACTTTTAAAATATGATGCTTTTGATATTAGTGAAACTCTGAAAAAACTTAATGGGTCTTATTTGATTTTGCTTTATAGGTTTCTTCCAAAGAAAGTTGCTGTTGAAGCTTTTTCTAACTTTGATCAAGTTACAAAAAACAAGTTGGCAAATTCTTTTACAAACAGAGAAATAAGAGAAATGATAGATGAGTTAAATCTTGATGATGTTATTGATCTTTTGGAAGAAGTGCCAGCAAATGTTGTGCAAAGATTTTTGGCAAGCTCTACTGAGGAAAATAGAGAAATTATTAATAAGTTTTTATCGTATAACGATAATTCTGCTGGGTCAATTGTAACAATAGAATATATTGAACTTAAAGATTATTTTAGTGTTGGAGAAGCTCTTGATTATATTAGAAAGGTGGCAAAAACCAAAGAAGACGTTTATACCTATTATATTACAGATGAAGAAAAACGGTTAAAAGGAGTTATTAAGATTGAAGATTTGATGTTGTCTGGCGATGACGTTGTGATTTCTTCAATAATGAAGAGTACCGGATTTTATATTGTGAAAGTTAGTGATGGAAAGGAAGATGTTGCTCTTCTTTTTCAGAATCATGATATTTCAAGTGTTCCTGTTGTTGATAATGAGGGGCGGATGATAGGAATCATAATTATCGATGATATTCTTGAAGTTATTCAGAATTTAAATACCGAGGATTTTCAGATAATGGCTGCGGTTACCCCTTTAGGCAAGTCTTATCTTGATACTTCCATTTTTGACATGACAAAAAATAGAATTGTTTGGCTTTTGATTCTTATGATATCTTCTACTCTGACTGCCACTATAATTACTAATTATCAAAATTTGGTTTTGTCTTTAGTCATTTTAACTAGCTTTATTCCACTTTTAATGGATACTTCAGGAAATGCTGGTTCTCAAGCATCTGCGTTAATCATTCGTGAACTTGCTCTTGGAACTCTTAAGGTAAAAGACTTTTTTAAAGTGTTACTTAAGGAAGTATGTGTTAGTATTTTAGTCGGCTCAATTCTTGCTAGTATTAATTTTATAAGAATTGTACTTTTTGTGATTCCTGGGCATGGTGAGAGGTTTAGAATAGCTTTTGTTGTTTCTTCATGTTTGATGATAGGTTTGATGGTAGCAAAAATATTGGGAGGTCTTTTACCCATTTTAGCCAAATTTGTAAGAATAGATCCAGCTTTAATGGCAGGACCTTTAATTACTACTATTGCTGATGTTATTACCTTGATTGCTTATTTTAATATAGCAAAATTAGTTCTGAACAATTATTTTTAGAGATATTAGTCTATTTCTAATATTGTGATTGAATAGGAGAAACTTTTGAGTGAATGTATTTTTTGCAAAATAGTAAAAGACGAGGTACCTTGTTATAAGGTTTATGAGGATGAGTTAGTTCTTGCTTTTCTTGATATTAATCCTTTAAATATTGGACATACGCTTGTTATTCCAAAACAACATAGCAATGATGCTTTGGATATGAGTGATGAATTTAATGGGCAAATATTGAGGGTTTGTAACAAAGTGGCTCTATCTTTAAAAAAGTTAGGGCCAAGTATTTGTAGAGGTATTAATATTTATACTGCAATTGGCTCTGATGCAGGACAGGTTATTTTTCATACTCATTTTCATGTAGTGCCAAGATTTAAAGGGGATAATTTTGGGTTTAAAAGAGGTAGTAATATTGAATTATCAGGAGATGAGCTTTTGGACTTGTCTAGAAAGATAAGTCATAATATTTAAAATCTGAAAAATATTGTTTTTGATTTCTATATAAGCTTTTGTCATGTCATAATACTTTATTCTAGAGGGTTTTCTTATAAAAGTTGATTGTGCAAGTATTTTTATTTATTATGCTTGATTAATTTGCATTTAATCACATTTTGGCATCATCAGACTACTTTATTAACTTCTTCCAAATGGTATGATGTTTATAAGTTGTAGGTATATGAATTTTTATTGTTCTTAAGGATATGTTAGATTTTCTTCTTTTATATTTCCCAATATTGCTAGATACCGATTAGATTCATATTTTGCCATGTTTAGATTGTGATCTTGGTGATTACCACATTCTTTTGCAGTTGCGCCTATAATATCTCCTTGAAAGTCAGCAATTTCATGGAAAAGCCAAGATATTAAATCAATAAGGTCTTTGCTTTCATAATTTCCTAAAATAATTAGATAAAATCCGGTTCTACACCCCATTGGTCCAAAGTATAGTATCTTATCTCCCCAGACTTTATTATTTCTTAGTAGTGTTGCTCCTATATGCTCAATTGTATGTATTTCTGCATGATTTATTACAGGTTCTCTATTGGGAGATTTCATTCTAATATCTACAGTAGTGAATGTTAAATGCTCAAATATATCTTTTCTTGAAATATATATGCCAGGTTTTAGTTTTGTATGATCGATTGTAAAGCTTGTTATTTTATTCATGTTTGAACTCCTTTTTTATTTTATCTACGAAATCTAATTTTTCCCATTCTAGTTCATTTTTTCCAAAGTGTCCGTATGTACATGTTTTAGAATAAATAGGTTCTCTTAATTTTAATTTTTTGATTATGCCATTGGGAGTTAGATCGAAGTTATTGAGGATAAAATTTAATATTTTTTTTTCATATTTGTTATCATTTATGCCTGTAGTTATTTTCACAGATACTGGTTCAGGGATCCCAATAGCATAAGCGAGTTGCATTTCAAATTCTTTAGAAATACCTGCTGCTACCATGTTCTTAGCAATATATCTTGCCATGTAAGCTGCTGATCTGTCAACTTTAGTAGCATCTTTGCCACTATAAGCGCCACCGCCATGTCTTGCGAAGCCACCATAACTATCAGCAATAATTTTTCTTCCTGTAAGACCTGTGTCTCCAGTAGGGCCTCCTATGACAAAATTACCTGAAGGATTAATGTAATATTTAATATCCTTATCAAGCATTGATTTGCTTTCAAGGGTAGGTCTTATAATCTTTTCAATGATTGTTTGCCTTAGGAAATTTTGAGGAATATCAGGATCATGTTGATGAGATACAACAATATTACTGATTTTAATGGGTGCTTTATTAGAATCATATTCGATGGTAACTTGGGATTTTGCATCAGGGCGTAGCCATTTAATTTCACCTGATTTTCGAAGTTTGCTGGCTTTTTGTAAAATTAAGTTAGCTAATTCATATGCTATGGGTAAGAAATTTTCAGTTTCATTGCATGCATAACCAAAAATTATTCCTTGATCCCCTGCTCCTATGTTTTTTGTGTTTTTTTTCTCAACTGCATTTGTAATATCCATTGACTGATGTCCAGTAGCATCAATTATTGTAGCAGACTTATAGTCAAGTCCATATTCTATATTTGTATATCCAATATTTTTTATTGTTTGTTTTGCAATTTCTTGTATATCTATGTATTTTTTTGCTTTGCTATTTATTTCTCCTGCTATGACTACTAAATTCTTTGAAACTAATGTTTCACATGCGACTTTCGCCATTTTGTCTTTTTTAAGTATTTCGTCAAGTATGGCATCAGAAATTTGATCTGCAATCTTGTCAGGATGTCCTTCAGATACAGCTTCAGATGTTAATGTTTGATTGTTATTGGTCATAAATATTATCACCTTATATGAGTTTAATGAGTTCTTTGACCATATTAGCTGCATTAATTGATGCAACTTGTAAGAACTTATTAAAGTCTATGTGATTGTCTTTGATGTTTGGTAAGTCAGATACAGAACGTGCAATAATGAAAGGTATCTTGAATGTGTGTGCTACTTGGGCAATCGCAGCACTTTCCATCTCTACAGCTAAAGCATCTGGGAAGTTGTTTTTAATTTGCTCTAGTTGTTTTTCATCTCCAATAAATTGATCACCTGTAAGTATTAGGCCAATGTGAGCGCTAACATTTTGAACTTTGTCTTCGATAATGTCAACAGTTTTTTTTAGTAGATTTTCATCTGGTTTGAATTTTTGTGGAAAGTTTGGTATTTGTCCTGGTTTATATCCGAATTTAGT
NZ_CP037058.2_gap21	528725	532633	3908	GAGTAAACTTGTATCTATTTTATCAGAAGAGCTTAAGCTTCCTAAGCTTACTTTGGGAATGAGTGAGTATGGCGATTTTGATGGAATTAATCGATTAATAGGACCTGTATATGGAGCTGAGTTTTATGATGAACCTACTAAATTTTTTAAATTTTTGAGTAAATCATCAAGCTCAATTATTTTCCTAGCAGATTTTGACAAATCTCCAAAGAGAGTCATAGATTTTTTTTTTGAAGGATTTAATACTGGGAAACTTTTTGATAATTTTGGTAGAGGTGTGAGTTTGTCAGATAGTATAATAATAATGGATATTAATGTGGAACATGGAGAACTTAATGGTATTGGATTTAAAAATGAGACAGTAAATAGCAGGAACCTACTAGAAAAACGCTTTTCTAGTAGGTTCCTGGATTTAGTGGATCACATTTTTTTCTTTAGACCTTTAGATGGGAGTGATTTTAAAAGAGCTATTATTGAAGAGATGAATAATTTTGTTAAGATATTAAAGGCTGAAAAGGTTTATGTTTGTTTTGAGGAAAGCGTTATCAATTATTTGAAGGATAAGACTTATAAAAGTGGGTTTGGCATTAAGGGTGTGCGTAAGGTTGTGGTCAAGGAAATTGGAAGTTTATTGGTTAATGACATGATTTTAAAACGGTTTAAGGAGAATGATAAGGTTAGAGTTTATTTAGATGAGACGATTCAATATGAGTTATTATAACTTGTGATTATTAAGGAGTAAATATGCAAATATCTATCATTGGGTCAGGAGCTTGGGGAACCGCTATTGCTAAGGTTTTGGCAGGTAAATTTCAAGATAATATCTTATTGTGGTCTTTTGAAGAAGGTGTTAAAGATAGCATTAATAATGATCATGAAAATGTTAAATATTTAAAGGGCATTAAATTACCAGATAATTTGGTTGCAAGTTCTGACTTGCTTGACGTTGTAAGTTTATCTGACTATATTTTTATTGCCACTCCTTCCCTTTATACTTTAGACATTTTAAATAAATTAAGACATATGTGTTTTGCTAAAAAGCCTAATTTAGCAATACTTACAAAGGGTTTTATAACGATTGATGAAAAACCTCTTACAATTGTAGAGGTGGCAGAAAGCATTTTAAATGAATATAAAAATGAAATTACGTATATTTCTGGTCCAAGTCATGCTGAGGAAGTTGGACTTGGAATTATTACAGGACTTGTGGCTGCCAGTAAGAGCAGGGTGAATGCTTTTAAGTTTATTGATTTGTTTAGTGATACCTCCATTTCTATGTTTTATAGTAATGATGTTCTTGGTGTTCAGATAGCGTCAGCTTTGAAGAATATATTTGCAATTGCATTTGGAATTTTGGATGCATATAAAATTAAAAATCCTAATTTGATAGGTAGTAATACGGAATCTTTTTTATTCTCAGTTTCCTTAAGTGACATGAAAAATATTGCATGTAAGATTGGTACTTGTAGTGAGGAAACATTTTTTTTCTTGGCTGGCTCTGGAGATTTAGATGTTACTTGTCGAAGTATTTTTGGAAGGAATAGAAGATTTGGCAGTGAACTTGTGAGTAAAAATATTTTAGAAGGCTTGACAGATATAGATGATTTGATAAAAAATCTTCACAAGATTGGTTATTTGCCGGAGGGAATATTTGCTGCTAAAGAAGTTTTTTTGCTTTTTAGATCTTTGGGTAATAATTCAAATTATTCTAACTTAGCGAACATAGTTTATAAAATTTTAAATAAAGAGTTAATGCCTGAAGCAGTTATTGATTATATGAGAAATTTTAAAGTTTAGGACCTGTCTGGGGTCCTATTGTCCTTTTTTGTTCATCGTGTATATAATATTATTATAAACATCATCAATTATTTCAAAATTCATTACAATTTCTATGAATTCATTTGACTTAATTGCTCCTATGATATTTTGATTTTCTGTTAATTTTTCTCTTTTAACTAAGGAGCTGCTATCAACTAATATTTTTATTCTAGTAATATCTTTTTCTACTTGCTTAATATTTGCAATGCCTCCAAAGCATTCTAAGATATGTTTTGATGTTTTTATTGTTTTTTTATTCATATTTATCCTTTGAAAAAAACTTTATATGCCATATAAGAAGTGTATATGTCAAATTTAGAGGTTATTTCAAATGGTGAGTGCATACTGATTACTCCAGGTCCCATGTCTATTGTTCTTATGCCATAATGTGCTAAAAATTTTGCAACAGTTCCTCCACCACCTTCTTCCACTTTCCCAAGTGTAGCTACTTGCCAAGCTATGTTGTTTTTATTTAGCAAATTTCTAATATAAGATACAAGTTCAGCATCAGCATCACTTGCCATTATTTTGCCCCCGTGTCCTGTATATTTCATTATAGGTATTCCATATCCTAATTTGGGTGCATTTTGTTCATCATGAACAGATTTAAATAAGGGGTTTATTGCTCCGCAGACATCAGCGGATATGCTTTTTGAATTCCATAATACTTTTTGCACAAGAAGATTATTATATTTGTTTTTATCAAGTTTAAATATTATGTCTGATACAAAGTATTCGAGGTATCTTGAATTGAGTCCAGTTGATCCAGTTGAGCCAATCTCTTCTTTGTCGACTAAGAAACATACAGCGGTTTTGCTTGGAGTTTCTTCTAAATTTAGAATTGCTTCTAGTGATGTATAAGCACAAACTTTGTCATCTTGACCATAAGCTCCAATGAGTGCTCTGTCAAATCCTATGTCTTTTGCTTCCCCTGCTGGTACTATTTCTATTTCTGCTGAAATGAAGTCTTCTTCTTCTATTTTATATTTTTCTTTTATTAGCTTAAGAGTAGCAAATTTTACTTTTTCTTTTTCTTTAGTTTCAATAGGTAGGCTTCCGATTATGATTTTTAAGTTTTCGCCCTCAATAATTTCATCGGATTTTTTGTCTCTTTGTACTTTTCTGTCAAGATGCGGCAAGATATCAGGAATTACAAATACGGGATCATTTTTATCATCACCAATGTTAATCTCTATTTTTTCTCCGTTTTGAAAAAATACTATCCCTCGTATTGATAGAGGAAGAGATAACCATTGATATTTTTTGATTCCTCCATAATAATTTGTCTTAAGCAATGCTAATTCGCTCTCTTCAGTAATTGGTGATGGTTTTGCATCAAGTCTTGGTGAGTCTGTGTGTGATACAATGAAATTCATTCCATTTTCAATAGGTTCTTTTCCAATAAATATAAGAGCAACATTTTTATTGCGGCATGTATAAAAGATTTTATCTCCAGTTTTTAGTTCTTCTTTTTCACAGGCACTGATAAAATTTTGTTCCTTTGCCCTTTTTATAGCGTAGTTGGTAGCTTCTCGTTCGGTTTTAATTGTGCTTAGAAATTTTTTGTATTTTTGAGCAAATTCTAAAATATTATCTCTCTCTTTTTCGCTTAAAGAAATCCAAGGATTTTGTTTTGTCATTAAAATTCTTCCTCCCAATTATTTATTATAACATTCTATTCTTTTTAAAATTCAGTTTAACAATAACAAAAAACGGATTCTAAAGATTTATAAGTTTGATAGTAAAATTGTCTTTGTCATAAAATGTGTTTAAAGATTGCATGTATGGCTAGCTTGTCAGTTTTATTTTTTTCTAAAGTAACTTGATGGTTTGCATTAACATTGAGTATTGCTTAGATTGGTTCTGGTTTATGCCATAGGAATCCTTGTCCATAATCTATTCCGATTTCATTTATCTTTTTAAGTATTGCTTCATTTGATACAAATTCAGCTATAATTTTTATTTTTTTTGTGTCAGCAATTTCTTTTATTGATTTTATTATTACAAGATCTATTTGGCTAGAATTTATTACTTGAATAAAAGATCCATCTATTTTAATTATGTCTATTGGCAAGATTTTAATGTATGAA
NZ_CP037058.2_gap22	642821	645331	2510	TTCCTTATTTGTATTACGTGATAAGTTTTTAGAAAAAATAGGTAATAAGAATGATAAGCTGACTATTAATTATAAAAAGGATACTTATTCTATTGGTGTTACTGCTAAAATAGTGAAGAAAATTAATCTTCCTGATGGTGGATATAATATTTTTGTTTCAACTATTGACAGAGTGAAGTTTGTCAAGGTTGTTATTAATGAAGAGTTTCCAATAATTGAGGTTGATTATTTAAAGCAGATTTCGGTTAAAAAGGATGATATTCAATCAAAGGCAATTTATAGCAGTATTTTGCTTAGAACTAAGGAAATATTCTCACATAGAAAGATACCTGAATTTCAGTTAAATATGGTGAATATTGAAGATAAAGGTAGATTATGTGATGTTGTTGCGGGAATGATTTCATCTTCAAAAGAGTCTCATCAAGAAGTGCTTGAAACTTTAAGCGTCAAAGAAAGGCTTAAAAAGGTTTTGGAATTAATTTATGAAGAATTAAATTTAATTGAGATTCAAAATAAAATTGCTAAAGGCATTCAGGAAAAGTTAGAAAAACAACAAAAAGAATTTTTTTTAAAAGAACAACTTAAAGCTATTAAAGCTGAGCTTGGTGTAGGAGATGAAAAGGGTAGTGAATTTTTAAAACTTAAATCTAAAATTGATGCTTTAGCGTTAAGTGGTGAAGCTTTAGATACAGTTGAGAGAGAGCTTGAGAAATTTTCATTTCTTGAAAGACATTCATCTGAGTATATTGTGGTTAGGAACTATCTTGAACTTATTACTAATCTTCCCTGGGGAGAATCTAAAGTTGATTTTGACAAGTTTAATTTACAAAAAGCTGAGAAAATTTTAGATAAAACGCATTATGGCATGAAAGAAGTTAAAGATAGAATTATTGAATATATTTCTGTTTTTAAATTAAGAAAATCTCAAAAAGGAGCTATTATGCTTTTGGTTGGACCTCCTGGAGTTGGTAAAACTTCGATAGGAGCAGCTATTGCTGAAGTTCTTAAAACAAAATTTTTTAGATTTTCTGTAGGTGGTATGAGAGATGAATCTGAGATTAAGGGGCATAGAAGAACTTATGTTGGAGCATTGCCTGGGAAGATTATTCAGGGTTTAAGAATTACAAAGACAAACTCTCCTGTTTTTTTAATAGACGAGATTGATAAGGTTTCAGCGTCTAATTATGGAGATCCATTCTCTGTACTTCTTGAAGTTTTAGATCCTGAGCAAAATGCAAATTTTAGAGATCATTATCTTGATTTACCTTTTGATATTTCTAATGTGTTTTTCATTTTAACAGCTAATTCTCTTGAAACAATACCTATACCTTTACTAAATAGAATGGAAATAATTCAGCTTTCAGGATATGTTGATGATGAAAAAATAGAGATAGCAAGAAAATATTTGATACCAAAGGTTTTAAGAGAAAATGGCGTTGATAAAGATTCTTTAAAGTTTCAGGGTTCAGCTCTTGTTCAGATTGCTAGGGAATATGCAAGAGATAATGGACTTAGAAATTTTGAGAAGTATTTAAAGCAAATTGTTAGGAAAGTTGCAAGAAAACTTATTGAAAATGAGTCTGTTAAGGCATACCAGATTTCTAAGGAGAATTTGGAAGAATATATTGGTATTCCTGTGTTTAGAAAAGAAGAATTTTTGCATAAGGTTATGTCTCCAGGTATGGTGATGGGTCTTGCTTGGACTAATTATGGTGGGTCAACTTTAGTCATTGAGACTGTTAAAACCGAATCTAAGTCTTCTGGTATTAAGTTGACGGGTAGACTTGGAGATGTGATGAAGGAGTCTGCAAATATTGCGCTTACTTATGTTAATAGTATTAGTGATAAGCTTAAACTGGACAATTCTTTTTTTGAAAAAAATATAATTCATTTGCATATTCCAGAAGGTGCAACTCCAAAAGATGGGCCTTCTGCTGGAATTACTATTGCTAGTGCTTTTATATCTTTAGCTCTTAATAAAACTGTAAGACCTAATTTAGCTATGACTGGAGAGTTATCATTAACAGGGAATGTAATGGCTATTGGGGGATTGAGAGCAAAAATAATTGCTGCTAAACGAAGTGGGGTTGAGCATATTATTATTCCTAAATCAAATAAAGTAGATCTTGATGATATTCCTATTAATATCAAGGGTGGCATAAATTTTCATCTTGTAGATAATATGCATGAAGTTATTAAATTATTATTCTAGACTTTTAAGTCTTGTCTTAGTTTATTACTTTTTCAAGTATTCTATATTTTATTCCGTTAGTGTTTTATTTGATATTTTTATTATTTGAACTGTGGGTTTAAATAGGTAAATTAGCAATGGCAGTAGTGTTAATGATGCTAGAGATGTTGTTATCATTGTGAAGGCTATGATTGCACCAAGTGTTGAGATTATTTTGTAAGTGGAAAATATTAATGTTAAGAATCCTATTCCTACTGATATTGAATTTGCAAAAATTCCATCAAATACATTAGGAATTGATTCAATTAAAGCCTTTTTG
NZ_CP037058.2_gap23	653187	654606	1419	CTTCATCATTTTTGAATAGAGAAGATAAATCCCATTTGTCGTCTTCATTGATTTTGATTCTGTCTATCATTAAGCTTTCTCCTTGAATTTAATATGACATTAAATTGTAATTATGAACAATAATTATTGTAAATGTTTGCTTTCAATTTTACAAATGAATTGGAAATTTGATTTGTAGGTGATTCTTAAAATCTGTTTTTTTGACATTAATTTGGAGATTTTATTAAAAATTTTTTAAATTTGGTGAATGCTATTCCTCTATGGGATATTTTATTTTTTTCTGCAAGACTTAATTCGCTGAGTCTTTTGTTATTTGTGGTTAAAAATATTGGGTCGTATCCAAATCCATTTTTTTTACAATAATCAATATTCAATGCGATTGTTCCACTAAAGACACCTTTGAAATTAGTTATCGTTCCGTTTATTGAGATGTGACTGACTATACATATGAAATACGCGGCCCTATTTTTTTTATTTTTCATTAAATCTATAATAAGCTGATTTTTTTCATTGGCTCCTAATTTCTTACCTAATTTATGTTGATCATATCTTTTGGAATAAATTCCGGGTTCTAGATTTAATGCTTCTATGCATAATCCGGAATCTTCACTAAAAACAGGTTGTTTTCTATCTAAAAGTTCAAATAAAGCTTTTGCTTTTAGTAAAGAATTTTCTTTAAAAGTTTTACCTGTCTCTTTTACATCAAAATTTTTAGGAATTTCTATTTTTATGTTGGGTATATCTAAAATTTGTTTTACTTCATTTATTTTATTTGAATTAGTAGTTGCAAAGAATAATGTTTTCATTGTATATAATAATAAATCATTAATTTTTATTTTTGTATTTCTATTGTATTTATAGTGATATCATTTATAAGTGTTATAGATATTAATTTATGGATTTCAAATGGGTTTTAACTATTGCAAAACTTTGTTGATTAGCAAGTATATATGGTGAGGGGTTTATGATGAGAGAAAGAAGAAGATTTAAAATTATATCTTTTTTTAAAAGATTAGATAAGATCTTTTTATCGGTTTTTATTTTTTTTCTTAAATTTTTAAATAATATTTATTATTTTTTTAGGCAAAATGTTAGCTTTATGATTATTCCTCATGTTAAAGGGGATGTTAGAAACATAAAGATTTCTTTTTTAACTTTGTTTTTATTTTTTTTATTTTTTCTTTTTATTTTTATAGGGTTTGTTTTGCTTTCTGTTAATTATGTTACTCTTAAATCGATTGTTAATTCTACTGAAAAAAGTTATGCGCTTGCAGAATATGAGATTGAAGATTTTAGAAACACGGTTGTAGAAATTAATTCTGTTGCTAGTAACTTTTCTAAAGTTTTGGATGAACTTAGTACTTCCTTAAAAATAAAGGAGAGTAATACTGAGCTGAATAGAGATAAATTAGAAGGAGA
NZ_CP037058.2_gap24	749834	754224	4390	ATTTTAAGGTCAGAATTTGTATTAAATATGCCATTTTGATAAGTTTGAATTAGTTTTCCATAAGAATTAAAAATCATTAGTTTATTTGCTTTTTTTTCTACAATGTATACAAGTCCGTTATATGTTTTAATGTCAAAGCTTGAATTTGTAACTTTATTTTCAAGTGGCGTTATTTCTCCAGGTAGTGTTCCAAATGGGATTTTGAATTGTTGTTCCCCAAGCTCGTTTAAAGTTTTGGTGTTACATGATATAATCATGAAAAATAACTTTAAATAAATTTTATAAAACTTTTTCATGTTTTAGATGTTATTATTTAAATGGTTGAAAGTCAATTATTTTAGGAGAATTGATACCTAATATGTTAAGAGCGATATTTGAATCAACTATTGGTTCAAAAAGTAAGAGGGATTTAAAAAAATATCTTCCTGTTTTGAGAAATATTAATAAATTTGAGTCTTGGGCATTGTCTTTATCAGATGAGGATTTTGCTGGGGAAACGGAGAAATTTAGAGATGAACTTAAGGAAGGTAAGACTTTAGAAGATATTTTAGAAAGGGCGTTTGCTCTTTCACGAGAAGCTGCTAGAAGGCGACTTAAAGAGAGACCGTATGATGTTCAACTTATTGCTGGACTTGCTCTCCATCAGGGAAAGATAATAGAGATGAAGACGGGAGAAGGTAAAACTTTGTCTTCAGTGCAGGCTGCTTACCTTAATAGTTTAAATGGTGATGGTGTTATTATCGTTACTGTTAATGATTATCTTGCAGAACGTGATTCAAATTGGATGAAGCCAGTTTTTGACCTTTTAGGAGTTAGTGTTGGTGTTGTACTATCTAATATGGATTCTGCTAGGAGAAAAGCGGAATATGATAAGGATATTACTTATGTGACTAATAATGAGCTTGGATTTGATTATTTAAGAGATAACATGTGTTTTGATTTATCTCAGAAGTCTTTAAGAAGTTTTAATTATTGTATTATCGATGAAATTGATTCTATTTTGATTGATGAGGCTAGAACTCCTTTAATTATTTCCGGTTCTACCGATGGAGATACTAGTGCTTATCTTGAGGTGAATTCTCTTGTTTCGCTCTTAAAGGAATGCTCTAAGGATCTAAAAACCGGAGATTATCCTTTAGAGATTGATGAACTTGATGGAGATTATACGATTGACGAGAAAGGGAAGAGGATATCTTTTACAGTAAATGGATTAAATAATCTTGAGAAAATTTTAGTTGCAAAAGGCATAATTAAGGGTTCTATGTATGTTGATTCTAATTTTAATTATGTTCATTATATGACTCAAGCATTAAAAGCTCATTTACTTTTTTTTAAGGACAGAGAGTATATTGTTGGGGATTCTGGAGTTGAAATTGTTGATGAGTTTACGGGGCGTATTTTAAAAGGACGCAGATATTCTGATGGGTTGCATCAAGCTATTGAAGCTAAGGAGGGTGTTAAGGTTGCAAGTGAGAATAAAACTATGGCAACAATTACGTTTCAGAATTTATTTAGGATGTTTAACAAAATTTCTGGCATGACTGGTACAGCTGATACAGAGGCAAAGGAGTTTCATAGAATATACAATCTTGATGTTATAGTTGTTCCGACTAATAGGTTGGTATCAAGAATTGATGAAGATGATATTATTTATTACACTGAAGAATTTAAGTTTAAAGCAATTACTGATGAGGTTTATGAGGCTTATAAGAAGGGACAACCTGTTCTTGTTGGAACTGTTTCTATTGAAAAATCTGAAATTTTGTCAAATATGTTTAAAAATAAAGGTATTAAACATGAAGTTCTTAATGCAAAAAATCATTTTCGTGAAGCTTTAATTATTGCTGAAGCAGGAGCAAAACATTCTGTTACAATTGCAACTAATATGGCTGGACGTGGTACTGACATTAAGCTTGGTGGTAATCTTGAGCATCGGGTTCGTAAGAAAATTGGAACGGGTGCAAGTCTTGAAGAATTTCAAAGAGCTATGCAGATTGAAAGAGAGCAGTATCTTAAGGACTATGCGGAAGTTAAGGATCTTGGTGGACTTTATGTTATTGGTAGTGAACGCCATGAGTCAAGAAGAATAGATAATCAGCTTAGAGGCCGAGGAGGAAGACAAGGAGATCCTGGTCGATCAAGATTTTATGTATCGCTTGAGGATGATTTGATGCGGCTTTTTGCAGGCGATAATCTAAGAGCTTTGATGGGCAAGCTTGGGATGGCAACAGGTGAGCCTATTACACATTCTTTGTTAACAAAATCCTTAGTCAATGCACAAAAGCGCGTAGAGGATAGAAATTTTGAGATTAGAAAGCATCTTTTAGAGTATGATGATGTTATAACAAATCATAGGGAGTTTATTTATTCTCAAAGAAACTCAATTCTTATTGATAATAATATTAAGGAACGTATTCTTCTTTCTTCAAGAGAATATCTTGATTTTTTATTTGATCAAATTAAGGGAGAAGTAGTTACAAGTTCTATACTAAGTGAAATAAATTCAATTTTTGCTTACATGATGGAAAGTATTGGTTCTGTTGAAACCATGAGTATTTTATCTTTAAAAGATAAGTTAATGGAAATTGCAAGGTCTAATCTAGATGCAAAAGAAGAGCTAATAGGAGCTGAACTTTTAAATGAATTTTTAAAACATGAATATTTGAGGAATATTGATTCTAAGTTTCAAGACCATCTTGCAAATCTTGATTCTTTAAGAGAGTCAGTTTATCTGAGATCTTATGCTAATAAAAATCCAATTACTGAATATAAAGAAGAAAGTTTCACAATTTTTGGTGAGCTTGTTAAAGACATTAAGGTTGAGACTTTAAGGCGGACTTTACAAATGAAAGTTGATCTTGATTCTAGTGGTTATAAAAATAAAAAGCTTAAGAATGTTAGTGCTACTCATAAGAAATTTTCAAATGTTACGTTTGATAAAGGGGATAATGCATCAGGAGTGCAAATAGTTAGAAATGCTCCGAAAATTGGAAGGAATCAACCTTGTTATTGTGGTAGTAAAAAGAAATATAAAAATTGTCATGGAAAAGACTAAAAAGGAGGATCTTATGTTTAAATTACCAGAACTTGGTTATGATTATGATGCTTTAGAGCCGTATATTGATGCTGATACAATTAAATTTCACCATACCAAGCATCATAATGCATATGCAGTAAATTTAAATTCTGTTCTTGAAAAGACAGAAATAAATTATTCTGAAGATATTGAAAGTATATTAAAAAATATTCAGAGGTTTCCCAAGGAACTTCAAGCGGCTATCAGGAATAATGCTGGTGGATATTCTAATCATAATGTGTATTTCAGGACTTTAAAACCTGGGAATAAAGATAATATTTTGAAAAATTTTGAAGAGCACGTGAATGGTACTTTTGGCAATCTTGATAATCTTAAGATGGCTTTAAAAGATTCAGCTATGAATATTTTTGGAAGTGGGTGGGCTTGGCTAGTTCTTCATGCAAATAAAGAATTGCAAATAATATCAAGACCGAATCAGGACAGTCCTTTAATGGAGAATTATAAGCCTATTTTAGGTATTGATGTTTGGGAGCATGCTTATTATCTTAGATATCAAAATAGAAGAGCTGAATACATTGATGCGTTATTTAAGGCTTTAAATTGGGAGGAGATTTCAAGAGTATATAATGAAATAATAGAATAACTTTTATATTAAGCTCTTCATAAACTAGGTTTAAAGAATATTTATTTCTTATACTTAGTTTATGTTTGTTTGCATAAGCATGTAATAATTCTTATATATTATTATTGAAGTTATCTTTTTCAATGTCATTAAAGTACTTTACTGTTCCAACTTTTAATTCATATGTTGCAGCTTCATCCGATACTATAATTGCGTTTTTATGTAACTGAAGAGCACTAATTGTCCACATGTGATTTACTCCTTTTTCAATAGCATGTTTTAATGCCCTTGCTTTGTTGTGACCATTTACTATAATAATCACTTCTTTTGAGTCCATGATTGTTCCAATTCCTATTGTTAAGGCGCTTTTGGGCACTTTATTGATATCATTTTCAAAAAATCTTGAGTTTGCAATAATTGTATCTTGAGTTAAGGTTTTGATTCTTGTTCTTGATTGCAGTGATGATCCAGGTTCATTAAATGCAATGTGACCATCAGATCCAATTCCTCCCACAAAAAGCATAATACCACCGTAAGATTTAATTTTTTTCTCATATTCTTTACATTCAGTTGCAAGATTAGAAGCATTGCCATTTAACATGTGTACATTTTCTTTTTTTATGTCTATATGTGAGAAAAAATTATTCCACATAAATGAGTGATAGCTTTTAGGATGATTTTTATCTAATCCTATGTATTCATCCATATTAAATGTAACTACATTTTCGAAT
NZ_CP037058.2_gap25	782074	783427	1353	TGAAAAAATAGAACTGGGTAGTAATGTTGCTGGTGTTGTTATAAATATCATGAAAGATTATGTGCTTGTAGATATTGGTTATAAGTCTGAAGGTTTTATTAGAATTGATGAATTTGAAACCATTCCAAGTGTTGGGAACAAACTTAATGCAATAGTTACGAAGATAGGGGGAGAGTTGGGATTAGTTCTTAGTGTTACAAAGCTTGATTCTCTTAATTTGCAAGATAAGGTTGATGAGTATATTGCAAATAAAAAAGTGCTTAAAGGTAAGGTGTTGGTTGAGCTTTCAAGTGGCTATAAGATTCAAATTAATGAAGATGTAGTAGGATTTATGCCGTCTTATTTAAGCTCTAAGTCTAGGGATGAAAGATTAAAAAGAGGCTCAGTTATTGAGTTTTATATTGTTCAAGCGGATAAAACAGATGGTTTTAAACTGATTCTTGATAGACGGTCTTTGGAGAGAGATCGGGAGGTTGTGAAGAAAAAAGAATTTGTTAGTTCTTGTAGTGAGGGAGATATCGTCGATGGAATTGTTGAAAGAATTACTGATTATGGTGCTATTATAAGAGTTAAGAATCTTGTTTTAGGAGTATTGCATAAAAGAAATATTGCATTTAGTCGTGTTGAAAATGTTGAGGATTTTATTCGTGTTGGTGATAAATTAAGATTAAAAATTATCAAATTAAGTTTAAATGTGGGGAAGATGGAGTTGTCCCTTAAAGATTTGAAGACAAATCCTTGGGACTCTGTTGAATCTAAGTATAAGGTTGAAAGTATTGTGAAGGGTAAAGTTGTCAAAATATTGCCCTTTGGAGCTGTAGTTGAACTTGATAGTGAGATATCAGGATTTTTGCATATAAGTAATTTTTCTTGGGTAAGAGTTATAAAAAGTCCCCAAGAATTAGTTAAAGTTGGACAAATTGTAGAAGTTAAAATTTTGGAGATAGACAAAGAAAATCAAAAAATATCTTTAGGCATTAAGCAAGTTAATGATAATCCGTGGAATAGTTTATATGAAAGATGTGCTGTTGGTAAGGTTGTGCAGGGTATTGTTAAAAATATTACAAAGACGGGTGCTTTTGTTAGTCTTGAAGAAGGTATAGATGCATATATTAGTAAGTTCGACATTTCCTGGATTGATGAGGTTAATCCCGAGGAATACTTTAAGTTGGGAAGTTCAATTAATGGTAAAGTTATTGAATTTGATGCAAAGAAGCAAAATATTAGGTTGGGAATTAAACAGTTGGAAGAAAATCCTTGGGATGATTTTTCTAAGAGCTATAAGAGAGGTGATATTCTTGAGGTTGAAATTGTGGAGAAGAAATCAAAAGGAGTTCAGGTAAGAGTTTATGG
NZ_CP037058.2_gap26	788180	792058	3878	AGTGATTCCCTTCCAATGCATGTTGGAATCATCATGGATGGAAATAGAAGATGGGCTTTAAAGGAAGGTCTTTCGCTTTTTGAAGGTCATAAAGAAGGTTTAAAGAGAGCCAAGGAGATAGTTCATTATTCTATTAAATTGGGCATAAAATATTTATCTCTTTATATTTTCTCTACTGAAAATTGGAATAGAACAAAATCCGAAATAGAATATTTAATGTTTTTGATTGCCAATTATTTAAGTTCTGAATTTGGGTTTTATAGTGAGAATAATATAAAAATAATAGTATCAGGAGATATTGAAGCTTTAAGTAAAGAAGTAAGGAGAGCAATCATTGATGCTATTGATTTTACAAAAAATTTTGATGGGTTTGTATTGAATTTGGCCATTAATTATGGTGGTCGAAATGAGATAGTAAGAGCTGCTAAGAGAATTCTGAGAAGTGGTTTAAGGTTTGAGACTTTAGATGAGCTTATGTTTTCCAAATTTTTGGATAATCCGGAACTTTGTGATCTTGACCTTTTGATACGTACTGGTGGAGATATGAGAATAAGTAATTTTCTTTTATGGAGAATTGCTTATTGTGAATTTGTTTTTTCAAATGTTTTGTGGCCAGAGTATTCTGTTTCTCATTATGTTAAAGACTTGGCATGTTTTAAGAATAGGAAGAGAAATTTTGGGAAATAAAAGTTTATTTAATTTTGGGCCTAAAAAACTAGCATTTATTGCAAGACTTGGAACATTTTTATTTTTTGTTCCTTTAATTTTATTTTTAATATTTTTTGAGTTTAAGGATTATTTATTGATTAATATTTTAATTTTTATATTTAGTGGAATTTCTGCAAAGGAAGTTAATGATTTGCTTAGAGTTAAGTCTTCTTCTTTATCTAGTGCTTTATCCTTCTTTTTAGGGATAGCTCCTCCAATCTTGACATATGTACATTTTAATATTTTTGATTTGGGTATAAATATAATATTTTATTTGGTTATAACTTTGGTTTTTAGTAATTGGATTGTTAACTTGGTTTTCATTAAAGAGCATGAAATTGTTGATTTTTTATTACAGGCAACTTCTATGATTTTCATACTTATATATCCTGGTGTTTTAATATCGTTTATTGTTGCTATTACTACTTTGCCAAAGGCACCTATTCTTTTATTAATACTTTTCTCTATGGTTAGTGGTAATGATACTTTTGCCTATCTTATTGGATATTTCTTTGGAAAGAATAGTTATAGACCCACAATTATTAGTCCCAATAAAACGATAATGGGATTTTTAGGTGGCGTATTGTTTTCTGTTATTGTTGCAATAGTTGTAGTATTTTTAGGACTTATAAATTTGACTTATGGAGAAGCTATGGTTTTTGGTATTTTAATAGGATTTTTTACTATTATTGGTGATTTATTTGAATCTGGGCTTAAACGTAGTGTAGGAGTGAAAGATTCTGGTAATATTATTCCTGGTAGAGGTGGTGCTCTTGATTCAATTGATTCATATCTTTTAACAGGTCCTATATTTTATCTATGTTTGTCATAATTTTTTGGGAGTAATGTGATGTATATTTTTCTTAATATTTTAGCTTTTACCTTGATAATATTCATTCATGAATTAGGTCATTTTTTATGTGCAAAGCTTTTTAAAGTTAAGGTTGAAGTTTTTTCTATTGGAATAGGGCCTAGCCTTTTTAAAATCAAAATAAAAGAGACAGAGTATAAAGTTTCTCCTATTTTTTTAGGTGGATATTGTAAGCTTAAGGGAGCTGATCACTTAGAAAACGAGATTAAACTCAATAGGCAGCTTGAAGCAGATAAAGATTCTATTTTTGGTATTTCTCATTTTAAGAAAATATTAATATATTTTGCAGGTCCTCTTTTTAATTTAATTTTGGCATTAATTATTTTTATCATGATAGAAATGGTAGGTATTGTTTATTTCGATTACCCTGGTAAAATAAATGTTATTAATAATAATGTTGTAAGTAACTTTAGAGATGGGGACATTATTTTAAGAGTTGATAATCACAATATCAAATATTTTTCTGATTTAAGTAAGTTTGTTTCTTTAAAAGATTCTAAAATGACTTTCACTGTTTTAAGAGATAATAAGAATGTTAGCTTTGAAGAGTATACGAATTTAGATAAACTTTTAAAAGAAATTAGCCCTTGGGTAGATCTTGTCATTGCTAAAGTTGAAGCAAATTCTCCATTTGGAATTGCAGGTCTTAAACCTAATGATAAGATAATAAGTATCAATGATGTAGTTTTAAATAATAATAAAGATTTAAGTAATTTGATCACTAAGCTTGGTGTTGATGTAGTGAATATTAAATATGAGAGACATGGGGAGATTTTAACTTCAAAGTTGGTATTTCAAGATACTAAGAAAATTTTAGGAATTTCTTTATTGCCTAGTTTAGAAAGGGTACTTAAAACAGATAATTTAATAGTTGCTTTTAAAAATTCTTTTAATAAAGTTTTAAATATTTTGGGTCATATTTTGTATTCCATTGTTGAATTATTTTCTAATTTTAAGAATAATTCTAAAAATGTTGTAGGTCCTATTGGAATAATGAATATTCTTGTTAATTCTTCTTCTATTGGATTTTCATATTGGTTTAATACTATTGCAATTTTAAATTTGCTTATTGCTGGTATGAATTTATTTTTTTTTGTGGTTCCAATGTTTGATGGAGGTCAGATTTTTATCAGTTTAATTGAGCTTTTGCGAGGGAAACGATTTAGTGCAAAATTTATTTATTACTTTTATTTTGTTGGCATTTTATTGGTATTGAGTCTTTTTATACTAGGCTTCGTAAATGATTTACGCAGTATTTTAGGCTAATGATTTGATGTTGTTTTTAAATAAAGAATACTTGATATTTAATCAATGGGAAGTATATATTTTAACATGAACCAAAAGTGAGAGAAAGATGCGATTAAGATTAAAATATGAAAGAAATCGTGCATTCTCATATTTGCTATTGGGCTAAATTTTTTACTTATTGAGTATACTATAGCTCCTAGTGTGTAAAGAATGCCTCCAATGGTTAGCCATAAAAATCCTTGTATAGGAATAGAATTGTAAATGAATTTAATACCAAATATAATAATCCATCCCATAAGTATGAATGTGCATCCATTAATCCATCCAGGACTGTTTACATATATTGATTTGAAAATAATCCCGAAAATAGCAAGTGCCCAAACAGTGCTAAGAATGATTTTTCCATAAAAGTTAGGCAAAAGAATTAAAGAAGGTGGTGTGTATGTCCCTGCTATTAACGTAAATATTGAGATATGATCAAATTTTCTGAAGAGTTCTTTTATTTTACTTTTTTTCGGAAAAATATGATAAAGAGTACTCATTGTATATAGCAATATCATTGATGAGCCATAGATAAGGAATAATACTGCATGGAAATATTTTTTTGAAGTAGTTGATATAGTAATGAGAATCGTTGTTCCTATTATTGATAAAATAATACCAAATAAGTGAGATATTGAGCTAAACAATTCATTTTTAGGTATTACATATTCATATGAGTTGTACTCTTTGTCTTTTTTATACATAAACTTATCCTATATACTTTTACTTTATGTTTTGAGCATACGACGTATGCTTATTCTCACTTTAGGTATGTTAATACAAAAGGAGACATAAATCAAGTGGTTAAAATGTTTTAATTTAAAGAGAAAAGTCAAATGAATGTTATTTTATTTTTCTTCTTAAATTTTTTATGAAAACCTAACTTTTTTTTAAAAAAGACGATATAATATTATTGTTTTAAGTTTTTGAATGGAGAGGCTCAGCGTGATGAATTTTTGCGGGATTCTTAGATTTGCAAATTTACAGAAGTTTTCTAATGCAGTAAGAT
NZ_CP037058.2_gap27	802767	804551	1784	TTTATAGGTTTTATTATTTTTTTCTTAAACAAGATTTACATGTTGCAGAGAAAGTAATTTTTGATAATCAAGTGGGAAAGTATTTATATGGAGTGTATTATAATCTTGGCGTTTTAAAATTTTATCAAAAAGATTATAAAGCTGCTGAAGAATATTTTGATAAAACAGTTTCTTTTATACCTTTTAACCTTGATGATAAAAGTAAAATGACTTTGGAAGAACGTGAGGATATAGCGAAAATGTATTTAAAGCGTGGAATTAATTATCTTTATTTAGGTAAATTTGAAAATGGACGGGAATCCATTTTGACTTCTTATTCTTTTTACGAGATTAATGAAGGTAAGCTTTATATTAATATGATAGAGATGCTTAAAGAAAGGAATTGAATTTTTGAAGTTAAGATTAAAATCTAGGGAAGAGATTGAAAAAATTAGAGCATCAGCAGTACTTTTGGCGCAGACTCTTTTAGAAATTGAAAAAAATATTGTTCCTGGAGTTAGCACTAGGATGCTTGATAAGATTGCTAGTGATTTTATTACTAAGAATGGGGGTAAAGCTGCTTTTAAAGCATATAATGGATTTAAGGGAGCTATTTGTGCTTCTGTGAATGAAGAAGTTATTCATGGAATTCCTGGAGCAAGAAAACTTAAAGAGGGTGATGTTGTTAGTATTGATTGTGGAGTTGTTTTAGATGGGTTTTATAGTGATATGGCTAAGACTTTTAAGGTGGGTAAAGTAAGTTCTGAGGTTGATAAATTATTGAAAGTGGGGGAAGTCTCTCTTTATAAAGGAATTGCTGAAATGAAAGTTGGTAATCGAATTTTAGATATCTCAAGAGCTATAGAAAATTATATCAAACCATTTGGCTTTGGAATTGTTCGTGAATATACAGGACATGGTGTTGGTTTTGCTTTGCATGAAGAACCAAGCATTCCAAATTATTATGAGCCTTTTTTTAAAAATATTAGAATTCAGGAAGGTATGGTTTTAGCCATTGAGCCGATGGTTAATTTAAAGGGACATAAAGTTTCTCTTAAAAATGATGGTTGGACAGTATTTGCATCTGATTTTAGCTGTTCTGCTCATTTTGAACATACTGTTGCTGTTGTTGATGGGGGGCCTTTGATTTTAAGCAAAATTTAGTAGGTATTAGTTAAATGTTATTTAAAAGATTTGGTTTATATTATGGAGGTGTATAAAATGAAGAAAAATTTTGTTTCTGTGTTTTTTGCTAGCTTATTAGCTTTAGCTACTGGATTTTTTGTTGGAATACATTATTTAGGGTCTGATAAAAATACTATTGTTTTTGCACAGGAAAAAAGCAACGATACTGTGCAGTCTCTTCAAGACTCCTTTAAAAGTGTATCTAAGAAAATTTTACCGTCAACTGTGGAAGTTTATGCTAATGCTGGGGTATCTAGAGTTCGGGATCCTTTTTTCTTATTATTTGATGTGCCGGGACTTAATATTGAGAGAAAGACATATCGAGTTGGTTCTGGAGTAGTTATTGGGAAAGATTCTAAGAAATCAAATTTATTTTATGCGCTTACAAATAGTCATATTGTGGATGATGCTACTGAATTTGATATTGTAACTTATGCTAATAATACTTATAGAGCAAAGCTAGTAGGTATGGATGATAAGAAAGATGTTGCGCTCATTAGTTTTGAGGCTAATGGTGCAGATATTGTAGTAGCTGAACTTGGTGATAGTGACAAACTTGAGGTAGGGGATTGGGTTATAGCTGTTGGGCATCCTCATAACTATAGTTTTTCAGTTACTGC
NZ_CP037058.2_gap28	814699	818283	3584	GTTAAAATTCCAATTACTAATTATAAAGATAGACTTATTCCTAATGAGCCTATGGTAACTCAAACAAGAATCATAGATACGTTTTTTCCAGTTGCGAAGGGTGGTACATTTTGTATTCCTGGGCCTTTTGGTGCTGGGAAAACAGTGCTTCAGCAAGTTACAAGTCGTAATGCTAATGTTGATATTGTAATTATTGCTGCTTGTGGTGAGCGTGCAGGTGAAGTGGTAGAAACTCTTAAAGAATTTCCTGAACTTATAGATCCAAAGACAGGTAAGTCATTAATAGAAAGGACATGTATTATTTGCAATACATCTTCTATGCCAGTTGCTGCCCGTGAAGCTTCCGTTTATACAGCCATTACTATTGCTGAATATTATAGACAAATGGGTCTTGATATACTTTTACTAGCCGATTCGACTTCAAGATGGGCTCAAGCTATGAGAGAAATGTCTGGTCGCCTTGAGGAAATACCGGGTGAGGAGGCATTTCCTGCTTATCTTGAGTCTGTTATTGCATCGTTTTATGAAAGGGCTGGCATAGTCGTTTTAAATAATGGTAATATTGGTTCTGTGACTGTGGGTGGGTCTGTGAGTCCTGCTGGAGGTAATTTTGAAGAACCAGTAACTCAAGCAACTTTAAAGGTTGTAGGAGCATTTCATGGGCTTACAAGGGAGAGATCAGATGCTAGAAAATTTCCAGCCATTAATCCACTTGAATCTTGGAGTAAATATAGAGGGGTTATTGATTTTGAGAAAACAGAATATGCAAGATCATTTTTAGTAAAGGGGAGTGAGGTGAATCAGATGATGAAGGTTGTTGGAGAGGAAGGGATAAGTAATGGTGACTTTTTAGTTTATTTAAAAGCCGAGCTTTTGGATGCATGTTATTTGCAACAAAATTCATTTGATAGTATTGATGCAGCTGTAAGTCTTGAGCGTCAAAATTATATGTTTGATATACTTTATGATATTTTGCAGTCAGATTTTAAATTTGAGAACAAATTGGAAGCAAGAAGTTTTATGAATGAATTAAGGCAAAATATTTTGGATATGAATCTTAGTCCCTTTAAGGAAGAAAAGTTTAGTAAATTAGAAATTACTTTAAAGAATTTAGTACGTTCTAAGAAGTTGGATTTTAGAGGTGCATAAATGAAGAGAGTATATAGTAAGATAGAATCTATTATTGGAAATGTAATAACTGTTGTGGCGCAAGGTGTTAAATATGGAGAACTTGCTATTGTGAAGTCAAAAGATACAAGTTCTTTAGCTGAAGTTATTAAGTTGGATAAGGATAAAGTTTCTCTTCAGGTTTATAATGGAACGATGGGTATTTCAACTTCAGATGAGGTTAAGTTTTTAGGTCATCCGATGCAAATTACATTTTCTGAAAATTTGCTTGGTAGAATCTTTGATGGAGCTGGAAACCCAAAAGATGGGGGTCCGCGTCTTGAGGATGATTTAATTGAAATAGGAGGTCCATCAGCTAATCCTGCAAAGCGTATTGTTCCAAGGAACATGATAAGAACAGGAATTCCAATGATAGATGTTTTCAATACTCTTGTTGAATCGCAAAAATTACCAATTTTTTCTGTATCTGGAGAACCTTATAATGATCTTCTTGTACGAATAGCTCTTCAGGCAGAAGTTGATTTGATTATTCTTGGAGGAATGGGACTTAAGAATGATGATTATTTGACATTTAGAGATTCCCTTGAGAAGGATGGGGCTTTAAGTAGGACAATCTTTTTTGTAAATACAGCCAATGATCCTGTTGTTGAGTCTTTAATAGTTCCTGATATTTCTCTTGCTGTTGCTGAGAAATTTGCTTTGCAAGGGAAAAAGGTTTTGGTACTTTTGACTGATATGACTAATTTTGCAGATGCTATGAAAGAAATTGCTATTACTATGGAACAAGTTCCTTCTAATAGAGGTTATCCTGGTGATTTGTATTCTCAGCTTGCATCTCGATATGAGAAAGCTATCGACTTTGAAGGAGCGGGGTCAATCACTATACTTGCTGTTACTACAATGCCTGGGGATGATGTTACTCATCCCGTTCCTGACAATACAGGTTATATTACTGAAGGTCAATACTATTTAAAGGGAGGAAAGATTGAACCTTTTGGTTCTCTTTCAAGGCTTAAGCAAATGGTTAACGGTAGGACAAGAGACGATCATAGAACGATTATGGACTCAATGATTAAGCTTTATGCATCTTCAAGGGAAGCTGTGGAGAAAAAAGCCATGGGGTTTAATATGACAGAGTGGGATGATAAGCTTCTTAAATACAGTAATATGTTTGAAAGCAAGTTGATGGACTTGTCTGTTAATATTCCTTTGGAGGAGGCCTTGGATTTGGGTTGGGAGATTCTATCTAATTGTTTTGAACCTAAAGAGACTGGAATTAAGACGGAACTTATAGAGAAGTATTGGCCTGGGAAAAAGGATTAGAAATGTCCAAACTTAAGTTAACAAAGAATGAGCTTAAAAAACAAAAAGATAACCTTAAGATGTTTAGTAGATATTTGCCTACTTTGCAACTTAAGAAACAGCAACTTTATTTGGAAATTAGGAAAGTTGAAGTTCTTAAAAGAGAGCGTAAAATTGAGCAAGATAAGCTTAAGAGAAATATTGGATCTTGGATTGCTTTATTTGGTGAGAGGTTTCCTTTTAGAGATTGGATTCAGATTAGAAGAGTGATAATAGTCTTTGTAAATATTGCAGGTATTACGATTCCTGTATTTAATTCTGTTGAATATGAGGATATTAATCATGATCTTTTATTAACTCCTTATTGGGTAGATGGAGGAATAGATTCTATTAAGAATATGATTAAGATAAATGTAGAGATTGAAGTTTTAAATGAACAGACTAGATTATTGGAGGCAGAACTTAATACTACTTCTCAGAGAGTAAATTTATTTGAGAAAATTATGATACCTACTGCTAGAATGAATATAAAGAAGATTAATGTTTATCTTGGTGATCAACAAACAGCAGCCGTTGTAAGGGGTAAAATGGCTAAAGCTAGCTTGATTAAGGGTAGATAGGGGGATTGTGTTTATGATTGTAAAAATGAAGAAAGTTTTGATTTTGACTTTATTAAAATATAAAAGAGAGTCTATTGAGATTTTAAGGGAATTAGGAGTTGTTCATATTAATTTTTGCAATAGAGTTTCAGAGTCTTTAGAAAAAGTTGTTGAAACAAGGGCAATTTTAGTTCAGGCTTTATCTTTGCTTGGAGATGATAGTGAGGTAAAAATTTTAAGTTCTTCAAATGAAAATTTTTTGGATGTTGCAAAAAGTATAGTTAATCTAAGTTCTGAGATTAAAGATTTGAATAACATGCAACAATCATTGCTTAATAAGAGAGATATTATATCTTGTTGGGGACATTTTTCGCTTGATTTGGTTAATAAATTAAGCGAAAATAACATTTATGTACAATTTTTTAAATCTGGAATTGATGAATATAAAAGATTGTTGGTATCTTCTGAAATTAAGGTTGCTATTATTAGGAATTTTAAAGGCACGGCTTATTTTGTAGCTATTAATGATTCTAGGCAAAAAATAGATACGGTTGA
NZ_CP037058.2_gap29	819746	823092	3346	ATTAATTGTTTTTGTTTCAGCACCATTGACACAAATAATATATGGTTATATATTGATGAATACTTTATCAGGCATAATGACACAGGCAGATCCTTGGTTATTATTTGGGGCTGGTTTTGGTGGTGGTCTTGCAATTTCTATTTCTGCTTTTGCTCAAGGTAGAACTGCTGCAGGGGCTTGTGATGCTTTTGCTGAGACTGGGAAGGGATTTGCAACAAATCTTTTAATTTTAGGTCTCATAGAGTCTGTTGCTCTTTTTGTAATGGTATTCTTGATGATATTTAAATTTGTTTAAATTTTGAAGGATTCAGGTATTAAATTTTCTCGCAATTTGTGAGAAAATTTAATACATATTATGAATATGTTAAGACTTTTTTTGTGCTTTTTTATTTTTAATTTTGTCTTTAATTTAAATTCTTTGCTTGTTAAGGAATTTCCATATTGGATTTTGCTTGAAAAGGGACGCCAACTTATTTATTCTAAGGAAGGATTTATTAAATCTAATCTTACTAGTGCAATAAATTGTTTGCAGGAAGCTTTGCTTAGAAAAGGAATATATCCTGAGGCTAATTATTATTTATCTATTGCTTATAGGATGACTGGAAATGTTGTATTAGAGAAATTACATCTTCATAAGGCTTTAGAATATAAAGATTATTTACTGGATAAGTCTTTTGAGAAAAATATACTTTTTTCTTTGGCTAAGATTTCTGAGCTTGAAAGTAATTATGTTGATATGATTGATTATTTAAATGAAATTTTAAATAAATTTTCAAATAGTGATGATTATTATAATTATCACTATGTTGTTAAAAAGTATGGGGATACTTCAGGTGAAAAATTTGATATGTCATTTTATTTACATTCTTATTTAAAGCAAGTGAGAGGAACGTCTGGTCTAGATTTTACTTTTAATCTTTATAGATTTAATAATTATAATGTTATTGATATTCATCAGTTATTATCAAAAACATATTCAAAAATTGGTGCTTATGAACTTGCAATTACTCATGGACTTGTAGCTGCAGTTGGTATTTTAACTAGAATATATGAATATGTTAATTATTATGAACCTCTTTATAAATTTAAAAATTTAAGATCTTTTGTTAAAAAAATAAATGAATACACTGATGTTAAAGCTAGTTTTGAATCTACAGATTTTTGGGAGACATTATATAATATTGCTTGTGCTACTTATAGTTATGATGATCATAAAAACAAATTAAAGGCTATAGATACTTGGAAATTAGTTATTGATCTTGCTCCTAAATTTTCTCCTTATGTTTTAAAATCGAAGATTCATATCAAAAATATTTTACTTAATAAAAGTGTATATTAGTATAATATACTAAATATTTATGTTTTATTTATTTTATTTAGGGGAGGTTGAAAGATTAGTTCTTATAAAAAAAATTTTTGCATTATTGCACATATTGATCATGGTAAATCAACTTTAGCAGATAGATTTATACAAAAGGCTCAAATAATCTCAGATAGAGAGTTTAAAAGTCAAATTCTTGATAGTATGGATATTGAAAGGGAGAGAGGCATTACAATTAAGAGTCAGGCAGTTACTATTGATTATAAGTGTAGTGATGGTAATATTTATGAACTTAATTTTGTAGATACTCCAGGTCATGTTGATTTTTCTTATGAAGTTTCAAGAGCAATTTCATCTTGTGAGGGAGCACTTCTACTTATTGATGCAAGCCAAGGAATAGAGGCTCAGACTGTTTCAAACTTTTATATGGCATTTGAACATAATCTTGAAATTATTCCTGTTATTAATAAAATAGATTTACCAAGTGCGAATGTTAATTTTGTAAAAGAGCAAATAGAGCATGATTTAGGATTAGATTCAAGTATTGCTGTTTCCATATCTGCTAAAAATGGAATAGGAATTGATGAATTACTTGAGGCTATTTGTAAATATGTTCCTTCTCCGAAAGGAAGTGTTAATAGTCCCTTAAAGGCTTTAATTTTTGATTCGCATTATGATTCTTATCGTGGTGTGATTGTACATTTTAGAATTTTTGAAGGTCAAATTAAAATTGGTGACAGGATTAAATTGATGTATGCAGGTGGGGAATATTTATTAGAGGAGATTGGAATTTTTAGAATAATTCTTGAAAGAAAAGATATTTTGGAAGCTGGTGATGTTGGTTATTTTATTGCGGGAATAAAGAATATATCAGATGTTAAGATTGGAGATACTATAACTCTTGTTGATAATCCAGCAAGTGTGCCTCTTGAAGGTTTTAAAGAAGTTAAGCCTGTGGTTTTCTCTTCTGTTTATCCAGTTGATGCTAATCAGTATGACGATCTTTTAAAGGCAATGGATAGACTTAAACTTAATGATGCATCACTTACTTTTGAAAAAGATGCTTCAGTTGCTCTTGGACATGGATTTAAATGTGGATTTTTGGGACTTTTACATTTAGAGGTGATTCAGGAGAGAATTGAGCGTGAATTTGATCTTAATGTGATATTGACGTCGCCGTCAGTTCGTTATAAAATTTTTCCTAAAAAGGGTAATCCTTATTTTATTGAAAATCCTGAGCAGTTTCCTGAAAATGAAAATATTGAAGTTTTTCTTGAACCTTATATTAGAGCTAATATTATTGTTCCCACTGAATTTTTGGGAAATATTATGAGTGTTTGTCTTGTTAAAAGAGGTATACAAGAGAATTTGATTTATCTTGATACAAAACGTGTTGAAGTTATTTATAAGATGCCACTTGCTGAGATACTTTTTGACTTTTACGATAAGATTAAATCTGTAAGTCGTGGATATGCTTCTTTTGACTATATGCTATTAGGATATGAGGAAACGGATTTGGTTAAGTTGGATATTTTAGTCAATGGAGATAGAGTAGATGCACTATCTCAGTTAGTCTTTAGGGATAGTGCTAGATCAAAAGCTATTAGTATTTGTAAAAGATTAAAGGATGAAATTGCAAGACAGCAGTTTAAAATAGCGATTCAAGGAGCTATTGGTTCGAATATTATTGCTCGTGAAACAATCTCACCAGTTAGAAAAGATGTTACTGCTAAATGTTATGGAGGTGATATTACTCGTAAGAGAAAGCTTTTAGAAAAGCAAAAGGAAGGAAAGAAGCGATTAAAAATAATAGGGAATGTTGAAATACCACAAAGTGCATTTCTTGCTGTTCTTAAATCAGATGACAATTAACATGATATTCTAATGATTTTAGTAAACAAATTATCAAATATTTAATTTTAGTGAAATATTGTAAAATTGTTTTGAAGTGTTATAGAATTATTTCATACTTATAAAAATAGTATATGGAGATAGTTTATGCTTAAACTTAATAAGGTTGTTCTT
NZ_CP037058.2_gap30	868583	869616	1033	ATCCCTTTTTGGCAGATCGCAGAGTTTATTTGTTTTCTTTGCGTTCAGCTGAAAATTATTCTACTAATTCTGATAATTTAATTAAAGAAGATCGTGTTTTTGATAATCTTTATCAGGCAAATAATAAGTTGGTATTAGATTATGTTTTGAATAAAAATGATTTTAAGGATAATTTTTATGAAGCATTCTTTTCTTTACGGGATTTTAGCTTGAAAAATGAGTAATTAGTATGTTCAGGTCACTTATACTATTATTGGGTTGAGATAAATAATAAATGAAAATCATTTAGTATGTGTTTTACAAAATTGATTTTATTTCTTTTTTTTATTTTGTTTTCTTGTGTCAAAGAAAATAAGGATTTTATTGTTTTTAACAAAGAGATGAAAAAACTTAGCGAAGTGAGTTATTCTGATGTAGATATAAGTGAAAATAGTGGAGAAGATGTTTTTGGATCTCTTATTGATCTTAAGGGCTATAAGATTCTTTCAGTTCATCAGGAAAATTTAAATTTAGATGTTTATTTTGAGCAAGTGGTTTTAGCACAGAATTTTTCAGATTTTAAGACTTATTTGTTTATTATTGGATTTGATCCAAAAAGCCATGAGGCAGTTGTTCTTTTTAAAACACAGGTAGATATTGATTCTAAAAATTCTTACAATATGTATCTTGAAGATATTACTGGTGATTATTACTTGGATATAGTAGTTCAAGGCTTTTTGAATGAAGATTCTGTTTTATATGTCTTTCAGAGATCAGTTGCAAATGATGTTGCATCTTATAGGCCTATTTTTTTTGATAAAGTGAATGGAAGTATTATTATAAATAAGTATGATAGGTCTTCAGCTTATGATGATAAGAAGTCAAGGGAGAGTTACTCTATTTCTTTAGAGAGATATGAGAGGCAAGGTGAGGATGTGATAGTGAGTAAGATAGAAAAGTATGAGTACTCTCAATCCCAAGGGAAGTATTATCCTTTATCTGCTAGTGAAAAGGTCGGTCGGATAGATAATAATATATATAAAACTTTAAAGAA
NZ_CP037058.2_gap31	906058	906558	500	CCTTAGGTAGCAGGACTTTTGGACCTTCATTTTATAATATTGGTCTTATGGTAGAGGCATTTATTGATGGGATACAAAAGGAAGGTGTTTTTTCTGTAGTTAAACACTTTCCTGGACTTGGAGGTACTAAAGTAGATACTCATAAAGATTTGGCTTTATTACCGTATAGTAAAAATTTTTTGATGTTGAATAATTTTGTACCATTTCTTTTTGCTAAGAAAGCAAAATTTATTATGCTTGGCCATGTACTTGTTCCTAAGATTTCTGCAAATGTAAGTAGTATGTCAAAAGATATTGTGGATATTATAAGGTATAATTTAAATAATGTAAGTATTATAATTACAGATGCATATGATATGGGAGCAATTGTAAATAATTTTAGTCTAAAGGATGCAGTGATGAAATCGTTAAGTTCAGGTATTGATATTGTTCTTATTCCAGAAGGATTTGAGAGAGTTAAATAAAATGAGTTGTTATTTATACTATTAAAATTTAAACTT
