gap_id	start	end	length	sequence
NZ_CP030361.1_gap1	18756	19806	1050	GCCCGTCGAAGAGATTTATTTTATCAGTCGCTTCGCTCGTGTCTCGGCTCCGCTTCGCTGTGCTCGGAATGACTCATCAGTACCGTTCGTGTGCGGTCTACCTGGGGGGAGGAGGCGAGGCCCGAAGGGCGGGCACGCGTTCCCCATCCAGCCTCCGGAGGTGCAAGACGCCCGGTCTGCACCTCTGCGGTCCGCCCCATATATTGACACGCGTCCTGTCCTTCCAAGCGACACGTCTCTCGTCATGACCTGCGTTCGTTCGTCGCTGCTCGCGACGCTCCTGGTGGGCGGCCTGCTCTGGGCGGGCTGCGCATCGGACTCGGCCTCTAATTCCGAGCCCACCGTCTCCCCCACCGATACGATTGCGCCCGAGACGCGGGCCGACTCGGTCGCCTACCGGCTCCTCCAGGCCCACGGGATCGACGCGTGGGCGTCGTCCCCGTACCTTCGGTTTAACTTTGGCATCGAGACCCCGGGCGGTGCCCAGACGATCGCGCGACACCTCTGGAACCGAAACACGGGCGCGTACCGGATGGAGTGGTCGGCCGGCCCGGATTCCTCCTACGTGGCGCTCGTCAACGTTCGGGACCCGCAGGAGGGCCGCCTGGGCGGCACGGTCTACCTGAACGGGAGCGAGCTGACGGGAGCGGCGGCGGAAACCGCCCGCGAAGAGGCCTACGGCCGGTTCGTGAACGACACGTACTGGCTGTTGGCCCCCCTGAAGGCCTTCGATCCGGGCGTCAACCGCACCTACGTGCCGGACTCGTCCACGGCCGAGCACGACGTGATCCAGCTCACCTTCGACGATGTGGGGCGCACTCCGGGCGACCGGTACTGGCTCTACGTGTCGACCGAGACGGGCCGGCTCGACCGGTGGGCCTACCACCTCCAGGGAATGCCGGAGGACGCGCCGCCGCAGTTCTACGACTGGACGCAGTACCGGGAGCTGTCGGCAGCGGACGGAACGGTGCGCCTTGCGTCGCGCAAAGAGGCCATCGGGGCGGAGCAGGCACTTCTCACCAATCAGTTGGCGCTGCCCGAATCGCCCCC
NZ_CP030361.1_gap2	25194	27155	1961	ACCCAGGAAATACGGATCGAGGGGAACGGGCTGATCGGGAAACTCCGCGGCGACCTTGAACCCCTTATTGTCGTCCTTCCACTTGTCGGACTGGTCGAGGTAGTCGCGGACTGAGATATCGGCAATCGACCCCCGGTCGCGCGCCCCCTCTCGACGGCTCTTCTTGAGCGATAGAATATGACTCTCGTTCACGCGGTAGTCCATTCCCCGTTTCTGCCGAACCCAGTACATTTGTTCTCGGCCACGAGCAAGAGACTGCACGGTCCGCGGTGACCCGTCGTCCCCCATGAGCCGATCACCGACTTCCACCTTCTCCACGGGCTTGGTGCGTCCGTCGTACATCATCACCGGTGTGCCTTTCCCCAGGCACTTTCCCATGGAGGGCCGCGCGGCGATGATGATGAGGTCGGAGTCCTGCCAGCCGCTCGTGAGGTCGTCGAGCTTGGGAAAGCCGCTGGGCACGCCCGTAATGCCGCCGTCCTGGCCGTGGATGGTCTCAAGGCGCTCCAGGGTATCTTTCACCACCTCGTTCATCGGGGCGGCGGCCTTGCGGAGCTGGTTGTCTGAGATCTGAAAGATCTTGCTCTCCGCCTCGTCGAGCAGTTCGAAGGCATCGGCCCCCGGGTCGTAGGCCTTCTGCACGACCGTCGTCATCGTCTCGATCATGCGGCGGAGCAGCGACTTCTCCGCGATGATGCGGGCGTGGTACTCCACGTTCGCCGCGGAGGCGACCTGCGTGGTAAGCTCGGTCAGGTAGTAGGCCCCCCCAATCTCCTCCAGCTTGTCGCGGCGCCGCAGCTCCTCGGTGAGGGTGACGAGGTCGACGGGGTTGCCCCGCTCGAAGAGGTCCTGGATGCAGCCGTAGATGCTCTGGTGCTTGCTCTCGTAGAAGGCATCCGACGGAAGGATCTCGATGGCCTGCGGAATGGCCTCCCGCTCGATGAGCATGGCGCCGAGGACGGACTTCTCCACGTCGACGGCCTGCGGCGGGACGCGCCCCGACTGCTCGTGGACCGCCTGTGCCTGTTCTCGCTGCTGCTCGCCCGTGCCGCCTCGCATCTTCTCGAGGGGGTAGGACGACTGGGACGACTCGTCAATATTGAACCGCTGGGAGTCGTCGTTTTCAGCCATGAACGGAAGGAAAAAGACTTGGGGAGAAGAAAAGACGCGTCCGTTCGCAGGGTCCAGAGTCGGGAGCGCTCCCCGGACAAGAAGACCGGCGCGGGGGCGATCAGGTTTCGTCCGTCAACCTTCGTCCGTCAACTGGTCGTAACGGGTGCGGAGCAACTTGACGTCCTCCCACGTGGGCCGCTTCCACTGCGAGTTACGCAGGAGGGCGGCCGGGTGGTAGGTCGCCATCAGGGGAATGCCGTAGAAGTCGTGCTCCTGATCCCGCAGGTTGGAGAGGGAGGAGCTCCGATCCAGAAGCGTGTTGCCGGCCACCTTGCCCACGGTGAGGATGATCTTCGGACGGAGCAGCGCGATCTGCTTGTAGAGCACCGGCAGGTGTGCGTCGATTTCTTCCGACTTCGGGTTGCGGTTGCGAGGGGGGCGGCTTTTCAGGATGTTAGTGATGTAGACGTCCTCCCGCTCGAAGTTGATCGCGTCGAGAATCTTATCGAGGAGCTGCCCGGCCCGGCCGACGAACGGTTCGCCCTCTTCGTCCTCGTTGCGTCCGGGCGCCTCCCCGATGATGACGAGGTCGGCCTCGGGGTCCCCAACGCCAAAGACGGGGTTTTCCCGATCCTCGTCGATCGGCACGAGCACGTTGTCGGCGAAGTACTGCTCCACCTCCTCCAGCGTGTCGGCGTCCTTGTACGGGGCGTCGTCGGGGATGAGGGCCTCGATGCGCTCCGGGGGAGGCAGGGAGGGGTCCTCGGCGGGGTCTACCTGGTTGCCAAACAGATCGTAGTTGGGCATATCGGGATCGGATCCAGCGTCGTCGGGGGCAGCGTGTGAGG
NZ_CP030361.1_gap3	57747	61350	3603	GAGAACGAGTGCTCTGGAGGTGCAGAGGGCGGCATTTTGGACAAAACACGTGTCGCAGGCATCGCCGTCGGGGCCTCGCCTAGACAAAACACGTGTCGCACCCCTCTCAGGGCCTAAAACTGTAGATTTGCGGGGACGAGAGGCGGCCCTTCGCCGATGTTGGGCACACGGTGGGGCGTGTTCCGTTAGGAGCATGCGCCGGTTTCATCCGGTCGTTTCCGTAGATTTTCGCGCACGAGTCTGGTTCGGGTCATGCATCAGGATTACTTCGAGCACGATGTCATTGTGGTGGGCGGGGGGCACAGCGGCAGCGAGGCCGCGGCCGCGGCGGCCAACATGGGGGCCGACACGCTCCTCATCACGATGAAGCTGGCGGACATTGGACAGATGTCGTGCAACCCCGCCATCGGGGGGATCGGCAAGGGCCACATTGCACGTGAAATCGATGCGCTCGGCGGCATCATGGGGAAGGCCACCGACCGGGCCGGCATCCAGTTTCGGATGCTCAACAAGAGCAAGGGGCCGGCCGTGTGGGGGCCGCGGGCCCAGTGCGGGCGCCGCGCCTACGCCCGGGTCATCCGGCAAGAGCTGGAGGCCATCGACAACCTGAAGATGCGGTCGGACATGGTGAAGGAGATTCTGACCGACGACGCGGGGGAGACGGTGACGGGCGTGCGCACGAATCTCGGCAAGGAATTCCGCGCCCCCTGCGTGGTCCTCACCACGGGCACCTTCTCGAACGGCGTCATCCACGTCGGCGAGCAAAACTTCGGCGGGGGGCGCATCGGGGAGAGCGCCTCGCACGGCATCACGGGCTGCCTCCACGACCTCGGCTTCGAGAGCGGGCGGCTCAAGACCGGCACGCCGCCCCGCGTGGACGGGCGCTCCATCGACTACAGCGTGATGGAGAAGCAGCCGGGCGATCCGGACGCGACGGCCTTTTCCTTCCTGACTGACGACCTGCCGTCGGTGGAGGCGCAGCTTTCCTGCTGGCTCACCGACACGACGCCCGAGACCCACGAGGTGCTGCGCACCGGCTTCGACCGGAGCCCGATGTTTACGGGGGCGCTCGACGCGGACGGCCCCCGCTACTGCCCGTCCATCGAGGACAAGATCGACCGGTTCTCCGAGAAGGATCACCACCAGCTGTTCATCGAGCCGGAGGGGCGGGACACCCACGAGGTGTACGTCAACGGCTTTTCGTCGAGCCTGCCGGAGGAGGTGCAGTTTGAGGCGCTGCGCACCGTTCCGGGCATGGAGGAGGCCCACATGCACCGGCCCGGCTACGCGATCGAGTACGATTTCTTTCCGCCCTACCAGATCGAGTACAGCCTGGAGACGAAGTACGTGGACGGCCTCTTCTTCGCCGGACAGATCAACGGCACCACCGGCTACGAGGAGGCGGCCGCGCAGGGCATCATGGCGGGCATCAACGCCGTGCAGAAGCTTCGGCAGGCCGACCCCATCGTGCTGAAGCGGTCGGAGGCCTACATCGGCGTCCTCATCGACGACCTCGTGGCGAAGGGCACCGACGAGCCGTACCGCATGTTCACGAGCCGCGCGGAGCACCGCATCCTGCTGCGCCAGGACAACGCCGACCAGCGCCTCACGGAGCTGGGCCACAAGCTGGGCCTCGCCTCGAAGGAGCGCCTCGACCGCACGCGGGAGAAGGAGCGGGCGATCGATGTTACACGTGAAACATTGTCCGACACGACCGTCAGCCCCCAGCAGGTGGACGACTACCTGCAGTCCGTGGGCACCTCGACGCTCAATCAGCCGCGGCCCGTGATCGAGCTCTGCAAGCGTCCGGAGGTCGACTCCGAAGATCTTCTCCGCCACGCCGGCATCTACGACGAGGTGGTGACGGAGGCACCGGGCATGCTCAGCGCGCCGCGCCTCATCGAGATTGACCTCAAGTACGAGGGGTACATCGACCGGCAGAAGGACATGGTGGAGGAGATGGAGGAGAAGGAGCGCTGGCCCATCCCCGACGAATTCGACTACCACGCGCTCGACAACATCTCCATCGAGGCCCGCCAGAAGCTAAGCAAGGTGGAGCCGGACAACCTGGGCCAGGCCTCGCGCGTGCCGGGCGTCCGCGCCTCCGACATCTCCGTCCTCATGGTGCTCCTCAAGAACGAGGGCGTGGAGCCGATGCCGAAGGACCGCGACCTGAACCTCGACGCGATGGGGGGTGACGGGCAGTCGTTCGGTGTTTCACGTGAAACGGCGGTCGAGGTGGGGTAGAGGGCGTGGTGCGTATTTCGTATTGCGTGGGGCGTGATGCATGAACCCTCCTACTGGTCGGTGGTCTTCTGTTCATGGAGAATCTTGCCTGGAGTCCCTTCAAGAGCCTGACGGCGGAGCAACGAGAGCAGCTCGACCGCTTTCGGGAGCAGCTCCTCCGCTTCAACCAGCGGGTCAACCTCATCTCGCCGGAGACGGAAGGCGCGTTTCGGACGCGGCACCTGCTGCACTGCCTGACGCTGACGGCCCGCGACTTCCCGGCGGGGTGCACCGTCGTCGACTGGGGCACCGGGGGCGGGCTGCCCGCGATCCCGCTGGCAATCTGCCATCCCGAGGCAACAGTCGTCGGCGTCGACTCGGTGGGGAAGAAGAGCCGGGCCGTGCGCACGATCGCCCGGCGGCTGGGGCTCGACAATTGTTTCACGTGGAACGGGCGGGCCGACGAGTGGCCCGGCGAGGCGCACTACTCGGTGTCCCGCGCCACGGCGCCGCTGGCCGACCTCTGGGCATGGCATCGTCGCGTGGCCGTTTCGCCCGACGACCCGAACGGCGACGCGTGGCCGCCGGGGCTTCTCGCGCTCAAGGGCGGCGACCTGAGCGACGAGGTGGCGGCCCTTCACGCCGCGGATCCGGACGCACGGGTTGAGCGCCACTCGCTGAACGACCTGCTCGGGCGGAACGGGTTCTTCGGGGAAAAGGAGATTGTGGCGGTGCGCTCGTAGCGTGATGTTTCACGTGAAACGTCGCGCGTGCCGCTGCCCGTGACCCTCTGCACGACCCGCTCACCTCCATGCGTCGCGCAATGATCAACACCGCCCTCGGGCTCGCCGTCGGCTACGCGGCGATCGCCGGCCTCGCGTTTGCCTTTCAGGACCAGCTCCTCTTCCAGCCGAGCGATCGCCTCCGCGCCACGCCCGAGGATGCGGGGATGCCCTACGAGACGGTCCATCTGAACACGGAAGATGGCGAGACGCTCCACGGCTGGTGGGTTCCCGTCCCCGATGTTTCACGTGAAACGAGCCCCGGGGCGTCCGCGAAGCAAACGCTCCTCTTCTTCCACGGCAACGCCGGCAACATTTCGGGGCGCCTGGAGAGCGTGGAGCAGTTTCGTCGGCTCGGGCTCAACGTCCTGATCGTCGACTACCGCGGGTACGGGCAGAGCACGGGCACGCCGTCCGAGACGGGCCTCTACCGCGACGCGGCGGCCTGCTGGCGGCACCTGACGGAGACGCGGGGCCTCGCGCCCCAGAACATTGTCGTCTTCGGGCGCTCGATGGGCGGTGGGCCCGCGACCTGGATCGCGTCGCGGAAACGGCCCGGGGCCGTGATTCTGGAGTCGGTGTTTACGAGCGTGCC
NZ_CP030361.1_gap4	78692	79550	858	GAGCTGCCGCACCTCCTCGCGCGAGAGCACCGTGGGGAGGCGTTTGGGCCGGTCAGCACGGTCAAGGGGACCAACGTCATCGAGTTGCACGCCGAGCACCTGTTCGTAGAGGAAGATCAGGGCGCGGTCTAAAACCACTTCCGCCCTCACGTTCGTTCGGTCAGGGCGTTGAGGGCCTGGTTCTGCGTGGAGGCGGCCACGTTGCGCTCCGACGCGAGGTGACCTAATACCAATTACTTAGGATGACAGTACGCTTGTAGCCTCTACCAAGTACTCGTACCCGGTCAGTGACCTGACAACCTCATTGGTGTAGCTGCGAAGGAGTGACGATGGGCACGCTCACGACGATGGTCGGGTTTGGGGGGCTGCTTCTGAGCTTCCACCCCGGCCTCAACTCGATGGGCACCCTCGCGGTGCTGGGGCTGGGCACGACCCTGCTGGCGGCGGTGGGCTTCCTGCCCGCCCTCTGGCAGTGGCTGGAGGATCGGGGGTTTTGGGGGAGTGTTGAGCGTTGAGGGGTGAGCGTTGAGGTTGAGAGGGGGCGGGGAGCTACGTCGGGTCTTCGGGCAACGTGTCGAGGGGGCTGGTGACGCCGTCGTCGCTCTGCTCCAGGACGTGGACGTACTGCATGGTGGTGCGCAGCTGCTCGTGCGCGAGCAGCTTCTGGATGGTGCGCACGTCGGTGCCGTCCTGCAGCCGGTGCGTGGCGAACGAGTGACGAAGGGTATGGCAGGTGGCCCGCTTCTCGATGTCGGTCGCGTCGGCGGCCTTCTTGACGGCCCGCTGCACGGCCGAGTCGGAGCGGTGGTGGCGGCGGACGGCCCCACTGCGCGGGTCCTCCGAGAGGGTCGTGGAGGG
NZ_CP030361.1_gap5	85825	87964	2139	TCGTAGTTCTCCAGGAAGACGACCTTTCCCTCAAAGCCTGCTTCCTGACTGAGGGCGTAGATGCGCCGAATGAACTCCTTGCCGGCGTCGTCGTCGGGGTGGGCCTTGCCCGCGTAGAGAATCTGCAGCGGGCGGTCCGCGTCGGAGAAGAGGGCCCGGGCGCGCTCCCGATCCCGAAAGAGGAGCGGGGCGCGCTTGTAGGTGGCGAAGCGGCGGGCGAAGCCAATGGTGAGGGCCTCGGGGTCGAGGTCGAGGTGCATCGGAAGGCTCTGTGCCTGCACCTTCTCCGCGACGTAGTTGAGCAGGCGCTCGCGGAGCGAACACCGGAAGTCCCAGAGCGTCTCGTCACTCAGGTCCGCGAGGGCGGCCCAGTCGTCCGGGTCCTGCGCCTCCGTGAGGTCGACGTGGATGTGGTCGGCGAAGAAGTCGCGGGCCGGCCCGGCCGTCCACGTGGGGAGGTGGACGCCATTCGTGATCGCGTCGATGGGCACCTCGTCCAAGGCGCGATCCGGGTAGAGGTCCTCCCACTGCTGGCGCGCCACGTGGCCGTTCAGCTCCGACACCCCGTTCGCCGCCCGGGACAGCTTGAGGCCGAGAACGGTCATCGTGAAGGTCTCCTCGTGGTCGTCCGTGTGGACGCGGCCGTAGCCGAGCAGGTCGTGGTTGCTGAGATGAATTTCGTCCCGGAATCCGGCCATGGCCTCCGAGAAGAGGTCGGGGTCGAAGTGGTCGTGCCCGGCCATCACCGGCGTGTGGGTGGTAAAGACGCTTCGGTCGCGCACCCACGTCTCGGCCTCGGCCACGTCGTCGCCCGCCGCCAGCCGCTCGCGCAGCAGCTCCAGCATGAGGAACGCGCAGTGGCCTTCGTTGGCGTGGTACACGTCGGGCGTCACGTCCAGGGCCCGCAGCATCCGGAGCCCCCCGATGCCGAGGACGATCTCCTGGCGGATGCGCTCGTGGTCGCCCCCCTGGTAGAGCCGGCGCGTGAGGGGCCGGTACTCGTCCGGGTTGGCGTCGAAGTCCGTGTCGAGCAGGTACAGGTCGGTGTGCCCCAGCGCCACCTTCCAGGCGCGCACCGAAATCTCGTGGGTGCCGATGGGCACCGTGACGGTCAACGGATCGCCGCCGCCCTCCGAAACGAGCGAGACGGGGTGCTTGGCCGGGTCGAGCACCGGATACGTGGCCTCCTGCCAGCCGTCGGCGTCGAACGACTGTCGGAAGTAGCCCTCCCGCAGGAAGAGGCCGATGCCCGTGAAGGGAAGGCCCAGATCGGAGGCGGCCTTCGAGTGGTCGCCGGCCAGCACGCCGAGGCCGCCCGAGTAGAGCGGCATGCTCTCGTGGAGGCCGTACTCCATGCAGAAGTACGCCGTCTCGGGGGCGTCCTCCACCTGCGGCGTCCGCTCCATGTAATCCCGGTAGCGCTGGTAGACCGCGTCGACATCGTCCTGGAAGGACGAATCGTTGAGCACCTCGTCCTTGGCCGTCGCGAGGGCGGCCCGAGGGTTGTCGTCCGACGCCCGGTATACCTCAGGATTGAGGCGTCGGAAGAGAGAACGGGCGTCGGGGGTCCAGGTCCACCAGAGGTTGGTGGCGATGGACTCGAGCTTGTCGCGCGACGTCATGTGGCCGAAAGACATAGAAGGAAGGACGATGAGCAGACGTGGCGTGTTGCGGATACACTGGGAGCCCCGAAGACACCCCATGTATAAGGGTCGCAGTGCGGGACGGATTTGCCAAGTGCCTGGCGTGAAAATCTAATGACCCCCCAATGCAGAGGGAGCGGCTTCAATGCAGAGGGCGCGGCTTCGGCACAAAAAGCCAGTCGCCCGGACGGGCGCCCCGATTGCTGTGAACCGGGAGACACGGGAAAGTGTCCGCGGGGCCCTGGTGAAAACGACGTACGCTGGGGCAAGAGGAAATGAAGGAGGAAAAAAGTTTCGTTTCTACACAGCCTCGGCTCCGCATACCGTTCCCGGCCGGAACGCCTGGGGGCACGCGTGGGAGAGAACCGCCGTTGACGGCGCCGCCCGATTCAGACGGGGGCGCATTGGCACACGTTTTTCTCTATGTTGGCACCCATCGTCCCGCTTCATCCATCTGCCGGCGCTCGGACACACATCTGCGCGCCGGCGAACCGCT
NZ_CP030361.1_gap6	92318	94023	1705	ACGTGCCCCCCACGTGCCTCCGTTCGAGGAGGGCGACGTCGTGGCCGGCTTCGGCGACGGCGCCGGCGAGGGGCCCGCCGCCCTGACCGGCGCCGATGACGATGAGGTCGTAGGAGACTGGATCTGTCATTTTGGGAAGCGGTCGAGGGCTGAGGGAAGCGAGGAGCAGCCGGGCGCGGGCTACGAGGAGGAGGTCGCCTCGGCCCGATGAGATCGGGTGCGGCCGGTCGAGGTCCAGGTGGGGAGGAGGCGGTCTACCGCGTCGGGGCCCCACGTGCCCGCCTCGTAGGAATGCACCGGGAGGTCCGTCTCCAGGAGGGGCGTATAGAGTTGCCACGAGGCCTCCACCTCGTCGGCCCGGACGAAGAGCGTGGGGTCCCCAACGATGATGTCGCGCAGGAGCGTCTCGTAAGCGTCGGGGACGGGACCGAACGCGTCCTGGTAGGAAAAGCTGAGCTGCTGCGTCTCCAGGGGCATCGAGCCGTCGTCGCTGTTGCCGGGGGCCTTCACCTCGAAGCGCAGGTCGAACCCCTCGTCCGGCTGCAGCGTGATCAGCAGCTCGTTCGGGGCGGCTTCACAGTCGGCGTCCCGTGGCACACACGGCCCCCCGTCCGCCTGGAAGAGCGACACCGGCGCGCTTTGGAAGCGCACGGCGATCTGGGTGAGCTTGCGGGGCAGCCGCTTGCCCGTCCGCAGGAAAAAGGGCACGCCCTGCCACCGCCAGTTGGCCACATTCAGGCGCATCGCGGCGAACGTCTCGGTGTCAGAATCCGCTGGCACGTCCGGCTCGTCCCGGTAGCCGGGCACCGGCTCGCCCCCCATCGTGCCCGCCCGGTACTGCCCGAGGGCAACGTCGGCCCTGGGGTCGGGCTGCTGCACCGCATTCAGAACCTTCACCTTCTCGTCGCGGATGGCGTCGGCGTCCATGCTGGCGGGCGGCTCCATCGCCACCAACGACAGGAGCTGGGTGAGGTGGTTCTGGACCATATCGCGCACGTGGCCGGACTGGTCGTAGTAGCCGGCCCGCCCGCCCACCCCGAGCGGCTCGGCGACCGTGATCTCCACCCGATCGATGTGCTCCCGGTTCCACATCGACTCGAAGAGGGCATTCCCGAACCGGAAGGCCATGAGGTTCTGGACGGTCTCCTTGCCCAGGTAGTGGTCGATGCGGTACACCTGGTCCTCGTCGAAGTGCTGGTGGACCCGCTCGTTGAGGCGCTGTGCCGAGTCGAGGTCGTGGCCGAACGGCTTCTCCACGACGACGCGGCTCCAGCCCGAACTCGTGTTCAGGCCGACCGCCCCGAGCCCCTCAATGGCCTGGGTGTAGATGCTGGGCGGGAGGGAGAAGTAGAAGACCCGGTTGCCGGTCAGGTTGCGGTGCCGCTCCAGCTGTTCTACACGCTCACGCAGCCCCTCGTAGTCGTTTCCCTCGGGCCCGAGGCACTGGTAGTGCAAGTTTCGGGTGCACCAGGCGTCCACCGTCTCCTCCGCGTAGCCCTGCTCGCGGAGGGCCGTCCGGGCGGCCTCCCGAAACCGCTCGTCGGTCCAGTCCGACCGGGCCGCGCCCAGCACGACGCACCGCCGGGCCACGTCCTCGTCCTGCATCAAGTGGTAGAGGGCCGGGATCAGCTTCCGCTTCGTGAGGTCGCCGGTGGCCCCGAAGATGACGAAGAGGTGGGGGTCAATCTGAGACATATCCGGAGTG
NZ_CP030361.1_gap7	101266	105086	3820	GATGCGAACTGGCGGGTGGTGCCGGTGCGCTCTACGGCCGAGGCCACGCTGGAGGCCCTGCCCGCCGGCACGGACGCGGCTTACCTGGCGACGCCCCTGCCGCTCTCGTCGGTGGAACAGGACCGTCTCATTTCGGGCCTGCGTGCGCGCCAAATTCCAGCGGCCGTCCATCGGGGACGTGAACTCGTGGACCGGGGGGCGCTGACGACGGCGTCCGCGCCGTCCGTTGCCCCCGTTCCCCGACGCACGGCCCTCCACGCCGCCGACGTGCTCCGGGGCGCGGCCGCCGGGTCGCTCGCCGTGGCGCTTCCGTCCCCGCGCACCCCCTACGTCAACGAGGCGACGGCCCGGCGGCTCGGCCTCTCCGTGCCGGACGCCCTGCGCCTGCGGGTGACCCTGACCGGCACGCCCGCCCCGGCGCCCACGGACTCGATCACCTACGCGCAGGCGGTGCGCCGGGGCATCGGCGCGAACTACGGGCTGAACGCCCGGCGGTCGGGGCTGGAGGCCGCGCGTGAGGACGTGCGGGTCGAGCGGGGCGACCTGCTCCCGCAGGTGCGAGTCGGGGCGCGGGCGCGGCAGGTGGACGCCGACCAGGCCGCCGCCAGCTTCGGGGCACAGCCCGAGCGGACGCTGAGCGGGTCGGTGTCGTTCTCGCAGACCCTGTTTTCCCCCCAAGAGTGGGGCGACCTGGCGATCGCGAAGCGCCAGCGGGCGGCCGACGCGGCCAGGGTGGAACGCTCCGAGCAGGACCTTGCGCTCCAGGTGTCGAGGGCCTACGTCTCGGTCCTGCAGGCCCGGGCCCGGGCCCAGGTCCGTCGGCGCGACCTCACTCTCAGTCGCGAGAACCTGTCGCTCGCCCGGGCCCGCCAAGAGTCTGGCCAGGTGGGGCGCCAGCAGGTGCTGCGCTTGAAGACCCAGGTGGCCCAGGCCCGGCGCACGGTCCTCAATGCTGAGTCGCGCGTCGAGGTGGCCCGGACCCGCCTCGCGCAGGTGCTGGCCCGATCCCCCGACGAGCTGGTGGGGGTGGCCGGGCTGTCCCCCTCCGACTCCATCCTGACGCTTCCGGAGTCGGTCTTTGCGGCGTACGGCCACACGTCGGCCGCCCGCCAGCGGCTCACCGACTTTCTGCTGGAGGAGGGGCTGTCGAATGCCCCTGAACTGCAGGCGCTCGATGAACAGATCGCAGCGGCCCGGCGGGGCGTCGAGGCGGGACAGCAGTCGTACTGGGCGCCCACCGTGGCCCTGGAGGGGCAGCTTAGCAGCCGCGCGCTGGAGGGCGGGGCGGGCACCGAGTCGTTGTCCCTGCCCGGAGGCCCCCCGGGCGGGGCTGCCCTCCCGCAGGCCCCCAACACCACCTGGAACGTGGGCCTTTCCCTCAGCCTGCCGCTCTTCACGGGCCTCAAGCGCGATGGGCAGATTGAGCGGGGGCGCGCCCGGCTCAGCCAACTGAAGGCCCAGCGCCGGGAGGTCCGCTCCAGCCTCGAGGAACGCATCCGGTCGCGAACCGAGCAGGCCACGTCCGGCTACCTCAGTCTGCGGGAGGCGGAGGCCGGCCGGCGCACGGCCCAGGAGACGATCGACCTCGTCCAGGACTCCTACACCGCCGGCGCGGCCGACGTGCTCGATCTTCTCGACGCGCAGGAGGCGGTCCTCAATGCCCGTCTGGCGGAGGTCGACGCCCGCTATTCGTTCCTGCTCCGTCTCCTGCAGACCGAGCGGGCCATCGCGCGCATCGGGCCCCTCCAGACCGCCGACGAGCGGACGGCCGTCCGCGAGCGCCTCCGTGCCTTCATGGACGGGGGGCGGTAGGGGACCTGCCCGTTTCCACTGTTTTCTTCACCGACGCCACTCTCCGTCGATGCCTACGTCTTGTTTTTCGTTTTCGCGCGTCTCCGTGCCATCGGGGATCGGGCTTGTGCTCATGATTGGCGCGGCCGTGCTTCTGAGCGCCTGTGGCGCCGAGAGCGCGTCCGCGCCGCCGCTGGAGCCGCCGGTGCGTCCGGTCAAAATGCATACCGTCCAGGAGGCGGGGGCGACGCCGGCCCGGGAGTACCCGGGCACCGTCTCGGCGGCCGAGACGGCCACCCTTTCGTTCGAGCTCCCCGGGACGGTCGTCGACCTGCCCGTGCAGGAGGGCGAGCGCGTCGAGGCGGGGCAGCTCATCGCCCGCCTCGACGGCACCGACGCACAGTCGCGCCTGCAGTCCGCCCGTGCGACCCGAAACGCGGCCCGGTCGGCGTACGAGCGGGCCAAGTCCCTGTACGCACAGGGCATCGTGTCGCAGCAGCAACTGGAGGCGCGGCAGCGCGAGTACGAGGTGGCCCAGTCGCAGCTCGAGCAGGCCCAAACCCAGGTGGGGGATACGCGCATCACCGCCCCGTTCGACGGGCGCGTGGCCAAGAAAATGGTGGAGCTCAACGAGAACGTGGGGCCGCAGCAGCCCGTCGTGACGGTGCAGGACCTGTCCCGGATGGAGGTGGTGATCGACGTGCCGGAGCAGAGCCGGATGCGCCGCGCGCTGCAGTCGGAATCGCTCGCCGTCACCTTCTCGATGCGTCCGGGCCGTCGCCTCCCGGCCACGCTCAAGGAAATCACGACGACGGCGGACCCGCGCACCCGCACCTACGAGGCGACGCTCACGATTCGGCCGCCCGACGACGCCGGCATCCTGCCCGGCATGACGGCCCGTGCCATTGTGGGGGGCGGGCCGGCCCCGGCGGCCGACGGGGCGGGGACGATTGTAATTCCAACCAGTGCCGTCTTTTCGAGATCGGGCGAGACCGCCTCCGTCTGGGCAGTGCGCGACTCGTCGACGACCGTGGCCCGCCGGTCCGTGTCGCTCGGAACGATGCGCGACAGCACGGTGGTCGTTACCTCGGGCCTCCGGGCCGGCGACCGCATCGCCGCCACCGGGGTCCACCAGCTCAATGACGGCCAACCCGTCCGTCCACTGGAGTGACCTGAAGAAGGCCCCTGCAGCCGACCGCTCTCTTTTCACGTGTTCCGCCGTGAGCAACCATGGACATCGCCAAGGCCGCCATCGAGAACCGGACGCTGACGTACGTCACCACGTTGCTCGTGGTGGTGGGGGGCGTCATTGCGTTCCTGAACCTGGGGCGCCTGGAGGACCCGGAGTTTACCATCAAGCGCGCCCTGGTGGTGACCCAGTACCCGGGGGCGACCGCCCACGAGGTGGAGGCGGAGGTGTCCGACCCCATCGAGGAGGCCGTTCAGGCAATGGGAAAGGTGAAGGAGATCAAGTCCCGCTCCAGCCGGGGGCGCTCGACTTTGGAGGTCGAGATGAAGAGCGACGTCATCGGGGATGCGGTGACGCAGGCCTTCGACGACCTGCGCGACAAGGTCAACGACGCTCAGGGACGCCTGCCGCCCGGGGCGGGCCCGTCCGTCGTGGAGGACGACTTTGGGGACGTGTACGGCATCTTTATGGCCATTACCGGGGAGGGCTACAGCAAGCAGGAGCTGAAGGACCACGCGGAGGCCCTGAAGCGGGAGCTGGTGCAGGTGCAGGGCGTCGCGAAAGTTCGCCTTTTTGCGGACCGACAGGAGACCATCTACGTCGAGCCGAACCGCGACCGGTTGTCGAACCTGGGGATCAGTGTCGACCGGATCGCGGGAAGGCTGCGCACACAGAACATTGTCGTTGATGCCGGGCGCGTGCGGGTGGGAGACAGCCACATTTCGGTCCGGCCGTCGGGGGCAACGGCGTCGCTGGACGACCTGCGGTCGATTCTGATCGCGAGTCAGGGGGGACGCCAAATCTTCCTGGAGGACATCGCCACGGTGCGGCGCGGCTACG
NZ_CP030361.1_gap8	107254	108342	1088	GCCACGGTGCTCACAATGATCGTGGTACCGGTCCTCTACGCCATCCTCTTTGGCGTCGAGCGCCTCCCGTATTCGGAACGCTAGCCGGTCGTTCGCGGGGCGCCCGTCCGCGATCGCTCGGAAACCGGGCGTGCGGCGCCGAGGGGCGCCCGTCTGCCGGTCCCGATGCCGACGGACGGCGAGGTCTCGGCCTCGTTCGGAGGCCCTGAGCCCGAACGGGGGCGACCCGCCCCGCCCGACGCGAGTCCCTGGGCCGTTTGGGGTGTTTTCGGGCCGTGAGAATTGCACGGCGCCCCAGCCTGCATCGGTTCTTTTGACGGCCCGCACTGCCGAGCCGAGGGCGGCATGGGGATGGCACCCCCGGCAGCGAACTGTGGTGTGTGGAGTCGAGGCCACGTCGCACCCCGAAAGGAGGGGGACGTACGTGTTTCCTTCGTGAAATTTCACGGACTGTCGAGTCCTCGTGGACCTGCCCCAGGAATGGAGTGTTTTTTGCTCAATTTGTGTGCAGTAGGCGTCCACCTCCATCTCCGTCTGTCGCGTCGATCCCATGATACCCCGCCCGGTCCTTTGGGGACTGCTCGCCGTCGGCCTGCTGCCGCACTGGAGCGGTGTCTGTTCCGCGGACGCCGCCCCGACGGTCAGCCTTCAATACGGGGCGCCCGCCCCCATCGCGCAGGTCCGGCGGGACGTCGATGGGGACAGCATCCCGGACCGCGTGGGCGATACGGTGGTGGTGGCGGGGCGCGTGGCCGCCGCGCCCGGCGCCCTGCCGCTCCCAGAGGAGGGGGTTGGCAGTCTGCAGGACGGGACAGGAGGGATTCACGTGCGCCTCCCGGAGGCCCGGGCCCTCAGCCGTGGCGACAGTGCTCGGGTGTGGGGCGTGCTGAGACACGAGGCGGGACTGGCCCAGATTGCGGGAATCGGCTACGAGCGCGTGGAGGCCGCCCGGCGGACGCCCGATCCGGTGCCGCTCTCGGTGCCGTCGGCCGCGTCGGACCGCCACGAGGGACAACTCGCACGCGTAGACGGCACGATTACGGCACGCAGCGCGAACCGGGGGGGCGAATACTTCGTCCTCCGCGAGG
NZ_CP030361.1_gap9	109389	111762	2373	TGAACCTCTCGAAGCTGGAGGCGGGGCAGATGGGGCTCGAAACGGAGCCGGTCGACCTGGTCACGAAGGCGCGCCGGGCCGCCGAGGAGCTGCGGCCGCAGGCGACAGAGAAGGGGCTGGGGCTGACGGTCGAGACAGGCCGCCCGGAGGTCTGGGCGCGGGCCGACGCGGGCAGCGTGCAAATTGTGCTGCAGAACCTGGTCTCCAACGCCATCAAGTACACCGAGGAGGGGGGCGTCCACGTCCGAGTGTTTCGGGAGAACGGCTGGGCGGTCTTGGAGGTTGAGGACACCGGGATTGGGATGGATCCGGCGCTGGCCGACGATCTGTTCAAGCCGTTCCGGCAGGCGTCGGAGGGCCTCGGTCGGGCCTACGAGGGCAGCGGCGTGGGGCTGGCGGTAACCCAGAAGGCGACGGAGGAGATGGGGGGGCAGGTCGACGTCGAGACGGAGGCAGGGGCCGGCAGCTGCTTCACTGTGCGGCTTCCCGAGGCCACGTCGCCGGAGGCCGAGGTGGCCGAGGGCGGGAAGACCGAACCGATCGGGGAGGCGTAGAGACCCTCACGTTGAGCAAGATCCCGCCCATCGGTTCTGCGCCGTGCGCAGCCCATGCCTACTCGCGGTCCACCTCGGCGCCGGTAACCTCGAAGCGCGCCCCGCCGTCGCGCCCCTCCGTCAGAGCGAGGGACCATCCGTGGGCGTCCACGATGGTCTTCACGATGCTCAATCCGAGCCCCGTGCCTTCCTCGTCCGACGAGTACCCGGCCTTGAGCACCTCCTCCTGCTGATCGGACGGGATGCCCGGGCCGTCGTCTTCTACGAAGAACCCGTCGTCGAGTGCGCCGATCCGAAGGGTTACGTCCTCGCCTCCGTGCTCGATGGCGTTGCGGAACAGGTTTTCTAGAAGTCGCTGGAGACGGTTTGCGTCGGCGCGCACACGGGGGGGATCGTCGGCCACGAGGCCGGCCTCCGGCACGTCGACGCGCTCCCAGCACGACGCAATTAGGGAGGCAAGGTCACAGTATTCCAGGTCCTCGTTGCTGAGTTTTTGCCCGCCCCAGGTAATTGCCAGCAGGTCCTCGATGATCTCGTCCATCCGCGCTAGGGCCCGGTCGATGGCCGAAAGGTGGCTCAGGTCCTCCGTGTCCTCGACGAGTTCAAGGCGGCCCTTCGCCACGTTGAGCGGGTTTCGGAGGTCGTGGGCCACGAGGCCGGCGAAGTTGTCGAGTCGTTCGTTCTGGCGCTCGAGCTGCTCCGTGGCGCGGCGGTGCTCGAGCTCGTAGCTCGCCCACCGGGACATCAGTTCCACGAAGGTCCGCTCCCGCTCCGTGAACGCGGTGGGGCGGGCGTCGGAGGCCGCGAAGCACAGCGTGCCGTAAAGCGTCCCGTCGACCAGGATTTGCGAGCCGATGTAGGTTCTCAACCCGAATTTCTCGTGGGCCGGGTCGCCCGTCCAGCCCGCAGCCGCGGCGTCCTGGACGGCCAGCAGGGTCTCCTGCTCCACCGTCGTTCGGCAGTACGATTCGGAGAGGGGGCACGACTTGCCGGGTTGGAGCAACGGGTGGTCCCCCGTCGCCTGGAGGATGTGCTGCGTGCCGTCCGAGATGCGGGTCAAAAACCCGTACGGGAGGTCCAGGTACGTGCACCCGAGCTCGATGAGGCGGCGCACCTTGTCGTCGAAGGGAGCGTTTTGGTCGGCGGTGATGCGGTACATCGACCGCAGGGCGGCCTGCTCGTCGCGCAGCGTCTGCTCCCGTTCCTTCTGCTCGGTGATGTCGGTGTAGATTGCGTACCCTTCCGGCGTCTCGCTATCGGAAAACAGCACCGAGTTGAGCCGGAAGTGCCGGCGCCCTTCGTTCGTTTCGCGGATCACTTCGGCCTGCACACTGCCCTCCTCCACGGCCCGTCGGGTGAGCGTCTCGGCCTGGGAGAGCCGTTCGTCGGGGGCGAGAAGCGCATCGAGGTCGTGGCCGACCACCTCGCTCCGGGATACGCCGAAGGCCTCCTCGAACGCCACGTTGGCGCCGCGGGCGATGGCGACCCCGCCCTGTACCTCGTAGTGTACCACCGGGCTCGGCAGGCCCGTGTAGAGCGCCGCCAGCCGGTCGCGTTCGAGCCGAAGCGTTTCGTCCTGGGCCGTAGACAGAGGCGCCATCCGCGCAATGCCCACGACGCAGTTTGGCGGCCCCACGTCGCCGGACAGCGGCCGCGCGGTGAACGTGCACGGGCGGGGCGGGCCTTCGCGAGGAAGAAGCGCAACCTCCGCCGTTGCGGTGTCGCGCCCCGCCCGCACGGCATCGAGGGCCTGTTCGACGGCCGCGGCGTCGCCCTTCCCGAACAGTTCCGGCAGGCTTTTTCCACGGAGGGCAGCGGC
NZ_CP030361.1_gap10	150272	154169	3897	TACCGAGTCATGACTCGTTCCGTCCGATCCCTCGGCTTGCCCCTCGCGCTCGCCCTCCTGCTGCTCGGGGGCACCGTCGTGCCGTCCCAGGCCCAGATCGGCGTGTCGGCGGGGCTTAACTTCGAGGAGGCCGGCGACATCAAGAACGCCGCCGGCAACACGGACGCGGCCCTCAGCACTGCCACTGGCTACCACTTCGGACTCTCCTTTGAGTTCGGCACCGATCGGTTTCGGCTGCGGCCCGGAATTCTGTTCCGCAACGTGGGCACCTACGACCTGTCGCCGGACGCGGGCGCCCAAGACGCCACCCGGGAGTTCGACGTGAGTGTAATTGAGATTCCGCTCGACCTCCGGATGAAAGTGCTCCCCATCCCCTACGTCAACCCGTACATCATGGCGGGGCCCATGGTGGCGTTGCCACGGAGCGAGGGGGACTTCAGCGACGCCACGCGGGACTGGTCCCTCTCCGGAAACGTGGGGGCCGGCCTCAGCCTCTCCATCTCCTCGGTGAAAGTTCAGCCCGAGGTGCGGTACCAGTTCGGCCTCACCGACTACATCTCGGACAGCTTCACGGTCGAGAGCGAGACGATCAATCCGGCGGACAGTCCGGAGTTTAGCGCCTTCAGTGCCCGGCTGACCTTCATGTTTTGATGGGGCATGCCCCTCGCGCTACACTGCGGGGCGGGTGCCGGTGGTATTGGCCCACTCCGTGCGGAGGCGCTCCACGATGGCGTCGCCGCTGTCGGGCTCCACGCGCCGGATGTGGCGCTGGAGGGCAGGCCAGCCCACGAGCCGTGGCGCCTGGGTGACCTCGCCGTTGCGGATGCGCACCGTGAAGGGGCGTGTCGCCGACGGGGCCGACAGCCGCCACGCCTTGGAGATCTGCCTGGCGTGCGGCACCTCGGCGCGGACGGCCTGGGCCGAATCCCGGTGCGTCACGGCGCCAGGGGCCAGGGAAAATGTATCAACCAGGACAACCGGACCGTCGGCGCTGGACCCCGCCGTTAGGGCAAAGAGAGAGTCGTTGAGGGGATGGGTGCTGCGAAGCGAGGCGCCCTGATAGGAATAGCCCAGATACCGCGACGCGAGGGCACGGGCCAGCGAATCGGCCTGAGACAAGGAATCGGGAGAGTCTCCGGTTTTCGAAGTGCCGCGCTCCGAGGGGGGCTGGTCAGGATTCCCCCCGCACCCATTGGCGAGGACCAGGGGGAGGGCGACGATCAGGAGTCCGGCGATGGCCGAGCGGAAGAGACTGTCGAGGGCATCCATGGAACGAGGGGAGGAGCCAGAGGCGCGATGGGCCGCCCGATGGGAAGGAGGCCAATGTAGTCGAAAGTAAATGCTTGACGCCAAGGACGTCAATATGTTGGGGCCCTCTCCGTCGGCTGTGAAAGACTCCACGATCACATTGCTCTTGTTCGCCTGTACTGACACAAGCACTGATTCTACCCATCATGATTCGGACTCTCCGTACGTTTGCTCTCCTCAGCATTTTCGCCCTGCTGCTCTCCGCGTCCGCACAGGGGCAGTCGCTCCGGTACGGCACGGGACTGCAGGTCATGGGGGGCACGGCCGTCGCGAGCGTGAGCCCCGGCTTCCACTTCCGCACCACGCTCCCCATCACGCAGGACCTCTCTCTGGGCGGTGGAATTGGGTTGGCGGGCTTTGTCTTCGAGGGCCAAGCGGACGCTGTGTACGCTGTGGATCCCGAGGTGTCCCTCATCGTCACGATTCCCACGCCGAGCCGGTCCGCCACGTACCTGCTGGGCGGCGGTGGGTACCACGTGCCCTTCGGCAACGATCCTCCCGCCAGCGGGCCCAGCTTCCACCTCGGCCTCGGGCGCATCTGGGCCCTGCAGGAGACCACCCTCTTTCTGGAGTTTACCCCAGCGCTCTATGTCCGGGACAGTTCGGCGGGCGGCCTCTTTCCCATCCGCGCCGGCGTCATCTTCTGATAAAAGGACTGCGAAGAGAAGGCTCGCAGAAGAGGTGCGTCTGCTCTGAAGGGCGTCTCACGGGGCCACACCGCCCTCGTCGAGCCCCTCTTGTTGGGGGCGCAAGGGGCGCCTGGATTCGTCAAACAGGATGGCCGCACGCGCTGAGCATTGTCCCCCGCTTCTCCGTCGCCTCTCGGTGGTGCTCTCTGGGGCGGCCTGTTCTCCGGGTCCGTCCACGCCCCGGTGCCCACGACGGACTGGATCGGTGCAGCCGTGGCCCCTCCCCACGCCCCGCGACCGACACACACGGTCTGCTTCATTGGGGACGAGACCGTGACGCCCGTTCCGCCCCTCGTGCGGACGGATGTACGGCGCCCCTTGGCCCAGCCCCCACGCCGAAGCCGACGGTTGCGCGGTCACGTCTGTGCCGAGCCCGACAATTCCTGTTCTCATTGGGACATGTCCCAGTGACGCAAGGCATCGTCCCATTTTCGACATCGCCGATTCGTTTCCTTCGGACGTAGCAGCGTTTGAACGCACTCCGGCCCTGCTCTGCTCTCGGTCAACCCTGCGGGGCCGAGCCGATTTCCTTCGCATTCAACTCAACCGTTGCCATGACCAGATCTGAATCACTTCGCCTTCTCCATGTCGTTTCGCTTTCGCTCCTCGTGACCACCGGGCTTTTGGCCGTCGGCTGTGACAGCGGCGGCTCAAACGGGGGAGGGGGCAATCTGAGTGGCGCTGTTACCGCCACGGTGGACGGCGGGGAGGCCGCCGGGGCCCTCGCCGTCAATTTCACATACACTACCGGCGACGGCGCCTGCAGCGAGGTTGCCTTCACCGAGGATTTTGACGTGCCGGGGGACCGGGAGTTCGACCCCGAGGTCATTTCGGTTCGGTGTGACGCCGATGCGAACGAGTGGGACGAGGTGGAGGTGACCTTTAACCCCAACGACTCGGCCGGGGGACTGACCCTCACACTCACCAGCGGGGGCGGCGAAATTGCCTCCGCCTCCTCCCCCACTGACAACGGAAATCTAGTCGCAACCGCCGGGTCGGTGAACGACGGCTCTTAGCAGACGCTCCTTCGCCGACGGCGGCTCATCACCAACGCTCTTCACAACAACAGCACTCAGCACCATGATTTCTGGATTTTTGAACACGCGCGCTTTCACGTGTTGCTGCACCGTCCTGGTTGCCGCCCTTCTGCTCGCCGGGTGCGGCTCGTCGAAATCGTCGATGGACGTCTCGGGCGTCCAGGAAGCCGAGCAGGCCGCGGTGCCCATCATCACCGTCGATCAGTACATCGACATGAGTGACCTCCAAGACGGGGGAAGCGTTGCGTCCGGAGAGGGCGGCGGAGGCCTCGTCCAGCGCATTCTCGACTCGGAAAGCTTCGACCTCTCCCCAATGGCGGACCTGCTTCGGGAGCGGACGTACGGGACGTATTCGGAGCGCCTCCCCCGGGTCATGTCGGAAGAGGAGGTCATCCAGGCCGACCGCTACAAGAACTTCACCCTCCTGGACGAAGAGTCCAGCGACGATCGGATGCAGCGGGTCAACCGGCTGGAGGTCCCGGACGGATACAAGCAGTACAACGTGGGACAGGGAAGCGTCTTCGGCGACCGGCAGCAGCAGATGTTTGGCGCGGTGCCGGAGACGGCCGACGCCATTTTGCTGGTGTCCGCCGACTACGAGATGGTCGAGGACAATCCGTTCTGGTACTGGTTCCTGCCCGTCAGCCCGGATCGGGCGTACATCGAAGCGACCGTGCGGATGGAGATGCTGGATCGGGAGGGGAACGAAATCATGGAGATCGTCCAGGCCGCCCGTTCGAACAACCACGTCAACACGGTGGGCGGAATCACGGCGGAGCCGGGGAAGATTCAGCCGCTCTGCACCGAGGCGACCGAGAAGGCGGTGGAAGCCATCGATACCGCTACGAAGCAGGAGCTGACCG
NZ_CP030361.1_gap11	160723	165534	4811	ACCGGCGTGAAGGCCGACGCGCAGACTGTCAGCGTCGCCGCGGGGTGGAACCTCGTCGGGCCGTTCGGCGACTCCACCGACACCGGAGCGATCTCGTCCGATCCGCAGGGCATCGTTGCCTCGTCCGTCTACGGCTTCGATCCGTCGGACGGCTACACGCCGGTCTCCACGCTTGCGCCGGGCGAGGGGTACTGGATCAACGCCAGCGCGTCGGGAACGCTGACGCTGGGGGGGAGCGGGGATGGCAGCAGCCTCACGGCCGAGACGCGTCTCCAGAACGCGGGCGAGGACGAGAAGACGGCCTCCCTCCACGTGACCGACGACGAGGGGCGCGAGGCGACGCTTTGGCTCCGGCGCGACCGGCCTACGTCGAAGCAACAGAGACACATACTCCCCCCAACTCCTCCCGGGGGCACATTCGACGTCCGGTTTGCCAACGGTGGGGCCCTGGCCCCCGTGGCGTCCGGCGCCGGGTCCCCCTCCGTCCACGACGTGAAGCTGCAGGGAGTGGCGTACCCCCTGACACTCCGCCTGCAGGGCGGCTCGCGGGCCGGCGCCGTCCGCGTCCGGAAAGACCGTGGCCCCGACGCAGACGTCACGACCTTGACCGCGGAGGCCCCGTCGGTGACCCTGCAGGACGGAGACGGGCAGCTCCAGGTGGGCCTCCAACCCGCCCCCGACCAGTTTTCTCTGCAGAACAGCGCGCCGAATCCCGCCAGCGGGCCGGCCATGATCGCGTTCAGCGTTCCCGAGCAGACACACGTAACGATCGACGTGTTCGATGTGCTGGGGAGGAGGGTCGCAACGCTCGCGGACGGGCAGAGGGAGCCGGGCCGACACGACGTTCGCCTGGATGTTGGGTCGCTTTCCAGTGGCACGTACTTCTACCGCATGTCCGCCGACGGCTTTTCGAAGACGCGGCGCCTGGAGGTCGTCCGGTAGAAGAAGGGGGCTGCCGGGCGGGAAGGCGTACCGGAAAGATCCCACGCCATCCGGAGCTGAGGGCCGGCAAAGAAAAGCCCCGCCGGCCTGGTCTGGTGGAAGGGACGGCCGACGGGGGGCTCACAGCTACCACTGCAAGCGTGACAAGTAACTTTCAAAGAGGACCGTTTCGTTCCGGTATGGAAGACAATCCTCGTTACCAAAAGACTAATATATGGTGAACAGGTCTTCTTTAGATCGGGTAGGGCGTTGGCCATTCCCCGGGCGCGTATGCTCCGGTCTGGTTCACGCGCCGGGCCCACCGATGATTTGGACCGTCGGGACCCGTTCCCGACAAGGTGACTCCGGCGCTCGGGCGCCGTCACGGCCAGCAGGTGCAATCTGTGTCCCGGCCCGATCACCAAGGCGTAGACGAACAGATTGGGCGGGGATACGCGCCACCAACTCGTCCCCCCGAATCTCACAGGTTGCCCCATCGACTTAGGGGCATCCTCCCCGCCGCCGATAACAAGGGCGAAGCGGAAAGCTCAACCAATTAAGAAACGGTGGTCATCATGTCTGGCAGTGGTTCTTCTTCGCCTGCTCAGTTTGAGTCTAGCCGTCGCCATCTGTCCTGGACGGGGTGCGAGCGGAAGGTCCGAACGCTCCACAGCGACGCGTCGGAAGACCTTGATAGGGAACAGTCCCGTCGGCTCTACTCGCTCGAACTCTCTGCGTCTCGTCATGCCGGCACGTCGCCGCGCCATCTGCTAGAGCAGGCGAAGCAGGTTCTTCAGTAGGGGGGATTGGTCCCTCGTTCGGGCCCTGTCCAGCCTGGGCTGGTGGCGGTGCCGCGCGAGGCCTCGGGCGGGAACGGGAAGCCCGATCGACGTGGCTCCTCGCCCCCGGCCCCCTCCGGGAGGAGCCCCGGGTCTCGCGGGAAGACAGCGGTTGGGCGGGTGTGCCCGCGCTTCCTGTAGGCCCTCGATGAGCCCTGTCGTGCACATGGTGCCAGTCTTGCGTTCCTGCCTCAGACCCTTCGTGTTGTTCTGCCTCGTGGGCACGGTGGGGACCGACCGTGCCTGTGCACATCCCAACTCGCCGGGGCTCGATACCACCACGGTCCAGACGGGATGGGCCGTTCAGGGAATCACGGAATACGATCGGTCGGCCGTCTACGAGGATGCCCTACTGCACCAGTGGACGCAGGGATCGCTGAAGGCGCCGGCTCCCGGCAGTGCAGTCGGTGCGTCCACGCCCGGAACGTGACCGGGCCCTGGGCGGGGCCGTCACGGGAGCCGGCCTCCTGGGACGTCGGGCGGCCGCCGCCCGATACGTCCGGGCCGCGGCCGATGCCCCCGACCTGATCGTCTTCGACGCCGGCATGCTGCTCGACGGTCAGGACGGGGATTGGTACTGGGGACGCTTTGGGCCCGACTGGGGCGCAAAACCGGGGATCTCCTCGGCCCATCCGCCCTTCACGGACGGGCGTGCTCCTGCCCAGAGCCGCGTGTCCGAGGGCGCCCTCACACAAACGCGCTCTGGCCCGTGATGGCGCGGCCCACAATCAGTGCGTTCATCTCGCGGGAGCCCTCGTAGGAGTAGACCCCCTCCGCGTCGGCGAAGAGGCGGGCCACGTCGTGATCCAGCAGGATGCCGTTGCCCCCCATGATGCCCCGGGCGATGGAGACGACCTCGCGCATCGTGTCGCAGGCCCAGACCTTGGCCAGGCTGGACCGCTCGTTGCCGATCGCGCCCGCGCCAGCCTCCAGTCGGCCGAGCTGCATGACGAACGTCTGCAGCGCCGTCACCTTGCCGAGCATCGTCACGAGCTTGTCCTGCACCATTTGGAATGAGGAGGTCGGCTTGCCGAACTGCGTGCGCTCGTTGCAGTAGGCCAGGGCCTTCTCGTAGGCGCCGGTGGCGAGCCCCGCGGCCTCCCAAGCCACGCTGGCGCGGCAGGTCGCGAGCTGCGCGCTCACGTCGCCGAAGTGCGACACCCCGGGCAGCCGGTTGGCCTCCGGAAGCTCGACGCCGTCCAGCTCGATGAGCCCATTCTCCACGCCCCGCTTGGCAATCTTGCCGCCGATCTGCTCGACGTGGTAGCCGGGCCGCTCCTGCTCGACGAGGAACCCTTTGATGCAGCCGTCCGCCTCGTCGCGTGCCCACACGACCGTCACGTCGGCAAACGTGGCGTTGCCAGCCCACTTCTTCGCGCCGTCGAGCACCCACGTGTCCCCCTCGCGGCGGGCCGTGGTCGCCAGGCCCTGAGACACGTCGGAGCCGTGGTCCGGCTCGGTGAGCGCCCAGGAGCCGATCATGTCGAACGCCGCCATGGGCTCGAGGAATCGCTCCTTCTGCGCCTCGGAGCCGAAGAGTGCCACCGAGCCCATCGACAGGAGCGTGTGCACGCCCCAGAACGTGCAGAACGACGGCTCGACCCGCGACATCTCGAAGCTGATGAGGTTGGTCCGGATCGGATCGTCGGACGGGAAGGTGTAGGCGTCTCGGCCAACGACCTCGTCGAAGAGCGCGCCGGCCTTAGGAATGAGGTCCTTCGGAAACGTCCCGTCCTCCCACATGTCGTTGGCGACCGGCTCGACCTCCGCCTGCATGAACGACCGGACCGTCTCCCGCGTCGCCTCTTGTGCGTCGGTCAGGCCCTCGAAGACCTCGTACACATCCGCGTTCACCGGGGGCGTGGGGGACGGACGCTGCGGCTTCTGGGGGCGGGCCCCGTCGGCCAGGCGATCCAACTCGTCTTCGTCGAGGTCGCTCAGCGCGCCGAGGAGCTGGTCGACGTCCGCCTTTTCGGACAGGCGTGCGAGCACGTCGCGGTCAATGTCGGCGGTGGCAAGGTCGTTGGGCATAGGGAGAGAGAAAGGGTGAGAGGCAGCAGTGGTGCGAAGCGCCTCGTGTGCATCGGCAGGCGCAACTCTTTGATCAAAAGAAAACAATCCAGCCTGCACACTCGCCACCGATGTCCCCCATACGATACAGAAACGTTTAGCTATGCCGGGGGCGCGTGTCAATCTCCCTGCCTCGGCGCGGGGCTTTGCGGGAGTGCACGACCTCAAGGGACACGCCCCCGAAAGCGGATGCGGCCCCGCACACGACGCCTCAGGGGCCGTGTCCACGAGAAGGCGACCGCTTCCGATGCGGACGGGCCGAAGGGGAGGAAATGCGGGACCGTAAAGGCAGAAAAAAGATTGAGGGCGGTGCTTGACAATTGTTTGTAACTAGTCTAAATAAGATGACGCGCCGTTCTGAAAGAAAAATGAGCCTCCGAAATGGCACCGCGCCGTCTCGTCTCCCGGTTCGTCAGTCGCTTTCGTCTCAACGCCCCCGGAACGCTCGGGGAACTCCCGCTGGCCCTTGCCCTCGTGCTTGGGGGGTTTGCCCTCTGCTGGGTCCCGACGCAGACGTCGTTTTCCCAGGACGTTCGGACGGGCGCCGTGGTGGGGACCGTCGGTGTCCCGTCGGGCTCGGCGGCGGGGGCGAACGTCGTGCTTCGAGATGCCGACGATGCCCCCGCCGCTGCGGGACAGTCTCGACTGGGGGATGCGGTCGGGGACGGCGGACGCTTCCGCATTGCGGGGGTCCCGCCCGGGCGCTACGTTCTTCGGGTGACCCTCGTCGGGTACGAGAGGGCCGAGCAGCCCGTCCAGGTCCGTCGTGGCGACACGACAAGCGTCGACGTCGAGCTCCGCCGCGATCGGGCTCGTCTCGGGGAAGTGACGGTGCGGGGCGGCGGCTCGCTCACCCAGCAGAGCACGGAGGCGGCGGCGGAACAGGTGCGTCAGGTTCCGGGAGGGGCGAATCTGGTGTCTCTCCAAGACCGGGAACTGCGCCCGATCGCCACGGTGGCCAGCGCGCTCGAAGATGAGCCC
NZ_CP030361.1_gap12	174555	175330	775	GGCGTCCTTCTGGCCGATGAGGGCTATCGGGGCAACGACCTCTTCGACTGGCTCTACGACCAGGCCCAAACTCTTCGCGCGGGCGCCATCGGACGATCTGAGCGAAGACCATTCGACCGTTAGTCGGGCCAGGCAGCAGGCCGAAAGCAGCTTTTGGCCTTTGGCGCCGGTTCTCGAACCGGGTGTACGCTCGGTCCTAGCACGGCCTATGGACAAACCTGCTGCTGAAGGTGCTCCACTTCAACCTGGAGCAGGCTGGTCTCGTATCTCGATCCGCCAACTCAACCCGCGACTGAGATTAACTTAGGTGGCCATCGGGCTGCTGGTTGTCGTTCAAGTGTGGGGGCTCACGCATCAGCCGTCTTCGGGGAAGCCGTCGCTTTTTCTCTGACCTGTGTACGTGGCTTGTGCGCCTGCCTTCTCCGATCCCGACTGTCGCCTCGGCATCTCTGAGGAACGCGGCCGCCACAAACGTAGTCCTGGCCGCTGTTCTCAACCTCTACAGGGACGGAAGCACCTGGGCTAGGTTTGAGCATGAGTGGTGAGGCCAAAGATAGAAAACTTCAGCCCACCCCAGATGCACATTCTCCCCGTAGATTCTGCAGAATTTACCAGTAGTATTCTTCCTGACGGAGAAACCGAAATGTCGACACCTTTTCGGCGGACTAGCCTAAAGCCCTCCTGAAGAGTACTCGGTCACTCCGCTCCAAGCGCCTGATCTTGTATAAAATAGCCTCTGCCTTCGCTCTCAGAAGCCCCAACACTTCACCGCGTG
NZ_CP030361.1_gap13	178008	180445	2437	GTGGGGAGCACGTGTTGAAAAATGGAACGAGTATGTCTTCGCCGGCGACCGCAGGGGCCACCGCCCTCCTTTTCCAGGAGGACGGATCGCTCTCGGGGACTCGCGTCAAAGATCTCTTTGCCAACCAGGCGACGGTGGATGACTTCACCGGGGCGACCCCAAACAACACGTGGGGGCATGGCAAGCTGGACGTGCTTCGGGCCATGGCTGAGCTCACTGGAAGTAAGGTGCCAGAACGAGAGATGTTGGCCTACGACGAGAACGCCCCCAGCGGGAGCCGGAGCAGCGAAGTGCTCGGGGGAAGCAACGCTGAGAAATTGGCCGTCCGGATTACCCCAAACATTGGCGGGTCCATTACCGGGGCCCTGTTGCACCTCAGCGTTGGGGACGCGAATGGCTTGAGTGACTCGCTGAACGTGGAGGTGTGGGACGACGACGGAAATGGGCTTCCAGGCACGAAGCAGGGAAATACGGTGAAAGTACCGGCGTCGGCCCTAGCAAATCATTCGTGGAACTACATTCCGCTGACTGGCACCGGGGTGTCTGTCGCAAAAAGTACAGACTACCACGTGGTCGTCTATCCTGATGACCCCTCCGAGACGCTTGATATCCTCGCCGAGGCGCAGTCGGTAGACGGACGGTCTTCAATCATGACGGGGGGCTCCTCAACCCGCCTGCGCCACCAGGAAGCGGACGATCCCGACGAGATGGCGACCCCGAAAGCAGGGGCTAAGCAGGGCTCGTGGGGAACGCTCGGGGGCAAGGATCTAGCCATTCGGGCCTACATTGGCTCCACCCAGCCCACCAACCTGGCGGTTGATATTTCCGCGCTAGACTTCACGCTGCTTGACCCGAGTCTCCCGACGCCGGTACGGACCGTTACGAGCGTGAGTGTGGAAAACAACGGCAAGCCGGTTGAGAACCTGACGGCGGGCGACTTCAGTGTTTCGGAGGAAGGGACAAACATCCCGATCGGGACTGGTCAGAAAGCTTGTACGTTCACACCGCCAGGACAGGGGATTAATCGGCGCCTGGCGGACATTGTCTTCGTTGTTGACAACAGCGGGAGCATGGGGTTTGAGCAGGATGATGTTGTGCAGAACATCGAAGACTTTGTCGATGAACTCCGAAGTCGAGGGGTTAACTCAGCCTTGGGCCTCACCCGCTACGGTCAGGGGGCGACAGGAGACCTAGGCCAGACGAGAGGCGGTCCCATTTTCGAGAATCAGGGAAATCTGACGACGGACGACCAGTTCTTCAAAAACAACATTCTCACCCGAAACATCACGACCGGGAGCACCGAGCCCGGATACTTTGCTACCGAGCAGTCGGTGAACAACTTCACGTTCCGGAGTGGGGCGGATAAGGTATTTGTTGTCGCAACCGACGAGACCCCGGCTCAACGAACGGGATTGGCCGACGTAGACGACGCCCGTCAAGCGATCACGGGTGAAGGGGTCACCCTATACGCCGCTACAACGTCAAACCTGAACGATGATTTCAGACCGTTAACTGACGCAACGGGCGGACAGATTTTTGACATCTTTGATCCGTTTGCGACGACCGTGGCCGATGCAATCACCGGTCAGACCTCAAGCACGTACGTCTTCACCTGCCTGTCGCCGTCGCCCTTCGACGGGGCGTCCACGTCGAAGACAGAGCGTGAGGTAGCGGTTACGGCCAGCGCCAACGGCGTAATGAGTGCGGACACGAGCAACTACGACATCGCCAGCCGGCCTCGGGTCACCCCGTCGGATCAACTCAAACAGGTGGCGTCCACGCAGCAGCCCCCGAATCAGGACCTTGAGATTCAGACGAGCATCGAGACGTTTGGGAGCGGCGGTGGAGGGAGTGCATTTGCGAAGCAGACCAACGTGAACGCCGAAGTCTTCTACCGACAGGCCGGATCCGGCAATTCCTATTCGTCGGTGCCGATGTCGGAGGCGTCCAGCGGCTCCTTTGAGGGGGCGATTCCGGCGTCCGACGTGGAAAGTCCCGGGATGGATTTCTACGTCCAAGTGACCGACGATGACGGGGACCGGGTTACCCTTCCGAGCTCCAACGCGGCGAACGATCCGTTCAAGGCAGCCGTCGAGCCCAACGAGCCGCCGACTGTCGCGCACGACCTGATTGAGGGCACGACGCCGGGGCAGGACCGGACGATAACGGCGGAAGCGGACGACGACGGACAGGTCGACCGAGTCACCTTGTTCTATCGAACGCAGGGCGACCTGGCCTACTCGCAGGTCTCGATGACAAACACGAGCGGCACGACGTACGAGGCGACAGTGCCGGGTGAGGAGATTACGGCGGCTGGGATCGAGTACTTCATCGAGGCCGAGGATGACTTTGGGGTCACGAATTCGGAGGGGCTCGCAGACGATCCGCTGGTTGAGCTCTCGGAGGGGCGGGTAGTGGCCCCGGCACCGAGCAACCG
NZ_CP030361.1_gap14	197785	198721	936	TCCACGCCGGTCAAGGACATCAACCGGCTCTACGTCGAGGCCTGGAAGAAGGGCGTCAAGTCCCTCTACTACCAGCACGGCGTGAACGCGGCGCAGAGCTTCTCGCGCGACCTGCTGGCCTGCAAGGCGTGCGAGGCGTAGGACCAGCAGATCTGAACTCCCTCTTTTGAGAAGCACACCCCTCCTCGATCATGGCCCCTTCCCCTTCGCCGGATTCGCGTCCCGCCGCCGTCCTCGACGAGGCAGCGGAGACGCGCATCGTCCACGCCGTGTTTCCCGGTGACACGAACCACTACCACACGCTCTTCGGCGGCACGGCCCTGGAATGGATGGACCAGGCCGCGTTCATCTGCGCGACGCGCTGGTGCCGGACGAAGGTCGTGACGGTCCGCACGAGCGAGATTGACTACAAGCATCCCGTCCCCGAGGGCACGATCGTCGAGCTCATCGCCCGGATCGCGGACACGGGCACGACGTCCCTCACCGTCCGCGTCGACATGTTCATCGAGCCGATGGACGAGCACGACCGGACGCTCGCCTGCACCGGCCAATTTACCCTCGTGGCCCTGGACGACCAGGACAACCCGACGCCGGTGCCCGGCCCCGCGTCCGCGACGCAGGACGAGCCACAGTCGTGACCACGGGACGGCGTCGGCCTCGGGAGGCGGCCGTGACGGCCCGGGCCCCGGCCCGCGCAGGGCGGCATGCGCTCGTCCTCACCTGCCCGGACGGATCTGGCCGGGCCGCCCCGCACGCAGGCCCACGGCCGTCTTTGCCACGAGGGCAAACGCCAGGAGGGCGAGGGGGGCCGCCCACCCACCCGTGAGGTCGTGCAGCAAGCCAAAGACCGCCGGCCCGGCCGCCGCCACGAGGTAGCCGACCGACTGCGCCATGCCCGACAGCTCGGTTGCCGTCTCGGCATCGGCGGCCCGCAGG
NZ_CP030361.1_gap15	212351	214618	2267	AGCCGACGCCCTGGACGCCTGGCTAGGCACTGTCTGATAAAAAGGCCGTATGAACGGTTCGCATAAATTTTAGGACCAAGCGAGCCGTTCTGACATGCCTCGACGCCGCTGTGAACTCACCGACGAGCAATACGAACGTATCGAGCCTCTTCTTCCAGAAGTCGAAAGCATTTGAGGAGCGCATTCTGTCCGTGCCCAATGTCGCTGTTACAAAAGGTGCAAGGCCACTTCCCTCTTTGTACAGGGCCCTCGTGCCAAATGGATTTGCTCCCGGGACAGGCCGGCTAGGGGGGACAGGCTCGATGCCTTTAAAGCAGTGAGGGCGGCCTTACCGGAGAGGCCCCAAATGTCCGATCCGGTGGAACGCGCCGCTCGCGGGCGCCGACGGGCAGTGGGGGCGCCGTGGTCCTACTCGTCCGCCGGGGAAGCCCCCTGAGCGGAGGCGGGCACCGCCAGAACGGGCCCGTCGGACGCCCGGATGACGGCCTCGGTCACGCTCCCGAGCATGACGCGGCGCAGTCCAGACAGGCCTTTCGTGCCCATTACGGTCAGGGTGTCCCGGTGGCCCGTGGCCTCTACGACGGTGCTGGTGGTCTGCCCTCGGTGGACGAGATAGGACACCGACACGCCCGTCTCTTCGATCGGCGCCCCCAGCGATTGAAGCGCCTCCTCCGCCCGTTGCTCGGCCGCTCGGGCCCGCACCGCGGAGGCGTTCACCTCGTAGACGGACGGCATGGTCGGGTCCTCCACGACGTGCACCAGCGTCACCGGGACGTCGTAGAGGGGCGCAAGCTGGGCCACGTGCCGCAGGGCCACCTCCGTGAGATCGGAAAAGTCGACCGGTGCGACGATCTGCTCCACCGCAGAGCGGGGGGCCTCATCCGCAGAGCCGGAGGCGTCATCCCCAGGGGCTTCGTCCGTGGATCCGGACGCCCCGCCGGCCTCTCGCTGTCGGACCGTCAGGACCGGGCAGGGCGCCGTGCGGAGCACCTCCTCCGCCACGCTGCCGACGATGAGCCGCCGGGCGCCGCGGCGCCCCTCGGTCCCGGTCACGATGAGGTCGGCGTCGATCCCTTCGGCCTTCTCCACGAGCAGGGGCGCCGGGGACACGCCCCGCACCGCGTGGCACACGACTCGGTCCTCGGCCGGGGAACGGTCGTGCGGGGCAAGCGACGCGTGGCACCGTTCCTCGAACCGGTCCTGCAGCTCGTCGTCCGGGGGCGCCTTTCCGCCCTCAAACAGCACGCCCTCGGCCGTTCGGTCCACGTACATCAGATGGAGGGTGGCTCCGGTCCGGACGGCAAGGTCCACCGCGTGGGCCAGGGCGCGGCTGGAGGAGGGGGAGAAGTCATGGGCAACCAGAAGCGTTTGAAACACGGGCTCGGAAGCGGTGACGACTGAAAACAACGGAGGGTCGCGAGGGCCCCTGCGGCGGCCTTGGGGCGCCTGCATCAGGACGCGTGCGGGGGGCTGCCCGTTCGTGCCCGCTGCCGGACCGACCGATGGCGGGACGGCCGGCGATGGGGCCCGTTGAGTGATGCGTTCGGGCGATACGGTTGCAGCGCGTGGCGACCGCCTCGTTCCCCTCCAGGCATTTCTCCAACGTGAACGTTGCCGTCTGGTGCGAAAATGTCCTCCTCAGATCGAATGGGTTCTGCCCCTTGCGCGTGACGCGGCGAGAGACGCCGATGGTGTAGAGAAGCCCCGCAGGAGCGGTGCCTGTCCAGCATCCGGCGGCCCCCGAAAGAAAGGCGGGCCGACGGGGCCGGGGGCTGGCGCAGGGCGTTCCCGGGGCCCTCCCCGCATGCCGGGCATGCTCCCCCGTCCGGTTTTCCTGCCCCGGTCTCGTTCTCGTGCAGCGGGCATTTAAAAACGACTCGTGCCGGACGGACCCGCTCCCGTCACGGGGCGGCGACGATGGCGTCCCCACAGTGGCCGGAAGGTCACTCTCGCATGATTATTGCGCCTATGATGGCAGCACCTTCAGCGTGACGGTCTTTTCGAAACGACGGTGCCCTCTGCGTGGTGCGACATCCCGAGCGCATGGCGTGTAGTGCCCTTGGCAGATTGAGGGCAACAGGGCCGGCGGAGAGCGCAAATGCGCACGCTTTTCCGCTTGGGGGCCGTCCCGCCCGGAGAGGCCGCTCGTTCGCTAGTACATGCCTCCCCTGACAGATTTTTGTCATGAGCGACCTGGCCTGGCCCCCGTTCTCAATCCTCCGGCCCGAGGGGGAGGAGCTGTCCGGCGAGCAGCAGTCGGACGTGCA
NZ_CP030361.1_gap16	233464	236122	2658	TTCTGCTCGAAGAAGTGCCCGCGGACGTGTGCGATGCCTGCAGGGGGCACTCGTGGAGGCGTGCGCGTCTCCCCCCGGCGGGCCGTGCGTGGGCGTTGGGCCTTCCATTCAAAGGCGATCCACTGCTGATAGCCAGCTCGAGTCCGCATGAGCCAACTTGAGTATCTCGTCGCCCTCATCTCGATCATCGTTGGGCTCGGGCTGACGGACCTGGCCCAGAGCGTCCGGGAATTGATCCGCCCGGGCTACGCCGTGAAGTGGGACGGGCTTCCCCTCGCCTGGTCGGTGTTTGTGTTTCTCATGACCATCCTCCTCTGGTGGCAGGGATTCGCTGCCCTGAAGGAGCCGGACATCGGGGGCGGGGCGGGTCCCTTCTTCCTGTCGTTCTTGCTGTATTTCCTCATCCTGTACCTCTGCTGCGCGTTTGCGCTTCCGGACCCGGATTGGGAGAGGGCTTCCGTCGGCTCCGGGCCGGCAGGGGCGACCAACCCAGCAGGCCCCGCCGAACGCGGGGTAGACCTGGAGGCCTTCTACTTCTCGACTGGGCACCGGAGGTGGTTTTTCGGGCTCCTGATCGGGTTCTGGGTGGCGCTCATGGTTGCGGATCAGCTCACGTTCGAATCGGGCGGTCCGGCCCAGCGCCTGCGGTCGGTCCTGCCAGTTGTGGGGCTGTGCGCGATCACGGCGATTCCCATTCTGACAGACCGCCGGTGGGCACACTGGGTCGTGGTGACGGTGTTGGGGGGGCTGATTGGTGCGCAAGCGGTCAGGGACATCCTTCTTTGAGCAGGGGCTCTGGCGCGGCCCTTGTCGGTTTGCCGTTGCCGGTCGGGTCGGCATCGCAGCATTTCGCCGAGCACGATGGTTCTCAGGCGCGCCGGTTGGCACGGCCGAACGCCCCAACCGGGGCGTTTGCGGAGCCCGGCCGGGTCTTGGAGGGACGTCCCGCAGCAGTGCGGTCGCGAATGGGGGGCTCAGGGAAGCAAGCCCGTGTCCCGGAAGAAGAACGACGCGAGCCACCCGAGAGACGACGCCAGAAGAAACAGGGCGGCCAATCCGACCCAGTGAACGGCCACCGGGACCCCAAACGAATCGCGGGTCCTCTCCGCCGCCATCGGTTCTGTCGTCGAGGCCTCGTTCCCCAAAGACACCTGTGCTGCCAGCGTCAACATCGAGGAGACAACCGGCAGTACCAGGGCAATCAGGGCTAAGGGGGAGGGCTCCATCATCTCTGACTGAAAAAGCGTGATGATCCCCCCGGAGAGAACGAGCCCAACGGTCGTCAGGTGCTTTAACTTCTCGTGCTGGAAGGCAAAGGCGTCCCAGTCTCGCTGCCTACGGGCGGGCTGCGTGCCGGTGGGACGGGCGCGAGCAGAACTGCCGCTTTCCTCTTTGTCACCTGCTCGGCCGGTCCCGGGGGGACTGGTCTCCGTTTGGCGTCCCGCCCCGCCGTGGCTGGATCCAGGCCCAGAATTGGGGTCAGGCCCAGAATTGGGGTCAGGCCCGGAATTGGGGGCAGGCCCGGAATTGGGGGCAGGCCCGGAATTGGAGTCAGGCCCAGGGGGGGACCCAGGCCGCGGTCCCGTGCCGCCCTGAGTCTCCTCTTCTCCTGCAGCGCGTGCCTTTCGGTCGGCATCTGCCTCCCGGTTGGCACCTGCCTCTTTTCCGGCGTCCGTCTCCGGGCTTTGGGATGCGTTGGCGTTGCCCATGGCGGGGAGGTGTGTAAGCTGTGCGCGGCAAAACCTGCGTCCGGACGGACAGGGAGCGGGGGCAGGCGATAGCATGAAGGAACCGGACGACGGCACCAGCCCCCACCGGCCCGGCTGCAGAACAGATGCGCCGTGCCTCTGCGCCCAGTATCTTAGACTGTCTCGACCCGTTGTGGTTCGTCTACGGCGGGCTCGGGGACACGAGAGACGGAGAACGCCACGGTCGGGGCTCAGGCGGGCCGGTTCCGATCCCTGTCTCAGTCGAGCCGTTGAAAATAGGCCCGAGCGTTCGGGTAGTCCACCGTGATGCGGAAGTGCCGGAAGAGCGAACCACCGAGGGCACCGGCCACCCTACGGTCCATAGAGCCCGCCAGCGTTTTCTGAATTGTGCGGTCGGGGCGTCGCTCAAACCAGACCGGCCCCGCAGTATGCCCGGCAATCTCCACCTCGGGAACGCGGATGAGGGGGCTTCCGCCGAGAGCGGGACTGGCCCCCTCCACCACCGTCCAGTCGGGGTGTTTGTTCGTCCAGCGTTCGAACAGAGAGGCCCGAATGAAGCCCGACGCAATCCGGCGCGGCGCGTCGAGGCGGCCCTGCGCGCTGTCAGTCAGCACCGTGGTCGCCCCGGTGTCGAACAGAAACGAACGTGTCGTCCCGTCGATGCTGGCCTCCACCCGAGGGTGATGGCCCACGCGCGTTCCGGTCGAGTCGGTTCTGAAGGCGAGGTCGACGGTGTGGTCCGGGGCGAACGACAGCTCGTCGGCCGTGTCGTAGAGGCGGAGGGTCTCGTCTCCGTAGTCGAAGGTCCAGATGCGGCCGGCAAACCAGTGCATGCCCAGCCGTCCATCATCGTAGCCAACCAGTTGCGCTCGTCGGGACGGTGCAATGATCGCGCGCTCGGCACGGGTTTGTGGCACTGGTCCCTCCGTCCTGAATGCAGGAACCGGGA
NZ_CP030361.1_gap17	328538	331433	2895	TTCGAGATGCTACGGCCCGTCCTCGGGTGGAAGCTTGCACGTCGGATTGAGCGATTTACAGAACGAAACGGCCTCAATCGTTCAGCTCTATTAGAGTAATTTCATACCCTTTCTTGCCGCGGTGTCTGTCTGCGTGAAAGAATATGTCCTAAGAACTACTAAGTAGATCCGCAAAAGAACGTCAACTCTGCGCATCCGAAAACCCTCTATGAGCACGTCATCCTGAGCTTGACTCAGGATCTTTTCGGAGAAGAGCACTGCCCGTAGCGAAGAGATTCCGCATCGGGGTGCGGAATGACTGCTGGGGTTTTCGGATGCTTGGTTTTAAAGTATTTCTGCCGTCCTACTTAGGTTCTAGTGCCGATGCCTCTACCGGACTTCATTATTGGTGGTGCACCAAAGTGTGGGACGACTGCTCTCTTTCACTACCTCGACCAACATCCGGAAATATATACGTCGACACCGAAGGAGCCTCACTTTTTCGCCAGGAAGGCAGGCGATAAGGAGGTGAAGGGGAAAAAACTTACACGAGAAGAATATGAGAATCTCTTCGAAGAAAAGCACCCCAATCAAACCGCTGGTGAAGGATCTACTGGATATTTGAATCATGCGGAGAAAGCTGCTCCTCAAATATCGAAAATCATTCCTGACGTGAAGCTTATATTCCTGCTGCGAAACCCAGTAGAAAGAGACTATAGCGGTTATTGGTACAACTTACGCCGAGGAGAAGTGCCGCTGCGGAGAACGTTTTCTGAGTTGGTTTACTCTGGAGATCACTGGATCTTTCATGGAAGCAACGCCTACCTGAAGGGACTTGAAACATTTTTTGAGAAATTCCGAGAAGAGCAAGTTCTCGTACTACTGACGGACGAGCTTCGTGAGAACAGTGAGGCGGTGGTTCGCCGTGTCTGCAATCACATAGGCGTTGATCCAGGGTTCAGCTTCAATCTGGAGGCTCGTCACAATGTGACCAAGTACCCGCGTTCTGTTCGGCTCTGCCGATGGATTGGTCGAACCTTCCCGGGCCTCTCACGCTGGGCTTCCGATACAAAGTGGATTCGAGGACTTCGAAGTCGCCTTCTGTTTAGTGGGGGGGCTGATAAACCGCCCATGCAGGAGCACGCTCGTCAAAAGTTGGCTGACCACTACAAGGACGAGATCGAAAAGCTGGAGATGCTGATCGACCGGGATCTCTCGCACTGGATCTGACTTTCTGGATGGTCACCGCCTCTTCCTACGAGACGACGCATTCGCGGTAGAAAATGCATATTGCCGTTACCGCTGATCCTCGAATTCCAGTGCCACCTCGTCTGTACGGGGGGATCGAGCGGATCGTCCACATGCTCGTAGAAGGACTTGTGGGGAAGGGACACCAGGTGACGCTCTTTGCTCACGAGGACTCTGACGTGCCCTGCCGTCATGTGTCGTACGGTGGCACGGATCCGCAGAGAGCCGTAGACACTCTACGCAACGCGCTCTCTGTGTCGCGATTGGCCGTCCAGCGCCCGGATGTTATACACAATTTTGGTCGACTGGCGTACCTGGGTCCGCTTCTCCCGCTGGGGATTCCGAAAGTTATGTCGTATCAGCGGGATCCGCCGGTGAGTCAAATCCAAAAGGCGGCTTGGCTCGCAGCGGACGGCTCGTTCGTTGTGACGGGGTGTAGCGACCACATTACCGACCAGATCCGTCCGCACGTTCCCGCAGAGACCGTGTATAATGGTGTCCCGCTCGATACCTACGAGTTTCGGGCGGACGTGAGCGAAGAGGCCCCGCTGGTGTTTCTCGGGCGCATTGCGGAAGTCAAAGGTGCGCATACCGCCGTTGAGGTGGCCCGACGAACGGGAAGAATGCTCATCATTGCCGGGAATGTGCCCGATGAGGAAGCGACCCGGAGATACTTCCAGGAGCGGATTGAGCCGCACCTCGATGGAGACCAGATTCGGTACGTAGGACCGGTGAACGACGATAAGAAAAATGACCTTCTGGGTCGGGCGGCAGCGTTTTTGATGCCCATTGAATGGGAGGAGCCGTTCGGCATCGTCATGGCAGAGGCGATGGCCTGCGGCACGCCGGTCATTGGCACGCGTCGCGGCTCGGTCCCCGAAGTGGTAGAAGATGGCGTGACGGGGTTCGTTGGGGATACCGTCGAGGACCTGGCCGCTGGCGCCGAACGAATCGGAGAACTCAGCCGACGGGCCACGCGGGAGCGCTGCGAGCGGCTGTTCAGTGATCGCGCGATCGTAAACGCGTACGAGTCCCTCTACGAACGAATGGTTTCCGGGCAGTTTGCGCCGACGACCGCTCCTGCACAGTCCTCGTCCGCCTGAGCCAATCCGAGTCGCGGGTTGAGAAGCAAGATTGACCGCCGGAGCGACCGGTTCGTAGGATTGAGTGTCCGCTCGATCCTCGAACCGATAGTGCTCCGACGGTCATGCACAACTTACAGACCTACCTGCTCGAATGCTACGTCTTCGTCGATGACTACTTCCAGACTCACCCGAGGGTGGCCAGTTGGCGGTGTTCAAACAATGATGACCCTGCTTTTACCGATGCCGAAGTGATTGTCATCGCTCTAATGCAGGGCTACTTTCGAACCGATACGCTGAAGCGGACCTATCAGCTCGTTGTTGCCAACACCGAGGGCGCCTTCCCCGACCGATCCGGCTATAAGCAGTGGATTCGGCGCCTGAAGCGGATGCCCGATCAGGTTGGGCGGCTGGTCCGGGCTGCCGCTCTGCGGGGCCTCGCCGACGAGACCCGCAGGCTGTACGTGGCCGATTCGAAGCCGATTCCCCTTTGTGAACCATTTGCGACCCAGCTCGGCACGGACGCGTCCAGCTTCTGGACGCCGACGGGGCGAAGTTCGGCGTAACTGCCACCGGAGAGTGGTTC
NZ_CP030361.1_gap18	347287	350479	3192	CTTTGCGTTTCAGATTTACTGTGACTTCTCCGGGTACTCCGACATTGCGATTGGTGCGGCTCGCGTGATGGGGTACGATCTGATGGAAAACTTTCGACGGCCGTACTTTTCGAAGTCAATCTCGGAGTTCTGGCGGCGGTGGCATATCAGTCTCTCCTCCTGGTTCAAAGACTATCTCTATATCCCACTCGGAGGAAACCGTGTCTCAGTACGCCGCTGGTACGTGAATCTGCTGATTGTTTTTGTGGTGAGTGGGCTCTGGCACGGAGCTGCCTGGACCTTTGCCATTTGGGGGGCTTTGCACGGTGTATACATGGTTCTTGGAGCGATCACTGCGAGCTGGCGTGATCGTGTGTGGAGCAGAATTGGGGAGCAGGTTCAGCAAATAGAGGGGGCAACCAGAGGTGTCCTCTCTGGTATTGTAGATGATCTGAGGAGAGGCTGGCAGGTTCTTGCTACGTTTCACCTTGTTCTACTGGCGTGGATCTTTTTTCGAGCCAACTCCCTTCCTGAGGCTGTTACCCTCCTCGAAAGCTTCTTCGCCGTTGGCAGCCAATCCGTATTGCCCAGAGGAGTCTCCTCGGTGCAGCTTGCATTGTCTATTTTTGGGATTGGAGTGCTCGGAATTGTTCATCTTATTGAACGGATGCAGCCATTGGACAAGTATTTAGATCGGTACCCGGTTCCTTTTCGCTGGGGAGCCTATTACGCGATCATCGGCTCGATTCTCATATTTGGAGTATTCACTCAAAAAGAGTTCATTTATTTTCAGTTTTAGTTGCGTATAAAAAGTTTCTTTTCGGAGTAATTTTTAGAGGGAACTATGAGGAGGTTTTTCCTTCGAGGAGGGCTGTTTGTATTGCTGCCGCTACTGGCGCTAGAGCTCTGCGTCCGGGCATTGACGCTGGGCCCAATGGCTGGCGTAGACCGGTTGTACAACGTATACGAGCATGTGGCTCCGGAGCTTGCAACGGGGGACACGCTTAACTGTGTTTTTCCCGGGACATCTCGAATCCAGGCAGCAATTCGCCCTGAACCTTTCTCCGCCGTAGCAAGAGAGGGGGGAGAAGCTCCGATTTCTGTTGTTCGGGCATCACGAGGGTATTCGACACTGGTCATGCATTTGCAGGGGATCAAGTATTTGATCGACCAGCGACCTGAGGCGATGAAGCACAGCCTCGTTTTTGTCGAGGCTCCGGTTGGATTGGTCGAACCTCAGAAGTGGACCGGGCGGTGGGCACGTCCCGAATGGCCTACGCTACTGAGTTCAAACCTGTCAGTAGCCGAGATCGTCTCCCTTTGGTGGCGGGCCGATGACCCAGTCTGGAACAAAGCGGTGATTTCCGCTGCGAGCTTTTCTGATCTCGTGCGGTATGGCCCGGTGATCCGAAATAAGGTTCATTCTTGGATGTCTTCACTGATACAGGTGCACAGTGAAGCCCCAGATGGTAACATTGAAAGTCTTCCCGAAGGAGCAGGTATTCGCACCGATAGTGCGGGGGTAGCCCTGGCACGAGAGAAGATTATCCCCTCCATGAGGAAGTGGGCCCACGTCGATTATGAGCGATCCTCCTTGCAGTGGAAAGAAAGTGTTCTTGCCTCACTGGTTGAAACTGTGCGTGCCCACGGTGGAGAGGTCGTTTTATACACGATGCCTGTGAGCACCCCTTCGAAGTCGGTGATTGAAAAATCTCAAATGCTGCGTGCCGAGCGGGATCGGTTGAAAGACTGGGCAGAGACTCGGGGAATCCCATTTCTGAACGTAGATTTTCCGTATTCGAATGAGGACTTCCCGGATCTTGCCCACCTTCGAAGTTCTGAAGCTCTAGCCTTTTCTCGTCGGCTGGCCAGGGAGTACAAAACACACGTAAAGCGAAGCTCAATCACCCGAACGGTGAATCACAAAACAGGAGGTCGATAAAGAAGTCGAGTGATCAGACTGAGTTCAAGACATTCGTGCGATTCGATGGATGGCGAATAACGCGGCACTTGGAGGCAATCTATCGACTTCGAAATAGTACTTGGCGGCAAATAGACCTAACCGTCATCCACGTTCTAACCAGTACCCGCGCCGACCACGGCGGCACCTCGCGCAGCGTGCCGGCGCTCTCCGAAGCGCTGGCAGCGGAGGGCGTCGGGGTGCATCTGGTGACGGCCGTGCCTGCTGACCCCGCGCCGGACGAGGAGCCGATTCTTCCGGACGGTGACGTGCACGTTCACCGCATTGAGGAGCAAACGCGCCTGCAGCGCACCCTCCGGAGTCCGCTCGGGTTTTACCGTTGCCTGTGGTCGGTCGTTGAAGACGTGAATCCTGACGTCATTCACGACCACGGCGCGTGGCTGCCCAGCAACGTCGTGGCGGCCTGGGTGGCCCGTCGTGCCGACGTGCCGCTCGTTGCCGCCTCCCGGGGCATGGTGACGGAGTGGTCCCTCTCGCACCAGGCCCGGAAGAAGCGCGCCGCGTGGCACCTCTACCAGAAGCACGTCTTCCGCCAGGCCTCGCTCTTTCACGCCACCGCCCCCGCCGAGGTAGAGGACCTCCGGTCACTCGGTATGACGCAGCCCATCGCCGTCGTGCCGAACGGCGTCGAGATTCCCGATACGCTTCCCAACGCTCCACCGACCGACGGAAAGCGCGCCCTCTTCCTGTCGCGCCTCCACCCCAAGAAGGGCCTGCCGATGCTGCTGGACGCGTGGGCGGATCTTCGTCCGGAGGGCTGGACGCTGGAGCTGGTGGGTCCCAGCGAGAATGGGCACCGCGAAGAGCTGGAGGTGCAGGCGAGCGAATTGGGCCTCGATGGTGACGTCGTCTTTTCGGGGCCGGTCCCCGACGCGGACAAGTGGGAAAAATACGCCGAGGCCGACTTGTTTGTGCTTCCCACCCACAGCGAAAACTTCGGCATCGTGGTGGCGGAGGCCCTGGCCGCCGAGGTGCCGGTCCTCACGACGACGGGCACGCCGTGGCCAGAACTGGAGGCCCACGAGTGCGGCTGGTGGGTCGATCCGGAGCCCGAGGCGATTCGGGACGCCCTCGCGACGGCCCTGCGGCAGTCCGACGCGATCCGCACCGCGATGGGGCGGCGGGGCCGCGAGCTCGTGACGTCGACCTACACGTGGCGGGCGGTGGGGGAGCGGATGGCGCAGGCGTACGAGTGGTTGCTCGGAGGTGGGACGTCTTGCCCGTCCTTCATT
NZ_CP030361.1_gap19	408191	411646	3455	CCGAGCGTGCCGGTCCGAAAAAGAGTGATCGTTCTGATAGCTGCGTGGGTCCGATCTGTCCAGTTCTAGCACCCCGCTATGCACATTCCCGACCACGCCGACATCCTTCCCGAAGGTGTAGACCCGATTCCATTTCCCGACACGAAAGAAGAGGCGGAAATGCTTCGGTGCCTGCTGAACGCCGGATTGTATCCAACATGTGCCGACATAGGGACGCAAAGGGATAGGAAAGATCCCACTGGAGACGAGGACAGGTAGGAAATTGCCGTCTACGGGAAGGACAAGCAAACTGATGTTGGTCCGATGGTCTGCGACGGCAGGGATGCCCCTTTGACGGTCCGGTTGGGGAAACGAAGCTAGATGAAGAGACCTAGCGGCCAGCGCGGAAGGCGTGTAGCCCCACTCTAGATGCAGAAATGGTCCGGCTCAAAGGATACTCAAAGGATCTGCCGTCTGAAGCGCGAGGGCCCTCAGGCGGGCTGGAGACCCGTTGCTGGAACGGAGACTGCCGGACCCACCGGGCAAGGCGATCCTTTCGCGAGATGCCGGATTCAGCGGCTGCTTTCAGTTACGTGGTGTACTCGCGAATCTTGTTTCTACGTCCAAACACGAAATACTCTTTGAGCAAGAATTTTTTCACGCGCAGCTATGAAGTGGGGTTTCCGATATCGGTTCGCTTTTCTCGTGGGACTTGTCGCGCTCACGTTCGCAGGAGGTGCGTTTGCACAGAGCAGCGATCAGCCCGAGCCTGTGCCGAGAGAACTGGCCGCGGCACTGATCGGCTCCGGTTTCGGGGGAGAGTCTACGGACTTTTTCGTCGGAACGCTCCCGAGCGGTCTCCCCGATGACTTCACGCTCCCGGAGGGCGCGCAGGTTCTGGGAGGGGTGTCGACAGATGGCTTTGGGTTCCCACGGAATCCTTTTGGATCGTCCTCACCGCCGGAGCGGCGGATCATCGTTGCGGACGTCCCCTCGCGGTCCAGTTCCGTGAAGGCGAGGCACGACAGTACGCTTGTCGGTCGGGGATGGAGCCGAATGACTTCTGTGCCCCCAAATCAGCAAGTCTTCCAGCGACGCCAGTCTTCCTCTACGGCCCTGTTTTGCCGCGAGGACACGGTCCTCCGTCGCTTTATATCTAGCCAGGGACATGAAGGAGCGCGGCTCAAGGTTGAGTGCCGGACGGGCGGCCCCATGTCCCGCCTCCGCAATCGCCCACAATCCTCAGCTGGACTGATGCGGGACGTGCCGAGGCCCTCGCTGGAGCCTCCATCAGAAGCAGCGATCGTATCGGGCAGAAGAAGAATCGGGTCCTTCTCCTCCCATCCGCGCGTCGCGTCGGACCTGTCGAGCGTGGAGCTGGCGTCTCACTACGCCGATCAGCTCAGAGATCAAGGATGGACCCTAAAAGCACGAAAAGAGGACAGAGGTGCTGTAAACCAGTCATGGCGGCTTGAAGACGACTCCGGCTGGCGGGGCTTCCTTGTTGTGATGCCCTTTCCTGGTACTTTGGAGAAGAAGATACTCTTTCACATCGCGCAGCAGTGGGATCGCCAACGTCCCAATCGCGCATCTCCAGGCCGGCTTCGGGGAGCTGCGCTCCCTCATACCGAAGGCCACCTGCACGTTCTCCGAGATGCGAGAGGAGGGTGGGACGGAAGGCCCTCTGTGAAGGGACAGCGCCTCCACGTCCCGCTGGGCGCAACCTGTCTACATGCCGAATAGCCTGCCATGACTCTCCAACTCATGCCCCGATTCTCCCTTCTCCTTGTCGCTTTGCTTGTGCTTCCACTCGGAAGCACCGCCCAGCCCACGCCGGACTCGACTCATCAACTACTTCTTGCCGACGCCCGTCTCGTCGACCCAGAAACGCAGACGGTCGAACGCGGTGCCCTCCGGATCGAAGGGGAGCGCATCGCTGCTGTGCTTGAGGAGGCCCCCGCCAACTTCGACGGCCATATCCTCGATCTCGACGGCAAGTGGGTCCTGCCAGGCCTCGTGGACGCTCACGTGCATTCGTGGGGCAACGCTGGCCCGACCTTTCAGGAGCAGCAGATGCTACAGACGACGGGGACGGCCAAGATGATGCTCTATTCAGGCGTATCGGCCTTCCTCGATTTGGCCTCTCCAGAAGACTACATCCTCAATCTCCGCAATCGGCAGCGGTCGCGCGGCTTTTTGGGGGCGGACATCTACGCCGCCGGCGGTCCTCTCACGCATCCCAACGGTCACGGCACGCAGTACCCAGGCTCTTCTGCTCGGACTGCTACCTCACCCCGGGAGGCTCGCCAGAGGATGGACTCTCTCGCTGCCAGGCAGCCCGACGTCGCAAAGCTCATCTACAACCCGAACAACGACCGCTACCCTTCAATGGACTGTGCCACGATGGAGGCAGGCATTGAGGCCGCCCAGACCCACGGCCTCACGACGGTGGTCCACGTCGAGACTTGGGCGGCGGCACATCAGGTCGTGACGGCGGGTGCCGACGCCATCACGCATGCCCCGCCGGCTCCACTCCCCGACTCGACGCTCGCGGCGATGCGGCAGCAAGGCACCGCTTGGATTCCAACTCTCGCCGTCCACACCGAGCTGTCGAACCTGATTCAGCGCCCGAGGCTCTTGAAAAAAGACCTGCTCCGGGCCGTTGCGGATTCGGTCCTCCTCGCTGCATACCGCGACACCTCTGGTCTGCCAGATCAGATCCGGTCCTGGATCGACCGACAGGACGAATACCAAACGACGCGTCTCGATGCGGTTCGGAAAGCAGCCAACGCCGGCGTTCCCATTCTGGCCGGCACCGACGCCGGCAATCCCGGACTCTTCCAGGGCTACTCGCTGCACCGCGAGCTCGTCCTCCTCACGCAGGCCGGGCTGTCGAACTGGGACGCCCTCGCCGCCGCCACGACAGCTGCCGGCCGGTTCCTCGACGCCCCCTTCGGCCTCCAGCGCGGCGACCGCGCCAACCTGCTCGTCCTGGATGCCTCCCCGCTCGAGGACGTCCGCCATACACAAAACATCCACCGAGTGATCTACCGTGGCCAGATTGTGAACCGTTCCGATTTTCTCAACGAGGCAGCGACGAGCGTGCCCACCGTTCCCACCCACTAAGGAGGAAACCCCGCCCGAAACCTCGGGACTCAGAACCAACACTCACGACTTCGCAACGCAGAACATACAACCCTCAACGCAAAACGCATCAACGTACACCCCAACCCCCCATGCTTCCGACCGCGTCCCTCTCTCGAAAAACGACCCTCCTGCTCACGGCCAGTCTGCTAGTGTTTAGCCTCGTTGCGTGCGGATCAAGCACGCCGATGGCCCCTGCCTCGTCGGCGTCGTCCGCCCTAGAAAGTGCAGCGACCGACTCGCTTCTCCGGCAGGTCAAAACCCAGATTCGGGAGGCCACCGACAAGGGATCCCTCGACTCCTTGAAGCAGGCCCGCGCCTGGGCCAAGCAG
NZ_CP030361.1_gap20	421495	425469	3974	GGCATTGATTGAAGGGATGGCAATCAGCTGGATATTCCTGCTGGGACACGCCGGGTGGCTGGCACTGACCCGTCCTGAAAGGTTCGGCACGCCGGAAGGGGCGCCGGCGGTAGCTGGGGCGCTGTTTGCCGGGATGGGAATTCTCAGCGCGGTTCCACTTCTTCTGCACGCAGGCGCGGAGGCCTACTACCGCCTGCGGTAGCTGTCGGGGGCGGAAGCGGTCGACTGCTACATCACCGAGGAGAGCAGCCTCTGCCGGGGGCCGCGGGGGGGCAGCCTCCGGGTTCCAGGGGTGCCTATCAGTGAAAACGAAGCGCCGGGCCGAGCGGGCGGTGGCTCGCTCTGGGCGCGGGCCCGGCGGCCGACCTGACCAGAAGACCGTCTTGCAGGCGGCCAGGGCACACTTCCGCAAGAAGAGTCCCTTCCACGAGGAGGAGAGCCTCGGGAAGATCAAAGCGTCAGCGGCCCGGCCTCAGGACCGGTGAAGTGCTCATCGGCGGCGCCAAAGCCCTCCAGCCACTCCGACACGAGATCGGGCCTCCCGGCCATCTCCGCTGCCACCTCCATCTTCGGGGTGCCGGGGCCCCGCTCTTTGCGGTATTCCCAGCCCTGGCGCCAAGCCTCACGCCGAGCAGGGCTCTCCTCGCCGATCGGGCAGCGCTCGGCCCAGGCCTTTCCTCGATCTTCTGAACCTGAAGATTCCACGCTTGAGGACTCCAAGCTTGGAGGTCCCACGTCTGGAGATCCGGCGTTTGGAGATTCCATGCTTGAAGGCTCCATCTTTGAAGGCTCCATCTTTGAAGGCTCCATGTCTGGAAGGGCAGATGCCTGGATGGGTAGATGTCTGGAAGAGCAGCCCGACGCTGTTGGCGTTCTTCTCGGCAGCACATCCGGCTCGGCGGCACACCGGGCACTCTCGCAGGCTCGGCCGCCACCCGGGATCCCACTGCCCGGCTGTAGACGCCCGGCTCTGGGCGTCCGGCTACAAATACCCAGGCACCCAGCTGTGCCTGCTGGGCATGGGCAGATACGAGCAGACAGGAGGGCTTTTCCGGTGGAGAGGACATTTGGAGCAAAGTTACAGGCGGCATTCAAGCCGGCCGATAAGGCCCCGTTATATCCCGTTTTCAGAGGTTTCAGTCAGAGGACTTCGGGACTAGAGGTTCACGCGGCGACTGGCCCGGTGGCCCCTTGCAACGGACAGGTCAATCGACAGATACTGTCCTCAGTCGAGAAGAGAACGTACCCGGCAGAGTTTTTGCGGCTGATTGTGTTACAGATCTGTCGGCTAGGCCCCTGCCGCAGAGCGATGGCATCTCCTCACGCCGGCTCTCCGTAGGGTCGGTCCGCTACATATGTCTGAATTTCACTGCTCTCAAAACGATAAGAACTTCTCTCGCCAAGACGATGCTCTTCGCCAGGAGAACAGTCAGGAGCAATCGCCTGCTGGCATCCCGATTCCTGCCACAGTTGAGGTGGTCTTCCTCGAAGCTCTCAGCGGCGACGCGCTGAGGGTAGGCCTCTCCGTTTCCGAGGTATCTGCGCCCGAGCGCTCCGGAGCAGCTGTCGGGCGAGTCCCCGCCGTGGTCTACCTCTGGGGCATCCAGGCCCCGAGGCCGGGCCAGCCGTTCGGGGCGGCGGCTACGGAAGCGGCCGGCCGGATTTGCGGAGGGAAGCGTCTCCACGTGGCGGCCCGGCGCGCCGGGCCGGAGGGCCGGATTACCGGGAGCGTCGTGGCCGAGGAGACAGGCAGTCCCGGAGAGGACACCACTGGAAAGGACACCACTGGAAAGGGCAATGCTGGAAAGGGCAGCAGTGGAAATCAGGACGTGGGCCGGGCCCTCATCCGCCTGGGGCTGGCGTGGCAGGACCAGCGGGGGCCTTCCTCCGCTCAGCTACGAAGCCTGGAGCAGGAGGCCCGCCGGGAGGAGGTGGGGCTCTGGCAGCAGGAGGCCCCAACCCCACCCTGGGCGTGGCGGGAGTGAAACCAGGTAGGAAAACCCTCCCCGAGGTTCGAACGCCTCTGCCCGCTTTGTATTGGCATGCTTGCCCGACACACTCAAGTTAAAAGTACTCTTCGAACGTGCTCTTGCCAGAAGACTCTTGCTAAAAGACAAAAGATGCGAATCAGGAGTTGAGTAGGACCGGTGCTTGTAGGCTCCGACACGACGTTGAACCGGACCGGCCGAAAACCGAACCACGTTCAGCAGCGGCTGGAGTCCAATTTGGCAGCTCAACCCCTGATTGGCATGGGTGCGCAAATCAGTGTCATGCCCGATCCGCTACGGCCGTTTTGTCATCGGGAGCTTCCTCGCCGTTGGAGATTTCCTCCGAACGCTGTTCATGTTCGATATACGGAAGCGGCTCGTAGAGCGCCCCCCAGCAGCGCCTAAGAAGCCAGGCCAGAAGAAGGCCCGACACGATCAGGGAGAGCCAGCCGACAACAACGCCACTACTCGTCCCGCCCGTGGCAAGCTCAAATCCGGCCTCCATCGGAAGTCCTCCAAACACGGTGATCGCGTTCCCGATTGCGTGCATCCCGATCGGAGCCCAAAGGCTACGGGTTTCGACGTAAACAAGTATAGCCACTACTCCAAGAATGAATGCGTTTATGACGTGACCGTGCGGCAGTGCGAACAGCACCGAGGTCACCAGGAGCGCAAGAACAGGTCGGTTCCAGGCGTAGGCCCAGCGCTGATACATCAGGCCCCGGACGAAAAACTCCTCCACAAGCGGGGCTACGATCACGGCTGATCCGGCCGCTCGAAGATATTCTGTCGTTCCCGTGAGCGATACTGCATTTTTCAGGTACCGGTCAGCCAGCCAGGGGGACACCTGCTCAAGCCAAGGCAGAAGCAGGTGAAACTCAGCCTCTGCGAGGAGATCGAGAGCAAGGACCCCAACGAGAACAGTGCCCCATGCCGACGGGTCGGTCGGAAAAGGGCCAAACAGTGCCGAGAGGTCAAGTCGATGTCTCCATACGGCCTGGCCAAGCCACCCTGTCAAGGTGAGAATGGCGAGCGTCCAGCCAACTACTCTGTCTGGAAGGTTAAGCCCGAGTGCGCTCTCCACTCCAAGCATCAAGCACAGGAAAAGTAGTCCCCAGAGAGCAAAATAGCGCAGGCGAATTTTAGAAAGGGCGGTCATCTGCGCAAATCAGGAGTTGTACTGCTAAATGAGTCGGGCCGTCAGGCCGGGCCCCAGGCGCTGCTGAGCGCGATTGAAGCCCTGTCCGATGCGATGCAATACCGCCTGGGAGCCCGCAAACGTCGGTTCTGCTCAAACCCTGATTCGCATTCAAAGTAGCCGCTGGCCTTGAAATAACCGCTGGCCTCCTCAGGGTAGCCGCTGGCCCTGAAGTAGCCAGGGCAGGAGGAAACAGGAAGAGACCGCAAGCTTTCAGGCAAAGTCACGTGCAGGCAAAGTTACGTGATTGAAGGGCACTTTCTCTTGGCTTCAGTATCGGCGTCAAAACGGCTGAGCTCCAATGATCGACTTTGCTCTCGGCATGGTGTCTGCCTTCGCGGCCTCATTCGTCCCAGGGCAACTTCTTACTGGAAAGGCCTACGTGCCAGAAGCATGGGTCGAAGTGGAAAAGAACCCGAGGACATACTGGACCTCGGTATCCGTGCAGATCGCCATTGGCGCTGTTGCAGCTTTTCTGGCGTTTATGAGCGGGGCCTTCTCGTAGGCCTTTTCGCAGAAGATTTTGCCGGGGCGTTGACCCCCCTCTCCGAAAGCAGTCTCAGAGGCCACCCGGGCCGACAGGATCAGGTCCGCCGAAAGGCTCGGGTCCGGCCGAAAGGATCAGGTCCGGCTGGCGAGCCGACCGGCCAGCTCGCCGGACGGATGTTCAATCTCGGCACCAGGAGGAAGCCGCCGCGCCAGCTTCCCGATCAGCTCCTCGCCGCCTTCAAGCCCGCGCCCGAACTCAAGGTCCGGCTGGGCCCCTGGCGAAACGAAGATCTTCACAG
NZ_CP030361.1_gap21	427258	429693	2435	GAGCCAGAGAAAACTCCGGTCATCCAAATCTTCAGACATGGCTCTCAGCTAGTCAGGAGAGAACTTGAAAGACTTGAGGCAAAGACTCAAGGCTCACGCAAGCATGCAGGCATGTAGAAGTCATGTCTGTTTCAACTAGCATCGGAAAGCCTACCGACAAGCTCAACCGCCAGGCCGACGACTATCCAGGCCGACGAATACCAAATCGGGCGTCTTCAGGACGTCCGGCTTTTCAACCAGTCCCTTCGAGACCATCCGAAGGAGGCTTCGGACCTTCGCAGGCTGAGCCTCGCTGAGAAGGGACGAACCATCAAGCCAGGGCGCCGCTTGCTTCGCTTCGGCGCCGGTCTACGCGGCGTCCGGTCTCATCGTATCCTGCTTCGGATCGATCTCAGTCCAGCCGCAGGCTACCGCAATTAGGACCACCGTAACCAGAGGACCGCCTGTAAAAATTCGGCGGCCATGCCGCTTGCCTGAGTCCCACGTGTTTACGAAAACCACCGAGCGAGGCGGAGCAGAGTTAGATCTGATGCAACATCTTCTGTATTCGTCTCGAACCTTTCTTTCTAGAGGTGGTTGTTATCTTGCGTCTTTATGTTAATATAATTTCTCTTTTATGTCCCATTCAGCCCCAGTCGGTGAAGCCAGGCGTCTCGGCGCACTTGGCCGGCTCAATATTCTCGACACCGACTCGGAGGTTGCCTTCGACCAGATCGCAGAGGTCGCCCAACAAGTCTTCGGCACGCAGGGGGCAGCGGTCAGCCTCGTGGCTGAAGAGCGACAGTGGTTTAAGGCCGCCTGCGGAATCAGCCTCGATGAAACGCCTCGCGAGCAGTCTTTCTGCACGCACGTTATCGAGGGAGATGGAGTCATGGTTGTGCAGGACGTACAGGCCGACCCCCGCTTCCGGGACAACTCCCTCATTGAGGAAGAAGGGATTCGGTTCTACGCCGGCGCGCCGCTATCAGTTGGGGATCAGCTCCACGTGGGCACCTTGTGTCTCACGGATCCGGCTCCCAGATCTTTCGGTGAGGAGGACCGGGCCCTGTTGACACAGCTTGCCAGTGTGGCCACCAATCTGCTGGAGGCACGCTTGCAGGCTCACGAGAATAGGTATCTTACCTCGGCCCTCGAGCAAGTCGATGAGCCGGTGAGCATCATTGAAGGAAACCCGGAGAAGCCCTCCGAAGCTCGACTTGCCTGGGCCAACGACGCATACGCCGCCAGAGGTGAGACGACACAGTCCGCGTTGGAAGGAAAAACGCCCTGGGTCTTCGAGAATCTGGAGAGGGGGTCCGAGACTGAAAGTCGAGTTTGCCATGCCCTAAAGGTCGGAGAACCGGTGCGCGGCAAGACACCCGAGGACGAAAAGGATGCAGCGCGGCAGACCTTCACGTGGGTGCTGGCCCCCGTCCGCAATCATGAGCAGATCACTCATTGGATCGTTGTTCAGCAGGACACCACCGAACAGCAGAGGGTTCAGCAGGCGATGCGCACTCAGCGGGATCGTCTGCAGCGCATGCAGGGGGTCGCACAAACTGGCGGATGGGAGTACGACCCGAAGTCCGATTCTTTCACGGGGTCTAATGAGTTCTATCGTCTGATTGGCCTCCCGCAAAGTACCAACTTCGATCTGGAACGTGCTTTTCAACTGTATCCACCCTCCGTGCGGGGCCGCGTGAAGACAGCTGCCCAGCGGTGTCTGGAGGACGGAAGTCCATTTGACATGGAGGTTCCCCTCGTGTCGGCCACCGGCCAGCATCGAGAAGTCCGGGTTCGCGGAAGTGCTGAGCGAGAAGAGGGACGCACGGCCCGAATGACCGGGACGATTCAGGACATCACGACCCGGAAGCAGCGGGAACAGCATTTGAGGCAGGCCAACGCTCTTTTCGAGCACTCCCAAGAAGGGTTCCTACTTTTCGACTTGAAGCAGGATGAGGACGAGGCGGAGTTCGTCATCCAAAGGGTGAACCCAGCATACGAACAGATGTCGGGGCGTCGAGCCGATGAGGTCCGCGGACGGTCAGTCAGGGACATTCATGGGGAAGAACAGGGAGCTGAAATTGCATCCCATCTCCGACGCTGTGCCGGGCAGGGGGAGCCGAAAGACTGGGAGATGAAACTGAAGACCAACGGGAGCATGACGTATTGGTCGGTACAGGCGGCGCCGATTTACGGCGAGGATGGTCAAGTGCAACAGATCACGGCCACGGTCCGCAACGTGACGGAACGGAAAAACCGTGAAGAGAAGATCCGAGAAAGCCGTGAACGGTGGCGCCTCCTGGTCGAGTCGCATCGCGACCCTGTTCAAATCACCGTCGGAAAGACCATTCAATACGTAAATTCCAGTGCTGTGGAGCTGTACGGGGCCTCTGACCCGGAGGAAATTGTTGGAAGGTCCGTGCTGGAGTTTGCCACAAACGATGGTCCTGGGG
NZ_CP030361.1_gap22	433918	438851	4933	TTCTCGAACTAATGGGCTATATTACGTTTGTTGTAGCCCTAATCTCAGGCACGCTCTCCGGTCCGTTCATGTTGGCGTTCTTCCTGGTCGCGTTCATGCTCGGGATGGCACTGTCACTGAGCGCTGTAACGCTGGAGGAACTGACCTTCCGGCGATACGAAAAGACTGCCGATTTCGCTCAGCTTCTTTTCCTTCCTGTCGTCGAAACCTTTGGCTACCGCCAACTCAATGCCTGGTGGCGTGTCAGAGGCCTATGGTCGTACTTTCGTGGCAACAAAGAATGGGGAGCGATGGAACGAGCTGGCTTTGATTCCCCTGATGACTGACTCCCCTGATGATCCAGACGATTGCCCCCCTAAGTGATTGACTTCAATGATTGACCGCCCCTTGTTTTTCATCGTCCTGACTGTTGCCGGGCTGTGGAGCACCCCGGCGCAGACGCAGGACAGAAAGGTACCGGACTCAGCGGCGTCTGAGCCGAAATGGAAAGCGGCAGCCCGCTACGACTATGACCGAGTGTCAGGGGGGCGGGTGGACTGGCAGCGATGGACCGCTGTTCTACAACGGTCTATTCCGAGAGGGACGGTAGCTGCCACTCTTGTTCGTCAGCGCCGCTTCGACACCGCAGACGAGGGAATCACCGTTGACCTGTGGCAGGACCTTTGGGCCGGGGCATATGGACACCTCCAGGTCAGCTTTGGGCCCGATGCCCAGATTCGCCCACAGTACAGCTTGAAGGCGGAGATCTACCAGCCAGTCGGACCTTGGGAGCTTCTGGGCCTCTACGAGGGCCGCCGATACACTGGAAGTGACGTGCATCAGTTCGGTGCAGGACTCGCCCGCTATGTCGGGGCCTGGTACATACGGGCACGCACGACCGCCGCGCCGCGCAAATCGACGTGGGCCGTTTCGCAGCGAGTGGGCATTCGCCGCTTCTACTACTGGACGCCGTCGGCCTCTTATATCGACCTGGAAGGCGGCGCAGGGAGGAGCGTCGAACTCGTGGGCCCGAACGCTAGTCTGCTGACAGCCCGCACCGCCTTTGCGAGCCTGCGGGTGCAACACTTCCTCACCGACGGATGCGCCCTAACGGCCACTCTCCGATACAGTGATGATGGACCCCTTTCCCGAACTGGCGGTGCACTGGGCATTTTTGTTCGGTGGTAAAACTTGTGGTAGAAAAACCATGACGAGTGGACAGGGTAGGGCGTAGCGGATGAAGTCACGTGGGGATGGGGAGAGCTCACCCAAGGGGCAGCCCTCTTCGGCGATAGCACCAATCCAGTGCGTATCTGTAAGAGTCACTCGGTCGGTCCTCTCAGGCCTCCATTGAGAGTCCGTTTTGATTTTTAGTCGAGCCGACTCGAGGCGATTCGGAGCATGGCGAACTGCACCGTTGTCTCGCTGGAGTCGGTCCGCCGCTCCTGCTCTCGGTCCAGCCGACGCCACCCTCCGAACCAACCGTAGGTTCTCTCGGGCGACCGATCGCTTCGGATCGACGGAGAACCCGGAGTTTCCATCGTCGGACTCAACAACTTGAAGCTCCCAGCCAAGCTCCTCTTCCAGGGTTTCTTCGAGGTCCTGGTAGGCCTGATCGGCGAAGACCGTCTCTACCCGATCAAGGCGAGAAGCTGTCGGAGCGAGCAGTTGCAGCGCCCACTGCGTTTCATGATCTCCGGCCGCATGTACGACCACGCCCCAAAGCAACCCCTGCGTATCGACGGCAACGTGTCGTTTTCGGCCACGGGCCTCCCCTGAAAGCGTCGAAGCTTCTGATTCCGCCCACCCCGTGCAGAAGGAACCGACTGGCAGCCTGTGATCAGTGCACTTGGTTCTCCGTGGCGCCCCGATCTGCGCCGGACTGCGCGAGAAGTAATGCTCAAAATGCACAGGATTCAGCCTTCCTCTCTCCACCGTCGAAAGTAATAATGCGCGGCCCACCAGGGGGCAAATTCTCCGGGCAACATCCGCCACTGGGTTCCAGTTTTCACCACGTACAGGATTGCATCCAATACGTGGCAGGGGAGGTCGTGACATCGTTTGTGACCGGTCGTAAAAGTAGCGGCTGATCTGTTTCCATTGGGAGTCCGTCAGGTCGGAGTCATAGGGTTTTATGCGCATGGCTCGGGCGAGTCGTTTTCGGAAGAGCTTGCTGGCTTTTTCCGAAAACGAGGCGGACTCCCCTCCGTTTTTGGGTGCAGCTGTTAACTGAAGCTGAAATCAAAACGGTCTCTTAAAGTACTGAAAGTCAGTATCTGCTCGCGTCTTTGAGGATGGGGAGGACTCCTAATCGCACCTTTAAGGTATTGGGTCGGTGTGCTGCACTGGCGTGGGGGGCTGGGTGGTTTACGTGCCTGACCTACCGGAAAGCGACATAAGCTCGTCTTCCAGGTCAATTCCGACATGTCGATGCCAACGCTCGGAGATGCAATTGCGCTAGCGGCGGAGGCCCATGCCGGCCAGACCGACAAGGCTGGCGCGCCTTACGTTTTACATCTCCTCCGTATGATGCAGGCCCAGCAGTCCACCGAAGCGCGGATGGCCGCTGCCCTGCACGATCTGGTCGAGGATACGGATTATACCTTTGAGGACCTGGAGGAGATGGGGTACCCGATTGTCCGCCGGGTCAAGATCGCGGACCTGGAGGACAATGTGGATCTGGAAGAAAACATGGACGCGACCCGTCTGGGTTCGGTCGGGGAGGAAGACATAGGGAGGCCGGGCAGGTGCCTCCGGACCCACCGCCGTCTTGCCGGCAGGGAAGAGGCGAGCTGAGAGGGCCGGTCAGGGGGCGGTTTTGTGTATCTGACTTTATGCATCCGATTTTGTGCATCTGAGACGGCAACTAACTGCAAGAACAACCCTTCAGTCCCGATGCCCGACGGAGGCCACGACGTCTGCGGAAACTGCTTCCACTTCCAGTGCGACGAGCCATTGGATCACCAGAACCCCGAGGCCTGGCGGTGCAGTCTCCGGGAGGTCTCGGTCGACGCGGATCCCTACTGGACCACGTGCGACAACTGCGCTGAGGAGACCAGCGAGCCCAGCGGCCCGATGCGGGCAGTCGTTGGAGGTATGGGGAAAAAGGGAGTTCCAATCTATAGGCGTCTTCCCTACCTCAACGGCCGCCGCCCGGAGATTGTCGAGTCTGGGGGCAGTGGTAGTGGCGGCAGTAGCAGCAGGGGCAATGGCAGCGAGGTGATCCGCATCGAGACGGAGGAGGGAACGCTCAGGGACTTCGATTCAACCGAGGGGTACCTCCGGTTTCAAGAGAAGCGGGAGCGGCAGCACCCTCCCTCGTAGCGCACGTGCTCGGCTGTGGCTGGGCAAATGGGCGAAAACGCCACTGGGCGACAACGCCGCTGGGCGACGCAGGGACCGATCAGCACTGGGGGAGGGGAAGCTGTTGAGGGGTGGAGTCAATGCCAAAAGGGAAGGGCGGCGTCCACCGAACCGGGTCTACTCCACTCAGCGGCTTAAATTGGCCCCGGTTTTCCACGTGCTGATTCTCGCCAATAATCCATTCGGCCGTCTTAACCTAAGCTATAACTTTTCCGGGACGGACCGCGTACAGTAGTCACACCTGCTAAAGGATACCTGCAGAGCCTTCTGTTGTCAGCGGCAGGAAAGGAGGCTCTCCTCTCCACTTCAGCCTCGTCCTCAAGTTCAGGTAAGTTCAACTTGCGCATGACTGCAGACTCGTCTTCGGACCTCGGCACGCCGGGAGCAGCTGGCCTCGTGGAGCGTCTTGATCGATTTGCGTATTGGAGCGACGACTGCATCCCAATTCCTGGCATCGATGCCCGAATTGGGCTTGATCCAGTTATCGGTCTTGTGCCGGTCTGGGGAGACGTCATAACAGCGATCGTCTCGTGCTACGTGCCCTACGAGGCGTACCGCGTCGGCGCTCCACCTTCCCTCGTTTTCAAGATGCTGGTGGTCATCGTCTTGGATGCCTTTTCAGGTGCCATTCCAGTGGCAGGAGACCTCATCGATGCTGCGTTTAAGGCAAACAAAATCAATGTGCAGATGCTCAAAAGCCACTTGGGAGCTTACTAGATTCAAAACCGGGCGTGCCGTGTGCATCCCTACCGATGTCCAATTTTGACGAGGGGTTGCTTCTCATCGGCGACGGGAGATCTGCAGCGGCGCACGCTGGAACGCTAACATGCGTCAGCGCAAGTATCCGGTATACCTCCGGCGGGACGAGCTCTATTCGTTCCTCAATCCTTTCGTCCCTCGTCCCCTTGGAGGGGGCTGCTCCTGGGGGGAATCCTACCAGATGCTGGGCGTGCGAACTACAAATCTCTGCAGCAGGCTCGTTTCCGAAATGGGCCTGTAATGTGCTACCGGTACAATATGCTACCAGTGAGACGTGGCGACTGCAGAAAGTCCCCCGGCAGGTAATCCTGTGCCTGCCGGCCATGCCGAGAGGGCTACCCAGAGAGACATTCGGTGTGGCAGACGGGGCAGGTTCTCTGCCGGCGGGCCGCGCTCATTGCCTCCATCATCTGCCCTTTTTGCCTCAGTCTGCAGTAGCTACAGGGCCCGGAGCTGAGGCCGCTTGGCACCTCGGCGAGAGGGCCGTCCCCAAGCTTTCGAGCCCTGCCTCGGGGGAAGGCCTCCGATAGCACAAACGGCCTGCCGCAATTCCCGCACTGCCCGATGACGTTCTCGGTGCTGCAGTTCGGGCATGTCTGTCTCTTGGTGTCCATGTCCTCTTGGTGTCCATGTCGGAATTTTGCGCCTGCGTGATTACCCGAGGCAAGAACCAACAAGGGCTCTGGCCTGATGACAGATGGCAGCGATGATAGATGACAGCGATGAAGAGTCCGGCGACGACTCAAGTACACACTATCTGCTGGGCGCGTTCTTCTGAGCGATGTGATTTACCAAATGAGATCTACCGAATGACTTGGATCTGCCACGTGAC
NZ_CP030361.1_gap23	440927	442780	1853	TCAAGGGGGACGCTTCAGAGGCCAGGAGGACGCCGATTGCGCATCTGCCTCTGAAAGCGGAAGCCTTAATCGAGCGGAAGCCTCAATCGAGTGGAAGCCTCAATCGAGTGGAAGCCTCAATTGAAAGAATGCCCCTGCGATCAGCATAAGGAGCCCCAGCCCACAGCCCCAGCCGAAAACGTCCCCGAAAGTAGCATAAACGGTCGATTTGCTCTCTGTGGGAAGGCGGGTCATCTGAAGATGCTCCTGGGACGTGAAGTGATTCACTCGGCCGTGAGTTCGGCCCAGAGGGCCGGTTGCGAGAGTGAGGCCATTGGAGGTGGGGCGGAGAAGCGCGGTCCCGTTCTCGATGGCCCGGATGCGTGCCATGTGTGCATGCCGCTCGGCGATGGCGGCCCAGTCGTTGGACGGGGCAACGAGGAGGTCGACGTTTTGCCGACCGGCCTGTCGGATGAGGGCGGGGAAATCGAGATCGTAGCATACGGCGCTCGACCATGTCCCCGCTGGCGCCGAAACGATCGGAAGCGTGCCGGATCCGTCCTGTCCAGGTTCGCCGGGGACGAGGTGGGCCTTGAGTCCCTCTTTGCGCACCGTTCCGCTGGGGCCGACCCAGACGACCTTGTTCTCCAGCTTCTTGCCTGCATCCGGGCGAGGAAGCGCGTTGAGGGCCATCGCGAGATACACCTCCTGACCCCGCGCGAGCCGGCGCGCCTTGCTTAGAAAGGCCGCCGTGTCTTCGTGGGGGACTGGAACAGCGGCCTCGGGCCACGAGACGAGCCGAGCGCCCGCCTGAGCGGCCCGCCGGGCGCGCTGCAGGTAGTCTCGCTGGATGGCGCGCGCCGAGTCGCGCACGGCCCCACGGCTCTCTGCCTGACGATGGACGCCCCAGAAGGAGGAGGCGTCGTGAGTCCCCGTGACCGTAGCTACCGGAACGGTATCAGGCGGAGCGTCCAGCGCCAAGCGCGCACCTCCGAACATCAATACCGCCGCCAGGAGGCCGGCCCACAGGCCGACTGTCCACCGGACCCTCAGCGAGATGCGAGCCTCTGAGGACGTGCGGGCCTCCGGCGACATTTGGGCCTCCGGCGACATGGCCCATTCCTCCCACGCCGCGTTGGCGACGCTGGCCGTCCAGTAAAGGAGAAAGCTCACGCCCCAGATGCCGGTGACGGACGTAAGCTGAAAGAGGGCCAAATTTTGCTGGGTGTACGCCGCGCTACTCCACGTCCCGAATGGCCCAAACGATGCGGCGAACTCCACTACCACGGCAGATGCAGGAAAGACGAGTGTCGCCGCGAGGCCTGAGAGACGCGGGCTCAACAGGCGGTCGATCAGATAGGGAAGGGCCGCCACGAGCCCGAGCGCCGCGCCGACGACGTAGGGCAGTGGGGCTTGAAGAAATCGTCCCGTGGCCCCCTGCCACGCCGCGCAGGAGACGACGATGAGGAGGAGCGCGGCAATTACGCATCCGCGCCAGGTGGGCTGGTCGCGCACGAAGCGAAGCAAAAACATGGGGGCAAGCCAGGCCGCGGCGGGCAGGGACCACAGTCCCGTCGCCACGAACATGAGCGGCGCGGCGGCAAGGAGCCAGAGAAACGAGCGGGACTCGCGGCTTCGACCGAAAAAGGGTAGCATTGGGACACAGGGGCAAGAGATGTTGTGGAACCGACTTGCCAGAAGGTACAGGGCACGAGCGCCGTGGTGAAGCCGGTCGCGACGAACGGACCAAGTGCCGAATGAGCGGTTGACTTCGCCCAGTGGGTGGTTTTGTGTTCGGCGCAGGGCAGCGGGGCCGCCGCGGGCCCGGTACTGCGCTGGGCCAAGGACCAAGCCACAGTTACATCAGCCACATG
NZ_CP030361.1_gap24	444080	446795	2715	TCACTCGGCGACAGCCCCCGAAACTTGCCCCGAAACGGCCCCATATTGCCGACTCCCCGACAGTTTCGGCGCTTTCTTTCGTACCAGGACCTCGAAAGCGAAACTCACTTTCAGGGCTCACGCGACGGTTTCGGGGCTGGTTCGCGCAGTCTCGGCCAGGGGTTACTTCACCGTCACGCCTGTCCCTTGACAACCTGGGAGGTGATTTTTGTATGTTACCAGCAGCTGCGTGACGATGATTTTAAAACTGGCCCGCTACCCTCTGTGGAGCGGACTGGTTCCCATAGTCTGCGCTGGCCTTACAGGCTCGTTTCGGAGTTCCTCCCCCGCTCCTGCTCCGAGGCGAGCCTTTTTGTGGCTATGGCCGGTTTCGGCAAAGACTGGTTTGGCCTGTCTCAGAGCTCCCGCGCCTCGGGCCGCAGACCCTCTGAGGCAGGCCATTTCTACATGCGGATGGTTCGCTACCGGACGTTTTGCAGACGTACGGCTGCAAGCGCATCTGAGGCGGTTCTCGATTCTGGAGACGTCTGTTGGCCCATCGGAGCCCGAGGGTCAGGGGGCTGGGGGCTCGCCGGTCGGTCCGGTCGATGAGGGAGCGCCACACTCGCCCCGGCGACGTAACTGGCCACCGACACAGGCCAGACGTGCGCGAGGCTCAGTCCCATCAGGCTCAGTCCCAGCAGGAGGCGAGATAGCCTCTCCGGGTCGCAGAGCCGCGGCTGGTGCAGATGGAACGTCCCTTTCGGCCAGCCCCCGAACAGCTCCTCGATCCACATGCGCCGCTTGTTGCGCCGCCTATACAGCCGAACGACCCTGAACCCAGGGGAAAGATTCGTCACCAGCCGCCGGGGCTCCTCCTCGCCCTCGGCCCAGTGGTAGAGAACATTGACCGGTCCGAAGTCATGGTCTCTCGTGATCGAGACTTCTCGGAGAGAGCGACCGCTTCCCTCCTCCGGATCCAACGCGCGGCACTCCCTCCACGACCGGGCATCAGCCTCGCCGGGATCAGCCTCCAGATTCCGCCTGAGCTCCGGCACCGGGCAGCCTCATCTGTTTGCGCTCAAAAGTGTCCGGTAGCTAGGGCGACTCATTCAGGAGCACTCATTCAGGGGCACTTATTCATATTCAAACGACCAAGCCATTGCAGGAGCTTATCCTGACGTACATCCGGCCCGCTGGGTGGGAAGAGGGGTTTTATGAAGCCGTGCGCATCAGCGGTTTTGCCAAACTTCCCCCGGCTGTGCTTTGGTACCGCCTCGTGAGGCAAAAACCCTATCGTTCGATGAGAAACGTGTCACTGTCCACGAGAAGGAAGACCTTTCGGAGGGCTTGGGCGCCCGGCCCTACGGGCCCGCAGGCCAGCAGGTCGGAGACCAGTGGGGCGAGTCGGAGGCCTCCGCGGTTCTCAGGGTCCCAAGTGTAGTCGTGCCCGCCGAGCACAATTACCTGATCAACCCCAGGCACCCAGAGTTTGAGGAACTGGAGATTGGGGCGCCACGGCCCCTCGCGCTAGACCTGCGGCTGCCCGCTGAATGATTCCGAACGCCCAGGCGAATGAAGGAGCCTTTGCGGGCAACTTCGGCGCTTTGAGTAGCCTGGATTACAACAACCGATACTCCTGTGTTATTGGTCTTCATAGTTTGGATCCGACGTCCACGCTGAAGAGCGCCCCTTCGGCTGATTGAGGGACCTCCGCGGCTTATGAGCTTATCTCAAGAGCCAGGAGCGCCAGGCTGGCAAGCGCCGACAAGGGGCCAATTGCTGCGAGCATGGGATAGACCCAACGACCTGCCCCTCCCGGCATCTGGTGGCAGGAAAGGTCAACCCCTCCCTGGTAAAACCTGACCAGTTGGACCGCTGTCCCGACGGCGGCGACCAAGAAGCCCCAAAACGCCCATCCATCCGCCCCGGCCTGGGCCCATGGCACGCCGAGTACCGCCGTCCCTTGCTCAACCAGTATCTGCGCAATGAAGCCTACGAACGCGAGGAGAACACCGATCTGGCCAACAAGCCACTGCTGGGTCTGAGTCATAGTACTTAGGTAAGATGTGGTACTTAGGCAAGATGTGATCAGGCGTCGTGCTTCGCAGGTACAATGTTCGTTCAGTGGGTCTTTGCGAAAACCTATATTTGCTCCTGTCCGAGGTCGGCTTTGATGCTCTGAGTAGTCTTCTGTTTCGGTCCTTCCGATACCGGCTGTCACTGCACTCTCCCCCCTCCTCCCAACAGCACTTGCACAAACGGTCCCTGAAAGGGCGCCCCAGGAGCGTTTGAAAGGCGGCGGCCATTGACGCGCCAGTCTGCCTCACAAGGCGAGAGCAGGTATCCGGCTCGCAGTCCCACCTGAAGGCCTCCGTCCCCCGAGTGCCGAAACCGGTACTCCAACTCGCCTCCCACCTCCTACGGACACTTCCCGTCCCTGATGTCCTTGAGACGGTGCGATCAGCCCGTATCCTTCTCCACCCACGATCGGGGGCCCAGCGCCGTGCCCGTAGCCCCCGCCCCCAAAGTTAGAATCACCCGAACACTCGCCTTTTCCAAAGTGGCTGTTCGATCGGGAGACGCTCAGTCAAGTCCGCGTGGGTCAAGTTCTACCCGTTTTCAGGGCCTACCCGGTCGGCAATTTGCTGAAGAAACTGCTGTGCCTTTTGCTGAGCTTCTTCGGAGAGGTCCAGCTTCTGGCTTTTCAGTACAGCCTCGGTATGGTGAGTGGTC
NZ_CP030361.1_gap25	448654	450618	1964	GACTGCCCGGGTTCTGCCGGTAGGGGAGCGGCCACGATCCCGGACGGGGCGAGGCCACAGAGTAGGACCACCGCGAAGACGAGTGGGCGGATCCCTCGCGACACGAGCGTATGGGGCATGAATCTGTGTTTGGTGGTGGCAAATCGTTTGGTGGTGGCAGGTCCGGTCTTGATTGGACGGCCGACACCGCGGTCATCACACGCAACAGCCTACATGCGGCAGCCTACACGCGGCAACTTGCACGCGGCAGCTTGCACGCATCAACTTGGGCAGTCCGGTACGGCCCTACTGCCGGGCATGAGCGGGCTACAGCGTCACCGTGACGTTAATCCCGGCAGCGAAGTCGAGCAGGTCCGACGGCTCCCCGCCCAGCGGCGTGCGGAACGTGAGGCCAGGCCGCACCCGCCCGAGCCGGGCCTGCACGGCCGAGTCGAAGAAGTAGATTGATCGCTCGTTGAAGGTCTCAGTCTCGTCAGCATTGAGGTTGGTGCGCCCCCCGAGGCCGAGGCCGACGCGGAACCGCTTGCCGTCGTACCAGGCCCGTCCCCCATAATCGAGGAGCACGACGTTTGCCCGAAAGTCGGTATTCTCGGTAGGCGCAAGCAGGGTCAGCCCCGACCGGAGCCGGCCCGAGAGCCCACCGGCCGACCGCAGCGTGTACTCCCCGTAGCCGCGGGCCGTGAAGGTTTCTGCACCGAAGGCCTCTATTCGGCTCATGTCTGCGAGCGATCCGGTGGCCAGGGCCAGAACGTCGGCTGCATTCTGCCGAAACTCTTCCCCGGTATCAGGGTCCTCGGGTGCCGACGTCAGTGGGAGCCTCGCCCCCCCACCGACGGCCCACCCGCCACTCAGGCGAGTGTGGACCCCGAGGTACGGGTTGCCAATTTTTGTACTAGAGACACCGTCCACCCGCCCGGCGTCCTCGTCGTCAATGCCGAACCGGCTGATCGGCAGGTCCGCCACGAGTCGCGTACTTTTGCCAATCGGATACTGCCCGGACAGGACCAGACGGGAGGTAAGCAGGCTCGTGGCTTCGGTTTCTCCATCGAAGGAGGGCTTCGTCCAGTCCAGGCTCACCTGCGGCCTGCCGGTCGTCGCTTCGGTCCAGGTGCCTTCGGGCCAGGTGGGCTGGGCCGCGGCCGGACCTGCGCCGAGAAGGCCAACGCCAAGAAGGCCAAACGGGGTGAGCAAAAGGAAAGCCGCAGGGAGACAGGAAAAAACACGGGTGCCCACGAGACGGTCGGTCATGGCCCACAACTGTTTATCTTGATGAAGGGACGTAAGAAACTTTGCAAAAGGACGTTACCGGGCCGCCTTGATTGCGTTTGGGACCGATCGACGAAGCGCGTGTGGGACCGATCGACGAAGCGCGTGTGGGACCGACGAGTCGAACCGCCTGCCTGCACTGGAACGAGCCTCCAGATGGTCGGGCAGGTCGCGTTGAGCGACGCGGCGTCCGCCTTCGGAGTGGGCGCCTCGAGGAAAATCGCCGGGCCGGTGGAGCGGCGATCCCCGATAGCCGGGGGCGGGCTTCGCTGCGGGGGCCTTTCTGCGTGCAGGGCCCCCGACCTCTCCGATCCGCTTTTCCGTCTCTGGCGTTTGTCAGGAGAGACGTTGCCGGCCGAAGCGCAGAATGTCTCGTTGCTAGGGCCGTTCATTGCCAGGGCCGATTATCTGGCGGCTCGGCTGTGACGAGAAAGGGACCCGTCCTGAGAATCAGTACGACGCAGGACCCTGGGTGAACGGGAGGGAGCCGAAAGCGGAAAAGAAAGACTGAAACGACAGAGCCCCGTGTGGTTGAGACGGATCCCGATACAAATTATCGGGGGGACGGGGGCGCGCGGCATGGGGGCTGTCAATTTTAGGCCCCGACATTTTTTCGCGTCTGCGACGTGGGGCGCCGGTGCCGGGCAGAGAGCTGTGGCCCGTCACATCTGGCGGGGGATGGCCCGACGTCTGCGCAA
NZ_CP030361.1_gap26	470630	472215	1585	GTCGCCGTGTGCCCGTTCGGTCGTCTGGGTCCCGCCGTCGAACTGATCGGAGAACCGGTCCCAGAACAAGGGACATAGTAGAAACGGCATGTCCTGATACGTGTGACTCGCGAACCGGCCCGTGTTCCACAGGAGGCGCAGCACAATGGTCGTGCCCGAGCGGGGGAGCGCCGTGATAAAAACCGGATCGTCGACCGAAATCGAGCTGAGGGTGTCCCGGTACAGAATGTTCTCTACGTCGGACAGGGCGTGCTGGGCCGTGCCGGCGCGGAAGGCCGTGCGGTGGAGAAGCCGATCGAGCCAGCCGTAGCGGTCCTCGAAAGTCATGATGCACGGGTGCGTTGAACGAGGACGTATGCGAGCAGGCCGACCGCCGTCGTCACGGCGAGAAAATCAATGCGCTGAAGCGTGGCGAAGGTGCCGCTAAATGAGCCGACGCCCGCACGGCCAAGAAGCCAGACACCCCCCAGAGGAAGCCCCAGTGCGAGGGCACTTCCCCCCACCAGTCGACCCAGGAGCCCGAAAAGCTCCCGGGCGCGATTCTGCAGGGCCGTTTCCTTCGCCGCGTCATCCAGGGAGTCGTCCCGAAGCACCCGAAGACAGGTGGTGCTGTGCCGCCCCACCTGGCGGGCGTGCCCGGGAAGGCGAAGGCGTTCGATGATGACGGCAAAGCCGACCACGACGCCGGCGGCGAGGACAATGTTCATTCGGCCGAAGGATCTGCGTCCGAGGGAGAAGCCGCTGAGGCCGCGTGCTCCGGCTCATCGTCGGTCGTGCTCTGGAGGAGACGCTTCAGGGGAAACCAGATGAAGCCGAAGAGAGAGGCAAGCAGGGCCGCAATCGCTGCGAGAAGGGCCCCGATGCCCGAAATCACGCTTCCGGGCCCCCCGTACGCGTGAGCGCTGTCCGGGAGCGCCAGGCAAAGAAGCGTGAAGGCGACGAAGGCGACGAGGAGTCGAGGCGCGGATCGTGTGGTCATGGTGGTGTCGGTTGAGCTATTGTGGTGTGGGCGTGCGAACGAAGTCTTTCGAGGCGCAGGGCCAGTCGCTGAGGTCGTCTGGAGAAAGGTCGTACCGGGTGCCCTCCTGCACCGCGGGGACCGTCGAGCCCTCGTGGGGAGGATGGATCCATTCCCAGACCGTACGGCCGTCCGGGGCGACCTCCATGACTCGTCCCGCATGGTGCTCAGTCAGAAGCAGGTTGCCATTATCGAGCAACTGCCACTTCCCCCCTTTTTGGTGTGGAAGGACTCAGACTGAGGCGTCGGGAAGAGTTTTCTCGTGGAGTCAGTGTGAGGTTGAATTCCGATGATGCGGGTTCCCCCCTGCACAGTCCCCCGCTCGGTGAAGTCCCGGTTGTTATCAAACACCCCGATCCAGCCGTCGCCGATAAAATCGGGATCGTGCTGCATGATAAAAGGCTCAGACGCGTGCCACTTCACCGTTTCCGTCTCGGGGTCGAGGACGAACACGAGATGGACGTTGCGCAGAGAGACCAGTAGGTCCCCGGCCTCGAACAGCGGGTACTCGTCGGCCATGGAGGGAGGCAGAGGCTCCACGTCGTTCAAGTGCGTTGGGTCTGTGCC
NZ_CP030361.1_gap27	484971	487744	2773	TTGCGGACGCGCATGCCGGTCCACCACACCTTGTAGCCGCCCGGAAGCTCAAAGGGGTTGACGTTTCCGTTCGCCCCGGCGGTCGGCTGGCCGACGATGGTGCCTAGCTCGTAGTGCTCCACGATGCCCATGATGGTCTCGGCGTAGCTGATGGCCCCCGGCCCGGTCAGAAACACTACGTCGCCGGTAATCTGTGGTTTTTCGGGGGGGAGCGTCCACCGCCCGGACGCGTCGTAGCCGACGATCTTCTCCTGATCGGGGTAAATGAACTGTGGTTTCTGGAACCGGGCCGATCGGAGCGTGTCCCCGGACAGGTGGGGCAGAAGCTTGAGCGCACCGCCGGTTGGGTACCCCCGAAGATCGAAGACAACCCTGTCTGCGTCTGCAAGCTCCCCGATGTGCTGCCGGAGCGTAGGCCACACGGCCCGAGTGAGATCAACGTAGCGAACGCCGGCGCGGAGCGTATCTACTGTGTTCGGACGATCATCCACCTGAAGCTGTCGCCAGGGGATGCGCCGGTCGGAACGCGTCACCTTGCACGTGTTCTCGGCGTTCCCTCGCCGAACGGTGAGAGAGACAGGCGATCCTGGGTCTCCCCGCCCCAGCTTTTGCAGGGCCCGCCCCTCCGTCCACTGCGGCGAGCCGGAGATATACCGCTTCCTTTCCTGCAACCGCTGCTCGGGAGGACGACCACCGATCGACACGACCACGTCTCCGATGTCCGGACACAGAGTCCGATCGAGGTGCCCCGCGGTGTCTACGACGACGATCTCGTCCCCGATCCGACCAAACCGGACGGGCAGTCCGGAGGTGGAAGACGTTCCTGAGTGAACCACTCGGCCATGCCCGTCCTCCAGTTGGGCGACCATGCGACGAAGGGTCTGGACAAACTCGGTCGTCGACGTGTCATCGGCCAGGGCCCGTCGAAAGGTGCGCGTGAGCACTGCGTCCCAGTCGACGTCTACGGCCCCGAAGTACGGGTAGAAGTGCTGGAAGACGTTCCAGGCGATCGTCACGCCCGCGAGCCGAAGCGAGGAGGTAGTCTTAAGAATTGGGGTCTCGACGTGGCTGAGCGAGTCCCGCAGCGCAGACGGCGAGGGGGCGTTCGCCGGGCGGAGTGTCTGTCCGGCCTCCCCGTACAGAGCGAGCGGCAATTGAACAGACAAGCCTCGCCCCAGCGGCTTCGCCGTCATTTCCTTCGGGGCGGCGTGTGCCTCGAAAAGCCGGTCTCGCCCGGGGGGGCGATTGAGACGGATGCTACGGTATGTTCTGAGCGAGTCGTTCAATCGACGGACCTTGCTCGGAACGTTGCCTTGAGAGAAGCCGATCCCTTGGTGTTGCCAAGCCACGAGATTCAGCCCTGCCGTATCCGAGGGCGCAAGGACGTCGGCGGGCGTAGGCGGCTCGTTCCCAGTCCGGTACAGCTGGATCGTCGGCGCGATCGGCTCGAAGAGCGCCTCCAGTTCGGCCCGCAGTTCGGCCCGGTTGGCGGCGTTCCTTACCTGCCGCACGCCGTGGATGGCAAACGCGTCCCAGTCGGTATTCGCCGCCGCGTCGCTGGGGTGGAAGTAGCGGACGTAGCCGTAGAGGGTGGCGAAGGCACGAAGATTTTCAACCTGCTCGCCTCGTGGTGGGTCGGTTAGCCCGAGCGTGTCGCGGTACGTGTACGTAAGGGCGGCGGCCCCGGCGAGAAGCACGAGGCCCGCGGCAACCAGCGTAGATCGGCGCACTTTACTGAATAGAGCCATTGTGAGGGAGGAAGCGACTACGGGGACCGTTCGAGAACGCGGAGCGCCGTCCGAAACACTTCGTCCGTACCGGCCCGCACCCCCTCGACGGTGCGCGTGGCCCGCACGTCCGGCCGGATGCCGACGAGGTGGTGCTGAGACCGGTCGTGCTTCTGGACGCGCATGCCCGTCCAGTAGACCTGGTATTGCCCGGGAAGCGTAAATGGATTCACGTTTCCGTTCGCCCCGGCGGTCGGCCGGCCGACGATGGTGCCCAGGTCGTAGTGCTCCACGATGCCCATGATGCTCTCGGCGTAGCTGATGGCGCGGGCATCCGTCAGGAACGCGACCTCACCGCTAAGCTGTGGCGACTTCGGCGGGAGGGTCCAGCGCCCGCCCGTGTAGCCGGCAATCTTGCGGCGATCAGGATAGATGATTTTCGGAATCTCGAAGTGGGCCGAGCGGAGCGTTTCGGACGAGAGGTGCTGGAGGAGCTCCTGGTTGCCGCCCTCGGGGTAGCCGCGCACGTCGAAGATCACCGACTCGGCCTGGGCGAGCGTATCGAGACGGGGGCGGAGTGCCTCCATCCCGACCCGTGTCAGGTCGACGTAGTGGGTGCCGCCCGGGAGCACGTCGATCGAATCGGGCCGGGGCTCGGCCTGGAGCCGGCGCCGCTTGCGCCTGCGGGTCGAGCTGTCGCTCGGTCGGGCAACCTGGCACGCCACCGCCTGTCCCTCCCGGCGAAGCTCAAGACGGGCAGTGGTTCCAGGCCGCCCCTCGCCAAGCTGCCGGAGGGCGCGGACCGTCCGCCACTGCGGGGAGCCGGAGATGGAGCGCATTTCTTCCTGAAGGGCCTCCTCGATCAGCGTGCCGTCGATGGCGGTCAGCACGTCTCCGGGCCGCGCGCAGCTTTGGGCCGCGGCGGAGGCGGCCGTGTCGGCGACCACCACATTTCCCTCCACCCGATCGAACTGGAGCGGGAGACCGGCCGTCAGGCTGTCGGCGGGGTGCGACACGCGCCCGTGCCCATCCTTCAGGGGCACCAG
NZ_CP030361.1_gap28	554578	557089	2511	ACGCTCACCGTCTTGACGCTGGTGCCGGTCCGGTTCGTCTACCCGAACGCCGCCCCGACGCCGTGGCGCGCCATCGTGACGGTGGGGGGCGTCGCGTGGCTCGGGCTGTTGCTGGCGCTGCTGCCCACCTTCCCGGAGCTGCCGGCATGGGGGGGCGACTGGGTCCTCGGGGTGTCGTTCGTGTACCCCGTGTTTTACTTCGGCCTGTCCGGCTGGCTGGACTGGACGAGCCGGCAGTCGTAGCGGCGTCGGAGGCGGGCACGCCCGCGAACGCTCGCCTGCACTGGGGCTACGGGCGGTGGAGCGCCTGAAGGTGCGTCCCCACGTCGTTTGCGAGCACGTGGAGGCCGCGGCTAAGGCGGGCAACGAGCCCCTCGTAGTCGGTTACACGCCAGTCTTCCGTTCGGTGATGGGTGGTTTCCTGCACCAAAACGGTGTCCGCCCCTGGCCGGCGAAGGGTCCACTGCACGGTCATCTGAGCGTGGCCGTCCGGTGGGGGGGCATCGCCGTCGGCGTCCGGCCCTGGGGGGCGCGGCCCGACGCCCTCGAAGCTGAGGACGTGCAGCCGCAGGAGGTAGTCGAAGGTCGCCCCGCGCGGCCACGGCACCCCCTCTACCGACCGGATCCCCGGACGGGCCTCCAGCGTGCGGGCCACGGTGCGACCGATGCCCCGGTCTAGGGTTTCGCCCCACCGGTGAAATTCGGAAAACGCGACCGCGTTGGGGCCGTGGCGCGTCACGAGGCGCGTCTCGTCGAGGTAGGGGGCCAGGCGCGGGCTTTGCAGGCCGATCCGCAGGCCGGTCGGGTCCGTGGATGGGGGCGGCGTCGCCGCGGTATCGGGGGGCGACGCGCCGTCGAGCAGGTAATAGGTGGCGTCGCTCGTGCGCGGCTCCAACAGGCGCACACACCCGGCCGTCGAGAGCGCGACCACGCCGACGACCACGGCGCACCATCCGAGCCGACGGAGAAGAACGGAGGGGACGGGCACAGTCATGGAACTACTGCTGGTTCGAGGGAGGGGGCTCTTCGCGGCCGCGGAGGAACATGCTGGGGTTGCGCTCCAGGGACTGCACGAGCACCCGCAGGGCCTCCGTGGCCTCCGAGAGGTTCGAGAGGGCCTCGTTCATCTGGTAGCCGATGCCGGAATTGGGGGAGAGGGTCTGATCCACCTCGTCCATCGTGCGGCGCATCCGTTTTAGGGTCGCGCGGAGCTGCCGGCTCGTCTTTTCGAGCTCGTCGGCCGTCGGCTCCACGCCCCGATCGAGCCGCTGGATCAGGGCCTGTGCGTCCTTGATGGTGGCCCGCAGCCGCTCGGTGGCCTTTGGCATGTCCTGCAACGCGGTGCGCACCTCCTTGGACTCCACCACCTCCCGCACCGACTCGATGGTCGACAGGGCCGAGCGGTTGATCGCCTCGGCGTCGAGCGCCTCCAGCTTGTCGTTGGCGTTGACGAGGAAGGTGACGAGGTTCTCGTTGATCTGCGTCACATCGAACTGGCGCAGGTTTGTCACCAGGCCGGACGCGCCCTCGCCGAGCTTGGCCAGGGGGGAGAGCTCGGTCGGAATGGAGAGGCGGGACGGCGGGCCCTGGGCGTAGACGGCCGAGTCCGGGTCGGAGATGTACGTGAGCTCGACGTACAGCTTGCCGGTGACGATGCTTTCGAGCTGCAGCTGCGCCCGCAGCCCATCCTCGATCTGGTCGCGGAGCAGGGTCGGGTCGTCGAGGTTGAGGCGCGCCCCGGTGGTGTCCGTCACGGGATCGAGGTTGATTGCGTACTGCACCGGCACCTGAAACGTCTCGTTTTCGAGGTCGACGCGCAGGTTGATGTCCGTCACCTCGCCGATGGGCACGCCCTTGAACTTGACCGGGGCGCCCACGTCGAGCCCGTTGACCGACTCGTCGAAGTAGCTGATGAACGTCGTTCGCTGCTCGAAAAACTGCCCGGAGCCGAAGGCCCCCACCCCCACGACGCCCAGCGCCAGGGCGCCGACGACGAAGAGGCCGATAAGGGTTGGGCTGACACGTTGGCTCATAGATCAGGGGGGCGAGCGGGCGGGGGCCCGGTGCTATTCGTTGTCGAGAGACCGAGTCAGAAACTGGTACACGCGCTCGTTGGGTGGGTTGCTTCGCAGGTCCTCAGGGGGGCCGAGGGCCGTCATCGTCTTGGTGTCGATGTCGAGGTAGAGCGCGCGGTCGGCGATGGTAAAGATGCTTTCCAGGTCGTGGCTCACCACCACGACGGTCGTGTCGAGGCTGTCGCGCAGTTGTAGGATGAGGTCGTCGAGGCGACGGGCGCTGATCGGGTCGAGGCCGGAGGTCGGCTCGTCGAAGAACAGCAGGTCGGGATCGAGGGCGACGGCCCGGGCGAGGGCGGCCCGCTTCCGCATGCCCCCACTGATTTCGTGGGGACGGAAGTCCTCGAAGCCCCGCAGGCCGACGAGGGCGAGCTTGAGCGACACGATCCGGGCAATGTCCGGGGCCGCGAGGGCCGTGTGTTCTTCGAGGGGCAGG
NZ_CP030361.1_gap29	598674	599511	837	TGTGGGAGAGCAACTCGAAGCTTTTGGCGACCGCGACGCCCTCCCTCACCGATGAGCTTTCGCTCCGGCTCGACGTGGGGGGCAGTCTGCGACACCGCCAGTTTGAACAGGTGGGCGTCTTCGGGCGAAACTTCAGCATTCCCGACCTAGAGACAATCTCCAACACGGCCAACCCCACTCGCAACTACGACTTCTCGGAGCAGCAAATCCGCTCCTTCTTCGGGTCGGCGTCCTTCACCTACCGAAACTACTTGTTCCTCACGCTGACGACGCGCAGTGACTGGTCCTCAACCCTTCCGGAGGACAACAATCCATTCGTATACCCGTCGGTAAGCGGAAGCTTCGTCTTCACCGACGCCTTCGACCTGCCGGACGCACTGAGCTACGGCAAAGTCCGGGCCTCCTGGGCGGAGATCGGGGGGGATACGGATCCGTACCGGACCAGTCTGACCTATGGCATCATCGGGCAGCACCAAGGGCAGGCCCTCGAAACGATCACACAGCTGAGCGTCCCCCTGCTCGACCTGAAGCCGACGTCCACGCGAGAGATTGAGCTCGGATTCGAGACGCAGTTTTTCAACGACCGGTTCGGCGTCGACTTTACCTGGTACCGCCGCAGCACGGTCGACCAGATTCTGGACGTCACCGTGTCGTCGGCGTCAGGCTACACGGCGCGGACGGCAAACAGCGGCGAGATCCGAAATACAGGCGTGGAGCTGCTCCTGACGTCGATCCCATTCTCGACGGCGGACTGGACCTGGGATTCGAGGGTCAACTTCGCGGCGAACCGAAGTCAGGTTGAGTCCCTCGCGCCGGGCCTCGATGTGCGGGTAGGGC
NZ_CP030361.1_gap30	627499	628029	530	GCTTCTGGGACGAAGAGATGTTCGCCCGGCTGGGGCGGCTCGACGAGGCCCGCGAAAAGCTCGGCGAGACGATCGGGTACGCGAACGACCTTGGGCTCTTTGCTGAGGAGATCGATCCGGAGACCGGGGCGTTCCTGGGCAATTTTCCCCAGGCGTTTACGCACGTCGGGCTCATCAACGCCGCCATCACCATCACGAAGGCCGAGGAGGAGGCCCCCACTGCCCTACACGAACAGCCCGATCCACAATGACGTCCCTACTCGCCCTCAATGTTGGCTCGGCCCTCCTGTGGGGCCTCTTCGCCACCGGCCTGCTCACGCTGCTGATGTCGGGGAGCCAGGGCCTGGGGTGGTCCCGGATTAGCTTTCCGTACATGATCGGGAGCATGTTCACGTCCCACCGAGGACGGGCGATGGGGATCGGCTTCCTGGTGCACCTGGCCGTCGGAATGAGCTTCGCGCTTCTCTACGCGCTGGTCTTCGAGAGTTGGCAGTGGGCCACGTGGTGGCTCGGGGGCCTGCTCGGCGTCT
NZ_CP030361.1_gap31	629619	631609	1990	CGCCCTACGATCCTTCGGGGCGGGCACAGGCCCTGCACGACACCCTGATGGTTGCGGATCTCCACAACGACCTGCTCCTGTGGGGCCGGGACCCGCTGACGCGCCACGACCGCGGCCACACCGACGTGCCGCGGCTGCGGGCGGGCGGGGTGGGCCTCCAGGTGTTTGCCGCCGTCACGCAGGTGCCGCGGGGCCGCAGCTACGCAGGGACGGACGCCGATGCCCTCGACCAGATTCCGTTTCTTGCCGCCGCCCAGCGCTGGCCCGTGCGGACCTGGACGAGCCGCCTGGAACGGGCCCGGTACCAGGCCAAGAAGCTCCGTCGCGCCGCGGCCCGGGACGGGGCCCTATTCCTGCTCCGCACCCGGGCCGACCTGGACGCCCTGCTCGCACGGCGCCGCACGAAGGGGGCCGCGATGGGGACCCTGCTGGCCGTCGAGGGGCTCCACGCGCTGGAGGGCGAGGCGGCGCACGTCGACACGCTCGTCGACGACGGCTACCGCATGATGAGCCTCACCCACATGCACGACAACGCCCTCGGCGGTGCGTCCACCGGGCTCGACAAGGGCGGCCTCACCGACTATGGGGCCGCGGTGGTCGATCGGCTCGTGGCCCGCAACGTGACGATCGACCTCGCCCACGCGTCCGAGGCGCTCATCGACGACGTGCTGGCACGGACCCGCGGGCCCGTCGTCGTGAGTCACACCGGCGTGCGGGCCACCTGCGACAGCCCGCGCAACCTGAGCGACCGCCACATCAAGGCCGTCGCCGCCCGCGGCGGCGTGATCGGCGTGGGGCTGTGGGAGACGGCGGTGTGCGGCACCGGCCCCGCCGCGGTTGCCGCGTCGATGCGCCACGTGGCCGACCTCGTGGGGGTGGAGCACGTGGCGCTCGGCACCGACTTCGACGGGACGGTCTCGGTTCCGTTCGACGCCACGGGCTTTCCCCTCCTCACGGAGGCCCTCCTCGCTGAAGGGTTCTCTCCACGAGACATTGAACAAATCATGGGGGCGAACGTCGTGCGCGTGCTCCGCCAGAGCCTCCCGCCTGCCGAGTAAAAGCGCCCCCAGAGCGGCTGGGGAGGCCTCACGCGTCCGGAACGTCAGTCTGGACGAGGGCCGTTATAAAAAGGGCAGCGGTTGAGGGGACGACGTGCGGCACAGACGAATCGGTACGTGGGTCGGTATGGTCGCCGGGTGCAGCAAGCTTCTCCGAGGGCGTCGTGCGTGCGGGTGGCGAATCGTCGCCGGGATTGTGCTGCTGGGCCTTGTGCCCCTGGGGGCAATGGCGCAGGGCACAGGGGCCGTGACGGGAACGGTCGTCGATGCCGCCGACGGGGCGCCCCTCGTCGGGGCGACCGTGAGGCTGCGGGCCGCCGCTGCTCCGACCGTGGTCCAGCGTGGAGTGACGGGGGAAACGGGCACCTATCAGCTTGACCGCATCCGGCCCGGGCGCTACGTGCTTGAGGTGACGTCCCTTGGGTACCAGCGACGCCAAGTCCACGTCACGATGGAAGTGGGCGAGTCGCGCAGCGTGGACGTCGAGCTGCGACGGGATGCCTTTGGCCTCGAAACGATCGTGGAGGCCCCATCGCGAACGCGACAGCGGCTTCTGGAGGCCCCCGCCTCGACGACTGTTCTGGAGCCGGCACGCATCCGACGGGAGGCGACAACGTCGTCGGTGGAGGCGCTCCGGACCGCGGAGGGGGTCGACGTGGCCCAGACGGGCATCGACCGGATCGAGGCGGTGCAGGGGCCGGCCGGGGCGCTGTACGGAACCGGGGTGGACGGGGGCGTGCTCCACTTCGTCACGAGAGACCCGTTCCGGGACCCCGGTACGTCGTTTGCCCTCTCCGGCGGGTCGCGGCGATACCTCAACGCCCAGTTCCGTCAGGCCGGGGTCCTGGGCGGCGCGGTGGGCTACAAGTTTACCGGCCAGTGGGGGCGGGCCGACGAGTGGGGCCTCGATCCCGAGAACGCCCGGGACGTTG
NZ_CP030361.1_gap32	635482	640191	4709	AGAAGTCCGTCCTCGACATCGGGTACCTGCACCGCGGCATCGAAAAGCTCGCGGAGCACAAGACGTACCAGGAGTTCATGCCGTATACCGACCGCATGGACTACCTGTCGCCCTACTCCAACAACGTGGCGTGGTGCCTGGCCGTGGAGAAGCTGGCCGACATTGAGGTGCCGGAGCGGGCGCAGTGGATTCGGATGATCATGAGCGAGCTGGCGCGCATCTCCTCGCACTGCCTCTGGCTCGGGGTGGGGATGATGGACGCGGGGGCGGTGTCTGGGTTCGTCTGGACCTTCCAGGAGCGGGAGGAGATCTACTCGATCATGGACGAGGTGGCAGGGGCCCGCTTCACGGTGAGTCACAGCCGCATCGGCGGGGTGGCCAACGACTTTTCCCCCCGCGCAATCGAGATGATTCGCGACTTCGTCGACACGTTTCCGGACCGGATTGCGGGCTGGGAGGGCCTGCTCAACAAGAATCGCATCTGGGTCGAGCGCAACAAGGGCGTGGGCCGCGTGACGAAGGAGGAGGCGCTGGAGCTGGGCCTGACGGGCCCGAACCTGCGCGGCTCCGGCGTGCCCTACGACGTGCGCCGCTTCGAGCCGTACCTGAAGTACGACGAGGTCGACTTCACCATTCCGGTGCGCGAGGAGGGGGACTGCCTGGCCCGCTACTTCCTGCGCCTCGACGAGATGAAGCAGAGCGTGCGCATCATCGAGCAGTGCCTCGACCGGATGACGGAGGGCCCCATCCGCTCCGACGACGCGAAGGAGGCCTACCCCTCGAAGGAGGAGGTCTATTACTCGATGGAGGGCATGATCCACGACTTCATGTACACCGACGTGGGCACCGTGCCGCCGAAGGGCGCCCACTCCTACCACGCCATCGAGGGCCCCAAGGGCGAGCTCGGCTTCTACCTGACGTCCGACGGCACCGGGCGGCCCTGGCGCGTGCGCATCAACGCCCCGTCGTTTACGAACCTGCAGGCGATGGAGCACATGCTCGAAGGGGAGATGGTGGCCGACACGGTCGTCATCATCGGCTCCCTCGACCCGGTCATGGGGGAGGCCGACAAGTAGCCCACGTTCGATCGGCGAATGCTGAGTGTCGAGGGGCCCGGCATCCGGCATCGCATTCGCTCCCTGGTACTTGCCATTCGAAAACCGACACCCGAACATGTCCAGTTTCGACGTTCAGCAGCCCATTGTCGAGCTTCCGGATCAGGATCCCGATCCGGCGTTCTCGGACGACGAGCTCGTGTGGACCGACGAGGAAGAGGCGCAGATCGAGGCCTGGAAGGACCAGTATCCGGAGGACCAGGCCGCCATCATGAAGGTGCTGTGGCTGGCCCAGGAGAAATTCGGCTACCTGGCCCCGGAGGTGATTCAGCTCTGCGCGGACACCCTCGACATGACGTTCACGCAGGCCTACGGCGTTGCGACCTTCTACCACCAGTACTTCAAGGAGGAGAAGGGCACCTACGTGCTCGACGTGTGCACCTGCTTCACCTGCCAGGTGTGCGGGGGCTACGACGTGTTGCACTACCTGGAGGAGAAGCTGGGCGTTCACGCCGGCGAGACGACCGACGACGGGATGTTTACGATCCAGGAGGCCGAGTGCCTTGGGTCCTGCGGCTCGGCGCCCATGATGGAGATTACGAACGGCGTCTACGTCCACAACCTGACCCCCGACAAGATCGACGACCTCGTCGAGAGCCTGCGTGCGGGGGAGGTGCCCTCGTTCACGTCGATGACGCTGCCCCAGGACGAGGAGGAGCTGGACGGCAACCGCCGCACCGACGTCGAGAACAGGGAGACGTACCAGACGCAGCCCCGGGCGGAGCACACGGAGTAAGACGTGATGCGTGAGACGGGAGGCGTGAACGGAGGGCACTGCCCTGCTTCGCGGTTCCCGCTCCGGCCCTTTGCACTTTCACCTTCGCAACCTGAGACTGCATATGGAAACGAACGGAACGCCCCAAAGTCCGGCCGGCGACTGGCGCTCGTACGAGCGGATGCTGCTGCCGCCCATTCAGGACCTCCACAAGCTGGGCGTGTACGAGGAGCACGGCGGATACGACCGCCTCCGGCGCGTCCTTGAGGACGACGCGTTCGAACCGAGCGACGTCACGGACGAGGTGAAGGCCTCCGGGCTCACCGGGCGCGGCGGGGCCGGCTTTCCCACCGGGATCAAGTGGACCTTCATGCCGGAGCCGGACGAGCGCCCGCGCTTCATCGGGGTGAACGCGGACGAGAGCGAGCCCGGCACCTTCAAGGACCGTCAGGTGATGGAGTACAACCCGCACCTGATGCTCGAGGGCATCCTGCTCGCCGGGTACGCCCTCCACATCGACACGGCCTACGTGTACATCCGGGGCGAGTATACCGACTGGATCGTGCACCTGAAGGAGCAGCTGGAGAACGCCTACGAGGCGGGCTATGTGGGCGAGAACATCATGGGCTCGGACTTCACGATGGACATCGTGCTCCACAAGGGGGCCGGAGCCTACATCTGTGGGGAGGAGACGAGCCTGATGGAGAGCCTGGAGGGCAAGCGCGGATACCCCCGCTACAAGCCGCCCTTCCCGGCCCAGAGTGGCATCTTCGGCTCCCCCACGACGATCAACAACGCCGAGACGCTGGCGCACGTCCCGCTCATCGTGGAGCAGGGGGGCGAGGCGTACTCGAACATCGGAGCGGGGGACATGCCGGGGCCCGCCCTCTACGGGATGTCCGGGCACGTGAAAAACCCCGGCGTCTACGAATTTCCGACGGGCATGCTGCTGACCGACATGATCTACGACGTGTGCGGCGGCATGGCCCGCGACAAGGACCTGAAGGCCGTGGTGCCGGGCGGGTCGTCGGTGCCGCCGGTGCCCGCCGACCAGATCGACGGCATCTCGATGAACGACGAGAGCCTCGGTGAGGTGGGCTCGCGGACGGGGACGTTCTGTCCGCTCGTGCTCGATGAGGAGACCGACATGGTCTCGTTCCTCCGCCGCGTGGCGCACTTCTACCAGGACGAAACCTGCGGGCAGTGCACGCCCTGCCGCGAGGGCACGAGTTGGCTCGAAAAGATCCTCGCCCGCATCGACGAGGGGGAGGGGCGCATGCGCGACATCGACCTGCTCCTGGAGCTGTGCGACAACATGGACGGGGGGCGCACCATCTGTGCCTTCGCGGACGGCGCCGTGGGGCCGGTGCGGGCCACCGTCAAGCGCTTCCGCGAGGAGTTTGTGGCGAAGTGCCAGGCGTCCGTCCACCCCGTCAGCACCGAGGTGTCCGCCGGCGCCGAGTCGGCCGTGGCGGCGACGGAGTAGGCCGTGGCCACGCGGCGGGGGAGAGCTGCCTTTCGTTTCGCCTTCTGTTGCTCCATGCTCCGATGCGCCGCAGTCCTTCTCGGTGGGGCTTTGCTCGCGGCCTGCGGCACGGGCGAAACAGAAACCAACGCCACCGGGGCCGAAGAGACCCGGGGCACGCTCGTCGACGCGACGGCGGCGCTCCCGGCCTCGGCCGTGGCGGCGGAGGCGGGCGTCTACGAGGGGCGTCCGGTGACCGTAGACGGGCGCATCGCCGCCGTTGGGGCCACTGGGTGCGAGGTCACCCTCACAACCGGCAGCCGGCCACTCGTCGTGGCGGCCCCGCGCACCGAGGCCGACGGCTGCGCCTGGACCGTGCCGGGGGCGGCGCAGGGATTCGCGGTCGCTGCCGGCACACTGCGCATCGCGGACGACACACTCCGCCTAACTGCGAACGGGGTGCGGGTCACGCCCGTTCGTATCTCGGACGCAGGCCCGTCCGGGCCGAGCCCGTAGCGCCATGTGACCGGAACCCCCTGACTTGTGCCGCCTGTACCGCGTCGGAGGAAGGCACGGGCGGCAGCGAACCGGCTTCGGCGCTGGCCCCTCTGTCACCGAGGCTGAACTTGTTCTCTCTGAGGCCTACCTTACTACATTCAGAGAACAGGGGACCTCGGAGCCGGGCTCCGAATACCCCCTGATGCTTTCCGCTCAACCCTGAACGTTGACCGCCTACCGCTATGCCGATCGTCACCGTCGACGGAACGACCTACGAGTATGAGGGGGAGCAGAAGCTCTTGCAGTTCTGCCTGAACCAGGGCATCGAGCTGCCCCACTTCTGTTACCACCCCGCCATGTCCATCCCGGCCAACTGTCGGCAGTGCCTGGTGAAGGTGGGGATGCCGAAGGAGGACCGGGAGACCGGCGAGGTGGTGCGCAACGAGGAGGGGGAGCCCGAAATCCAGTACTTCCCGCAGCTGCAGGCCAGCTGCACGGTCGACCTGCAGGACGGCATGGTCGTGAAGACGCACCGCACCAGCGAGGAGGTGGAGCAGGCGCAGACCGACAACCTGGAGTTTCTGCTGACGAACCACCCGCTCGACTGCCCGATCTGCGACCAGGCCGGCCACTGCCCGCTCCAGATCCAGTCCTACAAGTACGGGCCGGAGGGCTCCCGCTTCGAGTTCCGCAAGGTGCACAAGCCGAAGCGCGTAAAGCTGGGCCCCCGCGTGACGCTCGACGCCGAGCGGTGCATCAACTGCACCCGCTGCACCCGCTTTACCGACGAGGTGTCGGAGAGCAACCAGCTCACCATTGCAAACCGGGGCGTCAAGAACTACCCGATCACCGCCCCGGGCGAGACGTTCGACGACCCCTACTCGATGAACACGATCGACATCTGCCCGGTGGGCGC
NZ_CP030361.1_gap33	643828	646908	3080	CGGACGACTGCGGGGCCGACCTCGCCGTCTTCCCCGAGCTCTGCGTGACGGGGTATCCGCCCGAGGACCTGCTCGAAAACCCGTTCTTCAAGCGGGCCGTCCAGCGCACGGTCGACCACCTGGCCCAGGCCCTGCCGTCGGACCTCGGCGTCATCATTGGGGCGCCGGTCCCCAACGGCGACCGGTTCGGCAAGCCGCTCCACAACGCCGCCCTGCTTTTGGAGAACGGGGCCGTGCAGGACCGTGTCTACAAGACTCTGCTCCCGACCTACGACATTTTCGACGAGGACCGGCACTTCGAGCCCGCCGAGGAACGGCGCCTCCTGGAGTGGCGGGGCCTGCGCATCGGGCTCCACGTCTGCGAAGACATGTGGAACGTGCACCAGCCCGAAGGGGTCGACCAGAGCGAGCGGTACGAACGCGATCCGGTCGCGGAACTGGCGGCCCTGGACCCGGACCTCTTCGTAAACATCAGCGCCTCCCCGTTCTCGATCGGGAAGCACGAGGTCCGCGACAAGCTCGTCGAGCACATCTGCCGCCGCCACGAGCGCCCGTTCCTGCTCTGCAACCAGGTGGGCGCCAACACCGAGATCATCCACGACGGCGACAGCCGCGTCCACGCCGCCGACGGCACACAGGTTGCGTGTGCGGCCTCCTTCGAGGAGGACCTGCTCTTCTGGGACACCGAGTCCTCCCCCGAGGCCTGCACGACGGGGCGCGACGCGATCGCCGACCTGCACGACGCCCTCGTCCTCGGCGTCCGCGACTACTACGAGAAGACCGGCATCTTCGACAAGGCCCTCGTCGGCCTGTCGGGGGGCATCGATTCGGCGGTGACCTGTGCCCTGGCCGTCGAGGCGCTGGGGCCGGAGCGCGTGGTGGGGGTGACCATGCCCTCCGAAATCTCGTCGGAAGGGTCCGTGACCGACTCCCAGGCGCTCGCCGACAACCTGGGCATCGAGTTCAAGGAGATCCCGATTAAGCCGGCGGTCGACGCGTTCGACGACATGCTGGCGGACGAATTTGCGGGCACCGAGCCCGGCGTGGCCGAGGAGAACGTCCAGTCCCGGGCCCGCGGGGTCACGCTCATGGCGCTGTCGAACAAGTTCGGCCACCTGCTGCTGTCGACGGGCAACAAGAGCGAGGTGGCCATCGGCTACGTGACGCTCTACGGCGATACGAACGGGGGGGTGGCGGTGCTGAGCGACGTGCTCAAGACGCGCGTCTACGAGCTGGCCCGCCACATCAACGTGCGGGCTGGAGAGAACGTGATCCCACAAAACACGATCGAGAAGCCGCCCTCCGCGGAGCTGCGGGCGGGGCAAAAGGACACCGACACGCTGCCGCCCTACGAGACGCTCGACGCCATCCTGAAGCGGTACGTGGAGCAGAAGAAGGAGCTGGGGACCATCGTCGGGGAGACGGGCCTCGACGAGGACCTGGTGCGCGGTGTGCTGCGGCAGGTCGACCAGAACGAGTACAAGCGGCGCCAGGCGCCCCCCGGCCTCCGGGTCACCGAGAAAGCCTTCGGCATCGGCCGCCGCATTCCCATCGTCATGGAATGGGACCGCGAGGCCATGGAGGCACTCGCCGCCGAGGAGCCCGTATCGAACCTGTAGCGCTGGAGGGCCGTCGCGACGCCGAGACGGGTCCCCTGCCCTTTCACACCTCCCCCCTGACTGATGCGTGTCTTTTGGATTGCCGGGGCCGTTGTGCTCCTCGATCAGGCCACCAAGGCGACGGTCCTCCAGTTCATGTACCGCGAGCAGTCCATTCCTCTCCTCGGGGACTGGCTGCGGCTGACCTTCACGGAGAACCCGGGCATGGCGTTCGGCATCACGATTGGCCCGCCCGGGACCGTAACCGTCCTCTCCCTCCTGGCCACCATGCTGGTCGGGGCGTACATCTACCAGGTGCGCAACGACTACGCGCCCTACCGCTGGAGCCTGGCCTTCATCCTGGGCGGGGCGCTCGGCAACATCATCGACCGCGTCTTCTACGGCGTGCTGCTGGACTACGGCCCCTACTTCACCGGGCGCGTGGTCGACTTCATTCACGTAAGCCTCTGGCAGGGCTTCATCCCTCGGATCATTCCGGTCTTCGGGGGGGCGTACATGGAGCTGTTTCCCATCTGGAACGTGGCCGATATGTCGATTGTCGTCGGGGTGGTCGGGGTCATGGTCTTCCACCAGGCCTTCCACGAGCGCCGGATTGCGAAACGCCGGGCCGCACGCGCCGACGGGCGGACGTGGCGGCGCCCCGCGGCGGTCTTCTCGGACCTGGACCTGGAGGCGCCCCCCCCGGCCCCGTCGGCTCTGACGCAGCCGGACGCCCCCGCATCGCGCGGGGAGGCGGCCTCCGGAAGCGGTGCGGCGTCGGCCTCCGCCCGGTCGTCGGCCGTCTCGGAGCCGCACCCCTAGCCGCTGCGGCGAGCGGGACGGGCGCCCCGTCGTGCAACGCGAGGAACGGTGGCCCGTTATACGCCCCGTGAATTGAGGGCCCGGCCGGGTGCAGCCCACCGGTCCGGCCGCCCCGCGGCCCTTCACTGGACGCCCATCCGATGGCCTTTCGTGCCTCATGCCTGACCTTTCGACGATCCGCAACTTCTGCATCATCGCGCACATCGACCACGGGAAGAGCACCCTGGCCGATCGGCTCCTGGAGCGCACCGGGACCATCACCGAGCGCGAGATGAAGGAGCAGACGCTCGACGACATGGACCTGGAGCGCGAGCGGGGCATCACCATCAAGAGCCATGCCGTGCGGATGGCGCACACGGCCCCGGACGGGCAGGAGTACACGCTCAACCTCATCGACACGCCCGGGCACGTCGACTTCACCTACGAGGTGAGCCGCGCGCTGAAGGCCTGTGAGGGGGCGATCCTGCTGGTCGACGCGGCGCAGGGCATCGAGGCGCAGACCATCTCCAACCTGTGGCTCGCCCTGGAGCAGGACCTGGAGATCATCCCCGTCATCAACAAGATCGACCTGCCGGTGGCCCGGCCCGACGAGGTGGCACAGGCGCTGGAGGACCTGATCGGCGAGCCCGCCGAGGACATTCTCCAGATCAGCGCCAAGAC
NZ_CP030361.1_gap34	649726	650487	761	CGCGCTACCAGATCCCGCGGAGACGCATGGAGGAGATGGGCATCAGCGAGGTGCGACGAACCAACCGCGCGGAGACGGTGCGCGTGCTGGCGACGCCCGAGGGAGCGAAGCAAATGCGCCAGCGCTCGTGGGTACGCTCCATCGAGCCCTACGTTCTGAACAGCGACGAGTACAACGACCTCATGTATCCCTCCGGGCGAGGGTACACGCCGGACAACTACGGGCCCGTTCACATTCCGGCGAAGGGGACCACCGTGAAACTCACGGACCGGAACTGGGCCCTCTACAGGCCGGTCATCGTGCGGTACGAGGGGCACGACGCGCGCCAGATGACGGACTCCACCTTTGCCATCGATGGGGCCCGCACGTCCACCTACACGTTTCAACAGGACTACTTCTTCGCGATGGGCGACAACCGGGACAACTCGCAGGACAGCCGGTTCTGGGGCTTCGTGCCCATGGATCACGTCGTGGGCAAGGCCGTCCTCACGTACTTCTCGTGGGACCACGAGGCATGGCTCCCGCGCTTCGGGCGCATCCTGCGCCCCATTGCGGACGCCGGCGTTTTTCGTGAACAGCCGGTCATGAATGAGCTGTCCGGGGGCCAGACGGCCGGCGTTCCCCTGCCCGACTCGTCGTCAAGGGCCCGCCCGCCGGTGGTCACGGACCGGTTCCCCGCGCGCTGAGAACCGCGGGGACGGGCCTTGATGGGTTTCCCTTGCCCCGAACGTTCCGGTGTGGGGGCCCGCTCACCGAGAGGC
NZ_CP030361.1_gap35	658243	662953	4710	GGACCGGATACTCGGTGATGCGCCTCACCCTGTACTCGTTCTTCCAGACCATTACCTGGAAGTGGGGCGTGTCGTACGCCGTGTTCATTGCGGCAGGGGTGCTGTACACCCATCTTTACCGGCGCCTCGCGAAGCGCCGCGAGTGGACGCAGATGTCGCTGGGCCAGTTGGCGCCACGCGTCGTAGGGGCGACCCTCACGGTCGCCCTCCTGTTGCACCTCACGATGGACGGCGTGGGGCGATACGTGCTGGAGCTGGACTTCTACGAGGAGGTCCAATCGGAAATCGGGATGCTGTTGGCCTCCGTCGTAAACATGTGGATTCTGTTGATGCTGTGGTCGCTCATCTACTTCGGCGTCCACTACTTCTGGAGCTACCGGCAGGCCGAGGTGGACAAGTGGAAGCTGGAGGCCCAGGCCGAGACGGCCCGGCTCAAGGCCCTGAAGCTGCAGCTGAACCCCCACTTCTTCTTCAACAGCCTCAATAGCGTCCGGGCCTTAATCGCCGAAGATCCGGACGGCGCACAGCGCATGGTGACGCGTCTGGCCCGCCTGCTCCGGAGCACCCTTCAGGCCGACGACATGAAAACCGTACCGCTGGAGGAGGAGCTGTCGACCGTGCGCACGTACCTGAAGCTCGAGAAGGTGCGCTTCGAGGACCGGCTCCGTCACCGAATTGAGGTGGACGACGAGGCACGATCCCACCCGGTCCCGTTCATGCTGGTGCAGACGCTCGTGGAGAACGGGATCAAGCACGGGGTGGCGTGCTGCCAGGAGGGCGGCGTCATCACGGTCCGGGGCAGGGTGGTGGACGGGGCCCTTCACATCCGCGTGACCAATCCCGGGACCCTCGACACGGAGGAGGGCGGAACTGGGCTGGACAATGCCCGCGAGCGCCTGCGGTTGCTCTTCGGGACGGAGGCGTCGCTGACCGTAGAAAATGCGGACGCTGAGACCGTCTCCGCGACCGCGGTGCTTCCGGTCCGGGCCGTCCCCGAATCGCCCGTGGTGCAGGGGGAGGTCTCCCTTGCGGCCCGCGACTGACCAGAGAACGAAGCCCAGTTCCGACATGCTATACGACCGCACAACCCCGTAGCATCCGGCATGGCGTCTCCCCCTGTGCTCCGTACCCTCATCGTGGACGACGAGCGCCTGGCGCGCCGAGAGCTTCGGCGCCTGCTGGAGCCCCACGAGGCCGTGACGGTGGCCGGCGAGGCCGCCAACGCCGACGCGGCAGAGGCCGCCGTCCACGAGAAGAATCCCGACCTGCTGCTGCTCGACGTGCAGATGCCGGGCGACAGCGGGTTCGACCTGCTGACGCGGCTCGATGCGGTGCCGCACGTTGTGTTCGTAACCGCCTACGACGAGTACGCCATCCGCGCCTTCAAGGTCAACGCGCTGGACTACCTCGTGAAGCCGGTGGAGCCGGAGCGCCTGGCGCAGGCGATCGAGACGGTGCAGGCGCGGGCGACGAGGAGTCCCGATCTCCCCTCACGGCCGAAGACCAGGTGTTCGTGAAGGACGGGGAGCGGTGCTGGTTCGTGCGGCTGGCGGACGTGCGCCTGTTTGAGGCGGCGGGGAACTACACGCGGCTCTACTTCGACGGGGAGGAGCCGCTCACCCATCGCTCCCTCAGCTACCTCGAAGAACGACTCGACCCCGACCGCTTCTTTCGGGCCAGCCGCCAGCACATCCTCAACCTGCGGTGGGTCGCCGACGTGACGCCGTGGGCGACGGATAAGCTGAAGGCCACGCTAGAGGACGGGACCGAGGTGGAGCTGTCGCGCCGCCGGTCCCGTGCGTTCCGCGAGCAGCTCAGTCTGTGAGCCCGCTTCTGTCCCGAAGGATGGGCGGGCCGCCCAGCCCGTCTGCTCATGCAGAAAGAGGGGGCAGGCCCGACGACGCCCACGCGGACGGCTGGGGGCTTGACCGCTGCGAGGGCGGCCGGGAAAACGGATCGGTCGTCGGGGCGGGCGTCCCGACGCACCGAGCCCATCGGACTGCACGCCTCCCAAAATGGCCCAAACGCCGACACGCAAACGCGCAATGACGCCCCGTCACGCCCTCTGTGTCCTCCTGCTCTGCGGAGCGATCAGCCTCCCGGTGCAGGCCCAGAGCTTCAGCATGGTGACCGGCCGCAACCACCCCGAGATCGACTGGCGTGTGGCGACGACGGAGCACTTCGAGATCGTCCACCCCGCCCGCCTCGGCGACATCGCCGCTGAGGCCGCGCCGATCGCGGAGGCGACCTACGACACGCTCTCGGCCACCCTGGACGTGGCGTTCGATGAGCGGATCCGTGTCTATCTGAGCGACCAGGATGCCATCGTCAATGGCTTTGCGGTCCCGTTCGGCACCGGCTATACCGACATCTGGGTCAATACCAACGACTGGGCCGCCTCCTTTTCGGGAGCCACCTCCTGGCTCCGTCTCGTGCTCGCCCACGAGCTGACCCACATCTTCCACTACGAGGCGGCGCGGTCGGGCCTGGGCGTCTGGGCGCTCGCGCTCGGCGGCTCGTTTCCGCGCGTCTGGACGGAGGGCCTCGCGCAGTACCAGGCGGAGACGTGGAACGCGCAACGGGGCGAGCGCTGGCTCCGCGCCGCCGTCCTCGACGACGCCCTCGCCTACGACGACGGCCGGTCGCTCTGGAACGGGCGCCTCCTCTACGCCTCCGGCCACAGCCAGGTGCGCTACTTCGCCCAGCAGCACGGCGACTCGACGCTCACGGACCTGCTCCACCACAAGACGGACGTGCTGTTCGGGCTCGCCGAGGTGCACGACTTCGAGGCGGCGTTTCGGGCGACCGCCGGGCAGTCCTACGAGACGTTCTACGAGCAGTGGCGGCGCGACGTGAACGTCTACTACAACACGCTCGCGAGCCAGCTCGAAACCCTCGACTCGCTCCAGACCGACACGCTTGCGGTGCCGGGGCGGTACGTGGACGGCCTGGCATACAGCCCCGACACGTCGCGCATCGCCGCGCTCACCCAGCATTCGCCGGCCCGGCCGGTGCGCCGCCTGCATGTGATCGACCCGTCGACCGGCGCCGTGACGAGGGGGGCGGAAGGCGCGATCGAGCCGCCCGTGGCGTGGCATCCCAGCGGCGAGCGGATCGCGTTTAGTCGGCGGACGCGGGCCGCGCACGGCTCGCTCGTGGACGATGTGTTCGTGGTCGATGCGGACGGGACCGACGAGCGCCGCCTCACACACGGCCGCCGCACCTCGGCCCCCACGTTTGGGCCGGACGGGGACCGCCTCGCGTTCGTGGCAACCGAGGGCGGCACGGCCAACGTCCACCTGCGGGCCCTGAAGACGGGCGGGACGACGCGGGTGACGGACTACGAGGGCGACGTGCAGATCACGGCGCTCCGGTGGCACCCCACGCAGGACACCCTGGCCTTCGCCCGCGTTTCCGAGGCCGAGCGTGAACTGGTCCTCTACGACCTGGACACGGGGGCGTCGACCGCCCTCACCGATCCCGCGACCGACGACCGGCGGCCCGTGTGGAGCCCCGACGGCTCGCAGCTGGCCTACACCTCCCTCCGCGACGGCGTCCCCAACGCCTTCGTCTACGACCTGTCAACCCACACGCACCGCCGCGCCACCCACCTCGTCCGCGGCGCCACGGTGCACGACTGGGTGCCCGCCGACTCGGCCTTCGGGGCCGAGTCGAGCCGTGCCGCTCCGGAGGGGGCGCTCGTGACCTCTACGGCCCTCTCGAAGGCGCGCGACGGGGCCTTCCGCCTTCCTGCCCACCGCACGGCGCGGTCGGTCGCCCCCGCGGTGCCGGGGCAGTACGACGACTGGACGACGACCCGGCCGCCCCGCACCATCCCGCAGCAATTGGCCCCCGATCCCTCGCTCATTGAGTCTCAGGGCGACTACGACGCCCTCTCCAACCCCAGGCACCGGGCGTCGGGGGCGCTGCCGTACTACACGTCCACCGACAATTTTGGCATTGCGGGGGTGACGTCCTGGACCGAGCCGCTGGGCACACATACGTTCAATGCGGCGGGCAGCGTCTCCTTCACCGACCCGGACGAGAAGAGCGAGGTCGTGGCGACGTACCTGAACCGGCAGCTACGCCCCACGATTGGCCTCAGCCTGTTTAGCGCCTCCTCGTCGGGCCGCATCTACGGGAACGACCTGCTCGTGGAGGACCGAACGGGGGGCGCCCTCACGGTGCGGTGGCCGCTCGACTGGCACGTGGCGCCCTACGTCTCGACCTCGTTTTCCACCCGACTGCGCTACGCCGACCTTAACCCGCTCGACCCGGACGATTTTACGGCCCTCGGGCCCCTCTCCCCTCCTCAGGCCGGGCAGCAAGCAAGCGTGCGTCTCCAGGTTCTGCGCCGCAAGAAACCGCCGTCCCGGCACACCCTCGTGCACCCGCTGGACGGGTGGGGCCTCCGGCTCCGGGCCACCGGCGCGGCCGAGGTGCTGGGCGGCGACCGCTCGTTCCTGCGCGGGGACGTGGCGGGATACGCCGTGTATCCGAGCATTGGAGACCACCGGGTTTTCCTCTACGGGCGGCTGCAGGCCCAGACCGGAGCGTCGTTCCCGCAAGACTACATTGGCTTCTCGCGCTACGACGCGATCGACCTGCCCCTGCCCGGCGCTGTGCCGGTCTCGTTGGGCGACGCCGAGCGGGTGCGCGGCTACCGGCGGTACGTGCTGGGCACCCGGGCGGCCTTCGGGCGCGCCGAGT
NZ_CP030361.1_gap36	721801	726073	4272	GCGCCGCGGCGGGGACCGAGCTGGAGCACGTCCCGCCCCCGCGTGAAATGTCGCTGGAGGACGCGATCGAGTTCATCCGCGAGGACGAGCTCGTGGAGGTCACCCCGGAGGCGTACCGGCTCCGCAAGCGCCACCGCAAGCCGAAGGCCCGCCGCCGCGCGCAGGAGGAGCGCGCCGCGGGGTAACGCCGAATGTAGATGCGGAGGGCAAAGGCCGTCTCTCCGCCCCGCACGCTACGCGGCGGCCTCCATCACCTCCTCGTCCTCCTCCGGCAGGCCCTCCCCGTCCGGGCCGGCCTCGTACTGCTCCTTGATGTTGGGAAAGGCCGTCTGGAACATGTCGTTCACCTCTTCGGCCTCGCCGTCGTGCTCCGCACGGGCCTCGTGCAGGCGGGCACAGGCCTTCCACACCGCGCGGCGCAGGTTCCACTTGCGGACGGAGTAGGCCGCACTGCGACGCGTGTCGTCGTCTTCAAGCCAGCTGAGCTGCACGTACGGCTTGGGCGTGCCGCTGCCGTCGTCTTTCCAGCAGAAGTTGAGGCCGATTACGCCGGTCGTCGAGCGGGCCTCCGCCGAGCGCCGGACCGGATCCATCGGCTCGGGCAACTCGTCGAGCAGCTCGTCCCGGTACTCGACGGCCTTTTCGAGGGCCTCCTCGCGGCCGCCGTGCCGCTTGTCGGAAAAGTACTTCGTATATTGCTCTTTCTGACGCTTAATGCGCACCTGCCAGCCGTGGGTGGGGTGACGGTCGGGATTGTCTTCGGTGGGCTCGATGTCGATGCGAAAAACGTTCTTCGGCTTGTCGGACATGGGTGAAAGAACTCAGGGCGATCATTTTGTGGTGGTGGGATAGGGGGGCCTGAACCAGGCCCGAAGTCGTCGCAGTGCGGACGCAGACAGAGGCCCCGACGTCCGGGTGCTGCCGTTGAGAGATAGGTCTTCTCGTCGGGATTGAGAACAGGAGGGGGGCCGACGAGACGTCAGACAGCAAAGGGTCATAGAAGCGAACATTCGCCAGACCGAGGTGGAGGCGTCAACGCCTGAATAAAGGCGTCGACGTACGTTTCGCGGGGCGGACCCCTGGAAACGAAGGCCTCTGGGTGGTGTCAGGGGCAATTCCGTCCGGTGCAAGTGTTGCGACGATCAAATATGCAAAACAGCACCGGAGAAGTGCAACCGGCACCGTCGCGGCGGCTCCTGGGCGGGGGGCCCTGCTTTGGAGAAGTGGAGGGGGAAAGACGGAGCCGAAGCCGCGACAGCGCGGCAGCTACAGTAGATTTGCGTCTTCGGCCGCCTCGTGGAGCACAGCGCGCTGCTTCCGGGAGAGATTTTCGGGGATGTTCACGTCGATTTCGACGTACAGGTCGCCGGTCCCGTCGTCGGTCTTCACCCCTTGACCCTTCAGGCGCAGCTTCTCGCCCGGCTGTGTGCCGGCGGGCACCGAGAGCTTGAGGTGCTGCCCGTAGGGCGTGGGAACGCGGATGTCCGTCCCGAAGACGGCCTCGAACATGCCGATGGTCTCGGTCCGGTGAACGTCGTCGCCCTTGCGGTCGAAGTGCGGGTGATCCCCCACCTCGAACGTCACGTATAGGTCGCCCCGCTGTCCCGTGGGGGCGGGCTGTCCCCGGCCCTTCAGGCGAATCTTGAAGCCGTCCCGCACGCCCTTCGGAATCTTGAGGCGGATGGACTCGCCGGAGGGAAGCTCGACTTGCTTGCGGCCGCCCTCAAGGGCCTCCCGGAACGAAAGGCGGAGGGTCGTTTCGAGGTCCTGACCGCCCTGGCGCCCTCGTTGCCGCTGCTGGCGCTGCTGTTGACGGCCCCCGTCGAAGGGATTCTGGCGCTGCGTGCGGGCGCCCCCGCCGAAGAAGTTCTCGAAGATGTCGCCGAGGCCCCCACCCCCGCGGCCGCCGAAGGCCTCGTCAAAGCCGCCTTGCTCGAACCGAACCTCGGGCCCGCCGCCGGCGGACCGGCCCCACGCGCCGCGGCCCCCGCCGCCCCCGCCGAAGCCGCCTCCGCCGCCGAACCGGCGCTGGGCATCGTACTGCTCGCGCTTCTCCTCGTCCGAGAGAACGGAGTATGCCTTCTGGATCTCCTTGAACTTCTCCTCGGCGTTGGGGTCGTCCGGGTTGCGGTCCGGATGGTGCTTGCGCGCGAGTGTGCGGTACGTTTTCTTGATCTCCTCCTGGCTCGCGTCTTCGTCGACGCCGAGCACGTCGTAGAGGTCTTCGGTCTGCGGCATAGCGGCGGGGGAGCACTGTGAAACCAATCGGCGAGCCGGGCCCTGCACCCGAAAACAGTAGGTGGGTCCCTCGTGGGCGGGATCCTCATAACAGAATTCATGCCATTACGTTCAACAAGACGAAATGACGGATTCGACCGTGACATCCCGTCCCTTCGACAACGTCCTCGTCGCCAACCGCGGCGAGATTGCCGTTCGGGTCCTGCGCACCTGTCACGAGCAGGGCCTCAACACGGTCGCCGTCTACAGCACGCCGGACCGCTCCGCGCCCCACGTGCGGCGGGCGGACGAGGCGTACCACATCGGCCCGGCGGAGGCCGCACAGTCGTACCTCGACTCGGAGGCGATCTTGGAGGCGGCGCGCCGCAGCGGGGCCGACGCGATTCATCCCGGCTACGGGTTTCTCTCGGAAAACGCGGCCTTCGCGGAGGCCTGCGCCGAGGCCGGCGTTCACTTCGTGGGGCCGCCGGCGGCGGCGATCCGGGCGATGGGGGACAAGACGGCCGCCCGTCAGCTCATGAAGGAGGCGGGGGTGCCGATGGCGCCCGGCACGACCGACGCGGTCGCCAGCACGGAAGAGGGGGAGGCGATCGCCGAGGACATTGGCTATCCGGTGCTCATCAAGGCCGCGGCCGGGGGCGGCGGCAAGGGCATGCGGATCGTCCACGAGCCCGAACATTTTGCGGGGGCGATGGACCGGGCGCAGGGGGAGGCCGCGTCCTCGTTCGGCGACGGGCGCGTCTTTATCGAGAAGTACATCGAGGAGCCCCGCCACATCGAGTTTCAGATCCTGGCCGACCACCACGGGAATACGGTCCACCTCTTCGAGCGGGAGTGCTCCATCCAACGCCGCCACCAGAAGGTGATCGAGGAGGCCCCCTCGTCGGTGCTCACCCCCGAGGTGCGCCGCGAGATGGGCGAGGCGGCGGTGGCGGCGGCCGAGTCGTGCGGCTACCGGAACGCGGGCACGGTGGAGTTTCTGGTGGACGCGGACCTGAACTACTACTTCATGGAGATGAACACGCGCCTGCAGGTGGAGCACCCGGTCACCGAGTGGGTGACGGGCGTCGACCTCGTGGCCGAGCAGTTGCGCGTGGCGCAGGGGGAGGCCCTGGGCTACACCACCGACGACCTGTCGATCAACGGGCACGCCATGGAGAGCCGCGTCTACGCGGAGGACCCGGCCTCGAATTTCCTGCCCGACCCCGGCCCGCTCAAGCGGCACTCCGCCCCGTCGGGGGTCGGCGTGCGGGTGGACGCCGGCGTGGAGGAGGGGGGCGAGGTGCTGATCCACTACGACCCGATGATCTCCAAGCTCACCACGTGGGGGAAAGACCGCACGGCGGCCATCGACCGCATGATCCGCGCGCTCGACGAGTACGAGGTGGCGAGCATGGCCACGACGATCCCGTTCTGCCGCTTCGCGATGGAGCACGAGGGCTTCCGCGCGGGCGACTTTACCACCCACTTCGTGGACGAGGAGTTTGACCCGGCCGCCCTCCAACTGGAGGATCCGGAGCGGGACGAGCTTGCGGCCCTCGCGGCGACGCTCTACTACGCCGAGACGCAGGCCGACGAGGCCCCAACAATCGCGGCGAATGGCCGGGAGGATCGGAGTCCGTGGCGCCAGCGGCGGCGTCCCTGATTCAGAGGCCCCGAGCTGCCGGCGAACGTGCCCGCCTTCGGTCCGGTGATTGGGGCCGGAACTACGACGCCGTCAGGGACCGTCTCCGAGGCGAGGGGGCGGGGCACGTGGTGGGCTGTGGCAGCCGAACGACGAATCGGCTTCCGACCTGTTTCTCCGCCTCGACTTCAATCGTGCCGTTCATCGGGTTTGTGAAGCGTGGTGCTGGCTGTCTGCCTTCCGGCGGGCCTGAACACGAAGATTATCGATTCTTCCTCGGCAGCACGCTTTAGGGGTCAGTTATGGATCCTCTACCAGCCCACTGTGACCACGCAGTTTGTAACTCCTGGTTGGTCTTTCCAATCGAGGCGACTTGACTGGACTTCGAGATCGACCTGCCCGAGGACCAC
NZ_CP030361.1_gap37	735103	738403	3300	CCACCGGGGCCGCTTCGTGCACGCGTTTGCGGAGTGCCCCTTAGCCGTCGACCTGGCGGTAGGGAGCGAGGTGCCGGCGCAGGGCCGCCCGGTCGGGATCGGACAGGTGGGCATACCGGACGATGCCGATGCCATCCAGGTCGGCCACCGCCACTGCATCAGCCCGAGTTGCCGAGAGGGTCAGCACCACACTTCCGTCGGCGAGGGCCCACTGCTCTTCCGCCGTTGCGGGAGAGCGGTCCACCACGCAGAACCAGTCCGTTACCGGAGGGGTAGGCGGGTCAGAATCTTCTTTCGATTGGCGAAGGGTAACGGTTGGGCAAATGCGAACGGGTCTAGGGGGTGATAAGGAGGGACGCAAACTGGGATGCCTCGGGGCAAAGTCCGGAAGAATCTTCCGCCTGTTGTAGAGCAACAAAAATGCCAGTCTTTTCTTTTGGGCTCACTTCGGACGCCCGTACGCTTCTATTATATTCTATTTTAAAGTTTTCTCCTTTTTGAGAGGATGAGGGGTGCCCCTACGCTTCAGTACACGCGCCGTCGTCTTCTCGGAGAAGGACGTCGCTCCGATATGGTCTCTGCGTCGGTAATTTCGCCCCCTGCGTTGAGAGTCTCTGTAAGGCAGTCGGTCCAGCCGCGTGTTGTAGCAGCGTGGTTGTTGACCAACAGTCCAGCGCCGGTCGTCCTTCCGCTGGATCTCTCCGGCCCCGATCGACTTGCTTGACGGCGGTGGGTCGGTCTAGGGCGATTTACACAAGCAGCTTTTTGGCTCTTCCGCACTCGAATCCTGCATCGTAAGAAATGCTTTCCTATAAAATATACTCCAAAATATTCCTTACGCGATGACATACACTCACGTGTCACCGGGAAAGGTGCAGCTGATGCCCGTCCAAATGCGATGGCCTCGTAAAATTCAGCCATCTCTGTGTACCGTCGCGTCTTTCATGCCGACCAGGTGTTGAGGAGCCGTGCCGCCAAGAGCGGCCCAGGCGAGAAGGCAAATGCATTCTGGGGCCGCCTGCGCCGACATGGGCGCTGCCTCCGTGCCCACTCGAATCTCCCCGCGCGTCTACGGCCGTTCCTGGAGCCAGCTCGCCGTGATTGCACAGCGGCAGGGCAACACCGCGGATCCAAACTCCGCCGACGAGGAGGGATTGCCGGTCTGCGTGTTCGGTCCCGTCAAACGGCGGTTGACCGACAACGGGATCCACGAGCAGGCGGAAGGCTACTTCGTGGAGTGGTGTCCCGACCTGGCCGCATATGAGAGCTGCAATCGTCGTCTGAATCGGTGGGTGTCGTTTTTGCCCCGCTCGCCCCTCTCGGATATCAGCTGCACAAAGACACAGAAAGAGGGGGGCGGAGCTGCTAAATCGACGCCGATTACACTGGTAAAAGGACCGCGGGCTTCCTGAGGGATAAGGAAATTCTGGGCGGCAGGGGAATTGCTTAAACGAAGAAAAGTCGCCCCAAGCTTCACTCGGAGCCCTTGTGACGACGGCCAAAGCCTTCTCGTCCTGTTGGATGAGTCCTACACGAGCACAGGACGTAAATCGGGTTGTTCCGGTGCGCGAACCGGAAAAACGCTACAAAAATAATCCGGACTCGTGCCGGATCGTGCGGGCCCCCAGGCCTGTGCGTCGCCTGCTGAGGGGGCTGAGAGGAGGGGACCCAAGATTCGGAATCTGGTGGCGGGTCAGGAGCCCCCTGTCTGCAACATGGCCCCCTAAACATAGCCCCCTGGGCCCAGGCGGACGACTACGAGCGAATTTCGACCCCGGTAAATTCGAACCGGGCCCCGCCATCGGGAGACTCCGTGAGGCGGACGCCCCAGCCGTGTGCCTCGGCGATGCGCTTCACGATCGAGAGCCCGAAGCCGGTCCCCTGTTCCCGCGAGGTCTCCCCGGGCTCGAATGCCGTCTCGCGCCGGGCGGGCGGAACGCCGGGCCCGTCGTCCTCCACGTATAGGACGGCGTCGTCGGCACGCCCGACCCGCACCGTGACGTCGCCCTCGCTGTGCTCGACGGCGTTGCGGAAGAGGTTCTCGAAGACGTGCCGGAGGCGGTCCGGGTCGCCCTCGATCGTGCACGCGTCGTCGACGATCAGGGACGCCGCGTTGGTCTCGACCATGTCCCAGCACTGGTCCGCGATGTCCGTCACCGAAACGGGCTCGAGGGATTCGGCCTCGTTGCCGCGCCGGGCGAGAACCAAGGTATCGGAGATGATGTCCTCCATCCGGTCGAGGGCCTCGTGCACCTTCCTGCGGTGGAGCTCCTCATAGTCAGGATCCTCGACGGACAGCGTGGTGCGCATCTGCGCGACGTTGAGCGGGTTGCGGAGGTCGTGGGCCACGATGCCCGCAAATTCGTCGAGGCGCTCGTTCTTGCGGCGGAGCTTTTCTTCGCGGTGCACCTGGGCGGTGACGTCGCGGGCAATCCCGACGATGCGGGTCACTGTGCCGTCGACGACGACCGGCGCGAGCTTGGTCTGCCAGATGCGCGGCCCCGCGGGCATGTCGAGCTCCTCCTGGTAGGAGATGGGCGCCCCGGCCTCCACGCAGCGGTGGTAGTTCGCCTCGAGCTCGGCGCCGAGGTCCGGGCCGAGAACCTCCCGGGGCGTCTTGCCCCGGACGGATTCCGAGTCCAGTCCCGTCGCGGCCTCGTGGTACGGGTTGAGCCGCTCGAAGCGAAATTCCGTGCCCGACTCCTCCTCCTCTACGTCGAGGAAGAAGATGGCGTCCTCGGCGTTCTCCAGGAGCGCGTGGTACTCCTCGGTGAGCGCCTTGAGTTTGCGTTCCTTCTGGAGCTGCTCCGTCACGTCCCGGCTGAGGGCGATAAAGCGCTTCTCGCCGCCGATCTCCGTCTTGTCCACCCACACCTCGATCGGGAATGAGGAGCCATCCTTGCGGCGGTGGCGGCCACTTTTCTTGGCCCGGTCGCCGACCTCCATGGTCCTCCAGGTCTCGCGCAGCTCCTCCTGCGACAGGCCGACCTCGAAGTCCGCCACGTTCATGGACCGCAGCTCCCGGTACGTGTAGCCAAGTTCGTCGACGGTCTGCTCGTTGACGTCCAGGATGTGTCCCTCCGCGTCGTGGATCACGACGGAGTCGGGAAGATCCTCGAACAAGGACTTCAGGCGCTGGCGACTGCCCTCGAGGGTCTTCTCACGTCGCTTCCGCTCGGTGATCTCCCGGCTGATGCCGACGATACCGACGATGGTGCCGTCCTCGTTGCGGTGCGGATACCGGTTCTCCAGGAAGACGTGCTTCGTGCCGTCAATGAATCGGGTGGCCTCGTAGGAGTC
NZ_CP030361.1_gap38	762870	766901	4031	AGGCAGCCCCGTTCGAACCCATTGCTCACGAGTCAATCCGTGCCCGAGCACTCGGTGCCGGTTCAGGGTCCGTTGGGCGCCGCACGGCGGTGCCTCGCAGCCAGTCGTCACATCACGCCTGGCCGACCCTGGTGGCAGTTCCGCTTGGTCCCTTCGCTGTTGTTCCGTTTGTACTGATGTTGCGAAGCGCCCGTTGGACCCACTCCCGCCCGCCGGCACAGGGGCAGGCACACCCCGACCCCACATATGTCCAAAGAAATTGTCTTCAACGTCGGCAACGAGCAGACGCGCATCGCCATCGTCGAAGATGGCAAGCTCGTCGAGCTCTACATTGAAAACGCCGAGCACAAGCGCACGATTGGCAACCTGTACCTGGGGCAGATCCGAAAGGTGATGCCCAGCATCCAGGCGGCCTTCGTCGACATCGGGCAGGAGCAGGACGCCTTTCTCCACTTCTCGGACCTGTCCGACAACCTGCCGTACCTGCTCGACTTCCTGGGGCTCGAGGCGCCGACGGTGGAGGCGATCGATGTGCCGAAGGGAAAGAAGGACTGGGACAAGCGCCCGTCCGACCTGCTGAACCGCGGGCAGACGATCCTCGTCCAGGTCACCAAGGAGCCCATCTCGAACAAGGGCAGCCGCATCTCCACGGACATCTCGCTCGCGGGGCGCTTCCTGGTGCTGGTGCCCCTGCAGAACTACGTTGCCGTCTCCCGCAAGATTACCGACGACGAGGAGCGCCGCCGCCTCGAGTCCCTGGCCAGCAGCCTCGTTCCCGACGGCGTGGGGGTCATCGTGCGCACCGTGGCCCAGGACCGCGACGCCAAGTCGCTGGACAAGGACATGAAGCTGCTGATGGAGCGGTGGCGCCGCGTGGAGAAGCGCCTCAAAGACAAGCCGAGTCCCCCGGAGCTCGTGCACGAGGATGTGGACATGGCGTCCTCCATCGTGCGGGATGAGTTTTCGGAGGAGTACGACCGCATCCTGGTCGACCACGAGGGGCTGTACAGCAGCATCCAGAGCTACGTGCGGGCCGTGGGGCCGCAGCTGGTCGACCGCGTGGAGCTGCACGAGGGCGACCAGCCGGTCTTCGAGTCGGTGGGGATCCAGAACGGGGCCGACCGCGCGTTCAAGGACCGCGTGGAGCTGCCGTCCGGCGGCTACCTCTTCATCGAGAAGACCGAGGCGATGCACGTGGTCGACGTAAACTCGGGGCGCTCCGGGAAGGGCAAATCGCAGGCCGAAAACTCGCTCAACGTCAACCTGGAGGCCGCCCGCGTGATTGCCCGGCAGATTCGACTCCGCGACCTGGGGGGCATCATCGTCGTCGACTTCATCGACCTGCGGGACGAGGACGACAAGAAAAAGGTCTACGACGAGGTCAAGAAGGGCTTCGAGGAAGACCGTGCGGTGACGAAGGTGCTGCCGATGAGCGACTTTGGGCTCGTCGAGATCACCCGCCAGCGGCTCCGCCCCAGCATCACGACGACCTTTTCGTCGGCCAACGGGACCCCGTCCGACGACGGCGACGACGGGGCCGACCCCGAAGAGCTCCGCCAGGCCGAGCGCAAAATTCAGAGCCTGGAGAAGGAGGTGGAGAAGCGCGAGCGCGAGGTGAAGCGCCTGAAGGCGGAGGACGACACCCCGGACGAAGAGGTGACGGCCCTGCGGCAGAAAATTCAGGCGCTCGAAGACAAGCTCGAAGCGGCCCGGGCCCAGCAGACGGCGGAGAACGCGACGCCACGTCCGTCTTCGTCGGATGGATCCGCCGCCTCCGCAGAGGGGGATGCCGCCCCCGACGAACTTGTGGAGGACATCGAGCAGTGGCTCGTGGCGCACAGCGACACCCACCGCGCCGTGACGCTCCGGGTGCATCCGTTCGTCGCGGCGTTCCTGCGGCGCCCCGTGCCCACGTACGCGACCCGCTGGTTCATGGAGCACCTGGTGCGCGTCCACGTCGAGGCGGACACCGAGGTGCCGCCGCACACCTTTCAGGTGACGGACGAGTCCGGCGCTCCCCTGCCGGAGTCGCCGTAGGGGGGGGCCGGCGACGGGGAAACAACTGGGGGGCAGCCCGGGATGAAATGGGGCGCGTTTTTGTTGGAGTGTGACCGTGCGGTATGGACACCACTACGATCATCGACGAACTGGAAGGGGTTGCGGCCCGGCTGGGGATCGAGGTCCGGGCCGAGCCCGGCAACTTCCGTGGGGGCCGCTGCGTCGTGGCGGGGGAGGAGGTGATTATGCTCAACACGAACGACCTGCCCGAGACGCAGCTGGTGGTGTTGGCCGAGGCGTTGCGGGACGCCCCGCTCGATACCATCTACCTGAAGCCGGCGGTGCGACGGGCCCTCGAAGAGGCCTGGGCGGAGCACATGTCGGCGGAGGCCCCACATGACCACTAGTCCCCACGTGTCCACAGACGTCCCGCCGGCCGACCGCCACGCCCGTACGCCCCCGGTCACCGCCACCTTGCTGGGGACGGGGACCTCCACCGGGGTGCCCGTCATCGGGTGCGATTGCGAGGTGTGCACCTCCGCTGATCCGCGTGACACGCGCACCCGCTGTGCCTGCTACGTGGAGGTGGGCGACATGGGCCTCCTCATCGATACGGGCCCGGACTTTCGGGCGCAGGCCCTCCGCGAAGACATCGACCGCATCGACGCGGTCTGCTACACCCACCACCACTTCGACCACGTCGTGGGGCTGGACGACCTGCGGCCCTACTTCCGGGACAACCGGCGCGTGATGCCGTGCTACGCCCACGCCGAGACCGCCGCGGTGCTCCGGCGCAACTACGACTACGTCTTTGGGGGGGACCCGTATCCCGGCGCCGCGAACGTGGAGCTGGAGGTCGTGGACGGCCCGTTCCGCGTGCCGAGCCGCACCGCCGACGACACCGCAGTTCCCGTCGACCCCATCTTGCTGATGCACGGCGACGTGCCGGTGTACGGCTACCGCCTCGGCCGCTTTGCGTACCTGACGGACGCGAGTGCCATCCCCGAGGCCAGCTACGAGCAACTGCAGGGCATCGACACGCTCGTCCTCGACGGCCTCCGCCCCCGGCCGCACCCTACGCACTTTTCGTTCGAGGAGGCCGTGGCCGCCGCCCGCCGCATCGGAGCACGCGAGACGTACCTCGTCCACATGACTCACGACGTGCGCCACGCCGAGGCGGAGGCCGCCCTGCCCGACGACATCCACCTCGCCCACGACGGGCTCACGCTGGAGGTGCCGGCGTACGATTCTGCCGGGCAGGACGAGCGGTGAATCTTTCCGCCCGGTCGGCAATTGATGGGAAGGAGTTTTTCTCCGTCACGACCCGTTGCGCCCCGTGCCCCTCCTTGTCCTCAACGGCCCCAACCTGAACCTCCTCGGCGTCCGCGAGCCGGACACCTACGGCACCACGACGCTCGCCGACATCGAGGCGGATCTCACCGCGGCGTTTCCCGAGGCGACGCTCCGCTTCGCGCAGGAGAACAGCGAGGGCGCGCTCATCGATCGCCTGCACGCCGCGCACGAGGATGGCGTCGACGGCGTCGTCTTCAATCCGGGTGGGTACACGCACACGTCCGTCGCCCTGCGCGACGCCGTGGCCGCCATCGACCCGCCGGTGGTGGAGGTGCACCTGTCCAACGTCCACGCCCGCGAGGACTTCCGGCGCACGTCGCGGATCGCCCCGGCCTGCGTGGGGCAAATGAGCGGGTTCGGGGCGGCGGGGTATCGGCTGGCGGTGGAGTACTTCGTGAACCGTGACACGTGAGGCGTGAGGGGGCGGGGGGCGGACAGGGAGGCCGTTCCGGAGAGAGACGTGCAGTGTGGGAACGTGGAGAGTTGAAGGTTGAGAGTTGGGAGAGGCTGTTCATTCCCACCGTGGCCGTCTCTCCAATCTCTCCGTTTGCAGTTGCTGTTGCATTTCGGTACTGACTAGATGGCGGGCTACAAGGGGCACATTGCGGGCGCGACGGTCTTTGGGGGCGCGTACCTGGCGGCCCTCGGGTACGCGTTCTCCGTCGACGCGGCCTACCGGC
NZ_CP030361.1_gap39	788352	790065	1713	CAGCAGAGGGGGCCGACGACACCGCGGTTCCCGAGACGGCCCCCGACCGGGACGATCTTCAGTTCGAAGAGCTCCGAAACCGGCTTCGGTCCCGGTTTAGCACCCAGGTACAGATTCAGCACCGGAAGGACGGCGAGGGAACGATCGAAATTTCTTACTACTCGGAGGAGGACCTGAATCGTCTCGTGGAGCTTCTGGCGAGCGAGTAGGTGGGGCCACTGCTTTGAAGCGGGGTTGAGATCGGGGCCCCCGGCCAAGGACCGGGAGCGGCCGGGGAGGAGACGCCTCCCCTGGTGACACACCGTGTTGTTTCGTTCGTCGATCGGGTGCCTGTGATCCAGATGCGCCGTGTCGGACTCGGCTTGGAACTGCTCGTTGTGCTCCTGGGAGCGAGCCTAAGCACCGGCACGGCCTCCGCGCAGCCGGACAGCGTGCGCGCCTCCATCCTGGAGGAGAAGGGATTTTCGCCGGATCACTCTCCCCGTGGGGCCCTCTGGCGGGCGGCCGCCGCGCCCGGATGGGGACAATTCTACAACCGTCAGTACTACAAGATGCCGTTCGTCTACGCGGGCCTGGCGGGCGGCGGGTACGCCATCTACACCCTGACCCGGCGCTACCGCCTGTTCCGGAACGCCAACCTCTACGTGATTGGACGGAACCGGGCCGAGGAAAATGGCGGGGACAATCCGTACGGGCAGTTCGAAGGGGAGTACGACGAGGCCGTCGTGCGACTGGGCGGCGACCCGCAGGGTAGCACCGTCGGGGGGCGTCAACTCCGCGACCAGCGCGATCAGTATCGGCGCTGGCGCGACCTGTCGATTCTAGGCACGGGCCTGTTCTACGCCCTCACTGTGCTGGACGCGTACGTCAGTGCGCACCTGTTGAGCTTCAATGTGGGGGACGTCGCGCTCGACGTGCGTCCGAGCGGAGGCGAGCCCGTGGTCGCGGGACGGCAGAACGGGACCGACCGGACGCCCGAAGAAGTGTCTTTGCGAGATATTAATGGCATTGGGGTTCGCCTCCACGTCCGGTTCTAGCGGCGCGCCCGATCACGCCCGCGGCGAACAAGATGTAAAACTGCCCCAAAATTTTGGGCATGGGGGAGAATGGAAGCCCTTCGATGCGGGAAACTGGTGAAACCCCTGCGCCGCGAGACGTACTGATCAATCACGTTTTGTTATTCCCCGGGCCCGAGAACTGTAGCAACCCACGCAGCGGGAAGCCCCGGGCGTCGCGTGTTACTTTCGTTCGGAGCGGTGCGGCGATACCTAGATGCAGAAAGACTGTGCTTCGTCGCGGGCACCCACGAACGCGCGGCATACCTTACGTCCTTCGCGTCCTGAACTACGCACTGCGTTCCCGCTTTTATGACGACACCCGATCGCCCCCCCCGCCAGTCCACCCGGCCCGAGGAGCCCGAGCAGGCGTCTCCCGCCCAGGAAGAGCCGTCTCTGTTTGAGAAGTGCCACCGCTTCTTCGATCCGTCGGGCGACTACGCCAAACTGAAGCAAGCAGACTTGTATCCCTACTTCCGGCCCATCGAGGAGAGTGAAGGGTCCCGGGCCGTCATGAACGGCGACGAGCTCGTGATGGCAGGATCGAACAACTACCTTGGGCTTACCGCGGACCCCCGCGTGAAGGAGGCGGCCCAGGAGGCAACGGCCACGTACGGCACCGGCTGTACCGGCAGTCGCTTCCTCAACGGAACGCTCG
NZ_CP030361.1_gap40	791256	794920	3664	GGGTGCCGCCGCTGCGCCGCGACGTGAAGGACACGCTCGACCCGTCCTCGAACGCGTTCTTCGAACATGGCGACATGCAGCTCTTCCTGGCGGAGGATGCCTCCGGCGCGGTCGTCGGGCGCATCGCGGGCATCGTCAACGGCATGCACCTGGAGAAGCACGAGGACGGGACCGGGTTCTTTGGCTTCTTCGAGTGCGTGGAGGAGTACGCCGTTGCCGAGGCGCTCCTCGACGCCGCCGCCGACTGGCTCCGCGAGCAGGGCCTCCGCCGCATGCGCGGCCCGGCCAACCCGTCGCTCAACGACACCGCCGGCCTGCTGGTGGACGGGTTCGACCGGGCGCCGTCCCTGCTCATGCCCTACAACCCGCCGTACCACGAGGGCTTTCTGGAGCGCTACGGACTGGAGCGGGCGATGACGATGTGGGCGTATTACCTCCACAAGAAGTACGCGAAGTACGAGCGGCTGCAGCGCGGCGTGGATCTGGTCAAACGACGCACGCCGGGCCTGTCGCTGCGTACGCTCGACATGGACCGCCTCGAAGAGGAGGTGCGCACCGTCCGCGACATCTACAACGACGCGTGGTCCGACAACTGGGGGTTCGTGCCCATGACGGAGGGGGAGCTCCAGCAGCTCGCCGACGAGCTGAAGCAGATTGTCGACCCGGAGATCGTCTTCTTCGTCGAGCACGAGGGCACGCCGGTCGGCTTCTCCGTCGCGCTCCCGGACGTGAACCAGGCGCTGCGGCACGTCCCCGATGGGCGCCTCTTCCCGTACGGCGTGCCGTCCGGCCTCACAACGCTGTTCCTCCACATGCAGTACGGGGTTCACGAGTGCCGCATGCCGCTCATGGGCATTCGGAAGGACTATCAGGGAAAGGGACTGGATAGCATGCTCGTCCTCGCCACCATCGAGAATGGGCCGGCGAACGGCTACGCGGCCTGCGAGATGAGCTGGGTCCTCGATACGAACGACCGACTCAAAAACCACGTCGAGTCCCTGGGGGCCGTCGTCGACAAGGAATACGCGATGTTCGAGACGCCCCTTTCCCAGAACGACTAAAGACGCGAACGGCCGACTGCACACCGACGCCCGCCCCTCGACCCCGAACGTTGCCCCTCCGACGATGGACCCCGAATTCGTGTACTTCGACCTCGACGACACACTGCTCGACCACCAGACCGCCGAGCGGAAGGCCCTGGCCGACGTGCGGACCCGCTATCTGACTGTCTTCGGCGCCCTCTCGGTCGACGAGCTGCAGGAGACCTACCACACCATCAACGCCCCGCTCTGGCGCCGGTACGCCGATGGGGAGATCGACAAGCGGACCGTGCAGCAGCGGCGCTTCGAGGGGCTGCTGGAGGCGGTGGATGCCCCCCACGCCGACGCGACCCTTATCGCCCGGCACTACATGCAGCGCTACGCCGAGCATTGGGCCTTTATTCCGGGGGCACGAGAGACGTTTGAGGCCATCGCCGATCGGCACCCGGTGGGCGTCATCACGAACGGCTTCGCCGAGGTGCAAGAGAAGAAGTTCGACCGGTTTCCCCTGCTTCGCGAGCGGTCCGACGCCCTCGTGATTTGTGAGGACGTCGGCGTCCTCAAGCCCGATCCGGAGGTGTTCGACCACGCCACGGAGACGGCAGGGGTCGCCTACGAAGACGTGCTCTACGTGGGGGACTCGTACCGGTCCGACGTGGAGGGCGCGGAGCCGGTGGGGTGGCGGGTGGCGTGGTACGCCCGGAACGGCACCAACGGCCACTCGACGAACGAGCGGGGCTTCGCCTTCTCGGACTGGGCCGACCTGCGCGCCCGGGTGCTCTAGGCTACCCGAGAAGCTGCCGGAACGACTCCAGAAAGACCTGCACGGAGCGCGGCTCCAGGAGGATCGTGAGCACGACGCCCGCGAGTGCGCCCCCCACGTGGGCCTCGTGCGCAATCCAGTCGCCCACGCTGCCGCGCGCACCGCCGCGGCTGTCACCTCCCATGGCGTAGATCGACCCGAACACGTACCCGAACGCGAAGAGGACGGCCGGAATGGGCAGCGCGAAGAACAGGTAGAGGTTGCGAAGCGGAAAGAACACGCAGAACGCGAACACGACCCCGCTGATGGCGCCCGACGCCCCGACCGCCGAGTAGTTCGGATCGTCGCGGTGCGCGGCGAACGTAAGGGCGTGGGCCGCGAGCTCGGAGCCGAAGTAGAGCAGCAAGAACGCCCCGATCCCCAAGATCCCTTCCAGCAAGGGCCCGAAGAAGTAGAACGTGATCATGTTGAAGGCCAGGTGCGTGCCGCTGGCGTGCACGAAGCCGGCCGTGAGGAACCGGTAGCCCTCCCGATGGGTCCGGATGCGATGGGGCCGGAATGACAGCTCGCGGAGGAGCGACGGGTCGGTGAAGGCGTACAGACTCACGCCCAGGTTGGAGAGCAGCAGCGCGAGCGTGATGGGGGCCTGAAGCAGACGCTCCATTCGGGGGACGAGCGGGACGTGGGAGACGAGAAAAGTGGAGGAACTGGACGACGAAGGGGGAGGGCGGGGCGGAAATGCGTGCCGACAAACCGCAGGGCGTGTGGAGGGCGCTGGAGAAGACGCCCCTCCCGTCACGCCTTACGCCGCGACGGTAGAGACGTGGTTCAGGAGCGACTCGAAGATGAGCCGGCCGTCGTCCCCCCCGAGCAGCGACTCTACGCACCGCTCCGGATGGGGCATGAGGCCGCACACGTTGCCCGCCTCGTTGACGAGGCCGGCGATGCCGTGGACCGAGCCGTTCGGGTTGGCCTCGTCGGTGACCGCGCCGTCTGCCGTGGAGTAGCGGAGGAGCACCTGGTCGTTGGCCTCGATGCGGGCGAGCACATCCTCATCGGCGTAGTAGCGGCCCTCGCCGTGGGAGACCGGAATCGTGACGACCTGGCCCTCCGTCAGGGCGTTCGTGAAGGGCGTGCCGGCGTTTTCGACGCGGAGCGGCGTGTCCTTGCAGACGAAGCGGAGCGACTCGTTGCGCATGAGGGTGCCGGGGAGGAGCCCCGCTTCGCAGAGCACCTGAAAGCCGTTGCAGATGCCGAATACGAGCCCGCCGTCCTCGGCGAACCGCACCACGTCCTGCATGATGGGCGAGAAGCGCGCAACCGCGCCGGACCGCAGATAGTCGCCGTACGAGAACCCGCCCGGCACGACGACCACGTCCACGTCCCCGAGCGACGCCTCCTCGTGCCAGATGAAGCGCGCCTCCTGGTCGAAGACGTCGTGGGCGGCGTGGTAGGCGTCGTGGTCACAGTTCGACCCCGGAAAGACGACGACACCGAAGCGGGCAGACATGAGGAAGCAGGGCGGTGGGCAAACAAGAGGATGAACAGGGGCCGCAGAGGGGGCCGCGTCCGGCTTTCAAAATCCGCAGCGGCACGCGGGTTGGGGCTACGCCTTCACGAAGTCGAGCCACGCGCTTCCCTCCACGTAGTCGTCGATCACAGACGGCGTTTGTGAGCGTCCGTACGAGGCGAGCAGGCGTTCGACCTTCTCCTGGAACGACTGCAGGCAGTTGGAGATCAGGTCGCTCCGGAAGCCCCGATCGCCGAGCTCGATGACCATCTCCATCGTGACGACGCGCCCCAGGACGCGCCCCAGGTCCACGAGCTTGCGCTGCGGAAGCGACTGGTCGACCTCAAAGTC
NZ_CP030361.1_gap41	806176	806787	611	TCGCCGGCCCCCGCTTCGGGCGACCTCGCAGAGCAGGGCGGCGCCCTGGAAGCGACGCCGCTGTTTTACGTGGCCGAAGACGCGGCGACCCTGCACAACCGCTCCGGCCTGAACGCCCCGGTGACCCGGTTGGCGATGCGCACGCCCGTCCGGCGCCTGTCGTGCGAGGCAGACTGGTGCCGGGTGCGGACCGACGGGGGCACGACCGGGTACGTCGCCGCCGACGCCCTGTCCAACGTGTGGATCCGCGTCTCGAAGCGGAAGCGGCGCGTCTACGTGTACCGCGGGGCGGAGCTCGCCCACGCCTTCGAGGCAGACATGGCCTACAACGCCTTCGCCGACAAGAAGCGAAACGGCGGCAAAACCCGTCCCGACCACTGGCGCACGCCCGAGGGGACGTTCTACGTGGTCCACAAAAACCCGCAGAGCGAGTTCTACAAGGCGCTCGTGCTCAACTACCCGAAGGTGGAGGACGCACGCCGGGGGCTGGACGCGGGGCTGATCTCCCGCGCCCAGTACGAGGCCATCCGGCAGGCCCAGCAGGAACACCGGATGCCGCCCATGAGCACGGACCTGGGCGGGTGGATTGAGATTCACGGCGACGGCACGGG
NZ_CP030361.1_gap42	808316	811898	3582	GCCGTACACCACCGGCGCGCCCACCCACTCGAACCCGGCGTTGATGGTGCCGATGAGGGCCAGAAAGGCGAGCAGCATGGCGCCCACGTTGAGGGCGAGGCGCAGGCCGTCGGAGGCGCCGTTGGCGGCGGCCTCGATGACGTTGTCGGCCTCCTCTGTGTCCTGAATTTCGGCCCCGCCCTGGGTCTCGGGGGTCTCGGTCTCCGGCACCAGAATCTTCGCCATCACGATCGCCGCAGGCGCGCTCATCACCGACGCCGACAGGAGGTGCTTCGCGAACAGCTGCCGCGACTCGGGGGAGTCCCCGCCCAGGAACCCGATGTAGGCGGCCAGCACCCCGCCCGCGATGGTCGCCATCCCGCCCGTCATGAGCGTCATGATCTCGCTGCGCGTCATGTCCTCCACGTAGGGCTTCACGGCCAGGGGCGCCTCCGTCTGCCCGATGAACACGTTCGCCGCGGCGGCCAGCGACTCCGCCCCGGAGATGCGCAGGGTCTTCTGCATGACCCACCCCATGCCGTTCACGAGCGGCTGCACGATGCGCAGGTGATAGAGCACGCCCATCAGGGAGGCAAAAAAGATGATCGTCGGCAGCACCTGAAAGGCAAAGTTGTTGCCCTCGTCCGGGTTGCCCAGGTCGCCGAAGATGAACTCCGACCCCTCGTACGTGAACGACAGCAGCGTGTCGAAGAAGGTCGCGAGGGTGTCGAACAGCATCTCCCCCGGGCCGGTCTTCAGCACCAGGAACGCGAAAACGAGCTGCAGCCCAATCCCCGCGCCCACGAGCCGCCAGTTGATGGCCTTGCGGTTGGTGGAGAACAGCACGGCGATGCCGACGAAGACGACAAGGCCGATGAGGCCACGAAGCAGGGCGACGGGAAACGACATGAAGGCGCGTGTGCGTGTGAGGCGAAATCAGTACGGCGGAGCCCTCCCTCCGAGCCGAGCGTAAGATAACCACCATGGACGCGAACACAAGTCGCCCCGGCCCGAGCGTTCGTCGCCCCCGCAAAACAGCAAGGGCACCCGGCGGACGGCCGAGTGCCCCTGTGGATGCGTCCCGGAATGGAACGTCGTTCGTCTAGCGACCCGAGTCCGAAGTGGACTCCGTGGACGACCCCGTGGACGACGATTCCGTGGCGTCCGACGGCGTCCAAACGTTGTTGCCCCGGTTCATGTCCGGCAGGATCTGGTTCGGGTCGAGGGCGATGCGCTGCAGAGGCCCGTCCGTCACGCGCAGGGTGTTGGTGTCCCGCGTGTAGAAGGCCTCGGCGGGGATGCGGCGCTGCTCCGTGGAGCCGTCCTCGTAGGTGAGCTGCACCGTTACCGGCAGCATCAGCTGCTCATTCTGCGAGACCGTCACCATCGTCGTGTCGCCGCGGGCCACCGAGTCGACGGCCTGGTCCAGCGCGTCGGTCTCGTAGAACCAGCTCCGCCAGAACCAGTCCAGGTCCTCGCCGCTCACGTCCTCCATGGTGCGGAAGAAGTCGGCGGGCTTCGGGTGCTTGTAGGCCCAACGGTCGAAGTACTCCTTAAAGGCGGAGTCGAAGCGCTCGGGCCCCAGCACGTGTTCGCGCAGCACCATGAGGCCGTAGCCCGGCTTCAGGTAGGCAAGAAACCCCAGGGCGTCGTCCCGAATGCGGTCGGCGTACGTCATGATCGGCTGGTCCCCGAAGGGGGAGCCCATCTGCTTCGTCACGTACTTCGAGAGGCCGCCCATTACCTTCGCCGGCGGCACCCGGCCCTGGCCGTAGAAATCGAGCGCCGAGTACTGGTTCATGAAGGTGTTGAGGCCCTCGTCCATCCAGGCCCAGCGGCGCTCGTCGGACCCGACGACCATCGGAAACCAGGTGTGCCCGAACTCGTGGTCGGTGACCTGGAAGAGGGAGCGCCCGCGCGAGTTGACGTCGCAGAACACGATCTGCGGGTACTCCATGCCCTGCACCCGCCCGGCCACGTTGATCGCGTTGGGGTAGGGGTAGGGGGCCACGAAGTCGGAGTAGAACTCGACGGAGTGCTGGGTGTACGCGGTCGACCGCTCCCAGCCGGGGTTCTGGTCGGTGCCGAGCCCCTCTCTCGGGTACAGCGATTGGGCAAGCACCGTGCGGTCCCCGGCGTTGGCCCGGGCCGCGTCCCAGATAAAGGCGCTGGAGGCCGCCCACGCAAAGTCGCGCACCCGGTCGGCCTCGTACCGCCAGGTCAGGCGGCCCGTCCCGTCGGGGCGGGTGTCGGGGGCGCCCACCTCCGTGCTGTCGATGATCATGACCGGCTCGCGGCTCTGGCGCGCCTCGGCCAGCCGCTCGCGCTGCGTCTCCGTGAGCACGTCGTCGGGGTTTTGGAGGCGCCCGGTGCCGCCCACGATCATGTTGCGTGGCACGGTGATGTTGACGTTGAAGGTGCCGTACTCCAGGTAGTACTCGCCCTGGCCCAGGTAGGGGAGCGGGTTCCAGCCGTGGACATCGTCGTAGACGTACATCCGCGGGTACCACTGGGCGAACTGGTAGACGGTGCCGTCCTCCATCTCCATCCAGCCGTGGCGGTCGGCGCCGTCCTTCGGGAGCGTGTACGCGAAGTCGAACGAGAGCTGAAGGCTGTCGCCGGACGCGAGCGGCTCATCGAGCGACACGCGCATCCGGGTGCCGTCGACGAGCGTGTCCGGCGTCGTGGTCTCGCCCCCGCGCCGGAGCCGGAGGTTCGAAAGGTCGTACCCGGCCTCCTCGAAGAAGCCCCCGAAACGGGCATCGGCGGGCACGGCGGCGTTGCCGCGGCTGCCCGTCTTGAAGTAGTTCTGCTCCAGCTGCACCCAGAGCCGCTCCAGGGCCTCCGGGGCGTTGTTGGTGTAGGTGATGGTCTCGGTGCCGGTGACGCGCTTGCGCGCCGTGTCGAGCGCCACGTCGATCTGGTAGTCGGCGGCGTTCTGCCAGTACGCGCGGCCGGGACTGCCGTCGGCGTCGCGGTAGCGGTTCGGGTCGGGGAGGTCGACCGGCTCGAACGCCTCGAGGTTGTGCTCGGGCACCTGGTCGGGGGACTGCTGGGCGAAGGCCCCGCCCCACAGCATGGGGACGAGCGCCGCGACCAGGACGCTGGTAAGCAGGCGAGGACGGAGACGCATGGCGGGAGGGAGGGGGATTGATGAGAAAAAGCGCCGACACCCTCTAACGTAATCCTTCTGTGGGCGAATTAGAAGGACGAAAACGTTAAAGCATGGTTAGGGCCGGGCGCACCGTCCGGCCTGAGCCCGGGGCCGGCGCCCGAACGCCACCGTGCCCCGGGCGTACAGAAGCATGTCGATAGGCCTGCCTTACACTGATTCCTGCCCTGCCGCATGCGCCGCATCCCGATCCGCCGTTCCACGACCCATACCCAGGTTGACCCCGACCCGGAGGCCGAGCAGCGCATTCTCGACGGCCTCAACGACAAGCAGCGCGAGGCCGTGACGACCACCGAGGGGCCGGTCATGATTATCGCCGGGCCGGGGTCCGGCAAGACGCGCGCGCTGACCCACCGCATCGCCTATCTGCTGGCCGCCGGCAAAGCCCAGCCGCGCGACATCCTGGCCCTCACCTTTACCAACAAGGCGGC
NZ_CP030361.1_gap43	837933	840898	2965	CAGGGCGTTCGCTCTCTTCACGCTTCACGTTCCACGAATCACGAATTCTCCGGCCGTCTCAACAAACACGACGATCATTTTTCGACACTCATGACACGGGACCAAACTGCGACATTCGGACGCCGTGCCCTCCGCGTCGCGGGGAGCGGGCTCCTCGTGGCGGGCGTCGTGGCGCTGGGCCTCCTGGGCTGGCAGTGGCGGGCGAACGTGACGGTGGACCGGGTGGCCGTGACCGGGGCGCAGCACGCCCCGCCCGACACGCTGCGCCGCCTGGCCCGGGTGGGCCGCGGCACGGCGATGCGGGCCGTGGCGCCGATGCTCGTGGCCGATCGGGTGGCCCGCCACCCGTGGGTGCAAGAGGCGACCGCCGAGACGCAGTGGATGCAGGGCGCCCTAACGATTGCGGTCACCGAGCGCACCCCCGCGGCCCTCGCGGTGGACGCGCAGGGCCGTCCGGCCTACTACCTCGACCGGAGCGGCCACGCGATGCCCCTGCCCGACAGTGCCGGGTACGACGTGCCGCTCGTGCGGGGCCTCGAGGCGGAGGCCCCCTGGACGCAGCCCGACACCGCACAGACCCCGTCGTCGCTGCGTCGGGTGCTTCGGGCCCTCCCCGAGGCGGGGGTGGCCGACCTCGTGGCCGAGATTGAGATGCAGCCCGACGATGCGATCCAACTTACGACGACCCCGATCGGCCCGCACGACGCCCTGCCGGTGCACCTCGGGAGCGGCAACGTGTCCCGAAAACTGCGCACGCTCCGCGCCTTTGCGCGCCAGGTGCTCGCATCGTCGCCGGACGAGCCGATCGAACGCATCGACCTCCGCTTCGATGGACAAGTGGTCACCCGAACGCGCCCGCTCGACGGATAATGCATGCGATCCGGTCTTCATGCTGTGATCTGCTCAGTGATGAGTGACGTGTGAGCCGCGGGACGGCACGCGCCATCGCGCATCACGAATCACGACTCAGCCTGACATTGATCCCCCAAACTGCCATGAATGAAAACATCGTCGTAGGAGTCGACATCGGCACGACCAAGGTCTGTGCCGTCGTCGCCGGCAAGGATGACCTCGACCGCGTGAACATTCTTGGGGTGGGCATGGCCCCCTCCGACGGCCTCAACCGCGGGGTGGTGGTCAACATCGACCGCACCGTGGCGGCCGTTCGGGAGGCGGTGGAGGAGGCCGAGCGGGCCGCCGGCGTGGAGGTGCAGAACGTGGTCGTGGGCATCGCGGGCGATCATGTGCAAAGCTTCCAGACGCGCGGGGTGGTGACGATCAACGCCAACGAGATTACGCAGAACGACGTGCAGCGCCTCCTCGAGGACACGACGCACGTGGCCCTGCCCGCCGACCGCGAGATCCTGCACGTCATCCCGCAGGAGTTTATCGTGGATGGGCAGGACGGCGTGGCCGACCCCGTGGGCATGAGTGGGGTGCGCCTGGAGGCAGACGTGCACATCATCACCGGGCTCGTCTCCGCCGCCAAGAACATCTACCGGTGCATCGAGAAGGCCGGCTTTCGGGTGTCCGACCTGGTGCTGGAGCCGCTCGCCTCCTCGTTCAGCGTGCTGCACGAGGACGAGAAGGAGGTGGGGGTGGCCCTCATCGACATCGGCGGCGGCACGACCGACATTGCCGTCTTCGAGGACCACACGATCCGCCATACGGCCGTCATCGCGGTGGCCGGCGACAAGGTGACCGACGACATCCGGAAGGGCCTCGGCGTGATGCGGGACCAGGCCGAGCAGCTGAAGCGCCAGTTTGGCGTGGCCCTCGCCGGGGAGGCGGACTCGGACGAGAAAATCGAGATTCCGGGCATCGGCGGGCGGGACGAGAAGACGATTGGGCGCGACGCCCTCGCCCAGATCATTCAGCCGCGCCTGGAAGAGATTCTGGAGATCGCGGCGATGGAAATCAAGCGCAGCGGCTACGGCCGGCACCTGGGCGTCGGCGCCGTGCTGACCGGGGGCGGGTCGCTCGTCCCCTACACCGATGAACTGGCCGCCGAGGTGCTCGGCATGGAGGCCCGCGTGGGGCGCCCCATGGGCCTGAGCGGCGGGCTCGTGGAGGAGGTGAGCGACCCCAAGTTCTCGACCGGGGTGGGCCTCGTCCTCTACGGCATGCGCCCCGACATCATCGGCGGCACCACGCTCTCCGAAGAGGTGCGGGCCCACCAGAACGGGCAGGCCGGCGGAGAAACGCTCATGGCCCGCATCGCCAACCGCATGAAGGCCTGGTTCGACGAATTGTAAATCGGCGGTGACGGGCAGGAGGACCGCCCAATCGTTCCGCCAACCCGTCCCCACGCCGCCCGCCGTCTACGTTCAGACCTACACGCCACAATCAGCTAGTACAACGCCACTTCGACAGGCCGGCACGCACGCGCTTGGAGCCGCTCACTTCAGGCCCGCCGGGCTGTACTCTCATACTCTCAACACCACAGACCCACTGGAGGGACCATGGACCAAGACTTTAGCTCAAAATTTTCGTTCGACGATGCCGCAAACGAGGAGGCCAAGATCTGCGTCGTCGGGGTCGGCGGCGGGGGCGGCAACGCCATCAACAACATGGTGCAGAAAGGCATCCACGGCAGCGTGGAGTTTATTGCCGTCAACACCGACTCGCAGGCGCTTAGCGAGAACCGCGCGCCCCAGAAAATTCAGGCGGGCCAGGACCTGACCAGCGGCCTGGGGGCCGGGGCGCGGCCCAGCGTCGGCGCCGAGGCCATCGAGGAGAGCAGCGAAGAAATCCGGCAGGCCCTCGACGGCTACGACATGGCCTTCATCACGGCCGGCATGGGCGGTGGCACCGGCACCGGCGGCGCGCCCGTGGTGGCGGCCATCGCCCGCAGCCTCGACATCCTGACCGTCGCCATTGTCACCAAGCCCTTCGACTGCGAAGGGTCGCGGCGCATGAACACGGCGCAGGAAGGCATTGAGCTGCTGCGCGAAAACGTCGATAC
NZ_CP030361.1_gap44	846684	848682	1998	CGCGGAGGCGGCGGAGGGCCGCGGCGGCCTCGTCCGACATGAGGCTGTGGACGTCACGGCCCACGACGCCCTCCTGCGCCCCGTGCAGCCCGATCGCCGAGTACGGGCGATCGAGAAACGAGGAGAGGGCCTGCAGGTCGCGCCCCGTGACGATCCAGAGGGGAAACTGCGCGTCGAGGTCGCGGAGCAGGTCCGGGGCCTCGGGGTGGGGCACCGCCGCGGCCGGGTCGTCTACGATGGGGGCAAGGGTGCCGTCGTAGTCGAGGAAAAATAGGGGGGGCTCAACGACGGGGGTCATGAGCGGCCGTTCGTATCGCGTGTTTCGTATTCCGTATTTCGTATCCGTGGGGTGCCACGCATTGCGCACTACGCAACACGTGCCTCTACGCCGGAGCAGCCTCTGGCCTCCGGACGGCAAACCACAGATCACGAGGCTCCTACTCCTGGATCGAGTCTAGGAAATTCCCGGCCCAGTTGTGCACGTCGAGGGTCTCGATGGTGTCCTTGAGCCCGGCGAGCCGCTCCTCGCGCTCGCCCGTCGGCATCTCGAGGGCGGTGCGGATGGCGTCGGCCACGCCGCCGTGGTCGTAGGGGTTGACCTGCACGGCCTCCGGCAGCAGGTAGGCGGCCCCGGTCAGCTCCGAGAGGATGAGCACGCCGTCCTGCGAGGCGGTGACGAACTCCTGGGTGACCACGTTCATGCCGTCCCGGAGGGGCGTGATGAGCGCCGCGTCGGCCGCCCGGTAGAAGGCGCACAGCTCGTACTGCGTGTACGTCCGGTAGCGGTAGTTGACGGGCACCCAGTTTTCTTCGGCAAAGCGGCCGTTGATACGGCCCACCACCTCGTCCACCTCGCGTCGGATCTGCTGGTACGACTCCAGCTCCGTGCGGCTCGGGGTGGCGATCTGAAAGAAGCTCACATTGCCGTGGTACTCGGGGTTCTCCTCCAAGAACTTCTCGAAGGCCAGCATGCGCGACCGAATGCCTTTCGTGTAGTCGAGCCGGTCGATGCCGATGACGATGTGGTCGGAGCCGAGGCGCTCGCGGAATTTCTGGGCGTCCTGCTCGATGGAGTCGTCTCGGGACATCTCCTTGAAGCGGTCCACGTCGATGCCGATGGGGTGGGCCTCCACCCGGGTCTCGTGCCCGTTGTGCCGGACGCGGTCGCCGTCGACCTCCGCGCCGAGCAGCACCTCGGCGCTCTCGATGAAGTTGTCGACGTACTCCTGCACGTGAAAGCCGATCAGGTCGCAGCCCAGCATGCCGCGCAGCAGCTCGCGCGACCACGGCAGGATGCGGAAGATCTCCATGGCGGGCCACGGAATGTGCCAGAAGTGGCCGATCGTGGCGTCCGGGCGCTCCTGCCGGATGAGGTTGGGCGACAGCATCTGGTGATAATCCTGGATCCAGATGATGTCCTCGTCGCCCGTCTCGGTTTCCGCGAGGACGGCCTCGGCGAAGCGCTCATTCACCTGGCGGTACGTCTCGATGAACTGGTCGTCCAGGTTGAGGTGCTGAATCAGGTAGTGCGACAGCGGCCACAGGATCTGGTTGGCCATGCCGTAGTAGTACCCCTCAAGTTCCTTCGAGCTCAGGGGCACGCGCCGCACGAGAAAGTCGGGGTCGTCGGCCGGGTACTCCTGGCGCTCGGGCAGGTCCGGGTCTTCACCCATGCCCACCCACATCCCCCCTTCCTCTTCGAGCACGGGAAGGAGGGCAGTGGTGAGGCCGCCCACCGACGTTTCCCAGCCGTCGTCGGTCTGTCGAATGGGGACACGGTTCGCGACTACAGTCAGGCTCAAGGCGATGGGGCTGCGTGGTCAGAGAAGCAGTGATTGGGCGCCGGACCCGCCCGCCCGGGACGACGGTCGAGACACGCGTGGGCGTCACGCACGGCGACAGGGCGCTACCAGCATACCGGTGCGGACGAACGAAGGCAAGGCCCGTGGCGGATGCTGTTCCGCCGCGGTCGACGTCCCCTGGCGGATCCTCCGTCCC
NZ_CP030361.1_gap45	850952	852247	1295	CGCCTCGTGGAGGGCCCAGGAGGGCGGGGTGCCCGCCGCCGAGTGCCGGTCAATGTAGTAGTCGCGGTCCGTCGACAGGTTGATGGCGTGCCACCCCGGTCGCGACGTCACCTTGCGGGCGGGCGGGGCCTCCTCGTGCGCGTCAAGCGACACGTCGGTCGCGTAGAGGTGCCGCTCCAGCGAGGTGTCGCGGGTGCCGGTGACGTAGGCCGTCGAGGCCTCCGTGTCCACGCCATGGAACTGCGTCACCTCCCACTCGCCCCCGGTGATCGGGCCCAGCTCCGTGCCGTCGGTGCGGTACAGGTAGGCGTGGTTGTACCCGCTCCGTTCCGACAGGAAGACGAAGTGCTCCCCGTCGTCGAGGTAGGTGAGCTTGTCGTCCGTGACGTCGATGTACGTGTCCTGCGTGTCCTGGAGGACCGGTTCCGTGCGTCCGGTCTCGGGGTGGCCGTACAGGAGATCGAGGACGTTCTGGTTCCGGTTGAGGCGGTACATCCAAACCCGGTGTGTGCCGTCGATCTCGGGGGTCCACCCCATGCGGGCCAGGTACTCGTGCGCCTGGCCCCCGGTGTTCCACGTATCGGTGTCGAAGTACTGGATCGCCTGCGGCTGGCCCCGGGCGGTGGTGTCGACCGCCGCGAGGTCGACCACCCCGATTTTGATCTCGCTGTTCTGTTCGCCCGCCTTCGGATAGCGAAACGTCGTGATGTCCGGGTAGCGCGCGGTGTTGTTCATCAGCGGAAACGAGCGGGTCTCAGACTCGTCGAGCTTGAAGAACGCGATGCGCCGGCCGTCCGGGCCCCACTGCCAGCCGTCCCGCACGCCAAACTCCTCCTCGTAGACCCAGTCAAACGTGCCGTTGATGATGGTGCCCTCGTCGCCATCCGTCGTGAGGGCCGTCTCCGTCCCCGTCGTCAGGTTCACGGCGTGCAGGTTTCGGTTCCGGACGAAGGCCACCTTCGCGCCCGACGGGCTGAACTTCGCAAACATCTGGTACCCCCTGTCGCGATCGGAGACCGGCGTGAGCGTCTGTGCGTCGAGGTCGTAGACGTAGTAGTAGCCCTTCGTATTGGCGCGCCACACCTCCTTCGAGTCCGTGTAGATCAGCACCTTGTCGCCCGCCGGGCCAAAGGTGTAGTCCTCAATCGGCACGACCCGGCCTACGTCGCCTGCATGCAGGGTCGTCCCGTCGATCACCCGCGTCTGCTCGTCCGTCCGCAGGTTGTAGCGCATGAGGTGCGTCGCGTCGGCGGAGTCGGCGGCCTCGATGTACGTGATGACCGGGCCCTGATCCG
NZ_CP030361.1_gap46	856370	857373	1003	AAAGAAGTCCCTGCCCCCTCTTCCCCAGAGAACGGACGCTCCGGAAGCGCTTTCAAGTGGGGGTGACGCAGTACGCACCCCCATGGCGGTCATGGCGCCCTGGAGAACGCATGGGCGGGAGGCAGGCGGGGACAAACGGCGGAAGGGGATCCTTTGGCGCTCGACGCCGTGTCGACTCATCCAGCTGGCTTCGACCAATGGCTACACCCGAGATGCAAGACACGAACGACTCGGACCGTGACACTCAGACGAATGCATCGTCCTCGCCGTCCGGCGCGGCGGGGGGCGTGAAGACGGCCGCGGAGGAGATTCCGGCCGAAAACCTCATGCACGGGGACGGCCATGCGGCCATCCCCCAGATTCCGTCCATCACGTCGGATGGATCGATCGAGGTCGACGAACTGTCCCCCGCCGATTTTGAGCCCGACGACCTGCGGCAGCGGCTCCGCACGATGATGCTCTCGCGGCGGCTCGACGAAAAGATGATGACGCTGCTCAAGCAGGGGGAGGGACACTTCCACATCGGGTGTGCCGGGCACGAAGCCGTGCAGTCGGCCCTCAGCCGCTACTCCCGGCCCGGCGAGGGCCCCGGCCACGACTGGTTCTGTTTCTACTACCGGGACCTGTGCATGGCGCTCTCCCTCGGGATGACGACAAAGGAGGCCCTGCTGGCCCACCTCGCCAAGGCCGACGACCCGAACTCGGGGGGGCGTCAGATGCCGGAGCACTTCGGCCTGAAGCACCTCAACGTCATGACGACGGCCTCGTCGGTCGGGGCGCAGTTCAACCCCGGGGTCGGGTTCGGGTTTGGGATTCAGCAGCGCGGGGAGGATAGCTACGTGTACATCTCGTGCGGCGACGGGGCCACCTCGCAGGGCGACTTCCACGAGGCCCTCAACTGGGCGGCCCGCGAGCAGGCGCCCGCCCTGTTTCTGGTGCAGGACAACAAGTACGCCATCAGCGTCCCCATCGAGGAGCAGACCGCGGGCGGCACCCCCTACAA
NZ_CP030361.1_gap47	911654	914406	2752	TAGTATTAACATCTTTCCCTAAGTCAGGAAATACGTGGACTAGGTTTTTTCTCTGTAATCTAATTAGCCTTAATGAGTGGAACGGCAAGATGGTTACGTTTCCGAAGCTTGATCAGACGATGCCAGAACTCGGGGTTAGTAATTTGCTTAATGAGTGGTCATACGACACGATACCACGAATTGTCAAAACGCATAAGGAACGATGGCCGATCTTTCGCGGTAACCGGACCATTCTACTCGTACGAGACCCTCGAGACGTAATGGTATCGTACTATCACGCAGAGACTGGAAGAAAAAAAGGAACATTTGACAGCTCATTTGCTGATTTTATTCGGCATCCGACGTTTGGAGTCGAGGCATGGTGTGAGCATTACACATCATGGTGTTCTCAAGCCACCCATGTCATGACATATGAAGAGATGAAAGATGACGACATTCAGGCATTTGATCGAATGCTAAAGGCGATCGGGGTCTCTCTTGACCGGACCCTTATTGAGCAGGCCGCTCAGCGGTCGCGGTTCGAAAATATCCAAAAAGTTGAAGATGAAGAAGGAGTTAGGGAAAGTGAGGACTTTTTTGAAGATGGGAGCCGATTTACGCGCAACGGAAAAACGGGACAGTGGGAAGAGTACTTTAGTAACGGCGATCTGCGTCTTACGCGTTCGTTAGTTAATGAGTACGATATAAATATATACGAAATATAGCCTCTATTAAAAATGAAGCAGATTGTATTTGCAAAGCTGCCTCCTCCTAACAATGGAATGACAATTGCAACACAAGTGTTCTACCGCATGGCTGAGGAGGAAATTGAAGTTGAGACAATAGATACATCATATGGAGGAATGAGGCTCAGCCAGGAGGGGCTCAAGCGGGTCCAGTACGATTTATTCTTTTCAGTTCAATTTGCTCAACAGCTTCGAGAGCTCCGGAAACAGGTACAAGACCCCAGTGTGAGCTCATTATACCTTGTCGGATCACCCTCCGCCCTTGGTGTCGTCCGAAACATTCTAGCGGTTTCCGTAGGAAGATCCTATGTTAATCGGATTATTGTTCATGTACATAACGGAAATTATCACCAAATCTTCGAAAGAGGCATTGTGTCGATGGGAGCAAAGTATTTGGTGCGTAATGTTGATCGCTTCATTTTTCTAAGCGAGGGGCTCTCACAGCGTATGTCTGGTTACATCCCATCGCAGAAGCGAAGTGTAGTTCGGAATACAATCGATAAGTGTGTGCGATGTACGAAAGATGAAGTAGTGCAGAAAATCCATAGTCGGTCTCAAAGAACAAAACTCCGAATTTTATTTCTGAGCAATATGATATCGAGTAAGGGGTACAAGGATGTCGCTCGTGCGATCTCCCACATCAAATCACAATCGTCTGAATTGAGTCTGCATGCCAACCTCATTGGAGAGTGGCCGGATGAACATAGCAAAGATGAGTTTCATACATTCCTAAATCGTGAAGGTATCGCAGACGTTTGCATGGTCCATGGAGGCATAAGTAACCGCTCCCAGATCAAGGATGTATTGCTAAAGACAGACGTGTTTTTGCTCCCGACGTATTATCCTAATGAGGCACAACCGCTTTCGATCATAGAAGCTATGAATGCTGCCACCCCTGTAGTTGCCACCGAGCATATGTCGATCCCAGAATACGTAATTGACGGAGAAAACGGATACCTGGTAAATAAACAAGCTCCACGAGAAATCGCCGATGCAATCAGAGATCTATCCGAGACTACGAACTGGAAGGCTAAAGCACGACGTGCACGCCGGACGTACGAGGAAATGCACAGCCCATCTTCTGTGAAAAAGCAATTCCTTCAGGCCTTAGAGTCGAATGGTGAGTAAAAAGACCGTAACTTGCTGGAAAACTAACCAATCAATTTGTGTCGTAATCTAGCAAATATGATATGGTAAATAACTTAGAAAATGTTACTGACATAATTGCATCTCCCAAGGACAAACAGGAGGTTCGAGTACTGCCTAGGCCAAAAGCTGAGTTTGAAATTGGGAGTAGAATTGTGCCAGCTAGGGGTAAAGAGTCTATCTCGAGTCAAAATCCGGTCGTATTAATAAGGGAGGATTTGAAGGTGGCATTTCCAATCATTGACGGCGTTCCCGTTCTCCTGGCACCAGAGGTGCTTCATCCTCCGGATTGTCATATTGAAGTCAATTTGAATGACCCGAAGTACGAGGAGGCGTATGAAGAAATGGATTTTTATAATGAAGTGGCCTCTGAAGAAGCCAGAAACATTGAAAATTCGCAAGCCTTCCGAGTAATTGAGCCTGTCTGGAATGCTTGTCAAGAGAACGTTCAATCTTTTCCTACACCCAGACAAATTTGGCTAGACTCTGTTTACGATTGCGCAGCCCAGTGGGACGCATACAAACACATTTCTCCGATCAAGGGCAAGCGTGTCTTGCAAATGGGAGGAAAGGGTGCTCATGCGGTTAAGTTTTTGCTCGGGGGAGCTTCTGAGGCGTGGGTAGTAACACCTATGATTGGAGAAGTGAGGTGTGCGGTAGCCCTTGCTGAAATGGTAGGTGTAGGCGATAAGCTTAAATGTGTGGTTGCTGTAGCTGAAGAACTACCTTTTGTAGAGAGGTCGTTCGACATAGTATTTTCAGGAGGATCTTTACATCATACCAGGACAGAAAGATCAATTACTGAGGTCCACCGTATCCTTCGTGATAATGGAAGGTTTGCGGCGACAGATCCATGGCGCGCACCTCTATACTCAGTTGGA
NZ_CP030361.1_gap48	920854	924942	4088	TTGATAGTGTAATGAAGCACGAAATCAAGCGCACATATCGGTATCGGATTTATCCGAACTCCGAGCAGCGACAGGAGCTTGCTCGCACGTTCGGGTGTAGCAGGTGGGTGTACAACTGGGCGCTTGAGACGAAGACGAAGGCGTACTACCAGGACGAAGAGTCACTTTCGTTCACGGACCTCTCTGGCCGTCTGACCGACAAGAAACGGAAGGAAGAAACCGAGTGGTTGTCGGAAGTCAGTGCCGTCACGCTCCAACAAAGCCTTCGGAATCTGAATCAGGCGTTTACCAATTTCTTTGAGGGACGGGCTGAGTATCCCTCCTTCAAGTCGAAAAAGGGCGACCAGACGGCTCGGTATGTCGGCACGGCCTTCGATATTCGAGAAGAGAATGGGAAACGGAAGCTCCGTCTTTCGAAGATGCCGGGACTTATAAACATCCGGTGGAGTCGAGAACTTCCGTCCGAGCCGAGTAGCTGATGCGGCCTGTGAAAAACGCCGCAGGACAGTACCACGTCTGCTTCGTCTGCACGGAGGAAGTCCGCCGGCTCCCGAGAGTCAACGGAGAGGGCGGCGACCTCGAATTTGTCGGAGTAGACTTGGGCATCGAGAGCCTTGTGACGCTTTCCACAGGCGAGAAGGTTGGGAATCCGCGTTGGTTTGAAAACGCATACGAGCGGCTTCGCCGCGAGCAGCAGAAGCTCTCCCGCAAGGAAAAAGGCTCGAACAACTGGGAGCGGCAGCGAAAACGCGTGGCGAAGGTCCACCAACGTATCCAAGACCGCCGCAAAGACTTCATCGAGAAGCTAACCACAAGGCTCATAGAAAACTTCGATGTGATTGTGGTCGAAGACCTCTCGGTGAAGAACATGCAGCAAAACGGGAATCTTGCTCGTCACATTGGCGGGGCCGGTTGGAATCAGATTGTCCGTCGTCTCCGAGACAAATGTAAGTGGTACGGGCGGAGGCTCGTGATTGCGGATAATCAGCGATGTTCTGAATGCGGCCATGTCGATGGGAAGAAATCCCTCGATGTAAGAGACTGGACGTGTGACGAATGCGGCACCTGTCACGACAGAGACATTAACGCAGCAAAGAATCTCAGTAGGGTCGGGCAGACCCGAATTCAAGCACCTGGAGACCTGGGTAAACCCGACGCGTTTGAAGTCGTCGGTTCCGGTCGATGAATGGTAGAATCCCCCGCCAAGCGACAGCTGGAATAGCCGGGGGAGAAGTCAATCTGTGCGGGCAGTGGAAGCCGGCGAGCCCCTTGCCGGCATGGGGCTACTCTGGGAGCACGAGCTCTGCATCCAGTGCATAGACGGTGGGCAGGTCGACCTCGAACGTCTGTCATGACACAGCCATCTGTCGTCCGCACCGGGCCGTCTACAGCGCTGGGAGTGAAACGACCGAGTATCCCGTCGGCTGTCGAGGATGCGCCCTAATCGAGGTAAGGAGGGAAAAAGAGGGGCATAGCCCACCCCGTGTTCCCACCCTCCGGTCCCGAAGACATGCAGATGCAGGGACTTGAGACGGCGTGTCGGGCGGGGAGAGGAGCGAGTAGGTCGGTTGGGGAGGTTGCTTCTTGGGCTGGACGCCCTGGCAGATGGCCCACGTGTTCAGTTCGGTGGTTTCAACTGGGGGGCAGAACATTCGTCATCAGTCGACAGTCCAACGGTCCGGACAAGCCTGTACACTACACACGAAGGCGTTCCTACACTGGATTCCCACCCCGACGGCTATCGTATGACGTTGAGCAGGACTGTTGGGAATGGGAGGAGGCCGAAACCCTGAAGGCCCATTACCAGCAGGTGCAGACGAAATCGACGTAGAAGGCGTTCTCTCATCTCTTCTGGAGGCGTTGGCGGATCGGAGTCTGTTTGACGAGCAGATTTGAAGGCGAGACACAGTGGGCGAAGTTGCAACGGGCCGCTCAAACGAGCCTTGTAGTGGATCTACCAGGCGACGTGCTGAAGGCTCGTTGCACGAGATCCGCGAAGTCGCAGCGCTGGGAGCGTAGCGACCGAGTACTCCTGGGGTGCCCGAAGACGTTTCGGCAAACAGACTCTTACCCCTTTGTGCAGTCGGTCGATTTGGAGACCGAGGCCATCATCGTCCGCGGCCGCGTCCTACGGGAGCGGGATCGCTTCCTGTAGGTATGCTTCAACGAAGAGACCGGCACAACGGCGTTTGCTCTGATTGAAGACGAGCAGCGCATCGGGGGAGTAGAGTACAACGACCTGCGTGGAGAGCACGTACATTCGGTGGACTCTTCGGATCAACACCGGGATATCGATCCGATGACGCCGAGGGACGTTGTGGAGGCACTGGCTGATGCCTGGAAGCAGTTGCCGGAACCAAGGGTCAAGCCCCTGCCTCCGTCGAGCACGGCGGCGAACCGTGTTCTCAATTCCTGTGCAACCTGTTTACGGGCGACATCATTAGAACCATTCCCCGGCGGAGCACAGCGTTCACTGTGAGGCGGTGACTCTCCCAGCATCGACGACGCTCACCCACCGACACGTGGCAATATCGGTATGGATTCCGCAACGACGTACGAACACATAACGCGCCATGAGGAGGTGCTCAGTGGAGAGCCGATTATCGGCGGGACACGTACACCCGTACGGGCCATCGTGGAGGAGTGGCGGCGGGGGACTCCCCCGGAAGAGATCCCAGAGGGAATGCCCCACCTGTCGCTGGCGCAGGTCTTTGCCGCACTTGCGTACTATAGTGATCACCGAGACGAAATCAATGCACTAATTGAGCGCAACCGGATTCCGGATGCGCAGCTCGGATCCAGTGTGTCGGGCGACGAGCTTTCCCAGCACTCTCAAGACAGAGGCCCTTCATCCTGAGCGCGGGCGAATGGAACCGGAGCGCCTCTTTGCGCGGCTGTATCTTGACGAGGACGTTCACGTGCGGGTGGCGCGCATCGTGCGCGGCCACGGCTTTTCGGCTCGCACCACCCGCGGTCAAGACATGCTCGGAGCGACGGACGAGGAGCAACTGGCATTTGCCGCCGACCACAACTTCGTGGTCGTCACGCACAATCGCGAGGACTTTGAGAATCTTGCCCGCCGGTACTTTCAAGAAGGGCGAACGCATGCGGGCATCATTTGTGCAATTCGCCGTCCGCCGAGGGAGTGTGCCAGACGGCTCCTTACCCTTCTGAATGAGCGGACCGCCGCGGAGTTTGAGAACCAGCTCCTCTACATGTGATTAGAGCTGGCGACCCGCTCGCAGGACCTCGACGAGGCGTTCGAAAAAGTTCTTTCGGAATACCTTGAGCTGAAGATTGCCACCCTGCAAGAGACCACGGACCGCCTGGCGGAAAAATGGGGGATGGAATTCTCCGCCTTCAAACGGCACCTGGCGGAAGACGACCTGCCGGACGAGGCGTACTCCTATGACGTTGAGCAGGACTGTTGGGAATGGGAGGAGGCCGAAACCCTGAAGGCCCACTACCAGCAGGTGCAGACGGAATGGACGTAGAAACCTTTGTCTCATCCCTTCTGGATGCGTTGGCGGATCGCCCCTTTGTGCAGTCGGTCGATGTAGAAACCGAGGCCATTGTCGTTCGCGGCCGCGTCCTTCTGGAGCGGAATCGCTTCCTGCAGGTATGCTTCAACGAAGAGACCGGCACAACGGCGTTTGCTCTGATTGAAGACGAGCAGCGCATCCGGGGAGTAGAGTACGACGACCTGCGTGGAGAGCACGTACATTCAGTGAACTTCCCGGATCAACATCGGGATATCGATCCGATGACTCCGGAGGAAGTCGTGGAGGCGCTGGCTGATGCCTGGGAGCAGTTGCCGGAACCAAGGGGCAAGCCCCTGCCTCCGTCGAGCACTCAGTCTCTCGGTCGCCGGGGGAATTCATCGACTCGCAGGGCGTCGCGGAGGCGCCGGTGGAGATCACCGAAAGAGAGCGCAGCGTACGTCTCGCCCGTCAGCACCAGCAGCGGGTCGACGTACTCTTGCAGGCTTCGGATTGAAAAGACATGCGCAATTCGGCCAATCTGCGAAGGGAGGAAGAGCGTAGAAGTAGAGGAGAAAGGGGAAGAGGGAACAGTTATATCAAGTCGAT
NZ_CP030361.1_gap49	971415	974393	2978	GCGTTGTGGGGGTGCGCGTGGTGACGGGCGAGAACGAGCGGGCCATCGAGCGGCGCATGCACGACCAGCTCACCCGCGTCGAAGAGACGCTGGCCCTGGCGGCCCGCCCCGGCGAGCCCCTGTGGCGGACGGCGGAGCGGATGGACGTGGACACCCTTGCCGCCCGGGTGGGGCTCGACCTGCACCTCTACGACGAGGGGCGGCTCGCGCGCACGAGCCAACCCCGCCTCCGCCGCGACGGGCTGGTGGACGAGCGCCTGCCGGGGAGCGTGTACCACGAGCTGTACGACGAGGCCTACCGGTTCGTCACCGCCGAGGGGTCCATTGGGCAGTTTCGATACCGGGTCGGGTACCGGGCGCTGGTCGACGAGACGGGGCGGCCTCGGGTGGTCGTCGGGGTTCCCACGCTTGCGCAGCAGGAGCAATTGCAGGAGGAAAAGTCGCGCACCCTGGCCTACCTCTTCGGGGCCCTGCTGCTGCTCGTCGTGGTGGTTATGCTCACGGGCGTGGTCCTGGCCAATGCCCTGGCCCGGCCCATCGCCCAGCTCCGGGAGGGCCTGGAGGCCGTGGGCGAGGGCCGGTTCACGCGCACCCTCTCCGTCGACACGCGGGACGAGGTGGGCGACCTCGTGCAGACGTTCAACGAGATGCGCGATCAGCTCGCCGAGAGCCGGCGCAAGCTGGCCCGCCAGGAGCGGGAGCTGGCGTGGCGCGAGATGGCCCGTCAGGTGGCCCACGAGATCAAAAACCCGCTCACGCCCATGAAGCTGTCCATCCAGCACCTCCGCCGGGCCTTCACGCGCACCGACGACGCCACGGACGCGGCCGAGTTTGCGGAGGTGTTCGACCGCATCACGAGCACGCTCGTGGAGCAGGTCGAGTCGCTCGTGCGCATTGCCGACGAGTTTTCGACCTTCGCCCGGCTGCCCACCCGCGTCCCCGAGCCGATCGACCTGGTCGAGGTGGTTCGGGGGGCCGCGTCGCTCATGGAGGAGGAGGCGGCCAACGCCGAGGCCCTGGCCCTCGACCTGCCCGGCGACCCGTTGGTGGTGGAGGCGGACCGCGAAGAGCTGCGCCGTGTCTACATCAACCTCCTCAAAAACGCCCTGCAGGCCCTCCCCGACGACCGGGAGGGACGGGTCCGGGTCACCGCGCGCCGTGAAGAGAACGCGGGCGACGGGCCGTCGGTCTACAGCGAGGTGACCGACAACGGCACCGGCATCCCGCCGGAGGTGCAGGACAAGGTCTTCGAGCCCAACTTCTCAACGAAGACGAGCGGCACGGGCCTCGGGCTGGCCATCGCCCAGAAGAGCATCGACGAGCTGGGGGGCGCGATCGGCTACGAGACGACGGAGGGGGAGGGAACGACGTTTTGGATCCGGCTTCCCCTCGTGGACGAGCCGGCCTGAGGAGGACGCCGGTCCGGGCTACGCGGCCGTGGAGCCCGACCGGGCCGCGGCGCGAATCTGCTCGATGCGTTGGGAGAGGGGCGGATGGGAGTACTCCAGCGCCACCGTGAGGGGGTGGGGCGTGAGGTTCGAGAGATTGGTTTCCGCGAGGCGCTTTAGCCCGCCGACCAGCGGCCCGTCCCGGTCGGTGGTCTCCACCGCAAAGCGGTCGGCCTGAAACTCGTGGCGGCGCGCCCAGGCGTTGAGCGGGATCGAGAGCAGCAGGTCCACCGGCGAGTAGACCAGGCCGAAGAACAGCAGCCCCGTGTAGACGGACGGCTGGTCGACGTAAAAGGCCTGGAAGAGGCCCTCCACCTGCAGGAAAAGGGAGAGCAGCAAAAAGAGGACGCCGGTCTGCACGACGCTGGTGGCGATGCGCTGTGGGATGTGGTTGAGCTTATAGTGCCCCATCTCGTGGGCCACCACCGACCGCAGCTCGTCCACGGACAGCTGCTCCACGAGCGTGTCGAAGAGCACGATGCGCCGGTTCCCCCCGAAGCCGGTAAAGAAGGCGTTGGCCTTGTTCGAGCGGCGCGACCCGTCCATCACGTAGACCTCGCCGACCGGAAAGTCGACCGAGTCGGCGTAGGACAGGATCGATTCGCGAAGCGCCCCCTCCTCCAGCGGCTCGAAGTCGTTGAAGAGGGGCATCAGGTAGCGGGGGGCGAAGAACTGGAGGAGGAGCATCACCGCCGTCACCACGGCCCAGGCGTACACCCAGCCGTACGGGCCGGTGGACTGAAAGAACCAGAGGATCGCGGCCAGGAGCGGCCCTCCAAGGGCCACCCCGAGCGCGACACTCTTCAGCAGGTCCAGCGCGAAGGTCCGAGGCGTCGTCTCGTTGAAGCCGAACCGCTCCTCGATCCCGAACGTGGAGTAGAGCGAGAACGGCAGCGCCAGCAGTCCGCGCCCGAGGACGAGGAGGCCGATGTAGCACAGCCCCGTCCCGATCGGCCCGAAGCCCCAGCCGCGCACGACCGTATCGAGCCCCTCGAAGCCGCCCGCAAACCAGAAGACGAGCAGCACCGCCAGGCCGAACGTGGACGACACGAGCCCGAAGCGGGTCGTCGTGCGGGTGTATGCTTGGGCGCGCTCGTACTCTGCCTCGTCGAACGTATCGCGAAACTCCGCCGGCAACTCGGGCTGGAGGTGGCGAAGATTGAGGAGGTCCGAGCCGAGGTTGAGGACGTACTCGGCCAGGAGGGCGGCAAGGATGACGGCGGCGTAGGTGTTCACAGATGTAGTAGGAAGTTAAAGCGAGGAACGAGGGAGACTGCTGAGGAACCGTCGTGACGTTTACTACACCCGCTCGTGTCCCTCGCGGACTGCGCGCACGATCTCGTCTCGGGGGATCGAGGTCTCGACACAGCCCACGTCGAGGGGGGACTTGTTCTCATCGTGCTCCGACACGGCAGTCAGCGAGAACGTTGCTCCGTTCCGGCGCTGAATACGAACCTCCCCTTCTTTACGGGCAAGGTCGAGAACATCTTTGAGCTTTTGGCGGGCTTCTGAGCAGGTGAAGACACGCAT
NZ_CP030361.1_gap50	1093098	1097409	4311	CCCCAATCATCTCCGGCGTGCCGAAATTCGCCCAGGCGTAGTTCGCGACGATCAGAAGCATCACGAGCGGAATCACATACTGCACCACCGGCCCCCAGATTGAGCCTACGTACAGCCCGGCGTTGCGGTTGATCTCGAGCACCCGGAGCTTCTCGGGGCCGAGGTGTCCCATGGACCAGCCGATGGCGCCGATGATGGCGAGTGTGGAGAGGGGCAGGCCGAAGTTGCCAAACACGAAGTCGAGGAAATTCAGCACGCCCGGCGAGTACGCGCTCCCGAGCCCCAGAAGCCAGATGACCCCGCACACGCCGATCACCGTCTGCTCCCGGGTCAAGCGCGTTTCTTCGCTGAGGGTCGTCACGCTCACCTCCGTGATGAGGATGGCCGAGGTGAAGGCGGCCAGAAAGAAGCCGAGGAAGAACAGGATGGCCCACAGCGCGCCCCCCGCCATCTGTGGGAAGACCTGCGGCAGGGACACGAACGTGAGGCTCGCCCCCGACCCCGGGTCCAGGTCGAACGCGAAGACGATCGGGAAAATGGCGAAGGCCGCCAGGATGCCGATGCTCGAGTTCCCGATGACGGTGAAGACGCCCCCGCCGATTGGGATGTCGTCGTAGTCCGGCAGGTAGCTGCCGACGGTGAGGGCAATGCCCCACCCGAGGCCGGTCGAGAAGAGAACCTGTCCGAGGGCGGTGATCCAGGTCTGGCCGAGCCCGAGCTTGCCCCACTCGATGCCGAACGTGAAGGCGAGGCCCTCAGCGGCCCCGGGCAGCGTGAGGGCGCGGATCATGATCGCGACGAGGGCGAGCACGAGCCCCGGCACTGCGTAGATCACGAGCCGCTCCACGCCCCGCCGGATGCCGAGGTACAGAATGGCCGCGACCAGGGCCATCACGGCCGTGTGGCTGCCGATGGACCAAACGCCGCTCGCGCGAAAGCCCTCCCAAAACGCCTCCGGCGCGAAGCCCGCCGACGTGAAGGTGAAGAGCAGCGAGTGCACGGCGTAGTAGAGCGTCCATCCCACGACGGGGGCGTAGTACGACATCAGGGCGACGTTCACGATCAGCACCACCACGCCCAGTCCCACCATCCCCCGCGAGGAGGCCACCTCGCGGAAGGCCCCAATCACGCCCTTGCCGGCGTAGCGCCCGAACGCGACCTCGGCGATGAGGCCGGGAATGGCGAGCACGAGCAGGAGCACGAAGTACGCGAGGAGAAAGGCCCCGCCCCCGTTCTCGCCGGTCACGTAGGGGAAGCGCCAGATGTTGCCGGCCCCCACCATGGCCCCGAGCATCGCCATCAAAAACCCGAAGCGCGAGCCCCACTGGGCGCGCGAGAGTTCAACGTCTTGGTCGGGCATCAACGCGGTGTCGCTGTGTAAGGAGCGCGAGCAGCCCTAAGGTAGGAACAACGAATCGAAATTTCGAACGCCCGTCGAGAGCAGGAAAGAGGCGGTCGTCCGGCTGTTGAAGACGAATCTTCCGAGAGAAACGTTGGTTGTCGGACACGTCGCAGATCAGAAGCGAATTTCTCCGCCCCCTCCCCTCTACCCATCCGATGCTCGATGCCGTTAAGTCTGACGCCGACGACCTGTACTCGGAGATCGTCGCATTTCGCCGCACGTTGCACCGGCGGCCCGAGCTGTCGGGGGAGGAGCACGAGACCGCGCGGCGCGTGGCGGAGCGGCTGACGGCCCTCGGCCTCGATGTCCGCACAGGGGTGTACGACACGGGCGTGGTGGGCACCCTGCACGGGGGGCGGCCGGGGCCGACCCTGCTGCTGCGGGCGGACATGGACGCGCTCCCCATTCAGGAAGAGACGGGCCTCGACTGTGCCTCGGAGCACGAGGGGGTGATGCACGCGTGCGGGCACGACCTCCACACGTCCTCGCTGTTGGGCACGGCCACGATTCTGGCACGCCACCGCGACGAGGTGCACGGACAGGTGCGATTCTGCTTCCAGCCCCACGAGGAGCGGATTCCCGGTGGGGCCAAGTTCATGATCGACGAGGGCGTGCTCGACGAAACGGGCGACACGCCGGCCCCCGAGGCCGCCTTTGGGCAGCACGTGAAGCCGAGCCTCCCCCCCGGGACCCTGGGCATCCGCGCCGGCGGCTTCATGGCCTCGGCCGACGAGGTGTTCGTGACGGTTGAGGGCGAGGGCGGACACGCGGCGAACCCGCACGAGGCGGTGGACCCGACCTACGTCGCCAGCGAAATCGTCGGCGGGCTCCAGTCGCTCATCAGCCGCCGGTGCCCGCCGGGCGTGCCGTCGGTGCTCACCATTGGGCGCCTGGTGGCGGACGGGGCCACGAACGTGATTCCCGAGGCGGCCCGCCTGGAGGGCACCTTCCGGGCGATGGACGAGGAGTGGCGCTTCCGGGCGCACGCCCTCTTCCGTCAACTTGTGCACCGGACCGCCGAGGCGCACGGGGCGACCGCCGAGGTGGAAGTGCGCGAAGGATACCCGGCGCTCCACAACCACGAGACGCCGACGACGCTCGTGCAGGAGGCCGCCCGCGAATACGTGGGGCCGGAGCGGACCGTGGAGGCGGATCGGTGGTTCGCGGGCGAAGACTTTGCCTATTTCCTGCGCGAGTGTCCGGGCACCTTCTACCAACTCGGGGTGGGCAGCGAGCACGGCCTCCACACGTCCCGGTTCAACCCGGACGAGGAGGCACTCCGCACCGGCACGGGGTTTATGGCGTACCTGGCGTGGCGCTACGGCCGCGAGCACGCACAGGACTAGGGACATGCCCCCGGAGGTGCACAGGGCGTCAGGCCGGCGTAACTAGCGCCCGCAACGGGGCCGGGTCGATTCGGTGCCCGCCCTCGAAGGTACGCGTCGTCACGGGAATGTCGTGGGCCTGGAGGCGGTGCCGGATGGCGGCCCATCGGTCGTCGGTCACGTATGGGTCCTCCGTCCCGGCCACGAGGGTCAGGTCCAGGGCGCGTAGGGAGGCGGCGTGCTCGGCGAGGTCGAGGTCGTGGGCCGGGGCCCCGCCCCACAACACCAGCCGGTCGACAGCCGTGTCGCCCCACAGTGCCCACCGGCTGGCGGTGGCGGCCCCCTGCGAGAAGCCCAGCACGTGTAGGGAGGGGGGCGTGTCGTCGGCAAGGTGACGAACCGTCGCGTCGAGGGCGTCGACGTAGTCGGACACCTCGGCCTCGCGTGCCTCACGGGTCATCCAGGAGGCGCCCACCTGCTCGTGCTGGGCCATCCCGTCCACGTAAAACCGGGACAATCCCTCCGGCGCAACGACGCAGCGGTCGGGGGCCACGAGGGGGTCGAACGCCGACACGAAGTCGGCGGCGAGCTGGCCGTAGCCGTGTAGCACCACCCACCAGGACCCGGCCGTGGCGGGCGTCCCGAGGGTGGCCACGCGGGCCGTGCGGGCGACCTGGAGCGTGTGGAGGCGGGGCTCGGCGGACATGGACGGCTTGGCTTCGATAAACGATGCGTTGAGGGCCGAAGCGGGTTCAGGCCATCCGGCCGTCGGCGGCCGTCATCCTTTCGATTCGGTCCAGCACCGCCTCGGCGGACGACACGACCTCGACCAGGTCGGTCACGGCGGCCCGCGCAAATCGGCCGTCCCGCAGCTCGTCGAAGAACGAGAGGAGTGTGTCGTAGAAGCCGTCCGCATTCAGAATGGCGATGGGACGGTCGTGGTAGCCGAGCTGCCTCAGGGTGAGCACCTCCATGAACTCCTCCAGGGTGCCGTAGCCGCCGGGCAACGCGGCGAACGCATCCGCGTTCTCGTACATGATCCGCTTGCGCTCGCGCATCGTCTCGGTTACGATCAGCTCGTCGGCGTCGTAGGCGATGCCCTCCCGGTCCTGCAGTTTCGAGGGGATGACGCCCGTTACCGTCCCCCCGGCCTCGTGGGTTGCCTCGGCCAGCACGCCCATTAGGCCCACCGCGCCGCCGCCGTAGATCAGCTCGTGGCCCCGGCGTCCCATCTCCCGCCCGAGCGCCTCGGCCACCGGCGGGTAGGTCTCGGCGATGGCGTTGCTCGAGGAGCAATAGACGCAGATGGCGGACATAATCGGCAGGAGGGGAGGATGAGGGAAGAAAGACGTGTGCTCGGGCCGGGGCGGCGCGGCAGGCCCGTGGTGGGCCTGGAGCAAGAACCAGGCGGGCCCAACCGCCACGTTAAGACGAATGGAGGGCGCGCAGGGTTCGTCGGGCCTGGTCCAGGTGCCGCCGCTCGTGGGCCAGGGTGGCCTCAAACCAGGCTCCCAGGCTGATGCGCAGGAGGGGAATGGCAGGGGACCCGAATCGTATCCGGCGCAGGTCCAGGCCCTCCGCGTC
NZ_CP030361.1_gap51	1100904	1102614	1710	GGGCCTCGGCGACCGACCGTCGGGGCCGCCCTGCACCGTTGCTTTCACAGTGTTTTCTGTTCCGATGAGTGCGCTCCGCAACCAAGATCCCGAAATCCACGACGTCATCCAGAAGGAGGTCCAGCGCCAGAACGACGGGCTGGAGCTCATTGCGTCCGAAAACTTCGCCTCCCGGGCCGTCATGGAGGCGATGGGCACGGCCCTTACGAACAAGTACGCGGAGGGCCTGCCGGGCAAGCGCTACTACGGCGGATGCGAGGTGGTCGACCGGGCCGAGGAACTGGCCCGCGAGCGGGCGAAAGAGCTCTACGACTGCGACTGGGTGAACGTGCAGCCGCACGCGGGGGCCCAGGCCAACTCCGCGGTGTATCTGACCCTCCTGGACCCCGGCGACACCTTCCTCGGGCTCGACCTGTCGCACGGCGGCCACCTCACGCACGGATCGCCCGTCAACTTCTCCGGCATTCTTTACGAGGCCGAGTACTACGGGGTGGAGGAGGAGACCGGCCGCATCGACATGAACAGGGTGCGCGACCGGGCGAAGGAGGTGCAGCCGAAGATGATCTCGATCGGGGCGAGTGCCTATCCGCGCGACTTCGACTACGAGGCCTTCCGCGAGATCGCCGACGAGGTCGGCGCGTTCCTGTGGATGGACATGGCGCACACGGCGGGGCTCATTGCGGGCGGGGTCCTGAACGACCCGATGCCGCACACCCACGTGGTGACCACCACGACCCACAAGACGCTCCGGGGCCCCCGTGGCGGCATGATTCTTCTGGGCGACGACTACGAGAACCCGATGGGCAAGACGGCCCGCAAGAGCGGGCGCACGAAGATGATGAGCGAGCTGCTCGACTCGGCCGTCTTTCCCGGCACGCAGGGCGGCCCGTTGATGCACGTGATCGCCGCGAAGGCCGTGGGCTTCAAGGAGGCCCTCAAGCCCTCGTTCGCCGAATACACCCAGCAGGTCGTCGACAACGCGCAGGCAATGGGCGCCGAGCTCCGCGAGCGGGGCTACGACCTCGTCTCCGACGGGACGGACAACCACCTCGTCCTCATCGACCTGCGCAACAAGGGGCTCACCGGCAAGGAGGCCGAGCAGGCCCTCGAAGCGGCCGGCATTACGGCCAACAAGAACATGGTGCCGTTCGACGACAAGAGCCCGTTCGTCACGAGCGGGCTGCGCCTGGGAACGCCCGCCATGACCACCCGCGGGTTCGGGCCGGATGAGTTTGCCCACGTGGCGGAGATGATCGACCGGGTCCTTCAGGATCCCGAGGACGAGGACACGCAGGCAGCGGTGGAACGGGAGGTGAAGGCCCTCTGCGACCAGCACCCGCTGTACGATGTCGCCATGGCGTAGGCGGGAACGACCCTGCGCGTCGGACGGTTCGAGATCCAGTACGAAATCTCTGCTCGCGTTCGCCCGCCCTGTTCACTGGACGACCTGCGTGTGTCCCCATGCCGTCGATGGATCGCGGTACATTTAGCTCTTCCTCCCGGGCCGAACTCATCGAGATCGGCCGCAAGCTCTACGAAGAAGCCCTGGTGCGCCGGGAGGACGAGTTGATCACCGATCCGCGGGGCCAGCCGATCGGGTGGCTCCTGGACACACGCGTGCCCACACTCGACGGGGAACTGTTCACGGAAGTCGGGTCGGTGATTGCCGAGCGGCTCCGAGAGCGGGGCGCCCGCCAGGTGGTAGGGTAC
NZ_CP030361.1_gap52	1292889	1296378	3489	GTGCTGAGCGACGAGCTCGGCGACGCCCCCGTGCAGATGCAGACGCTCCACTCCTTCCTGGGCCTCCGACTGCAGCCGAAACAGGACGGGGAGTATGAGCTGGTGGCGGAGGAGGAACGCAACTTCGCCGAGGGGGTCGTGATCGTCGACGAGGCGTCCATGATTGGCCGCGAAGAGTGGTCGCACATTCAGGATGCGCCCTTCTGGGTGCAGTGGCTCTTCGTGGGCGATCCGGCGCAGCTGCCCCCGGTGAACGAGGACCCGTCGCCCGCGCTCGACGTGCCGGGCCCCACCCTGGAAACCATCCACCGCCAGGCGGCCGACAATCCAATCCTCGAGCTCGCGACCAAGATCCGCACCGGGGCCGACGGCCGCTTCGGGAGCACCTTCGAGGACGGGAAGGGGGTGGCCGTCACGCGCAACCGGGAGGAATTTCTGGACAGCATCCTAAGGGCCTTCGACGCCGACGCGTTCACGGAGGACGCGACCCACGCCCGTGTGCTCGCCTACCGCAACAAGACGGTGCGCCGCTACAACCGCGAGATCCGCGCCGAACGGTACGGGGCCGACGCGGATCGGTTCGTGGAGGGGGAGTGGCTGGTCGGCACCGAAACCTGGTACTACGATGGCGTGCAGCGGCTGACCAACAGCGAAGAGGTGCGCGTCAAGAAGGCCCAGGTGGAAACGTTCGAGGCCGACGACCAGAGCGAGTGGACCGTTTGGGAACTGAAGATCCGCACGCCGGGGCGCGGCCTCACGCGCACGATTTACGTGTTGCACGAGGAGGAGCGGGAGCGATACGAGAATGCGCTGGAACGCCGGCGCGGCAAGGCCGAGGACGACCCGTCCAAGTGGGACCGGTTTTTCGAACTCCGCGAGCGCTTCGCCCGCGTCGACTACGCGTACGCCACGACCGTGCACCGGGCGCAGGGCTCCACCTACGACACCGTGTTCGTGGACCACCGCGACCTGCGCGTGTGCCGGGGCGAGGAGCGGGGGGCCCTCCTCTACGTGGCCGTCACGCGCCCGTCCCGGCGGCTTGCACTGCTGGTGTGAAAAGCCAGAGGGGCCTCGGGCCCGGAACGATACGTCCTCACTCGGAACGCCGCTCCGCGGTGGCCTCCACCTCCGTCCAGACGCGGAGCAGGTTCGCCCCGAGGATCTGCTGAATCGCTGGGTCCGAGTAGCCGCGCCGGAGGAGCTCCGCGACGAGGGCCGGGTAGCCCGAGGCGTCCTGCAGCCCCTCCGGCAGCGCAAAGACGCCGTCAAAGTCGGAGCCAAGGCCCACGTGCTCGGTGCCCACGAGGCCCACGGCGTGGTCGATGTGGTCGGCCACGTCCTGCACGGTGCCGATCGGGTGCTCGCGGCGCGTCTGTTGTTCGTAAACGACCGCCTCGCGCGAGTCCTCCGCCCAGCCCATCGAGTCGATGTGCGCATTCATGGCGTCGCGGATGGGGGCGTCCCGGTCCCGATACGCGTTGCGGAGGAAGGAGGAGCCGAACGTGATCATCACGACGCCGCCGGTGTCGGCGATCCCTTCGATGAGTTCGTCACTCACGTTGCGTTCCCAGCCGGGCGTAAAGTGGCGGCAGGACGAGTGGGAGGCGATGACCGGCGCGTCGGACTGCTCGATGGCATCCAGGGCCGTCGCGTCGGTGACGTGGGAGACATCCACCATGATGCCGAGCCGGTTCATTTCCGCGACCACCTGCTCCCCGAACGGACTCAATCCATTCCACCGCGGCTCGGCGTCGTCGTAGGACGAATCCCCGAGTCGGTTGTGTGCGCCGTGCGTGAGGGTGATGTACCGGATGCCGCGGTCGTAGAAGTGCTCCACGTTGTCGAGTTCGCCGCCGAGGCCGGCGCCGTTTTCCATGCCCAGGGGGAGGGCCACGGCCTCCGTCGTGGCAATCTGCCGCACCTCGTTCGGCGAGGTCGCCAGTGCAAACTCGGTCGGGTGATCCGTCGCGATCTTCTCTACCAGGTCGATGAGCGCGTCGGCCCGGTTCGTCGCGGCGGCGGGGTTGCTCTGCAGGTACGGGGGAATGTAGATGGACATGAAGGGCGCGTCGAGGCCGCCGGCCCGGGCCCGCGGGTAGTCGACGTCGCCCCCCACCGTGGAGTCGGCCGGGTTTTCGTAGAAGTCATTCAGGCGGTAGGGCAGGTCGACGTGGCCGTCCACGAGGAGGGAGGCCTGGACGAGGCTGTCGGCCCGGGCCTCGATCGACGCGGCGGGCTGTGCCTGAGAGACCCCGCTCCCCATCAGAAGAAGCACGAAGGAGCCAACGATCAAAGAAGAGGTCGGGGCCGGCATAACGAAGACAGGGCGGTGGAGAGAGATCCTCCAAAGAGAGGGCGGGGGCAGGCCGAAGCGGGGGGTCACCTGCGCGGCGCAGGGGTAGGCAGGCGCTCGCGCAGGGTTTTCAGGTACGACGGGGTGTCGAGGAGCCGCGGGCCGTACCACGAGAACGGCTGGCCGTCCACGATCTCGACCGACGTGTCGGGGAGGGCCTCGCGGAGGTCGGCCGTGAAGGCGTCCTTTTCGTGGAAGGGAAAGGGCTCGCTGGAACAGAGGACGACGTCCAGGTCCTGCTCGGCAAGGTCGGCGATCGTCACGTCCGGGTACCGGGTCTGATCGCCGTAGGCGTTTTCGAGGCCGCCCCAGTGCATCACGTCGTGGATGAACGTATCATTCCCGACGGTCATGTAGGGGTCGCGCCAGATGAGATAGGCGGCGCGGAGGGACGTAAAATCGGGCAGGGACTCGAAGCGCGAAATAATCTTGCCGACCAGGGTGGAGGTTTGGTCGGACGTTTCCGTGAGCGTGCCCACCGTGCGGATCATTCCGAGGGCGTCCTCAACGGTCTTCACCTCCGTGACGAACACCGGCGCAATTTCATCGAGCGTCTCGACGTCCTCGGCCGTGTTCTCCTCGTGGTTGGCGAGAACGAGGTCCGGGTCCAGGTCGCGGACGGTGTCGAAGTCGACCTGCTTCGTGCCGCCGACGATGGCCTTTTCCGAGCGCCAGTGTTCGGGCCGCTCACAGAAGCGGGTGATGCCGACGACCTCGTCCGCCAGGTCCAGATGTGCCAGCAGTTCCGTCTGGCTGGGCACCAGGGAGAGGATCTGGCGGGGCCGGTGGTCGAGTGTGACGGTGTGGCCGCGGGCGTCGGTGGCGGTAGGCATTGGAAGACTGGACTATGAGAAGGCTGGATGCCGTAAAACGACGGCCTGAGCCGGGTTGATTCCTGGAGGGAAGAATCGTTTCGGGGGCTGGGGCGTGTGGTCGGCCCGCATCCTCCCTTTCAAATCGCACCCCCCATGTCCCTTCCCACCGAGCCCATCGGCAGCATTCCCCGCCCCGAAGAGGTCATCGAGGGCCTGAAGGCGTACCGACGGGGCGACCTGAGCCAAGAGGCCCTCAATCAGATTGCCGACCGGGCCCTGCGGGCCACCATCGGCGCGTTCGAGGACACCGGCTCGCCCGTC
NZ_CP030361.1_gap53	1300002	1303784	3782	GTCAGGGGGACAGGGCCGAACGGGGGAACCCATCCGGGCGCCCGCAGAGTGCCCGGGACGCTTTTCAGGTCGTGCTGCAAACGGACTCCTCATAAATGCGGATGGGTTCTTTCGGTTTCTTGGGCGGGGCCGAGGCGGTGGACTCGAGGCCGAAGGCCCCCGGTGGGCGACGGGTCCGCCCGGCGGCAATGCGGATGCAACACGAGATTTTCACGCGTTCGTCCGGGTCGAGCCGGTCGTCTTCCGGCCCCGATGCGTCCGGGAAAGACAGAGGGGGCGTCCCCGCCTTCACGTCTTGGAAGGACGATCCGCCTGTGGCGTCGAGGCGTCGCCCGCCGGGGCCCCGTCGCCGGGGGAGCCGTCATCGAGCAGGCTGTCCGTCACGACCGTCTCGCTGACGATCGAGGCGTCGTCCGAGCTGCCGCCGAAGGCCGTCGTCAGGCGCAGGCTCACGGAATCAAATACCGAGTACATGACGGGGACGATGACGAGGGTGAGAAAGGTGGCAAAGGTGAGCCCCGAGATGATGGCCGTCCCCATGGGGCCCCAGAACTGCGTATTTTCACTTCCGAACTGGAAGTTCGGGGCAAAGTCGGCCAGTAGGCCCACGAAGTCGACGTTGATGCCGAAGGTGAGCGGAACGAGGCCGAGAATGGTCGTGAGGGCGGTGAGGAGGACCGGCCGCAGGCGCGTCGCGCCGCCCTCGACGATGGCCTCCTGTTTGTCCTGGCCGCGCCCGCGGAGCTGCATGATGTAGTCGACCAGCACAATGTTGTTGTTCACCACGATGCCGGCCAGGGCAATGATGCCGATGAAGGTGAAGAGGTTGAAGGGCGTGCGCGTGAGAATGAGGCCCAGTAGGACACCGATCATGCTCAGGCCCACGGCGACCATGATGATGAACGGGGCGCTGATCGAGTTGAACTCCACGATGAGGATGAGCAGAATCAGGGAGGCCCCGATCAGGAGCGCCGTCGTGAGGAAGCCGAAGGACTCTTGCTGGTCCTCGTTGCCCCCGGTGTACTCCATCGTGTAGCCCGGAGGCAGGCCCTGCCGGTACTCGGAGAGCTCGTCCTGCACGCGGGTTAGCACCTCTGGGCCGTTGTAGCCGGGGGCGGCGGCGCCGGAGACGGTCACCACGCGGTTCTGGTCGATTCGGGTGATGGACCCAAAGCCGGTCCCCTCCTCAATGTCGGCCACCGAGGTGAGGGGAATCTGCTGGCCGCGGGGGTTGGTCACGGTCAGGCTCCCGAGGCTCTCGATGCTCTTTCGGTCCTGCTTTTGGAGGCGCACGGTGATGTCATACTCGTCCTCCCCGCTGCGGTAGGTGTCGGCCTCCGTGCCCTGGATGGCGGTCCGCACCGTCTGGGCGATCTGGCTCGTCGAGAGGCCGTACTCCGCCGCCTGGGCGCGGTCCACGTCGACCTGCACCTCGGGCCGTCCGGTGTTCAGGTTGTCGGTGACATCGACGAGACCGGGGAGGCGCCCGCTCTGGGCCGCGTCCGTGAGCCGGCGCTTGACCTCGTTCGAGATCTGGACAATCCGCTCAAACTCCGGCCCCGAGAGTTCAATGTTGACCGGGGGGCCGGTCGGGGGGCCCTGTTCCTGCTTCGTAAACTCAATCTCGGTGCCCGGAATGCCCTGCAGTTGGGCACGCATCTTCTCCAGGGTGCGGGTGGACGACTCCGGCCGCTCGGCGTAGTCCACCATGTTGAGGGAGACGCGGGAGCGCTCGGGCTGCTGGGCCCCGCCGCCGAACTGGGCGTCCCCGCCCACCCCCACGTTCACCAGGAGGTTTTCGATGTTGGCCTCCGAGTTCGGGTTCTGGTCCAGCAGCTTCAGGATGCGGTCCCCCACCGTCTGTGCGATGCGGTTGGAGGCTTCGATGTTGGTGCCCAGCGGCGCCTCGGCGGTAATTTGCACCCGGTTCGGGTCCGTGTCGGGAAAGAACGCCTGGCCGGTGGGGGCGACCAGGTAGAGCCCGACGATGAGCACGAGGCCGCCGAGCGAGCCGTTCAGGAGCGCCGCCCGGGTGTCCGTCAGCAGAAGGCGGTCGCGGGTGTTGAAGAGGGCCCCGATGAGGCCCACCCCCACGACGAACACGGGGGCCGCCGCCAGGCGAAGCATGGTGCCGGGGCCAATGCCGCCGGCGAGATAGTTGAGCCCGAGCACGGCGAGCATGACGGCGAGCAGCCCAACGCCCCCCTTCACGCTCGTCCAGCCGCCCAGGTAGATGCCTTCGAGGGTGTGCACCAGAACGCCAAGGGCGCCGAGGGCCGCCAGCACGCCGCCCGGCACGAGCAGCAGCAGGCCGGCGGTCTGGCCGGCCACCGTCGTGATCAGGCCGCCGCCGGCGGCCAGCAGGGCGCCGGCGGCCAGGGCCGTCAGCGCGCCCGTGTTGCGCAAGAAGGCGTACGGAACCGAGTAGTCGCGCTCCAGCATCCGCTGCAGGTAGCCGCGGTACCAGCGGATCAGGCGCGGCAGGCCGCTCTCGACGAAGCGATCGCCGATGGGGGACATCACGTAGACGTGCAGAAGGTAGAGCGCCGGAACCGCCGTCGCGACCACGACCAGCGTCTTCCAGTTCGCGATGCCGAGGGTCACGCCCAGGAGCAGAATCAGCCCCACGCCGCCGTATCGCGCCAGGGCCGGCCACCGCGAGGAGCCCTTCTCCCCGTTCGAACGGCCCTTCACCTCCACGAAGAAGCCCGTAATGACCGGGTTGATGATGAGGGCCACGAACAGCGAACTCGTGAGCGTAATGATGAGCGTGAGGGGCATGTAGCTCATAAACTCCCCGATGATGCCGGGCCAGAGCAGCATCGGGGCAAAGGCCGAAACCGTCGTGGCGGTGGCGGCGACCACCGGCCCTCCCACTTCGGCGGTGCCCAGCCGAGCGGACTCCCACCGCGAATAGCCCTGCTCCCGGAAGCGGTAGATGTTTTCGATTACCACCACCGCGTTGTCCACTAGCATGCCCAGGGCGATGATGAGGGAGAAGAGGATAATGAAGTTGAGGGTGTACCCTAGCGCCTGAAAGACGAGGAAGCTGGTAAACATGGACAGCGGAATGGCGATGCCCACGAGCGTGGCGTTACGCACCCCCAGGAAGAACAGCAGCACGGCGATCACGAAGATCAGGCCGCTGATGATGTTGTTCTCCAGGTCCGTCACCAGCGACTGTACGTTCTCACTCTGATCCCCGGTGAGCAGCACCTCCGTACCGCTGGGAAAGCTGAACGCATCGAGGGTCGACTTCACCGCGTCGGAGGTCTCCAGAATGTTGGCGCCGGGCCGCTTTGTGACGTTTAGCGAGATGACCTGAGCCGTACGGCGCTCCGACGCGGGCACGGATACGGTTTCGCCGTCCGCGCGCTCTCGCTTCAGGACGCGGAGGCGAGAATAAGACGTGCGGTCCTTGAAGCCGAAAATCACGTCCGCGACGTCCTTCACCTGTACGGTACGACCGTTCGCGGTGGTCTTGACCACCAGTTCTTCGATCTGCTGGGCCGGCTGGTCGAACTGGCCGTCGACCCGAACGAGGTAGTTCAGTCGGTTCACGTCGATGGAGCCCCCCGGAATGTTCGTGTTCTCCTGCTGGATGGTGTTCACCAGGCTGTTGTAGGAGACGTTGTAGTTTTTGAGGGCCGCCAGGTCCACGTTCACCTGCACCTCGCGCGTGAGCCCCCCAATCAGGTTGGCCTCCAGCACGCTGGAAATGCCTTCGAGGTCGTCCTGCAGGTCCTCGGCCACCGTCTTCAGCCGCGCCAGCGAATAAGTGC
NZ_CP030361.1_gap54	1310118	1311777	1659	TCAGTCAGGAGGCCGCGGAGGGCGCTCCGCACCCCGGTTCGGAACGAGGACTGGTAGCGGGCTCGGTCGTCGAAGGTGGCCTGGACGAATGCGCGGTGCTCCCCGAGCGCGTCGAGCAGAATGTAGTAGAACGACGCCAGCCGCTCCTCGAAGGAGAAGTCCTCGTAGCCGGTCGTGGCCGCCGTGAGCATCCGGTACTGCTCCAGCGCAAGGTCGTAGAAGGCCGGGGGCAGTTCGTCGACCGTCTCGAAGTGGGCCTCGAACACGGCCCGTTCGACCTCCGCGTCGGCACAGACCGCCGGCACGGTCAGGGGCGCCTCCTGCTCTCTGCGGAGCCGGAGGGCCGATTCCACGAGCTGCTTTTTCTCGGCGAACGCGTCGGGGTCGGGAATGGGGCAGAGAGAAAAGGAATGGACAGGTATTGAGGAGGCCCTTACGCACGATTCCGTAGGATTTTCCACGGGCCGCGGTGCCGGACGCCGAACAGGCCCCATCGGGCCGCGTCCACTCCGAAACGCATCCATTCGCGCCCTACGCCGGGACGTCGTTCTCGGGCACCCCCGTGGCCGTCTCCGTGTCGGGGTGGCTGCTCCATTCGTACCACCCGCCGTCGTAGACCGAGACGTGGGGCCACCCCATCAGGTACGCGTTCATAAACGCCTCGCTGCCGCGCCAGCCCGTGCCGCAGTAGAAGGCGATGTGCTTGTCGGGCGTGATGCCCATCTCGGCCCACTTCCCGGCGATCTCCGAAAACTCCCGCGTCGTGTAGTCGAAATTGCGGTAGTTCTCCATGTGGTAGGCGTCGCTTCCACAGTTGCCGAACACCGCCCCCGGGATGCGGCCGGTCTTGTCGATGTAGTGGTAGCCGCTCCGCTCCCCAATGAACTCGGCCCAGCTGCGCACGCTGACGAGATCGCCGTCGTCGGCCTCCAGAAGGGCCTTCGCCTCGTCGAGGGTGAGCATGTACTCCGGATGGGCCGGCACCTCGGCCCCGAAGTCATCCACCGGTGCCGGCTCCACGTCGTCGGTCGAAACGTCGTAGCCGGCGGACTCCCACGTGCTGATCCCACCGTTGAGGATCTTGACGTCCTCCACCCCGGCGTACAGCATCAACGCCGCACACCGCATCGCGCCCAGGTGGCCGGCGCTCTGGGCGGGATCGTCCTGGTCGTACGTCGGGTAGGAGAAGCGCCCGTAGAGCACAACGGTGGTGTCGTGGCGAATGCCGTGGTCCTCGAGGGCCGACTTCAGCTCTTCCGGGGAGCGCCGATTCCACGTCTCTGGCGACTCCAGGGCATTCGTGTTGAGGGGGATGGCGCCGGGGATGTGGCCGTCCTCGTAGTCCTGGCGGTAGCCGAAGTGCGCGTGGCACAGGACATGATCGTCGCCCCGCATGCCGGGGGGCGTCTCGCCGGTGCGGAGGCGCTGCACCCACTCCGGATAGACGAGCTGTTGGTACCGCTCCATGCGCTGGAGAGGCCGGTCCGGGTCGGGCGCCCAGTCCTCCAAAAAGCCGTCGTAGACGCCGACCGCCTCAAAGCCGAGCCGCGAGAGCTTATCCGCCATTTCCGCCGCGGCATCGGCGGTGTAGCCGTACACCGTCACGGGGGCATTCTGCGACAGTCCCTTCTCGTCGAGCACCTCCACCCAGTCCATGTA
NZ_CP030361.1_gap55	1470615	1472484	1869	AGACGTCCTTCCTTGCCGGCCGGGCAGGGCCCGAGGCGTGCCCGGAGCGGGGGCTCCGGAAGCGGAGAAGGGGCCCAGTGCTGGTTCGGGGCCCTCTGCCGCGAGGGGGCTGTTGCAGCGCGGGCCTTCGCCGTCCACGCTGCTCCGCCCCGGGCTGTGCTCTCTCCGCTGAATCTCCTTGCTCCTTATGCGAAGTCTTTGTCGAAGGCCCTTGCACCCTCGCCCGGGCCATCGTATCGTGTGGTTGTGCGTTGCGCATGACAACTAGCTGACCGTCAACCTTCGGGTCGACCGGTCCGGCTACGCGTTCTGCGGAACGCCGCTTAAAGCCTGCTCGACAGCGCCCTCCCCCGCCCAGCTGTCGATGCAGGCTTTTTTTGTTTGGGGCAACGAGGGGGCTGCCCGCCGTCCGCAACCCATCTAGGGGGGTACGCTGAAGCACGAGGCCACACGGGGCCTCCGTTCCCGGCGCCGCGCTGGGATTCTTCGTGGGGGGCGGGACGGAGACCCCCGAAAGGCCACATCAAGGGGCACGACGACCGGCTGGACCGCGCGAGGTCATCGGGGCGACCGGGTCGTGGGGGGCGGCTGGTCCTGGCGGTCCGAGGAGTCCTTCTCGTCCCAGAAGTAGTGGACGAATAGGGCATAGAGGACCGATGCGACACTGATCTCAACAAACGTTCCGACCGACCACGCGGCAGGAGTCCCCGCAAGGTAGTTGAAAAGCGCAGTGATCGGAAGCAGAAGCACGAAAAAGATCCCGGCGCGTACGGCCCCCTTCTGAAGTGGGGGCTTGGTGCGGAGGTTGAAGAGGTAGTTGAGCATTGGGGATGATGTGTTTGTGGGCGGCCCGTCAAGAGACAAATGCTGAAGGCACTTACGATTGCGGAAAACAGTCCGTTCGGTGTCGGGAAAAGCCGCCTCCCTACCCACACTGGACAGTGACGTGTTCTGCGTGAATGGGGGCAAGAGCAGAACCCCGGGATAGTCCCCATGACTCAGTACGTGCACGAGGTCGCATCGAGCCCCACGATCGTCCGGTTGTCGCCCGCCCCTGAAATCCCGTTAAGATATGCGTCGTCCGCGGAGGCGACCCGCGTTTTGGTCTGCATGAGGGCTGTGCACGCCTCCAAGTGAGCCCGGATGCTCCCTGCAGATCGTGCGTCGGAGGTTTCTCCCGTGGACTGTACCACCGCGGATCAATGGCCACTGGGGGCTGGGGGCATACCACGCCCCCAGCGTGGAGGCCTGACTGCCACCTGCAGGCGCTGGATGTACGTGATTTGTGTCCGTGCACACCCCGTGGGTCCCCTTTTTGAGAACCCATCCGCCCCCGTGTGGACCTTTAGCGGCCTGCCGACTTTCCGCAGTCCGGACAGTAGAGCTCACCGTTTGGGCCCTTGAACCAGCCCCGTTCCTGAAGAACAACCTCCGGGGCGTTCGGCGAATCGGGATCGGGATAGAGGCCGCGGGCATCTTCCCGAGTCACGGTTAATCCATCGGTACAGCCGGAGCACTCGTACGTGGAAGGGTAAGAAACATCAGGCATGGTCGTGAAAAACTGGCGGTGGGGATATCGGGCTGGCGGGGCACTGCGCCCTGTTCGATGCCGGGGCAAACTCGGCGTCTCCTACACCAAACAATTTTTAAAAATTAAAATTTCAAAGCGGCATGTGTTTTTAACTGGTGGAGCAACACCAATCTAACAACGTTGCCCCCTGAATCGTCAAGGGACATCCGTAACGGAATCAACAACTCGGGCCGTGGCGTCTCCCGAGTGTCGAAAAATACTCGCGGACGGAAGGCCCACAGGGGGGACCGGTACGGTGAAGATCGAGACCGGTCCCGGTTCTCGTTGCCCTGCAGGTT
NZ_CP030361.1_gap56	1484760	1486657	1897	ACCTCGACGCGCAGCTGGCCAAGCAGGGTATTGGGGTGGAGGCCGAGATGACGCACCTGAACGAGGTGCGGCTCGCGTCCGGCAAGGACTTCGACGAGGACACCGGGCGGCTCAAAGAGTCGCTGACCGAAGGGGAGGACGTGGTCCTGCTCGACGAGGAGCAGGCCACAGCCCTTGCCGAGGGGCTCCCGGAGACGAGGTGGCGCATCGACGACATCAAAGAGCGGACGCGCACGAAGTCGCCGTTCCCGCCGTTCATCACGTCCACCCTCCAGCAGGAGGCCAACCGGAAGCTCAACCTCTCCTCGAGCCGGACGATGAGCGTCGCGCAGTCGCTCTACGAGAACGGCTACATCACCTACATGCGGACCGACTCGACGAACCTGTCGTCCGAGGCGGTGGAGGGGGCCCGGCGCACCGTCGCCCAGCGGTACGGCGACGAGTACCTGAGCGACGGGGTGCGCCAGTACAGCTCCTCGGACAGCGCCCAGGAGGCGCACGAGGCCATCCGGCCGGCCGGGTCGGAGATGAAAACCAAGGACGAACTCGGGCTGAGTGGCATCGAGGCGGCGCTCTACGACCTGATCTGGAAGCGGATGCTGGCCACCCAGACGGCGGACGCCAAGGTCCGCTACACGAATGTGTATTTCGACGCCGAGGTGGACGGGGACGTGGCCCGCTTCCGCGCCTCCGGCAAGCGGCTCGACTTTCCCGGCTTCTTCCGCGTGCTGGTGGAGGGGAGCGAGGACCCGGAGGCGGCCCTGCGGGACCAGGAGCGCCCCCTGCCGCCGCTCGAGGTGGGGGAGACCGCGGCGCAGTCGGCCGACGACGATGGATTCCAGGTCCGGTCGGTCGAGCCGCTCGGGCACGAGACGAAGCCGCCGTCCCGCTACACGGAGGCCTCCCTCGTCGAGACCCTCGAGGAGGAGGGCATCGGCCGCCCCTCCACGTACGCCTCCATCATCGGCACCATTCAGCAGCGCGGCTACGTGCGGAAGAAGGGCAGCGCGCTCGTGCCCACCTTCACGGCCTTCGCCACGAATAACCTGATGGAGACCCAGTTTGAGCCGCTGGTGGACGTCCACTTTACGGCGGAGATGGAGGACGTGCTCGACGACATCGCCCGGGGGCGGAAGGACCCGACGCCGTACCTAAGGGACTTCTACAAAGGAGAGGAGGGCGTTGAGACGCGCGTGGAGCAGGGGCTCGACGACATCGACCCCAAGCAGATCAGCGAGATGTCGTTCCCCGACCAGTGGGGCGAGTACGTGGTGCGCGTGGGCAAGTACGGCGCCTACGTCGAGGGCGAAATGGACGGGGCCACCGTCACGGCCTCGATCCCCGACGACCTGGCGCCCGGCGACACCACGGAGGAGCGCCTGCGCGAGATTCTGGAGGAGGCCAACCGGGGCGACCGCGTGCTTGGCATCCACCCGGAGGCCAGCCTCCCGGTGCTGCTCAAGTCCGGCCCCTACGGCCCGTACGTCCAGCTCGGCGACGACGAAGAGGAGGACGACCCGAAGCGCGTCTCGCTCCCGCCGGACGTGGAGCCCGAGGACGTTGATTTCGACCTTGGCGTCCGGATCGTCGACCTGCCCCGTACCCTCGGCGAGCACCCGGACACCGGGAAGGAGATTGAAGCCGACATCGGCCGCTACGGGCCGTACGTGCGGCACGAGGGCACCTTCGCGTCGCTGCAGAAGGGCGACGATGTGCTGGAGGTGGGGCTGGAGCGCGCCCTAGAGCTGATTCGGCGCAAGGAGGCACGCAACGAGCCGGATCGGGTCCTCGGCCCGCACCCCGGATCGGACGAGCCGGTGGAGGTATGGAATGGCCGCTACGGGCCGTACGTGAAGCACGACGGCACCAACGCGTCCCTCAAGGACGACCAGTCGAT
NZ_CP030361.1_gap57	1494689	1498040	3351	CCGCAGGACGGGGCGCGCTACTCCTGCGCGGCCGCGCCGCCGAACCGAATGCGGAGGCCAATCCCGAGAAGTTGATTCACCGAGTCGAAGGGGCCGGTGATGCTTCCCTTGGGCGAGCGTTCTACTTGAACGTCCTCGGGATAACTTGTGCCGTCGATGGCGTTGTCCGGAAGAGTGAAATTGAAGCGGGATTCCACGAAGAAGGACCACGTGCTGCTCAGTGGAATGTCGATCCCGCCGCCCACGGAGGGGCCAAACCCCGGACTGGCAATGCCCTCGCCCCCAAAGGTAACGTTAGCGCCTGCGTCCAGGTATGCCGCAACCGACTCGCCCGCAGCCCCAAACGTATAGCGAACCAGAAGTTGCGGCGTGTGTCGCCAAGAGTCCGAGATGTCGTTACTCCCCGTCGAGTGTCCAACAATTGGGTAGTTGCCGGTCTGAACACCGAGCACGAGGGCTAGGTTTGAAGGGAATTCGTAGCCGATCTCGGCCGTGAAGAGGTACGGGGCCCCAGATCCGGTGCTTATTTCCTGGAAGTCAAAGGGATGACCGGTGTTTCCAATCGGAAGGTCGCCGGTGTAATCCGAGAGTCCGACCCCAATGAGTTTAAGAAAGGGCCCGCCCTCGTTGCGTCGCGGGGGAGCAGGAGAAGGCTCTTCTGTCTCCGTCTCCGCGTCTGCTGTACCTTCGGTATCTTCTTCTTGCCGCACCAGAGAAATAAACAGGTCGTAGGCGGGCGGGTCGTTGACCGGATCGGCCGTGTACTCGGGATCGATGTGGAGGATATTGGTGACCGCGGAACGGGCCTGCACGAGGGCGCCCTGTCGCAGTGACGCCAGCGTGATGAGCCGATACGCCTGGATCACGATCTCGTCTTCGAAGGCCGACCGGTCTGTGCACTGAGAGGCGAGTGTGACTGCCTCCTGGTAGTTGCGGTTCAAGTACGCCTCCTCCGCGGCCGATACGGTGTCGGTGCACGGGGACGTTGCGTCTTGTGCGTAGGCCGCGCTTGGGGGAAGCGCCGCGAGAACACCACAGGTGATCAGGGCGAGCGCGAGGTGGCGTCGTGCCGTGATGCTACGAAGTGCACGTTGCCACGTAAAAGCAACGGAGGGACGAGACATTTACGCTAGGGCGTTAGGAGGTAAACTGTTCGGCACTTAGCGAAAGGGTCACTTGGCGAAGGAAGCTCTCAGCGAGAGAAAATGGGACCTGTCTCGGCAATAGGAGAGGGCCCGAACCGCGTCACCCCGCAGGGCACAGGCACGGATCCATGCCATCCAGTCGATGCTGCTCAATCAAAACTTCGTGCTTGCTGTATCTCCCTGCTCCGAAGACGATGCCGACCGTAATTCTTGAAGACGATCGCGGCGACGGGGTCTGTCATTGGTTGAGTACGGGTGCCTCGTCGTCTGTCTGACCCAATATCGCGTTATGATCTAGGCACTGTCTGACAAAAAGCCGGTATCAAGCAACCGAGTCGCAAGTGGAGCTGTTCTGATCTGAAGCTATGGCCCGACGTCGTCGCTACGAACTGACCGACGAGCAATTCGAACGGATCGAAGAGGCGCTTCCTGAAGTCGACGGAAGAGGTCGGCCTTACGAGGATCATCGGAAGGTCGTGAATGGCATCTTCTGGGTGCTCCGTTCGGGGGCGCCTTGGCGGGATCTTCCGGAGCGTTATGGGTCATGGAAAACCGTCTACGACCGATTCCGACGATGGGCCGAAGATGGCACTCTACAGTCGATTGTCGAGAAGCTCCAGGGAGAACTTGACGCTGAAGGCCATATCGACTGGGAGCAGTTCAACGTGGACAGCACCACGATACGGGCGAGCCGCTCTGCGGCTGGAGGACCGACCGACGATAAAAAGGGGACCGAGCCGCCCGAGAAGACGAGGGAGTAAGCCCTGCTCTCGGATACGGTCGGGGAGGGTTCTCCACCAAAATCCATCTTGTTACCGATGGCAACGGACTTCCGATGGGTGCTCTTCTCACGGCGGGGCAGCGCCACGAATCAGCTTTTTTCACCGACGTGATGGACCAAGTTCGGGTGCCTCGGCCCACCGGGCGGCCCAGAAAACGGCCTGAGGCGGCCTAAAGGGACCGAGCCTACGACTCGAAAGAAAACCGAAAGTGGTGCTGGAAGCGGAATATCGAATCGGTAATTCCGGCCCGAAAGGGAATGCATACCGGGCCCGGACGTCCCCCAACTTGCGATGAGCAAAAATATGAACGCCGGAATGTTGTCGAGCGCCTGGTGGGCCGTCTGAAGGAGCGAAGGCGAATCGCAACCCGATATGAGAAGAAAGCCAGCCACTACCGGGCGATGCTCCAGTGGGCCTTCATCGGCGAGTATCTGAGGCGATAATTCTCAGACAGAGCCTAAAAGCTCTCATCGACGCGTGCACGCCACCAAAGTAGCTTCGGTGTCCTCCAGAGAGACGGAGAAGCCGCTCGTGCGGTGATTCACAACCTTCGACGCCTTCCCCCTCAGCCCAAGCGCTCGGCGTCCGGTTCGGTTTAAACTTGGAGGGCTTTTCCAAAAAGAAAGATAGAAGGGGCGGATGCATGCTCTTCTCCCCAGACTGCCGCGCCGTCTTTGGCTCGCTTGCGAGTGCGAAGGGCACGTCATACGTTTTATAAATCCAGCGCAACTTGTCTTTTTCGAACCGTCCTCTGTTTCGCATGCGGACTGCCCTTCTCCTCCTGAGCCTCGCGGGACTGTACCTTTGCGCGCCCGCCCAGGCTCAAGACCGGCCTCACGTCTTCCGAAACGCCACCCTTTACCCGATCAGTGAAGAGCCCATCGAGCAGGGCGTCTTGGTGGTGGAGGGGGGCACAATTCAGGCCGTCGGGCCGGCCGGGTCGGTCGACGTGCCGGCGGGGGCGGTGGAGCACGACGTGGCGGGGAAGGAGATCATGCCCGGCCTCGTGGACACGCATTCCCACATCGGGGAAGTGGGCGGCGGGGATGGGTCCGCGGCGATGCATCCGGACGCCCGCACCATCGATGCCATCAACGTGCGCCACCCGTCGTTGAACCGGGCCCGCGCCGGCGGCATCACGACCGTCCAGCTGATCTCGGGCTCCGGCCACCTGATGAGCGGCCAGACCACCTACCTCAAGTTGCGTGAGGGGGGCACGGTGTCCGAACTGTCGGCCTGTGAGGAGAAACCGGTCGAGGACTGCGGCGGCATGAAGATGGCCAACGGCACGAACCCCCAGCGGGCAAGCGGGGCCTTCCCCGGCACCCGGGCCCGGGCCGCGGCCATGGCCCGCGAGCAGTTCGTGGCGGCGCAGGAATACCAGCGCAAGAAAGAACAGGCCGACGATCCGTCCGAGGCCCCGG
NZ_CP030361.1_gap58	1512163	1513095	932	CGGAGGGCCACCCGAGCGAGGTCATGGACATGAGCTTCGCCAACCAGTTCCGCGCCCACCTCGACCTCGTCCAGCGCCACGAGTCCGACGCGATGCTGGAGGACAAGGTGTACGACATCCCGCAGGACATGGACGACGAGATTGCGGAGGTGAAGCTGCGCACGATGGGCATCCAGATTGATGCTCTCTCCGACGAGCAGGAGCACTACGCCACCGACTACTCGGCCGGAACGTAACTCACGGCCCCCAAGCATGTGCGACCGCTCCCGGTCGCTGATGCCTGCGCCGCTTCGCCCCGACATTGTTCGGGGCGGAGCGGCTTTTTTATTGGTTGCTTCACTGGTGGCCCCAAGCCCTGTGGGGGTCAAAATTAACCGCCGCCCGCCGATAAATGGGATGAATCAGACGTGTGTCTTGAGAACTGTCCCGCATTCTCCGCTCCGATGACTTCACGCATGAGAACGGACGCCCACACATGCTCCATCGAATGGGACGAAGACATAGACGCCGTCGTGTTTCGATGGCACGACTCTGCCTCGGGGGACCGATTCCGGGAGGGGACCCGTACGTTGCTTGAGGCTGTACGATCCACGGAAATCCACGGAAGCGTCGAAACTCCTCGTCGATGCCCAAAACATGACGGCCCACGACAAGGCGGACCAGAGGTGGCTCGGGAACGAATGGATGCCCAAGGTCATTGAGGCCGAGATCGAGCACTCTGTCACGGTCCATGAGGCGAATCCCTTCGCGGAAGCCGAGATGAAAGCCCTTCTGTCCCGGCTCGACGGACACGACGTTTCGTCAATCATGACCTCCGACATGGAAAAAGCCCGAGCGTGGATCGCGGACAAGTAGCGTCTGCGGGGAGACGCCCCCTGGTCCGCGTCCCGCAGAAAGGCGGCCGCCAACGAACAGCACCGCCGATGGCGGAG
NZ_CP030361.1_gap59	1515060	1518694	3634	GGGCTCTCAGGGTGTGGCGTGGGACAGGGGCCAGACGAGACGGAAATCTTGTGGGACACCTGGGGGGTGCCGCACGTGTACAGTTCGAATACCGACTCGCTGATGTACGCCTTCGGCTGGGCGCAGATGCGGGCCCATGGGGACCGCGTGCTTCGCCTGTACGGGGAGGCCCGGGGGCGGGCCGCCGAGTACTGGGGCGCCGAGCATCTCGCGTCGGACCGGCGGGTGCGCACCCTGGAGCTTCCGGAGCACGCGCGGCGGTGGGCCGGAAACCAGGACATGCCGTTCGGGGGCTACGTGGAGGCGTTCGTGGCCGGGATGAACGCGTACGCCGAGGCGCACCCCGACCGCATTTCCGAGTCCCGAACGGCCGTCTTGCCCGTGAAGCCGCGGGACGTGTTTGCCCACACCCTGCGAACGGTCCACGCGACCTTCGTAGCCGGGCGGGACCTGCGGCAGGCCCAGCGCTGGCGGCGCGCCGGCTCCAATGCGTGGGCCGTGGGGCCGTCCCGGAGCGCGAGCGGCAATGCGATGCTCCTCACGAACCCGCACCTGTCCTGGGGCGACCGGTTCACGTGGTTCGAGGCGCAGCTCACGGGGCCGGACATTGACGCGTACGGGGCTGCCCTCCTCGGCATGCCGTTTCCGGCCGTCGCGTTCAACGATCACCTCGGGTGGACCCACACCGTGAACCCCATTGACGCCTCGGACCTCTACCGCCTCCCGCTTGCCGGGGACGGATACAGGTGGAACGGAAGGGTGCGCCCCTTCAACACGGACACCAAGGTGCTAAAGGTAAAGCAGCCCGACGGCTCCCTTCGGGCCGATACGCTAACGGTGCGCCGATCGGTGCACGGGCCGGTGGTGGGGCAGCGGGACGGCGCGGCGCTGGCCCTGCGCATTGCGGGGCTCACCCAGTCGAAGCTGTTCGAGCAGTACTGGCGCATGCTCCGCGCCACCAATCTATCGCAGTTTGAAGCCGCCCTCCGTCGGCAACAGATGCCGATGTTCAACACCGTCTACGCCGACGAGGACGGGCACATCCTGTACCACTTTGGGGGGCGGGTGCCTGAGCGCGACCGCGGGGGGTGGTCGTACTGGCAGGGCGTGGTGCCGGGCGACACGTCGGCCACGCTGTGGAACGCCGTCCACGACTACGAGGATCTTCCGCGGGTGGTGGATCCCCCGAGCGGATGGGTGCAGAACGCCAATGAACCGCCGTTCACGTCCACGCTGCCGCCGCGGGTGGACTCGGCGGAGGTGCCCGGCTACATGACGCCGCGCGCCCCCGCAAAGTCGGCGTACATGTTCCGCCCCCAGCGCTCAATCGAGATGCTTGAAGGGGATTCCTCGATCACCTTTGCCGAGCTGCAGGCCTACAAGAACGACACCCGGATGCTCGCCGCCGACCGGCTCCTCGACGACCTGCTTCCGGCGGCGCGGGCCTCAGACCGCGAGCGGGCCCGGCGCGCCGCGGACGTGCTTGCCGAGTGGGACCGCACCGCCGACGCGGCGAGTCAGGGGAGCGTGCTCTTTGCCCGCTGGCTGCGCGCGATGGTCGGCGGGGCGGAGGCCCCGTTCGCCACCCCGTATCGCCCCAGCGCCCCCCGCACGACGCCGGATGGGCTGGCCGATCCGGAGGCGGCCGTCCAGACCCTCGCGGAGGCCGCCCAGACCGTCGAGGACCGCCACGATTCGCTCGATGTGCCGTGGGGGGCTGTGCACCGGCTGGTGGGCCCGGAGGGATCGTACCCGGCTTCGGGGGGAGATGGTCTTTTTGGTCTCTTCCGGGTTCTCCGATTTGACGAGATGGAGGGCGGGCGGCGGCGCGCCACGTTTGGGGACTCCTACGTCGCCCTCACCGAGTTTACCAAGGAGGGACCGCGGGCGAAGGCGGTGCTGCCCTACGGCAATGCGTCCCAGCCCGGCTCGCCGCACCGGGGCGATCAGCTTCAGTTGTACGCCGAGAAGAAGATGCGGCCGGTCTGGCACAGTCGGGACAGCGTGCGCGCCCATCTCGAGCGCAGGGTGACGTTCTGAACGTCCCTCCCCGATGGGTTGAGAAAAAGCGTCAACCGGGCGTGAATTGAAGAGGGAGTCGGGACGATCTGACGGCGCGCTGATATCACTACAAGCATTCCCTACGCATCGGCACCGGAGCACGCTATGTCCCTGGAAGATCGTCTCATCAAACGGCTCGGCCTCGAACCGCTCGACCGCCACATTGCGGGATGGATGCAGCGCAATGGGCTGTTTGTGCTTCGGGTGGGGCTGGCCGCGGTCTTTATCTGGTACGGGATCCTGAAGCCCTTCGGCATGAGTCCCGCCGCGGAGCTGGTGCGTCGGACGGTGTACTTCGTCCCGCCGGACCTCTTTATCCCCATCCTGGGCTGGTGGGAGGTGGCCATCGGGGTCGGCCTCCTGTACCGCCCCCTCAATCGGACCGCCATTTTTCTGCTGTTCCTGCAGATGCCGGGCACGCTCCTTCCGCTCGTGCTGCTGCCCGAGGTCTGCTTCACCCACATCCCCTGGGGGCTGACCCTGGAGGGACAGTACATCGTGAAGAACGCCGTCCTGATCGGCGCGGCGCTCGTGGTGGGGGGGACCGTCCGGGAGCGTGCGGAGAAGCGGGAACGGGCGTGACGCGACGTGAGGAGGAGCGGTGCGGTCCTGCAGGCGCCGTGGCTACACGTCCCACGTCAGGATGTCTTCCTCGGACTTCTCCTCGTCCTCCCACTCCTCGGCGTCGTCCAGGGGCCCGGTCTTCTCGGTCACATTGTAGCCCAGTTCGCGCCACTGGTTGGACAGGTACTCGTTCCACTGGATGTAGTGTTCGTACTCCTCCGGCAGCTGGTCGTCCGGATAGATGGCCTCAACGGGACACACCGGCACGCACGCGTTGCAGTCGATGCACTCGTCCGGCTGAATGGCGAGGAAATTGGGGCCCTCGTAAAAGCAGTCGACCGGGCAGACTTCCACGCAGTCGGTGTACTTGCAGTTGATGCAGGGCTCGGTGACGACGTAAGGCATACGGGAGGGAAAGGGCAGTAAGAGCGCGTGGGTACGGCGGACGCTAAATTGCTACAGTGTGGTAGATCAGTTGGAAAGAGCGGTTCCGAGTGCGCCCGCCCGGGCCGGACGTTTCCGCAGAAGTCACGGCCCCGTTGAGTCTTGTCCGTGTCGTCCGCCTTTCGTCCCGTGCCCGACGGGACGGATGGCCGTTGGTTTCGATCGAGCTATTCCTGATCGAAGAGGTCCTGATCGGCGGCTGGGGAGGAGCGGTCGAAGTGGTCGTACGCCCGCTGGAGGGCGACGCGGCCCTGCGGGGTGCGCTCCATAAAGCCCTCCTGGATGAGGTAGGGCTCGTAGACCTCTTCGAGCGTGCCGGACTCTTCGCCGACGGAGACGGCCAGGTTTTTGAGGCCGGTGGGCCCGCCGTCGAAGTTGTCGATGAGGGTGAGCAGGATGCGCGCGTCCATGTCGTCGAGGCCCTCCTCGTCCACGTCGAGGGCATTGAGGGCACGGTCGGCGATGGCCTTCGTAATCTCGCCGTCGCCCTCCACCTCCGCAAAGTCGCGGGTGCGGCGCAGCAGGCGGTTGGCGACGCGAGGGGTCCCGCGGCTGCGGCGCGCAA
NZ_CP030361.1_gap60	1555318	1560082	4764	GGGTCCGTCCCTTTTTCTTTTGAGACTTTTTCGGGCCCCTCAAGCCAAAGGGCCCCGTCAACACAAAAGCCCCACCGCACTGGGTGGGGCTTTCGCTGTTGACAAGAGAGTGACAAGAGAGGGCTGTTAGAGGCCAAGGGCGTCCCCAACCAGCTGCTCCTGTTCCCGGTCGTGCACCTTGGCCGATCCGGTGGCCGGACTGGCACTGGCGGGCCGCCCCACGTACTGAATGCGCTGCTCGCAGGGGCCGTGAATCTCGTCCAGGAGCGTCTCGAAGCGGGGAGACACGAACGACCAGGCGCCCATGTTCTGAGGCTCCTCCTGCACCCACACCGTCTCGTCGGCCTCGGCGTAGCGCTCCAATTCCTCTTGCAGGTCCGATTCGGGGAAGGGATAGAACTGCTCCAGGCGCGTGATGGCGATCTCGTCGCGGCGATCGGTGTCCTCCAATGCCGTCACGAGGTCGTAGTACACCTTGCCACTGCAGAGAATGTGCCGCATGGTGCCTGCAGGGTCCGCCTCGGCCGGAATGATCTCCTGCACACCGCCCTCCATGAGATCCTCGGGCGTCGAGACGCACTTCGGGTGGCGCAGCAGGCTCTTGGGCGTCATGATGATGAGCGGCTTCTTGACGTCGCGCTTCACCTGCCGGCGCAGGGCGTGAAAGTAGTTGGCCGGCGTGGAGAAGTTGGCGACGATCATGTTCTGTTCCGCACAGAGCTGCAGAAAGCGCTCCAGGCGGGCCGAGGAGTGCTCGGGGCCCTGGCCTTCGTAGGCGTGGGGCAGCAGGGCCACGAGGCCGGAGGTCTGGCCCCACTTCTCCTCGGCGGCGCTTACGAACTGGTCCCACACGATCTCCGCCCCGTTTGCGAAGTCCCCAAACTGGGCCTCCCAGCAGGTGAGGGCGTTTTTGTCCACCACCGAGTAGCCGTACTCGAACCCGGCCACGGCGTACTCCGAAAGGAGGCTGTCGTAGATGAGGAGCCGCTCCTGGTCATCGGTCAGGTTGTTGAGGGGCGTGTACTCCGCACCGGTCTCTTGGTCAATGAGGACGGCGTGCCGCTGGCTAAAGGTGGCGCGGCGCGAGTCCTGTCCGCTCAGCCGGACGCGCGTGCCCTCCTGCAGCAGTGAGCCGAACGCCAGGGTTTCGGAGAAGGCCCAGTCGATGCGCTTCTCGTCGTAGAAGAGGTCGTCGCGCTTGCCGAACAGGCGCTCGAGCTTCCGGTGGACGTTGAAGTCGTCCGGGAAGTCGGTGAGGACCTCCACGACCCGTTCCAGGTGCTCACGCTCGGCCGTGGTGTCGACCGGGGGCAGGCGATCGTCGGCCGTGCGCTGGACCCGCTCCTCCAGCGCCTCGTCGGCGTCTTTCTCCTCCAGGTCCTTGGTGCGCTCGAAGGCCTCCTGCAGCCGGCCCCGGTAGTCGTCGAGCATCTGCTCGGCCTCGTCCGGCTCAATCTCGCCGCGTCGGAGCAGCATCTCGGTGTAGAGCTTGCGCGGCGAGCGCTTCTCCTCAATTTTCTCGTAGAGGAGCGGCTGCGTGAAGGTCGGCTCGTCGCCCTCGTTGTGCCCGTGAACGCGGTAGCACATCATGTCGATCACCACGTCCTTGTTGAAGCGCTGGCGGTACTCGAACGCCAGCCGCGCGATGCGGACGCAGGTCTCGGGGTCGTCGCCGTTGACGTGGAAGATCGGCGCCTCGATGGCACGGGCCAGGTCGGTGGCGTAGGTCGAGCTGCGGGCGTCGCCGGGCGGCGTGGTGAAGCCGATCTGGTTGTTGATGACCAGGTGGACGGTGCCGCCGGTCGTGTAGCCGCGCAGCTTGCTGAGGTTGAGGGTCTCCGCCACCACGCCCTGTCCGGCGAAGCCGGCGTCGCCGTGGATGAGGAGGGGCATCACGGCGTCGTGGTAGTCGTCCTCCGCCGCCTCGGGGTGTTCGTCGCGCAGCAGGTTCTGCTTGGCGCGGGACATGCCCTCCACGACCGGGTTGACGGCCTCCAGGTGGCTGGGGTTCGAGGCGAGCGTCACGGAAATCTCGTTGCCGTCGGGCGAGGTCACGTCCCCTTCGGCCCCCAGGTGGTACTTCACGTCGCCCGAGCCCTGGGTCGTGTTGGGGTCGATGTTGCCCTCGAATTTGGAGAAGATCTCCTCATAGGGCTTGCCGATGATGTTGGCCAACACGTTGAGGCGACCGCGGTGGGCCATGCCCATCACCACCTCCTCCACGCCCTCGTCGGCGGCGTCGGAGAGGAGGGTATCGATGAGGGGGATCATGGTCTCCGACCCCTCCAGCGAAAAGCGCTTGTGACCGATGTACTTGGTGTGCAGGAAGCGCTCGAACGCCTCGGCCGCGTTGAGCTTCTGGACAATCCGGTGGCGCTCCTCCTCCGACGGCGAACCGGCGTTCCGCATCGGCTCGATCCGGTTCTGGATCCACGTCTTCTCTTCGGGGTCGGAGATGTGCATGAAGGCCGTCCCCACCTTGCTGGTGTAGGACTTCCGCAGGATGGAGAGAATCTCGCGCAGGGGCAGCTTATCCTCGCCCCCGAGGCCGCCGGTGATGAACTCCCGGTCCAGGTCCCAAACCGTGAGGCCGTAGGTGGCGGGGTCGAGCTCCTCGTGGTACTGCCACTCGTAGCCGAGCGGGTTGATGTCGGCCTGCAGGTGGCCGCGCACCCGGTAGGCCCGAATCAGCTGAAGGACGGCCGCCTGCTTCTCGGTCATGTCGAGCTCGTCCTGAGGCCGAGACCGCCCGAGCTGCGGCGTGGAGTCGGTGGCCATCCGGAACGGCTGATAGGGCACGCCCAGGTCGGAGAAGATCCGCTGGTAGAAGTCGTGGTTGCCCGTCAGGAGCTCCTCAATGTGGTTGAGGAAGGCCCCGCTGGTGGCGCCCTGAATGACGCGGTGGTCGTAGGTGGAGGTCAACGTCATGACCGGGGAGACCCCAGCCTTGCTCGCCACTTCCGAGTCGTACCCGCGGTACTCGGGCGGGAAGTCGATGGCCCCGGCCCCCATGATGACGCCCTGTCCGGGCATCAGGCGCGCCACGCTCATCGACGTGCCGATCATGCCCGGGTTGGTGAGGGTGGCCGTGGTGCCCTGAAAGTCGGACAGGTCGAGGTCGCCGCCCAGCGCGCGGCCAACGATGTTGTTGTAGGTCCCGAGGAACTCGGCGAAGCTGAGGCTGCCTGCGTCCTTGAGGTTAGGAACCAGGAGCGTCCGCTCGCCCCGCCGCTCTACGTCAATAGCGAGCCCCAGGTTGATCTGGTCGGGCTTGACGTGCTCCGGCGTGCCGTCCTCATTTCGCCGAAACGTGGTGTTCATGTCGGGATACTTCTGCATCGCCTGGACCATCGCGTAGGCGATGATGTGGGTGTACGACACCTTCTCGCCACCGACCTGCTTCTGATAGTCGTTCAGGAGGTTGCGATTCTCGTCGAGCAGCTTGACCGGAATCGTACGGGCGGAGGTGGCCGTCGGGATGCCGAGGCTGTCTTCCATGTTCTCGACGACCTTGGCCGACGGGCCGGTCATGGCCGTCACGTCGGCCTGGTCCTCGTCGACCGCCGGGGCTGAGGCGGGGCGCAGGGGCTCCACGACGCCGTCGTCGGCCTCCGCCGGCGGGGCCGAGGACGCGTCGGGCGAGGAGTCGCGATCTGTCGGCTCCGGTTCCGTGGGTTCTTCGGGGGGCGTGGTGGCCTCCCCGTCGCCCGCGGTGGTCCGGTCGACCGGGATGAAGGAGGCGTCCGGGTCATAATCGGCGAAGAACTCGCGCCAGCTCTCGCTTACGCTGTCGGGGTCGTCCTGATACTGCTTGTAGAGCTCTTCGATGTAGCCCGTGTTGAATCCGAGGCTGCTCACGGTGGAACGAGTGCATTTGGTCGTAAAAGAGACGTGGGCTCCCCGCCTGGAGCGACTACCATGTACGACGCATTCGCGACGAGGATTCGCGGGGGGCTTGGGCGGGGGACCAGCGCTACAGCCACCCGTGCTCCTCGTACCAGTGAAGGGTCCGGGCCACCCCATCGTCGAGGGGGATCGACGGGTCGTAGTCGAAGTCGCGCGCGGCCTTTTCGCTGGAACAGGCCGTACAGGCGTGCCGAATTTCGCGGGTCTTATCGCGGTTGAGGGGCGGATGGGCGCCGGTGGCCCAGCCCCAGGCCTCGGCCATCGCCCCCACGGCGCCGAGCAGGGGCCCCGGCACTGGGAGGGTGACCGCCCAGGTGTCGAGGGCCGCGGTCGCGGCCTGCTTCACCTCGTTCCAGGCGTGGGGCCGCGCGCTGCCGAGGAAGTAGGTCTCCCCATGTGCGCCCGGATGGCGGGCGGCGTCGACCATGCCGGTGGCGAGGTCCCGCACGTGAACGAGGCTCAGGGTGCGAGCGGAGCCCCCGCCCACGATGGGGCACACGTGCCGCTTGACGGCACGGAAGAAGTCGAGGATGTCGCGGTCGCGGGGCCCGTAGACGGCGGGGGGGCGGACGACGGTGAGGGGAAGGGTCTCCGCGTACGATTCCGGGGTCGTCTCGGGCCGTTCACGGAGCGCCTGTTCCATCTGCGCCTTGCTCCGCCCGTACATGCTGACGGGCCGGAGCGGCACCTCCTCCGTCGCCACGTCGTCGTGGCACCGCCCCACGGCGGCCAGGCTGCTCGTCACCAGCACGCGGTCGAGATCCGGCGCGGCGTGCTGGACGGCGCCCAGGAGGTTGAGGGTGGCTTGCACGTTGGCCTCGTAAAACGCGTCCTCGGTCGGGGCCCGGGTCCGGCCCG
NZ_CP030361.1_gap61	1578366	1580064	1698	GCGGACCCATCAGATTCGCGTCCACGCCCGCGCCCAGGGGCACCCGCTCCTCGGCGACCCGAAGTACGGCGGGCAGCGGGTCCGGTACGGGACGCAGAGTGGGACCCGTCGGACCTTTTACGACCAGCTCTTCGAGACCCTGCCTCATCCCGCGCTTCATGCATATCGTTTGGGCTTCGACCATCCCACCACGGAAGAGCGCCTTCGCTTTGAGGCCGATCCCCCGCCGGCGTGGCGCCGCGTCCTGCGCGAGTTGAGACAGGAGGAGGGAGCAGGGACGACGGACCCGTGACCCAGGCTTTACGAAAAGAGAAACGTTACAGGCCTGCGGACTTACGGGGCATCTCGCGGGGAAACAAAGGGCCCCACCCTTTGATACGGCATCGTGAACTTTTGGCTCTGCTTGCAGCGTTGACATCCCGAATAATCACCGGGCATGCCGGTGGAGGCTCTCCTCTTCCGAACTGATTCTACACAGGTCGTGCCACAGGTCCGTCCCGTCCCCACCGAAGTGGGGCGTGAACGACAGTCCTGCACTGCACGGGAGGCTCGTTGCCGATGAACGGGCATGTTCTCGTGCTAAACCAGGACTACAGCGCCCTCACCGTCTGTAGCGTGCAGCGGGCCGTCGTGCTCATGCACCTGCAGAAGGTACACCTCGTGGAATCGGCGGACGATCGGTACGTGCGTTCGCCGAGCGTGGAGCTGCCGTGGCCGAGCATCGTGCGCCTGAAGCAGTACGCCAACGTCCCGTACAAGCGCGTCATGCTCTCCCGCAAGAACGTCCTCAAGCGGGACCGCAACACGTGTCAGTACTGCGGGGCCCAGAGCAACCTGACCATCGACCACGTGGTGCCCAAGTCTCGGGGCGGGCGCGACACGTGGGAGAACCTCGTGGCGGCCTGCGTCACCTGCAACAACCAGAAGGGAGACTCGACGCCCGAGGAGGCAGACATGGAACTGGCACGCCAGCCGTTCCGGCCCAGCTACGTGATGTTTCTGCGGGACTTCGCCGGTGAGATCGAGGACACCTGGAAGCCGTACCTCTTTTTGTCATAGAGCGGGCCAGGGGCGACTTTTCATGCACAATCCCCGACGCCCCCCGATCGACTGTAGGCCGCCACCGTACAGACCCATTCCTTACTTCATTCCCTCTCGTTAGGTCAACTCGCTTCCGATGATCCGCTGGATTGCCCGTGCTGCCTGGCTTGTCCCCGTCCTGATGGTGGTCCTGTCGCTGCACCAGGGGAAGGTGGCGTACGACCTGCACAGCACCAAGACCCAGGGCACCACGGCCACCGCAGAGGTCCAGACGGTCCACGCCTCAAACCGGACGCAAGTGACGTACGACTACGTGAGTCTCCGCGTCCCGATGCCCGACGGCTCCACGCTCACGCGAGAACGGCTCTCGCTGCCTCACGGCATCGTGCCCGCCCTCAAGGGACGAGAGACCCTGCAGGTGCGGGTGATGTCGGGGGGCAGCCGGTCCATCGTGGTGACGGAGGCCATCAATTCGACACCGGTCGTGGACACCCAAATCCGGATCGCCGGGATCAACGGCCTCATGAGTTTCGGGGCGGCTCTGCTCTTCGGCATCGTCATTTGGTTCTGGAACCGAAGCCTGCGCCGGGACGGGGACCCGGCGGAACGCGGACTCACGGAGGCCGACCCCAACCATCCGGCGCGGCAGGTGGTGCG
NZ_CP030361.1_gap62	1581073	1582892	1819	CGGGCGTCTCCCCGTCGTCGAGGACGGCCGCGTCGCAGGCCCGCTCCCGCGCCTCGCCAATCTGCCGCCGGAGGCGGCCCACGAGCGGGTGCGCGGCGAACAGGGCGGCGACGAATCGCTCGAGCAGCTGCGCGCAGTCGTCCCACCGGCGGACGTGGACGAGCTCGTGGCGGAGGGTCATGCGGAGCTTGTCGGGGGCCGCAGCGAGCCGCTCCGGCACCAGAACCGTAGGGCGGCGGCCGCCGAGCGTCATGGGCACGGTCGCGTCCGGCGAAATGCAGAGTTGGACCGAGCGACGGACGCCGAGCCGCTCCTGAAGGCGATCCACCTCGGCTTCCAGGGAGGGCGTCACCGCAGTGTCAAGGCGCCGACGAACGCGGCTTGACACCAACACGTCCAGCCCGAGGCGCCCAAGGCGGAACAGGCCAATCCCCAGCGCGCCGACAGTAAGAAGCCCCACCGCGTGCATCCATGTCCATGAGCCGGCCGGGACCGATACGGGGCCCGTCTCGATCGCCGGCAACGCGACGACCGACCGGGCAGGACGCAGGGCGGACTCTGAGGCGTCGGGCAGCATCTCGATGACGCCGACCGCCGCAATACCGACCGGCAGGGCCGCAAGGAGGAGCTGCGAGAGGCGGTACTCGGCGTTCGGGTGCAGCCGATCCGTCCACCGGAGGAGCGCCCAGAGAGGGAGGGCAAGGGCAGTCCATGCCAGAACCGGGCGCCACAGTGGATCGATCGTGGCCGTGCCGAGGGCGGAGAGCCCGTCAAGAATCATCTGCATCATCGGTCTCGGGGTCCTTCTCGTCGAGGGCGTCGATGAGGGCCTTGATCTCTTCCCGCTCGTCGTCGCTCAGGTCCTCCCGCCGCACGAGCGTCTGCACCAGGGCCGATGGGGATCCCTGGAAAACCTTGTCCATGAGGCGTCGCAACAGGCTGTGCTGTACGGCGTCCGGGTCCTCCGCGGGCTGATAGACGTACGAGCGGCCTTCCTTGTGGTAGTCGAGGTAGTCTTTCTCGGCCAAGGTCTTGAGCACCGTCATGACGGTGGTGTACGCCACGTCGCGGTCCTCCAGGATGCGTTCGCGCACGTCGGCGACAGTGGCCTCGCCGAGGTCCCACACGTGATGGAGGACCTCCATTTCCGTTTCGCCAAGATGGGTCAGGGACTTTCGCTGCATGGATCAGTGCCTTTTTGTGTTATTACTATCTTCTTAGTACTACGTAAGCCGTATTAATTCAAGCGTGTTTGTCGAGTATTCATATTGGGGCGGCCATCCGTCAGGAACGGGGCTGCTGGTCGACGGGGCCGAGTCGGTCGGGGTACAGGGAGGCCAGCAGGTCCGGGTCGGTGCCCCACAGGTAGTGGCCCCACAGGTACAGGTTGAGGAGCTGCTGGCGGAGCGGGCCGTGGCGCCGAAACCGGCGGGCCGATGTCGTGACGGCCGCGTCCAAAAAACGAAACCTTCCGTGTCCCTGAAGCCGGGCGGCTAGCTCCAGGTCTTCGAAGAGGGGCCAGTCCGGGAAGCCGCCCACGGCCTCGAACGCCGACCGCTCCACGAACTGGCCCCGGTCGCCGAAGCAGAGACGAATCCACGGCCATCGGGTGCACCACGCGTAGAAGCGGAGAAGCGGCGTCGGGTCGTCGAAACGCAGACGAAACGTGCCGGCGATGGCATCCGGTGCGGCCAGGGCCCGCCGAATCCGGGATAGTCCGTTCGGGGGAAGCCGGGTGTCCGCGTGCAGAAAGAGAAGAATGTCTCCGCTGCTGCAGTCGGCCCCGTGGTTCATCTGGGGCGCCCGGCCCCGTGGGGCC
NZ_CP030361.1_gap63	1587583	1591053	3470	CGGAGACCTTGGAGCCGCCGAGGATGGCAACCATGGGATGGGCCGGGTCGTCCCGGACGCGCGTCAGGGCCTCAATCTCGTCCTCCATCAGGCGCCCCAGGGCCGCCACGTCCATGAACTCGGCCACCCCGGCGGTGGAGGCGTGCGCCCGGTGGGCCGCGCCGAAGGCATCGTTGACGTACACGTCGGCCAGGTTGGCCAGGGCCGTCGCGAAGGCCTCGTCGTTCGCCTTCTCGCCGGCGTCGAAGCGCGTGTTCTCCAGCAAGATCACGCTCCCCTCGCTCATGCCGTTGATCACCTCCTCGACGGTATCCCCCACCGTGTTGCTGGAGAACCGGACCCGTTCTTCGATGAGGGTGCCGAGGTGATCCGCCACGCAGGCGAGGCTCAGGTCCGGGTCGGGCTGACCGCCCGGACGCCCCAGGTGGCTCACGAGGATGGCCTTGCCGCCGTGGTCGAGGACGTGGCGAATGGTGGGAAGGGCCGCACGGATGCGGGTGTCGTCCCCCACGCAGGGGCTTCCGTCCTCGGAGGTGTCGAGCGGCACGTTGAAGTCGACCCGGATGAGGACGCGTTGGCCGCGTACGTCGACGTCGTCGAGGGTTAACTTATGCATGGAACGGGGAAGTTGGGCGACAGAACGGGCGATGGGTCATGCCGCCCCGCGCGGGCTGCAGCCGGGGCCGCGGGGCGGCACGAGGGCACAGCTACACGTTCATGAGCCGCTCCACGAGATCCACGGTCCGGTTCGCGTAGCCCCATTCGTTGTCGTACCAGCCGACCAATTTCACCTGCGAGCCGGCGACCTTCGTCCACGGCGCGTCGTAGATGCAGGAGTGCGGGTCGTGGATGATGTCACGCGAGACGATCGGGTCGTCGCTGTAGGCGAGGATCCCGTCGAGCGCGCCGTTGGCGGCTTCGTAGAAGGCCTCGTTGACGTCCTCGACCGTCACGTCCTGCTCCACGACCGCCGTAAGGTCGGTCACCGAGCCGTCCGGCGTCGGGACGCGCATGGCCATGCCGTCGAGCGCGCCATCGAGGTGGGGCAGCACCTTGCCGACGGCCTTGGCGCCGCCCGTGGTGGTGGGAATGATGGACTCGGCGGCGGTCCGGGCGCGGCGGAGGTCGCCGTGGGGGCCGTCGACGATGTTCTGGGAGGCGGTGTAGGCGTGTACGGTCGTCATGAGGCCGCTCTCCACGCCGAAGGCGTCGTCGAGCACCTTCACCAGCGGGGCGAGGCAGTTGGTGGTGCAACTGGCGTTGGAGACCACCTTCTCGTCGCCGGTGAGGATCTCGTCGTTGACGCCCAGCACCACCATGGCGTCCACCTCGCTCTTGGCGGGGGCGCTGATGACGACCTGGTCCGCGCCGGCCTCCAGGTGCTGGGAGGCCTTGTCGTAGGTCCGGAACACGCCCGTGGACTCGATCACCACGTCGGTGTCGTGGTCGCCCCACGGAAGGTTCGTCGGGTCTTTTTTGCTGAAGACGGGAAACTCCTGCTCGTCCACCACGAGGGTGCTGTCCTCCAGGTGCACGTCGCCGGGGAATTGCCCGTGGACCGAGTCGTACTTGAGCAGGGTGGCCAGCGTCTCGGCGTCTGTTAGGTCGTTGATGCCTACGATCTCGATCTCGTCCTCCTCCCGTTCCAGGAGGGCACGAAAGCACAGCCGCCCGATGCGACCAAATCCATTAATTCCAAGCTTGATTGACATAAGGGGGTAGAAGTCGTCTCAGTTCAACAGTGAGGCGAAGGCACGCCGCAGTGACGACGGCCCCAAGGAGGCAACGTATTCACAAACCCTCCCGTGCGGTGAGGCAAATGCGCTATGCGTATCGCGTCGTTAAGGTATAAAAGAGCCGGAAGTCTCTTCGGTAAAGATCACATGCAAAACCGGGCCCGCCCCGGGACGGCCTGGTCGCGGGGGAAACGAATGAACGACGGCACGTTAAACGGAATTCGATACCCAATGCGGATCAGTTCGTGTGGACGCCCTCCATCGACGATCCGTCCTCTCGCGTTATCTTGATTTCGGACCCTCTCGCTGGACATGGCTGCCCTCAAAACGCCCGAAAAGACATCGCGTCGCCAAGAGCTTCGGCAAAACATTTTTGTCGACCTCTACGCGCGGGCCCTTCTGTTCTACGATGAGTACAAGCAACTCGCGCAGGGGCTCGGGGTGGCGCTTCTGGTGTTGATCCTGGCCATTCCGGGATACATCTACTACCATCAACAGCAAGAACAGGCGGCCAACCAGCAGCTCGGTCAGATTCTCCCGGTGTACGAGCAGGGCAACTTTCAGCAGGCCCTCGACGGGACGGGCGACCGGGCGGGGCTTCTCGCGATTGCCGACGACTACGGCGGCACCGACGCGGGCAACCTTGCTACCTTCTACGCCGCAAACGCCCTCTACCAGCGGGACGAGTACGACCGGGCGCTCACCTACTATCAGCGGTTCGAGAAAGAGAAGGACTTTATTGGCGCCAGCGCGTACGCGGCCCAGGCGGCCATTCAGGAAACCCGGGGGTCCTTCGAGCGGGCGGGCGGCCTTTACGAGCAGGCCGCCTCACAGTACCAGAATAAGTTGACGGCCCCCCGATATCTGCTCAACGCGGGACAGGCCTACGAAGAGGCCGGCCAGTACGAGGCGGCCATTGGGGTCTACGAGCGGATTCAGGAGGAGTACCCGGACTCCGAGCAGGCCAGCAACGCCGAACGGTACCTGGCGCGGGCGAAGGTGCACCAGGGTAGCACATCCTCGTCGTAGTCGCCTCTTCGGTCCGGGGCCGGGCATTCCGAGAGTGGGGCGGCAGCATGTGAGGGGGCAGCGTTCGGGGCGCCGAGCGTCCCCGTGCCGCCGGCCGGCCCTCTGACCTCCCGCACGTTTTACCTGTGGACGAGTCTCCTTTGGCGGCATGCCCACGATTCTGGTCGTAGACGACGAGGCGAGCATCCGGCGGACGCTCCGCGAAATTTTGGAGTACGAGGACTTTGGCGTGGAGGAGGCGGTCGACGGGGAGGAGGCGCTGGTGGCCCTCCGCGAGAATGCCTACGACCTGGTGATCCTCGACGTGAAGATGCCGAAGATGGACGGCATGGAGGTTCTCGAAACGATCGCCGACGAGGGCTACGAGGTGCCGGTCCTCATGATCAGCGGCCACGGCACCATCGAGACCGCCGTGGAGTCGACCAAGCTGGGGGCGTTCGACTTTATCGAAAAGCCGCCGGACCTCAACCGCCTGCTGGTGACCGTCCGCAACGCCCTGGACCACGGGGAGCTGGAGGTCGAGAACCGTCGCATGCGACAGACGATCACCGAGCAGAACACCGGGGACCTGCCCCCGATCATTGGGGAGAGCGACGAGATCCAAGCGATCAAGGACACGATCGAGCGGGTGGCCCCCACGGAGGCGCGGGTGCTCGTCTCCGGCGAGAACGGCACCGGCAAGGAGCTCGTGGCCAAGTGGCTGCA
NZ_CP030361.1_gap64	1622011	1626010	3999	CTGCCCGGAAAAGAGCGGGCGAAATACATCTATCGGATCGGGCGGATGATCAAGGAAAAGTCCCGCGAGTTCGCGGTGCTGGAGTCGATGGACGGGGGCAAGCCGATCCGCGAGTCGCGCGACATGGACATCCCCCTGGTGGCGGCCCACTTCTTCCACTACGCCGGCTGGGCCGACAAGCTGGAGTACGCCCTGCCGGGCCCGGGCCGGCCCCGCTCGCTGGGCGTGTGCGGCCAGATCATCCCCTGGAACTTTCCGCTCCTGATGGCGGCGTGGAAGCTGGCCCCGGCCCTCGCTACGGGCAACACCGTCGTGCTGAAGCCCGCCGAGACGACGCCCCTCACGGCCCTCAAGCTCGCCGAGGTGATTCAGGAGGCGGGCCTGCCGCCCGGCGTCGTCAACATCGTGCAGGGGGCCGGCGAGGTGGGCTCCGCCCTCGTGGAGCACCCGGACGTCGACAAGATTGCGTTTACCGGCTCCACCGGGGTCGGCAAGCACATCCAGAAGCAGCTTGCCGGGACGAAGAAGCGCCTCACGCTGGAGCTGGGGGGGAAGGGGGCCAACATCGTCTTCGAGGACGCGCCCATCGACCAGGCCGTGGAGGGCATCGTGGACGGCATCTACTTCAACCAGGGGCACGTCTGCTGTGCGGGGTCGCGGCTGCTGGTCCAGGAGAGCGTGGCGGAGGAGGTGACCCGGAAGCTGCGGGACCGCATCGCGACGCTCCGGGTGGGCGACCCGCTCGACAAGAACACCGACATCGGGGCGATCAACTCGAAGCCACAGCTGGAGAAAATCCGCCGCCTCGTGGACGTCGGCGAGCGGGAGGGCGCCGACAAGTTCCAGCCGGAGTGCAACCTGCCGGACGACGGCTTCTGGTTCCCGCCCACGTTCTTCACCAACGTGACGCAGTCCCACCGCATCGCGCAGGAGGAGATTTTTGGTCCCGTCCTGTCGGTCACTACGTTCCGCACGCCCGAGGAGGCGGTCGAGCGCGCCAACAACACCGAGTACGGCCTCGCCTCTGGCATCTGGAGCGACAAGGGCTCGAAGCTCTTCTCGATCTCGCAGGCGCTGAAAAGCGGCGTGGTCTGGGGCAATACCTACAACAAGTTCGACCCCGCCAGCCCCTTCGGCGGCTACAAGGAAAGCGGCTTCGGCCGCGAGGGGGGCATGCACGGTCTTCTTCCGTACCTTGAACGTCCATCGCAGTCATGGCAGCCACAGACGCCCACGAACGGCTCCCCGTCTACAAAACCCGCAAGCTCTACATCGGCGGGGGCTTCCCCCGAACCGAAAGCGGACGATACATAACCGCCACCGACCCAACCGGCGAATTCGTGGCCAACATCTGTCGCGCGTCGCGCAAGGACTTTCGAGATGCGGTCGTGGAGGCCCGCGAGGCCCAGGACGGCTGGAGTTCGCGGAGCGCCTTCAACCGCGGGCAGATCCTGTACCGGATGGGCGAGATGCTGGAGTCCCGCCGGCAGGCGTTCGTCGATACCCTGGTCGACACCGCCGGCTACGCCCCCGACGCGGCCGGGGCGGAGGTGGACGCGGCGATTGACCGGCTCGTCTACTACGCGGGCTGGACCGACAAATTTTCGCAGGTGTTTGGGAGCATCAATCCCGTGGCGAGCTCGCACTTCGACTTCTCCGTCCCCGAGCCGTCGGGCGTCGTCGCCGCCTTCTGTCCGGAGGCCGCGCCGCTCTTGGGGCTCGTCTCCTGCCTGGCCCCGATCATCGTGCCCGGCAACACGGTCATCCTGGTGGTGGAGAACGACGCCCCGACGCTGGCCCTCGACCTGGCGGAGGTGCTCGACACGAGTGACCTGCCGGGTGGGGTCGTCAACATTCTCACGGGCCACCGGGAGGAACTCCGGGAGCACGTGGGGGGGCACCGCGACGTAGACGCCATTCTGAGCGTCGGCGCGTCGACCGAAGAGCGCACCATCCTGGAGCGGGAAGGGGCCGAGAGCGTCACGCGGATGGAGTTTCGCCCGGGTCGCTCGCCGGCCGAGTGGCGGGCCGATGAGAGCCAGTCGCCCTACTGGATCACGCCGTTTGTCGAGTTTAAGACCACCTGGCACCCGGTTGGGCGTTGAGGATTGGGCGTTGAGGGTTGAGGGCTGAGCTCGTGGGTCGTCTCTTCCTATCTTACTTTGTTTTGGAGACAAGCATTCCGTTGCGTATGCATCGTCGCTCGCCCTTCGCCATTCTCGCGCTGGCCGTCGTGCTGGGCGCCTGCACCGGGGCGTCACAGACCTCCGGGCAGGAAGGTCCCGCTGAGCCGGAGCCCGCAGAGGCGGCCCCGTCGGTGGCCGAGTACGAAACGTTCGACCCGTCGGCGTACGACGCCCGCCCGCCGGAGCGCACTGTAGAGGTGACCCACCAGGTGCCCGATCGCCTGTTGCAGGGGCGGGCGGACGAGGGCGTGCAGCAAACGGTTGAGGGCTTCCGGGTGCAGGTGTTCTCGGCGCGGGACAAGCAGGCGGCGCAGGACTTTCAGGTGAAGGTCCGGCAGTGGTGGGAGGAGAACAAAGCGGAGGCCCCGACTGCGGTCTTGGGGAATGAGCCGCCCATTGTTGTGCAGTACTCGCAGCCCTACTACCGGGTGCGGATGGGGGCCTTTGCCGAGCGCGACGCGGCCGAAGAAGCCCTTGCGTTCGTCCGGAGTGCGTACCCGAACGCCTTTATTTCTCGGGGTACGGTGACGGTGACGAGGTAGGAGAGCGGCGGGCGCATCACGGTGCGGCGGAATCGAGCGACTGGGCCTTGTTCGCGAGTCGGTCCACCAGATCGGGGGCGTACGTCTCGTGCTCCGGCTTCATGAGGACGCTGCGCAGGACGGCGGCCTCGTCCCGATCGGCGTGGAGCGACGGCCGCAGGGTCGTCAGTGCGTCCGCGGAGAGCCGATACACGCTGGTAAAGATGGGATCGTCCGGGTCGTTCATGGCCGCGTCGAAGAGGGCCTGGCTTGCCTCGTGGACGGCGGAGAGGGACGATTCCGATGTGGCCGGCACGTACGAGACGATGTCGGTCTCCGGGGGCGCCACGACGTGGAGGGCATCGGTGTCCGCCACCGCGTCGGTCCAGGTGCGGGCCGCCCGCATGCAGGCGGCCAGGATGGGGCCGAGGCCGTCGTCCGGCTTCAGGGGCAGCGCCTTGAGCGTGCACCAGAGCGCCCCGGCCGCCGCCCCGGCTCGTGAGCACTCCAGGCTGATCTCGCCGAGGTGCAGGTCGTCGGACGTGAAGTAGGTGTAGGGCGAGTCGTGCTGGTAGAAGCGCCCCACCGCCGGGTCGCGGAAGAGAATGCACCCGCAGCCGTACGGCTGCAGGCCGTGTTTGTGCGGATCAATGGCGACGGAGTCGGCGTCTTCGATTGCGCGAAACCGCTCCGCGGGAAAGTTCGGAATGTCGGGCGCGTCCGGCTCCGTCAGCAGCCGGAAAAAGCCGCCGTACGCGCCATCGACGTGAACCCGAGCGTCGTGCGCCCTGCACAGCGGGATTGCGTCGTGGATTGGGTCCACCGTGCCGAGTCCGGTCGTCCCGGCCGTCAGCACGACGGTCCCGATCGCGTGCTGCTCCAGCACGCGGTCGAGGGCGTCCAGGTCGATCCGGCCGTGGGCGTCCGCCGGCACCGGCACCACCTCTACGTCGAGCACGTCGCCCATGCGGCCGTGGGTGTAGTGGGCGTTGTCCGCCACCGCGACGGCCTGGTCCGGATGGAGCTCGCGCGCCACCCAGAGCGCCTCCAGGTTCGCCACGGTGCCGCCGCCGGTGAGGTGGCCGAGGCTGGCGTCGGGCAGCCCGAGCATGCCGGCCAGGTCCGCCACGACCTCCTTTTCCATCTGGCTGGTGGGCGAGCCGCCGTCGAGCGCGTGGTTGTTGGGGTTGATGCGCTGGGCCGCCGCGTACGCCGCACAGGCGACCGGGTGGGGCGGCTTCAGCATCTGCCCGGCGTAGCGCGGGTGGTGGAACGGGTAGTTGCCCTCCAGG
NZ_CP030361.1_gap65	1670525	1671841	1316	AACCCGTTCTGCCGGTAAAACTGCCGCAGACGAACGACGTCCTTCTGGAGCATCACCGGGTCGAAGGCCGGATAGTTCGTCTGCAGGCCCGGAAGGAACGAAAGGCGGTTGCGCAGGCGCGTGAGGGTCCCGGGGCCCACGGTGCCGATCTGTTCCCGAAGCCGATCCGGGTCGAAGGTCTGCTGGTCCACAAACCGGAAGGACACCTCCTGGACCGACGTATTGACATCGGCGGCGCGGAGCGGGGCTTGAGCGAGGGTCCGGGGCGGGCCCACAGCCCAGCCGGCGAGCAGCACAAGCAGCAACAGCACGAGGGGCCGCCCGGCGTCCGAAGCGGCCGACAAAGAAGACAGCACCGTGGTGGAAGGGAGCGGTCGGTTGGCGGAGGTGCGGCAGAAAGGGGCTTGGACCTACGAGGCTGACGGGGGGGATGAGGTTGAGGAGCCCGTGGCGGGCGATTCTGAGGCGGACGTGCGGGGCGGAGAGAAGGGGGCGGCGGAACCGTCTGTTTCCGTCTCGGAGGCGTCCGGCCCCGCGGCGTCCGCCTCCGCACCGGCCTGGGGCGACAGGCCCAACTGGGCCGGCAACTCCGTTCCCGGCAGCTCCCCGGCGGTCACGTGCCGGTGCTCCTGCAGCGACGCCACGACGGCCCCAATCATCAGCACCACGCCGGAAAAGTACACCCAAAACACAAATGCAACGATCAGCCCGAACGTGCTTCCCAATGCCTCGGTCCCGGTCCCGTACCCGACGTAGGTCGCGTAGAAGGTAAAGGCCTGCTTGGCCGTCTCCCAGAGCACCGCGGCGAGGAGGGCCCCCGCGAGGGCACTCCGCTTTCGGGGGGACGGCTGCGGCACCAGGTAGTAGAGCTGAAAAAACATGGTGGTCGTGAGCAGAAGCGGAAGCAGAAGGCCGGTAATCCAGATGGCCCGTCCCCACAGCCACTGTGCCCACTGCTCGGAGCCCAAAAACTGCCCAATGATCACCTCGTTCACAAACGATGGAAGCGACACCGAGAGCCCGACGGTCATGAGGAAGAGCCCCCCGACCTGAATGACCATCCGTACGTCGAACAGGTAGCCCCAGAGAAGAGAGCGCTCCTGGTGCCAGTCCTGCTCGAAGGCGTTGCTGACCGCGATTCGCAGCGTGATGAAGAGCGACATCGCCGACAGAAACAAGCCGATTCCTCCGATGCCCACGATTGTCGCACTGGCATCTTGAAGCTGGGTCAGGAAGTCGATGAGCTGCTGGCTCTGGCTGCCCGGAAGGAGCTCCCGGATAAACCGCGTGACGGCCGTAAAGGCATCCTTTCCCTG
NZ_CP030361.1_gap66	1677182	1680864	3682	GGCCTGGATCGTTGAGGCGTCTTTCTGCTCCGCGCTGAATGTGGTGATGCCGCACCGGACGCGCCCCTGGGCGTGGACCGTAACCCCGGGCACATCGGCCAGTCGGGTGCGGAGGGCGTGGGCCAGGTGCTGATTGCGGTCGAAGATGGCGTCCAGCCCCTGGTCGAGGGCGTAGTCGACGGCCGCCCCGAGGGCCACCTGCCCGGCGACGTGGCTTTCCCAGTTCTCAAACCGACGGGCGTCCGGGTGAATCTCGTACTCGTCGGGGGCGGTCCACGTGGCGGCGTGGAGGTCGAGGAGGGGCGGCTCGATGCGCTCGATCCAGTCGTCCTGCACGTACAGGAAGCCGGTGCCCCGCGGGCCCCGCAGGTACTTCCGCCCCGTGGCCGAGAGCATGGTGCACCCGAGCTCGTCGACCGGCAGCGGCATCTGCCCGGCGGACTGGCACGCGTCGAGCAGAAAGGGGACGTCGGCGTCGTCCGCCACTGCGCCCACCTCTCGGGCCGGGTTTACGAGCCCGCCGTTGGTGGGGACGTGGGTGAGCGCGATCAACGCCACGTCGTCGTCCATCGTTGAGCGGAGCGCGTCCACGTCCACTTGGCCCTGCTCGTCGTGCGGGAGCACCTCAACGGCGGCGCCCGTCCGCTCCGCCACCTGCAGGCAGGCGATGTGGTTGCTTGCATAGGCGGAGGGGGAGGTCAGGATGCGGTCGCCGGGGGCGAACGACAGGCCGTAGAAGGCCATGTCCCAGGCGCGGGTGGCATTCTCCAAGAGGGCCACCTCGTCGGGGGCGCACCCCAGCATTTGGGCGATGGCCTCGTACGTGTGGTGGAGGCGCCCCTCCGCCGCGGCCGCCGCCTCGTACCCGCCGATAGTAGCCTCCCGCTCCAGGTGCGTGACCTGCGCGTCGAGGACGGGCTGCGGCGGCAGGGCGGCCCCGGCGTTGTTGAAGTGCAGAACGTGGTCGGTGCCGGGCGTCTCGGCGCGGAGATGATCGAGGTCCATGCGGGGGCGAAGGACGAAGAGAAAAGACGCTTGACGTCGGGCCGTACGCGTGCCCCGCCGCCCCGTTCGCCCGGGTTCGGGTTTCCCTGACGGATGGCGTGCGGACGCGGCCAATGTGGAGGTTCTGGAAAATGGGGGGAATGGAGGTAACAATCCTGAGGCCGCCCGTACACCTTATAGTCTTCAGTTGTCCAGCAACCAACCATCCCTACGTCCATGGCGACGGCAAGCAATCTCGGCTATCCCCGAATCGGCGCGCACCGCGAGCTTAAGCGGGCCGTGGAAGGATACTGGAAGGGGGACCTCACGAAAGACGAGCTCCGCGATTCGGCCCAGGCCCTCCGCGAATCGCACTGGGCCACCCAGCAGGAGCTGGGGCTCGACGTCGTGCCCTCCAACGACTTTTCCTACTACGACCAGGTGCTCGACGCCTGCGCCATGGTCGGCGCCGTGCCCGAGCGCTTCCCGTGGGACGGCACCGAGGTCGACCTCGACACCTACTTCGCCATGGCGCGCGGCCTGCAGGAGAAGGACCTGGAGGGCGAGGAGTCGGGCGTGCAGGCGATGGAGATGACGAAGTGGTTCGACACGAACTACCACTACATCGTCCCCGAGTTCTCCCACGACACGACGTTCTCGCTGTCGTCGACGAAGGTGATCGACGAGTACGAGGAGGCGAAGGCCCAGGGCGTGGACACGCGGCCCGTCGTGATCGGGCCGGTGTCGTTCCTGCTGCTCGGCAAGACGCAGGCGGACGACCTCGACGCGCTCGACCTGCTCGACGACCTGCTGCCGGTCTACGCGGAGGTGCTGCAGGAGCTGGCCGACGCCGGCTGCGAGGCGGTGCAGCTCGACGAGCCGAACCTCGTGCTCGACCTGAGCGACGCGGAGCGCGCCGCTCTTGACCAGGCCTACGAGGCGCTCGCCGACGCCGCCGACATTGAGCTCCACGTCGCCACCTACTTCGGCGGCCTGGAGGACAACCTGCCGACGGCGCTGGACCTGCCGATCGATGTGCTGCACCTTGACCTCACGCGGGGCGAAGAGCAGCTGGACGAGGCCCTCGACCACGGCGTCCCGGACGACCTGGCGCTGTCGCTCGGCGTCATCGACGGCCGCAACGTGTGGCGGGCCGACCTCGATGCCCTGCTCGGCACCGTGGAGACGGCCATCGACGCCCTCGGCACCGACCGCGTGCTGGTGGGGCCGTCCTGTTCGCTGCTCCACGTGCCGGTCGACCTCGACACGGAGCCGGGCCTGAGCGACGAGATGAAGACCTGGTTCGCCTTCGCCACGCAGAAGATCGAAGAGATCGTGGCGCTGGCCGAGCGGGCCGACGGACACGAGGACGCCACGGAGGCCCTCTTCGAGAAGAGCCGCCGGGCGCATGCGGCCCGCGCCGAGTCCGACTGGATTAACGACGCCGCGGTGCAGGACCGCGTCGCGGGCATCGACGCCTCCATGACCGAGCGCGACTCCCCCCACTCCAGCCGCAGTCCCCTCCAGCGCGAGGCCCTCGACCTGCCGACGCTGCCGACGACCACGATCGGGTCCTTCCCGCAGACCGACGACATGCGCCGGATGCGCGCCCAGTACAAGAAGGACGAAATCTCGAAGGACGAGTACGAGGACTTCATTGAGGAGCAGATTGCCGACACCATCGCCGCCCAGGAGGAGATTGGGCTCGACGTGCTCGTCCACGGGGAGCCCGAGCGGGGCGACATGGTCGAACACTTCGGCCGCCAGCTCGATGGCTTCCTCTTCACCGAGAACGGCTGGGTGCAGAGCTACGGCACCCGCTGTGTGCGCCCGCCGATCATCGCCGGCGACGTGAGCCGCCCGGAGCCGATGACCACCCGCTGGCTCTCCTACGCCAACGACCAGACGGACACGCCGGTGAAGGGCATGCTGACCGGCCCGGTGACGATGCTGCAGTGGTCGTTCGTGCGCGACGACCAGTCGCGCGCCGAGACGTGCCGCCAGATCGCGCTCGCCATCCGCGACGAGGTGCTCGACCTCGAAGACGTGGGCATCCAGGCCATCCAGATCGACGAGCCCGCCTTCCGCGAGGGACTGCCCCTCCGCGAGCACCAGTGGGACGACTACCTCGACTGGGCCGTCGAGTGCTTCCGCCTCGCCTCCAGTGGGGTCCGCGACGAGACGCAGATCCACACCCACATGTGCTACTCGGAGTTCAACGACATCATCGAGGCGATCGCCGACATGGACGCCGACGTGATCTCCGTGGAGGCGTCCCGCTCGAAGATGGAGCTGCTCGACTCGTTCGACGCGTTCGACTACCCGAACGAGATTGGCCCGGGCGTCTACGACATCCACTCCCCCCGCGTGCCGTCGGTGGAGGAGATGGAAGAGCTCATCCGGACGGCGCTTGACGCGCTGGAGCCGTCGCAGATGTGGGTCAACCCCGACTGCGGCCTCAAGACGCGCCGCTGGGTCGAGGTGCAGCCCTCACTCGAAAACATGGTCCAGGCCGCCGAGAACGTCCGCGAGCGGGCGACGGCGTAGCGCCGAACAGGAGTTCGCAATTGTCTCCGAGCAGAGGGCGGGCGCGCCGCGTTGCGGCGTCAGCCCGCCCGTTCTGTTTGGCCCGTGCTGGAGGGCCGCCTGTCTCTCGAGAGATGCCCCTGCGTGCGCAACCTCGGCGGACGGGGCGGTA
NZ_CP030361.1_gap67	1870288	1872029	1741	CTCCGGCCCCGCGAGAGGCCCTCTCCCCGCAGGGGCATGGCGACGGCGATGCCCTCGGGAAAATTCTGTAGCCCGATTCCGAGGGCCAGGGCGAGGGCCCCCGCGAGTGTTGCCCCGGTTGCCACCTCCAGTTCGATGGCGGCGGCCCCGAAGGTCACGCCCACGGCGAGCCCCTCGGGAATGTTGTGCAGGGTAATGGCGAGGACCAAGAGCGTGGCCCGACGCCAGGACGTAGTGGGGCCTTCGGCGTCGGCCCGCCGCGCTCCAGGGTGGAGGTGCGGGAGGAGGGCGTCAGACAGGCGGAGAAACACACCGCCCAGAAGAAATCCAATCGTTGGGGGCACCCATTCGGTGATGCCCTGTGCCGCGGCCATGTCGATGGACGGGGCGAGCAGCGACCAGAAACTGGCGGCGATCATGACGCCGGCCGCGAACCCCATCATCGCATCGAGGAGGCGCTGGTTCACGCGCCGGGTGAAAAAGACGACGGACGCCCCGAGTGCGGTGACCCCCCAGGTGAACCCCCCGGCCAGCAGCGATTGAAGGACGGGCGAGAGCTGCTCGAACCACGGGGGAAGACTGGGCACGGGAGGAGAAAGGGCCTTGAAGACACGAGGAGGTGGAGGGACGGCGCGAAGAATACAAGTCGCGACCGATCCGGCAATGGGCTGCTCGGCGCCTGGATCCGTGGCGGGCCTCGCAACTTCCAAAAGCGCCCGACGTAGGATCGCTCAAACGTGCCAATGACCATCCAAGATAGCAATGCTCTCCGGGGGCCGTGGGGGGACGGACCCGGAGCTGCACTTTTTCGTCCTTCCAGCAACGTTTTTTCGACCATGAGCGCGCTCCCCGACGGCGAATACCTTCTCACGAACGTCCAGTGGCGACGGCAGGATCGAGACGGGGCCTTCCGTCCCCTCCACGGATTCACCACGGGTCATCTCGTCGCCGAGGGCGGCGGCGTCCAGGCTCAGGCTCGGTTCAACGATCAGTTCCTGTCCAATCGGTTTAGCGATCTGGAGTCGGACGACATCCCCGTCGTGCTGCGGGTGCGGCTGCTGGAACGGGACGGCCCCTACACTCTTCTCTGCGACGCGCCGGCCCTCGACCGGGCAGGGGCCTCGTACCAGTTGCAGGTGAACGGGGATGTGGCCGACGCCGAGACCGCTGCCTCTCGGGGGTGAGTGGAGAAGCGGGGGCCGTCCCAGTCTGCAGGAGGCGCGAGGACGGGGCGGCCGTCATCCTGATGATGGGGCCCGGGCACAATGCGCCTGCTGGTGCAAACTGGCCTGGTTTTTGTCCGAAAAAGAGAAGGCACTGTCCGTGAGGCGCCCAGGACACCGACTTCTAACACTGCCGCTCAGTCCCCGGAATGAAATACGGCACTCGGATCGCATACGGAGTGATGGGGGGAGCCGCGGCCCTCGCCCTCACGCTGTGGCTCGGTGCCTCGAACAGCGAGGTGGCGATCGTCCTCATCGGGATATTGGACTGGCTGCCCCTCGACCGGACTGTGGTGCTGAATAACGCCGAGGCCGCCGGCGTCTTTGCCATCGGCAGTGGCGTTGGCATGCTTGCCTGGCTCGTCACGGGACGGGAGGCCTTCCGGTGTTTGGGGCAGCGTGCGCCCCGGGCCTGGCACTTGTGGCGACGAGACGCGCTGACAAGTCTCATTCCTGTACTGAAGTACACCGCCCTGGGCCTCCTGATGGGCGGCCTGGGCGCGTATCTCATGCAGTAC
NZ_CP030361.1_gap68	1915668	1918864	3196	CGCCGTCGTAGTGGACGGTGCCCGCGTCGGCGGACTCGATCCCGGCCATGATGCGGAGCAGGGTGGTCTTGCCGGCGCCCGTGGGGGCCACCACGCTGAAGAAGCTCCGGTCGGGGATGTCCAGGGTGATCCCGTCCAACACCTGCTCGGTCCCAAACGACTTGTGGAGGTTTTCGACACGAATGCCCATGGGGCGGATCAACGGAATTCTGAGAGAGAAAGCCCGCGGCGGCAAGGACCGGCGGAGGGGCTACGAGGCGGCCGGGGATTCCTCGCCTGCGGGGGCGGTGGAGGTCGCATTGGTCGAGACGTCGGCGGCCTGGGGCGCGGCCTCACTGGAGTCGGGCGACTCCCAGGCCCGAGCGCGGTCCAGGGCCTTCGACCAGCCGGTTCGGAGCGTTTCGACGCGGTCTTTCGGCATCGACGGGGTAAACATCTGGTCCAGCTCCCACTGGTCCTGAATCTCGGACTGGCTGTCCCAGTAGCCGACGGCGAGGCCCGCGAGGTAGGCCGCCCCCAGGGCGGTGGTTTCGAGGATCTTGGGACGGACCACCGGGATGTCGAGAATGTCGGACTGGAACTGCAGCAGCAGGTCGTTGGCCGCGGCCCCGCCGTCGGCCCCCAGCTCCGTCGTCTCGATGCCGGAGTCGGCCTCCATCGCGTCGATGACGTCGGCCACCTGGTAGGCCATGCTCTCGATGGCGGCCCGGGCGAGGTGCCCGCGGTTGGCCCCCCGCGTGAGCCCGCTGATCGTGCCGCGGGCGTACTGGTCCCAGTACGGGGCGCCGAGGCCGGTGAAGGCGGGCACGAAATAGACGCCGCCGTTGTCGTCGACAGTGCGGGCGAGCCGCTCGACCTCCGCGGCCTCCCGAATCATCTTGAGCTCGTCGCGCAGCCACTGCACCACCGCCCCGGCGACGAAGATGGAGCCCTCCAGGGCGTAGTAGGTGGTGCCGTCGATCTGGTAGGCGATCGTGGTGAGCAGGTTGTGCTCGGAGGTGACCGCCGTCTCGCCGGTATTCTGGAGCAGAAAGGCGCCCGTGCCGTAGGTGTTTTTGCCGAGGCCGGGCGTGGTGCACATCTGCCCAAACAGCGCGGCCTGCTGGTCCCCCGCGATGCCCGCGATGGGCACCTCCTCGTCGAACGGGCCGCCCTGCGTCGTGCCGTACACTTCGCTGCTGTCCCGCACGTCGGGCAGCATGGACGGGGGGATGTCGAGAATATCGAGCAGCTCTGGGTCCCACGCTCCCTCGTGGATGTTGTAGAGGAGGGTCCGGGAGGCGTTGGTGGCGTCGGTGACGTGGCGCTTGCCGTTCGTCATGCGCCAGACGAGCCAGCTATCGACCGTGCCGAAGGCCAGCTCCCCATTCTCTGCGCGCTCGCGGGCCCCGTCCACGTTGTCCAGCAGCCACTTGATCTTCGTCCCGGAAAAGTAGGCGTCGATGATGAGCCCCGTTTTCTCCTGGATGAGGTCCAGGTGCCCCCGGTCCTTGAGTCGGTCGCAGAGCCCCGAGGTCCGTCGGTCCTGCCAGACAATAGCGTTATGGATGGGGGTGCCGGTGGCGCGGTCCCAGACAACCGTCGTCTCGCGCTGGTTGGTGATGCCGATGGCCGCCAGGTCCTCCGCCTCGACGTTCGCCCGGCTCATGGCCTCCGACGCGGTCCCCATCTGGGTCGACCAGATTTCGTTCGCGTCGTGCTCCACCCATCCGGGCTGTGGATAATGCTGCTCGAACTCCTTCTGGGCTACGGCTTGTACCTGCCCCTGGGTGTCGAAAAGGATGGACCGCGAGCTCGTCGTCCCCTGATCGAGCGCGAGTATGTACTGCATTGGTTGGATTGACGTCTTTGGAAGTCAGCCCGTTTGGAAGTCAGCCCGGTGCGGGAGAATCTGCGCGCTACGGCGTTGGCGCCATGCGCCGGGCTCCGACGGCACGGTGGAAGGGCTTTCGCCATAGAGGGCCCCGAATGGGGGGAACTGTTACGATTCGGGACATGCTTGGCGCCGTCCCCACCATCTCGTCGCAAACGAAGTATAGGAAGCGCTTTTTTGAGTCGGTAGTGTGATCTTCCGAGAAAATGCTTCCATCTTCCCAAATCCTCGCCCCCTCTGGTTTTTGTCCGACGGGTCCATATATCTTCCACTCTCCATCGGACGTACATCGGCATCCCCATCGGACTGTTCACCCGACGGGTCGGACGAGGCGCTGATTAACGACTTGGGCTCCACACCACGAACTGGTGTTCGCGACTGTACTCATGCACCTCCAGGCTCATGTCCCGATCCTTTCGGCCAACCCCGTACGGAGAGGCGTCCGAATCCCTCGTCAACTACCGACTGGGCGTAGGCGGAGACGACGCACGGCTTTCCTTCTATGCCGTTGAGGAGTCGGCCCGCGGCGTGTCCCTCCGGGCCCCGCACCTGACGTACTACGGGCTGGTCGACGGCACGGCACGGGTCGACGTGGAGGGCGAAGAAGGGCTTGCCGTCGAGGCGGGCGAGTCGCTGGTCGTGCCCCCGCTGCAGACGATCACGGTCGACTTCCCTGCGGCGCACGAGGACCCGGCCCGGTACGTGGTGCTGCGGGTCGATCGGTCGCAGGTCCGCTCCATTCTCGATCGTGTCGCGAGCGACGTGCCGTCGGGCCCCGCGGTACAGGACGGGGGAAGGGACGACCCCGCCTACTTTCACGTGCCGGAAAATGAAGGGATCGCCCGCGTGCTGAACATGGTCGCGTACCTGTTCCGGGAGGACCCCCCGAATCGCGACCGCCTGATCGACCTCAACGCGATGGAGCTTCTCATTCAGATGCTTCAGACCGCGTCGCGCCCCCTTCTCGTCGGGGAGCTCCCCCGGAACACCTCCGCCGGCGGATTGGCCGCGGCCGTGCAGTACATCCAGGACAACCTCGACCGGCACATTTCGATCGACGAACTGGTCGAGGAGGCCTGCATGAGCAAGTCCAGCTTCTACCGGCATTTCAGCGACGAATTCGAGATGTCCCCACTGGAGTATATCACGCGGGAGCGGGTCGTCCGGGCGCGGGAGCTGTTGGCGGATTCGGACAACACCGTCACCAACGTGAGCCACGCCCTGGGCTTCAGTAGCACCAGTCATTTCATCGATATGTTTAAAGAGCATGAGGGCGTGACGCCCAAGCAGTATCAGATGGACCTCCTGGACTAGCGTTGCGTC
NZ_CP030361.1_gap69	1921655	1922824	1169	TACCTCGACCTTGTAAACCCGTTATTGCGAAGAAAAGATTGGCGATTCTACACACACGGCAGGTCGGGCGGCAGCAAGACGAAAACCGAGTTTGACGCGCCTCTCGACCACATTCCGGACTGTGTAGAGGGGGCGAACGGAATCTACGTGCGCCACTACATCGGTCGCGAGGAGACGCTCAATCTTGGGGCGAACCTGGTTGACCGTGCGCTCGATCTGGTCTTCGATGTGTGGCCGATCTACCGGTTTTACCTGGCCGACGCGTTCGCATAACCCAACGTCTCTCTTTAGGCAGAAAAGGTGTTGGGCAGAGCATCTCCCCCCGCTGCCGCATCACTCCACAACAGCCGCTTCGTACGAATGTCTGACCTCGTCCAGACCTCAACCGAGGGTTCGGTCTGCACTCTTCGCCTCAATCGCCCCGACAAGCGCAACGCTTTAAACGCCGGCCTCGTGACGGCCCTGAAGGGGGCCCTCGATGCCGCGGAGGACGACGACTCTCTTCGCGCCGTTGTTCTCACAGGGACCGGCTCGGCCTTTTCGGCCGGGGCGGACCTATCCTCGCTTCGGGCCATGCGCGAGGCGGGGCCGACGGAGAACCAGACGGACTCTCGCCACCTGGCGGAGCTCTTCCGCCGGATTTATCAGTCGTCAATGCCCGTTATTGCAAAGGTAAACGGCCACGCAATTGGGGGCGGGTGCGGCCTCGCGTCCGTCTGTGACTTTGCGTACGCGTCGGGCGGCGCCAAGCTCGGATTCACGGAGGTGCGCATCGGGTTTGTGCCCGCCATCGTCATGGTGTTTCTGCGGCGCAAACTGGGGGAGACGCAGACCCGAGACCTACTGCTTCGGGGGCGTCTGGTGGATGCATCCCGGGCCGCGGAGATGGGGCTCGTGACCCGCGTCGTTCCCGAGGACGACCTCGACGAGGCGGTGGACGCCCTGGCCCGCGAACTGGCGCGCGAGACGAGCGGCTCGGCGGTGGCGCTTACGAAGCAGATGCTGGCGCGGGTGCCGGGAATGGGGCTCGACGAGGCACTCGACTACGCGGTGCAGATGAACGCCTTTGCTCGGGGTACGGAGGATTGTCAGGCGGGCATCGACGCCTTCCTCAACGACGAGGATCCGCCTTGGAAACAGGGCGCCCGTGGGTGAGGAACGGGCCACCG
NZ_CP030361.1_gap70	1927398	1930698	3300	GCTTCTTGCTGGAGTGGGGGCGGTGATCGGTCACATGTATCCGATTTTTGCGCGGTTTGAGGGAGGAAAGGGCGTAAACACCGCCGCCGGGATGCTCTTTGCACTCACGCCCCTCACCATGGCGATCACGCTCGCGGTTTTCGTGGCGGTGTTGCTGTCCTCCCGGTACGTGTCCCTGTCTTCCATTACCGCCGCCGTGGCGTTCCCCACCATCGTGGCCCTGCGCCGTTTCGGATTCGGGGCCGATCTCGACCCGAGCCTGCTCGTCTTCGGGGGGCTCCTCGCGCTGTCTATCGTGGTGGCGCATCGGTCTAACATTCAGCGCCTCCTAAACGGCACCGAAAGCCAGATTAGCTCCTTCGAGCCGGCCCAGGGCATGCTGGGGCGTGGAGAACTCTGACGGAGATGCTGGGGCCTTCCTGGCGAACGATCTGCCGCACGTGTGGGGCCCCTGCCTGGGGGACGCCCCCGGCGGCTGAGGGCCGTCGGCCCGGCGCCCGATTCTTTGCATCCAGACGATTTCTCATGTCGACATCGATTACGCTCTTCGGAGCCGGAAGCTGGGGAACGGCCCTTGCCGTCCACCTGGCCGCCGCGGGGCGCGACGTGACCCTCTGGGCCCGCCGCGACGAGGCGGTCGAGCGGATGCGGACAACGCACCGCAACCCCACGTACCTCTCGGACATCGAGATCCCGCCCTCCGTGCACGTAACATCGGACCTTGAGGCCGCCGCGGGGGCCTCGTCCCTCTGGGCCGTGGCGGTGCCCTCGCAGAACCTGCGTAGCGTGGCGACCCGCATCGCGCCGCTCACCCGCCCGGGGACGACCGTGGTGTCGCTGGCGAAAGGAATCGAAAACGAGACCCTGCAGACGATGTCGCAGGTGCTGGCCGATGAGCTGGGGGGGATGGAGGCGCAACAGATCGGGGTGCTTTACGGGCCCAGTCACGCGGAGGAGGTCGCCGAAAATCAGCCGACCACACTGGTCGCGGCCGCCCCCACCGAGCCGCGGGCCGAGTGGGTCCAAGACGCCTTCATGACCGAGCGGCTCCGCGTCTACGTGAACACCGATGTGGTCGGCGTGGAGATTGGGGGCTCCGCGAAGAATGTCCTCGCGATTGCGGCGGGAATTGGGGACGGCGTGGGGTACGGAGACAACGCCAAGGCGGCCCTCGTTACCCGTGGCCTTGCCGAGATTCGGCGCCTCGGGATCGCGATGGGCGCCAAGCCCCGAACGTTCGCCGGCCTCGCGGGCATCGGCGACCTGCTCGTGACCTGCATGAGTCCGCACAGCCGCAACCGATACCTGGGGGAGCAGATTGGGAACGGCATGACGCTCGAAGAGATCGAGTCGGAAATGGATATGGTTGCGGAGGGCGTTCGGACGACCCAGTCGGTTCAAGACCTTGCGCGCCACCATGACATCGAGATGCCCGTCACGGAGGCGGTGCACCGTGTCCTGTTCGAGAACCGGCGCCCCGAAGACATGGTTGACGAGCTTATGACACGCTCGGCCAAGCGGGAGCACTGGCTGCCGCAGGGCCTCCGGAACGTTTCCTAATGCCCGGGCGCGTCTTCGGTTGCTGTCCCCCATTCGCTCCGTCGCCGAGGGCTGCTGATTGGTTTTGTCTCCCCGGCCCGGCTGTACCTACTCATTGTTCGCTTGCACGACCGGTATGACGCGTCGAGAACTAGAACAGCTCGTCGACCTGGGGGAGGGAATCAGTGTGGAGTTCAAGCGCCGGGCGCCCCGGCCCGAGCGCATCGCGAAGGAGGCGGTTGCGCTGGCAAACACCAACGGCGGGCGCATCGTGCTCGGCGTCAACGACGACGGAACCATCATGGGGGTCGAGCACACGTCCGAGCAAGAGTTTCTCCTTCGTCAGGCCGTAAACGCCCACTCCCGGCCCGTTGTGGAGTATCAAACGGAGCGCATTGTGGTGGAGCCCCGCTGCGACGTGCTCGTGGTGACGATCCCCGAGAGCAGCACCAAGCCCCACGTCGTCGTGCCCGACGAGGAGGCCCGCGACGACGAGGGCCAGACGTACGTTCGGGTCGAGGCCAGTAGCGTTGAGGCCAGTCCCGAGACCATCCAGGAGCTGCGCAACCAGGAGGACCATGCAGGCGTGACCTTCGAATTCGGGGAGACGGAGTCGTTGCTCATGCGCTACCTGGACGACTACGGTCGCATCTCCGTCTCACAGCTGGCTCAGCTGGCCGACATTCCGCCGGAGCGGGCGTCCCAGACGCTGTTGCGTCTTACGGAGGCCGACCTGCTGCACCTCCATCCCGATGAGGACGGCGATTACTTTACGTTGAACTACTGATCGGGACGGCAACCGACCTTGCGCCGCTGCACATGAAGCCCCGCCGCCGGATCTCATATTTCAGTTTCTGTTATTGCAAAGTAAAATAGTGATTTTAGATACGCCCAGAAGGCCCTCTTAGTTTTCCTCAGCACGCGTCGGTTGAAAAAGTGACTGGGGAAGTGAAGGCCCGCCCAGGTGCTCGTCGCCCGCGCAGGGATGGGCGTGAGCCGCGGCGGCCCAATGGAAAACGGTCAAATCTTCCGAAACGCCATTCAGTGACAGTTGTAACTCCGAAAACGTGTGAGTAAACTATGTGTGCGCCGTCAACATCCGTTATTGAACGCCGCTGATGCCTGTTACCGAAACGATCCCGCTTCACGAGACCGCCCGCGAGCGGTACCTGAACTATGCCCTGTCCGTCATTACCAGCCGGGCCCTTCCGGACATCCGCGACGGCCTGAAGCCGGTGCAGCGTCGCATCCTCTTTGCGATGTTTGACAGCCTGAACCTGTACCCGTCCAAGCGGCACCGCAAGAGCGCGACGGTCGTGGGGGAGACGATGGGAAAGTACCACCCCCACGGCGACAAGGCCATCTACGACGCCATGGTGCGCATGGCGCAGTCGTTTTCGCTGCGGGCGCCGCTGGTCGACGGACACGGCAACTTCGGGTCGCTCGACGGTGACAGTGCGGCGGCGATGCGCTACACGGAGGCCAAGCTGCAGCCCCTGGCCATGGAGATGCTGGAGGGGCTCCGCGACGAGACGGTCGACTACCGCGACAACTTTGACGGCTCGTTGGAAGAGCCGGTCGTGCTCCCTGCCCGCGTCCCCAATCTCCTGGTGAACGGGGCGAGCGGCATCGCGGTCGGGATGGCGACAAACATCCCGCCGCACAATCTCGGCGAGGTGGTCGACGCGGCCCTCCACATGATTGAAGAGCCCGAGGTAGACACCTCGACCCTCGTCCGCGATCACATTCAGGGCCCGGACT
NZ_CP030361.1_gap71	2003313	2003832	519	CTACCGTCGTCCGGGTGACCGGTTCGATCATCGTTTGCGTGCTTCCCCCAAGTGCACCGGTCGACGGATTAAACGAAAACCGCTCCAGATGGCCCCTCCCCGTAAAGTCCCCGACGCTACTCACCACGTACACAGCGCTGCCGCCGGGGCTGAAGTCGGCAGAATGGCCCAGAGAAGCCGTCCCTCCGCCATGTGCCGCGAGGTTCTGCGTGTCCACGACGTTCATGTTTGCCGTGGTGAACGTCTGTGCCTTCGCGAGCGCATTGACAACGATCCCGGCTTGACTCCCCGGGGCACAATGAACGTTTTGAGGGGGAGCAGATGTCTGGAACGAGTCCCCCGTGTCGGTGAGCTGCTGCTGGTCGTCAATCTTGAGCTTGCGCACTGCCCGCTGGCTTCCTGTGCCGTTCATCGCGACAAGCACCGTTGACTCATCGTCGCACACGTCCACTGTCGCGTCAGACCCCGGTCCGAGATTGAGCACATCCTCCTCCGACTGAGCCGCAGGCACTGCGCTCG
NZ_CP030361.1_gap72	2004935	2008204	3269	CGACGCTGAGGGGCGATGTTCGAAGTGTAGGTCGGCGGTGGGGGAGGGATTTGAACCCCCGGGACCCGTGAGGGCCCTCCGGTTTTCGAGACCGGTGCATTCAACCAGGCTCTGCCACCCCACCGTGAATGTCGATAATGCCGTACATCGTGCCGTGGGCCACGTTCCGCTGGTCGTGCGCCGCTCGCAGCTAAATCACTGTGAACCGAACCGGGGGCCGCCCCACAGCGCCAAAACGGAACCTACTCCAAGCGATCGCGGACGAGGGCCGGAACGCCATCCAGCACCGTGTCGAGGGCCTCAGGGTCGCGCCCGCCGGCCGACGCCAGGGACGGGCGCCCGCCGCCGCCGCCACCGAGCCGGTCGCCCAGCGTCCCGACGAGATCTCCGGCCCGCAACGCCCCGTCGTCGACGAGGTCATCGGCCACCGTGGCCACCACGTACGCCTTCTCTCCGTCCTCCCCCACACTGCCGAGAACCCCAACAGCCCCCTCCCCCAGCTTGTCGCGGAACTGCTGGCCCAGTTCCTGTAGGTCGTCCATGCTTGCCCGGTCGAGCCGGCCGGTAACCACCGTGATCCCGTCCACTGAGGCTTTGTTCTCGGCGATAAAGGTGTCCAACTGGTCCGAGAGCTGGCCGCGGCGCAGCTGGTCGACCTCGCCCGCCAAGCGGTCGCGCTCCTCCTGCACCTCCGCGATGGCCTCCGGCAGGGACGTATGCAGCGACCGAAACTGCCGACGCGCCCGCGTCAGCGTCTCGAGCTCAGACTCCACGTGCTCCAGCGCCGCCTTCCCGGCCACGGCCTCCACGCGACGCACGCCCGACGCCACCGATCCCTCAGACAGAAAGCGGAAGAGCCCAATCTCACCGGTGGCGTCGACGTGGGTCCCCCCGCACAACTCCATGGAGAAGTCCGGGTCGAAGGTGATGACGCGCACCCGGTCCCCGTACTGCTCGTCGAACAGGGCCGTCGCGCCGCGGTCCAGCGCCTCGTCGATGGGCACGTCGCGCGCCTCCTGCTTCGGGATGTTTTGTTGGATCGCGGTGTTCACCCGACGCTCGATGTGACGCAGGGTATCCTCGTCGACCGCATCGAAGTGGCTAAAGTCGAATCGGAGTCGGTCCGGGGCCACGAGCGACCCTTTCTGCTGCACGTGATCCCCCAGTGTCTCGCGCAGGACGGCGTGCATCAGGTGAGTGGCCGTGTGGTGGGTACGAATGTGATTGCGGCGCTCCGCATCCACTGCCGCCTCCACCGGCCCGTCCAGAGGCTCCGGCAGGGTGTCCACCGTGTGCGCGATGCGCTCGCCCTCGCGCTGGGTGTCGAGCACCTGCACCGACTCGTCCCCAAATCGAAGCGTGCCGGTATCCCCGACCTGTCCCCCCGCCTCGGCGTAAAAGGGCGTGCGGCTCAGCTCGACCTCGTACTGCTGTGTGTCACCGGTCTCCACCACCCGCACCGCACGCACCTCGGCGTCAGGGACGACGGCCCGATCGTACCCGACGAAGACAGACGCCTCTCCCGGCGACACCGACTGCCAGGCCTGTACGTCGCTCTGATCGACCGCAAAGTCGGAGGCGGCGCGTGCACGCTCCTGCTGCCGGTCCATTAGCGTTTCGTACCCCTCCATGTCCACGTCCAGGTCGCGCTCGCGGGCCATGAGCCGCGTGAGGTCAATCGGGAATCCGTACGTGTCGTGGAGGAGAAACGCGATCTGTCCCGGCAGCGTCCCCCCGCGGGCCGTACGGGCAAAGCTGTGCAGGATGTCGTTCTCGTCGTCGGTGTCGACGTAGGCCTTCTCCAGCAGATCCATCGCCTGGGCGTCCTCTCGAAGCGCGCCGAGAAGACGATCGCTCTCCTCCCCGTCTGTGTCTTGGAAACCAGTGACGTGGGGCACCACGCGCTCGAAGAATTCGATGCCCGTGCCCAGGGTCTCCAGGAAGCTCTCCTCTTCGGACCGGATCGCCTGCTCGATGAACTCCTGCTGCTCGGCGAGCCCGTCGAACGGGCCGCCCATTTTCTCAATCAGCGGGTCGACGAGGCGGTGCAGGAACGGCTCCTCCAGCTCGAGGGTCTGGTAGCCGTAGCGGACGGCGCGGCGCAGGATGCGGCGGATGACGTATCCCCGCCCCTCGTTGCTCGGCATGACGCCGTCGGAGATGGCGAAGGCAATGGCGCGGATGTGATCGGCCACCACGCGGAGGGCAATTCGCACCTGCTCGTGCTCGTCATCGTCTTCGATGTGCAGATCGTCGTAGCCCCGAATCTCCTCGCGCGGGGAACGGTCGGCCATCGCCTGCAGGAGCGGCGCGAAGAGGTCCGTGTCGTACGTCGACTCCTTGCCCTGCAGCACGGCCACCATCCGCTCAAAGCCCATCCCCGTATCCACGTGCTGGTCGTCGAGCGGCTCCAGGCTGCCGTCAGTCTGTGCGTTGTACTGAATAAAGACGAGATTCCACAGCTCCATCACCTGCGGGTGGTCGACGTTCACCAGCTCCCGCCCCGGCGTCTCTTGTCGGGCCTCGGGGGGGCGGAGGTCCACGTGAAGTTCCGAGCACGGACCGCAGGGGCCAGTGTCGCCCATCATCCAGAAGTTTTCCTTAGACGGTTCGTAGAGGACCCGCTCTTCCGGGAGGGGCGTCTCCGAAAGCCACAGGTCGTACGCCTCCGCGTCGGCCGACAGGCCAAAGTCATCGTCGCCCTCGTGCACCGTGGCGTAGAGTCGGTCCGGCGCCAGCCCCCACCGCTCCACGAGGAGCTCCCACGCCCACCGGATGGCCTCGGCCTTGAAGTAGTCGCCGAAGCTCCAGTTGCCCAGCATCTCGAAGAAGGTGTGGTGGTACGTGTCGTGCCCCACCTCCTCCAGGTCGTTGTGCTTGCCGGAGACCCGCAGGCACTTCTGCGTGTCGACGGCCCGGGAGTACGGCCGCTGACCGGTCCCCAGAAAGACATCCTTGAATTGATTCATGCCGGCGTTCGTGAAGAGCAGGGTCCCGTCCCCGTCCGGTACGAGGGACGCACTGGGGACAACCTCGTGACCCTTCGCCTGAAAGAACTGCAGAAAGTCCTGACGGATCTCTTCGGAGGAGCGAGACGGGTCGGCGGACGACTGGAGGTGCGGATTCATCGGGTCGTGGGACATTCGGTCTTGGCTGAGTGGAAGAGTCGTACAGAAGTCGGGGTCACCGACGTATGCCCAAGCACTTCAAGTGATTGTCGAAGTTAAGGCCGGTGTTGAAATTCCCAACACTCGCGTGGAGCGACGGTC
NZ_CP030361.1_gap73	2041133	2042152	1019	GGACGCTGGGCACCCGAACCCTCCGCCCGTCGTCCGGTTTCGTCAGGGGCCTTTGCTTCGAAGCGCATCGCCACCCGCTCAGATCCGCCCTCGCATGCGACTCTTCACGGCGATTGATCTCCCCGACGGATTCCGAAACGAAGTGGCCGGCCTGCAGGCACCGTCCGCGCTGGACGCCCGCTGGACCGATCCGGCCCAGTTTCACGTGACGCTCCGCTTCATTGGCGATGCCAGCCCCGAGCGGGCAGCGCGCTACGAGCAGGCCCTCGCGGACCTGACCGCCCCGGCCGCCCGCTGCGAGCCCTACGGCCTGGACGTGTTGCCGTCCCGGCGCTCTCCTCGCGTCCTGGTGCTCGGCCTGGAGCGCACCGAGTCCCTCCTGGCCCTCCACACGGCCGTCGGCGATGCCCTCGAACGGGAAGGCCTGTCGCCAGACGACCGCGACTACACCCCTCACGTCACGCTCGCCCGGGTGGGGGACACCGCCCCGGAGACGGTGCACGCGTTTCTGCGAACCGCGGACGTGCCCTCTTTTCCGGCCTTCCAGGCCGACCGGTTTGTGCTATACGAAAGCACCCTCACCTCGGACGGGGCCGTTTACGATCCACGAGCGATTTACCCGCTCAACGGATAGGCCCGCGTCCCGGCCATCAATTTTTCGTGATCGGGCGGCGGGCCCACGATAATTGGGACGATCGGTCGTTAGGTTGACCCCGCATGCTGTTTTGCGTTTCTCTCCCCAACCATGTTACGACGCCTCCTACTGCCCGGCGTCCTGTTGTGCGCAGTCGCCCTCCCGGCGGGCGCCCAGGACGGCGGCCCGACCCTTCAAGCCCTCCAGTCGCGCTACAGTGCCCTGGAAGGGCTCCGGGCCGCCTTCACGCAGGTGACCGCCTCCGAGTTTGCGGACGACTCCACCCGGATTGACGGGACGGTGCTTCTCGCCGGGAACCGATACCGGGTCGAGACCTCCGCGCAGACGGTCGTGACGGACGGCACGACGACGTGGATTTACTCCC
NZ_CP030361.1_gap74	2043166	2043795	629	CGTTGGCTCCTTCAGCGCGAAGACGCGTGGCTCGGTCGCGTCTGGAGGACCACCCTCAAGCCCGCCGCGATGTCGTTCCGGGAAGGGATGGCCACACTGGTGGCCTCCCCCCGCCGCGGGGCCATTGCCCTCTCCACGGTCGGCATGTGGGCCGGATACCTGCTGATGGCCTACCTCCCTTTCCGCATGCTCCACCTCGCCGAGCCCTACGGCATTGGGATTTTGGACGCGTGGGCGCTCATGGCGATCGGCGCGATCGGCATCCTGGTGCCCTCCCCCGGCGGCATCGGGTCGTACCACTACATCACCGAACAGGCACTGGTCCACCTCTACGGGGTCCCGTCGGCGGAGGCCCTCACCTACGCCTTCCTCACCCACGGGGCGCAGCTCGTCTTTTACACCCTGGCGGGCCTCGTGGCGGTGGTGTATCAGGGCAGCGGCTTCCGGCCCCTGCTCGCCTTCGGGGCCGACGCCCCCACAGCCTCGGCGAAAACGGACGCGCCCCCCGCCCGCTCCGACGGCGAGACGGACGAGGCCCGCCCCGCTGCTTCGTCCCTCGCCGGCGCCTCTCCCGACGACCAGCGGGGCAATCCGGACGAGTAGCGGCCCGGCCGCCCCTCCGCTTTTCG
NZ_CP030361.1_gap75	2240780	2244798	4018	CGTACGGCACTTTCGTCCCCCGAGACGGGCGGTAGTCGACGAGGCGATCGTCCTGGAACGATTCCAGGGTCTGTCCCGGCGAGAGGTCTCGGCGCCACGTCCGGTCGGCGTGCTGAAAATAGACGGAAAGCGGGCGCCCCTCCGCCGCCAAGAGATCGAACTCTAGGGTCAGGCCGTCTCCCCCCGTCATCGACGTGACCGGCAGGCTCTGCTCGTCGTCCCCCTGATACAACTGAACGGTACGGACCGAGGCGGACGGCGGGGCCAATTCGGGCTGAACTGTTGCCGAAGCCGGAGCGGACGAGTCGGCCTGTTCCGCCTCCTCCGTCGACTTGCACCCCATCGTCAGAGCGACCGCCACGACACAAACGAGGAGCCCAAACGCCCAACGGGAGACGACGCGCATATTACCGATTGCGTGGCTCATTGTGGTTGGCGAAAGGGGCACTGTTACACCGAGAAGTCTCCGTTGGGGATTTGCTTGACCCAACCAGCAGTCGAGAGGCGTGGTTCGGGACCGGACGGCGAGGCCGACCGGCCCGGTTCGGGGTCCCCGAATCGACTGCCCGCCTCTCCCACCACGCAAAGACGGAGGCTCGTTCCTCGTCCCCGAGCGCCCGGGCCCGGCGTGCCCCCCCGGCGGCCCATCGCCGCGCCGCCGCCGTCGAGTCCGCCCGCAGGGCCGCCTTGGCCCCCCACGCCGCACGCTGCAGTTCCCATGTCCGGTGCCAGGCCCGCGGCCGACCGGCACGTACCGGCACGCCCAGCCCCTCCCACAGGGGCAGTGCGCGGCGGTACCGCCGCGCGTCCATCCACCGGACCGCCCGCCAAGCCCGTACCTCGGCGTCCTGGGCCCCCGTGTCCGCCAGGCGGCGAGCCTGCGCGGCTGCGGAGCCTGCACTCGTGAGCATCCGAACGACGGAGGGACGGTCGGCGATCGCGTCCCGGAGGGCGAGGCGGGCCCGAAGGTCGTGGGCGTAGTCCGGCGCCTGTGCCCGGGCTTGGGCGTACAGCGCCCGGGCCGTGTCCGGGGCCCGTCGCAGCACAGCCGCGTCGGCCCCTGCAACCTGGAGCGGAACCGTCCGGGCCGCCACCGAGAGCGTGTCGATCTGGCGCCACACGGCGTCCGGCCGTCCCTGGGCGAGCCGGTGGCGGGCCAACGCCGCGTGGGCCGCCGCGTACCGCGGCTGTGCGTCGAGGGCTCTTGCCAGGTGTTGCACCATCTCGGTGGTGTCGCGGCGCCGCGCGGCCCGCTGCGCTGTCTGGTAGTGCCGCCGCGCCGGGGGCACATAGTGAGGACAGTCGGTTTCGAAGAGGGACGGGCGCGTAAACTGCCGGGTGACCACATCGTGGGCCGCCCGCGACACGGCGGGCGCCCGACGAAGATGGGCCGCCCACTCGGTTGCGAGCGTGCCCAGCGACCGTCCGTACACGGTTTCAAAATTCCCCCACGCGTAGACGCGCCTGAGCCGGGCCGCGCCGTACTGGTCGAGCAGGTACCGGACGAACGATCCCATCGTGGCGTACGAGACGGGCCCCCGGCTCGTCCAGAAGCCCCAGGGCGACAGCCGCTGTGCCACCGCTCCCGCCTCGGCGGCGAGCGTGGTCGTCGTGTCGGACTGGGCCGCGGTGCGGACGAGGTCATCGGGGGGCGGCCCCGGCGACGGCGGCTCCAGGGCCACCGCCCATCCTTCGATGAGTCCCGGTGCCCAGGAGGCCTTTAGCCCGGGCAAGCCGTAAGGACGACTGACGACGTGTGCCAGCTCGTGGCCCAGGCTCTGCGACACCCGATCGCGGAGCAGGTGCACCTGCGGGGTGTCGAGCCACACCGGCGTCACGCTCGTCGTGCGGGCGCCGGTGAGACGCCCTTTCGTGTCCGGATTCGGGTAGATGTAGCTCCGGATTCGAGGGCGTTCCGCGTCGGCTTCCAGGCCCAGCCGGCGCCGCACCCAGTCGTACTCTGCCTCGTGGGCGGCGGCGAGGTCCGCGGCGGCGGCCGCGTCGACCTGCGTCGAATCGTAGTAGAGGTCAAAGTGGGGCGTCCGCGTGTGCCCGCCGAGGCGCTCCTGCAGGGAGGCCGCCGTCGTGTTGATCCCGAGGGCAGCGGAGAACGCGTACCCTGTTCCAAGGACGAGGGCACACGCAAGAACGGCCCCCCAAGACCCGCGCCCCCGCACCCGGTGCCCGAGGAGCACAGCCAGCAGGGCCCAGAGCAGCGTCAGGCCCCGAAAGGCAAAGAGCCCCGGGCGAACGGCCAGTTGCTCGTCGTAAATGGGCCCCAGCACGCCCCCGAAGACATGATTGTAGGTGTAGAACTGCGGATGCAGGCCCAGGTCGTAGAGCGGCCCGGCCACGACGAGAAGCCCCCCGAGGCCGCTCAGCACCCACCCCGGTCGCGACACCGGCAGTCCCCGAAGCAGATACGCCACCGCCACCGCGAACACGACCGTGATCCCCGGGAACAGGACGTAGAAGAGAAGTCCCTGTCCCAGGGTGCAATTCGGCGCCCAGGCCTGCGCAAGCAGGAGTACCGCGAGCGGGACGAGAAGGGCCGCCGCCTGGCGCCCCATCACCTGCCACACCGACATCGACGTGGCGTCGAACGCCCGAACGGCCGCCCCCCCGCTGATGAAATAGGCCGCCAGGGCCACCACCGCGGCGGACTCGGCCTGCAACACGTTGAGGAGAGGGATCGGGGCCAACAACAGGCCCAGCACAAGATACGCGGCGGCGGCGCGACGCATTGATGCATCAACGGCAGACGAAACGAAAACGCTGGGAACCTACAGGAGCGTAAACGACACCCCGACCGATATGGCCTCCCTGATCTGGATTGCGCTGGAGGTGTCCTCGTCGAAGAGTGCCACGAACTCCAGGTCCGTGGTAATCCAGTCGTTCACCTGGAGGTTGATGACATTGTCCCAGACGGCATCGGGGGGATTGTCGAGCTGGTTCACGGCAAAGAAGACGTCGAGTTGCGACCGGTACCGGATGCTTTCGGAAAGCTGCTGGTCCAGGTTTGCAGAAAACTGTCCTCCGGCCTCCGACCGCACCAGATTGTCCGGATCTACCCCGTAGAGGACCCGAAAGTCCGGTTCAGCCACGACCGTCTGCTTCGCGGCAACGCCCAACCGGAGCGAGAGCGGATCGAGTGGATCGTAGGTAAGACCGATCGACTCCGTGACGGTCCCCGGGGCAAAAAACGAGGAGGTTCGAACGGGAGGGTCCTCGCCGATCCGCGGGTTGTTGGGGTCCACACCCGCTTCATCTTCATACGGGTTGTCGGAGTACGCAAACCCAGGCGCAAATTGCGTCCGAAGGTCCCCGGCCAGGGTGGGACTGAACGTGTTGAAAAAGCCGTCCCCCTGATACTGCAGGTTGGCCTGCAGGCGGATCCGGTCCTCCGCCTTCCGGACCTCTTGATCTTCCTGGTTGATGTAGCCGAGGGCGAACCGTGCGGTGTACGCCTGCGCCCAGCGGTCCCCCTTCCGCTCGGTGGCCCCGTCCAGCGAGGTCGTGAACGACAGCGAGTTGACTCCTCCCTCCTGCCAGTTGCGATACGCGGCCTGCGAGACGGAAATCTTGCCGGTCAGTTCTGAGTCCCACTCCGCGTCGGCCGTATCGGAGGTCGGGCTCTCTTGGGGATTGGGGAGCGAGGGCAGTCCCGGCTGGGCCGAAACGGGGAGTCCCACCAGGAAAAGACAAAGGACTGCGAGGGCGCTAGAAATGGGGTGATAGGGCATCGCGTCGGAAAGCTAGAGAAAAAATAAAACGAGACCAGCCGGCAACACTACGACCAGCCGTCAGCAGTCAAGGCCGCTCCTCAACGCAAAAAGCCCTTGCCGACAAAAAGCAAGGGCTTCTTCCGCGACGTGAAACGTCGGATCGGTGACCAATTCGCCCCACCCGTGCGCTCCAGAAGTGTGGCGATCGGGGGGACGGATTGGCCCCTGAGAAGCTAAAGCTCTTCGTTCTTAATGTCCTGGATTTCTTGCCGGATTTCGTGGGACAACTTCTT
NZ_CP030361.1_gap76	2246546	2248452	1906	GTCCGCCACACGGGCCTGCTGGGCCTGGTGCTTTACCACGTCCTCCCGTTCCCACTTGCTTACGAGCTTGAAGTAGTGGGAGTGCTTCTGGACGAGCGACGCGAGCGTGTCGGCCTGTTCCTGAAGGGCCGGGTGGACGCCGTTGATCTCGGGCGCACGCGGCTTCAGCCCGAGGAACAGTTGGGCCCCCATCGGCAGGGCCTTCTTAATCACCGCCGGCGTGGTTGCGGCCGTCAGAATGCGCGAGAGGTTGTCGCCGATCGACTCGTCCGAGTCCCACAGCAGCGCCTCTTGGATCGACACCATCTTCTCGGCGAGCTGCTTTCCGCCGTACGCGAAGATGAAGGACTGCATGACCTCATTGGAGCCCTCCACGATGCCGTGGATGCGGTTGTCGCGCCACGCCCGCTCCAGCTCGTGTTCGGTCATGTAGCCCTCCCCGCCCATGACCTGCAGCGCCTCGTCAATGACGTTCCACCCGAAGTCGGAGCAAAACACCTTGGTGATGGCCGTCTCTACCATAATGTCGTCCTCCCCTTGGTCGAGGAGCCCCGTCATCATGTAGAGCATGGCGTCCATCGCGTAGGTCACCGCCGACATGCGGGCGATCTTCTGCTTCACGAGCTCAAAATCCGCCAGGGGCCGCTCGAACTGGTAGCGCGTCTGGGCCCACTTGATGCCCTGATCCCGCGCTGCCTTGGCGGCACCGGTGACGCCCGCACTGAGCGTGCACCGCCCGTAGTTGAGGCACGAGAGTGCGACCTTCAGGCCTGCCCCCTCCTCGTGGAGGACGTTCTCCTCCGGGACGCGGACGTCGTTGAAGCGGAAGCGGGCCTGCCACGTCCCGCGGATGCCGGTCTTCGCGCGGTTCTTCTCAAACACCTCCACCCCGTCCATGTCCGGCGTCACGATGAGCGCGTTCACGCCCTGCTGCTCCAGCTCGCCCGTCTCGGGGTTGGGCACCATGTTCTTGCACATGACGGTGCACAGCCCGCTCATGGCGCCCGAGGTGGACCATTTCTTCTCGCCATTCAGGATGTAGTCGCCGTCGTCCGTCTTCACGGAAAAGGACTCCTGCGCCGCCGCGTCGGACCCCACGTTCGGCTCCGACAAGCAGAAGGCACTCAGCTCCTCCCGGGCGACGAGGGGCAGGTATTTTTCCTTCTGCTCCTCCGTTCCGAACATCACGATCGCCTTGCAGCCGATCGACTGGTGCGCCGACACCATGACGGCCGTGGACGCGCAGTAGCGACCGATCATCTCCAGCACCCGGTTGTAGCTCGTGACCCCGAGCCCAAGTCCCCCGTATTCTTCCGGGATGATCATCCCCATCACACCCATGTCGAACAGCCGGTCGATCACCCACTCCGGAATGTATTGCTCCTGGTCGATCTCGACCCGCGGGTGCTCGTTTTCCAGGTACGCTTCGAGCTCCTCCAGCAGGGCATCACACCGCTCTCGCTCCTCGTCTCCTTCCTGGGGGTAAGGAAACAAGAGGTCGTCGCGGAGGCGCCCCCAGAAGGCGTTCTTGATAAACCCCATGTCCTCCGGCTCGGGGCCCATCATCGTCTCGATGTTCTCAATCATTTTCTGGTCCTCTTCGGAGACCCCTTTGATGTCACTGAGTCCTTGGTCTGCCATGGTTGGTCGGAGTGGTTTGTGTGCGAGACGTGAAGGGCGTCGGCGGGCGTCGGCCAACGATACCCAACGGGAGTCCGAAGCGACATTTCCCGAGCCCCCATCATGTCTGAGGGGCGCCTTGAAAGGGCTTCCATCAGGTTCCAAAACTGGTAATTGCCTGTTTGCATTCGGTTCCTTCCACAGGCTTTCCCCAATCGGAATTCTCAGGGCCTTTTTGGACCGGACGGGGGGTTGCGTGCGCCCGACCAAACCGCTACGTTTGGAC
NZ_CP030361.1_gap77	2269414	2271289	1875	CGGACGCCGCCCTGCACGTCGGTCGTCGCAACGCTCACGCCGTTGGTAGGGAAGTTGAGCTGGTTTTCCGTGGCCGCCACGACGGACGCGACCATGGTATCGCCCGTGACGTTGTTGGTGGTTCGAAGCATGTCGAGCGGACGGTCGACGCCGAGAATGAGAGCAAGGCCGGCACTCGGCACCCCGATCGACTCCAGAATCACAACGAGCATCACGATGCCCGCACTCGGCACCGCCGCGGTTCCGATGGAGGCCAGCACCGCGATCAGGACGATGTTGAGCTGCTGGGTGAAGGCCAGGCTGATGCCGAGCACCTGTGCGATGAAGACCGCCGAGACGGCCTGGTAGAGGGCCGTCCCGTCCATGTTGACCGTGGCCCCCAGGGGCAGCACGAACGAGGAGACCTGCTCCGACACGCCGAGGTTCTTCTCCGACACCTCCATCGTCACCGGCAGCGTGCCCCCGCTCGACGACGTGGAAAAGGCGACCAGCTGTGCCGGGGCGATGGCCCGGAAGTAGTCCGCGATTGAGATGGACGTAAAGAGCCGCATAAAGATGGGGTAGACCACAAACACCATGATCGCGAGCCCGATCACCACCGTCAGGCAGTAAAACCCGAGGGCACCGAGGAGGCTGGCAAGGTCCGCGGGACTCTCGGCGGCAATCGAGGTAATCGCATCGGCCAGAAGCCCAAACACCCCCACCGGCGCCGTGAGCATGATGATCTCCACCGCCTTGATGATCGCCTCGAATAAGCTGTCGAAAACCGCCAGCAAGGGCTCCGACTTCTCACCGGGAAGCAGGAGGAGCACGACCCCGAGGAACAGGGCCACGAAGACGACCTGGAGCATATTTCCGTTGTCCGAGGCCGACTCGAAGAAGTTCGACGGCACGATGTCGACCAGCGGTTGCAGGGGGCCACGCCCTTCCGCCTGTTCGGCCACTTCCATGTTCTGCTCAATGTCGCCCTGATACTTCTGCTCCAGTTGTGTGCGCATCTCCTGCGGCACGGTTCGGCCCGGCTGAAGGGTATTGACCAGGACGAGCCCAATCACGAGCGCGATGGTGGTGGTCAAGATGTAAATCCCCAGCGTCTTTCCCCCAATCCGCGACAGCTGTTCGAGGTCGCCGAGCGACGCCACCCCCACAATCAACGACGCCAAAATAAGCGGCACCGCAATGAGTTGGAGGAGGTTCAGGAAAATCGTCCCGAACGGCGCGACCCAGTCGCTGGTGAATTGGCCCCATCCGGCGGACGCGGCGACGACCCCGTAGACGAGGCCGAGCACAAGCCCGATGATAATTTGCCAGTGAAGCTTCTTGTACCAGGGCATAAGCACACTCTACTTGACGCGGAGGAGACAGAAAGGGCGCTCTGCTTTTCTTGACACGCCTAAACTAAAGGCACATCGTCCTCCTCTACAACCCCGCCGGCTCGGGAGGAGTGCAGGTGCCTGCGTTCGAAACGGCCCCCACTCCCGGCCGCAACGCGGCTACCCCACCAGCAGGACGCCTGCGAGCGCGATTCCGCCCCCTACGGTCGTGCCCACAAAATTGACGGCATTGTTTCCCATTGGCGCCCATCCCCGCACGGGCGCGGCCCCTTGGGCCGGCGGTGTTTCCCTCCACTCCCCCGAATCGGCCCGGTACTGCGCCTGGAGGAAGGCCCCCACGAGGCTGTCGGCGGCCATGCCCAGCAGCCCCGCCCCCACGAGCAGGGCAACGTCCCCCCGCACGTCCCCCGTCACAGGGCCGTTCGTGAGCACCGCCGCCCCCGCCACGCTCGCCGCGCCGAGCATCGCCGCGACTGTTCCCGTGACCGACACCGCCCCGGAGGTGCCGGCGGCGACTCGCCGCCCGGTGCGCAGCGACCAC
NZ_CP030361.1_gap78	2366672	2369411	2739	GTGCTCGACGACCTGGACATCGAGTTTTACGACCCGTACGACCAGATCGTCGATCTCTCGGGGGGCATCGAGCGACCCGCCTGGTGCGTGAACGGGAGCATGAACATCGTCCACAACCTGCTCGACAAGTGGCAGGGCACGCCCGCGGAGGACCGCGCGGCACTGCGTTGGGAGGGGGAAGACGGGGCCACGCGAACCCTGACGTACGGCGAGCTCCACCAGCGCGTCTGTCGCTGTGCAAACGCGCTGCGGGACCTGGGGCTCGGAAGGGGCGACCGGATTGGGCTCTTTATGCCCATGACTCCGGAGATCGTCATCGCGTTCCTGGCGATCGCAAAAATCGGAGGGGTGTTGCTGCCCCTCTTCAGTGGGTACGGGGTCGGCGCACTGGTCACCCGGCTCCAGGGGGCCGAGGCGGACGCCCTCTTCACGGCCGACGGCTTTGCGCGCCGGGGGCGCCCCATCGACATGAAAGAGACCGCGGACGAGGCGGTCGCCCAGTGCCCGACGGTCGAACACGTCATTGTTCACCGGCATCTCGGGCGCGATGACACGCCCATGACGACCGGCCGCGACCGCTTCTGGGCGGATTTCGTGGCGGGGCACGACCCGGAGGCCCGCACGGCCCGCACCGGGGCCGACGACCCGGTCATGGTCATCTACACCAGTGGCACCACCGGGCCGCCGAAAGGGACCGTACACACCCACTGCGGCTTCCCCATCAAGGGCGCGCAGGACATGTACCATCCGATGGACCTGAAGCCGGGGGAGACGATGTACTGGATGAGCGACATGGGCTGGATGATGGGGCCATGGCTCGTCTTCGGCACGCTCACGGTGGGGGCGACCATGGTGCTCTACGACGGGGCCCCCGACCATCCGGACGCCGGACGCCTCTGGCGACTAGTGGACGACCACGAGGTGACGCACCTCGGCGTGTCCCCCACCCTCATCCGCGCCCTCAAGACGCACGGCGACGCGCCCGTAAGGGCGTCCGACCGGTCGAGCCTTCGCGCGATCGGGTCGACCGGCAGTCCCTGGGACCCCGAGTCCTGGTCGTGGTGCTTCGAAACGGTCCTCGACGGCGAGAAGCCGATTCTCAACTACTCCGGCGGCACCGAGATCGCCGGCGGCATCCTCTGTGGCAACTTCCTGGAGCCCCTCAAGCCCGCCGCGTTCTCCGGCCCGGTCCCCGGCATGGACGCCGACGTGGTGGACGAGGACGGCACGCCAGTTCGGGAAGAGGTCGGCGAGCTCGTCCTGCGGGCGCCCTGGATCGGCATGACGCGAGGCTTCTGGGGCGACGACGACCGCTACCACGACGCCTACTGGGACCGACTCGACGACGTGTGGGTGCACGGCGACTTCGCGGCCGTCGACGAGGACGGGCTCTGGTACATCCTGGGCCGCTCGGACGACACGATCAACGTGGCCGGCAAGCGCCTGGGCCCGGCGGAGATTGAGGCGCTCCTCAACGCCCACGGGGCGGTCGCCGAGAGCGCGGCCATCGGCGTGCCCCACGACGTGAAGGGCTCCGAGATCGTCGCGTTCGTGGTGCTGGAGCCGGACTACGACGAAACCGCGGCCCTCCGCGAGGAGCTGATGCAGGGGGTCGTGGACGAGATGGGCAAGCCCCTGAAACCGCGCGAGATTCTTTTCGCCGACGCCCTGCCCAAGACGCGCAACGCCAAGGTCATGCGGCGCGTCATCCGGGCGGCGTACCTCGGCGAAGAGCTCGGCGATACGTCGAGCCTGGAAGACCCGGGCACCGTCGACGCCATCCAGGAGGCGCGGTAGAGCGCCTCCCCTCCGTTCGGTGCCTCACCGGTTCCGGAGACGAACATCCCCCCTTCCCCGCCATATATTCGGATGGGCGCGTTAAGGAATAGTGAACCCGACACGCCATGTGGGTGCGTCTCGTTGCGGTTCTGTTCGTCGCGGCGTGTGGGCCCGGCCCCGCGACCGGGCAGTCCACCGGCGTCATCGAGGGGCGCGTGCTCGACGCCGACTCGAACGCGCCGCTGCCCCGCACCCACGTCTTTGTGGTGGAGTCGATGCACGGGGCCGTGACCGATTCGAGCGGGCGGTTTCGGCTGGAGGGGGTCCGCCCGGGCCCGAAGCGGCTGTACGTGTCGCGGGTCGGACACGAGCGGCGTGCGCTTGCCCTTCGTCCCGCCCCCGACCGTCCCGTGACCGTGACCGTGCGCCTCGACGCCAAGGTGCTTAACTCGCCGCCGATCACGGTCTCCGCGGAGCGCGACGAGGAGTGGTACGAGCGCCTGGACCGCTTTAGGCGTCTGTTCATCGGGCGCTCGGACCTAGCCGAGGACTGCACGCTCGTGAACCCCGAAGTCCTCCGCTTCGACGACAAGTGGTGGGGGCGGTTCGAGGCGTGGGCCGAAAAGCCGGTCATCATCGAAAACCGGGCCCTGGGCTACCGCCTGACCTACTTCCTGAAGGAATTCGAGGAGCGCGGATCCGTGGTGCGGTGGGACGGAGAGCCGCTCTTCGAGCCCCTCGCGCCGACGGACTCTGCGGAGGCCGCCCGGTGGCGACGGAACCGGCTGGAGGCCTACAGGGGGTCCCTCCGCCACTTCCTCCGTGCCCTCATAGACGACCGGCTCGACGAGGCGCAATTCGACCTCTACCGCCTGCCTCGCGCCTCCGCCTTCCGCCACGCCGCACGTGCCGACCGCTTCCCCGCGGAGCGCGATAATATTCTGGAGGCCGGCCCCGACT
NZ_CP030361.1_gap79	2385590	2387854	2264	AGACCTACGTGGAACAGGTTGGGACCGAGGTTCGCGCCGCCGGCCCGTCATTGGAAACCATCCGTGGCTGACGGCGCAGGGAGCATCCGCGGGGAAGGTGCGTATGCCCCGGGCCTACCAAAAGACCAAGGCTCTTGGGACTTCGATCACGCAATGAGTGGGTGCCCCATACATTCCAACGACGAGTCGCCCTCCGCCAACCGCCCCTCCTCCAACCGGCCCGCCTCCGTTCGGTGGGACCTCATCTTCCTGGGGCTGGCCGCGGGAATGTTGACGCTGGTTCTGGCCGTGGCCCTACAACTGCCCTAGTGGCGGACGCCCCTTACCGGCCTACGGCCCACACTGGGGGGACTTGCAGTCCCCGATGGATACAGGGACCGGCCTAGATGCCGCAATAAAAATAGAAAACGCCCCGCTCTCGGTGAGAGGGCGGGGCGTTGCGATTTGTCTGTATGCGGAGCGGGCGATGGGATTCGAACCCACGACCTTCTGCATGGCAAGCAGATGCTCTAGCCGCTGAGCTACGCCCGCATCATAATGCAATCTCTAAGACGAGGCTGTCTGGGGTGCGTTCCGCTAAAAGCCAATCTTTTTGGATCCTTCGTCGTCCGTCGCGTCCTCGGCGCCCTCGTGCTCGACCGCCAGCGTCACGGTGAGCGGACGCGCCTCCTGCGCGGCCCAGAAGGCACGGGCCTCCTCATTGGCGGCAAGGACATTGAGGCGGAGGCGCTGCGCCCCGATTCGGCCCGTCCAGTCGCGCACCGCCTGCACGAGTTGGCTCCCCAAGCCCTGCCGCCGGTCGTCCGGCCGAACGTACAGCTCGTCGATGAAAACCTCTGAGCTCTCCGCGTAGATGGGCGGCGGGCCCCACCGATGGGCCGTGGCGAAGCCCACGACCTCGCCGTCCATCTCCGCCACGTATACACGGTACGTCTCGTCGTCGAGCCACTGCGGGAAATCATTCTCCCACCGGTCCCGGGCGTCCTCCGCGACGCCGAAGCGCTCCTCCATCGCCTCCTGCTCCTCGAGAAGCTGTGCCCACAGGTCCCCCACCGCGGTTTGGTGATCGGGCTGGGCGCGTCGCACGTCGGGGTAAGCCATGGGGAAAGGGTGTGAGGGTAGAGGGTGCAGGAATGGGGTGTGGAGGGGGAACGGCCGTGGGCCGACCGACAGGCCCCGCTACCCTGCGGCGGGCTCTGTAGCGGCGTCGGCACGGGCGCGGTCCAGGTAGCCCTCCGACGCCAGCAGCTCGGCGTTGAGCAGGGCCCCGCCGGCCGCCCCGCGCACGGTGTTGTGCGAGAGGAGAACGAACTTGACGTCGTTGACGGGACAGTCCTGCACCCGCCCCACGGACACGGTCATGCCGCCCCCGGCCTCCACGTGCCGCTGCGGCTGGGGCGCATCGGGCGCGTCCAGCACCTGCACAAATGGGTCGGGGCGGCTCGGGAGCGACTCGGTCACGGCGGGCGCCCGGAAGGTGCGGAGCGCTTCGGCGACGGCCTCGGCCTCAATGTCATCGCAGAACCGCACGGAGGCACAGGCCAGGTGCCCGTTTCGGACCGGCACGCGCGTGCACTGCGCACTCAGGGTCAGGGCCGCCGGCTCGATGCGGTCGCCGTCGAGCGTACCCAGGATCTTGCGGGGCTCCGTCGCCAGCTTCTCCTCCTCCCCACCAATGTGGGGAATGACGTTGCCCACCGCGTCGAGCGACGGCACGCCCGGATAGCCGGCCCCGGACAACGCCTGCAGCATCGTCACCTGCACCGCCTCCAGGTCGAACGCGTCCATCAGGGGATGGAGCCCGCAGATGAGCCCCGTCGTGGAGCAGTTCGGGTTGGTGACGATGAAGCCCCCGCCCCCCCACGACTGCTCATCGATCAGGGCAAGGTGGCCGGGGTTCACCTCCGGGATGAGGAGGGGCACCCGGTCGTGCTGCCGGTAGTTTTTGGCGTTGGAGACGACCGGGACGCCCGCCCTCGCAAAGGCCTCCTCAATCTCGCCCGCCACGGAGGAGTCGAGCGCAGAAAACACGACGTCGCAGTCCATGGCCTCCGGCTCCGTCGACTGCACCTCGAGGGACGCGACGGACGGCGGAATCGGCTGTCCGCTCAGCCAGTTCGCCGCCTCGCGGTACGGACGCCCCGCCGAGCGCTCGGACGCCGCCACGGACGTGACCGTAAACCACGGATGGTCGTCGAGCAGGCGAATGAACGTCTGCCCCACGGCGCCCGTCGCCCCAAGAATGCCGACGCGGTAGTCGTGTT
NZ_CP030361.1_gap80	2459516	2460251	735	GGTCGAACACCTGTTGCAGCCACCCCCAGCCGGAGGAGCCCGCAATCGACGGGGCCCATCGCCGGCTGCCCGAAGAGCTCGGCTTTACAGCCTCCCTCACGCCGGCCTTCCAGGACCGCTACGAGCTCCCCGTCGGGGACGCCCTCGTGGAGCACGAGCACAACCACGTGTTCATCGGCACGGCCGATACGCCCCGCATTCGCCCCAGTGCCGACGAAGTGGACGACTGGGCGTGGGTCGCCCCGTCCGCCCTGCGCGACGACGTGGCGGCCCGTCCACACCGGTATACGGCGTGGTTTCGGCACCTTCTTCCCGCTGCCCTCGCCGCTGCCCCGTCCGGCGACCCGTCGGCGTCCGCCCCCACGGCGTAGCCCGGGCCAGCGGGCGGAGCGGCCCGGAACTCTTGGCGACGAAACCCCTCCGATACGCCCTCGGCGTTTTCTTCTCTTCACCACCCCCCTCTCGTGCCCGACGGTCGCCCCCCGTATCGACAGTACGCCGGCCTCGCCTTCGTCATCCTGACCTACGTCGGGGGCATCATCGGTTGGTCGTGCGCCGTACAGAAGGTCGAATCCACGCCCCCTCCCAACGGCTCTGCTCAAGTTCAGGCCGTCTCCGTTGGGGCCGCTCCCTCGGCCGCCGTCTCCGTCCCGACCGTCTTCGATAACGGGCCGTCTCCGAGACGCCCCATCCCGGGCTGGCGGGCGCGGGACGGCCTCCGTCTTCTGTCGCCCC
NZ_CP030361.1_gap81	2467203	2467922	719	GCTGCCGCCCGCAGCCTCGTGGCATGCATAAAAAAACGGGCTCTCAGGACCCGGCGGCTTCGTCGGCCGTCCACCTCACGCGCCACGCCCGCTGCGGCTTTGCCTCGCGGCTTCCGCAGCTGTGCGGAAACGGCGTTCCCTCCTGCTCCTGCCACACGTGCGCCGTTCGCGGCTCGCCTTCGGCCCGCACCCGCACCGCCCAGCCCTCGTCGGTCTCGTCCAGCCCCACCCCCCGCACGGCCGGGAGAGCGGTCGCCCCCCGTCGTTGCCGGAGGGACAGACAGGCCGCCTGGACGGGCCGCGGCTGGTGGACCGCCCCGCGCACCCGGTCGAGGTCGTGCAGGTGTCCGTCCCGGTGCGCCCCCACCAGGTCGGCCATGTCGGCGGGGCGGAGCCAGCCGTAGTGTGTGCCGTCGGGCAGCACCAGGGCGGTGGGGGCAAAGCGGTGTCCCCCGAGGTGCGACGTCTGCCACGCGGCCTCGGGGGCGGCGTCGGCCACGGCCTGGGCGACGGGGCGCCCCCACTTGGCACAACAGGCATCCCGGCGGCCGTTCACGCAGGTGAGCACGAGCGGCCCCGCCTCGCGAGCAGGACCGGAGCCCCGGAGCGCCTCGGGCACCCGCAGGGCGGGGAGGTCCCCGTAGGCCCCGAGCGACCACTCGCGCACGACCGGCCGCGGCCCGGCCCGCACGGCGATGCAGCGAATGCGGCCCGGGTCG
NZ_CP030361.1_gap82	2470769	2472715	1946	AGCGCGCACGTTTTCTACGGCGGGGAGACGGCCAACGACATGGTCCTGGAGGCCGGCCCCACCCTCTTCGCCCAGCTCCAGACGGCCGACGGCTACGTGTACCCGGCCACGGGCATGGCCGTGATTGCGCAGATGCGGCAGCTGTACCGCGAGGCGGAGCGCCGCCAACAGCTTGAGGCGGCCTACGAGCGGGACCCCACGGGCCGCCCGCAGCCGCCTCAGGACCCGCAGCACAGCGCCCTCTTTCCCGTGCTGGACGGCGAGCAGCCCCTCGCCTTCTACGCCGACGAGGCCCTGTCCCTCCACCGCATCCTCGCGCTCCACCAGGAGCTCGACTTCCCCCTCGTGCTCGCCGGCCTCGGGGAGAGCCACGAGCTCGCGGGCGCCCTTCAGACGGTCGACGCGCCGCTCTTTCTAACGCTCGATCTGCCGGAGGAGCCGACGCGGTCGACCGGCCAGGATACCACGACGGCCGATACCACGAGCATCCCGTCCCGCTACTACAACCCGGACCTGCAGGTCCCGTCGCACGAAACGGTCGCCGAGGAGGAAGAGAACCTTGAGCTCCGCCACGCCATGGAGCGGCAGGACTACCTGGAGACGGCCGCCACCCTGCACGACGCCGGGCTTGAATTCGGCTTCACCACCCGCGAGGCCGACCCGGGCGACGTCCGCGGCAACCTCCGCACCATGATCGATCAAGGCCTCCCCGAACAGACGGCCCTCGCCGCCCTCACGACCCGCCCCGCCGCCCAGCTGGGCCTGGACGACCGCCTCGGGACCGTGGAGGCGGGCAAGATTGCCAACCTGGTCGTCACCGACGGGTCGTACTTCGCGGAGGACACAAAGGTCACGCACGTCTTCGTAGACGGCCGGCTGTACGACTACAGCGCCGACGGCTCCGACGAGGGGGAGGTCAGCGGCGACGTGTCCGCGGTCCTCGGGACGTGGTCGTACACGCTCGACACCCCGCAGGGCGAGCTCTCCGGCGAGGTCACGATTGAGGGCGACCAGTCGGGCCTGGACGGCACCTTCGTCGGTCCCCAGGGCGACGAACAGCCGCTCCAGTCGGTGTCGTTCGACGGCACCACCCTCTCATTCACGGTGGACTCCCCGCAGGGCGGCTCCGTGTCCGTCTCGGTGACGGTCGAGGGCGACACCTTCGACGGCTCCGCCTCCACGTCCGGCGGCTCGTTCCCCATCTCTGGGGAGCGCACCAGCGGTCCGAATGCGACTCAGAAGTAGTGTAAGTCCCCCACGCCCCGCGCCGAACTCTGCGCGCCCCCTCCGACGATACTCTGCGTTCCGGTTCTACGATCTTCCATGCCTTCTGCTTTCCCCTCCCCCTATCGTTCCGTCCTCGGCGTCCTTGCCGCCATGCTGCTGTGGGCCGCGCCCACGCAGGCCCAGGACCAGCTCCGGGGCGACGCTCCGGACGACTGGCTCATTCAGGACGCCACCGTGCTGACCGTCACGAACGGCACCATTGAGAACGGCGACATCCTCGTTCGCGACGGCGACATCGCCCGGGTTGGACAGGACCTGTCGGCCCCGAGCGGCGTCGAGACGTACGACGCCAGCGGCGAGTACGTGATGCCCGGCATCGTGGAGGCCCACCAACACATGGCCATCAGTGACGTCAACGAGGCCACCAACCCCGTCACCGCCGAGGTCGGCGTGGGCGACGTGCTCAACCCCTACGACATCGGCATCTACCGCGCGCTGGCGGGGGGCGTGACGACCGCCCACGTGATGCACGGCTCCGCCAACCCCATCGGCGGCCGCAACGAGACGATCAAGCTGCGCTACGGGGTCACGAACCCGGACCGCCTGCAGATGGACGGCGCGCCCCGGACGATCAAGTTTGCCCTCGGGGAGAACCCGACGGGGCTGTACGGCCAGGGGCGCGACCAGGTGCCCCGCACCCGCATGGGCGTGGAGCAGGT
NZ_CP030361.1_gap83	2481286	2484082	2796	CCCCTTCACATCGTGCCGCGGCTCGAATTGGGCACTGATTGTCTCGCTCCAGCGCGGTCGATCGGCCTCCGGAGGGGGCTGCGTTTGGGACCGGTCTCGAACGAACCACTCGTCCGTCTCCGGATCCGGAATGTCGCCGTACGGGTTGTTGCTCCGGGCGGTGTTCACGTCGGCCCGCGCCGGGAACAGGATGTGCATGTTGCTCCGGGCCGGCTCTTCTCCGGCGCCCTGGCTCTGCGGCCATGCGTGCTCGGTGTTGATGTCGTTCGGGTCCGTGCACGTGCCAGGTTCGTTGTTGCACGCCGCTACGGTGGGGTCGGCATCGGCCGGGATGTATTTCGCAAAGTCCGTATACACGCCTCGGAGGGAGTCGTCCTGGGCCCCGTACACCACCGCGAACATCGTATCCCGGGCAACGTCGTAGCCCAGCGTGGATGGATTGCCGTAGGTTTGCTGAAGCTGATCGATGAGGGAGTTGCCGGTTTCGCCCTCCACCACCGGCCCCTGCGCCGTCGCGTCGTCGAGGAGCCAGAGCGTGAACGTCTTCGGGGCCGCCACAACACCATCGTCCGACTGTAGCGTCACCTCCAGGCGCTCCACGCCCTCCTGCTCGGCATCGTCCTGCGGGTCGAATGAGAGCGCCTGCGGGGCTGGATCCGGCCCGGAAAACGTCAGTGTTTGCGGGCTGTCGAACCCAGTCACGTCGGTCCCATTCTCGGCGGTGCTGCCCCCTCCGATCGCCGCCGTCACCGAGGCCTGTCCCCCGTCCCCCACGTTGGCGGCCCGCACCGCTACCGAGACCGCATTGCCTCCCTCCTGCGCCGTTGCGTACATCCGCCCGAAACGAAACGCGGTGGTCGTGCTCCGGATCGGGAGCAGCTGATACTCGCCCTGAAATTCCCCCGTGACGCCTTCATAATCGAACTGCCCGGACGGAATCGGCCGGCCCCCAAAATTCGTCTCGTCCGTGCCCTGCACCCGGTAGGTGAGGGTTTCCCGCCCGTCCGTCACCGTGTAGGACACCTGGTTGTCAAACGTCCCCGATGCGTCTTGAAACTGGATGCCAGTGATGCGCACCAACTCCGACTCGTAGTCCTCTCCGTTCGTCTTGATGTCGGAGAGGGTGACATCTTGAGGCGCCGGAACCCCGGGGTTCCCCTCCACCGAGTAGTTCGACAGGTCCTCCCCGTTGATTTGAAGGAGTCCGTTAAATTCACTCAGCGTGCCCGAGACCTGGATGCTTGTCCCCCGCGAGATGGTCCCGTCCTGAATGTCATTGTGAAACGCGCCGCTGGATTGCCGCACCACCAACGCACTTGCTCCTGTCGGCCCGCTGTCGTCCTCGAAGCGCACAAAGTCCCCGTAGGCGCGCGTCACCGTCCCTGTCACCGTGACGCTACTGTTTACCCCCTGCTGCCGCGCCTCGCTGATGGAGACCTGTGCGACGCTGGGGGTTGCCCCTAGCACCAGCACCGCAAGCGCGACGAGAACGTGGGAGCGTATCAAGACCGGCATGGAAAGCAAACTCGAGACTGTCCGAGATCAATAGAAAAAGCGGGGACACCCGAACCCGGATGCCCCCGCCGATTCCTGTTGAAGCAACCGTGGCTAGGGCAGCATGTCGGCCACTTTCGCGAGGTAGTATTCGCCGCCGAAGGACGCCGCACGGCTTGCGACAAAGACTTCACCGTCGTCGTTCACGGCGACGGGCTCGGTGAATCCACTCACGAAATCACCAGCGGGCGTATTCGACACGAGTTGTGAGCGGTTGAACAGCAGATCGATCGACTGATCCGCGATTCGGATGGAGGCCCACTGCTCACCATCTGTTGCCTGGAACGAGCCGTTGAAGACCACGAGGAATTCTTCTCCGTTGCGATTGACGATGTCAATATCTCCGATGTTGTCTCCTTGACCGGCGACAAGCGGCGATCCCGCGCCGTACGGATCGGCGAACTCCTCGATTGTCGGGCTGCTGGACGGATCGGTTACGCGGACAATCTTCTGATTGCGCCCCGATCCCCCAAACTCACCGGAGAACGAGTACAGGTTGCCGTTCGAGTCCACGTCCAGGCGGACCAGGTCGACTGCGCCCGTCACGACGGTCGAGAGAGACTGCCCCTCATCCGTATCGTTGACGGAGAAGAAGCCGTCTTCCGGAGCACCGTCGAAAGCCACCCCCGCAAGATAGACCGTGCCGTTGTTGTGCGCCACACCGTTGAGCCCCTCTTCGGAGCCGAGCACTGCCGGGCTTCCCGAAGCAGGAAGCTTGTAGACGTAGTCGGTTCCGCTCGAGTTTTCGCTCGACCGGAAGAGGAAATACACGTTGTCGTTATTGTCCTTTGCCACGCCGTCGCAGCGGTCGATGGTGTTCGTCTCCGCGGAGATGTCGCTGTTCAGGTTTGACGCGGATCGCTCCGTGGTTAAGCCGTTGTCGTAGGAGAAGATGCCCCCATCATTGCTGTTGAAGAAGACCACCTCTCCATTCGAGCGCTGGACCAGGCAGTGGGCGTCCGTATCTCCGCTAGACGGGGTCAAGCCCTCCGCATCGGCAAAGACTTCGAAGAAGTCGTCGTTTTCGATGGTAAGCGCAAGCGATGTTGTTCCCGAAAGCTCCGCGTCCACAGAGTCTGGAATGCTGAGCGTGAAGCCCGCGGTCTCATTGTCCTCGATGCTCTCGTCGTCGACGATCGGAATGTCGATGGAGCGACTGTTGCCCGATGTTGCACTCTCCGGAAACCGAATGGTCGTGTCGGCCGGGAACAAGATGTCTTCACCGAGCGTCGCGCCGCCGGA
NZ_CP030361.1_gap84	2489374	2492730	3356	CCGGACGGGGGTAGAGCCACACCCCATCGGAGCAGAGGACCGCCAGGCGGTCACCACTCGGGCTGAGGGCGGCGGCGGTGGGCGGCGGAATCGTGGCGTGCCGGTCCACGAGCGTCAGCGTATTCACCTGGTGGGTCTGCTTCGTGTCCAGCCGGTACAGCTTGGTTCCGGGCTCAAGACTGCCGATCTGCTGCCCCTCCCGGTGCTTGGTGAGCACGTAGGGCGTTCCGTCGTCCACGAACAGGGCCTCCGCGTCGAAGTGCCATTCCTGTGCGGGAACCGTCTCCTGATCCGGATACCGGATCGGCAGGTGCCTGACGGGTCGGGTCCGTCGGTCGTACCGGAAGGGCTCACGGATGACATAGATGCCCAGGTCGCGTCGGGCGTTGCCGTTGTTGCCGATGTCGCCGAGGTAGAGCGTGCGGTCCTCCACCGCGATGTCCTCGTAGTCGATGTGGGCGGCCGCCCCGATCTGCACGCCCGGCCATGCGGGCGCACTGCTGCCGTCGGCGTCGGCCCCCGCCGCGTAGTCGCCGGCGTGCCAGGGGGCCACGTGCACCGCCCCGGTGCTGTCGATGGCGAAGATACGTGGGGCATCGCCACTGTCGTTGTGCACCCACCACACATTCTCCTGCCACCGGCTCCGCACGATGCCGCTCGTCTCGTCAATGGGCAGATGTGCAACATGACCCACACGCTCAAGACGAAGTGAGTCCGGGTGTTGCCCTGTGGCCCTAAGCGGCACGAGAAAACAGAGCAGAAGGGCAGCGCACGCGAATGCCGTTCGGGCCGAGGAGAGAACCATGCTCGTCAATGGTTGGAGAGAAGATTGGGAGGTCGTCGAAGATGCATTGGGCATCTAAAAGTAGACACTAAACACCACTGCCCGACGGAGTAACCGTCGGGCAGTGAAAAACCGATCTGGAACCTTCGAGGCGTGCTACGGAGACACAGGAGCCACCGTCACCTCGATGACGTCGAACAGCGGCAGCCCCGCCGGGTCGAGCGCGTAGAAGTAGTCGTTCGACTGAATGTGCATTATAGAGACGAGGACACGGTCTCCCGAGGTGTCCATATCTACGATGTAGGTCACTTCCCCATACACTTTTTCAAGCTCCGCGCCGGCTCGACGAGACGTGCGACGACGTTACCGCATTCCTCAGGGCACCGCCCTGGCGCGTTGGGGACCCCGCCAGTCCTGTTTCTGAGAACGACCGGCGTGAACGCGACTGACAGCCGGCCTACGGTGCGCGATGCGCTCCAGCGGCGCCCTACAGCGCCCCTGGCACCAGCAGCGTCGCCACGAGGCCCGAGAGGACCACGCCGTCGAACGTGCCCGCTCCGCCGATGCTGGCCATCCCGGCGCCGAGCTGGGCGATGTCGTCGAGGTGCAGCAGGTCGGCCCCAATGAGCGGCCCGAGCACGCCGGCCGCAAAGGCGATCGGCGGGGGCCTCCAGGGCCATGCGCGCAACCTGGTACCCGGCGAGGACAGTGGGAACGAGGCAGCCCCCTACGTTGACCGCAACCACCGTGTAGGCCCGATGCCGCACGGGCCGCCCCAGAAAACGATGGAGCCCGAGGAGCCGGGTCGGCCGGTACTCGACGCGTTCGGCCTGCTGAACCCGCGCCACCGGAATGTTGATCGCCCCGCCGACGAAAATGCCGACGGCCACCCCCAGCGCGCTCAGGGGCCCGATCCCCAGCTTCGTGAGGGCGGTGAGGAAGGCGTTGGCCAGCACGAACGGGAGCGCCAGCACCAGGCCGAACACCAGAAGCGAGAGGCACCCTGTCGGAGCCGTGCGCATGCGGGTCGGGCAGTTCAGTTCAACAATTCGACCGGACCGTGGCCCGCCCTCGTCAGAGCGGACGGACCTGCACGCTGTCGACCTCAATCTCCGACACCTGTTCCAGAGCATCTTTTTCTAAGAGATCCGGGTACTGGGCCATCTGGTCTGCGGCCAGCGTGTCGGCCGTGTAGTTGTGGTAGTCCGCGACCCGGACGCCACCGCGGCGGCGCACGTTGTACGCCGCCCGGAAGCGGGTGCCCGCCTCCTCGTCGGGGCCCTGCCCGTAGGCGTACGCCAGGTAGTCCATGTCGTACGTGTCGGCGCGAAACCAGTACACGAACACGTCCTCCCAGTCGGTACCCCCGCCCTCCTGTCGGAAGGTCACCTGCACGCGGTGGTACGGCACGCCGTCGATCGTGTCGCGGCCGCTGTAGGACGGCTGCACGGCCGGGTCGCCGAGGGGCGCGGGCAGCAGGGTGAAGTACGCCACCGAGTTGACGGTCGTCTCCACCGCACTCTGCTCGGACGGCGAGAGCGTGACCGTGTCCCCCTCGACCGCCCGGTAGGGCCCGTCGTTCGTGAGGCCCTCCACGACGGGGCGCCCCAGCGAGTCGGCGTAGGCGCGCCGGTAGTGAAACGCGCCCCCGTCCTGCCGGAGGCGGTACGCGTCGCCCCGGAAATCGAACGTCACCAGGGCCCGGTCGAGCACCGAGGCGCCGTGGGCGGCCCGGGCGCTGTCGATCACGGCCTCGGCGGACGGCGACGGGGCCGGGGCCCCGCAGGCCCCGAGGAGAAGCACGAGGGCCGCGGTGGGCAAAAGAGCAAGATGGCGCATGCGAGACAGGGGGAGCGTGCAGTCGGAGGGCAGTGGGCGGCATGTCTAATCGTCCATGGGGAGTGGAGTTGCACCGGGACGGTCGGGGCACGTACGGCCGTCTCCGTTCCGTCTTGCCACGAACCGCGCACCGGGGCGGTGCGTAGGGAAGACCTTGCCGAGTTGAGCACGGCCCTGAGACGCCTCCTGCATCACGTTCCTCCCCATGATCCCATCGAACGCGCTGCCGGTCCGGGTGCTGACCATCCTGGCCGGGGTGTGGATGAGCGGAATGGTTCTTGGCGCCTGCTCGGGTCCGAGGTCCACCGGCCGGTCGTCTGAGGGGGGGCCGGGCGCCCGCATCTATTACGTGCAGCTTCGGCTCACGGAGGACAAGGGCCGGGCGACCGAGGCCCTCGGGCGGGCCAGCCGGTGGTGGCGCGAGCGCCCCCCGGCGGACCGGCCCCCGCTCGTTCAGGGGACGTCGTCCTCCGGAAGGCCCGTCACCATCACGTGGAAGGCGCCCCTCTACCGCGTGCGGCTCGGCCCCTTCGCCACCGAGACGCAGGCCGAGGCCGTGCTCGACGCCGCCCGCCCGGCGTTCCCGGAGGCCTTCGTCGCCCCCGACCGCGCGGCGGCGCCGACCCAGAAGCGCTGACCCCACCCTCGCGTTCTCTGTGTTATCCATCGCCCACGACCATGACCATTGCCCTCGTGCAGCACGCCGTGTCGCCCGCCTCCCCCCCCAGGGTCG
NZ_CP030361.1_gap85	2496965	2501747	4782	CCCACATCGAGGGCCACCGGCACCGCCACGTGCTCATCCTCTCGGGGGACCAGCTCTACTCGATGGACTACCGCAAGATGCTGGCCCACCACCGGGAGACCGACGCGGACGTCACGCTCGGCACCATTCCGGTGACGGCTCAGGATGCCACCTCCTTTGGCATCCTGAAGACCGACGACGAGCACATCATCACCGAATTCCACGAAAAGCCCGACCGCGACGAGCTCGACGGCCTGGAGAGCCCGGTCGGCCCCGGCCTCGAAGACGAAGGCCGCGTCTACCACGCCTCGATGGGAATGTACATCTTCGACCGCGGGCCCCTGCGCGAACTGCTCAACGCGAACCCGGACGACCACGACTTCGGCAACCAGATCATCCCGAAGGCGATCGACAAGATGCGGGTGGCGAGCTACCCGTTCTCCGACTACTGGAGCGACATCGGCACCATCCGCTCCTTCTACGAGGCGAACCTGATGCTGGCGGAGCCGGAGCCGCCCTTCAGCCTCTACGACCCGAATCGCCCCCTCTACACCCGCGCCCGGATGCTGCCCCCGGCGAAGGTCCAGAACTCGACCGTCCAGGATTCGCTAATCACGGAGGGCAGCCTCGTCGAAAACAGTCAAATCTCCAAGTCCGTCGTCGGCATTCGCTCGTACGTCGGCCCGGACACCACCCTCAAGAACACGGTCATGATGGGGGCCGACCACTTTCGGTGGCACGACATGGAGGAGCGCGGCTTCGTGGAGGGCCCGGCCAACCCCGGAATCGGGGAGAACTCGTACGTCGAGGGCGCCATCATCGACAAGAACGTCTCCATCGGCAAGCGGTGCATCATCAAGAACCGGGACAACGTGCAGGAGGCCGAGGAGGACCTCTACCACATCCGCGACGGGATCGTCGTCATCCCCAAAAACACGCGCATCCCGGACGACACCATCATATGAGCACGGGAGCACGGGTGCGTGAGGGGTGAACGTGTGGCCGGGGGTGCCCTCCCCGGTCCATGCCCCCGCGCCCTCTCAATCCCCCCGTGGCACCAAGCTCTTCCCCTTCCCTCTTTGCGGACCGACCCCCCAAACCGATGAGAATTGTGATCCTCACCAACGAGTACCCGCCCAACGTCTACGGCGGGGCCGGCGTGCACGTGGAGTACCTGACCCGCGAGCTGGCGAAGTTGGACGACGGCCGGCACGAGATCGAGGTGCTCTGCTTCGGCGCGCAGGACGAAACGCACGACAACCTGCGGGTCCGCGGGATCGACCCGGACATGGAGGTCCCCCACCAGGACGAGCGCCACGCCAAGTTCATGGACGCGATGGCGCGCGACCTGGTCATGGCCGGCTCCGTGGCCGACGCCGACATCATCCACGGCCACACCTGGTACTCGCACCTCGCCGGCTGCCTCGCGAAGCAGCTGACCGGGGGCCAACTGGTGCTCACCACCCACTCCCTAGAGCCGCACCGCCCCTGGAAGCGGGAGCAACTCGGCCGCGGCTACGACGGCTCCTCGTGGGTGGAGCAGACCGCCTACGAAACCGCGGACGGCGTCGTGGCCGTCTCCGGCGCGATGGAGGACGACGTGCAGTCGCTCTACGACGTGAGCGGCGCGGACACGCAGGTCATCCACAACGGCATCGACATCGAGCAGTACCGCCCGCGCCCCGACCGGTCGACGCTGGAGGACTACGGCGTGGACCCCGACCGGCCGTTCGTGCTGTTCGTGGGCCGCATCACGCGGCAGAAGGGGATCCTGCACCTCGTGGAGGCGATCCGCCACTTCGATTCCGACATCCAGGTCGTCCTCTGCGCGGGCGCCCCGGACACCGAGGAGATCGGGGCGGAGATGGAAGCGCGGGTGGAGGCCGTCCGCGCCGAGACCGAGAACCGCATCGTATGGCTCGCCGAGATGCTGCCGCGGGAGGACGTGATTACGATGTACACCCACGCCTCGGTCTTCGTCTGCCCCAGCGTGTATGAGCCGTTCGGCATCATCAACCTGGAGGCGATGGCCTGCGAGACGCCGGTCGTGGCCTCGCGCGTCGGCGGCATCCCCGAGATCGTGGTGCCCGACGAGACGGGCCTGCTGGTGGACGTGGACCCGACGGGCGGGGACGACGTGGGGCCCGCCGCCCCCGACGCCTTCGCCCGCGGGCTGGCCGACGGCGTGAACGCCCTCATGCGCGACCCGGATCGGCGCGAGCAGATGGGCACCGCGGCGCGGCGGCGCGTGGAGGCGCAGTTCAGCTGGACCGCCATCGCGGAGCAGACGCTCGGCTTCTACAAGTCGCTGGTGGACGCCGGGCGCTCCTGACGGCCGCACGCCCCGGGCCCGTGTCGCGGTCGGGGGATGGTGGCCCGCCGCCTTCGAGCCCCGCCCCGTCGTCGTCCCGCCAGTGCTATACAGCGCTTCTTGTGTAGTATTGTTTGATTTTGCAACGTTCTGTTTGCGAATGAATTAGAGCGCACCGGCGTTTGTACTATCCGTCGGGCGACGCATGATTATAGGTTATGTGCCTCACGGCCAACCTCTAAAATGATCGTGAACGGCTTCGTACATTTTTGGCCGAGAACAGAAGTATCAGGAGTGCTAGCTGGGGTTGCTACCGCTTTGGGGATGGCCGTTCTTATCTTACTACAAACGGGATGCGACGAGCCCGATACCCCCTCATCGAATGAACGGACGGGACAGAAAGAACTCAAGCGCCCACAACGCCCGGATTCTCCGCGTCCCTACCACGTTGAGAAAGTCACTTTCCGAGGAGCTGGAGGCGTAGAACTGACCGGAATTCTTTCCCGTCCGGTTGGGGAAGGCCCGTTTCCTGGAGTAGTGCTGGTTCATGGGTCTGGCCCCGCGAATCGAGACTACGAAATTCGCGGTCATCGGTTTTTCCAAGTGCTGGCCGACTACCTGACTCGGCATGGTACTGCTGTTCTGCGCTACGACAAGCGCGGCATTGGCAATTCGGAGGGTACGTTTGCAAGCGCCGATCACAAGACATTAGCCCGGGACGCTGCAGCAGCGCTCCGTTTATTGAAAAACTGGTCTATCGTTGATGCGGCTAAATCGGGAGTCATGGCTCACAGCGAAGGTGGGCTCGTCGCTTCCCGAATGCATTTAAGACACGAACGCGCCTCTTTCTTGGTACTGCTGGCTCCCTTAGCCACTCCCGGCTACCACTCGCTCCCACGACAGCATGCCCGTCGCACTTCCCTGGCTGGAGCTCCAGATTCTGTGGTCGACTCTCTCCGGTTGGTTCGACGACGAATCGCCGAAGCAGTGCGCTCGGCAACCGATTCGGCGGAGATCATCCAACGCGTGAAGGCGATTTATCGGCGGAGAGGTGCTTCGGTCGAGGAGTTTCAAGAGTTCGCCGAAAGCAGTCTCACCGCGTCTAGCCGAGACTTCATCCGATCTACCCCACGACAGTGGTACCGTAATCTGGATGTACCGGTCTTTGTACTCTACGGAGAAAATGATATCATGGTAGAGCCCGAACGTAACGCCGATTCGATACAAGCGGCACTGCAGAAAAGTGCTACCAAAGAGGTCACCGTACGCGTAATCGAAGACCTTAACCACTGGATGCAGCCCGCCGAGACGGGCCGAGTCCATGAGATTGCTCAGACGGACACCACGATTGATTCAGAGGTTTTGGAAAAGGTGACTGCATGGATCAACAGGAGAGAAGAATAGGGGGAGATCTCAGATAGAATAGATCTGGTAAATAACCTATGTTGCACCTGAACCCGGGCTGTTGCCGTTTCCTTGCGCTGTCGGTAATGCGGTTCGCTCTTGCCATGCGGAAGTGACGATGCGAGCGGACGGAAGCTTCCTCGAACGAAGTCATTCAGACGATGTGTATTTGGTCAGACTTTTTCCCCCGCCCGGGTCAGATGAACGAGACCGTTATACGGCTTTACCGATTAGAGTGTAAACTGAAAATATGGAGTGGGCATTAATCGCTACTGTTGTTACTGTCGTCGGCACAATCATCATCGCACTGAACAACTTCTTCGGTCTCAAGGATCGTGCAGTAGAATACCTAAGAGACCGTCTAGAAGTCGATACATTAGAGGATGAAACTGAACGGAGGAAAATTGAGAAAGACCGCGAGCTATTTCATGAATTTCTAGAGGTCCTTCCCTCTTCGGGTAGCATCGATTTTATCGACAGAAGGAACATGGCTGGGTTTTCGTTTGACTCAGAAAAGCTTAATGACTTGCACGAGTTCTACTACAACTGGGATGATGCTGAACACGAGTTCATGGATGATGAGCTCGAAGCGAAGCGCAAACGATTGCACGAACTGATAGGAGATTATACCTCATTGATCAGTGGCAACACGTTTCCGACTGATAGCGGGCAGCAGACAGTTCCTCCTGAGTGGGAGTACAATCAGCCGGAGCGATTTGGCAAGGTGGTAGGGGAGCTTCATGAAAAAGCAGGTGCTGTTGTTGAAGCGCACCAGGATTTGGTAAGAACGGGGCGTAAAAAGCTAGGAGTATGACTCGCGCCGTATAATCCCCGCTAGAGGTGACGGAGGGCCAATGCCGACTCCGATTGAGGTCCGTTGGGCAGTTGCGACCTCGCTGATTCAGAGTAGCACCGCCGAAAAGTGGAAGCTCCGTCCAATTTCGTTGTGTTATTGGATAACATTCTCACTGCCGTTTTCCCGCCCTCCACACCTCAGCTATTACGCCATGCGGACGCCGCTACTGCGCTCCGGCGCCCGCACAGCGCCCAGAAACGTGGCTGTGAGCTATCGCGTTGGCTCATACTAC
NZ_CP030361.1_gap86	2534386	2537278	2892	GACCTCCTGAAACGCAATGACGCCCGGATTGGTGGCGTCGAAGATGCGCCGGAAGCTCGGCTGGCGGGTTTCGAAAAAGATTGCACTCTGTTCGCGGTCAAAGTCGTTGACCGAGTTGTACGAGAGCATCCGCAGGGCCGAGGCGGTCGGCGCGTCGAGGGACGGCGCGTCGAGGGGCGGGTCGGCGTCCGAAAGAACGTACCCGAGCCCACCGTCGGCGTCCGGCAGCCGGTCCCCGTCGGTCGACAGGCCCACCCGGAGGCTGTCTCCCTCAAACAGGGACCCGTCGTCGGTAGGAGCCACCGACCGGTCGAAGGCCACCTCGAACGTCTCGGACGTCACCGTGGGCAGGGACGTGAACCCGAGGGCCGCGTGCGTCACCTCTTCCGCGTCCCCGTTACGAACCACTCGGCCGGACCGCTCGCCAAACGTCCAGGCCAGCTCCGCCCCCAGTCCCAGTGCCTGCTGCCCCGTCCCGGGATTGTCGTCCGTATCGAGGTAGAGCGTCAGGTCGTTGCCTTCCTGGAGATTGACGGCCTCGCCGAGCTCGAGCCGGAGGAAGAGGTATTCGTCATCGTGGGCGATCCACACGCGTTCGAGGTCGACGCCCTCCCCGTCGTTGGGCGCGTCGGTGTGACGGACCGGGAGCTCCGCCCAATCGCCCCGTTCGCCATCCACGTAGATGCGCGCCGGGTGCGAGGCGTACCCGTCCACCGGCGCGGTCGTCGGGGACGCGTCTCCCGACGACGCGTCGTCACGCTCATCGGCGGTGTCCGCCAGCCCCCCACACCCTCCGGCGACGAAAAGAAACAACAGCGCAACAGAGAGCAGGAGACGCCGAGACATGGACAACGAGGGCGTTTGGGATGAACCACGCGGGAGACAGAGGCGCTATATTGCGTGTCCTGAGGGATGTTCGGGAAACGGGGAGCACGCAGAACCGCGGCCGCCCCAATCGTCGTGCTTTTCATATCCGTCGTCACGAAACGAATGCAGACCCTCTGGCTCGCCCGCCACGCCAACCGTCAGGACTTCGCGGACCCGAACTGGGCGGCGACGGCCGACTGGCCCGACGACCCCGGCCTCTCTCCCGACGGCGTCGAGCAGGCCCGGCAACTGGGCCGCCGCGTCGATGCCCTCGACGTCGACCGGATCGTCGCGTCTCCGTACCTCCGCACCGTCCAGACGGCCCACCACGTCGCCACGACGACCGGCCACGGCGTCCTCCTGGAGCCGGGATTGGGGGAATGGCTCAACGACGACTGGTTCGACGACGTCCCGAACACACGCGCCCCCACGGCGCTTGCCGACCGGTTCGGGTCGGTGCTGCCGTCGTCGGCGCCGCCCTGCCGGGAGCCCGCCTACCCAGAGTCGAGGCACCGGGCCCTCGCCCGCCTCGGGGCCACCGGCACGTGCCTTGCCGACCGGTACGCCGACGAGACGCTGCTGCTCGTGGGCCACGGCATCACGGTGCAGGGCGTCCTGCACGGCCTCGTGGGCAGCGACGTGCCCGACCCCGGGTGCCCGCTCGCCAGCCTCACGAAAGTTGCGCGGCGGGACGGAGACTGGACCGTTTCCCTCCGGAACGACACGAGCCACCTCGAAAACGGCACCCGCGCTCCCGACCGACTCGCCTGACTCGGGAAGGGGGCAGCCTCCGTCCCCACATGCCCCCGAAGCACGAGGCACCCAGCTTTTCAGGAGCCACCGGACCCGGCAATGCGCGTCCAGAGATCCAGCGTCGGCCGGTCGGCGGTCGGGGCCGAAGGCTGCTGCCTCTGCTGACCCCGGCGTCCCCGTCGCCGCCCCCGCGGGGACCGACGCCGCCCTCCGCGCCCCGTCACCGACGGGATGCCCCGCGAGGACGGGGTCACAAGATCGGTATCCTCCGGGTCGGGGGTCTGGAGCCCAATCGCGACGGTATTGACCAGTTCTCCACGCAGGCCGTGCTCCCAGCGGTCGCCGGTCGTTGCCGACCGGGACGGGGACACGGGCACGGCCATTTCGTAAATGAGCGATCCGGTGTCGAGCGTGGCCTGTGCCTTCAGGGCCGACGACAACCCTGCGGGCATCCGGTATCGGACCGTGTCGTTCCGGATGACCGCGAGGTCCGAGGGAAACAGATCGTCGAGGGCCGCCGCCCCTCGCGGCGCGTCGGCCCCGGACGCCCCGCCCCCCTGACCCGCTCCGGCCTGCTGGGCCCGGCGCCCGAGCGGGTACCGGACCCCATAGGTGTGCCGCTCTTCGCCGGCCGGGTCGATCCACACGATGAGCCCGTTCTCGGCCACGGACCGGATGAGGTCGCGGTCCGGAATCACGACGGCCAGATACAGCAGACTGTCGGTCGGCGCGGCGCTCATGGACACGGAGCGGCCGTCCACCCGGGCGAGCGCCCCGCCCCACTCCGAAAGCGCCCCGTCAATGGCTGGGGCCTGAGACAGCGAGTGCGACTGCAATGTGGGCGGGCTGCTGCAGCCTCCCCCGAAGACACCGGCGAGGACCATCAGGAGGAGGCCAAACCAGACTCTAGACATAGGCGAGTTCGTTCGATGAGAGAGATGCGGGGGCCGTTCCGGCGCCAAGTCGCTTGCCGCCCGGGCGCAAAAGGTATCTACACCGGTCGCGAATTGCCAACCGGGGTGGGCGCTCGGAGCCAGCCGATGGATCTTTCTTGCGAAGGGCTCTTCCGAACAGACGCCTGCGGGGGAAGTGCCTCCCTCCGTCGATCCGTCGCCGTACGGGAAGAGTGCACGGCGGCGAGCGGCCCCACTCCGCCTACGAAAAACAGGCCATCACGCAACTGGAAGAGACGGCGGGCAGACGTTGCATTGTCTGGCCCCCGACATCATCCCCAACTAAAACAATATTTTGCCGGCATCATACGTACCAGTC
NZ_CP030361.1_gap87	2610488	2613256	2768	GAGCCTCCGGACCGGAGAGGCCCGCCTCCTGTCGGAGACCGGCGGTACGTTCACCCCGGCCAGGGCGCCCGGCGGGCCGGTGTGGGCGGCGCGGCGGGACGGCTCGTTTAGCGAGCTGGTGACCCTGGGCGAGGAGGGAGCGATTCCGCAGGCCCACCGCCCGGGCCTCCGCTACAAACAGGTCGCTCCCTCCCCGAGCGGCGACACGATTGCCGTTCTCGCCAACGCGGGCGGGACACAGGGCCTCTACCGCTTCGACCCGTCCACCTCGACACTGGAGCCGTGGCTCCGGTTCGAAGGCGGCTCCATCTACGACGTGAGTTGGGGACCGGAGGGGCGCTACGTGCTCTTCGCGGCCGACCCGTCGGGCATCGCGAACGTCTACGCCCTGGACCGCCGCGGCGGAGACGTCCGGCGTCTCACAACCGTGCGCTATGGCGCGCTGGAGCCGACCCTCTCCCCAGGCCGGAAGCGCGTGGCCTTCGCGCGCTACCGGCACGAGCGCTTCGAGCTCGCCACAATTCCCTTCCGGCCGGACTCGCCGCGGCCCGTCGCCGACACCGAGCGGGACTGGGCCCCACGAGGGGGTGTGCTGACGGCCTCGGCCGACTCGGCGGCGGGGGGGCGGGCAGGCGCCGAGCGACGCGTGTCGGGGACGGACGGTGCCTCGCAGGATGCCCCCCCTTCGGGTCGTGACGCGGCGTCCCTGCGCGCCCAGTCGCGCCCGTACGAGGCCTGGCGCCACCTTTTCCCTCGGTCAGCCACCCCTGTGCTGCGAGGCGCCTGGGATCTGCTCGGCACCTCCGTCGACGGCGAGAATCTGGGGCTCGGGCCCGGAGCCCGGATCAGCGGGGCCGACCCGCTCGGGCGATGGGCCTACAACGTTCGGGGCTTCTACCAGGCCGATCGGCTGTGGGGCGATGTCTCCGTGGAGACGGGCCTTGTGCCCGGCACCCCGTCGCTGACCGTCTTCAACGGCCCGGTGGAGGCCGTGCGGGAAACCGGCGCGGGTCGCTCGCGCCTGAAGGCCTTCGAGCTGCGGGGGCTCCGCCTCGGGGTCGACCAGCGGTTCGTGTTTCGGAAGAACGTCTACGGCACCAGCCTGACGGCAGGCCTTGCGGGGGAGTACCGCCAGTCGCGGCCCATCACCGCCGGCGGCGCGGCGGAGGCGGGCTTCACGGGCCGGGCGACGCTCCGCTCCGACCTGACGTTCAAGTACCGCGTTCAGAAAAACATCCGCGACCTGGTGCCGGGCACCGGCGTCCGCCTGAACACGAGCGCCGAGGTGGACGTGCTCACCCCCACGGGTGCCACGCCCAGCCAGTACCTGCAGCAGCGGGTCGACGTGTTCTGGCCCCTGCTCGCCAGCCACAACACGGGGCTGCGCACGAGCGCCTCGTTCCTCACACAGAGCCGCCGGTCGTTTTTCGATGTCCAGTCGTTCGTGCCCCGCGGGTACCAGGGCCTCGACCGCGCCCTTCCCGGGGCCGGCAACCACCTCCGGCTCGGCGCAAAAATCACCCAGCCGCTCTGGTACATAGACACCGGGTCGGTGATGCTGCCGGTGGCCGTCGACGCCCTCTACGGCTACGGCCTCGGGCAGGCGCAGTACCGCGTGGCCGGCGCGGGACCGACGCTGGGCGAACGGCGCGCCTCGGTCGGGGGTGGGCTGGGGCTTCGCCTCCGCCCGTTCGGCGGCACGAGCCTGAATCTGGAGATCGGCGTCTCCTACCGCATCGACGCCCACGGCGAGAACCGGTGGGCGCCTCACCTTCGATGACAACCCTTCCCTTCGGTGCTCGCCCACTTGCACACCATGACAGATTCATCCGCAATGGACGACCGAAGCACAGGCGAGAACTCAGAGACGCCCCTCGGCCCCCATGTGCCCTCGGCCTCTCCCATTCGTCGCGTTGTTGGATACGGCGTGGCCGGGGCCCTCGGCGGCGGGGTCTTCGCTCTCACCCAGCACCTCGGTCCCAGTTTCCTTGCGGAGCCCGGCCTTGCTCGCTGGGTCATTCTCTACGCGCTGCTCGGCGGCCTGGGGGTGGCCCTGTGGAGGGAGGCCACGCGGTGGGCGACCGGCCGGGGTTCGCTGTCTCGCCGAGGGGCCATTCTAGTGTCCAGCCTCGTGGCGGGGATGGTTCTTGGGGCGGCCACGCTGCTCGTGGCCGCGTTGAAGCAGGGCGCCGGGGCCGGCGGCGGGCTGCTTCTGCTGGGGCTGCCCTGGAAAGATGGACTCGGGGGGTTTGTCGGCGGCGCGGTCTACGGCGCGCTGAGCACGCACTTCGACGTGTAGTCCCCGACACTCCCTCGCAGGGGGGCATGGGAGCACTGGCGGTCGGATGGGCAGCGGAGGCGTCGACCCAGGGCAACCCGCGGGCGGCGCCTACGGAGGAGCGCCTGTTCTCTGCATCCGTTGTGGGATAACAGTACAGGTTGGGGCTTGGCCTCTTCGTCAGCGACGGCTCGTCGAGTGCCCGGACCCCTCTTCACCCGAATGGAGCCCGGACACACTCAGGTTCGAAGGGCTGATTGAGGGACACAGCATCGTCGAAAAACCCGCAATGTCGGAGGGCAAAGCCATCCTCCCCGACGCCGGCAGTGAAGCCCTCTCGTGACCCGGTATGCGCGGTCTTCCCGTGAAGGTGCTATGATCGATGGGTTGCCAGTTTCCATCGGGACCTCTCCGACCCGCTGGTTCTGTGTCTTTTGGGCCCCCTCGATTCCCGGACGGTGCCCTGACTTAGTCGCCTCTTCAGCGCGGC
NZ_CP030361.1_gap88	2626209	2630063	3854	CGGACGCGTCCGGATGATGATAGACCAGGAGCTTTATTGCATCGCCCCCGCTCCGCAAGGCTCGCCGAGGGGACCACGCCTCCAACAGCCGGGTGCGCCGTTCGTCCTCCCCAGCAGCGACGTAGCCCGTTTGCTCCCCCGAAAGAAGCACGCCCGTGGACGCCGGCAGAACATCGATCGACGCAGGATACCCGTACAGCGGATCGGTCAACAGGCCACTCACCAGTGGCGCGACCGCCTGGGTTACCACGCGTTTCACCTGTTGCAGTCGATCCGGGGCCACCTCGGCCGGCTCGGTGCCGTGCTCGCGAGCAAACATGCGACGCAACGAGCCCCGCTGGTCGACGGCAAGCATCGAAAAGCGGTCCGCGGCATCACTGAGTCGCTTGAGGCGGCGGTACTTTCCCGGCGAGAGGGCGTCCGGAATCTGCATGTTAAGGGGCTCAGTTCAAATACAAGCGCGATGGAAACTCAGCCCTGGAATGCCAAGGCATGGGCTCCCGGTTCCCGGTCCGGTGCGAGGGGGCACGAACGCTTCGAACGTTCGGACACGCGCCCTCATTCGAGGCGGGAAGCGGCAAACGACCGGAACCCGTCGACGTCCTCGAACGCCGCGGTCCCGCCGGGCCCCCGGGTCGAGTACGCCCCCGCCAGGAGGCCAAACTCGACGCACTCAGGGAGGGCCGTCCCGTTGAGATACTGCGTCAGGAACCCCGCATTGAAGCTGTCCCCAGCCCCCACGGCGTCGACAGGGTCGACCTGAGGGGCCGAGAACGACTGGAGCCGATCGTTGTGGTAGAGGGACGCCCCGTCGTCTCCCTGGGTCACAACCACGGCCCCGGCCCGTTTTCCAAGCGCAGCCATGGCCTGATCGAGACGATCTTCACCCGCGATGAGCCGCGCTTCGTCGTCGTTCGGGAGAAACACGTCCACCGCGTCGAGCACGTCCAGAATACCGCCGTCCCACGTCTCGTCGGGGTCCCAGTTCGTGTCGAGGGAGGTCGTGAGGCCTTCGGCTTTGGCGGTGCGGAAGAGCGTGCCCACGTCGGGCTGAAGTCCCGTCTGCAGGTAGAAGGAGGAGAGGTGCAGGTGGTCGGACTGGCCCACATAGTCTAGGGGAACATCCTCGAGGGTGAGGGCCTCCATGGCCCCGGGATACGTTATCATTCCTCGGTCGTCTCCGTGCGTGTAGATGACCGTCAGGCCCGTGGCGTCCTCCGACGTAGACTGTACAAACCGGCACTCAACGTCCCGCGCCTTCAGCCGCTCACGCACGAAGTCCCCGAAGGCATCGTTGCCGACCTGCCCGACGAACCCGACGTCCATCCCGATTGCACTGGCGTTCGACGCCAGGATTGCCGAGGAGCTGCCCAGGGTCAGGGTCATGCCCTCCGCAACCCGCTCTTTCTCGAGGGCGGGACGGGCCTGCACCCCCTCCATAATGAGGTCGGCATTGAGCTCCCCGACGACGATGAGGGATGGGGTCTGCACGTCGGTGGCGGTCGGTGAGTGAGGAGTCGTGTGAAGCGAACCGTCCGGGCGGGCGTTCGAACGCATTGGGGCCGATGCTTCGCCGGACGGGGGGACAACATGCCCCCGGATCCACTAGGGGTTTTGTGTCATGCCCGTTAGGTCGATCTCTCGTTCAGGAATAAAATGGACGACGCGCGGATGGTCGGGCGGGATCGTTTGCGTTGCCGGATCAGTGGACTCGTCGAGACCGGGGGCTATGTTCACCTCGGTATGAATGCCGGGGTAGTCGCGCACGACCGGCCGGCCGTTGCGCCAGAGGTCATAGGCCCGGAACCCTTCGAACGCCAGCTCAAGACGACGTTCACGCAGCACGACATCCAGGGCTGTCTGGGCCCCACTCAGGTCACTCATTTCGTAGAGCGCGTCGCCACTCAATCCCGCTCGTTTCCGGATCTTGTTCACGTCATTGAGGGCTTGCCGGTCGTTGCCGAGCTTCGCGTTCGCCTCTGCTCGGTTGAGGTACATCTCGGCCAACCGCAGGATTACCGGAGAGGAAAGGAGAGTGTTGCCGCTTTGGCCCGTAAATTTCTTCACGTAGTGAATGGGATACCCGTTTCGCTCCTGCACATTCCCATCATCACCCAACGACGGCTCAATAAATCCGCGACGATTATCCTCTGGGTGTTGATTCAGCAATTCGCGGTAATCCTTCGACGCATACATCTCTCCCCACCCGAGTCCATCGGGGCTCGTGTAATACATCGATCCGATTGACCCGAAGCCCTTGTTGTCTTCTTCAGTGTGCTTCACCGCAAAGATCGTCTGCGGATTCTCCTCCGGTGGACGGGTGGGCCACGTCACGTATTGCGTGGAGTCCTGAATGAGAGAGTAGCGCCCCGAATTGATGACCTTGTTTGCGTAGTCAATGGCCTTCTGGTTCTCTTCCCGGTACAGGTGCACGCGGGAGAGCAGTGCCTGAGCGACCTCTTTCGAGGCGTAGGGGTTACCCTTCTCCTCGGTCATAAGACCCGCCGCACGCTCCAGATCCTGAACGATGAAGTCGTATACCTCCCCAACGGTATTTCGCGACGCATTCTCGTCGGGATTTGGAGACTTGACGATAGGAACCCCAAGATTGTCTCGGCCCTGAGTGTACGGACGTCCAAATATTTTGACCAGGTGGAAGTGGACCATGGCTCGAAGGAAGAGATTTTCACCAAGAAGTTGGTCACGCCTCGCTGATTCTCCAGACTCAACCTCGTCGATCACCCGGCTGGTTCCATGAATGATCTCGTATGACAGGTTCCAGAAGTTTTCGGCGTTGAACTGGTCCACTGTATGACCAAGGGTGTAAGAGCCAAATAGAGGATCCGTCGTCGATCCACTCAGCGAGATGTTATCCCCTGCAAACTCCGTCATGTAGAAGAGATGACGGCTGTAGTGGTAATACCCACCACTAATCAGCCGATTGTAATTGCCCGTCGTCGCTGCCTCCAGTCCTTCGATCGAGCTCACAGCCTCTTCCGGAGCGAACCCGCTCTGAGGCTGTGGATCACTTACGCCATCACAGCCGGCAATGGCCAACGCGAGAGCGAAGCAGAACAGTACGCGAGGAATGATTGTGCCTTGAGAAGTCATATCCAGAATGTATCGCTTAATGATCCAAGTTGGCCGATGGGATCTTCGGCGTTGGTTTGCGCCCCAGGCCTTCCACCAGGCCATCGTCTGCCGGTAGAGGCCCAGTCGTTGCAGATGCGACGTGGCGTGCTAGAAGTTTAGCCCGACCCCAAACGTTACCCTTCTGCTGATCGGGTATTTTGTGCCGGCGTTGCCGCCCAGTCCCACCTCCGGATCCATTCCAGAGAAGTCGGTGAAGGTGAGCAGGTTTTCTCCACTGGCGTATACACGAGCCGACTCCAGGTTGAGCGAGTTTGCCCACGCGCTCGGGATGTTGTAAGAGAGCCGTGCGCTTTTCAAGCGGAGGTAGCTCCCATCTTCGAGGTACCGGGACGAGGGGGAGTTCGAGTTGTTATTTCCACCGGGAACCGGCTTGGGATGCGTGGCGTCGTCCCCCGGCTCCTGCCACCGGCTCCAGTCATCTTCCAGCTCCATGTAGTTGTAGGTCAGGTATCCCCCGTCGGAGTCGAAGAGTTCGCGGGCACTGTGATAAACGTCGTTCCCGTAGACAAAATTGAAGAAAGTGCTTAGGGTAATGCCTTTGTACTCAAGCGAGTTGCGAAGGCCTCCGGTGAAGTCCGGCGTCGCGGAGCCGACTTTTTGCCGGTTGGCCTCGTTGTAGTCGCTGGTGAGCTCGGTATCAACAACATTACCCTCCTCGTCGGTAATCTCTCGCTCCCAAAGCGGCTCGCCAGTCTCGGAAT
NZ_CP030361.1_gap89	2644917	2646329	1412	GCGGCTGGAGGGCGGGCCGGCCGAGAAGGCGGGGATGTAGGTCCTGCTCTCGGATGCGCCCACGGAGGGTGCTTCGCCCCCGACGCACGCCATTCTCACACAAACAATTCTCACACGAACAAAAGCCCGAACGCGCCGAAGTAGAGCACCAGCGCCAGGAAGCTCTCGAATCCGATTCCGAATACCCCCCGTCGCTCGCGGCGCAGGAGGCCCATCAACAAGATGCCGGTCAAAAGCAGCGTGAGGGCAATGATGAACACCTGCTGCTCGGTCATGGCGTGGTAGATCGAGCCCTCCTGGTAGCCAACATCCGAAAAGGCCACGAACAGGACATCGAAGCTGTTGCCGCCAATGATGCCCCCGACGGCGAGGGTCAGCGCCCCACGCCGCACCGCCGCCACCGACGTGACCAGCTCCGGGAGCGAGGTGGACACGGCCGTAAAGAGCCCGCCGACGAGCCCTTCGGAGAGGCCCGTCCGGGCGGCCACCTGCCCGCCCGTCTTGGCGATCACGTATCCCGCGGCGCCGACCACGAGGGACAGGGCCACGAACTCCAACCAGAGCGTCGAGAGGGCGGCCGACTCGCGGCCCTCCGCTCCGGTGTCCTGGCGGGTCTTGTCGGTTTGCCGCGCCACCCAGTACGGGGTCGACCGGGCCTCGGCCACGAGGTGAATGCCGTAGAGGTAGCCCGCAACCAGCAGCACGGAGGCAGGGTGGATCCCGAACAGGTCGAGGCGCGGCCCGGCCATTCCGAGCAGGGGAATCGCCAGGAGGGTCGACAGCAGGGCGCCCTGCAGGAGGTTCTCGACAGAGGCGGCGGCGTGTTCGAGATTCGCGGGCCGGTAGGCCATGTCCGCCACCGCAAGGAAGACGGTCTGGGCGGCGATCCCGCCAATGGCGTTGCTGATGGCCAGGGACGGAAGCCCGTCCACCGCGGCCGTCACGGACGTCGTGATGCCGGCAATGGAGGTGGTACTGCCCAGCAAGACGGCCCCGAAAATCGCCTCTCCGAGACCGGTTTCGTCGGCGAGGCGGTCGGCGGCCCGGGTCATCCGCGTTCCGACGACGGCGATGAGTAGGGCCGAGGCTCCGAATGCCGCAGAGACGACCGGAAAGGAGAGGGCCTCCCAGGCAACAAGGTCCATCGAGCGTCAGGCGCGGGCGGAAAAACAGCGTCGAAAACTACACGTGCACACCCTACACACGGTCCCCCCACACATGGTCTCCCACACATGGTCTCGGTCTGATTGTTGAGACCAGCACCATTGGGGGCGGCAGGGCAGTCGATTTCGGGGCACAGCAGGACGATCTCTGACACGGAAGCGGCCTGGTCGTCCGGCCCCCGCACTGAATGTTGGGAGCCAGCCCCCCTCCTCCGGCCTGCTCTACGTCGGCTGGTTGCCGTGCCGTCC
NZ_CP030361.1_gap90	2648520	2651769	3249	ATGCGCTCACCGCCCGATACCCCCGTCTCGTGGACACCTACGACCGAAAGATCGGAACCAAGGGGGCCGAGGGCCACGCCGACTGGAGCGCGTGGTGCTTTGCGGCCGGCGGGATTGCGGCCACGATCGCAAGCAACCGTCACGCCGCGGCCCCGGAGACGGTCGGCGCGGGCCAGGCGTTCGAAGACATCCACCGCATTGCCGCCATCGCGGCGTGGCGCCCCGACCGGTACGTGCTGGACCTCTCCGACCGCCCGTCGACCGCAATCGAGACGATTCCCGCCCAGGTGTCGCCCCCGCGCTGCCTTCACCCCGATACGTTTCATTTTGGGGCCTGGTGCCCCTTTGTCTTTCTGGGACGAGGGGCCGACGGCCAGAACCGCGGACTTTTCGTGTACCTGGATGACCCGGGGACGGACAACGCCACAAACGGCCCCCCGATGCTCATCGGCGTCGTCGCGCGGGCGGACCTCGCATGCAGAACCGTCGCGGTGGCTTTGGGACAGGGGGGCCTGATGCGGGGCATCGAGACCGCGATGAAGGAGATTTCCGAAACGCGGCAGGTCGACACGGAAGAAGCGGTCGAGGTGGACGAGGAGGAGCTCGAGAAAGAAGCCGTGCCCAGGCTCGGGAAAACGACCGATTACGCGAGGGAGGCCCGCATTGCGGCAACGGTTGCGCTATTTGTCTCCCAGGCCGACTGGACCCCACCGCTTCCGGAGGCTCCGCGTCGGACCATTGCCATGGCGGAGGAGACGACGGTCTGCTCTCTCGCGTAGCTCCCCTCCCCCTGCGCGGCGCAATCGCCTCCTGGACGAACCAGCCGACCGTTCCGCCGCAGAAGTTCTTTTCGAGGACGCGACGCGTGCCGCCCTCGACCGACGCCCCCACCAGGCGGTTCATCGTGGCCTTTCGGCATCCCACGCTCGTCGTGACGGCGTCCACTTGTTCCGGCGGTGGGCCCTCGATCTCCCGATCGACCCCTTCGAGGGGACGCGTCTCTGCCTGCTCTGCCTGCGGGTCCGATGGGCTCATCGCAGAGGCGTGCGGCCTCAAACGGTCCTGGACGAGAGAGGAGAAGTAACGATTCGGGCCCAGGGACAACGGAGCGGTAGACTGCAACGCAGCAGCTTCGCGTCGGGGGCGGCATTTTCACCTCCGAACGTGGAGGAAGACCGAGGCTCCCTGATGCTCGCCGACGTCCGACACAGTCCGCATGCGCGTCGATCGCCCCTGCGCTCTCGTGTTCGCTTCGCACACCCCCCTCGTTCGTGCCCATGTATTCTCGTCTTCAGTCTGGATTCGTAGGCGGAGCACTCGGCTCCGTCTTCATCGCCGCAATCATGCTCGCCATGTTGGTCGTGGCGGGCACCCCCCCGATGTTCATGGCCACCTTTAACGCCACACTCGGCCCGGCCAGCCCGATTGTCGCCGGGCTCGCCGGCGGGGCGCTGTTTGTCCTGAGCGGGGTCCTCTGGGGCGTGCCGTTCGCGGCGCTGGTTCGAACGCCGACGATCGGGAAAGGAATTGCGTTCGGGCTCGTGCCGGCACTCTGGCTGTGGGTCGTTGTCGCCCCGGTGATGCTCGGAAAGCCCGTGTTCTTCGGGTTTGCCCTGCCGAAGCTGGTCCTGCCGTTCGTACTCAACTGCCTGGTGTGGGGCACGACGGTCGGCTGGTACGCCGGCGCGGACGCCCCCGCGGCCGACGGAGAGGCGCAGGCCAGCGTTGCCTCCTCGTGAGAAGTCAGGCGACAGCATCCGTGGATGTGCGCCCCCCGACGGCGGCCCAGGGCCTTCTGCCTCTTTGGTGGGAAACACTGGCCTTGAAACAGGACGACTCCTGATCTGCCCCCGGCCCCTCCGGAGGGCGTCCGTCTCTTCCCACCGCCCAGGGTCTCGAAGTGGAGAATCACCCCGGCCTGGGTGTGGCGAAATTCGCAGATGCGAACGGCCACATGCCGAAGCCGGATCGGGTCTCCAATCGATTCAAGTTCTACGTCCGGAAGGCGAAACTCTCCGACCGAGAGGAACTGTCCTTCCACTCGTGCCACCACACGACCGGCTCGTGGCTTTCGATGCAGGGCGTGCCGCTCCGCGTGATTTCAGAGATTCTTGAACACTCCAATACGCAGGTTACGGAGATGTATAGCCACCTGAGCCCGGAAGTGATGGATCGGGCGATGGAAGAAACCTTCGGTGGCGAGTAGAACCTGGATAGTCAACTGACGTGTCCCTCAATTTACCCCAGAGAGGCCTGGATGCTTGGGGCACGGTATGGCCAGTCAATGGTGAACTGGACGAGGAAAACTTCATCATGCTCAGCAGCGATTCAGAACCAATTCGGCGGTCCATTTCCTAATCGGGGTAGTGATGGGCTAGGGAAGAACCTATAGGCGGGTGTTTACGACATTGTTATATATGGATCCGAATGTATACGAGAGCCCAATGGAGCCGCCAAACTCGTAGCTGGTCGCCCGCTCTTGACGGCGCAGAAGCACCTCCTCGTCCGACAAGTCGCCCGCAGGAAGAGAAAGCTGGTCCTGAATCCGCTCAGCATCGAAGCTTAGGCGCAGTGAAAGACCTTCGACAAGTTGGACATCGAGAAAACTCCGGAATTGGACGCTGTTTTTGGAGAGGTCGTGGAAATAATTCGACCACTCTACCCCTGCGAAGACGAATCCCCAGGTTTGATTGAAGCGAAGGTTGACCTCGGCGGATTGTTGAAGAAGTGTCTCCCGGCGCTTACCAAAGACGGTCACCTCTCGATACGTCCGGTACTCGGGACCAATCCGGTACGTGAAAGTAACTTGCTTTTGGTCGGAGATGGCGTAGGGAAACAGGTTGTATTCGGCGGCGGCCCGGAGACGCGTGCCAACTTGAATGTTGGTGAAGGTCCGAGAGAACACCGTTCCGGAAACGCCCGCCCCGGAGTTTGAGCCGAGAGTTTTGATGAGTCCTGCGTCGAAATCGTAGTCTTGCGAGACACTGCGGATGTCCGTTGTGTCCTTGCGCTCGAACACGTCGACCTCTTGCTCACCGTCGAGTTGGATATCCACTTTCCAGGCCTCTGTCACGCGCTCTGCGCTGAGGTTCCCTTCGGCCTGGTAGTTGTATTCGCGCTCCTGTAGGTCGGCACTCCCGGAAATGCCCACGTCGAAGACCCACTGATTCCATGGATCTGCTTCGGAGGCGGAGGTGCCTTCGTTTTCGTCCGGCGGATCGTATGTGACCTGCAGGTGATCTGCTTCCG
NZ_CP030361.1_gap91	2654708	2656330	1622	TGGTACAGCTGGGCGCTGACGGCGGACATGTACCCCTACGGCGTCAAGTACTGGTTCCCCGGCCTGCCGTGGAACCACGAGGAGCACTACATGGACCGCTCGCCCCTCTCGTACGTCGACAACGTGACGACGCCCACCATGCTACTGACCGGCGCCAACGACTACCGCACGCCGATGTCGGAGTCGGAGCAGTTCTACCAGGCCCTGAAGCTCCGCGAGGTGGAAACGGCGCTCGTCCGCGTCCCGGGGGCCTCCCACAGCATCGCCGCCCGCCCGAGCCACCTGGCCGCGAAGGCCGCCCACGTGCTGGAGTGGTTTCGTCGCCACGGGGGCCCCACGCCTGAACGGTAAGGCGGCGCGAGGCCCGCGGCGCCCACTCGCCAGCCCCCAGCGACCACCCCCGTGAAAAGAAAATCAATCCCGTGCCATAGGGGGGCCGAGTCGGGGACAAAAGCCCAGCACCCACCCGGAAGGGTTGGAACCCGGCCCGGCACCATGCCGTTACGCGAATCGGATATTTTGGGAGGCGGCTGCCCGCTCCACTTTTGATTCAATTCCTCGGTAGCTCAACGGTAGAGCATGCGGCTGTTAACCGCAGGGCTGCTGGTTCGAATCCAGCCCGGGGAGCCGAAAGCCCGATTGGACGGTCCAATCGGGCTTTTTCTTCTGCCACGCCGGTTTGCCCCGCCGGACTGGGGGCCTCCTCGTCTGTATTCCCGGCCCCCCACGACCGCAGTCGGTGCCGCCCCGCCGGCCGCGACCATCCCGATGCCGGCCGCCCCTTCCAATCGTCTTGCCCGGCCCTCAGCGTATAGGGGCCTCGTTCCCATCCGCCAGCATGGAGCCCGCCCCAGATCGGGGTGGTCATGCGTCTCAGATGTTTGCCTAGAGTCCCGATGCCCCCTGTACGAACGGAGACGCTGATCCGATGCGTCCTTCGACGGCCAACGGCGGCCGTCCTGGTCGTCGCGCTTGCGATGGGCCTCACGGCGTGTGGCCCGGACGCGACCGATGACTCGACGCCGTCGGCTCCCGCTTCCTCCCGTTCCCCGGTGGCCGACAGCACGACCATCCCCCGCATGCTAACGACCGACGATCGGTTTTCGACCCTGCGCGCCGCCCTCGATTCTACGGGCCTCGATTCCCTCCTGGCCACCGGGGGCCCCTTTACTCTTTTCGCTCCCCCGAACGGCGCGTTTGCGTCGGCCTCCGCCGGCGCCGCAGAGGATGTGCTGACAGGGGATCGGGACCGCCTTCGCGCCCTCCTTTCCCGCCACGTCGTGGGGGGCCGCGTTGCGGTGGGGGGACGGCCGGGGCCCCGCTCGGTGGTCCCGATGAGCGGCGACACGCTCTCGCTGCGCCCGGCCCCCGACGGCGTCCGGATCGGCGGGACCCCAATTCTCGACGCCAACATCCAGGCGGGAAATGGGCGCATCCACGTCGTCGACGCGGTGCTCCGGGCTCCCGGATCCGACGCGCCGTGACGAGGCGCCCCCACCCGGGGCCGTAACGATCCACGAATATGTATTCGTCCCGTCGAACCTGGGCGGGAAATTGGGCTTGGAGAAGTGTTCGTCTCTTCATAGCTCCCTCTCTAGCCCATGGCTTCTGATTCTCCCGTC
NZ_CP030361.1_gap92	2685234	2687573	2339	GGCGAGGCGGGTGAGCCAACTCATGCGTCTGGATTGGCGGGGTGATGGAAGTACGGATGGACAGAACGGCGCCGTGGCAGCGGGAGTTCGCCGGCCATCACCACGGTTTGGTTACGTGTGCGTCGCCGTGGCGACGCCGGCACAATGGGGGCGGGGCCGCGACTACCGCACGACGGTAATGCGACGCGTCCGGGTGTCGCCCTCCGACCGCAGCCGCAGGAAATAGGCCCCGCTGGCCAGCCCCGACAGATCGGCCTGGACTTCGTGGCGGCCTTTGACCCTTCCGCCCCCGAAGGTCCAGACGACCCGCCCCAACATGTCGTACAGCTTCAATTTGACTGTTTGGCGCTCGGGCGTCGCGAAGCGGATGCGCACCGCATCCCGCACCGGATTGGGGGATGGCGCCGCGAGGCGAAGGGCCTGCACGCGAGGCGCCTCGTTCGGCGACGGGGGGCCGAGGCGCAGCGTGCGCAGGACATAAATCGCGTCGTCCTCGTAGCGCCCGTCGTCGCGGCAAAAGGCCCGGAGCGCCTTTCCGACCCGCGTGCACGCCACGAACGTTGCGGTTCCGTCCCGGTGTTGCTCCCCACGAGCGCCGTACAGCCGGAAGCGAAACGAACTCTCGTCGCTCAACCCCTCCCCCTCGAAGGGGCCCCGTCCCGCCACCGCCATCGCCGTCTGTTGGGCCTGTCGCCACGACTCAGCCCCGACGCACGTATCGTCCGGCGAGAGAACGGCGAGGGAGTCGGGACTGAAGAAGGGCGAGGCGTCCCCCTCAACGGACACGGTATCGGGAATGAGAACGGTCGCATTGTCGATCGCCGTGACGCAGGAGACGGGTTGCGCCCGGCCCCGCCCGCACGCGAGCAGAAGCAGGCCCACCGCGAGGGCAATGGGAACGATGCCCGTGTTTGAGGCACGCCGACGCGCCGAGGGCAGACTAACAGACGGGGGGCTCGGGGTCATCTAAACGCCCTGATCGGGGGTTCTGGAGACATCCCCCTCGGCGAAAATACGCGGAGGGGTTGGGGGGCGGTCGGTGTTGGTAGGCGCAGTGCGCCCGTTGAACGGGCACTTGGGGAGTCGGCACGCATTATTCGTGTCACGCCGCGGCTTCCTCGGTGGTGTGGAGGGCCTCCTGCAGGGCGGCTTCGAGCTTCTCCGCGGTGAAAGGCTTGGCGAGAAAGGTCTGTGCCCCGGCGTCGAGGGCTTCTTCGGTCCGCCCGTCGGCCACCCCGCTCGCGGCCACGATGGGCAGGTCCGGATGTCGCTCCTGGAGGCGCCGGATCAGGTCCAGCCCGCTCATCTCCGGCATGCGGAGGTCCGTGATGACGAGGTCAATCGCCTCCTTCTCCATCACCCGCAGGGCCGCCGCCGCGTCGAGGGCGGTCCGGACCTCGTACCCGACCGCCTCCAGCGTCTGCTGGGCCGACTCCAGCACGAACTCCTCGTCGTCCACCACCAGCACCTGCGTTCCCTCCCCGTCGAACGACGGGCGCTCGTGCTCCGCCTCCCCGTTGGTCGGGGACTGGGCCTCCACGGTCGCCTCCTCGTCGGCGGCGGGCAGATAGATCCAGAAGGTCGTGCCCACCCCCTCTTCGCTCTCCACGTCCATGAACCCATCGTGGCTCTGGATGATGCTGTAGGCGGTGGACAGGCCCAGCCCGGTGCCCTCCCCCTCCTCCTTCGTCGTAAAGAAGGGTTCGAAGATCTTGTCGGCCACGTCGTCGGGCATGCCGGTGCCGGTGTCGCGCACCTCAATGCAGACGTAGCCGCCCGGCTCCGCCTCGATGTTGCGACGGGCCTCTCGTTCGGTGAAGTCGACGTTGCGGGCCTCGACGGTGAGCGTGCCGCCGTCGGGCATGGCGTCCCGCGCGTTAACGCACAGGTTCATAAGCACCTGCTGGATCTGCGTCGCGTCCCCCACGACCGGGCGCAGGTCCGCGTCGGTCCGGATGTGCACCTCCACGTCCTCCGGGAAGGTCTCCGTCGTCATTTCCTCCACCTCCTCGACGATCAACTCCGGCTGGAGGGCCACCCGCTCGCCCTCCACCCCGCGGGCAAAGGCCAGCACCTGCTCCACCATGTCGGAGCCGCGCTCGGCACTCTTCTGAATCATTGAGAGCGTCTGGTCCACCTTGTCGTCGGTGTCGTCCACGCGGCGCTTGAGCACCTTCACGCCGAGGGTGATGGGCACCAGCAGGTTGCCCAGGTCGTGCGCAATTCCGCCCACGAGCCGCCCGAGGCTTTCCATGCGCTGGGACCGGAGGAACTGCGACTCCAGGCGCTTCCGCTCGGTGATGTCGGTATTGATGACGAGCACGTGCTTCGGCTCCCCC
NZ_CP030361.1_gap93	2689926	2690555	629	CGATGAGCGCGTTGCGGCGATCGGCCCACTCCTCGGGCTCGTCGAACCCCACGTCTCCGATGCGCACCACGTGGCTGCCCACCTCGATGCCGAACTCGTTCAGCAGGCGCCGCGCCACCGAGCAGCAGGCCACCCGCATGGCCGTCTCGCGGGCGCTCGACCGGTCGATGACGGGCCGCATGTCGTCGTGCTCGTACTTCTGCTTGCCCGCCAGGTCGGCGTGGCCGGGCCGCGGCATCGTCACCTTCTCCATGTCCTCCGGCGGCTCGCCCTCGATGGCCATCTTCTCGGGCCAGCCGGCCTTGTCCTTCTCGTAGGCCCCGTTGTCGATGCGGAAGGAGATGGGACTCCCGAGCGTCTTGCCGAAGCGCACGCCCGAGTAGATGTGCACCGTGTCGTTTTCAATTTTCGACCGCCCCCCGCGTCCGTAGCCGAGCCAGCGCCGGGCCAGGTGCTCGTTGATGTCGTCGGGCGTAAGCGGCAGTTGGGCCGGGGCGCCCTCGAGGACGCCGATGATGGCCTCGCCGTGCGACTCGCCGGCGGTCAGGTATCGGAGCATACTGTGGTCGTTAAACATCGGAATGAGAATAGGGGACAGAACGAGAACACGCCCGTCTGAGGGAGGGCGC
NZ_CP030361.1_gap94	2706121	2711103	4982	GCAAATCAAAAGACCGCGCGTCCGGCCGTGCACGGCCCGGCCCGTCCACCGGATGCATGCGGGAGGCGTGACGAACACCGTCGGCCGCGGGACGGGGACCCGGCGCCGTTACGACCGGGCCGGCACGCCCTTCTGCTCCAGCGCCTCCACGACCGGGGGCGGCACGAATTTCGAGACGTCTCCGTCCCACCGATGGGCGTCCCGCACCATCGAGGAGCTAATGAGGGCGTACTCCTCGGAGGTCATGAAGAACACGGTCTCCAGCTCCGGGGCCAGCTTCCGATTGGCGAAGGCCATGCGGAACTCCGCGTCGAAGTCGCTCACCTGGCGGAGCCCCCGCACCAGGGCCACCGCCCCGACCTTCTGCGCCCGATCCACGATGAGCCCCTGGTGGGCCTGCACCTCCACCCCCTCCAGGTCTTCGGTGCACCGCCGCACGAGCGTCGTGCGCTCCTGGGTCGAAAAGAGGGTTTCTTTTTCGAGGTTCACGCCCACGGTCACCTCCACACGGTCGAAGACGCGGAGGGCCCGCTCTAGAACGTCCCGGTGGCCGAACGTGAAGGGATCAAACGTGCCGGGGTACAGGGCAAAGTTCGGGTCCATGCAGGGGCAGGGTGGGGGCAGCGCGTGCGGCAGGCTAAGACGTCGTCGGGGAGGACTCCGGGGCCGACTCTACGTCGTCCGTCGCGTCCCCCGCGGCCTCGTCCTCGGGGGGGAGCGGGGGGCGAAACAGACTCACGATGGTGCGCCCGTAGGACCGACTCGTCATCAGCCGGGGATGCTCGTCGAACCAGTCGTGCGAGCTGTGTTCGAGCGTGAAGACCCCATCGGTATCGAGGTGGGGCACCGCCAGGTCGGGCATCTCCTGCATGGCGTCCAGCTTGTAGGGCGGGTCCGCCATGATGAGGTCGAGGGCCGGCCCCTGGTAGGTCCGCAGGTACTCCACGGCATCCCCCTGTATGAAGATGCACTTGTCCGCCACCCCGATCTTTTCGGCGTTTTCGCGGGCGTAGTTGATGACCTCGCGCTTCCGCTCCACGAACGTCACGAGCTCCGCCCCCCGGCTGATGGCCTCCAGGCCGAGTGCACCCGTGCCGCAGAAGAGGTCGAGCACCTCTGCGCCTTCGAGGTAGATGCGGGCGTCGATGAGCCCGAACAGGGCCTCGCGCGTCCGGGCCGTCGAGGGGCGCGTCTCGTGGCCGGAGGGGGTCTTGAGACCGTGGCCGCCAAACCGGCCGGCAATGAGTTTCATGATGGATTGGACGTGACAGGTGAGCGGATGCGGTGAGGAGGCCCTGCAGCCGACAAGCCTCGAAAATGGTAAACGGCTGTGGGGGGAAGAGATCCCCAACGGCGGTGCCGTCCGGGGCCCCGCCCCTTTCTTTCCTCGCGTCCCCCGTTCACTCCGCAGACAGGGCCAGGGCCCCGCCGATGCACGGCACGTACTCCCCGGGCTGCTCCGCGTCCGGCTCCCAGATGCGATGCAGCCGGCCGAACGGGTCAAGCAGAGTGGGGACGTCCCCGAACACCGACTCGAAAGGGCCGTCGGCCACGGCGTCGACCTCCGACCCGTAGGCAACGAGGGTTTCAAGCGCATCCGGCGCCACCCCAATTCGGTTGAGCATCCCCACGGCGTAATAGGCCTGATCTTCGGCCGTCGGGGCGTTTTGGGCCGCGTGGGCGTGGTGCCAGCTGCCGTTCCGCGTCAGGGCGTATTCGGTGTGTCCTGCATACTGCCCAATCGCGAGTTGATACTCGTCTGCATCGTCCGCCGACGTCGTCGGCGTTCCATCCTCCTCCGATATCCCCAACAGATGGGCCGCCGCCTCCGCGCTGAGGATGCGCCCGGTGGTGTCCATCCCAGGGACCTCGGCGAACAGGGTCTCCATGCGCGCCTCCACCTGCTGCGGCACGGCCAGCACATGCACCCATTCGATCGTCTCGCCGTCCTCCACGGCCGTACGCACCGGTCTCGACACGGTATGGAGGGCGCCGGGCGACCGGGTGTTCGTGACCAGGGCCGCCTGGTACGCCACACGTCGATCGCGCTCCTCCGCCGAGAGCCCTTCGGGAAGCGGCATGAGAAAGCTGTACGCATCCACCGGATGGAGCACCAGACCCGCCTTGGATGCGTCGGTGTCGTCAAAAATGCGGGACAGGGTGGCCGTGATCGCATCGAGGGGCTCAGGGCTGGTGTCGCCCCACAGGACACGCGCGACGTCCACCTCGAAGGTCTCTGCCCCAAACCGCCGGAGATCTACGTCCGACCCGTCCCGCGTCACTTCGGCGTACCGCACCGTCGGGCCCTGAATGTGAACCGCGGCCGAGATCGACTGCATAGCTGTTCGTTCCTGCCTGCGTGCGTGCACGTCCTGCGTCCTCAGGACCTTGGTCCGCCCCAGTCTGCGGGGCTACTCCCAGCTGGCCGCATTGGCCTGCGTGGGATCGCCGGTCAGGGTGCCAATCTGATCGTCGGTGTCCGGGTCTTCGAGCAGGTAGGTTTCAACCCGTCCCGTGTCGCTCACAGCGTACTGGAAGCGGTTGCCGGTCCGGGGCGAAAACAGCAGGGAGTCGAGGTTGATTGATCGTCCGAACACACTGTCCTGTCGGGCCGCGAGCACCGAATCGCTGCGAATATGCTGGAGCAAAATATTCAGTGAGTCCGGATACGATGCGCTGTCTCGCTCGTAGTCGACGAGCGCCGTGCGAACGTTCGTCATGCGCTGGCGGGTCTGCTCCGTCAGTCGCTGCTCCCGTTCGATGCGCTCGTAGGGCTCGGTGATCGACTGGTACAAGAAGTAGGTAAGGCCGACAATTACGACCACCAGGAGGGCCTGAATGGCAGTCTGGATCGTTCCGCTGCTCGTAGCCATGAAAGCCGTTCGTTCGTGTTGGCAAAAAGATGACCGGGTGAACTTTCCGCTCTGCGCGAAATGGGGAACGCGGAAAGGCGGAAAATGTGGTGACGGATCCGAAAATAGGGGGCTCTTCCGCGAAATGCAATTCCCTGCACGCCCTTCAAAAAACAAGAGGTCCGTCTTCGGAGTTGAAGCCGCCGTATTTGCACCTTCGCAATCAGCCGTGTTTCCCTCGTGACGAACCTGCTCATCAACGTTGACCATGTGGGCACCCTCCGCAATGCCCGGGAGGAGACCTTCCCCGACCCTGTACACGCCGCTGCGCGCTGCGAGCAGGCCGGGGCGGACGGGATTGTTTTTCACCTCCGTGAGGACCGCCGGCACATTACGGAGCGGGACGTGCGGCTCCTGGCCGAGACCGTAAATGGCAAGCTCGACTTTGAGCTGTCCACCGAGGAGGAGGTGGTCTCCATCTGCTGCGACGTGGTGCCGGATCTGGCCACGCTGGTGCCCGAGCGGCGCGAGGAGGTCACCACGGAGGGCGGGCTCGACGTCACGGCGAGCCGCCCCCGCCTCAACGCCGTTACGGATCGCCTCTACGACGCCGGCGTGGACCAGGTCAGCCTCTTCGTCGACCCGGTCCCGGCCCAAATCGAGGCCACCGCCGCGGTGGGCGCCAACTGCGTGGAGCTTCACACCGGCGACTTTGCCGAGGCCTCCACGGAAGCCGCCCGGCGCGAGGAGGCCGAGCGGTTGGCCGCGGCCGCCGACGCCGCCCACGAGGCGGGCCTTCGGGTGCACGCCGGGCACGGGCTGGACTACAACAACTTTTCTCTCTTCCGGGAGACGGTCCCTCACGTCGCCGAGGTGTCCATCGGCTTTGCCGTGATGGCCCGCGCCATTCTCGTGGGCATGGACCAGGCGGTTCGCGACATGCGTGCAACCGTCGCGAATGCTCAGCCGTAGGCGCCCTGTTTCTTGATCACCTCTTTCCCTTCTTTCTATGGAGCACTCCGAGCCCCTCTTCGACGACATCTCCGACGACCACACCAGCGGCTACGTCGCCATCGTGGGCAAGCCCAACGTGGGCAAGAGCACGTTGATGAACGCCCTGCTCGGCGAAAAGCTGTCGATCGTCACCAAAAAGCCGCAGACCACCCGGCACCGCGTCCTCGGCATCCACTCGGGGCCGGAGCACCAGGCCATCTTTCTAGACACGCCGGGCATCATCGAGCCGCGCTACGCGCTCCACGAAACCATGATGGGGCAGGTGCAAGGGGCCATTCGGGACGCCGACCTACTGCTCTTTCTGCACGAGGCCACCCAGGACGAGCCGGACACGCAAAGCCTGAAGAAAATTGGCGACACGCCGGCGTTTCTGGTCCTCACCAAGATGGACCTGATTCCGAAGGAGGAGACCCTCCCCCTCGTGGAGTCCTACGAGGACCGCCGCGCCTTCGACGAGGTGGTGCCGACCTCGGCCAAGGAGGGCTTCAACCTCCAGACCCTCCTCCACCTCGTGCTGGACACCCTGCCGGAGGGCCCGCCCTTCTACCCGAAGGATCGGATCAGCGAGCACCCGGAACGCTTCTTCGTGGCCGAGATGATCCGGGAGAAGGTGTACAAGCACTACCACCAGGAAATCCCCTACTCCGTGCAGGTCAACGTCGTGGCCTACGAGGAACGGCCCGAGGGGACGAAGGACTATATCGACGCCGAGATCGTCGTCATGGAGGAGTCGCACAAGGGCATCCTCATCGGCGAGGGAGGCAAAGCGCTCAAGAAGGTGGGCACGACGGCCCGCGAGGACATCGAGGCGTTCGTTCAAAGCCCCGTGTACCTGAACCTGCACGTGAAGGTACAGGAGAACTGGCGCGACCGGAAGACCGTCCTCCGCTCCTACGGCTACCGGGCGTAGCCTCGCAGGACCTCAGTCGAGCTTCATCTTCAGCCCCTCCGTGACGGCCTGCTCGTGCTCGGCGGGAACGGCCGTTCCCGGGACCGTGTGCTGCTGCATCTCGCGTCGGCGGCGGTAGCCGGCTCGGAGGTGCGCGAATGCTTCGCCCCGTGCATCCGGCCCCAATTTCACCAGGTTTCGGAGGGACGCGTCGTCGACCGCGGGGT
NZ_CP030361.1_gap95	2714662	2716475	1813	CCGTCGTGACGTGGTCAATCAACGAGTCCGACGGGGTGACCGCCGTCTCCGACTACCTCCGCCAGGAGACCTACGACCACTTTGAGGTCTCGGAGGACGTCGAGGTGATTCCCAACTTCATCGACACCGATCGCTTCGTGCGCCAGGACAAGGAGCACTTCAAGCAGGCGCTCTGCCCAAACGGGGAGAAGGTCATCGTGCACGTTTCCAATTTTCGCCCCGTCAAGAACACCGACCAGGTGGTGGAGGTCTTCCACCGACTGCAGAACGGGACGTCAAACGTGAAGCTGCTGCTGGTGGGCGACGGACCGGACCGCGTGCCCACGGAACGGAAGGCACGGGAGCTTGGGGTGTACGACGACATCCGCTTCCTCGGAAAACAGGACCCGATCGAAGAGATTCTGTCGATCGCCGATGTTTTCCTGATGCCGAGCGGCTCGGAGACCTTCGGCCTGGCCGCCCTGGAGGCGATGGCCTGCGAGGTGCCCGTCGTGGCCAGCGACGTCGGCGGGCTGCCGGAGCTGGTCGTGCACGGGGAGACCGGGTTCCTCTGCCCGCTCGATGACGTCGACGCGTTCACCGAACACACCCGGACGCTCCTTCACGACGAGGACCAGCACGCCGAGATGGCCGCGGCGGCACGGAAGCGGGCGGTCGAGACCTTTGACATCGACCGCGTGGTGCCGCTGTACGAAGACTACTACGAGCGCGTCCGGTCGGGCACCGTTCACACCGGCGCCTAGACCGCGCCGACTACGCCCGGAGGGCCTCCTGCACGAAGGGATTCTGCGCGCGCTCCCGGCCGATGGTCGTTGCGGGGCCGTGGCCGGGATAAATCGTGACGTCGTCGCCGAGGGGGAGCAGCGTCTCGGTCACCGAATTTAGGAGCTGTGCACGGGACGTTTCCGGAAGGCCCTGCGTCCGGCCGATCGAGTTCTGGAACAGGACGTCTCCCGTGAGCGCCTGTCGGCCCGGGCGGTCGACGAAGGAGATGGAGTCGGGGGAATGGCCCGGCGTGTGCAACACCTCAAGGGTGACGTCGCCGAACGAGACGGTGTCTCCCTCCGCGAGATGGGCCGTGGGCACCGACGGCGGGTCGACCTCCACCCCGAACGCCGTGGCCTGCTCCTCCGCCCGCTCGATGAAGGGCACGGCGGCCTCGTGCGCCTTGAACCGCTGTCCAAACGCCTCCTCGAAGAACGTGCACCCGAAGATGTGATCCACGTGGGCGTGGGTGAGGAGCAGGTGCTGCACGTCAAGGCCCTGCTCCTCAATGACGGTCATCACCTGCTCGCATTCGGCCTCGGTCTCGCAACTCGCGTCGACGAGCACCGCCTCGCCCTGATCGTGGCAGAGATAGGCGTTCGTCATGAAGGAGCTGAACGTAAACGGCTCGACCTGCATCCGGATCGTGGGGGATGTTGGGAAAGAACTAGACGAATATCCTCAATTCCTCACGCCCTTCGAAGATCCAACGGCTGCCGGCCGGGCTCCGCCGAGGCCCGCCCCGAACATGCGATTTGCACCGGGCGTTTGTACGCTCCTTCAGCCGGGGACCTCCACGACGATACGCCTGCATGCTGCGCCGCCTCCACTGGATCGTACTGCGCCGGCTCCCGGGGCCCTTTTTCGGGTGGCTGGGCACGCTCATGTTTCTGCTGCTGATGCAGTTTTTGATTCGGTGGCTGCCCGAGATTGCGGGAAAAGGGATTCCCGTTTCCGTAATCGTCGAGCTAATCGCCTACAACCTGGCGTATATGGTGGTGCTGGCGGTGCCGATGTCGGTGCTGCTGGCCGCCCTGATGGCGTTCGG
NZ_CP030361.1_gap96	2895905	2897673	1768	CTCCCTCGGACACGTCGGAACCGATCGCCGCCGACAGCTCCGCGTCGAGATCGGCGTGGTCGGCGGGCTCCACGACCCACGTCAGGTTGTCGCGGTAGAGCAGCTGGGCCTCGGCGCCGTCCGGCAGCCGGCCCTCGAGGGTACGGGCGTCCCACGTGGCCCCCCGAAAGCGAATGCGTCCCGGGCTCTCGGGCCCCACCGCCTCGACAACCGTCACGGTCTCCCCCATCGCCTCCGCGTCCTCGTCGGTCATGGCCAGCGACACGTCGCCCTGCACGAAGCGCAGCATGAGGGGCCGCAGTGCAATCGTGAGGCCGGTCGACAGAAAGACCCACGTCACGACCGACGACAGGGGGTCGACCAGGAGGCCCAGCGCACGGAGCCCCCCCACCACCACGCCCCCAATGCCGAGGAAGAACGCGATGCCGCCCGGCACCACCGCCTCAATCAACATGAGGAGCGCGCCGCCGACGACGAAAGCCCAGGTGAGAAGGGTTGGGTCCAGGTCCATGGAGCAAGGAAGACCGTGTCTGTGAGTGCCCGCCCTTCGAAGCAATCGAAGACGTTTATCCCACGCGCGAGGGGGACAGAGGTTGCATCGGAAGAGGCCGTCCCCTCCGCACTTGCACTGCGCGAACCGATTCGTGTGCTTTCGGTTGATTGGACCGACGAGGCCCTTCCCTGTCTACCGACCCCGCATCGTGCCCCCGCCGGCCCCTGGTACCAACCGGTCGCCCCTTCTGCGCCCCCGCATCTTTGCCCACGTGCCGTCCGTGACGGCCGGCATGAGCACCCGACACGGGGGCGTGAGCGGCCCGCCCTACGACACCCTCAACCTGGGACGCCACGTGGGCGATACGGCCAGTTGTGTGGAAGAGAACCGGCGCCGGTTCTGTGCCTCCCTCCAGACCGACCCCGCCTGGCTGGCCACGGCCGGGCAGGTGCACGGGTCGACGGTCCGTGTGATCGACGCGCCGCGACACGAGCCCTTCTGCGACGGCCTCGTCACGACCACGCCCGGCCTCCTCCTCGCCATCGCCGTAGCCGACTGTGCGCCCGTGCTCCTGGCCGACCCGGACCACGAGGTCGTGGGGGCCTGCCACGCCGGGTGGCGGGGCACGGTCCGCCAAATCGCCGCCAAAACGGTCGCGGCCATGGCGGACTGCGGCGCGGTCCCGGCCCAGATTCGAGCGTACATGGGGCCGTGTCTGTCCCGGACGGCCTTCGAGGTGGGGCCGGAGGTCGCGGCCGAGTTCGACGACGCTGTGGTGGCACGCCCCCAAGGCGCCGATCGGCCGCACGTTGACCTCAAGGCCGCCCTCCGCCGCCAACTCGAAGCAGCGGGCGTGCCGGGCGACGCCATCGAGGCGTCGCCCCGCTGTACGCTGCAAGACGCGGACGACTTCTTCTCCTACCGCGCCGCCGACGGCCCTACCGGACGCATGTTCGGGGCCCTCGTGCTCCGGCATTGACGCTCCGGATTCTTCAGACCCGGCGCTACGTTCTGTGCCGCACGTCAGGACTCCGGAGAGCGTATTGCGCAACGTGCATTGCGTGAGTGCCGACTCCCGCCGCCCTGCATCTCCGCGTCCCCCATCCCCCCACGCCCTCCAGGCCCACACCAAGACGCCCTCTCGCCAACGTGCCCGTCCGTCCCTCCAGCTACACCGCCCCGACAGGCCTCGACGGGGGCCACCGACAGACCCTGTACGCGTCGCTGGTACGGCGCGTCGACTTTGAGTACGACTACCGCGAACGCATCGACACC
NZ_CP030361.1_gap97	2899734	2902428	2694	GAACGGGTAGTCGTCGTCCGGCCGCTTCGGATCAAGCACGGCCAATGCCTCCGGCAGCGTCTCCTTCGGCGTGTGGTGGTCCGCAATGATGAGGTCGAGCCCCAATTCCTGGGCGTAGGCCGCCTCCTCGTGGGCCGTGATGCCACAGTCGAGGGCCACGACCAGCGAGGCGCCGCGCTCGGCCGCCGCGTCGAGGCCCCGCCGGCAGAGCCCGTACCCGTCCTCGTAGCGGTCCGGGATAAAGAACGACACGTCCACGCCCCGGTCGCGAAGAAAGTCCGTGAAGAGCGCCGTGCCCGTCGTCCCGTCCACGTCATAGTCGCCGTACACCAGCACGGACGCCCCGTCGTCGATGGCCTCGGACAGGCGGGCCGCCGCCGCATCCATCCCCGCCATCCCAAGCGGGTCGTGCAGGGCCGACCGGTCGGCCCGGAAGAAGTGCTTCGCTTCCTCAAGGGTTGTGACCTCGCGCAGGGCTAGGGCACGGGCGAGGGGCGCGGGCAGGTCGTTGAGCTCGCGCTGCAGACGAGGCACCACGTCGGGCTCGTCGAGGGCACGCGGGGTCCATCGGTAGGTCATCAACAACAGGCTAAAGTGGCCAAACAAGACGCGTAACGGGGTTGGAATATATAAGACACACCAGAGCCCCCGTTGTAACGCGACGGACTGATTCCTCTTAAAAACAAGCGGACATGGAGAAATGGTGACATTTGGCGCCCGGTTCCGGACGGCGGTCAGCACGCGAACCCCCCTTCGCTCGTCCCAGACGGCTCGCGACGCGCTTCCCATTCTCCCGTTCCAGGCCTCATGCTCCCGTGAACCAACTGGGGAACCCGCCCGTAGCAGCGAGTCCGATTTGCCGTACGTACCGCCTTGAGTAGGCCTCTCCTGCCTTCCGGGGCCTCGGCCGCATCGCGTTGAACGGACAGGCGTCCCACTCCCTGTCCGAGCACTGACGGTCCGGATCGTCTGTTTCACGCCGGACCCAACTGATTTAGCTTCCTCGCCACCATGCCCCTCCGTTACGACGGCCCCTGCCATTGCCGCCCTTGCAAGCGCCCGACTCGTCGCGCTGTTCTCCCCCCCGGCAGGTCGTTTTCACCTCGGTCCCTTCGATAACCCATCGGGCCCGAGCGGCCCTTTTGACCCGTGAGCAACTCAATGAAAATCTCCACGCTGCAGGACAAGAAGCTCGATGAACTCCGCGAGATCGCGCGGGAGCTGGACCTCACCGGCTACTCCGACCTGCGAAAACAAGACCTCATTTACCGCATCCTCGAGGCGCAGGCCGAGGGGGCCGCGTCGGGGGAGGAGCCCGACCTCAACGAGACGGACCCCTCCTCCACGCCGGACAACGGCGCCGGGGAGACCGACCGCACGTCCTCCGATGCGTCCCAGACCCGGAGCTCCGGGAAGCCGGACTACATGCGCCGATACGACCCCAATCAGACGGAGCTCCGGGGGATGATCAAGAAGGCCGGTGTGCTCGAGATTCTCCCGGACGGCTACGGCTTTCTCCGCTCCGACGAGTACAGCTACCAGTCGAGCCCCGACGACATCTACGTCTCGCCGTCTCAGATCAAGCGCTTCGGCCTGCAGGAAGGCGACACGGTAGAGGGCCGCGTGCGTCCCCCAAAGGAAGGCGAAAAGTTCTTCGCCCTCATCCAGGTCGCGTCGATCAACGGCTGCGACCCGGGCGAGCTCGGCGAACGGGCCGACTTCGAGTTTCTGACCCCAATTTTCCCCGATGAGCGCTTTACGCTCGAGGTGGAGGCGGACAGCTATGGCCCGCGTATTCTCGACCTGTTCGCCCCGATCGGGAAGGGGCAGCGCGGCCTCATCGTCTCCCCCCCCAAGGCGGGCAAGACGGTGCTCCTGCAGAAGATCGCCCACGGCATTGCGACCAACCACCCCGACACCCACCTCCTGACCCTCCTCATCGACGAGCGTCCGGAGGAGGTCACCGACATGGACCGGACCGTGGAAGGGGAGGTCGTCGCCTCCACCTTCGACGAGGAGCCGGAGCGCCACGTGGAGGTGGCGGACACGGTGCTTCTGAAGGTGCGTCGCCTCGTGGAATCGGGACAGGACGTGTGCGTGCTGCTCGACTCGATTACACGCCTGGCGCGGGCCCACAACGCCGTGACGCCGGAGAAGGGACGCACGCTGTCCGGCGGCATCGAGGCCGGGGCGCTGCGCGGCCCGAAACGGTTCTTCGGCGCGGCCCGAAACGTTGAGGAGAGCGGGTCCCTCACCATCATCGGCACTGCCCTCATCGACACGGGCAGCCGCATGGACCAGGTCATCTTCGAGGAGTTCAAGGGCACCGGCAACATGGAGCTCGTTCTGGACCGCGAGATGGCCGACCGGCGCCTCTACCCGGCCATCGACCTCATTCTGTCCGGCACCCGTCGGGAGGAGGAACTGCTGCCCAAGCCGATGCTGAAGCGCGTCTGGGTCATGCGCAAAATTCTGGCCGACATGGAGCCGATCGAGGCCATGGAGTTCCTGCTCGACAAGATGAAGGACACAGCGGACAACGAGGAGTTCTTGGAGATGATGAATTAGAAATTCTGTTCGGCCGCCTCTTTCTTACCGGACGGAGTCCCCTCCGACTCTGCGTGTCGTTCCGTTTCCAGCTGCCCTTCCTCGCCCCCATGCGAACCGCCCTGCGCACCCTTGGACTCTCGCTTC
