gap_id	start	end	length	sequence
NZ_CP065383.1_gap1	15666	19232	3566	AAATTTGAAAAATGAAAGGACCTTGTTACCCATGTTTTCCTCCTTTATGAAGGAGTTTAAAGTGAACCAACTGTTTCGAAAATGCCATATGAACAAAAAGAAAGGGTTCCCAGTCAAAGACGTCTTTCAGATGATCTTTCTCCTAGTCTTTACTCAGAAAAACGTTGCTGGTCTTCTCCAATCTCGACATCCCCTTTTCCAAGGAAAGAAAGACACTCTTTACCGTTTCCTCCACAAGACCAGTGGGAGCTGGCGAAAATTGCTCTTTCTTTTGAGTACCAAAGTAGTCTCTGAAGCGCTCCTTCCTTTTACCAGTTTGAAACGCTACACCTGGGTGGTGGATGATTCCCCCTATGAACGGCCTCGGAGCTTGAAAGTTGAAGGGCTCTCTCGATTCTATGATCACGCCCAAGGACGGTTCAGTCGGGGTTTCAGAATGCTCACTTTAGGACTCACCGATGGTGCTACATTCATTCCCTTTGCTTTTTCATTGTTAAGTTCTCACCGCAAAGAAAACCAGCTCTGTCCCATGGATGCCTCCGTTGATGGGCGGAGCAAAAGAGCTCACCTTCGGAAAGAATCCCAAGAAAAAACTCCAGAAGTCTTCTTCAACCTACTGGATGGAGCCTTAAAACACTGTCCTTTGGTCTCAACTATTCTTTTTGATAGTTGGTTCAGTTTTCCAGCCCTCATCCGCAAATGTGCTCTTCGCGGATTATCAGTGGTGTGCATGCTCAAAAACACCCCAAAAATTTACTATTCTTTTGGTGGAAAAGTTCTTTCTCTTTCCTCTCTTTTCACCAGAATTCAGAAAAGACCACACGGCAATATCATTGGATCGGGTGTCGTGAATCTCAATCTCACTGGGAAACCACTTTTAGCTCGGATTGTCTTTGTCCGAAGTGAAAAACAAAAATCTCAATGGTTGGCACTGCTTTCAACTGATCTGTCTCTTTCTGAAGACGAGATCGTCACCCTCTATGGGAAACGCTGGGATATCGAGGTTTTCTTCAAGATGGTGAAATCGGTCTTGAAACTCACTCGGGAATTTCAGGTTCGATCCTATGATGCTCTGGTATCCCATACCAGTATCGTCTTTATCCGCTATATCATGCTCGCGGTTATTGCCCGGAGAAACACCGATCCCCGAACCTTTGGCGAGCTTTTCTATGCCTGCTATGATGAAATTCAGGATATCACTCTTATGGAAGCACTCACTCTTCTTCTTGAGCTCCTGAAGACGACCATCAAACAGATTCTTGTCCTTTCAGAAGAAAAAGTCAAAGAGCTACTCATCTATTTTGTAAATAGTCTTCCAGCATGGTTGAGAGAAAAAGTGCTATTATTGAACTGCGAAAGTTGAGTTAATTAAATCAAACGAGAAGAATAATTTAAATCTTCTCGACACTGCGCTGAGAGAGAACAGTTGAATGAGTAGCGAGAAAGGTATGTTAAAATGGAGCAATCCTATCTATAAAAACAGACAAAATGGTAAGCATCGAGAATACTAAGAAAGAAGAAAAAACTCTTATAAACGGTTCTGAAAACGGCTTCGGCACTTAAACCAAGAAGAAAATGATACAACTCATTATCCAAGAAGTGTGACTTAAAGAAGACAAATCGCTCTATATCAAACTTTTTAGCGGTAACTTATGTAAAACGACTGGTGCCGGGAGCGGGATTTGAACCCGCACGGGTTTACCCATACGCCCCTCAAACGTACGTGTCTGCCAAGTTCCACCATCCCGGCATGCGTGAGAAATTATAGCAAGGAATAAGACCTCAGTCAACGGAAAGGGATAAAAATTCGTATAGTTGTTCCACTGTCACTTTCCGACTGAACGGCTATCCGTCCTCCTCCCCGACGGACAGATTCCTTAACCAAATAGAGACCCATTCCTTGGCTCTTCCCACCGTTATAAGAAGAATATCCCAGAGGTTTAAAAATCAAATCTTTCATTTCTTCAGGAATTCCAGGGCCATTATCGGCAACTTCAAAAACCATTGAATTGTGTTGAATACGAAGAAAAATCGACAGAAAACCATCAGGCCGGTTAAAACGAATGGCATTAGAAATTAAATTGGAAGCTACGATATATAAATCTCCTTGGGAAAAACCCAACTCCCGTTCTCTATGCTCCTCAACTTCTTCGAAATTCGTTTGAACCCTAACTTGCCGGTCTTCAATTTCAGTTTGCCAAGACCGAAGGACTTGTTGAATCATATCCATGAAGTCTTGAATTTTAATTGGATTATTGGTTTCATTGGGCCGAGCTAAATGTCGAAGTTGAGCAGTTGTTTTTTCTAAACGCTCAACTTGAAAATCAATTTTTTGACAAATCTTCATTAATTCAGGTTCTTGAATTTCTTCCAACAATAACTGAGCATATCCTTTCAAGACCGTTAAGGGCGTTTTCATCTCGTGCCAAATGGCATGAGTTAGATATTTTTTTTCTTTCTCCTCCACTTCCTGGGCTTCAAGGTCGGTTAGAATAAAAAAACAATGAGCATCTCCAGCAATTCTCCGAATATTAATTTGCATGGTTCCTATCTCAACAGTTTGAGAATCTTCAGTCATTTTTGTTAAGAGCGAACCGAAAACCGGAAATTCATGGATTGATACTTCTCTTCCCTCATAGTTCTTTAGTCCGGTAAAACGAGCAAATGTGAAGTTATATTGAAAGACATCACGGTGATAATCCCAATAGGCTATAGCCAGAGATAAATGATCAAAAACCTGAAGATTGGTTTTTATCAATTGAATTAACTGATTTTGAAGTCGCTGACGTTCCTGAATTAAGTCTAAAATTAGATCTTGGTAATTTTGGTAGTTTCTTCTTAAACCCGATTTTTTTTTCAAAACAAGTAATGCTTCTCTTCTTTTTTTAACCAGTTCATATATAAAAAAACCAATGATAAAAGAGACAAAAGAAATAGCAATAATAATGGAAAGAAAATTTAAACTGGCAATCACGACGAAACAGCACGCTCCCTGTTATTTTTTATTCATCTGCTTTTCGAGCCGATAATGAATTGAATCATTATTTTATAGGAATAAAACCTTCTTCTGCAACAATCCTTTGCCCTTTATCACTGAAAATATAATTAATAAATTCTTGAGATACCCCTGCGGGAACCCTTGCTGTGTAGAGGAAAAGACCTCTGCTTAAAGGATAACTTCCGCTAATAACATTATCCCGGGTAGGTTCAACATTATCCAAAGTTAAGGCTTTTACCTGGGGAGTAAGATAACCAAAACCAACATAACCAATAGCATTCAAATTCCTGGAGACTTCATCAAGGATAGGACGATTCGAAGTTAATCTTAAAACTTGAGGTGCCATTTCCTCGTTGTCTAAAATATGATCGTTAAAGATTTCAAAAGTTCCGGAATTGGTATCTCGGGAGATGGCAACTAAAGGTCGATCATATCCTCCCAAATCCTCCCAATTATGAACAAACCCGGTATAAATTTTTTTAAGCGTATTGCTATCAAGCCGGTCAATTGGGTTGTTTTTTGCATGAACGATGATAGCAATAGCATCATAAGCAATGGTATATTCTTG
NZ_CP065383.1_gap2	23459	25930	2471	GCTTCTTCGGGAGAAACTTCACCGGCTACTGCCTTGGATACCCACTTGAGATAAAGGTCATTTAACGGTCTATGCATTGGCAGCGCAGGAGCACCCCTGAAGAGTGGGCCTTGTTCTTTGAGGAAGGTGAAATAATTACCCATCTGTGGATCTAATTCTTTGACAATAGGATCTTCAAAAGTGGAATTTCTCACTACTCTGGTTCCCAGTTTGGCAAATTCACCCTGCCACTCTTTACGAGCAACCCACTGAGCGAACAACCAAGCAGCTTCTTTGTTCTTTGAACTATGAGGGATACCCAATGCTCCACCATCATAGTATCCAATATAACCTGCACCTGATTTGGCATCGGCTAAAGCCTTTTCGGTGACTGGGGGCAATGCAACGCTAATTTTTCCAGCCACTTCCGACTGGGCCGGATCTGACCACCAACCGAGATTTTCAAGGTAGATAATCCCCTGGGCTACTTTACCGGCGCCAAAGGTTGCAGCAGTTTCATCCCAGGTATAGGTTTTAACTCCAGGAGGTGCATATTGCAGCATATCTACATACCATTTAAAGGCAGCCTTGGCTTCATCGCTATCAACTAAACCTCCATTGGCCTTGGTTGCACGCATATTTTCAAGATTTATACCCCAATTGTATATTCCCATTGCCGGCCAAAGAGTTTCAACAACTTCATAGGCAACACAAGGATGGGTCTTCGCTTGGGCAATATGACCAAAGAGTTCAATCCCTTTTTCTTTCCCATACTCGGTAAAGAATATCGCGATGTTGGTATAGTCATCCCAATTGGTCGGAACGGCTAAATCTTTGTTGTATTTTGCTTTATAGGCAGCTTGAATTTCAGGGTCTCCAAAGAGATCAGTTCGGTAAACGTAAGACTTTAAAAACGCTTCGAAAGGAATACCATATATATTCCCCTCGTCATCCTTAAAGTTATCGATGAAACTGGTAAAATCAGCTAAATCAAAATCCGGATCGGTAATAGCTGGATTATTAATAAAAGGAGTAAGGTTGGTTAACCAGTTTTGAGGAAGATATGAATAAACGATATCCTGTTCGACATAGACAAAATCATAAATACCCGATCCAGTCTGCATGTCCTGAATGGCTTTGTTGTACATTTCATCCCAGGAAGTTACTTCAAATACCACTTTAATCCCGGTCAGTTCTTCAAACTGAGGTGCGGCAACTTCCATCGCTGCCTTAGATGGCGGAGTGCTTTCTGAAACTCCCTTAATGGTTACTCCCTTATAGGGTTCGCCTGCCTTCTTCCACCAATCGGGATTAGTAACCATGGTTTCGGCAAAAGCTGTGGTGAAAAGAGTTAACACTAACAAGCTAACAAATAATACTAATGCTTTTTTCAATTAATTTCCCTCCTTTAAAAATATTTCTTGATAACGTTTGCACAACTTTACAAAAACAAACTTCTTTTCATTTTTTGGAAAAAATCACCTCCCTTAATTTACCAGATAGTATATCCTCCGTCCATCACCACTACACTTCCGGTGACAAACGACGCAGCGTTTGAAGCCAGGAACACACAGGGTCCCTTCATTTCTTCTGGCTTTCCAAAACGACCAAAAGGAACCAGCTTGGTCCAGGCTTCTGCATATTCAGGGTACTGAAGGAGAAGATCAGCAACCAGTTGAGTCTTCATGTAACCAGGAGCGATGCTATTCACTCTTACTCCATAAGGAGCCCATTCTGCTGCCAAAGATTTGGTTAGCATGATCACTCCACCCTTAGAAGTATTGTAGTGGGATTGGCATTGAGGAGTATTCACAATAAGGCCAGACATGGATGAGATGGTAATAATGCTCCCCTTCTTTTTCTCGATCATTCTTCTGCCAACTGATTGACAGCAAAAAAATGTTCCATTTAAATTAATATCCATTACCCGCTTCCAATCGGATTCGGGCATTTCTGCTGCCGGAACCCATTGACCCACACCGGCTGAAGTAACCAGGATGTCGATTTTCTGAAAATTTTTGATGACCTCATCCACCATATTTTCAACTAATGATTTTTGAGTCACATCGACATGAACAGCCATGGTTTCAATGCCATATTTCTCAAGGGATTGAGCAACTTTTTTGGCATTATCCAAATTTAAATCAGCTATAATCACATGGGCGCCGGCTTCAGCTAAACCAATCGCCATTTGTTCACCCAAACCTTGAGCGCCTCCGGTAACAACAGCTACTTCATCTTTTAGGCTAAAAAGTGATTGTGCAGTCACAAATAAATCCTCCTTGTGTGGATGTGTTCTGTTTTTGGTTGCTTTAAAAATGAAGATTTGGTCGGGGAGAGCGGATTTGAACCGCCGACCACTCGCACCCCAAGCGAGTGCGCTCCCATGCTGCGCTACTCCCCGATACTCCATCCCCTCATTCGGCTATGTTATATCAAACCATTTACTCTGTCAACAGAACAAATTGAATCATTTTAAGCTCTGAAAAGTG
NZ_CP065383.1_gap3	37689	38902	1213	TTCATATTGAAGAAATTGTAGTTTTAAATTGTTAAAGAAGTATTGAGGAAATATTAAAGTTTTTTAATATTTTAAAGAGACCGCAACATTCTTAAAATGTCGTTCCTTGATGTTATATCTTTAATTAAGAAAGTATCTTTAAAGGCTCGATTGAATCAATTTGTTGAAAATAGTTATGGTAATTTAAGAAGGGAACGAACATAAAAAGAATCTAAAAAGGAGGATTACCTGAAACAGGGAGAGAAGTTTTTCCCAATTCATTTAAAATTACAAAAAATTGATTTTTAAAAAACTTACACCATATTCAACCTTTTAAAAAGTAAATGAACTTTTTGGGCATCTTTTTCCCCGGGAGATGATTCAACTCCACTGTTCACATCAATTCCAAAAGGTGTGGTGATATCGAGACATTTTTGAATATTATCCGGTGAAAGGCCACCAGAGATAAGAAAAGGTTGCTTGAAACGTTCAATTCCCTTAAGAAGCTTCCATGAAAATGGTTGACCGGTTCCACCATTTTTTCCAGGAACAAAAGTGTCAAAAAGAAAATAGTCGGATACCGATTGATAATGTTCTATTTGAACTAAATCCAATTTATTACCAATTCGAAAAGCCCGAATAACTCCTCTCCCTAATTTAGCGCAAAAAGAGGGCTCTTCATTCCCATGAAGCTGGACCATTGAAAATCCACAATATTCCCTTATTTGCTTTACTGTCTGAATACTTTGATCCTGAAAAACTCCAACCGGAATGATTCGGTTTGGAAGATAAGAAATAAGTTTTTTGGCGAAATCCGGCTTTACATATCGTGGGCTTGTTTCTACCTGGATAAATCCTAAAGCCCAAACCGGATAGTTGATAAGAGCGAATATATCCTTAAGACGGGTTATTCCGCAAATTTTTACTTGAGGCATGTTTTTTAACTCCTTTTAACTCGCGAAGAGCTTCTCCTGGTTGAGAATGGAAAAGTAAATATTCACCAATTAAAAAATGGTTAATACCCAGGTCCATAAACTGTTGAAGATCTTCCCGACTTCGAATTCCGCTTTCACAAACGATCGTAATTTGATCTGGTATCTTAGGCAAAAGAGATTCAGTGGTATGAAGCGAAACCTCTAAGGAAGTAAGATTGCGATTGTTGATTCCAATAAAATTAGCTCGGGCTTCTATTGCCTTTTCAAGATCCTGCTGGTCATGTATTTCAACCAAAGGA
NZ_CP065383.1_gap4	40034	40815	781	TAATTTGAAATCCAAGAGCTTCTAAAAAATCGGCACTCCCACAATTGCTGGTAACCGATCGGTTGCCATGTTTAATGACTTTTAGTCCCATAGCATAAGCTAAAAGCGCTGACGCTGTTGATATGTTAAAGGTTCTTTTCCCATCGCCACCAGTGCCACAATTGTCTATCACCGTTATTTTTTGTGTAATCGGAAACGGAGTAGCTTTTGCTCTCATAGCAGAAGCAAATCCAGCAATTTCCTGTGGTGTTTCACCTTTTTGACTGTAAGCGAAAAGAATTGCTCCAATTTGAGAGGCAGAAAATTGATTTTCCATCAAATTCATCATCAACCGATAGGACTCTTCAAAATCATAATGCTGTTTTTCCATTAAATAATTGAGGATTTTTGGAGTTTCAGGATTTAACATATTGTATCTCCAAAAAATTGCTTAATATCATTTTTCCAAATGGAGTGAGAATTGACTCTGGATGAAATTGAACACCAAACACTAGGAAAATATTATGTTCCAAGGCCATGATTTCATGTTCACTTGACCAGGCGGTTACTCGTAATGAAGGAGGAATGCTTTCGGTTTGAACAATTAAAGAATGATAGCGACCAACTTCAATTTCTTCAGGAAGACCTTGAAACAATCGGGAAGAAGCGAGGTGAATCGAAGATTTTTTTCCGTGACAAGGTTTCTTCGCTTTAACTATTCGCGCTCCAAAAACGTACCCAATACATTGATGGCCAAAGACACACCCCTAATATAGGAATATTAGGTGCAAAACGACTAATA
NZ_CP065383.1_gap5	55276	57921	2645	TTGAATATTCCTTTGATTCTCAGGTAACGAATCATCATTCATATTTTTAATAATGTGATAACCACCTCTCGGACTCCATACCTCGTAATAATCAAGAAATCCTTCGAGAAAACAGTCGTAGTTTAGAGAAATTATAACGTCATTGTCCGAAAGGATATGAATAAACGGTAATAACCATCTAACTTTATCCAGAAATTTGGCATCAATCTGAAATCTAAAACGACTAAAATATTTTGCAATTTGTTCGTTAATGTCTTTCCGGTCATTTTCCGTAAAGCAACCAGTTTCATTATGAAGATCGAGATCGAATCGGGTTAAAAGTATTTCGATATCTGACAAACCATATTCTGACCAAATCCTCCCAAGTGGAGAATTATCTGGTTCTGGACCTACAACCTTTTCCAGGAAATCTTTATTCAATGGCGCATTATCGCAAATCGCTTTTGTAAAGCCTGCACCAATGATAAATAAATTTGAAATAGCCACGACCTCCCTGCTTATCTAACCCTTTGGTTTAGTGGCGATATAATCCATTGCTTAAAATAGTAATTATTAGATAAGCTATTTTTTTATATAATAGCATAATTCTCTTTTTACACTTTATAGTTCGAATTGAATCACTTTAAATTTTGATAAGCCCCTATCTATCGTTACCACGATAAAATAGTAATTTTTTATTTTTAGTCATCTGCGATAATTTATTGAAGTTTTTAATCTCCTAAACAAAGAACTTACTAGATGATCCTTTGCAGCTACAGAAATAATTAACCCGGGTACGATGACCCGGGTTATGGGGTAATTGCATCGGGAGTGATCCAACGAATCACTCCCTAGCAAAGAATAAATCTTTCTACTGCTCTATAATTTGAAAAAACTGCTACGTTTCATTGGTAACGATCTCTAGAAAGACCCTGGTAAGCTCTGGATCAAACTGTGTACCAGCTCCCCTTTTAATTTCTTCAATAGCCTCTTCTTTGCTCATTTTTTGTTTATAAGCACGACCAGAAATCATGACGTCATAGGCATCAACAATAGCAAGAATCCGGGATGATAGTGGAATGTCCTCTTTTTTTAACCCCCGAGGATATCCGGTTCCATCCCACCTTTCATGATGGGCAAGAATACCTTTGGCAATAAAGGCTAGGTCAGGAGATGATTGGGTGATTCGATACCCAACTTCCGGGTGCTGTCGAATGAGTTTCCACTCATCCAAAGAAAGCTCTGAATCCTTGGTTAAAATTGTTTGTGGTATGGCAACTTTCCCGATATCATGGAGAACGGCCAGCAAGCGAAGTTCGCTTCGTAACGAGCCGGTTAAATTTAATTTTTCGCACATCTTTTCACATAATGTTTGAAGTCTTACAGCGTGTAATTCGGTCTCTTCGCTCACCTCGATTAACGTCCTTTCCAGGGTGGCAATGACCGCCGATCGGTTACTTTGCTCGCTTATTAATTTCTGTTGATACATTTTATCTTCAGCTTGTTTGAGAATTAAATGAATATCTTGATTGTCGGTTATTTTCGTTTCAGATCCCAAAGCAATGCTGAGAGGGATTGGTTCTACCTGAGCATCACTAATGTTTATATTAATCCTGTCGATTATATTCTCGGCTTCCTGGTTGGAGGTATTGGGAAGGAGAATGACAAATTCATCTCCTCCATAGCGAGCAACGGTATCTCCCTGCCGGCAGGATACTTTTAAACATTTCGCAGTAATTTTAAGCATTCTATCTCCTTCATCGTGGCCAAACGCATCATTCACCAATTTAAGGCCATTCATATCTCCAATAATAATGCTCATCGGTAAGTATCTCGGATTATCGTATTTTTCCAGTTCATTTTCAAAATAGGCTCGATTGTATATACCGGTCAATGAATCATGAAAGGTTAAATATTTTATCTTTTCCTCGACTTTTTTTCTTTCGGTGATATCCCGCACAACACAATTTCCATATACTTTTCCATTTTTCCGATATGAATTACAATGACATTCAGTAACCATTTTATGACCATTCTTTGCTATAAAAGTGGTTTCAAAAAGGAGCTCGCTTTCAGCATGGTAAAGCTTGCTGAAAATATACTTCATCCTCTCCTGGTAGTTTTTATCGATTAATTCGTAGAAAGGTACTTTAAAAAGCTCTTCTCTCTCATACCCGAACATGTCACAGACGATTGAGTTTGCACTTAATATTTTTATCTCACCATAGACATCGCTTATCTCAAAAACGAATAATCCATCAACAATCGAATCAAATAAATAACGGTATTTTATTTCTTTCTGTTCAAGGGATTCCAGCAATTTAACAAGGTGAGCTTTTTGGTCTCGAGTTACATCCAACAATCGTCCCAAGGCAATACCGATGAAAAGATACAGGAATGTTCCCAGAATCATAAAAGAAGGATCAATTGTCCTGGGGCTTTTTGATATATAGAGTCCCAAGTTTATGATTGAGTAAGTTGCAGCGATCAAGCCTCCCGTTAACCCCCATACCATGGTTGATAAAAAAATTAAAATGGTTCCCATGATCCCTCTCTCGGGAATACCAAAATTAACAGATAAAAAGGGGATTAAGACTCCATAGGAGACAACTACGATAATGAATAATAACTTTTTATTTTTGTTCAAAATTCTAAAAAATGGGCCC
NZ_CP065383.1_gap6	76756	79778	3022	AAAGATCAAGGTTGGTTCCTTCTTCCTCCAACCGTTTTAACTCTTTTTCAACTTCTTCTTTTTCAGTCTCTAATCCTTTTAACTTTTTTAATCGCTGTTGAATAAGAAGATTAAAATATTCTTTACGCAGAGCAATAAATAATTTTTCCTCAGAAAGGTATTTTTCTTCCTGCCGTGCATGTTCAGCAACTTTTTCAATCTGTAGATTAAGCTCATTTTCCCTTTCTTTTAAACGAAATACTTTCTCACCAATTCGAATTAAAGAAGATTTCACCGATGAGAGTTTTTCTTTGACAGCATAAGTGCCGCTGGCCATTTCAAAGAGGGAAAATTTGTCACTGGGTCGAAATTCAAACAAAGTCTGGAGTTTGGTGTTATCAACTACTGCTACACCGATACTATCAACCAAAAAACCTATCTTCCGTAATTCTTCTTTTAAATCTTTTAAGCGAAGCCGATTTTGATTTAAAAAATACTCTGACTCTCCCGACGCAAAGATCCGCCTTCCAATAGAATAAGGAGAATTTTCGCTATCTGACCATTGGGTTTCAATAAAAGCCATTCCTAGCGGTTTTGCTCCGGCTGCTCCGTGAAAGATAACTTCTTTTCCCTGGGAAACTCTCATTTCCCGAAAATGATCTCCCAACACCCAGCGGAGAGCGTCAATGACATTACTTTTTCCTGAACCATTTGGACCAACAATAACATTTAAACCGGGGTGGAACTCAATGGTAATCGGATGGGCAAATGATTTAAAACCCTGAACATTTAAATGAGTTAAAAACATGGATTATCACGATGGTCATATTTTTCTTCAATGATTTTTTCCCACGCCTTACGCGCCGCTTCCTGCTCAGCCTTTTTTTTATTGGTGCCCTCACCAATGGCTAATTCCTTCTCATTAATCAAAACAGCGATACGATAATTCTTTCGATCCAAAGATTCTTCAATTACTTGATAAAATGGGAGAGTTTCGTGTTCCTTAAGTGACCAGGTTTGTAAGAGGCTTTTATAATTAACCGAAAGGAAAACCAATTCAAGGCCGCCTTCAGAAGAAAAAATGGTATCTAATACATTCTTTGTCATATCAAAAGATTTTGAATCCAAATATACTGCACCAACCAAGGCTTCCAGCGCGCTGGAAATGATCGAACTTTTTTCCCGTCCTCGACCCTTTTCTTCTCCTTTCCCGAGAAGGATAAATCGTTCCAAGTGTATATTACGAGCTACCTGAGCCAAGCTTTCTTCGCTCGCCCATTTCGCTTTCATTGCAGAAAGCCAGCTTCGTGGTTTTTCGTACTGAGAAAAAAGGTAGTCGGCAATATATAAACCGACTACCGCATCACCTAACCACTCAAGCTTATCATTGCAATGCCCTTCTTTCCCTTCTAACGCCGACTTGTGTAATAAGGCGGTTTTTAAAAGAGAACGATTTTCAAAATGATATCCAATCCGACGTTCAAGTTCGATAAGTTCGGCTTCATTAAAAGGCATTGTCAATTCTGTAATTAGCTTAATTTTGATTCAATGTACTCAATTGCTTCTTGTACGGAAGTAATCTTTTCGGCATCTTCATCAGGAATTTCTATATCAAATTCTTCTTCAAATGCCATAATGAGCTCAACGATATCAAGAGAATCAGCACCCAGATCATCAATAAAGGAAGCATCTGGTGCAACATCATCTTCTTCAATACCGAGCTGATCAACAATTATTTCTTTAACTTTGGAATAAACATCCATTTCCAGCACCTCCAACCATTCAATTAGTTTTAATACATCACCATACCACCGTTAATATGAAGCGTTTGACCGGTAATATAAGCGGCGGCTTGTGATGAAAGAAAGGCAACGGCCTCAGCTATTTCTTCTGGTTGTCCTAATCGCCCAACCGGTATTTGATTGATCCACCCTTCCTTAATTGCTTCAGGTAAATTCCGGGTCATATCAGTATCAAAAAAACCAGGTGCAATTGCATTAACGGTGATTCCACGGGATGCAATTTCTCGGGCAAGTGATTTGGTAAAACCAATGATAGCTGCTTTGGCGGATGAGTAATTTACCTGTCCGGCATTTCCAATTACCCCCACCACTGAAGAAATATTAATGATCCGACCATACCTCCTTTTTACCATGGACTTCAAAACACTTTTGGTGCATTGATATGTACCTTGAAGACAAACATTGAGCACCAGGTGCCAATCTTCATCTTTCATCCTTAATAGGGCCGCATCTCTGGTTAAACCAGCATTATTCACCAAGATATCAATGTGACCCCATCTTTCTAAAACATCCTGTACCATTTTATCAATTTGTTCTTTGTTGGTTACATCAACCCGATAGGAAAAGGAATCAATACCATTTGATTGTAAATGATCTATCGTTTTTGAGAGTTCCGACTCCGGCAAAACATCACAGATTATGGGAGTTGCTCCATAACCACCTAATATTTTCGCCGTAGCAAAACCAATTCCTCTTCCAGCTCCGGTGATTATAGCAATTTGGTTTCTTAAGTCAACCATTTATGACGCCTCTTTCATCCATTCATTTAAAACTGATGCTGATTGAATTGAACGAGTCTCAACCTGACCGTATTCCCGTTTGAACAACTTTGATAACACATTTCCCGGTCCAATTTCAACAAATCTCCGATAACCATCTTGGTAAAGTCGATCCATTATATCTTTCCATTTTACTGGGGAAACCATTTGTTGGTTCAGTAATTCTCGTATTTTTTCTGGATCGTTTAAATAATCGGCAGTAACATTACTTAAAAACCTTACCTGAGGTTGAGCTATGGAAATTTGTGACAAAATAGTTTGAAATTCATGGGCGGCTTCCCTCATAAAAGAAGAATGAAAGGGAGCACTAACTCGCAACTCAATAATTTTTTTTGCCCCTCGCGATTTGGCATTTTCCATTACCGAAGGAACCAGGGTTTTTTCCAAGGAAAAAACCACTTGCTCTGAAGAATTATAATTGGCTATTTCAATCTTTCCGTTGTGTGAGAGTTCCTCTATCAG
NZ_CP065383.1_gap7	108503	109454	951	AGATTCGCCATTCCCATTTCATAAGAGCCGGGAAAACACCCAACAAAAAGATACTTCCCCATCTTGTTGTTGAGGGATAAGCCCCGTTCAATGTTTTTCAAATGGGTGACATCCAAAATCATTTCATTTTTTTTCTCATAAAAGCAGGCACGTCCAAGTCATCGAAGGTAAAAGAATCAGCGACCTCTCCTTGAAATATCTCCTGCGTCTCCTCACTATCCTTTTCTCCACCATGATCAAATCCAGTGGCAATCAGAGTAATTTTTAATTCGTCTTTGATGTTTTTATCTATAACAGCACCAAAAATTATATTGGTCTCTTCCGAGGCAGCACTACAAATAATCTCCGCTGCTTTATGTATTTCCAGGATTCCCAAATTCGGTCCTCCCGTTACATTAAAGAGTATGCCTTTGGCCCCCTTAAAAGATGTTTCCAAAAGCGGGCTGGATATTGCCACTTTTGCTGCTTCAGTCGCTTTATTTTCTCCGCTAGCTTTCCCGATACCCATTAAAGAAGTGCCAGCATTGGCCATTATCGTCCGGATATCAGCAAAATCTAAATTGATAATGCCCGGAACATTGATTAAATCAGAAATGCTCTGTACTCCCTGGAGAAGAATATCATCTACCATCTGAAAAGCTTCGACAATTGAGGTCGTTTTCTCGGTAACTTGAAGCAAGCGGTCATTGGGAATAACAATCAGAGCATCCACTACTTTTCTGAGTTGCTCTATCCCCTCTTCAGCTTGACGGTTTCTTTTCCGTCCTTCAAAAGAAAAGGGTTTGGTAACAACTGCAATCGTTAATATTCCTAACTCGCGAGCAATGTTCGCTACCACTGGAGCTCCACCGGTTCCGGTTCCACCGCCCATACCAGCCGTTACAAAAACCATATCGGTATTTTCCAACGCTTCGTAAATTTTATTTCTATCTTCTTCGGCAGCTCTTCGAC
NZ_CP065383.1_gap8	111238	113611	2373	TTTTAATCGAATCATTTTCGAGGGATGGAACATAAAGAGAAATTAAAAGATCGGGGTTGTCAGATGGGGTATTTACTCTTACCCCTTGATCATCGACATAAAACCAGGTATCTCCAACCACAACTTTTGCCAAGGGAGCTCTTTCCACAATCTCGATTCGAATTAAATGAGGAAAAACCTTTTGAACTCTTACGCTTTTTACGTCGTTAATTTTTTTGATCCGGTTTTCAATTTCCCAAGTTCTTAAACCAAAAATACTCTGTCCAATTTGAATACCCGAGGCGCTTTCGATATATTTTACCGATATGCTCCGATTACCGCTCACCTCAATTTGGTTTACTGCAAACAAATTCCCTCTCATGAAGAGGCTAAAAACCAACCAGGCGATAACTCCCAGAACTAGATAAAAAAAAAGAGTTTCAAAAAAAATTGTGACTTATAATATTTCATTGCCATACCTCGATTTCATTTTCCAGAAAAATATTTCTTTCTCGTTGTACTTCTTGGCGAATCCAATCTATCAGTACCATTACATCTCGAGCTTTCGCCGCTCCACGATTGATTATAAAATTGGAATGTTTCTCAGAAATTTGGGCGAAACCGGTTCTTAACCCCTTGAATCCCATTTGATCGATGATTTTAGCCGCATAGTCACCAGGTGGATTTTTAAATACACAACCGGCCGACGGCCAACCCACCGGCTGAAATTGCTTACGGAGGAGGCTATTTCGACGAATATTATTCTTAATATTTTCGGTTTTATCGGGAAAAAGCTGAAAAATGACTTTCAAAATCGTCAACCTATCTTTCTTTAATGATGACCCTCGATAAAAAAAATCCACCTTATTCCTTTCCAACCACTCTATATTACCATTATTATCCATGACTAAGATTTCTTGGATTAAATTTTTGATTTCCTGTCCGAAACAACCGGCATTAATCCGCACCGCTCCTCCCACCGTTCCCGGAATACCAACGAGAAATTCAAATCCTCCCATACTGTGGCATAGAGCAAAACTCACTAAATGCGAAAGAGGAACTCCGGCTCCACTTTCAATACGATGGTTTCCAATACATTTCATTTCAGCATATTCGCCAGCAAGACGAACCACCACTCCTGGAAAACCTTGATCATGAACCAGAATATTTGATCCTCGTCCCAGAATTTTCCAGGGACAGTTTAAATCCTGCATTTTTAAAATTAATTTCGGGAAAACCACACCTCTTAAAACATCAACTAAAGCGACTACCCGACCACCAATTTTCCAGGTCGTATAAAGCTTCATTTCAGCCTGTGGTATTACAATCAAGTCCGAAGAACCGGCATACTCTTTCTCAACTGATTTCCATTTTTCCTGCACATACTGTCGGCTACCTTCCATACATCTCCGGCCCCCATGGTAATCAAAATATTTCCTGGACCTATCAGATTCTCGGTAATGTCAAGAGCTTCATCTATGGTTGAAACCATATGAACACCATCATAACCGGCTTTTTTTAACTCATCATAAATTAAACTTGAGGTAATGCCTTCAATCGGCTTTTCACCAGCCGAATAAATGGGAAAGAGGATAACTTGATGGGCTTTCTTTAGTATTTCAGCCATTTCTCTATAAAGACGCTTGGTTCTGGTATACCGATGAGGTTGAAAAACAACAATCACCTTGCCTAATGTCCGGCTCAGCGCTGTTCTCAATACTACACTCATTTCAGTTGGATGGTGAGCATAATCGTCAACCACCAGGGTTCCATCAATATAACCAATTCGCTCATAACGTCTCTTCACTCCTTTAAACATCTCTAAAGCACTGGCAATTGATTTTTTATCAATTCCCAGCTTTACCCCAACCGCTACACAGGCTAAGGAATTAATAACGTTATGGAGCCCAGGAATATTCAAGATAAAAGAACCTAAGTTCTGGTTGAGATAGGTCACTCGAAACAAAGACCCTTCCGCCCTTTCTTCAACCATCGATCCGTGAACATCAACTCTATCATTGATCATTCCATAAGTCATTAAATTAGTCTGGGGGTGTTGGTTGAACATTGCCTGTACATTAGGGTGGTCTCCGCAGGCTACTATAAATCCCCCCTCTTTAACACCATTAGTAAAGGAAACAAAAGCATTCATTTCATTTTCTTGACTTCCGTAATATTCCAAATGGTCATCTTCGATATTGGTTATCACCGCGCAGTAGGGGCTGAGCCTTAAAAAAGATCCGTCACTCTCGTCAGCTTCGGATACAAAATATTCTCCATCACCAAAGCGAGCGTTCCCCCCGATATCTTCGACTTCTCCACCTACCAAGACCGTAGGATCCAGGCCGGCGACTTCCAACAAGAGTGAAATCATCGAGGTCGTAGTGGTTTTTC
NZ_CP065383.1_gap9	118101	119319	1218	GATGGTAATCTGAGTTGGGATCCAATCCATAGCCAGCCAAAGAATTATTCCGGCAAGGACAATCTGGAACAAAAACTTATAACGAGCTTTTATTCCCCAGGGTTTCTCCAAATAGCTCTTATACCAGTCATCAACCAACCCTAAAAGGGTATAGCCGGTAAGGAGTATTATTGGGAGTAGATTGTCTAACCAATACCGTTTTCCAACTCCAAATACCACCAAAAGGGCTGTAAAAATGACTACACCGCCCATGCTGGGAGTATTCTCTTTGTGAAGATGGAGATTAGGTCCTTCTTTCTTTATTTTTTGACCAAGATGGCGTTGCTGCTGCCATCGAATAAACAGCGGAAAAAAAACCATTCCAATTCCAAAAGCCAAAAGAAAAGCAAAGAATAGATTATTGGGAATAATTCCAGGTTTCATGCTCGATCCACTCCGTCGGTATGGCTTCTTCTAATTTCATTGCTCTTGACCCTTTAAATAAAACAATAAGTCGAGAAAAAGGGAAAGGAATTTGATCGAGAAGAATTTTTTTGATTTCTTCATGGGAAGAAGCCAAATAATATTCTCCGTCCACCGAGTTTTTCGATAACACCTTTTCAGCTGCCCCATGCATCAAGGAACCATAAAGAATGACATTCTTGATATTGTGTTCTTCCAAAGAACGGATACTTTCTTGATGAACTGCCTCGGAAAAACTCCCCATCTCCAGCATATCTCCCAAAACCACCCAGGTTTGATACCCTTGATGGTTGAATCTTTTCAATAAATTGAGAGCTTTATGCAAAGAAATTGGATTGGCATTATAGCTGTCGTCGATCACGTACCCCTCTCCGACATGATAGATCTTTTCTCTTCCCTCAGGAAGGAGAATTTCATTCAGAACCATTTGGATTTCCTCCTCTTGGATGCCCAGTTGGAATGCTTGATGAAGGACTGGAAGGAGTAAGATGATCAGTTCCGGCGAAAAAATCGGAGCTTGGAACCGATAAACTTGACCCTCACACTGGAAACGGAATCTGGTAATACCTTCGGTTGGATTCAATTGATAATCAAGAAGTGAGAGTTGTGAGGTGATATGATTTTGAAGGCCGAAAAGAATGACTTCCTTTCCCTGATGGGAAAAATCCTCTTTGAGTTTTAAGGCATAAATATTATCCCCGTTTAAATAAATCGTTTTGGCATTTTCAGCCAGTAAAATTTTTTCTTGAATAATAG
NZ_CP065383.1_gap10	242235	246478	4243	CCTTGATCCTTTAGCTGGTACCTGGGATAAAAAAGAAGTCAATGAATTTCTTTCATCAATAAAAGATTTTGAAAAAATTGAAAAAGAGCTTTGGGAATGAATATTCTCATTGATACAAATGCCTACGCTTCTTTTAAATACGGTGAGGAAACTACAGTTGCAATTCTTCAGAAAGCTGAGCTTATCGGATTGAGTGTGATTGTCATTGGCGAGCTTTTATCTGGGTTTCGTCTGGGAAAGTATGAAAAACAGAATTGTAAAGAGTTGAATGATTTTATTGCATCTACACGAGTGAGAATTTTATTCATTGATGAAAATACCACATATTATTATTCTATGATTTACCACCAACTCAAAGAAAAAGGGAAACCTATCCCTACCAATGATTTGTGGATAGCGGCAACAGCTTTCCAAAATGGTCTTCCAATATTTACTTATGATCGTCATTTTTCAGAAATTGACGGTTTATTAGTGATCAATTCACCAGAATTATTAATTTAATATAACTTATTGCCAATTAGTTGGAAAAAATAGAATCCCTTTCATTCTCCCTATAGCCAAAGGGAGAGGTTGATAAATAGGGAATTTATTTGCAACTGTATTCACAGGATAGATGTTCATGCTATTTTTGTGGCACCAGATGATGAGAAACCAAGACTCGACATGCCATGGCATGCCGCTACATTAAATTAAAAACCGGGTACAATAAATTTTCGCCAATGCGATATTTAAATTCTTTTGTAGAGAATTGATTTATCAAGTCCATGGATTTACAAATTAGATTTTCCATCAGAGCAAAAGGAGGATTTCTCATTAAAAAATTGAGAGTTTAAAATCTTATAGTATATAATCATTATGTATATTAGGAATGAAATGTAAAAAATCCTTGGCTTAATAAATAAACTTTACGGGTACAAACCAAACAATAAACTGGGGATATACATGGAGATTGATATCCGAACTCTCTCTTTAGTAAATAGCATCACTGCGGTTATTCAAGTCATTGCTTTAACCCTTCAATATATTCTGGTAAAAACCTACCGAGGGATTGGTTGGTGGCTAATAGGATTTTTAATGTTCGCTTTAGGATTCCTATTCGCTCCCCTTCGCGATATCAGTCAAATCAGTCAAATCAGTCAAATCTCAATTTTTTTTCATAATTTAACTCTTATATTAGGAATCGTTTTTTTATATATTGGTTTACTTCGTTTCTTGAATTTAAAAGAAAATAAAAAAATTATCATCTTTATTTTGGTTTCTTATATTTTTCTTTTTACCTTTTTTCTTTATATCCAAGATGACATAACAGCGCGAACGGTTATTTTTTCATCTTTTTCTGCTTTACTCATGTTTTCTATTTCTTTTCGTCTATTAAAAAACCTGGATAAATCCTTAAAAACTTCACAGCTTTTCGTTATGACAATTTTCTTTATACAAGGATGTTTTCTTCTCTTTCGAACCTTTGCCGTTATAACTATTTCACCAGTTTCTGATTTTTTTGCTCCAACCCTTACCCAATCATTAACCTTCCTTTCTTATATCATCATTGGTAATCTCTTCACTTTTGGTTTTATCATAATGGTAAACCAGCGGTTAAACATTGATATGAAAGAAGCCAAAGAACATTTTGAACTTATTTTTAATACCAGTCCTGATGCGGCAATTATTTCCCGTATCGATAATGGAAAAATAGTTAGTGTAAACAACGGCTTCACTAATCTTACCGATTATAATCGCGAGGAAATTATAGGAAAATCAATTCATAAACTTAACATCTGGAAAAACCTAGCTGATCGTCGAAAATTAATTGATGAGGTCTTGAAAAATGGTTTTTGCAATAATTTTGAGTCTGAGTTTTTGAAAAAAGATGGTACTCAAATATTTGGTATCGTATCAGCCAAAACTATGATCCTTCATAGTATCCCCCACATTTTGAGTGTTACTCGTGATATTACCATTCGAAAAAATGCTTTAGAAGCTTTGAAAAAAAGCGAAGAACGTTACCATTCTCTCTTTGAAAATATGATTGATGGATATGCTTATTGTGAAATGGTATATGGCAAACAGAATCAACCAGTTGATTTTATCTATCTCGAAGTAAATAAAGCATTTGAACGCTTAACCGGTCTTCAAAACGTTGCAGGTAAACCGGTTAGTGAAGTAATTCCAGGAATCTTGGATATGAATCCTGAATTATTAGATACTTATAGTCGAGTCGCTCTAAGTGGAGAATCAGAAAGTTTTGAGGTTTTCTTTAAACCTTTGAATATTTGGTTGGACATATCGGTTTACAGCCCTTCAAAAAATTATTTTGTTGCAGTCTTCGAAAATATCACCGATCGGAAAAAAGCCGAGGAAGAATTGCAATATCTTGCTTCAATTGACGGATTAACCGGTATTTATAACCGCCTCTTTTTTATTAAAGCTTGTGAAAACGAATTAATCCGGTTTCATCGTTACGGAAAAACCTTTACGTTTTTAATGATGGACATCGATAACTTTAAATCTATCAACGATCAATATGGCCATCTCTCTGGAGACCAGGTTTTACAATCCTTCGTTAAAACCATCGGAAAAGAAATCCGCAATGTTGACACATTGGGAAGATTGGGTGGAGAAGAATTTGGAATATTATTCATAGAAACTACGGTTAAAGAAGGCTTAAAAACCGCCAAAAGAATCCAGAATGCTTTAGAAAATACCGAAATACAACTTAACTCCGATCAAAGTATAACCACCAAAGTCAGTATGGGTCTTACTGAGGTTAATTCTGAAGACACCAATTTTGATTCGATTATTTCCCGGGCAGATCAAGCTCTTTATAAAGCAAAAAAATTAGGGAAAAACCGTATTGAGGTTTCTGAATGAATTTTGTGCTGAAAAGCTGAATGGGATGTCTATCCTGAAAATACCATCTTATAAATTCCCCCATTGAGGGGGGATAAAGGGGGGTGTGCCTTTAATCGGTCATCCTGAGCCCTCGCTTTTTGAGGGCGTGAGGATCTCATCTTTTAAGTTTTTTCTTCATAAATACTTTAAATGATGAGATTCTTACGTCGTCCGGCAAAAACACCGGACTCCTCAGAATGACTAAGTGGATGGTAGAGATTGCCACGTCGCACAAGACGCTCCTCGCAATGACGGATTTAGATAGGTATTTTCATCCTCATCTGGTGCTGCGAAAGCAGCATGAAGGTCTATCCTGAAAATACCATCAAATGAATTCTTTAATCCGTCATCCTGAGGATTCGCTTTGCGAATCCGTGAGGATCTCATCCTTTAATTATTTTTTAAAAAAATTTTCTCAATGAGATTGCCACGTCGCTGTGCTCTTCGCAATGACCGAGCAGGAATAAATTCAAATCCCCCTAACCCCCTTTGCTAAAGGGGGAAACGATTCCTGGGTAAGTATTTTCATCATCAATTGGTGCTTCGAAAGCAGCATGAAAGTCTATTCTGCTGTTCAACAGTCCAGGAGGAAACCCCTCCTTAAAGTTTAACTCCTTTTTATTTAATATTTTCCTTAGGAAAAACCAACCATTAACATGTCAACGATATTTTTAATCTTTGGATTTTCATATTCTTCAATCTTTCCAGCGTCGCAATACTCTGAAAGAACGGGATCAATTGGAAGTTCACCCAAAAATGGAATCTGCAGCTGAGTGCTGATATCCTTGCCTTTGGGTTGTCCAAAAGGATAAATAATTTCCTGACATTTTGGACATTGAATGAAACTCATATTTTCCACCAATCCTAACACCGGCTTTTGGAGTTGTTGAACCATATGAATGGCTTTTTTTACAATCATAAAAGCTAAATCTTGAGGCGAAGAAACAATCACAGCTCCATCCAACGGCATACTCTGCAGAACAGTGAGTGGAACATCACCAGTTCCCGGGGGCATATCAAGGATAAGAAAATCCAAATCAGACCAAAGAACCTCATTCCAAAAGTCCTGGATGGCTTTGCTTAAGAGTGGGCCACGCCAAATCACTGGTTGATCTGGTCTCTCCAGCAGAAGGTTGATAGAGATAACTTGTATTTTATATTTTTCAGTTTCTACTGGAAATATTCCGGCTTCATTTATAGTTGGCCGTATATTAACGATCCCAAACATAGTTGGAACACTAGGTCCGGTTATATCGGCATCCATGATTCCAACCTTAAGCCCTCTTCGGGCCATTTCTACTGTTAACAACGCCGAAACTGAGCTTTTCCCGACTCCTCCCTTACCGCTCATAAC
NZ_CP065383.1_gap11	256429	261261	4832	CGGTCATATATCTGATTTTCGCAGCTTGATTGATAATTTGATCCATTGCAATCGTTGTAAAATCTATAAACATAAACTCTACAACGGGTTTCATATCTAACAAAGCTGCTCCAACAGCAATTCCAGCTATTCCGGCTTCGGAAAGTGGACTATTTCTCACCCTTTCAGAACCAAATTCTTTTACTAAGTTTTTGGTTACTCCAAAAGCCCCACCGTGCAAACCAATATCTTCGCCCATAAGAAACACTTTTTCATCACGAATCATTTCTTCACGAAGCGCTTCATTCAATGCTTGCGAAAAGGTAATTTCTCTCATAGTTCTCCTTCTTTCACAAAAATATCGGTTAGTAATTCTTCTTTTGGCGGCTCCGGACTATCAAAAGCGAATTGAACCGCCTGATCAATTTCTTTTCGTATTTGGCTTCTCATTTGGTCAATGATATCCTGAGTTAAAATATTTCGGTCAAGTAAATCTCTTTCCATTCTTAACAGCGGATCTTTTTGCTTCCACTGTTCCACTTCTTTACTGGATCGGTAAACTTCAGGATCTCCAATATCATGACCTTCGTGTCGATAGGTTTTAGCCTCGATTAATATCGGTCCACCATTTTGCCGGATCTTTTCTACCGCTGTTTTTGTCGTCTCATAAACCTGGAAAAAGTCGTTACCATCGATGGTTATTCCTGAAAATCCATACCCTTCAGCTCTTTTTGCAATATCATCCAATCGACAAACATCACGGATACAGGTACTAATGCCATAAAGATTGTTTTCGCAAATAAATAAAACTGGAAGCTTCCAGATTGAAGCCATGTTCATCGCCTCATGAACCGAACCTTGATTGGTAGCAGCATCGCCAAAGAAACAGGCAACTATTTGGTTACTTTTTTGAAGATGAAGTGCATATCCGGCACCAACGGCAATGGGTGTTCCAGCGCCGACTATCCCGTTAGCTCCTAATATCCCCAAGCTCATATCGGTAATATGCATTGATCCGCCCTTCCCTTTGCAATAACCGGTGCTTTTCCCCAATAGCTCAGCCATCATTTTTTTAACATCGCCACCTTTAGCGATACAATGTCCGTGGCCACGATGGGTACTGGTTATATAATCATCTTTTTGAAGTGCCGAACATACTCCAACTGCAATAGCCTCTTCTCCTAAATACAAATGAACTGGTCCACGAATATAGTTTTTAAGAAATAAATCGAGGACTTTAGATTCAAATAATCGTATTCGAAGCATATTTCGATAGGCATCGATATAAAGTTTTTCTTCCTTAGATAATGACACAATAAAGCCTCCCCAGGTAATTTTCTTTCCTAGAATACAATTTCAACCAAATTCCCTTTATATCCATCTCTCCCTTTGGATAAAGGGAGATAGTTCGGGAATCGATTCGTTACCATTAAATTCAAATCCCCCTTGCCCTCTTTTCTAAAGGAGAAGGTTGATTCTTTAGTATATTTTCATTGTCATCCGATGCTGCTAGGCAGCATGAAGGTCTATCCTGAAAATACCATCTTATAAACTCCCCCATTGAGGGGGGATAAAGGGGGGTGTGCCTTTAATCGGTCATCCTGAGCCCTCGCTTTTTGAGGGCGTGAGGATCTCATCTTTTAAGTTTTTTCTTCATAAATACTTTAAATGATGAGATTCTTACGTCGTCCGGCAAAAACACCGGACTCCTCAGAATGACTAAGTGGATGGTAGAGATTGCCACGTCGCACAAGACGCTCCTCGCAATGACGGAGCGGGCGGGTGAGATTGCCACGTCGCATAGGACGCTCCTCGCAATGACGGAGCAGAAAAAAACTCAAATCTCCCTACCCCTTTGCTAAGGGGGGGGAGATTGGTTCTTGAGTATATATTTTCATCCTCATTTGATGTTGCAAAGCAACATAAGGGCTACCCTGAAAAATCACGGGCATGATAAATCAAGCCCCTACCAAAGAATATAACATTGCAGGGCACAATGTATTGTGCCCATTCTTTAATTCATGTAGCGACATGCCATGGCATGTCGAATCTTGGTTTTTCATCCTCATCTGGTACTGTTAGGCAGCATGACCGTCTATCCAATAAAATAGTGAGAAGCGAATTGTCTAAATTTCCCTCTTATCCCAAATTTCTCCCATCAGGGGAGAAGGAACTCTGAATCATCATTGCGATAGGCAAAACGAGATAGCAATTGCCTCATTAAACTATCCTTTAATGCCTGTCATCGATATTCCTTCTATAAATTTCCTTTGCAAAAATAAAAAGGCAATAATAGTCGGTAAAGATGCGATAATAGATGTTGCCATGATTAAACCATACTCTCTTGCCTCCGCTCCCTCGCTCACTCCCGACATAACACTCGATAACCCGACCGGCAAAGTTATCGAGCTATTACTTTGGGCAATAACCAAAGGCCAGAAAAAATTATTCCAAGAATTGGCTAAAGTTAAAATAACCAGCACGGTTATTGCCGGTATTGAGAGAGGAACAACAACCTTCCAGATCGTAGTCCATTGACTAGCTCCATCAATTTTGGCAGCTTCGTTCAGCTCTCTTGGGATACTTCTAAAAAACTGGGTAAGCAAAAATACCCCTATGGCTTCGGCTGCTTGAGGAAGGATAATCCCGGTTTTGGTATCGATGAGATTCATCCAACGGGTTAACTTATACATAGGAACGGCTGTTGAATAAATGGGAACCATTATGGTAATAAGAACCAGAGCAAAAAGGAAATTTTTCCCTTTAAATTCCATTTTGGCAAAGGCATAAGCAATGAGGATATCACAAAATAAAGTTAGAACAAGAGTAAAGACCGCCGTTACTGCGCTGTTATTCAACCAATTAAACAAAGGCAATAACTCAAAAGCACGTTTATAATTGTCAAGGGTTAATGTATTTGGAATCCAACGTACTTGGCTTTCAAATACCTCCCATTTGGGCTTTAGGGATGTTGAAACCATCCACAAAGTGGGAGCCAGAGCAATAAGAATTAAAACAATCATGACCAAATAGAGAATTACTTTCATCGGTATCGGCGTAGATCTTTTAAGCTTTTCCTGCAACTGGGCTCACCTCTTAATAAACATGATTAATATTAACTCAAAGTCTGTTTATTCACCCTAAATATCCCCATTGAAATAAGGAAAATAACTATAAATAAAACAACACTAATGGTTGAGGAATACCCTAATTTAAACAAACGAAAACCGTTAATGTAAAGATGTTGGACAAGAACCAGAGTGCTGTATCGTGGTCCTCCTCCGGTCATCGTATAAACCTGACCAAAAACTTGTAAAGAATAAATGATGGTAGTAAGAACCACAAAAAAAGTAGTTGACCGAAGACAGGGAATAATAACATGAATTAATCTTCGAAAGGAGCCTGCTCCATCGATTTCGGCAGCTTCCATTAATTCTCGGGGAACATCTTGAAGCCCTGCCAGAAATATCACTGTATTGTATCCAATCGTCCACCAGACCGAAGCCATTACAACTCCCAACATTGCTGTTGAAGATGAAGTGAGCCAGTAAATTGGTTCAATTTTTAATATCATTTGAAGATAATGGTTTAAAATTCCATAATTTCCTTCCAAAATCCATCTCCATAAAGCACCGACAACTGTAACCATTATGATATAAGGCATAAAAACTGCTGCCCGAGCTATAGCTCTCCCCCGGAGAGGTTTGTTTAAAAGCAAAGCAATAAAAAAACCTCCAATAACATTGATTGGCCCAACTAAGGCTAAATAGTAAAAGGTGTTTTTTAATGCAATCCAAAAAAGCTTATCGGCAACTAAGCGGCTATAATTTTTAATCCCAACAAACTGCCCCGAACCAACTATATCAAGTTCGTATAAACTCACAAAAAAGTTCGAAACAATCGGGCCAAGTTTGAAGAGAAAAAATAAAGCAAAATAAGGAGCTAAATAAAGAAATGGAGATTCAACGATTTTCGACAGAACATTCTTCTTTTTAGATAAGGATTGATTATTCATTTTTCATTCCTATACATTTTGTTAAAATCTCTCCTCCTATATAGGAAGAATGAAAACTAAATTTTTGTTTGGTCACTCTTATCTTAACATTATTGGGGGGCTGAAGAATATCCATTTCAACCCCCATAATCCATTTTAACTTAAATCAAATAACTCGCATTTAAAAAATAGCATTTATTTCGCTCACTGCTAAATCCAGAGCTTCCTTGGGATCTGCTTCATCCAACATTACCGCTAATATAGCATTGAGAACCGGCGACATGGTATTGTCAGCTCCAAAGCTGGCAGTTTGGACGACTAAGGGTTCAAAGTGAATGTTGTTAGCTTGTTCAATAAATACTTTGTAGTACTTATAATCGGGGAGATTTTTATAAGCTTCGCTTTGAATAACCGACAAAGACGCCGGTATTTGGCCTGAATTTCCCCAATCAACGCTGTGAGTCACGATATAGCTTAGCAGCTTAATAGTCGCTTCGATTTTGGCTTGATCAGCACGTTTTGGAAGAGTTAAAGTATGTGATCCAGCCCAAACTGCTGGCTTTTCGAAAACTTGAGGGAACGGTGCAACAACTATATTTAGGTCTTTTTGCTCTTTGACTCCAGGAACCCACCATGGTCCTTCCATAAGATTGGCAACTTTCCCACTCAGAAAGTCCTTGTCGATATCGCTTTCATGTGGAGGAACCACTTGATATTTATAGCTCAAATCATGCATGAATTGGAGTGCCTTTACACCCTGATCGCTATTAAAAACAGCTTGGTTTTGTTCTTCATTCAAGAAAGCTCCGCCTTCTTGTTGGAATAACCAGCCATACCAATAGCGCATGGTATGAGAATG
NZ_CP065383.1_gap12	267156	271088	3932	TCCTTTCATTCTTTCAACTTTAATTTGATAATGGTCAATATCAACTATTTCACCCAATTCCGGTATTTTTCCCAAATGCTCCATTACTAATCCACCGATTGATTCGAATTCCTCACTTTCGGGGATTTGAAGAAATAGCAGTTCGTTCAAATCAACAATTGGAGTCGAAGCGCCCACTAAATATTCATTTTCGCCAACCTGGCGATAAGGCGGGGCTTCTTGATCATGTTCATCATGAATTTCACCAACCAGTTCTTCGAGAAGATCCTCGATGGTTACTAATCCAGCTGTTCCTCCATATTCATCCAAAACGATTGCCATATGAATTCTTTTTTGCTGAAGTTCTCTGAGAAGTTCAATAATTTTTTTAGTAGCTGGGATAAAATGAACCGGTCGAATGAACTGTCGGACTTTCAATTCACCATTTTCTAATTTTTCCAAAGAAGGAAGAACATCTTTAATATGAACAAACCCTAAAATATTATCCAAATCATCTCGAAAAACCGGTATTCTCGAGAAATGAGAATTCATCGATAAATCAAGAAAATCTTTCAGGGTCGAGTTGTCTTCGATGCAAACCATGTCAGTTCGAGGAGTCATAACTTCATAAGCCATGGTATCTCCAAACTCAAATACTTCATTGATTAAGACCTTTTCCTCAATAGGAACTGTCCTTTGTTCAGTGATAAATATTCGGAGCTCTTCATCGGTATGAGTTGAATGGTCAATATGGGTAATACCAAACAGACGGGAGATAAAATCGGTTGATGCTGAAAGAATAAGTGCCATTGGCTTAAAAGCAATAAGTAAGTATTCTAAGGGTTTCGCCAACCGGATAGATAAAGCTTCTGGGTTGCTCATGGCTATTCGTTTTGGAACCAGTTCTCCAAATACCAGAGTTAGGTAGGAGATGACTAGAGTAACAGCAATCAATGCTATCTCTTCACCAAAACGACCCAATATTGGTAAACCGGAAGCTTCTAATTTCCTCCCCAGATTACGCGACAGCGAAACTGCACCGGTAGCACTGGCAAAAAATCCAGCCATCGTAACCCCAATTTGAATGGTGGCTAAAAATTGACTGGGATTTTTTAATAAACGATTCACTGTCTCAACTTGTTTTGATTTGTCGCTTTCCAGGAGTTTTAACTTGCTCCGACGTAAAGAAATAATAGCTATTTCTGAAGCTGCAAAAAAAGCATTAATAAATATTAAAAAGAATATAAGGAGTAATGTTGTTGCATAATTCATTTGCTCTCCATTTTGCTCCTTTCTTTAATAGACAGAAATCTTAAAATATTTTTGAGTGGCGGCAATAAAACCATTCTCTTTGCAAAAAAGGAAAAAATCCTGAATTTCTCTCTGACTCTTCTCTTTCATTAACTTTCTAACCATGATAGAGGAATTGTTATAAAAATCCAGGACGCCAGACTCGTTGGAATCACTACAATTTTCTTTATGGCTGAACATCGGTGATGAAGTAGAAAATAGAAAATGAGCAAAGCCTTCTTCAAACCACTGAGGAAGAATAATACCGTTTTGGTGAATAACAGCATGGAATAACTCGTGAGATAAAGTATTCTCTAATATACCCTTTTTGAGTAAAAGATGGGGATTTCGAAGATGAATCTCACCTTCTCGATACACTGCAGCTGACCAATTAGGAAAGGCATGTTTATGAAAAGTAAAACCATTAGGATGAAGAATGACTCGTATGTTTATTTCTGTATTTAAACCCGTGTAAAAATAGATGGTATCAGCTGCCCTTTTCAGGCATTGTTCCATCTCTAATTGCGGGTATTGTAATTGACCAGAAAGAGCTACATAGGTCGTGCTCAAACACCAGGCTGGTGTTGGTATGGTAATTAGTAAAAATACCACTGTAGCAAGCGTCACCCGACGCTTGCTACAGTGGTATTCATCTTCCACTGTTAAATTCATACTCTTTAGAGTACCCCCGTACTTCCGGGAAATACATTAAATAGGCTTGGGTAGGCCGTACATAAAATGAGCCTACATCCCGGACCCTCAGATAGTATCTTATCATATTTTCTCCTTCTTCAATACGGGAAACGAAAAGGACAGGAAGCTGGTCATAAATTTTCTTATTGATATAAATTGGAAAATCAGAATTATCGTACACTTGGTCATCATGAAGCTGGTACACATAATCATTTCGAATCAGTTCAAAGCCGGCAGCCATACCATCTTCTATAACTAAATTATCAAATTGGTAAGGGCTTTCAATCAGTATCTCGCATACCAACTCATCTCCAGGCAGAAGAGTAGAAATCGCTTCTTTGGTAAAGACAAAATTCCCCTCTTCGTTCTTTATTGGTTTGAGTTTCCAATAGTTTTTACTCACTTTAATTTGTGAAGAAGGGGGCACGTCGGAGGTAAAACCTCTTATTTTAAACGTCATGAGGTAAACTCCTTCACCAAACAATTCAATTCGGTTTTCTCCAGAAAGTAAATTTCCTCCATCCAAATCGATTTTTTTGTTGAAAATACCCGAATCGAATTGACCATCTTCTATTTTCTCCGAGTTCAGAACGATTTGATAGCGAGCTTCAGAAACCGTTGATTCTTCTTGGAATAGTGAAGCCAGTTTCATAAAATAAGCAACTTCCATGGTATTGATATACCAGTCGGATTGAATATTGCGCAGCAGCCAAAGGAAAGCTTTTTCAGCAAGGGGCCGATTCTCTTTATTCAACGCCAAGGTTGCCCAGCATGTCGCTAAAAACCGATCATCTTCCCAAGGCTTTTCTGGATTGGAATATCCATAAAAAACCGCATCTCCAACTGGTTGTGCTCTTTTTATTAGTTCTTCAAGGAGCCTATGTTGGGTATCTCCTTGCGCAACTAAGCTTAACCAGGCAATCTCTTTTGCATCCATCGCCTGCAATCTTTTGTCTATTTCAAAAGAAGTCAGGTCGGTGATTTTCTCTCCGGCCTGGCTTAATACATAATAGCTCATGGCTTTCTCCCAAGGAACCAAATCCTTGTTGATATTCATTAAATAAGATTTTGCCTGGAGAATGGAATTTTCGGAAACCAAATATCCCTTTTCCCGAGCTATGATTAAAGCTAACAGGGCATGAGACGTATTAAAAACATTACTATCATCAAGGTTCCACCAACCCCACCCACCATCATAGTGTTGCAAGGCATAGAGTTGATAAATTCCTTCTTGGATTTCTCGTGGTGCGGTTTTGGTCCATTCTAAATTGTCAGGAAGGGGCAAAGAAAGGAGAGAAATAATTCGACTGGAGGTTTGTTCGGTACAACCATAGGGATAATAATACATATCTTCCATGGTTTGGTAAAAAATGCCATTGAGATTTCGATACAAAATACATTCCACCTTGGGTGGGTGATTGAACATTTCCGGTTGATAAACAAAATCGAGACTCCCCTTCCCATCAGAAACAAATGTAGTAAATATTTGATCAATCTCAACGCCACGAGGTTTAACCTTTTGAGTGACTTCAATGGCATCTCCCGCAAGTTCGCCCCGTGCATACATTCTGACATAGGGTAACCCAGCTTCAATCGCTTGAAATTGGACTGGAATAACTAAATTCTGGTTGGCATCAATCTCCACTTCACGAGGATAGGTTCCGATTTTTATTTCAGAACCGGTTTGGGCTTCGAGCCGAACTTTTTGCTTCGGATACTCATTCCAAAGGGTCATCTGGGTTTGAAGCGAATCCCCCTTAGAAAGAAATGGAGGCAACTCAACCCGGAAAGCAAAAGGACTGGATGTTCTAAAGTTAATAACCGATTCTCCAAATTCATCCGCGGTGTTGGCTCTTACTTCAACTCGCCAACTGGCCAGATTGTCAGGACAGGTAAACTCAATTTCTGCTTCTCCTTGCTGATTGGTTTTTAGACTTGGCATCCAAAGCAGAGTGTCGGGAAAATATTTT
NZ_CP065383.1_gap13	274238	274923	685	GGGATCGACTTCAACACTGAGATATGTAATTACTGGAAACGATCGAATCATTAATTCAGTTTTGCCTTCAAGCAGCTTCGGTGAAAGCTGCACTTGATCGGATACCAGCTTCACATTCAACAAATCGCCATCAACCGTCTTAACCTGTAAACTTTTCCACCAGGGAGAGAAACCCCAAAAATTTTTGATTTTAATAAGAACAGTCTTTTTCTCGCCTAAAACTTGGAGATTGATTTGTTCTGGGCTCTCAATTTTCCAAGGAAGGGCTAAGGAACTGATTAAAAAAAGAAGTAAAAAAACCAAAAGCCTTGAAAAGCGTTTTAACTTCATTCTCCACCCAAAAACCGTAAAGCAAGAAGGGAATAAATTCGTGAGGCAGCAACAATCTGAGTAATAGAAACAAACTCATTGGCAGTATGAGCTTCCTCAATTCGTCCTGGTCCAATAATGACGGTCGGGATGTCAACCTGATCCAAAAAAGCTGCTTCACAAGAAGCTGGAAAAGGAGCAAAAATTGGCATTTCTCCGGGAATATCGGAAATAGAACGGCTGAGTATGTCAATCCCCGGAACATCGCGAGGAATTTTAACTGGCGGAAGATGAGGTATTGACTGTTCAATTTCAAAAGTTGAAGGGAGATTATGGATTTCAAAGACTTTTTTAACTGAATCACAAATAAGAGATT
NZ_CP065383.1_gap14	323782	324594	812	TCCAGGAATCTGGAGCTTTACAACAGCTACCACTTTTTTTGCCATGTCTATTCCACCTCTTTATAATTTTTCAATATCAGAAAATTCAAGCTCTACTGGAGTCTCCCGACCAAATATCGATAAGAGAACGGTTATCTTCCCTTTTTCATGATCGACACTTTCTACAATACCAGTATAATTTAAAAAAGGTCCTGCTATAACTTTTATCGTCTCTCCTTTTTCAATATCTAGGCGCGGCCTTCCCTTTTCAACTCCAGTTTGTCGAAGGATTACCTTAACTTCTCCTTCGCTCAATGGCTCCGGTCGAAGTCCCGAACCAACAAAACCCGTAACTCCAGGTGTATTTCGTACCACATACCAAGAACGATCATTCATCATCATTTCTACCATTACATAACCTGGAAATACTTTCTTTTTAGTAAATCTCTTTTTTCCCCTCTTTACTTCAATGGTCTCCTCCATTGGAACAACCACCCGAAAAATCTGATCTTGCATTCCCATAGAAGCAATTCTTCTTTCTAGATTCGCTTTAACCTTATGCTCGCTGCCGGCTAAGGTATGAACAACATACCACAGTTTATTCATAATGGTGAAATGATAACCTCCGATAATTACTTAATGTATAAACCAATTAAAGCAGTCAAAATTAAATCAATCACTCCTAAAAAAACTGCAAATACAACAACTACTACTAAAACCGTAAGAGTACTGGATATTAATTCTTTTCGGCTTGGCCAAGTAACCTTTTTTAATTCACTCCAGGCATCTTTAAAGTAGTTCTTTAATTTAGTGAACAGCTTGACGAAAAAATT
NZ_CP065383.1_gap15	347886	349669	1783	GAACCCTATTATCAAATTTTAATAAGCCGAGAAAATTATTTAGACAAAGTTGAAGTTGAGGTTGAAGTCTCATCAGAAATTTTTTCAGATGAAATTAAAGTTCTTGAAAACCTCAGAAAAAAAATTGAAGAGAAAATTAAATCTGAGCTGAATCTTTCCTGCTCGATAAAACTCATTAAGCCCAAAAGCATCACTCGTTCTGAGGGTAAAGCAAAGCGGGTTATCGACCTGCGGAAAAAAGAGGGATTCTCATGAAACAAATATCGGTTTTTTTAGAAAATAAACCAGGAAGTCTTCATGCGGTTTTAACCAAGCTGAAAGAATGGAATATCAATCTCCGCGCTTTATCATTAGCTGATACTGCGGATTTTGGAGTACTCCGCTTTATCGTTGAAAAACCAGAGCAACTGGTTGAGCAACTTCGCAAAGAAAACTTTACTGCCACTCTCACAGAAATATTGGTAGTCGGTGTTGATGATCGACCTGGAGGACTTTCTCAAATCGTTGAAGTGCTCACTTTAAATTCCATCTCCATTGAGTATCTCTATGCTTTTGTTTCTCCCGAAGGTCAAAAAGCCTATGTGGTGATGAGGGTTGAAGATGTCCAACGTGCTTCAAACATTTTGCGAGAAGCACAGGCATCCTTACTCGATGATATTAACATTTAAAAAAGCTTTTCAAGAGTATGGTTTCTGAACAGAAACCATAAGATAATATTTAAGCTAACCAACCAGTGACAGTGCAATAAGTATGTCACTGGTTGGTTAGTGACATTATGATGTTTTCAGCAATAGTCATTCCACCATTGGATTTTCCTTCCCAAACTTTTTGGCTAAAACTCTCGGCTGCTTTTTGATAACTTTGAATATTCAAAAGAGTATTTTCAAGGACCCGGGCCAGTTGCGAAGGTGTATCCCCCCCCGGAATCAATGCTTCTCGAAGGAGGAGTTTTTGTCGGTTTTCAATAAAATCCCGATTGGCTTGAATCGCATTTTCCTGCCAAGGTTCAATAGAGGGAATTCCTAAAAAAGCTGCCTGTTCAATAGCAGTACCGGCAAAACCAACCACTAAAGCTGATTGAGAAAGATGTTGAAAATAATCGCCTTGACTCCAAGTCATAAAAAAATGATGGTTTTTTAAAAGTGGCATCAAAAAAAACTGTATATCTTGAGTATCAACGCCTGGCGAAAAAACCAAATGGATCTCAAAGTCTTTAATGTATTGAGTATTCGTCTCTTTAAAAGCCTCGAAAAAAAATCCGAGATTATTTTTCCAATCCTTTCGGCTTCCAGGCAAAAAAACGATTTTCTTTCTATTCACTGCCTCTTTTTTAATATCTGGCCCTAAAAATCCTAAATATTCTGCAGTAATCCCCAACTGGAGAAACCATTGCTCAGTCAACCGGTCACGGGTATAGACCCTACGGCAACCATATCGGAAGAGATGTCGGGTCAATCGACCTAACCGCTCCAAAGGTTGATTACTTCTTTTTAATAACCAGGTATGGGCACAAGCCACCATATATAAATCTTTTTGTAAGAATAACTTATTCAATAATGGCGGGATAAAATCACCGATACCAATGACTGCATCAATTTTGTTTTTTATTCTTTTTAATTCGCGCAAAATAAACCCGCTATTCGGTAAAACCCCGCGAAAGTAATCTTCAATGAATCTTTTCGATTTTTGCCAAGCAGATCCTAAGTATACTCCTCCATTCGGCAAAGAAAAGGGTGGAACAATAACCGATACTAAATCCGGATATTGCGATCGGCACTGATAA
NZ_CP065383.1_gap16	421687	425683	3996	GGTTCCATATACTCCACCTTCCCCACCCATCATACTGGTTCCACCGATAACCACTGAAGCGATTACATCTAATTCATAACCCTGCCCTGCTACCAGCTCTCCAGAATTGAGCCTTGATGTAAGGATAAGCGCACTTAATCCTGAGAGAGTGCCAAGAATTGTATAGGTAAGAATTTTTACTCGATCAACCATAATACCTGAAAGTAAAGCTGCCTCTTGGTTCCCCCCGATAGCGTATATGTAACGGCCAAAAACCGTTCTTTTAAGAATAATACCAAAAACGATGACACACCCTAAAAAAAGAATGACCGGGAAAGGAATAGGACCGATCATTCCAGCACCAATAAATCGGAAAGCAGGACTCATTCCAGAAATTGGTTTCCCCTGGGCTATGAGTAATGTCGCCCCACGAAATATACTCATCGATCCTAATGTAACAATAAAAGGATGTATTCCACCTTTGGTGGAAACATATCCATTAAAATAACCGATACCCGCTGCTACGAGTAAAGGAATAATTAAGCTAAGAAAAAAGTTACCACCCCATTTTACTTGAAATCCAGCAGCAATAATACCGGCAAAAGCAACAATGGAACCTACCGAAAGATCTATGAGTCCTAATAAAATTACTAATGTCATGCCAACTGCCATAACCCCGATGATTGAGACCTGTCGAATGACATTAATGATATTGAGGGGATTAAAAAAAACTGGATTAAGAATTCCAAAGACTACACAGACCACAATAAAAACTAATAGGATCCCAATCTTATCCCAAAAAATAAAGAAACGTTCAACTAATCCCTGATTTTTATCTTCAGTCAGAGCGTCCATTTAAACGTCCCCCTCCTATTGCTAGTTTTAAAACTTCTTCTTGGTTCGCATTTTGGCGGGTTAAGGTTCCGGTAATCTTTCCTTCTTTCATAACCAATATATGATCGCTCATCCCTAATATTTCCGGTAATTCTGAAGAAACCATCAAGATTGCAGCCCCTCGTTCTATAAGTTTGTTCATTAAGTGATATATTTCAATCTTTGCTCCCACATCAATTCCCCGAGTTGGTTCATCAAAGAGGTAAATATCGCACTCTCGAGCAAACCATTTCCCCAACACCACTTTTTGTTGATTCCCCCCGGAAAGAAACATGGTTTTCTGATGAAAGAAAGGAGTTTTAATATTCATCATTTGAACCATTTCAGAAGTGATATGATTGAGTTTCGTATCATCAATAAAACCACGATTGGATATCTTGGTTAAGGAAGGTAGCCCAATATTGTCCGTGACCGATAATAACAATACCAAACCTTGGGTTTTTCTTTCTTCAGGGAGAAGCGCAATGCCCAAATTAATGGCATCATGCGGAGATTGAATGGTAACTTTATTCCCTTTCACAAAAATCTTTCCGCCATCTAAAGGATCTAAACCATATATAGCCCGTAAGAGTTCAGTTCGACCTGAACCAACCATTCCGGCAATTCCTACGATTTGTCCCTTTTTAAGGGAAAAATTAATATTGTGCAGCACTCCCTTCCGGTTTAAATTTTCTACTCTTAAAACCTCATCTTCAACTTTATGATCCAGATGAGGAAATTGCTCAACTAATTTCCGCCCAACCATCATTTTTATCAAATCATCAATCGTTAACGTAGCTGTATTGCTGGTTGCAACATGCTTCCCATCTCTTAACACTGTCACTCGATCGGATATAGCAAATATTTCGTCGAGATGGTGTGAAATATAAATTATGGTTACTCCCTTTGATTTCAGGAACTGGATAATTCGGAATAGTGTTTCAATCTCTTTTTTTGCTAACGCTGCCGTAGGTTCATCCATTATTAATATTTGTGCATTGAGTGAAAGTGCTTTTGCAATCTCAACCACCTGCTTTTTTGCAACTCCCAAAGTTCCAACCTTCGCATCAATATCTACATCCACTTCCAGAAAATCTATGAGCTTCTGAGCTTCCTCTTTCATCTTTTTCCAATCAATAAATCCTCGCTGGTTGCGAATGTGGTGACCCATAAAGATGTTTTCAGCTACTGTTAAAGCAGGTATTAAATTCAGTTCTTGATAGATGGCAGCTATTCCGCTCCGTAAAGCTTCATGTGGGTTTTGATAATGAATTGATTGACCTTGAAAAAATACAGCTCCCGAAGTTTTTTGATATACACCGGTGACAATTTTAATTAAGGTCGATTTTCCAGCTCCATTCTCACCTACCAAAGCATGGACCTCTCCCCTTAAAACATCAAAACTGACATTATCTAAAGCTAACACACCCGGAAAACGTTTAGTTACCTTATCAAATCGTAAAATCCAATCCTCATCCTTAATGGGATTATTCATCAATCCTCTCCAATTTGTTTAACCTTTGGATATTTGAAATCGTTTTCAAGGTATTATAAAAAACACTTTCACTACTATTCTATATTCTCTTATTATTTTTATCAATTTAATTTGACTTTTCTTTTCAGCTAAAAAATATCTAATTTCTCAAATTTTTATCATCTTTTTCTATCCTTGACAAGGCTTATGAAATACGCTATTTTATATTTTGCCCTTCGCCGAAGTGGCGGAACTTGGCAGACGCGCTGGATTCAGGTTCCAGTGAGTTTAACGCTCGTGGGGGTTCAAATCCCCCCTTCGGCACCAGATGCGCGATTAACTCAGCGGTAGAGTGCCATCCTCACACGGTGGAAGTCGCTGGTTCGAACCCAGCATCGCGCACCACCATTTTTTGTTTAATCGCAACCAGAACTATCAAAATAGTTATAATAAGGTGTTACTCTGAGTAATCCTTTTCCATCGAGGCAAGAATGGTGATTTCAGAAGGTGAAAAATTTGCTGAAATATTCGGTCAATAAAAGAGTGAATACCTTTCTGTGCTTTCTTAGACAAAATGCAACACCAAATGAAAGTGTTGTAATAATAAAAAATACGCCAATTTTTAACCTCCTTTTTTAATATCAATCCAATTGCACCAATAATTTTTAATAAAATTCCATCACTTTCAATTGAATCAATATCAATTTAATTTCGGTTCTGGATTGGAGCTCTCATGAAAAAGAAAAGCGAATTGGAAAGTCAAATTAGTTCGACTCTCATCCAGTTTGAAAAAGAATACATGGGAAGAGGGCCAGTCGATATAAAGACTTACCTTTTTGATGATATTGTTTTTATACGATTGAAAGGCGTCCTCACCAAAGCAGAAACGCAATTAGCCTCAGGGGGGAGTAAGGATAACCGCGATTTAATAAAGCGGGTCCGTATTGAGCTTTTAGAAAAAGGAAGACCGCTTTTGGAAGCAATAATTGAAAATATTCTTAATCGAAAAGTAGTGAGCTTGCACACTGATATCAGTACTCGTACTGGTGAGCGGTTGATAATCTTTACTTTAAATGAACCACTGAATGACCTGGTCTAAAGTTTGCTTAATGAGAATATAAGTCTCTTTGAAAAAAAACACCACATCATGAATCTAATTTCTTGCATATTCAACTCTTCCCTTTTTTAAAGAAAATGAAAAAATGACTTTATTTCACTAATTTTTTCCATAAACATTGACAGCGGATATCATAATGAGTAGAATAACCACTTAAATCGGTGGAGCACTAAGGGTATTGGTGTTTCGCACATAAAGAAAGATACAGTCGGAAGCCAAAGAGTATTAATGACGATTTGGAGAGGGCTGGGGTTATAATCTAACTCCAGCCCTTTTTTATTTTAGAAAGAAGGAGAAAAAAATGAAAAGCTTTACTTTAAGGAATAAAGAAGTGATCATTCATACTGAAGGAGAAATTTGTGGTAACATCCAAGAATTAACCAATAGCCCCATTTTCGAAAGAATGGTTTACGCCTTCATGGATCATATCAAAAAGCACAGTTCTTTGTTAAGCGATTCTTTATTTCCTCCAGATGTTGAGCTTTCCTATCGTTCAAAAATAGTTTCTCTACTGCGAATTTTAACCACATCATCTCTTGAAGAAGTTGTTAAA
NZ_CP065383.1_gap17	447160	451922	4762	AATCCCCATTTTGCTTTTTTTGATAAAAAGCGAAAAGGCGATCATAATTGCTATTGAAGATACAATGATGAATAGATCGATTGACCGAAAAGTTAAAAGTTGCGTTCGATAAAGAATATTTAAATAATCGGGAGTTTTAAATGCATAGGGTTGGGGAGAAACTATTAATTTTAAAAAATTCTCAATAAAAGTATAAAAACCAATCGAGGTAATCAATAAAGCAACTTCCGGCCCCCCGCGCAGCTTTCGATAGGCTACAATATCTAAAACTAAGCCCATTAAACTGCCAAATCCGATTACCAAAAAAATACCTGCAATAAAGGGGAATCCATAACTGATACTCACGAAGTACACAAAAAAAGCCCCTAAAGTGATGAGTGCCCCGTGAGCAAAGTTGATTAGTCGTAATATTCCATAGACAACCGTCATTCCCAATGCCAACAAGGAATAAATACAACCTAAAATGACACCATTCATCGTTTGTTGTAAAACATAGCCCAGTGAAAACATAATCAACCTCCCAGATAAACCTTTCTCACATCTTCAAGAGATTCAATTTCTTTGGGGATTCCCTCCAATTTCACATTGCCAGTTTCAATAAGGTAAACGTAATTGGAAACTCGTATCGCCATCGTGGCATTTTGCTCAACCAGAAGTATGGTAACACCTTGCTTTAAAATCTCTTGGATCAATTCATAGAGCTCTCGGACTACCAAAGGAGCCAAACCCAAAGAAGGCTCATCTAAAAGCATGAGTTTTGGTCGTGACATTAAACCTCTGCCGATTGCTAACATTTGCTGTTCCCCGCCGCTCAGCGTACCAGCTATTTGGTTCTCCCTTTCTTTAAGTCGAGGAAATAGGGAGTACGATTTTTCCAAATCTGAATTAATTTCTTGTTCATCACTCCGATGATAAGCTCCTAAAAAAAGATTTTCCCTCACAGTTAAACGATTAAAAATACCCCTTCCCTCAGGAACCAAACATATTTCCTTGCGAACCCGTTGTGGAGTCGGCATCCGGGTAATGTCTTCATCACGATAAACAATGCTTCCATTCACCGGTTTTAGAATCCCCATAATTGTTTTTAAAGTGGTTGTTTTCCCAGCACCGTTTGCCCCGATGAGGGATACTATTTGACCGGTTTTCACTTCGATTGAAATATCTTGAAGGGCTGGTATGACTCCGTATTTCACACTAAGATTTTTAACTTTAAGCAATGGTATCACCCGTTCCTAAATAGGCTTCAATAACCTGAGGATTATTTTGTATTTCTTCAGGAGTACCCTGGGCAATCACTGAACCATAGTCTAATACCTGAACAATACCGGCTAAACCCATTACAAAAGGCATTCGATGCTCAACGATAACCAGAGTAAGACGGAATTTCTCCTTAATTTGAAGAATAAGCCGGGCTAAATCTTCTGACTCCCCAGTATTCATTCCTGCCGATGGCTCATCCAAAAGAACTACCTTTGGATCGGTCATCAAGGCTCGAGCAATATCTAATTTTCTTTGTAAACCATAGGGTAAATTGGTCGCTAATTCGTCTTTATATTGAGTTAAGCCAAAAATATCCAACATGGTATCAACTTTCTTTTGCATTTCTCTTTCGGAGTGAAAAAAACCTGGTAAGTTCGAAAGTGAAGAAACAAAAGAATAATACAGATGGATATGGTTAGCAATTTTTAAATTCATCTCAACACTAAGCGATGGAAAAAGACGGAGATTCTGGAAGGTTCGAGTCAAACCAACCCGGGTTATCTGATCGGGTCGAAATTGAGTAATATCAATTTGATTAAAAACGATACGACCTCGATTGGGTTTTAAAACTCCACTTAAAAGATTAAAAATTGTGGTTTTTCCAGCACCATTAGGACCTATAAGTCCGTAAATCATTCCCAGGGGAAGCTCGAGATAATAATCATTTACTGCAGTAAGGCCCCCAAAACTTTTCCACAAATCAGTTACTTTCAATATTGGTTCAGGCATTTCTTTCTCCGTTCATAAGTCTATCATGATAGACTGCCATGGTATGACAATCTAAATTTTTTAAAGGAAATGACGAAGGAAAGATAGGATAAAACAAAAGCGGACTCAAATATTTGAGTCCGCTTTTAGAAAAGATTATTTTGCAATAGTTGGATCGGACAAATACTCTGGAGCAATTTGTTTTACTGTGACAAAATTTCCATCTTTCACTTCGATAACTGAAACTGACTTATTTGGAATCTGGCTACCACCTTCATAGCTAATAGTTCCAGATACTCCCGCAAAATCTTTAATTTGGGCTAAACCTTCTGGAATTTTGTCTGGGGCATCACTTCCAACTATTTCAATTGCTTTTGCCACTAATTTCACTGCATCATATCCTAATGCTGCAAAAGCGTTCTCGGGTGGATTCCCATACATGGCCTGGTAATCAGCCTTGAATTGCTGAATAATTGGGCTGGGATCTTCTAATGAAACGTGAGTAGCAAAAATGACGCCTTCAGCAGCTTCTCCACCGGTTTCGACTAAAAGTGGCGTATCAAAACCATCTTCGCCATACATAGGGATTGTAACTCCATTATCTCGCAATTGCTTGGCAATTAAACCACAGTTATCAGGTATGGCACCGACATATACAAAATCTACTTCGCCTCTATCTTGATATTCTTTTAATCGAGCAGACATGGCGGAGAAATCTTTCCAGGTTACTTCAAAGTAGTCTTCGTAAACAACTTCGCCACCGTAGTGTTTTAAAGCATCGGCAAAGAAAGCACATACAGCAACACTAAAATCAACTGCCGTATCTACCCAAATAACGCCTCTTTTCAACCCAAGGTCCCTCACGGCATATTCGGCTATTGCTGATGCTTGAGCATTATCTCCAAAGCAAGCTAGCCAAGCCCCAAAACGCTCGGGGATACGAGGATGGGTAGCTCCTGGAGTCATAAAAGGAACTCCGTATTCTTTTGCCATCGAAGCAGCAATATTCACCCAATGGGTATCTCCGTAACCGATTAAAGCTGATACTTTTTCATTTTCAATTAATCGAACAACAGCAGCACTGGTTTCTCCCTCGTCAGCCTTGGTATCAACAACTTTCAAGTCTATCTGACGACCCAACACACCCCCAGCTTTATTAATTTGTTCGGCTGCCAATTTCGCACCATTGGCACTAGGGTTATCAATTGATGCCCAAGGACCGGTAAGATTCATAACTATACCAATTTTCACCGGTTCTTGTGCAAAGGCTAATGTTCCTGCCATTACAATGAATAAAGAAATCACTATAATAAGTATTCTTTTCATAAATATACTGTCCTCCTCCTAAATAATATTTTTATTATTTATACCTTCAAGGACACCATTCGTCAATATTAAAATGGCTTGTAAAGGAATTTGTTTTTTATTTTTGAGCATTTATTCCTCTTTATAAATAAGAGATTTGTTTCTTATTTGAGAGATAAAACAACCTTCTTTGCTGATAGTAAATGGTTACGCCTTGAAGTTAAGATTCGATCGTTTTTTTAAAAAATCTGAGTAGGGGTTAGGTGCTTTTCTTTATAAGGAAAATCCCTTTCATATACTTCGAATTATACTCCTTTTTTCCTCAATGGCGGAGAGGGTGGGATTCGAACCCACGAGACAGTTCAGCACTGCCTACTCGATTTCGAGTCGAGCGCCTTCGTCCAACTCGGCCACCTCTCCAATACCCCTTTTTTTCTTAAAATACAGTCTTAATAATTGGCTGCAACGATCTTCATAAATTCCGTTATATACTTCAACAGAATGATTAAACAGTTTTTTGCTGAAAAGGTCAAGAACACTTCCGGCAACACCAGTTTTGGGATCTTTGGCACCATAGAATAACTTCCGAATGCGAGCCTGGATAATTGCACCAGCACACATCAAACATGGTTCCAATGTGACATATAAGTCACAGCCCTCCAATCTCCAGCTACCTAGAACCTGTGAAGCTTTCTGAATTGCCTCAATTTCAGCATGAGAAGTTATTTCTTGTTTTTGTTCACGACGATTATGACCAACACTTATTAATTGGTCCCCTCGAATAATACAGGCTCCGACTGGAACCTCATCTTCGTCATAGGCTTTCTGGGCTTCTTCAAGAGCAAATTTCATCCCATCAATCATAATCTTTAAGAACCTCGCTCTAAACTAACAACGGTATCTTATCAATTTTTAAAAAGAAAATACAGTACTGCTCTGATTTGCTCATCAAACCTTTTTTATGATATAAATAACTACATACTTTTTTTTGGATAGTGATACTGCCTGGCAATATTATATGAAGTTGGAAAATGCCTGTCTAAAGCTATCATCCCAAGAGCCCAACCGTTTTTGACTTGAATGGTGGGGCAATCTCATCAGCACACTCCGAAATTCTGTGGAGCGTATTGTGCAGCGTGAGAATCTTATTTTTTTCAGTTCCATAGTCTATAAAGGATCAGGCCCTCACGGCTTCTTAAAAATGAAGCCTCAGGATGACGCCTTTTTTTATAATTCTTTAGTAGGTGCTTGATTTATCATGCCCGTGGGTTTTTAGGATTGACATTCATGCTGCGAAGAAGCAGCAGTTTAGAATGAAAATATATAACCAAGAGCCAATATCCCCCTTTTGCAAAGGGGGTAAGGGGGATTTGAGTTTTTTTTACTGCTCCGTCATTGCGAGGAGTCTAACTGTTCTTTGGTTGGACGACGTGGCAATCTCTTTCATTATTTTTTTAAAAATAATAAAAGAATGGGATCCCCACGCGGA
NZ_CP065383.1_gap18	453836	457855	4019	GAGCGATTTTCCACCCCACTTTAACCATTCTCAACGCTGCTCGCATTGAGAACACCCATGGTGAATTTGATTATTATATCGATGGGATCACCCCATCAGTTGCTTTAATTCTTGAAGCAGTTGACAGTGAACGAGTTAAGGTAGCCGAAGCTTTAGGAATCCGAGCTATCACCGCACGAGAATGGCTCTATTCCGCTTATGATGCCTATGGGAGAAATCTCTACGAGGCAATTCAAAACAATCCTGGTTACCGTGGAATCCGAGCTCCCTACACCATTTTTACTCGTTATATTACCGAGGATGTCCCAATGAGCCTGGTTCCCATTTCATCTTTTGGGAAAATGTTACAAATCCCAACTCCAACCATAGATTGCATGATCCAGTTGGCTAACATTCTTCACAATAAGGATTACTTTGTAGAAGGAAGGACAGTAGAAAAGCTGGGATTAGCAGGGCTTAGCGTAAAAGAAATTCGAGAAATGGTCGTGGTAGAAGCGAACTCAAGTTCATAATTGGAGGTTTTGACATGGTTGAGAAAAAAATCATAATTGGTGCAACCCTGGGAAATTGTGTTCATGTCGCCGGAATTTATCGGTTTCTCAGTTTGGCCGAAGAATACCAATACACATCCTATTTTTTGGGACCAGCAATTCCAGTCAACCAGTTAATTCAATGTATTAAAGAAAAAAAGCCCCAACGTGTTATCGTTGGTTATCGTTTAAGTGAAGATTCAGCTCAAATTCTCTTCACCGAATTACGCCGTCAATTAGAAGAAAATCATCTTCTTGACCAGAGTACTTATATTCTTAGCTGTACACCGGCTTTACAACCAATCGCTCAGAGTGTCGGTGTTTTTCAATATATTTTCAGCGGAAAAGAGAGTTTTGATGAAATTCTTGAAAGCATTCACCAAGTTACCCAAGATATCCCTCCCGATAAAAAATATGCCTCTACTCTTCCTGAAAGAATTCTTGCCAAAAAACCTTTCCCTCTCCTTCGACATCATTTTGGAAGACCAAGTCTTGAAGAAACTATCAAAGGCATTGTTCAAATCAGCCAATCAAAAACCATCGATGTCATTTCTTTGGGACCTGATCAAAATGCTCAAGAGTTCTTTTTTGAACCTGAAAAGATGAAAGTGGATGAAAGTGGAGCTGGTGGAGTCCCGGTTAGAAGTCGTGAGGACCTGGAAAGAATCTATACTGCTTCTCGGGATGGCAACTACCCTCTGCTGCGTTGCTATAGTGGGACCAACCATCTGGAAGACTGGGCCCAATTGTTATTTGAGGCGATTCATATCGCTTGGGGTGCAGTCCCTTTAACCTGGTACAGCCGACTGGATGGCCGATCTCAACGTTCAATAAAAGCTGCTATTACTGAAAATCAAAAAGCCATGCAAAGATATGCAGCCCTTGGCGTTCCTCTGGAAGTCAACGAATCTCATCAATGGAGCCTGCGAGATGCGCCTGATAGCGTCGCCTGTGCTTCTTTTTACTTAGCAGCTTATAATGCCAAAAAAGCCGGTGCAAAACATTACGTTGCTCAATATATGCTCAATAACCCCAATGGAATCTCTCCACGAGCTGATTTAGCAAAAATGCTTGCCAAAAAAGAATTAATTGCACCCCTTCGAGATAAAGATTTTATCATTTATACCCAAACCCGGGGTGGGTTGGCTCATTTTTCCACCAATATGAACATTGCAAAAGGACAATTAGGAGCATCTACGGCATTAGGTTTGGCGCTCAAACCGGACATTATTCATGTAGTTGGTTACAGCGAAGCCGATCATCTTATCTATCCCAATGAGCTTATTGAAAGTGCCGAGCTTGTTCAGGGTGTCATCAAGGACTTGCTTTTTGATTTTCCCGATTGGGAAAAGGATCAAGTGATTCAAACAGAAAAAGAACGTTTGGTTTATGAAGCGAGAATCCTTCTTGAGGCTATAAAAAATATTCACCAACATGGAGATGGAGATGATCCCTGGGCTTCTCCTGCTACTCTTGCCCGTGCCATCCAAAAAGGTATTTTGGATGCACCCCATCTTTTAGGAAATCCTGAAGCTTACGGCCAAGTCCGGACTCGAATTATTAAAGGTGTTTTAAGAGTAGTCGATAAAAATGGGGAAATTATCGAAGAAAAAGATCGCTTAAAAAACTTTCTTTAGTTAATGCATTATAAAGGAAAAGAGGGAAGCCAGTTTTCGTTGGCTTCCCTCTCATGAACCAATACTATACATTAAAAATCAGTGGAATTTACGTTTATTTTCCTGGTGTTTTTTGAGATCAGTAAGCCTGTCCTGGCTTTGTTTAAGAAATTTGTTCAACTTTTGCTCAAACATAGCTTTACTTTTCTCTAATTTCTCTAAATACTCTTCATCCTCATTCAGTCGTTTTATCGACAGGTCAATTTTACCATCATCAGAAATGTGAATAACCTTGGCTTTTACTTTATCATCCACCTTAAGAAAATCATTCACATCCTTAACAAATTGGTTTGAAATCTCCGAAATATGGATGAGTCCTTTTTTCCCATCCTCTAATTCAATAAACGCTCCGAATTTAGTGATGCCAACAACCGAACCTTCAACAATATCATTCACCTCAATCATGGGGTGACTCGTTATCCTCCTTTGTATCATTTTTCCTAATTTTTATCATGATAATAAAGTATTGAATAAAAATTGACGTCAACCTGAGCCCTTTTTTTCGAGGGCGTGAGGATCTCATCTTTTCAGTTTTTTATATTATCCTTTAATTCTTTTTTCATTCTCCCCCTCGCCCCCTCGGCCTTTAAGGGCGTGAGTATCTCATCTGACACCGCAGGCGTCATCCTGAGCGGTGCTTTCCCGCGTGAGGATCTCATCCTTTAATTTTTTTTTATTTCCAAATTATTTTTAAGGATGAAATCTTTAGGTCTTTAGGAAAAGAAACACCGGATTGTCGTTTTTATCATCAACTGCTGCTTCTTTTATCCGGCTCACGGTTCACTCCTCACCAATCACTGATTCTAATAAATGAGATTGCCACGTCACTCCGTTCCTCGCAATGACGGAGCAGGTGGATTAGATTGCCACGTCGTTTAACCAAAGAACGGTTAGGCTCCTCGCAATGACAGATTTATGTAACTATTTTCATCCTCATCTGGTACTGTTATACAGCATGAAGGTCTATCCTAAAAACCAGTACCTCAAACTTCTCTCAATACTGTATAAAAGTAAATTTTAAAGAATGTTTAAAATCTTTCAATGGAAAAGCGAAATCATTATACAAATGAGTGAAGGAGAGTGTCAAGGATTTTCTGAAGGAACAACTTTAATCAATACCTCACCCGGTTTGGCAAGGTTTAATTTTTCCCTGGCTAATTTTTCAATGTACCAATCTTGATTTAAATTTTGCTTTTCATCTTTTAAAAGTTCGATATCATTATAGAGCCTTTTTTCTTCTTGGGAGAGATAGGTTTCCTCTGCCAGCAAATTATAGTAATTTATCAATTTCCCGGCAAAACCAAAACACCAAGATAAAAGAACTAAAGCAAAAATAATTGAAAAAAGCATCTTCCTCCAATTAAACGCAAGTTTATGGGAAACATCAGGTTCGGTTTTTCCGTCGTAATAATAGGAAGATACCATCTTCTCAATCCACCAAAACCTTAATGAATTTCTTCCCCAAGGATTTTATCCTAATTATTTTGCGGCAAAATCCTTAGGGAAGGTTATTTTTTAAATTAATACCCTTTAACTTTGAAAACATCCCGTCCATTAAACACTGCGGCTTCTTCTAACTCTTCTTCAATCCTGAGCAATTGATTATACTTAGCAATTCTTTCCGAACGACATAATGAGCCAGTTTTAATTTGACCGGTGTTACAAGCTACAACTAAATCCGATATGGTCGTGTCCTCGGTTTCACCAGATCGATGGGATACAACCGCAGTATAACCAGCTTTTTTTGCGACCTCAATAGTTTCTAAGGTTTCACTGAGGGTACCGATTTGATTGAGCTTGATGAGTATGGAGT
NZ_CP065383.1_gap19	576472	580455	3983	CTCTTCGGTTAAAATCTCATAGGCATCTTTTTCGAGTAATGCTGCTAGGTTTTTTTCCTCGGTTCCAAGAACATCACGAAGCCAACGAAAAGATCCGCCAGCCGCCAACATAACACCCATAACGTGCCATTTACCCGGAACCGCATGACAAAAGGTGTGAACACGACCTTTCATATCAATTTTAACTTCATCACTAAAAGCAAAAACCACACCTGAAGTACCAATACTCGCGGATACTAAGCCGGACTTGACAATACCAGTTCCTATAGCTCCAGCTGCATTATCCCCTCCCCCGGCAACAACAATGACTTGGTCATTCATTCCAAATAATTGAGTAATCTCTTTTTTTAAATAACCGGTTATTTCCGGCGACTCATAACATTCTGGAAACCAATTTCGATCGAGCTTGAGGTCAGCAATGATTTCATCTGACCATTGTCGACGAGGCACATCGAATAACGAAGTGCCTGATGCATCAGATACATCAGTTGCGAATTCTCCGGTCAGACAAAATCGTATATAGTCTTTGGGAAGCAAAATTTTATCAATACGTTTATAATGTCCTGGCTCGTTATTTTTCAACCAATAAATTTTAGGCGCCGTAAAACCAGCTAAAACCGGATTCCCGTTGATCCGCATTATTTTTTCTCGACCAACGATTTGAGTTATTTCTTCACATTCCTTAGCGGTTCTTTGATCACACCAAAGTATAGCTGGACGAATTACTTCTCCTTTGTTATCGAGGAAAACTGACCCATGCATCTGACCAGTCAAACCAATACCAACAATAGCCTTTCGATCAATGGAAACCGAATCAAGGGTTTTTTTGATAGCTTGTTGGGTTCCCTGCCACCAATCAGAAGGATCTTGCTCCGCCCAGTTGGGACGTGGAGTATAAAGGGGGTATTCTTCTACACCCTTTGCAATGAGCTCACCATTTTCGTCAATTAAAATTGCTTTACATCCGGTTGTCCCGACATCAATTCCCAGAAAATAATCCACTGACTGACCCTCCTTTTTTTATTTATACGATTAATCCTAAAGGTTCTTCAATGAGATTTTTTAAATATTGCATAAACTGGGCTGCGACCGCCCCATCTACGATCCGGTGATCTCCAGATAAAGTTAAGTTCATCAAAGAAGCTACTATAATATTCTCTCCATCAACATAGGGACGCTTTTTAATTGCACCACAGGCTAAAATAGCCGATTCCGGTGCGTTAATAATAGCATTAAATGAATCAACTCCATACATACCCAAATTTGATATTGTAAAGGTACCTCCGGTTATTTCTTCGGGGAGTAACTTTGATTCACGAGCTCTTTTTGATAAATCATTAGTCTCAACTACAATTTGTGATAGCCCCTTCAAGTTGGCATTTTTAACTACTGGAACGATCAAACCATCCTCCAAAGCTACGGCTACTCCAATATTGATAGCTGAGTTCATCTGGATTCCATTATCGAGAAAGTAAGCATTGATGGTTGGAAATTTCTCTAAACTCTGGGCAATAATTTTTATCAAAATATCATTGTAGGAGATTCGAAGTCCGGTGGTTTTTTCAATAAGAGGCAACATCCTTCCTCTTAATTTAACCAATTCATCAGCTAAAACTTCCATTTGTAAGTAAAAATGAGGTTTATTTATCATACTACTATGCATTCTTTCCGCAATAATTTTTCTCATACGGGATAAAGGAATAATTTCTTTCGGCAACTCTTCGCTTGGTGTTACCGTTCCTTTTGTCTTGATAGCAGGCTCAGTTTTTAGTATTTCTGCTTTTTGAGGAGTAACGGTTTTCTTTTGCTGATAGGCATTTTCAATGTCCTCTTTAACGATTCTTCCACCAGGACCAGTGCCTTCTATCTTTGATAGATCAAGACCATACTCATCCGCTAATCGACGAGCAAGAGGTGAGGCTTTAATCCGTTCTTTTGCAGCTTCGGTGTCTGCGGTGGCTTTCGTTTCTTCTGTTGGCACTGTTACCGATTCCTTTTTGGTTTCCTGGGGAGTTGGGACAACCTCTTCTTTTTCTTCTATAACTTCCCCTGGCTTTCCGACATAAGCGACTGTTTGAGTAATTGGAATGGTTTCTCCTTCACCAGCTATAATCTTTAAAACAACTCCGTTCGCAGTTGATTCAACTTCCATATTCACTTTATCAGTTGCGACTTCAAATAGGGCGTCACCCTTCTCAACCTGATCTCCCTCTTTAACCAGCCACTTGTTAATAATTCCCTCTTCCATGGTTAAGCCCAATTTGGGCATAATTATTTTTTCCGCCATCGACAATCTCTCCTTTTCGTTTAAAAAAAGATTCGTTAATTCCACCAAAAACCAACACAAAATAACTCTATTTATCTCTTAAGGATAATTGTATATTATCTTGACATGAAGAAATAAGTATTTAATCGATAATCCTGGGTAAAAAGATCTTCTCTTATGCGAATTTCCTATTTCGTCTTGCCGCTCTTGATGACTTATCGTACTTGTTCCATTATTTGCTTGATGCTCGCTTTTACCGGACCATTTCTATCCAATAGTACCGTCCAATTTTCCCCTGTACGAACCGGCAGTTCTCTTTCACCATCGAGAGCAATAATCCCATCAGTATGATTAATTGGGAATGATTGATTTTCCTGAAGGTATCCCCACTCACCAACACCAATTTTTTGCACTAAACCAGGAGCAATCGGCACTCCAACCATTCGACCGCTGCGATCGGGGAAAACATACCCTCCATAAGAATCCTGGGATGAAATTTTTATTACACGATCAACAATGGTGCTTAAGCCAGTTTTCATGGAATCGGTTTGAGTAACCACAACTAATTTCACTAACGATGAATCCCATACCGCTCGAGCACCAATTTCCTTTTTATCTAGTAAAACCACATCCACCAAAGCTACACCTTTTTCAGTATTATTTTGAAAAATTCGTAATATTTTTTTCTGCTCTAAAACCTGTTTCTCTTCCACCCATCCGTTCATAAAATATCCAAGTGCCATCCCCAATATTGTCGGTTCAATATTATCAGCAAAAACATTATTTGTCCCGGCAGATATTGAAAAAAGAGGGATTTTTCGGCTATATCGGGCTACTAGCCGATTCGTTCCATCTCCACCCAAAACAACTAAAGCCGCAAACTTGGGTTTTTTGGCAATAAATTGGGTAAAATGAATTGTATCAGCTTCATCTCCAAAAACGGGTATTGGTGCTTTCTCAAACTCAATGTTTTTTAAAGATTTCCCGACTTCATCAATGACTGTTTCAACCAGTTCATAAGGATCGGGCATATAAATTAACTTTATTGGTCCAGTGGTTATTTGGTCAAATCCCAAAAGAATTCGAATAGTATAATTTATCTTTTCCCGATTCCCAAATACTGATCCATGGGCAACTAATCTTCGTATATCTTTCCCGGCTACCGGATTAACAACCAAACCTATTGTCTTCAGTTCAGTGGACCTCCTGTCCACCGGTTAAGTTTATTGCTTGACCGGTCATATAGTCGGACTGTGTGGATGCAAGAAATACCGCAAGATTTGTTATATCTTCAACGGTACAACCTCTTCCTAAGGGTACTTTTTCAACATAAATTTTTCGGACCTGCTCAGGAGGAACTCCTAATTTTACTGAATATTCTTTATCCAATAAATCCCACATTGGGGTTGAAAACACATTACCAGGACAAATGGCATTGACATTGATATGGAAAGGGGCGAGGTCGGTTGCAACGCTTTGGGTAAGTCCTACAACACCAAATTTCGCTGAACTATAAGCAGCCAGCCACAAGCCGCCTTTCTTCCCTGATTTAGAACTAATATTGATAATTTTTCCACTTTTTTGTTCAACCATATATTTAGCAACTTCCTTGATACAGAGAAAGGTTCCCTTGAGGTCAACATCGATAATCGCATCCCAGATTGATTCGGGAACGTCGGTTATAAAGTTGGCTTTAATAATCCCAGCTGAATTCACC
NZ_CP065383.1_gap20	603299	608024	4725	GGCTGTATGGGCTAATTCCATTTCTTTGCCGCAATACTTTAAATAAGCACTCTTTAAATCTCGTGGCTCTAAGATATGGTAAAGAATTTGAACATCAATAAACTTTCGATCTCTTTTTTGGAAAGGGACACCGGCTCTTCGCAACTCTGCTTCAAGAAAAGGAATGTCAAACTTCACCACATTAAAACCGGCTATATCACATCCTTCAAGAAAACAAACAATATTTGGAGCATATTCTTGGAACTCTGGTTCATTTGCCACATCTTCATTGGTAATACCATGTATTGCTGTTGCTTCAGCCGGTATAGGTATTCCTGGATTCATTCGATGGTTTTTATACTCATAATTCCCATCAGGATAGATTTTAAGAATTGATAACTCAACTATTCTATCTAAATTTGGCTGAAGACCAGTGGTTTCAACATCGATAAAGGCAAGAGGTTTATCTAAAATCAAGTTTTTTAACATACAGTCTCCTGCTCCCCTCATCAATCTATGAATTAACTATCCTTTTCATAGATTAAACCTTCATATTTTTTTAAAATACGATCTCTCCATTCCATAAAATCAATCTCTATTTCCTGAAGGATGGCAGCGTTTTTTATTTGACTGGAAGAATATTCAAGCATTTTATTTTTTATTTCTCGTGCTTCTCGATCTGGTATGGGGAGATTTTCCAGAAGATCAACTGGTGGTGGATTTCCATTTTGGGCTACCCAAATGTAGTTTTGCATTTGATTATGAAATGTAATCACTGAATCAATTGAGGATTTTTGCAGAGCATTAGGGATAAAAAAAGTGATTACGCTGACAGCGATAAAAACTACCATAGCCCATTGTATGATTTCCTCGGCTTTTTTCTTCCACGAAAACCAGCTTTCTCCAGGAGAAACCAGGTAACCCAAAAGCATCCCACTCAACAAACCACCAATATGAGCACCATTATCCACCACCGGGGTTACAAAACCGATAATCAAATTTATAAGGATAAAAGGAAGTAAACTTCTGGTAAGCCTATTTAAAGATGTGTTCCGATACTTTAGACCACTGGCAAATAACGCACCAGCCAAACCGAAGATGGCACCGCTGGCTCCCACACTTACATTGGAATAATTCATTAATAGAGAAAGCAGACTCCCGCCTATACCAGTGATAATGTAAATTATAAAAAACTTCTTTGCTCCATAAACTCCTTCAGCTAATCGACCTAAATTATAGAGTGCATACATATTAAAAAATAGGTGCCAAATACTTCCATGAAGAAACATACATAGTAGAAGCCTTTGCCATTCTCCAGAAATAATAAGGGGACCAAATTTTGCACCTAAACGAAGGAGTATAGGAACGGAAAATCCACCACTTATTAATGTCGTAATAAAAAAGACTAAATTCAATAATATTAAAAAAAATACCATAAATAAATCCTCAATTTGAAATTAAAACATGGGGCAATATACATTGTCCCATGTTTTTTAAGGTATGATCAAGCTTAACTGGTTAACATTTTTTCCAATTCAGGTCGAACTTTTTCATCACTGGCAACGTATTCGTTTATTTCCAAGCTCAATTTAATCAGGATATAAGCCCAATATATTCCTAAAGTTATAACACTTAATATAATAACCAAAACTACACTTCGCTGTGGTATTCGGTAGATATAGCTTTCTGAATTATACCCTTTGGCTCCCTTTAGATATGAATATATCTTATCTTTCATATCGGAAACCTTACTGGTTGCTTTAAAAATATTCGATAGGTATATTGCCAGAAAAACAAAACCGATCAAATAGAGGAGGAATGAATACCAACCAACAAATTGAGCGATAATATACAATACCAAATAGATATAAAATGGCCATGCTTGAACCAAGAAATCTCCCAACCGATTTACAAAAAAACCGATTTCTCCACGGAGCGGATCTTGCAATTGTTCTTTAGCATGGGTAAAAATATGTTTAGTATTTTTGATATTATTGTTGATAACATTCCCCCATTGATAAAGCACCACTGCTTGGAGGATCGCACTGATTAATGCAAAAACCACTGCAATGACTACCGTGCCACCTGCCGCTACCGCTCCGGTTGCAACATCTCCGGTTGAAACCTCAGAAACTGCTGCAAAACCGCCAATCATAGATACAATCGGTGTTAAAATTATAAATATTACCGCTAAAACAGCAGAAATTACACTTACTCGGTTTTCTTGCAAGAAACCTGAAACTGCCATTACACAGCCCTCCTTAACCAGTTTTTGATTCTTTTTAAAATACCATAAGAATGAAAAAAATAAAAACCTTTTTTAACTATTTTTTATAAATGATAAGGTTTTTTCTTCTTTTTCAGAAAACTTCTCATCAACTAATTCAGGAGTCCATTTCCCGCAGCGACTTCCCCACAAAGCCTTTACTTTACCCTCTTCTTTCAAAACCACAATTTCACAGCTATTTGGGCAATCATTGCAGGTAAAGCTTCGATTTTCATAAGAGCGATTTATCACATCAAAGCCTTGGAAAAAAGTTTTTTCTTGTTTTGCACCGAATACCAAAAGAGCGGCTCCCCAGGCACCCATGATTCCATGTTCCTGGGGTACAATAATTTTAAATTTTCCTTGGTAAAAATCATGAAAAGCTTGAACAATCCCTTGGTTGGCGGCTACTCCACCCTGAAAAACGATGGGATCCAATATGTTTTTCCCAGTTGCTAGGTTATTAATAAAATTTCGTACCAATGCTTCACAAAGACCACGGATGATTTCTGGTTTACCAAAACCCAGTTGTTGTTTATGAATCATATCTGATTCAGCAAATACCGTACAACGCCCGGCAATTCGTACCGATTGTTGAGCCTGTAAAGCTAATTTACCAAATTCTTCTATGGGTATCCCCAAACGAACTGCCTGATGTTCCAAAAACGATCCCGTTCCTGCAGCACAGATAGTGTTCATAGCAAAATCTTCAACCACTTGATCTCGAATAATGATTAGTTTAGAATCTTGTCCACCTATTTCAAAAACCGTTCTCACTTCAGGCAGAAGAGTTATGGCAGCAACTGCATGAGCAGTAATTTCATTTTTAACCATATCCGCCCCAACAACTACACCTGCTAAATGGCGCGCACTTCCTGTTGTTCCCACCCCTCGTATTACACCGCCAGATGGATAGTGGGATTGTATATATTTAAGACCGGTTTTTAAAGCCGCAATTGGGTCCCCGCTGGTTTTTAAGTAACAACTCGAGTAAATTTTTTTGTCAGATGTCATTAAAGCAAACTTTGTTGTCACTGAACCAACATCAACCCCGAGATAAAGATCCATTTATATTTAACCTCCAACCATCACACTTTTAAGCATTCATAAGAAAGCATTTATTGTACCTATTTAAGAGCACGATGCTTCTCGAACCTTTTGTTGGCGACGCATTTCCAAAACATCAACAAAAGCTTCAACTCGAGTTATCATTCCTGCCTCTCCAGCATGTTCATCAATAGCTAAATGAAGTATAGGAATATTGTATTCCCTTCCTACTCCTGCAACAATACTTTTTGCAACCGCTTCAGGCATGCAGGTAAAAGGATATAAATGAATGACTCCATCAAAACTTTTCTGGGCATATCGGATAGTACTTCCAACTGTGTCAATCCCTTCTCCACCAACAAATCTTTTTAGAAAAGGTTTTGCTAATTTCCAAGCTTCTTCTTTTTCTCTTGAGCGGGTAAAAGGGAAAAAATTTAGAACATATTCAGCGGTTGAAACCGAGTTATCCACTAAGACACCCATATTTCCTAAAAGCTTTTCAATGTTAAAATTCACTCTAAATTCTTGAGCAATATAAACTTCACCCACGATGCCTATCTTAATAGGTTCATTTTTTTTTAGAGTGTTAAGTTGAGATATTTCAAGGAGAGTATTTTCTCGTATTCCTTCTAATTGAGCAACGGAACTGATATTTTTAACCTCTTTTAAGCTTTTTTCAATCAATCTATCAAGCTGTGAAGGATCTTTTAATTTCCATCGAACCAGTCGGCTGGTTTTCTCCAAATCCTCAACATACCGAAGAACATTCCAAGCTAATCGAACCGCACGATGAATTCGTGAAATTGACCATTTTCCTCCAACCATTGTCTTTAAAGAGGAAAAAAAGTTCTTCCAACCATACCGAGGAGAATCAATAAGAATAAAATTCACATTATAGCCTAGATCTTCGATAATAATTCTTTGAATTTGTCCATAATAACCAAAACGGCAAGGTCCAACTCCACCAGCCATAAAAATGGTATCAGCTCCCTTTTCTATACCCTCAATGAAATTGCCTAAGGTCACTTTCATTGGAAAACAAGCATTTTGAGGAGCGAGTTTAACTCCTATTTCAATAGTTTTTTTAGTAATTGGGGGTGGAGGGACAATTTCAATGCCCAGTGCTGGATAAAGAACCTCCAGAACCACATCAAGATGTGCGAGATGAGGAAAGGTTGCTTTCAAATGTTTCTGTCCTCCATTTCATCATATCAACAAAAGCTTCCAAACGAGTTATTAAGCCAGCTTCGCCAGTATGTTCGTCAATCTCAAGGCGTAAATAGGGAATAGAATGAACTTCTCTTCTTAACCACCGTTCGATGAGCTCGCCAACCAGCGAATCGGGGCCACATTCAAATGATACTAAATGGACGAATCCTTTTATTACAGGATCTTTTTGGTATATTGAATGGAGCGCACTGCCTAATACTTCA
NZ_CP065383.1_gap21	617345	618258	913	TAAATAATCTTCGCTTAAAGAAATTTCAATTCCTTCGTAACCAAGTTTTTTAACTTTTTCCAGTACCGATATTCTTTCACGTGTGAATTTTGAAAAAAACAACAAACCAAAAACACCATAGTGCATTTTAATCATCCTTTCTTCATTCATAATCAGTTTTTCTATTTTAAGTTTAAAAATCTCCCTTTTCTATGTCAATGAATTTCGCTTTAATTAAAAAGTATCATTAATTATAAAATTTCTTATTACTGCATCTTTGACTAAATTATTGAAAGTTTTTATTTTGGAAAATCAACATTAAGTTTACTTTTTAAATATAACGCATTACAATGATCAAATTCTTTTAATTATTATGTTAATATCGTTTTCCCCATACTGAATGAACAAAACATAAAAAATAAATATAAGTAATTATTTGATGGCAATTTTTATTCCCTTATAATTTTTCTATCTTATCCTGCATTTCTTTGGTTCGATTTGGATCAAGCGCCCCAGCAATGATATGGTACTTTACCGAACTTTTCTCAGGAATAATTCTCACGTTACCAGCTGCTTTTTCATGAGTGTATCCTTCTGGATCACAAGTCCCCGGCAATAAAAACCCATAGGCTTCTCGATCCCGGTTCCGTATAATCCAACGGGTTGCATGGTCAAGTTGATCCGGTCGGTAGGAAACATAATCTCCTGAACCATTAGGATGAACTTGTAAAAAATGTGTCCATCCCCGATCATCGGTTTTGGGAGATTTAAGATAAATAACCAATTCTGGAAAATAAGGATCTTCAGGAAGTATGGTTTGCATGCGTTCAGGATTAGTTTTAATAGTATTCACAAACTGAATATACTCCTTACTCATAGGAATATCCTTCGAATGAGCTGGGATACTTTCTCGAAGTTTAATAAATTCTGTATT
NZ_CP065383.1_gap22	619698	623317	3619	TCTCTTACGCCTTTTTCTCGGTTCTGGGACCACGGAGCAGCTGCATCACAGCTAGTAATAAGAACTTTGCCTTTTCCACCCAAATATTCGGCTAAAAATTTTGCCTGCACCCGACCAGATTCAACAGTATCCTGCCCATAAAAAGCAATCCTTTTGGACGTTTCAGAATCTGTATTAAAGGTTACAACCGGAATTCCTGCTTCTAATGCCTTTGCAATAATTGGGTCAATGACTTCTGAGCTAAGAGGAGCTATTGCTAAGCCATCAACTTTTTTGGTAATGTAATTTTCAATTATTGATACTTGTTGATCAATATTCCAATTGACCGGACCATCAATAAAAGCATTAACTCCAAACTCCTTGGCAGCTGCATCAATTCCAGCTTTAAGCGCTTGAGCAAAGTTGATAGATACGTCAAGATATATGCAAGGAATTTCAATATCTTTTGGATCCTTATCTACCGCTGCATTTGCTATCCCAGAAAAAAATACAGCTACAACTAGTATGGCTAAAACTAGCATTAATGTTTGTTTTTTCATGATGCCCCTCCAAATGATAAGTTATTTTAAAAGAATACAGAATTCAAGCCCTCCTTTCTTTTCCAAGTATATATTATTTAAGTGAAAAAACCCTTTATTTTTTTTCCAAAACAACTTTTCTCAAATGTTCCAATGCAGCAACAGCATCACTTTTTTTCTGATATTTTCTAATTTTCTGACTATCAAGTTGGTCAACAATTTCCTCCAAACTCTGAATCATTCTAACTGCAAGGCTGCAAGCTTCAAAAGGATCCTCCCGGTAAGGGAACATATCGAGGGTTACATATCCTTGATAATCGGTTTGCTTCAAATACCAGAAAAATTCTAGGTTACTCCAGATATTTACTGATCCAGCAATTAAATCGTCATCCCAGGTTCCATAAGCATCATTGAAATGAACATTAAATAGCTTGCCAGCTCGATTTATTAAGCATAATGATTCTGCAGCATTTTCGTGGGCGAATAGGGCATGTCCATAATCGAGAGTAACGCCAAAATTTGATGCATTGACTTCATTGGCAAGATAAACTGCTTTCCCGGCATTATTTATCAAAGAAAACATGCGAGGTTCTTTTGGTTTGTACTCATAACCAATTTGTATATCCGGAGCATATGCACTTATTTCTTTCATAGCAGAAATGGTATTGTCCCATTGGGAGTAATAATCATTTTGAAAATAGTAATCAAAACCGTCTTGACCAGGCCATAGAGATGAAATTTTTGCACCCAATTCCCTGGCCATATCAATGCTCTTTTTGGAAAGGTCAATAGCCTGTCTTCGAATTTTTTCTTCAGTATTCGTAAATGCACCATATTTATAAACCGGATCCCCAAAAATATTGGCATTCACCGCATTAATTATTAAACCATTGTCCTTAGCCATTTTCGCTGCATCTTTAATGGCGATACCATTCAGATCTGAGGTATGAAGATCGATCGATTCTGCCCCTGGTATCCGTGCAACAATTTTTATTTGTTCTTCCAATGAATGCATCGGCCGATACCCACTGGACAAGAATCGATCAGCAGCAAAACTGACACACCATAATCCAACACCAATTTTAAATTTCTCCATTTTTTTCCTCCCCAAGATTCAATCCTTTTTTTATTTTGCCAATCTTTCATCCCTTTAAAGCATACTTTAATACTGTTCCCTTATCTACTTGATCACCAAACAAATTCGCTACTAACACCCCATTCCTCATAACTAATATCCGATCACACTCAGCTAATACTTCTTGCAATTCAGAAGAAACCAAAAGAATTGATAATCCTTCATCTCGTAATCGTTGTAAAATCCTATAAATTTCAGCCTTTGCTCCAACATCTATACCCCGAGTGAGTTCATCTACTAAAAATATTTTAGGTTGAGTAGCTAACCAACGCGATATAATAACTTTTTGTTGGTTGCCCCCACTTAAATTTTTTACCATCTGAGAAACGCTTCCTACCTTAATGCTAAGGCTCTGAACCAGTTTTTTTGCAATTTCAAAAACTTTCCTTTTATTGATAAACCCAATTGGAGCTACTTCCTTTGGATTTGACATATTGATATTATCTTTAACATCCATATTTGAAAATAACCCAGTTTTTCTCCGATCTTCTGGGACCATGGCGAGTCCATTCTTTATTGCCTGCTTAGGATTGGTAATATTTATCTTTCTTCCAAAAAGAAAAATCTCACCCTGATCCAATTTGGCAGTTCCAAAAATACTTTCTAATAATTCAGTTCTACCAGAACCTTGAAGACCATAAATACCCAATATTTCTTTTTCAAATAATTGAAATGAAACATTTTTAAAATATTTTCCTCGGCTTAAATTTTTAACCTCAAGTACCGAACGATTTTTTTCTAAATTTTTAATGGTTTTTTGAGAAAGTTCGTTTACTAGTTTTTTACCAGCAATCAAAGTAACAATTTGATCAATGTTTATCTCATTAGTTGGATAGGTTGCTAAATATTTTCCATCTCTTAAAACCGAAATTCGATCAGAAATTTTAAATACTTCCTCTAGTCTGTGGGAAATAAAAATTATAGTGACACCCTTTTCCTTTAATTTTAATAGGTTACGAAAAAGGTTTTCGGTTTCATTTAATGTGAGCGCCGAATTTGGCTCGTCGAGTATTAGCACTTCTGATTGAAAGCTAATTGCCTTAGCAATTTCAACCATCTGCTGTTCAGCAATCGAAAGGTTTTTTACCAAAATGCGAGGATTGATTTTAGCCCCCAAAGATTGCAAAACCAAACTACATTCCTGACACATTTCTTTGCGATTGATTCTCTTTTCTCTTCCTAAATTAATATTTTCAACTACCGAAAGGTTGGGACACAGTTTTAATTCTTGATAGACTATACTTATTCCCAACAAACGTGCGGCATGAGGATCAGCAATAACAACTGGTTTCCCTTTATAAATAATCTCTCCACCATCAGGTTGAATTTCTCCACCTAGAATATGCATTAATGTTGATTTTCCAGCTCCATTTTCTCCAACAATAGCATGAATTTCACCTTTCTGAATAGAAAAATTTACCTCATCAAGAGCAACTACACCTGGATACTTTTTAGTGATATTTTTAAAAATCACTAGTTCTTCCAAAAACTTTACCTCCCTTTCTGATTACTGTTTCAGGCTTATTTTTTTGGAAAATTCCTTATGATATTTTTTGCTTAGAAGTCCAGGTATCTAATCCTACAGCTCCAATGATGACCAAACCAATAATCAAAATTTGCCAGAACGGAGAAACTCCTAACAATATAAGTCCATTCCGGAGAACTCCCATGATAAGCACTCCAATAGTCGTTCCTAAAATTGTCCCTTCTCCTCCAGACATACTGGTTCCACCAATAATTACCGCAGCAATTACATCCAGCTCCAACCCATAACCAACTGTACCCTGAACGTTGGCTAGAAAAGAAAGGTTCAATATTCCCGCTAATGCACAGAAAAATCCTGTAATAACAAAAGCAGCAACTTTAATCATCATTACGTTGATACCTGATGCTCGTGCTGCCATTTTATTCCCCCCTACTGCGCGCATATAAAAACCCATGATGGTTTTATTAAATATAAAATAAG
NZ_CP065383.1_gap23	806829	809626	2797	AAAGCAATTCCCTCAAGTATTTCTTGATATAGGGGGAAATTTAAAAACCGGCGTAAAAAATGGGGATAAAGAACATTGATAATATTCAATTTTGGAAAAACATGTCCTTTCCTTGCCCGGTGAGACCGATATCCTAATTCATCTATGAGTTGTTCAACTCGGGCCTTTGTATAGGCGCTTACTCTTTCATCCCGATTATTTAAAACATTTGATACAGTACTTTTTGATACACCAGCGCTTAGGGCTATTTCATCTAAGGTAATCATTCTTAAATGCCTCCCAAATCATTAAAAAGGAGAAGCCGATGATACCCAAATTTCCTTTTTCAGCTTAAAATTTTCATTTATTAATTAGCACATTTATTATAATTTTTTAAATTTCACTAGTTCCTGACGGGCATTATCGAGTGTATTTATAAAGACGATATTCCTGATCTACCAAATCCGGATCCCAGTCTTTTAATATCCATACATATGAAACAATTCTTGAGCCCGGTTTAAGTTCTTTTAAGAATTTATCTCTCAAGAGATCATTTACATTTTGGAATAGAAAAATTGTCACGACATCGGCATTTTGTAACGATATATCATGAATGTTTTTTAGCTCAACCCTAATCTGGCGATGTAAACCGAGAAAATAAATCCGAATCCAGGACAAAGCAAAGAGCCAGGGATTAATTTCTATACCTACTGCTTTAGCACGGTAGTTTCGAGCAGCATAAATAAGAATTCTCCCATCTCCGCAGCCCAAATCATAAAGAGTTTCATCGGGTTTAAGGTCTGCCATTTCCAACATGCGCTTCACCCTTTTCATATCGGTTGGTTGCCAGGGAATTCCATGGAAAAATAGGGGAAAAATCCACCAGAAAAAAAGAAACAGTATTCCTATAAGTATAAAAATAAAAAATAAACTCACGGACCACTCTCCCAAATTTAATAGCCGAGCAACTCTGGTAAACTCCCTAATTATACCCCAGGAAAAAATTTTAACATAATTTAAAAAGTGTAATTCTTCGTGACGAATATTGTTATCATAAAATAATTCGCAGCACTTTATTTAAAATTATAAAAATAAATTGATTTCCCTACTATAACACTATCCCTCATCAAAATACCGAGGTATTCTGGGTAAAAAACTATTTTTCAACTGGCTTTGAGTTTACTTTCAGCTAAGAAAAGCTGCGAATATTTGATAGTGCTTCTCCTATTATGAGGTGTTCTTTGTTATCATTGCTTTTTATAGTAATAATTCAATTATTTACAAGTATAAAAAATAATTCCTGGTATTTATTTAGAATATTGTAGTCTAATAAAGAAGTTGAATTTGCCTGGTTTTTCATAATTTTCTAATAGCAGAATTAAAAAAGCAGGTCTTGCAAAAAAGTCCCCGTGTTTGAACTGGCGGAGAGGGTGGGATTCGAACCCACGAGACGGGTTTAAGCCCGCCTAATCGCTTAGCAGGCGACTGCCTTCAGCCACTCGGCCACCTCTCCGTTTTTTAAAATCGGCAATCTGCAGCTAAAAAGTATACCATCTTTCTTTTTATTACTCAACTTTTTATGGTTTGGAATAACAATCTTCCTGAGAATAAAGAACTAAGTATCTTTTTGTTGCTCTCCCCAGCTACCCATTCTTGATCGAAGTTTGATTATGGTCTGTGATAAGATTTGAGAAACTCTGGGTTCTCCCACTCCCAAAACTCGACCAATTTCTTTCAAGGTCAAGCCTTCATAATAGTACAAAGAAATACATAACTTTTCTCTGTCTGGCAACTCATCTATTTTCTTCCCTAAGAATTCCAATAGTTCTCTATTTTCAAGAATATCTTGAGGATTAACATCAGTCCGTTCATCGGCAATATTATCACCTAACTCTCGTCCTTCTTCACCTTTTTGCTGATCTAATGAAAAGAAAATTCCAGTTCGGTTTTGTTCAATAATCCAGCTGATATCTTGAACCGAAATGCCCATTTCGTTGGATATTTCTTCTAAGGTCGGTTCTTTCCCTTTTTCTGATTGGAGCTGATGCCAAGTTCCCATTACTTCTTTAAATTTTCTTCTTTGACCACGAGTCATTGGGTCCAAACTACGAAGGTAATCTAATGCTGCTCCGCGAATTCGAGATAATGCATACGTTTCAAATTTTAAACCTTTTTCTGGTTGATACCGTTCAAATGCTTGCATAAGACCGATAATTCCATAACCTTCTAAATCATCTCTTTCAATGAATGAAGGAAGGTTATATATAAACCGTCCTAGAGCAATTCTAACCAAATAAAGATAATGATTAATAAGCCTTTCACGATAATCAGCATCACTAGTTTGTAAATATAATTTCCATAATTCTTCAATATTCTCTTCTTTTCTGATGTTAATCATTCCCCCAATGATCTCCTTTACACAAAACCTGACGGTTTTTCCTATCACGGATGCCTATCTTTGGGAATTAATTCATTATAATTTTATACGAGAAATAATTTTTTATCGCACTCTATATTCTCTTTGATGTCTTAGTTCTGGTATGCCAAACACTTCATCGAGAACGACTGCTGCCATACCGATGGCAGCTGCTTCTTCTCCAACCTCGGCTATCACTATACCCACATCTTTGGTATTATAACTTAATGCCTGTCTCCTCACCATTCCTCGAATTGGATTCAAAATATAATCTCCAAAGGCCAGCAAATCACCTGTTAATATCACTATTTCAGGATTTAAAAGATTGATCGAATTGGCAATTGCCTCTCCAATAAACCTCCCAGTTTCCTCAATTATCTGCAAAGATAGCTTATCACCATC
NZ_CP065383.1_gap24	815182	818609	3427	CTCCCGGGTATTTCCGAATAATGTCCAAATAGACTTGATAAGCATCCGAATAACGACCCAGCTTTTCCAAACAAAGACCTTTGTTAAACATGGAAGCCGGGGCAATGAGGATACCATTGTACCAAGTTCCTTCTGGATATTGATTTATTGATTTATCAAATGCTTCTAATGCTTGTTGATAATCATTACGTTGATACCATGATGCACCTTCAAAATATTGAGCATCATCAGCAAATTCATCGTTTGGATACTTTTGGACATATTCGGCAAAAAGAGAAGCTGATCTATAAAAAAGCTCTAATTTATAGTAGCAATGAGCTAAACCATAGATTGATTTTTTCTCAATTTCTCCTCCAAAAATTCTTGCTTGATCATAGGCAGTTGACGCATTTGAATAGGATTCTAATATGTAATAACAATCACCCATTTCATAATAAGCAACTCCAACAAATTCGCTCTGTGGATAATTCTGGATAAGGTTTTTGTATTCATTTATTGCGTCCCACCATTGGCTCAAGCCCTGGCCGAGGCACCGAGCCAACAAGTATTGTCCGTCATCAGCTAATTCATTATCAGGATAAATCTGAATCAAATCTTTCAAAATAGATCTCGATATCTGATAATCTCCGAGATAATATGCCGAGGCCCCCTTTATAAATAAAACGTTGGGAATGAGGTTGCTCCCGGTAAATTTTATTAGATATTCTTCTGATTCAAGAAAACTTCGTTCATAAAAACTAAGCTGGTAGAGTGATACAAGATACTCGTAATCATTACTATCAGACGATAAAGATAGCGTAACACTCCCATCGGGTGATATGGGAACTTCATTCCCCTTAATCACGTTAACCTTAACTAAAGTACCAGCATATCCTTCACAAGAAAAAAAGATGTATTGTGTTCCAGAGGAAACGTTTTCTAAAAGAAAATCGCCAGAATCATTCGTATAAGCAACCTGATCACCCGTTTCCACGCGTACGCCTTGCAGAGGACCATTATCTCCGAATACTCTTCCCCGAACAGTGCCTTTTTCTCCGATATTCATTGACATACAACCAGCAAGAACTATTAAAAATAATGCACTTAAAACACTAAGGAGAAAGGGGTAGTTTTTCTTCATTGAGTTCCTCCTCCTATTTTCTTTAATTCTTTTTCTGCCCACTGATAATAGCTATTATTTTGGTTGGCATTATCAAGAACATATTGAAAATGTTGTTTGGCGTTTTCTTTGTCTTGCCTCTCGAGATAGTTCATGGCAAGATAATAATGAGCATCAATATAATCTGAGTATCTATTTACCAAATTGAGCAAAACCTTTTCGGCTTCTTCTCTTTCCCCTATTTTATAATATACGTAACCAAGATGCAGCAGGTATTGAGGATTTTCTAAAGAAATTTCCAAAGCTTTTTGAAGAGCCTCAATGGCTTTCTTCCACTCATTTACTCCTGGTGCAAGGCTTCTATTTTCATAAACATAAGCCAATCGAAACCATGCATTATCATCATTAGGATTAAGATTTAGATACTCTTGGAAAGCTTTGACGGCCTTGCCAGAAATTCGGTAAGCTTGTGACCATTTTTCTTTTTCTAATAGGATAAGTCCCATTTCGAAATAGGCATCGTGAGGTCGTATATCCTGTTCAGCAGCTTGTTCATACAAGCGATAAGCAGAATCCGTGTCGCCTTGTTGACGAGCTTTTTGGGCTTGAGTAAACAAATCAGCTTCCTGAGCTAATACCAACCCGGATAAAAATAAAACTAAGCATACCACCAATACCGAATTAATCATCCCAATTTTTCTCAACAACGCATACCTCACTTTCTCTCAATGCCTAAAAACAGAAACAATCCCATTGAACCAAAAATTATGTTAGGCATCCAAGCAGCTAACCAGGGTTCCATGATACCACCCCGTCCCAATGAGCGAAATATTGATAGCATCATATAAAAAACAAAAGCTAAAATAACAGTTACTATAACACCCAATGCTCTTGTATCTCGGCCTCTTTGAATACCAAAAGGTAGTCCTATCAAAATAAACATTAAAGCTGAAAAGGGAAGGGAATACTTCAGGAAATAAGCGGTTTCGAATTCATCAACTTGAGCTCCTGACTGTTTCAAAATTTCAATCTGTTTACGCAGCTCTCTTGTTGACATCTCTTCAGGGGCTCGTTGGTTTTCAAAAAACTCCTGCAATTCTTCTTTCATGTCAATCTCCATCTCATTGAATTCTATTTCCTGGAGAAGGTATCCGGTATCATTATATCGATGAACTACTCCTTCTTTCAACAACCAGCGATCTTCCAACCAAAAAGCACTTTTAGAAGTGATGACATCGGGAAACTCTTTTTGATCCTTTAAATCATAAATAATCACTTTTTTCATTTCCCAGGTTTCATTGTCCAATTCATTCACATAAAAATAACGGTTTTCAGCATCTCTAAAAAAAACATTTTGTTGGATTTTCGGTGGTCCTTTTTTATAAACATACTCACGCATCAGAATCTGTGCTTTGTGGTTCGATTCAGGGACTATAATATCATTAAAAAAATAAGAGCCGATACTGACTAAAATCGAAACTATCAAATAGGGAAGCAGTATCCTTTTTAGACTAACCCCACATGCTTCAATGGCTACCATCTCGCTTTCTCTCCCCAGCCTTCCTAAATGAAGTTCAGAAGCCAAAAGATAAGAGATTGGGAAAGTAAGAACCATTTGGGCCGGGATATATAATAACAATATTTCTAATGTAATCAAGAGAGGAACCTGTTTGTTGACAAAAAAGTCAGCCAATTCAAACAAAATTCCCACCAACATAACAATGGTTACTGCGCCTACCCAGGTAAACATGCCAGTGAGGCTTTCTCGGGCTAAATAGCGATCCATAATTTTAACCATCAGCATTCTTCACCTATTTCGATTGGATTTAATGGGGTAACCTTTTATGGCTAGATCATCATCTTTCCTTGCAGATTGAATTAACAACGTGTGGATCACAATCTCCCATGGTAAAAATATGAAAACTTTTTTATCCTTTTGAAATAGCAAATTAAACGAATGTTCCAAATACAGAGAGTAATTTTCTCGGCAACTTATTGTATCTTTTTTAAAGGGATTTGTCAGCAAAAAGGCATAAACCCAATAGCTCCTAATACCCATAGCTCTTCTATCTGGTTCCTTTTTATTCAATTTTTAATATTACCGCATATTGATTAAATAAAGCTAAATCCTCCTGTTAGATCCGATATAAGGAAGAGATAATGAAATGTTTCGGGTTTTTCTCTTGTTTTTTTTAGCTACTTCAATTTCAACCATCCAATATGCTTATAAATTTATTAAAAAATTACTTCATTTCACTTGATCGGTACTTTAATCTTCTGAGTAGGTTTTTAGCGGTAATAAAATATTCCGGCTATTCCAGCTAAAAT
NZ_CP065383.1_gap25	877536	879671	2135	CGGTCCCTCTTCAATAGAACAAGAGGGACCGGAGGAAAAAAGGAGGATAACTAATACTACAATGCATTTTAATAAATTTCTTTCCATAGCTAAAATTTACGACGGTTGTATAAAATTTGATTCAGCAGGACGCTTCCCACCAAAACCAAACCAAGAGAGCCCAACTGCCAGATCTGGTGAATTCCTGCGAGCTGCATTCCATTATAGAGCATGGTGATGATGGCGATACTTAATACCACCCCGCCGGCTGTCCCTTCTCCGCCCTTGATGCTGACACCTCCTAATACAGCTATGGTGATGGCTTGGAGTTCATAGCCCGTACCAATATCAGGGCGAGCACTGGCAATCCGCGAGGTTATTACCCAACCAGCTAAGGCGCTCAGGAGGCCGGAAAGAGTGTAAACGATAACTCGAATTTTTTTGACGTTAATCCCAGAAAATATCGCCGCTGTTTCATTGCTCCCCACACCATAGAGATGTCTTCCAAGCACGGTTCGATTCATGAGGAACATGAGGATTAAAACCACTGGGATAAAAATGAACAGCACCTGAAAGGGTAAGCCGCCGATGCGATGTTGTCCGATATAATAGAAAGACTCAGGAAAGTTGGAAACTGGCATCGGATTAGGGCCAAAACGAGGATCAACCGAAATAATCATGGCTAATGATTTGTAGACGTAAAGGCTGGCAAGAGTGACTATAAAAGGAGGGATCTTGGGATAAGCAACCAGGAAACCATTGGCATATCCCATCGCACTGCCGGCGATAAGTCCAATGATGATGGCAAAAGACGGGCTAAAACCAGCTCGGCCGATAAGAACTCCAATAATCATAGCGACAATGGTCAGCATGGAACCAACGGAAAGGTCAATGCCGGCACCTCCCGATAGGATAACCAGCATTTCTGCTAAGGCTAATAGCCCCAGCTCCACACCGTATTGGGTCATATTGGTGAGATTATAGAAAGTAAAGAAACCTTTTACGGAAAAAGCAAACACCCCAAAGAGGATGAGGAATAATACCAAAAGAAAAAGTACCCGATTTTCAACAATGTGACTACCTATGTTTTTCATAGCGATTCTCCCCTGGATCGGACGAGGTCAATCATAACCGAAATCAAAATCAGTACTCCAATAACCAAACCTTCGCTGAGGGCGGGAACATTCATGAGAACCATCCCATTTTTAATGATTCCTACCAAAACTGCCCCCAGTAAGCTCCCAATCGCCGTTCCTTTTCCTCCAAAGACACTGGTGCCACCCAACATTACTGCCGCGATGACTTCGAGTTCGAAACCAGAACCAGTATTGGTTTGTACAATTCCGGTGCGGGCTACGTAAATGAGCCCGGCAAAACCAACCAAAAGACCAGTTAGGGAATAGACAATTATGATGGTTCGTGAGAGGCTTACACCAGAAACTCGGGCAGCTTCAGGATTGTTTCCAATGGCATAAATTGCCCGTCCGGTTGGTCGGGAACTGAGAAAATAGCTGAAAAGGATGATCAAGACAGCGGTAATCCACATTGACAAGGGGATACCCAGCCATTTTCCTAAGCCAATGATCCGTATATCAGGTGGAATTCCCGAGACCCACCGACCACCAAGCACTTGATACATTAAAGCTCGCATCATGCTCATCATCCCTAAGGTGACAATTATGGGCGGGACATTCCCATAAGAGATGATGATCCCATTGAGAATACCAATCCCAAAACCGGTAGCAATTGCCGAAAGGATAACGATAATAAAGGATGAACCAGCCATGAGAAGTTTTCCGGCAACCACTGAAGCCATACCTAAGATTGAACCCACCGAAACATCGATACCACCGGTAATGATGACCATAGTCATTCCAATAGCCGATATGGCGACTCCGGAAAGCTGTAAGAGCAAATTGGAAAGGTTACTGACTGACATAAATTTCTCAGTACCCAGAGAAAAAATGACCATTAATACCACGATAAGACCCAAAACTGTAAATTCTCTGCGTTTCATTATAATTTGGAGGTTCGCAGTCATAGGTTTTTCTCCTCAATTGATAAGCCCTTGGTTTTCAACATTCTCTCTCCAGTTGCGGCACGAATCAGGTTTTCTGAGGTGATATCTTGATCTTCAAAAGCCCCGGTGATACGAC
NZ_CP065383.1_gap26	901583	904827	3244	CAGCTCCAAATTCATGGGCAAAATTACGTCTTATTTTGACTGGTTCTATCGCCATAACATTGCCTCCAGAGCGTGCGGCTACCGCTATTATGCTTAGCCCCATCGGGCCAGCTCCCACAACAACCACTTTGTCTCCCGCTATAACTTTGGCACGCTCTCTAACCGCATGAAGGCAATCTGCAAGAGGCTCAACAAAAGTTCCTTCTTCGTAACTGACATTATCTGGCAATTGTTGAGTATATTTAAGGTTTGAAGCTGTAATCTTGGCAAATTCTGCATATCCGCCTTCACCTTCTGCAACTATACGCGAACCAACCTTGAAATCCTCAACCTTAGATCCAACTTCAACAATATCTCCTGTCCATTCATGGCCAGGATTTACTGGGAAAGGAATTGGTTTATAGTTAGGCGTTGTAAATTTTCTTATTTCAGTTGGACATATTCCACATGCACGAACCCTTACGAGGATTTCATCAGGTTCGATAATTGGAATAGGTGATTCGACTATTCGTAAGTCTTTTATTCCAAAAAGCTTTACTTCCTTCATGGTCACTTCAAAACCACTCCTCAAAAAATTAATTGGTTTTTAATTATTAAATATTTTGAGCTAGAAGACCCAAGTATTTCATAAACAGACCATAAGAATGATCATAAATATCCGCCATATTTTTTTGAACTCTTATTGTTTTTTGGTAAGTTACCCATTTTTTTAAGTTTTCAGACGAAAATATTCCCACAGCTTTTCCAGCTAAAAATGCTGATCCGATTGGGGCTTGTACTGATCCAGAAATAAGTTTTTGCTCACGTCGACATACGTTGGTAACTATTTGTGTCCAAAGTTCGCTCTTACTGCCCCCACCTCCAGCAACAATCTCATAATCCTTAAGCAATCCTGCTTTTTCTAGTTTAGAAAGACTATAGCGTAGAGCAAATGCCATTCCTTCCAGTGATGCGCGGTATAAATGTCCAAAGGTATGGCTTTGATTGATTCCTAGGATCGCACCAAACATGTTAGGATTTACTTCAGGGCTTCTCTGTCCAGTCAAATAGGGGATGATTATCAAATCATTACTACCAGGCTTAACAAGCATAGCTTCATTTTCTAATAAATCATAATCAGGTACACGATCATTCCAATTGAGAACATTTCTCAACCATTCGATTAATGCACATCCAGTTCCGAGTACACTACTTACAAAATAATTATCTGGTTCTAACCCTGGTGTTAATATGAAACCCGAAGAAACATATGGTTTCCGTACCGAGGACATCGTCACCAAAGAAGAACCATACAAAAGTACGAGGGATCCATCTTCTATGACTCCTGTGCTTACCATTTCAGCTGCTGCATCCCCAACGCCAGCAATAACAGGAGTTCCTTCTGGTAAACCTGTTTCACGAGCGGCATCACTTATTACGGTACCAACCAATTCTGTAGACCAACGCAATTGTGGAAGTAAGGAGAAGTCAATGCCCATTCTGTTGAGAGCATCGACATCCCACTTACAATTACTAAAATCATACCCATAGCCGCCATCACCAGCAGAGAAGTGATCCCAACAAGCCACTCCAGTTAAACGCAAAACAACATAACCATTTGTCCCTAAGAACCATTTTGTTCTTTTGTATAACTGAGGTTCATGACGCATTAACCACAACATTTTTGGCCCAATACATTGAGTGGATAAAACATTGCCACTACTTTCTAAGATTTCCTTTGGACCAACTTTTGAATTAATCTCATTGATTTCTTCAATAGCACGGCGATCAATACTATAGAGAATTCCTGGACGAAGTGGTTTTCCGTTGTAATCTACGGGTAACAGTGTAGGGCATGTTCCGCTAACACCTATACCGGCAATTTTCGATCGCTTAGGAGCTTGAGACATAAGAGAACGCACAACAGCTACAAAACCACCCCACCAAACTTGATCGGCGTCCTGTTCCGCCCAAGTCGGTTGAGGTCTATTTACACTATGGAATACAAGATGAGATGCAATTATTCTTCCACTTTCGTCAACCAAGACTCCCTTGGTTGACGATGTGCCTATGTCTACTCCAATCAGAAGCAAGTGCCCAATCCTCCCTTATAAATGTGAAATAATATATTCAGTTAGCGTGAGCCGGTATCGCCTTTTCAACAAATCGCTGACGGAGTAATTGGAGATCGCCAACCACAGGGGTTCCCCATTTTTTTCCCGTATAAGCTCCGGGTTTATGATCAAAAATTGTGCCATATTGGAAAATTGCAATCCCAGGTGTATTAACTTCACGAGCAATATCAATTAGTTTGGCTACATAATTCATATCTGGTGCTTTTGATAGAAAATTAATATTTTCTCCCGCTAAAGGATGTGGTATGCCAAGTGCAGATATCCCTGGATACAATTTAGTTCTTTCGGGTATTGAAGCTCGGAGTCTTTCAATTGTTTGTCTATAATATTCTGGTGAGTACCAATAAACCATTGGACACACGAAATCAAGAAACTTCGAGAATCCAATCCAGTCACAGTAAACTTGGCTTGGAGCAGTTCTAGGATTTGGGAATACTGCAGCAGATAATTTAACATTAATTGAATTAGCTTTAACCACATTATGAAGGTATTCCACAGTATCATGAACATTCTGGTTGTAATAATTAATTACCGATCCAGCCCTATCTAAAGCAGTTGCCAAAGCCTCAGGATCCAAGGAGTCAAAACCTTTAGCATTAAGCAAATCAACCGTCTGGTCCATGGTTAGGTTGAATCGCTCTTTAATGTTTTTCCTGCAGTTGTCACAGAAACATACTGAACGAGGATAACGAATGAAGTCAATATTAATTCCATCAACTGGGTACTTTTCGATGACTTCCTGAACGAGTGAACCAAGATATTCACGATATCCCAAATGACTTGCACAAACGAACTCGCTACGACGTCCTTTTCTATCTACGACAGCCCATTCAGGGTGCTGGGCTAATTGAGGTAATTTGCCCCTTACGGCTTTTGCCCCAATATCACCCTCGGTAAATATTGAAAAATAAGCGTGAACCTCAATTCCAACATCATGTGACATCTTAATTACATCACCAAAGCTGTCGTAATCATAACAGGCTTCATGACTTAAACCGATTTCGCTAGGATACCATAACGCAGGAGCGGTGTTTGCCATACGAGCTTTTACAAGCCAGAGGAGCATATTTACTCCCAAGTATTTTGAGTCATCAACAATCTGCTTTACGCCTTTAGCATTAAAGCCTCCT
NZ_CP065383.1_gap27	944987	947053	2066	GTTTTGATCTTCATAAGTTTGGTATGGAACCGCAGAAGCAATTGGACCGGATACGACCAATTCCTGAGCGGTTTCAACAAAAAGTTGGCTACCTGGTTCTACTTTAGCTGGTTCTCCATTGATTAAAAATCCAGCCACGGCTCCGATTGGGCCAAGGGCGACCAGACCGACAATACTGGTCCCAATTGCATACGCAAATGCTTTATTTTCTTGAATGGATTTATCGCCTAAGGAGAGAAGAATAGGAGTTCCATCAAGACTAGTGATTGAGCCAAAATCAATCTGAATCATGCCAGACCTTCCAAAGTTTCCTTTACGGCGAATTTTGCTGATCCATCCTTCTCCTTCGGTACCGGCTGGAGCGATGAGAATATCATTGACAATAAAATCTTCAGCTAAAACATAAGGAACTGGGTCACCAAGGTTATTTTTTTCTGAATTCAAATTTGCTTGGATGCTTACTTTAACTAAAGATTCAGCAGGAACGGTAACTTGGAAATTTGTTGAATAAGAAGGATTTACTACGGTTCTGTAAAGTTTATCTACTCGGACACCAATCGGTTCAGCACTAGGAACGCCAAAAATGAGCTGTTCAAATTCGTCGAGTTGAGCGGTTAAAATTCCAGTTTTCTGGTCAGCGGTATTGAGAGAAAGTCGAATGGATTTGAGTTTGAAATCTAAAGAAGGTTCTTCAGGTGTACCGGTTAAAATAAAGGTTTTCAGAGTATTTATTCTTTCCATTAGAGTTCCTGACAGAGTATCTCCAATTAAATCTCTTTCAAGATTTTCGGTACGGATTAATACACTCCCAGTTTTTGGAATACCATAAAGTATTTGTTCCATATTTTCCAAGTCTTTTGCCAAAGGTGATGCTACCTGGTCTTGGCCATATGCTGGAAAAACCAACGCCAATAACAATATGCTTATACATAAAACGGAAGCCATCTTCATAGCAATCACTCCTTCATATTTCTTCTTATCATTATACCGTAGAGTTGTTCCATCTTTACGGTATTTAGTTAAAAATTTTCATTGATTTTATGAATAGAAATCAATTATTTCTTTGGAGACCAGAGATGGCATTTTACCCAGTGGCCTGGTTTTATCTCAAAATCGGTTGGTTCCTCTTGATCGCAAATCGGCATCCGATTCGCGCAACGGGGATGAAATACACAACCAGCGGGCATATTTACTGGACTTGGTATTTCCCCAGTAGAAGGAATTTTTCCAGGTTTTAATTTTTCTTCTTCTGAGGATACTACCGGAATTGAGGATATTAACATTCGGGTATAAGGATGGTAGGGAGTTTCAAAAAACTGCTGAGCTGGTGCTATTTCAACAATACGACCCAGGTACATGATGGCGACGCGATGAGCAATATTTCTCATTAAGCTTAAATCATGAGTAATGAATAGATACCCCAAGTTTTTTTCTTGTTGGATTTCGATAAGTTTATGGATGATTTTTGCCTGAATTGATACGTCCAGAGCGGAAGTTGGCTCATCTAAAACAATGAGCGAAGGATTGGTTGCAAGAGCTCTGGCAATAGCCACCATCTGTTTTTCTCCACCCCCAAGGGAACGGGGATATTTTTCCATATATTCGACCGGAAGTTCCACCAAGGACAAAATTTCTTGCACTTTTTCAGCAATTCCTTTTTTATAATCCATATCATGAAGACGGATAGGCAGGGTTAAAATGTTTTCTATGGTTTGCCTTGGGTTAAGTGAAGATCCCGGGTCCTGAAAAACGATTTGAAGTTCTTTTTTTAAAACCCGTTTTCTTTTGTGGTGGGAAAGGGCAATATCTTGCCCTTGGAAAAGAATCTGTCCACCACTTGGTTGATAGAGTCCCATAACAGTATAGGCAACCGTGCTTTTTCCTGAGCCTGATTCCCCAACCAGTCCGAGAGTTTCTCCTGGTGTGATATTAAAACTGACATCATTGACTGCTTTTACAATTCCTTTAGTCGTTGAGAAATATTTTTTTAGTTTTTTTACTTCGAGTACGGCGTTCACTGGTTTGCCTCCTGGTATAAATAACATGCCACTTGATGAGTATCGTTG
NZ_CP065383.1_gap28	982264	985457	3193	TCTTTTTCCTCCTTAAAAGATAGATAAAAAAGGGTGCACCCATTAAGCTGGTTAACACCCCAACCGGCAATTCAACCGGATGGAGAAGGGTTCGGGAAAATATATCAGCCCAGAGCAAAACACTACTTCCTAAAAAGAGAGATGCAGGAAGAAGCTGGCGATGATCCTCACCAATGATAATTCGAATAATGTGAGGCACGACTAACCCAACAAAACCAATAACTCCGCTTACTGAAACTGATGCAGCAACCAAGAGCGACGTAACTATTAAGAGAATTTTTTTGGTTTTTTCTACTTCGACCCCCATGCTTTCAGCGACTTTTTCTCCCAATAGAAAGGTATTTAACTCTCGAGAATAGGAAAAAATTAACGGGAACCCAATTAAAAAGAATGGCAGGAGAGTATAGATTTTATTCCAACTACTATTCCAGAAGCCACCCATAATCCAAAATACCATTTGATGCAAATTTTCTCCAGCCAAGAACATTCCCAATGAAATGAGAGCAGAAAAGAAAAAGCCGATAGCCACTCCGGCGAGAAGCATGATTTCTAAAGGCATTTTATGCCCTATCTGACCTAAACGAAGAACCAGAAAAGTAGTTGCCAGTGCGAATAGGAAAGAAAAAAGAGGGAGAGTGATAAAACCCAATGAAATACCACTTAAAATTGCTACAATGGCTCCAACAGCACCACCCGAGCTAATTCCTAAAACATAGGGGTCCACTAAAGGATTTTGAAATAGACCTTGAAGAACCGCACCGCTTAATGAAAGAGCAGCGCCCACTAAAACTGAAAGGATTAAGCGGGGCAATCGAATTTCAAAAAATATAGTCTTTTCTGAAGGTGAGAGTGACTGGGGGCGCAAGAAAGATAATAAATCTGAGATCTGAAAACGACCACCACCAATTCCCAAAGAAAACACCATACTCAAAACAAGAATAATAATGAGAATAAAAATAATTCGCCTTCCCTTAAGTGATTTCATTTTGCCTCTATTCTTGAATTTTACATTCTCCAAAGATTTCCGGGTGGATGATTTGGGCAAAGTATTGAAGTGCTGAAATAACTCGAGGCCCTGGCCGGGAAACTAAATTAGAATCAATTAAATAGACTTGATCATTTTTTACTGCATCTACTGTCTGAAGCCGGTTATCAGTTGTAACAAACTGATAGAGTTGATTTTCCTCATTTTTCCCATGATTTTCAATAACTGTAATGATCGAAGGATTCCTTTTTAAAATTTCTTCGAAGTCTATTGTTGAATAGCCTTGAATATCTACAGCTAAATTTTTACCACCAGCTAAAGTAATAAATTCGTTGATGAAAGTACCGTTTCCAGCTGTCCAAATGGGATCGTGCCAAATAATGTGGAATACCAGTGGTTTTTGATGATCTGGAATTGATTGAGCAAAATCATTTATTTTTTTAAGTTGATCCTTCATGGTTTTTACCAGTTTTGAACCAGAAATTTCCACCCCGGATAAGACCGCAACTTTGGTTATATCTTCAATGACCTGCTCAATGGTTTCAGATTTAAGAGTAAAAACCGGAAGATTGAGTTCATGAAGGCGGACAACGGTCTCTTCAGGGGTTAAGGAACTCGCTAAAATTAGGTCAGGTTGTAGGGTGAGGATTTTTTCCAAGTCAATTTCAGTAACATTCCCAATTTTTTCTTTTTCTAAGGCTTCTGTAGGTTCATCACAATAGGTAGTCACTCCAACGATTTTATCATTTAAGCCAAGCGCGAAAAGAATTTCAGTATTTCCTGGAGCAAGAGAAATAATCCGATTTGGTGGTTGAGAAAGATTAAGAGTAAATCCGGTTGCATCGGTGGCACTGAGTGGCTGAGAATACGATATTGTTGAAGAAAAAACGAATATCAAGATGCTTAAAATAGCAATAATTTTAAATTTACTCATTTTACTCTCCTTGTTTGGTATGAGCCTGATTGTTTCTACGTGGAAAGAAGAGGGAGACGAGGGAGGGTTTCCCAAGATTCTGGTGGCGGCCCAGAAGCTTTTCCCACCTCCTCTTTCCGCGAAGAGTGGCAAGGATGTTTTGGTCGGGTTTCCTGACTTCTGAATGTAGTCATCTAGTTGTGCCTTCCCAGTTATCACCAGTGGCATAAACAACCAGCATTTTCAGTTACAGTGGCGGGACCGCGCCGGACTCACACCGGACTTCCCCGATTAAATAACCAAAACAACATTGCGGTGAGTATATCATATTCCAATCCTATCAACAACATTTTCAGATCTTTTCTTGGAAATGAATATCCCCTTTAGCAAAGGGGGTTAGTGGGATTTGAGTTTTTTCCTGCTCGGTCATTGCGAGGAACGTCTTGTGCGACGTGGCAATCTCATTTCGTAATTTTTTTAAAATAATGTAAAGATGAGATCCTCACGTGGGAAAGCACCACTCAGGATGACAGCAATATTTAATTTGTCATTCTGAGGAACGTATTATGCGACGTGAGAATCCCATCTTTCATTCCTATTTCTTTTTTTATTTTCTAAAAAATACTCTATAAAGATATAAAGACACCCTCCCCGCCGCGAAAGCGGCACCCCTCCAAGGAGGGGAATTGTTGAATTCATTCCCCCATTGAGGGGGGATTTAAGGGGGGTGTGCCTAGTCTTTTTTTGTTTATTCTTTTTTCACCAATATTGGTATTTTCAGGATAGACCTTCATGCTGCTTTCGCAGCACCAGATGAATATGAAAATAAGTTGCCCCCTCACCTTAGCCCTCTCCCACCGAGGGGCGAGGGAAAAAAGAACAAAAGAATTCAGAGTTCCTTCTCCTTTGATGGGAGAAGGTCAGGATGAGGGCGAAAGCCCAGGATGAGATCCTGGTAAGTTACTCAATATGAGTTACCTATAAAAATCATTCTGGTATTTTCAGGATAGACCTTCATGCCACTTGTGTAGACATCAGGAGTAGATGAAAACAAAGATTCGACATGCCATGGCATGTCGCTACAATAATTGGGCGAAATTAATTATTCACCTACGTAAAAAATTCTTTTGCAGGGGCTTGATCTATCAAGTCGGTAATTTTCTAATTAATCAAATAACAGCGACTCCTTATTAATGTTCTTGTTGAGCTATTATCGAGCCAGGAAAAACCAGATTACTCCCCAAGAAAATACCAATAGGAACGGGAAAAAGAGCAACCGGTATGTGGAAATAAGA
NZ_CP065383.1_gap29	1053067	1056230	3163	AATGTCATTAGAAGAGCGGGTGAAGGTATTTTCTGATGAGGGATCAGGAACAGTTCGTGAAAAACAAGACACTGAAGAAGAGGGAGAAACGCCCACTAATTAAAAATTAAGAGAATGGAGGAAAAATATGGCAGGTATTGTCGGAATATATCAAGGAAATCAAATCTCTCTGATTGAAAAACTTTTACCAGAAATTGCTTATCGAGGTCAATCAGGGAAGACACTTTTCCAAGATGATCATTGTTCTCTCGGAATGGTATGGACTGATGCCCAGGCACCTCCCTTGCGATCGGAGAAAAATAAAATAATTTATGAAGACCAGGGTGGCGATGGTCGTTTAGCGAAAATAATCCTAAGCAAGGAAAATATCTTTCTAACTCGTGACTTCCTTGGAATTGCACCACTCTACTATGGTTGGAAAGATAATGAGGTTTTAATGTTCGCTTCAGAGGTAAAGCCTTTGTTAAAAATTGTACCGGAAATCAATGAGCTTTTGCCTGGATATGTATTTAATGGAAAAGACTTGGTTTACCAAGTGAAATTACCACAACAATCAGCCTTAAAAGACGACCCCAACCAGATTGCCCATAAGCTTTATAAAATATTATCGGAAGCGGTTCAAAACTGCATATCTACTCAGGAAATTGGATCTTTGTTATCGGGTGGTTTAGATTCCAGTGCCATATCAGCTATTGCCCGCCATGATATAAAAACATTTCATACTTTTGCCGCAGGGATAGCTACAGCTCCAGACCTTTTGTATGCTCGTGAGGTTGCGGAACATATCGGTTCCATTCACCACGAAATGGTTGTTACCCAACAAGATTTAATAGCAATATTACCAGAGGTTATCTATCATTTGGAATCCTTTGATCCGTTATTGGTTCGATCAAGTGCAACCAATTATTTAGTTGCCCGCTTAGCGGCTGAATATGTCCCTGCGGTTTTTTCCGGTGAAGGTGGGGATGAATTGTTTGCCGGTTATGATTATTTAAAATCAATTCCCACTGAAAAGTTGCCCGATGAATTAAGGGATATCATGCTTCGTCTTCACAATACAGCTTTGCAGAGGGTAGATCGTTGTGCTTCTGCCTTTGGTATTGTAGCCTATGTACCCTTTCTTCACCCCGATGTTGTCAGTTTCGCTTTAAGCATCCCTCCTCAGTATAAAATAAAGAATCAAGAAGAGAAGTGGATTTTGCGATGCGCATTGGAAAATGAACTCCCAAATCGAGTTCTTCATAGAAAGAAAGCCAAATTTTGGGAGGGAGCTGGAGTCAATGAAATTTTAGCTTCCTATGCGGAAGAGAAAATTGCAGCATCAGAATATGAAAAAGAGCGTATTCTCCCGAATGGATGGAAACTGCATTCTCGGGAAGAATATCTTTATTATAAAATTTTTAAAGATTGTTTTGGCAAAGTAAATCGTCTTGACTGGATGGGCCGGACGAAAACCTATTCAGAAAATTAACTGTTTTTAAGAATAATGTTTTCCCAATTAAGATGTAGTAAATTTCTTCAAGGAGAACAATTAAAGCTACCATTCTATCCTGAAAATACCGTGAACCGTGAAGCGTGAATTGTGAGCAGTTTAAAAATCCACCCTCATCCTCACCTTCTCCCATCAAGGGAGAAGGAATGATATAATTTTTTTCCCTCGCCCCTTCGTGGGAGAGGGTCAGGGTGAGGGGGATACCTATTTTCATCCTTACCTAGTTCTTCTAGACATCATGAGGGTCTATCCAGAAAATACCATCTTATAAATTCCCCCATTGAGGGGGGATAAAGGGGGGTGTGCCTTTAATCGGTCATCCTGAGCCCTCGCTTTTCGAGGGCGTGAGGATCTCATCTTTTAAGTTTTTTCTTCATAAATACTTTAAATGATGAGATTCTTACGTCGTCCGGCAAAAACACCGGACTCCTCAGAATGACTAAGTGGATGGTAGAGATTGCCACGTCGCACAAGACGCTCCTCGCAATGACCGAGCAGGAAAAAAACTCAAATCCCCCTTACCCCCTTTGCTAAAGGGGGAAACGATTCCTGGGAAGGCATTTTCATCCTCATGTGGTGCTGCATAAGCAGCATGAGGGTCTATCCTGAAAATATCGTGAATCGTGAAGCGTGAACTGTGAGCAGTTTAAAAATCCACCCTCATCCTCACCTTCTCTGTACGAACGGGGACATAGGTTACACTTTAGTCTAAGGACATAGGTAACACTTTTTAATCATCTTGAATCTCCGTTGATTCAAAAGTAAGGGTCTTTTTATCAATTATACCAATATCATAGGTAGAGAAACTAACTAACCAGGAATGAGTATAGTCTTTGAATCCGAGAAGTTCACCAGCAAAGACTTTACTGATTCTGATCAGACGGTTGCCATAAAGAGAAATCCGTCCTGAGGAATCGACTTTACGAGTGAGCGTATGATGAGGATATTCACAATCACTTAAGGTTTTTGGATAGGGCCGGTCACTTTTGTGGTACCAGGAAGCTGGGGTTTCTTGGTTGATTGCTTCATGGGGTCGTACGGTGTTATAGATGGTTTTAAAGGTTTCAAAGCGGTCTTGTTGGGTGAAAAGATTGGTGGCTGGTTTTTGACAGGCCTCTTCTTTTAAGGTGCGGTGCATCCGTTCATGACGGCTATTTTGTTCTGGATGTCCCGGATCAATGCGCTCTAAGATGATGCCGAGTTTCACTAACCACACCGAGAGTTGAGTGAGTCCAAAGGGAGAGTGAAGAGAAGCAAAGGGACTCCCGTTATCACTGCGGATCACCTGGGGAAGACCATATGTGGAAAAGCACTCTTTGAAGACCGGAAGGGATTCTTGAATGCTGGGAGAGGAAAGAGCTTCACAGGCAAGGAGATACCGGCTATAGTGATCGGTGATGGTTAAAGGATAACAGTATTTCCGATCTTGGGTTCGAAATTGTCCTTTAAAGTCGACACACCAGATCTCATTGGGTTCATGGCTGGTTCGAAGTTGACTGGTTGGCACACTTCTTCTCAATCGACGAGGGTGTGATCTCACCAGTCCATGGCGAGATAAGATGGCACTGATGGTACTGATTGCTGGAAAGACAATATCGGGATACTGTCTTTCCAAGGCGGGCTTGAGCTTTTTAGCTCCCCAACTGGGATGCTTGAATTTGGTATCCAGAA
NZ_CP065383.1_gap30	1064957	1068154	3197	CTGAAAGCTACTCCCGTCTAAAAAAAGCCATTAAAACAGTCTCAATATTTAAAAAAGATCATATCACTGCTGCTCAAATTTTGGGTATCCATTTAGAGGGACCATATTTGTCTGAAGGACGAAGAGGTGCACATAATCTAAAAAACCTAAGAATGCCAGATCCTTTAGAGATGGAAGAATTTTTAAATATCGATCCTGGTTTGATTAAAAGAGTTACCTTGGCCCCAGAACTTCCAGGGAGTTTAGAGCTCATAGAATTTTTAAGTAAACAAGGTGTTTGTGTATCTTTAGGGCACAGTCAAGCCGATCAGGAAACCTGTAATTTGGCTTATCGGAAAGGAGCACGCTTAGTAACTCATTTATTTAACGGTATGGATCCACTGAATCACCGAAAGCCTAATTTACTTTCTTTTGCCCTTGGTTTTGATGATATTACTGTTGAACTCATTGCTGATATGATTCACGTTCATCCGGATATCATTAAAATCGCCTTCAAATGTAAAGACGAAGATCACTTTATAGCGGTAAGCGATGCGGTTAGACCAACTGGCTTTAAGGATGGTGAATATGAATTTGGTGGGGAATTGATGATAGTTGAGAATGGAATAGCTCGAATGAAATCAACCATGAGTTTAGCCGGCAGTACCTCTCCCCTCAACCATTGCCTTGCCAATTTACGAGCACATTTTCAAATTTCTCATCCACGATTAGCTAAAATTGGGAGCTTTATTCCAGCTCAACTTATTGGGATGGATCACCAAATAGGAAGCCTTGAAATCAATAAAAATGCCGATATTGCAATTTTTGATGACGAATTGAATTGCCATGCTACCTTTATTAATGGCGAGCAGATTTTTAATTAAATAAGAGCCTGGTCATAATATTAATGGACATATCCTCTTTTTTGGCATTCATCAAGAAATTGATGGTATTTTTCTTGGTATTGAGAAGATATTGATTTTATAGGCTCATAAATCTTATTTATTTTCACCATTTTTTCACAAGCAAGAGATAACCCTCCAAATAAATGAGAGGCAGCTATAATGCAGGCACCCATCGCGGATTCAGTTGTTTTCGGCAGAAATATTGGTTTTGATAAGATGTTGGACCGAATTTGGCACCAAATAGGGCTGTTTGAACCGCTTCCTGAAGAATAAATTCTTTGGATCGATGAAGACCCTAACTTTTCTAATACCTGATAACTAAATTTTTCTATATATCCTACTCCTTCAAGACAAGCAGTATAAAACTCGAGCCGACTCGATTCTTTCCGGTTTTGGAAAAACTCAGCCTCGGGTGATGCAAAAGGAAGCCGCTCCCCTTTTCTTGTCAATGGATACAGAATTAATGAGGTGGGGACAGCCATTTTTAATACCTGGTTGTCCCACTCTTTCAAATTTTCATTGGGGAAAAATTTTTGTAAGCACTCACCACCAGTATTACTGGCACCACCGGGTAACCAGTAGCCAGCTGGATGAAGATGACAATAAATTCTTCCTTTGATATCTTTGATCAAATTCTCGGAGATGCCTCGAATTACTAAAGTTGTACCAATTGTACTTGAAATATCGCCCGGTAGCCTTGCTCCTGATGCAAAAAAAGAGGCTGTTCCATCAGTTGCACCTGCTATAACATTTAAAGAAGTTGAAAGATGGAATTTTTTGGCAATTGATTTGGAAATAACTCCAGATTTTTCTCCGGTTTTTATTACTGAAGGAAGTTTTTGGATGTCGATTCCCAATTGATCCTGGATAAAGCATGGCCATTTCATTTCCAAAAGATCAAAACCCATTTTAAGTGAATTGGAAATATCCGATAAGATGAGGTCGGTTAATTTCATCTGCAAAAAATCACCAGCATGTAAAAACACTTTTGTTTTATCATATATTTGAGGGAGATGATTTTTAAGCCAAAACACTTTACACAGAGCGAAAGAAGGACCAAATTGATAACCTATTTTTTCTGTAAAATCTTTAGCAACATGGTTGATATAAATGGAATCCTCTTTTGCCCGGCTGTCATTATACATAATAGCGGGACCAAGAGGATGATTATTTTCACCAATGGGTATGATGGTTCCAGAGGTTGAATCAATAGACAAACAATGTATATCAGATGGAGAGTATCCATTTTTTTCTAAATCGAAAAGGGTTTTTTGAATACAAATTTGGGTTTTTGACCACCATTCATTGGGATCTTGTTCAAACCGATCGCCGAACTTATTTGAAGAAAGAATTTTTTCTTGAGCATCAGCAATAATATTTCCCTCAAGGTCTGAAACTAAACATCGTATACCTTGAGTACCACAGTCGATACCTAGAACCAAAGCGTTATCTTTACTCATCTTTAATGCCACCTTTAATACCACATTTTATCTTTTCTCGGATTTTATTAAGGTAAAATGCCTTCTTTTAAACTAGGTCACTTTAATAGATAACCATATTCTATCCTGAAAATAACAACAAATAAATTCTTTAGTCCGTCATCCTGAGGCTTCGTATTTAGAAGCCGTGAGGATCTCATCTTTTCATCATTATAAAAAAAATACTAAATGAGATTGCCACGTCGCCTAGGACGCTCCTCGCAATGACCGAGCAGGAAAAAACTCAAATCCGCCTAGCTCCCTTTGATAAAGGGGGAAGCGATTCATGGGTAAGTATTTTCATCATCAACTGGTGCCACAATGTGGCATGAAGGTCTATCCTGAAAATACCGGAATGATTTTTAAAGGTAACTCATATTAAATAACTCACCAGAATCTCATCCAGGGCTTTCACCCTCATCCTCACCTTCTCCCATAAAGGAGAAGGAACTTTTAATCGTCATTGCGAGGAACGAAGTGACGTGGCAATCTCTCATGTTCAATCTTTATTATTTTCTCTCTTTTTATAAAGGGAGATTAAGAGGGATTCAATTAGTTACTAAAAAAATCAAATCCCCCTCACCCCCTTTGCTAAAGGGGGAAATTGATTTCCGAATCGTTATTTTTCATTATCATCTGATGCCACAATGTGCCATAAACCTCTATCAATATAATACCGAATAATACAGAATTTTTCTTTAGTTGACCTTCTTGGATAGACTAGATATAATGTAAACCGCAAACTTGATAAATTTTTAAATCGAAGCAAAGAAAGGAGAAAACTCAAGCATGAAAATGACTTACCAGCCTCACAATTTAAGAAAAAAACGTACTC
NZ_CP065383.1_gap31	1225105	1226171	1066	TTTACATATAAAGGGGATTTAACTGGATTACCTTTATATGCTTTAGGCGTATGTATGTTTTATAGGACAGATTTATTTGAAAATCCAATAGAGAAAGAAAATTTCAAAGAACGATATGGGTACGACTTAAAGGTTCCAGAGACTTACAAAGAATTTTATGATGTTGTGGAATTTTTTACAAGAAAAAAAGGTGAAAAATTAATGGGAGAGGTTCTTGAACACGATTTTTATGGAACCGTTTTTTCAAACAAAGAGGGAGATTTCTTGTGGAATGACATCGACACAATTTTCATGGCTTTCGGAGCGGATAATATATTTGATGAAAAAACTTTATTACCAACATTTAATTCTCCACAGATGATTGAGGCTATAAAGTATTATGTTTCTTTAAATCCATTTCAGCCTTCTGGCCACATTAATATGACCAGTGGGGAAGCGACAAGTCTCACTGCCCAAGGATATGTCGCATTACAAATAGAGTATTTCATAAGAGGTATAGAAATATTATTAGGTCCTGATTCAAGTGTCGCTGATAAAATTAGTTTTACTGTAAATCCAAGCAAAGAGGGAGTAGTAGGGCGTGAACATGCTGCACACATGGGTGGAGTCGCAGTTGGGATATCTTCTATTTCAAAGAATAAAGAAGCGGCATATAAGCTTCTCGAGTTAGCTATGTCAAAGGAAATTATGAGGAAAGTTTTTTTAGAAAAAGGCTTATCATGGCATCCTGCTCGTAAATCGCTTCTATTTGATGAAGAAATAAGGGAAAAATATCCATTCCTCAAAGAGGCTGATAAATTACTTAGTGAAGATATTTATTATTTCCAACATCCAGCTTATTTGATTCCTATGTACCAAGAATGTGTTTACATATGTACAAAGGAGATGTCTAAAGCACTGATTGGAGAAAAGACACCTGAACAAGCATGCAATGATGCTCAAGCAAATTTATTAGAAGTTTTTAAGCGAGAAGGTTATATTTCGGAATGAAGTACTAAAAGAAGTTTTTAATCTGGAGGAGGATTCAATTAAATCAAAAAAAATAGTAAATGGTTGAATCCTCCTT
NZ_CP065383.1_gap32	1260171	1263435	3264	GAAGCACTGGGATGTTTCCTTCCAGTGCTTCTTAATTTTTATTATTAATTGCTATAAAATCATCTCTTTTTTTTAAAAAAAAGAGAAGGAAAATTATAAGTTATCGCAAATCAATCGAATATATCCAACACCATTACTCTATAACCCCATCATTAATCTTCGATTTATACCTTATAATTTTTTAATAGACCTCTATGCTGTTATGCAGCATCAGATGACAATGTAAAAGTTGGCCTCTAACTACGCCTCTCCCACCATGGAAGAGGAAAGCAAGAGAAATGAGAGAAGTTTGGAATGAGGGTGAAATTTTTACTATTTACAATTGACAACTCACTTATCAATGCATTTACAAGGTAGACTTTCATGCTGCTTTGCAGCACCAGATGAGGATGAAAATGATGCCCCCTCATCCTCACCTTCTCTGTACGAAGGGGCGAGGGAAAAAAGCTTCCCCCTTTAGCAAAGGGGGTTAGGGGTCGTGCCCGGCATGGGCATATTTTATAGGGTGGAAATCCCGAACGGCGAAGGGAATCGTAGCCGTTAGCTTAAGGCAAGGGTGTCCACCGTGAGGTGGAATCTGAAGGAAGCCAGCGGCAAATCTCCGGCCTGAGGAACACGAACCTCAAGCGAGGCTCTTGACAAGTGGATGAGCTTGCCCCTCAAAGCGAAATCCTGATTCCCAAAGGTGTCAGGAGTACATGAGGCAGGTAGATGGAGAGACAGAATAGGCTCTTACCCGGGGAGGCCTGCTGGCCGGCCGGGTCATCCGGTAAGGGACACCATATTCAAAAGTGTCCGTGAACCAGCAGGAGTCAGCTGAGGCCATAGTACTTAAAAAAAAAGGAAGGGCCGAACGAAAGGAATGGGAGTCACGTCATGAGTTCAGACCAGGAACATCGACAGCCGAATATCTCGAACGAGAGCTTCCTCAAAGGGGAAGCGGTGAATCCGTCTTCCTTCCGAGAAGTGCCGAGTTCCCGTCGGGCACCTCGACGCCAGCCTCCCAACGAAGCCACCCGGTTCCTCATGGAACAGGTTATCCAGAAAACCAATGTCCAGAAGGCTCTCAAACGGGTCATCGCTAACCGAGGAGCCGCGGGAGTGGATAAGATGGAGGTCACTGACCTTCCTGCTTTTCTCACCCGCTCCTGGCCCCGTATTCAAACTGAGCTTCTGACCGGTACCTATCACCCTCAGCCGGTCAAACGAGTGGAAATTCCCAAAGCGGGTGGGGGAACTCGCCTACTGGGGATTCCGACTGCCGTTGACCGGTTCATTCAACAAGCCATCCTCCAGGTTCTTTCCCCGCTCATTGACCCCACCTTCTCCGAGGCAAGCTTCGGATTTCGTCCGGGACGGAATGCCCATCAGGCCATCGAGCGGGCCAGACAGTATATCAAGGAAGGCTATGAAGTCGTGGTGGATATTGACCTGGAGAAGTTCTTTGACCGAGTCAACCATGACATCCTCATGCATCGCCTCTCCTGTCGGATTGCGGATAAGCGCCTCTTGAAACTCATTCGGGCCTATCTCTCCGCCGGGGTGATGGTGGAAGGGGTGCGGATGGACGTTGAAGAGGGAACTCCCCAGGGAGGTCCCTTGAGCCCACTCTTAGCAAACATCCTGCTCGATGACCTCGACCAGGAACTCACTCGCCGCGGTCACCGATTCGTTCGGTACGCCGATGACTGTAACATCTATGTCAAAACCGAACGGGCTGGGCAACGGGTCATGGATAGTGTCAAGGAATTTCTCTCAAAGAAGCTCAAACTCACCGTGAATAAAGAGAAAAGTGCAGTAGACCATGTCAAGAAACGGAAGTTCCTCGGATTCTCTTTTCTCATCCGAAAAGGAGAAGTGTTGCTCACCTTACCCCGTCAGTCCAAAGAGCGGTTCAAGACGTCCATTCGGCGATTGACCGCCGGTCATACCGGGTGTCCACTTGCGGAGCGTATCCGTCGGCTCAATTCGTATCTTACCGGCTGGGTGGCGTACTACCACCATGCTGATACCTCCACGTTCTTTCGGGACATGGATTCCTGGATACGTCATCGGTTGCGGATGTGTCTTTTGAAGCAATGGAAGAAGCCGGCAACGGTGAAGCGACACCTTTTGGCACGGGGAATCGCACCGATTGAAGCCGCTCAACTGAGCAGTTCACGTCTGGGATATTGGCGATTATCACTCTCACCGCAAATGCATCGGGCATTTGATAATATCTTCTGGAAATTAAACGGGTTGGTTAGTCTGTTAGACAAATACCAGAAGCTTCGGGTATCCTTTTGAACCGCCGTATACCGAACGGTACGTACGGTGGTGTGGGGGGGACGGGGGTTAGCCACCCCCTCCTACCCGGTGATTTGAAAGAACTAGACAAAAAATCGAATCCTTTTCAAACTCCCTTTATTTAAAGAGAGAGGAATAAAAAAGATTAAAGTCAAGAGATTGCCACGTCACTTCGTTCCTCGCAATGACGAGTCAGAGTTCCTTCTCCCTTGATGGGAGAAGGTAAGGATGAGGGTGAGGCATGGATTCGACATGCCATGTCATGTCGCTACATTAATCGGGCACGATAAAGGCTGAGGGGGCGAATGAAAAAAAATGAAAGGATAAAAGAAAAAATTACAAGATGAGATCCTCACGCCCTCGAAAAGCGAGGGCTCAGGATGACAGATTAAAGAATTCATTTGATGGTATTTTCAGGATAGACCCTCATGCTGCTTTGCAGCACCAGATGAAGATGAAATATAGCTATCCAGAAATCAACTTCCCCCTTTAGCAAAGGGGGTTAGGGGGATTTGAAAGAACTAGATAAAAAATCGAATCCTTTTCAAACTCCCTTTATTTAAAGAGAGAGGAATAAAAAAGATTGAACTCATGAGATTGCCACGTCACTTCGTTCCTCGCAATGACGAGTCAGAGTTTCTTCTCCCTTGATGGGAGAAGGTAAGGATGAGGGTGAGGCATGGATTCGACATGCCATGGCATGTCGCTACATTAATCGGGCACGATAAAGGCTGAGGGGGCGAATGAAAAAAAATGAAAGGATAAAAGAAAAAATTACAAGATGAGATCCTCACGCCCTCGAAAAGCGAGGGCTCAGGATGACCGATTAAAGAATTCATTTGATGGTATTTTCAGGATAGACTATTATAGTATTGATGTGAAAAGAATATTTTTTATCATTAATGAGGACGGGAAAAAATGAGCGTGAAATTAAGTTTTTTCACCGGAGGAGGAGTTGATGGGATCGGAGGAAATAAG
NZ_CP065383.1_gap33	1266113	1267110	997	TCAAAAGAAAGAGCAATTTTCGCCAGCTCCCACTGGTCTTGTGGAGGAAACGGTAAAGAGTGTCTTTCTTTCCTTGGAAAAGGGGATGTCGAGATTGGAGAAGACCAGCAACGTTTTTCTGAGTAAAGACTAGGAGAAAGATCATCTGAAAGACGTCTTTGACTGGGAACCCTTTCTTTTTGTTCATATGGCATTTTCGAAACAGTTGGTTCACTTTAAACTCCTTCATAAAGGAGGAAAACATGGGTAACAAGGTCCTTTCATTTTTCAAATTTTCTGGTAGGATAGTCATGAAGACACCTCTCTCTTTGTGGTGATTGGTTTTTTTCCTTAAGTCAATTCTACCAGAAAGGAGGGGTGTTTTCATTAAAAAACCCTTTAAAATCAAGGTTTTTCAGCATTTATTTTAGTGCGAAAGTTGAGTTAAATATCAATAAATTTAAATTATTACTAAAAACATTATGATTGAATACCTGTCTTTGGATTTATATATTGACTTAATAATACTTAAGAATACAATCGTTTTTTTAACACAATGATTTTAAATTTTAGCTTTAATGCTGTTAATAAAGAAGCTAATTAAAATGAAGGAGAATTGGGTATGCCGAATATTGATCCCTTTGAGAAATTCAGCGATAGATATGATAAATGGTTTAAAAGAAACCTGAATTTATATCAAGATGAATTAGAAGCTATCCGGCAGGCTATTCCTTGTTCCAAAGCAAAAGGTTTAGAAATTGGTGTTGGAACTGGAAAATTCGCGCAACCCTTGGGTATAAAAGTTGGCGTTGAACCTTCAAGAAAGATGGCTGAAAAAGCAGAACAACTGGGAATTAAAGTTTATCCCAATCCAGCAGAAAACCTCCCTTTCTCTGATGGTGAATTTGACTATGCTTTGATGGTAACGACTATATGCTTTGTTGATGATATTATAAAATCTTTTAGTGAGGCTTATAGAGTACTGAAATCAGGAGGATATCTTATTATTGGATTTGTG
NZ_CP065383.1_gap34	1270046	1273052	3006	TTTGATCGGATTAGCAGTGATGGGTCAAAACCTAGCTCTTAATATTGCTAGACACGGATATGCTTTAGCTGTTTATAACCGAACCTCGTCAAAAACTCATGATTTATTGGCCAGAAAATCTCCCAATGATAAGATCTTTCCTGCTTTTGATCTTACCGAGCTGGTCGGTTCTTTAATAAAACCCCGTAAAATCCTGTTGATGGTGAAAGCCGGTCAACCGGTTGATGAGTTTCTCCTCCAACTTTATCCTCTTCTCGAAGCAGGAGATGTGATCATCGATGGAGGAAATTCGCACTTCCTGGATACCGAACGTCGGGAGCAGGAAGCCGAAAATCGTGGATTCTATTACTTAGGAACTGGAATTAGCGGAGGAGAAGAGGGTGCCTTGCAGGGCCCTTCGATTATGCCCGGGGGTCATCAGGCTGGATATGAACTGATTCAGGAAATCTTGCTGAAAGCAGCAGCTCAAACCGAAGATGGGCCTTGTTGTGTTTACTTGGGTCCGGGTGGAGCTGGCCACTTTGTAAAAATGGTTCACAATGGCATTGAATATGCCCTCATGGAGCTCATCGCTGAAGCTTACGATATCATGCGCACACTTTTCAAAATGGACCCTCCAGCTATAGCTGAAGTCTTCAAACAATGGAACCAACGAGAGAACTTGAATTCTTTTCTGCTTGAAATTTCAATAAAAGTCTTACATTATCGAGATCCGGAAACTGGTTTTTATCTCATCGATTTGATCGATGATCGAGCTGAACAAAAAGGAACCGGGAAATGGACTTCTCAAATCGCCCTGGATTTTGGTGTTCCTATTCCAACTATCAATCAAGCGGTGGTCGCTCGGGTTCTCTCAGCTCGAAAAGCGAACCGTCTCAAACTATCGGCAAAAATTCGCTCGAAAGCTTCTCTTTCCTTTTCTCATCAAGAAACCCAGCAGTCCCTTATTGCTTTAGCCGATGGATTATATCTGGCCAATCTCATGGCATTTAATGAGGGGATGCACATGCTTTTCGTTGCCTCTCAGGAAAAAGGTTGGAACCTTCCGCTGGCTGATATTGCCCGAATCTGGAAAGGAGGCTGTATTCTTCGGACCCGACTTTTAAACAGAATTCAGCTGGCTTTTCAAGACCCTAACTTAGAAATGCTTATTGAATCTCCAGAGTTTATTCCTGATCTCCAGAAAAAGCTTTCTTCGCTTTGTCAAGTTGCTAAAATTGGTGTGGAAAACCACCTTCCTCTTCCTTCTTTCCAAGGAGCATTGGCTTCACTCGAGGCCTGGTCTTCGTCATCGCTTCCAACCAACCTCATTCAAGCCCAACGAGATTTCTTTGGCGCTCATACCTATCGACGAATTGACCGGGAAGGGATCTTTCATACCCAATGGGAGGATAAATAATTATGATGAATGAGTTAGATGGCCCAGCCATCGGTCTTTCTGATTCAGAATTAAAGCAATTAATTTTTCGAGAGCTGGAAAAATATTCTTTTGAGGGAAAAAGGATTTTAGTTATTGTTCCCGATAACACTCGAACTATTCCTCTTCAGTTATTTTTCTCCTCTTTTCAAAATGCGCTTTTAAAACGGGTAAAAAAATTAGACTTTCTGATTGCTTTGGGAACTCACCCAGCCATGACGTCAGAACAAATACGTGGACATTTTGGAGTTACTCCATCCCAAGCAAAAGCATCTGGAATCAATATTTTTAATCATCAATGGGATGAACCCAGTCAGTTGAAACTTATTGGAACATTAGCTGAAGAGCAGGTGAAAAAAATAACCGGGGGTCTTCTATCGGAATCGATTCCTGTTGCGATCAACAAGAAAATTTTCGAGTATGATGAATTAATCATCCTGGGTCCAGTTTTTCCTCATGAAGTTGTTGGTTTTTCAGGGAGTTATAAGTATTTATTTCCAGGCATTTCAGGACCAGAAATTATCCATGCTTTTCATTGGTTGTCGGCTCTTATTACCAACCCAAAGACCATCGGTCATCGAGATACTCCACCTCGACAGGTTATCAACCAAGCAGCTCAATTGGTAGCCATACCAATGACAGCTTTTTGTGTTGTTATGAAAGGGAAAGTTCCTTTTGGCCTCTTTACTGGAGATCCTGTTGAATCCTGGCAGCAGGCGGTTGGTTTATCAGCTCAGGTGAATGTAGTTTACAAGCCAAAGCCCTTCCCAAAGGTGATTTCGATTGCTCCGGCTATGTATTCCGAGCTTTGGGTGGGTGGAAAATGTATGTATAAACTGGAACCGGTAGTTGATGATGGCGGCGAAATTATCATTTATGCTCCCCATCTTAAGGATGTTTCGATAACTCATGGGAAATACCTAATGGAAATTGGTTATCATACTCGAGATTATTTTCTTGCCAATTGGGAGAAATGTCAGCATGTTCCCAAAGGTATTGTAGCTCATTCAACCCAGGTGAAGGGAATTGGTACTTACAAGAATGGCAAAGAGTATCCACGAATTCAAGTAACCTTGGCTACTGGTCTTCCCCGCGAACTTTGTGAGTCAATCAATCTTGGCTATCTTGATTATCGTTCACTTAATCCCGATGACTACCTGGGGAAAGAAGAGGAAGGAATATTGGTGGTTCCCAATGCAGGAGAAACGCTTTATCGCCTTCAAGACGGAACTACTCCTGATATTGACCGCTTGCAAAGAGGTGAAAGGTCTTTTGGGAAATAAGCTAAAATTCAATAGCAGAGGCAAATAACACCTTTCTCTTTATAGGTGGAAAATGTTTTAAGATAGAGATCCATAGCTCTTGGCAATTCCAAATGAGGATGAAGATGAGTTGCCCCCTCACCCTGACCCTCTCCCACGAAGGGGCGAGGGAAAAAAGAGCAAAAGAATTCATATATCCTTCTCCCTTGATGGGAGAAGGCGAGGATGAGGGCGAAAGCCCAGAATGAGATCCTGGTAAGTTGCTTTAAAAGAATTACCTTAAAAAATGTTCTGTTATTTTCAGGATCGACCCTCATGCTGCTTTTG
NZ_CP065383.1_gap35	1277073	1278981	1908	CCACTCCGCCCTGAAGCCGCTGAATCGGTGAGGAAATGTAAAAGAGCGGGAATAAAAGTCTTAATGATTACCGGAGATCATCCATCTACAGCAGGTGCGATTGCAAGAGAATTGGGTCTAATGGACTTGGATGAGGAGGTTGTGACTGGTCAACAGTTAAAAGAAGTTGGTACTCTAGATAGCCCGGCATTTGAAAAGCTGGTTCTGTCAACGCATGTTTTTGCTCGAGTAACTCCTACCCAAAAGCTTGAGATTGTTGAAGCTCTGATTCATCATGGTGAGTTTGTAGCGGTGACTGGTGATGGAGTAAATGATGCACCCGCACTGAGAAGAGCAAACATAGGTGTTGCAATGGGTTCAGGCACTGATGTAGCAAAAGAAGTTGGGATGATGATTGTTACCGATGATAATTTTGCTTCGATTGTTTCAGGTGTTGAAGAAGGTCGGTTTGCTTATGACAATGTGAGAAAAGTTATTTATCTACTGATATCAACTGGTGCAGCTGAAGTAATTATGCTAATTTTTGCAATTTTGACAGGATTGCCCATTCCTTTGTTAGCTGTTCAATTATTATGGCTCAACCTTGTAACCAATGGAATACAGGATGTTGCTTTGGCCTTTGAGGCTGGAGAGCCAGGTGCAATGAGAAGGAAACCGAGAAAGCCAAATGAGAAAATTTTTGATTCGCAAATGATGAGTCAGACGTTGGTTTCAGGCTTTGCTATTGGTGCTTTGGCTTTCGCATCATGGTATTGGCATATTAGAAATCAAATGATGGATGAAGCTTCAGCTCGAAATACTATAATGCTTTTAATGGTATTGTTACAGAATGTTCATGTGTTTAACTGTCGATCAGAATCGGTATCAGCTCTAAAGATTCCAATTAGTCGAAATTATACTTTAATATTGGGTGTTGTAATGGCACAAGGAATTCATATTTTAAGTATGCATTTACCTTTTATGCAACGCATATTGAGCATCGAACCAGTTAACTTCATAGAATGGTTTATTGCATTGTTATTGGCTTTAATTCTTCTTTTCGTTATGGAAGTATTTAAACTAGGAAGGAGGCGAAATGATAAGATTGCTGCCTACTCAAAAGGCGAGGACTTAGAATGAAGTCTTTTTCTACCCATCATTGTTTCCATGATGGGTAATTTTAGGGAAAAAAATTGTAAGAATGATTGAAGTCTCGGCTCGAATTTCAAGATGATAACACCTGAAACAAGCAAGGAGGTTTAATGAAATAACTCTGAATCTGCAGTTTGAGTTTTTACTCTTTTGTTTTTTAGAGCAGGAAGCAAATAACGGAAAATCATAGCGAGGATAATAATACTCCCACCGATTAGTGCCCATTGACTGGGTTTTTCTCCAAGAGCAAGAAAAACCCAAATTGGATTGAGAATTGGCTCGATAATTGGAATGAGACTTCCTTCTAAGGCAGTGACATATTTAATAGCAATGGAATACAAAATATAAGCTAAACCAATTTGAAATAAACCCAGCAGAATAAGACCAAGCCAGCTTCCTTCCCCGGGAGCCGATGTCAACATAAAAGGAATAGCAATGAGGGCAGTAAGAATATTGCCCATCAAAACTGATTCAAGGGGCGACGCATCCTTTTGACTGCGAAGGTAGATGGTGAGAAGTGCGAAGGTTACTCCACTCATAATGGCTACAATATTTCCCAGTACGTTGCCGATTTGAAATTGATCAAAAAAGAAGAGCATCATTCCTCCAATAACAGTAAAAATTATTATCCAATCAAGTCGGCTGGTTTTCTCTCCAAGAATTCTATGGCCAAGAAGGGCCACATAGATTGGCGCACTATACTGAAGGAGTATCGCATTAGCAGCAGTTGTTTTCTTGGTAGCATAAACAAATAGGATAACCGTTGCAGAATAGAAA
NZ_CP065383.1_gap36	1280114	1284363	4249	CAGAATGGTGTACCAGCAGTTATGTCAGCTCACATCGTTGTGCCGGATTTGAGTGAGGGAGACGATTTCCCTGCGACTCTATCGAAAGAAATTTTATCAATTCTCCGTGATGATTGGGGCTTTAATGGTCTTATTATTACAGACTCGATGGGAATGGGAGCGATAGACCAGCGATGGGGCATGGAAGAAGCATCGATACTCGCTTTTCAGGCGGGAGCTGATGTGCTTTTATTTGGAGCGGATAAGAATCATGAACCAGCTGAACAGAAAGCAGTATACCAAGCTCTTTTGGGAGCAGTGCAAACTGGGCGTATTCGTGAAAGCCGATTGGACGAATCGGTAAAAAGAATCTTATACGCTAAAACCGATGCCGCAGTTTTTTCCAATTCATATCCGGATTTTGCGAATATAGATGAATTGGCTTCACCGGAAAGCTATAAAATAGCACGAGAAATTGCCATGCAAAGTATTACATTAATAAAAAACTCAGAACACCTTCTTCCAATTGATAAGCAGGTATCTATCCCAATAATATGGCCAAAAGATTATGAAAAGTCTTTACAGCTCTTATTAAAAAACTGCCCTAATTTGAAACCATTCCTTCTCTCGATTGAACCTTCCGATGAAGAAAGGAAAGCTCTTCGAGAAAAAATTCAAAAGAATGATATGAAGATAATTGCTTGTTATGATCTTCATCGAAATACTCAATGGAAAGAATTGGTTGATTCTTTATCCAACGAGAAAACTATTCTCATTGCTATGCGTTCTCCTTATGATTTTCTTAAAGTGACTGATTATGGGGCGGCTATTGCAACTTATGGAGATCGGCCGGTTAGTATTGAAGCTTTGGGCTGTATTCTTAAGGGCGAAATACAGCCGAATGGTCAACTTCCAGTTGAGCTCCCAGGTCAGTACCAGTTAGGATGGGGTTTGAAAGAATTTTAAAAAAACAAAAATGAGAAAGCGATTAACGCTATGAAAGTATTGGTTGCAGGTATCCATTTTGAATCGATTATCTATTTTTTAAGAAAAAACTTACCCGAATACGAGTCCTGTCAAATACCCGCTTCGAGAGTAGTTGAGGAAGCAATAGATGCGTCGGTTATAATACCAACCATGACTCGAATTAATCGTCACATAATCAATAGCGCCCCTCATCTCATACTCATTCAACAATGGGGTTCTGGTTTGGAAGGGGTTGAAGTCTCAGCTGCTACAGAAAACGGCGTGGCAGTTGCCAATGTTCCAACCCACGGTACTGGAAATGCTGAGTCGGTTGCGGAATGGTGTGTCATGTCAGCAATTGCTTTAAGCCGTTCATTCCCATCAATTCAAGAATCGGTTTGGAAGGGTTTTCCATGGGGAGTCCCTTGTGGGAATAGCCTTATGGGAAAAACTGCCGGAATTGTAGGAGTTGGAGGAATAGGAGTGGAATTAGCTAAAAGACTGATCCCCTTTCGAATGAAATTGATTGGTGTGAAAAAAAACCCTCATCACCTTCCTCCAGGTTTGAGTTTTGAATGGGTAAAGGGGATGAACTCCTTTCCCGAGCTATTAAGCCTAGCTGATTATATTTTTTTGTGCTTGCCACAAAACGAAAATACTCGTTGCCTTTTTAATCGCAAAGCATTTCAGGCAATTAAGAATGGTGCTTATCTCATTAACCCAGCTCGGGGCGGATTGATTGATCGAGAAGCCCTTTCCGATGCACTGAAGGATGAACGATTAGCGGGAGTAGCAATGGACGTATTTTGGCAGGAACCTACCAATCCTTACGATCCTCTCCTACAGCATCCCAAGTTGTTGGTGACTCCTCATATAGCAGGGGCAACCGATACTTCCTATCAGGGTATTGCCGAGGGGGTTGTAAAAAATATTCGATTAGCACTTTCGGGTAAAATACCAAATAATTGTGTTAACCCAGAAGTCTTATCTCATTCAAAGTGGAAAAAATAAATAATATCCCCGTTACCTTTTGCATAAAGATCACAACGGGGATATTATTAAAAATAAAAATTTTTGATAAATTAGCTTTTCGATAATTCTGAGGTGCAATTAGGGCAACGAACGGCTTTAATAGGTATTGCGGTAAAGCAGAAAGGACAGTCTTTGGTGGTTGGGGCAGCGGGTGGTGCTTCTTTTTTCCGTTGCATATTGTTGATGACTTTTACAATCATGAATACTGCCAATGCAATAATAAGAAAAGTTATTATACTGTTAATAAACAAACCGTAGTTCAGGGTGACCGCTCCTGCTTCCTTGGCAGCTGCAACGGTATTATAGGGTGGAGGTGTATCTCCTTCCTTTAACACTGCAAAAAGGTTGGCAAAATCAACCTTACCCAAAGCTAAGCCGATTGGAGGCATGATGACGTCATCGACGAGCGATTTAACAATTGCCCCAAAAGCGGTACCAATGATGAAACCAACAGCAAGATCAACCACATTTCCACGGCCTATAAACTCTTTAAACTCATCGGTTATTTTTGACACTTAAGAATCCCTCCCCTAAGAAAGCAATATGACTCTTTCGATTAAAGAGAGAAATACACCCTTTTAAATTTCCTTTAAAATCGGGTGGATTTGTTTGAAAAAACTAGTCAAATGGAATTTGGATACTTCCCTCCCAAATGCTCTGGCCATTTTGGAAAATTTCTACATCGTAAATAGGTTCCAGCACAATGGGATAGCCTACTTCAATGGTCCAGGTTCCTTCTGCATCAATGTAGGTAAATAGATAAGTGGTATATCCAACCAGTCCTTCTGGAGTAATGTTTACAACTGACCAAACAGCATCCATTGGGACTCTAACACCCTCCAAGTTAGCCTGGGTAATACCCCAATCCTTGGCTTCAAATACTTCACTGACTATTTCAGGTGTTGGGGAAGGAGTTGGAGAGGGAGGGTTCGTACAACCAACTATAAAGAAAAGACTTATTAAAGAGATAATAAATATAATATTTACTTTTTTTCTCATCTGATACCTCCAATCATATAAAATAATGCTTATTATATCATTAGTATTATAGATTAGCCTAAAGTTAATGTAAAATGGAGAAATTATTGTATATAATTTAGTGTTTAAAAAGAAGAAATAGAATTATTCATTAATTTATTCCTATCTTATTTTTTGTGTAAAGGAGAAAACCATGGGCTATAAAAAATTATTATTAACATCCATCCTTTTTCTATCGATATTTTTATTTGTTGGGGTATTATGGGCTGAATCAGCTTCTAGCCAAATCGATGAAAATACGTTGAACCAGCTGAAAAGAGTATTTGCTGGAGCAGATACTTTTGAAAGATTTCCTGGAGTGTTACCAGAGTCTAGCGATGGTATTGTTATTCAAGAGATCTACCAAGCATTTGTTCAAGGGACAGAAAATGGTTTAATTTTTAAAATATCAAGTCCCGGATATCGTGACAATATCGTTGTTTTAATTGCTTTCTCTTCTTTGAATAATCAGGTAGTTGGCATTCAAATCTTAGAACAAAACGAAACCCCTTCATTAGGGGATCTTATTACCCAACCAAATTTCTTAGTTCAATTTTTAAAAAAATCAATTAATGCTCAATTTGAATTAGGAGACGACATCGAAGCCATTAGCGGTGCAACGGTTTCTTCGGCTGCGGTTGCAAAAGCATGCCAAGAAGCTGCAAGTTTTTTATTGAACAAAAAAGATGAAACGGATAATAATTAGAGAATATCAATTAATTTATTCAGGAATTTTTATTGTTAGACAAACGAAATTTAGACACATTTATTAATCCATAGGGGAAAATAGGAAGGGGTTAATACAATGAAAAATGAAGAAATTAAAGAGGTTCTTTGTTTTGGTGATTCTTTAACTTGGGGTTGGAATCCGGTTGATAGGGGAAGATATCCTTTTGAGAAAAGATGGACCGGAGTTTTACAAAAAGAACTGGGTAAAGATTATCGAATAATCGAAGAAGGACTAAATGGAAGAACCACCATATGGGATGATCCGATTGAAGGGGAAAAGAACGGTAAAAAATACCTCATTCCCTGCCTGGAATCACACATGCCTTTAGATCTTGTTATTATCATGTTGGGGACCAATGACCTCAAACTGAGATTTAACAAATCAGCTTTTGATATTGCCGCAGCCGCAGATTCATTAATACAATTAGTTCAAAAAAGCCAAGCCGGTCGTGATTCTCAATCTCCTAAATCTTTGCTGGTTTCTCCGCCACCATTAGGAAAATTGACCGATTGGGAAGAAATGATG
NZ_CP065383.1_gap37	1286862	1290200	3338	TTAAAAGTTTAATTCAATTAATTGGAGGTTATTTTTTATGCCTGGTGTAAGTGGTCATGTTGCTTTAATTACCGGGGGAAGTCGCGGTATTGGAAGGGGAATTTCTCTTCGTCTTGCTCATGGAGGAGCAAAAATTGCTATTAATTACTATCAAAATGAAAATACTGCTCAGGAAACGCTTGACCAAATACGTTCCTTAGGTGGTGAAGGAATAGCTTTTCGTGCTGATGTATCAAAAAAGGACCAAGTAAAGAGGATGTTTGAATATATTCAGGAGAATTTCGGTTTGGTTGATATCTTGGTCAATAATGCCGGAGAGGGTCAATTACGGAGTAAGTCAACAACGATTGTAGATGAGGAAATGTGGGATCGACTTTATCAGGTCAATATCAAAGGTGTTTTCTTATGCTGTGCTCATGCCCTACCAATGATGATAGAAAAACAGTGGGGAAGAATTATCAATATTTCTTCAACAGCGGCTATTACAGGTGGGTCTTCAGGATCACATTATGCCGCAACCAAGGGGGCAATCATTCCTTACAGTAAGGCTTTGGCTCGAGATTATGCTTCACAGGGAATTACTGTTAATGTTGTTGCACCTGGAAAGATTGAAACCGATCTTTTCCACTCCACCATAACACCCGAGGCTATTCCTCAACTTATTAAAAAAATACCAGTTGGTAGGTTAGGACAACCTGCAGATATTGCAGAAAGTGTATTCTTTTTTGCGTCTGAAGAGGCCGGGTTTGTAACAGGACAAGTTATGGTTGTTGCTGGTGGATATGCTTAAGAGCGGATAACGGGAAATAATTATTGAAAATTTTTGCAATTCATGACTGATAAAGGCTAAATTTTATGATTACCCAGTGAATTGACTTTCATTGTTTGATATGGTATAAAAAAAATGAAATCGATTTCATAATAAAAAATTCTATTCCGAGATAATAAATCCATACTAAAATAATTAATGGTAAAACCAAAATGCCTGAATTATTAGTAATGGAAGGAATTAACAAAGCATTTTTTGGTGTTAAAGTCTTAAAAGACATTCAATTTCGTCTTCACGAGGGCGAAGTGCATGTTATTTTGGGTGAAAATGGAGCGGGAAAATCTACACTTATAAAAATTTTAAGTGGTGCCTATACCCTTGATTCGGGGAAGGTATTTTTAGAGGGGAAAGAAGTTGACATGGCTTCTTACAGCCCTGAGGTTGCATCTCGCCTGGGAATTGCAACTATATATCAAAATTTTCATCTAGTTCCTCACTTATCCATAGCAGAAAATATCTCTTTATCTAATTTTCCAGTGAAAAAAGGAGGGATCGATTGGAAATCAGTTCAAAAAAGAGCAAGAGATGTTTTAGAAAATATTCATTTTTCTGTAGACCCCAATACTTTGGTAAAAAAATTAAGCGTATCCCAGCAACAAATGTTGGAAATAGCTATTGCCTTGTCAAAAAATGCCAAAATCATCATTATGGATGAACCAACCGCAGCAATTAGCAAAAAAGAAGTTGAAACCCTTTTCCAACTTATTGCTGATATTAAAAAGAAAAAGGTCGGCATTATCTATATTTCTCATAAATTGGAAGAAATTAAAGTAATAGGTGATACGATTACTGTTTTACGAGATGGAAAAAACGTTGGAACAATGGGAGCCAAAGAAGCAGAATTAAATGAGATCGTTAGCTTAATGATTGGGAAGGAAATGAAAACCCTTGAAAAGAAAAAACAACATCTTTCGTCTGAAGTGATGATCGAATTAAAATCTCTCCGTCGTAAGGGGATCTTTGAAGATATAAGCTTTCAAATAGGGAAGGGTGAAATTGTTGGATTAACCGGTCTTATTGGGGCTGGAAAGACAGAATTGGCTCGGGCAATATTTGGTGTTGATAGATTAGACGCAGGCAAATGTTTTTTCCAGGAGAAAGAAATCAACATAAAGAATCCAAAGGAAGCCGTCCAACACGGTATAGGATATTTACCTGAGGATAGAGACGTGTCTGGTTTATGTTTGAATATGCCAGTTAAAGATAACGTGACTTTAGTTTATTTAGCCAAATTGAAAGAAAGACTATTTGGTATTCCTGCTGAAAAAGCTTTAGCTCAAAAATATATCAATCAATTAAAAATTAAAACGACCGGTGTTTATCAACAGGTTAAATATTTAAGTGGTGGCAACAAACAAAAAGTAATTTTTGCCAAGTGGTTAGCTGCCCATTGCCAATTTTTGATATTAGATGAACCTACTATCGGGATAGATGTGGGAGCACGGGAAGAGATATATAATCTTATATTTGATTTTGTGGAATCTGGAGAAAAGGCGGTACTTTTTCTTTCCAGTGATATTTCAGAAATCCTATCGGTTAGTGATCGAATTTTAGTTATGTCTCAAGGACGGCTTATAGCTGAACTCGACCCAAGCACGACTACCAAGCAGGAAATAATGGCTCGATGTTTAAATCTTAATTAAAAGGATTGGAAATATGAACCAAAATCTTCCGGATGAGCATCGAAAAAATTGGGATGTTTTAAGTGTTTTCCAGTATTTGTATCAGCAGCAATCCATATCTATGTTGTTTATTTTAATTATAATGTGGGTCATTCTTTCTTTACTTTCTCCCTATTTTTTTACGGTTAATAATCTTTTTGAAATTACCCTCCAATCAGCAGTAATTGCTTTAATAGCAGCAGGTGAGTCTTTTGTTATCTTTTCCGGGGGAATCGATTTATCGGTGGGTTCGGTTTTTGCCTTTTCGGCGATTGTTGGCGGGTTGGCTTTGCAATTTAGTGGAAGCGTAATCGTATCTTTAATGGCATCAATCGGAGCTGGACTTTTTGCCGGGTTTTGTAATGGTCTAGCTATCATTAAATTAAAAATTCCGCCATTTGTTGCAACTCTTGGAATGATGGGGATTGCTCGAGGACTGGCTTTAATTTTGTGTAATGGAGTTCCAATTTATGGCTTACCGAGGGAATATTTATGGATTGGCCAAGGGAGAATAGCAGGGATTGTGCCAGTACCTACAATCATTGTTATCATTTTGTTTACGATTATGTATTTTATTTTAAGAAACACTCGTTTTGGAAGGTTTACTTACTCCATTGGAAGTAACCCCGAAGCAACCCGTTTATCAGGCATTAAGGTTTCCTCGGTCACCTTGGGAATTTTTATGATTTGTGGCATGTTCGCAGCGATTGCAGCAGTCATTGAATCGGCTCGATTAGGGACCATGCAACCTGCCTCGGGGAATGGATACGAGCTTTTAGCGATCGGTTCGGTTTTTATTGGAGGAGCTAGTATTTATGGGGGTGAAGGCAATATTTTTGCGTCTTTAA
NZ_CP065383.1_gap38	1292193	1293484	1291	AGCGGAATGATAAAAAAGGCATTGTAAAGGATAAGATACAGAAAAGCCCGCATTGATGTGCTTTGTCGGGCAATATACATTATAGTGGGTAGATAAATTTGCCCAGTGCACCCGGCTTCGAGAAGGGAAATAACAAAACCACTCAGGATGGCGGCAAATATTAATTTTTTTTCGGAAAAGCTTTTTTTGAGGTATTGATTTATTTTTACTCGAAATCCCTTGGGTAAACCTAAGGAGAACTCAGTTTCTTTCTTATCTTTTTTGTATTGAATAGCATCTTTTATACTAAGAATGGCGAAAACTAAAAGAACTGAAGCCATAATTCCATAGACAACTCGAGAAAAAACGTGGTAAGCGGCTAAAGTCTGCCAGACGTGAAACAGACCTAATCCCAAAAGAAGATAAGTAATAAAGACGGTTATACTATAAGTTACTCCAATTTCGAGAATTCTCCTCCGGTCATGGCCAAGCACCATGAGGAGGTTAACCATAAAAATGATAGTTGCAAAAGCGCAGGGGTTAAGACCGTCCAAAACCCCTGCGCCAGCTACTACCCAAGGTGTAAAACCCTTAAAGCGTTGAAATACGATATCTTCGATAGCACCAGTATCACTGGTTACTATTTTTTTATCGGTTTCAGAAAGTGAAATAGTTTTTTGTATGAGCTCTTCAATTTTTGAGTTCACATTTTCATTCTCTTCCGCGGTGACATATCCGGCTTCGGAGAACAACTCAACAGAAGTTGTGTTTTCTACTTGCCATTGCTCTTCCAAAAAAACCAGCTTTTCATAGTTTTCAGAAAAAATATAATCGAGATAGACAACTTTGATTTGATCTTGATATTTTTCAAAAATCGGCGGTGTTGTTTCATTTTTGAGTTTTCGACAGGAAGGACATCTTGATGAATAAAAGAAAAGAATAACTGGATTTTCTGGAATATTCGCAACTTGTGAATAATTTGCTGTTAATTTTTCTCTTTCTATAACCTCTACTGGAATCGATTCAAAAATTGCCAGCTTTTCTTGAATGATGGGTGAATTTTTTTCAGTTCCAATCACAAAGATTTTTTCTGGAGCTAACTTTTGAATAGCTTGAATAGACTCTTCGTCAAGGAAAATGCTTCCATCTCCAACAAAATTGAGAAAAACCACTGAATGATAGTTTTCAGTGAAAACTGAATAAGGCGGGAAAACTGGATATTGAGAGCCATCCAGAAGGTCGGAAACTGCCACCAATTTTCCATTTTCTTCCATTTTTCTGAGAATATCCTGATGGTTTTGAATATCCTCGT
NZ_CP065383.1_gap39	1312143	1315712	3569	TTACCAGGGAGGGAAAACTACGGTCAAAGATTATGTTCAACCTTATCGTCCTCCTCGAGGAATAGTGGCCACCCAAAGATATGAGACAGAACCAGGTAAACAAGTCCAAGTGGATTGGGGGATTGGTTTTTATCAAGACGAGAAAGATGGAAGGAGTCATAAAGTCTATGTTCTGGTAATGGTTTTAGGCTATTCCCGAGCAATGTATGCGGAGTTCAGCAATCACTGCGATATCCATCGTTTCCTACGGGGTCTCATCCAGGGCTTTTCCTACTTCGGAGGAGTAACCGATATCGTTCTATCCGATCAGATGAAAACCGTTATCTTGGGTTGGGATGAGAAACGAAAGCCGATTTGGCATCCTTTGTTTTTGGATGTAGCTCTCACTTTGGGTTTTATCCCCCAGGTTTGTCGAGCCAGAAGACCACAAACCAAAGGAAAGGTTGAACGAGGTGTAGGGTACGTGAAAGCCAACTTCTTACCTGGAAGGACGTTTCAAAATCGAGGAGATTTAAATCGCCAAGCCTATCAGTGGTGTGAGGAAAAAAATCAACGCCTCCATGGAACGACCGGCCAAAAACCTAAGGACCTTTTGCTTTTAGAAAACTTGAAGCCTCTTCCTTCTTTAGAAAGCTATCAAAAGTATCTCGCTGAAAAAAGAAAAGTGGGTAAAGATGGGTTTTTAAGTTACCAAGGAGTAAGGTATGGAGTTCCTTGGATTTATAGTGGTCAAGAGCTTTGGGTCAGAGAAGGAAAAGACGGGATCGAGATTGTTAAAGAGGGAAAAGTGGTCGCAACTCATCATCAATCTTATTCAGTAGGAACTTCTCTTTGGTTAAGGAACCAGTACCAGGGGTTACAAGAAAAAGAAGGGAAAATATATCCTCTTCCGCATGCCTGGAAGGTCAACCCCGAGGAAGTCGAGATACGTCCTTTAGCAGTTTATGAACGGTGGGGAGGGAAAGGAATATGATCGAATTAGAAAAAGTTCGCCTGCTCTTAGTGGAATTAGGATTATCCCAGTTCGCTGTCCAATTGGATGCTCTCTTAGAGAAAGCCCAGAAAGAAAATCAAACCTATCTCTCTTTCTTGGGAAATAGCTTAGAAAGGGAAGCAGCCATCCGGAAAGAGAAAAATATCGAAGTGAAGTTTCGAATGGCCCATCTTCCTTATCGCAAGACGATCACTGAGTTTGACTTTTCTTTTCAACCTTCTATTGATGAGAGGTTCATCCGGGAACGAGCTGGTTTGGCTTTCTTAGAGAGGAAGGAGAACCTCCTTTTCCTGGGGCCTCCAGGAGTAGGAAAAACTCATTGAGCTGTAGCCTTAGGGGTAGAGGCTCTCTTAATGGGACAATCGGTCTATTTTACGAGTCTCAGCCGTCTTTTACAGGACTTAAAACGAGCTTATGAAGAAAATCGGTTCGATAAACGTCTAAGTATCCATATTCGTCCTCGGCTCTTTATCATCGATGAGGTAGGGTATCTTCCTTTAGACCGTTTGGAAGCAACTTTGCTCTTTCAGTTAATCAGTGGTCGCTATGAGAAAGGGAGTATCATCATTACCAGTTACAAAAGTTTTGGCGAATGGGGAGAGGTGATGGGAGATCCAATTCTGGCTACTGCTCTCTTGGATAGATTGCTCCATCATGCTCAAGTCATCAATATCCGGGGAAATAGTTATCGTCTCAAAGATCGAATCAAAGCTGGAATTTATGGAGCACCGAATCTTCATTCATCAGATTAATAATTACCGGGTGGGTCAAATTTAAACCGGCTAAAGTGGGTCATTTTAAGGTCGGCCTTGACATATTAAAGCAAAAAAATAAAAATAGTGAGGGAATGCTTTAAATCACTCTTAATGAAAATTTTTTAAATCTAATTTTATTAAGTTACATTTAGTTTCCAATATTTCTTCAATTGCTCTCAAGATCCTCTTTAGTATTGACTGAAACGCTATCGAATTATCCTCTCAAACCTAATATGAATAATTAACTCAACTTTCGCAGTTCAATAATAGCACTTTTTCTCTCAACCATGCTGGAAGACTATTTACAAAATAGAAGAGTAGCTCTTTGACTTTTTCTTCTGAAAGGACTAAAACCTGTTTTATGGTAGACTTCAGGAGCTCAAGAAGGAGAGTCAGTGCTTCCATAAGAGTGATATCCTGAATTTCATCATAGCAGGCATAGAAAAGCTCTCCAATGGTGCGGGGATCGGTGTTTCTCCGGGCAATAACCGCGAGCATGATATACCGGATAAAGACGATACTGGTATGAGAGACCAGTGCATCATAGGATCGAATCTGAAATTCCCGAGTGAGTTTCAAGACTGATTTCACCATCTTGAAGAAGGCATCCATCCCAGCGTTTTCCATAGAGGGTAACGATTTCTTCTTCAGAAAGAGACAGATCAGTTGAAAGAAGCGCCAACCATTGAGATTTTTGTTTTTCACTTCGGACAAAGACAATCCGAGCTAAAAGTGGTTTCCCAGTGAGATTGAGATTCACGACACCCGATCCAATGATATTGCCGTGTGGTCTTTTCTGAATTCTGGTGAAAAGAGAGGAAAGAGCAAGAGCCTTTCCACCAAAAGAGTAGTAAATCTTTGGGGTGTTTTTGAGCATGCATACCACTGATAATCCTCGAGTAGCACATTTCCGGATGAGGGTGGGAAAGCTAAACCAGCTATCAAAGAGGATGGTTTGCACCAAGGGACAGTGCTTCAAAGCTTCATCAAGGAGCTTCAAGAGTACATCAGGAGTCTTCTCCTGGGATTCTTTCCGAAGACGAGCTCTTTTGCTTCGTCCATCAACGGAAGCATCCATCGGACAGAGCTGGTTTTCTTTTCGGTGGGAACTTAATAACGAAAAGGAAAAAGGAATGAAAGTGGCTCCATCAGTGAGCCCGAGGGTGAGCATCCGAAACCCACGGCTGAAGCGCTTGGTAGAATGGTCATAGAAACGAGAGAGACCTTCAACTTTCGAACTCCGAGATCGTTCATAGGGAGAATCATCCACTACCCAGGCGTAGCGCTTCAGATTGCTAAAAGGAAAGAGGACTTCTGAGACTACTGTGGCACTCAAGAGGAAGAGGAATTTTCGCCAGCTGCCACTCGTCTGGTGGAGGAAACGGTAAAAAGTATCTTTCTTTCCCTCGAAAATGAGATTTTTAGAGCACAAGATACCAGAGATGTTTTTTCCGGTAAAGACCAGCAGAAAGATCATCTGGAAGATGTCTTTAACAGGGATTCCTTTTTCTTTACGGATGGAACATTTTCGAAACAGTTGGTTCAATTTGAACTCCTTTACAAAGGAGGAAAACATGGGTAATAGAGTCCTTTCATTTTCCAAATTTTCTGGTAGGATAGTCATGAAGACACCTCTCTCTTTTTGGTGATTGGTTTTTTTCTCTAAGTCAATTCTACCAAAAAAGAGGGGTGTTTTCATTAAAAATCCCTTTAAAATCAAGGTTTCTCACCATTTATTTTAGTGCGAAAGTTTAGTTAATAACTATTCATGAGTCGTCGGGCTGTGGATCTGTGGTCAACCCGCAGGGTTGTCCATCTAT
NZ_CP065383.1_gap40	1327763	1330381	2618	TCCCATCAATGGAATGGGTAAAAGAAAATCTATCACCAGAATACTATTTACAATGTAACCTGAATGATCAAATCTGGGCGGTAGGCATACCTGATCCTCCCGGGGATACTGGTATTCTGGTTAACGTTGATCACTTAAACGAGGCTGGTTTAGCTGTTGAAAAAGCTTTTGTTGATACTGATCAGTTAATTGATTACGCTAAAAAACTGGCTCAATACGATTCTAGCGGTGACTTAATCCGTTCCGGCCTTAGCTTTCAAGAGAGTAACGATCCTACCTACTTATTAAGTTACATTGCTGATCAGGGAGGAAAATTCTGGGATAACGATAAACAAGTATTTACCTTCCAAACTCCCGAAGCTAAAAATGCTCTCCAATTTTTCTATGACCTTTTCTTTGTGCACAAAGTTGACAGCGTCAACATGCCGACCACTGGTGATGCCTTGGTACAAAATTTGGCTTCTATGGCATTCATGTGGCCGGAATATCTGCCCTTTACCGAAATAACTTATCCAGATATGAAATTTGACTTCATCATGAAACCAGCTTTTGTCAAGGGACAGAAACCATTATTCAGCCATAGTGATACCTGGGATTTACTTATGCCCACTTATGTATCTGGCGAGAAAAAGGAAGCAGCGGTTAAATATCTGCAATATTTGGCCAGTGCTGAAGGACAATTGGTTTTCCTTGAGGAAAATCCTGGACTTCCAACTCCTCGTTCTCTCTGGGATAACGAATACTTTAAAACTGGAAAAGGTGCTTATCTTGAACCAGTTATTGAGGCTATGAAGGAAGGATATTTCCGCTATTGGGGACCATTTCCAGAACAAGATACTTTGCTCTACAACATCTGGTGGCCAAGTATCGATGCAATGATTCATGGAGAATTAACAGTTGATCAAGTCTTAGAACAAATGGAAGCCAATTCTAATCAACAGGTTGCCACAATGAAAGAAAAATACCCGAACGTGCCGGCTACCTTTATTTATTGGGACGGACTTCCTGAAGATTTAGCCATTAAGTAAGATTGTATTTCTATTACTGGAAGGAAAATTTTTTATGAGTTCCTTCCAGTAATAGAAAATAAAAAAGCTTTTTATTTTAGGTTTTTATTATTTTGTTGATGGTTTTGTTTGAATGATTAAGAATCAAGCCTTTCAGTCAAAAGGAGGTTTTTGCGAATGCAACGTGGCTTCGCCACACGATATTTTCCCTGGCTGGTTTTGATTCCTGCCTTAGTCTGGTTTATTTTATTCGTGGCTTATCCTTTTGGTTATTCGATAGTGAGTAGCTTTTTTCTTTGGTTTGTTCAAAACCCAGCCTCAAGTAAATTTGTCGGTTTAAAAAATTACTTTGATATTTTTAAAGACCCCCGCTTTATTACTGCTCTCAGGAATACGATGCTATATGCCTTACTAAAAACTGGTTTAGTCGTTTTTATCGGTGTGCTCTTAGCTAAAACTTTGTTTGCTATTAAATTTGGGAGCAGAGGGTATATGTTTTCAATTTTTTTACCATCATTATGTTCTATGGTAGCCATAGGTCTTTTTTTTACCTACCTCTATCAACCTCAATTTGGATTATTTAATGTATTACTCAGTAAAATTGGTATTTCAAGGCAAGGCTTTCTGAACAGTCCTCAGCAAGCAATTTATTGTGTTATTATTACTGAAGCTTGGCAGGCTCTTGGATTCTCAACCTTAATATTTTTAACCGGATTAAATACCATACCCGATGTCTTTTACGAGGCAGCACAAATTGATGGAGCCAGCTCCTTTGTTACCTTTTGGAAAATAATCTTTCCTTTAGCAAGAAGAGTGTTTCTATTTATAACTGCAATTACAGCTATTTCTGCATTCCAAGCTTTCGATTTAGTTTTTGTGATGACCTTATCCGGTGGTGGAACCGGGGGTTCATCAGGTGGCCCTGGTTACAGCAGCTATACCATGGCTCTTCAAGTTTATAACGATGGAATACTGCGATCTCAGACTGGAATAGCTTCGGCTATTGCAATAATGCTATTTGTCATTATTGGGGTATTAACCCTTTTGCAGCTTAAAATTCTTAAACCAGAATGGGAATATTAAAGGATGGGAGGATCATAATGTCTTCAAAAAGAAAAAATGAGATAACTGAGCAAACCAAATCCCATACGATCGCTATCATTGTTTCTCTTATTATGATAATCCCTTTTTTTTGGATGATTCTGTCATCTTTTAAGCCTGGAACCGAAATTGTAAAAATGCCTCCCACTTTTTTCCCCCAAACTTTTACTTTAAAAAATTACCAAACTTTATTCGAAAGGCTTCCCTTTGGTAGGTATTTCCTGAACAGCATAATTGTATCAGGTGGGATAACCATAATATCGATGTTCTCCAGTTCGATGCTGGGGTATGTGTTTGCAAAATTTAACTTTAAATTTAAAAACTTTTTCTTTTTCCTCCTGATGAGTGGTTTTATGATTCCATTTGCAACCTTGGTTATTCCTATGTATCTGCTTACCGCCAAAATTGGATTAACTAATAATTATTTAGGACTCATTTTGCCATTTTGTCTCAGCCCCTTCGGAATGTTTCTCATGAAACAGTTTATGGAGGATATTCCCAACGATTATA
NZ_CP065383.1_gap41	1333247	1338207	4960	GTGAACTTGGGGTTGATGTTGTTTCCCTTGAAACTTGTTTTTTCCCTGAAAACGAAAAAGATTTTTTGAAAAAGTTGAAAGATCAATTAATTGAGTTAAAGTTGGATCCAGTGGTGGCTTGGGGTCATCCTGATGGTTTTGAAGGTGGGAAAAAACCCGAAGCAGTCAAGGACCTTAAAAAGCATTTAAAAACTTGTCAAGAATTAAATGCACAAGTTATGAGAATTGTTGTCTCCAGCCTGGCTTTCCGACATGAACCTCATGGCCCTCAAATCGAAAAAGTATCAAAAATTCTTCAAGATGTTATGCCCCTATTTGAAGATTATGGCGTAAAATTAGGCATAGAAAACCATTTTGATTTTACTTCTGATGAATTGCTTGAGATTATTGAGAAAGTTGGTTCTTCTAAACTCGGGGTAACCTTCGATTCCGGTAATGCTCTTCGTATTGGAGAGGACCCAATTGAGGCTGCCCGTAAACTATTCGATAAAATATTTGCTACTCACATCAAAGATGTTGCTCCTCTATATGGTGGGAATCCATCCGACTGGTATTTCTTTGCCAGTGTACCGGCAGGAAGGGGCATTATCGACTTTCCCGGTTTGGTTCAGGTTTTTAAAGATAATCATTATCAAGAGAGTTTGACCTTAGAAATTGATTATTTAGATCCAAAGTATGGGGATGAAGATCAAGCTGTTACTGAGAGTATAAAATATTTACAGAAAATTACTGTGTGATAGGTGAATTCCATGGATCAAAAGGGTTTTTTCCAGGTAGATTACTCAAAATCGGACTTTATTGAAGTGAAGATTGGTATGTTGGGATATGGTTTTATGGGACAAGTTCATTCTAATGCATTTATAAAAGTTCCTTTCAGTTTTTCCGATCCGGTTGCCCGACCTGTCCTATTGGCAATATGTGGTCGTAATCAAAAAAAAGTTGAAGATACTGCGCGCAGGTTTGGTTACAAAGAGTATTGTCTTGATTGGCAACTACTGGCTAAAGATCCCCGGATTGACATTTTTGATAACTGTACACCAGACGATTGGCATTATCTTCCTTCCATAGTAGCCATGGAGAACGGAAAACATGTTATATGTGAAAAGCCTTTATCTTTAAAGCTTGAAGAAGCTTTCCAAATGGCTCAGAAAGCTCGGGAAACTAAAATTAAGACGATGTGTTGTTATAATTATCGTTTTCTTCCTGCGGTTCGATTTGCACACCAGCTTATTAAACAGGGAATATTGGGAAAAATTTACCAGTTCCGAGCCAAATACTTACAACAACAAGGACACAATCCTTTTGAGCACATTGAAAAGGTGTGGTACGCTCATGGTACCAAATCTGGAATTCTTATGGGAATCGGAAGCCATATTATTGATATGGCACACTTTTTAATTGGCGAAATAACAGCGGTCAGCGGATTAAGAAAAACATATAATCAGATGCGGAAAGATTGTTCGGGTAAGTCTAACCCAGTTTCTGCAGATGAATGTACCATTGCAATTTTGGAATTTAAAAATGGCGCAATTGGGACAATTGAATCATCAGGAGTAAGTACCGGGAGAAAGAACTATCAAGGTTGGGAAATTAATGGTTCCAAAGGGAGTATAGTTTTTGATCTTGAAGATTTAAACCACTTGCAAGTCTATTCTACCGATGCTAACCCACCTGAAATCCAAGGTTTTAGTAATGTTTTAGTAACTGATTCCGAGCATCCGTTACAAATAAATTATTTGCCTTCTGGTCATAATCAAGGTTGGGAATATGGACATGTTCATGCTCTTCATCATTTTTTAGATTGTGTAGTTAATGACAAGCCCGTGGAACCATTGGGAGCTTCCTTTCAAGATGGATATCGGGTCCAAGTAGTGATTGAAGCCATCAACCAATCTTCAGCAAGAGGCAAACGAGTTGAAATTAAAGAGTTTGGACGGGATATTTGAATTTATTTCTTAAGAGAAAAGGTTACCTGGAGGCAAGTCGAAAACATTTATTTGAAGATGGACATCCATGCTGCATAGCAGCGCCAGATGAGGATGAAAATACCTACCCAGGAATCGTTTCCCCCTTTAGAAAAGGGGGTTAGGGGGATTTGATTTTTTACTGTTCCGTCATTGCGAGAAGCGTCTTAGGCGACGTGGCAGTCTCATTTTTAAAAACAGTGAGCCGTGAGAAGTGAGCCGTGAGTCGAATAAAAGAAACAGCGATTGATGATCATAACGACTATCTGGTGATCCTTTTTAGAAAGACTTGAAGATTTTATTCTTAATCATATTTTTGAATTAAAAAAGAAAAAGATGAGATCCTCACGGCTTCTTAATACGAAGCCTCAGGATGACGGTATTTTTAAGCATTAGTGTATTTTCAGGATAAACCCTCACGCTGCATAGCAGCACTAGATGAGGATGAAAATAACTCATTTAGAAATGAATCTCCCCCTTTAGAAAAGGGGGTTAGGGGGGGATTTGATTTTTTACTGTTCCGTCATTGCGAGGAACGAAGTGACGTGGCAATCTCATTTAGCTATTTTTTTAAAAAATAATTAAAGGATGACCGATTTAAGAATTTATTTGATGATATTTTCAGGATAAACCCTCATGCCACTTTGTGGCACCAGATGAAGGTGAAAACAAGGATTCGACATGCCATGGCATGTCGCTACATTATATGAAGATCGGGCGCAATAAATTGCGCCCCTCCATTTTATATTCTTTTGTAGGGGCTTAATTTATCTCGCCCGTAGGTTTTCAAGATAGATATTTACTAATAATGGTGGTAATCGATTTGGAGTTCAATCAATCAGGAGGTTTTTCTTTTGAATGAAAATCAGCCCCTCTTAAAGATTATAGATGTTTCGAAGAGTTTTCCAGGGGTTCGAGCCTTAGATAAAGTGAATATGACTTTAATAGCTGGGGAAGTTCATGCTCTGGTTGGAGAAAATGGAGCTGGTAAATCCACTTTGGTGAAAATCATATCCGGAGCCTATACACCCGACGAAGGATCAATCGATATAGAGGACAGGTCTTTTCGCTCTTTGAATCCTTATCAAGCAAGATTAAGCGGAATCGCTACCGTTTATCAGGAACAACAATTAGTTCCCTGGTTATCAGTAGCGGAGAATATTTTTTTAGGAATGGAACCTCGCACCCGTTGGGGAAGTATTGACTTTACTGCCATGAAAGAAGAAGCTGAGGAAAGAATCCGTTCCTATGGCTTAAGTATTCAATCTACTGATATAGTTGCTGCCTTATCCGTAGCAGCTCGCCAGGAGGTTGCCATTTTAAAAGTATTAGCACGTCAAGCTAAAGTTCTTCTTCTCGATGAACCAACCGCATCTTTAACCGGATCTCAAGTGGATTTTTTGTTTCATTTAATTCATCAACTTCAACAACAAGGAATAGGCATACTCTATATATCCCACTATTTAGATGAAGTTTTAGAAATTTCCCAAAGAATAACCGTGTTAAGAAATGGACAATGCGTTGGGACTTTCCAAAAAGGAGATCTTACCAAAGAAACCTTAATTGAAAAAATGGCGGGTCATAAGCTTGATTTCTCTGCAGTTATTAAAAAACCAGTTGGGGGGAAAGTTTTAGAGCTTAAAGAAATTTCCTGCAATAATGTCCTTCAGAATGTAAATCTCTCATTACACGAAGAGGAAATACTCGGAATTCTTGGAGGAAACGATTCTGGCTGTCATGAACTTATTCGGTTACTTGCTGGACTATTGCCTTTTTCTCAGGGAAAAATGTTTTTAAAAGGAGAACCTTATTCGCCTTCTTGTATTTATGATGCCTTAGAAAAGGGATTATTTTTTATTCCGGAAAATATGCGCAAAGAAGGTTTGATTCTCCCCCTTTCTTTGGCCAAAAACATCACTCTTTCTAATCTTAAAGAAATACTCACCCAAGGTATGATCCACCTGAAAAAAGAGGGAGACCAAGCTCAAAGTTTAGTGAAAGCGCTAAAAATTGTTACTCCATCAGTGAAAACTGAAGTACAGTATTTGAGTGGGGGAAACCAGAGAAAGGTTCTTTTTGCCAAGGCGCTTTTTGCCAATGCTCAAATCTGGCTCTTGGAAGAACCTACCCAAGGTGTGGACGTAGAAGCCCGCCAGGAAATCCATCGTTTACTTTTCGATATCAAATCAAAACAAAAAAGTATTCTTCTCGTTTCTTCAGATCTTGAGGAACTTATTACCATAGCTGATCGAATTATCATTCTACGTCGTGGGCAAATAGTAGAAGAAATTGCCGATTCTTCTACTACCAGTCCCAAAGAATTACTGCAAGCTATGTTAGGAGGGTAATCATGTTTTCTTTTGCTACCATTGGAAGAAATATATTAGTATTAGTTCTTTTAGTCATTATAATTTTTACCGGAATAATCAATCCTCGTTTTTTAAGCCTACAAAATATATTAAATATTCTCCAACAAATCTCGGTTTTGGGTATTGTCAGTATTGGAGTGACCATTCTTCTCATTTCTGGTGGGCTGGACCTTTCGGTCGGAAGTCTTATTTCACTTAGTGCTTATGTCGGTGGTCTCACTATTGTTCGAACTCAGTCTTTAAGTCTTGGTATTCTTGCCCTCTTTGCCTGTGCAGTTTTTTTTGGTTTTTTAAATGGTGTTTTGGCGGCAACCGAAAGGGCTCACCCTTTTATAATCACTCTGGGAACAATGACCTTTCTTCAAGGTATTGCAGTAGTGATAAGCCGGGGAAGTCCAATTAATGGGATGGGTGGACTTTATGAATTGATTGGAATTCGAGATATTTTTGGATTACCTGCCCCAGCAATTATATTTATTGGGCTACTAATTCTTAGTCATTTCTTTCTAAGAAATATTCCTTTAGGAAGGTATGCTTTTGCCATTGGTGGCAATCAAGAAGCCTCTCGACTCTCGGGTATCAGAATAAGCCGAATGAAAATTGCTCTTTACGCCTTAAATGGATTAT
NZ_CP065383.1_gap42	1357508	1360195	2687	TGCACCCATCAATTGGGCGTCGGGAGTGACTTCATCTAAATATTTTAATACTTCAACTTTATGAGGTATGGTAAGGTTAATTCCCTGCATATTGAATGCTCGTAAGCCTTGGATGGCATCCTTTAAATCATCGGGATAAACTTCAATGGTAAGATATCTCCAGTTGAGATTTAAAGTACGAAACGCCGCTTCTTGCATGATGATAGTTGGATTTTCTTCAACCGGATGACCGAATACTCCCACTAATTCAGCTTTGTAATTTGGTTTTGATAAGTTCATTAACATCACCTCTTTCATTCATATTTTACTCTAAGATGATCTCAATGGAATGAAGTAAATGGTTAAATGGCGGTTTAATGAAGTATTTATACAGTTACTAATAATAACTATCCTAAGAAATAATCCAGCAAGACATTTCATAATAAATGGTTTTAGAGTTTTCGTTATAAAATTTAATTAAAAAAACTTCTGTCATAGATAAAATTATATATTGACATCTGTCAATTATATTGATAGGATTGGAAATGAAAGAAAAAAAGGATTAAAAACCAAAAAATTAAAGGAAGTGGGATTAAAATGGCCATTGTTTTACGTCCTCGCCAGCAAAATAACCAAACAATTTCAATTGGGTTCAGTGGGGCAGCGGGAGTAGGAAAAACAACATTAGTGAAAGGACTTTTTAATTATTACAAAAAACAAGGCTTGATAGTCGATGTAATCAATGAAGTTGCACGCGATATATTCTCTATTTATAGTCAAACCCATGGCGTGAGAACTCTTGAAGAAATGCGATTGATTCCAGAACTATATCTCATGTTTCAAAATGATGTTTTGGAAATTCAGATTACTCGAGAAATGAGAATTAGAGAAAAATCACCTGAGCTTATGTTATTAGATCGAACCGTTTATGATAATTATCTTTATACTCTTTTGTATTGTCGAAGAAGTGACCATTCAGAGTTGTTTGATAGAGTGACGAAAAGGGTTTATGAGTATCTCATTTCACAGCCTTATCAACATATTGTTTATCTTTTACCACATGGAACCAAGAGTTATGATGAATTTCGTGCCAGTGAAGATTTGAACAACCAAGAGGTTCAGGATATAGTTTTAAGGTTGTTAACCAGTTTTTCATTTGATTGTATTAAATGGGTTACGACGAATTCTCTTGAAGAAAGATTTGGTTATTTGGTTTTCCTTATTGATAGCTGGTTGAAAAAGAAAAATTTATTACCGGTGTAAATCCATTTATAGGGTTAACAGCAACTTTTATCTCTCATTAGAAAGAACAATGCATCGATTTATTGTTCCTGCTCATCATATGATAGAAAAGATTATGTTATACTATGAATCATGACTCAATTCTTATAAAATGATTTTTATTTGTTGAGAATATGCTTAAAAGATGAGGCAGATTATACTCAAAGCCAATTCCGAATCATTATAGGGAGGATATTAAATGGATGCATTAAAACTTGCTGGATTGTGGAAAACCAGGGATAGAAATGGGAATGTTTTTTTAAGTGGTCGATTAAACACCATGAATAAAATTCTAATATTACCGAATACTGGTAAACAGAAGGACGAGGATCCTGATTATTTTTTTTATATTGCTCCTCTTAAATCAAGGCGATCTGATGGATCTGGAAAGAAAGAAGGCAATCCTCGTGATATTCATCGAAATGTAGTTCAGGATAATAATCAAAAAGACTCTGAATCAGATAAATCTTAAATTGATGGATTATATAATTATTTCTGGGTCAAGCCTAATTAATTAAAATACGTTTCTATAATAAGATCTTTTGGATTAGTGAGGAAATGTCTGGAAATTTTGCTTTTTCCAAGAGCAAGTCATCTTGGTGAATTAAAAAAGCATATCTTCGGAGTAACGAATACCAATAAATATTTCGGGATAAATTAAAAAATTTATACAAATTTGCGTTACAATTAAGATAGAAAATAAATTTATTAGGAGGAGGGGTATTATGGCTTGGCAAATAGAAAAAAATTCAGAAAAGAAAATCTGCTTCATATGTGGTTTTGCAATACAACCTTATGTACCCTGTGTATGCCGTGAGGAAGACGAAAAAGTTGTCGAATGTGCTCACCTTTCCTGTTTCAAAAAACAACACCCAGAAGAATTTGAGAAACTTCAAAAATAATGTGGTAGTCATTAATAGAGTGAATATAATTTTAATTTTTTAATTATTTTTCTGTGAATGAGAAGGAATAGAATAAACAAATCTTTTGATTCCTGGATATTGCAACAAAAAAGAAATTACTCCGTTAAACCTGGTTAGGTGAATTGTTTTTATATGGTATTGGTTTTTTTAAGCTATTCTTTTTTAAGTCAAGGATTGGGTAATAACTGACCCCTTAACTCTCCAATTTGGTGAAGTAAAGTATCAACCTGTACAAAAACTCTTCCGTTTTCAATTTCTTGGACTAATGAAAAAAGAGGAAATCCTTTTAATCTACCCGCTAGTCGATCTTCGGTAATAATTCCTTCAGCAAGAACCCCCTCAAACAGTCCTTTATATTTTAATGGAGTTGGTGGAGGATTTTCTGGAAAAAGCCACACGATCAGAGAACCTTCTTTTCCTGGAGAACCCAAACGTAAAGTTACCATTAACACATCATAAATATTATAAACTTCAACTTGATAAGTGATCTGATCCATATCTTGG
NZ_CP065383.1_gap43	1365940	1366795	855	TATACCAAGACTAAGAAATACAGTGAAGGAGGAACTAACCCAATGACAGAAGAAATGCCACATCCAGGCCATGATAAGCATCTTTGTCACCTTCAATACAACGGATATATGAATCAGAATTTTGATGATTTTAAAAAATTAGTCATAAATCCTCAATATATATGTCGGAAGTGTGGAAGAGCTGCCAATCAGGCAAGCAGTCTTTGTCAGCCGGAAAAACTATAGAAAAGCTGAAAGAGGGTGGGGGAAACCACCCTCAAAATTACTTTGCTTTTTGATTAACCAGTACCATGGGTTGACCACAGCAGATTAATTCACCACCACCAACTGTCTTTATTTCAACTACGTTTCCACATATTTTACACTCAAAAACCTGTCCAATTTTTTCAACTTTTGGCATAACAGTTACCTCCTTGAAAGAAAACATTATTATTCTAATTATAAGTCAATTTACTTTGCTTCTATTCCAATATAGAATGCATGTTTTAGTGGACTCTCGATTGGATGAGAATTTTAACAAATGCTTTCAATATTCAATTTTTTAATTCCCTTCTGAGAGCTTTATTTCTATGTCTCAAATCACTCTCAGCCTTTTTCCCATATTTGGAGAGCTCCTTTCTTTTTTCCTCTCCCCTGGTGGGAGAGGATTCAGATGAGGGGGCAACTCTATTTTTCAACCTCATCTGATGCCACAATGTGGCTCAATTTCATCGGGTAACAATATTATTATATTAAATATCATGCTATTCTTTTGATTAAGGATAAGACTAAAATGGGAATCATTCACTATTAAAATGGGTTTTCATAAAAATATGAGATAAAAAAAAATTATGGAACTCGGTGAACTAAAAAAAA
NZ_CP065383.1_gap44	1382074	1383905	1831	TGCTTTCGCAGCACCAGATGAGGATGAAAATAGGTATCCAGGAATCGTTTCCCCCTTTAGCAAAAGAGGTTAGGAAGATTTGGATTTTTTCTGCTCCGTCATTGCGAGGAGCGCAGCGACGTGGCAATCTCATTGAGCCATTTTTTTATTCTGAGGAGGGTGGCGTTTTTACCGGACATTATAAGAATCTCATTCATTCCAATTCCACAATTCAACAAATAATAAAAGATGACTCATGAGATTGCCACGACCTCAAAAAACCAGGTATCGCAATGACGACGAGACGTTCCTTCTCCCTTGATGGGAGAAGGCGAGGATGAGGGTGAAAGTCCAGGATGAGATCCTGGTGAGTTGCTCTAAAAAAATTCCATCAAAAAAACGTTCTGGTATTTTCAGAATAGGCTCCTTTAATGAATATAAAATACCTATTCAAATCACAATTATGAGGAATCTAATCGTGCTTTGGTTGGACAACGTGACATCTCATCCACCCACTTCGTCATTTTGAGGAGTGTATTTTACGACGGGAGAAGCTCTCATTTTTTCATTATTCTATATCCTTTCATTTGGATATTCATTAAAAATAAAAAAGAGACTCCCCAAAGTAAAGCGCTAACTCTCCCAATGAGGGAATTATTCTATTTATTCTCTCGTTGGAGGGAAGGATTGAGAAAAACGTACTTTTCTAATAGTTCTTTTTGAGTCTTATTTTCAAAAAGAACTATTTATTGTAGAATAAAAACTTGAGCGGTTTTGCTCACCCCGTATAATCACCGCATCTTTTAGTTCTTAAAATTAAATTTAATAATACCCGAGAGCATAAAATCATTGAGATATAAAATGGTATCAATCTAAAACTAATTACACATTATATCTAAAATAGAAAATATAATATGATAAAAAAATTTGTATGTTATAATAATTCGTAATAAAAAAGAAATGGGGAGATAAATTTAGGAATAATAAAACAAACACTGAAAAAATACTTAAAAAATATATTATAAGGATAATAAATTAAGATAATTAAAAGTTTTCATAATTTGAGTTGAAGATGTATTTGAGTGTATTTTCAAAACAACAAACAATTGTCAAATGTGATTAAAATTTCAAATGAGGTTGGGATTAAAGTTATAATTAAGACAGATAAGGGAGTCAAAAAACTTCATAAAAATTTTGGTTAATAATGAAAAATAACTTATTTTAAATCTCCTAGATAATCACAATTATTCAAAAACCAATGTTTTATATCTTTTTTAAATTTTTATTGAAGAACATACCAGAAGGAGGTGAAAAGTTTTCTTAAAAAAGCCACATTTTAACCCAAGAAAGGTAAAAATTTAAAAAAGGAGGAATGAATTGTGAGGAAAAAAGGAACAAAAATTTTATTAGGAGTATTGGTTTTACTCGTTGTTTCAGCCTTAATAACATTTGCTTTTGCTCAGGATATGGATCAATTGGAAAAAGATACTGCCGATGCGGCGTTTGAAGCATCTGATAAGGGACAGCCTGATCCCTCCTGGCAAGGAAAGAAATTCACAGTTGCAGTTTTAGCATCAGGCCCCCACGGAGCTATTTCTGGTCCTCTCTACTTTTGGCGTCCTTACTGGGAACAATTAACCGGTGCGACCTATGATATCGCCGAAATTCCTTTTGGTGAATTACAAGCAAAAATCTTTACTGATTTAGCAACAGAAACTGGGAATTATGATGTTATAGTTGGCCCGAGCTTTTTCTATGGTGATTATATTGCCAATGATTGGATTATACCCATAGATAAATATTTTGATGACCCCAGAATGCCCAAGTGGGATCGGGATGGAATTGCCGCACC
NZ_CP065383.1_gap45	1509978	1510917	939	TTCAAGAATTACAATCGGTTTATCTGGAGCAAGTTCAACCAATCGCGGATAGACCGCATCCAATGCTTTTTGAAATATTGGCCAATCATCGGACAGGGGTGTTTGAGCTCCATATATACTTACACCAATCCAATCAATGTAATCATTACCAGGATAATATTTTTCCAAACGATTCCATTCCTCATCAGGTAAGTCTAAGTTGTTGACGTGGTAAACCCAGGTTATGTTGTAGGCTTTTTCATTTCTCATTACGTCGATAATATGACGATAGGCTTGCTTAAATTTCTCAGCTCCCTTCTTTTTTCCATACCATTTAGCATTCCAGGGGAACCACTCACCATTTATTTCGGTTCCATATTCGACGATTAGTGGATCCTGATAATTAAGAGCAGCAATAGCCCAAGCTTGCAGAGTTTCATCAAAGTCCCCTTGAATTATTTTATCGAGGGTATAAACTCTTTCTTTGATATTTTGTTGTGGTTTATAACGAAGCATGAGTCGTATAAAGGGAACCGATCCGTGTTCTTGAATCCAGGAAATAGTATCAACGGGGAAATCCTCACCTTGAGACCATTCGTGAGAAAAATATATCCAGGCCGCTTTTTTCCTCACCGCTGTTTCGTAAAGCTCCAAACTTTTCAGTGTAATAAGATTTTCTTCTCCACTTAAGTCCTCGGGGCCGGGATAGACACCATGATATAAATAGCCTGAAGGGGGAAGACTAATTTTTGCTGGTTTTTGAGCAAATCCTTCGTTAGCGAAGTTGAAGAAAAGAAAAGTAATCAAAAGGAATCCAAGCAAACGGGAATGTTTATAAATCAATCCCATATTTTTGCCCTCCTTTTAAATATGCTCTCACCTTATTCTACTCCCATTAAGAGGAAAAAGACCAAGCGGCTCTATTAAGTATTATTAAACTTTTAATTGAATGAACTCTCA
NZ_CP065383.1_gap46	1552451	1553302	851	AACGGACTGATGGTGGTCAAATTGAAAATCCCTTCTATTATCGCTACCTTGGGAACCATGTATGCAGCTCGGGGGTTGGCATTAGTCATCAGCGGTGGGAATAGTATCCACATGGGGTTAGGAAAGAGTTTTACTGTCTTGGGGCGAGGATATCTTGGTGGGATACCCATTATTTTCATCATCATGTTTTTAACCATTTTCCTTTTTTATTTTATCGAAAGCAAAACCATTTTAGGTCGTTATACGTTTGCCATTGGTGGGAATAAAAGAACTGCGCTCCTTTCGGGAATCAACGTTGGTTCAATTATTATCTTGCTTTATTTCCTGGTTGGAACTTTGACCGGGTTTTCGGGTACTTTAATGGCTTCCCGCTTGGGAGTTGGCCAAGCAATGGTCGGATCCGGCTTTGAGTTTGATGTTATCGTGGCTGTGGTGTTAGGCGGAACCAGTATCGAAGGAGGAGAAGGATCAATATTTGGTATGTTGATTGGGGCTTTTATTGTTGGTTTTATTGCCAATGGTCTCAATTTGATGGGAATTCATTCTTTTTATCAAAGTATTGTCAAGGGTGTGGTTTTGGTAGGAGCGGTTCTTTTGGATCAAAAATTGAAAGGAAGAATCGCTGATTAAAATATTGATTGTTTTTTAAAATGAAAAGTATTGACGGGGTAGGGATATGAGTAAAAAATCATTTCAAAATCGGATTGCTTTTGGGGTTTGGCTAAATGATTTTCGCAGCACACCGATATTGGATGATACGTGGCCAAGCGTATTGATTGATCAGCAAATCATAAGCGATTTTCAAAAAACCATGGATTTTTTAAAGAAAGCTGGTTATACCGATATCGATT
NZ_CP065383.1_gap47	1643715	1647980	4265	TGGCAGGGGACTCAACATGACCCTGGAGTGGAAAGAAACGATAAGGGAATACCAAAAGGGGGTGCGGGCACCTTGGCAGTAATTGGAGACATGAAAGGCATGGACCCTAATTGGCTTTGGGGGTTAAGTGTCAGAGGTTATGGATGTTCTCTTGCTGTTGGATTGGGAGTTCCCATCCCCATACTTGATGAAGAAACTCTCCAGTTTTGCGCAGTTCGAGATCAAGACATTGAAGCGCCGATCATTGATTATAGTAATGCTTATCCGAATGGAACTGGCGAAGTTTTGGGATATGTAAATTATGCGGAATTAAGAAGTGGTAAAATACATCACGCAGGGAAGGAAATACCAACCTCACCAATTTCCAGTTACTCTCGTGCTCGTGAAATCTGTTCATTTTTGAAAAAATGGATTCAAGATGGAGATTTCATTTTAACCCAACCAACACTTGCTCTTCCTAATACAGAATCAGATGTTCATTTTAGAAATCTTACCGAAAGACCTTTTACTAATAATGCCAATGGGATTAGGAGGTAAGTCAAATGGTATCGACTAAGAAGGTGGTTTTACATTTTCCCCGAGAAGCGGCCGAGAGACCGGTGGTATGTGATTTGGCACTTCGGTTTGGATTAACTTTTAACATTCTTCGTGCCTCTATTTCTCCGCATCATGAAGGACTTATGGTTTTGGAGATCATCGGTGAAAATACTAAAAATGAGGAAGGTCTCAAGTATCTTCAGGAGAAAGGAGTAGAAATTCAACCTTTAAGCCAGGATATTAAGAAAAACGATCAACGTTGCATCGACTGTGGTTCTTGCTTGGGAGTTTGCCCAACTTCTGCTCTTTATATGGACAAGACATCTTATCGGGTAATATTTGAAGAATCGAAATGCATTGCTTGTGAGCTTTGCGTTTTGGCTTGTCCTACCCGTGCGATGGAGGCTTTATTTTAATCTATGACCGAATATGTGGAGCGGTTTTATCGTAAGACCATAAAACCCTCTGATTTAATATCTTTTGCAGTAAAGATAAACGAAAGCGATCTCATGATCTATGCTCAATGCGATTTAAGTCAACTCTCTTATTCTCTTTTAGATAAAGAGCGAAGGAACTTAGAGGCTTATATTCGCTATAATTCACAGTTTCGAAAGTCTTTAATTCCGATATTAATCGATGATTTTGCTCCTCCTATATGTAAAAATATGGCAGATGCCGCAAAAAGGGCAGGAGTTGGACCGATGGCTGCGGTGGCTGGAGCGGTGAATGATCGACTGGCAAACGGACTCTTATCAAAAACGACAGAATTGATTATCGAAAACGGAGGAGATCTGTTAATCCATTCTTTAAGAGAACGAGTCATCGCTATTTATGCTGGAGAAAATTCTCCCTTCAATTCCCAAATCGGTTTATTGATTTCACCGGGGAAAACTTTCGGAGTGGCAACATCTTCTGGGAAAATTGGCCATTCTTTAAGTTTTGGAGAAGCTGATGCAGTTACTATTGTTGCTCATTCATCAGCAGTAGCAGATGCTTGGGCGACAAGTGTTGGTAACTTAATTCATTCAAAAAAAGATATTGAGAAAGTATTAAAACATTGTGAAAATATTCAAGAAATCGTTGGAGTTGTTATTATTTTTCAGGATGTTTTAGGTATTCGGGGTGATCTACAGCTAGTACATCTTTAATGTTTTGAAGAAGATAAATTAATTGCAGTTTGTTGTTCTTAAGGATTTTAAGACTTCTCCATTAAAGTTACCTCCTGACTATTCTTTATGCTCCCTAATCTGATGTCTTTTCCCTCGACTTGGTTTTTGCTAATATGAATAACAATGATGAGTAGTAATATGATAAACTCATTTAAGCAGGAATTGAACTTTTTTAAAGAAAGAGGGAGGGTTTGATGAATACAAATTTTGAGCTACAACCCGAACAGCTCCGATGGCACTGTGAGCCAGAAAGCCTTGGTTTTGAATATACCTCAGAACTATGTTCTTATAATGAGTTTATTGGACAGGAAAGAGCGATCCGGTCGATTGAATTTGGTCTGGATTTAGAGAGACCTGGATATAATTTATTTTTAACAGGTTTTACAGGGACAGGAAGAGTTGGAGCTATCAAATATTGTATTGCGAAAAAAATCAAAGACCAGCAAACCGAGGGCATCCTCCCCCAGATTTTTGATTGGTGTTATATATTTAACTTTGATAGCCCAGATCGACCTCGAGTGTTAAAAATTTCTGCCGGAGAAGGTAAAAAACTATCAACCCGCTTAGAAAATCTTTTAAAGAGTATTAAAGAAATCCTTCCCAAGGCTTTTGCCGGTGAAGAATACAAAAATCAGAAGCAAATTTTAATTGATGAGGAGCAAAGAAAAAATCGACAAATCGTTCAGGAATTGGAACGGATGGCTCTCCAGGAAAATTTTGCTTTTCGAATGACTTCCATGGGACCAATCTTGGTTCCTTTGGCTGATGGAAAACCGATGACGCAAGAGCAATATATTGCTTTATCTGAAACTGAAAAAGAAACCATAGAAGAAAGACGGCGATCGCTATTAAATGAAATTAATAATTATTTCGAGAAAATACATGAGTTAGAAATTGAGCTTAAAAATAAAATTTCCGAACTAGATAATCGTATTGCTGACTTCTCCATAACTCCCCTTTTTAAAGAATGTATCCAACCTTATGAAGACCAACCGGATATTGTACAATTTCTTGATTTTTTAAAGAAGTATACCCTGTCTTATCTTCAGTCTTTTCGGGATTCTCAAGAAACATCTACGGTTCCACAACTTCTCCCCTTTCAAAAATTACAGGATCCTTTTTTACCTTTTAAAATCAATATTTTGGTTGATAATTCCGACCGAGGTGAGCCTCCCGTCATTTTTGAGTCCCACCCTAACTGGACAAACTTGTTTGGCCGAATTGAACGAAAGGCAATGATGGGAACTTATTATAGCGACCATACTATGCTTAAGCCGGGATCTCTTCATTTGGCAAACAGTGGGTATCTCATCATGTATTTCCGCGATCTGATTATGAACCCTGGTGTATGGGAAGGCTTGAAAAGAGCATTAAAAAACCATGAGATTAAAATCGAGGATCCTTGGGAGCAATTTGGATTGGTTGCACCGCAAGGGCTAACTCCTGAACCTCTTCCATTTAGTGTAAAAGTAATTTTGGTTGGAGATGATATGGTTTACCGATTGCTTACCCTATTTGACGAAGACTTTAAAGATTTGTTTAAAGTGAAAGCCGATTTTGACTTTCAATTAGAAAAAAATAATGATGTTATTCACTCTTTTGCTTGTTATGTAAAAAAAGTCTGTGAGAATGAAAATCTCCTTCCTTTTGAAAATTCGGGAGTTGCCCGTCTTTTAGAAGATGCCACTCGAAGAGTTTCTCATAAAGATAAGTTAGTATCCCAGTTTGGTTATATTAAAGATATTGTAGTTGAATCTGATCATTGGGCAAGACAAGAACATTCCGAAAAAGTAACAGGAGACCATGTAGAACGAGCCTTAAAGGAGAGAAAAAACCGCCATAATCAAATCGAGGATAAAATTCAAGAATTGATCGATCAGGAGATAGTATTGATCGATATTCAAAATGAAATTATTGGCCAGATTAACGGACTATCAGTTTATGAGTTAGGCGATTATAGTTTTGGAAAACCTTCCAGAATAACCGTTAAAACCTATTTAGGCCGACAAGGTATTATAAACATTGAACGAGAATCACGAATGAGTGGAAAAATATATGATAAAGGAATACTAATCATAAGTGGGTATTTAGGTCATACTTTTGCTCAAGATAAGCCACTTTCAATATCAGCCAGTATCTGTTTTGAACAGTCCTATGAAGGGGTTGAAGGAGACAGTGCTTCTTTGGCAGAAACTTGTGCTATCCTTTCAAGTCTCGGTGAAATTCCAATTCGACAAAATATTGCGGTAACAGGATCTATTAATCAAAAAGGTGAAGTTCAAGCTATTGGGGGAGTGAACCAAAAAATTGAAGGATTTTTTCAATTATGCAAAAACCGAGGGTTGACTTCGAAGCAGGGAGTGATTATTCCTGCCAGTAATATTCAAAACCTAATGTTAGACGATGAAATTGTTCAAGCAGTTCGGGATGGTCTATTCCATATTTATGCGGTGAAAAGTGTTGATGAAGCTTTAGAAATTCTTACCGGAATGAAATCGGGAAAACTTCTTGATGATGGAACCTATGAATCTGGGACAATTAAAGCTCGAGTTGATGAAA
NZ_CP065383.1_gap48	1680006	1681720	1714	GACTGTCAGCACCTTCATGGCTGGGTCGTGCTCCGTATTTTTCTACAACATCTCGAAGGACTTGAGGAACATCGATCAACATGCAAGGACGCATTAAATTATTGTCATACGGTTGATTTTCTTGAATCGCCCGGAAGAAGGGTGAAGAAAAGACCTCTTTCAAACTTTTATCCTTGATATTGTCAACAGTAAAGTGACAAAATACGCAAGGTTCAACATCGCCAGCATTGTTGATATGGAAATATCGTCGACCACCGGCTATACAACCCCCAACATATGGTCCGTCATTCCAAAAATCACCGATGAAAATTGGCTTGTCGTATCGTAGATGGTGAACTTGATTACGGATGTGAAGACGTTGCTCAGGTGTTGGCATGAGATTCATGTCTGGTTTTTTTCCAATCGGGACATAGGTAAAGTACCAGCCAAAACTCACCCCTTTGTTGATCAAGCCATCCATAAATTCGTCACTGCAAACCAATTCGGTATTGTTTCGGGTGGCAGTAATGGAAAATCCAAAGAGTGCTCCTTCGTCACGAAGAGCTTCCATGGCATTCATGATTTTCTTGTAAGTTCCTTTGCCGCGTCGAGCATCGGTTTCAGCTTCATAACCCTCAACACTAATAGCTGGATAAACATTACCCATTTGAGCTAAACGCTTTGCCATGTCTCGATCAATAAGGGTTCCATTGGTGTAAACTTGGAAGGAGAGTTCGCTGTGTTTTTCCATTAGATCAATTTGTTCTTTACGGAGAAAAGGTTCTCCACCAGAAATGGTGAGGAAATTCATGCCCAATTCATTAGCCTCAGTAAAAATTCTGTCAAGGACTTCTATTGGCATATCGCTTTCTTTGCGATATTCGCCGGCATAACATCCATAACAGTTGAGGTTACAACGCATGCTTGGGCTTACTACAAAAAACATGGGTACTTGACAGCCTAATTCCTTTTCAATTTTTTGTCTTTTAGGAACTCCTAAAAGAATGCTTTTGCAGATGAGATTTTCAATTAGCTTCCGTCTCACGTTAGGATGAATTTCTTGAAGCACTCGCCGTGCCAGCACTATCTGAGGTCTTTTTTCCTCAAACATCTGACGAAGTCCACGAATCTGGTCACGATAAAACTCAATCGGTGTAAGTTTTTCGGCTAGATAGGTTAAACGGATAATAGATTCGTCGGAGGAGTTTCGTAAAGAACCGACCATTGCTTTGACAACCTGTTCTGCAGTAAAAGCTTTTATGGAATCAAAATAACCCATATTATGAACCTCCTTCATACGACGTGTTTATTCTATAGAACATATAAAACCACCCCTTATGGAGTATAGTAAGTAACCGATATAACAAGTATACTCTTCAGAACCTATCGTTTTCAAAATCGTTCTTATCATTTCATGCGTTCCCGTATACTCTTTTTACGTAATTTCGGATAGGAAAGTTTTAAGTTACGAGTTTCATAGGTACTTAAAAGCATAATTATAAAATAAATTAAAGAAAAACTAAATACTTTACACTTCTATATTATAGCAAAAAAATTAAATTTCAACCTTGGATGCTATGACGAATTAAATCATAATTCCTTTTGACTTCTTTAATATCTTCCCAGGTAAGGTAACGGGGAGAACCCCTAGAACGATCGTTATAACGGAGGAGAAAACTGGGATGAAACATGGGAAATATTTTTTTGCCACCTCTCCATTCCTGCCAGACGCCGC
NZ_CP065383.1_gap49	1690185	1691518	1333	TGTGGAAGGTGATCAGGGAAAGATGTACCAAATGGTATATAGCGATGGAATAAATTTTTTTTCTCTCTTTCAAACTCTTTTATCTCCCCATTCAAAGTTCTCTAGCCGAATTCGAAAATTCACTATTAAGAAAGATGGAGAACTTACTACTCTAATCGGAGAAATAATGGGAAGACAAGTTTTTTTAGTTGGAAACTTGAGTCATGAAATTTTAAGTGAGATATTTGATTCAATTGCTGATGAAGGGAGATAATGATATGAATAAAAAAATGAAGTTAATATTTTTGTTATCCTTTAGCGTTTTTATCCTTTTTTCATTAACTAGCTGGGCTCAAGCTGTCAATTCAATCATGCCTGAAGAAACCAACCTGGTAGCTGATATAGTAGAAAAAGTCGGAGCCTCAGTGGTTTATGTTGATACGTTATCTTTTAAGACCTATCGGAATCCTTTTGCACCCTTTTTTAATGACCCCTTTTTTCGAGATTTTTTTGATTTTTTCCCACAGCAAGAAGAAAGGAGAATTCCTCAAAAAGGTTTAGGCTCAGGTTTTATCTTCCGATCCGATGGATATATTCTCACCAATGAACATGTTATTCAAGGGGCCGAACAAATCAAGGTTACCCTTAAGGACGGCCGGAAATATGATGGAAAGATAATAGGTTCTGATCCATTAACCGATATTGCTATTATAAAAGTGGATGCAACCGATCTTCCAGCCCTTCCTTTGGGTGATTCAGATCGAGCTCGAGTAGGAGAGTGGGTGATCGCTATTGGAAATCCTTATGGATTGTCGCATACAGTTACGGTAGGCGTTTTGAGTGCAAAAGGGAGACCAGTATACTCTGGAGACTCGGGAAGAGAATATGAGAATTTTTTACAAACAGATGCTGCCATTAACCCTGGAAATAGTGGAGGACCACTATTGAATATCAAAGGGGAAGTCATCGGGATCAATACCGCTATTCTTCCTTATGCCCAGGGGGTTGGATTCGCTATTCCTATTAATATGGCAAAAAATTTATTGGATCCTTTAATTGAAACCGGTAAAATCGTTCGTTCTTGGACTGGGATTTATCTGCAGGATATCACTTCTGATATGATTCAACAATTCGGTTTAAATGAACCAAAGGGTGCGTTAATTGCCGATGTTGTTCCAAATAGTCCAGCTTCGAAAGCAGGAATTCAACGTGGAGATGTTATTTTAAAAGTTGATGATCGAGAAATTATTGATGCTGCGGCATTTCATACCAAAATTCGAGATAAAAAACCTGGCACTCAAATAATGTTATCTGTTTGGAGAGACAACCGAAGCAAAGTAATTTCGTTAATCTT
NZ_CP065383.1_gap50	1695388	1697097	1709	TAATGAGGTGAATTATATGAAGTTCCGATTCTTTTCCTGGTTGTTGGGAATATCTCTGGTTTTTTCTCTGGGAATTTTTTCTGTATACGCCCAAGAAGCGACAAGTATAGCCATTTTTCCCTTTTCAATGAGAGATGAGGTCGATGGATATTTCGGTTATTATCTTCGAGACCTCATTAAAGATGCTTTTGATGGTATCGAACAGGTTGAAGTCATCGATAACATCATGATTGATGAAATCTTGCGGGAAGCGAAAATTCCACGAGATGTAATCCTCGTTCAATCTATGGCTCAAGTTTTAGGAAAAAGAATCGGGGGAGATTATATACTGAGTGGAGCATATCGGATTCGTCAACTGGGAGATAAAGAACGTTTGGTTGTGAGTGTACGGCTTTTTGATTTGAGAAAAGAAGCCATGATTGATTTAAAAAGTAATGTTTTTGAAGTGAATAATCCCGATGAGTTTCGACAGCTCATTGTCCCTGAAGTCTTAAAATCGCTTAATATTGATTTTGCTGAGCCTGTTGAATCGTTTCTTTATGACCCCCAATTGATTTTTCCTCTCTATCGTGCAGTTGATAAAATGGATGAGGCTCTTCGGACGTACGGAAGTGCCCAATTTCCTGATAAACCACTCTGGAAAGAGGCTTTTGCCGAAGCGCAGGAAACCATTGATACCGTTCCGAATTACTTGGAGAGTTACTATTATCTCGCCTATATGTATCAAAAAACGGGATGGTTGGCGAAAGAAGTCGAGACCATGATGAAGTATGTTGAACTCCTTGAAGGTTCAGGAAGGGAAAAAAATTCAATACAAAGAGCGACTCGAGCTTATTTAAGACTGGCTAATTCTTACCTTTCTCAAAAGAAATATGAGATGGCCGAGGAGAGCATTAACCAGGCTTTACAAATAAACCCAGAAATCGCTGAAGCTTATTTTCTTTTAGGCAAAATTGCTTATGACCAAGGAAAATCTGCTCAGGCACAAGAATATTGGAATAAAGCCTACTTCTTGGATCCATCTCTTAAGGAAGCCCAATATTTTGCTGGAGAAGCTGGGAAAGCAGCAGTTTATGGGAAGGATGCCTATGAATCCTACCGAACTGGTTATACCTATTATGCCAATGGTGATCTTAAAACGGCGGAAGGATACTTTCGGAACGCTGCTCAACTAAATCCGAATATGAAGGAAGCCCAATATTGGTTGGGAAGAACCCTTTACGATTTGGGTAAATTAGCCGACGCTGAAGTGACTTGGAGGAAGGTTATTGAAATTGATCCCTTTGACAGCCAGGCAAAACGCTTCTTAGAAAGAACGATTCAAGAAAAACAATATGGGAGGAATGCCCTGAGCCAATTCCGTCAAGGCTTTGACCTCTATCAAGAAGCGAAATACGCTGAAGCAATTCCCTGCTTTGAAAAAGCCGTTCAGGAAAGTCCTCGTTTCCCCGAAGCTCATGAATATTTAGCTCGATCTTATTATCTGTTGGGGCAAAAAGATAAATACTTAAGAGAAAGAGAAAAAAGTCTGAATCTCATTGAACAACCGACTGATAAAGCCTGGCAATATTATTTGGTTGGGTATGAGCTTTTCTCTTGGAATGAAAAAGAAAAGGCGATTGATTACTTGCAAAAAGCGGTTGAAGTGGATACCAGTTTATCGGAAGCCCATCTTTTATTGGGCGAGATATATGGGAGTATGAATCAAT
NZ_CP065383.1_gap51	1698149	1703128	4979	TTGTATGGAAAAGCTTTGTATCTCAATGGAGATTTTAATGAAGCCACCCAATACTTAAAAGAAGCGGTTGCTATAGAAAGCAAGGACTATAGGGAAGAAGCTTGCTTTTATTTAGGTGATATCGCCTATAAGAACGAGAATTGGTTGGAGGCTGCTCAATGGTATCAAAAGTTAAACATCCAGGATAATCTTGACCTTCTCTGGCGATTGGCAACTTCACTAGATAAATCGGGGGAAAAGGATCAAGCTCTTGATATTTATAAAAAACTGAAAGGTGATAATGCGTATTCTGAACGAGCTGGTATTATAGTTTTGGACACTTTATACGATCAAAAAAAATATCAGGATTTTTTAAAGGAAGCTACAGAATATTTAAGGGATCATCCTAGTTCGGTCCAAAACGAAGAAATAATATATATGACCGCGTGGTCGGCTTATTATTTAGGGAATGTCCCTGAAGCTTTGGAACGGATCTCTCTTTATCAGGATAAATACCCTCAAGGGGGATATTTCGATGAATTAGAGTCGTTGGCAGTCGATCTCATGATCGTACAAAAAAATTATCAAGATGTTCTAAACAAGTTATTTAGCTTAGAAAACAAACTCAAGGGAGAAAAATTGGAGTATACTTGGTATCGGATTGGAAGCGTCTATTTGAAATTAGAAGAATATGACCGGGCAGCTTTCTATTTTGAAAAATTATTAGGAAATGTGAATGGGAATTACTATACCCGTGGTGGATATTTGATGGGTGTTTGTCTTGAGTATTTAGAACAACCCGAGACCGCCTTGACGTTTTATCACCAGGTTGTTAATAGCGGATTAGAAGACGAATGGGTTGAAAATTCACAGAAACGAATCAGTCTATTGACTGAGGATTAAACTGGGGATACACTTATGCTGATTCTTTCTCTACAATGCAGGAGGTTTCATTGATGCAGATATTTACTGTGATTGGCAAGGGCGGATTAATCATGTATCCGATCGTGGCCTCATCGATTATTTTCTTAGCGGTGTTTATCGAGAGGTGGTATGTTTTACGACATTCAAAAGAGAGAGTAAAAAGATATTTGCGGTCATTGAGAAAAGCTATTAATCAGAGAGACTTGCGGACCGTTATCGACATTAGTCAGAAAAATCCTGGTCCAGCATCACGGATAATCATGGCAGGTATAAAAAAATATCTAAATGGTGTTCCACGGGAAGCAAAAGAAGCAATGGAAACTGTGGCAATGCAAGAGTTTCCTTATTTTGAAAAGCGTTTAGGAGTGTTATCGACTATTGCGAGCATTGCCCCGTTGTTAGGGTTACTTGGAACGGTTACTGGAATGATTCGAACTTTTAATGTTATAGCCTCGATTGGGGTAGGAAAACCGACGGAAATGGCTGGAGGTATTTCTGAAGCATTGATAACCACCGCTGCTGGATTGTCAATCGCTATTCCGACAGTCATTGGTCACTATTACCTTTCCCAGATTGCCGAAAACATTATGAACGATATTGAAAAAGCCAGTTCAGAAGTTCTAGATATTATTGAGGAACTGAGAATCAATAATGGAAACGAAGGAGTAGAATTCGAAAAAGCCAAGAACCCAGAAGGAGTTGAGGAGAATGTTCCGATTTCGACAAAAGAAACAGAGGCGCCAGCCTGAGATTAACCTCACTCCAATGATCGATGTGGTGCTCCAATTAATAATATTTTTTATCGTAACCACCACGTTTATCAGTATTGAAAGTGGGGCCAAAGTGAATCTTCCCTCGGCAGATTTTTCCAAAATTGAGGAAGCCAAGACCATCACCGTAACTATAACTGAAAACAATATGCTTTATGTCAATGGTGCTCTGGTTGATGCCAAAGAGCTTCCTTCGTCGGTCGTAGTGGCTTTACGTAATGAGCCAGAGGCAACGGTTATCGTTGAGGCAGATAAGCAAGTTTTGCATGGTAAAGTTGTGTCAGTCATGGATGTTCTTAAAAAAGCCGGAGCCGAGAAAATAGCCATTGCCACTCAACCGACCAAAGAAGAGTAGTCATGAATAAATTTTTCATTAATGAAAAAAAGGTTTGGACTTTTTCTCTTACCTTATCAGTAATTATTAATCTGGTAATATTGGCTGCAATATCTATCTATTGGTTATCGATAAAATACGAACCCCCTCTTCAAGACGAACCTATGGTGATTCAGGTTTTAGAAATACCGTCCTCTCGTAAGCCTGTAACAGTTGCTCCTGCTGAAGAAGCCAATATAGCTGAATTAAATCCTTTGAAGGACATTCAAAATCAAGATGTTAACAGTGAACCTCAGATACAAAGTGAAATAGCAACTGATGTTCAGCAAAAAAAGGAACAGGTTACCATTCCAAAACCACCTGTTGACCTCCCTGATTCAGAAATGATTTCCGAATCAGGATCACCTTCAGGAGCAAAATTGGTGAATCCAGGAGAAAATATCGATGTGCCAGAGGATTTAAAGTGGCAGGGGGTTGAAGCTGAAAATACACTGAAAGCCCAATTCGAAAGATCTGGCCAATCAACCCGTTTAGCTCGTTTAGCAGAAGAGGGGGTAGAAAGGATAGAAAGTACAGTTGGTGAAACACTGGCTACCGGTGAATTAGCTGTGCCAACTGGTCAGGTTGACAAAAAATCTCCCTTTTCTAAACGGCCGATTTCGGTCATCATTGAAAATGCACCCGCAGCACGTCCCCAAGCAGGACTTAGTAAAGCTGATGTTGTCTATGAAATTATGGCCGAAGGTGGAATTACCCGATTCTTAGCTATTTATAACGAAGGCGTAGCGGATAATGTTGGTCCAGTTAGAAGTGCACGTCCTTATTTTGTGATGAAAGCGGCTGAACACAATGCCATATTTGCTCATGCCGGTGGGAGTGTTGAAGCGTATGTCTATATGAAGGAAATGAACATTGATACCATCGATGAGTTTAAATTCTTTCAGGCTTTCTGGAGAAGTAAAGATCGGAAAGCTCCACATAATCTCTACACTTCTATAGCCAATCTCAGAAATCAAGCTCAGCGGTTAGGTTACAATAAACCGGTAAAAGGAGGAGGGGGATTTCAAGTCCGGACACCCCAAGAAGCTTTAGGAACCGAGGATGCTCCCCAAGTAGAAATCTTGTATGCTGGAGATTATCGAGTGAAATATACTTGGGATGCTTCTCAAAAAGTGTATCGAAGGTTTATCAATGGAAATCCCCACGTCGACTCTCTGAACGGTCAGCAAATTATAACTCCCAATATTATCATTCAAATTACTGAACAGAAAGTGAAAGATGAGGAAGGTCGAATAGAAATTACTTTTGTTGGGAGAGGAACTGGATGGATTTTATTAGATGGGAAAGCGGCTGCAATAAGTTGGGAAAAGAATTCTCTGGGAGAAAAAACCAACTTTTTTTATGCTGACGGAAGAGAGTTAAAAATTAATCCCGGAGCCCTTTGGATAGAAGTGGTCAGTACCCAGAATAAGGTGGCGATGTAATGCACAGTGTATTATTTCGAATTGGTCAATTTCCAGTTTATGCTTATGGCTTTTTTTTGGGGGTAGCTTTTTTAGTGGGCATTTATTATGCCTCGCGACGAGCTCCTGGTTATGGAGTTTCTCCCGATTCAGTTGTTGAAGTCAGTGTACTCTGTATTTTTGGAGCTATCTTTGGATCCCGTTTAGTTTTTGTTTTACTCAACTGGGATATTTATCGCGATAACCTCATTCATATCTTTTTAATCCGTGAAGGTGGTCTGACCTTCTACGGTGGTATTTTTGGAGCAATATTTTTAGCAATCCCATATATTATACATAAAAAATATTCTTTACCGGCTTTATTTGATATTTGTACTCCGGCTATCGCTCTGGGTTATTCCATTGCGCGGATTGGTTGTTTTCTTAATGGTTGTTGTTATGGTCGGGTTTGTTCCTACACCAGCTTTCCCCTTGGAGTTCATTTCCCTGCTTTGGAAGGGTGGAGGTATCCAACTCAACTCTATTCAGCTGGATACTCTCTCCTAATCCTCTATTTTTTACTCAAACTGGAGAAGAAAAAGGTTTTTCGCGGAGAGCTCTTTTTTGATTATCTTTGGATGTATGGGATCGCTCGTTTTTTAATCGAATATTTACGTGATGAACCCTTTTCGGTTTGGGGAGTTATGACAGCAGCTCAATTTGCCTGTTTGTTGATAATTATAATTGCTCTTATTCTGCGAGAGATATTGAGAAAGCATGCTACCCAACGATCTCAGGAACGTTCTTGAAGCGTATCTCCAGTTTTTGTATTGGGAAAAAAGACTTTCTGATAATACTATTCAATCCTATGAACAGGATTTGGAGCAGTTAGTTGGTTTTTTGGAAAAAAAAGACATAGTATCTTTTTCTCAACTTGATCAAGATATGGTTGAAAAATTCCTACGATATGAAGCCAAACGCGAAATAGCTCCAGCTTCTCTTGCTAGGAAAATTTCTGCCCTTCGTACCTTTTTTCAATATTTGATCCGTGAGAAAATTATGCCTGAAAATTGTGCTAAACTCATCGATTCTCCTCGTTTTCAAAGAAAAATACCCGATATTTTAGACGAAAGTGAGATCGAATCCTTATTAAATGCTCCAGATTTGGCCAAGCCAATTGGAATTCGGGACCGAGCAATTTTGGAGTTATTGTACGCAAGCGGATTGAGGGTAAGTGAATTAACCGCTCTAGAATTTTCACATTTGGATTTGGAAAATTTTATGTTACGGCTTTGGGGAAAAGGGTTTAAAGAGAGGATGGTGCCTTTTGGCGAGGAAGCCGGTGAAGCGTTAAATCGATATTTTCAGCAAGCAAGAGAACAAATATTAAAGGGAAAACGGAGTCGGTCGGTTTTTGTCGGAGCTTCCGGTAAACCTTTAACCCGACAAAACATTTGGGTAATGATAAAGAAATACGCACGAAAAGCTGGAATTGAAAAAACCATAACTCCTCATACTCTTCGGCACACC
NZ_CP065383.1_gap52	1736870	1741303	4433	AGAGATATTGTTGCAGAAATTATTCGTGAAAAAGTTTGGCATAATATTCACCAAGAAATCCCTTATGGAGTGGAAGTGCGAGTTGAGGAATTTAAAGAGAAAGAGGATTTGGTTTCCATTCGAGCTATAATTTATGTTGAGAAGGATTCCCACCGAAAAATTATTATCGGGGGGAAGGGAAGTATGATTAAAAGAATTGGTTCCGAAGCTAGAAAGGACCTGGAGGAATTTTTTAGAAAAAAAGTGTTTTTGGATTTATGGGTTAAAACTCAGTTGAACTGGAGAAAAAAACCTGATGTTCTCAGAAGATGGGGTTATACATTCTTATGATGAAAACTGGTCGTTACTGGAAAGATCAAGGAATTGTTTTAAAAAGTATAAATTATGGTGAATTAGATAGAATTGTTACCCTTTTTACTCGAAAAAAGGGGAAGATTAGCGCTATAGCCAAAGGAGCCAGGAAAGTAGGGAACCGATTTGGCCCGGCTCTTGACTGCCCAGCAATTTCGAATTTTATGTTTTATGATGGTCGGGGAATGCCGGTTCTTTCTCAGGCAGATATTGTGGATTGTTATCGAGGAATTGGCAAGAAAACCAATCAGTGGGTTTTTGCCAATTATCTTTTGTATGTCATTGACCGTTGTTATGAGCCTGAAGAATCCGATGAGAGGATTTTTGAAACCGTTCTATTTTATCTTGATTTATCGATGAAGTGCGAGAACTTTAATATTTTCACTTTAAAATTTCGTATCGATTTGATTCGATATTTGGGATTTTTCCCTCGGATACGAGCTTGTGCAGTTTGCGGGAATCCTTTCAAGAAAATTCCTCCTGGATGGAGTTCAGCATCCGGCGGCGTGATTTGTGAAAAATGCTCGTCTTCGATACCTGATCTTCATTATTTACCCCCTGATATGATGGTTCTCTTGGGCAAGTTAATGACCTTTTCCTGTGCTTCGTGTCTATCGATTCAACTGAGAGAAAACCAGTTTGCCTATCTCGATCGACTGGTATCCGAGTATCTCACTTACCATGTTGAAAAAAAAATTACCGAATGGAAAGTATTTCTCGAACGTTTTCAAGAAGTAAGTTGACACCCATAATGGCAACTGATATATTAATTCCTTGGTGTGTTTTGGGGTAGGTGATGATACTATATACTTTCAAGATATAATTTTAACCCTCAGTCAATTTTGGAAAAAAAACGGCTGCATTATACAACAACCATATGATATTGAAGTTGGTGCCGGAACCATGAACCCGGCAACCTTTCTCAGGGTGATTGGACCAGAACCCTGGGGTGTGGCTTATTGCGAACCTTCACGACGGCCAGCGGACGGACGTTATGGAGAAAATCCAAACCGACTTTATCAGCACTATCAATATCAGGTAATCATCAAACCGTCACCATCCGATATTCAGAATATTTATCTCAACAGTTTATATGAGTTAGGCATTAATCCAGCTGAACACGATATCCGTTTTGTTGAAGATAACTGGGAATCTCCCACTCTAGGAGCCTGGGGCTTAGGATGGGAAGTGTGGTTGGATGGGATGGAAATCACCCAATTTACCTATTTCCAACAAGCTGGAGGCTTAGATCTTAAACCAATATCAGTGGAAATTACCTATGGTTTAGAACGAATCACCATGTATTTACAAGAAAAAGAGAATGTTTTTGATATTCAATGGAATGAAACCCTCACTTATGGTGACGTTCGTTGGCAGGAAGAACGAGAACACTCGATTTATAGCTTTGAACATAACGGAACTGATATTCTTTTTAAGCTTTTTGAGTCCTATGAAAAGGAAGCTCAGCGGCTCTTGGAAAAAGAACTGGTTATGCCAGCTTATGATTATATATTGAAATGCTCTCATACTTTTAATCTTCTTGACTCCCGGGGTGGAATCAGCGTTCTGGAAAGAAGTCAGTATATGGGGAGAATTCGACAACTTGCCAACCAGTGTGCCCGTCTTTATTTCCAACAAAGAGAGAAAATGGGTTTTCCCTGGTTAAAAAAGTCAAATTAGGTGAAGGTTAATCATGACGAAAACAAGAGATTTCCTTTTAGAAATTGGAGTTGAAGAGCTGCCTTCTAGTTTAATCTCGTCGATATTTGAGGAAACCAAAAGTCGGTTTATCGAAAAATTGAAGGAATCACGGCTCCATTATGAGGATTTGTATTTAGTCGGTACTCCTCGAAGAATTGCCCTTATTATTAAAGAGCTACAAGAACGCCAAGAGCCTTTGATTTTGGAAGTAAAGGGACCGGCAGCTAAGGTTGGCTTTTCTCCTGATGGAGAAGCTTTACAACCTGCTCTGGCATTTGCACGGGCTCAAGGCATAGACCCTCAAAGCCTTTTCATAAAAGAAACCGAGCGGGGGAAATATGTTTTTGGAAAAAAAATAAGAGATGGGCAACCATCCAGGGATGTATTGATCCAACTCTGTCCGGTTGTTTTACGTTCTTTAAACTTTCCTCGTTCCATGCTTTGGGGAGAGGGAGACTATCGTTTTGTTCGCCCCATTCGTTGGTTGGTAGCAATATTTGGAGAAGATGAAATTCCACTCTCGGTGGCTAGCGTTTCTACTTCTCGTTTCACCCACGGACATCGATTTTTATCAAAAAACTCTCAAGCTTTAAATAAAGCAGCCGATTATTTTACAACATTGGAAAGTCTCAAAGTTATAGTTGATCCGATTCAAAGAAGGACAATGATTGAGGAAGCATTGGATAGAGAAGTGAAAAAGATTGATGGTCATTGGTTGAGAGATGAGGACCTCATAAATGAAGTTACCTTTTTAGTCGAATATCCCGATGCAGCTTTGGGAAATTTTAATGAAAAATATTTACAACTTCCAGCTTGCGTTCTCACCACGGTGATGAAACATCACCAAAAATATTTTGCCTGTGTTGATGATGAGGGAAAATTGCTTTCCCGGTTTTTAGTGGTTTTGAATCGACCGGCTTTTGGATGTGAGAAAATTATTCATGGAAATGAGAGAGTATTAAAAGCTCGACTCGAAGATGCTTTGTTCTTTTTTACCGAAGACCAGAAAAAAAAATTAGAACAGAGAACCAAGTCTTTAAAAGGAATAGTTTTTCAAGAAGGATTAGGAACCATGTGGGAAAAAACCCTCCGATTAAAATATTTAGTTGAACGATTGGGTGCTTGTTTCCCAGGCAATGAAAATTCTCTCTCCCACTTAGAGCGAGCTGCTCTTTTAGCAAAAACCGATTTAACCTGTGAAATGGTTAAAGAATTACCGGAGTTACAGGGACACATGGGAAAGGTTTATGCTCAATTAGACGGTGAAAATGAGGAAGTCGCTACAGCTATTAAAGAGCAATACCTCCCCTCCCCGGGACAGGAAGACTACCCGGAAACTTTCACCGGGTGCATTCTTTCCCTTGCTGATAAAATGGATAATATAGTTTCCAGTTTTTCTTTGGGGAGAGTACCAAGCGGTTCAACTGATCCTTTTGGATTAAGAAGACAAGCTCAGGGGATTCTTAATATTTTATTAAACCGTCGTTGGTATTCAAACTTGCGAGACTGGATTAGTTGGAACTTAACAATTTTAAAAGAACAAGGGTTTGTGAATCCCGATCCCTCGGTGACCAATGATATTATTCAATTTATCATTGGTCGATTTCGTTTTTATTTGTTAGAAACAGGAATAAATTACTCAATCATCAATGCAGTAATAAGTGTATCTTGTGATGATGTCTATGATATTTACCTGCGGATTCATGCACTTCAAAAATTATTCGATAATGAAAGGAAATTTTTTGAAGATATTATTACCGGGTATTCTCGAGCCAACAACATCACCAAAAATTTTCAAGAGCTTTCCTTAGTAGATACCAATCTCTTTGAAGAAGAAGTAGAACACCAACTTTACAAAACACTACAAAGCATAGAAAAAGAATTTTATCCGGCAATCCAACGAGGCGATTATATTTATGCTTGTGAGTCTTTTTCAGCTGTTGTCCCAGTACTCAACAACTTTTTTGACGATGTATTGGTTATGACCGAATCTGAATCAGTACGCAATAATCGCCTGTCGATGTTAAAAAATATTGTTGAACTCTGGCAACCCATAGCCGATCTTTCTCAGATCGTTATTGAGGAGGGATCCAGGTGAGTTCCGAATTAAGTGATTTTATGACCAGTGATGATTTCAGTATATTTGTGGTTTCTGATGGAACGGGCAAGACTGCCTATTTGGCAGTACAAGCAGCACTTGCTCAGTTTGATCTCCCTCGAGTTAAAATTTTACGATTTGATCATGTAAAAAATAAAGAAGAAATCTTTAGTATACTCGACATGACACGCCCTCATAAGGATTTGGTGATTTATACTCTGGTCAATGATGATTTTGTTCAAGCGCTGGTTACCGAATCACTTCATCGCCGAATTTTAGTATT
NZ_CP065383.1_gap53	1745684	1748210	2526	TGGAATTCAGAAGGGAGGATTATATTGTGGGATTAGCAGTATTTGCTACTATAGCTGGTTTAATAGCGGTTATATATGCAGTTTATTTAGTTATGAAAATTAATGCCTTTGATGCTGGTAACGAAAAAATGAAAGAGATTTCTCATGCTGTTCAAGAAGGGGCTATGGCCTTTCTTAAAAGAGAATACTTCTTTTTGATATTTTTTGTTATCGGTATGTTTATCCTCCTCACCTTTACCCGAGGAATTGTTGAGGCCATTTGTTACCTTTGTGGGTCGATTTGTTCGGTATTAGCCGGTTTTGTGGGAATGAGGGTTTCAACCAAAAGCAATGCCCGAACTACCCAGGCTGCCACACAAGGAATAAGCCAGGCACTTAAAGTAGCTTTTTCGTCAGGCACGGTTATGGGGATGTGTGTAGCTGGTTTTGGGCTCTTGGGCTTGGGAATTCTCTATCTGATCATTCGAGATGCTAATATAATCAACGGATTTGCCTTAGGTGCCAGCTCAATCGCTCTTTTTGCCAGAGTAGGCGGAGGGATTTATACTAAAGCAGCTGATGTAGGTGCCGACTTGGTGGGAAAGGTTGAAGCAGGTATTCCTGAAGATGACCCTCGCAATCCAGCAGTTATAGCTGATAATGTCGGAGATAATGTCGGAGACGTGGCCGGCATGGGTGCCGATTTGTTTGAATCCTACGTTGGTTCGATCATTGCTGCCATGGTTTTGGGAGTATTTGCTTTCCCCGGAACTTTAGGTGGAGTGATGTACCCACTGGTTTTAGCCGGTGCTGGAACTCTGGCTTCAATTTTTGGAACATTGTTTGTAAGCTCAAAAGACGAAAAAGGTTTGGCAGCAGCACTGAATCGTGGCACCTATATCAGTGGTGCCCTGGTTATCGTTATCAGCTTGATTGCCTCACTTTTGATCTTTAAGACAACTGGACCCTTCGTGGCGACGATTGCAGGTTTGATTGCAGGGATTGTTATCGGATTGACATCTCAATACTACACTGCCAGCGATTACAAGCCAGTTAAGGAATTAGCCGAAAACTCTAAAACCGGTCCGGCAACTGTGATCATCAATGGTTTAGCCCTTGGCATGGAAAGCACTCTTCTCCCCACGTTATTGGTTTGTGCAGCCATCATGGTGGCTTTTTGGGCAGCTGGAATTTATGGGATAGCTATTGCTGGAATCGGAATGTTATCGATTACAGCTATTATTGTTGCGGTTGATGCCTATGGACCGGTTGCCGACAATGCTGGTGGAATTGCTGAAATGGCTGAACTGGATCCCAAGGTAAGAAAGATTACCGATTCACTCGATTCACTCGGGAATACAACTGCTGCTATTGGGAAAGGATTTGCAGTTGCATCGGCAGCTTTAACTGCCCTAGGATTATTCGTAGCCTATTCCCAAACCGTTAAGCTCAGTGTGATTGACATCCTTAATCCCCGAACGGTAGTCGGGCTTTTCATTGGCGGTATGTTGCCCTTCCTGTTCTCGTCGATGGCAATGAAAGCAGTTGGTGCTGCGGCATTTAAGATGGTTGAGGAAGTTCGTCGGCAGTTCCGAGAAATCAAGGGATTGATGGAAGGGAAAGCCAAACCTGATTATGCCCGTTGCGTCGATATTAGTACTAGGGGTGCTATTACCAAGATGATTGTTCCAGGATTGATGGCTGTTTTAGTCCCTCTCTTTGTAGGAATTGCATTGGGAAAAGAAGCCTTGGGTGGACTTCTGGCTGGTGCCATTGTTACCGGTTTAATGCTGGCGATTATGATGGCAAATGCTGGTGGTGCCTGGGATAATGCCAAAAAATTTATCGAAAGTGGTTTCTTAGGAGGCAAAGGAACTTCTGCTCATTCGGCAGCAGTGGTCGGCGATACGGTTGGAGATCCTTTCAAGGATACTGCTGGTCCATCGCTGAATATTTTGATCAAATTAATGACCATTGTGGCACTGGTTTTTGCCCCGCTCTTTTTGAGATAGGATGCTCTTCAATATTTTAATAAAAAGAATAGCTCGGGGTTAATTATCAATACCCCCGGGCTATTATAATTTTCTATCCTGAAAATACCATCTTATAAATTCCCCCATTGAGGGGGGATAAAGGGGGGTGTGCCTTTAATCGGTCATCCTGAGCCCTCGCTTTTTGAGGGCGTGAGGATCTCATCTTTTAAGTTTTTTCTTCATAAATACTTTAAATGATGAGATTCTTACGTCGTCCGGTAAAAACACCGGACTCCTCAGAATGACTAAGTGGATGGTAGAGATTGCCACGTCGCACAAGACGCTCCTCGCAATGACGGATTTAGATAGGTATTTTCATCCTCATCTGGTGCTGCAAAGCAGCATGACGGTCTATCCTGAGAATTCATATCCATTTCTTTATTCTCTTCATAGTGGAAGAGGTTTAAATGAGGAGAAATAATATTCTTCTAAAGAGGGACCTTTTAAAATCTGAGAGGAATATTGGTTTATAATAAATTTATTAAATTTTAAAGAGGTTTATCTTTGGCAATTC
NZ_CP065383.1_gap54	1790073	1792967	2894	CCAGTGCTTTTGTAGCAAATATTGGGAGCATAGGGGTTAATGCTCCCTATCATCATTTATATGAGTGGGGGAACGTATCCCTCTTTGTTGTTTTAGGAAAGTATGCTGAAGAGTTGAAAATAAATTTAGAAGGTAAATTGAATAAAAAAACTTGTGTCGAAATCACCTTCACAGTTGATGAACGAATCAACGATGGGTTTTATTTAGCACGAGCTTTACAAACTTTCAAGCGACTTATGGAAAATCCGGAAAAATTGACAGAACCATTGGAAGGAGGAACCGAAAGTGATGCATGAAATTCATCAAAGCATGGTCGAGCGATTGTCGGTCACGGTTGAAAACTATCCTGATTTACCTGCTCTTGATTATTATGGGAGTAAGATATCTTACCGTCGATTATTTGAAACCATCAAGAGAATGGCAACGATCTGGAAAAATCTGGGAATCGAACCAGGTCATCGGGTCATCCTTTGTCTTCCCAATATTCCTGAAGTAGTTATCGCTCTCTATTCCTTAAACATGATTGGGGCAGTGGCTTGTATTGTACATCCTTTATCGACTTCAAAAGAAATGGCTTTTTACATAAAAGATACTCAGAGCAAATGGGTCATAACCCTAGACATGCTTTATGGTAACTTTAAAAAAGCAGTTGAGGAGAGTCGGGTTGAAAAAACCATTCTTACCACGGTTTCTGGGAAACTCCCTCCCTTACTTCGGCTCCTCTTTTTTTTCAGACAGGGACGTAAAAACCCTGTTTACCGGGGGAATCATTTGATTTATTGGAAAACCTTTGGGAAAAAACTCCCACCACCTGTTGAAGAATTTTACCACTTTTCTTCCGACCAACCCGCCGTCATCCTTTTTAGTGGTGGAACGACGGGAACACCAAAAGGAGTTCTCCTCTCGAACGGAAATATGAATGCCCTGGCAGACCAAGTAATCGCTCAGGTTGATCCTCATCCGGGGAGAGAATCAATTTTGTGCATCTTGCCCCTTTTTCACGGGTTTGGACTTGGTATTTGCTTACATTCTGTTCTAATCGGTGGAGGCCGGTGTGTTCTTATTCCTCGTTTTAGCAAAAAGGAATTTATCGATGGTGTCATTAAATATAAGCCTACTTATATTGCTGGAGTACCTACCCACTACGAAGCTTTAGTCAGCAGCGAAAAAACAAAAAGAATTCATTTTTCTTTTCTTAAAGGAGCATTTTGTGGGGGAGATAACGTTCCCCATCCTCTCATTCAACGGTTTAATAAATTTGTGCAAAGCCATGGAGGAACGGTCTGTTTGAGAGAGGGGTACGGCTTAACAGAGTGCGTAACCGCGTGCTCGATCATGCCAGAAAATCTCTATAAGAAGGGGAGTGTGGGTTTGCCTCTCCCTGGTAATCGCTTCAAGATTGTTCGGCCTCATAGCACGGAGGAGGTACCGGTGGGAGAAGAAGGAGAGATTTGCGTCAATGGACCAACGGTCATGCTCGGATACAATAACCGTCCCGAGGAGACTGCCCGAGTGTTATTAAAACATGATGATGGTCTTATCTGGCTTTCTACCGGAGATTTGGGAAAGCTCGATCAAGATGGGTTTTTATACTTCACAGGGAGAATGAAAAGAATTATCAAATGCTCAGGTTATGCTGTTTACCCGTCCCAAGTTGAGAATGTCATTAACAGCCATCCACAAGTTGCTGCATCATGCGTCATTGGTATTCCTGACGAGTACACAATGAGTCGAGTCAAGGCGTTTGTCGTTTTACGGGAGACAGTTCAATCCCGGGAGGCGTTGGCTGAAGAGATAAAACAGTATGTAGCTGAGCACCTTATTAAATGGTCAGTTCCTACTGAGATTGCCTTCCTAGATAAACTGCCAGTTACCCGAATGGGAAAACTAGACTATCGGACTTTAGAAGCCTTGGAACAAGGCGAAGCGATTATTTGATTTTTTTATCAAAGGATTTATTTTCCACCCATTGAAAAATTTATTAGAAGATGGGAATAGGTCAGGATGGAGATATTATATAACTTTTTCCTATAAGACGAGGATTTTTAAAAAATGAAATGTGTTGAGAAATTTGATTTCTGCATGGATACAGTTATTTATCAGAAAATATATGGAAAAAACTCAGAAGTGGCTATTGATGAAGCAACGAGGAAAATCCAATACTTAGAGTGTTTGCTTAGTTTTTTCCAAGAAGAAAGCGATATTTATCAAATAAATTCAAAGGCAGGGAAAGATTGGGTAAAAGTAAACCAAGATACCATAGAAATCTTGAAAATGGCAGTTAAAATATCGGAATTAAGTGCTGGTGTTTTTGATGTGACAACCGGAGTTTTGAATGATTATTGGCGCCATTTAAAAAAAAATCAAAGAAAACCAGATAAAAACCAAATTGATGATTTAATGAGGTTGATTAACTACCGTGATATTTTAATTAATCCAGAAGAAAAGTTAGTGAAGCTCTCACGGTTCAATCAAAAAATTGACCTAGGGGGAATAGGGAAAGGATATGCTGGGGAGAAGGTTATCGATGTTTATAAAGATTATTCAATCCAATCGGGATTTATTAATTTAGGAGGAAATGTAGTAACTATTGGGAAACCCCATTGGAATAGAAATTGGATTATTGGTATTCGTGATCCCTTTTCAGAGGATGGGGGGATATTTGGGAATCTAAAGGTAGAAGATCAAGCAGTCGTAACTTCAGGGGGATATGAGAGATATTATGAAATTAATGGTTTCAAGTATCACCATATTCTTGATCCTCGAAACGGTTTTCCCGCTCGGTTAGAATGGCAAAGCGTTACCGTGGTTGCAGAAAGTTCTTCCTTGGCAGATGCCCTTTCCACTGCTATTTTTATTATGAGTCAAAAAGAGCTCGTTGGTTTTTTAGAGAA
NZ_CP065383.1_gap55	1813379	1818288	4909	GCTGATAAAATTCGGGTTCCTTTGCTAGTTGCTCAGGGAGCGAACGATCCTCGAGTTAAAAAAGCTGAATCGGATCAAATTGTTGAAGCCCTTCGGCAAAGAGAAGTTGACGTAAAATATATTGTTAAAGAAAATGAAGGTCATGGTTTTCGCAATGAAGAAAACCGGTTTGATTTTTACCGAGAGATGGAACAATTTTTAGCCAAACACTTGGATGGAATGATATGTTAGTAAAATGGTTATATTACTTAAAATGTAAAAAGGAGTGTGTTGAAGATGAAAACAATAATCAAGCTCCTTTGGTTGGCTTTAGTTTTTATCGTTCCGTTAGGAAGTTTTTCATCAGCTTGGTCTCAAAATCAAACCCAATTAGAAGATTTTCAGCTCAATGACTTTACACTAAGGACATTGGATGGTCAAGAAATTACTTTAAGTAAATTAACTGGAAAACCAGTCATGGTTACCTTTTTCTTGACAACCTGTTCTCACTGCCAAGCTGAAAGTGCAGCTCTGAATGTGGTTTATAATAAATATCATGAATCAAAGGAATTCCAGCTCATTGCAATTGCACCGCGAATGGATAGCAGAGAGAATTTGGTGAAGTTCATTGATGAATACCAAATCACTTACCCAATTCTTCATGATCAAGAGAATCAGGTGATAAAACTTTATGGGGTGATTGCAGTTCCCCATAATATTTTTATAGATCGAGAGGGAAGGGTGAAAAGAGTCATAACCGGAGGAGTTGATCTGGTGACTTTAGAAGAATCTCTTGAGGAATTATGGTAAAAAAAATGCGGATACCAACAAACCTATTTGCATATTAGCTATAAAACGGGAACTCCTCATCTCCACCCCTCCCATAACAACTTTAGAGATTATCCCGCAAGAAGCAAATGCAAAAAATCAGTTTCTCGGTATCCGCACAATTTATATTATACCATATTTTTATTTTTTCAATAATACAAAAAAATATTTTTTAAATGCTAATAATAGGTTTAAAAGTAGCTTGATTTATTTCGATCTACCAATAAAGCACCATGCCCTCTCATACCGAAACTCACGTTTTGATCCTTAAATACACTTTAATCTTTTATTTAAAAAATGCTGATGATGGGCAGCACATTTGATTGTCAATAAGCGGGGTGACCTTAAGCACTTCTTGCTTTAATATTTCTCCTTTAATGCTGATTTGATTGATTTTAACTGGAACTTTAGCACCAGATTGCAGGAGAGCATTTTGAACCATTGGAATTAATCCGCGACAACAAGGAACTTCCATATAGACAATATTTAACTCTTTTATTCTGTTCTGTCGAAAGATCTGAGCTAATTTGTCTTCATAAAGATCTACATTATCAAGTTTTGGGCATCCGATTAATAATACTTTTCCGGTTAAAAATTTTTCATGAAAAGCCGGATAAGTAAAAGGAACACAATCTGCGGCTATGACTAAACTGGCATTTTTTAAATAGGGTGCTTCGGTTGGAACCAACGTTAGTTGTACCGGCCAGTTTTCCAAAAGAGATTGGCGTTCTTTAACAGGTAAGGAGTTTACAGGGTTTTTTTGTTGAAATGAATTCCCCTTTAATGATTGAGCCATAGTTCCAGGACATCCACAAGCGGGGAGAGGTTCAGGCTGGGAAGGAGGTTGAGGTTGGAAACTTTCGTCAAAGGGTTCGGCAATTCTTTCTTCTATTTGTAAAGCGCCGGTTGGGCATTCACCAATACAAGCCCCTAAGCCGTCGCAATAGCTGTCTTTAACTAAGCGAGCTTTTCCATCAGTAATTTGAATAGCCCCTTCAGCACAGGCTAAGACACATTGACCGCATCCGTTGCATTTTTCTTTATCTATTTTAATAATATTCCTTCGAATGGTATTTCTTCCATCTACCATGGTTATCACCTCTTGCTACCATTTAAATTGGATATTTATTCAATTTTTCTATTTAGGTATAATAGTACCAGAATATATATATTTGTCAATATTAAATTTTTGACTCTCGTCCTCACCTTTCCCATCGAGGGAGAAGGAGCTCTAACTCATTACTTACTGGAGTTGGGACCAGCGGACTTTCCAGGGTATGAGCACGGAATCAATGGTATAGATGTTTCCATTAATGGTTTCATAAGCATCACGAAGAAATTCTGCGTTTATTTCACTTAATCCTGGAGCATCATTTATTGCTAACAAAACCTTAGGGTCTTCTTTACTTTTCATCAAAAACATAGTTGATCCACTTAAGAGCGTTTTTAAGGTGAGTTTACTTCCTGGGAGATCTCGCCAGGTGATTCGATAAGGAACCAGATGATAGGTGAGAATAGCAGCAAGTATGGAGCGATTTTCCGGATTAAAAAGTGCTTCAAAGGTTTTTTTAGATAAATTTTTAAAAGCATCATTGTTTGGAGCAAAAATAGTTATATCGTTCGCTTCTTTCAGAGAATTGAAAAGGCCAGCCTTATCGATGAGTTGCAGTAAAATGGTAAAATTTTCATCGGTAGCTAAAACATCAACCATATTGGTTTCAATCCTTTGAGTAGATGGGTTAAATCTACGGTTACGGCTAAAGGCTAAAGGAGAAGCGAACGAGAAATGAATCAAGAGGATTAACACGATAAAAATTAACGAAATTGGAGAATATCTTTGTTTGGTCATAAATTCTAATCCTCCACAGCATTTGATATTATATTATTCCTATTCAGCATATTCGAAAAGGTTCGTTTCGAAATGAATGAATAATTAGGTTAAAATGTAACTCGATAATCTACTGAAAACCGGGAGGAAAGACCGTTGAGCGATCATATCAAAAAAATAGCCGTAGAACTGAGTATAGATGAAAAACAAGTGAGCGCGGTTGTTGAACTTCTCAATCAAGATGCCACTATTCCCTTCATTGCCCGTTATCGAAAAGAAGTAACCGGCAGTTTAGATGAAGTAGTCATAACTGAAATACGAAACCGAATGGACCGTCTTCTGTTATTAGAAAAAAGAAGAGAGGCTATATTGAGTGCTATGGAAGAAAGAGGGCAGCTTACCGATGAGATTCGTGAAAATATGGAAGCTGCCGAAACCCTTACCGAATTAGAAGACCTCTATTTGCCCTTTCGACCGAAGCGACGAACTCGAGCAACTATTGCCCGGGAAAAAGGCTTGGAGCCTTTAGCTGAAATTCTCCTTAAACAGGAAGAGGAAAACCCTGCTGGAATTGCAGAAAGATTTCTGGATAAGGAGAAAGGTGTCACCTCGGTCGAAGAAGCCTTGAACGGAGCTAAAGATATAGTTGCAGAGCGGATTAATGAAGAACAAGAAGCGCGAAAAGCGCTCCGAGAATTATTTCTTACTCAAGGGATTATTCGCTCCCATGTGATAAAAGGAAAAGAGAACGAAGGAATAAAATATAAAGATTATTTTAATTGGGAAGAATCCATAAAAAGCATACCCTCGCATCGACTTTTGGCAATCCGGCGCGGTGAGAAAGAGATGTTTTTATCTCTTCGGATCCTTCCTCCGGAAGACATTGCTCTATCGCTCTTGGAGTCCTTTTTTGTTAAAGGAATCAATCCTTCTTCATTAATTGTAAAAGAAGCCTGTCAAGATTGTTATAAAAGACTGATGGCTCCATCATTAGAAAATGATGCCCGGTTAATCAGCAAAGAAAGAGCTGATCGAGTAGCCATTGAAGTCTTTTCTGAAAATCTTCGTCAATTGTTGTTATTTCCGCCACTTGGGCAAAAAAGGATTTTAGCTATTGATCCAGGGTTTCGAACCGGTTGTAAGATGGTGTGTCTCGATAACCAGGGGAATTTATTGCAACATGATACCATCTATCCCCATCCTCCTCAGGAAGACATTGAATCCGCTGGAAAACTGGTTTTAAAGCGGTGCCTGGAATTTAATATCGAATGTATTGCGGTCGGGAATGGAACAGCCGGGAGAGAGACCGAAGCTTTTCTGCACAGTATAGAAGGATTATCACAAATTCCAATTGTTATGGTCAACGAAAGCGGTGCCTCGGTTTATTCTGCATCTGAGGTTGCTCGAAAGGAATTTCCTGACCAGGATGTGACGGTGAGAGGAGCAGTATCAATTGGCAGACGGTTAATGGATCCTTTAGCCGAATTAGTTAAAATTGATCCAAAATCAATTGGTGTGGGACAATACCAACATGATGTTGATCAGGCTGAGCTTAAAAAATCTTTAGATGATGTTGTCATGAGTTGTGTAAATAGTGTTGGGGTGGAAGTGAATACCGCCAGCAAAGAGCTACTGAGTTATGTATCTGGACTTGGTCCCCAATTAGCCCAAGCAATAGTTGATTATCGGAGCCAAAATGGTCCTTTTCGTTCCCGAGAACAGTTAAAAAAGGTTCCTCGCTTGGGTCCTAAGGCATTTGAGCAATCAGCAGGATTCTTGCGAATTCGAAATGGAGAGAATCCTCTTGATGCCAGTGCTGTTCACCCAGAGAGTTACTACATCGTTGAGCAAATGGCTACTGATTTGGGGGTTTCAATAACCGAGTTGATTGGGAAAAGCGATCTTGCTGAAAAAGTTAATCTCAATAATTATGTAAATGATATGGTTGGACTTCCAACCCTGCAGGACATCCTTGCTGAGCTTTCTAAACCAGGACGGGATCCAAGGCAGCATTTTGAGTTTTTTCAGTTTGCCCATGGTATAAATTCTATTGAAGATCTTGAAATAGAAATGAAGCTTCCTGGTGTGGTAACCAACATTACTGCCTTTGGAGTTTTTGTAGATATTGGAGTTCATCAGGATGGTTTGGTTCATATTAGTCAGTTATCCCAGAAATATGTTAAAAATCCAGCCGAGGTGGTGAAAGTTCATCAAAAAGTGATGGTTAGAGTTATTGGGATAGACCAACAGAGGAAAAGAATCAGTTTATCAATG
NZ_CP065383.1_gap56	1823057	1826553	3496	ATTATATCAACTATTTGACTTAATGCCCAAAGTGAACTCAGTATAATAAAATAAATTACATTCTCTCTATTTACCGTAGGAGCTTAATTTATCAAGCCCATTTGAATTAATCGAGGAAAATTTATGAAAAATTTCTTACCAACCACTAAAAGCGAAATGAAAACCCGAGGATGGGATGAACTGGATTTTATCCTGGTTTCAGGAGATGCCTATGTTGATCATCCCTCCTTTGGAGCGGCTATAATATCCCGTTATTTGGAGAGCCGCGGCTATCGGGTGGGGCTATTGCCTCAACCTCGCTGGCAGGATACTCGTGATTTCATCAGCTTAGGTAAGCCGCATTTAGCTTTTTTGGTCACTGCCGGAAATCTCGATTCGATGGTGAATCATTATACCGTAGCAAAAAGAAAAAGATCTAAAGACGATTATTCACCGGCGGGAAAAACCGGCTTTCGACCGGATCGGGCAACTATCGTCTATTCTCAGAAAATCCGCGAAGCCTATGGAGATATTCCGATCATATTGGGAGGCATCGAAGCCAGCCTGCGACGTTTAGCCCATTATGATTACTGGGATAATCGGTTACGACCTTCACTACTTCTTGATTCTGGTGCTGATCTAATCGTTTACGGCATGGGAGAAAAGGCGATCGAGGAAATTGCCGAGGCTTTACAGGGTGGATTGGATATCAAGGATATAATCTACGTCAATGGAACAGTTTTTAAAACCAATAACCTTCAATATGCTTATCAACCCATTATTCTCCCATCTTATCAGGAAATCAAAATATCAAAAGAAAAATTTGCTGAAAGTTATATCATTCAATATCATAATCATAATGCGTTTCAAGGGAAAGTTTTAGTTGAACCGACCGATAACCTCTATATCGTTCAAAATCCACCGTCCGTGCCTCTTACTCAGAAAGAAATTGATGAAATTTACTCGTTTCCATATATGCGAACGTATCATCCTCGTTATGAAAAATTGGGAGGAATACCGGCAATCAAGGAGGTACGATTTAGTGTAACTAGCCACCGAGGTTGTTTTGGAGGATGTAGTTTTTGTTCGTTGAGTTCTCACCAGGGGAGAATTATCCAATCTCGAAGCCAGGAATCTATTCTGAAAGAAGTCGAAGAACTCACCCACCTTCCCGATTTCAAAGGATATATCCATGACGTAGGAGGACCAACTGCTAATTTTTTTCATCCCGCCTGTCAAAAACAGCATGATCAAGGAGTCTGCGAAAAGCGTCAATGTTTATTTCCTCGTCCCTGCAGTCAATTAATTGCTGATCATCACGATTTTCTTGAACTGCTAAAAAAGATACGTCAGATTCCTGGGATAAAAAAGGTTTTTATCAGATCTGGTATTCGGTTTGATTATCTTCTGGCTGATCAACATGATACTTTTTTTGAAGAATTGTGTATTCATCACGTAAGTGGACAGCTCAAAGTTGCCCCAGAACATGTTTCAAACCAAGTCCTGGAAAAAATGGGGAAACCAGGTAAAGAAGTCTATGATCAATTTGTTAAAAAATATTTTGAGATCAATAAAAAGCATCATCTCAAACACTATTTGGTTCCGTATTTTATGTCCAGCCATCCTGGGTCTGACCTTAAAACCGCCATCGAATTAGCTGAATATGTCCGAAATATGGGGTATAATCCCGAACAGGTTCAAGATTTCTATCCCACCCCCGGAACTCTTTCCACTGCCATGTATTACACTGAGCTCGATCCGCGTACCATGAAAAAGCTTTATGTTCCTAAATCACCCCACGAAAAAGCTCTGCAACGTGCCCTCATTCAGTACCGCCGCCCTGAAAATCACCGCTTGGTCAAAGAGGCTCTTCTCAAAGCCGGCCGATCTGATCTGATCGGTTATGGGAAGAAATGTCTCATTCGACCAAAAGCAAAAATATATTGAAAGTAACTCAATTAAAGGATTATCCAAAGGTACTTCAAATTATCTTTATTTGTGCTCGCTAAAATAGCCTTGGTTAAAGAAAAAGAAAGTAGAAATCATCAAAATAGAGATTGCTCCGTCGTCCAACCAAAAATCGATTGGACTCCTCGTGGTGACGAATTTAGAAAGGGCATGATAAATCAAGCCCCTACAGAAAAATTTAAAATGTTGAGACAAAAGTTATTGCATCCGATTAACGTAGCGACCTGCCATGGCATGTCGAATCTTGGGTTTCATCCTCATCCTGACCTTCTCCCATCAAGGGAGAAGGAACTCTGATTCGTCATTGCGAGGAACGGAGTGACGTGGCAATCTCTTGAGCTTAATCTTTTTTATTCTTCTCCCTTTGGATAATGGGAGAAGGTTTGGGATTCGATTGGTTTCCAAAAACTCAAATCCCCCTTACCCCCTTTTCTAAAGGTGAAGATTGAATCTTATCTTGAAAACCCATTTGCGGGCATGATAAATCAAGCCCCTACAAAAGAATATTTTTATGTAGGGGCGACAATTCATTGCGCCCGTTCTTTATTTAATGTAGCGACATGCCATGGCATGTCGAATCTTGGGTTTTCTTCCTCATATTGTTTAATTAATTGATATAAAGGTTTATCTTGTAAATGCAGGAATAAGTGAAAAGTGATTAAATAAGAATGAAAAAGGCACACCCCCCTTAAATCCCCCCTCAATGGGGGAATAAACTCAACAATTCCTCTCCTTGGAGGGGTGCCGCTTTAAGGCGGGGAGGGTGTTTTTTTCTTTTTACTTGTTATCCTGAGATCAGATAAAGAAAAATGAATAAAAGATGAGATTCTCACGTCGTCCGGTATAAAAAACACCGGACTCCTCAGAATGACAAAAAGAAATCCTCCCTCATTCCCCCTTTCCCTTACTTGTGGCATAATATAATTTTGTGCAAGGTAGCAATTTATATAGTGTGAGGTGTTTCATGAGGGCTCCAGAATATGCAGTTGGAAAAATCACCGTTGGACAGTTGGTCGATTTGATGGCAAAAAATTTAGGAGAAAGAGATGCTTTAGTCTATCACTCTACCGGCATTCGATTAACTTATCAGCAGTTTAAAGAAAGATGCGATCAAGTTGCCAAAGGGTTCATGGCGTTAGGCCTTAAGAAAGGATCCAATATTGCCATCTGGGCAAATAATGCAGTTGAATGGGTATTGACTCAGTTTGGGAGTGCCAAGATGGGAGGAATTTTAGTAACAGTCAATACGCAATATCGATCCTTTGAGCTGGAATATCTCTTGAAACAATCAGATTCATCGACATTGGTTTTGGTTGATGGAGTCCACCAACCGAGAGATTATTTTGATATGGTTTATCAGCTTTGTCCAGAATTGAAAACTTGTCAACCAGGCCAGTTAAAATCGGAAAAATTTCCATTTTTAAAAAATGTTATTGTCATTGGAGAAGAACGAATGCCGGGAATGTTCCGGTTTGATGATTTATATGAGTTATCGCGACAAATATCGGATGAGGAATTTCAGAAGAGACAGGCAGAAATTACCCCAGAT
NZ_CP065383.1_gap57	1837960	1841338	3378	TATTATAACCATTCGATCTAGTCTCTAGTCAATCGAAAATGAATGGTTTTTTCTTTAAAATTTTTTTATTTTAAGGAGGCGGATTATTTCGATGGCGAAAAAGGTTGTATTCTTTTTTCTTCTTTTTTTCTTGAATCAAGCAAATTTTCCAAACAATTTATATGCCATTGAAAATCAAAATAAGTTAGAAGGTTGGACCACTTTTCGTGATGATTTTTTTGAAATATCATTTGCCTATCCTGAAAATTGGACGAATTATACATCACAGGAAAGAGGAGTGGTTTTAGTCCTCCCTGATGGCGTTGGGATGTTTACCTATCGTTATTCACCACTCTTTAACGAAAAAATGAGTTTAAATGAATTTATCTCACAAAACCGAGATAGTTTGGAAAAAGCCGGAGCTGAATTTGTAGAGGATGAATTAATAACTTTTTCCAACACTCCAGCATATAAGCTGATATATATTATGTCGGTTGGAAAAGATACTTTCAAATATCTCACCGTATGGTGTTTGCGTGAAGATAATATTTACATAACTACGTTCAGCCACCAATCTCAATTTTTTGACCAATACCGATTAGAAATTGATAAAGTTATTGACCATATGGTAATAATCAAAAATTAAATAAAAAAAGCCCTCTACCAATTAATTAGTAAGGGGCTTTTAGGAAAAATTATTTAAAATTCAATTAATTGGCTGGTTTTCCCTCTGGGGGGAGAATGACCATATCGACAAAATAGATAATCGCATTGGAAGCAGCTAAAGAGGTAATAACGCTGATCTTTTTATTCACTAAAATTGGTGGATTGGTAAAAAGAACATTCAGCAGATGTCCATTCAATGTTTTATAAGATTTTCCTTCACGGAAATCGTCAACAGAAAGACGGATTGGAATGACATGATAGGTTAAAATTTCGATTAATTTCTGCTTGTTCTCAGGTAACAATAGTCGATCAAGCTTCCCTTCGGGAAGATTAGCAAAAGCTTCGTTAGTTGGAGCAAAAATTGTGTATTGGCCATTATTCAGCTTATCGCCAAGACCAGCAGCCTCAACGGCGGCTACAAAGGTACTGAGTTCATCTGCCATTTTAGCTGTATCCATAGCATTTACATAGGTGGTAGTTTGGGCGAGAGCTATGCTTGAGAGGAGCATGAGAGATAAAGAAAATACTAGGCTGGCAAGGATAAATCTTTTTGTCGTCATTTTAATAACCCCTTTTATAGTATTAGCACTTTTTGATGTGTGCTTTGACTGAGTAACTATATCATCTTTTCAATAAATTTGTTACAAGTATTTATAAAATTTTTGAATTTAAAAAGCCGAGCGAAAATTTAAACGCTCGGCTTTTTATCTACCTTATAGGTTATTATTCTTTATTATTATTTACCCTTTTTACTTCTCTCAATTCAACAAATCAACCGAACACGCCTTCCAGGGAGTGAGAACAGTATCAATCACATAGATGTTTCCATTGGTGGCTTCAATCATGTTCTTGTCGGCGACGATTCCCTTGACTTCACACGACCCCGGAGCACCGTTCATGATGTTCACGGTTCCTTCTCCTCCCACTCGGAGATACAGAGGATAGTTATCAAACAGAGTCCGCAAGGTTAAGGTGTTCACTAAGTCTCGGGCATTGACTCGGAAAGGAACCACATGGTAGGAAAGAATCTGAACCAAGAGGTCTTGATTTTCCGGTTTCAGGAGTCCATCGACAAAACCAGCCGGTAAGGCAGCAAAGGCAGCATCATTGGGAGCAAACACCGTGATGTTTTGGGTATTGGCTAAGATATCAGCCAGACCTGCTGCTTGGGCAGCTGCTAAGAGAGTGGTAAAGATACCCGCCCCTTGGGCAGTATCAACGATATTCTTATCACTGGTGACGGTGACGATATCAGCACTGGATGCCACTCCACTCATGAAAGCGATCAAAAGAACTACACTTACGAGAAGAAAGGTTTTTCTACTCAGAATCATCGAGGTTAATCCGTTCATAGTCTTTCACTCCTTTAGTTTTCATTCAGTATCATTAGTAAATTACTAAACTTACTCATATTATATTCTCTTCTTTTTCTTTGTCAAGAGGCGAAAGAGTAAATTTTAAAAAATATTTTTAAAATCAGGGTTTGGATTTAAAAAGTAAATGACTTCTATCGTCACCTTTTTAAATTTGAGATATAATAGAAAAGAGGGGAAACCAGCAAAGACTTCTTTTGGTAATAAATTTAAAACATGACTTTTACTCCATAAAACCCTCAGCTTTCTACGAATTATTCTTTTATAAGTTAAACAGTTGCTATCAAGTATTTTGATTTAAACTAACCAACAAAAAAGAGGGATATCTATGAAAATGAAACTCATTGTTATCTGGATTTTCGTTATATTTTTTGTTATTAGTTCTCAATCGACCTTTAGTATGGATCAAAATCCTTCTTCTCCAATAAAAGAAACAGATCTAGCCGAAGAGAAGGCATCTTCAGCTCCCAGTAGTGATGAGAGTCGTCAAGCCGAGGTAAAAGATAGTTTATCGTGTTTTGATTTTCAATTTACTTGTGAATATGGAACTCCTGAAGAAGTTAAAGAAGCAATCAAGAATGGTTCCGATATCAACTGCCAAGATGAAGAATTGGGGTGGACTCCTTTAATGAGTGGGATGCTGAATGAATCTGCTCAGGGAATCGCCACTCTTTTAGTCGAAGCTGGTGCAAATGTAAATGTGACAAGCTGGTCGGGCATTAATGCTCTTATGTTGGCTGCTGAATCCAGTGAGAGCAGTTTGGTGAAATATTTACTGGATAACGGAGCTAAAGAGTATATTAATGATACCGAATCGGAATATGGTTTCACTCCTCTCATTTGGGCGGCCAAGAATAATGATACCAATGGTGGGGTGGTTATCCAAGTTTTGATCGATCATGGAGCAGATGTTAATATAAAAGATAAGAATGGATTTACAGCTATTCTATATGCAGCAATGCTAAACAGAAATGAGGATGTGATTCGCACCCTAATTCAGAATGGAGTTGATATCAATCAAATAGGACCCAAGAATGTGACGCCCTTGATGGGGGCTATAAGTATGAATTCCAATATAAATATTACTAAATTATTACTTGATTCGGGGGCCGATGTCTCCGTCATCAGCGAGGAGGGGAAAAAGGCAATTGATTATGCCCTGGAGTTAGAAAGATTTAAAGGAACTGAGATATTACGACAATTGGCTGAAATGAGTGGAGTAGAGATTGCACAGCCAATGGTTCCCCCCGATATAGAAACTGCACCTTCACCAAACGTAGATGTAACTGCCACTCCTTTACCTACAGGATTAATAACGCCGGAGATCACCCCTACTCCTGTTCCAACCCTAGTTCTTCCT
NZ_CP065383.1_gap58	1842938	1843826	888	GTGATCCTGCTATTCTCAATACCCTGGGTTTATCCTATGAAAATCTAAAACAATATGATAATGCTATTCAAGCCTATCAGGAAGCCATATCTATCAAGCCCGATTTTGTCAATGCTTACAATAATCTTGGAAATCTTTTTTTTGACCTGAGCCAATATCAAAATGCCCTTGATAGCTATAAAAAGTCTCTAATCATCGACTCAACCAATCCTTACAATTATTATAATCTCGGTCTCTGTTATGAAAATTTAAAACAATATGATAATGCTATTCAAGCCTATCAGGAAGCCATATCTATCAAGCCCGATTATGTCAATGCCCACACCAATCTCGGAGTTCTTTACTATAACCAGGATCAATCGGAAAAAGCCATAGAAGAGTATAAAAAATCTCTGGAATTAAAACCTGATAATCCTAATATTCATTATAATCTAGGCCTTGCCTATGAAGATCTTGAACTATATGAAAACGCTATACAAGCATTTCAAGAGTCCAACCGCATTAAGCCTAATGATTATGACACTTACAATAGTCTTGGTCGTATCTACAATCTAATGGAAAAATATCAGGAAGCTCTTGAATCCCTTCAGAAATCAATAGAGCTCAATCCTGAAAATCATTATGCCCATTATAATCTTGGCCTTGCCTATGAAGGCCTTGAACAGTATGAAAACGCAATCAAAGCTTACCAAGAAACTATTCACATCAAACCCGATTATATCTATGCCTATAATGACCTTGGTTATGTTTATTATTATCTTGATCGAAACCAAGAAGCAGTGGAGATATTGCAAAAAGCCATTAATATTAATCCAGAGGCTGCAACCCCTAATTATTATTTAGGCATTACTTATCTTCAGATGGGTGATAAAGACTCAGCCACAAAAC
NZ_CP065383.1_gap59	1863930	1866281	2351	ACCACTGGACGAGCAAAATTCAATCAAATCCTGACTCTAACCTTTACCGAAAAAGCCGCCCTTGAAATGAGAGAGAGAATTCGAATGCGACTGCGGAACTGGTATAAGCAATTATCTAATCAGGGAAACTTTCAACATCTTTACGAAGCAATTGATAACCTCGATGAAGCTCCCATATCCACCATTCATTCTTTTTGCATGAGAATAATTCAAAAGGCAAGTTTGTATTTTAATATTGATCCAAATATCCGAGTCATTTCATCACCGGAAGAGTTCGGATTTTGGAATAATCTTCAAAATATTTTAAGTCGAAATGACTGGAATTGGTTTGATGAAAACGTTTCTGATCCGGTATGGCGAAGTCGTTTGTCGGTATTAAACCAAGAACCATTTTTTCTCCTTTTAAACCATGGTGGTGCTGATGGTTTAGTTCAGTTGGTCAATAGTCTTACCGACCTTTTTGGAAGTTGGGGAGAAAAACCTGAATGGCTTTGGCAGAAAGGTGAAAGAGTTGAAAGGGATTGGGAAGAAATCCAAGAAAGCCTCCTATCCTGGTATGCACCTGAATGGGACAAGGAATGGTCGTTTTGGATAGAGCAAATTTTGCCTTTAATAGGTTTACGCGGATCGAGTAAAGTCATTGATACCTTTATCGATTTTAATCTAAAGTGGCATAATCGACCAGACAAAAGACAACTTCCCTATTTTATGAGTGATTTAATTGATTCCCTCGCGGCCATTGCCAGGAGCTCAAGGAATGCAGTATATCTGAAAATCCAAGATCAGCTTTTACTTTCAAGGCCTTTCCAATCTATGATTGAATACCGAAATCAATTAAAAGAGAAGTACATTCGTCTCATTGATATCTTGTGTGGGAAGGGGGAATTAACCGAAGACCTTCGTTGTCGTCAATTACTCATACAATCATCAGCCATTTTCTGGCATATCTGGGAAGAATTTAAGAAGAAAAAAAGTGTGCTGTCCTTTAATGATATGATTGCCTATGCCGGTGAGGCAGTAAAAAGGTATCCCACTTTAACTGCACAATATTGCTCTATTATGGTTGATGAGTTTCAAGACACCGATCTCCTCCAGGAATCCTTGATTCGTAATATAGTCCAAAACAACCAAGCCTCACTCTTTGTTGTTGGGGATTTGAAGCAGTCCATATATCGTTTTCGCCATGCTGACCTGAGTATTTTCCATCAATATATTCAAGAAACTCAATATAATCCAGAGGGTGGAAGACATATCGTGCTTAGTGAAAGCTTTCGTAGTCGGGATGATTTGGTCAGCGAAATGAACAGTTTATTTAGTTTTATCTGGAAAGATGGATTAAGTCAAAAAATCCTTCATGAATATGAACCACTCCAAGTTCCCAATGAGCTCTCCTGGTGGGAAGAGCGCTCAACATCGGTATCGGCTCCTCATCTGCGGTTTCTCTTCCTAGGAAACACCGATCAACCGACCAAAGAAACCGAAAAACGCTGTCTTCTGACACGATACTTAGCAGATGAGGTCAATAATTTGGTAGGGAAAGCAATAGTTTGGGATAAAGCAGAAAAAAAAGCCCGCTTGTGTCAGTACCGAGATATTGTGATCTTGGTTCCCACTCGAACTTTTTATAAACCGCTCGAGCAAGTGTTACAAGATGAATTAAATATACCAGTTATTTTCGTTACCGATGTCAATTATTTTTCTCGAGGAGAAACCTTGGATGCCGTAGCCTATTTAAAAACCGTTGTTGATCCTCAGGATGACCTGGCTTTAGCTAACTATCTTTCTTCCCCCTTTTCCGGACTCAGTTTGGCTGAGGTACACGACTTGTTTGTCAATGCTGATAAATCATGTAAAAACGGTTGGTTGTGGAAAAATTTGCAGGAGCAATATCCAAATTTCTGCGAAAAGTTGATTGATTTGAACCAAAAGATGAAATTAACGGGTCCAGCTTCAATTTTGTCCGAGCTTTTAAAAGAATCCTCCCATTTAAAAGCAATCCCACGGTCTTTGCGAAGAAGAGTGGCAGTCAACCTCCGGCGGGCCATTGATTTAGCCCGAGAATATGAAAATACCATTGGAAACAGCGGATTGGGTTGCACCCGTTATTTACAAGATGCCATTTTGAAAGAAGTCAAAAGTGAGGAGGCCAATCCAGTAGGAGAAGAAGAAGATGTAGTAAGAGTGATGACTATTCACTCTGCGAAAGGTTTAGAATTTCCTGTCGTTGCTCTTTTTGGTTTGGAATATACTCCCTATCGACGCCCAAGGAACAAATTTCAATCCTCGCGTGAACTGGGAGCGATAACCAGGTATTTCCCGGATTATTGGGAGATGAATGGTCAACCACATGT
NZ_CP065383.1_gap60	1867647	1871837	4190	AAATAGGGGAGCAATCATCGAGACAATTGACGCAGCAGTGAGAACTCCCCAGTCGACATGATATTGGCCTCTCATAAGAGGAATTCGTTGGGTTGCGAGAAGTTTGCCGGGGGTATAGACGAGGATAAGAGCCAGGAAAAAATCACTCCAAACCCACATAAATTGAAGAACAATCGAAGATATAAGTGCAGGCCAGGATATTGGAAGGATAATTCGAGAAAATACTACAAAATCCGAAGCTCCATCAATCTTGGCGGATTCTTCGATCTCAATGGGAAGAGTAATAAAGAAATTTCGAAGAAAGAAGATAATCCAAGGCATGCCCCAGGCTGAATGGATAAGAATTAATCCAGTGTAAGTATTCAGGAGGTTTAAATTTTTCATCAGCTGGAAAATTGGAATCGCAATCATTTGTTGGGGGAGAGCCATCAGTATAATCACTAGAATAAAAAGCGAGGTTAGCAAAGATAAACGAAAACGCGCAAAACCATAGGCTGCCAGTGAAGCGGCGAGGATGGGAATGAGTGTTGAGGGGAGAGCAACCAGCAAGGAATTAAAAGTACCCTGAGAGAGAGGGGCGGTAGGATGATTCCAAGCATTTATGTAATTCACCATCGAAGGGGTAAACGGTTTCAAATTCCACCAACCATAGATGACTTCTTGTAAGGGTCGAATTGAAGTCATGACAATTCCTAAAAAAGGAAGAATCCAAATGATGGATATCAAAATTGCTATAAAGTATTTTATTGTAGTGGTAATTTGATTTCTCTTCATCTTTCCTCCCCCAAGCTACTCTTAATTAAGGGAATAGTTACAAACAGGGTGAGTAACATCAGCAAGGTTGCGATAACTGAAGCATTTTGGAAATTGAATTGACGAAAGGCATAGAAATACATTTGTAGAGCCATAACATTAGAAGCTCCGCCAGGGCCACCCATAGTAGCTACATAAACTAAATCAAAAATTTTGAGTTCCCAGAGGATGGTCATAGTGATGACGACAACAGTCATTTGTTTTAAAAGTGGTATGGTTATTCTAAAGAAGATGACAAAAGGAGTAGCGCCATCTAAAGCAGCAGCTTCGTAGTATTCTTTGGGGATGTTTCCCAAGCCAGATGAATAGATAATCATGCTGAATCCGGTCCATAACCAGACAGAACCGAATATGAGCGAAAGAAGGGCAGTTTCTGGATAGGCTGTCCAGGTAAAAGCTTGGAATCCAAGAAGCTCCAGGATCGCATTGATAATACCCACCTCTTTTTCATAGATAAATCGTAAAATAACACCACCAATTACCATAGGGGTAACCATTCCTAAGAATATTGATGATTTAAATATATAGTTATACTTCAAATCTTTGAAAAGGACCGCCAAAACTAGACCTAAGAAAGTAGTAAGGGGGAGGTGGATTAAAATCCATAGAAAATTATGAGGGAGTGCCCCCAGGGGAAAACCCTGGGTAAATCCTTTCTGGTTAAAAACATCTTTGCTGGATAAAACCTTTTTATAGTTATCTAAAAAAACAAACTGATGGTCTTCTGAAGTAAAGCTCGTCCAAAGGGTATTTAAAACTGGATAGAGCAGGAATATGATCATTAAAATTAACGCAGGAAGAAAAAAAACTATTTGATGAAGAGTTGTTTTCAAGCTTTTTCGTCGTTTTCGACGATGGAAAAGATCCATAAATCCCTCCCGAAGTTAGAATGGGCAAGGAGTTAATTCTTCACTGAATTTTTTAGACAGAAATGAGGATGGTGACTTTGAGGGAATATGCTCACTGCACCATCCTCATTTCTGTATTCAGACTGAGGAAGAGCTTTTCTTTTAACGGACTTTTTTTAGAGCCCTTCATAGAATCATTGTTCAAACACCGATTCCAGTGTATCTAAGACATCATCTACTTGCTCGGGTTTAACCCAGAGGAGTTTCAACTGATCCCAGAATTTTGATTGGAATTCACCTCCAATGGTATCATCCAAATCAGGGAGAGCCATTTTCCCTTCGAGTATTTGAGCAACATTTCGATCTACTTCAGGATAAAACTCGATTGGTACATTTAGATAAGTTGCCAGGTGGCCTCCTTGCTGAACCTGAAGTTCTTGTCCTTGAGTTACCAAGAAGGCTAAAAGTTTTTTAGCGTTTTCTGGATTTTGGGTATAAGCAGGAATGAAAAGGTAATCTGGAGCGAAAACCAATCCCTGGGTTCCGGGGAGCGAGAAAACGCTAAGGTCAGATGGGTCGTCTACCATTCCAGTGATCCAACTTCCCATAAAGAACAAACCATAATCACCATTCCACCATTTTTCCAAAACCATCGTCCATTCAGAAGGCTCACCAAAGTAATTTTCCTTGAGAAGAACAGCAAGCCTATTTTCAAAGATTTCTTTAACTTTTGCATCATTCCAATGAATAGAATGGTTGATAAGATTATGGAAAAGCTCGGTACCGCCAAAGGCAACTATAAAGTGCTCGGTTATATCAGATAGAGGCCAACCTACTCCATTGCCACTGGCTATCGGAGCCGAAATACCCTCGATACCTTTCATTTTTTCTAAAAGTGCTTGGAAGTCTTCCCAATTATTTGGAACCGTCAGTTGATTTTTTTCGAAAAATGATTTTCGAAACCAGAAGCCAGGTTTTACCTTACCGGTATAGGCAGCTCCATAAAGCTTGCCGTCTACTTTTAATCCGTCCAAAGACCCTGGAATGAAGTCATCCTCAGTTATGACAGCTGAAATATCCATTATATGGCCTTTTTTAGCTTGGTCTTGAATGAACCAGCTCTGCATGAAAATAAGATCACCAAGAGTACTTTCGGCAGTAAATTGGGCGGGGAGAAGCGTGGAAAGGTCTTCAGCTCGGTAGGTCAGAAATTCAACTTTTATGCCAGTTTCTTCCTCAAAAGCTTTTAAAACCGGGAGAAAGGCATCCATTTCACCTCCAGACCAAGGACCAATAACGGTAAGAGAACTATCTTGAGAGTAAACCGGAAGTCCAATGAAAAGAATAGCCGAAAAAATTACCACAATCCAGGTTATAAATTTCATCTTTATCCCTCCTAATCAATAATACCCAAAAGAAATTGGGCAGATTATAAACGGCTTTAAGTCATTCCGAAAATACTAGTAGGTTTTAGAAGGGAATCGATATTAAAGAAAATAATGAGGTTAATGGCTAATTTACTGTTAGCTTAAAAACAGATTTTCTGTTGTGAATAATAACTCATTAAATCAAATTAACTTTGTTTTTTATAAAATTACGATAACAGATATATTCAATGTATCTATTCAATTTTTTTTATAATATCATTTGGATTAAAAAGGGTCAAGTTACTTTAGAAAAGACTTTCCTATGATTACTCAAAGTTGGTTAAGCCAGCTGAAAGTTAAAGAAATATGAGGCAATAATAGCTAAGATATAAGAAAGAAATTAACCAGTTGATTTTATCGAAAGTATGCGGCTTCAATTAAGACCTTTTTTTATCGATAAAAATCAATTAAAAGCTACAGGCTTGAGGATTAATTTCAAGAAGCTCTTTCTTTGTTATTCTCCAAAGTGAAACTCATAATTTTGACTTGATCAGCTTCTTGATGGTGAAGAACCCCTTTTAATTGACCATGATGCATGACCATAATCCGGTCACAAAGGGCGAGAACTTCAGGAAGCTCTGATGACAGGAGAATAATGGAAACGCCCATCTTGGAAAGGTCGTCTATAAGTTTGTATATTTCTGCTTTTGCTCCAACGTCGATTCCATGGGTTGGTTCATCCATAAACAATATTTTTGGTTGATGCATAAGCCAGCGAGCGATAATGGTTTTTTGTTGGTTTCCACCGCTGAGGTTTTTCGAAATTTGTTTCAAGCTAGGAGTTTTAATTGACAATAAATTAACATATTTATTAGAGATTTCTTTTGATTTCTTTTTATTTATAAACTGTAATGCACTGGATAGCTCTTTTAGGTGAACGATGGTCATGTTATCCTGCACCGATAATTTTAACAACATACCTTGTTCTTTACGATTTTCGGCTATCATACCCAAACCGAGTTTTATAGCATCCACTGGATGATTGATTTTAACCTCTTTTCCTTTAATTAATACCTTACCGGAAGCCTTCTTTTCCATACCGAAAATACTCTGGAGCAATTCAGTTCGTCCTGACCCAACTAAACCAGTTAAACCTAAAACT
NZ_CP065383.1_gap61	1883205	1885614	2409	GGCAATCCCAATGAGGATAATTTTTTGCTCGGTTTCATCCCAAACTAAATTTACAGGAGTGATGCTGGGAAAGGATTGAGAAGATTGAATTGATAAGTATTTAGCAAAAGATAATGATGAAAATAAAAAAGGAATTAGAAAGCCTGTCAATACCATTCTAAAAAGTTTTCTTGGAAACATGAGACCTTCCTCCTGATAATTTATAACTAAGAATTTAATTCAATTTTGAGATGATAATAGCATATATGTAAAAAGTTAATTTTTTCTTGACAAATCAATTCATTCCTATATACTCTAAAGGTACACTGTATACTGTATACAAAGAATTATAATACAGGATACAGTAAAAAAACCAGTAAGGGGGGTTCGTAGTGAAATTAAAAGTTTTGTTCATGATATGTGTTTTAGTCTTTAGTTTGGTATTTGCTTCAACACTTCCAGTTTTTTCCCAAGAAAAAGAGCAGTATTACTGGATAGCCAGTGTTTCAACCCTTCCGCTTTTTTTAACCCATGATTATCCAGCGTTAAAGGAAGAAGCCGACCGGGTAGGTGCTGAGATTCATTTCATGGGACCGCAAAACATTGATATTGAAATGCAAAACAATGTCCTCCAGCAAGTCATGGCTAAAAATCCAGATGGAATACTTTTTATGCCTTTTGGAGAAGGTCACAATACCGTTATTGACCAGGTTTTAGCTCAGGGAGTGCCTCTGGTTTGCATTGACGGTGATGCACCAAATACCAACAGAATTTGTTATTCCGGAACCGACTGGGAAGAATTGGGAAGATTTCAGGCAAGACTCATGGCTGAACTCATTGGAGAAAAAGGGAAAGTAATGTTGAGTGCCGTTATTCCAAACGATAATACCTTAAAAGCACGGAACGGTATTGAGAAAGAAATGGAGAAATATCCAAACATTGAAATTGTTGGTCTCCAAAACGACCAAGGTTCAGTTATCGAAGCGGCCAGGCTCACTGCCGAAGCCATTCAAGCTAACCCAGAAATTAATGGATTCATTGGCATCAATGCCTCGAGTGGTCCGGGTATTGCCCGAGCTATTGAGGAAGCAGGAAAAGTTGGAGAAATCAAAGTGGTTTGCGTTGACAATACACCTGACATTATTGAAGCAGTTAAAAAGCAAACCATCCAAGCTGCCGTAGTTCAAAAGCGGGAAGCCTTCGAAATTTGGGGATTCCGAGTTCTTTATGAATACAATCACCCCAGCACACCAATCTTGCAGAAATATAAAGATATGGGTTTCCCCATGGTGCCGAAATTGATTATGACCGGTGTTTTGGTTATGACTCCCGATAATGTCGATCAAATGATTGATGTTTTGGATTACCAAGAACAAGTCTATAAGGATATGGGATTAATGTAAGAGGAAACAAAAGGGGCGAAACCTCTTTACGCCCCTTTTGTTTTAATTATTAAAATTTGAGGAGGGAAAACAGGAGAATGTTCCACGTTATTCCAAAGTCTTACCGAACCTTTCGTTTTTCATCACATTTTCAGCCAACTATAATTGTTTCACCGGGAGATTATCTTCTTTTTCATACTCAAGATGCTCATAATGGAACCATTGACATATCTCAACCATGGACTGATGTGCCTTTTCCTGAGCTTGATCAAGATAGTGGGAATCCGGTGACGGGGTTAGTTTCAGTTAAAAATGCGTTGATTGGAAAATTGCTTCGGGTAAAAATTTTACAAATCATTCCTGATCCGGTTGGGATATTGCCGGTGAGGTCATATATGGGAATAATGCGCAATGTGGTTTCAGACCGTTTAGCACGAACTGTAAAATACCAAGATAAAAAGATATGGATTTCTCAGGAATTAGCACTTCCCGCTCGACCAATGGTTGGAACCATTGGCATTGCGCCAGAAAAGGGTGAGATTCCGACTATTACAGCTGGTTCCCATGGTGGAAACATGGATGATAACTTGGTTGATGAACATGCTGAGGTTTTCTTTCCCATCCAACAGCAAGGGGCATTGCTCGGTTTAGGAGATGTACATGCTGCCATGGGAGAAGGTGAGCTCACTGGTGGAGGGGTCGATATTTCTGCCCAAGTATTAGTTCAAGTTGATGTTGTTGATTCTTTCTTTCCATCAAAAAACCCGGTTATCATAAGAAAAGGGATGGTTAGTACTCATGGGTTTGGTAAGGACTATTCAGAAGCGGCTAAGATAGCCTCAGAAGAAATGGCCCAACTTTTAATATACCAATTAAAATTATCCAAATATGAGGCAGTCCTCCTTATGGCAGCTCGGGGTGATTTAGGGCTTTGCCAGGCTTGCTTGTCCGATTCGTCAGCTACCGGAGTGAGAATGACTTTCCCAATCCTATGGTAAGAGGAGGTTTATCTTTGAAAGAAGCCATTTTAGAGATGAAGAGTATTACC
NZ_CP065383.1_gap62	1915207	1919147	3940	ACTGCAATTAAATGATCAAGCTGCAGCCTATGCTATGGATTTCAGTGAGAACGATTCATCGACTCAAACCAATATTACCCTTACCGTACCCTATGGGACCGATGTTTCTAACCTGGTTGCGACATTCACGACTTCAGAAGGTGCAACGGTAAGGGTTGGAAGCGCAATCCAGGAGAGTGGAATAACTCCCAACGATTTCTCCCGACCGGTAGAATATGTGGTCACGGCTCAAGACGGTGTTTCTAAAAAGACTTATACTATTGCAGTGGTGGTTGCTCCCAATACCGAGTGTGAAATCACTGAAATGAAATTTTCCTCTTTGGATTCAGAGGTAGTTGGGATTATTAATGATAATAATATTACCCTTACCGTACCATACGGAACTGATGTTTCCAACCTGGTTGCGACTTTCACGACTTCAGAAGAGGCAACAGTCACAGTAGGAAACGTAGTCCAGGAGAGCGGAGTCACTCCCAACGATTTCACTAAACCAGTTGAATACTTAGTCACTGCCCAGGATGGGGTTAATAAAAAGAACCTTACTGTTACTGTGGATATCGCTCCCAATACTGAATGTGAGCTAATTACGTTTGGTTTTATTGACCCACCGGTTAAGGCGAAGGTGACTGATGAAGAAGGAGCGTTATCACGACCCTGATTGAATGACCTAAAAACGTACTTTGAATGAAAAGTCTATCCTGTATGTAAACCGCGACAGGATTTCAGCCTACGGCGTAAGATGAAAAAGAAAGAGAGTAAAAAAATAAAACTGATTAGGATAAGCCTTCCCCGTTTTCATTGTCATGTGGTGCTGCTATGAGACATGAGGGTCTATCCTGTAAATACCATCAAATATTTATTCGCCCATTGAGGGGGGGGTGTGCCTTTAATCGGTCATCCTGAGCCCTCGCTTTTTGAGGGCGTGAGGATCTCATCTTTTAAGTTTTTTCTTCATAAATACTTTAAATGATGAGATTCTTACGTCGTCCGGCAAAAACACCGGACTCCTCAGAATGACTAAGTGGATGGTAGAGATTGCCACGTCGCACAAGACGCTCCTCGCAATGACGGATTTAGATAGGTATTTTCATCCTCATCTGGTGCTGCAAAGCAGCATGACGGTCTATCCTGTAAATACCATCAAATATTTATTCGCCCATTGAGGGGGGATTCAGGGGGGGGTGTGCCTTTCATCAGTTTTCCTGAGTGATGCTTTCCCGCGTGCGGATCTCATCATTTCGGATTTTTCCTTAAAAATATTTAAAAGATGAGATTGCTCTCCTTTAATTTTGCAATTTGTTGAGAGACGATTTACTATGTTACTCTATTGGTTTGTGGGAATATGAATATTGAGAAAACACCTCAAAAAAATAAGTTTTTTTTAGCCAGTGACCGGATACAGGCCCTTACCGATGGAATCTTTGCCATCGCTATGACCCTCATGGTTTTGAGCATTGACCTTCCCAAGTCAGTGGATGAAATTGATCCCAATTCGTTGGGAAAATATCTACTCAGCCTGAAACCGGATTTTATCCATTATGCAATGAGTTTTATACTTTTAGCTCTTTTTTGGGTTGATCACCATCAACAATTCTATTACATTAAAAAAATTAATAGGAAAATCCTTTGGATCAATATATTTAATCTTCTTTTCGTAGCTTTATTTCCATTTTCCACCTCCTTAATGGGTGATTACCCCAATCAACCAGTAGCAGCCGTTTTTTTCATTTCAAACCTTTTGTTGATCAGTCTTTTTCTTTCCTGGAATTGGTCAGCAGCTACATCTCATTCCGACCTCGTTGACCCAAATCTGGATAAAACTATTATTGTTCGGGAAAAAAGGTATCGTCTTATTTTCATAGTTATATCTTTAGTATGTTTAGTTTTGGCGTTTGTGATACCCGAGTGGAGTACGATCCCTTACGTTTTTTCGTTTTTTTTCCATTTCTTCCTAAAAAACAAGAATCAAAAAAATTTGGAAGAGATTCAATAAAGAACTTCTCTTTGTACTGCGGAACTTACGAGAAATGGAATATGAAAACTTCTACTTGTAAACTCCACAGGATAGCAGCCTAAGGCGTACGATGAAAAAGATAAAAAACCAAACCTGATGCAATAAAAATGAACCTAATTTGTTAGCACCTAAAAAGAAGGGGGGAAATTATCCGAAAAAAATAAGGAGGGTTGAATATGAACAATACCTTTCGTGACAAAGTCGCTTTAATTACTGGTGGTGCTTCAGGAATCGGAAAAGCAACAGTATTAGCATTTGCCGAGGCTGGTGCTAAAGTTGTCATTGCCGATGTTTTAGAAAAAGAAGGAGAAGAAATAGCTCGATCTATCCAAGATAAAGCGAATGAAGCAGTTTTTATCAAGACAGATGTTTCGGATACCACTCAAGTTAGAAGTCTTATTGAAAAGACGATATCTCGTTTTCAGCGATTGGATTGTGCCTGTAATAACGCCGGAATTGAAGGGGAAAATGCTCTAACCGCTGAGAGTTCCGAAGAAAACTGGGATCGAGTGATTGCCATTAATTTGAAGGGAATCTGGTTGTGTATGAAACATGAGTTACAGGTTATGGTAAAAAATGGAGGAGGAGCTATCGTGAATATGGCATCAGTCGCTGGATTGGTTGGATTTCAAGGGCTTTCAGCGTATTGTGCTTCTAAGGGTGGAGTTATTTCTTTAACCCAAACAGCGGCCCTCGAGTATGCCCAACATGGCATTCGAATTAATGCGGTTTGTCCTGGAATTATCCGCACTGCGATGGTCGATCGGGTTATTGGCGGAGACCCAAAAAAAGAAGAACAATACACCGCCTTGGAACCCATAGGAAGGTTGGGAAAACCGGAAGAGATTGCTAAAGCTGTGCTATGGCTATGTTCGGATGAAGCATCCTTTGTTGTTGGACATCCTATGGTAATCGATGGAGGGTTTGTTGTTCAATAACCGAATGAAAGTATTTTTAAGTATTGATGCTATTAAGCAATAGGAGACAATCTCGCATTTGTTCACTTTTTTTGAGATTGTCTCCTAAAAAATAAGTTTTTATTCATTAAAGGAATCAAGCATATTTACGGATCAAAAAATCTCTTCATTCTCATTTACCACCATTTAAAATTAGACAATATATTTAAAAATGAATGATGTTACGAGAAAGAAGACCGATTACAGTGATAAATAGGAATATTGAAATCTGCCGAAAAAGTCCTGTAAGGTAAGTTAAGGCTGCTGATCTCAAAACCTATTGTACGCTTTCTTCCTCTTCTTTAACCATAATTTTACTCTTTTTAAGGAGGGAAATTGCCCTCTTACTAGCATTCAGCTCGACGGGGAGGGTGATAATAGTAAATACAACAAAGGCTCCGAGCATAAAAAGAGCTAAAATCCTAAAAATGGGAATTCCAAACCATAGGCCACCAATAAATACCAATGGGCTAAATTGGCTTAAAATACTTAAGCGCTTGGCCAGTTTATTGCGTATTTTAATATATCGATATCCTTCTGCATCCTGTAAGGCATGACCAACTTCATGGGCGACAACTCCTAAAGAGGTGATAGAATCGGATTCAGAAATACTTGCTGATAAGGTGATTTTTTTGGATTTAGGATTATAATGATCGATGAAGTATGCCGGAATTTCCTCGACTATGACATCCTTTAACTGGTTTTCATCTAGGAGTTGTCGAGCAATATTTTTTCATTTATGTTTTTATGGTTTTTTACTATCGGTATTGTTGAAGAATATTTTGGACACGAAATTGTGCATACCAACTGAATAAAATAGGGGTAATAAGAAGCAAGTGTAAAAGACTCATAGGAGATTCCCTCCCTTTATTGGTACGAGATAGTAAACAAATATACAGATTTATAAATCAGATCCACCCCGTCATTCCGCGATATTCCTCCTTTGAAAGGGAATTGTTTAGTCGTCATT
NZ_CP065383.1_gap63	1937777	1941138	3361	TTGGGTGGGAAAAGTTGATTGGGAACTGAGGAAATTCCATGGAGATGAATTTTCCACGAATCATGGTTCTACCTATAACTCCTATTTGATTCAAGAGGAAAAAAATGTTCTCATTGATACAGTTTGGATTCCTTTTGCCGAAGAATTTGTTAAGAATTTGGCACAAGAAATTGATTTAAATAAAATAGATTATATTATAGCGAATCATGGAGAAGTGGACCACAGTGGCGCCCTTCCAGCCCTCATGAAACACATTCCCAATACTCCCATTTATTGCACTGCGAATGCCGTGAAATCATTGAAGGGTCAGTACCATCAAGAATGGAATTTTCAGGTGGTAAAGACCGGGGATAAATTGAGTGTTGGCGGAGGAAAAGAGTTAGTATTCGTTGAAATGCCAATGCTCCATTGGCCGGATAGTATGGCAACTTACTTAACTAAAGATAATATCTTATTTAGCAACGATGCTTTTGGTCAGCATTTTGCCACTGACAAATTATATAACGACTTGGTGGATCAATGTGATTTATTTAAGGAAGCAATGAAGTATTATGCCAATATCTTGACCCCTTTTAGCCAAATTTTAAAGAAGAAATTAGCCGAAGTCATTTCATTGAACTTAACCATTGATATTATTGCAACCAGCCATGGGGTTATTTGGAGAGACAATCCCATGCAGATTGTCGAGAAGTATTCCCAGTGGGCAAATGATTATCAAGAAAATCAGATAACAATTATTTATGATACCATGTGGAATGGGACAAAAAAGCTTGCTGAGAGAATTTCTGAAGGAATTGGAATGGCTGATCCGGATGTTGAAGTAAAAGTTTTTAATCTGGCTAAAAACGATGACAATGATTTGATTACCGAAGTGTTTAAATCCAAGAAAGTTATTATTGGATCTCCAACAATAGGTAATAGTATTCTTCATTCTATTGCCGGTTTTATTTATTTGATGAAAGAAATGAAATTTAAAGGGAAAAAAGCAACATCTTTTGGTTGTTATGGCTGGAGCGGTGAATCAACGAAAATTATGAATGAAAGTTTGGCTAATGCTGGATTTGAAATTATTAATGAAGGCTTCAGGAACAATTGGAATCCCGATGAAAGGCAGCAAAACGAAGCTATAGAATTCGGGAAAAAGATTGCCAAAGCATAAAAAGGAGTGATAGCGATGGATAGTATTCAAGTAGTAGTTGCTGGACCCAAAAACGTTCCGTATTCCGGTGCATTGTATGCTGGAGATTTTATTTATGTTTCAGGACAGGTTCCTCTTGATGAATCAAAACAAGTAGTGGGAGAGGATATTGAGACACAAACAACTTTTGTTTTGGAAAAAATAGAAACCCTACTAGCAAAAGCTGGAGCAAATTTAAATCACATTGTGAAAACCACAGTTTTCTTGACAGATATGAAGAATTTTTCAAAGATGAATGAAGCTTATGGCAAGAAATTCAAAGATATCTATCCCTGCCGGAGCTGCATCGAAGTTGGGCAATTACCTGCGCCGGTTCTAATTGAGATCGAAGCCATTGCCTATTTTCCGAAAAAATAAAAAGATCTCTTAAAGCAAACTCTCCCTGAATAACTAAAATATCATCCTTATCTCCCCTTTGCTAAAGGGGAGATAAATTTGCGAATAAGTGACTTTTATCCTTATCTAATGCCACACAAGTGATGTAGGAGTTAATTATCGGTTTCTCGTTACCATTATTTTCCGCTCACTTATTAAGGTATTTATCTCCTTCCAATTCCATTTTTAAAGAGAAAAATTGGAGGAGATCTTTCAGGGTGATGACCCCTATCAATTGATCGTTCTCAACAACCATCAAGCGACTATTCCCGGTGCGATTCATTAAGGATAGCGCTTGAGTGGCATCAGCATCAGGATGGATGGTATTATCGATTGAACAAGATTTAGAGACTTCTCCAGCGGTTTGGGTGTTCCATTCTTCCTTGGGTATTTCTTTAATATCACGGGTAGTTAAGCATCCAACTAATTTACTATTCCGAACAACCGGAAACATTTTATAATTGTAACGGTAAATATAATCCTCAACCACATCTTTAAGGACAACAGCTTCTGAAATAGTAACTAGATCGGTTTTCATAAATCGGCGAACAGTTTCACCTTCTAAGGCTTTGGAGACCATGAGTCTTTGCATCGAAACCTGAGAGGCATTTTGAAGAAACATTCCAATTAAAAATAACCAAATGCCACCAATAAAGGACCCCCGAAAAATGCTAAAAACACCAAGGAAAATAAGAGTAAAACCGAATATTTCCCCCATTCGTGAAGCAATGCGAGTCGCCCAACGCAAATCTTTTTTTCTCCACCAGAGAATTGAGCGCAGAATTCGACCACCATCCAAAGGGAATGCAGGAATCAAGTTAAAACCAGCTAACGCCCAATTAATTATTCCTAAGTATCCAAAAACACCGGTAATTCCCATTGAGATTCCAAGTCTTTTTAGGATTAAATAGATACTGTAGAAAATCAAACCCAGGATAATACTAGTTACTGGACCAGCTAACGCCATATAGAATTCAGTTTTTGCATTAGCTGGTTCCTCGGTCATTTCGGCAACACCGCCAAACATAAACAGGGTAATCCCCCGAATTGGCAACCCGAAACGCCGGGCAACCAAGGAGTGAAATAGCTCATGAATGACAATCGAGACAAATAAACCGACTGCTCCAAATATACCCATCCACCAGTAAGTTATTGAAGATAAACCTTGATAATATTGGGGAAAGACTCCTAGTGATAACGACCAAATCATGAGAAAAAGGACGATTATCCAGCTAGGATCGATTTTTATTTCAAATCCGAATAATTTGATTATGGAGAGCGACTTACCAAACATATCAATCACCTCATTTAATTAGAGGTATTAGTAATAATTGACTTGCTCCAATATTTTCATTAGAAACCATAGCTGAGATAAAAAAAGGCTTGATTTGGAGTTTTTATTGTAGATGTTAATAGTATTTTTGCTTGATTGCTTCTTAGAGAAAAGTTAAATAGTGAGTTTTAAGATTATTGATCTATCCATTTAAAAAAACAACTTAAATGTGATAATTATTCCTTTATCATTAAGATGGATTGGTAAAAGTTAAAATGGTGAGACAAGAGGAAAAGATAAGTGGAAAAAAAATGTAAGATTAAAATTTTTATGGAGAATAATAAAAAATGAAAATCTCACAACCTTAATAAGCGAGGACTCAGGACGAGGTCATTATTAATTGTTCTTTTTTTAAAAAGTAAGAAATATAATCCCCATAGGCAATGAAAACACTGGGATTAAAGGAAGAACACTTTTATGGTTTTTTCATATCTATTCATTATCCAACAAATACC
NZ_CP065383.1_gap64	1953870	1956039	2169	ATTCCAACCACCGCAAAAGCAGCTGAAGCAACCGGCATAGTCACTGCACGTTGAGAAGTAATGACAAAGGCTAGGAAGAATTCATTCCACAAAAGAATAAAGATAAAGATACACATACCCAAGATGCTGGGAATTGCTAAAGGTAAAGCTATGCGAGAAAAGACTTGAAATTGGGTACATCCTTCTAAGTGAGCAGCTTCCTCGCATTCAACGGGCACCTGCTTGAAACATTCAATTGTTAACCAGATCATGGTGCTAATTGCAATGGTCAGATATGTAAATATGACTGCTGGCATGCTGTCCAGAAGCCTTAACCGCATCCAAATCAAGAAAAAAGGGAGGGCAACCGCGACCGGAGGCATGAATCTTAAAGACAGGATAAAAAAGCGAAGATCGGCACTTCTTTTAAACTTTATCCGAGCAAAAATGTATCCAACGGGAACCCCAAAAATAAAACCCAAGAGAAGCGATATGGGAACTATGATAAGACTGTTACGGAGACCGTGCATAAGAGTTGGCATTTGAAGAACTCTTTTATAGTTATCCATTACTGGAGTAAAGATTAACTTAGGAGGATAACTAATGATATCAACCCTTGACTTAAACGAAGACAAAAACATCCAGAGAATCGGGGCTAAAGCAATGATTAGAACGATAATTATGATAATTTTATAGAAAATATTCTTTCCATTTAATCGTGCCATCTGACTAGCCCCCTCCATACGATAGTAATCAAAACAATGGTGATCACCAGCATAACAATTGACATTGAAGAGGCGTAAGAGACCCGACCTGCTGAACCAATTCCCTGCCAATAAGCATACATATCCAAAGTTTCGGTAGCAATACCAGGACCACCTGCAGTTAGCACAAATATGAAATCAAACGAACGGAGGGATTCCATCATTTTAATAAAAAAGATTGAGAGAAAGGGCGGAATAATCACCGGGAAGATAATGAAGCGATAGAGTTGCCACCTTTTGGCTCCATCGAGTGAGCCAGCTTCGACAATTTCCTTGGGAATATCTTGTAAAAGAATAATGGTTAAAGCCGCAATCAAAAAGGACCACTGCCAGATGTCGATAGCCGCTACTGAGTAAAGAGCATAGGTGGGATTTTCTAAGAAGCCAATAGGTCCGATTCTAAAAAAGCTTAAGAAGTAATTAATGATTCCAATTGATGACGAATACATTAATCGCCACATATAAGCTGCCCCCACACGGGGAAGCAGGGCAGGAATAATAAAGATAAAGAGACAGATGGTTCTAAAACCACCTTTTGCATTATCGTTTATTAGAGGAGCTAACAATCCGGCACCAAAAAAAACCGAAAATCCAACAGTAATAACCGACCAAAACAAAGAAATACGGAGAGAATTGAGAAAACGCCCATCAGTGAAGAGTTGTATATAATTTTTCAATCCGACGAATCGAATTGGGCGGGAATTTCTTAGGTCCCAATTTTGCAGTGAATAATAAAAAGCGTTGAGCAGTGGATAGAAGGCTAAAAAAAACAGAATAATAAAAGTTGGAATCATAAACACTAAAAAAAATTGTTTTTTGGTCACTATTGAGCCCCCTTCTTGTCATGCGGTTTAAATAAATAGGGAATAATCTTATTATTGATTTTTTAAAAAGTGAGAAAGGGGGTTTCAGAGAACCCCCTTTCTCACGGAAAAACAACTATTTTCCTAAGACTTCTTTTGCATAAGAAACTGCATCATCCAAAGCAGCCTGAATATCATATGATTGACCGGCATAAGCTTTAGTGAAGAGTTCTTCGAGCTTGACACCCAGATAATCACCAATTTCTGGCCATTCCGGTATTTGTAGTATGCACATTTGTTGAATTTTCATCATCTCAACCTGGGCTTCAACAAATTCTGCCGGATAGGCAGCGGCAAATTCGGGGCTGGCAAAAGTTGATTTACGTGCGTTGGTGAGACCAGAACCTGCTACAACCTTCCGAATTTCATTTTCTTTACTGGTAAACCAACCTATGAACTTTCCGGCAGCAACTTTTAGTTCTTCAGTTGGACAACCTGCAACAGAAATTCCCAAACCATGAACCGCAGTATTGGAGATGGCACCCATGGGACCGGCGACTGGTTTTGAGTAGCCTACTTTGTCGTACACAACCGATCCTTTGGGATCCATAGTGTAATCCATT
NZ_CP065383.1_gap65	2048861	2053342	4481	TTGAAACTCGGACTGGGCGTGTAACAAAGTGCCCGCTGGCACGCTTCTTCAAAGCGGGATAAAGAATACTTGTCAGCGAGTTTCATAAGCGATGTACAAGAACGGTAACCTTGTTTCTCAACTCTTGATGCTGACAAAAGAGCATTCACCACAATGACGGCATGAGGTCCAATGGAAGCAGCCCAATTCCTAAAATGATCAGCATTTACAGCCAGGTACTGTTTATGTTTCTCTGGCATGTGATCCGGTACCGTGACAATCTGGCCTTCCTGACCGCGAATCCGAATATGGGAAGCAATGCGATGATTGTGGTAAAAAACTTCAACAGTTTTGCTGGTTATACGTACCTCCACTTGATGCCGGATGTACTCATAGGGCACTGAGTAGTGATTTTTATCCACAATTATGTGATAATCGTACTGTACGGACGCCGTTGACCAGGTGGCAAGCTCGTATGGGGAAGTAGGCAAAGGCAAAAGCAGTGCTTTTTCCTCTTCTAGGAAGGCGCTTTTCCTGCTTCCCGGCTTCTTTTGAAAAGGTTTCTGGTTGAATTCTTCCAGCTTAAGACGGATGGCGCTATTCAGTTCGTGTAATGAAAAGAACTGTTGGTTTCGCAAAGAGGCAATGATCCAGGTGGAAATAATACCCACCGTACTTTCGGCATGGGGCTTGTCTTTGGGGCGCCTGACTCGGGCTGGAATGACTGCTGTCCCGTAATGCTCGGCCATTTCTTGATAGGTTCTATTAATCTTGGGATCTGGTCGAGAGGCTTTATCTACACTGGTTTTTAAATTGTCTGGCACGAGGATTCTGGCCACTCCACCAAAGTATTTGAACGCATGAACATGAGCATTGACCCAGCTTTCCATATCCATTGACAGGAAGGCTTCTACATAGGCATACTGGCTGCAAGATAGGCTCGCTACGAAGATATAGGCTGGAATAAGTTCACCGGTTAGATTATCAACAATAAAACCAGTCTTTCCAGCCCAGTCCACTTCCAGCATTTCACCGGGTTTGCGCTTAATGCGCATAGTGGCTTTGGTGGTATTGGCATACTTATGATAATACCGACAGAATTGGCTGTACATGAGTGGGATTTCACCATTGAAGCGGCATTGTTCATGGTACTCATGCCACAACAAACTTAAGGTGACACCACTTTTGGCCATTTCTTTATGAACATATTCGCAATCCGGTATTTTTCGATTGGACTGACTCCTTTTTTCCGGAAAAAGGAGTTCCTGAAGATCTGCATCCGACATGTTTTTATCGAAAGGCCATGAAATCTCATGCCTTTCTGCCCGTTCAACCACATTACGGATTGTGGTCCGTGAGCACTGGCAACTGGCAGCAATGCCACGTTGACTCACACCTTGGCTGTGAAGCCGAAGAATTTCTCGATACTTGATCATTTATTTGATCAGCCTCCTAATGAAGATTTACACTTTACAGTGTATTTCCTCATTATATGTCAGGTGGATCTCTCCATGACCAAGGTGGGCCTATTTGATACTCATGGTGGACCTTTTTGAGTATACGAGTGGGTCTATCCCAAAATATTACTCATTCCTACTCTCCAGAATTTGAAGAACTGGGTTCATTCTTTTCCTACTTTAATGAAGGAAGAGCGGAGAAAATGGAGGAAAACGAATAACATCAAAATATATTTTTTTGCCAATCTACTTTTTTCTCTTCTCATAGATGGGGATAAAACCGAAGTAGTAATAAAATCTGGTCTTCCGTCAAGAAATCTAACCATTCCATTTAGTACCATCCAAAAATATCGAGAAAGATTCCATATTCATGAAGCAAGTGCATTGAATCAAATGCGGGAACGAGCTTTCCAAGAAGCAATAAATATCAATCAATCAATTGAAAATCCACTATTCTCATTAAATTTACCAACCGGAATGGGGAAGACAATCGCAGCTCTTGCCTTTGCTTTTAAACTTAGAGAGAAGATTCATCAGCAATCAGGACTGCTTCCTCGAATTATTTATGCCCTTCCATTCTTAAGTATTATAGATCAATGTGCGGAAGTGATTGAAGAGATATTGTCTTTTGAATTCCCAGACTTGGATAGCAGCTTATTCCTTAAACACCATCACTTATCAGGTATAAGCTATATAAAACCCGATGAATATTTTGAGCCAGATGAAGCAAAAATATTGATTGAAGGCTGGAATGCTGAGATCGTTCTTACAACTTTTGTACAAATATTTCATACTTTGATTGGGTATAGAAATCAGTCTCTACGTAAATTCCACCGACTTTGCCCTTCAATAATAATATTGGATGAAGTTCAAAGTATACCGGTTAAATTTTGGGGAGCAGTGAACAAGGTTTTAAAGGACTGGTGTAATTTAAGTCATTCATATGTATTATTAGTTACGGCCACTGAGCCTCTTTTATTTGAACCATCACAATTAATTACATTGGTGGAAAAAAACCATTATTTTAAAAATTTAGATCGAGTAAGGATCTATATTCATAAACAAGAGTCAACTTTAGAAGAATTCGTTGAAAACCTGCCCAAGGACATCAGGGGGAGAACACTTTTTGTTTTCAATACAATTTCTTCAGCGCGTCAAGCTCACCAATTAATAGAAAATCATTATCAAAAATCGATTGAATTTTTATCGAGTCATGTTGTTCCCCAGCAAAGATTAGAGAGAATAAAAGCAATTCGCAACGGTGAATCTTCAATAGTGGTTTCAACTCAATTAATCGAAGCCGGAGTGGATATTGATTTTGATATAGTCTATCGAGATTTTGCCCCCCTTGATTCTTTAAATCAAACTGCAGGAAGATGCAACAGAAATAGTTTAAATAACAAGGGAGAAATGCATTTGATTTTTTTGCTCAACGAAAAAAATAAATTGTACGCTAATTCAATATACGATCGAATTTTATTAGGTGCAACTCGAGAGGTCCTTGACTCTCAAGATTTTATCGAAGAAAAGGATTTTTTAGGCTTGGTAGATAGCTATTATAGAACAATTTGTCAAAGAAAAAGTAAAAAAGAATCGGAAAGTTACTTAAATGCTTTAAGCAAGCTCCGATACCAACTTGCTGCTGATGATGAAAAATCAATTAAGGACTTTGAACTAATAGAGGAGGATTTTCCAAGATTCGATGTTTTTATTGAGATAAATGATGAAGCCAAAAAATTATGGGAAACCTATCTTTCTCTAAAAGAGATTGGGGAGGTATATAAACGCCGACTTGAGTTTCAAAAAATAAAGAATCGATTCTATCATTATGTTATTGCAGTTCCTTTTACAATTCAAAACCAACCACCACTTGTTTATGGATTTGGATATATAAGCCAGTCGTCTCTTGATAGCTTTTATGATTCCAAAACTGGCTATAAAATTCAAGGAGATATTTTCCTTTGGTAAAAATTAATGGAACTATGATTAATTATTATTCAATATGTCACCGTTCGGTATGGTATCTCATTCATGGATTAGAAGCTGCCCAGGACCATCCTTTTTTGGAAATTGGTCGCTTTATTACTCAAGAATCATTTGCTCGTTCAAAAAAAGAGGTCGTTTTTGATAATTTAAAAATTGATTTAGTAAAAAAAGAAAATAATGATGTTGTAGTAGCAGAGATTAAAAAGTCCTCTAAAGCCAAAAAGACTGCCCAACTTCAATTAGCTTACTATCTTTATCGTTTAAAAGAAATTGGAATAACAGCACGAGGAGAGTTGCTATTCCCCAAAGAAAAGAAAAGGGAAAAAATGGTTTTATCTGAGGAACTTGAGAATATGCTAAAAACTACTATTCTGGAAATTGAAAAGATTTCAAATATGGAAAAACCACCAGAATTGAAAAAGATACCTTATTGTCGAAATTGTGCTTATCGAGATTTTTGTTGGTGTTAAAATCAATTATTTCGAAATTTTTAAAAGAAAAAGTTATCATGAGGATTGGATAATGAAAAAACGGATTTATATATTTCAGAATGGTGAATTAAAAAGAAAAGATAACACCCTTTATTTTGAAAATGAACAGGGAAAAAAATTCATCCCCATTGAAAATACTTCAGAAATTCTCATTTTCGGAGAAGTAGATGTAAACAAACGTTTTCTTGAATTTACAACACAAGCCGAAATAATCATCCATTTTTTTAATCATTATGGATACTACATTGGAAGCTTTTATCCTCGTGAACATTATAATTCAGGGTATATGATTTTAAAACAAGCTGAATTTTATATGGATATGACGAAACGTTTATCAATAGCCAGATTATTTATTAAGGGAGCAACTTTTAATATTCTTCGAGTTCTAAAGTATTATCAAAAACGAGGAAAAGAAGTTGAAGATGTAATCGTAGTGATTAATGATATTCTAAAGAAAACTCATTTAACTGATGATGTAAACGTTCTTCTTGGTTTGGAAGGAAATATTCGGAATACCTATTATCAAGCTTTTGACCAAATAACTGAAAATGTCGATTTTTCTTTTGAA
NZ_CP065383.1_gap66	2208406	2209902	1496	ACTCCTCAAGATATGAGTCTAATTTTGAGAAAACAGTTAACATTATACGGAACCTGGAATTCTCGATTTACCCATATTGGATCGGATTGGAAAGCGGTTTTGGAGTTTGAGAATTCAGGTCAAGCAAATTTTAAACCATTCATTTCTCATCGTCTTCCTTTACAAGAAGCTCCTGAGTTCATTCAGCTGATGAGAGATAAAAAGGTATTCTACAACAAGGTTCTCATCATTCCATGAAAAACCGATTCACAAAAGGTTTAATAAATCAACTAAAAATTCCGAAGGAGGAAAGTCAGCCATGAATGAGGAAACGATAAAAATTAGTGCATCCCTGGATTGTGCTAATTATTTAGATTTGTTATCAGATATTCGGAAGTTAGAAGAAGGCGGGGTCAACATGCTTCACCTGGATATCATGGATGGACATTTTGTACCAAATTATGCTCTGGGTACCAATTTACTCCGAAAACTCCGTCCTCAAACCAGCCTTCTTTTTGATGTTCATTTCATGACCAGTAATCCTGAGGTGTCAATTCCCATTTTTGCCGACTTGGGTGCCGATATCATTACCTTTCATGTTGAAACCACATCTCGTCTTCATCAGATGGTCAGTTCTATAAAAAATTTGGGGAAAAAAGCCGGTTTAGCCTTAAATCCTTCAACGCCACCAGATATTTTAGAGTATATTTTTCCTTATATCGACATGGTATTGGTTATGACGGTTGATCCAGGATTTGTTGGACAAAAATTTGTACCAGAAGTAGTTAAAAAAGTTCAAATCATCAAAAGCCTGATTGATTCCAGACATTTAAATATTGATATTGCCGTAGATGGAGGGATTGGCGAGAAGACAGTTCCACTTTTAAAAAAGGCCGGTGCCAACGTATTTATTGCTGGGACTTCTAGTATATTTTCTGGAAAAGATGAAATTGAAATTGCTGCTAGAAAATTTAGAGAACTGTGTGAAAAAACTTATTAAGAGGTGAAAAAATATGTCTTTTTATGAAGATCTTTTTAATCAACTCTTGACCTGGAAAAAAATCGATACCCATGAGCATTTTCTTCCTCAAAATACTTATCAAGATCATCCGGATATTTTATTTGCCATTCTTCGTGAAAGTTATCTTCCCTGGATTGTGTATGGTGCACGGGATCATAATACTGTAACCGTAACCCGAGAAGGTCTTTTAAAAGGAATGAAAAAAATACCAGCCAGTGCTTTTTTACGGTATATCATTGAAGCTTTTCAGTATATGTATGGTTTTTCCGATGATCAAATCAAAGAAGAAAATTGGGATCAACTATCCCAGCTTATTCGAGAAAGTTATTCAAAGAAAAATATGTTGAACTATTGGATATTTGATAAGTTCAATGTCGAAAAAGTTGTCCATGATCGATATTGGAAATTAGGTGAATTCGATATTGACCAGAGCCATTACTTTGCCGTTTTTAGAATTGATCCGTTGTTCTGTGGCTATTCAAAAGAAAAATTAAAT
NZ_CP065383.1_gap67	2262086	2264439	2353	AGTTTTGTTGGAAGCTACGCAGTTGACTGGGGGTCATTATCGGCAGCTGGAATGCTTGCAATTCTTCCCACGGTTATTTTGTTATTATTGGTACAAAAACACTTGGTTAAGGGTTTAACTTTTGGGGCTTTACGATAAATAAAATCATGGAGCTATCTGTTTTTAAAAATTAGCATAAGGGAACTTTGTATTGAACGGCTGATATTAACCTTAGGAAAAAGGAGAGGGATATGAATTCTTATCATTCCAAGGCATTTGTATACCATGGCCATCCCGAACAGGTTACGTTGGAAACCATTGATTTAAACTGCGGTCCTAATGACTTAATTGTCAAGGTATTGATGTGTGCCCGTTGTGGAACCGATAAATCAATTTTCCTCTATGGTCATAAGAATGTCGATCCTTATGCTCCTGTCGTTCTTGGTCATGAGTTGATTGGGATTATCGTCGAGATAGGTGACAATGTTAGAAATTGTAACGATGGGATTGGGTATGTTCAAGGAAAAAGATTATTCCCTGATTATCTCAATTTTTCTGTTGGCGAGAGAGTGACCTTCCAATCCCGCATCGCTCGCTATAAAAATGGCTTGATGCTTATTCCCAAACCGATAGCCAACCTTTCTTTTCAAATTAATGGCGGATATGCTCAATATATGAGAGTTCCGGAAGAAATGATTCGCTCGGAATCAGTGATTCGGGTTCCTGAACAAGTATCTGATGAAGAAGCCTGTTTGATAGAACCAGCAGCTTGTGCCTTGGAGTCGATTTATGCCACTCCTCATCCATTTGGAGTTGATAAGGATGGGAGGCATATCTATAAAGCCGGTATACAACCTGGTGGGAAAACCTGCATTATCGGTTCGGGAACCGTCAGTATGCTTTATGCATCATTGGCAATTTTGGAAGGTGCGAGTGAAGTGGTCATGGTGGTTCGATCTGAGAAAAAAGAAAAACTCATTCATCAAATTTTAGGAAACCAAGTGAAAGTATATGTTGTTCCTCAATTCAAAAATTCCACCATCCAAGAAAGTTTATTAAATGAAGAAAAAATTGTTCATGATTTGGAAGCAATGACAGAGAGATATTTATTTGATGATGTGGTTTGTGCTTGTTCTGATCCTAACGCTCAGAGACTTATGCTCAAGCTCTATACCCGAGAAGGATATGGTGTTGGAGCGTGTTTTGGGGGAACCCATTCTATGGTCGATCAAGCTGACATTGATCAGAACCATTATCGTTGTGCCAAAACCATTGGAACCAGTGGTTGTTCAACCGATGCGATGAAAGCGGTACTAAAATGGCTTCATGAAGGGAAATTATCTTTCAAAGGCTTCATTTCATCCAGGAAATTTACCTTTGATGACTCCCCTCAAGAATTTTTCACCACTTCAGCCGACGGGCTTAAACCGGTTCTTTACCCCTGGGAATCCTGATAATGATTAAAAGAGTGGTTATAATTGGAACCGGAGCTTTGGCATTAGGTTTTTTAGGTGAACGCTTAGCTCCGGATTATGAAATCACCTTTATTGATAAGAACATAAAAGCTTCTTTTTTGGAAGAACTTCAAAACCAACAACAATATAACCTCAATATTTGTTATCGGGATGGTATAGAATCTGTTTCCGTTCAAGGACGATTTAATGTCATTAACCTTGACCAAGATAAAGAGAAAAATAACTTTTATAAAGTACTTACTGAAGCCGATTTGATTTTCACCACAGTAGGAAATCAGAATTTACCGATCGTTATTTCCCAGATTGTTCCAATTCTCAATGCACAACCGAGGGAAAATCATATCCTTTTATGTGAAAACGGCCGTAACTTGGCTCAGACCTATCAAAAATACTTTAAAGCGAGCAAGGTAGTTGATACCGTGATGTCTCGGATGTGCCGTTTTGCCAGTCACGGAGAAAGTGGTTACATGCCTCTTTGGAAAGACCTTCCTGACAGGTTGGTAGTTGAATCTTACGACTTTCTTCAACTCAATGAAGCAGTATGCTTAACTAACCAATTTTCTCCGGTTTTTACCTTAGTTGAACCTGAAATTTTTGCTACCTGGGAAGATATTAAATTCTTTGCCCACAATGGGGCTCATGCTTTTATTGCCTATCATGCTTTTCTTGATGGAATAAAATATTTTTCCGATGTCGATCAAATATTAAAAGAAAAAGCTGAAAAAATGATGTTTAATGAAATCATCCCGGCTCTTCATCATGCTCACCCTCATTTTCCTTTCCAAGAATTGAAAGATTATGGCGAAAATCTTTTAGAAAGAATATATAATCCTTTCTTTCATGATTCAATTGAAAGAGGTATTCGTGGTATATTGGAGAAATTAAAACCAAACGAACGG
NZ_CP065383.1_gap68	2277963	2279491	1528	CCCAAAAAAATGCTAAAAATACCGGATTTTGAAATCCTAAATAAAGAGCCAGAGCGCCGCCGAAAGCCGCACCAGAAGAAATCCCCAGGGTAAAGGGACTGGCTAAAGGGTTGAGCAGGACCGCTTGAAATAACGTTCCACATCCAGCGAGAATGCCACCAATCAACATACTTCCCAAAATGCGGGGAAGACGAATATTAAAAACCACATCATGCCATAGTTGATTTTCACTGGTGTGACTAAACATAATAGTAAGAACATCGAGAAAAGGAATATGAATAAATCCAGAACCACAAAAGAAGAAAAACATTATAACTAACCCACTTAAAAGAATGAAGGTTAGGATACCCGCTCTTTTTTTTCTTTCAAAGAAAACCCGAGACCGGTCAGCTATCCCTGACCGGTCTCGGATGAATCCACAATGAGTCATCATTTCTTAGGAAAGAGGTCTTTGATATGATCAATCCAGATTTGGACCATTTGATCGTTTTCTCCTAAACCATCTAGGGTGGTTTGAACCTCATAGCCAGCTTTTTTAAGTACCGTCTTCCAGGAATCGGCTTCATCTCCAGCAATATCATTGCGAGCATGGTCTCCGGCGACCAACATAAAGGTTTTTAGGGTGACTCGTTGAGCATTCATGGACTGTAACTGGACAAGAACATCTTCGATGGTTGGATACCCTTCAATGGTTCCAACCAGTACCTTGGGTCCATAGTGTTTTTGAAGTATATTTTGGAGCTGAGAATAACAGCTGTTGGCGGGATGCTCGGTTCCATGACCGACTAAAACCAATACCTCTCCAGCATTGGAAGCGTATTGCTTCATATCGTTTTCTAAAGCAACCACGATCTTTTCATAATCAACTTCGCTGGTCAGCAAGGGATCACCGATTTCGATTCGAGAAAAAATAGGCTGAAAGTGAGGATCGTTCATGGTTCCAAAAGCCTTGGTGATGGAAAGAATCTCGTGGAATTCACTCCCCGACATGATTTGCAGAGGTTGAACGACTACTGAAGCAAAACCTTCATCGGCTAATTTTGCCAAAGCTGAAATGGGACTGTCGATAATCACGCCATCTCGTTCTTTGAGAATGTTTCGGATAATTCGTGAACCATAACTCAACACGATAGTATATTCGGGAAATGCTTGTTGAGCTGCTTTTACCACGTTTTCAATGGAAACAGCAGCTTCATGGTAAGACGTTCCAAAAGCAGCGATGAGTATTGCTGATTTTTCTTGCTGCTCAGCAGCATAAACTTGAAAACTGGTTAAAATCAATACCACCATTAAAAAAAGAAAAATTGTGTTTTTACAACTCATTGCTAAGACCTCCCTTATGAATTAAATAATATTGGTTCTTTCTTCACCCGGGGGATCAAGCAAAAAAATAAATCGCCTTTTGTCTCTCGCAAAAGCCGAAATTTCCCTGATTCCTCGGGTTGGTATCCTGACTTGAAGGCGCATCCTACTCGGTTCTCCTTCCCAGCTTAATTCGCCAGTGGTTTTTTGAACCTTTCGTTCCTTC
NZ_CP065383.1_gap69	2281980	2286865	4885	CTAAGAGAGCATAGTGTTTATGAAAAGGGAAAATGACGGTTTTCATTTATCCATTCTCCATAAAGATATGATCGATAGCGCTCCGAATGATTTAAAAAAGGTCCAATCAGGAGCGTTGCAGAGCGGTGGATTCCAGCCTCTTTTACTGCTTGAGAAATTTTTTCCAAGGTGCTCTGAATAATACGTTCATCCGGCCAAGTTACTCGATAAGCACAGATTATTGGGGTCTCTAATGGATATATTTTTGATAATTCTTCAACCACCTGATCGATAAAACCACTACTGAGGAGGATGACCATCGAGGTTCGATGAGCTGCCAGGGTTGAAAGCTGTTCGCTTTCTGGTACAGGAGTTTGTCCGCCCATTCGAGTAATGATCAGAGTTTGAGTCCCATGGGGAAGAGTGTATTCCTTTTTAATCCTGGAAGCCACTGCGCCGACCGAGGACACACCGGGTATGACTTGATAGTTGATGCCGCGGTTATCTAATTCATTGATTTGTTCCTGGATTGCTCCATATAGAGAAGGGTCTCCGGAATGAAGTCGAATAACTAGGTGATTTTGAGAGACTTCTTGGATCATATAATCGATGATTTCTTCGAGCGTATGGGTTGAGCTGTCAACTAATCTCGTCTGAGGAGAACATACTTTTAGAATGTCATGGTTTACCAAAGAACCGGCATAGATAACACAATCGGCTTTTTCTAAAAGCTTTTTCCCTTTTAGGGTTATGAGTTCAGGATCTCCTGGTCCTGCGCCGACAAAATAGACCGGGGTCATGATTTAACTGCCTTGATAAAAAAAATGGGATTGAGAGATTTCACCATCAAGTTTTTATCATTGGGATCAATCCGGGATATACTTTGCTGAAAAATCGATAAAGGCTGAAAAGGATTATTTTTTATCCGATTTATCCCCTCAGTCACATGCAAAAGAGACAGAGCAGTCATAACCAAGATTCCTCCTTTTTTTAATAATTTAGAACTATTATCGATAATCGAGGATAGAGAACCTCCACTTCCTCCAATAAAAATGCGATCGAAGAGCTTTTGGGGAATGTCGTTCGGTGCTGTACCATGGATGCATTGAACATTATCGATCCTAAAACGTTCACAGTTTTGCTGAATGAGCTGACAGGCTTCTTGATTTTTTTCCAGAGAAAATAAAATACCTTCGGATATCCGTCGAGCAATATCAATGGTAATGCCGCCTGAACCGCCACCTATTTCCAGTACAGTCATGGCTGGTGAGAGCTCCAGTAATGAACAAACCATCATTCGGGTCTCTTTTTTTGAAAAAGGGATATTGGTGCGAATATAATCCTCGTCCTCAAAAAAACCGATCCCTTTTCTCTCTCCCGGGGAAAGGTAAATGAGGACAAGATCGCTTTTGGAAAGGTGAGTACTGCAGAGTTCTTGAACAGTACCCGATTGGATGAATTCCTCAGGAAGAGACAGGTTGACACCTAACGTTCCCCTCCGGTTGGGAGAAACCAAAGCGGCAATTTTTAGAAGATCGGTTGCCGAATGAAGACCACCGGTAAAAACCATCATTTCATACCCTTGTTCCAAAGCCAGAATGAACGGTGAGAGTTTTTTATTTCCATGCAAATTGATAATTTTGAGAGTGTTCCAGTTTATTTTTAAACGACTGCAAAAATACTGAAAACTACTGATTCCGGGGATAACTTCGATATTGAGTGGAAAGTGAAAATTATTCAATAAGCTAAAGAGTGTTGCGTCACCGGATATCAAAACCGCAGTCAATTCATGTTTATTTTGAAATTCGATTAATTGATGGAACAAGCTATTCATATTGACGGTTAATTTAACTTTATTTTGATGTTCCCACAAATCGAGTAAGTCAGGTCGTCCGATTAAAACCTGGGATTGAGCAATGACCTGATGAGCCATGGGGAGTAGATATTGAGGATTTCCTGGGCCGGTGCTGATAAAAACAATCCTATTCATCAAGAACATCCTTTCCCAAGAGGCCTTGTTTTAGCGAAAAAATATATACTTCAACCGATAACTCACCTTTGATCCTTTTGTTAATTTTCCGAGTAATTTCATGGGCAAGATAATCCCAGAATTGAGCAGCCGTTGGCCAACTAATTAAGATTTGAGAAACCTGTTCAGCTGTGGTAGCTAACCAAATATCATCAAAAAATTGAGTTGGTAAACCAAATCGAACTAAATGGGCAAATAGTATTTCTCGTCGGGCATCGGCAACCTGGTTATGAGTGTTAAATATTCCACCAGCAATTTTTACCATTTTTCCAATTTGACCAATCACAACGATTCTTTTTGCTTTTTCGATTCGAGCAGTATCCAGAGCAAATCCGATATATCCAGATGTACGGATGATGTATTGAGAATCCCAGCCAAGGCTTTGAGCAAACTTCTCTCCATAATTTCCTGGAACCAGGACCAAGGTGGGAAACCCCAGAGCGATTCGTTGACGAATTTGTAAGCGAATCGTTTCCATAAAAGAACTTTGTGACATGGGGAAGACTCTTCCCGTAGTTCCTAAGATAGAAATACCGCCTTCTATACCCAGCTCGGAATTGAATGTTTGGGTTGCTATCTTCGATCCATTCGGAACATATATTTCAACCTGAAGGTCCCAGTATTTGGGAAGAAATCGCAGTAAGTTATCGGTGATTTGTTTTTTGGGAACGGGATTAATAGCCCATTCTCCTGGTTCGAGATATAAACCCGGTTTGGTTACTTTTCCAACTCCTTCTCCCCCAATAATCGAGATATTCTGTTTTCCTGGTCTTAGTAGGAGAGAAGCACCGATCAATATACCATCGGTGACATCCGGGTCATCGCCAGCATACTTTTTCACCATTGAGAAATAGTGTCCATCGGATCTTACTCCAACTTGAATAATTTCAACGTCGATATATTCTCCATTGGGAAGCTGAGTCTTGACATAAGAAGGGTCTTTTCCTAAGGCCTTAAAAAGTGCTCCAAGAGCGGCAGCCGATGCACAAGTTCCAGTAGTGATTCCCAATTTCATCCTTTAATCTCCATTCCATTTTCTCCCAGCTTTTTTTTAAGAAGGGCATTGAAGACTGAAGCAGCTATAGAGCTTCCTCCGCGAGGACCGGAAAGAACGACAGCTGGAACACCGGTTTGCAACAATTGCTGTTTGGAAAAAGCTGCCGAGATAAAACCAACCGGCATGCCGATGACAAAATCAGCCTGATATCCCCGGTTGATATGTTGAACTAATCGAAGGAGACCAGTTGGAGCATTTCCAAAAATAAATTTTCGGATGTTTTTTTCACAACTTAAATCTACAGCTGCTTCTGAGCGGGTTATATTATCCCGTTGAGCTCGGGCATAACATTCTTGTTGATGAACGAAAACAGTGAGTTTGATTCCACATTGCTGAAGGAGACGAGGGGATATTCCACTGGAAACCATTTCAGTATCACAATAAATTTCGGAACCGGATTCGATTTTATTCATTGAGGTCTCAATGAAACCTGGTTGAATAAAAATAAGTGAAGCGATCGAAAAGTCAGCGGTTGCGTGAACGGCTCGCTCGACGAGGAAACGACCATACTCGGGAAGGGAATAATGATCTAAAACGGTTTTAATCAGCTGAAGACTTTGTGATTCAATAGAATCCATTATATCGACCTCTTTCAAAGTTAAATAAGCCTGATGACCCGGGTCGATATCAAAAAACATTTCAGCTTCCGTCTCGCGCAAAAGCTGAACACTGAGATATTCCCCGGGCCGGTCTCCTGGCTTGAAGGTTTTTTCCTACTCGGTTTTCCTTCCCGGCGACATCGCCAGTGGTATAACAAACCTTTCGTTCCTTCTCACAGTGGCGGGACCACACCGGATTTTCACCGGTTTCCCGAACACCCGTTGAATGTTTCTATTCAGTTGTTTTTATCTTCATCACATGGTAGATTAAATCATTATTTTCAATTTGGCAAGGGGTTTCTCTTAAAATTTATCAAAGGATGTTACAAAGATGACGCGTGGAATTGTTATTGCTGCTCCTTATAGTGGCTCCGGTAAAACTACTGTGACTCTTAGCTTGATGCGGGCATTATCTCGTCAATTCCGAGTAGTTCCTTTTAAGATTGGGCCGGATTACATCGATCCTTCCTATCACCAAGCTGCTGCTAAAAATGAACCACACAATTTAGATCTTTATTTGCTGGGAGAAGAGAACTTAAAAAAAATGTTTTTCCAGTCGGTTCGGAAAGATGAAATAGCAATAGTTGAAGGGGTCATGGGATTATTCGATGGATTAGGAACCGAGTCCTGGGCAAGTACCGCTCATGTGGCCAAAATTCTTAAGTTGCCGGTTATTTTGGTAGTTGATGTGAGATCGATGTCAACCAGTGCGGCAGCCCTGGTTCACGGCTTTCAGACCTATGATCCCGAGCTTCAAATGGTGGGAGTTATCTGCAATCTAACCTCAAGCAAAACTCATTATAATCATGTTAAGGAATCCATTGAGAGAGATTGTAACCTCCCAGTTATTGGTCATCTTCCTTTTAAAAAATTTCTTGATTTGCCAGAACGCCAGCTGGGCTTGATCCCTGCTTGGCATATAACTGATATCGATAAATGGCTTGATCATTGTGCCGATTTTCTTCTTAAAAACGTGAATCTCAACCAGATCATTGACCTTATGAAGCCTTTAGAAAAAGTCGATATCAACTCAAGTCTTCAGGTAAAATTACCTCCATCAGAAACAATTCGCATTGGAATTGCCAATGATGGTGCATTCCATTTTTACTACTCTGATGGTTTAGAAGCCTTTCGTTCTGCCGGCGCTGAACTGGTTTTCTTTAGTCCACTGAATGACAAATTTCTCCCGGAAGGACTGGATGGGATTATTTTGGGGGGAGG
NZ_CP065383.1_gap70	2290245	2293640	3395	CTCGACAGGTGCTCAAAAATGCTCTGGATTTGTTAGGCATTTCAGCACCAGAAACGATGTAGGGAAGGTCGATAAGTATGAATGGTAAGGAAGGAAAATTTATTTTTGTTACTGGAGGAGTGACTTCCTCATTAGGAAAGGGGATTACTGCGTCATCAATTGGTCGAATTTTGAAAAGCCGACAACTCAAAATAACCATGCAAAAGTTCGATCCCTATATTAACGTTGACGCCGGAACTATGAATCCCTATCAACACGGTGAAGTTTTTGTTACCCAGGATGGAGGAGAAACCGATTTAGATCTTGGACATTATGAGCGCTTCATCGATGAAGAATTATCGAAATCAAGTAATGTAACAACTGGAAAAATTTATAGTTCGGTAATTGCTCGTGAACGACACGGGGATTATTTAGGGGCAACCGTCCAAGTTATTCCTCATATTACCAATCAGATAAAAGAAGAAATATTTCGTCTGAGAGAAGAAAGTCAGGCTGATGTTTCGATTGTTGAAATAGGTGGCACGGTTGGTGATATTGAGTCACTCCCGTTTTTGGAAGCAATTCGCCAAATAAAGAATGATATTGGAAAATCGAATTGCCTATATATTCATGTTACTCTCGTTCCCTTTCTCGATGCTGCCGGAGAATTAAAATCCAAGCCTACTCAACACAGTGTTAAGGAACTGCGAAGTATTGGAATCCAACCCGACATGATAGTTTGCCGTTCTGCTCATGCTATGACCAGAGAAGTTATATCTAAAATTGCTCTTTTTTGCGATATTGAGAAGGAAGCCATCATTCCCGTTCTTGATGCCGAATCAATCTATGATGTCCCAATTACTTTGGAAGAAAAAGGAGTTGGCAATCTCATTATTAACAAACTTCAACTGAATGCTGCAGAAGTTGATCTCCGAGAATGGTCAGAAATTATATCTCGAATGAAAAACCCCAATCAGAAAATCAATATTGGTTTAATTGGAAAATACGTGGAATCAAAGGATGCCTACTTAAGCATTAACGAATCGCTAAAACACGGCGGGGGTGCCCTCGGGGTAAAGGTTTGTATCAAACCAATTGAAGCGGAAAAAATTCAGGAACATAATGTTGAGGAATACCTTGGAAAACTCGATGGGGTTTTGATTCCAGGTGGTTTTGGAAAAAGAGGAATTGAAGGAAAAATTATTACCGCGCGGTATGCTCGGGAAAATAACGTTCCCTTTTTTGGGATCTGCTTAGGAATGCACACAGCGGTGATCGAATTTGCACGCAATGCTGCTGGAATGATTGGTGCGCATTCAACCGAGATAAATCCCGAAACACCCTTTCCAATCATTCATCTTTTACCTGATCAGAGAACTAAAAAAGATTTAGGTGGGACCATGAGACTGGGAAATTACCGTTGTCAACTGAAAACCAATACGAAAAGCTACTTATTATATCAACAAGAAGAAATTATGGAGCGTCATCGCCATCGTTATGAATTAAACTCAGAATATATAGGTCAATTGGAAAAATCAGGAATGGTAATGGCAGGATTTAATCCAGAGTTTCAAGTTGTTGAAATGATTGAACTCACCAACCACCCCTGGTTTGTTGGAGTCCAATTTCATCCTGAATTTAAATCCCGTCCCAATCGACCTCACCCACTTTTTTATGGATTTGTCCAAGCGGCACAAAAGTACCATCAAAACCAAAGAATTGGAGAGAAGACTTTTGGATAGCAATTCAAATCCTATTGGTGTGATTGATTCCGGTGTCGGGGGTCTCAGTATGGTCGTTGCTTTAGATCGGTTGCTTTCTTTGGAAGAAATCGTTTATGTCGCCGACCCTTTTTATTTCCCATATGGTGAAAAAGACAAAAAAGAATTGATTCATATTGTTTCATCATTGATCTCCTACTTAAATGAGGTTTTAAAAGCAAAGCTTATTATTACTGCATGCGGAACAATTAGTTCAAACTGTTTGGATGAACTATCGGCTTTGTTTCAGCTCCCGATTATTGGGATCATTGATCCGGCATCCAAAGAAGCTGTAAAGAAAACAAAAACCGGCAAGGTCATTGTGTTGGCGACTTCAGCAACTGTAAAAAGCGGTACTTTCCGAAAACATATTCAAAGAATTGATTCTTCTATTACTGTTAAGGAGGAAGCCTGGCCGGAATTTGTTGAGGCGGTTGAAAAAGGGTTGCATCAAACCGATGAATGGGAAAAATGGATTCGTACCCAGTTTATTCGATTTCAAAAAGAAAATTTTGATACTATCATTATGGGTTGTACTCATTTTGCTTTAATATCAACTTTTTTTCAAGATATTTCCGAAAGTTCTTTTATAATTATTAATCCAGCACTCGCAACTGCGCAGGAAGTAAAAGAATACTTAAAAAAATCAAATCTATTAAATCAATCAAAGGTGGGTAAAAAGAGAATTATTGTGCGAGGTAACAGTGCTAACCTACAAAAAACCATTCAAAATTTCTCCAACTTAAAAAAAATTAATATTGAGGCATTTCCTGAAAAGTATAGCGAAAAATTCTCCATTAACACTCAGGGATTATTTATCCCAGCCTCAACTCCAACGTAAAAAGCTCTGGAAAGATCACAAATGAAAAACGACAATATTTATCAATTCCGTTCTTATGCCAAAATGAATTGGTTTTTAAAAATTGGTCAAAGACGTCAGGATGGATATCATAATATATTATCAGTCATGCAATTGATCGATTTTTATGATACTATTGATCTTTATTTTACCGACCAAAATTGTGATGAAATTCAATGTAACTATGAAATACCAACTGGGAAGAAAAGCCTCCTTGGTCGTTTATTCCATCTCTTACGTGATTTAAAACCCCAGTTAAAGGATCGGTATTTCGGCGTTAAAATAACTAAAAATATTCCTCCCTCTAGTGGTTTGGGAGGTGCAAGTAGCAACGTGGCAAACATATTAAAAAAAATGAATGAAATACTCCAATTATCTTTTGAAAATGAGAAAATGATTGAGATATCAGCAAAACTTGGTTCTGATATTCCTTTCTTTACAACCGGTTTTCCCTTTGCAATAATAAGCGGGAAGGGTGAAAAAGTTATTCCTCTTCATCAGCCGCCGGAAAAATATATTGTTCTGGTTTTTCCTGAGGTGGGCATTGATACGTGCTGGGCATACCGAGAATGGGATATTGAACAGGAAAAGGATAAATTTCAAGATTTGCCTCCAGTGAAAGAATTTATAGATGACTTTTCTCCAAATCAGATAGAGAAATATATCTGGAATGACTTTGAAAAAATTATTTATAAACATTTTCCAGAATTTGGTAGCTACAAAGAAACATTAGAGCAAATGGGATGTTCTTCGGTATTCATGACAGGGAGTGGCTCAACGATCATAGGTATTGCACC
NZ_CP065383.1_gap71	2419294	2420061	767	CGTTCTATTCGGGAAGACTTCTTACAGCAGAATGCTTTTGTAGAAATCGATACCTTTACTACCTTACGAAAGCAATACTTGATGATGAAAGTGATTTTGGTTTATTACCAAGAGGGCATGAAAGCTCTTGATCAGGGATATTCTCTAAAAGAAATCCTTGCTATACCGGCTCGTGAACGAATAGCCCGAATGAAGTTTGTCCCCGAAGAGGAATTATCAAAATTAGAAAATTTAATTGGAGAAATCCAAGATCAAGTAAAAGCCAAAATGAGGGGGGAGGTTGAAAGCAATGTATAAAGAATATTTAACCATATCTGAAGTTAACGGCCCCCTATTAACCATTGAACAAGTTACTGATGCTCGCTATATGGAAATTGTTGAGATTGAACTCCAGGATGGATCTCGTAAGAGGGGTCAGGTGCTCATGACCAGTAGCAATCAAGCTCTGGTTCAAGTTTTTGAAGGAACTGAAGGAATCGGTATTGGCCAAACTCGAGTAAAATTTTTAGGACGGGTTATGGAGTTACCGGTGTCACCTGACATTTTGGGAAGAATCTTTAATGGTTCTGGTTTTCCCATCGATAACGGGCCCGAGATTTTCCCTGATGCTCGCTTAGATATCAACGGGAACCCGATGAACCCAGTAGCTCGAGATTATCCCATCGACTTCATCCAAACCGGAGTATCAGCCATCGATGGACTGAATACTTTAGTCAGAGGACAAAAACTTCCGATATTTTCTGGTTCTGGACTTCCTCATGCTCGTT
NZ_CP065383.1_gap72	2479215	2482332	3117	AATATTCCAGTCAATTCAAAAAACCCATCATTTATTAGTTGTTCAAGAATCTTCAGCTCCTGCCAGTTTTGCAGCAGAATTGCTTGCTGTTGTGAGCGAAAATTTGTTTGATTACCTTGATGCGCCCCCCAGAAGATTATGTGGATTAAGTGTTCCCATCCCGTATAATAAAAAACTGGAAGATGCATCTATCCCCAATGAAAAGGATATTATTAATATTATAAAAGATATTTTATAAATCTAGACCATATTATATTCGTTTATCATTAAATAGGCTTTAATACATTATTTTTTTAGATGCAGCTTTGGTTATCCACTCAACTTTCGCAGTTCAATAATAGCACTTTTCCTCTCAACCATGCTGGGAGACTATTTACAAAATAGATGAGTAGCTCTTTGACTTTGTCTTCTGAAAGAACTAAAAAATTTTTCATAGTGGATTTAAGGAGTTCAAGGAGTAAGGCCAGCGCTTCCATCAGGGTGATATCCTGAATCTCATCATAAATAGAATAGAAGAGTTCCCCAATGGTACGGGGATCGGCGTTCCTCCGGGCAACGACTGCGAGCATAATATACCGGATAAAGACAATACTGGTATGAGAGACCAGGGCATCATAAGACCTGACATGAAACTCCCGAGCCAGTTTCAAGAACGATTTCACCATCTTGAAGAAGACTTCAATGTCCCAGCGCTTCCCATACAGGGTGACGATCTCTTCTCCAGAAAGGGAGAGATCGGTCGATAAGAGTGCCAGCCATTGGGATTTTTGTTTTTCACTTTTGACAAAGACGATGCGAGCCAGGAGCGGTTCACCGGTATAATTTAAGTTCACCACACCGGAACCAATGATATTTCCATTCGGTCTTTTTTGAATCCGGTTGAAAAGAGATGAAAGAGAAAGGGCTTTCCCGCCAAAAGAGTAGTAAATTTTTGGGGTGTTTTTGAGCATACACACCACAGAAAGTCCCCGGGTTGAGCATTTCCGGATGAGGGTTGGGAAGCTAAACCAACTATCAAAAAGGATGGTATGAACCAAGGGACAGCATTTGAGTGCTCCATCTAAGAGTTTCAAAAGCACTTCTGGAGCCTTTTCCTGGGATTCTTTGCGAATTCGAGCCCTGAGGATCCGTCGATCAATAGAAGGATCCATTGGATAGAGTTGGTTTTTGTGGTGATGGGAACTTAAGAGCGAAAAGGAAAAGGGGATGAAGGTGGCTCCATCAGTCAGACCGAGGGTGAGCATCCGGAAACCCCGGCTGAAACGCCCTCTTGAGTGGTCAAAGAATCGAGAAAGACCTTCGACGCTTGTGCTGCGGGGTCGCTCATAAGGAGAATCATCTACCACCCAGGTATACCGTTTCGGTGTTGTAAAGGGAAGTAGGGCTTCATTCACCACTTTGGCACTCAGTAGAAATAAGAATTTCCGCCAATTACAGCGAGTCTGCTGGAGGAAACGGTAGATGGTATCTTTCTTTCCCTGAAAGGGATTATTCCTGGAATGGAGAAAACCCGAGAAGCTTTTCCCGGTGAAGGCAAGGAGAAAGATCATCTGAAAGACTTCTTTGACTGGGATCCCCTTCTCTTTGTAAATATGACATTTCCGAAACAGTTGGTTCAATTTGAACTCCTTCATAAAGGAGGAAAACATGGGTAACAAGGTCCTTTCATTTTCCACATTTTCTGGTAGTATAGTCATAAAGACACCTCTCTCTTTTTGGGAATTGTTTTATTACCTAAGTCAATTCTACCAAAAAGGAGGGGTGTTTTCATTAAAAATCCCTTTAATATCAAGGTTTTTCTGTATTTATTTTGGTGCGAAAGTTGAGTTATCCATTAAAAAAAACAGATCGGTCAATAATTTCACTTGTTAAAATATATTAGTATCGGCGAAACCAAGAAATTATAGTGATATTATTAACCATTATTTCATTATAAGTTTTATTGCTTATCACAGAATGAAAGTTAAGATACTTGAACTCATAGTAGAAAAAAACCTAAAAAAGTATCAATGAGACCTAGATTATCATCTTTTTTATACATTTTTAATGTTATCAATAAAAAAAATACTTCGAACCAGCAAGAACACATTCAAAGTCATTTTATGCAATCATGATATCAGAAAAGAAATATTCTTATTTATAGATGAATAAATATTTGAATTTCAATTTATTTTAAAATTTTTACAATTATATTTTTATTAAGTTAATCAAACCATAATAATAATATTTAATATAATTTATTATATTATACTATAATTTTATATCAGTATAAATGTGAATGAGTTTTTAATTATCAGTATACTTTTATTCAAATGATTCAAAAATTGAATTAATGCTAAACAAATAATTGCTAATCTATCTCTTTTTTAATTTTCTCACCCAAAATGACTTTACCAATATGAGCCCATCGATAGATATTATTGAGGTCGTCTTCGAGGGTGCTAATTAATTGCATACCATCAGCTCGGACCGTCACTGGCAAACCACTGGTTACTTCTCGAACTGATGTAAGATGAGCTGTTATTTCTTTATCACTTGCTTGTTGAACATCACGCAAAGGATGAAGAACAACCTCTAAGGATATACCGGAATCGCGAAAATTTTCTACTGATTTTTGTAGGTTGGTCCATGGGCTAACGTGAACCATTTCTAGGTGAGGAATTGTTTTTATCGTTTTTTGTAACTTCTCGGTATTACCACAACTATGCCAATACGAAATTCCCCCGTAAAAATTACTAAGTTCAATTTCATAAGGAAGAACCAATTCTTCATAGAATCGGGGAGAGATCATCGGAACATTCACTTCATCGTTATAGAGGCTTCCTACTTGGATTGGAACACCCATAAAGTCAGCTCTCTGTTTTGACCATTTTTTTCTTGCATCGGTGGTTAATCTCATTAAATCATGAACAAATGTTGAATCTTCTGTCATATCAATAATAATCTGATCCATTCCTCGCAAATGGCAAGCAAGACCAAAAGGTCCTCGACACCATTCCGGCATGATTACATTAAAATCACTTGGAATCCTATTTTTTATCTCAAGAAAAAAGGCATGAACTTTTTCCATAATATGACCTTTAAAAAAATCTGGGATAGATAACCTATCAAGATTCT
NZ_CP065383.1_gap73	2625159	2625954	795	GGACTGAAGCGCTCAGAGCGGCACGATCGTCAAATTCAATAAGGAGTTGATGGCGAGCTGGACGGGGTTCGCCTTCTTTATGCAATCTTAGATTTACCCCTTCAGTAAACAAAAGCCGATTCTCCTCAACATCCATTTCAACCATGCTTCCAAAACCGCGGGCCTCTCCACATTTTTTATGAATAAGTAAATTGGGATATTCAGCTGGCTTTCCAAAATACCAGGCTAATTTATGAGGAGTTTGCTCAGCAATTACACTCGTAATTCTTTTTCCTGAGAAAGTTGTTCTCAATTGACCGGCCATATTCATCGCTTCTGGTAATTCGATCATAATCCCACCTCCTTTAATTTGCCCCTCATTTTATCCTTTCTAAATCATTTTACAATAATACGAGGAAGGACGACTCAAAAATAGATTTTATAGCCTTCAAATTACCTGGAATAATATCCCTTTAATTCTTCTTTTATTCTATAACTCAATTTTTCTAAATAGCTAGCGATAAAAATAAAACCAGAAACGACCGATGCATATCAGCTAATAACCGGTAAAAAATATGCAAACAAGTACTTTCACCTTTATTTAGCTTTAAGAAATAAGTGAACACCTATAAGAGGAAAACTTTAAAAATGGCGTTTCATTCAATATCAATTTCAGAGCCAGGATAAGTTGAACTTTTGGAATTTAAGGAGTGAGAACAATGAATAAGTCAATGATAAATAGAATTTTAGGTATTATGATGATCCTCGGCATATTTGCTTTCTCTTCCGTCACTCTTTTAGCAGCTGACGGTTTTC
NZ_CP065383.1_gap74	2660826	2665041	4215	ATTATTGGTACAATAATTTTAAGTTTCACTATATCCTCCTTAGTAGTTATTTATTATTATATATAAATATATTTACGATAAAATTTAAACAATTCACGTAACAAAAAATTAATAGGATGTTGAAGTTTTAGTAAGTCCTGACTTATCACTTTCGCTCTTAGATAATGTCTCCCGAATAATACAAGATTAGTTATTAATGCTTTGGTTGTCAAGAATAAGAAGTAAAAAGCGAAGTAAAAAAGAAGAGGGGGATTTGAGTTTTTACTGCTCCGTCATTGCGAGGAGATCAACCTTTTTTTGGTTGAGCGACGTGACAATCTCTACCACCCAGTTTGTTATTCTGAGGAGTCCGGTGTTTGCTGCCGGACGACGTGAGAATCTCATCTTTTTCAATACCACAATTCAACACATAATAAAAGATGAATCATGAGATTGCCACGACCTCAAAAAACCAGGTCTCGCAATGACGGATTGAGTTGATGAGATCCTCACGCACTCAAATACTGAGGGGAAGAGGGTGCGAGGGGGCGAGGGTGAGAAAAAGGAGAAAAGAAGAAGGCTCAGGATAACGGATTCAAGGAATTCATATGATGGTATTTTCGGGATAGACAAAGGTTTTTATTAAATCGAAAAGAAAATAGTAAATATCTTCGATTTTTGATATAAAATGGGATACAGATATTTAATTTATCATTTTTCTTTTGAAGGAGGGAAATATGCATTCTCATCAGTCTCAATACAAAGTAGCTATGATTGGTAGCAATATGATGGATTTGATTACCTATTATGATGACTCGTTCCCCAAAGTAGGTGAAACCATCTTTGGAAAAGACTTTGAAATTGGTTTCGGAGGAAAAGGTGCAAACCAGGCAGTTGCCATTGCCAAACTGGGGGGAAATCCTTTCGTAGTAACTGCCGTTGGGAATGACCTTTTTGGACCCTTAGTAAAAGAAAATTTTAAGAATCAGGGAATAGATACCACCTGGATAAAAACCGTCGACGGAAAAACCAGTGGAGTTGCTCCAATATTTGTCGATAAAAATGGGTACAATAGCATTTTTATTATTCCCGGAGCCAATTCTTATCTCGAACCAGAAGATATCTTTCAGATAAAATCGGTTCTCACTGAGATGTCTTTTTTTCTCCTTCAACTTGAAATTAAATTAGATACTGTTTATGCCGTTCTGGACTTAGCCCATGAGCTTGGTAAAAAAGTCATTCTCAATCCAGCCCCGGCCCGCAATTTAGATTGGAAATATCTGGAAGGGATTTACCTTTTTGCTCCCAATGAAACCGAACTTCATACTCTCACTGGAGTAAACACCAGTTCCCGCGATGATATTCTCAAAGGTGCTCATTTGCTCTTAGAAAAGGGAGTCCAAAACGTATTGGTAACTCTTGGAGAAAAGGGATCTTTGTTGGTTAATAACACAATAAATCGATCATTCCCAGCCTATCCGGTTAAATCGATTGATACTACTGGAGCCGGTGATGCTTTTATTGGTGCCTTGGTCCATTTTCTGTGCCAGGGTAAAGGGCTGGAAGAATCAATCGATAAAGCCAGTGGTTACGCTGCTTTATCAACGACTCAAAGAGGCACTCAAAAATCCTTCACTGACAGAGAGACCTTCGAACATTGGTTTTCCCAGCAACCGAAAGAGAAAGATCTTTGATTATCCTTTTACTGCACCTAAGGTGAGACCACGAACTAAATAGCGCTGAAGTAAAATTGCCAGAATGATAATCGGAATACTCGCCATAATGGAAGCGGAAGAAATTTCCGCCCAGAGTATTTCGTGCCCTCCAATCAATCCAGAAATATTTACCGTTATTGGAGTTACTCTGGATCGACCTAAAATGAGAGCAAAAATGAATTCATTCCAAGAAAACATAAAGCAAAAAAGGGCGGTCGCCACTAAGCCTGGAGTTACCAAGGGAAGGGCGATTTTAACGAAAGCCCCCAACCTTCCACAACCATCAACTAAAGCTGCCTCTTCCAATTCATGAGGCAATTCCTCGAAAAAACCTTTCATCATCCATACCGCAAAGGGAACGTTGAAGAGAGAATAGGTTAAAATTAAAGCCTGATAGGTATCAAGCCATCTCAGCGTCCGAAAAAAAAGAAAAAGAGGGAGAATCGATGCGACAGGGGGCATCATACGAATAGACAAAATCCAAAATGCCAAGTTTTCTCCTCCAATTTTAAAACGGGCCAAAGCATATGCAGCCAGGGAACCAAGAACTAAGGCAATTAAAGTAGTAAAAACCGCAATGATTAAACTATCCTGTATTCCCTTTCCCGCTCCCAGGTTCCAGGCTTGAGTGTAATGTTCAAAGTTGATGGTTTGAGAAATGAAAACCGGAGGATAGGTAAAATATTCACCCTTGTCCTTGAATGAAGTCATAAAATTCCAAATAAAGGGGCTTAGAAAAACCAGAAGAAGAACAATGATGACTAAAATAATAAAACTATTAAACCTCCTTTCTGTCCGATTCAAATCGTTTCCCTCCTCTTCCAAGACTTGAGAAAAATATTGGCGATGATGACAATGATAAGCAGCTGGAAATATGCCATAGCCGAGGCATAACCCATATTAAAGTATTTAAAACCGGTTAAATAATTAAAGAACGATACGGTTTCCGAGGATTGACCGGGACCTCCCATGGTCAGCAGAACAACCAAATCAAAAATTTTAAAAGCATCCATTATTCGAATCAGAAGGACCACGATCATAACCGGAGTGAGTAGAGGAACTACTAATGCTGAAAAAGTCTGCCAACGAGTCGCACCATCCACTCGGGCTGCTTCATAAAGTTCATCAGGAATTGCCTGCAGACCAGCGAGCAAGGTAATCATCATAAAGGGGGTCCATTCCCATATATCAGCTATAATGACCGAAAAGATCGAAATCGATCCGCTGCCCAACCAATTAACCGAAGCAATACTGACCCGGTTAAGAATATAGTTGAGAGGGCCATATTGATAATGGTATATAATCCTCCAAATACAACCGACAACTACTGGCGAGATCATCATGGGAAGAAGGTAAAGAGTAGTAACCCAATTTTTCCCTCGGAAGGTACGATTTAAGAGCAAGGCAATGCCTAAGCCGATTAAAAATTGTACTCCAACCCCTAAAATAAGCTCTAAACCGGTATTTTTCATGGCATTCCAGAAACGCTCATCGGTAAGCAGATTAAGATAATTGCGGACTCCGATAAACATCCGTTCTCCACCGGTCCCAATGTTCCACTGGCAGAGACTCAACCAAAAGGAATAAATCAAAGGAAAAATTGAGATCACTAAAAGCAGAATAATAGTTGGAAGAATAAAAAAGAATCCGATGAGTTTTATCCTCTTAACTAAGGAAAACACCCCCCTCTAAAAAATTTGACTACCGGGTTAAGCGCCCGGTAGTCAAATTCTATTCAAATCCTCAACACATTACCAAAGACCGGCATCTTTCCACCCTTTAACCAGTGCTTGAAACATCTCTTTCTGTTTTTCATAACCTAATCGATCAGTTATTTCTTTCCACTGCTGGGCAGCATCATCGAGAGCTTGCTTGGCATCTTTTTCTCCTGAAAGGGCCTTAATCAGTTCAACTCCAAGGGTTTCTTCATATTCAACCGTTCCGGGGAGAACCATCTCCGGATAACCTTTTACCATGTTCATTTGGACGCCTTCAAGATAGATGCGGGCATCTTCAACGTTCTCAAACATATCATATTCTTCTGGATGCTCAAAGTGGGAATACCGGTAGGGATCGAGTCCGGTTTCTGCGGTCGATACATCATCCATACTGGTAACAGTAGAAAGATAATGAATCACCTTAAAAGCTGCTTCCTGATTCCTTGAATCGTTAGCGATAGCCAAAACTCTTCCGCAAGGCATGAGAGCCCGGAAATAAATTTCCCCATCAGTTTCAACACCTGGAACGTGTGATACTCCGACTTTCCCTACAATTTTTGATTGAGCCGGATCCGCTCCTTTTTTCCCAACACAAGGCCATTGAACAACCATGAAGCAATCACCATTTAAGTAAATATCTTTTAATTCTTCGTATCCATAAGCGAGCACATCGGGTGGGCAAAATTGATGAATATTCATGTTCACTTCAAGAGCTTTTAGTGCTGCTTCAGAATTAATCCCTGGTTCAAGAGTTTCTTCATCAAAATAGACTCCGCCATACCCAGCAAAAATATTGCCCCACC
NZ_CP065383.1_gap75	2815570	2819640	4070	TGTCAACGTTCCTCGAGGTTTGTATAGCTGGAGATAGATCAGACGAGTTCCCGACTGCACTGGGGATCCATCAAAAGCGACTACATCAGCTGGTTCGACTTGATAGGCTGGTTGGATTCGGATTTCGTCGTTGACGGTTACCCTTCCCTCTTGTATAAAACGATCACAGGCTCGTCGAGAACCAATTCCAGCCTGAGCTAAATATTTATTCAATCTCATGGGTCAATTCCTGACTGGTAATTATTTGTTGAATACGCTGCAGGGCTTCCTGGTCTTCTAAACCAAATACCTCATAAAATTTCTCAGTAAGCTGGTAAAGAAAAGGTTTTCCTGGTCGGTCAACCTGACCAGCAATAATGATTAAACCCCTTTCTAATAGAACACTGATTGCAGCTCCGGAATCTACTCCTCGTTTGATATCGATTTGAGTTTTGGTAACCGGCTGTTCAAGGGAAACGATAGCTAGAACCTCCAAAGCAGCACGGGATATCCCTTTTTTAACCGTGATCTGAGCATAATCCTTCAAATGGCTTCCATACTCCGGCCGAACCGCCATTTGCCACTGCCCGGCTACTCGGCGTAAAAATATGGCGCTCTGCCGTAACCGGTAGTCCTCGGCTAAATTCAAAATTTCTTTTTCAACTCTTTCTCGGTCGGCTTGAGTCACTCTCATTAACTCCTCAATCGGAACCGGCTGAGGAGAGGAAAAAAGAAAAGCTTCGATTAATCCTTTTAACAAAATATCATCACTCATTTTTTAGGAGGTACACCAACCCGTCTTCTTCTTTCATTTTTAGAAGGTCTCGAAATACCATGTCCAGTAAAACCAAAAAGGTTGCAATAACGATTCGAAGTTCTCGTCTATTCTGAAACAAAGCATCCATTCTGAACCATTGACCGGTTCGCTGGTCAAAAAAACCATTGATGTAATCTCTCTGCTCTTCAATCAGATTTTCAAAGTGATCATCTATTTCAATATCCGGTTGATTCGATTCGGTATTCAAAAATTTCCGATATAAACCCAACAAGCTGTCCAGTGACATCTTTTCCAGATCAAGAACTTCACGGGTTTGAATTTTTTTCCAGCGCTCTGGTGGAACTTTCAAAATGTTTTCTTCCTGTTGCTTCAGCTCGGCAAGAACCTGAGAAAACAATTCAAAGATCTTCTTCTCAATTGGTTGATTTTCTTCTTCCGAAATGGCTTCTTCCTCAATCTGGAGAATTTCGTTCAACTGTTTTTCAACCAACTCAATATCTTCTTGGAGCAGGTTTACCCTCCCCCAAAGAGCATTGGCTTTTTCAATTCGATCTTTCCAGTCGGTATCCATAATCTATCGGGGTATTTGATAAGCAATATGCATTGCTTCTCGAACCTTTTGCATTGTTTCACGAGCAAGAGTCTGAGCTTTCCGACTCCCTTCTACTAATATATTTTTGACTAACTGGTCTTTCCCTTGATATCGTTCCCGGAAAGGCGTAATCTCTTCCAGATAATCAACCATATATCCCAATAGCTCTTTTTTGCAATCAACGCATCCCAAATCTCCGGTTCGGCAGTCTTCTTCAATCTGTTCGACTCGAGGATTTCCAACAATATTATGAAATGAAAATACATTGCATCTTTCCGGATGTCCCGGATCACGTTTTCGAACTTTCTCCGGATCGGTAAACATTGAAAGAACCTTGGTTCGCAACTCTTCCTTGGTATCAGATAAGCCGATAGCGTTATTTAAACTCTTACTCATCTTTCTCCCATCAATCCCCAAGATTCGTGGAGTTTCGGTAAGAAGCGGTTGGGGTTCCTTGAACACCTCTTGTTGATAGAGAAAATGAAAACGTCGTACCATTTCTCGGGCAATCTCAATATGAGGAACTTGATCTTCTCCAACCGGCACCTTAACTCCTTGATATATTATGATGTCGGCAGCCATTAAAACCGGATAGCCAAGATGCCCATAACCAACCGCTTCTTTCAAACCCATGTCTTGGAGTTGCTGCTTTAAGACCGGATTTCGTTCCAGCCACCCCAAAGGAGTGACCATGGAAAGAAGAAGATGAAGTTCAGCATGCTCCGGTACCAATGATTGAATCATGGGAATACATACCTCGGGATCAATGCCCACGCTAAACCAATCAACAGCCATATCAATGATATTTCTCTCTATATCCTCAGTATGTTCAAATGAGGTGGTCAAAGCATGCCAATCGACAATACCAAAAATACAGTCATATTCTTTTTGGAGCTGCAGCCAATTTTTTAACGCTCCAAGATAATGACCGATATGCATTTTACCGGTCGGTCTCATTCCACTAAAGATCCTATCTTTGCTCCCCACGTTTATTCACCCTTTCCCAACTTTGCTTAATCAATTGTTCTTCTTCAAAACGGTTCTTGGCATATCCATCAATTTTAGCCAATTTTAACTCATCCAGCATTGTAGCATAGTGAGGTCCAGCTTTAATTCCCATTTCTTGTAAATCAGAGCCTTTTAAAATGGTTTTAATCGTCCTCCATTCTTTAAGATAACGGTTTATTCGCTGATTGGCCAAACTTTTCTCCGGATAAAAGCTGAGCAAAAAGTACAAAAATTCAAGCGGCATTAAACGACAGCGAAGATAAATTTCTGAAGGGCGAATGTCTTTTTCTTCGACAGCAGACATAAATTCACTTTTATAGGAGTGATAACTCACCACTTTATGGGAGAAATGACGAGATAGTGCCAAACGCTTTTGCAATAAAGAAATTTGCTTGACGTCAAAGTCGTCGAAAAGAGGAGTTAATTGATAAAGAAATTTATCTATCCCGATAATGGTTTTTACTTCTGGGAGTCTTCTTTCCACGCCAATAAACCGATCGGAATATTCCCTTTTCCAGATACATCCTGGTAAAATTGACGGAATCATTTCCAATTGGTAAAGACGTTCTAAATAGCGATAATAATTGGGAAGCTCCAGAATAAGTTGGATTTCTTCTTTAAGACGATCGGGTTTAATACTATCTAACAAATTTTTTCGAATAGTTTGTTTTAAAAGACTCATGGTAAATGGTTCAATGTGAAAATCATATTTTTTTTCAAACCGGACCGCTCGTATGGACCGAGCCGGGTCATCAACAAAACTTAACGGATGAAGAATTCGAAGAATCTTATTTCTCAAATCACGATAACCGCCAAAAAAATCATAGAGCTCTCCCCAATTATCGGGATAAATGCTAATTGCCATCGCATTCAAGGTAAAATCTCTTCGAAACAAATCTTTTTTTAAGTCAGAATATTCCACGTCGGGTGCCGCTCCTGGAAAAGCATAAAATTCTTTACGAGCACTGGCAAAATCGATTCGTTTCTTCTCTTTCATAAAAATGACCGATGTGCCAAAAGGTGGATAGGAAACTACCTTCCCATTCAACAGTCGGTTGAGATTTTGGGAAAATTCAATTGCGTCACCTTCTACTACCAAATCCAAATCATGATTGGGAACACCCAAAATAATATCCCTTACCACTCCTCCAACCAGATAAGTTCTCACTCCAACTCGGCGGGCGAGACCACTGATCAAGTTGATCAATTCCAAATCAGCAGCACTAAAATGGGCAAATACCGACTCGGAAACATTCAATCGGGTTAACTCATTCACTACAATATTTTCTTTCTGATGAAACACCCGCAAAAGATCGCTTCGGGTGATTATCCCGATCGGTTTTCCCGCTTTGATAACCGGCACTCTCCCTATATCGTTTTCTACCATTAAATTTCGTATGGTGTAAATCGAATCACGGGGCGAGACTCCAATAATTTGAGGTGACATAAAGCTCTTTATTGGGGCATTTTGTAAGCCATGGTGAATGGCTTTTTCCATATCCCTTCGGGCAATTATACCTACCAGTGTCCCCTCGTCATCCACCACCGGTAATCCGGAAAAACCCGAACGAATTAAAGTTAAATAAGCATCGTTAATACTGCTTTCATGGTGAATGGTTTTTACAGGCGTTGACATAATATCAATAGCTCGAGTAAAAGAAAATGAGCGTTTCATCATGTTGATGATTTTTTTTCTGACTTCTTCCAATGAAC
NZ_CP065383.1_gap76	2895796	2896466	670	CAAACTATCGGTATCTAAATTCAGGTTATTTTCAGCATTGGCAACTGCCGATTTAAGCACCTTATAAACTAGTCGGGAAGCTTTTTTGGGAACAAATTGAAGCAAAGATAAAGCTTCATCGGCTTTTTTCCCACGGATAATATCTACAACCTGTCGAGCTTTCCGTGGCGATATTTTTATAAATTTTGCGGTCGCTCTCGCTTCCATCTATGTTATCCTCCCTCTTATTTGAGCGACGTTGATCGCTCGGTAGGATTTCCATGACCTTTAAAAGTACGGGTCGGCGCAAACTCACCCAATTTATGTCCTACCATTTGCTCAGTGACATAAACCGGAATATGCTTCTTTCCATTGTGAACTGCAATCGTATGTCCGATCATGTCCGGAATAATCATACTGGCACGCGACCAGGTTTTCAGTACTTTCTTATCACCTTTTTTATTCATTTCTTCAATACGCGAACGTAATTTTAAATCAATATATGGACCCTTTTTCGATGATCGTACCAAAAGGAATTCCTCCTCCCATTATTTTCTTCTCTTCACAATCCATTTATCAGTATTTTTATTCTTGCGGGTTTTATACCCCTTCGTATACTTTCCCCACGGTGTTACTGGCTGTCGTCCACAATGAGCTTTATTCTCTCCACCCCCGTGAGGATGGTCAATCG
NZ_CP065383.1_gap77	2901105	2902065	960	TTGATAAAGCTAAACCAAGTTTTTCTTGATCGGCACGAGTTTTGGGCTCTATTGCGACCTCGATTACTGGTTCAGGAAACACCAGTGTTTCTAAAACGATAGGATAACGTTCTTCGCAGAGGGTATCGCCGGTAGTTGCATTTCGTAATCCCACAATACCACATAAGTCTCCAGCTTTTACCATTTGTACGTCTTCCCGTCGATTCGCATGAATGATCAAAATTCGGCTAACTCGCTCCTTTACTCCTTTATTACTGTTATATACATAAGTACCGCTTTGCAGTTGACCAGAATAGACTCGGAAAAAAGAAATTTTCCCCGCATGGGGATCCATATTTATCTTAAAAACCAAACCCGAAAAAGGCTCTTTCTTCATGGGAAGGCGTTTTTCGGATTCATTGGTTTTCGGGTTTTTCCCTTCAACTGGCGGTAGATCAAGTGGGGATGGAAGATACCAAACCACTGCGTCTAAAAGAGGTTGAATGCATTTATTACGAAGAGCCGAGCCACCTAATACCGGTATAAATTTTCCGGTGGTCGTTCCCTTCCGAATAGCTTGACGTATTTCTTGAGGATTTATCTCATTTCCATCCAAATATTTTTGCATGATGTTTTCATCGATCTCGGATATTGCTTCCAGAAGTTTATCTCGATAGATTAAAGCTTCTTGCCGATAAGCATCCGGGATATCTACCCAATCAAATTCCATCCCATTACTGTCTCTTCCATAAATAAAAGCTTTCATTTCAATTAAATCAATAACACCAATAAAGTCGCTTTCTTTTCCAATGGGAATTTGGGTTGGATGAGCGTTCGCATTTAATTTTTTACGAATAGCATTGACGACCGCAAAAAAATCAGCACCAACCCGATCTAATTTATTAATAAATGCAATTCGAGGAACTCGGTAATGGTCTGCTTGGTGCCAAACTGTTTCTGATTGTGGCTCTACACCGCCAA
NZ_CP065383.1_gap78	2904717	2908012	3295	TATCCTCGAATCATTTTATAGGGTGTCTGATCATTATTAATGATATAAAAAGGCTTGCAATCGGTAGATAGAATAAGCCTTAACTTTTCCTCGTCTATTCCTTCTCCTTTTTGTACAATCGCTTCACCCGTAATATCAAAAGCCGGTTCTCGCAAGGTGAATCCTTCAAAAAGCGAAAGTGCTTTTTCTAAAACCAATCGGTTTTCTTCATTAATTCGATTATTTTCTTGCTCAAAATCTTCTATATGAACCAGTTCTCCGGAAAGGAGTTCAGTATCACCAGCATTCTCAACCATAACCTTATTTAGACGAGCAATTTGTCGGACAATGGTTTCGATGTGCTTATCGTTGATATTCACCCCTTGTGAGAGATAAACCGATTGAATTTCTTCAACCAAATGACTTTGGACCTCTCGTATTCCTTTGATTCGAAGGATATCTCGAGGATTAATTGGACCCAAGGTCAATCGATCACCAGCTTTAACCCGAACGTTTTCATTAACCTTAATCCGAATATCGGGTGGAACCAAATACGCCCGAACTGATTGATCAGCTTCATCGTCATCGGGACGAACCATGATTTTCTTTCGGTTTCCAATAGCTTCAATCTTTTCTACTTCCCCATCAACATCGGATAGGATAGCGGCCTTTTTTGGTTTTCGGACTTCAAACAACTGCTCGACTCGCGGGAGACCCTGAGTAATGTCTTCCCCGGCAATTCGAATTCCTCCGGTATGAAAGGTCCTCATGGTCAACTGGGTACCTGGTTCACCGATTGATTGGGCGGCAAGAATTCCAACCGACTCTCCAATATCAACCATTTTACCAGTCGCCAAGTTCCTTCCATAACATTTGGCACATACCCCATATCGCGCTTTACAGGTAAGAACTGACCGAATTTTTAATTCACGGATATTATGTTCAAGAAGTTTCTGGATTATATCTTCATTGATTTCTTCACCAGCAGCCAAAAGGAGCTGATCAGAATCAGGAACATAAACATCGTTGAGAACCATCCGGCCTAAGACTCTTTCTTCAAAATATTCAATAATATTATCATTTTCATCTTTTAAGTCTCCGATAATGATTCCATCATCGGTTCCGCAATCAATCTCACGAACAATCATATCCTGTGATACATCAACCAGCCTCCGGGTTAGATAACCTGATTTTGCCGTTCTTAGTGCCGTGTCAGCTAATCCTTTCCTTGCACCATGAGTAGATATAAAGTATTCCAGTACCCCCAGACCTTCACGGAAGTTGGCTCGAATTGGGTATTCAATAATTCGACCGGAAGGATCAGCCATCAATCCTCGCATTCCTGCCAGCTGGCTGATTTGCCGAATGCTTCCTCGGGCACCAGATTTCGCCATCATATTTACTGGATTAAAATCATCCAGTAATTCCAAAATAGCCTCAGCGACTTTATTGGAAGCATCAGTCCAAATATCGATAACCGACTGTTCTCGTTCTTCTCCGGTAATCAGGCCTTCATTATAATGGTCGTTGGTATCGCTAACCCGCTGAGTTGCATTTTCAATGATTGAGAATTTTTTTTCTGGGATTTCCAAGTCCACAACTCCGATGCTGGTTCCTGATTGGGTAGCATATCGAAAACCTAATTTTTTAATTCGATCAAGGGTTTCAACGGTAATCTGATTCCCAAATTTTCTAAAACATGAATCAACAATATCCGATAGTTTCTTTTTGGTCATTGGATCATTGTAATAAGACATCCCCTGAGGAAGAACCTGATTAAAAATCACCCGGCCAATTGTTGTCATAGCCACGTTGGGGTCTTTCTCTTGAATTTCTCGAATATAAATTGGTTCATGAAGATCGACTTGTTTGTATTCAAAAGCCAGGAGTGCTTCATCTATATCAAGAAATCGTTTCAGAGCTGTTTCTTTGGTTACTTTCCTCATTAAGGTCAAGTAATAACAACCTAAAACCATATCTTGAGTTGGTACTGCAATCGGTCGTCCTGACGCTGGAGATAAGATGTTATGAGATGAAAGCATCAGAATTTCCGATTCAGCTTGAGCTTCTGCGGAAAGCGGAACATGAACTGCCATCTGATCACCATCGAAATCAGCATTAAAAGCCGGACAAACCATGGGATGAATGTGAATGGCATTGCCTTCTACCAATACCGGTTGAAATGCCTGAACGCTTAATCGGTGTAGGGTTGGCGCTCGGTTTAGGAGAACTGGATGTTCAGCAATAACTTCTTCTAATACTTCCCATACTTCATCGCGGGTTTTCTCTACCATTCTTTTGGCACTCTTGATATTATGAGCATGACCTTTATCGACTAAGCCTTTCATGATAAAAGGTTTAAATAGTTCTAATGCCATTTTCTTGGGGAGACCACATTGATCGAAGTTCAACTGAGGTCCGGCGACAATAACCGAACGGCCGGAATAATCAACCCTTTTCCCTAATAAATTTTGGCGGAAACGACCTTTCTTCCCTCGTAACATATCGCTGAGTGATTTGAGTGGTCGATTGCCCGGACCTAAAACTGGACGTCCTCGTCGTCCATTATCAAATAGCGCATCGACAGCTTCCTGAAGCATACGTTTTTCATTTTTTACAATAATGTCAGGAGCTCCAAGCTGTAATAACCTTTTTAAACGATTGTTTCGGTTAATCACTCTCCGATAGAGGTCATTTAAATCTGAGGTTGCAAACCGACCACCATCCAGCTGAACCATAGGACGCAAATCGGGCGGAAGCACCGGAACCACTTCCAATATCATCCACTCTGGTCGATTTCCCGATTTACAAAAGGATTCAACAACTTGTAATCTCTTGATGATTTTCTTGGCCTTTTGGCCGGTTGCTTCTTTGAGTTCTTTTCGTAAACTTCGAGCCAGAGTCTGAACATCCAAAGTCCGAAGAATTTCTCTGACCGCTTCGGCTCCAACACCACTTTTAAATTCGCTATCATAATGGGGAAGCAATTTCGCTTCGGTTTCAAGGATCATCTGGGCTTTTTTCAAACCGGTTGACCCTGGATCAATAACCAGATAACAAGGCTCCTCAGCAGTATCAGTCAAGATTTCTTCTTCAAAGAGGTCACCATAGACTTCCCTTAATTGATAGACTTCCGATTCAGAAATTTCTTCATCGCGTTGATAAGGAAATACTCGGACATCGATCACTTCATAGCGATTATTTTCTAATTCTTCTACCGTGAAGCTTTCTTTATATTTTGTACGGAATCGAGTTAATTCCTTGGTTGAGAGTTCATCGCCAACCGAGAAGGGAAGATTGTGGACTTCAGTAATCC
NZ_CP065383.1_gap79	2917915	2920607	2692	AAATATAGTCAATTTTTTTCTAAAAAATGATACTCTAAAACCTGGGATATTTTTAAATCGGGAATAGAAAGATAAAATCCAACAATATCAACCAAACACTCCAATGGTACCAACCCGATAATTTCTGACCCTTGAACTTCTATACCGTAACGACGGGCTTCTATCTTTACCAATTCATAAGCCTGAACAACCGTACTCATTCGATAATTTAACAGGTTCATTGATATTTGAACCAAATCTCGACTTCCTAAGTTGACACCGATAGCTTTGACTCGAGTTAGCCCTCCATACTCTCCTCTTAACTTTCTAGCGATTTCTTTGGCAACTCCTCTGTCCTTGCTTTTTAAATTCACATTAAAAGCTACCAGTGGATTTCTAGCACCGATTGCTACGGCTCCGAGGGTTGGATGAAGACGAGCCAGTCCATAATCTGGCTTTCGGTCAGCAATTCGATGTATCTCTTGTTTGAGACTTTCATACCCGCCTCTCCTTATCAGAGACAAATTGACATGTTCTGGTATCAATGCGGCTTCACCATATAAATAGACTGGTATCAAGTATTTCTTTGCAACTTCTTTCCCGACACTTTGAGCTAAAGCAATACAATCTTCCATGGTTGCACTTCCCCAGGGTGTAAAAGGAATAACGTCAACCGCACCTATACGGGGGTGTTCTCCATTGTGATGGGAGATATCAATCGTTTCAAGGGCAATTTCAAAAATAGCAAAGACCGCCTTGGTAAGGCTTTTCTCGTCTCCCAATAGACTGATTACTGAACGATTGTGGTCGATATCGGATGAATAATCAGCAATTAAACATCCCGGAATTTGTCCAAGACTCTTGGTCATTTCATTGATAATATTCTCATCAGAACTGCTGATATTAATTGCACTTTGGATGATTTTCCTTTTCATTTTCGACTCTCCTTTTTATCCTGAAAATACCGGAGCCTTTTTTTAAGGTAATTCTTTTAGAGCAACCAACCCGGATCTCATCCTGGGCTTTCACCCTCATCCTGACCTTCTCCCATCAAGGGAGAAGGAACTTTTAGTCGTCATTGCGAGACCTGGTTTTTTGAGGTTGTGGCAATCTCATGATTCATCTTTTATTATGTGTTGAATTGTAGTATTGAAAAGATGAGATTCTATCCTGTAAATAAAGATATTAGCAAAAAATTGAACAAAAAAACTGAGAAAGGCACACCCCCCTGAATCCCCCCTCAATGGTGGAATGAATTCAACAATTCCCCTCCGTGGAGGGGTGCCGCTTGCGGGGGGAAAGTGTCTTTTGGTTTTTCCTGGTTAAAATGAAAGTTATAAAAAATTTCACAATGTCTTTTTATCAGAGCTTTATTTTTTTATCCGGTTCACAGTTCACTTCTCACGATTCACTGATTCCTATAAATGAGATTGCCACGTCGCATAGGACGCTCCTCGCAATGACGGAGCAGGAAAAAACTCAAATCCCCCCTCAATGGGAGAATGAATTAAAATAATTCCCCCTGCGCAGAAGGGAAATTGTTGAATCGTCATCATATGTTTTCTCTATGATTCTAAACCTTTTTATGCTTAAATAGTAGGAACAATTTTTTGATTCAATAAAGCAATCGGAGGAAGGCAATGAAAAAATACTTTTTTGGGTATTTTCCCTTGGTTATTCTTGCCTATTTAATTCCTTTTACCTTACTGCAAAAAGTTCATAAATTCTATGGAAGTTTTTTATTCTGGATCGGATATTCTTTAATAGCAATATATCTTATGACAAAAATGATGGATCACTGGAAAAATGAAAATTGAGCTCATTTGGATCTCAATAGTTATCTATATGGTTTGGGGAACTTTAATCGCTCTTCTATCCCGCCGGGGAGGAGCAACTGGAGTTGTCGATTACTTCCTTGCCGATCGGAAACTAAAAGGATATATTTCCACCCTCTCCTATAGCGCAACAACCTACAGCGCCTTTATGCTGGTTGGTTTAGCCGGGCTAACCTATAAAGGTGGCGTTGGGGCTCTCGGCTTTGAGCTCATATACCTATCCGGTCTTTTTTGGGCAGTTCTTTTTGGCCCTTATTATTGGCGTGCAGGGAAACATTATAATTGTGTAAGCCCTGCTGAATTACTTAGCACTCGCTATCAAAATAAAAAAGTTGGTGCCGTATCAGCGTGGATTTCTCTCGTTTTTCTGATTCCCTATTCTTCAATTCAATTGATGGGAATAGGATATCTATTAGAGACTTTATCAAATGGAAAAATATCCTTCTTCTGGGGCGCTTTGATCGCAACGCTGATCACCTTGGTTTGGACCGAAATCGCCGGACTTCGTTCAGTAGCCACGACCGATAGTTTACAAGCTGGGATTATGCTAGTTAGCTCAATTATCTTCATATTTATACTCATAACTAAATATTTAGGAGGATTCAATAACTTCCTTCATCAAATTGAAGTGAACTACCCACTATGGTTATCCGTTCCCGGAAACGGCTATTTTGGTTTTCATACTTTTTTAGGATTATCTCTTCCTTGGTTTTTTTTCAGCATATCCAACCCCCAAGTCGCACAGCGATTATTCGTTCCTTCTTCTCTTCCCAAAATGCGGTCAATGATAAATGGTTTTCTCGGCTATGGCTTGGTTTATACTCTCATTACCATTCTAATCGGATTCTGCGCTCTCCTACTTTTCCCCGGTCTTTCCA
NZ_CP065383.1_gap80	2958417	2962276	3859	CTCCGAAGGAAAAGTTCAGCTCATGCTAGAAGGGACCACTTCCTATTCTCTCACCTCGTGGATAACAACAAATATTGAAGAATTCACAGAATTAAATCCAGGAGAAATAAAGAAAATACCTCTTCAACTGAGAGTTCCCCGAGGAGAAAGAGGAGGACGCTATGGAGTTATTGTTTTTGAAGCCCTTCCCTCCACCATTCCTCAAGGTAAGGTTTCTCTTGGAATTCGCTCAGGAACTCTAGTTTTCCTTACCATTTCCCGCACCGAAGAAGTCAAAGGAACCATTGAAGATGTTATCTCCTCAACGGACGGTAAAGAATTCAAGGTCATTTTTAAAAATACAGGAAATGTTCACTACGAAACCGAAGGTAGTTTGATTATAAAAAGTGAAGACGGAAAAGTCCTTCATCGTATCCGCTTCCCTGAAGATAAACCTTCTATGATTCTTCCCCAGGGGAAAAGGGAGTTCATCGTTCTATGGGATAAAAGAGATCCTCTTTCAGAAGGAAAATATCTCCTTGAAGCTAGAGTATCTGCTTGGGTAGGAGATAGGATATTGAATTTGGATCGGAAAGAATTTACGGTTGAGTTAATTACATCATTAAATGAACAAAAAAATATTAATCTTTAATGTTTTCAGTTAGTTACAAGAAATAAATCTGCAAGCTTCCTTGCTTTCATACCTCATATCTCTCAAAATTTAAATTTAATTTTTTATAGTTTAATCCAGTATTTATAAATTTGTACACTCAAAAATATATCTTCAAATTAAATCCGATATAACCAACAAAATGCAATATAACTCGAATTGATCATTTATAAGAGATTTTTTATCATCCTAATTGGAAAAACTTTACTTACAAGGATCGCTTTGATGATGAGTGTCAATTGCTGGGGAGAAATAATCAGCCCTCATCCCCGCTGCTATCAAAAGTACGAGACACGGTACTAACTTGTGAAAACTGCCCCGATTCGATTTTCCTTTGCTTTCTCACTGTTAAGTTTTCACAAAAAAGAAAACCGGCTCTATCCAATGGATGCCTCCGTTGATGGACGAAGCAAAAGAGCTCGTCTTCGGAACGAATCACAAGAAAAAGCCCCTGATGTCTTCTTGAACCTCCTGGATGGAGCCTTGAAATACTGTCTGTTAGTTCATGCCATACTCTTTGATAGCTGGTTTAGTTTTCCAGCCCTCATCCGGAAATGTACTCATCGAGGATTATCAGTGGTGTGTATGCTCAAAAACACACCCAAGATTTACTACTCATTCGGTGGGAGGACCCTTTCGCTTTCCTCTCTTTTCACTAGAATTCCGAAAAGACCACAGGGGTCCGATGCTTGGATCTTGTGTGATTAATCTCAATTTGACTGGTAACCCCCTGTATGCCCGCATCGTCTTGGTCAGAAGTGAAAAACAAAAATCTCAATGGTTAGCACTTCTTTCAACTGATCTGTCTCTTTCTGAAGACGAGATCGTCACCCTCTATGGAAAGCGCTGGGATAAATGCCTTCTTCAAGATGGTGGAATCCTTCTTGAAACTCACTCGGGAATTCCAGGTTCGATCCTATGATGCCCTCGTATCTCATACCAGTATCGTCTTTATCCGCTCTATCATGCTCGAAGTCGTTGCCCGAAGGAACGCCGATCCCCGAACTTTTGGCGAGCTTTTCTATACTATTTATTATGAAATTCAGGAGATAACTCTTTTAGAAGCTTTGTCTTTACTTCTTTAACTTTCCAAACCAACCATGAAAGAGGTTTTCGTCCTTTCAGAAGAAAAAGTCAAAGAGCTACTCTTCTATTTTGTAAATAGTCTTCCAGCTTGGTTGAAAGGAAAAATGCTATTATTGGATAACGTATACTAAAGTTCGCAATTTCGCACCTTGAAAAAAGCCACCGGAGACTCCAAAATGAAGGTTGTACGAAACAAAAACTTCATCGAGGAGGAATATCCGATGGCTCAAAATAATCATACACCATTTCTCAAAAAAATGCTCCTTGAATTCATGACTGAACCTGATCCGCTTTATGCAATGCTCGAGTGGTTGACCAATGAACTCATGAAACTGGAAGCTCAAAAACAAAGTAGGAGCTCACAAGGGAGAACATTGCCCAACCCGAACCACCCATTTCTCTGGAACCCGAGTCAGACGATTTGATACGAGGTTAGGAACCATCTACCTTCTGGTTCCAAAACTAAGGAAAGGAGGCTATATTCCTTTTTTTGTGACCGAAAGGAAACGCTCGGAGCAAGCCCTCCTCCAGGTGGTTCAAGAAGCCTTCATCAATGGTGTCTCCACCCGAAAGATGGAGCGCCTTGCTCAAAGCTTAGGGATTGAGTCCCTCTCTGCTGGTCAAGTATCAGAAATCACCAAAGACCTCAATGAACAAGTGGAATGGTTCCGTACCCGTCCTTTAGAAAAAGAATATCCAGTCATTTGGGTTGATGCCCTCTACGAAAAGGTTCGCTGTGAAAGACACATCATCAGCATGGCCATTGCTGTCGTTCAGGGTCTGACAAGTGAGGGAAACCGAGAGATCCTGGCGGTCGAACCCATGTTTGCTGAATCAGAAGACACCTACACTCATCTCTTTGAACAGCTTAAAAGACGAGGAGTGGAAACAGTCTGGCTGTGCATCTCCGATGCTCATACTGGACTGAAAAATGCCATTCAGAAATGTTTCCTAGGATCAAGTTGGCAACGGTGTAAAGTACACTTTATGCGAAATATATTAGTCCATATCCCTCATAAAGAAAAAGAATCTTTTGCCGCGAAACTGAAACAAATATGGTACCAGCCTGACCAAGAGTGTGCCAAGCAATATGCCCATTTAATCATCCAGGAATACCGAGATCGCTTTCCTCAAGCCATTGCTCTTTTAGAGGAAGGACTGGAAGACTCGTTACAATTCCTGGCTTTCCCTCACCTTGACCAACGAAAGATCTCCTCGACCAATTCACTCGAGCGGATTCACAAAGAGATCCGTCGTCGAACCCGAGTGGTAGGGATCTTTCCTACCACCGATTCCTATCTCCGGCTGGTCACCAGTTATCTCATTGAGTATACTGAAGATTGGATGAGTAGTAAAAAATATATCAGTTCTGAGGCGATTACCGAGCAACAAGCAGAGCTTCTAAAGATAGCCTAAGAAAAAAAAGAAAGTCAAAAGAAAAAAAGAGGCTGTGGATAGATGGACAACCCTGTGGGTTGACCACAGATCCACAGCCCGACGACTCATGAATAGTTATTCACTAAAATACCAGAAAGAATTGACCAAATAGAAAGATTGTATTCTTCTCTTTGTTTATTTTCCATATTCATAAAAAGGAGGTGAATCAATCGAGTTATTACTCAAAGAGAGATGACTTTTCATTCAAGTAAGGTCATCTCTGTGTTTAAAAAGAGTCTCCGGTGTTTGCTAAGAGTAAATTGCGAACATTATTTGACACATACGTTAAGAAAATTACTTTTTATATTTATGATAATTGAAGCATAGACAAATTCCTTAAAATCATAATTCATTTTATTCAATCAAGATCTAAAAACTATAAGTCCTTTTATTATTAGAACTTTATAGTAAAAGTAACATCATCATTATATATTTCTTTGTCATTATTTTTAAAAAATAACTTCATAAAATACTTTTTTATGTTTCCTTTCTCTATAGGTTGGGTTGAATCTACGTATATCTGTCCTTCCATCCCTGGTAAAATTATGCCACTTGATTCCGAAGAAACAAGATTTGTTGACTCTATATTATCAGTTATTAATTCAGCAGTTTTTTCTTGATTTTTATCCTCAAGTGGTAATTCTAAGAGATTTAAATACACTACTGGGTCAATATGAACGTTTCCTT
NZ_CP065383.1_gap81	3072670	3075936	3266	AATTAATCCACCGAAAACCATTGTTAATCCTTCTAAAGAGAGAATCGGTTCTATCCTATTGTTCATCTTGTGGTTCCTTTTTCCTGAATAATCTAAAAACCAGATCCCACGATAATTCTTTGGTTCCGAATAACCCTCGTCGATAAAATATCATCATAACGACCAACAACGCAGAGAAGACAACCATTCGCATACCAGGGATACCAGGTATAGTAAACGAACCAATAGTATGAGGAGCCTCGACTTCTCGAAGTATTTCTTGAAGAAAGGCAAAAATAAAAGCAGTAACAACTGAACCGGTAATGCTCCCCAAGCCTCCTAATACAACAATAATCAGCAAATTAAAGGTCATTGCAAAGGTGAATAAAGTTGGAGAAACCGTACTAATTAAAGTAACAAAAAGACCTCCAGCCACACCAGCAAAAAAACCGCTTACGGCAAAGGCCAAAAGCTTCATTCGAAAAGGATTAATGCCCATGGCTTGGGCAGCTATTTCATCCTCCCGAATTGCTTTTAAAGCTCTTCCATAACTGGAATTCACCAGATTCCGAATCAGAAAAACCGTAAGAAAAGCCAATCCACCCGTCCACCATAAATTGGTATATTGTGGAATACCTTTAATGCCCAAAGCGCCGTTGGTTAAGGGGATAAAATTATTCGCTAAAACAAAAATGATCTCACTGAAGCCAAAGGAAGCAATTGCCAAATAATCTCCCCTAAGCCGAAGAGTAGGAAAACCGATGAGAAAAGCTCCCCCGGCTGCAACCAAACCACCAAAGACTAAAGAAAGAATGAAGAGATAGGACGGAAAGGTTATAACACTAAAAGGCCAAATTAAAGGGGTTAAAAAATAAACCTGTATTTTTTGATAAACTGGTAACATTAACAAGGCAACGGTGTACCCACCTAAAGCCATAAATCCATTCGGACCTAAGGAAAATTGACCAGCTATTCCGTTGATCAAATTATAAGCAACAGCAGCAATAACATAGATAAAAGCGGTATTTAATATTCTTACCATATAGGCATTCAGGTAGTTTTGGGCTAACCATAAGCCAAACAATAAGATGACAAAAAGTATTGCTGTTAGAATATAATCTCTTTTCCCCATTTTTTTCCCAAATCACACCTTTTCTTTTAGAGTTTCGCCCATGATTCCGTTTGGTTTAATGATTAAAAATAGAATTAACAAGCCGAAAACAAAGGCATCTTTATACCCGGTCAAGCTCGGGAAAAAAGCTGCTATGAGTATTTCGGCAAGGCCGATAATAAATCCTCCGATCATAGCACCAACGACATTTCCAATTCCACCAACCACCGCAGCGGTAAATGCTTTCCATCCTGGGAAAATACCCATCAATGGGTTAATCTGGGGAAATTTGGCAGCCCACATGACTCCTCCGGCACCAGCTAACGCCGATCCAAGAGCGAAGGTATAAAGAATGATCTGATCGATATTCACACCCATAAGTCGAGTAGTTTCCATATCTTTGGCCACAGCCCGCATGGCCATTCCCACTTTGGTTTTATAGACAATATAAAGCAAGACCAATAAAATACCAATACTAATGATTGGTACCCAAAAGCTCACCCCCTGAATTTTAGCGCCGGCAATAACATAGACGTTTTTCATGAGGTCGGGACGAGGAAACCCTTTCGGTCTGGCTCCTAAAACCACTAAACCTAAATTTTCCAAAAAATAAGACACTCCGACGGCAGTAATTAAGGCCGAAATACGTGGTGCAGACCGGAGGGGACGATAAGCCACTCTTTCAATCGTCATTCCCACTATGGCACACAATACCACGCTAATTATAACTGAAAGCCACCAGGGAAGCATAAATATGGCAATCATATAAAAAGCAAAGTAAGTGCCAAGCATAAAAACATCGCTATGGGCAAAATTAATCAAACTGAGGATGCCATATACCAGTGTATAACCGATTGCCAATAGTGCGTAGAGACTTCCCAGGGAAAATCCATTCATCAATTGCTGAAAAAATTGGGTAAAACTCATTTTTATATCCTCATCATTCAATATAATGAATCAATGTATGCCGATATATTCTACTCAAAAGGTCCCAAGAAAAAAAGGGTTTTAAAAAATAAAAAGGGACAGGGAATGCCTGTCCCTTTTTATTTTTATCTTTTACTTGACTTCGATGGTTCCAAGAAGCTTCGCTTTACCACCTTCAACCTGTTTCACGACAACCGGTTTTAAAGCATCGCCTTTTTCAATGGTTATTTTTCCAGTGGTTACTTCTAAATCTTTGGTATCTTCGATTGCTGCTGCTATTTTTTCTGGTTCAAAAGAGTTGGCACGTTTGATAGCATCAAGAATGATTATATAACAATCAGCTGCCAAAGCTCCGAAAACACCGGGTTCTTTATTAAATTTTGCCCGATAGGCATCGAAGTATTTTTGACCGATCTCGGTTAAAGCTTTTTCGGTATCACCGTGAGCGGTGAAATAAAACCCTTCAACCGCATCGCCACCAATATCAATCAGTTCGGGAGCATCAGAACCATCGCCACCTAAAATCTTTCCCTCATATCCTAAATCACGAGCTTGACGGCAAATAAGCGCAATTTCGGTGTAATAGTTTGGAAGATATATTACATCCGGATTCAAATTCATAATGGTAGTCAACTGCGCTGAAAAATCCTGGTCTCCAGTTTTACAATGTTGAACGGTCAATACTTCTCCTCCTAATTTTTCATAGCCTTCTTTGAAAAAGTTCCCGAGGGCAACACAGTAATCCTGGGCTATATCGGATAGAATTGCCACTGATTTTGCATCTAAATCCTCATAAGCATACTGAGCGGCGGCTACTCCTTGATAAGAATCGATAAAGGTTGCCCGGAATGAATATTTCTTATCCTGGGTAACCAAAGGATTGGTAGAGGTCGCTGAAATCTGGGGTACCATTTTCTCTTCACAAATTGGACCGGCCGATAACATACTTCCACTAATTGCCGGGCCGATTATTGCAACAACTTTTTCTTTGTCAATTAAACGAGTAGCTGCATTAGCCGCTTCTACCTTATCGCTTTTATTGTCAACTAAGACATATTCAACTTGTTTTCCTAGCACTTCGGTTCCGACAATATCCATGATGAGTTCAACGCCCTCATTGATCATTTGACCATAAGCGGCGACTGAACCGGTCATTTCCAAGTTTGCTCCAATTTTAACCGTATCTTGACCAAAAACCGGAATCGAAACTATTAATAGAATTGCTAAAAATATTCCAAAACATGATAAT
NZ_CP065383.1_gap82	3082323	3083745	1422	CTATCGAGCCTCTTTCTTTAATTAGTTTTCTTCCGTTCGTTTGGGTAATATCCAATCTGACTTGACCAACGTCTTCGATTTCTGCTTGAGTAAGCCAGTTAGTATTAATTTCTCCAGATGATATTCCTAAAAAATCAAGAAGATTTGGCTCAAATATCAACAGCGTTTCTATATGGGTAACTTTTTGAGATCCATTAAAATAAATTGGTATGTTTATAATTTCTTGGGATTTCCCCCCGATGAAAGGAAGAGACACGGTCGACATTGGTGGTGGACCCATGGTTGTAAAGGTAAAAATTAAATTATCAGTCAATGAATTCCCATACATGTCCATTAAAGATTGTTGAGGCAAAATAGCCTGATAAGTTGTTTTTGCTTCCAAATTCAAACCAGGTTTTATAAATAAAACAGTACCCAGTATTTCAACATCACATTGAACTGGTTTCAGAAGCTGGTCGGTTAAAGCAATGGTTTGAAAAGTTGGACCAGATTGAATTGGTTCATCAAAATGAATTTCGATTTGAACATTCATAGAAACTTCTACAGCCCCAGTACGGGGATGGATTGACACCACTTGAGGTGGATTGGTATCGGCAGGAGGAGGCGAAAACTCAGGAAAGGGTGATTCGGATGGAGAAAGAGGGGGAAGTTCATCCTTTTCCCCCACATTAACGGGAAAGGAAGATATTTCTGAGAGAGTTGGAATCGGAGTCGGGGTAAGAATGGGAATATTGGTCGTAATTTGACCAATTCCCGGTAGTTTGGAAAGAGACGTTTCATTTATATCCTGGTCAGGAAAGGAAGGAAGTTCGTCAACAGGATTCTCCGATTTCAATTTATCACCGCTAGAATCCAAAGGCATAATTGACTCTTTGACTACATTAATAGAATCGCTTACCGCTACTTCCGGATAGCTATCATCATCGCTGGGATATAAGCGAAAATTAAAAATTCCTTCAACATCAGGAGCAATAAAGGAAAGCTTCCCTTGACTGGTGTTTTTTAAATGTCGATAGTCAAGATCGTTTTCGTCGGCAAGTTTTTGGTTACCCAAAGGAATATCAGCAGGAATCAAACCTATCCAAGCATCTGAACTCCAATCGGAAGAAGCGGTATAATTTACTATTATCTCTTGTCCAGGCTTCACTTCTGTTTCTGTCACTGTAATGTTAAATTGTTGAGACTCATCTAAAGAAAAAACTGCACTTCCTCCAAACAAAACTCCGATAGTAAGAATAATTCCGATAATCCACCAACTGTTCAAACCGTTTTTTTTCATATTCATTTCCTTCCTTTTTATTCGATTCATTGCCCGTCTCTCTATTAAAAAATTCAAAGAACAAAATTTGAACACAAGCAAGATCACAGTTACTATGATACCAATCAATTTGCGTATGAAAAAGTATATAATAGAATTATTGT
NZ_CP065383.1_gap83	3087373	3089354	1981	CAATGGTACTTTGGTTCGATGAGTCATTTATGGTACTTCGTATAATCCCTCCCTCAACTTGAATAAATACATCTTCATCATTTAAAGAAAGCGGCTTCCCCCAGGAATAAATATTTTCTCCTGCTTGAAGCTCAACCATCCAGGTTTCTCTTTGATAAAACATTGAATCCCCGGCAAAGACAATTATTTCTTCGGGATTTTTCTCTAATATTAAGTCCTGGGCAATTGCGATACTACTTAACAAAAGGATGGTGATCAATATCATCCAAAGTTTTTTCATGACCACACCTCCCTATACTCGTATCTCAGGATAATTTTTTGTTCTTGTTCCGGTTCGACGATTATTTCCAAGTGAGCACTTCCGTCTTCCCAGCGCCACCCTTGATTGTCGTTGAGCTTAGCCCCTACTGGTAATGGTTCAATAATCTCCACTGGTTTTGCCGTATTACTGTGGTTTACCAGGTCGAATTCAATAATAATCTCCGACCAAAAACTGGCAATATTTCTATCTTCATTCCAGTCCACTTTTAAACGTTTATAACTTTTTTCTTTCCGTTCCGCTTGAAAAGTTTTAATAGTTCCAATTGCGATTTCAAACTCTTCTTGAGTTCTTACCCACGGGAACTGAAAGGTCCCTAAAACCGATTGATTATCTCCAAATATGGTCACCCATCCTTCAGGTAAAGGATCTCCTTCGCTCTTCATTTTTAAAACTCTTTTTAGATTTCCTTTATCGATTCGTATGATTTCCTTAACTGGAAATTTTCTCAACTCCGGAAAAACCTGCAGAACGCTTTGGGCCGGTAAATCAATAGTATAGGGCAAATGAAATACTTGATATTCTGAAACCCTTTCCATCGTCACTGATTTCTCCCGCGTCATCATTACTTGAGGCTGGATTCCTTCTGCAGCGCCAAGAGCTTCATCCTCTGGGAATCCACCTTTATCTCCACTGAATAGAAATGCTGGTTGCCCCAACAACCAGCTGACATGGACATTCTTCCAATTGATGTTTTTCCGATTGGAAAGAAACACAGATGGATAAAGATATAAATCGGCACTTTTTTCATCCCAAATTGCCATATAGCGTTCCTTCCAGTTAAATCCGCTCATAAAAAAGGAAAGAAGAAATGAGTAAGAACCAGCCTGTTGAGCTGCAATTTCAATTTGGTACCGGTTTGCAGGGGTGGTACTAATGGTTTTTAATGAAGTAGATGAATCAAAGGGATGAAAGTAAAACCTTTCTTGAAGAAGATTGTCTCCGGTTAAGAAGAAGCGATTCTCACCCTGATGGAGTGACAGGGTAACTTTCTCCGCTACCCAAGCCCGATCTATGTCCTGATAAATGGTGAGCCAAGACTCATCCGGGTTTATGGATTGGGAAAGGAGTGCATGAGATAGCGAAGTAAAAGCGAGAAAAAAGAGAAAAAGAACCCCCATAATCAAAATATATCTTTTCATTCTTCACCTCCACTAGGTTCAATCACACTCATATCTAATTAAAACTAGATCACACCTTCTTTTTATAATATATTTTAATAAAACAAAAACGTTTCGATGCTTTTCCTTTTAAATATGAAACCTATTCATTATATTTTATCCTTATAATACAACATTTTAAAAATCCAGACCAAAATACCAAGCTGCAAGACGAGATCTTTTTTCCCTCGTTTCTGTATTTTAAAAATAAACTTTAGGATTATTTTTTATGAAATTGGTTGACTCATAACAATAATTATATTAATATTATTATATTAGTAATGTATAGAGGATGATTATTGATGAACAAAAAAATTTACATACAAATACAAGGCATGACTTGTCCCAGTTGTGAAAAAATTGTCACTCAGGCTTTGGAAGAATTGCCGGGTGTTACTAACATTGATGTCAACAAGGATAAAAACCGGGCAACACTGGAGGTTGACCTTTCCAGTGTTGACACTTCCACTATTCTCCAGACCATCGAAGAGGCCGGTTATAC
NZ_CP065383.1_gap84	3094314	3097189	2875	TAAAAATACATCTAAATCCATCTTAATCTTTTCGTGTTCTTTTTCATCAATATCGGCAACCACGAATCCCATGGCTGAACCAATCGAAATAGCAGTTTCGCCTGGATTTATATATTCGCCTTTGTTTTTGCTTATAGAATAGACAAGAGCTTCTATAGGTGAAAGAAGAATTTTTTGCTCAAGAGCAATTTCTGCTTCTCGTATTTGAAGCCGGGCTTGCTCTACTCGAGCTTTGGCATCATCGCTTACTGCTCCTCCCGACGACAAGCTTTCTAACTGAGTTTTTGCCGAAGCTTCTTTTGAAAGAGCAACCTCCCATTCACTCCGAGCGTTATTTACTTCGTTTTGCGAAGACCCTCCGATCGAAACTAATGAATAGAGTTTTAAATAACGATCATAAAGCGTTTGAGAATTAATTTTTGCTTGATTGTATATCTCTCGGGCTTCAGCAAGGACTTCGTTTTCTTTCGACTTCATAAAAGCCAAAGCAAGGTCATAATTCACTTTTGCCAATTCTAAACGATTTTTTTCTGCTGAATCCTCTAATTCAATAAGAGGGTCTCCGGCCTTTACCTGTTGCCCCTCTTGAACAAACAATTGGTCAACAATACCGCCAACTTGAAAAGCCATATTGATCCGATTTCCCAAGTCTATTCTTCCGGTTGCAACAATGGTTTCGGTAATGTCTTTTTTGGTTACTAAATATCCCTTGACTGGAATAGGACGGTTTTGTTGGTAAAAGTATCCTACCAATAAAATAATTGCCAACCCCACTATAATTAAATATTTTCTCATAATAAATAAGTCCCCTTACCCGATCCTTGATTTAAGAAACTATAAACTAAAATATATTCTCAATATTTAACTGCTATTCCAATTTTTTATTCCACTATTTCTCAATTTTCTATTTTTTTTCATCACAACGCTTCTCTTTCTAAATGAACAACGTCTGAGGGTTTGAAAAATCTTCTTGTTCAAAATAAATAATAAATATACTATATTCTTAATTAATAGATCATTCCCGGAGGAAATCAAAAATGATTCTTATAAAAAGAATCTACGAGCCAGCCGAATTAAAGGATGGTTTTCGTATTTTAGTAGACCGACTTTGGCCAAGAGGAATGACTAAAGAAAAAGCCCGTATTGACCTTTGGTTGCGGGACATTGCACCCAGCGATAACCTCAGAAAATGGTATAATCATCAACCGGAAAATTGGAATGAATTTAAACAAAAATACTATGAGGAATTGGCAACTAAAAATGACCTGGTTGACATTATCCAAAAAAGATCGGAATCAGAGACGGTAACGCTTCTTTATTCAGCAAAAAACCAAGTCCTCAATAATGCGGTAGCCCTCAGGGAATACATCAAGAATCGAACAAGGGTTTAAATTTACACGCTTTTTGTCTCTACAATTAAATATTCTTAAAATATATTCTCCTTCGTTTATGCTGTCTTGGTTTAAATAGCTTCCATTCATTTTGGATTTTTTTGTTAGTTTCAAGCTCAGGGTTAGACTCGCTGTAGGAAAATCCGAACTTAGCGGCAGTTTTGGTAATTTCAGAAACCATAAGAATATCGACTCCTTTGTTCCGATATTCTTTTTTCACTCCGGCTAAATAAAAATCCAGAACTTGGTAAGTCTTTAAGGCTTTTAACAAATACCAAAAACCAAAAGGGAAAAGCCTTCCTCGGGCTTTTTGAAGAGCTTGGGAAAGACTTGGCATGGTGATGAGAAAACCAATTAAATTATCCTCCTCGTCAGCAACGACCTTAATAAAATCAGTTTGAATATAGGGTAAATATTTTTTTAGGTAATAATTTTTTTGTTTTTCAGTAAGAGGAACTGTCCCGTATAAATCTGCATACGATTCATCTATTAAATTAATCAAATCCATTCCTCTTTTTAGAGCTTCCTTTTTATTTTTGAATTTTAAAACCTGATAATTGTAACGCTTTTTAACCCATTCAGCAGATTTGATGAGACTCTCGGGAATGTCTTTTATATCTGGTACTTTAGTTTGAAACTCCAAAGCATCAATCAGTTTTGAATACCCACAATTTTCTACCAAATCAGGATAATAAGGATAATTATATTGAGTCGCCATGGTTCCTAATTCTTCAAAACCGTCGATCAGCATTCCGGTTGGGTCCAAATCAGTAAATCCTTGTGGACCGCTACAAGTTGTCATCCCTCGTTCTTTCCCCCAAGATTCTATTGCAGAAAATAATAATTCTGCGCTTTTTTCCTCGTTGATAGAATCAAACCACCCAAAACGAAGATTTTTTTCTTGATACTTTTCGTTGGCAATATGACTGATAATACCGGCAATACGTCCAACACATGAATTATTGTGATAAATTAAAAATAATTTCGTTTCACAATTCTCGTAGGCGGGATTTTTTGCTGGAGAAAATATACCCATTTCATCGGAAATTAAAGGTGGAACATAATAGGGGTGATTTCGGTATAGCCGAAGAGGGAAGGTAACAAATTTTTTTATATCTCCTTGGTTTTGAGCCTCTCGAATCTCCCAACCCATATCAGTTATTCCCAACAAAAAAGATTATCTCGAGTGTAATAAGCTCACCATTCATTCTATCGCCCATCCTTTAACTATTCAATAAAAATTGCTGAATACCAGTTTTGAGGATCATCTTCATTTTTTAAGGTTCCAATCGGAAGACCAAATTTCCTAACAGTTTTAAAGACGTCCACGCCAACACTATGAAAAGATGGACGGGCTTGTTTCGGATTGATACATTTCATGCCTTTAAATCCACTGCATTCTTTACAAAGAGCACAATCACTCATCGAGAAAGCAAAGTAATAACCATCAAGAAAAGCTTGTCTCTCAATCGAAAAAGAAATTT
NZ_CP065383.1_gap85	3100725	3101225	500	CTTATTGAAATAAATATTAAAAACAAAAAAATTAAGGAATCCTTGAAAATCCTCTTTTAATGAATAAATTACTCATAAACTTTATCGGCTTTTTAACAAAAATCTTAAGCCAACAACTCAGTCTAAAAAGAAAAATATGAGCAATGTAAATAATGTTCGTTCAATTTCGCCCAAATAAACTAATATCAACCCTAACCGGTAGATCCCCTTCTCAAGAATATCAATTCATTTCATCCCATTGTTATCTCTCTTGTTCCAGGCAACTGTTCTGAATAAAACAAAAGGTATCCTATTCTAATAATCTCTTCATTCAAATTTAATAAAATAAATACTGTCAATTTATCAACTTATTCAGTATTCATAGGCAAATCTCGCTCTTTGATTATTTTTACTGTTTCAAAAAAACTTGTCAAACCTTTTTTTACCAAAAAAACAAAAAAAATTAAATAAAAAAATTGTAAAAGCGATTTTACAAAAAAATAGGAAGCAGCAAATGAAAA
