gap_id	start	end	length	sequence
NZ_CP020873.1_gap1	27379	30916	3537	AGCTTATCGGGAGAGATGCCGAGGCTTTTTACATACCAGTTGAATCTTTCTTCTCTCCATGCCTCGAAGGTTTCAAGCTGGGTACCCGGCTTGACAAAGTACTGCATTTCCATCTGTTCGAATTCGACCATGCGGAAGATGAAGTTGCCTTTTACGATCTCGTTGCGGAATGCCTTGCCGATCTGGGCGATACCGAAAGGTACCTTCATGCGGGAAGCTTCCCTTACATTGTGGAAGTTCACGAAAATCCCCTGTGCTGTTTCCGGGCGAAGGTAGACCGTACCACCCGATCCTGCGACCGCGCCCATGTTGCACTGGAACATCAGGTTGAACTGGCGTACATCTGTCCAGTCATGTGCACCTGTATCAGGGGCCTTGATGTCCTGGCTGATAATGATATCGTACAGCGCCCTGTTCGGGTCCTCCTGTCCGGCTACGTCTTCGTAGGCCTTCTGGACCTTTCCGGCCTGCTCGTCTTTGCCTTCACGACGGAGTTTTTCGATGTGGTTTTCGATCAGGTGGTCCGCTCTGTAACGGCGCTTGGTGGTTTTTTCGTCAATGAGCGGATCGTTGAAGCTTGCGACATGCCCCGATGCTTCCCATACCGTAGGGTTCATCATGATCGACGCATCTATGCCTACGATATTCTGGTGACGCCGGGTCATGGCGTGCCACCACAGGTCCTTGATGTTTTTTTTCATTTCACTGCCGAGTGGGCCGTAATCGAAACAAGACGAAAGTCCGCCATAGATTTCAGATGACGGGAAAATAAAGCCGCGCCTTTTGGCAAGCGAAACCAGTTTATGCATGACTTTTTCAGGTGACAGGCTGGCTTCCTGCACCCGTTTATCGGAAGTGCTCATGGTTGTGTACAGTATTAAGAATGTGTCCGGGGCGCTTCGTCCTCCGTTTTTTCCAATATGATAAAACACTCAATATAACAAACCGGTCCGGAAAACCGTCCTGATCGAAAGAGTTAACCATTCCTGCCAAGCTGAGTCCCTGCCCCTGTATGCTATCAGCAAAAAAAACGTTTTGAATGACGGGAAAACTTTATTACTATATCACTAATCAGTTATGTAGTTGTTTTTCTCTCAGTTCATCTGTTGACGCCCTATGCTGACATACAATGATATGCTGGAAGATTGCAGAAAACGGGTTAGGGAGATTATGCCCTGGGATCTTTCAGAGCTTCTGGCCAGGGGCCCTCAGCCACTGGTCCTCGATGTGCGTGAGCCCGATGAGTTCGATGCCATGCATATCCGGAGTTCTGTCAATGTCCCCAGGGGGGTGCTCGAGGCGGCCTGCGAATGGGATTACGAAGAGACGGTTCCGGAGGTTGTCAGGGCGAGAGACCGGAAGGTTGTCGTTGTGTGTCGTTCAGGACGTCGGAGCCTGCTTGCGGCTGACGTTCTGCAACTTATGGGATACCGCGATGTTGTATCGCTTAAAACCGGGCTGAGAGGCTGGAATGATTACGAGGAGCTTTTTGTGGATGGTCGTGATATCGAAGTTTCTGAGGATCGGGCAGATGTTTTTTTCAGCCCGAAAGTGAGACCCGAACAGACTTCCGTTCAGAACCGCGTCTGAACAGTTTTTCCCTCATGTTAACCAATTAATCAAGGAGAAATGATTATGAGCGAGATTGCCGTCACTACGGAACTTAACTGCGAAGGCCTTAACTGTCCTCTGCCTATCCTGAAAACCAAGAAGGCTATCGATGCCCTCCAGAGCGGAGAGGTGCTGAAAATGACTGCTACGGACCCGGGTTCCGTCAACGACATGGACTCATGGTCCAAACGTACAGGCAACGAGGTGGTTACCCACTCTGAGTCAGGGGGTGTTCATACCTACATTATCCGCAAGAAGTAATTTTTTTCCACGCCTGTCATGAACACAGCGCCAATGCCGAGGCTTATGGTGTCAGCGCCGGCCAAAAGCTCCGGGAAAACCATGGTCAGTCTCGGGATATTGCGCTATCTCTCATCGCGCGGGATTGCCGTCCGAAGTTTCAAGAAAGGGCCGGACTACATCGATCCCATGTGGCATCGTCTTGCCTCTGGCAGTGGTTGTGCCAGTCTTGATCCCTGGATGATGGGAGAACGTTCTTGCCTCGAGACGTTTTTCAGGTATGGACATGGTGCATCCTGTTCGCTTATCGAGGGAAATCACGGACTTCATGACGGGCTGGATATAGAAGGGACGGACAGTTCCGCAGGACTTGCATCCCTTCTCGGCTCCCCTGTTCTTCTTGTGCTCGACAGCTCCAGGCTCAACAGGGGTGCGGCCGCCCAGGTCCTGGGGATGCAGCAGATGCCTCCCCGGCCCACTATTGCCGGTGTCATCCTCAACAAGGTAAGAGGGATGCGGCAGGCAGAGAAGCAGCGTGCTGCCATAGAGCGGTTCTGTCATGTTCCTGTTCTCGGGGCGATACCTGCCGACGAGGAACTGGTCATACCCGAGCGCCATCTCGGGCTTACCACGGTCGGGGAGAGCGCCGGGGCCGAGGAATGTATCCTGCGTGCCCAGTCTGCTGTGTCCCGTTACTGTGATATGGAGGCAATCACTCAATTGTTCCATTCTGCCCCTCCCATGGATCTGCCTGACCTGCAGTCGTTTTCCCCGTACAAGGACAAGCGTACCCGTATCGGTGTATTCCGCGATCCGGCATTCTGTTTCTACTATCCCGACAATCTCGAGGCGCTGGAGCGCAACGGGGCGGAACTTGTCTTTATCGATACCTTTGCCGCATCCGGTCTTCCTGATCTGGGTGGACTCTATATTGGCGGCGGATTTCCCGAGTCATTTCTCGATCGCCTGAGTGCAAACACAGGACTGCTGGGTGATGTGCGTTCCCGGGTCGAGTCAGGCATGCCTCTCTATGCAGAGTGCGGCGGGCTGATCTATCTCAGCCGCACGGTTTCATGGCAGGCAAAGAGTTATGCTCTTGCAGGACTTCTTCCTTATGATATCGAATTCAGTGACAGACCTGCAGGCCATGGTTACCTTGACTTGCAGAGTATGGCAGACAGCCCGTGGTTCGCAAGGGGAGAGTGTGTCCGGGCGCACGAATTTCATTACGGTTCACCGGTTGGTGACGTCATGCATGGTGAGTTCCAGTTCAGGGTGGTACGCGGCCACGGGGTTACCGGGGCTGCCGACGGGTTTGTCTGCAAAAATCTTTTCGCATCTTTTGCTCACCTGCATGTTTCGGCTTTCCCTGCCTGGGCAGAACGGTTTGTGGATCTTGCAGAGGGGTTTTTGCCGTCGAGCGGAGATCATTCGCTGCCCGGGACGAAAAAAAGAAAAAAAATCGGGTGCACTATTTGAAAATCATCGAATAGTTTTTTAACTATATAACTATTGAGTTATATAGTAGATTCGCCTCTTCTTCAGTCGCTCCGCCCCCGGCTCCTTTATGGGGTTGTTACGGTCAGCACAATACGTGATGGAAATGAAAAAAAACTGATCACAGGAGTTTGAAAATAATGTGCGTTTTGTTATCTATATAACTATATAATTATATAATCACATTAA
NZ_CP020873.1_gap2	42428	43622	1194	TCGGTGGCGCTTGGAATATGGGCCATCGGCCTTCTGCTGCTGACCATGCTGCTCAAGGTGGCAGTAGCGGTAAAGACAGATTCCTGAACAGAGCAGTCTGAACGTAGTATTGACAATTATGGTTTTTCTTCCTTTGAACCTTCGTATTGACAACCGTTCCATTCTTTTTGTCGGGGGCGGAAGTCTGGCCATGCACAAGATCAGGACGGTCGAACGTTTTACGCGAAACATTACGATTCTTGCTCCCGAAATCGATCCGGAGGTCCATGCACGCGGTTTTTCCGAGATCCTCAAGCCGTATGAGAAAAAGGACCTCGAGGGTTATTTTCTGGTATACGCAGCGACCGGTGACCATTCGCTCGACCTCTGCATACGTGACGATGCTCGTTCTCTTGGTATTCTTGTCAATGTCATCGACAACCGGGAGGAATCCGATTTTATCTCCCCGGCGGTGCTGAAGCATGATGATATGACCATCGCGGTATCGTCAAACGGCATGAATGCAAGAAAATCGGTTGAATGGCGTAACCGGATCCGCGACATGGTGGAGTCCTGGGAGTAAAATTCAAGAAGTTAAATTGAATATGAGTACACAACATGACGTTCGGGCCCCCAACCCTCCTACCAACCCAAAGGGGTACGTCTACATTGCAGGTGCAGGTCCCGGCGATCCTGAGCTGATTACCGTCAAGGCTGAACGTGCTTTGCAAGAGGCCGATGTCATCCTGTACGATGACCTGGTGAGTCTCGAGTTGATAGATCAGTTCAATGCCTTGAAAATCTATACCGGTAAGCGTAAAGCCAGCCATCATTTTGAACAGGAGGAAATCAATCGCGAGATCGTGCGTCATGCGGTCGAGGGCAAGACAGTGGTCCGTCTCAAGGGAGGGGACCCGTTTATTTTTGGCCGTGGAGGCGAAGAGATCGAGACGCTTCGTGACTTTGGTATAGATTACGAGATCATTCCCGGTATTACAGCCGCACATGGAGCGAGTGCCTATTCGGAAATTCCGCTCACCATGCGCAGAATCTCCTCTTCCGTTGCGTTCTGTACCGGTCATCCTGTCAGCAGCATCCAGGTTCCCGATACCGATACCATTGTGTATTACATGGTGGCCTCTTCCGTACACGATGTGCTCGATGCCGTCGCAGCAAAAGGGCGTCCGGGCATGACACGGGTTGCCATTGTTCAGA
NZ_CP020873.1_gap3	53148	55594	2446	TATCTGCCCGGTCGAGGCGTTGCAGAAGCGTGAAGACGGAATTGTGGATTTTGACAAACGGCGCTGCATCGGGTGCAAGGCATGCGGCCAGGCATGTCCGTACGGCGCGCTCTATATCGATCCCGAAAGCCATACCAGCGGCAAGTGCAACTACTGTGCGCATCGCAAGGAGATAGGCATGAAGCCTGCCTGCGTGGTGACCTGTCCGCAGCAGGCAATCGTATCGGGTGATCTCGATGACCCGCACAGCGAGATCAGCAGGCTGGTGGCCACTGAGCAGACCGCTGTGCGCAGGCCAGAAAAAGATACCTCACCCAACCTGTTCTACATCAATGGAGATGGTGCATCGCTCGATCCTCTCGCTGCAGGAGGAGCGACACCCTATCTCTGGAGTGAACAGTCCAGGGGCGTTGGTCATTTTGCGGGGAAAGATCATCACGGCCCCGGCCGTTCTGAAGAACGAGGCCCGAAACAGGATGAACGAAATCCTGCCCCGCGCAAGGTCTATGACGCTCCCTCAAAAGGTGCTGTCTGGGGATGGGAAGTGCCGGCATACGTATGGTCAAAGGGTATCGCGTCAGGCGTATTCCTTGTGCTGTTCATGCTGACGTTGCTTTTCCCCACTGCTCTTTCTCCGTCATTGCAGTGGTCTTCCTGGGCTGTATCCCTTGTTTTTCTCGGACTGACAGGAGGATTTCTCATCAAAGACCTTGATCGTCCGGACCGTTTTTCATCCGTCCTTCTTCGTCCCCAGTTCGGTTCCTGGCTGGTAAGGGGTGGTTACATTATCGGTGGTTTCGGTGCACTGCTTGCGCTCTGGGGCGGAGCGAAGTTTCTGCAGATTCCAGGGCTCGAGCAGGCAGCCCTGTGGGGTGGAGCGTTTTTTGCCCTGGTGACGGCGCTCTATACCGCGTTTCTTTTTGCTGCCGCAAAAGGCAGGGATTTCTGGCAGAGCCCGCTGATGGCCCTTCATATGCTTGTCAGTTCACTGGTCGCCGGTTCGGCCGCCATGATCCTGCTGCTGGTTGTGACCGGCGCTGATGCAGGCTTGCTGCAGGTGCTGTCGACCGGACTGGGGGCTGGGGTGTTGCTGAATATCGTGATCATGGTATCGGAACTCTTCGGCCGCCATCCATCGAAGCATGCAGAGGCTGCCGCCCACGTGATTACGGGTGGAGCGCTGAAAAAGGATTTCCTGACAGGATGCCTGACTATCGGCCACATCATTCCACTTGTGCTTCTCGTTATCGGGTTCTCTCCTGTAACATCAGCCGCAGCAGCCGTTCTGGCCCTTGCAGGGGTCTACTATACAGAAAAGCTCTGGGTCAGGGCTCCTCAGTTAATCTCATTACATTAAATCACGATCTGCCATGAGCATTACCCATAAACCCACGATTATCGAGAAAGCCGCAGAGGCGCTGCACGTCATCCCGAACCAGCATAAAGAGGATAACGCTCCTGCAGCAGCATCTCATGGCGCCAGTGAAATGGCATGTCCTCCTCCAGAGAAATGGGATAGCTGGGTGGAGTACGATTCAAAAAGCTGGCCGGAAAAGAAAGCCCGTGAGTACATGCTGGTCCCGACATCGTGTTTCAACTGTGAAGCGGGGTGCGGTCTGCTTGCCTACATCGACAAGGAGACCATGCAGATAAAGAAATTTACAGGCAATCCGTACCACCCTGCAAGCCGCGGGCGCAACTGTGCCAAAGGTCCGGCAACCATCAACCAGCTGGAGGATCAGGACAGGATCCTCTACCCCCTCAAGCGGGTCGGACCGAGAGGTAGCGGTAAATGGGAGCGGGTCAGCTGGGAGAGCGTCCTCGACGATATTTCCTCGAGAATGCGCAAGGCTCTGGAGGAGCAGCGCAATAACGAAATATCATACCATGTGGGACGTCCCGGGCATGAAGGTTTCATGGACTGGGTGCTCAAGGCATGGGGGGTTGACGGTCACAACAGCCATACAAATATCTGTTCGTCAGGGGCCCGGTTCGGTTACGCAATCTGGCAGTGGTATGACCGCCCTTCCCCGGACCATTCAAATGCGAAATTCATTCTCCTGGTCAGCGCCCATCTGGAAGCCGGCCATTATTTCAATCCGCATGCCCAGCGTATCGTAGAGGGGCGGATGAAAGGCGCCAAGCTTGCCGTTCTCGATCCGCGTCTCTCCAATACCGCCAGCATGTCGGATTACTGGATGCCTAGCTATCCCGGCAGTGAGCCTGCAGTGTTGCTTGCCATGGCGAAAGTGATTATCGACGAGGGGCTCTACAACCGCGACTACCTGGAAAACTGGGTCAACTGGCAGCAGTACCTTTTGGCAGAGTATCCCCAGCGCCCGAAAACATTCGAAACGTTTATAGAGACTCTCAGGGAGGAGTATGCTGAGTATACTCCAGAATTTGCCGAGCAGGAGAGCGGGGTCCCTGCCGATACCATCCGCGA
NZ_CP020873.1_gap4	92399	96652	4253	TCTACCAGCATGATGGTGCTGTCGAGCCTGAGCGCCTTGTCGATCGGTTCGGGGGCTCCTGGCATACCGAAATGATTCGTGACAAATTCCGTTGCATAATCCTCTTCGATATGCTCCTTCATGATGCTCCGGCGGTACTCTTCGAAATCGCGGTCGAAAAACACGTTCGCATAGGTCGAAGCAGCAGACGCTGTGGTTGCATCCATCATGGGTGGATACCAGTGGTAGCCGGCGAACACCTCATCGGCACCCTGGCCGCTCTGGACAACTTTTACATGTTTGCTTACCTCCCTGGAGAGCAGGTAGAATCCGATGACATCGTGACTGACCATCGGTTCGCTCATCGCCCGGATGCAATCCGACAGGTTGGACTGCAGTTCGGTATGGTCCACGAATATTTTGTGATGGACTGTTCCGTAATGCTTCGCGATGATGTCAGAATAACGGAACTCGTTGCCTTCTTCTTCTGCGACATCTTCAAACCCGACAGAAAATGTGTTGATCTCTTTCTGTCCGAGTTCGCTGAGCAATCCTACGACAAGCGAGGAATCCAGGCCACCCGAAAGCAGTACACCAACGGGGACATCTGCAACCAGTCGTCGTTGCACCGCCAGCCTGAGGGTGTCGTGAACCGTGTCGATCCACTCTTCCTCGCTGCGGCCCTCCTCTTCTTCTGTCCGGGTATAGTCAGGCTTCCAGTAAATTTCATGATGATGGCGTCCGTCTGGCTCAACAGTGAGGGTCGAGGCCGGCGGGAGCTTGCGGATGCCGCGAAAGATGGTAAACGGTGCTGGAACGACCGAGTGAAAGCTCATGTACAGGTTCAGGGCGACCGGATCGATACTCGTGTCGACTGTTCCTGATTTCAGGAGTGCCGGAAGGGTCGAGGCAAACCGCATTTTTTCACTGTCCATCGTGTAGTAGAGCGGCTTGATCCCGAGCCGGTCCCGGGCGAAAAACACCTTGCCGGAGTCTCGTTCCCATATTGCAAACGCGAACATGCCCTGCAGGTGCAGCACACACTCCCTGCCCCAGGCATGATATGCCTTGAGAATGACTTCGGTATCCGAGTGGGAAAAGAAGCCGTACCCTTTCTGCTGCAGCTGTCGCCGGAGTTCGGGATAGTTGTAGATGGCTCCGTTGAAGACCAGCGTGAGCCCCAGCTGCGTGTCCTGCATCGGCTGCGAGGCACAGTCGCTGAGGTCGATGATTTTCAGGCGCCTGTGACCGAACGCCATCCGGTTGTGAGTGAACATTCCCTGGGCATCAGGTCCACGAGGCTCAAGAGTCTCCAGCATCGAGGCGACTGTCCGGGAGGATGCATACGTTTCATCAAATCTCAGCTCTCCTGCTATTCCACACATATGCTGTTGTTTTGTATTGTTGCTCGTATTCTTCACTGGTCCACCGGCGATCGACGGGTGTGCATTTTCTGCCGGAGTATCGTGTTAACGTATTTTAATATAAGGAACTGAGGGTTGGCGTAAAAATGTGGTGCCATGGCCGGAGGCCGGTTATACTCTTATGCAGCAATGAGTTGCCCTGATTGAAAAAAAAGTGTTACATGACAGCATCACTCTGCCGCGGCAGCCTCTTGCCTGGTCTTGAACGTGATTGCAAGCCACTTGTCGTCGTATTCGGCATTGCGTACCCTGAGGCTTGCCAGAAATGCGGGCAGCACAACCCCTTTCTGATAATTTCCTATCCTCACGGTCATGAGCTCTCCTACCTGTATCACATTCGCTTCCATTTTATTGTCGAAGACAAACGGCAGGCGGAGTTTCATGACGTAGTGGCCATCACTTTTTTTCTGGATATCGACGTGTTCCTCATGATAGAAAATATCGGTCGGGTTGGTGTCGCGGTATATGAGCTCTCCTACCTGGTGCAGCATTTCCAGTCCGTAAACTTCCTTGCGGAAAAGGGGCACCGTGGTGATGGGGATCGGGGCAAACGATGTTTCGATCTGCTCGATATAGGTTTTCTGGATCTCTTTCCATTCACTCAGGTACTGGCCGTCGACCTCATCGCTCATTACCCGGTTGATGACAATCTGATCAACGGTGATGCCGTAGAGGTTCAGATAGGTCAGCGCTCTCATCGACTCCTTGATAACCATCTTCTCTGGGTTCATGACAAGGCGTACTGTGGTTCTGTCCGAATCGGAGAGCAGATCGATAATTCCGTCGATCGATGAAAACAGGTGGTCTACCTGGTCGTAGACCTCTTCTTCGGGGACAAGTTCCCTGAGGCGGCCAACTTTCTTCGATATGGGGCGAATGACCGGTTTGACCACATATTTTTCCATGTTACGCATCAGCTTGAGCATCCACCCGAACGTTTCAGGTATGGAGAGCAGGCGCAGGGTCTCGCCGGTGGGAGCGCAGTCTACTACCAGCAGGTCATATTCACTGGACTCGTTGTACTTTTTGATGTAGGAGAGAGAGAAGAGCTCTTCCATACCCGGCAGCACCCCCATTTCTTCGACATAAATCCCCTTTATGCCCTGTACTTCCATGAGATGGGCAAAGTGTTCACGAACCACCTCCCAATTAAGGTTCAGGTCCCCATACACACTGACTTCCTGACCGAACAGGTTTTCGGCTATCTGTACAGGGCCGAACCCAGGTCGATATCGAAAGAGTCTCCGAGGCTGTGGGCGGGATCTGTTGAGATGACAAGTGTCTTGTATCCCATTTCAGATGCCTTGAGCGCTGTTGCCGCAGCGATCGTTGTTTTGCCGACCCCGCCTTTTCCCGTGAACACGATGTTTCTCATGGTCAGTCAGGGCAAGGAGTGAAGGAAAACGGGAAAAAGGTCACTTCTTCAGTTTCCCGATGAACTCGTTAAAGGAGTCTTTGAGCTTCCCACTGCTCTCTTCGGCTTTGTGTTTCAGCTCGTTCCATTTTTCATCCCCGGATGATGCCAGTTCGCCCAGTTGATCTTTCAGATCAGCAGTACGGTCTTTGAGTTCATCCAGTTGCTCGTAATAGCCTGCCCTCAAGTCGGCAGAAGCTTCGTCGATCTGAGCCTTGAGCTTGTCGATACGTGCTTCCCATTCCTTGATGCGGGTTTCGAGCCTGTCGGTGAATTCCTTTCTGTTGCTCATAGATCCATCCTTTTCTTCTATGTTCATATATTCTTGCAAACCATTAACCAGCAGGGCTGCAGGAGCAGCCCTGTACATAATCCAATGGATCTCGAGGCAAAATAGTTTCAGGAGGGAATATTCAGAGGTACTCGACGATATCGTCGAGCTCTTTGCGGCTTTTCGGTCGCGGTTTTGCGTCCGGTGCAGCGTAACCAAGGGGGTGAAGGCAAACAGGGCCTCATTTTCCTGAAGGGCCAGTGCCGGTCGAAGGACAGCCGGATCGAACGCTTCTATCCAGCACGTGGCTATTCCTTCCCATGTGGCAGCCAGGATCATGTGGTCCATTGCTATGGTCAGATCCGTTTCGATAGAGTTGTATCCGTCATGGCGCCGTGTCCACGATTGGTCACGTCGGCCGGTAACGAACAGAAGGTGAGGCGCCGAACGGATCCAGTCGGCAGGATAGCAGGGATAGATCTCTTCCAGTTTTTCCGGTGAACTGACAACCTTGAATGTCCATGGCTGGAGGTTTTTTGCCGACGGAGCCATACGGCCGGCATTGAGGATGCGCCCGAGAACTTCTTCGGGAACAGGTTTTTCCCGGATGAAACTTCTCAGGCTCGAGCGGCTGGTGATCAGGTCGTAAAAATCCATATCGTTCAGTTGGTTTTTGCCGGAAGCGGAAGTCTGCCTTCGGCAATGTTTTTAATGGTATCGATATCCGATGGCTTTCCGACAGCAGTCAGCTTCCTGATGGGCTGAATGACTGTCCCGGTTCGTAAACAGGTCATTTTCGGTTCAGGCCTGCTGGATTCCCCCAAAGTCTCTGGAGATACTTTTGAACATCTTGTCGGTTGCGCTCTGCATGATGAACGACATACCGGCATTTGTCATGCTTTTGATAATGCTTTCAGGTATGATGCGGAATGCCGGGTAGAGTGTGAATTTTACGTCGATCTGCAGATCGAAATCGACAAGGGTCCTGGACTGTTCATGAGGCTTGACAATCATTTCCGCAAATGCTCTGCCTTCGAAAATGTAATTGCGGGGATCGTCAACCGTTTCTTCGTGCGGATAGTGGCTCCAGGTGATTTTTCTCCCGATGGTGTGACGATTGATGATCTCATCGGGAAGGGTTTCCGGATCGATTCCCTCATACTCA
NZ_CP020873.1_gap5	149678	151184	1506	TCGTCTTCGCGGGTATTTCCTGTGCTGACAAAGAATGTATCCTGCATGTCACGGGCCGGATGATCAGGAGGAAAGTTCAGCTTGTCGAAGTTATAGGATCCGCACTCAAGTTCAGGTCCTGTCCTGATGCCGAAACCCATGGCCGAAAAAATCTGCTTCATATCCCCGAGAACTTTCTGCACAGGGTGTTCCGTGCCCAGGAACATGGTTCTGCCGGGAAGCGTCGGGTCCTCGGTGCGGGCCGTTTGAGAAACAGCAGAGGATGCCAGTTGAGTACTGGCATCCTCGAATTTCTTTTCAGCAGCTGTTTTCAGTCTGTTCAACAGCTGTCCTGTAGCTGGCCGTTCTTCAGGGGATACATCTTTCAGTTGCTTGAAGAGTGTGGCAACGCTTCCTTTTCTGACAAGAAAGCGAATGCGGAATTCTTCGAGACTTTCCGTATCCGATATCGTGAACTCCCGGATTTCCTGCTCGAGCGACGTAATGCTGTTTTTCATGGGAAAGGCCTGCCGATAACTTAATCCATTGCTGTTTTTACGATCTGGCTGAACGCTGCAGGGTCTTTTACCGCGATTTCGGCCAGTGCCTTGCGATTGATGTCGATATTCTTGTTGTGCATGGCTTCCATAAGTCTTGAATAGGAGGTGCCATTCAGACGGGCAGCAGCGTTGATACGCATAATCCAGAGCGAACGGAATGTTCTTTTTTTGACTCTTCTGTCGCGATAAGCGTACTGTTCAGCCTTGTCTACGGCATGTTTTGCAACAGTGAGAATATTTCCCCGTGAACCCCAGTATCCTTTAGCTTTCTGTAAAATTCTTTTTCGTTTGGCTCGGGACGCAACCGCGTTTTTCGATCTTGGCATCGTAGTATCGTTTACTGTTTATGAAAATTAGGCAAGGATCATCCGTTTGATCTGCTTTTCCTGCGAGCTGTCAACCAGTGCAGACTGGTGCAGGCGACGGGTTCTTTTTCTGTTTTTCTTTTCAAGGTTATGTGAACCATTCATGCGCTCGCGTTTTACCTTTCCTGACGCAGTTTTCTTGAACCGCTTGCATGCGCCGCGGTGTGATTTCATTTTTGGCATGGTCGTATCTTTTGGTTATCGGTAAATAGTAATCAGGAAGGTTCTTCTTCCTTTTTCATCTTGGCCAGCTGGCGCTCGTAGACCTCGATTTTTTTCTTGTCAGGCTCGAAATAGATATAGAGCCGTTTACCCTCGAATTTCGGCTCCCCTTCAGGATTGCTGACATTGCTGAGGCGTTCGGTGAGACGTTCAACCAGCTCAAAGCCTTTGTCTTTGTAGATGATCGAGCGTCCGAGAAACACCACGGTAGCCCTGACCCTGTTGCCTTTACGCAGAAATTCTTCAAGGTGGGCTGCCTTGAAGTCGAAGTCATGCTTGTCGGTGTTCGGGTGGAACCTGAGCTCTTTCAGCTCGGTGGGTTTTGACTTTTTCTTCCGGTCCTTTTCCTTTTTATCAAGCTTGTACTGAAGCTTGCCGTA
NZ_CP020873.1_gap6	195659	197168	1509	GTCGTTTTCCGGTTTTTTTGTTGCTGTTTTGAGGCTTGTTATGAGTGAGCTGAGGCTTGCGTGTGTCAGGTACGTTCCGAGCCTCAATTCACGGCGATATGATCTCTCTCTTTTGTCGGGTCCTCGATCACCGGCAGCCCGAAAAACATTTCTTTGTCGCCAACATATTTAGGAGCAACCACTTTATTCCTGAAATCCTGCCTGATTCTTGCCATCAGTTCCGGGTGAACCGTTACAGAAACAGGATTTTTGACCGTACGGTACCCGAAAAAGATTGCGGCAATGACCTTTTCTCGAAAATAACCGTCACCCACCTCGTACGTTTTTGCCATATTTTCTACCAGTTTGAAATTTTTCTTGTCCCAATGTACGACAAAATAACGTACGTCAGCAATTCTTCCTTCCATAGAGTTACGGTGTTACGGTCAGGCCAGCCAGGGTCCTTTCGATATGCTGAGCAACGTATGATTGCGGTGATACGGCGGGACAGAGGAATTTTACGCAGTGTACTGTGTGGAAGGAAGAAGTGATTTTTCTTTTTTTGCAGAGGAAAATTCCTTAGTGTATAGATAACCCATTCCCCAACAGACAGTTATCGCTATGGAAAATCATTCGCCGGCCAAGCTGATGCTCACGTGTCTCGCTCTGTTGCGTTTTCCTTTTTCCCCCTCTGTGCCATACGAGACACTATGTACTACTACCTTGTCAGTAAGTGCAGGCAGAATGAGACGGAAACTGGTCCCGGCGATGCTGGTATCGTGTTTTCTCTGGTTGCCTTCTTCGAAACTCTTCGCAGAAGAGCCGCTTGTCGTGAGCGACCCTTTCATGGAGATGAAATATGATTACTCTCCGGAGCTTGTCTACGATCTCTATCTCGCCCCCGGCCAGCCTCTTGAAATCATGCTTCAGCCAGGAGAAAATATCGAACACATTGACTTCGAGAAAAACTGTAATCGATGGAGGATAATCAATATTTCCGGAGATATCGGCGGGGTGGAGCGGCACCATCTTCTTGTCAGCACCTATTGTAGCGATGGTGATAAAAAGCCTATGATTGTCAGGACGGACCTGAGGACCTACAGGCTGCTCCTGCATTGTTCACGCGATGCCAGTCTCGGCTCTGTATCATGGGCATACCCCGGAGAGGAATACAATACCTATAACAGCAGACAGCGATCGGCGCGATCAGGATAGCCGGTCTCTGTCTGCCGGGGCATATGCCTGAAGGGCAGGGTGGAGTTGTTCGAACATCAGACGTTAAATGTCGGATGAAACGTCTCTTCCGTTTTTCATTGTCAGTTTCGGGTTCCGTTCCCCGCTGCTTACCGTTGTGAGCCCGTTTTCTCCGGACCTTCCGGGATTGTTGTCAGCCATCGAGAACCATTTTTCAGCCTCGGTCATATCAGGCTGGACTCCTTTGCCGTAACGGTACATCAGACCCAGATTGTACTGGGCATCCGCGAGTCCCTGAAGAGCGGCTTTTCGGTAATGGGTTTCCGCTATCCTGAA
NZ_CP020873.1_gap7	200928	202897	1969	TTTTCATTCCGCAGCATGCTGACTACGGCCTGAAACTCAGCAGGTTCATTGAAACTGTGGTTCTCGATGAGCTGGTTACTGGAATCGTACATCGCTATCCGGCCTTTATGGTTTTTCAGGTCCCAGCGGCTGTAATAGCTTGCGACAAGGATATTTGCCATGGTTTTCCAGGGTTTAGTCGTTCGTAAAGTGTGCCTCCCTGAGAACTGCCCAGTTCCTGGTGGCAGGTTTTCCTGAAGGCAGGATTGTCGATGCAGACAGGCGAGCCCCCTTGAGGTTTGTGTCGAGAAGCTGTGCGCCGGTAAGATCGGTACCTCTGAGATCGGCATCGGACAGATCGGTATTGAACAGGTTTGCATTGTGCATGACGGAATTCTGCAGGTTGCATTCCTGCATACGGGTTCCATGGAACTGTGCACCGGTAAGTTTGGCACCGGTGAGGTTGGCCCCTTTCATGTATGCCCGCTCGAAATCCGCTCCGCTCAGCTCGGCGTTGACAAAGCGAGTGTTTTTCAGGTCGGCGCGTTTCCACGAGGTTCCCGTAAGCACGGCCCCGGTGAAATCCGCATTATCGAGATCAGCTCCGTTCATGACCGAATTCTGCATCGGCAGTCCGCTCATGTTCGCTCCCTCGAGGTCCCGGCCACTGAGGTCTTCCTCATCGAGGACCGGCTCGATGTCTTTCTGGCTGCTGCGCATGTTGTTCCATGATTCTACATCCTGTTCCAGGACTGTCGACGCGGTTTCATCTGTGCCTGCTCTTTCGGCAGTCGGTTCGGGATAGGTGAGCTCGGTATATGTCATGGTTACCGGTTCGCGAAGGTCTTCCTCCATGAAGCGGGCGCCTTTGAGCGAAGCCGAGAGAGGTGTTGCCCGTTTTCCGTCAGGCATGATGGTGTTTTGCGAGAGCAGGGCGTCACGGAAGTCGGCCTGGCCGCTCATTTCAGCATTGTTGAGGTTTGCCCCTCTCAGATCGGCCTCTTTCAGGCTTGTGCCGAACAGCCTCGCTTTTTCGAGAAATGCATTTCTCAGGTCGACGTTATCCAGTACCGCCCAGCGGAGATCTGACATGGCAAGGTTGGCTCCCTGAAACGACGAACCGGACAGGTAGGCGCTTTTCATGTCGCTTCGTGCAAGATCTGTATTTCGAAGGCTCGAGGCTTTCATATCGACCCTTTGCAGACGGGCAAGAAACAGGTTTGCGCCGTCAAGGTCCGTGCCGTTGAGGCGGGCACCGCTCAGGCGCGCTTTCACCATGGAGGCCCCGCTGAGATTCGCTCCGCTGAGGTCGGCATCTTCGAGCTTGGCGTTCGAAAGGTCGACCGTCCTGTCGGGTGCATTTCTTCGCATCTCATTCCATGAAGCTGTTCCCTGAAGCAGGGTTTTCAGGGTCAGGGTGTCGTAGCTGTATGATGTTGACGGGGTTACAGTTCCCAGGAAAAGCAGTGCTGCAAGTGGAAGGTAATGTGGTTTTTTCATCGAAGCCGGCACTTGGAGTTATTGAATGTATGGGCTATTGATGACAATATAGCACACCGGCGCTCTTATGCCTATACCCTGGAGCGTATCAGGATAAAGGATCCTGCGACAATCAGCGTTCCTCCGGCCCATGCAAGCGGCGGTGGAACTTCCTGCCAGAAGAGGTATCCATAGAGGATTGAAAAAATGATCGATGCGTAGCTTGCGGCAGCTACCACAGGCGCATGGTCCATGCGGTAGGCAAGTGTCATAAGGTACTGGCCTGCAGTGGAAAACAGCGCTATGGCACCCAGAAGAAGCCAGAGGTCGGCTCGAGGCATGACGAATTGAGGGGCCGTCCATATGGAACTGAGGAGTGCCGATACCATGAAGAAGTTTGTGACGATTGTCAGCGGTTCGTCGGTCCGGTTGAGTTTTCTTACGAGAAGATGAGCCATGGCCGATGCGCTTGCCGCGCCGATGCTTGCCCAGACGGCCGGCAGCCAGCCGA
NZ_CP020873.1_gap8	225378	229463	4085	TCAGGGAGGGATGATCCCCTCCCTTTTGTGTTAAATCGGATTTTTTTTGTAAATTCATCTCTCATGTCCTTTACAAGGCAAAAGGCATTCCTTCGGTTTTTACCGGTTTTATTATCAGTACATGCGAACGCTTATCATCAGGTAGAGGATAGTTACACCCTTTTTTAACCCAGAGGTTTACCATATGGATCAGTTAGTCAAACTCCGGACATTACCCGTTTCTGCACTGATGCAGAAGGATTTTCACACTATCAAAGGCAGTTGCACGGTGGCCGAGGCGTTGCAGCTGATGAAAAAAAACAACGAGAGTGGTCTGATCGTCGAGCCTCGTAACGAGGACGACTGCTATGGTATCATTACCGAAAAAGATATTCTCGAGAAAGTTATCGATCCGGGAGAAGATGTACATCGTGATCCATGGAACACGCCTGTGTTCCAGATTATGAGCAAGCCGATCATCAGTATCAATCCGGGGCTCAGAATCAAATACGCACTGCGTCTCATGAAACGCACCAATGTCAGGCGACTTACCGTCATGGACAGCAACAAGGTGGTCGGGGTACTGAATATGACCGATGTCCTCCATGCGGTCGAGGAGCTCCCCGCACACGACGACCATGTAGCATTATAGCCTTCCCCGGTTATTGACGTTATTCTTCGTTATTACCGTATTTGAGATTCATAGAAAGCCGGGCCTGCCAGCAGAGCAGGCCCCCGGCATAACACCGGAAGCTGCCCGCCGGCAGTTTCCTCAATGAGATTAGAGTGTATGAAGCCATTTGATATAGTTGTTGTCGGCGGAGGTGGCGCCGGGTTATATGCGGCCATGGAGGCTATGAAAACCAATCCTTCGCTGAATATCGCGGTACTTTCAAAAGTATATCCCAACCGTTCTCACACCTCCGCTGCCCAGGGGGGGCAAACGCTGCCCTTGCCAACAAGGCAAAGGATGATACTGTCGAGATGCATGTTTTCGACACGATCAAGGGAAGCGATTATCTTGCCGATCAGGATGCTGCCGAAGTTCTGTGTTCCGAAGCGCCGAAGATTATCAGGGAACTTGACAATATCGGTACGCCGTGGTCGAGGATGGATGACAACACCATCGCCCAGAGGCCTTTCGGCGGCGCCGGTCGGCCTCGCTGCTGTTACTGTGCAGACAAGACCGGACATACCATTTTGCAGACACTCTACGAACAGTGCCTGAGAAAAGGGGTCTTTTTCTTCAACGAGTATTTCGTTCTCAGCCTCTCTGTCGACGACAGTCGTATGAAGGGCCTCATTGCCATGAATATGCGGACCGGCAAAATCGAGGCTTTCCGTGCCCGGACCGTGATTTTCGCGACCGGCGGTTATGCGAAAATGTACTGGAATCGTTCGAGCAACGCAGCTGGTAACAGCGGTGACGGCCAGGCCATTGCCTACAGGGCAGGTATTCCTCTCAAGGATATGGAGTTCGTGCAGTTCCACCCGACCGGCCTGAGAAAGAGCGGCCTGCTTGTTACAGAAGGTGCACGTGGTGAGGGAGGCTACCTTATCAATATCAAGGGGGAGCGTTTTATGAATCGTTACGCTCCGGAAAAAATGGAACTCGGGCCGAGGGACCTTGTATCTCGCTCTATCGAAACCGAGATCCTCGAGGGACGGGGTTTCGACAGTCCGGCTGGCCAGTACATCAATCTCGACCTGACCCATCTGGGGGCAGACCTGATCAAGTCAAGACTCCCCCAGATCCGTGAGATGTCGATGTATTTCGAGGGGGTAGACCCGATCGAAGAGCCGATCCCCATCAGGCCGACGGCTCATTACTCCATGGGCGGGATCGATACCGATATCTACGGTCGTACCCCAATGGATGGTGTCTACGCTGCAGGGGAAGCTGCCTGTGTTTCCGTGCACGGGGCAAACCGACTCGGCGGCAATTCGCTGCTCGAAATCCTCGTGTTCGGCAGGATCGCCGGCCATACAGCTGCTGAAGAGGCAGGACGGTTCGATCCTGGCGAGATTTCCCGCCAGGAGCTCGAGGCCAGTGAGCACGAGCTCAGGGAGTTTATGAAGCCTTCAGGCCACTATGAACGTTATGGTGCGCTTCGTGAAGAACTTGGCCAGACGCTGGCTGTAAATGTGGGGATCTTCCGTGAGGCGCCGAAAATCGAAAAAGGTATCGCCGATGTCAGGGAACTCAAGGAACGCTTCCGCCATGTGCGCGTTTTCGATACCAGTGATGTGTTCAATACCAACCTGATACAGGTGCTGGAACTTCAGAATATGCTCGATCTGGCTGAAACGGTCGCTCTGGGTGCATATGCGCGCGAGGAAAGCCGTGGATCACATACAAGGACCGATTTCCCGAAACGGGATGACGAGAACTGGCACAAGCATACGCTGTGTACCTGGGAAAACGGTAAAGCGGTTCTTGGTGAAAAGCCGGTTACCATGGGCAAGTATGAACTTCAGGAAAGAACTTATTAATTCACGAAGACCGAGCTATGGGAGAGCATAAAGAAGAAATGAGGGATGTGACGTTCCGGGTCCTCCGGTTCAATCCCCAGGTAGATAACAAGCCTTATTTCGATGATTACACCATTCCTGTCGAGAAAGGTATCACCGTCCTCAGGGCACTGAATTATATCAAGGAGCATGTCGATCCGACCGTAAGTTTCAGGGCATTCTGCCAGGCCGGTATCTGCGGTTCCTGCGGCATGAGGATCAACGGTATTTCCAAGCTTGGCTGTACCACACAGGTATGGGACGAGCTCGAGAAGTGCAAGGTCCCCAATGTGATAAAGGTCGAGCCGTTACGCAACATGCCTCATATCAAGGACCTCATTGTCGACATGGACCCGATGGTCGAGAAAATGAAGAAATACTCCAACTGGGTGGAGTCGACCATGCCTGAAAGCAGGATGGGCGAGAAGGAGTTTCTTATCGCCGAAGAGGAGTTTCAGGAATATGACAAGGCTACAGACTGTATTCTCTGTGCATCATGTATGTCGGAGTGTTCGATCCTCAGGGCCAACAAGGAATACGTTGCACCCGCTATTCTGCTGAAATCGCACCGAATGAATGTCGACAGCCGCGACGGCAGTCATGACAGACGTATGTCGGAACTGGTGAAAGATCATGGGGTATGGGACTGCACCCATTGTTATCGCTGCCAGGAAACCTGTGTGAAAAGCATACCCATTATGGATGCAATTCATGGTATTCGCGAGGATGCGATGGTGACCAGGGGTGCAAAGGATACAAGCGGTGCCCGCCATGCAGAAGCATTTATGGAGGATATCGCCAAAAAGGGCAAGCTTGTCGAAGCTACGCTTCCGATACGTACAAACGGTATAGGCTGGACATTGAAAAACCTGCTGCCGATGGCCTTCAAAATGGTAATGAAACGCAGGACCCCTCCGCCTCCGCCGCTCGTGAAATCATCGAAAGGCATCAAGAAATTCCGCGAGGAGTTTTCAGAGATGTCCGGCAGGGTAAAAGGAGAGCAGAAGGATCATAAAAAATAAATCGGGAGAATAGTGGTATGAAGCGATATGCATACTACCTCAGTTGTATCAACGAGGCCATGACCAAGGAAGTCGACCGTTCGCTCGATCTCTGGCAGAAAGATCTCGGGGTTGAATTTGTGAAAATGCACGAGAGCGTCTGCTGTGGCGGAAGCAACCTTGATTATGTCAGCCCGAAACATTTTGCTCTTGTCAACGCAAGAAATATTGCATATGCAGAAAAGCTGGGCATGGATCTCGTGACATCCTGCAATACCTGTCTGTTGACGATCAGAAGCGCCAAGAAAAAACTTGACGAATCCCAGGCGCTGCGTGACGAGGTGAATGATGTTCTGAGGAAAGAGGGCCTTGAATACAAAGGGACATCGGATGTACGTCATCTGTTATGGGTGCTTGTCGATGACGTGGGGATTGAAGAGATCAGGAGTAAGGTCAAGGTGCCTCTGGAAAATTACAGGATCGCCCCGTTTTACGGTTGTCATATCCTGCGACCGTCAACCATTCTTGGCAAAGACAATCCACTCGAACCATCGTCGCTCGACCAGTTGATCGAAGCTCTTGGGGGGCGTACGA
NZ_CP020873.1_gap9	231920	233113	1193	TTTTCAGCGGCTTGATCTTGTAGGTCAGCACTGGTCTGAGGGCCTGTTCAGAAATATTTTCGGCAATACTTCCCGAAACAAGGTGTGACAGTCCGGTTTTTCCGTGTGTGGGAACACAGATCATATCTGCCTTGCAGTCCGCGGCAAAATTGAGGATCCCTTCTTCCTCGCTGTCGTCATTGTAGATATTGATGGTATAGTTTGCCAGCTTCTGTTCCTCTGCAAACCTTTCCATGAGCTGGCGGCTGTAGCGGGTTGTTTCAAAGTGGCTTCTTGTGTTGACTTTCAGGAGGTGGACGGTAGCGGAATAGAGGTCTGCAAAACGTTGCATGGCCTTGAAGCCTTCGGCGATTTCACCATAGAAGTTCGAACCGAAGACGATCGAAGATGGCGAAAAATAGCTGAGAGGCTCCTTGATGGTGAGCACGAGTCCCGAGGCGTTCTGTATTACTTTTTCTGTTGTCGATCCGATCAGAAACCTGTCAATTCCTTTTTTGCCGTGTGAACCGATAACAATCAGGTCCGAACCTTCTGCCTGTGCTTTTCTTGTTATCTGTTCGTAGGGTGAACCGGCCTCTATGGAGTAGGTCGTCTCTATATCCCTGCAGCGATCATCGTCGACAAGGGATTTCAGGCGTTCCTCGATTTTCTCGAGAATGTTCATGTCACCCAGGCTTTGGAAGGCCATGATATCGGTGATTTCCGGATAGTCCGGAGATTCGATCACGTGGTAGAGATGCAGGCTTGCCCCGCTTTTGCGGGCAATGCCGAGAGCGACATCAAGTGCGCTGTCTGACTGCTGTGAGAAATCGGTCGGCACCAGAATGCGGTTCATGATAGACCCGTTGTTGTCGTTGCGCAAAATTGTTTTATGTAGAAAAGTATGAAAAATGAGTGACATAGGCCCAAGAAAACAGAGGCCCCTGGATTTTTATGTATATTATGTCGATATATAACGAATAATGATCCGGTATTCTCTATGTCTTCAGCACAGGATGCCCAGCGGCTTGACGAGTATGTACATTCAGTTCTGAGTTTCAGTGCCCGTCTTCAGCAGCAGGTTGCCGATGCCGAGCACGGTACGATTGTGGATATGGCCAGTCTGGTCGCCGGGGTTTTCGAAAAAGGCGGGAAAATGCTGTTGTGTGGCAATGGCGGCAGTGCGGCCGATGCCCAGCACCTGGCAACCGAAC
NZ_CP020873.1_gap10	265567	266599	1032	CATTCCATTCCATGCCAGAGAACGTTGTCAGGGAGATGGTGTTCGTGAATATGTTCGCCGTTACAGAACTGACCCGGCTGTTTCTGCCTGATATGATTCAGCAGCGGAGGGGGTCGGTCATCACGGTAGCATCGATGGCAGGCCTGCAGGGCGTTGCCGGTCTGTCTCTCTATGCAGCAACCAAGTCTTTTCTTCTGACATTCAGTGAAGCTCTTCATGCCGAGTACAGTGGAAAAGGAATACGTGCACTTGTCGTATGCCCCGGTTATATCATGACATCCTTTCACCGGAGGGCGGGCCAGGACCTTTCGAGAAGTCTGCTCCCGGTTTCTGCCCCGGAGGTGGTCGTACGTGCGGTATTCAGGGGCCTCCGCCATAACAGGGTGAGAGTCTATCCCTGTGCATCAGACTATATGCTTGCGTTTCTGCAGCGTTTCACTCCCAGAAAACTGGTCCTGAAAATCGCAGCCAGGCTTGCCCCGTTGTAGGTGATAGGGAGATTTTTTTGAGAAGAGTGTGTTTTTCCTTTGGAATTGTTGAGAATTGAGATATATTACTTGCCCTGTTTTTTGATAGTGTTGCTGGTGTAGCTCAATTGGTAGAGCAGCTGATTTGTAATCAGCAGGTTGCGGGTTCGAGTCCCATCGCCAGCTCAGGTCTAAACAAACCGATGGGTAGGTAGCGAAGCGGTCAAACGCAACAGACTGTAAATCTGTCGACATATGTCTTCGGAGGTTCGAATCCTTCCCTACCCACTCGATAAGGCTGATGTAGCTCAGTCGGTAGAGCACTTCCTTGGTAAGGAAGAGGTCACCGGTTCAAGTCCGGTCATCAGCTCACAATATAGGTGCGATTGTAATAAACGTCAGTAGCTTAATTGGTAGAGCAGCGGTCTCCAAAACCGCAGGTTGGGGGTTCGAGTCCCTCCTGACGTGCCGGTTACAGGAGTAACCAGAGTCACACAGAATAACGGCAGAATATCCCGGGTTTCCATATGAAGGCATATCTCGACAAAGTCTCCAGGTATTATCA
NZ_CP020873.1_gap11	268037	269557	1520	CGTCATGCGGATCAGGTCGTTCGTGGAACCGTTATGCTACCTCACGGTACGGGTAAGACTGTGTCTGTGCTCGTGATCTGCAGTCCTGCCAAGGCGGCTGAAGCTGAAGAGGCTGGTGCTGATTTTGTCGGTTTCGAAGATTATATCGAGAAAATTCAGGGGGGTTGGACCGATGTCGATGTTATTATCGCCACTCCCGATGTGATGGGGAAGCTTGGGCGCGTCGGTAAAATCCTCGGGCCTCGTGGTCTGATGCCGAACCCCAAGTCGGGAACGGTTACAATGGATGTCGCAAAAGCGGTACAGGAAGTGAAGGCCGGCAAGATCGAGTTCCGTGTCGACAAGGCAGGTAACGTTCATGCGCCTGTAGGGAAAATTTCATTTGATGCAGAAAAGCTGGTTGAGAATATCAACAGTTTCGTTAAGGAAGTTGTCCGGCTCAAACCTTCTGCGGCCAAAGGACAGTACCTGCTGGGAATGTCGGTGTCAAGCACAATGTCTCCCGGCATCAAGGTCAGGAAGGAAAAGTTTGTAGCCTAACATAAACGGTTTTTATGATGAAGCGAGAGAAAAAAGAGCAGGTCGTCCAGCATGTGGCAGAAAAGCTCGAGAAAGCACAGGGTATTTATCTGACTGAATTCCAGGGTCTCGATGTGGCCCAGATGGCTGAATTGAGGGCTGAGTTCCGCAAGGCAGGCGTGGAGTACAAGGTGGTGAAAAATACTCTTGTGCGAAAAGCACTTGAAAATGTAGCTGGTGGGGATAAACTTGCCGAGGGTCTGGTCAATACAACCGGCCTGGCAATCGGCTATGATGATCCTGTCGTACCTGCGAAAATAATTGAGAAGTTCGGTAAGAAGAATGAGAGTCTCAAGTTCAAGATGGCAGCTATCGAAGGTGCTGTTTTTGAGGCGGACAAACTTTCCGAACTGGCGAAAATGCTGAGCAAAACCGAGAATATCGGCAGAGTAGCAGGTCTTGTCAACAGTGTGGTTGCATCCGTGCCTATGGTAGTCAACGCAGTGATGAGGGATCTTGTGTCGGTTATCGACCAGGTTGCAAAGCAGAAGCAGTAGCAGAACCTATTACGCACTCGAATTTTATACTTTTTAACAAAACAAGAGAGGAAGATAATGGCAACTATTGAAGCACTTGTAGAGGAAATTGGTAAGTTGTCGCTTACTGAAGCTTCAGAATTGGTGAAAGCACTGGAAGATAAGTTTGGTGTGAGTGCTGCCCCGGCAGTCGTTGCTGGTGGCATGATGGCTGCACCTGCAGGTGAAGCAGCAGCCCAGGAAGAAAAAACCGAGTTCGATGTCGAGCTTAAAGCAGCTGGCGCAAACAAGATCAATGTGATCAAGGTCGTTCGTTCGATCACCGGTCTTGGCCTGAAAGAAGCCAAAGAGCTTGTCGATGGCGCACCGAAAGTCGTCAAAGAGGCTGTATCCAAGGATGAAGCAGAAAAGATTGCCAAAGAACTCAAAGACGCTGGCGCCGAAGTTGAGTTGAAGTGATCGTTT
NZ_CP020873.1_gap12	377263	381813	4550	GAACGGGCGGATGCGTTTTCCTTTTCCTTCCAGGATGTAACGCGCCGGGGCGTAAAGCGTTTCGGGACTGCTTTTCGTAAAGCATCTTTCCAGAGCGGTATTGATTCGCTGATGATAAGCTTTATAGCGTTCTTCTACCTGTTCCTGTGTTACACTGATATTCATTGCGAATTATCCTTGTTTGAGAAAAGTCCTTGTTTTGCGGAGTTCATCGATGGTTGCCGAACCTGTCAGGAACATGGCTGCCTTCAGGTCATTCATCCATGTGAGTATTGTTTCTTCGAGACGCTCCTGGTGGAGCGCTTTGAGCAGCGCCCCTGCCGAGGCGGCAAGGTCGGCTCCGAGGGCGATTGCCTTGGCGATATCGATACCGTTGCGGATCCCTCCCGAAGCGATAACCGTCATATCTTTGCACGAGGGATCGGTGTGTTTCAGTCCGGCAATGTCCACAAGACAGCGGGCTGTAGGAATTCCCCAATCGAGCAGTTCATCGATGGCTCCGGGACTGAAACGGGTATCTTCCCCGAACTGACGCAGGTAACGTACCTCCTCGACCTTCTGCCAGCTCAGGCCGCCGGCACCTGCCACGTCAATGATCGTGACACCTGCTTCGACCAGGCGCCGGGCTGCAGAGGCTGAAATGCCACAGCCAACCTCTTTGGCAACGACGGGGACCTCGAGCATGCGGGTTATGCGCCTGAGTTCGTCGAGCAGGTTGCGGAACATGGTACTGCCTTCAGGCTGGAAGAGCTCCTGTGCAGGATTGAGATGTACGATCAGGGCGTCAGCATCGATGATGTCGGTGAGCAGCATAAGTTCCTCCCGGCTCAGGCCCCGGGCGACTTCAGGGGCCCCGATATTGGCAAGCACCGGTACCGAAGGGGCCATGCTGCGCACGATACTGAATGTTTCACGGTAGTCACTGTTTTCAAGTGCCTGGCGCATGCTGCCCACGCCAAGGGGGATCTGCAGTCGTTCGGCTGTTTCAGCTATGGTTCTGTTCAGGCGTCCGGCCTCTTCGTAGCCGCCGGTCATCGAGGAGATCATCAGGGGGTAGCCGATCCTGCGACCGAGAAACGTTGTCGACAGGTCGATTTCGTCGAAATTGATCTCGGGGACGGCATTGTGTTCAAGTTCGATCCGGTCAAACCCTGCGGATTTTCCACTGAACCCTACGTCTGCATGCAGGCAGATCTCTACGTGACTGTGTTTCCGCGTTACGGTCTGGTTTTCTGTGTTGTTCATCAGGCCTCGAGGCAGCTCAATGTTCAGAGTTGTTGTACCGATGTGTAAAATGTACAATTTACGCAGTATATCGCAATAATCTTTTTATTAGTATAGGAAGCCCAATGTCACAGGATTGATATATTCCAGCTAAGAGCTAACGACTAACGATTGACGACCCTATGATCGGAACGCTGTGGATGATCGCGCTTCGTCATCTTACCGGAAGGAAGCGCCAGACACTGACGACGCTGACCGGTGTTGCCGTCAGTACGATGGTACTGATCACAACGTTGTCACTGACAAGGGGGCTGCTTGATTCTTTTGTCGAGACGATTGTCGACGTCGCCCCCCATATCACGCTGAAAGGTGAGCCTGTTACACCGGCAAGGATCGACCTCCTGACCGAGCATTCACTCGGACGCCATGCGTTTATCGAAGAGAATGTCACGAAAGAGGAGCGGGACGAGGTGCGCAATTATCGCCAGGTGCTTGAGATTGTTCGTTCTCCCGATGCCGGGGGAGGTGTTCTGGCTGCATCGGAATATGTCGAGTCGCAGGTGATGGTCATTAACGGTAACCGGAATGAACCGCTCTTGTTCAAAGGGGTTGAAATAGAGCGCGAGGACAGGATCAGCCGGATCTCTTCATCTCTTGTTTCCGGTTCTATCGAAACATTTTCAAAAACATCCGGAGCATTGCTGGTCGGCAGGACGGTTGCAGACGACCTGGAGATTGCTCTGAACGATGAGGTCACGGTGGTCCCGGCTTCAGGGCCTTCACGGCAGTGCAAGGTTGCCGGGATTTTTTTTACCGGTGTCAATGCACTCGATAACACGGTGCTTGTCAAACTGCGTTTTGCACAGCAGCTCGAGGGTCTTGCGGCAGATAAAGTCAGTGGAATAGCACTGAAAGTGGCAGATCCCATGAATACAGCCGCTCTTGCCATGCAGCTTCAGCGAAGCACGGGATACAGGAGCGTAAGCTGGCAGGAGGAAAACGCGAGCATTCTTTCTCTGTTCAACCGCATCGGTTCCATCGTGCTTTCTCTGGTGGGATTTGTCGGAATTGTATCGGGTTTCGGGGTTGCAAATATTCTCGTAACCACCATTTTTGAAAAAAGCAGGGATATCGCCATTCTCAAGTCATACGGTTTTTCTTCTGCATCCATGATCGGGGTATTCGTGCTCGAAGGATTTCTTGTGGGGTTTGCAGGTGCTCTTTTCGGGGCGGTGCTTGCTACAGGCTCCATTGGATTTCTCGAAAATATTCCGGTTGAATCTTCCCAGGGGCCATTGACAAAAAGCGGCTTCAGCATGTCGTGGAACCCACTGTATTTTCTTCTTGTCATTTTTGTGACCAGCCTTATAAGTACTGTCGCTGCAGCAATTCCAGCCCTGAAAGCTGCCAGGATGGAGCCTGTAGTGGTCCTGAGGGACAGCAGTTTGTAGCTTTTGCTTATATTCTCCCGTGATTGCGAATTTTTCATGATTAAATCCGTGCTTCGATGAGCTTGATGATCAGTGTTTCGGGTATTCGCGGCATTGTCGGTGAAAGCCTGACGCCAAGGGTACTTTCTTCGTTTGCCCAGGCTTTTGCGACCTGGATACGACGCCGTGACGGTTTCCGGGATCGCCAGCCCCTGGTGGTGATAGGTCGTGACAGCAGGCCGACGGGAAAGGCAATTTCCGGTTTTGTCAGCAATGCCCTTGCGCTGTGTGGCTGCAGGGTGCTCGATCTCGGGCTTGCCACAACACCGACCGTTGAAATTGCCACGGCAGAAGAACATGCCGATGGCGGGATAATTATCACGGCATCTCACAATCCGGTGGAATGGAATGCTCTGAAACTGCTCGATGCGAAGGGTGAGTTTCTCGACGAGGCAGCCCTTGAAGAGCTGCTCTGCATTCTTCGCGATGACGACTACGATCTCGCCCGCTGGGAGAGTATCGGCGAGTGCCGGGAGTGCAGTGCATATGACGGGTTTCATATCCGTAAGGTTACCGGTCTGTCCTGTATCGATACCTCCCGGATCGCTCGTCAGTGCTACAGCGTACTGGTCGATGCCGTCGAAGGGGCAGGTTCTGTTGTCGTGCCCGATCTCTGCCATGCATTGGGCATAGAGCAGGTAGAAACAGTTGCCTGCGGCGGAAGCGGTATTTTTCCACGTAACCCCGAGCCGGTGGCGGAGAATCTTGCCGACACCATGCAGGCAATCAGGGACCGGAAATGTGATTTCGGGATCATTGTCGATCCCGATGCGGACCGTCTGGCCCTGGTATGTGAAGATGGTTCTCTTTTCGGGGAGGAATACACCCTTGTTGCCTGTGCTGATTTTTATCTTCGTTACCATTCCGGACCTGTCGTCAATAACCTTTCCAGCAGCCGTGCTCTCAGGGATATCGCCCTGAAGCACGGGGTCGAGTGCCACAGCGCGAAGGTGGGGGAGGCCAATGTCAGTGCCGTGATGAAATCGTCAGGTGCCGTCATAGGAGGCGAAGGCAATGGCGGAGTGATCCTCCCCGAACTGCATTATGGCAGGGATGCGCTGATCGGCATCGGGCTTTTTGTGCAGGCATTTACCGAATGGCGGGAACGTGTTGCTCCTGGTGGTTCGCTGTCCGCTTTCCGAGACCAGTTTCCGGCTTACGTGATGGTGAAAAGAAAAGTGGAACTGGCATCACGACCGGAGAGTTTTTCTCCCTTGTTCGACCGGCTTGCCGGGCTGTATCCCGAAGCCGTGGTTTCGCGGCAGGACGGCCTGAAGCTTGATTTCGACACGTCCTGGGTGCACGTCCGTCCGTCGAATACAGAGCCGGTATTGCGCATCTACACTGAAGCCGTTACCGAAGATGATGCCGTGAAGCTGGCTGAACGGGTGATACAAGAGATTGAAGAAGCTTAGAGTGATAACGGCAGTATTGAATCCGACATGACGAATAACGGCAACAGGCAGAGACAGGGATTCCAGCAACAGAAAGATGATACGCTCAACCGCGGCAGGAAGGGGTCGGTAGATACCTACATCATCAAGCGCCTGCTCGAATATATCAAGCCCTACAAGGGATTGCTCGCAGCAGCTGTGCTGATTACCATTGCAGGTGCCGGGCTGGGGCCGCTGAGGCCGTATCTCACCAAGATCGCCATCGATGATTACATTACGCCCGGCAATATCCCCGGGCTGGGCGGCGTGAGCCTGCTCCTGCTTGCGGTGATCCTGCTCGACGGGCTGAAGCAGTTTGCGGCCACCTACCTGACCCAGCTGCTCGGGCAGAAAGCTGTGCTGAACCTGCGTATGGATATTTTTTCCCGTTTGCAGAACCTGT
NZ_CP020873.1_gap13	402313	406557	4244	TGGCGTGGAACGCGATCCTTCCTGATCCGGGGGAGGAGTCCATTGTATGATTGACAAGTTACGCCTGCTTGCCAAAGATACGGTGATCTACGGGGCAAGTACCATACTTGCCCGTGGGTTGAACTATGTTCTTGTCCCTCTCTATGCCAATCTTCTCACAACATTCGAGAACGGTATTCATACCCTTGTCTATGCCAATATCGCGTTAGCCAACGTGCTCTTTGCCTATGGTATGGAAACCGCCTATCTCAAAAGCGGTTCGGACGCTTTGCGGACGAAAGGGGATTCCGGGGGATATTTTTCTACTGCCCTGTTTTCTCTTCTTCTTACCTCTACGCTCTTTGCTGCAGCTATTGTGCTGTTTGCCCCGTGGATTGCCGTGACAATCGGGCTCGGTCCAGGACAGCAGGAGTTTATCCGCTATGCAGCCGTTATCCTGTGGATCGATGCTTTGCTTGTCGTGCCGTTTGCGGATTTGCGCCTGCAACGCAAAGCCGTGCGTTTTGCCGTGGCGAAGGTGGCCGGTGTCGTGGTGGTCGTTGTCACGGCCCTCGTGCTGATCGTTGGACTGGGGGCAGGCCTTGAAGGCGCTTTCCTGGCTAATATAGCAGGATCCCTTGTCAGCCTTCTTCTTGTTCTCCCGTCATTGCAGAAACTGAAACGTTTTTTCTCCGGCGGCATGCTCCGCGAAATGCTCGGTATCGGGCTGCCCTACGTTCCTACAGGCATAGCCGGCCTTCTGATCCATCTTATCGATCGTAACCTGCTGATACGTATGCCTCAGGAGTCGATCGACCGGATCTATGGTACAGGATACACGGCTTCGGATATCGTGGGTATTTATGGCAGGGTGGCGGCGTTCGGGATTGTTCTTCAGCTGTTCATACAGGTATTCCGGTTTGCATGGCAGCCGTTTTTCCTGCAGCACGCAGATGATCCTGAAGCGGGAAAGCTGTTCCGTCATGTGCTGAGCATCTCTTCGGTCGGTACCATGGTGATCGCTCTTGCGGCGACGTTTTTTGTGCCGGACCTGGTGCAGTACCGGTTTGCCGGGAGCTTTTATCTTCTCCCCCCTCCATACTGGATGGGCTTGAGCATTCTCCCCTGGATTTTTGCCAGCTATGTGTTCGACATGATTTCCACAAACCTGTCGGCAGGAATACTTATTACGGCCAGTACCCGTTACCTGCCTGTCGTGACGTTTTCCGGAGCGGCTGTAACGGCTACGGTCTGCTGGTTGCTCATTCCCGTGTACGGAATGGATGGTGCAGGTATCGGGATTCTCTGCGGTACGGTCGTCATGTGTGCGGTGATGGCGTGGTTTTCCCTGCGGGTGTACCCCAACCGTTACGACTGGGGGCGGCTGTCTCTCCTGTTCGCTGCCGCGCTGATCTTTGTGTTTCTGCCGGTCCTTTTTGCCCCTGCGGGCCCCGTTTTCGAACTTCTGCTTGTGATGGCCTATCTTCTTATTGTCGGGGTGGTGTTCCGGCGCGAGGCGTTGTATGTGCTCAGGCGTATCAGAAAACGTTAGCGCCTCCGGCCCTCTCCTCTGCCGCTGCCTGACGAGGGGCGTGATTCGATGCCGAGACCTGAAAAGACCTGCTCTGCCGTTGTGTTGTTGTCCTCTGCAATGCTTTCCAGTGTCTGGTCGATTGACCGTATGTCGAGTCCCTGCCGCTCCAGTTTTTCCTTCAGTATATCCGGCGTTGTTTCGGGAGCGAATCTCGTGGAGATGTCACGCAGGGTAAACCGTTCAGTGTGAGGTACCGGCGGTTGCTGTTCGGCCTGTTCCCACGAATCGGTAAGATTGTCTCCCAGGCTGATGACCAGGGAAAAAGGTGGTAGCTTGTAATATGTTCCGAAGCCTGTCAGGAGAACGACCAGAAGAATGGTTGCAGTTTCAGCCGGTTTACTCAGCCCTGCCCCGGTTTTCGAACGCAGGTAGGACCAGAAAGCTTTCCAGTTGACAGAGAACAGGTGAAACACGGACAGGATCGCGAAGAGCAGGCTGAACAGGGTATGCTGGTGCTGCCACTCTGTCTTGGTCAGGCCGAGGATGTTCCAGCCTGTCCAGTTGGCGACCCTTCCTGCCGGTGCCAGGTAGAGCACGATTCCCGAGACGAGAATCATAAAAAACGACAGGAACAGGCCTATGCTGATCCATGCTCTCCAGCTGAATGATTTCTGTTTCATTGCGGGTTTTCTGCGCTTGTGGTTTCAGAATCGGTCGTATCGGCAGGCTCTGAGGTGATTTTTTTTACCGTAATACGCGGCCTGATCGTGATGCTTTCGAGAATGGTTCTCAGCGAGTCTTGCTGCTCTGGTGTGCAGACGGCGGCAAGGCTGTGAAAATGCCATGCAAGGCGACGCTCGAGAATAGCCTGGTTTTTCCCGATCCGTTCGGCGAGTGCATTGATGGTTTCGATGTCCGGAGTTTCCTTGAACGCTTCGTCGATCAGCTGTTTTTTCTGTGCAGCGATATGGATGAACACCGGTATGGAGCCCCTGAAGTGTTCTTTCCTGAGGGCATTGAACCTGCGGTTCTGCTCGTCGCTGAGCCGCAGTTCCTCCTGGAAAAAAGTTTTCCTGCTGGTACGGTCTTGCTGCACTTCCTTCTCTGGCTGATAGAAGTTCTGCCACAGAAGAAAACCAAGAAGCGCAAGGTTAAGAACGACCAGGAGCGCCAGAATGACTGAAATAAGACGCTTGGATGAAAACAGGTCCATCAGTACTGATTTTTCGTTGCTTGATTACAGATGCCGGCTGATCGATGTACGAACACCTGACCTGTCATTCACTGGCGAGTTCCTCATTACCGCGATCGATATAATACGAAAGCGCAGGGCTGCTGTACTCGCTGCTGAGGCTGGCAATGACCTCGTCTTTGTCGACAGCCCGGTTCCCACCGGCAGACTGCATGACAAGAAATGCCGAGCCTGCATTGACTGCCAGAAGCAGGGCCATCAGGGCCATTTTCACTCCGTGACGTGCATTGAACGGAAGCCGGTGGAGTGAACTGTTTTCTTCATCGATCCTTTTCATCACCCTGGCCCGGAAGAGATGATGCGGCTCGATATGGTCAAGGCTGTCGAGCAGGCCGAGTGTTGTGCGGACATCCTGTTCTGCGCTGTCTCTGTTGTGTTGCTTCATTGCGGTCATTTTTGTTGCTGTTTCGTCGATATGACGCCAACCGTTTCTGTCGCTTGCGTTTCGATGCTGCAAGCCTGCATTACCGGTTACGGTAATGTTTTTCAAGTTTTTTCTGAAGATTTTTTTTTGCCCGGTGTATAAGCGATTCTACTGCCGGAACTGTCGTTGCCATGATCTCTGCGATTTCCTGGTTGCCGTACCCGTCGTACTTGCTGAGCAGAAAAGCGGTTTTCTGGTTGTCCGGAAGGCTTTCCAGGGCGTTTTCCAGTACCGTGAGCCGTTCCTGCTCCAGCATGGTTTCGTCAGGGGTATCATGGTCTGGAAGAGATATCTCCTGAATGGGATCGTTCCTTCCGATCACACGTTTGAGAGAGGAAAACCGTTTTTTCCTTTTTTTTCTGCGGAGAAAATCAAGGGATTTCGTGACGGCTATCCGGTAGAGCCATGTCGATATTTTTGCATCTCCGCGAAAGTTCTCAAGTGAACGGTATGCTTCGATAAACACCTCCTGTGCTATATCCTCGGCATCTTCTTTATTCAATACGAACCGGTAACAGGTATTGATGACCATAGACTGGTGTTCTGCGACGAGATCTGAAAAGGTCTCTTCCAGGCTTGTCCGTCCGCTTGTAGGAAATGTCATGTTCTTGATATGGACAGATAGAGAACTGTGACAGGCTTCATGCATGATACAAACTTCACGGCTAAATTCAGAACATGTCTTGTTGTGTGCAGATTACCGGTTCAGATAACTTTGACGTTATCTGGCTTCAGTTCTTGCACCTTGATATCTGTGCGGTTTTTTTCCTGCCAGGAGTATCAGTTTCCAGGACACGGATTTTACGGTATCGCTACATCTCCAGAGCGATCGCAGCTCATCCTGTATCCGTTCGACCGGATTTTCGCCGGTGGATTTTCTGAAGGCTGCCGATGCGGACCACGATTCGAGATAACCCTCGAGATCAGCGAGGGTCCATGCTGCAGTCATGGTGAATCCTGGTGTCGGGATGGGTTCGAAGGGGAAGGGGAGTGTGCTGTAGCTGTTCTGGATATGACGGACCTCGGGTTCCCACCATGTTCCGAGTATATCGCCA
NZ_CP020873.1_gap14	414075	419006	4931	GCGTGATCACGTTCTCCGTAAGAGGAGTTGAACGGCCTCGTCGTTCCGGACGGCGGTTCTCCGTTAAGGTAACGGCTTATGGCTGCCGCAGCCTTTCTTCCCTGGCCGACAGCCGTGACAGCAATGCCTGCACCGGTAACGCAGTCCCCGCCTGCGAATATCCATGGATTTGAAGTCTGAAAGGATTCCGGATCGATGGTAATGGTACCCTTCGGTGTCGTTTCGATATGCAGAAGCCCGGTAAGAGAGGCATCGACCTGCTGTCCGATAGCCGTGATGATCGTATCGGCTTCGAGGCGCCCGACGGAACCTTCGACCGGTACCGGTCGTCGGCGTCCGCTTTCATCGGGTTCTCCGGGCTTCATATCCTGTACGACGAGTTCAAGGCGGCCGTTGCGCTCCGATACGGATACCGGTGCCGAAAGCAGTTTCAGGCTGATGCCTTCAGCTTCCGCTTCCCCGATTTCGACCCTGTTGGCCGGCATTTCCTCACGTGTACGCCGGTAGAGGAGCGTGACGTTTCGAGCTCCGAGCCTGAGCGCGGTCCTTGCTGCGTCTACCGCGGTGTTTCCACCGCCGACGACGATGACATCTTTTCCCGGATCAGGAGAATTGCCGGTTGCGACACTTTTCAGGAAAGCGATACCTGACATGATGCCGGACAGGTGCTGGCCGGGAATTCCCGGGTCGGCAGCCTTTCCTGCACCGATGGCGAGAAATATTGCGTCATAGCCTTTTTGCTTCAGTTCGTCTGGCGACATGTCTTTTCCCAATTCCATGCCGGTAACCATGTTCCCTCCCATTGCAGCAACCGGAGCGATATCAGCTTCCAGTACGTTTTCCGGAAGTCTGAAGCGGGGGATTGCGTAGTACATCATGCCGCCCGGCCGGGAATTGGCATCATACACGGTAACATCATGACCGTCCTGAAGCAGGTAGTAGGCGGTGCTCAATCCTGCCGGACCGGCACCGATCACGGCGACTTTTTTGCCTGAGGGCTCGGCTTTGACAGGTATATACGGTTGAGGGGCGTTATGATTCCGGTCAGCCGCAAACCGTTTGAGCGAGCAGATGGCAACCGGTTCGTCAACGCCATGCCTTCTGCAGGCATCTTCACACGGGGCGGGGCAGATCCGTCCGAGTGTGGCGGCAAGCGGAATGGTTTCGGTGATGATACGTATGGCTGTGCTGTCGTCACCGCGGCGGATGGCACCGGTATAGGCAGGGATATTGCATCCGGCAGGGCAGGCTGTGGTGCAGGGGGCTTCGCAGTCGCCGCAATGCTGTTCAAGCAGCCGTTCGACCGTCCTTGTGCGCATCAGGCGCAATTGCCCGTTATCGGTTTCCACATCCATGCCGGGAGTTACCGCGGTGCTGCATGCGGGCACAAAACGGTTTTTGCCTTTGAGTTCGACGATGCACATCCAGCAGGAACCCAGTGTGGACAGTTCCTTGTGAAAACAGAGGGTGGGGATTGCAATGTCAAGAGTGCGCGCTGCTTCGAGAATGGATGCTCCCGCGGGAACGCTTGTTTCCCTGCCATTGACGGTGAGTGTGACGGTATTCATGGGTAATCTCATTTTTCACTTCAGGAACGCGTGAATCAGCTGTTGAACATGTTTTCAATATGCCGGGCTACGTTTTCAAGCAGCCACATCGGTGTCGATGTAGCACCGCAAACACCGGTATTGTCGACGGGTTGTCCTTTTTCGATCAGCCATTCCCGCTGGATATCATGTTCATCTTCCACAAAGTAACTTCGTGAATTTGCCTCCTTGCAGATGTTGTAGAGCACCTGTCCATTGGAACTCTTGCGGCCGGCGACAAAGATGATGACATCGTTCGATGCCGCAAAATCCCGCAGCTTTTCGTTCCGACTCGATACCTGGCGGCAGATGGTATCTTTGTAGATAAAACGAGGAAGGGGCCTTGCGCCGGTGATATCGGCTGTAATGTCGATATCACGGATATCGGCCCATCTCGAAGCCGCTTCTTCATTCTCTTTTCCTGCGTGACGGCTGAAGAAGTGTTCCAGATGTTCCTTGAGTCGGTAAAAACCCGGAACATCCATGGTCGTCTGGGATATCAGCGCTGTTTTGCGATGAGCGTCAAGCTGTTGTGTTTCTTCAGGGACCGAAAGGTCCGGATGCTTTACGATGACAGCTTCGTTGTTGCACTGGCCGTTTATTCCGATGACTTCAGGGTGTGTTTTTTTCCCGTAGATAATGATCTGGTAACCTCGTTCATGGAGCATGTTCACCGTCCGCTGCAGTTTGGCTACCACAGGGCAGGTCGAATCGATAATCGTAAGGTTGTTTTCTTTTCCCTTGAGGTAGGTAGATGGGGGCTCTCCATGAGCGCGGACAAGTACCGGTGCCTGTTTCAGCCGGTTGTATTCATCCATTTCAATGGTTACAAGCCCCAGCTGCTCGAGCCGTCTGACTTCGACTTCGTTATGGACAATATCTCCAAGGCAGTAGAGTGTGCCTTTATGTTCTTTGAGTTTTTCTTCTGCAAGATGTATCGTGCCCTGGACACCGATGCAGAAACCCGAGGATGTCCTGTCAAGATTAACGTTCACAATATCGCTCTGTCTCTTCTGTATTACTGCTGCCGGCAGCAGCCTTGCGACCGGCAGTGTTTGAATCATTCAGGAATGAAGAGAATATAGCAAATTGATCATCTTTCGGATCCCTTAATCTTTCTGTCGAGATAATAGCGCAGATAGGTGAATGCAAGGTCTTTTCCCGAGTGCAGAATGTCTGCCCCGATATTGCCGAGGGCGGACCGGAATTCGGAGGGTTCTGTTGTCCTGGCCGGGGCGGTGGGGGCCGGCGGGCCCGAGATTGCCCGGATGGCCTTGCCGGTGATGAAGCCGGCAAGAAGCGAGGCTGCGGTAAACTGGAAAGGATATTTTCTTACCAGTTCTTCGGGTGAAAGTTCGTCATGCAGTCCTTCTTTCAACAGAACAGCTCTCTCTTTCAGCTCTTTCTGCCGTCTGGTGATGCTTTCCTCCAGTTCATGTAGTCGTTCTTCAATAGAGTTGATGTGTTCAGTTTTTCCTGTCATATGTTGAAAGAAGAATGTTGTGAATGATGTTCTGCAGAAGCTGCGGCCTGAGTTTTGTGAACAACAGGACACAGAGCAGGAAAAAGCCGCTGACGATAAGGTACCCGAGGTAATAATGGCCCAGAAGTTCCCCTGTGAACAGTGCAACGGAGGTAATGAGATAAGCTATAGCGACAAGCATTATCAGGGCGATGATGACAAGCGATACTGCGATGGCTATCTTGCGTGTGACTTCTATTTTGAGAATTTCCATCCGCGCATCGATAATTGCAAGCAAGTCTTCATAGCTTTCGGCAATGGTCCTGCCGAGCATGTCTGCCATATGTTCCTTGTCTTCGGACATCGGTGAACTCTGTTTTTTTTTGAAGGGACCCTGCATGACTGGCTATCGCTTTCTGTGGAAAAGAAGACCGAGAAGCAGACCGGCCCCGGCCGAATACAGTACGGACTGAAGAGGATTGTCCTTGATGTATTCCCTGAGCTGGTGCTTGCTGTCCTGAATGGAGGAGTAGTAGCCGCTTTCACGGAACTGGTTGTACATGTCGGCAATATGCTCGCTTATTCCGGATATCTGTTCCGGTATCCGTTCCGATGTTGTCCGGTGTTCTCCGGCAGTATGTGTTTGCGGATTCGAGCCGGGTATTTCCTGCATGATCGTGCTCCTGTTGGATCTTTAGGGTTGATAAACGTGCGGTTGTCATTACCGGTGACTGAAATATAGCAAAAGGATGAGGATCTGCGGCTGTTTTGTCAGCACAGAAGCCTTCCTCCGTCAACATTGATAATCTGGCCTGTCACGTAGGTGTTTTCTGTCAGAAAGTCAAGAACCCCCATGATGTCGGTTGTCGAACCAAGAGTGCCGAGAGGAATTCTTTCCTTCAGTTCCTCCTGAAGGTCCTGGCCGTTGTTCCATTCGGGATTGATGGTAAATGTCCCAGGGGCAATCGAGTTTACCAGGACTCGCGGTGCAAGTACACGGGCAAACACTTTGGTGAGGTGCTGGGTCGCTGCCTTGGCTGCAGTGTAGGGGGCGAAGTTTTTCCAGACCAGCTCGGCGGCAATGTCGGTAATCGTGACGATCCGGGAAACAAATGGCTGGTGCTGCATGATCGACGCTCCCTCCTGCATCGTGAAGAAGGCCCCCTTGAAGTTTGTATCGACCAGGTTGTCCCATTCCTTTTCGGTTACCTGGCCGACAGGTGTCGCGTAAAAGCTCGAGGCACTGACCAGAAGAAGATCGAGGCGTTCAAAATGCCGGCGGAATTCCGAAAATGCATTTTTGATCGATGCAACTTTCGAGACATCACACTGGGTCATAAAAGAATCAGGACGGTACTTCCGGATGTTTTCCAGGGTTTCCTGTGCCGCTTCAGGCGAAGAGTGCCAGGTGAAGAACATGTCGTAGCCACGTTGTGCAAGCGACAGGGCTATACTGCTGCCCAGCCGGCCTGTCGCTCCGGTCATGACGCAAACTTTCCGTTGTTCCCCTTTCATGATTCTGCCTTCTATGTGGTTATTGTGTATGTTGATAAACTGTCTTGAAATCTAAAAAGTTGACCTGTGTCACATTCCCTTCAGGAGCCTTCCTGCGAGGCGGGCACTCCCCGGAACGTAATACTCTTATTTCAGTAATGGTTTTTTGTTGTTATGTTTGGCCATGGAGTGCTTGTTCCGAGCTGTCTTGCCAATTGAGCCGAGAGATATGTCCGTTCCTGTTCTGAAACTTGACAATGTTCGTCGTGAACTGGAGTTGTCACGCGATATCCGCCAGACCATCATTCCCGGTTTATCCCTCGAGATACAGGCGGGAGAGTTTATAGCGATTACAGGCCCATCGGGTTCGGGTAAATCGACACTGCTGT
NZ_CP020873.1_gap15	422828	425507	2679	CTTATCTGCACGATGAACGTGCCCTGGAGATCATCGATGTGCTCCGAAAAGCAGGGATTTCATTCGAGGCCGAAAATGGCATGCCGCTGGTGAATGCAAATTTCAGGGACATGAACGTGGTGTTTACAGGCACCCTGGAGAAGTATACAAGGGATGAGGCCGCTTCTCTTGTCGCTGAGCGTGGTGGCAAGGAGGTGAAGTCGGTCAGTCGCACTACGGATATGGTCGTTGCAGGGAGCGCAGCCGGCAGTAAACTTCAGAAAGCCGAGAAGCTCGGTGTGAGGATTGTATCCGAGAAGGAGTTTGAATCATTGCTTTGACAGCAGGAATACCAATGGAAAAAGAGATTCACTACAGGGTAGCTATTTTCGGTTCAGCCCGTATCCAGGAGGGTGACCCGGAATACCGGGACGTATTCAGGATCGCCAAAGGGCTTGCCCGGTCCGGTTTCGACGTCGTCACCGGCGGAGGCCCTGGCCTGATGCATGCAGCCAATGCCGGCCATAAAAGCGCCGGTTCGGGGAACCGTTCGATCGGGCTCAATATCAGGCTGCCCAGAGAGCAGGAAGCCAACACCTGCCTGGATATCAAGCGTGATTTCGATCGTTTCAGCGCTCGTCTCGATACGTTCATGTCACTTTCCGATGCAGTGGTTGTCGCTCCCGGCGGGATCGGAACGCTGCTGGAGCTGTTCTACGCATGGCAGCTGGTCCAGGTAGAGCATATCTGCGAAACTCCCATCATACTTTTCGGTCCGATGTGGGGAGAGCTTCTCGAGTGGATGAAACGTGAAGTTGTCGCACGCAGACTGATGGATGAGCGGGATCTTCGCATGATTTTTCATCTCGATGATGTCGACGAGGTTCTCAGGCTCATCAGGAAAATCCACAGTGACCGCCTTGCCGGTTCGGGTGTATGTACGAATTTCGAAAAATACCGCGTTGAGTTTGACGATCTCTGAACCAGACGCTCCCCTCTAACCAAAATCTGTCGTTATGGTAATCGCCTGGTTGGCAAGAGGCCTGCTTGTGCTGGCTGTGATATACGTTTTCAGTGAAGCGTCATCCTGCAACCCGTCTTTTCCCGGTCTGTACGGTCACGATAAACTCCTTCATATCGGGGCCTTCTATGGACTCGCACTTCTTGGTGATATCGCGTTTCCCGCAGCGCGTTACAGGGCTGCTGTGATTTCGGGGCTTGCCGCTTTCGGGGCGGCGATTGAAATCCAGCAGTACATGCTTCCCTGGAGATGTTTTTCCTTCTATGACCTGCTTGCCGATCTTGCCGGGATCGGCCTGTATTACCTGTCGCTTCTCTTTCCTTTCCCGGGAAGGATTCTGTCATGGCTGAAAAGGAGAGAAGGGGAGTGAGCCCTTTTCTCCTGATGCTGTAGCGTTATTTCTCGGCTATGTAGAGGATGGATGTTTCAAAGGTCATCGGGTGATAGCTCGCTTTCCTGAACCCGGCTTCCTTGAGGATCCTGACAAATTCCTCTGTCTGCGGAAATTCCTCGACAGAGTGCGGGAGATAATCGTATGCGAAGCTTGATTTGCTGAACAGCCCTGCTATTTTCGGCAGTACTTTTTTGAAATATACAAGGTACAGCTTTTTCAGCAGAGGGTTTCTGGGGATCATCGGTTCGATGATCAGTGTATGGCCTCCAGGCTTGAGCACTCTGTGAAATTCTTTCAGTCCCTGGGGCAGGTCCTCGAAATTTCTCGCTCCGAACCCTGCACTGACAATGTCGAACGATGATGCGGGAAAGTCAAGTTGTTCTGCATAGCCTTTGATAAACTTGATTCCGGGGTATTTTTTTTCGGCGATGGAGAGCATTTCGGGTGACAGGTCCATACCGGTAACCCTGGCACCGGGAATTTTTGACATGGCATGAGCCAGGTCGCCTGTTCCGGTTGCGACATCGAGAACCGCCGGAGCCGGGTTTCGCGCAACAAGCCGCGTCGCCTTCCTTGCGGCCAATGACCTCCAGTAGTTGTCTATGCCAAGGCTCAGCAGATGATTGAGAAAGTCGTATGTCGGGGCAACTTCATCGAACATGTGCTGGATCGATGCATGCGATTTCGACCGGAACAGGGTTTTTGCAGTTTCCCTGGAGCGGTTGACCATTGTATCAGCTTTTTTTGCCATAGACCTCGTCAGGGTTAAACATCAGTGTATCGCAGATCTCCATCGAGCCGTCTTCCTTCGTTTTACGATAGAAGCACGAGTGATAACCCATATGGCATGCTCCGCCTTTCTGGGATACTTTCAACAGAAGGGTGTCGCCGTCGCAGTCGAGCAGGATATCGTGAACATCCTGCATATTTCCGGATGATTCCCCCTTGAGCCAGAGCTTCTGGCGGCTGCGGCTCCAGTAACACGCTTTTTTTCTTTCAATTGTCATCTCGAGGCTCTGACGGTTCATCCAGGCCATCATGAGCACTTTTCCGGTTTCATGGTCCTGTACAATTGCCGGGATCAGTCCTTTTTCATCAAACTTGACGGTTTCGAGAAAGCTTTTCTGTAAATCTTGGTTCTCGCTCATTGATACGGTAGATTATTTTTTCGCTGCGCAAGAGCTGGCTTCCGCAGATTGAAATGAGTAGTTTTTAAAGATTGACAAAATTATGGAAAAACCAAGGTAGGGGGGGAGAAAAATCATGAAACTCTTAACTTTACCTT
NZ_CP020873.1_gap16	449940	452862	2922	CCAGAGCAGCCAGCCCGGCCATGACCATTCGAGCAGGCTTTCGGGAACAAGGGCTTTCGACGATGGCAACAGAAGCTCCTGGAGCATGATGATGGCTGAAGGAAGACCAAGAATGAAGATGATACCGAGAAAAGCCGATGCGAGGATCCTGTGTGTTTTCTTCCCGAACATTGCATACAGGATATGTCCTCCGTCAAGCTGGCCTACCGGAAGAAGATTGAGTGCCGTGACAAAACAGCCGAGCCATCCGGTGAACAGGAAGGGATAATGGTACATTTCTGTCATCGGGGGAAGGTTCCGGGGCCTCAGTGCGATCTCGAGAAAGAGGTAGAGCAGGTTTTTACCCAGAAAGAGCGTTCCGGAGGCAGGAGGATCAGGGATGCCCCCCCGGCCAGGTATTCGGGATGAATGGTGAAGATGTACTCAGGGGGAGGAAGATGCGTGAAGCCGTAGATCAGCAGGGAGAGTGAAACGGCGAAGCCTGCAATCGGTCCGGCTGCTCCGGTATCGAACAGGGCTTTGGTGTCGGTGATCTGCTGCTTGATCTGTATGACTGCTCCCAGTGTGCCGATACTCAGGAGGAAGGGAAGGGGTGGCACGGGAATGAAATAGGGGAGTGTCGCTTTCATTCTGTGGTAAAGTGCCGCGAAAAAGTGGCCGAATTCATGGCACGCAAGAAAAAGAAGCAGGGCACATGCATACTCCGTACCGTTTGTCAGGTCGTTAAGGAACACGCCGGGAGAGGAGAATCTTACCGGTTGACCTGTCCAGAACGCTCCGGCCCACAGTGTCGTGAGCAGGGTGAGAAGAAAGAGCAGGGCATGGAGGGGGTAATTCTGCTGCCTGAGGATGGAACGACGTTGCCAATCAGGATCTGGTCTCATAGAAATGTTGTCCGAAATAGTGCTGCAGCCGGAGAAGAGGGGCGCCTGGCCCCGTTATCCCCGGCTATCCTGAATCATTCATTCTCATGTTTTTTCTCTTCTCCGAACGTAGCGACAAGGCCGTCGATAAGCTCCTGTTTCTCATCGGCATCGAGATTCGCTTCAGGATGCAGGGGAAGGTAGAAAAACGGGGGCATTTTTCCTTTTCTCACTTCCTCCGCAGCTTCCTCTCCTTCATTTTTGCCGGTTCTGCCCCATTCGGAAACATTGAAGTACTCCCTTCCGTGCTCGACATCGAACTGTGCAAGCCACGAGGCAGGGGCAATGCTTGTATACCAGGGCCATACGGTTTCATTTGAGTGGCAGTCGCCGCATGTCCGGAAAAAAAGCTCTTTTGTCCTGTCACTGTCCCATTCAGGCTCGCCCGTTACAGGCGGATTTGTATGACTTTTGCCGTAAGGTACGAACTGGATGAGGGCAAAGACGATAACGATGCCTCCAAGGGTTTTTGCTGCGCTCATGATTGACCTCCTTTTTTGTGTTCGGGCATGATTCTTTTTCTGTGTTGCGGTCCTGGACCTGCCAGAGGTTCCTGCAAGGCGAATTCTGCACAGAGCACGCTCAGTGGCCAGATGAAATCGACAGTGTGGTGGTGTTGTCCTGTGGCGATTTCCGTGATAAGATCGAGTTCGGTTTCACTGTAGAATTTTCTGGCCGATGTATAGCCATCGAGCATGAAAGATGTTGTTCCCTGGAACATTGCTGTCAATGGTACTCCGATGAGAAGTTCCGGGCTTCTGTGGCCGTCAAGGGCAAGAAACATTCCTGCCCCGTGAGATCGGCTTTTTGCGATCATGACCGCGATCTGTCCGGGGGTGAAATGGTGCAGGCTCTGGGAGATGATGATGATATCGAACTGTTCCTCTTCAAGAGCATCGAGCGAAAATGCGTCGATACGACGAAACGTTACGGGAAGCTGCTTTTTCTTTGCTTCACGGTTGCCATGATCGACATATACCTCGACAATATCCGATGCCGTTATGGTTACAGGGAGTTTTTTTCTCTGTATCTCCTCAGCGAGTGCAAAGCTCAGTCCTCCCGCCCCGCTGGCCAGTTCGAGGACATGCAGCGGTTGTTGTCTCCTGCAGAGCACCTTCTCGATACGGGGCATAATGACATTGAGGTAATGCGGGTAGAGCATCATCATAGAATTGAGCCGGTCGAGAGAGTTGATCATGGAGAGTTTTTCCTGCTCGGGGATATCCGGTCTGTCCATGATTTCCGTTTCCTCTGTTCTGAGGGAACGGTCGAGCAGTTCAGGCAGAAAGTACCCCGGGCCAAGCGATTTGGATACGTTGAACCGTTCGGTGAGAAACTCATCGAGTATCCGGTCTGCCTCCCGTTCGAGCTGTTCATAGGTTGTCCATCCTGCCGGTAGCGGATGGGCCTCTCTGATTCTGTTCGCGGCTATCAGGCCTGCTGTGCGTAACTGGAGCATGATCGGCTGATGAAAAACGTTCTTGATGATCAGGGTTATCGTGACTTGAAATATAGCAAACTCGGAATCCTTTGCCGATGTTTTGTGTGCGAGTAGGGATTTTTACGTATTTGCCTTATTTTTCAGGTGTGCGGTTTTTTTACGGTAATATCTACATAACTATGATGTAGGCGGCCTGGAAGAGAGTCGTTGAGAACAGGGCGCTTATGCGAAACAGCGGAGCTTATCATGTCAAAGTTTTCATCATTCCTGCTGTCCTGGATGGTATGTGCAGGTTTTACGATGTACTCCCCGGGCTTTCTGCATGCCCAGCAATCCGCCGATGCGACAGGGACGGCGCTTTTGCCCGATCTCATCGTTGAAACACTCTCTGTTTATCCTCAGGGTGACGGACGGCGCATACGCCTGGTTGTCCGTAATGCCGGTTATGGTATCGCTCCTGCGTCAACTGTCGCTGTTTTTCAGGGACCGGACTCTTCGGGTGTACCTCTCGATGTTCCGGCCCTGCCGCCAGGATCGACCCATGCTGTCGTGTACTCG
NZ_CP020873.1_gap17	592920	596487	3567	TGTGATTGCCCAGGAGTACCTGCCAGATGCCGTGGCCGGTGACACACGTCTTTTCCTCATGAACGGTCAGCCTCTGCGATATAACGGGAAATACGCAGCGTTCCGGCGTATTCGTAATGGAGACGATCTCCGCAGCAATGTTCATGCGGGAGGCAAAATTGCCCCGGCAGAGATTACCGATGTGCATCTGCACATTGCTGAAATTGTCAGGCCGCGCCTGGTACAGGACGGCATGTTTCTTGTCGGCCTGGATATCGTTGGGGACAAGCTGATGGAAATCAATGTGTTCAGCCCCGGAGGCCTGGGGAGCGCGCAGAAATTCGAGAAAGTGAATTTTGCCTGTGCCGTCATCCAGGCCCTCGAGCGGAAAGTCGATTACATGCGCTATTATCGCCGGAACTTTGACAATATCGAGATGAATACCCTCTGACCGCGCAATCGAGGGGTCGGTGATACATCGAAAAAGGCTGCCCCCGGATGATGATCTTCCGGGTGGCAGCCTTGTTGCATTTCGAAACGATGATCTATCGGTCTGGAGCTTACGACAGCGCAGCGTTGACTTTTGCCGCGGCATCACGCAGACCGTTGGCTGCAATCAGATTGAGACCGGATTCGTCGAGCATTTTCTGTGCGATTTCCGCATTGGTGCCCTCGAGACGGACAATGACGGGAAGATCGAGGCCGACTTTTTTTGCGGCTTCGATAACACCACCTGCCACTCTGTCACAGCGGACGATACCTCCGAAAATATTGACCAGGATCGCTTTGACGTTCTTGTCTTTGAGGATGATCTTGAACCCTTCCTCCACGGTTTCAGGGCTGGCGCCACCGCCTACATCGAGGAAGTTTGCAGGTTTTCCGCCTGCAAGCTGTATCATGTCCATCGTTGCCATTGCAAGACCGGCACCGTTGACCATGCATCCGACGTTGCCGTCAAGACGGACATAGTTGAGGTTTGATTTCGAGGCTTCGACTTCGAAAGGGTCTTCTTCACTGATATCACGCAGCTCGAGGAAATCCTTGTGACGGAAGAGAGCGTTCGAGTCAAAGTTGATTTTGGCGTCGAGTGCCAGTACACGGCCTTCCTTGGTGACAACGAGCGGGTTGATTTCTGCCAGTGAGGCGTCAATCGATGTGTAGGCGTTGTAGAGCGCCGTGATGAACTTGACGGCATTCTTGAATTTCTCGCCTTCGAGACCAAGGAAAAATGCAGCCTGACGGGCCTGGAATGCCTGAAGCCCCTGCAGCGGATGGATCTGGATTTTCAGCAGTTTTTCCGGGGTTTCTTCGGCAACTTTTTCAATTTCCATACCACCCTCGGTCGAGACCATCAGTACATTGTTCGATGTGGCTCTGTCGAGTGTGATACCGACATAGTACTCTTTTTCGATATTCATTCCTTCTTCGACGAGCAGACGGCGTACTTCCTTGCCTTCCGGTCCGGTCTGGTGGGTAACCAGCGTGCAGCCGATCATCTGGCGTGCAATATCGAGCACTTCGTCCGGAGATTTGGCAAGTTTGACACCTCCGGCTTTTCCACGTCCGCCGGCATGGATCTGGGCCTTGACAACCACAACAGGACTGTCCTGTTCCTCAAAAAGCTGTTCTGCCGCCTGGCGGGCTTCTTCAGCAGTAAAGGCTACAATTCCCTTCGGAACTGAAACACCGAATTTGCGAAGTATATCCTTTCCTTGATATTCGTGGATATTCATGTTTTTTTCCTGGTTTAAAACTGCAGAACAGTTCAAAACTGTTCGTTAAAGTGGGAAACAAAAGCTTTATTATAGCAAAAAAAGCGTTTCCGGTAAAATATGCGCTGTTTTCAGGACTACTTTTCTTTGTCATTCCAGGAATTATGGACTTGTCATCTTACATGGAGCTTGCCTTTCGCGAAGCGATCAAGGCATATGAAAAAAAAGAGATACCGGTCGGCGCAGTCGTGCTCGATGCCGGTGGCCGGATGATCGGCAGGGGATACAACCAGGTAGAGGAGCTTTCGGATGCCACGGCACATGCCGAAATGATTGCGCTCACGTCAGCCATGGCGACCCTGGGCAGTAAGTACCTCAACGATTGCACGCTTTTCGTTACGCTCGAACCATGTCCGATGTGTGCCGGGGCGATTGTCAACGCCAAGGTCGGGCGGGTTGTGTTCGGAGCGTACGATCCGAAAATGGGGGCCTGCGGAACGGTACTCAACATCACCTCGAACAAGCATCTTAACCATCAGCCCGAGGTATACGGCGGCATTCTCGAGCACAAGGCTCAGAGTCTTCTCCAGGATTTTTTCCGGGGCCTGCGCTGATCGCTCTTGTAGCGTTTGCCTTGATTTATTTTCCCTTTTCCACCGTGACGTTTTCACGCAGGATTGTCTTGAGAGAGTGTGCAAGGTGCGATACGATATCCTGTGCAAGGTTGCCTTTTTCAGCCGCTGACTGAACGCTGTCGAGACTGTCGACCCCGGCGTTCTTGACGGCTTTGCTGACGGTTACCGACAGGATCGGGTTACAGTCGCGAACGATCTCCTTGAGCATGAAGGAGGCTTCGAACTTGCTTTGCTGAACAATTTCAGACGTTTCTTCGGCCGTGAGAGCCTGGCTTCTGCGGAGACTGATAATGCCGGACAGGCAGGTAAGGTAGGTATTGGTCGCACCGGCAAGAAAAAGGTTCATGAAAAACGGCGTGAGGAGGTTTCCTCCGGGAAGAAGGGACGCCAGGGTGTTGCTGAAGGCGGACTGGATGACCGGTTTGATGTGTGTCGGCAGCTCCTCTTTGCTGAAATCCGAAAGCGGCAGCGCTTCATAGGTGAAGCGGCAGAGGTCAAGGTAGCCTCTGATATGCTGATTTTTCTGGTGAATCCGGTAAATACGCCACACCAGCTTCAGGTTGTTCAGCATGGATGTCGTCGTTCCATACGAGGTGTTCTGTGCAAACGCTCCGAGGAAGAAATTTTTTGTCGCGATCTCCTTGATCTGGCCAAGGGCGTCGACTTCGAGCAGTTTCAGGTTGGTTGTCGTCCATCGTGCATCGCGGGGAGCGGCATCCGGCTTCGGGTGCTTGGGGTGGACAGGCAGTGTTTCGCCCAGTGAGGAGACGTAGCGCTGGTACTCCGGGCTGCTCTCATTGTCAGGCATTTTCGGAAGTTTTCGGGGCTGCCACAGACGGTACGAGATGACGGCAAGATAGAGGATGGAGGATGAACCGGCAAGGAGAGCTGTATAGCCCAGGGCCGGATGAATGCTTTCCAGGATGGATGCGAAAGTATAAAGCTGATTGAAGAGGATGATCAGCAGAAAGCACAGTGCAAGCACCATGCTGTATCGTACAAGGAAAAGCAGCTTTTTTTGCATGACCGTCAGCGGTTGTTATCATGATTGCCCGGTACCCTGAAAAGCAAAAGCCTGATTACTTTCTCCAATGTACGACTTCCGGAGTTAATTACCTGTCTTCCCCTCTGGCAGTCCCGGTTTTTTTATTTCCTGGTCCGTACTGAACTGGTAATCCCTGAAAATCGCTTCCGCGTCAGGCAGCAGCCAGGAGCCGTCATCAAGTTTGTGAGTGGTTTCT
NZ_CP020873.1_gap18	604061	606953	2892	CTTGACAAGGAAGCTGTCGTTCAGCGACGTATCGACATCATGCAGCAGGAGGGTGTGACCTTTGTAGCTGGCACCGAAGTCGGAAGCAGTGATTGTCCGGCAGAAACACTGCTCGATGAGTACGACGCCATCGTGCTGTGCACCGGTGCGACAAAGCCTCGTGATCTCGATGTAGAGGGACGCAAGCTCAACGGTGTTCATTTTGCCATGGATTTTCTGCGTGCAGGTACGAAGGCCGTGCTGACTTCTTCCGAATCCTCGATTTCAGCCGAAGGGAAGAACGTTATAGTCATCGGCGGCGGGGACACTGGAACTGACTGTGTGGCAACATCGATCCGCCAGGGATGCAATAATGTCATTCAGCTGGAAATTATGCCGCAGCCACCTGCCGAACGCCAGGAAGACAATCCGTGGCCAGAATGGCCTAAAACCCTCAAAGTCGACTACGGACAGGAAGAGGCGGCTGCGCTCCAGGGAGCCGACCCCAGGCGTTACTGCATGATGACCAAGAAACTTATTGGCGACGGGCAGGGTAACCTGACCGCTATCGAGGTTTCCGAGGTTGAATGGGTCATTGACGAAGACAGGTTCATTCCCCGTCCTGTTTCCGGGACCGAGGAGATTATCCCTGCCGACCTGGTCCTGCTTGCCATGGGCTTTCTCGGGCCGGAGGAACAGCTCCTCAAAGAACTACAGATCGAACAGACGGAACGTTCTAACATCAAGGCCGGTTATGATGACTTCAAAACCAGCAGGGAAAAAGTATTTGCCGCCGGTGATGCACGACGCGGACAGAGCCTCATTGTCTGGGCGATCAATGAAGGTCGTGCGGCAGCACGTGAAGTTGACCGTTTTCTCATGGGCGAGACCAGTCTTCCGTAACCGGCAGTTCTGACAAGAGAAAAAACAATGGAAAAACAAAAGTTGTACGAGCTGCTCCAGGAGCTGCACAGCGAGCTGGAACAGGCTGATGCCGTTGACGAAAAAACCGGTCAGTTGCTTGAGTCCCTGAAAAGCGATATCAGCAAACTGGTACAGGAGGAGTCATCGCTGGAAGATGGTCAGGAAGATCTGTCACAGAACCTTAGCCAGGCTTTATCACATTTCGAAGAGGAGCACCCCCGATTGAGCATGGCGATACAGTACGTGCTTGACAGTCTTGCCCGGATGGGCTTCTGAGGGGTCAGGAAACCAGAAGAAAACAATAGAGACAGGTAGCGTTACGTTATGTCAAGAGAAAAAGAGCCAGGAAAAGGCGGAAGAAAAACCGGCAGCAGGGGAAGAGATTACAACAAGGTGGAGTGTTCCTTTTGCGGACGAAGCAGCGATGAAGTAAACAGCATGGTTGCAGGCCCCGATGCGTTCATCTGCGACCGCTGTATCATGAGCTCGGTGGAAATTCTGCGAAAAGAGATCAGTGCCATCAAGCAGAACGATGCACAGCAGCATCACGAGCCATTCCAGCCAAGGCTTATCAGTCCGAAACATATCATGGAGTCGCTCGGTCAGTACGTGATCGGTCAGGAACGTGCCCGCAAGGCACTTGCCGTTGCCGTCTACAATCACTACCGTCGCATCGCTTCACAGGAATGGGTCCGTGACGAGCATGACGACGTTGTTATCGAAAAAAGCAACATTCTGCTCATCGGCCCGACCGGTACCGGCAAGACCCTTCTTGCACAGACCCTGGCGACCCTGCTCGATGTGCCCTTCACCATTGTCGACGCAACCTCGCTTACCGAGGCAGGCTATGTCGGCGACGACGTAGAGACCATTCTCACACGTCTTCTGCAGGCAGCCGACTTCAACCTCGAGCGTGCCGAGCGCGGTATCATCTATGTCGACGAAATCGACAAGATCGCCCGCAAGTCAGCCAATGTTTCCATCACCCGTGACGTATCCGGCGAAGGCGTGCAGCAGGCACTGCTCAAGATTCTCGAAGGGGCGGTTGTCGGCGTTCCTCCACGGGGCGGCAGGAAACATCCCGAGCAGCAGCTGATCAACGTCAACACCCGCAATATCCTTTTCATCTGCGGCGGAGCGTTCGAAGGGCTCGACAAAATCATCGGTCGCAGGGTTGCAAAATCCTCCATGGGTTTCGGCACCAACGTCAAAGAGCAGAAGACCGAGGTTGATCCCTCAATACTCCAGAAAGTATCGCAGGATGACCTGCATGAATACGGGCTGATCCCCGAGTTCATCGGCCGCCTGCCCGTTATTTCCGTGCTCGATCCCCTCGATGCAAAAGCATTGCGCAACATTCTCGTCGAGCCGAAAAACGCGCTGGCCAAGCAGTACAAAAAGCTGTTCGAAATGGACGGATGCGAGCTCATCTTCAATGAAGATGCACTTGATCGGGTCGTCGAGATCGCCATCGAACGCGGCACCGGTGCTCGCGCCTTGCGCTCCGTTCTCGAGAACATCATGATCGACATCATGTTCGAGCTTCCCTCCATGGAAGGCGTCAAGAAATGCGTCATCACGCTCGACACCATCAATGGAGAAGGCGACGCGGAATTCTACTACGGAAACGGCCGTCGTAAAAAAATTGCCTGATAGCTAAAAACGGCTTTGCAATTCCGAGCTGAATTTCTATATTATGTGCCCGCGAGGGTGATTAGCTCAGTTGGTTAGAGCGCTACCTTGACATGGTAGAGGTCAGAGGTTCGAATCCTCTATCACCCACAAAGCCTGTAAAAGCCTGCAAATAAAGAGTTTGCAGGCTTTTTTTCTTTCCCCGAAAAGCCCTCCTGTTTTTCGTTGTTTATCGATACGCCTTTTTTTGTAATCATTTCTGCGACGTATATGCGACGCGAAATCAGGTTACATCAGTCAAAATATTTTGGATAAGCTACGGAAAAAATGAGGGATACGATTCCCTTGACTTCCCCG
NZ_CP020873.1_gap19	683473	684297	824	CGGCTTGTCCATGACCGATCGATTTTTTTCCCTTCGGATGCAATAAGGAGATGAATAAAAACTAACGGTGAACAGATAACGGTGAACGCTGACAGATTCGTTATATTTGACACTCAACTCACGTAAATTATCATTTCACTATCGGGAAATTATTGTTGTTCTATGTTTCCTCTTGTCTACGAGATCAATACCAGAGTATGGCTTCGGCGATTGTCGGAGGAGCATCAGCGGAAGATAACGCTGGGAAATGTTCCTGAGTCAGAGTTCGGGTTTTTCAAGCGTTCGGGATTTGATTATGTCTGGCTGATGGGGGTCTGGAAACCAAGCATGTACAGTGAAGCTATTGCACGGTCACATCGGGGTTTGCGGGCTGATTTTCTCGAGCACATCGAGGATCTTCAGCCCAGGGATATTGTTTCATCACCCTACTCTATTGCTGAATACAGCCTGAACCCTGCGCTTGGCGATGATGATGAACTGGCAGAGTTCCGCATGCGGCTTGCCAGGGATGGTATCAGGCTGATGCTTGATTTCGTTCCGAATCATATGGCCCTTGACAACTGCAGGCTTCCTGAACATCCGGAATTTTTTATTACGGTATCGGCAGAGGAGCAGTGTGCCGATCCTGAGTCATGTTTCGAATATCGTCACAATCATTTTCTGGCCCACGGCAGGGACCCCTATTTTCCTCCCTGGACTGACACGCTGCAGTTGAACTACTCGAATTACGCCACCCATACCATGATGCTCGAGACATTGCTTTCGGTAGCGGGGCGTTGTGATGCTGTGCGGTGTGATGTTGCCATGCTGGTGTTGAAATCTGT
NZ_CP020873.1_gap20	699356	702505	3149	ATTTCATGAAGGTGCTGGCACGATTTGCTCCTTTCGGACTGGGAAACCCCGAGCCGGTATTTCTCAGCAGGAAGCTGAGTGTTTCCGGGTATCCACGGCTATTGAAAAATAAACACGTGAAGTTTGCCGTGAAAACCGATGCCGGGGCGATTTTTGATGTGATCGGTTTCAGCCGCAGGGATGTCTACCAGGCCCTCGAGCGGGGTTCCCGTAAACCGGTTGCGCTGGTCTACACTCTCGAGGAGAACGAGTGGAACGGCAGAAAAACAGTACAGCTGAAAATGAAGGACATTGCGTTCGAGGAGTGAGCGGAAAAAAGAGGGACGTTCTTTCCTAACGATACTTTCTGCGCCTCGCGCTGCTTGCGCGGGGACAAGGTGAGCTATGACGAGTAATGGTGAATGGTGCACGCGGAACGTCCCTTATTTCAAAAACCCATCAGTGGAAATCAGTGTAATCAGTGGGCAACAAGAAAAGTCAAAAGTAAAAAGGCAAAAGTCAAAATCAGGACACTCAATCTCCCCGCACCGCAGGTGCCCCAAACAACTCAACGCATCAACAAATCAACATCTTCACCGTTCACTTATCCCCTCTACCGCGCCCAAGTATCGTTAGGAAAGAACGTCCCCTTTTTTTTCGTTGAGCGAGGGGCTCTGGAAGAGCATTCCCAGAAGGGCGGAGATGGCGGAGATGGCAAAGAAAATGAGAGAAAGAGCCACTCCGGTGTTGGGGTCGAGGTTGAGATAGTTGAGGGCATAGAAGAATGTTATTTCCCTGGCGCCTGCGCCGCCGACGGTGATGGGCAGGACTGTTGCGACGGTCGAGACGAGAAAGATGGCCAGATAGTCTATATGATGGGACGGGAGGGAGAGGGCCATGAGGATGAAGAGTGCCGATACTGTCTGTGCGGCCTGTATCAGGACTGATTCGATGGCCGTGATGGTGAATATGCCGCTGAACTTGCGGTAGAAGAGCCTGGTCAGGCCCCACGAGAGTGGATAGGTCGCTGCAAGTACGCCCCACGCTGCCGGGATGTACTGGCTGTGCATGGATGCAAATGTGCTTGGCAGGAGGAGGATGAGGGTGAGAAACAGCAGCGCGAAAATGCCTGCAATGCGGTCCCAGAAGACAGCATTGAATACATTTATCATTTTCATGCTGTGGTTCTTTTTGAGAATGTAGATTTTATAGCCGTCTCCTCCGATTCCTCCGGGCAGGAACATGTTGTAGAACATGCCTACGTAGTAGAGTTGCAGGTTGTAGAGATGCGTCAGTTCGAGACCGATGGCCCGGAAAAAACGGTTGAGACGTATGGCATTGAGTATTTTCGAGATGTTGAACGTGACAAAAGCCAGTAGCAGGTACCATGGATTGGCCGAGCTGATGACTTCCAGCAATTTTTCCGTGTCGGTTTTTGTCAGAACGATGTAGAGGGCAATGACGGAGATACCGATCTGAAGAACTGTCCTGAGAAGTTTTTTTGGGCTGATATTACGTTTTTTCAATGATTTCCCGGATGATGTAGGGTTTTTTATTCTGCGATTCATAGTATGTTCGCATGATGAATTCGGCGATGAAGCCGGTTGTAATCAGTTGGATGCCGGTAAAGACAAGCATGACGCCGAGAATGAGCAGGGGCCTGTTTCCTATGTCTTCCCCGAAGAGTTTGAGGATGACAAGGTAGAGATTGATGGCAATTCCAAGGAAGAAGGCCAGTACTCCGAGAGAGCCGAACAGGTGCATGGGTTTCTGGCCGTACTTTTGAAAGAACACCATGAACATCAGGTCGCTCAGTACCCTGAATGTGCGCCCCAGGCCGTATTTGGACGAGCCGAACTGCCGGGCATGATGACGGACGTCGACTTCATCCATGCGTGCTCCGTAGAGCTGGACAAGTACCGGGATAAAGCGGTGAAGTTCTCCATACAGGCCCAGGTTTTTTGCGACCTCGTGGCGGAACAGCTTGAGTGTGCAGCCGTAGTCGCTGATGTGCACATCTGTCAGTGTCCTGATAAGGCCGTTTGCTATCCTGCTGGGAATTTTCCGCAAGAGCATTCCGTCTTTACGGCCTGCACGGCGACCTGCGACGACGTCGAGGTTGTGTTTCTCGAGGTGCCGGATCATCATCGGGATATCGGCCGGATCGTTCTGGAGATCTCCATCCATTGTCGCAATGAGTTCTCCGCTGGCGTGCTCTATGCCTGCGGCCAGCGCTGTTGTCTGTCCGTAGTTTTTGTTGAACACCAGAAGCTTTGCATTGCCGGGGGCATTGCTGCCAATGATGTCGACGGTTGCATCGGTCGAGCCGTCATCGACCAGAATTATTTCGTGGTCAATGTCTTTCAGGGATTCATGAAGCGCTTTGAACAGAGGGATGATGCTCTCTTCTTCGTTCATGACCGGTATGACAACCGATAGTTTCATTTCAGGAGGCTCGATCTGGTATTCTTGCCAGGACCAGGCCGTTGCGGCTGTAGAGTATCTCTGTGTCAGGGAGACGGTCGAGGTACTTGACCGAGGTGAAGACGATGTCCCCCGGACCTGGCTGGCGTTTTTCGACAAAATTTTCCGAATATACTAAAAATGAGGGGTAATTGACTTTCCACATGACAACTTTGTACCCTTCGTTTCGTGCCATGAGTGCAGCTTCCCTGACCGGTTCCTGCAGGAGCTGGCCTGCCGCGGGCATTATCGTTAGGTTTACTGCCAGGCAGAATATTGCTCCGGCAAGTGCAGCACGGTAACGGGTTCCGATCGCTGGTATGGCCCATATGGCTGCGACCGAGAGGGCTGCAGTTACCAGTTGAAGGGTGTAGCCGGTACCAAGTGTCGTGGCGGCGGCCCGCAACACTGCCTGTACGTACATATCGGTTGTCCCGGAGAGCAGTGCTCTGGCGATAAGCGGAAGAGCGGAGAATGCAAGCAGCAGGATGGCCGGCAGGATCCCGAGAAGGAACGGGCGGCGGATGGTGTGGAAAACGATAGCAATGAGGATGAACAGTGGGGTGTATCCGTAAATGACGTAGTGGGGCAGTTTCGTGCCTGACAGGGAAAAAAAGAAAAATACGAACAGGAACCAGGTGAGCAGGTAGATGAACAGTGGTTTGTTCAGCATCGGCCTGAGCTGACGAGCGAGGGTGAAGAGCATG
NZ_CP020873.1_gap21	705451	706016	565	TTCGATATGACGGAGCTGGTGATCAATACTCCGGCCACACAGGTCGCTCCATGAGCGGAGGTCAGCTGTCCTGTGCCGGAGAGGTCCGGTTCTGGAGATTCCACATTGCGGCGTAGCTGCCGTTTTTTTCAAGCAGCTCTTCATGTGTGCCCTGCTGTGTGATTTGCCCGTTTTCCAGTACCAGGATCGTGTCGAACCGCTCCATTCCGTAAAGCCTGTGGGTGATGTGAAGCAGGGTCCTGCTGCTGCCGACAGCCATCATGTTCTGCATGATGGCTTTTTCGGTTATGGTATCCAGGCTTGCGGTCGCTTCGTCAAGAAGAAGAACGGGGGCGTCATGCAGTATTGCCCGTGCAAGGGCAAGGCGCTGGCGTTCTCCGCCACTGAGCTGCATGCCGTGCTGTCCGGCCCACTGGTCGAGCCTGGTGGTGAACGATGCAAGACCGGCTTCCACGAGGGCTTTCTGGAGCTGCTCGTCATCTGCCTCGGGGTTTCCAAGCTGCAGGTTTTCACGGATGGTCCTTGCAAACAGGTAGGTTCGCTGGCTGACGGTGCCGATCATTGA
NZ_CP020873.1_gap22	707339	712113	4774	TGCAGAACGAGAATGGTATCGGCGTTCCTGATTGTTTTCAGGCGGTGTGCGATGACAAGAGTTGTCCTGTTTTGCATGAGCTGATCGAGGGATGCCTGCAGGCTTTCTTCAAGTCGGGGGTCTGTGTGAGATGTGGGTTCATCGAGTACGAGTATCGGCGCATTTCGCAGAAATGCCCGTGCGATCGACACTCTCTGCGCTTCTCCGCCGCTCAGGCGGGCGCCTTGTTCCCCGATGACGGTGTCGAGTCCTTCGGGCAGCCTGTCGATCAGTTCGGCAAGACCGGCCAGTTCTATTGCATGCATGAGCTCGTCTTGTGTCGCATGTTCCCTGGCGAGCAGCAGGTTTTCACGTATGGTTGTGTGAAACAGCCATGGATGCTGCGGGACCCAGCTGATGTGCTGCAGCCATTCTGTGTCGGGTATATCGCCGAGATCGGTTGTGCCTGTTGCGACAGAGCCTTCTGATGGCCGGATGAAGCGCAGGACAAGATGCGCGATGGTTGTTTTTCCTGCACCGCTGGGCCCGACAAGTGCCGTGACCTTTCCGGAGGAAAGGGTGAAGCTGACGTTGTCGAGCGCCGGCGTGGTACGGTCAGGATAGGTGAGGCTTACGTTGTCGAAGGTGATCGGTGCCAGGGGGTCGAATACGGCTGTTTTCGGGTTTTTCCTGACCGGCGGCTGCTGTTCGAGAACGGCAAAGATGTCGTTTGCGGCACTTGCCCCTTCCATGCCTGCGTGGAATCTTGTGCCGAGCTGGCGGAGGGGCTGATAGAAGTCAGGGGTGAGCAGCAGGACAAAGAAGGCGGTCTGGAAATCAAGGTACCCTTCGAGCAGGCGGATACCTATCTGGACTGCTATGATCGCGGTCCCTATGGTGCCGACCAGTTCGAGTGTGAGCGAAGAGAGAAATGCCACTTTGAGTACGTTCATGGTCGATGTTCTGAACTCTTCGCTGATTTCCGAGATCGATCGTATTCTTTCACGGCTTTGTCCGAACAGTTTGAGCGTTGTCAGTCCCTGCAGCATGTCAAGAAAATAGCCGTTCGTTCTGTTGAGGGTTTTCCACTGGCGGTCGGTCATTTTTTTTGCAGCTTTTCCTATCAGTACCATGAAGAGGGGGATAAGCGGTGCGGTGAGAAGCAGTATCAGTCCGCTCAGCAGGTCGCCAGGGATGATGACCCCTGCTATGAGAAACGGTACAGTGAGTGCAAGTACGAGTTGCGGAATATACTGGCTGAAATAGGGGTCGAGAGCCTCGATTCCTCGCAGAAGCAGTGTGCTGAGCTGGCCGCTCAGCTTCGATGTGGTATATGATGGTCCAAGGTGTGACATCGCCGAGACAAGGCGTTCATGCAGCTGTGACCTGAGGATACGGGAGCCTTTCGATGCAGCCTCTCTGCCTGCCCAGGCGACCGCCGGCCTGAGGATACCAAGGGCCGCGAACCCTGCGATGAACCCTGGCAGGGTATGGTATGCATCGGGATGAAGAAACAGAATGGTTATTGTTCTGCTCAGCAGGTATGCCTGGCCGATCATGAGCAGTGCTTCGAGCAGTCCCATCAGGACCGCTGTGAGAAAAGCGCGGGGTTCCTGCCTAACAAGGCTGATCAGGCGTCGGTCGAGGTTCATGATGCATGAGCGATTGATAATGGCTTTCAGGCAGGTATTGTACGTAATTAAATCGGGGTGTGCAATCTCATGAACCCGCAGAGATGGCACACCGGTCTTCGGGTGATCGCAGGCCGGTGTGTCATGTGAAGGGTTGTGAGCTGTCAGTATTCGAGTTCCGAATCGGTTCCTACTCTCTGGCGGAACACCCAGTAGGTCCACCCCTGGTAGGCAAGGACGAGGGGGACGAATATGAGGGCGACGATGCTCATGATGCCGAGCGTGTATTCTGACGAGGATGCGTTATAGATTGTCAGTGACCACTCGGGATCGAGGCTCGAGACCATGACCCTGGGAAAAAGTCCGAGAAATATGGTGATCGTCGAACATGCTATGGCCATTCCTGTCATGGCAAATGCCCAGCCGCTGGAGTTGTTTTTCAGCAGGAAAATAACCGAAGCGAGGGCTATGACGCTGAATACCGGAATGATGCCTGGGTTGACGCCGAGCCTTGCGAAGAGATCGGTTTCGACAAGGGTATAGATGGCAAATACGAACGAGAGAAGTGTTGCCGGCGCCCAGGCTTTTTTTGCGACCGACATGGCGCGGGTATGCAGTTCTCCCTTGGTTTTCAGGGTAAGAAATACAGCTCCGTGCAGGGTGAAGATAGCAAACGATGCTATGCCGCATGCGAGTGCATAGGGGTTGAGCAGGTTGAAAAACCCTCCGGCATAGTTCATGTTTTCATCGATGGGTACCCCGCGTATAATGTTTGCCAGTGCTACACCCCACAGGATGGCCGGGACTGCGCTGCCTGCACATATACCCCAGTCCCACATGGTGCGCCATACAGGGTTGTCACTCTTGCTTCGGAACTCGAAGGCCACGCCCCGGATGATCAGTGCGAGCAGCATGAGGATCAGGACCGGGTAGAAACCGCTGAAAAGCGTGGCGTACCAGTCGGGAAAGGCTGCGAACATGGCCCCGCCGGCTGTGATGAGCCATACTTCGTTACCGTCCCAGAACGGACCGATCGTGTTGATGACGGCACGCCGTTCGAGATCGTCCCGGCCGATGAACGGCATCAGGATGCCGACACCGTAATCGAACCCTTCGAGGAAGAAAAACCCGGTAAAGAGCACGGCGACAAGGATGAACCAGATGATCTGCAGAGTTTCAAGTTCCATCATACCCTCCCTTCGTTTGTCGCTTCCGGCTGTATACCGGCTACAGCGTATTTTTTTATGAGATAATAGTCGGCACATGTCAGCAGTGCATAGATGAGTACGAAGATAACCATGGAGAACATGACTTCGCCGCTGCTGACAACGGACGCAGGTGTGACGGCATCTTCGGTCCTGAGCAGTCCGAAGACGATCCATGGCTGGCGGCCCATTTCGGCCAGGATCCAACCGGAGGTATTGCCGAGATAGGGCAGAAGGAATGACCAGAACATAAGTGCCGATGCCCAGCGAGGAAAGCTGTAGCGTTCGCGCAGGACGTAGAACAGGGCGATCGCTGCAGTGAGAAGCATCAGTGTGCCGGCACCGACCATCAAGCGGAAGCTCCAGTAGGATATGGCTATGGGCGGAATATAGTTACCCGGACCGTAAGTTTCTTGGTATTCCGCCTGAAGCTCTTTTATGCCTTTGACTTCGCCCTCGAACGAGTTGAATGCAAGGAACGAGAGGAGGCCCGGGATCCTGATGGAAAAGACATCACGGAGTTCTTCTTCATCACCGATAGTGAAGAGGGAGAAGCTGGCAGGGTTTTCGGTTTCCCAGAGAGCCTCGGCTGCCGCGACTTTCATCGGCTGGCGTTTGAGCAGGTCCTGCATCTGGGTGTGCCCGGCGAGCGTCACGAGCACCGTCCCGATAAACGCATAAACGGCGCCGTATTTGAGTGATTTTTTGAAGGGTTCGATATCTCCCTGGTTTTTCATGATGTGGTAGACGCTGATGGCGATCACGAGAAACGCTCCGGTTGTGATACCTCCCGATATGACGTGGGGAAACTGCACCCAGACATGGGGATTGAAGAGAAGTGCCCAGAAATCGACCATCTCCGCACGACTTCCGTCTTCTGCCATCCGGTATCCTACCGGATGCTGCATGAAGGAGTTGGCTACAAGGATCCAGAGGGCGGAGAGGTTCGAGGCGATGGCGACAATCCAGATCGTGGCGGCGTGAAGTTTTTTGGAGAGTTTGTCCCAGCCGAATACCCAGATGCCAAGGAACGTGGATTCGAGAAAAAACGCCAGCAGGGCTTCGATGGCAAGCGGAACTCCGAAAATATCACCGACAAAACGGGAGTATTCCGACCAGTTGAGGCCGAACTGAAATTCCATGACAATTCCTGTGACTACACCGACGGCAAAATTGATGAGAAAGATGTTTCCCCAGAATTTTGCCAGACGTTTGTACATCTCGTTCCCTGTCCGTACGTAGGTGGTTTCCATGATCGCGACGAAAATGGAGAGCCCAAGGGTGAGCGGAACGAAAAAGAAGTGAAACACCGACGTCAGGGCAAACTGGAGTCTGGCAAGCAGGAGTTCGTCCATTAATGGCTCCTTTGATGACTGTTGTGAGTAGAGGGTTAAATAAAAAGATAGTGATTTCAGACTGAATCAATGAAATCGGTCAAAAATAGTCTTATTTTTGAAAAAATAAAAGAGGTTGATGTGTTGATTTGTTGATGTATCGTTTACCGGTGACCGGTCACAAAAAAAGCAGGCCTGTGGGGCCTGCTTTTTTCCTGTCAGTCGATGAGTTTTTTCAGCTCTTCGCTGTAGTTTTCTGTGACAGCTATTTTTTCTGTGACGATGCCTCGGATGAAACGGTTCGGTGTGACATCGAATGCATAATTGATGACCGGTGTGGTGGGTGTTGCTACCTGGGTACCGAAAATGGTCCTGAGCTCATCGGCATTCCGCTCTTCGATCGGGATTTCCTCACCGCTCTGAATGGTAATGTCGAGAGTCGATACCGGAGCGGCAATATAGAACGGAATGTTATGGTAATGTGCGCTGATGGCATGGGCACAGGTGCCGATTTTATTGGCAGTATCGCCGTTTGCGGCGATCCTGTCGGCGCCGACGATGCCGAAATCGATCATTCCTTTCTGCATGAGGAATGCTGACGAAGAGTCTGAAATCGAGAAGAACG
NZ_CP020873.1_gap23	713908	714963	1055	GTCAATGCTGTTGAGCATGCTGACCGTCAGGTCTCTCTGGACCCTGAGGCGGTGGAGAATAGTGTCATGGTATTCGGCCGAAGTGTCCATTGCTGCACGTATGGCGAACTGGGGGGCCATAGGTGCGCACAGACGTGCATCGGCAAGCTTGATGAATGCCTTGCGGACATCGGGAACGAGATGGCTGTTGGTAATGGTCATCCAGCCGGTTCTCCAGCCGGGGGCCATGTAGTTCTTCGACAGGCTGTCGATGGTTATGACGGCTACGTCATCCCCGGCGACCGATGCCAGGGGGATGTGGCTGTCTTCGTAAATCAGTTTATGGTAGACTTCGTCCGTGATGATGAGCAGTCGGTGCCTTCTTGCTATATCGACAAACTGTCGCAGCGTTTCTTTCGAGTAGAGTTCCCCGGTAGGATTGTTGGGGTTGATGACTACGAGAATTTTTGTCAGCGGGGTTATCCTGCGCTCTATTTCCTCCGGATCGGGAAGCCAGTCGTTCGATGGATCGAGGTTGTAGCGTACTTCCTTTGCGTTGAGTTTTGCGATAATTGCGCTGTAGAGAGGATATCCCGGTGATGGGCAGAGCACTTCGTCTCCCGGGTTGAGCATCGATGTACAGATGAGGTCGGCTGCTTCCGATGCACCAAACGTGATGATGATGTTGGCAGGTGTTGCCGGTATGCCCCTTCTCGATGCATCTTCGGCAATCGCTTCGACAGCGTCGCTGATCCCTGATGATGGAGAGTAACCGTTATGACCGTCACGAAGAGCCCTGATGTTTGCTTCTATAAGTTCTTTCGGTGGCTGAAAGCCGTACAGGATAGGATCTCCGATGTTGAGGTAGGTTACTTTTTTCCCCTGTTTTTCCAGTTGTTGTGCGTGTGCTACTATGTTCCGGATTGCGTAACGGTAGTTTTCAACCCGCTGGGCCGGAATGAAAACAGGTGAATTGGTATATGGCATAGGTCAGAGAAATGCAGGTGTCAGGGTCTACGGTTTCTGGAATTACATGATGGCCCGGAGAACATTCCGTTTCAGAATGATCAATCTTT
NZ_CP020873.1_gap24	716359	718457	2098	AAGGGTTGCTGCATCGGTAAGATAGATGGCTTTCAGTGCCGGGTTTTCAGCCATCCTGCCTGCTTTGCGCATTGTTTCGGCCGCTTCCGTGTTCTTTTTCAGCAGTTCAAGGCTCGATGCGGCACCGGCAAGCGATGCAGCTTCGAGGTCTTTGTTCGGGCCTGAATATGCCTGAAAATAGCCAAGGGCTTTTTCCGGGTCCCCGCTGAACAGGTAGTGCCTTGCGAGCATAAGTCCTGCCAGCCTGCCACTTCTCGTGGATCTGTAGGTGTCTGCTATTTCCAGGAGGCCTGTCGTGAGTGAATCTCCTTCGACCGCCCTGGCAGTGTCGCCGTTTTCAAGAGCTGTAACTGCCGGTCCAAGCAGCCGGGATGCTTCACGTTCTTCGGAAGCCCCGTTCTGAAAGAGGTAAAAGATGCCTGCTGCAACGAGAATGATCACGGCTACTGCACCGATGATCTGCTTCTGGTGCTTCATGAGGCGCGCGAGAAGAATTTCCGCTTTTTCCGCTACGGTTTCCCGTTCATCCTGCTGTGGCAGGCCTGGTTCATTTCTGTCTGTCATTGTCTTGCTTCGATGTTGGCTGGATATACGCTTCCTCTGATAGCGGCAGGGCGTGTTTCGGGCTTCTGTATTCCGTCCCGGCGCTATAACTTATGCAAGTTCGGGGGGATTTCAAAATTCTGCAGGTTCGCAGGGATGCAGATTTCACTGCTTTCAGAACTCTCCGAAGAGCCTTATGGTATTCCGGGATACAATATGTGCCGTTTCTTCCAGCGGAAGTTGCCTCAGCTCTGCAATTGCCGCTGTTACATAACGTACATATGCCGGCTCGTTGCGTTTGCCTCTGAAGGGGACCGGGGCCAGGTAGGGGGCGTCCGTTTCGGTCAGAATGTGTTCCATGTCTATCGAACGCACGACGTCGGGAAGCTGCGATTTCTTGTATGTGATGGTGCCGGGAATGGAGATGCTCAACCCGAGCCGTATACACTCGGTTGCAAGTTCTGAGTTCCCTGAAAAGCAGTGCATGATACCTCGGAGGTTCGAGCGTCGTTCCTGGTGCAGTATGTCGAGGGTATCCTGCCAGGCATCCCGGCTGTGGATGACAACCGGCAGGTCATGGTCCATTGCCATGTTCAGCATTGTCCGGAATGCTTCCTGCTGGGCTTGAGGGTTGATATCGGGATAGTGATAATCCAGTCCGATTTCTCCTACACCCACGACGTTGTCACTCTGAAGCAGGGCCTGGAGTTCATCGAAAACGGTGTTTTCAGGCATCGAGGTGACTTCGTGCGGGTGGAGGCCGACGGTTGCCTTGATAAAGGGATGGAGATCGGCAAGCTCGATCGATTTCCTGCTTGTCAGGGCATCGGTCCCGGGGTCGATAAGGTAGGTGATGCCGTTTTCGAGCATTCTTTTGATGACATCGTCCCGGTCATCGTCGAACTGCGGGAAAGAGAGGTGGGAGTGAACGTCGACGAACATGGTTGCTGGTCCTGATTACTGACTGTCTGAAAAAATGGAGTTGTGCCATATGAGCAGAATGACTGCACCGATGGTGATGGCGGTATCGGCAAGATTGAATACCGGCCAGAGTGATACCCAGGTATTGAATATGTAGCCGTTATAGAGATCGAGGTGCAGGAAATCTATGACTTTGCCGTATGCGATCCGGTCGAAGAGGTTTCCGGTGCCTCCTCCGAAGATCAGGCCGAGAGAGAGCAGAAATGCAGGATTCCTTTTCGAAGAGCGCAGGACAAAAATCAGTATAGCCAGAAGGATCAGAACGGTCCCGCCGATGAGCAGCAGGCGCGATCCGGGATCGACACCGAATGCGATGCCCGGGTTCTCGATATAGGTAAACTTGAACCAGTCCGGGATAATGGTGATGCTGCCGTGCTCCCTGAGCAGCGTCGATGCAGCAAGTTTTGTTATCCGGTCGAGGATGATGACTGTTGCGGCGAGCAGAAAAAACCGGATCATAAGGATAGGTATCAATGATTGATGGTTGCGAAGATGGGGCTATGCTCTCCGGCAGATCTCTTCGAGGAGTTTCGTTCGTACTTCCTGCAGCGGCATGGCCTGGCCTGTCCAGATA
NZ_CP020873.1_gap25	720544	724077	3533	TCTGTATCGTATATGGATGATAAATCTATGTCGTCAAGCTGAATTTTCCTGAAAAAACTTCTCGATCCGTCATTGCTGCCTTCGTTAAAGAAATCAAGGAAGCTCATATGGTCATATATATGTTTTCATATTCCTGCTGATGTAAGGCTCACCTAATATACAATAACTTGAGGGTTTCAAAAACAGTTCAGGCTGGGTGCGCCTGCCACCCTCAGATTGATGGCCTGAGTGCTTTTCCCCAGGCAGCCGATCCCCTGAGCCGGAGGGGCCGTTGCGCCGAGCTATTCTTTTCCGTGAAAGTGCCGGTAGATGGCGGCGGCGGTTTTCGGGCCGCTGGCTTTGCGGAGTTCTTCCTCGGTGGCCGAGGCGATCTGCCTGACGGAACCGAAATGTTCGAGGAGTTTCATGGCGCTTTTTTCACCGATACCCTCTATGGTGGTGAGTTCTGTCTGCAGGGTGCGTTTAGTCCTGAGGTTGCGGTGATAGGTGATGGCGAACCGGTGTGCTTCGTCGCGCAGGTTCTGCAGCAGCTTCAGTGCGGGTGACGTACGGGGAAGGTTGTAGGGGTCGGGCGTGTTTGGCAGAAATACCTCTTCGAGACGTTTTGCCAGTCCGATGACCGGTGTGTCGATACCCAGGTCGCGAAGGGTTTTCCAGGCGATGTTGACCTGTCCTTTTCCCCCGTCGATGACAATCAGGTCCGGCATTGGCAGTTCTTCGCTGAGCGAACCGCTGTAACGTCGGGTGACGGCTTCTTTCATTGCGGCATAGTCATCGGAACCTTCGAATGAATGCAATCTGAATTTCCGGTAATCCGATTTGCGGGGTTTTGCGTTGACGAAACATACCATGGAACTGGTATAGTCCGTTCCCTGAAAGTGGGAGTTGTCGAAACATTCGATGCGTTGAGGAAGCCTGTCGAGCCTGAGCGTCTTCTGCAGCGCTTCAAGCGCAGGTGAGGTTCTGCTTCGTTCTCCCCGTTTCTGTTTCTGGACAAGGTACTCTGCAAGATGATGACGTGCGTTTTCCGTGCACATCTGAACGAGCTTGGCTTTTTCTCCTATGCGCGGTACGCTGAAGCGCAGGCGGCGTGAGTTGGTGAGGGTTTGAATGGCTTTCTTTTCTTCATCGCCGATGTCGGAGGGGAGAAAAATTTCATCGGGTATGATATCGGGTGTTTCGAGATAGTACTTCTCGAGAAACCTGGTGAGCAGCGTCGTGTCTTCTTCGTCGGTGACATTGGAAAAATACATGCGTTGCGAGCCGAGAAGCTTTCCTTCACGGATTTTGAAGATGATACCGCAGGCATCGTCTTGATGACGGGCGACGGCAAAGACGTCACGGTCGATAGATTCTGTCGTGACTACTTTCTGGCGTTCAGCGTATTTTTTCAGCCCCTCGATCTGCAGCTTGAGTTCGCCGGCCTGTTCGAAGCGCAGGTTTTTTGCATGCTCGTGCATCTCTTCTTCCAGGCTTTTTATCAGTGATGTGGTGCGACCTTTGAGCAGTTTTTTTATTTCCTCGATCATCTGCAGGTAGCTTTCTTCGCTCTGCAGTCCTTCGCAAGGTCCCTTGCACTTGTGAATGTGGTAGTTGAGGCATACCGAAAATTTTCCTGCTGCGATATTTTCAGGGGTAAGCCTGAGCTTGCAGTCCCGGACCGGAAAAATGGTGCCGATAAGGTCCAGGACCGACCGCAACTGCCGGGCTTCGGTGTAGGGGCCGAAGTAGGTCGCGCCGTCACGCCTGACCTGGCGGGTCAGCAGGACCCTGGGAAACGGTTCGTTGGTGATGACGACATAGGGGTATGTTTTGTCATCTTTCAGGTTGATGTTGTAGCGGGGCCTGAGGTCCTTTATCAGATTGTTTTCGAGGATAAGGGCTTCGACTTCGGATGAGGTGATAATGACATCGAGATCCCTGATATGGTTGAGCAGTACTTTTGTCTTGCCCGAATGCTGCTGGCCTGAACGGAAGTACGAGCGTACCCTGGAACGGATGTTTTTTGCCTTGCCAACGTAAATGACGTTTCCGTTACCGTTTTTGAACTGGTAGACGCCCGGAGATGTTGGCAGGGATGCAAGTTTTTTTTCGAGGTCGGTCATTGGGGAAGGTAAAAAGTCAAAGGTAAAAAGTCAAAAGTGAATGGTGAATGGTGAATGGTGAATGGTGAATGGTGAATGGTGAATGGTGACGCACAAAAGGCGCGGGGTGCGCGCCTTTTGTGGTTGTGTGTTTTTTTTGCGGTCAGTGCATGGCTGCGTCGCCGGCTCCTTTCGGGTAGCGGAGACTGTCGACCAGTTCCTGAATGTCTTCAGGAGGTGCCGGTGTGATTTTAGACACGATAAAGCTGACGGCAAAGTTGATCAGCATGCCAAGGGTCCCGATGCCTTCGGGTGAAATACCCATGATCCAGTTGTCGGGTGTGTTGGCTGCCGGGTTGACGAACTTGAAGTAGATAATGTAGGCGGCAGTGAAGATGATGCCGGCAAGCATACCTGCAATTGCGCCTTCCTTGTTCATCTTTTTGTAGAAAATACCGAGGATGATGACCGGGAAGAAGGACGATGCGGCGAGACCGAAGGCAAATGCCACGACCTGTGCGACAAATCCCGGCGGGTTGATACCGAAGTACCCTGCAATGACGATGGCTATCGCCACGGCGATACGTGCGACAAGCACCTCGGACTTTTCGCTGATGTCAGGATAGATCTGTTTCTTGACAAGGTCATGCGCTACGGATGTCGATATGACAAGCAGCAGGCCTGCCGCTGTCGACAGGGCGGCAGCAAGACCACCGGCTGCGACCAGGGCGATGACCCAGTCGGGAAGGTCTGCGATTTCAGGGTTGGCAAGCACCATGATGTCGCGGTCGATGTAAAGCTCGTTGCCGTTGTCGGCCACCGGCTCGTTGGAGAGCATTCTCTGGCCGACGGCACCGGTTTCACCGGTAAACGATGGTTTGCCGTCGAATGCATTTCCTTTTACGTACTGGACGGCGCCGTCTTCGTTTTTATCCATCCATGCGATAAGGCCGGTGCCTTCCCAGGTGCTGAACCACGACGGCAGTTCGGTGTACTGCTTGTTGTTGACGGTATCGATGAGGTTGTAACGGGCAAAGGCTGCGATAGCCGGTGCCGTTGTATAGAGCAGGGCGATGAAAATCAGTGCCCAGCCGGCAGAAATACGGGCGTCACGTACTTTGGGTACCGTAAAGAAGCGGACGATGACGTGAGGCAGGCCTGCCGTACCGACCATCAGTGCAAACGTGATGAAAAAGACGTCGATCATGGGTTTGCTGCCGTCGGTATATGCCGCAAATCCGAGTTCGTGGTGAAGGCCGTCGAGTTTGTCGAGAAGATAACCTCCGCCGCTGATGACTTCGCCGCCGAAACCGATCTGCGGAATCGGGTTGCCGGTAATCATGATCGAGATAAAGACCGCAGGAACGAGGTAGGCGAAAATCAGCACACAGTACTGGGCGACCTGTGTATAGGTGATACCTTTCATTCCGCCGAGCACGGCATAGAAGA
NZ_CP020873.1_gap26	782311	783656	1345	TGATCAGCAGCACAAAGAGCACAGGATCAGTCAGCGAAAGCGGACGGATGTGCTTCGGGAGATAAAGGGCGAAGTCGAGGAGATTCTGCAGATGCTGGAGTAGGGCAAAAGGCAAAAGGCAAAAGAAAAAAGCCGGCGTTGGGCCGGCTTTTTTCTTTTGCGTGTATTACCTGACTGCTACTGTGCGTAGAGTACTTCGAACTGGCCTGTTCCGCCTTTGCAGACATGTTCGACCCAGCGGGCATATGCTCCGCCGCTCCAGCGGTATTCCTCGAGGTTCTGGGAACGGAACTGAGGAGCTGCATAGCGGACTTTGTATCCTTTGGGAAGAACGATCTTGAGCTGTGTATCGACGGTAAAGTCGTTGAATTTACCAACCATGCCATGGTGTACCAGCGGGATGAGCGGATGGTTGAGGATTCTGCGAAGACCGCCGCCTGCATCACGTGAAACACCGGGAAGATTGCCGTCAACCTTGACCTCGATGCCCTGTGAGTCGGAACGGAATGCCCCTTCGATCGATGCGGGTTTGTTGAGCTGTTCGACAGGGAAGAGCTCGGTCCAGCGGGAAATGGAATCAACGATACCCGAACCGGCATGGGAGAATTTCCAGCGGGAAACACCAACAGGGCCTTTTTCGCCACTTTCCACGCCGAAGTTGTTGACCTGGATAGGAGAAATGCGCTGTCCACCTTCATTGATGGCTGCAAATGCAGGACCGATAAACCAGAACTCCCTGATCCAGTCACCGAAGTTTGCACCACCACCGGAAATCGACTGCTGGAAACCTTCCCAGGTATCGATAAGATCATTGTTTTCCAGAGGAACTTTCATCATGATATCATGGAACTGACGTCCCTGCATGTAAATCGGGTTCGGAACGTTTCTGCGAACAGCATCCGAACGATAGTAGTACATGTTGACGACAGAGCCTTCAAAAGAAAACGAATGGGAGAAATCACCGACAGAAAGGGAACCTTCACCTACTGCAATTCTTCTGTCCTTTGTTTCATTGGCAATATCGACTTCCACTTTCAGCGTGTTTTTCGTGCTGTCGACGATCGATTCGATACTGGTCGTGAAACGGACGACACCTTTCTGGGCATCAAGCGGTTTGGCATCGATTTTGATGTTACAGTCGGCCGGCAGGAGAGGAAGCGCGGCAGGAACATTTACCTTTGCACGGCCTTTTACTTGTCCCCAGGAACTGGAACCACCCTCGAGAATAATCTCATAATCAGAATGGGCGGTTGTGGTGTCTTTGGTGCCGAATAGAGCCATAATGATTCTCCTTTTTCTGGTGGCGTTGGAAATTTGTTACAGGAAATTTTTAATCGGGTATTCC
NZ_CP020873.1_gap27	788692	789555	863	AACGCAATTCCTCGAACATGCCGTATGTGGGCAGGTAGATTTTGCGGTGAGCGGTTCGGGATCTTCCATCCTCGAAGAACAGGGCTGAGTTATATACGCCGTAATCATCGCTCAGTTCGATCCCTCCGCAGATGATGGTGATCTCCCTGCTGAGTTCTCTGAGCGGTTCGAGAGCGGGGTCCTGGATGTGCAGGGCCATATCCTGGGCAGCATCCTGAACATTGTATCCTGAGAGAGAGAGTTCCGGAAAGACGACGGCGTCCATGCCGTCTTCTATGGCCTGTTCAGCGTGTTTCCTGTGCTGATCGAGGTTTCGGCTGAAATTGGCCAGAACACAGTCGTTCTGGATAAATCTGAGCTTGGGTTTCTGCATATCGGATGTCATGATGTGTGGTAGGGGTAAAAAAGATAGAACGTCAGTGAGAGCAGAGCCAGGATCCACATTCCTCCATGAATATCCCTGATGTTTCCTGTGGCGGTTTTCAGTACGACGTACGATATGAAGCCGGCAGTGATGCCTACACCGATGTTAAAGGTGAACATCATCAGGATGATGGTGAGAAATGCCGGCATAAGTTCGCTGTAATCATCGAAATTGAAACGGGTGACTGGCTGAAGCATGAACATTCCCACGATGACAAGCGCCGGACCGTAGGCATGGGGAGGCACTATGGTGAGTACAGGAGAGAGGAAAAGTGCTGTGGCAAACAACACTGCTATAACCAGGGCGGTAAATCCGGTTCTTCCTCCTTGTTCGATTCCGGCTGCCGATTCGATATACACACCAGCTGTAGTCGTACCGAAAAGAGAGGCGGCTATGGTGGAAAGTGCATCTGCGAGCATGGGCTTTTCAATCTCAGGCA
NZ_CP020873.1_gap28	947998	950012	2014	GGAGGCAAAGGTGAACTCATCTACGTACCACTATGATCGATACGCATGTGTTGAATCGTGGGTAGTCTGGTGTTCGAAGCCCATTTGACGGGCTGTGAGCAGTATTTTTATGCCGATCCATATAAGATGGAGAAATGAAACGTAAGGTGAGGTTCAAGTTATTGAATTTTATTGTTTTAGGGTTTTTTTGCTGGCGTTTTAATTGTGTTTTATATGGAATGAAATTCAAAAATCAGCGGTTTAGGCGGATCAGTATAAACAATGTTAGAAGCTCAACTGAAATGAACTACTTTGAAGAATTGGAAAAGGAACTGCCGTCTTTGAGGGTGGCTGCAAAAACCTCCGGACCGGTTGGATTTTTCGCCCAGGAAGTCATGCGTTTCTATTCCGTCGCGGGAACTCTCAAGGGAAGCTTTCCCCTGGATGAGACTGCGAATTTCGAGCAACGGAGCATGACGCACGTCCTATTCCGGTCGCTTTTGGAGAACTACTTCAGAATCCTGTACATCTTTGATGTTCCGAGTGATGTACAAGTCCGATACGACGCGATCTTAAATAATTTTAAGCGCGAGTACGGCAAGCTACTTAACGATCCGCTTTTGCCCAACAAACAGGAGCTTGAACCTGCTTGCGCTGGTTGGTCGCAGCTGCCGCGCGGCCTGGACATGAACAGCATGCTTGCGCAATTGCAAAATGACTACGGGGACCGTTTAAGTTACTTGTACTTCACGTACCGCATTGCAAGTTTTGACACCCACGGAAACAACTTGAAAGCTGTTGCGGATGACACTTTTGGAAAGTCCTGCAATTTCCCGGTTCTAAAGTTGGAGTTTGCTACCGAACTTGTTGCAAATCAGTATCTTGTTGTCCTAAGCGACATGCGTAGGCGAGGTAAAATCTAACAAATCGTTGCAGCGGCATTTGAGGGATGCCCACTTTTACTGTCGCAAAAGCAGGCATCCCTCAAATGCCGCTGAACTCAGGCGTTATGAGTCATAAGGAGAGTCTCAATGGAAACTAGGAAGTTCGCTGAATCTGCCCTGGGCTTTACAAAGAGCCCGCTGGGCATAATTACGCTCTTTATTGTACTTGTATACGGATTTGCGTCTCTCGTCGTGGGCCTCGGATCTGGTTTGTCAGAAAATGTGGTCCCACTAATCTATTTCATGGTTTATTTTCCCGTTTTAGTTTTCATCGGCTTTCTTTGGCTTGTCGCAAAACATCACAACAAACTCTACGGCCCCTCCGACTTCAAGAACGAAGATAACTTCATTAAGGCCCAAATGGCCACCGCAGCCTCGTTGGCCGCAGCATCCGCCAAACAGCCGGAAAACAGTGCTGGCGTCACGGAAATGCAACTTCGCGATATAGTTAATGTTGTGTCGAACCTGCCACGGCAGCTTAAGCACGAGAAGTGGAGGAATCGCATACTATGGGTTGATGATCGGCCAGAAAATAATGTCTATGAAAGACAGGCTTTCGAGGCTCAGGGCATCGAGTTCTCGTTGGCACTCTCAACCAATGAAGCCCTTGAATTGCTCAAGACAAGTAAATTTGCGGCGATTATCTCTGATATGGGCAGGAAAGAAGGACCGCAAGAAGGTTATGTTCTTCTTGAGAAGTTACGTGCAATTGGGGATAAGACACCCTTCATGATATACGCGTCGTCAAACCTGCCTGAGCACAAAAGGATGGCTCGTGAGCGCGGCGCTATAGGCTCTACAAACAGGGCAGACGAGCTTTTCCAAGCGGTAATGGATGTGGTTACAAATGGCTCATAACTAAACCCCATATTGTTATGCTCTTAAGGTTTTGCTCAATAAAACAGTAAGAAGAGCTATGGGATCAGAGGAGAAAAATATGAACCGCATTAAGCTTATCCATACCATTACCCAAAGATTGATCATTATGACTGCTGCAGCATTGCTGCTCCTCTCCGTGATTTTCGCTCTAAACTATTATTTCGATCAGAGATTCATGATTACATGGGCAGGCCTGTTGTGTGGTGTTATCG
NZ_CP020873.1_gap29	957785	958328	543	AGCCGGTCCATGCTCTCCTGGAGCCTGATGGCTTCTGCAAGGTAATCCCTTTCCAGGGATGCTTCGTACAGGTCCAGCAGTCCCCGGATCATGAAGGCGTAATCATCAGCTTTGCCTGGGATGGCGCTCTGTCCGTTGCAGTGGCGGCGGTAGAGTTCGCCTTCGGGCGTGACGAGGTGTTCGAGCATGAACGCTGCAGTTGTTTCTGCATGTTCAGGCAGCCGATGGTCTTCGAGGACCCTGCTTCCACGGGCCAGGGCCGAGAGCACGAGGCCGTTCCAGCCGGTGATGATTTTTTCGTCGCGCGCCGGCCTGGGCCGTTTCAGCCGTTGTGCAAGAAGTTTCTGTTTCGAGCTTTCAAGCAGTGTTCTGCATTGCTGTTCACTGACGAAGGCATGGTGTGCCGTCTCGGTGATGGTTTCCCTGGCAAAGAGGATATTTTTCCCACCGAACTCTCCATGCGGATCTTCGATGACGTTTCCGTTTGTTTCGATATGGTAGTGGAACCGGAATACCCGCTGTTCATCCGGGTCCAGGATATTG
NZ_CP020873.1_gap30	959351	963761	4410	TCATGGATCAGTTCGTTCGGCTGCTTGTTACAGGTCATGTTGACGGGCATGGAGAAGTGATCGGTATACATTCATTTATTGATAACAACCGGGAGTGCTGCTAAGTTCATGGTGTCTCACTCCCGGTTTTATGGGACCATTATTGTCTTTTTTTGGAACCTTCCTTTGGCCAGGAGGGTTGTTTAGGGAAAGGATCAGGCTGTTCAAGGTATGATACATCGGGAGATGATGATGTTCAGGTTTTTTATGGTATGTATGGTTCTTATGCTTGCCTCATGCAATGGAAACGCCGTCGCGCCTTCAGCGTCGGCAGATGGTTCACAACACGTTGAAAAGGAGAATACTATGCATTACAGGCCACTGACTCCTGACGAGGAGAAGGTTATCGTAAAGAAGGGGACCGAGATGCCCTTCAGCGGTAAATACGTCGATTTTCACGATGACGGCACGTTTGTCTGCAAGCGTTGCGACGCACCGCTGTTCCGCTCTTCCGACAAGTTCGACTCCGGCACGGGCTGGCCCAGTTTCGATGACGAGATACCCGGAGCGGTGCAACGAGTGCCGGATCCTGACGGGCGACGCACCGAAATCGTGTGTGCCAACTGCGGTGCCCACCTGGGGCATGTGTTCGAGAACGAAGGGTTTACCGATAAAAACGTGCGTCATTGCGTCAACTCGATCAGTCTTGATTTCAAGGCTGAGAACAGTGATGCGACCGCTTCTGCGACTACACGGAAAGCTGTATTTGCGGGAGGCTGTTTCTGGGGGTGGAGCATCATTTCAGTAAAGTGAACGGTGTACGCTCGACGACGGTCGGCTACACGGGAGGCACAACCGAAAATCCCCTCTACAGGGAGGTATGTTCCGGTTCTACCGGCCATGCCGAAGCGATAGAGGTGGAGTACGATCCGGATGTCGTGAGTTACGAAGAGCTGGCCAGGCTGTTTTTTGAAATACACGATCCCACACAGCTGGACCGGCAGGGACCGGATATAGGGACGCAATACCGTTCTGCCATCTATTACGCGAACGAGGATGAACGCCGGACGGCGGAGAAGCTGATCGGGATACTCAGGCAGAAGGGATATGATGTGGTGACCCGGGTCGAGCCGGTTTCAGAGTTCTATGCTGCCGAGGAATACCACCAGGATTATTACGAAAAGACCGGTCATGAACCCTATTGCCATATCTACCAGAAGCGTTTCGATGACTGAGCCAGTGCCGCCTGCTTGACAGGCGGCTTTCTTTTCTGTATATTATGGGCATATGCTAAAAATTTGGTGATTTTCCGATCAACAATCGATATGCGGCTTGGCCGGATATCCTCAATGGAGTTTTCATGATTATTGCAGTACCGTTGAATGAGCAGGCAGGATTTGGTTCTTCAGTCTGTGAACATTTCGGAAGCGCGCCCTATTACGGTGTGTTCGATACCGGGTCGGGTGAACTGAGTGTCGTGGAGAATGTCAACAGCGAACACGTTCACGGACAGTGTCGTCCGGCCGACATGTTTACCGACAACCGGGTCGATGCCGTGGTATGCAACGGAATAGGTGGACGGGCGGCTGCAAAGCTGCAGGCTCATGGTATCGAGATACATATTGCAGGGCTTGCGCCGAACATGAAAGAGGCTGCAGACCGCTTTGTACGGGGAGAAACCAGGAAGATGGATACCCGGAATTTCTGTGAAGGTCACGACTGCCACTGACGGCCGGCGTGTTCTCCGGTAAGGGTCTGATGCTTTTCCCTCTTCAGGAAAGCATCAGCAGGCTGACCGCCATGACCCCCATTCCTATGATCAGGCCAGAAATTGCCAGGTGGTGTTCTCCGTATTCTTCTGCCGTTGGAAGAAGCTCATCGAGCGAAATATATACCATGATTCCTGCAACTCCGGCAAGAATGCCACTGAAGAGCAGAGGGGTAAGGAATGGCTTCAGGAGCAGGTAGCCAATAACCGCTCCGGCAGGTTCGGCCAGTCCGGACAGAAATGACAGGGAAAAAGCCTTCTTTTTGCTTTTTGTGGCAAAATATATCGGCGCTGCCACAGCCATGCCTTCAGGGATATTGTGCAGTGCGATGGTGGATGCGATGACGATACCGAGACTCTGGTCCGACAACGCGCTGAAAAAAACTGCCATTCCTTCAGGGAAGTTGTGAATGGCAATGGCAAATGCCGTGAACAGTCCCATTCGGTAGAGTCGGTGTTCTTCAGGTACACCACCCTCTATCTCTCCTATCAGTGACATTTCATGCGGGTTCTCGACATCCGGGACCAGCTGGTCGATGAGCCATATCAGTCCTATACCGAGAAAAAAAGCCACGGTGATGATCCATGCTGCATGATGTTCGGGAAGGGTATGGATGATGGACTCTTTTGCTTCCGGCATGATTTCGACAAATGATACATAGAGCATGATGCCGGCCGAGAAGCCGAGGGCAAATGTCAGGAAACGCTTGTTGGTATGCGGCACGAGAAATGCCAGGGCACTGCCTATACCGGTTGACAGTCCTGCAAGCAGTGTGAGCAGCAACGCAGGTCCGAACAGGTCGGAGGAAAATTCAGACATCAGTGATCGGAGTTGAGGGTTTGGTTGAACTTGTGTTGACCGGAACTGATTGTCAGGACACCAGAGATCTGATCTTTCCGATCAATTCCTCGACACTCCCGATCGCATCGATATCGTTTTTTGACAATACCAGGTCAAGTTCACCGTTTGAACGCAGAACGACAGGATATTCATGCGACTCGCCGTACTTCTTTTCGAATTCATCGCGGTGCAGAAATTCCATATCGACAGCAGATTCCTCCCTGAAGGATTTCCAGGCCTGTTTTTCGGAAAAGGTGTCGTGGGTAAGGCTGCAGAGTCCGCATTGGTAGGTCTCCGGGCTGAAGAGCTTGTGGCCGATATCGAACAGCCCGCTTACCGGGCCGCTGTCTGCGTTATAGACAAAAACCAGTTTCATCGGTGTAAAGGTTTTAATGTGTTGCTATGTCGTTATACTAACTTGTTTGGGCCTCTGCAGGTTCCTCGGGAATGGTTTTTTCCGTCTATTGTTCGAGCATGGCCATAATCCCGTCGAGTGAATCGCATATCGTGAAGAGCTTGCGGTAATCCGGTTTTACCATACCTTTGAGTGCCAGGCCGTCGAAAAACCCGGTCAGCGGTTCCCAGAACCTGTCGATGTTGTAGAGCAGGACCGGTTTGTCATGATGGCCCAGGTGGCGCCATGTGATGACCTCGATGAGTTCGTCAAGGGTCCCGAAACCTCCCGGCATGACAATGAACGCGTCGGCCCACTCGGTGAGTTTCATTTTTCGTTCATGCATGGTTTCTACGACATGCAGTTCCGTGATCCCGTAATGCGCAACCTCTTTTTCTTCGAGGAAGCGGGGGATGATGCCGCGGACCGTTCCACCGTTCTGCATCACCGAGTTTGCGATGCTTCCCATCAGTCCGACGTTTCCTCCACCGAATACAAGCGTTATTCCTTTTTCTGCAAGCGCAGCGCCAAGTTGCGTGGCTGCCCGGAAATAGCTGTCGGCAACCCTGTTGCTTGAACTGCAGTAGACGGTTACGGATGAGATCATGTTAGTCGTTATTCGTTGTTCTTTGGAGGTGAATCGTCTGTTGTCGATTGTCGGTAATTGACGGTGATGCTGTCTTCGGAGCGACGGTATACATAGGTCCTTGGTGAGGTGATCTTGCGGACCCTGTAGGTCCCGGAGGCTCGCTGCCAGAAATCGTGATCTTCGGCATACGTGAGATTTCCGAACCCTCCGAGCTCGACGAACACGTTGCGTCTGCCGAAGAGCGTGCCGCAGAGAATGCACTGGCTGATGTGGATCATGCGGTCGGTATCGGTGCAGTCTTTGACAAATACATCGTCATCGCCGCAAAAGCCTCCCGAGACGAGATCGATATGTTCGTTTGTACAGACATACCTGTAACGGGATTCAAGATGGTGGTCGAGATAATAGTCGTCGCTGTCGAGGAACGTGATATACTCTCCCATCGCAGCCTGGATCCCTGCATTTCTCGACAGGGCGGCATTTCTGTTGCTGTGGGCCATGTAGCGGATCCGGCTGTCTCTGCGAAGATAGGAGTGTAGGATATCGCAGGTGTGATCGGTGCTGCCATCGTCGATGACGATCAGCTCCCAGTCCTGGTATGACTGGCGGATAACGCTTTCGATTGCCCGGGAGAGTTTTGCTGCCCGGTTATAGGTCGGCAGAATGACCGATATTGACGGTATTGGCAGAAAATTCATGACCGTGATCTCTTTGGCGGGTTCAGGCTTCGCCGACGATCTGTACGAATATTTCCCGCGTTCTCGGACGGTTGTCGTGGTCGATACAGACTACCTGCTGCCAGGTCCCCCGTTTCAGCCTGTTCTTGTGTACCGGCATGG
NZ_CP020873.1_gap31	1115376	1117460	2084	CTGTCCAGCTGACGTCAAATTGGTTCGAGCCTTCATTGACGGTGATGGCGTTTGCCGCTCCGAAATTCAGGTTCAGGTTGTCATGGTAATGAAGGATAATAAAATCCGGAACCGTGACGGATACGTTTGTATCTGCAGAAACAATCGGTCCTGCTACTGTCGCGTGAGCGGTCCCGGCAGTCATGAACAGGGCAGTGGCAAACAGTGCGGTAGCGATTGTGTTTTTCAGTGTGTTTTTCATGATGATCTCCTTGAGGTTGTTTTTCGATACGTTTGTATTGTGAACTTCTTTACCTCAAGTACCGCAATCACCATGCCAGAATCTGAGAATTCTTGTTTATTTCTTTTTAAGTCATTCTTTTACAAGCGATTGCTTGGTTTTTTTCTGATATTGGCCTGTTTTTTTGATCGTTGTGGTTGATGCATGGAGTGTGCGCTTATGAAACAGGTGTTGTGTTTTTGAGAGTATCGTTCGGTATTGACCCGGTTTCGGGATCATAACGTCGTTGCCGTAACCTGAATACATTTCTCTGATGGTGAACCTGTCGTGACGGGGTTCAGTGATATGGTGGAAAATGAGTTGCCTGAAGAGCTGAAACAGCAGGTATTGCCTCGGGCAGAGCTGGAAAAGCCGGCAGAAACGACTGGATATCCGGAGGTCGCAGTTACCGGTATGGGGGTTTCTTGTGAGGCAATCGCAGGAAATCCGAGATGAAAAAAACCCACTACAGACACAGAAACCGATGTCGTTGCATCGACTGGTTCCGCCGACAGATTGTCGATGAGAGGGCAGATTATCGACAGGGCGCAGAGAACAATCCCTGCTATGGTACTGTTATTTTTCATTTTTCATGTCCTTGTATCCGGACAATCCGGCATGGAGGGTTTACAGGACATTCTCTCCCTGAAATATACCTCCCTGCAGCAAGGTATGCCAGCATTTTTTCTGATGGTTAGGATCTTTTTCGATTTTCGCGTACACTGTTTTTTTCTGAATTTGAAGGCCTGTATGATATGTGGGACGTTGTATACATCAGCGGCGGCGCGAGGAGCGGCAAGAGTTCGTTTGCGCTCGAACGTGCGCTGCAGTATCCTTCACGTGCGTTTCTTGCTACGGCCGAGCCGTTCGACGATGAAATGGTCGTACGTATCGACAAGCACCAGCGCGAACGGGGAGACGGTTTTCTGACTCTGGAAGAGCCGATCGCCCTTGATGAGGCAATCCGTTCTGTTCCGCAGGGGACAGATGTGGTGCTTGTCGATTGCCTGACGGTCTGGACCGGTAACATGATGCACCGGGAGTTTACGGATGATGAGATCATGAGCATGGTCGAGCGCTTGCTCGATGTTCTCAAAGAGCCTCCGTGCCATATCGTTCTGGTGTCCAACGAGGTGGGTATGGGCATCGTGCCGGAGCACGCCATGTCACGCCGTTTCCGTGATCTTGCCGGGATGATCAACCAGAAGGTTGCCGCCGTGGCTACAGAGGCGTATTTTCTCTGCAGCGGGCTGCCGATGTGTTTGAAGAAGGTGATCGGTGACGAGTGACGAGTGACGAGTGACGAGTGACGAGTGACGAGTGACGAGTGACGAGTGGAAGGTAGGGAAATTACGGAAAAACAGATGAATTTGGGCTTGACTGTTTATTTTTGCCTTTGTCCCGTGTAGGGGTCAGGGGCGCTGACCCGGGAGACAGGAGACGGGAGGTCGGGGAAATACGAAACAATACATGAATGGGGTCTTGACTTTATCTGTGTGACGGGGATAGTTTCCTAACTATTCACTATTCACTATTCACTATTCACTATTCACTATTCACTATTCACTATTCACTATTCACTATTCACTATTCACTATTCACTATTTCAAACACATCAACACTCTTCCATGATCGATCAGTTTCAGCAAACGCTGTCTTCGATAACGGCAGCGGATATGTCGTTATCCAGGGCTGTACAGGCCCATCTCGATGACCTTACCAAGCCGAAAGGGAGCCTGGGCAGGCTTGAGGAGATTGTCATGAAATACGCTCTTGCCCGTGGTACGGACCGACCTGAATTGAAAAAAAAGAAGGTGTTCTGCTT
NZ_CP020873.1_gap32	1206991	1210757	3766	GGGATTGCCCGTTTCGATTCGCTGACAATAACCGGGACCGGCAGTTATACGCTCGAAGCACGAGCAGACGGTCTCGTTTCGGCCCTCTCTTATCCCTTCATGGTCTCGGCCGGCCAGGCATCAGCTGCAAGATCAACCTTTCAGGCAGAGGAAGAACTGATAACGGCCGACGGGATGAGCACCACACAACTGACTGTTCGGGCAATCGACAACAACGGAAACCTGTTGACAGTCGGGGGTGACAGGGTGCTGCTGAGATCCTCTGCAGGAACGGTCGGCAGGGTGACAGATCACCGGAACGGACTTTACACGGCAACTCTCACATCGTCTGCAAAACCGGCAACGGCAGTTATTGCAGCCATGCTCAACGGTATCGCCCTGAAGGACACCCTTCAGGTGGAATTTGCCGACCGGACAGCTCCTTTCATCACCCGGGTTGGCATGGCAGCCAAAAGCGAACCGGTCTACCCGGTACTCAACCAGCTCGACCTGGTCGTGGCAGCGGTGACCTTCAGTGAACCGGTCATTGTCAGCGGTACGCCACAGCTTGTCCTGACCATAGGTGACCGGAATGTACTTGCGTCTTACGTTACCAGTTCCGGAAGTGCGGACACGTTGAAATTCCGTTATACCATCCTGCCGGGCCAGCACGATGAGGACGGTATCGCAATTCCTGCAAATGCTCTGCTCCTGAAAAACGCGTTGATCCGTGATATGGCAGGTAATGCCGCAAAGACCGGACATATGCCTGTCCTTCCCGATCCTGCTTTTAAAGTCGATGCATTTCCGCCAAAGCCCCCGGTTCTCACCGGAACTCTCCAGGCCGGACATCCACGAGCCGTATGGTCATGGGTCCCGGTTACCGATGCAGCCGTCTATATCTGCCGCCTTGACGATCACCAGCCGGTCGAATTGCCGGCATCTGTCACCAGTTACATCCCAGACCGGGAGCTGCTGCCCGGCAAGCACACGCTCTCTGTTCATGCCGTCGACAGTGCGGGCAACCAGTCTGAACCATCTTCATATACCCTGCATATCCGAAAGTGATCCCTGCAGCAGGGCGGGTTTTCCGGTATCAGAGAACGAATAACCGGTAACATTTCATCGGGAGTTTGTTATTTTTCATTACAGGCAGCGGTCTTGCCAGGACCTGAAAGAAAGCTCGAGAGTGAGGGGATTGTCATTTCATTATCCGTCAACAGGAGGCATGAATCATGAAACTTTCTTCGGACGTGTCGGGACTGTGTATCCGGAAACGGTTCACACTTGTCATGCTGTCGTGCCTGTTGTCATTGAGTCAGAACGGTACGGCGTCGGCAGAGGTATCTTCAGTCCTTCCGGTAGCGGCTGAATTCGAACGTCAGGCTATTTTGCAGGAGAAAATCAAGGCGAAGCCGATCGACCTGTCAGGCATAACAATCACACGGCCTGCAGAAGTTGACTACTCCGGTTATCTTACCTACATCCGCAACCAGAACGCCGGTCCCGGATGCATGACATACGCAACCCTTCATGCCGCCGATATCATCAACGAGTTTCAGGCCCCCTATACGCCAGATCTTTCCTGGCAGTATGCACTGCGCACCTGGCACGACCTCTACAACGCCAAAATTCTTCAGAAAGGCGATACCGTTCCCCTGACCTGAACGACACGTTCAACCCCGGCGTCTCTTCCGAGGCACTCTGCCGGAGTGAATCAGATTACCTGACACCGGTACCGAAAACCGATCCACGCTATGACGGAAAACTTTCGAGCATCATGTACTGGGATCCCCAGCCAACCGCCGAAGCCCGCCAGGAAGCTCCGCAATATCGTTTCGAGATCGGCGAACCGATCACTCCCGATGTCGAAACCCTGAAAACCCTGCTGCTGACCTACGGGCCGGTCTGGGCGAGCGGAGGGTGGTGGTGGAATGGCGCGCATGCCATGACCTTTGTCGGCTACAGCGATGTGAGCAGGACATTCAAGGTTGTCGACAGCAGCGGAGACTGGGCACACCAGCATGGCATTGTCTCCATTCCCTACGATAAACTCACCGAATATGTCAGCGCGTTGCGGGTTGTGACCATGCTGCCATCGACCCGCCACACCGGTCGGTGGGCCTACTCCTCACGCATTCGTATCAGGGGGACGTGGCGTGGTACATGGACCGTGAAGATCGGTGTCGAAGGACGGGAGCCACTGCTTGTCTACAGGACCTACGGGCGCAAGGCAGACCGGCCGTATGCACATGGTGAACGGCTCGACCTGGATGTGCCGCTGCCTGCATATGCTGCAGAGTACTGGCCACCCAAGGCAGGTGCTCGCTGGTACCTGCAGGTTGAGGACAACGACCGCGACACGCAGACAGGATATGTCATGGAATGGACACTTGCCCGACGTTACGAAGACCCGGCCTGCCGTTCTGTAGACCGCTGGAAAACCCAGACCTTCACCTATTCGAAAACCGTCTATGTTCCCGATGCTACCGGTGAACCTGAAATTCCGGCAGGTAAACGCCCGAATCGGGGAAACACCCGTCCGTTTGCCTACCCTGCCAACTCGCAACCGGGAGTAGCCAGGTTGTATATGCCTGAAAACGCAGTGCAGGGAGCCGTTTCCGGCCTTGCATCGAAAATCGTGAGAAAGCCCGGTCTGCAGCAGATGGTGAGCCTGCAATCCAGCATCATTGTCGACAATGCAGATGTCGCCTTCGGCCCTGGTGGCCAGGTAGACCTCAGGGGAAAACTGACGTCAGCAGCAGCCACGGGTATTCCGGGAAAAACCGTAGGCTTGTATCAGCGCAGTGCAGATAGCAATATCAACAAGCCTCACTACTGGAAACTGGTCGACAGCGTCACGACTGGCCCTCAAGGCGAATTTCACTTTACGACCCTTTTGCAGCCAGCCCTCGCAGCCGAGGACCAGGTATATGGTATCGCCTACAGGAACGAAAGCGGAGAAACCGTATGCTCTTCGGAACCGCTTGTCAGGAAAAAAACGGTACCGCCAGTGCTCAACGATATCCTGACAGTGCCGCGCGAAAAAATAAAGCTCCAGCCCCCGGTACGGCAGGACAAACCCGTGATACAACCCAGAAGCATCATTATACCGGGACAAAAATAAAAACAATCTCCTTTCCCCTGGAACCGGAATGGGCTGCACGTAGCTTGTAGTGACTGCATGAAGAGGAGACCTGAAAATCCAGGGATGTGTTATATTGCCGTCCTGTTGTATGGATTATTATGTTCTGCAAGCAGGATGGTATATATCTCAGGTATGACTCATAAAGATGCAGGTATTGACAAAACATACTGATTATGCAATCCGGGCGCTGCTGGAGCTTGCAGCACGTCCCGGAGAGTATCTTTCAGCCCGGCGGATTGCCGATGCTCAGCAGATTCCCTACCAGTTTCTCAGGGGGATCCTCCAGGAACTGGTGCGTGGAGGGCTTGTCGGTTCGAAAGAGGGAGCCCGTGGGGAGTGAAGTTGCAGCGGAAGCCTGAAGATATTTCCCTTCGTGAAGTTATAGAATTGTTTCAGGGGAAGGTTGAACTGTCTGAGTGCATGTTTCGGAAACAGTTGTGCGCAAACCGCTCGAAATGCGTTCTGCGGCACCAGATCATGAAAATCGAACAGGTGGTGAGCAGGGAGTTCGATCGTATCACGATCGGCAGTCTGCTCGATGATCTCAAGGTGCTCAATTCAGCTGATACAACAGGCTGAGCTGCCGGCTATATCGACGTACGTTCAGATATGTCTTGCGTGTCATACCACGTTTATTAT
NZ_CP020873.1_gap33	1212676	1213851	1175	GTCATTCTCGATGTGCTCGAAGGGCGCTATGAAGGAGCCGCGGCTGATTTTTTCTGCATGAATGCGGCCGCGGCGCTGTACTGTGCCGGGATGGCAGAAGATTATCTCGAAGCTGCAGAAATGGCACGCATGGCACTTGCTTCCGGAAAAGCCTATGAAAGGCTGGAGGAGCTCCGGGCATGGCAGGGACACGGTGTTTCACTTCAGGCCTGATTTTTGTTATTATTCGTATTGCTGATATTTTCCTTATGATTCATATTCTTCTTATCAGTAAGATCAGTTGTATTTGTGACTGATATGCAAAGTGAAGAGTACTCCTGCAATTAATTCATTATTCTGCATACCGGCATGTTTTGAAACCTTTTTGGCGTCTCATGCATACAACGTAAAAAAGGGGTTTGATGGCGCAGATCAGTCAGGATAGTTCAACGCGGTTTCATTCCGGAGATTATGGCGCTCTGAAGGAGGTGGTTGCCATGTACCAGGAGCCCTTGTTCAGGATTGGCCTGAAGCTGCTTGGCAATCCGGACGATGCAAAGGATTTCTGCCAGGATGTATTTCTTCATGCATGGAAACAGCGTGAATTCTACAATCCTGAACGTCCGTTTCAACCCTGGTTTTTTCAGCTGGCATTCAACCTGGGACGAGGCATGCTGAGAAAAAGAAAACGCGTGGTTCCGGAAGAGTATGCCGAGCCTCAGAGCGTTGACGAAACCGCTCATGCAAGTGTTGTTGTCGGAGAGAAAAGTTTACGGGTTCAGGCACTTTTGCAGCAGTTGAAACCCATGTACAGGGAGTGTCTTGCACTGCGCTTTGAATCAGATCTCAAGCTCGAAGAGATTGCCGAAGTGCTCGGAGTTTCAACGGGTACAGTGAAAACCCGTCTGCGAAGAGGATTGATGGCATTCAAGGAACTTTATATCCGCAATGGAGGAGAAGAATGATACCATGTCAGAAAGCACAGGAACTGCTTGCCGATGATGCCCTGGGGTTGTGCAGCCGGGAGGATCAGCAGGTGTTGCGAGATCATCTCGACATGTGCGAAGCTTGCAGGGCAGAGGCCGAGAGGTTTCGTTCAGCAGTTCATCTTCTCGGACAGAAGGAATTGCCGTACCCGGTCCCCGATATGACCGATATCGTTGTGAAACGTGCCGGTGCAGAGAAGTACCCGAAGC
NZ_CP020873.1_gap34	1216032	1217573	1541	ACCGGTGTCGTCGAGCCACGTAACCGTTTGAAAATCCGCTCTTCGATTGCCGGTCGGATCGAGGAGATCCTTGTCGACGAAGGAGATCTGGTCCGCAAAGGGGATCCCCTGGCGCTGCTGAGCTCGACCGAGCGGGCCGCTCTGCTCGATGCCGCCCGTCTCAGGGATGATGAGGAGCAGGAATACTGGGAGCAGGTGTACCGGAAAACAGCTGTTCTCGCGCCGATCGAGGGACAGGTGATTGTGCGCAGCATCGAACCCGGGCAGACGGTGACGACCAGCGATTCACTCTTCGTGCTTTCCGACCGGCTGATTGTCACGGCGTATGTCGACGAAACGGATATCGGCCGGATATCGAAAGGACAGCAAGGGGATATCGGGCTGGATGCATACCCCGATGTCGTGGTGCAGGGGCAAGTCGAGCACATTCACTACGAGTCCCATCTTCAGAACAACGTCAACATCTACTATGTCGATATCATCCCTGAAACGGTTCCCGAGATGTTTCGTTCAGGCATGAGTGCAACGATAGATATCGTTGCCGAAGAGAAAGAGCTGGCCGTGCTTCTTCCACCTGAAGCGGTTCGCACTATCGATGGCAAGAGTGTGGTTTTGCAGAGAATCAGTGCCCGGAACGGTTCACCCCGGGATGTCTACAGGGAGGTAACGACCGGGTTGCGGAATGAAGAGTATCTCGAAATAACGAAGGGGATCTCTGCCGGAGATACCGTTCTTGTCGATAACGGTTCATTTTTACTTCCTTCGGAACGCCGGGGCAGAAATCCCTTTATGCCGTCAAGAAGGCGTTAGTCGTTGATTATGATAGAGTTACGCGATATTTGCAAAACCTACCGTATTGGTGACACTACGGTCAAGGCGCTCAGGAGTATTTCTCTCAGCATTCACGAGGGAGAGTTTGTCGCAATTATGGGCGCATCCGGTTCCGGAAAGTCGACGCTCATGCATATTCTGGGCATGCTGGACAAGCCTGACAGCGGTGAATACCGACTTTTGGGCACAAGCGTCAATGATCTGAGAGATGACGAACTTGCGGCCCTGCGCAATACGGCAGCCGGATTTGTATTTCAGCAGTTTCATCTTCTCAAACGGATGAACCTCCTCGACAATGTACGCCTTCCCCATATCTACAGCGGTGAACCGGGAGATAGTGGCCAAGAAGCCCTGGTGCAGCTGCGCCAGGTTGGCCTGGAGGAGCGTAAACACCATACCCCGAACCAGCTTTCTGGTGGTCAGCAGCAGAGGGTTGCCATTGCACGAGCGCTTGTCAGAGACCCGATGATCATTTTCGCCGATGAACCGACGGGAAATCTCGATACCCGAACATCGGCTGAAATCATGAACATTCTGCAGCGACTTCACAAGCAGGGACGCACCATCATTATGGTGACGCATGAGCAGGATATCGCTGCGTATGCCGAGCGTACCATTGTGATGTCGGACGGTTGTATCGTCAGTGATACAGGCTCTCGCCAGGTCCCGGGGCATGAGAGGTCCGGCCATCAAGAAGGCCGTGATGTTTT
NZ_CP020873.1_gap35	1294038	1294919	881	CGGCCCGATCGATCTTCTCCATAGCCATCTCCTCGATCAAGGTGTGGCTGTATTCGAGCGGCGCGCCTTTTTCGAGCTTTTCCATGTGACCGGCAAGTTCGTCATAAATTGAGTTGAGTTCGCTGACATTGTCGTTGAGATGCTCGACCTCTGTAACGTAGGCTTTTACACCTTTTTCGAATTCAGGGCTGTATTCCCATTTAAGATCTTCCTCGAGACCGTCGACAACGCTGTTCTGCTCCATGGTCACGGCTTTGAGTACCGTCAGCTGGTCACTGATGGTCTGCATGGACTCTTCGATCTCGGCCTTGAGCGGGTCACTCTTCGAACCGCACGCTGTAAGACCGACGAACAGAACGAGAATGGCAAATTGTCTGAAGAAAGTAAGGCTCTGCTTCATTGTTGTTGCATATTTATGTGTTAGAGATGTAACGTTTGTTGTTGAAATAAATCACGGAAAAATATCAGCGAACCTCTATCCGTCCGCTGACAATCTCTTCCCTCAGCTGTTCGAGACGGGCGTGAACCTCTGCCCCGACAATTTCGGCATTGTCGCTGTTGTAGACATAATCGGTATAGCGTCCCTCGAGCCCGAGCACATGGACCGTTCCACCGTGAAATGTTCCGGCAAGAACATCCTGCACCGTCGAAAACACAGCCCTGTCGACCCCCTTGATAATACTGGACAGCACATAACCCGGCGCAAGGTAATGCTGGTCCCTGTCGGTTCCGATGACATAGTGCCCGGTCTGGCGGGCGGCTTCGATCACACCGAGCCCGCTTGCCCCGGCTGCCTGGTAAATGATGTCAGCTCCACGGCTGTACTGGTTGAGCGCCATTTCCTTTCCACGGGCCGGATTGGTAAACGCGCTGCCGGTCAT
NZ_CP020873.1_gap36	1296281	1298623	2342	CAGGGAACTGCTCTCTGCAGCAGGCCTCACACCGGGAGCATATTCATCAAAGCCATCTGTCAGGCTCGATCCGGGGGAACCGATTCACAACAGCGCCCTGAAGCTCCTGATGGCCACCTTTCGGGTCATGCAGGCAAACGAACCCTGGCTGTCGAAGGATCTGGATACTGAATTTCTGCATGATTACCGGGTAGCCATACGCCGTACCCGCTCTGTACTTGCACAACTCAAAGGTATTTTTCCCTCCGCCGATACCGAAAGGTTCAAAAACGAATTCCGGCAGCTTGCCAAACGTACCAACGACCTGCGAGACCAGGATGTCTATCTTCTTGCCGCCCCCTCTCTCAAAGCGATGCTCCCCCTCCCCTGCAACCAGGGCTCGATACATTTCTTGACGATCTCCGGGCGGCCCACAAAAACGAGCTCGGGAAACTGCGGCGCTATCTCCGTTCACGCCATCATGCCGAACTGCTCCACTCCTGGGAAGCATTTCTCACAGAACCGCAGCAATGCTCCCCGGATGATCCGCCTGACGCCTCACGACCTACAGCTTCTTTGGCAGTCGACACCATCAGGAAAGCATGGAAAAAAGTACTCCGCCACGGCCGCAACATCAGTACCGAGGCAACAGACGAAGAGCTGCATGGATTACGTCTCGACTGCAAGAAGCTGAGGTATCTGCTGGAATTTTTCGTATCGCTCTTTCCTGAAAAAGTCATCGGGCCTGTCATCGGCCATCTCAAGCAGCTGCAGGACAATCTCGGTGTATTTGTCGATCTTTCCGTCCAGCAGGAGTACCTCTACGGCTACCTCTCCGAAAAAAAACAACATCCTGACTACGATGCCCTTTCCCGCGCATCGATCGGAGGACTGATCACTGCGCTCTACCACGAACGGGAACATGTCCGCAAGCGCTTTCATGCAACATTTTCACACTTTGACAGCGAGGAAACCGCAGAACTGTTTTCACGACTGTTTCAACAATACCGCTGAACAATGAAAACCATCGCACTCTACAGCATCAAGGGAGGAGTTGGAAAAACCGCGACAGCCGTAAACCTTTCCTACCTGGCATCGAAGGAGCACCCCCCTGTTCTGATATGCGATCTGGACCCGCAGGGAGCGACATCTTTCTATTTCAGGATTGTCCCGAACAAAAAATACAACAGCGCAAAGTTCCTCAAAGGCAGCAAAAAAATCTACAACAACATCAAGGGGACCGATTTTGAACAGCTGGACCTTCTTCCGGCAGATTTTTCCTACAGAAATCTGGATATCGAGCTGGGAGAAAAAAAGAATCCCCAAAAAACACTGCAGCAGAACCTCGAAGAGCTCAGCACCGAATACTCCCTGATTTTTTTCGATTGTCCTCCCAACCTCACACTGCTGTCCGAGAGTGTATTTGCAGCCTCGGACCTGATCCTGGTACCGATGATCCCCACGACGCTTTCGTTAAGGACCTATGAACAGCTGATCTCCTTTTTTCGGGAAAACAATCTCGACACAAAAAAAATCCGCCCATTTTTCACCATGTTCGAGCGACGGAAATCCATGCACAGGGAAATAACGCAAAGCTGCAAAGGAAGAAAAGGGTTCATGGACACCACAATCCCCTACAACTCCGAAGTCGAAAAAATGGGCCTGTACAGGGCTCCTCTCAATGCGCACCTCCCTCACGCCCCGGCTGCGATTGCCTACCGCAGATTATGGGAAGAACTTGCAGAGAAAGAACAGCTCACCTGATCCCCCCATCCAGCACAATTCATGTATAGCATATTTTCTTTATTAGTTGTGTTATAAAAAAACAAAAGCAACAAAAAAAAGAAGAATAATTTAAACAAGAAGAGAAAGAGTATATTATATTCAGAAATACAAAAAAGTTCAATTTATCGGAAACAACAGAAAACCATATTCATACCGATCATGATACTGGTCTTTTCAAATCATAAGGGGGGGGTGGGCAAAACCACATCGACTCTCAACATTGGTGCCGCTATGAGCAGAAAAGGACGGAAAGTACTGCTCATAGACATGGATCCCCAGGCAAACCTCACCCGTTCACTGGCAATAGAGGACCCAGGGAAAACGATCTATCATGCGCTGAGAGGCGACGAAAACATCGAACCGGTAAAGATATCGACAAAGCTCCATATCGTCCCCTCCTCCCTCGACCTCAGCGCCACTGAGATAGAGCTCAGCTCCGAAACCGGAAGAGAATACATACTCAGTGAACTTCTCCAGCCTCTCACATCCGATTACGATCATATCCTCATCGACTGCCCGCCATCTCTTGGACTGCTGACAATCAACGCACTTGCTGCCGCCACCCATGTTTTTATACC
NZ_CP020873.1_gap37	1299713	1300629	916	GAGCAGCACCGGTATGTTCAGGCAGATGCTGCGCTCGAGCAGTGCCCGTGTTGCCGGCCAGAGATCATCGAGGTTCCGCTCCCTGTAGCGTTCATAATCAGGCAGAAGGTGGCCCCATGAGCCCGCAAAGTGCCACTCGAAAGCTTCAGGAAGTATTTTCGTTCCTATTCCCCGCTCCATCAGGACCGCTTCGAACGACAATGCAGCCTGCCTGTTCTCGAGGCTGAATATCAACGTATCCCCCTGTGCCCCCTCTTCATCGTGAAACTTCCTGAATGCAAGTCCCGGGAGATGAATGATCTGCTCTTTGACCATGCGCTTGTTTCGGCGTGAACGTTCAAGGATCTCTTCCATTCTTTTCACCTGGGCAACCCCGACGGCAGCTGTAAGCTCGCTCATCCGGTAATTCAGGCCCCGTACTCTTCGCGGGTCCCTGCCGCGTGGAAGCCCATCGACGTGCATATGCCCATGGTCGGAAAATTCTGCTGCACGGTTGTAGAGCTCTTCATCATCGGTAATGACAATCCCGCCTTCACCGGTATGCAACGTTTTTCCCGCATCGAATGAAAAAGAACCTATGTCGCCGATAGTCCCGAGAAGCTCTCCACGGTACCTGCCTCCCAGCGCCTGGGCAGCATCCTCTATCAGCACAAGTCCATGTCGGCGGCACAGTTCCGAAATCCGCTCCATATCCGGTGCCGCCCACATCGGGACAGCCACCACAGCTTTGGTTTTCTCGCTGACAGCTCTCTCGACAGCTTCCGGATCGAGATGAAACGTTTCGTCGATCTCTACCGGAACCGGAACGGCCCCCAGTGCACAGATCGCTTCGACAGGAGCAACAAAGGTAAATGCGGTCGTGATGACTTCGTCACCAGGCCCGACCCCTGCAGCGGCAAGAGCGCAGTGTATGGCT
NZ_CP020873.1_gap38	1400344	1404128	3784	ACCCAGGTCAACGACTTTTTAGGTCTCGGCATCACGGAGCTGCCCGCAGGGTTTATCGAAAAATGGACAGCCTACATTTCCAATCTGCAACACATTCACCAACCGACACTCCTGACCGGGCTTCTTGCACTGGCCATCATTCTGCTATGGCCGAAGGTATCGAGAAAAATACCGGGTTCGGTCATCGCCATTATGGCAACCACCCTGATGGTACAGTTGTTTCATCTTGACGTCGCAACGATCGAGACCCGGTTCGGCGATATTCCGTCAAGCATTCCGGCACCGTCACTGCCTGACTTCGATCTGACAACCATCCGTGAGTTGATCATGCCGGCCACCACGATTGCGATACTCGCTGCAATAGAGGCCCTGCTGTCAGCAGTAGTCTCAGACGGCATGATCGGAGGCCGTCATAAATCAAATATGGAACTCATCGCCCAGGGAGCGGCAAACATCGTCTCTCCCATCTTCGGCGGCATTCCGGTCACAGGTGCCATAGCGCGCACCGCGACAAACGTAAAAAACGGAGGGCGAACACCCGTGGCAGGCATCGTTCATGCCATCACCCTGCTCTGCATCATGCTGCTCTTCGGAAGCTGGGCAAAACTCATCCCCATGGCGACACTTGCGGCGATCCTCATCGTCGTAGCATGGAACATGAGCGAATACCACATATTCCAAAGACTGCTCAAAAGCCCTCGAAGCGATGTTATCGTTCTGCTCACCACATTCGGCCTTACCGTCATCTTCGACCTTACCATTGCCATCGAGGTAGGTCTGCTGCTTGCCGTCGTGCTCTTTATGCAACGAATGGCAGGCATTGCGAATGTCGATGTCATTACCCGCGAACTCAGAGACCGGGAAGAAGAACGTGACGATCCTCTTGCGATCATTACCCGTGAAGTTCCCGATGGTGTGGAGGTGTACGAAATCAACGGACCGTTTTTCTTCGGGGCTGCCTCCAAGTTCAAGGAATCGATGAGGATCATCGAAAATCCGCCAAAAGTCAGGATTCTGAGAATGCGTAACGTTCCGGTTATCGATGCCACCGGTCTCAACATGCTGCAGGAACTGCTCAACAGCAGCCGCAAACAGGAGACACGGCTGCTGCTCTCCGGAGTACACCCCGGACCGAAAAAAACCCTTGACAGGTTCGGGCTTCTCGACAGCATCGGCAAGGAAAACGTGTTCGACAACATCGACGAGGCCCTCGAACGAGCCCGCAGCTTAAGCGCAGAACAATAAAGACCGGCAGCACCGGCAGAGGAAAAATTGATCAGTCGATATCCTTGATATCGCCGATATCGGGAATGTCATCGTGAATGACCGCCTGCACCCGCTCCATGGGGACATCGGCATCCTCTTTTGGAACAACCTGTTTGCGCGGCTTGTCGACAGCTGGAACAGGAGCTGGAGAAGAAACGGAAAAGAGAGAAAGCTGTTCAGCCTCACAACGTTTCATGACATTGCGTTTGACCGGACGCTCCAAGGTCTGAGTGCCGTTCTGAGGGCCCGGTTCGTCAGGAACGCGAGCAGGTGGAGCACTCCTGTACCGATGGCCTGCATAACCACCCTCGCGGCTCATGGCATCCCCGACAGCATCTTCGACATCCGTACGGATGTTCTGCAGTATCCTGAGAAAATCTCCCCGCTGCTCTGCCATTTCTCGACGGATATCCGCCCCGAGCCGTTCGAGCTCCTTTCTCTGCCATCCAGGCCATCCAGTTACCAGCAAAGCCACCACAACGCAAAGCAGTAATAAAATGATCACCAGCAGAATGATCACCGTTACCGACATAGAAGCACTCCTTTCTTATGATACAGCCATTGCTACCTGATATCATCGGGTAGCGAATCATCATGATGTAAAATCAACAGGTATGAACATTCCCCATAAACAACAGGGCCAGCCCATAAGGTCAGAATTCACTCTTTCTGGAAGTATAACACATTTACAGAGCTTTTACATTGCCGGGAAAAACTGTAACAGGAGAATTACAGGCACGCAAACACATCCATGGCAAGTAAAAAAGCACGAGTCATCCTCTCTTGCCGAGCGGAAGCAATGGGTTGACAGGGGCACGGCACAGGCATAACGACACAAAACCCGGCCGAAAGTGATCGACCGGGCCATAGGTTGCAGGTGCGCTCCCCCCTGCGCATGTGGTCCTGCAACACCTTCAATGTAGTCATTGCTGTGAAAGAAGGCAAAAAAATCCACGGTCAGAGCCATCGAACACCGTCCAGCAGGAAACAAACAAGAATCAGGAAAAAATACAGCAGAAAAAGGAGGGTTTCGGGTTTATGTCGCTCTATCGGGATGCTAAGCAACTTCAGCCTCTCCAGGTAATCAGCCCGTGCCTGTACAGGCACATATGCTCTTCGAAGAACCTGATGCGGTTGACTTCACGGTGTAACAGAAAACACAAAACCCCCGATTTCCCGGGGTTCTGAGCCCTATTGCCTTCGTATGGTTTTAGGTTGGTGTCGGGGTGGCGGGACTCGAACCCACGACCTCTGCGTCCCGAACGCAGCACTCTACCAGCTGAGCCACACCCCGTTTGTTTCTATTTCCTGTGCCCTTGGACAGACTCGAACTGCCGACCTTTAGTTCCGGAAACTACTGCTCTATCCACTGAGCTACAAGGGCATCACGTCATCCTGAACGGGTCAGGACAGGGAAAATAACAATTTTTTTCAAACCCCCATCACAAAAAACATAAACGACAAAAAAACCTGTAGTCAGTTCCCTGCCGCTTCTGTAACAATCTGCTCCGAAGCAAGGTTGGCGCTCATGACCGCCCCACCCATGGAATCATAGTACAACTGCTGTGTGAAACCACCAGCAAGGAAAAGGTTCGGTACCGGAGTCTTCTGTGTCGGACGGTACTGCTCCATAGCCGGCAGAGGCGCATATACCGAGTGAGGTATTTTCACGAGAGTTGATTTCAGAATCTTCGCCCCCTGGATGTAGCAGGATAACAATTGCGAATATTTTGATCGACCCTGTCGATAATCTCCTCCTTGGTCAGCGAAAGCAGCTCTCTTGCCGGAGCGACGCAGAACTCGAACCGGGATTTGTTCAGATGAGGTGAACCTCTCAGCACCCGGTAGTCAGGCGTGGTATTGGCAAGATCGGCATACACGGGAATCACACCGTCAGGACTGAAGAGAACATTGTCTATCGGTGTAATCTGGCGATCATACCATATCTGCGCCGAAATGACAGGCACACCGTCAAGATGCTCGAGGTTTCCGAAGAAACGATCGCTGGCCTTCAATTCACGAGGAAGCACCTTGCGAAGATCATGTACCGGCAGTGCAGAAAGATAGTAATCAGCCGTAAGCACATCGCCGTTGCGCAGACGCACCCCCTTGATCTTGTGACCGTCAAAAAGAAGTTCGTCCACCGCCGTGGAATCATGAAATTCCGCTCCCTTGGCACGGGAGTAATCCTGAAGCGGAGCGATCAGATATTCCTGCGGGGCCCCTTTCAGAAATCCCATGCGCGAAGCATCGGGAATCCTGTAAAAGACTTCGGTGACATCGAGAATGATTTTTGCCGAGATCTCCTCGGGAGGGATGAATTTAAGAGCAAGAGCCATCGGCCTGAACATCTTTTCAAGCAGACGGTCTCCGAATTTGTGCTGCCGTGCCCACTCGGTAAAGGTAAGATGGTCCTGGGTCGGAGGGTACTTGTCCTTTTTAAGAGCAAGAGGGACCAGAGATTTGGCAAAAGCCGCCATCTCCCCGAAACTGAAGTAACCATTTTTGACGATTGCCG
NZ_CP020873.1_gap39	1440978	1445076	4098	ATGCCGGTTTCTTTCAATAGCTCATCGAGAAACTCGATCATCTGCATGCGCAGCGGAAAATCCAGTCCGGAGAAAGGCTCGTCCATCAGGAATATATCGGGTTGGTAGGCCAGTCCACGTGCCAAAGCTACCCTCTGGCGCATCCCGCCACTGAGCTGATCAGGGTAGTAATCTGCATACCCAATAAGCCGGACCGCCTCCAACGCATCGCGAACCAGTTCGCGTGAAGTGCGTTCCTGATGCTTCTGAGAAAGCACAAACCTGATATTCTCCTGCACGGTAAACCACGGTATCAGGCGTTCTTCCTGAAAAATGTATGCAAGACGGGCATCGGGCCGTACAAGCTCGACCGTGCCAGAAGTAGGCTGCTCGAGCCCTGCGATCATGCGGAGGATAGTGGTTTTTCCACACCCGCTGGGCCCGACTATTCCCATCACTTCTCCACGGCGCAGACTGCAGCTGAATGATTCGAGTACCGTTGTTTGCCCGAATTTCTTGCTCAATCCGTTGCAGCGAAGTATCTCACTTCCCATCTCTTTCTATTCTCAGTTTTGATTTCAGCATGTTCACACCCGGTCGTATTACTCCATATTCCAGCGAAAAGCCGAGCAACACAATAAGGACGATATAGGCATAGACAACATCAGCGTCGGAGTAGAGATAAGCACCCCAGAGCCTTGGTCCAAACCCCCTTGCTGCGGTAAAGGCTTCCGCCATGATGATGACCCTCCATATCACACTCAACGAGGCAGAAGACGCTGCAATCGAGCTCATGAGAATTCCGGGAAGATATACGGAGACGAAAAGTTTCGACCTCCTGACCTTGTAAGCCACGGCCATTTCGATGAGATCACGGTCAAGTCCCTTGACTGCAGAAACGGTATTGAAGAAGAAAATCGGTACTGCCGCTGACAGTCCGACCATAAACGAAGGAGCCGAACCCATCCCGAACAACAGGATCGCAATCACCAGCCATGCGACCGGAGGTGCGCTTTCGGCAAGCACCATGACGGGATGCAGCATATCGAGCAGCTCTTTGCGCAATCCTGCAAGAATTCCCAGTATGGTCCCTACAACCAGGGATGCTGCAAAACTTCCTACTACGCGCCAGAGGGTGACCTGCAGATCAGCCATAAAATACCCGTCGGCAACCACGTCCCCGAGCGCATGAAACACGCTTAGGGGAGGAGGAATGATTGCCGGCGGATAGACAGCACACAACACAAACCAGAGAACGACAACTCCTGAAATTCCCAGAAGGAAAAAAAACAATGAACGCATATTTATTTGCAGAAAACCCGATGACGATCACAGCACAGAGCGGAACAGGTTTGCGTCGATCGAAACATCGTAAATTCTTTTCAGTTCACTCGTAATCACAGATTCAACAGCATCGGCCTTGCGAAAATCAAGCTTGAGCCTTCCGGATTGGAGCATGGAGCGATAGACTGAAGCTGGTGCATTCTGGCCATAGATCTCTTTCATGGCCACTGACACGATTCGGGCAACTTCATCAACATTTCGAGGGTCTCCCACATAGTCGACAGCCTTGCCGAACCCCTCTACAAACTTCCGGGCAGCATCCTTTTTACTGCCGATACGTTCAGGATCGACTACCCATAATCCACCAAGGGGAGTTTCACCCGTTTCCGGACTGGCTGCATCCTGCGAGTCCATGATCACCCTGTAGCGAATTGGCCAGTTTTCTTTCTGCTGACGCTGAAGAATAATACTCACCATTGGCTCGGGAGCGACAAACCCTGCCGGGGCACTTTCAGGCCTCGACAGCTGAGCCATGAGAACCGGTCCGCCTCCACCGGAAACAAAATCGGCACGAATACCTTTTGAGCGCAATGCATGATTGGCGACCATGTGAGAGGGCGTCATGATGGCAGGCACGGCAATAAGTCGCTCACCGTTCAGCTTTTCGACACTTGTCACTGATTCCTGCGCTGCAAGGTAGACCCCTTTCCAGACATGTACCCCTACAAGGGAGAGATTGCTCATGCCGGAACTGTAGAACCGTGAGCCTCCAAGTACACTGAAGAGCGCGAAATCGGCCGACCTGCTGTACAGCATCGCTCTCATGGCGCTCGGGTCGCCTGAAGGAGCCATCACCATGTCGACATCGACCCCCGGCATCCACTCCTCAGCCCTGGCGCTGAGTACGGCCATAGGAATGAAATTCGGGTCCGGCGGGGTGATGACCGAAAAGGTTGTCGTCGAAGTGAATGGCGTCTTCTGAAGAGAACCCTCCTGTGCAAGGAGCTCACCGTCTGCCCCCGTCATCACGGCAAGGGTGCAGGCGGCTACGAGCTTCAGCATCAGGGAGCGATATGTTTTCATACGTATTCTCATGTTCATCATCGTATTGACAGGTTCAGAACGTGTAGCGAAGCCCGACATAACCGAACGTGCCGATGGTCGAACCGAGCTCTTTGTCGACATCATCGTCGAACAGGTTGTCGATACCGGCATAAAGTTCACCCCCATCGGCAAACTCCGGCATCCAGGACATTTTCAGATTGACGAATGTATAGTCATCTGCCACAAGGCGCTGCATATTTTTTTCATATGTCTGGTCCCCGGTATAGAAGACCGCGGCATTGAGCAGCAGGTTCGAAACAGGCCGGTAATCAGCTGACACCGACAGGGTAACCTCCGGCGTATAATCCAGGCGATTTCCTGTTGTCCTGTTTTCAGCATCCATCAACGTAACGCCGGCATTCAGGTCGATATCCTCCAGAAAGCGGAAGCCGAGGTATCCTTCGATCCCTTTGATGCGTGCATCACCAACGTTGTCGAAGGTGTAATACTGGCCTCGGGAAACCTGCCCGATGCGATCATCGATCGAGTTATAGAATGCCGATACCTCATACTTCCAGCTCTCTCCCCTGCCGCTCAGGCCCACTTCGATATTGTCACTGCTCTCCGGGTCGAGATCACTCGCAGTTTTTCCAATACCGGTATCGATCGTCTTGGCACCGAGAACACGCCCTTTGGGAGTATTGCGGTTCATGTAAAGCTCGGGAGCAGATGGGGCACGGTATCCCTGGCCATAATTCACGCGTGCACGAACAGCATCGCTGAAGGCGTACATCATGCCGACACTGCCGGTAACCTGGTCGTCGAACTGGCTGTAGCTGTCGAAACGCAAGCCGTAGACAAGATCGAGTTTATCCGTCACGCTCCACTCGTCCTGGGCATAGGCTGACCGGGTGATATACCCCACCGTCGTCGGGGTTCGATCTTCGGCAAACCACGGAGACTTCCGCTCGGCATCCAGGTGCTCTGCACCGAAGAGAAGCTCATGGCCGTTGCCTGCAGACCATTGAGCCGTCAGCTCGTGAGATATCGTGGAGACTTCTCCGTAACAGGAGCCGCCGCCGTCCGGGCGCACGCTATAGCCGAGATCTTCATAATAGACCGGCGAAAGTGTGTTGTGCTTTTCATACCATGAACCGTAACTCTTCCATTTCAACTCCAGGTTATCTGCCGCCTGCCACGTCACCCTGCCTGCAAGATCGATTCGCTCGGTATCGAGTTCTTCATGGATCGGAAGGCTGAACACCGGAAACCCTTTCCCCGAAGGAAACACATTTGCTGAAGGATACTGGGCCCCGATAAATTCGCCGGTCCGCTCCTCCTTCATGTACGAGACATCGGCCCCGATCTTGATCCTTTCGCCCAGGCTGTAGTCCAGACTCCCCCGATGTTGAAGACATCGGCATCGTCACGGTAGGTCGTCTGCGAAATGTAGCTGTCAGGGATGTTGTTCTTTGCATACCCGATACCTGATTGCGAGGGAGGTACAAGTGACTTGTCTCCCGGAGGATTGCTGTACACCTTCGGTCGTGCAACCTCCTCTTCTGTGTACGGCTTTGTTTTGATGAAACTGAAATACCCGCTGTAGCCCAGTTCATCGACCGCTCCCCTGACACTTCCATCGACACTGTAACGTTCACCGTCACCATCATAGTTGGAGCCTGCCTGGACATTGAGCGACCCCTGTACCTGTTCACCCGGTTTCTTCGTAATGATGTTGATCACGCCACCAATCGCTTCAGAGCCATACAGGACACTCATCGGCCCTTTTAC
NZ_CP020873.1_gap40	1535150	1535954	804	TGGCTATCCTGGGTTTTCTCGGCCTTTCGGGCATGCTGATAAAAAACGCCATTGTACTGGTGGAACAGACCGAACTGGACCTGAAAACCGGAAAAGCCCCCTATGCCGCCGTGCTCGATTCGGCCGTAAGCAGAGTTCGCCCCGTCGTGATGGCTGCTGCCACAACCATTCTCGGTATGATCCCGCTGGTTGCCGACCCGCTCTACTCAGCCATGGCAACAACCATCATGGGCGGCCTGCTTGCAGCGACAGGCCTCACGCTGGGCCTTGTCCCCGTTCTCTATACAATATTTTACCGGATACCCGCCGATGAAACACATCTGTAAACCATCGCAGTGCAAAGCTGTCGTGCTGCTGTTCTGGTGCCTTCTGCTGATGCCACTGCACCTCACGGCCGCCGACCTCACAGACGAGCTGCCGGAAGGCACACTGACAGCGACAGAAGTAAAACAGCTCGCGCTTGAACGCAATCCCTCTCTCGGACAAGCCCTGGCCAGGGTCCGTACGGCAGAGGCTATCCTGCGTCAGGCATATTCGGCATGGTGGCCAGAGGTTACCGCAACCGGAGGCTACACGCGTAATTATGCCGACATCCAGCCTGACTGGCAGCCAGACACAACCGTCGTAAAACGGTTCTACGAACTCAGAGGCGGCCTCGGGCTCAACTGGCTGCTGTTCGACGGGTTTGCCCGCAGGGCAGAGACCCTGGCAGCCCGCCACAGCGCTGAAGAAGCAAGGCTTCTCGAGGAAAACACGAGAAGACTGCTGCTTGAGTCAGTGTCGACAGCATACCGTCAGTCACAA
NZ_CP020873.1_gap41	1558781	1559592	811	GCATCATTGTCCAGCACGTTGCCGCTGACGGTGTTGCCCCCTTCTACTACCTCAGCGACATCCGGTAACGGCTTCGGCAGCCTGTTGACATATTCATCATCATCACCGGACCCATCAAATGTCCGGAGATCTGCATCGAAGGCGTCTGAATCAGCGCGCAAAAGGTCCGTCCCCTCAATAAGACGGGGATTATATGTCGCCCTTCCATCCAGGAACGAGTCATACCCTCCGGCCCTCCCACCGGTCCCCTCGTTATATCCCCCGACAATCGAAACCGATAAAATCGGTGCCGCCGCGAAACTATTTCCCCCCTCGACAAGCTGAATTTCTTCAATATCCTGATTCTTCAGTACCCTGAGATATCCGCTTGGATCATCACTGTAGGAATCATCGGATGAAGATGATGTGCGCGACAGGGGACCGGCAGGATCATCCGGAGCACTTACGCCAGGAGGAGCATTTACCAGCTGTGTTTGGCTTTCGGCAACCTCGACCTTCTCGGGCGCCTCGTCAGCCGATCGTTGAGGCACATCCTCAGGAACGTCAAGCTCAGCAAGCAAGGGCCCCTGAACAGGATAGAGGGTTCCGTCAGGCAATTGCAGGTCAACCCGAACACCGTCTGCCGTGACGACAGCCTCTCCTTCATAGACCGAATCACCTTGCTGAAGAAGTCGCATTGAACCGTCCTGGGAACGAGCCCAGGCCTGCCCATTAACATTCGCTACTGTAGCAACCGCGGGGAGATGATGTGTGCTCATAGATATGGGGAATGGAGGGAGAATCCGTTAAGCGATGAAAAGGAAACAATTTC
NZ_CP020873.1_gap42	1569485	1573930	4445	GTTTGTTCCGTTGCAACGGCACGGTCACCTGCATTGGCTGCAAGGTATTGGCCATATTTGATCTCCGCCTGTTCAACCAGGACCTCGGGCGTTGGCTGTTCATCCGGACCGCAGTCAGAGCCTGTTGCCGATACCGAGGCGCAGCCGGCAACGATAAACAGAAACATCCCCACCAGGGCGGGAAACAGTGGTTTCATAACGCACCTCCTTGTAAAAAAAGTGCGGAGGGGCATCCCGCCTGCCTCCGCATCATATTAATTATTGCATCACCCACTACCCCTTACTTCAGCAGCGTCACACTCCCGCTGTTTGGAAGACGGTCAGTACCGGCCATATCATACAGCCAGATCTTCGCGGTAGTGGCGCCTCCCAGAGAGGCCTCCCACGGAATATCGAAAGAGTAATCATTACCGCTTTTGGTAACTGTTCCGGTATAGACCTTGTTACCGAACAGTCCGGGCTGAGTCTCCTTGTAGACTTCTACATTGCCTGCATGGCATTTCACGAGAACTTCCGCAGCCGGAGTTCCACCTGTATCGATGTAGAAAAAGAACTCGTCAAAGACCGGGGCACTGTAGAAGGAAATGGTGGCATACAACCGGCCCATGCCCGAGACCAGCCCGAGCAGTCTAAAATCGCGCGAGTTGGTCACCGCCGGCTCGTTGCCATCGGCTTTCCATACTGCCAGCCGACAACCTTCCTTGGTACTCGGGAAAGCAACCAGTTCAGGAGGACGGCACCCGGTAGCATAGACCGCGTCTACCGCCTGCCCGACGGTTTTCTGTTCCTTCAGTTTCTGGAAAAAGAGGTCCGTACCGTTGTCTCCGCAATTGAAGGAAACCGACTCGTTCCAACCGACCCAAACCGAAGCACCGTGACTGGTTGTCCAGGTAGGCATTCCCGGCAATGCACCAGGATCGGCACCATGGCAGCTTTCAAGGAAGAAAATCGTAGAAGGAAACGGCTTGTCTGCCCAGTATGTGGAGCTGAACGTCCCGGTGATCACGTAACCGAATTGCGTAGCCCCAGCCGCATGGTTGTATGCGCTGGCACGAACGGTCCCGGTGTAACCGCTGTTGGCTGGAGGATAACTGGTGTACCAGGGGCGAACCAGGAAGCCGAAATCACCACCAAGATCTCCACCATGGCCCCGGAGCATCACGACACCGTACTCACCATTGTCGATCTGGGCGGCATTGGCCAGATTGGCTGAATTGTTCAGCCTTGTCGTCACGGTGTAACCCAGAGACTCCAGGTCGGACTTGACCTGCTGCCAGATCCTGGGCGAGACTACGTTTTTATCGTCTTCAAGGCAATCAAAAATGAGGGCTTTGCGGCTCTTCGGCGCGCAGGGGACGAGCTTGAACATCGGTCGCCGGATTTCCGTCACAGGGGTCAGTTCTTTGGCAGGCTTCAGCACTTTCTGCTGTATCTGTACCTGTGGCTTCAACACCCTCGGCTGCACTTCTGCCTGGGCGATCAGCTCGGGTGAACCAAGGCGGTCCTCACCGAGAAACATCAGAAGTTCGTTGCCATCCCTGAACCGCACCATGAGGTTGTTACCCTTCAGCTGCTGAACCTCCTGCACTTCCGGTTGAGCCAGCAGAAACGACTTCTGTTGACTGACCGCATCGGGCAACTGAACATTGCGAACCCTGACCAGTTCATTCAAATCGGTGTGCACCTTGCTGGCAAGCTGGGTAACCCTTGCAGCGTCGGCCGCCCACACCGTACCTGCCGACATAAGCAGCAGGCAGATCATTAACCAGCACCTCCTGACAAACATCATAGCAATCCTCCTTTGATCTGTGATAGCAATCTCTGCTAACCGCCGGATAGCACACACGATCAGGCTGGAATGGAACACTCACGCCCCGCCAGGCAAACCCGTAACGACAGTCAGGGGAGATGAACTACCGAAGTTTGACATTTCCGCATCATCAACGATCTATGTTACAACTGTGTACCAGGCAGTGTACATCGGGAAATATTGTCACCACAACCATATGCCCCCTGAGGGCCCGACAGTTCATGAGTTCACGTAACAACAGATGTACCCTTATCAAATATACTGATAATTCATTCGGTCCACGATATTCCGAAACATTGTTTTACAGTTTTCAAAATATTTATGACACCATTATATTAGCAAAAATGCTGACTTGCACGTATGCGCTATGACATCGAATACTTCCATCCCCCGCATTCTGAAAGAAATCGAAAGCTGGCCGTCTTCGATAAAAGCTGATTATGCACGCCTTATCGAAATGCTCATGGAGTTCGGACCTGATCTTCGAATGCCTCACTCAAAAGCAATGGGCAATGGCTTGTTTGAAATCCGGCCAAAAGGTAAGGATGGTATCGGCAGAGCTTTTTATTGTTTCGTAAAGGAAAAACGCATCATTATTCTGCATGCGTTCATCATAAAATCCCAAGTAACGCCGCATAAGCAACTGCTGATTGCAAGAAAACGAATGAATGAGGTAATCTGATGAGTGACTTAACGTACACACCGGTCAAACATGATCACGAAGAATTTCTCCAGAAAGCGCATCAAAGCGAGTCCTTCAGGAAAGCCTATGATGATCTGGAATCACGCTATGCATTAACCAGAGAATTATTGCATGCACGTCAACATGCTGGTCTGACCCAGGAAGCCATTGCAAAAAAAATCGGCACAACAAAAAGTGCTATTTCACGGCTTGAATCTGCAGGAAAACACGCCCCATCGATCGCAACGTTACAAAAATATGCGAATGCTGTCGGCTGTGATCTTGTCATCAAACTAGAGCCTAAACCTGACAAAACAATACCGCACGATCATTGAAACCATAGCGGTTTCGACCACAGAAAAGCCTCAAAGCTCCATTTGCCGCGCTTTTTCGGAACGGATATTTCTGCATCCCGGGCCGGAGAGAGAACTGCGGCCACCCGAAACCGGGATTACGTCAATCTGTGTACCGATCCTTTCCTTCAGTGCAGATACATGGGAGATAACGCCGATCAGCTTGCCATCCTGCTGAAGCCCGGACAATGCTTCCAGGGCGGTTTCCAGGGCATCCTCATCCAGGGTTCCGAACCCCTCGTCGAGGAACAGGGAGTCCACGCGAACTTTTCGGCTGGCCATTTTTGAAAGGCCAAGTGCCAGCGAGAGGCTGACAATAAAACTTTCACCACCCGACAGGTTTCTTGTCGACCTGATTTCACCCGCTTGATACGTATCAACCACGTTCAGCTCCAGGGGTATCTGCTCGTCGCGGACAAGCAGGTAGCGGTCTGTCATTTTTTCCAGCTGCCGGTTGGCATGGGAAACCATCAGTTCAAAGGTCAGGCCCTGGGCGAATGTGCGGTACTTTTTCCCGTCAGACGAACCGATGAGAACGTGCAGCTTGTCCCAGCGCTGACACTCTTTCTGTTGTGCCACGATAGCTGACTGCTTTTCCTTGACGCGCTCCTTGGCCGCCCTATTCTCACTCAGCTGGTGTTTGAGACCGGCAATGGCATCGCGCAAGACTTTCAGGGAATCTTCATATTCTTCGAGCTGCGCCTCCAGCTCAAGATGCGTTTTACCAGTGAGCTTTCTGGAAACCTCCGTGGACAGACGCGTCTGGCGGTCTTTCTGCCGTGCCTTCAATTCCGTTTGGGCGTCATCAAGTTCCTTTGCCCGTGAAGACAATGCTTCCCGCTCCTCGGTTGTCAGCCTGGCCCCCAGGAACACTGCCTCGTCTGCAAAGCCTGCCGCTACCAGGGCTGCCGCGAAGTCGGTTTCCGCTCTTTTCAGTTCAGGCTCTCTCTGTCCGATACGTCTCACCAGGGATGCAACATGGGTTTTGGCCGTTGTGAGTTTCTGCTGCAGCGCGGTGTTCAGGTTCCTCGCATTCTTTTCGGCCTCCTCGGCGTCAGAAACCGCGGTATGCAGGCGGCGTTCCTCATCGTCAGGGCATTTGTCGCCATACAATGCTTTCCGTTCACCTGTGCCGGTTGCATGCTCTTTTTTCAATCGTTCCAGATTCTCCTGCTTTTCACCCAGGGCCCTGGCCTGAGCAGCCATGAGGGCATCAAGACGCTTCATCTCGCTATCGATGGCGGCAATCTGTTTTTCCAGTTCACTCTTTGCCCTGGCCTGCTCTTGCCATGTTTCGATGTTGGATTTCAGAATGCGGATTGCGGATTCTGGGTCTGCGAAATCAATGGTGTATCCCAAGGGCTCAAGCTTGTGTGTTATTGCCAGCTTGAGTTCATCAAAGCTGGACCGAAGCTTTGTGAGGGTTTCCATCAATGCCTCGAGCGTCGTTTCAGCGGCCTTCTTGTTATTGATGGCATCGATTTCCAGCTTCTCGCTGTCATTAAGAGTATCACGGGCAACCCTTTCGGCATCCTCAAGTTGCATGATTGCGGTTTCCTGTTCCTCTGCCCTGGCGATGAGCCTGGTCATCGACTCGATC
NZ_CP020873.1_gap43	1662106	1662686	580	TCCCGCCTGGAATGTCACCAGAAAAGGTGTCCGGGCAAACTGCAGTCCTTCATTGTGAACAAGATCGTCTGGAAACATCACCAGAGCATCCTTTCCGAACAATGGAGCGGACGGGTGCATACCCTCGATATGCACACCCTTCCCTTCCCTTGTGACAACCATTCCTTTTTTCAGGACAAGACGGCATCCTCCGGGCAGCACCATTTTCGCCGCTGACGGAATATCGAGAACGATATCTTCCGATAACCGCACGATTCCCCTGTACTTTCGGGTTTTGACATGATCGGGAAGAGCGGGTAAAGAACCAACCGGCAAATCGAGACGAAGGCCATCGGGAACTTCAATGCAGTTGTGATACGAACGGGTGATACGGCTGTTTTCCGGCAGCGTGAGTTCACCGGCAACATTGGTAAATCGGACCCTGCGGGTATTGTAGACAAATACCATGCGTTCCCGGTTTCCCGGCCGTCCTTCGGTAACATCCGTAGCAAGAAAACTCCACTCATGCTCGCCCAGAATGTTCAGGACCCTCTTCAAGGCACGGAGGTCCTCTCTCACTTCCTGCAGTGCGACCAGATCG
NZ_CP020873.1_gap44	1810820	1811704	884	TTAGTAAACGCAGCAGACTCAACATCCCAGACATGTTCTATGATCATCGTCCTTGAAACAATCTCATTAGCATGCATCATTAAATAACGCAATAAAGCATATTCCTTCGAAGTAAGTTCAATAGACTTTCCGGCGCGCGTAACTTCTTGCGTGGTCTGCTTAAGAACAAGATCGCCGACTTGCAAAACGGCCGAAGTGTCTTTTTTGTGGCGCCGGAGAAGCGCCCTGACCCGGGCCAGAAGTTCTTCAACCTCGAACGGTTTGGCCAGATAGTCATCGGCCCCAAGATCAAGGCCTCTGACTTTGTCGCGCAACTTGCTTTTCGCCGTTAGCAGTAAAATCGGAGAATCAATTTTATTCTTTCTCAATTCTTCACAAACAGTAAGCCCATCCTTCCCTGGAAGCATGATATCCAGAATAAAGAGGTCGTAGGAATTAATTTCCGCCTGCACAAGAGCATCATTGCCGTCATGCGCCACATCAACAGTATAGTGCTGTTCACGTAAAGCGTCCTTGATAAAAGCCGCCATTTTGATTTCATCTTCCACCAAAAGAATATTCATTATTTCCGGTTAATGATCCATTATCAAAAGCCCCATGAGACTGACTCCCTTCATCGGATGAACGCTATCTGCATGTAAAGCTTTCAGCTGAAGTAGGGGACGTTGTTCCGTAACCACAGTTCCTCCCCCAGCCACACACGAACACGAATTCCACTGAACATCGCACAGATCTTCCGCTTGTTGGTCACGCCCCCGCCCCCAGGCGACCCTCTTCGCCAAACCTGCAGATGATTTTCATGTGCTCCCCACGGATTCTCTCTTCTATGAAAAACCGCTTGCATCCAACGTAACCCACGCCACCCCGGGCTGCTTCTCCACCAC
NZ_CP020873.1_gap45	1830506	1831040	534	CCAGAGCTTCCCATACTCCATACACTCCCAGTCAACCGCATCATCAGGAAAGGTCAGCGAAAGATTGAGAAATGTATACTGCCCATCACGAAATGAGCAGGGTTTAGCAATACTCTCAGCAAGGAACAATCCTCCTGCTGCCCCTGCATGACCAGCACGAACCACATCACCATACGAGACCGGCTTTACTGCCCGCCTGAACCGGTAATACAGCTGAAACACCACCTGCTCAGGCTTCAAATGCCTGAGCGTATGAACATATCGAGAAACCGTGCCCTTCACTGAACCGAAATCCATTCCCCTCGCTTCATCGACTCGATAGCAGCAAAGCTTGCCTTGGTGGTATTCACCAGGTCACCAAACGGAATCAACGGCTCCCCGCCTTTCTGCAACCGTTCCACAAACAGACTGAACTGGTTTGCATGCCCCTTATCCTGAGCAGACGAAGCTGACTTGAACTTACTGAACCCGTACCCCTGCAGCTTGCGCCAGTTATCCATAACCAGCACCTTCTGCTGGCTGAACACATCGACC
NZ_CP020873.1_gap46	1988088	1992698	4610	CATACCCTGATGGTACAGGTATGGGACAAATCCATGGTTTCAGCCGTGGAAAAAGCTATCCGTGATGCCAGCCTGGGGCTGAACCCTGCTGCAGAAGGTCAAAGTATCCGTGTCTCGATCCCCCCCTGACCGAAGAACGCCGCAAGGAGTACGTCAAGCTCACCCGCAAATACAGCGAGGATGCCAAAGTAGCATTGCGCAATCTTCGCCGCGAAATCCTCCATGGTCTTGACAAACTTGAAAAAGACAAGGAAATCAGCGAAGACGAAAAAAACCGGGGCAAAAAAGAGGCTGACGACCTGGTCCACAAGTACGAAAAACAGGTCAACGACATGGTGGCAATGAAAGAAAAGGAAATTATGGAGGTATGACAGCCTTCATCTGCCTGACTGAACAGAAAAGCCGGTACAGTGTAACCGGCTTTTCTGTTTCTCCAATGTAGCACCCGCTACGTACTGAAATACTCCTTCATGTTCCTGAACGCATCTTTTTTCTGCAGAAGACCTGCAATCATTGCCAGCACTGTTGATGCTCCTGCGGCAAAAAACAGGGGCCGCGATGAAATATTGTTGGTGTAGTAGATTGCGGGAATACCCTGCTCTTTAGCGAAACTGTCCAGAGATGTCGTCCCGATGACAAGGTCGGGATGATACCGCATCACTGCATCCATATCATCTTCAAGATATTTCCTGTAACGTATTTCGGTACCAAGCATGGAAAGCACCTGACGGTCCTCTTCCCCAAGATGTGTAGGAGCGATGGATGTCGATGCATAGGGAACATCGAGCCCTGCTTCGACAAGCAGACGGACTACCGGAAGCTCATTGCCTTCATATCCTGCCACAATGACCGAACCGGACAAAGCTGAAAACGGAGCGATTGCGGCACGTGTTTTCCGCTTCTCTTCTTCCGCAACCGTGGATACCAGTCCTGCGTCGAGGCCCAGTGCATTGCCGATGCGTATTATCCACTCTGCCGTACCGTTAGCGCCGATAGGATTGCCTGCAACGATCTTTACCCCCCTGTCTTCGAGCAGTGATGCGGTACGTTCGTAAAAAGGATGAAGTACGGCGCATGCCTCTACTGATGCAGCTGCCCGGTAATCATCGATATCGGTACCGGGAAGTGTGAACACCGCCTCCACTCCGATCCTCTGCAGGACACTTCCGATCGTCATGGCGTCAACCGGAAAAATTTCCCCAAGCACAAGAAGGGTCTTTGGCTTTCGGGGCAGGTCCCAGTCTCCGAAACGGCGAAGCAATGTCGCTACCGTTACATCCTTTGCTTCGGGATGGGTTTTGATCTCGAAGGCGGGAAGACGTACCAGCTGAACATCTGCATTTCCGGCGCGACGTGGCAGCAGCTCTTCGGCAATACCTGCGGTTTCGGCAACACATGTACTGACAACAGCGATAAAGGTAACAGAAGGATCCCCGGCAATCTCTTCGACAGATGCCCTGACATCGTCAATCATGGTCCCCCTGATATCTGGACATTCATCAGTTCAGGTGCCGAAATGGACTTTCTGGCAGCGTAGAAATGAGACACGAATGTCAGACCGTAGAGACAGCCCTGGTCAGCCACAAGACAGACTCTTACGCCCTCAATTCTTGAAAGCACCCTCAGCCCACCGAATGCAGGGCACATAGACTGGGGATGCAGATGATGACATGCTTTCTCTTGCATAGCAGCTTTAAAGTTTACCTCTTGTTCCCTGATGAGATCTCCAGGGGATGAGAATACCAAGTCCCGTATTGAAAAGGTCGTGAACTGAACGGTCAGGAACGAACGTGTAACGGACTCCTTCGTTCCTGAATACACCCAAACCCTCGAGCCGGAACTCATCTCCAACCTTTGCAGACCGCCGGAAACAGGATACATAAAGACGAAGAATTTTCCTCGATGTCGACATATCGAGCATAGCCTTAGAACGGAACACTCTCAATGCATCATTTCCCTGAACGGAGCGGGACGTAAACACCACCTCCCTTGCTGGCGGAATAAGCTGGCCGTTATCATGACGTGAAGGAACAGAGCGAAGTTCGAAACAACCGATTCCTCTGATGCATACCTGCCCGAGTAACAGCAGCTCCTCCACAAGCCCTCTCACAAACAGCCCGAGTGCACGGGCTACAGCATCAGCCTCGAGGCCGGTTTCTGCCGAAATCAGCTCTATACATGCATTGTGTTTCATCAATCAGAGGAACAGGCGTTGTTGATCAAACCGTAAATATAATATTTTCAGCTTTATAGTGATGCCGTTAACCGTTAGCCGTCCAAGGGAGAAAATCAAGCGCCAATTCATTTATTTTCCGTAACTTCCCAAACCTTGACTCGTCTACCGCGCCGAAGGCGCCAAGCGCAGTAAGTATCGTTAGGAAAGAACGTCCCCTATTTCTTTGGATGATCATGGAAGAGATTCAGAGTGTCAGCGAGCTGACGTTAGAGATAAAGCGGTGCCTTGAAGGAGAATTTCCGGCCGTCAGGGTCAAAGGTGAGGTTTCGAATTACCGGCTGCCTTCGTCGGGACATGTGTATATGACACTGAAGGATGACAAATCCCAGATCCCGGCTGTCATCTGGAAAAACCTTCGCATGCGCCTGCCTTTCGAGCTCCGTGACGGCCTCGAACTTGTCGTCAGCGGCCGTATCGAACTCTATCCACCTTCCGGCCGTTACCAGCTGATCTGTACCTCTCTGACAACTGCCGGTGAAGGAGAGCTCCAACAGGCTTTTGCCCGGCTTCTCCAGAAACTTACGACAGCGGGTTACTTTAACGCCGAGCACAAAAAACCGCTGCCATCTGCTCCTGAACGCATCGGTCTGATAACCTCTCCTACAGGAGCTGTCATCAGGGATATGTCCGACGTGTTCAGACGCCGTTTTCCGGCGGCTGCGCTTCAGCTCTATCCGGTAAAGGTCCAGGGTGATGGAGCCGTAGAAAACATTGTTGAAGCTTTGCACTTTTTCAATGCCGGGCTGCCCACCGACAAACGTCCCGAGGTCCTGATTGTCGCCCGCGGCGGAGGCTCTCTCGAGGACCTCCAGGCTTTCAATGAAGAAGCTGTCGCCATGGCAATCTTTAACTCATCCATTCCCGTCATCAGTGCAGTCGGACATGAAACTGACGTTACGATCGCAGATATGGTCGCTGATGTCAGGGCTGGAACTCCATCCATTGCTGCAGAACTTGCCGTGCCTGAAACCACAGAGCTTCTCGGACGGATAGACAACTGGCATGAGCGACAGAAAAAAGCGCTGAAAACGCGCATCGAAGGTGCCGAAAAGGAAATCGCTTCCCTTCTGGGCAGTTATGCCTTCAACCGCCCGAGGATGCTCTGTGACCGTATGGAAGAGCAGCTTGTGTACCTCAAGCGGTATATGTCCCAGTCAGCGGGGGGAAAACTGCGCCATGCAGAACAGATGCTGCTGTCGGCGGGCAGGCACCTGGATGTACTGGACTACCGCAAAATTCTCGATCGGGGGTTTGCGCTGGTAAAAAATGACAAGGGCTATATAACCAGAGGAAAAGGGCTTGGGAAAGGAGATCCCGCTACCATTGTCTTTGCCGATACAGAAATCGATGTCAGTGTCACGCACCGTTCTGACGGGAACGGTAGAGAGAACGCACCAGCTCAAGGTCTTCGAAGGTATTGACTCCTGGCATATCACTGGCTGTTTCGACACAACGGATCCGGTACCCGTACTCGAGCAACCGGAGCTGCTCGAGCGATTCGGCCTGTTCAAGCATCGAGGGTCCGATGCGCGAAAACGCTTTGAGTACTTCTGCGCTGAAGGCATAAACACCTATATGGCGGTAACAGCGGGTTGATGAATAGATATAACGCTGATACGGCAGTGGGCTCCTTGAAAAGTACATGGCGTTGAAATGGCGGTCCATGACGACCTTGACAATATCAGGGCTGTTGAGCTCCTCAAAGTCCTCGGACAATACCGGATATACAAGTGTAGAACAGTCAGGAGGATGCTCACTGAAAAAGGGTTCTGCCACCTTGTCAATATTCCGGGGATCTATCAGCGGCTCGTCTCCCTGCAGGTTGATATATACGTCTGCTTCGATCTCCCGGGCCGCTTCCGCAATACGCTCCGTGCCGCATGTGGCTTCCGGTGATGTCATAACTACCTCGGCACCGCAGTCCGTCATGACATCGGCAATTTCAGAGCTGTCTGTGGCAATCACAACCCGACGGGCAAGCGCGGAGCGGCAGGCCTGCTGCCAGGTCCTGACGATAAGAGGCGCTCCTTCGAGATCGGCAAGCATTTTCTTTTTCAACCTGCCTGAATTCAACCTGGCCGGTATGAGGATAACCGTGTTCATAGTCGTAACCTGTTATGAAAAAAGTTTCATGGGGTATCGATGATAAGGGTCACCGGACCGTCATTAGAGAGCCTGACGCTCATCGAAGCCCCGAAGCAACCGGTTTCAACCCTGAGGGGGCAGGCACTGCGCAGGGCAGAGACAAAACGGTCATAGATATCCTTTGCGGTATCGTAGGGAGCCGAAAAAGAAAAACCCGGACGGTTTCCTCTTGATGTATCGGCATAAAGCGTAAACTGGGAAACAATGAGCAGGCTGCCTTCTGTATCGA
NZ_CP020873.1_gap47	1995355	1999874	4519	AACAAAACTGCGACACTGAGAATGTAGGGGAACCAGGATATTGCCTGCTGAAAAGCACTGGATGTCAGCGCAATGCCATCGGTGCCCTGCTCGACGTACAGGCCCGACAGGATGATCACAAGGGCCGTCATGGTACAGATGACCACCGTATCGAGAAACGGCTCGAGAAGGGCGACGAGCCCTTCTGTAACCGGCTCGTCAGTTTTAACCGCCGAATGGGCAATAGGTGCCGAACCGATACCTGCCTCGTTTGAAAATGCCGCACGCTTGAACCCCTGGATCAATACGCCGATAACGCCGCCGTACATTGCGTCTGGCGAAAAAGCACCGCGAAAGATCTCGACAAAGGCGGCAGGCACATGACTGACAGATGAAAGAATGATAAACAGGGAGGCCGCAACATAGATACCTACCATGACCGGAACCAGCCGGGAGGTCACGCGTACGATGCCCTTGATACCTCCGATAATGACAACACCGACAAGTACGGCCATGACAAGTCCGAAAAACCAGCCCTGCTGGAACAATATGCTCGACTCCCCGCCGGTGGCGATAACTGTCTGCCTGAAGGCCTGGTTGGCCTGAAACATGTTTCCCCCTCCAAGCGAACCGCCGACACACATGACGGCAAAGAAAAACGCCAGGGCCTTGCCGGCAGCCGGCCAACCTTTTTCGGCAAAACCCCGGCTGAGATAATACATGGGACCACCGGAAACCGATCCATCCGGGTTTATTTTACGGTATTTCACACCAAGCGTACATTCAACAAATTTCGATGACATACCAATCAGGCCACCAATAATCATCCAGAATGTCGCTCCCGGGCCGCCGAGTGTTATGGCGACAGCGACCCCGGCAATATTTCCCAGCCCTACCGTGGCGGACAATGCAGCGGTCAATGCCTGGAAATGAGATACCTCTCCGGCCTGCTTATCGGGAGAATCATATACTCCCCGGACGAGATCTATCGCATGGCCAAATCCTCGTATATTGATAAACCTCAGAAACAGTGTAAACAGGACCGCTGCCATCACCAGCCATAAAAGAACAAAGGGGATCATCATCCCGCCTACCGGAACACTGAAGAAAACAATTCTGAACATCAGGGCCGTCAATGGCGCCATCGCATCGTTGATACGTTCATCGATCCCCGGTGCTGAAAGTGGTTCAGCAGAAAGAAGAACGGGAAAAAGCAGAAAACATGCTGATACCGTGAGGATACGCAGGGTATGTTTCATAAAAACATGCGTTTGGAACTGCCCGGAAAGCGCAGGCATGAAAAAGGCTTCTTGACAGGAGGTTGCAAAACATGAAATATAAAAAGAAAAAAAGTTAAAATAGTTTTTGGATAGTAACGTATACTGTTATACATTTATGGCTCATAAACGCAAGGAGCTGTAGCTCAGTTTGGTTAGAGCGCCTGCCTGTCACGCAGGAGGCCGCGGGTTCGAGTCCCGTCAGCTCCGCGACATATCATAAAAAAGCTGCCCAGGAAAAAAATTCCTGGGCAGCTTTTTTATTTTCTGCCTGATACCATCCCCATCGACTCCGGGTGAAATCAATACCTGCCGCTCTGAAATCAGCAAGGCCTCTGCACTCCGTTTACGCCTGCACTACAATAGCTGCCAGGCGACGATCGATTTCCTATGCATAATGTTCATATGCGCGCGCAAGCCTGACATGAGTACGTTTTTTCTCATATCCGGGACCATTCAAAGCTTGCACAAAAGCTCTCCAGTCTTTCAAATGGAGGATATGTACCAGCTTTTTTTTCTCCAGAAAAAAAATCAATGCCCTGAGATGTTCCCGCTCATGCTTGTACATCCTGTCTGCAAACTCATACACATCATGGTATCCCAGTTCTTCGGCCTCGTATCCCATAAGCTGGTAGATCCCCCATGAAACCGAACGCAGGGCAGCCTCCTCGTCAATGGATTTTGCCTGTTCGAGACGGATATACTCTTCCATACCGCCACTATAGCCTGTCCCGTCGGGCCCGGGGTAGAGAATGTTTTCATTACCTCGCTGTTTTGTCATAGGGTCTGTCCCCCGTTTTTTCAGCTCGTTCCAGAACACATGTCCCTCAAAAAAAATTCTGGGATGGTCGACAATGAACCCGGGTCCCTGCGACATGACTTCACTGACGGTTTTCATCACGGCAAGCTCAACACCGAGCATACCCGCCGCCTCCCTGATATCGTCTTCCTGAAGATACCTGGAGGTGATGCGTCGAAGAAGGGCGGGATGCTGAAGAAAAAGCGTTGTCCAGGTTTTCTCTCCGGCGATACCGTCAACGACCAGCCCCTCGGCCGTCTGAAACGATTTCAACGCATGATCGGTACGGGGACCGAAACGGCCGTCTATGGATACCTGAAGACCTGCCTCGGCAAGCATTGCCTGGAGAAGAATAACCGATCTTTCTCTGGATGAACCTTGTTTAATCATGTCCATACCGCACAGCTTTCAGATTTGCAGACTTATGGCTGTAACAATCAACAATGCATACGTGTTCAAACAGGTTTGGCGCTTTCTGTCTTCTTACGTTTTTCACGCTTGTCGCGCAGGTAAATCGATTTTGACTGCCCCTCCCCGATAAGACGCTCTTCCAGATCGAAAAGTTTTGTCGCGCTGACAAGTTCACCCAGCTTGCCGTAGCCGTAATTTCTCGGGTCGAACTCGGGGGACTGTTTGGCGATATTGCTCCCAACGGTGGCAAGATGAGCCCATCCGCTTTCATCAGATGATGCGTCCACGGCATTACGAAGAAGCCTTACAAGGCGCGTATCGTTTTTCAGTTCGGCCGTGGATTTACGACGAATTTCATCGTTCTCGTTCACTCTCGATCGAAGGACTTCGGTGTAGATAAATTTATCGCACGCAGAAACAAACGGTGAAGGGGTCTTCTTTTCACCAAAACCGTAAACAAGAAGACCTGACTCACGAATTCTCGCTGCAAGCCGTGTAAAATCACTGTCGCTGGATACGATACAGAATGCATCGAACTTGCCGGTATAGAGCAGGTCCATGGCATCGATAATCATGGCGCTGTCGGTAGCGTTTTTTCCTCTGGTATAGCCAAACTGCTGAATCGGCTGGATAGAATGCTCCAGAAGCACCTCTTTCCATGCTTTCAGCATCGGCGACGTCCAGTCTCCGTAGATCCTCCTGGCACTTGCCACACCATATTTGGCGATTTCGGATAACAGACCTTCGATGATCGATGCCTGGGTGTTGTCTGCATCGATCAGAACAGCCATTCTTTCTGTTTTGCTCTCTGATGCCATGTCAATAGTGTTACTTATGAAAAACCGCTCTGTACCAGATCAAGTTAGTTCAGAGCCAGATGTGAAACAAACGAAGTGCTTTGAGAACTTTTTTCACTGCATCGAGAGCATATCTGCCAGGGTGTCATGCTTGGCGAAAAACCTTCGCGCCCTTGAAAAATCCCTGGTTGCATAACAGTACCTGCACCCGTGCTGACAACTTTCATATGCTCCGATATCTGTGCTCTTGATGCAGAGGCATACCTCGGGTTGTCCGGGATCCTTGCCTGCCGGAAGCTCGAGACCGAAAAGCTTCCTCAGCATGCGATGATCGATACACGTTCCCTGTTCGAAAAGATCCGCTCCGGGACGAAGACCGCAACTCTTTACACCGATACCGTAACGTTGAGCTATTTCACGAAAATCCACAGCAAGCTGAAGCCACTCGCCAGGCATGGGTGCCCGGATCGATTCTTGATCGAGGGCAGTGTGGAGATGGCGGTATACCTGTAAAAAGGTAATGATTACAGTGTCGGTTCCTTCAGCAAGGCGGGAGGCGAGAAATTCAAAATTCTTCCTGTGCCACTCCAGACCTGTTACAGGGGAAAGCAGGACAGGATCGTAGCGCCAGATCACCCGACCGCTGCCAGCCAGACGACTGAGTGCAAGAAAGTCTTCTATCTGGCGGCCTGGGTCACCAAGCCCCGGCTCGATCGCTGCAGGGTACCCGGTCAGGGTATAGAGAAACAGGTACCGATACCCTCGTCGTGCAAGCTGTTCGAGCCCCGGGTGCAGAGGGCGAGTATACCTTGACCAGAAGACAAATGCGGCAACATCTTCAGGCCGTAACGACACAGTCCGCACCTGTGAAGGGAACAGCGGATTTGCGACCCTGCAGTAACCCGCCTCGACCCGGTGCATGAACCATTGGCTGTAAAAAGCCGGAATATCGGTCCGCCTGCTGGCAGAAACGACCTGTCCGTCGAAACCGTCAAAAAGGGCCATTACATCAAGAGGTTACATTGTTTGTTTATTTATGCGTTAATTGTCCAGTGAAAACGTACATATAAACGTGCAGACAACAATCCGGATGCCAATACCCGGTTGGCAGATAAACCCCATTCTCATTATATTGAAATATATATATGGTTATAAATCTTCGACATATGCTTCACCCGACAAACTCCCTGCTGCTGGCTGCCATGGCGTTGAGCCTGTCGCTGCTTGCCGGTTGTGACAGCGCCTCGAACAGGATC
NZ_CP020873.1_gap48	2038502	2043227	4725	TTATCCTCGACACACTGCTCCCCGGCGCCCGCACCGCACTGATCAGGGCAGAATTTGACCGTCATGATGTAGAACATTACCTCGACGGCATCATCCGGCCCCGCGTCTACGAAAAACAAACCGGTGCAGACTGGCAGAACCTTTTTCTCGACAACCATGGTTCCGATACCCGTGAGCTTGCCCTGCATTATCATGAGTACCAGAACCAGCAGATCCCTGTACACCGATGGAGTACCAGATGACGAAAAGTCCCCACCGTCTTCACTACCTTGAACAGCTGCCCTGCGAAATCCTTTCAACCTCTCCGGGGGAACTGGGAAGGATACTCCCCGGTCCATCGATTGTCTACATCGAAGGAGAGAGAACCCCGCCGCTGTTTGTGTCTGTGCTGCTGCACGGTAACGAAGTTACAGGGTTTCTTGCAATACAGCAGCTGCTGCGCCAGGCAGACATGAAGCTACCAAGGAGCATTCTGCTGTTTATCGGCAATATCAGGGCTGCCGAAGCAGACGTACGGGCTCTGGATGACGAAGAAGATTTCAACAGGATCTGGAACGGAGGAAAGGGCGAACAGGCCCGAATGGCGGCAGAAGTTCTCAGGGCGGTAGCTGCCCGTAAACCGTTGGCATGCATCGATATTCATAACAATACCGGAACAAACCCTCATTACGCCTGCATCAACACGACACAGGCTGCCACCGTGAACCTTGCCGCCCGCTTCAGCGATACCATTGTATATTTCACGGAACCTCACGAGGTTATCTCGATCGCCTGTTCCCGTATAGCTCCGTCAGTGACGCTGGAATGCGGTATTTCGGGAGAATCATCGGGTACGGAACATGCGCTGCAGTACCTGGTGCAATGCCTGGAAGCCGATGAAACAACACTGTTCAGCCCGCCCGGGAAGGCGCATCATGATGTATTCCACACGGTAGGACGCATCACTGTACCCGATCACGCAGAGCTTGCGTTCGGAACGGAATGCATCGATGCCGATATCTGCTTCAGAAGCGATTTCGACCTGCTGAACTTTACACGGGTGGCATCAGGCACCATGCTCGGTACCCTCCGTTCATACGAATCCTGCCCGAAAGTGCTCGATAACGGTGGAAATGATGTCACAAAAACCTACCTCGACGTCGTAGATGATGAAATCCGGACAACACGTCATTTCATCCCGGCCATGTTCACGCTGGACAAGCGGGTGATCCATCAGGACTGCCTTGGTTACGTCATGGAACCCTATCCGCTGAAAACATGACCCTGAAGAACACCTTACCGTCGAGCTTTACCGTAGGCGTCGACCAGCTCGTGATAACGATCGATCAGCGCACCGTTGATCACGTCCCATGACCTGCCCCCTGCAAAGCTGAGGGCATTGTTACGGTACCTCTCATACAGCCCGGGCTCGCTGACCAGGCGCTCGCAGCTGCGATAGAATTGTTCGCTGTCACCAGCCGTCACGACAAAACCGCCATCAGCGTCTCGCACAAGATCCTTACACCCCCCTCGTCAGAGACAACGGAGGGAAGGCCGGACGCAAACGCCTCGAGGACGACGTTACCGAACGACTCGGTCCTTGAAGGAAACAGGAACAGGTCACTGCTGGCATACGCTTCAGGCAGCGCTTCGCCGGTAAGGTAACCCGGGAAAACCGCCTCCGGCATTCTCTGCTTCAGTTCATCCTCTTCAGGCCCTGAACCGATCATGACAAACCTGACGTTTGAAGCATTCGGTCCTGACATGAACCTGTCATACACCTCCATGACCACGCGGATGTCCTTGTACCAGACGAACCTGCCTGCATAGGCAATGACTGTCTTGCCTGTCGCACCCCATGAAGCCCTGAGCTCATCGGAGCGCCGGGACGTGTTGAACAGCCTGGTATCGATACCGCGCGACCACATGTCGACGGTGGTGATCCCCTTCTGCTCGAGCTTGTGTTTCATATCACGTGCCGGAACGAAGACCGCATCGCAGGTATTGTAAAAATGCCTGAGGTATTTCCAGACGGGACCTTCGGTAAAACCGAGATGATAATACTGCAGGTACGAAGGAAAATCGGTATGATAGACCGACCCGACAGGCAAAGCGTGTCGCCTGCCGTAACGCAGAAAGTTATAGCCGATAATATCAGGCGTGGCGATATGGATGATATCCGGTCCGAACTCGTCGAGTTGATGCCGGGTCCTTGAAGTGTAAAATCCAAGCTTGTAATCCGGGTAGAGCGGGATAGGGACCGAAGGAAGTTTCACGACCCGTTCATCACCGCACCCACCTTCCGATACATCCGGTGACCATACGGCCACCTCGTGGCCGCTCTTGAGAAAAGAAGAGACAAGCTGGTACATACTTCTGACTGCTCCATCCTTGTCACGCACATAGGTCCCGGCATAAAATGCTATTTTCATAAAACGGCTCTCAGCTCAAACACGAATAAATCCCCTGCTTTCCCGTTGGCTACAGGAAGCTGCACCCTAAAAGTGCCCAGGGGCCAATGATGCCATGAAAGTAACATTTCCGGCCCGAATCACCTAACTCCGCCTCATGAAACAGAAAGAGGTGCCACGACAGGATGGACGAGCCGTTCGTAATCCTGGTAGGAAAGACGAAGCAACTCGGTATGGGCACCGGCATTGAAGACGATCTCCTCATCCTCCGTCAACTCCTCGTCAACGTACGTCCTCATTCCGAAAAGATTTCCGAATGGAGGCATGGCTCCAACTTCGCAGCCGGGAAACATATCGGCAAAATCCTCCTCGGAAGCAAGCAGTACATCCTCGGTCCCGGTGAGTTTCCGCAACTTAGAAAAATCAAGCTGGTTCGATGCCGGAATCACCACCATGCTCAGCTTTCCGTCAATGGTCACCATCACGGTTTTTGCAAGCTCCTTTCCCGGCACATGGGCCGAAGCAGCAATCTCCTGGGCAGTGTAGGCCGGAGAATGGCTGATAATGAAGTAGCGGGTCCTGTGACTGTCGAGAAAGTCACGTAATTTACGAATCGGCATAATAACCCCTCCCTGGTGCGTCTTGTAGGTTAGGAACAGATCCTGTTTTCAGTGCCTGCAGCGCAGACAATGTTTCATGCGCTGCAGGCGATAGGTTTCGTCCATTGAAACTCAACGGCGCATATAGGTAAAGGACGGGTCCGGACGGCCAACAAAGCAGGAATAGCGGAACCCGTACTTTTTGATCACCTTCAGGGCCTGCTCGGCCTCGGCCCTGTTGCTTCCGAAATCAAACATCCAGTGACTGCCATCGACAATCTTCCAGCGACCGTTTACCTGCTTCACCTCGGTTGTCGCAGGATTGAAGGACACGCAGTCCTCTCCGCTCATCGGGCCGGACGGTGCGTTCTGGCCGACCAGCAGGTAGGTGAACGAGGGGTCAGGACGCCCTACAAAGCAGGAGCGGTTCATCCCGTAATGGCGAATGATCCGGTAGGCTTTTTCGGCTTCGTCTTTTTTGCTTCCGAAATCAAACACCCAGTGACTGCCGTCGACGATTTTCCACCGACCGTCTATCTGACGGACCTGGATCGTCTGTGGATTGAAGCCCACGCAATCCTCCTGCAGCACTGCAGAGCCGGCATCAGGACCAACTACCCTTATTTTGCAGAATGCGGCATTGTTCTTTTCATTGGTCTCGGCATGATTGTTTCCGGCATCGACCACAGCCCCGAGATAGTAGATGCCCGGTGCAATATCGGCAGGAATGGTATTGGTCCCGTTAAGTTTCACGGTCTGCCATCCCGGACCGGCAAACGAGATATTTTCACGTCCACCCTTCAGCAGGACACCATCGGAATAGGACGGGTCATACACCGCGTAAGGGGCAGGAACATCATACATCGGGTTCTTTTTCAGCACCAGGTCGATCACCACACCATTGACCGGCTTCTTAAATGAACTGCGGGCCCTGACAAGGAAGCTGTCGCCCAGTTCCTGGCCGGGAGCGACAGACGAGGGGCAGCGGGTGATGGAAACCGTAAGATCACCGCGAGCTGAAAGCTGGCCGGGGACGACTCCTGTCGGGCCGGAGACCTGTCCATCGGTACAGACCAGCTGCTGTGTAAGGGTGTTGTTGTTTTCATTTGCCTCGACCACTTCGTTATGCAGGTCGGCACGGGCCATGATATTTGCCGTTCCCGATACCTTGAGACTGCTGGTATAGGTCGCTGTACCACCGGGCTGCTGAAGCGATCTCTGCGGATCGAGTTTCCAGATCGTGGCACCACCCCACCGTCTGCCGTTCTGCCAGAAATAGATCCCTGCGCTTTCGGGTGTATGCACGGTGTACACCTCGTCAGGAAGGGCCCCCGGGCCGTGGTTTTTCAGACGGGCGTTCACCCGGCACTGTTCATCGAGCCAGATCTCCTCGACAACAAGGTCAGGAAGAAGTTTCAGCGGCAGAGGAGCTGGCACGGCGGTAACCGTTCCCGCCACAGCCTTGCAGAGCAGCTGTTCCTTGCCGATATTGTTCGACTCGTTGCGCTCGGTCACCTCGTTCCAGAGATCGACCTCGGCTTCGATCAATGCACTGCCGGAAACCTTGAGATTGCTGGTATAGGTTGCCGTTCCCCCGGGTTTCTGCAATGATTTGGAGGGATCGAATTTCCAGATCGTGGCCCCTCCCCACGGCTTGCCGTTGATCCTCAGGTACACTCCGGCACTTTTCGGGGTGTGCACACTCCAGACATTGTCCCTGAGTGTCCCGGGACCGT
NZ_CP020873.1_gap49	2068124	2070751	2627	GCGGCCGGCAATCACGACGGCACGACGGCCATCGGGCAGATCCTCCACCGGAAGCCCGAGCATCAGCTCGGTATGATTGCGTGACGGCAGAGTTTCGATAACACGACTTTCACCATCGGCATGCAGTGCCGCAAAAGCCACAAGAGATTTCACCTGTGCGGAAGGCACGGGCAGTTCATAGGTAACCGGGACAAGATCTTTTGTTCCCCGGATCCGGACAGGTGCCGTACCATTATCTGACAGGATAATGTCCGCCCCCATTTGGCGGAGTGGAACGGCAACCCGCTGCATCGGGCGTTTCATGAGCGACGAATCCCCGATCAGGGTGGAGTCGAAAGGCTGGCCGGCAAGTATTCCGGTAAGCATTCGCATGGTGCTTCCTGAATTGTTGCACATCAGGGCTTCCTCGGGCTGCTGAAAACTCCACAACCCCCTGGACCGGATAACGACCCTGCGCATCGTCCGTCCGTGTTCATCCTTCGACATCTCCTGTGTCACGGCAATACCGCATGCCTGGAGGACCGAAAGCGTGGACTGGTTGTCAAATCCTCCCGAAAAGTTGGTGATTTCGGTTACACCGTCAGCCAGAGCGCCGATCATGGCTGCCCTGTGGGATATGGATTTGTCCGGCGGAAGTGTCGAGACTTCTCCTTTGTATACTTTCATGCCTGGAACGTTTAGATAATGCAAGACAAATATCATAAAAAAAGCAGCCCCTGCCGGGACTGCTCTGCAATGCTGAACCGCTGGTACGGATCACGAGTTACGCTCTTCGTTAGCTCTCTGAGCACGACGTTTGCTTCTTGAACGCTTCAGCCTGCTGTCAACAGAAGGCTTGACAAAGTATGCCTTTTTACGGTACTCCTTGAGAACACCGGCACGTTCGTACTTTTTCTTGAAACGTTTGAGCATCTTATCGATAGACTCATTGTCATTCAACTGTACACTTACCAACTTTTTTCACCCCCTTCCTGTTGTCTTCAACGTTTAAGTTTCATTTTCAGCATATCTCCGAGAGAATCCGAACGAACCGGGTTCTCTTTCTTCAACTGTACATTTTCAAGCAGCTGTTTGCGGCCGCTTCTGATAAATTCCACGATAATCACGTGCGCCCCGCTGCCGGTCGCATTTTTTTCACGCACGACACCGACCTCGTCAAGCCCCTTGTGATACAAGGCATCCCCCTGGGCGTATATTCCATGAGGTGTATAGAGCTGGCATTCAGAAGATGCCAGCTGCTCGAGATCGATTTCGCGATCGATCTGGATCTGCCACTCCTTGAGCAGGTATACCTGGTGACAACTTGCACAGCGTATCCAGTAACGGTTTTCTGCAGCAACGTTGCCACCGGCCTCCTCACTCCCAGCGCCCGGCTGGCCAGTCAGTTCCTCTTCAAGCAGGTCATGTTCCCTTGGTTTGTCACTCGGCTTCCACTCCCCCACAAACACTTTTTCGGTAATCTGTTCACAACCCTCACAGTAGCCTGCCTTGATCTTTCCCTCGAGAATATACTCTCTTTTCCTGGACCCGGCCACCGGTTCCTGCACTGCATCCGCTGACGGAGTACCTGCGGAAGCATTCTTCTTCACTGTTTTCCTTTCAGCAACCATACTGCGTTTGATCGTTTGTTTCCTTTGGGGAGAACTTGGCTCATCTGTGCAAGCAGCCTGTCGGGGCCGGATATACCTCTCCCCTCCTGTTACGGCTGTTCAGGATTGCTTAAATAAGGAAATCTCGCTAAAAAAACAACCTGATAATGTAGCGCTGCACGTCACTTATGCGTCAGTGCCTCAATAAGATCTGATTTCGTAAGAAGTTGCAATCTGCCATCGGGAAGCGTGATAAGCACCCCCGAAGCATTTTCCTGCAGCTTCTGGGAAAGTTCGGCTATTGTCGCACTCGGCTGACAGAGAGGGAACGGCTGCTCCATGTAACCGACCACTTTCGAGTTCATCGCCTCGTCGTTCTCGATCAGGATCGAGAGAATCTTGTTCTCGCTGACACTGCCAATAGGCGTACCGTAGGATACAACCGGAAGCTGTGACACGTCATTCTGACGCATCATTTCGAAAACTTCCGAAAGCGTGTGTTCCGGATGGGCGGCGATAAGATCACGCCGGGTCTTGAACCCCAGGATATCCTCCGCGGTAATTTCGTTTTTCTGCGACGAGGCCTTTCGGTAAAACCCTTTCTGCTTCATCCATTCATCGCTGTACATCTTGCTGAGATAGTACCCGCCGAAATCCGTCATCATGACAGCGACACAATCATCACTTCCAAGATGGGCCGCTGCGCGCAACGCGGCGAACATTGCCGCTCCCGATGCCCCACCGGCAAACACAGCCTCGGAACGAAGCAGGTCCCGCCCACAGTTGAACGCATCCCGGTCACTCACCTGCACGATATCGTCAATCATGCCGGTATCCAGGAACCCGGATGCCCGAAGCCCCCCGATATCCTCGAGCTCGAAACATGAGGCCGCAGCTGCACTGTTCTGCTGCATCAGTCCCCGGTAGACAGAGCCTTCAGGTTCAACACCGACAATACGAATTGACGAACACTGTGACTTGAGAAAACGGCCAAGACCGGTGATCATGGCGCCGGACGTCACAGGGACGAACACATGG
NZ_CP020873.1_gap50	2121226	2122234	1008	CCAGGCGCGCAGTCTTCATCCCCTCGCTGCGTGCATCCTGCAGCCCGAAATGGGTATCGCTGATAAAAAACTGTTTCGCCATGAGAGGAAAAAATATACGCAACTGCCTACAGCAGGACCGCCATCAGCACAACGGTAAAGGGAATGAGAATATTGTCGACCTCCCGTGGACTTGCCGCCTCGATGAGAGTCGCCACGAGGGAAATCATGACGATAAGTGCAATGTCGAGCTGCTGCGGAACAATCAGCCAGACAAAAAAGATCCCGGCCAGCACGCTGCCGGCAAAAAACGCCAGACTGCCTTCGAGAGTTTTTTCACAGAACACACGGTACTTCATTTTGCCGAGTTTCATACCGGCAATAGGTGCCAGGCCGTCCCCCCATCCAAGCACGGCCATGGCCAGAACACCCGGCAACTCCTTGTAATACAGTGTGCCGCAGAGAGTGGCGACGATGACAAAATAAAGGGTGCCTCTGAGCAGTTCACCTTTGTCTCCGGTACGTGTCATGGTTTTCACGGCCTGGTCGTCATCCGGAGCAAACAGCCCTTTCTGGACAAGAAGGAGCGTCCAGACGACAAATACCGAGACATTGAGGTACTGGCTCCAGTGGCCATCCTGGAACAACGGGAGAAACACAATCACCGATCCTGCGCAGATATGAACAATCTTGCGGCTGATATCCCGGGAAAGGCCATGACTGGAGACCATGTAATCCATCAGCGGCGGCACGCTGAACACGTAGACAAATGTGAGAAGTGCCACAAGTGCATTGTGCCCGTAAACAGGCAGATCAAAAACAGTACCGCTCGGCATCATGGTCCATCCCTCCGTTTTATCCTTTCAGCAAGCCTGTCCCGATGTTTCACATGTACTGGGCCCCTACCATTCCGGCCGCAACCAGCAGGTTGACGAGAAACAGCAGATTGTTGGCGACCTGGTAACGGAGAAAAGCATTATGCTCCTGAACATCGCTTTTACCGATCGCGTTTCCGAAACCGTCATCTAC
NZ_CP020873.1_gap51	2129856	2134592	4736	GCCGTGCTCATCAAAATATCCCGATGACCGGGCGTATACCTCCGGATCGGCCTGAAGTACCGCGTTGGATTCATAATCAAGCAGTGCCTCAAGCTCTCCCGAACCCGCCGCCCTTGCCAATGAAAGAGCCTTGAAAAGCAGATAACTGGCGTCACTGTCATGACGTCCGGTTTCCTGCAGCCTGCAGGCTGCCTTGCGCAGCACGGCTGCCTTGTATTCGTCCGGATGGGAAACATCTTCGAGAAGGTCCCTGGCAGCCTCGACAGTCTCGAGCGCATATACCTCGGACCTGGAGAGACCTTTGACATTCAGCGTCCGGCTCAGGTGCAGCAGACCGGATAGCGCCTGAAGGCGCAGGGCTGCATCGGCAGCGTCTTCCAGGGAAAGATATATCGGTACGGAATGTTCGGGAAGCAGTACTTCTTCATAGATCCGGGCCACGGAAAGCTTCTCATGCGAGGTGGCAGGCTTGAAGTTTTCAAGCAGCCCGATCACCTCGTCGTGATATCCGAGATCGGAAAGGATCTGTGCCCTGGACAGTATCGATTCACGCACCATTTCATCTGAAAGCAGAGAGGCACAGCAATCCTCCAGCACCCTGTATGTTTCAAGCGAACGGAACAGCTCCCCGTTTCTCTCGAGGAGGCGGGCCTGAAGCTGAATTGCCCGGGCGGTTTCAGGACGTTTTCCGTCAAGCGTGTCAATAGCCAGGGCTCGGCTGACAAGTTCAAGCGCTGCTGCGTCTTCATAACGGCTGGCAAGCTGTCGGGCCCGTTCATACATTTCCGACGGTTGCTCCGACGGGACTTTCTCTCTTGCACAGCCGGCAAGCAGCAGCAGGACAAAACAGCATAACCCAAACAAACCTGCCAATACAGGTTTTTTCATAACGTATTCTTTCTTAACAGTAAAGTGAAGGGACCGGGATACAACGTCACTCCGTCAAAGCCGCTCATTTCAGAGATCGGGTACCGATAATCCAAGCTAAACCATTATTTTGCATAAAGCAAAAAACAGCTGGGCCTGAGTGCCGCAAAGCAGAGGCAAACATGAATACTTGCAAACTCCATCGGGAAGCAGTATCATCAGTTTTGAATTTATTATATACCGGTACACGTCACAATCTCTGACTTTTCATCTGTAATCTAACGTAGTTTCTTTTCGCGCCTGACAGCGCAAACGCAATGGACTCTGACATATTCGAACTCTTTATCCTTTTCTGCCTTATACTGGCAAACGGGTTTTTCTCGATGGCTGAATTTGCCATTATCTCATCCAGGGAAAGCAAACTGCATGAACTGCATGAAGCCGGCACGGAACAGGCTGCCCTTGTTCTCGAGCTACTCGAAAACCCCGGCAAATTTCTCTCTGCCATCCAGGTAGGCATAACGCTTATCGCCACACTTGCCGGAGCCTTCAGCGGTATAACACTTTCAGAACCTCTGGCCCGTATTGTCGAAACTGTCGACCCACTCAAGCCCTACAGTTCCGAGCTGGCCCTCACAATTGTCGTCATAGGGGTCACATATGTCACGCTTGTCATCGGTGAGCTCGCTCCGAAAAAAATCGCATTGCAGCATCCCGAATCCATTGCGCTGTCAATCGTCAGGCTTATTGACATTATCTGCCGACTGATTTCACCAGTGGTCCACCTGATCAACGGATCGACCGACATAATACTGAAAATCATAGGTATCAGACCTGCCGAAAAACCTGCCGTTACAGACGAGGAGGTAATGCTGCTTCTCAAACAGGGGGCAAAGAAAGGCATATTCGAATCTGTAGAATACGATATGATCGCCAGGATTTTCCGGCTGAGCGATAAACGTGCCAGTTCGATGATGACTCCGAAAAGTGAAATCGAATGGCTCGATCTCACATCCACCGAAGAGGAGCTTATCTCCAACATGCAGGCAAGTGGACGCTCGAGGTTCCCTGTTGCCGAAGGAAGCCTCGACAACATCAAAGGTGTTGTCAGGTCACTGGACCTTGTCAACAAGCAGTTGCTGGGTGAGGGAAGCCTTAAAGATGCCATACGCAATGCGATGAAAGCCCCGCTGTTCGTTCCTGAATCGGTACCGGCATTCCAGGTGCTCGAACTTTTCAAGGAAAACCGTGCGCACCTTGCTCTTGTCATAGATGAACAGGGTTCTGTACAGGGAGGGATCACCCTTACCGATGTCCTTGAAAGCATTGTCGGTGACATTCCTGCCGACGATGCGGAAGGAAACAGGAAAATTGTACGGCGAAGCCAGAGGACCTGGATCATCGACGGACTGCTTTCCGTTGACGATTTCATCCAGGAATTCGATCTTGACAACTTCCTGGATGAGGACAATCCTCTCTACGATACCATGGGCGGCTTTATCATGACAAAGCTCGAGAAAGTGCCGGCAGTCATGGATACCCTTGAATGGCGCGGACTGATGTTCAAGGTCATCAAGATGAACAAACAGCGTGTCGATAAAATCCTCGTGGTTTTCAACAACGATGAAAAAAAGGGAAATAAACGCGAGCTTCCATAATAGCGGCTGTTTGTGTATCTTCGCACCAGATCGGCTATGATATCCACTACTGCTTTTTATCAACTGTTAAAACGAAATGAATCTGATGGAAAGAACACTTACCATTCTCAAACCTGACTGCGTTGGCAAACAGCTCATCGGAGCGGTTATCGATAAAATCGAACGCGCAGGCTTCCGTATCGTCGCCATGAAGAAAACAAAACTCAGTGCCGAAACCGCTGGTGAATTCTATGCCGTTCATCGTGAAAGGCCCTTCTATGGCGAACTGGTCGAGTTCATGTCATCAGGTCCGTGTGTTCCGATGATCCTGGAAAAAGACAATGCTGTCGAAGATTTCCGGACGCTGATCGGAGCCACAGATCCAGCCGAAGCTGCCGAAGGCACCATTCGCAAGCTGTATGCCGACAGCAAAGGGGAAAACATCATCCACGGTTCCGATTCTTCTGAAAACGCTGCGCTTGAAGCCTCGTTTTTCTTTGCGACGGAAGAAGTCGTCCGTGTCAATATGTAGGAAAAAGTCTGCCCGTTTCCGGCCCTGTGGAGGATATACAGCGGCCGGAGGGGTCCGGAAGGAACATCACAGCAGGTCCGTATCTATCAGGATCCTCGAAACACGGGAACCGTTCCGATGTGTTGTAAACGGTGCCTGGCGGGAAACAGGAAGCGAAAAAGCTTTTTCAAACAGTTCCTCTGCTACAGACCACCGGTCAATATGGGCGTTGAGCATAACGAGCACAAGATCCCGACCGTCCCTGTTGGCTCTCGCTATAAGACATTTGCCCGCCCTCGAGGTATAACCGGTCTTTATGCCGACGGCATAGGGATAAGTCTTCAGCAGCTTGTTACTGGTTCGCAAAACATACTCCCGACCACCTTGCTGTTCGGCAATGGTGGCACTCTCCAGCCGTGCGATCGAGTTGAACACCTCGTTACCGACAGCGTATTCAGTAAGCATGAGAAGATCGGCGGCAGTTGAATAATTGCCTTCATACTGCCGATGGTCAAACCCGGCCGGATTGGTAAAATGCGAATGCTGCATACCGATGCGCTCGGCTTTACGGTTCATGATCCGGCAAAACCCCTCGATACTTCCGCCCAGATGGATGGCAATGGCAAAAGCTGCGTCGTTGCTTGATTTGACCATTGCCGCTTTTACCAGGTCGACAAGGCGGATTTTCTCACCCTCAAGAAAACCTGCGCGGGTAGGTTCCACCCCGGCTGCCTCGGCGGGAATAGTGACAATCTCATGAAGGCGACCGCTTTCGATAGCGATAACAGATGTCAGTACCTTGGTAAGGCTGGCTGGACGCAAACGTCTGGAAGTATCTTTGGAGGCAAGAATTTCGCAATGAGTGAGGTCCTTGAGTACATAGGATGATATATCAAGTGAAGGAAAGGCTGAATAACCGTCATCCTGAAGAGACGCTCCCGAAGCAGTGTGCAACGGCATCACCGCCAGGAACAGCAGCATTAAACCTGTCACAAGCTTGTTGTTGAACCTCATTGCATATTCTCCTGCTGAAAACACATCGTTTCCCCTTATGTATGTATGGTACGAAAAACAGAGCTGGTCAACAAAGCAGAGTATCAAAACCTCCGGGATTGTCACTCGAGGACAACTCCACGGGCAGGCCGTGATGCTGTCTCTTCTCCCTCGAGCTGTGTATCAGGAACAGTGCCTGACGCAGCAGACATATCTGCGTGTTGGCGAACTTTTCGGCTGAAAGTTCCGTAAACGCGAAAAAATCGGCCCTGTCAGGCCTGTCGGCAACGCCGTGCAACCTTCTGAGGACAACAGCTGCTTCATGGTCGGCATCCTGCCAGAACCGGTAGTCCTGCTCACGCAGGACCCATTCATAGTGCTGCTTGAGTTTCAGACAACTCTCATCAGCTTTATTGAGCAGATTGTTCCTTTCAGGATCGAGAATATGCGATGCAAGATAACCTGTGATGTCAAGGGAGAGAACCGGCATACAGGCGTAGAGAGAAGATAAAGGATCAATGAAACGGTCACAGAAAATCTCTGTACCATCATGTACAAGCAGGGCGGTCTGGAAACCGCGAAGATGAGTGAACCGGGTTGATTCCAGTATTTTCATCCTGCAGGACATCGCTTTCCGGGGTTCGTGTTAAACAGGGGCAATAAAACGTAATTTACGTAATTACCCGGACAGCACATCAATTCTTTGCAACTTTTCGCAGCTATTACTC
NZ_CP020873.1_gap52	2179106	2179750	644	CGAGCCATGGGCCTGAAAGCAGTACAATCACAATCAGCAGGGCCAGCAGAAGGGATGCTGCTTTGAGCACGTTCACGCCCCCCGACCTGATGCCTTCGATAACCTTGTGCAAACCGAACCCGGCAAGCAGGGAAACGTTGAACACGACCGCAATCAGGATCATTGACGGGACCCTGAAACGGTTGAACATTGGCGCAGTATGATAGAAAAGGTCATAGACAGGGCTCCAGTACTTCCCGAAGGAAACCAGGAGATACAGCACCGTTGCGATCAGAAGGTACCTTGTCATCATGTGATGGCGCATACTCCAGGCTCCCGCGACGGCGAGGACCAGGACGGCGATCCCCGCATAATTGGGATAATCGGTAAATGGCATATACCCCCAGTACGTAATCCCGCCGAAACCATAGGCCCCGGGAATCAGGAAGGTAAGAAGTTCAGAAGGGTGCATAGACCACATGGTTGCATACTCATATGCCGCACCGCCTGCATCCGAAGCTCCACGCACGGAAAAGGGAGTGTAATTGAGTACAGGAAGGTACACCTGCAGGGATATAACGATACCGAGGCCGAGAGAAACAGCCAGCTTCAACGTTTTTGCAGCAGCAGCACGCAGTGTCGAACGCTCCATCACAAGAACAACC
NZ_CP020873.1_gap53	2196029	2198423	2394	CACGACCTGGCGGACCGCAGACGGCCCCCGGCTGCAAGCCGCACGTTCCATGATGTCCATTTCCTCGTCACATGAAGGATACCCCACCATGACTTTCATCATAAAACGGTCAAGCTGGGCCTCCGGAAGCGCATATGTACCCTCATGCTCTATCGGGTTCTGCGTCGCCAGTACAAGAAACGGCTCCGGCAGCGGGAATGTCTCCTCTCCGATCGTCACCTGTCTTTCCTGCATTGCCTCAAGCAGGGCTGACTGGACCTTGGCAGGAGAACGGTTGATTTCATCGGCAAGGATCACGTTGGAAAACACCGCACCTTTACGCACAAAAAAATCCATTTTTTTCGGATCGTAGATCATGGTCCCGACCAGATCTGCCGGCAGCATATCCGGAGTAAACTGAATGCGGCGGAAATCAAGATCGAGAACCGAGGAAAAGGTGTGGACAATGAGAGTCTTTGCCAGACCGGGAACACCTTCCAGCAACACATGACCATTACAGAGAAGGGCCGTGAACACCCGCTCGAGCACATGCTGCTGGCCAACGACATGCCGCGAGATTTCCTGTCCCGCGGCAGCCATAAATCCCGAAGCATCGATAATTTCGGCGTTCAGCTCCTGTAAACGGGTATCATGTTCCATACGCCTCTCTACTGTTTCTGGTACAGGTCCCTGAATCCAAGCACCAGCAAACCGGCACCGATCACCAGTGCAGACCATGATATCCACGACCCTACATAAAAAACACTGTTGAGAATACCGATTCCGGGCGCAAGCAGCAGGATCAGATCTGCACCCAGAAGAACAAGCAGTACGTTGAGAAATCTTACCTTGACTCTTGGTTTATTGTCCCCCGGTTTCTTAGCTTTGGCCATAATTTATCTGTAATCTTGCAGGAATGAGTTGTGCAAATGAATATTCTGGGAATAGAAACAAGCTGTGATGAAACCTCCGCCTCTGTTGTACGCGACGGTCATGTGATATCGAACATCATCAGCTCTCAGCTGGTGCACCGCGACTACGGCGGAGTTGTCCCCGAACTTGCATCGAGGGAGCATGAGCGGCTTATTGTTTCGGTTGTCAGCGCCGCACTCGATGAGGCCAATATACAAAAAAACGACCTCGATATCATATCTGCAACCGCCGGACCGGGCCTTATCGGAGCAGTCATGGTCGGACTCTGTTTTGCCCAGGGCATGGCCTACAGCCTCGGTATCCCACTCATACCGGTCAACCATATCGAAGCACATATCTTTTCGGCTTTCCTCGACGACAAAAAGGGTGCAGCAAAGCCTCCTGAAAGCTTTATTTCACTGACAGTCTCCGGCGGCCATACCCTGCTGTGTGCAGTCCACCCGGACCTGACCTACGAAGTCATCGGGAGAACCATTGACGATGCTGCAGGTGAAGCTTTCGACAAAACAGGAAAAATGCTGAACCTCGACTACCCGGCCGGTCCGGTGATCGACCGTCTGGCACAAGAAGGCAATCCGGAATTTCATCATTTCCCGAGGGCCCTCACCGCCCAGTCACGGACAAGCAAAAGCTACCGCGACAATTTCGATTTCAGTTTTTCAGGACTGAAAACATCAGTACTCAACTTCATCCGCCAGCATGACGAAGACTTTGTCGGCAGCCATCTTGCCGATATCTGCGCTTCGATCCAGGAGGCGATAACCGATGTCCTGGTCGAAAAAAGCATCGCCGCAGCAAAAAAATACAAGCTATCCTGCATTTCGGTAGCCGGAGGAGTCAGCGCAAACTCGAGACTGCGTGCCAGAATGCAAGAAGCATGCCTGAAGCATGGCCTCGAGCTGTTTATCCCCGAAAGAGTCTACTCCACCGACAATGCCGCCATGATCGCGCACATGGCCGCCCTTAAAATCCAGCGGGGACAGATCGAACCCAACACCTACGACATAGCCCCGTTTGCGAGTTTCGTCAGTCGTTCGTCGTGAATCGTCGATCGTTACCCGTTAACGCCTATCTGTTAACGGATAACGATCGACGATTCGCGCTTCCTTCCGTTGAAATAGTGTACCGAATACGTTATCTTTCGCATTCCGGGAACCGGGGCTTTTGAAATATCATAACATTGTGAAACCATGACCGATTTCATTCTTTCGTTTCTTCTTTTTGCTCCTCCTGCAGGCGGAGAGACACCCAACCCTTTTGTCCAGCTTGTTCCACTCGTCCTGATATTCGTTGTTTTCTACTTTTTTCTGATCCGTCCCCAGCAGAAAAAACAGAAAGAGCGACAGAAAGTACTCGAAAGCCTCAAGCGTGGCGACAGGATCACGACGATAGGTGGCCTGCACGGAACGGTAGCGGGGATCGATTCGGAGAAAAAAACCGTTCTCATACAGGTGGGAGACAATGTCAAACTGACATTTGACC
NZ_CP020873.1_gap54	2215863	2217120	1257	CACCAGAAAAACAATGAGGACAGCAAAGACCAGAACAGCCGATAGGGTAACAAGCATACCAAGATGAGCCGTTAGAGGTTGATCCCTGAAAATGACATATACGCCATGGAAATAAGACCGGTGACCAGCATGGCGATACCCAGGCCCCGGAGGCCTGGCGGGATGTTCGAGTACTTCAGTTTATAGCGTATCGTGGCCAGCGTAACGATTGCAAGAAAAAAACCTGCCCCCGCACTTGCCCCGAACACTGCAGATTCCATGAAATCATACTCCCTCTCCACCATAAAGAGCGAAGAACCGAGAATCGCGCAGTTGACAGCTATCAGCGGAAGAAAAATCCCGAGAGACTGGTACAGGGAAGGGCTCACCCTGTCAAGGACCATTTCAACCAGCTGAACCATGGCGGCTATGGTCGCGATAAACACGATATAGTTCAAAAAACCCAGATCGACCTCTCCGAGCGCGGCAATACCGGTCCACTTCAGCGCCCCCGGCCCGAGAAGATACTCCCTGATGACCCAGTTGAACGGCACGGTGATGCCGTTGACAAAAATGACTGCAAGCCCCAGGCCTATGGACGTCTCGACTTTTTTTGAAATGGCGAGAAACGAACACATTCCGAGAAAGTATGCCAGCAGAATGTTCTTGATAAATATGGTTTCCACCGCAAGACTGAGATAGTGGACAGCGTTGTGCATTGTCACTCCTCCGAATAACCTGTTAACGATCGCTGCAGCCAGATCAGAAGCCCCAGCACAAAAAAAGCTCCGGGCGCAAGCAGCATTAGCCCGTTATTCATATACCACCCTCCTTCCGAAACGTAGAGGGAAAGAGGTACGATCTGAATACCCAGAAGTGTACCGCTACCCAGCAGTTCGCGAAACGCAGCCACAAGCACGAGAATCAGCCCGTATCCGAGGCCGTTGCCAAGTCCGTCGAGCATGGAAGCGACGACACCGTTTTTCAACGCGAACGCCTCGGCCCGACCAAGTACGATACAGTTGGTGATGATCAGGCCGACAAAGACGCTCAACTGCCTGCTGATGTCAAACAGGTAGGCTTTGAGCACCTGATCGATAAAGATCACCAGGGTGGCGATAATGGTAAGCATCACGATAATGCGTACCCGTGAAGGAATGAGGTTACGCAACATCGATACAAGGGCATTGGAGCCAGTCAGGACGAAAATCAGTGCCGCCGACATGACCAGTGCCGTATCCAGCTTGACCGTGACGGCAAGTGCAGAGCATATGCCCA
NZ_CP020873.1_gap55	2219132	2220588	1456	CAGGATCATTTTGATCAGCCAGGTCGGCAGGATATCCATCGGCAGTACCGACTCGATGTTGCCGAACGGAATCATGACCCTGCGGCTGCCGTTCATCGACGTCGTCAGGCTTGCAGACTTCATCCCTCTGTAGCCAGACGGAAACAGGCGGGTGACGGAATACTTCCTGAAACCGGGAAGAAGCCAGCCCATGAAATCACGCTCCTGTTTTTCAGGAATCACCGAAACCACCTCGTCGTAGAACCCCAGAGGGTCCCCGGGAGCACGGCCCGTACCGGCAAGCACATCACCTGAAATTATTCGCGCAGGACCTTCGGGCACATTGCCCTTGAGAATATCCTGCAGACGCACGCCATGGCGGACCTTCAGGTAATGACGTTCGCGCAGGGCCTCGCCTCCGACTGCAATGACTTTCTCGACAGGAAGTCGCCCTGAGAGAAACAGCCCCCCTATTCGCGCGACATCCTGGGGAAGGACATACCATACACGGTCTTCCCGATGTCGTATTGGAGCAATATGATGAATATGAATACCGACATTTCCTGCAGGATGAGGGCCTCTGAACCGATGAAGCTCAACACTCCCGAGCCCGCTGAACAGCGGAGACCGGTTATCGGCATGGATGACAACATGTACTGGTGTGCCGGTCATCCGGGCAAGCGCCCGGAGACCCGCAGCAAACTCCTCTTGCCGACCTTCCAGCTGCAGAAGGATATCCGGAGCGAACGGTGCGGTGGGCATAGCAGGCACGAACACCGCTTTCGGGGGTTTTCCCGGATCGGCTATGACGGAAAAAGGTCGCTGACGTATCACCGGCCAGAGCCCGGAGGAAAGAAGCTCGTCCCTTATCACCGATGGGCCAAGAGAAGCGATCCGGTCCATATTATGCCTGGTAAACTCCCTGAAACGCTCACGATGATCGACATCGATCGTAATGCGCTCGAGAACCCTGCGCTCTCCCCGAATGACAGATGTTATCATTCCCGAGGCCGGGGCCGTAAACATCACATCAGGAAAACGTTTGTCAAAAAAAACAGGAGAACCGGCCTCTACGCGATCCCCTTCGCGTACCAACATGCGCGGCTTCAAACCCCTGAAATCTGAAGGGAACAGATCCACCTCCAGAGGTCTTGACAGGTTTTCAAGCCTTTTTTCCGGTACCCCGGCCAGAGCCAGATCATGACCTTTTCGGATAGTAATGACACCCATACACGTTGAGAGACTCGATTTGTGAAACCCTGCAGTACAACAACACCGGTTACAAAAAAATTTCAGCCTGATGGCAAAACCCGGAAAAACATATCAAAAGATATAAAAGCAAAAGCAAAAACTATATATAAAAAAGACTATACAACTATATAAGCATATATCAAAACAGACAAACTAATCCCCCTAAAGAAAAACAGCTAACCTACTGTAAGATAACGCTTTAAACACAACAACAGACCAGCCTTTT
NZ_CP020873.1_gap56	2227364	2229876	2512	TCACCAGCCAGTTGGCATCACCCCGCTGACGGCACTCCTTGATGGCTTCGTTGACGGCGAGCTTGCTGACGGTGCCGAACTTGGGACCGATATGGAAATAGGCCTTCTTCTCGCCATCGGCGGTGGCGTAGAACCCTTCGGCATGCAGGTAGCCGCTGACCAGCGGCTCGACACGGATGAACACCGCCTGCTCGTTGCGGATGCCGTTTTTCACTCCGGCGGATTTCAGGTGTTCGTACACTCGCTGCTCGAAGCTGTTGCCCTCTTCATCTTCGGAAGCCGTTTCGCCCAGTTCATCGGGGCTGGCCGGTTCGAAGTTCTGCAGGGTTTCGACGGTGAAGGGGCCGCACACCCGGAGTTTTTTCTTGTCCTCGTAGGGCTTGTCGTAAAGGGTTTCGGTTTCGGGTGGTTCGTCGTTCGCGAGCGATTTCAGGGTGATGTGCGGAACCTCTTCGTAGACGAATCCCTGGCGAATGTCGCCGGACTTCTGCTGCTCCGGCTTTTCCGTGACGGTCTTTTCGATCTTGCCGTCTTCTTCCGCAGTCCTGACCTCGACGTCGCTGTAGAGATGGTAGTAGGGAAAGGTTGCCGTCATCAGGCGGGTCTTGGCAATGTTCAGGGCGATGCGGCTGGTGTCGATGGTTATCCATCGTCGGCCCCACTGCTCGGCAACGTATGCCGTGGTTCCGCTGCCACAGGTAGGATCGAGCACAAAATCACCGGGGTCGGTGGTCATGAGGATGCAGCGCTGGATAGCCTTGCTTCCAGATTGGACAACATATAATTTGTTATCTGCAAAACCACCGCTTCCAGTATCTTGCCAATAATCAGTTAATGGCCTAACAGGAAAATCAAAATAATATCGTACGTAACATAAAATAGACGCTGGAGCCGCTAATCTATTCATTTTCCTTAACCTATCTAAACCCGTCCTCGATGTAGACCAACCTCGAGATCCTTTTGGAGTGAAAAAACGACCATCAAATTCATACTGAAATTGAGTTGAAGAACTGCCAGTCTGACTCGTTAATTCACTTAAGCGAAAAACCTTTCCGTCGCCAGATTTCTGTATAGCAAGTGCTTGCTCATTATTAAGCGATTCTCTACGTCTGTCTGGATACTCTATGTACTTATAGTTTATATCTCCAGCTATATCTTTCTCAACAAACAACTGTCTGAATTTCAAAACCGATTTGTCCTTGCCATACCACAAAATATAATCGGATACAGGAGGTAATCCATTAGCGGTTGTCTGAGCACTGGTTTTTTGATAATTAATTTGATTAACAAAATTCTCACTCCCGAACACTTCATCCATCAGGCATCGCACCAGGTGCACGTTCTCGTCGGAAATCTGCACAAAACATGATCCGCTTTCGGTGAGCAGTTCGCGCGCCACAAGCAAGCGATCGCGCAAGTAGCTGAGGTAGCTGTGAATGCCGAGTTCCCAGGTGTCGCGGAACGCCTTGATCATTTCGGGTTCGCCGGAGAGATGCTCGTCGCTGCCGTCCTTGACGGTGCGGTCGTTGAGCTTCATCTGCCAGTTGCTGTTGTACTTGATGCCGTAAGGAGGGTCGATGTAGATCATCTGCACCTGCCCGGCCATGCCTTCCCGCTCAAGCAGGCTCGCCATCACCAGGTGGCTGTCCCCCTGGATCAGCCGGTTGGTCCAGCCGTCCCGGTGGGTATAGTACTCCGAAACCTTTTCGAGTTCATCTTTTTCGAGAGCGTTGCCGAACAGTTCGTTGGTCGAAAAAAGATCCATCTGCTCGTCCTGCCCCTGGTCGCGCACCACGCTGTACAACCCTTCCATGAGCTGTTCAGGAGCGATATGCTCGTGGCGGTAGAGGGAGCGGATGTCAATGGTCAGCTGATCATCCGTGTCATCCGGCCCGTACTTGTTCATCCAGAAAAGTTCCGGATCCTGCCCTCGATGCACGACGGGGTTTTTCGGCAGTTTCAGTGTCTCTTGCGCTTCAGCGACTTTCGGGCTCGCCTCTTCGTACCCGGCTTCCTCTTTCGAGGGAATATGCACGCGGGTCTGGTCACTGTGCTTTATGGAGGAGATTTTATTTGGCATGGTGTAAAAGGTCGACGAGAATAACTCGGTTCAGATATCCAGAACCACATCGTTATCCTCGATCATTTCTGAAACGTTGATGGTGGGCAGAAGAAACTTGTTGAAATCGGTGTTTTCCGTTTTCACATGCAGCATTCCGCGGGCACTTCCTACCGTCAGCATGGCAAGATGAGCCATCATGTTTCTCGGAAACACCACGTGTTTTTTTTCTACGTCAACAGAAGCGTCCCAGGCATCGGGCTCTATGGCGAAATCACAACTTGCCGCAAAAACAAGAAAGGGTTTCTGCTCCTGCTCAAACCGGAACTTGACCGAGCACCTGATAATGCGAGACTCTTTCCTCGTCGAAAAATGAAGCGTCGTTACCAGGCCAATGCCGTCATCACCCTTGTTATACGCATCATCGATAACGGCAAATTCATCGAGATGAAG
NZ_CP020873.1_gap57	2237234	2239000	1766	ACCCTGCCGATAACACCTGAAACCATACCGGTTCTTGGCGCTCCGGGAGTGATGTTGGTACCGTTTTTCGTGATATGGGGAACCGAGATCGGTCCGGGAGGCGCAAAGGCGATTCCTGCAGAAAAGATGTTCTTGTAGAGGGGGTTCTGGTAATTTGCCGGCCAGGCATCGGGTGTTTTGACGAGTTCATCGTAACTCAGACCGTAGATACCGTCGGCTAGGACAAAACCTCCCGGATTTGTCACCCTGGAAGAAATATCTTCACCGTTCTTGTCGATAAACGGGAAACGAACACCGCGGGACTGAGGGATCAGCATGGCAAAATCATAGTCGTCCTCACCGTAGTTCCCTTCGAAATCCTCCCAGTAGATCTTGTTTTCATCGACCTCCCTTACGCCACGACGTACGGCTTTTTCAATGCCGAAATCATCCATGGCTGCCTCGATAAGGTCACCACCACGTGCAATCCTGCCTCCCCGCTTGACGACATTGATACCATTCACACCGAAATCACCGATTGCAGGCTCGTTGGTCATATAGACGAGTTCGGCCTTGTCGCGCACGCCGCGCCGGGTCAGATCGGCATGGATGTTGGTGATGTATTCGAAGGCCGCTCCCTGGCATGCCGCCATGGGGTGACCGGTACCGATAACCAGACGCTGTCGCTCACCACGCTTCATCTTTTCCACAAGCTGCAGATAGGCATCACGTGCCTGGATTGCGCTGTCGAGATGACAGATGGACTCGGTAAACTTTTTCGGTCCGAGCCCGGGGGTTGCATCATAATTCATATGCGCCCCGGTGGCGACCACCAGGTAATCGTACTCGACGCTGGCCTGGCCCGCATTGGAAGCCTGATCGACGATCACGTAATTTTCGTCCGGATGCACGGACACGACGGTCCCCTGGAGAAAGTTCACGTTGAATTTATCATAGACAGGCTTTAACTTGAATGTGGTTTCTTCGGGCTTGACGGCACCGATACCAAGCCACACCCAGGAAGGCACAAAACCGAATATGTCAAACTTGTGAATGACGGTAATCTCATGTTCCTTCCCTATAGCGTCGCCAAGATACATGGCCGCAGTATGGCCTGCAAAACCAGCACCTATAATTACAACCTTTGCCATATCTTCTCTCCGGTTATTCGTGTTATGAATCCAGACGATGTCTGAAAAATAAAAAACAAGTTCGACAATTTAACACTGGCAAAGCATATAATCAAACAGTTATACATAACTATCACTCCAGAGCATAAGGAAAATTAATCATTTTATGCTCCCGGAGCATATACAAATGATATATAACCGGGCCGGAAACCATGAAAATCATGACCTGTGGCAACAAAACAGCGGAAAAGAATCCTTGCAATTGATTACGGCGCAAAAAGGATCGGGCTGGCAAAAACCGATCCCCTGCAGCTTTTTGCCCAGCCTGTAGGTACGTTTGACGAGGAACAACTTCTTCATGTTCTCGACGACATCAACCATACCGAAGGCATAGAGTGCATCGTTCTCGGTTACCCTCTGAATGCCGACGGTACGCAGAACAGGATGACCGGTATCGTTGATGCATTTGCAGAAAGGCTCAGACAACAATTCAACAGCATACCGATTCTGTTCATCGATGAGCATGGTTCATCGAAAACCGCCGGCAGGATCCTTGCCGGATCGGGCCTCGGCAGAAAAAAAAGAACCGCCAAAGGGCGCCTGGATGCTGCTGCTGCATGCATTCTGCTCCGCCAGCACCTCGACAGCCGCCAGTAG
NZ_CP020873.1_gap58	2243502	2246939	3437	GAAATCGCCTATGGGAACAGGGCATGGCTTTATGATAAACTGGGTAACCGTCCGGCTGCGATAGTGGACTACAAAAGGGCGGCGGAACTGGGTTACATTCCGGCCCGCCAATGGCTTTCGGAACAGGGCATCGGAACTGAAACAGGGAAATGACCGGCCAGTGGTGACCGGTCACAGGCCATTCTCACATGACACAGTGATCACTGTACTGCCATTTTCCCTGCTGCTGGAGTATCAGCTCGATGATCTCCCGGATACATCCTTTTCCTCCCTCATAGGCAGAAATGTAGGACACCCTGTTCCTCAGGTACTCGACCCCATCGATAGGAGTTATCGAGAGCGTGACTTTCTCGAGAATCGGAATATCGACAATATCATCGGCAATATAGGCGCAGTCATCGTCACAAAGTCCGCACTCTTTTTTGAACTGCTCGTATGCCTGAAGTTTACTTTCACAGCCGAGATAGATATGCCTGACCCCCGCCTGCCCGAGCATTGTCGCGGCAGCCTTGCTCTGCCGTTCCGAGACGACGGCCACACTGATCCCGCGTTCCTCGGCCTCACGAATTGCGAGTACATCCCTGAAAAAGCATGAGCAGATCTCGTCTCCGCCCGAAGTAAACGTCAGATGCCCGCCAGACATAACCCCTTCGAGAGGAAAGACAAGACCTTTGATCCGGCCGAGGGCGTCCTGAAGGCGCTGGGAATGGTCACCGGTAGAGAGCTGAATACCAAAATAATTGATTCCGGACACGATATAACGAAGATTTAGAGATTACAGGGATACCACGCATGAATGAAGTTTCCTGAGCTGCCGTACCATTCCGGGGAAATCACTCAGCCTTACCTGGGTCGCTGCATCTGAAAGCGCCCGGGATGGGTCAGGATGGACCTCGCAGAAAATTCCGTTTACACCTGCCGCCACGGCAGCCCGGGCCATCGGAAGCATGAACTCCCGCTCTCCTCCGGACACTCCATTACCGGCCGACGGAAGCTGAAGACTGTGGGTGGCGTCGTAGACAACGGGATAACCTGTTGCGGACATTTTCGGAATCCCGCGAAAATCGACAACCAGGTTATGATAACCGAACGATGTGCCCCGCTCTGTCAGCATGATCCGTCGGTTTCCTGTCGAAGCGACCTTTTGGGCCGCCAGGGCCATATCTTCCGGGGCCATGAACTGGCCTTTCTTGATATTGACGGCAAGACCCGATTCCCCGGCAGCGACCAGCAAATCTGTCTGCCTGCAAAGAAAGGCGGGGATCTGAAGAACATCCACATATGGGGAAGCAAGAAGAACATCCTGCCGCTCGTGCACATCGGTCAGGACCGGCAGTGAAAACGTCTCACGAACCTCGGAAAGAATGTCAAGTGCCGCACGGTCACCGATACCGGTGGCGGACGAAGACGAGGAACGGTTTGCCTTTCGGAACGATCCCTTGAATATGACGTGAAGTCCGAGTTCGCTGCGCAGGGCATCGAGCACCCCGGCCACCTGCATGGCCATATCACGCCCCTCGATCAGACAGGGACCGGCAATAAAAAAAAGGGTCTCTTTCTCACCGGCACAGACCCCGCCAATACTGAACTTTTCCACGTTACAGGCAGTTAAACTACTACAACGGTTACAACAACAGGTTGTAACTGTCATCATTCAAATCTTAAATTTACAACGGGTAATATACATTCTTCTTCCATAAGTCATCAAATAACAGCAATGAACGCTTCAGATACACGACAACGACTTGAGGAAATAGAAAAGCAGCTGGCTGACCTCCATGAAGAACAGCGCCGGATCAAAGCCAGGTGGGATGCTGAAAAGGAGCTGATACAGTCTTCACGCAAGCTGAAATCGGAACTTGAAGACCTGAGAGTGCAGGCTGAAGAATATGAACGTAACGGAGATTACGGAAAGGTTGCCGAAATCCGCTACGGCAAGATAGCTGCACTGGAAAAGGAGCTCGAAGCCAACAAGGCAAAGATCGAACAGAAACAGGAATCGGGCGATCTTCTTATGAAAGAGGAAATCGACGCCGAGGATATTGCCGATATCGTCTCCCGCTGGACGGGAATCCCCGTAAGCAAAATGCTCCAGTCAGAACGCCAGAAACTCCTGCATATCGAAGATGAGCTGCACAGGCGGGTGATTGGGCAGGATAATGCCGTCAAAGCGGTCAGTGACGCCGTAAAACGTTCACGGGCCGGAATGGGCGACGAAAAAAAACCTATCGGTTCATTTATTTTTCTCGGACCTACGGGCGTAGGAAAAACAGAGCTTGCACGTACTCTTGCCGAATACCTGTTTGATGACGAGGATGCCATGATAAGGATCGACATGAGTGAATATATGGAGTCCCATACCGTCAGCAGGCTGGTCGGTGCTCCTCCGGGATATGTAGGATATGAAGAAGGAGGGCAGCTGACCGAAGCGATCCGGAGAAAACCTTTTTCGGTCGTTCTGCTCGACGAGATCGAAAAAGCTCACCCCGACGTGTTCAACATCCTGCTGCAGATCCTCGATGACGGACGCCTGACAGACAGCAAAGGCCGTACGGTGAATTTCAAGAACACCATCATCATCATGACCTCGAACATCGGGGCCCAGATGATTCAAAGCGAAATGGAACGGATCACCGGAGCCAACCGCGAAGTGTTGCTTGATGAGCTGCAGGAAAAACTGTTCAACCTGCTCAAGCAGCAGGTGAGACCTGAATTTCTCAACAGGATTGACGAGATTATCCTGTTCACGCCGCTCAGCAAGCAGGATATCGAAAAAATCGTCACGATTCAGTTCAATCTTATCAGCAAGCTTGCCGCCCGCCAGCATATCACGCTCTGTCTCGATGAAAGCGCGCTTTCATGGCTTGCCGCAGCCGGATTCGATCCGGCATTCGGTGCACGACCACTCAAGCGGGTCATGCAGCGCATGATCACCAACAGGCTTTCGGAGATGATCCTCTCCGGAACGGTCCAGGAAGGTGACAGCGTCAACGTCACGACAGAGAACGGAGACATCGTTCTCATCAAGACAGGCTCCTGAAAGGGGGCCTGCATGTTTTTTTTGGAATACGACATCAGCAACCCATGACAAAAAGCGAACACGAACTCTTTGAAACCTGGTTCCAGGACTATAAACTTTTACTCGCAGAAGCCATCAGGCCGGCACTTGAACCAATGAACCGCCAGAAAGCCACATACCTGCTCATCAGGGCCATAGACAAGCTTGAAAGCAATGTCGCTGTCAGTCTCATCAATCTCTTCGACGGCATGTATTTCTTCACCCACCTGCTCAACCGGCTGCTCGAAGATCTGAAAAACAACATGATCGCCCTCAATATGAACCTTGAAATGTAAACGATGAATCCCCTGATCATCATCCTGTTCATGCTGTTGGCAACGGCGGGAACATGCCGTGCTTCGGAACCCGGGAATACCGA
NZ_CP020873.1_gap59	2334457	2336751	2294	TCACTTCGCTCCGACTGAGGTCCGACCCGGTTACCGTATAGCCGGATTTCAGAAGCAGCTCGGCAATAGCACTCATACCAGCCCCACCGATGCCAACGATATGCACACATTTCGTTTTTCCCAGTTCCACTCTGCACCCTTGTTCTCTGCAGTTATTGTGATTCTTCTTCATTCTGCCCCAGGCTTACGCGTCCCCAAGCCTGGCAATTCTCCCGGCAAGCTCTGCCGCCGCTTCCGGCCGCCCCTTGCTTTTGCACGATCCCGACATTGCTGTCAACCGCCCGGGATCGCCAATCAACCCCGTCACCTTCAGGCGTGCGGACCCGTCGCCGACATCACTGTCGGCGATGAGCTCGGCAGCGCCCACATCGACAAGCGCACGGGCATTATGGTACTGATGATTGCCGGTAGCATAGGGATAGGGGACCAGTACAGAAGGTTTGCCGAGATTTGTCAGTTCAGCCAGCGTAGAAGCCCCTGCCCTGCACAGGACCAGGTCCGCGGCACTGTATGCGCTGCTCATATCATTGATATACTCTCCGATCCAGAGGCCTGCTGAAGGCTCGAACTCCTCACGGACAGAACGGAAATCCAGCGACCCCGTCTGCCAGATGATGTTGAAATCGGGAGGAGCATCACGCAGCCACGATTTCACGGCATTGTTGATCGAGCGAGCCCCCCGGCTGCCCCCGAACACAAGAAGCGTCGGCACCTCCGGGCGCAGGCCGAATGACCGGCGTGCCACAGCCGCATCGACAAGCCTGAACGAACGAGCCGGGTTGCCGGTCACGAACACCCCCCTGCTTTTCCTGAAATAGCGTCGGCTCTCGTCGAAGGACAGATGCAACTCGGTTGCCCCGTACGCCAGAAAACGGGTGGTCATACCGGGAAATGCGTTCTGCTCCTGGATCAGCGTTTTTTTCCGCATCAGCTCGGCGGCAAACAACAGCGGCCCGCTCACAAATCCTCCGGTACCGACAACCACATCAGGCTTTTCCTTCACAATCAACCGGATAGCGGAAACAACGGACCCGGCAAAATCGGCAAGAACCCCGGCATTGTTCAGCAGGTCCCCGAACGAAAACCCCCGCCTGAATCCTCTGACCCGGAACAGGTGAAGTGGATAACCCAGCCGGGGAATTTCAACCGACTCGATCCCCCGTTCCGTACCGGCAAACGCGACACTGCTACCAGGGCGCAACCGGAGCAGTTCCTCCGCCATTGCAACAGCGGGATAGAGATGTCCACCGGTCCCGCCGCCCGCGAACAATACCTTCATGATTCCCCCCCGACATGCGCCACATCCCGCTGTTCCTCCCTGCGGCTGTTACGCGAAATATTGATGAGGATCCCTATCCCCAGAGAGTTGAAGAGCAGCGCCGTACCGCCGTAGCTGATAAAAGGCAGCGCAACTCCTGTCGTAGGAAGCAGATGCGAAGCAACAGCGATATTGATAAAAGCATAGAGAACAATTGCCGACGTAATCCCTATGGCGACAAACCTGCTGAAAGTGTCGGGTGCATGCTTGGCGATCACCAGGCCGCAGACAAACAATCCTGCAAAGAGCGAAAGCAGGACAACCGCCCCGATAAAACCGAACTCCTCGCCTATCACCACAAAGACAAAATCATTGTATGACAACGGCAGAAAGAGCTCTCTCTGCTTGCTTGCCCCGATACCCAGGCCTGTAAGGCCACCGTTCCCCAGACCGATCAGGGCCTGGTAGACCTGGTAGCTGAGATGCTCCTCGTTACCACCCAGAAAGAATGACACCAGCCTCCTGACCCTGTAAGGCTGTGCAATTGCAAACACCGCCGCAGCAGGCACCAGGGGAATTGCCGTAACGAGAAGATGACGGACCCGCACACCACCAAGAAACATCATGATAAACCCGATGGTCGCCACCAGCGAAGCCGTGCTGAAATTAGGCTCGACAGCAATCAGCACCACCACGGTCAGCAACATGGTAAGAAGAGGATAATACCCCAGGTTGAGGTCCCTGATAACGGCCTGTTTCTCACTGATAAACCTCGCGAAATGGAAAATCAGGGCATATTTGGCAAAATCGGATACCTGGAAATTCAGCGGTCCCAGCGGCAGCCACCGGGCCGCCCCCTCGATAATCCCGACACCTTTGAGCACAAGCAGCAGAATGAGCAGCACTACACTGCCAAGCAGCAGTATCTTGCTGGATTTTCTGAACAGCGTGTACGGAACCAGGGAAAACGCAATAACCGTTCCGAGCCCTAACCCCGTAAAGATAATCTGGCGCCACAGAAAGTACTCGGGATTTG
NZ_CP020873.1_gap60	2355177	2358795	3618	AGGGGCTGCCTCGACGTTCTGAGCCTGGACGGCAGCCATCACCTCCTGTGGAGAAAGGTTGTAGGCCGCCATGGTTGCCGGATCGAGCCAGATGCGCATAGCATAATCCTTCGAACCAAACACGCTGGCCTGCCCGACACCGTCGACCCTCTGGATCTCCGGCAGCAGGTTGATCTTCACATAGTTCTGCAGGAACGTCGAATCGTACGTATCGGGATCGTCGCTCACCAGCGAAATCAGCATGATCATGCTGTTCTGCTTCTTGGAGGTCGATACCCCGATCTTCGTCACCTCCTCCGGCAGCTTGCTCGTCGCCCGGGCTACACGGTTCTGAACGTTCACCGCCGCCTGGTCGGGGTCCGTTCCCTGGCGGAAAAACACGTTAATGGCAAGCGAGCCGTCGTTGCTCGACGTCGAGGTCATGTAGGTCATATCGTCGACACCGTTGATTGCCTCCTCGAGCGCGGGAGCCACCGATCGGGCGATCGTCTCGGCATTCGCTCCCGGGTAGCTGGCCGACACCTCGACGCTCGGCGGCGCGATGTCAGGGAACTGCGTCAGCGGCAGCTGGGTAATCCCGATCAGGCCGAGCAACACGATGAACACCGAGATCACCGTGGCCAGCACAGGCCGGTTGATAAATCGTTCAAACATCGTCTCTACGCTCCTTCTGCCTGGTTTGCCTGTTGCTCTGATTCCTGTGCACCGCTCTCTTTCGCATCCGGATCAACCGGCTGGATCGGCGTTCCGTCCGGCAGGCGACTGAAGCCCGACAAGACAATCCGGTCACCATCCTTCAGTCCTTCACTCACGAGGTACTCGCTGCCTGAAACCCCTGCAACGGTAACAGGCGTCCGTGCAACCGTATTGTCATCATTCACCCTGAAGACGAATACCCGGTCCTGCAGGTCCATCGTCGCAGACTGCGGCACCGTTATCATATCTGAATAGGTCCATGCAATCCGGACCGTTCCGGTATTCCCTGAACGGAGCAGACCATGCTCATTGGGAAACGTCGCCCGGAACCGAACCGATGCTGTCGTCCGGTCGAACTGCCCGCTAACAGCGTCGAGCTTTCCGTTTTCTCCATACAGGCTGCCGTCGGCCAACTCGAGCGTGACCGGGGTACCGACACAAGCTTCTCCTCGAGAGTCTCCCCTCGAACTGCTGCTTGAAACGCGTGAAATCCACCTCGCTCAGGCTGAAATACGCATGAACCCGGCTCACGTCCGTGAGCGTCGTCAGCGCCCCATCCTGCCCCGCCTTCACCAGGCTGCCGAGACGGAAGGGGATTTCAGCAATATACCCCGACACCGGAGCCTCGATGCGGGTATAGCCAAGATCGATCCTGGCCTGTTCCTCCGCGGCCCTGGCCTGGGCAAGCTGTGCACGTGCAGATCTCCGGGCGGCTTCAGCCTCGAGCAGCTTGATTTCCGACACCACCTTGTTCTCGACCAGCGGTTTGTACTTTTTCACATCTATATCGGCAAGCCAAAGCGCAGCCTCTGCCGACTGCCGGGCGGCGACGGCCGCATTGAGCGCCTCGCGATACGGTCGCTGGTCAATCGTGAAGAGCAGCTGTCCCGCTTCGACAGACTGCCCCTCGTCCACCGCAATCTCTTTCAGCGTCCCCCCACCTGGGGGCGTACCTCAACCGTCACCACCCCTTCGAGCACGGCCGAATACTCCTTCTGGACCACCACCGTCGAACGCTGCAGTTCCTTCACCGGCAGCGGCCTTGGCTGCTGTTCGGCGCCCTGCTGCCCCTCTTGGCCTCGATTGCATGCGCCGAGTGCAAGCAGTACCACAAGGCCCAGCACGGCACGCAGGCTGAAGAGTCTCTTCTTCTCTGTCATATCATCAGGATTTCGTTGATTTCATGCGGCCGGTACGTGGATACCGGCTGTTCATTTTCATGTATTCAAAGGTAAGGAGAAAGCGGTTCCCAGAAAGGCACTATTGTCCGGTATATTTGGACAATTTGAACATCCGGCTGCGGAACTCCTATAGGAGGGCGGACTTTCCAGTCCGCCATTTCCTGATCTATAACGGAAAAACCGGTCATTCAAAAAATGCAGCAACAAATCCACCTATCATCAGCCTTCAGCGGGGAACTGACGGCCGACGCAAAAAAGGTTGAAAAAACCTTCATCAAAGCGAAGGTATGAGAAAAACGGAATTGATTCACTCTTGAGAGTAAATACAATCAGGACAGCTTCTTTTATTGCAAGCGATGGATGTTTCTCTTTTAGGAGCTAAACTGTTGTGATTAAAACGCTTGCTTGTTTAAACGCAAATCTTTCCGGGTAGTTTGAATCAAAAATTCATCAGATGGACGAAGCGGAAATCAGAACGGAGCTGATCGATCCAGCGCTCAAGACTACCGGATGCAGAAAGAGCTTCCTCTTCACTCCTCTCGGCTTCTTATCTTGAGAGGAACTCTCTATATTGCGTAAAAGGTTAGTGATTTCATCTTCCCGTCATGAATGACAATAAGTTAGCGTAGGAATGGAACGTCTTCAGTCCATCAATCACGAGCGCATTCTCTGGTGTTGTGCCGATTATGGCATAACACCGGGAGAGCTTGCCGCTGAGCTTGGCATCGCTCCAGGCAGTATGGACCGTGTGTTTGCCGGTGAAGATGGCATGACCTTCAACCAGTTACGCAAGATGGCAAACTTTTTTGGCCGCGGAATACTGTTTTTTCTGGAGGAAGGGCTGGTTGACGAGGCACAGGTACATACTGCGCAATTTCGTACGCTGACCAATCAGAAACCGGAGGTAACGCCAACACTCAAAAAATTTATTGAGCGGGTTGAAAGACAGAGGGACGTCTATCTCGGATTGCTTGACGATTTGAATGAAACGGAACGGGTGAGATTCTCTCCTCCTGATTTACAAGAAAAACCCATTCCTGAAGCTGCCCGCATAGTTCGCGCATGGCTTGGGCTCGGGGGCAACAATGATTTTTACTCTTACCGTACAGCAGTAGAAGCAAAAGGTATTCTGGTCTTTCGTAGTAATGGTTACAGCGGAAAGTGGCAGATACCGAAGGAAAGCCCGATTATCGGGTTTACCCTGTATGATCCCGATTGTCCGGTGATTGTCGTAAAGAAACAGGCGTCTGAGCGCAGGCAAACATTCACACTCATGCATGAGTTGGGTCACCTGCTCCTGCACAGGAGCAGCTCCATCGATGACTACGTCGACCTGGACTCTCCCAGGGGCCAAGAACGGGATGCAAACTTCTTCGCCGGTCATCTGCTGGTACCCGATACGTTCCTTTCCTTGATCGATGATTCCAAACGACCAACAGATGTCTCTCAGTTCGATACCTGGCTTGACATGCACTGCAAGGCATGGGGGGTGAGTTGTGAGGTGATTCTGCGTCGATTGCTCAATGCCGGTCGCTTGTCACACGGTGAGTATGCCGCATACAGGCAGTGGCATGGAGCCTTGAACACAACTCAACAAGAAGGAGGAAACCGTCAGTACCGCCATCGTGAACCGATTCACGTGTTTGGTGATACTTATGTGAAGACAGTGCTCGATGCACTGAATGCTCGCCAGATCACGCTGAGCAGGGCAAGCAGTTATCTCGATAGCATCAAGATCAAG
NZ_CP020873.1_gap61	2361500	2364616	3116	CAACAGCGTCAAGTTCATCAAGAAATTCACTTGAAAGCGGTATTTCATACCAGAATACCACGCCTCCCTGCCATAGTCTCTACAGATGATGATATGCAAAAAACACAGGGAAACAGACTTCTTCGCTTACGGAACAGCGTCCCCTATCCCGCGGGTACTATTCGACAAGCACGAACAACCCGGATCGTGCGGCCTTCCTGTCGAACGTCAGCACCGAATCGGCTTCGCACGCCGATACGGCATATCGTGCTATCAAAAGATCGGAAAGATCGCCCCTGCTCCGTCGTGCATCGGCAATACATGCGCGCACTGCATCCTGGGCGTCGAATTCCAGCACCGGAACCTGCATCAGGGCATCGACAGCATCGAGAATCTCCTGCCTCGCAATCCCGTATGCCGACTCCAGCACCCAGAACAATTCGAGAACGACCGGCACCGGCACAAAGAACACCTCCCTTTTTGCTTCCGCCTGCCGGAACAACCGGTAAACACGCTCAGCCTGCGTGGCGTCGTCGTTGGTCAGAAAACGAACCAGTATGTTCGTGTCAAGCGCTCTCATCAGCACCCCTGCCGTACTCTTTTTTGAACTTCCTTTCAACGGCCTCTCTCATCTCTTCCGTTGATACCGGAGCCCTGTCCTTCCTGTACAGCTTGCCGAAAACCTCGTCAACAGACTTCTTCACCGGCCTCACGGTAATAATTCCAGCCTCTTCGCACACAAATTCAAGTTTGTCGCCCGATTGCAGGTGCAACGCATCGCGAACCTTTTTGGGTATCGTCACCTGCCCCTTGCTTGTCATCGTAGCTACCGGCATAGCATATTTCCCCCATTACTTTATTAAGATATCCTTACTTATATGTAAGGAATAACGAGCAAACGAAATAATCCGTTCTGCTAAAAATTGTTTTGGTTCAGCGTGAATCCCAGTTCATCAAAAAATTCACTTGAAAGCGGGATTTCATGCCAGCAGACCACGCCTCCCTGCCACAGTCTCGACAGATGACGATGTTCGAAAAACACAGGGAAACAGGCTTCTTCGCTTACTGAACAGCGTCCGTGTGCCGCAGCAATGCTGCGTGAGAGATGAGGGCCGGCCCCTCGCAATCGGCTTGCAGGAGCAGGTTGCAAACCACCGTAAGCGGCTGGGGTCAAAAGCCCTGACCCTGAGCGTTACGAAAAAGGCATCGAGAAGAATCTGAAAACTATCAAAAGCGGTCAACCCGATACTGAGAGGGTGAAAGAACTACTTCTATTGATACAATGCTTCGGCAATGAGTCCGGTATGGCAACATGTCAACTTGTATCTGACAAGGTGACTGATGCGGAAATACCAGAAGCTTGCAGATCGTCTCAAACGCACGATCAAGGTGCTCGAACGGATAGCGAGAGCAACACCGTCAGCGTTTGTACATTGGGAAGCCGGGTTTATCCCGAAAGGCTGGATAATGGGAGCCGGATGAGCGGAGACGTTCACGTCCAGTTCTGCGAGAGGCTGGGGGTGAAACTCCCTCGGCCTACTTACCCCTATTCCCCTTGTAATCCCGAGCTTATTCACTGTCTCCCAATGCTCTACGGACTGCATCAGGTTCACGGGCGATGACAGTGAGCAATACTCGAGCAGCACGATCAGGTTGACGACGTTTTTGCTCCCAATCCTGTACCGCTCGAACATCAAAGCCAAAGCGGTTAGAAAATTCAGGCTGTGTAAGCCCTAAACTCATTCTGATGGCTTTCACATCCACCTCATCCGGGACATGGGCGATAAAACCTTCTGAGACTTCTCCACGGGCATATGCCAAAGCTTGCCTGGCTGATTTGATGAGTTTACTTCCTGCTTCTGACATTTTGCTTTGCTCCTTCTCTGTAAATTTCTGCGATTTCTCCCAGAATTCCTCTCAATTCATTTCGTTCTGATTGTGACAGATTCGCCTTTTCTCCCTTTGAAAAAATCGCCAACAGAAATACGGGAATATCAGTACCCGCAAAAAACGTTATAACACGGTATCCGCCGCTTTTTCCTTTTCCTCGTCCTGCAAAGCGAATTTTTCTCGCTCCGCCAGCTCCCTTCATTTCAACTCCTGCATCAGGATTTGCAGCGATGAAATCAACTATAGCCTTGCGCTCTTCTTCCGACAAGCCAGCAGCTTTTGCATCAGAAAGATAATCGGGTGTTTCAATGACGACTTGCATATTTTTTAATATACGGCATTGCCGTACAAGACCAAAACAAATTATCAGCTAATCTTATTGACAGCGGATGACATCTGCTTATTTCGGATTCTGCAGAATCACATATACAGTTGACCTCCCGATATTCATCTGCCGGGCGATGTCGGTAGCATCAAGGCCCTGCTCTTTCAGGGCAAGGACTCTTTTCGGGTGGATTGACCGCTTTCTTCCGAACTGAGCAGCTTTTGCTTCCTGCCGACCCTCAGTTGGTCCGCTCGAAAATCCTCTGTCACCACCATCTTTCCCATCGTGCCTTCAGTGTTGATCCAGCCATCGAGAAACCGAAGCGCCACGCACAGTTCATCAAAAATTCACTTGAAAGCTGGATTTCATACCAGAATACCACGCCTCCCTACCATAGTCTCGACAGATGACGATGTTCAAAGAACATAGGAAAACAGACTTCTTCGCTTACTGAACAGCGTCCCCTATTCCGCAGAAAACATCATCACTTCAGTTCAATTTCTCGCACGACTTGTCTTCTCACGGCGCCTTGCGTCAGCAACTGGTGATTCACCGTGCTGAAATCGATCTTCCTCAGGTCAAGCTTCTGAATCTGGCGATTGTCCATGGTGTGGAAATAGAGGATGCGATTCTTGAGGTCAGAGGCGGTGGTAATTTGGGTGGCGCTGGCGATGTCGCTGGCGATTTTGTCTTGTGCCTCCGTGATGCCGATCGGGATGTTAAAGTTGTCAAGAATACGGAACGCCTCGAAGACGGCATCCTCGGCCGTTGCCAGTGGACGGGCGGAAGCGGTCATGGCAACCGCACGCACAAAGCGGGACGGGGGCGTGAAGTCACCGGGCAGGCCCGTCAAGCCAGACCCTCCGCCGAGGGGTGAGAGTTGCCGCCCGTCGAGTGTGATGGGCTTTTTCGGCGCCCCCGA
NZ_CP020873.1_gap62	2385959	2388624	2665	GAAGAAACGGGTGGCTGTGGTCTCGAACAACAACTCGGCCACAGCGAACGTGTTGGAAAAGCTTGAAAAATATGGACTGGATTTTGTCGCGGCCACCCTGGGAAGCAACCAGAACAAAAAAATGTTTATCGAGCGACAGACCGACGAAACGATCCAGCTCCCTGCACTCCAGGCTGAAGAAGAAGCCTCCATGCGCAGTGAGATTCTTCATCTGAACAAAGAACTTGATGACGCGTTTTCAAAGCAGAACGAGTTAGCCGACACCATTCAGCAGCTCGATGCACTCCAGCTGGAAATTGACCATTTTGAACGGTTCTGCCAAGAAACCTGGAGCGACGACCTGAAAGAGAAGGACCGGGCATTCCAGCCCGGATCGTCGGCAAGAAAGTTGCTGAAATCCTGGGCGATGCATGAACGAAAAATGAAGCGAAGCAGAACAGCATCGGGACAGCATTCCGGTTTGCCGGAAAAAATCAACCTGCTGCTCCGGTTTGGTTTAGCCGGAAAAGCACTGTTCGAGTCCACTCTCGAGGAGCGTATTCCTCTGCTGCAAAAGGCCTATTACCGGCGCAAGCTTGCCGATCTGGAGAAACGGCGGAAAACGCTCGAAGCATCGCTTTCCGGTTTTGGTTTCGAAGAACGCCTTGAACGGTTGACGAAGCTTTCGATGCAACTGCTCAGGCACCATCTTGCAGCGCGATACACCAACCGGAAACGCAAGAGATTCAAGCTCGATGATCTCCGCTACAACCCGAAAGCATTTCTCGATGAATACCCTGTCATACTCAGCACAACGTTTTCCATCATGACATCGCTCAGGAATGGATATGTGTTCGATTGCGTCATCGTGGACGAAGCGAGCCAGGTCGACCTGCTCAGTGGTGTTCTGGCGATGGGGTGCGCAAAACAGCTTGTCGTTGTTGGTGATCCTATGCAGTTGCCCAATGTATTGACAGAACACGAGGCAGAACACGCCAGACAGATGGCCTTGCACTACGATCTCCCGGAACATGCCCGGTTCGATCAGCACTGCCTGCTTTCGGCTGTACGTACCGCATTCCCCGACATTCCCGAAACGCTTCTTCGGGAGCATTACCGTTGCCATCCGAAGATCATCCAGTTCTGCAACCAGAAGTTCTATGGGGGCGAGCTGCTTGTCATGACCCGTGACAATGGAGAAAAGGATGTTCTCAAAGCATATGTGACCGTCGAAGGCAGACATGCTCGTGGCACGATCAATCAACGCCAGATCGACGAAATCGCACGGCATGTGCTGCCTGAACTGGAATCGACAGAGCCTGCCGACATTGGTATCGTCTCGCCATTCAGGGCTCAGGCGACAAGGATGAAAGCTGCCGTGGTCGACGATGAGATCGATATCGACACGGTGCACAAGTACCAGGGCAGGGAAAAGCAGGCTATCATTATCACAACCGTCTCGAACGAAGCCAACGAATTTGTCGACAATCCAAATCTGCTCAATGTCGCCGTATCCCGTGCACAGGAAAAACTTCGGCTGGTCGTTTCCAGGGAGATGGCGGAAGGAAATGGCAATATCGCCGATCTGGTCCGCTATATCCGTTACAACAATTGCGAGGTGGTCCCCGGCAGGATCCGTTCGGTCTTCGACCTTCTCTATACCGACTATACAGCAATTCGCCTGAAGGTACTGAAAAAGGGAAAACGAATTTCGAGCTTCGACTCTGAAAACATTACCTACAGGCTCATCGTATCGATATTGCAAGAACATGCGTATCATGATCTGAATGTGGTTTTTCAAGTTCCCCTCTCGATGCTCGTTCGGGACACTGAAATCCTGACGGCTGAAGAATCCGCCTACGCCACCCATCCCTGGACTCGAACCGATTTCGTGATTTTCCGCAAGGTCGACAAAAGCCCGGCACTTGTCGTCGAGGTCGATGGATACAGGTTTCATCGCAAAGGAACACGCCAGGCTGAACGCGATGCGCTGAAGGATGCGGTACTTGCAAAATGCCGGATCCCTCTGCTTCGCCTGTCGACGGTCGGAAGCGATGAGCGCAACCGGATCAGGAACAAGCTTGCTGAGGTCACACGATGAGATCGGCAACAGAAAACCTCCCCCCTCCTCCCGCGTCAGACAAACCATGACAAAATGAGAAAACAGCCCGAGAGCAGGAGTGCGGCCATGAGGTTCATCACCAAGCCGAGCCTGAGCAGCGTGCGTATGGAAAGTTTTTCAAGCCCTCCGAATGCCAGGGCGTTGACTGGTGTGGCAAAAGGGCTCATATATGCACCCGAAGCTGAAAGAGCGACGAGAAGCAGCAGGATAAGCTGTTGGGAAGGGAAGGTCGGATCGAGAGCATCGATGGCAGGAGTGACGATCAGGAGAACGGCAGTATTGTTGAGCAGTTCGGTTGCAAAGATAGTCGAGAGCGCTATGGCGGGAAAGAGAAGGACCGGTGGAGCCGCACTTGATGCCACACTGGTAGTGATGTCAGAAAACAGAAGGAAAAGCCAGCCGTCGATTTCGGGGGTGGAGGGATCGTTGCCTATTGACATGGCAAGAACAAGAAGCAGGGCGGCAACGCTCATGAGGAGAACGCCGAACCATGGGATCTCGAGCATGATCCGGTTGACCGAAAGAACCGAGTTGGGATTGTAAATGGAAAGCGAGCTGAATGTT
NZ_CP020873.1_gap63	2414226	2414726	500	CGAGCTCTGAAACCGTGCTTGTTACGTCTTTTTCTGTTGTGCGGCTGAAATGTCCTTTTCATGATATAAAAACTCCTCGTCTATGCTCAAGGTTATAACTCAAAATTCAGGACCCTCAATTTAGCACAATGGTTTTTCAATTCCAAAAACAAATACCGGACAAGAAAGTATACCTCACATTTCCACAACATCCGGCAACCACCCTTGCCCACAATGTGGATAACTTGTTGATAAAAAAATTTCATGTCAGCAAACACGCATAAAACCTGACTCAAACTTTTTTCAACACATGTGGACAACTCAAGGCATAGCGCATCATAAATATAAACAAAAAAATAACTTACACTGTGGAAAAAACATGTTGAGATTCTGTTACATCTCGCTCTCGATTTTCTATACTCTCTTTGTTTTTTATCCACCGAAAGTCTTAAATTATGCACATCGAATGTTGATGATTCACTCTCACAAGACGTGTTCACGTCTCAAACTTCATAACTTTC
