gap_id	start	end	length	sequence
NZ_CP089227.1_gap1	41149	41830	681	GAGACCGAGATCTCGCAGTCGGCGCTGGACGAGGTGGTCGCCGACGCGGTCGCCATCCACCGCTGCGACACCGACGAGATCTGGTGGGGCGGACAGCAACTCGCGCCCCGCGCGGCCGCCCGGGTGCGGCGGGCGTTAACCGGCGTCTGACCAGCCGTTGGGCGCCACGACCTGCCACGGCACCGACAGCACACAGTCCCGCATCCGGCGGCGATAGACCCGCAGCGGAAAGCCGCTGTCGCGCAACAGCTCCGCCGCGCCCCGCCAGCGCACCCGCGGGCCGTACGGCGCCAGCGCGGCCGAGCGGTCCCACGCGCGATCGGCGGCGGTGAGCAGCGCGTGCACCGGTTCGCCCGGAATATTGCGGTGGATCAGCACTTTCGGGAGCCGCTCGGCGATGTCGGACGGGCGGTCGACGGTGAACGGATCCCAGGCCAGGGTCAGCGAGAGCGGGCGGTGCCGGTCCAGCAGCACCCAGGCGCAGCGGCGGCCGAGCTCGTCGCAGGTGCCGTCGACCAGCAGGCCGCCGGGGGCGAGATTGCCCTGGATCCGCGCCCACGCGTCGGGGACCGCGTCCTCGGGGTACTGCCGCAGCACGTTGAACGCGCGGACCAGCACCGGGCGCAGGCCCGCCAGTTCGAAACCGCCGCGCGCGAAGCGCACGCCGTCGCGGCCCTCGAC
NZ_CP089227.1_gap2	44789	48541	3752	GGCACCGACGGCAAGCCGGTCCCGATCGACGGCACCTTCACCACCCTGAGCCCCAAGTCGACCGTTCCGGCCACGCTCAACATCGGTGACGGCCAGGAGGTCGGCATCGCCGCGCCGATCATCCTGAAGTTCACCGGTCCGGTGACGAACAAGGCCGCCGTGGAGAAGGCGCTCACCGTCACCACCGATCCCGGCACCGAGGGTTCCTGGGCGTGGCTGCCCGACGACGGCGGTTCGCGGGTGCACTGGCGGCCGAAGAACTACTGGACCCCCGGCACCACCGTGCACGTGGCGGCCAAGCTGTACGGCGTGGACCTCGGTGGCGGCGCGTACGGCGACGCCGATCTCACCTCGGACTTCACCATCGGCCGCAGCCAGATCGTCATCGCGAACGCGCCGAGTCACCGGATGCAGGTGGTGCGCGACGGCGTCACCGTCTTCGACTTCGCGGTCTCCTACGGCGAGGGCAACGAGCCGCGCAATGTCACCCGCTCGGGCACCCATGTGGTCACCGAGAAGTACGAGGACTTCCTGATGTCGAATCCGCCGTACTACACCAACGTCCGGGAACGCTGGGCCGTGCGCATCTCCAACAACGGCGAATTCATCCACGCCAACCCCGAATCCCTGTCCGCCCAGGGCTCCTCCAACGTCACCAACGGCTGCATCAACCTCTCACCCGCCGACGCCCAGGCCTACTTCCCGACCGCCCGCTACGGCGACCCCGTCGAGGTCACCGGCACCTCCATCGCCCTGTCCCAAGCCGACGGCGACATCTACGACTGGGCCATCGACTGGCCCACCTGGCAATCCCTGTCCGCCCTCCCCACCAGCCCCGGCATCGCCGCCCCCCGCTAGCCCCCGATCGAACAGCGAACCCCGGCCCACATGGACCGGGGTTCGCGCTGTTCCGGGATCAGGCCAGGGCTGGGGTGCGGGTGGGCCAGTGGGGGTGGTTGGGGTCGATGACGTAGGGGTGGGTGTGTTGGTAGAGGCCGGGGCCGATCTGGATGGCGTCGGCCAGGATGGCCGGGTCGACGGTGCCGATCTCGTGGACGTGGGTGATCTCGGTGGGGTCGGTGCGGGGCCACAGCAGGAGCGCGGCGGCGGCGCCGAGGCCGGCGAGGGCGGCCAGGGTGATCCAGGTGGTGGTGAAGCCGGCGGTGGTGGCCAGCCAGCCGGTGATCGGGTAGGTGATCAGCCAGGCCAGGTGTGAGAGCGAGAACTGGGCGGCGAACAGGGCGGGCCGGTCCTGCGCGTGGGCCGAGCGGCGCAGCACGCGGCCGGTGGGGGTGAGGATCAGGCCGGTGCCCGCGCCGATGGTCGCCCAGATGGTGAGGGCGGCGGGCCAGCTGCCCGCGCCGGTGGTCGACAGGACGATCGCGGCGGCGAGACCAGTGACGAGGACGGCCGCGCCGGTGAGCATCACCGGACGTTCACCGCGCCGGTCCAGCAGCTTGGGCAGGGTCAGCGCGACGAGCATGGTGCCGAGGCCGTTGGCCGCCAGCAGCAGCGCGACCGCCGACTGGTCACCGCCGAGCACGTCCCTGGCGTAGTTCACGGTGTTGACCATGACCACCGAGCCCGCGGCCGCGACCACCAGGTTCAGCCCGAGCAGACCGCGCAGTCGCGGTGTCGCCGCGAACAGCCGCAGCCCGGCGGCCAGCCGCTGACCGATCGCGCCCGTGCCGGCCACGGCGTCCGGGATGCGCGCGCCCAGCACCAGGGCCACCGAGACCGCGAAGCCGATGCCTGTGCCGACGAACAGCCAGTGGAAGCTGATCAGCGTCAGTGCCAGCGCCGCCAGCATCGGGCTGAGCAGGGTTTCCATGGTCGCGGCCAGCTGCGACGCCGACAGCGCCTTCGTGTAGTCGCGTTCGTCGGGCAGGATGTCCGGCAGCACGGCCTGGAAGGTGGGGGTGTAGGCCGCCGAGGCGATCTGCAGCAGGGTGATCAGCACGTAGATCTGCCAGATCTGGTCGACGAACGGCAGGGCCAGCACGATCGCGCCGCGAATGCCGTTGAGCGCCATCAGGAACTGCCTGCGCGGTAGGTGCCCGGCGTAGGCGCCCGCGATCGGCGCGACGGTGACGTAGGCCACCATCTTGAGCGTCAGCGCGGTGCCGAGCACGATCGCCGCGTCGCCGCCCGCGAGTTCGTAGGCGAGCAGGCCGAGGGCGACGGTGGTGAGGCCGGTGCCGAACAGGGCGGCGACCTGCGCGGTGAAGAGCAACCGGAAGTCCCGGTGGGCGAACAATGCGGTGGACATGACGGCCGGCCCTCCAAGGGATGCATGGTCTTTTATCTGCGTACTGATGCAACTATATACCCATAGGGGGTATTCCGGTCAAGGGCTGGAAACCCGCCGCTTGACCTGAAGGATGGTTGAGGTAGCACCGTGGTGCGGAGCGGCGGCCGAGCGGCCGCCACCGAGCAAGAGGATGCAGCATGAGCGCCACGGCTGAGCACGTCAGCACCGCGAACGACCCGCTGCGGGTCACCGTCGTCATCGGCAGCACCAGGGCGGGGCGCTTCGGCCCGACGGTCGCCGACTGGTTCGTCCGCCAGGCGCGGCTGCGCGACACCCTCGCCGTCGACATCGTCGACACCGGCGCGGTCGAACTGCCCCTGGCCTTCGGCGCCGCGACCGACCACCCGTCCGTCGCCGCGGCGACCGACACCCTCGCCCGCGCCGACGCCTTCGTCGTGGTGACCCCCGAGTACAACCACAGCTACCCGGGCACGCTGAAGAACCTGATCGACACCCACCACACCGAATGGCAGGCCAAACCGGTCGGCTTCGTCTCCTACGGCGGCATCTCCGGCGGCCTGCGCGCCGTGGAGCACCTGCGGCCGGTCTTCGCCGAACTGCACGCGGTCACCGTCCGCGACTCGGTCGCGCTGCCGCACCCGTGGGGCCGCTTCGACGACGCGGGCGAGCTGCTCGACGCCGATGCCGCCGACACCGCCGCCGCGGTCCTGCTCGACCAGCTGACCTGGTGGGGCGAGGCGCTGCGCACCGCCCGCGCCGTCCGCCCGTACGGGAAGTGACGGCCATGCTCACCACGACCGCACCCACCACCCCGCCCGGCACCCGCGATCCGATGCGCATCGCGCTGGTGCTGGTGGTCGGGATGATCATGGCGACCCTCGATCAGACGATCGTCAACGTCGCCATCAACCGGCTCTCGATCGAATTCGACGCGGGCCTGAGCGCCATCCAGTGGGTGGCCACCGGCTACTCACTCGCCCTCGGCGCGGTGGTGCCGACCTCGGCCTGGTTGGTCGGCCGGTTCGGCGCCAAGCGGCTCTACCTCACCGCCATCGCCGCGTTCGCGCTCGGCTCGGTGCTGGCGGGGCTGGCCTGGAACCTCCAGTCGCTCATCGCCTTCCGGGTGATCCAGGGCGCGAGCGGGGGCCTGCTGATGCCGGTCGCCATGACCATCCTGCTGCGCGCGGCGGGCCCGGAGCGGCTGGGCAGGCTGATGAGCACGCTCGGGCTGGCCATCCTGGTCGGTCCGCTGCTGGGTCCGGTGATCGGCGGCTACCTCATCGACGAGGTGTCGTGGCGCTGGATGTTCCTGCTGAACCTGCCGCTGGGCGCGCTGGTGCTGGTGCTGGCCGCGCGGGTGGTGCCCGACGACGCGCCGGAGCCGCCGCGCCCGCTCGACGTGGTGGGGCTGGCGCTGATGTCGCCCGGACTCGCGCTGGTCATCTACGGCGTGACCGCGGCGGGGGAGAGCGCGGGCTTC
NZ_CP089227.1_gap3	62779	65666	2887	CGGCTTGCTGTCGGTTCTCGAAAGTCTTCGTCTTCTCGTCGAAGCTCGTCTGCGCATTCTGCTCGTCCTGCCAGGTCAGGGCGTTGTTGATGGCATTCGTGTAACGACCGTCGAGCTCAGCCAACTTGGGCGCGTTGTTCTGCAGCCATTCGGATGGATTGCTGCCACCTTCGGTCAACGCGCGGCCGATCATATTGGCCTCATATTCTTGACGGCTCACCTCGAGCATGAGACGTCCGCCGTCGGATTGGCCGGCGAGGAACAACAGGCGATTCGCATCGGTCTCCGACAGCTCGGCCAGCCGATTGTTCACGCCGGGCACGCTCGGATCGTCGACAAGCTTGGTCTCCTCGGCATGGCCCGAGATATACGAGTCGATGTTGTTTCCCATGATGTGTGCCATGGAATCGGCGAGCTTCGGGTTGGTGTTGAAGGCATCCACGCTTCGGTTGAAGACCGTCTTGCCGTCTTCATCCTTCAGCTCCGGACGCTCCGACGCGGATCCGTCGGGCGCGTCGCCGGTCGGTGCGAAGTAGTCGGGTAGCGCGGCCAGCGCCTCGTTCGCCCGCAGCCCCTCCTCGCCGGGCTTCTTGGTGTCCTCGGCGATCCAGTCGAGCAATCCTGATGCGGCCTGGCCGTCGTCCGGCCAATTGCTCCGGAAGACGGTGTTGCGGAATTCTTCCGCGTCGAACGGGCGGTCGTTCTTGTACTCGGAGCCGATGTCCGGGGTGGCGGGCAGGTCGTTGCCGGTCAGCAGGGAGTAGCTCACGTCGTCGTTGCGGGTAGCGACGTCGAGGAAACGCTGTGCGCCCTCTTTCATCTCGTCTTTGGAGCCGTCGGGGAAGCCGGGCGGCATCTGGCCGCTCATGTTCTTGTCGACGTTGTTGAGGTAGGACATCATGCTTTCGCTCTGGCGGCCCAGTTCGACGCCGAGCTGCTTGCCGGGCTGCATCCCTTGGTCGGACTGGCCGAGCAGCTCGCTGAACTGGCCCAATTCCTGATACCGACCAACCAGCTGATTGTCGCCGTTGTAGGCGCCGGTGAAGTCCTCGGCTCGGCCGGAGATGAGATTCTGCATGTCGGGCGGCAGGTTGGCGTAGGAGCCCTTGGACCCGTTGCTGGTGCCCACCTTCTCGTTGGTCATCGCGAGAATGGTGTTGGCGAGGTTGTTGCGCTGGCCCGCGGCGGTGGTGTCGCCGGCGTTCTCTCGTGCCAGGAGCTGTTCGTTCAGGCCGAGAATGCCGTCCTTGCCCGCGGATTGGAAGAAGGACTTGTAATAGTCCTGCGTGCTCTGCGGGAGCGTGTTGACTTCGTTGCCCGCCGCCAGCTGATCGACCTCGAACTGGGTCAGCGCGGGCTGCGGCATCTGGGCGAGGATCTCGTCGATCTTCGCCTTGTCGTGGTTCTTGACCGCCTCGGCGAGTTCGGCGCCGTCGTCCTTGCCGAAGCGCCCGGCCTGAGTGTCGGCCGCGCTGACGTCGAGGCTCGAACCGAGCAGGTCGCCCGCCGATCTGATCTCGGTCGCCTGGCCGGTGATGGCCTGGACGGCTTTGGTGACCGCGTCCTCGAAGGGGTACAGCGCGTTGTTGATCAAGGTTTGATGGTCGCGGCGCACGTCGGCTTCGACGTTGTCGTAGTCCATCACCTTCCACACGTCGTCGACAGTCATCCCGAGGGCCTGGGCGTCGGCGACCTTGCCCAGCAGCGTCGTGCGATGCGAGATGACGTTGTTCACCTCGTCGTTGAGGACGGTGACGAGCTCGTCGACCTCGAGTGCGAGCTTCTCGACCTGGACTCGGTCGTCGGCGACACGGTCGTAGGCCGCCAGATAGGCCGCGCCCGACCAGCTGGCCTGCATGTCCCGCATGTGGGTCATGGTCGTGTCGGCGCACACCACCAAGGCCCCGCGCGCCGCAGCGACCTGGCCGGCCCAGGTCTTGACCGCCTCCAGGTCCCACTTCTCGACCGCCGAACGCTTATGCACTGTGGATGTCCAGTTCCGAGAGCTTCTTGCCGAACTCTTCGTCGGTCATCTGCAGGTTGTCGGCACAGGTGGTGCACAGGGTGGCCACCTGCTTGTAGCGCTCGGCAGCGCGCAGGAAGGCGCCCTCGACAGCCAGGGCCGCCTGGGCAGCCGCTTCGGGGATCAGGAAGGTCGCGTCGTTCGTGCCGTCCGGGAGAGAGGCATCCAGCGAGCTCGCGCCCGAGCGGACGTCCAGCGCGTCGATGCTTTCGCCCGCGTTGGTGAGTTTCACCGAGAGCGCGCGTATCTGGTCGATATCGGCCTTGAGCATGGGTCTCCCATAGTTGACGACTCTTCGACGGAAGGATCTAGCCGCGTGGCGTACCAGTGTCTTCAGCTGATCCGCGGTGCCAGGTCGGGGTGATCGAGCGGCGTGAAATCGCAGCGGATACCGGTCGACGTGGAACGCCACACCGAGTGGCTCCTGCTTCGTCGGCCGGTCGCGACATTATTTCCCCCGTCTCGATGTCCCCGGCGTGGAGGCTACCAGTCGGTGGGTGCGTCGTCGTGGGCAGGAACGGGCGCTGGGTCCAGAGGTGTCGGGCGCGGCGAACGACCTGTTCGGCGGGTTGGTGGCTGGTCGAACATGGGCAGTGTCGTGGGTGGGGATTGAGCGCTAGGATGCCGAGGTACATCGTTGGGAGGGGAGCCCAAGTGGCTATCGGACAGGATGCTGCCGCGCAGCTGTGGAATGCGTCGGCGTCGGGGCAGTTGACGATGTCGCCGGATGCTGCGCGGGAAGTGGCGCAGTCGTATCTGCTGTTCGCAGTAAAATGCGGTGAATGGTCCGACGAGGCTGGACGTTTGCAGGACATACACGGATTCGGTGGATTGAACTCCTCCAAGTCCCTGCAGCAAGGCTTT
NZ_CP089227.1_gap4	150515	154939	4424	TGTCGGACGTGCTCGTTCCGCCGGAGAAGGCCGAGATCATGGAGCGGTACGAGGCCATGGCGGATCAGATCGAGAAGAAGTACCAGCGTGGTGCTCTCGATCACCAGGAGCGCAACAACGCCCTGGTCAAGATCTGGCAGGAAGCGACCGAAGAGGTCGGTACGGCGCTGCGTTCGCACTACCCGGCCGACAACCCGATCATCACGATCGTCGACTCGGGTGCGACCGGTAACTTCACCCAGACTCGTACCCTCGCCGGTATGAAGGGTCTGGTGACGAACCCGAAGGGTGAGTTCATCCCGCGCCCGATCAAGTCCTCCTTCCGTGAGGGCCTGACCGTGCTCGAGTACTTCATCAACACCCACGGTGCTCGTAAGGGTCTGGCCGACACCGCGCTGCGTACCGCCGACTCGGGTTACCTGACCCGTCGTCTGGTGGACGTCTCGCAGGACGTCATCGTGCGCGAGCACGACTGTGGCACCGAGCGCGGCATCGTCGTGCCGATCGCGGAGAAGCAGGCCGACGGCTCGCTCATCCGGGACGCGCACGTCGAGACCTCGACCTACGCGCGCACCCTGGCGACCGACGCGGTCGACGAGAAGGGCAACGTCGTCGTGGCCAAGGGCGCCGATCTCGGCGACCCGGCTCTGGAGGCGCTGCTCGAGGCCGGTATCACCGAGGTGAAGGTCCGCTCCGTGCTGACCTGCACCACCGGCACCGGCGTCTGCGCCACCTGCTACGGCCGCTCGATGGCCACCGGCAAGCTGGTCGACATCGGCGAGGCCGTCGGCATCGTCGCCGCCCAGTCCATCGGTGAGCCCGGTACCCAGCTGACCATGCGTACCTTCCACCAGGGTGGTGTCGCGGGTGACGACATCACCGGTGGTCTGCCGCGTGTCCAGGAGCTCTTCGAGGCCCGTGTCCCCAAGGGCAAGGCGCCGATCGCGGAGGTCTCGGGCCGGGTGCGCCTGGAGGACGACGACCGCTTCTACAAGATCACCATCATCCCGGACGACGGTTCGGACGAAGTGGTCTACGACAAGCTGTCGAAGCGTCAGCGTCTGCGTGTGTTCAAGCACGACGACGGCACCGAGCGCCTGCTGGCCGACGGTGACCACGTGGAGGTGGGTCAGCAGCTGCTCGAGGGCGCTGCCGATCCGCACGAGGTGCTGCGCGTGATGGGTCCCCGTCAGGTGCAGGTCCACCTGGTCCACGAGGTCCAGGAGGTCTACCGCTCGCAGGGTGTGTCGATCCACGACAAGCACATCGAGGTCATCGTGCGCCAGATGCTGCGTCGCGTGACGATCATCGATTCGGGTGCGACCGAGTTCCTGCCCGGTTCGCTTACCGAGCGCGCCGAGTTCGAGGCCTCGAACCGTCGCGTGGTGGCCGAGGGTGGCGAGCCCGCCTCCGGCCGTCCGGTGCTGATGGGTATCACCAAGGCGTCGCTGGCCACCGATTCGTGGCTGTCGGCGGCCTCCTTCCAGGAGACCACCCGAGTGCTGACGGACGCGGCCATCAACTGCCGCTCCGACAAGCTGATCGGCCTGAAGGAGAACGTGATCATCGGTAAGCTCATCCCGGCCGGTACCGGTATCAACCGCTACCGCAACATCCAGGTGCAGCCGACCGAAGAAGCCCGTGCCGCCGCGTACGCGGTGCCGTCCTACGACGACACCTACTACTCGCCGGACAGCTTCGGCTCCTCCACCGGTGCCGCGGTGCCGCTGGACGACTACGGCTTCAGCGACTACCGCTAAGCAGTAACCCGAACGCCCCGCTCCTTCGCCAGGAGCGGGGCGTTCGTCGTTTCCGGATCAGCGGACGCGTGGGCAGACTTTGCCCGCGATGTGACAGCGTTCCTCGAATCCAGGGGGTAGCCACGAGCCGCTGATCAATTGCGGGTGATGGGGAAATCTCGCATGGCCGGCGACGAGGAATATCGGTGTCGCCCACGGTGTCGCCAATTCCAGATAGTGCGATGTGTTCGCTTCCGTGAACCGGATTCGCAGCCGGTCGGGTTGCGTCAGCTCGAGGTGTTCCAACGCCGCGAGCGGGATTCGCGAGGAGCGGTATTGGTTGGTGAGGTGAATGCGGAGATTCGTGAGGGTGATGGTGCCGCTCGGCTCGGCGAACCAGCGTGGTTGCATCGCCTGATCACGCGCCGCAGCCGCCGCGGCGTTCGCGGCTCGAGCCGCCTCGGCCGCCGCTCGCACCATATGGACCGCCATATGTTCGTTCCGACGGCGAGCGTTGAAAGCCGCGGCGTTCGCCGCCGTACGGGCCCGCTGCATATCGCGGACCGAGCTGCCGCGCGGCGGTACGACGACCGGGGCGTGGGGGACGACAGCCGCGATCACCGGGGTGGCGACAGCGGGCGGCGGAGGCGGCAACTCCGGACTGCGAAACGCCGCCCACATTCCCTGACCCTCCCCGAAGCAGGTCTCCTGCTCGTCCAAGACGATCGAGGTCGTGTGCGGCGCGAGCGCCGCCATCCCACCCTCCCGGAGCCGCGACAGCATCTCGCAGGCGTATATCAGATGGTCGTCGACCCAATTCCAGCCGACCTGAGCGGCCAGCGCCCGTTCGATATCTGCCATCGGATCGTGCACTTTCACCACCTGAGTCACGCCACACCGGGCCATTCAGAATAGCGATGCTGTCAGGTTGCGGGTGTGCGTTTGCCTGCTCGGCGGGCGAAGTCGTCGAGTGCGTCGAGGACTTCTCTCGCCTGCCAGAGGCGATTGCGGCGCATGCCGGTGAATTCGGTGAGTACGCCGACGTCGACGAGGGCGTTGATGGCGCGTACCGCATTGGAGTCGGTGATGCCGAGTGCGTCGGCGGCGGTGGTGGCGTCGAAGACCGGTTGGCGCAGGGCGACGTCGATCAGGCGCCACGGGGTGGATCCGCGACGGGCGCGGACAACCGATTCCCACCGTTCGCGGATTCGGTGGATGTCGGCCACCAGCAGACGGGCGTTGCCGAGTGCGATCAAGGTGGCTTCGGCGACTTGGTGCACGATCGGCGCCAGGTCGCCGGCCCGATAGGCGGTGAGTGCGGCGAAGTAGTCGTCGACGCGGGTCAGCAGTCCGGCGGCGATCGGGACTGTCGCCTGCTCGGTGACGCCCTTCGACCGCAGCATCGCGTGCATCATTGCCCGTCCGGTCCGCCCGTTGCCGTCGATGAACGGGTGGATCGTCTCGAATTGCGCGTGCGCCAGGGCGGTGTGGGCCAGCGCTGGGATGTCGTCGCGCCGGATGAACCGGAGCAGATCGTCGATCGAACCCGGTACGCGGGCATGATGCGGAGCGACGAAGGCCGCACCATGCGGGCCCACATTGTCACCACCGATCCACACCTGCTGGGAGCGCCACCGCCCGGCCGATTCGGGCTCGTGCACCATCAGCGCGGCGTGCATCTCCAGGAGCAGACGCTCGTCGATCTCGCCGGCGACGTTCATCGCCGTCCGCATCGCCCGGACATTGCCGACGATCTCGACCGCGTTGCGCTGGTCGGTGCCGCCGATCTCCGCCAGCGCGATCGCCTTGGCTCCCGAGGTCAGGTGTTCGATCTGGGAGGAGGACGCGGATTCGGTTCGCAGCAGGATGGCGCCGAACGGCGTGAGGTCGGCACCGACCAGGGTGTCGAACCTGGTTATCTCGACGGTGGCTGCATCGGCGGCGGCCAGGACGTCCGAGGGTAGGCAGACGGACTGTTCGGCGATCGGCGGTGCTATCGCCGCTCGATAAGGGCCTGCGTGGCGTTCCCGCACCCGGCGTGACAGTAGCTCGACCGGAATCGTCGGAGTCCAGTCGTGGGACTCCCAGGTGACAGACGGCCACGCAGCATCTGACGACATTGTGCCAATTTATCATCAAATACTAGCTATCTGATGATACTCCGCGCGGTAAGCATCAAGCTTCGGTGGATTCCGGGCGGCGGGAAGGGGCGGGGCGGGCGTGGGTGGCGTAGAGGGTGAGGCCGACGAAGGTGAGGCCGCCTACGAGGTTGCCTACCACGGTGGGGATTTCGTTCCAGATCAAGTAGTCGGTGAGGGAGAAGTCGCCGCCGAGGAGGAGGCCGGAGGGGAACAGGAACATGTTGACGATGGAGTGTTCGAAGCCCATGTAGAAGAAGAGCATGATGGGCATCCACATGGCGATGACCTTGCCCGACACCGAGGTGGACATCATGGCGGCGACCACGCCGGTGGAGACCATCCAGTTGCACAGGACCGCGCGGATGAACAGGGTGAGCATGCCCGCGGCGCCGTGTTCGGCGTAGCCGACGGTGCGGGCCTCGCCGATCTCGCCCAGTTTCTGGCCGACGGCGCTGGGGTCGAGGGAGAAGCCCATGGTCAGGATGATCGCCATCATCACCGCGACGGTGAACGCGCCGGCGAAGTTGCCGATGAAGACCAGGGT
NZ_CP089227.1_gap5	156748	160106	3358	GCCGCGCCGGGCCGTTGGCGGTGGCGCGCCCACATCCAGCCGACCACGGCGATCGGCGCGGTGTATTCGATCAGCAGCGCGGCGCCGACCTCCATGTGCGCGACGGCGTTGAAGTAGGCGAGCTGGGTGCCCGCGACGGCGAGCAGTCCGTAGAGCCCGATCAGAGTCGCGTTGGCGCGCACCAGATTCCAGTTGCCGCGTAGCTGGGGCAGGGCGATCGGGAGCAGGACGACGCCCGCGAGCAGCACGCGCGCGGCGACCACGGCGGCCGCGCTCCAGCCCGCGTTCATCAGTCCGCGCGCGAGTGGGCCGGACAGGCCGAACGAGGTGGCGGAGGCCAGCGCGAAGAGCAGGCCGGTACGGATCCGGCTGCTCGCCAGTCCGTCATGGGTCAAAGTCACCATGACTAATGACGGTAAGCAGGCTGCGGTAATATGTCAACGTGGTTTTCGCTCATGACACCGAGGCGGCGCTGCTGGCGGCGGTCGAACTGGTCAATTCCGCGGAGGACCCGGACACCCTCACCGGCACGGACCAGCTCGACGAGTTCTTCGTGCGGCACGTCTACACGGGCGCGCACACCGGCGACGCGACCGAACTGGCCGCGGTCCGCGCCCTGCGCGCGCCGCTGCGCCGGATGCTCACCAGTGACCGGGACCGCGCGGTCACCCTGGTGAACGAGACCCTCGCCGAGCATCGCGCGCTACCCCAGCTGGTCCGGCACGGCGACGTCGACTATCACGTGCACGCCGTCGCGCCCGAGGCCCCGCTCCCGGTCCGCATCGCCGTCGAAACCGCCATGGCGATGATCGACCTGATCCGCGCCGACGACCTGAGCCGGCTGTCGATCTGCGCCGACGACACATGCGACGGACTGGTCTTGGACCTGTCGCGCAATCGCTCCCGGCGCTACTGCAGCACCGCCTGCGGCAACCGCAACGCGGTGGCCGCCTATCGCGCCCGGCAGCGGTGATCGGGCCGCGACGTCACAGCGGGCGGCGCACCTTCGGGCATTTCTTGCCCGCCAGGTGACACTTCTCCTCGAATCCCGCGGGCAGCCAAGCCCCGGTGCGCAACAGCGGATGCTGCGGAAAATGCTGGAGCGCCGCGGTGATGAAAATCAGTGGCGCCCAGGCACTTCTGACCTGCAACTGCTGCATGGTCCCGCTGCGATCGGGGAACCGGCAGCCGACCAGATCGGGTGCGGTGAGGTCGATGCCCTCCAGGGCCGACCAGTGCAGCGAGAACGCCCGGTCCGGGTTGGCCAGGTGCATCCGCCGGTTCGAGATCATCGCGGTGCCCGGCCGTTCGGCGACCCAGCGTGGTTGCGCGGCGGCTTCGGCCCGCAGCCGCCGCGATTCGTTGCGGACCGCGTTGCCCAGGTGCGCGACCGCGCCGAGCGGGGTGCGCCCGTCCGCGTGCGCCTGTCCGCGCGTCCACCGGCCGTCGCCGATCCCGCGCCAGGTGAACCAGTGCACGCCACCGTCGGCGAAGCAGGTCTCGCCGGGCTCGGTGCGCACCCGGGTGGCGGCCGCCGGGATCTGCGTGGCCCGCCCGTCGGCGAGCAGCTCGGCCACCCCGCACGTGTACAGCAGGTAGTCGTCGAACCAGGTCCATCCGGCCTGTTCGGCCAGGGCCCGATCGATTTCGGCCAGCGGGTCGAACACGTCCCTCACCACCCACTCACAGCATGCGGATTCTCTGCTGTCAACGGTAGCGGAGCCGCGCTCAGCGCTCGCTGTCGAGCGCGGCCATCTGGGCGGGGGCGTAGCGCTCACCGGCGACCGCCGAGGCCGGGGCGACGGCTTCCAGCTCCGCCAGTTCCGCCGGGGTGAGCGTGAGCGTGAGCGCGTCGAGCGACTCGGTTAGCCGGGCCCGGGTGCGCGCGCCGATCACCGGGACGATGTCGTCCCCGCGGCTCAGTGCCCAGGCGATCGCGAGCTGCGCCACCGAAACTCCACGGGCCGCCGCGATACCGGCGAGCGCCTCGACCAAACGCAGGTTGCGCGTGAGGTTCTCGCCCTGGAAGCGCGGGCTGTGGGTGCGGAAGTCCGTGGCGTCGGTGGGTGCGCCGCCCGCGCGGAAGGTGTCGCTGAGCAGGCCGCGCGAGAGCACGCCGTAGGCGGTGATGCCGACGCCGAGTTCCCGTGCCACCGGCAGGATCTCGTCCTCCACACCGCGGGTGAGCAGCGAGTACTCGATCTGCAGGTCGACGATCGGGTGCACGGCGGCGGCCCGGCGCAGCGTGTCGGCGCCGACCTCGGACAGGCCGATGTGGCGCACGTAGCCCGCCGCGACCAGCTCGGCGATGGCGCCGACGGTGTCCTCGATCGGCACGTCGGGGTCGAGCCGGGCGGGGCGGTAGATGTCGACGTGATCGACGCCGAGCCGGGTCAGGCTGTAGGTGAGCGAGTTGCGGACCGCGGCGGGCCTGCCGTCGAAGCCGGCGAACGAGCCGTCGGGACCGCGCAGGGCGCCGAACTTCACGCTCAGCACCACGTCCTCGCGGGCGCGTTCGGCGATGGCCTTGCCGATCAGCAGTTCGTTGTGGCCGGCGCCGTAGAAGTCGCCGGTGTCGATCAGGTTGATTCCCGCGTCGACGGCGGCGTGCAGGGTGGCGGTGGATTCACGGTCGTCGGTGGCGCCGTACATGCCGGACATGCCCATGGCGCCGAGGCCGATGCGGCTGACGCGGGGACCGGTGGCACCGAGGGTGGTCGAGTCGTGTGGGGAGTTCGTCATGGCTCCAGCCTGCGCGGGCGGAACCGGGCGCGGCAGAGAGCGCACATCGGGGGATCGCCGGTCCCTGGCTGAGGGGCGCCGGTTCGCGCACCATGGAGAGATGGACCGCACCGAGCTCGCCGACTTCCTGCGCAGGCGCCGTGAACAGCTCACGCCCGCCGACGTCGGCCTGCCGCCGGGGCTGCGCAGGCGCACGCCGGGGTTGCGCCGCGACGAGGTCGCGCTGCTCAGCAGCATGTCGACCGACTACTACACCCGGCTGGAGCAGGCGCGCGGTCCGCGCCCGTCGACCCAGCTGCTCACCGCGCTGGCCAGAGCGCTGCGCCTGAGCGCCGACGAGCGTGACCACCTGTTCCACCTGTGCGGGCATCCGTCGCCGGACCGCGAGCTGCGCGACAAGCATGTCGGGCCCGGGCTGCTGCACATGCTGGCCAAGCTCGACGACACCCCGGCCGCGGTGATCACCGAACTCGGCGAAGTGCTCGTGCAGAACCGCATGCACACCCTGCTGGTGGGCGACCACGGCGACCGCACCGGACCGGATCGCTACTACACCTGGCGCTGGTTCACCGATCGCGGCGCCAGAGCCGTCTTCCCGGAGGAGGATTGGGATCGG
NZ_CP089227.1_gap6	239044	239578	534	ACGGCTGTCAGGGCCGGGATGAGGTTCGGCTGCTGGAAGACGATGCCCATCGCGGTGCGGCGGACGGTGGCCGCCTCGCGCCTGCCCAGCGTCGCGAGATCGGTACTGCCCGTGTCGGTGTCGAGGACGACAGTGCCCGCGTCGGGTCGGATCAGCGTCGCCGCCACCGCGAGCAGGCTCGACTTGCCCGAGCCGGACGGTCCGGTGACGGCGGCGATGGTGCCGCCGGGGACGCGCAGGCGCACGCGGTCGAGCGCGGTGAGCCTGCCCGCGCCGTCGGGGTAGGTGAGGGTGACATCGGTGAGAGTGAGCGCCATGGGGGAGTCCTTCAGCGGGTCGCGCCGAGCGCGGTCAGCGGATCGGTGGTGAACAGGAAGCGCAACGCGACCGCGGCGCCGGCCAGGCCGAGCGCGATCAGGGCCAGCGCGGGGACCAGCGTCGTCGCGGGCGACAGCACGAACGGCATCGCGTCGCCGAGGAACAGGGAGGTCACCGCGGTGATGCCGAGCCCGGCCGCGACACCGGCGACCAGCA
NZ_CP089227.1_gap7	304709	305887	1178	GGTCGGCCAGCACTCCGGCCCGGATCCCGTCGAACACCTCCATCGGCAGGCCGTCCGGGTTCGACTCGGTCGCGACCATGATCGGCGGCACCGCGCCGACGGTGACGACCTTGGCCACCCGCTCGCGCCCGTGCCGCGCGGCATAGCGCACGACCTCGCCGCCGCCGGTGGAATGGCCGATCACGACGACATCGCGCAGGTCCAGCGACTCGATCAGCTCGGCGAGGTCGCGCGCGTAGGTGTCCATGTCGTTGCCCTGCCACGGCTGCGCCGAACGGCCGTGCCCGCGGCGGTCGTGCGCGATCACGCGGTAGCCCGCGTCGGCGAGGGTCTTGCGCTCGAGCGACCACGCGTCCGAGTTCAGCGGCCAGCCGTGGCTGAAGACGACGGGTTGCCCGGTGCCCCAGTCGGAGTAGTAGATCTCGGTGCCGTCGGACGTGGTGAAGTAGGGCATTGCGTTCCCATCGAAGAGGCGGATCGGTAGGTTCACCATCGTTGCTGGCCGGATGCCCGGCTGTCGCCTGCCGTACCGGCCGCCGATCCCGCTCTTTCGGACAGGCTCTAGATTCTCCGGTATGCGTGCTCTGCCCGATCGTGCCCGAATTCTTCCTCCCTCCGGGCCGCGGCGAATCGGGTTTCTCCTGTTCGACGGGGTGAAAGCCCTCGACTACATCGGTCCGGCAGAGGTTTTCGTCGAAGCCAATCAGTTCGCCGAGGCATACGACGTGGTGCTGCTCTCACCCTCGGGCGCGCCGGTGCAGACTTCCGTCGGCGGTGGGGTTGCCGTGGCGATGGCCGCCGCCGACGCACCCGCGCTGGACACGCTGGTGGTGCCGGGCAGCGAAGTGTCGCCCGACGAGTTCGTCCGGCCCGATCTCGTCGCGGCCGCGCGCCTGCTCGCGGCCCGCAGCAGGCGCGTCGTGTCCATCTGCAGCGGCGCGTTCGTCCTCGCCGAACTCGGCCTGCTGGACGGGCGCGCGGCGACCACGCACTGGAAGTTCGCCGACGAGCTGGCGCGCCGGTATCCGCGGGTCGACCTGCGGCCCGACCGGATCTTCGTCCGCTCGGGCGAGATCGCGACCTCCGCCGGTGTCGCCGCCGGAATCGACCTGGCCCTGGCGATCGTCGAGGAGGACTGCGGCAGCGCGGTGGCGCGCCGGGTGGCACAGGGACTGCTG
NZ_CP089227.1_gap8	320948	324317	3369	CATCTGGACGAGATCGCCGCCTGGAACTCGGTGGATCAGTTCGTCTGGGGGTTGCGGGCGCTGCTCATCGGCATGACGGCAGCCTGATCAGTCGTCGATCACCACGCCTGCGCGCGTAGTCCGGCGGTCGAGCAGACGCGATCGGTCGCGGTGAGCAGGGTTTCGCGATCGCGCTCGAGGCTCACCAGGGCCAGCGTGTAGCGGTCGGTGAGCAGGGACAGGTACCCCGACAGCCGGGTGCGCGGGAACTCGGTGAGTCCGGGGTGGATCGCGCGGGCCGCGACCCGGTCGCAGTGGTGTGGGCCGACGGTGCGCAGGGACTCGGGGAGGGTTCCGATGTTGGAGCACAGGATGTCTCGCTCGCCCGCGCCCTTGCTCAGTGAGTAGGCCCAGCGGTCCGGGATGACCTGGAGGATCTCTTCCGGCAGGCCCGCCGGGCTCGACATGCGGCGCTGATAGGCGATGCGGGCTTTGTCGCGGATCGTCGCCGGAGTGTCGGTGCGGTCGATGGCGATGTCGGTGACGGCGAGGTCGTTGTCGACGCGGGGTTCGTCGCGGGTGTCGACGGGCAGGCTCGCCTCGATGATCGGGGGCTGGAAGCCGCTCTCCCACAGGATATTCGCGACCAGGTGGATGAACAGGCTGTTCGGGGTGCCACCGGCGGCGGCCGCGGCGGAATCCCACGCGATCGCGTCGAAAGCCAGCAGGATGCTGTGCACCGCGCGATCGGCTGCGTTGTCGGGAACGGTGGTCGCGGGCGGCCGGGGAATGCCGCGACGCAAGGCGCGTGCGGTTTCGCCGAGGACGATCGACCACTGGGACAGGGCATCGGCCCAGTCGGATGGCGAAGTGGGACGGCCGGTTTCGGACGGCGGAATCGCGCACTGGTGCCGGTCGAGTTCGTCGAGGGCGACGGCGACAGCGTGGATCAGGCCGCGCGCGTCGGCGAGCGCGTGCGAACAGGTCAGGGCGACAACGGTTCCGCCATCGCGCAGTGGCGCCGCGGACAGGCGCCAGCCGGGGCCGAACTCCGGGTCCAGATCGGCGCCGAGGGTATCGGCCCACGGCAGGATCGCGTCTTCGGACAGCGGTGTGCCCGCGATGACCAGTGGATGCGCCGAGACGGTGGGCCGCCAGCCGCGTCGCGCGCCGGGGACACGGGCGCGCACCACCCGTCTGCCCAGGCTGCCGACCCGCAGGCGATCGTGGATCGCTTGCAGCAGCGCGGGTTCCATCGCCTCGTCGATCCGCCACAATCCTTGCAGCGCGATCGGGGTGCCCATCCCACGGTGGGTCCGCAGGAAGATCTCGTCGACGACGGTGAGCCGGTCGGTCACCGGTGGTCGGTGCTCCCGTGCCTGCCCGCGCCCGCGGCGAAGCGAGCGGCGCCCTCGAGCGCGCCGCCGGTGAGCGCGTCCAGTCCGTGCCGGAACTCGATGCGCATGGCCTCCTCCTCGGGACGGCCCTGCGCCTCGTAGAGCGCGGCGCGGTCCGAACGCAGGCAGGTCTGGGGGAGCGCGGCCAGCTGACCGGCCAGTTCCTCGGCGACGCGGCGGGCGTCACCGGTCGGGACGACCCGGGTGACCAGTCCCATCTGCAGCGCCTCGGGCGCGCTCACCGCGCGACCGGTGAGGATCATGTCCAGCGCCCTGCCCTCGCCGACGATGCGCGGCAGCCGCACGGTGCCGCCGTCGATGAGCGGCACGCCCCAGCGGCGGCAGAAGACGCCGAAGGTGGCGTCCTGTTCGGCGATCCGCAGGTCACACCACAGCGCGAGTTCCAGTCCGCCCGCCACGGCGTAGCCGGAGACTGCCGCGATCACCGGCTTGGACAGGCGCAGCCGGGTCGGTCCCATCGGGCCGTCACCGTCGACGGTGGCCTGGTTGCCGGTCTCGGTGCCGAGCGATTTGAGGTCGGCGCCCGCGCAGAAGGTGCCGTGCTCGCCCCACAGCACCGCGACCGAGGCTGTCGGGTCGGCGTCGAAGGCGCGGAAGGCCTCGGTCAGCGCGCGGGCGGTGGGCCCGTCGACGGCGTTGCGGGCGTGGGGCCGGTCCAGGATCACCGTGGTGACCGGGCCTGCGTGTTCGACGCGTACGGACATCACTCGACCATACGGCCGATCCACCCCTTGCGTGAAGTAATGAATCAGTGGTTCACTTCTTGGCATGGTGTACCGCAGAACCCCGGCCGTGCAGGCCCGGCTCGACGCGCAACGGGCGCTGATCGTGCAGGGCGCCACCCGGGTGCTCTCCCGTGACGGCTTCGCCGGCCTGTCCATGGCCGCCGTCGCCGCCGAGGCGGGGGTGGCCACCGGCACGGTCTACAAACAGGTCGAGAACAAGGCCGCGCTGGTCGCCGCGGTGTTCGAGACCGTCGTCGCGCGCGAGGTCGAGGCCGTGCGCGCCGCCGTGGCCGAGGGCGACGCGCTGCAACGGGTGAGCGCGGCGGTGGAGACCTTCGCGGGCCGCGCCCTCAAGAATCCGAAGCTGGCCTACGTGCTGCTCGCCGAACCGGTGGACGCCGCCGTCGACGCGCAACGCCTGGAATTCCGCCGTGCCTTCGCCGCCGCGTTCGAGTCCGCGATCGTGCACGGCGTCACCACGGGCTCGGTGCCCGCGCAGGACGCGGCGATGAGCGCCGCCGCCCTCGTCGGCGCGATCGGCGAGGTGCTCGTCGGCCCGCTGGCGGCCGCGCCGCCCGCCGAGACCGTCATCCCCGAATTGGTTGCTTTCGCCGTGCGCGCGCTGGGCGCGCGCCCGGAATCGCTGTAGTCGAAGGAGTTCCGGCCATGCCGACCCATGAAGTCTTCAACCAGGTTCCCCCGCTGGTGCCCTTCGACGCCGCGCGCAACCCCGCGCTGCTCGAAGGCCTGCACCGCGAGGGCGCGGGCTGGGCCGAGGCCGAGGTGCGCGAACTCGGCAGGCTCGCCGGCGATGTCGCCGCGCAGGAGTGGGGCAGGCTCGCCAACGAGTACCCGCCGGTCCTGCACACCCACGACCGCTGGGGTCACCGCGTCGACGAGGTGGAGTTCCACCCGCACTGGCACGACCTGATGTCGGTCGCCGTCGCCCACGGCCTGCACGGCTCGCCCTGGCTCGACGACCGGCCGGGCGCGCACACCGCCCGCGCCGCCAAGTTCTACACCTGGGGCGCCGCCGACGCGGGCCACATGTGCCCGATCTCGATGACCTACGCAGTGGTGCCCGCCCTGCGCCACAACCCGGAACTGGCCGCGCGCTACGAGCCGCTGCTCGGTTCGCGCAGCTACGATTTCGGCCTCCGCGAGCCGTCGACCAAGTCGGGGCTCATCGCGGGCATGTCGATGACGGAGAAGCAGGGTGGCTCCGACGTGCGGGCCAACACCACCAC
NZ_CP089227.1_gap9	349531	351601	2070	GAGCGCCTCGCGCAGTTCGGCGATCGGGAAACGCGGGGCGTTGGGGAAGCGGTTCACCGCGATCAGGAACGGCAGCCCGCGCGCCTCGAAGAAGTCGACGGCCGCGAAACTGTCCTCCAGCCTGCGGGTATCGATCAGCACCACCGCGCCGATGGCGCCGCGGATCAGGTCGTCCCACATGAACCAGAAACGCTTCTGGCCCGGGGTGCCGAACAGGTACAGCACCAGGTTGCCCGGCAGCACGATGCGGCCGAAGTCCATGGCGACGGTGGTCGTCTCCTTGTCCGGCGTCTCGGCGAGATCGTCGATGCCGTCGGAGAAATGGGTCACCATCGCCTCCGTGCGCAGCGGCACGATCTCCGACACCGACCCCACGAATGTGGTCTTGCCCGCGCCGAATCCACCGGCCACGACGATTTTCGTCGACGCGACCCGTTGATCGGGTGCCGGGGGGCGCATGCCCTCAGAGGCCACGGAGTCCACGCAAAGTCCTCTCCATCAGTGATCGGCGTTCGTCGTAGCTCGCCTGCTCGGTCAGCGTCGAATGCACTCGAAGAATCCCGCCGACAACGAGATCGCCGATCATCACCCGGACCATACCCAGTGGGCGGCCGAGGTATGCAGCTATTTCCGCGACCGAGAGCCGATGAGTCCCTAGTCGCACGATTTCGGTACGCAGATCTCCTGCGGGCCATTCCATGTTGTACGCGACCGTCTCCACGACCGCCTCCAGCGGCAGCGTGACGGCGGGTTCGGTCCGGCCCGAGGTCAGCGCGTAGGGCCTGACCCTGGTCGTCGGCCGGTTTTCTGCTCCGTACGGGCTCGACATCTCACCTCAGCCGGCGGAGCGGGCGGTGGCGGTGACCGCCGAGCCCACCCGATCGACGAGCAACGCCATCTCGTAGCCGATGCGGCCGATGTCGTGGCTCTTGTTGGCCAGAACCGCCAGGTGCGAGCCGTTTCCGACGCTCATCACCAGCAGGTATCCGCGCTGCATCTCCACGATCGACTGCATCACCTTGCCACCGTCGAACAGGTGCGCCGCACCCATCGACAGGCTCGCCAGGCCCGCGGTCACCGCGGCCAGCTGCTCGGCCCGGTCGGACGGCAGGTGCGGGCTGGTCGCCTGCAGCAGACCGTCGGCCGAGACCAGCACCGCGTGCGAAACGCCGGGCACGTCCCTGGTGAAGCGGGCGACCAACCAGTTCAGATTCTCGTCTGTGGGATGCGCGTTGCTCATTCGAGGCCTCCGTCGTTGTACTGGATCTCGGCACGGCCACTGCGAACGCCGCTGAGATGTCTGGTCAAGTTGCTGCGGATCTCCTCGGGATCGCGCGCGCCCGCTTCCTCGGCGGGCGCTAAGCCGCCGGGGACGAGCTGGGCGCCCGGTTTACGGATCGGCAGGCCGCCGACGGTGCGCGAGGAAGTCTGCGGATTGCCCGCGCTGGCCGCGGCCGACCAGCCCGCGTCGCCGGGGGAACTCCATGATGCGCCGTTGCCGCCGGATTCGACAGTGGCCGAGGCGGGTTCGACGAGCCATTCCGAGACCATCCGCTGATAGATCGGGGTCGGGGCCTCACCGGGCACCGGCTGCAGCCGGGTGCTCGAGGTCGGCATCGGGTCGGCCGCGGCGACCGGAGCCGGCTGCTGCACCGGGGCGGGCGACTGGACAGGCTGCTGCGTCGGCGCCGGCGATTGGACGGGCTGTTGCACCGGGGCGGGCGACTGGACCGGCGCCGACGGCGGCACGGGCGTCGGCTCGGGTCGCGGTTCCGGCGCCTGCCTGCGCGGCACCTGGTTCGCCTCGGTGAGCTCGGTGAGCGCGGAAGCCGGAACACGCTGCGGCAGACCGACGGGGCGCGGCGCGGGCTCGGCCCGCGGCGGGACCGGCGCGGCGGGGACCGGCAGGTCGTCGGTGTCGTGCTCGTGCTCGGCCCACAGCCCGGTGGGCTCGTCGGGTTCCGGTTCCGGCTCCGGCGCCGCGACGCGGGCGGGCTCCGGCGGCAGGCCGTTGGCTGGCCTGCGCTGCGGCAGCCCCGACGGGGTGAACGGCGGCCTGGCGATGTCGGT
NZ_CP089227.1_gap10	362690	363506	816	AGCGACGCGCCCGCCACCGCCGTGGCGTTGTGGGCGTCCAGCGCGACCAGGACCACCCGTTCCGTACCCGAGCGCCGCTCGCCGCTCGTGGTGACCAGCACCACGGCGGCGTCGGTCGCCAGGGTGCGGGCCGGTTTGCTCGCGCCCGGTCCGCCCGCGTCCTCGACGCCGACCACGTCGACCCGATCGCCCGCGCGCAACACCTCGGCCACCGCCGGATCGGCCAGCCGGATGGGCACGATCCTGGCCTCGGGGCTGCCCGCCGCGGCCGCGGCCAGACGCGGGCCGACCACCCGCAGATCGGTGAAGGTCTCGCCCGCGCGCATCGCGCCGGTGAGTGTGGCGCCGAGCAGGGCGGCGGTATCGGTGGCTGAACCCGAAGGCAGGGAACGGGATTCGCGTTCGTCGAGGCGCAGATCGTCGGCGGTCAGCAGCCTGCCCGGTGCGAGGTCACGGGCGGCGACTACGACGGTGTGCCGGGCGGCGCCGGGGTCACCGCGTACGAACAGGGCCAGTGCGAGCAGGGCGAGCGCACCGGCGGCCAGACGGCGGGCGAGCAGGGCATCGGCCCACGCGGGGCGGTTACCGAGGGCGAAGCGCCAGGAACTGCCACGTCCCAGATCGGCGAGACTGCGAGTCATGCCCGAAGCCTAGGAGCGTGGCAGTGCGCGAAAGCCGCCGAAAGTCCAGGTTGTGGACAACTACGGGGCTGTGGACAAATCGGGAAGTATCAGCTGGCGGCGGCGGGGGTGGAGCTGGTGCTGGTGGCCGCCGAGCTGCCGTTGCCGCTGCTGTCCGACGAGGACGACTTGGCGG
NZ_CP089227.1_gap11	405023	406700	1677	GCATCGCCGAACTCGACCCGTACCTGCCCGTCCAGGTCTACCCGGCGGGCATCGACGAGAACACGATGGACGAGTTCCTGCGCGGGCTGTCGGTCGTGGTCGAGGTGTGCGATTCGCTCGACGTGAAGCTCGCGACCCGCGAAGCCGCACGGCGACACCGGGTTCCGGTGCTGATGGAAACGAACGACCGCGGCCTGTTCGACGTCGAACGCTTCGATCTCGAGCCGGACCGGCCGCCCTTCCACGGCCTGCTCGACGGCGCGGGCAGCCGCGAGCTGCGCGACCTGTCGACCAGGGACAAGGCCCCGCACGTCATGCGGATCATGGACCCCACCCAGCTGTCGGCGCGCCTGGCGGCCAGCCTCGCCGAGATCGACGAGACCGTCACCACCTGGCCGCAACTGGGCAGCGAGGTCGGGCTCGGCGCGGCGGTGATCGCGACCGCGGTGCGCCGGATCGGTCTCGAGCAGCCGCTGCCCTCCGGCCGGATCCGGGTCGATCTGGACCAGCAGCTCGACCGGCTCGCCAGCCCGGAACCCGCGCGGCACACCGGCGCGGCGGCGGAGGCGGCGAAGCTCGACGTGGTCGCTCCGCACGGGCGCATCGCCCGGATCCTGCACTGCGTGGAGCGGGCGCCGTCCGGTGGGAATTCCCAGCCATGGGTGGTTCACACCGAAGGTGAGCTTGTTCACATAGCGGTGGATCCGAATCGCAGCTCCGCCATGGATATCCGATTCCGGGGCAGCGCGCTGGCCCTCGGCGCGGCCCTCTACAACGCCCGCGTGGCGGCGGCGGCCCAGGGTTTGCTGACTCGCTCGGAGATCGCGCTGGGCGGGGCGAACCCGGTCTCGATCACCCTGCGATTCGACGACGGCGCCGACCCCGAACTGGCCGCCGACTATCCCGCCGCCCTCGCCCGGGAGACCAACCGGCACCTCGGTGACGGCGCGCCGCTCGCGACGGGCGTGCTCGACGCCCTCACCGCGGCGGCCGCCCGCGAGGGCGCCGCGCTGTACGGCGTCGTCGACCGCGCCGACCTGGGCGAAGCCGCCGAACTGCTGGCCGCCAGCGACCGGATCCGGTACCTGACACCCCGGTTGCACGCGGAGATGTTCAGCGAATTGCGCTGGCCCGACGAGGATCTGCGGACCGGTCTGGACGTGCGCAGCATGGAGCTCGGCCCGGCCGAACAAGCCAAGCTGCAGATCGGCGTGCGCGCGGATGTGATGGCCCAGCTGCGGGATTGGTCGGGGGGCCGGGCACTGGGCGAGTACACCCGTGACCGGGTCGAATCCGGTTCGGCGGTGATCGTCGTCACCGTGCCGGCCGAGCCGGTCGAGACCGATCTGGCGGGCTATGTCCGGGCCGGTAGCGCCGTCGAACGGGTGTGGATAGCCGCGCAGAAGCTGGGGCTGGCGGTACAGCCGGTGTCGCCGGTTTTCCTCTATGCCCGCGACGGCAACGATTTGCACAACGTATCCGCTGCATTCACAGATACACTGACCTCGATCCAGAAACGGTTCTCCGCACTGATGAGAGTCCCCGGGCATGAGACGGTCGCTGCTGTACTACGACTGAGCTACGCCCCTGCTCCGACAGTTCGGAGCGAAAGGCTCCCAGTACTCGGTTCAGGGAACGACAGATAGCACGATCGGAGAAACGGTGCCGCGGCGAACC
NZ_CP089227.1_gap12	413148	416820	3672	CTTGGCCGCGACCTTCCAGCTGTCGTCGACGGTCAGGCCGACGGGGCACTCGGCGTCGGTCTCCGCATCAGCGACCCTGCGGAGCAGTGCGTCACGCTCGCCGGACAGCCGGGAGTCGGCGTTGCGCAGGGCGGTGGCGATGTCGCGAATCTCGATCGACAGCCTGCGTCCCTGGTCGTTCTCCTCGTGGAAACGGTCGTAGGCGGCCAGATAGGCCGCGCCCTGCCAGCCGGTTCCCTGGAAGTGGGTCAGCATGGATCCGAGCTGGGCTTCGTAGGCGGTGGTGTCGTCTTCCAGCTCCTGAGCCCATTCCGACAGCTTGGCCGGCTTCCATGCGTCGACATTCGCGCGGGTCGTCATCAGCCGACGCTCCCGGTGGCGAAGAAGTCCATTTCCTCCAGGCGGTTCTTGAATTGCTGGTCGGTGGTCTGGACGTTGTCGGCGCACTGGTTGACGATGGCCGCGAGCTTCTGCATCCGCTCGGCGATCCGCAGCCACGCGCCCTCGGAGTACTCACCTGCTTTCGCGCACGCGGCCCCGATCTCGACGCCGGGGAAAGCCTCACCGACCTTGTCGCCGTTGGTCCGGACATCGATCTTGTCGATCTCTGCGCCGACCGAAGTGACTGTGGTGGCGAGTCGCCTCAGCTCATCTATATCGACCTGCAACACGAGATGTTCTCCCCCTCCGATAAACAACCAGGAACCGTCCAGTCGGTGAACTCTACAAGATCTGCGGGTGGCTGAATCGTGCGAATGGGAGCACTACTCGCAAAGGTCTGCGCCGGGTGGGCGACCGCATCTTTCGACGCTGTTCACGCGTTGTTTCACGGGCTGGTTCCGGCGGGCATCCGGGTCGTTGAACGATCGGACGGGTGCGCATCGTGCAGCTCGCCAACTTCTATGGTCCGCGATCGGGTGGGCTGCGCACCGCCCTGCATCACCTCGGGGAGGGGTATGTGGCGGCTGGGCACGAGGTGGTGCTGATCGTGCCGGGGGCGCGGCGCAGCGAAGAGGTATTGCCCACGGGGGCGTTGCGAATTACGCTGCCCGCCTTGGCAATTCCGTTCACCGGCGGATACCGGGCGGCGGATCCGCGGCGGGTGGCCGAGGTGCTGGGTGGGCTGCGGCCCGATGTGCTCGAGGTGTCGGATCGGCTCACGTTGCGTGGGTTCGGGCGGTGGGCGCGGCGGCGCGGGGTGGCGAGTGTGATGATCTCGCACGAACGGCTCGATCGGTTGCTCGGGCAGTTCCTGCCGGGGCCTGCCGCGCGGCACTGCGCCGACGTCGCCAACCGGCGTACCGCCGACGACTACGACATGGTGGTGTGCACCACCGACTTCGCCAGGGCGGAGTTCCAGCGGATCGGCGCGACCAATGTGGAACTGGTGCCGCTGGGGGTGGACCTCGACCTGTTCAGCCCGCGCCGCCGCGATCAGCGGCTGCGCGCGGATCTGGGCGTCGCGGGTCATCCGCTGCTGGTGCACTGTGGCCGGTTGTCGGTGGAGAAGCGGGTCGACCGCAGTATCGAGGCGGTGGGCGCGCTGCACCGGGCCGGGGTGCCCGCGCGGCTGGTGGTGGCCGGTGACGGGCCGCGCCGCGAATCGCTCGAACGCCGCGCCCGCACTTTGCCGCCGCTGCCCGGCGGCGCGCCCGCCGTGCACTTCACCGGTTTCATCAACGATCGGGCGATGGTCGCGAAACTTCTCGCCACCGCCGATGTCTCACTGGCGCCCGGCCCGCACGAGACCTTCGGGCTCGCGGCGCTGGAAGCGCTGGCGGCGGGCACGCCGGTGGTGGCCAGCCGGTCCTCGGCGCTGGCCGACATCGTCACCACCGAATGCGGCGCCATCGCCGCCGACCGTCCCCGCGCGTTCGCCCGCGCGGTCACCGATGTGCTCGCCATGCCGACCCCGGGGCGCAGGCAGGCCGCGCGGACCAGGGCCGAACAGTTCACCTGGCCGCGCGCGGTGGCGGGAATGCTGGCCGTGCTGGACCGCTAGGCGCCGGACCGGGCCGCCAGCACCGCGTCGTAGAGTTCGCGCCGCGAGGCGCCACGGGCGGCCGACACCTCGGCGCAGGCGTCCTTGAGCCGCATCCCCGAGTCGACCAGGGTCTCCACCTCCGTGACCAGGTCGGCCGGGTCGGCCGAAACCGGTTGCGCGCCTTCGAGAACCACGGTGATCTCCCCGCGCGCGCCCTCGACCGCCCACGCGGCCAGCTCGGCGAGCGTCCCGCGCACGACCTCCTCGTAGGTCTTGGTGAGTTCGCGGCACACCGCACCCCTGCGGTCGGGGCCGAGCACGGTGACCGCGTCGGCCAGGCAGTCGGCCAGCCGGTGCGGCGCCTCGAAGAACACGCAGGCCCGCTGCTCGGTGGCCAAGGTGCGCAACCATTCCCGGCGCTGCCCGCCCTTGCGCGGGGCGAACCCGTCGAAGCAGAACCGTTCGACCGGCAGGCCCGACAGTGCCAGCGCGGTGGTCACCGCCGACGGGCCGGGCAGGCAGGTGACGGGCAGGTCCCGCGCCACCGCGGCGGCGACCAGCCGATAGCCGGGATCGCTGACCGACGGCATGCCCGCGTCGGTCACCAGCAGCACGGTCAGGCCGCTCGCGAGGTCGTCGAGCAGGGCCGGGATCCGGGCCGTCTCGACGTGGTCGTAGAAGCTGACGACACGCCCGGTGATCTCCACGTCGAGGGCCTTGGCCAGCGACCGGGTCCGGCGGGTGTCCTCGGCGGCCACCACGTCGGCCGAGCCGAGTGCGTCGCGCAGCCGCTGGGACGCGTCGCCGATGTCACCCATCGGGGTTGCCGCTAAGACCAACAAGTGCTGTCCAGCCTCTCCGGTAGTTTGGCGCAGCGACCATTCTGTCAGGCGGGCAGGCAGCGCCGGTCCGCGCGTCGGCGGGAAACGAGGGGGACAAGTGTCGGGTCGGACTTCGGTGGGCGCACCGCCTACGATCGGGGCGTGATCCCGGTGACCGAAACGCGTGCGATGCCACCGTCGCGGCCCGCCTCGGCGCTGGTCAGTCCGGCCCCGCTGCGACCGACTCCCGACTTCGGCCCGCTCGACACCGCGCGCGGCTGGGCGGTCACCGCGGTGCTCACCCTGATCGCGGCGCTCACCCGGTTCGTCAACCTGGCCTATCCCACCGACGCCCGCACGCCGGTCTTCGACGAGAAGCACTACGCGCCGCAGGCCTGGCAGATGGTCACCGGCGGCGGCGTGGAGGACAACCCCGCCTACGGCCTGGTGGTGCACCCGCCGGTCGGCAAGCAGTTCATCGCGCTCAGCGAGGCGATCTTCGGCTACAACGCGCTGGGCTGGCGCGGCAGCGCGGCGCTGGCGGGCACCGTGCTGGTGCTGCTGGTGATCCGGATCGTGCGCCGGATGGCGCGATCCACGCTGATCGGCGCCTTCGCCGGCATCCTGCTCATCGCCGACGGGCTGACTTTCGTGTCCTCGCGCATCGGCATGCTCGACATCTTCATGGCGCTGCTGGTGACCGCCGCGTTCGGCTGTCTGATCGTCGACCGCGACGAGGTCCGGGAACGGATGGCGCGCGCCGATCTGGCTGGCCGGGTCGGGCTCACCGGTTTCGGGCCACGGCTCGGTGTGCGCTGGTGGCGGTTCGGCGCGGGGGTGCTGCTGGGGCTGGCCTGCGGCACCAAA
NZ_CP089227.1_gap13	418366	422996	4630	CGCGGGCCGCCGCGGCCGGAGCCCAGCTCCGAACCCTGGATGGTCAGCACTTCGACACCGGCGTCGGTGAGCCGGGAGTTGGTCATCTCGTTGCGCTCGTAGGCCACGACCACTCCCGGGGCGAGGGCGAGGGTGTTGTTGCCGTCGTCCCACTGTTCGCGTTCGGCGGTCGGACCGTCGCGGCCGGTATCGATCACCCGTAGCTTCGCGATGCCCATCGCGGCGGCCGCGGCGGGCAGGAACGGTTCGGGTCCGTCGATGCTGATCCGGTCCAGGTCGCTGCGGCCGGAGAACCCGTCCTCGCGCCGGATCGTGAACGCCTGCAAGGTTTCCCGCACGCCGGGATACATCACCACGGCGTCGGTGTCGACCATGGTGCACACGGTGTCCAGGTGCATGGTCGCGCGGTTCTGCGCGATCGGCACCACCAGCACGGTGTGGGCCAAATCGTCGTCGAAGAGGCTGCGCGCCAATGCTTCCGCGCCCGCGGGGGTGGTCCGTTCGCCGACGCCGACGGCGACCACGCCCGGCGCGAGCAACAGGACGTCGCCGCCCTCGATCGGGGCGGTGTGCGATTCGTAGGCGCGGCGCACACCGAGGAAACGCGGATGGAAGGCATAGACGAGATCGGTGATCGAGGTTTCCCGGATCCGGGCGGGCAGGGCCAGCGAGGTGATCGCGACCTTGGGGCCCACCCAGAACGACGAATCGCGGGTGAACAGCAGATTGGGCAGCGGATCGATGACGAAATCACCGCCGTGGTGCATCCGGCGGACCAGCGAGGTGGTGTCGGGGCCGAACGGCAGTTCGTCGAAAGTCATCCCGGCCATCAGGATGTCGGCGAGCTCGCGCGCGGGGACCTTGCGCAGTTCGGCGGCGAGCTGGTCGGCCAGGCCGTGGCCGAGCCTGCGGGCGTCCACGGCGGCCGAGATACCCTGGATTCTGGCCGCTCCGCTCACCTCGAGTGTCTCGGCGAGCAGGTCCGACAGCAGCAACACCTCCACGCCGCGTTCGCGCAGCAGCGCGGCGAAGGCGTCGTGCTCGGCCTGGGCGCGTTCCACCCAGGGAATACCGTCGAACAGCAGCTGGTCGTTGTTGCTGGGGGTGAGCCTGCGCAGTTCGTCGCCGGGGCGGTGCAGCAGCACCGTCCGCAGCGTGCCGACCTCGGAGGTGACGGCCAGGCGCGAGTCGGAGGCGGTTCCCATGCGGAAACCGTAATGCGAGGAGCGCGCGTCGGCACGGAAGACCCGCAGACCTGTGCGGGTTGGTCCGCCCGTTTTCGTACGCGACACAAATACCTAAAGTATTGTTGAGGTGAAAGCGGGAGGAGCGAAGATGACGACGGCCGATTGGCAAACGAAGGAGCTGACCCCCGGGCAGCTATCCGATCGTAGTGGAGTTGCAGTGTCCGCGTTGCACTTCTACGAACGGGAAGGTCTCATATCGAGTCGTCGGACCAGCGGCAATCAACGGCGCTACGCTCGGGAAACGCTGCGCCGGGTCGCGTTCATCCGGATCTCCCAGCGGGTGGGGATCCCGCTCAGTGAGATCCGCTCCGCGCTGGACCGGCTGCCGGAGGGCCGCACGCCCACCCGGCGCGACTGGGAGACGCTGTCCACCACCTGGCGCGAGGACCTCGACGACCGGATCACCCAGCTGGTCCGGCTGCGCGACAACCTCACCGGCTGCATCGGCTGCGGCTGCCTGTCGCTGGGGTCGTGCAAGCTCGTCAACGAGCACGACCGCCTCGGCGCGGAGGGGCCGGGCGCGCGGGTACTCGACGTCCAGCTCAACTGCCCGCCCAGGTCCAACTGCTAGCCCGCCTCCCCGCGTACTCCGGCCAGACTCAGGTCCGGGGTCCAGCGACGTCGGCGTCCGCCTGGATGTCAACCGGTGCGTCTGCCCGTACCCGGTGAGTTACCCATGTTGTTTCGAGACCAGTCGTCGGCTTCTCGAACGGTGGCCCGGTGAACCGCGGTGCGGCATCATCGCTGGCATGACCTCTCTGGACGCGAAAGCGAAGACTCTGCTCGAACTGCACCGCCCGGGCGATCCGGTGGTGCTGCCAACCGTGTGGGACGCCTGGTCCGCGAATGTCGCTGTGGCCGCTGGCTTTTCGGGGCTGACGCTGGGTAGTCACCCGGTCGCCGACTCGGTGGGCCGCAGTGACGGCGAGGGGATGAGCTACGACGAGCTGCTGGCGCGGGTCACCCAGGTGACCGGCGCGGTGGAGGTGCCCGTCTCGGTCGACATCGAGTCGGGCTACGGGCTCGAGCCCGCGCGGCTCGTCGAAGGGCTGCTCGCGGCGGGCGCGGTGGGGCTCAATATCGAGGACACCGTGCACAGCGAGGGCAAGCGCCTGCGCTCGCCCGAGGAGCACGCCGAGCTGGTGCGCGGGCTGCGCACGGCCGCCGACGCGGCGGGCGTGCACGTGGTGATCAACGCGCGCACCGACCTGTTCCTGCGCCAGGACGGCGACGAGGCCGACCGCGTCGACCGGGTGATCGCCCGGCTGCGCCTGGCCGCCGACGCCGGCGCGGACTCGCTGTACCCGGTGGGCTGGCACTCCGACGAGGTCCAGCGCAGGCTCGCCACCGAACTGCCGTTGCCGATCAACGCGATCGCGCAGCCGGGGACACCCGCGAAAGAGCATCTCGCCGAACTCGGCGTCGGCCGGATCAGCTTCGGACCGCTCCTGCAAGCGGCACTGGGCGCCGAAGCGACCAAGCTCCTCGCCACCTGGCGCTGATTTCACACCAACACCTGGCGCTGAACTCGTATTAACACCTGGCGCTGACCTCGCACAAACACCTGGCACTGATCTCGCACGAACATGGGTAACTCGTCGGGAACGGGCTGACCAGCTCGGGTCACCTACCGCCGGCCGCCGACGGTAGGTGACCCGGACCCGGGTCTGGCCTGAATTCGCGGGGAGGCGGGCAGCCTAGCTCAGTCTTTGGGTTCGATGTAGCGCGGGAACACCGGCTCCGGCGCGGGCAGGTCGACCCCGGGGACCAGGGGAGTGGCGATATCGGCGAAGGTACGGCCGTCCTGGGCCAGCAGATCCAGGATCTTGGCGGCCGAACCCGGCATCACCGGCTGCACCAGGATCGCCACGATCCGGACCACCTCGAGGGTCACGTAGAGTACCGTGGCCATCCTGGCCAGGTCCGCCTCGGTGCCCGACTTGCGCAGCGCCCAGGGCGCGTTGGCGGAGAAGTAGCGGTTGGTCTCGCCGAGGGTCAGCCAGATGGCCTCCAGCGCGAGATGCATCTGCTGGGCGTCGAACTCGGTGCGGCAGCGCTCGAGCAGGGCGTTGGCGCGGTCGAGCAGGGCGCGGTCGTCCTCGGTGAACTCGCCCGGGGCCGGGGCCTTCGCGTCGCAGTTCTTGTTCACCATGGTCAGGCTGCGCTGGACCAGGTTGCCGAACTCGTTGGCCAGGTCGGCGTTGATGCGGCCCGCGATGGCGTCGTTGCTGTAGCTGCCGTCCTGGCCGTAGGAGATCTCCCGGAGCAGGAAGAACCGCACCTGGTCCAGGCCGTAGGTGGCCACCAGCTCGAGCGGGTCGACGACATTGCCCGTCGACTTCGACATCTTCTCGCCCTTGTTGTACAGGAACCCGTGCACGAACACCCGGTCCGGCAGTTCGATGCCCGCCGACATCAGGAACGCAGGCCAGTACACCGTGTGGAAGCGGGTGATGTCCTTGCCGATGATGTGCACGTTCGCCGGCCAGAACCTGCCGAAGCGGGCCGACTCGGTGTCGGGGAAGCCGACGCCGGTCAGGTAGTTGGTGAGCGCGTCGACCCACACGTACATGACGTGATCGGGGTGGCCGGGCACCGGAACACCCCAGTCGAAGGTGGTGCGCGAGATCGACAGATCCTTCAGCCCGGCCTTGACGTAGCTGACGATCTCGTTGCGCCGGGTCGCGGGCGCGATGAACTCGGGGTGCTCCTCGTAGAGCGCCAGCAGCTTGTCCTGGTACTCGGAGAGCTTGAAGAAGTAGTTCGACTCCTCGGTCCAGGTGACCGGGGTCTGGGTCTCGGTGGACACGCGGGTGCCGTCGTCGAGGAGGCTGGTCTCCTCCTCGGTGTAGAACGCCTCGTCGCGCACCGAGTACCAGCCGGAGTAGTTGCCCAGGTAGATGTCGCCGTTGGCGAGCATCTTCTCCCAGAGGGCGACGCTGGCGGCCTTGTGGTCCTCGTCGGTGGTGCGGATGAAGCGGTCGAAGGAGATGTCGAGCGCCTTGTCCATCGCCTCGAAGACGTCGGAGTTGCGGGCCGCGAGCTCCTGCACGGGGATGCCCTCGGCGGCCGCGGTCTGCTGCATCTTCTGGCCGTGCTCGTCGGTGCCCGTCATGAAGAACACGTCGAAGCCGTCGAGTCGCTTGAACCGGGCCAGCGCGTCGGTCGAGATGTACTCGTACGCGTGCCCGATGTGCGGCGCACCGTTCGGGTACGCGATGGCCGTCGTGATGTAGAAGGCGGGCGCCTCGGCGCCTTCAGCTGCGCTCATGATGCGAACTACTGTAATCCGCGTGGCAAACCAGAATCGTCCGGCTCCGCCCCTTCCGCCGCCGCTCGCACCGCTGATCGACGCGCACACCCACCTCGACGCGTGCGGCGCG
NZ_CP089227.1_gap14	431443	434726	3283	GATGGTCGAGCGGATGGCCTCGGGCGTGGTGAGCAGGCCGTCCAGCATGAAGGCCGAGCGATCGCCGGCGAAGGCGTAGTAGGCGCGCATCGCGGCGCGGGCGTCGGCGAGTACGTCGTCGTCACCGAGGGCGACATTCACCTGGGCGACGATGCGCGGTGCACCGGCACGGCCGTGGTCCTTCCAGGATCGGCGCACGGTGTCGAACAGGCCGCCCGCCCACGACGGCGGCGCGGCGGCCAGGAAACCGCCGCCGCACCGGCCGACCCGGTCGAGCGCGGCCGGCTGGAAACCGCCGAACAGCAGCTCCGGTCCGGTGGGCTGGACGGGCGCGGGACCGATCGGGCCGCAATCGGGACCGAACGGTTCGCCCGCCCACAGCCGCCGCAGCAGGTCGATCTGCGCGTCGAGGCGGCGGCCGCGGGTGCGCGGGTCGGTGCCGGCGGCGACGTGGTCGTCGGCCCGGCCGCCGACGCCGACGCCGAGGGTGAACCGGCCGCCGGACAGCACGTCGAGGGTGGCGGTCTGCTTGGCCAGCAGCGCGGTCTCGCGCAGCGGTGCGAGCAGGACCTCGGTCTGCAGCCGGATGCGGCGGGTGGCGCCGGCCAGGGCGGCCAGGGTGACCAGCGGTTCGGGGTTGTCGTAGACGAGCCGGTCGAGCAGGCCCAGCGTGCGGAACGGGCCGTCGTCGGCGCGGCGGGCCCAGTCGAGCAGGGCGGCGGGGTCGGAGATGGGCAGGCCGAGGCCGATGTGCATGGAATCCTCCGGTAAGAACGTTGTTCGTGTCGAACGTTGTTCGCTACGAACGACGTTAAACGAACGATGTTCGTGGCGCAAGGGGAGCGGCCAAGAGCCGGGCCGACCGGGGCAAGTAGGCTCGTCACGGCCCCACAGAAGTCACGCGGAAGGCGGGCGAGCAACACCTATGTCCAACCTGATCAACCTCGAACAGGTCTCCAAGAGCTTCGGCATCAAGCCGCTGCTGGACGACGTCTCGCTCGGTGTGCACGCGGGAGAGCGGATCGGGGTGGTCGGTCTCAACGGTGGCGGCAAGACGACCCTGCTCGAAGTCCTGACCGGCCTGGAGGCGCCCGACAGCGGCCGGGTGAGCCGCGTCGGTGGCCTGCGGATGGCCGTGGTCACCCAGCGCGGCGTGCTGCCCGAGGGCGCGACCATCGGTTCGGTGGTGCTCGCCGGCCTGTCCGACGACCTGTCCACCGCCGACATCGCCGAGCACGAATGGGCCGCCGACGCGCGCATCCGCTCGGTGCTCGACGGCATCGGCATCGCCGACCTGGGCCTGGACACCCCCGTCACCAACCTGTCCGGCGGCGAGCGCCGCCGCGTCGCCCTGGCCGCGGCCCTGGTGCGCGAGCTGGACCTGCTCGTCCTCGACGAGCCGACCAACCACCTCGACATCGAGGGCGTGCAGTGGCTGGCCGAACACCTGATCGCCCGGCGCACCGCGCTGGTGGTGGTCACCCACGATCGCTGGTTCCTCGACACCGTCGCCACTCGCACCTGGGAGGTCGTCGGCGGCAAGGTGGAGACCTACGAGGGTGGCTACGGCGACTGGATCTTCGCCCGCGCCGAGCGCGCCCGCCAGGCCGACGCCACCGAGGCCCGCCGCCAGAACCTGGCCCGCAAGGAACTGGCCTGGCTGCGCCGCGGCGCCAAGGCCCGCACCTCCAAGCCGCGCTACCGGGTGGAGGCCGCCGAGGCGCTGATCGCCGACGTGCCGCCGCCGCGCGACTCGGTCTCGCTGGCCGCCTTCGCGCGCAAGCGGCTGGGCCGCGTGGTGATCGAGCTCGAGGACGCCACCCTCACCACCCCCGACGGCCGCGTCCTGGTCGACGACCTGACCTGGCGCCTCGCCCCGGGCGAGCGGGTGGGTCTGGTCGGCGTCAACGGGTCGGGCAAGACCACGCTGCTGCGCGCGCTGGCCGGCGCCGCCGAACCCGCCGCGGGCAAGCGCATCCAGGGCCAGACCGTCCAGATCGGCTGGCTGCGCCAGGAACTCGACGATCTGCCCACCGATCTGCGGGTGCTGGAGGCGGTGCAGCAGGTCGCCCAGCGAATCATGCTCGGCGACAAGGAGATCTCCGCTGGTCAGCTGGCCGAACGGCTCGGCTTCACCCCGGCCCGCCAGCGCACCCCGGTCGGCGACCTCTCCGGTGGTGAGCGCCGCAGGCTGCAGCTGACCCGCATCCTGATGGCCGAACCGAACGTGCTGCTGCTCGACGAGCCCACCAACGACCTCGACATCGACACCCTGCAGCAGCTCGAGGACCTGCTCGACAACTGGGCGGGCACCCTCGTGGTCATCAGCCACGACCGCTACCTGGTCGAGCGCATCTGCGACACCACCTGGGCGCTGTTCGGTGACACCAAGCTCACCAACCTGCCCGGCGGCATCGACCAGTACCTCACCAAGCGCGCCGCCCTGGCGTCGAGCGCCAAGCCCGCCGCCGCGAAACCGGCCGCGTCGTCGACGGATTCGGCCGACCGCCGCGCGGCTCGCAAGGAACTGTCGCGCCTCGAACGCAGCATCGCCAAGCTCGACGAACGCGAGCAGAAACTGCACGTCGCCCTGGCCGACGCCGCCACCGACCCGGACAAGCTGGTGAAACTCGGCGCCGAACTCAAAGAGGTCGTGCAGGAAAAGGAAGCGGCCGAGGAGCGCTGGCTCGAACTGGCCGAGGACCACTGATTTCGCGAGCACATGGGTAACTCACCGGGACGGGCTGACCTGGCCCGGTGAATCGCCGGTCAGCCGCCGACGTGACGCAGCCCAGCGCTCAAGCCTGGCCTGAAGTCTCGGAGAGGCGGGACAGCAGGCAGGTTTGCACGAAATCGGCGCCGAACTCGGTGAGGATGATGCTGCGGTAGCTCACCTTCGTACCGAATCCACGCTTGAGCGCGTCGCGCACCTGCTCCTGCGCCTCGATGAGCTGGTAGCGGCTCGGATTGCCCACGGGCTCACGGGTGAACTCGATCAGCCCGAGCCTGCGCAGGTTCGGCAGGTACTGCGGAACGCGATTCGGGAAGCGCAGGCCCGCGTGCTCGCCGACCATGGTCAAGCCGCTGATCAGGCGCTCGCCGCCGAAGGCCCGCTGACGGCCGGTGCGCACGTCGAGCGCGGGCTGCGGTCCGTCGACGTGCAGGAACCGCAGCACCCGCGCCTCGTCGGGGGTGATCTCGGCGAGGATGCCGGGATAGGCGGGATGGGTATCCGGCTGCGCCGCGTGCGTGCTGGCCGAGAGCCGCAGCAGTTCGGCGCCCT
NZ_CP089227.1_gap15	477065	479285	2220	TACATGCGGGTGGTGCGTGACCGCGCGGCCACCTACAGCATCGGCCGCCGGGTGTAGTTCCCGCCGGGCCGGAGTGCCGGTTACTCGACGTCACGCCGAGACGATAGGCTCGCAACCGCACGGACCATCCCGTGAGACCTACCGTGCCTTCAGTCGTAAGGAGTCGTTTTCGTGGCCATCATCGAACAGGTCGGAGCGCGCGAGATCCTGGATTCGCGCGGCAATCCCACTGTCGAGGTCGAGATCGCCCTCGACGACGGCACCCTGACCAGGGCGGATGTCCCCTCCGGCGCGTCCACCGGTGAGCACGAGGCCGTCGAGCTGCGTGACGGTGGCGACCGCTACAACGGCAAGGGTGTCACCAAGGCCGTCGAGGGCGTCCTCGACGAGATCGCACCCGCCATCATCGGCCTCGACGCCGTCGAGCAGCGCACCGTCGACCAGGTCCTGCTGGACCTGGATGGCACCCCCGACAAGTCCCGCCTCGGCGCGAACGCCCTGCTCGGCGTGTCGCTGGCCGTGGCGCGCGGCGCGGCCGAGTCCTCGGGCCTGGAGCTGTTCCGCTACCTGGGCGGCCCGAACGCCCACGTGCTGCCCGTGCCGATGATGAACATCCTCAACGGTGGCGCGCACGCCGACACCGGCGTCGATGTCCAGGAGTTCATGGTCGCCCCGATCGGTGCCCCCACCTTCCGCGAGGCGCTGCGCTGGGGCACCGAGGTGTACCACTCGCTCAAGGCCGTGCTCAAGGAGAAGGGCCTGTCCACCGGCCTGGGCGACGAGGGCGGCTTCGCCCCCGACGTCGCGGGCACCGTGGAGGCGCTCGACCTGATCAGCCTGGCGATCCAGCGCGCGGGCTACAAGCTCGGCACCGATGTCGCGCTCGCGCTCGACGTGGCCGCCACCGAGTTCTACACCGCGGGCGAGGGCTACAAGTTCGAGGGCAAGGTCCGCACCGCCGCCGAGATGGGCGAGTTCTACGCCGACCTGCTGACCCGCTACCCGCTGGTCTCCATCGAGGACCCGCTGTCGGAGGACGACTGGGACGGCTGGGTCGCGCTCACCGACTCGATCGGCGACAAGGTGCAGCTGGTCGGCGACGACCTGTTCGTCACCAACCCGGAGCGCCTGGAAGAGGGCATCGCCAAGGGCGCGGCCAACGCGCTGCTGGTGAAGGTCAACCAGATCGGCACTCTCACCGAGACCCTCGACGCCGTCGAGCTGGCGCACCGCAACGGCTACAAGACGATGATGTCGCACCGGTCCGGCGAGACCGAGGACACCACCATCGCCGACCTCGCGGTCGCCGTGGGTTCGGGCCAGATCAAGACCGGCGCCCCCGCTCGCTCCGAGCGTGTCGCCAAGTACAACCAGCTGCTGCGCATCGAGGACGCCCTCGGCGACTCGGCACGCTACGCGGGTGACGTGGCCTTCCCGCGTTTCACCGGCGAGTTCTGACGAACTGCAGTACCGCAGTACAGGTTGAGATGACGGGGCGGTAGCGAATGACCGAGCGACGTGCGCGTGGAACCAGTCCGGGTGGACGAGGCGACCGCCGCACGTCGCGGGCCGCACGCTCCCGCCCCAGTCATCTCGACGCCGCGGGCCGCCGCACCGCGGCCAAGCGCACCACCCGCCGCAGGCCGGAGACGGCCACCGGCGGCACCCGCAAGCCCAGCGGCAAGCTGGAACGCGGCGAGCACACCATCCTCGGTCTCTCGACCGGCAAGGCGGTGATCCTGGCCGCCGTGCTGTGCGGCCTGGCGCTGACGCTGGCGGTCCCGACCCGCACCTACTTCAGTCAGCGGGCCGAGGCGGCCGCGCTGGCCCAGCAGCGCGCCGAACTCGACGCCGACCTGGCCGCCCTGCGCGACCGCAGGGCCCAGCAGCAGGACCCGGCCTACATCCGGTCCGAGGCCCGCGACCGGTTGCGGCTGGTCATGCCCGGCGAAACCCCTTACATCGTGCAGATTCCCGGCATCGAAGCACCGGCGCCGCCGCCGATGAGCACCCGCACCGCGGCGCCCGACCCCTGGTACACCGACCTGTGGCGCAGCATCTCCGAACCGGCCCCGGAAGGACCAAGGTGACCGCACCGACAGAGCGCGACCTCGAGATCATCGCCCAGCAGCTGGGCCGCGAGCCGCGCGGTGTGCTCGCCGTGGCCTACCGGACTCCGGACGGTCTGCCCGCCGTGGTGAAGACCGCGCCGCGCCTGCC
NZ_CP089227.1_gap16	505532	508149	2617	CGTCGGTCATCATGCCCGGCATCGAGTGGCCCTCGTGCCCGGCGCCCGCGCTCGGTGCGGGCTTGCCGAAACTGGTCAGCAGGGTGGTGATCTGCTGCATCTCCGGCGCCTGGGCCTGCTCCACCTGCGCGGCCAGCGCGATCAGCTGCTGGTTCTGGGTGTGGCTCGGCACCATCTTCGCCATCTCGACCGCCTGCGCGTGGTGCGGGTACATCATCTGCAGGAAGGTGACGTCGGCGTCGTTGAAATCGGTGCGAGCCGCGGCCGTGGCGCCGGTCGCGCTCGCCGAGCTGGTCGCGGAGTGGGCGTCGTGGGTGGTCGCGTCGTTGTCGTCGCTACAGCCCGCGGCGAGCAGCAGGGCGCTCGCGGCGGTGACGGCGAGGACGGTGGCGCGGGTACGGCTGATGAACATGGGGATCCTCCTGGGGATTCGTGGGAACGCGGGACGGGAACCGCCGCCGGACACGCCGGTGGCGGGCTGACCTGTCAGATCCGCAGAATCGCCAGTTGAGCCAGGGTGAGGACGGTCCACGGCGGCGGCCGCTCCCGCCTGCCCCGCCAGGTGCGGACGGCGCGCGCGGCCGCGGCCTCGACATCGGTCAGCCGGTAGAGCAGCACGAGCGTCGCCGCGAGTACCAGCGCGACGAGGACGAAGACGCAGGAATGCACCGCCGAGTGCTCGTCGCAGCCGGCCGCGCCGCAGCCGGTGTCGCGCTGATCGGGGGCGAGTGGCGTCGTCGCGGCGGCGGGGGAGGCGGCGGCGAGCACGGGGAGGGCAGGGGCGGCGTCGTGACGGGGCGCGGCCGCGTGGGTGCCGGCCGCGCGCGAGTGGGTTGCGGTGGGTGCGGGCTCGGCCGCCGCGAGGTGGCCGGTCCGCGCTGGTTCGGTGGGCCCGTGCGCGGCGTGATCCGCCTCGGCGGCATGGCCCGGTCCGGCGAAGACCGCCGAGTGCATGGCCACGATCCCGGCCAGCAGCATCAGCAAGGCGAGCACCCTGGCCAGGCCGGGTGCGCGCAGGAGCGGATGCCGAGCGATCACGGTGCCCAGTCTAACCAGCGCGATCCGGTCGGTGGAAATACCCGCACACGGTAGGGGTAGCTACTGGACGGCGATGTCGACGACCAGCCGGGGCGGGTTGGTCAGGGCGGTCACCGTGAACGGCGGCCGGTCGGCCTCGACCCCGATGAACGACTGGGTGGTGCCCTCGAAGACCAGGGTCTTGTAGACGCCGGCGATGCCCGGCGCACTCGGGTCGGTCGCGGGGTCGGGGCCCGAATAGGCGGGCACCGGCGAGTCGAACGGGTAGGCCGAGCCCAGGATGCGGACCTCGAGAATCGAGTCGCCCGCCACGTCGACGGTCTTGCCGCTGCCGTCCTGGACCGCGCGGTCGGTGTAGTCGACCTGCCAGCCGGGCGTGCCGGTCCCCGCGAGCGCGAAGACCACCCGGTCGAAACCGGGCTGACGGCCGATCCGGATATCGGTGACGGTGAGCGCGGCACCGGCGGACGCCTCGGCCGACTTGGGCGAGCTGTCGGTGGGCGCCTCGCCGGTGGCGTCGGCGAAGGTGCTGGTGGTGCTCGTCGTCGGCGGTGGCGAGGCGGCCGGCGTGTCGTCGGTGCCGCAGCCGGGCAGCGTCAGCGCCGCGGCGGCGACCAGTCCGAACACGAGAGCGTTACGCATGAGGCCGATGGTACGCAGCGGCGGCGCCGGGGTGGGGGAGGAAAGGCCGGGTGTGTTCGGGCTACGGCAAGTTTGCTGGGCCGGTCGCGGCCACGCGGATCGGCCGGAATGTCGCGCGTACGGCGACGAAACCCCGCGGGCGGCAGGTTCGCCGGACCCGCCGCGGTGCGAGCTCGTCGGCGCGAACGCGTGCTCGCGGCGCGGTGAACGCGGGCGAAACAGTGGGGAACAACGGGATTCGTGACATCGACCGCACCGAAACCGTGCGCAAGGGTGTCGCAAATCGATGGAAGCTGTTCGTGCCCATCGAAATACCCACTCCGACAACGCGCTGTGAGCGGGGCCACGGACCGATACTGGGCCCGGATGTGACGGTGGGGCAACGATCTAGCACACTTGTCGCGTGGACAGAGTCGAGGACGTATTCACCCGGTTGCGCCGGTATCCGGACGTGGAGGCGCCGAACCTCTATGCCGTCGACGCCGCCGACCGCCTGCTCCTCGACACCGCCGCCGACGCGCTCGCGGCCGCCGGTAGCGGCGAGGTTGCGGTGATCGGTGACGCGTACGGCGCGCTCACCCTCGGGGCGGCCGCCCGGCACGATCTCACCGGTCTGCGCGTGCACCAGGACCTGCTCACCGGCGAACTCGCGCTCGCGGGCAATGCCAAGAATCTGGGGCTCACCGATCGCTACACCGCGCACGATCTCGACGCGGAGTTGCTGGCGGGCGCGCGGGTGGTGCTGATGCGCCTGCCCAGGATGCTGGCCGGCCTGGCCGAGATCGCCGAGACGATCGCCCGCTTCGCGGCTCCCGATGTCGTCGTGTTCGCGGGCGGGCGCGACAAGTACCTCACCCCGGCGATGAACGAGGTGCTGGCCGAGTCGTTCGGGCAGGTGCGCGCGAGCCGCGGCAGGCAGAAGTCGCGGGTGCTGGTC
NZ_CP089227.1_gap17	557331	559754	2423	TCCGAACGAGATGGGCTGGACCGAGGCGGCCGTCGCCGCGCTGGCGGGCACCGGCCTCACCGGTCCCGAACGGCTCGACACCATCGTGTTGCTCAACGGGCACGCCCGCAGCCTGGCCCAGCAGGTCGAATCGGTCGGCGACGGCGACGGTGCCATCCAGTTCGCCGAGCAGTTCACCGCCATGATGGCCGCGGCCGGTGGCCGGTTCCCCGCCGTCGAGGCGGCCTTCGCCGAGGAGGCGGCGGCCGTCGGCGCGGGCGCGGCACCCGGCGCGGCCTTCGACTACGGCGTCGACCGGATCCTGGACGGGCTCGCCGTGCTCATCGACCGGCGTGCTACGAGTGGGTAGCGCGCCGGGTCTGGTCTGGCGCGGGCGAACGTCCTAGGCTCGCAGCATGACCGACCAACCGGAGCTGCCGGAGAACGCCGTCACCGTCGTGCGGGAGTTCTTCGCCGCGTTCGCCGTCGACGCCGTCGACGAGGCGCTCGAGCTGCTCGACCCGGCGATCGTCTGGAAGAACACCGGCCTGCCGACCCTGCGCGGCAAGCAGCGGGTCGCCCAGGTGTTGCGCGGCCTGGAACGGCCCGCGTTCGGCTTCTGGGCCGAGATCCACCACATCGCGGCCGACGGCCCCATCGTGCTCACCGACCGCACCGACTACCTGCGGGCCGGACCGGTCCGGATCGGCTTCTGGGTCACCGGCACCTTCGAGGTGCGCGAGGGCCGGATCGTGCTGTGGGACGACCACTTCAGCATGGGCAACGTGGCGCGCGGCACCGTCGTCGGTGCGGCGCGGGCGGTGCTGCGCCGCTGATCCCGCCGGGGACTACCGGTGCTTGCTCAGGTAGTCCAGGTACGTCGGCCGCAGCACATCGGCCAGTTTTCCGTCGCCGGCGTGGAAGTAGTCGTCGATCATCGGCAGCACGTACTTGATGTCGGCCTCGCTCTCGCCGATGTCGCCCGCCTCGGCCTGCGCGGCCGGAATCGCCTTGAGCAGGTCCCACAGGAACTTCACGTCGCCGCGGCGCACGGCCGTCTTCACCGCACGGTCGTGCAGTTCCTTCGACGACAGTTTCGCCAGATCCTCGTCCTCGGCCATGCTTCGACTCTAGCGCTCGCCGACACCGCGGTGGCGGATCCTTCGCGTCGGCGCCGGTTAACGACAAATTCACGGACACGTCCGGCTGTCCGGCAGCGCGGCCGGGCGCCGACCGGTAGCGTCGGTGATGCGGGCCGCGTCGGTGTGGCTCGTACGGGAGGTCCTGACCGTGACTGAGCTACTCAGTGCGAGAGGGCCGGCACCCGGCCCTCGTGGCGGCTGATCAAGCCGCCTACCAGGACGGACCGGTCCAGCGAGATCGTTCGCGCGGGTGCCGTGCGAACACATAAGGAGCCCACCGTGACTGCTGCACGCTCCGTTTCCGCCCCCGCGATGCACACGGCCTCGGCCTCGAAGAAGGGGGTCCGCCCCTCGCGTTCCGGTCGCAAGACTTTCATCGTCGACACCTCGGTCCTGCTCTCGGATCCGTGGGCCGTCACCAGGTTCGGCGAACACCAGGTGGTTCTGCCGCTGGTCGTGATCAGTGAATTGGAGGCCAAGCGGCACCACCACGAACTCGGCTGGTTCGCCAGGGAAGCCCTGCGCATGCTCGACGACCTGCGGGTCAACCACGGCAGGCTCGATCAGCCGCTCCCGATCGGCACCGACGGCGGCACTCTTCAGGTGGAGCTCAACCACACCGACCCGTCGGTGCTGCCCGCCGGATTCCGTTCGGAGACCAACGATTCCCGCATCCTGGCCTGCGCGCTGAACTTCGCGGCCGAGGGCGCGGAGGTGGTGCTGGTGTCCAAGGACATCCCGCTGCGGGTCAAGGCGAGCGCGGTCGGCCTGTCCGCCGACGAGTACCACGCCCAGGACGTGGTGACCTCCGGGTGGAGCGGGATGGTCGAACTCGACGTCGCGGGCTCCCAGATCGACCAGCTCTACGCCGATTCGGTGATCGACCTGGACGAGGCGCGGGAACTGCCCTGCCACACCGGGATCCGGCTGCTCGGTAGCAGCTCGAGCGCGCTGGGCCGGGTCACCCCGGACAAGCGGGTGCAGCTGGTGCGCGAGCGGGAGGCCTTCGGCCTGCACGGCCGCTCGGCCGAACAGCGCATCGCGCTCGATCTGCTGCTCGACGAGAGCATCGGCATCGTGTCGATGGGCGGCCGGGCGGGCACCGGTAAGTCGGCGCTCGCGCTGACCGCGGGCCTCGAGGCGGTGCTGGAACGGCGGACACAGCGCAAGGTGGTCGTGTTCCGGCCGCTGTACGCGGTGGGCGGGCAGGAACTGGGCTATCTGCCCGGTTCGGAGAGCGAGAAGATGGGCCCGTGGGCCCAGGCCGTCTTCGACACGCTCGACGGGCTGGCCAGCCGCGAG
NZ_CP089227.1_gap18	699419	700876	1457	CGATGGTGGTCGAGGCGTACTCCATCATCGCCTCCTTGGTGGGGAAGTAATGCTGGACCTGACCTGCGGAGACACCGGCTTCGGTGGCGACGTGGCGCAGGCTGATCGCCTCCAGTCCGTCGCGGGCGAGCAGGCGCATCACCGCGTCGCTGATCGCGGCCCGCCGGGCACTGTGGTCCACGCGTTTCGGCATGGACCCCATCTTTTCACGATGCGATCGTATTGCCATATCGGCTCGCCAGTCTTTACAATGCATTCGTATTGCAAAGGAGGGTGGCATGCGCCCGATCATGCGGCTCGGACTTCGTTTCGTCCGGCTCGAAATCGACATCTGGGTCAGCCTCGCACGGGCGATCACCCGCAGGCCCGACACCCTGGGCGGCACGCCGATCCGCTACGCGGGCGCGGTGTCCGCGGTGATCTGGGCCTTCGTGGTGGTCAGCGCCATCGAGATCCCGGCGGTGCACGTACTCATCCCGTGGGCGCCGGTGCGGCTCGCGGTGCTGGCGCTCGGGGTGTGGGGACTGCTCTGGATGCTCGGCATGCTCGCCGCGCACCACATGTATCCGCATGTGCTGCAAGGAGATCGATTGCGAGTGCGCTACCTGCGCCGGGTCGAATTCGTGATCCCGCTGGACGCGATTCGCGCCGTGCGCCAGGATCTGCGCGCCTACGACGGCTCGAAATCGGTGCGTCTCATCGACACCGACGTCCTCGCAGTGCCGATCGCCGACTCGACGAACGTGCGAGTGGACCTCACCGCACCGCACACTTTCGCCACTCCACAGGGCGCTGTCACCGTACGCACGGTCGTCTTCTGGGCCGACGATCCCCGCGCCGCGATCGCGGCGATTCGCGCGACGCCGGAGCGAACCGGCGCCGCCTGAGAACCGTCAGCCGGGAAGTGGTGCATCCGAGGGGAATCGGCGCACCACGGTGATGGGGCCGACGATGTGGCGGTTGAACTCATCCAGTTCCTCAGCCGGAATCCAGTATTCGAGAATGTCGCGGCCACCGGCCTGTTGCACGTCGTAGCGGTCGAGGAAGTCGGCGCGCACCGCGAACCGGGTCACATAGCCCGCGCCGGAGGCGGGGACGTTCCAGTCGCGTGCGATCAGGACCGCGTACTCCTCGGTGAGGACCGGGTAGAAAATCGGCTGGTCGGGCAGCCGCGCCGGCCACGCCGACCACCCCGACGCGGCGACCAGCGCCAGTTCCTCCGGGCCGGTCGGCCGCCACAGGGTGGTGGTGCGCATGTGTCCTCCTTGTCGAGGAACGCACAGTAGCCGGGCGCTGGGCGCTGAGGCCACCGGTTATCCGGGCGCCGCGTCCGACTCGAAGGCGGTGACGCGCAGCGGTTCGAGGGCGCTCGGGACGGGGTGCCCGATAGGGCCGAGTGAAAGATGGCGGTAGGCAGCCGACGCAGGCGGAGACATTGCCACCGGCCTCCTCTGGCG
NZ_CP089227.1_gap19	713929	717807	3878	CGGCGAGCGCGGTGCCGTCACCCGCCGTGACGCCGGTGTCGATGGCGTAGCGGACCAGCGGTGGGAAGGCCACGCCGATCAGCGCGTCGGCGGTCAGCAGCAGCATGACCGTGGCGACCAGGCCGCGCACCGGGCGCAGCAGCGCGCGCAGGCCGAAGCCGGGTTGGGGCGCGCGCAGGTCGCCGGGCAGGCCGGGCTGTTCGGTGGCCGGGGGCAGCGCGTCGACGGCGGCGCGCAGTTCCGGTGTCTCGCTGAGGTCGGCCGAGGCCGCCGCCATCGACCGGGGTCTGCCGCTCTCGGGCAGATGCTTCGCCGACGTCGGCGCGGTGGGGACGACCGAGCCGACGGGCCCGGGCAGCCGGATGACGCGGTCGGCCTGGGCCAGGGTCGATTCGCGGTGCGCCAGGATCAACGTGGTGCGCCCGCCCGGGTCGGGCAGCCTGCGGAAGATCTCCGCCTCGGTCACCGCGTCGACCGCGGAGGTGGCGTCGTCGAGGACGAGCACGCGCGGGCGGGTGAGCAGCACCCTGGCCAGGGCGACGCGCTGGCGCTGCCCGCCGGACAGGGTCAGCCCGCGTTCGCCGACCACGGTGTCGTAGCCGTCGGGGAGCGCGGTGATGAAGTCGTCCGCGGCGGCCGCCGTCGCGGCGGCCCTGATCTCGGCGTCGGTGGCCTCCGGCCGGCCGAGGGCGATATTGGCGGCGATGGTGTCGGAGAACAGGAAGGGATCGTCGAAGACCACGCCGAGCGCGCCGCGCAGGTCCTCGGCGCGCAGGTCGGCCACGTCCACGCGGGTGCCGTCGGTGCCGACCAGGTTGATCCGGCCCGCGTCGGGCGCGTAGAAACGGGGCAGCAGCAGCGACAGTGTCGACTTGCCCGAGCCGGCGGGCCCGATGACGGCCACTGTCTCGCCCGGCCGCACGGTGAGGTCGAGGTCGTGCAGCACCGGCTGTTCGGCGTCGAAACCGAACCGCACCCCCTCGAATTCGAGGCCGAGCGGGCCCTCTGGCACCGCCGCGGGACGGTCCGGGTCGACCAGCACCGGCGCGGCGTCGATCACCTGGAACACCCGGTCGACGGCGGCCTTGGTGAGCTGGCCCATGATGATCACCGAGGTGATCGTGCGGGCCGCCGAGGTCATCGTGGCCAGGTAGGCGGTGAACGCGAGGAAGGTGCCGACGCCGATCGCGCCGTGCCGGGCCAGCACCCCGCCGACGATGATCACCGCGACCAGCCCGGCCTGCGGCAGCGCCGAGACCACCGGCGCGAACCTGGCGTTGATCCTGGCCGCGCGCAGCCGCTCGGCGAACAGGCGGCGGCTGTGGTCCTCGAGCACGTCGACCATCCGGGCCTCCTGCCCGAAGCCCTTCACCACCCGCACACCGGTGACGGTCTGCTCGACGTGTTCGGCGAGATCGGCGGCCCGCTGCTGGGCCGACCAGGTCGCCGCGTACAGGCGGGGCCGCAGCCGCAGCACCACCACCGCCATGGCGGGCGCCACCAGCAGCGCGGCCAGGGCCAGCGGCGGGCTCAGCCACACCATTACCACCGCCGACAGCACGAATTGCAGCACGGCCAGGCCCGACCACGGCACCATCGCCAGCAGGCCCTGCACGAGTTGCAGGTCGGTGATCGAGCGGGACACCACCTGGCCGGTGCGGATGGCGTCCTGGCCCGCGCCGTCGAGGCGTTGCAGCGCGCCGAGCAGCGAGACCCGCAGGCTGTGCTGCACTTCCAGCGACAGCTTGCCCGCCCAGAGCCTGCGTGCGAAGGTGGCGGCGAACCGGCCCGCCGCGAGCAGCGCGAGCAGGGCGGCGGCGCTGCCGATGACCGCGGTGTCGCCCGCGACCGCGGCGTCGACGGCGCGTTTGGTGGCCAGCGGCGCCGCGATCGAGACGACGGCCCCGGCCAGGACCGCGGCGCCGATGCCGGCGAGCAGGCGGGGATGCCGCAGGCTCAACCGCCACAGTCTGCGGATCCACCCCGGTGTGGTGGTCGCCATCGGGCCTACAGGTCGCGCCGGCGCAGGTCCCACCAGCCCGCGGCACCGATCGCGGTGGTCCAGAGCAACAGCACCACCAGGGCGGCGGGCGTCGGCGCGAACACCTCGGCGTCGGCGAAGGAACCGGCGCTGACCCCGGCGACGGTCGCCGAGACGGGCAGGATGGCGGCGAAGCCACCGGCGCCGAATCCCTTGGCCACCATCCAGATCAGCGGTTCGAGCACGAACGCCCAGCCCAGCACCAGCCACACCGCGCCGCTCACGGTGCGCAGCAGCAGGCCGATGCCCGCTCCCAGCACCGCCCAGCACATCGCCACCAGCAGTCCGGCGCCGAGCACCTCGAACAGCCGCCAGCCGAATTCGGCCTTGCCGCGCGCGGCGGCCAGCAGCGCCACCACGCTCACCACTTCGGCGGCCAGCGCCACCAGGAAGGCGAACGCGGCGGTGGTCGCGTACTTCGCGGTGACCAGCCGGTCGCGATCCGGCGCGAACAGCACGGTCAGCGCCATGGTCCGCTGCCGGTACTCGCCGCCGGTCGCGGCGATGCCGAGCAGCGCGGCCACGACCGTCACCGCGGCCGAGCCGAGATAGAGCCCGATGGTCGCGGCGCCGGTGACCGGCTGGCCGTCCGGATCCGCCGGACCCGCCATGACGGCGGTGATCAGCGTGGCGACCAGCGCCAGCGCGACGGGGGCGGCCAGTAGCAGCCGGGTCGGGCGCAGGGCCAGCACCTTGCGTGCCTCGGACTCGATGCCGGGAACGAGATCGGCGGGCAGCACAGTGGTCATCGTGGCATCCCATACGAGGTCGGCGCCGGGGCGAAGGTGGCCGCACCCGCGGGCGGCGCGGGCACGGCGGGCCGGTGGCCGCGGGGCTTGGTAAGCGAGGCCAGCACCCGATCGGGATGGATCGGATCGGCGACGATGCTGCCGATGCGCACCTGCGCGGTCTCGGCGACCGCGCGGATGGTGGCCTCGTCGGCCTCGGCGACGGCCAGGCGGCCGTCGGGACGCATCACCGCGTCGGTGAAACCGCGCGCGGCCAGCGCGGTGGCCAGCGCGATCGAGGGCGAGGCGGCCACGACGAGCCGGTCCGGATGACCGCGCCGCAACCGCGCGGGCGTGCCCTGCCAGACGACCGCGCCCTCGCTCAGCACGACCAGCTGATCGGCGGTGGCCACCACATCGGCGAGCTTGTCCGAACTCAGCAGCACGGTGCCGCCACGGCCGACGTGCCCGCGCAGTACCTCGTGCAGCCAGCCGCGGTCGAGGCCCTCGGCACCGGCGAACGGATCGTCGAGCACGAGCAGCGGGGGATCGGCCAGCAGCGCGGTGCCCAGCGCCAGCCGGGTCTGTTGACCCGGATGCAGCTGGGCCACAACGGTATCGGTGACAGCGGCCAGCCCGGTGTCCGCGAGGACCGCCTCGACCCGCCGCCGCGACACCCCGGCGACCGGGGCATAACAGCGCAGGTGCTCGCGGACCGTGCGTCCCGGATGCAGCCCCCGCGGGTTGAGCACCGCGCCGACGCTGCCCGGACCCGTGCCCGGCAGCCCGTGCTCGACGGTGCCGGTGGTCGGCTGCTGCAGACCGAGGACGATCCGCAGCACGGTCGACTTGCCTGCACCCGCCGGGCCCACCAGCGCGGTCACCGAGCCGGTCGGCACCGCGAACGCGATGTCGTGCACGGCGCCGACGAGCTCGTACTGCTTGCCGACACCGCGCAACCGCACGGCGTCGCCGTGGGCGCGGCTCACTGCGTCTTCGCCGACGGCGAGTCGATGGCGGGGAGCGGGTCGGCGTCGATCACCGGGTGCAGCGGGCTCGGCCAGAACGCGGGCGCGGGCCCGAAAGCCTTGCGCGCGTTGTCGATCGTC
NZ_CP089227.1_gap20	841141	845708	4567	ACCCGGCCTGCCTGACCCCGGTCGCGGGCTCGGCGAAGATGGGCGGTGACCCGGTCCAGCTCGACACCTCGTCCTCGGACTGGGTGCGTGCCGAGTTCGGCATCACCAAGTACCCGGTGTACCCGAACATCGAGCCCAAGTCGCAGACCTTCGAGGTGCAGTACAAGGTGGGCGTGAACTGCGCCCGCGACACCCCGCTGCCGACCTCCATGCACTACGGCGGCTCCCTGGGCGACGGCACCTATCAGGGCAAGGGCCCGGCCATCACGGTGTCCAGCGACGCGGTGTCGAGCACGGTCATCACCGACGTCTCCGGTGCCCAGGTGGGCAAGGCCGTCACACTCGAGGCCAGCGTCTCGCCCGCGGCGGCGGGCGGCACCGTCCAGTTCAAGGCGGGCGACAACGTCCTGGGCGACATCCCGGTCGGCGCGAACGGCAAGGCCTCGATCGTGTGGACCCCGGGCGCGCCCGGCGCCTACACCATCGGCGCGACCTTCTCCGGGCGCAGCGGCGTGGCCAGTTCCTCGACCACCAAGGTGGTCACCGTGGCCGACGTGCCGACCGATCCCGGCCCGGGTGACGGCGGCGGCACCGGCACCGGATCCTTCGGGTTCTGAGCACCCTCCCCGGCACGGAATCGGTTGCTACCAGGTCTCGTTGGAGATCAGCGCGGTCAGCAGCTGACGAATCGCGGCGACCCGCCGTTCCGTGCCGGGGAGCTGGTCCAGCGCGCACTCCGGATCGGCGGGCGGCCCCAGGTGGGTGCAGCCACGCGGGCAGTCCTCGATGGCGTCGGCGAGGTCGGTGAACGCGGCGATCACGTCGTCGGAGGTGATGTGCGCCAGCCCGAAGGACCGCACGCCCGGTGTGTCGATCACCCAGCCACCGCCGGGCAGCGGCAGCGCCACCGACTGGGTGGAGGTGTGCTTGCCCTTGCCCACCCCGGACACCTCGCCCACGGCCCGATACGCGTCGGGCACAAGACGATTCACCATCGTCGACTTGCCGACGCCGGAATGGCCGATGAGGGCGGTGAGCCGGTCGTCGAGCAACTCCAGCACCGGCTCGATCGGGTCGTCGATCCCCGCGTAGCGGATCTTCAGATCCAGACCCTCGAAGGCGGAAGCGAATTCGGATTCCGCCACCAGATCGCGCTTGGTGAGCACCAGGATCGGTTCCAGCCCGCCTGCATACGCGGCCACCATGGCCCGCTCGACGAAGCCGGTGCGCGGCGGCGGATCCGCCAGCGCAACCACGATGAACAACTGCTCGGCATTGGCCACCACGATCCGTTCGAACGGATCGGTGTCGTCGGCGGTACGCCGCAGCACGGTGCCGCGCTCGGCGACGCGCACGATCCGGGCCAGGGTGTCGGGCTTGCCGGTCAGATCGCCGACGACGTCGACCTGGTCGCCGACCACGATCGGGGTGCGGCCCAGTTCCCTGGCCCGCATGGCCACGATGCGGCGGTCGGCGTCACCGTCGAGGACACACCCCCAGCGCCCGCGGTCCACCGAGACCACCATCGCGGGCTCGGCGTCGCTGTGCTGGGGACGCGTCTTGGTGCGCGGTCGCGAGGCCCGGCCGGGACGAACCCGCACATCGGTCTCGTCGTAGCTGGCTGCGGTGCGGCCGCGGCGGCTCAGCGCACCGCTCCCTCACCCGATAAGGCGGGAGCCAGCATCTGCTCCCACAGCGCGACGAAGGTCGGCAGCGTCTTGGCGGTGGTGCCGATGTCCTCGATCTCCACGCCGGGCACCCGCAGGCCCAGGATGGCGCCCGCGGTGGCCATCCGGTGGTCGGCGTAGGAGTGCCACTGCCCGCCCTTCAGCGGGGCGGGATTGATCACCAGGCCGTCCTCGGTCTCGGTGACATCGCCGCCGAGCCGGTTGATCTCGGTCGACAGCGCGGCCAGCCGGTCGGTCTCGTGACCGCGCAGGTGCGCGATGCCGCGCAGGTGCGAGGGCGAGTCGGCCAGGGCGGCCAGCGCGGCGACGGTGGGGGTGAGTTCGCCGACGTCGTGCAGGTCGATATCGATGCCGGCCAGGCTCGCCGGGCCGCGCACGGTGAGCACACCGTCGAAGATGCGCGCCTCGGCGCCCATCCGCACCAGGATCTCGCGGATCACGTCGCCGGGCTGGGTGGTGCCGCGCGGCCACATCGGAATGCTCACCTCGCCGCCGGTGACGGCGGCCGCCGCCAGGAACGGGGTGGCGTTGGACAGATCGGGCTCGATCTCCCAGTCGACCGCGCGGATCGGGCCCGGCTCCACGGTCCAGGTCTGCGCGCTGCGCGAGTCGGCGGGGGTGTGCACCACCACGTCGGCGCGGCGCAGCATCTCCACCGTCATCTCGATGTGCGGCATGGACGGCAGCTGCTTGCCGTCGTGGTGGACGGTGATGCCCTCGTCGAAGCGGGCCGCCGAGAGCAGCAGCCCGGAGACGAACTGCGAGGAGCCGGAGGCATCGATGGTGACGGTGCCGCCGCGCAGCCTGCCGGTGCCGTGCACGACGAACGGCAGGGCGTCGCCGTCGACGTCGAGACCGAGCGCGCGCAGCGCGTCCAGGATGGTGGTCAGCGGGCGGGACTTGGCCTGCTCGTCACCGAAGAAGGCCACATCGCCGGTGGCCAGGGCGGCCGCCGGCGGCAGGAACCGCATGATGGTGCCCGCCAGCCCGCAGTCGACGGCGGAACTGCGCAGCGGCGCCGGGGTGACCTCGAGCGTCTCGGCGTCGCCGAGGATCTCGGTACCCAGGCCCTGCAGCGCCTTGATCATCAGGTCGGTGTCGCGGCTGCGCAGCGCACCGGTGAGGGTGGACGGGCCATCGGCCAGTGCGGCCAGGATGAGCGCGCGATTGGTGATGGATTTCGAACCGGGCAGGGTCACGGTCGCGTGGACGGGGACCTCGATATGGGGCGCTGGCCAGAAACTCACCCGCCCATCTTCGCGCATGTGCGGTCCGGACACACGGCTGGTGTGGAATTCGACCGCGTCGCGTCGCCTCCGGGTGTCGGACTCCGATGAGACGATGGCCCTATGTGCGGACGATATGCGACGACCACGAATCCGGGTCGGCTGGCGGCCGAACTCGACGCGATCGACGAAACCGATCTCGACACCGACCAGCAGGACGCGGCGGTGAGCTACAACGTGGCGCCCACCAGTCAGGTGCTGACCGTGGTGGAACGGCACGAGCACGGTGAGCCCGAGGACGACCCGAAGCTGCGGGTGCGCCGCATGCGCTGGGGCCTGATCCCGTCCTGGACCAAGGCGGGCGAGCCGGGCGTGCCCGCCAAGGGCAAGCCGCTGTTCAACGCCCGCGCCGACAAGGCGATCACCGCGCCCTCGTTCCGCGACTCGGCCAAGCACAAGCGCTGCCTGGTCCCGATGGACGGCTGGTACGAGTGGCTGGTGGAATCGGCGCCGACCGCCAAGGGCAAGGCCGTCAAGCAGCCGTATTACATGGCGCACGCCGACGGTTCCCGGCTGTACATGGCCGGGCTGTGGTCGGTCTGGCGCGACCGCGAGGCGCCCGATTCCGCGCCGCTGCTGTCGTGCACGATCCTGACCACCGACGCGATCGGCGACCTCGCGCGCATCCACGACCGGATGCCGCTGCCGATGCCGCGTGAGCACTGGGACGCGTGGCTCGACCCCGATCATCCGGCGCCGGCCGAGCTGCTCACCGGCGCCTCGCCCGAGGAGGTGTCGTCGATCGTGGCGCGGCCGGTGTCGACATTGGTCAACAGCGTGCGCAACAACGGCCCGGAACTGCTCGCCACGGCTGACACAGCGGGCGAACCGGGGTTGTTCTGACGCGACGGGCCGGATCAGCGGTCGCTGATCCGGCCCGTCGCGGGTACGTCAGAGCTTGCAGGGCACCGCATCGGTGGCGATGTTCAAACCACACTTGAGGATGCCGGTGGCCAGGTCGATCAATTCACTGGCGACACCGCCGCCGAGCTTCTCCGCCTTCTCAGCCTTTTCGTCCTTCTCCGGCGCGGCCTGCGGCGAGTTCTTCGGCGTGCCCTGGCCGTTGAGCGGGTAGTCGCCCGGGTCGGTGGGCGCCGAGGGCGCGACGGGTGGGATGGCGGTGGCCGGCGCGGCGAAGGCGACAGCGCCGAAGGTCAGGACAAGAGCACCGGACAGGGTGGCGATCGTCGAACGAGCGGACATTTCTCGCATCACATCCTCGGGTCGAATCGGTCGTACCGGGCGCGGAATGCGTCGTTGTGGATTCGGAACCAGACCGGGATCGGATGGCTATCCGCGCGCCTGGGCTGTGATCTCCGCCGTGACCGCGCCCGTCGCGCGGACCAGATCGGCCGGGGCGAGCTCGATCTCGAGCCCCCGTCTGCCCGCGCTGCACAGCACCCGGTCCCACGTCAGCGCCGAGGCGTCGACGACCGTCGCGAGCTTCTTGCGCTGTCCCAGCGGCGACACGCCACCCAGCACATAGCCGGTGGTGCGCTCGGCCTTGGTCTTGTCGGCCATCCCCGCCTTCGGCGCGCCCAGCGCCGCGGCCGCCGCTTTCAGCGACAACTTGGCCGGTACCGGCAGCACCGC
NZ_CP089227.1_gap21	878200	881655	3455	TCCTTCGGCGACGCGCACGGCACCACCGAGGGCGCGCTGTCGGTCGTGCTGCACGACGCGGCCAAGGGCACCTACGCCAAGCTGGTCGTCTCCGACGACGCGCAGACCCTGCTCGGCGGCATCCTGGTCGGTGACGCCAGCCAGTACGCGGCGCTGCGCCCGCTGGTCGGCCGTCCGCTGCCCGCCGACGCCGCCGCGCTGATCTCGCCCGCCGGCGCCGAGCTGGGCGCCGACGCGCTGCCCGACGACGCCCAGATCTGCTCCTGCAACAACGTCAGCAAGGGCTCGATCTGCGGCGCGATCGCCGAGGGCGCCTGCGACATCCCGGCCATCAAGAGCTGCACCAACGCGGGTACCTCCTGCGGTGGCTGTGTGCCGATGATCAAGAAGCTGCTCGAGCAGTCGGGCGTGGAGATGTCCAAGGCGCTGTGTGAGCACTTCACCCAGTCGCGCGCCGAGCTGTTCCAGGTCGTGCAGGTCACCGGCATCCGTACCTTCTCGGAGCTGATCGCCAAGCACGGCAAGGGCACCGGCTGCGACATCTGCAAGCCGACCGTCGCCTCCATCCTGGCCTCCACCTCGAGCGATCACATCCTCGAGGGCGAGCAGGCCGCGCTGCAGGACACCAACGACCACTTCCTGGCCAACCTGCAGAAGAACGGCACCTACTCGGTGGTGCCGCGGATGCCCGGTGGCGAGGTCACCGCCGAGCAGCTGATCGTGATCGGCGAGGTCGCCAAGGAGTTCGGCCTCTACGTCAAGGTCACCGGTGGTCAGCGCATCGACCTGTTCGGCGCCACCGTGGACCAGCTGCCGCCGATCTGGCAGCGCCTGGTCGACGCGGGCATGGAGTCCGGCCACGCGTACGGCAAGTCGCTGCGCACCGTCAAGAGCTGCGTCGGTTCCACCTGGTGCCGCTACGGCCAGCAGGACTCGGTCGGCATGGCCGTGCTGCTGGAGAAGCGCTACCGCGGGCTGCGCTCGCCGCACAAGCTCAAGCTGGCCGTGTCGGGTTGCGCGCGCGAATGCGCCGAGGCCCGCGGCAAGGACGTCGGCGTGATCGCCACCGAGAACGGCTGGAACCTCTACGTCGGCGGCAACGGCGGTCTGACCCCCAAGCACGCCGTGCTGCTGGCCGGCGAGCTCGACGACGAGACGCTGATCAAGTACATCGACCGCTACCTGATGTTCTACATCCGCACCGCCGACCGCCTGCAGCGCACCGCGCCGTGGCAGGAGGCCCTGGAGGGTGGCATGGACTACCTCAAGGGCGTCGTCTGCGACGACAGCCTGGGCATCGCCGCCGACCTGGAGGCCGCCATGGCCAAGCACGTCGACGGTTACAAGGACGAGTGGGCCGCGGTGCTCGAGGACGAGAACAAGCTGTCCCGGTTCGTCTCCTTCGTCAATGCCCCTGACGAGACCGACCCCACGATCTCGTTCGACGACAGCGGTGAGCGCAAGGTTCCCGTGCTCCTGGGTCTGCCCGGCATGCCTGTCGGTGTTGGCTCGGACACAGCACCGGCCGGGAAATAAACGCTTAACCCTGCGGAAACAGGGCGCCTGTACCAATAGGTAAGGCGTTCGGAGGAGGAACCGATGACCGTTATCGACACACCCACCATCACCACGGAGACGGCGACCTGGACCCAGGCGTGCCGGCTCGACTTCCTGATCCCGGGCCGCGGCGTCGCAGTCCTGCTGAAGGGTGGCAGGCAGGCCGCACTGTTCCTGCTCACGGACGGCACGCTCGCCGCCGTCGGCAACATCGATCCGTTCGGCCGGGCCGCGGTGATGTCGCGCGGCATCGTCGGCGATCGCGGCGGCGTCCCCGTCGTCGCCTCGCCGCTGCTCAAGCAGGCCTTCTCGCTGATCGACGGCCGCTGTCTCGACGACGACACGCACTCCATCCCGGTGTACGCCGTGCGGCTCGACGGTGGCGTCGTGGCGGTATCCAACGAGCCGGTGCCGGTCGCGGGCCTCGAATCCTCGGACGGCTGAGTACATGACTGGACCTACCGACAGCGGCAACGGCCTTGCCGGTTTCACCATCGGTGTCACCGCGGCGCGCCGCGCCGAGGAATTCGGCACCCTCCTCACCCGCAAGGGCGCGACCGTGGTGTCCGCCCCGGCCATCCGGATCATCCCGCTGGCCGACGACACCGAACTCGAGCGCGTCACCGAGCTGCTGATCGCCGATCCGCCGCAGATCACCGTGGCCACCACCGGCATCGGCTTCCGCGGCTGGATGGAGGCGGCCGAGGGCTGGGGCCTGGCCGAGACGCTGCGCGACACCCTCGCCGCGACCCGGATGCTGGCCCGCGGCCCCAAGGCCAAGGGCGCCATCCGCGCCGCCGAACTGCGCGAGGAATGGTCGCCCGCCTCGGAGTCCTCGGCCGAGGTGCTCGACCACCTGCTCGCCGAGGGCGTCGAAGGGGTGCGGATCGCGGTGCAGCTGCACGGCGCGACCACCGAGTGGGAGCCGGTTCCGGACTTCTGCGAGGTGCTGCGCTGCGCCGGCGCCGACGTGGTGCCGGTGCCGGTGTACCGGTGGGAGCCGCCGGCCGATCGCGGCCCGATGGACAACATGATCGAGTCGATCATCTCCGGCAGCCTGGACTGCGTCACCTTCACCAGCGCGCCCGCCGTGGCCTCGCTGCTGATGCGGGCCAAGGAGACCGGGCTGCTCGAGTCGGTGCTGCACGCGCTGCGCGGCCGGGTGCTCGCGGCCTGCGTCGGCCCGATCACCGCGGCGCCGCTGGAGGAACTCGGCGTGCCGACCACCATGCCGGGCCGTGCGCGCCTCGGTGCGCTGGCCCGCCACGTCGCCGAGGAACTGCCGCGCCGGGCCAGCCGCATCTACGCGGCCGGTCATCTGATCAGCGTGCGCGGTGGCTGTGTCGTCGTCGACGGTGAGGTACGTCAGCTGGCGCCCGCGCCGATGGCGCTGATGCGCTCGCTCGCCCGTCAGCCCGGCCGGGTCGTCTCCCGCGAGGACCTGCTCTCGGCGCTGCCCGGCGGCGGCGACGACACCCACGCCGTGGAGACCGCCATCGCCCGTCTGCGGGCCGGCCTCGGTACCCCCAAGGCCATCCAGACCGTCGTCAAGCGGGGCTACCGCCTCGCGCTCGACGCCGCCGACTGCGCCGACCCGCCGGTGGGCCGTCCGCCGGTGCAGTCGCCGCATCAGGCCGGGATCGGCACGCCGGCCCGGTCGCCGCGTCCGGCGCACGCGATCGGGGCGTGGTGAGTACCGCGCGGCCGGGTGAGCCGGCCCTGGTGCTCGTCGCGCACGGCACCCGGAGCGCGCGCGGCGTGGAGATGATCGCCGCGCTCGCCGACGCGGTGGCCACCGAACTCGGTGCCGCGGTGTCGGTGCGCGCGGAAGGCGCCGAAGCCGCGGCGGCGGCGCCCAATCCGGCGCTGCGCACCGCCTTCGTCGACGTGCTCGGCCC
NZ_CP089227.1_gap22	906092	907067	975	GGCGTTGCAGCGAGGCGCGCACCGGCCCGATCTCCCCGGCGGTGAACAGCTCCGCCAGGTATTCGATCGGGATGCGCAGCGCGTCGATGGCGCCGAACAGGTTGCCCGCGTCCTCACCGTCGTGACCGGTCTCGCTGAGCACGTCCACCACCGGCGACAGCGGCGGCACGTACCAGACCATCGGCATGGTGCGGTATTCCGGATGCAGCGGCAGCGCCAGCTGGTAGTCCACGATCAGCTTGTAGACCGGCGAATCCTGCGCGGCCTGAATCCATTCCGGCGAGATGCCGGCCTTCTCGGCCTCGGCGATGACTCGCGGGTCGTGCGGGTTGAGGAACACGCCGAGCTGCGAGGGGTACAGGTCCTTGTCGTCGGTCACCGACGCCGCCTCGAGCACCGCGTCGGCGTCGTAGAGCATCACGCCGATGTAGCGCAGCCGCCCGACGCAGGTCTCCGAGCACACGGTCGGGATGCCGACCTCCACGCGCGGGTAGCAGAAGGTGCACTTCTCCGCTTTGCCCGTCTTGTGGTTGAAGTAGATCTTCTTGTACGGGCAGCCGGTGATGCACTGGCGCCAGCCTCGGCACTTGTCCTGGTCGACCAGGACGATGCCGTCCTCCTCGCGCTTGTAGATCGCGCCCGAGGGGCACGACGCGGCGCACGAGGGGTTCAGGCAGTGCTCGCAGATGCGCGGCAGGTAGAACATGAAGGTCTCTTCGAACTCCAGTTTCACCTTGTCCTCGAGCTTGCCGAGCAAGGGGTCCTTGCCGACCGCTTCGGGACCGGAGCCCAGGTCGTCGTCCCAGTTGGCGCCCCAGGTGACCTTGGTGTCCTCACCGGTGATCAGCGACTTCGGCCGCGCGACCGGGGTGGTGTCGGTGGGCGGGGAGGCCAGCAGGTTGTCGTAGTCGTAGCTCCACGGTTCGTAGTAGTCCTCGACCGTGGGCAGGTCCGGGTTGGCGAAGATGTTCATCA
NZ_CP089227.1_gap23	908113	912527	4414	GGTGCGCCGTTCCAGCTCGTGGAAACCCTCGACCGCGAGGCGGCCGTTGGTGGTGCCCGACAACGCCAGGATGGTCTCGGCGGCGAAGGTGTCCTTGGCCAGCGAGGGCCGCCCGGCGGCGACGCCGGAGATCACGGTGCCGTTCTTGCCCGCGAGGTAGGCCACCTCTTTGTCCGGATAGGTGGTGATGCCCTTGGTGGTCACGCCCAGGGTGTCGACCAGCGGGCCCAGCGCGGCCAGCTTCTCCGCGATCTTGGTGTAGTCGCGCTCGATCTCCACGATCTTGGGCATGGTCTTGCCCGGGATCGGCTCGCACTCACCGGCTTTCCAGTCCAGCACCTTGCCGCCGGCCTGGGCCAGCGCGTCGGGGGAGTCGTGCTGCAACGGCACCGCGACGATGTCCTTGCGGGTCCCGAGGTGCTTCTCGGCCAGCCAGGAGAACCCGCGCGCGATCCGGTGGAACGCGTCGAAGTCGGTCTTGGCCTCCCACGGCGGGGAGATGGCCGGGGAGAACGCGTGCACGAACGGGTGCATGTCGGTGGAGGACAGGTCGTGCTTCTCGTACCAGGTGGCGGCGGGCAGCACGATGTCGGCGAACAGCGTGGTGCTGGTCATGCGGAAGTCCAGCGCCAGCAACAGATCCAGCTTGCCCTCGGCGCCTTCCTCGCGCCATTCCAGTTCCTGCGGGCGCACGCCGGTGGCGTCGGTGGTCTGCAAGTTGGAGCCGCAGCCGAGCAGGTGCTTCTGGAAGTACTCGTTGCCCTTACCCGAGGAACCGAGCAGGTTGGCTCGCCACACCGTGAGCACGCGCGGGAAGTTCTCCGGGGCGTCGGGGTCCTCGCACGCGAACCGCATCTCGCCCGATTTGAGCTGGGCGACAACGTGTTCGGCCGGCGTCACGCCGGCGGCCGCGGCCTCGTCGCTCAGGTCGAGCGGATTGCGGTTGAAGGTCGGGTAGCTCGGCATCCAGCCGAGACGACTCGCCAGGGCGATGTTGTCGGCGGCGGTGCGCCCGGCGAACTTGCCCTTGCCCAGCGGCGAGGCGAACGCGTCGGAGGTGAAGGGGTCGTAGCGCCACTGGTCGTTGGTCAGGTACCAGAACACGGTGCCCTGCATCTGCCGCGGCGGGCGCTGCCAGTCCGACGCCGAAGCCAACGTGGCCCAGCCGGTGACGGGACGGCACTTCTCCTGGCCGACGTAATGGGCCCAGCCGCCGCCGTTCTTGCCCTGGCAGCCGGTGAGCAGCGTCAGGGTGAAGAAGGCGCGGTAGATCTGGTCGGAGTGGAACCAGTGGTTGGTGCCCGCGCCCATCAGGATCATCGAGCGACCGCCGGAACGTTCGGCGTTGTCGGCGAATTCGCGGCCGATGCGCGCGGCCTGCACGGCGGGTACGCCGGTGATGCGTTCCTGCCAGGCCGGGGTGTAGGGCGAGTCGGCGTCGTCGTAGCCCGTGGCCCACTCGCCGGGCAGGCCGTCACGGCCCAGGCCGTACTGCGCGAGCAGCAGGTCGAAGACGGTGGTGACCCGCTTGCCCGCGACGATCTTCGTCGGCACACCGCGGCGGATGGTCTCGGCCGAGTCGGTGTCGAAGCGCGGCAGCGCGATCTCGGCGGGGGCGTCGCCGGAGTGGCCGAGCAGGGTGAGCAGCGGGTCGACGCCCTCGAGATCGAGGTTCCACTTGCCCGCGCCCTCGGGGCCGAAGCGATGCCCCAGCGAGCCGTTGGGCACGACCGGGTTACCGGCCTGATCGAGCAGCACCGGCTTGTGCTCGGCGCCCTCGCCGGTCTGGCCGAGGTCGGCCGCGGTGAGGAACTTGCCCGGCAGGGCGCCGCCCTGATCCGCCGCCTCGTCGAGACAGATCAGGTACGGCAGGTCGGTGTAGGACTTGATGTAGTCCAGGAACATCGGAGTCTGCTTCTCGAGGAAGAACTCCTTGAGCACCACGTGGCCCATGGCCATCGCCAGCGCGGCGTCGGTACCGGGGCGCGCGGCGACCCACTCGTCGGCGAACTTGGTGTTGTCGGCGTAGTCGGGGGAGACCACCACGACCTTCTGGCCGCGGTAGCGCGCCTCGGTCATGTAGTGCGCGTCGGGCGTGCGGGTCACCGGGACGTTGGAGCCCCACATGATCAGGTAGCCCGCGTCGAACCAGTCGGCCGACTCCGGCACGTCGGTCTGGTCACCGAAGACCTGCGGCGAGGCCACCGGCAGGTCGGCGTACCAGTCGTAGAAGGAGAGCATGTAGCCACCGAGCAGCGACACGAACCGCGCGCCGGTGGCATGGCTGACCATCGACATCGCCGGGATCGGCGAGAAGCCGGCCACCCGGTCGGGTCCGTACTGCTTGATCGTGTACACGTGCGCGGCCGCGGCGATCTCGGCGGCCTCCCACCACTCGGCACGGACGAAGCCGCCCTTGCCGCGCGCGGTCTTGTAGGCCTTGGCCTTGACCGGGTCCTCGACGATCGACTCCCAGGCCAGCACCGGATCCTTGAGCTCGGCCTTGGCCTTGCGGTACAGATCCAGCAGGGTGCCGCGGACATAGGGGTATCGCACACGGGCGGGGGAGTAGGTGTACCAGGAGAACGACGCGCCACGCGGGCAGCCGCGGGGCTCGTACTCCGGCTTGTCCGAACCCACCGACGGGTAGTCGGTCTGCTGGGACTCCCAGGTGATCACGCCGTCCTTGACGTAGATCTTCCACGAGCACGAGCCGGTGCAGTTCACGCCGTGCGTGGAGCGCACCACCTTGTCGTGCGACCAGCGGTCCCGGTAGAACGCGTCGGCATCGCGCCCGCCGACCTTGTACACCGAACGGCTGTCCGGGGACACCTCACCGCGCTGGAAGTATTTTCCGAGGTTCAGCAACGTGTCGCCGATATCGGTGGGCGACGGACCATGAGTGCGCGAATTAACCACGACGCCCCCTTCGAGCTGTGCTTTCGGGCTGTTAGGTGGCAACTGTAAAGAGGCCGGGTGCTCCGGCAAAACGAACTTTTCACATCCCCGTTCGGCCGTCGGTGAGGTGTGAGGTCGGCGAAATGTTGCGGTCACGGGGCCGGGACCCGGCCGGAACGGCGATCCGGGGCTCACCTGGGTGAACGGGGCGCGATCTGGTCGAATGCGGTCGCCGGGGAGCTGGTTTCCTGGGCCGCGGTGATGCTTCCGAAACGCTCGGTTCTCGGGCGGTTTACATTTGTTTACACACCCGGTCGGCCCGCTGAACAGGGCGGATGTGACGGCCCACACAGTGCGACGTGACTCGGCATGCGTAATCCGGTGCGGTCGACGAACCGGTGCCGGACCTCTCTGTGACCGCGCTGGACTGCGTCGGGACCGGGAGTCCCGCGTGCGATGGACGGTTCGGTGCCCAGCGGAGTGGAACGGCCTCGACGACTCCCGGGTCGGCGCTTCGCCGGGCCGGATGATCGTCGACGGCATCGGCCGGGCGAGCGGGCCGTGGGGCTGCCCGGATCGGCCGGATCACCGTGCGGCGGGAAAGTCTAGAGCACTACCCGACGGAAAGATTTGGAATCCTTTTAATTCGGCTCACTACAGAGGTTTTCGTGACCGCGCACACAGTTGCCCACCGGTAACTGTCCAATAGACAACGCGTCAATATAAAGAAACGGCAACTTTTCCGTTCGGCGATTGGTTCGAGGTTGAAACGTCATCGAGGATGGGGCGGTGCAGACAGGGAGGGTTGCGGTGCTACCGAAGTCATCGTCCGACGGACCAGGAGGTCCGCCGAAGCCGCCGACACTCGGCGGATTGCTGCGGCGACTGCGCGATGATCGGCGGATTTCCCGGGAAAAACTGGCCTTCGCGGCCGGTGTCAGCTCGAGTTACATCACCCATCTGGAGAGCGGTGACCGGGACCGTCCCACGCAGGCCGTGATCGAGGCGCTGGTGCGTTATCTCGACCGGATCGCGCCGGTCAGCGATATCGAGCGCAGGCACCTGTGGGACCTGGCCGGCCTGGCCCCGGTGGACAATCCGTCGGTCGAGGACCTGCGCGCCGAGATCAACGACGAGATGCGCCGCGCGCTGTCGCTGCAGGCGCCGAATCTGGCCGCCTACGTCGACACCCGCTGGAATGTGCTGGCCGGCAACGACGCCTATCACCACGCGTTTCCCGGACTGGTCGAGGATGTCAACATCCTGCGCTGGTTCTTCGGCAACCCGCTCTCGCGCAAGGTGATGGTGGAGTGGGAGAAGGAATCGACGCTGACCGTGCACTGGCTGCGCGGTCTGATCGGCCAGCAGGGCGGCGCCGACTGGGCTGCCGAACTGCTCGACGAGCTCGCGCAGTATCCCGACTTCCGGCGGATCTGGGACGACGGCGACACCGTGTACGGCCGTGAGCACACCGCCATGCGGCTGTGCGACCTGCACACCGGCGAGTACTACACCG
NZ_CP089227.1_gap24	929321	931894	2573	TCGATGTGCTGGAGGATCGTGGCGTCGAGGGCGCGATCCCCGCCGACAGCCGTCTGCGAGAACTTCTGCTCCAAGATCCTGCTTGTGTTGAACGAGCCGAACCCTGAAATGCGTTCTACGCGACGAATCTGGACCAGGATCGCATCCAGCGCTGCAAGGTGGTCGTCGCAGACCCGTGCAAGGTCCCGGCCAACCTCAGCGTTGAGCGACAGCTGTCCAGTTTCGGCCTGGCCTTTCAACGCCATCCACTCTGTGGGGTCGATATACGCAGCCATGGACCCGCCTCACTTGCTGGGCAGGTAGGGCTCGAATGCCTCACTCAGGCGCTGGACCTCTGCGCACGGATCACCAGCAGTCTTCACACTCGCCCGATTCTGGACATCGAATTCGACCAGACCGGTACCGACCTCGATGCTGAAATAGCAGGCCAGGTCGTGGGAAGCTCCGATCGGCCTGGATACCAATGCGCGATGCGTCCCGAGAGTGGTCTCGGCGAAGCTGGTGTAGTCCGTCCGTGCCCTTGCATCTGCCAACGTGTGGGTCGTGGAAGCTGCTGTCAAGGTGTAGGTCTTGCCCGAGTCTTGCCAGCCGCACACCTTCCACCCCTCGAACGCCACCCCCGCGACATCCTTTTCCTTGGTGGAGGTGTTCAACCCGGCCGCGGATATCGCCGAGTCGGGCAGCGTACACGGATCCCACAGCCCGGCCGAAGGATCGGCACTCGTGGTGGCCACGGTGGTCCCGCTGCTGGTCGGCGCGGTCTGCACCGGTTCGGGATCGCTACACCCGCCGGCTACTCCGACCATCGTGACAGCGAGTACCGCCGCCCGCCAAGCCCGCATGATGCCTCCCCCTACGTGTCCGACTCCCCGCCGCAGGGAACGCCTGCCGCGAACTCCGCCTGTGACTCTACCGGATCGCGTCCGGCGCTGTTTCTGCTGGTAGCGGCACATATGCGCACTAGGAATGACAGTTGAGAGGGACTCGCGACGCTGTCGCTGCGCCACTGGTGGGCGAACACTGACTGACCGAAATCCGCGCGTTCGAACGCTTTGTTGAATGTCTGCGATGTCATCGATAGGTCATTGCTCACCGCCGAGTCGATATGGCTGACGGTCAAGGTTCCCCCAGGTTCAAGCAGGCGGCAGGTAGGAAACGAAGGCCTCACTGAGGCGCCGTGCCTCGGTGCACGGGTCGCCTGCGTTCTTGGCGCTCACGCGATTGCCGACGCTGAAATCGACGATCCCGCCGGGAACCTCGATGGTGAGGTAGCAAGCGAGATCGTTCGCCGCGCCCACCGGGCGAGATTGCAGTGCCTTGTGCGAGCCGATCGTCGTGTCGACGTGGCCGGTGTAGTCGGTCCGGTTGCGCGCTTCGCCGATGGTGTGGTTACCGGAGGCAGCCGTGAATGTGTAGGTCTTCTTGGCATCCTGCCATTTGCACAGCTTCCACCCCTCGAACGCCACCCCCGCGACGTCCTTCTCCTTGGTCGAGGTGTTCAACCCGGCCGCCGACAATGCCGAATCGGGCAGCGTGCACGGATCCCACAGCCCGGCAGCGGGATCCGCATTGGTCGGCGCCGCCGCGGTGGTACTACTCGGCTGCGCGGTGGCCGGCTCGGTGTCCCCGCACCCGGCGATCACCCCACCGACCACAACCGCGAGACCGGGTACGACCGTCCGCCAAGCCCGCATGATGCTCCCCCTACATGTCCAACTTCCCGCCGCAGGGAACGCCTGCCGCGAACTCCGCTTGTAACTCCACCGGACCGTACCAAGCGCTGTTTGCACTGGTAGCGGCGCATATGCGTACAGGAATGACAGTTGAGAGGGAGTCGCGGCACGGTCGGCGACACCGGGCGCCGCGCCACTGCGTCCAGGTGGTCATCGCATACGCGGGCGAAATTGGTGCCCCCTCAGGTGGCAGGAACGTTTTGAACCAGAGCTTCGGCGAGCCGACGTGTCTCCTGGCAGGCTTCCTTGGCGACGCTGCGTGCAGTGTGTCGGTTCAGCACGTTGAAGTCGACCATTTGGCGTCCTACGGCGAGGCTGATGAAGCACTCGGAGTCGCGTGACGAGCCCGCGGGCCGATATTGGAGTCCGTCGTAGGACCCGACTCGCACCGGCGAGAACTCTGTCCGGTCGGTCCGTGCCCGGACCTCGTCGATCGAGTGCTCGCTCGCGTAAACCGCAAACGAGTAGGTCTTGGCGGTGTCCCGCCACCCGCAGACCTTCCAGCCCTCGAAAGCAACCCCCGCAACGTCCTTCTCCTTGGTCGCTGTGTTGATCCCCGCGGCAGCCAGAGCTGAATCGGGCAGGGTGCACGGGTCCCAGAGCCCGGCGGAAATGTCGGCGCTCGTTATTGCCGCTGTGGTCCCGCTGCTGGTCGGCGCAGCCTGCACTGGCTCGGAGCCTCTACACCCGCCGACCGCCCCAACTATTGCAACAGCGAGAACAGGTACTGCCGTTCGCCGTGCCCGCATAATGCTCCCCCCCCTGTGTTTCTGGCTTCCTCGCTCTCAGGACACTCCACGAGTGGCCCATCCGTTTGACCGTACCGAATCAGGCCAACCA
NZ_CP089227.1_gap25	935984	937186	1202	CCTGGAGCACCGCACGGGAGCGGGTGCCCTCCGGAAATTCGCCGAGCAGGGACAATTCGCCCGCGACAAGGAGAGGGGACAGCGGATCCGCGGTCGCGTCGCGCAGAAAGTCCAGCCGGCTCGTGCCAGGGCGCCACGAGGCGAGGATTTGTGGAAAGCCGCCGGTAATGAGGCGGGCGTCGATGGCGGTGGCCGCATCGAGTCCGGTCATCGCCTGCACATCCGCGACGTCGAGCGGGTCGACGGTCATCTTCGTCGCTCGGCCGAAGAACGGGCGATCGCGGGCACCCAGTGCCTCCATCACCGAGATGTCGCTGCCGACAAGGATCAGCAGCACGGGTCTGCGGGACAGGTCGCGATCCCAGACGGTCTGCAACGCGCCTTCGAACTCGCGATCCTGCTCGACCAGCCATGGCACCTCGTCGATCACGGCGATCGACGGCCGATCCGCGGGGATTGCCAGCGCCAGGGCGCGCAGCGCCTGGTTCCAGTCGGCGGTGGGCAGGCCGCGGACGGTTTCGGCCTCGGTCGTGCCGATCCGGCTCGCGGCGTCGATGAAATCGGCGCGCTCGGCTGCCGGATTTCGGCCACGGGTCGCCTGGAATACGCTGTAAGGGGCGCCTGACCGGTCGCAGAACTCCTGCACCAGGCGTGATTTGCCGACGCGGCGGCGGCCGGTGACTATCACCGCGCGACCTGGGGTACCGGAGACGCCGTCGGTGACCGCGCCGAGTTGTCGGGCGAGCAGGTCGAGGTCGTGTGCTCGGCCGGTGAACTCCATGGCTACACCTAACTAAGATGTGATCTTACTAAGATGTCATCTTAGTTTAGCGCGTCGAGCTGTCAGCGGGGTAAAGGGAGGAATTCGACGACGGTGTCGTCGGTGGCGTCCGGGGGGACGATGACCAGGCCGTCGCGGTCGATGAGGCCGGCCAGGTGGGCGGTGCGGACGGAGGTGTCGCCGGTGAAGCCGCCTTCGGGGGCGTGCTGGGCGGGGGTGACTCGCTGGATCGGGCCCGCGATGGCGGCGGCGTTGTGCAGGGGGCCGTGGACCGGGCGGGGTGGGGGTGTGGCGGTGCGGGCGGCGACGATGGTGGGGGTGAGGGCGAGGAGGACGGCGATGGCGGCGAACGGGTTGCCGGGGAGGCCGAGAACTGTTGTCGTGGTGGGGAGTTCGGCGACGACGGTGGAGCCGCCGGGGC
NZ_CP089227.1_gap26	946768	950413	3645	TCGGTGTTCCCGTCCACCACCGCGCTGAGCACCTGGCTGGGCGCGCTGGCCGAACTGCCCACCGCGCTGCGCGGCGACCGCGCCCAGCCCGACGCCTCCGAGGGCGTCCCGGTGCTCGACCTGAGCGGGGTCGGCGACCGTGCCGAACTCGAGCGCGCGCTCGTCGACCACAAGGACGCGCTCAAGAGCCGCCGCCTCGACGAGGAACGCCGCCTGTTCTATGTCGCGCTCACCAGAACCGAACGGGTACTGCTGGTTTCGGCCTTCTACTGGCCCGAGACCGGCACGGCCCAGAAGGGCCCGTCGGAGTTCCTGCTCGAACTCAAGCAGGCCAACGAGGACCCCGGCAGTCCGGCCTTCGGCGTGGCCACCATCGCGCGCTGGGACGAACAGCCACCGCCCGACGCCGTCAACCCCTTCGCCGACAACCCGCCCACCGCGCCGTGGCCGCGCGACCCGCTCGGCAACCGGCGCGACCCGATCGAACAGGGCGCGGCGCTCGTCCGCGACGCCCTGGACCAGTTGCGGTCGGGCCCGGCGGTTCCCGACGACCCGGACGCCGACGACCCCGAGGGCTGGGCCACCGACGTCGACGCGCTGCTCGCCGAGTTCACCGCCGCCGAACTCGCCGACCAGCAGGTGGAACTGCCCGGCCAGCTCCCCGCCACCGCCCTGGTGGAACTGCGCGCCGACCCCACCCGCCTCGCCGCCCGGCTGCGCAGGCCACTGCCGTACCCACCCAACCCGATGGCCCGCCGCGGCACGGCCTTCCACGCCTGGGTGCAGTCCTGGTTCGGCACCGAACAGCTGCTCGGGCTCGACGAACTGCCCGGCGCCGCCGACAGTGCCGCCGAGCTCGGGCGCGCCGACCGCGAACTGGCCGCCATGCAGGCCGCGTTCCGGCGATCGCCGTGGGCGCACCGCAACCCGATCGACGTGGAGGTGCCGTTCGAGACCAGCATCGCGGGCACGGTGATCCGCGGCCGGATGGACGCGGTGTTCGCCGAACCGGGCGGACGCTGGGTGGTGGTGGACTGGAAGACCGGCGCCGAGCCGGGACCCGCCGACGAAGCCGCCGTCGCCATGCAGCTCGCCGTCTACCGGCTGGCCTGGGCCCGGCTGATGGCCGCCCGCACCGGCGCGAGCGAGGACCAGATGCTCCAACGCGTCGGCGCGGCATTCCATTACGTGCGGTCCGGGCGCACCATCGCGCCCGCCGAACTGGCGGGCCCGCGTGAACTCGAACAGCTCATCCGCGACGCCGCGCCGGTCCCGGACGTCGACTGAGCCCCTCGCCCGCACAGGCAGTAGGCTCCGGGTTTGTCCCGGCTCCCGACGGATCGGTGACGGGCCGAGCGAAAGGACGACCGCGATGCTGGGGGACCCCCGCCGCCCGATCGGGCTCGGTACCAGTCCGGACTACGCGCTGGTCGGGATGTTGCGGATCCCGGCGGCCCAGACCAGCCCGTGGATCTCGCTCACCCGGCGCGTGCTGTTCGCGATCGGGCTGCTGTTCGCCGCGGCCACCGTGGTGTACATCGGGCGCGACGGTTACCGCGACAACACCGGCGACGAGCTGTCGTTCCTCGACGCGATGTACTACGCGACCGTCTCCCTGTCGACCACCGGCTACGGCGATATCGCCCCGGTGAGCCCGATGGCGCGCCTGATCAACACGATCGTCATCACCCCCCTGCGTGTCCTGTTCCTGATCGTGCTGGTCGGCACCACCCTCAGCGTGCTCACCGAACGGTCGCGGCAGGCGTTCAAGATTCAGCGATGGAGGCACACCGTGCGCAATCACACCGTCGTCGTCGGCTACGGCACGAAGGGACGCACCGCGATCGACGCCATGATCGGCGACGGGGTGCAGCAGTCCGAGATCGTGGTCGTCGACACCGACGCCGTGGCGCTGGAAGCGGCGGCGAACGCGGGACTGGTCACCGTGCACGGCTCGGCCACCAAGTCCGACGTGCTGCGGCTGACCGGCGTGCAGCGCGCCGCCGCGGTCATCGTCGCGACCAACCGCGACGACACCGCCACCCTGGTCACCCTCACCGCGCGTGAACTGAACAAGACCGCCAAGATCGTGGTCGCCATCCGCGAGGCCGAGAACACCCACCTGGTGCGCCAATCCGGCGCCGACTCGGTGGTGGTGTCCTCCGAGACCGCGGGCAGGCTGCTCGGCATCGCCACCACGACGCCCACGGTCGTGGAGGTCATGGAAGACCTGCTCACGCCCGAGGCGGGCTTCGCGGTCGCCGAACGTGAGGTGGAGCCCGGCGAGGTCGGCGGCTCGCCGCGGCACCTGAGCGACATCGTGCTCGGCGTGGTCCGCAACGGCACCCTCATCCGGGTGGGCGAACCCGAGGTCGACGCGCTCGATTCCGGCGACAAGCTGCTCTACATCCGCCGCGCCGCCACCAAGTAGTCCGGGGACGGCGCCGCGGGCTAGGCTCGGAGTGTGTCGTTTCGCCTGAAAGACGTTCCGCTGCTGTCGCGTTCTGCCATCGACCGTGCCGAGCACGTCCGGCTCGATCCGGACGCGCTGCGGGAGGGGTGGGGTAAGGCCAAGGTGCTGCGCGTCGACGCGCGCGGACGGGTGCGGGTGGAGAGCGCCGGCGTCGTCCTCGACGCGGCCGTCACCCTCGGCGAACAGCCCGGAGTCGGCGCGGTGTTCCTCGGCGTCGCCGACGGCAGCCACCTGTGGGCCGTGCGCGAGCCCGAGCTGGAGGGCACCCTCAAGGATCTGCGGGCGCTGGGCGCCGTCGACGATTTCACCGCCGACCTGCTGGCCACCGCCTATGCCCTGCTGAACTGGCACGACCGGGCCGGCTTCCACGGGGGCGACGGGACGACGACCACGCTGTCGCGCGGGGGCTGGTCCCGGCTCACCGCGGCGGGCGAGGAGGAATTCCCGCGGATCGACCCGGCCATCATCTGCCTGGTGCACGACGGCGCCGATCGGGTACTGCTGGCCCGTCAGCAGAGCTGGCCCGCGACGATGTTCTCGCTGCTGGCCGGCTTCGTGGAGGCGAACGAATCGCTCGAACGCTGTGTCGTCCGCGAGATCCACGAGGAGGTGGGCGTCGATGTCACCGACGTCACCTACCTCGGCAGCCAGCCGTGGCCGTTCCCGCGCTCGCTGATGGTCGGCTTCGCCGCGGTCGGCGACCCGGCGCAGGAACTGGTGTTCTCCGACGGCGAGATCGCCGAGGCGCACTGGTTCACCCGCGAGGAGGTCCGCGCGGCCCTGCGCGCCGGGGACTGGTCGGCGCGGGATCAGGGCGCGCGGCTGCTGGTGCCCGGATCCATCTCGATCGCGCGCACGATCATCGAATCCTGGGCGGAGTAGTCGGAGCGCTGGCGCGCTCGAGTCGCGGCCCCTGGTGTCCCGGCCGCGACGGCCGACTGCGTCGGCCTGCCCCTCCTCGAGGTCGGGGCGTGTGAGTCGCGAGGAGTTGTCAGGCCAGGGCGGCTAGTGCCTGCTTGACCTGGGACAGCGACGGGTTGGTCGCGGTGGAACCGTCGCGGTACTTGATCGTCGGGACGACGTGGTTGCCGTTGTTCACGCTGCCGACGAAGTCGGCCGAGGCGGGGTCGTCCTCGATGTCGATCACGGTGTAGGTGATGCCCGCCTCGTCG
NZ_CP089227.1_gap27	952833	954481	1648	GGCTCACCGCCGAGGAACCGGCGGGCGCGCAGGCCAAGGAACGCTGGTCCTCGCTGCTGGCGCTGGTCCAGCTCACCGAGGAACTGGTGGGCCACGACGGGGACATCGACCTCACCGGGCTGCTGCGCGAACTGGCGACCCGGGCCGAGGCCAAGCACCCGCCGACCGTCGACGGCGTCACGCTGGCCTCCCTGCACGCCGCCAAGGGCCTGGAATGGGATGCCGTGTTCCTGGTCGGCGTCAGCGACGGCACCCTGCCCATCCAGCACGTCCTCGGTGACGACGGCAGCCCGTCCGACCAGGCCGCGCTGGAGGAGGAACGCAGGCTGCTCTACGTCGGCGTCACCCGGGCCCGCGAGCACCTGGCCGTGTCCTGGGCGCTGGCCCGCGCCGAGGGCGGCCGGCGCTCCCGCAGGCGCTCCCGGTTCCTCAACGGGCTGGTCCCCGACGACTCGCCCGCCTCCCGCATCGCCGCCACCGCCGACGGCCCGAAGGACGCCGACGGCAAGCGCCCGCTGTGCCGGGTCTGCGCGAAACCGCTGATCGGCACCTACGCCACCATGCTGGGCCGCTGCCGCCGCTGCCCCGCCGAGCTCGACCAGCAGCTGCTCGAGGCGCTGCGGGAATGGCGTGCCGAGAAGGCCGAGGCGCTGCGGGTGCGCGAGTTCGTGGTCTTCACCGACACCACACTCACCGCGATCGCCGAACAGCTGCCCGCCGACGACGCCGCGCTGGCCGCCATCGCCGGCATCGGCGCGAAGAAGATCGAGCAGTACGGCGCGGACGTCCTCGCCATCGTCGCGTCCCGGATGCGGGCAACGACACAAAACCGCAGGTAGAAAATAGGTTGTTCGGTTCTCGATCATTGCCTATGGTGGAGAACACGCACCGAGAGTGATCTCGGCGCGGGTTTCTATCAGCACACGAGTTCAGGAGGGAGGCAGTCAGATGAACAGCAACACCACGTTCGATGCATTCGCGAAATGCGTCCTGGTGAATACGTCCATGGTGTCGGCCTCCCGGGGGGTCCTCGCTCTGCAGGGGACCGGTCTGTCCGGCGTCGATACCACCGCTGTGCCGATGACTGTCGTTCATCAGCACACCCCGATTCGTCTCCAGGACAAGCCCAGCGTGGGTTGGCAGCCGGCGGCCTTCGAGGCACCGGCAGCACCGGCCGTCGAGATCGGGTACGCACCCGAATTCACCGGCGCAATCCGCCTCCGTGTCCACCCAGCGACCGTGCTCAGGTCTCGGCAGAAATGTCGAACTAGGTACTAGGGAACCTCCTCCCAGACCTCCTGGCCACGGATCGCGAGAAGCGAAATCCGTGGCCTTTTTCATTCGGCTCCTCAGCCGTCGGCACCGGGTTCGCACACCGAACGAACAACCGCTGCAAACGAGCTGAAGGAGAACGACGTGTTCACCGCCCAGGAATGGCCGTCGGCCACTACTGACGTGACATGCCGAACCGTGGCGTCCCTGCCCTGCCGGGCCGGAAACCCTGATCTGTGGTTCGCCGAGAGCCCGAACGACCTGGAGCAGGCCAAGCAACTGTGCGCCGCCTGCCCGATCCGCAAGGGCTGCCTGACCGCGGCCATCGACCGCGCCGAGCCGTGGGGTGTCTGGGGCGGTGAGATCTTCGACCAGG
NZ_CP089227.1_gap28	957333	962207	4874	GTGGTGAGACGGCGCCACAGCGCGGCGGCCTCGCGGACCTTGCGCGGGCGCAGCTCCAGCCCGACCAGGGTGGCGAAGGTCTGCTCGGCCGGTCCACCGGTGGCGCGGCGGCGGCGCAGCGTCTCCGACAGCGCGCCCGCGCCGGGCAGGCGCTCGCCGACCGCGTCGGTGACCACCACGTCGACCCAGCCCTCGATCAGCGCCAGCAGCGTCTCGAGACGTTCCAGCGCCTGCTTCTGCTCGGGGGTGGTCTGCGGCTCGAAGGTGCCCTGCGAGAGCAGCTCCTCGAGCTTGGACGGGTCGCTCAGCGACATCGGGTCGATGTTCTGCGCGGCCTGCTCCAACGACGAGAAGTCCATCTTGATGCCGCGCGCGTAGTCCTCCACCGCGCCGAGCACCTGGTGGCGCAGCCACGGCACATGCGCGAACAGCCGCTGGTGGGCGGCTTCCCTGGCCGCCAGGAAGACCATGATCTCGCTCTCGGGCTGCTCGAGTCCCGCGCTGAAGGTGGAGATCGCGGTGGGCAGCAGCGCCGCGGTGCCCGCCGGGCCCAGCGGCAGACCGATATCGGTGGAGGTCAGGACCTCCTTGGCCAGCTGGCCGAGGGCCTGGCCGAGCTGGGAGCCGAACGCCAGCCCGCCCATCTGCCCGAGCATGCCGACCATCGGCCCGGCGAACTGCCTGGCCTCCTCCGGCAGCTGCGCGGTCCACATGCCCGAGATCTGCTCGGCCACCGGATCGCACAGGCGCTTCCAGGTGGGCAGGGTCTCCTCGATCCAGTCGTTGGCGGTCCAGGCGACCGTCTTGGTCGCGCCCGCGGGCAGCACGGTGGCGCCGTCGAGCCACAGCTCGGCCAGGTGCGCCGCGTCGGTCACCGCCGAGGAGGTCTGCGCCGAGATCGGGGCCACGGAGGCACCGAGCTGCTGGCGGGCCAGCCGTTTGGCCACGTCGTAGTTGACCGGGCCCGCGTTCGCGCCACCCGGGCCGGTCGCCTGGCCCATGCCGCTGATCATCTGCCCGAGCTGGGTCAGCATCTGACCGAGCTGCGACGGGTCGAAGCCGCCCGCGCCCGCCGCCCCGAACCCGAACGGATCGTTTCCGCCGGGTCCGTTCGCCTCGTCGCGACGCTTACCCGACTCGTCGTCGTCGCGGTTCGAGAAGCCGAAGGGGAGATCGCTCATACCTCTTACGTTACGCGGGACCCCCGGGGCCCCGGTGTTCGCGCATCGCGAAATCGCCACCACGGGCTCACCCGGTAAATGCGTGCCACTGCCGCCGGTAGCGGCCGGTGATCACTACTGTGGTCCGAGTGAATCGTCGGATCCTCACCCTGATCGTGGCCCTGGTACCCGTGCTCGTGCTCGGTGTGATCGGCAGCGTGGTCACCGTGCCGTTCGTCGCACTCGGCCCCGGCCCGACCTTCGACACCCTCGGTGACGTGGAAGGCAAGCCGGTGGTGGATGTCACGGGCGCGCCCCTCGATCCGACCACCGGGCATCTCAACATGACCACCGTCTCGGTGCGCGACGGCCTCAACCTGTTCGAGGCGTTCGGCTTCTGGGTCAGCGGCGAGCACGGCCTGGTCCCGCGCGCCGAGGTGTACCCGCCCGGCGTGTCGCGCGAGGAGGTCGACAAGTCCAACCAGCAGGACTTCAAGGACTCCGAGAGCAACGCCGAGGTCGCGGCGCTGCACTACCTGAAGATGCCGACGGTGGTGCTGGTGCGCGGGCTCGGTGACGAGGGCCCGGCCAAGGACGTGCTGCAGGTCGGTGACGAGCTGATCAGCATCGACGGCACCCCGATCCTCGCGCCCAAGGATGTCGTCGACCTGGTGTCGACGAAGGGGCCCGGCACCACCATCACCGTCGTCTACCGCCGCGGCGACGCCCAGCAGAGCGCCCCGATCACGCTCGCGGCCCGTCCCGACGACCCGGCCAAGGGCTACCTCGGCCTCACGCCTGGCGAAGGTGGCCGCCCGCCGCTGCAGGTGGAGTTCAACCTCGCCGACATCGGCGGCCCCTCGGCCGGGCTGATGTTCAGCCTGGCGCTGATCGACAAGCTCTCGCCCGGCGAGCTCAACGGCGGCCGGTTCGTCGCGGGCACCGGCACCATCGACCAGGAGGGCAAGGTCGGCCCGATCGGCGGCATCCAGTACAAGATGATCGCCGCCCGCGAGGCGGGCGCCGAGACGTTCCTGGTGCCGGCTGACAACTGCAACGAGGCCAGGCAGCGCGCCCCCGAGGGCCTGCGCCTGGTCAAGGTCGACACCCTCGACAGCGCGGTGACCTCGCTGGCCGACATCGACGCCGGCCGCGAGGCGGTCAGCTGCGGCTGATCACTCCAGCGTGTGGTGCAGGGCCTGGACCAGGCCCGGCGCCAGATTCGGATAGGTGCGCAGGTCGAGGTCGCCGAAGCCGTCGTCGTCCTCGGGGCGGATCTGCAGCAGGCACAGCGAGGTGCCCTGGCGCAGCACGCCGGCGATGAGCCGCGCGTCGCGCCGGCCGGGGTGGGCGTGGGCCGCGGCGCGCCCGGCGGCGTCGGCGGCGTCGGAGTCGGCCAGCAGCGGCACGAGCGCCTCGTCGAGATCGCTCTCCGCGTCGGGCGGCAGCACCACGATCTCCTGGACCAGTACGCAGCCCTCGACGGCAGGCGGCCAGGTGGTGGTCGCGAGGAACTCGTCGAGCGCCATCGACCCGCCGGTGATGTCGTCGGGGAAGGCCTCCTGCGCGATGGGCGTGAGTTCGCTGCCGTCGTCGAGCTGATCCTGCAGGTCGGGTTCGGCCGCGACCAGGTCGGCGGTCGGAACCAGGGCGAACATCTGCGGCGGGTTGCCCCAGCCCTCGGCGTCGGCGAACTCGACGACCTCGCGCACACAGCGGGCGAGGACGACTTCGGCGTGCTGGTCATCGGTCACCCGCCCATCCAATCATTTTCGGCCCAGCCGCTTGCACGGTGTCCGATTTCCGTAGAGTGGGCGCCAACGGTCCGGTAACGGACCATCCGCAACATCGGACTGCGGTGTCTGCGCCGATCACCGGCGCGGGTCGCCGCCGGACCCTTGGAGAGTGGCACCGTGGGCATGCGGCCCCCCACCGGCTTACCTTCGTTGTCCCGACGCAGCCGAGTGCTGCTCGTGGCGGCAGTCGTCCTCGCGGCGCTGCTGCTGCTCGGGCCCCGCTTCACCGACGCCTACACCAACTGGTTGTGGTTCGGGGAAGTCGGCTATCGCAGCGTCTATCTGGGTGTGTTGCGCACGCGGCTGATCCTGTTCGTCGTGGTCGCGCTGTTCGTCGGCCTCGTCGTGTGGGGCGCGCTGCTGCTGGCGTACCGGTCGCGGCCGGTGTTCGTGCCGGTGGCCGGTCCCAACGACCCGATCGCGCGCTACCGCACCACGGTGATGGGCAGGCTGCGGCTGTTCGGCGTCGGCATCCCGGTGCTGCTCGGGTTGCTGTCCGGTCTGGTCGCGCAGTCGAACTGGGCCACGGTGCAGCTGTTCCTGCACGGTGGTGAGTTCGGCGAGCAGGACCCGCAGTTCCACCTCGACGTCGGCTTCTACGCCTTCGATCTGCCGTTCTACCGGATGGTGCTGAACTGGCTGTTCGTGGCCGTGGTGATCGCGTTCTTCGCGAACCTGGTGACCCACTACGTGTTCGGTGGCCTGCGGCTGGCCGGGCGTGAGGGCACGCTGACCAGGGCGGCGCGCATCCAGCTGGCGGTGCTGGCCGGAATCTTCGTGCTGCTCAAGGCCGTGGCCTACTGGTTCGACCGCTACGACCTGCTGTCGAGCACCCGCAAGGAGCCCACCTTCGGTGGTCCGTCCTACACCGACATCAACGCGGTACTGCCCGCCAAGCTGATCCTGCTCTCGATCGCGGTGATCTGCGCGATCGCGTTCTTCGCCGGCATCGTGCTGCGCGACCTGCGGGTACCCGCGATGGCGGCCGCGCTGCTGGTGCTGTCGTCGATCCTGGTCGGCGCGGTCTGGCCGATGGTCGTCGAGCAGTTCTCGGTGCGCCCGAACGCCGCGGACAAGGAGAGTCCGTACATCGAGCGCAACATCCTCGCGACGCGCCAGGCGTACGGCATCACCGACGACAAGGTCGAGTATCAGGACTACCAGGGCGAGAGCAAGAAGAACCCGCTCGAGGTCCCCGCGGACGCGGCGACCATCGGCAACGCCCGCCTGCTCGACCCGAACATCCTCTCGCCCACGTTCACCCAGCTGCAGCAGCGCAAGAACTTCTACGGCTTCCCCGAATCGCTCGACATCGACCGCTACACGCTCAACGGCGACACCCAGGACTACATCGTCGCCGCGCGTGAGCTGCATCCGGAAGCGCTCTCGGGCAACCAGAAGGACTGGATCAACCAGCACACCGTCTACACCCACGGCAACGGTTTCGTCGCCGCCCCGGCCAACCGGGTGAACAAGCCGCAGTCCGACGCGCAGAGTCCGCTGGGCGGCAGCGATTCCGGCTATCCGCTGTTCATGGTGAGCGACCTGTTCACCAAGATGGACGACCAGCAGATCAAGGTCGAGCAGCCGCGGATCTACTACGGCGAACTGATCGCCCAGTCCGATCCCGACTACGCCATCGTCGGCGCCGCCGACGGCCAGGCGCCGCGCGAGTACGACTCCGACCAGGCCTCCTACACCTACGAGGGCAGCGGCGGCGTGCCGATCGGCAACTGGTTCAACCGCCTGGCCTTCGCGGCCAAGTACGCCGAGCGCAACATCTTGTTCTCCTCGGCGATCAGTGACGATTCCAAGATCCTGTACAACCGCGGTCCGCGCGAGCGGGTGCAGAAGGTCGCGCCGTGGCTGACCACCGACGGCAACGCCTACCCGGCGGTCGTCGGTGAGCGCATCGTCT
NZ_CP089227.1_gap29	965838	967471	1633	GCGAACTGCCATGCTTCGTTGAAACCGCCCCGCGGCGTACGCAACTCGATCCGGGCCGGTAGCCGCGCCGTGATACCGGCGGGCGCGAGGGGCATCGTCAGCAAACCGATTCCGGTGTTGGGGAAGTGCATCGGCAACGGCCACGCGCCGGCGCGGCCGGGCAGGGTGAGGGCCGCGCAGCTGAGCCCATCCGGCAGTACCCCGAACGGCCACCATTCGTCGGCCACGGCGGGCCCGCTCGTGGCGACCGTCGTCGCGGTCAGTAGTGCCGCGACCAGTCCGGACCAGCCTCGACGCAGCAGCGATCACACCTTCCGCTCGCCGGGCCCGACGCCCGGGATATCAGGGGGCAACGCGACAACAGCCGGGGCGATCGGCCCCGGTGAACAGGAAAACGGACCGGCGGGGTCGGGCGGCAGAGGGTGCGCGACCGGCGCGGAACGGTCGAACGGTACCAGCCCCGGCAACTTTCCAGTCATCGAACACGGCGAACTCGGATGGTTCGACAAGCGCGCGGCCGTGATTTCGGCCATGATGTAGAGGGCTGGCTCGAGGCCACCGGCGATCTTGGTCGAACCCCCGCTCCGAGGGGGTTAACCGGGAGGAAACCGGACGGTTGACAAGGTTGAGAACGGCCAAATACTGTGAGGTTCAATGAGTCTTGTTCTGCCGCTAGAAACCCCCGAGAGGGAAGACTGTGCCGGTTCACACGGGCACAGCACCCTCGTAGCCGCGCTCAGAGTCGCCGGAATGGCGGCGTAGCGCGTCAGCTTTCAGTGTCGATCGCTGATCTTCCCTTCCGCTGAGATCCAGGCCTGTCGCCGGATCCAGCCGGAGCCTGGCCCGCCCTTCTGCTCGGGTCACGGCCGTCTCGCGGACACGGTCCGCGCCAGGCGCGCATCCGCGGTGAAAACCGTTGTGCCCGACTGTGATCGGCCGACTCGTCCGACCCCGCTCTTCAGCTCGAACTACGAATCGATGGTGACATGACTCGCTCCGCGATCCGGTAGCCCACAGAGATTCATTCGTCAGGGGCTACGGGGGCCCAGCTTGCTTTCGCGGAAGGGATGTTCAGATGGCCGAATCGGCATGTGACGTCGCTATCGTCGGTATGTCCTGCAGATTGCCGGGCGCAGCCGATCTCGACGGTTTCTGGCAGTTGCTGAGGGAGGGCCGCGCCGCGATCGGCGCCGCGCCGCGCGGGCGGGCCGACCTCACCGAGCGGGCCGGGTTCGTCGAGAGCGTGGGCCGTTTCGACGCGGACTTCTTCGGCGTCTCGCCGAACGAGGCCCGCGCGGTCGATCCACAGCAGTTGCTCGCGCTGGAGCTGAGCTGGGAGGCGCTCGAGGACGCGGGCCTGGCGGGCACCGCGCGCGCGAATCCGCGCTGCGGGGTGTTCCTGGGCAGCACCGGCAGCGATTTCGCCGAGGTCTTGGCCTCGCGCGGCGGGCCAGGCGTCAGCAGGCATTCGCTGTGGGGCACCGGGCGCGGCATCATCGCCAACCGGGTCGCCAATCACTTCGGTTTCACCGGACCGAGTCTCGTCGTCGACAGCGCTCAGGCGTCCTCGCTGGTCGCGGTGCATCTGGCGTGCGAGAGCCTGCGCAGCGGCGAGAGCGAGGTGGCGCTGGCC
NZ_CP089227.1_gap30	1146728	1148016	1288	CCCTGTTCGAGCAACGCGGTCGCCGTCGCCCGCCCCTGCTGTCCGGTGGCCCCGATCACCAGCACCGGTCCGCTGTCGTTGCTCATCGCCGTACTCCCTTGTCCCGGATGATCTTTCGCGATCACCTCGTGTCTTCGACGGTAAGTGCCCTGCGCGCGCCGGTCCTGGCACCGATACTGCTACCCAGAACATCTGTGTTCATGAAGACACCGGGAGCGCCATGAGCGAGAATCGCCGCGCCGAACTGGCCACGTTCCTCAAGACCCACCGCTCCCGGCTGCGCCCTGCCGACGTGGGTCTGCCCGCGGATCTGGTCCCCGGGCGACGGCGCACCCCGGGCCTGCGCCGGGAAGAGGTCGCCGAACTGGCCGGGGTGAGCCTCACGTGGTACACGTGGCTGGAGCAAGGCCGCAAGATCACCGCCAGCCCGCAGGTGGTGGACGCGCTGGCCCGCGCCCTGCGCCTGGAACCCGTGCAGCACCGGCAGTTACGCCGGCTCGCGGGGCTCGCCGACCCGGTGGTGACGCCGCGGACCGGCGACGAGCGCGCGCGCTGCCAGCGGTTGGTCGACGAGCTGCACCCGGCCCCCGCCGTGGTGCACGACGCCTGCCTGGACTTCGTCGTCTGGAACAGCGCGTTCAGCCGGATCCGCGCCGACCCGTCCGCCCTCGCACCCGAGCACCGGAATCTGCTGTGGTGGATGTTCACCGACGAGCGCAACCGCGCCATGATGCGCGGCTGGGAAGCCGCCGCACGGGCCATCCTGAGCCAGTTCCGGGTGCTGCTCGGCAACGATCCCGGCGATGCGCGGCTGACTTGTGTGGTGACCGAGTTGTCCACTGCCAGCGCGGAGTTCCGCGCCTGGTGGTCGGAGTATCCGGTCCAGGACTTCCAGCCCGCCGTCATCGGCATAGACCACCCCGAGGCGGGACGAATCGACCTCGAACTGTTCCAGTTGCGGCTGGTCGAGAACCCGGAACTGCTACTCGTCGCACAACTTCCCGCGACGGACGGTGACCGCGAACGTCTCCGCGCCTACCTCGACAGGGCGGACGACCGAATCGTGTGACCGCCGGAGGGAAGCAGTGCACGGGCAGCCGACCGATGGCCAACGCCCGCGAAAACCGCCGGTCGGCGAACGACTCGCCGGCGGGTAGCTCAGTCGTCCTCGTCGGGCCAGGAATCTTCGACGATCACGCGGTCGGCGGTGTAGCGGTGTTCGATGGCCGAGACCGGGTAGGTGGGCCAGCGGGAGATGGCGCCGGTGGTCTTGTCGACGACGTGGACC
NZ_CP089227.1_gap31	1182253	1183456	1203	TGTGGCTGTTCACCGACCCGACTCCGGCGGGATTGGCCCGGCACCTGGCCACCGAGACCGCCGACGACGAATCCGCACTGGCGCCGGTGCTGGCACTGCGCGGCCACGGCAGCGGCGCGCCCCTGTTCTGTGTGCACCCGGTGGTCGGGTTGGCCTGGAGTTTCGCCGGGCTGTCCGGCGCGCTGGACTGCCCGCTCTACGGCATCCAGTCACCCGCGATCGGGGAAGATCTGGCGCAGCCGGAATCGCTGGACGCGCTGGCCGCCGACTACGTGGCGCGGATCAGGGCGGTGCAGCCGCACGGACCGTACCGGCTGCTCGGCTGGTGTGTGGGCGGCGTCATCGCGCACGCCATGGCGGTGCGCCTGCGGGACCTGGGTGAGCGGGTGGAACTGCTGGCCATGCTCGACTCCTTCGTCGGCGATGTGGGCTACCGCAACGACGTGCCGGTCACCGTCGGCGATCTGCTCGGCCAGTTCGGCACCGAGCACGAACTCGATACGCCCGTCACCGATTTCACGGCCGACGACGCCGTCGCCCTGGTGTCCACGCTGCCCGGCCCGTTCACCGTGCTCACCGAGGAGCGCGTGCGCCGGATGTTCGCCGGCATCCTGCACGCGCAGATCATCGGTGCCACCCACCGCCCCCGCGTCTTCGACGGCGACCTGTTGTTCTTCACCGCGGGCCGCGACGACCGCGGCGCGGGCCGGGCGGCGAGCGGATGGCGCCACCACATCGCGGGCACCATCACCGACATCGCCGTCGACGCCACCCACTGGGACATCACCGGCGCCCGCGCCCTGGAGACCGTCGGCCCCGCGCTGGCGGCCGCTCTCGCCGACCCGCCGCAGCGACGGGCGTGCTGACGATGGTCACGACCAGCCTGCGAGACCGTCGGCCCCGCCTTGGCCGCCGCCCTCGTCGACCCGCCGCAGCGACGGGCGTGCTGACGATGGTCACGACTCCTCATCGAGCGCGCGCTGCGGTGAGGGGAGACTGATGGTGGCGGAGGCCTTCGACGGGCCGGTGCCGCGCCAGCGGACAGGCTGACGGTGGCGGCGACCCCTCGTCGCCGCCACCATTGTCAGCCCAGTGCCGCGAGTCCGCGGCGGTCGATCTTGCCGGTGGGGGTGCGCGGCAGCTCGTCGACGAACACCACGTCGCGCGGGGCCTTGAAGCGGGCCAGCGCGGACTTCACGTAGG
NZ_CP089227.1_gap32	1192884	1195354	2470	CGTCGCCGAAGGATTTCGTGATCCCCTCGACCACCACACCCTCGGTGGCGGTCGGGGTCGGATGCGGGGCAACAGTGCGTTCGACGCTCATATCCGGTCTCCTGCTTCCATGTGGTCGTCCAGCACCGGCGCGATGACCGACAGTGCGTAGGGATTGGTCAGCTCGTCGTGCGTCACGGCCACGTCGTGGTTGACGATCGCGCCGGTCACGTAGGGGCGCCAGCCGTCGGGGCCCATCCATTCGCCCGGGTCGACCGCGGCCCGGAAGTAGAGGACGTCACCGTCGTAGACGGGGCGCTGGTAGCCGGTCCTGGTGCCTGCGGAGGCGTTGTAGGAGCCCGCCATGCGTTCGATGGTGCCCGCGTCGACGAGTTCGACGCCGCCGAGTTTCGCGGTGATCGCCTCGGCCGCTTCCTGTGCGGTGGCCGAGGCGGGGACGTCGTCGATGCCGAAGATCGAGCCGAAGGTGTTGATGAACGCGCCGGGGGTCAGGCGTTCGATGGTGTCGCCGTCGATGTCGGCGGTGTCGGTGTCCAGCAGCGCCACCACACCGACCTGTTCCCCGGCCGCCGCCAGCCGCACCGCCATGGCCTGGACGATCAGGCCGCCGAAGGACCAGCCCAGCAGGTGGTAGGGCCCGGACGGCTGGACGGCGCGGATCTCGCGCACGTACCGGCTCGCGAACTCCTCGATCGACCGCGCCGACGGTTCCTGACCGCTCAGGTCGGGGGCCTGCAGGCCGTAGATCGGCCGACCCGGTCGCAGTTGTTCGGCGAAACCCAGGTAGCTCCACGACATTCCGGAGGAGGAGTGCACGCAGAACAGGGCGGGTTTGTCGCCGCCGAGCCGGATCGGCAGCAGCACGTCGAGGCCGAGACCGGTCGGCGCGTTCGCGGGGGTGGCCGCGGCGGCCGCGCGGGCCGCCATGACCGCGGCTTCCTCGGCCGCGGCGCTCTCGGCGGCCGGGGTCGACGCGAAAGCCGCTGCCGCGCCGAGTGCTTCGACCCAGAGTCCGGCCAGCTCGGCGACCTCGGCACGGTCGAGCAGCCGGTCCGGATAGCCGAAGTCGGCGTGCAGGCGGTCGCCGAGGACCAGGGCGTTGATATCGATGGCCGCCTGCACCGGCACCGCGGCGTGCTCGCCCGCGTCGAGTTCACCGAACTCGTCGGTGGGCAGCCAGCCGAGACCTTCCAGACCGGCGGGGGTTTCGGCCGCGGTGTGCTTGCCGAGGTAGTTGACGCAGATCTGGCCGGGCAGCCGGGCGGGCAGCTCGGCCGCGGTCTCGGGGTTCAGGTAGCGCAGCAGACCGAAACCGATGCCCTTGTCGGGGACGCCGAGCAGGTCGTGCTTGGCCGCGCGGATGGCGGCGCCCATCGCCGGGCCGCCCGCGAACGCGTCGTCCACGTCGACACCGGCGAGGTCGAGCCGTACCGGGTACAGGTTGGTGAACCAGCCGATGGTGCGCGACAGGTCGGCGCCGGGCACCACTTCCTCCTGCCTGCCGTGGCCCTCGAGCCGCAGCAGCGCCGCGGATTCGGTCACGCCGCGGCGGGCCCGCCAGCGCACCAGGGCCAGCGCCAAGGTGGCCAGCAGCGCGTCGGTGACGCTGCCGTGGAACAGCCGCGGCAGGGTGGTGAGCAGGGCCGTGGTGACCTGTTCGTCGACCTCGATGTCGACGCGGCGCACGGTGTCGGCCCGGTCGATCGCGGGGTCGAGGTGGCGGTCGCCGAGCAGCGGGTCCGGTGTTTCGGCCACCTCGCGCCAGTAGCCGAGTTCGGCGCGCCGCCGCTCGCTGTGCGCGGCCTCGGTCAGCGCGTGCGACCAGCGCCGCATGGAGGTGCCGGTCTCGGCCAGCACGGGGGTCGCGCCCGCGGCGACCTGCGCCCACGCGCCGATCAGGTCCTGCACCAGGATGCGCCAGGAGACACTGTCGATGGCGAGATGATGCGCGACGACGATCAGCCTGCCGGGCCTGGTCCGCGTGCCGGCGGTGCCGACGGGATCGAGCCAGACGAACTGCAGCACGGTGCCCGCGGCGGGGTCGAGCCGGTTCATCGCGGAATCCAGTTCGATCTGGGCGTATTCGCGGACCTCCACCGGGTCGGCCGCGGCGTCGACCTCGGTGCGGTGCACCAGCGAGTCGACATCGATCGAGCCGGGCTCGGCGACCCGCAACCGCCAGCCGTCCGGATCCGTCCACAACCGCGCGCGCAGCATGTCGTGGCGGTCGATCACGGCGGCCAGGGTGGCGACGAGCTGGGCGCGGTCGATGGCGACCGGCAGTTCCAGCACCGCGGTCTGGGCGAAACGGTCGAAGTCGCCGCCGCGCTCGATCATGTACCGGACGATCGGGGTCAGCGGCAGCTCGCCGACTCCGCCGCCGGGCAGCTCCTCGAGTGCCACGACCGTCTCGGCCGCGTCGATCGCGGCGCCCAGCGCGGCCACCGTGCGGTGTTCGAACACCTGCAGC
NZ_CP089227.1_gap33	1196570	1200304	3734	AGCCGGAGGTGTAGATCATCCAGGCCGGATTGCGCAGCCGGATCGGGGCGGGCAGGTCGGCGTCGGTGATCGCGCCCGCCGCGCTCGCCCGCAGCCGGGCGCCGATCTCGGGATCGTCGAGCACGAGCCACTCGGTGGTGTCGGGCAGGTGCGGCCGGTAGGCGGCGAGGGTGATCCCCACCGTGGCACCCGAGTCGGTGAGCATGTGGTCGATCCGGTCGGCCGGATGCTTCGGGTCCACCGGCAGGAACGCGGCACCGGCCTTGGCGGCGGCCCAGATCCCGATGTGCAGCGCGGCACAGCGCGGGAGACCCAGCGCGACAACCGTTTCGGTGCGCGCGCCGGCGCCGATCAGCAGGCGGGCCAGCTGGTTGGAGCGCGCGTCGAGCTCGCGGTAGGTGGTCGTGGTGTCGGTGACCAGGGCCGGGCGGTCGGGATGGGTGGCGGCGGTGCGGGTGAGCAGGCCGGCCAGGGTGGTCGCGCCCGCGGTGGCCGGACCGCGCACCGGGACCAGCTCCGCGCGTTCGGCGTCGTCGAGCAGGTCGATGTCGGCGACCCGCACGTCGATGTCGGCGACGACGGCCGCGAGCACCCGCTGCCACCGAGTCGCGAAGGCCGCCATGGTCGCCGGGTCGAACAGGTCGGTCGCGTAGGTCAGCACCGCCTCGATCCCGGCCGGGCCCGCGTCGGCGAATCGTTCGCGCAGGTCGAGGGTGAGGTCGAAGGCCGAGGAGCTGCGGTCCACGTCCTCCACCTCGAATCGCAGGCCCGGCAGTTCGAGCACCGGTTCGACGAAGTTCTGCAGCGACAGCGACACCTGGAAGATCGGGTGCTGCGCGGTCGAGCGGGTGGGATCGAGGGCGCCCACCAGCTGCTCGAACGGCACGTCGGCGTGCGCGAACGCGTCCAGGTCGGTGGAGCGCACCTCGGCCAGGACGGTGCGGAAGTCGGCGCCGGGGGCGATCGGGGTGCGCAGGGCCAGGGTGTTGACGAACATGCCGACCAGCTCGTCCAGTGCCGCGTCACCACGGCCGGCGACGGGGGTGCCGACGACGATGTCGCCGGTGCCGCCGAGCCGGGCCAGCAGCACCGCCAGCGCGGCGTGCACCACCATGAACACGCTCACCGAGTGCGCGGCGGCGAAGTCGACCAGCGCCCGGTGCAGTTCGGCGTCGAGCGCGAAGACGAGGTCGTCGCTGCGCATCGACTGCACGGCGGGCCGGGGCCGATCGCTGGGCAGCTCCAGGGCGTCGGGCGCCCCGGCGAGGGTGGCACGCCAGAACCGGATCTGCTGTGCCGCCAGGGAATCGGGGTCGGTGGCGCTGCCGAGCAGTTCGCGATGCCACAGGGCGAAATCGGCGTACTGCACGGTCAGCGGAGCGCGCGCCGGCGCGTGACCGGCGACCCGGGCCGAATAGGCGGCGACCAGATCGCCCGCCAGCGGCGCCATCGACGCGCCGTCGGCGCTGATGTGGTGCACCACCAGCACCACGACGTGCACCGGCGCGGCCTCGGCCGGCCGGTCCAGCCGGAACAGCGCGACCCGCAGCGGCGCTTCCCGGGTGAGATCGAAGCCGGTGGCCGCGAGGTCGGCGATCCGGGCCCGCAGCGCCGCACCGTCTTCGGTGTCGAGCAGCGGCAGCGCCGGAGCGGCGGTGTCGAGGCCGACGACCACCTGGCGCGGCCCGTCGGCGTCGGCCGGGTAGCGGGTGCGCAGGGTCTCCTGCCGGTCGACCACGTCGGCGAGCGCCTGCCGCATCGCCTCGACATCGAGGTCGCCGGTGAGGCGCAGCGCGATCGCGATGTTGTAGGCGGCCGAGCCCGGATCGAGCTGATTGAGCACCCACATGCGCTGCTGCGCGGGCGAGAGCGGGATCCGGTCGGGACGGATCCGCGACGCGAGCGCCGGGCGCCCGGTACCGCCGCCTTCGACCGGAACCACCCGGGCGGACAGCTGGGCCACCGTCGGCGCGTCGAACAGGTCGCGCAGCGCGATGGTGGAGCCCAGCGCCGAATTGACCCGCGCCACCACCTTGGTCGCGCTCAGCGAGTTGCCGCCGAGCTCGAAGAAGGACTGGTCCACGCTCACCCGATCGGTGCCGATCACCTCGGCGAACACCCCGGCGACGACCTGTTCGGTGGGGGTGCGCGGCGCCAGGTAGGGGCGCTGGGCGGCGGCGAAATCGGGCACCGGCAGTGCCTTGCGGTCCAGCTTGCCGACGGGGGTCAGCGGGATCTCGTCGAGCACCACGACATAGCCGGGCACCATGTAGCCGGGCAGTTCCGCGGCCACGGCGGCCCGCACCCGCTCGGTGTCCAATGCCACGCCCGGCGCGGGCAGCACATACGACACCAGCACGGTCGCGCCCGCGGGCCCGGCCCGGCCGATGGTCACCGCGTACTCGATCTCCGGGTCGCGCGAGAGCACCGCGTCGATCTCGCCGAGCTCGATCCGCAGGCCGCGGATCTTCACCTGGAAATCGCTGCGCCCCAGATATTCCAGCGCGAGGGTGCCCGCGTCCTCGACCCAGCGGACCATGTCGCCGGTGCGGTACATGCGCTCGCCGGGTCCCCCGTACGGGTCGGCGACGAACCGGCTCGCGGTCATCTCGAACCGGTTGAAATAGCCGCGGGCCAGCGCGGGCCCGGCCAGATACAGCTCACCCTGCACACCCACGGGCACCGGCCGCAGCCAGCCGTCCAGCACCACCACGGCCGCGCCGCGGATCGGGCCGCCGATGGTGACCGGTTCGCCGGGCACCAGCTCGGCCGGGCCGGTGGCCCAGATGCTGAATTCGGTGGGGCCGTACAGGTTCACCATCCGCCTGCCCACCGCCCACTTCTCGATCAGCTCGGGCGTGGCCGCCTCACCGGCGACCGAGAGCACTCGCAGCTCGGTGAGCTCGGTGGGTTCCATCGTCGCCAGCGCCGACGGGGTGATCACCGCGTGGGTGACCCGTTCGGTGCGCAGCAGCTGTTCGAGCTCGCCGCCGCCGTACACCTCCGGCGGCGACACCACCAGGCGGCCACCGGCCGAATGCGCGGTGAGCATCTCGAACACCGAGGCGTCGAAACTGGGCGAGGCGACCTGCAGGGCACTGGCCGACGGGTCGAGGGCCAGCGTCTCGCGTTGCGCGGTGGTGAGATTCGCGATGCCGCGATGGCTGAGCAGCACCGCCTTCGGCTTGCCGGTGGAACCGGAGGTGTAGATGAGATAGGCGGTGTGGTCGAGGTCGATGGGGCTGCCGCGTTCGGCGTCGGTGATCGGCGCGTCGGAGACCAGCATGGCCCGGCGCAGCGTGTTCAGGTCGTCGAGCAGCAGCCAGTCGATGGTGCCGGGCAGGGTCTCGCCCGTGGCCGTCACGGTGACGCCGATGGGCGCCTTGGAATCGGCGAGCATGTGCTCGATCCGCTCCACCGGATAGCTCGGGTCCAGCGGGACGAACGCGGCGCCGGTCTTGGCCAGTGCCCACACCGCCACCACCGATTCCAGCGAACGGGTCAGCGCGAGCACCACGAACACCTCGGGTCCCACCCCGCGCCCGAGCAGCACCCGGGCGAATCGGTTGGACCAGGCGTCGAGTTCGCCGTAGCTCATCCGCAGCTCGCCCGCGCTCACCGCGACGGCGTCGGGATCGATGCGGGCGCCCGCCGCCAGGATCTCGGGCAGGGTGCGCATCGGGACCGGCAGGTCGCCGCGGACCGGGGCGAGCGTCGCCAGTTCGGTGTCGTCG
NZ_CP089227.1_gap34	1221934	1226715	4781	TGCGGAACACCAGATTGCCGCTGGTGAGCACCGAGGAGACCTTCTCGAACCCGAGCCCCTCGAGCACCCCGCGCAGTTTCTCGTTCCGCATGTTCGGGTTGGTGGGCATGATGCCCCGCAGCAGCGCCGCATAGCTCTCCACGCCGCCGACCGTACCGCCTGCCACCGACAGGCGGTACGGGACGGACTCAGGCCTGAGCGGTGGCGTTCTTCTTGCGCTCGATGTCGGCCAGGGCCGCGGCGTAGGCGGCGCGCTGGTCGGCGGTGGAGTCCCAGGCGACCTTGCGGTTCTTCACGACCTTGGCGGGCGCGCCGACGGCGATGCTGTAGTCGGGGACGTCGCCGCGCACCACCGCGTGCGCGCCCAGCACACAGCCGCGCCCGACCCGGGTGTCGCGCAGCACGGTGACCTTGGCGGCGATCCAGGTGTCGGGGCCGATCCGGACCGGGCTCTTCACGATGCCCTGGTCCTTGATGGGCAGGGTGATGTCGTCCATCCGGTGGTCGAAGTCGCAGATGTAGCACCAGTCCGCGACCAGGGTGGACTCGCCGATCTCGATGTCGAGGTAGGTGTTGACGACGTTGTCCTTGCCGAAGACCACCTTGTCGCCGATGCGCAGCGAGCCCTCGTGGCAGCGCAGGGCGTTGCCGTCACCGATGTGCACCCAGCGGCCGATCTCCATGCGGGCCAGTTCCGGGGTCGCGTGGATCTCCACATTGCGGCCCAGGAACACCATGCCGCGCAGCACGATGTGCGGGTTGGCCAGGCGGAATTTGAACAGCCGGTAGTACCGCACCAGGTACCACGGGGTGTAGGCGCGATTGGCGAGCACCCAGCGCAGCGAGTCCCTGGTCAGAAAACGGGCCTGCTGCGGATCGCGGCGGCGCGAACCGCGCCAGCGCGCGCTCAGCGGCGCGCCCCACATGCTCGTCACGAACTACTCTCCCGTCGTGATCGCACCGGGCCAGCCCCGGGGATTCGGTCATCGGTAACACAGAGTACTTTCGGAGCGCACGCCTACCGTGCGATACCCCGATCATCGGCTCTATTGAACAGGGAGATCAGCAGGTGCGAACTCGGACTCGCGTCGTGGCCTCGCTCGCTGCCGCCGGTGTGGTGGCCCTGGCGGGATGTGGCACCGATGTCGACGACATCACCGTCGGCTCCGGAAAGGGCTGGCCCGCAGTCCATCACGACGGGCGCAACGGTGGCGCGAGCCCCGTGGCCGGCGCGGAGTCGATGACCCTGAGCTGGTCGCGCCCGGTCGGCGGCCCGATCGCCCAGCCGCTGACCATCGGCCCCGAGGGCCAGATGTTCGTCACCACCAGCACCGGCAACTGCGCGATCTTCTCGTTCCAGATGCGCACCGGCCGCAAACGCTTCTGCAACCCGCTCGGCCCGTCGACGATCGAGGCGCCGACCGTGGTCGACGCGGTCAGCAACGTCTACGTGGGCGACGACGGCGCGGTGAACTCCTTCAACTACCTGGGCCAGCCGCGCTGGCGCACCCCGGTGGCCGGGGTACCGGTGGCCATCCAGTTCACCGGCGACGGCCGCGTCCTGACGGTGACCCAGTCCGGCCAGGTCGACGTCCTGAGCAGGCAGACCGGCGGCCGCGAGGTCCCGACGCTGCAGCTGCTCGGCGAACCCGACTTCCTGCGGCTGCCCGGCCTCACCCGGCCCGCCTCCGGCGACGGCCTCGACGACTGCCACACCGGCGGCCCGCGCTGCGCGGTCGCCAACACCACCGCCGTCGATCCCGAGACCGGCCGGTTCTTCGTCACCGTCTGGGAGCCCGGCAAGACCGCCGCCTCGCTGCGGGCGATGCGCTACGCCGACGGCAAGGTCGCCCAGGAGTGGAGCGCCGACATGCTCACCGGCGGCAGCGCCACCAGCCCCACCCTGTCCGGCGACGGCGACACGGTCTACGTCGGCGACAACAGCGGCCGCCTGATCGCGGTGAACGCCGAGGACGGCAGCACCCGTTGGACCCACGCCCTGGGCTGGATCCCCAGCGGCGGCATCTCCGTGGTCGACGACGTGCTCGTCCCCGCGGGCGACGAGGGCCACCTGACGGCCCTGCGTGACAGCGGCGACCGCGCCGACCTCGTCTGGGAACGCAAGGACCTCGCCCTGCGCGGCATCCCTGTCCAGACCGCGGGCGGCATCGGCTACACCGTCGCCGCCATCGGCGCGGGCCTGAGCCTGATCACCTTCGACACCGCCACCGGCAACACCGTCGACTCCGACGCCCTGACCGGCGCCACCGGCACCACCGTCGGCACCTCCGTCGGCCCGGAGGGCGAGGTCGTCGTGGCCACCCGCGTCGGCGAGATCTTCACCTTCACCCCCGACGCCTGACCTCAGTACGGGTGGGCGCGGTCGGCCCAGCGTGGGTCGAGTTCCCCGGTGAGGTGGCGGGGGAAGGAGACCCGGGTGGGGTCGCCGTCGGCGGTGTAGCGCTGGTCGGGGTGGGCGGCCAGCCAGTCCAGCCAGTGGGCCGAGTCGAACGCGACCGTGCCCCGGCCCGAGCGGATGCGCGGGACGCCGCCGGGGTCGACGGTGGCGAACGGGGCGGGGGCCGGATTCGAGCCGACCAGCATCACGGCGTCGAAGCGGTAGGCGGTGCCGTCCCAGCTGCCCGCGGCGGCCAGCGCGCGATCACGCGGGTGGATGCCCAGGGGGAGCGCCATCGTGCGCATCGTGACGCCCGGCGCGGCGTCGGTCACCGCGCGCACGTTCCGCACCAGTTCGCGCTGCACGCCGTCGGCGTCCAGGCTCGCGAGGTTCGCGTGATCGGCGGTGTGCGCGCCGATCTCGTGGCCGTGCGCGGCCAGCCAGGGCAGGGCCCGCGGATCGCCGCCGAAGGGCTCGTTGTTGACGTAGAAGGTGGCGACCGGGCGGAAATCCGGGTAGCGCGAACCGAATTCGGCCAGGATGCCCGCGGCGCTGTCGGGAACGACGTCGCCGGTGTCGGTGAAGGCGAGCTGGCTGCGGGTGGAATCGTCGAAGGTGAGCACCACCGGATGGGTGCCCGCGGGCAGCCCGATCTCGCCCGCGATGTACTGCGCGGCGGTCACCGGACGATAGCCCTCGCGGTAGAGCCGTTCCAGTTCGTCCCGGAATTCGCCTGGGGTCTGGTCGTATTCGCCTGCCGGGTGCGGTGTGATCTGGTGATACATCAGGACCGGAACCGAACCCAGTTCGTTGGCGGCGACCGCGGCCGGATCCGGTGGCGTCGGCGCCTGCGTGGTCACGGCGGGTGGCGTGGCGGGAGCGGGCGTTTCGGTCGTGCACGCGGTGAGCGCCGCGGCCAGCAGTAATCCCGGCAGGAGCCGGATCGTCGCGTCGGAACCAGCCACCATCGCGGCAATGTTACGCGGCGGCACAGGTTTTCCCTCGATCTTGCGATAACCGGCCGCCGCCGCCGTGACTGGGCCATAGTGACCTGGCAACCGGAGTGGAAAGTGGTGCGGGCGTTGGGATTGCGGATCCGGTCGGGTGAGCGGCGAGGATGGGCGACGATCGCCTCGGGGGCGGTCCTCGCGGCGGTGGTGGTGGCACTGGTGGCGGGTTTCGCGCTGAGCCGCTCCGGTGAGCAGGCCGCGGCCGACACCGTGGCGCCGGTACTGGAGGTGGCGCCGCCCGATCTCGTTCGCTCCTATCGCGCGCCGATCGTGGTGCGTGGTAAGGCCGTCGACGCGGTCACGGTGTCCATCGGCACGGACACCGTGGCACCGGCACCGGACGGCGCCTTCGAACTCTCGGTGCCGTGGGCGCCCGCCGTCGAGGTCGTCGCGGTCGACGCCGCGGGCAATCGCAGCAGCAGTACCGTCGTGACGGCGCTGGCGTTGCCGCGCATGCGGGCCGTGCATGTCACCGCGCACGCGTGGTCGCACGAGGGCCTGCGCGAGGCCGTGCTGGAGCTCGCCCGCGAGGGCCGGATCGACACCGTGCAGCTCGACATCAAGGACGAGGACGGCGTCGTCGGCTACGACTCACAGGTGCCGCTGGCCCGCGAATCCGGCGCTGTCGCCGCCATCTACGACGCGCCGTCGGCGCTGCGCCAACTGCACGACCTGGGCCTGCAGGTGGTCGGGCGCATCGTCGCGTTCCGCGATCCGACGCTGGCCGCGTGGGCCTGGCACAGCGGCAGGCCCGACTGGGTGATCCAGAACCCGTCCGGGCAGCCCTATTCCAGCCACTACGGTCCCATCGCGTTCACCAATGTGGGCCAGGCCGAGGTCCGCGGCTACAACATCGATCTCGCGGTGGAGGCCGCGCGGCTCGGCTTCGACGGTGTCATGTACGACTACGTCCGCCGCCCCGACGGCAGCCTGTCGAGCATGCGTTTCGCCGGGCTCACCGGGAGTCCCACCGACGCGGTCGCCGGTTTCCTCGCCGAGAGCCGCTACCCCGTGCACGTGGCCGGCGCGCACCTGAGCGCTGCCGTCTACGGCATCGCCTCCACCCGCCCCGAGGAGATCGCGCAGGACATTCCACGCATGGCCCGCCACCTCGACTTCGTGGCCCCCATGATCTACCCCTCGCACTGGAACGCCGGCGAATACGGCGTCGCGAACCCCAACGCCCAGCCCTACGACATCGTCTTCCGTTCCCTCCAGGACTTCCGCACGGTCACCGCGGGCACCGGCGCGAAAGTCATCCCCTGGCTCCAGGACTTCAGCCTCGGCGTCACCTACGGCGACACCGAACTCCGCGCCCAGATCGACGCCACCCGCGACGCGGGCATAGACGGCTTCTTCCTCTGGAACGCCGC
NZ_CP089227.1_gap35	1247565	1248754	1189	CACCGTCGAGGTCGACGGCCTGCCGGTGATCTCGGTGGACCTGGTGGCGAGTTCCGGTGCGCTGGCGGCCTTCCCGGACCATCCGCTGACCGACGCCGACCGGCTGCGTCCGCTGCGCACCCTCGACCTGGCGTACGTGATCTTCACCTCGGGGTCGACGGGCAAGCCCAAGGGCGTGGGCGTGCCGCATTCGGCCATCGTCAACCAGGCCGCGTACATGGTGGGCGAATACCAGGTGGGTGCGGACGACACTGTCCTGCAATCGATCCCGTGGACCTTCGACGCCTCGATGATCGGTTTCGCGACACCGCTGCGGGCGGGGGCGCACATGGTCGTGGCCGCCGCGCACGGCCTCACCGATCCGGCCTACCTGGCCGATCTCATCGCGCGCCACCGGGTCACGGGCACCACGATCGTGCCCTCGGTGTTGCAGATGCTGCTCGAGGCCGCGCCGACGGGGTCGCTGCGGTCGGTGCGCGCGGTGTGGGTGGGTGGCGAGGCGCTGCCCAACGCCACCATCGCCCGCTTCACCGCCGCCACCGCGGGCAGGCTGCACAACCTGTACGGGCCGACCGAGGCCACGGTGTCCATCACCGCCGCCGACGTCACCGAGATCGGCGACCGCGTCGTCCCGATCGGCAAGCCGCACTGGAACTCCCGCGCCTACGTGCTGGACGCGCGGCTGCGGCCGGTGCCGGTCGGCACGCCCGGCGAGCTGTACCTGGCCGGCGCGCAGCTGGCCCGCGGCTACCTCGGCAGCCCGGACAAGACCACGGAACGTTTCGTCGCCGACCCGTACGGTCCCGTCGGCGAACGCATGTACCGCACCGGCGACCTGGTCCGCAGGCTGCCCTCCGGCGACCTGACCTACCTGGGCCGCACCGACGTCCAGCTCAAGCTGCACGGTCTGCGGATCGAGCCGGGCGAGATCGAGGCCGCGCTGCGCGCGCACCCGGGCGTCGCCGGTGCCGCGGTGACGGTGCATCACGAACAGCTCGTCGGCTATGTCGTCGCGGCGGCCGGTCACACCGTCGACCTCGCCGAGGTGCAGGCGAACACCCGAACCCTGTTGCCGCCGTATATGGTTCCGCACCGCCTGCTGGTTCTCGACGAGTTCCCGCTCGGCGCCACCGGCAAGCTCGACCGCAAGGCGCTGCCCGCGCCCGCGGTGGAGCGGCGCGCCTACCAG
NZ_CP089227.1_gap36	1405990	1407220	1230	CGATCGAGGCGGCCTCGCGCGAGGCCGAGTCGGCCTTCGGCGATCCGACCGTGTTCCTCGAGCAGGCCGTGGTGAACCCGCGCCACATCGAGGTGCAGATCCTGGCCGACCAGCACGGCAATGTCATGCACCTGTTCGAGCGCGACTGTTCGCTGCAGCGCCGTCACCAGAAGGTGATCGAGCTCGCGCCCGCGCCGAACCTGGATCCCGCACTGCGCGAACGGATCTGCGCCGACGCGGTGGCCTTCGCCCGCCAGATCGGTTACAGCAACGCCGGCACCGTGGAGTTCCTGCTCGACGAGCGCGGCAACCACGTGTTCATCGAGATGAACCCGCGTATCCAGGTCGAGCACACGGTGACCGAGGAGATCACCGACGTCGACCTGGTGCAGTCGCAGCTGCGGATCGCGTCGGGGGAGACCCTGGCCGATCTGGGCCTGAGCCAGGACAAGGTGTCGATCCGCGGCGCGGCGCTGCAGTGCCGCATCACCACCGAGGACCCGGCCAACGGCTTCCGTCCCGACACCGGCCGCATCACCGCCTACCGCACCCCCGGCGGCGCGGGCATCCGCCTCGACGGCGGCGCCAACCTGGGCGCGGAGATCGGCGCCTACTTCGACTCGATGCTGGTCAAGCTGACCTGCCGCGGCCGCGACCTGCCCGCCGCCGCCGCGCGCGCCCGGCGCGCGCTGGCCGAGTTCCGCATCCGTGGCGTCACGACCAACATCCCGTTCCTGCTGGCGGTGCTCGACGATCCCGACTTCCAGGCGGGCCGGGTCACCACCTCGTTCATCGACGAGCGCCCCGAGCTGCTCACCTCGCGCGGCTCGGCCGACCGCGGTACCAAGATCCTGAGCTACCTGGCCGACGTCACCGTCAACAAGCCGCACGGTGAGCGCCCGACCACGGTGTACCCCTACGACAAGCTGCCCGCCGTCGACCTGACGCTGCCGCCGCCGGACGGGTCGCGCCAGCGCCTGCTCACCCTCGGCCCCGACGGCTTCGCCCGCGCCCTGCGCGAACAGAAGGCGCTCGGCGTCACCGACACCACCTTCCGCGACGCGCACCAGTCGCTGCTGGCCACCCGGGTGCGCACCAACGGCCTGCTCGGCGTCGCCGGGCACGTCGCGCGGCTCACCCCGGAACTGCTCTCGATCGAGGCCTGGGGCGGCGCCACCTACGACGTGGCGTTGCGCTTCCTGCACGAGGACCCGTGGGAGCGGCTGGCTG
NZ_CP089227.1_gap37	1415506	1420481	4975	CGGGCGGCCGCGGCACCCGGCCCGAGTCGACCTTCGACGCCGAGGTCGTCTTCGAGGCCTGCCGCACCTACGGCACCGCCGTCGAGATCAACTGCCGCCCCGAACGCCGTGACCCACCCGGGCGCCTGCTCGCGCTCGCCGTCGAGATGGGCTGCCACTTCAGCATCGACACCGACGCCCACGCCCCGGGCCAATTGGACTGGCAGGGTTACGGATGCGAGCGCGCCGTCGCCCACGCCGTGCCCGCCGAGCGGGTGATCAACACCTGGCCGGTGGACGAGCTGCTGGCCTGGTGCGCGACGACCACCGGGTGAAGACTCGCCGAACACCCGGCGTCGGGCGCCGCACGCGCGGATCCGCCTGATAGACAGTCGGAGACAGGTATCCGGGGTCAGGGGGAGTCGATGGGGGAGTTCCCGGTCGAGATCGTGCTGTCGACGCTGGGCCTGCTCGTGGCCACGGCGGCGTTCCTGCGCGAGTTCGTCTTCGTCGGGCGCAAACGCCTCGGCTATCGCGTGCAGATGAACACTCCGGCCAGCCGGATCCAGCTCACCGACGCCAACGGCGCCGCGGCACCGGACGCCACCGATCCGGTATCGGTGGTGCTGATCCGGATCGAGAACTACGGCTCCACGGTGATCGAGGACGACGACTACGCCGCCGCCGAGAGCCCGCGCCTGCTGTTCCCCCACCACACCATTCGCGCGCTGGAGGTGACCGAGCGGGTCACCCGCACCGGGCAATCGGTGCCGACGCACAGCGAGGCGCTGCGGGACTTGGCGCCGAGCACGGGCACCGACAACGTGGCGCGGATCGTGCTGCCGAGCGAGCGGCTCGAACGCGGCGAGCACTACAAGGTGCTGGCGGTGCTCACCGGCCCGGCGCCGGATCCGCAGGACGTCAACGCGGAGAAGGTGGTCCGCCAGGCGGGCAGCCTCAAAGGCGGCCGATTCGTCGAGACCACCAGCCGCTCGCGGCGCGAACCCGCGCTGCTGGGCCTGAGCGTGTTCCTCGCCCTGGTGGTGATGGTGCAGTTGCTGGCCACCGTGCTCCGCGGCGATCCACCGCCGCGCGACTGCGCCGCGGGCTCGCTGACGATCGTCGGCTCCACCGCCATGGCGCCAATGATCCGCCGGGCGGCCCAGACCTACGAGAAGACCTGCACCGGTGCGCACTTCACCTTCGACTTCGACGGCACCGAACCCGGGCTGCGCGCCCTGGCCACGGCGGGCCCGACCACGGGCATGCTGGCGATCGGCGACGGCTCCAAGGGCACCTCGTTCGAGACGCTGACCGAGCTGCCGCTGGCCCTGGCCTCGTTCTCGCTGGTGGTACATCCCGCGGTGGGCGTGAAAGATCTGACGACGCAGCAGATCAGGGACCTGTACCGGGGAAACATCCGCAACTGGAGCCAGATCGGCGGGCCGGATCTGCCGGTGGTGCTGATCGACCGGACCGCCGGATCCGGCACCCGGCGCGCACTGGAGGCGCGGCTGCTCGAGGACAACCGCAAGGTGTTCCGCTACACGAGCTGCGTCGGCATGGCCGCCGGCGGCGCGCAGTGCGAGGTGGACCTCACCGAGGAAGTGGCTGCGTTCGTTGCCAAAATCCCAGGGGCGGTGGGATATCTGGAGACCTCCGCCGTCCGGGACGGGGTGCGGGCGGTGACCGTCGACGGGGTGAGCCCGACGCCGACGACGATCCGGTCCGGCGACTACGAGTTCACCGGCGTCGAGTACGCCTACACGCACGGGCCGGTCGCCGGTGATTCGCTGGTTGCCCAGTTCCTGGACTATCTCACCCGGGGTAAGGCCAGGCTCACCATGACCGAGTTCGGCAACATCCCGTGCGTCGACCCGGTGGAACCGAAATTCTGTACACCGTAGACCGGCTCTGACGGCGTAATCTCCTGTCTTGTCGGGAAATCGCCGACAGACTCGGTCAGCAACCCACTGGTTTACTCCCGGGTAGCGGGGTACCTTCCACTACGGCCCCTCTGTTCAGACGGGCACCCGTGCGGTGCGCTCCGCGTCTGACCAGGCCAACCATGCCCCATGGACGGCGGTGAAGCTCTCGTCTCCACCCCGCCGAGGCGGCCATCTCTTGTTCGCGCAAGTGTTGCGAGGTTGTGTCCCTGGAAGGATGGTCATGAGTACAGATATGTCGGCAATGTCGCCGACCGGGTTCTCCACGTCCGATCTCTATTCGATCGAGCACAACGACGGCCCACTGCGGATCGCCATGGTGGTCCCACCGTATTTCGATGTCCCACCCAAGGCCTACGGCGGCGTCGAGGCCGTGGTCGCGGATCTGGTCGACGCACTGTGTGAGCGCGGCCATCACGTCACCCTGTTCGGGGCGGGCGAACCGGGCACCAAGGCGGAGTTCGTCCCGCTCTGGGACCGGATCGTGCCGGAACGCCTCGGCGATCCCTTTCCCGAGGTGGTGCACGCGCTGCGGGTGCGTCGCGCGATCGAGCGGCTGGCCGAGACCGACGGTATCGACCTGGTGCACGATCACACCTTCGCCGGTCCGCTGAACGCGCCCGCCTACGCCAATCTGGGCCTGCCGACGGTGGTCACCGTGCACGGTCCCGTCCAGGACGACTGCTACCGCTACTACCGCGAACTGGGCGAGGAATGCTCGCTCGTCGCGATCAGCGACCGGCAGCGGGAACTGGCGCCGGAACTGCCGTGGGCGGGGCGCGTGCACAACGCGCTGCGGCCGGACCTGTGGCCGTTCCAGACCGAGAAGCAGGACTACGCCCTGTTCCTCGGCCGCTTCACCATGGACAAGGGTCCACATCTGGCGCTCGACGCCGCGCACGAGGCCGGTATTCCGCTCATCCTGGCCGGTAAATGCTCCGAGCCGCCCGAAAAGGCGTACTTCGAGGAGTACGTGCGACCGCGGCTGACCGAGAGCGATCACGTATTCGGTCTCGCCGACGCGGCGGCCAAGCGTAAACTCTTGTCCGGAGCGAGGTGTCTGCTGTTCCCCATTCGCTGGGAGGAGCCGTTCGGCATGGTGATGATCGAGTCGATGGTCTGCGGAACGCCGGTCGTCGCGTTGCGCGGGGGAGCCGTGGCCGAGGTCCTGGTCGACGGCGTCACCGGACGCATCTGCGAGGAACCCGACGAACTGCCCGCTGCGATCGCCGAGGTCGCGTCGTTCGATCCGGCGGCCTGCCGGGCGCACGTGGAGGCGAACTTCGGCGCCGACACCCTCGGTGGTGGTTACGAGCAGGTCTACCGGCAATTGTTGGCCCGCACCACGATCGGCTACGGCAACGCGTTCGCGATGCCGATGCCCGTCGGGGCGGCGGTCAGCGGGCGCGTATGAGCCTGGACAGTACGTCGTCGCCGAGCCCGCTCAACGCGGGGGAACCCGCCGGGCTCGGCGGCAGCGGCGGCAACGTCACCCTCGTCGAAGGCGGCACCTTCTGCCTGTCCGACCGGCTCGGCGACATCGAGCCCGGCAAGCCGCAGGGCCTGTTCTTCCGTGACGCCCGGGTGATCTCGCGCTGGGAGCTGATGATCGACGGCAAGCGGCCCGAGCCGCTGTCGGTGCTCAGCCCGGAGGCCTTCGCGGCACGGTTCGTGCTGCGGAGGCCGCCGCAGCAGGGCCGGGCCGACAGCACGTTGCTCGTCGTGCGCGACCGCCTGGTCGCCGAGGGCATGCACGAGCTGATCACGCTGGAGAACATGAGCCGCGAGGCCACCGCGGTGGTGCTCGAGCTACACGTCGACGCCGATTTCGTCGACCTGTTCTCGGTGAAGGAAGGCCGGATGGGCGGCCGCCGGGCGGAGATGACCACCGCCGACGGTGAGCTGCTGCTGCACGACCGGGCCGACCTGTCGCGCGGACTCGCGCTCACCTCGACCGTGGAACCGATGGTGTTGCCCGGCACCATGATCTGGCGCGTCGTCGTCCCCGCGGGGGGACGCTGGCAGACCGAGATCACCGCGCAACCCGCGGGTGCCGCACAGCGCCCGCAGACCCAGGGCACCCCCGGCGAGCGCTACCGGGCCAGCGAGCCGGTGCGCAAGATCCAGGCGTGGCGGGCCACCGCCACCGACATCACCGCCGACTCGAGCCTGCTCAACCGGGTGCTGCGGCGCAGTGAGAGCGACCTGGGCGCGTTGCAGATCCACACCGATTCGGGCACGGGCAGGCCGTTCGTCGCCGCGGGCGCGCCCTGGTTCATGACGCTGTTCGGTCGCGACTCGCTGCTCACCGCGTGGATGTCGCTGCCGCTGGAGACCGATCTCGCCCTCGGCACCCTCCAGCAGCTCGCCGAATTGCAAGGTCAGACAGTGGATCCGCTGGTGGAGGAGGAGCCGGGCCGGATCATGCACGAGATGCGGCGCGGACCCGCCGTCGGCCAGGTGCTCGGCGGCCAGATCTACTACGGCACCGTCGACGCCACCCCGCTGTTCGTGATGCTGCTGGCCGAATGCCTGCGCTGGGGCGCCGAACCCGCCTCGATCGCGACGCTGCTGCCCGCGGCCGACGCCGCCATCGGCTGGATCACCGATTTCGGCGACCGTGACGACGACGGTTTCGTGGAGTACGTGCGCGCCACCGATCGCGGCCTGATCAATCAGGGCTGGAAGGACAGCTTCGACGGCATCAACGACGCCACCGGCCACATCGCCCAGGCCCCGATCGCGCTGTGCGAGGTGCAGGGCTACGTGTACGCGGCGTACCTGTCGCGCGCCGAACTCGCCGACGCCTTCGACGATCCCGCCCTGGCGACGCGGATGCGCGAGCGGGCCGCCGAGTTGCGGACCAAGTTCGCCGAACAGTTCTGGCTACCGCACTGCGGCTGGTACGCCGTGGCGCTGGACGGCAGCAAGCGCCAGATCGACGCGCTGACCAGCAACGCGGCGCACTGTCTGTGGTCGGGCATCGCCACCGACGAGCACGCCGAGATCCTGATCCGGAACCTGGCGAAGGCGGAGATGGATTCCGGGTT
NZ_CP089227.1_gap38	1422524	1427204	4680	GCGGTCAGCGGATTGTCGCCGGTGATCATCACCGTACGGATGCCCATGCGGCGCATCTCGTCGAAGCGTTCCCGCATGCCCTGTTTGACGACATCCTTGAGATGGATGACGCCGAGCAGCCGCGGCATGCCGTCCTTGACCTCACCGACCACCAGCGGCGTACCGCCCGACGCCGAGATGCCGTCGACGATCACCGCCGCCTGGCCCGGCACCGAACCACCCTGGGCGCGAACCCATTCGGTGACCGCACCGGCTGCCCCCTTGCGCAGCTGGTGCCCGTCGGCGAGGTCGACGCCCGACATGCGGGTCTGCGCGGTGAAGTCCACCCAGGTGGCACCGGGCAGCTCGCCCGCGGAGCGTTCCCGCTTGCCGAACGCCTGCTTGGCGAACACGACGATCGAGCGCCCCTCCGGCGTCTCGTCGGCGAGGCTGGACAGCTGCGCCGCGTCGGCCAGTTCGTCGTCGGGAATGCCCGGCATCGGAACGAATTCGGCGGCCTGGCGGTTGCCGAGGGTGATGGTGCCGGTCTTGTCGAGCAGCAGGGTGTTCACATCCCCGGCGGCCTCGACCGCGCGGCCCGACATGGCCAGCACATTGCGTTGCACGAGCCGGTCCATGCCCGCGATGCCGATGGCCGAGAGCAGCGCGCCGATGGTGGTCGGGATCAGGCACACCAGCAGCGAGACCAGCACGATGCCGGTGATGCCGTGCATGTCCAGCGCCGCGGTGTCGGGCACACCGGGGTTGTTCGACTTGGCGAAGATCGCCAGCGGCTGCAACGTGGCCACCGCGAAGACGAAGATGATCGTGAGCGCGGCCAGCAGGATGTTCAGCGCGATCTCGTTCGGCGTCTTCTGGCGACTGGCGCCTTCGACCAGGGCGATCATCTTGTCGATGAAACTGGCGCCCGGTTCCTGGGTGATCCGCACGACGATCCGATCCGAGAGCACCGTGGTGCCGCCGGTCACGGCCGAGCGGTCGCCGCCGGATTCGCGGATGACCGGGGCGGATTCGCCGGTGATGGCCGATTCGTCCACCGAGGCGATGCCTTCGACGACATCGCCGTCACCGGGGATGACCTGGCCTGCCTCGACCACCACGTGGTCACCGCGGCGCAGGTCGGGTGCGGCGACCCGCTCCTCGATGATGCGGCCGCCGGGAGTCCAGTCGGTCAGGCGGCGGGCGACGGTGTCGGTCTTGGCCTTTCGCAGGGTGTCGGCCTGGGCCTTGCCGCGGCCCTCGGCGACGGCCTCGGCCAGGTTGGCGAACACCACGGTCAGCCACAGCCACACCACGATCGCCCAGGCGAAGAAGCTCGGATCGGCGATCGCGAGGATGGTCGACCAGACCGCGCCGATCTCGACGATCAGCATGACGGGGTTCTTCCACAGCGTGCGGGGATCGAGTTTGCGCAGCGCGTCGGGCAGCGAGGTGAGCAGCAGCTTCGGATCGAGGACGCCCTTCTGAACGCCCTTGGTCCGGTGTTCGGGCCGGGGTGCGGCCGGTGTTTCGAGGGTGGGACTTGCCATCTCAGTGGATTCCTTCGGCGAGCGGCCCGAGCGCGAGCGCGGGCAGGAAGGTGAGCGCGACCAGGATCACCGTCACGCCGACGACCATGCCGACGAACTGCGGCCGGTGCGTCGGCAGCGTGCCGATCGACGCGGGAGTGGTGCCCTGGCGGGCCAGCGAACCGGCCAGTGCCAGGACGACGATGATCGGCAGGAACCGCCCGAACACCATGGCCAGGCCGAGCGCGGTGTTGAACCACTCGGTGTTGCCGGTGAGTCCGGCGAAGGCGGAACCGTTGTTGTTGGCCGCGGAGGTGAAGGCGTACAGCACCTCCGACAGACCGTGCGGGCCGCTGTTGAGCATGCTCGCCCGCTGGCCGGGCAGGGCCATGGCGACCGCGGTGCCGACCAGCACGATCAGCGGGCTCACCAGGAAATAGGAAGCGGCCAGCTTGATTTCGCGCGGCGTGATCTTCTTGCCGAGGTACTCGGGGGTGCGCCCGACCATCAGGCCGGCCACGAAGACCGTGATCACGGCGAGGATCAGCATGCCGTACAGGCCGGAACCGACGCCGCCGGGCGCGACCTCGCCCAGCTGCATGTTGAACATCGTCATCAGGCCGCCGAGGCTGGTGTAGGAATCGTGGAACGAGTTCACCGCGCCGGTCGAGGTGAGCGTGGTCGCGCCCGCGAAGGTCGCCGAATTCGCCACGCCGAAGCGGGTTTCCACGCCCTCCATCGACGCGCCGATCGCGGTCGGCACCGTGCCGTGGTGCTGCAGCTGGAACAGGTTGGTCAGCGCGATGCTCGTGAGCGCGATGGTGCCCATCACCGCCACGATCGCGTACCCCTGCTTGGTACTGCCGACCATCCAGCCGAACGTGCGCGGCAGCGAGAAGGCGATCACCATCAGCAGGAAGATCTCCAGGAAGTTGGTCCAGGTGCTCGCGTTCTCGAACGGATGCGCCGAGTTGGCGTTGTAGAAGCCGCCGCCGTTGGTGCCCAGTTCCTTGATGACCTCCTGGCCGGCGACCGGTCCGCCGGTGAGCGTCTGCTGCCCGCCGACGACGGTCTGCGCGACTTGATCGTGCAGGTGGAAGTTCTGGATGACGCCACCCGCGACCAGCACGATCGCGAAGACGAAGGCGATCGGCAGCAGGATCCGCAGCGTGCCGCGCACGAGGTCGACCCAGAAGTTGCCGAGGTCGCCGGTGTGGCGGCGGGCGAACCCGCGCACCAGCGCCACCGCCACCGCCATGCCGACGGCCGCGGAGACGAAGTTCTGCACGGCCAGGCCCGCCATCTGGACCAGGTGCCCCTGGGTGGACTCGCCGGAGTAGTTCTGCCAGTTGGTGTTGGTGACGAAACTGACCGCCGTGTTCCAGGCCAGCGCCGGGGTCATCTCGATGCCGGGATCGTTCAGGTGCAGCGGCAGCGCGCCCTGGACCAGCTGGAAGAAGAACAGGAACAGGATGCTCACCGCCGAGAACGCCAGCACGCTGCGGGCGTAGATCGGCCAGGTCTGCTCGACGTCGGGTTTGGCGCCGATGGCGCGGTAGATCAGCCGTTCGGCACGCGAGTGCTGGTCGCCGCTGTAGACCCGGTACATGTAGTCGCCCAGCGGTATGTGCACCAGGGCCAGCGCGAGGATCAGGGCCGCGACGAACGCGATCCCCGCTGTGGTCGTGTTCACCTAGAACCTCTCGGGGAAGAGCAGCGCCGCGATCATGTACACGGCGACGAGGACGGCCAGGGTGAGACCGGCAAGGTTCGCGATCACAGCTTTTCCACCCCCCGCTGGACCAGGCCCAGCAGCGCGAAGATCGCCACGGTGAGCACCGTGAACACCACGACAGACATTTCCAACCTCCTCGGCGCTCCGAGGTGAAGCGCCGAGGTGAGTGAAACGCCGATTCGGGCGCCGGCGTGGTTTCCTTACGACTTCTTGGCGGCCAAGCGCCCGGCCTTTGCGCGTTGTTGACGCCGAGGCCGCGCTGACCGGAAAAATGGCGTCAAGGTCGGGCCGATCCTCGTCAACACCCCGTAAAGATCCAGGTAGCAGCCGATGCCGGCCGGTAGAAAGTGGTCACCGGCGCGCGGTGGACGCGACCGGATCCCGCTCACGGAAAGAGAGATCGCGGTGTCTGCAGTGACCATTGCGGTGATCGCCGGGTTCGTCGGATCGCTGCTGACGATCCGGGCGCTGGGCCGGGCGAACCCGGCGCACGAGCCGATGACGGCCGTCGGTGTGTTGCCCGTGCGTGCGACGGACAACTCGCCGCGGCGCGCGATGATGGACCGGTGAAACGCGGACAGCTGCGCATCTACCTCGGTGCGGCGCCGGGTGTGGGCAAGACCTACGCCATGCTCGGCGAAGCGCACCGGCGGCGGGAACGCGGCCGCGACGTGGTGGCCGCCGTGGTGGAGACGCACGGCCGCACCAAGACCGCCGAGCTGCTCGACGGCATCGAGCGGATTCCGCCGAAGACCGTCGTCTACCGGGGCACCGCACTGCCCGAACTCGACGTCGACGCCGTGCTGGCCCGTCAACCCGCCGTGGTGCTCGTCGACGAACTGGCCCACACCAACGTCCCCGGCAGCGCGCACGAGAAGCGCTGGCAGGACGTGGAACAGCTGCTCGACGCCGGCATCGACGTGATCTCCACGGTGAACGTGCAGCACCTGGAGAGCCTCAACGACGTGGTCCGGCAGATCACCGGCATCGAGCAGCGCGAGACGGTGCCCGACGCGGTGGTGCGCGCCGCCGATCAGGTCGAGCTGGTCGACCTCACCCCGGAAGCGTTGCGGCGCAGGCTCTCCCACGGCAACGTCTACGCCGCCGACAAGGTCGACGCGGCGCTGCGCAACTACTTCCGGCCCGGCAACCTGACCGCCCTGCGCGAACTCGCGCTGCTGTGGCTGGCCGATCAGGTCGACGCCGCGCTCGCGAAATACCGGGCCGATCACCAGATCACCGAGCTGTGGGAGGCGCGCGAGCGGGTGGTCGTCGCGGTCACCGGCGGACCCGAATCCGAGACCATCGTGCGCCGGGCCGGGCGGATCGCGTCCAAGGCCAGCGCCGATCTGGTGGTGGTGCACGTGGTGCGCGGCGACGGACTGGCCGGGGTGTCGAGCGAGCGGATGAGCACGCTGCGCGAACTCGCGGCGGGCC
NZ_CP089227.1_gap39	1470193	1471833	1640	CCTGCTCGGCTGTGCATCCGACCGGATTCTAAGCACCGGCCGCGGGTTTGTGTGCCCATTCCGACACGCCGCTATCCGTCCGCTGCGACGTGCTCGACCTGGCGGCGCGCGGCGGCGTGGTGGGTTGCGTGGGGTGCGGGCAGCGGCCACGGTGGGAGGATGGACGTGCTGCCCGAGGATCTGACCGCGCTGCTCACCGAGTTCGGGCGGCACTTGCGGTTGGGGCGGAATCGGTCGGCGCACACCGTGCGCGCGTATCTCGGAGATGTGCGCTCGCTGCTGGAACACCTCTACGCGCGGTCGGCGGATTCGGCGATCCGGGAACTGGATCTGCCGTTGCTGCGGTCCTGGCTGGCCGAACTCGCTGCGGCGGGTGCCGCGCGCACGACCCTGTCCCGCCGGGCCTCCGCAGCAAAGACATTCACCGCCTGGCTCACCGAGACCGGGCGCCTGGCCGTCGACCCCGGGCTGCGCTTGCAGGCACCGAAAGCGCATCGGGTGCTGCCCGCGGTGCTCGCCCAGGTGCAGGCGGTGGAGGCGATGGACGCGGCGGAATCCGGGGCAGCTCAGCAGGATCCGATGGCGCTGCGCGACCGGTTGATCGTCGAGTTGCTGTACGCCACCGGAATTCGCGTCAGCGAGCTGTGCGGGCTCGATATCGACGACATCGACCGGGAACGCAGGCTCGTGCGGGTCCTCGGCAAAGGCAACAAAGAACGCGCGGTCCCGTTCGGAGATCCCGCCGACACCGCGCTCGACGCGTGGCTGCGAGCCGGACGGCCGTCGCTGGCGGGCGATCGATCCGGTCGTGCGCTGCTGCTCGGACAACGCGGTCGCAGGCTCGATCAGCGCCAAGCCCGCACGGTGGTCCACGAGGTGGTGTCGGCGATCCCGGGCGCACCGGACATGGGTCCGCACGGCCTGCGGCACACCGCGGCCACCCACCTTCTCGAAGGGGGCGCCGACCTGCGCGTCGTCCAGGAACTGCTCGGCCACGCCAGCATGGCCACCACCCAGCTCTACACCCACGTCTCGGTCGAACGCCTCAAACGCGTCCACGATCAAGCCCACCCGCGAGCATGACCATCGATCCGTGCCTCGTGCCGCCCGTCGGCGCGTTGCCCCCGGGGTATCAACCGGCACGGCAAGATGGGCTGCGGAGGTGGCGGACATGACGAGGTGGCGGACATGACACTGCCCGAGGTCGGAGCCGAATCCGACGACGGCGAGGAAGAACTGGATTACCGATTCACCCTCGCCAACGAGCGCACATTCCTGGCCTGGATCCGGACCGCCCTGGGCCTGCTCGCCGGCGGAGTCGCCGTGCACACCCTGATCCAGCCCCTGCGCCTGGCCGGCTTGGGCGGCGCCATCGCCCTGAGCTGCCTGGTCATGTCCTTCGCGGTCGCCCTCGGCGCCTTCCGCCACTGGCGCCGGGTAGACGTCGCCATGCGCACCGGACACCCCCTCCCCGGCACCGTCCTCGTCCCCGTCCTCTCGGTCGGCGTCGCCCTCGTCGCGGCCTTGGCCTGCCTGGCCGTCCTCCTCTCATGACTCCGCCACCGCCGACCCCGGCACCCACCGGGACCCGGAACTCCGAGCGCGGCACCCCGGGCCCCGCCGGCGGCGCCGGTCGGCAA
NZ_CP089227.1_gap40	1474117	1478262	4145	CCGTCGCCGGCGGTGCCAGTCACCGCGGCGAGTGGTTGGTCACCTCGAGCGGCTTCAACCGCACCGGCACATCGTGCAGCAGACCCAGCGGGTCCACGTACTCCCGCCTGCCGTGGTCGCTCGCCTCGCGGCGCGCGCCCCAGTGCAGACAGGCGGCGACCGGGCACCCCTCGTGCCCGGCCACCAAGGCGCCGATCGGCGTGCCCCGCTCCACCCGGCTCCCCACCGTGACCGTCGCCTCGACCGGTTCGTACGTGGTGCGCAGGCCACCGGGATGGTCGACGGACACCACCGGCTTGCCCGCGACCTCTCCGGCGAACACCACGATGCCCGCGCCCGCGGCCAGCACCCGCTGCCCGGCCGTACCCGCCAGATCCACCCCGCGGTGCCCCGCCAGCCAGTCCCGCACCGGCTTGTCGAACCGCCGTTCCACACTCGGCCGCGGCCGCAACGGCCACCCGAACACGCCTTCGTCGACGGCCCGCACCGGCCCCGCCCCACCCGCCATCAGCCCCACCAGACAGGACAACACCACTGCCCCGCGCCCGACCACCCGCCCCCGCCTCTCCCGAAGCCCTACCTCCGCACGCGCAGCGGGCTCCTGCGGATTCGGGCGCGGCGACGCAGGGCGATGCGCGAGGGGTTTTGTGGCCCGGTCGACCAGGGCATATCTGTGACTCGACACTGCGGGCGTGAAACGATGCCGACCACGTCGAGTCGCCCGACCGGGTAGGCGCGGCACGGGGTGGGCCCATCGAAGGCGGGGATGGTCGTTCATCGGTCAGCGGTGCGGGCGGGGAGCGGGGACGCGTTGCGGTGTGACGACCGCGCGCACCAGATCGCGCAGCACCGTCGGCAGCTCCGCCGCGGAACCGCCGCCGCCGCCCCGGACGATGATCTCCACCTCCACCGGCGCCGCTCGGCCCGCGGCGGGTGGGACAGCGGTCAGGTCGTGGACGGTGACACGGACCGGGACCGGCTCGGGCGCGCTGTCCGCGCGAGGCGTCGTTGGGGCCGCGGCGGTGTGGCGTTCGGCTGGTGCGGGCTTGCCGGGCGAACCGGAGCACACCGGAACCGCGGGGTGGGCCGCGACGGGCGCGGCGAATACACCGGCGGCACAGACCAGCGGGAACGTGGAGAGCAGGGTTCGGGTGAAGGAGTTCATGACTCGACTTTCGGGCCCGAACAGCCGCCGCGGAGAGTACGTCGCACAATTGGGGACAACCTCGCCGGTTGTGGATACCGTGCACTTCACCACCTGTTTCGGCGGTCGTGGCGAGGGGGCGATTTCGGGCCTGGCCCTGCTCCGCGTAGACTGATCAACGCGGTTTGTGCTGTGCACAGCAGGAACCGACTTCGCGCGCCACCCGTGCTCGTCCATCCGGTCGCCGCTCGCAACGCAGGCAGTCCGTGAGGGCATGTCCGTGCGAGTTCTCCGACGGATGAACAGTGGAATCGTCGGCTGGTCCCGGTCTCTCCAGATCTGGGTCCGGCGGTTTCGGTGGCGCCAGGGCAGACGATCGCCGATCGGCTGCGTCAACCGGCAACGAAAGAGAGATACGGGAGCTATGGCTGTCGTAACCATGAAGCAGCTGCTCGACAGCGGCGCGCACTTCGGGCACCAGACTCGTCGGTGGAACCCGAAGATGAAGCGGTTCATCTTCACCGACCGCAACGGCATCTACATCATCGACCTGCAGCAGACGCTGACCTACATCGACAAGGCCTACGAGTTCGTCAAGGAGACCGTCGCCCACGGTGGCACCGTTCTCTTCGTCGGCACCAAGAAGCAGGCCCAGGAGTCGATCGCGGCCGAGGCGACTCGCGTCGGGATGCCCTACGTCAACCAGCGCTGGCTGGGTGGCATGCTCACCAACTTCTCGACCGTCCACAAGCGCCTGCAGCGCCTGAAGGAGCTCGAGGCCATGGAGCAGACCGGTGGCTTCGAGGGTCGCACCAAGAAGGAAATCCTCATGCTCACGCGTGAGATGACCAAGCTGGATCGCACCCTCGGTGGTATCCGCGACATGGCCAAGGTGCCCTCGGCCATCTGGGTCGTCGACACCAACAAGGAGCACATCGCCGTCGGCGAGGCGCGCAAGCTGAACATCCCGGTCATCGCGATCCTGGACACCAACTGCGATCCCGACCTGGTCGACTACCCGATCCCGGGTAACGACGACGCGATCCGTTCCGCCGCTCTGCTCACCAAGGTCGTCGCCTCCGCGGTGGCCGAGGGCGTGCAGGCCCGCGCGGGCCAGGCTTCCGGCGACGCGAAGCCCGAGGCCGGCGCCGGTGAGCCGCTCGCCGAGTGGGAGCAGGAGCTGCTGGCTCAGGCGACCCCGGCCGCCGAGGCCGCCGTCGAGACGCCCGCCGAGGCCGCTGCCGAGGTCAAGGCCGACCCGGCGCAGCACACCCCGGCCGACTTCTGAGCTGATCGGTAGCTCTACGTTCACCTTGCCGGCCCTTCTGAATTCAGAAGCGGTCGGCAAGGTGGTGTAAACACCCAAGCACCCCACACACGAGGAGGCTCGCCCCCGATGGCGAACTACACCGCTGCTGACGTGAAGCGGCTCCGCGAGCTCACCGGCTCCGGCATGATGGACTGCAAGAACGCGCTGGCCGAGTCCGACGGCGATTTCGACAAGGCCGTCGAGGTGCTGCGCATCAAGGGCGCCAAGGACGTCGGCAAGCGCGCCGAGCGCGCCACCGCCGAGGGTCTGGTCATCGCGAAGGACGGCGTCCTGGTCGAGATCAACTCCGAGACCGACTTCGTCGCCAAGAACGCCGAGTTCCAGGAGCTGGCCGAGGCCGTCGTCACCGCTGCCGCCGCAGGCAAGCCGGCCGACCTCGACGCCCTGAAGGCGCTGAAGCTGGACAACGGCACCGTCGACGAGGCCGTGCAGGCGCTGGCCGCCAAGATCGGCGAGAAGCTGGAACTGCGTCGCGTCGCGTCCTTCGACGGCCAGGTCGCCACCTACCTGCACAAGCGTGCCTCGGACCTGCCGCCCGCCGTCGGCGTGCTGGTCGAGTACACCGGTGAAGGCGATGCCGCGGCCGAGGCCGCTCGCGCCGCCGCCATGCAGGTCGCCGCGCTCAAGGCCCGCTACGTCACCCGTGACGAGGTCCCGGCCGATCTGGTCGAGAACGAGCGTCGCGTCGCCGAGGCCACCGCCCGCGAAGAGGGCAAGCCCGAGGCCGCGCTGCCGAAGATCACCGAAGGCCGCGTCAACGGCTTCTTCAAGGACGTCGTGCTGCTCGAGCAGGCGTCGGTCACCGACTCGAAGAAGACCGTCAAGGCCCTGCTGGACGAGGCCGGTGTCACCCTGACCCGCTTCGCCCGCTTCGAGGTCGGCCAGGCCTGATCCGCCCGCACGAGAGCCCTTCGGGAGCAGCGTCGTCTGCCTCCCGAGGGGCTTTCGCCGATTCCGGACGGCCCATGCCCCCGGTTCCGGGGTCACCGCCTCGCGCGAGGGGGTCTTGTGTGATGCCGGGAACCCGGTAAGGCAGGATGGATGCCGCTTCGCCTTGCTGTGCGGCTGCTTCGCGTGCCCGCAGTTCGAACCGCTCTCGACCTTTCCGAAGGAGACGAACACCGATGACCGACCCCGGTACCGACCGCCCTGGATACAACCGGGTGCTGCTCAAGCTGGGTGGGGAGATGTTCGGTGGCGGCGGGGTGGGCCTCGACCCCGATGTCGTGCAGACCGTGGCCGAGCAGATCGCCGAGATCGTCGAGACCGGCGTGCAGGTGGCCGTGGTGATCGGCGGCGGCAACTTCTTCCGTGGCGCCGAGCTCGAGGAGCGCGGCATGGAACGCGCCCGCTCCGACTACATGGGCATGCTGGGCACCGTGATGAACAGCCTCGCGCTCCAGGACTTCCTGCAGCAGCAGGGCATCGACACCCGGGTGCAGACCGCCATCACCATGGGACAGGTCGCCGAGCCGTACCTGCCGCTGCGGGCCAAGCGGCACCTGGAGAAGGGCCGCGTCGTGATCTTCGGTGCGGGCATGGGCATGCCCTACTTCTCCACCGACACCACCGCCGCCCAGCGCGCGCTCGAGATCGGCGCCGACGTCGTGCTGATGGCCAAGGCGGTCGACGGCGTGTTCGACGCCGACCCGCGCGTCGACGAGAACGCCA
NZ_CP089227.1_gap41	1672163	1676669	4506	TCGCGGTCCAGCGGCTGCGGCTGGACCGCCACGACCGCGACGACATCCCCTGGCTGGCCGCCTCGGCGCGCCTCGGCTTCGCCGACCCGCTCGACAGCCACTGCGAGGTGTTCGTGCTCGCCTACTACGGTGGACGGACCTACCGGGCGATCAGCCGGGAACTGGGGTTGCGCGTTCCGGTGGTCGTGCGGCTGCTGGCCGAAGGGGTGGACCGGCTCGCCGAGCAGCGGATCATCCGGTTCGGTACCGCCCAGCGCTGGCGGCCACCGGGCTCGCTGCTGACCCTGGCCGACGCCTACGCCCTGGACGCGGTCGCCGAACTCGAACACCACCACATCGAGAACAAGCTCGCCGCGATCAGCCCGCACACCCTCGCGGAGTTCGCGACCCGCGTCCGCGGTGTGCACGACGTGCTGGCCCACCTGGCCGCCGACGACCAGCGCACCCCGCCCCGGCACCTGGAGACCCGGATCCTGGCCGACGCGTCCGGTACCGATCCGGCGCGGCGCGCGCACTGGACCAGCAGGCCACCGTGGCTGCGCCGGTTCGGCGGTTAGCTCAGAGCACCACCACGTGGTCCTCGGCGACCCGGCCACCCAACCGGACCCAGCCGTCGGAATCCCACTCGGTGTAGAGCTGGGAGCCCCGGCCCTGGGTCACCACCAGCCCGCGCCGCAGCTGCGCGGTGAGCGCGACCGCCGCCGCACCGGTCGCCTCGTCCTCAGCGATGCCCATGGCCGGGGCGAACATCCGCGAGCGCAACGCGCCGCGCGGTTCGTCGGTCCAGGCCCAGAAGTAGTGCTGCCCCTCGGTGAAGCCGTCGGGGCGCAGCAGGGCCAGTTCCTGGGCCGAGTCCAGCTGGTGGAACACGAAATCCGGCGTCCACTCGGCGCGGGCCGTGATCCAGGTCAGGCCGTCGATCTGGGTGACGGCGACCGGTCCCGCGGGCACCTGCAGGGTGTGTACCGGCGTGCGCTGCACGGCCAGCCACCACGCGGTGCCGACACTGGGATGCCCGGCGAAGGGAAGTTCCACGGTGGGGGTGTAGATCCGGATGTCGGCGATGCCGTCGACCGGATCCTGCACGACGGTGGTCTCGCTGAAGCCCAGCCGCGCGGCCAGCTCCTGCTTGTCCAGCGCGACGACGTCGCCGGCGCGGGCGATGCCGAGCGCGTTGCCGAGCTGCCCGGCCGGATCGGTGAACACGCGGACGACCTCGACCTGGATGTCCGGGGCATCGGGCACATCATGTGCGTTCATGGGCGCGAGCCTACCGGCCCGGACAGGGCGCGGCCCGGACCGCGCGGCCGGGTCGTGTCCTCGGGAAACGATCGCGGCCCCGACCGGAAAACCGGTCGGGGCCGCGTCGAGAGCTCGCTCAGACGGCGGCGGTGGCCAGCGCCTCGGTGGACTGCACCGCCTGGCCGACACCGGCGACGATGGCCGCGGCGCGCAGCGACTCGAAGATCACCTCGCGCGAGGCACCGGCCTCACGCAGGGTCTTCTCGTGCGCCTCCAGGCAGTGGGCACACCCGTTGATCGAGGAGACCGCGAACGACCACAGCTCGAAATCGGCCTTGTCCACGCCCGGGTTGCCGATGATGTTCATCCGCAGACCGGCGCGCAGGTCGTCGTAGCGGCCGTCCAGGAACGCCTTGCCGCGGTAGAACACGTTGTTCATGCCCATGATCGACGCGGCGCCCAGCGCGGCCTCGTAGGCCTCGGCGGACAGCACGTCGGCGGCTTCCTCGGCGATCTCGCGCAGCGTGGTCGCCGAGCGGGTCGCGGCGGCCGAGGCCAGCAGGGTGCCCCACAGCTGCTGCTCGCTGAGCACCGTGGTGCGCGCGATCGAGGACAGGTTGAGCTTGAGGTCCTTGGCGTACTCGGGAAGTGAGTTCTTCAGGTTCTCGATGCTCATGACAGTGGGGCTCCTCTGGGGTGTTTCGGGGGGTGAACGGTGGATCAGACGCTGGCCGAGAGCAGTTCGCCCGCGTTGATGGTCGGATCGCCCTTCTTCCAGTTGCAGGCGCACAGCTCGTCGGACTGCAGGGCGTCGAGCACGCGCAGCACCTCGTCGACATTGCGGCCGACCGAACCGGCGGTCACCGAGACGAACTGCACCTCGTTGTTCGGGTCGACGATGAAGGTCGCGCGGTCGGCGACACCGTCGGCGTTGAGAACCCCGGTGGCGGCGGCCAGTTCACGCTTGAGGTCCGACAGGATCGGGAAGGGGAGGGTCTTGAGATCCTCGTGCTGGGCACGCCACTGGAAGTGCACGAACTCGTTGTCCACCGAGGCGCCGAGCACCTGGGCGTCACGGTCGGCGAACTCCTCGTTCAGCTTGCCGAACGCGGCGATCTCGGTGGGGCACACGAAGGTGAAGTCCTTGGGCCAGAAGAACACGATGCGCCACTTGCCCGCGTGGTCGTCGCTGGTGATCTGGGTGAAGTAGTCGTCGGGCTGCTGCGCGTCGACCTTCGACAGGTCACCTCCGATGACGGCCTTGAGGTTGTATGCCGGGAACTGGTCGCCGATCGTCAGCAGAGCCATGCGCGTCTCCTCGTTCGTGGTTGGTCGCTCGTCGTGTGAGCTCGGGGTGATCTTGCCGAAAGCGTACTGAAAGGTAAAGCCGATCGCTCGTCGTACACTGATAGGCGTGACTGATCAGACTTATCAGCCAACCCTGTCGCAGCTGCGTGCGTTCGTCGCGGTGGCCGAGTATCGGCATTTCGGGACTGCCGCAGCGCGTTTGAGTGTGAGCCAACCCACGTTATCGCAGGCACTGGCATCATTGGAAAACGGACTCGGACTGCAGCTGATCGAGCGCAGCACCCGGCGCGTGCTCGTCACCGCGGCGGGCATGCGCCTGCTGCCCCAGGCCAAGGCGACCTTGGAGGCGGCCGACCGTTTCGTCGCCTCGGCCGTGGGGGACGGCCTCGGCGGCGTGCTGCGCCTGGGCATCATCCCGACCGTCGCGCCCTACGTGCTGCCCGAGCTGCTGCCCGAGCTGCGTCGCAAGCTCCCGGGCCTGGTGCCCCAGATCGTGGAGGACCAGACCGCCCGGCTGCTCGACGGCCTGCGCACCGGCGTGCTCGACGTGGCCCTGCTCGCGCTGCCCACCGAGGCGCCGGGGCTCACCGAGATCCCGCTCTACACCGAGGAATTCGTTCTGGTCACCCCGCGCGGGCACGAGCTGGCCGGGCGCACCGACCTGGCCGCCCCGGTGCTGGCCGACATGCCGCTGTTGCTGCTGGACGAGGGGCACTGCCTGCGCGACCAGACCCTGGACCTGTGCCGGACCGCCGAGATCCACCCCGGCGCGGTGGGCGACACCCGCGCGGCCTCGCTGACGACCGTGGTGCAGTGTGTCGCAGGCGGTCTCGGCGTGACGCTCATCCCGGAGATGGCCGTGGCCGCCGAAACCGCGCGCGCCACCCTCGACACCGCGCGCTTCGCCGAGCCCGCTCCCGGCCGCACGATCGGGCTGGCATATCGAGGGTCATCCGCGCGGGCCGAGGATTACGAATACCTCGCGGCGGTGATCCGATCGAAGCGGCCTTTTTAGATCTCATCTGTTCGTGCGACGAAATTCCGGGCCGTCGGTGCTGTCCTTTATAAGGTGACGATTCCGCCATGGGATCGGCACGGCAAAAGTGGGAGACAGACGAAGGAATGGCCATGTACAAAGTACGTTCAACCATCGCGGTGCTCGCTTGTGCGCCGATGATTGCCCTAGGTGCCGGCGTAGCCGGCGCAGCACCCGCAGAGGACCCGGTCCCCGTCGCACCCGCGCCGGTTCAGGTCGAGCCCGTTGTGTTGTCACCGTTCATCACGATCCCCGGTGCCTTCCTCGCGTGCGGCATCGTCTTGATCACGGTTCCCTTCTTGTACCCGGTCTGCGTGGTCTGACACGCAGATGCCGACAACGAGAAGCGCTCATGACACTCCCGCACAACTGGGCGGGAGTGTCCCTACGACATGGGGTCGGTGGTGGATCCTCGCCGCCGCACTGCTGCTGATGTCGGGCCTGGCCGGGACAGCGCAGGGAGCTGCCCCGGTGACCCTCGGTGGTGGCTCCGGCATCGTCCTCGACGACGGCTCTACCTGCACACTCACCACGATCGGCCGGGACGGCTCCGGTCGGCTGGTCGGCTTCACCGCCGCGCACTGCGCCGCGGCCGGTGTCGGCATGGGCGTGGCGGCCGAGGCCGATCAGGAGGCGGGCAACGTGGGCTCGATCGCGTTGCTGAACAGCGAGCTCGACTACGCGGTCATCGCCTTCGACGAGAGTCTGGTGATCCCGGTGAACCGGGTCGGCTCGACCACGATCACCGACGTGGGAGTGCCCGCGCAGTTCCCGGCCGTCGCGTGCAAGGAGGGCCGCACGACCGGGCAGACCTGTGGACTGGTCTACGGCGACGTCTTCGGCGGCGCCACCTGGACGCTGACGCAGATCTGCGTGATCCTCGGTGATTCCGGTTCCCCGGTCGTCGTCGGCACGACACT
NZ_CP089227.1_gap42	1873656	1875717	2061	AGAGCGGCCGCTTCACCGACGGCAGCGGTGGCGCCTACGTGATCCTGGCCGACAGCCTCGAGGCCGCGACGGCCATCGCGCACGCCGACCCGGTCCACACGAGCGGCGTCTCGGAGCTGACGATCTACGAATGGGAGATCGCCGTCTCGGCGTGAAAACCGTTCCACCACAGCCGCACATCCGCGCAGGATGTGCGGCTGTCGTCGTTCCGGGGTCCCGGCGTTCCGCTGCGCGTGGTCGTGAGGTGCAGGAGAATGCAACCAGTATCGAACGCCGTGGGGGGAAGACCGTGAACGCGCAACCATCGCTGAGCAGCTGGCACATGACCCGGGCGCAATACCTGTGGGCCGCACTGGGTATGGCCGTGGTCTTCGCCATCCTCATCATGGCGCGCGGCAGTGTGCGCGAGATCTTCAAGGTGCAGCCGGATTTCGTGCTCGGCCTGTCGCTGTCGATCAGCACGATCTTCTTCACCAAGGCGTTCTCCCGCTCGGCCGTCGCCTCGGCCGTGCACCACATCCACGAGCCGCACGAGCCGAATGTCGTTGCGGCCCTGGACGCCGCGGTCGCCCGGCGGTTGCACGAGATGGGGTTGCACGAGAACGTCGCCCTGCTCGGCCGGGATGTGGCGGTGGCGAGCAAACGGATCAACGAGTTCTACGACCTGCAGGCGATGGAGCCGCGCTTCCACACGACCGCGCCGCTGCTGCGGGTGGCGCTGACCGACCTCGACGACGCGCTGGCCATTCTGAGCCGGGTGGCCGAACGGATCGGCACCACCGAAACCGTTCCGGTGTACCGCATTCCGGACGCGATCAAGTCCCATCTCAACGACGCGCTGCGCGATGTCGTCGAGGCCTCGGCCCGGCGCAACGAAACCTACGAGGCGCTGCGATCCCAGGTGGCGGGGGACCCGGTCGACGATCTGTGGGGCCTGTTCGCGGTGCTCACCTCGGACACGCTCAAGGCGCAGCGTGACCTGGAGTCTCTGGTGTGCAAGACGATCCAGTCGGTGCCCGCCGACCGTATCGCCGTCCTCCAGGGGTATCTCGCGGCATCGCTGAGCAGGCTGGACACCGTGGGTGAGCTGATCCGGGCGCGGGGGCTGGCCGCACCGCCCGCCATGCAGATCATCGCCGAGGACCTGCTCCGAGCACAGGCCAAGCTGACGCGTGCCCAGGAGGCCGGCGAGCAGCCCGGCGTGCCCGCCACCGCGGCCTGAACGGCCCTGCGCCGACGGGGAATCCCGACGGCCTCCGCCGGTGGGTGTACGGGAAACCGGCGGAGGCGCGACCAGCCCTGGGTGGCGCGGGCTGTCGGGGGTGTGCGCGAGGCACGTGGCGATCCTGCTACCTCGAGTGCGCTCGAGGTCAAGCGGTGTCAGCGATCGGCGTGCACCAGCGGGGCGAGGAACCCGGTGACCTGCGCGGTCGACGGCTGACCCAGGCGGCGGCCGAGCACGTCCGGGGCGTCCGCGGCGGCGCGGCACCGGTCGGGGTCGGTGTTCGCCGGATCGGCCGAATAGCGTTCGCCGATCATGATGGCCCGGCCCGCTTCCCGTCCGGTACGCAGCTCGTACACGGTGATCTCGTAGGTCGCCCGGAACAGGTTGACGGTGCGGCCGATGGGGGAGCCGGGCGCGGCCGGGTACTGACAGGTCTGGACCAGCTCGCCCAGGCTCTCCTGCCGCAGACAGGCGATGAGCTGCACCGTCGAGGTGTCGCTCGGCCTCCAGGCCGGCGAACCGCTGGTGGCGACCATCTGTGCGAGATCACCCGAGAGATACGTCGGCCGCGCGCCGTCACGCTGGAATTCCGCGGCGTTCGGGAAAGGCTTGCGGTCGGTGCACATCCGGTCGTAGTCGGCCATCTCGAACCGGCTCGCCTGCACCGCGGTGATGGCGAAGAATCCCGCGCCGAACAGCGCGATGAACAGCAGCAGGCCGATACCGGGCCCGATCCGCGGCAGCCGCCGTTTCCGCTCGGGCCGCTCGCGCACGGGGGTATTGCGCCACCGCTCCAGCAGCGATGACGGGCTGCGCGAGCCACGCTGTTCCCGGTT
NZ_CP089227.1_gap43	1906401	1906967	566	TCAGCGGAACAGCGCGCTGTTGGCCGTGGCCCACTCCGCGTACGCGGTCGCCGGGCGCCCGAGCACCGTCGCGATGTCGCCGGAGACCTCCTGTTCCGCCGCCGTGGGTGTGCCGAGGATGGTCAACGTGTGGTCGGCGACCGCCTCCGGCATGAACCGCAGCAGATTCGCCTTCGCCTGCGCGGGCGTGAGCTCGACGAAGCTGATCGGCTCGCCGACCGCGGCGGCCAGCGCGGCCGCCTGCTCCCGCGGTGTCACCAGGGCGGGACCGGTCAGGGTGTAGGCCCGCCCGGCGTGCTCGTCCGTTCGCAGCGCGACCGCGGCGACCGCGGCGATGTCAGCGGGATCGACCGCGGGCAGGCCGACGCCGCCGAACGGCGCGGCGACGGTCCGCGCCGAGCGCACCGACTCGATCCAGGCGTAGGTGTTGGAGAAGAACCCGCCGGGCCGCAACACCGTCCAGGCGAGATCGGAATCCGCCAGCGCCCGCTCGAACTCCAGGGACCGCGCGTAGCCGTCGGAATCGGGCCGGGTCACCGCGCCCTGCGAGGACACGAACACCACCC
NZ_CP089227.1_gap44	1949367	1950180	813	GCGCTACAAGGAGGACTACCGCGCGGCCGGCGTGCCGATGCTGCCGGTGGTGGCCACCGAGCGGGCCGTCACCAAGCAGATCGTCATCTACACCTGGCTGACCGTGCTGGCCACGCTCGCCCTGGTCCCGGCGACCGGTGTCATCTACGCGGCCGTCGCCCTGGTGGCGGGTGCCTGGTTCCTGCTGATGGCGCACCAGCTCTACGCCGGTGTCCGGCGTGGTGAGTCGGTGAAGCCGCTGCGCCTGTTCCTGCAGTCGAACAACTACCTGGCCGTGGTGTTCTGCGGTCTGGCGGTCGACTCGGTGCTGGGCTGGGACACCGTGGGTAGTTTCCTCGGACTCTGATTCCTCGCGAACGACAGCGGCCGGGTGCGTAGGCACCCGGCCGCTGTCGTGTTCCGGCGGTCGTGCTGATCTGGCCCGATCCGTCGCGGTATTCCGCTGCCGGCGCGCGGGTCTCAGCGGCTCGCCGGTGCGTCGTCCCAGCGGCGTGCCAGGTGGCCGTCGGGACGGATCAGGATATGGGTGCCGGGGGTGGCGGCGTAGGCGGTGAAGGCGTGTCCGTGGGTGTCGACGGCGTGGACATCGTCGTTCGCTACCGCGAGCACGGGGCCTGCGCGGCATGGATGTCGACGGTGCGCAGACCGGACCGGTCGACTCCCGCATGGTGGGTCGGCGCGATGCCCGACGTCGCGGGCGCGAAACGCAACAGGGTCGCGTGCGGGCCGCGGAAGAAGTCGAAGAGCCGGACCGGCTCGCCCGTGGCGTCGGTGAGCGGTGCGTCGGGCGCGCGGTCACCGGCGACGAGTACA
NZ_CP089227.1_gap45	1951297	1954129	2832	CGAGTACCTGTTCGGACATGAGAACTGCCTCCTGACAAAGACTGAATTCAGATTCAGCGAATCTGAATTCAGTTTCAGTGTTGGTACCGTGTCCTGTCAAGGAGGTGCGGCGCGATGGCGGGCAGCAGACGCGAGAAATCCGCGGAGACCGAGCAGGCGCTCAAGGACGCCGCGCGGCAGGTCTTCGCCGAATACGGCTATCTGAACGCGAAGATCACCGACATCACCGCGGCCGCGGGCCGGGCGGCGGGCTCGTTCTACAACCACTTCGCCAGCAAGGAGGAACTGCTGCAGGCGCTGCTGGCCGATATCGCCGTGGCGAGCGACGAGCGCGCGGCCGACCCCGAACACAGCGGCGATTTCACCGACCCGGCGGCCATCCGCTATCACGTACGCGGCTACTGGACCTTCGCGCGCGAGCACGCCGCGGTCCTACGCGCGATCGGGCAGGCGGCCCAGGTCAACCCCGAATTCGCCCGCATCGTCGCGGAATTCGGATCGGCGCAGCGCGCGGACATCGCCGACCACGTGGCGGAATTCCCGGAGCGCGGATTACGGCTGCCGGGCACCGTCGACGCCAGCCTGGCGATGATGTTCGCGGCCGCCGACGGAATGCTGCGCATGGTCGAGGACGGGTCGGTGACCATCGCCGACGACGAGGCGATCGAGTCGATCACCCGCTTCGTCTACCGCGGAATCACCGGCCGCGACTACTGACCGCGCGCTAGGGCAGCAGGACGAGGGATCCGGTGGTCTCGCGGGCGGCGAGATCCCGGTGGGCCTCGGCGGCGTCGGCGAGCGGGTAGGTGGCGCCGATCCGCAGGGTCAGCGTGCCCGCCGCGATCGCGTCGAAGACATCCGCCGCGCGCCACAGGAACTCGGTGCGGGTGCGGGTGTAGGCGCCCAGGGAGGGACGGGTCAGCCACAGCGAACCGGCCGGGTTGAGCCGCTGCGGATCGAAGGGCGGCACCGGGCCGCTGGCGGCGCCGAACAGGGCCAGGGTGCCGCGCACGCGCAGCGCCGCCAGGCTCGCCTCGAAGGTGCTCGCGCCGACGCCGTCGTACACCGCGGCGACCCCCTCGCCGTCGGTGAGGTCGCGGACCCGGGCGGCCAGGTCGTCGCCGTAACGCAGGACCTCGGCGGCGCCCGCCTCGCGCGACAGCGTCTCCTTGTCGTCGGTGGACACCGTGGTGATCACCCGCGCGCCCTTGGCAGCGGCCATCTGGGTGAGCAGCAGGCCCACACCGCCCGCGCCCGCGTGGATCAGTACCGGGTCGCCCGGTTCGGGCCGGAACACCGATTCGATCAGATAGTGCGCGGTCATGCCCTGCAGCAGCGCGGCCGCCGCGACGGTCTGGTCCACGCCGTCGGGCACCTTGACGGCCACCTCCGCGTCGACGGCGACACGGTCGGCGTAGCTGCCCGGCGCCGCGGCCCAGGCCACCCGGTCGCCGACGGCGAACTCGGTGACCTCCGCGCCCACCGCCGCCACCACGCCGGTGCCCTCGGAACCCGGAATGTAGGGCGTGGCCTGCGGATACTGTCCGGTGCGGAAGTAGATGTCGATGTAGTTCACGCCGACGGCCCTGGTGTCGACCAGCAGCTGACCGGGCCCGATCCGCGGATCCGGCACCTCGACGTACCGCAGAACCTCGGGACCACCGTGCTCGGAAACCTGAATCGCGCGCATGAGTCTCCTTTGTACACCCCGTGTTCGACGCCACTCGACGGTGGACTCGCGAGTACCGGCCGGTAAACTCTGGCCCATGAGTGCAACCACCGTCGCCCCCGCCGCCGTGAAGGTGCCTGCCGAGGTCGAGAAGTCCGTCGTGAAGTTCGTCGCCGAGCACGGTGGTTCGGGCACGGCCGTCCTGCAGTACCTCGGTAAGCAGGGCGTGCGCATCACCCTGGTCGGCGCCGACGGCATCCTCGGCGACCGCGTGGTGGCCGACCTGGCGACCGCCAAGGCCCTGGTCGAGCGCGTCCACGGCCTCACCGAGGCCGACGAGTGGAACCGCGAGCTGGTTTCCGTGGTCACCCCGACCGCGTCGCACTGGAAGAAGATGGCGGGGTGGGTCGCCAACCAGACCCGCTTCCCGAAGGCGCGCAACTGGAAGCTCTTCGCCGGCGCCTGAGCCCGGTACACCGACACAGCCCGCGATCAGCGTGATCGCGGGCTGTCGTCGTTCGTGGGTCAGTGCGCGGCGGGCGCGGCGACCGGTGCGGGGGCGTCCACGGTTTCGCGGATCCGCAGGGAGGCCCACAGCGCGGCGGTGGCCGCCGTGGACGCCGCGGCGCCACCGACATGGATGGCGACCAGCGCGGCGGGGACGTCGGTGAAGTACTGGATCACTCCGACCAGCGACTGCGACACCACCACGCCCAGCAGGACGAACAGGCGGGTCCGGATGGCCGGGGTGATCCCGACGGCGAACAGGCCGAAGGCCAGGCCGATCAGCAGCGCGAGATAGCCGACCAGCAGCTGCGAATGCAGGTGCACCAGCGTCACGATCTCGACTTCGAGCCGCGCGACCGGCCGTTCGATGCTCTTGTCACCGGCATGCGGTCCGGCCGCGGTGACCAGCGTGCCCGCGATCAGCACGCCGGCGAGGGCGACCCCGCTCAGCGCGGTCAGCCAGCGCAGGGGAGCGGGCACCTGCACGGTGTCGATGCCGTCGTCGGGTTCGCCGATCTTGGCGAACAGCACCACCGCGAGCCACACCATCACCATCGAGGCCAGCAGGTGCACGGCCACCGTCCACCACAGCAGGCCGGTCCGCACGGTGATGCCGCCGATGATCGCCTGCACGACTGTGCCGCCGGGCATCAGCC
NZ_CP089227.1_gap46	1956091	1959733	3642	GACCGTGGTGGTCTTGCCCGCGCCGTTGGGGCCGAGCAGCGCGAACACCTGGGCCTGCTCGACCTCGAAGATCAAGCCGTCCACCGCGGTGGTCTCGCCGTAGCGCTTGACCACACCGTCGATGCTGACGGCGGGTCCAGGGCGTTTCGTCACGATGTCACACGGTAAGCCGTGCCCTCGTGTGACGGAGCCGACACCCCCGGCTGGGCCCGCCAGGGCAGGCTGTGCCGGGTCAGCGCGAAGAACAGGGCGAAGCAGACCGCGGCCGCCAGTGCGGCGCCGATGATCTGGAAGACCTGGAACTCCGCACCGCGCGGCATCACCAGCATCGAGACCACCGCCGAGAACGCGACGGCGGGCACGCGGAACACCGGCTGGGTCGCCCACGCGGCCAGCGGCACGATGGCCCACAGCAGGTACCAGGGCTGGACCACCGGGAACAGCAGCACGATCGCGCCGAGCGAGACACCGAGGGCGCCGACCGGATGCAGGCGCCCGGTCCCGGTCGCCACCAGCATCCGCACGGTGATGAAGGCCGCGACCGCCGCCGCGATGGGCCGGGTGATCGACAGCAGCGCGGTGGTGTGGTCGCCGAGGCCGAGCAGCACCCCGCCGAATCCGGTGATGATGCCGATGACCGTCGGCAGCGACATCCAGCTGCGCACCGCGTTCGCCACGCTCAGGGTGAAGACCCAGCCGAATCCGAGCCCGCTCGCCGCGCTCACGAAAAGGGTTGTCGCCCCGGCGATCGCGCCGAGCAGCACGGCGGCCTTGACCACCGCCTTCAGGCTGCCGCCCCAGCGCCGGGCCAGCGCCATGCCGACGAAGCCGAGCGCGATGATCGAGGTGAGCTTCACCGACGACGACAGCGTGATCACCACCGCGCCGCCGATCAGCAAGGCGTAGGCGCGCGCGTCGAAGGGCGTGAGGTCGGTGCCGATGAGCCGGTCGGGCTTTCCGCCGTTGCCGTAGATCGCCCGCAGCATCAGTTCCGTGCCCGCGAGCATCAGCCCGAGCATCAGCGCGTCGTTGTGCACGCCGCCGACCAGGTGGAACAGCACCAGCGGGTTGGCCGCGCCCAGCCACAGCGCGCTCACCGGGGCCACTCCGCAACGCACCGACAGCCGCGGCAGCGCCCACACGATGAGCGCGACACCGGCCAGCGCCAGCAGCCGGTGCACCCAGACCCCGGCGATGATGTTGTCGCCGGTCAGCCCCGCGATGCCGCGCCCGATCCACAGGAACAGCGGACCGTAGGGCGCCGGGGTGTCGCGCCAGATGGTGGGCACGTTGTTGGTGAGGACGTTGTCGATGCCCAGGCCCGCGACCGGACCCTCCGCGTACGGGTCGATGCCGCGCGCGGCGATCTCGCTCTGCGCCAGATAGGAATAGACGTCGTTGCTGAACATCGGCGGGGCCACGCTGAGCGGGATGATCCACAGCAGCAGCGTCCGGTCCAGCTGCGAGCGGGTCAGCCGGTGCACGGGCGAGCCGGCCAGCCCGCCGATGGCGAACCGGCCCAGCAGCAGCCAGGCGCCGATCACCAGGACGGTGCCGAACATGCACATGGCCAGCGAGCCGGTGTGCGCCCGCGCGAAGATGCCGAGCACCCGCACGCCCGACACCGGGTTCTGGTGGACCGGCTGGGCGCCGATGCCCAGGGCCGCGATCGCCATCAGGACCGCGCCGGTGGCGCCCATCAGCCGGATCCGGTCCAGTTGCGCGCGTTCGCGCCGATCCAGACCGGGCACTTCGCTCTCGTCGCGGTGCAGCACCGCGACGGTGTGATCGGGCGTCGGCACGTCGAACCCGAGGGCCCGTCGCCCGAACGCCAGTGTCTTGCGCGCCGCGCCCTCCAGTACCGCCACGAAGAGGGAGCCTAGTGCGATCGGTCACCGCGGGTGGCCGGGCCCGCTCGACCGGCGCGGATCGGCGCCGCTACCGGGGCAGGGGCGCCTCGCTGACGGTGGGCGCGGGCCCGAACGTCACCATGGGCCGGTTGCCGTCCAGCACCAGCGCCGCCGCCACCGCGACACCGAGGCAGACCGCCGCGATCACCCCGAGCGAGGCCCAGCCGAGGGTGCGCGCCGCCTCCGGGGTGCGCGCGTGCAGCCAGGTGGGCACGAACAGGATGCCGAGCGCGGCGAGGGTGCCCGCGGCCAGACCGCCCAGGTGACCCCACAGCGAGATCCCGGGTAGCGAGAAGCTGATCAGCACGTTCACGCCGATGACGACCAGCATCGGCGTCGGGCTCTGCCGCAGCCGGATCAGCGTCACGGTGACCGCGCCGAACAGGCCGTACACCGCGCCGGACGCGCCCGCGGTCGCGCTCAGCGAGTCGGCCAGCGCCATCACCGCCGCCGAACCGCCGAGCAGCGAGACGAAATACACCGCGGCGAACCGCACCCGGCCCAGCACCCGTTCGAGGTCGCGTCCCACGACGTAGAGCGCGAACATGTTGACCAGCAGGTGGATCGCGCCGTAGTGCAGGAAGCCGGAACCGAGCAACCGCCACCATTCGCCGTCGGCCACCAGCAGCGGCACCAGCACGAACTCCCGGAAGAGCGCCGAGCCGCGATAGTTGTCCATCGGGCTGCCCGCCTGCGCGGCGGTGACGAGATAGACGAGCACGTTGATCGCGATGAGCGCGTAGGTGACATACGGCACCGCGGCAGCGCCGGCGGGCGCGCCGCCGACGGTGCGGACCTGCCGCACGTCGCGCTGCCCCTGCCGCATGCAGTCGACACAGTGCTGGCCCACCGACGCGGGCCGCAGGCAGTCGGGGCAGGCGGGCCTGCCACACCGCGTGCACGCGAGTCCGGTGGGTCGATCGGGATGGCGGACACAGGTGGCTGCGGGCGGGGTGGACACCCTGCCATCGTGCCACGGTCGGCCCGGCCCCCGCGCGGCCGTTTCGGTTGCCGCAACGGGGCTATGACCGGGGCATGACGTCCTTCTGGTTGCACGACGCCGAGGTCCCCGCCCGATTGCGGCTGACCCCCGGCTCCCGGTACGAGACCGTCGTCCTCGGCGGCGGCCTGGTGGGCCTGGCCACCGCGTTGCTGCTCGCCGAGGCGGGCCGCGAGGTGGCGGTGGTCGAGGCGAGACGGGTCGGGGCGGGCACCACGGCCGCCTCCACCGCCAAGATCTCGCTGCTGCAGGGCACGCGGGGGCAGCGGATCGCGAGCAGGCACGGCAGCGCGATCCTGTCGCGGTACCTCGCGGCGAACATCGACGGCCTGGACTGGCTGCTGAACTTCTGCGCGGGCCACGACATCGACACCCAGCGGGTGTCCGCGCTCACCTACGCGCAGGACACGTCCGAGATCGCCGCCGTACGAGCGGAATTCGAGGCCACCCGGGCGGCGGGGCTGCCCACCGAATTCGTCGACGATCTCGACGTCCCCTTCCCCGCGTACGGCGCGGTGCGGCTGCGCGAGCAGGCCCAGGTGGATCCGATGGCGCTGCTGGCCGCCCTCGCCGCCGACGTCGAGGCGCACGGCGCGCCGATCTTCGAATCCACCCGCGCGCAGAGCCTGCGCCATCGCGACGGCGAGGTGGTGATCGGCACCGAACACGGCGAGGTGCGGGCCGCCGACGTCGTCGTGGCCACCGGCACCCCGATCTTCGACCGCGGCGGCT
NZ_CP089227.1_gap47	1963964	1968458	4494	CATTCCGGAAGACGTCGCCCGCCGCCTGGTGGTGCGTGGCTTCTTCCACGAGATCATCCAGAAGATCGCGGTCCCCGAGGTCCGGGAGCGGCTGGAGGCGGCCATCGAGGCCGAGCTCGCCACTGTCGGTATCTGACACCCCTCTCACTTCCCACGAAGGAATTCGAATTCGATGACCACCTTGGAAATCAAGGACCTGCACGCCGAGATCACCACCCCCGAGGGTGAGTCCAAGAAGATCCTCAACGGCGTGAACCTGATCGTGAAGTCCGGCGAGACGCACGCCATCATGGGCCCCAACGGCTCGGGCAAGTCCACGCTGTCCTACGTGATCGCCGGTCACCCGAAGTACACCGTCACCCAGGGCACCATCACCCTCGACGGTGAGGACGTGCTGGAGATGTCGGTCGACGAGCGCGCCCGCGCCGGCCTGTTCCTGGCCATGCAGTACCCGGTCGAGGTCCCCGGTGTCTCGATGTCGAACTTCCTGCGCACCGCCGCCACCGCGGTCCGTGGCGAGGCCCCCAAGCTGCGCACCTGGGTCAAGGAGGTGAAGGAGTCGATGAGCGAGCTCGAGATCGACGCCGCCTTCGCCGACCGCAGCGTCAACGAGGGCTTCTCCGGTGGCGAGAAGAAGCGCCACGAGGTGCTGCAGCTGGGTCTGCTCAAGCCGAAGATCGCGATCCTCGACGAGACCGACTCCGGCCTCGACGTCGACGCGCTGCGCATCGTCTCTGAGGGCGTCAACCGCTACAAGGAGCGCGGCTGGGTCGATGGCTCCGGCGAGCCTACGCGTGGCGGCGTCCTGCTGATCACGCACTACACCCGCATCCTGCGCTACATCAAGCCCGACTTCGTGCACGTGTTCGTCAACGGCAAGATCGTCGCCGAGGGTGGTTCCGAGCTGGCCGAGGAACTCGACGCGAACGGCTACGTGCGCTTCACCTCCGCGACCGCTGGAGCCTGACATGACCGCTACGGTGCCCGCCCTCGACGTCGCCCGGATCCGGGCCGACTTCCCGATCCTGAACCGCACGGTCCGGGACGGGAAACCGTTGGTGTACCTGGATTCCGGTGCGACCTCGCAGCGTCCGCTGCAGGTGCTGGACGCCGAGCGTGACTTCCTGCTCACCCGCAACTCGGCGGTGCACCGCGGTGCCCACCAGCTGGCGGAGGAGGCGACCGACTCCTACGAGGACGCCCGCGTCGCCATCGCGAAGTTCGTCGGCGCCGACGCCGGCGAGATCGTGTTCACCAAGAACGCGACCGAGTCGCTGAACCTGGTGGCCAACGCCTTCGGTGACGACCGGTTCCCGTACCACGTGGGACCGGGCGACGAGATCGTCATCACCGAGCTCGAGCATCACGCGAATCTGGTGCCGTGGCAGGAGCTCGCGCGCCGCACCGGTGCCACGCTCAAGTGGTACGGCATCACCGACGACGGCCGCATCGACCTGGACTCGCTGGAGCTGTCGCCGGCCACCAAGGTGGTCGCGTTCACCCACCAGTCGAACGTGACCGGTGCGGTCGCACCGGTGGACGAATTGGTCCGCCGCGCCAAGGAAGTCGGCGCGCTCGTGGTGCTCGACGCCTGCCAGTCGGTGCCGCACATGGCAGTGGACTTCCGTGCGCTCGGCGTGGACTTCGCCGCGTTCTCCGGGCACAAGATGCTCGGCCCGATGGGCGTCGGTGGGCTGTACGGGCGGCGGGCGCTGCTCGAGGAGACCCCGCCGTACATCACCGGTGGGTCGATGATCGAGACCGTCACCATGGAGCAGACCACCTACGCGCCGCCGCCGCAGCGCTTCGAGGCGGGCACGCCGATGACCTCGCAGGTCGTCGGGCTGGCCGCCGCGGTGCGCTACCTGGAAGACCTCGGCATGGACGCGATCGCCGCGCACGAGCACGCACTCACCGGCGCCGCGCTCGAGGGGCTGCGCGGGATCGAGGGCGTGCGGATCATCGGGCCCACCGAGAACGTGGACCGCGGTGGCGCGGTGGCGTTCGTGGTCGACGGCATCCACGCCCACGACGTGGGCCAGATCCTCGACGACCAGGGTGTCGCCATCCGGGTCGGGCACCACTGCGCCTGGCCGCTGCACCGCAAGTTCGGTGTCGCGGCGACGGCGCGCGCGTCGTTCGCCGTGTACAACACCCTCGACGAGGTGGACGCGCTGGTGCAGGCCGTGCGGAAGGCTCAGACGTTCTTCGGAGTTGCATAGACCATGCGCATGGAGCAGATGTACCAGGAAGTGATCCTGGACCACTACAAGCACCCGCATCACCGCGGGCTGCGGGAGCCGTTCGGTGCCGAAGTGCACCACGTGAACCCGACCTGCGGTGACGAGGTGACCCTGCGGGTGAACATCGACGACGCGGGCGAGATCGCCGATGTGTCCTACGACGGACAGGGCTGCTCGATCAGCCAGGCCGCCACCTCGATCCTCACCGATCAGGTGATCGGGCTGCCGGTGCAGCAGGCGCTGAAGGTGGTCGACTCCTACAGCGAGATGATCTCCAGCCGCGGCACCGTCGACGGCGACGAGGACATGATCGGCGACGGCATCGCCCTGGCCGGCGTCGCGAAGTACCCGGCGCGCGTGAAGTGCGCGCTGCTGGGCTGGATGGCGTTCAAGGACGCCGTCGTGCAGATCGCCTCGGCCGAGGAGGCCAAGCCCGCCATGGGAAATGGGGAAGCGTGATGAGTGAGACACCCGAAGCCACCGAGACCGCCGCTCCCGAGGTGGAGCTGACGCCCGAGCAGATCGAGCATCTCGAGAACCTCGAGGAGGCCATGCGCGACGTGGTCGACCCCGAGCTCGGCATCAACGTGGTCGACCTCGGCCTGGTCTACGGCATGTCGGTCGACGCGGAGAACATCGCCACCCTCGACATGACGCTGACCTCGGCGGCCTGTCCGCTGACCGACGTCATCGAGGACCAGTCCCGCAACGCCCTGGTGCGCAGCGGCCTGGTCGAGGACCTGAAGATCAACTGGGTCTGGATGCCCCCGTGGGGCCCGGACAAGATCACCGAGGACGGCCGCGAACAGCTGCGCGCCCTCGGCTTCACGGTCTAGCCACCGAACCCGCACCGCAGGCCCGGATCCGCACGGATCCGGGCCTGCGGTGTTTCCCGGTGATGCGCGGGTAGGGCCCGGTGTGATTCCCTCCATTCGAGTTGCGGCGAGGCGACATTCGGTGGTCCCCTTAGCGGTTCCGGAATTCCGGAGCTGGTTTCAGAGGAGATTTTCGAATGAGTTTCACAGGTAAGGCCGGCGTCGCCGTCGCGGCGCTCGGTCTTGCGGCGGGGTCGATCTTCGGCGCCGGTACGGCGAACGCGCAGAGCCTGCACGGCGCGATCGCGTTCAGCGAGGAGAACTGGACCTACGAGTCCAGCTTCGACTGGCCGAGCTTCGAGGAGGCCAAGGACCGGGCGCTGACCCGGTGCGGCTATGACGACTGCGAAGTGATGGTGTCGTGGGCCAACGGCTGCGGCGCGCTGGTCTGGAATGACCAGGGCTGGGTCGCCGCCGCGTCGGGCCCCAACCGCAGCGAGGCCGTGCGCAAGGCCATCGACAAGCTGTCCCAGGGTGTTCCGGTCGCTCAGCTGGCGAACTTCGGTTCGTCCGATCTCAGCGGTACCAAGGTCGTCGAGGTCGTTTGCACCTCGAACGCGAACTGAGAGCGGAGAATTCGATGAGTCTGCTGGGTAAGGCCGCCTTCGCGGTGGCCGCGCTGGGTCTGACGGCCGGTTCGGTGTTCGGCGCCGGTGCGGCCAAGGCCGACGGCCTGTACGCGGCGTTCGCGGTGAGCGACGCCGAATGGGTGTACGGCGTCGGTGTGAACGAGGCGAGCTACGCCGACGCCGAGGCCGTCGCGCTGGACCGCTGCGGTGTGTCCGACTGTCAGGTCATGCTGTCGTGGGCCAACGGCTGCGGCGTGCTGGTCGAGAGCGAGGACGGGATCGCGGTCGCGAGCCGCCCGACCCGCGCCGAGGCCGAGCAGGCGGCGTACGAGAAGCTGTCGGAGATCACCCCGACCGCGCGCCTGGCCAACTTCGGATCGTCCAACTTCAGTGGCGCCGAGACCGTCCGGGTGGTGTGCACCGCCAACGCGGGCTGAGCGCACCGGAAGACAAGGGCCCGGATCCGGCAGGATCCGGGCCCTTGTGCGTGGTCAGACCGTTTCGGGTTCGGTGAGCGAGGCGATCCAGGCGCCGATCATGTCGGCGGTGTGCTCGACGACCACATCGCGGTCCATGCCCTGGTCCTCCATCTCGACCGAGCGCAGCGCGGTCGCGAAACCGGCGTTGAGCACCACGAAGGCCATGGTGTCGATATCGATGTCGGTGGTGGGTCCGATCAGGTGCAGCAGGTACAGCTTCATGATCATGCGCAGTCGGGGCTCGAATTCCGGGATGCCGCTGCCGTAGAAGTGCAGATCGGCGACCAGGGCGCGCACCAGTGGCCCGTTGGCCACCAGGATCTCCACC
NZ_CP089227.1_gap48	1974587	1978404	3817	ACCACCCGGTCGGAGTCCAGCGCCACCCAGCACGCGTTGTCGGGACTGTCGAGGTGTTCGGCGACCGCGGTGAGCGACCACGACGTGTAGGGCTTGGTGGTCGTGTCGAACACCTGGTGACCGAGGTCGAGGACTTGACGCAGATGTCCCAGGCCCATCGGCACGACAGCGATCGCGGAGTCCATGGCCGCCAGTGTGCCCTACGCGCCCTTGCGGGCCGCGGACTTGCGCTCGGTGGTTTTGCTCGCCGTCGACTTGCGCGCCGCGGCCTTCTTGGCCGGCGCCTTCTTCGCGGCCTTCTTCTTCGGGGCGGGCTCGGCCTCGCGGCGTCCGCTGGCCTCGAGGCTGCGCTGCAGGGCCGCGACCAGGTCGACGACCTCGGCGTCGGGCTGTTCGGCGGGTTCGGCCGCGGCGGCGGTGTCGACCTTGCCCGACCCGCTCGCGATCGCCTCGTCCAGCAGCTTCTGCAGTTCGATCTGGTATTCGTCGGTGTACTCGCCGGGGTCGAAGTCGCCCGACATCGACTCCACCAGGGTCTCGGCCATCTTCAGTTCCTGCGGGCGCGGCGTGGGCGCGTCGTCGAGCGCGGGGAAGTCCACCGACCTGACCTCGTCCGGCCACAGCAGCGTCTGCAGGACCAGCACGCCCTCGCGCACCCGTAACGCCGCCAGCCGCGTCTTCTGCCGCAGGGTGAAGTGCACCAGCGCGGTCTTGTCGATGCGTTCCAGCGTGGCGGCCAGCAACTGGTAGGCCTTGGGCGTCGAGGAATCCGGTTCGAGGTAGTAACTCTTGTCGAACAGGACCGGGTCGATCTGTTCGGACGGCACGAACTCGAGCACCGGGATCTCGTGCTTCTCCGCGGCGGGGAGTTTCGCGAAGTCGGCATCGGTGAGCACCACCTGGTCGCCGTCGGGCGAGACGTAGGCCTTGTCGATGTCGGCGTACTGGATGGATTTGCCGCACACCTGGCAGACCCGGTCGTACTTGATCCGGCCCCCGTCCTCGGCGTGGACCTGGTGGAACCGGATGTCGTGGTCCTCGGTCGCGGTGTACACCTTGACCGGGACGTTGACCAGCCCGAATGCGATCGAGCCCTTCCAGATCGATCTCATAACTGCCAGCATGCCCGAAGTGTGCCCGGGGGGCGAGCGAGTGGCACCGAACCGGTGCCCGTCCGTGATGCGGCGGTGCTGGTAATCGGCGGGTCTGATCCAATCGACGGGTGCGTGCCCCGGTGATCGTCTGCGGACTAGGCCCGGCCGGGCGGGCCGTTGCCCATCGGGCGCTGGCCCACGGCCTGGCCGTCACGGTGATCGACCCGCACCCCGACCGGGTGTGGACGCCGACCTACGCGGCCTGGGCCGACGAACTCCCGGAGTGGCTCGACCCGGCCGTGGTGGCCGCGACCGTCCCCGCGCCGACGGCGTGGGCGCTGCGCGAGCATCGGATCGATCGTCCGTATCAGGTACTCGACACCGCCGCCCTGCAACGCTCGCTGCGCGTCGATGGTGCCGAAGTGCTCGCCGACCGCGTACTCGCGCTGGACGCGCGCGCGGGCACGGTCCGCACGGCGACTGGACTCGTCCGCACGGGCCGGGTGATCGACGCGCGCGGGCTGGCCCGGTCACCGCGCCGGGCCGAGCAGACCGCCTACGGCGTGATCCTGCCCCGTGCCGGCACCGACGGCCCACCGCTGTTCATGGACTGGCGGCGCGACAACGGCACCGGGCCGGATGACCCGCCGTCGTTCCTCTACGCCGTGCCCCTCGGCCCGGACACCATGCTCTACGAGGAGACCTGCCTGGCCGGCCGTCCCGCCCTCGGCCCCGATGTCCTGCGGCAGCGCCTGGAACATCGCCTGCGGGCCCGCGGCATCGCCGTCTCCGGCACGGAACCCGTCGAGCGCGTGCGCTTTCCCGTGCAGGGCGGTACTCCGGGCGGCGGCCGCTTCGGTGCGGCGGGCGGACTGACCCACCCCGCCACCGGCTACAGCGTCGCCGCCTCGTTGCGTGCCGCCGACGCCGTCGCCACCGGATCGGCGCCGCGGCCGCCCCAGGCGCGCGCCGTGGCCGCCCTGCGCCGTGCGGGACTGCGTGCGCTGCTGGCCATCCCGCCGCGCGACACCGCGGTCTTCTTCGACGCCTTCTTCGCGCTGCCCGTGCCGAAGCAGCGCGCGTACCTGTCCGGCGACGACGATCTGCGCGGCACCGTGGCCGCGATGGGCGCCCTGTTCGCCGCGCTCCCGCCGCGGTCGCGCCGCACTCTGGTGACCGCGGTCGCCGGGGCGAGCGGGCGGCCGATCCGCTAGCGGCGTCGACGTCGCCCCGAGGCCCGGCGGCCGAGCCACGAAGTTGCTACCATCGCCGAGCGAACGCGCCGACCCGCCAACAGGATCGGGCCGACGAGGCGGACCGGCCCGGCAGCTCCGGACCCCCGCCCGGCGAGATACGCGGCGCCCAGTTGCGTGACGAGTTAGGGGAATATCCGGTGTTCGAATTCACCAAGCGGCGCAGCCGCTGGGTGCTCGGCGTGTTCGCGGTGCTCGCAGTGGTGCTCGGTGCACTCGGCGCGATGCTGTTCGAGCGGGTGGAGGGCGGCGGGTACTCCGACCCGGGTGGGGAATCCAGCAGAGCGCTCGCGGTGCTGCGCGACGACTTCGGGCAGTCGCCACCGAATCTGTTGCTGCTGGTGGAGACCGAATCCTCGGTCGACGACCCCGAGGCCACCGCCGCCGCCACCGCGCTGGTCGCGAATCTGCAGGAGCGCGAGGGCATCACCGATGTCCAGTCGTACTGGACCACCCATCTGCCCGCGCTGCGCAGCGTCGACGGCAAGCAGGGCATGATCGTCGCGACCGTGCTCGGGTCCGAGCGCGAGATCGACGAGCGCGTGGCCGCCGTCGCCGACGAGCTGACGGGAACCCAAGGCGCGCTGCAGGTCAGGGCAGGCGGCTACGCCATGCTCATGCACGAGACGGTGCAACAGGGCAAGGTCGACGTCGCCAAGGGCGAGGCGATCGCGTTCCCGTTCACGCTGATCGCGCTGCTGTTCGTCTTCGGCGGCCTGGTGGCGGCGAGCCTGCCGCTGCTGGTCTCCTTCGCCACCGTGCTCGCCACCATGGGCGTGCTGACCCTGTTCACGGTGATCACCCCGCTCGCGGTGACCGCCACCAATGTGGCGACCCTGCTGGGCCTGGGCCTGGCGATCGATTACAGCCTGCTGGTGGTCAACCGGTTCCGGGACGAGCTGGGCGCGGGCCGGTCGCCCGAGAGCGCGGTGGCGGTCACCCTGCGCACCGCCGGTCGCACCGTGGCGTTCTCGGCGCTGACCGTCGCGGTCGCGCTCGCCGGTCTGCTGTTCTTCCCGCTGCTGGCCATCCGCTCGATGGGCTACGCGGGCATCATCGTCGCGGCGCTGGCGGCGGCGGTCTCGCTGACCCTGCTGCCCGCGATCCTGCTGCTGCTCGGCTCGCGGATCGACAAGGGCCAGATCGGCTGGTGGTTCCTGCGGGCGCCGCGCCCGGCCCAGGGTGAAGGTGCCTGGCATCGCCTGGCCACCGCCGTGATGCGCAAGCCGATCCCGATCGGCCTGGCCGTCACCGCGCTGCTGCTGCTCCTGGGCGCGCCGTTCCTCGGTATCAAACTCGGTTTCCCCGACGAACGCTCGCTGCCGGAATCGATGAGCTCGCGCCAGGTGACCGACATCGTGCACCGCGACTTCGGCGAGAGCGACCAGGACACCCTCGTGGCCGTCCTGCCCGACAGCTCCTACAGCGCCGAAGGCCTGGACGCCATCGCGCGCGACCTGTCCGACCTGG
NZ_CP089227.1_gap49	1992772	1995226	2454	CCGGGTGCTGCGCCGCCTGCGCCGGGAGTTCCTGCGCAGGCACCTGCCCACCGTGTACCGCTCGGCCACCGACGATCTGGGCCGCGCGCTGCGGCTGACCCGGCTGGCGGCCACGGTCACCGCGCTGTTCCCCGGCCTGCTGCCGACCGCCGAGCAGCTGGCCGCCGACGCCGCGGTTCCGCAACCGGCCAAAGAGGGCTGGGAGATCGATCAGGGCATCTTCTTCCAGGCGGTCTTCGCCGATCCCGAACTGGGCAACCACCTGCTCGACGCGATGCGCGCGCCCACCGGCGCCGCCCTGGACCTGCTCGCGGAGTTCCGCGACAGCGGGGTGGTCACCCTGCCCGCCGTACGGCTCGTGCGCACCGGCACGACGGCCACACTCACCATCACCAACACCGCCTGTCTCAACGCCGAGGACAACCAGCACGTCACCGACATGGAGATCGCGGTCGACCTGATCCTGCTCGACCCGGCCACCCGGGTGGGCGTGGTGCGCGGCGGCGTGATGGACCATCCGCGCTATCGCGGGCGCCGCGTGTTCAGCGCGGGCATCAATCTCGCGCACCTGCACCAGGGCAAGATCTCCTTCCTGGACTTCCTGCTCGGCCGCGAGACCGGCTACATCGCCAAGATCCTGCGCGGGCTCACCACCGAGGACCACACCTGGCCCGCCGTCCCGGCGACCAAGCCGTTCGTCGCGGCGGTCGACGCGTTCGCGATCGGCGGGGGCGCGCAGCTGCTGATGGTGTTCGACCGGGTGATCGCCGCCGCCGACAGCTTCGTCAGCCTGCCCGCCGCGCAGGAGGGGATCATCCCCGGCGCGGCCAACCTGCGGCTGGGCCGGTCGGCGGACCACCGGCTCTCCCGCGACGTCATTTTGTGGGGCCGGCGCATCTGGGCGACCGAACCCGAGGCGCGTGCGATCGTCGACACCGTCGTCGATCCGGCTGAGATGGACGCCGAGATCGACCGCGCGGCAGCCCGATTGGCCGCACCGGCGGTGGTCGCCAACAAGCACATGCTGGTCGTGGCGGAGGAGCCCCAGGACGTATTCCGGCGCTATCTGGCCGAATTCGCGCTGCACCAGGCGCTGCGGCTGTATTCGCCCGACGTGCTGGCCAAGACCGAACGCTTCGGGCGCAAGGCGGACCGATGACCACCACCACCGCCGCGCGCACCGTCGACTACCGCAAGCAGGGCCGCGTCGCGACCGTGGAACTGAACCGGCCGCACGTGCTCAACGCGATGAACCGGGCCATGCACGCCGAGCTCGCCGAGATCTGGGACGACATCGAGGCCGACGAGAACGTCTGGGTCGTGGTCCTGAGCGGTGCGGGCGACAGGGCCTTCTCGGTGGGCCAGGACCTCAAGGAACTGGCCGGGCGGATCGGGGACGGCGAGCCCACCCGGTCCTCGTTCGGCAGCGCGGGCAAGCCCGGCTATCCGCGCCTGACCGAACGGTTCTCCTTCGCCAAGCCGATCGTGGCGAAGGTGTCGGGCTACGCCCTGGGCGGTGGCTGCGAACTCGCCCTCGCCTGCGACATCGTCGTCGCCGCCACCGATACCCGATTCGGGCTGCCCGAGGCGAAACTGGGCCTGATCCCCGGCGCGGGCGGTGTCTTCCGGCTGCCGCGCCAGATCCCGCACCGGGTCGCCATGGGGCATCTGCTGACCGGACGGCCCCTCCCGGCGGCCCGGGCCTACGAGCTCGGCCTGATCAACGAGGTGGTCGACGCGGCCGAGCTGGACGCGTGCGTGGACGGCTGGGTCGCGGACCTGCTCGCCTGCGCCCCGCTGTCGGTGCGCGCGATCAAGGAGGCGGCGGCGCGCTCGGCGACCCTGCCGCTGCCCGCGGCCTTCGCCGCCGACTACCCGTGGGAACGCCTGCGCGCCGACTCGGCCGACGCCACCGAGGGCCCGCTCGCCTTCGCCGAGAAACGCCGCCCGAACTGGACCGGCCGCTAGCCGCTCGAACCGATCGACCGAGGACACCCATGCGTACCCCCGATACCTACATCGCCGCCGTCGGCTCCTTCCTGCCCGCGACGGTCCGCACCGAAGAGGCTGTCGCCCAGGGGCTCTACCCCGCCGAGACCGCCGAGATCCACGAACTCGGCGGCGCCGCCGTCGCCGGGCCCGTCCCCGCGCCGGAGATGGCGCTGCGCGCCGCCGAAGTCGCCGTGAAACGCTCCGGCCTGGCCGCCGAGGACCTGGACCTGCTGCTGTACGCCAGCACCTGGCTCCAGGGCCCCGAGGGCTGGCTGCCGCACTCCTATCTGCAACGCCACCTGGTCGGGCCGATCCCGGCGCTCGAGATCCGGCAGGGCTGCAACGGCATGTTCTCCGGACTGTCGATGGCCTTCGAATACCTGCGCGCCGACCCCGCCCGCACCAGCGCGCTGCTGGTCGCCGCCGACAACTTCGGCACCCCGCTGATGGACCGGTGGCGGA
NZ_CP089227.1_gap50	2025291	2026382	1091	GAGCGGCGCCGACGTCGACTGGTTCCGCGCCGTCACCCGTGAGCACGCCAATTTCCGTGCGGCGCTGCAATTCTCACTCCACGATCCCGCCGGGGGCAGGCGTGCGCTCGGCCTGGCGACCGAGCTGTGGCCGTTCTGGGAGCACTGCCACTTCCTGCTGGAGGGGTACCGCTGGCTGTCGGAGGCACTGGCCCGGGACACCGAACGCAGCGTCGACCGGGCCAGGGCGCTGGCGGCGTCCTCGGTGATCGCGGCCATGCTCTCCGACACCGCGACGGCCGGGGAGTTCGCCGCGGCCAGCGTGGAGATCGCCGTCGAATCCGGCTCGGTGGAGGTGCTGGCCGAGGCCGACATGGCCCGGGCGGTGCTGGCCTTCGGTGCCGGTGAGCTGCGCACGGCGCTCGACATCGCCGTGGCGGCCTCGAGCGTGGCCCGCGACTGCGCCCACCTGCGGGTGGAGATGGAGAGCCTGGCGTTCGGCGCGGTGTGCGCGCTGGCGCTGGAGGACCCGCTGGCCGGCGTCATGGCCGAGCGTCTGCTCACCTTGACCACCGAGCACGGTTCGCATCTGCTCGGCGGGCTCGCGTATTGGGCGGTCGGCACCCAGCGGTGGCGCGACGGCGATCAGCAGGCCGCGATCCGCGCGCTGCGCCACTCGATCGAGCTGTTCCGGCTCTTCGACCGGTGCGCCTGGCTGGCGACCAGCGTGGACGGGCTGGCCTGGGCCGCGGCCGCGGACGGTGACCCGGTGCGCGCGGCGCGGCTGATGGGCGCGGCCTCCACTGTCCGCCAAGGCAGTTCGCAGCGGCTGGCGCACGCGATGACCCATCTCATCGGTCACCGGGTCCGCGACCAGGTCGAGGACGCGCTGGGCGAGCAGGAGTTCGCGGCCTGCTTCGACGCGGGCGCCGCGCTGCCGCTCGACGACGCCGTCGACTACGCCATGGACACGACACCGCCGCCGCCCGCCGTCGCCGCACCGGCGGGCCCGGACGTGCTGACGCGCCGGGAACGCGATGTGGCCCGGCTGCTCGCGCGCGGGTACGGCAACCGCCGCATCGCACAGGAACTGGTGATCTCCATCCGCACCG
NZ_CP089227.1_gap51	2034564	2037064	2500	GCGCCCGTGCCCAGCAGCACATCTGCGACATCGAGAACGATGCGCGATCGGCGGGGACCGCGTTGGTGGGCGGGGGTGCCCGGTATGGCGCTGCCGGTCAACCATGTCTCGAGTTGATCGCGTAGTGCGTGGAGAGTCGGGAGGTCGGCAGCTCGGGGTCGTTGGGCGTTCCGGGGGATGCGAGCGACGTTCAGCATCGGGTTGTGAATGATGACGTCGCGGCGAACGGCGAAGCCCATCATGCCTTTGAGAACTACCTTGTGCGCCCGCGCCTTCGACGGCGATGTGCGGGCCACCTCCCTGAGGTAGGTGTCCAGCCGCGTGGTGGTGGCTTCGCGGATGCGCAGTCCGCCCAGGGATGTGTTGATCTTGACGGTGTCCTTCCGGCCACGTTTTTTGGCGACATAGATGTGGGAGCGGTATTCGTCGATCGTTTGCGACGTAATGCGGTTTTCGAACTCGAGTTCGGCAAGCCAGAAGGCGGCCAGGTCGCAAAGCTTGGTATCCAGGGTCAGTTCCGCGCTTGAGCTGGAAGCCCGCCGCCGCTCTTTCAGACGGTCCTTCAACGCGGCGACGGCGCGCGCCCTTGTTGGGCCGTACGCCTGAACAGGTCGTGTGGTCCCGTCATCGTCACGAAAGCGAGCGCTCGCTCGCCAGCTGCCGTTGGGCTGTCGTTTGGTGTTGATCGCTCCGTAGGTGCCGATGGCAAGTGGCGGATTTGGCATCAGTTCTCCCAGTAGGCGGGCGATATCCGTTCGATCGGGCATCGTCGGACGTTGGCCGCGCAGTCATGGCCCACAGACCGTTGGCGTCGCATGGGGCGTGGGTCTGCAGGCTTGATCACGACGAGTGGGTCGCAGTTGGGGTCGTGGAATGTGGCCGCATGGTGGCGCAGAGGGCGGGGGAGCCGATCGAACTCGACTCGATCTGCTGTAGGTCCGCATCGTCATAGCGGCTCAAAAGAGGGGCTGTTCATAGAGGTTCAGCCGCGAACCACATGGCGATCGTGGTCAGCGACTAGCCGCCAGATGGTCGTAGACGCTGAGCTTCCCAGTCACGGATGTCTCCGAGCCTGTACCGGCGGTAGCGGCCCATGCGGGCGAAGCGAGGTCCGGTTCCGGCGGACGCCCAAGCCGCGAGTGTCTTTATCGGGATATTCAGACGGGCTGCCAATTCAGCTGTGCTCAACCAGGTTTCATCGTCTGGTTGGGGTTGTCGTTGCGAACCGGACCCGAAATGTGAACGTGGAGACGCCGAGTGGGATTCATGGGAAGGCATAGGGAACCAGGGCTTTCTCTCCTGGTCGGTGGCTCTTCCAACTTCGAGTGTAGATGAGAACGTCGCCGTGCCGCTGGTGATGCTGTGGCCGTTCAAGGTGACGGTGGATGTCAGCAGTGCTTCGCTGCAGCACCGGAATCTCTGGCGTGGGGGGCGAGACTTGCATCCCTGCGAGCACATCCGCGGAGATGAGGCAGGTAATCCGATGAGCGTCAAACCGACTGGACTCGAAGGAGTGGGTCGCAACGGGTTCGGCAGCCTTCGTCACACGGAGGGGTCGCGGACCGAGCTCAGCGGGCGAGGACTCGCGGTTTGCGGAGGCTGCTCGGGTAGCGAGCTGTTCCCCGTGGTTACCGATAAAGAGGGGGGCTGCTGCAGGGGTAGGTGACACTGTCACCCGATCCTGCAGCAGCCCCAACTTGTCTCGGGGGTCTGGCGCTCGAGATGGCGCTGATCAGGCCGACGGCGGCGCGCACGCCAACCAGCCAGATGTCCCTCGGCCTATGGGGGAGGCGTTCGCAGCTGACGCCGGGAGTCTGTACCGGGTTTGCACGGATCGAGGATTTCGGCGCGCTGGGCTCGAAACGCCATGACCGCGAGACGGCGGGCATAGGGCGAACCCTGAGATTGGAACTCCCAGGAGCGTGCGATCCCTCATGGGCCTCACGCGATCGAAACAACTGCAGACCTGTACGCCTCTCCCCGTACGCGCTGCGGCTCCCATGGGGCGTAGGGCGGGGCAACCGTCTCGACAGTGGGGCCGCGCAACTGGCCCGGTTGGCCCCGTCGGCAGCACCGGCGGCGCCATCTGCTGGCTGTCGTTCCTCGCCCTCATGTTGAGAACCATGGCCTTCGCTCCGCCCGGCCGCTAGGTACCCCCAGGGGTATGCAAATTACCCCCAGGGGTATACCGTGGCGAGCGGTAGTCCGCAGTTTCGGCCGCCCGAGGGGCGGCTCCGCATTAGTTCCCAGTGGCGCACTACGCCCGTTCGTATACCCCCACCCGTATAAGGAGAGCTCCGAAATGAGCAGCAAGAACGCTGTCACCGACGACCTGTCGTCGGTGACGACACAGCCGAAGCCGGGAGACGCCGCCCTTTCGGCGGTGGGCGGCGTACTGGCGCGCATGGGCGCAACCATGGCCACGCATGCGAAGTGGGTTTTCGGGGTGTGGCTGATTGCGTTGGTCGCGCTCGGGACCGCGGCCCCGAGCGTGTTCACT
NZ_CP089227.1_gap52	2042044	2045969	3925	CGCCTACGCACTCATGGACCGTATCCGCGCGATCGCCGCGGGCGTGAACTCGGGTGCACCGCCCAGACGCGCACCGGCGGACCCGGATTCGGCGCCATCGACGCCATCGCAGGCCCAGCCTGATCAGGACGCAGATATGTCGGCGTTGGTGGCACTGACGGGCAGACTGCTCGATCTCGTGGACCGAAATGTGCTGGCCCGACACTGGGTCGATGCGGGCGGGCCGCAGGGACGCCTGGGGTTGGCGGCTTCGGAGCCGGTGGCCAGTGTCGAGGGCGGACAGTACGCCAGGTTCGTCAACGGCTATCTCTTCCAAGCCCCCGACGGTCAGATCTTCGAAGTAGCGGGGCGCATCGGGCAACGGTTCGCTCAGCTCGGCGGTGACACCGGCGTGATGGGTGCGCCTCACAGCAACGAGTACCCGGTCCCGGGTGGTGCGCGGGTCGATTTCGGCCATGGATCGCTGGTGTTCAACCAGGCGACAGGGATCGTGACCACACTCGGGCTGCCCCAGCCCACACCCAGCCACCCGATACCACCTGCACCTGTGTCCGCCGAGGCCGCCCCGCCCGAACCGACGCATGCAGCCGATCCTGACAGCGGGCAATGACGCGTTGGCCACGGCGGGATGTGTCGCGATCGGGCTTTCTCCCGCGTCGGTCCCATCAGTCCGAGAGCAAGGAGAGCGTCGATCGGACAATTGCGAGCCGATCGCGGTAGGTGCGGCTCGCCGTACTCGGCCGCCGGCTACTGGGCGTTGTGGGTCCTCTGATCGGCTGAGACCTCGGGTGCGGGCCGGTTCGGGAGTTTGAGAGCAATGGCACAGGCCAGGATTGCGCTGACGGCCGCGCTGGCGAGGAACACCGCGGTCATGGCTTCGGTGAAGGCGTGAGCGCTGGTGGCGACCAGCTCGGCCCCGGCAGGTCGGGGCAGTTCCGTCGCTGCCTGCCATGTCGAGGCAATGCCCTCACGCGCCGCGCTGACCGCTGGGCCGGGCAGGCCGTGCAAGTGCGGGTCGAGGTCTCGGAGATAGGTGAGGTTGAGCAGCGTGCCCAGGATGGCGACGCTGAACGCGGCGCCGATCTGGCGGATGGCCATCAGCAGACCGGAGCCTGCCGCGCTGCGGTCTTCGGGCAGCGTGGCCATAACCGCGTCGACTGCCGGTGCCAACGCCAGCCCGGCACCGAAACCCACGACCGCGAGGCAGGCAGCGACGAACCCGTATCCGGAGCCGAGGGTGATTCGGGAAGACAGCACGAATCCCGCTGCGGCAATGAGCATTCCGGCAACGATCGGGACTTTCGCGCCGAGGCGGGTGACGATCTTGTCGACGGCGGAGGCAGCGACGATGATCGCCAGCACCAGGGGGACCAGACGCAATCCGGTGCCGAGGGCGTCGTAGTGGCGCAGGATCTGGAGATACTGCGGCAGAACGAACAATATCCCAACGAGGGTGAAGGTGGCTGCGGTGGCCGCCAGTGTGGGCCAGGTGAAGCTGGGATCGGCGAAAAGCCGTAGGTCGAGCAGCGGATGGCCGGTGCGCCGTTCCCACGCCACGAATACCGCGATCAGCACCACACCGACCGCGAGGGTGGTCAGCACGACAGGATCGGTCCAGCCGTCCTCGGGAGCTTCGATGATGGCGAACACCAGCGCCCCTGTGCCGGTGACGGCGGCGATGATGCCGGGCCAGTCCAACGGCGGCGCGTGGGGGTCGCGGGATTCGGGCAGCAGAGCGAAGCAGGCGGCCAGGGCGGCGAGGCCGACCGGGACGTTGATGAGAAAGACCGAACCCCACCAGAAGTGCTGGAGCAGCCAGCCGCCGACAATCGGACCCAGCGGGAGACCGACGCCGAGGGCACCGACCCAGACCGCGATCGCGCGACGACGCTGCTCCGGTGGGAACAGGATCGGCAGGAGGCCCAGCGACAGTGGGACGATGATCGCGGCACCGATGCCCATCACCGCGCGGGCGGCGATCAGCGAACCGGTGGTGCCGCTGTAGGCCGCCCACGCCGAGGCGGCGACGAACGCGACCAGCCCTGCCAAAAGGAGCTTCTTGCGGCCGTAGTGATCGCCGAAGCCGCCTGCGGGCAGCATGAGGGCGGCGAAAACGAGCGTGTAGGCGTTGACAATCCATTGCAGCTGTGTAGTGCTCGCGCCCAGGTCTTGGGCCAGGGTGGGCAACGCGACATTGAGGACCATCATGTCCAGGCCGACGGTGAGCAGGGCCACGACCAAGGCCGCGAGCCCTGCCCAGCGCCGGATCGCCGGCAGGTCAGTCCGCAGGGGAGAGTTGGTCTCGCTCATGGGAACTCCCGAACATGGTCAGCGCGACCAGCGTGGTGGCGCCTACGACGATGAAGGTGTCGGCGAGGTTGAACGTCGGCCACCAGCCGGTGTGCAGGTAATCGGTCACCACCGCGTCGGGGATCCGATCGATGAGATTGGCACTGGCCCCGCCCAGGATCGCGGCCAACCCCAACCGCCAGGCGAGGCCGGTACCGGGGGCGGTCCGCCATCCGTAGACCGCCACCGCGAGGGTGATGGCGCCGGTCACGGCCAGCAGCACCCAGCCCGGGGCGTCGGCGGCGATCGAGAACGCCGCACCGGGATTGAACGCCAGCCGCAAATCCAACGGCCCGGCCTCGATGGGCGCACCGGCAAGCGCTCCCGTTGCCCACGCTTTGATCGCCAGGTCGGTGGCCGCGAATCCGGCGGCTACGGCCAGCAGCCCGATCCGGCGGCCCAGTCGCGGCCGGTCGGTTCGCACCGGATTCGTGGTGGTCATTTCCCGGCCCCCACAGTGACCGGTTCGGGCCGGGTGGTTGTTTCCGGTGCCGCGGCGAGGGCCTTCGCGCGCCCGGCCCGCACACCATTGGCGATGACGACGATCTCGGCGAGCTCGTGCACTGCCACCACCGCCGCCAACCCGAGCACACCGAACAGAGCTAGCGGAATCAGCACCGTGATCAGCCCGAGGGACAGGCCGACGTTCTGCAGCATGATCGAACGGGCGCGGCGGGCATGGTCGAGCGCTTGGGGCAGATGGCGCAGGTCTTCACCCATGAGAGCGACGTCGGCTGTTTCGATGGCCACATCGGTGCCCATCGCTCCCATCGCGATGCCCACGTCGGCGGTGGCCAGGGCGGGGGCGTCGTTGACGCCGTCGCCGACCATGGCGGTGAACCGCTGCGCGCGCAGGTCGGTGATGATGCGCGCCTTGTCCTCGGGGCGCAGATCGGCATGGACACTGTCGATTCCGGCTTCGGTGGCCAGCGCCTTGGCGGTGAGGGTGTTGTCGCCGGTGAGCATCGCGACCTGGCAGCCGGAGGCGTGCAGGCGCGCGATCACTTCGCGGGCTTCCGGGCGCAGTTCGTCGCGCACCGCGATCGCGCCGATCACTCGGCCGTCGTCCTCGACGAGCACCGCGGTCGACCCGGCGGCCTGCATTCGCTGCACGTCGGCGGCCAGCGCGCCCGACTCCAGCCATCCAGGACGGCCCAGCCGAACCACACGGTCCTCGACACGGCCGGTGAGACCGGCGCCGGTGACCGCTTCGACATCGGTGGCCGCGTGCGGGGTGTCGACGGCGGCGAGGATGGCGCGGGCGAGTGGGTGCTCGCTGCGGGCCTCGAGCGCGGCGGCCAGGGCGAGGACCTGCTCGCGGCTGGTCCCCTGCGCGGTGGCGACCTCGACGACCATGGGCTTGTTCGCGGTCAGGGTGCCGGTCTTGTCGAGGGCCACCGTGCGGACTTTGCCGAGAGCTTCCAAGGCGGCACCGCCCTTGACCAGGACGCCGAGCTTGCTGGCCGCGCCGATCGCGGCGACGACGGTGACCGGCACCGAGATCGCCAGCGCGCACGGCGAGGCCGCCACCAGCACGACCAGGGCGCGTTCGATCCAGGTCGCCGGATCGCCGAAG
NZ_CP089227.1_gap53	2052271	2057077	4806	CGCGGTGTGCAGGCGGGCGCCGTTGCGCACGATCCGCATCCAGGAGGTGGGTGGTTCGACGACGATGCCGCGGAAGCCCGGGACACCGAGCTGGGCGAGGCCGAAGAGGATGATCAGCAGTCCGGTACCGATCTGCAACCAGGTCCGGATGCCGATCGAGAGCTGCACTACACCGCCAAGAGCTCCGAGAGCGGCACCGAGCAGGGTGTGTGAGAGGAGCTTTCCGGCGAGGAAACCACCGACCGGTGTCAGATCGTCACCAAGGCGGGTCCAGATCCGGGGTGGGGATTCGACGGCGACCGACTTCCCGGCTGTGGCGGTTGCGGAGCTGGTGCGTTGGCGGGTGATGACACCGGTCAACAGGCCGCCTTGAACGGCGGCGCACGAGATGCCCCCGGCGAACAGGCCGGTGGCGAGAACAGGGACGAGGTTCACGATAGGAACTCCTGCGTGAGGGAGGTGGCGGACTTGCGCAGACGCGCCCGCGGCGTTTGGTCGAACGCACGACGGGACGGGTCGGTCGCGGGATGCGACGGACCCGTGGCATCTGCGGCTTATGTCCGCAGCACGCAGAGTTCGGCGAGGCTGGGCGGGCGCGGCAGCACCGAGGCAGGCTCTGGCCCGTCCAGCGGAAGAGGAGTGCGAATCGAGTAGACGCGCCCGAGGTGGCGCGGCAATGCCATACCAGCCAGCAGCGCCAGGAAGACCGCCAAGCAGGCCATCACGATCGCGGCCGGGACGGCGGGTTGGGCGTGCTCTGATCCAGCCGTCACGGATGCGGACTCGACCTGGACCATCTCCGCGCCCTGATCGTGACCGGGGTGGATCGCATTCTGGTCGGTGCCGGTGTGTGCCGGTCCGCAGGGGCCAACCGTCGTGAAGCTGCTTGCCATGGACATGTCCATCGACGCGGCGGCCTGGCAATGTCCGCTCTGGATGAGCGCGATTCCGACCATCGCCGCCAACACGACGACGAGCCGGAGAAGTCCGGTTCGGTGCGTTGCGGGCGGAGCGCTGGTCACGATGAGGATCGTACTGCTGTCATTCGTCGGCAGCTGGGTGCGGCCATCCACAGGTCGGGTTTGCCGGCCGCCGCGGGGCATAGCTGGCCCCGGCAACGCGAGCACGATCGCGAGCGGTGCGGGCATCTCATCCCGGCCATGGGCTGGTCAGCAGGTCGGCATTGGCCTGCTGGTTGAGTTCCAGCACCAACAATCCGATGGCCGCGACCAGTAATGCCGCACGGCGCGGCACTGCCACGGCGATCCAGCGCCGGTGAGCCACCCGGCGCCAGTCCGCAGGACGATCAGCGCGGCGGCGAGCACGACAATCGGTCCGGCCGGGTTGTAGTGCAGCGCTCGGGTGAGGTCGCCGTGCAAGAACAGAAACACCGAGCGGGTACCGCCGCAGGCGGGGTCCATGATTCCGATCCGGTGCAGCGGGCCGTGCAGGTCCGTCGACGGCACCCCGACCACCGCCAGCGCCAACAACCTGCCGACCGCGAGATCCGGAAGTCTAGGCCGCCTAATGCCTCCAGAGAACCCAGTGCCTCCACGCCGCACGCGACCGTCCGGTCTCGGGAGAGGCTGCCGTAAATTTGCTCTTGTGGCGGATTCGCCCCGTGTCAGCTGACCCCGTGAAGCATGTTCGCGAAGATCTGGTTGCCGAGATCGTGTGCCTGGGGCAGGTCCAGGACCAAGCCGGAGACCTCGGGGTGGTCGGCAGCCCATGCCTCGGCGGCTGGCCGGTCGGTGAAGAAGTTCAGGTAGTTGCAGCAGGCGTCAGCCGTTGTTTCCTGGTTCGCTTGCCCTCCGACGAACACCACGGCAGTCGCGGGATCGGCGGTCAGGTGCTGGCTGTGGATGACGACGGTGATCGGTGCGTGGGTGACCGGGTCGGCGGAGCTGACTTCGACATCGGTATCGAGCATGGCCGCCAAGCCCAGGGCATCGACAGCGCACATGGCGTACACGATCGGTCCGTCGATGATCTGGACGCGGTGCGGTGTCGGTGTGCCCGAGAACGGATAGGCCGACGCGATCTCACCATCTCCGTTGAGGCGAATGACATCGGTCTCGTGCAACCGTCGCAACACAGAAGCGATGGAAACATATTGTCCTGCAACCACTTCGGAAATTTCCATGGCGGTAGGTGGACGTCCTCGTTCCGCGAAGCCTCGCAGGATAGCGTGGTGGACCGCACGCTCGACAGGATTCGCTGGGCGCGCATCGTCACGCTGAGAACTCAACTCGTCCAACGCAGATGCTGCCCCTGACTCCGACGGGCAGCACGCTGTGATTTCGTCGCCGTCGCTCACCCCCTCGGCCTCGTCGAGCCCCAAAGCTGTACGCAGCGCGGAGACCGAAGGGGCGCCGTCGAGCCCATTCGCCGAGGGGTACAACCGACACGACACGCTCGTCACCGAACCGTCCACCGCGAAGGGATCCCGGCCGTCGACCAGCAAAGTAGGTGAGCCGGTCATTCCCGCGGATGCGGCTTGTTCGGCGTTGTCGATGACGCGATGCACGATCTCGACGTCGACCGGTCGATCGGCGACCGCGCGTCGGATACGTTCTTCGAGCACCGGCACATTCGGGCAGTCGGCGACCTGCAGGATCTCGAGTCTCATGGGCGTTGTTCCTCGTTCAGTGAAGTCAAGATCGGGCAACGGCGTTGGTCGCGCGGAAGTTCGCAGGTCGTGATCAACTCGGCCAGCGACCGCTGCATGCGTTGTAGGTCGGCGATCCGTTGCGCGAGCTGCGTGGCCCGGTCTTGCGCCAGTGCGCGCGCCGCATCGCAGTCCGCTGGTCCGCCATCGGCCAGCTGAAGCAGTTCCTCGATCTCGTCGAGCGTGAAGCCCAGGTCTTGGGCGCGCTTGACGAACCGCACTGTCACGACCGCTTCGACGGGATAGCTGCGGTAACCGGCTGCTGACCGGGGCGGGCGTGCCAGCAGGCCGCGTCGCTCGTAGTAGCGCAGGGTCTGCGCGTTCACTCCCGCCTGCGCGGCCAGCTCACCGGTTCGCATAGACCCATTCTTGACCCTGTACCCAGGTACAAGGTCAAGACCGTGGCCCAGTTTCTAGTCAGGTTTGCCGGCGCGGACTTGAAAGACGACACCCGATCGCCGAGCCCGCGCCGGGGTGCGGGCTGTCGCGTTGATGCAGTGCTACGCGGGCCCAGGCCGACGATCCAGGGGGCCGATCGTCAGTTGCTCGCGATGGAAGTCGAAATGCCGTGCCGGGTAACGGTATACGTCCTTGAGCGTCATGTAGTCGCTGAAGAAGCGATCCCAATGGGTCGGGAAGTGCATGCCCCTGGACCGGTTCACTTCACCAGCTCGACACCACAGCTTCTCCGGACAGCTCGGTCAACCGGCGGGTGCCCGTCGGCTCGGCGCTGGACATCGGCACGATCGCGTATCGGTGGCTGTATCGCGTTGCCACCGCCTCGATATGGGGCACTTCGGCCGCAGCCCGTGCGCGCAGCAAACCGTCGGCGGGGTGGGCGGCAGCGAGCGAGTTGTTCAATACCCAGGCCCAGGCGGTGATGCCCGCGCGTTCCAGATCCACGCACAGTTCGACCGATTCGAGGATCGGCGTCGACTCCGGTGCCGTCACGACGATGATCTTCGTCTGATCAGGATCCTGCAACCGCATCAGCGGCGTAGTGAAATTCCGGTCCGTGCCGAGGTTGCGGCTGATCTCGCGGTGATAGGCGCCGGTGGCATCGAGCAGCAGCAGGGTATGCCCGGTCGGGGCGGTGTCGACCACGACATAGCGTCGGCGGGATTCATGAACCAGGCGCGAAAAGGCCTGGAACACTGCGACTTCTTCGGTGCACGGCGAAAGCAGATCCTCCGCGAGCGCGGCACGTCCCTGCTCGTCGAGGTCGGCCCCGCGGGTGCGCAACACTCGCCGGCGGTAGTCCTCGGTCGCCTCGACGGGGTCGATGCGCGAGAGCTGCACCGTGGTCGGGGTGTCGCCGACGGTGTCGATCAGATGCGCGGCGGGATCGGTCGTGGTCAGGTGGACATCGTGGCCGCGCGCTGCCAGCGCGGTCGCGATCGCCGCGGCGATGGTCGTCTTGCCGACACCGCCCTTGCCCATGCACATGATCAAACCGTGCCCGTCCAGGGCCAATTCGTCGATCAGCGCCGCCAGCGGAGCCGAGTCGACCACCGGAGCCTCGGCAGGCACGGTCGCGGCCGCGGACGGGCCGAACAAGGTGTCCAACGCTGCGACGCCGACCATCTCGACCGGCTTGAGGGTGATCCGGTCGCATGGCAATCGGGCTAAGGAGCGCGGCATCGCCTCGATCGCCGCTGCTTCGCGTCGAGCGATCGCGGCTGCCAATTCGTCGGCCGTATCAACCTGTGGCAGTACGGCATTCAGGATCAAGTGACCGGCGGTGACACCGATGGCGGTGAGCTCGTCGAAGGTGCGAGCCACCTCGCGCAGCGCCGCGTCCTGGGCCCGGGCGACCAGAACCAGTCGCGTCAGGGCGGGGTCGGTCAGCGCGCGCACGGCGGCCGCGTAGGTTTGCCGTTGGTCGTCCAATCCCGACAGCGGACCCAAACACGATGCGTCGCCGCTGCCCTGCAGGTAGTCGGTCCACGCGCCCGGTAGTTGCAGCAACCGGATCGTGTGCCCGGTCGGGGCGGTGTCGAAGACGATGTGGTCGAACTCCGCGAGTTCGCTTGCGGCCGGATCGAGCAGCGCGGTGAACTCGTTGAACGAGGCGATCTCGGTGGTGCACGAACCCGACAACTGCTCGGTGATGGTGTCGATCTCGGCGGCGGGCAGCA
NZ_CP089227.1_gap54	2079591	2081843	2252	CCGGTCACTGCGGTGCACAGGTCGATGATTCCGATATTCACCAGCATGACAACGGCCTCGATTCCGAGGTGGCCGCAGAGGCAACCAATACGTCGCTAACGCCGGTCGATGATGCCGAACATGCCCCGACGGTGGGTCTGGCAATGGCATGTTTGGCGGCATTCCTGGCGTTGCTGGCGACATTCGCCTTTCCACGTAAGGAAATCGTCGCCATTGTGCTTCGGCGGACTCAGGATATGGGGATGACAGGGGTGCGGTCGGCCCTGCCGCGTGCACCGACTTTGGCTGAACTCTGCGTGTCGCGGACATAGGAGCGGGCACCGGGATGTGTCCGATCTTGTGATCGTCTCGGGTTTCGCGCCGACGCTCCGTCGTCGGTGTGAGCTGTCATGCCCGTCTCTTTTCTCTTCTCGCAGGAGTCTTTTGTGAATCTTTTTCCTGTTCTGGTGACCGGCTTGTTCGCCGGCGGTGTGTCCTGTGCTGCCGTGCAAGGTGGCCTGCTCACCGGTCTGATCACCCGCCAGCGCGCCGTCGCGGCGGTGGGTACCAGGGCGCCGTCGGCCACGCCCGCCGCCAACGGTGTACGTGTGACAAGGACGCAGCCGCGTTGGGGCCAACGCGTCGTTGACGATCTCGTCCCGGTCGGCGGGTTTCTCGCCGGGAAACTGTTGTCGCACAGCGTGCTCGGTGCGGTTCTGGGGGTGGTCGGTGGTGCCGTGCAGTTGTCGACCGGTGCCCGGACCTGGCTGCAGATCGGCGCCGGGCTGCTGATTATCGTCTTCGGTCTCGCGCAACTGGGCGTACCGGGGTTCCGGGGTATCGTGATCGAACCACCCGCGTCGTGGATGCGGGTACTGCGTAAGCGGGCGCGTTCGCAGGCCGCGGTAGCACCCGCGGTCCTGGGCTTCTCGACGGTCCTGATTCCGTGCGGGGTGACACTGTCGGTGGAAGCGCTGGCCTTGGCATCAGGGTCCGCGTGGTGGGGTGCGGCGATCATGGCGGTCTTCGTGTTGGGTACGAGCCCGCTGTTCGCGATACTCGGATACGCCGCCCGGGTCGCGGCCACCGTGTGGCGGGGCCGGCTGGCCCTGGCCACCGGTGTCGTGGTTCTCGCGATGGGCTTCTACACCCTCAACGCAGGCTTGGAACTCGCCGGTTCGCCGCTGGCGGCCAGCCGGATCGGGGAGTCGATCGGATTCGAACCTCCAGCGGCAGATGCCTCGGCCGCCGTCGTCGCCGACGGTGTGCAGACCCTGACGATCACCGCGAAGACCGGCTCCTACGGTCCGCAGAACATCGAAGCTGTCTCGGGCGTCCCAACCATGCTTGTCGTCAAGACCAACGGGACACACGGATGCGTCCGGTCAATGGTTTTCCCGAGTCTCGGCATCACCACGACACTGCCCACCAGTGGCGAAACCCGCATCGAACTGGGCACTTTGCAGCCCGGCCGCATGGACTACACCTGCGGTATGGGCATGTACTCGGGCATGATCACCATTCTCTGAAGGGACAACTCCGCATGACAACCCACCTTTTTCGGATCGAAGGCATGCACTGTGGCAGTTGCGCACTGCTCATCGACGACACCCTCGAGGACCTGCCCGGCGTCGGCGGTGCGCAAACCTCGATGAAAAAGGGGCTCAGCACAGTGGAGCTCGATGTCGCGGTCACCACCGCCGAGGACGTGATCGCCGCGATCACCGAGCTCGGCTACACCGCGGTAGTCACCCGATAGTTATGGGACCGGCCAGGGTTGCGTCAGCAGGTCGGCGTTGATCTGCTGACGCACCCACAACCCCAGCACCGCAACCACGGCGACGATCCGCAACGCCCGTCTCAGTCCAGGGCGCACCGCGATCTGTAACCAGCGGCCGGTGAGCACTCCGACCGCGCCGCGGGCCAAGGCAAGGACGACAACGACAGCGAGTACGAGGATGCCGGGGTTGTAGCGCAGGGACTCGGACAGATCGCCCGCCAGCAATAGGTAGGTGGCCCGGGTCCCGCCGCAGAAAGGGTCCATGAGCCCGAGGAAATGCGTTGGTCCGTGCAGATCAACCGATGGCACACCGACAACCCTCAGCGCCGTGGCGCCGACTACGAATGCGAGAGCGGACAGTGTCAGCCACTGTAAGTGGTCACCACCGGGCCGATTGTCCGTGGCGGGGACTATGGACCGGCCTGCCATCATCGACTCCTACACCTTGACGTGGATACGGAAAAAGTAATTCACCGGACGCCGACTACCGCGC
NZ_CP089227.1_gap55	2082905	2086477	3572	ACCGATTGGCTCCTCTGCCGGATCGAGATACAGGCGTTGCACCACAGAATTTGCGGCTTGCGAACATACTATCGGCACCCGAAGGCACCGAATGATCGCGCTGCCGCGGCGCCGGCGCTGATCATCTGCCGGGCAGTTGCATTCCACCAACCTCTTATCTACTATCTACTGACGTAGATAGTACTTGCGCCGTTCACGGCGCGGGCGCCCCTAAGAGCCAGGGGTGTTGGCCACGTCCCTCGGCGCGCGATTCCCTCATCTCGCGCGCTCGGGCCGGCCTGCGGGAGTGGGGGCGACGACTCGTGGCGTCGCCCTCGCTTCTGTTTCCTGGGGATCTGGTGCGCGGTGGCAAGCATCGGCGTTCCGGCCGAGTAGTCACCAGCGGCATCGCGAGATACCCTTGGGGGGTATTATTGGAACTGGGCGGTCGGAGACACCGCAGTGCTAGGAGATGATCAGCCATGACCACCACAACCGTGTCCGTGACTGGAATGACCTGCAGTTGCTGCGCGAATGCAGTGCAGAAAGAAGTCGGCAAGATCCCGGGTGTCACTGCAGTGGAGGCCGACTTCGCCAGTGGGCACGTGACCATCGACGCGACGGGTGCGGTCGAACGAAGTGACATCGCCGCGGCTGTCAACGAGGCCGGCTATCAGCTTGCCGACTGACCGGGCCCGTCGATTTCATTACCTGTAGCCAGATTCATCGCAGTACGGATCGGAGTCAGCGGTGGGCACCACGACGCAACCATCCACGCGGATCGAGTTGGCGATCGGTGGCATGACCTGCGCGTCGTGCGCCAATCGCATCGAGAAGAAACTGAACAAGCTCGACGGGGTCACCGCCACGGTCAACTACGCCACCGAGAAAGCGCGCGTGGAATACTCCAGCGACCTCACGCCCGAGGACCTGGTCGCGACGGTCGAGGAAGCCGGCTATACCGCCGAGCTTCCGGTCTCGAAGGTCGGCAATGGAAACGCCTCAGCACCTGATCGCGAAGGCGACGACCCGACGGCCTCGCTGCGCCAGCGTCTGCTCATCTCGCTGGTCCTGACCGTGCCGGTGATCGCTATGGCGATGATTGCGGCACTGCAGTTCACCAACTGGCAGTGGCTGTCGCTGACACTGGCCGCGCCGGTAGTGATCTGGGGCGCCTTGCCCTTCCATAGGGCGGCCTGGACCAACTTGCGCCATGCCACCGCAACGATGGATACCCTCATCTCCATCGGCACGCTCGCTGCGCTCGGCTGGTCGGTGTACGCACTGTTCTGGGGCACCGCCGGTACACCGGGAATGACGCACCCATTCGAGCTGACCATCGCTCGTGAAGGCGGAGCCGGCAACATCTATCTGGAGGTGGCAGCCGGGGTCACCACCTTCATCCTCGCCGGACGCTACTTCGAGGCCCGCTCCAAGCGGCAGGCCGGCGCCGCGCTGCGAGCATTGTTGGAGCTCGGCGCCAAAGAAGTATCGGTGTTGCGCGAAGGCAAGGAGGAGCACATACCCGCCGATCAGCTCGCCGTCGGTGATCTGTTCGTCGTGCGCCCCGGCGAAAAGGTCGCCTCCGACGGTGTCGTCGTGGAAGGTTCGTCGGCGGTTGACGCCTCGATGCTGACCGGTGAGTCGGTGCCGGTAGAAGTCGGCGTCGATGACGCGGTGGTCGGCGCCACTGTCAATGTCGGCGGCCGGATCGTGGTGCGAACGAGCCGGGTCGGCTCCGACACCCAGCTAGCCCAGATGGCCAGGTTGGTGGAGGAGGCCCAGAACGGCAAGGCCCAGGCGCAGCGGCTGGCCGACAAGATCTCCGGGATCTTCGTACCCGTCGTGATCGCGCTGTCGGTGGCGGCTCTGGGATTCTGGCTGGGTACCGGGGGTTCGGTCGCCGCGGCCTTCACCGCCGCGGTCGCCGTGCTGATCATCGCCTGCCCCTGCGCGCTCGGCCTGGCTACCCCTACGGCGTTGATGGTCGGTACCGGCCGCGGTGCGCAGATGGGCGTGCTGATCAAGGGGCCGGAGGTGCTGGAATCGACCCGGCGGGTGGACACCGTGGTGCTGGACAAGACCGGGACCGTCACCACCGGCAAGATGAGTCTGCTGAAGGTGTATGCCGCCGACGGCGAGGATGAGCTGCGGATCCTGGAACTGGCAGGAGCACTGGAGGATTCCTCCGAGCACCCGATCGCGCAGGCGATCGCCAAGGGTGCCCGTGACAAGGTCGGCGTACTCGAACCGGTGCAGGGCTTCGCCAACGTCGAGGGCCTCGGTGTGCACGGTGTCGTCGGAGGCCATGCGGTCGTCGTCGGGCGTCGCCGACTGCTGGCAGAGCACGCGCAAGACCTCGACGCGGACTTGGCGCGAGCCATGGCCACTGCCGAATCCGAGGGGAAGACCGCGGTCGCGGTCGCCTGGGATGGGACGGCGCGTGGTGTCCTGGTAGTGGCCGATACGGTGAAACCAACCTCCGCCGAAGCGATTACACAACTGCGTGCGCTGGGACTGACACCGATGTTGCTGACCGGAGACAATGCTGCCGCGGCGCGGGCCATCGGCGACGAGGTCGGCATCGAACAGGTGATCGCTGAGGTGCTGCCCCAGGACAAGGTCGATGTCATCAAGAATCTGCAGGCCCAGGGACGGGTCGTGGCCATGGTCGGTGACGGCGTCAACGACGCGGCGGCACTGGCCCAGGCCGACCTCGGCCTGGCCATGGGCACCGGCACCGATGTGGCGATCGAGGCCAGTGACCTGACCTTGGTCCGGGGCGACTTGAGGGCCGCGGCGGATGCGATCCGGTTGTCCCGCAAGACGCTCGGCACCATCAAAGGCAACCTGTTCTGGGCATTCGCCTACAACGTCGCCGCCTTGCCGCTGGCCATGGCAGGTCTGCTGAACCCCATGCTGGCGGGTGCAGCGATGGCGTTTTCCTCGGTGTTCGTGGTGAGCAACAGCCTGCGTCTGCGCCGTTTCCGCTCCAACAACAGCTGACCACGATCACCGCCGTGCTGTCGTCCCTCGGCGGGACCTCTTATGCTGAACCGCCCCAATTCGGGGGCACCAAGCACGTGTGGTCAGGTGGCTGTCTGCTAGCGGCGGCAGGTCAGTTGATGTCGATGGTCCCGTCGAAGATCAGCGGTGTCGCACCCGGTTGGCATCCACGGAAGCTGGTAGTCGGCATCGGGACTCCGTAGCCGATCCGGTTCGGTTCCCCGCTGACACCCTTGGTGACGGTGATCTGGATGGCCATCGAGTCGGGTGCGAACACCATGACCGGTTCGGCAGTCGTGATCGGATAGATCAACGAGACGGTGTTTCCGTTGATCGTCAGACAGGTCACCGGGCCGGTGACGCGCACCGGTAGCGGCATATTCCCCATCCGCCCGCTCGCAACGTAAGTGCCTGAGGCTGGGCCGTCACCGGTGCCGTGGGCATCGATGCGTAGCACGTTGATGCCCAGCACCTGCATGTTGCCGCTAATCGAGACCGAGCCAGGATCAGCGGCGGCGTGTCCAGCACTCGCGGCTATCGCCGCGGACGCCAGAGCAGCGGATACGGCGAGTCGAGTGAGCCGAATA
NZ_CP089227.1_gap56	2120218	2122309	2091	ATACCTGCGGGTGTCAGCTACGGCGTAGCCACGCAGCACCTCGGTCAGGCGCTCCGCGATCTCGTCAAGCTGCTCGGGGGCAGCCACGGCGCCGAACGCGGCGCAGACGCCAAGCTGACGGCGGACGGTGGCCAGCGCCGCTGCCGTTGGCGCGGGGGCAGGCATCTCGGACATGGCCAGCACTCTACCCGTTATCGAACATACATTCGAGACATGTAAGTTCGGCGGCGTGTTCGAGAAGTGGCCGGTGCAGTTCAAACCAGAGCCGTGGCGCGTCGTCGATCCGCCGCAGAAGGTGATCGTCGCCGCCCACCTGGCCATCGGGACCAAGCCGAAACACTTCCGCCAGGACCGGCCGGCGATGCGCGTGAAACTGGGTGGCCTGCGCCTGGCCGGGAACGTCCCCGGCTGGCTCCATGCCTGGGTGCTGCTCGATGACGGAACCTGGATGGGCCTGGTCGCCTTCACCCTGGTCACCGGCAACGGGCACGGGCAACTCCAGCTCCACCAATGGTGCCCCGCGCACGCGCTCACCCCGGCCGACCGGTAGCCGAGAAGTCGTTGTCGACGGGGCCTCGGCTCGCCGGAATTTTCTGTACGAACGTACCGGTATGGCAGCGTGGACAGTGTGGACGGGATCGAAGTCGAGCAGCTCCACGGTGAGCACACACTGCTCCCGCAGCTACTCGCCTCCCTCGACCGCATCCACCAGCTGCGCGACAGCGTCTTCGCCGCACCGTCACGGTTGACCGGGATCGGTGACCCTGATGCGGTCCGGCTCCTCGCCCTCCGCGACGGCACGGCCGAAGGATTCCTGACCGGCAAACCGCACACGGGCCATCTCGCACTGGTCGGCGTCGTACAACCGCGCCGCGGGGTCGGATCGGCGCTGGTACGCACGTTCATCCAACGAGTCCAACAGGTAGGCGTGGAGAAGGTGACGGTGGTCCTCGACACCGACCCGCATGGCCGGTGGGGGCGCCGGCAGTTCTTCGAAGCGCTCGACTTCACCGCGGTACCCGGCAGCGCGTTGCACCTCCACCGTCGGGTGTGAGGTGGTCCCGGTCGGCCGGGCCCTGACGGGGTGAGGGTTCGGCCGACCGGGACGGGGTGCTGAGCATGTATCCCGCCAGAGACTGCACCGCACCTGATGTCGAATCCCACCCTCACCGGCTCTTTGGGATCCGACGAGACGGGAATCTACTCCGCTGCCCTCGGGCTGGCGGTCCGACAGGCGTCCGAGGGTCGATATCGATTCGGCATCCGAATCGGGTCGCTATCGGTCGAATGGTGCAGCGGCCGTACTGAACTCGATTTCGTAGCGGCCGCCGGGATGCACGGTGAAGATCATGATGCCGCCACTGGCGGCGTGGTGACGGATCATCTCGATCAGCGAGGTCCTGTTCTGTTGTTCGGTGAGGGAGATGTATTCGGCGAAGTCGTCGCCACCGACCGCGGTGTAGGAGAAGTCGAAGTACCGCTCGTAACCGACCGCGTAGACCACCTTCGAGGAGCTCTCGGGGTTGTCGGGGTCTGCCAGCAGGCGGGGTCGGCCGTTGGACAGCAGGTAGGTGCCCTGGTCCTTGGCCCACACCAACGCCGGTGGGACGGGGTCGGGTTTGTCGCTGTCGTAGTCTGGCCAGGAATGCTCGGTCGCGGCCATCGCGTGCTCGGCGATCGCCGCGACCTGCCTCAGCGGGAACCACAGTTCGAACTTGCTCATCCGCACGGTCATCGATGATTTCCTTTCTGTCGGTGAATGATTCAGCCCGCGGTCGCGAGAGCGGCCAGCAGCTGGCCGGTGTCGGTGGCCAGCTGCGCGTGGCCGTTGTCGACCATGGCCGCGCACCCGGCCCACGCGGGAGCGGTCGGTGTCGGGGTGGGCAGCGCGGACACGGGCCGGTTGAGCCGGTTTGCCCAGTCGACGGCGTTGAGGGTGCCGCTGCGGATCCCGGCCTCGGGCACCACCATCCCGGCGCCGAGGGCGGCGACGATCCGGTTGCGGTGCAGGAACCGGTCACGGGTGGGCCGGTCGGACGGCGGATACTCCGACACCAGCAGTCCCCGTCGGGTGATCTGTTCGAATATGTC
NZ_CP089227.1_gap57	2302013	2305039	3026	CGAGGAACAGCAGGTCCTCGGAGGTGAGTTCGCTCACGCCGGCGCCCTCCAGGTCGGCCAGCGCGGGGGGCACCGGGAACGAGGGCGTGCCCTCGAGCAGGTCGCGCAGCCCGTTCGTGTCGTCGGTGGCGGTGCGGCGCTCCGCCAGCAGCGCGCCGCCCACCACGGGCAGGCTGGCGCCGGAGATGTAGTTCCAGACCGTGAACGCCATGGTGGTGGCCTCGCGCGCCGACACCTCCAGGGCGCGCAGCCCGTCGACCAGCCAGGCCAGGCTGGCCAGGCCCTGCGGGCCGAAGCTGTAGCGCGGGACGGCGAAGGTCAGCAGCACCCACGGATGCTGCTGGTAGAGCTGCCAATCGATCTCGGCGGCGATGCGTACCCGGTCGCGCCACGACCAGCCTTGGCCGGCCGGGTCGGGGTAGGGGTGGCGGGCGGCGATCTCGTCGGTCATCGCCGCGATCAGCTCGTCCTTGTTCGCCACGTGCCGGTACAGCGACATCGTGCCGACCTCGAGCCGCTCGGCGATGCGGCGCATCGACACCGCGTCGAGCCCATCGGCGTCGGCGAGGGTGATCGCCACGTCGACGATCGCGGTGCGGGTGAGTTTCGCATCAGTCATCCCATGACTCGCTTTCGAATTTCCCAGTCGATGCGTACACTGTACCCATTCCCCGCGTACGGTGTACGCAAACCTCGGAAGGATGTCGGAATGACGAAGCTGGAACCGGCGGTGCCCACCGCGCAGGCCGGTGGACGCCGCGCATGGCTCGGACTGGGCGTGCTGCTGCTGCCGGTGCTGCTGGTGTCGATGGACATCTCGGTGCTGTTCCTCGCCATGCCGACCCTCACGGCGGACCTGGACCCCAGCGCCTCCCAGCAGCTCTGGATCCTCGACATCTACGGGTTCATGCTGGCCGGACTGCTCATCACCATGGGCAACCTCGGCGACCGGATCGGCAGGCGCAACATCCTGCTGGCCGGCGCCACCGTCTTCGGCCTGGCCTCGGTGCTCGGCGCCTTCGCGCCGAACCCGGAAGTCCTCATCGCCGCCCGCGTGCTGATGGGCATCGGCGGCGCCACCCTGCTGCCGTCGAGTCTGGCGCTGATCTCGAGCCTGTTCCCCGACGTCCGCGAGCGCGCGACCGCCATCGGCATCTGGACCGCCTTCTTCGCCGGCGGCTCGGCCGTCGGCCCGATCATCGGCGGTGTCCTGCTGCACCACTTCTGGTGGGGCTCGGTGTTCCTGATCAACATCCCGGTGCTGGCGATCCTGCTGCTGTTCGGCCCGTTCCTGCTGCCCGAGCACCGCTCGGCCGCGCTCGGCCCGCTGGATCTGCCCAGTGTCGCGCTCTCCATCGGCGGCATCCTGCCGGTGGTGTACGGGATCAAGCACATCGCCGCCGAGGGTTTCGACATCACCTCGCTGGTGATCGCCGCGATCGGCGCGGTGCTGCTGGTGGTGTTCGTGCGCAGGCAGCGTCAGCTGGCCGAACCGCTGCTCGATCTGAGCCTGTTCACCCGACCGCTGTTCCGGGTGGCGATCGGCGCGAGCCTGGTCGGCATGATGTCGCTGGCCGCGCTGAGCTACCTGACCAGCGTCTATCTGCAGTCGGTCACCGGGCGTGACCCGCTGCAGGCCGCGCTGCTCGGCATCCCCATGGCGATCGCGGTGTTCGTGTTCTCGATGAGCGGGGCCAGGGTCGGTCGCGCGCTCGGCGTGCGCGCGACCTTCACCCTCGCCCTGGCGATGTCGGCGGTCGGCAACCTGATGCTGCTCGGCGTCGGCGTGGACGGCGGGCTGATCTGGTACCTGGTGGGCTCGGCGGTGGCCGGTATCGGCTACGGCATCTCGTTCACGCTGGTGTCGGACGTGGCCGTGTCGGCCGTGCCCGCCGAGCGGGCGGGGTCGGCGGTCGGCATCTCGGAGACCAGCTTCGAACTGGGCAACGCGCTGGGTCTGGCGCTGCTGGGCTCGGTCGCCGCGCTGGTCTTCCGGTCCGGCGGCGACTTCGGCGACACGCTCGGCGAGACCGTCGCCGAGGCGGGTGGCGACACCGCGCTGATCGACGCGGCGCGCGCATCCTTCGTCACGGGCATGCACGTCGCGACCGCGGGCGGCGCGCTGCTGCTGATCGCGATGGCGGTGCTGGCCTGGCGTTCGGCCCGCGGCACCCGCTGAGCCGGACAGGCGGCCGGGCAGCACCGGCCGCCCTCACCGGGCGGATGTCCAGGTCGGTTGCATAGGATCGGCGGATGCGGAACGAGGGTGCGGCCGGCCTGGCGACATTGCTCGCGCTGGCCGACTCACGCCTGCCCGTCGGCGGGCACGTGCACTCCGGCGGCGTCGAGGAGGCGATCGCGGCGGGCCTGCTGCGCGACAACGCGACTGTCGAGCTGTACCTGCGCCGGCGGATCGCCACCTCGGGGCTGGTCGCGGCGTCGCTGGCCGCCGCGGTCTGCGCCGGATCGCTGACTCCCGAGCGCGCCGAACTCGAAGCCGACGCCAGGACACCCTCGCCCGCCGCCAGAACGGCCTCGCGCGCGCAGGGCCGCGGCGTGCTGCGGCTGGCGAAACAGCTGTGGCCTCAGCACGAATGGACGCCCGCGGGCGTGCGGCCGCACCTGTCGACGGTGTTCGGCATGGTCGGCGCCGCCGCGGGCACCGAGCCCGAACAGCTGGCAGGCGTCGTCGTCTACACCACGCTCACCGGCGCCGCCACCGCCGCCCAGCGACTGCTGGCGCTGGACCCCGCCGCCATCGCCGCGGGCACCATGCGGCTCGCGTCGCTGTGCGACCGGATCGCCGCCGAGGCGGTCAGCGGCCTGGCCGCGCTGTCGGATCCGCTGCAGGACGCGCTTGCCGAACGGCACCTGCACCGCGACATGCCCCTGTTCGCCTCCTAGCCTCCCCGAATCCCCGTCCCCGAGAAGGAGTCACCATGCCGCCCCATCTGATCGACGGCGAGCCGCACGAGCACAGCCACGACCGCCCCAAGCGCCACCGCGTGCCGGGGGAGGCGCTGCGC
NZ_CP089227.1_gap58	2360617	2363331	2714	TGTACGTTTGGTGGCCCATGGTTCGCTGGGTTCCATTCAGGTAACGGAGAGGGCGGAAATGGCTATAGTGGCGCGGCAGTCGGGGCCGCTCCGGACGACCTCCCGACAGGGCTTTTCCGTACTGAAATCGACCACGGCGCAGTCGGTGCCGGTGGTCGCGGCCATGGCATTGCGGCCGGCGTGGTGGCGTGGTGCCGCCACGGGACAGCAGTCGTTCGGTTCCCTCGCCCGCTAGGAGCTCACCATGCAGACCCACCGACCCGTCGCGGGCGCGACGATCCCGGCCATCGAGCCGATCCTGACCCCCCACGGTGACGACTGCCGACGCCTGCGCGTCGTCGCCCGCATCGACGACCCGGCCGTCTGGCACACGGCGGTCGGCCGACTGCTCGCCGGCGGCCTGCGCCGCTGGCACGCCAGAGCCGACATCGCCGACCATCCGGCGCTGCGCCGCTGGTCCCGCCTTCAGGACGACCGGCCGGTGCCCGAACGGCCGAGCCTGCGGGCGGTGTTCGAGGCGGTCGCCGCCGGTGCCGAGCTCGCCACCGGCGACCCCTGCGCCGACCTCGCCACCGCGATCATGCTGCTGTCGAGCTGCCCCACCGAGGTGGTCCTGCAGGCCGACCCGATGAACGACCCACGCGCGGTGCGGTTCTCCGTGTACGCCTACCGCGACGACGACCTCCCCTTGGCCGAGGCGCTGATCACCACGACGGTCGAGGCCTGCGGCGCGCTGCTGGCCCGCCGCTGCACGGTCCTGCGCGAGGGCCCCACCGTCCGTCCCACGGTCCCGATCGTCGACCACCCCCTCCCGGACCTCCTCGTCCTCGGCAGCACCGCCGCCCGCTGACTCACCCCGCCCGTCGCCGAGCATCGCGGACAGTGCCTCGGTGATCGCCGCCCGCAAGCGGTCGTGCCGTGGCCCGAGCGCGTGTTCGGGCGCCGACCGCTCGGCACCGTACAGATGCACCGGCCCGACCCGCAGCGCCGCCGGCTCCCAGTCGTACCGAGCGTGCACATGCCCGTGCAGATGCGCCCGGGTATTGCCGAGCACCTCGTAGTTGATCCGCGGCCGCGGCAGCTCGGTGAGCAGGATGCCTCGACGGCGGCTGTGCGAGAGGGATTTCGATGCTACCGGCGGGCGGTGACACGCACCGGGGACGTGGGGGAAGGGTCGGCCGAAACGCTTCCAATTCGAAACGAATGCCCTGACGGTGTGACGTTGAGTGTCGAAATGGCAAGGGAGCGTTAGTATCTCGAGCTAACGATCGGGAGTATTGGGAAAGACGCCAAACTTCGGCGGGGGACCTGTGGAGATCTCACTATGCGGACAAGCCGATTCGCGGCAACGCGCGCGCGGTCGTAGAGTGGGTTCGAGCGGCGATTCCGCGCTCCACCCGCCGGACGACGACGTCCACGGCAGCCCCTCTGATCAGGTGTTTTCCGGGTTTCCTCGGAAGAATCGGCTCGTGGTCGGTGCGATCCCCAGTGGCGGGGACGTCGTGCCCGCATCGCGCTGTCGCAGTGTCGCGACAGCTCTTCAGTCCTTACCTCGGCGCAACAAGTTCCCCGCCTCGCTGGGCTAGGGTCTCCGAATCCCTTGGAGCACTGCAGCTTCCACTGGGTTACGGGGTTCGCCCATGGTGAAGATTCGGTCTTGTGTGACTCGCGTGCTCGAGTTACCTTGCGGCACTGTCGAATACCACGGGTGAAAAGTGAAACCTGTTGTAGCGCTTGACAAGTCGGGGAACGTTCTACAAAACTACCCGTCGGTAGGTAAGCGGTCGGGAAGCTCTCGGGCCCGGTCGTTTGTGACAGGTCACCAGCGTCGACGGCCCGCGCTCGAGCACCCGCCGAACCCTGTGCGCCAGTCGGGGTGAACCTCACCGCCATCGTGACCACACCAAAGGAGTTCAGCGCCATGGACAATCCCGCGCTACCCTCAGCACCCCGTCAGGATGGGCACCCGGCCGTGCACCCGGAGCACTCGGGTGACCAGGTGGCGGTCCTGTCGCGACCGTCCGGCGTCGGCGACGCGGCTGTCGGCCCGGTCGAGCTGCTCCCGCTGGTCACCGAGCGATTGCATGAAATCCTCGGCACCGGTGGTGAATTCGACGACATCTACCGGCACGTCCTGGCCGCTCCCGGGAAACGGGTCCGGGCCCGCCTCGTGCTCGCGTGCGCGGGTCTGCTCCCCGACGTGGAGGCGGCACCGCGTCACGCCGCCATCGATCTGGCCTGCGCGATGGAGATGCTGCACGAATCCTCGCTGCTGCACGACGACATCTGTGACGGTTCCCTGTTGCGCCGCGGCGCGCCGTCGGTCCCCGCCGCCTTCGGCGTGCGCATCGCGGCCAGGGCCGGATTCCACCTGGCCGGCACCGCCATGCAGGTCGTCGCCCAGGTGCTGGCCGACAACGCCGGGGTGTTCGCCGGCATCGGCGACGCCCCCGGCGTGACCTACGCCGACCGGCTGTCGGACCTGTCGTTCGGCCAGCTCATCGAAACCCTGCCGCCCGCCGTCGACGCCACCGCGCTGCGCCGCCACTACGAGCTGGTGGCGGGCGCCAAGACGGGCACGCTGTTCCGGCTCTCGTGTTCCTACGGCGGCACCGCGGGCGGCGCCGACAACGACCGGCTGCAGGCGCTGATGGAGTACGCCGACCAGCTCGCGCTCGCCTTCCAGATCATGGACGACGTCCGCGACATCGAGG
NZ_CP089227.1_gap59	2366701	2370959	4258	GTGCTCCGCATCTTCGGCCGATCGACCCGACAGCCGTGAAGCGTTCCCGCCCCGCGTGTTTCCCCTTCGGGTGACACGCGGGGCGGGCACCGCCCGAGTGCGGGAGAGGAATCGATGTGAACGCGCATCCTGTTCGAGAGCGCATCAGACACAACTCCACAGACCCGGGCCCGGCGGCCGGCATCGGCCGCTCGTACGCCAAGGCGATCCTGCTCGGTGAGCACACCGTCGTCCACGGCACCCCCGCGATCGCGTTTCCCCTGCCCGCGTTGCCGGTGCGCGCCATTGCCCGGCGCGGCGCCCCCGACACCGAATCCTCCGTCCTGGCCGCGGGACACTTCCGGTTCCTCGCCGGTGATCCGCACACCGCGAGCACCGCCTCGGGGCCGCGGGTCGCGGTCGAGGAAGCGTTGCGGCGCTGGGGATGTGCCGGCGATCTCGTCGACGTCCTCGTCGAATGCGACATCCCGCTGGCGCGTGGCCTGGGCTCCAGCGCCGCGTGCGCGGGCGCGGCGGTCCGCGCGGTCGCCGACCTGTACGGCCGCGCCGTCGACCCGGCCACGCTCTACGAGCTGGTGCAGTGCGGCGAACAGGTCGCGCACGGCCGGGCCAGCGGCATCGACGCCAGCGCCGTGCTGGCGAGCGGGCCGATCTGGTTCCATCAGGGCGCGGCCCGGCCCTTGTCCGTCGGCGTGGACGCCGCGCTGGTGATCGCCGACACCGGCGTTCCCGGTTCCACCCAGCACGCGGTGGCGGGCGTCCGCCGCACCTTGGAGCGCGACCCGGCCGCCGCGCGGGCGCAGCTGGCCACGGCCGCCGGGCTGATCGAGGCCGCCGCCGCCGATCTCACCGCCGGACATGCGGCGGCCCTGGGCGATGCGATGCTGTCGTTCCAGCGCCTGCTCGCCGACCTCGGGGTCAGCACCCCGCAGATCGATGCCCTGGTCGAGGCCGCCTGCGCCGCGGGCGCGTTCGGCGCCAAGCTCACCGGGGCCGGCCTCGGTGGCTGCGTGCTCGCCCTCACGCCCACCGGATCGGTGGCCGCGGTGAGCGCCGCCCTGCGCCGGGCCGGCGCCGCGCAGACCTGGACGGTCACCACCGCGAGCCTGCGCCCCGGCCCTCTGTCCCCCTCCGCCTCGAGACCGGAACGCGAAACCAGCCGATGACTTCCCCTTCCGCAGCACCCGTGGCGGCCGCGCCGCAGTCCGACGGCACGGCCGTGGCCGTCGCCTACCCGAACATCGCCCTGGTCAAGTACTGGGGCAAGCGCGATGAGACCCTGTTCCTGCCCGTCACGGGCAGCCTGTCGATGACGCTGGACATCTTCCCGACGACCACCGCCGTGCGGCTCGTCGACGGTCCCGCCGACACCGTCGAACTCAACGACACCGCCGCGACCGGTACTGCGCTGAGCCGGGTCGAGAACTTCCTCGACCTGGTCCGCGCGCTGGCGGGCCGATCCGAGCGCGCCGCCGTCGTCACCCGCAACGCGGGCCCGACCGGGGCCGGTCTGGCCTCCTCGGCCAGTGGATTCGCCGCCCTCGCCACCGCGGCCGCCGCCGCCTACGGGCTCGACCTGGACGGGCGCGCCCTCTCGCGGCTGGCCCGGCGGGGCTCCGGCTCGGCCTCGCGCTCGATCTTCGGCGGGTTCGCCGTCTGGCACGCGGGCGAGGGCGACGGCGAAGCCGGCGACCTGAGCTCCTACGCCGAGCCGATCGGTGGGGACGAGCTGGATCCGGCCCTGGTCGTCGCGGTCGTCGCGGCGGGCGCCAAGTCGGTGTCGAGCCGGGTCGCCATGCGCCGGACCACCGAGACCTCCCCGTTCTACCGGCCGTGGGCCGAGTCCTCGGTGCTCGATCTGGCCGAGATGCGGACCGCCGTCGCGAACGGGGATCTGGCCGCCATCGGCGAGATCGCCGAACGCAACGCGCTCGGAATGCATGCCACCATGCTCACCGCGCGGCCCGGCATCCGCTATCTGTCCCCGCACTCGCTCGCGGTGCTGGACGCGGTGCAGGCGCTGCGCGCCGACGGCATCGTCGCCTACGCCACCATCGACGCGGGCCCCAATGTGAAGGTGTTGTGCGCGCGGGCCGACGCGCCCACCGTCGCCGCCACCATCGAGGCGCTCGGTGGCTTCGTCGCCACCACCACCGCGCACATCGGTCCCGGCGCGCGGCTGATCGGGGGCGAACACCCGTGATCAGTTGTCGCGCACCGGGAAAGCTGTTCATCGCGGGGGAGTACGCCGTCGTCGAGCCGGGCCATCGTGCGGTGCTCACCGCGGTGGACCGCTACGCGACCGCGACGATCACCGAGGTGCCCGCCGACGCGGCCACGACCCTGCGGTCGGATCTGGACGGCGGGACCTCGCTGACCTGTCACCGTGACGGTGACCGGCTGGTCCCGGCCACCCCCGATGCCGCCGTCCCGGCCGCGTTCGCCTACGTCTTCGCCGCCGCGTCGACGCTGGACCGGCTGCGTGCCGAGCGCGGGATCGTCTCCCGCCCTTATGATCTCGCGGTCTCCACCGACCTCGGCGACCCCGACGGCCGCAAGTACGGTCTCGGTTCCAGCGCGGCCGTCACCGTCGCGGCCGTCGCCGCGCTCGGCCGGTTCCACGACCTCGATCTTTCCCCGATGGACCGGTACCGGCTGGCCATGCTCGCCACGATCGCGGTGAATCCGCGCGCCTCCGGGGGCGACGTGGCGGCGGCCACCTGGGGCGGGTGGCTGGCCTACACGTCCCCGGACCGCACGTTCGCCGCCGCCCTCGCCGCGAACGACGGCATCGACGCCGCACTGCACGCCCCTTGGCCCGGCCTCTCGGTGCGCCCACTCCGAACCCCGACCCGGCTCGCCCTGCATATCGGCTGGACCGGAAACCCCGCGTCCACCCCGGATCTGGTCGCCGCTGCCACGGCCGACCCTGCCGCCGTCCCTACTCGCCGAGTAGCGGTCGCCGAGGCCGTCCCTGCCGCCGGCACGGCCCGCGATCGCCGCGCGGCGTTCAATGCCCGCAGCAACGACTGTGTCGGCCGCCTGCTGCTCGCGCTCGATGCCGACGATCCCGTCGCGGTCCGCGCCGAGATCGACCGCGCCCGTGACCTTCTGGTCGACCTCGACGACAGCACCGGCCTCGGCATCATGACACCGCGGCTGCGGGAACTGTGCGCGGCGGGCGCCGCCGTCGGCGCGGCCACCAAACCCTCGGGCGCGGGCGGCGGCGACTGCGGGATCGCCCTGATCGAGCGGGACCGCCCGGCCGCGATCGCCGAACTCACCGGCCGCTGGGTCGCCGCGGGTATCCGGCCGCTGCCGCTCCGTATCCACCCGACCGAAGGGGAGATCGCATGATCGCCGATCGCAAGGACGACCACGTCCGGCACGCGGTGAACCAGCGTCGCGCCGACTCCGGCGGCAACGACTTCGACGCGGTCACCTTCGTCCATCACGCCCTGGCCGGTATCGACAGCGCCGATGTCGCGCTGACCACCGAATTCGCCGGAAAGCCCTGGGACACACCGCTCTACGTCAACGCCATGACCGGCGGCAGCGCCGCCACCGGCGAGATCAACCGCAAGCTGGCTGTCGCGGCCCGCGAGACCGGCATCCCCATCGCCACCGGCTCGATGAGCGCCTACTTCCGCGATCCCGCGGTGGCCGGCACCTATCGGGTGCTGCGCGAGGAGAATCCGCACGGTTTCGTGATGGCCAACGTCAACGCCACCGCCACGCTGGACCAGGCGCGCCGCGCGATCGACCTGCTCGAGGCCGACGCGCTGCAGATCCACCTCAACGCGGTGCAGGAAGCCGTGATGCCCGAGGGCGACCGGTCCTTCGCCTCGTGGCCGCGCCAGATCGAGCACCTCACCGCCCACGTGCCGGTGCCGGTGGTCGTGAAGGAAGTCGGCTTCGGGCTGAGCAGGCAGACCGTCACCTGGCTGCGCGACGCCGGGGTCGCGGTCGCCGATGTCGGCGGACGCGGCGGCACCAACTTCGCGCGCATCGAGAACGAGCGGCGCCCGGCCGCCGACTTCGCCTTCATCGAGAGCTGGGGCCAGTCCACCCCGAACTGCCTGCTCGACTGCGCGGGCATCGACGGGATCGACATCGCGGCCTCCGGCGGCATCCGCTCGCCGCTCGACATCGCCAGGGCGCTGGCCCTGGGCGCGACCGCGACCGGCGTGGCCGGCGCGTTCCTCGACACCGTCGTGCGCGCCGACACCGACACGCTGATCGCCCAGATCCGCACCTG
NZ_CP089227.1_gap60	2372067	2373265	1198	CCTCGCCGTCATCGGCGCGGCTTCGGTCCTGTGCGGCGAACTGTCGCTGATGGCGGCACAGACCAATCGCGGCGAGCTGATGCGCGCCCACACCCAATTCGAGCGGTCAACCACGAGCAACGGAACCCAACGATGACGCACACACTGCCGGTCGGTATCCACGACCTTTCGTTCGCCACCACCCACTACGCCCTCGACCACGCCGTCCTCGCCGAACGCCTCGGCGTGGATCGCGACAAGTTCTACCTGGGCATCGGCCAGGAGAAGATGAGCGTCGCCGCGGCCGACGAGGACATCGTCACCATCGCCGCCGCGGCCGCGGCGCCCATCCTGGAGCGGCACGGCACCGACAACATCCGCACCGTGCTGCTGGCCACCGAGACCGGTGTGGACCAGTCCAAAGCCGCCGCGCTGTACCTGCATTCGCTGATCGGGCTGCCCAACGCCGCGCGGGTGGTCGAGCTCAAGCAGGCCTGCTACGGCGGTACCGCGGGCCTGCAGTTCGCGGCGGGCCTGATCGCCCGTGACCCCGCCCAGCGGGTGCTGGTGATCGCGGCCGACATCGCCAAGTACGACCTCGACTCCCCGGGTGAGCCCACCCAGGGCGCCGCGGCCGTCGCGATGCTGGTCACCGCGAATCCGGCCATCCTGCAACTGGATCCGCAGTCCGGGCTCTACAGCGCCGACATCATGGACTTCTGGCGGCCCAACTACCGTAGCGCCGCCATCGTCGACGGCAAGACCTCGGTCAACGCCTACCAGAAGGCGGCCCAGGAGGCCTGGACCGACTACCGCCGCCAGGGCGGGCGCGACCTCGGCGAGTTCGCCGCGTTCTGCTACCACCAGCCCTTCACCAAGATGGCCTACAAGGCGCACCGCCACCTGCTGGAGAGCCAGGGCCACACCGCCGACGCCGCCGCGATCGAGGCCGCCATCGGCGACACCACCCGCTACAACCGCACGGTCGGCAACAGCTACACCGCGTCGCTGTACCTGGGCCTGGCCGCGCTGCTCGACCACGCGGGCGACCTCACCGACCGGGCACTGGCGATGATCAGCTACGGCTCCGGCAGCGTCGCCGAATTCTTCAGCGGCACCGTGCAGCCCGGCTACCGCGAGCACCTGCGCACCGCGGCCAACCGGGCCGCCATCGACTCGCGCGAACTGATCGGCTACGAGCACTACCGGCAGCTGCACG
NZ_CP089227.1_gap61	2382295	2385160	2865	GGCCCCCACCTGCCGCTGTCCACCGACACCGACATCGCCGCCGCGGTGTGCGCCCGGGTCGCCGCCGCGCGCGCCGACGTCCTGGTCGCGCCCGCGGTGCCCTACGGCGCCAGCGGCGAGCACGCCGGCTTCGCCGGCACCCTGTCGATCGGGCAGGCCGCGCTGGAACTGCTCGTCGTGGAGCTGTGCCGCTCGGCCACCGACACGTTCGCGCGGATCGTGCTGGTCAACGGGCACGGCGGCAATGTCGAGACGCTGCGCCGCGCGGTCGCGCTGCTGCGCGCGGAGTCGCGGGACGTGCGCCTGTTCTCGCCCGGCTACGGCGGCGACCCGCACGCGGGCCGCACCGAGACCTCGATCCAGCTCGCGCTCGCGCCCGACCGGGTGCGGACCGAGCTGGCCGAGCCGGGCGACCGCCGCCCACTGGCCGAACTGCTGCCGCTGCTGCGCGCGGGCGGGGTCAGGGCCGTGAGCCCCAACGGCATTCTCGGCGACCCCACCGGGTGCAGCGCCGACGAAGGCGCCGCGCTGCTGCGCGCGGCCACCACCGCACTGCTGGAAGACCTGGGCCGCTGGTGGCCGCAGGATCGTGAGGAAGGACTTCACCGATGAATCCCTGGTTCGAGACCGTCGCCGAGGCGCAGCGCCGCGCCCGCAAGCGCCTGCCGAAATCGGTGTACGGCGCGCTGATCGCGGGCTCGGAACGCGGCCAGACCATCGAGGACAACCAGGCCGCGTTCACCGAACTCGGCTTCGCCCCGCACTGCGCGGGTCCGATCGGCGAGCGCGACCAGTCCACCACCGTGCTCGGTCAGCAGCTGTCGATGCCGGTCATGATCTCGCCCACCGGCGTGCAGGCGGTGCATCCCGACGGTGAGGTCGCCGTGGCCAGGGCCGCCGCCGCGCGCGGGATCGCCATGGGCCTGAGCTCGTTCGCGAGCAAGCCGATCGAAGAGGTCGTCGCGGCCAATCCGTCCACCCTGTTCCAGCTGTACTGGTGTGGCAACAAGGACCAGATCCTGGAGCGGATGGCCCGGGCCAAGGCGGCGGGCGCCGTGGGCCTGATCCTCACCCTGGACTGGTCGTTCTCGCACGGGCGCGACTGGGGCAGCCCGGTGATCCCGGAGTCGCTGAACCTGCGCACCATGATGTCGTTCGCGCCGCAGACCCTGGCCCGCCCGCGCTGGCTCGCCACCTACCTGCGCTCGGGCTCCATCCCCGACCTCACCGCGCCCAACATGGCGGTCGGCGGCGGCGCGGCGCCCGGCTTCTTCGGCGCCTACGGCGAATGGATGCAGACCCCGGCCCCGGACTGGGACGACGTGGCCTGGATCTGCGCGCAGTGGGACGGGCCGGTGCTGCTCAAGGGCGTCATGCGGGTCGACGACGCGCTGCGCGCGGTCGACGCGGGCGTGGCCGGCATCTCGGTGTCCAACCACGGCGGCAACAACCTCGACGGCACCCCCGCCGCGATCCGCGCGCTGCCGGTGCTGGCCGACGCCGTCGGCGACCAGATCGAGGTGGTGCTCGACGGTGGCATCCGCCGTGGCAGCGATGTGGTCAAGGCCGTGGCGCTGGGCGCCCGCGCGGTCCTGATCGGCCGCGCCTCGCTGTGGGGCCTGGCCGCCAACGGGCAGGCCGGCGTGGAGAACGTCCTCGACATCCTGCGCGGCGGCATCGACTCGGCGCTGCTGGGTCTGCGCAAGACCTCGATCGCCGATCTCGACCGTGGCGACATCGTCATCCCGGCCGGTTTCGAGCGCGCCCTCGGCGTGCCCGCCGACAGCGAGAAACCGCTCACCACCGCGGATCTCGTCCAGTAGTAGGCCAGACGGACGGCACCGGGACCCGTCCACGCGGGTCCCGGTGCCGCGTCCCTTTCGACCGCGCGGGCCCGGTCTGCCGCTAGAATCGGCCCTTCGCGCAATCGATTTCGAGGGGGACGACGTGGGTGGGGGATCCGGGGGCGCGATCGGGCGCGTGCGAATCATGAAGTCGCGCAGTGTGTCCTGCACGCTGCCCGCCGTGGTCGCGCTGGCGCTCGTGACGGCGGGCTGCGGGACCGGGGCGCCGTCGCACCGCGCGGCGACGACCACCAAGTCGCCGGTGACCAGCACGGCCCGGCCGACCACCGGTACGCCGTCGCGGACCACGTCCTCGGCGCGGCCCACCACCAGCACCACGGGACAACCCACCGCCGTCGGAGTCTGCGTGGACACCACCTCCTCGACCCGGGTGGCCGACGGGCAGTGCGACAGCTCCGACAGCCGGTACGCGCGCTTCTGGTACCAGCACACCGACACCCTGGTCTATCCGGCGATCGGTGCGGCCGTGGCGGTGGCCGCGGGCAGTTTCGTGCGGCCCACCGGCGGGGTGATCCACGACCGCGGGGCGCCCGAGCGCGGCGGCACGATCACTCGCGGCGGGCTCGGGAACAACCGGCCCGACTCCGGGAGCAGCGGGTCCTAGCCGGTCGCGCGCCGGTGGGTCAGACCGGATCGGGCGCGGGTTCGCCTGTCTCGGCGGGGCGGCCGCGGCCGGTGGGGCCGAATTCGGTGCCCGCGCTGCGGTGGTGGTTGATCAGCACGTCGTAGATCTCGGCGAGGGCGGCGAGCTGGCCGCGGTCGAGCACGTCGATCATGTTGCGCCGCACGCTGCGCACGTGCGCGGGCGCGGCGGTGGTGAGCAGCTGGCCGCCCGCGGTGGTCAGCCGGGCGACGGTGCGGCGCTGATCGTGCGGCATGGTCTCCCTGGTCACGAGTCCGCGCTTCTGCATACGGGTGATCTGGTGCGAGAGCCTGCTCTGCGACCATTCGAGCGCACCGGCCAGGTCGGCGAAGGTCAGGCGCTGACCCGGCGCGTCGG
NZ_CP089227.1_gap62	2506197	2509429	3232	CCTGGTTCGCGGCGCGGACCGCGACGGTGGTCACCGACGCCGACGGCTGGACGATCCGCTCCGCCGACGGTTCCCGCTGCGCGCATTCCGAACACACGATCGCCGTCACCGCCGACGGTCCGAGCATCCTCACGCTGCGGGACGGAACATCCGGCTGATCAGGCGGATTCGGCGACCTGCTCGGCCCGGTAGACCTCGGCGAGTTCGGCCAGCGGGATCGACAGCGCCTCGGCCAGGCCCACGACGGTGCCGAAGGCGGGGGAGGGCAGGCGCCCGGACTCGATCTTGCGCAACGTCTCCGGGGAGATGCCGGCCGCGTGGGCGACCTCGGTGAGATCGCGCTCGCCGCGCGCCGAGCGCAGCCGACGGCCGAGCCGGCGGCCCGCTTCGACCTGGGCGGGGCTGAGAGGAAGACGCACCATCTGTCCGAGGGTAGGTGGGGTATTTAAATACCGCAAGCGCGGACTCAGTGTGCGGTGCCGCCGGTGGCGGGCGTGCGGCCGTGCCGCATGATCACCGCGAGCACCAGGGCCACGGCCGCGGCGGCGCCGCAGACCCAGAAGCCCAGCTCGTAGCCGCGATCACCGAAGATGTCCGGCACCGGCGTCGGCGGCTGGTCCTGGCCACCCACGCTGATCAGCGCGGTCATCCCGTTGGCGTGCAGGAAGGCGGTGACCACGGCCAGGCCGATCGCGACACCCATCGACTGCATGACACCGAGCATGCCCAGGCTGATGCCCTGCTGCTCCTGCGGCACCGCCTCCACCATGAGGATCGGCATGGCCGCGTAGTAGAAGCCGAAGCCGATGCTGAACACGGCGTTGACCAGCAGGAACACCGTGCTGGTGTGTGGCAGCACGGCGAAGGCCGCGGCCGAGCAGACGAAGATCGCCAGCGCGATCACCAGCGGGATCCGGGCGCCCACCTTGCGCGCGATCACCCCGGCGAGCGCGCCGCACACCATGGTCACCACCGCGCCCAGCAGCGCGATCCGCAGCGCGAACTCGAGCAGGGTGTAGCCGTTGCCGTAGGTGTAGCCGGGATCGAGCGCCACCTGCACGGCCTCGGGCGGCATCGGCTGACCGGTCATGGCCTGCACCTTGGCCAGCACGCCCTGCTGGACGCCCGCGGTCACGGTCGCCTCGTCGGGCGTCTGCGACATGTAGGCGATGGCGTAGGACACGACGCCGATCTGCAGCGAGGCGAACAGTGCCCCGGCCAGCACCAGCGCCACGCGCGGGTGGAACAGCAGCTGCATGTCCATGATCGGTTGCGCCACCCGGGTTTCCACCAGGACGAACAGCACCAGCAGGACCACACCGGTGATCACCCAGGCCAGCGTGGTCGGCTTGCTCCAGCCCCAGTCGTGGCCCTTGTCGAGGTAGATCAGGATCAGCGCGGCGCCGCCGGCGAGCAGCAGCGCGCCGACGAAGTCGATGCGCTCACGCACGCGCAGGGTGGATTCCGGGACGACGAAGTACACCAGCGGCAGCATCAGCAGGGTGAACGCGGCCAGGGCCCAGAAGATCGCGCGCCAGCTGTAGTTGTCCACCAGGAAGCCGCCGAGCAGCGGACCCGCGATGGCGGAGACGCCGAGGCCGGTCGCGGTGATGCCGAGGCCGAGCGGAACGTACTTGCGCGGCATCAGATCCCGGATCAGGCCGTAGGCGATGACCGCGGTGGCGATGGCGGTGGCCTGCAGGCAGCGGCCGAGCAGGAAGATGCCCCAGTTCGAGGTGGTCGCGTCCAGGACGCAGCCGATCAGGAACAGCACGCCGCAGACCAGGAACATTCGCTTCTTGCCCCAGACGTCGCTCATCTTGCCGATGAGCGGTGAGGCGGCCGCGCCGATGAGCCCGAAGACGATGATGGCCCAGTTGATGTTCGCGCCGACGCCGGGGAAGGTCGGGGCGATCTTCTGCAGCGCCGCGGACACGATCGTGTACTGCATCGGCGCGATCTCGGTGAACAGCACGATCACCGCGAGTACGGCGAAGACGCGCGCCTTGGAGGCGCCGTCGAGCCTGCCGGTGTCGTTCTCCGGTTTCGTCGTCGTCACGGGACTCGCCGGGGTGGGATCTTGGGGAATGGTGGACATGCCACGCTCCGATGTTCGAGAACTACTGCGAGGGATGGATCCCCGGCGAATGTGACGCAGGTCGCAGTGCCGGTTCCGCCTCGGAGTATGTGACCCCTACCGAGCGCTAGGTTGGTGAAGTTATGGAAACGTTATGTTTGCTCCCGCTGAGTGGGTGAAAGCAGCGTGACGAAGTGGCGGTAGGCCTGCGGTAGGTCGATCTCGTCGCCGTCGAGCAACCACTGGATCTGCAGTCCGTCGAGGACCGCCAGTAGCAGCGGCGCCGCCTGGGCCGGGGTCAGGCCGCCGGGCAGGTGGTCACCGAACTCGCTGGTCAGCAGGTCGGCGAAGTCGGCGCGGGCCTTGGCGTAGCGCGCGGTGAAGAACGCGCGGGCCGGGTGCGCCTCGGTCACGCTCTCCCCGGCGAGCACGGTGAACGCCTGTGCGTCGGCGGGCCGCTCGGTGGTGTACTCGACGATCTGGTCGAGGTGGGCCAGCTTGGCCTCGGAGAGCCGGGCCACGAACGCGGCCACATCCCAGCGCTCGCGTGCCTCGAGGACGCCCGAGAGCAGTGCGTCCTTGCTGGGGAAGTAGTGCAGGACCCCGGCCTGGGTGAGGCCGACGCGGTCGGCCACGGCGGCCAGTGAGGTGCCGTGGTAGCCGCGCTCGGCGATGAGGGTGGTCGCGGCATCGATGATGGCGGTGCGGCGGGCCTGAGCCTGGGCCGCGCGGCCGCCTTGCTGTCCCCGGGTCACCTCGCGAGCGTATCGGTCGGGCGCCGCGCGGCGTGTCGGCGGCGTGGCGCGACGCGGCTGGGGCGCGACCGGTCGGTACGTCCATCCGGTGCGAATCCTGTTGTGCCGGAGCCCGATCGGGATCTGTCCGATCTGGTGTTATGCACAATAGCCATGGCGCATCATGAGTGGGTAACGCGCCGATTCCGGGGTAGGACCGGTTCGGCAAGTCGGAGGGAAAGCCCATGAAGTTCAAGCAGTTGCTGGCTGCCGGTGTCCTCACCGTGGCAGCGACCGGCATCACCGCGGCCACCGCGTACGGCGCTCCGGTCGCCGGGCCGTCGGTGTCCGGGGTCGACGGCGCGGTGGCCTATACGGCGGCGGTCGCGCCCGACGGTTCCGCGGCGACGGTGGAACTGGC
NZ_CP089227.1_gap63	2540170	2541222	1052	GACGAGGTGCCGCTGAACCCGGTCGGCAAGCTCGACCGGGCCCGGCTGCCCGAGCCGGTGTTCACCGCGGCCGAGGGCTATCGCGCGCCCTCGACCCCGGCCGAGGTGGCGCTGTGCACCGTGTTCGCCGAGGTGCTCGGCGTGGAGCGAGTCGGCGCCGACGACGGGTTCTTCGAACTCGGCGGCAACTCGCTGCTGGCCACCAAGGTCGTCGCGGCGCTGCGCGAGCAGGGCTACGACATGCCGGTGCAGCTGATGTTCGGCGACGCCACCCCGGCCGGCATCGCCGCCCGGCTCGACGGCGCCGACGCCGGTGCCGCCATCGCCGCGGCGACCGCCCCGGTGCTGCCGATCCGGCCGTCCACCGGGCCGCACGACACCCCGCTGTTCTGCGTGCACCCCGCGATCGGTCTGGCCTGGTGCTACGCGGGCCTGCTCGCGCACCTGGCGCCGGGACGCCCGGTCTACGGCCTGCAGGCGCCGCACGTCTCCGGCGACGACCGGTTCACCTCCATCCCGGAGGCCGCCGGACACTATGTGGCCCACATCAAGTCGATCCAGCCGCACGGTCCGTACCACCTGCTCGGCTGGTCGCTCGGCGGCCTGATCGCGCAGGAGGTGGCGGTCCAGCTGCAGGACGCGGGGGAGGACGTCGCCCTGCTCGCCATGATGGACAGCTACCAGCTCGGCGACCGCTGGCTCGACACCGCGATGCCGAGCGTGGCCGACATCCTCGGCGAGTTCGGCGCCGACATCCTCGGCGGGGCACCGCTGCCCGCCGACATCGACCTGCACGAGGCGGCGGATCTGCTGCGGGCACAGCCGGGCCCGTTCGCCGCGCTCTCGGTCGAGAATCTCGAACGGCTCTACACCGGGTACGCCGACGGCACGATGATGGCGAACCGGTTCCGGCCGCGCACCTTCGACGGCGACCTGGTGTTCTTCTCCGCCGTGGCGGACGAGATCAACGCCGCCGATCCCGGCAGGCGAGCCGAAGCGTGGCAGCCGTTCGTCACCGGCAACATCCACAACCACGACCTGCCCTGCAGGCA
NZ_CP089227.1_gap64	2543240	2543958	718	CATGGGGAGGCGGCCTTCGCCGTGTGTGTCGCTCGCCCGCTAGCCGCGGCGGCGGGTCTTGAGCAGCTCCAGGCGCTCCTTGAGCAGCTCCTCGAGCTCCTCCTTGCTGCGTCGCTCCAGCAGCATGTCCCAGTGGGTGCGGGGCGGCTTGACCTTCTTGGTCTCCTGGGTGGTGCCCTCCATGAGCGTGCCCTCCTGGCCGTTGCGGCACAGCCAGGTGGGCGGGATCTCCGCGTCGTCGGCGAACGGGACATCGAACTCTTCACCGTTGTCGGTGCGGTAGCGGGCGATCCGGCGCGGGGCCAGGTCGTGGTCGCGATCGGTCTCGTAGCTCACCGCTCCGAGCCGACTGCCTCGGAGTACGCGATCTGCCATGTGTGCTCCCTGTCTTCGGCGGCGTGACGCCGCGGGTTCGCGGCCGTGGCGGTTGCGGCGCGCGAACTGGTCGTGGTCCTACCGTTAACGCGCGGGACGTCTGAACTGTTCCATTGTAGTGGAACGGGCGACGGCGCCGAGCGGGCCATGAGCCGTGCCCGCTGAGCGAGACCTGAGCCGCCCGATCGGCGCTCGGACCGCTAGGGTTTCGCAGCATGTCGCGCAGTCGCCTGCTGCCCTGCCTCTGGTGCGGGCGGGAGATCGTGGATTCCGAGTCGGGTCGCCGTCGCCGCTATTGCCGCCAGTCGTGCCGGCAGCGTGCCTACGAACACCGCACCAGCCT
NZ_CP089227.1_gap65	2563019	2563548	529	CCAGTCACCTCCGATGAAGTTGTCGTATCGGGCGGCATAGCTGACTATGCCGGTATCCGATCCGGGCTTGCCGTAGATCATGCGTCTCGCTCCTCGCGACCCGTGCGTGGTGGAACCCACTATGGTCGGCGAAGGTTGGCACGAGGTAGGTGAGCGCGTTCGCGCAGGTCAGCCCTGGCGTGCGGTGTACAGACGCGCGGTGACGACGGCCCGGCGGACGTCGTCGCGGGGCAGCAGGCGCAGGGCGTGCTCGTGCACGGCGACGTCGCCGGTGCAGCGCTGCCCGAACGCGACGGCGTGTTCGGGCCGGTCGCTGTTGAGGACCGCGTTGCGGATCCCCACGTCGAGGTGGGCGCGCCACTGTTCGACGCCGGGCAGGTCCGAGCCGGGCAGCAGCGGGCCGCGGTAGAGCCACAGCGCCGAGGTGAGGTCGCCGCCCTCGATGGCCGCGAGCAGGTCGACCGCGTCGCAGGACACCGGCCCGGTGAGCATGTAGCGCCGGTTGGCGATCTCGCCGCGGGTGGCCCGG
NZ_CP089227.1_gap66	2568862	2571867	3005	TGCCACACGATCGGATGCGCGAACAGCGCCTGCTGCGCGCTGGCCTCGAACCGGTCGGCGTAGACGTAGGTGCCGGTGAGCCCACCGGCCACCACCACCGTGGCGACGATCAGCACGTGCCGGGCGGTGCGGGCCATCCGGTCGCGAAAGAAGAAGAACGCCAGCGCCAATCCCGCGATCGCGTTCACCACGCCCACCACGAGACTGCCCCGGATCTGCCCGAACACGGGCAGCAGCAGGAACGGGAACGCCAGCCCGCCCAGCAGTGCCCCGACATAGTCGGCGGCGAACAGGTCGGCGACCGCGCTGCTGGCCTCCTGCCTGCGGACCTGCTGCAGCAGTTCCATCAGCAGCGGGATCTCGGCGCCGACCAGCATGCCGATCAGCGCCGCGGCCAGCACCAGCGTGCCGGTATAGACATTGAGCCAGGCGTAACTGGCGTACAGCGCCGCCACCGACAGTCCGCCGATCACCGCCAGCGCCAGTTCCACCGCGACGAAGGCGGCGGCCGCCTGCGCGCGCAACGGTTTCGCTGCCAGCGCGCCGACACCCATGGCGCACACCATCACGCTCAGCGTGATCGAGGCCTGCGCGGCGGTGTCACCGATCAGGTAGCTGCCGAGGGTCACCAGCGACAGCTCGTACACCAGACCGCAGGCGGCGCAGACGAACACGGTCGCCAGCAGCGCCACCCTGGCCAGGCGGTGCACCGGCATCAGGTGAGGCTCGCGGCCACCACCAGCGCCACCGCGATGTGCGCCGAGGCCGTGACCCAGACCGCCGGATGCGGTTCCGGATCGGCCACGACGGCCCGGAAATCACCCGGGGTGAGCGCGTCGAGCAGGACGAACGCCAGCGCCATGGCGGCCAGGCCGATCACGCCGTAGATCGCGCTGGCGAGCAGGGCCTGGACGATCTTGCCGTCGGAGGTCCAGATCGCGGTGGCCACGATGACGCCGACGCCGAACAGGTTCGACGCGAGCAGGATGGCGGCGTTGCGGTTGCGCTCCTGCCAGATCTGGGCGCGCAGATCACCGGAGGTGAGCAGGTCGACGAGGCCGAAACCGACCGCCATCAACACGATTCCCACCGCGGAATAGGCGAGCGCGGCGCCCGCGTCCGCCGCCAGGTCGGCGAGCATGAGTGTCCTCCTGTGCTGTGTGAGGCGAGCCGCCTCGGTGAACTACTTGCCGCCGTTGTCGCTGCCGCCACCGCGGAAGTCGCCTGCGGCCGAGCCGCTGTTCCAGCCGTAGGTGCTGGTGTGGGCGTGATGGCGGCGGGTGCCGTTGGCGAGACTGTCGATCAGCACGAGCGAACCGCCCGCGTGCGGGGACACCGCGACGAGATCCTTGTCGAAGCGCAGGTAGTGGTTGTCGCCGGTGTTGCGGCGATCGCGCGGATCGGTGGCCTTGGCGATCGCGGCCGCGACGGCGGCGGGCGCGGCGGCCGCGGTGAACGCGAGCCCGTTGTTGGCCTGATCGAGCTGGCGGGCGCGCTGATAGCGCTCGGCCACGAAGTCGCGCGGATTCTGGTCGCGGGTCACGACGACCACCACGATCACGGCGACGATGGTGGTGACGACGGCGACGATGCCCGCCACGATCCACTTGGTGCGAGTCATCGTCACCGCGGCGCTCCGGAACCGGTGCGCCGCACGACTGTCGGCGATGCGCTGATGAGAAACCCTCCCCGTACAAAAACTGGGCGGACTGTATCACCCGGGGCGCGCGCACGAAAAGTCGTTCGTCCGGAGATCAGTGCTCCCGCGGGCGCCGCCAGAGCAGGGTGTAGCGCCACATCAGGCGGCGCCGGATCCGTACTCCCGGCAGCAGCTCGGCCGACACCGACCGGATCTCGGCCAGCGTCTCTCGCGGGTCGCGCACGGTCGCGGCCGGCCCACCCGCCTGCCCGCGCCGCCACCGATCGATCCCGGCGATGACCGGCAGGACGGGCAGGTAGTGGAAATCGGTGTGGGGGCGCATCTTCCACAGGCCGACGACGGCGAGGGTGCCGCCGGGGGCGACCAGCTCGCGCAGGGCGGTGACGCCCTCGCGCAGCGGGACGTGGTGCAGCGTCGCGACCGCCGTGACCACGTCGAAGGTGTCGTCGAGGGCGCGGAAGTCGCCCTGCTCGAGATGAACGCGAGGCGCGGCGGGCGCGGTGGCGAGCACGGTGTCGTCGATGTCGACGCCGAGGACCGCGTCGCAGCGGGTGGCGAGCTTGCGGGCCAGCAGGCCGTCGCCGCACCCGATGTCGAGGGCCGTGCGGGCACCGGCGGGGACCTGGTCGAGGATCCACGGGTGGTAGTGGGTGTTGTGATTCCAGTAGGGGTCCGGCGACATGTCACGACAACGGGCGCGTCCGCGTCCCGGTTCCCGGGCGGAACCGCCGGGCGCGCAGCCGGTTCGGTGGCTAGCCGCGCGTGGCCGCGTAGTTCGCGAGCCAGGCGGGGAATTGGGTGAGGTCGTCGAGGACGATGTCGGCGCCCGCCGCGCGCAGGCCCTCAGCGTCGTAGGGGCCGGTGGTGACCCCGACGGCGAACGCCTCGGCGGCCTTGGCGCCGCGCATGTCTCCCGCGTGGTCGCCGACGAACACCTGGGCCGATTCGGCCAGCAGGACCTCGGCCTTGCCGGTGGACCACAGGTCACCGGCGAGCCGGTCGACGGTCCAGCCGAAATGGTCGACGTGCAGCCGGGCATGCGGTTCGAACTTGCCGGTGACCACCAGGGCGCGGCCGCCGCCGGTGCGCACGGTGTCGAGTGCCTCCGCCGCGCCGGGCAGGGCGGGGATGTCCGCGACGACGTCCGGGTAGAGCTCGCGGTAGCGGGTGACCAGATGCGGGATCAGGTCGTCGGGTGCGCCCGCGTCGCCGAGCAGGGTCGCCAGGGGCGGCCCGAGGTGCTCGGCGAAATGGCTGCCGTCCATCGGCAGGTCGAACTCGCGGGCGAGGGTGTCGATCGCGAGGGCGACACCGGGGCGCGAGTCGATGAGGGTCATGTCCAGAT
NZ_CP089227.1_gap67	2574553	2576842	2289	GGTGCGCGCGTAGCGCTCGGCCTTGTCCAGGAAGTCGCCGTAGGCCTGCTGCTCGCGCGGCTCGCCACCGGTCACCACGTTCAGCAGCAGCCGGCCGCCGGAGTGCCGCTGGAACGTCGCCGACATCTGGGCCGCCAGCGTCGGGCTGGTGAGGCCGGGGCGCAGCGCGACCAGGAACTTCAGCGTCTCGCTGGTCTGCACCAGCATGGCCGTGGTCAGCCAGGCGTCCTCGCACCAGGCGCCGGTGGGGGTCAGCACGCCCTCGAAACCGTTGTCCTCGGCCGCGGCCGTGAGCTGGTTGAGATAGCGCAGCGTGGCGGGCCGATCGCCGGACATGAAGCTGCCGTGTCCGCCGGCGACCAGCCCGCGGGAGTCGCCGTATGTGGGCAGGAACCAGTGGAACGACAGTCCGCGCTCGGTCATGTCCGCCTTTTCGTCGCAGTGATGGGAACAGTCATCGATGCTGACCGGCGAATCCGGTGCCGTCACGGATTCGGATCACCCTGCGTCCAACCCCCGGCCCGCACGACAACGGCCGGGGAAACTAGACGTAACCATGCGAAACACGTAACCTCGTTGGAGGCTCGCGCAACGATGCGTGGGCGGCCACGACCTACGAAACGAGTTTCCTCAATGACGCGGCATGTCGACGTACTGATCATCGGCGCCGGCCTCTCCGGAATCGGCGCGGCCTGCCACCTCGTTCGCGAGCAGACCGGACGCAGCTACGCGATCCTCGAGCGCCGCGAGAACATCGGCGGCACCTGGGATCTGTTCAAGTACCCCGGCATCCGCTCCGACTCGGACATGCTGACCTTCGGTTTCGGTTTCCGCCCGTGGATCGGCACCAAGGTGCTCGCCGACGGCGGCAGCATCCGCCAGTACGTCGAGGACACCGCGAAGGAATACGGCGTCACCGACCACATCACCTTCGGCCGCAAGGTCGTGCACCTGGCCTTCGACCGCGCCACCGCGCAGTGGACCGTCCAGGCCCTGATCGAGGCCACCGGCGAGACCGAGACCTGGACCGCCGACGTCGTGGTCGGCGCCAGCGGCTACTACAACTACGACGAGGGCTTTCAGCCGGACTTCCCGGGTCAGGCCGATTTCCAGGGCCAGATCGTGCATCCGCAGCACTGGCCCGAGAACCTGGACTACCGCGGCAAGAAGGTCGTCGTGATCGGCTCCGGCGCCACCGCGATCACGCTGATCCCGTCGATGGCCGACGATGTCGAGCACATCACCATGCTGCAGCGTTCGCCCACCTACATCCAGGCGCTGCCCTCCGACGACCCGGTCGCCATCGGCTTCAAGAAGTCGCGGGTGCCCGACGCCATCGCCTACAAGATCGGCCGCGCGCGCAACATCGCGCTGCAGCGGGCCAGCTTCCAGCTCTCGCGCACCAACCCGGAGCTGTCCAAGAAGCTGATCCTGGCCCAGATCCGGCTGCAGGTCGGCAAGCACGTGGACATGCGTCACTTCACCCCGTCCTACAACCCGTGGGACCAGCGGCTGTGCGTGGTGCCCAACGGTGACCTGTTCAAGGCGCTCAAGAGCGGCAAGGCCGACATCGTCACCGACAGGATCGCGAAGTTCACCGAGAAGGGCATCCTGACCGAGTCCGGCCAGGAGCTCGAGGCCGACATCATCGTCACCGCCACCGGCCTGAACGTGCAGATCCTGGGCGGCGCGACCATGACCATCGACGGCGAGCCGGTGAAGATGAACGAGACCGTCGCCTACAAGAGCGTGCTGTACTCCGACATCCCGAACTTCCTGATGATCCTGGGCTACACCAACGCGTCCTGGACGCTGAAGGCCGACCTCGCCGCGGCCTACCTGTGCCGGGTGCTCAACATCATGCGCGACCGGGGGTACACCACCTTCGAGGTGAACGCCAAGCCCGAGGACTACGCCGAGGAGTCGCTGATGGGTGGCGCCCTCACGTCGGGCTACATCCAGCGCGGCGACGGCGTGATGCCGCGGCAGGGCGCGCGCGGGGCCTGGAAGCTGGTCAACAACTACTACCGCGACCGCACGCTGATGCACAAGGCGCCGATCGAGGACGGCGTGCTGCGCTTCAGCAAGACCGGCACCGCCGCGCGGGCCGGGCAACAGCAGGTCGCCGAAGCCGAGGCCTGACCGCCGGGCAGTACCGGCAGCACAGACGGGGTCCGTCACACCATCGGTGTGGCGGACCCCGTCCGTTGCCGGGCGGCGATTCGTGCCCGATCCGCTTGCGCGGAGCGGGTTTCGATCACCCGGGCGAATTCCCAGCGCCTCCCGTAC
NZ_CP089227.1_gap68	2704273	2705995	1722	CCGGCGACGTCGACGAACGTCCAGTCCACCGAGTCCGGCAGATCCGAGCGCTGCGCGAGCGTGGTGACACCCACCGTGGCGCCGCAGTCGCCCAGGATGTGGGCGATGCGCTCGGCCGGGTAGGCGGCGTCGATCGGCACGAACCCGGCGCCGGTCTTGGCGATGGCCCAGACGGCGCCCACCGACGCGGCCGAGCGTTCCATGACCATCGCGACCAGCGTCTCCGGGCCGGCGCCCGCCGCCTGCAACGTGTCGGCGAGGTGGTCGGTCCACGCGTCGAATTCGCGGTAGGTCCAGCGCTTGTCGTCGTAGACGACGGCCGTGCCGTCGGGATTCTCGGCGACCGCGGCCGCGATCAGCTCGCTCAGCGTCGCCGCGGTCCGCGCCTGCGGGCCGCGCCACGGCACCAGCAGTTCCCGTTCGGCGGGGGTGAGCACCGGCAGGTCGGCGATCGGGACCTCGTCGGCCGCCGCGGCGAAGGCGGTGAGGAAGCCGACGAACCGGTCCAGATGCCCGGTGACCTCCGCCTCGGTGTAGCGATGGCGATTGGCCTCGAACTCGACGCGCAGCCGGGAATCGTCGACCGGGTACACATTGAGCGCGAGATCCTCGACCGGTCCGGTCGAGAGCAGGTGGATGCGGCCGCGCGCCGGACCCAGCACCTGCTCGGCGTGGAAGTTCATGATGTTGACCGCGGGACCGAAGCTCAGCGACCGTGCCTGCCGCCCGCTGTCGCGGACCATGTCGGCGCCGCGATAGCGCTGATGACGCAGCGCGCCGCTCATCCCGGCGCGGGCGCTGGCGACGATGCCGCCGACGGTGTCGCCCGCGCAGGTCAACGGCACGATATTGGAGGTCATGCCGCCGCAGGCGCGCAGCGCGGCCACGGTGCGCCCGGTGACCGGCAAGCTCAGCGTCACCGGATCGGCGTCGGTGAGCCTGCCGAGGAACGCCGCGAACGCAGCGACGAGCACGACGGTGTTGCCCGGAAAGTCGCCGCGCTCGCGCAGCCGGGCGACCAGCGCGTCGGGGAGTTCGGCACGGGCGTGGATCGGCAGCGGGTCCGGATCGCCGGCGCGTGTCGCCAGGCTCACCGGTGCGGCGAGGTCGGCGAGCTGCCCGCGCCAGTACTCCTGATCGGTCGCGTAGCGCCGCGACGCCCGATACGTCTGCTCCGCCTCGGCCAGGACGGCCGTGGAATCCACCGCCGTCGAGGACAGTTCGGTCCCGGCCAGCGCGGCCTCGTAGTGCTGAGCCAGCAGCTGCTGCAACCGGATCGCGCCGTAGCCGTCGAGCGCCAGGTGATGGGCGCGCGTGTACACCAGATGCCGCTGGTCGCTCAGCCGCAGCACGGTGGTCACGATGGGTGAATCGACGGCCAGGTCGAACGGCGTGCACTGATCGGCGCGCATCCATGCCAGCGCCGCGGCCGCCGGATCGGGTTCGCCCGAGCAGTCCCGGACCGCGATCCGGTCGTCGAGGCCGGGATCGGCGATCTGCCCCGGCTCGCCGTCGACGGTGGTGAACCGCAGGTAGGCGCCGAGATCGTGGGCGGCGGCGCGGGCCGCGCGCTGGTAGATCTCCAGGTCGAGGGGCCCGCGCAGGTCCACGTACTGGGCCACGGTCAGCGGCACCGGTCCGAGCAGCTGCTGCGCGAACCACACCTCACGTTGGGCTGCGGTGAGCGGTCGGAGAGCAGGGGCCGGATCAGGGTGCGTCATG
NZ_CP089227.1_gap69	2823680	2827948	4268	CGGGCTCGGCGGCATCTACGTGCGTGAGGACACCGGCGGCTCCGCGCTGCGCAGGCTCGACGCCGTCCGGATCTTCGAGGAACTCGCCACGGGCTGCCCCGCGGTGGCGGCCTACATCTCGATCCACAACATGGCGACCTGGATGATCGACGCCTACGGCACCGAACAGCAGCGCCACCGCTGGGTACCGGGCATGGCCGCGATGGAGCTGCTGGGCAGCTACGCCCTGACCGAGCCCGGGGTGGGGTCCGACGCGGCGGCCTTGAGCACCAAGGCCGTTCGCGACGGCGACGACTACATCCTCAACGGCGCCAAGCAGTTCATCTCCGGCGCGGGCGCCAACGACGTGTACGTGATGATGGTGCGCACCGGCGGCGACGGCCCGCGCGGGATCTCGGCGCTGATCGTGCCCGCCGACACGCCCGGTCTGACCGTGGGCCCGAACGAACGCAAGATGGGCTGGAACGCGCAGCCGACGCGTCAGGTCGTCCTCGAGGACGCGCGGGTGCCGGTGGCCAATCGGCTGGGCGCCGAAGGCGACGGTTTCGCGATCGCCATGAACGGCCTCAACGGCGGCAGGCTCAATATCGGCGCCTGCTCGATCGGCGGCGCGCAGGCCGCGCTGGACAAGGCCGTGCTGTATCTGGCCGAACGGCACGCCTTCGGCAAGCCGCTGGCGCACAACCAGGCCCTGCAGTTCGATCTCGCCGACATGCGGACCGAGCTGGAGGCGGCGCGGACGCTGCTGTGGCGGGCCGCCGCCGCGCTCGACGCCGACGCGCCCGACAAGGTCGAGCTGTGCGCGATGGCCAAGCGGTTCGCCACCGACATCGGTTTCGAGGTGGCCAACAAGGCGTTACAGCTGCACGGCGGATACGGCTACCTGCACGAATACGGCCTGGAGAAGATCGTGCGCGACCTGCGCGTGCACCAGATCCTCGAGGGCACCAACGAGATCATGCGGGTGGTCGTGGCCCGCACGCTGACAGGAGCGGCATGACCGACGAACCCGAAGTGCTGATCACCGTCGCCGACGGACTCGGGCTGATCACCCTGAACCGGCCCAAGGCCATCAACGCCCTCAACCACCCGATGACGCTGGCGATCACCGACGCGCTGCGATCCTGGGCCGACGACGACGCGGTGCGCGCGGTCGTCGTCACCGGCGCCGGGGAGCGCGGGCTGTGCGCGGGCGGCGACATCGTCGCCATCCACACCGACGCGAAAAGCGGCCGGGCGGGCGCCGATTCGCCGACCGGGCGCTTCTGGCGCGACGAATACGTGCTCAACGCCCTGATCGGCGGCTACGCCAAGCCGTATGTGGTGATCATGGACGGCATCGTGATGGGCGGCGGTGTCGGCCTGTCCGGGCACGGCAGCCATCGCATCGTCACCGAACGCTCCCGCATCGGCATGCCCGAGGTCGGCATCGGCTTCGTGCCCGACGTCGGTGGCACCTTCCTGCTGTCGCGGGCGCCGGGCGAGATCGGCACGCATGTCGCGCTGACCACCGCCCGGATGAGCGCCGGCGACGCGATCGCCGCCGGTTTCGCCGACCACTACGTGCCCTCGGCGGCGATCCCGGATCTCGTGGACGCGTTGCGCACCACCGAGGTCGACGCCGCGATCGCGCGCGTCGCCCAACCGGCGCCGGCCTCGGATCTGCTCGCCCAGCAGTCCTGGATCGATGCGTGCTACCGCGCCGAGACCGTCGAGGAGATCGTGTCCCGTCTCCAGACCGCCGACTCGCCCGAGGCGACCAAGGCGGTCGACGAGCTGCTGGCGAAATCGCCGGTCGCGCTGAAGGTCACGTTGCGCTCGCTGCGGGCGGCGCGGGAACTGACGAGCCTGGAAGCGGCCCTGGAGCAGGAATACCGGGTCTCGATCGCCGCGCTCGGTTCGCACGACCTGGTCGAGGGCATCCGCGCCCAGGTCATCGACAAGGACCGCACCCCGCACTGGCAGCCCCCGACCCTCGGCGACGTCACCGACGCGCAGGTGGCCGCCTATTTCGCCGCACTGGGGGACAACGAACTCGACCTGACGACACAGGAGACACCGCGATGACCAAGATCGGTTTCCTCGGCCTCGGCCACATGGGCGCGCCGATGGCCGCCAACCTGGTGCGCGCCGGCCACGACGTGATCGCCTACGATCCGGTCCCCGCCGCCCGGGCCAAGGCCCTGAACGACGGCGCGACCGTGGTGGAGACCGCCGCCGCGGCCGCCACCGACCGCGACGTGGTGATCACCATGCTGCCCAACGGCAAGCTGGTGCTCGACGTCTACGCCGAACTGCTGCCCGCCGCGACCCCCGGCACCCTGTTCATCGACTGTTCCACCATCGATGTCGCCGACGCGAAAGCCGCGGCGGAGCTGGCGGTCGCGGCCGGGCACCGCCCGCTCGACGCCCCGGTCTCCGGCGGCGTCGCCGGTGCCACCGCGGGCACCCTCACCTTCATGGTGGGCGGCGCTGCCGCCGACTTCGCCGACGCGGGGGAGGTGCTCGGGGTGATGGGCGGCAAGGTCGTGCACTGCGGCGACGCCGGGGTCGGGCAGGCCGCCAAGATCTGCAACAACATGCTGCTCGGCATCTCCATGATCGGGCTGTCCGAGGCGCTGGTGCTCGGCGAGCGCCTGGGCCTGAGCCACCAGTCGTTCTTCGACGTGGTGTCCACCGCGTCGGGCCAGAGCTGGGCGTTGACCAGCTACTGCCCCGTCCCGGGACCGGTGCCCGCCAGCCCGGCCAACAACGACTACCAGCCCGGTTTCGCCACCGCGCTGATGTCGAAGGACCTCACCCTGGCCGCGAACGCGTTGCGCGCCAACGGCATCGACGGACAGCTCGGTGAGCTCGCCGCCGCCATCTACGAGCGGTTCAACCAGACCGGCGCGGGCCGGGACTTCTCCGCGATCGTCACCGACATCCGCGACCGTTCCGGGGAGGCGGAGGCGTGAGCGACTACGAGACCATCCTGCTCGAGCGCAAGAACCGCGTCGGCTGGATCACCCTGAACCGGCCCAGGGCGCTCAACGCGCTCAACACCCGGGTGCTCGACGACATCGTCGCGGCCCTGGCCGAGCTCGAGCGCGACGACGAGGTCGGCGCGGTGGTGATCACCGGCTCCGCCAAGGCCTTCGCCGCGGGCGCCGACATCAAGGAGATGCAGCCCAAGTCCTACATGGACATGTTCATGGACGACTTCTTCGCCCGCTGGGACCGGCTGGCCAACTTCCGCAAGCCGACTATCGCCGCGGTCGCGGGTTACGCCCTCGGCGGCGGCTGCGAGCTGGCGATGCTGTGCGACATCCTGATCGCCGCCGACACCGCCCAGTTCGGTCAGCCCGAGATCAAACTCGGCGTGATCCCCGGCATCGGCGGCTCGCAGCGGCTCACCCGCGCGATCGGCAAGGCCAAGGCGATGGACCTGGTGCTGACCGGCCGGAACATGGGCGCCGAGGAGGCCGAACGCGCCGGGCTGGTCTCGCGCATCGTGCCCGCCGACGATCTGCTGGACGTGGCCGCCGAGGTCGCCGAGACCATCGCGGCCAAGTCGCTGCCGGTGACGATGATCGCCAAGGAGGCGGTGAACCGCTCCTTCGAGACCACCCTCGCCGAGGGAATCCGCTTCGAACGGCGGGTCTTCCACTCGCTGTTCGCGATCGAGGACCAGAAGGAAGGCATGAACGCCTTCGTCGACAAGCGGACCGCACACTTCACCCACCGCTGACCCCGTCCCACGACCTTTTCGAGGAACCATGACCGAGGCCTATATCTACGATGCGATCCGCACCCCGCGCGGACGCGGCAAGAAGAACGGCGCCCTGCACGGCGTCAAGCCGCTCGACCTGGTGGTCGGGCTCATCGAGGAACTGAAGGTCCGCCACCCCGGCCTCGATCCGGCCGTCATCGACGACATCGTCCTCGGCGTGGTCTCCCCGGTCGGCGATCAGGGCGCCGACATCGCCAAGACCGCCGCGCTGGCCGCCGGCCTGCCCGACACGGTGGCCGGCGTCCAGCTCAACCGGTTCTGCGGGTCGGGTCTGGAGGCGGTCAACACCGCCGCGCAGAAGGTGCGCTCCGGCTGGGAACAGCTGGTGATCGCCGGTGGCGTGGAATCGATGTCGCGCGTCCCGCTGGGCTCCGACGGTGGCGCCTGGGCCATGGACCCGGTGACCAACTACGACACCTACTTCGTGCCGCAGGGCATCGGCGCCGACCTGATCGCCACCATCGAAGGCTTCAGCCGCGAGGACGTCGACGCGTTC
NZ_CP089227.1_gap70	2829540	2830636	1096	TCTCGACCAACATGATCAAGTCGCTGTTCTTCGATCTCGGCACCATCAACAAGGGCGGCAGCCGCCCCGAAGGCTTCCCCGTGCGCACGCCGGAGAAGGTCCTCGTGCTCGGCGCGGGCATGATGGGCGCGGGCATCGCCTATGTGCAGGCCCGCGCCGGCATGCGGGTCGTCCTGAAGGACGTCACGATCGAGGCGGCCGAGCGCGGCAAGGACTACTCGCGCAAGCTGCTCGACAAGGCGCTGCGCAAGGGCACGATCACCCAGGACAAATACGACGAGATCCTGGGCCGCATCCACCCGACCGCCGATCCGGCCGATGCCGCGGGCTGTGACTTCGTCGTCGAGGCGGTGTTCGAGGATCCGGGCCTGAAGAAGAAGGTGTTCGGCGAGATCGAGGCGCTGGTGAACCCGGATGCGCTGCTCGGCTCCAACACCTCGACCCTGCCGATCACCGACCTGGCCACCGGGGTGCAGCGGCCGCAGGATTTCATCGGCCTGCACTTCTTCTCGCCGGTGGACAAGATGCCCCTGGTGGAGATCATCGTCGGCGAGCAGACCAGCGACGAGGCCATCGCCCGCGCCATCGACTACACCCTGGCCATCAAGAAGACCCCGATCGTGGTGAACGACAGCCGAGGGTTCTTCACCAGCCGCGTGATCGGCCAGTTCATGGACGAGGCCATCGCGCTGGTCGCCGAGGGCGTGCACCCCGCGTCGGTGGAGCAGGCCGCCACCCAGGCCGGCTACCCGGTGGGCGCGCTGGCGCTGGCCGACGAGATCAATATGAAGCTTGCCCAGAAGATCCGGCGCAGCCTGAAGGAGAACCTGCTCGCCGAAGGTAAGCGCTGGACCGAGTCCAAGGCGTACCCGCTCGTCGACGCCATGGTCGACGAGTTCGACCGGCCCGGCCGGCTCGAGGGCCGTGGCTTCTACGAGTACGACGCCGACGGCAAGAAGCTGGGCCTGTGGCCCGAGCTGGTGGCGAAGTACACCCGCGACGACCACGGCATCCCGTTCGCCGACATGCAGGAGCGGATGCTGTTCGCCGAATCGCTCGACACCGTCCGGTGTTTCGACGAGGGCGTGCTGCGCAC
NZ_CP089227.1_gap71	2866943	2867515	572	CTGTCCCCGGACGCGCGGGTCGCGCCCGGCAGGTGGAACCAGTTGGGCTGATGCAGCGCCGAGGCGTTGAGGAACAGGAAGACCCGCTGCTCGGCCGGCATCGCGGCGACTACGCGCCGCGCGCACGCCACCTGCTCCTCGAACGACGTCGGTGAGGCCACCGAGAATTCCGGCGCCCAATGACTTTCGGCGAACAATCCCGGCAGCACGCTGCCGAGCGCGCCCTGCTTGTTGAAGAAGCCGACACCGCCGATACAGACGGTGTGGTAGCCGCGGGCGGCGAGCGCGGTCACCAGGTCGGGCTCGTCGAAGACGAAGGTGCCGTCGGCGGTGGTCTCGCTGCCGGCGAAGCGCGCCGCGAACAGGCGCGGATGCGGGCCCGGGGTGGCCGGAGTCGGCAGGAACCCGGCGAACATCGCGTGATGCGAGGCGTAGGTGAAACTTCCCGGCGCATGGCGCTTCTCCCACCGCGCGCCCGGCAGATACCGCGACAGGGTGGGCAGCCTGCCCGCCGCGGCCAATTCGGTCGCGACGTCGTAGCGCAGGGTGTCCAGGGTGAGCAGCAGCAGGTC
NZ_CP089227.1_gap72	2871487	2876413	4926	GGCGCGCAGCCACCGCACCCGCAGCTGACGCAGGGCCAGGGTGACCCCGCCGGGCAGGACGGAGGCCAGGACGGCGGTCTTGCCGGGCAGGCCCGGTGGGAAGTTGTCGAAGGCCTCGCTCGGGAACACGATCAGCCGCCCGACCCGCTCGTCGCGTCCGTAGGCGGTGAGGAACAGCCCGCCACCCCAGTCGGAGTGCACCAGGGTCACGTCGTGCAGGTCGAGTGCGGCGAGGAAGTCGGCGATGAGCTGATTGAGCCCGCGCAGGCTCAGGTCGGTGCCCGGTCGCAGTGGTTCGGGATGCGCGCCCAGCGGCAGGTCCGGCAGCACGTAGCGGAACCCGGCGGGCAGCAGATCGAGCACGGAATCCCACACCGTGTGGTTCATCAGCAGCCCGTGCAGCAGCACAACCGGTGGGCCGTCGCCGCGTTCGTGGTAGTGGACGCGGCCCGCGGGCAGTTCGACGGTCGGCATGAGAACCTCCAGACGGTTAGAGCGAACGCTCTAGTGCATTTGCTCTAGTCTGGAACGGTGAGCGAGAAGATGTCAACGGCCACGCGGGATCGCCTGGTCGTCGCGGTGGCCGAACTGCTGCGCACCCAGGGCTACAGCGCTATCACCGTCAAACAGATCACCGCGGCCGCCGCCGCGCCGATGGGCTCGCTCTACCACCACTTCCCGCACGGCAAGGTGCAGATCGCGGCCGAGGCACTACGCACGTCCGGCGCGGCGTACATCCAGCTGCTCCCGCTGCTCATGGACCCGCACGACGACCTGCGCACCGCCGTGCCCGCCGCCTTCGCCGACGCCGCCCGCACCCTCGAGGAGTCCGGCTGGATGAACATGTGCCCGGTCGGCACGGTCGCCGGCGAGATCGCCGACAGCGAACCCGCCCTGCGCGCGGTGGCCGCCGAGGTGGTGGCCGACTGGATCGACCAGGGCACCGCCTATTTCGAGCGCCGCGGACTGGGCACCGCCGACGCCCGCGATCTCGTCGTCGGCCTGCTGTGCGCGCTGGAGGGCGCGTTCGTGCTGGGCCGCACGCTGCGTTCGGCCGAACCGCTGCACGCGGCGGGCCGTGCGGTCGGCGCGCGCATCGACGCGCTGCTGGCCGGCGCCCCCTCGCAGGCGGGTTAGCGGCCGTCGAGCACGATCTCGGCCACCAGCGCCCGGTGGTCGGCGCCGGGAAGGTCGACAGTGCCGACCGCGGTGGCCGTCGCACCGGCCAGCAGGATGTGGTCGATGCCGACCAGCGGGGGCAGCCGCTTGTCGGTCGGATACGTCACCAGATGACCGGCCCCGGCCTGCGCGGCGGCGTCGGCGAAGCGGCCCGAGGCCAGGCCCCGGAAGCGGGCGTGGTCGTAGGTGGCGTTGAAGTCGCCGCCCACGATCACCGGACGATCGGCGGGTGCCCGGCCCAGCACCTCGCCCAGGCGCGACAGCTCCTCGGCCCACACCCCGGTGTCGTAGACCGGCGGCACCGGGTGCACGGCATAGATCGAGACCGGCCCGACCTCGGGGACGGTGGCCGTCGCCGAGATCTGGTTCAGCACGTAGCCGTCGTATTCGACGGTGTCCGACAGCGGAAACCGGCTCCAGATCCCGGTGCCGCTCGCGGTCTGCCCGGGCGCGAGGTAGCGGTGCGGCAGCAGCTCGTCCAGCCCCGCGCGTTCGAGATCGGCCACGGCGGTGCGGGTCAGTTCGTTGACGGTCAGCACCGCGACCTCACGGGCCCGGACCTGCTCGACGAGCGCGGCCGGATCGGCGCCGTCGAAGAGCAGATTGGCCTGCATCACCGTGATCGGCACCCCGGGGCCGGGTTCGTCGGCCAGATACAGCGGCACCTGCGTAGCCACGCCGACCGCGAGGACCAGCACCGCGACTCCGGTGCCCACCCACTGGCGGGCCGCCGCGAACCCGACCGCCCCGACGAGCGCGCCGCCCATGAGATAGGGCGCCCCCGACGCGGCGAGCACCACCGGCTCGAGTACCGGCCCGCCGAAGAGGTGCAGCGCCACTCCCGCGGCGCCGGCCGCCGTCGCGGCACCCGCCAGCAGCAGCGTCCCGACCCGTACGACCTGCGCTCTCACCGCACCAGCCAAACACGGCACGCCGTCCACGCGCGAATCGTCCGGAATTCGGCTCAGCCCGAGCCGTAGTCGCCACCAGCGGCGGAATACGCGGGAGCCAGGGGAGATGACGCGGGGTGGGTCGCCGGGGTGGTAGGAAAGGGGACGTGTCGGCATCTGGCGAGAGTTCTGGTTCGAACGGACGGTCCCGCGCGGTGGACGAGGTGGTGGAGCTGGTCAGTGCGCTGATCCGGTTCGACACCTCCAACACCGGCGAACTGGCGACCACCAAGGGCGAACGCGAGTGCGCCGAATGGGTGGCCGCGCAACTGCGGGAGGTCGGCTACGAGACCGAGTACGTCGAGTCCGGCGCGCCCGGCCGCGGCAACGTCTTCGCGCGGCTGAAGGGCGCCGACTCCGGGCGCGGCGCGCTGATGATCCACGGCCACCTCGACGTCGTGCCCGCCGAGGCCGCCGACTGGAGTGTGCACCCGTTCTCCGGCGCGGTCCGCGACGGCTACGTCTGGGGACGCGGCGCGATCGACATGAAGGACATGGTCGGCATGACGCTGGCCCTGGCCCGCCAGTTCAAGGCCGAGGGCACCGTCCCGCCCCGCGACCTGGTGTTCGCGTTCCTGGCCGACGAGGAGAACGGCGGCCGCTGGGGCTCGCAGTGGCTCGTCGACAACCGGCCCGACCTGTTCGACGGCGTCACCGAGGCGGTCGGTGAGGTCGGCGGGTTCTCGCTGACCGTGCCCCGCCCCGACGGCACCGAACGCAGGCTCTATTTGGTCGAGACCGCCGAGAAGGGGCTGGGCTGGATGCGGTTGCGGGCCAAGGCCCGCGCCGGGCACGGCTCGTTCCTGCACGACGACAACGCCGTCACCATCCTGGCCGAGGCCGTCGCCCGGCTGGGCAGGCACACTTTCCCGGTGGTGCTGTCGGACTCGGTCGCCGAATTCCTCGCCGCTGTCAGCGAGGAGAGCGGGCTGCAGTTCGACCCCGAAGGCCCCGACATCGAAGGCCAGCTCGCCAAACTGGGCACCATCTCCCGCATCATCGGCGCCACCCTGCGCGACACCGCCAACCCGACGATGCTGCAGGCCGGTTACAAGGCCAACGTGATTCCGCAGACCGCCGAGGCCGTGGTCGACTGCCGGGTGGTACCGGGCAGGCAGGCCGCGTTCGAACGCGAGGTCGACGAGCTGATCGGCCCCGACGTCGAGCGCGAGTGGATCACCAAGCTCGACTCCTACGAGACCACCTTCGACGGTCACCTCGTCGACGCGATGAACGACGCGGTGCTCGCCCACGACGCCAACGGGCGCACCGTGCCCTACATGCTCTCCGGCGGCACCGACGCGAAAGCGTTCGCGCGCCTGGGCATCCGCTGTTTCGGCTTCGCGCCACTGCAGCTGCCGCCGGAGCTGGACTTCACCGCCCTGTTCCACGGGGTGGACGAACGGGTGCCGGTGCAGTCACTGGAATTCGGCACCCGGGTACTGGAACACTTCCTCCTGCACAGCTGAGCCTCGACGCCACGAATCGGAGAACCCATGAGCTACAACCCGTATGACGCACTCCCGCAGGTTCCGTCGTTCACCGTCACCTCCGCCGACATCACCGACGGTCAGCCGTTGGCCAACGACCAGGTCTCCGGGGTGTTCGGCTCGGGCGGCAAGGACATCTCGCCGCAGCTGAGCTGGTCCGGCTTCCCGGAGGGCACCCAGAGCTTCGCGGTCACCGTGTTCGACCCGGACGCGCCGACCGCCTCGGGCTTCTGGCACTGGGCCGTGGCCAACATCCCGGCCTCGGTCACCTCCCTCGACACCGGCGCGGGCTCCGAAGGCGGCACCCTGCCCGCCGGCGCGGTGAGCCTGCGCAACGACGGCGGCTTCCCCGGCTTCGTCGGCGCCTCCCCGCCGAAAGGCCATGGCCCGCACCGCTACTTCGTGGTGGTGCACGCCGTCGACGTGCCCGAACTGGAGGTCGGACCGGACGCGACACCGGCCTACCTGGGCTTCAACCTGTTCTTCCACTCGCTGGGCCGGGCCACGCTGATCGGCACCTACGAGCAGAACTGAGCCGGACACGACGGTGGCCCCGGGAGTCGAACTCCCGGGGCCACCGCTGGTTTCGGGCCTACTTCACATTGACCACGTGCTCGGGCGGGGTCGCCGCGTACAGCTGGTCGATGTCGGCGGCGTACTTGGTCGCGATGGGGGTGCGCTTGAGCGACATCTTCGGGGTCAGCTCGTCACCGCCCGGCTCCCACAGCGTCTCCACGATCACGAAGCGCTTGATCTGCTCCACCCGCGAGAGCTTGCGGTTGCCCGCGGTGACCGCGGCCTTGACCTCCTCGACGATCTCCGCGCGCCGGGCGAGCTCGGCGTGGGTGGCGTCGGTGGCGCCGAACTCCTTGGCGCGCAGGGCGGCCACGTCGGGGTCGAGCATGATCAGCGCGGTGATGTAGGGGCGGGCGTCACCGATGGCGACGGCCTGCCCGATCATCGACGACGCGGCCTTCATGGCGTTCTCGATGTTGGAGGGGGCGATGTTCTTGCCCGCCTCGCTGATGATCAGTTCCTTCTTGCGGTCGACGATGCGCAGGTAGCCGTCGGCGTCGAGGGTGCCGATGTCGCCGGTGTGCAGCCAGCCCGCGTCGTCGATGGCCTCGGCGGTCTTGTCGGGCATGTTGCGGTAGCCGGGGGTGACGATCGGGCCGCGGATGAGGACCTCGCCGTCGGCGTCCAGACGCAGTTCCACGCCGTCCATGACCCGACCCACCGAACCCGGGCGCGGCTTGTCCAGATCGGTGAACGTGCCGACACCGGTGGTCTCGGACATGCCCCACACC
NZ_CP089227.1_gap73	2999439	3000256	817	CTCCGCCAGATACGGCGCGGTCCGGCTGCCGGAATCGGCCGCGACCTGGGCCGGGCTGCCCTGCGCGACGATCCGCCCACCCTGCGCGCCGCCACCGGGCCCCAGGTCGACGACGTGGTCGGCCTGCGCGACGACGGTCATGTCGTGCTCGACCACCACGACGGTGGCGCCACCGTCGACCAGCGAATTCAGCTGAGTCAGCAGGATGTCGGTGTCGGCGGGGTGCAGACCGGTGGTGGGCTCGTCGAGCAGGTAGAGGGTGCCCGCGCGCCGGGCCCGCTGCAGTTCGGTGGCCAGCTTCACCCGCTGCGCTTCCCCGCCCGACAGTTCGGTGGCCGGTTGCCCCAACCGCAGATAGCCCAGGCCGACCTCGGCGAGGGTCCGTAGCGCGCGGGCGACGGCGGGGACGTCGGCGAGAAACTCCGCGGCCCGGTCGACGGTCATGTCGAGCACGCCGGCGATCGTGGTGTCGCGGTAGGTGATCTCGAGGGTTTCGGGGTTGTAGCGGGCGCCGTGGCAGTCCGGGCACGGACTGTAGGTGCTGGGCAGGAACAGCAGTTCCACCGTGATGTAGCCCTCGCCCTGACAGGTCGGGCAGCGTCCCTCCGCGACATTGAACGAGAACCGGCCCACCCCGTAACCGCGCGCCGCGGCGGCGTCGGTCGCGGCGAAGAGTTTGCGCACGGTGTCGAACAGGCCGGTGTAGGTGGCCAGATTCGAGCGCGGGGTGCGCCCGATCGGGGCCTGGTCGACCTCCACGACACGCACGATCGCCGGGTCGGCCGCCGCGGTCACCGAGATCGCGTGCAGCAGACTC
NZ_CP089227.1_gap74	3027416	3027961	545	CTTGTGATCGCGGCGGCGCCGCACGGGAACCGATACGTCCGCCCGTTCGTCGGACAAGTCATGGGGATGTTCAGCAAGCGGCGCCGAAAGTCGAAGCGTCACAACAGGACGGATACGGACCGGGCCGAAGACGGCGGCACCACGATCGAGGTTCTGTTCGAGGTGGTGGCGACGGGAGGACGCGCGGCAGGCCGGTTCGTGGCGGCGTTCGTGCACGCCCTGACGTGACAGCCTGCTCGTCGAGCACCTACTCGACGAGCAGGACGACCAACTGGCGGGCCAGCCCGGCGTCGCCGGGACCGCCGAGCCACATCAGCGGACGGCGAGGGTCGAGGCGGTCGAGCGCGTCGGGGAGCGAGCCGAAGACGCGATCGGCGCGCACGACGCAGACCTGCGGGAGGGCTTCGGAGACCTCGGGGCCACCGTCGGCGTCGAGGGCGAGCGAGCCGGTCGAGGCGTCCCCGGCGACGGCGTCGTGCACCACGGCCTCGCCGGTGTCGGCGGCGTCCGCGCCGCGGTGCACCACCGCGTGTCCCGGGGCGCTC
NZ_CP089227.1_gap75	3077262	3080921	3659	TCCTGTTCGCCGTTGTAGATGTAGAGCGGGGTGGCCGAGCGCATCCCGGCCATCCGGGTGATCTCGTAGATGCTGGTGGCCAGGTCCGAACGCAGCGGGTCGGTGATGTTCGCGCCGACGTCGATGGGCAGGTGCAGAATGCCGGGCACCGCGAACACGCTGACGCACTGGTCCTTCATCGGCGAGGTGGCCACCCAGCGGGCGAGGTTGTTCATCGCGGCCAGGATCTCGGGCCGTTCCCGCCCGATCGCGAAGGTGGCCGCCATGAAGATGCCGGAGGCGAGGTTGGCGTTCATGCTGCGCGAGAGGATCTCGAAGTCGGCGGGGACACCGCCCAGCGCGGCCCCGACGATCGCGTCGGCGAGTTCGGGCGCGTAGGAGTCGATGAGCTTGGTCGCGCCGTGGGTGGCGATGGCGCCGCCGGAGTAGCCGGTCATCGCGAAGCGGCTCGTGCCGAACGCCGCCGGGTCGACGCCGCGCACCGCCCGGATCCCGTCGAGCACCGCGTGCCCGGCGACATACGGCTCGGCGTAGGCCATCCACGGCCCCTCGTGATCGGGGACGAGTACGGCATAGCCGCGCAGGGCGGCGAGCTGGGTGGTCGGCGGGATGAACTCGGTGCTGCTGGAATGCAGGTTCAGGCCGTGGGACAGGGTGTATCCCGGGGTGCACTCGCGGCCGAGCGCGTCGATGGGCAGGTTGTTGACCAGCACGGGGCGGTCGCCTTCGCCGGTCCAGTCGGCGGCGGGCACCAGCAGGGTCGCGGTGGCGTAGGACGGGCGGCCGTGCGCGTCCTCGGTGCGGTACTTCAGCAGCGAGGCCGACCGCAGCGGAACCAGGGTGAGCGGACCCGCGGTCGCCAGGACGTCGCGGGATTCGATCACCTCGCCCGGTGCGAAGTCGGCCAGGTTCGCCGGCCAGTGATCGAAGATCGGATCGCCGACCGGGGACGGGAGGACGGCCGCCCGCAGGGCCGCCAGCTCGGCGTCGGGGTCGGCGGCGGTGCCGCCGGAGGGCTGGATCGGGGACGGCAGCACCTGATCGATCCAGCGTTGCAGATCGGGCAGGAATCCCGGCGTTCCCGGATGCGGCACCGGCGATTCCGGTGTCGGGGGCGGATCGGCCGCGGCGGAGCCTGCGGCGAACGAGCAGAGCAGCAACAGCGAACAGACCAACACACGCACAGATCGCATGGCACACACGCCTTCGGGTGGCAACGTCGGATTCGTCGTGACGTGTGGCGATGCGGTGCTTCGTCTCCCGCCGAACCTCCCCCAGTGCGCCCCTCGTCCGATCATCTGACGGTACGCCGTGACCACCCCGCCGAATCGGCGTCGTGCCCGAGTCGTGACGCAAAGCGGCACGATCGCAACAACAATCGGCCCGGATCCGCGTCGGGGCTACGGATCCGGGCCGATCGACACCGGGCTCAGCAGGTACTGGGCGCCGGTTCCCCCTGCAGCCGCGCGTCGAGCCAGCGCAGCGCCGACGGCAGACCCAGCACGGCTGCGGTCAGATGGTCCGGGGTGGGGGTCGACTCGGTGACCACTGGTGTCCCCGCGGCGCACCAGCGCCGGGTCGTGGCGGTGATCGCGTCGACCGGGATGAGCGCGTCGGTGGGCGAATGCCATTCGAACACCGGCATGCTCGGCGCGCCGGGGTAGAGCGCGAGGCTGTTCTCCTCCACCACCGCCCGCGCCTGCGGATCGTCGACCATCGAGGTGGTGGCCGCGAAATCGAGGATGCCGCGTCCGGCGCCCGCGCCGAGGATGTCGTTGGTGCAGGCATCGGCGATCGACGCGCGGGCGGCCAGACCACGCGCGTTCATCTGGTCGCTGATCGGAAAGCGTTGCGGATACTCGCGTTCCAGGCCGATACCGGCGGCCAGGGCCAGGCCGAACACCGGATGCGCGCCGAACCCCAGCCCTTCCAGCATCGACACCAGGTTCATCGGCACTCCGCCCATGGCCGCACCCGCGATCGGCAGTTCGGGCGCGTAGGTGGGCTGCAGCGCCGCGGCCCACGCGGTCGCCATGCCGCCACCGGAGTAACCCGCCATCGCCACCCGGCTGCCGGCGATCTGCAGTTCCTCGACCTGACGCACCGCCCTGATCCCGTCGAGGGTGACCTGACCGCCCAATTTCGCCGCGCCGTAGGCGAACTGGGGACCGAGGTGATCGGGCAGTGCCAGGGTCCAGCCCCGGCGCAGCGCGACGTTCCAGAAGATCGCCTCGCGCACCATCAGATTCGGGTCGTCGGTGTAGAGCACCTTCGACACCGAGCACTGCATACCGAGCCCGTTGATGATGTGCTGATACGACAGCACCGGCTCGTCGCGGCGATGCCCGGCCGGTTGCAGCACGGTCGTCGTCGCGGCGATCGGGTCGCCCGCGGAGTTGGTCGAGCGGAACTTCACCAGGGTGATCCTGGTGTCCGGGAACATCGCCAGCGGCGGCATCGCCCGCACCTCCAGCACGTCGCCGGGGCTGCTGGCGGACAGGTCGGCGGGCTGGGCGTAGAAGGGATCGGGGTCGGCGGTCGGATACAGTGGCGCCGCGTCGGCGGGCAGGGCAGGCAGTGCGGCCAGCACCAGCGCCACGGCGGTCGTCAGCAGTGTGCGGCGCGGTCTCGTGTGTCGTGTCCCGGCAATCCGGATCATCCCCGGCGTCCCTCCCGTGTCGCTGTGGTCGGGTCCGATACTGACCTCCGTCGCGGCCCGGCGGAACCCCCGCGCGAGGACATCGGCGGAGCTCACAAGCACCGTCCCGGTCACTTGTGACCGGAGTAAAGCCCTGATCGGAACGTGTTCTCGCCCGCGGTTCGGGCCCTACCGTCGAGTAGGAAGGCGCTCTCAGCAGTGCCGGGCAAAGGAGCACGCCATGATTCCCCTCGAAGACGAGAGCATCGCCGCCCCCTCCTCGCGGATCGACCGCGGTGAGATACCGACCCGGCGGATCACGGTGTACTTCGACGGCCCGACCCCGCAGGACGCGCTCGCCCTCGAATACGCGGCGACCTCGGCCGAGGCCTGGGAATTCACCACCGCCGCCGTGCACGCCGGCCTGCTGGTGACCGTCGACGGCGGGGTGCATCCCGCGCTGCGGCGGCTCCCCTGCCGGTCGCTGTGGCATTGAGCCCGGCGGCGCCACCCGGCTCGCCGCACTAGGCTGGCCGGGGTGGCCTCGTCCCCGGGGCCACCCCGGCGGACGAAAGGGCGTGGCGTGACACGGTGGCACCTCGGCCTGGCCGCGCTCGCGCTGGCCGCCCTGACGGGGTGTGCCGCCACCGCCGCCGAGGAGGCGACGCCGGTCGTCACGACGACCACCACGACGACGCGGCCGGCGAGCAAACCGCCCGCGACCATCGCACCGCCGACCACCACCGTCGACGTGTACGCCGACCTGCCGCTGATCGACCACGTGACCTGGACCGAGACGACCGACGGGCCCCGCCTGCTGGTGGTCCCGACGGTGGCGGGCCGCCGCACCACCACCCCGGGCAACGACGAACGCGCGTGGCAGGAGGTCCTCGTCCTCGACGCCGGGGCCGACGCGCCGGGAATGCGGGACCAGTTCGTCTGCCACTGGGTGTGGGCGAGGATGGTGGCGCCCGACAAGCCGAGCTGGAATCTCGAACCGTGGCGACCGGCCGTCGGTTAT
NZ_CP089227.1_gap76	3117756	3120601	2845	CTCGGCGGCCAGCGCCGGGGTGAGGGTGCCGTCGCGCACGGCCGATTCGACCTCGGCGCGCACGGATCTCACCGACGGGTTGTCGGCGAGACGGCGCAGGATCTGGTCGTGCACCATGGTCCAGGTCCAGTCGACCTGCTGGCGGCGGCGCTTCTCGGCGAACTCGCCCGCGTCGGTGAGGACGCGGCGGTGCTCGAGCACGGTGTCCCAGAACTTGTCGAGGCCCTGGCCTTCCAGGCCGCTCATGGTGAGCACCGGCGGACGCCAGAGCGCGTCGTGCGGGTGGATCAGGCGCAGCGCACCCGACAGTTCCCGCGCGGCCGACTTGGCCTCCATCTCGTGCTTGCCGTCGGCCTTGTTCACCGCGACCAGTTCGGCCAGCTCCAGCACACCCTTCTTGATGCCCTGCAACTGGTCACCGGTGCGGGCGAGGGTGAGGAAACAGAACACGTCGACCATGTTGGCGACGGTCACCTCGGACTGGCCGACGCCGACGGTCTCCACCAGGATCACGTCGTAGCCCGCGGCTTCCAGCAGCACGATGGTCTCGCGAGTGGCCTTGGCGACGCCGCCGAGGGTGCCCGCCGTCGGCGAGGGCCGGATGAACGCGTCGGCTTCCAGCGACAGGCGCGCCATGCGGGTCTTGTCGCCCAGGATCGAGCCGCCGGTGCGGGTCGAGGACGGATCCACGGCCAGCACCGCCACCCGATGCCCCTTGCCGAGCAGGTACATGCCCAGCGCGTCGATGAAGGTCGACTTGCCGACACCGGGGACGCCGGTGATCCCGACCCGGTTGGACACCACGGTGCCCGGCTCGGATCCCAGTGCCAGCAGCAGCTGCTGCGCCAGTTCCCGGTGGTCGGCGCGGGTCGACTCCACCAGGGTGATGGCCCGGGCCAGCGCGGCCCGCTGCCCGGCCCTGATGCCCTCGGCCAGCTCGCCGACGTCGATCGGGCGCGGCGCCCGGGCGACGGTACGCCCGTCGTTGCGCGGTGCGCCGACGCCGGCGGTGGTGCCGAGCCGGGGGTGCGCCGCGGCTCCCCCGGCTCCGTGTGCGGCGTCGCTCATTCGGCTGTGCCGCCGCCGATCTCGTGGCCGAGCGAGGCGCCCAGCTTCTTCAGCAGATCGATGGCCGCGTCGGCGATGACGGTACCGGGCGGGAAGATCGCCGCGGCGCCCGCCTCGTACAGCTCGTCGAAGTCACCGGGCGGGATGACGCCGCCGACGATGACCATGATGTCGGGACGACCGACATCGGCCAGTGCCTGCCGCAGGGCGGGCACCAGCGTGAGGTGACCCGCGGCCAGCGAGGAGACACCGACGATGTGCACGTCGTTGTCGGCCGCCTGGCGCGCCACCTCTTCGGGGGTCTGGAACAGCGGGCCCACGTCGACGTCCATGCCCAGGTCGGCGAACGCGGTGGCGATCACCTTCTGGCCGCGGTCGTGGCCGTCCTGGCCCATCTTGGCGACCAGGATGCGCGGGCGGCGGCCCTCGGCCTCGGCGAACTCCTCGACGAGCGCGATGGCCGCGCCGATGTTGGAAGCCTTGCCTGCTTCGTCACGGTACACACCGGAGAGCGTACGGATCTCGGCCTGATGGCGGCCGTAGACCTTCTCCAGTGCGTCGGAGATCTCACCGACGGTGGCCTTGGCGCGGGCGGCGTCGATGGCCAGGGCGAGCAGGTTGTTGTCCATGCCGCCCTCGGTCGAGGCGGCGGCGCGGGTCAGGTTGGCCAGCGCGGCCTCGACGGCGGCCGAATCGCGTTCGGCGCGCAGGCGTTCCAGCTTCTCGATCTGCTCGGCGCGCACCCGCGAGTTCTCGACCTTGAGAACCTCGACCTCGTGGTCCTCTTCGACCTGGTACTTGTTGACGCCGATCACCGGCTGCTGGCCGGTGTCGATGCGCGCCTGGGTGCGGGCGGCGGCCTCTTCGATACGCAGCTTCGGAATGCCTTCCGAGATCGCTTGCGCCATACCGCCGTGCGCCTCCACCTCGGCGATGTGCGCGCGGGCACGTTCGGCGAGCTGGTGGGTGAGCCACTCCACGTAGTACGAGCCGCCCCACGGGTCGATCGGACGAGTGGTGTTGGACTCCTGCTGGATCAGCAGCTGGGTGTTGCGGGCGATGCGGGCGGAGAAGTCCGTCGGCAGCGCGAGCGCCTCGTCGAGGGCATTGGTGTGCAGCGACTGGGTGTGGCCCTGGGTGGCGGCCATCGCCTCGATGCAGGTGCGCGCCACATTGTTGTAGGCGTCCTGCGCGGTGAGCGACCAGCCCGAGGTCTGCGAATGGGTGCGCAGCGACAGCGATTTCGCGCTCTTGGGCTCGAACTTCGAGACCAGCTCGCTCCACAGCAGCCGGCCCGCGCGCAGCTTCGCGACCTCCATGAAGAAGTTCATGCCGATGGCCCAGAAGAACGACAGGCGCGGGGCGAACTTGTCGACGTCCATGCCCGCGGCGATACCGGCCTTGATGTACTCCACGCCGTCGGCCAGGGTGTAGGCCAGCTCCAGGTCGGCGGTGGCTCCGGCTTCCTGGATGTGGTAGCCGGAGATGGAGATCGAGTTGAACTTCGGCATCTCGGCGCTGGTGTAGGCGAAGATGTCGGAGATGATCCGCATCGAGGGCTTGGGCGGGTAGATGTAGGTGTTGCGGACCATGAACTCCTTCAGAATGTCGTTCTGAATGGTTCCGGCCAGCTGCGCGGGCGTGACGCCCTGCTCTTCGGCGGCGACGACGTAGAGCGCCAGGATCGGCAGCACCGCGCCGTTCATGGTCATCGACACCGACACCTGATCCAGCGGGATCTGGTCGAAGAGCTGGCGCATGTCCAGGATCGAGTCGA
NZ_CP089227.1_gap77	3189218	3194060	4842	CGGTACCGGACCACGGACATACCGTGGGCGCAGGACATCGACCGCGGCATGCAAGCGCGCGGACTGTGTGCGCAATTCGTGTGCCGCGCCGACAGTGATGCCGAGCCAGCGCAGTTCCTCGATGAGCCGACGGACTTCGGACTGCCTGCGGACTGCCTGCGGGTGCGCGCTGAGCGCGCAACGGGCTCGCCGCGCGGCCTTGACCAGTGCCACGACCGAATCGGGATCGTCGTGACCGGCCGCGACCTGCCCGTCCATGATCGTTTCCCGCTGCGCGTGCAGGTACCGGGCCAGCATCCCGCTGACCTTCGGTTCCGTGGTCGTCGTCGGCGGGCCGGCAGCCGGCCGGGTCTCGATGGACATCGGGTCCTCCTCGAACTGTCGGGTGAGTGGAGCGGTGTGACTTTCACGATTCCGTCTCGCGCGCCTGCGACACAGTGCCGTTCGCCCGCGAAAGTCCCTTCCGGGATCACGGTTGGTCACGACGAAAGACCCACCCTCGGGGGTCTCCTGACCCTGCTGCGCGTCGCGTCGGCCGGCGCACGCTGACACCGAGCAGAAAGGGAGCCAGATGAACATTTCCGGGAATCCGAAGCCGGTCGTCGTCGGCGTCGACGGATCGGAGCAGTCACGCCACGCGCTGCGGTGGGCCGCCGCGTTCGCCGCGCATCACCGGATCGAGCTGCGGCTCGTCTTCGCGGTAGAAGTCCCCGTCGACTACGGACCGGGCCTGACCGGCCCGCTCTACGACCTCGACATGCTGCGCCGCCACGGTGAAACCGTCGTGTCCGAGGCAGCGCAGGAGGCCACGGAGGTCGCCGCGCCGATCGCCGGAATCACGATCTCCACCGATGTGATGGCCGGATCCGCGGTCGCGGTGCTGCGGCACAACAGTGAGTCCGCGCGGCTGCTCGTCGTCGGAAGCCGAGGGCACGGCGCGTTTCGGCGCACGTTGCTGGGATCGGTGAGCACCTCGATCGCCCGCCACGCCGGCTGCCCGGTGGCCGTGATCCCGGAGTCGGAGGCGTCCGCCCAGGGGGCGGTCGTCGTCGGGGTCGACGGGTCCGCCTGCAGTATGGACGCGGTCGCGATCGCCTTCGACGAAGCAGCCCGCCGCCAGGTCCGGTTGATCGCGGTGCACGCCTGGTCGGAGTTCTACCGGTACGAAGCTCGCTCCACGATGCAGGCCGAAGGCGAAGCCGTACTCGCCGAAAGCATCGCCGGTTTCGCCGAGAAGTATCCCGAGGTCCAGGTTCAACGTGTAGTCGTCGAAGAACGCCCCGCCAAAGCACTGCTCGACACCGCGGCACACGCCCAGCTGCTCGTCGTGGGCAGCCACGGCCGGGGCGGCTTCGCGGGCATGATGCTCGGCTCGGTCGCCCAGACCGTCCTCCACGGCGCCGACGTGCCTCTCATCATCGCGCGACCGGCCATCGAGTCCTGACCACCGTCCCGACAACCGATCGCGCACCCACGCACCGAACGGCTCGCGGCGGCGGCCGTCACAGTCGTTCACCCGGATCTCCCCGCGATGCGGTGTCGTGTCCCGGGGTCTGCGATGAAAGGCCCTTCTCAGCGCCGGCGTGAGGCCCACCGAGGGCATTTGGTCCCCGTCGTACAGGCGCAACGGCCGTCTCCAGGGACCGCGGAACGGACCACACTGGGTGATATGAATCACGAACCAGCTTCCGCTCTCCCCCGCCCCGCCACCGTCCGTACCGCGATCCAGCTCGGATGCCGCGCACCGTCGGTGCACAACACCCAGCCCTGGCGCTGGGTCTTCGACGGCACCCGGTTGCACCTGTACCGCGACACCGATCGGCAACTGGCTTCGGCCGACCCGCAGGGTCGCCAAGCGATGATCAGCTGCGGCGCCGCCCTGCACCACGTGCGTACGGCATTCGCGTCCTTGTGCTGGCGCACCGACGTCGCCCGGCTACCCGACCTGAGCGATCCCGGACTATTGGCCACCCTCGAATTCCGGCCTTGGCTCGATCCTCCCACCGCGGTGTTCCGGCGCGCCGAGGCGATCGAGTACCGCTACACCGACCGGCTGCCCATGGCGGAACCGAGCGGCTGGGCTTCGGTCAGGCTGGCGGTGGAAGCCCTTGTCAGCACGCATGAGCTCACCCTCGACGTGCTCGACGAGGACGCACGGGCCCGGCTGTCGATCGCTTCGGAGCAGACCGGGGCGTTGCGCCGCTACGACATGGACTACCAGACCGAAATACGATGGTGGTCCGGACATTCCGATATCACCGAGGGCGTGCCCGCGTCCGCCCTGGTCTCGGAATCCGAGGCCGCGCGCGTCGGTGTCGCCCGCGACTTCCCGCGCTCGGAATCCCGTGCGCGCCGGGGTGAGCTCCGCGATCACGCGCGGCTGGCGGTCCTCACCGCCACCGGTGAGGCGCCGGGTGCCTGGCTTCGGACCGGTGAGGCACTGTCGGCGACACTGCTCGAATGCACGGCATCGGGCCTGTCGACGTGCGCGCTGACCCATATCACCGAACTGGCCGCTGGACGTCGCCTGCTGAGCAGCTTGATCGGACATCCTGGCGTCCCACAGGTCGTGGTGCGCATCGGCGTGGCTCCCGACGACCGTCGACCCCCGACGACTCCACGCCGGCCCCTGTCCGATGTGCTCACCATGAGATAGTCCGCCGAGGCGCCACAGTCTGTTCGTCGCGAACCACGATCACCGCGATCTCCACCGCGCGCAGCAACGCCTCGCTCGTCGAACCGAGCAGCATCCCGGTGAATCCACCGCGACCGCGGCTGCCCACCACCAGCAGTTGCGTCGCAAAGTTCGGCCTCGGCCGTAACGATGGTCATCTCGCGACCGAGCGTCAGCGGGCCGTCGACATCGTCGAAGGCATGCATCGCCACCAGATCCACCCCTCGCCGGGAAGCCTCGTCGAAGGCGAGCTCCACCACCGCGGGCACACTGTCGGGGGGTTCCATCGACACCGACCAGCACCGGCCGGACCAGCGATACCGGATCCGCGGCGGTGATCCCGTGGACAACCGCGACAGGGCACTTCGCGTGACCTGTCACCGCGCTGGTGGTCGGACCGAGCGTGCCTCGGTGCAGGCCGCTCAATCCGTGACTGCCGACGACCGTGAACGCGCCGGCGCGCGAGGTCAGCGCCGGGACCGCCTGAATCGGTCCCGAGCATGGCTGGACGACCGTCGCCTGCGACAGGGAACAGCCCTTCGCGGCGTACTTTGGTCCTCCCATGAGGGGCACTGTGCCTCTCCCTCCGACCGGCCGCTCTGGCAAGACTCGAACCATGCCACCGCACCCCGTCGTTCAGCCGACCCGGCAATCGCGTCGCTGGGTCTATCGGAGGAACCCCGTGTCAACCTTCAAACAGCGTAAGACGCAGCGAGCTCTGCGCGCCGGCCTGGTCGGCACCACCGGATTCGTCGCATTCTGGGCGTTTGCCGGGGCGTTCGGCCTGATCAGCGGTGGCGCCGAGCTCGGCGCCGAGATCACCTCCCGCCTCCCCCACCGCAGCCCGGTGCTGGCCGGCCTCCTGCTGGCGGCGATCGTGGGCGCGCCGATGGCGGCGACGGCGATTCTGGGACTGCGGGCCCGTCCGAGTGCCGCGCTCGTCGGCGTGGGCGGCGGCGCGTTGCTGCTGGGCTGGGTCACCGTCCAACCCTTCGTGATCGGCCAGTTCTCCTGGCTGCAGCCGGTCTTCGGCGTGCTCGGTATCGCGGTGTGCCTGCTGGGCTACCGGCTCCATCGGCTGACGACTTCCTACGCACCCCCGCGTATCCCGTTCGGCGCATCACCGGCATGACCGCCACGTGAAACTCGGAGACACGATGAGACAACCAACGATGCGGACACAACACCGATTTGCGACCTGGGGTTGCACCTCGGACGAGGCCGCCGCACCGATGTCGGGAGATGACCTCGTTCCTGGAGCCCGCCTGCAGACGACGCGGGCGGTGACCATCGCCGCCGAACCCGCCGCCGTCTGGCCTTGGCTGGTCCAGATGGGGCCGGGCCGGGCCGGTGCCTACACCTTCGACTGGGTCGAGAACTTGTTCGGCCTGAACATGCACAGTTCCCGCGAGATCATGCCCGCCTTCCAGCACCTGGCCGTCGGAGACGAGCTCACCCTCGGCGCCTCGGGCCCGACGATGCGAGCGCATGTCGTCGAGCCCTGCCATACCCTTGGGTGGGCGTCGGACGCGGGCGACTGGACCTGGACGTTCCAGTTGACCCCGGTCTCCGGCGGAACCCGGTTGATCAGCCGCAACCGACTCCTGGGCCCCGACTCACCGCTGCTCCGGCGGCTCTATGCCGCCGTGATGGTGCCGGGCAGCCTTCTGATGGAACGCAAGATGCTGCGCGGAATCGCGCAGCGTGCCGAACGGTCTCGGCGAGTCACGGAGGACCCGCGATGACAACGCTGCGGGACAGGCCCATCATCGCCGGCATCGATGGTTCCGACCGCGCCTTGTCCGCACTGGCCTGGCCCACTCCGGTGTCCGTCCTCGTCAAGCGCTCGCACTCCGCACGGCTGCTCGTGCTCGGAACCCGGCGGATGGACGCGTTCGACCGCGCGGTTCTCGGCTCGGTCAGCGCCGTGCTGGTCCGGCGCGCGGGTTGTCCGGTCGTCGTCGTTACCGCCGCACCGACCCCCGCGCGCTCGCAGCCGATCCTGGTCGGTGTCGACGGTTCGCCCGCGAGCGTGCGCGCCGTGGATATCGCTGTCGAGGAGGCGGCGGCACGGGATGCGACGTGGTCGCCTGCTGGCGTGGACACGGACCGACGGACGAGAGTCCGGGCACACGGCAGCACAGAGAGCCCAGGCCGCCCTCTCGGCG
NZ_CP089227.1_gap78	3339525	3343188	3663	CGGTCGTGGAACCAGGTCCAGTCGAACGTGCCGTCGGCCATCGAGGCGACATCGGGCACGAGTTTGAGCTGGTTCACCGAGTTCAGCCACAGCGGCAGGAAGGTGGTGCCGACCCCGCCGCCGGGCGCCACCACATCGCGCATCAGATCGCTGCCCGGCTCCACCGGGAAGATCGCCTGCAACGCCGGCGGCGCGTTCTCGGCGGCGCGCAACTGGTTGATGCCGGAGTAGGAGCCGCCGCTCATGCCGATGCGGCCATTGGACCAGGGCTGGTGGGCGGCCCAGTCGATCACCTCGCGGGTGTCGAGCTGCTCGCGGGCGCCCAGGGTGTCCCATTTGCCTTGGGACAGACCGGTTCCGCGCACATCGGCGACGACGACGGTGTAGCCGCTGCCGATGAGTTTGCGGTCGACGCCGAGCATAGTCTGGATCATGCCGCCGTCGAGGGCCTGCATCAGGTCGCCGAACCCGCTGATCGGCGTCGCGGACAGGTTGAGCCTGCGCACGATGTCGACGGCGGTGGATTGCAGGCCGGGGATCGCGGCGGCGGATTCGATGAGACCGGTCATCAGCTTGGAGTACGGCGTGAGGCTGACGATGGTGGGCAGCGGCTTCTCCTCGATCACCCCCGCCGCGGACGCGGGCCGGTACACGTCGGCCTTGAGCACCACGCCGTCGCTCATGGTGATCTCGACGCCGCGCTCGACCCGGACCTCCGGGTAGGCGGCGGGGCCGTCGTGCAGCGCGGTCCAGCGCGCGGCCGGTGGTTCGGCGGGCTCGCCCGCCGCCGGGCCGCCACCGCAGCCGAGCACGACTATCAGTGCGAGGATCGCCGTCAGCATCCGGACGAACCCGCGTTCGGAACCTCTACCCGCCATTGTGTCGCTCCCCGACCGGTATCTCGTCGCCATTGTTGATCTGACCACCGCAGGATCGGCGCGGAAAATGTACCAGTGGTAACGAGTTGCGCGGGCGACCGTCGGCCCGCTCGGAAAGTCGCAGTGAATACGTGTTGTTCCAGTTCAGCGCCTCGCCCGGGGTGCGCGGGTGTCGGTGGCTGGTGGTTGACTGGCAGCGCCGGCGCGGATCCGGCCGGCTTCCATCCCATCGCCGAGGAGGACGTTCGACAATGCCGACACGTGACGAAGCTTGGCCGCAGGGCACGCCCTGCTGGATCGACTGTCAGGTCGACGACACCGCCGCCGCCCGCGAGTTCTACGGCGCGCTGTTCGGCTGGGACATCCAGGACAGCCCCGCCGACGCGGGCGGCTATCTGATGGCGATGCTCGACGGCAGGCCCGCCGCGGGCATCGGCCCGAAACCCGACGGCATGCCGATGCCCTCCGCCTGGACCACCTACTTCGCCGCACAGCGCGCCGACGAGATCGCCGAGAAGGTGTCCAAGGCGGGCGGCCAGGTGTTCATGCCGCCGTTCGACGTGCTCGACGTGGGCCGCATGTTCATCGGCGCCGACCCGACCGGCGGCGTGTTCGGGGTCTGGGAAGCCAAGGCGCACACCGGCGCCGGGATCTACAACCAGCACGGCGCCTACTGCTGGAACGAGCTGCACACCGCGGGCTACGACCAGGCGCACGACTTCTACCACGCCGTGTTCGGCTGGAACTACACCGAGATCGGCGACGGCGCGAACTTCACCTACTCCACCTTCGCGCTGCCCGGCGAGACCCACACCGTCGGCGGCATGATGGACGCCTCCGCGCTGGGCACGCCCACCTACTGGCTCACCTGGATCCAGGTCGACGACACCGACGCCACCCTGGCCAAGGCCACCGAACTGGGCGCCTCGGTGATCATGGGCCCCGACGACAGCCCGTTCGGCCGCATGGGCATCCTGCAGGCCCCGCAGGGCGAGGTCTTCGGTGTGATCGACCCGGCCAAGGCCGTCGGCGAGGTCCCCACCGGTTCCTGAGGTCTCCGGCTCGGGGCATGTGGTCGCGGCCCATGCCCCGGCCTCGCCGCGCGAACGGCAGATGACTCTTGCGCATGTCCGGCGACCGGCGAACCATTGACTCTGCGGTGGCTGCCGTCGCGGGCCGGGCGCGTCCCCGGTGGACCCGACATGCCCGCCACCACCGACGACCCAGGAGACGGCGATGTCTGCCCTGACGCGGAAGAACTTCGATTCACCCGAGGAAACCAGGCCCTTCGAGGAGAACAAGGGCAGGCTCGATCTCGTCGAGCTCGGCAGCGGACCGGTGGGCCGGGCCGTGTTCGAGCCCGGCTGGCGCTGGTCCCAGCACGTCAAGCCGATCGCGGGGACCGACAGCTGTCAGGCACCGCACATGGGCTACGTGCTGTCCGGCCGGATGGTGGTGCAGATGGACGGCGGTGACCAGCAGGAGTTCGGTCCCGGTGACGTGATGCTGGTGCCGCCGGGCCACGACGCATGGGTGGTCGGCGACGAGGCCTGCGTGATGCTCGACTGGCAAGGGGTCGCCGACTACGCCAAGCGGTAGCGCTACGGCGTCACGATCGCGAAGTTCGGGTCCGGCTTGTCGACCAGGCCGGGCAGCTGGGCCAGCACGGTGGCATCGCCGTCGATGACGATGTCACCACTGAGCACGTTCTTCCTCAGGTCACCGCCGCCGACCAGGCTGCGGATCAGCACCGGCCGGGTGAGGGTGACGGTCGCCGCGGGCGCGGGCAGTTCGTCGCCGGGGAAGCGGTCGTAGTGCACGAGCACACCGTTGCGCAGTTCCACCCGGTGGATCCGGCCGCCCTCGTCGCTGATCCGCCAGTCGGTGATCATGCGCACATCCCAGGCCTTGGGACCGTCGATCCGCAGCGCCATGGCGTCGAAGACCTGCTCGACGCTCAGCGCCGAGGCCAGGGCCGCCGAGTTCGCCGCGGTGGGGGTGCCGAAGGGGCCGTGGCGCAGTTCGTGCGCGCCGCTGAGGTAGAAGTTGCGCCAGGTCGCGTTCTCGGCGCCGTAGGCGAGCTGTTCGAAGGCACTGGCCTGCAGGGCTTTCGCGGTGTCGTTGCCGGGGTCGGCGAAGATCACGTAGTTCACCAGCTGCACGACCCAGCGGAAGTCGGCGGCGTCGTAGGCCTGTTGCGCCTGCCGCAGCACGGCGTCGGCCCCGCCCATCGCCTCGACGTGTCTGCGGGCGTTGTCCACCGGCGGGTGTTCCCACAGGTGCGCGGGATTGCCGTCGAACCAGCCCATGTAGCGCTGATAGACGGCCTTCACGTTGTGGCTGACCGAGCCGTAGTAGCCGCGGGTCGACCAGGAGGCCGCCAGGGCGGGTGGCACGGTGATCATCTCGGCGATCTCGGCGCCGACATAGCCCTGGTTCAGCAGTCGCAGGGTCTGGTCGTTGAGGTAGGCGTACATGTCGCGTTGCAGCGACAGGAACTCCACGATCCGGTCGGTGCCCCAGATCGGCCAGTGGTGGGAGGAGAACACGAGGTCGCAGCGACGGCCGTACCGATTGATGGAATCGGTGAGGTATTTCGCCCACACGTGCGGGTCGCGGACCAGCGCCCCGCGCAGGGTGACGATGTTGTGCAGGGTGTGGGTGGCGTTCTCGGCCATGCACAGGATCCGGCGGTCGGGGAAATGGATGTTCATCTCCGCGGGCGCCTCGGTTCCCGGCGTCAGCTGGAACACCATGCGGACACCGTCGACGGTCTCCTGCTGCT
NZ_CP089227.1_gap79	3461094	3462423	1329	CGCTGCGGGTGACAACAAGGTTCGGATTGGATCGGAGACTGGATTTCATCACCGACGCGCCGCGGCTGGCGACGACACATCACGGCGACCTCATCGCGATCGGCGAAGTCGACGGCACGATCGAGCTCGCCGGGGTCACCGATGCCGGCCTGACCCGGTGGCCGCGATTCGATACCGGAAGCGGAGCAGTGACCGGGCTGGCACTCAGCAGTGATCAGCGCCTGCTCGCGGTCGCGGGTGCGACGCGTACGACGATCTGGAATATCGCCGATCGCGGATCACCACGCCACGCTGCCACACTCGATCTGAGTGGCGGGCGTTCGTGGTCTGCGGCGTTCAGCCCGGACGGACGCTATGTCGCGGTGAGCGGCCAGCAGATGCCGGATCCGGCCGACCTCACCGCACAGTCCCATGCCACGCTGGCCGTGTGGGATCTCGCCGCTGGACTGCAACAGCCGATGCAGGTATTGCACCGCGCCTTTGCGGGTGCCACGCAAATCAGTGTCACGCTCACAAACCAGATGCTCGCGGCAGCGGTACCGACCTTCTCCATGAACACCTTTCACTGGTCATCAGAGTTGATTGCATGGCGGACAATGGATTTTCCCAGCGGAGAGCCGTTCCACACCGAACTGATCAGCGGCGGGGAGGACCGTGAGGCCCGGTCGGCCGAATTCAGTGCCGACGGCTCGACACTGACGGTCGGCATGAACCCAGGCCACGTGCTGCGTTGGGATTTCACGAATCCGGCAGCGCCAACGCCGCTACCCGGACTCACCGATGTCGAGAACCAGTACTTCGATGTGGCATCCAGCCCGGACGGTGCGGACGTCGTTGTGGTCGGGGGTGATTCGACAGTTCGCCTACTCGACGTCCACGAGCGCGAAACGGCGGCCACCTTCCCCGCCGAATGGGTTGTCCGAGCACGATTCCTGCGATCGGGACGCTCGGTCGTCACGAGTAGCATCGACCATGGAATCCACGTATTCGAGGTCTCCGGAGCGCCTCTGCGCACGGGAACACTCACTCTCTTCCGACTCCCTCAGGATCGCATCGACGCTCCGGCATCCACGCAGCCCGACGCGTTGTTTCCCGCACTGCGAACCATCGCACGCCGCCCCGTCGATCCTTTCGCGGACAGCCGACACGGTGACCCGCCTGGACTGCTGGGCAGGGTCGCTATTTCCCCGGATGGCCGACGGGCTGTGGAGATCAACGAACGTGACCTGGTGGTGTGGGACATCACCGGTCCCCGAGCCCCCAGAAAGCTGGGCGAGCTCGATGCCACCGATGTAGATCAAGACGGTGTGCTCTTCACGCCGGAAGGCA
NZ_CP089227.1_gap80	3492568	3493292	724	TTGAGCTTGGTCATTCCCTCGAGGATGCCGTCGGCGGTCACGTCGATATCCGCGTCATCCAGTACCAAAGCCGGGTTGTTGCCACCCAGCTCGAGCTGGAGCACCTTGAAATCCTCCGCCGCCGCGCGGGCGATCGCGCGGCCCGCGTTCGGGCCGCCGGTGAAGGAGACGATCTTCACGCGCGGGTCACCGGTGAGGGCCGCGCCCACGTCGCCCGCGCCGTGCAGCAACTGCAACGCGCCCGCGGGCAGCCCGGCCTCGACGAAGCTCTCGACGATGATCTGGGCGCTGCTCGGCGCGTGCTCCGACGGCTTGAGGATGACCGGGCAGCCGGCCGCCAGCGCGCTGACCATCTTCGCGGCGGGGATGAAACTCGGGCCGTTCCAGGGGGTGAGGATGGCTGCCGGACCCCACGGGACCTTGTAGAGCCGCACGTCACGGCCACCGGCCGCCAGTGCGGTGCGACGCGGGATGGTGCGCAGATCCGCGGCCGAGGAACGGATGCGGTGGGGCAGGAACTGCGCGACCATCCGGGCCTTGGCGATCGGGACACCGCTGGTGAGGGCGTCGGTGCGGGCGATGTCCTCGATCCGGGACTCGACGATGTCGGCCGCGCGCTCGATGACGGCGGCGCGTTCCTCACTCGCGGCGTCGTCCCAGCGTTCGAAGCCGTAGGACTGTTCGGCGTGGCGCAGAGCGCGTTCCACGTCGGCGGGTGTGGTGG
NZ_CP089227.1_gap81	3512490	3513803	1313	GGAGCTCTTCGGCCGCGGGAGCGAACATCGTTGCGATCGACGGCTATTGACAGTGCAGCTGTCGTGATGCGATGTTGATAACAGCACAGGTCCGCCTCACCTGAGAAGCGGACGGGAATTCGCATCAGCGATCTCGAACGATCCAACTCTGCCTCGAATGCGCATCCGGGCGGCCGGACACAATTCGAGGTATTTTCGCTCGGCAATCGTCGTCCGACAGGGGTGAAGGCGTGAGCAGCAACGAAACCGACGATACGGTATTCGATTTCGCGGTGGCACCCGGTGATCTCGACTACGCCGGGTACACGCTCATCGAGAGCTTTGACGACACATTCGACGACGAATTCCAGCCACCGGTCTGCGACATGGCCGACTTGAACGGCGGTGCGGCCGAGCAAGAGCGCTTCGTCCAGCTCCTGGGCTCAGCCATGGAAGACACCGGGATCGCAATTCTGGTCAACCACGGTATCGGCGCCGAAGAGCTGCGGACCGCCGACGCGCACGCACTGGACGTTTTCACAACGGTACCCGACCAGCGGAAATCGACCTTCGTCTCGACGGACCACGCCTATGGTGAACCCTATTATCTAGGATATGTGCCGCTCCAGGAGAGTATGCCTTCGCTGCCACACGCGGTAGAGGCATGGGAATTCGACAGATCCGCTTTCCGGGTCCCCGGGGAGGATGCGGACGCGGCCGTCGGCTGCTGGCCGGACGAGAAATTCGAGGTTACCTTCCGAAGGTTCTGGCAGGCGTGCGAGGAGCTGACACCACGACTCGGCCGGGCACTGTTCCGGTACCTGGATGTCGATCCCTCGCTCTACGACGAGAAGATCCTGCCCACGAACGACGTGCTGCGGATCAACCACTACCCGCCCGTCCGAGCCGCCGCCGAAGGTCTCGGCTCGCCGGCCCGCGTCCTCGCACACGAGGACTACGGACTCCTCAGTGTGATGCTCGGCAGTCCCGTCGAGGGGCTACAGGTGTATCACCCACGCAGCAAAACGTGGAGCAGGATCAGCACCCCGACCGACGCACTGATCGTGATCAGTGGGCAATGGCTGCGGTACGTCAGCAACGGCCGTTTCCGGGCCTGTACCCATCGCGTCAGCGTGCCACGCGACCCCGCCCAGCGAGCCGTGCCCCGGGTCACGGTCCTGTACACGCTGCATCCGTATGAATCGGCGATTCTCACCGTGCTGCCGGGGCGCCGGGCACATTATCGGCCGACCACCGGCGCGGAATTCATGACGCGCGTAGCGGACAGCCTGTCCGCACGATGCAATTCATCGACAGACAACGGGAACGGGCGG
