gap_id	start	end	length	sequence
NZ_CP043493.1_gap1	13502	18244	4742	GCGGTGGTGGTGACGGCGTGGTTCCTCGGAGTGCGCCTGGCGAGGCCCGCGCTGCTGCTGCTCCCGCCCGCGTGGGTGGTGGGCTTCCTGCTCAAGGGGCGCGAGGCATTGGAGGTTGTACCGTTGATGGTGCCGCCGATGGCGCTCGCACTGGCGGCCTTCTCCAGCACGCGCAGCCAGCTCTTCTTCCGTCTAGAGGTGGAACCCAGACGCCTGGAGCGACTGTGGAACGCGCGAGCGAACAACCCGCTCGCGAGCCGAGCCCTGGTCTGCGCAATGGTGAGCCTCGTGCTGCCCGTGGTGGCACCTGTGGCGGTGCTGCTCGGCTGGGTCGCTCTGCGTCGGGTGAACCCGGAGGCGCACCCACCCGTGGGCAAGAAACTCCAGGCCCTTGAGGCCATGGGGCTCGGCGTCCTCAGCCTGCTGGGCTGGACGTATGTCCTGGTGCGGCTGAAGCTCGGGCTCCCCCTCAATCCCTTGTAAAGGGGAACCCCGGAACCGGGAGAACCGGCACGCGCTCGTGGGTGTCGAGTCCCTGTGGAAAGAGCTCGCCCATGAATTGCTTGCGCATGTCGGCGGGGGACATCGGAGTCTGGGTGCTCATCCAATCCGACAAGGCTTGCTGAAGCGCCTCGGCGGTCGGGTACCGGTCCTCCCGTGACCTGGCCAACATACGCTGGAGGATCGCCAGGAGGGCCACATCCAGAGAGGGATTGAACTCCCGCGCGGAAACCAGCCGCCCCTCCACGATCAAGGATATCCGCTCGAAATCGGAGTCAGCGTTACCGAACGGGAGGCCCCCGCACAACATCTGATACAGCAACACGCCCAACGCATAGATATCCGAGCGGGCGTCCATCTCGTGTCCGCGCGCCTGCTCGGGAGACAAATACACGGGCTTGCCCCTCAACACCCCCGTGGCCAACTGCGGCCACTCCCTGTCCATGCCGAAGTAGGAGATCTTCACCTCCCCCTCGAAGCTCATCAGCACGCCACCGCGGTAGACGTTCCTGCGGACGAAGCCCAGAGGCGCTCCCCGCGCGTCCAGCCGCGTGTGCAAATAGTGCAGGCCCCGGCATATCTCGATGGCGATGCCCACGGCGATGGGCGCGGGCAACCATTTGAGGCCCCGCGCTCGCCTGGCCTGATGCAGCACATGGCACAGGGAATGGCCATCCACCCATTCCAGGGCCAGGAAGTACTCGCCCGCCACCCGTCCGAAGTCGAGAACCCGCACGAGATTGTCGTGGCTGAGGCTCACCGCGATGTGGGCCGCTTCGAGAAACATCTCGACGAACGTGGGATCCTGGGCGTTGTAGTCGTACACCCGTTTGATGAATACATCCTGGGTAGCACCGAACGCCGCCGTATCGCGGGCCTGGAACCCCAGCGACAATTCCCCCACGTTCAACCGCTTCAGCAATTCGTACCTGCCGAACCGCGTCGTCTGGAAGTCGGGCATGTCCAACACGTTATCATGTTAAGGATCAACCCCATGCCCTCCAGCCTCTTCTTCGTTCGCCTCATCTCGAATCGTCCCGACTTCGCGATGACCATGACCGCCGACGAGCAGGCCACGATGCGCGCACATGGCGAGTTCCTTCAGGGTCAGCTCGCGGCCGGCACGCTGGTCGTAGCGGGCCCGGTGCTCGACCCCGCGGGTATTTTCGGGATGGCCGTGTTCGAGGCCGAGTCGCTGGACGAGGTCCGCCGCATTCTCGAGCGCGATCCCGCCAGGGCGATCGGACGCCACGAAGTCACGCCCATGGGCCCGAGCAGCGTCCGGCCGGCGCGTCCCACGGGCACCTGAGCCGCCAGAAGCCTCCGGCGACGGGCTCCAAAGAAGGACCACCATGCGAAGCGATCCACGGCGGTGGAAACTGGCGCCTGGGCCGCCAATTAAGCTCCCGATGGATTTCACCCCCTGGAGAGGAAGATGAGCGAGGACCGTTCCTGGGAGGGCAATTGGAAGGCCCGCCTGTATGAGCGGATCCGCGAGCTGGGTTTTGATTCGCTCACCGCCTTCGCTGAAGCGCGTCCTGCCGTTCCGCTCTATTTGCTGGCCGAGGAGCTTGGAGAGGATGACATCGCCGCAGTGCAGGTGTTCAGCGGGTTACTCGCCGAGGCGGAGCAGCGCAAGCGAGTCACGCGCCTGGTGCGCGATGTTCTCGTGCGCGAGCTCGCCGATGGGCTCCCTGGTGGTTGGCCGACAGTGATGGACGATGCAAACCGTTTCGAGGTCGCCATGGCGCTTGGTCGCTGGGCCGCGTACACCCCAGAAACCCATGAGGAGCGCGTCAAACGAGCCAGGGAAGCGCTCCGCGCCTCGCCGCCACCTCCCGGCTGGCGTCCGCTCAGCCCCGACGACGAGTTGCTGCGCACGCTCCTGCCCGACGAGGAAGTCTGAACTCCACCCTCTGAATGGAATCAGGGGCCCTGTCTCAGAAAGACCAGCCGACGGAGAGCTGGGCCCGGTAGCCCATCGACACCGTCCACAGGTTGAACCCCGCGAGGGGAGGCCGGTACGTCGCGCCCACGCCCAGCGCGCCCTGCACGGTGAAACCCTGACGCAGAATCAAGCTGTAGCCCGCGAGCACGGCGCCCCCCACGTCCCAGCTCCGCCCCCGCTCGTCCCTCCACGTGCGCCCCAGCTCCAACCGGGGACCGAACCACAGCCCCTCCAGCGCCGAGCCCCTCACGTAGAAGCGCACGCCCGGCTCGATTCCCAGTTGCAGGGATGCAGGGTCAGAATTGCCGAAGACGCGGCTCCACTGCCCCAGGTTGAAGGACGCACGCAGCCCCACGGTGGCGGTGAAGCCATCATCCAGCTCCTGCTCTCCCTCCAGCGCGAACCCACCGGGCATCAGCGGCACCGCCACGCCCACGAACGTGCGGCCCTCCCAGGAAGACGAAGCGCTCCGAGAGGCGCCATCGGCCGCGCCCTCCTCAGCCGCAGCCACCGTCATCACCAGAGCCGTCATCACTCCCACGACACCGTGCATGCCACCATCCCGGTCAGGACGCTCGCAAAGCCCGCAGAGCCTCGTGCAACCCTCATGCACGGCCACCCGCCACGATAAGCCCTCGCTGAGAGGCCCCTCCACCCCCTCTCACTGCCACACCGCGTACGCACCCGCCCCTCCCACTGAGACACGCCGTACGCACACTCCGGGCGCAGCGCGCCTCGGGGCGTGCCCCCTCTGCCCACGTTGGCTAGGGTTCGCCCATGTCCGCGAACACCTCCGAGTCCCCCTTCGTCACCGCCACCACCTGGAGCCCGCTCGGGGAGGGGCGCTACCTCGGCCACATCCGCCCAGAGTGGTTCCAGGGGCGAGGTGCCTATGGCGGGATGCTCGGTGGCTCCCTCCTGCGCTCGATGATGCGCGAGCTGAACGACCCGACCCGCGCGCCGCGCTCGCTCACCGTGCACTTCTGCGCGCCCGTAGCCGAAGGCGAGGCCTCGCTCACCGTCCGCATTGAGCGCGCCGGCCGCCAGGTGACGCACCTCTCCGCGCGCTTGGAGCAGGGGGGTCAGGTGGCCTGCCTCGCGAGCGCCACCTTCGCGACCTCGCGCGAGACGCCGCTCGTCTACACGGATGCACGCGCCCCGAAGGTGCCGCCTCCCTTCGACGTGCCCCCGGTGCCCAGCTCGATGCTCCCCACCTTCGGCGCGCAGTTCGACTACCGCTGGTGCGTGGGGGCCGTGCCCTTCTCGGGCGCCGACGAGGCCCGCGTGGGGGGATGGATTCGCCCGCGTGTTCCGACGCCGCTCGATGCGCCGCTGGTGGTGGGGCTGCTGGATGCGTACCCGCCCGCGGCGCTGGCGCGGGTGAATGGCTTCTGCAACGGCGCTACGGTGGACTACACCGCGCACTTCTACGCGCCACTGCCGCTCGCCTCGGCCTCGCCCGACGCCTTCTACCTTCGTACCGGCCACTCCCGTCACGCCGCGCAGGGCTACGCGGATGACCTCGCCGAGCTGTGGAGCACAGACGGCCAACTGCTCGCGCAGCTGCGCCAGATGGCGGCGGTGTTCCCTCCGAGCCGCTAATTCCTGTCTGGTTTTCGCTAGCTTGAAAAAGTGGAGCTGGGCGAAATGACGCACAGCGCAAGGACAGCTTGTAGGGTCGGGAAGTTCGCCTGAAGCATCACAAAATGATAACAAGGCGCCGCTCTCCGGTCACACGGTCACCCGCGTTTTGGAGGGGGGGACGAGGTGAACCAGGGAGCCACTTCCCGCCGTTACCCCATCAGGAGATTCACATGCGCAAGTTCTTCCTTGTGGCCACCGCCGCCGTGTCGATGTTCGCTATGGGCTGCCCCTCGCCGGAATCTGTGTGCCAGACCAAGGCGGAGACCGCCTGTAAGAAGGTCTTCGAGTGCACGCCGGACGCGGTGAAGGCCTCGGACGCGTTCAAGGCCGGCTACGGCGCCAACGTGGACGAGTGCCAGGGCAAGCAGGAAGCGGCGCTCAAGTGCGGCACGATCGAGAACTACGACGAGCTGTGCAACGACGGTACGAACAACGGCAAGGAGTACCAGCTGGGCAAGGCGTCGGACTGCTCGGACCAGGTCCTGGAGATGGCGTGCGCCGACTTCAACACCGGCAAGCGCCCGGACGTGTGCGCCCAGGTCTGCAAGTAATTCCGCGCGGCACCTCCGGGTGCTGAGGAATTGAAGCACGAAGGGCCGGTCTCCTTGTCGAGGGAGACTGGCCCTTTTCGCATGCGGCGCCAGGTGGG
NZ_CP043493.1_gap2	27855	29630	1775	GGCGATGATCCCCTCGACCCTCCTCGCCGCCGCGCTCTGCGTGGCGCTGGCGGGAGGCTGCGGCGGAACACAGCTCCCCCAGGAGGATGACGCTCCGAACCTCCAGGGTGACAACCTGGGTGCAGGTGAATCGACGGGCGGTGGGGGTGGAAGCGAGGGCCGTCCCTCGTCGGGGGGTGACGACTGGTGGGTGACGATCTGCCACATTCCTCCCGGCAATCACTCCCGTGCGCACACCATCACCGTGGGGCAGCCGGCGGTGAAGGCGCACCTGAAGCATGGAGACAAGCTCGGCCCCTGTGAGGGAAGCGACGCGGGAACGCCTCCGGACCACGATGGCGGCACGGCGGAGCCCGACGCGGGCGATCCGGGTCCGCAGCCGGATGCTGGCACGGATCCGGATCCGCAGCCGGATGCGGGCACGGACCCGGGCGACCAGGACGGCGGGGGCGCGTGCATGCCCTCCGGCTACGAGTGCAGCGAGGAGCTGCCGTGCTGCAACGGGCTCCAGTGCTCCGAGGGCGTCTGTACCCTCATCCTCGGGTAGAGACAGTTGAGGTGACCGGCGCGCGGGCCTTTTCGGGTCCGCGCGTCAGTGTCGGGTAACAGTTTCGCGCACCCAGGGTGTTGAAGCAGGACACTCTGGGAGCGAAACCATGAACGCACGACACACCACGAAGTCTTCCTTTATCCGCGGCTTCGGCGCGCTGTTCGCCTTGTCCCTGGCCACGGCCTGCCAACTCGGATCCGAGCCCGAGCCCGCGCAGCTCTCGCTGAAAATGGAGCGCGGGGCGAACTCGGCTCTCTTCTCCTGGGAGGGAGGCAAGCTCCATCGCTTCGAGGTCCTCGAGTGCACGGAGCCCCCGTCTGAGCTGGACAATGCGGGCTGCGGGTGCTCCGGCCACCTCGTGTGGGGACTGGGCGCCGCCGCTTCCGAGCCGCTCCACGAGGTGGCTCTCCAGCAGCCCTTCCTCGAGTCGCCCGTCGAATACGGCGTGACGCCGGCGAGCGACCGCAAGGGCTATGACGCGCGGCCCCTCGTCGCGGGCAAGACGTACATCGCGAGGGCCGAGCAGGTCGGCCCCTGCGCCGAGGACCCCGAGAACTGCCATCAGGTGAAGGCGTACGGCTGCCAGCGCTTCGTCTGGTGACGAGCGCTCCGGCTGCACCCGTGGCCCCGCTGACTCGAGGGCCACGGTGTTGTCCGTTGGACGTCTAGAGGGAGGCGCCCGGCCCGGGTGGCTTGGAGTGCTCCTCGCGATGAATACCGTCGGTGCCCCCCTGAATCCCCTTGGGAGCACCCCCATGACCGAAGGTTCCTCGCGCGCTCCACACCGCGGGTATGTGCTCGCCTCGCTTCTGCTGAGCACCGTGTTGTCCGCCGCACCGGCTCGGGCCGATGAAGGCGCCACACCGCTGGAGGACAACCGCCGCATCACCGAGGGCTATATCCAGCTCGCCCACGCGTTCCAGGCGCTGCTCGACCCGGACTTCCAGCCCGGGGGCACGAGCGGTGTGCGCCCCAACTGGTTCGTCTTCGCGCCTCATGCCTCGCACGAGGCCGGCAAGGGAATGCTCGGCGCCGCCATGGCCCGGCACCTCCTCGACGCGGCTCGGGGACGGCCGTCGCTGTCCATCCTGGAGGCGCTCGATCGGTTGGGCCTCACGGGCGTCCTGCGCTTGTCCGTGGAGCAGCTCTCCCTGGAGCTCTTGCTGCGGGGCCTGCCCACGGATGCGGCGGCCTCGCTCGGCGCACTCAGCACGGCGATGAACGT
NZ_CP043493.1_gap3	59894	62846	2952	TGCACGGGGGTGAGAGCCAGGCCCTGGCCCTGGTGCGTGAAGGCCTGCTGGAGCTCGACACGCCTTCCCCCCAGGAGCTGAAGCGGCGGCTGGAGACGCTCGGCGTCAAATCCACGGAGACGCTCTCCGGCTCGCTGGCCCAGCTGGCCGCCGATGGCGTCACGGACGAGGTGCTGACCCGTTACGGAGAGGCAGCCCGCGAGCGGGAAGCCGCCTCCCAACAGCCCGAGGCCGCGGACCGGGCGCGCAGCTCCGCTGAGCGCTTCCTGCTCGCACTGCTCGACTCGCTCCCCGCTACCCAGGGCCTCTTCGAGAACAACAAGCGCGCCGAGTTCCGCATCAACAACCGGCCCGTGGAGGTGGACTTCCTCTGTCGCCGGCTGCGCGTCGCCATCGAGGTCGACGGCTACTACCACTTCCAGGATCCCGAGGCCTACCGCCGCGACCGGCGCAAGGATCTGGGGCTCCAACGGCACGGCTACCTGGTGCTCCGCTTCCTCGCCAATGACGTGGTGGCGCGGCTCGAGGAAATCCGCGACACTATCTTAGAAGTCGTCTCGCTCCGGCGTGATGCCCCAGGGGGGCTACCGCCACATAGGGAGGATGCAGATGGAGGGGCATGAGGTGTCTCGCGTGGGCGAGCTCGCGTTGGTGTGGCTCTTGACGCGCGCGGAGGGGAAGGGCTCTCGCAGTGGGCTGTCCAGCGCGCTGAAGTCCTTCGCCGCTCACCGTTGGAGCAGCGGTGAGTGGAACACCCGGCTCGACGAGTCGCTGGCGGCGCTCGAGTCTGGTGGGCTCATCCAGCAGACGGCGCGCAAGGGCGTGTCTCTCACGAAGGCGGGACGCGCGCGAGCCCTGAAGTTCCTCGGGGAGGAGCGCCTGCCCAAGGGCCTCACCTGGAAGAAGCTCCGGCTCACGTACCTCACGGCGCACGCGCTGGGACTGCCCGCCTCCAACGCGAGCCGGCTGGACAAGGCAGACAACCTGCGCGCGGTGCTCGTGCAGAAGCAGCTGGGCCTCAAGGGCGTAGGCACCCGGAGTCTCAAGGACGTGCAGCACGAGCTGTGCTGGAAGCAGCTTGGCGTGGAGACTAACAAGCCCTTCACCCTGGCCGCCGTGCAGTCCTTCCTGCTCAGCCAGGTGCTCCAGTCCTCGCGCGAGGTAAAGCCCTCGCAGGCCATGCAGCAACTGGCGGCCCGGAACGTGGGTGCACGGCGCACGGACGCGGAGAGCCTCCGCCTGGCGGCCCTGCAGTCCTGGTTCATCCCTGCCGCGGAGCCTGTGCCCGCGCCGCGCTCCACCGCCTCCGAGCCCCCTGCACCGGCACCCCGCACCGCCGAGGAGGGCCTCCCCGCCTTCGCCGAGCGCGTACTGGACGCCGCCCGTGGTGCGACGACGGGGCGCTTCGGAGATGACCGGGTCTTCATCTCGCACGTCTGGCGCGCCCTGCGGAGTGAGGGCCTGGACGAGCAGTCCTTCAAGAACCGGCTCGTCGAGGCCAACCAGAAGCGCCTCCTGTCCTTGAGCCGCGCGGACATGGTCGAGCTGATGGATCCCGCGGATGTCGCCGCCTCGGAGATCAGCCACCTCGGCTCCACCTTCCACTTCATCGCCCTGTAGCGCTCCACTTCTCGTCCGGCAACCGGGGGACCGCCGATGACCCAGACCGATCTTCGCCTCGCCACCTTCCTCTCCGATCGCACCGAGGTCTTCCACTCCATCCAGCACCGTCACGAGGTCTGGCGGGAGGATCCCTTCGACGTGGAGACGGTGCACCAGGAGGCGCGCGCCACCTTCGAGCGCCTGCTGCTGCGCGCCACCACGCCGCCCGGAGTGGACTCGGGGCGCATCCTGCTGATGCTCGGCGAATCGGGCTGCGGCAAGACGCACCTGCTGCGCGCCTTCCGCGCCATGGCCCACGAGCGCTCGCTCGGCTTCGTGGGTTACATGCAGATGACGACGTCCACCTCCAACTACGGGCGCTACGTCCTCTCCAACCTCATCGACTCGCTCGATCAGCCCTACCACGAGCCCACCGAGCCCCGCTCCGGACTGCAGAAGCTCTCCGACGTGCTGCTCTCCCACTGCGGTCAGGTGGCCGCCCTGCTGGCCGACCCCGAGCAGGACCCCGAGGAGATCCCCAACCTCGTGGAGATCGCCGCCGACGATCTGCAGAAGCAGCCCCACTTCAAGAAGCTGGACCTGGATCTGCTGCGCGCGCTCCTCTTCCTGCAGCGCGACGACACGCGCATCCGCAGCCGCGTCCTCAAGTACCTGCGCTGCGAGGACCTGTCTGACAATGATCGCAAGGTGCTCGGCGGGCTGGTGCCGCGCACCTATGACAACCACCCCCAGGAGATGGTGGAGCACCTGGGCCGGCTCGCGGCGGCGCTCAATCACTCGCTCGTGCTGTGCGTGGACCAGCTCGAGGGCTTCGACATCGAGGCCACGAACGCGCAGGCCTTCCGTCGGGCCATGCACATGCTCTGCGACCTCGCCGAGCGCGCGCCCTCGTCGGTCATCGTCATCAGCTGCCTGCACACCTTCTGGACGGGCCTGCGTGGCCAGCTCACCCAATCCCTCCTGGATCGCATCGAGCGCGATCCCGACCTCATCAAGCTGCAGCACCTGCGCACGGCCGAGGAGGCGCGGCTCATCACCGAGCGCCGGCTGGAGCACCTCTACGCGATGGAGGACGCGCCCTTCGATCCGGCGGAGCCCACCTATCCCTTCCCCCACGAGGGCTTCGAGAAGCTGTCTGGCAAGAACACGCGCGACGTGCTCGACGCGTGCCGCCGTTGGCGCGAGCAGGCCATCCGCGACGGTGCGCTGCCCGATCGCTTCCCGCTGGAGAGTGGGACGATAACGGTGGACCCAGTCCCCACGCCGGAGCGGGGGCTGGACCAGCCGTGGAACGACTTCCGCTCCACGTACAACACGTCGCCGCCCGAG
NZ_CP043493.1_gap4	65143	69715	4572	CTCTATGACCTCGCCGGCGCCGAGGAGGATCGGCGCTTCAGCCCCTATTGCTGGCGCACCAAGCTGGCGCTGGCACACAAGGGACTCGCCTTCGAGACCGTACCGTGGCGCTTCTCCGACAAGGAGGCCATTGCCTTCTCGGGGCAGGGGCTGGTGCCGGTGCTCGTGGAGGGGGGCCGCACGGTAAGCGACTCCTGGGCCATCGCGCTCGAGCTCGAGGAGCGCTACCCGAACACGCCGAGCCTCTTCGGAGGACCCGAGGGACGTGTGATGGCTCACTTCGTCAATGCATGGACGGATCGTGTGCTCAACCCCGCGGTGGGGCGGATGATGGTGCTCGATATCTACGGGCATTTGCACGAGAAGGACCGGGCCTACTTCCGGGCCACCCGCGAAGCGCGCTACGGCGCTCCGCTTGAGCAGCTGGTGGCCGACCGCGAGGCCCGCCTGCCCGAGCTGCGCGCCCTGTTCGCCCCCGTGCGGACAGCGCTCGCGCAAGGGCCCTTCCTGGGCGGTGCGTCCCCGCGGTACGTGGATTACATCGTCTTCAGCGTCTTCCAGTGGGCGCGCTGCATCAGCCCCTTCGTGCTCCTGCAAGCCGAGGATCCTGTCTTCGCCTGGCGCGAGCGGATGCTCGATGCGCACGGCGGACTCGCGCGGAAGGCCAAGGGCTACCCGGTGGCCTGACCTGATATTCGGTACAACCCGACGCACCGCCTGAGTCCTGGTGGAACCGGGCAGTGCGCGGCGATCAGACGTACCGGCGCTTGCGCTCGCCAGCGAGCGACCGGGGTGCTTCGGCGGCCTGGTAGTTCGTCAGCAGGAACACCCCACCGAGCGCGATTCCCCCAACGATGTAGAAGTTCCTCGCGGCGGCCACATCCGAGAAGCGCAGGAGGAACGGCGCCACGATGAACAGAAGCGACAACGCCGCTTCGATAAGCCCATGCACGGGGAAAGGGATCACCTTCGCGACACCGAGCGGATACGCCGTCAACAGCACCATGGCCAGGTACAGCACGGCCACGACGTAAAGGATCGTCGCCGGGGTACCCGAGAACCCGAACAGCGTTGGCGCGAGGAACAGCAGCAAGATACCCGCGTAGTCGATGAACCCGTGGACGCGTGGAGACAGCGGCCCTTTCATCACATCCTCCTCCGGCCCTTGGCCTGTGGTGCAATCCAGGCCGCGTGCGGACCTGGGATGACTCGACCCGAGGATGTGCACGATTGGACACGCCGTCCTCCTGGAGCAGGCGGGCTTCCTAGCGTTCCGTGTCCCCAAGGATCGTCAGTCGGCAGCGATGCCATATCTGGCTGCTCTGCTCAGGGGGCGGTAGTCCTAGCGCCTGCTCACACGCGTTTGGTGCTGAAGAGAGGTCTAAAAATACCGTCCCAGAATACTCGCTCGGAACTCGCCCGCGCTCCCTTAACCTCCAGCGCAGTCTTCAAGCATTCGGTCAATGACCCTGACACAAGGGGCCAGGTGCAACCATTGCATCCCAGCTGCTCTGGTCATCGAGTGTTATCGAATGTTCATTTACGGAATCGTCGCTACCGCTGCAGTACCTGCCATCTGTCGCCTTCCTGTTAGTGTATCCTCCGCTCGCGTGATTCTTTGAGAGCGCGTGGCACGCTGGATCTTGAATCTCATGTTGCATCAGCACAGGAGACTCCATGGGCGTCAATTCCATCAAAGGTTCCAACTCCAGTCGCGGGTCCACGTCACGCGTTTCCGGTAAAGGCGGGTCCTCCCCTGCCACGAACAACAGCGCGAAGAACCCGACGGCAAGCACCTCGAAAGTCGCCGCCGCGAAGACGCCGAAGGCACCAGGATACTCAGGCGCCAGCAGCTTCACCCCCGCGCTCGCCGCTCGTCGATCCCAGACGTCCGCGCTGCAAGTTCCTCAATCTACGGGTGAGCAGCCACTGAGGTTTACAGTTTTCAATTCGAGATTGCCGCGACCTTCCGCTGAAGTGGAGTCGGCCATCCGCAATGCGGCAAATCGGGTTGGAGTCGACTATGGGTACATGATGGCGATGGCCGCACAGGAAAGCAGCTTCAACCCCAACGCCAGAGCCAGTACCAGCAGTGCAACGGGCCTATACCAATTCCTCGATCAAACCTGGCTGGGGATGATCAAGCAGCACGGTGCTGCCCATGGGCTTAGATCCTTTGCAGATCAGATCGTCAAACAAGGGAAGACGTACGTGGTCCGGGATCCCACTGTGAAGGAACAAATCCTGGACTTGCGCAAGGATCCTGTGACCAGCGCGATGATGGGCGCGGAGTTCGCGAAGGACAACGAGCGCATGCTGAGGCAGAGCCTGGGTCGACCGTTGAACGCTAGCGAGCTCTATATCGCCCACTTCATGGGACCTCAGGGGGCGGCCAACCTGCTACGCGCACGCGACTCAGGCCAGGGGAACGCTGACGCCGCGGCAATGTTCCCCGCTGCAGCTAAAGCTAATCCCAGCATCTTCTATGCAGACAAGGCTCAACAACACCCGCGAACCGTGAATGAGGTCTACGAGAAGCTGAACGGTAAGATCGCTCCCAATGTGGAATCGTTCAACAGGATCAACCCTGTCGAAAACCAGCATCATTACGGCTACACGCCTCCTACGAACCCCACTTTCGACCGCTTCGATGGCGCCTTCGCACCACGGCCCACGCCCGGTGGCTCTTTCGGCTTTGGTCCACACGGTACGCCGGTGGCCGGAAACAACTGGTTTAATTCTGTCTTCAATCCCCCGGTAGCTCCCGCTGGCAGCCGCTTTGGGTTCGGGCCATTCGGCACACCGATCGGTGGGTTCGGCGGCTTTGGCTTGGGTGGTGGCTATGGCCCCTTCGGCGGCCAACTCAGCTATCCAAGCCTTGGCATTGGGACGATTGGAAGCAGTGGCCTCAACAGCTTCGGGTTCGGCGGCTTTGTGGGCATGGGCATGGCCTTCGATAGCAACGGCATCGGGACACTCGGAAGTTCGGGCCGTTCATCGATCGGCTTCGGCGGGTCGTGGACCTATGGCGGCATCGGAATCGGGTCTATCGGGAGCAGGGCCCTCGACACATTCGGACTTCATGGCGCGGTTGGGAGGGGTACGACCTACGGCAGGATCGGAGGCTGGGAGTTGGGCTACAGCAGCTACTCCAGCACCGGGCTCGGGGGCATTGGTGGCAGCGGCTTCAGCAACTTCGGTATCAGTGGCCCGGTGGTCTCTGGTTCGGGTTCGTCTAGCGGCGGCTTCGGAGTAAGCTCGCCCGCCACAGGCGGCAGCTTCGGGAGCATCGGAGGCGGAACGAGCTTTGGCTTGAGTGGCTTCAGCTCCTCCGGATCGTCATCGATGGGCGGCGGGAGCTCCAGCGGGGGAGGCTCCAGCAGCGGAGGATTCAACGGCAGCGGCAAGTGACGGCCGCCCTACGAGCAACGTCCACTCGTGGTGAGCAAGGTGTCAGTCCCGGAGTGCACCTTCCGTCAGGCGCGGTATGGCACGACTGAGAGGCAGGAGCATCCGAGAAGCGCGGGTGGGGGTCACCGGACTGTTCCTCCAGGACCTCTGCACCGAGTGGACGAAGCACTCGCGCGGGGGCCCACAGGCGGGAGTGCGTAACGCCACGCCCCGCGCGCTCCTTCTTCCTCCTTCCGCCTTGGAGAGCGCGGACGAGGAGGTGTTTCGAGTGCAGACTGTCTTCTTCCACGAGCGACATCAGTTCCTCCCGCGCGAAGAACGGGACATGCACCGGAAGGCCTTCGCCGAGGCCGGCGCCCTGCGGGTGGAGCGGGTGGACGCGGGAGCGCTCGTCCTACTCGATTATGGCCGGATGGGCAGACCGGGAAGCCGTGCCTGGGGAAGCATGGCGCGAGGACAACACCGCGAGGAGTTGTTCTCACTGCGCGCCGGGGAGTGGGGGCGCGCCGTCTACAACGAGCGGCTCCACTACTGGGACTCGGGCGAGTGGTATTACCGTCAACACGTCCTCAACGTGGGCCTCCTGCACGAGGCGCCGCGAGACGTGTTCCTCTTCACCCCGCCGCGGTTCCAGGTGGTTCGCAAGTACCTCCTGCGCCAGCGGGGGCCGGCGACACACATCAGCAAGTCCCCCCTCCTTCCCAGGAGGCCTGAAGCAGGGCCATCTGCGGCGCTCCGAGCCTCTTTAGAGGACTGTCAGCGGGAAGTACTCACTTGTCGATGCGATATCTCATCGCTCAAGGCACGTTGTCTGGCTCGTTCGTGAAGAGCGCATGAAATAGCGTTGTCTCTGGTGGCTCTACCCACTTCACGAAGAGCGGGACAGGTATTTCCGCGATCTCGCGTGGAAGCTTGCTGACTCCGAATGTTTCCTCGATCTTCCTGGAGAGGATATCAGCCGGAAGCTTCATCTCGAGCGGGAACGGTTCGAAGCCGATCCTGGGGTTGAGCCGATCCTTATGACCTACGCGGCCATACTGCACACTGTAAACGATGTAGATGGGCGCCAGGATGCTGATACAGCCCACGATGACCCAGTCGTGAGGAGGCATCGGGCGGCCCTTGGCAGGGTAGGCGACACAACGAAAGCAGGCGTCAGGT
NZ_CP043493.1_gap5	74758	78044	3286	TGAAGAGGGAGAGGCCCTGCAACAGCACCGCCTCGCGGTGGGGGATGAGCTCCTTCCAGTTCGCGCGGCCGGGCGACTTCACCGGCGCGGTGACGACGCGGAAGTTGCGGCCCCCCGAGTTGGTGAGGATGTAGAACTGCTCTCCGTGGTGGTCCACGCTGTACTCGTGGTCCTGCTCGCGCGGAGCCACCACCGTCAGGGCCGCCGTGGGGTTGCGCGCCGGCCATACCCGCACCTCGCTCGTGGTGCTGCTTCTAGAGGAGGCGATGAGGTACTCGCCGGAGCGCGAGCGCTGGACGCCCAGGGTGAAGCGCTCGTCCTTCTCCTCGTACACGAGCACATCCTCGGAAGAAGGCGTGCCGAGCGTATGCCGCCACAGCTTGGAGGGCCGCTTGGCCGCGTCCTCGGTGACATAGAAGAGGGTGCGGTTGTCCGCGGCCCAGACCACCGACGTCACCTTCTCCATGCGCTCCACGCCCGTCTTCCCGGTGCGTAAGTCCTTCACCTGGAGCGTGAACTGGCGGAAGCCCGTCGTATCCACCGAGTACGCCAGCAGGTGGCCGTCATCGCTCACCTCTCTGTCGGACAGCGAGAGGAACTTCTGCCCCTCGGCGAGCACGTTGAGGTCCAGCATCACCTCCTCGGGCACGTCCAGGGTGCCCTTCTTCCGGCAGAGGATGGGGTACTGCTTCCCTTCCTCGGTGCGCGAGTAATAGAGGGAGCCCCCCTTGCGGTAGGGCACGCTCAGGTCCGTCTGCTGGATGCGGCCGAGCATCTCCTCGTACAGCTTCCGCTGCAGGGCCTCGGTGGGCTTCATCACCGCGGCGGTGTAGGCGGCCTCGGCCTCGAGGTACGCGCGCACCTCGGGGTTCTCCTTCTCACGCAACCAGAAGTAGTCGTCCTGCCGCGTGTCGCCGTGCAGGGTGACGGGATGAGGAACGCGCCTGGCCACCGGAGGAACAGGGCCGGAGGGCGCGGGAGCCGCGGCCACTCCGGGTGCGGATGCGGGCGCGACGGCCGGTGTGGTGGAGCAGGCCACGAGCGCGAGCAGCGCGGCCAGGGACAACGACAAGAAGCGCATGGAACTCCCGGGGTAAGGACGGACGCGGCCCCGTGTGAAGTGGGGCGCGTCACGGGGCTAGCTCAAACCCGGGGCGGTTGGGAAGGGGCCCAATACTCAGCCGCGCGACGGGGAGGATGAACATTTCGCTGGTCGTCTCCGCCTGACGCGCCTCCTTCAGGGAATCGCGCACGTCTGTCTCTAGGGGACAACTGCACGAGAGCTCTAAACTAGCCCTGAGCGGTCACGTCCTACCGGCCGCGGAGTGCTCCATACCCATTGACGTTGTCGTCCCTGTTGCCCCCAAGGACTTCTCCAAGCTTCCGTCCTGTCTACGGGGAATTGCCCGGCACCCCCGAACCACCATCCGAAGGAGCTACGTCCTCACTTGGCGGGATCGAATGCTACGCGTCCACCTCCAACCGGGTGACGTAGCTGGCCATGTCGAGCCGGTCCGTGGTGACGAAGCCCGGAGGCGCGGCCAGCAGTTGCGGCAGGCGGTTGAGCACGGTGGCGCACGTGAGTGCGGGCGTGGCCGGGTTGCGGACGGTCACCGTCGTCGAGGGCTCGCCCTGGAGCGTCCACTCGTTGAGGTCCACCTCACCGGGTGCGTAGAGCTTGCCCACGCAGTGGGTTTCAATCACTGGACCCTCGTGCGTCTCCGTCACCACCACCGCCTTCATGCCGGTGGCATGCCCGGCGGCGATCTCCCGGTTGAGGCTCGCCGAGCGCAGCGGCGCCGTGTGAGTGGTGGGCAGCAATTGCTGACGCATGGAGCGCACGCGCCAGCCCAGCCGAGCGCACAGCCACTCGTTGGAATTCCATACATAGGAGGGCGAATTGCTGGCGCCGATGCGCGTGGCGAAGGTGTCCAAGTCGAGCCCGACGCCGTGCTTCTGGGCCAGCGCGCTCCCGTAGTCGTCGGCGTTGTACTGGGTCAGACCCTGGATGCGATCAATCCGGTGGGTGGACCCGGCCAGCACGGCGATCAGGTTGCCCCAGAACACGTCCTGGTAGCCCGAGCCGGTGAGGGTACAGTCATGGGCCTTGGCCAGGGCGTCCAACTCCTCGGTGATCGCCTTCGAGGTAGTCCAGGGGAAGAAGGCCTCCTCGCCGATGGTGATGGCGTTGACGCCGTGGCGAGCGGCCAGGCTCAGGTCGTCCGCCAGCTCGGGCATGGTGCTGCGGGTGCACAGGATGCAGACATCGGCCTTGGCTTCACGGAAGACGGCCTCGGCTTCCTCGGGGTGACGGATTCGGATACCCAGGGGCCGGTCGAGCCCGGCGACCTCACCCGCGTCCTTTCCCCGGCGCGAGGCGTTGCGATCGATGGCTCCGACGAGCTCGGCCCCCTTCTCCCGCACTGTACGGATGAGGGTCTGGCCCATCAGGCCACAACCCCACTGAATGACTCGGATCGGTCGCTTGCTCATGATTTTCCCCCATGGATGGTTCCGGAGTGGATCCTCTCCCGGACGATTCCACGACACAAGAACGGTGTGTGATCGGACCAACAAAATGGGTTTCCACCTGTCCCATGCGCAACCAGCACAGGAGCGCTGCGGGAGTATCGTTCCCGTCTCGTCAGAAAAGCCAGTCAATCATCGCTGAATCTCCACATATTGTGTTTCACATCCTGACTGTCGAGTGTGCTATGCGTTGCACGCCCTGGACGCGGAAGAAAGCCAGGCATGCTCAAAGCCAATTCAGGCAAACAAGGGGGAAGAGCATCATGAAACACACGAAGAAGAAGGCATTGTTGCTCGGGGCCGCCGGGCTGCTTCTCGGAGCCACGGTGGCGTACGCCAGCTCGGTATCGGTGGAGTACGACACCAACCGCTATGGTTCGGACTACGCGGGAATGGAGCTCCCCAGCGCGGACCCGGAGTTGTGCCGCACGGCGTGCGCGGAGGACCCGAACTGCCGCGCCTACACGTACGTCAAGCCTGGCATCCAGGGATCTAGCGCGCGTTGCTGGCTGAAGGACTCGGTGCCGGCCGCCACGGCCAACAGCTGCTGCGTCTCTGGCGTCAAGGACGATACGCAGCCGCCGCCCACCACCCTCACCGTGGAGCCGGGGATGAACCGCTATGGTTCGGACTACAAGGGCCTGGATCTCCCCGCCGCGGACCCGGAGTTGTGCCGCACGGAGTGCGCGAATGACTCGCACTGCCTCGCCTACACGTACGTCAAGCCTGGCGTCCAGGGGACCTATGCCAAGTGCTG
NZ_CP043493.1_gap6	117198	121731	4533	GGAAGTTCTCCGACCAGAAGTGGGCGTCGACGTCGGTGAGGGACTCGGGGGTTTCCTTGAAGACGGAGGGCACCTTTGAGTGCAGGAGTGCCACGAGACGCTCTGAAAGGTAGCCGTAGTAGTCGCGGACGCGCTCTGGATTCTCCACGTCTGGAGGCAGGGCGGAGTCGGCAGGGAGCCACTCTTCGGGCTCGGGCGGCTGCCAGACGTTGAGCTCAGCGATTTTGCGCTGACGCTCGCCGAGGGCAGTGCGGTCCACGACACGAGAGAGGAGCGGAGCCACATCCGGATGGAAGCGGGGAGCGACGGGAGTGAGCGCGGCGCTGCGCTCGCGCAGGGAGAGAAGCACGGTGTCGAAGTCGAGGTCCGGGCGGAGGTGGACGTGGGCGCGGGCCTGGGCGACACGGGCCTCGTCGCAGGCGAAGTCCGCGGCGGTGGGCCACGTCACCAGGAGGATGGAGCCGTTGGGAAGCTCCTCCACTCGGTGGGCCGGAGTGGACAGCATCCGCTCGCGGCCGACACTCTCTACGAGCTTCGGACCGAAGACGTTGAGCCAGGACAGCTCGTAAATCTTGTCGAAGCCGTCTCGAATCGAGGTTCGCATGTCGCGGCCGAACCATGGCGCGCCCGACAACTGAACCTCGGCCAGACTGTTGGCTTGAGCGTGGGTGATTGGATGGTGGGAGGCCCAGGTACGGACCATGTCCACGAACTTGCGGCAGCGCTCCACCTCCGTGAAGAAAGACAGAGGCTGCACCTTGATTGAGATGCTCAGCTCGGGAGGAAGCGGCGGAAAATGGAGATTGAGCAGCATATACAACGCGGGCCACCTGGTGCGACCGAGCACGATGGATGTGCTGTTCTCGTCGCGCTCCTCTTCCAGCGCCTTCCAGATGGCGGCGCGGGAGTATTTGCGTCGGCGCTTGCCTTCAACGACATCCGGCATCCACTCGCCCGCATACTCCTCGAGTGCTTGGAATAAAGGCTCTAGCTCATGCTCGAGTGCGACCTGCTGGTCGAAGGCACCTTCGAAAGTGAGATGGAGGTAGTTGTCCACGTCCAGGATCTTCAACCGCTTCATTGGAACAGCACCTCCACTCCCTTGACCCTTTTCTCGGCTGCTCGCATGGCTGCCCCCAAATCCTCTGGTTTCATGGGAATGAGTGCGCCGCCCTCGTAGATGAGGCGGACCCTGTGGACTGTCACCTGCTTGTCGAGTAGCTCCAGCGAGAGTCGGCGGATGTTCAGCGTCTCGCCGTAATACCGCAGGGCTTCGCGCGCGTCCGCGACCATTTGGGCCTTCAGAGCCTTCTCTTCCAGCAGCGAGAGGTCGCGGCTCTTGAAGCTGAACGTCTCCACGCGGGGCTGTTGGCTGGGAAGCGGCTGTTCCTCGATGACGAGCACATCGGCGAAGCGGACGCCTGGAGTGCCCGGCTTGGACACGCCCACGCATGTCTCGATGCGAGGCTGGTTGAACTCCGTGAGGAAGCGGCGTTGCGCTCGTGGAAGAGCCGCGTCGGCACGCAGCAGGGCCACCATGGTGCGCTCGAAGGCGAGCCCCCGGGCGAACAACCCGCGCATCGGCTCGTAACCCGCCCATGCGAGCGGAGGCTTGACCGTCTTGCCTTGTTTCAGTTCCGCGAGGCGAGTCTCCCAATAGGACACGTACTCGTTCCAGAGGGGGTGGCCCTGGGCTTCCGGCGGTGGAGCGTCGAGGGAGGGGCGCTGCTTCTCCAGGAGGGCCACGTTCCCGGACAGGCGAGGGCCAGCGGAGTCGAGCTCCGCGAGCGCGAGCTTTGCTTCCACCACCTCCCTGGAGAAGCCCGCCGCCTCGTCCACAAGAGACGCCGGGCCGCCGAGGCTCTTCCCCGCACTGGCCCTCGTCTGGGTAGAGCCTGAGCGCTCGGGTCGCTTCGCTTCCGACAACCAGGCCTGGGCCCTGGCCACATCGCCCCGAGCTTCGTAGAGGGCCATGGCCCCAGCTTCTCCTCGCTCGTACACGAGGAGGGCCACCTCCCGGTTCGCCTGGAGGTACCTGGCCAGTTCGCGGAAGCCGTCCCCGCCCAGCCTCGTCCACAGGCGCTCCGCCACCTGCGCCAGTCCCTCGAAGCCCAGCTCCGGCACCTGGAGCCGCCCCACTTGAATCCACCGGGTGCTCGTGGTGCCCCTGGCCTCGGAGAGGCGACGCACGCCTTTGCCACCGGCGTACAAGGACACCAGCACCGCGGCAGCCGACAGCTCGCGTGTAGCCTGCTCGTACTTGCCCAGCGACAGCGAGTACACCCCGTGGCACGTGCCGGCCACCAGGTTGTAGAAGCCCAGTGGTACGCCCAACGTGAGTGAGTCGAAGCTGCCCAGCGCCACGTGTCCCGGCGAGAAGGCTTGTGCCATCTCCGCCCGCTCCACCTCGTCGAGGGCGGCCTGGTAGGGCGGGGGCAATTGCCCGCGTTGCGCGGAGTACTTCATGGCCAGCGCCCCGCGACGTAGCTCGCTGGTGGACAGGGCTTCGTTGGCGGCGCTGGCCAGGCCTCGGGCCACGTCACCGAGGCGCTCGGGGCGGTCCACGTAGTCCGAGAGGTTCAGGCCCCGTTGCCGTAGGGCCTCGCGGACATGGCCCATCCGTCCCAGCGTCTCCTCGAGTTGCTTGTCCCGGGCCAACAGCGTGAGCACTTCATGCAAGTCGTTGGTGAAGGCCGAGTGGAGGAGGAACAGGGCGAAGAGCTCGGCGCGTGCGGCGCCGTACTCCCGGGTGGCGGTGACGAGGAAGGCGGCGCGCTTGCGGTTGAGGACATCGGCTCCCGTGTCCGAGCGCAGCGGCCCCAGGGCACCGAGCCGGACGGCGGACCAATCATCCAGCCCCTCCACCAGCCAGGGCATGTCTACCTGGTGCTGGAGCTCGATGAATTCCGCAGGTGAGGTGCACGCTAAAAATCGGGCGAGCACCTCCTGATCGGCACGTGTTTCCTGTGCCCCCTGGACTGCGTCCGTCTCCCGGGAGAGGAATCCACCCGCACTTCCCGCCGCCGCGTGCGTGCCAAAGCCGCTCAGCAGACTCCCTCGCGGAGGGCGCGTGGCACATCCTCCCAGCAGTACCAGCGCCACCAGGGCCAGGAGGACCGAGCTACCGCTGTCCTTCGTGGCGGGGCTCCTCCTGTCGAGGAATGTGCGCTTCTTCTTCGCCACGGCAAATGTTCCTTGAAATACACCCGTCAGGGACTTGTGCGAGGCGACGACGCCGAGGGGAGACATGTGAGGAGAGCGGGTCAGCCGCGGTGGCGCTCGGCCGCGCGGTAGAGCTGGGAGAGGGAGAAGTCGAGAAGGGACTGGCGCGAGCGCAGGTAACGGTGGGCGCGGACCATGGGCAACCAGACGCGCTGGCCGACGAGGACCTGGGCCTCACCGAGCTTCTTGCGAGGAAGCCATTGGCCGCCGAGGTTGCGCACGAGCACCTCGCCCAGGTAGGCGCCCACGGCGGGGACAGCGTGCTCGTCGATGTTCTGGCGCTCGAAAACTTCTGGGAAGTTCTCCAACCAGAGGTGGGCGTCGATGTCGGTGAGGGACTCGGGGGTTTCCGTGAAGACGGAGGGGACTTTTGAGTGCAGGAGTGCCACGAGGCGCTCTGCGAGGTAGCCGTAGTAGTCGCGGACGCGCTCGGAGTCCTCCACGTCCGGAGGAAGGGCGGAGTCGGAGGGGAGCCACTCTTCGGGCTCGGGCGGCTGCCAGGCGTTGAGCTCAGAGATTCTGCGCTGACGCTCGCCGAGGGAGACGCGGTCCACGACACGCGAGAGGAGTGGGGCCACGTCCGGGTGGAAGCGGGGTACCACGGGAGCGAGCGTGGCGCTGCGCTCGCGCAGGGAGCGAAGCACGGTGTCGAAGTCGAGGTCCGGGCGGAGGTGGACATGGGCGCGAGCCTGGGCGACACGAGCCTCGTCACAAGCGAAGTCGGCGGCGGTGGGCCACGTCACCAGGAGGATGGAGCCGTTGGGAAGCTCCTCCACTCGGTGGGCGGGTGTAGCGAGCATCCGCTCGCGGCCGACGGTCTCCACCAGCTTTGGGCCGAAGACGTTGAGCCAGGACAGCTCGTAAATCTTGTCGAAGCCGTCTCTGCGCGCGGTTTGTTCATCGCGGCCGAAGTACGGAGCGCCAGACAGTTCATCGTCAGCCATGCTGTGTGCCATGGCATGGGGGACTGGGTAGTGAGAGGCCCAGGCACGGACCATATCCACGAACTTGTGGCAGCGCTCTGCCTCCGTGAAGAAGGAGAGGGGTTGAACTTCGAGCCAGATGTGAACTTCGGGAGGCAGAGGCGGGAACCAGAGCCTGAGCGACATATCCAACGCGGGCAACTTCGTTCGATAGAGCCCGATGGACATGCTGTTTTCGTCGCGCTTCTCCTCCAGCGCCTTCCAGATGGCGGCGCGGGAGTATTTGCGCCGCCTCTTCCCTTCGATGACGTCCGGCATCCACTCGCCCGCATACGTCTCGAGCGCCTGGAGGAAAGGCTCCAACTCACGAGCGATTTCCGAGGGAGGG
NZ_CP043493.1_gap7	126713	129036	2323	CCTCCCAAGGCGCTCGTTCAGGCCAACGCCGAGTTCGTCTGCTTCTTCATGAGCGAGGTCGCCGGGCAGCCCAAGCCCAAGGACTGCGAGAAGGACGCGGCCGCGGAGCTCACCCAGGTCTATCCCTCGCTGGGCGCGGAGCAGCGCCAGCAGCTCGCGGACATTCAAGACCACTGGCCGAAGTTCCAGAAGGAATGGCAGGCGCTCGATGAGCTCCAGAAGGCCGCGCTGCGTGCCCAGTGGGCGGCGATGCTGCAGGAGCAGGAGGCTCAGCAGGGCCTGGGAGGTTCCGAGGCGCCCCCACCGGAGCCGTAGCTTCCGGTTCACTCCCCCCAGAGGAGGGCCAGCTCCCACTCGAGCGCCTCGAAGGGCTCGGCGCGAAGCCGGGCCTGGCCGGCATGGGTGGCCAGCAATAGGTAGTGGGTGCCCTCCAGCCGGAACACCTCCAGCATGCGTGCGTCTGGGTCCACCAGCCACACGAAGCGCACGCCCTCACGGGCGTACACCGGCAACTTCGCCGTCCTGTCCAACGTTCGCGTCGAGGGAGAGAGCACCTCGCACACCCAGTCAGGCGCGAGCGTGAGAGCCGCCGTGCGTGGAGTCTTGGGCATCCGCTCACGCCGCCAGCCCGCGATGTCCGGCACCAGCACGTCCTCGCCCAGGTGCACTTCGGGCTCGAACAGCAGGCGCCAGCCTCCAGGCCCACCCTGTCCCCTCCCAAAGGGGCCGCTCAGCTCGCCGAAGAGCTCCGAGGTGGCCACCGCATGCGGGACGGCCGGCCGGGGGCTCACGTACAGCTCGCCCGCGATCAGCTCGGCCACCCGGTGTGGAGGCACTGCCTCAAGGTCCACGTAGGTTGCCTTGCGCTTCGGACCGCTCATCCCCGGAGCATGGGCAGCCGGGCGGGCCTCTTCAAGGGGAGTCCAGGGCGCACTGCTCGATATGCTGTCCACGCGAGCAGTCTAGGGCCTACCTCTGACATGGGGTAGCTCCTCTCTTCCGGAGAAGTCACCCCCGGGCCGCTTCACTCGAACCGACAGGCCTCGTCGAAGTCCAGGCGCGGGTTGCGGGGGAACAGCTTGGCCGGGTCGCCGTAGCCGACGTTGAGCAGGAAGTTGGACTTCCACTTGCCGTCCGGGAAGAAGGCGGCGTCGACCTTGGTGTTGTCGAAGCCCGCCATCGGCCCGCAGTCGAGCCCCAAGGCCCGCGCCGCGAGGATGAGGTAGCCGCCCTGCAGCGTGCCGTTCATGAGGGCCATCTTGTTGCGCGCCTCGACCGGCATCCCCAACAGCTGCGTCTTCGCGTCCCGCGCCGGAAAGAGCTTGGGCATCTTCTCGTAGAACTCGGTGTCCCAGGCCACGATGACCGTCACTGGCGCGTTCATCGTCTTGTCCACGTTGCCGGGCGACAGGGCCGGCTTGAGCCGCTCCTTGCCCTCACGGCTCTTCACGAAGACCAGGCGCACGGGCTGCGTGTTCATCGCCGTCGGCGCCATCTTCGCGACCTCATAGAGCTGGCGAAGGACGGCATCCTCCACCGGCTTGTCGAGCCATGCATTGTGGGTACGCGCCTCCTGGAACAGCGCATCCAATGCCGCCTTGTCGAGAACAGGATTCTGAACCGCCATGGATTTCCTCGCGTGAATCGCGGTCATAGAGAGCGACCGTGCTCGCCCTGAGTAATGAACGCTCTTCCTCTTTGCAAGTTACTTTAGAAAAGTAAGTAGGCGGCTCGTGGTTATAGTGGAAGTGGGAGGCGCGATGGAGAACGGCAGTTCCAGCCCAATCTGTGCGAAGTACTTGAAGGCGGTCGACCTGCTGGGCAAGCGCTGGACGGGCCTCATCCTGCGCCTGCTGATGGAGGGGCCTCGTCGCTTCTCCGTGCTCAGCGGCGAGCTGAGCGCCATCAGCGAGCGCATCCTGTCGGAGCGGCTCAAGGAGCTCGAGAGTGAGGGCGTCGTCGAGCGACACGTCGAGCCAGGCCCGCCCGTCCGGGTCGAGTACCGGTTGACGGACAAGGGTCAGGCCCTCGGGAAGGTCGTCGACGAGATTGGGCAGTGGGCCGAGCGGTGGGTGGACGTGAAGCCCTCTCCGCGCACCTCCCCGGGCGCTACACCCCCGGAGCCGTCTCGCGTGCGCGCTCCTCGCGGCGCCGCTTCACGGCGCGCCAGGTGAGCCACAGCCCGAGCAGCAGCACCAGCACGGCGGCCCCGGTGAACAGGGCGCCCAGCCGGCTGGCGCGCGGCCGGTCGTCGTGCCACATGGCGAAGCCGGGCGTCATGGGGTTCTGCAGGAAGCGGTTGACGGCGTTGGCGACCTTGCTG
NZ_CP043493.1_gap8	141963	143293	1330	TCGTCCAGGACCTGTCGGGGTCGCCCCATGACTTCACTCGCTGATTGGTTAGCTATCGATAACTAACTAACCGCGCGAGGGGGTTGGAATCAAGAGGGCGAAGGAGCCAACCTATCAAGTGGGTTGCCTACATCCACGCGGGCGTCGATGAACCGGCCAATGCGGGCGGCCATCTCCTCGGGGAGCTCCAGCAGGGGGAAGTGGCTGCGCGCGGGGAGCTTCTGCACCTGGTACCAGGGGTGCGAGGAGGCGAACGAGCGCTGGGCGTCCAGCCAGGCGCTGTCCTCCGGCTGGGCATAGAGGTGGAGGGTGGGTACGGGGGACGAGAGCGCGGAGAGTGCCCGTAGCGGGCTCCCATACTGCGCGTATGCGCGGGACACCTCGCGCCCGGCGCGCTTCCACATGTCCTCGCCAAAGGAGCCCATGTCCTCCTGGACGAAGCGGATGACATCCGGCGAGCTCACCCCCTGCAGCCACAAGGAGAAGAGCCCCTCACGGGCCTGCCGCCACTGGGGCGTCTGCAGGGCCCGCACCGCCTGGAGGAAGGCCGGAGGCGGCTCCAGCACGAGCCAGTCCAGCAGCACGAGCGCGGGGATGCGCGAGCCGAGCTGGCGCCGCAGCTCGAGGGCCCACCAGCCGCCGTGGGACAGCGCCACGGGCACCACCTGGCGAGCGCCGCTGGCGTCGATGACGGAGCGCAGGATGTCCACCACGGTGGCGTTCTCGAAGTCCATGCCAGGCAGGCTGGACTCGCCATGGCCGGGCAGGTCCACCACGAGCGTCCGGTGGAGCGTGGAGCACCAGGGGGCCAGCTTGCGGAACACCGCGCGGCTGGTACACCAGCCGGGGATGAAGAGCAGCGTAGGCCCTCCCTGCCCTACGTCGTCATAACGGATACGAGCCCCACCCACGCGCGTCTCGGCCATGTGCGTCTCCCCCCGGCGGCGCTGGGTTCATCCCGCGCTCAGCCTGGGGCGGAGACATGCTTCGGAAGGGCCAGGTAGGACAGGGGACCGAAGTGCGGTGCCGCCGTCTGCTGGCCGTCAGTTGCCCCGCATTCGTGCGCTCGAGGACACGCGGGCTCAGGCGGCTTGGAGCGAGTCGCTCTCGGACACGCTGAAGAGCTCGAGCTGCCGCTGACGGCCCTTCACGGCGTGGGCGCCGAGCGGCTCCAGGGAAGACTCCTCACCCAGGGCCTCGCGGCACTCGCGGGTGAGGAGCAGCTCCCGGCCGAGCACCTTGGTGAGATCCTGAACGCGCGAGGCGGTGTTCACCGTGTCCCCAATGACAGTGTACTCCTGGCGCTGGGCGCCCCCCACGTTGCCCACCA
NZ_CP043493.1_gap9	145113	147641	2528	CGCGCAGCTCCAGCAGACGCGGGAGGGTGGGTTGGGAGACGAAGGCCTCCCAGCGAGCGGCGCGCACGGTGTCGGGCTGTCCGAGGCGCTCGGCGGCCGAGGCGAGGAAGCCGGCGATGGCAGCGCGCAAAGGGAGGCCGGAGGGGAGTGCTTCGAGGGCCTCCTGGGCGGTGGAGAGGACCTGGTGCGGAGAGCTCTCGCGCTCGAGGGCGGTGAGCAGGTCAATGAAGGCGCGAGGGTGGCGAGTGGGCTCGGAGAAAGCGAGCTCGCGCAGCCCGCGGGTGCCCTGGGAGAGGCGGATGGCCTCGCGCAACCAGGCATCGGCGTCGGGGTCTGCCTGCTGGCGGAGGAGGGAGACCCAGTCCTGGAGGAAGGCCTCGGAGTCGGGGAGGGGCTCGGAGGAGATGTCGAGCCACTCCTGCATGAGAGGCCGGGACCCGTGAGGCAGGAGCGAACGCACTCGGCGCATCTGCTCGAGGAGCACGGGAGCGCGCTGCTCGGGGGGCGTGGTGACATAGACGGCGCGGAGGTAGCGGGCTCGGGCCTCGGGGAAGTCCACCTGGGAGAGGTGCTCGGCGCGGAGACCTTGACCGCGAGGGTCCTCATACTCGAGGAGCGAGAACAGGGCCTGGTAGGCCTCGCGGGCGAGCGGAGATTGGCCCCGCTCGGAGGCCTCCTGGGCGCGCGCGAAGAGGGCGGTGAGAGGCTCGAGCAGCTCCGCGTAGGGGCCGAGGACATCCGACTCAGACCAGACGTCCTCCCAATCCTTCGCCTTCTCGGGGAGCGCGTGGGCCAGCTCAGCGATGTCATCAAGCAGCTCGTGCTGGCGGAGCTCCTGTGCACCGGCGTCCTGGGAGGAGTGAAGGGATTGCAGGAAGGCGAACCGCTCCGAGGGGCGCACGCGACTGGCGAGGGAGCGGAGGATGGCGCGCAGCTCCTCCTCGGAGCAGGACTCCAACCGGGCCTCGACGGCTTCGCGGAAAACTTTGAGGGGCAGCTTCTCCCCAGAGGGATGGGACAGGTCGACTCCAGACATAGGTGAGGAGAATATGACCTCTGCCGTCACGCGGGGCCACCCGTGACCGCTCGGCCGGTCCCAGCCCGCTCCCCTGGCCTACCTGATACATTTCAAGACTCAGTCCCAACCCATCGCTGTCGATTCGAGGTGAGGCATGCCCAAACCTTGTCCGCTGCGTCCCTGGTTGCGCGTTCATGCCCTCGTCGTCCTGGTCCTCCACGCCGCGTGTGCCACGGACGGCCGTTCTCCAGGGGGTAGGTCGTTCGTGGGGAGCTCCTTCCAGGAGACTCACTTCGGTTCTGCTGTCGTGTACGACGTGGACGTGCTCGAGCCGGGCACGGTGGCCACCCGGTCCGTCCCGATCGACAAAGGTGAATTCCAGCGCGCTCTGCTGAGGCTGGCCCGTGAGATGCGGCTGGAGGGAACGCCTCAGGAGGCCGCCCGAGAGCTGTTGAGGACACATCCGGAACTGGAAGGAGAGTGGTTGGCCGAGGTGAGCCGGGGCCGCGTCCTCACCCTGGTGCCCCTGGAGGATAACAGTCCCCTCGCCCCTGAAGCGGACGCCGCCCTGCGAAGCAGGTACACGGGTTGGTGCAAGACACGGGGCGGGGGCGACTGCCTGCACTTGCTCGACGACGGGCCCTACCTGCGCACGGACGATCGCCGCACGCTGGCGCTCGCCCTGGCCTTTGGCTCCGTACTGGACGAGACGCGCGAGGCCTTGGGACGGGAGTTGGACCCACGCGCGTTGGTGTCGATGTGCATATGGACGGTCGGCTTGTATCTGGGCATGTGGCTGGTGCCCGAGCCGACCACGAAAGCACTGGCTGGAGCCCTGACGGTGATGTTGGTGGCATGGCTGGGGCTGGACACGGTGTGGGGGCTGATGGACGGGTGGGCCCGACTGGCCACTCAGGCCCACGAGGCGACCACCTTCACGGAACTGCGCGAGGCGGGTGCGCAGTTCGCGAAGGTGCTGGGGACGGACGCGGCGCGGGCACTCCTCCTGGCCGTGGGCGCGTTGACGGGACGCACGCTGGGCGAGGTATCGGCACGCGTGCGCTCGCTGCCGGGCTATGGCCTGGCGGGAGCGCAGTGGAAGGCGCAGCGGGACGGGTCCGCTGTCCTGGAGCGAGTGGAGACGGTGGTGCAGGAGGGCGCACTTGCCGAGGTGCTGCACGCGGTGGAGACGGTGGTGGCCTCGCCCCAGGGCGCGCTGGCGGTGGTGATGCTCAAGAAGGGGACGGGCGGTGCCGCTGCCCCTCGGGGTGGTTCCTCCGTCACTGTCGCCATGCGCCACCGGGGCGGCAATCAGCAGGTGGTGCTCGGCAATGGCCAGCGCTGGCATCTGCCGCGCGGCAAGTCGGTTGCGGACATTCCCGCAGAGGACAAGGTGGGGGATGAACTCCAGGAAGCAGTTACCCGTGCAGCCAGGGAATGGGGACCCGATAAGCTCTCGGATGGCGAAAGAGATGCCATCGACAAGGCCCTGAAAGAGGGTAGGTACTGG
NZ_CP043493.1_gap10	169541	171409	1868	GCCACGTCGCGGGCGTGCTGGTGACCGTCCTCGAGACGACCGAGCGGCACCGGGCCGAGGTGGCGCTCCGGGAGAGTGAAGCGCGCTTTCGAGGCCTGGTGGAGCCGTTCGCGCAGGCGGTGTGGGAGACCGATGCGCAGGGTCGAGTGGTCGCCGACTCGCCGAGCTGGCGGGCGTACACCGGGCAGACGGTGGACGAGTATCTGGGCGACGGGTGGATGGCGGCGATCCACGCCGATGACAGGGAGGAGACCCTGCGGACGTGGCGCGAGGCGGTGCGGAGCGTCGTCCCTTTGACGGCCGAGTTCCGCCTGCGTGGCCCTGACGGGAGTTGGCGCTGGACACTCGTGCGGACCGCGCCGCTGCGAAACGCGGACGGGTCGGTGCACAAGTGGGTCGGGATGAACATCGACGTCACGGCGCGCAAGCAGGCCGAGGCGGCACAGCGTGAGAGCGAGGCGCGCTACCAGACGCTGTTCAACTCCATCGACGAGGGCTTCTGCATTCTGCAAGTCCTCTTCGACGCGGAGCAGCGGCCGATCGACTGCCGGTACCTCGAGGTCAACCCTGCCTTCGAGCGGCACTCCGGCATGCGCGACGTGCTCGGAAAGACGTTCCGTGAGCTTTTGCCGAGCATTGAGCCCTCCTGGAGCGACACCTACGGCAGGGTCGCACTGACAGGCGAGCCGACGCGCTTCGAGGACTATGCCGCGTCCATGGGCCGGTGGTTCGATGTGTATGCCTTCCGGATTGGCGAGCCACACGAGCGCAAGGTGGCAGTCCTCTTCACCGACATCACCCTGCGCAAGCAGGCCGAGCGGATGTTGCGCGAGCGCGTTGATTTCGAGCGCCAGCTCATCGGCATCGTGTCTCACGACTTGCGCAACCCCCTCAATGCCATCCTCCTGTCGGCGACGATGTTGATGCGCCGCTCGGGGGTGGATGCACGCAAGGAGGGGGCCCTGCGGTGCGTGTTCGACGCAGCCGAGCGCATGCGGCGCCTGGTGCGCGACCTGCTCGACTTTACCCAGGTGCGGATGGGGCAGGGCCTGCCGGTGAAGCGTGAGCCCCTGGACCTGCACGCCCTTGTCCACAAGGTGGTGGACGAGGTGTTGGTGGCCTATCCCGAGCGAGAGGTGGAGGTGAGGGCCGAAGGCGAGGCCCGGGCCGCTCTCGATGCGGACCGCATCGCGCAGCTGCTGGGGAACCTGCTCTCCAACGCGCTGGCCTACGGCGCTGCGGGCCGCCCCGTGTGCGTGACGACGCGTGACGAGGGCGCCCACGTGGTGTTGGAGGTGCACAACCGGGGCGAGCCCATTCCGCCCGAGAAGCTGGAGCGGCTGTTTCAGCCGCTCGAGCGGGGAGCCCAATCGCCGGCTCACGCCTCGCGCAGCATCGGCCTGGGCCTCTTCATCGTGGACAGCATCGTGCGCGCCCACGGGGGCCGCATCCGAGTGCACTCGACAGCCGGGGAGGGCACCACCTTCTCCGTGCTGCTGCCGCGCGGCGACTGAGGTTTACCCCTCGGGCGAGACCGTGACTTCCAGCGTGAACTCCCTCGACATCACCCGCTCGAGGTCATCCACTTCATAGGCCGTCAGCGGCGTGCGCGAGGACACCACCACCCAGCGCGTCCCCGGCTCGGCCCTCATGGCCAGCGTGTTCGCCGAGAGCCTTCGCACCTCGGCCGGTGAGGGCCGTGTCGCCGCGGGTGTGGCCGGCGTCGGTGGCAGGGCCAGCCGCCCCGGCACGTTCGCCTGCCGCGTATGCAGCTCCACCATGTCCCGCTTCTGCTCGGGGATGCGCGAGGGCGGTCTGGAAGGCGCGGGCGGCGGGTAGGTGGGTGACAGCCTCGCCAACGCTTGCGC
NZ_CP043493.1_gap11	172530	177294	4764	CGACCACCCGGAGCTGGAGCTCCTGCGCCAGCGCCACCGGACCGACTTCCAGGCCGCGCTCGCCGAGGCCCTCGCCGCGCTGCCCTCTCGCGAGCGCACCGTGCTGCGCCTCCACCTGGTGGAGGGGCTGAGCCTGGAGCGCATCGGCACTGTGTACCGGACCCACAAGTCCACCGTCTCCCGCTGGCTTGCCCGGGCTCGTGAGGAGGTGCTCGCCGGCACTCGCTCCCGGCTCGCCGAGCGCCTCCGCCTGTCCGACGGCGAGCTGCACAGCCTCCTGCGCGACGTGCCCGGGCAGCTTGACCAGAGCCTCTCCTCGCTCCTGGCCAGCAAGGGTTGAAAGGGGGCTCGCGATTTATTTTCGCGCTGCCGTGCAACACCTCGCGGCCACCGGTGTCACCCCGGCGGAAGGCAATCCAAAGGGAGATACCCATGCACGTGAAGAAGATGCTCGGAGGGGTCGCGGTCCTGGCGGTGACGGTGCTCGGCACGGGGGCGAGCGCGGAGCAGGCGGCACCGGCTCCGGCTCAAAAGAAGGCCCACATCCCCGCCCCCGAGGAGACGTTCACCCTGAAGCGGGGGGAGACGCGGGATTTGGAGTTGAAGGACATGAGCCGCATCGCGGTGGGTAATTCGGAGATCGCCGACATCGGCATCGACGGCAAGGGCGCGACGGTGCTCCACATCACCGGGAGCAAGCAGGGCGAGACGACGCTGCTGGTGTGGACGAAGGACGGTGCGCGCAGGGCCTTCAAGCTCGTCGTCCGGGATTGAGCCAGCGGGGTGACTTCCCGTTGCGGCGTGCGCCTGCGAGACTCCGCCTCGATGTCTCTGGAATCACGGCTCCGCGCACCGGACGGGTGCCCGGATGAGAATCTGCTCGCGGGCTTCGCCTCGGGCGCGCTGTCCCTCTCGGACACGCCGGAGGTGGAGCGGCACCTGGATGGCTGTGCCCCATGTCGGGAGCTGGTGGCGGCGGTAGCGGCCGAGGACGCGGGGTCCAGCGCCAGGGGTGCACCCACGCGCCTGGACACGGGGACGCCCACGCTGCCCATGCACCCCGAGGCGCCCGTGCTGGGCCCGGGGGACACGGTGGGCCGCTACGTGCTCGAGGGGCTGCTCGGCCAGGGCGGCATGGGCGTGGTGTACGCGGCAAAGGACCCGGGTTTGGGGCGCACGGTGGCGCTGAAGCTGCTGCGCCCCGGAGTAGGCGGCGAGGAAGGGCGGGCGCGGTTGGTGCGCGAGGCACAGGCGATGGCGCGCCTGGCACATCCGAACGTGCTGCCGCTCTTCGAGCTGGGGACGGAAGGGGAGCGTGTCTTCCTCGCCATGGAGCGGGTGGAGGGCCCCACGCTGGCGGACTGGCTGCGCGAGCGCGAGCGGCCGTGGCGCGAGGTGCTGGCCCTCTTCCTCCAGGCGGGCGAGGGGCTGGCGGCGGCGCACCGGGCGGGGCTGGTGCACCGGGACTTCAAGCCGGCCAACGTGCTGGTGGGCGCGGACGGCCGACCGCGCGTCACGGACTTCGGGCTGGTGCGGCACGGGGCCGAGGTGAACGGTGGCGCACCGGAAGGCGCGTCCGGAGACACCGGAGAGGCACTCTCCCGGGCAGGCGCTGTGCCGGGGACGCCCGCGTACATGTCACCCGAGCAGCTCGCCGGCCGCGAGGTGGACGCGCGCGGGGACCAGTTCAGCTTCTGCGTGGCGCTCCACGAGGCGCTGTATGGGGTGCGCCCCTTCGAGGCGCGAGAGCGAGGAGTGGCGCGCTGGAAGCGAGTGCCGGTGCCTCGAGGCCTCCGCCCGCCGGGGTACGTGAGGGCCGCGATCGAGCGAGGGCTGGCGCTGGAGCCGGAGGCGCGCTTTCCCTCGATGGACGCGTTGCTGGCGGCGCTGGCTCGGCCTCCCGGCTCGCGCTGGGGCTCGGTGACGGTGGGGGTGGTCGGGCTGGGGCTGGTGCTCGCGGGGGCCGACGTCCTGGTGTGGCGGACGCCGCGGGAGCCGTCGGTGGTGGCGGCGAAGCTGCCCGAGGCCGTGCCCCTGACACTCGAGCTGGGCTCCCGGTACGAAATCAAGGTGCCCGGGGTGCACCGTGTGGCCGTGGGCGAGCCAGGCATCGTGGACGTCCGGGTGGTGGGCGCGGAGACGCTGAGCTTCGAGCCCGTGGGGCCCGGTACTACCACCCTGCTTGTGTGGACGAAGGACAGTACCCGCCGGACGTACACCGTGACGGTGCGCCCGCGCTGAGCAACGGCACGAATGCCAGCCGCGACTTCCTACCGCTGCCCTCCGGCGGCACTTTTCGCCCACTTGTCCAACAGTCGGACAAGTTGTGGAAGAACGAGCCCGGAGGGTCTCCTGCTCTGGATTCATTCGGGCTCCCTGACGGGACTTCAGGACGGGCCCTCTTTGTCCCTCACCTCGCGCAGAGGCGAGAGCTGGGCTTGTGCCACGGACGCTCCGACAGCTCGACGGCGAGCCGATAGACGGCATCTTCCCGGACGCCGTACTCGGTGGCGTCTGGCTGAAGCACGCAGTGCGGAATCACCCCTCGGTTTCGGGGCAGACCCGTCACGTTCAGTCGGAAGTGGATGAGGGGAACGGAGAGCTCCAGGCCCGAGTTCGGCAACGTCAGCGTCCAGTCGTAGCCGCTGCTGTTACCCGCGTGGGTGCCGCCGACTTCCTCTCCGAGGAACAGCGCCCGTCCCTGGCTGTAGAGCATGCTCGCCAGCTCCGCGGCACCCGAGTAGGTCCGCCCCCCGACGAGTACCAGCAAGCGCCCCTTGAAGATGGGGGACACCGGGTGCCAGTGGGAGCGCAGCCCGAGCAGTGGTTGGTCGAGCCGCCGGAGCGTGCCTCCCGGTGTCCGTGCGTAGGTGGCGAGCTCCTCGGGCTCGAAGACGGTCTGCTCGAAGCGTTGTCCGCTCCTGCTGGTGATGGCGAAGTGGTTGGCGCGCACCTCCACGAAGGCGTATTTGCGGATGGGGCGTTCGACCAGGTACGAGAAGAGCACGTTCTCGTTCGACTCCGAGCCGCCTCCGTTGTCCCGGAGGTCGAGGATGAGGTCTCGGGCCTTGCGCTCCGCGAGCTCCTCGAAGAGCTTCTGGAGCGTCTCGGAGTAGCTCGCGCCCGCCTCACGGTAGCGCCTGTTGCTGAAGGTCGGGACGCGCAGGACGGCGGTGTCCGTGTCGAGCCATGTGAGTGTGGCCAGCGGAGCGCCGGTGTCCTGTGTCCCCGGGCGGGCGCTCAGGGGAATGGGAGCGAGGGTGAGCTCCCGAGGCGTTCCATCGGGAAGGAGGAGGCGGACCTGGAAGGACGCTTCCTTGCCGCGCAGCCAGTAGCGCTGTCGCGCGTAGCCGTCGCCGTCCAGCTCTCGCATCACGCCGGTGGTGATGTCGCCATCTCCTCCTACCGCCCGCCACATCTCCTGGAACAGGCTCCGCCAGGGCTGGCCGTTGATGGTCAGCAACCTTGCCCCCGTGGGGATGTCGGCGGCGCCTCCGAAGCCTCGCAGCACGGAGACGCCCCGCTCCGTCCAATAGAGATCAAGGGGAAGGAGTGCAGCCTCCTGGCGGAAGTGACAGCGCATGGCCTCACTCGGGCGCAGCGTCAGGTGGTCCTCTCCGAGGCTCGCGAGCAGGGGAGCGAGGAGCCGGTACAGCCCGACATCGTCCGCCACGGCTGACAGCTGTGCTCGCGCGGTGCGACGGGCCCGCCGCCAGTGGCCCTTCGGGCGGTGCCAGTCGAGCGCGGGAAAGGCCTGCTCGATGGCGGCCACCGCCAGCTCGAAGTCCTCAAGTGCCTCGGCCTGGGAGAGTGCACGTGGCCGCGAGGCATTCTCGCAAGCCGCGCGCGCGTCCGCGACCCCGAGGAGGAGGCCGAGCAGCAAGGCCCATCCGAGTCGGCCACGGGCCACGGCGCCCCAGGGGACAACAGGGGGGAACCCTGGACGGCTAGGTCGCACGTGGAGGCCTCCTTCCGAATGCGTGGGAGGGGAGGCTATCGTGGAAGTCCTCTCGTTGTGGAGGGCTGCTCCTTGCGCTCCTTCAAATCCCGGCTGTCCTGGCGGTGGAGTCTTCTGGCTGTCCTCGTGGTGGGCTGCGCGCACTCGGGGGCGGGCACGACCGAGGCTCCGGCCGCGGCCTCCGAGTCCTCCGCGGCCAAACTCCGCAAAGAGCAGAAGGTGCGCCAGCTGATGGCGCTCACGGGGGCGGAGGACACCGGCCGGCAGATGATCGACATGATGACCGGCCACTTCCAGCAGATGTCCAAGATCCCCCCGGGCTTCATGGAGAAGTTCCGCGAGATGGCCGCGCAGGAGTCCATCGTGGACCTGCTGGTGCCCGTCTACATGAAGAACTTCTCCGAGGAGGACCTGGACGCGGCCATCGCCTTCCACGGCTCCCCCGCAGGCAAGCGCTTCCTCGCGGCCCAGCCGGCGCTGCTCCAGGAGGCGAAGGCGGTGGGTGAGCAGTGGGGCGTGCGACTCGCGGAGAAGACGCTGCAGGCGCTCGCGGAGGAGGTGCGCGAGCAGGAGCGCGAAGCCGTGAGCCACGAGGGTCAGCAGCTGTAGGCCCGCGGGCTCACGACAGCAGGAAGAGGGCGTTGGCGCTGGCGATGGGCTTGCTGCGGTCCTCCTGCCAGGCCTGCACCTGGAGGTTGGCCACGCGCCGGCCGAGCCGGGTAATCGTGGCCTTGGCCAGCGTGTCCTGCGGCCTGCCCGAGCGCAGGAAGTCCACGGTGATGGAGATGATTTTGGGCACGCGCTCC
NZ_CP043493.1_gap12	237791	240215	2424	TGGAGCCGGACTCGAACAGCGTCAGGCCATCCTCCTCGTAGACCGGCACCTGCCCGAAGGGCTGGAGGTGGCGATACGCCTCGGAGGCCTGGTCCTCGGGTCCGAGTCCGATCAGCTTCTCTTGATAGGGAAGGCCCACCTCCTCGAGTGCCCAGCGCACCCGATGGTCCCTCACGAGCCCCTGGGCGAAGGGCGGCACCCAGCGAAACGCGGTCACGGTAATCATTGTCATCCTTTCTTACCTGATGAAACGTCCTCGGTGAGGTACGTTAGCAACTCGTCCTCATTCTTGGAGATCATCCGTTCGAAGCCGTCACTTCGGGCATGACGTTGGATCTGCATCACGCCCACGGTGCTGCGCACGAGCACGCCGACCTTGCGGAAGCCGCGGATCCAACGGGGGCGGTGGCGCTGCTCCATGACGATTTCGAACTCGGGATCGTTCCGGCCGGGGCCGGCCCGGAGGTCGGCGAGCAGTCCGTACCGCGAGCGCCCCAATGCATCCAGGGCGTCACCGAGCCGCGCGAAGATGTCGCCGAGCTCCTCGAGCGAGGGGAACGGTGTGCTGCTGCGAACGGTGCGGACGATGCCCCTTCGCTCGTCGACGAGGACGGTGAAGTACGCGTCCTGGAAGACCTGCTTGTCTGTCATGGAGGGTGACCCATCGATTGGATGTACACCTGTCTAGCGCGATTGAATCAGCCGTCGCAACCAGGCCTCGCCACTCAAGAGGGAGATACCCAACAGCACCCGCAGGGGCGCTCCCAAGTCTTTGTGGGTACTGCACGAAGGAGCTTCACGTGCCTGCTCCTGGCGATGAAGCCGAGCGATACGCTCAGGCGAGACACGGTAGTATCGACATGGCAGCGAACAGCCCCGGGCACACGAGACACCCGAACGCAGGTGGAGCACTATGAACGTCTTGCATCGAGTCATCATCGGCGCATTGCTTGTCCTCTGTCTGGAAGCATGCGGAGAATCCAAGCCTCTTCCCGAGCGTGACCCCCTCACCCTGACACGGTTCCCCCAGGGAGCGACCATCGAGCAGCTCGCGGCGGACGACGAGGCGGTCTACTTCCTCGCGAAGACTTCATCGGATTCAACGGCGGAGCCCGTGTCTGCCTCCCTGTTCCGCGCGAGCGTGAGGGAGCCTCAAGAGCACCCGACGTTCCTCGCGGATGCGCCGACAACGGACTTCGTCGTCGGCTCGACCCACCTCTACTTCTTCGATGCCGGGCACTTTGTCGAGACGCCCGACAGCAGTCGGTACGTGCAGTCCTTCTGGCGGGTGCCCAAGAAGGGAGGCGTGAAGGAGAAGCTCACCGAGGTCGATGGGCAATTCATGATGAACAAGTCCAATTATGGCACCCTGGTCCTGGCCGGACCGTACGTGTACTGGTTGGGGGGCAGGCCGGATGAGCCCGCCTCACTCTACCGGTTGAAGCTCGACGGCTCGGGGACTGTCGAGCGGGTCGCAGAGACCCGCAGCTGGGCGGCGTTCAACCTGGTGGCGACAGCGACCCATGTGTACTGGATGGAAGTCTACCGGACAGGCTCCGGCATCGAGAACGCCCTGGTCCGCGTACCCATCACGGCCACATCCGCCGTTCCGACAGACGTCGTGCTCTGGCCGGGCAGGGAGTATGGGGCCCGTCCGTTCATGTCCTCGGCCACGGTCGTCACGCCGGACGGAATCTTCACGAGTGTCGGGGATGAGCCCTCGTACTCACTGGTCCGGCTTCCGCTCGAGCCGGGGCAGGACGGCCTCACGGTCATCGACGAGCTTCCCGATGACTCCCGGGGCTTGGCGGTTCATGATGGATGGCTCTACTACCCATCCAAGGATGGACAGGGCATCCGGAAGCGCCCGCTTGATGGAGGAGCCCCCGTCAAGCTGGTACCCGACCGCACTGTGACCGGCCGGCTGGCGGCAAGCACCGCCGGAGTCTTCTTCCCGGGCGATGAAGTCATCCTGCGCACCGAGCGTTGATGCCACGGAATGAGAGCAACAGCGCAACATGATGTTGCTCAGGCGGCGAGCCGGGCCTGGGCAGGCGTGTATCCCAAGTGGGCTGTGTGGCCTGTAGCGCCATGTTGTCGTTGTCTGGCGGGCCCTGTGCCTTCATCAAGAAGCAGGGCCGCGCTTCTTCGCGCTGAGCCGTCGCGCAATTCTTGCGCATCCCTCTCCTGGGGCAATTGACAATCACAAACCACCGCTAAGGGGCCCGTGGGGGCTTGGCCTTTTGATAGCGGTATGTCAGCGTGAAGAGATGAGGGGTTCAGAGAAGACTGGGGCGAAGCTGGAGTTCCTCGGACATGCCGGTTACGTCATCGAGCGCGGGCCGATGTATCTCGTCGTGGACCCATGGGTGGACGGGGCGGCGTTCGACAATGGCTGGGACCAGCTCGTGCCGGCGAAGCGCT
NZ_CP043493.1_gap13	262388	266788	4400	CCGATGCGCTCGGTGAGGCGCTCCCACTCGTTGGTGTAGCGGAAGACGGACTCGATGCAGCGCTCGGTGAAGGGCTCCACGCCGTAGCGCTCGATTTCCGCCTTGCCGTGGATGCGCAGCTCCTTCTCGACCTCGACCTCGACGGGGAGGCCGTGGGTGTCCCAGCCCGCCTTGCGGGGGACGCGGTAGCCGCGCATCGTCTTGTAGCGGGGGAAGAGGTCCTTGATGACGCGGGTGAGGACGTGGCCGTTGTGGGGCAGGCCGTTGGCGGTGGGCGGGCCCTCGTAGAAGACGAAGACGGGAGCGTCGTCCCGGCCCTGGAGCGTCTGCTCGAAGATGCGGCGCTCCTTCCAGAAGGCGAGGGTGCGGCGCTCGTCAGCCGGGAAATCGATCTCGTTGGGGACCGTGGCGAACAAGGGGGAGGGGGGCTGGGACATGGCGCTGGAGTGATAGCACCTGTCGCGCCGGGAAGGGGCTCAAACCCCTCCTGAACGCCCCCTGTTGGACGCCCTCAGGGCCTGGCGAGCGTGATGTCCAGGACGGTGATGGACCAGGGCGGGAGCATCACCTGGACGTTGCTGCCGGACTGGAGGAAGGACTTGCGCTCGGAGAAGCCCGAGGGCTCGCCCGCGTAGCCCAGCACCCGGGCGTTGGCCACGTTGCCGCAGCCGCGCAGCTCCACCTGGGCGTTTCGGGCCGCGTCCGGCTCCAGGTTGAGGGCAATGGCCACCACGCGCTTGCCGTCGTCACTGCGCGAGGCGAACAGCGACATGCCCTGGGTGTCCGACTCCTTGTCGAACTTCGAGGGCACGAAGTTGTCCTGGAAGCGCCCGCCCTTGCCGTCGAAGTTGCGGTAGGCGCGGAAGGCCCAGAAGGCCGGGCTTCGGTAGGGCGGGTAGGTGAAGAGGAAGGCCGAGGTGAGGTTCTGCTCGGCGAAGCGTCCCAGCGCCTCCGCCTGCGCGAGGCCGCCGCTCATGTGGCCGGTGGCGCCGAAGTTGTACTCGCCGATGGAGATGCCCCGGCCCGGGTAGTTCTCGGCGATCCACCGCTTGACTCGGGGAATCAGCTCAATCTTGTCGTCGATCCAGGACTCGTCCTTGTACTTGGGGTCCCACAGCGCGCGCGTGGAGCGGATGCGCCGCGCGGAGGTGTCCGGGTCCGTGGCGCCCCGCTCCTCGAAGCCGATGTCCTGGCCCTGCGGATAGAAGTGCACGTCCACCACGTCGAGCAGGCGGGTGCCGGTCTGCTTCTCATGCTCGTGGAGCTTCTTCAGGTACCAGGCCAGGAGCGGCATGTTGCCGTGGGCCTTGCGGTCCTTCTTGTTGCCGCCCGGGGCCAGGTCCGCCGCCGAGTTGAAGTAGTTCGTCCAACCCCACTCGGCGGGGCCTGCGATGACGGCGTCCGGGTCCGCCTGGCGCACGGCGGTGCCGAAGGCGATGGTGCGCTCGAGCAGCTCGTCGTAGGTGGCGGGCTCCGGGTGCACATCCCGATGCGTGGTGTTCCAGAGCATCGGCTCGTTGTCGAGGATGTACATGTGCACGCTGCGCCCGCGTGCCTTGTCCTTCTCGCGGATGGTGCGCACCCACTCGTGGATGAACGAGGGCGGGGCCTCGACGCTCGTCTGGGTGGGCAGGGGCGGCGTGAGGGCGTCACCCGAGGGGGAGATGCCGTTGCCGGCCTCCGTCACGTCCGGGTCCATCTTCTGCTGCACGCCGAAGAGGGACTTGGGGAAGCTCACGGACGTGGAGTCCTTGGCCACCCAGCCGATGATGGGGACGGTGAGCGCGGACTGCATCCCACGCTGGAGGTTGGATTGGAGGAAGGTGTCGTAGGTGTACTGGGGGCTGGTGCCGAGGACGATGTTGCGGAAGAAGTAGTCGTTGGCCGTATTCCAGACGTTGCCCAGCTTCCAGTTGTAGCGGGTGGTGGGGTTGCCGCCCCAGCGGCGCGCGGTGGCGCCGAGCTCCCACTGGTGGCTGTCCTTCAGCTCGCGCAGGTTGTTGAAGGCGATGCCGTAGATGAGCGGGCTGATGGGGTGGCTGGGAGTCGCGCAGTCCACCACCACCTTGGTCGCCTTGGCGTCTCCGAAGGCCACGCGGCCACCGCCCACGGAGGCCGCGTCCGGGGGCGCCTGCTGCTGCATCACGGCGGCGGGGGTGACGAGCCGGGCCAGGCCCACCTGGTTCAGCTCGACGTGCTCGTTGCCCACCTTCTTGTACGCGCGCAGGACGAGCTGGCTGAAGGCCTTCTTCTCCGGGTTGAGCTCGTCCATGGGGACGAACACCTGCGTCCAGTCACCGTCGCGCGCGGTGACGTACGTGTCCGACAGGCGTACGCGGGGAAAGAGCGTCTCGCTGGCGGAGTCCAGCCGCACCTCGAGGAAGTCGCCGAAGTCCGAGGGCGCGCGGTAGCGCAGCGTCAGCCCGCCGTACTCGCCCTGCAGGTCCTTCTTGTGAAGTATCCAGCCGCCCATGTTGGCCATGCGCAGCTTCGCGGGCGTGGGCCCCTTCAGCTCGCGCTCGGACCAGCCGTGGTCCTCCCAACCCGCCTGCAGGCCGTTGTCATAGGCCAGCTCCACGGGCTCGATGATGACCTTGGCCGCCGTGCCCGGCTGCAGCGACTGCTGTACGAAGGTGGTGCCATCGGCGGGCGTCATGCCACCGGGGGCGGTGAGGCCCACCTGGTCCAGCTCCACCCAGTCGTTGGACACCTTCTTGTACGCGCGGATGACGATGCGGGTGAAGGGCACCTTCTCCGGGTTGAGCTGCTCGAGGGGGACGAAGAGCTGCACCCAGTCGCCTTCGCGGCGCGCCACGTGGCTCGCGTCCACGCGCACGCGGGGGAAGAGCGTCTCGCCCTCCGAGTCCAGGCGCACCTCGAGGAAGTCGCCGAAGCCCGACGGCGCGCGGTAGCGCAGCGCGAGCCCGCCGAACTCTCCCTGGATGCCCGTCTTGTGCAGCATCCACCCGCCCATGTTGGCCATGCGCAGCCGGGCGGGGTTCATGTCCTTCAGCTCGCGCTCGGACCAACCCTCGTCCTGCCAACCCGGCTGGAGGGTGCCGGCATAGGCCGTCTCGGTGAGCGGGGGGATGTTGTAGACGCCCGAGGGCGAGGAGGACTGCGAGGAGGGGGCCGCCTGGGAGGAGCTCTGCCTGCACGACCCCAGGAGGGACACTCCCAAGAGGGGCACGCCCAGGCACACGCCAGCCAGCAGGGCCGTCCGAGCCCTCCTGCCGCGCCACAGTGCGCCGCTCCCGACAGCCCGGCGCATCACTCTCCGTCCACGTCCTTGCGTGGGATGATGCGCGCGGGAATGCCCACGGCCACGCTGTCAGGGGGCACGTCCTTGATCACCACCGCGTTGGCGCCGATGCGTGAGCGGGCGCCAACGGTGATGGGGCCGAGGATGCGCGCGCCGGCGCCCACCCACACGTCATCCTCGATGACGGGGTAGCCGTCGTCCCGGGCGGTGCCCACGGTGTTGTTGCCGTAGAAGCGCACGCGGTTACCAACCTTCGCGTCGCCGCCCACCACGGTGCCCAGGCTGTGGACGAAGTAGACGCCGCTGCCCAGCTCCACGTCCTTGCCAATCTCCACGCCGAGCACCGCCGTCTGGGCCACGCGCAGCGCGTGGTTGCCGAGCGGAATGCCCAGCCCGCGCGCCGCCTCGCGCAGCCGCTGCAGCGCCAGCACCCGGTAGCCGTCCGAGGTGAGCACCATGGCGGCCACGGCCTTCAAGCCAGGCTGGCCATACTCGGAGCGCGCCACCTGCACCGCGTCCTCCTTCAGCGCCTTCGCCAGCTTCAGCACCTGGCCGGGCTTGCCGCCGGTGAGGGCGAAGCGGGCCACGTGCCGGGCCGCCTTCGGCAGCGAGCCCGCCTCAGCGCGCGCCCCGCGCAGGTACTCCATGACGTAGGCCACCGAGGTGCCCGCGAAGGCCGCCTTCGTCAGGCCCGCCTTGTCCGCCAGCTTCGCCGCGCCCATCACCGCCTCCGTCAGCGGACGGGTCGCCTCGGGCGCCACCACCGTGGCGGCCAGCAGCGGCCGGGCCAGCGGGTTCATCACGAAGAGGAAGCGCCAGGGGTCCACCTGCGGCACGTCCGGGTGCAGGGCCGCCACGCGCGAGTCGAAGATGCCGTAGCGGTGCGCCCGCTTCAGCCACTTCTCGAAGCTGGTGTGATCCGAGCCGTGCAGCACGTACGCCGCGGTGCAGAACTCGAAGCGGCAGCCGGCCTTCTCCAGGCGCACGCCCAGCTCAATGTCCTCGGACTGGCCGAGGCTCTTGTCGAAGCCGCCGGCGGACACGTAGTCCTCGCGCCGGAAGGAGACGTTGCCGGTGAAGAGCTGCCAGCCACGCGCGCGCCGCTTGGGGCCGCTCATGCTCGCGGCGATGCGGTTGT
NZ_CP043493.1_gap14	275117	277896	2779	AGGACCTCGCAGGTGGCCAGCGAGATGGCGGTGGCGCTCGCGCCGCCCGCCGGGCCCAGCCTGCGCAGGAAGAGCGGAATGAGCAACAGGTTGAGCGCCGGGTTGAGCACCGCGGCCATCAGCGAGGTGCGAGTCACCGTCCAGGTGCGATCGGCGGCCATCAGCCAGCTGCCGCACACGGTGGCCACGTAGGTGAGCACGAAGATGGGCGCGAGCAGTCGCAGCACCGGCGCGGCCGGCAGGTAGGCCTCGCCAATGAGCAGCTTCACCCACGTCTCCGCCCCGAGCGCCATCGCGAGCGTCACGGGGATGGAGACGGAGACGACGCCCTCGAGCCCCCGGCGGAGGATGCGGGTGAACTCCTCCTGCGAGCTGGCTGCCGCGCGCGACATCATCGGCAGCAGCACCCAGCCGAGGATGGGCGAGAGCAGCATCGTCATGCCGGCGATGCCCCAGACGGCGCCGTAGTAGCCCACCTCTGTCTTGTTGGCGACCAGGCCGAGGATGCTCACGTCCACGCGGCCATTGGTGGCCAGCGCCGCCTCGTTGATGAAGAAGGGCAGGGCGGCCAGCAGCGCCGTGACGGTGGCGCGCACGTCCAGCCGCATCTTCAGCCCGGCGTGCTTGCGCGTGAGGTGGAAGAGGAACGCGGCCTTGAAGACCTCAGCGCCGATGAAGGGCGCGGCCAGCCACGGCAGCGGCGCTCGCAACAGCAGCACCAGCACCAGCCCGCCACCCCAGATGCACTTCATGGCGACGTGCGCCACCGACAGGCCGTCCACCTTCTCGCGTGCGTGCAGCACCGCGGCGAGGATGGCGTTGAGGCGGAAGAAGAACTGGTAGCCGCCCATGAGCAGCGCCAGGGTTTGCACCTCGGGCGGCTCGCCCCCGGCGCGCATCACCCACAGCATCGCGCCAGTCAGCCCCAGCGCGAGTCCCACCTGCAGGAGCAGCGTGCCGCCGAAGAACTCACTGGCGTGCTCGCGCCGGACGGCCACTTCCTTGCGGATGTAGACGTCCAGGCCCATCGCGCTCAGCACGAAGAACGCGCCGGAGAAGCCATCCGCCCAGTTGTAGCGACCGAAGCTCTCCGGCCCCAGGTAGCGCGGCAACACCACGCGCATGGCGAGCGCGATGCCGTACGTCACCATCAGCGACCCGCCCAGCTTGAGGGCGTTGCGCAGAGAGGTGTGGGCGTCCACCTGGGCGGGCTCGGCCCGCGGTGCCGCCGCGCTCGTGGGGGGCGTTTCGATGACGAAGTCCTCGACTGGTATGGCGGCGTGCAGTGAACGACAGCGGTGCTTCCCCGTCAAACAAACGGCTACAGGTCTGTAGGGCAGCCGGGCGTGTCTCCTATTCTTCAGGCAAAGCGCGGGTTGCGCGGAAAGACTCCAGCTGAAAGCTGGAGGGGGGATGCGCCTCATGAAGACGTGGAGACTCTGGGGACTGCTGCTCGCAGGGGTGCTGTCTGGGTGCGCGGCCTCGAGCCCCTTGCTTCGTGAGGAGGGGGCGCTCGCCGAGTCCTGTGCGGAGGCGGAGCGGGAAGAGACGGGCTCGTGCCTCAGCCTGCTGTGCGACGAGGAGGCGTGCGGCTTCTTCCGCTGCGAGGACGTGTCTGCGGCGGTGGCCGCGAGCGAGGACGCGGACGAGGTGGGTGGGGAACCCGGGAGCGTGGTGCGCACGCGCACGGGAACGGTGGGCATCCGCCTGCCCTCGCCTGTCACGCCCATGCGTTACCGGGGCTGGCCGCTGCGCCTACCGGAGGACCGCGAGCCCATCTTCGTCATCCCCTGGAAGAACCACCACCTGCGCAACCTGCTGCCCAGTCAGAAGCACCACATCTTCCCGCAGGAGTTCCGAGCCTGGTTCACGCGCAATGGCATCGACATCCATCAATGGACGATGTTCATCGAAACAGCTCAGCACAGACGCATTCATCGTGGGACAAGCGGCGGCCCTTGGAATGCGGCGTGGAGGCAGTTCACACAGGAGAAGGAAGGAAAGAAGGTGACGAAGGAAGAAATCTGGAAGTACGCCGGGGAGCTGTGCGTGCGCTTTGGCCTGATGGCCCCTTTGCAGCCGTACTACGGTCGAACGAGGCTGCCGCCCCCCATCGGATTCTGAGGAGAAGATGAGGTTCTACAAGCTGGATTCCGTCCCGTCCGACCGCATGCGCTATACGGGCGAATACAAGGCGGAACGCCCATGGGGCTTGCCCGGCGTGCATTGCCCCACGTGTGACGCAAGCTGGGCGGGTATCTCCGAAGCCTATCCGAGCGTGGATTTGTCGGGGGTGCCCGAGGCGAAGCAACTCGAGAAGGCCTGGCTCGAAGAGGACTTCTCGAAGTTCGAACGTCTGCGCGCGATGGTGCGGCCGCTGGTTCCCTCCTGGGCACGGCTGACACCCGGCACCGGCTTTGGGCCGCTCGTGGGCACGGCTCGTGGCAACTTCGCCCAGCTCTACCTGCTGTACTCCTGGAGAGTGCTCATCCGGCGTGATGCGCTAGAGCAGCTTCAGGCGGAGGGTCTGCGGGGATTGAAGGGTTGCCGCACCGGGCTGCGCTTTCGGCAGAAGAACGCACCGGAGTTGATGGAGCTGGAGCTGGAACCGCATGGCTTGTTCCACCCGGACTGTCTGCCTTCTGGCAACACCGAGCCGTGTGTGATGTGCGGGGGCTATGACTACGATGTTCCGAAGCTGCCGGTGCTCGACGGGGCCTCTCTTCCGGAGCACCTGGACATCTTCCGGTTGCGCAGTCGCGAGGGGTTCATCGTGATC
NZ_CP043493.1_gap15	296771	298787	2016	GTCCGGCCTTCTGGCGCAATGCCTACGCCGCTCCCGCTCAGCCTGGCAACAGCCCCTACGGTGCTATCTCCGGCTCCGCCGATGCCAACGGCGTGCGCCTGCCCGCGGGCTTCTCCTCTCGCATCATCGTGCGCTCCGGCTCCAAGGTGGCCAGCACCGGCTACACCTGGCACGGCGCTCCGGATGGGGGCGCCTGCTTCCCCGTCTCGGGCGGCGGGTGGATCTACACCTCCAACTCCGAGAAGGCCCTGGGCACCGGCGGCGCCTCGGCCATCAAGTTCGACGCTGGCGGCACCATCGTCGGCGCCTACCGCATCCTCTCCAACACCACCTCCAACTGCGCCGGCGGTCCCACCCCCTGGGGCACCTGGCTCTCCTGCGAGGAGTACTCCGGTGGTCGCGTCTGGGAGTGCGACCCCACCAAGTCCTCCCAGGGCGTGCTGCGCGCCGCGCTCGGCACCTTCTCTCACGAGGCCGTCGCGGTGGACTCGGATGACTACCGTCTCTACCTCACCGAGGACAGCACCAGCGGTCGCTTCTACCGCTTCACCCCGTCCTCCTATCCCTCGCTCGCCTCGGGCACGCTCGAGGCCGCTCGCGTCTCCGGCGATCCGCTGACCGGCGCCACCGTGACGTGGGTGCCCGTGTCCGCCTCCAAGCCCGCTTCCCAGCAGTCCAATGCCTCGCAGACCACCGTCTTCAATGGCGGCGAGGGCTGCTGGTATGACCGCGGCACCGTCTACTTCACCACCAAGGGCGACAACCGCGTCTGGGCCTACACCCCGGAGACCTCGCGCTTGGAGATCATCTACGACGACAACATCTATCCGAACTCGCCCCTCAAGGGCGTGGACAACGTCACTGTCTCCTCCTCCGGCGACATCTTCGTGGCCGAGGACGGGGGAGATCTCCAAATCTGCATCATCACCCCCAATCGGATCGTGGCCCCGCTCCTCCAGCTCGTGGGCCACAACAGCTCGGAGATCACCGGCCCGGCCTTCAGCCCGGATGGGAAGCGGCTGTATTTCAGCTCGCAGCGCGGCACCTCGGGCTCCAGCAGCGGCGGCATCACCTTCGAGGTGACCGGGCCCTTCCGCACGTAGGGCAAGCAGGCCTGCTTCGGGGGACTGTGGCGTATCGCCACAGCCTCCCAGAACGCCACACCGGCCTCTGTGGCGGAACGCCTCGGAAGTCCCTCGGGGCCTCTTCCTCCCAAGGCGGGGCCGGGTGGCACGTGGATCGCAATGCTCCTGACCGTGCTTTCGATGAGGTCAGTGATGACGAAGAGGGACTCCAGGTCGATGTGGCTCGTGGTGGCGGGGCTCGCGGTGGCCCTGGTGGCGAGCGCCATCGTGCTGCACCGGCAGGGCTCCAGCCTGGCGAGCCTCGTGCCCCTGTTCTTCGTGTGGGTGCAGTTGACGGTGATTCTCCTGCCCCTGCACCGCGTGCCTCGCCTGGCCACGAAGCTCATCCGCCAGCACGTGCCGCCAGACGCTGTGCGCTCGCGGTAGCGGCCCTGCTCAGGGGGTGCTCTTGGGCTGGAGGAGCTCGGTGGAGAAGTAGCGCTCCATCCGGTCCGGGAAGAGCGTCACCACCTGGGCGTGGGGGCCCAGCCGCTTCGCCGCCTCCACCGCCGCCGCGTAGTTGAGCCCCGACGAGGGACCCACCGGGAAGCCCCGGCGCAGGAGCGCCCGCGCGGTGCGCATCGCCACCTCGTCCGAGATGTTCAGCTCCACCAGCCCTGGCAGGTCCGCCTCGCGGTACAGCTTCGACAGGCCGTCCACCACGCCCGGCACGCGTGAGCTGAAGCTGCAGCACTCCATGTCACTGCCCAGCCCGGAGATGGGCCGCGCCACGAAGGGGCTCACCGGACAGCCCGCCTCCGCGAAGGCCTGGTACAGCCCCACCACCGTGCCGCCCGTGCCCACCCCGCTCACCACCGCGTGCACGAGTCCGCCTGGCACCTGGGACAGAATCTCCTGCCCCGTCCACACCCGGTGCGCTTCCGCGTTGTCT
NZ_CP043493.1_gap16	300749	304614	3865	CGAGGACGAGTGGCGGCGGCAGCGCGAGGAGAACGTCCGGATTCTTGGCAAGCCGGCGGTGGACCTCGTCGTCTGTGGCGCGGGGATCGCCAAGTTTGATCTCCCGGCGCTCTACTGCCGCTCCCTCTTCAACGAGATTGCCAGTCCGGCCGAGCTGTTCGAGGTCTTCTTCAAGGCGCGTCCCATCGATCTCGCCAACGAGGCCAGCTTCCTGTTCCCCGAGGAGCCCGTGCTCTATCCCAAGACGACTCGGGAGATGGCCGGGCGTCTGGGATTGCGAGAGCGGAAGGGCTCCAGCAAGAGCGTTTGGGACAGCTACGAGGGCCGTGATTACGGCGCCATCGAGCAGCGGACCGCGGACGAGCTGCGGCTCGTGCTCGACATCTACAAGCGCCTCCAGGGGCGGATCTCTCGCCGGGAGCCCAAGCCTCGAACGCCTTGACCGAGGGCTCAGGCGGCTTCGCGGAGTTGCTCGACGAAGCGCTGGGCGGAGACGAGCTCGACACCATGGTAGCGGGAGAGATCCTGGGCCACTGAGTCGGGCGTCTCTCCGTCGCGCAGCCGCATGCGCACGTTGTGCTCGAACGGCTCGAGGAGGCGCAGGGCCTCCTCCCCCGAGGCCACAGGCTTCGGCTCGGCGCGTCGAGGTGCGGCCTTCGCCAGCTCGCCACGCGCCTGCACGTACGAGACGAGGTTCGAGGCGAGGAAGTACCACGTCATGAAGAAGGAGATGGTCCCCCACCAACCGAGCGTCAGGTTCCGCAGGGTGTGGTGCCAGAAGGCCCGGCCCAAGCAGCCGCGGCACAGCTCTCCCTGGGTCGTGTACTCCCGGCGCAGGAAGAGCATCCCCACGTTGTGATGGAGCTCGACATAGGTTGTCGGCTCGGACTGATAGCAAAGGTCGCACCGCATGTGGGTGGGAGGATAGCCTGAGGGCCCCTGTCCAGGCAGGCCGAAGCGGCGCGGGCCCGGCAAGTCCCCTGCCTCTCGCGCCGGGGCGGGGGTCGTGAGAGCATGCGCGGGTGTTGTTGGGTCGACCCAGGGCTGGGCCATGACGATTCGCGCCAAGGTGTTTCTGTTCGCATTGATGGCGGTCGTGCTCGTCTGCCTCATGGGGCTCCATCTCTTCACTGGCGCCCACCAGAGCCAGTTGATGCGCGAGCAGGTGACCACCCTCCAGGAGCAGCTCGATAGCTACAACCGGTTGCACGCGCTCGCCTGGCCCTACCTGAACCAGCTGGCCCAGGCGCGGTTGACGCGAGCGGACACCTCGCTCGTGCGGAGCGAGCTGGCGAAGCGAGTGGAGCTGGAGATGGTGCGGCTCGAGGACAGCTCGTCCCGGCAGTACCGGTGGGAGGAGGACCGGACCGTCGAGCAAGAGCGCATGGAATTCCAGGCGCTGAGCGACGCCCTGCTGGCCTGGGCGACGTGGGCGGAGTCCCGGGTGCGCGCCCTCCCGGAGGGCACGTCGGTGGGCTCCACGGTGGAGTGGTTGCTGTACACACGGTTCGAGCAGAGCGTGGGCCCACTCATCGAGGACCTCCAGCGGGCGGAGCATGGCGAGTTGCAGGCGCTGCGGAGCCGGTGGGACGAGAGCGTGCGGTTTGGCCAGCTGCTGGCGATGTTCTTCCCCCTCCTGTGCCTCATGCTCGTGCTGGTGCTCGCCTTCGCCATTGTCACGCCCATGCAACGCTCGCTCAAGGAGCTCTCCTCCGTGGCGGAGCGCATCGGGCGGGGCGACTTCGACATCCGCACCTCCGCCACGGGGCTCGACGAGCTGAGCATGCTGGCGCACGCCTTTGACCGGATGGCCCGCGAGCTGCGCGACCTGCTCGAGGAGAAGCAGCGGCTCATCAAGGCCGAGGCCGAGACCTCCGAGCGTGAGGCCCTCCGCTACCAGTCCTTGCTGGAGAAGACGGTGCTCGCGCGCACCGTCGAGCTCGCCGAGACCAATGACCGCTTGAAGGACAGCCTCTATCAGCTCCAGGCCGCGCAGGAGCAGCTGCTCTTCGCGGATCGGCTCGCGTCCGTGGGAAGGCTCGCCGCGGGCGTGGGACACGAAATCAACAACCCGCTCGCCTACATCCTCAGCAACCTGCGCTACGTCCAGCAGGAGCTGGGAGACGCGAATGGCCCTCCGTCAGAGGAGGCCCGGCAGGAGATGCTGGCGGCGCTCTCCGAGGCCAGCGAGGGCGCCGAGCGCGTGCGCCTCATCGTGCAGGACCTCAAGGCGCTGTCGCGGCCGGATGACGTGGCGCTCGGCCCTGTGGACCTGGCGGCGGTGGTCCGGGGCTCGGCCAAGATGGCCCGGCATGAGCTTCGGGACCGCGCGAACCTGGTGGAGGAGTGCTCTGGCGTGCCTCTGGTGAAGGCCAACGCGGCGCGCCTGGGGCAGGTATTCCTCAACCTGTTCATCAACGCGGCGCATGCGATTGAGCCGGGCCGAGCGGCAGAGAACGAGATTCGCGTACTGGCCCGGGTCTCCACCCCCGGCAAGGTCACCGTGGAGGTGCGCGACACCGGCTCTGGCATTTCCCCCGAGCACCTGCGGCGCATCTTTGATCCGTTCTTCACCACCAAGCCCATTGGCGTGGGGACGGGGCTGGGCCTGTCGGTGTGCCATCAGATCATCACCGCGCTCGGTGGAGACATCCGCGTGGAGAGTGAGCAGGGTCGGGGCACGAGCTTCTTCATCACGCTGCTCGTCGCCGAGGGCTCCGGCACGCCCGAGCAGTCAGCCGCCTGACATTGGCGCGAGGCAAGGGCTTTGCGAGCGCACGATGTTCAACGCTCGGCCTCGTAAAATTCCGCACGCCCCCAGCGTCGGGAAGCGGGCATCCCCATCATGTTGTCGCAAGCCAGCCGACACATGGAGGAGGAACGAATGCCACCGCGTGGAGTGAAGAACCCGAAGCGCCAGCGCCAGTACGCGAAAATCAAACAGTCCGCGCGCAAGCGTGGGGCGAGCGAGGGGCGCGCCGAGGAGCTCGCGGCCCGTGTCGTGAACAAGCAGCGCCGGAAGGCCGGTGAGACCAAGGGCTCGTCGAAGAGCACCTCGAAGCGCTCGACGAAGAGTGCGTCGAAGAGCGCGTCGCGCCGGGCGAAGCCGGCTCGTAGCTCGCGTAGCAGCGCGGGCAGCAAGTCCCGTGGCCGTACCTCGGCGAGCGGCCGCACCGGGCGCAAGTCGAGCAGCGCGTCACGCTCGCGCAAGTCGAGCAGCGCATCGCGCTCGCGCAAGTCGAGCAGCGCGTCGCGCTCGAAGAAGTAGGCGTGGGGCTTGGCTCAGCCCCCGAGCGCTGCCTGGTACACCCCGGCAAGCGCTCGCGCCTCGTGCGCCACGCCGAAGCGCGCGCGGGCCTCCTCGGCCGCGTTGAGCCCCACCTGTCGCACGCGCTCGGGCTCGCGGAAGAGCATCCGCAAGAGCTCGCGCAGCGTGGCCACGTCTCCGGGCTCGTACATGAAGCCCGTGCGTCCGTGCTCAATAACCGCCGGCACATGCGGCAGCCGCGTCACCACCGGGCAGCACCCGCACGCCATCGCCTCCACCAGCACCATGGAGAAGGCCTCGCCGTACGAGGGGTGCACCAGGATGCTCATCCCCTGGTACCAGGGCACCACGTTCTTGTGCTCGCCCGCTAGCACCAGCTCTCCGCCCGTGGACTCGCGCAGCTTCTCCGCCCACGCCGCGTCCTTGCCCTTCGCCAGCCCCACCAGCACGGACTTCCACTCGGGGAACTCGGAGAGCAGCGGGCGGATGGCCTCCACGAAGTCACCCTGGCCCTTGTTGGGGCGCACCCGGCCCACCACCCCCACGCCATAGCGCCCACCCAGCCCCAGCGCGCTCCATGCCGCCGCTCGGTCCGCC
NZ_CP043493.1_gap17	309935	311305	1370	AGCTGTTCGGGCTGCCTCCTGACGCAACCGCGGTGGGGCCGCGATGGGCGGAGAGTGTGCCTCGGGATGACAGCACGCGGGCGTTGGCCGAGGTTGAACGCGCGTTGTCCGGCGAGACCGGCGGGCTCTATACGGCCGAGTACCGGGCCGTGGGGATTCAGGACGGCGTGTTGCGGTGGTTGGCCTCGCGGGGCCAGGTCCACGTCGGCGAGGACGGGCGCACCCGCATCCTGGGCACCGTCATGGACATCACCGAGCGCAAGCTGGCCGAGCAGCGCACCACGGCGCTCCAGGCCACCACGGCCGCCTTCGCCAATGCGCTCACCCCGCGGCAGGTGGCGGAGGCGGTATTGGCCCACGTGCTGACGTCGCTGGATGCCTACGCGGGTGCTGTCAGCATGGTGGAGGGGGAGGAGCTGGTCGTGCTCAGCAGCGTGGGGTACCCGGAGAGCATCGTCCGGCCGTACCGAGGCATGCCGCTCTCCCTGAATGCGCCTCCCGCGGAGGCGGTACGCACGGGGCGCGCGGTGTGGATTGAATCGTTCGAGGCCTTCGAGCGGGGCTGGCCCGACGTTGCCCGGCGGTTGGGTGAGAGCCGGAGCCGCTCCTGGGGCTCCATCCCGTTGAAGAACGGCGAGCGGGTGGTGGGCGTGCTGGGGTTGAGCTATCTCACGCCTCGCCGCTTCAGCGCACTGGAGAGAGCGCACCTGGAGTCGCTCTGCATGCTGTGCGCCCAGGCCCTGGAGCGGGCTCGTCTCTATGAGGAGGAGCGTCGGGCGAAGGAGGAGGCACGGCAGCGGGCGGAGCTGGAGCAGCAGTTCCTCGGGGTGGTGAGCCATGACCTGCGCAATCCCTTGCAGGCCATCTCCCTGGGCGCGCGCACGTTGCAGCGGATGGAGAAGCCCGCGCCGGAGGCCCTGTTGCGCACGGCGGGGCGCATCGCGAACAGCGCGGACAACATGGGGCGGATGATCTCCGACCTGCTCGACTTCACCCGAGGGAGGCTGGGCGGAGGCATCCCCCTGGAGCGCACGGCGAATGACCTGGTGCGGCTGTGCCACGAGGTCATCGACGAGTTCTCGGTGACACACCCGAGCAGTGACATCCGGCTGGAGGGCGATGGCTCGTGCGAGGGGCTGTGGGATGGGCCGCGCATGCGGCAGGTGCTCTCCAACCTGCTGTCCAACGCGCTCAGGCATGCGAGGGAGGGGACGGCGGTGTGTGTGCGGGCGCGGGAGTTGCCGGACGAGGTGGAGCTGTCGGTGTTCAACGAGGGCGCACCCATACCGGAGGAGCTGCTGCCGGTGCTCTTCGAGCCGTTCCGCCGGGGGATGTCGAAGTTCCGGCCGTCGGGCAGCCTGGGGCTGGGG
NZ_CP043493.1_gap18	314874	317201	2327	GTAGATGTCCTCCGGCACCGCCTCGCTGTTGGCCGTGGGGTTGCTCAGCGCGAACACCACCGGGTACGGCGTGTTGGCCGCCACCGCCTTCACCACGTCCTCGCCGAACGCCGCGCGCTGGCCGCTCAGGCCCAGCAGCACCGTCACCTTCGCCTCCCGCGCCGTCTCCAGCAGGCTCGGAATCGCGCCCTGGAGCTTCCAGCCCGCCACGCGCGACGGCTCGTGCGCGAACTCCAGCTTGTACGGCTCCAGCCCCTTGCGGTCCTTGAGGATGAGGCCCTTGGAGTCGATGAGGAAGATGCGCTCGCGCGCCTCCTTCGTGCTCAGGCCCTCGCGCTCCATGCCGCGGACGATCTGCCGCGCCACGCCCACGCCGCCCGCGCCCGCGCCGTGCACCACGTACACCTGCTGTCCGAGCGTCGTCTGGCTGCGCCGCGTGGCCGACAGCAGGCCCGCCAGCACCACCGCGCCCGTGCCCTGCACGTCGTCATTGAGCGAGGGCAGCACGTCCCGGTACCGGTCCAGCACGTCGAAGGCCTTCTGCTTGCTGAAGTCCTCCCACTGCACCAGCACGTTGGGGAAGCGCTTCTTGAGCGCCGTCACGAAGGTGTGGATGAAGTCGTCGTACTCCTTGCCCTCCATGCGCGGGCGCTTCACGCCCAGGTAGAGCGGATCATCGAGCAGCTCCTTGCGGTTGGTGCCCACGTCCAGCTCCACCGGCAGCGTCACCGCCGGGTCGATGCCCGCCGCGGCCGTGTACAGCGACAGCTTGCCAATGCAGATGGCCAGGCCGCCAAAGCCCTGGTCGCCGATGCCCAGAATCCCCTCGTTGTCCGTGGCCACAATCAGCTGCACGTCCGGGAAGGGCGTGTTCTCCAGCATCGCGTCGATGTCGCCGATGTTCTCCGGGCTCACCACCAACCCACGCGGATAGCGGTAGATGCGGCTGAACTGCTCCACCGCCTGCGCCACCGTGGGCGTGTAGATGATGGGCATCATCTCCTCGATGTGCCGATTGAGCAGCGCGTAGAAGAGCACCTCGCTGCGGTCCTGCAGGGCGCGCAGGAAGACGTGCTTCTCCAAATCCGAGCGGAAGGAGCGGAAGTTGGCGTAGGAGCGCTCGATTTGCTCATCCAGCGACGACACGTGCGGGGGCAGCAGGCCCATCAGCCCGAACTCGCGCCGCTCCTCCAGCGTGAAGGAGGTGCCCTTGTTGAGCAGGGGCAGGCGGGTGAGCACCAGCCCCGTGAGGTGCGTCTCCAGGTAGGGGCGGCCGTTCGCGTCGAACTTCTTCTCGTACTGTTTCATGGGGGAAAGCTTCGTCTTGGTTTGGGGGGGCGCTCCCTTAACGGCTTGCCCCTCGCCCCAACAAGGCCCCCTACCAGGCAGGCATAAGGGGAGGCTCGGGTCTCCCATGCATTCAGCCCACGACGCTGTGTGCCAGCGCATCGTGTCAAGAAGGGCGTGACGGATTCGTGGCGCGGGGGGTTGGGGCTGGAGAGTGCCCGTCGGCCCGCCTGGTCTAGGAACGCTCTCGGCGGTGGAACTGGCTCTCCGAGAGGGGCGCTGCTTCAATCCGCGCCCTTGTCGCGCAACCCACCGAGGTGTCGATGAACGCTCGCGTCTGGAGAATCGCCCCCCTGCTGTTCGGGTCGGGGTTCTGCGCGCTGGTGTACCAGACGGCGTGGCAACGCGAGCTGCGGCTCATCTTTGGGGCCTCGACGGCGGCCTCGGCGGCGGTGCTGGCCATCTTCATGGGAGGGCTGGGGCTGGGTGGGGCGCTGCTGGGCTCGCGCGTGGACCGGGATCGGCGCCCGCTGGCTTTTTACGCGAACCTGGAGTTGCTGGTGTCGGTGAGCGCGGCCGTGACGCCGCTGCTGGTGTGGCTGGCGCGCACCCTCTACGTGGCCCTGGGCGGCACGGTGGCGCTGGGGCTGGGGTTGGGCTCCGCGGTGCGGCTGGTGCTCTCCGCGCTGGTGCTGGCGGTGCCCACGCTGCTCATGGGCGGCACCCTGCCGGCGGCGGCGCGCGCGGCGGAGACGCCCGAGGACGTGAGGCGCCGGGCGCTCGCGGTCCTCTATGGCGTCAACACGCTGGGCGCGGTGGCGGGCGCGACTGCCTCCACCTTCTTCCTCTTCGAGGTGTTCGGTACCCGCTCCACGCTGTGGCTGGCGTGCCTCGTCAACATCCTGGTGGCCCTGGTGGCGCGCACGGTGGCGCGCGGGCTCCCCGAGCAGGAGGGCTCCGCCGCTCCGGCTTCCGAGACCGGGGCCACGCCCGCGCCCGAGACGGTGTCCGCACCGGCCGCACTGCCTCCGCGCGGCTTC
NZ_CP043493.1_gap19	361483	362899	1416	AAGCCGAGTCGATGAAGGCCGTCAGGTATCCCACGGGCGTAGTGGCGAAAGCAGCCCGGCCTGGGTGAGGCGCTCGGCCACGTCGCGCGCCAGCTCCACGTGGGCGGGGTTGGAGGCGGTGAAACGCTCGGGGGTGAGGATGACGAGCGTGCCCTTGTCCTCCACGGGCTCGATGTGGACGGGCGGGGGCAGGGGAGGCAGCGGGCCGCGCCGGTGGGAGAAGTACATCAGCCAGCCGATGAAGGCGCTCGTTTCGGCGGATTCTGGCACGACCATGGCTCGATGTGCCTGGGAGGTGGCAATGCCCCATTCGGGCTCGAAGGCCACGGCCATGGCTCGTAGTATCCGGGCGAGCACGGGGGCTTGAAGCACGCGCTCCTTCGCAGGGCCTTCCTCTGGTGGATGGAACAGACAGCGGTTGGGGACCCAGACGGACGCGTCGCCACAGAGGAATGACATCGTGCTTGCTGCCTCGTGGGTCTGCCCATTCCAGCCCCTCAACGAGAAGCCTTCGTCAGTGAAGCGACCTTCCTTCTGCGCTTGCTGGTTGAATACCTCCGCGAGACTCTCGGCATCGGATGCAATGCGATGCTTCAGCGCCTCTTCGAGGGTCCGGCCTTTTTTGAACCAGAGAGCGAGGCTTGGGTCGCATGAGGCCAGTAGGCGGAAGAAGGACTCGGCACGTTGTGCACAGGCCTCGGCCGACTCTCGCCGTGCCAGCCAGTATGCTCCGACATAATAGGTTTCCTTCATTCTGCGTACTCACTGGATGGGGAGAGGGAGGGTAGGGATGACCTTGATTCTGCCAATGAGCCTTTCCTCCAAGAGATTGCGCACGAGGTCCGCTACCTCGCGTTCGGCGAAATGCCACTCGATGGGAGTGCCTTTGGCTGCCCTGAATTGCCTTTCAGCCTGATCGAGCATCTCTTCGAGACCGTCGAACCATTGTTTGCCCTGCATCTTCCTGAGGAGTTCCTGGTAGCCGGGACCTTTGACCTCGAGGAGCACGCCGTTCTTGAAGCCGTCGAAGTCCACGAAGTCCTTGGGCCCCGGGCCTGTGCGGACTCGGTAGACCCAGCCCTCCGGAGCGCCCGTCAGCTGGGATTGGTAGCGTTGGGCCTCCTGGGTCATGCGCTCCCTCTTCTTCGTCCATTGGCCTGGGCCCGCGGGAGCGGGAGGCCAGGTGCTGTTGCCTCCAGAGGCGTTGCCGCCCTGCGCCATGAAGACGATGGAGACCGATGTTGCGCCGGCTCCGACCGCGGTGGTCATGGCTCCAGTCGGTATCGCCACCTCGCGCACCGCCAGCACGCCTCGGGCAGACACGGTGAGCACTGGCAGCCGAGAGGCGGAGGCCAATCGCGGGCCCACCGTGGCCGCACCGCCCTGGAGTGTCAGCACGTGCATGGCCAGCCTCGC
NZ_CP043493.1_gap20	364433	367816	3383	CCGCGAGCCCGTCCGGCACCGCGCGCGGCATGAGCGCATCGAAGGCCGCGGCGCTGGACCAGCCGCTCTCCGTCCACCCGGTGAGTGCCAGCGTCAGCGTGGCCGGGCCCAGGTCAATCACCCAGAACACCGGCAGGCCCGGGCCGAGCATCTGCACGCGCACGCCCTGCGCATGGGGCAGCAGCCTCGCGAGCGCCGCCAGCCGCTGCCGTCCGAAGGTGCGCACCACCGCGGGCGTGCTGCCCTGGTACTTCGGCCCGTGGCACTCCAGCACCAGCTCCCATGGCTCCAGCACCAGCCTCGGCTGCGCACCGGGGACGAGCTCGAAGCGCAGCGCGCGCGGTGCCTTCTTCGCCTTCCGGGTGCGCAGCGCGAAGAGCAGGTTGTACAGGTCGATCGGCGCCAGCGTGCAGGTGCTCGCGGGCAGGGTGGCGGCGGACTGCACCTGGAGGAAGCCGCGCAGCCAGGCGTGGGGCACCTCCACGTTGCGCGGGGCGCGGGTCTGCTCAGTGTTCCGCGCAGGCAGGGCCACGTGGGCCTCCAGCGACACCGGCACGTAGGTGCGCAGCCGGTCCACCTTGGCCAGCAGGTCCGCCGGCACGTCCAGGAAGGTGGAGCCGTGCGCGACCTCTCGGCCCTCGAAGAGCGAGTTGTCGAAGGTCAGGCGTGCGTAGGCGCTCTCGTCGCGGGAGAACACCTCCAGCGACACCTGATCCGGGTCCACGGTGAGCAGCGGATCCAACACCGCGTCCGCTTGCTTGTCGCCCTCGAGGGACTGCTCCAGGAAGGCCTTCTGGGCCTCCCAGATTTGAGCGGTGGCGCGCTTGCCCTGCTTCATCAGGTAGGCGAGGTACGCGGTGCGGTCCTTGCCCCGGTAGCGCAGATCCGAGGCGAGGATGCCCAGCGTGGCGGCGAGCGCGTCGCGGAAGAGGGCGGGCTCACGAACCCGGCCGCGCACGCCCACCGTGCCACGAGAGCCCTCCAGGGCGAGCAGGACGCGCGAGGCGTCGGCGACGGCGTCCACGTCACTCGTGGTGGCGTAACGCAGCTCGACGGCGTGATGGGTGGCGGTGCTCACGACGGGCTCCCTTCCTTCTTCCGAGCGCGCTCAGCGGCGCGGAGTGCTCGTTTATGGGCGCGGTAGGCGGCCTTCCGCAGCTCCACGGATTGCGACTTGTCGAAGGCCTGGCCGCGCAGCAACTCCGCCGCGTCGGTCCCTCCCAGGCGGCCCAGCGCGGCCCACGTATCCTGCCGCACCTGCTCGTCCTTGTGGGTGGCCAGGGGGCGCAGCGGCTCCAGCTCCTTGCCGGCCAGCACCGAGGGCAGGGCCATGCGGCGGGCCTCGGAAGTGGCGAGCTGCTTCGGGCTGCGCACCGTCGCACCCGCGGCGCCCGTGGCCACCGGATCGAACGGCTGCACCGCGAGCGCCCACTCGGCGGCGCGCTCCGGGGCGATGCGTGCCAGGGCGGTGGTAGCGGCCTCGCGCACCTCGGCGTCCGGGTCGGAGAGCGCGGCACGCAGCGCCTCGGGGGCCGTGTTCAGCCGGCCGAGCGCTCGGGCCGCTTCGAGGCGCACCGCGGCGGGAGCCTTGGCCTCACCGCCCTGGAGGATGTCCTTCGCGGCCTTGGCCAGCTCCGTCACTTCCAGGCGAGAGCCCGCCCACAGCAGCCGCTCCCAGGCCTTGGCGAGGGGCTCGCGCTTGGGGGCGGGAGTGGCAGCCCACTCGGAGGCGGTGCGGCGCTCGGCGGTGGTGATGGAGCGGCCCAGCGTGGCGCGGTCCTCCGTGGACCAGGCGCGGGTCGGGTCCTGCTCGCCGGTGCGTGCGCCCACCAGCCACGCGGCTTCCTCGCGTGCGGAGGGCTTCTCATGGCCGAGCAGCATCGCGAGCGCTCCAGCGGGCAGCGATGCGCGCCGCACGAGTCCCCGGCGCAGCCGCTGCCGCAGCTCCTCCTTGTCCAGCGTGGCCAGACGGGGCAGGAGCTGCATCGGATCCGCCTCCGTGGCGAGGTAGCTGGCGGCGGGCTCGGAGATGTCCTCCTGGTCGCTGGCCACGGCGAGGAACTCCACCCGGATGCGGTCCTTGGGGAAGAGCGCGTCGAGCGCCTTGCGCGCCTCCTTGCGCAGGTCGTCATCCCAATCGTTCAACACCGAGGCCAGCGCGCCCTCGGCCGCGGTGTCTCCCATCCTGCCCAGCTCCTGGGCGGCGGTGGTGCGCACCTCGTTGTCGGTGTCGTCGTCGCGCAGGAGCGTCTCCAGGCGGGAGCGTGCCCGCTCGCCGCCGATGAAGCGCAGACCCCGGACGCCGGCCTTTTGCAGCTCGCTGTCCTGGGCCTCCAGCGCGGTGAGCTCCACCTTCTCCTCGACGCGGCGACGGTCCTCGCCCTCGGGCAGCTTCGGGGCGAGCCGGCCCAGGCCCTCGAGAGCCGCGGCCACCATGCTCGTCTCCACCGGGGCTTCGGGCGTGCCACCGGCCGCCACCTGCTCCAGCTCGGACAGGGCGCGTGCGTCACCCAGCGTGCCGAGGGCCAGCAGCGCCCGCTCGCGCTCGCCCTCCTCACCCGCGCGCACGTACAGCAGCAGTGGGCGCAGGGCGCTCGTGCGGCCCCGAGAGGCCACGCCCTCGGCGGCGGGCAGCATCAGCTCGCGGGCCCCGCCGAGCAGCACCTCCTCCAGCGGCTCCACCTTCGCGCCCTTGTTCATCACGCGCGAGGCGTAGCGCGCCACCGACTCCATGCGCACCGTCACGTCCCGGTCCGCGAAGAGGCTGCTGAGCAGCTCGTCCTGGCCCACGTCGTCGCCCTGCTCCAGCTCGGTGGCGGCGGCCTTGCGCACCATCGGGTCCGCGCTGCGCACGGCCGCGCGGAGGAAGCGCATCGCTAGGGCTACGTCGCGCTTGCGCTCACCCTTCTCGTCCTTCTCGGGCGGGGTGGCCACGTCCATGGCCGCGCTCACGCAAGCATGGCGCACGAAGGCAGTGTCATCGTCGAGTTGCCGCGCCAGGGCGTCCACGGCCTCGGGGCGACGGGTGCGTCCCAGCGCCTTCACGAGGGCGAGGCGCTCGGTCGCTTCCGTCGCGACACGCAGCCGAGCGGCGAGCGCACCCACGGCGGCGGCCGAGCCGAGCCGAGCCAGTGCTTCCTGTGCGCGCTTCACCGCGGCGGCGTTCTCCGAGCGTAGGAAGGCAGCGAGCACTTCCACTGCCCGGTCATCCTGACGCCAGGCCAGCAGCTCGGCGGCGCGCAGACGCAGCTCCTCGTGCTCGCTGCCCGCGGCGCGACCGAGGGCCTCGGTGACGCGCGAGTCATTGGCACCGGCGAGTCGCTCGATGACGCCCACGCGCAGATCCGCGTGCTCGCTGCCGAGCGCGGCCAGCAGGGGCTCCA
NZ_CP043493.1_gap21	390031	391224	1193	GACTGCCTGTCGAGCTGGGCCCCGTAGCGCGGGGCTGAGTCGTGTCCAGATTGTCCCCCGCCAAAGGCCCACGCGTTGGCTTGCAGAGAAAGGTGCCCGTTATGCGTTTCAGTTTTGAAAAAAGATTGCACGGCCTTCAGACGCCTCCCGTCATCTCTCGCTACTTCTCTGGGGAGGGACAGGCGGACTGCATGCCTCCTGAGACGTTGGCCTGGTATCAGCGCGAAGCCCTCGAGGCCGTGGTCCGGCGCGCGTATGACCATTCTCCCTTCTATAGGGAAAAGATGCGCCAGGTTGGGGTCTCGCCTGACGACATCGAGTCGCTGGAAGACATCACCCGGCTCCCTTTCCTGACGAAGGACGAGCTCCGCGGGAAGCCCTGGCTCCTGCTGACCTGCGACAAGAAAGACGTCGTGCTCATGCAGGTGTCCACCGGGACGACGGGCGGTGAAGAGATTTACATGGCGTACACGTGGAATGACTACCTGCTCAATGATCTCTCCCCGCGGTACACCAAGCTGTTCCCAGTCGGACCTGGCGACGTGTGCCTCAATGCCCTTCCGTACGAGATGAGCACGGCGGGCCTCGCCTTCCACAAGACCTTCATGGACGGCTACCAGTCCACGGTCATCCCGGCCGGGAAGGGTGGTGCGTATTCCACGCCTGCGAAGACGCTCAAGATGGTCCGGGATTTGCGTCCCAACGTCGTCGTCACCAGCCCCTCCTGGTCCATGATCCTGGCGGAGGAGGCGGCACGAGGCGGGTTCGATTTGACGAGTCTGGGGATGAAGAAGATGTGGTTGACCGGCGAGGGATGCTCGCCTGCCTTCCGCAAGCGCGTGGAGAAGCTCTGGGGGACCACGGCCAACTACTTCTACGGCTCTCTCGAGTGCGGGATGCTCGGCATCGAGTGCGATGCCCAGAGTGGGTACCACCTGGCCCAGGCCCACGTCCTGATGGAGATCGTGGACCCCAAGACCGGGGCACCGCTGCCGCCGGGAGAGATTGGGGAGATCGTCGTGACGGCGCTCCTGCGCTACGACAGCCCCATCATCCGGTTCCGCACGGGGGACTTGGGGTGTCTGGAGACCGCCCCGTGCTCCTGCGGCTCCACACTCACCCGGTTCCACATGAAGGGCCGCGCGTTCGATCAGATCTACTTCCGCGGCAAGCCGTTCTCCCCCTTCTTCGTG
NZ_CP043493.1_gap22	393157	397800	4643	GACGTCGACCCTGCGGATCCGCGGCAGGGAGGATGACCTCCTGTGGGTGAAGGGCAAGCCGTTCGATCTCTGGAAGTTGGAGGAGATCGTCTCCCAGCTGCCCAGCCGGCGCTTCTGGAGGGTGAATACCGAGCCAGACGGGCGGCTGCACTTCGTGGTGGAGAAGGAGCGGGACGGGGACGCGCTGATGCCAACGCTCCTGTCCCGGTTGGAGGAGCACCATGACGTCCGATTGAACGTGGAGCTCGTCCCCAAGGGGACCCTCTATGACCGCAAGGAGCTGATCTCCTTCGGAATGGCAGGCAAGCCGATCTACGTGTCCACGTCGCAGCAGTAGCCGGAGCAAGGATTCCGTCCGCGGTACTCATCCCGGCAAGACATACGCCGCGGGCGGTACACATCCAAGGGAGCGCCGGGGGGGAAATACAATCATGACCACAAACATCAGCAACAATGTCACTGACGCCGTGTCCATGCAGAAGCGGGAGCGCATCCGGCTTGAACGCATCGAGGGCGATCGCAACCGCGTGGAAGACGCGAGCGCCCTCATCGTCTGGTTCGACACGGCCGGCCTGACCACTCCCAATGACAACGCGGGGCTGCTCGCGCGGGTGGTCAACCTGTCCTACACCGGCGTGCTGCTCTACCCGGACAACATCGAGGCGCTCGCGCCCGCCATCCCGGCGCGCATGCTCAAGGTCTTCAACGCCCGGAGCATCGAGGACCTCGAGCGGCTGAAGTCCCTGAAGCAGCTCGGCGGGGACGTCGTGGTGGCCAGCTCCGAGCACACGGTGCTGCAGAAGGCCGCGGAGCTGGGGCTGAAGACGTGCTTCCGCTCCTACGTGGATGACGGGGCCAGCTTGCACCAGTCCATCCAGGACGGCGCCAGCCACGACTACCTCATCGTCCGCTTCAGAGACCCGACGAACATCCCGCTGGAGCTGGTGATCGCCTCGCTGCAGGCCACGCACACCGTGCTCATCAAGGAGATCAACACGCCGACGGACGTGGATGACGCCATCGTCACCCTGGGCGTGATGGAGGTCGGCGCGGACGGCGTCATGTTCTCGCCGCGCTCCCACGAGGTGCTCAGCGAGTTCACCTCGCGGCTGGGCAAGCTGGAACGCTCGGACGTGAAGCTGGAGGTGGCCACCCTGGTGCGCAGCGTGCCCGTGGGCATGGGCTACCGCAGCTGCATCGACACCTCGACGCTGTTCTCCCCGACGGAGGGCATGCTGGTGGGCTCCACCTCGCAGGGCGGAATCCTCTGCTGCCCGGAGGTCTTCTTCCTGCCGTACATGGAGCTGCGTCCCTTCCGGGTGAACGCCGGCGCGGTCCACAGCTACGTGTACAACTTCGGCAACCGCACGGACTACATGAGTGAGCTGCGCGCGGGCTCGCAGATCATGATCGTGGATCGCACCGGCAAGGCGCGCCGGGCGAGCGTGGGCCGCATGAAGACGGAGGTCCGCCCCCTGCGGCTCATCGAGGCGGCGTTCCAGAGCGGCGAGCACATCAACATCCTCATGCAGGACGACTGGCACGTCCGAATCTTCTCGGATGACGCCAAGCCGCTGAACATCACCGAGCTGCGCCCCGGTGACAAGGTGCTCGCGCACCTGGCCCGGCCCGGCCGCCACGTGGGCATCAAGGTCGACGAGCACATCATCGAGACCTGAGAGGTGCATCGCGCGGCACCTCTTCATCTAGGGATTTGGAGGCTGAAAAAATGAATGGCGTTGCCAAGCAGATCCGCTGGTCGCACTTCCTGGACCGGCGGAGTGGTAGGGGGATCATCGTGCCCATCGATCATGGACTGTCGATCGGGCCGGTGGAGGGGCTGGCCAGTGTTGAGCAGGTGTCCCGCTGGATTGGGCACCCGGGCATCACGGGCATCATTGCCCACAAGGGGATGGTGGATCGGCTTGGGAGCAATGAGTTGTTGAAGGGCATCGGCGTCATGGTCCATCTCAATGGCATGATGTCGTTGGCCTCGAGCCCGGACCGCAAGGAGCGGTTGACGTCGGTGGAGGCGGCGCTCCGGCTCGGGGCGGACGCGGTCTCCCTGCAGATCAACTTCGATGGGACGAACGACGCCCACAACCTGACCATGCTCGGGACGGTCGTGGACGAGGCCCAGCGCTACGGCCTGCCTGTGCTGACCATGCTCTATGACAAGGTCCCCAGCGACAAGCTGGAGCACCGGCTGGCCAGGCAGCGGCACCTGATGCGGGCCTGCGTGGAGTTGGGGACGGATGCACTCAAGCTGGCCGCCCCTGATGATCTCTCGCTGATGCCCACGCTGTTGGAGGGCATCGTGGAACACACGGCCGTGTTCTTCGCGGGAGGGGCGGTGCGCTCGGAGGAGGAGATCTTCTTCCTGGCGGAGGAGGTGGTGCGCTGCGGCGCCACCGGTCTGTGCGTGGGGCGTAACATCTTCCAGCGGGAGTCCGCTCGCGCCACGCTCACCCGCCTGCAGGAGATCATCCTGGGGAGCCGCGGGCTCATCGACGGGGAGCCGAGGCCTCAGGTCTCCTGGGAGCACCCGAACCAACCGAACCAACCGAACCGTGCCCACGTCCAGTGGTCCCCGGTGGTGGAGGAGGTGGTGAAATGAAGCCCACGGTGATTGGGTCGCCGCTGGGAGGTGGCGTGGTGCCGCTAGGTCAGCGGCGGCCCCTGATCGTCAAGAAGTTCGGGGGCACCTCGGTGGCGGGGATTGATCGCATCCGAAGGATCGCCCGCATCGCGCTGGAGTGCCAGCGCGCCGGCAATGACGTGGTGGTGGTGGTGAGTGCCATGGCGGGCGAGACGGATCGCCTGTTGAAGCTGGCGCACCAGCTCCTCCCCTTGCCGGACTCGCGGGAGCTGGATGTGATTGCCGCGACGGGGGAGCAGGTGTCGGTGGCGTTGACCGCCCTGGCCATCCAGGCGGAGGGAGGACAGGCCTTCTCCCTGCTGGGACACCAGCTCCCGGTGCTCACCGACAAGGCCTTCACCCGGGCTCGTATCCAGTGGGTGGAGCAGGGCCCCATCCGTCGGGCCCTCGCGCGAGGGCAGATCGCCGTGGTCGCTGGCTTCCAGGGGGTGGATGCCGAGAACAACATCACCACCCTGGGACGAGGCGGTTCGGACACCACGGCGGTGGCGGTGGCGGCGGCGCTGAGGGCGGACGTCTGTGAAATCTACACGGACGTGGACGGGGTCTACACGGCAGATCCCCGTGTCTGCCCCTCCGGCCGGAAGCTGAGCGCCGTTTCCTACGAAGAGATGCTCGAGTTGGCGTCCCTGGGCGCCAAGGTCCTTCAGGTGCGCAGTGTGGAGATTGCAATGAAATACGAGGTTCCCGTGCACGTACGCAGCTCGTTTTCGGAGGAGGAGGGGACGCGGATTCTTCCGCGGGAGCAGGTGCTCGAAGCCAGGAGGCTGTCGGGCCTGGCCTGCGAGCGGGGACAGGCGCGGGTGGAGCTGCTCGGGGTGGAGTGCAGCCCGGAGCAGGTGGCGGAGCTGACGGACCTGCTGGCCGAGCTGAACGTGAGCGTGGACATGCTCTGCCATGCCCGCTGCTCGCCGGAGAGCACCCAGGCGAACATCAACTTCACCCTTCCAGAGGGAGACCTCCGCCGCTCCCTGCAGTCCCTGGAGCAGTTCACGACCCGGCTGGGGGCCCGTGAGCTGCGGGTGTCGGACGGCCTGGCCAAGGTCTCGTTGGTAGGCATTGGCCTCCGCTCGGATCCGGGGATCGCCGCCCGCCTATGCCGTTGCCTGAATCAGCACGGCATCTCCGTGTCGGGCCTGGTGGTGAACGAGCTGCGGGTGAGCTGCCTGGTGGATGCGGCGGCTGCGGACCAGGCCGTCCGCCTCCTGCATGACCTCTTCGGGCTCGCTGGCGAGGCGCCCGTCATGGAGCCCATGACCTCCAGCGCTCCGGCCTAAGCCGCGGAGGCATGGCGCTCTCGCACCGGGCTGTCCGGCCACTCCCTGCCGGGCAGCCCGGTGTGTTTCAGGCTCAGTGCTGGTGGTGGTGTCCGCCGCCCCCCGAGTCGGGCGGCACAATCTCCTGCAGCTCCATCATGCCCAGGTCCTCGTGGTCCAGGATGTGGCAGTGCATCACGAACTTTCCAACGTAGCGCTCGTAGCGAGTTCGCAACCGGACGGATTGGTTCGCACCGACGAAGAGGGTGTCCTTCCAGATGTGCTTCCCGTTGCTCATCATCACCTGGAAGGGATTGACGTGGATGTGGAAGGGATGGCCCTGGAAGCGCGACGAGGAGACAATCCACTCCTCCACCTTTCCGAGCACGAGCCGCCGGGGAGGGGCGTTCGGGTCATACGGCTTGCCATTGATGAGGAACCTGGGCGGGTTGACGCTGAGATCCATGTCGAACTTCACCTCCTGGGTGCCGGTGAGCTCCTCGTTCTTGATGCCGTCGAAGGGCACCAGCGAGGCGAGGGCCCGCTCATCGGGCAGCGACATCTGGACGCTCTGGCCCTCCACCACGACGCGAGCCAGGACCTTGCGCGTCTCGGCTCGACCATTGAGAGCACGCTCGGGAGGGCTCGCCTCGTCTATCAGCAGGTAGGTGTCCGGCCTTTGGTCGGCCTTCACCATGATGTCCACCCGGTAGCCGGGGAACATCTCC
NZ_CP043493.1_gap23	407935	409670	1735	GCCAGGTCCCCCGAGGTGTTGTTGGAGGCGGTGTGGTGCAGGATGATGCTGTCGATGTCCGCGCCGTTGCGTGAGCCGTAGTTGGCCGAGGGCACCCACTTCATGTCCGGCTTCGTCACCTTGCCGGGGGCGGGCGTGGACGGAGCGGGCGTGGAGGGAGCAGGGGACGACGTGGGCGGCTTCTGGCCAGCGAGCGCCTTCTCCAGCGCGGCCTTCGTCTTGGGGCCGTACTCACCGTCCACACCGAGCTTCCACGTGGACTGGAACTTCTTCACGGACGCCTCCGTCTGCGGGCCGAAGACGCCCGGGCCGGAGTTCATCTGCGTCTGCGTCATGAAGCCCAGCTTCACCAGGGCCGTCTGGAGCTGCTTCACCGCGGCGCCGCTGTCGCCGCGCTCCAGGCCCGCCGCGGGAGCAGTGACGGAGGTGGCCGGCTTGCCAGGGGTGAGGTCCTTGATCATCTCGGCGCGCGTCTTCGGGCCGTAGATTCCGTCCGCCGTCAGCTTGTTCGCGGCCTGGTACTTCTTGAGCGAGGCCTCCGTCTGGGGACCGAAGGTGCCCGGCCCGGTGTTCATCTGGGCCTGCGTCATGAAGCCCAGCTTCACCAGGGCCGACTGGAGCTGCTTCACCGCGGTGCCCGAGGCCCCCTTGGCGAGCGTTCCCGAGGGCAGGGTGGGAGCGGACGAGGCGGCGGCGGTGGTGCGGAGGACGTTGGGGCGGGACGAGGCGGAAACGGTGCTCACGGGGTCAACTCCGGAGGGGGGAGCCGGGGGGGCGCACTGAAAATCAATGACAACGGTGGAATTGTCGCCGAAGCGCCACGAAAGTTGCGTCCCCACCTTCTCCCACCGTCTCACAATCTGGAGCGTCCCAGACGCCATGTCCCACGTGGGTTCGCACGGAGTGTGGCTGCTCGGGGAAAACACAGCGGGGCGCGGCCCGTGTTGGCGCCGCGCCCCGCGAGAAGGTCCTGCGCTGCCTGGGTGAGCGCTACTTCGCGATGAGGACGATCAGCCCGCGTCCGCACACGGTGTAGCCGGTGTGCTCGCCGCCGATGAGCGCCTCGGTGCCGGGGCTGGCCACCTGGTTGGAGCCCTCGGCCCAGTTGCAGGTGTCCGTCACGCGGTACCAGTTCTTGCCCGCGAAGGGCCAGGGCAGCTTGAACTCCACCGGCTCGCTCCAGCCGTTGTAGGCCACGTAGATGGCGGCGGCCGGATCGCCGAACTCGGTGCCGTCGATGCGGAAGGCGAGCGCGTGGTTGCCGCTGTTGCCCATGTACGCGGTGTCAGCCACGGCGCCGCTCGGCTGGAACCAGCGCATCTGCTCCATCACGTTGCCGTTGGTGTCCGAGCCGCTGAAGAAGTTGGCCGGACGCAGCGCCGGGTGCGCCTTGCGGAAGGCGATGAGCCGCTGGGTGAACGTCTTGAAGTTCGCCTGGTCCGTGTTCAGCGCGTAGTTCAGCCAGTTGGCGCTCGAGTCCAGGTTGTACACGTTGTTGTTGCAGTACTGGGTACGCAGGAACTCGTCGCCGCCGGTGAACATGGGCGTGCCGGCGCTCATCATCAAGAAGGCCATGCCGTTGCGCGCCGCCTTGCGCTGATCCGCGGCCACCCCGCCCTGGTCCCAGCTGTGGTTGTTGTCCTCGCCACCATCCGACGGGCCGTAGGGCCACGGCTGGTTGTTGTTCTTGCTGTTGCAGCTGTAGAGGTCCTTCAACGTCATGCCGTCGTGGGCG
NZ_CP043493.1_gap24	417229	418645	1416	GCCCCTGCGCGAGCGGCGCGAGGACATCCCCCTCCTGGTGGAGCACTTCGTCGCCCAGTCGCGCAAGCGCAACCCCCGCGCGCGCCTCACCGGCTTCACCCCCGAGGCCCTCGCCGCGCTCGCCGCCGCTCCGTGGCCCGGCAACGTGCGCGAGCTGGAGAACCTCGTCGAGCGGCTCGCCGTCGTCACCGTGCAGGAGACGGTGGACCTGCCCACGCTCCAGCTCCACGCGCCCGGTGTGACGGTGGATGCCCATCCCCTGTCACGCGCGCAGGCGCGGATGATTCCGCTGAGACAGCTCGAGGGCGAGTACATCGCGTACGTGGTGGCGCAATGCGGTGGCAACAAGACGAAGGCAGCGGAAATCCTGGGCATTGACGTTTCCACCATTCACCGCCGCGAGCGGGAGCGGAGCGGAAACAGCGCGTAAGCGCAGGCGCGGTGATAACACTTCGGGTCTCTCTTCTTCGTTGGAGGCCCGACATGTCCCTGCCCGGAAACGCCACATCTCGAATCCTCCTCATGGGCGTGCTGAGCGCGTTGTTCGTGCTGGTGAGTGCCTGTGAGCCGAATCGGCCGCCACCGCTCGATGGCAACCCACCACCTCCGCCGGTGAAGAACCCCAGCGACAATCAAGACGGGGGCACGCCGTCGGATGGTGGGCTCGTGATTCCCAGTGATGGCAGCTCCTTCGCGGCGAAGCCCTCGTGCGAGAGCGGCGCGACGTGCGAGGGCGCCTGCCCAGACGGCAGCACCCGCTGCGCGGGCAACTGCGGCTTCCTGGCCCCCGTGGAGTACGCGTTCGCCGGGGACCCGACGGCCATTGCCGTTGGCGATCTCAACGATGACGGCCGGAGCGACATTGTCACGGCGAACAGCGATGGCAGGGCGGTGGCCGTCCTGCTCAATCAGGGCGGGGGCCGCTTCCAGAAGCCCAGCCTGTGGATGGCCGGTAAGGATCCCTCGGCCGTGGTGCTCGAGGACCTCGATAGAGATCGTCATCTGGATGTGATTGTCGCCAATAGCGGTGACTCCACCCTCGGGGTGTACCGGGGCAAGGGCAATGCCTCCTTCCATGCGCCGGTCACCTACGCGGCGGGAGGACTGAACCTCGATGACCTGGCGGTCGCGCGCTTCGGCATCGGGCCGAAGAGCATCGCTCTCGTTCGCGGGTCCGCAGACAAGGTTTCCCTGTTCGAAGTGAAGATGGATGGCTCGTTGATGACGGCGGTCGACTACCCTGCGCCCTCGAACCCCCATGCGATGGCGGTCGCGGACTTCAATGGGGATGGCCGGTGGGACATCGCCCTCTCCCACCCATCCAAGTGTAGCGCGCCGACGGACAAGGACTGCCAGTCGGTGGGCGTGCTGTTGAACAACGGGAATGGCACGTTCCAGGAGCAGCGCTTCACGTCC
NZ_CP043493.1_gap25	562471	564467	1996	CCGTCATTGCGATGGTGATGGGCCACACGCTGGATGCGGTGCTGTCGGACGCGGCGCGCGGGAGTACGGGCATGCTCGCGTACTGGTCCATGCGAGCCGTGACGGCGCCGCTGTTCCTCTTCGTGGCGGGGTGGGCCTTCGCGACGACGGTGCAGCGCACGGGCGCGCACGGCCCGGACGTGCTGCGCCGGTACCTGCCGCGCGTGGGGTTGCTGCTCGGCTGGGGCTACCTGTTACGTTGGCCCGGTTGGGGGCTGCCGGCGCTGTTCGCCGGGGACCTGGCGGTGTGGCGGCACTTCCTGGCCTTTGATGCGCTGCACGGCGTGGCGGGGGCGCTGCTGCTGGGCGCGGGCGTGCTGGCGCTGCTGAAGGGGCGGGCGGCGCGGATGGCCACCCTGGCCTTCCTGGCGGTGCTCTTCCCTTGTGTGAGCGCGGGGTTGCGCGCGGTGGTGGAGGCGGGCGGGTGGCCGCTGGTGCTGGAGCAGGCGCTGGTGGGCAGGACGTCCAACTTCCCGCTCTTCCCGTGGTCGGCGTACTTCTTCGTGGGCGGCTTCACGGGGCTGGGGCTCGCGGGCGTGAGGCGGGTGCCGCACTGGCTGTGTCTCATGGGTCCGGGCACCGTGCTGCTCGCGCTGATGGCGCTGTGGGGCGGAGACCCTCGGGTGAGTGAGCCCACGCTGGTGCTGTGGCGGGTGGGCCTGCTGGCCGTGGTGGCCGGGCTGGCCATGCTGCTGCCCTCGCGGCTGGACGGGCTGATGGGCCCGGTGGGCCGCGCGTCGCTCTGGGTCTACGTGGTGCACCTGCCCATCGCGTACGGCTGGTCCACCTTCCCGAGCCTGGCGGGCTGGTTGGGACACTCGCAGGACGTGTTGCCCGCGCTGGGTCTGGCACTGTCGGTACTCGCGGTGTCACTGGGAGTCGCACTGCCCGCGAAGAAGTTCTACGGCCGTTGGCGCCGCAGGGCCTCCGTTCCTGATGCGTCCGCCGCGTCCGCGGTCGTCTCCGAGCCCCCCGTGTCGGGCTGATCCTCTCGTCTTTTCGTATACTGAAAGACAGTCGCGCCACCCCGCTTCAGAAGAAGAGGCTTCAGGAGTCATGTCGTCGCATCGGTTCGCCATGTTCCTGGCGGTGGTCCTCGTTTGCTGGGGCGGCGACGTGGCGCGCGCGGGGGAGCCTCTGGGGCGCATTGGCTTCCGGAGCTACGGCACGGATGCCGGCATCGAGAACCAGGACATGTCCTGGGTCTTCCAGGATGGGGAAGGGTTCGTGTGGGTCTGCGCGGCGGACGCGATGTACCGCTTCGACGGCGAGCGCTTCGAGCGCTTCGGGCTGGAGGCCGGCCTGCCGTCGCCGAGCGTGAGCGACGCCACGCTCGATGCCGAGGGGCGGCTGCTCCTGGTGACTCGGGGCGGTGTGGTCCGCTGGGACGGGAGCCGCTTCGTCTCCGTGCCGCTGAACGGTGTCTCCTCGCGGGTGCTGCGCATCCGTCTGGACACCCAGAAGCGGATGCTCGTGGGGACCGAGGACGGGCTGTTCGAGGAGTCGGAGCCGGGACTCTTCGTTCTGTCGCCCGGGTGGCCGGGCGGAGCGGCCCAGGTGCTTTGGGTGGATGCCTCGGGGGTACTCCAGGTGGGCTCGGAGTCGCGCCTGCTGACCCGGGATGTGCACGGGGTTTGGCGGAGCCGTCGGCTGCCGGGGTCCGAGCCCCGCAACATCCTCTCCATCGCGCGGGACGGACAGGGCCGACTGTGGCTGAGCGGTAATGGGTGGCTCCTCGTGCAGTCCCGCGAGGCAGGGACGCTCGAGGATCGCTCCCATCTGCTCGCGGGAGGGTTGGGCGCGGGTCACCGGTTGCGCGTGGGACGGCGCGGGCAGCTCCTCGTGCCGAACAACCGAGGCCTCATCGTGGTGGAGGGAGAGAGCGCGGGGTTCCTCCGGCTGGGGCTCACGGAGCGCTCGGCACGGATGTGGGACGTGCTGGAGGACAGGCAGGGGA
NZ_CP043493.1_gap26	624192	625506	1314	GAGGCCCGCTCTGGCGCCCAGCCCTGAGAAGCCTCCGTCGTCCGCGTGATCACCTCGAGGTTGTCGTACATGTCGATGAGGTTGTTTTCGCGGGTGTGGCTGCGTCCGTCGCCGCAGTAGTCAGCCCGCGCCATACGCGTGCACGCCTGGTGCAAGTCCGCGAGCGAGCGTCCGTTCTTCTTCGCCCAGGGCCTATAGCCCCATTGGGCGCACTTCGCGATGACGCCACTCTCGCACGCGAAGGTGAACTTCTCCGGCACCTCGTGGCGAGCGCCTGCCTCATCCCAGATGGCCGGCACCGCGAGCGCCCGCGGCGTGGGGATCCGAGTCGTGGCAACGCACGGGTTCTCCCAAGCGCCGCTCTGCGCGTTCCAGAACTCGATGTGGTACCAGGTCATGGACTGGTTCTTGGAGGTGGGCTCGGCGCCGCACAGGGCCACCTCCACGGACTGTCCGTCGCTGGCTGTCCCCTGGAACACCGCGCCAACAAGTCCCTCGGGCTCGACCGACGAAGCCACCAGACGGCCGTCCTCGATGCGCGCGCCCTTCAACGCGGTGCCGCCCAGTTGAACCCCACTCATGGCAACTGAGATCAGCACACTGCTTGTTTCTTCGGCGACCTCCTTGCGCCGGGTGCCCCATAGCAGTGCGCCCTGCGGCCACACACTGCGTTGGAGCGTCTGGCCCTGACAAGGGGGCACCCGAGGCCTGTTCCCAGTCAAGGACGTCGGCATGGACGCCTGTCTACTTTTGGGCGCAAGCTCCTGTGGCTGCGGTTGCTTTCGTTGGGGTGCACCGGCAAGCGCGGGGGCGCTAGCCAACAAACAGACAAGCAGGAGAAGGGGATTTTTCATCGGGGCCTCTTCCGTGGCAGGACATCCTCGTGACACGAGGTCTCACGGAACGGAGGCCCGATGCGGGCGAGCTATGCGTGCTTTTATGTCTACGGGGCAGGAGCGGATGCGCACACACGCACGCCTACCCTGGTGTCGCGGAGCGTCAGGGTTCCGGCCTGGCGGTTGGCGATCAACGTGCCCACTTCACCGTAGTACCAGGCACCCCCTCGCAGGACGATGGCATCAAGGTCTGGCGTCGTGGGCTTGGTCATCTCGAAGGCGTTGCCCGCCATGCCGAAGAGGCCGAAGGGGCTGACCGAGGCCGGGTGAGCGTCCACCTCGTCGGGTCCCATGGCGTTCAGTTGGCGGCCATAGGTCTCATCAATGTTGGCATCGTCTTTGTGGAAGTGGTTTCCATGCGGGTACCTGCGGTCGTCGGCGCCGCGGGCCGCACGTGTCCACTCGAGCTCGCTGCACA
NZ_CP043493.1_gap27	712157	714833	2676	AACGTTCACGGTCCAACCCTCCCGTGCTCTCACGGTGCGTGCCCTGATGCACCCCGAGTCGGTCTACGGGCAGCCTCGGGCACCCTGCGGTTGAGCGAAGCACCCGCTCGGCTCACCTGGAGCGCGCTTCGGGCGGGCTTCCACAAACAAATGTGTAAAAGCAAGCAGGCGTGCACTATCCGACGTGGCCGGCCGGTTTGAAGACCAAGGGCTTTACAGCGGGCCCAGCAGTGGGCACCCTGTTCGGTAAATCGGTCAACGACGTTGGGAAGGGGCACCACATGGGGTGGGCCCCAGGTGACCGAACGGGGGGGCGCCCTCACGGAGCGCGTCCAGGAGAAGGCCCATGGTGCACGACGACACGACGTACATGGATGACGAGGGGTTGGAGTACGTCGTTCCCGGTGGTGAAGACGAGGACTCGGGGTCCATCATGACGGTGCGGGTCACCACCGGTGGCCGGTTGTGGGGCGCCGATGACGCCTACGGCGGTTACGACGCCGATTAGTGTCAGGGCCCCCGCGTCGGGGATGGCGCGGGGGCGGCAGTGTGGCACGCAGGAGCGCGTCTTCCCGTTGAGCCGGTGCAGGGCACCCGTTCCGGGGATGGAATCCGCGGCTGCGTGTATCTTCCCTCCCACGTGGGGTTTCCAAGCGAATCGAGTCCGAGTGGAGCAACGCCTCAAGGGCGGGGTGTCACGGAGCGTCCTGAGGAGGAGCTCGCGGCCTTTGACCGGCTGCTGCCCACGCTGAGAGAGGCGTACCGGCGCAACCCCAGCAAGACGTGGTCCGCCGGGGAGCTCGGCGAGCTGTCGGGCCTGCCCGAGGCGGAGGTGGCGCACACCCTGGAGCTGTTTGCCTCGGAGCTGGGGCTCGCGGAGGTCCTCTTCGGGGATGAGGCGGGCCTCGTCGGAGCGATTCAGCTCTCGTCCGCCGTGCTGGAGACAGAGCCCTTCGCGTCTGTGCGCGCGTGGCTGGGTGCCCAGGGTCCGCTGGAGGTGCCTCTTCGTCTCACCGAGCTGCGCGTGGATGGCTACCAGGGGCTCCAGGGACTGGAGGCTCGCTTCGGTGCTTTGACCGTCCTCACCGGCGAGCCGGGCTCGGGTAAGTCCTCGCTCCTCGACTGTCTGGCCCTGCTGTCCCACGCGGTGGTGGAGCCGCTTCCCTCGGGGCCGCACTCGCGTTTGCCCGAGCGCCTCCACCTGTCTCTGCGCGTGGCGAGCGGCTCCGGTCGGGCTTTCCGGTATTCGGTGAGCCTCGGCGGGCCCGTGGGCACCCCCCGCGTCACCTCGGAGCGCTTCGCCTGCGTGGAGACGGATGCGCGCGGCCAGGAGTCGGAGGCGTTCGCGTTCCTCGACTTCCAGAATGGCCAGGGTTCGGTGCGCACTGTGACGTGGGAGTCCCCTCGGCCCCGCGTGTTGTCGGTGGCCCACTCGGTGCCTCCGGACTCGCTCGCGCTGCGTGGGGCGCTGGAGCCTGCGCTGGGCTCCGCCGCCAGCTTCCGGGCGTTCCTCTCCGGCTGGCGCTTCTATCCGGGCTTCGACGTCTCGCGCGGCGCGGCGCTCCGGCGTCCCGTGCCCTCGGAGCCCGAGCCCGTGCTGGCCTCGGATGGCTCCAACCTGAGCGCCGTGCTCTTCCACCTCATGGTGGAGTGCCCCGAGCGCTGGCGCGAGCTCGAGGCGTCCCTGCGCGAGGCCCTTCCGTCCTTCCTCTCGCTCTCGGTGAAGCCCCGGGGCGGGCCAGGCACCGTGCTCGGCGTCTGGCGCGAGGCCGGCGTGCGGGACGAGCTGACCCTGGCGGACCTCTCGGACGGGACGCTGCGTCTGCTGAGCCTGGCGGCGCTGTGCCTGGCGCCTCGCAAGGCGCCCCTGGTGGGCCTCGACGGGCCCGAGTTGGGGCTCCACCCGCGCGTGCTGCCCGTGCTCGCGCGGCTGCTGCGGCGGGCCTCGGAGGAGACCCAGGTGCTCGTGGCCACACAGTCTCCCGAGCTGCTCGCCGGGTTGCCGCCCGATACGGTGGCCGAGCTGCGGCGGGTGGAGGGGCGAACGGTGTTTTCCGGGCTTGGGTCGGCGCGGAGGGATGGGGTGGAAGGGACCCGCTCTTAGACGGGGAATTCTGGGTGCCTCCGAGTTGCGACCGAGGGGGGCAGGTCGGCGATACTGAAGGGACGCGGTAGCGGCGGGGTGCACGCATGTACCTCGCGCGGAGGAAGAAGCAATGAAGCTGACGGCCTGGGCGGTCGAGCGCGATGGTGAGCGTGGGCGGGATGTGCATCTGCTCGTCAACGTGGAGGCCGAGACGGATTCTCCCCGCGCGCCGGTGGCGGTGAACCTCGCGTTGGACCGCAGCGCCTCCATGCGGGGCGCGCCCCTGGCAGCGGCGGTGGAGGCCGCGCAGCTGCTCGTGGAGCGCGCGGGGTCGAAGGACTACCTCGGGTTGCTCGCCTTCGACGGTGTCCCCGAGCAGCTTGAGCCGCTGCGTCTGATGGACACGGATGCGCGGGCGGACCTCGCTGAGAGCCTCTCCCTGTTGCAGGCCGGCGAGGGCACTGCGCTGCACGAGGCGGTGGAGTCGGGTGCTGCCGCCGTGCGCCGGCTGTTCATCCCCGGTGCGCGCCCGAAGATGCTGGTGCTCACGGACGGAGAGCCCTCGGTGGGCCCGCGCTCGCTCGCGGACT
NZ_CP043493.1_gap28	753077	756213	3136	TCGCCCAGCTTCATGAGGTAGAGGCCGCCCCCCGGCTCGCGCACCGTGAAGGTGGGGGCCGTGGCCTGGGTGGGCTGCGGCGGTTGCTCCAGCAGCTCCGCGGGGATGGGAGGCTGCACGGGAGGCGCGCGCACCTCCGGCTCGTAGTAGGTGGCCATCAGCGCGGCCAGGTCGCGCTGGGACACGCGCAGGCCGGCGGACAGCAGGAACTCGTCGAGCGCGTCGAGCACATCGGCGGCCGTCTGGAAGCGCTCGTCCGGGTTGGCGAGCATGCACCGGTTCACCACGGCGCACAGCGGCTCTGGCACGAAGGGGGCGGCATCCTGCAGCCGCAGCGGCACGGCCCTGAGCGCCACCGTCTGCTTGAGGATGTCCATCATCGTGGTGCCCTTGAAGGCGTGCTTGCGGGCCAGCATCTCGTACAGGGTGATGCCGAGCGCGAAGATGTCGCCGCGCCCATCCGCCTTCTTTCGGGAGAGCTGCTCAGGGGGGATGTAGCCCGGCTTGCCGCGCACGTTGTTGCCGGTATCGGTGTCGCCCACCAGCGCCACGCCGAAGTCCAGCAGCTTCACCTCGCCCTCGAAGGAGAGGATGATGTTGGTGGGGTTGACGTCGCGATGCACCAGGTGGAGCGGCTCGCCCGCCGCCGAGCGCGCCCGGTGGGCGTAGTCCAGCCCCTTGAGCACCTCCATGGCGATGTAGCAGGCGATGTGGACGGGCAGTCCCTTCCCCTTCGTCCCCACGCGCCGCATCAGGTCGTGCAGGTCGCGGCCGTGGATGAACTCCATGGCGATGAAGTACTCGCCGCGGTGCTCTCCGAAGTCGAAGATTTGGGCGATGTTCATGTGCTGGAGGAGCGCCGACAGCCGCGCCTCCTCGATGAACATCTTCACCGCCGACTCCTGCTGAATGGCCTCCGGCAGCACGCGCTTGAGGACGACCGGCTTGGCGAAGCCGTTGGCCCCGAGTGCGATGCCCCGGTAGATGTCGGCCATGCCACCGCGACCCAGGTGGCTGAGCAGGACGTAACGGCCGAAGCGGGCCGGCAGTGAGAGTTGCCCGGACGGCGTGCTCATTTCTTACCGGGTCCGCCGAGGTGTGGATTCTCCTCGACGAGCATCTCGTTGAACATGTCCTCGCTGATGACGAGGGTGCCGGGGCGGGACGGTGGAAGCCGAGGCGGGAGGGGACCTGGGACAGGGGCGGGCGTCATGGCCGGACCCGAGGGAGCGCGTGTGCTCGCCTTGGGCATGGGGGCCTTGGCCGCCACGGTGGACACCACGGGCACGGGCGGGACGGAGGGCACGGGGGGCGGCATCGCCGGTGGGGGCGCCTCCAGCGCATCGAGTGGGCCGAGCAGGATCTCCATGCTCGGCACCTTGCGCTCTGGAACCGGGGTGATTGCCGGCACGGGGGGCCGGCCCACGGGAGCCTCCGCGCCCAGCGTGTCCACCTGGCTGTTGGCCAACTGCAGCGTGTTGTTGCCGAACGGAATCTCCGGCGTCTTGTCGATCGGACGGCTGACGGGCCTGGCCGGGGCCACCCTGGGCGGGGGCGGGGCGACGTTGATGGGCGGCGGCACAGGCTTGGGCGAGGTGGGTGAGGACGGGGCGGAGGAGGCGGTGTCCCCCGTGAGCAGGACAATCATCCTGCGCAGGTCCTCGATGGTGTGCTCCTTGGCCTCGAGCGTCTGCTCCCGAGTGGTGAGGTTCTTCTCGAGCTCGGCCACACGGAGGGCGAGTCGCTCCCGCTCAGCACGCAGCCTCGGCAGGATCTCCGCCTCGGCGCGCAGCCGTCGCAGCTCCTCTTGCTGCGCCGACGAAGAACCCGTGGCCGTCTCTTGGCCGCTCTGGGCGCTCACCTGCTCTCGCAGGGTGTTGAGCTCTTGGAGCCACATCCGCTTCTCCTCGCGGGTGATGGCCTCCTGCTCGCGCTGCTCCTCGTCGTGCCGCGCGAGCCCGTTCTGGAGCTGCTCGCTCAGCCCGCCGAGTCCGGACATGAGCTCTTTAAGGCCGCGGCCGGCCCGCTCCAGACGCTTGACGAGCTGGCTCTGCTCCTCAATGCGCTCGAGCAGCTTGGGCAACACGGCCTGCAGCGTCTCGCGGGCGCCCGTCTTGCGCAGCTCTTCGCGCTGCGTCTCCAGGCGGCCGAGCTCCTGGGTCGCCTGGCGCAGAAGGGGGAGCACCAGCTCGGCGATGCCCTCTGCCTGACGTCCCAGCTCGATGCAGCCCTGTCGTGCCGCCTGGAGGTCCGCCGAGGAGCCCGTTGACGGCTCCATGCTGGTTGCGTTCCTCATCGCGCTTCCTCCACTCCCTCCTCAAAGACGTACCGTCGCCGAACCGCGCGTCCGCACCATGATACCCCACCGCCCCGTGCCGGGCTTGCATGGGGTGGCGAGCCTGGTCGTCAGTGCACCAGCCTACTGGATTGCGTTCATTTCCCCTGCAAATGGGGGGCGGGCGCTCCAGGTGGGCGAGCGGGGGCCGCCCCCGTCCGCGCGCCCTGGGGCACGTCGGGACGCAGCGGCAGGGAGGGGAAAGGCTCAAAGCCCTCCAGCGCGAGCTGTCCGAGGCTGATGCTCGCCTCTGGCAGTCGCTCGATGTCCTCGGCAAACCAGGGGGTCTCGGCGCTGGCGGGGGGAGTTACAGGGGCGGGGGCGGGCGCAGGAGCGGGCGCTGGAGGAGGGGCCGCTGCCTGGGGTCCGAGCGAATCCGGGTCGATGTCGGACTGCGAGAGGTTGACCGTGAAGGTGTGGACGGGCTGCGGCTCTGCGCGCCGGGGGCCGGAGACCTCCACCATGGGCCGGCGACGAGGGCGTTGGACTCCCTCCTCGGGGGTTCTCGGCTGCTCCAGCGGACGCGCACTCACCTGCAGGGCGGCACCACATCCCGCGCACCGGATGACCTGAGTCCCAGGCCCCACGAGCGGCACCACCGTCCCACAACGTGGGCACTGGGGGCGGGGAGCCAGGGCGGGTGAGGGAGCCTCTTCGGTCATGCGCTCGTCGAGCTTCGAGGAACGCCGCCGTGGCATCCACGCGTGCTGGGCTTGGCGTTACACCATCGTCGTATCATTTCGCAAGAGAACGTCCCGGTCAATGCGCCTCGGGGAGAGACACGAGCGGAGGGCGAGCGAG
NZ_CP043493.1_gap29	761313	763262	1949	CCGCTCCACCTTGCCGCGTTGGATGAGCAGGCTGGCCACCCAGGCTGCGGTGGTGGCGCTCACCGCGAAGCCAATGCCCTGCGCGTACGGCAGCACCAGCGTGTTGAGGCCCACCACCTGCCCGTGCATGTTGAGCAGCGGCCCTCCCGAGTTGCCCGGGTTGATGGCCGCGTCCGTCTGCAACAGGCCCTCGAGAATGACTCCGTCGGGCAGCGGCAGGGTGCGGTTGATGGCGCTCACCACGCCCATCGACACGGACTGCTCCAGGCGGAAGGGGTTGCCAATGGCCATCACCCACTGCCCCACGCGCACGTCATGCGGATCCGCCAGGGGCAGCGTGGGGAACTTCGCGCCTTCCTCGGCGCGCACCACCGCCAGGTCCGTAGGCGCGTCCGCTCCCACGAGCTCGGCGCGCACTTCGCTGCCATCGTGCAGCTCCAGTGTGAGCCGACCTCGGCTGCGCACCACGTGCCGGTTGGTGAGGACGTAGCCGTCCGGTGTCAGGAAGAGGCCCGTGCCGTGCCCTTGCGCGTGCTGCACCGCCACCACCGCCGGCATCGCCTTGGCGACGAGCGACTCGAGCTCGTCAGAGAACTGTTGGAGGAACTTCATGGTTTCACGCTCCCTTCACGAACGCTTGCCAATCGTGAGGAGCACCTCGCGCACCTCGCCCGCGCGCAGCACCCTCGCCTGGACCTGTGTGCCCACCTTCTCGTCGCCGAGGTAGCCGAGCAGCTCCTCGATGCTGTGCAGCGGCTGGCCCCCGAGGCTCACCAGCACGTCTCCCATCATCAGCCCGGCCTTGTCCGCAGGGCCCCCTGGCTCGACGTTGAGGAAGATGAGGCCGCTCTCTCCACCCGCGCGCTCCCAGAGGCTCTGGGGCAGGCGCACCGGGTGCGCTCCCACCCCGAGATAGCCCCGGCGGATGCCCCCGTGCTGCCGAAGCGCCTGGGCGACCCGGCTGAGCGTCTCCCCAGGAATGACGACCGCCGCCGTGCGCGACAGCGCCGCTGTCAGCAGGCCGAGGAAGCGCCCCTGCGTGTCCACCAGCGCCCCTCCGGAGAAGCCAGGCGGCAGGTCCGCGTCCGTCTCCAAGTAACGGTCGATGCGGCCTCCTGCGAAGGTGCGCCAGCTCTCGCCGAACGCGCTGATGATGCCCAGCGTGGCGCGCGTGGTGCGGCCCGGACGGCCCAGGGCGAGCACGAGGTGGCCTACCTTGAGTCCCTCGAGCGGTGCCGGCTTCAGCGGCGTGAGTCCGGCGACGTCCGCCTTGAGGAGCGCCAGGTCCGTGGACGGATCTCTCCCGACGAGCTCGGCTGAGGCGGTGCGGCCATCGGCGAGGCCCACCGTGATGGAGCCTTCCTGCTCGATGGCATGGTGGGTGGTGAGGATGTGTCCCTCCGCGTCCCAGACGATGCCGGTGGCACCGTGGCGGCGGCGGGCCTCGACCCGGACAATGCCGGGGGCGATGCGCTCGACAATGGAGGCGAGGGACTCGGAGAAGGTGCTGAGGTCGGCGGACATGGAGCGATTCCTTTCGCCTGAAAGCTAAAGGGCTCGCCTCCGCGGCACATCGGCGAGACGGATGGGCCTCGACCTACCCGAATGGGTAGTCCCCCTCTCCATCCGGTCAGATCGTCACGAGCCCCAGGCGCGCCGCTCGGACCACGGCCTCTGTTCGCCGCTGCACGCCAAGCTTGGTGAGCACGGCGTTCACATGGAACTTCGCCGTGTGCTCGCTGATGTCGAGCCGCTCGGCGATGGCCTTGTTGGATAGGCCTTCCGCGAGCAGCGTGAGCACCTCGCGCTCCCGAGGTGTCAGGCCCTCGGGCGTCGAGGTGGTTGCTGAGGCGCGTGGTGTGGCTCGCAGCGCGGCGAGGGCCGGGTCGAATACGGTGAGTCCACGCGCCACGGCCCGGAGCGCGGCGAGCAGCGGGGCGGGAGCCACG
NZ_CP043493.1_gap30	824350	826642	2292	CCCCCGTTGTACGTCGGCCGGAAGCTGGCGCTAGCGTCTGCGCCTTTGAGCGGCGAAGCGTGGCAATCAGACCTGTCGCAGTCCTATGGGCGATTTTGCGATCGGCGCGGTACCCCAGGCGACTGTCTAACGTTGTTTGACGATGGGCCCCGCCTGCAAGCCAACGATAAGCGCAGCATCGCCCTTGCCCTGGCGGTGGGGCCTGCCCTGGAAGGCTTAAGCGCGGAAGTGCGGGCCATGCTCAACCCGACGCGGGTACTTGCTACTCTCAGCTTCACGATTACAGCCTATATGGCTCTATTGCTTGCACCTGAGCCCGTCACGAAGAGCGTTGCGCTCGCGTTCTCCGTGCTCCTGTGGGGCTATCTCGGATGGGAATTCTTCGATCTTCTGCGAGCCTATGCGCAGCTTTACGAAGATGCGCCGCAAGCTTCTAGCTTTGCGGAGCTGCGGGAGGTAGGTGACAGGTTCGGAAGAGTCATCGGCCCCAATAGCGTGCGAATTCTCGTCGTGGTGGCGACGGCGGCGATAGGTGAAACAGCGGCGCTCATGTCGAAAGGGCCGAAATTGCCGGGCTTGGGACAAGCCTCGCGCACGGTCGATGCAAACACCGGGCTTCGCCTGATGGATGCGGCAACCGGCGCTGAGCGAGTTATTGTTTCCGTGAACGAGGGCACGCTCCGCGTTGTCTTGCCCGTCAACGCCGTGTCCATGACTGCACGGAGCGGAGGCGGCGAGCGCTCCGCGCTCAAGGCCAGTGAAGTTCCAAAGAGCGGCAGACTTCTCCCTAATGGTCATCGTGCTTTTAGTTCGTTCAGGGCCTTCAAGCGTTACATGGGAAAGGCAGGCGATGGAAAAAATTGGCATCACATAGTCGAGAAGCGAAATGCAAAGAGATTTGGATCCGAGGCGGTCAATAACACCGAGAATGTTGTTGCGCTTGACAAGGATCTGCACGACCGCATCAGTGCTTTCTATTCGTCAATTCGTGACGGTATCACTAAATCATCGACCCTGACCGTAAGGCAGTGGCTCAGCACCCAGTCATACGAAGCCCAACGTGAATTTGGACTTCGGGCCATAGAGAACATTAGGGATGGAGTGTGGAGATGAATCTAGAGGAGTTGGCGGAAGAGTTTGCCCAAAACGTATCAGCGCAGACTGACGCAATCTGGAATGGAGATGCAAAGACGGGGAACAAGCACGCTAGGCGTTACGTTGCTGCGTACAAGAAGTTGCGGAATCACGGCGACGCCGGGCGGGATGCTCTGGCGCTTCTTCTTAAACATCCGCGTATGGATGTGCGCGTAAAGGCGGCGATCTACTTGCTTTCAGAGCGGCCAACACAGGCATTGCCTGTTTTGGAGGATGCTGCGACGAGCAAGGGCATGATTCCCTTTGAGGCATCCCAGGTGTTGAAATATTGGAGCGAGGGCACTTGGAGCTTGGACGTTGATTAAGCACCGTCAATCTCACCAATTTCAATGGCGATCACCAGGGCGCGGCAGGCGAGGCTGGTACTCGGGTCAACGGTGCTCGGCTGGGGAGGCCCACCAGGGCCCGGCAGGTGCTGTCACAATGCCTTCACCGCACGCGCACGCGAGCCTCACGGAGGCGCCTGGACTCGCCCGGTCAGATGGGCGCCCCATTTTCAGAGGGAAAACGGGGGGATGTCTCTGAGCCCGAGTAGGGGCGGATCTGCCCATAGCGGCTTCGACTCCCGCCGCCTCCACTCTTCAGGAGCCCAGGTTCTCCGAAATATGGGGCCTGCGTCGATTCCGAGCCACGTGGCCGGCGGGACCTCGGGATGCGCGGCGTGGAGGACGGCCGAGGCTCACGGGACGGCTGCTGGCTTAGCCGCGGCGCTTGAGCTCGCGGGTGACCACCTCGCAGCCGGGCGCGTAGTGGCCCTGCACCGCGTCCAGCGCGCGCGCCAGCGTCACCTCGGCGATGCGCTCGTGCCGCTGCGGCAGCGAGTTGACGCGCAACGGGAGGAAGTCGAGCAGCCGATCATCCCCGAAGGTGGCCATCCGCAGCGTCCTCGGCAGGCCCTTGGGTGATTCGAGCAGCACGTCGAGCACGCCCTCCATCAGCGTGTACGAGCTCGTGAGCAGCGCGTCCGGCAGGCCGTGTGTGGCGAGCAGCTCGCGCATCGAGCTGGCGCCGGTCGCGCGGTCATACCGGGCGCCGGTGAGCTCGTGGACGTGCGCGACGTGGCCCGTGACGGCACGCCGGAAACCCTCGCGCCGTTCAACGGTGATGGAGAGCGTGTCCACCGCGTCCAGCCAGGCG
NZ_CP043493.1_gap31	831643	835285	3642	GTCGAGACGCGAGGGTCGGTGGGTGCGCAGGACGTGCTAACCCCGGAGGAGATCCGCGACGCGGACGTCGTCATCCTGGCTTGCGACATCGAGGTCGACTCCTCGAGGTTCGTGGGCAAGCGTGTCTTTCGGACCTCGACGAGCGCGGCGCTGAAGAAGTCCGGCCAGACCATTCGCGATGCCCTGGAGAAAGCGAAGGTCCTGGGCGGTGAGTCGGGCCAGGCCGCGGCCGGGGCCGGTGGGGCAGAGCAGGGCGAGCGGCGCGGCATCTACCGGCATCTGCTGACCGGTGTGTCGTTCATGCTCCCGATGGTCGTCGCGGGCGGACTGTTGATCGCGCTGTCATTCGTGTTCGGCATCGAGGCCTTCAAGGAGAAGGGCACCCTGGCGGCGGCGCTGATGGACATTGGTGGTGGCGCGGCCTTCAAGCTGATGGTGCCGCTGCTCGCTGGCTACATCGCGTACTCCATCGCTGACCGGCCCGGAATCGCTCCCGGAATGATTGGCGGATATCTGGCGAGCAACCTCGGGGCCGGCTTCCTCGGAGGCATCGTCGCTGGCTTTATCGCGGGCTACGCGGCGCAGGCTGTGAGTCGGTACGTCAAGCTCCCGGCCACCGTGGAGTCGTTGAAGCCGATCCTCATCATCCCCTTGGTGGCGAGCCTGGTGACGGGACTGGTGATGATCTACATCGTCGGCACGCCCGTGGCCGCGATCATGTCGGCGATGACGGCGTTCCTGACGAGCATGAACTCGGGGAACGCGATCCTCCTGGGCTCGCTGCTCGGCGCGATGATGTGTTTCGATCTTGGCGGTCCGGTGAACAAGGCGGCGTACACGTTCGGCGTCGGTCTGCTGTCCGCGGGGGCAGGTGGTTACGGGCCCATGGCCGCGATCATGGCGGCCGGAATGGTGCCGGCCATTGGCATGGGCCTGGCGAGCTTCATCGCTCGCGCCAAGTTCTCGAAGCAGGAGCGCGAGGCGGGGCAGGCGTCACTGGTGCTGGGCCTGTGCTTCATCTCCGAGGGTGCCATTCCGTTCATGGCCAAGGATCCCCTGCGCGTGATTCCGACCTGCATGATCGGTGGCGCGGTGACGGGCGCGATGTCGATGTACTTCGGCGTGCAGTTGATGGCGCCACACGGCGGACTGTTCGTGCTGCTCATCCCCAACGCGGTCAATCACGTGCTGCTGTATCTGCTGTCGATCGCCGCTGGCTCGGTGCTCGTGGGGGTCGGGTACGCGCTGGTGAAGACGGGCAAGGCGGAGCTGCCAGGCGTGACGGCGCAAACGCCGGGCAAGTCCTGGAGCGCGGGCGCCGGGAGCGATCGCGCGGCGGCGGGTTCGAGCTGAGTGATATTCCCTCTCCCCTCGGGAGAGGGTCAGGGTGAGGGTAGCCGAGCCCGTTCTCTTCAACCCGTGGCCCTCAGTGTGGACCACGGGTTCAACCCGGGTTCACCCGATACCCTCACCCCGTCCCTCTCCCGGAGGGCGAGGGGAAATTGCCGCGGTTTTCAGCGCATGTCCCTAAAGGGGATTAGGGTTCGCGGGCCATGAACCTCCGAACCCTCACGCCCCTGCTCGTCTCCCTGATGACGGGCATTCCCTCCGCGGTGCTTGCGCAGACCGCGGAGAAGTCCGCTGCCCAAGCGCCGTCCACGGTGCAAGGCATTGCCCCGCTGCCCGGTCAGCCCAACCTCCTGGCCAGCGGCGTCCCCTCGATTCCTCCCGAGCTGCGCAAGCGGGTCCTTCAGTATCTCGAGTCGCGCGCGGCGAACCTGATGGACGTGAGCCGGGACGGCAAGCAGATGCTCATCGCCACTCGTTTCGCGGACACCAATCAGCTCCACGTGGTGGAGCAGCCCCTGGGCGCCCGCTTCCAGCTCACCTTCACGCCGGAGCCCATCAACACCGCGCGCTTCCTCCCCACCGACGCCAACATCCTCTTCTTCCTGCAGGACGTGGGCGGCGGCGAGTTCTTCCAGGTGTTCCGCCTGGACCGGCGCAACGGCCGCTCCGAGCTGCTCACGGATGGCAAGAGCCGCCACGAGTCGCTCTCCGTGTCCGATGACGGCAGGTGGCTCGCCTACGGTGGCACGGGCCGCAACGGCAAGGACACCGACGTCTACGTGGCCCCCACGGACAACCCCAAGCAGGCCCGCCGCGTCACCGAGGCCGAGGGCTCCTGGTTGCCGCTCGACTTCTCCCACGATGGCTCCAAGCTGCTCGTCATGCAGTTCCGCGCAGCGGATGACGCCGACCTGCACGTCATTGACGTGAAGACGGGCGAGCGCCGCCAGCTCACTCCCAAGGAGGGCAAGGGCAGCGTGAACGGTGCCGCCCTCACGCCGGATGGCAAGAGCGTCTACCTCGTCACCGACCGCTACGGTGACTTCGCCGCGCTCTACAAGCTGGACCTCGACAAGGCGCCCCCGTCCTCCGAGCCTCCGTCCCTCACGAAGTCCATCCGCTGGAACGTGGAGTCCATTGAGCTCTCCCCGGACGGGAAGACGCTCGCCTTGGAGACGAACGAGGACGGCTACAGCCGGCTGTACTTGATGGACACGAAGCGCGGCACGCTCTCTCCGGTGGAGGTGCCTCGCGGGGTGATGGGACGCCTCACCTTCCCGAGCGGGCGCTCGGACGTGCTCTCCTATGCCCTCTCCACGTCGCGCTCGCCCATGGATGTCTACCAGGTGGACCTGCGCACGAAGAAGAGCACTCGCTGGACGCGCTCGGAGGTGGGCGGTCTGGACACGAGCACCTTCGTGGAGCCGGAGTTGGTGCACTACAAGTCCACGGAGGGCGTGCAGGTCCCCGCGTTCCTCTACATGCCGCGCGAGCGCAAGGGGAAGGTGCCCGTGGTCATCGTCTTCCACGGCGGCCCCGAGGGACAGAGCCGGCCGAACCTGAGCACCTTCAATCAGTTCCTGGCGGTGGAGCTGGGCATGGCGGTGCTGGTGCCCAACGTGCGCGGCTCGGAAGGCTACGGCAAGGCGTACCGGGCCATGGATGACGGGGTGAAGCGCGAGCAGAGCCTCGCGGATATCGGCGCCTCACTGGACTACATCGCCTCGCGGCCGGAGCTGGATGCTTCACGCGTGGGCGTCTACGGCGGCTCCTACGGGGGCTACATGGTGCTGGCCACCGCCGCCTTCTTCCCCGAGCGGATCCGCGCCGCGGTGGACGTGGTGGGCATCTCCTCGCTGCCCACGTTCCTGCAGAACACCCAGGCGTACCGCCGGGACCTGCGCCGCGCCGAGTACGGGGACGAGCGCAAGCCCGAGGTGCGTCAGGTGCAGGAGCGCATCTCGCCGCTCAACGCGGTGGAGCGCATCAAGGCCGCGCTCTTCGTCCAGCAAGGCGCGAACGATCCGCGCGTGCCTCAGTCCGAGGCGGAGCAGATCGTCAAGGCGGTGAGGGCTCGGGGCGCGGATGTCTGGTACATGCTCGCGCTCGACGAGGGCCACGGCTTCGGCAAGAAGGCCAACAGGGACACCGTCACCATGGCGACCTTCCTCTTCCTGGAGAAGCACCTGGGCGCGCCCTCCAGCACGACTGGCAGCATCCGCTAATCACCGGCTCCCTCTCCCCTCGGGAGAGGGTTGGGGTGAGGGTAGCCGAACCCGTTCTTCAACCCGT
NZ_CP043493.1_gap32	842265	846481	4216	CGCGTGCTGGTCTCGGGTGAAGGTGCGCGACTGTGAGGCCCCCTCGCTCGCGTGCCCCGCGGACTTCCGCGTGGAGTGCTCGGGTCAGGGCTTGGCTCGCGTGAATCCGCCGGAGGCCACCGCCACGGACAACTGCGGCCCTGCCACGGTGACGCCGCCGGCCTCGCGTGCCCTGCCCATGGGCTCGCACACGCTCGAGTACTCGGCGGTGGATGCCGCCGGCAACACCGCGACGTGTGCTCCCACCGTCACCGTGGTGGACACGCTGCCGCCTGAGGTCTCCCTGGCACTGCCCGCTTCCGTCTGGCCCGCTGATCAGCGCTACCAGACCGTCCGCCTCGAGGACTGCATCCAGGTGCGCGACGTGTGCGACGGCGGCCTCACGCCGAATGGGGCCTCCGCCTCCATCTCCTGCATCTCCTCCGATGAGGCCCGGAGCAGCTCCGCTGAGCCGGACGTCCTCTTCGTGGACGCCACCACCGTGAAGGTCCGCGCGGACCGCTCGGCCCACGGGGATGGTCGCGTGTACTCGCTCCACTTCGAGGTGCGCGACACGGCCGGCAATGTCACGCGGGGCGTGTGCCCCGTGGGCGTGCCCGTGGCTTCCGGCGGTGCTCCCGCGCAGGACAGCGGCGAGGTGTGGCGCTCCTGCCGCCCCGACGAGGGGGCTCCGCGCTGGAAGCCCATTTCGCTGGCACCGTGAGCCCGGTACCCTCACCCCAGCCCTCTCCCGGAGGGAGAGGGGGCATCGGCTACTCGTCGAGCAGCATCGGCGAGAAGCCCGCCGCGTCACACGAGGCCAGCACGTAGCGAATCCCGGCTCGCTCTCCCGTGAAGCCGGCTGGGATGCCTCCTGCGTGCAGGTGCCCGTAGACGCACACCTTCGGCTTGAACGCCTCGATGGGCCCCAGGAACGCCGTGGGCTTCTCGTTCGCGTACATCGGCGGGAAGTGCACCGCGACCACCCTCGTCAGCGGCTCGGCGCTCTCCTTCTCCTTCTTCTCCGCGTCGGCAATGGACGTCATCAGCCGTCGCGTCTCCCGCTCCACGTACCCCGCGTCCCCCTGCTCGTCCCCCATCTCCCCGCCCGGCATCGGCGGGGCCTCGGGCGCCGTCCACAGCCGCGTGCCCGCGATGACCCACCGCCCAATGACGAAGGCGCTGTTGTGCAGGAAGCCCTCCAGCGTCTTGTACGGCTCCAGCAGCTTGCGCAGCTTCGACGCCGAGTCTCCCCACCAATAGTCGTGGTTGCCGCGCACCAGCACCTTGCGTCCCGGCCGCTCGTCCAGCCACTTCAAATCGTCCAGCACCTCCGTGGGCCGCGTGGCCCACGAGATGTCTCCCACCACCAGCACCACGTCCTCGGGACGCACCTTCTCGTCCCAGGCGCGCTGCAGCGGCAGCGGGTGCTCCGTCCACCCGAAGCGGTGCATGTCCTTATTGCGTGTGGAGGGAAGGTGGGTGTCCCCGATGGCGAAGAGACGCATGCCCCACTCCTAACTCAGCCCGCTCCCCGCGTCGCCTACGACATGCCCCCTCGCCGGGTCACCCTCCGGGCCGACGGATGCTCGAACCTTCAACATTTCCATGTATTTCTTGATTTTATATTCAGTCGAAGTTTCCATGTACATCGAGAAAAGGCATGATGCCCGGTGCGCTTCCGCCCCCTTGTAGGAGCGGAGGCGTCGCTTCATCCCTCGTACCCCCCCAAGGAGTGCTGAGCATGCACCCGTTCCGTAAGCCGATGGTGGCCACGCTGGCCGCCGCGCTCTCGCTGGCCGCGTGTGGTCCGCAGGAGCCCATCCCCGCCCCCGAGACCCCCGCCGCCGTCGAGGATTCGCGCACCCCCGCGCAGCGCGAGGCCGAGCGCACCCCGTACGAGCTGGACAGTGCCTTCGCCCAGGCCGCCGCCGAGTTCCGTGTTCCGGCGGACCTGCTCAAGGCCATCTCCTACACCGAGACGCACTGGGAGATGGTGAAGGGCGAGGTGGAGTTCGAGGGCATGCCGGCGGCGTACGGCCTGATGGCCCTGCGTGGCGGAAACGTGACGCTCGCGGCGCGCCTCTTGGGCGTGTCCGAGGAGGCGGTGCGCACCGAGCCGCTGCACAACATCCGGGGCGCGGCGGCGCTGCTGTCCGCGTATGCCGATGAGCTGAAGGTGGAGCGCGAGGACCTGGGCGCGTGGGCGCCAGCCGCCGCGAAGCTCAGTGGCATCACGCACAGCGGAGCGCAGGCGCAGTACATCCACAACCAGGTGTACGACGTGCTGCGCAAGGGCGCGGTGGCGAGCACTCCCGAGGGCAAGGTGGCGGTGTCGCTGAGGCCCACGCAGGTGCAGGCGCAGTTTGCCTCGCCGGGCGTGCACGCGATGGCCGCGGGTCCGGACTACGCCGCCGCTATCTGGCGCCCCTCTCCCAACTTCGGCCCTCGCCCCACGGACAGCACCGGTGACGTGCAGATCGTCGTCATCCACACGTGTGAGAGTGGCTACTCGGGTTGCTGGAACTGGCTGACCGATACCGCCTCGGGCGTGAGCGCGCACTACGTGGTGAACGAGAGCGGCTCGGAGATTTCGCAGCTGGTGCGCGAGGCCGATCGCGGCTGGCATGTGGGCGCCAAGTACGACTGCAGCCTCAACGACAGCAAGATGTGCGACCTGCAGAACGTGTCGGTGAACCACTTCGCGGTGGGCATCGAGCACGGCGGCTACGCCAGCCAGGCGTCCTTCCCGGCCGGGCAGCTCGACGCCTCGGCGAAGCTGACGTGCGACATCACCAAGGACCAGGGGATTGTCCCCGACAGCTACCACATCGTGGCGCACGGGCGCTTGCAGCCGGCCAGCCGCACGGACCCGGGTCCCAACTGGCCGTGGGCCACGTACATCAGCAAGGTGCAGGACTACTGCAATCCCCCGCTGATCATCGACAGCAACAACGCCAACAACGACTCCTCCAAGGGCTACGTCGAGGTGTCGGCGAACTGGGCGTCAGCGTCTGCGACGGCGGGCTACTACGGCTCGGGCTACTACTCCGCCTCCACCGCGGCGGTGTCCGATCCTGCGACGTTCTACTTCTACCTGCCGGCCGCGGCGACGAAGACGATCGACGCCTGGTGGACGGCGGGGACGAACCGTTCCAGCACGGCGCCCTTCCTCATCACGAACGCCAGCGGAACGCAGCTGGCCAAGGTGAGCGTGAATCAGCAGACGGGTGGTGGCACCTGGAACACGCTCGGTACCTGGAGCTTCCCGGCCGGCTGGAACAAGGTGCAGCTCAGCCGGTGGACCACGTCGGGCTACGTGGTCATCGCGGACGCCATCCGCGTGCGCTGAGGTCGTGACGCGCTGACCCGGAGCAGGGGCGGGGGGTCCTCGCCCTGCTCCGTGGACCGCGTCACCTCAGGGGGGATGACCACTTCAGGATAATTTTCTTGAATGATTGGGTTCCAAGAAATTCGTGCTTCCCAAGTGGTCCGGGAAAAGGCATCTTCTCGGGACTCCAAACGATAATGAGTGCGGAGTCACTGCTTCGTTCCGTTGTTAATTCCCCCCCGAGGAGTGCTGACATGCACCCGTTCCGTAAGCCGATGGTGGCCACGCTGGCCGCCGCGCTCTCGTTGGCTGCCTGCGGTCCGCAGGAGCCCACCCCCGCCCCCGAGACCCCTGCTGCCGTCGAGGACTCGCGTACCCCCGCGCAGCGCGAGGCCGAGCGCACCCCGTATGAGCTGGACAGCGCCTTCGCCCAGGCCGCCGCCGAGTTCCGCGTTCCGGCGGACCTGCTCAAGGCCATTTCCTACGCTGAGACGCACTGGGAGATGGTGAAGGGCGAGGTGGAGTTCGAGGGCATGCCGGCGGCGTATGGCCTGATGGCCCTGCGCGGTGAGAAGCTCTCCGAGGGCGCGCGCCTCTTGGGCGTGTCCGAGGAGGCGGTGCGCACCCAGCCGCGGGAGAACATCCGCGCGGCCGCGGCGCTGCTGTCCGCGTACGCCGACGAGCTGAAGCTGGACCGCTCGGACCTGGGCGCGTGGGCTCCGGCCGCCGTGAAGCTCAGTGGCATCACCCACGCCGAAGCGCAGGCCCAGTACGTCCACTCCCAGGTGTACGACGTGCTGCGCAAGGGCGCGGTGGCCAGCACGCCCGGGGGCGCGGTGGCTGTGTCGCTGATGCCCACGCAGGTGCAGGCGCAGTACGCCTCGCCCAGCAGGCACGCGATGAGCG
NZ_CP043493.1_gap33	849395	851149	1754	GATCACGCCGTTCTTGTGGTTCAACCAGGAGGCGGAGGAGGCAGCGAACTTCTATGTGTCGCTCTTCGAGGATTCGAAGATCCTGAGCGTCGTTCGTCATGGTGACGCGGGACCGGGCCCCAAGGGGTCGGTCATGGTGGTGGAGTTTCAGCTCGCGGGTCAGAAGTTCAGCGCATTGAACGGCGGCCCGACCTTCAAGTTCACCGAGGCCATCTCCCTGCTCGTGAACTGCGACTCGCAGGAGGAGATCGACACGTTGTGGTCCAAGCTGACCGCGAACGGGGGTCAGGAGGTCGAGTGTGGCTGGCTCAAGGACAGGTTCGGTCTCTCCTGGCAGATCGTCCCCTCCAGGTTCTTCCAGATGATGCAGGACAAGGACCCGAAGCGGTCGCAGCGCGTGATGCAGGCCATGCTGACCATGAAGAAATTCAACATCGCGCGCCTCGAGGAGGCGTACGCCCAGGCGTAGCGACACCTCCGCGCCGCGTCAGTCCCGGCGCGTGAGGAAGGCCTTGAAGTCCAACGAGGCGAAGAGCAGGCGCGGCGAGCCGAGCCCGGCCCGGCCGAGCAGCTCGAACAGCGCGGCCTCGGACTCAGGAGGCCGGAGGGACGCGCGCGCCTTGCGTCGGAGCTCCAGGACCTCGGGCGAACCGCCGTTCGCCCGGCACACCTCCGCCTCCACCGTCTGGAGCACCGGATCCGAGCCCACCCGTCCTCCAATGATGCAGGGTGCCCCGGGCTTGAGTCGCCGCGTCACCTCACGCAGCAATGCCAGACGGTCCTCCTCTTCATCCACGTGGTGGAGGACGCCAATCATCTCCGCCCCATCGAAGAGGGGCTCCGGCGGAAGGTCTCGCAGGTCACCGGTCAGCAGCCGCGTGCGCTCCAGGAGGCCCGCGGCGGCCAGCCGCTTCTCGGCGACAGCCAGCATGTCCGCGGACGGGTCCACGCCCGTGAAGCGCCAGCCCGGCGCTCCATATCGAGCGTAGGGGAGCACGTCCTGCCCCGTCCCCACGCCCACGCACAGCACCGAGGCCACGTCTCGTCCCGCCAGGGCCGTTGCCATCGCCGCGGCGCTCAGCTCGTGCATTGCCTGGTAGCCAGCGATGTAGGCCGTCGACTGGGCATCGTACACGGCGGCCCGCTGGGCCCCGAACTTGTGCGCCATCGCTTCATTCGCGTGCATGAGATCCTCCGCCGCCCGGTTACGGGCGGGTGTTTGAGCTACTCGGAGGATGCTGCGAGGGCGGAAGCCTCGGGAGAGCGGGGATTGAGATTGGATCGGCGTGGATTTCGGCGGGTAGAGTCCACGGCCCATGCGATCGCCACGAACACTTTGTCTGCTGCTGGTGGGCTTCCTCTTCGCATGCGCCACTTCGAGCCCTGCCGTCCAGGAGGGCGGTCCAACACTCGAGCCAGAGGTGGTGGCTTCCTGGGAGGAAGGCTGCGAGGGCGAACGCAGTCTCGTCCTGCTGTGCCAGGAGGAGGAGTGTGGGTTCTTCCATTGCAGAGAGGTGGTGTTTGGCGAAGAGGTGCTGCTGGCCTCCCGGGGCGGAGGGCCCATCTACATTCCGGGTGCCTCACCTACGCCACGTGGATGGAGGGGCCGCCCCATCGGATGGCCACGAGGCACCAGGCCTGTTCTCACCTTCCGATTCAACCGACACTTTGATCCCAAGCCGCCGCAGTTCGCCCTACCGCCGGGGCGCTGGGTGCGGCACCACCTTTTTCCCCAGGCCCAGGAACTCAGGGAG
NZ_CP043493.1_gap34	872910	874858	1948	GTCAGTTTCTTGGAATCCGTTGCATCGGGAAGGTGCCAATCCGCGCCAGCAGAGGTTGTGCAGGTGGCGGTCGGTCCTTAGTTTCCGCCACGCGTCGAGGCCCCGCCTGACGCTCGTGGAACGTGGACTGGCACATGCACCGGACTTCGAGGTGGGCGATGGCAGGAGGGACGCGGTGGTGGGGGCTCGGGCTCGTGGCCGTGCTGTGTCTGGCGAGCGGGTGCGTGGAACCCCCTGAGGACGCGGAGGCCCGCCTCGCGGCGCTGCAGGCCGAGGAAGAGCGCATGGACGAGGCGCTCGACGAGGTGGAGACGCGGCTGCTCGGCAACCAGGCCATGATGCACCTGTGGGAGGAGCTGGGACGGCGGCACCAGGAGGTGTCGGCCATCCAGTGCCGCGTCACCGACGAGCACCTGGTGGGGATGGCGAAGCACTACGCGCGCATGGAGGAGAAGGCGCGCCGTGCCAAGAAGAATCGCAGCATGGCGGCGGTGGACTCCGCGGTGCTCACCTCGGGCAAGCGGGAGCCGCTGGGCAATAACTAGCCCAGGAGCCAGGCGGACGGGCGCCGGCTTCCGTGACGAAGGGTTCAAATCCGGATACAACCCGCCCCGTGAGAACCCGGATTGGAGCACTCGTCCTTGCTGTCGTGGCCGGGCTCGCCGGCTGTAACAGCACCCCTCCCGAGGGGTGTGCCCCGGAGCCGCAGGAGCTGCTCGACAGCGAGGGCCACGTCTACCGCTGCATTGCTTCCGAGGACTGTCCGCGCACCTCGCGTCTGACGCTGTGCGTTAGCGATACCGACGTCCTGGATGAGTGCATCCGCTGTCTGGAGACGAAGTGTGTCCGCGTCTTCCCGGAGGTCTGCTAGTGCGACGCCTGACGCTCCTTCTGGCCCTCGCGCTCGCTCCGGGCTGCTCCCGGGACGGTGCCACCGACCACATGCAGCGCGCGCGCGACTCCATCTTCGAGAAGCGCCCCGACGAGGCGCTCGTGGAGTACCGCAAGGCGCTGGATGCGCTGCGCAGGGATGACTCCGCGCAGGCCCAGGTGCTCAAGGCCCGCGCCCTCAAGGGGGCCGCGGACGTCTACTGGCTCGAGCTGCGCAAGGTGAAGGAGGCGGTGAGCGTCTACAAGGAGCTCATCGCCCAGTGCCCCGAGTCACCCGAGGCGCTGGAGGCGCGCGTGGTGCTCGCGGAGCTGCTGCACGTGCACTTCCGCGACCTGCGGGGCGCTATTGATCAGCTCACCGCCGCGCTGGCGCGCAACCCGCCCCAGGGCGCCGAGCTGCACTACCAGGTGGCCAAGCTGTACTTCGAGCTGCAGGACTACCAGCAGTGCGTGCTGGAGACGCGCAAGCTGACGGAGCGCTTTGCCACCAGCGCCTTCGTGGATGACTCCATCTTCCTGCAGGCCCAGGCGCTGCACATGCAGGCCGTGCATTCGCCGACCAGCATGGCCGAGGTGCAGCGCTACCGCCAGGAGGCCTCACGCACGTACGCGGACCTCATCGCGCGCTACCCGGACTCGGAGCTGGCGCCCCACGCCGCCTTCGAGATGGGGAAGATCAAGGCCGAGTCTGGGGACAACGAGAAGGCCATCGAGACGTGGGTCCAGGCGCTGAAGAACCACCCGGACCCCAACATAGTGCAGGACGCCATCGCCCGGGCCCGCCGCCGCATTGCCGCGACGACGCCGGAGCAGGTCGACCGCAAGACCGTCTTCAGCCGCGGCCCCATCCCCACCCCACCCCCGCGCAAGAATCACCGCAACTCGGTGGAGGCCGTGGGGGGCTCGGCCGAGGAAGCCGCTCGCGACTACGGCGACTGATACGCCGCTCCGGCTGCTCCCTCTCCCCTCGGGAGAGGGTTGGGGTGAGGGTAGCCGAGCCCGTTCTTCAACCCGTGGCCCACGTTGTGGACAGGGGGTTCAACCCGAGCTCACCCGA
NZ_CP043493.1_gap35	879857	883960	4103	CGGGGGCCTTCAACTGGGCCCTCAAGCGCCTCAACCAGTCCGTTGCCAACGCGGGCGCTCGCAACGCGGCGGGAAAGGCCTAGGCGGAGCTTTCTCATGGAGCGCATTCCCATCCTCCGCATGGGCAAGGTCCTGCTCGTCACCATTCAGGTGGACATGCACGACCAGCTCGCGGTGACCCTGCAGGACGACCTGACCTCGAAGATCGTCGAGACCGGCGCTCGCGGCGTGCTCATCGACATCTCCTCGCTGGAGGTGGTGGACTCCTTCATCGGACGCATCCTCGGCAACATCGCCACCATGTCGCGCGTGCTGGACGCGCAGACGGTGGTGGTGGGCATGCAGCCCGCGGTGGCCATCACCCTGGTGGAACTGGGCATGTCGCTGCCGGGAATTCGCACCGCCCTCAACGTCGAGAAGGGCATGGCGCTGTTGCAGGCCTCCATGGAGGCCGACGAGGCGGAGCTCGAGGTCCCGGATGCAAGTCTTGAGGACTGAGGTGATGCCCATCCGCTCGTCGCAGGACCTGGTGCTCGTGCGCCAGGCCGTGCGAACGTGGTCGGCCGAGCTCAAGTTCAGTCTCGTGGAACAGACCAAGATGGTGACTGCCGCCAGTGAGCTGGCGCGCAACACGTTGGATTATGGCAAGGGCGGACAGGTGACCCTTCAGGTCATCCAGGAAGGCATCCGCCGCGGGCTGCGGCTGTCTTTCGAGGACCAGGGGCCGGGTATTCCCGACATCGAGCTGGCGCTGCGCGACGGGTACACCTCGGGCGGCGGTATGGGGCTCGGGCTAGGGGGCGCCAAGCGGCTCGTGAACGAGTTCGACATCGTCTCCAAAGTAGGGGAGGGGACCCGGGTCACGGTGACGCGATGGAAGTGAGCTCCACGGCGATTGCAGTCACGGAGAGCAGCCAGGCGGGGCATGCGCGCCGGACCGCGTCGGCGCTGGCTGCTCGTCTGGGGTTCAGCGAGGAGGGCCAGGGCAAGGTCGCCATCGTGGTGAGCGAGGCCGCCAAGAACCTGGTCGCCCATGCGCGCGAGGGGCAGATCCTCCTGCGCACGCTCCACGCCGGCTCCCACGTGGGCGTGGAGATGCTCGCGCTGGACAAGGGGCCGGGCATGGCGGACGTGGACCGCTGCCTGCGCGACGGCTACTCCACCGCTGGCACCGGGGGCTCGGGCCTGGGCGCCATGCGGCGCATGTCCTCGCTCTTCGACCTCTACTCCCAGCCCGGTGTGGGCACGGTGGTGCTGGCCCGGCTGTGGTCCGGCAGGCCTCCCCCGGAGGACGGCCTGGACGTGGGCGTGGTGTGCGTGCCGAAGACGGGTGAGGAGGTGTGCGGGGACTCCTGGGCCGTGGACCGAAAGGACGGTCGCATCGTCTTCCTCGTCGCGGATGGCCTGGGGCACGGGCCCGAGGCGGCGCGGGCCTCGCGTGCGGCGGTGGTGTCCTTCCTTGAGCAGGGCTCGAGCGATGTGGTGGAGCTGCTGCGCGGCGCGCACCAGGAGCTGCACAGCACCCGGGGCGCAGCGGTGGCGCTCACCGCGCTGGACGGGGCGCGGCTCCACTTCTCTGGCGTGGGCAACATCGCCGCGGCCGTGGTGTCGCCGGGTGGCGGCATCCAGCGGCTGGTCTCCATGAATGGGACGTTGGGGCACCAGACGCACCGCATGCAGCAGTTCAGCTACACGTGGAACCCGGGGGACACCCTGGTGATGTGCTCGGACGGGTTGGCCACCCAGTGGCGGGTGGACGCCTACCCCGGTTTGCTCGCGAGGCATCCAGGCGTGGTGGCCGGGGTGCTGTTCCGGGACTTCTCTCGAGGGCGCGACGACGCGACGGTGCTGGTGGCGCGGGAGACCTCCCGGAGGGGCACACCTTGAGCGCCTCCATCTTCCAAGCCGAGCTGCGCACCGGACAGGACGTGGTGAACACCCGGCAGCGGGGGCGGCACATCGCCCAGGCCCTGGGTTTCGATGGGCAGGATCAGGTGCGCATCGCCACCGCCATCTCCGAGGTGGCGCGGCTCGCCGTCTCCGAGGCCAACGGCCACATCGAGTTCCTGCTGGAGGACTCGCCGGAGCCCTCCCTGGTCGTGCGGGTGCTCGCCCCGAACTCCAACCATGGGCTCGTCGCGGGCAATACACCGGACACGCTCCGGCCGGGGCCCGCGCTCGCTCCCGCGCAGCGGTTGATGGACCGGATGGCGCTGCGGCCGGGCGGGGATGGCCGGCTCCTGCTGGAGATGGCCCAGCGTCTGCCGCACGCCTCGCCCTCGTCCCTGGTGGTGCAGTCGCTCCGGCAGGAGCTGGAGCGGCATCGGCGGGACAGCGCCGCGGATGAGCTGCAGCGGCAGAACGAGGAGCTGCTGCGCACGCTGGAGGAGCTGCATGCGCGCAAAGCCGAGGTGGAGCGGCTCAACCGCGAGCTGGAGGAGACCAACCGCGGCGTGGTGGCCCTCTACGCCGAGCTGGAGGAGAAGGCCGATGCGCTGCGCCGCGCCTCGGACATGAAGACGCGCTTCATCTCCAACGTCAGCCACGAGCTGCGCACGCCCATCAGCTCCGTGCTCAACCTCTCGCGGCTGATGCTGGACCGCATCGACGGGCCGCTCAACGCCGAGCAGGAGAAGCAGGTCCTCTTCATCCGCAAGTCCGGCGAGGCCCTGCAGGAGCTCATCGACGACTTGCTGGACCTGGCGAAGATCGAATCCGGCCGCTCGGAGGTGCTGTGCACGCGCTTCTCCGTGATGGAGCTGTTCGGCGCACTGCGCGGGATGCTCCGGCCGCTGCGTGTGCACGAGGGCGTGTCGCTCGTCTTCGAGGAGCCCCGGGAGATGCCGGAGCTGCACACGGACGAGCGGAAGCTGTCCCAGATTCTGCGCAACCTCGTCTCCAACGCGCTCAAGTTCACCCACCGCGGCGAGGTGCGGGTGGCGGTGGCGCCCGGTCCCCATGACACGGTGGTGTTCTCGGTACGCGACACCGGTGTGGGCATCGCCCCCGAGGACCAGGAGCGCATCTTCGAGGAGTTCGTCCAAGTGGAGGGCCCCCACCAGCAGGGGGTGAAGGGCACGGGGCTCGGACTGCCGCTGTCGCGGCGCCTGGCGGAGCTGCTCGGCGGCTCCCTCACCGTGGAGAGCCAGCCGGGCCAGGGCAGCACCTTCCTGGCGACGGTGTCCCGCGACTACTCCCAACGGCAGGGGGGGACGGGGGAAGAGGAGGGCTCCTCCCAGACGTTGGAGGCGGAAGGTTCACATGCCCGTACGGTTCTCATCATCGACGACGATGAGGTCGCTCGCTACCTGCTCCAGCGGTTGTTGGGAGATGCCTCCCTCCAGTTCCGCGAGGCGGCGTCGGGTCCGGAGGGGCTGCGTCTGGCGGGCGAGGTGCGGCCCGCCGTCATCCTCTTGGACATGTCGCTGCCGGGCATGGATGGCTTCGAGGTGCTAGAGGCCTTGCGGCGCGAGCAGGCTACCCGGAACATCCCTGTCATCATCCATACCAGCCGCTCCCTGACCGAGCAGGAGCGCGGGCGACTTCTTCCTCACGTGGTGGGTATCCTCTCCAAGAGCGGGCTCACGCGGGAGGCGGCGTTCGAAATGGTACAAAGGGCGCTTACCGGCCCGGGTCACCGACCTGGGGGCGCCTCCCGCCAGCCCTGAGCGCCCCCCCACCTTCTTCGCGAGTATTCGCGAGTCATTTTGAGGAGACCGCAGCGTGTCTCATAGGGAACCCATCCTCCTCAACATCAACGACAACGACGCCAACCGCTATGCCGTCACGCGCATGCTGCGGGCGGCGGGCTTCCAGGTCCTGGAGGGGGGCACCGGAGCCGAGGCGCTCCGTCTGACCGCCGAGGAGCGGCCGGACCTGGTCATCCTGGACGTGAAGCTGCCGGACCTCAATGGCATCGAGGTCTGCCGGCGGCTGAAGGCGGACCCGCGCACGGCGGGCATCGCCGTGCTGCACCTGTCGGCCAACTACATCCGCACCGAGAACAAGGTGGAGGGGTTGGAGAGCGGGGCGGATGGCTACCTGACGCAGCCGGTGGACTCGGCGGAGCTGTTGGCCACGGTGCGCTCGTTGCTGCGCATGCG
NZ_CP043493.1_gap36	890210	892204	1994	CCGCGTGGGACGAGGGCTCAGGCCTTCTTCGAGGGCTTGTTGATGTCCGCGAAGAAGTCGTTGCCCTTGTCGTCCACGACGATGAAGGCGGGGAAGTCCACCACGTCGATCTTCCAGACGGCCTCCATGCCGAGCTCCTGGTACTCGAGCACCTCGACCTTCTTGATGCAGTCCTTGGCGAGCCGCGCCGCCGGGCCGCCGATGGAGCCCAGGTAGAAGCCGCCGTGCTTCTTGCAGGCCTCGGTGACGGCCGGCGAGCGGTTGCCCTTGGCCAGCATCACGAAGCTGCCGCCCTGCGCCTGGAACTGGTCCACGTAGGCGTCCATGCGGCCCGCCGTGGTGGGGCCGAACGAGCCGGAGGCATAGCCCTCGGGCGTCTTCGCCGGGCCCGCGTAGTAGACCATGTAGTCCTTGAGGTACTGCGGCATGCCCTCGCCGCGGTCCAGGCGCTCCTTGATTTTGGCGTGGGCGATGTCGCGCGCCACGACCATGGGGCCCGTGAGCGACAGGCGCGTCTTGATGGGGTAGCGCGACAGCTCGGCGCGGATGTCGGCCATGGGGCGGTTCAGGTCGATCTTCACCACGTCGCCCGACAGGTCCGTGTCCTTCGTCTCCGGCAGGTACTTGGCCGGGTCCGTCTCGAGCTGCTCGAGGAAGACGCCGTCCTTCGTGATCTTTCCGAGCGCCTGGCGATCCGCCGAGCAGGACACGGCGATGGCCACGGGGCACGAGGCGCCATGGCGGGGCAGGCGGATGACGCGCACGTCATGGCAGAAGTACTTGCCGCCGAACTGGGCGCCGATGCCGGTGCGCTGGGTGAGCTTGAGCACCTCCTGCTCAAGGGCCACGTCGCGGAAGCCGCGGCCGAGCGTGTTGCCCTCGGTGGGCAGCGAGTCCAGGTAGCGGGCCGAGGCGTACTTGGCCGTCTTGAGCGCGAACTCGGCGGAGGTGCCGCCCACCACGATGGCCAGGTGGTACGGCGGGCAGGCCGCGGTGCCCAGCGAGCGAATCTTCGACTCGAGGAAGGTCAGGAGACTCTGCGGGTTGAGGACCGCCTTCGTCTCCTGGAAGAGGTAGCTCTTGTTGGCCGAGCCACCGCCCTTGGCCATGAAGAGGAACTTGTAGGCGTCACCGTCGGTCGCGTAGAGCTCGATTTGCGCCGGGAGGTTGTTGTTGGTGTTGACCTCCTTGTACATGTCGAGCGGCGCCATCTGCGAGTAGCGCAGGTTGGCGGTGCGGTACGTGTCGAACACGCCGCGCGAGATGGCCGCCTCGTCGCCCCCGCCGGTCATCACATACTGGCCCTTCTTGCCCATGACGATGGCGGTGCCCGTGTCCTGGCAGGAGGGCAGCACGCCGCCGGCGGCGATGTTGGCGTTCTTGAGCAGCTCGAGCGCCACGAAGCGATCGTTGGACGAGGCCTCGGGGTCCTTGAGGATGTTGGCGAGCTGGTTCAGGTGACCGGGCCGCAGCAGGTGGGAGATGTCCCGCATGGCCTCGCGGGTGAGGAGCGTGAGCGCCTCGGGAGCGACCTGGAGGAAGGTCTTCCCGCCCGCCTCGAAGGTGGAGACGTGGTCCTTCGTGAGCAGCCGGTAGGGCGTCTCGTCCTTGCCGAGCGGCAGCATGTCCTGGAACTGGAAGTCGTTCATCGTGGCCTTCTCCAACGGTTGGCTGGACCTGGACCGGCGAGTCTGGGTCCCCATTCCCCGATTGTCAGCAGGGAGCTGTCCGTCTGGGGAGTTTGCCTCGAACAGGCCAAAAACCTGCTCTCATGTGAGCAACGAGCGATTGTAGAGGGAGCCGCCCGGATGCCCTGGGGGCGGGCGGGAGGTGACGTGCTGGACAGCGTCTTAGGGGGTGCCATCCTGTGGCGCCCATGACTGCCCCCGTCGTTCCCTGCTCGGCCATCTACCTTGACGCCGAGGACACGCTGGTGTCCGGTGCTGACACGCGCATCCCTCCCGAGCGGATGGTAACGCGGATCCGTGAGCTCG
NZ_CP043493.1_gap37	901091	902193	1102	GATGCTCCGGCGGCTGGCATGGCGACTCGCGAGCGACATCAGCGTCATGTACCGCCGCGTCATGTCCGGGCCCGTGTAGGGCGGCGGGCCGATGCGTGCCAGCTTCGCGAGCGCCTGGCTGTCCCCGTAGCGGATCGCCAGCTCGTAGGCGCGCAGATGGCTGAGGGTGTCGTTCTCCAGGAAGTTCACCTGCTGGCCTGTGCCGATATAGGCGTGGAGCCGCTCGGGACGGCGCTGGGCGAGCAGCACTCCGAGGATGCTGCCCCACGAGTGGCCGACGAGGAACACCCTCTCCTGGGAGAAGCGGCTGGTCAGCAGCTCGAGCAGCTCACTGGCATCGGAGACGAACTGGTCCAGCGTGAGCGAGTCCCTGTCCTTCAGGGCGGAGTAGGACTTGGCGGCACCGCGCTGGTCCCACTGCACCACGAGGAAGTGCTCCTCCAGGGGGGCGTTGAAGTGGCGCACCCAGGGGACCTCGGAGATGCCCGGGCCTCCCGAGAGGTAGACCAGCAGCGGGTTGTGGATGCTCCGCCCGCGGATCAGCACCCACTGGTCCACGCCTCCGAGCCGGACCTGCTCCAGCGAGGCGATCCCCTCGGGCTGGAGCCGGCCCCACTCATCCCGGATGGGGGGCGTGGAGCCCTGGCTGGACCACAACCGGGCACCCAGGGCCACGAGCGGAAGCCCTACTCCCGCCGCGGCGAGGATGCGTCGGGTCGAACGTTCCATGGCACTCCTCCTGGCCTCCAAAGCTAGTCATGGGAGGGACCCTCCCAGACCGCTGTTGGCTCGTACCTGGAGCAGGCGGGCTTCAGACGTCGGGAATGCACGTCCAGGGCCGGTTCTCCGCGCGACGGCCACAGTGGCGGTGGGGACCGCAGGTATGGGGCCCAGTGGGGTCACAGGGCTGGCGGCACCGGAAGACATCGCAGACGAGCCCGTCCGGGCAGGGCGGCTTGTTCGCGCCACAGAGGGTGAGGCACGACCTCCAGACAGCGCCTGCGGAGTTGGAGACATCGTCGGTGTAGCAGATCTGGCCTTCGGGACAGGGCGTCCGCTTGCAGTTCTGCCCATGGACCTCCGCGCAGATGGAGGTGTTCGC
NZ_CP043493.1_gap38	914831	916084	1253	ACGCAGTCCGCTCCAGTGCGACGCTCGAGGACTTGCCCGATGCCTCCTTCGCAGGCCAGCAGGACACCTTCCTCAACGTGCGCGGCGAGCAGGCGCTGCTCGAGCGCGTTCGGGGCTGCTGGGTGTCGCTCTTCACGGACCGGGCCATCCTCTACCGACGCCAGCACGGCTACCCCTCGTCTGCGGCGCGGCTGGCCGTTGTCGTCCAGCGCATGGTGTCCCCAGAGGTCTCCGGCATCCTCTTCACCGCGGACCCGCTCAGCGGCAATCGCAACGTGTGCTCCATTGACGCCAGCTACGGGCTGGGCGAGGCGCTGGTGTCGGGGCTCGTCAACGCGGACCTCTACCGCGCGCGCAAGGCCACTGGCGAGGTGCTGGAGGTGCGCCTCGGTGACAAGGCCATCGCCCTCTGGCCCGCGCCCGGGGGAGGCACGGAGCAGCGCCCGGTTCCTCCCGAGCAGGGGCGGGCACGCGCATTGGACGACGCCACGGTGGCGCGGTTGGTGGAGGTGGGCCGGCGCATCGAAGTGCTCCGGGGAGGGCCGCAGGACATCGAGTGGTGCCTCGAAGGAGGGCAGCTCTACGTCGTCCAGTCGCGTCCCATCACCACGCTGTACCCCGTGCCAGAGCCCGCGCCGAGCGATGGCGCGCTGCACGTGTACCTGAGCTTCGGCCACGCGCAGGTCAACACCGCGGTGTTTCCGCCCATGGCCCTGTGCCTGCCGCCCCTCCTGCTTCCCTTCGGCCGGCGGAGGTCCGACGGAGGCGCGGAGCTGATGGTCCAGGCCGGTGGCCGCCTCTACGTCGACCTGACGCCACTGCTACACCGCGCGCCGTTCTCGCGGCTCGCACCCCGGTTGCTCGACAGCGTCGTCATCGGGACCGCCGAGCGCCTGGCCTCCATCCAGTCCCGGCCGGAGTTCCTGGAGGGACGGACGCGAGTCGCCGCGCGGCTCGGGCCCCTGGTGGGAGCGCTCCGTCCGTTGTTCTCGCGTGTGCGGCGCAGGCTCTTGCACGCGAAGCCGGAGGAGGCCCGGGCTGGGCTCGAAGCGGCGATGGAGTCCAGGCTCGGCAAGTGGTCGCGTGGCTTTCAGGAGCTCGCACCTGGGGCACCGCGTCTGCGCTTCTTCCGCCAGGAGGTGTCCACGGTCTTCCGGGAGGTGCTGCTCACCGAGGCTGCGCCGGCCATCGCTTCGGGCCTGATGTCATGGAAGCTCGTGGGCACGCTGGTGCGCGGGCGCGTCGACGAGCGC
NZ_CP043493.1_gap39	917801	920677	2876	CCCGACAGGTCGGAGCTGGAGATGAAGCCGAGCTGTTGCGCGTGCTGCGCGGCCTGTTGGAGTTGCTCGGGCATCACCTCGAGTGCGGGCTCCAGGCGGGAGAAGGAGTCCTTCAGGATGGGCTCGGAGATGGGGTGCCCGGTCACCTTGCCGAAGGCCTCATTGACGCGCGAGAGGAAGGCGTCGGGTTGCTGCTGCCACTGCCGGGTGAGCTCCACGTGGGCACGCAGCAGCTTCTTGAGTTGCTCGGGCCGCTCCTTCAACGTCTTGGCGGTGGTGACGAGCACCGTGGTGTGGAAGCGCCGCTGCGGCCACAGGTCGCGCTCGTCCACGAGGATGTGACCACCGCCCTCGGCCACCATGCGCGCGCCCCACGGCTCGGGCACCCAGGCGCCTTCGATTTTTCCATTCAGGAAGAGGCCGAGGATGTCCGGGTTGGACAGCGGGGTGACGGTGACGTCCTGGCCCACCTTCAAGCCCTGCTGACCGAGCCAGTGTCGCAGCGCGATGTCCTGGGTGTTGCCCAGCTGCGGGGTGCCCAGCGTCTTGCCCTTGAGCTCCGCCGGGGAGCGCGCCGTCTTCGTCACCAGCACCGCGCCACCGTCCACCACCGCGGCGATGATGCGCAGCTCCCGCCCCGCCTTGAGGAAGGTGTTGATGGCCGGCCCGGTGCCCACGTACGAGGCATCCAGCGAGCCCGAGGAGAGCGCCTCCATGGCCGCGGGCCCCGCGTTGAACATCTTCAGCTCAATGCCGGGCACGGCCTGTTGGAAGGCGCCCGTGCCGTTGCCTACCAGCGCCTGGGCATGGGTGATGTTGGGAAAGAAGCCCACCCGGAGCGGGCGCTGCTCCGTGGCGCCCTGCTTCGTCGCCCCCTGCTCTCCGCCCTGTTCCTTCTTGCACCCACCCACCGCCAGACACACGGCGGCCACACCCACCACGAGCAATCCGAAACGCATATGTCACCGAGAGTGGTGCGGGTCGGGGCCCGCCGCAATGGACTGGAGTCAGGAATGTTTGTCAGCCGGGCACCAATCCCCAGCGGCGGCGCACGCGCAGCTCCACCGTCTGGAAGAGGACGCGGTCGATAAAGGTGCCCACGGCGATGATGCAGACCATCACCGCCATCACCTGCGGAATCTCCATCAGCTCGCGGCCCATGGTGAGCAGCTGGCCCAGGCCGCCGGAGACGTACAGCAGCTCGCCGGCCATGAGGGCCCTCCAGGCGAAGCTCCACCCCAGCTTGAGCCCGGTGACGATGCCAGGCAGCGCCGCTGGCAGCAGCACGCCCGCATGGAAGCGCGCCCCGCGGATGCCGTACGTGGAGGACACGCGCAGGAGCAGGGGGTCGACACTCATGACGCCGTCCTCCACCGCGATGGCGATGGCCAGCACGGAGCCCATCACCACCACGAAGATGATGGACGTCTCCGTGAGGCCGAACCACAGCAGCGCCAGTGGCAGCCAGCAGATGGAAGGCAGGGCCTGCAAGCCCACCACCAGCGGGCGCAGCAAGCGGCGCACGGGCCTCATCCGTCCCATGATGATGCCGAGCGGCACGCCGATGAACACGGAGAGGGCATAGCCCTGCGCGAGTCGTCCCATGGAGCGCACGAGGGCGTCCCACAGCCGCCCATCACGCGCCATGGCGAGCAGGCTCTCAGTGACTGCCTTCGGACCCGGGAACAGGTGGTGGGGCCAGGGCCCGAACCGGGCGAGTAGTGCCCACACCGCCAGGAGCCCCGCGAAGAACAGCAGCTTCTGACCCAGGTGCCACGCCTTCATGGTGCGTCCCTCGTTCTTCCCTGCTGCCAGGCCCGGCTGCGTCCAGGGACTCGCTCTCATGGAGCATGGCGCGGATTTGCCGGGCCAGCCCCACCAGCGCCACGTCGTCGGGGCCTCGGGGCATGGGCAGCCTCACCTCGAGGTCCTTCAGGATGCGGCCAGGCCGGGGCGCCATTACCACCACCCGGTTGGCGAGCATCAGCGCCTCCGTGACGTCATGCGTGACGAAGACGATCGTCTTGTGCGTCTCCGTCCAGACGCGCTGCAGCAGCACGTGCATGTGCAGGCGCGTCTGCGCGTCCAGCGAGCCGAAGGGCTCGTCCATCAACAGCACCGGCGAGTCCACCGCCAGCGCCCGCGCGAGCGCCGTGCGCATCTTCATTCCGCCCGACAGCTCGTGCGGCAGCGTGTTCTCGAAGCCAGCCAGCTGCACGTAGTGGATGTAGCGGCGCGCGCGCTCGGAGCGCTCGGCCTTGGAGAGGCCCCGGGCGGCGAGCACGAACTCGATGTTCTGCCGCACCGTGAGCCACGGGAAGAGCGCCGCCTCTTGGAACATGAGCAGCCGGTCCGGCCCCGGTCCGGTGATGGTCTTGCCGTCGATGCGCACCTGCCCACCCGTGGGCGCGATGTGGCCCGCCAGCGCGTACAGCAGCGTGGACTTGCCGCAGCCCGAGGGCCCCAGCAGACACACGAACTCGCCGGAGCGGATGTTGAGGTTGACGTCCTGGAGCGCCACCACCTTGTTGGCGTAGCGGTGCTCCACCCGTTTGACGGCGATCTTCGCCGCGTCCTCTGCCACGAGGGCGGGCACCAACGTCTCCTTCACCGTCTCTTTGACCTCCTGCACACGCCGGAAGAGGGTGCGCCAGAGGCGGGAGAAGCGTCCGGAGCGCTGCCTGGCCGGCGCTGACTTGGAAGAGGACGAGGGGGTCGGGTCGGCGAGGCGCATCACACGGTCGTAACGGAGTTGGCGCAGCTCGCAACTGGAGCGGCGGAGGTCGTAGACCAAACAGGAGTCGATGGGACGGGAATAGATGTGCAGGGAAATGGCGAAGCCACTGCGCGCGCCGGTGCGCACCGAGTGCAGCTCC
NZ_CP043493.1_gap40	922657	924141	1484	ACACCGTGAAGTTCGTCAACAAGACCCTCGCGAAGACGGTGACGAAGAGCATCGATGTGTCGCCCGACCGGCCCCTGATCCTCACGATCAACCTCCTCGAGGAGTGAGGCGGACGCGCTGGCGGAGCTCACTCGCCCTAAGGGCGGACCTGGCGAGAGGGAGACGGCCACTGTCTACTTGTTGTGGCAGGCCTTCTGGTTGCTGCCGCTGACGCCGGTGCACGCCTGGGTGGCGGGGCAGTCCGAGTCCTGGGTGCAGATCTTCAGACACTGCAGGCCGGTGGTGTCACCGCCGAGGGTGTCGCAGATGCCACCCTCGACGCACTCGTCGGTGCTGCCCGTCTCATCACACTCCTCGCCGATCTCCGCCTTGCCGCAGGCCGTCACGGCCAACAGTCCTGCCAGGAGCAACGCCGACGACAGCAGACGCTTCGCGTTCATGGATTCCTCGTCCTTCTGGTTGAGGGTGAAACGGGTGGAGGGGGGGTCCAGGCAGCGTATCTGCCCACCGGGCTGAAAAATGGGGGGGTCCGCAACTTCCGCACTGCTCCGTGAGAAAATGGATCAACGGATTTCTCACGGAATAACGCAGGAGCCCCCCATGACCGCCATCGACCGCAACCGAAACCCGCTTTCCCAGGTGGGTCGCCAGACCGCGGAGAAGGCCCAGCAGCCCGTTGGAACGGCGGCGAACACCGTGAAGAACACGGTGGCCGAGGGCGCGAAGGTGGCGAAGCAGGTGGACACCTTCGAGGCCGGGCCCGCGCGCCAGGTGTCGGTGAGCCTGTTCGGTGGCGGCAAGCCGTCGGACAAGGTGCATGACGGCCAGTTCGTGGGGGCCGGGGGCCAGACGTTCCCGCCGGGCACGTCGCTGAGCCAGATTCCGGGCGTCACGCCGCGCAACAACCCCAATCCGGACAAGACCATCATCTACGTCAACGGCATCCTGACGCCCAAGGAGGCGCAGTCCAGCGACCTCCAGGCCATTGCCGACAAGGCGAACGCCAAGGCGATCGGCATCCACAACTCCACCGAGGGCGTCATCACGGACCTGGCCCAGTGCGTGAAGGACAAGCTGGACAAGGGCACCAACCCGGCCGTGGACACGCTGGCGGACACCGTCTACGCGGAGCTGAAGGCCGGCCGTGAGGTGCACCTGATGGGCTACAGCCAGGGGGGCCTCATCACCGCCCGGGCGCTCTTCGACGTGCAGCGCAGGCTGCGCATCGAAGATGGGTTGTCCAAGGCCGACACGGAGAAGCTGATGAGCAAGCTGAACGTGGAGACCTTCGGGGCGGCCTCGACCAAGTACCCGGATGGACCCAAGTACGTGCACTACATCAACAACCGGGACCTGGTGCCCACGCTCACCGGCCTGGGCGGTAGCGTGGACCCGTTGAAGTTCCTGAAGGACGCGGGCAAGGGGGCGGTGGTGCACCGCTTCGGCGACGGGGGCCTCAACGTCGTCGCCAACCACAACTTCCA
NZ_CP043493.1_gap41	1001402	1003112	1710	GGCCTTCGTGGCGACGCTGACGCTGAGGCTGACGCTGGCAGTGGGTGCGGTGGAGCTCACGCAAGTGGCACGGGCCTGCGTGCGGCTGTACCAGGAGGCAGAAGCAGCGAGGACGGTGCAGGAGCTCGAAGCGGTGGCGGAGCGCTTCGGTCGGGCGATGGGAGGCACGGGGCTGAGGGTGCTGATGCTGGTGGCGAGCATGGGAGTGGCGAAGGGGCTACCCGGGGTGCCCGAGGGAGGACTCGGGGCGCTGTTGCGCTCGCCGAGGTTCGCGATGCCCGGGGGCATGACGGTGCAAGGAGCGGCGACGGTGCAGATGGTGGCGGATGGAACGGTCCTGGTGACGGGAGTGGCGGCGGGGACGGCTGCGGCCACGGTGGGCAGTGCCTGCGCCGACGGTACCGAGGCGAAGGAGGGCTACCACTGGCACCACCTGGCCACCAACAAGAACGACATCTCGACGGTTGCCGGCGGACCCTGGACGCCCCTGTTCAAGAGGCTCTTCGCAAAGGCAGGGATGAGCCTGGACGCGGCGGAGAACCTCATCTACCTCAAGGGCCACAAAGGCCCCCACCCAGAGGAGTACCATACGGAAGTCTATCAGCGGCTCGAAGCAGCACTTGAGGACTGTCGGACCGTTTCACGATGCAAGAGCAAGTTGGTGCAGGCGCTCAAGGAGCTGGCGGATGAGGTATGCACCCCTGGCTCCCCGCTCCACCAGTTGGTGACGAAGACCTGATGGGGATGGGGATAACGCGCATGACCCGGTATTTCGAATTGATGGATGACAGGCAGTCCCCATCGCGTTGGCATTTGGGAGCTCCTGTCGACGAGCAGGGGCAGGAAGTTGACCCCTGGCAGTTCAAGAAGGGCAAGGTGCTCGAGTTGGAGGGCGTACTGAGATTCCCACTCGATGTCCCAGGGGAGCCGCTGGATTATTGTTGGGCCGCCTTCTCCATTCCCGTGGTTCAGGGACGCGTTGTCCAACTCTTCGAGCGGCTGCATGTCCAGGATGTGCAGTTCATCCCTGCTCGGGTGGAGGGGCACGAGGCGCCCTGCTTTATCCTCAATGCGTTGCGTATCGTCCGCTGCATCGACGATGTCAGGAGCAGACGGGTGGAGTACTGGAAACCCGAGGACAACCGCCCCGACAAACTTGGGGAGTATCGGGTGGTTTCGGGCATGCGCATCGATCCAGCCAGGGTGGGGGATGCCCGCATCTTCCGTCCTTGGGGTTGGAGGGTGGCCCTCATCATCTCCGAGGAACTCAAGCAGGCGATGGAGCAGGAAGGTCTCACCGGCACGCGGTTTGTCGAAGTGTGAGGCGTTTTACCAAGACGGGACGTGTCATACGCCTGGCACCCGGGAGAAGGGCATGCTGCTGGCACATGAGCGTTCCTGTCCTGTCGCGTACGGCCGTGGCGCTGTTGCTGCTGGTGCCTGTTTCATGCGCCGTGTCTCCGGGGGTGTTGCCCCTGGGGTGGACCGTGAGGCGGAGCCGAAGGTTGTACAGGTAGAGGGGCTCGCCGATGGAAGGCTCCGGCTCTCCTTCGAGCCGGTGGAGTCCGAGCCGGCCCTGGAGGGGGTGCGAGTGAAGGAGGCGAGAGCGGCCCTCGCATTCTTCCAGGACTCCTTCCGAGTGACGGAGAAGCCACGTACTCGCTCCCGGCTCGTCCTGGTATCGACGGGAAAGGGAGGGGGCCAGCCCGC
NZ_CP043493.1_gap42	1032899	1037034	4135	GTTGAACTGCTGCGCGCTGCTCTGCACCGCCTTGGAGCCGTCCTCGGTGGCCATGATGGTGGTGTTGGAGGCGGCGCGGATTTCGTCGATGAGCACGCGGATGTCCTTGGTGGCCCCACCCACGCGGTCCGCCAGCTTGCGGATTTCCTCGGCCACCACGGCGAAGCGCTTGCCGTGCTCACCGGCTCCGGCGCTCTCGATGGTGGCGTTGATGGCGAGGATGTTCGTCTGCTCGGCCAGCTCGTTGATGATGTCCAGGATGCCGCCGATCTCCTGCGAGCGCTTGCCCAGGTCCAGCATGTGGTTGACGATGGCGTCCACCTGGCGGCGCACCGTGTCGATGGCCTCCTGGGCCTGCTGCACCGTGGCGTTGCCGGTGCCGGCGGCGCCCGCGGTCTCGTCCGCCACGCGGGCCACCTGCTGCGCGCTGGAGGCGATCTGCCGCGAGGTGGACAGCAGCTCCTTGACGGTGGTGGAGATCTCCGTGGTGGCGGAGGCCTGCTCCCGCGCGCCCGTGGCCTGCTGCGAGGCCGCCGTCTGCAGCTCGGCCGAGGAGCCCTGCACCTGCGCGATGGCGGTGTTGAGCTTGTGCTTCAGGTTGTTGCCGACGACGCTGGAGAGGATCAGGCTGATGCACATGAGCATGACGGCGCCGACGCCGAAGGACCAGGTGAACATGCGCGAGTCCTTCGCGAGGGTCTCCTCCCGCGCCGCGAGCAGCGTCTCCTCCACCCGGCGCATCTCCGCCACCATCTGACGCAGGCTCTCCCTCTGCTGGGTGGCCTCGGTGGTGTCGAGCGTGGACAGGGCGCTCTCCGCGCCCTGGGTACGGCGGAGCTCCGCGCTGTAGCGCAGGTGGGCCATCACCCGCCCGGCGAGCTCCCGCAGCGCCTCCAGGCTCTTGAGCTGCTCGGGGTTGTCGGAGATGTGTACGCGCAGCTTGGCGAACTCCTTCTCGAGCTGGACCTCGGCCTGGGCATGGGGCGCGAGGTAGGACGCGTTGCCGGTGAAGAAGTACCCGCGGTGCGCCGTCTCCGAGCCGTTGACCTGGGCGAGGATGTGCTCGAGCCCGTTGAGGGTTTCATTGCTCCGCTTCACGTCGGCGACGGAGGTCGTGAAGTCGTTGGTGCGCTGGGTGGTCCGGGTGATGAAGGTCCCGAGCAACACCGCCATCAGGATGAAGGTGAGCGCGAACTGCTGTCCCAGCGTCAATTTCGAGAACATCGATCATCTCCCTGCTGGGGGGCGGAGCTCTCCACCAGCGGTTTTCCGGCATGAACTCTACGGCAGGCGCGGGCGGGGAGGGGTGCACCTGGGAGTCACAGGGTTTTTTCGCCCCCCGTACGTCTTTTATCCTTGTCGGCAGGCTACTCTCCAGGCGACCAGGGTTCACCCCCCCCAGGGTCCAGAGGAGGCTCTCACATGACGCGCCGTTCGTTCGAGGAGTCCAGGCAGGAGGGCGGCCTTCACCACCGGTTGGGCCAACTCGTGGGGGAGTGGGAGGGTGTGACGCGGACGTGGTTCGAGGCGGACAAGCTCGCGGACGAGTCTCCCTGGCGGGGCACCATCCGCCCCGTGTTGGAGGGACGGTTTGTGGTGCATGAGTACGAGGGCACGTTCCAGGGCAAGCCGCTCGCGGGAATGGCCATCTATGGCTACCACCTTGACCCGGATCGCTTCGAGATGGCCTGGGTCGACACCTTCCACACCGGCACGGGCATCATGTTCTCGAAGGGCCCGAACGACGGCCGGGGCTACGGCGTCCTGGGCAGCTATGAAGCTCCGTCTGGCCCGCCCTGGGGCTGGCGGACCGACATCCAGCAGCCCGCGCCGGAGCAGCTGATCATCACCCACTACAACATCTCGCCCGAGGGTCAGGAGACCCGGGCGGTGGAGACGGTGTACCGACGGGTCAGGTGAAGCACTGCTTGAACCAGCCGACGAAGCGCAGGGCCTCTGGGGAATCATGGCCCAGCACCTCGGTGGTCAGCGCCGTGCCAAAGGGCAGGCCCGGATCCTTCTGCCACGCGAGCCAGGCATGGATGGCTCCCTTGAGATGATCTCTCTGGCCCATTTTGGCGCCCAGCGTCAGGGCCTGGGTGGTAGCGGTCTGTGCATGCGGCCAGACCGGATCGCCTTGAGGAATCAGCTTCTCAATGAACTCCTCGACTCGCCCGGGCTGTGAGTTGTCTGGCATGAGCCAGATGCCGACGCGCGAGTTGGGGCGGATTCCTGGGGTGATCGTGCCGTCTGGAGAGGGCGTTGCCGGCAGGATGATGCCCAGATCCTTGAAGAGGTCCTTGAGTTGCTGCCACCGATTGGTGGGATGCAGGTCCGCGTCGATGACGAGCCCGAGCCGGTCGTACGTCTTGAGCGCCGTGGAGAGTGTTGCCTTCACGAGCAGCTTCTCGACTCCTCCAGCGGCTTCGACGTAGGGGCGTATCGTGCGGTCATTCTCCCATTCGTATCCATGACGGCCGAGGAGATTGATGATCGTCCACTGGTCATCCGGCCCTTCGACCATCAGCCGGTAGGGGCTCTTGATGGAGGGCTTGCTCACCGGAGTTCCATCTGGTGCTGGGAGGCTGCGAGGATTTCATCGGCGGAGTAGGGGACACTCTTCTCGGCACCGCGCTCGATGCGATGCAGCGAGATGAGGTCACGGACATCGGGCGACTCTTCGTACAAGGACGCCAGCGCCCGGACACAATCGAGGCTGTGGGTCGTGGCCAGTACCTGGATGTCCAGTCGTCGTGCCACTTCCACGACGAGCCGCCACATCTGGGTCATGACGGAATGGTGCAGGCCCGTGTCGATTTCGTCGACGAGCAGGTAGCCGCCCGCGGAGTTCACGAGGTTCAAGCTCAAGGCGAGGAGCCGTTTGATGCCCTCGCCCATGCTGCCCAAGGGGATTCGCTCGTCGGAACCTCTGAGCTTGACGAACATGCTTCCGTCTAGTCGCGACCCGGAGGAGGAGATAGCAGCGAGGCGTTCGATGCTTGGCTCGATGATCTGGAGCGCGTTCGTGACCTTTGCCTCTTCCGGGGTCAACACAACTGCATCCCACAGCCACTGGAGATCCGAAACGGGTGGTGCGGCCGTTTCCATGAAACGGACCTTCCATGCTTTGTCGGCGGGCGCTGTCGCGGCGGTACGTAGCAGACGGGTCATGATGGCGTAACCCGTCATCGGAAAGATGTAGCCCTTTGGATCCATCCCATCCCCTGAAATCGAAATTGCGAGATTGGAGCCAGGCCTGAGCAACTCGAGAGGCGGCGTTTCATCGTCGCCCTCCAGCTTTCCAGTGGGCCGAGGGATGATCCTACAGTTGAAGGAACGAGGTTTCTCCCCTACGACGGCCGTGATCTCGAAGGACTTTCCGGGTTCGAGAGAGTGGCCGTGGAAGAGATGGTTTACCTCGACGTAGCTGCTGCCCGAGTTCCTGATGAGAACAAGCTCACCTCGGCTAAACATGCTGCGCTCGAGAATGGAGGGGCCTGTTCCGCCAACGCCAAGCACCAGCTCTGCGGCTTCGAGCACCGAGGTCTTCCCGGCGTTGTTCGTGCCGACCAGCAGGCTGACCCGGGTCAACCCTTCCACAGTGAGCTTGTGGAAGGTGCGGAAGTCTTGAATCCGCAGGGTGGTCATCATGCTGGAGACTCCAAGCAGAAGAGGGGCAGGCTGCTCCGGCGTCCGGTTGCCGTCGATGACGTGCTCTACCACCAGCACCACCCACGCTCCAGTGACGAACGTGGGTGGTGGGCTCCGGGCTCGTGCTCCGTGAGGACTCCAGAAGTGAACGTCACGGGTTTCCTCCTGGGGTGACCGTGACCGGGGGCCGTGCTATTCCGGCGCCCGGCTGGCCCGAGAGGAGGATTCGCGCGTGGAGAAGGTCCTCAACTATATCGGTGGGGAGCTGGTACCGCCGAGCTCGCAGGTCTGGTTCGACAAGCCCGATCCCGCTACGGGGGAGCCCTCTACCCGGGTTCCCGACTCGGACGAGGCGGATATCCGGCGTGCCGTGGAAGCAGCCCGGAAGGCCTTCCCGGCCTGGGCCGCCACCCCAGCGACCGAGCGGGCGCGATTGCTGCGCCGCGTCGCGGACGCGATTCGCTCCCGAATGGAAGCCTTCGCC
NZ_CP043493.1_gap43	1049159	1052953	3794	GCATGGACCGACTGACATTGAGTCGGAGGGTCCACCGCAGGGGAGCGCACCATGGAGAACGCCGAGGTCGTGGCCATGCTCGGGGAGATCGCCGACCTCCTGGAGCTCACGAACGAGAATCCCTTCAAGGTCCGCGCCTACCGACGGGCGGCGCAGGTGGTGGACACGCTTCCTGTCCCCATCTCCGAGCTGGTGCACAAGGGAGAGCTCGGCAGCCTGCCCGGCGTGGGAGACCACACCGCGGAGCGCATCGCCCAATTCGTCGAGTCGGGCACCTGTGACGTGCTCGAGCGCCTGCGCGGCAAGGTTCCCCCAGGCGTCATGGAGCTGCTGCGCATCGAGAGCGTGGGCCCGAAGACAGCCGCGCTCGTGTGGAAGGAGCTGGGCCTCACCTCCGTGGACGCGCTCGAGGAGGCTGCGCTCAGCGGTCGTCTGGCCACGCTGCCTCGCATGGGCGCCAAACGCGCGGAGGCCATCGTCTCGGCGGTGGCGCGTCACCGCTCCCGTCAGGGGCGCGTCCCACTGCACCGAGCTCTCCCCTACGCTGAGGACCTCGTGGCGCGCCTGCGCGCGATTCCAGGCGTGAAGCAGGCCATCGCCGCCGGCAGCCTGCGGCGTCACAAGGAGACGGTGGGGGACTTGGATCTGCTCGTGTCCTCGACGGACCCTGAGCGCGTGGTGAGCGCCTTCCCGAAGCTGCCCGGAGTGACCACGCTGCTCGCCCAGGGGCCCACGAAGAGCACGGTGCGCCTGAGCGTGGGATTACAGGTGGACCTGCGCGTCCTCCCGCCCGAGTCCTTCGGGGCCGCGCTCCACTACTTCACCGGCAGCAAGGCCCACAACATCGCCCTGCGCACGCGCGCGCTGCACAGGGGGCTCAAGGTCAGCGAGTACGGTGTCTTCGACGCGAAGGGTCGCCGCATTGCCGGCGAGCGCGAGGAGGACGTCTTCCGCGCCGTGGGCCTGCCGTGGATTCCCCCCGAGCTGCGCGAGGGCCTGGGCGAGCTGGAGGCCGCGGCGGCCGGCCGGCTCCCCACGCTCATCGAGGAGGAGGACCTGCGCGGAGATCTGCACGTGCACTCGGAGGCCTCGGCGGACGCGTCCAGCTCGCTGCTGGAGCTGGCCTCGGCCGCGAGGGGGTTCGGACGGAGCTACCTGGCCATCACGGACCACTCGCGCTCGCGCCCCCTGGGCCTGGACGAAGCGCGCCTGCGCGAGCACCTCGACACCATCCGCTGGATGGACCGGGAGCTGCGCGGGCGTCCCCATCTGCTCGCCGGTATCGAGGTGGACATCCTCCCCGACGGCTCGCTGGACCTCGGCGCGGAAGTGCTGTCGGAGCTCGACTGTGTGGTGGCCAGCGTGCACTCGCGCTTCAACATGTCCTCGGAGGAGATGACGGAGCGCATGGTGCGAGCGCTGCGCAGCGGGCTCGTGCACGTGCTGGGACACCCGAGTGGGCGGCTCATTGGGAGCAGGGACCCATACCCGTATGACCTTGAGCGGGTGCTGGAGGTGGCGCGCGAGGAGGGGGTGGCGCTGGAGGTGAACGCGCAGCCCGAGCGGCTCGACCTGACGGACTCGGCGTGCCAGAGGGCGAAGGAAGCGGGGGTGAAGCTCGTCATTTCCAGTGATTCTCACAATGCGCAACACCTGGACGACCTGCGCCACGGTGTCTGGGTGGCGCGGCGAGGTTGGCTGGAAGCGGGGGATGTGCTCAATACCCTGTCACTGTCGGAGCTGCGGCGTCACTTCCGCCGCTCGCGCCGCGTGTCCCCCTCCACCTGGACGGGCGAGGGCCCTGGACTCGCTCCATGACTCAGACATGAAAGGCGGCGTCAATCACCCTCCGGTGCCATGGAGGGTGTCTGGGGATGGGTCATCATGGTGGGCCCTGTCTGTTCAATCCTTGTCGTCACGGCGACCGTTGGTCACTCCCTGTGGCGAGGTGGACGGACTCGGGGAATGAAGCAAATTCACGCGAATCGCGCGAGGGGGCTCCCGTGACACATACCGTGCTACTCGTCGAGGACAGCAACACCATTCGGCACATCCTCAAAATCTATCTGATGAAGTTGAAGCTGGATTTCCTCGATGCGGACCGGGCCGAGAGGGGGCTGGAGCTGCTGCAGACACATCCGGTGCATCTCGTCATCGCGGACGTCAATATGCCGGGCGGAATGGATGGGCTGGAATTCGTGCGCCGTGTGCGCGCGAGTGCGCGCGAGCCGATGCGACAGCTGCCCATCGTGCTGCTCACGGGGGGCAAGGCGCCGGATCTCGAGGCCCGGGGGCTGCAGGCCGGTGCCTCCGAGTTCGTACGCAAGCCTGTCTCCATTGACGCGCTCGCCAGCGTGGTTCGTCGGCAACTCGGATTGCCCGCGGGGGTGGAGCTCGTCGCCTGATCCAACGCAGTCGGGTGTTGAACAGCATTCTGGATTCACTCGCTTGGAGTGTTCAGTGTTGATCGAGCGGGTGCCCGCGGCGAATGACCTCGGGTCGACACACGCGGGACCTTTCGGAATCCTTTCTTCCACGGCTTTCCGTTTGTAGCTGGATTCGCCGAGGGGGATGCAATGAAGCGCACCGTGCTGCTCGTCGATGACAGCGACACCATCCGGCACATCATCAAGGTCTACTTGATGAAGTTGAAGCAGGTGGAGTTCCTCGATGCGGACCGTTCCGATCGGGGATTGAAGTTGCTGGGCGCGAACGCCGTGGACCTCGTCATCGCGGACTTCAACATGCCGGGGATGAATGGCCTGGACTTCGTGCGCGAGGTGCGCTCGGACAAACGGCACGAGGTGAGCCACGTGCCGCTCGTGCTGCTCACGGGCGGCAAGGCGCCGGACCTCGAGAAACGCGCGCTGGAGTCGGGGGTCTCCGAGTTCGTGCGCAAGCCCATCTCCAGCGCGGCGCTCACGGCCGTGGTGCGCCGGCACCTCGGGATGCCCGAGGACGTGGACGACCTGGTCGCCTGAGCCGAGCGCTTCGTGAGTGAGCTGTCCGCCGAGGAGCACGAAGAGCGTATGCTCTCGGGGGTGGAGGGCTCATTCAGGAGGAAGTCGGGAATGCAGCTTCGGAGGATGACGGGCGTGCTTGTCGTGCTGTCGGCGATGGGCCTGGCGCTGACGGCCTGCAAGGGAGGAATCGACCTGTCGTGCTCGGTGGACAAGGACTGCCTCGAGTCCGAGCTCTGCCATCCGGGCGACAAGGTGTGCATGCAGATGTGCAGAACGGCCGATGATTGCCCCAACGAGTCCACCTATGCCTGCGAGCCATTGACCGACGCGAACACCGCAAAGGTCTGCAAGTGCAAGAATCCAGAAGGGTGTAGGATCGGAGGGGGCCCGTAGTGGCCTCAAGGCAGCGCGAAGACGCGATCTTCGTAGTCCTGGGTGAAGCGGTTGCCCACCTCGTCGGTGAGGGGCTGTCCGGCCGCGTCGACCGAGGTGGTACAGGCATAGTGGGCCGCCTTGGCGCGAGGCTGGACGAACATGGGCTGCACCAGCCACCGGCCCTGGTGGTTCGCGTAGGCGTTGCACATGAGCTGCACCTTGTTGCGGTTGATGGCCAGCTTGAGGTGCGTGGCGTCCTGGAGGAAGGACAGGTCCGTGTCCGAGTCCCCAGCGGCGAAGACCTGGCGCGCGTGCTCGTCCGGCGTGCGGAGCAGCTGCTGCTCCGCGGGCTGGTGGAAGATGACCTTGTTGATCCAACAGCGCTTGCCCTGGTCATAGGTGATGAGCGTGTCCGCGCCATCGGCCACGGTTCCGCAGCCCTGGAAGTGGGCCGTC
NZ_CP043493.1_gap44	1088565	1092119	3554	GAATCCCGCTCGAGCCGCCGAACACCACGATGGCCTTGCCCGCGCCGAGCACCGTCCCCGCGGCGAAGGTGTGCCGCACGGACGTCGCGTCCGACAGGGTCCAACCACTGATGTCGATGGACGCGCCGCCCACGTTCACCAGCTCCACGAACTCGCTGTCCGTAGCGCTGCCGGGCTCGTTGGCCAGGATCTCATTGAGGATGACCTTCGCCGGGCTGTTGACCATGTTGATGGTGAAGGGGCCATCGCTCATGTCCCAGTCCGTGCCGAAGGCGTCCTTCACGCGCACCCGGGCCGCCGTGCTGGCCGTGCTCGGGACTGTCCACGCATAGCTGCCCGTGGACGCGGCCACGCTGCTGGCAATCACTGTCCATGTGGTGCCGTTGTCGAGCGAGTACTCCAGCTTCACGTTGGAGATGTCCTGGGCCGTCCAGGAGATGCTTTGCGTCCTGCCCCCTGCCCAGCTCTCGCCACCGTTGGGCCGGGTGACGGTGAGGCCCGGCGCGGGCGTGCGCGTGGAGGCACTGCTCGCGGTGGACTCGTTGCCTGCCGCGTCCACGGCCGTCACCAGGTATGAGTACGTGGTGCCGGGCGTCAGGCCCAGGTCCGCGAAGCCCGTGGTGCTCGTGGAGCCTGCTGACGTGAAGGTGCCGCCGTTGATGCTCCGATACACCCGGTAGCCCGTCACCTTCACGTTGTCCGTGGAGGCATTCCAGGACAGGTCGATCTCCGTAGAGGACACGGCGCTGGCCACCAGCGCACCAGGCGCGGAAGGCGGCTGAAGGTCCGGGCCCTTCGAGGCGTACGAGACGTTCACGGTGCCCTGCTTCACCACGAAGGTGCTTCCATCCGTGGTGCTCAGCTCGATGTGACCCCGAACCTTGTTCGTGGCCGGATCCTCCGTCAGCCAGATGTCCGAGGCGCGCGCCGTCAGTCGATCCAAGCACTCCTGCGTCGGGTGGCCGTAGGTGTTGTCCTTGCCCACGGAGATGAAGGACACGGTGGGCTTCGTCGCGTCCAGGAACGAGTCGTTGGACGAGCTGCGCGAGCCGTGGTGGTGCACCTTGTACAGCTCGAGCTCCCCCACGTCATTGAGGAGGGTGGACTCAATGTCCGGGCTGCCAGTGAGGTCGCCTCCCACCAGGGCGTCGAACTCGCCATACGAAACCTTCACCGCCACGGACTTGGCGTTCTCATCCGCGCTGGAGATGCCGTTGCCGTTGGCTGCCACGACGGTGAGCGTCACCTCGCTGCAGAGCGAGAAGGTCTGTCCCCGAATCGCCGTGAAGCGCCGACCGCTGAAGTGGCTGACGTAGTCGTCATACGCGACTGAGTCGTACCTGCCCCCGTGGTCGTACACCGCATCGATGGAGACCGCGTCCGTGCCCACGTCTACTTCGTCGATGCCGCCCATGTGGTCGGCATGCATGTGCGAGACGAAGACCATGTCGATGTTCGTCACCCCCAACGACTTCAGGTAGGCCTTGATGGTGGCCCCCGAGCCCGTGGGGCCGCCGTCGAACAGCGCCACGCAGCCCCCCGGCGCGATGAGCACCGCCGCGTCCCCCTGTCCTATGTCCAGGGTGGTGAAGCGCAGGCCCTGCGACCACGCCAGGGTGGGCAACAAGGCGGTCAGCAGCAGCAGGGAACGGACGCGGGTCAGCGGGTGGGTGAGCATGGGCTCGCCTCCTGGGACAGGGACATCCGTCGTTATCTCAATCCTTGGGAATCCAGCAAGGCGGTAGGTTTCGATTTAACTGGAAATTCAAATTGCCTGGGAGTCTGGCCTCCTTTGACCGCAGGCAGACTTGCGTGGACCGAACGTTCAGACTACTTGGTTTAACCAGAGGGTTCGTACTCCCGGTCTACCCATCGGCCCGAGGTGCCCGCCGCCATGCCCCGTCCGCGTTTCGAGAAGCTTCCGCCCGAGCGTCGCGCCCACATCCTGGAGGTGGCGGCGCGCGAGTTCGGCGCGCTCGGCTACGAGGGGGCGTCGCTCAACCGCATCCTGGAGAAGGCGGAGCTGAGCAAGGGGGCCGCCTACTACTACTTCGACGACAAGGCGGACCTGTTCCTCGCGGTGCTGCGGCACTGCTGGGCGCACCTGATGGTCGAGGAGGCGCTGCGGCCGGAGGTGCTGCGGGCCGACACCTTCTGGGAGCACCTGTGTGCCCTCTACCAGCGTCAGTTCGGTCTCTTGCGCCAGCACCCCTGGATGATGGGCGTGGCGCGCGCTGTGTGGTCGTTGCCGCCGCACCTGCGTGAGAGCGGGCCGCTGGCGAGCCTCATTGAGCAGGGCCAGGCCCTCATGCGCGGGTTGCTCGCGCGAGGCCGCGAGCTGGGCGTCATCCGCGAGGACGTGCCCGAGGCGCTGCTCGGAGCCTGGGTGCGCGCCCTCGACAATGCCGGGGACCAGTGGCTGCTCGCGCATTGGGAGCAGCTCGACGACGCTGCCATGCGCGAGCACGCGGACCGTGTCGTGGATGCCTTCCGCCGGCTGCTGATGCCGGCCCAACCAGGAGGGAAGTCATGAAGCGGGTACTCATCGTGGGAGCGGGACCGGCGGGCGCGGCCCTCGCGTACATCCTCGCGAGCCGAGGCGTGCCGGTGCACCTGCTGGAGCGCCAACGGGACTTCTCGCGCGAGTTCCGCGGCGAAGGCTTCCAGCCGAGCGGCCAGGACGTGCTGCGCCAGATGGGGCTGGGCGCGCGCTTCGACGCGCTGCCGTCCGTGAGGATGGCGGCGGTCTCCGTGTGGCGGGGCTCGCGGAAGCTGCTGTCAGTGGACGTGCCCGAGCAGGCCCGCGACAACACGGTGCGCATCGTGAGCCAGCCGGCGTTGTTGGAGATGCTGGTGGAGGAGGCGGGGCGCTTCCCGCACTTCCGCCTGGAGCGCGGCGTGGCGGTGCGGGACGTGGTGCGTGAAGGCGGGCGCGTGGTGGGCGTGCGCGTGGAGCGGGACGGGCACGAGGAGGAGCTGCGCGCGGACTTCGTCATTGGCACGGACGGGCGCAACTCGGTGCTGCGCCGCAAGGCGGGCCTGCACGAGGAGCGCACGCCGCAGTCCTTCGACATCCTCTGGTGCAAGGTGCCCGTTCCCGCCTTCTGGCGGCCGGGCGAGGCGGAGATTCACGCCACCACCCTCGGCGGCTTGTGTCTGGCTTTTCCCTCCTATGACGGGATGCTGCAGCTTGGCTGGAGCATGCGGAAGGGGAAGTTCAAGGAGCTGCGCGGGCTGGGCGTGGAGGCATGGGTGGAGGCGTTGTCCCGGGCGGTGCGGCCGGAATTGGGCGCGCACCTGCTCGCCCACCGGGGCGCGGTGAGCCACCCGTTCCTCCTGGATGTCATCTGCGATCGGCTCGTGCACTGGACGGCGCCGGGGCTGCTGCTCATCGGGGACGCGGCGCACCCCATGTCCCCCGTGGGAGGACAGGGCGTGAACGTGGCCCTGCGCGACGCGCTCGTGGCTGCGAACCACTTGTTCCCCGTGCTCGCCGCGGAAGGCTCGCCCGAGGCGCTGGATGCCGCCGCCGCGCGCGTGCAGGGCGAGCGGCT
NZ_CP043493.1_gap45	1108474	1109910	1436	GGACAACCGCCCGGACAAGCTGGGCGGATACAGGAATGTTCGAGGGCTGAAGGTGGATCCGGCGAAGATTGGGAAGGCCAACATCTTCCGCCCCTGGGGCTGGAAGGTGGTCCTCATCGTCTCTGAGCGCGTCAAGCAAGCCATGGAAGAAGAGGGCATCACCGGCGCCAAATTCATCGAGGTTTGAAGTCTCGCGCCTCTCAGCCCGCGGGGCTCGCGCCGGGTGGTTCGGGAGCCTCTTCCTCCGGTGGCAGTACGTAGGGCTCGAGCGTATCGCGGTACTCGCTTACCAGTGTCTCCGGGGCGTGCACCTTCCGGCCCGTGAGCATCGTTTGCAGCATCATCGCGTTGGCGATGCCCTTGCCTCGCACGTGGTTGTTGGTGACCACGTACACATCACTCACGCGCGGGTGCTCGGCGATCTCCTTCGTGCGCTCGGCCCAGGGCTTCAGCTCCTTCGCCGAGTACAGGTAGTCGTAGCGCTCCATCGCGTTCGCCGTCTTGCTGAACCAGTTGCGGTAGTTGCGCCCGTGCACCCGCACGTAGCCCACCGACGACGTCGCCCGCGCGCTCGGCGCTATCGAGTTATGGAAGAGCGGCTGGTCGATGTTCACGAAGCCCACGCCTCGCTCGGCCAGCTCCGCGAAGACGTCCGGGACATTCCAGGACTCGTGCCTCACCTCCAGCACCAGCGGCCAGTCGGAGAACGTCGTCACAATCTCGTCCAGCCAGTCCCGGTTCTCCTCGTTGTTGCGGAACGACCAGGGGAACTGCGCCAGCACTGCCCCTAATCTCTCTGCATCGTGGAGGGTGTCGAGCCCCTCGCGTGTCTGGCTCACCTCGTCGGCTGTCCACACCGCGTTGCGCTCGTGGGTGAAGCGCCGCCACAGCTTCGCGGTGAAGCGGAAGTCCGGGTTGAAGTCCGTGCGCTCCACCCAGAGCTCCGCGTTGCGGCGGCTGATGGGCCGGTAGAAGCTGGTGTTCAGCTCCAGCGCGTCGAAGTACCCCGCCAGGAAGGCCAATGGGTCGAATCCCCTCGGCTTCGGCTTCGGGTACACCACTCCCGCCCAGTCATCGTAGCTCCACCCCGCGGGGCCGATGCGAATCACTTGCGCACCTCCAACCGCACAGGGTGTGCACCGCCTCGACGCTCCGCAGCATGTGTCCGCCTGGTCGCCCCTCGGGTTGCCTGTCCGTATGGGTTCTCAGACGCGGTGTGCGGCCACCGCAAAGGCTGCGTGCCCCGCGAGGGCTACCGCAAAGGCTGCGCCATTTGCGGGGCCCAAACCCCTGGTTCCCGAGGGAAGAGGCGTTGGCTTCCCGTATGCAGTGGAGAGTGGTCGTCACGACGGCTCCAACGGTGAGCCAATCAAGAGGCGCGAAGATGAAGCGAAACCTGCAGATCACCTTCCGTGGAATGAGCCCCAGCGATGCCC
NZ_CP043493.1_gap46	1111478	1114365	2887	TGGCAGCCCCTCGGTTTTTCGAGCCAGGGCCCGCCTGGAGGCTCGCTCCGGGAACGGCCAGCCAGGGGGTTCCTCGTGAAGGGGTTCCAGCAATTTCTTGAGCGGGTGCGCGGGATGTGGAGGGGTAGTGCCGAGGTGCTTCATGCGTGACGAGGGCTCACAGGAAACGCAGGCCCAGGTCTGTCACCGCTGCCTGCTGCGGCTCGAGACAAGCGCGGGGGGTGTAGACCTGCCACGCCGCATTCGCGACACGCTCGCCGCGCAGGGGTGCTCCGGGTCTGTCCGGGTGAGCCTCACCGGGTGCCTGGGTTACTGCCCTGTGGGGCTCGTGAGCGTCCAGCTCCGGCGCAACGGCGAGTTCTTGGATGTGGTGTTGATCGACCCAGCGAGGGATGGCGCGGAGCTGCTCACGCACCTTTCTTGCCCATCATCGGAAACGCCGTAGTCCGGTTGTCCAGGGGTTTGGACCTGCCAGGGATTTGGTGTCGTCCAGAGCAGAACTTTCCTTCTCGGGAAGCGCTCGAAAGTGAAAAGAACCACTCACACCCAGGAATGTGAATCCTGGCTGGGGCGTCGGACGTCCTTAGCTTGAGGCCTGTGCTGACCCAACGTCTGGGCAGCGGGGGCCGGTTGGAGGGCGTGTGGACGGGAACCATTCGAGCATCGAGGGCGATTCCATTTCTCGTGCGGGCAGCGGGGCTCAACCGCCGCAGCTGTCTCTGTCCGAGCCTGAGGCGCCACCGAGCGTCCAATCCGCCTTGCGTGAAGTGAGGCCGGATGACCTGGATGCCATCTTCGATGGCGCGCTCTTCGGGCCGCCCACGCTGGAGGCGGTCCAGGCAGAGGAGGTCGCTGGCGGAGCGGTCGCCGCGCCCGTGCCAGTGGGCGCCATGGATTGGTACATGGAGCGCAACGAGCAGCCGGCGGGCCCGTTCCGTCTGGAGCGGCTGCGCGAGCTGTGGCACCAGGGCGAGTTCGACCCTGACACCCTCTTCTGGTGTGAGGCGTGGACGAACTGGAGGCCGCTGTCCCACGTGCCCGAGCTCGTCGCCGCGATGACCATCTCAGGGCTGCCCACGGTGGCCGCGGACGCGAGTGTCTCCTCGGTTCGCGCGAAGGAGCCCGGCTCGGAGAAGAAGGTCGTCTCCGCGCTGCACTCGCTCGTCCAGCAGGAAGAGACGTGGCTGCGCAAGCAGGAGGAGGAGAAGGAGCAGGCCAAGGAGGAGGCTCGTCTGGCCTTGTTGGATGCGCCGAGCGCTCCCGTTCCGTTGGCTCCCGTGGTGCCGGTGGCTCCGCCCATGCAGCCCGTGGTGGCGCCGGTGGCTCCCGTGGCGACGGGGGGGCTGCTGGGGCCGATTCCTGTTCCTCCTCCCCATGCGGGTGTGCCGGTTGCGCCGTATCCGGGCCTGCCCATGGCTCCTCCCCTTGTTCCCGCCATGATGGCCGTTCCCGTTCCTCCCGAGGCGTTCGCGCCTGTGCGGCGGGGGAGGATGTTCCTGGCGGGTGCGCTCATCGGCTCGGCGGTCGCGGGCGTCATCGTGGGGGCGATGATGCTGTTGCCTCAGGTGCGTCGCGCACCCGAGCAGGTGACCGCGGTTGCTCCGCAGCCCATTCCGGTCCCTGTGGCGGCCGCGCAGCCGAGTGCTCCCGTTGTGGCCCAGACGCCTCCGCCTGCTCCCGCCCCCGCGCCCGTGGTTGCGGCGGCTCCGGCCGTACAGCCCGCGGCGCCAGTGGCGCAGCCTCCGGCGCCTCAGCCCGAGGTTGTCGCGTCGAAGGTCGTCGCCGCTCCGGCGCAGCACGAGAAGCCGAAGTCCGTGGTGGTGGCCGCGTCGGCCTCGGAGGAGCGCATCGCGCGGGTCGCTGAGTCGGCCTCGCAGCGCCGCCAGCAGCCTCCGCCTGCGCCCGTGGCGCCCGTCAGCACGGAGCCGCGTACGGCGGTGAATGACAACCCGCCGGCCGTGGACCCCACCAACTTCGATGACTCGATCGACCAGGAGTTTGAGCGGGAGCTCGGCTTCGCGAAGGGGGCGCCGAAGCACACGCCGGAGGATCCGCGCTCCAGTCGGAGCGTCTATGTGCCGCCCGAGCCCGGCAAGGACGTGCCCGATTCCCTCTCCACCTCGGACATCGTGCAGGTGGTGAGCGCGCACAAGGAGGCCATCCTCGCCTGCATCGACACGCACGAGCCCGAGCGGATGTCGGACTCCGGCAAGGACAAGTTCGTGGTGCGTTGGCGCGTGCAGCCGTCGGGCTCTGCTATCGACGTCGCCATGGAGACGGAGGCCCTCAAGGGCACGCCGTTCGCTCGCTGCATCGAGGGGCAGGTGCGCTCGTGGAAGTTCCCGCAGCACCGGGTGCAGAGCCGCGAGCCCGTCCGCTTCCCGTTCACGTACTGAGCGGGTTCAGCGCGCAGCCAGCTGGGCAGCCTTGAGCAGTGCCTCCACCATGGGGACGCTGCTCGCTTTGCCCGTGCCGGCCAGGCTGTAGGCCGTGCCGTGGTCCGGCGAGGTCCGCGGTACCGGCAGTCCGAGCGTCACGTTCACCGTTCGCTCGAAGTCCAGGGCCTTCGCCGGGATGAGGCCCTGGTCGTGGTACATGGCCAGCACCACGTCGTAGGGGAAGCGCTCCACCTGGGCGAACAGCCCATCCGCTGCGAGCGGCCCGTGCGCGTCCACCCGCAGCCGGCGCGCGCGCTTGATGGCTGGCGTGAGGACCTCCACTTCCTCGCGGCCCAGCAGTCCGCCCTCGCCCGCGTGGGGGTTGAAGCTCAGCACCCCAATCCGAGGCGCCCGGCCTACCACCGGCTTCAGGCTTCGCGACAAGAGCTGGAGCTGGCCCACCAGCCGCTCCACCGTCAGCATCCGCGAGACTTCCACCAGCGGCACGT
NZ_CP043493.1_gap47	1119131	1119884	753	CTCCCTCATTCATCACGGGAGGCTCGTGGATGCGGCAAAAGCAGACTCTAGCGGAAAAGTTGTCCTCGATTGAAGTCACCCTCGTTCCCAGTGATACCCTCCTGCGTGCCCTGCGAGTGATGGAGCGGTACCGAGTCTGCCTGTTGCCCGTCGTCGGGGAGGCCGGGGGGTTGGTGGGGCTCATCAGCAAGGCCCACATCCTGTCGGCCTGGGGTGTGGACCCCCTCCTGCCGGTGTCGCTGGTGATGGCGGCATGTGGAAGGCCGCGGGGAGAATGTCTGGGGGCCCCATGAGGTGCCAGGCACTCCAAGCAGGCGTCCGGACGGGCGCGGGCGTGCGCTATGCTGCCGCTCCGCCGTGCCGGACGCCTGGACCGTCTACATGGTGCGCTGCCGGGATGGGACGCTCTACACCGGTGCCACCAACAACCTGGAACGCCGCCTGGCCACCCACAATCGGGGCCGAGGCGCCGCCTATACCCGTGCCCGCCTGCCGGTGACGCTCGTCTGGAGCGAGCCGGCAGCCGACCGGAGCGCCGCCCTGCGCCGCGAGGCTGCGCTCAAGCGTCTCTCACGAATGGAGAAACTCCGTCTTGTCCAACGGGTGCGCCGCTGACCCGGGATGGGTTTTGTTTGACCTCATTTTGTGACAGTGTTCGGGGCGCAACTCTCCATACCCAAGAATCCGGGGGAGACCGGTAGGACATGACGCAGCAGCACGGGGGAGAGACCCTGGACAGCCAGGAAGCAACGT
NZ_CP043493.1_gap48	1147207	1148681	1474	CGAGCCCCGGCTGCATGCGCGAGCGGCGCTCTCGGAGACGGTGGCGCTGCGGCTGGGCGCGGGCCTCCTGCACCAGCCGCCGGCCCACCTCCTCGACGCGCCGGGCGTGGAGGCGGCAGCGGCGCGGCTGGGGCTGCAGCGGGCCTTCCAGCTCGAGGCGGGTGCGGACATGCGGGGAGCCGCGGGCTTCACCTTCCGCGCGGACGTGTTCGTCCACCCGAGTGTGCGCACGGTGGAGTTGGACGTGCTGTCCTTCGACCTCCTCGCGGACGACCCCGCGGCGCGGGGGCAACTGCGCACCGCGGAGGGGTACGGTTACGGCGTGGAGTTGATGGCGCGGCGCCGGCTGTGGAATCGCTGGTCGCTGCTCGCCTCGTACACCTTTCAGCGGCGCACGTTGAGCACGCGCGTGGAGCGGCGGGATGACACGGGCCGGGTGGTGGGGGTGGAGACGCTGCCCCTGGCCTCCGCGCTCGAGCAGCAGCACGTGCTCAACGCGGCCGTCACCGTGAAGCTGCCGTGGGGCCTCACCGTGGGCACCACGCTGCACTACAACACCGGGGCGCCCGAGACGGGGAGCCTGCTCTTCTCGTCCACGCAGCGCGAGGGGGTGGATCCGGAAAAGGGGACGGCGCGCTGGGTGCCGGCGGACCGGGATCAGGTGGCGCGCCTGCCCGGCTACTTCCGGGTGGACGGCAGGGTCTCGAAGACTGGCCTGCTGGGACCCCTGGAAGTGGAAGCGTGGCTGGACGTCTTCAACCTGTCACTGACGAGGGAGGTGTTCCGCTACTCCTATGGGACAGAGAAGGGCCAGTTGGTGCGCAAGCCCTTCGGTCTGCCGCCCGTGACGCTTCCATCGCTGGGAGTTCAGGCGCGCTACTGACGCCACGCCGCTCGCCAACGGAGCGGTATCTCTCCGGTTGCACGGGGGCACAGGAGGACGTATCGACGTCTCAGGGCGTCTCCAGCCCGAGCCGAGGAGCGTCGAGCATGTACCGCGCGGATACGGTCGTGGGTCTCATCGAGCACGGTCACGAGGGGGACCTCGCGATTGGAGCGCCGGGGCGGCCCGGTCTGAGCTATGGCGGCCTGCGGGAGCTCGCGCGGCGCACCGTTGCGGCGCTGAATGCCCTGGGGATTGGGCGCGGTGAGCGGGTCGCCCTGGTGCTGCCCAATGGGCCGGAGATGGCGACGGCCTTCATCTCCTTCGCCTGCGGTGCCACCACCGCTCCACTCAACCCCGCCTACCGTGCGGAGGAGTTCGAGTTCTACCTCTCGGACCTGAACGCCCGGGCGCTCGTCATCCTCGAAGGAATGGAGAGCCCCGCCCGCGCCGTCGCTGCCGCTCGAGGCATTCCAGTCATTGAGCTGGTCCCCGAGGCGAGCGGTCCCGCGGGCCTCTTCACCTTGAAGCCGGAGAGGCCACTCTCTGGCACGCCGGCACGGGCGGGCTTCGCCGAGGCCGAGGACGTAG
NZ_CP043493.1_gap49	1164793	1168477	3684	ACTCCGCGGTGCTGGCCCTCGCGGCCCGGTGCCTCGGAGGACGCCTGCGCGCGCCCTTCGGGCGCGCTCCGGCGGCTCAGCACCCAACACACAACGAGGAGACGAGACGATGCTGGTGGAGCAGACGCTGGAGAAGCTCAACGCGATGAAGCTGTACGGCATGGCCAACTACCTGCGCACCTGGGTGGAGCGCACGCCCGACAAGGAGCTGGGCCCGACGGACCTGGTGGGCCTGCTGGTGGATGCCGAGTGGGTGCACCGGGAGAACAAGAAGCTCTCCTCGCGCCTGCGCAACGCGCGGCTGCGTCAGACGGCGTGCCTGGAGGACATCGACTACAGCCTGGCGCGCGGACTGACGAAGGGCCAGGTGATGGAGCTGTCCACCTCGCGCTGGGTGGCGCAGGCGCAGAACGTGCTGGTGACGGGCCCCACCGGCGTGGGCAAGAGCTTCCTGGCGTGCGCGCTGGGGCAGAAGGCGTGCCGCGATGGCTACGGCGTGGTGTACCGCCGCACCTCTCGTCTCTTCGACGAGCTGGCGCAGGCTCGCGCCGACGGCACCTACCCGCACCTGCTGCGCAGACTCGCCAAGGCCCAGGTGCTGATTCTGGACGACTTCGGTCTGGAGCCGCTGGGCGCCAGCGAGCGCAAGGAGCTGTTGGAAGTGTTGGAGGACCGCTATGGCTCTGGAGCCACCGTGGTGACCTCCCAGCTCGACCCCAAGGACTGGCACGCTGTCATCGGCGACGCCACCCTGGCCGACGCCATCCTCGACCGGCTGGTGCACAACGCCCACCGCCTCAAGCTCACGGGCGACTCGGTGCGCCGTCCGGAAGGGAATTTGACCCGGGCCAAGAAGGGGGCGAAGTGAACCCCGGCCAGCGTCGCTGACGCTCCGACTGTTCCACATGGCCGGAACGGGCGTTCCACTTCGCCCGGAACGAGTGTTCCACTTCGCCGGAATACGCATTAAAGACGCAGCCGTCGAGAGATTTGGTGGTCATCACCCACCCGCTCCATCCGTTCGTGGGTCGCGCATTCCCCGTGCAGCAGCGCCTGCGCTACCTCGGCCGCCCCAGCGTCGTGCTGCTGTATCCTGATGGCCGTCTCGCGACGGTTCCCGAGGATTGGACGGACCTGAGGCCCAGGCCCCCACCGCTCGAGTTCCAAGGGAAATGTCCGAAGCTGCACCCTGAATCGCTCCGCGAGCTGAGTGCCCTTCTTGATGACTTGAGGCATGGGTTGCCGCTCCATGACCAGGAAGGTAGTGCGTCGGACGAGAAGCGCCAACGGCCGGTCATCGCCGGGCGCGCTCTACGCCGCACTCCCCGCGGCGGCCCGGCACGAGCTGCTGGGCGTGCTGGCCGACGTGCTGCTCAAGGCCCTCACCAAGGCTCCCGTGGAAAGCGAGGCAAGCGATGAGCACCAAGATTCGGCCAGAGCACCTGGCCAGACCCGCGCTGGTGTACATCCGCCAGTCCACCCTGTTGCAGGTCCACGAGCACCGCGAATCGACTGAGCGCCAGTACGCCTTGGTGGAGCTGGCCAAGAAACTCGGCTGGGACGCCACCCAGGTCGAGGTCATCGATGAGGACCTGGGTCAGAGCGGTGCCAGCTCCGCCCGGCGCAAGGGCTTCCAGCGGCTGACAGCCGAGGTCAGCCTCGGCAAGGTGGGCGCTGTCTTGTCGTTGGAGGTGTCACGACTGGCGCGCTCCTCGTCCGATTGGCATCGGCTGCTGGATTTGTGCGCGCTCTCCGACACGCTCATCATCGATGACGATGGCGTCTACGATGCCAACGACTTCAACGACCGGCTGGTGCTGGGCATGAAGGGCACCATGAGCGACGCCGAGCGCCACTCCATGCGCCTGCGCCTGCAAGGCGGCATCCTGCACAAGGCGAAGAAGGGCGAGCTCGTCTACCCTCCTCCTACTGGCTACGTCTTCGAGGATGGTGCGCTCGTCTTCGACCCCGACGAGCAGGTGCAGAAGGCCATCCGTCTTCTCTTCGAGCGCTTCCGCCTGGAAGGCAGTGTCAGAGGCGCCGTGCGCTACTTCACCCGCAACAAACTGCTCTTCCCCTCACGTCATGCCCACCGGGGCGCTCCGGCGGAAATTCGCTGGCACGCCCTGGACGTCCCGCGTGCCGTGTCCATCCTGCGCAATCCGGTGTACGCCGGAGCCTACGCCTGGGGCCGCAATCGCGACCGGCGCGTCCTCGTCGAAGGCGCGGTGCGACGCAAGCACGAGACGCTCCAGGAGCCAGAGCAGTGGCATGCGTTCCTGCGCGATGCGCACCCCGCGTACATCTCCTGGGAGCAGTACCTGGAGAACTTGAAGCGCCTCGAAGACAATGCCGTCAGAGGGGCGCATGTGCTTGGCCGAGGTGCGCCACGCGGAGGAGTGGCGCTGCTGCAGGGGCTGGTGCTGTGCGGCAAGTGTGGCCGGCGGATGCACCCGGTCTACTCCGTCGCCGACGACCCCAGCTACCAGTGCAGCCGGAGCATCTACGGCGAGGGCAACTGCTGGTCCACGGTCGCACGCCGCATTGACGACAAGATAGTCGAGACCCTGCTGGCGGCTTTCGCCCCGCCCGAATTGGACCTGTCGCTGGCGGTCCTCAAGGAGGTGGAGCGGCAGGCCGAGGAGGTCAACCGCCAGTGGAAGCTGCGCCTGGAGCGGGTGCGCTACGAGGCCCAGCGCGCCGAGCGCCAGTACAACGCCGTGGAGCCGGAAAATCGCGTGGTGGCCCGCACGCTGGAATCACGCTGGAATCAGAAGCTCGAGGAACTCGCGCGGGTCGAACATGAGTACGAGCAGGCCAGGAGCACCAGTCCGCTGGAGCTCTCGGACAAGGACAAGAAGAAGATACTGGCGCTGGCGGGCGACCTGCCCGGGCTGTGGAACGCGCCAACCACGACCAACTCGGACAAGAAACGGATACTGCGGCTGCTCATCCAGGAGGTGGTGCTCTCGCCGGTGGACGTGCCCAAGCGAGCCACCCGCATCCGCATCCTCTGGAAGACGGGAGCCATCACCGAGTTGCAGACGCCTCGGCCCACGTTTTCCGAATCCAGAAGGACGCCACTCCAGGTCATCGCTGAGATTCGCAAGCTCGCCAGGAAGCATTACAGCGATTCGCAGATAGCAGAGGAGCTCAACCGGAGTGGCTTGAAGAGCGGCCTGCGTCACGCCTTCACCAACCGCCTGGTGGCGGGCATTCGCAAGCGACAGGGCATTCGTGCTGGACGAACTGCTGGAGGATTCAGCATCCGGGCGCCCGAGCGCGACGAGCAGGGGCTCTATTCCATCCGCGGTCTGATCGCGCATTTCGGAGTGACGGCCCCCATGGTCCACTACTGGGTCAACCGCGGCCTGATAACCCCCGTGCACAGCCGCACGCCCATGCACAAATGGAACAAGGAGCCCTTCTGGTTCGAGATGACGCCCGAATTGGAGGCGCTCCTGGCCAGGGCGCGCGAGCAGGGCTACGCACCGGGCAAGCCGCCGCATCACCGCGGTCACAGTGGCCATCCGCGCCCGCCGGCTCGTCTGCCTGACGGTCGCTACTCCACGCGCGGCCTCGTCAAGAAGTACGGAGTAACCTGGGACACCGTGCGGTACTGGATAAAGAAGGGCATCCTCACGCCCGAGCGCGCTCTACCGAAGGGCAATTTCTGCTTCCGGC
NZ_CP043493.1_gap50	1303399	1304783	1384	CTGCCGTCGGTGCGCCTGGGGCAGCGGCAGCTGGTGCAGGTGTTGGTGAACCTGCTGCTGAATGCAGCGGACGCGGTGGAGATGGCGGTGCCCGCGCGCCGAGCTCACATCTTGGTGAGGGCAAAGCGAGTGGAGAGCGGGGTGAGGTTGGAGGTGGAGGATAACGGCCCGGGGCTCTCCCCCGAGGTGCAGTCGCGGCTCTTCGAGCCCTTCTTCACCACCAAGCCGCCGGGGAAGGGGACGGGGCTGGGGCTGGCCCTGTGCCGCGAGTACGTCTCGCGAGTGGGAGGCACGCTGCACGCGGAGAATCGCTGCGAGGGCGGCGCCCGCTTTGTCCTGGTGTTGCCGACGGTGGCGGAGCGCACCTCCGCGCCGTCGTGCAGCCTCGCGAGCTAACCGAGTTGCGCATGCTCCCTCTCCCTCTGGGAGAGGGCGGGGGGTGAGGGTAGTCGAGCCCGTTCTTCAACCCATGGGCCCTCGGTGTGGACAGGGGGGGGTTCAACCCGGGACTTTCATACCCTCACCCTGTCCCTCTCCCGAGGGGAGAGGGGAAATGGCCGCGGTTGTCAGCGCTTGTCCCCAGGGGCTCTCCTTGGCGCACTTACCTGAAGGAGCTTAGGGTGTATTGCGGTGACGGGCCCGCCAGGCGCTGGGGGACTCACCCGTCATCTTGCGGAACAAGCTGCTGAAGTGCTGAAGCGAGGCACACCCTACCTCCACAGCCACGGCGGTGAGCTTGGCGTCGCTCTCCAGCAGGAGCGCTTGGGCGGTGCGCACCTGCACCGTGTTGAGCTCGGACTGGAAGGAGGTTCCGGCCTCGCGCAGGCGGCGCTGGAGCGTGCGCTCGGACATGCCCATCTCTCGGGCGACGTCCGTGAGGCTGGCGTCCACCAGTCGCGTCCGCAGCACTCGGTGCAGCTCGCCGAGCAGCGGTGACTGCCCCATGAGCTGGGTCACCAGGTCGTTGAGCTCGTTCATGAGGGCGCGGGACTCGCTCTCGGGACGGCCCAACCAGGAGAGCGCCTCGAGGGGATCCGAGAAGGCCCGGGTGGGGTAGCTGGAGCTGACGAGGCTGTAGAAGCCGCCCACCACCGCACCGGCCATGCCCTCCGGCCGCACCAGCGCCTGGCGCTTCACCGTCTGGGAGAAGCCGGAGATGCGCGGCACCATGTACTTCACCAGCACGGCGAGGCCGTTGGCGTCTGGGGCCTCCACCCGGCGCGCGTCCACCAGCGACACGTGGGGCGCCGAGGGCGCCAGCTCGACGTCCAGCACCTGCGTGAGCCGTTGAATCTGCGCCTCGCCCGGCCTGCCCCACACGGTAAATCCACACACCTCGGGCGAGGCGTACCAATGGAGGAAGCTCTCCCCCGTCAGGTAGCGG
NZ_CP043493.1_gap51	1306109	1307353	1244	CCATGGCCTTGGATAGCTCCTGCTTCGCTTCTCGTTTCTCCCGGTCGGAGGCCTCCTTATTGCGCGTATGGCGCTTGCCTCGCCTGGACGTAGAGGACTGCTCGGGGGTGACTGGGTAAGTCGTCTTCGACGCCATGGATCCTCTCGGCTCCGTCCTGACTCCGCTGGTTATATGACTTTTGAAGTCACGTGTCAGCGGATAACTTTTGGAGTCGGTTCAGAATCGACAACCGGGGGGCGGGGGGGAGGCGGCTCTGTTGGGGGCTTTGCACTTCCCTGGGCTGGAGGCGGGGAAGGGCCCGGAACCGCCGGCTGGCTGCTCGGGGACGGAATCGCCCAGAGGCCCGAGAAATCGGCCCCAGCGCGATTGTCAACCCCCGAGGTGGGTCGGAATGGAAAAGTCCTAGCTATTTCAGGGGTTTACCTAGCATGACGTTCTGACATAGGGTGGCGCCCTCCCGGGGGTCCCCGGGTACCGGAGTCCCCCGCGTTCCCAGGTGCGGAGGCTTCCAGGCGTGCCCCGGTTGGGAGGGCTGTTCAGGCTGTGAGTGACGAGCGTCCGGACGCGCTGCTCAAGAGCGCACTCGAAAAGATCGTCTACTTCGAGGCCCGTGCCGAGCAGCTCCACCATGAGCTGATGTCCACGCGCGAGGAGATGGAGCACCTCAAGCGCGAGCTGACCCTGTCCGAGGAGCGAGAGCTGGCGCTGCGGCGCGAGGTGGCGGAGCTGGAGGTCCGACTGGGCCGCCTGGCTGCCGACCGCGATGAGCTCACCCGCCTCAACCAGGCCCTGCGCACCGAGCGCAGCCAGCTGCTCGGTAAGCTGCTGGAGGCCAGCCGCATCCGTGCCTCGGACCGGCCCGAGCGCGAGGAGGACGAGGACGGCCTGGGCATCGACCTGGCCTCCTTCATCTCTCAGCTGCGCAGCGAGGCGCTCACGCGTCCGGCCGAAGCCGTGTCCGCGCAGCCCGCCCCCGTGTACCCGTGGCCCGCGTCCTCCGAGCCGCAGCGCTCCCAGCAGGAGGAAGAGCCGGCCCCCGCGCTCGCGGTGGTGGCGGCGTCCTCCTCGGCGGCGAACGTCTCTCCGGTGATGCAGCACGCGCAGCGCCTCATGCTGGAGGGGCGGCTGGCGGTGAGCCCCGGGCAGATGGCGGAGCTCTCCGGGTCCGGGGGCGGCGACGAGACCCTCTTTGGCTTCTCCGTGCGCGAGCTGTCGGCGCCGGATGCCACCTCGCGCGTGCGCG
NZ_CP043493.1_gap52	1308523	1312937	4414	GCACAGCTCGGCGCGTACCCGCCGTCGCTCGGCCGCCGCAAGCAGCTCTTCCTCAACTTCAAGGGCGGCACCGGCAAGACGTCCCTCTCCACCTCCTACGCCTGGCGCCTGGCGGAGCTGGGCTACAACGTCCTGATTGTGGACCTCGACAGCCAGGGCCACGCCACCAAGTGCCTGGGCTTCGAGGGCGAGGACTTCGAGAAGACGCTCCTCAACGTCCTGGTGCGCAAGGCGCCCATGGCCGAGGTCATCCAGAAGACCTCCCTGCCCAACCTGCACTTCGTCCCCTCCAACCTCACCATGTCCACGGTGGACCTGGCGCTGATGCCCATGGCGGGCCGCGAGTTCAAGCTGCGCAACGCCCTCAAGGAGGTGGAGGCCCAGTACGACGTCATCGTCTTCGACGCGCCTCCCTCCTTCGGACTGCTCAACCTCAACGCGTTGATGGCGGCCAACGACCTGTTCGTCCCGGTGCTGGCCGACTTCCTCTCCTTCCACGGCCTCAAGCTGCTCTTCGAGACGGTGCAGAGCCTGGAGGAGGACCTCAACCACGTGCTGGACCACGTCTTCATCGTGGTCAACTCCTTTAACGCCACCTTCAAGCTGGCGAAGGAGGCGCTCGAGGCCCTCCAGACGCACTACCCGGAGTACCTGCTGCCCACCATCATCCGGCAGTGCACCAAGTTCGCCCAGGCCTCCAGCGAGGGCCGGCCCGTCTTCGTGGCCGACCCCAACTCCAAGGGGGCCAACGACATCGAGGCCCTCATCCAGAACGTGCTTCCACGCTTGCGGGTGAACACGGCTCCCGGTAGCGATAGCGGTACGCAGCAGGCCGGTTGACGTCACCCCACCTCTTCGGCTTCAAGGCACAGCCCATGAAGAAGGCCTTCGAACAGAACGTGTCCCGCGCCAAGCCGCGCCTCCGCTTGGGGGCCTTCACCGGCGTCGTCGATCCCGCCGCGCCCGAGGAGGCCCAGGAGTCCGTCGAGCCGCAGGCCCAGGTGCAGGCTCCCGAGCCGGAGCCCGAGCGGCTCGCGGCCCCCGAGCCCACGCGAGAGCCCGAGCCGCCGACCGCCGCCACCAACGATCTGTCCGCCGAGGTGCGGGCCCGTATCGAGCGCGCCCGCGCGCCGCGCCCCACGGCCTCCGAGGTGATTGAAGCGGCCCTGCGCTCGCCTCCGTCCCAGGCGCAGCACCACGCCGCGGAGGTGGCCGCTGCTCCGGCCCACGCCGCTCCTCCCATGACGCCCCCCACGGCGCCGGTGGCCCGGGTCGAGGCGCCCGAGCCCGAGGTGGAGGTGCAGACGCCGTCCTCGCCCCGTGAAGACCTGGACACGCACGCCCGCCGCGAGCGGCTCAAGGAGCGCCTCAAGGCGGTGCGCGAGAATCCGCGTCCCGAGCCCCTGCCGGCCAGCGTCGCCGAGGCGGGCATGCGCGCGGTGGAGCGCATCTCGGCGCTGCAGAACGAGCTCACCAAGGTGAAGGCCCTCAACCTCTCCCTCACCCAGGAGCTGGAGGTGTCTCGGCGCCAGTCGGAGAAGGCCACCGAGGAGGCCCGCCTGCGCATGGACGAGGCCCGCCGGCTCGCCTCCGAGATGGAGGGCCGGCTGAAGCTGCTGGGTGACCTCGAGCGCGAGCTGGCTGCGCTGGAAGGTGAGCGCGACGAGGCCCTGCTGTCGCTGCAGGAGGCGCGTCAGGCCATGCAGGCCGCTGCCCAGGAGCGCGCCAACCTCGAGGCCGCCGTCGCCGAGGCCAAGAAGGCGCTCGCCGACAGCCTCTCCGAGGAGGAGCGGCTCGCCAGTGAGCTGGAGGCCTCCAAGGACGAGGCCGCCGCGTTGCGCCGCGCCGTGGACACGCTCCAGGGCGAGCGGGATGTGCTGGCCCAGCAGGTGGCCTCGCTCACCGCCGAGCGCGCCGAGCTGCTCGAGGCCCGCAAGGCACTCGAGGCCGTCCACCGTGCGCTCAGCCAGGCCGTGGCGCGCTGATACCGGGAGCTACGTGCTCCCCTTGGTTGCTTCGCAAGCCCGCCTGGGTCCTCGTGACCCGGCGGGCTTTTGCTTTGACAGACATTAGATTGACAGACATTGGACCCAGGTCCAGAGCGAGGGGCCAGCCGAGCCATCGCCTCTCCTGATGCCGCACAGGCGGAGACTCCGAGTGCCGTTGCCGCACCTGGAGTGACGTCTGAGCTTTACCGCCGAACCCGGGGGGACTCGGAGGCCATTCCGCTGTCCGATTCCTCCCACGTGCGCCGCGCAAAGGAGTCAGAAGTGGCCCTGGATCTACTTAAGGAGAAGGGTGTTCCTCTGGACCGCCAGAAGTTCACCTGGAAGGACCTCACGCGCCGTACCTTCAGCAAGCTGGACGATGACGCCTTCACGCGAGTGCGCGTCATCCTGATGAACGGCATTGAAGCGGAGTCGGTGCGCTTCAGCCACGCTTGCGCGCGGATGAACCGTGAACTTCGCGAACCTCTCGCCCTCATCCGCCGGGTGGAGCACTTCCAACAGACGATGGTCAACTGGATGAACCCGCCCGACCAGTCTCCCCTCGAGACCACGCTCGGCTACGAGCAGACGGCCATCGAGGTGACGGCGAGCGTGGCCCAGCACGAGCCAGACCCCTACCTCGCGCAGACCTACCGCTTCGGCATGCTCGAGGACTTTGATCACCTGTATCGCTACTCGGCCCTGTACGACCGGTTGATGGGCAAGGATCCCAACAACATCGTCCAGAGCTACTCGGACATCATCCCCGGGCGGCCCACCGTGCTCGAGCACCGTCACCCGCTGGACGACGTCCGTAGACCCTATGACGCGCGCACCGCGGATCCCATCTCCAAGCTCAACGCGCTCACCATCGTCTCGGCCGAGAACCAGGTTCACACCTACTACATGAACATCGGCCCCATCTTCACCGACCCGGTGGCGCGTCAGCTCTACGCGGAGATCGCCGCCATCGAGGAGCAGCACGTCACGCAGTACGAGTCGCTGTGCGACCCGGGCGAGTCGTGGCTGGAGAAGTGGCTGCTGCACGAGGCCAACGAGGTCTACAACTACTACAGCTGCCTGCACTACGAGTCGAACCCCGTCCTCAAGGACGTGTGGCAGCGGTTCGTGGACTACGAGCTGGGGCACCTGCACTACGTGATGGAGCTCTTCCAGCGGCTGGAGAACCGGGACGCGGCGGAGGTGCTGCCCAAGGAGCTGCCGGAGCCGGTGCGCTTTGACACCCACCGCGAGTTCGTGCGCCAGGTGCTCCGCAACGAGGAGACCTTGAGCGCCAAGGGGACCGAGTTCGTGCCGCGCGCCGAGGAGCACGAGCGCACGCTGCGCTACCGCGAGGCGCTGCACTCGGAAGGCGTTCCGTCGGATATCGCTTCGGCGGGTTACATCTGGCGTCCGGGCACCGAGCTGTCGGTTGAGTCCGAGCGCGTGGGCGCGAGCACCGTGGCCGAGGGGAGGATCCAGTAATGGAACGCAAGGCGAGCGAGATCGGGATGAACCGGACGGGCATCAAAACCTCTCCGGTGCACAGCAAGGAAGCCATTGAGGGGGCCGAGAAGCGGGGCCCGAGCAGCCTCGGGGATGCCTCGGCCATCTGGAGGGTGCGCCAGGAGTTCTCGCGCGAGGTGGACAACCTGGGCTCGGTGCCACCGCCCACTCCGAAGGGGATGGTGAAGACGGCGGTGGTCATGCTGAAGGGCGGCCGGGCCACCGTGTTCGTCGACAAGCTGGGCCAGCGCCTGGGCTTCGAGCGCACAGGTGTGCGGCTCTACGAGTCAGCCCTGTCCAAGCTGGACGTGTTCGGCACCTGGGAGGGCGGACCCTCGCGGGAGCAGCTGGAGAAGATCCGCCTGGATGAGCTGTCTCACTTCGCCCTGGTGAAGCGCACCATGGAGAAGCTGGGCGCGGATCCCACGGCGCTCACGCCGGCGGCGGACCTGCAGGCCAACATCTCCGAAGGCGTTCCCAAGATGCTGGCGGATCCGCGCGTCAACCTGCTCCAGTCGCTGGAATGCCTGCTGACGGCCGAGCTCGTGGACAACGCGAGCTGGGAGCTGCTCATCGAGCTGGCGCGCGAGCTGGGGCACTCCAACATCGCCGAGGAGTTCCAGCGGGCGCTGGACGTGGAGCAGGAGCACCTGGCGCTGGTGCGCAGCTGGATCGCCACTGGGACGATGTTGGAGGCGAGGGTCGGCGAGGAGGCCGCTGGCGCTCCGGCGTAGTCGCTAGAAGGACGAGTTCGGCTCCTGGAGGAAGGCGACTTCCTCCGGAGTCGACTCGCGGCCCAGCCGGGTGTTGCGGTGGGGGAAGCGCCCGAAGCGCGCGATGATGTCGTGGTGGCGACGGGCATACTCCAGCGACTCGGCGCTGCGCGGGTGCTGGAGGGTGAGCGTCTCGAAGAGGGACAC
NZ_CP043493.1_gap53	1360003	1364209	4206	CGGATCGGCTGCGACCGTCTCCGAGTAGACGCGCTGGGTGCCATCCGAGGTCTCGGTGCGCTGCACGGTGATGGCGGGCACCGCGCGCTCCTCCACCGTGAAGGTGCCACGGGTGCCAGACGCGGCGGTCGTGGGAGGCCAGTCACCCGCACTCAGCGCCTCGAAGGGCAGGCCCAGCAGCACCTCCTCGAGGCGCTCCGGCTCGGCCTGGGAGAAGTCGGAGCAGGGGGCCGCGTTGGTGTCGATGGGGCCCTCGGTGCGCAGGAGGAAGCCGCGCTCGGCGGCGAAGCACACGCGGAACACGCTGGGCGAGGGGGCCATGTCCACGCGCCGGTCGTAGTACGCGCCGGGGCCCAGCGGCCTGTCCAGCGCGGGCACGGCGGCGTTGGTCCCCGAGCCCTCGCGGAACTCGCGCAGCGTGACCTGGATACCGCCGGGGACACGGAAGCCGGCGGACTCGGTGTTTGACTCGAGCAGGCCGTGGGTGAGGTAGAGCGGGCCCGGCTCGTTGGCGTACACGCGCGTGCGCAGGGGGCCATCCACGGGGCGCTGATCACTGACGTAACGCATGGCCTCCCAGGTGCGGCCGGCGGTGGTGGGGCGCTCGGCGCTGGCCTCGCCCGCATGGGGCACGTCGAGCGGGCGCGTCACGTCCGCTCGCACGGGGATGAGCTGGTCCTGTGCGAGCCGCGTCTGTGCGAGGGGCTTGCCGGCTTCATCGGAGAAGGTCACGCGCACCCAGACCCAGGGCTGCTGCACGGCCTCCACTTCCAGCGTCACCTGCCCGCTGAGCGCTCTCGCGGTGCCGCCTTGGGGCGCGGGGCCCTGCTTGGCGGAGAAGGCGTAGGTGACGCGGTCGCCCACGCGGGCGCGCTGCCAGCCGTCCTGGGTCTGCACGGGGGCGTCCTTCTGGGTCTGGGGGTCGGAAGGGGAGGGGCCGCTCGACTTCGTGCTCTCGCAGCCCGGGAGGAGGGACAGAGCCGCGCCCAGCAGCGCGGCGACGGAAAGAGGGGAGTGGCGCATTTGCATGTGAGACTTGATACACCGGGCGTGTATTCAGTCCCATCTTTCGTTGGAGCCGCGCGCATGCCCCCGTCCCTGCCCATTCGTCGCGTCGTCCTCTACAAGCATGGTGTTGGTTACTTCGAGCGCCGCGGCAAAGTGAATGGAAGTGAAACACTTCACTTCGACTTTAAGGCACGGGACATGAATGACGTCCTGAAGTCGATGACAGTATTGGATTTATCGGGTGGCTCGGTATCGGCGGTGAGCTACGACTCCACCAAGCCGCTGGAGCAACTGCTCCAGGAGGCCACCATCCGGATTCCGGACTCGGGGAGCCTCACGGCGCTGCTGGGACAAATCAAGGGCGCGCGGGTGCGTGCGCGGGTGGGCCGGGAGCAGCAGGTGGAGGGCGTCATCGTGGGGCTCGAGTCCCTGGCGGTGGCGCAGGGCGAGGTGGCGGTGCACCGGCCCTTCCTGACGCTGCTGGTGGGCGCGTCGCTGCGCAGCTTTGATCTGCTGGACGTGGCGGAGCTGGTCTTCCTGGACGACACCGTGCGCAAGGACCTCGAGTTCTACCTGGCCACGGTGCTGTCCTCGTACAAGAAGGACACCAAGCGGCTGTCCGTGCTCACCGCGGGCGAGGGCGAGCGGGAGTTGTTCGTCTCGTACGTGCTGGAAGCGCCGGTGTGGAAGACGAGCTACCGCATCCTCCTGGACGAGGAGCAGAAGCCGCTCTTGCAGGGCTGGGCGGTGGTGGACAACACGGGGGACGAGGACTGGGAGGACGTGGACCTGGCGCTCATCGCCGGGCTGCCGGTGTCCTTCGTGCACGACCTCTACAACCCGCGCTACATGAAGCGGCCCGTGGTGGAGGTGCGCACGGAAGCGGCCGCGGCACCCGTCATCCCCGAGGAGGCGTTCGAGACGGCGGCCGAGGAGGAGGTGCTGGCCGACGAGGGGGCGCCCATGGAGATGATGAAGGCCATGCCGGCGATGGCCGCACCGGCTCCCGCGCCCATGCGGACCTTCGGGGCGGTAGTGGGGGGCGCGAGACGGCGCGAGGCCATGGAGCGCAGCGCGGACGTGAAGACGCTGACGAAGGAGGTGGGCGACCTCTTCGAGTACCGGGTGGACCACCCGGTGACGGTGCACCGCAACCAGAGCGCGCTGGTGCCCATCCTCCACCGTCCCTTCGAGGGCAGGCGCGTGCTGCTCTACAACCGCTCCACGCGCGAGAAGAACCCCATGGCGTGCATCGAGCTGAAGAACACCACGGGGCTGACGCTGGAGGGCGGGCCCGTGACGGTGACGGAGGCGGACACGTACGTGGGCGAGGCGATGCTCGACACGATGAAGCCCGACGACAAGCGCTTCGTCCCGTACGCGGTGGAGCTCGGGTGCGTGGTGTCGGTGGAAGACAAGATGGAGGAAGGGCCGGTGTTCAAGGCGGTGGTGAACCGCGGCACGCTGGTGGTGGAGTTCTACCACTTCCGGCGCACCCACTACCTGGTGCGCAACAAGGGGAAGCGGGCGCAGACGCTGTACCTGGAGCATCCGCGCACGGGCTGGCAGCTGCAGGATACGCAGGAGCCCGATGAGACGACGGACGGTTTCTGGCGTTTCAAGCGCGAGCTGGCGGCCGGTGCGAGCGAGGACTTCGCCGTCACCGAGTACTCGGGAGGCCAGCGCTCGTACTACCTGTCGAACACCGGCGCGGACGAGGTGGGCTTCTTCCTGAGCTCGGGCTTCATTGACGAGCGCGTGGCCCAGGGCATCCGCGAGGTCATCGCCATCCGCGAGCGGGTGGCGCGGCTCAACGAGGACGAGCAGCGGCTGACCCAGGAGCGAGCGCACCTCTTCAAGGACCAGGAGCGCATCCGGGCCAACATCGAGTCCCTGAAGAGCGGAGCCTCTCAGCGCGAGCTGGCCGAGCGCTTCGTGACGAAGCTGAACGAGCAGGAGGATCGGCTGGAGTTCATCGCCCGCGAGCTGGAGCGGGTGGCGCGCGAGAAGCGCGAGGCTCAGGACGAGGTGAACCGCAAGGTCCAGGCTCTGTCCTTCACCGCGAATCTGGGCACGCCCCCCGCCGACAAGGGCAAGGGCAAGGGGCGAGCGTAGGGGCGAGGAGCCGGGGTTCTCCCGCCCCGGCTCCGCCTCCGTGCGCTACGGGGCCCGGTAGACCTCGGCGCCGGCCACCACCGTGAGCTTCACCTGGGCCTTCAAGAGCTCCGCCGGCGACGCGTCCACCGGGTCCACCGAGAACGCCACGAAGTCCGCGTCCATGCCCGGCTTGAGCCGACCCCGCTCGTTCTCCGCGAACGCCGCGTAGGCCGCCCCCACCGTGAAGCCCTCCAGCGCCTCCTCGCCGCTCAGCCGCTGCTCGGGGTACCAGCCGCTCGCGGGCTGGCCTTCCGCGTCCTGCCGCGTGCGCGCCGCGTACAGCCCCAGCACCACGTCCGGCCGCTCCACCGGGAAGTCGCTGCCGAGCGCCAGCGGCGCCCCCGACTCCTTCAGCTTCTTCCAGGCGTACGCACCCTGGATGCGCTTGGGGCCTACGCGCGTCTCCGCCCACGGCATGTCGCTCGTGGCGTGCGTGGGTTGCATGCTCGCCACCAGACCGCTCTGGCCCAGCCGCTGGATGTCCTCCAGCCGCATGATCTGCGCGTGCTCCACCCGGTGCCGCAGGTGGCGCGTCCCCGTGGCCTCGGACTCGCGCAGCAGCGTCTCCAGCACCAGCGTGTTCGCCCGGTCTCCAATCGCGTGCGTGGCCACCTGGAAGCCGCGCGACATGAAGGCCTTCACCCGCGCCTCGTACTCCTCGGGCTTGAGCAGCAGCAGGCCGCGGTGGGCCGGCTCGTCACTGTAGGGCTCGTGCAGTGCCGCGCCCCGGCTCCCCAGCGCTCCGTCCAGCAGCAGCTTCACCGAGCGCAGCGTCAGCATCCGTCCCTGGAAGGGGCCCTCGCGCAGGTACGTCGCGTGGTCCGGCCCCTGGCCATCCGCCATCGCGTAGACGCGCAGCGGCAGCTTGCCCTGCTCGTCCCAGCGTCGCAGCAGCCGGAAGGTGCGCAGGTCCATACCCGCGTCATGTGCTCCCGTCAGCCCCACCTCCGCGCAGCGCGCGAGCGCCGCGGCGAGCCGCGCCTCCAACTGGGCGTCCGTGGGGGGCGGCACCACCGCGAGCACCAGGTCCATCGCGTTGTC
NZ_CP043493.1_gap54	1374377	1375478	1101	CCAACATGACGCGGGACGTGGAGATGGAGTGGGAGCTGCTGCAGCGCGTGGACCCCGAGGGGGCCAAGGCGCTGCGCGAGGAGGCCGAGAAGTCCATCAAGTAGTCAGCGAGGCCCCCCGCGCGCTCAGTCGCGCAGGGGCAGCTCCACGGTGAGCCCGTCGTAGGCCACCTCGACGGGCCCCTTGAACTCCTCGCGTGCCTGGGTGAGCAGCCGTGAGGGGTCCGTGTCATGGCGGCTGGAGAGGTGCGTGAGGATGAGGCGCCGGGCGCCCGCCTCGCGCGCCACCTGGGCCGCCTCGCGCGCCGTCGAGTGCCGCGTCTCCAGCGCGCGCGCCTGCTCGTCGTCGGAGAAGGTGGCCTCGTGGATGAGCAGGTCCGCCTCGCGCGCGGCACGCACCAGGGACTGGCAGGGGCGGGTGTCACCGGAGATGACCAGCCGCCGGCCGGGCCTCGGGTCCCCCACGACCTCGTCGGGATGGATGGTGCGGCCGTCCGGCAGCGTCACCGGCTCGCCCCGCTGGAGCTGACCGTAGACGGGCCCCGACGGAATCCCCATCGCCTTCGCCTTGTCCAGGTTGAACTTGCCGGGGCGCTCGTCCTCCTGCAGCACGTAGCCGAGCGCGTTGATGCGGTGATCCACCCCCACCGCGTGCACCGTGTAGCCGCGCCGCTCCACCTTGTCGCCGTCGCGCAGCTCGTGGAACTCCACGGGGAAGGACAGCGACTCCACGCCCAGGTGCACGGCCTGGTTCAGCAGCCGGCGCGCCGGGGGAGGCCCGTAGAGCTGCACGGGCGTGTCGCGCCCCATCATCCCCAGGGTGCGCAGGAAGCCGATGATTCCCAGGTAGTGGTCCGCGTGGAAGTGGGTGAAGAAGACGGCATCCACGGTGAAGCCGGTGCCAAAGCGCACCATCTGCCGTTGGCTGCCCTCGCCACAGTCGAAGAGCAGCAGATCCGCGTTCGCTTTCACCGCCAGCCCGGACAGGTTGCGGTGCAACGTCGGTTGAGCGGCCGAGGTGCCGAGGAAGGTGAGCCTGAGGATGGACATGCCGGCGCTGCCCACGATTGAAGACCCTCCCGCGCAGCGGCGGTGTGCGCTG
NZ_CP043493.1_gap55	1376647	1380600	3953	CTCCGCGCGCTACGAGCTCCTGGTGAAGCTGAACGCCGAGTCGGACCTGAATCTGCTCGAGCTGATGTGGGCCTACCGCGATGTGATGAACGTGCTCATCCGCGGCAGCCAGGGCACAGACTTCGAGTCACTGGTGTGGGGCATGGTGGACCGCGAGACGGCGCGGGTGTCCCAGGAGTTCCACCGGCTGCAGGCCGCTCACGCGTGCCGCCCGGACGTCCCTCCCGAGGTCATCGGCTCGCTCATCGTTGGCACCTACCTGCTGCTGGCGCAGCAGATGAGCCAGATGGAGCAGAAGCCGGACCTGGCCGCCTGGGCCAACTCCATCCACCGCCTCATCCGCGAGGGCAGCCTGCCCCCGGCCTTCACGGACTCCGGCCCCTCGACGTTGTCGGTCCCGACGAAGGTTGCGCCGAAGGCTTCGACTTCCCCGCGCCGGTCTACCCAGGCCCGCGCTCTCTCCCGCACCCGCAGTACTTCGAGGTCATGACCGTGAAACTCTCCAGGACGCCGCTTGTCGCCGGGCTCGCCGCAGTGGGCCTGGCCGCCACCGCGCTTCCCCTCTCCGGCTGCAAGGCAGACGCCGCGCCGCCCCCCGCCGCCAACAAGGCCGCCGCCGCGCAGGAGCTCCCCACGGTGACGCTGGCCACGCCGCGCTCGGTGCAGACCTCGCGGCGCGAGGAGGTGACGGGCACGCTCTTTCCTTCTCAGGCCCTTCAGGTGGGCTTCGAGGTGGGAGGCCGGCTGGAGAAGGTGCGCGTGAAGAAGGGCCAGACGGTGCAGGAGGGCCAGATGCTCGCGCAGCTCAACGCGGAGATCGCCGACGCGCAGCTGGCCCAGGCGCAGGCCTCGGTGGCCGCCGCTGAGGTGGCCGCTGCCATGGCCGCGGATGTGGCCGGCCGCAACGCGAAGCTGCAGCAGCAGGGCAACGTGAGCGACCTGCAGAACCTCACCTCCACCACCCAGGCGAAGCAGGCCGAGGCGCAGCTCCTGGCCGCGAAGGCGCAGCTGGCCCAGGCGCAGGCCGGCCGCCGCAAGCACGACCTGAAGGCGCCCTTCGCTGGCACCGTCACCGACGCGCCCGAGCAGGTGGGCGCCATCGTGGGCCCGGGCGCGCCCCAGTTCTCCGTGGAGAACCTGGGCACCCTGCTGCTGAAGACGACGGTGGCCGAGTCCCTGCGCGCCCAGCTCAAGCAGGGCACGAAGGTGCGCGTAGAGGTCATCGGTGGCGGCGCCTCCACGGACGAGGCCGTCATCCGCACCATCATCCCCTCCGCGGACCAGGCCACGCGCCGCATCCCGGTGGACATCCTGGTGCCCAACAAGGACGGCCGCTTCGTGGCCAACACCCTGGCGCGCGTCATCCTCCCGCTGGGCGACGCGCAGGACGCCCAGTCCCTGCCCGCCACCGCGCTGTCCTCCTCGGGCGGTGACCACGTCTACGTGGTGGCCCCCTCCGGCGAGGTGCGCCGCGTGGATGTCCAGGTGCTCGAGCGCGGTGTGCGCGAGGTGGTGGTGAAGGCCGCCGCTCCGCTGGACAAGGTCATCGAATACCCCACGCCGTCCCTCACCGAGGGGACGCGCGTCTCCGTGAAGTAGCCTCCCTTCCCAGGACACCAGAGCGTCCCCCATGCTCCTCAGCGACGTCTCCATCCGCAGGCCGGTCTTCACGGCCATGCTCTCCCTCTGCCTCATCGTCCTCGGGGTGATGGGCTACACCCGGCTCGGCACCGACCTCTACCCGGACATCTCCATCCCGGTGGTGGTGGTCAACACCATCTACAAGGGCGCCGGCCCGGGTGAGATCGAAACGCAGATCATCAAGCCCATCGAGGATGCCGCCGCCGGCATCAGTGGTGTGGACAAGATCCACTCCTTCAGCCGCGAGAACGTCGGCACGGTGATTGTTCAGTTCAAGCTGTCGGCCAGCCTGGACCGGGCGGTGCAGGAGGTGCGCGACAAGGTGTCGGGCATCGTCAACAAGCTGCCGCAGGACGCGGATGCGCCGGTGGTGGGCCGCGTGGACATCTCCGCGGTGCCCGTCCTCACCTACGCGGCGAGCGCGCAGGCGGACTCGCGCACGGTGCGCAAGCTCATCGACGACAAGCTCAAGCCCGCCCTGGCGCAGCTCGAGGGCGTGGCCGACGTGCGCATCAACGGTGGTGACGTGCGCGAAATCCAGGTGGATGTCGACCTGGACAAGGCGCGCGCGGTGGGCGTGACTCCGATGGACATCGCCCAGCGCATCGGCTCGGAGAACCTGGATCTGCCGGCGGGCCGGCTGCAGCTGGGGCCCACCGAGCTCACGGTGCGTTCGCTGGGACAGTTCAAGAGCGTGGAGGAGCTGCGGCAGCTCCCGGTGGCGCAGAGCCGCACGGGCGCCCAGGTGCGGTTGGAGGAGGTCGCCACCATCACCGACGGCGCGGCCGAGCGGCGCACCTCGGCGCGCCTCAATGGCCAGGACGCCGTCATCCTGGAGATCATCAAGCAGCCCGGCTCCAACACCGTGGCCCTGAGTGACGCGGTGAAGAAGCAGATGGAGACCCTGGTGCCCTCCCTGGGCCATGGCTTCCAGACCACGCTGCTCATCGACCAGTCGGTGATCATCAATGAGAACGCCCACGAGGTGTGGATCGCCCTCATCTTCGGTGGCGCGATGGCGGTGCTCATCATCCTGATGTTCCTGTTGGATCCGCGCGGCACCTTCATCTCCTCGCTGGCGCTGCCCACCTCCGTCATCGGTACGTTCTTCGTGATGTACCTGCTGGGCTACACGCTCAACCAGATGACGCTGCTGGCGCTGTCGCTGGCCATCGGTCTGCTCATCGACGACGCGGTGGTGGTGCGCGAGGCCATCACCCACCGCCTGGAACAGGGCGAGGATCCGGTGAGCGCGGCCTCCAAGGGCACCAGTGACGTCGGTCTGGCGGTGCTCGCCACCACGCTCGCCCTGGTGGCGGTGTTCGTCCCGGTGGCCTTCATGCCGGGCATGGTGGGTCAGTTCCTCCAGCAGTTCGGCATCACCATCTCGGTGGCGGTGCTCATCTCGCTCTTCATCTCCTTCACGCTGGACCCGATGCTGTCCGCGCGCCTGGCGAAGCAGCGCAAGCACGGCGAGCACCACCAGGAGAACGCGCTGGCCAGGTCCATCCGCGGCTTCCTGGATGGCAGCGAGCGCGTCTACTCGAACATCCTGCGCTGGGTGCTCAACCACAAGTGGCTCACCACGGGCATCACCGTGCTGGTGATGGTGGTGTCCTTCGGCGCCGCCAGCCGCCTGGGCGTGGAGTTCCTCTCGCCCGAGGACCGCTCGCAGTTCATCGTGCAGCTCATCCTCCCCGACGCCTCCAGCCTGGATCAGACGGGCGTGCGTGTGGCGGAGGCGGAGAAGATCCTCAAGGGCATCCCCGAGGTGACGGATGTCTACTCCATCGTCGGCGACAACGGCGATGTGAACAAGGCGCGCATCCGCGTGCTCACCAAGGAGAAGCACGAGCGCGAGCGGGGCATCCAGGCCATCAAGGAATCGGCGCGTGAGCTGCTCGCGCCCGCGTTGCCCGCCACCCAGGTCATCATGCAGGACCTGCCCATCGTCGACGGCCTGGGCGGTGACTTCTTCCCCATCATGGTGCGCGTCATCGGGCCGGACCTGGGCAAGCTCCGGGAGGAGTCCGAGCGCATCGCCCAGATTCTGCGCGACATCCCGGGCACCGCGGACGTGCGCGTGGACTTCAACCCGCCCAAGCCGGAGCTGGCCATTGAGATCGACCGGGCCCGCGCCAAGGACCTGGGCCTGAGCGCCGCGGCGCTGGCCATGCAGATGCGCATGGCCATCGGCGGTGATGTGGCCGCCAAGCTGCGCGAGGGCGTGGACGAGACGGACATCCGCGTGCGCCTGACCCAGCGCGACCGTGACACGCCCGAGCGCGTGCGGCAGATCGAGCTGGCCACGC
NZ_CP043493.1_gap56	1396331	1398559	2228	CATCAGCTCCGCGTTGAGCGCGATGCGCTGGGCGAGCCGCAGCGAGCGCTCCGGCAGCGTCTCCTGGCGCAGGAGCAGGTCGGCCGACAGGCTGATGATGCTCAGGGGATTGCGCAGGTCATGGCTGACGATGCCGAGGAACCGCTCGCGGAACTCCGCTGTCTGGCGCAGTTGCTCCTCGAAGCGCTTGCGCTCGGTGATGTCCACCACGGCTGTGGCCACCATGAGGGTGCGGCCCTCGCGGTCCTTCACCGGCGAGTAGCTCACCAGGTAGTAACCGAGCTCGCCCCCCCGGCCGGCCGTGGGCACATGGAGCTCCATGTTGGTCACCGACTCGCCGGTCTCAAAGACACGCTGGTAGTTGGGCGCGTTGGAGGGGGCAATGCGCGGGATGACTTCCCACACGGTGCGCCCGAGCGTCTGCTCCACGGGGACGCCGTTGATGGCGGCGAGCGCATGGTTGATGCGCACGTAGCGCAACTCCCTGTCGATGAAGGACAGGCCCACGGGCGCGGTGGCCAGCAGCGTGTCCAACAACGCCAGGGCCTCCTCGCGCTCCTTGGCCAGGGCGCGCCGCAGGGCCACGTCTCGCGAGGTGAGCACTGCGCCGCGCAGGGAACCATCGGGCCAGCGCAGGGGCCGGGCCGTGATGGAGATGGGCAGCCGCGTACCATCCGGACGGTGAATCCAGAAGATCTCATCCCGCACGAGCTCTCCCTGGAGCGCGCGGTGCAGCGGCACCTGCTCCAGCGTCAGCGGGCGAGCCTCCTCATCGGACAACCCTTCCATCCACTCCTGCGTGGTCAGCTCCTTCAGGGGTCGTCCGTGCTGACGCTCGGCCTCGGGGTTGAAGAGGCGCAGCACGCCCTGGGCATCCGCCATGATGATGCCGTCACCGCTCTGGGCGATGATGTCCCGGAGCAGGGTCCGCTGCTCCTCGGTCGCGGCTCGGACCGCGCGTTCGCGCTCCGCGACAGCGTCCGTCATGGCGAGGTCGATGCCCTGGTGGAGGAGCCTGTTCTCCGCCAGGTCCAACGTGCCACCCGTCTCCTGCAGCAGCTCGAGGATGCAGTCCCGCAGGAGCCCATACTCGCGGACGATCTGCGTGACGTCGTAGCCCAGGTCCCTCCGCTGGGCGCGGTGCTGCGCCGCCGTGTCGAGCACCTGCGCGCGAGGGTGTCCGCGGAGCAGGTCCAACAGCTCATCGAGCAGCACCGGGAACGTGTCGATGACGGCGGAGCGCGTCCGGCCTTCCATGGGGAAGTGGGCACGCACCGCGCGCTCGAACCGCTCCAGAATGTCCCCGCGCCGCAGCGAGAGGAGGTCGGCCAGTGCACCCATAATGGCAGCTAGCCACGGCGCAGGGATTCGTGCCAGCAGAGAGCGCACTTTGTGCCGGCGGGCTAGTGGTCCATCAGGAAGTACACGTCACCAGCCCTGCGCTCGTCATCATCGGAGGGCCGGAACTCCGCGGGTCCTCGTGTATCGGCCTCTTCCCGGGCCTGCAGCAGCTCCTCCATGGCCTCCACCGGGCCGTAGGGCGTGTCCCACTGCCTGGCGCACTCATCCAGGTCCGCCAGCAGCTCGGCGGCGGAGGCGTAGCGCTCCGAGGGCTCGCGACGCAGCAGCTTGAGGAAGACCTTCCGCACGGGGGCGGACAGGTGCTGCGTCAGCTGCTCGACGTACTCGGGACGAATGGCCGAGGCTCGCCGGGACAGATCCTCCACCGTCGTCCAGCACTGCACCTCCGTCAGCCACGCCGCGTTGAGCTTGTCCTCGAACAGGTTCGGGGGAAGCTGCGCGGCGGCCTTCTCCATCTCGTCCGTGGCGTAGGGCTGCTGGCCGGTGGCCAGCTCCACGATCACCAGGCCCAACGAGAAGAGGTCCGCGCGGCCATCCACCACGATGCGCAGGCTGGGCGCACACAGGTACTCCGGAGCGGCGAAGTCGACCTCTCCTCGGAGGATGTACGGGTTGGTCGTCTCGCGCCCGGCCACGCGCGAGTACGCCGACACGAACTTCGTCAGAATGATTCGGCCGTCATAGGCCACGAGGATGCTGTAGGGGTCGATACCGCGGTGGATGATGCCCAGGGGCTTGCCCTCTGCATCCTTGAGCGAGTGTACGTAGTCCAGCACCTTTGCAACCTCCCGAGCTACATGAACGATGAATCTCTCGGACATGGGCCGCTTACGCATGCATGCGTAGTGGCCGATCATGTTCAAGCT
NZ_CP043493.1_gap57	1439881	1442897	3016	GAGGAACTGCACCAGCTCGGCGATCAACACCACGTCGGCGGGAGCGGCCTCGCCCAGGGTGATGCGACAGGCTGCCTCCAGGCGGTTGCACCCGAGCACCGTCTTGCGCTCCGCGGGTGACAACAGCTGGGACAGCTCCGAGGCGCGGATTACTTGCAGCCCTTGGGTCTTGAGCTGCTCGTACACGTGCTCCTGGGCGAAGGAGACGATATGCGAGGGCACGCCCGCGGCATCGGGCGGGGCGATGAGCACGGTGAGCGGTGCCTCGGAAGACGCGGGTGCCTGACCGAGCACGGCGAGCGTGGCGAGGAGTGTAAGGAACACGATGGTGTCACTTTCCCCCCATGTCGGGCCTACCGCAAGGTCACGCACTCGCAGTAACGCCCTTTGAGTGACACCGGTGTGTCCGGCCGGGCGGGCTCAGCGCCTGGGTTTCTCGGGCATGGGGCGGATGTGCGTCTTCTCAGAATTATCGAGCTCCCTCGGCTCGTCATCCTCCAGGTCGTCGGTTGGGACGGGAGGCGGGAGGGGCCGGTTGGGCGCCGAGGGCGCGGGTCGCCGGGCGGGAGGTGCCGCCATGGCAGGGCGGGTGCTGGTGACGGGGGGGTTGGGGCGCGACGGCGTGGGCCGGGCGGCCGGACGCGGTGGAGTGGCGATGCCCCGGCCTTGGGTCTCAAGGTCATCCGCGAGGAGGTCCGCGGACACTTGCACCTTGGGCTCGTCGGCAGGGGCGCCGAGCCCGTCCTCCGCCTCGTCGGCGAAGGGGTTGCGGGTGGGGAGCGGAGTCCGATCATCGTCCACGTCCGACTCCGGAGGGGGAGGAGGACGGTTGGCGGGCAGGTTGGGCCGGAGCGAGGGCCCGCCGCGGGTGGCGGGTGGCTCGGCGGGCTTCGGCCGGGCAGGCGTGGGGAGGTTCGCGGGGACCTGCACCTGCACCCCGTCCTTGGCGTCTCGGGCCTCGTCCTTCAGGCGCTGCTCGAAGGCCTGCCACTCCTTCTTGAAGCTCGCCGGGTCGGGCTCGCCGCGCTCGCGGTGCTTGAGAGAGGGGGCCCAGCGCACGGCGTAGCTCTCGCCGGCGTGGAAGGCCGGCGGGGGCGGCAGGCCATAGGTGGCGGGGTCGAAGAAGGACTCGTCCAGGTCCGTGAAGCCGTACGCGCGCGCCCGAGCGACGAAGTTGGGGATGATGCCGGTGGGCGCGTGGTAGCCGAGGATGTGGCCCTCCTCGTCCTTCGTCACCGGCGTGAAGACGAAGATGTCCTGGGTGCGGTAGTCGCCCTTCTCATTGAGGGGGAGCACCTCGGAGAGGGCAATCGTCTTGCGGCTGCCGTCGTGGAGGCGCTCGCAGCAGATGACGAAGTTGATGGCGCTGGCCACCTGGGCGCGGATGGCCACCATGGGCAGTTCGATGCCGGACATGAGGCACAGCGACTCGATGCGGCGCAGCGTATCCGTGGGGGTGTTGGCGTGGGTGGTGGCCAGCGAGCCGCCGTGACCGGTGTTCATCGCCTGCACCAGGTGGAAGGCCTCGCCGCCGCGCACCTCGCCCACCACGATGCGGTCCGGGCGCAGACGCAGGGCCGAGTGCAGCAGGTCTCCCATGTCCACGCCGCCCTTGCCGAACTTGTCCGGGGGCCGGCTCTCGAAGGCGACGAGGTGGGACTGGTTGAGCTGGAGCTCCGCCGAGTCCTCGATGGTGAGGATGCGCTCCTCGTCGGGGATGAGCGAGGAGACGATGTTGAGCAGCGTCGTCTTGCCCGAGCCCGTGCCTCCGGACACCAGCATGTTGAGCTTGGTGTGGATGCCCGCGTCGATGAGCCGCGCCATCTGCGGCGTCATGGACTTGAACTGAATCAAGGACTCAATGGTGAGCTTTTCCTTGAAGAACTTGCGGATGGAGATGGTGGTGCCCTTGCGGGCGATGGGCGGGATGACGACGTGGATGCGGCTGCCGTCGGGCAGGCGCGCATCGAGCCGGGGACGCTCGTCATTGAGGAGACGGCCGACGAACTGCGCCATGTTGCGCGCGGCGCCGATCAGGCCCTCTTCGGTGAACGTGGCATCGGTCTTGGAGACCTTGCCTTTGCGTTCGATCCAAACATCAGTGGGCCCGTTGATCATGATCTCGGAGACGGACGGGTCGTCGAGATAGGGGAGGACGGGCTTGAGGAACGCGCGGAGCGACTCGGAGTACATCGACATGGCGCCCCGAGGGTAGCCCGACACTGGCCTGGCCCCAAGGGGAAGGCCTGCTCGCCCGCTTCCCCCCCCGCCTTTCCTGCCCAAGCCCGTGTCCGCCGGGTGTTCAACACCCGCTATCGGGTGCGTTGCCTGGTTCTCACCACAAGGGGTCTTGGGTATGGCTCGGCTGGCGCGGAGGAAGGATTTTCGCGGACTCGAGGGTTTTGAGACTCCATGAGGGCGGAGCGGTGTGCCAGCGATGAGGTGCTCGCCGGTGGAGGCGAGATGGGCGCCCTCATGCGCTCCACCGACTGGTCGCGCACAGTGCTCGGTCCCGTGGAGACGTGGCCCCAGTCACTGCGGACCATGGTGAGCACCTGCCTCAACTCGCGCTTCCCCATCCTGGTGTGGTGGGGGCCCGACCTGGTGATGCTCTACAACGATGCCTACCGCCCCATGCTCGGGCGGGACAAGCATCCCCGTGCCTTGGGCCTGCCCGGGCGGGAGGTGTGGCAGGAGATCTGGCACATCATCGGCCCCATGCTGGAAGGGGTGCTGCACCGGGGCGAGGCCACCTGGTCCGAGAACATCATGCTCCCCCTCGTCCGGGCGGGCTTCGCGGAGGAGTGCTACTTCACCTTCTCGTACAGCCCCATCCGGGACGAGTCCGGCGGGGTGGGCGGCGTCTTCACGGCGGTGTACGAGACAACCGGTCAGGTCCTGAGCGAGCGGAGGCTGCGGACGTTGCAGGAGCTCCCGAGCAGGACCTCCACGGCCAGGACGGCGGAGGAAGCCAGCGCGCTCGCGGCCGAGGCCTTGAGTCAGAACCTGGCCGATG
NZ_CP043493.1_gap58	1472327	1473020	693	ACGCGGACCTGCTCGTCTTCGACCCGGAGGCCTCCTTCACGCCGGAGCCGTCACAGGTGCTCCACCGCCATTCGCTCACGCCCTACGCGGGCCGCTCGCTCACGGGCGTGGTGGAGCGCACGTACGTCCGAGGTCAGCGGGTCTACACGCGCGGCGAGCCCGCTCCGAGCCCGGTGGGTCGGTGGGTCCGTCGTCCTGGCACCGCACGTCCAGTGGCATAAGGTCTCTTCGAGGAGAAACGCCCAGCATGAACACACCCGAGGAAGGCAAGGTGCGAGTCGCCTTCGCCGAGCTCATTGATCTGGCCGCCGAGAAGGTGGGTGGCCGCGCCCTTTACGCCAACGACGAGTTCTTCGCGCCCAAGGAGAACCTGCTCAAGCCAGGCCGCGGCGTCTTCATCCCGGACAAGTACACGGAGTTCGGCAAGTGGATGGACGGCTGGGAGACGCGGCGCAAGCGCGTCCCGGGCTACGACTGGTGCCTCATCCAGCTCGGCCTGCCCGGCGTCATCCGTGGCGTGAACGTGGACACCAACCACTTCATCGGCAACTTCCCCGAGTACGCCTCGGTGGACGCGCTCGAGGTCCAGGGCCAGCCCTCGCCCGAGGAGCTGACGAAGGCCACGTGGACGGAGATCGTCCCCCGGACGAAGCTGGCGGGCGGCACGCAGAACTACCTCCCCGTCGCGAGCGA
NZ_CP043493.1_gap59	1647044	1648665	1621	ACTGTCGGCGCTCGTCATAGGCGGATTCCCGCCGCTCAACGGGCCCTACGTGGAAATGCTTCGGGTCACCACGGCGGCCCACGAGCTGGCGAGCGCCGCTCCGAGTGCGCGGGGAGCGGATGACTCCGAATGGTCGTCCGTGGCGTTGTCGCGGGAGCAGACTCGACAGTTCGTCACCCTCTATCAGGCGTTGCAGGGATTCGACGACCGAGCCGCCCAATCGCGGTTCACGTGTGCCCGCCTCTGCTTCGTGGGCTCGGCAGACGAGATGCGGTACGGCAAGAGCTGGGGCGATGTCCACGTGAACCTGGCAGGCCCGATCGTGAACGGACGCACACAGCTGGAAGAGCTCGGCTGGGATGTGCGAGTGCTCGAGGGGCTCAATCACATGCAGGCCATGCAGGCGACGCAGGTCGTGCCCATGATTCGTCCGTGGTTGGAGAGCCGCATTGGCAGCGCGGATCCAGCCGCTTCTTAGGGGGTCAGACGATTCGTTGGGGACGAGGTGTCGAAACCAGCAGGGCATTAGGGCGACTTCGCGCTCCATTGCTCGACCATCAGGTCGATGAAGCGCCGCACCTTCGCCGGCAGGTGACGTTTGCTCGGGTAGATCGCCAAGATCCGGACGTCCTCCGTCTCGCAAGACGGTAGCAGTGCCTTGAGCCGCCCTCTCGCCAGGTCTTCGTCGACCAGAAAGCCGGGAAGAGCGGCGATGCCCAGTCCCGCGACGGCCGCGTCCCGGAGCGCCTCGCCACTGTCGAGACGAAGGCGGCTTCGCCCCTCCACCTTCACCCAGGCGCCGCCCTTCTGGCGCAGACGCCAGCTCTGTCGTCGCGTCCGACTACTGAAGATCAGACACTCATGCGTCGCGAGCTCCTCCGGCGTCGCGGGTTCGCCGCGCGCCTCGAGGTAGGAGGGCGCGGCGCAGACGACCGCCCGGTGTTGAGCCACGAGCCGGGAAACCAGGCGCGTATCGGTGCTGGGCGCATTGATGCGCACGGCCAGGTCGTAACCCTCCTCGATGATATCCGCGACGCGATCGGTGAAGCTCACCTCCGCCTGCACCTCGGGCCAGGTCCGCAGATAGTCCCGCAGCAAGGGAAGGACATGCAGTCTGCCGAATGCGTCGGGCACGGTGAGCCGCAAAACCCCCCGGGGGGTGCCCGTGCGCTGCCCGACGCTGGCTTCCGCTTCGTCCAGGGCCGCCAGGACTTGCAGGCAATGTTCATGGAAGACGCGGCCCTCGTCGGTGAGACTCAGGTGGCGCGTCGTGCGATTGAGCAGGCGCACCCCGAGGCGGGATTCCAGCCGGGCCAATGCCTTGCCAGCCGCCGAGCGCGTCAGACCGAGGGCCCGGCCGCCTCCCACGAAGCTGCCCGCGTCCACGACGGACATGAAGGCGAAGATCTCATCCAGCTGGGCGCGTTTCATTGAGGGCTTCCCATTGTAGCTCCCGCGTCGCCGGAGTGGGGAACGCCGTTCGTCAATGGGCTCGGTATACGAGGGCGGCAATCACCCCTTCAAGTTGGGGGCGGCGACGTCCCCGGAACTCTTCATTCGACACTGCCAACTGGAGCTCACCCATGCCCGTAACCCTGATCAACCCCGATGGACTCATGAA
NZ_CP043493.1_gap60	1727228	1730449	3221	CGTACCCAAAGGTCGGGTGCCTGGAGGGACACCGACGCATCGAGAGCCCGACGGTGTCCTCCTCCGCTTCCCAGGCCAGGGGCGCACGAGCGCCGGGTGGGGGAGGAATCGGCCGGCTGCGCTATGTGCTGGCGCATGGGGTGAAAGAGGGCCTGGTGGACTGGCGCGCGGAGTGGCCGGGGCTGACGTGCCTGCCTCAGTTGCTGGGGCCGGCACGGAAGCTGTTCCGGTAGTTCAACTGGACGAGGCGCTGGAGCAAACGGGGAAGCGACGAGGACATGGAGGGAGAGGGGCGCTTCGCGCAGGAGTGGGCCCGGATACGTAGAGCACTTTGAGGTAGGTGTACATCGCCGCGTATGCTTCCTTGATCGTGCTCTTGTCGTCCATGCGATGCCTCAACATCAGTTTCCGAACTCGGCATCGAATGCGGCGATTGCTTCCTCAATGGAAGCGTACGGTCTTGAGCGTTCTTCAGGCGCCACCTCGCAGAACAGTTCCCAGAGCTGCCGCTCATGGTGCTGCATGTGTTCCTGGCTTGCCGGCAACGAGATCCTGTCGGCGCTTTGGACGACAAAACCTTGCCCTGGAATCAGTTCGAAGCATCGATAGATTACAGCCTCTTTGTCGCTGAGCCGTCGGCACACATTGAGCAGTTTGTACAGTGTTGGGCTATTCATCTCTTGGCACCCACCTACCACTCTGGACTCGCGATTGCGTATTTGCTTTGGTCGATGGCGGCGCGCTGGTGTTGGACGAGACGGGTTTTCTTAAGAAGGGGGACAAGTCGGCGGGAGTGGCGCGTCAGTTTTGGGGACAGCGGGCCGGATTGAAAAATTGCCAGATAGGCGTGTTCCTGGCCTACGTGACGCCGGAGTGTTAATGGCCGAGTCGTGCCGCAGCCTTCCCTTGCGGTGACAGGTTTGAAGATCGGCGCGCTCGCCTTTTGGTAGGAGCCCAGCGGGCTGATTGCGTGGGCCATGAACCTCTCAATGGCATGCGGATACGCCCAACTGCCGACTCTCACTCGCGGTCAGGGGCTGACTTTGTTGAGTAAACCCATCCGTTTTTTGAGCCAGAAGATGGGCACTTGGCAGTACGGACGCAACATCCCGCCCGCGTCTGGTTGGTGGAGCTCGGCGAGTTCCTTTTGCAGGGCTGCCTGTGGCCAGGCTCCAGAATATTTTCGCGTCATGGCATCCACGAAGGCGCTCAGGGTGGCCTTTCTGTTGTTCCTCAATAAGGCTTGGTTCAGATTCAGTGTCCCGTTTAGATCCGTGTTGATCGTAGGATCATCTGACTCAATGGTGCCGTCCCCGAGAAATCGCACGAGTTGCTCGCATCGTGCCTCCGTGGGGTTGATGGTGATGGCCAATTCGCCCTTGTGGGTGTCACAATGCTGATCCCTCTTCGGCTTTCCTTCATTCCCACAGCACGCACCGAGAAGGTTCTTCCAATCCAGCTCGCGATGGCGAGTGGCAGGATCGCTCTGGGACGCCCAGTGCTCGATCTTCATTCGATCAGACTCGGGCGTGATTCGTTGCATGCAATAGCAGCAGAGAAAGCCCTGATCCTCTACGAGTTGCTCCCGAATCTCGTCCTTCACCTTCTGCTGGAGGTTGGCATAGGTCGCGTAGGGCGTGAGCCGGTGCTGCAGAAGGCTCTGTGGCTCGGCACTCTTGCGAATGTATCGCATTTCAACCTCCCAGGAACCCGATGAGTGCCTGGAGTCGGACTACTTCGGAGTCCTGCTCTCCAAGTTGATGGGCCAGTTGTTTCAGAGCCTCGCGTGCTTTCGGAAGCTCTTCTCTGTCGATCAGCCTATCAATTTCATGGATGCGCTCGGCCCAAGCCAAGGGACGCTCGGGCACGCCCATCACCTCTGTGAGGATTGAATTGCTGTCTCTCCCCAACGTACGTGCTGGCAGCTCCGCACGCTGGAATCTGTCGAGCAGGACAACGGATTCCGTAGGAACCTGGCTTAGCACCTGAGGAGAGTGCGTTGTCATGATGAACTGACAGTGAGGAAAGGTCTGCCGGAGGCGCTCCACCACCATTCGCTGCCAGCCGGGATGGAGGTGCAGCTCGATTTCATCGATCAGCACCACGGCCTCGGCCGACAAAGGATCTGCTAGAGAGGGGTTGGCCAGCGCGAGCCGTCGCCCGAGGTCTCCTGCCATCGCAAGCAGGCTCTTCTCCCCATCAGAGAGTTGGTCGACCTCGAGCACTGCCCCTTCCTTCTGAACGACCATGCGTTGGGGAGCTCGCTGTACACGTAGGTCCGAAAAGCCGGGAACGAGTCGCTCGATGGCTTCGCGAACTGCATTCAGTTGCTCATCCCGGTGCTGGTTCCCCTGCCTGAGACGCTGCTCATTCTCAAGATCCTCCCTCTCTCGGAACCACTCGAAGAAGAGCCGGAAGTTCCTACCGCCTCCCTCGAGTGCTTGGTCGTAGGCGGAGAGGGGGCCGAAGTCGTGATGCTCCCGGATACGATAGGGAACATCCGGAGCCCGATTGACCGGGTAATAGATCGCGAGCGGGAGTTGATACCGGCCGTTCGCGTTCTCCTCTTGTGTCTTGGTGACGATCTCTTTGAGCCCGGTGAGATTGCTGGACACTTGCCTGGGGAATCCTCTGCGTACGAGCGCAAGTGACCATGTGGCAGAGGTCTGCCCGAAATTGACCTCTATCGTGTTGAGGGTATGAGTCTCTCCATTCTGGATATCTGACTCATAAAATCGGCGGCCATGCCCCGTTCGCGACAGAATGCCTGACGACACCTGTGAGAGGAGCACCGCGAGGCAGTAGAGAATCGATGTCTTGCCAGCCCCGTTGGTTCCGACGAGCAGCGTCACCGGCCCCGTGAACTCTAGGGAGAGTTCATGGAAGCCGCGGAATGAGGTCATGTTGAGGCGGTGGACCTTCATGGCGAACCGACTCCCATATACGAGACGATAGGAAGCGTCACGCTACATCTGGGCTGTCAGGTGAGCGAGAAATGTGCCACCCGGCATGGGGAAGGCCATCGCTGGTGCCAATGGGGCTGACCAGGAAGGGGACCTGCTTGGAGCCCGGAGGAGGGGTCACTCCTTCGTTTGTTGGGCGCGCCGGGAGAAGCGGAGGATGGCGCGGAAGATGGACTCCACTCCCTCTGGGTCCACTCCCAACTCGTTGGCCCAGGCCCGGCGCGTGGCGAGCACTGCCTCCTCGCGGGCCGGGTCCGG
NZ_CP043493.1_gap61	1731889	1736555	4666	CGAGAAGGTGAGCGTGTCCAGCCCCATGCCCAGCAGGTACGCCGCCGTCACCGAGTTGGTGACGTTGAGCGAGAAGTCTCCGTGCAGCACCGGGCGCGGCTGGCCCGCGGGGCGCTCCAGGAAGTGCATCATCGCGCCCCAGTGGCGCACCAGCACCGCGTCCGGACGCAGCTTGTCCAGGCGCGCGTCGTAGCCCTCCTCGCCCGGCTTCTGCACGCGCACCGTGGCGATCGTCACGCGCAGCCCCGCCGCTCGCGCTCGCTCCACGGCGCGTTGCAGGCCCACCATCTCCATCCAGTCCAGCTCCACCTCGCGCAGGCCCGCGGCGATGACGGCCTCCAGCTGCGCGTCGTTGCGGCACAGCGGCAGCAGGCGCGGGGTGTCCTCGGCCGGCACCTCGGGCACGCGCTCGAGCAGCGTGGCGCGCACCTGCTCCAGCACTGGCTTCCCCTCCACCGTGCGCTTGGGGCCTCGCTCCACCGCCGCGGTCAGCTCGGCCACGAGGTCGCGGCGCAGCGCCTTGAGCTCGGAGACGGGCAGGTGCAGGCCCGGCGCCAGCTCCGTGCAGTCCAGCTGCGCCAGCGTGAAGGGCGTGCCTCCCATGGCGCCCAGCTTGTCTCGCAGCAGGGCCTCGTCCAGGCCCTTGCCCTTCGAGGGAGCGAGCAGCGTCTGGCCCGTGGCCGTGCTCTCGTGTCCCCAGGCGCTCGCGTGGAGGCGCAGCGGGGTGCCCTCGGCGCCGGAGACCTTCAGCGTGAGCGGGATGCGGCCCTCGGGCTCGCCGTGCGAGAGCAGGCTCTCCGTGTGGCGCGCCAGCGACGGGTCGCTGTTGAGCCACACGCGCTGGCCCGGTGCCACCCGTCCCAGGTCCGGTCCCGGGTGGCCGAAGCCCAGCACCCAGCCGTTGCCCTTGCGGTCCACGCGGAAGATGGGGCCTCCGGGCTCGTGCTTGTCCTCGGGGGCTCCCGCGTCGAAGACGACGCCCATGCCCGGACGCGGATCCACGGCCGCCGGTGTGGGCTCGTTGCCCGCGAGCGGAGAGGACACCTGTCCACTGGGGGACTCGGGGCGCTCCTCGCCCAGGCCGAGGCCTCCGGTCCACGGGCGCTCGTCGGGCGTGACGACGACCTCCTTGCCGGACACCGAGCGCACGCGGCCGAGGTACAGGCCCCGGTGCTTGGGGAAGCGGCCCTCGACGAGCGTCTGGTGGTCCGAGCCCGCGAGGAAGCCATTCGAGAAGCCGCGGCTGTATGTGAGGGACATGGCGGCCAGGTCCTTCTCGAGCTGGCGCTCATCCGGCTTGCCCTCGAGGATTCCTTCCACCCAGCGCCGGTAGCCCTGCACCGTGGTCGTCACGTACTGCGGGCCCTTCAGGCGGCCCTCAATCTTCAGGCTGTGGACGCCGATGTCGATCAGCTCGGGCACGGCGCGCACGCCGGCCAGGTCCTTGGGGCTGAGCAGGTACCTCACCTCGCCCAGGTCGCGCGTCTGGTGGTCCACCACCAGGTCATACGGCAGGCGGCAGGACTGGGCGCACTGGCCCCGGTTCGCCGAGCGTCCGCCCCAGGCCTCGCTGGTGAGGCACTGGCCACTCCAGGACATGCAGAGCGCGCCGTGGATGAAGACCTCCAGCTCCATGTCCGTCTGCCCGGCGAGCCGGCGGATTTCAGTGGTGGAGAGCTCGCGGGGGACAACGACGCGGGTGATGCCCAGGCCCCGGGCGAAGCGGATGCCCTCGGCGCTGGAGACGGTCATCTGCGTGGAGGCGTGCAGCTCCAGCTGGGGGCAGATGGCTCGGGCCAGCAGGGCGATGGCCGGGTCCTGGATGATGAGGGCATCCACGCCCGACTCGGCCACCCGGCGGAGGATGCGCTCCACCACGGGCAGCTCGGGCTCGAAGACGAGCGTGTTGAGCGTCACATAGGCGCGCGCTCCGGCCCGGTGGACGACGGCCATGGTCTCGGGGAGGCGAGCGAGCGAGAAGTTGTCGGCGCGGGCGCGGGCATTGAAGCCCTCGTCCAGCCCGAAATAGACGGCGTCCGCTCCGCTGGCGAGCGCCGCGCGCAGGGATTCGAGGTCGCCCGCGGGGGCGAGGATTTCAGGACGGCGGGGAGGCATGCTGCCTCACATAACACGCCCCCACCGGCCCGGCGTCCCTCTCTGGCGGGGGCTGTCCGAGGGAGCCCGCTTCCATGCCCGGCGGGGGCTCGGGGTTGGAATTCCGCTGAGTCTTGCGAGGGAGCCGTCCGGCTGCGACGCTCATCCCATGGACCAGGCGATCGAGCGCGTCATCACGCATCTCTCCCGTGCCCGCAGTGTGCTGTTCATCACGGGCGCTGGAATCTCGGCGGAGTCGGGTGTCCCCACCTATCGCGGCATCGGAGGGCTCTACAACGGAAAGACAACCGACGAGGGCCTGCCCATCGAGGTGGCGCTCTCGGGGAGCATGTTCCGGCGCCGGCCCGAGCTGACGTGGAACCACATCCATCAAATCGAGCGCGCCTGCCGGGGAGCGACCTTCAACCGCGCCCATGAAATCCTGGCGCGCTTCGAGGAGTGCTTCGAGCGCTGCTGGGTGCTCACGCAGAACGTCGACGGCTTCCACCGAGCGGCGGGCTCGAAGAACGTCATCGACATCCACGGTGACATCCACGAGCTGCGCTGCACGCAGTGCTCCTTCACCGAGCGCGTGGTGGATTACTCGAACCTGGAGCCGTGTCCGAGCTGCCCTCAGTGTGGCGCGCTGCTGCGCCCCGAGGTCGTGCTCTTCGAGGAGATGCTGCCGCAGCTGAAGGTGATGCGCCTCCAGCAGGAGCTCGCGACGGGTTTCGATGTGGTGTTCTCCATCGGGACCTCGAGCCTGTTCCCCTATATCGATGGGCCCGTGCTCGAGGCGATCGCGCGCAAGCGTCCAACCGTGGAGATCAACCCGGGGAGCACCGAGCTGTCGGAGGTGGTCGACGTGAAGCTGAAGATGGGCGCGGTGGCCGCCTGCGAGGCCTTGTGGGCCGCGCGCGACCGGTGGATGGCTCAGCGCGGGTAGCGCTCGCGGACGAAGGCCTCCAGCCGATCGAACGCGGTGGTGAGGATGTCCTCGGGCGGGAGGAAGACCACCCGGAAGTGGGTGGTGCCGGCCTTCTGCCCGAAGCCGCTGCCGTGGACGAACAGCACGCCCGTGCTGCGCAGCAGCGACAGGACGAAGTCCTCATCGTTCAGCACGCCGGGCAGCTGGATGCGGGGCATGGCGTAGAACGCGGCGGCGGGCTCCACCACGGACAGGCCGGGGATGGCGTTGATGCGGCGCACCATCAGGTCGCGCCGGGAGCGCAGCCGCTTCATCATCTCCGCGATGTGGTCCTGCGGCCCGTCCAAGGCGGGCGCGATGGCGTATTGCTGCGGGGCCGGACCGCACAGCCGTGCATCCGCCAGCCGCATCACCGCGCTCTTGAGCTCCGGCATCAGGTGCGCGTTGTTGAAGACGAGCCAGCCCACCCGCCAGCCACAGGCCAGGTATGCCTTGGACATGCCGCTGAAGGTGATGATGGGCACGTCCGTCGCGAGTGACGCGGTGGGCACGTGCGGCTTGTCGTAGATGAGCTTGTCGTAGATCTCATCCGACAGCACCACCAGCCCGCGCCGCCGGGCGATCTCCAGCAGGCCCTCCAGCGCCTTCCGGTCGAGCACTGCGCCCGTGGGGTTGTTGGGGTTGCACAGCAGGATGGCGCGGGTGCCGGGCGTGCACAGCGCGTCGATCTCCTCCAGGTCCAACGACCAGCCGTTCTCCTCGTCGAGCGAGTAGGGCACGCCCTGGGCGCTCAGCTTGGCCATGAGCGCGTTGTAGAGCGGGTAGCCGGGGCAGGGCAGGAGCACGCGCTCTCCGGGCTCCAGCAGCGCCGTGAGCGCCAGCTCGAGCGCCTCGCTGGCACCGGTGGTGACCACCACGTCCGCCGGCGTGACGCCGGGGATGCCATGGCGGTGGGCCTCTCGGGCGATGGCCTCGCGCGCTGACGGGATTCCCGCCGAGGGCGCATACCCGTTGTGTCCGTCCCGCATCGCCTGGTGGACCGCTTCAATCAGGTGCGGCGGAGTCCGGAAGTCGAACTTCAGAGGATCCCCGATGTTCAGGTAGAGGATCTCCCGTCCCTGCGCCTCCAGGCGGCTCGCTTCGGCCACGACGTTGCGGATGGCGTATCGGACGTTCTCGATGTGCTTGGCAGGGCGGACCACAAGAGCCTCGGTGTTGGGCGGAGTCTTCCTTATCACCGCGGCTCGTGCTCCCTCCGGGCTCTCTCCGTTGAACGCGGGTGGGGTGGGTAGACTGTCCTGGACCAGGACAGGGGTGTCCTGGATTGGAACACCGGGGTACGAGCCTCCCAAAGGGTTGAGACTCCAATGGATTCAGGTGGAAATGTCAGGGCTCTTTACATTCTTGATTCTTGAACGTGGAGCATTGACGCACCATGTCTGAAAAGTTGCCCTCATCTTATCAAGGGGTTGGGCTTTGGCACGGCGCGTGCTCTATGGAGCCCTACACCGTGACATGACCCGTCAACTCCTCCTCCTCTGACGGTTCGATGTGGTGCGCGGCGGGCGATCCTTTGCCAGAGGGAACGCCCGCCGCTGTTTTTTTGTTCGAGCGGGCCCTCGGCGCGCCGTAGCTGACACGCGC
