gap_id	start	end	length	sequence
NZ_CP017332.1_gap1	2565	4663	2098	CAAGGGTAATCGGGCCTTGGGTTGACGCGGTGATCTGATTGTGCGAATGCGGATTGTCGACAAAATTAAGAAGCGCTTACGCATCTTTTCCAGTCATTTTGAACAGGACAAAACCAAGTTGTGATTCCTCGTGCCGCAGGACAAACAAGACAATCCTAATAAGTGGGTTTTTGACTATAAAACACACGAGTTTATTGTTTAAAATCGCTTAATTTTTAATGTGGTATAATTGTTTGGATTCGCCATAAATTTTGCTTATGGCTTTTAACTTTCCAACGTGCACATTAAATGGAAGACAATTAAATGGAAGACAATAACAAAACGCAAGCTTACGATTCCAGTAGCATTAAGATTCTTGAAGGCTTAGAGGCCGTGCGTAAGCGCCCCGGCATGTACATCGGTTCCACCGGCGAAGAAGGGTTGCACCACATGATCTGGGAAATCATTGATAACTCAATTGACGAGGCCATGGGTGGCTTTGCGAGTACTGTCAAACTAACCCTTAAAGACAACTTTGTCACCATTGTGGAGGATGATGGCCGGGGCATTCCCGTTGACATCCATCCTAAGACCAACCGCTCCACCGTTGAAACAGTGTTTACGGTACTCCACGCTGGGGGTAAGTTTGACAACGATAGCTATAAGGTGTCAGGGGGACTCCACGGTGTGGGTGCCTCGGTTGTTAATGCTTTAAGTTCCTCCTTTAAGGTATGGGTAGCCAGGGAGCACCAACAGTACTTCCTAGCGTTCCACAACGGTGGGGAAGTGATTGGTGATCTTGTCAACGAAGGTAAGTGTGACAAGGAACACGGTACCAAGGTTGAGTTTGTCCCGGACTTTACCGTGATGGAAAAGAGTGATTACAAACAAACGGTAATTGCTAGTAGGTTGCAACAATTAGCCTTTCTTAACAAAGGGATCCAAATTGACTTTGTTGATGAACGCCGTCAAAATCCGCAAAGCTTTTCTTGGAAGTATGATGGTGGCTTAGTCCAATACATCCACCACCTCAACAACGAAAAGGAACCTTTATTTGAGGACATTATCTTTGGTGAAAAAACCGATACTGTTAAATCAGTTAGCCGTGATGAGAGCTACACAATTAAGGTGGAAGTGGCCTTTCAGTACAACAAGACGTATAACCAATCAATCTTTAGTTTTTGTAACAACATTAATACCACTGAAGGCGGTACCCATGTTGAAGGCTTTCGCAATGCCTTAGTGAAGATCATTAACCGCTTTGCTGTCGAAAACAAGTTCTTAAAGGAAACGGATGAAAAGATTACCCGCGATGACATCTGTGAAGGGTTAACGGCCATTATCTCAATTAAGCACCCCAACCCCCAGTATGAGGGTCAAACCAAAAAGAAATTGGGTAACACCGAAGTGCGTCCTCTAGTTAACAGTATTGTTAGTGAAATCTTTGAGCGCTTTATGTTGGAAAACCCCCAGGAAGCCAACGCCATTATTCGCAAAACGCTGTTAGCGCAAGAAGCACGGCGCCGTAGTCAGGAAGCACGGGAACTGACCCGCAGGAAATCTCCCTTTGACAGTGGTTCACTCCCGGGTAAGTTAGCAGACTGTACCACCCGTGATCCCTCAATTAGTGAACTGTACATTGTCGAGGGAGATAGCGCTGGTGGTACGGCTAAAACGGGGCGGGACCGTTACTTCCAAGCGATCCTACCATTAAGGGGTAAGATCCTCAATGTGGAAAAGTCCCACTTTGAACAAATCTTTAATAATGTGGAAATCTCGGCTTTAGTCATGGCCGTTGGCTGTGGCATTAAACCAGACTTCGAGTTGGAAAAACTGCGGTATAACAAGATCATTATCATGACCGATGCTGATGTCGATGGGGCGCACATCCGTACCCTCCTTTTAACCTTCTTCTTTCGCTTTATGTATCCCTTGGTGGAACAGGGCAACATTTACATTGCCCAACCCCCACTGTATAAGGTCTCTTACTCTAATAAGGACTTATACATGCAAACCGATGTCCAACTAGAGGAGTGGAAGCAACAACACCCTAATCTGAAATACAACTTACAACGCTACAAGGGTTTAGGGGAAATGGATGCCATCCAACTGTGGGAAA
NZ_CP017332.1_gap2	69826	70490	664	TTTTATTCAGAAGTTTTCTGCCTTTTGTCTTTTAAATAATTTCTTAATTTTTATCGCAAAACTCTCTGTTTTGTTTCCTGATAAATTCTTAGTTTTTATCTAAAAGTTTCCACTTTCTCTTTTAAGAATTTCTCTACTTTTTATCAAGAAAGTTTCTTTCTCTTGTTTTTCTCTAAAAATTCCACTTCTTATTCCACTTATTTTCAGTTTTAATTTCTCCTTTTATTTTTGAAATAATTTCCTTCTTTTATCAAGTTCTTAACCTTGTTCTTATTTGTTAATTCCCCTTCTTTTAGCCTACAACTTCTCTTTTTTCTTGTTAAAAGATTCCCTTTCTTTTTATCAAGAAAATCTCTTTTTTTATGTCTTAAAAGTGGTCTTTATTTTGGTTCAAAATTTAGTCCAAAAACAGTCAAATTTTTAGCACAAATTTAACTGCAAAAACTGTTCAAAAAATCTCACAAAATTGCAATCATTTTTTTGCAAGAAAATTTATCCCAGTTTTAGGGGGCAAGCGGGGTCAAAAATTGCTACAATAAATACCGTTTTTTCTTTAAAAATTAAGTAGTTAAATTGAACGAACGTTTTTTAATTGAAATCGAAGGTTTAAACAAAACTTTCGATGATGGTTTTGTATCAGTACGTGATATTAACCTCAAAATTA
NZ_CP017332.1_gap3	72615	75723	3108	ACTGGATTACGAGTTTTATTAAGGTAGTTATTCCCTTTTCTAAAACTGCCATTCTGTCAGGGATTGCGTTAACTTTCTTTCCGTCTTTAACCTCGGTAGCGATTGCCCAGTTCTTGGACAACTCGAATCAAAATAACACCTTAGGTAACTATGTCTTTACTTTAGGTAACAATGGTTATGACAGTGCGATTGAGCGCGGCCGTGCTTCTGGTGCCATTATTATTGCGGCTTTAATTACCTTTGCCTTTTACTTTGTGGTGATCTTTGCTCCAAGAATAGTGCGCTTAATCCAGACTAAGTGTTTGAAATACAGGAGGGTTAATGTTTAAGATGAAAAGCTGTAAGTTATGACTACGGGGAAGTTTCTTTGTCATTGTCCTTGTTCTCATCTACCTCCCTTTAATAATAGTTGTCTTAGTTAGTTTTAACGGTTCTTCGACTAGGGGTAACATTGTCTTAGACTTTGGTAATGTTTTAAACCCTAACCCGGATGCCAAGTCAGCATATCTAAGATTAGGGGAAGCGGACTTTGCCATCCCTTTACTCAACTCTGTCATTATTGGCTTAATTACGGTCATTGTCTCGATCCCGATTGCCATCATGACTGCCTTTGCTTTATTGCGATCCAGGCAATGGCTCAATAAAACAGTCTTTGGGATTGCTAACTTTTCTCTAGCAACTCCCGATATTATTACCGGGATATCGCTAGTGTTGTTATTTGCCAACACCTGGTTGAGCTTTAACCAACAGTTAGGTTTCTTTACTATTATTAGTTCCCACATCTCCTTTTCGGTGCCTTATGCCTTGGTGTTAATTTACCCAAAGATGCAAAAGTTAAACCGTAACTTAATCCTAGCGAGTCAGGATTTGGGTTACTCACCCATTGCTACCTTCTTTCACATTACCTTACCTTACTTACTACCGAGTATCTTGTCAGCCATTCTAGTAGTGTTTGCCACGAGCTTTGATGACTATGTGATTACTTCCTTAGTTCAAGGTTCAGTTAAAACAGTCGCCAGTGAGCTCTATTCCTTTAGAAAGGGGATTAAGGCCTGAGCTATTGCCTTTGGTGCCATTTTAATCTTGGTCAGCATTCTAGCTGTCTTGCTAGTAACACTGCACAAGTACCTACGCTTTAAACATAAAGAAATGCTCCGTGTTAAACAATGAAAAAACAGTTAAAGTATTGGTTTAGTCTAATGGGACTAACCATGTCAGTTGGGTTAACTGCTTGTAGTTCCAACCAGTTTGTGTTTGCTAACTTTGAGTCGTATGTGTCGCCCTTACTTTTAGAAAGGGCAGAAGCCAAGCAACCAATGACCTTTCTTACTTATCCTACTAACGAAAAGTTAATTAACGGATTTGCTAACAATACCTATACGGTAGCAGTGGCCTCGAGTTATGCTGTGAGTGAACTGCAGCAACAAGGCCACTTACTACCAATTGATTGAGCTAAATTCAATTTAAAGAAAACCCAAAATGGTAGTAACCAAGCCACCATTCAAAACAAAGAGGATGCCAAAGAATTATTTACCAAAGAAATAGGCGACATTAGTGGTGAACTTTTAAACTGGGGTGTGCCCTACTTTTTACAAGACCTCGTGTTTGTTTACCGGGGCGAAAAGATTCAAGAACTTGAAGGTCAAGATGTTACTTGATCAACGATTATTAAAGCTATTGTTAATCACAAAGACCGCTTTAACAACAACCGTTTAGCCTTAATTGATGATGCTAGAACAATCTTTTCCTTAGCGAACGTCGTGCACCATGAGGTTAAGAATACCACGGTAGATGTTAATCCTACAGGTAGCACCTTAAACTACTTTGGCAACGTTTACGAAAGTTTTGCAAATTTAGGTCTAAAACGTGATAACCTCAACACGCTCTTTGTCAATTCGGACTCCAACATTATTATTAATGAATTAGCTAATGGCAGAAGACAAGGTGGCATTGTTTACAATGGTGATGCCGTATATGCCGCTTTGGGCGGTGATCTCCGCGATGAAATTAATGAGAATAACTTGCCCAACGGCGATAACTTCCACATTGTGCAACCGAAACACTCGCCTGTGGCCCTAGACTTTCTCATTATTAACCAGCAACAAACTCACTTTAGAGATGCTGCACACCAGTTAATTTACCAGTTGGCCTTAGAAGGCGCTGATCAAACAGCAGAAGAATTATTAAAAACTGATGAAGAGAAAGGTACCAGTGATGAGGACTATTACACTTATGGTGCAATGCAGAATTTTAGTTACGTTAACTATGTTTCGCCTTTAAAGAATATTTCTGATGAAACCACTGGGATTGTGTTTAAGGAAAACAAACAAGCTGATACTAAGCAAGTTGTCAAACAACAAAGTCAATCAGAACAACAATCTGAATCAGCAGAAAAGGAAGAAACGGAACAAGATGATTTCTACACTGCTACTCTCAAAAGTTTGTTGAAAGCGGACAGTTTAGATGACAAAGCTAAGAAGTTAGTAGACACAATTAAAAAGACTTACAAGATCAAAAAAGCCGACAATATTAATTGGGCTAACTTAATCGAGAAACCAATTACCCCATTACAAAGGAGTAATTTAACATTATCGTGGCTTGACTTTAAGCAACGCTTTTGATAATGGAACAACCTTTGTGTATCTTGGGAATTGAAACCACTTGTGATGACACTAGCATAGGGGTAATCACTGAGAGTAAGGTACAAGCACACATTGTTTTATCATCCGCCAAATTACACGCCCAAACTGGTGGCGTAGTGCCCGAAGTTGCAGCTAGGAGTCACGAACAAAACTTGCTTAAAGCACTGCAACAATCAGGGGTTGTTTTAGAACAAATTACTCACATTGCTTATGCCGCTAATCCGGGATTACCCGGTTGTCTGCATGTGGGAGCTACCTTTGCGCGCAGTTTAAGCTTCTTATTGGACAAACCCTTATTGCCCATCAACCACCTTTATGCCCACATCTTCTCGGCCTTAATTGACCAAGATATTAATCAGTTAAAACTCCCCGCTTTAGGCTTAGTGGTGTCCGGGGGGCACACTGCCATTTACCTAATTAAGTCCTTGTTTGACTTGGAGTTAATTGCTGAGACTAGCGATGATGC
NZ_CP017332.1_gap4	161016	164626	3610	ATCTTTCCTGGTTGGCAAACTCTGGTTGTTGGGCTAGGTAATGGATGCCATAAACCTGCTTACGTGCTTGTTGGAATTCCTCAAAGTTAAACAGCTTAAACAGGATTTCGTCAATGACATACTGGTACTCGTGTACCTTGCTGCGAATAATTTCCTTTAAAACATCTAAGTGTTGGGCAATATCACAGAAACGTGTATCGATAATGCGATCATTAAAGATCCTGACACATACCATGATGTCTTCAAACTGTCTTTGGTTAGCATAGCTAATCGTTTTCTTAAAGACGTTACCACTAGCTGACACTAACAGTAGCAGTGCACAGGACTGATCGAGCATAATGAGATCAATCTTTTTTAAGACTTCATCACTACTAAAGTGGGTTAACACCACTGGTAGGTTTACCATTTCGTTGATAAACTTTACCCCCAGTTCAATAATTTCATCAATTGTTTTGTGTTTTTGCAAGATAATCGCCCTTAAGCGGGTTTTAAGGTTACTCTTATCATCATTTTTAGTGAGTAACTTGACATAGTACTGATAGCCCAACTGGGAGGGGATTCGTCCTGAAGAGATGTGGTTCTTTTTGAGATAACCCTCTTTTTCCAAAACGGCCATTTCGTTTCGGAGTGTACCGCCAGAGAGGTTTTTAAAATATTTTTTAGTTAATAATTTACTACCAACAGGTACTGGATAGGCAATATATTCGTTGATGATGGCCTTGAGAATTTGGGCTTGTCGGGTAGTTAAATTTTTCATTAGGTTATCCTAATTTTATTTTGTTAGCCGCTTGATCATCGTGAACAATACGCTCGCTTTTAAGTTAAAGAACGCACCCCATAAGCCAGGCTGCTATTTGTGAAAGGATGACGCTGGTCAAGTTTTGTATGTCGGGAAGGCTAAGGACATCTTTAAGCGGGTACACCATTACTTTAATCCAAACCGTTCCTTTAAAACACGGGCACTAGTGGAACGAATTGCGGATGTCGAATACGTCATTTTGAAAAATGAAAATGATGCTTTGAACTTAGAGGCCAAACTAATTAAACAGTACAAACCGCGCTTTAATTTAGTTTTAAAGGAAAATAATGGTTATCTCTATTTCTTTATTACCGCCAGTGTTAAACCCACCTTGGAATTGGGCCGCCGGTATGAGTTTTCCAAGAATAAGTACTTCGGTCCGTTTGCATCGAGTAAGTTTCGACTGCGTGACATTTATGACCTGTTGTTAAAGCTGTTTCCATTACGCAAGTGCGCGCCCCATGAACGGGGTCACCCCTGCTTTTACTATCAGCTTAAAATGTGCATGGGTCAGTGTATGGGCGAGGATACACCGGAACGTTACCAGACCACCGTCAAGGGAATTGAACAGTTTTTTAACCACGGTCCCGAGCAGGTTTTAAACCACTTGCAACAGCAAGAAATCAAGGCTAGTGAACAACAAAACTTTGAAGCAGCACGCCACTTCTTGGACTTACAGAAAGCCGTTTTAGAACTAGTGAACATGCAACAAACGGCCTTCATTAAAGCAAAGCAAAGCCATGACTTTATTGGTTATGTCTTTGAGAAAAATGTGTTAGCCATTACCGTCTTTGCTTACGTTGATAACCAACTAATAGGCAAAAACCAGCAGGTCTTTGAACTACCACAGGACGATGAAAAGGAAGTTGAAAGTGCTTTGGTTACCTTTATTTACCACTATTATTCCACCAATAAGATACCCAAAACCCTTACAGTTTCTTTAAGCGAAGAGAATTTGAGCTTACTGGCCAACAGTCTTAAAATTAATGTTACGCAACCAAAAAACGGCGAGCAAAAATCCATTTTGCAAACCGTGATTGACAACGCCCGTTATGCCTTAAACACCAAGTGAACTGGGTTTATCAATAACCTTAACCGTGCCGAAGTGCACCAGCAATTAGCGCAGCTTTTACAAGTTCCTTCGATTCAAAGTCTGGAAATTATTGACATCTCCTTTTATGACAAAGACCACGTGGTGGGGGCGATGTTACGGTACGAAAATGGCAAACGGATGAAAGCGTTATCACGCCGTTACAACATTAACATTGACCATAAGGGTGACACTAACTATATGGCTGATGTGGTGTACCGCCGGATTATTTCGTCCATCCAAACCCATAAACAGCTACCTTTAAGTGATCTTTTAATTGTCGATGGTGGGATTGCCCAAATTAATACGGTAACCAAGGTGTTTGCCTCTTTCCCTAACGTTACCCAACCGATCATTATTGGCTTAGCGAAAAACACCCGTCACCAAACTGACCACATTGTGTTAACGGATAACACTACCATTAACATTGACAAAAATACGCCTTTGTTTGCTTATCTTACCACCATTCAAGAAGAGGTCGATAGCTTTGCCAAACACAATGCCTTTAAGCGAGTTAGTCGCGCTCGCTTCCAAAATCCACTCTTACAAATTGAAGGGGTTGGGCGAAAAACTGTCCAAATATTACTTGATAATTTTCAAACAATGCAAAACATTGAAGCTGCTTCTTTGAGCGAATTATCACAGTTTATTCCTGCTAATTTAGCACAAAAAATTAAAACTTTTCTAAAGGAAAATGACTAAAGTATTAGTGTTATCAGACACCCATGGCTATAACGATAGGTGACTAGCCGTTATGAAGTTGCACAACCCTGATGTAGTAATTCATGCTGGTGATCATTTAACTACTAAAAAGTTTATGGATCAAAATGCCACTTTTTGGGTTGCTGGTAATCATGATGTTGTTGGCGAAGAGATTCAAATGTTTGAGTTAGAGGGAATCCAGTTTGTTTTAATGCACGGCCATCAAGCGCCCCGTCATGATCTCAAGCAGTGGTATAAAATGCTGGTTGATCAAGCTAAAAGCTATCTTTGTGATGTTTTAATTGTGGGTCACAGTCACATAGAGCACTATGAAACTATTGATGGGATCCAGGTTATTAACCCCGGTTCTCTAGAAATTCCCCGTAATCCGAGAAAGCTACCTACCTACTGTAATTTAAACTTAAGTCAGGGCAGGATAAGTGATTTAACGTTCCATTTTCCTCGGGATTAAGTCAAATAAATAAAAAAAGCCATCTACCTAACAAGCAGAAGGCTAAAAAATACTTTTTTTAGCGATATTGAAATTAACAGAAAGATCTGTTAGCAAATGTAAGGAACAAGCTTATGCAAACTTTCAATATGTGACGTGTTGAAAAACCTTTAAGAGTATGCATCAATTGGGAGTAGGAAAGCAGGCTTTCAACACAAGTTTTCGTTTTCCTGCTCCCACTAAATAAATTGGGAAAGGTTTTCAAAGTCGCCAAAAAGATTAAATATTTTTGGAATTTTGAATTTTTAGTTGCTTCTAATTGTTAATAGAGATTTACTTTCAAAAAAACTTTTTGGTTTATTTTTGGTGTCTTTACTAACTTAAAGCAATTTAGTTAGTGTAAAGACTCATAATGTTTAAATTAAAAATTAACAACTTCCAATTAGGTTTCAAACTCGTTCAGTGACCAGTGACGAACCACCTTCTTAAACATTTTTACGTTTTTCCAATCAATAATAAAGGAGGTCTTGCCATTAAACGCATAATTTCACTTGCTTTGTTTAAGAAA
NZ_CP017332.1_gap5	241976	244104	2128	TGGTGCCATTGTTTTCAGTGGTCTTTTAGGAGTCTCTGCCATTTTAGCTGCTTGTGGTACACGCGGTAAATTTGACCAAATTGATGATGGCAAAATTAAGCTAGCATCTTCGTTAACTTCCAAAGGTGCCGCTAATGCTTTACAAGCAATTGTGAAGAAGTATAACGAGGTTAAAAAGCCTGGTGATTACCCAATTGAAATAACCCAAATTGCGGGTGGTTACGACCAAGCACGCGTTGACTTACAATCACGGGTTGGTGTTAAGGATAAAACCAATTTTTACAACCTCATTTTGAACTATCCCGATGTAGTTTCAGTGCTAGCACGTAACCAAATGGAACTGCCATTTGATGGTGTTGATGTTTCTAAAATTTCACCTAACTTTTTAAATTTTAACGAACGTATTAGCGGAGTTTCTAAAAAGGCTAACTATGCCATTCCGGTCTCTGTTTCGACTGATATTTTAGTGCTCAATGGACCAGTTTTGCACTACATTTTAAACAGTGCTAAAGGTGAAAGTAAGGGCGCACAAAAAGATAACAAGAGTGCTGAAGTTCAAAGAAAAAGTACAGGTCAAAAGACCGTTACCCAACCTTTAACTATTGCAACTGATTCTGCTACAAACGGTCTTTGGAAAAAGATTGAAGATGCTGCAAAAGTCAACGGTAAAAAGAAAGAAGAGAAAAAGAGTACACGCAGTAAAAGAGCCACAGAAGGCACACAAACCACCAAAGAAAATACGGGTGGTGATGCTGCAACAAGTGATACCAAAATTAAAGAATCTTGAGGTGCTTACCAAGAAGTAGAAGGCGGCTTAAAGGGTTATCAATTTAAAGCCATTGTTTTTGAAAACTGACACGATCTAATTGATTTTTCTACCAGAGTAGCTAAATCATTTAGCAAGGTCAAAGATAACAGCAACAAGAAAGGCAATGAAATTCAAGGTGTGTTAGGTGTTGATAATTCACCTAATGCTTTACTATCTTCGGTGTTTGCTGCTGGTAACAGTGACTATAACAACTTCTTTTATAAGGTGCAAAATGGTCGGGCTGACTTTAGCAACTTTAACAATAAAGGCAGTTCTTATCAAAACCTTAAAAATGTCTTTAACGACTATAAGAACCTAATTGCACAAAATGGTCTTTATGTAAATAAAGGCGGCTCTTACTCTTCAAACTTCCAAAAGTTTCACCAGTTAGCTTACAGCATTTCCTCTACTTCTGGTTTTGCTTATTCGTTTGCTGGACAAAATTCCAAACGTTTTAAATTTACTGATGATGGTACTTTTGTTGAGTATCCTAGTTATACAACTGAAGTTAATGCACCAGAAAGTAATAATGGCAATGATGGAAAGCAACAAGGTCAAAGTGATCAAGGAAACCTTTTAGGAACTTTTGAAGTTGTAGATAAAAGTACTAGTGATATAAAGGTGAAACCTAAAACTCAAGCGGAATCAAAGAAAAGTAGTGATAGTAAACAAACTGCAAACACAGGCAAAGGCAGTAATTCAAAACAACAAACTCCGAAGAAAACTATTTCGCTTTATAAAACCAAAATTCCTCAAGATAAAACAGAAAACGTTGACGCTTTTTTAGTTACTGATTCAGAATTAATTAGCAAACTTGAAAAAGCTAAAAATAAAAAGGAAGAAACTAAAGCTTCAGGTAAATCTGCATCTGCACGTGTGGCAGTTCAAGCAACTCAAAAGAAACAGTCTAACGAAAAACAGATAGTTGGTTACACTACTACATCCGCATTAAGCGAAGACGGCAAACACATTTTTAAATTGGGTAAACTCAACAGCGAGAACTATGAGCGCAAAATCATTGTTGGTGCTACTGTAGAAACACTAGAACAATCCACTACCTTGCAAAGTGAAGAAGCAATTGTTTTAGCAGCACCTGGTAAGTACAAGGATAGTGATCAAAAGAGAGTTATGATCACCCAAGGTCCTAACCTAATAGGGGTTCATGCTAATACTAAAGAAAATGAAGAGACTAAGAAATTTGTTAACTGGTTTTTAAATAAAACCGAAAGTTGAGAAGTTAAAGGAAACGGAAAGGATTCACAAACTACTAAATCACTTACACCAGCGCAATATTTTGCTGAATCAGCATCTTATATTTTG
NZ_CP017332.1_gap6	245556	247922	2366	CAAATCTCTTTAATAATAAAAGTTAGTTCAGCAAACCACAAACTGATCCCACTTCTCCCCCACGCTCACCCGCTTCTCCACCGGGTTCAACCTCGCGGGGTCGGTGCTCGACCAGGTGTTGGATTATATTCCCTGGATTGGGAATGGGTACAGGTATGGCAATAACCACCGGGGCGTGGATGATATAACCGCGCCTCAAACCGGCGCGGGGTCGTCCAGCGGAACTAGTACGAACACAAGTGGTTCGCGTTCCTTTCTCCCGACGTTCTCGAATGTCGGCGTTGGTCTCAAAGCCAACGTCCAAGCCACGCTCGGTGGCAGTCAGACGACGACTACAGGCGGCTCCAAATGATCCACCCTCGACAAAGCCAACCTCCAGCCCTGAACGGGGGCGGGGTGAAGGAATGATAAGACTACTGGGAATAACACCCAAGGCAACGAAAACCACACCACCTTTAAAAACGCTACGGGGATGGGCAGTCAAAACCAGGGTTCTACAACAACTACCTCAGCGGGCAATCCCGATTCTTTAGTTACTGATAAAGTTGATCAAAAAGGTCAGGTGCAAACAAGTGGTCAAAATTTAAGTGATACCAACTACACCAACCTCCCCCCCAACCTCACCCCCACATCCGACTGACCGAACGCGCTCAGCTTCACCAACAAGAACAACGCGCAGCGCGCCCAGCTGTTCCTGCACGGCTTGTTGGGCAGCATCCCGGTGTTGGTTAATAAGAGTGGCGAAAATAACGAAAAATTCCAAGCCACCGACCAAAAATGGTCCTACACCGAATTAAAGTCGGATCAAACCAAGCTCAACCTCCCCGCTTATGGTGAGGTGAATGGGCTGTTGAATCCGGCGTTGGTGGAAAACTATTTTGGGACGACGCGTACGTCTAGCACTGCGAACCAAAACAGTACAACCGTCCCCGGTATCGGTTTTAAAATTCCCGAACAAAATAATGATTCAAAGGCTGTGCTGATCACCCCCGGGTTGGCTTGAACGCCCCAGGACGTTGGTAACCTCGTTGTCAGTGGCACCAGCTTCAGCTTCCAGCTCGGCGGGTGGCTGGTCAGCTTCACGGACTTTGTCAAACCCCGCGCGGGTTACCTCGGACTCCAGTTAACGGGCTTGGATGCAAGTGATGCGACGCAGCGCGCCCTCATTTGGGCCCCCCCGGCCCTGAGCGGCCTTTCGTGGCAGTTGGGTCAACCGGTTGGGCCGCGTGGAGAGTGTGTGGGATTTGAAGGGGGTGTGGGCGGATCAAGCTCAGTCCGACTCGCAAGGATCTACCACCACCGCAACAGGGGCTACCTTACCGGAGCACCCGAATGCTTTGGCCTTTCAGGTGAGTGTGGTGGAAGCGAGTGCTTACAAGCCAAACACGAGCTCCGGCCAAACCCAATCCACTAACAGTTCCCCCTACCTGCACTTGGTGAAGCCTAAGAAAGTTACCCAATCCGACAAAGTTAGACGACGATCTTAAAAACCTGTTGGACCCCAACGAGGTTCGCGCCAGAATGCTCAAATCATTTGGTACAGAAAATTTCACCCAGCCCCAACCCCAACCCCAAGCCCTCAAAACAACGACACCGGTATTTGGGACGAGTAGTGGTAACCTCGGTAGTGTGCTTAGTGGTGGGGGGTACCACGCAGGGCTCAAGCACCACCAATCAACTGTCACCCGTTCAACGGGTGAGTGGGTGGACCGCTAACTATTAATAGGAACTTTTCTTATTAAGAAGAACTTTTTTGAAAAAAGTTTTGAAGTTATTTTGGTGTCTTTACTAACTTAAAGCAATTTAGTTAACGAATACCCAAAAAGTATGAAATTGATTAAATTAGCGAGGTTTCACCGCTTTTTAAAACAAGACCAATTGCAACTTGTTTCTTTGTTTAGCCAAAACTTTTTGCAAGTTTTGTTGACACCTTTAAATAAACCGGTCAATTTATTTAGTGAAAACACAACAATGAAAACAAATAAAAAATACGCCTTTGCGGCGTTGCTAATGCAAGCTCAAGCTAAGCTCCCAAATTCATTTAAATTCTTTCTTTCAAAAAAAGGAGGTATTACTTAATGAAAGAAAAAACTCCCTTTAAAAACGAAAAAGAATTCCATGAAATGGTGAAAAAGACCAAAAAGGGCACTTTTTCAGGTTGATATATCATTGACAAAGATAACAACAGTGTGGAATTCTCTGGCAAATTCAACAGACAATTTAAACTTAACAAACCGGTTATAACAGTGAACACGGAATACGTAACGCGTAAAGAGTTAAACGAGTACAAAGACTCAAACGACCAACGACTTACAAAGATTGAAACCACTTTGGCCGCCCAAGGTGAGCAAATCAACAAATTAACT
NZ_CP017332.1_gap7	261570	265577	4007	CAATTTCGTGGTAAAATTAAGAGCTAGCAATGCGTAAACTAATTAAATTAAACGTCATTGTCTTTGTCTTGTTGTACTTGGGCGAGCTGTTTGCCAGCCTTTCGTTCAAGTTAATCAGTTGCCTCAAGACACGCAACCAGTACTCCTTAAACGGGTACTATGCGTTGTTTGTCTTTGTCAACATCATCCAAAAGATGGCTAACTCTTTCCAAAAGTTAGCTTCCTCAGTTGTGTTGTTTGAAACTGAAATTAACGAATTTTTAGTTCTCTTTACTGATACAAAGAATAAACGTGAGGAGAGTGAACCAGTGCGCCAGGTGTCAACAACCCAAGAGTATCACCAGGTTACGCTCGACCAACAACACTACTTTAACCACAAACTGAGCGATTACTTCCGTTTGTTTAAGGACAAAACTTTCTTCTTTGAAATTATCTAGTTACTAAATTGACCTGAATTGCAACCTTTCAGGCACTTTTTACTGTTAGTAACTAGTCTTTTTTCATTTCAATATTTAAGTTTTTAATTTAACCAATTTTTACTATGAAGCTTAGTGCTATTATCTCCCTATCAGTCGCTGGTACTGTGGGAACAACTGCGGTGGTAGTACCTACAACTATAACGCTTGTAAATAAGACCCACCAAGTAGAACATGAATCAGAACAATCGGATTTTCAAGATATTCGCTTTGGTCTTAATAGTGTTAAGTTGCCAAAAGCACAGCCAGCTGCGGCAACTAGAATTACCGTGGAAAACGGGACTGATAAATTAGTCAACTATAAGTCCTCACCACAACAACTCTTTTTAGCGAAGAACGCGCTTAAGGATAAACTCCAAGGTGAGTTTGATAAATTCCTAAGTGATGCGAAGGCCTTCCCAGCGCTAACCGCTGATTTACAGGAATGGGTTGACCAACAGCTGTTTAATCCAAACCAAAGTTTCTTTGATTTAAGTGCGCCCAGGTCAAACTTTACCCTTTCATCTGACAAAAAGGCTAGTTTAGACTTTATCTTCCGCTTTACTAACTTCACCGAATCCGTTCAGTTGTTAAAACTACCAGAAGGTGTATCGGTTGTAGTTGACTCCAAACAAAGCTTTGATTACTATGTCAATGCTAGTGCCCAAAAATTATTAGTTCTACCGCTGTCTTTACCAGATTACACTTTGGGTTTAAACTATATGTTTGACCACATTACTTTAAACGGTAAGGTTGTCAATAAATTTAGTTTTAATCCGTTCAAAACGAATTTAAACCTCGCCTTTAGCAACGTTTACAATGGCGTTGATGTGTTTGAAGCACAAAAGAATTTAGTAGGTAAGGGTAAATACCTAAACACCCACGTGAAGGCTGAAGACGTAAAGAAGGACGTTAATGCCAACATTAAAAACCAATTTGACATTGCCAAAATTATCGCTGAGCTAATGGGTAAAGCCCTTAAAGAATTTGGCAATCAACAAGAAGGTCAACCATTATCCTTCCTAAAGGTAATGGATAAAGTTAAAGAAGATTTTGAAAAACTGTTTAACTTAGTCCGTCCTGGATTGGGTAAATTTGTTAAGGACTTAATCCAAAGTAGTAGTCAAGCAGAAAACAAGATAACTGTCTACAAGTTAATCTTTGACAACAAAAAGACCATCTTAAACCTACTTAAAGAGCTTTCCATTCCGGAATTAAACTCTTCTTTAGGTTTAGTGGACGTCTTGTTTGATGGCATTACTGACTCTGATGGTCTCTATGAAAGGTTGCAATCTTTCAAAGACTTAATCGTTCCAGCAGTTAAAACGAATGAAAAAACCGCGGCTTTAAGTCCATTAATTGAAGAGTTATTAACCCAAAAGGATACCTATGTGTTTGACTTAATTCAAAAACACAAGGGTATCTTGACTAACTTGTTAAAGAACTTCTTAGCTGATTTCCAAAAATCAACGCCGTTTATGGCTGATCAAGTAGCCATCTTCACTGAGTTATTTGACAACGAAGGTGCGTTTGATTTATTTGGTGAGGCTGACTTTGTTGACAAGATTGCCGAACTCTTCTTAACAAAGCGTACTGTTAAAAATGGTGAAAAAATTGAAACTAAAGATTCCCTACTGGTAACATCATTAAAGAGTCTTTTAGGGGAAAAGGTAGCTGCCTTAGGTGATTTGTTAGATAGCTACATCTTTAAAAATGAATTACTTAACCGCAGTGTAGAAGTGGCTAAGGCTGAAGCTAAGGACACTAAAGGTGCTACCGATTACAAAAAGGAACAAGCTAAGGCGCTCAAAAAACTCTTTAAACACATTGGTGAAAACACTTTAAGTAAAACCAATCTCGATAAAATCACCTTAAAAGAAGTTAAAAACACCGAAAATGTTGAATTAGAAGAAACTGAAACAACCTTAAAGGTTAAAAAACTCGATGTTGAATACAAGGTAGAACTTGGCAACTTTGAAATCAAGAATGGCTTGATTAAGGCAATGCTCGAATTCTTGCCAGACACTAAAGATTTAGAAACAACTTTAGATAAACTCTTGTTCAAAGGGGAAAGCTACAAAGCGATGAAAGACAAGTACATCAAGGAAGGTTTCCCTGGTTATGGTTGGGCTAAAGGAGTAGTCCCTGGGGCCTTTGAATCTATTGAAAATACTTTTAAGAGTGCTATTGATAAAACCAAGTCCATTCGTGATCTCTTTGGCGACATGCTCTTTGGTAACGATTTAAGCAGCGTTAAAGAAACTGATTCATTCATCACCCTAGGTGGTTCGTTCGACATTAAGTATGGCGGTGAAAATCTCAATGTGTTGCCAGCTTACTACTCTTTAATTAACAGCGAAATTGGCTATCAAATTATTGGTGTAGATACCACAATTGATGCAACTAAGGTAAAAGTTGAATTAAAAAACAAAGAGTATAAGGGTAAATCGCCAGCTATTAACGGTCAGGTGAAGTTGTCACAATCATTCTTTAATGTTTGGACAAATATGTTTGACAGCATTACCAAACAAATCTTCCAAAAGAAATACGAGTTCAAAGATAACATCCAAGTGTTTGCGCGAAACGAAGATAACACATCACGTTTAGAACTTGACATTTCTGATCCTGAACAACGGGTAATTCCATTTGCTTTTGTTGATGGCTTTGGCATTCAACTCAAAGCAGTTGACAAAAACATTACGAAAGAAGCAGGTAATACTGAGCCAAAATCTCCTGTAATTCAACTTTATGAGGCACTTAATAAAGAAAAAGATCAAAAACAACAAAGTAAACAATCTCCAAAACAACTTGATACTAAAACACAGTTGGGTTACCTATTGAAATTAGGCGACAATTGGAGTAAAGATGATTACAAAAGCTTAATTGATGATACGATCATCAATAACAACTATTTAGAGGCCAGCTTTAATTCCAAGATAACGGTTGATCGCTTGGGTATTCCTATTGACCTTTGATTGTTTAAGATTTGACCTAAGTTCAATTTGGAAATCCCAATGCAAGGTTCCTTACAACTTTACAGTAGTAGTGTTATCTTCCCATACGGTATTTATGACACCAGTGTTCAAGATGCTGCGAAGATTGTGAAGCGTCTGAACTTTACTGACATGGGCTTCAAACTCAACGATCCAAAACCTAACTTCTGGTTCGTTGGTTTTTAGAGCAGACTAACTACTATACTGATTAAGCTACCTAGAAGGTAAAGCGAGAAGTTCATCCACCAAAACCCGCGGGTTTGTTTACGGTAGGATGAACTTTTTGCTTTATACTCGTCAAAACTAATGTTGGGCTTGGCGTATATACTACCTAGTTTTAGATATTGGTTAAACTTGCTAATTTCGTACCGTGCTCCATCACAGGTTTTTAAGCGCACTATACCTTGGAGACACACAAGCAATCAAACAACGACAAAACTAACAACACAACTGTTTTTCAGAATTAGGTTAATGTTGTTAGTTTTATTGAAAAAAACGGTTAAATTCAAAATGGCGAAGAAAAGCACAATGTAAATTGTGCTTACTATTAACCCGCCGT
NZ_CP017332.1_gap8	396436	399535	3099	CACCCAGTGGTGCAAATGTCGAGTTTAATCATTCCTTTCATTGCTCTGTTTGCCACCATTATTACCTTTCAAGTCTTTATTAATGGTTATTACAACGGTCTAGAGATCTTATTAATTACCCGCTTTTTTACTCGCGGTCGGTTATTCTTTGCTCGCTTAGCAGTCTTGTTTATTTGGATTACTGGCACGGCATTTTTAAGTGGTCTTTTTGTTAGTTTAACTGCTACTTTAGGTGCTACATCACAAACAGTTACTGACCTTGTTTTAAGCGTCTTTTTTGGAGTGCTTTTACTTAGTTTATTGTTTAGCTGTGTCTTGATTATTATCGCGCAGTTTTTAAACCGCACCCAAAGTATGTTGTTGTTACTGTTAGGGGTTTCCCTAGCTAGCTTTACAACCGTTATCTTGGCCTTTTCAATTAAGCCACCGAGTGAAAATCTCCGTGATAATGGTTACCAACCACTAAACCTAAGTCTCATCAGTAAGTCTAAGTCCAAGAGTGTCGAAAATGTCTTTACCATCATTGACTCTTCAAATGTATCCGATCCGCGCAATAAAAAGAAATCGATTGTAAAAACCAATCCGCAAGCGATTTGGGATGAATATGGGGAGAGTAGCTTCTTTCAAAGCCAGTATTACTGGAATGTAGGGTATTGAATTAACAGTCTGTTTCGGTTAAACAGCCTCAGTGATTACCGCAACTTTGATGTTAACCTCTATTTTTTAAACACTAAGCTTAATTTTGACAGGGAAGTAGATACTGATAAAATGGTCGACTTTGTTAGCTTTCGCGATCAAAGACACCTTTACTTTTTAAGTTATTCCTTTTTTATCAATACCCATAACCTGCCCACACAACCGTTACCCCGGATTCTTACTTATGACAATAACGGTGCCTTTTTAGAGAAAATAGTCCCTTCCTTTGATGACATAAAACTAGATCCACCCCGGGTCAAAAAGGTTTACAAATTCTTTAGTGACACCATTATCCAGTCCTTCCGTGATTATGAAGCGGAGGAAAAAGAAAGGCAGGAAAAGGAAGAGAAAGAAAAGGCTGAAAAGGACAATGGCAACGGCCAGGATTCCAATAAAGTTAACTCTGTCAGCACGGAGCCTAACAATAAGAATTCATCAGATGCGGATTCTAAGGATAACAATGATTCATCCGATTCCCAAGGCAAAGACTCAAGTAAGAGTAAGCCTAAGTTTAGACCTAGGCTGCCACAATTCTTTGATCGTGTTTCCATTAACTACAGTAAGTTTTCCAGTAGCTTTAACACACAACTAAAACACATTCATCAAGGACTTTCTACCCGTGATGAGGCCATGGAAATCTTTAAAGATAAGGTAGCGTTATTTTATGCCCTATCAATGGCTTATGACAACTTTACTTTCCAAAAGGACAGTGGCATTATTGATAACACTAGCTTAAACAAATTTAAAACAGAGTTTAACAAGAAGCAAAAAGAGCTAACTGAAAAAAACAAGCAAAAACAGGACGGTAAAGACCAAAAGAGTCAAAGAATGACACAAGGTGCTGATAAAGCAGTCACTGTTGAGCCAAAAGCTATGCAGTCTGAAATTGGAATGACTGATCAAACTAATGACCAAAGCAGTTCGGAAACAAAGGACAGCATGGATAGTTCAGACAGTAGTGATACTGTTGATAACACTGATGAATCAGAAGATAAACAAAGTGAAGAGGAGGAAAAGTTCGACGAGGAAATTGAGAATGCCAAAAAAATTCCTAAGGCTGAAGACGCCTTTTTTAATACTGCCTCTATCTGGTTGAGCTCACCATTTCTCTTTTTTGAAAATGGTGCAAAACGCGAACAACGATACGAAATCCATTTGCTCAATTCAAACACACAGGTTAATAACGAAATAATTAAAACTAACAGCTTTTATTACGTTAGTGGTGAACCGATTGTAGGCCAAGAAGTCATTATTGCAATGGTGCTGGTGGTAACACTAGGTCTGTTAGTTGGTAGTTTCTTCGCTTACCAAAAACGCGATATTAAGTAATTAGTTTTTCTGTAACGACCTAACGTACTTCAAGGTAATTTGGTAAGCTAGTTTTAAATCCTTTTTCGCTAGTTTAACCAAAGCGGTAATATCAATGCCTTTAGCTCACTCTTCATGAACGCGCATTGGTTCTAACTTATCCGCTAAGTAGATAATCATGTCTAGTTGACTCATCTTTTGTGGTGGTACAGTGTGGTTTCAAATAGCGCTAAAAACAGCACTATTATTTAAACCATACCAATGCTTTAAAATGTATGCACCTACATAGCTGTGTAACACCTTTCAGCTAGGGTAATCATTTACACCCGCTACTTTGGCTAATTTCTCTAATTGCGCTTGGGGTAGTTGCTTTGCTAGATCATGGTAAGCACCAGCAGTATAAGCCGTTTTACCATCGAGTTTATTTGCCACTGCTAAAGTTTTAGCTAACTGACCAACGCGCAAACAGTGTTGCATGCGCGGTTCATCTAACAGTGTTTGCAAAATGGTTTTTAGATAAATGTTGTGTTGGTGGATATAGTGCAACACCTTAGCGGGAATTTGTCGAAATTTATGACTACCAAACATTTCACTCGATGCCAAATCTAAAGGACACTTACCCAACAGTCGGACGTTAAACTGTTGTACCAATTGTTCATCAATTGGATAACCGAAACGTTCATAACAGACAAAACGACAAAGTTTTTGTAACTGCTCAATGTTATGTCATTTGGCCAACTCGCTTAATTTATCACTGCCAATTAAAAAGTACAACTCAGCATTGGGAAAGCGCTGCTTAAAGTGTTGTACTGTATTGAACGAAAAACCGTTTTGCGCTTTAATGTCAAAGTTAGATACTGCCATCTGAGGCAATGCTTTTAGCGCAACCCTTAACATTGCTAAACGTGCTTGATTAGATGCTTTAATCGGTGATTTAAAAAAGGCTTTAGCAGTTGGTACAAAGTAAAGCTTTTGTGCTTTAATGGCTTGTACAGCACGCTTAGCAATGTAGATATGCGCTTGGTGGAGGGGATCAAATGCACCACCAAAGATCACTATTTTTTTTCTCAAAGAGCTTAAATTGTTTAATTCTAA
NZ_CP017332.1_gap9	515058	517084	2026	GACTTAATTGACCACATTAACCAAACGTTAAACCAATTAAACCACGAGTATGGCTGCATTCTGTATGGCCTAAACGACCAGGTGTACTTTTATCATATCCACGCTCCTGACTCACAGGCCTTCAAACAGTACTTTGCTTTTTATGAAGGCGAATTTGTCCAAAACCAGTATCTGGAAATAGATGGGCTCAAAACTGAATACAATCTAGTTAAAGCCATTTGGTTCTTTAAGGAAGTGCACCAGCAAAAGGCGGTGATTGCGCAACACTTTACTAACCAAGAACGCTTGGTCATTACTTCAGCACACTCGTTTGAACTAGTACCGCTTAATGTATCAAAGGGTCATGCGATAAACCTAATTAAACAACAAGTAAAAATCACCGATAACCAGATTATGGTCCTTGGTGACTCTTACAATGACTTGCCAATGTTTCAACATGGTGTAGTTAAGGTAACTAATCACCTCGCACCCGACAACCTCAAACAACTAGCTACAAGGGTTTATGAACTACCAGCTTCACTGTTTGTGGGTCAAGCGTTGAACGACTACTTTAAGTTCGATTAACTTATTTATTTAAGTGTTTGCGCTGCGGTAATAATGCCCACGTTAAAGACATCACTGACACTGGCACCACGGGAAAGGTCGTTAAAAGGACGTGCTAGACCTAAAACAATTGGACCAATTGCTTCATAACCACCTAAACGTTGCGCAATCTTGTATCCAATGTTACCAGCATCTAGGTTCGGGAACACATAGATGTTAGCTGATCCATTCCAAGTCAAATTAGGGGCTTTTTGTTTGCGTACCTTTTCCACAAAAGCACTGTCAAACTGTAATTCACCACAAACATTAGCTTTGAGTTCGGGGTGTTTTTCCAAGAAGATTTGGGTCGCACTGACTACTTTGTCCACCGCTTCCCCTTTACCACTGCCCAGTGTTGAATAGCTCAAAAAGACCATCTTGAGTTCTGGTTCCCCCATACTTTGGGCAAACTTAAAGGTGTTTTCCGCTACAACTGCTAATTCTTGGGGTGAAGGGTAAACAGCAAAAGCACAGTCGGTAAAGTACAAGCGTTCCTCATTCTTTTCCATGATGAACACACTCGACACAAAGTTACCAGTACCTAACAGTTGTAAAGCAGGACGGAGAGTATCCTTCGTAGCGTATTCCTTACCACACACTTCCCCATCCACTTCGTTGAGTGCTACTAAAGTGGCTGCTAGGGAACTGGCATCACGGACAAACTTTTGTGCTTCACGCATTTCCATGCCCTTGTGCTTGCGCTTTTCATAAACGAAGTTAGCGTACTTTGTCAAGTCCATTTCCTCAATCACATAGTGCTTGATGGCGGTGTTAAAACCAGCTGGTACTTCACTGCGGGTGCGGAAGATCACCGCTGGGGTTAAAATACCCGCTTGCTGGAGCTGGTTAACTGCTTCCATTACGGTTGGCGATCAACCTTCAGGGAAAATGATCACTGGCTTTTTACCAGCACTTTGAACACGTTGTTTTAAAAGATCAATAACACTCATAAAAACCTGCTTACTTAGTTTTACTCTTTACTTTAATTTACTTTTTTTGAATATCGCTAATTCCCACTAGCTCTTCCCCACCTATTAGTGCTAAAGATGCACCACCACCAGTGGAAATAAAACTAAATTGATCAGCAATCTGGAGTTGTTTAGCAGCGGCTGCAGAATCACCACCGCCAATGACACTAAAGGCTTGTTGGTTTTGCGCAATCGCTTTACCAATTGCTAAGGTACCCTGAGCATAGTTGCTAAATTCAAATACGCCCATGGGACCATTCCAAAAGATTGTTTTGGCCTTGGCGAGGTAACTGCTAAACAGGGCCACTGTTTTGCTACCAACATCCAAGGACATAAAGCCCTGAAGTTCTGCTGGTCATTGGGGGGCTACAACACACTCCACGCCTGGTTCATCCTTAAAGCTAGCATGAAGCATTTGGTCTACCCCCAAGACAATTTTCTTGTCCTTGTCACTGTCAAGGATTTGCTTGGCGGTT
NZ_CP017332.1_gap10	523915	525882	1967	GGCATTTAAAAAGCTTGTCATTACAAACTGGGTAGCACCTTCCCCACTAGGTACGGGAATAAAGTTAGAAGCGGTAATGGCAATGTTAGTGATGTTGAAAATGTCAGCCGTAGAGTACTGGTCAATAACGTTGTTAGTTGCGTTTTCCTTTTTGACAATGGCAAAAACAGCAAACACACTAAAGTAACCCACCACTGCTATTAAGATATTGGCTAGTAATTTGAAGATCGTCAAGCCTAAACGTTTAATTTCTAAACCATACAACTTATTAAACTCTGCCTTATCAATAAAACGCTGGTAAATCTGTTCCTTAGTTAAGTAAGGACGCTTAATTCACTTACGAAACTGGTTTACCCCGGAGTAAATTAAGACATGCATCCTTTTACTGTAGGCAATAAAGATAAATAAGATGGCTACCACCACATCAAAGATCATCCCCGCAAAACTAAATCAGTACGACACAAACCCTTCGTGGTTTTGTTCTAACAAAGCATAGTTTTGGGAAAGAACAAAGAAGGATGGTCAAGTAATTAACGCTTGGGCAAGGTTCCAAAAGGCGCCCGTGGAAGTAACTAATAAGACCGCTGTCTGCTTCTTCATGCCCTTTTTAATGAACCAGTACAAGCGAAAGGGATCTTGACCCAAGGAAAGTGGGGTGACAATTTGAAAGAACTGCACTACACAAGCAAACAGAACCCACTCCCATCAAGGGGCATGGAAGCAAAAGCGGCGTGCTACTCATCAATTAATGATTATGTTTCAAGCTAGGGTAACCACAATCCCCAATACTATTAACAGTATTCAGGGTCAGTTAGTTCTGTTAATGGTGTTAATAATCGTTTTAACATCACCAGTTTTAATGTCTAAAAAGAAGACGGTCACCAATACACTAACAACCACCAAAAAGGCAATAAAAAAGCTAAAGGCAAGAATATTTTTTCTAGTAAAAAAACTAGCGCTTTTAGGGGTTGACATTGACCTTTGCTATTTGAGCAATTTTAACCCACTTTCTATCCGTTTATCACCAATATTTAACTGCGGCTTATTAATGGCACTAAGTGCCAACTGTTGTGTGCCCTTGTCTGCTGCTTGGAATAAAAGCAGCGCTGCCACAACATCACTGGCAATTTTATTGTTGGTACCGCTTGTAGTTGTTAGACTCAAGCTGTCAATGTCTTGGTAAGTGAACTGGGTGTAGGTGTACTTGTCACTACCATTTTGGTAAGTGAGGTAGTTGCCAGTTCCACTTGGAGTAGAATCCCTTTGGCTCTTTTGGGCACCATTACCAAAGTAGTTTTGGTACTGGTCCAAGAGGTCTAATAACAGTTTACGCTTAGCTTGGAAGTCCAAAGTTGGGTTGCCAACGGCATCCACTTGGAAGTAGGTCGCAATTGTTTTGCCACTGCCACCATTAGTTGTGGAAGGATTTAATCCACTTAACTGGACTGCAATCCGGTCTAGTAACAATTGGTTATTAGTCCCTTGAATGATCTTTTTGAGTTGATCCTTGGAACCGTACTGTTGCAAGGAGGTTTTCGTAATTTGCTGCAAAATGGCATCACGGGAACTAGCATCGAACATCGAACTAGTGCTGGTACTCAAACCAGTAAAACCATAGTGATCAGTTGAATTTTGTTGCATTTGTTGTTTTTGTACTAATGCTAAGCTAGCAACTTGTTGAATGGCTTGTACCGTTGGCTTGGTTGTTGTTTTGTAAAAGAAGTTATTGGGATCTAGTGTTTGAGTGGATTCTTTAACTTCGTTAGCGGAGTTCTCATAGTTGAAGTAGGAACCAAATACGCCTTGGGGATTAGAGAAGTTAGTGGTTTCAGTGTTCTTGTAAGCTATAAAAGCAACTTCACCAAACTTAAGGTTTGTTTTTAACAGTGACTTAAAGTTCTTTAATTTTTGGTCCACTAGCCACTGTAAGGTATAGATAAAACGGTAATGGTCAATGACCGCTTTGT
NZ_CP017332.1_gap11	528650	529883	1233	CTCTAAAGGTTAAATTTTTGCTTTATTTTGGCACTTTAAAAGCTAGTTTTTACCTAAAAATAAGTATTGATAAGTAAGAAAAACTGCTTTAGTGCCCACTGGTGCAACTAGCTTAATCTCTTGGCTTAATTTTGTACATTTTAAACCACGATGGCATGACAAACTTACAATTTCAAACGTTTTTTTTTTTTTTTTTGAAAGAAATTGATTGCTTTAACTAACCTGCTTTTATCTAACTATTTAAGTAAATCTATTCCTGTTTTAATCCGCTTATCACCAATTGGTAGTTGTGGTTAATTAATAGCACTCAAGGCTAATTGTTGGGTACCTTTATCCGCTGCTTGGAAAAGTAAAAGGGCAGCCACAACATCGCTAGCAAGCTTACTATTTCCTTTATCACTCAAACTTAAGTTATCTATATCTTTATAGGAGAACTGAAGGTAAGTGATCTTGTCACTGCCATCTTGGTAAGTTGAATAGCTTCCATGTCCACCTTTACCAGAATCTCTTTGTGCAGCCTGAGTATTTGTACCAAAGAAATCTTTGTACTGATCTAAAACATCTAATAAAAGTTTTCGTTTTTGTTGAAAGCTAAGGGTTGGGTTGCCAATGGCATCTAATTGGAAATAAGTAGCAATATTTTTACCCTTTCCATTATTACTATTTCCAGTGGTTGAAGGATTTAATCCACTTAATTGACTAGCGATTCGGTCTAATAAAAGTTGGTTATTAGTCTTTTCAATCAAAGTTTTCAGTTCTTGCTGCGAACCATATTGTTGCAAGGAATTCTTGGTTATTTGATCCAAAATGGCTTGCTGCGTAGCGGCACCTAACATTGAACTAGTACTGGTGTTTAGCCCGGTAAAACCATAATGATTACTATCTTGCATGGTACTTTGCATTTTTTGTTGCATAACCATCATGCTTGCACCATTTTGTGCGGTTTTAACTTCTTCTGGTTTGGTAGTTGTTTTATAAAAGAAATTATTTGGGTCTAAGTTTTGCGCAGCAATCTTAACTTCATTAGTTTCGTTTTCGTAATTAAAAGCAGAACCAAATACACCTTGCGGATTGGAAAATTCTTTGGTTTCAGTGTTTTTATAAGCAATGAAAGCAATTTCACCAAACTTTAAATTTGCTTTTAATAAGTCCTTAAAGTTCTTTAAGTTACCGTTAAATAGTCATTCCAAGGTATAGATAAAGCGGTAGTGTTCAATGACCGCTTTGTAATCA
NZ_CP017332.1_gap12	533245	534594	1349	CAATTGTTTTTTGGGTACCACTGTTGCCACTTGTATTCGGTTTTAAGGCTATTAGTTGGTTGGCAATTCGGTCTAATAATAATTGATTTTTAGTTTCGCCAATGATCTTTTTCAGGTCAGCTTGAGAACCATACTGTTGCAAGGAAGTTTTGGTTATTTGATCCAAAATGGCTTGCTGGGTAGCAGCACCTAACATCGAACCACTACTGGTACTCAAACCAGTAAAGCCATAACTGTTAGTTTGCTGATTGTTCATCTGCGTATTTTGAACCATCACAGCTGTATTAGCACTTTGAGTGGTTTTCGCTTCTGGTTTAGTGGTGGTTTTATAGAAGAAACTGTTGGGGTCTATAATTTGCGTAGCACTCTTAGCCGCATTCGTTTCGTTTTCGTAATTAAAGTAAGAACCGAATATACCTTGCGGGTTAGAGAAGTTCTGCGTTTCAGTATTCTTGTAAGCAATAAAAGCAATTTCACCAAACTTGAGGTTTGCCTTTAATAAATCCTTGAAGTTCTTTAGGTTTTTGTCTACCAACCACTCTAAGGTATAGATAAAGCGGTAGTGTTCAATCACTGCCTTATAATCTACATTAAAGGACTTTTCGTTAATACTACTGTCAAAAGCCAATTTAAAGAGATCATCAAATTTGTCATCCTTAAGGTTGCCATAAATTGATTTATCGGTTAGCTTAGCTCAAGTGTTGTAGTAATAGTTGCCAATGACTTTGCTCAAAGCATCGGCATCATCGTTGGTGGTTGTACCACTTTTACCACTTCCACTAGTTTTTGCTTTATTTTGAATGTTTTCGAATAAAGTCTTTGCTTTTTTAAACAAACTGTTTTGATCAAACATTTGTTTGAGCAACATAAACGAAAGCGGGTTAACCTTTTTCGGATCTAGTAAAACTGCCAAACTTCAATTAGCGCCAGCAGACCACACCTTATCATTGTTAATGTTTAACAAGATTACGTTACTGTAAGCTGGTCGGGGTGCTAAGGTAGGTTTGAGTTTTTGGACAAAAGTTTTGAGCTTACTGTCGATGTTGTTCAAAATCTTTTCCCTAATCTTGTTAACATCTTCAGTTTTAGTTTTGAGTTTGCTTTTTTCTTCACTGACATTAGTATCCTCAGTGCCCACCTTAGGTCACAAAACTTTGGTAATTAAAAAGGTAAAGTAGTTGTTTAACTTTTCGTAATTACCGTTAGTGTTAACGTAAGGTAGTTTAGCCGATAACCCATTTAACCAAGGGGTAGGATTGGCTTGGTTAACATTTTGGTTTAAGCTCCGTACTCGTTCTAACAGCTTATTGTTGAGAGCTTTCATTTGGTCAAAATAAAAGCTAATCATG
NZ_CP017332.1_gap13	538745	543292	4547	AGTACTACTACTACTAGACTTAGTGTAGAAGAAGCTTGAAGTGTCATCAGCAGCCCGGTTCACTTCTGGGGTTTTACTGTTGGTTCAATCATACACACTCGAACCAAACACAAAGTTCGGGTTTTTGACTTCGGTTTGGGTGATGTCACTATTATTATCACCGCCTTGGCCAGCTGCTTGATTTTGTGCTAGGGAAACGACTGATCTTAACTGAATTAAGCCAGTATTACTTGTGCTTGAAGCGGTACTGGATAAAGTTGATTGTGAATCATTTTTATTCTTTTCGCTATCCACACTTCAAACTAAAAAGGCATTGGAAGTACGCGACAACTTCGACTGTAAGCTTTGCTTATAGTTCTTTAAGTTGTCCTTTAACAACCAATGGGCCGTGTAGAGGTAAGACAGATAATCAATTACATCATCACTATCTAAGCGCTCTTCTAAGTTTAGCGAGCTGTACAGTGTGTCCAAGACACCTTCGATGCCCGTCTTAGTTGAAGAATTTTTATCAGATGAACCAACATGACCAAAGATTGATTTTTGGGCTTGTGATTCAAATAAGTCCAATAAATAGGTTTCTTTAAAAATCTTTCAGTTGTCAGCGGTGAGGTTGTTGTTACCGTTGGTGCCACCAGTACCACCACTTTGTTGACTAAAAGTTAAATTCGTAATATCAATAATCTTCTTAAACGCTTCATCTTCCTGGAAGTAACTGAGCTTAATGCTGTTTTGGAGCTCAGTACTGGTTAAATAGTTGTTTAGAGCTAAGTTAAGTCCTAAAGAGGTACTTTCAGGGGTAAAAGACAACTTAGTTTGCACTAAGATTACCTGGGAGTAGAGTGGGGAAGGAATGGTGAAGACTTTGAGTGCCTCTACATGTTTTTTAGCAGCTTCTTCTACCTTCTTCTTATTATCTTTAAGCTTGCTAACTACTTCTTCAGAGAAGTTTTTAGTTTGTCCTGTATTGGAAGAGGTTGTTTTAACAGTACTAGTTCCTTTTTTATCAACATTATCAATAATGTCCTTGTAATAGTTACCAAGGTCATTATAGTGACCGGTTTTAGCATCTTGTTCGTAAGGTAACTTAGCTGCCAAACCGTTCTGTTCAATCTGGTTATTGCGCTCGTTGTCAATAAAAGGTTGGTTACGTTCTGCTAGCTTTAAGGTAACCTTGTTTTCCGCCACTGCAGTTTCGTTAAAGACTGCTTGTTTATAGTGGGCTTGAACAAGTTCTTTTAAATCCTTCTCAATTGACTTAATACTGTCAGCAAACTTCTTAAACTGGGGATAGCTTAAGAAGTTGTCTTTGTTGTTTGTATCACTAGAAAGATCTAATAAAGCTTCAAATAAGAATAAGATCCGGTTAGTGTCAAAGTACTTTTTGACCTCATCAAATAACTTAAAGTCGTATGTGGTGTCGGTATCCACTAAACCGTACTTGGTTTGCAAAGCCCGGAACAATAAGAATTTCTTTTGTTTAGCGACATCACGACCACTTTCAGTAAGATAATGACTACCACCATCCACGGCCATTAAGTGGATGCCGTCTTTACCACGGGAGAGGATGTAGTCTGGTTGACTACTAGAATCTTTTTTAACTTCAATTAAGTCAACAACCGCCTTACTACTGTTGCCAGTAGTAGTTTCAGTAGAAGATCCGGTGCTACTGCCGGTAGAGGTGCCACCGCCGCCTCCAGAACCTCCGCCACCTGTTTGATTAGCATTAGTATTACCTATTTGTTGTTTATACTCACCAGCAAAGACATCTTTATCACCAAAGATTTTGACTAAGTCAGTTTTGTGGACGGTACTTTGTGTAGTTCCACCACCATCACTGGCAGTTTTTAATTGAATAGTTCCTTCAGATGATGAACTCGCAGCCCTTGCAGCGGCGGCTGCCTGTGTATTATTGTCAACAAAAAAGTTTTCAATAATACTCTTATCCTTAATGAGACTGTCAACTTCTTTACTATCAGCGCCCTTCGACTTTTTCTGCAGTGCTAAATAGCCCTGAATGAAAGCAGCAGAAAAACTCGGATCAAAGGTGTCGAACATGTCGCTCGCCTTTAACAACAATTTGCCACCACTATCACTGGAAAACTTATTGGGAATATCAATCCCTTTGCTCTGGTCGTTTTTGTAACTCTTGAGGTTGCTAGCCAATAAGTTAAAGCCATTCGCTCCCTTAGTGCCACCACTCTGTTGGTTGTATTTGTTAAAGACCTGAAACTGGTAGGAAGGGGTTGGACTTTGAATTACTTTAGTGTTAAAGTAATTATCAAACCCGTCAACGGGAGTTTCATTGGTAAACACGACCCGGGATACCAAGTTGGGGTTTTCATTGGTAATAAACTGGTCTAACAGTTTGTCTTGGATGGCCGCGTACACCGCATCATTGTTAATCTTGAGCTTAGCATTCTTATTAACAAATTTGGGTTGGAGCTTAATGTTTTTAAAGTTAGAGGTGTTTTCAATTAAGCTCTTGGTGGGTTTAGTTAAAGGACCTACACCGTCCTGGACATACTCGACAAAGTTCTTGGCAAAGATCCGTGAGATAAAGTCATCAATTATCTTGTTGTTAACATCACGCAGTTTTCAAGCGGCTTGATTACCGCCAGTGTTGTCAAAGATATCAGTTTGCAGGTGCACTAAATAGTTTTCGCGAAACTGGTTCCGTAGGTTTTGTTCTTGACTGACAAACGCATTATCCGTGTCAGCGGTAAAGCCGTTTAAACGCTCTTTAATATCAGTATCATAATTGTCCTCATAAAAGGTGCGCAAAACGGGTGCTAAACGCATTGCTAGATACTGGTTAAAACTCTCGCGGTTAATTAGTGACTTTTGCAGAATCGAGCTAAGACTAAAGTCAGTGCGATCAGCAAAAGCACTACTGGGCTTAAAAAGCCCCTCCACAGTGCTGGCTGTAGGCTGCGCACAGGCAACCGCGACTATACCAAAAGTGAGCCCGATTGCGGTGAACATAAAGGGCCACTTGACTTTACGCGTAAACGTATGCATTCGCGTTCAAAATTTGGTATAATTCTAAAATTTAACCACTTTCTTTGACCGGGGATGCGGCTCGAAATTGAAAACGGCTTGGAATTTGTGTGTGATCCCTTTTTAAATGAGCGCGGCAAAATCCTTTTTTTACACGCCTTTACCGGTAATATCACCAATAAATTAAGCTTTCGCACCCACTTTAAAGATTACAGTTTTTACGGGATTAACTTTCCCGGACACGGTAACAGTGTCATTCACAACCAAAGTGAATTAGACTTTAACTTCTGGATTAAGTTAGTGCAACAGTTCTTTAATAAATACCAATTAAAGAACGTGGTTTTATTTGGTCACTCGATTGGTGGCGGACTAGCGATTGCCCTCACCCAAGTTTTAACTAAGGAACAAATTAAAGGCATTATCCTCGAAGCGCCCCTAAACCCGGGGATTCGCGCTACCCCACCAAGTATTATTAGTGCCTTGGTACCTGACACCAACGAAGACTTTGAAGCGGTACAAAGGGCATTGATCTACAACATTGAACAACGCTTTGGGGCGAACTTTAAGGACTTTTGTGCTAAACAAAAACAGAAGATGATCCAAAAGTATGCACCCTTAAAGGTAATGTTGCAACCCGAACAAGCCGAACAACGGCTCCAGTTAATTGATGCGGCTTTTAAACGGTTAAGTTACCCAACCCTGTGAATTCACGGGCAGGAAGATGGCATTGTGCGTTACTTGCCCTCGAAGGCTTACCTGGAATCCTTGCACAATCCTTTAATTGAACTAGTGGGCTTATCCAACACGGCCCACACCACTTTCTTTGAGCAGCCCCAGCAGTTTCTCCAACTAGTGGAACAGTTTTTAAACAAGTTAAACAAATAAAAAACCTAACAACTTTAGTTGCTAGATCTCTTATTGTTGATTGATGTTTAAGCGTAGTTACTACTTAACCAAACGCTTGTACCATTCGACCACGTACGATTCGTTAATACCAGCAGGGAGTTCACTACGTTCTGGGAAGCGCACGTATGTCCCTTCAAAGGTCTTGTTGTTGGTTTCCACAAACGGGGAGACCACACCGCTTTCGCTCGCCGCCTTAACAATTGGAATCTTAATTGTTTTGGCCTTCAAGCGTACCTTATCCCCTGGATTGAGAATAATGGAAGGGGTGTCCACGGTACGATCGTTGAGTAATACGTGGCCGTGGTTAACTAATTGGCGCGCACTGCGACGGGTTGGAGCAAAACCCATGCGGTACACAATGTTGTCTAAACGTGACTCTAAAACACGGAACAGGTTAACCGCTAAGTTACCCCGTTGTTTTAATACCAGTCTAAACAAGCGTCTAAACTGTTTATCAGTAATCCCATACATGTATTGCATCCGTTGCTTTTCTTGCAACTGTTGTGCATAACCAGACATAGTGGAACTACGGAAACGGTTCCCGTGTTGTCCAGGAATCGTTTTCCGCTTCTTCCCTTTCGAAAACTCCTTGTTGTTTTCTAGTAACGAAAAACCTAAGCGGCGTGATCGTTTGAAAATACTAC
NZ_CP017332.1_gap14	548939	553600	4661	GCCAAAAGTAGTTCATTTGCTAAAAATTCTAGGAATTGCGGTGGTGTGAGCTGCTTTGGTAAAAACAAGCGTTCAATCAACTTTAAGGCTTTAGCTGTTTGCAAACGCACCATGGCGTCAGTTAATTGTAAGATTTGACTGGTTTGGTAATCACACAAAACGGCTTCTAACATTTTTTTGTCCTGTAATTCTGCCGGGCTAAGTAGAGTTAACTTACGCAACTCCTGTTCAATGACCCCTAAGTTAAAGGGTAGAATCGTGGCTAAGTGGTCAATTAAATCAGGGTTTAAGTTGAGTTTGAGTGTCTTAGCGGCCTTACTGATCACCTGGTGGATGGTTTTAGCTGTGACTGGTTTACAAGCATACTTGGTAATTGCCCGGTCATTAATGAGGGCATTAGCGGGACTGTCGCTGTAAATGGTGACCACCACATCAGTATCTTTAAGTGTTTTTAAGCAGTGTAATTCAGCCTTAGTTAAGTTGTTCTTTTCCAAAAAACTGCAGTTGTGAATGAGGATCGGTTTAGTGTCCTCAGCAAACAGATTCTGGTTTAACACCACATCATACAGCTTATTAACATCTTGAAACCAGACCTGTTTACAAGCGGCTGGGTTGAGCAGTTGGTTTAACTGCTGGTGAATTAACCCAATATCGGCACCATAAACTACGGTCATAGTAAAAGACTGTACCCACAGTATACAACAAGCCCCACAGCCCATAATAAACCAGGTAAAACACCCAGTTAGGTTTGGGTAGATTTAAAAAGACGGTCGTGTTTAAGGCTCACTGACTCAACCAGGGAAGTGGTCAGTAAAAACCGACCAAACTGTTGCCCATTCATGGAATTAGCGGTAACAACAGTCAGCTAGCACAGAAGTAAAACAAGGCTATGGGAGTAAACAAGAGGTTATGAAACACACTTAAAGCGTTTAATTTTCGATTTAAGTGCAAAGTAATCGGACTGACCACAATGAGGATTAAGGTGGAAGTTAACACCGCTTGCAGTGGCTTTCACAGCTTCACCTTATTAATGGCAAACAACACAAAGCACGCTAAAAAGGAAAAGTTAAAGCCAAAGTTGTGTAACGCTCCCGGACTCATTAAGATGATTAACAGCGCCGTTAAGCCCAAATTATTTTCGGGTAGTTGCTTGGGAAACATTTGCCGTAACAGCTTTGAGACAAAAACCCGTAAAGCTGAAAAGGCAAATCCGACCAAAAAGAGGTACAGCAACAGCATTACAAAACCCGTTATTTTATTGATGTAAAAGCGCTTGTACAACCAGCGCTCCATGACACCAAACAAAAAACTAAGGTGAAAACCACTAATCACAAACAGGTGGACAATATTGAGCTGAATGGCACTCTGATACAGTGTGTTTTTTGTTGTTTCGTTAATTAAAAACAGCTTTAAGTACTGATTAAAAACACCACTAGTGTGTTGATCTAGTCAACTAATAAAAGGGGTGCGAAGTCAGTTCGCTTTCATTAGTTTGGCTAGTTGAAACTCTGGCATTAACTGACAGTATGCTAGTAAAGCGGCACTACAACTGATTAACAGTAAGCCAAACTTCCAGTGTACCGTTAAACTAATTAGGTTAACTATCACCAAAAAACTCGCTAAAATTACCCACTGATTTTGTTCGATAAAGAAGTAAGCAGGGGTAAAGGTGAGTAACGTAAAAAAATAAAACAGCTTTCACTTCATGCTGTTTTATTAATTGGTTAATTAGTTTAGAAATGCCAATTAAAACTCTTTACTCCAGCTGGAACGGAGCGGAAAGCGTTGAGACAAACCACCACGTAACGGTGAGCGGTAACGCGGGGTGAAACTGGTGTAATTGCTCCCTAGATCAAAGCGGTGCGTGTTGAAAAAGGAACTGCGGTTACGCCTTAAGCTCGACAATTCCAATGGTCTTCTAAGTGGGTAAAAGCTACTTGGACTGCGGTAAGCGCCAAAGCTGTTAAGGCTGTCGAAGTTCAAACTCGCTGGGTTGCGGTAGTTTACAGCCATCGGTGTAACACCAGTAAACCGACTGGCAATTGGTGTTGACTCTACTGTTGGCCGTGTAAAACGTGCTCAACTGTTGCGGATTGCTGGAAGGTTAAACAGCGGTTCGTTGTACTTGGTAGCCACATATTCACTCGGTGGAGCTAACTGGTAGCGCTCGTGCGGTAAAGGCGTACGGGTAGAAGCATCGTGGAGGTGACCCAAACTCGCTAGCTTTTCCAACAATAAGGAACGGTTGGTGGTGTGAATGGTAATTGCACCACTTTCATTATTAACACAAGCTGACTGACACGGTTGTGGTTCCACTACCGATGCAGGGGATGGTTTTCATTCCGGTTCGGGTTGTGTTGGACGGATAATTGGTTGGACTACCACTTCTGGTTGAACTACAACTGGTGGAACCGCAGGAGTTGTTTGGACTACCTTAGGTGTCACTTTAGGTGTAGCTACTTGAGGAGTAACTACTACCTGTGGTGCTGGCGTTGGTGTTACTACCTTCGGTTCTGCCTTAACAACTGGTTGAACTACAGCAGTTGGTTGGACAACTACTGGAGCAGGGGTTGGTTGTGGTGCTACTTTAGGTACAGCTGGAACAGGGGTTGGTTGGGCCACTTGGAGTGCAACTTTTGCTGTTACTACCTTCGGTATTTCAACTTTAGGTGAGTCAACCTCAACAGTTACAGGTGTTGGTTGTGGTTGTTCCACTACCTTAGGCTCTACTTTAGGGGCAGGAGTAGCTTCTACCACTGGTGTTGGGGTAGGTTCCACTACCTTAGGAGCTTCCACTACTGGTGCGGTCTCTACCACTGGTGTTGGGGTAGGTTCTACTGTTGGAGTAACCTCTACTATTGGAGCAGATTCAACAATAGGAACAGCAGTTGGCTCCACTACTGGTGCAACTGGTTCTGGTTGGAGTGGTGCTACCTCTATTCGTGCTACAGCACTAGCTTGATCAGGATCGCTGTAAGCTTGGGAATCATAGTAAGCGTTCGGATCGTGAGCTTGATCATAGTTCTGTGTATTGTAAGCATTAGCATCATAGGCTTGATCATACGCTTGTTGATCAAAGGACTGATCGTAAGCTTGCTGGTCATAGTAAGCGTTCGGATCATAGTTTTGGTCATACGCTTGCTGGTCGTATGTTGCTTGATCAAAGGTCTGATCATAAGCTGGTGGTGCTGTAGTATCCTGATATTCGTCTGGTGCTTGAGGTAGTGGATCGAGTCCGAACAGTTGATCAGCTTGCTGTTCGGGTGTAGCATCGGGATCCACAACTGGTAAACCAGCATCAATGTCCGGATAGCCCTCACCACTCAATGGTTCGCTTGTAGTGGTATCTGCACTTGCGGTACTACCACCATAGTTTAAATAGTCCACTAGGGGAATGTTTTCCCCATCACGGTAACCACTCACATCCAAAACATTGCCATCTTGGTCGTAAAAGGTATTGTTGACCTGGTCGTATTGGACTATTACCTCATTGTTGTTGCCATCAAAGGCAGTGAGTGGAATAATCTTGGGGGCAAAGCTAATTGGTTCATCACTGTCCAATTCGAACAGAGGATAATCCGCTGGGAGCTGTTTTCTTTTTTCCAAAGAAAAGATGTTCCCGGTTTCAGGATCCTGGTACAGGGCGTGAAGCTTATTTTTAGCATCACGACCATAAACCACATTAATGTCGGGATAGCTCTTTTGGATCTTTTGTGCTAGCTTACCATACGCTTTCGCTAGCTTTGCTCTTTCTTTATCTGTCATCTTGAAGCACTAATTAGCGTTTTGGTGGAAAACCGGGTTGGGGTGGCATGCCAGGACGTGGTGGTTGCATTCCGGGACGAGGCGCCATACCGGGTTGAGGTGGGAAACCAGGTCTTGGAGCCATACCGGGGTGTGGCGGCATGCCTGGACGAGGCGCCATACCGGGTTGAGGTGGGAAACCAGGTCTTGGAGCCATACCGGGGTGTGGCGGCATACCTGGACGAGGCGCCATACCGGGTTGAGGTGGGAAACCAGGTCTTGGAGCCATACCGGGGTGTGGCGGCATACCTGGACGAGGCGCCATACCGGGTTGAGGTGGGAAACCAGTACGGGGACCGAAGTTAATTTGGACTTGGGGTTGAGGTGGTACTGGTACTGGTTGTGGTGCTGGTTCAACTTCCGCTTCAGCATGGGCTTCAGCAGCTGCTTGTTGTTCTAACGCTTGTTGCTCTTCTTGTTGGGCAGAAATGCGTTGTAGCTGTTCCGCTAACTGTTCTTGGCGTTCCTTTTCCTCCAATAAGCGTTTTTCCTTGCGCTTCACAATTGGCAGTCCTATAGCAAGGCCCAAGATGATGGCTAGGGCACTAAAACCAAAGCAACCAGCAACTGTAGGAATAAACCATGCTTGCTCAGTAATCGGCTTGCCCTGAATTTGTACTGTATCCTCTTCTGCGTGTAAAACAACGTTAAGGGGACTCAATTCACTCTTAACTTCTGTCAGTTCGGTATTGTTGTGCTGTACCAAAATTAAGGTTGCGAGCACTATTAAAGCGCTGAACAGCACTAGCATTCAGGCTAATAAAAACAGTTTAAGCTTTCTTCGAGGTGGTAACTTCATGCACTAATTAAAGGGAGACACTAACGACGGCGGCGACGGGGTGCTTCATCATAGTAGT
NZ_CP017332.1_gap15	584846	588605	3759	TAAATCGACAAACCACTGCTTGGATAATAACGGTTCTACGACCGTGTCACTGCGCTCGGAAAAACCAACGTTACTGGTTAGTGGCATAGTTTTCACTAGTAGTTTTTGCGTTTGTAAAAACTCGACTACCTGCTGACGTGCTGCACTTACGGTTAAACCAGTAAATTGCTTAGCGTGCTCATTTAACAAACCATTGTGGTCAATGCAACTTACAAACGGTAAACGGTACTTTTCGTTTAAGGCAAAGTCGTTAAAGTCATGGGCGGGGGTGCACTTCAACACACCGGTGCCAAACTTCTTGTCGACATAACTATCGGTGAACACTGGCATTAACGCACCAGTGAGCGGATTAACTACCTTTTGTTTGACAAAGCTGTGGTAGTGCTTGTCTTTGGGATGGACAAACAAACACACATCAACAAAGATCGTTTCTGGTCTAGTAGTTGCCACCACTAAACGTTTTTTGGGATTATTAGCTAACTTATAAGCAATGTAATACAGCTGTTGGTCAACTGGTTTATTAATGACTTCAATGTTCGAGATGGCAGTGTTTAGCTTGGTGTCCCAGTTAACCAAGGTTTCAGCTTGGTAGATAAAGCCCTGTTCAAACAACTGGATGAAACTATCGTTGACAATTTGACTCGCTTTTTTGGACAGGGTAAAGTTAACCTGGTTTCAGTTTAAGGATGCCCCTAAACTTTTGATCTGACTTTGAATGGTGTCCCCTTGTGTTAAGGCCCAATCCATAATCATTTTGACCTTTTGTTTACGCGGCGCTTGGAAGTACTCGGGATTAGTTTCCCGTGCTAACTTTTCGTATTTGGTTTGCGTAGCAATCCCCGCATGGTCAAATCCGGGAATCCAGTTCACGCCATAACCCCGCAGTCGCTTAAAGCGCATAATTTGGTCAGTGATACTCACTTCAAAGGCATGACCAATGTGCAGCGTACCCGTTAAGTTTGGTGGGGGGAGAATGGCAGTGAAGGGTACCTTGTTTTTTTGTGGTTTAAAAAAACTAGCACTGCTTCAACTATCATAAAGACCAGTGCTCACTGTTTTGAAGTCGTATTGACCTTGAAAACTAAATTGCTTGTCCATCTGCTTTAAATAACTCAAAGATTTGTTTGTGCATTACTTGGAGGTTATACCCGGTTTTGGCACTAACAAATAAACACTTATTAGGATTGACTTTTAAAAAGTGTGCCAGTTTATTCTGGGTATGAAAGCGCTCGCTTTGGTTGAGCTTATCAAACTTATTGGCTATCACCAAAAAATTTAACCCCGTTTGGAGAATGGTTTTGACCACTTCCTGGTCCTGAACGGTCACTACACCGCTGTCAATCACTAGTACCACACCAGTTAAGTTTTGGCGAAAATTGAGGAACTGCGTTAATAAATTAGTAATTGCTTCCTTTTGCACTTTACTCAGTTTAGCAAAGCCATAACCTGGTAAATCGACAAAGCGTTTACGGTTGTATTCAAAGAAGTTTAACAGTTGTGTACGTCCCGGCGTCGCGGAAGTTTTAGCTAGCTTTTTTTGAAAAAAGGCATTAATGAGGCTTGATTTGCCGACATTACTCCGCCCCATAAAACAGACTTCCTTAACACTGTCTTGGGGACAACTCTCTAAGTCACTTGCACTTTTTAAAAAACGTGCCTCCATTTATTAATTACTTCTGGTTTTTAATGGAGCGCATAATTTCCTTGACTTGTGTTTCAGAAAGCTTACGACCCATTTTGGCATACATCGCCTTAATTTGGTTTTCGGTGATTGGTGGGTTATCACGAATCTGTTTTTTAAAGATTTTGATAGAAATAAAATAGCCAATAATGACACCGACTAACAGGGAAAGGGGAATTCCCAAACCTAAGGCAAGCGCAAGATCATTCATATCTATATCTTAATCTTAATCCTCTCTAGAATCTTATAAAATCAGAATAGCGTAATTAATGAACAAGCTAATTAGCATTCTGGTTCCTTGTTACCAATCCCAGCCCTTTCTCGATCGCTTTTTCAAATCACTTTTAAAGCAAGACTGGAACGGTGTTAAAGTAATCTTCTTTAATGATAACAAGCCAGATCCAACATACGAGATCCTAAAACAATTTCAACAAGCACATCCACAACTAGCGATTGAAGTACATTGTGGTGAGAAAAATGTCGGTGTAGGCGGTTCACGTGATCAACTAATAAATTATGTAGACACACCCTACTTTTACTTTGTTGATCCTGATGATGAATTTAGTGATCCCAACTGTTTTAAGGCAATAGTGGAAACAATTCAAGGAGAAAACTTTGATATTGCAGTGTTAAACAGTATTGTTTACCTCCAAATGTTGAAGAATGACTTTTTAATTAAACACATTCCGCTCAAAAACATCTTTCAGGGCAAGGTAAAACTCAATCCTGATAACACCGTAAATCATTTGCACTATATCCAGAATAACGACCAGTACATTTGGAACATTGTCATCAACACCGCCTTTTTCAAAGCATTGGATTTGCAGTTTGTTAACCGCTTTATTGAAGACATTGCGGTGTGGTTTCCGATTATGTTTAAAGCCCAAAAAGTGCTGTGAATTGATGTAAATGGGGTTAACTATTACTTGCGACCGAACAGTGCTTCCACCCAGAAAAACAGCATTAAATTACTCTCCTTTATTGAGGCTTACGAACGGTTGTATTTCCACTTAAAGAAGGTGGGTAAGCTAGCTGATTTTATTGACCCTAACAATAAGATTGAAAGTCGTTTTTGACGGCGTCAAGCCTTCATTTGGTTTAGTTTTATTAATGTTTCATGGATGAAAGCGGAATTTGAACAGACCAAAAGTGTGTTGCAAAAACTGTTTGACTTCATGGAAGCCAACGGCATCTACGACAGGGTATTTACTAATAAGCACCACGGTATTTACTTATTGTGAGTTAACCGCTTAAAACACTTTAAGAAGTTAGTGCAAGCACAACCACATCTATAAGTTTTGTGTTCTAACAAGCTAAAGCTTCGAGTAGCTTTTTAAAAAGTTGTTCTCTTTCTAGAGTTTGTTTTCCATCTTGGGCTTGTACAACCATTTCCTTTTGATTAGCGTGAATCTTTATGTAAAGTGTGCGTTTATTATCTTCATTGGCTTCGTTAAAAGCTACAAATGAAATTAGCTCACTTTGATTGAGTGAATTCATTGCGTGATCAATAAAAGGTAGTTTGATAATTTTTTTATTTTTCATAATTAATATTTGTTTTTTGGAGATTGAAAAAATAGCTACCACTTGCAACTCGGTTGCCAACAGGGATCAGACGTTTTGCTGATCAATTAAAAAAATAAAAGATTTGCATTTTGCTCCTCCACTAAATAAATTGAACTGAGACTTTATATGTGACAACAAAATTACCAAAAATTTTTTTGAATATTTTTTAGATAAATAAAAATACCAACAACTGACATATAAAAATCAACTGCTGGTACTTTTATTTTGGGTTGAATCTACTTAGACTCCAAACGATCCAAACGTTTGTTAATTACTTGAAGAGTTTCAAGAATTAACTTAAGCGTTTCCCCTTGGGTTTGAATTTGTTCGCCCTGCTTTTCAACAGTTTCAGTGAGCTTATTTATTTGTTCACCCTGAAGAATTGAAACTTTGATTAGCTGACTAATTTGTTCACCTTGAGAAACCAAAGTGTTCTCAATTTTTATCAGCCGCTGATTGTTGGAATTTTTGAAATCATTAAACTGCTTTTGGGTAACGTAACCACTTTTTCGTTT
NZ_CP017332.1_gap16	600283	605053	4770	TTTGTCCTTTCAGGCAAACTTATTGTTAATTGCCTTTTCATAAACACCCAGGAGGTGTTTATTTTCAGTACTTGTGAAACTCATCTTTAAATTGTTGTACGGTTTGAAGTGGATCACTAGCATCCCTAATGGTACGCCCAGCAATAAAGATATAAATGGGAATATCCTTAAATAACTGGATGTCGTTGAGGGTAATGCCGCCGGTAACGGTGACCTTAAAGCCCAAATCCGCTAAGCGTTTCACTGCTTGCAAATCCTTATCTGATCAGTTGACTCCCGCTGCTTGGGCATCACGGGAACGGTGTCACACTACCTGCTGAACTCCCACTTGTTTTCACTGCGTTACCTGCTCCCAAGTGAAGTTACTGGTCATTTCCACCTGGGTTTCTTTTATGGGCGTGTAACTGTTACCCACAGTTACCACATCCTTTACGGTGGGCAATTCCGCTGCACAAATGACCGTGGTAAAGTGTGCCCCAGCATCAAAGAACATTTGGCTAAACACCTTCCCCGCATCAGCAATCTTGCCATCAGCCACTATTAACTTATGGGGATAGCGTTTGGCAATTTCTTTAACAGCATTAACGCCCTCCGCTGTTAGTAAGATAGTGCCCACTTCAATAACATCAACAGCATCCCCGACTTTAGCCAGGTCATTTAAAGCACTCGCTAAACTGAGGTTATCAAGCGCAATTTGGATTAAAGGTAAAGCCATATTAAGTTAAATATTTGTGTAAGTTAACCCGATCAATCACAGCAAACAAGCTGGTCTCATCACAACAGTCCAACAAGTCCTTAACCACTTGAGTATCTTCTACTAGGGCCGCAATTTGTGGTAAAGCTTCTGTCGTATGAATGGCAGCGCTGGTAGCCGCTAATCCAATTAACAAGCGCACCGGGCGGGGATCGTTGTCAAAGTAAACTGGTTCCTTTAGGGTCACTAAAGAGAAGCAGTTTTGCTGTACCGTACCGTTATTCTGGGCATGAGGCATGGCGACATTTTCCGCAATAATGAAATACGGACCGTACTGAGCTACACTCTTTAGAATGTCATCAAAGTAAGCTGGTTGGACTAACTTGGCAGCAATTAAAGGATGGATGCAGAGCTGTATCGCTTGTTTTCAGTCCTGCGCGGTTTGGTGCAACCGCACGGTGTGGTGTTGCTTTAAGACGGCCTTAAAATCGAGCTTTGTCATCTTAAAGCACCTTACTTAACGCTTGCTTAATTTCGTTTTCATCCATCAGGTTTAACACCCCAACAATCTTGGCCTTAGCATTCGGGTTAAACTCACTCGTTAAGTGAATCGAGGAAATAATAATGTCAGCGCTGTGCTCCATCCCCTTGGTTTGTCCCATTGACAAAGCTTCCACTTTGGCGGTGTAGCCCAACTCCTTCATAATCTTTTCAACCTTAATCTTGATTAGCATGCTCGTACCCATGCCGTTACCACAAGCGGCAATAATGTGTAAGTTCTTATTTTCCATGGTTAGTTATTTAAATCTAATTGTGGGTTAATTTTGAGTAATTGTTGTAATTTAGTTACTTTAGTTTGCTTACCATTGTCAATAATTTGTGCCAGCAAGATTAAACCAACGGTAGCCAAAATTACTAAGATCCAACCACCAATTACATTGTAAGCCCCAATTCAAACTAACAACCCAAAGTAAAGATTCCAGTCAGCCATTCCAATAAAACCGTTGTCAACGGGTGATGCACTTTTACTGATCCACTCAATTGCTTGTGCTAGCGTACTGTTAACAGCTTTTAAACTGTTAAAGCTATCGGATTTAACAAAGCTTTGCGCTTCGGTTATCCGGTTAACACCAGTAGCATTTACAACCTTTTCTACGGCTGTTTTTAATGCCGAACCGTTGTTATTGTCCAAACTATTACCCATTAACGCCTTTAAATCAAAGCTTTGTTTAGCATCTAACAGTGCCGAAGCCTGGTAAGCGTTTGATACGGTGCGCAGCGCAAATGAAATCACAATAATTTCTAAAAAGCCAATAATACCCGGGAGCAGTAAGGCCGCCTTCCAACCACCCTCGGCATTAGCATACACGCCAAAGGCACCACTGTTAAAGAAGAGTGTAATAAACAAAGGAATCGCCACAAAGCTAAACTGGTTACCCGGAATATAGCTAATGCCAGCCATAATGGCAACAGCTAAAAACTGACCAATGACCCCACTTAAAAACCCAAAGGTCACGGAGTTAATTGAAAACCCATAAACAGCTGCAATATCAACCGCTACCACGGCCCCTGGTACTACCTTTTCACTAATACCTTGAAACGCCTGTTGTAACTCAGTGATAAACATCCTTACCCCAGTCATAATGGCAATTAAGCTGGCCACCATTTTCAAAGCACCCCCAATAATGTTGAGCGTAAAGTTAGCTCCGCTAAAGGTAGTGTTTCAAATCTCTAAACCATTAATGGCACCAAATTTGTCCCAGTTAATTAACAGTGGTTTATCACCCTTGTAACTAGCCAAAATCACAATAAACAACACCACAAACAAACTAAGGATAATGATCGTTTGGGTGAAGATATTATCTTCAAAGATCTTTAGGGCCTTAGGCAGTTTTTTGTGCTCGGCACTATCGTTTTTGTCACCAAAGTACTTGCCCAATTTAGCAACCGTCATAATCCCTAACATCTGCTGGTGACCAATCGAAAAACCAGCATTATTGGTTACCTTATTGGTCACTAAATAGGTACCCGTAGAGGCCGTAGACCAGTAAACTCCCAAAAAGATACCACTAATAATCACTAGACCGGCTTGGGCACCGTAAGCAATGCCCGTACCCAACAACGGAATTTGGCGGAACAAGACAATATAGAACAGCGTAGTAACTACCGCTGCTTGTTGCAACATAACGTGTCCAGTAACCATAATCGAATTGGTGTTAGTTCAACGCTTTAACCCCACAAAGATAATGTTGACAATAAAGCCCACTAACAGCGAAAAGGCAATCAAGGACACATAGTCATTGTTCAAGAAACTGTTCGTAAAGAAATCGTTCGCTGATGCTAAGGAAAAGTAAGGATCCAATAGTACCACACCAGTACCCCCTAAACCCTTAATCGTGTCAAAAACGGGACGGGCGGTGGACACCAACACGCCACTACCAATGCTTAACAGGATAAAGCCAATTACGGTCTTTAGTGCCCCCACCACCGATTGCACCCCACCACGACCTAAAGCAAGGTAACCAATTAGGGTAATAACACCTAACAATAGCGCTGGTTGACGCAAAAAGTTATCGAGGTATACCCGCGTAATTAAAAAGATAAAGGCATCACCAAAGGCTTGGGCCGAAAACGGGGTTACTCCCTTACTAACTAAGTTCGGTAATCCTGCACGCAGTAATACTGTCAAGAGAATTACCACCAGGTTGATCAAAGCAAAAACGGATCAACCGATAATTAACTTACGTTTTTGTTGGAGCTTAATTTTGTTGAGCATTACTCTATTTTTAGTTGTTTTTTAAGTGCTAATACCCGTGGATGCACAGCCTTGGGATTAAACTGCCGCGGTGCATCAAAGGCCAGGATTTCAGCGAGATTTTCGACCAAGATGGTGTTAATGGCCGCATCGGAAACTCCCACTTCTTTAAGGAGCGGAATAAAGCGTTCAAACAGATATGCAAACCCAAAGCACTCCTTCCCTTTTTCTAAACCATAGTGTTTTGGTACAGTACCCGCCCCGCATCTAAGGCCAGGGTAATGTGTTTAACAAAGCCCAAGTCCACTAAGTATTTAATGTGTTTAGCCAATAAACAATCGGGGTAATACTTCACCCGATCGGGCCCATCAAAACACAGGGTCACACCCAGTTCCCGAATAATCTTGGCATAGTAATACTCATCGGGATTCTTGTTTAAGTGCGATAGTTAAATTTTCCGCGGATTAACGCCAAAATCAATCAGGTGTTGTGCTGCTTCATATGCCATGGTACCGAGTTGGGTGTGCACGAGTACGGGAGCACCAGTAGTAATCGAAGTAATCGCGACTGCTTCCAAGGCCTTTAATTCCAACCGGTCAATCGCAGCATAGCCCGTACCAGCTTTAATAATGCCTGCCTTAGCCTTGCCCCGTTTAACCACGGGACCGGAATAGTTATACAAATCCATACCCTCTTCTATTTCAGCGACCAACATCGGCACAATTTCATTAACTGGCACTTGTGCTAACCAAGAACTTCCCTTGTCATAGAAAGCAGCCTTGTGAAAACCAGTGGCCATAATAATGTTCAGCTTGCCCTTTAGTTGTTCTGCAATCGCTACCATCCGTTTGACATCACGGCCCACATTCGGTGGATCCATGGTGACAATGCTCCGACCACCATGGTGGACAAATTACAAACACTCTTTAATAGCAGCTTCATTCGATAACATCACAAAATCAGGGTGCTCTTTGGCTTCCGGACCCCAATTCTTAATTAAATGATCGTGACAGTCACAAATACCTAAATCCTTAGGGTCAATGTCCCCTAAAACTGTTCTTACAAATCTTTTCATTTCTAAATGGACGTTAAATGGTTTAAGTGTATTGAAATAACCCTAATAATGTGTAAGCTACTGGATAATTTGCCATTAACAGTTGTAAAGCTGGCAACTATTTTTAGAATCAGCCATGGATCAAAAAATGATAAATGACCTCAAAGAACAGGTTTTTCAAACGAATTTATTACTACCCAAATATGGCTTAGTCATCCACACTTGGGGTAATGTTTCGATGATTGCCCCGAACCGTCAGTTCTTTGT
NZ_CP017332.1_gap17	736753	739769	3016	ACCATTAAGTTCATGCCAACTAATGCAAGGTTCAGTCTTCTTATTAAAAGTTGCTTATCAGCTAACGTTAAGGTAGAAACCAAATCTACTTGGTAATCGTTAAAGAAAGCAACGTTAGGCAATTTGGGATCAAATTGATCTAATTCAATCCCGTCTACAATTACCTTAACTTTGTCATTGTTAGCTTGAAATCAAACGTCATTGGCATTCAAAGCAATTTTGTGTGTTCTCATTTGAAACAAGTAAGTACGAATTGTTGGAATCTTTGTTTCTTTTTTGAGAAAGTACATCTGGCCTTTAATAATTTCCCGATTGGAATCTGTGCCTCATTTAAAGAAATTATTGCTGTTAGTAATTTCTGCTGCAATATAGAAGATGCCCGTTTTAGGATTTGTCGGAATTAAACCAGGAATTAGTTCTTCAGGATTTTTAACTAATTTGATTGAATTTAAGGCAACAGTTAATGCCGTATCATCCTGAAATGAAAAAACCATTTTTAATTACAAAAGCTATTTGGTTTTTCTGCTCTTCAGTCAATTCTTTATCTTGGATGTCTAAAACGCTAAACTCCTTGCCGTTATTAACGACGGGAATGCTAAAACGATATTTATTTAAATACTGTTCGTTGTAATTTGAGCGAAACCTTAAACGGTATTGAATGCCCTGGTTTGTTTTTTGAATGGTTGGTTTATTTTTAGCAGATTCAAATAAAGAAAACACAGGTAAATTCTTCGCTGTTCAACTAGGATATTGATCTGATATGAAATCAAAAGAGAGAAATTCAACTTCAAATAAATTAATGCTAATTTGATCTAAATTTAAGAATTGTTCAAACTGGCCTAGATTAAAAACGTTATTGTTGTTTTTAACTAAAGTAATCTTTCTTAATTGCCCACCCATCCTAACTTGAAAGTTAATGGATGCAGACTCAAAAATTGTTTTTAAAAGCCTTGGTAAATCACGAACAAGACTTAATTCTTGAGGATCCCTAAAATCAAAATTTAGCAGTTTATAAAGGTAGCTTAGGCGTTCTCATTGCTGTTTTCGTTCAACATTTTTAAGCGTTAAGAAATTTTGTAAAACTGTATTTTTATCAATTGCTTGATCAACTAACTGATTAAGCTCTGTAATTTCTTGAATCGCTAAGGTAAATTCCCTTTTAAAACGTAATTTCAAAAGAGCTTTTTGGCCAAGCGTTCGGTTATTAAAGGTGATAGAAGTATTATCAACTATTGAATCAGGGTCAAACTCTAATTGAACTAAAATAATTCGCGATAGCTGATTGAACTGAATAGGTGATTGATTTTCGCTCTCTACTAAATTTTTTGTTAAGTAAAACGAGCTGTCAATTACATGTGAATTGATAGTTGCGCTAGAGAGCAACAGTGGGGTTAATGAAAAACCCATTAATTTTCAATATTTCAAAAAAGGCATGGCAATCTTTACATTCAATAAATTGAACTAAAGTTTTTAACTTGCCAATTTTTAGAAAATTAGTGCTTTAAAGCTTTTTAAATTACTAAGCTAATTGTTTGGAAAAGTGAGCAATCTTGCTAAAGATTAAATGGTAGTAATAATCCAATTGCTTTTTGCGCATTTCGATTTCAGCAGGAATACCTTCTACTAAATCATTGCAAAGTTTTTCAAAGGCAAAGAGAATATCAGCAATCTTTTCTTGAATTTCTAGAGGTGGAAAAGAGAGTTCAATTTCAGCCATTACTTTTTGGCTTAGTTTTGGTCTTGAAGCTAGATTATGAACGAATTTTGGTGCTTCTATCTTTAATAAAAAGGATAGGAATTTGGTGCAGATTTTTTTATTTTTAACTTTTAAAACACCGCAATCTTGTGATGCATTAAACTTGCCATTACGATAAAAAACTACTCCAGCATAACCATTTGTAGTTCAAGTGATGTATTCACCATCAAAGTCGCAATCTTTAATGCGTCCTAACTCACCATCATTTGTGGTAGCTGCGGAATAAACTGGATTTTCTCCAGGATTATTCCTAATATACGCTTTAGTGATCGCTCGACCTCTTCTAATTTCACAAATATCCTTTACTTGAAAAGTTTCGAAAGGTATATTTGCTCCGTAAATTTTTCGGATATTTTCTTGGTTGAGCAGATAATCGCGATAGAAGGCATACTGCTTCTTTCGCTCTCTTAGCTCGGCGCTTAGCTCGGCGCTTAGCTCGGCGCTTAGCTCGGCGCTTAGCTCGGTAAAAGTATCTAAGATAGTAGCAATTTTCTCTTGAATTTGCAAAGGTGGGAAATCTAGCTCAATTTCTGCTAAAATTCCTTGCATTAATTTAGGAATAGGGCAAGCATAATTAACAAATTTAGGTGTTTCTAATCTAAGTGCATAAGCTAAAAACTTAGGATTAATTTCATCACTTTTTACCTTAAGAATTCCACAAACATTGGTTGCGTTAAATTGACCGTTACGATAAAAAACACTACCAGCTTGGGCTCCATCAGTTGTTCAAGTGACGTACTCTCCATTAAAATCACAATCCTTTATCTTACCGATTTCACCGTTATTAACTGTTGCTGATGAATAAACAGGGAATTCTCCTGGATTGTTTTTGATATATAGTTTGCTGATAACTCTACCGCGTTTAATATCGCAAATATCTTTGATTTTGAAACGTTTAATCAACACAGTAAAACTTAATCTCCTTTAAGTTTAAAGATTAAGTGGGGAACTGGACAGCTCAAAGTTTATTGAAAAAAACTAACGCTTGGTAAATTGTGGAGCACGGCGGGCACCGTATAAACCGAACTTCTTCCGTTCTTTAACCCGCTTGTCACGGGTAGTTAGTTTCTTGGACTTGAGAATCTTTTTCAATTCTGGATTGAACTGTAAAAGCGCGCGAACAATTCCTAAACGAATTGCACCAGCTTGTCCGGTAAAACCACCACCTTTAACTACCACATTGATATCAAAGTTCTTTTTAAGATCAGTGAGATCTAAAGGTTGTTCCATGTCTTGGATCACTAGTTTATTAGGAAAGTA
NZ_CP017332.1_gap18	751446	752832	1386	ACACTGCGCACCTTAAAGAAACACAACCGCCTCTCTTAGTGGCGCGCTAGAGTTAAATTAAACTTAAATCCATATAGTAAATATGGACAAAAAGTACGACATCACTGCTGTTTTAAACGAAGACAGCTCCATGACTGCCATCAGTGATCAGTTTCAAATTACACTCGATGCCCGTCCCAAGCACACCGCTAAGGGTTTTGGTCCTTTAGCTGCTCTGCTCTCTGGTTTAGCTGCTTGTGAATTGGCAACCGCTAACTTGATGGCACCAGCTAAAATGATTACCATCAATAAACTGTTGATGAATGTCACTGGTTCACGCTCAACCAACCCCACCGATGGTTATTTTGGTTTAAGGGAAATTAACCTGCACTGGGAAATCCACTCCCCTAACAGTGAAACGGAAATCAAGGAGTTCATTGACTTTGTTTCCAAACGCTGCCCAGCGCACAATACGCTCCAAGGTGTGAGTCAACTCAAGATTAACGTTAATGTAACTTTAGTGCATTAATTGGGTAAAAAACGAGCGAAAAATGCTGAAAAAATACCTGAGTCTTTCAGGTATTTTTTTATGCAAAATTTGCCCTAAAAAAAGAGTAAATTTGAGAAATTGATCCGTTGTTCATTCCGGGATAATTTTCCCGTATGAAACTACAAATTTTTAATACAAAGCTAGGATTACTAGCAGCTAAGATTTACTGAAAGTCCTGGAGACACCTAGGACTGTCTGAAGATGAAATTGTGTCAATTGCGCTCCACGCCGAGCATGACTCCAAGAAGCGCTATGACCCCAAATACGGTTTGAGCTTTGAGACCTACTTGAAGTTAAATGGTGCTAACTTCATTAAGTCGAGTTACCGTAGCTTAATGAATAAGGTTGATGACTGAATTGACTTTAAGGACATGAAAACACTCGAGGAACAAAACACAGTCTCTTACACTCCTGAAAACTATTTAAGAAGTGTAGAATTCCGTGAAATGGTGCACTTAGCGTTTAAGAAAGCCAAGAATGAGGATGAACGTCAGGTGTTTGCGCTTTATGTAAAGGGTTACAAAAATTTAGAGATTGCTAAAAAACTCAACCTAACGACCCGTAGAGTGCGCTACCTAATTTCAATCTTTAAGGATCACATTAAGGTATTGACTAAACGGTATGGTTACTAGATGAAGATATCCTTCTTCTTGAAGAATTTTTCCACTAGCTTTTCCACCTCCTTGGCGTTCGCTAAGGTTAATGCTTTTTGTGCTAATGTCTGACACTCTGTGTAATTGAGCTTAGCGATAATCATCCGCGCCTTAAACATGGAACTAGCACTCATGGAAAACTCTTTGAGACCCAAACCTAAAAGTAGGGGAATCGCTAACGGTTCACCGGCCATCTCACCACAC
NZ_CP017332.1_gap19	755798	759772	3974	GCTTATTACTAATACCATAACCATCCAAAATGGCTAGTAAGACCTTCTTATGCATATACTTGTGCCATTACTAAAAAGTCGTTGACATCCAAAGATGCCTTGCCCACTAAAAAGCCATCAATTTGCTCGGTTTGTGCTAACTCCTTAATGTTGTCCTTAGCAACCGAACCACCATAGAGAATCGAGGTTTGTTGGGCAATTTCCTTGTTGTACAGTTCACTAAGGTACACGCGAATTTGGGCAATTGTGTTATTAGCAATTTCCGGTGTAGCGGTTTTACCCGTACCAATTGCTCAAATTGGTTCGTAAGCAATCACTAACTGTTTGAGTAAGCTTAGGTCAATGCCTTGCAAGACTTGGGTTAAGTCTTCTTTGAGAAAACTAATTGGTTGACCTTCCGTTTCACCAATACAGAGCACGACTAACATTCCAGCTTGTAAACAGGCTTTTAGTTTTTGATTAATAACTTGCGCTGTTTCGTTAAAGTACTTTCGCCGTTCCGAGTGACCAATAATGACACTGTTGACCTTAATGTCTTGCAGTTGGGTATAGCTCACCGTACCAGTGTAAGAACCACTAGCAATAAAGTTAGCGTCTTGGGCTAACAGTAAGAGGTTATTAGGCAAGACTTTGTTTACCTCGGTTAAGTGGACGTGGACTGGGGCAATACCCAAAACCGCCTTAGTTTTAGCAGGGTGCTGTTTAAATTGCTCCACAAAGGCCAACGCTTGGTGTAAATCCTTATTTGTCTTTCAGTTACCAATTAGGTATTTCGTACGCATACGTTAAAGATTTTATAAGTTTTATTGATTAACCCCAGCGGGAAATACCTAATTAATTTTCCTGGGCTTTAACTGGGTCTTTTACTGGTGGGACTACTTTATCAGGTGCTTTTCTTTCATAGATATAACCATCCAACTTTTTAATGAAGGTAATTGAGAACAGAGCATCCGGATCGACTCGTCTAACAGCTTCTAAAAGTTCGGCCGTTTTCGTAAACAAACAGTTTGTAACTAACACCTGGTTCTTTTGGCGCGAGTACCCCCCTTCCACTTCGAACATAGTGACCGCAAAGGACTGGTTACTGCTCAACAAGTAGTTGCGCATTTGTTCCATGTGTTTACCATACACTTCCACTTTGACAAACTGGTATTTAGGAAAGAAGTAGGAGGTAAAGATCCCTAAGATAATGTTCATGAAAATCGTAAACACTAAGTTAGGGGACAAGAAAAAAGCCACTCCAAACGGTTTTTGTCTATCTTCTTGAAAGCCTTGTGCTAGTAAGCTACCGGTAAGGTAAGTGCCAATGGTGTAACCGATCAAGAAACTAAGGGTGTTAACAATAAACAAAATACCACCAATGTCCTTGTGTTTCTTTTCCGAATACCAGAAGGCCAAAAAGTCCAACCCACCACTCGATGCATCAATAATTAGGATAACTGAGTAAAACACAGCTTGAAGAAAACCCCAGATCAGCGCATAGAACATTAACGAAATTTGCTTTTCAGCGGTTTGTTCCCAAAAGATCAGTTGCACCCCTTGGTTGTTAATCGCTTGTTCTAAGCCACCGTTGGCCTTAGTAAGTTCAGTTAAATTAGCAAACAAGAAGAAGTTTTCCACGCCCGGAATGTAAGAGAAGGCAAACCCAAAAACGTTGGAGACTACCACAAAGTAAAGGGTTAACAAGGTAAACTTTTTGGAAATCTTGTACCAACCCAAAACAAATAAGGGAATGTTAATCAGAATTTGACTCAACCAGAAGATGACGTTGTAAATGGTGTCAGCATCCACACTGACCTTGTTCGACCTAATTAAATAATCCGCTAACCGTGCTAAGCCCTGACTAATGGAAGCAATGCCAATGTCATATAATCCAGAAAACTGGACAAACACAACTCCTAACAAGCCCCAAAAGAAGGCAATCACGGAGAGAATTAACAGCTGTAAGTACAGCTTTTTCACCTTGTAAATTGCCTGGAACTTCAGAAACGATCCCGAAAGGTGTACCCGTACCAGATTGCCCTGAATTTTGACGTTTTTATCTTGCATATTCCAAGTCCTCCTTTTTCATCATTTTGCCAATTGCTAACAGGCTTAAATTTAATATTTATTAGGTACAAAAATCGATTACATTAATGGCAACAAAAATAGAGCTCATAAAAGAACTACGTAAAACAACACAAGCGAGCATGATGGACTGTAAAAAGGCTTTGGAACAAAATAACGATGATCTCGAAAAGGCCATTAAGTGATTGAGAGAAAACGGAATTGTTAAATCTGCTAAGAAATTAGGCAAAGTAGCCGCTGATGGTTGCATTGTGTTACACAGCGATCACCACAAGGCAGTGATGGTGGAAATTAATTCTCAAACGGACTTTGTAGCGCGTAGTCAAGAGTTAACGGACTTTGCGCAATTAATGATTAGTGAAGTCTTTAAAAAGGCTACCCCTACCACTACTATTGAAGAAGTAACCCAGTACGAACTCCAAGGCAAAGAAAAGGTAGCAGAACGTTTGGCTTTAGTCGCTTCCAAAACTGATGAAAAGATTGTGTTGCGCCGCTTAATGGTGTTTGAAAGCAAAACTAACCACATCTTTAGCTACCTCCACGCTAACAAACGGATTGGCGTAATCTTGGAAGTGGAAGGCAAGTTTGATGAACAAGATGGTAAACACTTAGCAATGCACATTGCCGCTAACTCACCGCAGTTCATTGATCAGGACAATGTGGATCAAACATGGTTAGCTAACGAAACCAGCATCATTAAGTCCCAAGCCAAACTAGAAGTCCAAGACAATCCGAAGAAAGCAGCGTTCTTAGACAAAACTATTGCTGGACGCGTGAACAAACTCTTAATTGACATTTGTCTGGTAAACCAAAAGTACTTGGTCGATGAATCCAAAACAGTTGGTCAATTCTTAAAGGAAAAGAACAGTAAAGTAATCCATTTTGTGCGCTTTGAAGTTGGTGAAGGCATTGTCAAAGAAGCAGTTGACTTCGCTAGTGAAGTAAGTGCGCAAATGAAAAAATAAGATGCGCCTAAAGATCCTAATCAAACTAAGCGGTGCTGGCATGAGCGCTGATAGTTCCGAACCGTTTTCCAACCAATTTTTAGAAACTGTCATCGCTCAACTAAAACAACTAGTACCCAACTACCAAATAGGCATTGTGATTGGTGGGGGCAACATTATGCGCGGTAAGTCTTGTAGTGACTACAACATTACCGAAATAGCAGGGCACCACTTGGGCATTATGGCCACGGTTATTAACGGCGCTTTTTTAAAGGCTAAGTTTGATAGTCATAAACTTAACAGCACCCTGTTGAGTGCAGTGAGCTGTCCTAGTTTAGCGACCCACATTGTGTCCCAGGCCACGATTGATGATGCCTTTAAAAACCATGACATTGTCATTTTTGCGGGCGGTACTGGTAACCCGTACTTTTCGACTGATACCGCTGTGGCGTTGCGTGCTACCCAAATGCAAGCCGATATTATTCTAATTGGCAAGAATGGTGTTGATGGGGTTTACACTGCGGATCCTAAAAAGGATAAGCATGCTAAGTTTTTAGCTAGCTTAACTTACGCTGAAGCGATTAAGAATGACCTGCAAATCATGGACATTACCGCCTTTACAATGTGTAAGGAAAATAACTTAAAGGTGATCATATTTAACATCAATGCCGAGCATGCCATCATTAAGGCATTGAGCAAACAAGGTAAATACACCTTAATAGAAAAATAAGCAACTGTTTTTTAGATTAATAACATAATTAAAAGCTGGATCGCTGTTTAATCTCCTGCAGCTTTCCAGCTTTTTTATTAGCCATTTTCAAAATAACTTTCTATGCGCTACTTAGACCTCAATATTAAAAGCATCTTAGCTGATTGAGAAATTGCTGATGCGATCCGTGAATTGATTGCCAATGCGATTGATGAACACCGCTTAAGCAACACCGCTTTCCCCGTAATTGAATT
NZ_CP017332.1_gap20	772122	774023	1901	TTTTCCAAAATCTTCGCATCATAAAGACTAAACTTTCAGGCATCTAGTAAAACCTTAGTGGTACCTTCTGAATTATTTTCAAAGGCAGTTTTTAAAGCATCAATTAAGGTATTTTTGTCCTGAGTTAAATTAATGTCTTTATTGGCTGAAGTTCTCAATTGGTTCAAACTAGTTAAGTTAGCTTGAAAGTCATAGTTAGAACAAGCAGTAAACGCTGTTCCTAATAAAAGAAACAAAGAACCAAAAGCGGTTTTAGATCAAATACTTTTTTTATTCATGCTTCGAAATAAGGTTTAAAAATTAGAGAAGGGCGTAGTAAAAGAAAGGCAAAAGATTAAATGATTTGCCTTTAAAAGAGCGGTTCTTAATCATTCCTACCTGAGTATTAGTTGTCATTAAAGTGTTTAACTTTTCATGACTAGTACTTACCTCAATTTGGAGATCAGCAGGAAAATTGATGGTTCCAGTAATTGGATCAAAGTTGTTGGACGCAAGTCTTCTGCCATCGGAAGGTTGAGTGTAAGTAAAGATAAAATTGCCATCAAAGTTAGCTTGGTCACCTTCAAAATCTTTTTCAGTTACACCACCATTTTGATTATTGCTTCCACTGCCTTTGCTATCAGTACCTAAAAAAGACTTAATTAAAGTTTGACTTGTGCCATCACTACCAACTTTTCCTTTCATTTTGATTAAGATTTTGACCTCAAACTTGGTTTTGCTAGTTCAGCTATAAGAAAAACCAGTTACCTTTTGGCTTTGGACACCAAGAACTTGAGCGATTTGACTACTTACACCGGGATAAGTTTCTGCAAGATATAAACCTTTTTCACTGATGTTCGGGTTAACATCATCTTTAGTGTTAGAACCAAAAGCTTTAGAAAAACGGGAAGGATCCATTGGGTTCTCCAATAACTTTTGATCCAGCAAGTTGTATTTTCAGCCAGCTAATAAAGAATTAACTGTTGACTTGGGATCAGAATTATAACTATCCTTCAAAATGGTTACTAGATTACGTTTATTAAGTTCTTTTTTGTTGGCACTAAAGTACTTCTGGGCACTACTAAAACTGGAAATTACTTCTGTGGTGGCAGAGGAGCAGGCACTTAAAGCTGTGCCAAACAGGAAAAACAAAGAACCTAGACTGGTCTTTGACAAAATCGATTTTTTGTTCATTTTTAAAAAAGTAAATTTTTTAGTTGATTTATTGATTAGTCAGATGGTTTAAAAATACTTGTTTACAAACAATGAGATAAGAGGAGATTTATCCTCTTATTTAGTATGAGTTAACGCAATTCAAAGAAAAGCGAGCGGTATTTAAAAAAACAGAAGTAATCACTAAGTTTGGAATTAATTACCTCCTTTTCAATGACAACTACAATCTCTAACTTAGGCGTTTCTTCTATTACTTCTGGTTGATTGTCTTCTTCTATGCTTGGTTGTTCAATTAAAAGGCCAATAAAATTATGAACTTGGCGTTCAATAAAGAAAACAAAGTTGTTTAAAGAACTAAAATCGTTTTTAATACTTCTTCAAGCTTTAATTAACAGATTAAAGGTATAGTAGTTATTTAATGAGTGGGTGACACGAAAATTAAATAACTTAAATAATGTTTTCGAAAGAAAAACAAGACCGTTAATTAAAAACAAGGAGACTAGTAAGATAGCTAGTACATTTGCTTTAAATTGGCTTTTCATGAAGAAGAAGGTTGGTTAAAATTGAAAGCTTTTTGAACTAAACAAACCCAACAGCTTGACTGAAACTAAATTAGTTCTCGTCTAATTGACCATAATTTTAAAACTTTTAATTGTTGCTTATTCCGCTAATAAGCTCGTTTAACTAGCTCGATTCAAATAAGTAAGATGGCAAAATTAACTAAATTGGCATTAATCAATATTCAACTG
NZ_CP017332.1_gap21	815959	816459	500	GAGGCTCATGGCTGTGGAGACCAAGGTAGCCATGTTAGGCGGTGTGTCTAGTAAAACAAAGTCATACCTGCGGGTGAGTTGTTTAACTATTTCCGCAATATCAGAAGCCTTGTACTTTTTGCGAGCAATATCAATGTCCGCAAAATTTAACTCAAAGTTACAAGGCAAAATGTCTAGTCCTTCATAAACGGGCAACAAACAGTCATCAATTTCAATTGAACTGTTGGCGCCGTTAAACTTAGGCACTTTTAACAAAATATCAATTAAGGTGTTATTTAATCTTTCTGGATTTTGTCCAAAAGAGGCTGAAACGTTGCCCTGACCATCAAGGTCTAAAATAACTTTCCGTTGTTCAGGGCACAACTTTACAAGCGAACCAGCAACGTTAGTGGCCATGGTTGTTTTTAAAACGCCACCTTTGTTATTAACAAAAGAAATAATCATATGCGCGCGTATAAGTTTGCTTAAATTCTAATATTTATTTAGTATTATTCCGGTAT
