gap_id	start	end	length	sequence
NZ_CP080401.1_gap1	93676	96342	2666	TTGCATATTTGCTCTCTCTTGATCAGCTCTCTGTAGCTATTCAGAACTTCTTAAATGAGGTGCATGTAGCCTGTGATGACGAAGCTTTAAGGAGCTTTAGGATTTCCTTACTTGTACAGGCCCTTGAGAAATTTTCAGGGTACCAATGGGAAGCTTTGCACGTGTAGTCAAAGCTTCCTAAAAGGATTCTGTGTTTATTATACTATAATGTATATCTCTAACAGACGGCTTTCTAAAGCTGCATTGTTATGATAAGAATATTCTCATAAGCATGTGCCACAAAAATTTTAAAAGAAAAAACTGTGCTAAGAACCCTTTAGGTTTCCTTAAGGAAACCTAAGAGATAGAGAAGAAATTATCAAGAATCCTCTAAAGAAAGAATATCCACAACGCTTGCTTCACCATTCTCCAGAAGTTCTATACTAACTAAACACGAAGGAGGAAAGGCTACTTCAGGAAAAAGGCTTTTAAAATCTTTAATATTTTTCACAACTTCACTGAGTGACTCATTATTTTCTGGAAGCATCACCACAATAGTCGCCACTTCTTTGAAGAAATTATATAGAGAGCTTGCTACCTCGTACCAATACACGACCCTCTCTTGATCATCCCCTTCGCTTAGAAATACGAAGATCAACTCTTTCCCTAAATATTTGGCTTCTTCCAAGCCCTCCTGATACTTATGATAAAACTGAGTTGCTTTTACTGAAGCATCCTTCTCTATTAAAGAGACTGAAGACACCTCATTCGCTTGAGACATACTGGGAAAGATCAATAGCAATGCAAAAAAGATACACCTTATAGCACGCATAATAAAAACTCCTTAACCTCTATAAAAACCGGCAAAGGATAACCTAAGATAATCTTTAAAAGATACTTTCGTTTTTATATTTCTCAAAAAACGAATGATAAAGTTAAAGCTGGTATAAAAAGTTTTATTTATAGAACTAGAAAGGTGTGAGAACCATTAAGACAAAAAAATTCTACTACCTTTGATAATCTAGAGACCTAAGAGACGATTGTTCTTACAGCCGTCTCTTAAGAAGATCTGAGAGACGATATTTAAATAATATCGTTGCGAGCAAGGAGATACTCCAATTCCAGCCATTGTTGAGCCTGCCACCCATGCACTAAAGAAGGAGCTCCGAAACCGTACCCTAGAGCCTCAATAACAGTGTGTGTTTTTTCAGATAGAGCCAGCGTTTTTAAAGCTGAAACTCCCATAACTTCGGAGACTAAAAATCCATGGGAGCGGGAAGGAGAACTTAACATGCTTCCACAGCATAGTGCCAAAACTACTAAAGTCGCAAAAAACTTTAAAAACCTCATAAAAGCTATCCTTAAAAACTAAAATCAAGAAGTATTTTATAATAATTTTATTAATTATTCAATTCTTGAGAAAATTAATAAGAATTTTAATAAAAGTTAAGTTATTGCAAAGAGGTTTCAGAGTCAGGATAGAGGAGATCTATTTTTTCTTTATCTTTACAAATCTGCACATAATTCTCCAAAACAGAAAGTTTTTCTCCTGAAGCTAAGGCCATAGATTTCACCGAAGAAAGGTTTTTGTCTCTCCACAATCTATCTGATAGTTTCCGTAGAGCGTTTAGGAAGATTGTACTAAGAATCTCTGTATTTATACGCCGCTTCGTTAATAAGTCGATAATCATAGGATCTGAAAGTTCTGCAAGAGCTTCTTCTAAGGAGGCATTTTTCTTCTGTGTCTCATAATATGAGATTAGAAAAGCAAAGAGTCTCTTACATTCTGGATGCTTGAAATCACTAGGGGAAAAGTAATACTGTGCTGTATGGGGGATATAAAGATCCTCGGCTTTACAAAATAACATACACCGCAAAACATCTGTCTCTATGATCACATCAGAGTGAATTCTTGGGATTATTTGTGTTTTTGAAGAAGATGGTGGTGCTGAAGGGGAAAAGGTCCCAGCCTTCACCTGAGGTTGCGCTAAAGCAAAGACCATATCTTCTGGAATGGTCATCAAAGAGGCCAGTTGCTTCAGATGCTCATAGACAAGAACAGGGTTCCCCCAGCGCTTAATCTGTCTTACGATCTCTTCTACAACTAAAGCTTTTTCCTGGGGAGAGAAGTTCGGATAGGCTTTAATTTTCTCCCCAATTAAAAACGCAAGATAATTTTCACTCTTCTCTAATAATTCAATCAAAGCAGAGTGTCCCCGAAGCATAAGAAAAGTATCAGGATCTTCCCCATCAGGAAGCCTAGCAACGGAAACTGCCATACCTGCAACCTGACAGAGATCACCTACACGCAGGGCAGCTTTGTTTCCTGCTGCGTCGTTATCAAACAGTAGAAAAACTTTTAAAATCCCGAGTTTCTCTAGTTCTTTTACATGATCTTCAGTAAATGCCGTTCCCTGTACAGCTAAAGTGCAGTTAAATCCTGAATCAATCATCTGCAAACAATCTGCTTGCCCCTCTACTAGAATGACGCGTTTTTCCTTAGTAATTCTCCGCCGAGAACAGTGTAGCCCATAAAGAATCCGGGATTTTTTAAATAGTAGGGTTTCGGGAGTATTTACATACTTGCTTCCCTGCATGCCTTCTAAAAATTTCCTAGAGGAAAACCCTAAGGTATGCCCTAAAGCATCGTGTATGGGGAAAATAATTCTACGAGAAAATAAAAACCA
NZ_CP080401.1_gap2	103783	107380	3597	AAAGAAGCAAAGCTACGATTGGTGACGAATATACTCCAAGGAACGAGAAATGTGTGAGCGGGCCTCTTTAGGAGCCGCATCAAAAGCCACTTCAGCATGTTGTAGGGCATTGCACCACTGATCTGACTCTAGATAAAATTGTGCTATCATCATCTCGATGCGCCAAACACTTTCCTTATCTTGATGTCTAAATTGGGATAGATAGGATTCTAAGGGAGCAATTACTTGGCTAGCATCTTGACGTACGCCTTCTCTAGATCTCTTTGCGAGCTCTTGAAATTCAATAAGCGCTACAGTGAAATGGGTATGTTTTTCATTTTTGCTATCTTTGCTAAGAAGATGTTTCTTAATCCTTTGACACTCTTCGGTATCCATTTTTCCGCTTTCTACAAGTAGGCGGAATTTTTCTGAGAGGAAGAAGTAATCGTCGTTACGCACTCCGATTTCTAAAGCCTGAGCAAGGAATTCTTCCCTAGAGAGCTCTTCTGCAAGACAGTATAAATGCTGCAGCTCAGACATAGGAAGGCTCGCCATAATAGGTTCAGTATTTCTTAACAGAGAATCACTCTCTACGATGTGACAGAGACAGCTCCCTAAATTGGCGCCTGTTTCGCTTCCGAAGGAACGGAGCTTACGGATCTCTCTCTCTTCAGGAGAGACCAGGACAATACTGGGCAACTCTTCAACCTTAAAGAGAGCTTTTAACATAAGGTTCTGCTGAAAAATGTTCTCATCTTGAAGAGAATGCTTTGGATAGTCAGCCTCTAAGAAAATAAATTTCCCCATGACCTTTTTTATAAAATCTGAGGAGCTTAACACTTCCTTACGAATTTTCATGGAAAGAGCGTTCCAATCTGACCCCGAAAAGAAAATCATCATAGGGAGAGATGTCTCACGACTTTTTTGCAGTGCCTGCTGATAGTCCGAATACCAAACAAGCTTATTAGATGAATCTTGGTGTATTGCCGCATCAAGTGCTGGAGCACTTGCGCCTAAAAAAAGAGCTGCTAAAACTTTGAGCTGTCTTAATGAACATCTTCTTATACTTTGTAGGATCACAGATTACCTCTCTTTCTCCTCATGCCTATCGCGTCTTGCCTAGGCTTAGTCAGATACGCCGCCAGAGCGCCGCTCTCACAACTCCTGTTGTATAGTCTTTTTTTTATTAAAACAAAATAAAAAATACTACTTAAAATGCTGTTCTCAGCCAGTAACTAAAAAAAATACTATGCTTATTCCTAGCTAAATATGATACTTTTAAAAAAAGTTATATTACGTTCATTTCTTAGAATAAACCTAACTAGAAAAGCTTTCTAAAGATCATCTAAAAGAAAAAGCATAGAACCACAAACGATGTTGTGCTATGTTCTCCTTTTTTTGAGAGTGCTATAAGTGGTTTTTTCAATCGAATAAACATCTTTATGGAGTAATATCGTGCCAGAGCTTTTCCATCAGAAACCTCTCTATCTTTACAATACAGCTTCTCGCCAGAAAGAGGCGTTTTCTCCTTATGCTAGTCCTGTCAAGCTGTATACATGTGGCCCGACGGTGTATGATTTTGCCCATATTGGCAACTTTAGGACGTATATTTTTGAGGATCTTTTAAAAAGAACTCTAATCTTTTTGGGCTATTCTGTTACGCATGTGATGAATATTACTGATGTAGATGACAAAACTCTAGCAGGGGCATGTAAACAAGGGATTTCTCTTCAGGAATATACTCAGCCCTATATCCAAGCATTCTTCGAGGATTTAGAAACTCTGCATATCTCCAGGGCAGATGCCTACCCTCGCGCTACGCACTATATTCCTCAGATGATTCAGGCAATTGAAAAGCTTCTAGATCAGGGGGCTGCGTATATTGGTCATGATGCATCTGTGTACTTTTCTATCTCGCGCTTCTCAAGCTATGGGAAGCTATCCCACCTTCATCTTCAAGATTTACAGTGTTGTACACAGAACACTTCTGACGAGTACGACAAAGAAAACTTATGTGATTTTGTTTTATGGAAAGCTTACAACTCTGAAAGGGATGGGAAAATCTATTGGGAAAGTCCTTTTGGAAAAGGCCGCCCAGGGTGGCATTTGGAATGCTCCATCATGGCTATGGAGCTTCTTGGAGAATCTATAGATATCCATGCTGGTGGGGTAGATAATATCTTTCCGCATCATGAGAATGAAATTGCACAATCTGAGACCCTTTCAGGGAAGCCTTTTGCTCGCTACTGGCTCCATTCTGAACATCTCCTTGTGGATGGGAAGAAGATGTCTAAAAGCTTAGGGAATTTCCTTACCCTTCGGGATCTTACACATAGAGGTTTTTCAGGAGAAGAACTCCGTTATATGCTCCTACAAAGTCATTACCGCACACAACTCAATTTTACTGAAGAAGGGTTGCTCTCCTGCCGCCAAGCCTTAAAAAGACTCAGAGATTTTATATCTCGACTTCAAGAACCTTATCCTGATGGAGAACAGCCTTCAGAGGCTACTCGCACCGTTGCAAAGACACTCCTTACTAACTTTACAGATGCACTCACAAATGACCTCAATATTGCTGTAGGTCTTGCATCTCTTTTTGATTTTGTCCATGAAACCCATAGCCTTATAGATGCAGGGAGCTTCTCAAAAGCAGATGCTGAGCATATTTTGGCTCTCCTTAAACACCTCAATCAGGTGCTTAAAGTCCTCCCTATTTCAGCTTCTATCTCTATCCCTGATAGAGTTTGGGAACTCGTTATGAAGCGCGAAAAAGCAAGAACTTCCAAATCTTGGAAAGAGGCAGATTTCCTGCGCAATGAGATTCTCGCTTTAGGCTTTGTCGTGGAGGATAGTAAATCTGGGCCTAAAGTTAAACCCCTCTAAGAAAGTCTTCGCATCACTGGGAAGTATAGAACGTCACGAATCGATGCGCTGTCTGTTAAAATCATCACTAAGCGATCTATTCCGATCCCAAATCCTCCAGAAGGAGGCATTCCCTGACACAGAGCTTCCAAAAACTCCTCATCAATAGGGTGGCACTCACTCTCAGGATTTTGCTCCTTTCTTAATTGCTGCTCCTCTAATAACTTCCTCTGCACGATAGGATCGTTAAGTTCAGAATAGGCATTACAGAGCTCTTTTCCTAAACAGAAGCTTTCAAAGCGCTCAACATAAGTAGGATCTCCGGAACGCAAGGACTTACACAAAGGCGTCGTTTCAATGGGGTGGTCAGTAATATGATGCGGAGCAATTAAATTCTCCGAGACTAACTCATCAAATAATAAGGCCACCAGAGCTCCTCTGCTTGCTTTAATAAAAGATTCTTCAGGAAGGGATGTCTTGGTTCTTACGATTTCTCTAAGCTCAGCATCCCCATAAAGATCAACATCTACCCCTCCGTACTCCTTTATGCTCTCCTTCATTGTCATGCGTTTCCAAGGAGCCTTAAAATCTACTTGCTGCGGGCCTTCTTTCCAATGTGAGTATGTAATAACTGTACTTCCATGATTTAAGGAGCGCACTACATACTCTACAAGATTCTCTACGAATTCCATCACCCCATGATAATCCATATACGCCGTATACGCCTCAATCATAGTAAACTCAGGATTATGTGTT
NZ_CP080401.1_gap3	109979	112281	2302	GTTTATTTCTCCCCCCAATTGCTTCTACAATCGTCCAACCTAAGCAGCACTACCGCGTAGTTTTAAAAAAAAGTAAAGCCAAAATACGAGAACTCCTACAGCAACTTCAGAAGAACCATCAAGCTCAAGCTGCTGTCCTTAAAGTGTTGTTAAATAGTTCTTCTCCTCCAGGGCTATCTTCCCTTATGGAACAAGCAAAAGTTTCCCAGTCTCCTATAAATTCTTTGAGGAAACAGGGTGTCTTGGAAATTGTCAATGCTTCTACACTCACTATTCAGGAAAAAGATCTGTTCTTTTTCCCTCCTGAGCCCAAACCTCTTCATCCGGAGCAACAGGACGCCCTTTCTAAAATTACCTCTTCTATAAAAACTTCGCGGTTTTGCACGCATTTGCTCTATGGCATTACAGGAAGTGGAAAGACAGAGGTTTATATCCGAGCAATTCGTGAAGCTCGTGCTTTAGGGAAAAGTGCTATCCTTTTAGTCCCAGAAATTTCCCTCACTATACAGACAGAAACCCTATTCAAGGCCCTTTTCCATCAAGAAGTTGGCATTCTTCATCATAAACTTAGCGATAGTGACAAAAACAAAGTATGGAGAGAAGCTGCTGAGGGCTCCATTCACATCATTATCGGACCACGATCTGCATTGTTCTGTCCTATAAAAAATCTTGGGCTCATCATTGTAGATGAAGAGCATGACCCAGCCTATAAACAAAATGAAAGTTCCCCCTGCTACCATGCTCGAGATGTGGCTGTGATGCGAGGGAAGCTCTGCAATGCTACTGTGGTTCTCGGCAGTGCCACGCCAAGTTTAGAAAGTTATACAAACGCACTTTCTGGGAAGTATACTCTCTCAATACTATCTTCAAAAGCTGCAGCAGCGCATCCTGCCAAAATCTCTCTAATAGACATGAACTTGGAGAAAGAAAAAACCAAAAGTTTGTTTTCTCAAGCAGCGTTACAAAAAATTGATCACCGCTTAGCCCTAGGAGAGCAAACTCTTATCTTTTTCAATCGTCGAGGTTACCATACCAACGTCTCCTGCGTCTCGTGTAAGCACACGTTAAAATGCACGCATTGTGACATGATCCTTACCTTTCATAAGTATGCTAACGTTCTTCTATGTCATCTTTGCAATTCTTCCCCTAAGAGCCCACCCCACTCCTGCCCTAAGTGCAAGGGAGTTATGACTTTACAATATCGCGGTTCGGGAACAGAAAAAATTGAGAGAGTCCTATACCAATTCTTCCCGCAGATTCGCACAATACGCATAGATTCAGATACGACAAAGTTTAAGGGAAGTCATGAAACCCTCCTGAAACAATTTGCAACAGGGAAAGCTGACGTCCTTATTGGGACACAAATGATCGCTAAAGGTATGCACTTTCCCTCTGTAACTCTTGCAATTGTCTTAAACGGAGACTCAGGCCTATACATCCCCGATTTCCGAGCTTCAGAACAAGTATTTCAACTCATCACACAGGTTGCAGGGAGATCCGGACGCAGCTATCTCCCCGGGGAGATCCTTATTCAAACCTTCCTCCCAGATAACGCTACAATCCGCTGCGCTATGAACCAGGATTTCCCCTCTTTTTACCAGCAGGAACTTCCCGGAAGAAAGGTATGCAATTATCCTCCTTTCATTCGGCTTATCCGCTGTATTTTTATGGGGAACTGCCCACAGCTTACCTGGCAAGAGACAAAACGGGTACATGTTCTTCTAGAAGAAAGACTTCAAGATATTGCTCATCTTATGCAAATCTCTCCTTGTGGGCACTTTAAAATCAAAGACACCTTCCGCTACCAATTTCTCATTAAAAGCACGCACGTTCTTCCCGTAAATAAAAAGCTTCAGGAAGCGTTAATTTTAGCTAAGCTCTCCCCGAAAGTGAAGTTCATGATTGACGTGGATCCCACAACAACGTTTTTCTAAATAGGGCTCTAGGGCATCTATAAGAGCATCTACCTCTTCAATAGAATTATATGCATGCAGGTTCACACGTATGAAAGGCTCCGTACCCATAAACGACACTACTCCTACATGAATGTCTTGCTCCTGCAGTGCAGCCACCATAGAATCAAATACAGATGTCTCTACATATATAGGCTGCACACAACCCATAGTATGATCAGGATAGCGCTGGAAAAAATGCTGCTGCACAATACCCAACTGCTGCCGAGCAACATCTCCTAAGAGAGAGAGAAAGTCGTAAGCAACATCTATTGCAACTAAAACACTAGGTGCTAATCCTGTAGAGTACCTTAACGGAGGAGAGTTGTGTAGAAGATCTTCTTTTACCT
NZ_CP080401.1_gap4	114779	118064	3285	TTGGGCATAAAAAAGAACGCTCGACGTAGTAAGAAGAAAAAGGCCTTTTTACATGCATGCCCCAACTGTGGAGTTGAATTTCGCTTGTAACGAGAAAATACACTCCCCCACAAACCAGAGATCCTCACTAAAAATACATTGCAACTCTTGACTCTTTGCAATAACACATGGGCAGAATACTGATTACCGATTTCTTCTTGACCATTTCTTGACAGTCTCCCTGAGGGGTAAAGTAGAAAACTCTCTCCATGATCAATACAGGCTGTAACGTAATCATACAATTCGTTTAACTGTTTGACAGTTTCCTTACTAGATTTTCCAGGGACAACTTGAGGTATGGGCACCGCTCGCACAGATTTGAGTAACCACCGCACCATAGGGCTACAGAATAAATATTCTACAGCGATGGGCCGAAGGTGGCATTTGGGCCAAAGAAAGTACTCCAAAATTACAGGATCAATCTCTGCAACATGGTTTGCTAAAAATAAGTTCCCCTTTTTGGGATCTAACTGCAGTGAGGTTAAACCTTGGACTTTAAACTTATAGCGTAATTTTAAAGCCACACCAATAAGGGTTTTGTACAGGTGATCGCAAATAGCCCGAAAAATATTTCGCTTCATAAAATTAAGATTTCCTGCGATGGATACCTAGTACAAGTTTAACATAATCCCAACATTTGATAGCATCCTTATTCTGTTACTTAGGGAATACACCATGTGGTCTCATTTACCTGACTACCAGTCTCTCGCAGAAAATGTGGTCACAGAAATTGCTATCCATCTCGTTCATTATCAACAAAGACACTCCCTAATGACGGTGTGGGAAAAGCCCGACAACTCGTTTGTTACTCCAGCAGATTATGGCGTACAATATTTCCTGAAAAAACAGCTAAGACAAGCTTTCCCCGACATTCCTTTTATTGGGGAGGAGGTCCTTACCCTTAAAGAAGACGCTAAAAAACTCCCTGAAATTCTAGCTTTCCTACACAACTTTGATCCTCAAGTCACAGAAGCTGATCTACTTAACACCCTAACCCCTCAGCAACTTCCCTCATCCTTGTTCTGGCTCGCAGACCCAATTGATGGGACTTCAGGATTTATCCGAAAACGTTCTTTTGCTATAGCCCTCACCTTAATTCATGAAGGCTCCCCTATTTTGGCAGTAATGGCCTGTCCCTCCTATGCACGCAACGTAACTATCTATTCTGCAGCAAAAGGTCTTGGGCTAACTATTTATCGCCCTGGAAGCACAGAAAAGCTCCCCCTTAACAATAAAAAACCCCGAGCTTATCGTTACTGCGAAGCCTCCCTTGCTGCTAGCAACCAACAACACTACACAACCCGGTTGTTAGGGCTAAGTCTCCCAGGAACTCCTCAGGCCTTCCGAACAGAAAGCCAATACAAATATGCTTTAGTTGCGGAAGGGTTCGCAGACTTTTTTATCCGCTATCCCTTTGTCCCTACGCAAGCGCGCACTTGGGATCATGCTCCGGGGGCATTCCTTGTAGAAGAAGCCGGCGGCATAGTTACAGATGTCTTCGGCGAACCTTTAGATTATGGGAGAAAAGACTTTGTGTTAGACAACCATCCAATTATCCTAGCCTCTGGAAGTCTAGAAATTCATGAAACGATATTACAGGTGCTACAGCGCGACTTGCATATCCTCCCTACGCTCTCCTTTTTATGAAAGATGCGCAGCGAGTCTCTCTTCTACTAAAAGATCTGCAAGCTCTGCAGTGTCCTTATTTAAGGTTTCACATCGGGAATACAACTCTCTAAGGGTTTTAGGAAGCTGTTCTACTCGAGATAGTACTGCTTTCGGATCATAATCACTGCCTACAGCAGACACCACATTAATCAATCCCCCGGCGTTAGCCAAATAATCAGGAGCATATACGATGCCTCTCTCATGCAGTACTGCACCTATAGATGCATCTTCTAAAATATTATTTGCTGCTCCAACAATAGCCTTACAATGCAAGCTGCCTACGTTATCTCTACGGATCACATTCCCTCGAGCGCAAGGGGAGAGAATATCACAATCTAAAGCAAAGAGCTCTTCTCCAGAAAGAGGTGTCGCTCCATAGAGTTTTACGGCAAAATCTACAGAAGCCTCGACAATATCTGAAACGTACAACTCAGCTCCTGCAAAAAACAGAGAGTGCAACAACAGTCTCCCTACAGAACCCACGCCTTGAATGGCAATTTTCTTCTGTCTTAAAGATGAAGAGCCCCAAAGTTTCCTTGCTGTTTCTTGCATACATAAAAACACCCCATGAGCCGTATAGATCGAAGGATTCCCGCTAATAGAATCGACCCCACAAACATAGGAAGTTTCTTCTGCAATAATAGCAATCTCTCGCACAGAAACGCCAAGGTCCTCAGCACAAATATACTTCCCCTTTAAAGATTCCACTGCCTGACCAAAAGCTCTCAGCATATCATCTGTCAATACAGGAGCACTAGCAGGAAGAATAATCACACTTTTCCCTCCTCCCGTTCCTGCGCCACAAATGATGCTCTTATATGTCATGCCTCGAGATAGACGTAATGCATCTGTCAATGCGTCATCAAAAGAATTGTATACAGAAGCTCGTGTTCCCCCTAAAGCTGGGCCCACCACCGTTTGATGAAGCGCAATAATCGCATGAAGCCCCACTTCTTCACAGGTGACCTCAAGAACACGCTCATAATCAGCAACTTCTAAGTCTTTAAAAACTAGAGAGTATTTCATAAAATCTACAAAATTAAAAATTAAGTATTCTATAAAATTAATTAAAAGTCAATTCAAGCAAGGCGTGATCTTTTCTTAAAAACTCTTACATGATAGCCTGATGACACTAGTCTAATAAATTCAGCAAAGAGAGCTGCTTATGTGTAAACCTCCTCTAAATATTGTCCATCCTTGGCACGGCCCTACACTAACTCAAGACAACTATGAAACTCTGTGTTGCTACATAGAAATTACCCCCGAAGACTCTGTAAAATTTGAATTAGATAAAGCTACAGGCCTCTTAAAAGTAGATCGTCCTCAAAAGTTTTCTAATCTCTGTCCGTGTCTTTATGGTTTATTACCTCAAACCTATTGTGGAGAAGCCTCTGGGAAATACAGTGGAGAGCAAATCCGCAGGGACAATATCCAAGGAGATAAAGATCCTTTGGATGTTTGTGTTCTTACGGAAAAAAAGATAAATCAAGGAAATATTTTGCTTCAAGCTCGTCCAATTGGAGGCCTTCGTATTATTGACTCAGGAGAAGCTGATGATAAAATCATTGCGGTATTAGA
NZ_CP080401.1_gap5	121847	123802	1955	CTCTTTTTCTAGCCCTTTTAGCTGATCCCAACATTGGCCGAGCTTCAAACGTGTTTCAGAAAATATATTAGAAGAAACAAAAAGCTTCTTAGCAACGTTCTGGAGATTTTTTATTTCCTTTCTTAAAAAAAAAACAGAACGCTTCAAAGCAGCTTTATCTGCTTTTGCAAAATATCTTGAAATAAACGCATTGACATCTTCGTGGAAAACACCACTAACTTTTTCTATAAGCTCTTTACGCAAAGGAAATACTTGATTTCCCAATACAGATAGCCGCTGAAAAAATTCGCTTTTCAACTTCATCCGCATTCCCACATTCATGAGCTCTTTACGAAGCGCTACAATTTTCGTAGAAAAACTACTTAACCATACAAGAGTCGCATGCTGAGTTTTATAAAATTCGCGATGCTTTTCTAGTGCCTGCGTTTCTAAAAATACAGCGTCAACATCATCACTATTTACATTTTGCAAGGCTGTATTCACGTCTTTTTCTAAACAGGAAATCGCCAGCTCAATTTGATCTGTCACAAAAGCACCATCACCATCAGCAAGAGCCTTAATGCGGCGCCCTTCTTTGGTAAGCTCTAGGTAACGATTCCAAGACTCAGCTTTCTTTCCAGCATCCTTTTCCTGATGGAATAAAGGCAAACAATGCTTACGTATTGCCCAAAAAAGCCTTAGATTAGCGTCTGTTGCATCATTCAAGGCTTCCTCCATCCGATCCAAGCTAAATGTGATCTGCTCCTCTGACGAAGGAATTTTTGTCAATTCTTCTAGAAACATTGCAAGAGCATTTTCCGAAGCTATCTTATTTCCCCGCATACACCTCTCACCTGACTCTGTTAAAACGCCTTGACCTTGCCTTGTTTGCTCTGAAGAAAAACTGTTATCTGAGGTATCCATAAAACAATAGGGTAGAACTTGAAAAGAAAATCTGTAGAGAGTAAAGTGTGCGTTCCGAGCTCTTTATCGTCAATTGTTTTATGAACTCCCATCGACTATCCTTTAAAGAAGGGCTAGAAATCCTGGCTTCCTCTCCATTGTCAGAGCTTAAACAGTTGGCAAACGCCATTCGAGAACAGCGACATCCCAATAAAGAAGTTACCTATGTCCTCGATGCGAATCCAAATTATACAAACATCTGTAAGATGAATTGTACGTTCTGTGCCTTTTATAGAAAACCACACTCTCCAGATGCTTATTTACTGTCTCTTGAGGATTTTCGTAAATTATTAAAATATTATACAACGCTAGGAATCAAAACAGTCTTGTTACAGGGAGGAGTTCATCCTACGATTGGTATAGATTATCTGGAGTCTTTAGTTCGTGTTACCGTACAAGAATTCCCCTCTATACATCCACATTTTTTTTCTGCTGTTGAAATTCACCATGCAGCTTTAGTTTCTCGTATCAGTGAAGAAGAAGCTCTCAATAGGCTTTGGCAAGCTGGGTTAAGAACTATTCCTGGGGGTGGTGCAGAAATTCTTTCAGAGCGCGTTAGAAAACTTATCTCTCCTAAAAAAATGGGCCCTGGCGGATGGTTAAATTTTCATAAGCTCAGTCATAAGGTCGGCTTTCGGACCACAGCAACTATGATGTTTGGTCATGTAGAAACATTGGAAGATATCCTGATCCATCTTGAATCACTACGTGAAGCTCAAGATGAATGTCCCGGCTTTCTGAGCTTTATTCCTTGGAGCTATAAGCCTCAAAACTCTCCTCTGGGCAAAAAAATCCCTCCAAGACATACAGAAGAGATGTATTATCGTATTTTGGCAGTAGCACGTATCTTTTTAGACAACTTCGACCATATAGCTGCTTCATGGTTTGGAGAGGGGAAGGAAGTTGGAGCTCGAGCATTACATTATGGTGCTGATGATTTTGGAGGCACCATTTTAGATGAAAGCGTGCATAAGTGTGCAGGATGGGAACTAAAAAGCACTGAAAACGAAATC
NZ_CP080401.1_gap6	271166	272664	1498	ACGAATTGTGCGAGGTATTCCGTAAATACCTGACTCTCCCCTCTCCTGGAGAAGTGCGCATCAAAATTACTCTTTCCCCCTCAGGAAGTATTGAAGAATGTATCTTCCTCTCCCCTATAAGCCCTGCAGATAAACACATCCTCATGCAAAGAATCCACTCGCTTCCTTTTCAAAAGTTTTTCTCAAAATACAAACTCTCGAAAAATATCTCTTTTCATATTAAACTCCTCAGTAACGAGATCTAGAGCTTCTTTTCATTAAAGGGAGGTTTTCGTATGCTGCGAAGGCTATGTTTGGGAGTATTTCTATGCTTCTCTCATCTTCACGCCCATGATTTAGAAGTTGTCGTCGCTACAGAGTCTGCCCTCCTTCCTCTAAAGATTTCCTACAGTGTAGAAGATACTAAACACCAAAAATATCTCCGCTCCCTTATAGACATTTTCCAAAGCGATTTAGCCCTAGGAGATCGCCTGCTGCCACAACTTGTCCCCTCCCCACCGCCTTCTTCAGAATTACAACTCTCCTTGCATCTTCGCTATCCTACCCTCTCAGTAATCTTGCTCCGCCCCAAACAATCCCCTCAAACACTACATTCCCTGACCCTTTCTCAAGACCTTTCCCATGACCGACAGCAAATTCACCAAGCTGCAGATATTGTCCATCATGCCCTCACGGGAATTCCAGGGATTAGCTCTGGACGTATTATTTTTTCCCGAAGCAACGGAGGGAAAACTCAAGAACTAAAGCAGGGAGAGCTCTGGGCAGTAGATTACGATGGAGGCAATCTTGTGCCACTTACTAAAGAAGCCTCCCTATCCGTTACACCAAAATGGGCTGACCTCTCTGCAGATTCTCCCTACTTTTATGTATCCTACAAACTAGGCGTGCCAAAGATCTTCTTAGGTTCCCTAAAGAACACAGAGGGGAAAAAAGCCCTTTCTCTCACGGGGAATCAGCTCATGCCGGTATATTCTCCAAAAAAGAAACTCCTCGCATTTATTGCAGATACCTATGGAAATCCAGATCTATTTATTCAGGCATTTTCTCCATATTCTGGATTTCTAGGGAGACCTCGGAGGCTTCTAAATGAAACCTTCGGGACGCAAGGCTCCCCTAGCTTTAATCCTCAAGGCTCTCAGCTTGTTTTTGTCTCAAATCGTGATGGGCGCCCTCGCCTTTACATCATGAACCTCGATCCCGAACCTCAATCACCTCGACTGCTGACAAAAAAATATCGAAATTGCAGTTGCCCAACATGGTCTCCTGATGGTAAAAAAATAGCCTTCTGTTCTGTCATCAAGGGGACACGGCAGATCTGTGTTTATGATCTAACTTCTGGAGAAGGCTCCCAGTTAACCACCTCCCCACAAGATAAAGAAGGACCTTCGTGGGCTGCAGATAGCCGCCATTTAGTCTTTAGTTCTGGAAATGCAGAAGAGTCAGAGCTGTACCTGTTAAGTCTGATTACTAAAAAAACTAAAAAAATTGTTATAGGATC
NZ_CP080401.1_gap7	278452	281391	2939	TTTGCGGGAGAACACGCTTACGATAAAGAGCATCGAGAAAAGTTGTTGAAGAGCATGTCTGCTTTGGAGTCTCCTGTAGATCGCTCTGCGTATTTTGAATGTTCCGTAGTATTAGCTTCCCCCCACGGGGAGGTGCATATCACACAAGGAATCTGCGAAGGCTATATCAGCCATCAAGAAAAAGGGTCTTCAGGATTTGGTTATGACGCTATTTTTTTGAAATTTGACTACAAGCAGACATTTGCAGAGCTCTCAGAAGAAATCAAAAACCAAGTTTCTCACAAAGCAAAGGCTTTGCAAAAACTTATCCCCTACTTGCAAAATCTCGAGGAGAAATCTTCAGCTTCTCGGAGTTAACTTATGCAGGGAGCTTTCTAAACACTCACGAATCTCTCTCATCTCTACAAGGAGAGCTTCTGCCCGAAGAAAATCCTCCTCGAGCCGAGCGACTGCAGGCATCCCTTCATTGGGTTGAAATTGCTGAATTGCCAAAGGCATCTCTAAACTTACCAAAGGCTTTGCAGTTAATCGGTGTGTTTTATTAAAAACAACAGTTTGAATACTATCACTCATGGCCACTCATGGGAGCTTCCAGTTAATCATCGGTTGATTCAACGTATTAAGCAGGTAATTAATTTTTGAAAAGTGCGAACACCCAAAAAATCCCCGATGTGCAGCTAAAGGTGAAGGATGGGGAGAAGATAAAATTGCATGTTTGTGTGTGGAATGAAAAAGAATGTCACATTTTTTCCTTGCAGCCGCTCCCCACAAAACAAAAATAAGATGCGTTCTTTCCTGGATTAACTTATGCACAATGGCGTCTGTAAATTTCTCCCACCCTTGGCCTGCGTGAGAAAATGGCTGACCCGCACGAACTGTAAGAACAGTATTTAAAAGAAGCACACCCTGATCCGCCCATGCCTGCAAACACCCGGAGTGATTCTCTATGCCTAGGTCCGCTTTCAGCTCCAAGAAAATATTTTTAAGAGAGGGAGGAAGACACATCCCAGGAGGAACGCTAAAACTCAATCCATGAGCTTGCCCTTCTCCAGGATAAGGATCCTGACCTAAGATGACCACACGCACCTTAGCAAAAGGGGTACTTTTCAATGCAGAGAATATGTATTCTTGCTTGGGATAGACCGTATGTTGCGCATATTCTGTTTCTAAAAAATGCTTCAGCTTCAGCATGTACGGCTGCGACCATTCCTCTTTCAGTTGCTCTTGCCAACAAGAAGGAAGCTGATCTTGCCAAGTCTTAGGGATCTGGTCTATAGTGGGAACTCTCTGCATAACAACAACCTTGATTTCTTTATTCGGGGAAATCTCCCACCTTTATATTATGCAAACTTTAAGATTCCCCCAAAGGATAACAATTAACAATTAGGACTCTATGATAATTTCTGCTGAATTAAATGACGCCCAACTCTCTGCTGTTACTTCCCCATTACGTCCCGTCTTGGTACTTGCAGGTGCTGGTGCTGGGAAAACTCGTGTGGTGATTTATCGCATTCTTCACTTGATCCATCAAGGAATCGCCCCCAGAGAAATTTTAGCAGTAACATTTACTAACAAAGCCGCAAAAGAACTCAAAGAGCGTATTATGCATCAATGTCCCCAAGCGCAATACGATCTCCCTATGGTCTGCACCTTCCATAGCCTCGGAGTATTTATCCTTAGACGCTCTCTCCATCTCTTAAATCGGGAAAATAATTTTATTATCTATGATCAGGGAGATGCTGAAAAACTTATAAAACGCTGTCTACAACAACACAACCTCAAACAAAATCTTGTTGACAGCATGCAATACCACATCTCTCAAGCGAAAAATCGCCTACTTTCCCCAGAGGATTTAGATCCTCAAGATTATGCCGATCCCGTAGTGACTATCTATAAAGAATACCAAAAGAAACTGGAAGAAACCAATGCGTTAGATTTTGATGATTTACTATTTCTAACGGTAAAACTTTTTAAAACTTGCGCAGAAGCACGCCAAGAGTATCAGGAATTATGGAAAGCCCTACTTATAGATGAGTACCAAGATACAAACCATGCACAGTATACTATGGCGCAAATCATCTCTGATCAACATCGAAATATCTTTGCAGTTGGAGATCCCGACCAATCAATCTATTCTTGGCGAGGAGCTAATATCCACAATATTTTGAACTTTGAGCAGGATTATCCCCAAGCGCAAGTTTTGCGCTTGGAAGAGAATTACCGCAGCTATGGAAACATTTTAAACGCAGCAAATGCTCTTATCCAGAATAACGCTTCACGGTTAAAAAAAGAGCTACGCAGCGTAAGGGGACCTGGAGAAAAAATCCGCCTTTTCCTAGGAAAAACAGATAGAGAAGAAGCAGATTTTGTGGCAGAGGAGATTCTTAAGATCCATCGGAAATCTCAAATTGCCTTGAGAAACTTTTGTATTTTTTACAGGACGAACTTCCAATCTAGAACGTTTGAAGATGCGCTATTGCGTCGGCGAATCCCCTATGAAATTCTGGGAGGGTTATCTTTTTATAAACGCCGAGAAATCCAAGATATTCTTGCCTTCCTAAGAATGTTTTCAGCAAAAAATGATCTTATCGCTTTTGAAAGAACTCTGAATCTTCCCAAGCGAGGTTTAGGTCCCGCAGCAATCTCTTCTCTTAATCACTATGCCCTAACAGAAGGACTCTCCTTACTAGAAGCATGCAAAAAAACTCTTAAAACCCAAGATGTAAAGCTGTCAAAAAAACAGCAAGAAGGGCTGAAAGACTACCTTAGCATCTTCCAGCAAATGGAAGTTGCCTATGAGACACAACCCCTAAGCGAGTTTATGATCTCTCTTTTAAGAATCACCCAATACCTGAACATCCTTAAGGAAGACCCGGACTCTTTTGAAGATCGCAAAAACAACCTTGATGAGCTCATTTCTAAAACTTTTGAATGGGAAC
NZ_CP080401.1_gap8	335375	340128	4753	AAGAAGAAGCACACTAGGATTTAATGCAAGGACACAAGCGATTTCCAATCTTCGACGTTCCCCTCCAGATAGGGAGCCGGCTTTTTTATGCAAGCATGTGGTTAATTGTAAATCTTCAACAAGAGTGTGAAGCAAGTGGGATTGTTGCTTACGCCCTTTATAGATAATTTCAAGAATGCAGGATAAGTTGGCTTCTGTGGTTAAGTCTTTAAATACTGTGGGTTCTTGTGCAAGATAACCAATCCCTAAACGAGCCCTACTGTCCATGGTTTTCCGTGTTACGTCAATGTTTTTAAACAGGATCTGTCCTGCATCTGGGCGGATTAACCCTACAGTTTGATAAAATGCTGTCGTTTTCCCTGCACCATTAGGACCAAGAAGACCTACAATTTCTCCAGGGTTGATATCGAAAGAAACATCGTTAGTGACGGGTTTTTTATTGTATTTTTTAACAAGATTACGCACGGAGAGTATAGGCATAAGTCTTATTTCCTTAGTAAAGATAGAGAGAACGTTTTCATGCCTCCAGAGATACGATCTTCTGGGTCTAGAGGCTCATTCAGTGAGTCAATGCGGAAACAGCAATTGTGAATACTTAACATCCCGTCTAGGTAATCTAAAAGACCTGAGTTGCCCTGAAATAGCATGATTCTATCTAACTCCTGAGTGCGGATGTTCCCAGAAATTCGAGAGAGAAACTCTTTGCAGGAGACGTCCTTGCGGGCGATACGCAGCTCTATATGTGACTTAATAATGTCACAGTGAAAAAACTTTTGGTGAGCAGAGCAAATTTCCTTACGTATTCCAAGTTTTTTAATTTTTAAAAAAGGAGGGACAGCTTCTGTACGTTTCTTATCACAAGGCGGCTCACAGAATTTACTAAAATTGAGCATGATAAAGAGCGTCCCACACGCCAAAAGTAACATCCCCAGAAGACCCAAAAAACCACACACAATAAATCTTGTCATACAGGAAGAAGATTTAAGGATTGTACAAAAGTAAAGAGTTGATCCCAGATGGGCAATAAAGAAGCAAAGGTTTCTATATCTAACATGGAGGCTGCATCGCTTTTTGCCATAGCAGGCTGCAGATGCGTTTCAATAAATAACCCATGAATTCCCGTAGCGATGGCTGCACGTGTTAACGTAGGGATGAACTCTGTCTGTCCCCCACTTTGTGTGGTTAGCGCTCCGGGAAGTTGTACAGCATGCGTGCCATCAAAAATTACGGGGAAGCCCATACCCTTCATCACGGCTAACGAACGCATATCTACAATAAGGTTCTGATACCCAAAAGAACATCCACGCTCTGTAAGCATAATATTGTCATTTCTTGTAGATAGGATCTTATCAATAGGACCTTGCATATCCCAAGGAGAGAGGAATTGCCCTTTTTTTATGTTTACGCAGGCCCCAGTTTCTCCTGCAGCCACAAGAAGATCTGTTTGTCGGCAAAGAAAAGCAGGAATTTGAAGGATATCGCACACTTCTGCAGCTTGATGCGCCTCTTGGGGAGAATGCACATCTGTGAGGATCTCCACGCCATATGTAGCTTTTATCTTAGCAAGGATGTTTAATCCCTCTCGGATCCCTGGTCCCCGATACGAAGCTAGAGAAGAACGATTTGCCTTATCATAGCTACTTTTAAATATCCATCGGATCCGATCTGCATAGGGGGCCAACAGTTCATGAAGCTTCGCTGCTGTCTGTAGTGCTGCTTCTTCGCTTTCTATTACGCAAGGGCCTGCGATGAGAATCATTTTGTCTTTGTTCACTTGTCTTACTCCATTCACTCTATCCTAGGGGTACTATAGAGTTTTCTTGGAAACAAGTCTAATTTTTTAAGAACACGCTCTTCGAGGAACACGATAAAGTTTAGAGAAAGAGTCACAATTGACTTTTTTATCATGAGACTTATACTTGTGGGTACAAGCCATTTGCTATCATGTGCAAAAGGCGTTTAGGTAGGAAGATTTGGACCGATAGCTCAGTGGATAGAGCATTCGCCTTCTAAGCGAATGGCCGCAGGTTCGAATCCTGCTCGGTCCGATACTTTGACAGCTTCTGCTAAAAAATACAGTTGATTTTTCTATGGAAGAAAAGTTCCCTACTTTTCTTCCATAATTTCTAAGCTGACTTTTACATTGTTTCTGCTAGCTACGGAAACAAGTAGCGTGCGGATCGCTTTGATTGTACGCCCTTCCTTGCCAATAATTTTCCCAATGTCAGGTTTTGCTACACTGAGTTCGTAAATAATGGTGTTGGTTCCTTGAACTTCTTTAATATGAACCTCGTTCGGACGGTCGACAAGATTTTTGATAATATAGGCTAAAAAGTCTTTCATAAAGCAATCCTATAACTATATTCGCATTTTTAGGAGAATTCGCATTTTTAGGAGATAGGTAAAAATCGAACTCAATAAAATGATTTTAATATTTTTTAAATAAAGAAACCAATTCTTGATTTTAAATAAAACCCAGGAGCTTTTTATCCATAATAAAGCTATTTCGGAATTCTTTTAGTATTAAAGCCTTCATATCTTCAGGTAACGCAGCGGTGAGTTTTAGAGGTTGATGCGTTTCTGGGTGGATGAAATCTAAGCTATAGGCGTGGAGCTGTTGTTTGTCACGGCCATAAACTCGGTTTGCTGAAGAAGAGCCATAGATAGGGTCTCCCAAAATCGGAGAATGCGAGTGCTTCATATGCACGCGAAGTTGGTGAGTTCTTCCTGTCTCTGGGGAGAGAAGAACAAGGCTAAGTTTGCCATTATAAGCAAGAACTTGGCAGTGTGTTGTAGCTTCTTTCCCTACAGACGAGACGGTAAATTCCTTTCTTTTTTGTGGATGACGCGCAAGGCGCGTATGAATTTGAGTTTGCAAAGGCTTGCCAACGCAAACTGCAAGATATCGTTTTTGTAAAAGCTTTTTTGCAAAAAGCTCTCCATAAATTTTTTTTGCCTTTAGGGTTTTTGCTGTAATGAGGAGTCCTGAGGTGTCTTTATCTAAACGATGCACAATCCCCGGCCTCCAGGGCTCTTCAGGGAATTCTTGTTTTAATCGCTCTCCGATTTCATGAAGAAGGGCATGCACTATTGTCCCGGCATGGTGCCCGGGAGAGGGGTGAACCACCATATCTCGGGGTTTGTTCACAACAATAATCATGGAATCTTCATATACCTTATGCAGAGGGATCTCTTCAGGGAGGAGTTCTGAAAGCTCTTCTTTTTCTTGAATGTGTATAGTAACGACATCTCCCTCAGAGAGACGAGAGGACACTTTCGTCTGAACTTCTCCATTGATAAACACATTGTGATTTACAATGTGTTTTTGATAAAACGCTCGGGAATACTCGGGATACATCATTGCTAAATACTTATCCAAGCGCATCAACGTTGGTTCTGTAACTGTGAAGGATAAATCCTCTGTCATATTACAAAGAGTTTGTTGTTTCATATATTTTAATATCGGGAAAGTTATGCTTCTAGGAGAATTCTTTATTAAAGATCTTTGTTTAAAAAGAATTTTACGGAGAACGTTTCTCCGAGAGACAGCTTTTCAGGAGAGGCTTAAAGTTCACACTTCTTAAGAAGAAGTTCTTCGGAAGAGATCATGCGATAATGAGAACACGCAAGAAAAACTACAGAAGGAGGAGATGGATAGCAAAACTTCTGGGTAAGAAGACTACGTACATGAGCAAGAGTTTGCTGCCATATATCTATAGGTAAAGGAAATTTTTCAAGGCGTTTTGCTAGATAGAGAGTGTGTTTGTAAAGGATAAGGTCAAGGTAAAGATCGTGGTTGATTAGGGGGGCCCAGCGTTTGGGAGTGTGTAGAAAGCTGCAGGAGACAGCGTCATCCAAGGGAGAGGCTAAGAAAAACGTTGCCTGCATGATTATTCTCTATATATGGAGCGCATTCTTTTGGATGCTTTTTGTGCTCGGTCCATATCTTTATGTACTGTGCCAAAGCAAGAAATTAAAATAGAATTCAAGAATTTGTCATACATCTCTTGACCTTTCTCTGCCCCCATTTTTTGGATCAGTGCTTGGCGGAGCTGATCTAGAGTTTTTATAGAGCCTTCAAAAGACATATTTGCTGCAGAAAGATCTTCGGGGACCTTAGCTTGTGGGGAGCGTACCGCTTGAGCTTCTATATTTTGGGAAGATATATGACGAGGTTCCATATTCCTGCCTCTACATTTAAGCATATTTTACTCCGAATAAGAAATATTTTTCTATATTCGCTAGAATCTCGTTATAAATCTGCAGATTCTTAAAAGAGTTTGTTTTTATTTAAATAGTTAAAAGTGTTTTTCTTTGGTTTTTAAATTGTGTGATTTGAGTTTTTCTTTTTCCTAGATGAGCATAACGATTTAGGAGATCTTGAAGATACTTTATGGTGTATTCTTTAATTCTGCTGAGATCTTTCTTTACAGCGAGTTGTTTTTTTTCTAAGGCAGAGATCTCCTTTTTATAGGTCTCTTCTCGGAAACAAAGGATTTTACGGATCGTTAAAGAAGCTAGCTGACCTGTGTCTGCTTTTGTAGGGAGAGCGGGAAGCTCAGGAAGCCAAGGAGCCAAAACAGAAAGAATAGTTTGATGGATATGCTCTTGAGATACTCGTGTTGCTTTAGAGAGACGCTCTCGGACAGGGTCATACAGGCGATGTTTTATAAAGAGGTATTCTAAGCTTTTATGATAGTGCTCGCGCTCTAATTGCTCTAATAATAGTTGCAGTTCTTTTTGGAGATACTCT
NZ_CP080401.1_gap9	343864	348178	4314	TTGTTTTGGTTCATCCCAGCTTTCCAAGCCATTTTATGAGATCCCCTTAGAAAATTTAGCGCAGATTCCCCAGCGTGTTGTTTTTGATTTTACCGTCCCTAGGACATGTGTATCGCAACAAGATTCTAGGGGGATCTCATATTTTGATATGGAATTTCTCAGCAAGAAAATCCAAAGTCAGCTTACGTTCAACCTTCCGTGTATGCACGAAGAAAATCTTTTTTTATTGTCAGCAGCAAAGAAACATTGGCAAATATATCAGAAAAAATGTTCTCACGTATTTCAGAATGCAGTTTTATCTTCATGCTCGAATTTTTTTGTAAGCTGTTGATTTTTTAACATCTAATTCAATTCTTGACATATACGATTATCAAAAATACTCTAAGCTTTCATCAGGGGATATTGCAATTCTCTTAGAAAGCATGTTAAGGCTCTAGTTTTTAAAAGTTATTGCTAGCTTGCGCATAAAATCTATTTATTTTTTTCTTAGAGCTTAGTTCTTTACAGTGAAAAAGATAAAAAAAAAAGTTCATGATGTTGTTTATAAAAACAAGAAATCGTTTTTATTTTTAAAGTTTGTGTTGGCATAACTTGATTTAAGAGCGAAGGAGGCCTTCTCAAGAAAAGAGATCGCAAGCTTCTGTACGAAAAAGACAACAAGCTATGTTGGAGAAATTAATAAAAAATTTTGCCACGTATATGGGTATAACGTCAACCCTGGAATTTGATGCAGATGGGGCATATGTTTTGCCTATAGGCGAGGTAATAAAAGTGCGTGTTCAGCAAAATGCAGATAGTGACATTGTTTTAAGTACATCCTTAGGGACCTTGCCGCCTTCTGCAGATACAAAAAAGATTTACCTACAAATGATGGTTGCGAACTTTTTAGGAAGAGAAACCGGGGGAAGTTCGTTAGGATTAGATCCTGAGGGTCAGATTATGATGATCCGGAAGTTTTCAGGGGAGGTGTCTCCTGAAGATTTCGCTCGGCATATAGAGTGTTTCATGAATTTTTCGGAAGCGTGGTTGGAAGATTTGGGATTAAACTCGGAACAAAAGCAGTAGGCACATAGGGGAAAGTACACATGGCAGCACGGTTAGTTATTAACGAAGGCCCCTTGTCTGGTGTGGTTTTTGTCTTGGATCAAGGGGAGAGCTGGTTGATAGGGAAGGACGAAGCTTCCAATGACATTCCTATTGAGGATCCAGCGTTAGCTCCATCGCAAGCGAAAATTCAAAAGACAGCAGATGGATATACAATCACTAATGTGGATGCTTCTGTTCCTATCTTAGTAAATGGTAAGCAGATTTCAGGAACTGTAGCATTAAAAAGCTCGGATATCATTTCCTTAGGGAGCAACCAATACACATTTTTCCCTGAGATCTTTGATGCTGATGATGTTGTTTATGATTTTTCCTTACCAGCAGAAGATTTTTCTAATGCTTCGGGAAATTCTGCCGATAGTAATAGACAGCAAGCGCAGAGGGCGGCAGAGCCTTCCTCACAACAAGCTTCTGTAGCCTCAGAGAAAAGTTCGGCGCCGACAGCAAAAGATCAGGAGCTTGCGGAAGCATTTTTATCTTCAGCGAAAGCTGAAGGGAGCGGAGCACATTCAAAGAGTCCCGAAGATCTTAAAGCATCAGAAACTTTTGTAAAAGAAGCGAAAGCTCCTCAAAAAGAAAAAGAACAACCCCAAGAGTCCAAGAGTATTATGGAAGAAAACGAAGCTTCTCCTGAAGAGCAGGTGCCACCACAAGCTTCTCCCCCGCCTTCTTCACAAGCAGAATCTCCAAAGCCTGAAGCCTCTGCAAGCCAAGCTGCGCCTGTGTCAGACGCGCCCCAAAACCCTGCTGAGGCTGAGCAAGCACGTCCTGAAGAAGCTCCATCTGAGGAGCCCCAGCCTGCAGCGGCTTCTTCTTCTCAGCCTGCAGCAGAATCCTCTCAAGAAGAAAAGGGGGATGAGAATGCGGATCCTGATATTGTAGAGGATGCAGATCCTGAGGAGAATAAAGAGCTTGAAGAGGGAGCTCCCAAAGAGGAAAGCCAGGGAGAAGAAGAGCATGAGGACAATAAAGATCATGTCTTGGCTCCCTTTAACATCCAAGATTTATTTCGGTTTGATCAAGGGATTTTTCTTGCTGAGGTGGAAGAGGGAACGCATAAAAGCGTCTCAGTAGATCTTTCCCCTCCTCCGAGATTCCTGCTGAAAGTTCTTGCAGGAGCAAATATTGGCGCGGAGTTTTCTTTAGAAGAGGGAAGGTCGTACATTATAGGATCCGACCCAGCATCTGCAGATATTGTGTTTAACGATATTAGCGTATCACATCAGCATGCGAAGATCTCTGTGGGTTCTGATGATGTGATCATGATAGAAGATCTTGGGAGTAAGAATGGCGTAATTGTAGAAAGTAAGAAAATCGAGCATTCCTCTACGTTAACTGCGAACCAAGTTGTAGCTTTAGGAACAACGCTATTTCTTTTGGTGGATCATCAGGCTCCCTCCAATACCATTGTTGCGACTTTTGCTCCCGAGGATTATGGCTTATTTGGTAGACCTCAAGATGCTGAAGCTATTGCTAAACAGGCTTTGGAGGAAGAAGAAGAAAAACAAAAGCGGGCAACTCTCCCTACGGGTTCGTTTATTTTGACGTTGTTTATTGGGGGGTTGGCAATTTTATTTGGTGTGGGGACAGCTTCGCTGTTTCACACCAAAGAAATCGTTCCTTTGGAACATGTCAATTACAACGAAGACCTAGAAAGAATCGTAAAGCAATTCCCTACAGTGCGCTATACGTTTAATGAAACCAATGGACAGTTGTTTTTAATAGGACACGTAAAGAATAGCATAGATAAAAGCGAGCTTTTGTACAAAGTAGACACGCTAGCGTTTGTGAAATCCATCGATGACAACGTCATCGATGATGAGGCTGTATGGCAAGAAATGAACATCTTCTTGTCGAAGCGTCCTGAGTTTAAGGGTGTTAGCATGAGCTCTCCAGAACCTGGGAAGTTTGTCATTACGGGATATGTGAAAACTACAGATCAGGCGAGTTGCCTCGTAGATTACCTAAACATTCATTTCAACTATCTTTCTTTGCTTGAGAACAAAGTGGTTGTTGAGTCGCAAATGTTAAAGGTTATTTCAGGGCAACTACTTCAAAACGGCTTTGCGAATATTCATGTGTCTTTTGTTAATGGTGAGGTGATCCTTACAGGCTATGTAAATAATGACTCCGCAGAGAAGTTTCGCACGGTAGTACAAGAGCTTTCCAATATTCCTGGCGTGCGTTTGGTGAAGAACTTTGCAGTGATGCTTCCTGCGGAAGAAGGCATAGTCAATTTAAATCTTCGCTATCCTAATCGTTATCGTGTGACAGGATATTCTAAATATGGAGATATCAGCATCAACGTTGTTGTGAATGGCAGAATTTTAACTCGTGGTGATCTTATCGATGGGATGACAGTAACGAGTATACAACCAAATGCGATTTTTCTAGAGAAGGAAGGGTTGAAATATAAAATAGACTACAATAAATAGATCAAAACTTATTAATTCTTTTGTATTTGGGTAAATAGTTTATGTTTAATATGGAAAATTCTGCAGCTAAAGAGGAAAAACAATCTCCTACGCTGTTTGATTTAGAAAAAGATATGCAAGATTTGGGCAAAGCTCAAGAAATCAAAGCTAGCGTACAGGATAAAGTGCAGAAATTAAATGCTGCATTACGAGAGGGTGCTCATAAGGAGTCTTTTGAAAAGCAGCAAGCCCTGCTCGCGGGATATCTCGCCTTACAGAAAGTTCTTGGGCGGATGAACCGTAAAATGATGTAAACCAAGTAAGGGGGAGATTTTATGACTACTACGGGAAGCAGTTGTTCCGCATTTAACTTTAATGAGATGCTCAACGGCGTATGTAAATACGTTCAAGGAGTACAGCAATATTTAACAGAGCTCGAAACGTCAACGCAAGGAACTGTTGACTTAGGAACTATGTTTAACTTGCAATTTCGCATGCAGATTTTGTCCCAGTATATGGAATCTGTTTCGAACATCTTGACTGCCGTGAATACGGAAATGATCACGATGGCAAGAGCAGTGAAAGGAAGTTAATAATATAAGAGAAAACTTATGGCAGATTTGGAAGTATTTGAAGCAGATTTTGCTTTATTGTTTGAAGCAGGCCTTGTTGCAATTAAACAAGGTGATGAAGATAGCGCAAAAAAGATTTTTCAAAGTTTACATATTCTTCGTCCTGAGCATCATGGATGTGATTTGGGCATGGCGTTAATTTCATTGCATAAGATGGATCTGAT
NZ_CP080401.1_gap10	349363	352404	3041	CTTTCTCCTTTAGGAGAACTCACGGGCGTGAGCCCTGCTTCTGAGGTGGTTCCCACAGGACTTCCCTTACACATCCGTGCTGGAGATGGGCTATTAGGACGTGTGTTAAATGGGCTTGGAGAACCTATAGATACAGAATTTAAAGGTCCTCTAGTGAATGTGGATGAGACCTATCCTATTTTCTGCCCCCCTCCAGATCCTTTACACCGGGAAAAATTACGAACGATCTTATCTACGGGAGTGCGTTGTATTGATGGGATGCTTACTGTAGCGCGGGGACAGCGTATAGGGATTTTCGCAGGTGCGGGTGTAGGAAAATCTTCTCTCTTAGGGATGATCGCAAGAAATGCAGAAGAAGCTGATATCAATGTTATTGCTTTGATCGGTGAGCGGGGACGTGAGGTCCGTGAATTTATCGAGGGGGATCTCGGAGAAGAAGGCATGAAGCGCTCTGTGATTGTCGTGTCTACTTCGGATCAATCTTCGCAATTGCGGTTGAACGCAGCATATGTTGGTACTGCAATAGCAGAATATTTCCGTAATCAGGGAAAAACTGTCGTGTTAATGATGGACTCTGTCACGCGATTTGCCAGAGCTTTACGGGAAGTTGGTTTAGCTGCGGGAGAGCCTCCAGCAAGAGCGGGATATACGCCATCAGTATTTTCCACTTTACCAAGATTGCTTGAGCGTTCAGGAGCGTCTGACAAAGGCACGATTACGGCATTTTATACTGTCCTTGTTGCAGGAGATGATATGAACGAGCCTGTTGCGGACGAGGTAAAATCTATTTTAGATGGACATATTGTTCTTTCCAACGCATTGGCACAGGCATACCACTATCCTGCGATCGATGTGTTGGCTTCCATAAGCCGATTGCTTACGGCGATTGTTCCTGAAGAACAGCGCCGCATCATAGGAAAAGCTCGTGAGGTGTTGGCGAAGTACAAAGCGAATGAGATGTTAATTCGGATTGGGGAATACCGACGTGGTTCGGATCGCGAAGTGGACTTTGCAATAGATCATATTGACAAGCTGAATCGCTTTTTGAAGCAAGATATTCATGAAAAGACCAATTACGAGGAAGCAGCGCAGCAGCTGCGGGCGATTTTCCGTTAAAGAGTAGGGGATTGTGGCAAAATACCCGTTAGAGCCTGTTCTTATTGTTAAAAAGGATCGTGTAGATAGAGCAGAAAAAATTGTTAAGGAGAAGCGGCGTCTTTTAGAGATTGAACAAGAAAAACTGCGAGAAAAAGAAGCCGAAAGGGACAAGGTTAAAAATCATTATATGCAGAAAATCCAACAATTACGAGAATTGCTGGATGAAGGCACAACAAGCGATGCGATTTTACAGATAAAGTCCTATATAAAGATCGTCGCTGTGCAGCTTGCTGAAGAGGAAGAAAAGGTAAATAAGCAGAAGGATGCCGTTCTGGTTGCTGCTAAAGAACTCGAGAAAGCAGAAGTCAACCTCATGAAAAGACGAAAAGAGGAAGAAAAAACGCGTCTGCATAAGGAAGAATGGTTGAAAGAGGCTCTTAAAGAGGAAGCTCGGGCTGAAGAAAAAGAGCAAGATGAGATGGGGCAGTTGCTTCATCAGTTGCGTCAGAAAAAACAACGTGAAACGGGGGGGAGTTAGTGTCATGGAATTGAATAGAACTTCAGAGTACAGTTGCAAAACAGAAAATCATCTACCACAGCGCAGAGAAGATGCCTTAGGACCTCAAGATAGTCGTGAAGTTAAGGTGTTTTCCTTAGAGGGCAGCCAGCAATCATCGCGTCAGGAGAAGAGTGCTTCTTCATCTTCTTCTTCGAAAACGCAAGCACGCGAGGGGCGTAGTGAGGATGGCAAACGCATAGAGGAAAAAAGCTCTGCTGTAGCTTCTAAAGAAGAGGATAGTGCGGCAGAAGAAGAAGAAGCAAAATTCTTCGTCAATGAACAAGTTGCTGCTGGCATTGCTCTTTTTGATCTTCCTAGCGTTGCGGTTCAGGAAGTACAATCCATGTCTTCAACAGTAGCTGTAGCCTCTGTAGATTTAAGCTGGGTAGGAGAGGTGATTTTATCTACAGTAAGTTCTATGACGATCTCTGAGTTGGAAGGACAGCAGATGGTAGAGCTTGTTTTAGAAGCAACACATCAAATTCCTGAAGTTTTTGTAGGTGCAAATTTAACTTTAATGCAATCTGGAGAAGAGCTTTCTGTGAACATTTCGAATTTCCAGGATCCTTCTCAAGCCGTGCAAGCAGCGCAGTTGGTCTCAAATAATGCAGAGCAGCTCTCGAGTTTGGTAAGCGCTTTATATGCTCGTAACTTGCGCTTGGCAGAGTTTGTCGTAGGATCTCAAGTGGTGCAGTTGCCTCGACAAGAGGAAATTCAGACCCCATTGCATATGATTGCTTCTGCAATTCGTTATAATGAGGATAAGGAGCAAGAGCGTGAGGGACAAAATCAACAGCAACAAGAGCAACAGGAATCTCCTTATAAAATAGAAGAAGCGCGATTGTAAGAGGAACCCTTTATGGCAGTGGCTGCGGAACCCAGCGCAAGCTGGATAAAACATCGCAATGACTTTCTTTGTTCTTTAGAGCGTCCAGAAGAGCGCATTGTAATTCCTAGATTTCCCAAGGAAGCGTGTCAGCAAAAACTCAAAGAAAAATTTCATTTGGAAGATGTCGAGATTACCATAAATTACCGAGGTCCTTTAGCTGCGGCTCAGGCGGCCTCGGAATATGGTGCACGTGTGTTTATCCAGCCTATGTTGGTGCAACCCTGGGAACATGGAGAGATGTTTTTTTTGACATCAGAAGAAGAGCTCCAAAGGCTTATGGTTGCGGTGTTTAATGACTCCAGCTTGGCATCATATTTTTATGAAAAAGATCGGCTTTTAGGATTCCATTATTATTTTTCTGCAGAGGTATGTAAGCTATTTGAGGAGTTGGGATGGGTTCCTTCTCTTGCGGCAAAGCTCACAGGAGAAGCGAGCTTTTCCGCAAGGGAAATCCAAGGCACGGTCCAGGTTATAGAGATTTCTTGCTATTTAGAT
NZ_CP080401.1_gap11	518593	521027	2434	TGCAGGAGGTACAGTGGTTTTCGGTGTCTGCGCTGTCGTTGCCGGTGTAGCTGCGGGAGTCCCCGTAGTTGTTGTAGTCGTAGGAGAAGTTTCTGTAGATGGCTGCGTGGTTGATTCTACAGGAGCAGGGACAGAAGCAGAATTCGAGGAGAAGGTAATGGAGTTAATAATGTTTGTAATAGTAAGGGAAGAAGCAAAGATTGCCCCTCCAGATTGCTGAGAGAGGTTGTTGTTAAACGCTACTGAATTAAGGCCATCGATTAATACAGGACCCAAGGAATAGATCGCAGCGCCTTGTCCGGTCATCTTAATTTCTGTACAGGTCAAAGAGCCAGGATTCCCTGCATTTGTAATAAACGTAATAGGAGCGTTTTCTTGGCTATTGTGAAACGCCCCACCACCCTTAATCTCTGAGGTTGATGGAGTTCCTGAAGAGGGTGTTGTATTTGCATCTGTTTTAGGGATATTCGTGAATTCTGAGAAGGTGACGTTTCCTAATACCGAGTATGTTGTTCCGTTAGAGTCCTCATTTTTCTGGGTGAAGTTGCTATCAGAGCTGTATCCTTTCCCGTTGTAGTTTTTTGTAAGATCGACAGAATTAGGCTCACCAAATGCTGTTATTGAAGGAATTGCGGCAGCAAAAATGGCTGTAGCAGATAACCATTTCATAGGGAAAAAACCTTAGGATGTAATCACAGACTCGATACGCCTTAGATAAATCAGAACAGCAAATTAGGCAAGGGATAAAAAGCTAGGGGGAAAATGAGTTAGGGAAGAAAAAGCTGGGTTATACAAACCCAGCTAAAAATAGAGAAACTTGAATTGTTTCCTTTTAAAATCCTAAGGTTAAGCCGATGTGGGCATCTCCTGAAATATTTCCATTTTCACGTTGCGTACTTGTAATTCCTATATATGTTGAGATTGCCTTGTGTTTGACTACCGTGTGAATTTTCATGGTCATGGCCTCCTTTCCTATGGCAACTTCTGGGATGTCCCACCCGTATTGATTTAAGATTAACGTCGCCTTAGAACTAGGGTTATTTCTGTAGAGATCTTTGATGTAGGCAAGGCTTGCTTGGATTAAAGCTGAGGTTTTCTTTCCTAGGAAGCGCAGTTCTAAAGCGAAACCTGCAGGCAAGGAAAGCGTATAGAGCTCCGAAGAGGCAAAGTATCTAGGGTCATAACCAGTTTCTATAAAAGGGGTTTGCTTTAAGAAGGTCGATTCCAAATGTGCAAATGGGGTGATTTTCACATAACGAACTCCTCTAGGGTAAGCGTATGCTATTCCTAAAGAGCCTACCCAACCTTGGTTTCTCCAGGAGCCTTGGGAGAGCTTAAGAAGAGAAGGGGTTTTCATAAATTGGGAGTCTTCAGCGTAGCTAAAAGAAGAGCTTAGAGAGAGTGCTTCCCAGCTTTTCACAAACGCCACCATCCCCATAAGCATTTTGGAGGAGCTCTTATCCTGAGAGTTTTTTAAGGAGGTTTGTCCATATAGCTGGGAAAACTCCCCACAGAACATAGTATTTGGAGAATAGGGCAGCCTAAAGCCTAAACTATGTCCTCCATACTTTATGGAAAATCCTTGTAGGGAGCTGGAGGAATCCTGCTCCATAATGCTGGATATAGGGCTAGCAAAGATCGAAAGATATTTGATCGGAAGGACCGAGCTATTATTATGGTAGGAATCAAGAAGGGCATTTCTTGCTGCATGTAGTCCAGAAAATGTAGACCACAATGTTGTGGGAACTAAGATCCCTTTCCTTTGGGGATCGAGGATGTACTCTCCTGTAGGAATCCATGATGCCATTAGGGTTTTTTGTTTTTTCGTATCTTTTTCAGACCAGGAGAACTTCCAGCAGCCTTGATAGCCGTATCCTGAGTATTCGCGATCTGAAAAATTCAGAGGCTGAGAGGTTTTCGGAGCGAGGCTGTGTAGTGGCGGTAGAGGAGCATCCAGTAGGGTGATTTCTTTTCCTGAGCTTATTATGATGGAGAGGGTGTATTGAGAAGAGGCTTTCTCATGATTCTCGTAAAAGAGCCCATGGGGATCATAAATCTCTGGGTTTCCTGAGAGTAGAATCTTTGCATCCCCTGTAGTGCGGATTTTCGCAGGGAGTGTAGAAGAGGTATTTTCCAGGTTAAACCCTAGCCGGGAGATTTGGAGAAACCCTGGTTGATCAGAGCTTTTTGTAGAGAGCAAAGTCCCTGGCCCTAAAGCGAGAACACCTCCATATTGTGAGAAGTTCATTACGATAAGAGTTGCTTCTCCTTCCAACGATAATGTTCCATCATAGAGTCCCAAAGGCTGGTTCAGGATAGAGGTTTTATTGGCATTATTTTTCTTTTCTTCCTCACTGAGGTTCGCCCCAGAGAAAACGATGCTTCCAGTATAGGTGGTCGTATCTTTAGGCTTATTGAACACAAGAGATTTTGT
NZ_CP080401.1_gap12	583337	584443	1106	GTGTGGGGAGAGACAGATTCTTTTCTCTTTCATCAGGGGACGCATTATCGCATCTATGAGAAGATGGGCGCGATTCCTTTAGAGGTTGCTGGGGTTTCTGGGGTGCTGTTTGTTGTTTGGGCTCCCCATGCCCAGAGGGTCTCGGTTGTTGGGGACTTTAACTTTTGGCATGGTTTAGTCAATCCCCTTAGGAAGCTTTCGAAAGGGATTTGGGAGTTGTTTATCCCTGGTCTGGATGTGGGAGCATGTTATAAGTGGGAGATCGTTACAGCATCTGGAGAGATCCTTATCAAAACAGACCCTTATGGGAAGGCTTTTGGAACCCCTCCCCAGGGGGTGGCTATTGTTGCTGATCCCGATCGCCATGTCTGGAGGGATCAGAAATGGATGCTTGAGAGGGAGAAGGTCCAGGAGCGTCCTATGATGATTTATGAGATGCATGTAGGATCTTGGCAGTGGCACAAGGACGAACATCGACCTTTGGGGTATCGTGAGCTTGCCCCGAAGCTTGTGGAATACTGTAAGCTTATGAATTTCACTTTCGTGGAGCTTTTGCCTATAACGGAACATCCCTTAAATGAATCTTGGGGTTATCAAGTTACGGGATTTTATGCCCCTACACAGCGCTATGGCTCTCTCGAGGACTTTCAGTATTTTGTAGATTATTTACATAATGCGAATATTGGTGTTATCTTAGATTGGGTTCCTGGACACTTTCCTACAGATTCTTTTGCGCTCTCTTCCTTTGATGGAGAGCCTTTGTATGAATGTGTTCGTAATCCCTCTCCTCTTCATCCCCATTGGAATACGTATACCTTTGATTTCTTTTCTAAGGAGGTTGAGAACTTCCTCCTAGGAAGTGCGCTCTTTTGGTGTGACAAGATGCATATCGATGGCCTGCGTGTAGATGCTGTCGCTTCGATGTTGTATTTAGACTATGGTCGTAAAGAAGGAGAGTGGCTTCCCAATGTTTTTGGGGGGAAGGAGAACCTTGAGGTTATAGAGTTCTTTAAACACTTTAATGCAATACTTCACGAGTATTTCCCTGGGGTGCTTACGTTTGCAGAGGAGTCTACAGCATTTCCTAATGTGACTGCACCTGTATG
NZ_CP080401.1_gap13	698256	701396	3140	TTATCTTTTTTCTAGACTTTGCTTTTTTTAATAAAGAAAGTGTTTCTTCTTTTAGTATAGGTGCTTGCTCTGTTTCTTCTTGGTAAAAAGAGGAGACCTTCTTGGGTTGGGAGATATCTATCCCTGTAAGACCCATAAATGCCATCGCCATGAGTCCTGTAGTGATGAAAGAAATTCCCATTCCCTTTAGGTTTTGGGGAATATTGGAATAGGCAAGCTTTTCTTTTATCGTGGCAAGAAGGACGATCGCTAACCACCATCCGCACCCTGATCCTAAAGAAAAAATCACCATGGGAATAAATGGGTAGTTTCTAGTGATGCCAAAGAGGACACCTCCAAGAATGGCACAGTTCACAGCAATCAGGGGAAGAAAGATCCCCAAGGAAAGATAGAGTTCTCTAGAGACTTTTTCTAGGAAGAGCTCTAGGATCTGTGTAAACGCTGCGATGACGACAATGAAAATAATTAACTCTAGGAAGCTCAGATTTATAGAGGCAAGGGAGGGAGAGATCCAGACTAAAGCTTTGGGTTTTGTAAGAAATTGGTGGATAAACCAGTTTAAACTTCCTGTTATGGTAAGAACAAGAGCTACGGACATTCCCAGGCTATTTGCTGTAGAGACCTTAGAAGAACAGGCTAAGTAGCTGCACATCCCAAGGAAGTTTGAAAGAAGGATATTTTGAATAAACGTTGCTTGAAGGAAAATTCCAAAGATGTTTAGCCAAGTATACTCACCTAACCACATGGGCTTACCTTTTTGTTTTCTTCGAGTCCAAAATGTTTACAATCCAGATCATGATCCCTAGGATAAAAAATGCTGATGGAGCTAAGACCATAAGGCTTAGGTTTTGATAGCCGTCAGGATGAGCACTAGATCCATAGAAAGCTAGGGGAATCATCCGGTAGCCTAGGAGCGTTCCTGAGCCGAAAAGTTCTCTGATAATGCTGATAAAGACCAAAACCCAACCATATCCTAGCCCTGCGGAAAAACCGTCTAGGAATGCAGGGATCGGTGGGGAGTGTTTTGCGAAACTTTCTGCTCTTCCCATGACAATGCAGTTTGTAATGATTAACCCCACAAATACAGACAGCGTTTTGGAGATAGTAAAAAGAAAGGCTTTGAGAAACTGGTCAATCACAATCACAAATAAGCTGATAATGATGAGCTGGGTGATCATTCTTACGCTATCTGGAGTAACCTTACGTAGGAGTGAAACAAAAAAGGAAGAGCTTCCTGTAACGATGCTTACAGCAAGGCCCATAGTTATTGCTGTATTTACTGTTGTAGTGACAGCTAGAGCAGAGCAAATCCCCAAAATAGAAGTGAGGATTTGGTTATTGCGCCAAAGAGGATCGAGGAAATAACTTTTATAAGACCTTTGTAGTGTCATTTTTTACCTGAGGCCTTGAGGGTTGCAAAATAGCTTAAGAGTGCACGATAGGGAGCAAGGGATTGTGTGTATGCATCGCTAACACCATTACACGTTAAGGTTGCTCCTGAAATCCCATCAATTGCAGAGAAAGCTTTTGGGGAATTCCCAAACTCTGCTTGCACGGAACCCTTAATTACATTGAGACCTAAGGGTGCCTGGGAGTAATCTATTGTTCCTGAGCTGGTACTTAGAAATACCTTCTTGCCATAGAATTGCTTTTGCCATTCAGGATTGGCAATGTTCGCCCCTAAACCAGGAGTTTCTTCCTGATCATACCAGGTGGTTCCTAATACAGTATTCCCATCATTAGCAATGCCGAGATAGCCATCTATGGGACCCCACAGGCCATATCCTGAAATAGGAAGAACAAGAGATTGAATATGCTCCGGGGAGGAGCTTAGCTGTGAGTTTGTCATCGAACGTGCTTCTTCACTGTTTTTTAAAATAGCAAAAAATAACAGATAGGGAAGGTTGTACGCAGGGGTATCTTGAAGTTGCTCTAGAAACTCCTGAAGATCTATATGGGCATCTTCAAAAGAGAAAATCTCTCCTTTTCGGTTTGTCAATAAGGGACGAACGAAGTCTTGAACATAGGATTCTATTGTAGTGCTGGATGCTGCGGAAGGTTTTTCAGAGGTAAGCTTGAGAAGATGAGAGCTGTTATCGTAGATGGCAGGTTGCCATGATCCCTTGTTATAGAGCTGAAAACTTCCATCGCAATTTAAAACATGCGCAGCCATAAGTAACTGCTTATTACGATCGAAGATTTTGGCTTTTTCCTGAATGGGGGAAAGCACAGTATACACAAGAGATAATACAAAACTTGCAAATAGGCTGAGCCCCAAGATGAAGGTAATAATGTACCACGTCTGATTTTTGCGTTTTTGTGTGGATTTTGAGGATTCTGAGGGAGCCACTGCCTAAACCCTCCTTTTTCGAAACTTCCTAAGGGTGAGATGGTCTAGGAAAGGAGCAAAGACATTTCCTAGAAGGATCGCAAGCATCATTCCTTCAGGATAAGCCGGATTGATCAGGCGAATCACAATCGTCATAAAGCCTATAAATAATCCATAAATCCATTTGCTTAGCTTCATTGTTGGGGAGGTTACAGGATCTGTCGCCATGAAAATCATTCCAAAAGCCAAGCCTCCTAAACACAAATGTTTATATGCTGGGATGAAGAACCTTGCAGGAGCCCAAGCGCCATGATTGCCGACAATCAGGATACTAATCACCTTGAATACCCAAGCTGTAATGAACGCTCCTAGACCGATACCAACCATAGTTCTCCATGAGGCAATTCCTGTAACTATGAGAAAGAGCGCTCCCAAAAGACAGGCAAAGGTAGAAGTTTCTCCAAGAGAACCTAAGATATTTCCCCAAAAGAGATTTGCTGTAGAAAACTTCCCAATGCCATAGATCACATCGGAGATGGCATATGCCGAATCAAATTGTGTGGGGAGCAATCCTAAGCCTCCTTCATGAAGAGGACTTGTAACAAATTCCTGAAGTTGAGGGAGAGTAAGATTAGATAAAACTTTTCCTGGGTGAGTCTCTGCCCATAGGGAAAACTGTGCATTAAGGGCATCTTGACAGGCAATATCGGGGATATGCAAGATGTTCGTAGCAATGGCGTCAGCGTGAATCCTCTTCACGTCAGGAAGTGTGGAATTCAGGGTTTGCAAACATGTCGATTGGGAAAAGCCA
NZ_CP080401.1_gap14	702397	704330	1933	AAAGATCCATATGCATTGCATCTTTCCTATGATAGCCGTAGCCTTATCCTTATATAAAAACGTCTGCTGGGGAAAGGCTCTGGCTAGAGAAGTGTTTGCAGTACACATTCGAAAGCAATGGGAGATCTTAGGCCTTGTCCCGGAGGGGCTTCTTTATACAGCTCCTGAGTTGAAAGAGTTAGCTCAGGCATTATGCATAAAGAACCTAAGATATCGTGCTCTTTGGAGAAAAAAACGCCTATGGGAGAGCTGCTCAAAGGAAAGAAGCCTTCATCTTCTCTCTCCATTTCCTTTAACATGGAGACAGCGTGCATGGTTAGAAAATAACGCTCCTGGGCCAGTATGGATTACAAGTGTATTTCTTCCTGAGGAGCAGCTTTAGCCCCTGAGATTGCAAGATAACCAAGAATACGCACGCCCTCATCTACACATAATGTAGTAGCTTGGATGTCTCCCTTTACGACTGCTTCTCCTCGAAGTTCTACCTTTCCTGCTACGGTGATATTTCCTTCTACTACCCCTTCGATAATGGCTTCTTGAAGTTGAATATCTGCTTTTACCACACCCTTAGGGCCGACAATGATTTTTCCTTGAGATACCAAGATCCCTTCAAACGTTCCATCAATACGTAACAGCCGATCGAAAGCAAGCTCTCCCTTAAAGGTTACGCCTTCGCCTAACGTTGTTTCAGGTTCTTCAGGAAGAAGAGGGTCAACATCTGCGGCTCCTTGTGGTGTCCAGGAAGTTTGAGGTGAGAGAGTTTCTTGCTGCTGTCCATTATGCATTAAAGGGCGAGTTTCTGCAGTTTTTGGCGTATCAAACAGGCTTGGGGGAGTATCTAGTCGTTCAGATCGAGAATATGTTGGGTAGCTTGACCTTAGTGAACTTTCATCTTCGTATAAGGTCTGCACATCTTCAAAAGGACTTTTGTTTGTTCTGCGAAACATAGAGTCTCCTTTAAGTTAGCCAACAATATGGTTTTTACAGAGATTTACTTGGTGTTTTAATGTGTCATCTTCCTGCAATTTGTGCTCTATCGTTTTGCATGCATAGAGGATAGTAGAGTGAGTTTTTCCAAATGCTGCTCCGATAGCTACTAAAGAATCCGTGATTAAGGTTTTGGCAAGATACATGGCAACTTGACGTGCTAAGACTAATTCCTTCGCTCGAGAATTCTCTTTGAGATCTTGAATTTTCACCTGAAATACCGTAGCCACACTTTTCAAAATGCTCTCTACGGAAACTTTTTGTTTCGTTGGAGAGCGAAAGAGTTCTTTCAGTGTATCATGAACAGTGTTTTCTGTAATTCCCTTGCCAAAAAGGCGACAATAGGCTGTAAGCTTATTGATAGCTCCTTCTAACTGACGCACATTTCCATAAATATGATCGGCAATGTAAAACGCCACCTCATTAGGAATCACCAGGCCTTTTTGTTCAGCTTTGTGCTGTAAGATCGCTACGCGAGTTTCTAAATCTGGAATGCCAACATGTGCCACTAGCCCCCATTCCATACGAGCAATAATGCGCTCAGAAAGCTTAAGTTGCCCTGGAGGTTTGTCACTAGTGATCACGATTTGTTTGCTAAAGTTAATGAGAGTTTCGAAGGTATTGCAAAACTCCTCTTCAAAATTCTGGCGGTTTTGTAAGAACTGAATATCATCGACAAGTAGAAGATCTAAAGAACGATAAAAATTTTTCATTTTATCAATAGATTTCGATTTTAAATGATATACAAGATCATTGATAAACGCTTCCGTTGTGATACAATGGATCTTTAAATTTTTATGGTGCTCACGTACATAATGCCCTATAGCATGGAGAAGATGGGTTTTCCCCAACCCTACACCTCCATGGATAAACAGCGGATTATAAGAACGTCCGGGTTTCCCCGCGATCCCTACAGCTGCAGACTTAACAAATTGGTTGGAGGAGC
NZ_CP080401.1_gap15	719755	720919	1164	TTATGGGGATTTAGATTAGAAAAACTCAAAGGGAAAAGGACTGAGGAAGCATTCATGGAGAAGTTATTAGTCACAGATATTGATGGAACCATTACAGATCAAGCCTACAGATTGGATTCCGAGGTGATTGATGCTTTAGTTTCTTTGAACCGCTCTGGCTGGGACTTATTTTTTCTTACAGGAAGGTATTTTTCTTATGCCCAGAAGTTATTTCAAAACTTTCCTGTCCCCTATCTTCTAGGATGTCAAAATGGTGCCTCTGTATGGTCCTCAACATCCCTGTCATGGATATACTCTCAGAATCTCAGTCGTGAGGTGCTTGCTTCCCTTCAGGAAGCTTTAGGAGGGTTTCCAGTAGTTATGTCTATAGAGTCTGGAGCTCAGCATCAAGATTACTGCTATCGGTTTTCTCCTACTTCGGAATCGCAGTGTTTGCATGAGCTTTTAGATCCGATCTATTTCCCAACAGCTCAGGAGCGCACAAAGCTTGTACACGTAAAAGACTTAAGCACTGACTATGGGTTCCCCTCATTTGCTGCGGCAAAAATTTTTGGAGAAGAAAATGTTGTTCGAGATATCTATAAATCCCTTTCTAGAAATCAAGGACTCCTTGCTTTGGTGAACCTAGTCCTTATACGATGGCCCTTTGACCCAAAGTACAGTATTGTCTTTATCACGGAGAAGCATGTTTCCAAAGGCCACACTTTAGATCGGGTAATAGAGCGTCTTTATGGAGGGAAAAAACCCTTCATTATGGCATCAGGAGATGACAATAATGATACCGATCTAATTTTAAGGGGAGATTATAGGATTGTCATGAACTCTGCGCCCCAAGAACTGCATGGGATCGCAGATTTCCTTGCGCCCCCAGCAGAAGAAAAGGGCATTCTTCCAGCTTGGGAGGCGGGAGACCACTATTTTAACGCGATTGCTAAGGTTTAGGGAGCATTTCTGGTCCGATTCCCATGACATTAGCGCCGTGATCTACGTATAGAGTTTCTCCTGTAATGGCACTAGCAAGAGGAGAAGCAAGAAATGCTGCTACAGCTCCGACTTGTTCTGCAGTCATGGCTTCTGGGAGAGGAGCCCACTCTAAGTAATAGGAGACCATATTTTCGATAAAGCCAATGGCCTTCCCAGCCCTGCTAGCAAGAGGCCCTGCGG
NZ_CP080401.1_gap16	776149	778297	2148	TTATTAGCAGCAAAAGCTGTCGGCATGGATGTCGAAGCTTTTAGTATCGGTTTTGGTCCTGCTTTATTTAAAAAAGTGGTTGGCGGGATTGAGTACCGTGTAGGCACAATTCCTTTTGGAGGCTATGTCCGTATTAAGGGGATGGAGCGTAAGGGGAAAGATGCCCAAGGTCAGGCTGTATCTGTGTATGATATTCCTCGAGGTTTTTTTTCCCGAGCACCCTGGAAAAGAATTATAGTTCTTATTGCGGGTCCATTAGCGAATATCTTATTAGCAGCAGTGGCTTTTGGAGCATTATATCTTTCAGGAGGAAGAAGTAAGAATTTTGGGGAGTGTACTAAGCTTGTTGGTTGGGCGCACCCTATTTTACAAGATAAGGGATTGCAAGTCGGAGATCAAATCTCCCTGTGCAATGGAAAACCTTATATGGGCGATAAAGAGATCGTTGCTGAGGCTCTTCTTGAAGGAAAGTTAGCTTTGGATGTATTTCGCCCTAGTTATTTATTTGCTCCTGAAGAACACCTTTCTTTGGAGGCGGAGTTTGATCCTAGTAGGGAAGGGGTGCCTTGTATTGGAGCAAGCTACCTTTTATTCCGGGGAAATGCTCCGATGTCTGAGCGCTCTCCCTTGAGCCATGCGGGTTTAAAAGAAGGAGACCGCTTGGTTTGGATGGATGGGGAGCTATTATTTTCTTCTGTTCAAGTATCACAGCTTCTTAATGAAGCATATGCTTTTATTAAGGTCTCTCGAGAGGGGAAAGAACTCTTTATTCGCCAGCCTCGAGTATTGGCGAGTACGTTATATTTCGTTCCTTATGTGCGCAATGAGTTTATGGATACGCAATATGAAGCTGGCTTAAAAGGAAAATGGACGTCTTTGTATACGCTTCCTTATATAATTAATAGTTATGGCTATGTAGAAGGAGAACTCTCTCCTATAGATCCAGAATCTCCATTACCTCAGCTTAAGGAAAAACTTCACTTGGGAGATCAGATTTTAGCTGTTGATGGCACGCCTGTTTCTAGTAGTGCGGATATTTTAAGGTTAGTACAGACACATAGAGTGTCTCTAGTTATTCAGCATTTAGATCCTCAAGAGCTTACTGAAGAGCCAGCGTCTTTAGCTGATGCGCGCTTCATTTCATCTTTTCCCCCTGAAGATCTGTTAAAGATTACTCAAAGTATTGGTAGATCTTCTCCGATTCGTTCTTTGGGACAATATCGTTTGTTAGATCCAATTCAGCCACAATCTTGGGTGTATGTTTATTCTGAAGAGAGTTTAAATCGGCAAAGGGAATTAGCTAAGAGGGTCAAAAATCGAGAAAAGCAACGTTATTATCTTGAGCGCCTTGAAATTGAAAAGGAAAAGTTATCGTTAGGAGTTCCCCTTAAGGACTTGACGGTTAAGTACAACCCTACTCCTAGTGTTTTGATTGCCAAAACAGTAAAGGATAGTTTTGCTACGTTGAAAGCTTTAGTTTGCGGTCGTTTAAGCCCACAATGGCTATCAGGTCCTGTTGGTATTGTTCAGGTTCTCCATTCTGGTTGGTCTGTAGGCTTTTCAGAAGTCTTATTTTGGATAGGACTGATCAGCATGAACTTAGCAGTATTAAACCTTTTACCTGTGCCAGCATTAGATGGCGGCTATATTCTTCTGAGTCTTTGGGAAATGGTTACTCGTAAGCGTTTAAATATGGGAATTGTAGAGAAGATCGTTGTTCCTTTTATGATTCTCTTGATTCTTTTGTTTATCTTCTTGACTTTACAGGATTTACTTCGCTTTATTGGTTAAAAGACCATTTCTTGGGAAACCCATATAGGTGGTAGGGGCGTGATCCTAAGCAGTGAATGATATAGATATCTTTTTTTTGATTTTGTAATCGGGATTCCTTTTGTTTTTCCTGTAGTACAGTCTGTTCTAAGGTTTCAGGAACTTGATTGATTGTTAGTGTTTGGTTCCCGTGCTTTAGAAACTCCTTAGTTAAATATAGAGACTTACGATCTGTAATGATGTAGGTGTGGTTTGTATTGATAACGTAGGATTTATGTGGGGTATCTAGGTGAGTCTCTATAGTGCAGACCTTTCCGTCATTTTCAAGAGGCATACGAAAAGGAATAAAGCGGCTAGGGCGATTCCCACTTAGGATTA
NZ_CP080401.1_gap17	782536	787512	4976	CTATTAATTTTTGAGATTTCTGAGTCGGGATTCCAATTGTTATAGGTCGTATCAATAGTGTGAAAGACTGCAAGAATTTGTTTGTGCAGTTGGGTTTTTTCTTTAGAGGAGAGGCTTTTGGCCAATACAATCCGATAAGGAATCGTCATTTGGATTCCTTCTAGTGTTGTGGTCTTCGTAGAGCAAGAAGGACATAAGACCAAAAGAATTCCTAAGAAGAGGATTTTTGATATCCTTGCCAAGTATTCCTCATAAGCATTGCTACTGTCATGGGCCCTACTCCTCCAGGGACAGGAGTAATTGCTGCGCATTTTGTGACAACATTGTTAAAATCTACATCTCCTAAAAGGGTATAGCTTTTCTTGTCAGTTGTGGGGATTCTTGTAGTTCCGACATCTATAACGACAGCGTGTGAAGATACCATGGTATCTTTGATAAACAGAGGTACCCCTAATGCAGCAACAATCACATCAGCTTTCTTAAGGATTTCTTGAAGATTCTGAGAATGGCTATGTAAAATAGTAACTGTAGCATTTGCTAGGGGATGTTTTTGCATAATGAGTGCTGCTAGAGGTTTCCCAACAATATTGCTTCTACCGACAATTGCGACGTGCTTCCCGGATAGAGAAATGTCATAAAAGTTAAGAAGTTCAAGAATTCCTGCAGGAGTGCAGGGGACAAATCCATCTGTTATGCCAAGGAGGAGCTTTCCTATATTTATAGGATGCAAGCCGTCGACGTCTTTTTCTGGAGAAATTGCTTGTGTAATGACTGTGCTATCTAGGTGTTTAGGAAGAGGAAGTTGAACCAAAATTCCATGGATAGTTGGATCTTGGTTAAGGCGATCTATTAATTTTAAAACAGAGGAAAGAGTAGAGTCTGAAGGGAGATGATGTGCTTTAGAAATCATGCCTAGTTCTAAAGCTTTTCTTACTTTCATTCCTACATAGACCTCTGAAGCAGGATCGTTGCCAATAAGAATCACTGCTAGTCCTGGTTTTGAAGCAGACTCTGAAATTTCTTTTTTTAATTGAGAGAGAATTTTTTCTGCTGTAGGTAAACCTTTTAATAGCATGATAAACCTCTAAGTTTTTTTATTTTGCAACTTCCCAAAGAGATTAGAAAAGGTAGCAAGTATATTAGTGTGCTGTAAGGAAAATCAATAAGAATAGCGTGCCTTATATCGAGAAGAATTAAAGAGGCATCCCAACAGTATCTATGAGTAAAGATTGCCAGGGAAGGGTAGGCGAGAGAAGAAAATACAAAGGAAAATATCGCACTTACTAGAGGTAAGGAAAAGAATTTATCTTTAAGGAAAAACCGCTTAAGCCCATAGGTACATGCTGCTGAGCTTACATAGAGTAATGTATGAATCCCAAATATATATGAGGAGCTAATATCACAAAATAGTCCTACAAAGAATGCCCATATAAGTACTTGCTTCTTAGAAATTCCCCAAAACAGTCTTACAATATAGGGAGTAAAAAATAGAGGAAGAAATTCTGGAAGATATTGAGGGAGAAAGAGAAAGCTTAAAAAACACAACAATAAGATCAGGAGAGCTGGGGGAGGAAACATCTTCGAAATCCTTAGCTTAAAGCCGAAAGCAATCTTCTGAGATTATAAACCTTTTACTTGTTTTCGGATTTATTCTTAAGAAGATTCCGAAGGGATTCCTTTATCTAGCTTCCACAGTGTAAATGATTTCAGGTGTTTTTATTTTTTTAATCTTTGTTTTTGTTTTTATCGTAAAATGGTTTGGGGTTATTATTAAAATAGTTAATTTTATAAATTAATAATTTCTAGTTTTTCATGAGCTTAACTAAATCAAAGAGAAAGAGAAACGGGAAAGCTTTGGCAAAAGTGATCCAGAAGAAATCAGTAGAGGTCTTAAAGAAAAACGTAGAAAAGAAAAAAGCGAAAAAGGGTAAGTTCCTCATTTCTAAGGAAGAGAAGATATTGAGAATGCGAGCTAAAGAGTATGATGAACTTGTACATTCTCTCTTAGAGGATCAGATTCACGATACAGGAAAGATCCTGATTTTTAATTACCAAGATGGTTTTGCCTCTGTCGATAAAAATAATTTTGGCAAGTATTCAATACGTTTATAAGCTCAAAAAGAAATGGTTTTAATAAAAAAACAAGCAGAGCGGGACCTATCCCGACAATGGGGTTTTTCGAGGTGGCCTGGGTGAATTTTGAGAGTTAGGTGCTGCTTTCATATGGAGATCTCTACAATCTTCTTATGAAAGCAGCCGGACCCTTGAGGTCCTCCTAGCTTAAAGCTGTGCACATTTCTTGCACCTCCCCGCCTCCTCTTTTCTCCTATTTCTGGTTTTTTTACGCAGAGAGTTTGTCTCTCTGCGTTTTTTTTTTTTTTTTTAATTTGCGTTTTGGGTTTTTATTTTTCTTTTGTCTTAAGTCGTTTTTTTTGAATTAATTATTTTTTGTTTTTAAAATTAAATAAAAAGTTAAGTGTTTTTCTTTTTATTTTTTGGAGAACTTTATGTCTGTTTCTGGAAGTGGCAATGTCTCTCCAGGATCTGGGAACATAGATCCTTCGCTTTTTAGAAGAACTACGGGAGAATCTTCAGTGGGGAGAAAATCTTCCCTTACGTCGGAGTCTACTTCTACGGCTGCAGAAAAACAGGAAGGTCTTGTCCAATCAGGAGTCGCGGCTTCTTATGGAACAGAGACTAATATCAATGAGGCGAAGTACCGTGAGACGCAGAGGAAGTCTTCCTCATCTCCTAAGTCTCGTTTAAAGGGCCCATTTTCTAGAGTTAAAGCAGGGGTGCAGGGCTTTTTAAAAGGATTTGGTTCTCGGGCTTCTCGTGTCTCTGCGCGTAATGCTGAAGCTCGTGGAGAGGGAGTTTCTATGATCCCTACGGAAATTTCTATGATGCCTAAGAAAAACCGAGTTTCTCCAGAGATGCAGAGGTTTTATTTGGATGCCGTGAGTATGGGAGGGAGCTCTTCAGATGTGTCCATGTTATCTTTTGATAGCTTAAAATCTTCAGATTTGAGGACTCCTTTGCTTTTAGAAGGCAATCTTAGTGCATCGGAGGTTTCCTCTACAGCTTCTTTTGGTTCCTTTCAGAAAGCTGCTTCTTTTGAAGAATCTTCGAATTTGTGTTCTGTTGCGCGTTTAGGGGGAGAGGCAATAAGTACACTTCTGGATCCTAATATAGAGACTTCCTCCCTTGTGCGTAGGGCAGCTCTAACCACAAATGAAGGGATGATCGACCTTGCAGATTTAGAAAATGCTTTAGCGAGTACTTCTATGGAGACCTTAGCAACTCCGCTGTCTTCTAAAGGGGATTTCTCTGCACAATCTGTAGATACGGATGTGGTTGAAAATAAGCCTGGGATGGACATGGGAGTATCTTCTTCTGGAGTGATTGAGGATAACGCTAAGGCTCAAGAAAAAAAAGAGAGCCAAAAGCAGCTTCAAGAGGATCAGGAGATGCTCGCCAGAGCTATGGCGGGTTTATTGATGAAGTCGCAATATGGAGACGTTTATGTTCCAGAAACAAGTTCTTCATGGTCGAGTCCCTCTACAAGATTTCCTCCACCGAAGATTTCTGGGACTATTGCGCACCCTTCATCAAGTAAAGCAAAGAAAACCTCATTTTTTGGAAATTTAGAATCTCATAGAACATTTTCTTCATCAGGAGGCTCTCAGAAGGCATCTATGGATATACCTTTTACCCCTTCGCAATCTTCTGAAGGAGGATACCGCTTTCCCATAGCTAGGGATTCTTCTTGGTTTCCTGAAGACTCAGAACCTTCTTCTACAGAATTTCATTTACCAGAAAGCAGCAGCAAGAACTTAACCTCGATCCCTCGTGAGGGTATTCCTAGAGCTGTGGAGAGTGGAATCGGAGGTGCTTTAGGTAATGATGCTGTGAGCTCTTCGTATCAATTTGATTCTTTTAGTGGGTTTTCTGCGCTAGCTCCTTTGCCTAGAAGTACGCAGGAATATAAGCATCTTTTAGAGCATTATAAAGGACCTGGAGGTCCTCCAGATCCTTTGATTTATCAGTACAGAAACGTCGCTGTAGAGCCTCCAATTATCTTGCGTCCTCCTCAGCCATATGGGGGATCTGCATCACGATTTGTGGTTCAAGGGAAACCTGAAGCTTCTAGCGTTCATGATGATGGGGGGAGTGCTTCAGATCAAGGGAAAAGAGACGAGGATTTCTTCATAGAGATGTTTTCTGAAGAGGAGGAAAGTGGCAAGACCTCTACGGATATTGGGAGTTAATGAACGCTATGAAAATACTTTGTTTTGATCCTTATGGATCTTTTCCTTGTCAGGGTACAGGAAAAGATCCGCATCAAGAGAATAGCTATTTTCCCTTATCTATGAAAATCTCTGCGGAGATCGCCAAGAACGAGGCAATACGCATGGCGCTTCTCGCTATTGGAGAACAGGAGAAGGAAAATAAAAAAAATCGCCATCGATTTAAATTGTTAAATCAAAAGCAAGTAAAGGTGTTTCTTTCTCAGCTTCGCAATGTGCAGTTAGATTTCCGTAAATTGCGTGGAGATAAAGACCATCATAAAAAAGATAAAGATAGGGACCCTCGCAAAAGAAAAGAGGAAGATTCTAAGCATTGTTCTAAAGTGAAGATTACAGGAAAGAAAAAAATTCACCTGGGAACAGCAGCCTCCCAAGCCATTGCTGCAGCTGCAGAAGCTTGGGTGATTGCTAGAAACAAAGGTGTCTTAGAAATGACTTTTTCTCTCTTCCAGAAAAAAGATGATGAATAGAGAGCAGTTTTATGCTGCTTTTTTTTCTTCGTTTTGATGGAGATCTTTTCCTGTTTGAGGATACCTTTGAGAAGATTTCAGTAAATCTCCCCAAATTTTATCGAGCTTCTGGTTTTGGGTTTTTGTCAGCTTATGAAGGATAATTAAGCTTTCATCATTCAAGCCAAACCCTGCTTCAGACCAGTTTGTAGATCCAGTA
NZ_CP080401.1_gap18	791373	792485	1112	TATCTTTTTTAAGATTTTCTATGTTGTAGATAGGCAGCTGCCAGTTTTGCCCTTCGGCGTTGTAAAAATCTGGAGGGGCACCTACAGATCCTGATGAAGAGAAATACTCCTTAGCATACCACACATCGCAGCTATCCTTACTGATTAAAATAGGAAGATCTCCCATAAGAAAGACTTGGTGTTGATCAGCAAAGGTACGTACCTGGGAGAGTTGTTGGTAACAGAGAAACTGTAGATAAGAAAAAAAATGTATCTCAGAGGAAAAGGTTTTTGCTAATTGAGGAAACTGTTTTTGATCTGTCAATGAGATGGGCCATGTTGTGCTTGGAGTCCCATTCATATGGTGTTTGATTGCTCGAAACAGTGCATAGGGAGAGAGCCAGGAGGACTCTTTATCTATAAACTTATGGAACTCTGGATTGTCAGCACTAGAGGCTTTTCCTATTTGGGTATAATATTCCCTAAGAAACTCCCATTTTGCCTGTTTTACTTTAGGATAGGAAACATGAGGTAAGTCACAGAGTTTATGCATGGCTCGAAGTTTTTCCTTAGACTTAGGGAGAGAGTGGACTTCGGGGAGTGCTGTTAGAGAAAGAAATAGGGGATTTAAAGCGATTGAGGAGATGCTATTGTATGGGCTGCTATCTTCTCCTGTATCGTTTAGAGGAAGGAGCTGAAGGATATGGAAACCTGAAGAGGCACACCAAGAGATAAGAGGAAGAAGGTCTAGGTATTCTCCGATGCCGCAGCTATTTTTTGTATGAAGAGAAAATAAAGGAACGCAAATGCCGTGTTTTGGAGTGGTCCCTAGGAGTTTCCATGAGGAAGCTGCTGGGGATGTTTCTATGGAATGGAAGAGTTTCAATAGAGCTTATGAGATGTGATAAAGTCCTAAAACATGTAAGTCTGGGAGTTTCCCGGATTGTAAAGCTTGCATCCAGATATAGGCATGGCGGGAGAAGAAGGTCAGATAGCGGAAGAGCTTCTCTCCATTGAGGTAATTCATGCTTAAGGTGTCAGAGAGATATAATTGTTCGGTAACTTCACCATAGCCTAAGATTCCTTTGATCCCTGAAAGGGGGGAGGCATTTACAGATAAGGCTGCTTTAAAT
NZ_CP080401.1_gap19	808125	812276	4151	TTTTTTTTCATATTATTGCGCTTATTTTTAATTGTTTTATTATACGCATGAAGTAGATTTTATTGCTATTTTTAGGATGACGATGGCTAGTATCGCAGCAGTCTATTGGGGATTTTCGAAGTTTTTATGGGTGTCAGAGTCTTTTCCTATCCGGTTAACTTGGTATGGTTTGTTTTTTGTCTCAGGAATTTTCTTGGCGTGCGTTTCTGGAATATACCTAGTGCTTTCCCTCCATGATAAAGATTGTGAAAATACTTGTTTAAAAAAACAAGTCCAACAAGCTTTAGAAAATTTTGCATTATACTCTTTGTTCTTTGTTGTTGTTGGGGCTCGCTTGGCATATGTCATGTTTTATGGCTTTCATTTTTACATGCGTAATCCCAAAGAAATTTTCAAGATTTGGAATGGAGGATTATCGAGTCATGGGGCAATCGTTGGGCTGCTTATATGGATTGTCATCTTTTCTTACATATATCGGAAAAAATTACCTTGGTTAACTCCGCTATTCCTCACAGATCTTTGTGGGGCCGTTTTTGGATGTTCTGCATTTTTGATTCGCTTGGGGAACTTTATGAACCAGGAAATTGTTGGGACACCAACTTCTCTTCCTTGGGGGGTGATTTTTTCTGACCCTATACAAGGGGCCCGTGGGATTCCTGTACATCCTGTGCAATTATATGAGGGAGTAAGCTATTTGTTATTATCTCTCGTTCTTTATGTTTTTACATATAAACGGTATTTAAAACTTGGTCGTGGTTGGATTACAGCTATCGTATGTATGGGGGTTGCTGTGATTCGCTTCTTTGCGGAGTTTGTAAAGAGTCATCAGGGGAATGTTTTAAGCGATAACAGCTTGTTAACTATTGGACAAATCTTATCTTTGCCTTTATTTTTATCTGGTGGAGTTTTGTTTTATATTTGTTTTGTGAAATATAAAAAAGAACGAAAGTGATTTAGTTCAAAATAACTGCGTTTCATAATTCTCCTATGAGAGATAAATAGATTTATGCTATTTTTGCCTTTTCGATTTAATTTTTTAGAGTTTATCAGATGAATAAACGTACTTTTCTGTTCTTCTCCTTGGTAGGAATAGCTTTTGTTGGCTGCCAGACATTTTTTGGCTATAAGGAGTATAGCTCTTATAAAAAGCTCTCAGAAAGGCAACAAGAGATTTCAGAACATATTCTTTCCTTAACAGAAACGACAGGACTGAGTGTTGTTTCCTGTGGTTTTACAAAAGATGCAGAGGAGTCTTCTCTTCACTATGCCGTGCGTGTTGGAGAACATATGTTGCTTCCCCATACAGGGAGTGTTTCGGATCTTGTGTATGCTTCTGGAGAGGCTTGGAATTTTGTAGAGCAAACACATGCTTTTGATAATGTGCACTTGGCATTGTATAGCCAAGATCGTCCTGGGGTATTCTCTGAAAATGCAAAAGTATATCTTCCTTTAAATGATGAGGTTCTTCCTGTTTTAGTTGTAGAGTTTCGCAACCGTAAAGCGCCTCTTGTATTTCTTGGGGAATATAAGCAAGGAAAGATTTGGAATAAAGATAGCGAGATTTTCGGTACGTCTCTTGTTTTCTGGAGATCGGGAAATAAGTATTTACCTTTAGGAGTGTATGATTCACAGAGGGAGCGTCTTACCTTTATTGATTTGCCTATGGCAAGAGCTGCGATTTTTGATGGACAAAGTGAAGCGCCTCAATCTTTCAGAAGTAACGAACACTTTGTTCTTTCTAATGACTACATGCAACTTTTGATCTCTCAAGAAAGTGGATCTATAGAAGAAATTAATCTTCCCTTTGTCTCTACAAGTAAAGAGAGTATTGTTAATGAGATTGGCTTTGATAGAGATTTAGTTCGTCAAGATCCTGAGCAAGCGTTTTTCCCAGGAGTTTCTTGTATTAATGCACATGGAGAAAAAGTTGAGAGACAAGTTGGTGGGTATTATTCCTTGCTTCGAAGGGGAATATTGAGTGATGCAAAACGACGCGTCCCTATAAGTTATCATGCGCTTAATGTGGTTTCTGGAAAGGAGCTGTCTATGCCTATAGCTTCTGGATATCGCGTGCTTTCTTTTACTTCTAAAGCAATCCATTTAGAAAGCTTAGATAAGAGCCTTCAAAAAATTTATACCTTGCCAGAGGATCCTACTTCTCAGCCCTATGCTTTTGAAGTAGAAGTAGTCTCTTCAGAAAACCTTGCAGATATGTGGATAACTTCTGGGGTTCCTGAAGTTGAAATTATGTCTAATGCATTTATGCCTGCGATCCAATACAGAGTGCAAAGTAAGGGACAACTGGACAAGGCCAAGCTTCCTAAAATGAAAACACCACTCATGTTTCAAAGGGGAGCCCATCCTCAATGGATATTGAATTCTAATGGATATTTTGGAATTATCCTTACCCCATTAACCAACATCCCTACAGGCTTTGCATCTTTATATCTTCCAGGCTCTGTATTGCCTACTCGATTAACTCTTTTGGAACCGAGAAATCAAGCTTTCCCGGCTGCAAAATATCCAGGCTATGAGACCTTAATGCCTTTGCCTAAGGAAGCTGGCAGCTCTAAGTTTTTAGTTTACGCTGGGCCTTTAGCAGAACCTTCATTAAAGACTTTGGATAAAACTTTTACAAAGGAAAATGGAGAGAATCCTCAGTATTTATCCTGTATTTCCTTGCGTGGGTTCCTTTCTTTTATCACGGCTCCGTTTGCTTCTTTGTTGTTTGTAATTATGAAGTTTTTCAAGGCCTTAACAGGATCTTGGGGACTATCTATTGTGCTTTTAACGGTCTTTTTAAAGTTGCTCCTTTATCCATTGAATGCGTGGTCTATTCGTTCTATGAGGCGCATGCAGAAGCTATCTCCTTATATTCAGCAGATCCAGCAAAAGTATAAGAAAGAGCCTAGACGTGCACAGATGGAGGTAATGGCTTTATATAAGGCAAATAAGGTGAACCCAATTACGGGATGTTTGCCGTTGTTGATTCAACTGCCTTTTTTAATTGCTATGTTTGATTTATTGAAATCCTCATTTTTATTGAGAGGTGCGTCTTTATTCCCAGGGTGGATAGATAACCTAACTGCTCCAGATGTATTGTTTTCTTGGCAACATCCGATTTGGTTTATAGGAAATGAGTTTCATGTATTGCCTATAATTTTAGGCTTGGTGATGTTTGTTCAGCAGAAAATGACAAACTACAATAAGCAAGGGCAGATGACAGAACAGCAGCGTCAACAGCAGACTATGGGAACAGTCATGGCGATATTATTCACTGCGATGTTTTATAACTTCCCTTCAGGATTGAACATTTACTGGCTCTCTTCGATGATTTTAGGAATAATTCAACAGTGGGTTACTAATAAAGTTTTAGATAGTAAACATCTTAAAAATGAAGTTACTTTAAACAATAAGCAAAAACATCGGTGATACTAGAAAAAACGTGGTTATGTTATTAGTGTTTAAACAAGCTAGTTAAATTGAGCTTATAATTTATGCGGGCATGGGAAGATTTTCTTTTGCTACAAGAACAGGAGATAGGTAGCAGTACTGTAGATAAGTGGCTACGCTCTTTGAAAGTCGTGTGTTTTGATGCTTGCAACCTGTATTTAGAAGCGAAGGATTCTTTCCAAGTCACTTGGTTTGAAGAGCACATGCGGCATAAGGTTAAGGCTGGTCTTGTGAATAACAATGGTAAGCCCATTCGAGTCCATGTTACTTCTATGGATAAGAATGCGTCTTTTTCTAAAGAAAAGCATATTCAGCAAGAAAAAACCTCATATTTTACTATGCAATATGGGGAAGTGCTTCCGGAAATGTCTTTTTCGAGTTTTCTAGTCTCTTCAGAAAATGATCTTCCCTTTAGAATTTTACAAGAGTTTGCAAGAATAGAAGAAGGTAAGAGCTTTCCCTTCAACCCTATATACCTTTTTGGTCCTGAGGGGGCAGGGAAAACCCATTTAATGCAAGCTGCTATTCATATGCTTCGCGAGAGCTGTGACAAGGTTCTCTATGTTTCTTCGGATCTTTTTACGGAGCATCTAGTTTCTGCTATTCGCTCTGGAGAAATGCAGAGGTTCCGCGCATTTTATCGTAATGTTGATGCATTATTTATAGAGAATATCGAGGTGTTTTCTGGTAAGAACGCC
NZ_CP080401.1_gap20	816017	820890	4873	CTTCAAGTATGGGATTTTTTTCGAGCGATAGAGCGGTTCAAAACTACGCTGCTAACATCTGGTCTGTGCCGTGCACATCCTGTTCTGGAGAGTCTTAATTAAGGAAGCTCTAGTTTAATAAAAGCACAGCAGGAGCCTCGAGAATTTTTTGGAGTCTTTTCATAAACATCGCTGCAGGATAGCCGTCGATTACACGATGATCTACAGACAGCGTTAGTATGCAAGTAGCGCCTATAGCTACCTCTCCGTTAAGGACAATAGGTTGTTCAACTACGCTTCCTACAGCAAGAATTGCAGCTTGAGGAGGATTGATAATTGCCGAGAATTCTGTAATTCCTGTCATGCCTAAGTTCGAAACACAAAAAGAACCTCCCTTATACTCATTTTCTTGAAGAGACTGGCTTTTTGCTTTCGCAACTAAGGCTTTGATCTCTGCAGAAATCATTCCAGTATTTTTTCTATCTGCACAACGGATAATAGGAGTAATGATGCCTTCAGGAATTGCCACAGCTATAGAAATATCTATCGTTTCAAAGCGAACGATTTTATTATCAACACTGTTAAACCCTGAGTTCACTTCAGGGAATTCCTTTAAGGCTAGAGCGCATGCTCGTACGATACAATCATTAATAGAGAGCTTGATATTTTGCATTTGTAGCTCTTTAAGGAGATTGAGTAGGGGAGTCGCATAAATCTGTTGTTTGATATAGAAATGAGGAATTGAAGCTTTTGCTGCTTGTAGCCGAGAGGCAATAATTTCTCTTACTGGAGACATCTCCTCTTCATGGTAAGATCCTGGAGGAACATCTGGAACCTTAGGGAAGCCGAAACCAGCAATCCCTTTAGGTGGAGCTTTCTCTAAATCTTTTTTCGTAATGCGTCCTCCAGGGCCGCTTCCAGGGATTGCAGTCACATCTAAGTTGTTTTCTTTAGCAATTTGCTTTGCTAAAGGGGAAATTGCTGAATTTTGAGATGCAGAAGGGAAAGCTAATAAGGAATCCAAAGGAGGTTCAGGCTTAAAGCCCGTGTATGTTATTGAAGGGGTTGCAGGATTGGAAGTAGAGGGGGGTTCTGAAGAAGGTGCTTCTTGAGTAGGTACCGGAATTTGTTCCGCAGCTTTGGGAAGTAGAGTTTCAAGATCAAAGGTTTCATTTTGCTCTGTAGATATCACAGCAATGGGAGCTCCAATAGCAACCACATCACTAGGTTGTACAAGGCATTTCCTTAGCCAGCCATCTTCTGTTGCTGTATATTCTAGAACAGCTTTATCTGTAGAGATCTCTAACAGAACATCTCCATAACGAATCTGTTCGTTTTCTTGCTTACACCATTTAACAATCTTTCCTTTCTCCATAGTAGGGGATAACTTAGGCATTTTTAATAGAGAAATCACAATAATCTACTCCATGACTTTTTCAATGGTGTCTACAATTCTATGTATATTTGGAAGTGTTTCCTGCTCTAAAGTCTTACTATAGGGCATAGGGGTTTCTCTTTGACATACCCTTAAGGGAGGGCTATCTAAGGAATCAAAAGCATGTTCTACAAGAAGAGCTATGATTTCTGAAGAAATTCCGGAAAAATAATGCCCCTCCTCTACGACTATGCATCGGGAAGTCTTTCTCACCGAAACTAAAATTGCAGAAATGTCTAAAGGTTTTATCGTACGTAAATCTAAAATTTCTATAGAGATTCCAAAGCGCTGCTGAGCAACCTCGCTAGCTTGCTTGACAATCCCTACCATACGACTGTAAGTAATGATTGTTAAGTCGTTTCCTTTCTGAACTGTGCGCGCCTTCCCTATGGGAACAAGATACTCTTCTTCTGGAACTTCTCCTTTAACTCCATAGTCAAGCTCATTTTCTAAAAAGAGTACGGGATTATTATTGCGAATAGAGGATTTTAATAAGCCTTTAGCATCATAGGGTGTTGAAGGGGCAACAATAATCAACCCAGGGATATTAGCGTATAACGCTTCAACACAATGCGAATGCTGACAGGAAACTTGTGCTGCAGCTCCATTTGGTCCTCGGAAAACGATCGGGACGGAAAAGATTCCTCCGGTCATATAATGCATTTTGGCTGCATGTGAAATAATTTGATCCGCAGCAACCAAAGAGAAATTCCAGCTCATAAATTCAATAATAGGTCGAAGACCTGCCATAGCAGCTCCAATACCAACCCCGGAAAAAGCAGCTTCACTAATTGGAGTGTCTATAACTCTATGAGGGCCCCACTTATCCAATAACCCTTTTGTGACTTTATAAGCTCCATTATACTCTCCTACTTCCTCTCCAAGGATACATACTGTAGGATCTCGAGTCATCTCTTCATCAATTGCTTCTCTAATTGCTTCTCGGATTTCTATAGTTTTAACGTTAGGCATAGACTCCCTCTTCTAAGCTTGTAATGGAAGGGTCTGGAGAAGACTTTGCTTTAGTAAAGGCTTCGATAATGCTTTCTCGACACTCCTTACGTAATTGTTGAAACTGCTCTTCTGTGAGTACATTGAGTTTTTCTAACCATGATTTAGCAAAAAGAATAGGATCTTTTTGATACAGTTTTTGCATCTCTTCTTTAGTCCTATAGAGATTAGGATCAGAAATAGAGTGACCTCGAAACCGAGAACATAGACACTCTACAATTACAGGGCGTTTTGAAGATAGCATATAAGCATAAGCTTCCTTAAAGCCAAGCAAACAGTTAAATAGATCTAAGCCGTTCAGTGTAAATGTGCGGATGTTATAAGAGGCTCCTTGAGATTCCCCTATGGGGAACTTCGCTAAAGCACGATGTTGAGCTGTTCCCATTCCCCATCCGTTATTTTCAATAATCAGCATTAGGGGGAGACTTTGCAAAGAACTAAAGTTTAGTGTTTCATGAAATACCCCTTGGGCAACAGCGCCTTCCCCAATGAAACATAAAGATACTTTATGCTCATCACGATACTTTAAAGCAAATGCAGTTCCTGCAGCGAGGGGAATTTGTCCTCCAACAATTCCAAATCCTCCAGGAAAACGGGGACCGCACATATGCATGGACCCACCTCTACCGTGAGCACAACCCACCTCTTTACCAAGAAGCTCCCCAGCAAGCTGTTCTAAAGGAATATTGAGTAGAATTGCTAGGGCATGACAGCGATAAGAAGAGTAATACCATTGTTCTGTTCCTAGATTCGCAATGGCAGCCGTTGCTACAGCTTCTTGCCCTGCATAAGAATGGTAAAATCCTCCTACAAGACCTTCAAAGTATGCCTCTTCTCCTCGAGTTTCGAACTCTCGGATCAATATCATTTGTTTGAGTAGTTGTATGCAAACTTCTGATCCAAAAGATTCTAGTAGACTCTGAACTAATGCTTCTTGAGTGGGCTCAGAAGCAATATTAAAAGGAGCCGAATAGGACATAACGTGGAATCTTAATAAGATTGTTTTAGGAGCCATTATAGGATTAGGTGTCACAAAAGACAAGGTCTATTCTGAAGAAAAATATTTGAGTTTTTAAATTCGAAAAATCTTTATAGTTTAAGCATTTCAATTTGTTTTTATAGAAATACAGGAGCTTGAATGGAAGTTTTCCGTCAGTCTGGACATAGTGATTTTTGTGTAAAACCCGTACAAAATGTCAAAGAACATAGAGATCGTCAGTCTGACAAGCAAAATGATGAGGAAGGACAGTTAGAACGAAAATTTCTCTCTATTGTCTTACACATTCTAGAGTCTTCTCAAGAGGTTTTAAGTAAAGAGAATTCTTTAGATATGTATTTAAATAGAGTTCAATGGTTGCCCTATAAAAAAGAGCAGCTGGAAGAGGTTAAAGAGCTCTTCTTTATGCTGGAGTCACAAGAAGAAAGAATTGCTCAGTTGTTTTTTTATGCTCCTCCACATGAGAGTAATTTTAATGACTTTATAGATAATGTTCAAAGGTTACAAGGTGATAGAGGGTTAGGGGGAGTGTTATGTGGTTTTGGGATTTTTGAACAGCAAAGTGCTTATATTCGCTCTATAAATCAAATTACTAAAATACCTCTATTATTAGGATGCCGTTTAGAAAGCAGCTTACATGTATATATGGCTTCTCGTCAGGTTTCCCTTCTTGATTGTAAAAATATGATTGCTTTGGGGGAGAACTTGGGGGAGTTTTTAAAGGAGTACGGCATTGTTTTTTCTTTAGCTTTAAAAGAAATCACTTCTTTAGATCTTCTAAGCTATTCTCAGCTTATCATAGGGTTAGAGCATAGCCAAAATATTCAAGGAAGAATGTATGATGGAGAACTTTCTTTTGAACAAACTTTTATAAAAAATCCTATAGCTTTGCGTTATTGCTTAGCCAACACAATTAAAGAGCTTTCCTCAGAGATTAATTTCTCTTCATTAAAGTTTATTGGCCCTTCTATTCTTGCTAATGATGAAGCAGTCGTCAGGGCTTTAAATTTAGGAGGAGAGTATTTTATGTTTTCTAATTTTTACGATTACAATCTTAGCGTTAAGAAAATTGTAAAACTTATTCAATCAGGAAAGGTTAGCCCAGAAATTCTCAATAAAAATATTTTAAAAATGCTATTATTGAAACAACGTATGAAAGCTTTTTATTAGTGATCACCTGGGGACTTCTGTATTTTCTTCCTTTTGCACAAATAGCTCTTTCATCTGAATTTCTAATTTCGCTATGCGCTCTTCTGTTTTAGGAAGGTTTCGAATTTTTGCGATCAAACGGTGTATTTCTTGATAGGGACGCGCTGGAGCACCTCCATATACTCCTGGAGAAGAGATCGGTTTTGTTACTCCTGTTTGGGCCATCATAATGACGTGATCTGTAATAGAAATGTGTCCAGTAATTCCAGATTGTCCACCGATAATGACATGGTTGCCGATTT
NZ_CP080401.1_gap21	928236	931221	2985	TAGGAGGTACAGTTGGAAAAGCTCTTAGCATCGCATCTCGTGTTCTAGAGCTTCCTGTTCTTGAAACAGTAGCTGGAGTTTGGGGACTCGTTACAAGCGTAGAAGAGTTGATTCACGCCAAAACTCATAGCGAGCGCGTGTCAGCTAAAGTACAAGTATCTTTCGATGTCATTACCTTAGGAATGACAGTGTCTTCTGTTGTTGCTCCTCTTGTTATGCTTGCCGTAGGTCCTATAGCTGCTATTGGCATGGGAGCCACCTCTATTGCAAAAAACGTTGCCTATAAGGAAGAACGACACTATGCCTGGCTAGAATATAAAAGGTTCTTAGAAACAGCAGCTAAACATGTCGTATTTGCCTATCCACACAAGCATTTGTTAGATTTGTCTGGAAACCAGGTATTGGGAGATGTGATCCTAGACCTAAGAACAAATCCTCCTATTTTAAAAGGAAAGCCATCCTATAATTATGACTCTTTGCTTGGAAGCGTCCCCAAATGGACAGACAAACAAGTACGAAACCGGTTGGGTTATGCTTTTAGTCTCACGCCAGAGTGGGCGCTAGCAAAAGGACACGCGAATAGTCTATGGCCTAGGGAAATCCCTAAAATTCCCAAAGGGATTTATGAAACCGTCTATCTAGGTTACGGAATCACATATAAAGTCCATACAGAGATCGTCTATCTTTCCAATCAAATCACATGGCGAGATGCTGTATTAGATGCAACCTCTCGATATTATAAGCCTCCTCTTACTGAAGAGGGGAAATCTTCCACAATCATAGGGGGAGATGCTCCTCTTAATGTCATTATGTTGCGCCTACTAGATGAAGATACCTCTTCTAGAGTCAACCAAACAATGAAATACAAAGATTATAAAGTAAATATTGTTGGTGGTAAGGGAGGAGTCACAGTTCAAATAGGGGGAGCTGGAATCTACAATATCACTGGAAACCCTAATGCAAAAAATACGATTTCCTTTAGAGCAATTCCAGAACCTCTCGGCGTAACCTTTAACCTGTCTAATCATAATGAACAGCTCGTACCTCTCACCCGCACTAATGGAACAAAGATCGAATCACTAAAAATCAAGCAGAAAGGGTTTAATATCATCGCGGGATCGGCAGGAGGATATGATATTTTAGTCGGGGAACGCGATACCCACTTTTATGTAAGCCCTGGAGGAGGAAAAATCTACTCAGGAATAGGGAAGAACTGGTATCACATCCCAAGACTTAAAGGAAGGCTAGACATCATCCTTGCAACAAACTCTACAGAACACATGCTCTTAATGGAGACGTTCTCATACAACTGGCTTCCTGTAAATCAAAACATCTCCTTGCTTCCAAGAAACACGACAGAAAGTCGTACCCCAGGAATCTTCATTTCCAACATAGATAACAGCACCTCCTTTGAACGCTGGGAAAACAAGTTCACCGTAAAACTTGCTGATGGGATTACCTTACAAGCACAAAAGCGCATCTATGGAAATGCTACAGAGACTAACTCCACAATAAATGCTACCTATGTTACGACGTTAGGGATCAATACAGTAGATCAGCCTACTTGGCAAAAAAGCTATCCTGAAGAACCTAGCTATGTGGAAGCTATCTTAGAATGGTTAAAAGAAATGAAGTGGTGGTTTGTCCCTGAAGTAACGATTCTACAAAAAGAGGGGACTACAAATTTCTACTCAAAATACAAAACTCTCGTCTACCATCCCAATCCTTTCACTGAGTTAGATTTACATCCTCAGCCTGGCTATCATACCCGAATAGACGGCTCTGTAGGGGACACCTATATTTTTTCAGAGTCTCCAAAAGCAAATATCTCTACAGTTGAACTCACTCTAGCAGAAGATGCAGACGCCCCACAAACTGTAGATTTAAGCTTGCTGGTTCCGACATCCATACGAGGGAAAATGACTAACCATACAAAAAATGGAACTAGCATAGACCTTGAAATCTCATCTCCAAGATATAAACTCCCTCTACAGGTAAATTGGTTAGAACATCATTTCCCTAGAGGAACAAGATTTGATATCTTCTCAAACCATAATCCTAGATTAGGAGAGTGGTACGAAATCTTAAATAAGAACGCCTCTATCTGGCACAACTTATTCATGAATAGCACATTAATCCCTGAAAGGCTCGTAGGAATACATAGCTTAAATAATACAGTAAGCTTGATGATCAGCTCGTTACGAAGAAATAACGAGCATATCCTAGGAGTAGAAAATCGAGGAGCTGTAAACCTTAAAGTCGTGGGACAAATGTATGCAGGGAAGATTAAAGGGGCTATGGAAAACCGCCATTGGTATACCTTCTCTCAACTGCTGTCAAAATTTGACATTACCATTCCTGCGCACTCCATAAAACACCTAGCATTTAAAGGAGAGGCAGAAACTAATGATACGATACTGTTCCGTAGCTACCTTGAACCCGCCATCTTGGAAGTAAGAAATTCTACACCTGTAGATTACCATAAATGGTCGTTCTACGATCAGATCCGTGTTTACAAGACTACCTTAAATCTAGAAGGGTTCCAAATGTACAACATTACAAAAGCGGAACCGAACTTGAACCGCTTGCTAATGTTCGTACAAAAACAGGTCCGCATCCAAGGTAGAGACCTCCATATGAAGTTCTTCCATATCCGCACAGGATTGGGAATTGGCGCCATAAATATCCTCTTCAAAGACTTCTTTGTCGATGATATGAGCTCTATTACAGAACGAACCATAGAAGGGGAGGTCAAGCCAATCTTAGTAGAAAACCCTATCTCTCTAATTGACCCAACATATAGAGAGCACCTAAAGCACACCCTAGGAGACACCCAAATAGATCTGATCCAATATCTTCAGGAGTTCGGCACTACAACACATACTTTACAACTAAACTACAATAAAGAAACTCACGAGTTAGAACTTCCTAGGCAGTATAAATTGAAACAGCTCGTTGCGCTCACTTATGTTGTGGACGCCAAGG
NZ_CP080401.1_gap22	970580	973415	2835	TACAGAAGCTCCATGAAACCATACCAAAGGCCCTAATCCCGGCACAACGGGCTTTTTTATCCCAAAGCGAACAGCTATAGAACGCTTATATTTCCCATACACAAGCATTTTATATGCTATCTTAGGGAACGCTAAAATAAAGGCAAAAATTAACGCAACATCATAGAAATACCCAAATGTTCGATAGAAGAAACGCTTCATCACACAACAAAATTCACTAACTTATTTGGAACAAAAATCTCTTTTTTAATTAAGACATCTTGCAGATACTTATCAACAGCCTTCCTAGCCAAAAGGAGAACCTCATCTTTAGGAAGATCCTTATCCAATTTTAAACACCCACGTAACTTACCATTTACCTGAACTACCATTGTTACTAAAGAGTCCTGGAGATAGCGCTCCTCTATCTGTGGCCATAAAGCACGATCTATTCCTGCATCATTTCCCAAATAAACCCAAAGCTCTTCGCTAATATGGGGAGCTATAGGGGCTAACACCCTAACTGCCAAAGCCAAGGCAGCCTTAGAATAGACAGGAAGCTTAAGGAAGTGGTTCAAAAACTCCATAAAATTCGAGGGAATCGTATTTAACGAAAGTTTTTCAATATCCTCTGTTACACGATGTACAAGCTTATAGGCCAGAGCTAAGCCCTGATGATCATCCACATCTTGAACCTTCGAAGAAGTTACCAACTCAAAAAATCGGTTAAGGAAACGTCGACAACCTGCAACCCCCTGATTTGACCAAAGTTTGTTTTTATCCAAAGGTCCTGAAAACATCGCATACATCCGTAATGCATCCGCACCATACTCCTCAATAAGAGTCTGAGGATCCACACCGTTAAGCTTGGATTTTGACATCTTTTCCTGTCGCACCAATACAGGCTCTCCAGAAGCAGTCTTCCATACGCCATTTTCCTCATGTACCTCTTCAGGATAGACATACCCCTTCCCAGGTAAGCGATAAGAAGTTGCTAGTACGAGTCCTTGGTTTACAAGCTTCTGGAAAGGTTCTTTTGTCGAAACCAGCCCTCCATCATAAAATACCCGATGCCAAAACCTCGCATATAATAAATGAAGAACAGCATGCTCAGCGCCTCCAATATACAGGTCCACAGGCATCCAATAAGACTCCTTTTCCTTAGACCAAGGTGACAATAAGTTATGGGCATCACAAAAACGCAGATAATACCAACATGACCCCGCCCACTGAGGCATCGTATGAGTCTCCCTCCTTCCCTTCTTTCCAGTTTTGCTATCAATAATGTCTACCCAATCTTTAGCTTTTGCTAAAGGCCCTAGACCAAATCCTTCAGGGCGGTAATCTTCAATATCAGGAGGTAATAAGGGAAGCTCATCATCTTCCAAAGGACGGCTCGTACCATCTTCAAAATGCACAATAGGAATCGGCTCTCCCCAGTACCTTTGGCGAGAAAACAGCCAATCCCGCAACTTATACATTACCTTTGCTTCTCCTAAACCTAAGCGCTCCAAATAACGTATAACATACTCTCGAGCTTCCTGCCCGCACAAACCGTCCAAGCAAAACTCACCAAAGCTACTGTGTATACAATAGCCTTCACTATTGATCACTTCATGAATCGGGAGGGAAAAGGTCTCAGCAAACTCACGATCTCTCTCATCATGCCCAGGGACCCCCATTACCACGCCTGACCCATAGCCCAAAATAACGTAGTCTGCAATCCAAATAGGAATCTCCTTGTGAGTAATAGGATGCTTAGCATACCTTCCTGTAAATACCCCGCTCTTGCGCTTTACAGTACTGATACGGTCTCTCTCACTTCTTCCTAAAACCTCTTGAACATAGCTCTCCACTTCAGCTTTTTTCTCTGGCAAGACAATTTTCTCAACCAAGGGATGCTCAGGAGCAAGCACAAGAAAGCTCACTCCACAAAGCGTATCCGGACGCGTAGAAAACACCTCTAGATTTTCTCCAGAATCCATAAAGAAGCGAATCAAGGCTCCTTTAGACTTTCCTATCCAGTTCCTTTGTAATTGCTTTACACTCTCGGGCCAATCAAGATCATCCAGTCCTTCTAAAAGCTTATCTGCATATGCGGTAATCTTTAAAATCCACTGTCTTAGCATCCTGCGCTCTACAGGATACCCTCCTTCTATAGAAAGGCCATCTTCCACTTCCTCGTTAGAAAGTACAGTGCCTAGTTGGGGGCAATAATTTACAGCCATATCTGCCATGTAGGCAAGACCCTGCTGGTAAAGATAAAGAAAGAGCTTTTGTGTCCAGTGGTAGTACTCGGCATCACTCGTAGCAAACTCCCTATCCTCATCATAAGAAAAGCCCATGGCAGAAAGCTGCACTTTAAAATTTTCTATATTCTTCTTTGTTGTTAATTTAGGATGTGTCCCTGTTCTTATTGCATATTGCTCTGCAGGCAAACCAAAGCTATCCCACCCCATAGGATGCAAAACCGAAAACCCCCGGGCTCTTTTGTAGCGTGCAAGAATATCCGTTGCAGTATAGCCAATTAAGTGGCCAACATGCAAACCTGCGCCAGAAGGATAAGGAAACATATCCAAAACGTAGTACTTTTCCTTACTTGTGTCCTCTATAGCTCGAAAAGTTTTGTTCTCCTTCCAAAACTTCTGCCACTTTTTTTCAATCAAGCTGGGGTCATAATGCATAAGAAAACCTAAGAAACTACCTTTTTTAAAAAATTTCTAAAGATAGTGTACTTCCCCTCTGGAGAAAAAACAAGAACCTTTGCATTTTTTAAAAACTCAATAAAAATAAAAAACTATTTTTTATAGTTTTTACTATCTAGTCCACGCATTGACAAAAAAGTAATGTGATTTT
NZ_CP080401.1_gap23	1003110	1007974	4864	ATGCCGAAATACAACAATTGAAAAATGAGATAGATGACTCCCTAAACGTAACCTACCTAGAACAAATCTTAGCTACAGGCATTACGAAAGGATATGCAGGGAGCCTCCTAAGAAGAAATGAAGTCGAGGAGTCGTCTACATTAGATCGAGAAGACTTCATGGTGATTTCCTCAAATATGGAAATTCTCGAGCAAGGAAGCACTCAAGAAGAAATTTTATACAAGGTATTTCGAGAAAGTTTCCTTCTTTACTACACAGCACTTTTACAAAATCTAGGGACTTCTCTTCTTGTAATCCAACCTCTTGGAAGAAACAGCACAAATAGCACTGTCCAACATATTGAGTGGTTGGCTTTATTCGCTGCCCTAGAACAAGCGCAATATAGTAACCATATCCTCTCCCCTAAGGAGTATTGGAAACACTGGGTCGAGAAAAATTGTTACAGCAGCCTCCATGCTCCCTTTAACTTAATAAGAGGACATAGCACAACAGACCTTGCTATAGAAGCTCTAATGCTTTCTAATATGAATATGCATCCTGAATTTCTAAATCTTATACGTAATTACAGCAAGCAAGCGTAAACTTTAAAATAAAAGTCTTAACAAAAGATTCTTACGATAGCAATCAAGCGTCTGCGATTCTTTTTGTAGGATTTCTCTAGCTTTCTTAACATTTTCTTGAGGTTGACTACAGTAATGAGGCAGATACTCAATGTGAGGGCCAGAAAGGACCGCAAGCCCATTGCCAAAACGTCGAGATATGATACTTGCAGGCTGCCCTTCAATATCACTATAGCGAGCTTCTATATAGATTTCTGGATGGGTTTCTGGAGCCATGAAGAAACATCCCCCATTAAATAGGGCCCAGCCATCCCCAAATTCGGAAAATATTTGCTTTGAAGCTCTAACTCCAATAGGACAAGTATAGGAGAAAAGGTTTCCATAGGCAGGCCCCTTAGCCATTCCAGGAAAAAAACCTAAATCGCGGACTCCAGAAAGAACATTGCCGTCAGGCTCTTCAAAGTACAGCTCCTTAGCTCCAAAATATGCCCCTGCGCAGATTCCTAAATATCTGCCGCCGTGACGGACATATTCTGATATACGCGCTGTACCTAAACCATGAAGCTTTTTATGATAGGGCCTATCCGCTCCTCCTGGGAAAATCAAAAGACTCGTAGTTTCTTCCCAAACAGGATCATAAAGGATAAACTGGCTATCAACACGAAGGATCTCTTGTTCTATTCCTAGTGAAGCAAGGCCTTCCTTAAGAAAACGCAATGTATGCCGAAGATAGTATGGAGAGACTCCTGTATCAGAATAAACCAAGATCCGAGTTTGCTTTACTGAGCTCATATCTACAAACAAAAATCAAGAAATATTATAGGAAGCAGGTGATCCACAAAAATCCTTATTATGATAAAATTGTGAAAGCCTTATTCTAAATTAGGTCCACACGCCATGTTTTCCAGTCAACATCAGGTCTCCTCTACACAAAGCATATCCAAAGGAATCTTCTACGGACTCGTTTCTTGTTTTTATTGGGGCATTGTTTTTGTTATCCCCAACCTTCTTCAAACATTTGGAGAACTAGATATTGTTCTGACACGTTATACCACATTTGGGATTTTTTCTCTGATTACCTGTTTAGCGACAAACCGAAGGATTTTCAGAGAAACTCCTTTGAAAACTTGGTCCGCCATATTATTATGGTCGTTTCTGATCAACCCCGTCTATTACTTCGGGGTTACTATAGCAATACGCTACGTCGGATCAGCTCTGACGGTAATGATTGCAGGGCTTGCCCCTATAGTTATACTTTGTTTTTCAAATATAAAACAAAAAGAACTCTCTGGAATCCTCCTATTTATCATTAGCTGCATTACCTTCTCTGGGGTTGTCCTTACCCATATCTCAGATCTCCATACTTCCTCAGTTACAGCAACTCCCCTTCAGTACATCTTTGGAATCGGAGCAGCGCTATTCTCAACAGGGCTCTGGGTAATATACGTTATCTATAATCAAAAGCTTTTGGAAAAAAATCCGAGCCTGTCCCCTGAAAATCTTTGTCACCTTCTGGGGATCACAGCATTGGTTGTATGTTTACCTTTAATTATTATTTTCGATGCGTGCGGAATTACCCATATTAGCACAGTACTAACTTCCTATCCCATGTCTCAGCGTTTTGTTTTTGCTGGGTTATGCGCTACGATGGGAGTATTTTCTTCAGCATTAGCTATTACCTCTTGGAACAAGGCTAGCCGCCATTTGTCTCCATCCTTACTTGGCACGATGCTAATTTTCGAACCCATTTTTGGCTTAATTCTTTCTTATCTTTATGCTCAAAGCTTTCCGAAATTTCTCGAAGGCATAGGAATTACTTTAATGTTAGGGGGGAGTCTCTTGAGTCTTATCCTATTCGGAAAGAAAAAAAGAAATACCCAAGAAGAAACTTCTAAATATTCTCTTGAATAACTCCTAAGAACTAGTGGATTAAAAATTTCATAATTATTACCTTATAAGAACTTTACCTAGTTCTCCTAGGATTCCACTGAAGTCAAATAAAAAAAGTTCTATGGAGAAAATCTACGGCAACATAGAGCGAATCTTAGTTGAAGATCCACAATCCGGGGATCTTACCGCACATGTGAAAATCCCTCATAAGGAAGAGGTTGTTCTTGTTAGAGGGCAACTCCCTCAAGTTTTTCAGCAGCTGGGAACTCTTTTACATCTTTATGGGGAGTGGTGCCAAACACCAAATCTTGGAAAATACTTCCAAATTGAAAAGTATGATCTTCCTAAGCCCTATGAAACTCGGGGAGTATTTAATTACCTGACCTCCAAGCTTATCAAGGGGATCGGTCCAAAACTAGCGACAAAAATCATTGAAACCTTCCAAACGGAAACCCTAAATGTCCTAGACCTCACTCCAGAACGCCTTATTGAAGTCCCCGGAATTAGCAAAGCCCGCGTAGAGAGCCTATGTCAACAACTCCATGAACAAAGAACACTTAGATCTACACTGCTCTTTCTACAGCAATACAATATTGCTATCCACTATGGCGTCAGGATCTTTAAGAAATATCAAGAGAAATCTATAGAAAAGATCTGCGAGGATCCTTTCCTTCTTGCTCGGGAGATCGAAGGAATAGGCTTTAAAACTGCAGACTTTATCGCCATGCGTTTGGGTATTCCTCCAAATTCCCGTAGTCGTTTATGTGCAGGAATACAACACTGCTTAGAAGAACTTCAGGAAGAAGGCCATACCTGCTATCCCATTCAGGCGCTTGCGGAGATTGTTACAAAGCTTCTAAACCAAGATCTCCCAACAAAGCTTATCCATCATGAGGATATCCTTGCACAAATCTCTCAGATGCAAGAAAGCAAGTCTTTATGTGTCCATGAGATTGATGGGGTCCTTCATGTATGGACACGCTACCTCTATCTTGCAGAACACACAATTGCTGGGGATTTAAAAAGGATCCTTTATTCTTCAAGAAAGATCCGCCCTATAGATGGAGATAAAGCCATAGCTTGGGTAGAGGAAAACCTTAATCTTAACTTGGCTCTAAAACAAAAAGAAGCTGTTAAGGCGTGTTTTTCAGAGAAGCTCCACATCATCACTGGAGGGCCAGGAACTGGAAAAAGTACTATTACCCAGGCGATCTTAAAAATCTTTGAGCAGGTCACTTATAAGATCATTCTTACAGCTCCTACAGGGAAAGCTACAAAGCGCATGACGGAAATCACACATAAGCACTCTGTGACTATCCACACCCTGCTGCAATATGATTTCAAGACCAAATCCTTCCGCAAGAATAGTGACAACCCTATAGATTGCGATCTTATTATCGTAGATGAATCTGGAATGATGGATACCTATCTTCTCTATCACCTCCTCAAAGCTCTTCCAGATCATGCTATTCTTATTCTCATCGGTGATGTACATCAGCTTCCCAGTATTGGGCCTGGGCATATCCTTAAAGACCTCATTAACTCCCATAAAATTAGCGTCACCGAGCTCAATGAGATTTTCCGTCAGGTGCATAACTCTGGAATTATTATCAACGCCCACAGAGTAAATGAAGGAGAGTTTCCCATGCTCTATTCGGAATCTGGGCGGAAAGATTTTTTATTTTTCCAAAAGGAAGATCCTCAGGAAGCCTTAGAGCATATACTGTTCCTTACCACGCAATTTGTCCCAAAGAAGTACCATATCTATCCTAAGGATATCCAAATTCTCGCTCCGATGAAAAAAGGGATCTTAGGAATCCACAACCTCAACAAAGAGCTTAAGGCTGCGTTAAATCCTCAAAAAACGCACTTTCAAGGGAAGTTGCACTCTTATGCTATTGGGGACAAAGTGATGCAAATCCGCAATAACTATAATAAAGAAGTCTTCAATGGAGATATTGGCTACATCTCAGAGCTCAATTTCAAAGACAGGAGACTTGTCGTGAAAATGGAAGAAAGATATGTCTCCTATTCTTTTACAGAATTGGATGATCTTGTTTTAGCATATGCCACTTCCGTACACAAATACCAAGGAAGCGAAAGTCCCTGTATTATCATCCCTATTCATACTTCACATTTCATGATGCTCTACCGCAATCTCCTTTATACTGCGATCACAAGGGGAAAACAACTCGTCATTCTTGTTGGGACAAAAAAAGCCATTGCGATCGCAACAAAAAACAACAAAGTACAACACCGCTGCACGGGACTTGTCAAAGCATTAAACATCCTAGACACCCCTAAAGACATAGAAGAATATCAAGAGGATCTCGACACAGCATTTTAAAATAAAAAAATTTAGTGTTTTTTGGAGGAAAAGAGAGAAGCTAGCGTTCCCCCCACGACATAGTACA
NZ_CP080401.1_gap24	1034978	1038294	3316	CCCTAAACGATTCTCAATCTTTGCAATGATGGGAATCTTTGGACCACCAAAATCTTCCAGGCTCTTACGCATAGATTCTATATCCTCACGACAACGTACAAAAGATGCCGCAATGAAATCTACTCCCTGCTCTACGCCAAACTTTAGATCCATAAGATCTTTATCCGTCATAAATGGCAGAGAAACTTCAATATCACGAATACTCAACGACTTATGAGACTTTAACTCTCCATCACTAAGAATTTCTAACTCTAAGCTATTTGCTTGTGAAGAAACTACTTTTGCATGCACATACCCATCATCAATAAGCACCTGAGCGCCTTCACGAATGAAAGGAAAAATCGTATTAGGAACTAATGTAATTCCCTGTTCTAGAGACCCCTCTATATCTTTATCTATAAGGCGGATTCTCTGCCCTCGAGACACCCGAATGGGCGTAGGGATCCTCCCTAAGCGAATTTCCGGTCCCTTAGTATCCAGCATAATTGCTAAGGGAACCTCCTTCTTTTTGCGAAGCTCCTTAAGGGTTCGTATGGTTTCCCCATGAGATTCGTGCGTGCCATGGCTAAAATTTAACCTAGCAACGTTCATACCTGCATCTATAAGCTTTTCTAGCATTTCCGGAGAGCTTGTTGCAGGCCCTATAGTACAAATAATCTTTGTTCGTGTAACCATAACGTTCTTTCTTTAACTCCCAAATGACTACCTTAGATGTTCTAAGGTATGCATAGATTATTTAAATCCTCAAGGATCTTGCAGGAATATACTATATTACGTTTAATTTGTACTCAGAAATACCCCAAGTAAAACCCATTCGTATTTTTCTCTTTTTACGTCGAAACATTCCTATACTAACCTATCGCGTTCAAAAAGTTTTTACTAAAGAAAGAGCCCATGACACCATTTCCTATTCATCTTTCTGGAATTACCGTAAGAAACCTCAAAAATCTTTCCGTCACTTTTCACTCTGGGGAAATCGTTTTACTCACTGGCGTTTCGGGATCAGGGAAGTCCTCATTAGCTTTCGACACAATCTATGCTGCAGGAAGAAAACGCTACATTGCAACTTTACCAACATTTTTCTCCACAACGCAAACCTCTCTTCCTAATCCTAAAGTCCAAAGCATTCAAGGACTCTCTCCTACAATTGCCGTAAAACAAAACCACTTTGCCCATCATCACCATGCCACTGTAGGAAGCACTACAGAACTTTTCTCTCACCTTGCTCTTCTCTTTGCTCTAGATGGTGAAGCCCGAGATCCCGAAACTCTTAACACCTTAAATATCCAAAGTAAAGAGCAGATCCTCGCTACCTTACAAGATCTCCCTGAAAATACCTCTCTTACTCTTCTTGCTCCCCTTCTCCACAAAGACCCTATGGGAGTACAAAATTACATTCGGCAAGGTCTCACAAAAGTCTCTATCCTTGGAGAATCCCATCCTATATATGAATTTCTCTCTTCTGGAATTCCCGATGATTCCCCAGCCGAACTCATTTTGGACTCTCTCATCAAAAATGAAAGTAACTCTGCAAGGTTAAAGGTTAGTCTATTTTCAGCATTAGCCTTAGGGGAAGGCTCCTGCTCCGTTCTTATCGGTCAAAAACGGCACTCCTTTTCTACACAAGTTCACCTTGGCAGCCGCACATTCTCCCCCCTCACTCCTCAGGACTTCTCCCCAACAAGTCTTCAGGGCCGCTGCCCCTTATGTCAAGGCTCTGGCCTACACATCACCATCCAAGATCCCCATCTTCTCAATGAAACCCTTTCTATCCGAGAAAACTGCTGCGCCCTAGCAGGAAATTGTTCTACTTATCTCACTCATACGATTTATCAAGCCTTAGCCGATGCGTTACATTTCAGCTTAGATACTCCCTGGAAACTTCTTCCTAAACACATCCAAAACACCTTCCTATGGGGAGATAAACATCTTGCTCTTCCTGTCCGTCTCTTTGACCCTGTTACAGGGAAACGCTCTCTTTCCTACAAGCTTTGGAAAGGGGTTCTTAATGAGATCGCAGACAAGGTACGCTATGCCAAACAACCCTCGAGTCAGCTTCCTGAGGGAACTACATGTCATACCTGCTCACATTGTCATGGATCAGGAATTCATGAGTATGCCTCTGCAGCTTCCTGGAAGGGGAAGACATTTTCTGAGTTCCAACAGCTTCCCCTTTCTGAATGGCTCGCGTTTCTCTCTTCACAAACAAAATCCTCTTCTACAAAGGAGATTCTCGAAGGCTTATGTCAGCGGCTTTCTTTCCTTGTGGAATTAGGCTTGGGCTACCTCACACCAAACCGCTCCTTAGCAACCCTCTCTGGAGGAGAGCAAGAACGCACTGCACTTGCAAAACATCTCGGCGCTGGTCTTCGGGGAATTACCTATGTTCTTGATGAGCCTTCTATAGGCTTACATCCCCAAGATACGGACAAGCTCATTTCGATGATCCAAAAACTCCGCGATCAGGGGAACACTATCATTCTCGTAGAGCATGATGAGAGGATGATTTCTTTCGCGGATAGAATCATTGACATTGGCCCTGGTGCAGGAATCTTTGGGGGGAAAATTCTCTTTAATGGCACCCCTCAAGACTTTCTTTCTTACGGCACATCTCTCACAGCAAAGCACTTAAGAAACGAGCTTTCTATTGCCATTCCTGAACCTCGAGAAAAAGCCTCATCTTGGCTCTCGCTAACTCACGCCACCACAAATAACTTAAAGAACATCTCCATACGTCTTCCCTTACAGCGGCTCTCTACAGTCACCGGCGTATCAGGATCAGGGAAGTCCTCCCTAATTAACGACACTCTAGTCCCTGCTGTGGAAGCATTCTTACATAGCGGACAGCTCCCTGACACCTTATCATTTGAACATGGCACCATCTCTAGGCTCATCCATATCTCTCGGGATCTCCCTGGGCGCTCCTCACGCTCCATTCCACTCACTTTCATAAAAGCTTTTGACACACTTCGCGAGCTCTTTGCCTCTCAATCCCATAGCAGATCCTTAGGGCTAACGAAGTCCCACTTTAGCTTCAACTCCCCGCAAGGAGCCTGCACAGAATGTCGCGGATTAGGAGAGATTTCTCTATCTGAAGATGAGCCTTCGACAACATGCCCCGAATGTCACGGCTCCCGCTACCAAAAGCACATTCTCGAAGTTACCTATCGGGGAAAAAATATTGCTGAGGTTCTCGCAATGACCTCCTATGAAGCAGCTACTTTCTTCTCTCACCTCCCTTCCCTTTACGAAAAGCTCCATGCGTTAAACTCCCTAAGGTTGGATCACCTCCCCTTGGGAAGGCCTCTATCTACAC
NZ_CP080401.1_gap25	1105877	1106377	500	AGCATAACCCCAAGGGCATCACAGCAATAGTAAAACCACAAAACTGTCTTAAAACATTTCCTTTAAAACACAACAGCAGCTTAACGTAATCTATATTCTTGCAATCACTCAGAGCAGGAACACAAAAAAACAAGCTTGCAAATGCGCCTAAAAATAACAGGATCAACATTACAGAAGATATATAAGGCACAAAAATTAGCACCGTATGAAATAGTTTTCCAATCCAAGGAAGAGAACAAAGAAGTACAGAGAGCATTACAATGGTAACGACTGCAAGCATTGCCATGAAAAATGGTGTTGAAACCAATAGAGAGAGCCATAAAGACTTCCAGTTTTTCTGCAAAGCATAAGAAATGCTACAAACCTCCTGCTGGGCTTCTTTTTTTAAAAGATACTGTACAATGACAGCAGAAGCACAAATTACACTAAAAGCACAGAAGAAGGCCGCTAATCCTAACATCGACAAAGAAATCCCAGGAGCACATTGAACGCAAAGCTTC
