gap_id	start	end	length	sequence
NZ_CP029703.1_gap1	1107	1958	851	GAAACAAGCCGCATCCTGACCGTAGATTCCATCCAGAAGCGCGTGGCGGATTTTTACGAACTCAAGGTCAGCGACCTGACCGGCAAGCGCCGCCCCAACAGCATCGCCTTTCCGCGCCAGATCGCCATGTACTTGAGCCGCCGCCTGACGGAACGCTCCCTGAAGGATATCGGCCAGGCGTTCGGCGGCCGGGATCACGGCACCGTCATCCATGCGAACAAGCTGGTCGCCTCCCGTATGGAAGAGGATGTGCGCGTGAGGGATATCGTCCAGAGGCTGGAAGAGGAGTTGAGGGATTGATTTTCCTTCCCTCCAGCCCTGCTGGAAAAGCATGGTCCCGTTGAATGCCCATGGCTTTTCAAGCGGAAGAAGCGCTTCCGCGGCGCAGGGGAGAATAAGCTTGAGGCGAAAGCGGTTTGGATTAGAATCACCCTGTTCCCATTGATTCCATGATCCACGCCGACCAGCTTTCCAAAGAGTTTGGCCGCTTTCAAGCGGTAAAGAATGCCTCCTTCCAGATTGAAAAGGGGGAAATCGTAGGGTTCCTGGGGCCGAACGGCGCAGGCAAGACCACGACTTTGCGCATGCTGACCGGCTATCTGCCCCCCACTTCCGGCACAGCCACGATTGCCGGGTTCGACATTGTGAAAAATCCCCTGGAGGCTCGCAAACATCTGGGCTACCTGCCGGAACACGTGCCCCTTTACGACGACCAGCGCGTCACGGAATACCTGAAATTCCGCGCCAGGCTTAAAGGCATCTCTTCCAGGCAGATCTGGCCTGCCGTCTCCAAGGTTGTAGAACAATGCGGCCTGGATCCCGTGTGCCGCAAGATGATCCGCACCCTTTCC
NZ_CP029703.1_gap2	7611	10292	2681	CCTCGGCTGCCGCACTTACGTGACCGGGGAAGGCTCCCACTGGAACATCCCCCTGGCCCAGGAACTGGGCGTCAATCTGGTCTTCGGCGGCCATTACTTTACGGAGACGTTCGGCGTAAAGGCCCTGGGGCTTCTTCTCAAGGATGTTTACGGGCTGGATTATACCTTTATTGACCTGCCTCCCTCCGCCTACAGCCATTGACCAAACGCCACGGAACATGAATCTGACTACGGACGACGCCGACGGGAAAATCCGCCTGGATCAATACCTTGCCGCCCACCTTCCGGAGCTTTCCCGCTCCAGGATCCAGAGCCTGATCAAAAGCGGGGATGTGTTGGTCAACGGCTCTCCCGCCAAGCCTAAAAACCCCGTCTCCCGCGGTGATTCCATCACCGTCCGCATTCCAGAACCGGAACCGGCGGAAGCCCAGCCTCAGGATATCCCCCTGGACATCCTGTATGAAGATGAAGACGTGGTAGTCATCAACAAGGAAAGCGGCATGGTCGTGCATCCCGCGGCCGGCAACCCGGACGGCACCATCGTAAACGCCCTGCTCCACCACTGCGGGGACCTCTCCGGCATCGGCGGAGTGGAACGCCCGGGCATCGTCCACCGCCTGGACAAGGACACCTCCGGCTGCCTGGTCATCGCAAAAAATGACGGCGCCCACCAGTCCCTGACGGCGCAGTTCGCGGCCCGAAGCACGGAAAAGCGTTATCTGGCCGTCGTCCAGGGTATTCCTTCCCAAAGTTCCGGCACGGTCTTCACCCATATCGGCCGCCATCCCGTCAATCGCCTGAAAATGGCAGTAGTCAATCCCGGTTCCGGGAAAGCCGCCATTACGGACTACGATTTGCTCTGCGCAGACCCGTCCACGGACTCCTCCCTGGTTCTGTGCACGCTGCACACGGGCAGAACCCACCAGATACGCGTGCACATGCTCCATCTGGGCCATCCGCTCATCGGGGATCCCATTTACGCCAAACCCGCCCGGCAAAAGGCAAAACCCGGCAGACTCATGCTCCACGCGTGGCGGCTGGGCTTCGACCACCCGCGCACGGGAAAGCGCATGGATTTCGAAGCGCCCGTCCCGCCGGAATACACGCCGTGGCTCCAGCTCTTCCCCAACGGGCTTTACGGGGCCATCCCGGAGCCGCGCCCGGTACAGGAAGACGGGGGACGGAACTAAACCTCCCCGCCATTTCCCGGCAGCGGAAGCCGCTTCAACGGACAGAATACGGGAAAGCGCCATATTCAAATCCCAGAGCTGGCCCGGCCTTCGTCAGCAATCCGCCGTCATCCGGCGCCCCCATCCTTGCGGACAAAGATGCGACAACAGACCCGCCGTTCACCTTCTTACGCCCCCTTTCCGGCAGGAGCGTCCACGGTCACAGTCAGCCGGGAACAATATTCTTTTCATCAATCAAGGAGAAATGAACCTGCCCGGCATCTTCCGGGCATGCAAGAAGAATCCGCGGCGGAGACCTCCCCTTTAATCTTGATTTGCCCCCCCGGAACCGCTACCCTGACACGGCTTTAACCACACAGCTTTCACAGAGACATGGAGACCACGCACCACGGGGAGGACGCCTCTCCGGACAATCCCCCCAGGCAGCAAAAAAGCGGAAATACGGATGAACAGACCATCGCCCTGACAAAAGCGCGTCTGGCCATTGACGAGGTGGACGCCCGGATTGTAGAGCTGTTAAAAAAACGCGCCGAATGGGTGCATGAAGTCGGCCGCATTAAAAAGGAAAAAAATTCCCCCATCTTCGTTCCCGAACGGGAAACGGCCCTGCTCAACAAATTGAACCGCCTGAATGCGGGCGTGCTGCCGGAAGCCTCCCTCCAGGCTATTTACCGTGAAATCATTTCCTGCTCCTTCTTTCTGGAAGGCGGCCTGACCATTGCCTACCTGGGCCCCAAAGGAACCTGGAGCCACCAGGCGGCCCTCAAGCAGTTCGGAAAAAGCTGCGAACTCATTCCGTGCCAGAGCTTCAAGGACGTGTTTGACATGGTGGACCGGGGGAAGGCCCAGTACGGCGTAGTTCCCGTGGAAAACTCTTCGGAAGGTTCCGTCACCGCCGTGATGGATCTTTTCGTCACCTCTCCCCTCAAAATCTGCGCCCAAATCAATCTGAACATCCGCAACAGCCTGATGGCGGATATTCCGCGGGAACACATCCGCATCCTGTATTCCCACCCCCAGGTTCTCGGCCAGACGCGGAACTGGATCCAGCGGCATTTCCCAAACGCGGAACTCGTGGAAACGTCCTCCACCACGAAAGCCAGCATTCTTGCCAAGGAGAACGCCGCCATGGGCGCGGCATCCCTCGGCTGTCCGCTGGCCGCGGAATTGTTCGGCCTGAACATCCTGGAAGAAGACGTGCAGGACCAGTCCTGCAACACCACCCGTTTTGCCGTCATCGGACGCCAGGAAACGCAGCCCAGCGGCAGGGACCGCACCTCCCTGCTCATCCGCATCCAGCATAAACCCGGCACCCTGGCGGAAGTAGTCAACTGCTTCCAGCGGCACAACAATAACCTGATACGCATTGAATCCCGCCCGTCCAAAGTCATCAACTGGGAATACGTCTTTTACATAGATGCCGCCGGCCACATTCAGGAATCCCCCTTACGGGAAACCCTTCCGGAGCTGGAGCAGCACTGCTCCATGCTG
NZ_CP029703.1_gap3	16295	19317	3022	AAGAAATCCGACAAATGGATGCTCCTTGCCATTCCTGCCGGAATCCGGAAAGCCAGCTTCCCCGCTCCGTTTTTCCTCCCGCGTCAGATGCTCCAATAACCGCTGATCAGCTTCTGAAAGTTTTTCCAGTAAAATGGTTTTTATTTTTCCACCATTTGCAAGCAACCGGATTTTGTTGCCATCTCTTCCCTCATACGCTGCCTTTAATTGATGGCCTGTCACCGCCGTCCAAATCCGGGGTTTGCTCAAATCCATCCCCTCTTCCGGCTGAAGCCCCGCAAAAAGAGGGCTGCCGCAACATACGGACAACACGACAAGAAAAATGCCAATTCCATTCTTTACTTTTGTTTTAAGGGACATAACTAATTCAACATCGTCTATTCAAAGGAAAATATACGGATGAGGAATCCGCTGATTGGGACATGCGGCCTCTAACATGTCAGCCGGCTCCCTGATGCAGATAAAACCTGTACCGGAACAGGAAAAGAGACTCTTGGGTATTCCCCCCTAAATTGTCCGCCAGAAATTAATCAGTCATTCATATTCAGAATTTAGGGTTGACGGCGGATTCCTCACCCGCTTCATCCGGTAATTTATTCATATTCAATTTCTATAAAAAAATCATGACAAGAACTGTTTTTAAAGCGGAGATACGGAACACTAACAGAACAAACGTTTTTATTTTCCTTGACAGGAGATTTTCGCCGTGCTTTGATAAAGCCGTTCCCGCCGAATGGTGTTTGGTTGTTGATTGTTGATAGTCATTTGCGGTTGGCGGAATACGGGCGTCTCCGTATTGATCTTTTCAGTATCGCTCCTGCGGGCTTTTTTGTTCCGTTATTGCCGTGATTCCGTCAGTTCATTGCAGCCGAGGCGCATTCACAGACACATCCACAGACATGGTATCAACTACATTCAGGGAGCTTGGCTTGTCGGCTCCCATTCTCCGCCAACTGGAGAATCTGGAGTACAAGACCCCCACTCCCATCCAGGCAGCCTGCATCCCCCTGTTGCTGCAGAACAAGGACCTGATGGGGCTGGCGCAAACCGGAACCGGAAAAACGGCCGCGTTCGCCCTGCCCCTTATTCAACAGCTTTCAGAACGTTCCGGAAAGCCGCCGGGCCGCCGGGTAAGGGCGCTTATTCTGAGTCCCACCCGGGAACTGGCTGCGCAAATTCATGAAAATATCCGCGCCTACGCCAGAGGGCTGCATCTGTCCACCGCCGTCATTTTCGGAGGCGTGGGGTATGCTTCCCAGTTCAAGGAACTGGCCGGAGGCCTGGATATTCTGGTAGCCACGCCCGGCAGACTGATCGACCATCTGGAACGCCGGACCGTCAGTCTGGACGGCGTGGAAACCCTGATTCTGGATGAGGCGGACCATATGCTGGATATGGGATTCGCCCCGGCCCTGAAAAAAATCGTCTCCAAAATCCCGAGGAAACGCCACACGCAGATGTTTTCCGCCACCATGCCGGACAATATCCGGCAACTGGCCCAGACCCTGCTTCAGAAACCGGAAACGGTGAGAGTCTCCCCTCCCTCCTCCACGGCGGAAAGGGTAGAACAGTTCCTTTGCATGGTCGGCTCCCAGTCGGAAAAAAGGCTCCTTACCCTGGAACTGCTGAAACAGCAGGAGCTCCCTGGCCGCACGCTTATCTTTACCCGGACCAGGCATGGAGCAGACCGCCTGGCCTCCTTCCTGTCCGGAAAGGATTATCCGGCTTCCGCCATTCACGGGGACAAAAGCCAGGGCAGGCGCGAACGCATGCTCCGTGAATTCCGTTCCGGGGAAACGCCTGTCCTCGTCGCCACGGACATCGCCGCCCGCGGCATTGACGTAAAAGACGTACGGCTTGTCATCAACTATGATTTGCCGGAAGAACCGGAGGTCTATGTGCACCGCATCGGCCGCACGGCGCGTGCCGGAGCCGCCGGACAAGCCATCGCTCTCTGTTCCCCGGAGGAAATCAGGAAAGCCAGGAACGTGCACAAGCTGTTGGAACGCCTCCTTCCCGTGCACGCTTCCAGCGCCTCCGTCCCGGCTGAATTGCGCGCGGTCCCAGAAGCGCGCAGGAAAAGTAGCAGCTCCATGCAGGAAAAACGTTCCGCTCCCCGCAGGAAGCCGCGGAAAGGGTACGGAAGGAACGGCAGCCGTGCGGAAGCATGATTTTAATCATTCAAAAAACTTTTGAACGGAATTGAAGTCAACGCGGTCTCACTTGCTGCAAACGGTTCTCCTAATCGTTCCAGTCGGGAAGCTTCAACCGGAGTTTCAATCATGAAAATAACCTCGTTCATCATCAGGACACTATGCGCGGGCACCGTCGGTTCCCTCGCCTGCCAGGCCGCCATGCAGGCTTACGCGGATGACGTTCCCTCCACTTTCGTGGAAGGAAATTATTCCCCGGAAGTAGCCCGCTACGTGCAGAGCATCGCAGGCGTGGCGCTGGCCTCGGGCATTCATGATTATGACGAAAACGCCACCAGCAGTTATCAGGTTTTGGCTCAGGTCCTTAACAGCGGCAATGTAACGGAATTGCCGGAAGATCTGAAACGGGCCATTGGAATGCTGATCGGCTACGTCCCCGACCCGAATGAAATCATCCAGCCGATCATGTCCAGAAAACAGATTGAGAGGATGAAAAAGATGGCGGACCGCATCAAGAACCTGATGGAGGAAAAATACGGAGTGGACCTGGAAGACTGCACGAACATCATGAAGCGCACTCTGGCCCCGTCCATCCCGGACATCCTCCGCTCCTGCGGCATGGAAGGCACCCAGCTGCCCGCCACCACCGCTTTCCGCCCCAGGCTGGGCAAGGCTCTGAATGAAGCCTATGCCAGGCTTGCGGCGCCAAAACTTCCCGCCGCCGGCATGGCGCAATAACCGGACCATCTACGGATGATCGGGGAGATGATCCCGATTCCACGGCACGCGGCCCCCTACCAGGGTCCCCTGAATAGAAGCCGCAGGAAACGGAATAATCTTCCCCGTCGCCGGGAACGGAAACGGCAGCC
NZ_CP029703.1_gap4	23045	25163	2118	TTTGTCGCATACGCGAACGGAGCGGAGCCCGCAGGGAAATCCATCTCTTCCGGAGCCTGCGTGCATGCCAGCACCCTAAGCGGCAGCATTGGAGCAACCAACATCCTGGGCATGATCAATCTGGAACCCCAGAAGCTGGATGCCGGAGGGGAACGAAAACAGCCGGGCCCGGAATCCTACCGGGAAGCCGTTCTGTTCACGACCACCCCGCACGGCAAGAAATTTGCTGGCCAGTGCGCCGCCCCCTTCGCCAAATCCTGGGAGCAGGCGCCCGCTACCTTCCACCGGGAACCTTCCGCCCTCACAGGCAATGACCGCCATTATGCGGTCCTGGGCATTCCCACGGTCTCCTGCCGGTGCAAGTATCCCGTCACGGATGCCCGTACGGAAGAGTATGTGCAGGCGCTGACGGACATGATCCACCAGGTAGCGGACAACGACGCGCCCGAACCGGCAAAAAACGCCGGCCAGGGCGAGAAAGCATCCTGACGTTTCCCTCTCTCCCCGTTACCGGGACAGCTTTCTCCTTCCGTGGCCGCCGCCCAGCATCAGCACAGGCATGAAGGAAAGGGCCACCAGCGCAATAACCATAGGCATCCAATTGTCGGAATACCTCTGCATCAGGAACGAAGTCAGGGAAGGGCCGGCCAGCGTGCCCAGGGAATAACTCAACAGCAGAAGCTGGTTCATGGTCACCAGTTCATCCCGGGAAGCTTCCTCGCATCCCCAGGCCATGGCAACAGGGTACAGGGAAAATCCGGCCAGCCCCAGAGCAATCAGGGAGGGAGCCATCAGCCCCCCCTTCAGCATCAGCCCGGCACAGGCCGCCGCCACCAGCAGGGACTGGCATTTCATGACGAAAGCGCGGCCGTACCTGTCCGCCAGCCGCCCCATGGGCCACTGCCCCAGAATGGCAGCGGCAATCAGCAGGGCCATCCAGTATCCCACGGAAGAGTGGTCCATTCCCTGGTGCTTCAGAAACAGGGGCATCAGGCAATAAATAGTACCCAATACCACGCCGGAAATCACACATCCCACAACACCCAGAAAGACGCTGCGGCGTCTCAGCAGTGTCCGAATCTCTATATGGGAGGAGGATGAAACCTGTCCATTGCCCGGCTCCAGACGCGCGAACATCAGCGGAACCATGCCCGCCACTGATAAAATGCAGACTTCCGTCACAATCAGGGGCATATCGCTGGGGAACCAGCCCAGAAGCAACTGCCCCAGCACCGTACCCAGATAATAAACCACCATGTAGGAAGCCAGCAGAATGCCGCGGGTTTGCAGCGTTCCGGCCCTCAGCAGGGCGCTTTCCACCACCACCCAGACCAGGGCGCAGCTGATCCCCGCCAGCAGCCGGAGGCCGCTCCAGGCCGGCACGCCGGGAAACACAGGCAGCAGAACGGTGGAGACTGCGCATAAAAGGCATGCATATTGGTAACTTCCTTTGAACCCGGCCCGGCGAATCACGCCGCCAGCCAGCAGCGTTCCGGCCAGGTTCCCGAGAAAAAAGAAAGCCCCCACCAGCCCTGCCTCCCAGGTGGCGGCATCAAATTGCTCCATCCACAGGGGAACAACCGTATTCAACACGGCAAACGCCACTGTCTGGAAAAGAAGCCCCGCCAGCAGCAGGGCAATAGGCCAGGTAAATGTACGCATCACGATAAAGCGGGGACTATAGCACCAAAGCCGCATCAGTCAACCGCCTCTTCCGTCGGAAAGAAAAACAAAAAAAGCGCCTCATCAACAAAAGACACAACACATTGATTGTTAAATTATTAATAAACAATTCAAAATATAGGGGACTGTCATATTCCCCGGCGCAGGGAAGCGGGCAGTATCTTCATCTGCTCCCGATATTTGGCCACCGTCCTGCGGGCGATGTTCACCCCTTTTTCCCGCAGCGCGGCCGCCAGCCCGGCGTCACTGAGGGGTTTGGAAGAATCTTCCTCCGCAATCAGCCGCCGCATCAGCTCCTGGACGGCGCCGGCAGCCACGGCTCTGGAAGCCGCCCCGTCCGGGGAAACGCCGCCTTCAGACGGAACCCCCGCACTGAAAAAGGATCTCAATTCTTTCATCCCCCACCTGCACAACAGGTACTTGTCCCGGCACGCC
NZ_CP029703.1_gap5	188814	191099	2285	CTTCGTCCCCCACAAACGCTCCCAGCAGACGGCAAAACCGGGAAGCAGGTAATTTTACCAATCTCCCGTCCCCCCGCTTGCCATGCTGGGTCAGAATCCAGGGCAGGGAAAGAATCTCCCGTTTATAAGCCAGCAATTCCCGTACATCTCCCGCCAGAAAATGGAGATGCCAGGCATCACACCGGACCGGCTCAAACCGGAAGCGGACATCGACAATCTTTCCGAAAGATGCGGAGGAATCCACCCTGCGCGCCATCAGGACAAGCTCCGGAGTACGGACATAGACATCCTGGCGGCGGCCGTCTTCCTCCATTTCCTCCACCCTCCGGCCTGCAGCCAGATAATAGGAAAAGGCGGCAGATAAAGCGTTCATACCCAGTTTTTCTTATGCCGCCTCAACCGCTGGCGCACCGGACGATTCCCGTCGGAACGGCTCCTGAAGAACCGTTTTTCCCTAAAACCGCCGGAGCAAAAGATCGGACGGCACCCAGTCATTTGCCCTGCCGGATTTTCTGGATAACCGGAGGCATCTCCGTTTTCGGCTGTTTCTGGAAGCAGGACAAATGCCCCGGTTCCAGCACCAGGCAGGAATCGTCCCTGCATATCTCCGCCCGCTCTGCAGTCACGTCTACGGTATACCCGCAGCCGGAGAGGAGAGAAGACGCCACATAAGCCGCTCCGGCCAGAACCACCCACAAGAGACGTTCCCACCAGGTCAATCCGGGACGTGTTCCGCTTTTTTCATAAGCGTTTTTCATGCCCTGTTTTCCTGCCTCCAGAGCCGCTTTTTTTTGTTCTTCTGTCAAATTGAAGTCCATTTGAGAGAGGGGGTGAGGGGTTCCAGGAATTCTCGCGCATGTTGTGCCGCAACGGTTCCGCGGGAAAAAATGGCGCCGCGGCAGGACTGTTTATTGCTATTCATTTTGTTCATTTTTTTGTTCATTGCCCGGAAACGGGCCTTTACCGGCATGGAACCGGCGGTGACATCAGACCGCTCCCGGATACAGACATCCTTGCCCTGCCCTTGGGGCGGGAGCAACACGCCTGATACGTCCGGGAACAAGGAATATTCCGCCAGAGACAAACGCCGGAATTTCCGCCGCGGATAACAAATACCCTGTTGAAAACGGAACCGGTTCATGCTAGTCTCTTCCCTGCTATGGCAAAACCGGCTCTGGGGAAAGGCTTTGACGCCCTTATCAATCAAAATCTGTCTCGTGAATCCTTGGCGGCTCCCCAGGCGGGAGACGTTGTGCATCAACTATCCCATGCCGCCATTATTCCCAGCTCCCTGCAGCCGCGCGCCATTTTCACGCCGGAACAACTGGCAGAACTTGTAGATTCCATCAAGGAACACGGCATCATCCAGCCTTTAATCGTCCGTAAAACGCAAAGCGGCAAATATGAACTGATTGCCGGGGAAAGGCGCTGGAGAGCCTCCGGCATCCTGGGGCTGTCCACCGTACCCGCCATCATCCGGGAAGCTTCCGACAAGGACGTGCTGGAACTGGCCCTGATTGAAAATCTCCAGCGAGAAAACCTCAGCCCGCTGGAAGAAGCCGCCGGCTACATGCGCCTGAAAACGGAGTTCCGCATGAAGCAGGGGGACATCGCCAAGCGCGTAGGCAAATCCCGCGCCGCCGTGGCCAACAGCATGCGGCTGCTCGACCTGCCTCAACCGGTTCAGGACATGCTGGGCAATACCTTTATCAGCGTAGGGCATGCCAAGGTACTTCTCTCCCTCAAAAACAAGGACCAGCAAATCCAGCTTGGGCGCGACATCGTCAACAAGGGCTACACCGTCCGCCAGACGGAGAAGGCTATTCAGAAGATGCTCAACCCGCCGGAGCCGGCTCCCGTTAAAAAACCGTCCTCCCCTCAATATAAGAAAATTTCCAGCATCCTCGCCAAACAATTCGGTACTCCGGTGAACATTTCCGGCCAGGGAAGCCGGGGGTCCATTGAAATCACCTTCTCCAGCAAAGCGGAATTCATCCGCATCCTTGAGCTTCTGGGCCAGGATGAATGGCCTGATTCCAAGTAAACTTCCTCCCCCTTTTTCCATGACGCCCCGCATCGGACTTCTCCTGTTCACGGCCCTGCTGATGCAGTGCGAAAACCCCGTGGAAACGCCCGTGCCCGGTAAGGAAACCGTTCCCGCGCAAATCCGGCAAACGGATTGTTTCAACGGAGGAAACGCTCTGTTCCACGCTGCGCGGATAACGGAAATGGGGAACCGGGCTTCAGGCACTCCCGGCTACCGCAGGCAGATGGACTACCTGAAG
NZ_CP029703.1_gap6	200549	202905	2356	TCTTCATCTTTCTTCAGGGTAAGACAGTCCGGAGGGAGGAATGCGAACGGAAAAAGTCTGTCACCCGAACAAACGCTCCCTGTTGACGAAGAAAACGGCTCCCAATACACATAAAAACGCCCACAGGTAATCCCACTTCCATTTTTCTCCGATGTAGAACAGGGCGAAAGGAATAAACACGCACAGGGTAATCACCTCCTGCATAATCTTGAGCTGGGCCACGTTAAGCCCGCCCGCACTGCCCAGGCGGTTGGCGGGAATCATGAAGCAATATTCAAAAAACGCCAATCCCCAGCTCATCAGGATAATCATCAGCAGGGGCTTGCCATCCGCCCCGGACCCCTTCTTCAGATGGCCGTACCACGCCCACGTCATAAAAACGTTGGAGACCACCAGCATGGAAATCGTTAACGCAATCTTCATGATTTTTACTTAAAAACATCAGTCCTTGGAGGACTTGGGATCCAGGGCGTCCCGCAGGCCGTCCCCCAGGAAATTCAGCGCCAGCAGGGTAGCCGAAAACAGGAGCGCCGGGAACAAAAGCAATTCCGGACTTACCTCCATGCGGTCCGCCCCTTCCTTGATCAGCGTTCCCCATGAGGAATTGGGAGCCTTCACGCCCAGCCCCAGAAAGGACAGGACGGCTTCCAGCAGCATGATGCCGGGAACGGCCAGCGTCGTGTACACGATGACGGCCCCGAACAAATTCGGAGCAATATGGCGGAACAGAATCTTCATGTGGCCGATGCCCAGGGAACGGGCAGCTTCCACAAACTCCTGCCCTTTCAGCTCCATCGTCTGCGTCCGGACAATACGCGCCAGCGTCAGCCAGCCCAAAGCGCCGATGGCGATGAACAGGGGAATCAGCCCGGTCATGGGGCTCACCATTTCCACAGACCAGCCCGTCATGCCGGAAACCCACTGCGTCAGCCTCCGGGCCGGCTCCTCCACGGACAAGGAAAAAATAATCACCAGCACAATGAACGGCAGGGCAAAAAGCACATCCACCAGGCGCATCATCAGGGCATCCAGCCTGCCTCCGGCATAACCGGAAACCAGTCCGTACGCCACGCCAATCACCAGGGAAACGCCCGTAGCGACCACTCCCACCAGCAGGGAAATGCGGCCGCCGTACAGGACACGCGCCAGCAGGTCCCTCCCAAGCTGGTCCGTGCCGAACCAATGGTCCCAGGAAGGGCTTTCCGCAATCCGGGACAAATCCTGCACATTAGGATGAGGCAGCCACGGCAGCAGGGGACCCAGAAAACAGGCCGCCGCAATCAGCGCCAGCGCCAGCAGGGAAAACATGGCCGCCCGGTTGCGGGAAAGACGCAGAAAAGCGTCCTTCCACAGGGAGGAACCCTGTTCTTCCGTCCTGTTCCATCTTCTTTTTCTCATGATTCCTTTCTCAATCTCGGGTTGACGGCCATTTGCACCAGATCCACACCCAGGTTGGCCGCGACGATCAGAATGCCGTAAAACAGGACAAGCCCCTGGATGAGGAAATAATCCCGGTCCGTGGTTGCGTTCACGAAATGCTGCCCCATGCCGGGAACCTGGAAACAGGTCTCCACCACAAAAGAACCGGTAATCATGGCGGCAAAAGCTGGCCCCAGATAGGAAAGAGCCGGAATCAGGCCGCCTCGCAAAGCGTGCTTCCAAACCGTACGGAAAGGCCCCGCCCCCTTGGCTCGAGCCGTCCGGATGAAATCCTGCCCCAGCACTTCAATCATGCCGCCGCGCGTCAGGCGCGCCAGATATGCGGCATTCACCAGCCCCAGCGTCAGCGCCGGAAGCACCACACAACCGGGAGAATCCCATCCGGCCACGCTCAAGCCGGGCACATGCATGCCCAGCGCCACGCCAAGCAGCGGAGCCACGACGAAAGCGGGAATGCAAATGCCGGCCATGGAAACGAGCATCACCCACCAGTCCATCCACCGGTTCTTGTACAGTGCCGCCACAATTCCGGCGGGAATCCCCGCCAGAATGGAAATAGCCATGCCTATGACTCCAAGCTGGAGGGAAACAGGGAATGACTGGCCGATCATATCCGCCACGCTGACGCCTTCCTTCACTAAAGACGGCCCCAGGTCGCCATGAACCAGCATGTTCCACCAGTAACGCCCGTACTGGACCAGGGGAGCCTGATCCAGCCCGTAACTGGCCTGGAGCTGCTGGAGGACATGCTCCGGAAGTTTCTTTTCCCCCATGAAGGGGTGCCCCGGCAACAGGCGTATCAGGAAAAACGTCACAGTTTCCAGCACCAGCAGGACCAGAAGCCCCTGCCCCAGGCGTTTCAGAATCATCCTGGTCAAGGCGCGGCCTCCTTCCCATGTTCCCGGGCGTCGTCCAG
NZ_CP029703.1_gap7	206123	209586	3463	ACCACCAAACATCACGACGGCTTCTCTAACTTCCCCTCCAACTACGACACCTTCACCATTGCTGCCACCCCCTACGGCAAAGACATCGTGGAACAATTCGCGGCGGCAGTTCATGCGGCCGGGCTCAGACTGGGATTTTATTATTCTGGAAGAGACTGGTACAACCCCTACTACCTGACCGACCAGCACTACCGTTATCTGGAATACTACTTCGGCCAAGTCAGCGAACTGCTCACCCGCTACGGCCAGGTGGATGTGCTCTGGTTCGACAGCCTGGGCAATAGCTCCCTCAACCAGTGGGATCCCCGCACCATGATACGCCGCATCAAGCAGTACCAGCCGGACATTCTGATCAACAACCGCATGAACAGCACCCGCGGAGGCAATAAGGAACCGCTGCCCGATGATTTGAAAGGGGATTTCCTGACGCCGGAATGCAAGCTAGGCCCCTTCAACACTCAAACGCCTTGGGAAAGCTGCATGACCGTGGCGGATATCCCCGGCACCCGCTGGACGGGCAACTGGTCCTACACATCCAACGCAACAACCAAACCCGTCGAAACCTCCATCAGATTCCTGATCAATAACATTGTCAAGGACGGCAACCTGCTTTACAACATCGGTCCCACTCCACTGGGAACATTTGATCCGAAACAGGCTGAAACTTTTCTGTCCATGGGAAAATGGATTGCTTTCTACAAGGAGGCCATTTACAACACTCGCGGAGGCCCCTACAGGGACCAGCCATGGGGCGGCAGTTGCTACAGAGCGGATCACAACGGCAAAAAAACCGTTTACCTGCACGTCAGCCCGCTGATTGCCCGACAGGGAAAAGAGCTGAAGGGAAATACCCCCCTGTTCATCAAAGATATCGGGGAAAAATTCACGAGAGCGACCCTCATTGTGAACGGTACCGGAAACGGAAAATTCGTCAGGCTTGAAAAGGAAGGAGACCAGTACAAAATCACTTTGCCCGAGGGTGTCACCTGGGACAGGCTGGATACCGTCATCAAACTTCAATAACCCGCTCTTCCAAGAAAACAGCATGCCTTTCCCGCACTCTCTCCTAGACCGGATTTTTATTACCGGAGAATAGTGTTGCCGCCACACGGTACTCTTGCCTATCCCATATACCCGGCCTGACGGAACCGGCATCAAATCCTGCCTTTCGCCACTCCCGCAGCAGAAGCGCCGAAAACACGCGCCGCAGGAGAACAGCGCCCCTCATAAGCCACAGTGCCTCCTTTTCATCATCCCTTTTGAGTAACCGGAGAAACAGGGGGAAAGCAAAACCCCGCAACGGCAGAAAACCGTTGCGGGGCTGTTTTCCCAAAGCAAGGGAAAAGAAAAGCGGCTTTAATTATTTGCCCTGCGCCTTTTTGGCAGCGTCAATCTGGGCCTTGATCTTATCCTTGTTGGCAAGAATGCCGGCCTTGATGCGGGGGGCCTGCATTCCGGCTTCCGTTCCCGGCTTCAACTCGGCCACCTTATCCAGAATCAGAACGGCGCCGTCCACGTCACCGGTGGAATTCAGGTAGGTCCCGAACTCCATCATCAGCAACTCCTGCTGTGTTTCCGGCAGAAGCTTGTCGCGGTCGGGATATGCCTTAACCACCTGAAGGGCTTCCGCAGGCGTAGTCTTGTCCGTCAGCTTGCCGGCAAGATAATTTTGAACATCTTTCCGTTCCTTTTTAAGCTGGTCGGAGAGGGCGTCTGCAGCTTTCAGGCCGGACTTGTCATCCTTGTCCAGCTTCTTGATTTCCGCTTTCACGTCACCATAAAAATTGTCCACATATTCCTGAGGAGCCAGATTGAGCACTTCCATCAGAGCGGCAACTTTCGCTTCATCCGTAGCAGCCTTGGCAACATTCGCTTCCGCGGCATTAAGAGCTTCCTTGTTCTTCAGGGCATCCTGCATGGCTTTCATGACATCATCCCCGGAGCGCCCTCCAACAAATCCCCCAAAAGGCTTGCCGGAAGCGTCCGCAAACACAACGGTCGGGAATCCCCGCACGCCGTACTGCTGGGCAAGCTTTTCATTGGCGGCTTTCATTTCCTTGGACTGTTCCTTGCCGCGCGGATAATCCAGCTCCACCAGCACGAAATTTTTCTGCGCTTCCTTCTGGAAGTCAGGCTTGCTGAATACGTTGGCGCGGAGCTGCATGCAAGGAGGGCACCAGTCGGAACCGGTGAACTCAATCATTAAATCCTTTTTCTGTTCGGCGGCCTGTTTTTTGGCGGCATCCATATCGGTAATCCACCCTTCCGCGGCAAAGCAGGGAGCGACGCAGGCGGCAACAACAATTGGCAGAATTTGTTTAATCATATCTACAATTCAATATTGTAGAATCGGACAGCCCGCGTCAATCCCCTGTTCAATCATTTTTAGAAAATCTCCAAAAGGGTGCGTCTTCCGCAGGGAAGTCCGCATACGGCCGATGCCGGAAAAACTGATGCCCCATGGGAAGACGGTGTCATTATTGAAGCAAATCGGGAGTTGCCTTTCAGCCTGTTTTCACTTATGTACAGAACCTATCATGAACACGGTTTTAATCATTGGAGCAGGCGGCGTTGGGCATGTGGTAGCCAACAAATGCGCCCAGCTGCCGGATATTTTTCAAAACATTCATCTGGCCTCCCGCACGAAGAGCAAATGCGATGCCGTTGCGGAGGACGTACGCTCCAGAACGGGCGTCAGCATCACTACCCATTCCGTAGATGCGGACGACGTGCCCGCCACCGTAGCCCTCATCCGGGAAATCAAGCCGCAGCTGCTGATCAACGTAGCCCTGCCCTACCAGGATCTCACCCTGATGGAAGCCTGCCTGGAAACCGGAGTCAACTACCTGGATACCGCCAACTATGAACCCCGTGACGTAGCCAAATTCGAATACTCCTGGCAATGGGCGTACCAGGAGCAATTCCGCAAAGCCGGGCTTTTTGCCCTGCTGGGTTCCGGCTTTGACCCAGGCGTCACCAATGTATTCACGGCATGGGCTCTCAAGCATCACTTTGACGAAATCCATACGCTGGACATCATTGACGTCAATGGCGGCAATCATGGCAAGGCCTTCGCCACCAACTTCAACCCGGAAATCAACATCCGGGAAGTAACGGCGCCCTGCCGCCACTGGGAAGACGGAGCCTTCCGGGAAACCGCTCCCATGAGCATGCACCAAAGTTTCACCTGCCCGCAGGAAGTGGGCACCTATGAAATCTACCGCATGTACCATGAAGAAATGGAAAGCCTGGTCAAGCACATCCCCACCATCCGCCGGGCTCAATTCTGGATGTCCTTCTCACCGAACTACCTCAAGCACCTGGAAGTGCTTCAGAACGTGGGTATGACCCGCATTGACCCGGTCATGTACAACGGAGTTGAAATCATCCCGCTGCAATTCCTCAAGGCCGTTCTGCCGGACCCCGGGGACCTGGGCAAGACGACCAGGGGAAAAACCTGCAT
NZ_CP029703.1_gap8	265026	269153	4127	TCTGGATTGATTCCGGCAGTTCCCATATGGCCGTCATGGACAGCCGCCCCGGGCTGGATGCTCCTGCGGACCTGTACCTGGAAGCTACGGACCAGCACCGCGGCTGGTTCCAGAGTTCCCTGATGCTTTCCGTCGCCTGGCGCGGCAAGGCCCCGTACAAGGCCGTGATGACCCACGGCTTCGTCGTGGACAAGGACACCGGGAAAAAAACCTCCAAATCCGACGCCAAGAGCGGCAAACCCATTGACGCGGCCTATTACTACGACAAATACGGCGCAGACATCGTGCGCCTGTGGGCCGCCTCCGTGGACTGGCAAAATGAAGTCCCCTTCGGGGAAGACCTCTTCAAACAGGTGACGGAACCCTACCGCCGCCTCCGCAATACCCTGCGCATCCTGCTGGGCAATATCAGCGGATTTGACTTCGCCGCGCAGGCGGTCGCCCCGGAACACATGCCCATCCTGGACCGCTGGATTCTGGAACGCCTGAACGCCGTCATCAGGGAAACGCTGAAGGCCTATGAAGCTTATGACTTCCGCAAAGCGTTCAGCGCCATCAACCAGTTCTGCACCAGCGACCTGTCCGCCCTGTACGTGGACACCACCAAGGACCGCCTGTACTGCGACGCTTCCTCCTCCGTGCGCCGCCGCGCCACACAAACGGCCATGACCATTATCTTCAAGGCTCTGTGCCGCCTGCTGGCACCCATCCTGGCCTTCACGGCGGATGAAGCCTGGGAATACGCGGGATATGAAGGCAGCGTGCATGAGCAGGACTTCCCCGCCCCCATGCCGGAATACGATACCCAGGAGGCGTCTTCCGTCATTTCCCGTCTCCAGGAAATCAGGTCCGTCATCCAGGTAGCCATTGAAGAACAAGTGAAAGCCAAGGTATTTTCCAAAAATAATGAGGCCTCCATTACCCTGACCGTTCCCGTGAATGAGAGCGAAGACGTAGTGGCGCTGCTGGAAGACCGGGCGTTTGCCACGGAATTTTTCATCATTGCGGACCTTGACGTGAAAACCGGTCCGGAACTGGCAGCCTCCGCTGCAAAAACGGAACATGCCATGTGCCCGCGCTGCCGCCGGTATGAACCGGCGGCGGAAGGCGGAGACGTATGCGAACGCTGCGCGGAAGTTCTTTCCTGAACCGCATCCACTCCATTTCCCGACCTTTATATGGACCCCCAGACGGAAAAAGAACCCGCCCTCCATAAAAAGACGCCTCCCGGCTGGCTCTGGTGGAGCTTGCTGGGCGCAGGGCTGTATGTGCTGGACCAGGCCAGCAAGCTGTGGATTATCCGCCGCTTCCCGCTGAACTACCTGAACGAAAAGCTCCATAAGTACGCCTACCTGCCGGACTTTCCGGGCTTCTCTCACATCAATGCGGACGGCACGCTGGACTTCGCCACGAACGGGCACATGCCGGAAGCGGAACTGGCGAGGCTCCCGGACCTGAATCCAAACACGGTGGACGCCCTGAACAGACTGAGGGAACTGGAACCCATTTCCTTTCTGGACGGAACCATGAACATTACCCGCGTGCACAACACGGGCGTTGCTTTCGGGCTGGGGAACGGCACCGTCTGGTCCAGCTATCTTTTCCTGGCAGTTCCCGTGCTCGCCATCGTAGTCCTGGTCGTGCTTTACCGGAAAAACCTCTTCCACACGGCATGGCTCAAGCTGGCCTATGTCCTGCTGCTGGCGGGCGTAGCCGGCAACCTGACGGACCGCCTGATTCAGGGGTTCCTGATTCCGTATGAGCAACAGCACGGTTTCTTCACCAAGCTGATGAACGGTTACGTGGTGGACTTCATTGACGTCACCATCCCCCTCTTCAACTACCGCTGGCCCGCCTTCAATGTGGCGGACTCCTGCATCTTCGTAGCGGCAATTATTTTCTTCGTCGCCAGCATTTTCTCCGCTAAGAATAAAGAAGAAAAAACATCCTGAAACGCCCATGACCACCCGGCTCGTTATTCTGTCAGGACTGCTTTTGTGCGGGAGCCTCGCATCCGGCAAAAATGAATTGTCCTTCAAGGAAACAGTGGTTCCGGTAAAGGTGGCTCCGGACCAGGACAGCATCACGGCATCCTTCCCCTTCACCAACACTTCCGGCACCCCGGTCACCATCAGTAAAATCCACGTTTCCTGCGACTGCACCACCGCCGGAGCGAAGGATAACAAGCTGACGTATGCCCCGGGGGAATCCGGCGTCATCAGCGCCGTAATGAAAACCGGCAATTTTTCCGGCACCGTGGACAAGGACATGACGGTGCACGCCAACGGCTCCGCCTACAAGCTGGTAATACGCGCGCAGATCCCGGACATCATCCGGATGGAACCCCGCAAGCTGGAATGGGCCAGAGGAGAGGCCGCCGTGCCCAAAACCATAAAAATCACCATCTCCAAAGAATTGCCCGTCAACCTGACCACGGTGGATTTGACGGGAGACGCCTTTGACTACGAGCCTGTAACCGTAAAAAAAGGCAGGGAATATAAAATCATCGTCACTCCCAAATCCACGGCCAGGCCGGCCTTCAACACCATCTGGGTGCGCACGGATTCCGCCGTGCCGCGCTACAAGCGCCAAATGGGGTTCCTGGCCATCAAGGAAAACTGATATCCGCCCTTCTTTCCATGAGAGACGCCTTTTCCACCGCTCTGAAACTCCTGCTGGCCGTATTTCTGCTGGCCGTAGGCGTCGCCGCTCTGGATCTGCGCGTCATCCAGCCGTTCCGCACGCCGCCCTGCAACCCGGAAACTCTGGAGGAAGGGCACGTGTGCCTCTCCCAGGTATTAAAGGAATGGCCGGGAAAAATCCTCTGGATAGATGCCAGAAAGCAGGACGACTTTGAACGCCATACCGTCACCCAGGCCCCCGTTTACCCCATCCGCCCGGCGGATGCCAATTACCAGGAACTCCTGGCAAATGCCATGGAAGCCCTGATGACGGCAGAGGACAAGGGATTCTGCATCGTCATCTTTTGCAGCAGGGACTGCACCTCTAGCGCGGCCGTGGCCAATGAACTGAAAAAGCCGGAATACGGCATCCGCGCGCCCATTTTCATTCTGGAAGGAGGCTGGGATGAATTGCGCAAAGAACCCTCACTAGTACCATAGCCATGCTTGACACAGCAACCATTCGCCCGCAGTTCCCCATTCTGGAAACCAGCGTGCACGGCAAGCCTCTCATTTACCTGGATAATGCGGCCACTACGCAAAAACCTCTGGCCGTGCTGAACGCCATCCGTCACTACTACGATACGGAGAATGCCAATGTGCACCGCGGCTCCCACTACCTGAGCCAGCTCGCGACGGAAGCGCATGAAGAATCGCGGGAAACGGTGGCACGGTTCATCAACGCGCCGGAAACGGCGGAAGTCCTGTTCACCTCCGGCTGTACGATGGGCATCAACCTGGCGGCGGATACCATCGCCGGGTCCGGCATGGTCAAACCGGGAGACGAAGTCATCGTAACCGCTTCCGAACACCATTCCAATATCGTTCCCTGGCAAATGCTGTGCGAACGCACGGGCGCCGTCCTGAAAGCGGTTCCCCTGACGCCGGGCCAGACTCTGGACATGGAAGCTTACCGGAACATGCTTTCCCCACGCACCCGCATCGTAGCCGTGGGACACGTTTCCAATACGCTGGGAACGGTTAATCCCGTGAGGGAAATGGCCGCGCTCGCCAAGGAGAACAGGCAGGAAACCATCGTGCTGATTGACGGAGCCCAGGCTGTTTCCCACATGAATGTGGACGTTCAGGAACTGGGCTGCGACCTGTATGCCTTTTCCGGTCACAAGCTGTACGCACCCACCGGCATCGGCGCGCTGTGGGGAAAAAGGGAGCTGCTGGAAAAACTGCCGCCGTGGATGGGCGGCGGGGAAATGATCAAGGAAGTCACCCTTGAAAAAACCGTTTACAACGACATCCCGTTCAAATATGAAGCGGGAACGCCCAACATTGGCGGGGCAGTGGGTCTGGCGGCCGCCATCCGCTACGTCTCCGGGCTGGGCCTGGACAACATTGCCGCCCATGAACAGAAACTGACGGATATGGCGGTGGAAGGCCTGAAGGCCATGCCGCGCCTGACCGTACTGGCCCCGGACGTGCCGCACAGCG
NZ_CP029703.1_gap9	271088	275350	4262	GCCGCCACTCCCGTATGGCAGGCCAATCCCTCGCCGCCTATCATCCTGAAAAGGCCCTGATGCAGGGGGCTGATTCTCCTTGTCCATGCAAGGCCTCCTTCCCTTCCCCCTTCTGCTGTTCCTGTTGATAGCGGCAGCCATCTTCCAGCCAAACGGCCACGCCTCGGCGGTCCAGTTTCCGGGTTCCTGTATGTCCCAGCTTTAACGGCTGGAGCGCCCTCGTTCATCCGCCCTCCCTGCCGCTTCCGGGAAAAACAGGAACCGGACAGGATTTACCTTGCCGCGGGCATCTGCGGCAACATGCCGCCGCCGCAGTTGAAACAACTGAAATTTTCCCTGCTCATCACGGCCTGTTCCTGGCTGCCCTGATTTGACTGGCCGGTTAGGGAAAAGGGCGCGCTCCATCCGGGCATGATTGGCGTCCGTTCAGCATCAGGGCGTCCCGACATCAAAATATGCCCGCTTATAGAGTTGCTTCCGTAGGGGAATTTAAGGTAGAGTGGGAATCAATACTATTCCACCTCCCTTTTCCATGTCTGCTGACGATTCCTTTCCCATGGACCAGATTTCCTCTCTCTTTCCCCAATTGGAAAATATCCAGCTTGTCGGAGCCAAAGGCCCCCAGCAAATTTTCACAGCTACCCTGAAATCAAACTTTGCTCCCGTCATGCTGCGGGTGGTTCCCACGGAAGAAGCCGGCATCTTCGGCTGGGATCCTGAATTCATCGTCCGCTCCCTCACCATCGTGGAACAATCCCACCAGGGGCTCCTGCGCGTTTATGAAGTAGGACAGGCGGGGCCGTTTACTTTCATCATCTCCGAACACTCCCCCTATCCGCGTCTGGCGGATATGGAAACCCTTCCCCAAATATCTCCCCAGGCGGCGCTCAACCTGGTGCGCAACATGGCGGAAGGGCTGCTGACGCTGCACCGGAAAAACATTTTTCACGGGGGCATCACGCCCAAGCTGATTTGCCTGCGCGAAGACGGCGGAGACGCCCTGCTGCTGCCCATCAACATTTATCCCGCCCAACCTCCGGTGGACATGGGGGACTTCGCCTCTCCGGAGTGGGTCACCGGAGCGGAAACCACGTTCACGCCGGGCATGGATATTTACGCACTGGGGTTGGCGCTTTACATTCTGCTTACCCGCAAAACGCCGATGGAAGCGGGCTTTGCCATGCCCTCCTCACTAATCAAATGCAGCGATGCCGTGGATTCGGCAGTCTCCCGCGCCATCAATCCGGATACCCGGGAACGCTACCGGGACCTGGGGGATTTCATCACGGATCTGGATAAAGCCATTGCCAATCCTGCGGGAAGAAATGCGGCCTCCATCCCTCCACCGCCATCTTCCCCGGCCATTCCGGCCCTGAACGTGCAAAAAGGGCAGTCCAACATCTATTACTATCTCATTCCGGCCCTGATCGTGGGCATTGTGCTGACCTATACCTGCATCCTGTATAAGAAGGATGTCGTTAGAATGCGCAATGATTATAATGAACAGGTGCAGAAGGAAAATAGCGCGAAAGCGGAAGCGGCAAGACAAGCGAACAGGGACGCGCGCCGCCACGCTCCGGCCACCGCGCAAAACGCCGCTGCGGCCATTCCTTCACCTGTTCCGGCCGCGCGTCCGGCGCAGGCGCCGGCAGTTCCCAAAGTTTCCGCGGAACCCGGCAAAGTCAATTGGAGCCTTCAACCCGGCGTCAAGGTTCGCCAGAGTTCCAACCGCAACATGCTGGGAGCTTACGGTCCGGAAAAGGCCGTTGACGGCAATACCAGCTCCAAGATTTCCGACGTTTCAATCAGCGCCACAGGCGTGGTTGAGGGAAAAACCGCCTGGTTCGGCATTGACTTCGGCAGGGAGACCAACCGCACCATAGAAAAGGTGGTCATTTACACGCCGGCCAACCTGACGCTGCTGGGCACCATGGAAAAATTCAAGGTAATCCTCTACGGCAATGACAAAAACGTGCTGGCGGAAAAAACCTTCAGCACCACTCCTTCGGAAAAATCCACCAACGTCACTTCCTGGAAACTGGACGCTCCGGTCAAGGCGCGCGCCCTGCGCGTGGAATCCGCAAATCCCTCCCAGCCGCTGGCATTGACGGAAGTGGAAGCGTACGGACCGGAAGATGCGGAGGACACACCGGTTCCCGCACCTGCGGAGTAATAATTATCCGCGCAGCCCTGCACCCGCTCGCCCCCCTTCGGGGGCCATGCTGAAAACTACCGTTTCCTTTCCCCTTCCCGGAAAGCAGGACGGGACAGGGCCTGATGGAATGCCACGCGCTAAGTTCCGGGATTGGCTTCGCGTATGAAATTTTCCGGTTTCTGCTCCATTCTCCGGAAGCCATCCAGGCCCGGACGGAGGAAAATCCGAAAAACGTATTTGCTCCGGATGGGAAACAGCCGCCCCTCTCCACCTTCCCCACCCTGGAAAAACGCTCTCATCCCCATATGGCTCCCGGGGAAATATCCTGAAGCGGCTGTTGTCCCTGTGGACCCCTTTCCCATTCAGGAAAAATAATACTCCGGAAAATAAAAAACCCGGCGCCGCCTCACGGCGGGCCGGGCCAGCAAAATAGCAATTCTTCCGATTACCGGTTGGCAGACTTCACAATCATGGCATCCTTGCCGATGCGGCCGCGCAGATAGTGAAGTTTGGCGCGGCGGACTTTGCCGCGGTTCACGACTTCAATCTTGGCAATGCGGGGAGTATGCAGGGGGAATACGCGTTCCACGCCTTCACCGTAGGAAATTTTGCGGACGGTGAAAGCTTCATTGATGCCGGAACCGCGCTTGGCGATCACAATGCCCTGGAAAATCTGGATACGTTCCTTGCCGCCTTCAATAACACGAGTGTGAACCTTGATGGTATCACCTACGTTAAATGGGGTCACATCCGCCTTGAGTTGCTCTTGCTCGATTTTGTTGATAATGTTCATCTTGTGTTATCTATTGCTGGTGAATATCAGTAAAAGGAAAACTTACGGGACGCAGAATATGAGCCATAATCCCCTAAAAGGCAATCCAAATTTGCCATACGTCCTTAATTTATTTTTTCGGCGGGGCCGGCGGCGGAGCCACCCTGGCAAGCCATTCCTCCAGCGCCGGAAGAAAAGCGGAGGAAGACATGAGGCCCCGGATGCCGTCCGCCCGCTGCAGAAAGGCCTTGTTGCCGCCCCGGGCCCGTTCCGCCATCAGGATTTCCAGCAGCAGGCGCGCGCGGGTGCGGGCGTCAGCCGCGCCGTCCAGGGCGGAGGAAAGGAGCTCTCCGGCGCGGGCCGGTTCCTTCCGGTACAGGCATTCCAGCGCCAGAGCTTCATAAAGGCAGGAAAAAGGGGCCTTCCGGGCGGACTCCATCAAACGCGCGGAACGATCCTTCCAGCGGTCTCCGAACTGCACGGAGGAAGCCCACCACCCCTGGAAATAACGGTCTTCTTCCGTCGGCTCCACGTCCATATCCTTCATGCGGGCGTATGGACGGTACAGGGGGTCTCCGAACACCACCCCCTGCCAGGACAGCACAGGCATGCTCATCCAGGAAGCCTCCGCCACGGTATAGCCGTCCAGGAGGCGGTCCACAAAAATATCAAAGCGGTGGCAGGCGCCCAGGAACGGCTCATACACGTTTCCCACCGTCACAGCAGCCCCCTTCTCCAGCAGGGCGGAACTCCACCCCCTGCCGGGGATCTTGAAATCGGCGGCGCTGAAGGAATGCAGATGCATGGCTATCGCCCCGGGCCGGAAACGGAACGAAGGATCCGAAAACGGTCCGTTCGCATTCCCCGCATACCACCCACAGTAAAGAGCCGTATCCCGGCTCAAGGGGAATTTTTCCGGCAGGGTCTGGGGCCAGTCATCCAGATAAGCGGGAATGCCCGCCTCCCTCACGCGCTCGAACACGTCGTCCAGCCACCGGTCCCCCTGGGCATAGGGACCGCCCCGGTCCACAACGGCCCACCCCCATAAACCTTTTTTCTCCACGTTCGCCGGTTCCGTCACCAGCCGCATGCAGGTATCGGGCGTCAGTCCGTCCAGGCGGCATACCAGAAACGAAGGAAGGCCGGAACCCACAAAATCCTCCCTTTTATTAAAATAGGGATTCACCTGCCAGGACTTCCTTTCATAACCGCCCACCGCCAGCAGAGCCAGTTCGGAATCCACCGCAGCGCGATCCGTCTGCATCTGGTTGACGCCTTTCCCGGGAAGGGGAGCGGGCGTTTCATGCCGTATCTTCATCGGCAGGTCCGCCATCA
NZ_CP029703.1_gap10	276582	280840	4258	TCCGATTTCCTGGCCCAGGGCGGTTCCCTCGGCTACATGCACGCCATGAAAATTGCGGATGCCCAGAAGTATGCTCTGAAAGCCGGCATCCCGATGGTGACCGTGAACGACTCCGGCGGCGCGCGCCTCCAGGAAGGAGTGGCGGCCCTTTCCGGATATGCCCAGGTGTTTTACAACAACGTGCTTGCCTCCGGCGTGGTTCCGCAAATCTCCATGATCCTGGGTCCCTGCGCGGGCGGCGCGGCCTACTCCCCCGCCCTGACGGACTTCATCATCATGCGCAATTCCGGCAACGCGGGCATGTACATCACCGGTCCCAAAGTGATTGAACAGGTCACGTACGAAAAATGCACGATGGACGACATCGGCTCCGCCGCCATTCACGCCACCGTGTCCGGCAACGTCCATTTCGTAGCGGACAGCGACGCGCACGCCATGGACATCCTGAAGAGGCTTCTTTCCTTCCTTCCTTCCAACAACACGGAAGAACCGCCCCACAAACTGGACACTCCGCTGGACCTGAGCGCTGACGAAGGCATGAGCGACCTGATTCCCGGCGACAACCGCACGCCGCTGGACGTCCAGCCCATCATCAGCCGTCTGGTGGACAACGGGGACTTCCTGGAAGTACACAAGGACTTCGCCAAAAATGTCGTCGTCGGATTCGGCCGCATCTGCGGCGTGGTGGTCGGCATCATCGCCAACCAGCCCAATGTGAAAGCTGGCTGCCTGGATATCGACTCCTCCGACAAGGCCGCGCGCTTCATCCGTTTCTGCAACGCGTTCAATATTCCGTTGGTGAACCTGGTAGACGTACCCGGCTTCCTGCCCGGCAAGAATCAGGAACGGGGCGGCATTATCCGCCACGGCGCCAAACTTATCTTCGCCTATTCCCAGGCCACGGTGCCCAAAGTCACCCTGATCATGCGGAAAGCCTACGGCGGCGCCTACATCGCCATGTGCTGCAAGGACCTGGGCGCTGACGCCGTCTTCGCCTGGCCTGGTGCGGAAATTGCCGTTATGGGTGCGGAAGGCGCCGTCCCGGTACTCTACGGCCGCGAACTGAAGGCTGTGGAAGACCCGGCGGAAAAAGCCAAGCGCCAGGGAGAACTTCTGGAAGAATACCGGGAAGCCTTTTACAACCCGTATGTGGCAGCCGGCATGGGACAGATTACGGAAGTCATCAATCCGGAAGAAACCCGCGCCAAAATCGCCTTCGCCCTGCGCACCCTGCTGAACAAGAAGGAAGTGCGCCCGGCCAAGAAACACGGCAACATTCCGCTCTAACATCCATCCCAACGGATTCATATGTTACTTACAACACTCGCTTTTGCCTTCGCACAGGGCATCGCCAACGTTATGGACAATCTGAACTATCAGGTTGTCGGCATCATGGTGGTTATGCTGTGCCTGGGAGGCATGGCCGTCATTCTGACCGTCAGCGGCTCCATCGCCGCCGCCATTCAGAACAGGGCCAAAGCCAAAACCGCTGCTCCCGTAGCCGTGCCTGCCGCCGCTCCCGCTGCGGCGGGCAAACCGGGCATGACTCCGGAAATGCTCGCCATCCTTTCCGCCGCCGTGGATTCCGCCATGACGGAGCTTACGCCGGAAATGGTGGCCGTCATCTCCGCCGCCGTGGACGCAGGCCTGGACGGCATGAGCCACCGCATCGTGGAAATCAAGCAATCCCCGGGTTCCGGCTATGCGGCTGCGGGCAGGGCGGAAATTTTCGCCTCCCACCGCATCCGGCCTTCCCGCTGAACTACTGCATTATTCACCCTTACCCCGCCCAGGCGGAACCATTTAACTTAATATTCCATACCACACACTATTATGAAGAAACTTCGCATCACCGTAGACGGCAAAGTATTTGACGTATCCGTAGAACTTCTGGACCAGGTGTCCTCCACCACTGCGGCGCCGGCCCCCGCACCTGTGGCCGCTCCCGCTCCTGCGGCTTCCGCACCCGTGGCCGCTCCGGCCCCGGCTCCCGCACCTGCTCCGGCTCCGGCCGCCGCCGGCGCAGGAGACGTTCCCAGCCCGCTTGCCGGGAAGGTCGTCTCTCTGGACGTGGCAGCAGGCACCCCCGTGAAGGCCGGTGACCAGATTCTGACGCTGGAAGCCATGAAGATGAACACCATCATCTACGCTCCCGCCTCCGGCACGCTCACCGCTTTCTGCGTGAACCCGGGCGACACGGTTCAGGAAGGACAGGCACTGGCCAAAATTGGTTAATCCCGGCGGCGGCAGCCCGGAAACGCCAACAGTCCCGGGCTCCGGCTCAGATAATAAACCGCTACAAAAATATTCCCTATGAGTCTTTTTAACTCATTAATCACCTTTTTACAGGGGATGGGCGTCTTCTCCCTATCATGGCAGATGGTAGGGATGTGGGGCATTGCCATTCTCCTCCTGTATCTGGGTGTAGCCAAGCAATACGAACCGCTCCTGATGGTTCCCATTGCTTTCGGCGCCCTCATTGCCAACATTCCGGATAACGGAATGCTCATCACCCAGCTGAACCAGCAGGTCATCTCCTCCAATGAACAGGGGGAAGTAACCGCCACGTCTCTGAACAACGTGGGGTACCTGCGCGTTCACGTGGCTCCGCTTCAGCAGGCTCCCTCCAAGGTGCCGGCCAATCTGACCACGCCTGAATCCCGTGCCCAGTATCAGGAAATCATGCAGCAGCCCATGCAGGTTTACCCCGGCAGCCAGCTGACTGTTTCCAAGATCAAGTCCGTGCGGGAATCCCAGGAAAAAGCCAAAGCTGACGCGGCCCTTCTGGGCGACGACAGCCTGACGGTGGACCCCAACCTGAAGGATTTCCAGAACGTGACGGAAGACAACGGCAATGAACCGGTCTTCCTGCTCACGAACGGAGAAGGGACCACCGTCGTCCGCCAGCAGGGCGTCAATTACTTTGACACCAGCGGCAACCGGATTCCGGTGGATCTGAAAACCCAGAAGCTGGAGCCCCTGGTGGTTTCCGCCGCAGGCAAATACGTGGCCGTAGGCCAGCATACCCAGGAACTGCTGGTCACCTCCATCCACGGGGGCCTGTATGACTGGATCGGGCTGGGCATCAAGGCTGAAATTTTCCCGCCCATCATCTTTCTGGGCGTAGGAGCCCTGACGGACTTCGGCCCGCTGCTTGCCGCTCCGCGCACCCTGCTTTTGGGCGCAGCGGCCCAGGTGGGCGTAGCCGCCACGTTCTTCATGGCCCTGTTCATGGGGTTCACCCCGAATGAATCCGCGTCCATCGGCATCATTGGCGGCGCTGACGGCCCCACCTCCATCTTCCTGACGATGAAGCTGGCTCCGCACCTGCTGGGCGCCGTGGCCGTGGCTGCATACACGTACATGTCCCTGGTTCCGCTGATACAGCCGCCCATCATGGCGTTGCTGACGACCAAGAAGGAACGCCTCATCCGCATGAAATCCCTGCGAACGGTCAGCAAGAGCGAAAAACTGTTCTTCGCCGTGCTGGTAACCATTGTCACCATTTTGCTGATTCCGGACGCATCCCCGCTGATCGGCATGCTGATGCTTGGCAACTTCCTGCGCGAATGCAAGGTGACGGAACGCCTGGTTCAGGCCTCCCAGAATGAAATCATCAACATCGTCACCATCTTCCTGGGAACCTCCGTGGGGCTCACGATGCAGGGCGACCGCTTCCTGCAGTCGGAAACGCTGCTGATCATTCTTCTGGGTATCGTCGCCTTCGGCGTGGCAACAGCGGGCGGAGTGATTGCCGCCAAGATTATGAACCTCATCTGGCGCAAGAATCCGGTCAACCCCCTGATCGGGTCCGCAGGCGTCTCCGCCGTCCCGATGGCAGCCCGCGTCTCCCACAATGTGGGCCAGAAGTACGACCCCTCCAACTACCTGCTCATGCACGCCATGGGTCCGAACGTTGCAGGCGTGATCGGCACCGCAGTCATCGCGGGTTACTACATCGCCACTCTGGCGAAATAACCAGAATTGAAAATTACTCCCGGCCTCGGCCCGTCCCATGAATTCCGCAGCCTCATTTTCCACCCCTCCGGAGGAGGAAGGACCATGCGGCGACTGGACTTATCATGAATGGGCCGAGGCTTTTTCCACCAATGATCTGGCCCGAGCCCTCCCCCCGAGGCATATTGCCGTCTGCCGCGTTCAGACAGGAGGCCGCGGCAGGTTCAACCGCAAATGGATAGGGGAGGAAGGCGGCCTGTGGGCATCCTTCACCGTCCCCCTGTCCGCTCCTGAGGATACA
NZ_CP029703.1_gap11	409900	414231	4331	GCCTCAGTACGGAAACGCTCACCGCGCCGCACGGCACGGGGCGGTCCGGATAACGGGCGGCATCCCACCTGGCGTCCACACGGTCATTCTCCCACATGCCATACAAATAAAAGCACAGCCCCATCAGCACTACGCCCCCATACAGGGCGAGAGGCGGCAGCTCCGCCCCACGGACGGAAGCCCACGCCGCCGCCGCGTTGGTAAACAGCGTGGGAATATTGGCCGGACGGGAGGAACGGAGCACTCCTCTCAATAAACGGCAATCATGCATCGCCGCATACTGTACAGGGAAAAACGGCGATGACCAAGCACATCCACAGTCAGCAAAAGTGCAGGAACCGGCATCCCGCCCATGCCGGGCAGCATCCATACATACCCAGAAATAGATTGTCTTTGCAGGACTGTCCCCTATCATGCCGGAGGCATTAAAAATACTCTTCTCTCCCCCCATGAATATCAGGACCCACATCCAGGCGCTTCTCATCTGTACCATGCCCCTGTCCGCACAGGGGCAAAGCATCGTGGATTCACGGGCCTCCCTTCCACGAGCCGTCCAGCTTCACGGGAATGAAGGCAGGGAAACGGTGCGGCCAGACGAATCCAAGCGCATCTCTCCGAACGAAGCGCCGGCATCCCGTGTTCAGCCCCAGCGGATCGTCAACCGGATTGCCGCCACAGTCAACGGCCGTCCCATCACGGCCAATGAGGTCAGCGTGCGTCTCATGCCCATCGGAGCACAGCTCGCGGCCCAGTATCCCAAACAGGGGCCCGAATTCTACAAGCAACTGGCCCTGGCGAAAAAAAACATCATTGAAGACCTGGTGGAGCGAGAACTGCTCCGCAATGAATTTGAAGGCATGGGCGGCGTCATTAGGGACTCTCTCATTGACCAGGAAGTCAACCGCACCATCCTGACCACCTTTAACGGAGATCGTTCCGCCTTCCTGAAAAACCTGAGCCTCTCCGGCATGACCATCCGCGCTTTCCGGGAAATGACGAAAAAACAGCTCCAGGTTCAAATCATGCGGGCTTCCAAATACGACCAGGAAATACCGCCTACTCCGGAGGAAATACAGCAGGAATACGAATCTACCAAAGAACAATACCGGGACCTGACCAAAGACAAAATCAAATTCAAGAAAATCTTCATTCCCATGCTGGGGGATGACTCCGCCTCCACGCCGGAAGTACAGCTGAACCTGGCGGAACTCATCGCCAAGGAAATCAAATCCAAAAACGCCACCTTTGAGGAAATGGCCAAACGCTACTCCAAGGATCTATATGCGGAAAAAGGCGGTGACTGGCCCGTTACGGAACGCTCCACGCTCTCCCCGGAATCCGCCGCCATCATCTTTGGCGCACAGCCCGGCGAAATCATCGGACCGTTGGTGGACTCCACCGGCTTCACCATCGTATTGGTGGAGAAAAAGGAACTGGCGCCGCCGCCCCCCCTCTCCGCCATCAAGGAGCAGATTGACATCATGGCGCGCAACAAGCGCAGCAATGAACGTTATAAAAAATGGGTGGAACGCCTCCGGAAAAAAGCCATCGTCAAAATATACATCTGATTTTTCTCCTTTCCCCATTGCCGGACCGGCCCATTCAACAAGGCCGGTCCGGCGTTCTCTCTTTCATTCCCCCTGTTTTTCTTTCCGCCAACCGTTCCGTCCGCTCTCCTTCTCCTGCCGGGGGCATCTTCCTCTCGCCCATATCTCCGGAAGACGCCTTCATACATAACTGGACGGCGGCCGCAAGTCATCCCGCCTGACGCGTGGAACCCTGCTGACGTAATCCGGGCAGAAACCGTATCCTGCTGAATAAAAATCTTGCAAGATGGCAGATTTCCAGTCGTAATATCATAGATATGTTCACCAATATTACACGCACGACCCTCTGCATTACTGCGTTCAGCATCGCCAGCCTCATGGCGGCGCCTCTGAATGCAACCAAAACGGAGAGCCTGGATTGGAACTGGAAATTCGCCCGTTTCGGGAAAATGCCGGATGGCAGTACGCAACCGGAACCGGGAAAAGCCATGGGATTCGCCACTGCCACCAGTGAAGAATCCGGCAATCCGGCGGACAATGCCGTGGACGGGGACAAGTCCACCCGCTGGTGTGCCGCCAGTGGCAAAAGCGGAGAAAAAATCACCGTGGACATGGGACGCCCCGTAGATGTAAAAACCGTTAACATCCTGTGGGAAAAACAAAGCAACCATCTTTTCAAGCTGGAAGGCTCCGGTGACGGAAAACGCTGGGCAACTATTGAAGACAAAACTTCCGGGCAAAACGACTCCAAGGAAGACACGGTAGAAAACAAAACCGGCAAACCGCGATACTTCCGCATCACCGTCACGGGCAACAACCAGAGCAACTGGGCCAGCATCCGTGAAATCACCTTTAAAAACGACAAGGGGGAAATTATCCGCCCTCAGGCCGCCGCCGGAACCAGTAAGGCGGACAATCCCTCCAGCCCCTCTTTCAACGACAAAAACTGGCGTTCCTTGAACCTGCCGCACGACTGGGGCGTGGAAGGACCCTTCCGGATGGAAATTGAAAACAGAACCGGAAAACTCCCCTGGGTCGGCATTGGCTGGTACCGCAAAACGCTGGAAATCCCGGCGGACGCCAAGGGCAACCAATTCTATCTGGACTTTGACGGCGTTATGTCCCGCCCCAAAATTTATGTGAACGGACACCTGGCCGGCGAATGGAAATACGGTTACAGCTCCTTCCGCGTGGACATCACGCCCTTCCTGAAATTCGGGCAGCAAAATACCATTGCCGTCAGAGTGGACAATCCCCCCAGCACCTCCCGATGGTATCCGGGCGGCGGCATCTACCGCCATGTGTGGCTCACGGAATCCAACCCTGTGCACATCGAACACTGGGGCGTTTTCGTCAAAACTCCGGAAATCACCAAATCCGCCGCCAAGGTGGAAGTGGACACCACGGTGAAAAACACCACGGACAAAGCCGTCATCCCCACTGTTACTGAAGAAATCCTGGACGAAGGTAAAATCGTAGCCTCCACAACCACCAAAGGGGAAGAAATTCCCGCCGGGGAAAAGGGCAAAATCACCAGCACGCTGACGCTCAAAAACCCCACTCTGTGGACGCTAAACGCTCCCCATCTGTATAAGATGAAAACCACGGTCAGGATGGGAGACAAAGTCATCGACCAAAAATTCACCAACTTCGGCGTAAGAACCGTTGAATGGAAACCCACGGGATTCTACCTTAACGGGGAGCGCGTGCAGCTCAAGGGCGTTTGCCAGCACCATGACCTGGGACCGCTCGGCTCCGCCGCCCACACGCGAGGCTATGAACGCCAGATTGAAATCCTGAAGGAATTCGGCGTCAACTCCATCCGCACGTCCCACAACCCGCCTGCGCCGGAAGTGCTGGACCTGTGCGATAAAATGGGCATCCTGGTCATTGACGAACTTTTCGACGTATGGCAATGCTCCAAAGAAGGCGTCAACAACGAATCCTTTAACGAATGGCATGAACGGGACGTGGTTAACCTCTGCCACCGGGACCGCAACCACCCCTGTGTCATTGCATGGAGTTCGGGAAATGAAGTTCCGGAACAGGGAATGAAAAATCTGCACCATATCTCCCAAACCCTGACGGATCTTTTCCACCGGGAAGACCCCACGCGCAAAGTGACTTCCGGCTGCAACAACGCCAATGCCGCACGCAACGGCTTTGGGGACACCCTGGATGTTTACGGCTACAACTACAAGCCCTGGGCCTACAAGGACTTCGCCAAGGACCGCCCCCACCAGCCGTTCTATGGTGCGGAAACCGCCTCCTGTGTCAGCTCCCGCGGAGAATACTTCTTCCCCGTGGACTGGAACAAGGGCAAGGGATTTTACCTCTACCAGGTCAGTTCCTATGACCTGTACGCCCCCTGCTGGGCCAACCGCCCGGATGTGGAATTCGCCGCTCAGGAAGACAATCCCAACAGCGCGGGAGAATATGTATGGACGGGCTTTGACTACATTGGGGAACCCACCCCATACAATCTGGACGCCACCAACGCCCTGAACGTGCCGGAAGGGCCGGAACGCGAAAAGCTGATGGCGGAACTCAAAAAACTGGGAAACCGCGCCCCCTCCCGCAGCTCCTACTTCGGCATCGTGGACCTGTGCGGCTTCAAAAAGGACCGCTTCTACATCTACCAGGCCCACTGGAGGCCGGATCTCAAGATGGCGCACATCCTGCCGCACTGGAACTGGCCGGAACGCAAGGGGCAGGTAACGCCCGTGCATGTCTACACTAGCGGGGATGAAGCGGAACTCTTCCTGAATGGGAAATCCCAGGGCG
NZ_CP029703.1_gap12	506623	510838	4215	TTAAGCGCCGCCCTCTCCGTCTTGGCGAAGACGGAAACCAGCAGGGACAGGCTCACGCCGACAAAGGCCGTCAGGGCCATCGTCCCCAGGTAAATCAGGAACATTCCATGGATTTCCAGAATGGAGTTCCCCACCCACAGGAACAGGGCGGACTGCACGGCGGAGAGCCCCGTCAGCACCAGCGCCTTTGCCAGCACATAACCGGTCACAAATACCTTGGCATTGCTCTCCCTCTTGAGCAGGGCACGGTCCTTGAGCACTTCGCTGGCCGCCCCGGTCAGGCCGAAGAACATGGCCACAATGGTCGCCAGGAACAGGTAGGAAGGGATGTGGAGGGCCGTGGCAAACGTATATTCCGGGCTGGAAGAGGCGCGCAGGGTCACGGAAATCAGCAGGGCCAGCACCGGCCCTTCCAGCAGCATGGTGTACAGCCCCATACGGCTCCGCACGCGCCCCAGGAAGGTGCGCACGGCCCAGATGCGGAAAAGCCGCCAGAGCTGTATGACGCTGCGCCTGGGGGCGGGGGGAAATTCCAGCGTGCCTTCATACAGCGTTCTGGGGGCGCCCCCTTCATGATGATGCCCCATCACGTTGCGGAACCGGTAGCCTTCAAAGCGCTCCTGCCACAGGCGGGGGTGCTGCCGCCTGCGGCGGTCGTGCCAGGAGAGGGGGGCTTCCAGCACCTCAAACACGTAGTCCGCGCCTCCGGCCGTCCGCGCCTCCTCGGATACGTCAATAGCCATGTCCGCTGCCGCCTTCCGGAAATACCGCATCATGCCCGGCACGTCCCCCCAGTAAGCCATCTGGCCGCCGTGGTCCAGCACCAGCACTTTGTGGAACTGGTTCAGAATAGCCGTGCTGGGCCGGTGCATGGTGGCGATTACCATTTTGTCGCGGCTCATGTTCTGCATGGTCTGCATGACCAGCTTGGCATCTGACGTGGACAGGCCGCTGATAGGTTCGTCCAGCAGGAAAACATCCGCAATGCCCGCCAGGTCAAGCCCCAGGTTCAGGCGCGTGCGCTCCCCGTCGGAAATGGTGCGGGCGTTCATCTCACCCACGCGGCGGGAGGCGATGTGCGTCAGGCCCAGAAATTTCAAAATAGCATTCACGCGCCTGACGCGTTCCGACCGGCTCAGCCGCGGACGGCGTATCATGGTGGCCTGAGAGATGTGTTCGGAAACGCTCATGGCCGCATCCAGAATATCTTCCCGGGGAATGAAGGCGATGTAGGGCCGGATAAGATCCGGGGCGCTGTACAGAAGCTGGTTGTTGTAACGGATGCAGCCCCGGGTGGGCGGCAGCTGGCCGGCCAACATGGAGAGCAGCGTGCTTTTCCCGGATCCGCTGGGCCCCAGGATGCACACCATTTCCCCGCGTTTCACGGTCAGGTCAATATTGTCCAGCACGCGCCCGGAGCGCAGGAATTCCTTGGTCACTCCTTCCACGCTGAGGGTTCTGATCGCATGGTATTCTTCATCCAGCACCCCGGCGGAAAAACGGCAGCGCAGCGCGTGGTAGGCATTCAGGTGCACCACGTCCCCATCCCTCAGGGAAACCCTTCCCCGAACAGGCCGGCCATTGAGCAGCAGGGGCATGGAGGCCTCCACCACTTCCAGCCATCCGGAATTGGTGGCGCTGGAAAAAGAAACCTCAAGCACCGCACCGGGGGCCAGCCCGGGAGTCAGCAGCATGTCTCCCTTGCGCGCCTTTTCCGGCAGGTTGGTCACCCGCAGCTTGCGGTTTCCGGGATCCAGGCGGAAACGGCGCCCGATGTCCGACATGGAATTCTGCACCTCACCCATGGAGAAAGGCCCTTCCCCGTCCAGCGTGAAGGAGGAGTAATAGGCCATGCGCACGCTTTCACCGGGGTACAGCCGCCTCCCGTCAACCGCGAATTCCACTTCCGGCCTCAGCACCTCCACCTCGCACGCCAGCCCCATGTTCACGCGCACCTCGCTGGCGCGGGAACGCACCCGGCTGATTTGCAGGGAGCCGCCGTCCAGGGAAATATAGCATACTTCCTGCTTGCCTGAACGCTTGCAGTCCAGAAAAAACGCGAAGTCTTCAAAACTCAGCGGACCGGACGGCAGCAGCACCACCTGCCCGTTGGTCAGCGGCATCACCCCGCCGGGCTGCAAATGGCGCCCGCGCACCACAATGGGACGGGTGCCGTCATTCACCACCAGCACCAGGCGGGAACACCGGATCAGACGGAAGGAAATGCCCTTGTCCTGCTCCGGAAGGGATACCTCCGCACCGATGCCGGAGGAAAAACCGACGCTGTACGCCGGTTCCTGGGCTTCCACGTCCGGCGTCATCAGCAGCTGCCTCAGGTGGTTTGCCGTGCCCGGCAGTTCCAGACCGTACGTCACCTGGTCAAACAGCTCCCCTGTCATGCGGGAATCTCCCGTATTGATCAGCAGGGAAAGCACTTCCAGAGCTATCGCCATGCGTTCCGTCTCATCCCTGCCGGAAGCTGCGGAGGCCAGGACATCCGCAACCGTCAGGCTGGCCCTCATGGACCGCTCAAAACGGTTGGAAAGCCAGCGGTGCTCCACTTCCGGGAAAGTATAGCGCAGAATATCCAGGGCGGCGTCCGCATCACGGGCGCTCAAATGGCGGCGTCCGCTTAAAATAGTGGCGAACAAGTCCACCAGCGTTCCGGCATGCACCTTCATGGAGCCGTCGTCACGGCGCAGCCACGGCACGTAGGCGCCCAGCGCCCTGACCAGATTCAGCCTCCAGTGAATCAGCTTGGAAGGAATGTCAAAAAACCATTGGATCATGCCCGGAAACGCGTTGCCGGAACAGTAGTACAGGGATTCCCGCCCCATCTCAAGCGCAACCGGAATTTCACGGAGAAATGACAATATTTTCTACAGCTTTATCTTGCAATAGCTCCGGAGGAAGTATAGTTCTGTCCAATGTTCATGCTTTCCGCGTGAAAGCTAGCCAAATACATCAACATTATCACAACATGGATATTTTAGTTTCTACTCTTTGTGACTTCGCCGCCGACTACCAGGGCAAGCTCTGCATCCAGGGCGGCTTTGACTCCCTGGTCGCCCGCCAGTTCCCGGTCGTGCATCCCGTCTGCGCCGTTGCTCTGCGCATCTGCCTCACTCCTGAAGACGAAGGCACGCACGAACTGGGCCTGAGCATCGTTGATGCCGACGGCACGCCGCTGGACAAGGAACGCATGCCCATCAAGATCAATTTCCCGGTTCCCGCTTTCCCGGAAGGAGCCTCTTTCTTCACCCGCAACCTGATCATGAACTTCCAGGGCCTGCGTTTTGAAAAACCGGGCAACTACTCCATCGACCTGACAGTTGACGGCGAACTCGCCTCTCGCGTACCCTTCCGCGTAGTGCAGGTGCAGGAAGAAGCCGCCCAGGCCTAAGAAACCATCCCCTCTTCCATCAAACCGCCTCCCGTTCATCCGGCAGGCGGTTTTTTATTGGCGCGGCCGTCCGCCCGGAAGTGCGGAACAGGCCGGCCCCGGTTCCATGCACCTGAAAACCTCTGCGCCTGGCCCCGGCCTAAAAAAGGGAGATCGGCTTTTTGCGTCCTCCTTCCCCCTTTTTCATTGCGGTTCCGCACCGGATTGACCATGATACGGGCTGCTCCAACCCGCCATGCACACCGCACGCCTCCAATACGACAGGATTATCATTACGGGCGCATCATCCGGCTTCGGGGAAGCGTTTGCCGGAACGCTGGCCCCCCATACGGCGGAATTGGTGCTCATCGCCCGGAATGAAGCCGCCCTGCGCCAGCTTGCCGCTGCCCTGGAAAAACGCTATTCAGGCCTTCACGCCTCCGTCCTTCCCTGCGACCTGGCGGACGAAGCCTCCCTGAATATGCTCATTTCCCGCCTGGACAGCCTTCCTCCGGGAAGAACCCTTCTGATTAACAACGCCGGTGCCGGTGATTACGGAGATTTCTCGGACGGCCGCTGGGAAAAAATTCGTTTTCTGCTGCGCCTGAACGTGGAAAGCCTCACCCGCCTGTGCCATGCGCTGGTCCCCTCCATGAAGAGGAACGGAGGAGATATCATCAACCTCAGCTCCCTGGGAGCCCTCCTGCCCATTCCGGATTTTGCCGTTTATGCGGCCACCAAGGCTTATGTTTCCAGCCTGTCGGAAGCGCTGCGGCTGGAACTGCGCGAACACGGCATACGCGTGCTGGTCGTCTGCCCGGGCCCGGTTTCCA
NZ_CP029703.1_gap13	707413	711869	4456	ACATCAGCTCCATTGTCCGAACCGGACCCGAATGGGACTCAGGCCGCAAAAGCCCCAGTTGCAAGCAGCCCGTTTTCATCTCAGCTGCCGGAACGGATAATTTCAGGTTTCCTTCATGGCGCCGATAAATATGCGGGGCGGCCATGATCAAGCGCCGCCTCTATCGACGATGCGATGAACCCTAAACCCGCAAAATAACGAGGGTCCGGCCCATCAACAATGAAAAACCGCCCCTTTCCGAAAAAAGGGGCGGTTTTAAAGACCTTGGCGACAAGGGAAGCGGCTCCTTTAGAAAGCGGCTTCAATCTTCGTAATGGTATACACCTTTTTCTTGTCGCCGTCCATCGGGACAATCTTCACCTGGTCCCCTACACTTTTGCCCGTCAGCTCCTTGCCGACCTGGGAAAGATAGGAGACGATATGCTTTTCCGGATTTGTGTCCCACGCGCCCAGAATGGTGTACACCACGGGCTCCCCGCCATTCAACGGCTGAAGAGTCACCTTCGTTCCCATGGCGGCGCGGGAGGTATCCGTCACGGCAAAGTCCGTGCCGCGGGCCAGGGCCAGCGCATGTTCCAGTTCCGCCCGGCGGCGGTTAAGCACCTTCTCCACTTCCTTGGCATCCTGGTAGCCGCCGTTTTCGCGGAGATCCCCCTCCGCACGGGAAATCTTCTTGTTATGCAGGTTTTCCGGAATTTTCACGTTTACCAGTTCTTCCAGCTCCTTCTTGCGGGCCTCCAGGCTTTCCCAGGAAACGAAAATCGGTTCCGGTTTGTCGGAGTTGTCCACCAGGGCGTCCAGCACAATGGAGTGCAGGTCCGGGAATACGCTGATGATGCGGGCCATCAGCGCGCCGCGGTCCTGTTCGGAGAAAGCGGAGGTGTTGTACAGCATCTTGGCAAACTGGCGGACTTCCGCCACATCCTGCCCCTTGATCATTTCCTGGATGATGCTCTTATCCTCCATGAACAGGTTCTTCAGGCGCAGCATGCGGTTGGGGCCGCCGTCCATGTGGTCCTGTTCAATCAGGGAAAGCATCGCAATGCCCACAGGGAGGCCAAAAAGAGGCTTGGAAGCGTCATGCCGCTGGCGGCATATCCAGATGAGGGACTCCGCCGGAAGGGTCTGGCGCAGCAATTCATGCTTCAAATGCTTGACCAGCACCTTGTCCTGCCCTTCTTCTATCAGGAATTTGGCGATTTCCCCCACGGCGCGGGCGCCGCCTGCATCAAAAAGCTCCAGCGCCTTCTGCGGCCAATCCTCCCCAAAGATGGCGGGCAGCGTGGCATACACGCGCTTCTGCCGCACGGCAGGCATGGAATTGAGCACTTCCGCGAAGCGGCCCACATCGCCGATATTGGCTTCCACGATGGAACGAAGGGGATAAGCTTCCTTGGCCGCCTCCGTATTTTTAAGGGAGGCAATCAGGTCATCCCTGAGCACGGCCAGCTCCAGCACCTGCTGGAGAGCCAGGCTGCCGCCGTTGCGCACATCAGCATCCACGGCACGAATCAGGGCATTGACGGCATCCGGCTCTGCCATGACCGCTTCCATTTTGATGCCGTCCAGCACGCGCACCTTGGCTTTCAGGTCGGCGGCCTTATTGTAATCTTCCAGAGCCGCCTGCGCACGGGAAAGGATATTCGCGCGAAGCGTGATGCGTTCGCCCTTGCGGGTGGGCATCATGAACTGGACATTGGAACGGAGCATGGCGCGCACCTTGTCCCACCAGCCTTTCCACTTGTCCGCCGCAATTACGGTGCCTTTCAGCGCGGCTTCCAGCTTCTCTGGAGTAAGGGAATTACCGTAGCCCTGCAAGGTAACGCGCACCAGTTCCACCGGGTCATCCACGGACAGGTTGATCAGGGATTCGGTATCTTCATACCGCTTGGCCAGGAAATGGTCGTCACTGATGAACTCCAAAATTCTGGGAGCGAATTCCAGGGCAACTTCGTGTTCCGGATTTTCCTCAAAATCAATGACCAGCTTTTTGGCGGGGAGATTCCAGGAAATGACTTTTCCGGCGCCCCAGGAAGCATGGAAGCAGTAACGGCCAGGTGCGATGCGATCAAGTTTTTCGGCGAGAGAGGGGGTAATTTTCCCCAGAGACAATAATTTCTCCAAGTCGGCGTGCATACTAAAGCACATGATACGCCCCCCCCTACCGGTATCAAGACTAATTTCCCTCTTCCGTCCGGAGGCGTCCCGAACGGCTTTCCAAAGCCGCCACGGAGACAGCGGCCGTCCGCGTCATGCTCCGACTTCACATTCGGGTTTCGCTTCTTTTTCCCTCCCCTCCTCCATCCAGTTGCGGCTTGACCGTGCGGGGCGTCTGGCGTAACATCTCCGCACGCATTCAACCCCTGCGCAACACGTATCATGGAACCTATTTACGAAGGGAAGGCCAAACGCCTTTATACGACTGACAATCCCAACGTCCTCCGCATGGAATACAAGGACGACGCCACTGCCGGAAACGGAGCCAAGAAGGCCCAGTTTGAAAACAAGGGCAGGATGAACAAGGCCATCACCCTGGTCATCTACCGCATGCTGGAAAGCAAGGGCGTGAAAACCCACCTGGTTGCGGACGTGGACGACATCAACATTGACGTAAAAAAGGTTTCCATCCTTCCTCTGGAAGTGATCGTGCGCAACATCGCCGCCGGCTCCTTCAGCCGCCGCATGGGCGTCAAGGAAGGCACCCCCTTCAAGAAGCCGATCGTGGAATTCTCCTACAAGGACGACAGCCTGGGCGACCCCTTCATTAATGATGACTACGCCCGGGAAATGAACGCCGCTACGGAAGAGGAATGCGTCTTCCTGAAGAATCAGGCCCGCATCGTGAATGACGTGCTGATTGACTTTTTCAAACAGGTCGGCCTTACACTGGTGGACTTCAAAATCGAGTTCGGACGCTTGGCGGAAGATCCCTCCCAAATCGTGCTGGCAGATGAAATTTCCCCGGATACCTGCCGTCTGTGGGACATCAAGACCGGCGAGAAGATGGACAAGGACCGCTTCCGCCAGGACCTCGGCAACGTGATGGAAGCCTACGAAGAAGTCCTTTCCCGGCTCCAGAACAAGGCTTGAGCCTCTTCCCCCTTCCCATGGGAGCCGGTCTTCCGCCGGCCCCCATTTTTCATTTTACCACACTCTTGAGCGATATGACCCTCCACTTTGAAGTTATCAGCCGGTTCCAGGCCGCCGCCAATGCGGACGCCCTGCTCTATACCCCCCTGAACGCCGGCCTCACTTTCCGCCGCAGCCGCGTTTACACTGTAGAAATCACCGGGGACGAACAAAAAGCCCGCGAATACCTCCTGAGTGTGCTGGTGGACCCCATTTCCCAGGGATGCACGGAACAGAACGCGCCCATCCTGGAAGGCGCCCTGTTCACGATTGACTACGGCATGAAAGCCGGCGCCCTGGATCTGGAAAAAGAAGCCATCCTGCAAAACTACCGCGGGCGCCGGAATATGGGCTTTACTATGGACGGCCTGAAAATCACCCAGCGCGTGTACGTCTTCGGCCAGGGAGACAAGGAAACGCTGGCGGCGCGCTTTGCCAAGGACGTCTGCAATCCCGCCATTCACAACTGGACCATCGCCTAACCCTTTTCCTTTCCCATCCACATGTCCGCCAAAACCTACCGAACCGTTCCCGTAAGGAACCTGAGCAGCGACGAACTGCTTGAACTCAGCAAGAAACAGAAGCTTTCCCTGTCCCGTGAAGACATGGAAGTCGTCCAGCAGATTTTCCGGGAAATCGACCGCGACCCCACTGACGTGGAGTTGGAAGTAATCGCCCAGACGTGGTCGGAACACTGCAAACACCGCATCTTCTCCGCCTCTATCAGCCACAGCGTCAACGGCGGCGCACCGGAGACGGTGAACAGCCTGTTCAAGACCTACATCAAGAAGCCTTCCGAAAAGATCATGGAACGCAAACCGGGCTTCGTGCTCAGCGCGTTTGACGACAATGCCGGCTTCATCGCCCTGGACGACAACCTAGCCGTCTGCCTGAAGGCGGAAACGCACAACCACCCCTCCGCCATTGAACCGTACGCGGGAGCCAACACCGGGCTGGGCGGCGTTATCCGCGACATCCTGGGTGCAGGCAAGGGAGCCAAGCCCATCGCCTCCCTGGACGTCTTCTGCTTCGGCGCTCCGGACACGAATCCGGCAGACATCACCGCCCCGGACGTCATCCACCCCCTGGGCATCATGCGCGGCGTGGTGCGCGGCGTGCGCGACTACGGCAACCGCATGGGCATTCCCACCGTCAACGGCGCCATCCAGTTTGACCCCACGTACATTTATAACCCCCTCGTCTTCTGCGGCACCGCCGGCGTGATTCCGCGCGGCGACATCCTGAAGGAAATGCGTCCCGGCCTCAAGGTCATCGTCATCGGCGGGCGCACGGGACGGGACGGCCTCAAGGGAGCCACGTTCTCTTC
NZ_CP029703.1_gap14	747678	751177	3499	AGCCCTTCTTCCTTTACGTGGCTTATACGGCTCCGCATACACCCCTCCAGGCCCCCCGGAGGGAAATAGAAAAAATGCTCCCGTTCTACAACGGCAAATCCCCCCATGCCATTGCTTCCAAAAGACTGGAAAAACAAAAGCTGCTGGGAATCGTCCCTCCTGCCGCCAAACTGGGCATGGCCGGCAAATTCAATCCAGAAGGCTATGAAAAAACTTCCGCAAAGCGGAAGGATTATATTGCCGAATGCATGGCCACCTACGCCGCCCAAATCGTTATCATGGACCGCGGCATAGGCCGCATTCTCGCGTCCCTGGAACGTCACCGCCTCAGTGACAATACCATCGTCATGTTTTTATCAGACAATGGCGCAACAGCGGAAATGCCCCAGAACAATAAAAACAAGAAGACTACCCTCCCCACAGGCCCGCTGGGAGAAGTCGGATGCAGGGACGGATACGGCCCCATGTGGGCGGCTGTGTCCAATACCCCTTACCGCCAGTATAAAATAGAAACCTTTGACGGAGGGCTGTCCGCCCCCTTCATCATTCGCTACCCTTCCAAAATACGTCCGGGATCGCGCTACCACTCGCCTTTCCTGCTTCAGGACATCGCCCCAACCTGCCTTGCGTGGGCCGCTCTCCCAATTCCGGCCCATATGGACGGCAAGCCGCTCAACACCTACTGGAATAATCCTCCGGAACTTCCTCCGTCCAAGGTGTGGGACTTCATTCCCAATACCTGCCCTCCCCGCACTATCTTCTGGGAACATCAGAGGAACCGGGCGGCCCTGACAAGTCAATTCAAGCTGGTGGCCCCCAACCGCGGCCCCTGGCAGGTGTACGACATCAGGGACAGGACGGAACAGAAAAATCTGGCATCCAGGCACCAGACGCTTGTAGAACAATTGTCCGCACAGTACAGGAAATGGGCGGCGGAAAACCATGCCGAACGACACAGCCCGGCAGAAAAACGGGCATACGCGCCCTAAACGTTTCTATGGGAATCCCCTTCCGGAAGAAAATTCTGATTTCCGTTTCCTCAAGTAACGGAAAACGGCATGTGATTCACCGGGAAAGAAAAAGCAGGGAATAACAGTTATTCCCGTCCGCGGCAACATTCCTGTCTCCCGGGCATTCCGGGAACCATTCATTATTTTCACACTCCTTGCCATCCTTTCCCATGAAGGGGAATTACATAAAAATCCGCTTCTTCATTCGGATTTTTCCTATGCCCTATTTTTTGCCCTGTAATCAAAAATAATTCCTTTATAAGGTTAAAACCAGGCAAAACACCGCTGTTTACCAAATCATTTCCCAAAAGGAAAACTCTTCTTTTTTCCTAACAATTATTGGAATAAAAGAATCCTTATCATTCAAAGAAATACCGTATTAGAATACTTCTAAATTAGCAAAAAACTCATTGATTGTAAATAAACTTAATTTAAAATGCCATAAGAAAAAACCTTTCTGTACCTTACCTTCGTTCTGCACAGCCGTCACATCAGATATGGAATATTTTTGATAATCAATTCATAACACACCTTTAACAAAACTTGCACAGCGTCTTTTTATGTTCAAAGAGCCCTCTTTCCTCAAAAAAGCAAATCTGTTCCAGCCTATTCTGGTTGTCGTGATCTCCATCATCGGGGGAACTCCCATGGAAGGAGCCAATACGGGGAAAATAGTCCTTTTGATCATCCTGGGCGCCGCTTTCATTGTATGGCATGTGGAATGCCAGAGACTGCTCAACAGAAACCGGGAAACCAGGGAACATGCCTGCGCCCTGAAAAACCGCAGTGCGGCTCTTTACAAAAAAACTTACGCCGCCCTGAGCGGAGAATACGAAAACTTCGCCAATAAACTGAATGGAGAAAGTTGCCAGGAGGCAAAAACGGACGGTTCAAGGGGGACGACGGAAAGCTTCAACGGAGCCTGCCTGTTCCTGTGCTCCACCATTGCCGCTGCGCTGGCTGAATATAAAAACTCCCTTGTCTTTGAAGTGCTTTATATTCAGGCAGAGCGGAGGAAAGACCAAACCTTGCTGCACGTTATAGGCTACGCACAGGGAGAACACAATAACGACACCCCTTCCCTGCTGGCACAGCCTCCGCGGCCCGTAACGAAAACACCCGCCATGCTGGATGAACAATTATTCGCGGAACGCCACCTCAGCCCCCTGGTTCTTTCCAGCCCGGAAGAAGTGCAGCGCAGCTTTTTCCGGAAGCGCAACCAGCCTCCGGAGGAAAAATACATGCAGTATCTGGCCATTCCCGTCCTGAGCAAGAGAAATGAAATCATCGGGCTTATCGAAATCGCCGTTAAAAAGAATCCGTTCATTTCGCCCGTCACCATGCTGGAAGCCCATGAATTAGCCGACGTTAAATCATGGCTGTACCATTTAAAGGACCATTTCCTGTTGTTTCATGAAATAGAACGCGCCGTCCGGGATGGATTCCCATGACGGCAGTACGGACAGAATAGCCTGCTACGCCCAACGCCATATCCCTTAAAAATTTCCTGGGATATATATATTCCAGCCTATTTACAATCAACTACTTCCATCTTTTTAACCAGAACGGTTACCGCCATATAATGCTATTAACCTGTAAGTGAAACAGATAGCACTTGGGCCATTTTCTGCATCTGAAACAAGAAAGAGAAAACCCTGTAAACTATTGAGTCCACAGGGTTTCAAAAAAGGAATGGTACTTGGACCGGGACTCGAACCCGGGACCAATAGATTAAAAGTCTACTGCTCTACCAACTGAGCTACCCAAGCACTTACCCTTGCTGGAAGGGCGCAAGCAGTAAACACCACACCCCCTTTCATGGCAAGCGTAAAATGGAAGATGGACAAAAAAAGATCAGGATTCCATGCATTCCAGCCATCTCGCACGCCATTCGGCAGGAATACGCACAGGACGCCCCTGCGGCATCTGGACCAGGGCTAGCTGCTGATGAGCCCTGACCAGAAGATCATTATTGGAAGCGCGCCTCATTTCAAAATCGCACCAGAAGCGGGCCCGGTCCACGGATTGAAGCCATCCCGTCGTCAAAATGGTGTCTCCCAGAACGGCCGGACGCACATAGTCAATCTCATGGCGCACCACTACGGCAAACTGCTGCAAATCGCTCATGGTTTTGTAATCCATTCCCAATTTAGCGCCAAGTTTGGTACGGCAGGCCTCAATCATGCGCAAATAGGCCAGGTTATGAACCACCCCGCCGCAGTCCGTATCATAAAACATGACTTCATCTTCCGTATGAAACATCAGCTCCGGATTCATGTCTGCCATTGTAAAAAGGAAACAGGCGGGCTGAAAGAAAATTCCGGTTCAGCCGCGCCATGCATGATGCGTCCGCGCCAGCGTCAGCACACAGACGGAAGCAGCCCCGGAGCGGAGGAGCAGACGGGCGCAGGAGTCTGCCGTGGCTCCGGTCGTAAAAACATCATCCACCAGCAGCACATCCCTGCCCCTGACGGGGCTGCGTTTCATCC
NZ_CP029703.1_gap15	757464	761953	4489	GCGGGGAAATGATTCCCGCCATGCAGAAAGAAGGCCTGGGCCTGGGAGGGGACGCAAATGCGTACACCGCCTTTGACGAAACCGTGTACATGATGGACGTGCCCAGCATGAAGGAATCCACCGTGGACCTGGCTTTCACCATCATGCGGGATTTTGCGGACGGAGCCCTGCTGGAAGAAAGCGCCATTGACGCGGAACGCGGCATCATCACCAGCGAATACAAGGTGCGCGACTCCGCCGGCTACCGGGTCATGAAGGAAGTCTTTTCCATCATGCTGGACGGAACCCGCATTCCCGACCGTTATCCCATCGGCACGCTGGAAGTAATCCGCACCGCGCCGCGGGAAAAATTTATCAACTACTATCGGACCCACTACGTTCCCAGCCAAATGCAGCTCGTCATCGCCGGGGACATCACACCGGAACAGGGAAAAGCCTGGGTGGAAAAGTATTTTGGCTCCATGAAGAAGGACAACTATTCCTTCCAGACGGACCGGGGCACGCTTAAAACGGCTACGGAAACCACCGCCCACTGGATTACCAACAAAGAGGCCACCAGCACGGAAGCCAGCATCAACATCGCCCGGCCCTATGTGAAAAAGCCGGATACCGTCGCCAACCGCAACAAAGATATCCCCCTGAACGTGGCTTACGCCATGCTGAACCGCCGTCTGGAAAAGATGGCGAAGAATGCGGACTGCCCCTTTATCTCTGCGGAAGGAGGCCGCATGGACATAGTGGAAGCGGCGGAAGTGGACTCCATTCAGACCCAGGCGGACTACAAGAATTGGAAACCGGCTCTGGCCGCCATTGAACAGGAACTGCGCCGGGCCATTGAATTCGGCTTCAACAGGGAAGAACTGGCGGAGGCCCGCAGCAACATTACCGCCGCCGCGGAAAACGCCATCAAGTCCTGGGCCACCGCCAAGTCGGAAGACCTGGCTTCCGCCATCGCCCAGAGCGCCGCACGGAACAAGGTCTTCACCACGCCGCAGGAAGACTGGGCCATCTCCAGGGAAGTCGTGGAAAACCTGACGCCCGAACAATGCCAGGCAGCCCTGAAGGAAGCCTGGACCGGAGCCTTTCCCCGCGTGATCGTCACTTCCAATAAGGAAAACCCCCAGGGAAGCGCCGAAATCATGAACGCGTACCGGGAATCCCAGACCGCTAAAGTACAGCCCTACCAGGCGGACAGCCGCAAGGATTTTTCCTATAAGTTCGGGGATCCCGGCAAGGTGACGGCCCGTACGGAAACCACCGACCTGGGAGTCACCCAGCTCACCCTGTCCAACGGCGTGCGCGTCAACCTGAAGCCCACGGAATTTGACAAGGACTCCATCAACATCACCTTTGCCGTGGACGGCGGGGAACTGAGCAGGCCGGAAAAAGCCTCCGGGCTGGAACTTTTTGCGAATGCCGTCATGAACGGCGGCGGTTTGAAAGACCACTCCAATGACGAACTGGCCGCCATCATGGCAGGCAAGAAGGTAGGGGTAGGCTTCTCCATGACGGACCGCTTCTTCCTGCTTTCCGGAAACACCAACAGGGAAGACCTGGAAACGCAACTCCAGCTCCAGACGGCCTACCTGATGCACCCCGGTTACCGCCAGGACGGCGTTACCCTGCTCCGGCGGGCCATTCCCATGATTTATAACAAGATGGACCATGAAGTGCAGGGAGCCATGAAGAAGCAGGTACCGGCCATCCTTTACAGGAACAATCCCCGGTTCACCTTCCCCACTCAGGAACAGCTTACCTCCTACCAGGTCAAGGACGTGCGGGACTGGGTGGATGCCCCGTTGAAAAACAACTACATGGAAGTGACCATTACGGGAGACTTCAGGACGGAAGACATCATCCCCCTGCTGGAACGCACCGTAGGAGCGGTTCCCAAACGTGCGGAAGCTCCGGCAACGCTGGATGAAACGCTTCGCCATCCGGCCATGGCGGACTTCAATTTCTCCAAGGACCTGACCTATGACTCCTCCATTGATAAAACGATGGTCTGCCTTTTCTGGAAAACGCCCGGCGGAGAAAATAAAAAGCTGGCCCGCAGGCTGAACATGCTCAAGGCCGTCTTCTATGACCGCGTATTCAAGGGCCTGCGCGAAGACATGGGGGAAACCTACTCCCCTTCCACCGGCCTCAATATCAGTGAAACCTATCCGGACGGCGGCTACATCATCACGATGAGTTCCGGCGTCATGCGCAATAAGGAGGCCGTGCGCAGCGCCATCGCCAGAATTGCGGACGACCTCGGCAAGGGAAATATCACCCAGGAAGAACTGGACCGTGCCCGCAATCCCATTCTTAATTCCATGGACCGCGCCCAGCGCGACAACGGTTACTGGACATCCCTGCTGAAAGACTCCCAGGCCAAGCCGGAACGGCTGAACCAGCAGAGGGAAAGCATTCCGGACGTAAAAGCCATCACCGTGGAAGAGGTCAACAAACTTGCCAAAGACATCTTCGGCAAGGGAGAGCATCTCAATCTGAACATTCTGCCGGATCACCCGGCTGCGGAAACTCCGCCTGCTGAAAAGCAGGCGGACAAAGCCGACTCTCCCCAGGCCGCCGTCTCCCCGGCGGCTTTTTGCGTTCGCGCCACCGTCGTGAAGACGGTAAAAAAAGACTCCGGCAAGAATGGATATGCCATCATCATTTCCGAAGAAACAGCTTCAATGCCGGCCTGGAAGGCCGTGGCGGACAAACTGGCTGAAAAACACGGAGGCTCCATCGTCACCGTGAAAGATTCCGTATTCTCCAAGCTGGACACGCTCAAAAAAATGGCTCCACGTTTCATGGCCGTCGTCGCACGCCCGGAGGAAATAGACCGGGTGCTGGTGAATGACCTGCACCGCCTGAGCCGCCGGCTGGACGACGACCCTTACGGGGACTGTATCTGGGGCATTGTCACGGGGTACACCCCGCAGGCCGCCATGAGAATAGCCTCTGAAACGAAGCCTCTCGTCATCAGCCGCGCCATGGGAACTACCAACGTGGATTCCTCCCGATTCAAAGACAGCATGAGCATCACGGACTGGCAGCCCTTCCAATACCTGGAACAGCATGGCTCCAAGGGCAAGGTAACGCCGGCTTTCTACACGAAAGGCCTGAAAGAACAGGACAAGGGGGATGAAACCACGCTGGGCGTAACGCCCAAGCTTATGGAATACTGGAAACGTTATTCCCCGCAGCTCTTCGTAACGGCCTCCCACGCAACCCAGTTTAATCTGGAAATGCCTTTCGGCAAGGGCCTCATCGTTTCCGGCAACAACCGGTTCTACGCGCTGGACAAAAAACAGTTCAGGGAATTCACCACTTTTTTGCGCGGCGTGCTCTTCAACGGAAAGGAAGACGACCTGCTCTCCTTCCTTAATAGAATTAAAGCGCCGGTGATTGAAACCAGGCCGGTTCCGGCTGTCTGGGTCGCGGCGGGGAACTGCTTGATCGGAGATGCCAAGAAGACGAAAAATTCCATGGCTGTCACCGCCCTGAGCCGCTACGGCTTCAACCAGCTGGTAGGCTACACCGTCCCTTCCTGGTATGGCAAGGGCGGCTGGGGGACGCTGGGCCTTCTGTTCAGCAATCATGACGCCTCCAGCCTGGCGGAAGCCTGGTATTTGAACAACCAGTTCATTCTGGACGAGACTATGACCCGCTTCCCCAAGCTCATGGACGTCCATTTCAACTCCCCGGATATCAATGGAATCAAGGATGATCCGGACTTTGCCAGGGGCATGAACTCCGCCGGATACGGTATGGGCAAGGACCAGCTGGGGCTTATCCACGACCGGGATACCGTGGCCTTTTACGGAGACCCCGCCTGGACGGCGCGCCTGGACGAATCCCGGGCTCCGTCCCCGTGGCATATCGACTGGAATGACCCGGCAGATGCCTCCAAAGGGTTCACCGTCACAGCCAACAAAGACGCCAAAGGTCGCCTAGGAGTCTGGTTCCCCAATCGGATCAACGCCGGCAAGGCCACCGTCACCATTGGCGGAACCGCCACTCCCATTGAAAAGGCAGGCCTGCTGACCAACGACTTCCTGCTGCTCCGGGAACTGGAACTCAAAAAGGGAGAAAAAGCCGTCGTGGAAATGGAATAAGCGTGGAAGAAAAACAAGTTGCAGGGATTTTTCCCCTTCCGTCGGCGGCCAAATATCCGGCCGCCGCTCTTTTTCCATAGACAAGCAGCCTCCAAACATGGATACTCCCGATAATCAATCCACCCTATGACTGATTACTCCATTTTCTTTATCATCGCCGTAGTAGCGACGGGCGTGGGAGCGCTCCTGTTTCTCCTGTCCCTGTTCGGGCTGGGGGAACATGATCTGGACTTTGATGCGGATTCCGGCGGAGCGGACGTAGGGTTGCTGTCCATCAAATCCGGCATCGGCTTTTTTCTGGGCTTCGGCTGGGGCGGCGTGCTCGCCCAGGGTCTGGACTGGGGGATGGCCGCTTCCCTGGCGGCGGCTTTTTTCACCGG
NZ_CP029703.1_gap16	765563	767056	1493	CGGGTTCCGGCGTACACCGCCGCATGGTTTATGTGGTGCTGAAAGAAGGCGCCAAATTCTCCGACGTGGAATTCGCCATTAAATCCGATTCCTACTTCAGCCATGACGACACCCGCGTGCTGCAGGTGCCCGACATCGACGTGCTGAAAGACATGGGCCACGGCGTGCTGATGGAACGCAAAGGCGTTTCCGGCTCCACGCAGAACCAGATGTTCACGTTTGAAATGCGCATCAACAATCCAGCCCTGACCGCCCAGGTCATGGTGGCTTCCGCCCGCGCCAGCATGAAACTGGCCGCAGGCTGCTATACGCTGCCGGAAATTGCCCCGATGGATTTTCTGCCGGGCGACCGCGAAGAATTGATTGCCCAGCTGGTCTAACCCGGAGCATTCCGGACACACGGTATCAGGGGCGCTCCTGCCGCCCCTGTTCCGCGGACCTTCCTTTATCCTCCGGTTGAGAACCGGAGGATTTTTATTGCTCCACAACGACCAGCCTGCCATGGACGGCCTTCACCCGGGCCGGAGTACGGGTCCGTTCCGTCCAGTCCCACGCCCGGGCCATGTCCGCCCAAAAGGCGGCGTGGGGAGAATCCTTTTCCTCTGACAAACGCGCCGGAGTGGGCACGAAAGGGTAAATCTGCACGGGAACGTTTTTTTGCCCATGAACCAGAGCCTGTTCCACCATGGTATAAATCTCCTCAATTCCGGAATCGGTCATCGCCAGACAGCCGATGGAAACATCCCGGCCATGCACCATGATGAAGCTTCCCGTCCGGTTCAGGGAGCGGTCATAGGCATTCGGATACCCGATGTTGAAAGACAAATGGTAATTGCTCCGGGGATTAAGCCCGGACGGTTCCACTTCATAAAAACCTTCCGGTGTTTGCCTGTCCCCTTCCTTCTCCTTGGGGCCCAGTTTTCCGGACCATGCGGCAATCGGATAGCGCTTGGCAAGCATGTAGCATTCCGATTTGTCCGGTTTCACCCACAGTTCCAGGACGGAGTCTTCCTTTACGGCCCGTAAAAACACAGGACTTCCCACCCTGGCGCCGCACGGCTCCAGAAAGGAATTCAGCACGGGCGTTACCCGTTTCCGCGCGATATCCGCACGGTTGGAGGATTTTTCTGCACATGCCATATTGAAAACCGCTACGGCGGAAACCAGCAGAACCAGCCCCAGCAAGGACAAGACTACATTCTTCTTCATAAATCATCTATAATGGCGGCTTTTGTTTTGACAAGCAGAAAACCGGCCGGTTCTCTCCGAAGAAGTAAAAGGAAAAAACGGCGGAAAAAGAAGACGGAAAGAAAAGCGGTTCCTGAGAAAGGCGCCCTTCCCGAAGCTGTCCCCGGTTAGAAGCCATGTCTGTGCTGGAAATGCAGGCTCCGGAGAAGTATTATCGGCCCTCAGAACATCAGCGGAAGACCGACCTATAAACGCCATGGAAATAAACAACCTTCTTCCCATCACTACACGGAAGGAATTAAGAA
NZ_CP029703.1_gap17	811658	815950	4292	AAAACAATCGCGCTGCTGTTACGGGAAAACAGCAGGCATCATAACTCCCAGATCATGTTTTCCGAAGATGAAGGTAAAACATGGACTCCCCCCAAAGAACTGCCGGCAGCCCTGTGCGGAGACCGCCACCAGATTCTTCCCCTGCCTGATGGAAGGCTGCTGGTTCAATTCAGGGATGCTCCCCCGACCAGGAAGAAAGGGCAGGCCGCCAGCCCGACGGAAGGAGACTGGGTAGCATGGATAGGCCGGTGGGAAGACCTGAAAAACGGCACGAAAGGCTCATATAAAATCCGTTTTAAGGACAACCGCAACGGTTGGGACTGCGCCTACCCGGCCGCCGAACTATTGCCGGACCATACCCTGGTATGCACTATCTACGGACACTTTGACAAAGGGGAATTGCCATACATCCTCTCCGTCAGATTCAAAATCAGCGATACGGACAAGATGGTCAAACAATATGCGGGGAACAATCACCCCAAGATCAAAAATGACACAGGAGCGGGAGAAACCGTTTTTGACCCCAATGATCCGGACTCCGTTAATCGCCTTCTGAAACGTTCCTGAACATCATATTCCTCCATGCTCCCGAAAAACGCGGAACGGAAAAAACACAACCGGCAAGACCGCTTGCCATCAGAAGTAACCAGAAAGTATGATTCCCCCATGGATACACAGCCTGGGGAAACGGCCCAGTCAAGAACCGTTGCCAAATTAAAGCACCGCCTCCGGTCCGGGCAATTCATAAACGCCATGCCCGGAGAACGGGAACTAAGCAAAGCGCTCGCCGCCGGCAGGGGAACCATCCGGAAAGCCCTCGCGCAGCTGCAGGAAGAGGGCTTCATAGCGGCTCCGGTAAAAACAGGGCCAGGAAAATCATCAGGACTTCTACAAGCCCTGTGCAGCCTCTGCCCCTGCTGGAAAAACGCGTTTGCTTCCTCTCCTCCGTTCCTATCCGGGACATCCCCCAAAGCATTTGGGTGGAACTTTACCAACTGGAAAAAGCGTTGCGAATCGAAGGTATGGCGCTTCAGCTGGTTGAAGCCACATGGGCAGAAAAAAACAATCCGGACATGCGGCTGGAAAAACTGGAAACAGAACATCCCGGCTCCTGCTGGATACTCTACCGTACCACGGAAGAAGTACAACTGTGGTTTAAGCGGAAAAGCATCCCCTGCCTGGTCCGGGGAGTTTCCTACCCTTCCTCCAATCTGCCGTATCTGGATACGCATTGGGAAGTGCTGGCCGGTCACGCGGCCGGCTACCTGTACCAGAAAGGACACCGTCGGATCGCGCTCTGCATACCGGATTCCAAGCTGAGAGGCAACAGGCTCATGGAACAGGGGTTCCTCTCCTTCCAGGGGGAACATTATACCCCCTATGTCATCCGCATGCCGTCGGATGCCATTAAGGCAGCCCAGGAACTCAACCGAATTGACCTGGCGGATACGGGTATCACCGCCTTAATTTCTACCCGGAGCAGAATGCTGATATCCATCATCTCCTGGGCGGCCACCATGGCTAAAAGCATCCCGGAGGAAATAAGCCTGCTCAGCCTGGTTCATGAACCTTACCTGAACCATGTCACTCCCCCCATTACCTCCTACCGCTCCCCTGCAGAAAAAACGATGCGCAGACTTATCCGGATGATTGAAGCCCTGCTGGAACATCGCCGTATCTCCAATAGCCTCATCCTCCCGGAGTTATGCCCCGGCCAATCCATCAGTACGTTGAATTCCCCCCTCCTGCCTTTGAATCCATCAAGTAATAAGGCCTGATCTGCCTTCTTCCATAACGCTCCGCTACGGAGGAAAGCATTCAATCTCCCCCTCCCGGAGACACCTCCGGAAGGGAAAAACGTATTGGCCGGCTTTCCTCTACTTGAGAACAGGAGCTTTTTTGCCGGGAGCCAGCCCTGTGTCCTCTCCGTCCGTCAACCATTCCATGGTAATGGGAACAAACTTCAGCTTTTTAATATGCTCCTGGTTTTCCTCATAAAGCACCCCAACGATGCCGGGTTCCACCATGGCAAGGCTGGAATAGGCAAAACCGCCCTCGCCCAGCAATTTCTTCACCGGCCAGGTCTTGCCGTTGTCATAGCTCATGGCCACCTGTCCCTTAATGCGCCGGCCCGCGCTGGGCCCGGAAAACAGAATGCGGCTTTTGCCGCCGTAGGCAGGCTGGTCGCTCAGGGAATACGTCATCAGGGAATTCTGGGTACTGTCGCAAAACAGCTCCGGAGCGTCCTCCACCTGTCCCCAGGTCTCCCCGCCATCCTGGGACCACGCAATACGGCGGCAATTGCCTGCGCCCCAATGGCGCGCAACCATCACCACGCCGCCGTTATCCGTTTCCGCAATGGACGTCTCGTTCACCATGCCCTTCATATTGGCAGTCGGCTGGCCCAGCTTCCAGCTCTTGCCGCCGTCATCGCTGTAAATGCAGGAAATCACCCATTTGCCGAACGGCCCTTCATTCATCGGAATCACCAGGCGGCCCTTGTGGGCGCCGCTCTTCAGCTGGGTTCCCGCATTCGGGCCGGACGCCATAATATCCACTCCTGAAGGACGCTTGGTCGTCTTCGTGATCTCCTGCGGCTTCGTCCAGGAAGAACCTCCGTTCCTGCTCTGAATCATAAAATTGCGGATGCACTTTTCATCATCCCATCCGTCCGGGATATTGGGCTGCCGCTCCTTGACCCCGGCAGGGTAACGCTGGAATACGACAGTCACGGTCCTGGTTTTGGCGTCATAAACGGGGCACGGATTATTAAACGTGGCGCCATGGGCCTTGGCAATCGCCCGGGGACGGGACCAGGTCTTCCCGCCATTCTTGCTGACGCTCATGATAATATCGTTTTCCCCCTGGTCGGTATTTTTGTACCGTCCTTCGGCGAATGCCAGGAGCTGGCCCTTGCCGATACTGAGCAGGGCGGGAATACGGATGGACGCATAGGGATTACCCTCCCCGGCGTTGAATACGGTCACAGCCCTGTCCGTAGGGAAATCGGTTTTCTCTTCCTGCCCGAACGCCGGCAATGCCACGGCGCATACGGCACTCATCAAACATTTGAATACGGAATTCATCATCCTCTTCACCTTATTCCATTTTCCCCTGCCGCACAACAACCATGTCATGCATGTGCGCCAAGACCAGAGGAAAAGGAGCATAAAGAGGAACGCGCGGCAGGAACGCGATACCGCCGCCGGGAAACCCGGAAGGCTTCGGCCCAAAATTCAAGCCAGCAAGAAACGTGCCCATCCGAATACGGAGCCCCGGAAAAGCGCCCGCCGGAACCGGGGAAAATATCCGGAAACGCGAAATCGGCTGAAAAAATCCCTGCCGAACCGCCAAAGCCATTCCACACATCAACCGCCCGGCCTCTCTCCGGACAAACCGCTTGCCTATTTATTCATCAAGAGAAAAATGGTGAAAGAAGAAGAAAACGGAACCTGTATTTTGTAACATCGCAGAATCACCTGCTTCCCGTACTGTCATGAACCGAATCCTTCCATTACTATCCCTTCCCCTGCTGTCGCTCGCAGCGGTATTTGCCGCCAACACGCCGGAACACATCGGCAACGACCTCAAACTGTTCAAAGACTCCTCCTGCACCTCTCTGAAGCCGGATGTGAAAGACACCTCCGCCTTCCAGTCTGACGCGCTGAAAGAACTCGCGGACAAAATCCTGGCTGGCCATTACAAGCCGGACTACCTGTATGCCGAATACCGGGCCCTCCCCTCACCAAGCCAGACGGGGAAAAATCTCAGAATCGGCGACGGATTCAGCAAGTACGACAACATGACGGGCGTCTATCTGGAAAAGGGGCGGCATGTCGTCCTGGTCGGCAAGACGGAGGGGCAGGAAATCAGCCTCCTGCTGCCAAACCTGATGCGCAAGCCGGCCGAAGGAGTGCAGCCCACAAAAGACCCCAACGGCTGGGGATTGCACAAAAAGCAGATTCCGCTCAAGGAAGGAATCAACATCATTGACGTGGAAACGCCCGCCAACGCCTATATCAGCTATTTCACCGAAGACGCCGGCAAGGCGCCGAAAATCCCCGTCCATTTCGTAACCGGCAAAGCCAACGGTTACTTTGACACCACCCGGGGCGACACCAACAAGGACTGGGTTCGCCTGCTTGACCAGGCCGTCTCTCCAATCATGGATGCCCGGGGAAAATACATCCAGGTTGCCTACCCCGTAAAATTCCTGAAAAAATTCACCAAAGACCGCGGAACCGAACTCATCAACTCCTATGACAAGCTCATCGGCATCCAATACCAGCTGA
NZ_CP029703.1_gap18	817447	822417	4970	ATCCAAATTGGCAACATGCGCAAATCCTTCCTGAGAGAATCCCTGGGCTTTTCTCTCGTTTCTGATCCTTTCTCCTAATTCCTTGAGTACATTTTGCTTGGACATCTATTCATTATTGCAGAAATGAGAAATTTATGTCCACGGCCTAAAATACCTCTTTACAGTTGTAGAGATACGCGATATTCAACCGTTATCACCTACCAACCAAGAGGATGAATAACCAAAATTGATTATGAAGTTACATCTGCCTACAGTACTGCTGGCGACCGTGCTTGCCTGCATTTCGCAACCGGTCATCGCTACAGAAACAATCAACCTCAATACCCATAACTGGGATCAATATATCGGAGATTATGGGAATCCGGGATATCCTCGATTTGATAACGTTAACCTGAGCCTTAACGGTAACTGGTCAGTCAATTTTGATAAATTCTATGATCTTACTTGGGGCGCATCAGATAATGGTTCCTATACTTTGACAGGACAAGGGACCATGGATTTCAAGGACGAGGTGTTCACCATATCTGGTGGAAGCTCAAAAACCCTGGCTACAGGTAATGCCAAATATACGATTGGTTCCGGCATTGTTCTCAAAAATGTAACGCTGGAAGCGTGGGGAGGAGCACAAATAACATTCAATGGTTCTCTCTCTACTGAAACCAATCGAGAAACTCCCTGTTCTTTCTCGGTTTATTCATTTGACGAACATCACTCTGTCCTCGACTTGAGAGGAGCTACAATCAAGGATAGTGATTTCGTTAAACTGGAATTTGACCAGGGAACCATTATCAGGGATCAATATACTGTATCTGCAACACACGGTCTCGAAATTTGGTATTCTTCAAATTCTACATTTACAGGAAAATCCATTCTGCAAGGAAACCTGACGTTGGCAAACGATGGGAAAGTAACTGTTTGGGGAAATAATGATGCATTGTATCCCAATATGTCCATTACGGATACTTTGTCCATTACCGGGAATACCAAAATAGAGTTTTTCAATGATAGTCCGGCAAATGGAGTTTACTTAAATCCTGAATCCGGGACTGTCGTATTTTACTGTAAAAATATTACGGGAGACACCGGGCTTTTGAGCGCCATTGAAAGCACATGGACATATGATGACGAAACAATATCCCGGAATATCACCGACAAAAAATTCGTATCCATCACCCAAACGGATGGACGTTATGCTCTGACACTGGTTGACAACGGTTATAATCCCGGTCAACCGGAACAACCGGAAACCGTTATTACAGACGGCAAAGCTCCCGATACTCTTTCCAAGGATGTTGTCGTCTCTTTGAGTAATGGGGGAAGCGTTGATGCAACGGAAACCATCAGAGGACTCAACAATTCCTGCATTAGTGGAACGGGAGGGAATTTGGTTACTACGGATACACAAACATTCTCCATGAATGGTTCCGATACACTCGGATTCAGTATTGTAGGGACAAACGGAAATGCAGGCGCGGATATCCAAGTAGGCCAGACGAGAGGAAACATTACGGATGCCGCCATTGTTTTAACTGGCGACAAATATGAATCCAGACAGGTTAATGTTCAGAGCGGCCTTTTGGAAATTGGTCAAAACACCATTCTTGGAACAGATGATTCCATACTGACGATTGGATCTTCGAATGCTTCCGATGGTACAGTTACTGCATCCGTCAATAACAGGGGGACAATCAACAATGACGTTACCATCAATTCCGGTGCATCGCTGGACAACAGGAATAACATTAATGGAGATGTTCTTGTCAATGCATCATCCATTTTGAGCAACCATGGAACGGTGAAGGGGGATGTAACGGTATCGGAAAACGCTTCTGTTAATGGCAGCGGTACCTTTGGTTCAACCATTCTCCAATCCAATGCTCTTCTCTATGTCGGCAACAGTCCGGGATTCCAACGACATGGGGATTTGATGCTAAATGACGGCTCAAGGCTCGGTTTTTATCTGGACGGCATTACCGCTGCGACATTGGAGAATCACGGTTCAGGTACATATTCCAATCTTTCCGTGACCAACACATTGAATTTGAATGGAACAGTGAATGCCGAAGTAGAAGTAGGCTTAGGTATTTTAGCCGCAGGGATGGAAGCGTTTACTCTGGATCTTATCAAAACGGAAGGAACGGTTTCCGGTAATGGTGATTTTGTCCTTTCCCTGAATGATGAAAACCATCTCCTGAAGGAAGGCAGTCTTCTATGGGATTCTACTACAGGCATACTCAGTTTCACAGGACAGGTGGACAAAGCCGTAGCGGCCGCTCTGGTCGGCAAGGACGGCTCCAATATCGCCAATTCCCTGTGGTCAAGTACCAGCGTCGTCAAAAGCTTCGGCCAAACGGCTGTTTCTCAACTCAAAGTAAACCAACCCGGTGATTCCAATATATGGGTAAGCGGTTTGGGTGATTTTGTTACCATGAACTCCACTTCTCATGTGGTCGGTTTCCAATACAATGGGGGCGGGTATGCCACAGGGATTGACTACGCCTGGACGAAGAAATTCCGTGCTGGTATTGCCTTTGGTCAAACATTCGGAACGTTCAAATCCGATGATAACCAGGCATCCATTAATCAGGACAGCATCATGACTGGCCTCTATGCCAATTACCTGCAACCATTAAATGATAATCAAACCCTGAGATTGAGCGGATACTTCGCCTATGGTTCGGTGGAAAACAGGGCCAACACTTTCGTTGGTAATTCTGCCTATCTGCCCGGTCAGGCAAAATGGAATGACGACGTGTTCTCCTTTGGTCTTAAAGCAGACTGGAACATCAAAGTCACCGACAAGACAACGCTGACGCCGTTCATTGGGATTGATTACATCCATGGAGCACAGGAAAACTTCACGGAAACATACGACAATGGAAGCCGCCAGTATAGGGACGGCAACATGCAGGTATGGAGTGTTCCGGTAGGCATTACGGTCAAAAAGGAAGTATCGGTAGGAGGCGGACAGCTTCTTCTCCCAGAACTGACGCTCGCCTATGTCGGGGATATCTCCAGAACGAATCCTTCGGTCAAATCCACTATCTATGGAATCGACAACAAGCACGAAGGAAGCAATCCGGGCAGAAGCGCTTTCACGATGAATGCCGGGACCAACTGGGTTATTAACCAGAACTGGAGCGTTGGAGCATTCTACTCTCTGGAAGTCAGAAGCAGCCAAGTGAACCAATCCGCCTCACTTTCGGCAAGGTACAGCTTCTAATTAGACAAATAACAGTCACCCAAGGATGGAATCAGCAATGGTTCCATCCTTTTTCATTTCTACACCCATCCCCCTATTCCCAGCCATACTGGGTACGGCAAATGGCACAATACCCCCGCTAGATCAAACTCAGTCCCCAATTGGCAGCCCATCCCTGTTTGATCTCAACATATACAGAGACACTCCCAAATGAAGGGGGCGCTTTTTCAAACGCTTAGGAAATGTTTTTCTCAAAAAATGGAAACTTTTTCTCCATTAGGAAATGTATCAAATGGAAATAGAGGAAAGTCCATTTAGTCATTTGTAAGGCAAAAATAATTTTGACGGTAATTTTTCAGATTTGAGTAGGTTAATACTCATCATACCTATGAAATCCTCACAAACGATTCTGGCAACGTTCAGAATAAAAGACTCCCCACCGACAGATAATACAGCATACAATTGACCAGAAACACGGCACAATTCTTCCATGAATATTTTGTACGAAGCCCTTTTCAATAAAATATTTCCTTCAGGTCATCCAACCCAGACTCATCCCTTGGAATCAAAGGAATACGGGGTAATTAATTCTAAATTGATTTCTACGGAAATTATTCAGGAAGGAAGGTAATTGGTAAGGGGAAACGTTGGAAAATCCGTACAATCAATTCTGGGGATATTCAGAATAAAATAACCTGCGTATAGATGATTCTCCGTATACAGTAATCTGCATTTCCTCAAACATGGATTCCCCAAATGATCATGTACAATGGAGTAATGGAGAGTAAAAAAGGATTATGAAAACGTGCTTAAAATTTACAAATATATTGCAATGAGCAAGTTATGAAAAATATGATCTCATACAATGTATATTAAAAATAAAGAGAGAGTTTTCAAATGTATACCTCTGTATACCTAGTATTGTTTTTGGGAAATTTTCAAAAATCCATAATTATAAGGAAACGAATAAGTTATGGGAAAATAGTCTCACTCAATGTATGAATATAATAAATGGAGGAATTACCAAATGCATGATTATGTATGACCAGATTCCAGGATTTTCAAGGTCTATCAGTTTTGTACGAAGGCATTTTTAATTAAAATCATTCCAAATAATTAATTCTAAAATGATTTCTATGAAAATTGCTCAGGATATAGAGGAATGGCTACAGAGAGAGTAGGGAAAGCTTCCAGAGAGATTGAGAACAAGAACAGTCAGATATGGACAATCATTCAAAAGAAGAAAATCCTGATTGGGACAGGATATGGGGCTACAATCCTAATCCAAATAATCCTCATGAGTTCGGTGAATGCATGGAAGATTGGCACGATTACGAATGGAGAAAGGAGCAAGAGGAGATGGACCATAGAAGGAAAGATGAGGAGTGGGAGAAGTGGCTTGAGTGATAATATGGAGTCACATGAATAGTCTATAATCGAAACTTCTTTTTTCATCAATTGGAATAAGTTGTCCTATTTTAGCTATTCTCTTTGCGGTCAATACAGTACAAGGTAATGGCGTGTATACATCAAGAGAATTGTAATCCATTTTTGATAGTCCTAATATTTCCTGAGCAAGAATATCAATATTAGTGCTACCATAATGTCTCTTAATCACCATAGGAGAGGGGATTCGTCTCTTTCCTTGATAATAAGTACCAAATGGCATCAGCATACTACCGTGAACCCATAGATATGCTTTTGAAGGAGAATCTATTAATAAAGAACCTCTTTCCATTGGGTAATTATTAACTTCAATTTTAGTGTT
NZ_CP029703.1_gap19	841332	844454	3122	GAAACGTGGCCATCGTCAAAAAAATCAGGGAGATTTACAGCCCGGAAACGACCGCCATCATTGTCATTCCCCCGCTCATCGCACAAAAAGGGTCGCGCATGGAAACCTTCAGGAATTGTCTGCTGCAACACGACTTTGGAGAAAATGTCCATGTCCTCCCCCTCCATTTCTTCCTTCCGGGAAAAGACGCCAGCCTTTATACTTGGGACGGCCTCCATCTCAACGCCCTGGGATATGAAGCCATTTCGCCTCCGCTTTTCCGCTTCCTCCAACAGCTTTTAAGCAGGAGCAGCTTTTAGGGCTTCACAGGAACAACAAACTTTATCCGCCATTACTCCACGTGATGATTGAATCTTCTCCACCCCATCAGGCAACACTTCCCATGACCCTGTTTCTGGCAGGTCCCACCGGATCGGGCAAATCCGCGGTAGCCGTGGAACTGGCGGAGATGCTGGACGCAGAAATCGTCAGTTCCGACGCTTACCAGGTGTACCGGGAGCTGCCCATCCTGACGGCGGCGCCTTCCCCGGCAGACCGGGAACGGGTCCCCCACCACATGGTTTCCATCATTCCGGTCCAAAAGAACTGGAATGCCACGGAACACTACCACCGCGCCATGCGCTGCATGGAAGAAATTCACGCACGCGGAAAAATCGCCATCGTCACGGGCGGTTCCGGCCTGTACTTCAAATTCCTCTCCCACGGCCTGTCGGAAGCGCCGCCGGGGGACGCTGCTCTCCGCGCCGCTTTCGCGAACTGTTCCACGGAAGCGCTATACGCCAGACTCTCTTCCCTGGATCCGGAAGGAGCGGCCTCGACGGATGCCTCCAACCGGCGTTATGTGGAACGCAATCTGGAAATCGTCCTTGCCGGAGGAAAACCTCTTTCCTTCTGGAAGAGGAACTGGTTGACCCCGCCGCGCGGGCCCGGCTGGGTCATCAGCAGGGATGTTCCTGAACTGGACGAAAGAATAGCCCACCGTGCCGCACGCATGATGCAGGAGGGGGCCGTGGAGGAAACGGCTTCCCTCGGCCCATGCTCCGCCACAGCGGAACGCACCCTGGGCCTGGCGTTGATACGAAGCATGCTGCGCGGGGAAATCTCCCGTGAAAACTGCCAGGGCCAGCTGGCCCTCGCCACCCGGCAATACGCCAAACGGCAGCGCACCTGGCTGAAACGCGAACAATGGCTCCGGAAACTTCCGGCTGCCCCTTCCGACTCTCCCCGGGCTCTTGCAGAACGCATCATGGAAGAACTGGAACGTTCACCCTTGTCCATACGGCGGTAAATATCCGGAACCGTCCCACGGCGGGGAAAATGCCAGACGCCATCCATGATGCATGCCGCAACGAACCTTGGACACAGGATGCGCATGGCAAATTGAGCTTACGCCACCCGCTTAAAAGCCAGAGATATGTCGAAAGCTCCGCCGAATAACCGGATCAGGATGCCTGTATTCCGCGCTTTTTGTCTTGGCTTACGGAAACATCTCTGGTTTACAGGGGCAGGCGGCAAAGCTTTTCTCAAAGCGGTCCGCCTTATCACTTCCATATCTTTTCCAGCACCGTGGCACGCATACTTGTAGGCTTATCAGGCGGAGTGGACAGCTCCGTGGCAGCGGCCCTGCTCGTGGAGCAGGGCCATGACGTAGTGGGGGCCTACATGAAAAACTGGGTGAATGACGAAGGCATTCCCGGCGAATGCCCGTGGGAACAGGACATTCAGGACGCGCTGGCCGTCGCCAAAACAACAGGTATTGAATTCCGGGTCATTGACCTGGTGGACGAATACCGCGCCCGCATCGTGAATTATCTGATTGAAGGCTACCGCGCCGGATATACGCCCAACCCGGACGTATTGTGCAATCGGGAAATGAAATTCGGCGTCTTTCTGGATTATGCCCTGGAACAGGGGTTCGACTACGTCGCCACCGGCCATTACGCCCGCAGGATGGACACGCCGCAAGGGGCTTTCATCCTGCGCGGGCGGGACCCGAACAAGGACCAATCCTACTTCCTGTCCCTGATGCGCCCGGACCAGATAGCCCGCGCCGTCTTCCCCCTTGGGGATCTGCTGAAACCGGAAGTGCGCGTTCTTGCGGAAAAATACGGCCTCCCCACGGCACGCAAGAAAGACAGCCAGGGCATCTGTTTCATCGGCCAGGTAAAGATGAGCGATTTCCTGCGCCACTACCTGCCGGACAAGCCCGGCAAAATCGTGGACACGGAAGGCCGGACGCTCGGCACGCACAACGGCCTGCATCTGTTCACCATGGGCCAGAGGAAAGGGCACGGCGTCGCCTCCCCGCGGGAGGGAGTCGCCTATGTGGTGGTGGGAAAGGATGTCCAGCGCAACCGCCTGATTCTGGGATACGAAGACGCGTCCACGCGGGGATTGTACGCATCCCGCGCCGTGGTCGGCGGCATTTCCAATACGCTCGCTCCCCTGCCGGCCCGCGTCATGGCCCAGCCCCGCTACCGGGCCAAGGCGGAATGGGCCTCCTGCGAATATCTGGAAGAAGGAAAGGTGCGCCTGGGCTTTGACACGCCCCTCCGGGCCCTGGCCGTGGGACAGGTCTGCGCCTTTTACGACGGAGGCAAGTTGCTCGGGGGCGGCTTTTTTGAATCCATAGAACCATGACTGACCCGGAACGCACCATAGCCGCACAGGCCACCGCCGCAGGACAGGGGGCCATCGCCGTCATCCGCATGAGCGGTTCCGGCTGCATGGACATCCTGAAACAATGCACCCCTGCGGCCTTCACGGAACGCCTCCAGCCGCGCCGCGCGACGCTGGCCCGCATTCTGGACGCGGAGGGAGCCGCCATTGACCAGGCGCTCATCACCTGGTTCCCGGCCCCGGCCAGTTATACGGGGGAAGATACCGTGGAAATCTCCTGCCACGGCGGCATGCTGGTGACAGACCGCCTGCTGAAACGCCTGTACCGGTGCGGAGCTTCCCCGGCGAAACCGGGCGAGTTCACGAAGAGGGCCTTCCTGAACGGGCGGATGGACCTGACCCAGGCGGAAGCCGTGATGGACGTGATTTCCGCCGGGAGCGACCTGGCCCTGAAAGCCGCGCAAAGCCAGCTGGACGGGGGCATCGGCTCCCAGGTGGACGAA
NZ_CP029703.1_gap20	845703	847619	1916	ACGAATGGAAAGGATTAAAGGAAAAGGATAACCACCACCGTATCGCGGAAGGAAAATACCTGAAGTACCTTTATTCCCTTCATGAAAAACGGGGAACCCTGGACGTAACAAATGTGCGGGAGCTGTGCCCGCATTGCAACATGCGCTCCTGCTGTGAACGGGACGGGACGGTGGAGAAACTTTCCGTTTATTGCATAGAAGGGTGCTTCCACAAGTAGCGAGTATTACCGGCCGCCGGGCTTCCCGGAAAAAATTTCCTTTTCCTCTTCCTCCAAAGCTTCCGGCTCCGCATCCGAGGTGAATAACGGAATGTAGGAAGGCAGGTTCCAGTTCCAGCGGATGGCTGCCAGGCGTACGGAAAGCGTGACCATGAAGCCCGTCACAAAGCAAGTGGAAGAATCAATTCCGGCATAGTAAAGCACCGCGTACGCCACGCCTCCCAGCAGGGCCGCGGTGGCGTATAGTTCTCCGGGACGGAACACGTAGGGAACGTTGCCGGTAAGCACGTCGCGCAGCAGGCCGCCCGCCACGCCGGTACAAATGCCCATCATCACGGAAACAGTGGGCGTATAGCCGTGGAGATAGGATTTTTCCGTGCCGATCATGCCGAAGAGGGCCAGAACGATAGCATCCGCCACGCGGATAGTGCCCATGGGAGGCGGATATTTCTGGGCCACATAAAAGGTTGCCAGACTGGTGACGACAGAGGCCAGGACAAAAATTTCCCCGGAGGGGAGCGTCCAGTACACCGGTATGTCCAGCAGGATGTCACGCACGGTTCCGCCGCCCAGCGCAGCCAGGGTGCCGCAGACAATCACGCCGAACAAATCCATTTTCACCCGCGAGGAAGCGATGGAACCCGCCAGGGCTCCAATAATCGTGCTCATGATTTCACAGGTGGAGAGGAACATGGCGGGAGGAACAGGAAAAGAGGCATATTCAGCAGACCCGTATCCACGGCAGGCAGGAGTCCTGGCTGGCGCAGAACAGGGAGGTGGAAGCCAGCCCCATGTCATGCAGGGTATCACGCATCAGGCTTTCTGCCAATGCCGGAGAATTGCTTTCTGCGCTCAGGTGGGCCAGCACCACGTTTTTCAGGGCGCCATGAGCAATCCGCCTCAGCAGGTCGCACGCCTGCCCATTGGAGAGATGACCGTGCGCAGAGGCGATGCGCTGCTTCAGCGGCCAGGGCCTTCTGGGAGTGGCCGCCAGCATGTCCGGATCATAGTTTGATTCCACCACCAGGCTGTCCACCATGGCAAGGTATTCCGCTATGCAGCCGGGAGCCTGCCCCGTATCGGAAATGAAACCCAGGCTGGACCGCTCCGTTTCAAATTTGAATCCCACCGGGTCCACGGCGTCATGGTAAGTGGGGAAGGGAGTAATGACGATATCCCCTATTCTGAAAGACTGCCCCTTTTCAAAATAGGCCCAGGGAGCCTCCGGCGCTTTTTCCTGGACGCACATGGCCGTATGGCGGGTGGCGAAAACACGCACGGCATGCTTTCTGGTGAACTGGTGCACGCCTTTCATGTGATCCGCGTGTTCGTGGGTAAGCAGAATGGCGTCCAGCTCATCCGGCTCCACTCCGGCGGACTTCATCTTATCCCGCAGCCTGGCGGCGCTGAACCCGGCATCCACCAGCAGGACGGTTTCCCCCGCCCTGACAATGGTGGCATTTCCCCCGCTGCCGCTGCCCAACACGCAAAACTGCATCATGCGCGGAATATAATACTGCCCCCGGAAGGGAGCAAGAACGTATCCATGCTTTTTTTATGACATGGGCACATGAAAAAATACTTTTTTCCAGTACGGGGTTGACATTTCAGGTGCATTAAAGTGTATTGAAGTCACTACGTAGTGTACTTGCATGCGATGAGCAGTGTATCAGACAACCTTTTTGGTGCATACACGCA
NZ_CP029703.1_gap21	850817	854032	3215	GTAGCCCTTTCCGGCCTTGAAAAGCAGCTGGATGACCAGCTGCTGGGCCACAACGGCATCAGGGAATACCGGAAAGACAGCCGCGGGCGCATCATTCCCTCCGCGGATTCCCGCTTCAAGGATGCCGTGGACGGGCTGAACGTGCGCCTGACGGTAAACATGGAATACCAGACGATCGTGGAGGAGGAGCTGGACGCCGCCATCTCTTTTTACACGGACCAGACCCACAAACCCCGCGGCTGCATTATTGTGGTGGAACCCAAGACCGGCAGCATTCTGGCGATGGCCAGCCGGCCCCACTATAATTTAAATACGCGCGAGGGCCTTCAGGAAGGCGCCTACCATTTCGCCGTGCAGTCCCTGTACGAACCCGGTTCCACCTTTAAAATAGTTTCCGTCACATCCGCCGTGGACAGTGGAAAGGCCACGTTCGACACCATGATCAACTGCACCCCTTATCCGGTGCCCGGTTCCCGCCCCGTCACGGACGCCCCCCGTTCCTATGGCGGCCTGACCGTAGCGGGCGTGCTGAAAAAATCCAGCAACCCGGGCGCCTTCCGCATTGCACTGAAATCGGGTTGGCCCACGTATAAAAAATACTTTGACCTGTACGGATTTTCCTCCAAAACGGGCATCGACCTGCCGGGGGAAACCAACAGCCAGTGCCAGGACGGCAGCAATTTTGTCAACTTTTCCCGCATCAGCTTCGGCTACTCCCTGATGGTGTCCCCCCTGCAGGTCGCCATGGCTTATGCCGCCATAGCCAATGACGGCGTGCGCATGCGCCCCCGGCTGGTTGACGGCATTTATGTGGATGACAGGAACTTCCAGCCTTCCCCACCCGTGGAGGTATGTCGGGTCATGAGCGTCAAGACGGCCCGGGACCTTCGGAACGCCCTGTTCCACGTTACGGATCTGGACGGGACCGCCAAAAGAGCGCGGATTGAAGGCTATAACGTGGGAGGCAAAACCGGAACCGCCCACAAGGTGAAGCCTACAGGCGGCTATTTTGAAAACCGCTACACCGTCTCCTTTGTAGGAATGCTCCCGGTGGAGGACCCGGCCTTCGTCTGCCTTGTCGTCATTGACGACCCCACTTCCAAACATTGCCATCCCGGAGGCGGATCCGTATGCGCCCCGGTTTTCCAGAAGCTGGCCACCCGCCTGGCGGCCGCCATGAACATCCCCAAGAATTCCCCTTCCGCAGAGGCAAATAAAAAAGCCTCCCGTGCCCAGGCCTCTTCCACCTCATCCAAACCGCCGCGCAGATAATCCCGTCATGAAGCTACTTACCTTACTCAAAGACCTTCCCTCCCATACGCTCACCGGCTCCCCCCAGGTGAAAATCTCCCATCTGGAATGCGACAGCCGGCACATTCTGCCCGGTTCCTGCTACATTGCCCTGAAGGGAACCCGGGCGGACGGCCATGAATTCATCCCGGAGGCCATTCGCCGCGGAGCCTGCGCCGTCGTCGCGGAAATGCCCTGCACGCAGGAAGCCAGGGAAGCCGGAGTCAGCTGGGTGGAGGTGAACGATTCCCGCCTGGCCGTCAGCCTGATGGGCGCGGCCTGGAACGAACGCCCTTCCCGCCACATGACCATGATCGGCGTGACGGGGACGAACGGAAAAACCACGACGGCCTACATCGCCCATTCCCTGCTCAAGCAGTCCTGGCTGCGCGCTGGATTGATCGGCACCATCGCCTATGACAACGGGGAGGAAATCACTCCTTCCACCCATACCACGCCCGGACCGCTGGAACTGGAACACCTGCTGAAGGAAATGTATGAAAACGGCTGCCGCGGCGTCTCCATGGAGGTCTCTTCCCACGCGCTGGACCAGGAACGCGTGGCCGGCATCAATTTCAACGTGGGCATTTTCACCAATCTGACCCAGGACCACCTGGACTACCACCACACCATGGAGAATTATTTCCAGGCCAAGGCGAAATTGTTCGAACAGATGGCACAGGACACCAAATCCCGGCGAAAACCCGTGGCCGTCATCAACATCGACGACGCTTACGGCCGCCGACTGGCGGAAATGTTTTCCGGCCGCATGACCGTAAAGACCTACGGGTCCGCCCTGGGGGCGGATTTCCGCATGCTGGTGCACCACGCCACCGCCAAAGGCAGCGAGTACGAATTGGAATACAAGGGGAAAAGCTACCTGGTCCGTGTCCCCCTGATCGGCAAGTTCAACATGTACAACAGCCTGGCCGCGCTGGCCGCCGTCATTTGCGCCGGCATCCCCGTGCGGGACGCCATTGCGAACCTTCAGAATATTCCGCAGGTCCCCGGCAGGCTGGAACTGTTCACCCACCCCGGAGGCGCCCAGATTTTCATTGACTACGCCCACACGCCGGACGCCCTGGAAAACGTCTGCAAGACGCTCAAGGAACTGTGCTCCCGCCGCCTGATTACCGTGTTCGGCTGCGGCGGAGACCGGGACAGGGGAAAACGCCCCCTGATGGGAGCCGCTGCCGCGCGCCTGTCAGACGCCTGCATCGTCACCTCCGACAATCCCAGAAGCGAGGAACCCCTCTCCATCATCAGCCAGATTGCGGCGGGCATGCCGGAAGGCAGATACGCTATCATCCCGGACCGGGCCAGAGCCATTGCCACGGCTATCGAGCAGGCCCGTCTGGGGGACATCGTCCTCATTGCGGGCAAGGGCCATGAAAATTACCAGGAACTTTCCACCGGCCGCATTGATTTCAGCGACGCCAAGGAAGTGCGCCGCAACATGTTCATCAAGGAACGGGAAGAATTCCCCCAGGCATAACACGTTATTCCGTCTTTCTTTCATGATTTCCCTCACGGCACACGGCATCAGCAACGTCATCGGCGGAAAACTGGTCAGCGGCCCCTTCGACAGGGTCGCTTCCGGCGGCGTGTGCACGGACAGCCGCCATTTGCCGCCCCATGCCGTTTTCTTCGCGCTGGGGGGAGAAAAATTTGACGGCAACCTGTTTGCACCGGAGGCATCCCGTACTGCGGCCGCCGCCGTCGTCAGCCGTGTGGAGGAAGGCATGGACCCCTCCTGCGCCGTCATTCTGGTGGAAGACACGCTGGAAGCCCTTCAGAAGCTGGCCGCCTGGTGGCGTTCAGAGCTTACCCTCACCGTCATCGGCCTGACCGGCTCCAACGGAAAAACCTCTACCAAGGATCTGACGGCCTCCGTTCTTTCACAGGGGTTCCGCACCATCGCCACG
NZ_CP029703.1_gap22	881136	882237	1101	GTTCATGGAGGTGCACAAAGACCCGTCCAAAGCGCTTTCCGACGGCCCCAACCAAATTCCTCTCCACCTGCTTGAAGGAGTGCTGAAACGCCTTCAGTCCATCCACCAGGCGGTTCAGTCATGATGAAATTATTGTCCACATGCTTTTTGACGGCCGCCCTGTACGGCACGGAGGCGCAAGCGGACACCAGCCTGCCCGCAGCCACGCCTTTTGCCGGCGTAGATAAAAAATTACCTATGCTGGAGCTTCTGCCCGTAGGCCAGGTGCTCCCAAAAGTCAGCCTGTCACGATATGAAGGGCCGCGCCTTTCCATGCTGCTGACGGCTTCAAGCGTGACCGTGGCCGCCCCGCAGGAAATTGCCGCGAATATCCTGAACGTGTACTTGTACGGAAAAAACAACCAGACCTCCCACCTTTTCACGCAGGCCGCCTCTTATTTTCTGGATAAAAAACTGGCCGTCTCCCATACGGAAACCACCCTCAGGGAAGAGAATCTTTCCGCCAAAGGGACCGGCCTTTACCTGGACACCAATATCAAGAGGGGCATCATTCTGGGTCCCGTTCAAACCACCATCCGCATGGCTCAACGCAACAAGTAACCATTCCTTTTTATGAAAAAACTTTCCTCCCTGCTGCTGGCCCTGGCCGGAAGCCTTGCCTGCAGCGGCGCCAACGGCGTTCCCTCCCACATTGTCCAGCCCCTGCCCAGGGAACTGGATCCCCGCCTGGAACAACCCCTCACCCCGCCTTCCCATATTGTACGCCCCCTGACGGAGGAAGAGACAGCCCGGAGGGAACGGGAACTGGCCCCTGTTCCGACCGCAGGCTTGAAGGAAGACGGGGAAAAGGCGATTCAAACATACAGCGCGCAGGAAAAAACCGTAGACGGGCGGATTCAGGAATTCCGCCAGCAGCACCAGGTTGCCGGAAATACCCCCGCCCCGGCTGCGGAAACTACCCCCTCTTCCGCAGCATCCGGCCCGGAGGAAGGCTTCCTGCAGGCCAATTCCCCAAAAGACCTGTACACCGTAGATTGTGACGGAGACTTGTACTTCGATATGGAAGAAGGCGTTCTGGTGTTCATGAAAAATGTCCGGGTG
NZ_CP029703.1_gap23	885995	890865	4870	GCTACGCCGCCCTCCCTGATCAATCTCAGCTCCCCCCAGACACTGGCGCAGGCAATTGCCAAAGTCATTCAGGACCGGGATGAGGACATCCTGAAATCCCTGGAAATCCAGCAGGCCGTGACGGAGAACCAGAGCCGCCTCATCCGGGAGCTCATGGAAGCCCGCCATATACGCCTTTCCTCTCCCGGCATCACCAGCATCGGCGCGAACAACCAGGGGGCCAATCCCACAGCCAGATACACGCTCAATTTCAGCAGCGGCGCGCGCGGCTACCTGGATATGAAGCGCAATGACAAGCAACAGTGGACGCTGGATACCCTCACTCTGCCCAGCAAGCAGGATCTGGCCAAGGACAAAGTCGCCCCCATGGCGATGAATGACCCCATGGGCATCGTCAGTTCCTTCATGGATGCCGTCGCCAAGGCGGATTTCCGCGGGGCGAGGAAGTTCGTGGACGGAACTAAAGTGCAGGATGCCACGGTAGCCGGTTTGTGCATTCTGTTTGAGGAGGGGGCTTTCCGGCTCCGGGAGGACGCTCCCATCAAAACCGCCTACGAAGCGCCCACCAATGCGGGGTTTTTCGTTCATCTTCAGGACGCCCAGGGCAGGAAGGCCGGCAATGTAGGCCTGACCGTGGCCAAAACGGACGGACAATGGCTGGTTGCGGAAGCTTCCCTGGACAGCATGCTGGAAGCCTATACGAAACGGCAGGGGGCCGGAGACGACATCTTTATCCCCATTGTAAAAAATCCCCAGGGCGGCGATTCCCTGGCCCTGTTCTTCGGCTTTAATGAAGATACCCTTTCCAAGCGTTCCGAACGCCAGCTGCAAATCGTAGCGGAAGCTATCAAGATGGACAATGGCAAGAAGCTGGAAATCAGCGGCCATACGGATGACGTGGGGAGCGAACGCTACAACCAGGGGCTCTCCGAACGCCGTGCGGCCGCCGTGAAAGCCCAGCTCGTCCAGTTCGGCGTTCCTGCGGAAAGAATCGTTACCAAGGGATTCGGCAAATCTCAGCCGCGCCGAACCTACTCCCCCACGGCAGACGAAGAAACAAGGGATGAAGCCCGCAAGGAAAACCGCCGCGCGGAAATGTACCTGGACTTTTAAAAGAGTCATCAGAGAGCAGAGAAGGGGCAAGCCTTTCCAACTTCTCTATTTACTGTTGCCTGTCAATTATTAACCATATTCCATGGCTCGCCGATACGTCATCAGGCAGGATGCCGCGCCGGTCGCCCCCATCTCCGGGATCGACTACCGTACGGCCCTCAATGAAGAACAGTACGCCGCCGTTTCTTCAGAACCGGGGCCGGCTCTTGTCATCGCAGGAGCCGGATCGGGAAAAACGCGCACGCTGACTTATCGCGTGGCCTGGCTTCTGGATCACGGTACGGACCCATGGAACATTCTGCTGCTTACTTTCACCAATAAGGCGGCGCGGGAAATGACGGAACGGGTGCGTTCCCTGATTCCCCTGGACTTGTCCCGCCTGTGGAGCGGCACGTTCCATTCCATTGCCAACCGCATCCTGCGCCAGCATGCGGAATACCTGGGATATACACCGGCTTTTACAATCATGGACTCCGACGACCGCAAATCCATGATTAAAAGCGTGGTCAAATCCCTCAAACTGGATGAGAAATCCACCCGCTTCCCCAAGCCGGAAGTTCTTTCATCCCTGTTCAGTCTGGCAGACAACGAGGGAGCCAATATCCGGGAAACGCAGGAAAACGCCTATCCCTACCTTTCCAACCACCTGGACGCCATCCTGGAGGTGCATGACCAATACGTAGCCCGCAAGCAGGAAACCAACAGCATGGACTTTGACGACCTGCTTCTCAACGTCGTGAGGCTTTTTCAGGAACAGGAGCACCTGCGTGCCCTGTACGGTTCCCGCTTCCAGCATATTCTGGTGGATGAGTACCAGGACACCAATTACCTCCAGAGCCGCCTCATCGACATGCTGGCCCGGGAACACGGCCAGCTGATGGTGGTGGGGGACGATGCCCAGAGCATCTACTCCTGGCGCGGAGCGGACATGGAAAACATCCTCAGCTTCACTACCCGCTATCCGGCGGCAAAGACTTTCAAGATAGAAACCAATTACCGCAGTGTGCCGGAAATTCTGGAACTTTCCAACGCGGCTATCGCCGCCAACGAAGTTCAAATTGAAAAACAGCTCCGCTCCGTGCGGCCCACCGGGGAAATGCCCCCCGCCCTCGTCCCGCTCAACGACGACCGGATGCAGGCCAAATTTGTCGTCCAGCGTATCAGGGATCTCATTGAAGAAGGCACGGACCCCAGTGAAATAGCCGTGCTTTACCGCGCCCACTTCCACAGCATGGAATTGCAAATGGAACTGACCCGCGGAGAAATACCTTTCCGCATCACCAGCGGCATCAGGTTTTTCGAGCAGGCCCATATTAAGGACGTGGTGGCATTTATGCGTTTTGTGGTCAATCCCAGGGATGAACTTTCCTTCCGCCGCATGGTGATGCTGCTGCCCGGCATCGGCCCCGGCATGGCCCAAAAACTCTGGATACGCTGGACCGCCTGCCCGGAAAGCCGGCAAGAAACCCCTCCGGAATCCTTTTCCGCCCTGATGCTGGATTTCCCGGTTCCTGCCAAATCCAGAACGGCCTGGACGCAGCTTTGCTACACACTGGATGAACTGGCTCCTGCCGGAAAGCTGGCCGGACCGGCCTCCATGCTCCTTTCCATCAATGAGGCCGTGTACGACGAGTACATGCAGGCCGCATTCGAAAATTACGACCAGCGCAGGCAGGACCTTCTGCATCTGGCCGGATTTTCCGAACGCTTTGAATCCACGGAGGATTTTCTTTCCCAGCTTTCCCTTTTGGGCAACACGGATGATGAAAGCGCCGCGGCGGACTTTTCCGGTGGCTCCGTCACCCTGTCCACTATCCACCAGGCCAAGGGACTGGAATGGTCTGTCGTCTTCCTGATCGGCCTGTGCGACGGCATGTTTCCGCACCAGCGGGTCATTGATGACGGAGACCTGGCCGGGCTGGAAGAAGAACGCCGCCTCTTTTATGTAGGCATTACCCGCGCCAAGGACCAGCTTTACCTGACCTACCCCCGCTGGAACTGCCGCGCCCAGGGAGGAACCTTCATGCAAATGCCCTCCCGCTTTCTGGATGAATTCCCAGCCGGCCTGGTGGAAGAGTGGGAGGTGGAATAATCCAGATCTCCTCTCCCGGGTCATATCCGGGAAACGCCGGTTCTCAATCTTCTCCCGCCGGACAGGGAAAACGTGGCGCGGAGTTTCCGAAAGGTTCTTTTCCCACCCATTTGAATTCCTGCTTCCAACCCTTATCCGGAGATATTTCCGTCTTTCCCGGAGAACGGAATTCCCCGATAACCCCGGCCATATTCCAAAAACCGTGACACCGCGGCTCTTACCGCATCCTTCCGTTTCTACCGCTGCGGTTCATCACCGCCATATCCAGCAAAGCCAATAAGGGAAGGCCCTCTCCCAGGGAAGCTCCGTCTGCATATGCGGGCCGCGTTAAAAAACATCCCGACCAGACTTTCATTCGCAGAAGTTCAAGAACCGCCCGCATTTATCCGGGCCATTCCTCCCGTCTCCCAAGCTCGCCGGACTTCCGAATTAATCACGAAACCTATTAACAAATAATACATTCATCTATCCGGACAACGTTGACTATATCTCTCCATATGGAACCATTACCTCAGTTCCTGTTCCAGCAGGCAAATGCTGCGATCAGAATACACTAAAAATAACACAATACATTTATTATTATCAAAATAATCAATCCGTTACATCACAACAGACTTATAATAAAATTTATAAAAATTCTAACTTTCAATATTCAGAAAATGGTTCATACAAAAAAACTGAGAATCTCAATAAAAAAATACTAAATTAAATAATTTCTAAATAATTTAACTTTTCCAATAAAATGTGAATTAGTCTCAATTTTATTAAAAATCTTTTCCGGTTCAGGACTGAAAAAACTGTCATGATTAAATTATTTAAAGAAGAAATATAACCGATTCATTATAAACAATTTTAATTATTATTCTCATTAAAATTTCCCATGTCATCCCGGTGAACGCCCCGGAATGGGAATCATCTAAAATCTCGGGCGCCGTGATTGTCACGAACGCATAACCATCTAATCATTAAACAAATAAAAAAGCATGAAATTAAGACTCCCACATATGCTGCTGGCGGCTGTTATCGCCTGCCTTGGCAGTTTCTCCGTTGCTACGGCAGCTGACTATGCAGTCAACAGTGCCGATGAATTCGTTACGGCCTGGAACCAGGCTGCCGCTTCCAATGAAGCTTCAACCATCACGATTACCGTACCTTCCGGCTCCGATAATATTACGCTGACCCAAGAGCAACGAGCCCAGTTGAACGCCATCTCCGGAACGGGCAACGTCACCATTCAAATGACGGACGCCAGCAACAAACTGGTTAATTTCAATTACGATCTGGTTAACAACCAAGTCAGTTTCAACGACGTCACCTTGAGTGAACCTCTGGGAAGCGACAATGACATTGTGGTGACGAATGCTTCAAATACCACAACTATTGATGGCAGGAATATTGCCATCGAAGGTACGAATGATGCTGCCAATCCCAAGACGGTGGGAGCCACCGTCACCTCCACGAACGGACAGGTAGGCATCGGCGACAATGTTTCCATGGAAAAAGCCGTTACCGTCACCGGCCAGGCAGCTCAAACCGTAGATCCGGCAACGCCGCCGACCGGCCAAGCCTATACCAAGACGACGTACAATACTTACAATAATTCCAACGAACAGGCCGTGGTCCTGGGCAACAACGTCACGATGCAGGATACCGTAACGGCGACAG
NZ_CP029703.1_gap24	968195	970704	2509	AGGCCCTTCCAGCCCACGGTGGTGCGGGGCTTTTCAAAATACACGCGCATGATGATCACCAGATCCTTTTCAAAGCGCGCCATTTGTTCCTTCAGGCGGGAGGCATAGTCCACGGCAGCCTGGGGATCATGGATGGAGCATGGCCCCACCACCACCAGCAGGCGGTCGTCGTGGCCGGAAATGATGTTCTCCGCATTCTTGCGGGTCGTAGCCACCATTTTGGCGATTTCGGTGGTTGCCGGATAATCCTTGATTAAAATGGCGGGGGAAATCAGGGGCTCAATGTCTTGAATGCGTATGTCGTCTGTTTTGAACCAGTTCATGTCTGGGGCTTATTGAGAGGTTTTTGAGAGAAGTTGAAAAGAAAAAAATACGGTTTGCGGGCTTTATGCCTGAATATACCGCGGGGCCTCACGGCCATAAGCCGGAAGCCCCGCAAAATGAAGCGGCCGCGCCTCCCGACAAGAGGCGCCGTCATGCATTACCAGGAAGTCACATTGTCTTCCGTCAATTCCGGATTGTTGATATGGCCGTCCGCCGTGCTGCCCTGCTTGTCCTTGCCGGTGCTGTAAACGGCCACGTTCTTGGTCACCATCCGGGAACCTACCTGAACACGGGGAGTACGGTCGTCAGGGTTGGCATTCAAAATGATGTAATAGGGAGATTCCCAAGGATCCATCAGGCCCACACGGCCGCGGCTTTCAAAAAACAGGCCGGGAGCGCCTTCCACATCCGTAGTCGTCGTATTGAAATAAGCCGTTTTCTTGGGATTCAGCTTTCTGTCCTCATCCGCCCGGTCCATATAATTGGTCAGGATGCTCATGATGCGGCTATCGTCGTCCACGGCGGTTGTCACGTAATACTGTCCGTCCTTGTGGGCCTGCTTGGTCATTTCCCGGCTGCTCCAGGCCACGGGAACGCGGCCGTTGTCCAGCATGTAATTTTCCACAGCCGTCTGCAGGCCGTTGCAGTCGCTTCGCGCCGTGGTAACCTTGGATTTTTCCATCACGCCGTTCACCACCGTCATGGCGATGCCGGCCAGCGTCAGGATAATGGCAATCACCACAAGCAATTCAATCAACGTGAATCCCTTGGACTTACGGTTCAAAAAAGGTGTCTTCATACTTTGCCAAGAGTAGCGCAATTACAGTTCAGGGCAAGCGGAAAACAACCGGCGCCCCCTATTTCAAAACCTGTTCCCGGAACGGCAGCAGACGAAATAACCCCGGTGCACAAACACCCCGGCGCCTTCCGGCAGCCGGGGTGTTTAAAAAGAATGCTCCTTTAATTGGAGGGGACAGGGGTTTCTGCGGAAGCAGGAACCGGAGCTTCGGGCACGGAGGGAGCCGGAGCCTGAGAAGAAGCGGCTTCCGCCTCAGCGGCGCGCCTGCGCAGCTCCTCCTGCTGGAGTTCTTCCGGCGTCTTGGCGGGAACGGAAGCTTCCTGCCTGGCGGCAGCCTTCATCATTTCCGGGCTCAACAGGCTTTCCGAACTCTTAACGTGCTGCCGGTTGATCAGCATGCCCAGCCCCAGGCAAAGAACCATGAACGCGGTTCCGAAGTACACCGTGGCTTTTTTCAGCACATCCGTCGTCCGGGCGCCAAAGGCCTGGTCCGTAATGGCTGCGCCAAAGGCGGCTCCCAGCCCTTCCTGCTTGGGCCTCTGCATAAGCACTACGCCCAGAAGGAGAAGTGATACAATCACCAAAACGGCAAAAAGTAACTGAATGCTGATATTGAGTGAATCTGCTAAAAAAAGGTTCATGAGCGCGGGGAGTATGTGTGAATTCGAACGGTTTGTAAAGTCTAGGAAATGATTTCGTTATGCTCGTTGCAGACGATTTTCTTGGGGATGATGGGCTTGTCCGACAAGGCAAAACTCATAATGACCACCCGTTCGCCCGTCTTGATTAAATGGGCCGCACCGCCGTTCATGATGATGTTCCCCGTGCCGGCAGGCCCCTGGAGAGCATATGTTTCCAGACGGTTCCCGGACGTGACGGACGCCACGAGAACTTTTTCCCCGGGCCACAAATCCACGGCGGCCATCAAATCGGCAGGAATTTCAATACTGCCTTCATATTGAACATCGCCACGGGTAATCATGGCGCGATGAATTTTTGATTTTAACTGCTCAACCAACATGACGTTCGAACAACAAACCCCCGATCGCCCCTCCGGTCAAGCCGTCATCCTCCATTTTACGGTTTTCTGTGTCTTACTCCCCCTCCTCCAGCGCTTCCGCGGCATGGGCGGCATCCCGGGCAAGCTGGCTTTTCAATTCTTCCAAAGAGGGGAATTTGATTTCCGGCCTTAGGAAACGGACCGGTTCCACTTCCATCTCCCGCCCGTAAATATCCCCCGGGTGGCCGAATAAATGCGTTTCCAGCAAAAGTTCCCCCGTCTCACCTTCCACGGTGGGGCGCACCCCCAGATTGGCTACGCCTCCGTATTTTTTGCCGGCCACCCGGGCGCGCACGGCGTAAACGCCATGGGGAGGCTGTAACCCG
NZ_CP029703.1_gap25	984865	989376	4511	CCGGTGAATGGCTCAAATGGACGGACGGCGCGCGAGATTACTGGCATGTAGCGGCCAACAGCATGGAATTCCCTGAATACTGGAAAGGGCCGGCCTTCCCGCCCTCCTTCGGCATCACGCCTCCCAGCCGGGCGGTGGTGGAAAAGGGCAACGCCATTCAGCACCATCATCCGGAGCTGGGGGATGTGACGGATTACCCTTTTGTCCTGCTGGGAAAAAACGGGCAGGCCCCTTCCTTCCTGCTTATGGGGGACAGCCATGCCATGGCCAGTTCCCCCGGATTTGACGAGGCCGCGCGGCTTCTTCAGCGCTCGGGCCTGTTCTACCGCGCGCGCCTGTGTCCGCTGAGCGGCATCTCCGGCTCCGGAGACTCCTCTTCTCTGACGCTCCTGCGCCTGATGTACCCCCATTGGGAACACAATATGGAACTAATTCTGGACTGGCTGGAAAATACCCCCCAGGTAAAGACCGTATTCATCCACAACCGCTGGATTGAACTGGTGAACAACCACCGGGATACGCGCCTGAAACAACTGGTTGCAGACGGCCTGCGCCACACCTGTGCGCGTCTTCGGAAAGCCGGCAAGCAAATCGTGCTGCTGGGTCCCGTTCCCGAATGGACTTTCGGCCCGCGCAAGCTCATGCGGCGCAATGCCCTGCTGAACGCCAACCGGACAGACCGCCTGCTGGGAGGGGACTTCAACACGCGGCAGCGTCCGGTATTCGCCCTGTTGGAGCACATGGAATCCACAGGCCTGTGCCGCTTCATTCCCCTCCACGACACCTTCCATAAAAATGGGCGGTGGCTGGCGGAAGACGGCGGCCAATTAATGTACTGCGACGACAATCACCTTTCCCCCTACGGGTCCAGAAAAATGGTCGGCGACATCATCGACCAGCTTTTCCCGGGAATGGAAAGAACAGCGGCCAACTGACGAAAGCTCCGCACGGGAAAACATCCAATCCTTTGACATTGACAAGGCATGCAGGCCCCCTACACTGACGCCAGGCAGCAAAGCCTTCGCGATGGTCCCGGATAAAAGCCCGGAATATGGAGGCCATACCGCGTCCCCCTATTCAACGCCTGTACTCCCATGACGGATTCCTCCCGCCCCACACGCATCAAGGTCATCAGAAAATCCATGAAGGCCTCTCCGGATCAAACGGAATCCCTGTTGTGGGGCGACTGCCTGTTCTGCACGGACGCCGCCATGACGGATTACGACTGGGTTCTGGTATACGACGAATTTCCCAGAACTCCCGTGGGCACCATCAGGAATGAAACGGAACCCCTTCTCTGTCCTCCGGACCAGACTATCCTGATTACGGTGGAGCCCCCCTCCATCAAAATCTACAGCAGGGCATACACCAGCCAATTCGGCACCGTTCTCACCACCCACTCCATCCGGGACCTTCCGCACCCCGGGCACACCTTGGGCCGCGGATGTCTTGAATGGCTGTACATCAAGCCCATGCAGGAAATTCTGGACCAGAAGGAATTCCCGAAGACAAAAATGCTCTCCACCATCTGCTCCGCCAAGCAGCATACGCATACCATGCATAAAAAGCGCTATGATCTTACGCGTTACCTGGCGGACCGTCTGCCGGAACTGGACTGGTTCGGACACGGCATCCGGGAAATAGAAAATAAAACCGTCGCCATGGATGACTACAAATATCATCTATGCGTGGAAAACCATCTGGAACCCCACCATTGGACGGAAAAACTGTCTGATGCCTTTGTTGCCATGACCCTTCCCTTTTACGCCGGGGATCCGTTGGCAACGGAATGCTTCCCGCAGGAAAGCTTCATCCCCATCCCGCTGGACAACCCGCAAAAAGCCCTTGAAATCATCCGCAAGGCCATGGAGGACGGAGAATATGAAAAACGTCTCCCCGCCATCCGTGAGGCAAGGCGCTTGGTGCTGGAAAAATACAACATGTTCGCTCAAACAGCGGCAGTCATTCACAACTACAGGGAAACGGGAACCATACGCCCCGGAGCCATGCTGAAAGGACGCCACGTTCTGCGGAAAAATCCGCTCCATGCCCTTCGGGAATTAACGGACACGCTGGCCTATAAAATCAGGTCGCGCGGCAGGCGCGGAACCGGGACCGGAGCATAACCTGGATTCCGGGCGCGCGGCAGCGGGGAGGGGGGGGGGGGGGCAGGCCTTCCCTGCCAGTAAAGAAAATGGGCGTCCGATCTTCTGCCGATGGCCGCGCGGCTGGAGGAACGGAAAGCCTCCATGTGACGGAAAGATTCAAAAGGAAAGCTTTCCCCGGTACCCAGCCTCCTGCCCATTAAAGCATGAACGGCTCCGTCAACCCTCTTCTCAGGGAATACATGGCCTGGAACCCTTTGAACGACAGGGAAACCGCAACCGTATCCGCCATTCCTCCGCCACACCGCAACCAGGGCGGCAAATACCGTCCCGACAGCCCCGTCCGGTCTGAAATCGATTCAAACCGGCCGGAAAACAGGCAATTAATAAAACGGAAAAACCTTAATCTGCTTTGCGGGAAGCGTGCCTCTTGGCCCGTTCCTCCTCCCGCTGCTTCTTCAGGTCTTCCTTCATCTTGGCCTTCTCTTCGGAATCCAGCTTGCCGTCCTTGTTAACATCATATTTTTCAAGGAGGGCGGCTTTCTTTTCCGCAGAAGTCATTCTCTTGGGAGCGTCTTCCTCCGCCATGGAAGGCATGGCGAAAGCAACGGCCAGAACAATAAGCAAATACTTCATGATTAAACGGGGTTCTTGAATAATCCTTTTCTACTCCCGCGCGTCCCGGTTGTCTCTCTTTTTTTAGCAATACATGCAAATTCCCCGGCCATGCCCCTTTTCTGCCGCGTGAACTCCCCCCGGTTAAGCCTTCCCGAACGGGAAAAATAGCGGAATCACCACTACCATGACCAGCCCCATGATCACCTGCAGGGGAACGCCCACTTTCACGTAATCCATGAACGTATATTTCCCTGCCGGCATAACCAGGGCATTGGGCGGCGTGGAAAAGGGTGAAGCAAAACACATGCTGGTGCCTACGGAAACCGCCAGCAGCAGCGGATAGGGGCTGATGCCCATACTCGCCGCGGATTGCAGGGCGATAGGCGCCAGAAGCACCGCCGTAGCCGTATTGCTGATAAACATGGTCAGCAGGGACGCCGTGAAATAGACGCCCGCCATCAGGGCAAACGGCCCGAATCCCCCCAGTCCGGCCACCAGCCCGTGGGAAATGGCCTCTGAGGCTCCCGTCTTCTCCAGCGCTACGGACATCGGCAGCATGGCGGCAATCAGCACGATGCTCTCCCAGTTGATCGTCCGGTACGCCTCCTCCACATTGCGCAGACAGCCGCACAACACCATCAGGACGGCGGCAATCAATACCGCCGCCACAGCAGGCACCCAGTTGAACACCATGGCCGCAATCATCAGCAGCATAATGCCTGCGGCCAGGGGGGCCTTATGCGTCAGAGTCACCTTGGAGGCCTCCGCCAGGGGCTGGCCCACGACAACCCATTCAAAAGTTTTCTCGCTCAGGCGCGCAATATCCGTCCAGGTTCCCTGAATCAGCAGCGTATCTCCGTACTGGAGCTTCACATCCTTCAAATTATGGAAAATGTAATGGTTGTCCCGCTGGATGGCCAGAATATTGACCCCGTACTTGGCGCGTAGCCCCGAAGACTTCACGGGCATGTTGATAAGGTCCGAGTTCCGCATGAGCAGCATTTCCGCAATGCCTATCTCGTCAAACTTCAATTTGCTTTTCAACAGGGAATCCGTATCTTCCGACGTCTTCCGGTTAATCATCTCCGCCCCATATTCCCGGGCAAAACGGGCCACGTCCTCAAACTCCCCCATGACATAAATGACGTCGCCCCGGGCCACCCTCGTATCTGAACCCGCCATGGTCTGGCTGACCGTCTGCAGGAAGGAATGCCGGCCGGAATGCCTGCGGCGCACCTCCACAATATTCACGCGGTAAAGGTCCGGTATCTGAAGATCATGCAGAGGATGTTCCGTCAGAGGGGAATCCTCCAGCACCCGGAGGCGGTAAAGATTATTAATAATCTGGTACTCGTCTATCAACTGGCTGAGGGATTTCCCCTTGGCCTCGTGTTCCGCCCTGTCGTCATGGCGTCCCAGAAACCTCCTGCTGAGGGGGATCAGCACCAAGATGCCCGTCACGATGCAGACAAGGCCGATGGGGGTGAACGCAAAAAAGCCCAGCCCCTCCATTCCGGCCTCCTGAAGCTGGTTGTTGACGACAAGGTTGGGGGGCGTGCCGATCAGCGTCAGCATGCCGCCCATACTGCTGGCAAATGCCATGGGCATGAGCAGACGGCTCGTCTGGATGCCTCCGTCCGCAGCCAGGCTCACCAAAATAGGCAGCATCAGCGCTACCGTCCCCGTATTGCTGACAAATGCGCCTATGCCGGCTGTAACAAGCATGGTCAGCACCAGCAGGCGCAACTCGCTCCTGCCGGCCAGTTTCATGATTCTGCCGCCCATCAT
NZ_CP029703.1_gap26	991366	992236	870	GGCTTCCTTCTTTACCTTGAAATAATCGCCCGATTTAGTCCGGATATACCGGTTGTAGGAAGATTCCGCCTCCTTGGCCATCTGAAGCACGGCCTCCTGATCCTGGGAAACGTACTCGTAATATTGCCCCATCAGCGCTTCAAATACTTCCGCGCGGCGCGCATAATCCTTCATGGACTTCCGGTACAGGGCAGCCACCCCGGCCTTGTCCCCGTTTTCCATCAGGAGATCCGCCTGCCGCTTGATGGCGGCGGAAGTCAGGTCGCTGCGCCCCTCGTCCGTCTCCTTTTCCAGCTTCTTCAAATCGCGGGCAACATGGCGCTTATTGGTGGAAGCGTCCCTCATGGGGAAAATATACTCATCTTCCACGCGGGCGGCCATGGCCAGGTAATCCGGACGGGAACGGAACTTGCGCTTAATCATGGCCACCAGTTCATCCCATTCTTCCAGCTTCGTGCCGCTCTCCGGGCGGCCCATCAGAGCAATCAGGCGTTCCCAGCCCAGGGGGCTGCCGGGAGTGGCCTGAGTGGCGGCTTCCAGCATTACCCGGGCGCAATCCGGCTTCTGCATCTCCTCAAACAGGTCCGCCAGGGAAAGATAATCCAGGGAAGTATCCAGCCGGGCGCCATTCACCTTCTTGTCCATACCCTGGAGAAGGGTGGATTCATGCTTTGACTTGCAGTTGTGCGGATGGGAAAAATGCCCCGTATTATATCCGTACCCGCCGTAGGACTGCCAGGTTTCATCCGTCGTCAGCAGATTGACCCAGGCATGCGGACCTCGGTTGCCGTCCCCGGTAACATAGGCGGAGGGAATGCCGTTGCATTTGGCGGTATTCACCGCAAAATAGGCCTGGTCCATGCAAATGCC
NZ_CP029703.1_gap27	1130246	1135144	4898	GCGGGCGCGGCGCTTGGGCGCGGAAATTCGCAGGGAAATAGAATCCTGGAACCTGCCTGTTGTTCAGGGCGTGCGTGGCCTGGGCCTGTTGCTGGGCATTGGCCTGAATCCGGAAATGGTAGCCGCGCCGGAGGGCAAGACGATCGCCTCCGTAGTGGTGGAGGCCCTGCGGCAGGAAGGGTTGCTTTCCGTTCCCGCCGGGCCGGAAACCGTCCGTCTGCTGCCGCCGCTGAATGTCAGTGAAGAGGAAATCCAGCAGGCTCTGGCCATCATCAGGCGCGTGCTTAAAACGTACGCCAAATAGAATACAGCCCTTATTTGCTTTATTGTTATGAAGGAAGAAGCCATTAAAGCCCCCGGCAGCACGATAAAGCAATATTCCATCATGCTCCAGAACCGGGTGGGGGCCCTGACCGCCCTCCTCGGCCTGCTGGACATGCACGGCATTTTCTGTCTGGGATTCAGCATGCAGGACTGCCATGAGGCGACTATTGCGCGCCTGATTGTCAGCGATCCGGAAAGGACGTCGGAAATTTTTCTGGAGAAAGGTATTTGCTATACGGAGTCCGGGGTGCTGGTGGCGGTGCTCCGCCATGGCCCTGCAGACCTCAAAAAATGCCTGGATGCGCTGTATGCCGCGGAAATGAACGTCAACTTTCTCTATCCCCTGCTGCCTTGCGTGGGGCGGGGGTCTCTGGTGGCTCTTCACGTGGAGGATCTCAACTTCGGGCGCACCGTGCTGAATTCCAGCGGCATCAAAGTCCTGTTCCAGCAGGACCTCAGCCGGTAGGAACAGCCGTTTTCCCTTTCTTCCCCGCTGCCCTGTTCAGGAGCGTTTTCTCCAAGCGCCTCAAGGGGTTGCCCGGTTTTTTCGCCTTGACGGGAGGGGAAAACATGGTATGGTACGGGCCGCATGGCAAAAGTACCCGTAATCAATCTTCGCAAGGGACACGCGGTCAATTACAACAATGACGTTTGCGTTGTAGTCAGCATGGAGCACAAGTGCCCCCCCCGCATGGCTTCCTATGTGCAAATGAGCATCCGCAGCATTTCCACTAAAAAGGTGTATAACCTTCGCCTGACTTCCAATGAATCCCTGGAAGGCGTCAACCTCGCCCGTGAGGAATATGAGTTCAGCTACATTGACGGCATGGGTTATCACTTCATGAATCCGGATACATACGAAGACATCACCGTGTCTCCGGAAATCGTGGAACCCGTCAAGGATTATCTGATGGAAGGCAATATCTACATCCTGCTTTTCACGGATGAAACGGTCGTTTCCGTAGAACTCCCCGCCGCCATCACCATGGAAGTGGCGGAAGCTCCTGAAGGCGTCAAGGGCGACAGCGCGAACAATGTTTACAAATCCGCCACGATGACCACCGGACTGGTGGTGCAGGTGCCCCTTTTCATCAAGCCCGGTGAAAAGATTTCCGTAAAGACGGAAGACGGTTCCTATCTGGGCCGCGTAAACTGAGTTGCCCCTCTTTCTGTTCTTTGAAGAGCCCCGTCCGGTTTGTCCGGATGGGGCTTTTTTCATGCCGCAATCCCTGCCCTTTTTCCTGTTTCCGGAAGAGGGCGGTTACTTTTCCGCGCGGTATGGAATGGTTCCTTTATGGGGGGAATCCTTTTTCTGGTAGGCTATGTCACAACAAACAGTTGATAAATAGCCATTTTTATAGGGGAGTATCAGAACTCCCCTACAAACTGTTATTTGCAGTTATCTATACTCATTTGGAATTTCGATATGAAATGTCTCACACAATAACTTCACATCATGTGCATCATTTTCATCAAACTCGTATCCCAGATGGAACATTACTTGACTATATGGTTCAATACAGGAAACCTCTATTTCCTCAATTCTTCCTTTACCCGAAAAAGTTTCTACCGGAAAACAATCCCCATCATAAAGAATTTCACCTTCGTCCGTATATTCAAAACAATGCAAATCAATAATTCTGTTTTTCAAATCTTCCCATACAGTATGGTTCAATGTTGTATATTCCATCTTAATCTCATAAAAGCCATTAGCTTTCATTATTTCTATAAAGTTCTGATAATCGTTCTTTTCTACAAAAATGTCAATATCATTATGGGCTCTTGACTGATATCCAAGAAGAGCATCTACACCCCAGCCACCATCAAGAAAGACTTTAATCTCCGCATCTATTGCAAATTGAAGAATCTGTTTTACATCTGTTATATTGACCATCTTATCATCTCCACAAATTCTAATTAGGCGACCAGAGGAACTGCTGGTCTGTTTGATAAATCTCTGCATTTAGCAGTTTTCAATGTTGCCAAAACGAAAGTTAAGAAGATGTTCCTTTTCTCCATGTCGCTTTCTTTGGCGTAATTTACAAGGTTATTCCACACAAGATAGTTGTTCAGATACTTGGTAGAAACACCGTTAAAGCCACGCATAAACCTCTTTAGCTGGCTATGGTAGCTATTGATATGTTGGATATTATAAATGCCTTTCTTGGCTTTGCCAGTCTTTAACTGCACAAGGTCAATGCCATTGGCATTTGTAAATCTCACATAGGAGTTCATCTTGTCCGTAACAAGAGTGGAATTGGTCTTAATCCTACCATCATAAATATGATGTAAATCTCTTGTAGAAACTCTACCAGTATTCGTAATCTTGGAGATAGACAAGCCATTCCTATTAACCGCACAAGGAACACATACCTTTTCTTGGGACAAGCCTCTGATATGTGTAGAATGACCACGCTTATGAGCCTTGCGTGGCATAGCAAATGTCTTACTCTTGCTATGATTGCCCTTGTACGAGATGGCGAAAAAAGTTTCGTCAGCCTCAATAATGCCGTCAAGGGTAACATCGTCTGCCATATTCTGAAGTGCATCCAAAATCTTGTGTCTCCAAAGGAATGCGGTGTTTCTGTGAATCCCACAAGCAACAGCAGTCTTACGAATGGATAAGCCATTCATCATACAATCAATGTACTGCTCCCACACGGACAAGTCTTTTCTTGTACCAGACACAATGGAGTTCGTAGCAATCACGAAGGACTTGCCACAATCCTTACATACATATCGCTGTGTGCCATCTTTACGATGACCATTGCGAACCACATGGATACAGCCACAAAGAGGGCATACACGACCATTTGCAAAGCGTTCCTTTGCTACGAAATCTTCAATATTCAAAGACTTTACAAAGGCAGGACTTAAAAGCATTGTTTTAAGGCTTTCCTGCTCTGCGACAGTCAACTTACCGATAATATCTAATGCGTCTTTGATAGTAGGCATATCCAATTACCTCCTTCGGTGGTACTGTTTCTTACTATTATTATACGCTATTTCTCGTCAAAAATCAACCATTTGTTGTGACAGAGCCTTCTGGTAAATGCGAACGTAGTCTATTTCGTATTTCTGGGGCAGCGGCAGTTTGTCCAGATCTCCGCCGGTGGCGCCCAGAGCCAGGTTCAGGATGATGAAGTGAGGCTGCCGGAAGGGATTGGCGACTTCCTTGTAAGAGGCGTTGACGGTATTATCCAGGGGAGTCCGGTTCAGCAGAATATCGTCCGCATACAGGCGCACTTCCTTTTCATCCCAGTCCATACGGAAGACATGGAAGCTGTCCGCCCAGTCCGCGTGTTTTTCCTGGAGCCATTTGAGCGGCGTGTAAGTGGTGCTCCATTTGCCCACGTGTTTTTTGGGGGAACCCCAGCAGAGATTGGCCAGATAGGTGGACTGGTAGTACTCCATGATGTCTATTTCCCCGCACATGGGCCACTTTTCCTTGACGCCCAAGGTCCAGAAAGCAGGCCACATGCCTTCCCGCGGGCTGAATCTGGCCCGGATTTCAAACCGCCCGTACAGCCAGGAAAATTTGCTGCGCGTCGTCAGGGAGGCAGAGGTGTATTCCGCCTCTTTCCGTGCCGTCTGCCAGTTTTTTCCCTCCGGATCGTAATGGGGGTTGGCATGTTTTTCCTTCCTGCCTTCAATAATCAGCATGCCGTCTTTGCAATAGGCGTTTTCCGGCTGGTACCATTGCGCTTCCTTATTGCGGACGAAACCGTGTTCGTAATTCCATTTGGCAGGGTCCGGACGGCCGTCTTTGTCGAATTCGTCGTGCCAGACGAGTTCATAATCGGAATAATCCGCTTTTTCCACGACTCTCTCCGTTTTTTTGACGCCGTCACCATGGAGGGTGTAAAGCTGGGCGTGGAGGGGGGTGGACAACAAGGCCGCACTGGCCAGGATGTTGAATAGAGGAGGAATGTTCATGGAAGAAAGTAAAGGTGTTTGTTACTGGTACGGGGCCGCGGGCGTTTTTTTGTCATTTTTTATCAGAGGGGGCTGAAGCCGCGAAAGCGGCTTGAGGAACGGAATAAATGTGTTAGGTTCGGCTAACAGTATGGGGTCTTGTCTGGACCCGGAACATCAAACATTCCGTTTTAATGACAATGGAAGAAAAGAACTATCTTGTTTCCGGTATGCATTGCGCCGGGTGTGCCGCCAAGGTGGAGCGCGCCGTGGAAGGATTGGAGGGGGTGGAGCGCGTAGAGCTGAATTTGCTGACGGGGAAGATGACCGTCTTGTTTGAAAAGCCTGATTCCCCCGCCATGGAGCGGATAGCTCCGGTGGTGGAGAAAGCCGGTTTCCGCCTGGCGGACTGGAAGGAGGAGCCGCTTGCCGGAACGGAGAGGGAGGAAAGGCTGGAACAGGAGGAAACGGGCGGCTCCCGCCTCGTTTGGTCCATTCTGCTGCTGGTTCCTTTGATGTATTTGTCCATGGGCCCCATGTGGCATTGGCCCGTCCCGGAAGGGAGTTGGGGCCTGTGGATGAATTGGTGGACACAAGGCATTCTGGCGGGCGCCGTCCTGTGGCTGAACCGGCATTATTTGATAAACGGCGTGCGGCAG
NZ_CP029703.1_gap28	1153120	1156920	3800	GGCGCTATTCCTATAGAGACGAATGATGACGGAGGTGCGATTTGGAGTAGAGGGGGAAATGTTATCATAGGAAATCATGCGGAATTCGACGGGAATTATGTTTTCTCTGATACGCGGCCTTGCCGGGGCGGAGTATTTTATGATGACTTTTTTGGCGGTGCGATAACTGTAGGAGCGGATGCCGTTTTTACCGGTAACTTTGTTTTCAGTACTGGCTACGCTGCTCATGGGGGTGCGATGTTTGTCAGAAAGGATGGACTGCAATATGCAGCAGAAACAGGGGCAATAACCATAGGGCCTAACCCCAGTTTTATCAAAAATTTTGCTTACTCCGAAACGGCTGATGCTTATGGCGGTGTGATTTACAGCGATGGGGACATTTCTTTCAGCGATGGAGGCATGTTCACCGGCAACTATGCCAAGACCTCCGGGGGAGCCATTACGATGGGTGGGAAATGCGACCTGCTCGCTCTGACGAAGGACGCGCTTTTCGGCGGCAACATGACCGGGGGCGTCTTCACCCGCCATGAGGACGGCACCTTCTCCGTGGAAAACGGCGTGGCCAATGCCATTGACATGAACGGTTCTTTGTTTTCTTCACTTTATACGCCCAATCTGACGCTTGCCGCGGAAGAGAGGCGTGAAATCCGTTTCAACGACCCGATTACCAGCCGGAACGAAGACCCCGGCCGCCCTATGACCCTCACGCTCAACCGCTACACGGACGGGGAGGGGAATGTTCGCGACACGGATGGAACGATCGTCTTCAGCGGCGAACTCTACCAGGGAGAAGATACGCATCTTGCCGCCAGCCGGTACAACAGCTTCCTCGCGGATGCCACCCTCTATGGCGGCGCCCTCCTGCTGGAACACGATGTTGTCTTCGGCAGGAATCCTGAGGAAATAACGGATAAACGATACAACTCCTCCCTGACGGTGGAAAAAGGCGTGCTGGAAATCACCGGAGGAAGCAAGGCCAACGCCTCCAGCTTCACCCTCTCCGGCCCTGGCGCCGTCCTGCGCCCCGGGGAGAGCGCCTTCATCAACACCCACAACGCCGACCTTTCCCACGGCTTCACCTTCGATATGCGCCACCAGCTCCAGGCCGGGCCGGTCTTCGGCCCGGGCCTGATGCTCTCCGCCCTGGACTCCTTTACGGCCGGGGGGTACATCGGCGTGGCGGACACGGGAGCCAACGCCCCCTGGTTCTACGCGGACCGCTCCTGGAAGCAGGACCGCGTCTTCCACGTGCTGACGGATGTGCAGCACATCCATGAGGAGGACTTTGACGGGGCCGTCTCCCAGGCCACCGGAACGGCCCGGGTGGATGACCCCTACGCCTACACGGGAACCTGGAGCCACCGGTGGACGGACGCGGACGGCGACGGCTACGCCGAACAGCTCCAGCTGGTCTGGAAAGCGGACGGAACCCCCATCAGCCGCGTTGACCCGGAACTGGCCGGGGAACTGGCCGTCAACTCCCTCTGGAGCTCGGCGTCCAACGCGGCGGCCCTGGGCGGCAATGTCCTCTCCCGTCTGAGCGTGCCGCGCCTGACCGACAGGCATGCCCGCAACCTGTGGGGCATGGGGCTGGGCGACTTCGCCCGGCAGCGCAGCCGGGGAGGCGTGGACGGCTACGACTACAACGGAGGCGGCTACTCCGTGGGGGCGGACAGTGGCATGGGAGGGGAGGACGAGGGCATCTGGGGGATCGCCTTCGGGCAGCTCTGCGGCCATGCCAGAAGCCGGGATTTCCAGGGGCGCAACACGCAGGACACCCGGATGGGCTCCCTGTACTGGGGACGCCTGATGGAAGAAAGCAACAGGGCGTACTGGATCTTCAAGGGAAGCCTCACGTGGGCGGAAACGCGCAACAACATGACCAGCCGCCTGAGCGGGGCGCCGGCCTCCACGGGCAAATGGAACAACGAGACGTGGCTGGCGCAGGCGGAAGTGTCCCGGACGGCGGGCTGTGCGGGAGGGTGGAGGCTGACGCCGTTCGTGAGGATGGAATTCACGCATGGCCGGCAGGAGGCCTTCCGGGAACAGGGAGGGTATGGCCGTGACTTCGGAGGGGCGGCGCTGAAGCGCCTGTCCATTCCCGTGGGCCTGGAAATAGGCAGGACGGACGAATGGAAGGGGAGGCCGTGGGCGCAGTCGCTGCGCGTGTCCTATGTGGGGGACGTGCTGAGGGACGTGCCGGAAGCAACGGTGTACAGCCCGTACAGCGACATGGGCTGGAGAGGAAGGGCGGTGAGCCCGGAACGGCACGGCCTGCGCGCGGAGTACAACACGTTCCTGCAGTGCAATGAGCGCTGGAGCGTGTACGGGGGCTACGGGCTGGAAGTGAGGGGAAGCTCCTGCTACCACCGCGTGAACGCAGGGGTGTCCCGGAGTTTCTAAAAGAAAGCTTCAGGAAACGGAATGAAAAATAATGATATTATTATTTGATGAATCTGCGCAAAAAACTGGCATTTGCCGTCATGGCCCTGGCCATTCCTTCATCATGGGCGGATATCCCGGAATCCTCCGTATCCTCCGCGGCCGTCTTTGCCGTTAAAAAAGCCTGGCCCAGGGCCGGCTTCATTGAATGGGAGCTCAGCGGATCAGGAAAACTTTATGAAGCTGAATTCAACATCAACGGTTTTGAATTTGACGTCAAAGTTGACCCTGAAGGAAAGATACTCCTGGTCAAGGAGGAAATAGCGGTATCGGCCCTTCCGGGGCCGGTCCGCGCGGCCGCTCTGAAACCATACCCGGGCGGCAGAATCAAAGAAGCGGAAAAAGTGACGGAAGGAAGCGTCATCCGTTACAAGGTGGAAGTGGTGGATCATCTGGATGATTACGATGTCCTGCTGACTCCGGAGGGCGATATTCTTTACGTGGACCATTAAACGGCTTGAACCGTCTACAGCCGGAAACAGGCGCCGCCCTGCCAGGTAAAAACCCTGGCAGGGCGGCGTTCTTCCTTTTCGGAATATCCAGTCGTCCCGCGGGGCTGGATGATGCCTGTTTTTCCATTGCCCCCCGGCGCGGCGCATGCGCTCAAGCGGAGGTGAAGGCCAGGCGGCCCGGACAGTTCCGGATTGAGCGTCCCGGGGATGTTTCCTCCGCCGTACGGCGCGGGATTATTCCCTGCCGCGGGCGTTCAGGAAAATGAACACGTAATACAGCAGCATGGCCAGGGAGGAAAGCGCTCCTACCACGTAAGTCATGGCGGCCCAGAACAGGGCGCTCTTGGCCTTTCCATGGTCGAAATAGTTCATCAGGTGGGAGCGGTCCAGCCATTTCAGGGCCCTGGCGGAGGCGTCAAATTCCACGGGAAGCGTGATGAACGCGAAGGCTGTGGTCACGGCAAACAGGCCGATGCCCAGCCCCAGCACCCACGGAGAGCCGCCCATGGCCAGCAGCACAATGCCGATCATCAGCACAATGCCCACCAGGTTGGAGGAGAGCTGGACGATGGGAACCAGCGCGGACCGCAAGCCCAGCCAGTGGTAAGCCTGGGCGTGCTGCACGGCATGCCCTACTTCATGGGCGGCGACGGCAGCGGCGGCAATGCTGTTGGAATTGTAAACGGACTCGCTCAGGTTGACGGTTTTGTCCGCCGGATTGTAATGGTCCGTCAGATGGCCGGGCGTGGAAATCACCTTCACGTCCGTAATATGGTTGTCCTTCAGCATCTGCTCCGCCACCTGCCTCCCTGTTACGGGAATGGAAATCTGGGAGTATTCGCTGAAGCGGCTCTTCATGCGCGCGCTGACCAGCCAGCTCAGAAGCATGGAGCCCAGCAGAATCAA
NZ_CP029703.1_gap29	1158037	1159248	1211	TGAAGCGGGCATCCCTTTTGAAGTTGTTCCGGGCGTTACTTCCGCCATTGCGGGGCCTGCCTACGCAGGCATTCCGGTGACGCACCGCGGGTACTGCACGCAGTTTACCGTATTTACGGGCCATGAAGGCGAGAACAAGAAGGCGTCTTCCCTGGATTTGAGGGGAATAGCCGAAGCGCAGGGCACGAAAATCATGCTGATGGGAATGCGGAAACTGGCGGATGTATGCGAAGCCCTGATCGGGTACGGGCAGGAACCGTCTGTGCCTGCCGCCGCCGTCCAGTGGGCCACCACGGGCATTCAGCGTACGGTTACGGGAACTGTGAAAACACTGCCCGCCAGGGTGCAGAAGGCCGGGTTGGGCGCTCCCGCAGTAGTTGTCATCGGGGATGTGGTGAAAGAACGCGAGTCCCTGAACTGGTTTGAAAAACTGCCCCTGTTCGGCAAGCGCATCGTGGTGACGCGCACTCGTGCCCAGGCCGGGGAATTGAGCGCGCGCCTGCGCCGCCTGGGGGCGGAAGTGCTGGAGATGCCTGTCATACGCATTGCCCCGCCCTCCAACAGGAGGGAATTTGCGGAAAGCGTGGTGCATGCCCACACATATGACTGGCTGGTGTTTTCCAGCCCCAACGGGGTGGAACGCTTCTTCCAGGCGTTTTTTGCCGTGTACAGGGACATCCGGAGCATTGGAGGAGCCAGGATTGCGGCCATCGGGCCAGGGACGGAGGCGAAGCTCCGGGAATACGGGCTGGCCGTGGATGTCATGCCTAAAAAGTTTGTGGCGGAGGGCCTCGTTAAAGCGTTCAGGGACGCACGCGAAGAAATAGGAACCATTGAACACAGCACATTCCTGTGGGTGCGCGGAGAAGAAGCGCGCCGCGTGATTTACGACGGGTTGAATGCGCTGGGCGCCATTGTGGACGAATGCATCGCCTACAAAACGGAAGCGGAAACGGAGGATGTGGCGGGAGTCCAGGCGGCTTTCCGCGAATGCGGAGCGGACATCGTGACGTTCACCAGTTCCTCCACGGCGGAGAACTTTTTCAAGCTGGGGCTTCCGTGGCCGGAGGGATGCAGGGCCGCCAGCATCGGCCCGGTAACCACGGCAACCCTCAAGGAGCTGGGGCATGCCCCTTCAATTACAGCGAAAACACACGATATCAACGGTCTGGTGGAAGCCATCGTCAAGGCCGCCGGCAAATAGGGAAAAC
NZ_CP029703.1_gap30	1320105	1321201	1096	CGTAGCTTCCTTCCCCGTAGTTGACCGTACGGTTGAGTTTCGCGTCGTTCCACCCTCCCGTCAGGATGAGCGTGTGCGCCCAGCGCCTGTCCTGGTAACGGCCGAAGAGGCTGGCGTAGTAGCTGTCCAGGTGCCCGTCGGCGCTGTCCGCCGCGCTGGCCGTCAGGTCGCCGTAGCTGGCCGTGAAGGCCGCTCCCACCGTGAGGCGGTCGCTGAGGTCCGCGTCCACGCCCACGGTACCTCCCCAGGTGGTGAGCTGGTAGCCGCTTTCATCCCCGCGGGTGTCGAGCTTGGCGTAGGAGCCCGTGCCTTCCATCCACATGTGGAAGCGGGGGAGGTCGTCGTTGACGTAGGCCGGGTTGACGCCCATGAGGGTGGTCCGGTTCCTGATCCAGCCCATCTGGTCGCGCAGGGCGTCCTTCTGTGCCGTCCCAAGCGCGTTGACCGTGCTCCCTGCTGCCGCCGCCATGGCGCGGGAGGCTCCGGAGAGGTTGCCGTCATTGATCATGGTGCTGACGCCGTTCATGAATTGGGCCAGCTGGGAGTCAGGGTCCAGGTTTTTGCGGGCTTCCCAGAGCAGGCTGGCTCCGGCGGCGGAGTTCCACGTGTCGGCCGCGGAGGCGAAGAGGTTTTCCTGCCGGAGTGTGGCATTGAGCAGGATGTCGTTTCCGTCGCGGCTCAGCGTGGCGTCCTGGTAGTAGACGGCGAAGAGGCCGGATATCCGGGCGGCGAGGCTCTGCCCGTCTTCCAGGCCGCTGATGCTGCCGGTGGCACTCATCAGGACGACGTCATGGAGGTCGCTCCCCGCGTTCATGGCGGCGTTTCCTTCCATGTTGGAGAGGAGGAAGCCGGCTCCGTCCTGCACGGTGATGGTGCCCGCCGTCAGCATGGGGGCGCCAAAGGGGGCGTCCTGGTTGAAGTTGTAGATCAGTTCCGTCGTGGAGCCGTTCTGGAAGGTGATGTTTTCCACGTTGAGCGTGGTGTTGGCGCTGCCCTGGGCGTCCCCGGTGGCTTCAATACGCAGGGTGCCGTTGTTTCCGGCGGTGATGCTGTTGTAGTTCAGCGTGGGGGCGTCCGCGGTGCCTTTCAGGACCAG
NZ_CP029703.1_gap31	1329640	1331528	1888	GCTGCGGATGGTATCCGGATCCGCCACGGTGATGGCAACCTGGTCAAAGGTCCGGGGCTTGTCGCTCAGGCCGTGCATTTCCCTGATGGTGGGGGTGTCAGACATATATTGAAAGTTTAAAGGATGTTTGATGCCCGCCCCCGCGTTTTGCGGCACGGGGGCGGAATGCGGTGGATATTAGAATTTGAGGTCGGAGAAGTCGACGTCCGCCAGGCCGGCCATGTCGTCGCTGTCAAAGCCTTCCGTCATGCCGTCCACGGGAGTGAGATCCGTGCCGCCGAGTTGCAGGGAGGGTTGTTCATCCTTGCTGCCGGGGCGTACGTTCAGCCCCAGGGACTGCATTTCCTTCATCAGAACGTTGAAAGATTCCGGAGTTCCGGCTTCCAGGGTATTATCTCCCTTCACGATGGATTCGTAAATGCGGGTACGGCCCTGAACGTCGTCGGACTTGACGGTGAGAAGTTCCTGGAGGGTATAGGCGGCGCCATAGGCTTCCAGTGCCCACACTTCCATTTCCCCGAAACGCTGACCGCCGTATTGGGCCTTGCCGCCCAGAGGCTGCTGCGTGACCAGGCTGTACGGACCCACGGCGCGGGCGTGAATCTTGTCCGCCACCAGGTGGTTCAGTTTGAGCATGTAGGTCTGGCCTACCACCACCGGGTTATGGAAAGGTTCGCCGGTCAGGCCGTCATAAAGGGTACTCTTCCCTCCCACGGTGCCGTCCTTGCCGTCACCGATCCAGGTGAAACCGTCCACCTTCTTGGCTTCGGACATGTAATTCCAGATGGTTTCTTCACTGATCCCGTCGAACACCGGGGTAGCCACCTTGAAGCCAAGGGCCCTGGCAGCGATGCCGAGGTGGGCTTCAAGCACCTGCCCCACATTCATTCGGGAAGGCACGCCCAAGGGGTTCAGAACGATATCCACCGGAGTACCGTCCGCGAGGAAGGGCATATCCTGTTCCGGGACGATTTTGGCAACGACGCCTTTGTTGCCGTGGCGACCGGCCATCTTGTCACCCACGCCGAGCTTGCGCTTGGCGGCGATATATACTTTAACTTCCTTCAGTCCGCCGGGTTCGGATTCGTCCCCGGATTCCATCTGATCCAGCCTGTGTTCCCGTTCGTCATCCAGTTCCGTAAAGCGGCCTTCAAACGAAGTGATGATTTCCAGAATCTTGTTGCGAATCGGGCTGGGTTCGATTTCGATGTGGTCGTGAACCAGGGCCAGTTTACGCAACAGGGTCTTGGTGATTTTCCTGTTGGCCGGGATGATGATTTCACCGGTCTGTTCATTGACGACGTCCAGCGGGATTTTTTCACCCAGAAGAATATCGGAGAGCTTCTTGGTCAACTGGTCAATGAGCTGCTCCTTCTTCTTTTTATGTTCGTCGTTGATTTTCTTGAACTGCTTTTTCTTTTCCGCGCTGTCTACGACGAGGTCGCCGCGGTGGTGGCCGGAGCCTGTGGAAGAAATGCGCACATCCATCACGATGCCGGTGCAGCCGGAGGGGACACGGAGTGAGGTATCTTTCACTTCTGCGGCCTTTTCACCGAAAATGGCGCGGAGGAGACGTTCTTCCGGAGCCAGTTCCGTTTCCGATTTGGGGGTGATTTTGCCGACGAGGATGTCGCCGGGCTTCACTTCCGCGCCGATGCGGATGACGCCGTCATGATCCAGGTTTTTCAGGGCTTCATCACCGGCGTTCGGGATATCACGGGTGATTTCTTCCGGACCCAGCTTGGTGTCACGGGCCTGAACTTCAAACTCGGAGATATGAATGGAAGTGAAGGTGTCTTCCTTCACGGTTTTTTCGGAGATGACAATAGCGTCTTCGAAGTTGTAACCGTTCCACGGCATATAGGCCACCAGAACATTGCGGCCGAGG
NZ_CP029703.1_gap32	1492118	1494715	2597	ACAGGGGGCAGAGGCAGGAGGAAAAGGGATGAACGTTTCATGGCGGCGGGAGACATGAAAGCGCGGTATTTTTTGAAGAATGGCTTTCCGGGAGATTTTTTCCACAGGGAACGGTCTGTTTTCCTGGGGATGGCGTGCCGCGCCCTCTCCGGTCCGTGTTCCGGCGGCTTTTCCGACGGACTGATGCAGGAGGGGATTCCGTACCAGATGGCGCTTTTCTTTAAAGGGGAGATGTAGTATGGCATGGTGTATGGAAAGGAGGACGGGCATAGGCGGTTTTTTCGGGCTGGAATTGCCGGAGTACGGCAATTTCCCGCAATGGCATCCCGGCAGGAGTGTAGCCGTGAATTCCGGCAGACGCGCTTTGGAATATATCCTGCGCCGCCTGGGGGATGTGCGCTGTGTCCGTGTTCCCCTGTATACATGCCGGACGGTGGTGGAAACGATGGAACGGCTTGGCATTCCCGTGATTACTTACCGCATTGACGAACGCCTGGAACCGGAGGAACTGCCGGAATTGGAAAAGGGGGAATACCTTTTGTACACCAATTACTTCGGAATCAAAGAGAAATGCGTGGACCGTCTGGCTTCCCGGTATGGCGGCAGCCTGATTGTGGACAATGCGCTGGCCCTGTATTCTCCGGCCCGTTCCGGAGTGGCCTCCCTGTACAGTCCGCGTAAGTTTTCCGGTCTTCCTGACGGGGGGATCGCCGTGATGGATGCGGAGCGGTCCTTGCCGGAACCGGAGGAGCGGGACGAATCCCTGCCTGCCGCCGCTTTTTTGCTGGAATGCCTGGAGCATGGGCAGGAAAGGGCTTCCGCCGCCTGTGAACGGAATGAACGGCGCTTGCGGAATACCCCGCTGCGAAGGGTTTCCCGGCTGACGGAGCGACTGATGAGCGGCATTGATTATGAACAGGCGCGGCTGCTCCGCATGAATCATTTCCTTTTTCTTCATGAAAGGCTGGGCCATTTGAACCGTCTTTCCGTGGAGGCGGATTCCTTGTCCGCTCCGTGTTATTATCCGTTTTGGACAGCTTTTCCCGAGCTGAGGAACGTGCTGATTGATAAGCGCGTTCTGATTCCTCTCCTGTGGCCGGAGGTATTGGAACAGGCCCCTGCCAGCAGCCTGGAACGGAAACTGGCGCTGCATCTTCTGCCGCTTCCTGTGGACCAGCGCTGCGGGCCGCAGGACATGGAACGCATCGCCCGGATTGTGGAGGCATTCTATTCCTGAAGAGAAGGGAGGATTATTTTGTTAGACAGTTGGATAAGACGTTGACGATACGTGAATGAATGTTCTAACATTTTTGGTATGTCCGACTACCTTTCCTCTCTGGGCTATCCTTTCCGTGGAAGGCCCATGGTTTTTGTCTTTTCCGTCATGATGGTATGGGGCATGTTCCTGGCGGCCCGGGATGTTCTCATCGGATGGATTGCCGCCTTTTGTTTTCTGCTGCCTTTCATGTGCGCCTTTTTCATGAAAATGGTGAGGCAGTCCGCCATGGGAGAAGAGGATATCTGCCCCTTTCCTGAACTGGATGAATGGCTTGACTCCCTCATGCTGCCTTTTGTCCGGCTGGTGGTGTGCATCATCGTTTCCTTCCTGCCTTTCGCCGTGTATGTGCATACTGCGGCCTGGGCGGCGGATACTCCCCTGGCGTGGCTGTTCCTGGCGGCGGGTGTGATTTACTTTCCCGGCGTATTCATGAGAACCTCCGTTCGGGAACGTTTTTCCGGTCTTTCTCCCGTGGGCTGGTGGGGGCTGGTCAGAAGGGCTCCCTTTTCCTATGCCGGGTTACTTGGCGCCATATGCACCGGGGGATGGATCATCCTGAACCTTCCTTCAGGGCCTTTGATGGATTTCGCCATGGTGCCCGTGAAGCTGTATGTCGCCTGCGTGTTGATGAATATGTGCGGACTGTTCATGCTCAAGCATGAATTTGCTGGGGAGGAAGAGGTCGGCAGCTTTTCCCCTTCCGGGCCTGCGGCCTCGTGATGCTGCCGCCTTTCCGGCGGGCCGGGAACAGGTGAGTTTATTTGGCGGGGTCCTTGTCCAGGTTCAGGATACCCAGTACAGACATGTTGCCTTCCGCATCTTTTCCGGAGGGGAGATAGACCTTCGCATTGTTCAGCATGTTTTCAAAGGCCTTGGCGCGGAGCATGTTCGGTCCCATGGCCTTTTCCTTCAATGCCAGTCCTTCCGCTTCCGCCCGGGCTGCTTCCAGGGCTGCTTCCGCCTGGGCCTTGCCCCGCATGACAATGACTTTGGCCTCCGCTTCTCCCCGGGCCAGGTTAGCGTTTGCTTCCTGGCGCGCTATTTCCATTTTCATGGCGCCTTCCGCCTCCCCGCGTGCACGCTGGATGGCGATGTCTTTCCGGGCGATTTGAAGTTCCGTTTCCTTGCGTTCGTTTTCCTGAGTCGTCTGAACTTTCCTGACGACGGATTCAATGATGGCCTGCGGGGGATTTGTTTCCCCCACGGCTACGGAATCCACAATAAAGGGGGTGCCGTCCAGCCGCTTGCTTAACTGCGTGTAAACGTTGTCGGAAATTTTTTGCAGGCTGCCGGAGGCGTCCAGGGCATTGTACTGGCT
NZ_CP029703.1_gap33	1496086	1497098	1012	CCCGGTCAATGTAACGGCGCCGGAGCGCACCACCAACCGGGAATTCTACAGGGCAGCCGCGGAACATTTCCACACCCGTCTGTCCATCCGTGTTCCGGACGCCGTTCTGCGGTTGCTGATGGGAGAAGCTTCCCAGGTGATTACCGGCGGCCAGTGCGCCGTTCCGGAGACGCTGATGAGGGAAGGGTTTACATTCCAATATCCGGATATCCGCACTTTTTTTAACAAAGCATTTTCTGTCAAATCATGAGCATGATACAGACCATCGTTACTTCCCTGTTTCACGGTCATTCCGTAAAAACCGATCCCATGCCGGATTTCAATCTGGAACGTTATCTGGGGGAATGGCACGAAATAGCCCGTCTGGAAAACTGGTTCGAGCGCGGGCTCAGCAGGGTTCTTGCCCGGTATGACCGCAGGGAGGACGGTTCCATTTCCGTGGTTAACAGCGGTTATGACGTTCGTACCGGGGAACGGAAGGAGGCGCGTGCACGGGCGGTGGCGGGGGATGCCCCCAATCATTTGAAAGTGTACTTTGTACCATTGGTATACGGCCGGTATGAAGTGGCTTTCCTGGATGAAAATTACACCCGCGCCGTAGTTTCCGGCGGTTCCCTGAATTATCTGTGGCTGCTTGCCCGCTCGCCGCAGTTGAAGGATGACGAGCTTCAGCCGATGCTTCATTGCGCGGAAAAACTGGGGTATGATACTTCCCGGTTGATTTACGCCAATGTCCAGGCCTCTCCGGACAAATAACATGGGGCGGGCTTGAAGAAGCGGTGTGCCGTGAATATGGGATATTTCTGAAATGGGGAATGTGGAAAAGGTGGCTTTCCTCCTGCCAGGAAAAAATTTTTGGGCATGGGCCGGGCGTTCCTTTCCAGTGTTCCGCCGTGCGGGAATGTCATGCTTTTGAATTCTCCGGTGTGGTTCTTCTTCCTGCATGGCTCCGGTCCCGTATTTTTCCGCTTTTTCCTGCCCCGTCCTTTCCGTTTTTTTGCAAAGAACAGGG
NZ_CP029703.1_gap34	1528007	1529742	1735	CAGCTGCTGTCTGGCGTCCCTTGCCTGCATGAGCTGAACATCGGCCATACGATTGTATCCCGCGCTCTTTTTGTGGGGATGGAGCAGGCCGTGAGGGAAATGCGCCAGGCGATCGACCGCCTGAGCTGATTGCGCCGTTTCAATTGATCCCGGTTGCCGGAGTATGAGCCGCATTGCAGGATTGGGAATGGATTTGGCGGATCTGGAACGCGTACGCCAGGCCCTGCGGAAAAACGGGGAGGCGTTTGCGTTGCGCATCTGCACCCCTGATGAGTGGGCTTATTGCCGGAAGCACGCGGATCCCGTGCCGCATCTGGCGGCGCGCTTTGCGGCTAAGGAGGCCGTGGCGAAAGCCCTGGGAACGGGAATCGGGGCGAAGTGCGCTTTTACGGATGTGGAGGTGGTGCGCGGTGATGCGGGAGTTCCTTCCATTCTTTTGCACGGGGCTGCGGGAGTGACCGCCCGGGAGCTGGGCATTACGGGCTGGCTCCTGACCATGACCCATTCCGGGTTGAGCGCCGCCGCCACCGTTATTGCCTTGGCGCAATAAAAAAGCCGTTCCTTGGGAAGAAAGGAACGGCTGGCATTAAAGGGGAAAGGGAAGTTATTTTCTCCTTCTGCGAGCGGCAAATCCCGCGAACGCAAGCAGAGACAATGCCGCTGTGGAGGGTTCCGGAACAGCGGCATAAGAAACGGAGAGAGAACTCAGTTTCGTGCCGTTCAAGCCGTCATTATTCCAACCGGGAGCACGATGTCCAATGCTGTACATCTCGTTTTGGGTATCTCCTCCGTCCGCGGTTCCGGTGTACCAGTCGATATCGCTGATAGAAACGGTTGCGGTGCTGGCGGCAGTACCATTATCAAGAGTAACGGTTACGTCATGCCCCAGGATATCAACGGTTACTTTTGTCCACGTATTTGCCGTCAGTCCGGCTTCTGCGATTGCTCCTCCGGAGGAGAGGTTGCCGGAGTTGATGGCAACAGCCCCATTGCTGAGTCCCAGGCTGAAGCCGAATCCGCTACGGGCAACGTGAATGATATTCTCAAGGGAATTGTTGCCTCCCCATGAGATGTCCATGGTGATGCTCATGGTCCCCTCCCCGGAAAGGGCTCCGTTCAGCATTTCCCGGAATACATTTGTACCGCGTTCGTCAAAGGTGGAACCGGTAAGAACCGTCCCCTTCTCTGCATCTTGGGCAGTATTGAAATTACCTGTAGCAGTTCCCCCCATGACGGCAGCCGCGGAGGAAAAATCCCATGTATAGGTAGCTGTCTCCGCCGCCTGTGCCGCACCACAGAAAAGCAGCCCTGCTGCCAGCGGCAAATATTTTTTAATGGATAGATTGATAGTCATATGACAATAGCACGTAATTGCAAAAACATTCAACGATTTTCAAATTCGTTGAATGTTTTTCTATCTTAACCCATTAATAAATAGATTTTTAAAAATATTCCTATTACAAGATTGGTTTCTTTTTCTGTTTGTTTATTTTCACTGTTCCATACAGAAAATGAGAAAATTATAGATTTTTTTTCTTGCAAAACGGATTTGAAATTCGTTGCTACGGAATAAAAGAGGCCGCCCTGTTAAAGGGCGGCCTCTGCCTTAAGAGTTTTTTCTTAAGTCAGGTGAACTTTTAAGAAAAGCTCTTGATGAGGAGCTGGCGCTGTTCTTCCAGTTCGGCCGGGAGCTTCTTGCCCACCTTGTCGAACAGCTCGGTCTGGCTTTCCAGTT
NZ_CP029703.1_gap35	1576844	1581090	4246	AACAATTCGCCATTGTCGCGTGGAACGGCCGCATCCCTATCATGGAGGCGCTGGGGGAGTAACCCGAACATTATTGCCGCAGTACCGTATGAAAAACATGATCGCTTTGACCGGGATCGGGTATGATATCCACCGTTTTGCGGAAGTTCCGCGCCCCTTGATGCTGGGCGGTGTTCATATTCCTTCCTCCCGCGGCCTGGACGGCCATTCCGACGCGGATGTTTTATGCCACGCCATTGCGGATGCCCTGCTGGGCGCTGCCGGGTTGCCGGACATCGGCTACTGGTTTCCGCCGGGCGATCCTTCCTGCAAGGACATCCCTTCCCTGGATATTGTGGCGAAAGCCGTTTCTCTGATTCGGGAGCGCGGCGGCCGCATCGTGAATGTGGACTCGTCCCTTATTGCAGAATCTCCCCGTATTTCCCCTTATTTGGAGCAGATGAAGGGAGCTTTGGGCGCCGCTCTGGGAATCTCTCCGGTCCGTGTGGGCATCAAGGCCACTACTAATGAACAGCTTGGCGCGCTGGGCCGCAGGGAAGGCATTGCCGCTTTTGCCGTAGCGGCTATTCTGATGCCGGAGGATTTGACCATGCCGTAAGAAGAACGCTCCGGTTCCGTTTCTGGAAGCCTTTTTTCAAAAAAGAAGCCGATATGGGGCTTTAAACAAGGAATATGCTTCAGGAATAACGGGCAGGTGGAAATGGCGTTTTTTGGGGGAGGCCCTTTCCCAGGCAGTTTTAATGAAATGGCAGGAAATTGTTAACCGTTCCCTGGCGGCAAAGCCGTTTTTGGCTGCATAATAATATTACCCGTTTCCCTGCACAGGGAAGAGGTGTTGCCTGATATCAGCTGATGCAGCGGTAATAATAATCCACGCGGGAGATGAACCAAGACCATTTGAAGCCGGGTTTGCCATTGTCCAGCAGAAGGTGGGGGCAACGCTTGCCGGTCCAGTAGTAATGGGGCACGACATTCCGCAGGGGAATATCGTGGGCATACATGTTGTAGGCCGCCAGCTTGGCGGCGCGGTCAAAGGTTTTGACGATGCTCTGTCCTCGCTTCTCACACATTTCAATGCCGATGGAGTACATGTCTCCGGGGCCGCCCCGGTCCGCATGACGTCCCGTTTCATTCAGGGGGATATGCTGCATGGTCACGTATGGGTCTACCGTATAATGCCAGTTGCAGCGCAAAGCTCCGTTATTCAGGGCGCGCGCATGCTGCATGGCGTCTGCGGACGGGTTTTCCGTGTTGTGCATGGTGATGAAGCGCGGCTTCATTCGGGAAGAACGGCGGCGGAGCGGAGAAGATTTAGGCATGAACATCGGCCGGACGTTACATTCCGCCAGCAATTGGCGCGGAGAACGTTTCACCACGGGGACCCCGGAGGGCTTAAAGGAGATCATGGGAGCCATTCCTGCTTTTCCGGAAGGTTCCGAACAACTGGTCAGGGCAAGCAGAGCGGCGGTTTCCAGCAGAAAAGTTCTGCGGTCCATGCCCTGGACTTTCTCCAGCATGGGCTGGAGCTGACCGGAAAAGCGGGCAAGATAAGTGGCGATGGTGGAAATATTGCTCATATGGAGGCTGGGAGATGGGGAATTTTCAGCACGGATGCGGGAAAAGTTAAGTTCACGCTAAGATTCGCTTTTCTTCTTTGCAACGAAAAAGTGTGAAAGCTTCAGCATTGTGCCGAATTCTTCGCTCTTTTTGTCATATTGGTTTGCTTAAACCGTTGTTGAGAGCAGAACAGTCTCTGCTTCTGCGGCGGTGACGGCATCCGCGCCTGCCGGGGACAGAATGAATTCTCCCTTCCGGGCCGTTTTCCCGTCCCAGAGCACGGAACCGCAGAGGACCGTGAAGACGGCAAAGCGGGAGGAGTCCGGCTGGGTAAACCATTCTCCCTTATCCAGGCGGTATTCCTTTGTGGTGAAATACGGCATTTCCGTCAGGTATCCGGGGCGCTGGCTGAGTTCCCGGAATTCCCCGATGGAATCCAATGCCTGTTCCAGGTGCAGTTCCCGTCCTCGTCCGGAGTCATCCGTGCGGTTCCAGTCATAAAGGCGGTAGGTGGTATCGCTATTTTGCTGGATTTCCGCAATGAGGTGCCCGGCTCCAATGGCATGAACCAGCCCCGCCGGAATGTAAAGGTGTTCCCCCGGTTCCAGATGGGTGGAGCGTATCAGCTGCTCCATCTGTCCTGTTTCCGCCGCATGACGGATGTCCGGGAGTGTGGCGTTTTCCTCCATTCCCCCGTAAATCAGGGCGTCCGGGGATGCGTGCAGCACATACCAGATTTCATTTTTTACTTCTCCCTGCCGGGCTGCCGCCGTGCGTTCCGGGGGATGCACCTGAACGGAAAGATTTTCGCGGGCATCCAGAATTTTGCAGAGCAGGGGAAAGCGGGGGAAACGCTCGTAGCCGGGACCGAAAATTTCCTGCCGATGTTCTTCCCACAGCCGGTGCAGGGGCATTCCTTCCCATTCGCCATCCTTGACGATACTCATGGCTTCAGGACGGTCGCTGATTTCCCACGCTTCTCCATAAGCTGTTTCCCGGTCGGGCAGTTCCCGTCCCAGCATGGTTCTCATGCTCTGTCCGCCCCAGATGCGCGGCTGGTAGATGGAATGGAATCGAAAAGGCTGCATGGTTGCAACGGAAGCGTAGGATATCTTTTATGGACGGGCAAGCAAAATGCCCACAGGGTTTCCTGTGGGCATGGAGAGAGAGGAAGACGGAGAATTGCCTGTTATTTGATGGATTCCCAGACAATGCCGATTTCGTCAAATGGCACGTGTTCCTTGTTCTTGTCCGGTTTCGGAACGCCGTAGTTGGTCCGGAACAGGGGCAGGATGGGAGCTCCCGTTTTAGGATCCTTGCTCATGGGGGCCATTCCAACTTCTTCAAGCAGAAGAGTCATGCCGAATTCCCCGCCGGGAATTTCGCTGATCAGAATCTCAATGGGATAAACATTGCCTTGCTTCACTTTGAAGGATTTGCCGGCAACCACGCCTCCCATGGTCCGGTTCCAGTGGCCGGAAGAGGAGTATTTGTAGAATGTAACAGGAGGGACATTGATTCCGGCTGTTTTGAGCTCTTTTTTCAGGTCGTCGTAACCGGGCTTGTTTTCCATGGCTGCAATCCATTTGGTAGATGCTGTCTGTTTTCCTAAGGAAGCCTGGAACCACCCGTAGTCAAATACGTTTTCATTGTTGAATCGTACGGCAATAACGTCGTCGCCCGCTCCCACAAAGCGGAATGTTCCGGATTTCGGAGCGCGCACTTTGCCACGATAGATAGCAATCCATCGGCTTGGCTTGACTTTGTCCGCACATCCGTAAGCTTTCGGAGCTTCATTGGCGGATGTCCGGGGCACGTAAAATTGGGCGGCGTACAGCTGCTGGGGAGATTTATAGAAACGGTTTAAATCTTTTTCATCCCAACCGTGGGTGACAAAGCGGGAGAGGATGGAGCAGAACTGGTCTTGGGACAGGTTGGTAGGACGTCCGCCGGGAGTCTGCTTGGTGTCGTAAAAGGTACCTACCAGCGTGCTTCCGGAGGGTTGGGACGTACCGAAAGCAGAGGTGGAGTCTCCCAGGTCGGGGCCGAAGCCGTCCCCCATGCCGAGGGCGGTTCCCTCCTCCAGCATGACAGGTTCATCGGGCGGGTCAATGTCGATCTTGGGGAGGCTCACCGGAGCGGCGGCCGCTGCCACCACGACCTTGACGGGCGTCTCCGCATGGGAGGAAGAGGAAGTTTCCCTCTGTACTTCCGGCGGCGGGGGCGTGTCCGACGGCGGCGCATCGTCCGGCGTGATGTAGCCGACGACTTTGGGTTCTTCCGGAGGGGCGATGATGATGGTCAGGGAGTAGAGAATAGCTCCTGCCAAAACGACGGAGAGAATGGATGTCGCTAATGCGGCAATATAATTTTTCCGCCTTTCCTTGCGCAGGGATTCCACTGCGTCTTCCGTGGGTTCTATATGAAGGCTCATGCATGTATGATAGCACAAGAATCCCATATGTTGAGTAACATGAAGATAACAGGGATAACATGTCGGTAACAAAAAAGGCGGCCTTGCCGTCCTTTCTCCGTATGGGCTTTTCAGCGTTTCCCCCGTCTTTCCGTCCCTCCCGGTGCCAGCGCAATGGCAAGGGTGGAGCAGATGCCCAGAATCAGGGGATAATACAGGTATTTCATGACCAGCAGGGGAGAAACCTGGGAGATTCCGGCGGCCATGAGCATTTGA
NZ_CP029703.1_gap36	1583334	1587919	4585	AACCGACGAGGCCGCGGTGTCCGGCCACAAAGATTCTGCTGTTTTTTTTCATCTCAGAAATGAACGGGAGTTTTTACGTATTTCATGTCGTGGCGCACCATGATGCGCACGAGTTCCTCAAACGGAGTGGAGGTAGGGTTCCAGCCAAGAAGGGTTTTGGCCTTGGTTGGGTCTCCCAACAGTTGTTCAACTTCGGCAGGGCGGAAATATTTGGGGTCCACTTCCACCAGAATATTGCCCGTCTTCCTGTCGCGTCCGCGTTCTTCCACGCCTTCTCCCTCCCATTCCAGCTCTATTCCGGCCTCACGGAAGGCCAGCGTGCAGAATTCCCTGACCGTGTGCATTTCCCCGGTGGCGATGACGAAATCCTCCGGTGTGTCATGCTGGAGAATCAGCCACATGCATTCCACGTAATCCTTGGCGTAACCCCAGTCGCGCAGGGCGTTCAGGTTGCCCAGGTAAAGCTTGTCCTGCATGCCCTGGGCAATGCGTGCCGCCGCCAGCGTGATTTTGCGGGTAACGAAATTTTCTCCGCGGCGTTCGCTTTCGTGGTTGAACAGGATGCCGTTAACGGCAAACATATTGTAAGATTCCCGGTAATTCTTGGTAATCCAGAATCCGTATTGCTTGGCTACGCCGTAGGGTGAACGGGGGTAAAACGGCGTGGTTTCCTTCTGGGGGACTTCCTGCACCAGCCCGAAAAGCTCGGACGTGGAAGCCTGGTAGATGCGGCATTTCTTTTCCATGCCCAGAATGCGGACGGCTTCCAGCATGCGGAGGGTTCCCACGGCATCCGTTTCCGCCGTGTATTCCGGTACGTCAAAGCTGACTTTCACATGGCTCTGGGCTGCCAGATTGTAGATTTCATCCGGCTGCACGGTCTGGATGATGCGGATGAGAGAACTGGAATCCGTCATGTCCCCGTAGTGGAGGTTAATCAGGCGGTTTTTCTTCATGTCCCGCACCCATTCGTCCAGGTAAAGGTGTTCGATGCGGCCCGTGTTGAAGGAGGAGGACCGGCGCAGGATGCCGTGTACTTCATACCCTTTGTCAATCAGGAACTCTGCGAGAAAGGAACCGTCCTGTCCCGTAATGCCGGAGATTAATGCGATTTTGCTCATATGGTGTGTCAGGTTATTTGCTGGCGGGAGAGGTTGATGAAATGAAAAGAAACCTCTCCCGGAGCCGCAATTCATGGGCTCCGGGCATAAATAACGCATTTTTCCCAGCGAGGCGAGGAAAATGCTCTGGTCTATAGGAAGGGGGGGCGGAGCCGTCAGCGGGCATGTTGCCGCTTGCTGGCCGCAATCATTTTCCTGAAATCCCGGAACAGATACTGGGGATCCCTGGGGCCGGGTGCCGCTTCCGGGTGGTATTGCACGCTGAATACGGGAAGCGTCCTGTGGGCGATGCCTTCCACGGTATTGTCATTCAGATTGATCAGCGTTATTTCCACGTTGTCCGGCACGGTGTCCGGATCCACGGCAAAACCGTGGTTCTGGGACGTAATGCTGATTTTACCCGTTTTCAAATCTTTGACCGGATGGTTCGCTCCACGGTGCCCGAACTTCAGCTTGAAGGTTTTCGCTCCCAGCGCGTGGGAAATAATCTGGTGGCCCAGGCAGATGCCGAACATGGGCACTTTCCCAATCAATGCAGCTACTTCCCGGTGAATGTCCGTCAGCGTGGCGGGATCTCCCGGACCATTGGAAAGAAAGACGCCGTCCGGGTTCATGGCAAGCACTTCCTCCGCCGTCGTGTGGGCGGGAACTACGGTTACGCGGAAGCCGTTTTCCCTCAACTGGCGCAGGATGTTGTATTTAATGCCGAAGTCAAAGGCGACGATGTCGTATTCCGCAGGGGGCAGAGTTTTTCCCGTAACCAGCGCGTCCACTTCCTCCGGTGTCATGGGGTGGGAACCGATTTTGTCCACGATATTGCAGCCTTCCATGGAGGGGGCGTTTCTGGCTGCTTCCACGGCTTCCTCCGGCGTCAGCTCCGTGGTGAGGCAGGCGCGCATGGCTCCGGCGGAGCGCAGATGCTTGGCGATTTTGCGGGTATCCACCCCTTCAATGCCGATGACGCCCTGTTTTTCCAGCCACGGGCCCAGGGATTCCGTGGCACGCCAGTTGGAGTGGACTTTCGCCAGTTCCGCCACCACAAAACCGCTGACCTGCGCTTTGCCTGATTCCCCGTCTTCCGGGTTGACGCCGTAATTGCCGATCAGAGGATAAGTCATGGTGACGATCTGGCCGCTGTAGGACGGATCCGTCAATACTTCCTGATAGCCGGTCATGGACGTGTTGAAGCAGGCTTCCCCCACTTCCGTGCCCGTGGCCCCGAAGTGCGAACCGATGAAGACGCTTCCGTCTTCCAGTGCGAGAATGGCTCTCATGGTGATGTAAGTATGCTTAGGTGGTGCGGGATTAAAGGTTTTGGGCGTGGTACTCCTGAATAGTGCACACCTGAAGATTTTTGTTCTTCAGCGCCTCAATGGCATTCACGCAGGCCTGTGCGGAAGCCAGGTTGGTACAATAGGAGGTTTTGGCGGCAATGGCGGAGGAACGGATGATGATGTCGTCCGCCCGTGCGTCGTGGGAGCCGGGGGTGTTGATGATGAAATCAATATCCCCGTTTTTAATATGGTCCACGATGTTGGGGCGGCGCGCCTCGTTGACTTTGTAGGCGCGTTCGCATTCAATGTCGTGCTGGAGCAGGTGAATCATCGTGCCGCGCGTGGCGCACAGCGTGAATCCCATGTCCGCCAGTTGCCGGGCCATGTGAAGCACCCGTTCCTTGTCCCGGTCATTCACGGAGATGAAGACTTTGCCTTCCGTCGGCAGGGGATTGAATGCACTGACCTGGGATTTTGCGAAAGCGATATCCGGGTCCGGATCAATGCCCATCACCTCTCCGGTGGATTTCATTTCCGGCCCCAGCACCACGTCGATGCCCGGGAAGCGGCCCCATGGGAAAACGGCTTCCTTCACGCAATAGTATTCCGGAGTGATTTCCCGGGTAAAGCCCAGTTCCGCCAGCGTTTTGCCGGCCATGACCTGTGCGGCCAGCTTGGCGAGGGGCTTGCCGATGGATTTGGAGACGAACGGAACGGTGCGGGAGGCGCGCGGATTCACCTCAATGACGTAAAGCTGTTCATCTTTTACGGCAAACTGGATGTTCATCAGCCCGCAGACGTTCAGTTTGCTTGCCAGCTCCTTGGAAGCCCGCGTGATTTCCTTGTGCATTTTCATGGAAATTCCCATGGCGGGAATCATGCTGGCGGAATCCCCTGAATGGATGCCTGCCGGTTCCACATGCTGCATGATGGCTCCGATGACGGCGCGCTCCCTGTCCGCGATGACATCCACGTCAATCTCTACGGCATTTTCCAGGAAGCGGTCAATCAGAACGGGGCGTTCCTCGGAAGCTTCCACGGCTTCATTCATGTACCGGCGCAGTTCTTTTTCCTCATATACGATGATCATGCCGCGTCCGCCCAGCACGAAGGAGGGGCGCAGCAGCACCGGGTAACCGATGCGCGCGGCAATGGCGGCGGCGTCCTCCACATTGGTGGCTGTTCCTGCCTCCGCCTGTTTCAGCCCCAGCTCCTTCAACAGGGCGGAAAAATGTTCGCGGTCTTCCGCCAGGTCAATGGCCCTGGGGCTGGTGCCGATAATAGGCACGCCGTGGGCTTCCAGCGCATTGGCCAGGTTCAGCGGCGTCTGTCCTCCGAACTGGACGATGACGCCGTCCGGCTTCTCCTGCTCGCAGATATGGAGCACGTCTTCCAGCGTCAGGGGTTCAAAGAAAAGCTTGTCGGAGGAATCATAGTCCGTGGAGACGGTTTCCGGGTTGGAGTTCACGATGATGGTTTCATAGCCCATTTCCCGCAGAGCCATGGAGGCGTGCACGCAGCAGTAGTCGAACTCAATCCCCTGGCCAATGCGGTTTGGGCCGCCGCCCAGGATGAGGATTTTTTTCCTGCCTGTTTCGCGGGCTTCATTTTCATCTCCATAGGTGGAATAAAAGTAGGGGGTGTAGGCTTCGAATTCCGCGGCGCAGGTATCCACCAGCCGGTATCCGGGCACAATGCCCTGTTCCTGGCGTTCCTTCCGGATGTTTTCTTCCGTGGTTCCCCGGGCCAGGGCGATCTGCCTATCGGAAAAGCCCAGCTTCTTGGCTTCCCGCAGATCCAGCTTGTCCAGGCTGTCTCCCGCCTTGGCCAGGTCCTGCATTTGTGCCAGGAACCAGGGATCAATCTGGGTAAGCTGCTGCACTTCATCCAGGGAAAATCCGTTGCTGAACGCCGTTTGAATCCAGAAAATGCGTTCTGCCGTGGGAACAGCCAGTTTCCGCGTGATTTCTTCTGCGGAAGGCGCCTGCGGGGCCTTCGCGTCAAATCCCCAGCCCCAGCGTCCCGTTTCCAGGGAACGCAAGGCCTTTTGCAGGGATTCCTTGAAAGTACGACCGATGGCCATGGCCTCCCCTACGGATTTCATGGACGTGGTCAGGTGTTCGTCCGCCTGCTTGAACTTTTCAAACGTGAAGCGGGGAACCTTGGTAACCACATAGTCGATGGTGGGCT
NZ_CP029703.1_gap37	1671719	1672425	706	CCTTTTTCCCTGTCCGGGAAAAAGGCAGGATTAAATAAAAAGGAATATTTTTGCGTTACATCATCTGAAGGCTGGGGGAGGGGTGTAGCGGAATCGTGATTTTTATTTCAGTGGTGATGCGCTATAGTGGCAGCCATGACTGAGATGGAGCCGGACAGGAAAACTGCGGAACGGGCAATCAGGGAAGCGTATGAATCCAACCCGGGGGGCTGGGCGGAACATTCCCGCTATGTGGCGGAAGCCTGTAAAAATATAGCCTCGCGCTGTAAAGGGTTATCCGGTGAAAAAGCTTATGTCCTGGGGCTGTTGCATGATATTGGACGGTATGCCGGAGTAAGTTCCGAAAAGCATTTGATAGACGGGTACCGCTATTGTGCGGCAAGAGGCTGGAAAAAGGCGGCGCAGATTTGTATTTCCCATGCGTTTATGATACAGGATATCAATACTTCCATCGGCACGTTTGACGTGAGTGGGGAGGATTACCTGTTCATGAAAAATTTTGTAGAGAACGCGGTCTATGATGACTACGACCGCCTGGTCCAGTTATGTGACGCTTTGGCCATGCCGACAGGTTTCTGCCTTTTGGAAAAACGGTTTGTAGATGTGACAATCCGGTATGGAGTGCATCCGTTTACGGTGGACCGGTGGAAAAAAATTCTGCAGCTCAAGGCGTTCTTTGAGAAAAAAGCGGGCTGTTCCATTTATG
NZ_CP029703.1_gap38	1680176	1682566	2390	CGCACCATGGTGTTGTTCGGCAGCCGGAGCTGGACGGACATCAGGTTGATGGAGTCCACGTTCCCGGTGATTCCATTCACTTCAATCATATCCCCCAGGTTGATCTGCTTTTCCCCTACCAGGAAGAGGCCGCTGATGATGTTGGACAGGGAGGTCTGGGAGGCGAAGCCTACGGCGACGCCGATGATGCTGGCCGCGCCCAGCAGGGTCAGGATATCGAACCCCATCAGGGCGAAGGCCTCCACGCCTATAATAATGTAGCCGACGTTTTTGACGATTTTTACCGTCAGGCGGGAGGCCTGGGGCGACATTTTCAACGCAGTGATTTTCCGGAGCACCTGGCAGAACAGTTTCAGGAGTATCCAGCTGATCACCAGCCATACCGCCACATGCAGGATTTTGACTCCCACGGACTGCACCATTTCCAGCTTGAGCCAGTCCGGCATGTTCAGGAAGTCCATGGTTTTTGTCCAGATATCTTCCCTGGAGGATGCGTCTGCCATGAGATTCATATGAAGGATGTAGCAGACGCTTCCCCCCGGCTCAAGGGGCGCGCGCGTATTCCCCCCGGTTTATGACAGTTCCTCCGGCAGCGGAAAGGGCAGGGTGTTCGGGCGAGGAGGACGTATAGGTTCATCCCGCAGAAGGGGGGGGCGGTTTCCGGCGCAGGAAAGGCGGCGGATGCATGGCCGGATATGGCGCCTGGTTGGGAAAGAGGGGAAGGCGGGGATGAAAAAAGGCCGTTCCCCCGGAAGGGGAGCGGCCTTGAAATATTGCCGGGGGGGCTGCTTACTTGCTGAGGTAGGAGGCCACGCCTTCGTGGGACGGGGTCATGGCCGCGTCTCCCTTGTGCCAGCCAAGAGGGCAGACTTCCCCGTACAGTTCGAAGTGCTGGAGGGCGTCAACCACGCGGATGGCTTCATCAATGGAGCGGCCCAGCGGGAAGTCGTTGATGAGCTGGTGGCGGACGATGCCGTCTTTGTCAATCAGGAAGAGGCCGCGGTAGGCGATCAGTTCCCCGTTGACTTCCACATTGCCGTCTTCGTCAATTTCCTCGTCTCCGGCCAGCACGCCGTAATCGGCGGAAATGGTCTTGTTGATGTCGGAAACGATGGGGTAGGTCACGCCCTGAATGCCGCCCTGGCTGCGGGGGGTGTTGATCCAGGCCCAGTGGGAGAATTCGCTGTCTGTGGAGCAGCCGACGACGGCCACGTCACGCTTTTCGAATTCGCCCAGGGCTTCCTGGAAGCCGATCAGCTCGGTAGGGCACACGAAGGTGAAATCCTTCGGGTAGAAGAACAGGATCACGTACTTTTTGCCCTTAAACTGGTCAAGGCTGAAATCCGGTACGATGGTACCGTTTACTACTGCGTTAGCGCTGAAATGAGGTGCCGGTTTTCCTATGAGAAGCATGGTTGTTTTTTGGTTTGGTTCTAAAAGAATGATTCCAAAAAACGGACGAAAGTCAAGCGGCAATGATATCCCGTTCGTTCCAAAAGAGCCTGTTTTCTCTTGAAAATGAAGCTTTTTTTGTCAGTATTCCCTCCATGTCATCCTCAAAGGCGCAACAAGACGAGTGGTCCGGAAAAATTGGCGTGATTCTCGCTGTGGCCGGCAGTGCCGTCGGGCTGGGAAATTTTCTGCGCTTTCCGGGGCTGGCTGCCCAATATGGAGGGGGCGCCTTCATGGTGGCTTACGGCCTCATGCTGGTTCTGGTGGGCGTGCCCGTGGCGTGGGCGGAGTGGTCCATCGGGCGGCGCGGCGGCCAGATGGGCGCCCATTGCGCCCCCGGCGTGTTCTGGTACCTGACCAAAGGGTCCAGGCTGTGGAAGTTCCTGGGAGTGCTGGCGGTTCTGGGGCCTTCTTCCGTGGCCTTTTATTATATGGTGGTGGAAGCGTGGTGCTGCGGCTATTTCTGGAAGATGCTCACCTGCCCGGAGGTTTTTGCCACGGCGGAGGGGACGGCGCAGACTTTTTTCAGTTTCACGGGCATGTACGGCGACGGGAGCGCCCTGTTGTCGGACAACGGGCTGCTCTGGATTGTCAGCGGGGTCATCCTTTTGAACCTGGGGATTATTTACCGGGGCATCAGCAAGGGCATCGAAATGTTTTCGCGCTGGTTCATGCCGTTGCTGCTTCTGATTTCCCTGGTGCTGCTGGTGCGCATTTTGTGCATCGGCACGCCGGACCCTTCTTATCCGGACCGCAGCATCGAACAGGGGCTGGGGTATATGTGGAATCCCGGCAAGGTGCTGGTGGAGGAGCTGGACCGGAACAGCGGGGACTGGAAGACGGTTTCCATGGTTTCGGCCTCCCAGGCGGGAGCCATGGATGAAGCCGTGCGGCAGGTGGAAATGTCCGGAGGAACCCGGAGGCTGACTGAGGTGACC
NZ_CP029703.1_gap39	1704035	1708473	4438	GATCTGGCCTTTCGGAGGCCGCTTCCTGGAGTATATGGATAACGGGCAGCTGGTTTATCCTACCTTGAAGTATTATGCCTCCGCCCTGATGTCCGGAGCGTTTGACGGAGCTTTTTTTTATGATGTCAATGGCGGCGCGGGAATCCGGGTGAGCCCTACGCTGCCGCATCAGCTGCTGATCCCCTCCACCTGGATTGCCGTGGCGATGGGGGATTCCTTCCTGTTGAAGGACATGGTCTGGGTGATGCTGGCGGATGTGGCCTGCATCTGCGTGACGGCTTCCTGGTTCCTGAGACGCGTGTTTCCCTCCCTGCCCGTATGCTGGACCGTGCTGCTGACGGCGGGTTATGCCGTGGGGGGCTTTTTCCAGACCAAGTACGGGTTCATGCAATTCCTGGACCATGCCGCCATGTTCCCCCTGTTTGCCCTGGGCCTTTACCGGCTGGTGAACGGGGGAAGGGGCTGGCTGTATGCCGCCGGCCTCTTCCTGCTGGCTACCTCCCTGTACAGCGCTTTCATGGCCGTCGTCACCGGCTGGCTGTTCGCGTGGGCCTTTACGCTGCCCCTGAAGGGGACGCGGGAACGCCGCGTGCGCCTGGCCCGCGTGTTCTGGTACACGGCGGCGGTAACGCTGGCCACTTGTTATTACTGGCTGCCGATGGCGGAAATGAGCCGGGATTCCATGCGTTCCCTGTTTATGACGCCGCCCACGTTTTTTGAATTGTCATGGCCGTTTGACCCTCCCAAATTCCTGGAACGCCTTTACGCCTGCCTGCCGGGGATGTCATTCGCCGCTCTGGCGGCGGTTTATCTGGCTTGCGGGAAGAAGGCGTCCCCTGCGCCGGACAGAGGGTGGCGCCTGTTTATCCTTCTTCTGGCGGCGTCCGTTTTGCCCGCGTTTGTCGAACCCATCCACCGCGCCGCCCATTTATGGAGCTACGTGGATTTTCCCGTCCGGTTCGGTTTTATTCCCAATCTGGCGGTAATGTCGTTCTGCGCCTGGATTTTGTCCGACGGCAGACTTCCGGGGCCGGCAGGACGGCCATGGGGGTGGGGATGGAGCCTGGGGCTTCCCATAGCGGCTTTTTTCTTTTCCCTGTTTGTCCTGAAGATGACGGCTGCGGATCTTGCGGTGCGTCTTCTGCCTTTGCTGTTTTTTGCATGCGCATGTTTGTGCTGGAGGCATGTGGAGGGCAAAAGGCTGGTGTGGTCCATCGCTTCCGTGATGATGCTGGGGCTGCCCATAGGGGCTGCCGCGTTCTGGAAGCAGGGGGAGGAGGAGAAAGCCTCCGTCCAGGCGCTCAATGCGGAATGGCTGGCGCGCGGCATGAAGGGGTATTCAGGCTTGCTGCGCGTGAAGGACAGGGATCGCCTGATGGTGGAAAACGCGGATTGCCTGGGGCCTGTCCCGGGCATTGGCAATTTCCGGCATACGACGAGCATCGGGCATTTCCGTTTTCTGAAAAACCTGGGATACCGGGATGAATTCACGCGCACGTACGGCCAGGGAGGCACTTTGTTTTCCGATTTGCTGCTGGGCCACGGTTTTGTGCTGGCGTCCCGACCCATGGAGGGAATGGAGTGCGTGCTTTCCCGGGAAGGCATGTATTTATACAGGCTTCCGGGCGCCCGCTGGGGGCTGGTGGTTCCCCAGGGCGCGCTGGGGCTGCGTCTGGATGGGAACGCTGATGTGTTCAGCAATCTTAATGCCCTGCACGCCGCGCTCTGCCCATCGGCGGAAGGCCCCCTTTATGAGGCCGTAATAGTGAGGACGGAGATGAGCGGCCCCTTTTACCGGGCGGGCATTCCGGAATATCCCGGCGCGGTATACGGGTTCCCGCAGACGGATACGGCGGAACTCCGTGTCAATGGATGTGCGGTGCCCGTCATGGCGGAGGCGCAGAAGACATCCGGAGGAACGAGCCGCACCTATAACGGGGTTTTGGAATTGAAGCGTGCGGCCGTTGCCGGGGAAACCGTGGTGGAGGGGAGGATGCTGCGGACCGTGGAGACGCCCCTTCTGGCGGCTGCGGCGTGTACGCCGGAGCAGGATGTTCCGGTTCTGGGGAAAGAGCAGGATAAGTACGGGATGGAGGCGAAAGGAAGCGGTGGCCATGTGGAGGTGGCGCTGAATGCCGGGGAAGGGGAGGCTCTCATGGTGCCGGTCGTGTATGACCGGGGATGGAGAGCCCGGCGGAACGGGATGGAGGCGCCTGTGGAAAAGGTGGGGGAATTGATGGCGGTGCGCCTTCTGAAAGGGCAAAACCGGGTGGTGTTTGATTATTATCCGCCTTTATTGAAAGGGTCCCTGCTGTTTTCCTCCGGAGCGGCCGCCGTCTTCCTGCTGTATGCATGGTGGGCGCGGCGGCATCCGGAATCCACGCTCAGGAGGATTGTTCTGGCCTCCGGATACAGGCTGTTTCAGTGCTGTGCCGCCGTGGTGCTGGCGGCTGTTTATATGGGGTCAATCGTGTTGTTTATCGTGCAGTCCGTGTTGTGAAGGAATCCCCGGAAGGCGGGGAAAGAGGCCAGGGACTGCGTGCGGGGGGATGCTGGTGTGGAACAATATCCGCGGGGCGGTACCGCTCCCGTTTTTCCGGTTGCCGGATTGGCGGGAAAAGGCTTTCCGTTTTGAAGGATGGTTGACAGGGGAATCTGGCGCGGTAGAGTGGTTTCATGCAGTCTTCCTATTGTCCGAGTCCTTATCGATATACGCGCCGCGTAACCCGTGAAGTCATGGTGGGGAATGTGGGGGTGGGCGGTTCCAATCCCATCCGGATCCAGTCCATGCTGACGTCCGATACGCGGGATACGGATGCCTGCGTGAAGGAGGCTTTGGAGCTGGCGGAGGCAGGGTGCGAGATTATCCGCCTGACCGCCCAGACCAAGGCGTATGCCGCCAATTTGGAGAATATTTCCCGGGAATTGCGCGCTGCCGGCTGCCATGTGCCTCTGGTGGCCGATATCCACTTCAAGCCGGATGCCGCGATGGAGGCTGCCAAATGGGTGGAGAAGATTCGTATTAATCCGGGCAATTTCGTTGATAAGAAGAAGTTTGAAGTGCGGGAATATTCCGACGCCGAATACCGCGAGGAGCTGGACCGCCTAAGGGAAGAATTTACGCCCCTGGTTCTGTTTTGCCGGGAGCATGGCCGCGCGATGCGCATCGGTTCCAACCATGGCTCCCTGTCCGACCGCATTCTGAACCGCTTTGGCGATACGCCGGAGGGGATGGTGGAGAGCGCGATTGAGTTTGCCCAGATTGCCCGCGACCTGGATTACCATTCCCTGGTGTTTTCCATGAAGGCTTCCAACGTCAAGGTGATGGTGGCCGCTTACCGATTGCTGGTGGAGCGCATGAACGCCCTGGGGCCGGATTGGAATTATCCCATTCATCTGGGGGTGACGGAAGCCGGGGGAGGAGAGGACGGCCGCATCAAGAGCGCCGTGGGCATCGGCTCCCTGCTGACGGACGGCATTGGTGATACCCTGCGCGTTTCCCTGACGGAGGACGCTGTGAGGGAGGTGCCCGTGGCTTACCGCCTGTCCAATCCTTTCCAGCCGTCGGAGCGTTCCGATGACCCGGTTTCCTTCCCTGACCCGGAGTTGAGCTATGATCCCCTGAAGTTTTCCAAAAGGCAGGGTGGGCTGGCGATGTGTTATGGCGTGCGCCTGGGCTGGGAACAGCCTGTGCGCGTGGCGGTTCCTGACGCCGGGTTTTACGCCCTGCAGACGGAACGGGAGGCGATGGGGGACATGATGCCTGAATTATCCCTGGGGCAGCTGGATGCCATTGAGGTGGATCCCCGGTGCGATGCCGATCTGGAGCCGTTGAAGGAGTTGGCGGAACCGTCTATTGTTACTGTGAAGAACGGGCTGGCTATGGAGCCTGTATATGCGTTCCGCCTTCTGGCTGCCCGTATTGAGGACAGGCACCTGATCCTGCTGAAGGATACGCTGGTGCCCGGTTCCGTTTCCGGGGAAGACGTGCCGCTGACGGCTGCCCGCAATATCGGCTCCCTGCTGTGCGACGGGATTGGAGACGCCGTGCTGATTCAGAGCGAGTCGGACCCCCGTTTGGCTTCCTTCCTGGGATTCAATATTTTGCAGGCTACGGGAACGAGGCTGACGCGGGCGGATTACGTTTCCTGCCCGTCCTGCGGGCGTACCCTGTACAATATCCAGGAGGCGACGGCCCGCATCCGGAAAGCCACGGAACATCTGAAAGGGGTGAAGATTGCCGTGATGGGATGTATTGTGAATGGCCCCGGCGAGATGGCGGACGCGGATTTCGGTTATGTGGGCGGCGCGCCGAACAAGATCAACCTGTATGTGAAGCATACGCCTGTGAAGTTCAATATTCCCCAGGAGGAGGCTGTGGAACGGCTGGTGGATCTGATCAAGGAGTATGGGCGGTGGGTGGACCCCAAGTGAGGTT
NZ_CP029703.1_gap40	1822160	1826865	4705	GGATGAAAAGACCCAGGGGGAAGTTCGCCTGGGTGGCATCGGCAAGGTGATTGCCAAGAAACTGGAAGAAGCCACTGGGATTGAAACCCGCTCCTGCGTGCTGGGCCATATCCAGCGCGGCGGTTCTCCCTGTTCCTATGACCGGATTCTGGGAACGCGGTTCGGCAGTTATGCCGTGGAACTGGTGGAAAAGCGCCAATTCAGCTGCATGGTTGCTCTCCGTGGGACGCAGATGACTGCCGTACCCATTGAGGAAGCTGTGAAAACCTTGAAGCTGGTGGATCCCGATTGTCAGCTGGTGCGCACGGCCCGCGATTTGGGCGTATGCTTCGGGGACTGACGTTCTCCGTCTGCGTCACGGGAAATTGATTGTACCCGATAGGGTTTTGATTGCTTTTCAACCGTATCCTGGAATCAGGATACGGTTATTTTTTGCGGAAGCACGCCGTATTCATTGGGGCCTGGCGAGCTTTTAAGAAGCATCATGGACAGGAAGAGGATGGAAAGCAGATCCATCAGGCTGGACACCATTCCCAGGTAGTCCAGATAGGGGGCCATGTCCTCCGGGACCAGGCGCAGCAGGAAAATCAGCAGGAAAGTGACGATGAAAATAAGAATGGGAATCAGGATGAATTTTCCGCTCAGATTGCTGTCATGCAGGCGGCGCACGGCGACCGGCAGATTGAAGAGGATATTGAGCCCCGCCACGGCTGCCAGAAGCTCCAGGGAAAGCATGCTCAGCTCTCCGGATTGGTAGAAAAAGTAAAAGGTGGGATTGAAGCAGGAGTGAGCCAGCAGGATCAGAGCATCTTGCGGATGGGCGGCATATAACAGGATTTGGAGGGAAGGAGAGACATAAAAACCCGCCGGCTGGCTGTCAACGTCTATCATGCTGTAGCCCAGCGGAAGGAACAGGAGGACGGAAAGGAGGAAAAAGGACCAGAATTCCGTCCGGGACGCGCGGCCTGCCACCGTATTCAATTTCCGCAGGCTGATGAGCCAGTAAAGGTAAAACGGAGTCAATGGCTGCTCTTTCAGTTCTCCGGCAGGGGGATCAGCCGGTTGGGGCTCCGGACGGCGGCTGTATTTGTTGCCGTCCGCCTTGCTTTCTCCCAGCGTCAGATAAAAAAAGATCAGATGCCCCAGCCCGAAGGGAATGAAAAGGGAAAAAAGCCAGAGGCCGCTCCTGCCTGTATCATGCAGGCGTCTGAACGCGGCTGATATGCTTGGGATGAATAACACCGCCCACAGGAGGATGGTTAAGGCGTCTCCGTAGATGCTCAGTCTTGTATCAGGGATGTGCAGCCAGTCCGTCAGGATATACCCCGCCAGGGCTGGAATCAGCGCCAGGAGGGGAAGAGCCATGAACCACCAGAATTCCGCACGGGAAGCGCAGCCCCGAAAGTCCGCATAATGAAGAAAACCTTTTTTCCAGCAGGAGAGGGGGGAAAGGAGGGAAGATGCCTGCGTGGAGGTTGGAGGAACGGAGGAAACAGCAGGAGAAGCAGGAGAAGCAGGAGAAGCAGGAGAAGCAGGAGAAGCAGGAGAAGCAGGAGAAGCAGGAGAAGCAGGAGAAGCAGGAGAAGCAGGAGAAGCAGGAGAAGCAGGAGAAGCAGGAGAAGCAGGAGAAGCAGGAGATTCCGGCATGGATGAAAAGGGGGTTTCCGTTTAGACTCCCTGATGCCGGGGAATGCTCAATGCGTCTGTGCCCAGGACATGGAAAGTTACCTCCTGCAGCCGGTTCAGATCAGGACAATCGCCATCAGCAGCATTCCGGCGATGATGCCCATGATGGAAATGTGATGGTGTCCCCAGCGTTCCGCCATGGGCAGCAGCTCGTCAAAGGAGATGAAGACCATGATTCCCGCGACGGAGGCAAAGAGAACCGCAAGTATGGTAGGTGTGAGGAAGTGGAACAGGAAGAACATGGCGATGGCCGCGCCCACCGGTTCCGCCAGACCGGAGAGAAAGGAGTAAAAGAGGGCCTTTTTACGGCTGCCCGTACCGTAGTAAAGAGGTACCGCCACGGCGATTCCTTCCGGAATGTTATGGACGGCTACGGCCAGGGCGATGGAGGTGCCCAAAGTCAGGGAGTCCAATCCGGCGGCAAAGGTGGCGATTCCTTCCGGGAAATTGTGGATGCCGATGGCCAGGGCGAACAGAATGCCGGACCTTTTAATTCGGGATGAGGAAAATTCACCGCTGGCCTGTCCATGGATGTCTTCCGGGCCGCGCGCTTCGTGCGGGTTTTCGTCTTCCGGAACCAGGTAATCAATCAGAGCCGCCACGGCAATTCCCCCGAAGAAGGAAGCAATGGCGATCCAGGAACCTGCCGTATGGCCTTCGAACTCCATCAACCTGTGCTGGGCTTCTCCCAGCAGTTCCACCAGGGAGATATACACCATGACTCCGCCGGATAATCCCAGGGCAAAAGTAAGTGCCTTTGTATCCGTCCTTTTCATGAAGAAGGCGATGAAGCCTCCTATGCCGGTAGCAAGACCAGCCAGCGTGGTGAGCAGGAAGACAACGAGGATGTGATCGGCGGAAAGGTCCATGCGTGCACCTGCCGGGCAGGGATGACCCCGGCAGTAAAGAAAGGGGTGTATTATTTTGCGGGAGCCGTGGGAACGATCATCTTCGTGGCCCGGATGGCGCCGGGGGGAAGGGGGGGCTCTTCCCCCGGCTTCAGGAGGCCCCGTTCCTTCTTGATTTCAGGCAGCTTGTCCAGAAGTTTGCTGAACGCTTTTCCTTCAAAACTTTCTGGGAGGAGCGCAACGCCTTCTTTGAGAGGCTGTTCCAATTCATTGACCCTGTTTTGCTGCATGAGCAGGTACACTTTTTGCATGAGAACAGCTTGTTTGACTTCCGGAAGAAGCCCGTTCTTTTTCAAGTAGCTGTCCATGATGGAAAGCGCTTCATCAGGATTTTGATCCGCCAGAATGTGGATGTTTTTCTTCCGGAACGTATCGGCCCATTCCAATTTCTGGGCATGGAGCAGATCGTCCCTGTGCAGTTTGGCGAGAATTCCGGAAGCGTCCTGCGGGTCCAGTTTTTCCAGTTCTGCCAGAGCCGGCTTATAGAAAGTGCGGATGCTGGATTGGGGAACCGTTTTCAGCAATTGAACCAGCGTGTCCCGCCGCTGCTGGTCAGTGAGCTTTTCCGCCAGCTTGTTTGTCAGGGACTGCTGCGTGTTGAGTGCTTCCGCCGCTTTTTTTGTATCCTGCATGACCTGGGCAGGATTGGCGTAACCTACGACGGTGTGGACGGGCCGCCCCTGGGCATCCGCAAACACCAGCGTGGGGAATCCGGTGATGCCGTAGGATTTTTTATAGGTTTCCAGAGAAGTTTTTGTCTGCGCGTCCTGCTGCTTTTTACGTGGGTAGTCCAGTTCCACGGGAATAAAGGAACGGGAAATGGCTGTCTGGATTTCAGGAAGGGAAAGAGCCTGCTTTTTCTGCATGATGCAGGCTCCGCACCAGTCGGAACCGGTGAATTCCAGCATTACTCCCTTATTCTGTGCGGCGGCTTGCTGCATGGCTTCCGCAGGGCTGGTACTCCATGTTTCGGAGGCGCCGGCACTCCAGGCGAGGAGTATGGCTGCGAGGGGATGTATGATTGTTTTCATGGCAGGAATGTCATTATTGCATGGGGGGAAGCGGAGAATGGGCGGGGGGAACCCACATGTTTCCGGAAGAGGAGCTGCCGGAATCTCCGGTATGGGTAGGTGTTTCAATTTTCGGTTTTCCGGCGGGCGGGTCCAGATCTTCCACCACCACTTTCTTTTTGGCGGGCTGGGGCACGGGGGCGGCAGCCGGGGCCGGTGAGGGCGCCCTGCGGATAACGGGGGATTTGAGGGAAGCATCCGTCTGGTTCATGGCCGTAATATTCAGCGGGTCGCCGTAGGCCAGCATTTCCCGGATGTCGTCAGGAAGATCTCCGGCAGGAATGGAGGTGCTTCCCTGTTCGTGCATGATACGCACGAATTCATTTTCCACGCGGGTGATTTCCACATTCAAATAAGTTTTGCCTGAATGGGATGTCTTCAGAATGTCGAACTTGCGGCCGCGTGCCTTGGCTCTGGCGTGTTGGCGGTAGCGTTCGAAGTAGGAGCGGATTTCTCCCCGGATGCCGGCTACGCGCATTTTCTCTTTCTCAATGGATTTTTGCGTCTCTTCCAGGTCGGAGGCCGTATGTTCAAAGATATCCAAAAGGCTGAGCAGCTGTTCCTTGGGAGCGGTCCTGTTCCGTATTTCCCTGAGCTGTTCCTGCTTCTTCAGCAGCTGGGCATGATTGTCCTCCAAAGCTTCCCGAGCATCTTTGACAGGGTCTGGAAGCTGGGAAAATTTTTCATAAACAATATAGCCGGCACTGATGACGATAAGGGCGAACAGCCCCAGGCAGAGGTTCCAGAAAAGAGCGTCTCCCCTGGCTTTCCGTTCGGAATCCTCCTGCCGGGCGGATTCTTCTTCCGCAGCGTGTTCCGAGACGACGTCCAGGGAGGTTTTCAGACGTTTTTTGGCTGCGGGGGCGGAGTTTTCATCCTTATGTTCTCCTCCATTCTCCTTCGGAGCAAAGCGGGTTTCGTCTTCCGCAGGGGGGAGAGTTTCGCCGGATGGCTGTCTGGGAGCGGGGGCGTCGGTCATGGGATGCGCGGGAATGGAGGTTAGTCTACCGGGTGGGTTTGTTTGAATTCAGCCAGTTTGGC
NZ_CP029703.1_gap41	1878147	1883124	4977	GCCCTGCAAAGGGAAATGGAGCTATGGGCGGACAGCTGCGCCTGGTTTCTGCTGGATGCCGGCAGCCAGGGCGGCGGCCACGGCGTTTCCCTTGACTGGACCTCCCTGGCGTCTCTTAGTTCCCCCCGGCCCTGGTTCCTGGCGGGCGGCCTTTCCTCCGCCTCACTGAACAGGGCGCTGGAACAATGCTCTCCGGACGGCATAGACCTGAACTCCGGCGTGGAAGCCATCCCCGGCCAGAAAAGCCCGCAAAAACTGCTGGCGGCCCTCAAACCACTCACCCCTTACACTCCTTACCACATCGCATGAAGAAAGAAGGATATTTCGGCAATTTCGGCGGCCGCTTCGTACCGGAAGCGCTGCGCCCCCCGCTCATGGAGCTGGAGGAAGCCATGGACTCCATCATGCCGTCCCGCGAGTACCGGGATGCGCTTCAGGATCTGCTGGTCAATTACGCGGGCCGTGAAACTCCCCTCACGTTCTGTCCCCACCTTTCGGAAAAACTGGGCTTCCGCCTGTGGCTGAAACGGGAGGACCTGCTGCACACCGGAGCCCACAAAATCAACAACGCCCTCGGCCAGGCCCTTCTGGCCAAAATGATGGGGAAAACGTATCTTATTGCGGAAACCGGGGCGGGGCAACACGGCGTGGCTACGGCTACGGCGGCCGCCCGGCTTAAAATGGACTGCACCATCTTTATGGGCGCAGAGGATGTAGAACGCCAGTCCATGAACGTTATGCGCATGAAATTGCTGGGAGCGACGGTTTTTCCGATTGAGAGCGGTTCCCGCACGTTGAAGGATGCCATTAACGAGGCTCTCCGCTACTGGATTTCCCATCAGGCGGATACCCTGTATTGTTTCGGTACGGCGGCGGGCCCCCATCCGTTCCCCACATTGGTCAGGCAGCTTCAATCCGTCATTGGGCGGGAGGCCCGCGCCCAGATGCTGGAGCGTGTAGGCAGGCTGCCGGATGTGGTGGTGGCATGCGTGGGCGGCGGCTCCAATGCCATCGGCATGCTTCACCCCTTTGTGGAGGATGAAGGCGTCCGTCTGGTAGGGGTTGAGGCGGGAGGCACCGGTGAGCCCGGCTGCTATAACTCCGCCCCCATCAATCTGGGTAGCCCCGGCGTGCTGCACGGTCATGTGACCATGCTGTTACAGGATGAGAACGGGCAAATACAGCCGTCCCATTCCATTTCCGCCGGGCTGGACTATCCCGGTGTAGGCCCGGAACATGCCTATCTGGCGGAAACGGGCCGTGTTCATTACGGTGTGATTTGCGACGCCTCTGCTTTAAACGCTTTCCAGACGCTCACCAGAGAGGAAGGAATCATTCCTGCGCTGGAATCCTCCCATGCCGTGGCCTGGGTGCTGGACCATGCGGAGGAACTGCCGCAGGGGGGGGACGTTCTGGTCAATCTCTCCGGCCGCGGAGACAAGGACCTGGGAATCGTTAAAAAATATTTGAATCTTTAAGCCGCATTCTTCCATGAATAATATGCAGAAATCACCGTTGCAGAAAGCCGTGGAGAGGGCCCATGCCCTCGGCAGGCGTGCCGTTATCCCTTTCATTACCGCCGGATTCCCGGACAAGGAATCCTTCTGGACGCACTTGTCCCGTATTGACGAAGCCGGGGCGGATATTATTGAGATAGGAGTTCCCTTCTCGGATCCCGTAGCGGACGGCCCGGTTATTGAACAGGCATCCCGGGATGCCCTGGCCCGCGGCGTCAGCCTGAAATGGATTCTGGACGGCCTGAAAGCCCGTAAGGGCGGTTTTTCAGCCGAACTGGTGCTGATGGGATACGTAAATCCCTTTTACCGGTATGGCCTGAAACAGCTTGCCCTGGATGCGGAGGAGGCGGGCGTCAGCGGTTTCATTGTACCGGATATGCCGCTGGAGGAATCCGGAATGTTCCGGGAGGCTTTCAGCCCCCATGGCCTGACGCTTGTCACTCTGGTGGCTCCCAATACTTCCGAGGAACGCATGCGGGAATACAAGCCTTATACTTCCGGCTTCGTTTATGTGGTCTCCGTGCTGGGAACCACCGGTGGGAAAGCCAACCTGGAGCGGAGCGTTACGGAAACCATGCGCCGTGCCCGGTCCGTTTTTGATGTGCCGCTGGCGCTGGGCTTCGGGCTTCAGACGCCGGACCAGCTGGAGACGCTGCCTGAAGATGCCCGGCCGGATGCCGCCGTGCTTGGGAGCGCTCTGCTCAGGCACATTGGAGAAGGGAAGGACGCCGGGGAATTTTTGGAAAAATGGACCAGAGGTTGAACTGGATGTTTCTCTCTGGTTTTTAAGGATGGGCCTGCACAACTTATTGTGTAGGCCATTTTTATTTTATCTGGTAATGAACGGATAAAATACGGATTCGCAATCCGCTTCACTTTTATTCACATATTATTCAATTTTTAACAGAATTATTATATTGATAATGAATATGTTACATATCTTTAACATAATCTGCTGGCGGGAATCCCGGATTTTTTTGACGGAGAAAACGTTCCGGGTATTCCGGAAAACCGTTGTAACTGATTCTTTTCCTTTGACAGCGGATTGCGAATTCCTTATTTATATTCACAATCATATTTCCCTTGCCGTGTTGTGGGAAAGGCTCTTATTTGTTCATTAAATACCTAATTATCAAACGTTTCATGAAATTACACCTCCCTTTGAATTTATTGGCTGCCCTGATGACCTCCTTTTCCGGAGTAACGCTTGGCACCGCCACGCTGGCAGGAGTTTCTGGTCTTTTGGTGACAGCATCACAGTCTTATGCGGCGGATGTCGCCTTTGACGGAACCCAGGTGAATGTGGCGGCGGGAGGCTCGGCCTCCTATGATGTCGGTACTGTTACGGCTTCTACTACCTTGAATTTTGCCGGAGCCGGTACGGCCTCAATCACCAATTTGAACGGGACGGCTCCGGAAGCCATCCTGACGGTAAACCGGGTGGCCAACGGGGGCGCCAGCCTTTCCACCCTGACATTGAACGGGGCAGGCACTTTCAACGGAATCATTTCCCTTTATTCCAACACGACGGGGGGATCTCAGAACAACATACTGAACCTCAACCATGCGCAGGCCGCCCAATACGCCACGATCAAACTGGGCGGTTACGGTTATACGACGGGTGCTTCCGTCCTGAAAGCCGGCGTGAACACTTCCATCAGCAAGCTGGAGCACAACAATGCCGCGGCTTTGATCACCGGGGAGGGGACCACGCTGACCATCACGGGGGATTCTTCCTCTTACGGCGGCAGTTTCGGCGGCACCGTAACGGTGGACTATACGGGGGGAGGCACCTTCACCCTGGGCAATTCCGACAAGAATACGGCGCTCTCTTCCGCGGCATCTCCGAACGCAACCCTGAAAATCAGCAGAGGCACTCTTTCCCTGTTCTCCGGAAATGTCACCTGGTCCCAAAAACTGGTCATGGGTGACGGTACCACACTGAATATTCAGGACGGACCTCCCGTGACGGGTGCTGCCTCCTACAATGCCGCTTCCATCAATAGCGGCGGTTTTAATTTTTCCGGAGCGGTGACTCTCGGCAGCGGCGTCAACCTGACATCCAGCTGGGGCAAGAACGTAAAATTTTCCGGTGTTCTCACGGCGGCAAGCGGTTTTTCCATCAGCGGCGGCGCGAATGAATATACCTATTACAACCTGCTCAACACCGCCAATGAAATTGGGGGGACGATCGCCATTACGCGAAGCTTTGCCTCTCTGGGCATCGGTGCTTCCGGCTCCCTTGGGACTGCCGCCGTTACTACTTCGGCCAACTCCCAGTACCTGACCTATTACGGCACTGCGGGGGATGTGGCGGATGTCATTGGCAATTCCATCACCGGGGCAGGCAACTTCGTCGCCCAGTCGGGCTGGGTGCATCTTTCCGAGAACGTGGCGCTTACGGGAACCTATACCGTCAATTCCGGCGCCGTCCTCTCCAGGGCCGGTTCCATTAACGCCGCGCTTGCCGGAGGCCGACTGGATGCGGGCGCCGGAACCATGACCGTGACGGGACTGTCGGGAAACGGCACCATCTCCGCCTCTGCGGGCACCATGAATTTCCAGAACGCCTTCACGGTAGGGGAAACGATGGGCATCCTCGCCAACGGTTCCGGGACGATCACGGGCAATGTGACGGTGGATGGAGGCCGTTTGTATTATACTTCCATGGACAATGTCGGCAGCGTGCTGCAGAACGTGACGCTGACTTCCGGCCTCATTGATTTCTCCGGTTTTCAGGAATTCCAGGACTTGTTCGGTTCTGAAGCCCTGGTGAACACCTCCTATAACCTGGGCGTTGATTTGGGGAACGGCTTTACTCTGGCGGATGTTGACGAGTCCCTGTACACAATCAGCACCGTGGACGGAAAAACAGTCATCACGTTTACGGCTTCCGGCGCCCATGAGACCGTCTGGGACCCTGCCTGGGGGCTGGAAGAAGCTCCCTCTTCCGCAACAGGTACGCTGGTAAACCAACAGTCTTTGTCCCTGTACGGCATCCGGGCTTCTTCCATGCAGGAGGGGTTCGGTTCCGTGAATGCCGTCACCGGAACGGGAGACCTGACAGGAGTGACCCTGGCCGGCGGCTACTACAATACTGCCACCAGTGCCACGGCTACGGAAATCACCACCGGCATCTGGACGGATGTGCTGGGGGGCAATTACAATCTGATTATCGGCGGCAGCTATGCCAATAACTGGAGCGGCTCCGGCAAGTGGAACGTTACGGGAGACGTCCATACCCAGATTCAGGGGGACACTGCCGTCAATTGGGTTGTGGGAGGCAACTACAAGGACGGCCAGGCGGCAGGCATCACGGGAAACGTTTACGTATCCGTGGACGGGAATGCCGTCATCAAGGGCAGTTTGATAGGCGGCGGCACGGCAGCCCATAATTCCGTAAATAACCTTGACGGCAGCACGTACGTCGTCGTGCGCAGCATGCAAAGCGTCACGGACG
NZ_CP029703.1_gap42	1885110	1888325	3215	TGGGGGATGTTGAAATTGCCTCTCTGGACGGAACGGAAAATTCCCAGGTGGGAGCCGTAGGCGGTGCGCGCACGCTGACGGTGGGGGCCGGCACGTACAACGGCACGCTCACAGACCGTGGTGTTGCTCTTGGGTACGGAGCCACTTCCATTTCGTATGACGAATCCGGCGTCCTGTCTCTGACCAAGGTCGGCGAGGAAACGCTGACGCTGGGCGGGACGGTCAGCTACACGGGGCTGACGGATATTCAGGGGGGAACGCTCGCTCTTACTGCTTCCGGGGCTACGTCCCTGGGGAATATCACGATGGCGGCCAATACGCGGATGACGACTGCGGGCGCCCTGAACCTGGCGGCCAACTCTACGCTGACACTGGATATCAGCTCCGCCCTCGAAGTGGGCGGCGCTTTCGGGGCTGGAACGTTCAATCTTACGCTGAACGGGCTTGAAGGCATTACGGATGCCGGGGAATATACCCTGATTTCCGCCGCCAGCGGTCTTGATGCCGCCAGCGCCGTCTTTAACTGGGCCGGATATACCGGGGACGAAACGCTGATTTATGAACTGGAGCAGACGGGAACATCCCTCAAGCTGGTAGTGACTTCCGCCGGGGACGTATGGATCTGGCAGGGAGCGGAAGGGGTGACCTGGAGCGATACGAACACGGGCGCCATGTGGGGCATTGAAGGTTCCACGGATACGGCTGCCGAGAAGAATCTGATCTTCAACAGTACCGGGGCGGGAACCGTCACCCTGTCCGGAGCGGTGAATCCTGCTTCCATCACAGTCAACAATGCTGCCGGCAGCGATTATGTCTTCGTTTCCGACGGCACCGGAAAAATCGCCCAGGGAACGCTGACCAAGCGCGGCGAAGGGAAGCTGGTCCTTAATTTGGACAACACGGGTTGGAACGGGGATATTTCCGTCCAGCAGGGCGAACTGGTAGCCCAGGTCGCCAATTCCCTGGGATCCGGAGCCATTACCGTTACGGACGGCGTGCTCACTCTGGCTACGGCGGACGTTCAACCGGGAATGGGCATGATCAACCTGCAGGGCGGCCGCCTCAATTTGGCTTCCGGCTCTTTTGCCACGGCGTTTACCGCAGACAACATGACGTGGACGGGCGGTTCCATGACGCTGGGCGAGGAAGTGGCCGCTACCGTCGCCAAGGCTCTGGCCAATGGAAAAGCCGTGGAATTGGCGGACGGTTCCGTACTGACGGTCAGCGGGGCTAATGATAACTCGGCTCTGAACCTGAATGCCTCCGGTTCCGGTACCGTTTCCGTGGGACTGGGAACCAGCTATGGGGCCAATGTCCTGAATATGAGCACGGAATTCCAGGGGATCCTGTCCGTGACATCCGGCTATTTCCAATTGAATAACGTAACGATGGGGGCGGACGGCATCTTGAAACTTGCGGATTCCAACGTCCGTACGGAATGGAACGGAACAGCCGGAGGAACGTTTGCCAATGACGTTGTCTTTACGGGCAACCAGGTCTTTGCCACCAAGGATTTCACCTTCAGCGGCGATTTGAGCGGAACGGCGTTCTCCACCCAGGGAGCGGGCAATATTACCCTGGCGGGCGGCGTCAACCTGGACGGTCAGCTCAAGGTGCACCGCGGCACGGTTACCGTGAATTCCGCCGATGTGGCCAAGCTGGGGGACAGCATTGACATCCAGAACAACTCCACGCTGGCCTTTGCCCGCGATTTCTCCTACGGAGGCGTCATCAGCGGTACGGCCGGCAGCACGGTATCCGTAAACGCCGGAACGCTGGAACTCACCGGAGCGAACACCTTCCTGGGCGCACTCTCCATTGCGGGCGGCGCTACGGCGCGGCTGGGTGACGGAAGTGTCTGGGCCGGGTCCCTCTCCGGAGCTGGTTCCCTGGTTATTGACACTGCTGGAGAGATAACGCTGGCGGCCGGCAACACCGGGTTCACCGGTTCCACGACGCTCTCCGGAACGGGCACCGTCACCTTGGCGGGGGCCGACTCCCTGGGGTCCGGACGGGTCACCGTCAATAACGGTGTTCTCAATCTGTCCTCCCTGGATGCGGCCAACGTTATTCTGATTACGAAGGGAAGCCTGGCAAACGCGGAAGCCAAAACCGCCGGAAACGTGGAAGTGGCCGCTTCCGCCGGAACGCAGGGAGCCCTGAATACCATCAATCTGGGCGGCCTGTCCGGCTCCATGGTCGGCTCCATCGTCATGGAGGATTACTCCCGGCTTACAGGCGTTTCCGGTGCTCTGGACATGACGGGCAAGACGGTGACGCTGAAACTGGATTCCGGCAGCCTTACAGCGGGCGGAACTACCGGACAGGGCGTTATTGATGCGGACAGCCTGACGCTTTCAGCCGCCACAACAACCATCAACCTCAGCAACCAGGGTGTTCTGGACCTGCTTGCCGCCAACCGGGATTCCACTGACGGCGTAGGGCTTGTACTGACAACGGGAACCCTGGCTGTGGATAATTTCAAGCAAATCGGATTCTCTCCTCTCCTGGCTTCCCTCGGCTATACCGTGACGGAAGTCCTGGGTGCGGACGGGACGCTGATGGTCAGCGGCAATACGGATCTTGTCTATCTGGTGGACACCACCCCCAATTCAGACAACCCCAATATCAGCGATTACGCCGCGCTGGATCCCTACAAGGCTGTCGGCATTAATGGCACCACGCTTCATGTGAGCCTGAACGGGGCTCCGGAAGCCTCCCGGAATGGGGACGGCCTGAAAGTCAGCAACCTGGTTGGCAGCGACGGTGCGCTGACCGTGACGAATACGGCGGATGATGCGGCTTCCAACCACGCCGTGGTGGATCTGGTTCAGGATGTTGACGCCGGCGGCAACAGCTACGGCGGAACCATCAGCGGGGACCATGTGGATTTTGTCAAGAAAGGTGCGGAAACCCTCACCGTAGAAGGAAACTTCACCGGGAATGACTCCAGTCTCAGTTCCTCGGAGGGAAATATCATCCTGAACGGTGCAGGCAATAGCCTTACTACGCTGGAACTCGCGGGCGGAGACATAACGCTGGGCGGACGGAATGACGGCGCCTCCCGTGTAACCACGGTGGAGACGCTGGCTGCCGGCGCGGGAGGGGGAACCCTGAATTTGGGTAACGGAGCCCAGATGGTTCTTACCGGCCAGCAGGCCGGCAGCCATGTCACGGAAGTGACTATCTCCGGGGACGGTACGCTGACCTTGGGT
NZ_CP029703.1_gap43	1890451	1895029	4578	GACAAGGCGGTTTTTTCCAGCATGGCGCGGAGAGGGTGGCTGCCTTCCAGGGGCATGATTGCCTTCAGTTCAATTTTTTCAATTCCCTTGGATGATTCCGCCGCACGCGCCAGAACGCGCATGCCTTTCAAATCCACTCCTTTTCTGGCCGCGACCACGGAAACCAGGCTCATCATGCAGGAGGCGAGCGTGGAACCGAGCAAAACTCCGGGGGAGGGGAATTCTGCGCGGCCTTCAAAAGAAGCGGGCAGGTCCGTGGCAAACGTAACGTTGGAAGGAATAAAGGTGGTTTCGCAGCGGAATTGTCCGACGTTCTCCGTTTCGGAGGTGTAATAATGATCAGTCATGAAGGTGTGACAGCGAAAACCCTGTTCGGGTTCATCCGGTTCAGGTTATTTTCACGTTGAAGAGCCGTGAAGTTCCGCTTTGCAGGGAACCTGGCCGTTCCTTCATGACATGGTTGATTTTTCCCTCTTGCTTCCGGTTCCCGGCATCACTTCTTTTTAAGCGTTGCTCCGCCGTGTCTTCTTGCGGCGGGAAAAAGCTTACGCCGTCCCCTTCGGCTTCCTTGCCTCCAGAATGCGCCGGATGGGTTCCGCATAAAGTTCCGGCTCCAGCAGGAAGGAATCGTGTCCCTTGGTGGAAGCGATGGTATGGAATTCCGTGGGAATATGGGCGGCTTCAAGCTGCGCCGCGAAATCCTGCTGTTCCGCCGGGCGGAAACAGCAATCTGTATCAATGGAAAAGATAAGCACGGGAATCCCTGCGCGGCGGAAGCCTTCCAGAGCGGTTTGAAATGTTCCGTCCGGGGTGTGGTCGCGGATGTCGAACTCCGCCCACATATCCGCAATACGGATATAGGCGTTGGCGTCAAAGCGCTCCGCGAACTTGGTTCCCTGGTGAAGCATGTAGCTTTGCGTGCTGCGGGTGGGGGTCATCCACGTGAGCAGGCCGTAGTTGCCTCCCACCTCTTTTCTGGCGCGCTGTTCCAGCCCCTCCTGGTAAACAAATGATTTGTGGCCGATGATACGGGCGAACGCCAGCCCTTTTTTGGGCACCGGTCCCCGGTAGTAATCCCCGCCTTGGAAATCCGGGTCAAGCTCAATGGCCAGGATTTGTTCAAACAGGGACAGGCGGTGTTCAATGGAAGCCCGGTAGCCGGAGCCGATGGAGATGAAGCTCCGGACCCGTTCCGGGAACTGGCACGCGAAGCTGAGGGCGATCAGGCCGCCCACGGAGGGGCCCATAAGATGAACGCGTTCTATGCCCAGGCTGTCCAGCAGAAGGGCCTGGAGACGTGCCTGGTCTGCGGCCTCCACATGCGGGAAGCGGGAGCCGTAGGGCTGGCCGTCCGCAGGGCAGGGGGTAGCGGGGCCTGTGGTGCCGTAGCAGCCTCCCAGGTAATTGGCGCAGATGATGCAGAAGCGGTTTGTGTCCAGCGGCTTGCCGGGGCCGATGATGCTGTTCCACCAGCCCTCGTGGTTTTCCGGTTTCCAGAGGGAACCGATGCCCGGGACTTCCGGATTGTAACCGTAGGCGTGCTGGCTGCCGGAAAGAGCATGGAACAGCAGGATGGCGTTGTCTTTATTCGGCGTCAGGGTTCCGTACTGTTCGTAGGCGACGCGAACCTTGTCCAGCGTAGCTCCATTTCTCAGGGAGAAGGAGTTGGGAAGATCCAGGAATTTGGTTTGGACGGCAGGAAGCTGCATGGATGTACGGAAAGGGGCTTGGTCAGCAAAAAAAGACCGGCACCCGGCGGGCGGCGGTCTTCTTGAAATCTGTGCTGGGCCAGGGATTACTTGACGCCCTTTTTGGAAAGGCGCGTGCCTGCCGTAGCGCCCTGGCGGGCCTTGAACTTGGGATTGCTCTTGCAGATCACATACAGCGTGCCCTTGCGCTTCACGATTTGGCAGTCTGCGTGGCGGCGCTTCATAGAGGCTAAGGAAGAAAGAACTTTCATGGTGTATAACTCCGGTTTGGTGTTCGGTTCGGGAGACGGAATATACCGGTTAGTTAAGAATTGTAAAGTCATTTCTTTGCCAAAAGTAAGATGCCGTCTCCGCAGAGATGCTTTTATGAGGAAGATGCAGTAAAGCATGGGATGGCTTTGGATTCCGCACCGATGTAAAAATTTAGGGAAGACGTCATTTAGCCGGGAAAATAAAATGCGGGAAGGGATCTCTGCCGGGGGAATAAAGGGTTTGTGGACCGGAGGGGATTCGTATAACATCTTTTCCGGTTTTCCTTATGACTGATTCTTCCTCTCCTGATTCCTCCCCGGCTTCCCGGAATACGTTTGCCCATCATTTGGGAATGAAAGGGTTTCTGCTCATGGAAGGGCTGTTGAAGCTCGTGGGCATGAAAACGCTGTACCGGCTGGGGCGCGCGGCAGGGGCCGTGGCGTGGCATCTGCTTCCCCAGCGCCGGAACATTGTGGAAAGGAATCTGCGCATCGTTTTGGATCCGGCCCTGCGTGGAAAGGAACTGCAGAAATTAAGCCGGGAAAATTTCAAAAGGACCATTGCCAATTTTTTGTGTTCCGCGAAGACGGCCACCCTGACGGATGAGCAGTTGAAGCATTGCGTGACGGTCGGAGGGCACGAACAGTTTGCCGCGCCTGTGCTGGAAGGGCGCGGGCAGGTTTGCGCCATAGCCCACTCCGGCAACTGGGAGGCGCTGGCGAGAATACGCGCATTTTACCCGGAGGTGGAGCGTTACGGGTCCATGTACCGCCAGTTTGACAATCCGCTGATGGAGGAATACGTGTACCAGCGGCGCACGGAACGTGGAACTCAGATGTTCTCCAAGGAGGGAGGCATCAAGGCTCCCATGAAAATGCTCAAGGAAGGGGGGGCCCTGGGCGTGCTGAGCGACCAGTTTGTATGGGAGGGGGTGTATGTCCCCTTTTTCGGCAAGGTGACCGGCACGACTCCGCTGCCCGCTCTGCTGAGAAAAAGGGCTGGCGCGGACATGGTGGCCATAGCGGTGCGCACGGATGCTCCCGGCCACTGGATAGCGGATATGGGGAATGTGGTGGATTTTTCCAGGTCGGACGGCTCTCTGGCGGGGGACACGATTGAAGTGAACAGGGGGCTGGAAACGTTGATCCGGGAATCCGTGCTGGATGTGTTCTGGATGCACCACCGCTGGAAATCCGTTGACCGATTTGCCCCGCAGGATAAAAAAACGGCTGCGCTCCTGGAAAATATGGAGCTGAAGCCGTACCGCATTCTGGTAGCCGTTCCCAGGGCGCTGGATGAAGCCCTGGCGACTGTTCCCCTGATTCGTGCTTTGAAAACCGTCCGGTGCGACATGCAGGTGAACATCGTCTGCCCGTCTGCCCAGCTGGGGATATGGAAGACGGTGCCGGAAGTTACCCATGTGCTGCCGCACGACTCCCTGAAGCAGCTTCGGGAAGCTTTGGCAGCAGATGAATTTTACAATGACGGACCGCTGGATCTGGGCGTCATGCTGGATGGAGATATGGAAACCCTGAAAGCGCTGGAACCGTATGGCCCCATGATGTTTTCCGGGCTGGACACGCATCCCGGTGCCCGGAAGTACAAATTCCGGGTAAAGGCCCCCGTCCTGCGCGCCGCCCCCCCGGCGCACCGGGTGCAGCTTTATCTGCAATTGGGGGGGCTGCATGGGCTGGACGTCGCCACCCCGTCTTTGTTCCCTGTGAAAAAAGCGGCCCCGGCGGAAGATGCCCCCATTTTAATCGCTCCGTTTTCCCGCCTGGGGAGCGCCAGTGAATGGAGCTGGGAACAGTGGAGGGAGCTGGTTTCCCTTCTGCCGGGACGGACGGTGCTGGCGGCTCTGGAAGAAGACCGGGAGCGTGCCGCGTCCCTGGCGGAACATTTGAATGTGGAGCTGGCGGTGGGTGCGCCGGAAGCTCTCTTTCCCGTCATGGACGGCGCTGCGGCGGCAGTAGCCGTGGATGGCGACTTTCCGTCCCTCTGTTCTTTCCGGGGGCTTCCGGTGGTGACTCTGTTTTCCACCCGGCTTCCGGATGTTTACCGCCCTATGGGCACATTCAACCGTTCCCTTTACAGCCACCAGTGCTGTTCTCCCTGCTTCCGGAAGGAATGTGACCGGGATGTTCCCTGCAACCGCCACATTGCTGTGCGGGACGTACTGGAAGCCTTGCGGGAAATTTCCGGGAAAGAATAATCTGGGAAGGGACGGAATGCCGTCCCCCGGCGTTGGCGGAAAAAACGGCGGGAATGCTGCCGTTGCCGTAAAGAATGATGGAATAACGAAAGGAATTGCGGAAATGCCGTATTCCGGAGCAATTCCAGAAATGCGTCTTCCTTTTTGCATGGATTCTGCAGTGGAGGGGAGAGGGCCCCTCATCCGGAAGAGGGGGATGCCTGCGTCCGGTTTGCTGCGGTTGGTGGCGCCAAAGCGCGAAAATCCGGTTAATGCACGCAATCCGGAAAGCCTCCCCGCCGGAAAATGCCGCGGACCTGTTCCGCCAGTTCTGCGGACGCTTCCGGGACGTCCTTCAAGGCATAGTCCAGCTTCAATTCATCCCATTTGAATCTCCCCAGCTGGTGGAAAGGGAGCACGTCCACG
NZ_CP029703.1_gap44	1965395	1967754	2359	TCAGACGCGTGGCCAGAACATTTTGTCCGGCGGCAAGCAGGCTGCGGGCTATCTCTTCAATCTGGTCCGGCGTTTTTCCTGCGCCGTAAATGACTTCCGGGCACCCTGTGCGTTCCAGGCGGCTGTAATCAATGTCCGTATGGGAAGGAGCGGGTACGGTGCCGGCTCTGATTTTTTCCACCGCTTCCTCCGCAGAAAGGAGGCCTTTTTTAAACTGATGCAGAATGGAGGTGATGTCGTTCATGAGGGTTCGTTCATGCTCCCTCTGGAATATCCTTCCAGATCCAGGGTGATGCGTCGGAAGCCCAGTTCCCGCAGCCGGCGTGCTACGGTGGAGGCAAGCTGTCCGTCCCAGAACAGTCTGCGTTCCTTTTCCGGCAATTCAATGCGGGCCAGGCTGTCTCCGTGAACACGGACACGGCAGCCTTTCAGCCCCAGGGTTCTCAGGAAAGATTCCGCTGCGTCCACGCGTCTCAGCAGAACTTCCGTTACGGGGCGGTTGTGTTCCAGGCGGGTCAGCAGGCACGCATAGGCCGGTTTGCCGCTGACTGATTCCGGAAGACCCAGCCGGCAGGCCAGCCAGCGGATATCCGCCTTATCCATGGAAGCTTCCAGAAAGGGACTCGGGATGCCGAGCTCCTGCAAAGCTTTGTGGCCTGGCCGGTAATCGTCCAGGTCGTCAAGATTGGAACCGTCCGCCAGCAGGGGGAACCCCATCTCAGACGCTCTGGCTGCCAGGGAGGAAAACAGGGCATGCTTGCACAGGTAGCAGCGCAGGGGAGGATTATTCGCAAGGGCGGGAAGGATGGGAAACGCCAGTTTTTCCTGCCGGACGCCCAGGCGGCGGCACAACGCCGTGCTGTCCCGCACTTCCTCCTCCATCACGTAGGGCGTTCGCGCAGTCAGTGCCAGGCAGTGATCCGCTCCCAGGATACGGACGGCGGCGGCAAGCAACACGCTGCTGTCCAGCCCCCCGGACAAGGCGACGGCAATGCGTTTCCTGGGGAGAAGGACGGCGCGAAGCCGTTCAAACGGAGTCTGTGGCGTCGTTGTCATGGGAAGGTATGGGAAAAAGCCCCATCAGCTGGCATTGTTCCAGCGGCAGCCCGGTTTTTTCCGCCAGGATTCTGCAATCTTCAAATTCCGCTTTTCGGTAATGGGGACGGCCGTGCATGAAAGAAGTTTTTACATGAACCGTTCCATGGGGAGTGTGGACGGGGGCGCTTTCCCGGCGCAGAATATGGCGGAGCATGCCATGCTGCCTGATGCCCGGCGTACTGCTGTGCCGGAAGAAGGCTTCCCGCACGCGGTCCGTCTGTTCCGGCTGGCACAGGGCGCAAACCTTGACTGCCAGACGGCCTTTCTTCATGCAGACGGACTCCTGCCAGGTATCCAGAGCGCCTGCCTCCATCAGCTTTTCCGCCAGGTAGGCTGTCTGTTCCGGCGTCATATCGTCTATATTGGCGCACAGCTCCGTCAGCAGTTCCGGGGAAGTTTCCTCTTCTTCCGTTTCTACCAGCATCACCCGCAGAATATTCGGTACGGGAAGTCCCTGGCGGTGGCCGATTCCATAGCCGGTTGCGGTAATACGGCCTGCCAGCGGAGCGGGGACGGGCTGCGCCAGGGCGGCAATGTAGGCGGCTCCGGTGGGTGTAGTGGCCTCATGGGTGGTTCCATTCAAGGTGGCCCGGAAATGTTTCGCCAGCAAAGCCGTTGCCGGCGCAGGAACGGGCATTGTCCCGTGCTGGCAGGTTACGGTGCCAGACCCCAGCTCCACCGGTCCGGTGAAGACGGCGTCCACCCGGAGCATTTCCAGGCAGATGGCAGCTCCCGCGATATCGATGATGGAATCCACCGCGCCCACCTCATGGAAATGTACTTCTTCAGGAGTAGTGCCGTGTACGCGGGCCTCCGCCTCCGCCAGCAGGGTGAAAATAGAAAGGGCCGTCCGCTTTACGGTATTGGAAAGGGCGCTTGTCTCAATAAGCTTTCGTATATCCGCCATAGTCCGGTGATGGTGCGCATGGCTGCTGCCGGAGTGCCCTTCTTCCTCCGTCAGTACGTCAATCCGTGTTCCCCGGATGCCGTGCTGCTGCGCCCGGCGGCATTCCAGCTTCCACTCCCCGTGCACATGCAATTTGGACAGTTCCCGTTCCAGGTTTTCCCGGTCCGCTCCCAAATCAATCAGGGCGGCCAGATTCATATCTCCGCTAATGCCCGCGCTGCAATCATAGACCAAGGCTCTCATGATGGCTCAGTGTAGAAGGAAAAACTCCTGGCTCAAGGTCAAAATGAGCCTTATCCCGGGAGGGGGCCCGGTGCTTGGCGGACCGGGTTTGGCGGATTGCCGTCCGGTTAT
NZ_CP029703.1_gap45	1969270	1973539	4269	CGGTGGTGCTGACCAGGATCTCAGAGATGGTGAGTACGCAGTAAGGAATCAGCTGCCATGCGATGGACATGGAGGTTCCTTCCTCCAGCCGGTATTGCAGGAAAGCGACAATCAGGAATGTAGCGGAGCTGAGGGCCAATCCCGTTCCGAGGCGCACCAGGGGCCTTGCCAGCGTTGCCACCCTGGGATAAACAAATACGGTGATGAGGGGGATGAACACCATGACGAAAATGGGATTGGCCGCCTGGATTTGGGCCGGCCCGATGGACCAGGAACCGCCCGGGAGCGGGATGGAAAGAGGAATCATCCTGCTGCCCTGGGATACCCAGGAAGAAGCCGTCTGTTCGAAAATGGACCAGAATGGGATGATAAAGGCGAAGATGGAGAGGATTTTCAGGATGTGCCGGGTGTCTTCCACGGCAGAAGTTCCGCAGCGCTGTTCTGCGTTTTTCCAGCCTCCGTGGAACAGAATGATGAAAAGGACTTTCCAGAAGCCAGGCTGCCCGCTGTTCCGGGCCGGAGGCGTTTTGTAGTATTTTTTGCGGCCCAGCCAGAAGACGAAGGTGGCAACTCCCATGAAGAGGCCCGGGACGGCAAACGCCCAACTGTACCCGTAACGCTGTTCCATGGCCGGAATGACCAGGAAGGAGAAGAAGGAGCCAAGGTTGATAGCCCAGTAGAAGGCATTGAAAGCCTTGGTCATTAACTGCGGGGACTTATTAGGAATCTGGTCTCCCATAAAGGCGGAGACGCATGGCTTGATGCCTCCGGCTCCCAGCGCGATGATGAACAGGCCCGCCATGAGAATGTAACGGCGCGCTTCAATGGTGTGGAAAAGATCCGCCGTCGCCAGAACTCCGTGTCCTACGCAGTAAAGCAGGGAAATATAAAGAATGGTTTTATATCGGCCCCAGACCTTGTCCGCCAGCCAGGCCCCCGCCAGGGGAAGCAGATAAACCATTCCCACAAAAATATGAAGGGTGGAGGTGGCCCAGTTGTCGCTCATCAGCAGATGGCCCGTCATGTACAGCATGAGGATGGACTTCATGCCGTAGAAGCTGAAACGTTCACAGGCTTCCGTTCCGATGATGTATCTGGACTGGGAGGGCAGGGCGCTCATTGGATGATGAAAAGGAGGGAGATGGAGAAGGAGTAATAAAAATGATGGCCTCCGGGCGGAGGCCATCATGGTGAATGCGTTCAGACGGTGTTCAGGGCCTGTGAGAAGGAGACGGGCTCACTGACGGTTGTCATGAAAGGGAAAACGTTAGCGTTCCTGGTTCAGGATGGGAGCGATTTCTACCTTATATTGGGTGATGCACGCTTTCAGCCAGTCCAGCATGATCATGGATTTTGCCTGGGCTGTCAGAGCCGGAGCAATTTGCTGGGTAGATTTGATTTGGAATTCCGGCGTATCCTCCAGTTCGCGCTTGACGAGCTGGGTCAGCAGGATGCCGTCCCCCGTGTTGATGGGCTGAGCCATCTGGCCGGGGTTGATGACGGAAGCCGCCTGAAATACTTCTTCAGGGGCCGGGAGCTCTTTGGGAGGGGCCAGGCGGGAATTCATGGCCCGTTCCAGAAGAGACTGGAGCTCTTCCTGTGTTTTGGCGTTTTGCAGGTTGACGCTGCTCAAGAGTACGTTTGGATTGACAAAGGGACCGTAAGAGGCAGTTTTGGCACCGGCTTTTCCGGCAATGGCATTGAACTGTTCCACGGGGTTTTCCGCCTTCTGCAATTCCGTATTGAGTTCCGTGGCGGCCTTATTCATGGATTCAACGGTCATGCTTTCCAGCAGGTCGGCGCGGGCGCTGTTGCGGGCGGTCTCGTAAGGCAGGGCTTTGACCGGGGTAATGCCTTCCAGACGGATCAGGACGACTTGTCCGTTTTCCAGCACTTGCATGGTGCTGATCTGTTCGGCTCCGGTCTTGGCGCGCGCTTCTTCAATGGCCTTGGCATCCGCATCCGCACTCAGGGCCGGGGCTCCCGCCAGGGAGAAAGCCACATCCAGCAGATTGGCGCTGCGTCCGTCGGAAGCGGATTGGTTGATTGCCTGGTTGATTTCCTGAGGCGCGTTTTTACGCGTTACGGCCGTGTAGGACTTTTTCTCCATTTTGCAGACGCCGGGAGTCTTGGCCAGGGCTTCGCTGATGGCCTGGTCCATGTTCCTGCCGTTGGTGGCGTTCAGCGGTTCCCAGATGTCATTTTCCACCAGATTCATGGTCTCCATGGTGGCGTTGGAAATGTCTCCGGGCTTGGGTGCCTGGGCATCGCCTGCGGGAATGAAGGTGTAAACGGTGAAGAAGCGAGCTTCCTCATTTTTGTAATTTTCCTTGTGCTTGTCCCAGAAGGTTTTTATTTCCTCTTCTCCGGGATCCGTCTTGGGGCGGAAGGCGCTTTTTTCCAGGAAGGCGGTGTTGATTGTAATTTGCTGGCTGTTGGATTCCGCTACAGCCTCGGCAAAACCGGGCTCCACGGAGATACCCCCGGCCAGCACGTCCTTGATGCGCTCCAGGCTGATGGTGTCTTCCATCAGACCGCGCAGCAGTTCCTCCTGAAGCTTTTTACCCATGTTGCCGCGCATGGAAATGAAATTATCGTATTTTTGGGGGTCGAAAACGCCTTTATCGTCCTGGAACTCTGGAATATTGCAAATGGCATCGTCAATTTCCGCGGTGCTGGGAGTCAAGCCCAGGCGTCCCGCCTCCCGGCGGATAATGCCGCGGTAGGCCAGGAAAGCCGCATTGGGATTATTTGTTTTCAGCAGATGGCAGAGTTCGCGCAGGTTTTCTTCCGAGCTGAAATTGTCCTGAAGCAGCGGACCGAAGGTGGAAGGGAAGGAGAAAGCCACGGACAGGCCGGTCCTGCCCATATTGTTATAATCCTTTTCCCCATAAGATTTCCCGTCCACGGAAACGAAAGTCTGCTTGAACATGCCGGTCAGGGAGCCGCCGCTTACGTCCCCGCCGACGAACATGAGGCCCACAAACACCAGGGCCATGGCTGCCATGATGACGATTGTATGTTTACGTAAGTAATCTAGCATGGAATGTCAGGTTGAAAATGTACGTGTAGCCGGCCATGAGCTGACGGCAGCCCGGGCAGCCCGAACCTTTTACACTTTTTCCCTCCGCTAGGCAAGAACGAAGCTCTCCGCTTCCGGCGGCTTTTCCAGAACATGGCGGAATGCTCTTTCCTGTCATGAAGGGCTTTTCCGGCCGGGGCTGAACAATTTTTGACCTCGACGGTGATGCAAATACGCCTTATGTTGCTCCTGCGCGGAAGGTCCCGGAAACCATGGGTCGGTTCTGTCCCATGGCATTCGGAAGCCTCCGGAGCATGTCCTTAGCCGGATATTCCTTTAATTGCAAGGATTTATGCTAAACCAGGTAGTAGAACTCAAAAGAGAAGTGACGGCGGTCCAGATCCCCAGCGGGGATGTGCTCACCCTGCCGGAAGGGGAACGCGTGTATATCACCCAGATACTGGGCGGCTCCTATACCGTGGCTACGGACCACGGCTTGGCCCGTATCTCCAGGGAGAACGCGGACGCCCTTGGCGCTGGAGCGGAGGAACCTTCTCCGGAAGCGGCTGCGCTGGATGAGAACGCCACACTGGAAGAAAGGGTCTGGGATACGCTGAAATGTGTGTATGACCCGGAAATCCCCGTGGACATCGTCAACTTGGGCCTGATCTACGATGTGGCCGTCATTGAGCTGGAGAACGGCCTTCATCATGTGGCGGTAAAAATGACTCTCACGGCGCCCGGCTGCGGAATGGGGCCCCATCTGGTCATGGAAGCCAAGGACCGCATTGAAGCGTTGGAAGGGGTGGAGGCTGCGGATGTGGAAATGGTGTGGGATCCCCCTTGGAACCAGGACATGGTCAGCGAGGAGGGCAGAATGAAACTCGGATTGATTTGATTTCCCATGCCGGTGACGTTGAAATTGTCCGACGAGGAAGCGCGTGATTTGGCGGAAATGCTTTCCACTGCCGCCACGGTGGCTGCCTCCAACCAGCAGGACGGGGCGGAGGCGCGTCTGGCGGCGTGGGGGAATTTGGTTTCCCGGCTGATGAAAGAGCTTTCCGTCACCTCCAAATTGAAAGGGCGCATTGCCTATGCGGATGAGCTGGGCGGCTATGCCTTCACCCGGGAATATGAAGAAAGCGCCTTTTTCCAGGATTGCCTGGATGAATACCGGGACAACTCTTTTTGGGCGGATCTCGTGACGCGTATGGCGGACAAGGCCATCAGCGAACACCTGGGGCCGG
NZ_CP029703.1_gap46	1976397	1980297	3900	GTAGAATTCCCCCGTTCCGTCCTGGGATTTGGAATCATTGGAGGAAAGGTTGATGACGGCCCGGAAATCTACGGAAAGCAACAGGGTGACTGCTGTGGCGACGAGCGCCAGGATGATGTAGATGTTGTCATAGAGCCCTTCCATGTAGAAGGGAAGCATCGCCAGGGTTCCCGCCGCGCCAATCAGCCCGAAAATAAATTTGGGCGTTTTTTTGCAGAAGGTCTCCGCCAGAAGCAAAAGCATTGCCAGGCCGGCCAGGATGAATTCCGGAATATACGCTTGCATGGGTAAAAGAGAATCAGGTTAGACTAGGATTGTATTCGGAAGGGAGGAAATCAGGAGAAAAACTGGAGCACCAGCGTGGGGAAGAAGCCGAAGACCGCCAGGGCGATGACCAGGAAGCAGTTGGCCGCCCGTTCGGAGGGCTGCAGTCCCGTGGCGTAGGCGGAGGCTTTGGACAAATCTCCCTGGAAAATATTGCGGTAGGCCCTCAGCATGTATACCGCGCCGATGACCAGTCCCCAGAGGCACAGGATGGTGGCGATTTGAACGGGGCCGAAGCCGTTGCTGAAACCGGCGAAACCGGAGAAGAAGACCATGAATTCCCCCGGGAAATTGGCGAGGCCGGGGAGGCCGATGGAAGCCATGCCCGCTAGGCCGAAAACGAAAGCCATGCGCGGCAGCCTGGTGCTCAGTCCGCCCAGAGAGTTGATTTCCAATGTGCCTGTTTGCTTTTCAATCTGCCCGCAGAGCAGAAAGAGAAGGGCGATTGTCAGGCCATGGGCCAGCATCAGCAGGGCAGCTCCTTTCAGCGCCCAGGGATTGGCTTCCGCGGAACCGGAAACTACCAGGGCGGCGAAAGCCAGGAAGATATAGCCCATGTGCATCACGGAAGAGTTGCCCAGCAGCAGGTCCAGCCTTTTCTGGTTGACGGTCACGTACCCCACCCAAATGACATTGCAGACGAGCAGGACCAGCAGGATATTCGTCCAGGGAAGGAATCCTGTTTCCATCAGCGGCTGGAACATGAAGAGCCCGTACAGGCCAAATTTCTTAAGTACTCCGGCATGCATCATCGCTACTGGAGCGGGAGCGGATGCGTATGCGGGGGCTGCCCAGGAATGGAAGGGGAAGAGGGAAATCAGCGTGCCGAACCCGGCGATGAGCAGGGCCCCGATGAGTTCCGCGTGGGCAAGTTCGCGCCCGCTGGCCATGAAGTCTTTCAGGCCGGAGAAGGTGAAGCCAGCCTGCGTGCCGATCATCAGCAGGGCTGCCAGCAGCACCATGGAGGCAAGCCCCAAGTAAAGCGTGGCGCGCCAGGCCGTGGTGCGGCGGTCGCCGCGTCCATACAGGCCGATCATCACGAAGGTGGGGATAAGAGCCAGTTCATGGAAGGCGAAGAAGGAGATTATGTTGTCGGACAGGAACGCCCCGGTGGCGCCTGCGGAAATCAGAAGGGCGGAGTTGTACCAGGAAGCTTCCCCCCCCTGGGGCGGGTTGGTGCCCAACACGGTGGCGAAGGTAACCAGGATGGTCAGCAGCAGCATTACTTTGGACAGGGCCGGAGCCAACGTGAGCTGGAGGTCCATCCCTTCAAAACGGGACCAGCAGGAAGAACAGCCGTCAAAGCTAACCAGGGCCCAGATGCCGAGGGCCAGCGTCAGGGAGGCGCTGAGCAGGGCTGTCGGGCGTGCGGGCGCCTTGCACAGACCGATGAGGGCCGCGGCAATCAGAGGAATGAGAACAAGCCAGATAAGCATGGTATGTGATTGGTTGGTTAGGTTAGCAGGAATAGAAGACGATAAAGTAGATGACCAGGAGCAGGCCAATGCCGAAGAGGGCCGTATAGGCGGCCATGTTGCCGGACTGCAGGCGGCGCAGCAGGGAGCCTATGGCGGCGGTCAACCGCGCCAGTCCGCCAACGATGAGGCCGGAGATGATGAACTGGTCCATAAAGTCGATGATGGCGGCCAGAACGCCCTGGACTCCCCTGACCAGCACTTTATCATAGAACAGATCAATATAAAGGCGGTTGGCGAGAGCCCGGGAAACGGCATTGCCGGAGAGTTTGTCAGAAGCCGGGGAGCCTGCGTAGAAGGCAGCCGCCAGCAGGATTCCGAGCACCAGCGCCCCCATGGAGACGTAGAAGGGCATGCCCATGTGGAAGCTTTCGGAAACGAATCCGTTGAAAGGAACCAGCCTGTCTGCGATGAACCCGTAGCCGGAGATGAGAGCCAGGACAGCCAGAATCAGCAGGGGCACCAGCATGAGGCCGCCAACTTCCGAGGCGTGTTCCGAACTGTGGCTGCGGCTCTTGCCGAAGAAGACCACAAAGATGACACGCATCATATAGAAGGTTGTTAGCAGGGCTACGCCCGCGCCGATCCAGAAGAAGACCGGGTTTTTGCGAAGGGCTGCTTCCAGAATGGCTTCCTTGGAGAAGAAGCCGGACGTGAACGGAATGGCAATCAGCGCCATGGTGGCAATGATGAAGGTGAGGGAGGTCAGCTTCATGCGCTTCATGATGCCGCCCATTTTCCAGATGTCCTGTTCATGGTGGCAGGCGAAGATGATGGCACCGGCGCCCAGGAAGAGCAGAGCCTTGAACCATGCGTGGGTGAAGAGGTGGAACATGGCTGCCTCCCCGGCCAGAAGTCCCAGGGCCATGACCATATAGCCGAGCTGGGAGAGGGTGGAGTAGGCCAGGACGCGTTTGATGTCATTCTGCTGGGTGGCCATGAAGGCGGCGATGACGGCCGTAATGGCTCCGATGCCGGCAATGACATTGCAGGCCAGGGCGGGGAAGGCCTCAATGCCGATGGAGTATTGGACGCGCACCATCATGTAAACGCCGGCGGCTACCATGGTGGCCGCATGGATCAGGGCGGAGACGGGGGTGGGGCCTTCCATGGCGTCCGGAAGCCAGACGTGCAGCGGGAATTGGGCGGATTTGCCCACCGCTCCGCAGAAGAGGCACAGTACCGTAATGTTCAGCAGGTTTTCACTGATTCCTGCGGGTATTTCCATCAGGCTGAAATCCAGCGTGTTGGTCAGCGCCCAGAGAGTCAGAATGCCGATCAGGAAGCCGAAGTCCCCGACGCGGTTGCAGATGAAGGCTTTTTTGGCGGCGTTGGCGGCAGTGTCCCGTGTGTACCAGTGGCCGATAAGCAGATAGGAGGAGAGGCCCACCAATTCCCAGAAGATAAAGGTCATGGCGATGTTGTTCGCCAGGACGATGCCCGTCATGGAGAACATGAAAAGGCTCAGGCATGCGAAGTAGCGTGTTTTGGCCTTGTCGTCTGCCATGTAACCCAGAGAGAAAACATGGACCAGCAGGCCGATGCCCGTGACCACCAGCATCATGCGGGAGGAAAGGGGATCCAGCACGAAACCCAGGTCCACGGAAAAGATGTCGGAAATCGGGAGCCAGGAGAAGGAATCGGATCCGGTCCGGTCCAGCAGACCCAGGGAAAGGACGAAGGTCGCCAGGCAGGAGAAGGTGGAGGTGAGGGCCGCGACGTCAGGACGTTTGGTCAGCAGGAACCAGTCAAAGGCGGCTACGACCAGCGGCAGGAAGAGCAGAAGCCAGGTGTATTGAATATCAATATTGAACATGTTCGTGGAGTAGTGTGTTGCTCTTAGTCTTTCAGCGTGTTGAGATCTTGCGTGCTGGCCGTGCGCCTGGCCCTGTATAGGGAGACGATGAGGGCCAGGCCGATAGCCACTTCCGCTGCGGCGATGGTCAGGATAAAGATGGAGAGGGCCTGGCCGTCATAGTTGGGCAGGCCCATAGTGCCCTGGGCGCGGGAAAACGCTACCAGGGACAGGTTGGCAGCACTGAGCATCATTTCCAGGCACATGAAGATGACGATGATGTCGCGCCGGACAATCACCCCCATC
NZ_CP029703.1_gap47	2081092	2081719	627	CTGTTGATAATACTGGTGCGCATGACGAGATCCCGGCTCCGGGTGGAGCCGGGAATACCGTCACCGGAAAAACGCCTTTTTATCTGTCCAAATACTTTTGGACCAACCTGGCAGCCTTGCTGGCTCTGATTATCCCCGATGTACGGGCCTGGCTGGACAGTAACCCCATTGAATTTTTCAGCGCCCTTGGCGCGGTCAACATTCTGCTGCAGTTTATAAGCGGCGGCAAATACCAGCTTGCCGGAGAGGATGGCCAGAGCGGCCAGTCCGCCAACCCGGCCGGAGCCCTCCCGCCATCGCCTGTTACCGGGGAGGGCTCCACATCCCCCGTGGAGGACCGGAGTCAGGATCCTGATCAGGATCCGTCGTCCATACCCCCCAGCTCCGGCTCCTCCTCACCCTTATCCGGGACCTCCCGCCTGATGGTCGTCCTGGGAGCCTTGATGCTCCTGCTGGGCGGATCCTGCAGTACGGACGCAGACCCTGTGGCCGCCAGCGTCAGCCTGAGCGACGGGCAGGTGATAGTCATCCGTGGAGGCACCTCTCTGGTAGTGGACCGCACGGAGCACAAGCTGCTCTGGTCACAGGCCGCCCCGGAGGCAGTTGTGGCTCCGGTAGTACAAGCCT
NZ_CP029703.1_gap48	2083335	2087675	4340	CAAGCGCCGCCTCAAGATGCTGGAGGCCAAGGCCGCCCAGGCAGACGCCGCCAGACAGGTCACGCAATCAACCCTCACCCCGGAGGAGCGCGACGCCAGGATGCGCAGCATCTTCGGCTGTTAGACAGTAACTCACCCACTCCCCTTCATGTCTTCCCTGATCACAACGCCGCTGGAGCTGCTGCTGCCTTACCAGGCACGGTGGGTGGCGGACGAGAGCCGCTTTAAGGCCGGCATCTGGTCCCGCCAGTCCGGCAAGGATTTTTCTACGGCGGCGGAGGCGGTAAGGGATGCGATGCTGCGGGCCAAGACCACCTGGATGATCGCGGCCCCGTCCGAGCGCCAGGCCATGGAATCGCTGGCCAAGTGTAAGGAGTGGGCCGAGGCTTTTTCCCTTGCCCTGGCCGCCGAGGAAATCGAACGACAGGACGGCCCCAACACCCTGCTCAAGTCCGGCTCCATCACATTTGCCAACGGCTCCCGCATCTTGGCCGTGCCCGGCAGGCCCGATACCGTGCGAGGCTTTAGCGCCAATCTCGTCCTGACGGAATTCGCGTTTTTTGAGGATCCCGACGCCACCTGGAGAGCCGTGTTGCCCTCCATCACCAATCCCCTCCGGGGCGGCGAGAAAAAAGTCCGGCTTATCACCACGCCCAACGGCAAGACGGGCCGCGGCGCCAGGACATACAAGATCATCTCCGACAATTTGCTCCAACCCGTGGAGGGCCGCAAGCAGCACTGGTCCTGCCATGTGGTGACGATTGCCAAGGCCGTGGAGGACGGACTGCCCATCGACATTGACGAGTTGAGAGAATCCCTGGACGACCCCATCGGCTGGGCGCAGGAGTACATGTGCGAATTCCTGGATTCCTCCAACGTGCTGCTGCCCTACGACCTGATCGCCACGGCGGAGTCCGCCAGCGCCACGGTCTCCTGCGACCCGGCCATTTACCTGGGAGGCAAGCTGGACCTGCGCCTGGGCATCGACTTTGGCCGCTCCAACGACCCGACGGTCTGCTGGACATTGGAGCGGGTGGGTGACGTGCTGGTCACCCGCGAGGTGCTGGTGCTGCGCAACATGTCCGTGCCGGACCAGATGGAGGTGCTGCGCCACCGCATCAAGGCGGCGCGCCGGGTGTGCTACGACTACACGGGCGTAGGCATCGGTATGGGCGATGTCCTGGTCAAGGAATTCAAGCGCTGGCATCCGGAGGGTCACGAGTTTGGCCGGATCGAGCTCTGCACCTTTACGCCGGCCTTTAAGCGTCTCATCTTCCCACGCCTCCGCCAGGCCTTTGAGGCTCCGACCCGCGTCCGCATCCCGATTGACGTGGAGATTCGCGAGGACCTGCACGCCATGCAGCAGATATTCAGAGGCACGGACTATACCTACGAGGCCCCGCACACCAGGGAAGGACACTCCGACCGGTGTACGGCCCTGGCTCTGGCCCTGCGCGCGGCCGACGGCCACGTGCAGCACCATCTCCCGGCGCCAGGCAGCGGACGCATCATCACCGGCGCTGGACTGTTTGGCGGCCGCTCCCACGGCTCCCTGTTCGGAGGCCGCCCCTCCCTCAACCATCTACCGTCAGCAGCGTAACTCATGATCAAGCGACTTTACAACTACATCCTCCACCGCAGGCTCCATGCAGAGGGCGTGCAGCGGGCGCTTACCGCGCCGGACAAGGCATCCCAGGACAGCAAGCCGGCCATGTTTGCCGCACTCGCCCTGGCCGAGCTGGACAAGGTACGCCGCCGCCAGATTGAGCGCGTGTGCCCGCTGGACTACCTGAGCGTGGATACCATACGGCGCTGCCTGCAGGACTGCCAGCTGGGAGCCTATGCCGAGCAGCAGTGGATCTGGGAACAGATGGAGCGCTACGACGCCATGCTGATGACCTGTATTACCAAGCGGGACGACGCTCTGAGCAAGTACGACTGGTCTATCACGGTCAAGCCGGACCTGGACGACCGCGACAGCCTGCTGGCCGAGAGCCAGCAGCGCACCATTACCGACCTGTGCAACGCCATCGTTAACATGGACGAGGCCATCACCGCCCTGTCCCAGGCGTCCCGCCGCCATTACAAATTCCTGCAGCCCTACGCCGACGGCGATGGCCTGCATCTGCTGCCCGTCGACAACTGGCTGATGTGCCGCGACGGTTACCGTGGACCCTGGGGATACAACCCGAATGCCCAGTTTAGCCGCTACCGGGGGGAGCCGTTGCCCGTGCCTCTGGAGGACCTCATCCTGCGCCTGCATCCCCGGCCCATCGACATGCCCGCCCAGATGCTGGTGCTTAACCGTAGCACGACGCTGGCCCAGTGGGACGTGTTCTTGGAGAGGCTGGGTACGCCGCCGGCATTTTTTGTGCTTCCTCCTGACTGCTCCGAGGAGCTGCGTCAGGAGTACATCAAGATGTCGGCCATGTGCTACTCGGCGGCCACCGGCGTCATCGACCACGACTCCGATATCAAGTCCATCCCGATATCCCAGACGAGCGTCGACCTGTTTGACCGCCGTTACAAGGTAGCCACCGAGGAGATCGCCATGCTGACCACCGCCGGCAAGCTCACAGTCATGACCGAGTCCGGCTCCGGCACCCTGGCCGGCAACGCCCAGGCTGACGGCTTTAAGGCCTGGGCGGCCGGCGAAGCCGACCATATTGCCTCCGTGCTGACGGCCCAGCTGGTCAACCGGGTGCTCGACGAGTACCACCCCGGCCAGCCTCACCTGGTGAATTTTACGCTCTCCTGCGTAGACAAGACCACGCCGGAGAAAGAAATCGCCAACGCCGCCGCTCTGCGCGCCGCCGGCTACGACATCGACGACGCCGAGGTCAGCGAGCGCACCGGCTGGCAGGTGACCGCCGGAGTCTCCTCCTCCGAGCTCTACGCCATCAGGACCGCCGGCTACGCGCCGGAGCAGCGGGCCATGGAGAATGGCGGCAAACGCTCCCAGGAGACGCCCTACACGCTTAACTCCCGCCGCCGCGACGCCATCACGACACTGGCCCTCCACCGCGGCACCACGCTCTGGGAGCCGGCGCGCCGCCGCCTGGAGGAGGTGGTCGCCCACCGCCTGCAAGATATCGACGAGCGCCTGGAACGGGTCACGCTGGAGCTGCTTCCCCTCTCCCCGGATGAGCAGGCCCGTCTCAAGGATGCGCTGCAGGTCCCCGGAGAGGAGGAGATCGTCTCCACCGCCCTCCAGATTGCCCGACGCCTCCAGGAGGCCCGTGACGAGGGGAAACGCCGCGCGGCGGCCGTTGACCCGTCTCTGGCCACATTCGGCCCTGCACGACCCCTGCACGGCGCAAATTCAGCCCCATCCCACGCATGAGCAACTACCGAGACAGATACATCGCCCGCGGCATCCCGGAATTCGACCCGGACGCCTGCGCTCCATACCCCATTGGACAGGTCCCGCAATCAGGCTGGTTCCTCATTGAGCCGGCCGGCACCTACACCATCCCGGTGCCCGACACCTCCATCCCGCCTGCCAAGCGCTGGGACGTGGACGAGGTCATCGACAAGGCGGCGCTGCAGGCCATCTGCGAGGCCTACGACCCGGCTATCAACGGCGGCAACGGCATCCAGGTCAACAACGACCACCTGCATCTGCGCACCACCGGCGACAACCCGGCCCTGGGCTGGTGCAGGGCGCTGGACTACGGATGGGTCGGCGGCCGCCTCTACCAGGCCGCCTACATCTCCTGGGTCAAGGATGCCCACCACGACCTCAACCAGGGCAAGTACTGGGCATTCAGCACCGAGTACAAGCTGGCCGACTACAAACGCGTCTACCACAACGGCTACAGCCCCACGCGCCTGTCCGGACTGGCCGTCACCAACAACCCGGACCACGAGGCCCAGCCGGGCATCATCCTCCAATCCGCCGCGGGCGACGTGGTCGTCCACAGCCGCAGCGCCTCCATCCTCCAATCCACAACCATGAGTACAAAAACAGCAACACAACGGATCCTGCACTCCGAGGGCAATCCCGCCCCCGAAGATGAGGAAAAGAAGCAGCAAGAAATCAACGCCAACAACGACAATCCCCCTCCTGCCACCACAGAAGAGGAAAAGAAAGACGAAACCAGCGCCAACAACGACACCGACCAAAAGGACGAAACCAGCTGCAACTCGGACGACGAGGGCTGGCTGGGCCTCGTCAACAAAATAGCCGGGGTGTGCGGCCTGCCCGACACGGCCACCGGAGACGACATCCTCAAGTACGTCACCGACCTCAAGACCGACTTTGACCTCCTCAAGCAGCAGGCAACAGAGTCCAACGGAGGCACCCAGGCCCACAGCAGGGCTCCCCTCACGCGCCAGCT
NZ_CP029703.1_gap49	2107667	2111582	3915	GTTTCCCGGTGGGCTGTGGGCGTGTAGGCTATCCATTCCGCAGCCTTGACCAGCGGGCCGCGGGGGTCTCCCGTGGGGGCGAAGTCGTCCAGATCCGGCTGGAGTACGGGGAGTTCGCTTTCCGGCAGGGCGCGGTGGCGACCGTCTTCCCATACGATGGGGAATGGTTCCCCCCAGTAACGCTGGCGGGAGAAGAGCCAGTCGCGCAGCTTGTAGTTTACTTTGCGGCGTCCCTTGCCGTTTTCTTCCAGCCAGAGGATCATTTTTTCCTTGGCTTCCGGAGTAGGCAGCCCGGTCAGGAAGCCGGAGTTCACGCTGGAACCTTCATAACCGCAGAAGCCGCGCCAGTCCGTGTCTTCACTGGGCGGCTGAACTACCTGGAGTATGGGCAGGCCGAAGACCTGGGCAAAGGCGAAGTCGCGTTCGTCATGGGCGGGGACGGCCATGATGGCTCCGGTTCCGTAACCCATCAGCACATAGTCCGCGATCCAGACGGGAATTTGTTTTCCATTGACCGGATTGACGGCATAGGCTCCGGTGAAGACCCCTGTTTTTTCCTTGGAGAGGTCCGTGCGTTCCAGGTCGCTTTTGGAGGCGCACTGGGCGCGGTATTGTTCCACAGCATGTTTCTGTTCCGGCGTGGTGACGGTATCTACCAGAGGGTGCTCCGGGGAAAGAACCATGTAGGTGGCTCCAAAGAGGGTGTCCGGCCTGGTGGTGTAAACAGTGATCGTTTCTCCGTCCAAGGTGAAATCCACTTCCGCACCTTCCGATTTGCCTATCCAGTTGCGCTGAAGCAGTTTAATGGATTCCGGCCAGTCCAGGGGCTCCAGCTCGTCAATGAGGCGTTCCGCGTAGTCCGTGATGCGCAGCATCCACTGGCGCAGGGGGCGGCGTTCCACGCGGTGTCCCTTGGATTTCCATTCCTCCACTTCCTCATTGGCAAGGACGGTTCCCAGGTCCGGGGACCAGTTGACGGCAGCTTCCGCTACGTAGGCCAGCCGGCGCTGGTCGATTTCTTCCCGGCTCAATCCCTGTTCCTCCAGTTCGGAAACGGGGCGCGCCTTTTTCAGTTCCTTGTTGTAGTAGGAGTTGTAAAGCTGGAGGAATATCCACTGGGTCCAACGGACGTATTCATGGTCCGTTGTTGCTATTTCCCGGTCCCAGTCGTAAGAGAACCCCAGCATTTTGAGCTGGCGGCGGAAGTTGTCTATATTCCGGAAGGTAGTGACGGAGGGGTGCTGTCCGGTTTTAATGGCGTATTGTTCCGCCGGAAGGCCGAAGGAGTCCCACCCCATGGGATGGAGCACGTTGAAGCCGTTCATGCGTTTGAAACGCGCTACAATATCCGTGGCGGTGTACCCTTCCGGATGACCCACATGCAGGCCCGCCCCGCTGGGGTAGGGGAACATGTCCAGCACGTAGTATTTGGGTTTGGACGCATCAAAGCCCTCTTCTCCGGGGTTGTTTACTTTAAAGGTTTTCCTCTCGTCCCAGATCTGTTGCCATTTAGGTTCAAAAACGTCAAAGGGATATGGTTTCTTGCGCTCGGACATGACGGGAGGGAATGTATACTCCGCCCGCGGGTCAATCAAGCCTAAACCCGGCGGAGTGCAGGCGCTTCCAATGCTCCTGGGGCATGATGCCGTTTTTCGGAAAAAAGGGGAAAGGTAAGAAGACGTTTGCGCGTATTTTTTAACTGAAAGGTTTTTGTTGATTGCAACCATGAAGTTTACTTCCTGTATTATGTCCGCCGTTTGCGGAGCATTGTTCCTGTTTGCCGGGGCATCCGCTCTGGGCAATGGTTCCAACCCTGTTTCCGGAAAGAAGCCCAATATCATCGTTTTCCTGGTAGATGACATGGGATGGCAGGATACTTCCCACCCGTTCTGGTCCGACAGCCAGGGCAACCCGAAGAAAACCTTTTTGAACAGGCGCTACCGGACGCCGAATATGGAGAAGCTGGCTTCCCAGGGCATGACGTTTACGGATGCATATGCCCATCCCCTTTGCACTCCTTCCCGGGTGAGCCTGATGTCCGGCATGAATTCGGCGCGGCACCGCGTGACCTGCTGGGTACGGGAACAGAACGGGACGACGGACGCCAACAGCAGGAGCCTCCTGCCTCCGGACTGGGCGTTGAACGGCCTTCAGCCTATAGGCACTCCCGCCAGGGGAACGACAAAACGCCCCATTTCCGGGGAGGATATGCGCTATCACATGACACGTCCTTTTGCCACGGCGGCTACACTGCCGGAGATGCTGAAGAAGTGCGGTTATGTTACCGTCCATTGCGGGAAGGCCCATTTCGGCACGCAGGGAACTCCGGGTTCCAATCCGTTGAATATGGGATTTGATTATAATATCGCAGGTACGGAAATCGGCCATCCGGCGGATTACCGCGGTTCCAGGCATTACGGAAAGGGGTTTAACCATGTGCGCGGACTGGATGAGAATAATTATTACCAGGACGATGTATTTTTGACGGAGGCCCTGACGCGGGAGGCCATTAAACGCCTGGAAGCCATCAGGACCAATCCCAGGGAGGCTGGCAAGCCCTTTTATCTGTACATGGCCCATTACGCTTTGCATTCTCCGCTGGATGAGCGCGCTTACGACAAGAGGTTTGCGGATGCCTACAAAAACCCGGAGGACGGCTACAAGTGGTCCCGGACGGAGAAGCATTATTCCGGGCTGATCGAGGGGATGGACAAAAGCCTGGGGGATATCATGAAGTATCTCAGGGAACATCATCTGGAAAAAAATACCGTACTGGTGTTTATGTCGGATAACGGAGGCCTGGCCATCTCCGGCAGACTGGGCAATGAAGAGGCCAATTACCCTCTTTCCTTCGGCAAGGGGTCATGCATGGAAGGCGGTATCCGGGAGCCTATGATTGTTTCCTGGCCGGGCGTGACGAAGGGCGGTTCAAGGTGTGCCGTCCCGGTGGTTATTGACGATTTTTTCCCAACTCTTCTGGATATCGCCGGATGCCGGAACGTAGAAGTTCCGCAGAAGCTTGACGGCTTAAGCCTGGTTCCTTTGCTCAAAGGAGGCCGGTTTCCTGAAGACCGCCCCCTTTTGTTCCACCAGCCGAATAATTGGGGGGAAGGCAGCCGGCAGGCGCCTCAGTATACTTCTTCCACCGCATTGCGCCAGGGGGATTGGAAATTGATTTACCGCCACCTGACCCAGAGCTTTGAGCTGTACCATTTAAGGAAAGATATCGGCGAGAAGAAAAATCTGGCTTCCAGGGAGCCGCGGAAAACCAGGGAAATGGCTGTTGTCATGGGCAGGTTGCTCCGGGAGAGGAAGGCGCAGATGCCAACCTATAAGAAGGACAATGAGCTGGGCGTTCCTGCCGGGAGTTCCGTTCCGTGGCCCGACCAGGTGAAGGGGAATGGTTTTTGATGATCCGCAATAACGTTTTTCCAAAGTTTTTTCATAACCCCCGGCAGGATTCACATCCCGCCGGGCGGACCGGGTCGAGGCTGGGGTGCCCTCACTTCTTTTTCCAGTAGTTTTTTCTGTCCGGTATAGGAATGGTGTGTGTTTTCTTTTCCGGATGCAGGGTCATCGTTTTTCGTGAATGAAGGCCTCAGCTTTTTTCGGAGCAAGGGGAGGAATGAGTAAGGGAACTGGTTCGGGAGGGATAAAAAACGCCCCGACGGATATGGCGTCGGGGCGTGACAAGGGTTAAATAACGAAGTTCCCTGAAAGGGAGGGTTTAAAAATCGTCGGTGACAGCGGCATCATCCGTTGTCGTGGTATCTTCGCTTTCAGCAGCGCTGTCCGCAGAGGGTTCCTCTTCCGTTCCGGCAGTATCGTCGGCAGGAGTTTCTTCCGTAGCGCCTGGTTCAGAAACGGACGTTGCTGCGGATTTGGCAGCGGGCGCTGCGGACGGAGCAGCGCCCT
NZ_CP029703.1_gap50	2245018	2247158	2140	ATGGAGAGATTGGAGATGAGATGCGTTATCGCTCTATAGTGTTTGGTTGGGCTTTGAATGAGGGTGGTTATGCAAAGTGGCAGGTGGAAGCTGGAAATGGAGTGCCTGTTCTGGAGCAGATGTGCATCCGTTTGAAGGAACAGGGAGAACAGGTTGATTTTAATAAGCCTGGGCAAACAGTATACATGTTTTTGAGTCGGCAGGCTCAGAAGGACGCACAAGCTGACGAGTTGCTGAAGGGGGCTGCCGAGAGCGTGAGGCAGGCTGTGCTGACGGGCGGGGACGGAAGACAGGCGTTGTGGGAACAGAGGGGACAAATGGGAGAGGAGATGTATAAGAAGGTGGGGAATACATTGCGATGGGTGAAGGCGGATGCGGAGAGGACAAGGCGAGGGCTGGAGCCGGTATTGCCGCGCGTGATGGAGGGGCTGGAGTGGGCCGTGAAGTATGCTGACGGGACGGCGAACCGGATTTTTCAGCCGGAGGGGATGGCTTCAATCCACCAAGCCCTGAAGGCGATGGATGGCCTTACGGATGCCCAGATGGATGCGCTGGCGGAGATTGTGCAGCGCAAGGGCGGGAATGAGGGGAGTTATATGGCGAATGTATGGAAGGCCGGGAACCGTGGCTGGGAGGATTTAGGTAATGGAATCAGGTCTTTGCTGCGCGGCGGGATTGCCGCACAGTTGGATGTGGCGGGGGGAGTGAAGGAGTTGTTTGGCGGGGACGGGTCTGCCCTGAAGGCTGACGCGAAGGCGGCGGATGAGTATGGCCGGAGGCTGGATGCTTTTCTGGCGATGGCGCAGGGGACGTACAGGCCGATTAATAAGCCAGAGTATGGATGGTTCGGTAATGGGGTGTTGAGCGCGGTGCGGTCCGTGCCGATTACGGCGTTGAGTTTTTCCGGCGTGGGGGCCGGGGTGGCGGCGATGTCTTATGCCGGGGATAGTTACAGCAAGGCCGTGCAGGAGCGGCCTAACGGGGGACGGCTGGCGAGGCTGGGCGGCGCGGCGGCGAGCGGTGCGGTGCAGGGCGCGCTGGACCGGGCGGGAGCGATTGTGGCGAAGGGGGTGATGGGGTTGAGGTCCGGGAGCGCGTTTGTGGATAAGTGGATGAGCAGGCTTAATCTGAGCCGTCAGGCGATGCGGCTGAAGAGTTCCGCCCTGCGGGCGGGGGCGCGTTCCGGCGTGGCTGGGGGGATGGTGCTGGCGGAAGAGGGTGTAACGGAAAAGTTGCAGGATTTGGCCGATCCGGTGATGCAGAGTTTGTCTTCCGTGATGGCCGGGGAGGCTCCGGGGATTGATTGGGAGCGGTTTTGGAAGGATTTTACGGACCGTGACCAGAATATGGAGTTGTTTGGTTCCGTGCTGGCGTTTGCGCTGGTGGGGGCCGGGGCGCGGTTTACGGCTGAGGCCGGGATGCAGCGGCAGTTGAGCCGGGAGTATGGGAAGCTGAAGCGGACGTTTGGTTTCAGCGATTCTTTGTTGGCCCGGATGCGGGCGGAGGAGAGTGACGTGGCGCGGTATGCGATGATGCAGGATGGCATCCAGGATTTCATGCGCCGGAATTACGGTCAGGATGTGGACGGCGTGAAGGTGGGGCTGGGGGACAGGGACGGGATGAGGAAGCTGGCTGCCCGCGGCGGGGTGAGGACGATGGATGTGGTGGCCGCCGCTGAAGCGCATGCGGCGGAGACGGCGAGAGGGGTGGATGAGGTGCGCGTGGACGGAGCGGAGGTGCAGGATGGGAAGGGTGCTGTGGTGGATGTGAAGGGGCCGGAGAGCGGAGGCGTGAGCGAGGTGGGGAGCGGGCCTGTGTTGAGTTTTGAGCATGGGCCTGTACCGGAGCGCAAGGGGAGGAGGCAAGCAGATGAGAAGGAGGCGATGAGGGAGTATGTGAAGGCGGTGAATGAGCAGTTGAAGGAGTTTGGGGCGAGTCCGATCCGCGAGGAGATGAATGAGTTTACGGAGGAGATGCAGTATGTGGTGGAGCTGGGGGACAGGCCGGAGTTTTATGATACGTATGATGATGCGTATGAGGCCGTGCTGCGGCATTTGGAGGAACGGGAGGATGAGGTGGTGGCCGGGCTGAAGAGCAGCTTGCGGCAGTACCGGGATAAGGATGAGGGGTATGTTGGGAG
NZ_CP029703.1_gap51	2385348	2388133	2785	GAAAATTTTGCGCACTTCCGTGCCGTAAACCCAGTCGTGCCCTTGAAAAATGCGTGCTCTTGGAGAAATAATCAAACCTGCCATGTCAGGAAAGGCAATACATGATCGGGGTGGAAAGTTCAAGGGTAATGCGGGCGGCTCCCAGAAAGGCCGTGGGAAGGGTGGAGGCCTCCGTTCCCTGGGATTTTTCGCGCAAGTACGCCGCTGTGCATCATTCCGGGACTATTTCGGTTGAAAATGCCCGGAAACGAAGTAAAATAGGGCGCGTTATGAAAGTAGAAACTTTTGAAACTCCCCAGGATGCTGCCAAGGCTTTGGCAGGAGAAGTTGCGGAATTGATCCGTACGCGCGCCGCTGAAGGCAAAAACGTGGTTCTTGGCCTTGCCACGGGCGCCACTCCGCTGCCTTTTTACGCAGAGCTGGTCCGCATGCATAAGGAGGAAGGCCTTTCCTTTGCCAACGTGATTTCCTTCAATCTGGACGAATACAGCGGCTTGGATCGCGACCATCCGGAATCCTACTGGTACTTCATGCACACGAATCTTTTCAACCACATCGACATCAAGCCGGAAAACATCAACCTGCCCTCCGGCACGGTGAAGGATGATGAAATTGCCGCCCACTGCGCCGCCTATGAACAAAAGATCAAGGATTGCGGCGGTATCGACCTCCAGATTCTCGGCATTGGCCGAACTGGCCATATCGGCTTTAACGAACCCGGCTCCGATGATACCACCGTCACCCGGCAGGTTCATCTGGACGAACTGACCCGTTCCGATGCTGCTCCCGCTTTCGGCGGTATTGAAAATGTTCCCACCACCGCCATTACCATGGGCGTGGCAACCATCATGGGCGCCCGTGAAGTGGCTTTGATGGCCTGGGGAGAAAAGAAGGCGTCCATCGTGAAAAAGGCTGTTCAGGGGCCTGTGACGGTGGATGTGGCCGCCTCCTACCTTCAGAAGCATCCGAACGCCAAGTTTCTTCTGGACAAGGGGGCTGCTTCCCTCCTTTAATTTTACGTTTTAGTAACGGAAATGCCGTCTTTCCCGGTTTCGTGGAAAGGCGGCGTTTTTTATGGGGTGAAGGAAGGCGGAAGCTTCTTCTTTCCATGGAGGTTATATGGGAAATGCCGCCTATGCAGGCAAAAGGAGAGGGGTGGAGGTTGTGCGGGGAGGATTTTGTATCATCGTATGCTAATTCACACATCAGCGCAGCGTACGTTTCAAACTATTAACATATATATGGCGGGTGCTGAATGGCATCCGCCATTTTTATTGGAGATAATCGGGGGTTTTTCCTTCATCACGTCCGGGGCGTGTTGTTGTTTTTTGGAATTCCTGCAAGGTGTTCACAGAACTAAATGGTTAGTTCTGTGAACAAGAAACAATTCAGAAACATGAATAATTATATACCCCTGAACAAGGCGGTCGGTCCGAAGCTTATCTGCGACGGGGAGCAGGCTCTCATCCCGCAGAAACTCGGAGTTGACGCGATGGAGTTCAACTTTGACGGTTCGGCGTGCGAGCACGCCACTTGCGCCGGAGCGCCGGAAATGTTCATCAAGGTCGAGGAAGACGGCCTGTATTATTTCGGCGTGGAAGCCGATGACAAAGGCAGCATCTCCATTGCCGACGAGAAACTTTGTGAAAAGGATGGGACACCTCCCAACGGCAAGCTGAATCTGGCAACTGGTGCCAGATACCTGAAAGCGGGCTATTACAAGGTGGCTCTGTCGTGGACCAACAACGCCTACACCCCCGTCAGCAACAACGCTGCCGCGTTCAACGTCACGATGGACAGGGAACCCATTCAGGCAGGGAAGTATGAAGGCAACTCGACGATGAAGCGCGAATTCTCGCCGTCCCCCAAAATCAAATTGTGGACGATTGAAAAGGAATCCACCATCACCTGTGAAGAGTCCAGGAAAGTGGAGGTGACGCTCGAAGAACCTGCTCCTGTCGTTGAGGAAAGTATCGGAGATACTAAAACGGACTTTATCAGCCCCCAGATCATCGTGACGGCTTGCAAGGATGAAGTGCTCGACGAGTGGAGACTGCGCGTGCAGCAAGTTTCCGCCGGTTCCACAATTCTCTTGCGCACGGGAGGATACAGGGATGCCCTTAAAAATCCCCCTGTCACCGAAGAAGAAGCCGTCGAAGCGGTCACTGCAATGAACCGTTACCAGTCTCATAAACGCGGCGCATGGCATACTCAGGAGGCATCCCTCGCCCACGAGGAACACCACCGCCGTCAATGCAATGACGCCTTCCAATTCTACTGGGACAATTTGAGAATACAGGATACGATTGAAATGAAGCATGAATCCTGTGAAAAAGTTCCGAAAATGGAAAAGTTTCTGGAAAATATGCAGCCATTCGTTACCGAGTTGAGGAATATGTATTTTGGAGCTGTCTATAACTATGTCAGAGCATTGCCGGATGATGCCAATGAGCGTCCCTACTGTGCCGGACAAAAAGTTCTGAACGAGGCGACCCGGAAGATTATTGCCCAGGCAAAGGCCAATGGATGGAGCAGAGTACCCGATGAAGTCACGGAACCGGGAACGATTGAACCGCCCTGTTTCCTTCCGCCTGTCAACGGCATGTATGCCCGCAGCGTGGCCGTTGCGGAGGAACCGGAACCCTTGACCCTCTCCATTGCGGATACCTCCCGGTTCAGGGAAGGCAGAATCACAGTCCGCTTCCGCAATGAAGGAAACGAGCCTGTCCGGATTCCGGACGAAATCAACGACGAAACAGCCGATTATTTCTTCCTGACGGTGTTG
NZ_CP029703.1_gap52	2392839	2394194	1355	TGCGGAAACGGCCGGTTTCGTCAGCCTTTCCCTCCAGGCCGATTTGAAAAAGCGCACGCTGATCTGGGATGTCCGCAGTACGGCTCCTCTGGTCTCCTGGGCGGTGGCTATTGTTGATGAAGCTCTGGTGCCGAAGGAAATGAAGTTTCTGAGCGAGCCGCATGTACAGATATCCGGTCGTGCGGTTTTTTCGGAAAATTGGGAAGGCGTGGAACATCTGAATGCTTTAGGTTCCGGATCCATGGGAGCATTTTCCGTGCTTGGGGAAAAATTCCAGAGGGCCTCCTGCGATTTCAGTTATGAAAACGGTAATTTTTATGTAACTGATTTGGATATAAGGCATCCCGGAGGCAGTTTTTCCGGCAAGGTAATGGGAGTGGACGGAGAGATTAAGGTAGACGTTCACAGCACGCTGCCTATGAAGGCGATGCTGGGGATGGCCCGTTCCATTGCCCCGGAGGATGCGAAGCTGCCGCCAGCGCTGGAAATCAGGGGAGACCCGGAATTGAAGGTGTACGGTTCCGTGGATATGGGAAAGGGGTGGAAAGGGCCGTTCCAGGTGGACCGCCTCCAGATTGAGGCTTCCGTGGCGGATGTCTTTTACCAGGGAGTGGAATTCGTTTCCGCTGCGGCCAGGGCGGAATTGATTGGCCGTTCCATTAACGTCACCCAATTGGAATTGGTGCGGGATGACGGCCGGGTGAAGCTGGAAGGAAGCTATTTGGGCACCGACCTTGTTTTTACGCTGGAATCTAATCTGAAGCCTGAACTGCTGGAGACTCTGGCTGGAAATTGGTTTTCTGTCCCTGAAAATTTGCAGCTTCCGGAAAAAGCGGTTTTATGGGTGCACGGCAGGCTGGATATTCCGGAGGGCAAGCCTGTGGAGCCGACTCTGGTCCGCGCACGCATCCATGCGGAGAATCTTGCCTGGAACAAGGTTCCTGTCAAAACGGCGGATGTGGAAGCGGAATACCGTCCCAACCAGCTTTTTGTGCAAAATTGCCGGATGGAAATGGAAAAGGGCGTCTTTGAATTGTTCGCCAACGGTTTTCTGGACGGTCAGATGTTTGTGATGGGGCAGTCCACGGTTCCGCTGCAAACGATAGACCAATTGTTGAGCATGGAGGATGACGACTTTTTCATGAACCGCTTTGTCTTCCGCAAGGATTCCGGCCTGGAGTTTTCCTTCCAAGGAACGTTGGGTCTGTACAATCTGGAAAAGGCTTACGACTTGCAGGCTACTGTTTCCGCAACCAACACGCGCTACAGGGGGGTGGACTTGAAGTCTGCCCGGGCGGATGCCCATCTGGTGACGGACCAGCTGGTGCTGACCAATGTGACGACTGTGGTTTCCA
NZ_CP029703.1_gap53	2395996	2400414	4418	AGGGGCTGGTTGTCCGGCACGGCGTAACCGATGGATTTGCGAATGGCGAGGAAGTCCGCCACGCCTTCCGGCCCCACCTGGTTCAGAGGTGCTTTGTGCAGTCCGGCCATCAGCACCATGCGGCAGTAGGCATCCGCATTTTCCATGAACCATTCCGCTTCTTCCACGTCACGTGCTCCGGTAATGACTCCGTGGTTTTCCATGAAAACGACGGTGGATTGTCTGGCTGCTTCCGCCACGGCCCGGGCCGTTTCCAGAGAGCCGGGCGTTCCGTAAGGGGCCAGCGGGATGTGTCCCAGGAAGATATCCGCTTCCGGATTGATGCCGGAGGGGGGAACCTGCCCGGCAAACAGGAAGGCATTGCAGTGCGGGGGATGGGCATGGATGCAGGCATTGACGCCCACGGATTTCATCATGGCAATGTGCGTTTTCACCTCACTGGTGGAGGGGCGGATGCCCGCTTTCTGGCGCGCGTCCATGTCCACCATGCAGATGTCTTCCACAGTCATGAAGCCTTTGGAACACAGGGTGGGGGAGCAGAGCAGCAGGTTCTGAGCCACGCGCACGGAGATGTTGCCCCCGTTGCCGTCCACATATTCCCGGTTCCACAGGCGGCGCCCTATGTCGCACATGCGTTCCTTGATGACCAGAATTTCCGGGGAATGGAAGAATTCATTCACTTCCTCCCGCGTGACGGGGTTGTATTTTTCCCATGGGAACACTTTGTCCGGCAGGGGAGGGGAGATTGACCAGTCTTCTGACATATTTAGTAGCGTGTTATTGGTTGAACTTTTCGTAGGCGGCTTCCTGGGAACCCGGCATATATGTCCGGTAGGTGATGCCGAAGGCGGCCCGGGCCTGCTCCGGCGTAGAGTACACCCCGGCGCCCGCAAAGGCAAACATGGATGCGCCCAATACCGTACTTTCTGACACTTCAGAGACTTTGACGGGAATCCGGAGAATGTCCGCCCTCATCTGGGTCCAAACTCTGTTTCTGGCGCCTCCGCCCACCAGGATGAGGAATTCGCTTTTGAAGCCGCCCACGGATTCCAAACGGCGCAGGCGGGATTTCAGCCGCCAGGTGAGAGCCTCCATGGCGGCGCGGTAGATATGGCCGCGTGTTCTTCCCAGCACCAGTCCGTTGATGGAGCCTTTCCGGTCTCCGGAGGCCAGGAAGTCCGGAACCATTGTCACGCCGTCGCAGCCGGGTGGGACGGCGGCCGCTTCCGCATCCATGGTGTCATAGGATTCCCCGTGAAAGCAGGCTGCTTTCACCCATTCGATAATGCCGGAGCCCAGCCATTGGAGCCCGGGGTTAAGAAGGCCGGATTCCGCGTCGAATTCCGCCGTGGCGCCGTCCTCATAATCTTCCCGGGCCAGCCTGGCCTGTGCGGAGCGCGCCATCAGGATTTCCCATGTTCCGGAGGAAAGGACGGGCTGGTTCTTGTCTGCTCCGGAACCGAAAATGGCGAACTGGGTGTCGTGCCCGGCGGAGATAACGGGAATGCCCGCCAGGGCCGGGAGATTCATCGCGTCTGCCGCTTCCGGCGTAAGGAGGCCAATGGTTTCCCCTGCATCCACGATGGGGGGGAAGAGGCCGCGGCTCAAACCGAGGCGGTTCAAAATGAATTCGGAAAAATCTCCCGTTTCCAGATCCGTGAGCTGGGAGGTCCCTGCCATGGTCCGGTCTGTCGCCATGATGCCGGTGAGCTTGTAGGCCAGCAGGTTGGAGATGAAGAGCCACGCATGGGCTTTTTCCAGAAGTTCCGGGCGGTTTTCCCTGAGCCAGACGAGTTTGTAAATGGTGTTGAAAGCAAAGGCCCCCACGCCGGAGATACGGTTAAGTTCCTCCTGGGAGATATATTTGCCGATGTTTTTCATGACCTCCGCCGTGCGGGGGCATTTCCAGGATATGACAGGATAGAGCAGGTTGCCGGCGTCATCCACCAGCGCGCCGTCCACGCCGAAGGTGGTAATCGTGACGGCCGTCACCTGTTCCGCATTTAGTCCTTCCAGGGCCTTCACAGCACATTCGGAGAGCTGTCTGAAAATCCGGTCGGCGTCCCAGATGTGAAATTCCGGATTTTCCTCACCGGGCAGCGTGGCGTTCGGCTGTGAGGCCTTCCCCACAATGGCGCCTTGTTTATCCACAACCATGGCGCGCACATTAGTCGCGCCGCAGTCCAAGCAGAGGGAGTACATGAGTTAAGATTTAATAGTGAAAAGTTAATAGGAATCCGGCTGAGCTTGTTGAGTTGGTTTGTTAATAGAAATGAGCATTTTAGGGATTTCTGTGCTGTCCTGGTTGACAGAGGAAGATTCCGTTTCCGTCAGGCTTCCCGTGGCGCGCAGCAGTTTAGGCCGTGCATGCGTCCCGGAATATTCCTTCAGGGCGATGCGGGGGTTGGAAAAGAAGTCCCTTCTGCGGCTCCCGTAAACAGCTTCGGATAAATTGGCGGCAATGCCCGCACCGGAACGTAGGAGCTGGCTGAGCAATTCCCGCTCGACGTCCTGCTTTTTCAAGTGCCTGCATCATTGAATAATGCGGACCGCGAAAGAAAAGCTTTTCGCGGAAACGGGGCTTTCTGCCATGTTTTATCCGAAGCTGTTTACTATTACCTATTAACTGTTGCCTTTCGTTTTCAGTATTTTCCGTATAATGGCCCGTAGTTGGCGCAGGCCCGGAAATCAGCTCCTTCCGGGTCCGCCGTACCGTGGAGACCCCAGGCAGAGGGGCGGTAGATTTGGTCATCCGGAATGTTATGGGCGTATACGGGAATGCGCAGCATGGAGGCCAGCGTCAGGATGTCTGCACCGATGTGGCCGTAAGTAAAGGCTCCGTGGTTGGCTCCCATGTTGGCCATGACGCTGTACACGTCCGTAAAGGCTCCCTTGCCGGTCAGGCGCGGGGCGAACCAGGTGGTCGGCCAGCCCGGGTCAGTGCGTTCGTCCAGGGTCTTGTGCACCTCGGCAGGCAGATCAACAGACCAACCTTCCGCCACGATGAGGACGGGGCCGAGTCCCTTGACGATGTTCAGGCGCATCATGGTGACGGGAGCGCCGCCCCTGGTGACGTAGTGGACGGAGTAGCCGCCGCCGCGGAAGTATTCCCGGTTGGCCGGGCACCAGACGGCTTGTTCCATCATGGTTTTCGCATCGTCCGGAGTGACGTCCCAGTGTTTTTTCATGACGGGCTGTCCGTCCTTGCCCGTGCAGGCCATGCAGCCGTCCAGGGCGGCGGAGCCGGAATTGATGAGGTGGATGATGCCGTCCTTGGCATGGCCTTCCAGCGTATAACCCGTGACGCGCTTTACGGCTTCCGGACTCCAGTAGGTGCGAACGTCCGCGAAGACATTGGCCTGTCCGGTCAGCAGATAGCCGAAGAGGAGGCAGGCGCCGTTGAGAGAGTCATTTTCCGTGGCGAAGGGAAGCGGGGCGCGCGGGCCGTTCCAGTCAAAGGTGGAGTTAAGCAGGGTTTCCGCGATGTCTCCGTTCGGGTAGAAGTCCGTCCAGTGGCGCTGGCCCTGGAAGCCGCCGGCAATGGCCTGGTAACCCAGGGATTCTTCTTCGCGGTCAATTTTCTTGAGCTTGGGATTGCCCTGCATCATGTCGCGGAAGATCATGGCCATCAGCACGCTTTCCCTGAAAGTTTTGCGGCGTCCGGCTTCATCCAGCTTCAGGTCCGGACGGTTTTTGTCCTCGGCGAATTTAAAGACGGAGTCAGCCCATTGCATGGCGAGGTCGAATTCCGCTTCGTCATAAATTTTCTGGTCCATGCGGCGGCGCACTTCCGTCATGTCCACGGCCTGTACGCGGATGCCCAGGTAATTTTCCCAGAAAGACTGGTCCACAATGGAACCGGCAATGCCCATGGAGCAGCCGCCGATGGAAAGATAGCCTTTTCCGCGGAGGGTGGCTACGGCGAGGCCGGCGCGGCAGAAGCGCAGGATTTTTTCAGCTACGTCTTCCGGGATGGAAGTATCCGTGGCGTCCTGCACGTCTTTTCCGTAGATGGAGAAAGCCGGGAATCCTTTCTGGTTCAGGCCGGCCAGCGCAGCGGCCAGATACACGGCGCCGGGGCGTTCCGTGCCGTTGAAGCCCCAGATGGCCTTGGGAGTGAACGGATCCATGTCAAATGTTTCACTGCCGTAGCACCAGCAGGGCGTAACGGCCAGGGAGACGCCGACGTTGTTGGCCTTGAATTTGTCCGCGCAGGCGGCGGCTTCCGCCGGGCCGCCGATGCAGGTGTCCGCGATCACGCATTTGACGGGTTCTCCGGAGGCGTGGCGGATGTTGGCCTCAATAAGGGCGGCGGCCGCCTTGGCCATGTTCATGGTTTGATCTTCCAGGGATTCCCGGACGCCGAGGCGGCGACCGTCAATCGTGGGGCGGATACCGATGGTTGGTAATGCTGTTTT
NZ_CP029703.1_gap54	2404799	2408536	3737	GCACGGGCGTCAACCAGCAGACGACGGAAGCCCAGGTGATTGAGCTGGAAGACGGCTCCGTCATGATCAACGCCCGGTGCAACTGGGGCGGTTCCCGCATCGTGGGCGTTACGAAAGACCTGGGCCAAACGTGGGAAAAACACCCCACCAACCGCACTGCCCAGCTGAAGGAACCGGTCTGCCAGGGCAGCCTGCTTGCCGTGGACGGCGTTCCGGGCGCGGGCAGAGTGGTTCTGTTTTCCAATCCCAATACCACATCCGGACGTTCCCACATGACGTTGAAAGCTTCTACGAATGATGCCGGGTCATGGCCGGAAGACAAATGGCTTCTTTATGATGCCCGCAAAGGCTGGGGATATTCCTGCCTGGCGCCGGTAGATAAGAACCATGTGGGCGTGCTGTACGAATCCCAGGGGGCGCTGAACTTCCTGAAAATTCCCTATAAGGATGTTCTTAACGCAAAAAATGCGCGCTAATTCCGTTTCCCGGTAACATGTTCAACGGGTCGTTTTCGTTGGAGAACGGCCCGTTTTTTTGTTTCCGAGTGTTTTTGTGAAAGGACTTGGCCGCTGCGCTACGGGTTATTTGCCGCTAAAGACGGGAAACTGTACCAGGAACCGGCTCCCCACCCTTTGGCGGGAAAGCCGGCGGTGTGTTCTTAACTTGTTTTGAGGACGCCATTGTCAGGATAAAAAGGAAGCAAGAGCCTCCTTCAGCATGTTTCTGGAGCGGAACAGCAGGCTTTTGGTAGCGGGAACCGTCATATCCAGCGCCCGGGCTATTTCCTCATAGGGCATGTTTTCGAAACGGCGCAGTTGGACGGCCAGCCGCGCCTTTTCCGGCAGAGCGGCGATTGCCGCGTCCACGGCGTGCTGGAGTTCCGTATGTTCCAGTGCTTCGTCCGGGGCCTGGGAAGGTTCCAGAAACACGGCCATGCCTCCTTCCTCCTCCATGGCGTCTGCGGAGGTGGTGGGCTTGCGCTTCTGGCGGCGCACTTCATTGAACACCAGATTGCGCAGGATGGTGAACATCCAGGTGGTAAACCGTGCGGAAGGTTCATAATTCCCGGCTCCCTTCCAGATGCGGATGAATACCTGCTGGGCGATGTCCTCTGTCTCCGGACCGTTGTTCAGCATACGGGCCACCGTCGCATATACGGAATTCTGGTGTTTGCGGACCAGCATTTCCATGGCGGAAGCGTCGCCATTCCTGACCCTCAGCATCAGCTTGGCATCTTCGTCTGGTTCCGCAGGCGGCATGTCTTGTGCTTCATCCATGAAATTCCCTTTTATAAACCCCGTCTCCGGTGAAAGGTTGCAGCCGGCAGGGCGCATTCCGGAAAAAGGTCTATCCCATTTTTACACGGCTGACTAGATGAAAACGGGTCTTTCTTTTCTTTCCGCAGGGAATGGAAGTAAAATGTTTTACTCTTTCCAAAGCCCGGGAAATATTCGCGCCTTTGCAGGAGAGAACCCGGTGCACGATGGATTCCCTCCATGCCCGCCGATTTGACAGGGGCCGGAAGGGGCTTGTCAGGGCAGGGAAGAATGGAAGAAAGGAATATCGGCTAATTAATTTGTTTAAGGAATCATTCCGAATTTCTTTTCTCGGCTTCTTCCTGGTTCAGTTCCAAATGGGGTATTCCCTCAGAAGTTTATGAAGAAAGCATGAAGGAATGCATGGAGCGGAAAACAGGGATTCCTCAATGGTACGTTATTGTGGACGGGCAGCGGAATATCATTGCGGGAACCGGAGTAATTGAAAACGATTTTTATGACCGGAAGGACTTAACTCCCAATTTATGTGCTCTTTTTGTAGAGGAAAGGAAACGCGGCAGGGGAATAGCCGGGGTGGTGCCGGATTTTGTGAGGAAGGATTTGGCCTCTCTCGGATATCCCTGGCTCCCAACCACACTCCGCGCGGAAAGAAGAGCAAGGAATGGAGAAAGTTCCCCGGCAAAAGGGAAAGAGGGGAAAATAATGAAAAACCGTCCGGTGTTTCCGTTGGAAGATGCACGGAGCCGCCTGCCGGGGGAGGACTCTGTTCTTGACAGCATTTCCTGTCTGCCTGATAACTTGATAATACGAGTACCCCTCAGCAGCATCAGGAAACGCCGCCATGAAACAATGCATGAATTCCGAAAATTTGCATCGCCGCCTCAAGAAGATTATCGGACAGGTGCAGGCAATCGACAGGATGATTGACGAAGACGTTCCCTGTGAAGATGTTCTTGCTCAGCTCAATGCCGCCAAGTCCGCCTTGCATAAGGTGGGGCAAGTCGTACTGGAGGGGCACATCAGCCATTGTGTCCGGGACGGACTTGAACACGGAGACCCGGAAGAGACGATCGCGCGCTTCACCAAGGCGGTTGAGCGGTTTGCCAACATGATTTGAATGGGACAAGGGGTTAATGCCTTTTTCTGGAAGGTTCGGGAGGGGGGGCTCATTTTTTTCTTGAAAAACCTATACCCCTATAGGTATATAAATGCCCGTACCCGTATGGGTATGAAAAGAAAAATTATCATATGCTGGACCGATTGGAAAAATTGCTGGAATGGGGAGGGACAAGGCGGAAAGTCGCACTGTTGTCCGTTTCCGGATTAGCTCTGTTGATGAGCATGCTTGGCATGGAACCTTTGCCCTTTGAAATTTCATGGATAGCCATTGTGCTGTGCGGCGTTCCCATTGTGCTGGAAGCCGTTCTTGGCCTGGCGACGGCCTGGGATATTAAGGCGGATGTTCTTGTTTCCGTCGCTCTGGTTGCCTCCGTCATCATTGGGGAGGACTTCGCTGCGGCGGAAATTGCATTTATCATGCAGCTTGGGGAACTCCTTGAGGAGCTGACCGTAGCCCGGGCCCGGAAGGGTATTGAAAGGCTGGTCCGTTTGACCCCGGCGACCGCCCGGAAAGTGGAAGGAACCAGGGAGGAGGTTATTCCGGCGGAAGAGGTTCGCATCGGGGATATTCTCCGCGTATTGCCCGGAGAGACGATTCCGGCGGACGGCGTTATTCTTTCCGGGCACACTTCCGTCAACCAGTCCGTAATGACGGGGGAACCTCTTCCGATAGACAAGGAAACCGGGGATGAGGTTTCCAGCGGGACGGTCAACCAGTTCGGAACCTTTGACATGAAGGCGGCCAGGACCGGGAAGGACAGTTCCATCCAGCGCATGGTGCGCCTCGTCCAATCCGCAGATGCGGGGAAGGCTAAAATAGTGAGGCTGGCAGACCGCTGGGCCACCTGGATCGTTGCCATCGCCCTGTTTTCCGCAGGGGGGGCCTGGATGGCCACGGGCGAATTGATTCGCGCCGTTACCATTCTGGTGGTATTCTGTCCCTGCGCGCTTGTGCTGGCAACTCCCACGGCGGTCATGGCCGCTATCGGGAACGCCACCAGGCATGGCTTCCTGGTGCGGGAAGGGGATGCCCTGGAACGCCTGTCCTGCGTGTCCCACCTCACTTTCGACAAGACGGGCACGCTTACCTGCGGTGCTCCGCGCGTGGCGGCCGTGCGCAGTTTCCTGCCGGAGCTCCCGGAACAGGAACTTTACAGATATGCCGCCTGTGCGGAACTGCGTTCTGAACATCCTCTGGGCAAGGCGATTGTCCGCTGTTACCGGAAAGATTCAGTGCAGAAACTTCCCCAACCGGAACAATTCCGCATGATTCCCGGCAGGGGAGTACGGGCTGTGGCGCAGGGAAAGGAACTTCTGGCCGGCAACCTGGAATTGTTCAGG
NZ_CP029703.1_gap55	2423731	2427645	3914	ACCAATGCGTTGAGGCACAATTTAAACGTCGTCCGGCGCGTCATGCCGGATCACCGTCTGATGGCTATTGTGAAGGCGGAGGCTTATGGCCACGGTCTGGAAGGGGTGGTGAAGGCCCTGGATGGCGAAGATTGCGCTTTTTTCGGCGTTGCCACGGTGGCGGAGGCCTGCCGGGTGAGGGATGCCGGGGCAAAAACATGCCCGTTTATTCTCGGCCCCTGTTTTGAGGGGGAGCGGGAGGAAATCGTGCAGAACGGCTGGCGCGCCGCTCTTTCCAGCATGGAAGAGGCGGAGCATTTCAATTCCCTGGGCGCCCTTTATGGCAAAACCGTCCATATCCATTTGGGCGTGGATACCGGCATGGGGCGCAGTGGTTTTTTACCGAGTGAATTGCACGGCCTGACGGACAAGCTCAAACAGTTCAGTTATCTGGATCTGGAGGGCGTGTTTTCCCATTTATCCGCAGCTTCCGATGATATTTCCTTCACCCACGGACAGATCAGCGGCTTTACGGAGGCCGTAAATGAACTTTCCCAAGGCCATCGGTACAAGTTCCGGCACCTGTGCAGCAGCGCCGCTGTGTTTAATTACAAGGTTCCCTGCGCCAATATGGCGAGGCTGGGCAGAATCCTGTACGGGTATTCCCCCATGCCGTCTCCCTATAATAAAGAGCTGCGGCCTACAATGACCCTGTACAGCCGCATTACTCTGATACGCACGCTGCCGGGAAATCACGGCGTTTCCTACAACCACTGCTATATAACGAAGGGGAGCACGAAGGTGGCCACTATCGGCATCGGTTATGCGGACGGCTATCTTCAATATCTGTCCAACCAGGGAGCGAGGGTGTATATCAATGGCCAGTACTGTCCGGTTTTGGGCCGTGTGACGATGGACCAGATCATGGTGGACGTTACCTACATGGACCATGTGGAGACCGGAGACCTGGTGGAAATTATGGGGCCTAATGTAAGCTGGGAGGAACTGACGCGCCGTGCCAATACCATCCCCAGCAATGTGCTGACCAGCATCAGCGCCCGCGTGCCCCGGATTTACGTGTAGGATAATGCCGGGGGCATGGTGATTAAAAGCTGTTGCCCGCCGCCCGGAAAAAAATCAGGGGATTTATTTGCAGATATGTTTTTCCCCGGCGGACACGGATAAACGTTTTACCGTACTTTTACCGCTGGCGGATTCTATTCCAGTCTTCCGGCTCCAGAGCGCAGGGATCAGGGGCTACCCAGTGGCCCGGTTCTATTTCCACAGGGGTAAGGTCCGCTCCCACCGTCTCCGGATAGGAGGGGTGCTGGATGCGGTGGCCGAAAGCAGAGCCGAGCGGCGGGTTGATGGGAGAGGGGACATCTCCCGGCAGAGGCTGGTGCTTGTTGGCCCTGGAGGGGTCTGGTTCCGGAATAGCGTCCAGAAGAGCTTTGGTGTAAGCATGTTTGGGGGATTGATAGATGGTTTCCGCATGTGACATTTCCACAATTTTACCCAGATACATGACCGCCACGCGGTCGGAGATGTGTTTGACGACCGCCAGATCATGGGCAATAAACAGGTAAGAGAGTTTGCGTTCCTCCTGAAGTTCCAGCAGCAGGTTGAGCACCTGGGACTGGACGGATACGTCAAGGGCGGAGACGGGTTCGTCCAGAATAATGAGGCTGGGATTTAGCGTCAGGGCGCGGGCGATGCCGATGCGCTGGCGTTGCCCGCCTGAGAATTCAAAGGGAAAGCGGTCAATAGCGCTGTCCGGCAACCCTACGCGGTCCAGCAGGCCGCGCACCCATTCCCGGCGCGCGGCGGGGGTGCCCATGCGGTGGATGACAAAGGGTTCCGCTACGATTTGACCGATGGATTGCCTCTGGTTGAGGGATTCCGCAGGGTCCTGGAAGACCATCTGGATGTGCGGACGCAGAGGCCTCATTTTGCGCTGGGAGAGTCTGGCGATATTGTTGCCGTTGAACCGGATGGAGCCCCCGGTGGGTTTCAGCAGGCGGACAATGCTTTTGCCAATAGTTGATTTTCCGCAGCCGGATTCCCCCACCAGGCCCAGCGTTTCCCCCGGGTAAATATTGAAGGAAACGTCGTCCACAGCCTTGACCCATCCCGCTTGCCGCAGGAAAATTCCGGAGCGGACGGGGAAGTACATTTTCAAATTGTCTACTTGCAAGAGAGGTTCCGGCATGGCTGGTAGAAAAAGAAGTTAAAGGTTGGCGCAACGGGGGCAGGCTTCCACGAAGTGGTCCGGGGATATTTCCACGAGGGGAGGGCGTTCCGTGAGTTCTTCCGCGGGCACGCCCTGCCTTTGGCAGAAGCGGCATCCGGGAACGAAATCCGCAATAGAGGCCACCTGACCGGGAATGGTGGGCAGTTTGGTTTTCCGCACGGAACTTAGCTGAGGGATGGAGGCCAGCAGTCCCTTGGTGTAAGCATGGCGGGGGTTGGCAAAAAGTTCCCGGACAGGGGCCTTTTCCACCACGCGGCCAGCGTACATGACGACTACGGAGTCACAGCTCTGTGCGATGACGCCCAGGTCATGTGTAATGAGGATGGAGGATGACCCCATTTCCGCCTGAAGGTCTTTGAGCAGGGACAGGATTTGAGCCTGAACGGTGACATCCAGGGCCGTAGTAGGTTCATCCGCAATGATGAGTTCCGGATGGCAGGCCAGGGCAATGGCTATGACGACGCGCTGGCGCATGCCGCCGGAGAGCTGATGAGGAAATTCGTCCACACGCTGTTCCGGGGCGGGGATACGAACGCGCTGCAGGAGCTGGATGGCTGCGTCCCGGGCTTCCCTGGTGTTCATTCCCCGGTGGAGCATCAGGGATTCCCCAATTTGCCTGCCGATGCTGTGTACGGGATTGAGCGCCGTCATTGGTTCCTGGAAAATGACGCCGATATGGCGGCCGCGGATGCCGTGCATGTCCGTCTCTTTTGCCTGAACCAGGTCGCGGCCCTTGAACAGAATTTGCCCGTCCAGAATTTTCCCCATGGGCTGGGGCAGCAGCCGGACGATGGACATGGCCGTAACGCTTTTGCCGCAGCCTGATTCCCCTACGATGCCTACGCAGGTACCTTTGGGGACGGTGAAGCTGACGCCGTCCACCGCTTTCAACAGGCCGGATTCCGTTTCGAAGCCGGTGACCAGGTTCTTGATTTCCAACAGGGGATCGCTCATGTGTTATTTTTCCGTGGCAGAAGGTTCCAGAGGGTCGCCGCTTTCCGGGATGACAGGCACAGACGGCAGCTTGCCGCCGCCATCCTTGTTATCCAGGCTTTCAATGGAGTCCATGTAGCGATACTGGTCATACACGGTATCCACTTCCTCGAATGTTTTTCCTTCCCGCTTGGCTTCCATTGTTTCCTTTTTGATATCGTTATCCACCCAGTACAGATAACTTTCCATGGGATCAAATACGACGGGATGGCAGAATTGCGTAGTTGCACTGTTCGGCCATTTGACCCAGCGCCAGTAACCCAGTCTGATGAATTCCGTGGTCCAGCAGGGAACCCACAGGGCTTCGTCATCAATTTTCTGCTGCACTTTCCACGTGGCCTTTTGGAGTTCGTCTTCCGTGGCTGCGTTTGTTTCTGCGTCCAGCAGCTTGTCCATTTCTTTGTCCGCGTAAGCGCAGATGTTATTGGTATAGGTAATAAGGCCTCCACGCTCATCATAGGCGTACCGGGAGTGGAACCCTTGCTCGTTCATCGGATGGGGGGGAGTGAATCCCCAGGCCATGAAGGAGGCCTGAGCGCGTTTTTCCATGATTTTGCGGAAAGCTACGGTGGAGTCCAGAGGGTCAAGCTGGATTTCCAGGCCGCACTTGCGCGCGTCTTCCTTCAGCTTGCCCAGAGTGGAAGCCAGGGAAGGAGATGAATTGGGGAAGGTGATGGCTGCGGTGAGCCGG
NZ_CP029703.1_gap56	2438266	2439837	1571	TTCGTCAATGTTCAGCGTGTGGAAGAACATGGCGTTATCAATGATGGCGCTGATGAGGTTGTGGGCGGATGTAATGGCGTGGAAGTCCCCTGTGAAATGCATGTTGATTTCCTCTGCCGGCGTCAGGGAGCTTTTGCCGCCTCCGGTAGCTCCGCCCTTGCGGCCGAACACCGGTCCCATGGAAGGTTGCCGGAGCGCCAGGCAGACTTTTTTGCCGATGGCCTGCAATCCCTGCGCCAAGCCGATGGAAACGGTGGTTTTGCCTTCTCCGGATGGGGTGGGAGTGATGGCGGATACCAGGATGAGTTTGCCGGGGGCTGCCGGCTTGTCCAATACGTCCAGGGAAATTTTGGCCTTGTTGCGGCCGAAGGGAATGACGTCTTTTTCATCGACGCCCAGCTTGTTGATACAGTCGGAGAATGCAGGTGTAACCATGCGCACATGATGACGGAAGCCCCCTCTTTTGGCAAGAAGGTTCATGGGCATTCCGGACCGGATGAATCAATGAGAGGGAAAGGGCCGCCTTCTTCCTGTCCCGCGACATTCCCCGGATATCCATGCAACTCCGGGAGAACCTCCGGAAATACCCGGTATGGCAGGCAGGTTACGCTAAGACGGGGGTAAGAATCAGGGTTGCGCTTTCTGTTTCCTCTCAGCCAGCACGGGACGGTAGTGGCCCGTGATGGTGTGGGAAAACAGGAAGTCTTCTTCCTGCGTTCCGGCGCCTACATTATGAATGATCAGCGGCGTGCCTTCCTCCGTTTTCCGGTCGGAAACGATGCCAATGTGGGGAATACTATCGGACAGGTTCCATGTAACCAGGTCGCCGGGCTCGTAGTCCGCCGCGTTTTCCGTAATGGGAACGGACCAACCTTTTCTGGCAAAGAAGGTACGAAGATTAGGGACCCTGCGGTGGTCAATGCTGCGGTCCGTCGTTTTCAATCCCCATATTTTAGGGTATTTGGAAAAGTGGGCCTTCATGTCCTCATGCACGGCTTTTTGAAGGTCCAGGCCGAAGGCCCTCATGGCGCGGATGACCACATCCGTGCATACTCCCGTTTCGAGGGGAACGTCTCCGTTGGGGTAGGGAATGGATTGATAGCCTCCGTTGTAGGAAACCGTTACTCCTACCTGTTCACGCGCCCTGGCCGCCAGCGCGGCGTTGTCCGCCATCAAGCATGCAGGGCAGGAAAGAAACAGGAGGATGAGAAGGGCCGCCGGTTTCATAGGGCAGATGGGGAGGGAAACGCGGAAAAATCAGACGAAGCTGGCAAAGCCGATGTCCGGCCGGCGCTGCATGCCGTGAAATTGAATCTTTTTGATTTCGTTGTGGGCACGCTGGCGCGCTTCGGAGAGGGTATCTCCCTGTGCCACGACGGCCAGGACGCGGCCGCCATTGGTTTCATAACAGTTTTTATCCGCATTCCATTTGGTGCCGGCGTGGTAAACGGAAGCATTTGAAATATCGTCCAGTCCCTGAATAGCGTCGCCGGAATGGGAGGTCTCCGGATATCCTTTGGAGGCCAGCACGCAGCAGACGCTCCAGCCGTTTTGGAAGGAAATTTCTTCCG
NZ_CP029703.1_gap57	2443841	2445084	1243	ATGAACTGGCTGCTGCCCTGGAAGCCTTGAAAAAGGAAAATCCAGGCGTCAAACTGCAGCTTGATGTGGATAAAAAAGCGGAGTTTGGCATCATTGTCGGCATTTGGGATGCGCTGACGTCTGTGGGTATTGACGCAGGTGAGGTTCCTGCCAGAATAGAAATCAACAAGCCCGGCGCACGGTAAGCGCCTTAACATATATATTATCCCCCTCCCGATGTTATTGGAAATAGCACAGTATGGAAATCCGGTATTGAAGGAAAAATGCCGCCCTGTAGAACATTTTGACGACAGCCTGAAAACCCTGGCGGAAAATATGCTGGAAACCATGTACGCAGCAGAGGGCATTGGCTTGGCGGCTCCCCAGGTGAGCATTCCCATTCAACTGGTAGTGATTGATATTCCGAAGGAGGAAGAGTCCGTCACCTGGCTTAAAGTGAACGGAGAGGACAAAGAGCTTTCCGACATCATGCCCTTGATGTTTGCCAATCCCGTTCTGGAACCTTACGGCCCCATGCATCCTTTTCATGAAGGCTGCCTGAGCGTGATGAAAATACGCGCTTCCGTCGTGAGGCCGGATTTTGTCAAGGCTACGGTGCTTCTGATTGACGGAAGAGAAATAACGATTGACTGCAACGGCCTTCTGGCCAGATGCCTGCAACATGAATGCGACCATTTGAACGGCATCCTTTTTGTGGAGCGCGTTTCTTCCGCACAGAAGATTACCCTGCGCAACAAATTGAAGCGTCTGGCATTGGGATATTAGCTTTCCGTGACATCCCTCAGGCCCTTTATGGCAGCCAAAGGAGGGGGGAGCAAAGAAGACCGCATTCCGGAACCGCAAAGTTTTTACAGCCGGGAACCGTCCCGTGATGTTCCCGGCAGACTATAATCCACCCGGATTCGCAGTATTCGGAAGAGAAGAGGTCAGGACGCTTTTTCCGGATCCGGCTGAACCGGTTTTCCGGATTCCCTTTTGACGCGTATTTGCAAATCCGCCAAAGCGTTCATGTAGTAAATGTACGCGTCAAAGGCGGATGCATACGGCGTGAAGGAGTTTTCCTTCTGCATGTAGTGGAAGTGGTCCGCGCTCTGCAGTTTGCGCCAAACGTGGGTGAGATCCTTGTCATGGGCTGCCTTGACCGGTTTTTCCAGACGGTAGATTTTGCGGAGGGCTTCATCCTGCATGACGTTGCCATTCCAATGGGACATGGTTCCAAAAGTGGAGCAGGTCATTTCCTGGG
NZ_CP029703.1_gap58	2447809	2451774	3965	GAGGAGCAAAAGGTGGATTTTTACGATGTTGCTACGGATGAGCCCTTGCTGACGGATGAGGGCGGATTCGGCCGAGAGAGCAAGGACTGGACTGGAGACGCCCGGGTATGGATACGGAAAAATCTCCAGGAAACGGAGCATTTTTTCGGGCTTGGGGACAAGCCGTGCGCCTTGAACCTGAGGGGCAAGTATTTCTCCATGTGGGGAGCGGACCATTATGATTTCCATGAGGAATCGGATCCCCTTTACAAAAGTATTCCCTTTTTCCTCAGTTTGCGGGAAAGGAAAGCGTACGGCCTGTTGTTTGACAACACGTGCCGTTCGTATTTCGACTTCGGAGCTACGGATGAAAAGGTTCTTTCCTTCGGGTCCTTCGGGGGCCTGATGAATTATTATTTCATTTACGACAACACTCCTCTGGACATCATCTCCGCTTATACGCGCCTTACCGGTACCCCTGAATTGCCGCCTTTGTGGGCGCTGGGGTACCACCAGTCCAAGTGGAGCTATTATCCGGACAAGGCCGTATACAATCTGGTGGAGCGTTTCCGGGGCCTGGGCATTCCGTGCGATGCCGTGCATCTGGACCATCATTACATGGAACGGAAGGAGGGATTTACCTGGGACAAACAGAATTTTCCCGACGCGGAAGGAATGGTCCGCGCCCTGGAGAAGGACGGTGTGAAGACGGTTCTGATTGTCAATCCCGGCGTGAAGGTCAATCCCGCCAATCCGGTCTGGAAAGAGGGGATGGAACGCAATTATTTCTGCCGCCGGTCGGAAGGCAATTTATTGTCGGAAGAAGTATGGCCGGGACTTTGCAATTTCCCGGATTTTACGGCTCCCGCCGTACGCGGCTGGTGGGCGGATCTGTTCAGCAGGGATATTGGGAAAATTGGCGTGCGCGGCCTCTGGAACGACATGAACGAACCTGTCGTTTTTCCGGACCGCACTTTCCCGATGGATACGCGGCATGAATATGACGGCATGCCCTGTTCCCATGAAAAGGCCCATAATATTTACGGGCAGTGCATGGCGGAAGCCTCCTGGCTGGGCATGAAGCGTCACGCTCCGGACCGGCGTCCCTTCCTGCTGTCCCGATCCGGTTTTGCCGGATTGCAGCGCTTTGCCGCCACATGGACAGGGGACAACCGGTCCAGCTGGGAACATTTGAAGCTGGCCAATTTCCAGTGCCAGCGGCTTGCGGCTTCCGGCATTTCCTTTGCGGGAGCGGATGCTGGGGGATTCATGGGGCATCCCACGCCGGAATTGTTTTGCCGCTGGATGCAGATGGCTTCTTTCCACGGTTTTTTCCGCAATCATTCCTCCGGGGAGTTCGGCGGTCAGGAGCCATGGGTTTTTGGGCAGGAAGTCACCTCTTACGTGAAAGCCGCCATAGAGGGCCGCTACCGCCTGCTTCCCTATATCTACACGCAGTTCCGCCGGTACGCGGAGACGGGCATGCCCGTGCTGCGCTCCCTGGCCCTGCAATGTTTTACCAACAAGGACACCTACTGGCGGGGGGCGGAGTATTTCTTCGGAGACCATCTGTACGTCATTCCCATTCATGAGCCGCAGGAAGGCGGGCGGTTTCTCTACATTCCGGAGGGCGTCTGGTATTCCTACCACACGGACAGCCTGATGGAGGACACAGGAAAGGATGTATGGGTGAAGTGCCCCCTTTCTTTCCTGCCCGTGTATGTCCGCGGAGGGGCGGTAATTCCCCATTGGCCGGTACAGCAATACGTGGGAGAACTGCCTCGGCCGCCGCTGACGCTGGATGTATGGTGGGCGCCGGAAGGGGAGGTGGCCTCCCATTTGTATGAAGATGCAGGGGACGGATATGCATACCGGAACGGAGAATGCGCCGTGCATGATTTCCTTTACCGCGGCGGCTCCAATTCCCTGGAGCTGGATTGGAACTGCGAAGGGGATCCCTGTGTGTTCCATGAGTCCGCAGAGGTGGTTTTGCACGGTTTGCCTGCGGGTATTTCCGTCAGTGCATGCATGGACGGCGTGCCGTGCTGCGGCGTGATGAGGGAAGGAAGGGTGTGGAAAATACCGGTGAAGGATAAATTTGACACGCTTTCCGTCTGCTGGCCGGAGGAATAATGTTCTTCCATTAAGGGATGAGGCGTCCGGAGGAACTGTCATGGAAGGTGGAAACTGCGCCTGACCGTATCCCTCTTCAGTTTCAGTTCCCGCCATTCATGCGTCAGGGTGGAGGAGGCCACTACGCCGCCCCCGGTGCAGAGTGCGAGCCTCTGCCCCTGCCAGTACAGGGAGCGGATGCCTACCAGGCAGAAAAAGTCTCCATCTTCCAGAAACCCGAACGGGGCGCCGAAGTGAAGCGGACAGCGGAGACGTGAACGCCAGTCGTCCAGCTGGGCGAGCGTGTTTTCCGTGCGGGGCTGGGAACCCAGGGCGGGGGTGGGGTGGAGCAGCCGTATCCAGTGGGCCGGAGTATGCTGTTCGTCCGATTCCAGTGTGAGGTAAGTGACGAAGTGGATCAGGGTGCCCAGGTTCAGCACGCTGCGTGCCGTTCTGGTGACGCTGCCGAAGGGGGACAGGCGGGAAAGAATGCTGCCCGCCACGATTTCATGCTCGCGGATTTCCTTGTCGTCGTTGATGAAAACCCCTTCATCCTCCGGACGGGCCGTTCCTGCCAGGGCCATTGTCTTTAGGCTGCGGCCCTGCTGGTGGAACAGTGTTTCCGGAGTGATTCCGCAGAATCCTTCCCGTTCCGTCCACCAGGCGTAGGGATAATGGGACGGAGAGCTGCTGATGGCCCGCAGGATGAGTTCCCGGGGTGTGTGGGGGAGCAGCATTTCCCCGAACTGGGGGATCGCCGGAACGCTTTTCATCAATTGCCCGGCAGCGATTTGCTCCATCATTTCCGCAAAAACCTGCGCGTATGCGTCTGGAGACGGTTCCGTCCACCGGATTTCCGGAGCAGGCGGGGGGGGATTTTCCTCCGCCGGGAGAGCATGAAGGGCTGCCGGTATTTTCCATGGCTGCGGGTCGTCCAGCCGGAATGTATCAATATAAAAGGCGGGGCCGGAATCCGGCGGTTCCGCTGATTCCCGGAAAGGCCCGGTTCCGAGAAGAAGGCCGCGGGAAGGGTGCTTGATCAGGGCTCCGGAAGTCAGCGTTTTTATGTCCATGCGCAATTCATGTTAAAATGCCGCCGCCGGAAATTCCAGCTATTTGAATGTTTGTGAAGTGCGGAAGAAACGGGAATGACGGTTCAATGGGCGCCTCCGTTTTTCCAGAATGTCCCATGGATGGCATGGACCTGAAAAAGGGCATTCCCCTTCGTTTTCCTCCTCCGTTGAAAAAGCAGGGGATGACGGCCTTCCCCTGCCCGGAGCCTGTAACGGAGAGAAACTCCGCCCCTGTTTCCTGGAGCCGTGCGCCATGTCACGTGCGTTCCCCTTTTGAATTGACGGGAAAAAGCACTCAAGTAAGCTTTAAAGAGCTTCCAACCCTATGCAGATAATGAACAGACCAGCACCATCAGTCCCCACCGCCGATATTCCGGTAGAGGCCATGCTGGCAGAGGTGCGGAAGCCGCTGGGACCCGTTTGGTGGAGCGTGTTTCTCGCCAGCGCATTGCTGGCGGCGTGGGGCATAGGGTGGAGTTCCTGGCGCATTGCCGCAGAGGGTGTGGGCGTGCTGGGGGTGAATAATAACGTGGTGTGGGGGCTGGACATCGTGCATTTTGTTTTCTGGATAGGCCTGGGGCATGCGGGCACCCTGATTTCCGCCGTCCTGCTGCTGACGCGCCAGTCATGGAGAAGCCCGATTGCGCGCGGAGCGGAACAGATGACCCTGTGCGCGGTTATCTGCGCCGCCGTTTTCCCTGTGGTGCACGTAGGGCGTGTCTGGATGGCGTGGATGGCTTCCCCGTTGCCGGAAGTGAGCGGAATTTGGCCAGACATGGCCTCTCCTTTGATGTGGGATGT
NZ_CP029703.1_gap59	2618998	2619932	934	AGGGGCTCATCCTGACGCCCGTCAAACTGAACCATCTGGTCATTCTGGCGGACTGGTGGCATCTGCACCGGACTGGCGCTTTCCTGATCAATGAACGGGTGGAAGCCTGGCCTTCCGGTCCGGTACTTCCTTCCATTTATCATGAATACAAGGATCAGCCGCCCTACTCTTCCATAGAGCATCCCAGCCGCCGCCAGCCCCCTTTGGAGGAGGAAACGGACATTATCCCCTTTCTGGAGCATATCTGGAACGTCTATGGCAAATATACGGCCCAGCAGCTCGGACGCATCAACACCGCCCCGTCCTCCCCATGGAAGCAGTCCCAGGGCAGGCATGAACAGGCGCACCGCCAGCAAATCACGGAGGAGCACGTACTGGCGTACTTTAAAAGCCTGGCCGGATAATTCCGGAAAAAACAGCCTGCCGCTTACCTGTACAGCCTTTTTCCAATCAAAACATATCTTTGAGTAAAAAAAAACTTGCAAAAAACGGCATCTTCCGCTTTAATGCGCCCGCGCCGCAGAAGCGCCCGTTACATAGCCCTATAGTGTAATCGGTAACACAGCGGATTCTGGTTCCGTATTTTGGGGTTCGAGTCCTCATAGGGCTACCACTTCTAATAAAAAGGCCGTCTCTCCGGAGGCGGTCTTTTTATTTTCTTTCTATTACCGATTCCGCGCCGGACAACAAGGAGACGGCAAAAAATCTGGAAGCAAAAGATGATTCTTTGACAGAATCTGTTTCCTCCCCGTTTATATTGGAAATATGGCACGGCCCTTACCCATTCTCGGCGGCATTCTGCTCTCCTTCTCCCCTCCGGCAGAAGCAACAGCCCAATACAGCATTATCCCAGAGCCGTCCAGAACGGAATTCAGGCAGGAAACAGCTAAAACTTTACAGCTTCTTTCCGACCAGGAGGCTCCGTCCCTGGGAA
NZ_CP029703.1_gap60	2621198	2624225	3027	GCACTCAGGGGAATGAACCGGCCTTCCGCTGGGAAAACAACAAGTAATTTCACCGTTTTTCCTTATCACGCATCCCTTACCATGGTAGAATCTTTTCCGAAACAGTTCTTCATGATGTTTAAACTGCCCCTCATCCTGGCCTGCGCCATTTTTTCCGCCCACATGGCATGTGCCGCCGCAGCGGACAAATACAGCGTTATCCCTGAACCGGAAAAAACGGAGCTGCAGCACAACAGTACCAGAACCTTGAAACTTCTTTCCGACCAGGAAGTTCCGACCCTGGGAACGGACGCCTACCGGCTCACAGTCACCCCGCAGGGGGCGCACCTTGCTTCCGGAGGAAGGGAAGGCAGAATTTACGGGCTGGCAACCCTCCGCCAGCTCCGGGACCAGCTGGCGGGACAGCCGGAGGGCATCCCCTGCGGCGTCATCACGGACAAGCCGCGCTATCCGTGGCGCGGCCTCATGGTAGATCCCGCACGCTTTTTCATCCCCACGGCCGATCTGAAAAAATTTGTGGATATGATGGCTTACTACAAATTCAACAAGCTCCAGATCCACTTGACGGACGACCAGGGGTGGCGTCTTCCGGTGCCCGGCTACCCCAAACTCAAAAGCATCTCCTCCAAACGGAAAGAAAGCATGCGCAACGGAATTCCCCATGAAGGGATGTACACCAAACAGGAACTGAAGGAGCTGGTGGCGTACTGCGCAGCACGCGGCATTGAGGTCATCCCTGAAATAGACGTGCCGGGGCACAACCAAGCCCTGGCGGCAGCCTACCCGGAATTCTTCTGCTTCCCGAACCCGGATACGAAAGTGAAGACCGATGAAGGCGTCACCCTCCACCTCATTTGCCCGCACAAACCGGAAGTCTGGAAATTTTATGCCGCTGTTTTCAAGGAACTCAAAGATATTTTCCCGTCCGGCATCGTCCATCTGGGCGGCGATGAAGCACCCCTGGAAAAAACCTGGGCCAAATGCCCCCTCAGCATCCAGTACCGGGAGCAAAAAGGCATGAAGGACGTCCACGAGGAATTGAAGGAATTCATCAAAAAAATGTCCTCCATGCTGGCTGGTCACGGCAAGCGCATCCAACTATGGTATGAAAAACCGTGGGCCAGGACCAACATTTACAACAAAGGAGACACCGTCTTCACCTGGCGCATGGGACTGACACCGTCCACCATCACGGAGACGAAAAAGCAGGGGCTCTCCCTGATCATTGCTGCCGGGGAACACTGCTACCTGGACTATCCGCAACTTCCAGGGCAAAGCAACCGGGGATGGATGCCCACCACCACGCTGGAGCAAAGCTACAGGCTGGACCCCGCCTACGGCAGACCAGAAAAGGAAACAAACCATATCACCGGCGTTCAGGGCACCGTGTGGGGAGAACATCTCCCTACCCTGAACCACATTCTCTACCGCGCCTATCCGCGTGCCTGCGCCATTGCGGAAGCCGGCTGGTCACCAATGAGCGTGCGCTCCTGGGAAAACTTCCGGCGCAGACTGGCCGACCACCGTCAATTCATCCTCAAACGCTTCAATTATGATATGGAGCGCACCAAAGAAAACGAACCGCCTTTCAAATAATCCGCACTCTCTTTCCCATGAGCAACATCAAATTTGCACGTCCGCACCGCCCTTCCGTAGAAGAACTGGCCCAGGGAGTACTGGCCGGAAACCGCGCCCTGCTGGGAAGGGCCATTACACTGATAGAAAGCAATGCCGTCCGGGACCAGGAATCTTCCCGCGCCCTCATCTCCAGGCTCCTTCCCCATTCGGGCAATGCCGTCCGCATCGGCATTACGGGCGTTCCGGGCGCCGGGAAATCCTCTTTCATTGAAGCCTTCGGCACTTACCTATGCAAAAAAGGGTTCAAGGTGGCTGTGCTGGCTATTGACCCGTCTTCTTCAGTCTCCCGAGGTTCCATTATGGGAGACAAAACACGCATGGAGGAACTCTCCGGAGAGGAAAACGCCTTCATCCGCCCTTCCCCCTCCGGCGGCTCTTTGGGCGGCGTAGCCCGGAAAACGCGTGAAACCATGATTGCATGCGAAGCCGCGGGCTTTGACATTATTCTCATTGAAACCGTGGGGGTCGGCCAGTCGGAAACTACGGTACGCTCCATGGTGGACATTTTCATGCTCCTGCTCATCACCGGAGCCGGGGACGATCTCCAGGGCATCAAGCGGGGCATCATGGAACTGGCGGATATCCTGGTAGTTACCAAGGATGACGGCGACAACCGCCAGCGCGCCGCAGCCCACTGCCAGGAACTGAAAATGGTACTCCACTACCTGCAAAGCCCCACTCCCGGCTGGACGCCCTCCGTCCTCACCTGTTCCTCCCTGGAGGGACGCGGCCTGGACACCATTGAAGAGACGCTCTTCCGCTTCCGGGACAGCATGAAGGAATCCGGATTCTGGTACAGCCGCCGCCGGAGCCAGTCCCTTTCATGGGTCCAGTCCCTGGTGCATGAAGCCCTGCTCACCGCCTTTGAACAGCACCCCGCCGTAGCGTCCCGCATGCCCATTCTGGAAAACATGGTGGCGGGGGACAAAATGGACCCCGTTTCCGCCGCACATGACCTGCTGAGCCACTTCACTTATCCCGCGCCCGGACATTAAAGAAATCTTCCAGGACCCTGGCGTAAACTTTCTTTTTAAACTCCGGCAGCCACTCCAGCTTAAATTCGGCTGGGGCTATCCACTTGTAATCGCAAAACTCCCGGTCATCCAGGACGGGTTCCGGAGCATCCGCATGCAGCCGGCACAGGAAATACTCCTGCGCCTGCCCAACAAAAGGCTGCCGCCGCTTTTCACGAACATACTCCAGCACCTCCGGCGGATAATCGTAACGATACCCCTTCCGGGATTCCACAATATCATACTGGGACGGCAAAAACCCCACTTCCTCCCCAATCTCGCGCCGCACGGCTTCCAAAGCCGTTTCCCCCGGGTCAATTCCGCCCTGGGGAAACTGCCAGGCCCCTTTCTGCCCGGAACGCTCGCAAATCAACAA
NZ_CP029703.1_gap61	2640011	2642583	2572	GTGCAGGCGATGCTGAACGTCAAGTTCGGCCGTTGGAAGAACATCACCCCCCAGGCGGCGGACATTGCCCTGGGCTACTACGGCCGCACCTCGGCTCCCGTGGACCCGGAAGTGCAGAAACTCTGCGCGGAAAAGATGGGCAAGGAGCCGATCACCTGCCGTCCGGCGGACCTGATCAAGCCCGGCATGGAAGACCTGCGCAAGAAGCTTGCGGAAAAGGGGCTCCCCACGGACGACGAACACTGCGTCATCTACGCCATGTTCCCGCAGCAGGTGGAAGACTTCTACAAAAAGCCGGAACCTAAGGAAGAAGCCCCCGTACAGGTAAACACCGCTCCTGCCGCAACGCCTGCGTCTGCCGCGCCGTCCATGACCGTCATTGACAACGGAATCACCGCCCGGGTAAGCGGCCCTTCCGGTTCCCGTGACCTGACCATCATCATCAACGGCCAGGCCCACTCCGTGAAAGTGGAACGCATCGGCTAAAATCTCCGAAGCATCTGCTCAAACCGTTTGCGGGCAGCCCCTCCATAAAGGGACTGCCCGCTTTACTGTTTATTGAGAAACGGCGTTTTCGTCACAGCTCCCGTTATTCCTAAAAACCAGCATCTTTCCGGCCAGTGTCTGGCTGAGAGGCTTTGCCGGAATACTTTTGATGGAACCGGACTTGATGGGGAATGGAAGAGGGTACTCACATTTACAGGAAGTATCTGTATTCGTTTTGCACTGAACATAATTCAATCCCTCAATGGGAATGGAAAAAGAATAAGAGGCGGCAGGAATTTTACCCCAATACTGTTCTTCCACATCCTTGATGGCTTTGTTGCTTTCCTCCAATTGGCTCAAGTTAAAAACATGATCCTTTCCCCAATGACAGGCAACTGCGGTTCCGTCTACTTCCCAGACGTTCAGTAAAACGCACCAATGAGCGTGAATTCCTGAATGATCGGGTTTGCCAGAGGCATCCACGCAAAAAGGAACCATGCAGAGGCCTCCGCCATTCAGCGTTTCAATGATGGAAGTGACGTCACAGGCAACAGACTGACACTTGATTTTGGACGGGGCCAGCTTCTCTATATAAGTGGCCATGTCTGGAGTGGCATCATATAATTCTCCAATAACGGTTTTCCCGTCCTTTTTGAACTTGTTCCTCAGGGACTCACTAGTCTTGTCCCCGTCTGCCGTGGCGGGGATTTTAATATCATAAAGATATTCTAGGACAAAGGACAAGGCGTAGAGACCGCAGGTCGGCCCCCGCTGGTCCTTGAATTCAACGTTCCGGCCTTCCGGATTGGTAACTGTAATAGACATAATTCAATAATGATGGCGTGGGGATTCATTTCCCGCACGCCATCATCACATCACCGGAACGCGCTTGACGCACGCTCCGCCATGCCTCCGACCATGTTTACTTTCCGGAACATCGCATTCCTCCTCTCGGAAGGGAAATGCTTAGGAAACTTAACTTTCCCAGAAAGCCGCCCTTTTAATATCGGGAATGAAGAAGATGAAAGTTATTCCCCCGCCTGCCTCATCAGGGAAAATTCCCGCCTGGTAGTGCGCCTTACGCGCCAGAGCAGCAGCACCGCCGCTACTGCCAGGCCGATGATGAATCCCGTCCAGATGCCCCGCGCTCCCATGGCCGGGACAATCCAGTCCGTACGGGCAAGGATGTAGCACGCCGGAAATCCTACCATCCAATAAGAGAAAAACGTAATGAAGGTAATGGACGCCGTGTCCCGGAATCCTCTCAGAACCCCGACGGAAAGCACCTGTAAACAGTCCGGAAGCTGGTAGGCCGCCGCCAGAACCAGCAGGACGGAAGCCGTGCTGACAATCAGCTCCGAGTCATTGTACAGGTGCACGATCTGCTCGCGGAACAGGGTGATGCCTCCAAAGGTGCACAGACAGATGGTGAGCACCAGCACGTAGGAAGACAGAATGGCGGATCTGGTGCCTGCCAGGTCATTCTTTCCGTGATGGTACGCCACGCGGATGGAAGCCGCCAGCCCTACGGAAAGCGGGAGCATGAACACCAGGCCGCCCACGTTCCCGGCAATCTGGTGGCTAGCCACCTGCGTCTCTCCCAGCGGAGCCAGCACCAGAGCCGCCGCGCAGAAGAGCATCACCTCGCACAGCTGGGAAACGCCTATAGGCACGCCCAGCCGCACCAGGTGCGTGATGACGGAAGGCGTAGGCCGCCGCCAGGAAATGATGTGCCTGCGGTACGGCCTGTGCTTGGGATTGAAGTAAACCAGCAGGAACATCAGCAGGAATTCAATGTAGAAAATGACTGCCGTGGCCGCACCGCACCCCGCTCCACCCATGCGGGGAAAACCGTACATGCCAAAGACGAACATGTAGTTCAGGGGAATGTTGAGCAACAGGCCGCACAATCCCACGTACATGGCGGGACGTGTCATGTTGGAGCCTTCGTTCAGGCTCTTCAGGGCCACGAACCCCAGGTTGGCGGGAAGGCCCCACATAATGGCGAACATGTAGGCGGAGGCCATCTGGCACATGGCGGCGTCATCGGAAATCCAGCCGAACACATTTCTCAACACATAAATGA
NZ_CP029703.1_gap62	2660362	2663067	2705	CGCCTTCCCGGTGTCCCTGGAAATAGCCCGCTTCCTCAAAGGCGGCGCGGGGAACCACCAGAACCTGTTCTCCATGGTAACGTGACATGGAAACACCCTACCCGTTTTCATCCCGCGCTCAACAAAAAAGGCGCTGAAACGGCAAATTTGCCCCTTCCTTCAGGAAGGCGCGGGCTGCCCCTCCGCATCAGGAGACATCCTTCACTTCCACGCCATGATTCCGGAACCTGCGCATGATGCTTTCCAGCTGTTCCGCATCCATGAGATGGAGCGGCAGCCACAGCACCAGCTTCTTGCCGAACAGGAACAGCAGCGCGTGGCGCGTCCTGCACAACGTGGAAAAACGGTCGTAGGGAATATTCATGGGGTCAACGCCCTTGCTGGAGAACGTCAGGTAATCCTCATGAAAAACGTAATCCTTTTCCTGATGGTACATGGGCACCTTTTTATTGGCGGCCAGAGCGGCCTTTGCCAGAAAGGGGACGTAAAACCAGGACAGGATAATCGCCATCAGCGCCCCGGCCAGGGACAGCCAGGCAAATAAGGGCAGTGGGCGCAGGGAAAAGGAATACAGCGCCATCAATACAAAAAAGGCCGTAATGGCCAGGTCCAGCGGCTTTTTCCACCTGGGGCGCACCGCATGGTACCATGCCACCAGCACCTGGGTTGCCAGGCGGTCGGAAGGTACGGGCTTGACGAGTTTGATGACTTCTGAATCCTGCATCATGGCGGCAGGGTATCTTCATTCCCGCTGAAGAAAAAGCCTAAAAGCAGGCTCTTCCGCCGCCATTGTGTCAAAAAAGCCCCTCCGGAAAGGTATCTTCCCCCTTTTTCCCGCCTCCCATTCACGGGGGAAAGCCTCCTTCCCCCGTATGCAGGCCAGAATTTCCTTGATAATCATGCCTCCCTTCATAGAATAAAAAACCAAAAGCCTTCAGAAGACCCGGTGGCAGACAATCTTCAAATTCACGTACGCACGTTCCAGCCCTCAACCACTCAGGCACAGGCTCTGGAAACCCTGACGGATTCCATGGCGGAAGTCCTTGACGACCGACAGCTAAGACACATCAAGAATGCGGTTCTTCTGCGTGAGGAAACGCAGACCACCTATCTGGATCACGGCCTGGCCGTCCCCCACGGACGCACCAGCGCGCTGGATTCCATGCAGGTCACCGTAGGCATCAGCCCAGAGGGCGTCCTCTGGCCGGACGATTCCCGCAACGCTCATCTCATTGTGATGCTGGGCGTGCCCGCCGCCATGGTGACCGGCTACCTGACCACCATGCAGAAATTGCTGCGGTGGCATAAAAACGCCCCCCTGGGCCCCAATGGGGAATGGACGGGAGATGAAGCCAGTCTCCTGGCGTCCCTTCAACAAGCCCTGCAATGACGGACAAGAAAAACCAGCCTGCGGAAAAGACGCGCCTTTCCTGGTCATGGCTGCGCATGGCGTTGAGCCTGCGTGAAAAAATCAAGCTGGGGGACAAGCAGGTCATCTTCATCTGGGCGGTCGTCGTCGGAGCGCTGGGTGCCCTGATGGCCCTTGTCTTTGAAATGGGCGTGGAACTGGTGCAGGACGTCCTGACGGGGCGGACCAGCTACAGGCAAATTCAGGTCTTTCAGGAAATGGCCAGCCAGGACCCGGCCTGGTGCATCTTCGTTCCGGCGGCGGGCGGCCTTTTGGCGGGGCTTACGCTTCTCTTCACCCACCGCTTTGTGCCGGCCAAGGCGACGGAATACATGGAAGCCGTGGCGCTGGGCAATGGATACGTGCCTCCCAAGCCCAGCCTTCTGCGTTCCCTGTCCGCCGTTTTCTCCGTAGGTTCCGGCGCATCCATCGGCCGTGAAGGCCCGCTGGTGCAGGCCGCCGCCGTAGCGGGCTCCGCCCTGGGGCGTTTCTTCCACCTCTCAGCTCCCCGCCTGCGCCTGGTAGTGGCCTGCGCCGCCGCCTCCGGCATGTCCTCCGCCTTCCATACGCCCCTGGCGGGCGGTCTGTTCGTAAGTGAAATCGTTCTGGGCGCGCTGACTATTGATTTCCTGGCTCCCCTGCTGGTTGCCAGCTGCGCGGGGTACTTTACCATGGGCCTGTTCCATGAACCCGCCCCCATCTACCAGCTCCAGCAGGAAGTTTCTCTGGCGGGCAACCAGCATGTGCTCTGGTGCGTGCTGCTGGGAGCCCTGGCCTCCCTGGTCGCCAGTTTCTGGCTCCTCATCCTCAAAAAATCGCGCCGGTACCTGAACGGCAAGCGCCAATGGCTGCCCGTGCGCCTGACGGCGGCAGGCGTGCTGGTGGGAGCCATCGCCATCTTTTACCCGGAAATCGTAGGGAACGGCAAAAATATCATCACCTCCCTCATTCATTATGAATTTGACGCCGCGAGAGCCGCCGTCCTGCTATTCCTGAAAATATTCACCGTCGCCATCGTCTTCGGCGTGGGAACCGTGGGGGGCGCCCTGACCCCCAGCCTGACTATCGGGAGCGTCTGCGGCTTCCTGTTCAGCGCGGCTCTTACCCAGCTGGGGGTGCCCGGGGACCATGCCATCGCCTATTCCCTGGTGGGCATGGCCGCCTTTTTCACTACAGCCGCGAACGCCCCGATCACCTCCCTGGTGCTGGTGGTGGAATTCACCATGGCCGGGCAAATGATGTTCCCCCTGATCATCGGCGTGCTGGTTTCCTACGGAATGGCCAGGCTCACCAAAGC
NZ_CP029703.1_gap63	2664076	2668160	4084	AAGGTTTTCGAAAATAACTGTCTTAAAATAATTTTTCCTGAAGAATGCAACGATCCATTTGAATTCTTATTTCAGAACTCCCCTTGTTATTCCAATAAAATAGACGGCTTACGTTATTCTTATGGATTTCTAAGTTTTACAGGAAAATACACTTCGCCACCCATGTGGGGACATTATGCTGATAAGCATAAAGGCTGCTGCGTACATTTTAGATTTCCCTCCTTACCCGAACAAGAAACGGAGGATAAATTAGAAAAAAATCATAAATATAAATACAGAAAATTATTATTCGAACCGAAAGGAGACTGCCTTACTATAGATTTATTAAGATCACATAACAAAGAGTCTAAAGAAACAAAAAATACTATATTATGGAATGTCATCTATTCCACAGAAAGGGTAAAATACAATGTTTTAATGTACAATTCATTCAAAGATAACGAAAAAAGATTATCTCGCATAATAAATAAAGCATTTCTTGTAAAAGACATATCATGGCAATATGAAGATGAAAAGAGAATCATCATACCAACTACAAAACCACAAAAAGTAAAAAACAATATGGTATTCACGGAAGATTTCAATAAATATATATCCAGCGTCATTTTAGGGATGAAATGCCCCGCTTCGGTCGGCCTAACATTATCTCTAATAAATTATCACAATAAAGGGGAAAAAATTATTCGTGTCCATAAAGCCGAACCTACAGACACTACATTTGAAATTATTTCCCACGAGCACGAAGCTTTTTTAAAAGAGCTTAAGAACAGTGGAGAATAGCACTCTTTCCCTCTCCCCAGTTAAACACCATCTGTAGCAAGCCGGGGTACCTGATTCGGAATCTTTTGAAAAATATCCCACAAAAAACCGCACTAAAAATCAAACTTCATTTACACATCATCCGTAACAGACTTGTTCCACTTGTTCCTGCGCATCCTGAAAATCCGCCTTCGGCCTCTCCAGCACGTCATTTATTCATCTATTCTGCTTCCTTCAAAGGGTAAATTTCCCATTCTTCGTGTCTGCAGCGTCCAGCCTTCCTTTCACGCCCTAATCCGGGCATGACCTCCGGGGAACGACGCATCCGGGGCTCCGTTCATGAGAAAACACGGGGCAAAGACATGCATTCCCCGGCAAATTGCCCTGCCGCCGTCCCGGAACATGAATCCGGCTTCTTCCGCAATCCTCTGCCCGGAAGTCCTCCGGAAAAATTTGCTCCTTCCAGGAAACGCGGACAAGCCTGGAAATGCATTTTTTTCACCCTCTTTTTTCATAATAGGGGTCAGGTTAAAAATAACAACAAACTTGCATTTCAGACCTTTTCCGGTACGCTTCCGGCATGAGCCGCACCCTGAGAATAGAATACCCCGGAGCAGTCTATCACGTGCAGAGCGAGGGCAACCGCGGAGATGCCATTTACCTGGATGACGAAGACAGGGAAACTTTTTTGCGAACTTTTCAGGAGGCAGCCCGCAGAAGCGGCTGGACCGTGTACGCCTACGCCCTGATGGCCAATCACTACCACATTCTTTTCCAAACCGCGCGCGCCAATCTGGTAGATGGCATGAAATGGCTCCAGACTGCCTATACCCAGCGTTTTAACGCACGCCACCGAATGCGGGGTCATCTGTTTGCGGGCAGATACCACGCCATGGTGGTGGAAGCGGATAACGCCCACTATTTTTCAACCATCATTGACTACATCCACCTGAATCCGGCCCGGTCCGGCCTGGCGCGACGCCACACGTTCCTTTCCGGCTGCAAATGGACGAGCCTGCCCGCATGGCTGGCCTCTCCCGCCAAAAGGCCCAAATGGATTCATCCGGAACGCGGCCTCGTCTGCTTCGGCTGCGACGACACGGAAGACGGCCGCCAAAAATACCTCAACCATCTGATGGGCCGTTTTGAAGCGGAACGCATGGATGAACGCTCCCTGCTGCCCGCCGGCCACGTTGGCCCCGGCACCGTCCAGCGGGGCTGGTGCTACGGCTCCAGCGCCTTCCGCGCCAAGCTGGTGGGGGAACTTCCCCGTCTGGCGCGCAGAAAGCCCGTCACGACGGGCATGCGAGCGTCGGAAATTGGGGAGCACCAAGCGGAAATTATCGTAAAAAACGGTCTGAAGGCCTTTGGCCTCTCGGAGGAGGAGCTGCTTGTCACGCCTTACAGCCACCCGTCCAAGCTCATCATCGCCCTAGCCGTCCGGCAAAGTACGCTGGTACCGTATGCATGGATCAGCAACCGGCTGCACATGGGCATTCCCAAATCCATGGGAACCTTGCTCCACCGGGCAAAAAAAATGGCGGAAACGGATTTGAAAACGAGGGCGTGGATCGAGCGCCTGAGCTCCTGACCTCCGTTCCTCCCACGGAATAATTTGAAAAAATTTCCTCCCTCCACAAGGATGCGCCGGGCATGAAACCGTCCTCCCGCGGCAGGAAGCACTCAAGGTCAGCCCCTTCTCCGGCGCATCATCATGCAGGCCAGCCCAAGCAATCCCACGGATGCCGCAGCCGGTTCCGGAACTACTGAAAAAGCCATGGAGGCAATTCCGGCCTTCTGCCTCCAATGCAGAAATCAAGATGGCTCCCACCCATCGTTGTTTGTAACACTCCAGCTCTGCCGCCTTGTCTGTTCCTGATAATTTTTCCTTTGTCATCCATTCTTCATGGACACCGGATTCAAAATCCGCCTTACGGAAACAGGAACCCGAATAACCGCATACAAACTCCATGTCCCGGCATCCGGAACACGCAGTTCTGGCAGGCGTCAATCAGCAAGAACAGGGTCAGTTTACAAATCACAACATATAAACATATTTTCTATTTTCTTACTGACCCCTGAAGGCCGCCAGGGAAAAAAATGATTGCCAGTCCGCTTCGCGGAATGATAAACGGAAGGCGCGTGCGAAAAACTGCGCGTAAAGCGTCAACCCAAATACAACAACAGAAAAGATGGCACAGACATATTCCCAGCGCGTGCTCGACTTGGTGAAGGCCAAGCATAGCCACGAAAAAGAATTCATCCAGGCCGTTCAGGAAGTGCTCAGCACGATCGAACCGGTTTTGGCCGCGAATTCCAAGTATGAAGACCACGCGATTCTGGAACGGATCGTGGAACCGGAAAGAACCATCCTGTTCCGCGTGCCGTGGATCGATGACCAGGGCAAGGTTCAGGTGAACCGCGGGTACCGTGTGGAATTCAACAGCGCCATCGGACCGTACAAGGGCGGCCTCCGCTTCCATCCCAGCGTCAACCTCGGCATCCTGAAGTTTCTGGGTTTTGAACAGGTTTTCAAAAACTCCCTCACCACCCTCCCCATGGGCGGCGGCAAGGGCGGTTCCGACTTCGACCCCAAGGGCAAGAGCGATAATGAAGTGATGCGCTTCTGCCAGAGCTTTATGACGGAGCTTCAGCGCCACATCGGCGCGGATACGGACGTTCCCGCGGGGGATATCGGCGTGGGCGGCCGCGAAATCGGCTACCTGTTCGGACAATACAAGAGAATCCGCAACGAATTCACCGGCGTTCTCACCGGCAAGAGCCTGAACTGGGGCGGCTCCCTCATCCGCCCGGAAGCCACTGGCTACGGTTGCGTATACTTCGCCCAGAACATGCTCGCCACCCGCAACGACGACTTGCAGGGCAAAGTCTGCCTGGTGTCCGGTTCCGGCAATGTGGCCCAGTACACCGTGGAAAAACTTAACGAACTGGGCGCGAAAGCGGTCACGATGTCCGACTCCAACGGCTATATTTACGATCCGGACGGCATTTCCCCGGAAAAGCTGGCCTGGGTCATGGAACTCAAGAACAAGCGCCGCGGACGCATTGCGGAATACGTGAAGCAGTTCCCGAAAGCCCAGTACTTTGAAGGCCAGCGTCCCTGGAGCGTTCCGTGCGACTGCGCTTTCCCCTCCGCCACGCAGAATGAAATCAACGGGGAAGACGCCCGCACCCTCATCAAGAACGGCTGCACCCTGGTGGCGGAAGGCGCCAACATGCCTACGGATCTGGAAGGTATTGAAACCTACCTGGCCGCCAAAATCCTGTACGGCCCGGCCAAGGCCGCCAATGCCGGCGGTGTGGC
NZ_CP029703.1_gap64	2720079	2724650	4571	GCAAAGTAAAAACAAGGGAGCTTTCATCATGCGCTCCCTGGCGGAAAAACTTATCCATTCTCCTTTGAAATTTCATTTGAACTGGTGCCTTAGCGTTTCTGAAACGTGGCAAGAACGTCTTCAGGATCCACGCATCAGTTTCCGTGGCAATATTCCGCGGGATGAATTTCTGCAACTTCTTGAAAAAGCAGATGCTATCATTATCCCGACACTTTTGGATACCGGCCCCATGCTGGTTGTGGAAGCTCTTTCCACTGGAACCATCCCTATATGCAATCTTTTGAAAAGATCAGCTATTCCGGATTTGATAGAAAACGGGAAAAACGGCTTTCTGATCCCCAACAATAAAATTGACCTGTATTTCAGGGTCATTGAAACCCTTGCTGAAAACAAAACAATAGCCGCTTTTGGCAAGCGATGCCATGCATATTTCCTTAATCATCTGGAACCCAAAAAACAGCTGGAGCAGTATGCCTATCTTTTTGAGCATAAGACGGAAACGCCTCCCTCCCGGGTCTTTTCCGACGCCGACGTAATCTGTTTCCATTTGCACAATGTATCAGGCTATCCTCGTTATTCCCGCAAAAGAATAATCAATAAATTGCTTACCATCCAGGAAAAGATAATCACATACAAGGATTATTCACGTTTTTTTCGCTTTATTCTTGATTAAAATATGAAAAAAGCATTCCTTCTATTTTTATTAAAATTGCTCCCGGAAACAAGATGCTTCTCCATTAAGAGAAGTCTTCTCCGTCTGGTTGGCTACGAAATAGGGCATGATGTTCGTGTCTGCTCCTCTGCCAGGTTTCTGGGTGCGGGCCATATTATTCTTAAAGAAGGAACCTGGATAGGGCATGAAAGCATGCTGGTCTCCACATCCCTGATTTCCGTAGGCGCCAAAGTAGATATTGCCCCCAAAGTCTATATTGGTACAGGAACGCACATAGTTGACCCGGTAGGGGAAAGAACGGCTGGACAGGGTATTTCCAAAGATGTGGTTATTGAAGATGGAGTCTGGATCGGCACCGGCAGCATACTCCTGCCGGGAACCAGAATCGGCCGTAAAAGCGTCATCGCCGCTGGAGCCGTAGTAACAGGAAACATAGGAAGCCTGTGCATCGCAGCAGGAGTTCCGGCCAAACCAATAAAAAACATATCCTGAATGCAAACTATTTTTAAATATATTTCACAGCACGGCGCATGGGCATTTTTATTCATGGCGGCCATATCCACTTCCCTTCTGGGACCGCTGAATCAATTTTCTTTTCTTTATACCGCAGCTCTGCTGGTTCTTCCTTTGAACATTTCTGCTCTAAGAAAAATAACCAACATCAATTTTCTTATAATTTTTTTACTCGCTGCGTGTTCCGCGAGCATTATTCTGGCAGATCCCGCTGCTATTTTCAAGCCATGGCAACGGCTGGTATATTTCATTCTCCTCCTCTTGACAGTCAGCCCGCTGGTTTCATCAAAGCAATTGGATATATTCCGCATCCAAGCCTTTGAATGGTGCATGAACCTATGTGTCTTTGTCGGAGTAGCCTCCTTCTTCTGCTACTTCCTAGGCATCAATTACATGAGAACAATCATCAACGTTAATGATTCCTTTTCAGGTTCATTTGGCGGAATTACGCCGCAATCCATGCTTCTTGGGCCGGTTGCCGGCATTGCTGCGAATTGGCTTTTATACAAAATCTTGAAACGATATTTCTCTCAAACCACTTTCTCTCCGCTCATTCTGCTAATGCTGGGAACCTGTTTGTGTTCCATGCTTCTCTCATCTTCCCGGGGCGCTTTCCTCGCCACGGTGATGACGGCATTGTACGTCCTGTTCATGTTTACTAAAGACCATATACGCAAAGCTCCCAAAATCATCTTCGTGCTTCTTCTATGCTTCACAGCAGCATCGCCCCTTATCGGCAACTTTGCTGACGGCTTGCAAAACAAGCAGCAAGCCAATATGGAAAAAGGCGGAACTTTATCCTCACGACAAAGTTTATGGAACGAACGAATTAAGGAATTCAAGTCTTCTCCCATATACGGAGTTGGCTTCTCTTCCCAAAAAGAAATACGAATTGATATACGGACTCTGAATACCGGAGCCGTGGAACCGGGAACCTCCTATGGAGCTGTCTTCGCCATGACCGGCCTCTTGGGTGGAATCCCATTTTTAATGATTCTTGCCAGTCAGATCCTGAAAAAACCGTCAGCTGCATTCGGAATGCATGTCATTTCGCCTGCCCAAGTCTGTCTTGTATTCTTTGGAATGCATATGATGGTTGAAGGCTATGTCTTTGCGGCGGGAAGCCCTCTCTGCGCCCTTCTATGGCTTTCCGTAGGAGCCGCTTCCGCATGGCAGAATAAAAATATCACTAACATTGTATGCCTATGAAATTCCTCTTCTGGCAAAATATGATCAGCATCCATCAAACAGCTCTTCTCAATGCCTTGGCCAGCAAACACCAGGTAACGCTGGCCGTCCAAAGAGCTTTTGAAGAGGAAAGGACGGACAGTGGATGGGAAATCCCGGATATGGGAAATGTCCATCTTGAACTATCTCCTGATGAACAGCGTATTCATCAACTGATTCTTTCCAATGAAACCGCCATCCACGTCTTTTCAGGAATAGATGCCTATCCCATGGTTTTCCGAGCATTCAAACAATGCATCCAGCTGAAAAGGACTACGCTCATCTACATGGAACCCTATCAGACAGGAGGTATTTCCGGCCAACTACGCCGGCTTAAATACGCTCTTCTTTATTTAAAATACGGAAAGAAAATTCAAGCCTTGCTGGCAACGGGAAAATTCGGCGTGCAAGCCTACCGGCGCTCCGGATGGCCTGCATCCAGAATATTTGAATGGGGCTACTTCACAGAACAAACGAAACATTCCGCAGATGAACAAAATACCGACCAACAAAACAGCCGAACAGCCCCCAGACTCCTATACGTAGGAAGGCTGGACAACAACAAGAGAATCCTCCATTTGATTCATGCATTAAAATCGTTCCGCTTTCAAATTGACACTTTTACCGTCATTGGTACAGGGCCTCTGGTCAAAGAAACGGAATCCCTCATTCATGAAGAAGGCAACTTCCGTTACCTTGGAAAACAGGCAAATGAAAATGTCCTGCGCATCATGCAGTCCCATGACCTCCTTATTCTTCCCAGCATGTATGACGGATGGGGCGCCGTCATCAATGAAGCGCTCCAGCAAGGCATGCGCGTTTTATGTTCCGATCGTTGCGGCGCGTCATGCCTGCTGGACGGCATACATAGGGGAGGAACATTTTCATGGAATGAAAAAGGCAGCCTGGAACGGGAGCTGCGCCATTGGATAAGTAAAGGGCCAATTACGCAAAAAGAACGAACAGGCATTGCATCCTGGGCAAAAACAACCATATCAGGGCAGGCTCCGGCCTGCTATCTTACTTCCATCCTCTCATTCATTCAGGGTAAAACATCGTCCCGACCATTACCACCTTGGCAAGATAAAATATGACTCTATGAACATTTTACATACCATCGCTTCTATGGACGCTAAAGCGGGAGGTCCAACAACCTGCACCTTCGACTTAGCCACTGGTTTGAACGCTCTAGGATGCCGAACCGACATTCTGACCATTGCTTCTGGGAACAGGGCCACCTCTTCTATTCAGGCCCCTTTTATTAAAACCGTCCCTTTTGACGCAAAAACGCCTCTTCAAATATCCCGCCATTGTAGACATTTTTTACAGCAGAATCAGCAATATGATCTCTACCATACCAATGGCCTATGGCTGGACATTAACCACGCCACCTGCGCCGCGGCCAGAAAATTCCGCAAACCCTGCGTTCTTTCCTCTCATGGCATGCTTTATCCCCGGGCTCTGGAAAGAAGCTTCTGGAGAAAAAAGCTCATTCTTTCCTTAGGCCACAGGAACGATATCGCTTCCGCTACATGTCTTCATGCCACATGCCAGAAAGAAATGGAGTTTATCCGAACCTTTGGTTATAAAGGACCTATAGCTGTAATTCCTAATCCTACCCCTCCTGTGAAATGGATTGACACCATTATTGAAAACCATTCACTAAAACGCATAGGTTTTCTAGGACGACTGCATCCAGTTAAAAAGGCAGATAAACTCATTAAAGCCTGGAAACAATTAGGTAACAAAGTGGCGGATGCAGAACTGATACTGATGGGTGAAGGGACGCCAGAATATGAGAAGTATTTAAAGGGTCTTGCAGCTGAATGTAAATATGGTCACATTACTTTTCATGGGTTTGTAAATGGTAAGGCCAAATTCCAGGAACTGGCCAATTTGAAGGTTCTGTGTCTTGTTAGTGATTTTGAAAATTTTGGCATGACTGTTACTGAGGCTTTGTCTGTAGGCACTCCTGTAATAGCCAACACGACCACTCCATGGAAAGATTTAAATACTCATCACTGTGGATGGTGGATAAACGCAACAGTAGATAATATAGCCATCACTATAGAAAAGGCTTTGCATCTATCTGATAAGGAAATAGCCTCTATGAGTATTCGTGGCAAGAGGCTTGTTTCTGATAAATATGCGGCTGATA
NZ_CP029703.1_gap65	2781981	2785139	3158	CAGGCCGCAGGCGCGTAAAGGAAAGGGCATGACCCGGCGTGTCGAACTCCGGAACAATATTGACGCCGTACTTTCTGGCATAGCTGACCAGGTCGGCAAATTCCTTCTTGGTATAAAAAAGATCCTTGGCTGTCAGGGGCGTTCCGTCCTTTCCCTTCATTTTGGATTCCAGGCGGAAAGCCGCATAGCTTTCCTTGAACGGATCATGGCCGTTGTCCACATAGTGTTCGTGGAAAATATAGTTGTTGTTGATGACCAGGTGCAGGTCATTCATCTTGTACCAGGCCATGGTGCGGATCACGTCCTTCAGGTAACTGAGGGGGTAAGGCGTGCGCGCGACATCAAGCATGAACCCGCGGAGCTGGTAGCGCGGAAAATCCACGGCCGTGCCGCAGGGCACGCTGCCGGGCGTCTGGCGGAGCATCTGCAGCAGGGTGCGCGTACCCCAGAACAGGCCGGTGGGAGCCGCCGCACCAAGGCGGACGCCGTCCCTGGCAATCTGGAGCCGGTATCCTTCCCTGCCCAGATTGCCGCCCTTCAACAGGGAAAGGGAAATATCCGCCTTCGCCCCGGGGGCGACAAGCTTGACCTTCTTCCCCAGCACGTCTTCCATATCCGCCGCAAACAATTTGCCCAGCTCCTTGTCCGGGCATGCTATGGTGACCGTATTCCCCAGCTTATATTCTCCCTGTCCCCCCTTCCATTGCAGGATTTCCGGGATAATCCGCGGCTTGGGGTTGCCCTGGGCGGCCTGAGGAGCCTGCAGCATGATTTCATAATCCTTGCTGACGGCTTCCTTGCCGTCCTTGGTCACCTTGAAGCTGACGTTGACGGGGGTATCTGAAATAACAGGGGCTATCTTGCCTTTGCTGTTGACGAGCTGCTCATAGTCGGCCCCCAGCAATTTAATCTGGGCTCCGGAAACGCTCGGCATGGGCAGTTGCTTCGCTCCGGCTTTCACCGGAGGGATGGAAAGGGAATCCGCAATCTGCTTGGCGTCCTGCCCCATCACGGGAGACGCGGCAAGAACGGCGATCATCAGGAATAGGTTTTTCTTCATGTTTTAGTCTTGTTTAGGAAAAGGAAATGTCTGATTTGCTCCAAAAACTACGCGCCCGCCGCCCCTTTCTTGCAGAGAAAGGGAGAAAAGCGGAAGAATTCTCCCTCTCTCAACCGGGCGGGACGGACATTCCGCCCAAACGGATTGCCGCGCGCCGGGCTTCATGAAGGAAAACCGCCGGCCAAGAGAGGCTTTCCCTCCTGTTCCAATAAATTATTATCCCAAAGAACCCGTTGTTGGCGAGATAAAAAAACGTGGAGCCCCGGGCTGCGGATAAAAAAGATGCCGCACGGTGGCAAAACTCCCCCCACGGCAGAAAACGGGAACCGGCCGTCCCTATTAGGGCGGCCGGTTCCGGACAAAAAAATAAAATCAGGCGCGGATATCAATCACCTCTCCGGCGGGAAAGCGCACCTTGGCCTCGCGGGCATAAGCGTCATCCTTGGCGCGGTAGCCCAGAGCCACTCCCACCACAGAGCGGTACGGCGTACCGTCCAGGCCCAGGATTTCATCATACTTGGCGCGGTCCATGCCGCCGATCGTGCAGGAATCCACCCGCAGGGCGGCGGCGGCGCTGAGCAGGAACCCCACGGCAATGTACACCTGGCAATCCAGCCAGGCATGCATCTTTTCCGGAGCCAGAGCCTCCACGTAGCTGGTATAAAAATCGGCGGAGGAAGCCAGTTTTTCAGCGGAGGGGCGGCGCGTGAATTCAATCTGGGCCAGGTAACGGTCCACATCCCGCCTGGTGGCGTCGCGCCGGGAGCACAGCACCACGTAATGGGAACAGTCCTCCACCTGGGACTGGTTCCAGGAAACCTCCCGCAGGCGAGCCTTCAATTCCCTGTTGGTCACGACGACAAACTTCCAGAGCTGAAGCCCCAGGGAGGAGGGACTGAGACGCAGGCTTTCCGCCAGCGCATGCCAGGTGGGCTGTTCAAGACGGGCTTCAGGATCAAATTTTTTGCAGGCGTAACGCCATTCCAGACCGTCAATATACTGTTCCGGGGAGATCATCATGCAGGGTGAGACACGAAAAACGGAAAAACTGTTTAAAGAACTTCTTTCAATACCTCAATGCAGCGGGCGTTCTCCGCAGGAGTGCCCACGCTGATGCGTATCCATTCCGGCAGGCCGTAACCGTCCTGCGCGCGGACGATGACTCCCCTGGCAAGCATATCCTGGAACACCTGCTTGCCCCGGCCCACCTTCACCAGGATAAAATTGCCCTGGCTGGGAATCCATTCCAGGCCCATTTCCCGGAAAGCCTGCTCATAAAAACGCATGCCTTCCTTATTATTCTCCACAGTGCGGCGCACATGCTCCCGGTCCTCCAGGGCGGCCAGGGCGGCCTCCTGGGCCAGAACATGCAGGTTGAACGGAGCACGCGCCTTGTGCAGCATGCTGCAAACCGGTTCCGGCGCAATGCCGTAGCCCACGCGCAGCCCCGCCAGGCCGTAAGCCTTGGAGAAGGTGCGCAGAACAACCACGTTGCGGCCTTCTCGCACAAATTTGAGGGTATCCGGAGGATTGTCGGAAAACTCCCGGTACGCCTCGTCAAAGACCACCAGCACATGTTCCGGGACCTTCGCCATGAAATCGTCTATTTCCTGCTGTCCCACTACGGTGCCTACGGGATTGGTGGGATTCGTAATGAACACGACGCGCGTATTCTCCGTAATAGCGGCCAGGAAGCCGTCCAGGTCATGCGTCCAGTCCTCCTTGTTGGGCACTTCCACGTACGCGGCGCCAAACAGCTTGGACATGATAGGGTACATGGAAAAGGCGTGTTTGGCGGCCACCACCTCCGCACGGGGATTCAGCAGGGCATGGCAGATCAGTTCAATCACTTCGCTGCTGCCCGTGCCCACTACCGTCTGGCCGAACTCCACGCCGCAGAACTCCGCAATAGCGGAACGCAGGCGGAAAGCCGCTCCGTCCGGATAAATGTTCACGCCGGCAGCCGCACGGGCAATCGCCTCCACCGCCTTCGGGGACGGCCCCAGAGGATTTTCATTAGACGCCAGTTTCACAATATCATGGGGATTCAGGCCCAGTTCCCGGGCCGTCTCCTCAATCGGCTTGCCCGGCTGATAAG
NZ_CP029703.1_gap66	2787734	2788763	1029	GCCTTTTTCCTGCGCCCCGCCCACCTGAAGCAGGTGGCCGCCATTCTGGACGATCCGGAAGCCAGCGACAATGATAAAAGCGTGGCCCTGACGATGCTCCGCAACGCGGAAGTGGCGTCCGCCGGCATCCTGCCCTTCTGCCAGGACACGGGAACCGCCACCATCGTAGGCAAGAAGGGCCAGCAGGTATGGACCGGCTGTGACGACTGCGAACAGCTTTCCCACGGCGTTTACGACGCCTATACCCAGAACAACCTGCGCTATTCCCAGACGGTGGCGCTGGATATGTACACGGAGAAAAACACCGGCACCAACCTTCCCGCCCAAATTGACCTGGAAGCGGTGGAGGGCATGAAATACTCCTTCCTGTTCGTCGCCAAGGGCGGCGGCTCCGCCAACAAAACTTACCTTTACCAGGAAACGAAAGCTCTGCTCAACCCGGCCACGCTGAAAAAGTTCCTGGTGGAAAAGATGAGTACTCTGGGCACGGCGGCCTGCCCTCCCTATCACATCGCTTTCGTCATTGGCGGAACCTCTGCGGAAAAATGCCTGAAGACCGTGAAGATGGCTTCCACGAAGTACTACGACAATCTGCCGACTACGGGGAACGAACACGGCCGCGCCTTCCGTGACCTGGAACTGGAAAAGGAACTGCATGAAGAAGCGTGCAAACTGGGCCTGGGCGCCCAGTTCGGCGGCAAGTGGTACGCTCTGGACGTGCGCGTTATCCGGCTGCCCCGCCACGGCGCCTCCTGCCCGGTTGGCCTGGGAGTCTCCTGCTCTGCGGACCGCAACGCGAAAGCCAAGATCACGCCGGAGGGCATCTTTATTGAACAGCTGGAAACCAACCCCGGCCAGTATATTCCGGAAGCCCTGCGCATGACCTCCAGCGAAGCTGTCTCCATTGACCTGAACCGCCCGATGAAGGAAGTTCTGGAAGAACTGGGCAAGTACCCCGTCACCACGCGCCTGAGCCTGAACGGCACCATCATTGTGGCGCGCGACATCGCCCACGCCAAGCTGAAGGAA
NZ_CP029703.1_gap67	2790112	2791104	992	CATCCCGGCAATTGCAAATTCCCGCATGGCCATACGCGCTCCGTGGAAATGGTGTTCCGGGCGGAAACGCTGGATGCCAATGACATGGTGGTGGATTTCAAGGCCGTCAAGCAAATGATGGGGGATTTCCTCCAGCAGTTTGACCACTCCCTGTGCGTGAATACGGAGGACCCCAATTACGCCGCTTTCGTGGCCGCATACGGGGAGCGCATCATTCCCTTCGACCGGGAAGACCCCACCAGCGAGGTGATGGCACGCGTCATTTTCAATGCTGCCCGGCACGCGCTGGAAAAAGCCAGGGAGAACCCCGGCGAATATCCCGTGCGGGCCTGTGTTGAGCTGGAACGCGTGCGCGTGTGGGAAACCAGCAGCTCCTGGGCGGAATACGGGGAATAACTGAAACAGCGCGCTTCCCGCCGGGAGGAACGCTCTGCAAAGATTCCCGGCCCCGCGGAAGGCACGGCCGCAATGCAGCCCCTGGTGTTCATCCCTTAAAAGGGATTCAGGCAGATCATGCGCTTCTGCGTCCAGTGCCCGTAGGTGGAAGAATACACATCCGTAATTTCCCGGGCCCATTCGTCAATAGTTCGCTGATGATGGGCGTATTTTTTAAAATCCTTGGTGTCCACGCCCAGCAGGGAGCTGTGGTCTTCCTCATAATCCGCAAATTCGGAGACGATGCGGCCGGACTCATCCCTCAGGCGTCCCGCCATGGCAATGTGCCCTTTCTTGATGAACCGCTTGACCAGCCCTCCCCCCTTGATGCCGCTCAGCGCCGTGACAAAGATGCCGGCCCTGGCATTTGTGGGAGTGATGGAAATGATGGCGAGTTCCAGCGTATAAGCCCCCTTGGTTCCCGGAGGCACCATTTCAAAATGCGGATTTTCAGCAACCTCCTTTTCCATGCTGGTTGCAACGCTCTTCTGGAAGTATTCCGCCAGGCTGCGCAGGGCATCAAACCCTTCCGCGGTATCCGGCCTCACATCCATGTG
NZ_CP029703.1_gap68	2804166	2804697	531	TAGGTTGAAAGCCCATGTGACTTGTTATGCTAGTCGAGCCTTTATCCCTTTTTTAGGATTTCCGGAAGGAGGCGCTGATATTGGTTGGAATATGTTACTTAATGATTCTCAATGCGATTAATATACAACATAATCCATATCATGTTAATTTGCGGGTTGGCTCCTTGGCTTATTGGAATTGGATATTCCATATGTGTATCTAATTTTCACCATGCTCTCATGTCTGGATTTTCGATGATTATATTTTCATTTCCGGTAACATTTATATTGACTATAACCAGCTGGATAATTTGGCGTGTTTTTTGTGATAAAATAAGTAAATTCTTATCTTGTTTTTCAGGGATGATTATCGGACTTATAATAGGAGCCATGTTAAGCTATATCTTATGCGATGAACATTATTATTTTTTGATATTGTCAGGAATGGTAGGGTTAATGATAGGACATATTGAATTTTATTTATTTAATTATATAATGGATGAATAGTGAAAATATATTAATATAATTATTTAAATTAAGTTTGTTGTGCGA
NZ_CP029703.1_gap69	2844282	2844782	500	CCGTTGTCAACCATGCGGACCGCCTCCCTCCTGCATCTTCCCGGACAGTTCCGTTCCGGTCCCTGTAAGTGGTTGATTTCCGGCGGCGTAATCATGCACTTTTCGTCACCCAGGCCAGTAACAAAACAACAACACATTGATGATGAGTAATTAACAATGTCATACAGAAAATATACTCAGGAGGACTAAATTATCGGAGGAAGCAAGAACAAAATATTTTTTCATGTGGAACCCCCGTGGAACGTAGAGCCGCAGAACGATGACTCGCGCTGTTTCAAAAAGATATTTTTTCCTCAGACGCAAATCAGTAATTTGGCGCTCCCGTCAACCGGGGTGTTGAGCTGAAAGCGGATGAGTTCGCCTTCTCCACCCCGATGGACGCCACGAGCTGTCACGGCTGCGGATGAACCTGATCCGGTTCCATCCGCGGGCGGCCTCGTAGCGGGACGGAACGCCTTACGGCTATTTCTAACCAGCAACATCTTTTATTTCCAATAACA
