gap_id	start	end	length	sequence
NZ_CP121689.1_gap1	1129	4575	3446	CAGTCCAGAATGTTTATACCCAGAGTTACCGTGCGCACATCCAGGTTCTGAAGCTGGAGCATGCGCAATGTTTCCAGAATTTCAGAGCGGTCAAAAAGCATGGCTTGCATTCTCCCTTATATACGGTGCATGGCGTGGAATACTTCTGCGTGCTGCATAAAGACCTTGACCCCTATCGCCTCTCCTTTTTTGGTTAGCGCTTCCTTCAGGGTTTTGAGGTCGGTGGTGCAACGGGAAATATCCCCAATCAAAATCATCGTGAAGTATTCACCGAGTATTTTCTGGGTTATATCTTCGATATTCACCTGGTATTGTGCCAGAACCGAAGTTATCCCTGCAATAATGCCAATGTGGTCAAGCCCCACTACGGTAATTACCACTTTGTTGTGGTGGCTGGGTTTTTCTCCAAGTTCAGAAAACAGTATTTCCTGGTCCAAGGTCTTGGCCCTCCTTTTTAAGTTTTTGAGATAGCTGATGCGCTATGCGGGTTGGCTCCGGAAGGCGGTACCTACTTATTGCCTTGAGAGCCCACCTGAGAGCGCCTTCCAGGCTGATTTTGTGTCCAGGGGAAACGTAAATGGGTTTCACGTTCTTGCGGGTACGCACTGCAAAACCTACCTGCTTTTCTTGATAGTAAAGCGGTGAATAAGCCCCTTTTTCAGGTGAAGGTGGTTCAAACTCTCCAATCAGGGGTTTTTTGGCAATACCTATCGAGACCAAGTCAAAGAGCACACCGATATGGCTGGCCAGGCCCACCCCACGGGGATGAGCTATGCCCTGTCCGTCAAAAAACCAAAGCTGAGGCTCCTTCTTTATTTGGGCCAGCGCTTTTTCTATGGCTGGACCCTCCCTAAAGGATAAAAAACCAGGAATATATGGAAAGGAAGCAGGCGCCTTGCCTACTTGGACTTCCAGAAGCTGAAACTCGGGAAAGGAAAGCACCACAGCGACTGCCATTGAAAAGCCATTTTTAAGATAGGAAACATCGATACCCCCGATGCGGTTTACGGAACTCTCTTCAAGGGTACAGTTTAGGGAAATCCTTTTTTTCAGTTCTTTCTGAATGAACAGCGCTTCTTCTATTGATACCTGGAAAGGAAAAGGAAGAATCTTCTCCATAACAGGAGAATTGTAACGCACTTTGAGAGGTAAGAAAAGTAGGGTAGCGTATGTCTTACAGTACTTCTACTTCTATGGTTTTGGTGAGGATGTCCACGTAGTTAAAGGAGATGCGCTGGCACGAACCATCGATGTCCATGCGGAGCGTAAAGAAGAAAGGATACGCTTTTTCAACTGTTCCTCGGCGGGTTACCGTCCGTTTGCGGCCTTTGTTAACTTCGATAACTACTTCTTTCCCTATTAAAAGGTCTATCCATTCTTTAATTTCTTCTATAGAAGATTGGGTGGTCAAGCAACATCCTTCCCGGGAAAAGTTTTTATAATTATAGCATTTTCAGGCTTTAAAAACAAGTGTTTGTAATTACACAATACAGAGACGAATCAGGTGGTGTAAATCATCTTTGCCATCGAAATGGCATTTATGGTGTCTTTTGTGTTCGTTTTGATTATTGCCTTGAGTTTTACTTTTCCACCACCCTAAATGGTAGTTTCAGAGTACTGATGGTAGTATTTTCAAAACGCGTTCCTGGATTGAGCAAGGAGGAGTAAGTGATGCGTAGTAGATTGCCTGAAAAGGTTACCCTGGGTATCCTGCTTTTGGTTATCTCAGCTTTTCTTTACTGGTTACACTTTCTCATCTTCCGCGATGCTCACCACATTTTCATATACCTTCTGGGGGATATCGCTTTTCTGCCGGTAGAGGTCCTTTTGGTTGGCTTGGTGGTAGAGTCGCTCCTTGGAGAGCGAGAGAAAAGGAATCGCTTAGAGAAGCTCAACATGGTGGTGGGTACTTTCTTCAGCCTGGTGGGAAGGAGAATGCTGGAGATGCTGGCTCAAAAGGATGCGGCTATTGAGAGCGTAAAACCATTTTTTGTGGTGGATGCCAGCTGGTCCAGAAAAGATTTTCAGCATGCCCTGCTCGGGCTGCAAAATTATTCTCCTCAGCTTGCTCTGGGTCCTGAAGACCTGGAGGCTTTACGCTCTTTTCTGGGTGAAAACCGGGAGTTTCTGGTGCGCTTGCTTGAAAATCCGGTTCTTCTTGAGAACGAAAAATTCACCCAGCTTTTACAGGCAGTTTTTCACCTTGAAGAGGAACTGCACTTTCGTGGCGATTTCGCCACCTTACCGGAAAGCGATATCAAACACCTAACCGGCGATGTGGAAAGAGCTTGGGGGTACTTGCTCCGGGAATGGCTCAACTACCTTTTCTATCTCAAAGAAAAGTTTCCCTATCTTTTCTCACTCGCTGTTCGTACCAATCCTTTCAAAGAAAAGTGGTCTCCCGTGGTGGAATAGTTTGCAGGAGGCGTGCTCCGTGGTTTTTAAGGGAGCACACCTCCTCTTACTTCACTTTCCAAAGCGCAGCTGCTTCAACCCTTCTTTGGTTATCTCGCGCTTCATTGGCGCTTCAGAGAGGACCCCGATGGCCATCTCGCACAAATAGAGCACTTTGTTTCCATGTTCCAGGTGGCCTCCATAGGCACCTTTGACGTCGGATACCACGGCGTGAATGTGGGGTTCTCCATTGGCAATTACCCCGTGAAGAGAAAGTAGCTCAAAAGGCCCTTCGTATTTTTCGAAATGCTCTACCGGGGGAAGGCCGGTGGTGGTTACCCAGTGGAGATGCACTTCGCTCAGGGTACCAAAGCCGGTCAATACCACGCCGTTTTTGATTTTTTCCTTTTGAATTACTTCTTCAACTGTTTCCAGCACGTACTCTCCAGGAAAAATGCTGATGACCACCACATCTTCGATTTTCAAGCGTCCGTAATCCATCGCTTTGCCCTCCTGTAGTTGATGATTCAGAGTTGCTCCTTTTATTTTTCCAGATTTAAAGCGCAAAGTAAATAAAGGCTGTGTCGTTTTAACTATTCTTCCAGCGATATTTCATTGTTCAGGAATTTTTTGAACCACCGGGCACTTTCTTTGGGTATACGCTTCAGGTTATCGTTGTAGTCCACGTAGAACAGGCCAAAGCGCTTGCTGTAGCCGTGCGCCCATTCGAAGTTGTCCATAAGGCTCCACACAAAATAGCCTTTAACGGGTACTCCCTGCTGGATGGCATAGTAAGTGTTTTTAAAGTGCTCCTTGAGAAAATCGATACGCTCATAATCCTGAATTTTGCCGTTTTTCATTTCGTCTTTGAAAGCAGCACCGTTTTCGGTGACATAGAGGTCAATGGGGCCGTATTCCCTGTTTATCCTGACCAGTATTTCCTGAATACCCTGGGGGTAGATTTCCCAGTCCATATCGGTGCGTTTTCCTTCCACTTTTACTGTTTTTGATTTCAAAATGCTTTTGGGGTCATAGCTTACTACTTCTCGAGA
NZ_CP121689.1_gap2	9016	13322	4306	CCAGTACAGCGAAATTGCTGGCATATATCTTTTTGGCTCCGCTATCTGTGCTATGAGGCCCGACAGTGATATCGATTTGGGTATCATCCTGGTGCCCGATGCAGTAAAGCCAGACAAAGAAGTAGACCTCTTTTTAGCAAAACTTTACTTAGCGTTGAGAAATTTCGAGGGACATCCTTTTGACCTGGTTTCGGTGTGTGATGTGGATACCGTTTTTGCTTTCGCAATTTTAAGGCGCGGTGTTCCTCTCCTGGTTAAAAACGAAGCGGTAGTTTCGAAGGTTATAGAATCGATCAGCCGAAGATATGCAGACATCTATCCGAGATACAAAAAGGCCCTTGAAATGATAACGGGAGTGAATCTTTGATGTCAGAGAATGAAATTGTTGCCAAAAAGTAGCTTTTATCAAAGAACAGGTCAGCGAGATAGAGTCTTTGCTGCGGCGCAAAAGCAGGAAAGAGGTTTTGAGCGACCCCTGGCTGGTTAAAGGTCTGAAATACTCTTTTAAATTATCGGATTTTGACCGCTTCGTAGAGTTAGTGCTTGATTTTATGAGAAAGCTTCTGTAGGGGAAATTTTGTTTTCGCAAAGCCTTTGTCGGCGGTGTTTGAGCAGTCGCCCATGCCGGATATGCACTTTTAACCCGGATTCAGTAGCACGTTAGCCTGCACCACTTCCAGGCTGGAAAGGGCTTTGCAGCAAGCCTTGGGGTGCTGAAAGGTTTACGGTGAAATTGTGTTTTGTCTTGGTGCTTAAATTTGGTTAAAATAATAAAATATGAGCAAAGTCATCGATGTCAAGAGGATGAACCAATGGCTACTTTAAAGGATGTTGCTAAGCTGGCGGGTGTATCTCCCAAGACGGTTTCCAGAGTCATCAACGACAGCCCTCTGGTCAATGAGGAAACCAGAAGGCGGGTTCTGGAAGCAATCAGGTTACTCGACTACCACCCCAATGAGGTTGCCAAGAACCTTCGCAGGCGCCGCTCTCAGACCATTGGCTTTCTGGTGCCTTATGGTTCTGATTTTGTGTTCCGGGATATGGGAATGATGGAGCAGCTCAAGGGCGTGCATGATGTGGTGGTCAGGGAAGGCTACAACCTGATGCTCTCGGTGCCTCTGGCAAAGGAAGATTCGCTTTGGGAAGCCGAGCGCCTGGTGAAGCGCCGCTGTGTGGACGGAGTAATCCTCTACCCTTCTTCAGGAATTGACGTCATTGCGAGAGAGTTTTTACACCGTAACCTGCATTTTGTTACCCTGGGAATTGGTTTTAAGGACCAGGAAACCAATTTTGTGGAAGTTGATTTTTCGCAAGCTACCTGTGAAGCGGTGTTTTATCTCCTCTCTCAGGGCTGCAAGCGTATTGGCCTTCTCACCCGTCCCCACTGGTTTTTCAATGTTCCGGAAAATGATTCTTTCCTGAGCGGTTTTAAAAAGGCTCTGGAAGAAGCGGGGATGGATTTTATTCCGCAGCTGGTCAGAGAGAGTGATTTCACGGTGGAAGGGGGCTACCGGGATTTTCTGAAACTGCGGGAACAGGTGCCGGATATGGACGGCGTGGTATGCGCCGCTGACCCTACGGCCTACGGTGTTATCAAGGCTCTGTGGGAACTGGGTAAACAACCCGGTCGGGACTTTAAGGTGGTTTCTGGAGACAATTTTCCGCTCACCCGCAAGCTTTTCCCCTGGCTTCCCTCCATGCATAACCCCTTGCTGAGGCAAGGAGAAGAAGCTGCCCGTATGTTGCTTGCACTTATTGAAAAGAATAACCAGCTCCCGGGTGTGGTGCTTGAGGCTACCTTTGAGCCCCCGAAACTGCACTAAGAGGTAACGCGCGGTTTTTCAATTAGATAAATCTCTGGGGCTTTCTTTTTATCTTGGCTTTGGGAGAAGGCACAAAGCAGGCTGCCTTGCGCAAGGCATCAACGTTTGAGAGTATCCAGAGGTATAAATCTGTGGTGGTGTATTTTTTAAACTTTTTCTTTAATCCGCTTTCCTCTATGGCCCGGGCTGCTTTCTGGTAACAGTTTTCAAACCAGCCTTTCACCGCTTCTTCCCAGGGTGTTTCTCCAAGGCACTCTTTCCTCGTACTTTCTGAGCTGGGGCAACCTGAGCACTGGAAACAGCGGATGAGGTGGAGAAGCTCAATGTAACCTCCCAGAATGCTGGTTTGAAGAGGAAGGCCAGTTTTCTCTCTGAAAAGGTGCTCTTCGATTTGGTGGAAAAAGTCCTCAGGAGAGCTGTAGTGTTCCGGCTGCCAGGCGAGCGGCCACTCGATAACCTCAGCATCCACGAATTCCCGACCAGCGGCACGAGCGGCCGATATGCGGTGGTGCCCATCGCGCACAAAATAAAAATCTCCCACCTTGATGAGCAAAACTGCTGGAAGGGGTCGGTCTTTTTCCATCAGAGCGTTGATGCGTGCCCAGCGGTGCTTGAGCTTGCGGTTGAGGGGAAGGAACTCGCGGTCAAAATCGGTAAAGCGGTTTTCGCTGCCGATGATTTTGGAAACGGGAACGGTTTGAATGCCCCGGTAGTGCTCCTCCCCTCCAGGCAGGATTTCCCTAAGCGCTTTGAGCGGGAGTAGTCTGCGCTCATGGTGCCGGAGCGGGGCCAGGATCTTTTTCCATACCACCTTGCGGTATAGCGTGGTAAACCTGTTGATGCTCTCGAACTGGTCGATTGCGCTGGCCATCTTTCTTTTATTTTATCCTTTTCTGGGTTTTGAGGAAACTTTTATTTCCAGATTCAGCTTGTTCGGAATGGCGTTTTCTGCTATGGTATAGGCAGTTTAAGGGATGGAGGGGAAGCGATGAAGCGTTCAGGCTGGGTTCTGGGTCTTGTGCTTTTTTTGATTTTCCTTTTTGCAGGTGGTGCTTACGCCAAAAGTTACTATCACCCCCGCATTGTGCAGTCTTTTTTGCTGCTTGACGACGGCGATGTCGAGGTAACCGAGGACCGCTACTTCTCCTTTGAGGGGAGCTTTTCCTGGGCGGAGCTGCGCATCCTGCGCAAAGGGGTGGAGGATATCCAGTTTGAGGGAGTCTGGGATGCTCAAAGCGGAGAGCCTCTGCCCCATGAGATTTTGCGCGAGGCGGGCTCGGTGGGTATCCGCTGGTCGTACCGGGCGCAGGATGAGGTGCGCGCTTTCCGCATCAAGTACCTGCTTAAAGGGGCTGTTACCTGCTACCAGGACGTAGCCCAGTTTTACTGGAAAGTGATTGAGGACCAGCACGCAGCCATTTTAGAGCTCGAGAGCACCTTTACCCTTCCCCGGCCCAGCCCTGACCTTTTCAAGCTCTTCGTCCACACCAGCGCCGAACCAGGGGAGTTGACTTTTTCTGATGACCGGCGCACGGTGCGCTTCCGGGTGCAGAACATTCCCGCTGACAGCTTTGTGGAAGTGCGCCTTTTAAACAGCCCGTCCGTTTTCTCCAAAGTGGCGCCCCTTCCCGAGAAGCGCTACGAGGCCATTCTTGAAGAGGAACGGCGCTTTGCTTCCCGGGAACTGCGGGCTTTCTGGCTGGGTGCGCTGGCCGGCTTTTTACTGCTTGCTCTGGGGATTTTTTATCTGGTGCTTTTTGTGGTGTATTATTTCCGCTACGGTAAAGAACCAAAAATCGACTATCAGCGGGAATACGAGCAGGAGCCGCCCCTTGACATTGCTCCCTGCTTTCTGGGAGTTGCCTTGAGCCAAAAGCGGGACAATTCCCTTTTGAGCCGCGCTTTTCTGGCCACCATCCTGGACCTTGCCCGGCGAGGCTTTCTTGAGGTGCGGGAAGAAGAGCGCAAAGGGTTTTTGACCAAAAAAGAATACCTGGTTTTCCGCTTCAGCGAAAAATCCCGCAATAAGGAAGCAGTGTCCCGGGAGCTCAACCGCTTCGAAGTGGAGGTCCTGGACCTGCTTTTTAAAATCAGCAAAAACGGTGAGCAAGTGTCCACCTTAGACATTGAGAGCTGGGGCAAGGAAATACGGGGCAACCGCAGCAATTTTCTGCGCTTTATCGAGGGCTGGGGCAGGGATTTACGCGAGGAGTTCGAGCGGCGCTATTTCAAAATCCTGGACCCGATTTCAGAGCGCAAGAAAAACTTTTTTACAGTTTTGGGCGTTCTTTACTTTATCGGAGGGATTTTCCTGACCATCGTGCTGAGCGGTTTTTCCCCAGCAGTTTTTCTGGGGGTGCCTTTTCTAATTCTGGCTCTTTTCCTGGCTCTTCTGGGGCAGCGGGTTTTGCGCCGCTGGAGCAGGGAGGCAGCGCTCCTTTTCCGGCGCTTCATGGCCTTTCGAAAATTTCTCACCGATTTTT
NZ_CP121689.1_gap3	15081	16475	1394	CGTGAAGCAGGTCATCCTTTTTGGTTCCTATGCGCGGGGAAGGAGAGACCTTTTCACCGACCTTGATTTTCTGGTGGTCATGGAGAGCGACCTCGACTTTTTGAGCCGCCTGGCCCTTTTACGCCAGGCCCTTGCGCTTCCGGTGGACTTTGACCTTCTGGCTTGCACTCCCCAAGAGCTTGAGCGCTTGAAGGACCGGCCTTTTTTCAAAAAAGCACTCCAGGAAGGAAAGGTGATTTATGAGAAAGAGCGCTGAAGAAGAGGGAAACTAAAAAAGCCCCGCATTGTGCGGGGCTTTTTTAGTGTAGGAAAGCCTTACAAACAGGTTTCCTCGCCCAGTGGGCAGTACTCTTCGCAAGTCTCACATACGGGCTCGACGCAGCAGTCAGAACCACTGTAACCACAGCAGCCATTGCCAAGCTCGTCGCTGATTACACAGCCGCTTGAAAGTGCCCAGCTGATTTCGTCGGCATAGTCAATGCTGAGTTTGGGATCACCGGAGGTTGTATCCCAATACACACTGTTGCCACTATCAATTTCATCATAATAATCTTCTGCATCCTCAGGGCTACAGATCAGACCGTAGAAAGTGCCACTCCCTTCGACTGTAGCTGCACTTACATCGTCCTCTGCCCTTGCTTCAACTATGATTTGATTGTCTTTGATGGTAATACCAGTGATGGTGACGGTTCCGGTTGTAGTTTTGGTACCAGTATAGTTGCTGGTTGCCAGGAACCTCTCATCATCTCTTGATGTCAAGGGGTTCGAAACGGTGATTACCCAGTTGGCAGGATTGTCAGCACACTGGCTCTGGATGTTCTCATCGAAGGTAATAGTGATTTTGAAGTTGGGCTGAGTGCTATTCCAAGCATACATCTTGGTTACCACGGTGCTTACTACCTGCGGGCAGGCAGTGTCTGCAGGGGGTGTAGTAGGCTCTTCGGGTTGGGTTGGCTCTTCAGGGGTGGTTCCCTGCATACAGCCGGCCACGGCAAAGACGGCAATCAGGGCAGCGACCACTAAAAGCAGCCACAAGCTCTTTTTCATTTACGTCTACCTCCTTCTATGTTTTGAGGTTTTTCTTTGAGTGTCGGGTTTTGAAAGGGGCTTTTCCAGGTTTCGCCCGCTTCCGGAAACTCTGCTCTTCGAAGGGCAAGGGTCTTACGTTTTCCCTCACTTTCTCCCTCTCGACCTCAGGGAGTTCGAAGCCGAAGCTTCCTTCCCCGACAACGTTCATTATATATTACGCACGCGGAAAAGGAAAGTTTCAAAATGCTTTTTCTTTTCCGCATCTTTTTAAAAAAAATTTCCTGCTTGCATTTGCGCTGACCCTTCAAAGGGAAAATGCATCGCCCCGGGAAAGGAGTTCAGAAAGCTCAAGGAGGGCAAGCTCC
NZ_CP121689.1_gap4	29400	32618	3218	CCTCCTCCTCTTTCCCACCGGGCGTATGCCTATCTTTTGCGCTCCTTTGAAAAATACGAGAAAGAAGAAGTAGCTTTTTTTGACCACTTGCTGGGCAATTTTAACCGCTGGAGAATTTTCCCCCAGTTCAGGCACCTTACCGCGTTTCTGGATATTGAAACCACTGGAATGGGTCCTGATGCCTATATCACAGTGGCAACCCTTTACGACGGGAAAAAAGTGAAAACTTACGTTTTTGGTATTAACCTTGAGGAACTGGTTCAGGACCTGCGCCATTACAAAATTTTGATTACCTTCAACGGGAAATCCTTTGATATCCCCTTTATAGAACGTTTTTTTGGCATCGAACTTTGCCAGGTACATATTGACCTGCGCTTTGTGTTAAAGAGTTTGGGGTTGCGGGGAGGCCTTAAAATTTGTGAACGCGCAATAGGCATAGACCGAGGTCCCCTGCGGGGAATAGGTGGTTTTGAGGCGGTTTTGCTCTGGCAAAAATACCTTGATGGGTGTCCTGAAGCCCTGGAAACCCTGCTTGCCTACAATGTTGCTGACACCGTTAACCTGGAGAAGCTGATGATTTTTGCTTATAACCAGAAAGTGAACTTGCATGCTCTTCCCTTTCCGCTGCTTTCTGAAAAACCGCAGCGACTCACTATACCGTATCGGGTGTACCCTGAGGTGGTAAGGGAGGTAACCTATGAGAAGTTGCGACTCTACCGGTAGTTCTGCTTCTTTACCCGCCAATGAAGTGGAGAAAATCTGTCGGGGAGAACACGAGAACCTTTTTGCGGTACTGGGCATGCACCGCCTGGATGGTGGGAATGGCGTTGTGGTGCGCACTTTTCTGCCTTATGCCCGAAAGGTGTGGATAGTGTTAGAAGAAGGGAAGAAAAGCTGGCCTCTTTGCAGGGTGCATGCTGAGGGTTTGTTTGAAGCCTCCCTACCTTTGCCGGAGCCAGTTGATTACCTTTTCCGGGTGGAAACTGATTGGGGAGAATATCTGACCGCTGATGCTTATTCCTTTGAGCCTTCGCTTTCTGACCTGGACGTTTATCTTTTTAAGGAAGGCACGCATTATCAGACTTTTCATTTTCTGGGAGCGCATTTTGAAGAGCGCAGGGATGTTGAGGGAGTTTGCTTTCGGGTCTGGGCGCCCAATGCCCGCAGAGTGAGTGTGGTTGGCGATTTCAACCGCTGGGATGGGCGAATCCATCAGATGCAGAACGTTAAGTTTTCTGGAATATGGGAGATATTCATTCCTGGGGTACGGGAGGGTGAAAAGTACAAGTTTGAAATTCGCGCTCAGGAGGGATATTTCCTGCTCAAAGCTGACCCTTTTGCGTTTTCAAGCGAGCTGCGTCCCAAAACCGCTTCGATGATTTATCGCAGTGAGGGAAAGTTTTCTTTTTCTGACCAGGAGTGGATGGAGCGTAGAAAAGCGGAAAATCTCCTTGAGCGACCAGTGAGCATATACGAAGTTCACCTTGGTTCCTGGAAAAGAGGAAAAGACGGTGCTTTCCTTAATTACCGCGAGCTGGCTCATCTTTTGGTGAACTATGTGAAAAAGATGGGTTACACACATATAGAGCTTTTGCCCGTTGCTGAGCACCCTTTTGATGGTTCCTGGGGTTATCATGTGACCGGCTATTTTGCTCCCACCAGCCGCTATGGGAGACCGGAGGATTTTAAGTATTTTGTTGATTACTGTCACCGCCATGAGGTGGGCGTGATTCTTGACTGGGTAGTGGCCCATTTTCCAAAAGACGCACACGGGTTAGCTCGCTTTGATGGAACACCCCTTTTTGAATACCCTGACCCTCGCAAGGCAGAGCACCCTCACTGGGGAAGTCTGGTTTTCAACTATGCCCGGGAGGAGGTGCGGAGCTTCCTTATTTCCAACGCCGTCTTCTGGTTTCAGGAGTATCACATCGATGCCCTGCGGGTTGATGCGGTGGCTTCCATGCTTTATCTCGATTATGGCCGTGGGCCTGGAGAATGGGTTCCCAATGTCTTTGGGGGCAAGGAGAACCTGGAAGCCATCGATTTTCTGCGTACCTTTCATCGGGTGGTTTATCAGTGGTTTCCAGGAATTTTCACTGCTGCCGAAGAATCCACGGCCTGGCCCGGGGTGACTCTTCCTCCGGAAGCGGGGGGGCTGGGTTTTCTTTTTAAATGGAACATGGGATGGATGAACGATTTTTTGACCTACATGAGCAAGGACCCCATCTACAGGAAGTATCATCACCAGAACTTGACCTTCCCCATCATGTACGCTTTCTCGGAGAACTTTATCTTGCCTCTTTCTCACGATGAGGTGGTGCACGGTAAAGGAAGTCTTATCAACAAGATGCCCGGGGATACCTGGCAGAAGTTTGCCAATCTGCGCTTAGCCATGGTAGCCATGTTTGGTTATCCGGGGAAGAAGTTGCTTTTCATGGGTAATGACTTTGCGCAGTGGCGGGAGTGGAACCATGATGGAGAACTGGACTGGTTTCTTCTTAAGGACAGAAATCACCGTGCTTTTCACCGCATGGTTCGGGATTTGCAAATGCTTTATCGCCGGGAAAAGGCACTCTGGGAGAACGAGACTTCACCTCAAAGTTTCCGCTGGATCGATTGCAGCGATGTGGAGCAATCGGTCGTTTCTTTTTTGAGGTTTGGAAAGGATGAGCGGGAGTGCCTGGTGTTCGTTTGCAATTTTACGCCCGTTCCTCGCTTTCACTACCGCATTGGAGTGCCCTTCCCAGTGTTTTACCGGGAACTTTTAAACAGTGATTCCGAAATCTACGGAGGCAGCAACCTGGGTAACTGGGGAGGTGTGGAGGCAACGAGGGAACCCAGCCACGGGTTCCCCTATTCAATCGAGCTGACTTTGCCGCCGCTTGCCGGACTGATTCTCAAACCCGACTTTCAAAGTGGGCGGTAAGCTGTAGCATAATGAGCCGCTATGCGACACGCTTCGTACATGCTTTGCGGATTCGCTTTGCCTGACCAGGCTATGTCATAAGCAGTGCCATGGTCCGGTGAGGTCCTTATAAACGGCAACCCTAAGGTAACACTCACCGTTTTAAAAAAGTTGATGCATTTGGTGGCAATATGCCCCTGGTCGTGGTACAGGGAGAGAACTGCATCGTGAGAACCCTGCCAGGCAAAAAAGAAGATGGAATCTGCGGGAAATGGTCCTTCAGCGTTTATACCCGCTTTTTGGGCTTCCTCTA
NZ_CP121689.1_gap5	34219	39181	4962	TCTCCCGAGAAAATTTCTCAGCGATTTTCCTGCGCAGCGAGGCAATACCCGCGGTGGGCGTGTATTTTATTTCTCCCTTCCAGTAGAAATCGGCAAGTTTTTCAAGTATTGAAGGGGGAGTGGGGAAATGCGGTTCCCCAATTTCCAGGTGAATGGCATCTTTAATCTGCAGAGCAAGGCCCATTAGCTCTCGGATTCCAGAGCGTGGAAGGTTTTCTATCAGTTCTGGTATCTTCAACTTTCTGCCTCCTGACTTTTAAAGATTGTGTTTTCTTTTTCATGCCTTAAAACGGTTTATCAGGAACTTTCTCCCAGTCTTCAAGGAAACGCTTGATGCCCAAGTCGGTGAGAGGGTGTTTGACCAGTTTGGAGATGACTGCATAGGGAATGGTAGCAATGTGTGCTCCCATCTTGGCAGCTTCCACAACGTGCATGGGGTTTCGAATGGAAGCCACGATTACTTCGGTGGTGAATCCGTAATTTTTGAAAATTTGAACGATGTCAGCCACAAGCTGCAAGCCGTTGCTGGATAGGTCATCAAGTCTTCCCACGAAGGGGCTTACATAGCGAGCTCCAGCTTTGGCGGCCATCAAAGCCTGAATAGGCTGAAAAATCAAGGTGGTATTTACCTTTATGCCTTCCTGGGAGAGGACTTTTATGGCTTTCAAGCCTTCTTCAGTAATGGGAATTTTCACCACGATGTTTGGTGCCCAACTGGCAAGCTCCCGGGCTTCGCGAATCATACCCTGAGCATCCAGGCTTACCACTTCTGCAGAAACTGGTCCGGGGACCAGGCTGCAAATTTCGGTAATTACTTCTTTAAAGCCTCTGCCAGTTTGGGAAACCAGGGTGGGATTAGTGGTTACTCCGTCCAGGATACCCAGCTCCAGTGCTTTTTTGATTTCCTCCACGCGGGCAGTATCGATAAAAAACTTCATCAGCTCTAACCCCCTTTCCCGGAATATATCTACCCTGTTTGAGTATTATATCCTCGCCAGGCAAAAGGTGAAAGTTGCTCAGTCCACCTCCCGGTTGTATTGCGTGTGGCGTGTGCTTTGCAAACAGCGGCAGGAACTGTGCAAATTGGCACAAATTCCTCCCATTACCGAAAACATACCCCAGAAAAGAGGTTTTTTAAGGATATCAACCGGGTGTGGTTGACTTACCGGAAGCAGGACCAGACCCCAGGCAATAAGATAACAGCCCAGAATTAGGCAGGAATGCCCAAAAATGGCCAGCCAGCGCAACCCGTTTCCCTCCTTTACCGGTAACTCATTAAGAAACGCAAGCATTCGTCCCACTGGGTACTGCGCGCAAAGGCAAGGCTTTCGTACTTGGAGAGATACTGTTTATAGGGAAAATAAATGCTGAGCCCGTAAGCATTGGAAACGCCTGACCCTGAAGTTCGGGAATAGAGGACTGTGTCCTGGACCAGATTATATACCTGGGAAGCAGCACTTTTTACGATGCTGTTTCCAATGCGGGGGTCTCCTGAAAGCAACAGGGCAAGATGAGCAAGGTCCACATAGTCGTAGTCATCAAAATACTGGGCGGAATCGCCAAGAGCAAGGTATATGAAAGGTGGGGTTAGTGAATCGCTGAGTATAGCTGAGGCAAGTTCATCCACTGCTTGAGCCAGAGCGCTTACCTTGGTAAGGTCTACCGCAGAGAGAGTGATACTCTGGACCCAGTAAGAACTGATGTAGGAGTCCACTATGGAGCGGGCAAGATTGGAAGCGCTCATTGAGGGATTACTGTTCAGAGCCTGCAGGAATACGGGGTAGTTCCATCCCTCAAGTGGTTCTGATTCCTGGGAGGCGACCAGAAGTTGCGCACCATCGCGCAATTCATAGGCTACCTCAACCAGAGCCATGAGGCAAGCGTCCATTCCCAAAAGGTCGATTTTCCCTCCTGTATAGATTTTGGCTTGGCGCAGGGCGCTGGCCAGCTCGGGTATGGTCAGGGCATCGCCGCCAGAGGTTTCATCAAAGGAGATGTCTTTACTGTTCCCTTTGAAGCCGTAGCCGTGGTTCCAGATAATGAGCGCATAGTGCTCGGCAGGGTAGTTTTCCGCACAGAAGCGCACAAAATCAACCAAGGTATTACCGTCACCCATATTGGCTTCTCCCAAGTTTTCAAGGAGTGTTGAGCCCCCCTGGTTCACGAGATAACGGGCAGTTCCTCCCCGAGCCTGGTCAAACTGAACAACCACTTTTACCCGGTTGCTGGAGCCGACGCTTTCCATAGAGGCAAGGTCTGCCCAGGCTGCCTGTTCAAGGTCGTTGTCGCCGTTTAAAAAAACCATTACTGTCCACTGGATGCTCTTTGAACCCCCCGAAGTGGGGATTATACCCACGTTGAGGCAGCCGCTTATGAGAAAAACTATACTTAGAACCACTACCAGAAATAGAAATCTTTTCTTCATGATATTTCGCATCCCTTCTTTTAAGACTTCACTTCAACCTCTACTCGTAAAAGGTCCACTTCCCCACCTGACGCATCAGTGCGGGAATAGGAATAGAAACGCTGTAAGCCCGGACGCATGGAAAAGTAGCGCGACAGATTGTCCACCGTGTTACCTGCAGAGTCGGTTACCACCACCATGATATCAACAATCTCTGGTTCACCAAGCTCTTCCAGTGGAACGGTTATTTGCACTGCGTTGTCAGTCACCGTTCCTCCGGTAAAGAACTGGTCCAATCCTCCCGGTTCGCGCTGATAAAAATTGCCGTTTTCCATGCGGAAGATAAAATAGTTTGCCCACTCATCGGGGTTACTGGACGGCCCGGTTAGAACGTTCTCATCGGTGTCAATGGCAAAATAGTATACGTAATCAAGCGGCGGAGAAGAAGCAAAAATTGCTGATATGGTGAGTTCGCCCCCCTCTTCCTCCCAGGAGGGTTGTTCTCCTCGAGCACATCCCATGATCCCCAGACTTATACCAAGCAGAAGAGCGAGCAATAACAACCAGGTTTTTTGAGACATTTTATTCGCCTCCCAGGCTGAATTTGTGTTCAGGGAAAGCTTTTATGGCGTATTCAATCCAGAAAGTGTCTTTTGATTGGTCGTAAAAAAGAGTAACTTCCCGGCAGTGGAGATCTCTGGTTAAGCCCACCCTAATGCTTTCTATTTTGTGGGAGCTGAAATCATAATTTCCCTGACAGTCCAGCGCCCATTCTTTACCCAGTGGCCAGCTGATTTCAAAGACCATGCCTTCCCATTCACTGTTTTCAAAGTCGTAATTTGCACGGAGCTCCACGGAATGGTTGGAGTCTTCAGTATAGCTTACGTTGATGATGCCGTCCAGAAATTGCTTTTCCAAAAAGTCGTAACCACTGCTGAAGCTCACTTCCCAGGGCTCTTTTGCAAAATGCAGGCTCAGGTCCAGAAAACTGGTTTTCCGGGTGGTGTAGTCAAAGCGAAAGGGAGTTGCTCCATCATATCCGCCGAAGCCGTAGCCCAAGCTCAAGGTGGTGTGTTCTCCAAAACTCTGCTTGAGGTTGGTTTCCACGTCGTAAGTGTAGCGAGCGAAGCCGTTACCATAAAAATCCTGAGTGAAAAGAATGACTGGCTCGAGAGTGGTATTTTCTCCCAGCTCACTTTTTCCAGTGGTTTTTAGGGAAAAACGAATCCGTTCTTCTTTCACACCAGTTGCTTGCTCGAAATAGCTTCCAATGGTAAGCGAGGGTTGGTAATAAAAGTCAGACTGACCGATTTGTTCCTTTTTTCGAGAAATACTAAGCTCAGGTTCTTTGAGCACCCGGTTTCCAAAGTCACCGGTGTAGAGGTCCTGATCCAGATCCAGAAAGCCAGTATAGGTCAGTTTGTAAGAGTACGGGTCCTGGGAGTGAGATAGGGCAAGCTCATAGTCCAGTTCCTGGTCGGTGAACTCCCCCCACTGGTGGTCCTGAGAGTAATCCAGCTTGAGGTTGGCATTGAGGTTTTTCTCAAGTTGGTAGGAAGTGTTGAGGACTGCTCTGAGTTGGTCCTCTTCAGAAGCCAGGTTCCAGTCGTAGTCAAGATTTAGCTTCATGGAGTAATCTTCTTTTTTCTGAGCGAAGGAAAAGGTTCCTGAAAAAGTATCCTGGTCGCTGCCTTGATAGTTGAGGTAATCAAGACCCAGGGTCAATGAGGCGTCGGAACTTGGCTCTCTGTAGTAATCCAGGCTCCCTTTAAGGTAATCTCTGGACCCTTCTGGCTTGTCGCGGTAATAAAGGTAGCCTTCCAGAGTCTCTTTGGGTTTTTCATGCTCTATAAAGTGGCGGACTCCCAAACCCCAGCCACTTTTTTCCCACCAGTCAAGGTACACGGTGCCGAAAGAGCCGTCGCTAACAAAGTAGTTGTAGAATAAATTCAGGTAGTAGCCACTGCTTGAGGAGTGCCCGAGCAAAGGTAGAAAAGGAAGTTGCTCTTTACGGTCCAGAAAAATGACATAGTAAGGAAGGGTGAACAGTTTTCTTCCAAAATCCCAGTATGAAAACCGAAAAAGTTCTACCTTTTTATCGGGATAAATGATTATTTTCTGAGCTTCAAAGTGGTAATGGGGTTCTTCAAGGTCGCAGCTTGTAAAAAAAGCGCCTTCGATTTTTGTTTCCTCAGGAGTTCGCTCTACTTCTTCGCCGCGGAAGTAAACAGTTCCTTCAATTCCTTCTCCCCGCAGGTCAGAGCGTACTCCATAGAGCATCCACTGGTCCTCTGCCCAGTTGTAAGCAATTTCCCGGGCGTGATAACCCTCGTCTTCGGTTCTCACCCGAACATGTCCCTGTGCAAAAAGCTTTTTATCTTTCAAGAGGATTTTGATGAAATCAGCTTCTATGGTGTATTCTCCATGCTGAATGGTACCTTTTTCCACCATGGCTTCCTCTTTTTCGGGATGGTAGATAAGCCGTTCTCCAGTTAGCTCTATGCGATCGGACTCTTCCTGGGAGAAAGATATGCTAACCATTCCCAGAAGGGAGAAAA
NZ_CP121689.1_gap6	54518	55100	582	AAATAGTGAAGTTTTTGTGGAAAGACAGCTGCAAAAACCAAAGGTTTCTTTCTGGTAAGAATGCTGGCTACTCGGTTTTTGCGATAACCAATTTTTTCGGCAATAGTCAAAATCCTTTGCCGAGTTTGAGGGTCTATCCCACGCCGGTTGTGAAGCGCCCGGTCCACAGTACCAATGGAAACCCCGGCTAAAGAGGCAATGTCTTTTATGGTTGGTCTTCGCTTGTGGTCGTTCATCACGTTAACGTTAACGAGAATTTTTAATAATTATACCACACTTTCTAAAAGTGCTATTTTCGAGGGCGAATATCGTTGATGATCAATTTAGCTTTCTGTGCAAGTGGTTGCGGAACCAATATCTCTAAGGGACCCGTATCTCCAAAGTAGGCTTCTCCTCCGTAAGGCTCGGTGGAGGGGCGGAGAATTACCCGTATTCCCTCTGCTTCAAGATACCCTTTTATGAGTTCTGCTTCTACCCGGTTCGCAGCAAGCATTACTTTCTGGTATTGCATGGGCACTCCCTATTAAAGAATTTTTTCCATATTAGCGCAAATTCAGCTTTCCAGCAATTGCACGTTGGAAA
NZ_CP121689.1_gap7	60052	63733	3681	AGTGCTCTGAGAGATAGGTTCTTATCTCATGCGAAAAAAGATTGACCAACCTTTTTCCAAGGCTTCCGCCAACTATGATAACCTCTGGATTAAGTATCTGAATTATGTTAAGAAAGGCTACAGATAGATATTGAATGAGTGGTTCAATCGCTTTCAGCAATTTGGGATGTTGGTCAGATAAGAGGTCAAACAGTTTTCTTACACAATCCTCGTGGGTTCTATCAGATAAAAAAAGATTTTTGCACAAGGGTTCTCGATTTATAAATTCTTCGAGACCAAGGCCCGAGAGCAAAGACATCAAGCAACCAGTGTTACCGCACTTGCAGCTGAAGCCATTTATATCAACGACCATGTGTCCGAATTCTCCAGCACTTCCCAAGGAGCCCCTGTAGAGTTTTCGATCAATAAATATTGCCCCTCCTGTACCAGTACTGATGGTGAGATACACTGCATTTGTAAAGTTTTTACCTGCACCGATGCGCATTTCAGCAAGTCCTACCAGGTTGGCGTCGTTGTCCAGCAAAACTGGCATCTTAAGTTTTTTCTCTAAAAACTCTTTAAGAGGAGTTTTTTCCCAGGCTGAGTTACGGAGATTGGTATATGAAAATGTAGAACCCTTTTTGAAATCAACTGGACCGGGATACCCCACACCAGCTCCCACAATAAATATATTACCGCAGTTTTCCAATAATTTACTTACGTTCAAGGCTATAAAATCGACCAGTTGCTCAGGGGTAAAATTTCTGTGTTCCTCGCTAATAGAACATTTTAGTATTTCCAGATTTTCTGTAACCAGGCCCAGGCGGAGTTTGGTTCCGCCTATATCAATACCCAGTGCACAGCGTCGAGCCAATTCGATCACCCGTATCCTATTTATTTGGTTACAGAGAATGTTCAGTACGCCTGATTATATCTTCCTGGGTTTTGGGGTCCAGAGCAACAAATAGAGCGCTATAGCCTGCCACTCTAACAATGAGGTCGCGATATTTTTCGGGGCTCTTTTGAGCTTCCCGAAGGGTTTGCGCGTCAACAACGTTGAACTGGACATGCCATCCCTTAAGATCCCGGAAAAAAGTGATTATCAGGTCGATAAGTTTCTTAATGCCCTCTTCTTTGGCAAGTACCGAGGGAGTAAATTTGAGGTTGAGTAGTTGAGCAATCATTTTAATTGTGGGAAGTTTACTCACCGATTTGAGCACCGCAGTGGGGCCCTTTTTTTCGGTTCCGTAGAAAGGAGAAACACCTTCAGCTATGGGTTCTCCTGCTCTCCTCCCGTCGGGGGTTGCTCCAACAGCCATACCCAAGGGGACATTGGCAGAAATATTCGAGGTTGATCCACAGTAGTTTCCGCCTATAGGACCGCGTCCAAAGCGGGTATTACGATAATTTTTAAGTTCATAAAGGTAGTCTTCCATAACTCTTTGAGCAAGCGCATCCACATAGTCTTCATCATTACCATACTTGGGGACTTTATCGCGTATTTTTTTGAGCACCATCTGGCCCGATGGACTTTCGAAATTTTCTCGCAGTGCAGTGAGCAGTTCTTCCCAGGTTAAAGTGCGTTCTTCGTATATTAATTTACGAATGGAAGCGAGACTATTTGCGGTGTTGGCTAATCCTGAAAAAGGACCACTAACCACGTCGTATACCGCTCCTCCTTCTTTAATGCTCTTGCCTCTTTCCAGACAATTGTCTACCAGCGCTGAACAAAAAGCGTCAGGAACCAGTTCCTCGAGTGCAGTATCGGCTCCTGCATCCATTAAAACTTCGCATTTAGTGTAAAAAGCAAGTTGTTTTCGAAATTCCTGATAAAAGTCTTCAAAGTTTTTGCAATGCTGGGGTGTTTTTGTGGTATGAAGGCAACAACCATTGACAGGACACTTTCCTCCATAAAGGGTAACTTCGAGTACTTTTAACGCATTGAGGAAAGACATACCAGTGTTACGATATCCCCATTTTCCAGGAACTGCAGCTTCTACGCAACCGACAATGGCATAATCTCTTGCGTCTTCAATGGTGGCCCCTTTTTCCATGAGGGCGGGTATGATTATTTCGTCGTTCTTCATAGCTGGCATTCCAAATCCCAACCTGATGACTCTGGCACATTCTTCAAGGTAAAAACGCGGGGAGGTGGTGTGATAGCGCGCCGAAAGGTTAGGAGTTGTTAAGCGTAACCCCCCTACAGCTTTTAAGATAAGAATGCTCAATTCATTGGTAGCATCTCGGCCAGAACGGTCCTGACCGCCAATGGTTACGTTCTGATAGGTCGTATACCCCATCCCAAAGCGGGTATGCGCCCAGGGACGGATTTTGTTGATAGTGAACATCTTAATGAACAGGTTCTGTAAAAGCTCTACAGTAAACTGGTGGTCAATTTTTCCTTCCTGAAAATCTTTAGCCCAGTAAGGATAGAGATATTGATCTAACCTTCCCAAAGAGAAAGAATGTCCATTACTTTCTATTTGAGTGATTAAATGAACAAACCAGGTGAGCTGTATTGCTTCGTAGAAACTGGTTGGGGGTCGTTCTGCAATGCGGTCAAGCACTTTAGCAATGTTTTCAAGTTCTCTTTTGCGGAACGGGTTCTCGGTTACACTGGCCTCCAGTTTGGCCAGTTGTTCATATCTTTTTATAAACTTTATTACTCCTTCCAGTACGATAATTACAGATTCATAGAAGACCTTTTTCTTGATGAAATCAGGGTCTCTGGGGTCCAGAGACTCTTTTTTTTCAATTGTTTCTTCAAGCAATCCTTTCCAGCCCTTTTCCAGGACCTTGGGGAAGTTTACAATAATGTGTCCATCACCGGAAGTGATGTTCCCTCTTCCCGAAATAGCTCCTATTTCTTGAGCTTTCAGCACAAAGTCAGGAATAATTTGCGTAGCTCTATCATAAAGGGTTTTCCCTTTCCAGTAAGGGATTACTTCTTTGAGGAGTATTTCTTTTGCTTTCTGGTCGATGAGAAATTTGTCCCCTGGTCTGCGGTGAAATTCATCAATTTCATTAACGATCCAATCCCAGGAGTACTCAGGAAAAATGGGTGCTCCTCGTGGTTTCGAAGCTTGGTTGCCAACCAGTAGCTCGTCCTGATATATAAAAATAGTCATTTTTTCCAGAGTGCTGGCTAATGCTTTAGCTCTCTTCAAAATTGGGGGGTCTGCTTCATTTTGCTGGTACGTTTCGGTATAAATACGAGCTCTCTCTATACAAACTTCAGGTATTGTTTCCAGCAATGCTTCACGCATAGAGCGAATTCGTTCTGACATGGTATAACCCGTTTCTAAAACGTCTAACACGGACTGGGTCATTTTGCTCACCTCACATTAAAAAACTCATAAACGTTTTCTCAGTACTTCAAAGTGGAAAAATTCAGAATGGTAGTAATCTTTCGAAAAAAGGATTGCTTGTCCTCTCGCATCATAATGAACATGTTCGAGCAACAAAAAGGGTACACTCCTTTTTAAACCCAGCTTTTTCAGGAAATCTTTATCAGGGCAGTAAGGTATTATTTTGGCTTTCGAGTAGGCAATAACTATACCTTTTTGTTCCAGTGCCTGGAAAAGCGAACCGTGCCAGTCTCCATCCGAAAAATTTGCGGTGTAGTTTTCTGGAATAATGTCTTCCAGATAAAGCAATGGTTCGTTTTCAATGCCCCTTATACGCTTTAAGAGAACGAGAGGA
NZ_CP121689.1_gap8	69365	71440	2075	AAAGTAAAGCTTCCAGAAGGCACAAAAAATTGATTTGCGGATTCGGCCTGTTTTAGGCTGGGTTTCGAAGAAAGTCAAGGATCTTCCGGGAAAAACCGTACTGGTCAAACTCGCTGTTCAGATGAAAAACTGTTCCGGCATGACCGGTGTTGGGTAGAACAATCAACTCTGCCTTATTGCCTTTCTCGCGCAGTTTTTGGTACAGCAGTTGCGACTGCGCAGGAGGGGTAACCCGGTCTTTTTCGCCTACCGCTATCAGGTACTGGATGTGGGTTTTTTCAATCCGGTTAACCGGGGAAATTTCGGGAAGATTTTCTTCCCCCCCGAAAAGATGCAGAAACACTTTTTCAACTATGCCGCGAAATTCAGTTTGCAGATAGCCGCGATAAGCAGGGAGGTGATAAGGGCCGCTCAAAAGAACTACCTTCTTAATGTCGGAAAAAATTGTAGGTGGTAAAAGGTCGTCCTGAACGGTGAGAAGAGCTACAAGGTGTGCTCCTGCTGAATGTCCCATTAAAATCAGGTGATGAGGATTCCCACCGTAGCTTGAAATATGTTCATGGACCCATTCTAAAGCGTGCTTGGGGTCGTTGAGAAAACCAGGGAAGCGAACCTCCGGGTACACACGATAGTCAACGTTCACAAAGATGAAGCTGTTCTGGGTAAAGCTTCTGGCAAAGTGGGAGTATAGTAAGTCTTCTCTGGATCCTCGCATCCAGGCTCCTCCATGGAAAAAGACCACTACGGGGAGTTTTTCTCCTTTTTGGATGCTTGTGGGAACCAGGATATCAAGTTGCTGACGTGATTTTTTACCGTAGGCTATGTCTTTGTACACTATGCTTTCTGTGTATTCTGCGAGCTTTTCTGCAGGCATGTGAATTTTTTTGTTTTTATGCTCACAGGAGAGCTGGAAACGCTCACAGAGTGTTTGCATGATTTTTTCGTTTTCTGCGAAAGAAAAAGCGAATTGCTCTTTCAGGTCTTCAAGCAACGATTTTTGAGCGTTTTGAAAGACGGCTGCTCCCAGAGCAAGGAGTAAAAGAACCGCTACTGCACTGCTTCGTAAAGTAAGTTTTTCTTTTTGGGGGCTGGAATGTATCCAGCCCCTCAATTTTCGGATGCAGGCTAACAAGGCTTTATTCTTCACTCCACCTGGTAAGTGAGGGTTTGTTCTCCAAATTTACTGCATACTGCTTTAATTTCTATGACGTCACCTTCTTGCGCATCATTTAGAAGATAAAGGGCCTTTTGCTCTGCTTGAGTGAACTGAGATAAGAATACTTGTTCAATGACTACTTTCCCGTTTAACGAAATGGTTAGCGAGTTGATGTAGTGATCACCTTGGGGGTCACCGACCTGGTGAAGAATGGAGAGTTCCAGTACTTTGGTTTCTGGGTTGAAAACGGCATTGATTCGTGAGGGAGGATGAGCCAGAGAAATTGCCGGGAGCAGCAACAATAGGGTGAGGAATAGACAAAAGGTAAGTAAAAATTTTTGCCGTTGCATCGTTTCGTCTCACTTTACCTTGGTCATGGGTTGACCGCAGCAGACCAGCTCTCCACCGCCGACTTCTTTCACCTCAACCACATTACCACAGATTTCGCATCGAAAAACTTCGCCTACTTCTTTTACAGGTGGCATCTTGGTTTCACCTCCAGAAGGTTTTATAATTTAAAAAACCTTTTGAGGTTGAAAAAATTCCTGATTTGACGGTTGAAATTTGTGGAAAGACAAATCCTTTACATCATCATCCTTGCTATTTCCGTTTTGGTTACCGGTACAGCAGGATATATCATTATTGAGGGATGGCCTTTACTCGACGCTTTTTATATGACAGTTATCACACTCACCACAGTCGGTTTTGGAGAGGTTCACCCTCTTTCTGCATCCGGCAAGCTTTTTACCATTTTTCTGGTAGGTTCTGGAGTTTTCGTCGTAACCTATTCTATATCTTTTTTGGTCGGTCTTCTTGCCGAGGGGAGAGCCGGTGAATTCTTGCTCAGGAGGCGGGTCAGAATGGAGCTGCGAGAAATAGAAGGCCACTTTATCGTCTGTGGTTGTGGAGTGGTAGGTTC
NZ_CP121689.1_gap9	177466	180016	2550	CAATGGGTATGGCCTTTACCGCTTTGGGGCTTTTCCTTTTTGCTTTTCTGGGCAATGCCACAGATCTTACTTTCATTGTGGCCAGCTTGCTGCTCCTGGGCTTTGGGTTTGCGCTTTTTTCCTCTCCCAACACCAATGCCATCATGAGTTCCGTTGAAAAAAAGTTCTACGGGGTGGCATCGGCCACTCTGGCTACCATGCGGCTTGTGGGGCAGATGCTCAGCATGGGAATTGCCATGTTGATTTTTGCAGTATTTATGGGAAGAGTCCAGATCACACCTGAACGCTATCCACTCTTTTTGACAAGTGTTAAAGTTGCTTTTATGGTTTTTGCCTCTCTTTGTGTTTTGGGTATATTTGCCTCTCTCGCCCGGGGCAACCTGCATGGTGGAGCTTGATACACTGTGGTTCTTTCTCTTTTACCGGTGCAGTTTTTTATCTTTTGAAAAACCGGGTTAGCAAATCTTATAGCCTGTTCTTTTTCTTGAGATAGGCTGCGCAGTAATCAATGGTGGCCCCTATCGCAGAATAGGGAGATACGTACGTAAAGGAATCTTCTTTGATGGTGGAAGGTATGCTGAACTTTGCTTTGCCAATCTCTTTTCCTTGCGGATTGTAGTAGCGCTCTTCTATGGCGAGGTAACCGTAGTTTTCGGGATTGAGGTAGACTTTTAAGATGGCATATTCTACATCGTAGTCATCGAGCAACCTTATTGTGTACTCGGTTCCGTCCTCTGTTTTGTAGCTGGCTTCGTCTGGCCAGGGTTCTTTGTTTGCGCAGGCAATTGCTTTGAAAAGCCTTTCTATCAGCTTTTTGGAATCTGTTCCCAGAACTCGCTTTATCTGGGTTTTGATAATTTTGAACTTGGTGAGGCTGATAACTTCAACAAACGATTTGTCAACGAAGAAGGTGTCTTCACTGTAGGTGCGGGCTACCATTTTCCATTCTGCAGGGAACGCTATACCCGATGCCATCAGCAGGATGATAACGCATAAAAGCATCAATAACTTTTTCTTGGCAGACACGCTGCATCTCTCCTTTCCTGATTTCTGTGATTGACACAAACTGAACGCTTTAGGTGGTGCTTTTATTGAGCATTTTGGCGTTTTAAGAGAAAAATCACTTTTTCGTTTGCCCTTCTTCTTTGATAGCAATTTTCCATTTACCGAGAGCATTTACCTGGAGATAGTAACTGCCTCCTTGAGGCTGGTATGATGAGCCACGTTTAGCATTGCCCAGAATGTCCACGTAATCTCCATCTTTGGTGCAAATGGTTATCATGAAAAAATTCCCTTCTGCTTGCCACTCGATAACCCACGCTCCGGTAACGGTGAAAGGTCTTGTGTTCTGGATACCTTCCCCCTCAAACACGATTTGGTCAGAGGTGACCGTTTGCTGTTCGGTTATTTCTGGGGGTTGCAGAAGTTTTTCTAATTCTGCAACTCGTTGTTCGAGCTGTTCAATGCGAGTAAGAAGCTCTTCTGTGGTTACCGCGTAAGCAGAGGAAAAGGTTATCAGCGTAAAGCACACAAAAAGCAAAAAACTGGCTAAGCGACGCATATAAACACCTCCTGCAAAGGTTTTTTTTAGGCAAGCTTCCACTCGCCGTAAACCTTCTCAAAGAGAATTAAGAAACGAGTTTCGCAGTCAGTTTTAAAGTACCACCCGTTGTAGTAGAAGTCTTTGCAAAAGTCGTGGTACATGGAGATCATGTTGACGTTGATGTATTCGTGGCCGTAAATGTCTGTTACTGTGTAGAAAACGTATGCGAATGGGTATTCTATACTGAGCCTCCAGAGGTCATTTGTATAATCGAACATGATTCCTCCTGGTTTGCAGTAAGATAGGGCTAAGGCAAAATTATTTGCGTTGAGGGCCTGATACCAGGCAAGGAGAAGGTTTTCGCAGATTTGAAAGTCGTTACTTGCTATGGTGAAAGTGGTGGTTGAAGTACTGCAACCAACAAGAGAAAATATGCCCATAACTGTTATTAAAATAAGCGCAAGAAGAACTTTACGATCGAACAATGTTCTCCTCTCCTTTTTGATGATTTGGGTTCATTATTGATTGTAAGTTTACGCAACGTCATTTAGTGTCGCCGTGATAAAAAATCGGTTTTTTCTGGTTCAAAAATTTTTGAAAGATCTGACGAATGAAGATTGGCTTGGAAGTTTTTACTTTTGAGTAAGTTGCTTGGGGTGGATAAGGAAGCTTTGGCTTGGGATTTCGAAGGCTCTTCCTTGTCTTCAGTTGGTATTAAACAAAATCTTGTTTGCTGACTGAGTATGTTTTTGATAAATTGGGTATAATTGCCTGGGAAGAAGATTTGCAAAGTAGAGCGCTGCCCATATTGGTAAAAACGTGATGGCAGTTTTGGCATTTTGGATTACAGCTTTTTGGTGAGGAGGCTGTTTGATGGAGTGGTATCAAAAGGATATAAATGCGGTTTTTAAAGAGCTTAACACTGGTCCTGCAGGACTTTCGCAGGAAGAGGCGCAGAAAAGGCTTGCTCAGTACGGAGCGAACGAAATAAAAGAGGGGAAAAGACG
NZ_CP121689.1_gap10	232401	233246	845	TTTTCAATAGGCCTCGCTTTTCCATTGTTTGTAGCGTCCCTATAAGGGATTGAAAAAACCATAAATGTTGGCTGCTGAGAAGCCTTCCTGTTACCCTTCTTGCCAGTTTCTCCTTATGGTGATATAAATTTCTTGTTCAATAAGGATGGGGAAAGATTTTCTCTGGGGGAAGAGTGTATGAGGAAAGGGCTGTTTCTGGTAGGCATTTGCTTGTTGCTTTCTCTTGTTTTCGTGGAGCTGAGCTTTGGTGCTCGGGAAGGAGAGGGCTACTTTCAGATACCCTTTTCAAGCTTGGGCTGGAAAGAAAGCGTGAAACTCGAAGGTGGCAATCCCGCTTACACCCTTTACCTTCCTGACTTCACCGGCGTGGACTGGGGCCGCAGCTTTCTCTATCTTAACCTTTATGCTTCTCAGCTTATTCGTTCTCCTTCGTCGGTATCGATATACGGCGATGGAGAGCTCCTCCTCAATGCCGCTTTGAGGGCTGGTGAAAACAGCTTTCGTATCCCACTTGCTGCTCTTTCTACGGATAAAGATGTACACAGTATAGAAGTCAAGGCTCATCTGGTAATCAGCGATGACTTCTGTGAGGACCTGGCTTCAGGCAACCTGTTTGTGATTATAAGGAAAGACAGTTTGCTCAACCTTTACCGAAAAGATACCCCCCTTAAAAGCCTCGAGGATTTCCTGCATTTCCCTGAGGATGAAGTGGAGATTTTGCTTCCTTCTGGTGAATGGTCGCCGGACCTTCAAAGGGCGTTTATAGAGCTCTATGCTTTTTTGAGTCGATTTTACCGAGGATTGCCTGTCCGGATAACTGCTGGAATGTATAAGGGAGAAACAAC
NZ_CP121689.1_gap11	236226	240550	4324	GGACACCTCTGGGTCAAGCAGCATCAGTTCCTCTGTGGTTACTTTTTGTCTTCTGGCTTTTTACAAAACGGGCGTTTGGCTTTTCCTTTTTACCGGATTTCATAATGGTTATCGGCCTTTTGAACCTTCTTTTGGGCAACTTCCTGGGCATTTACCTTTCCATGCTTGCTGTGTTCCGTAGAGGGTTTTATGAGCTGCTTCCCTTTGCTTTGCTCAACCTCTTTTATTGGTTTCTGGCTGGAGTGGCGGCTTGGAAAGGCATTTTTCAGCTTTTTACCCGGCCCTTTTTCTGGGAGAAGACCGTTCACGGTCTGGGAGGAAAGCAGTAATCCATGAAGAAAAGCCTGAGGATTGCGGCTTTTGTGCTTTTTCTGGCGAGTTTTTGGGTTTTGTTTTCGCTTTTTGCGCTCTGGGCACAAAGGGAGGGTTTACTGTCTCCAGAGGCCTATTTCCTATCTTTCTGGGCTAATGCGGTGCACCGCGAGGGGGTTTTTAACCTTAAAACCTTCTTTTTGACTTATCCCACCCTTCCTTTCCTGCTTTCTATTTTTGCTCCCGGGGCACCCTTTGTGGTTTCTGCCTGTGGGGTTCTGGGAGTGGCCTTTGCCTCACGCTGGGTCTTCGGCCAGGACACACTGCTTGAGAGCCTGCTTTTTATGGCTTTTTTTACTTCCCCGCTTTTTCTTTCTTCGCTGTGCAGTTCTCCGATACTTACTCTTTTTGTTACTTTATTGGCAGGAGCTTTTTTTGCCATCTTGCGCCATAGAGAGTGGGGGCTCACCCATTGCTTGTTTGCAAGCGGTTTTCTGCTGGGGGCAGTCACCTTAACTTATCCCCGCTTCAGATGCATCATGGTGGCTCTGGCGGCTATTGTGCTGCTTTTTCCGGGTAGCTGGAGCAAAAAGCTGGGTCTTTTGCTGGTGCTCTTTTTCCCTATATTTTCGCTTTTGGGCACCCTTGCCTTTCTTTACTGGATTTACGACGGTAATCCGCTGGGTTTTCTGGACCTGCATTCCCAGAGTTTTGCTTTCTACTTTAATTTTGCTTCTCTGGGAGGGCTTCAAAAAACAGTTGCTGAACTTAGCAAATTCTGGCCTTTCTTTTTACCCTTTGTGTGGGCAATTCTTTCCGAAAGGAAAAGGTTTCTCTGGGGGTTGGGTGCGCTTTTTTCGGGCATTCTTGCTTTGCCTGTTTTCTCTCTGATGGTAGTTTTTCTAACTCAGGTTAGCGGGGTGCTGGAGTGGCGGGGTGAGCGGGGATGGGTAAAAGCGGTCAACGTGTTGTTGCTTTGCGTTTTTGTGATTCTGAGCTGGGGGAGGTTTGTGGTTGATAGCCGGGGTTTCTTTTTCCATCTCTATCCCCGGCTTGAGGAGAAGCTGGCTGAGTATCGCAAACTCGAGGAATTGGTACAGGGTAAAGTGTTGGTCATGGAGCCTGCTTCTTTTCTGGTTTCTTCCTGGAAAGATATGGACAGAGTCTGGACTCCCGAACTAAGGAATCCCAATAATTCTTTTTACGCTGATTTTGCTAATTATGACTATCTGATAACCTCTGAAAACTCGCTGGGTCTCCCTGGTTTTGAGCTGGCTTGGAAGGGTAGAGAGCTCAGGCTTTACCGAAGGTTGGACGTCCTGGCTGTAGATGAGTGATGGTATTTAGCGCAAAAGCTTTGTGCGACGGCTTTTCAGATTGAAGATACACGTTTTCACTTCCGGCACATTTTCCAGTGCATTCCATAACTCAAAGAATCCAAACCCTATGTTTTTCCAGTTTTAACCAGCATAGCAATATCGCTTACTCTGGTTTGCTGAAGCCCCAAATTATCGGGATTTTTGCCTCATACTTTTTCGAGAAAGAAAATTATAATTGAATGTCGTTTTTGTCTTGCGTTCTCTTTATTGAAGGAAGTGTTTCTCTGCTTCTCACTGCTTTGTTTTGTGGCTCTTTTAGGGGCTAAAGGAATCTGAAAAGCTGGTGAACGTTTCTTCGAGCCTTGCTGTCGGTTTACAAAAATTTTTATCTTTTCCGTCAGAACGTCAGAAATTGACATTGCTTACCGGTAGAATCAAGTACACAATGGGTGTACTGTGGCTGTCTATGCTCCTTTCCATCAAGGTTATAGGCATGATTGGCGCTTGGAAAAGATGGCGAAGGAGAGACTCCGCGGACCTTGTCGGAGAAGCGCTCTTCTTTTTGTGAAGAGATTTTGTTTCAGACCTTGCGGGCACTGGCCTTGCAGGCAGAAATGAGTCGGGAAGATGCTGAATTTATACAGGGTTTGAGAATGCTTTTTCGGGAGCAGTTAGTAGAAAAGAAAAACTTGTTTGAGAGATGATGAAGACAAAGAAAGAGCGTCCAGGGGAGGTGGTATCATGCTTGTTTGGGGTCGCTCGGATGATAACGGAAAGAGAATTTGCAGAACCTGCAATGGAACCGGACGCTGCCACCACTGTCGTGGTTCGGGTCTCAAATATTACTCTGGTTACGGAAGGCCGCACAGTAAGGATCCCTGTCCCTGGTGCTATGGCACGGGCGTTTGCCGTTACTGTCGGGGTACTGGTAGGCGTTGGTAGGTTGTAGTTTGCTTTGTGGCGCTTTTTCGCTTGCTATAAAGAGCAGCCGCCAAAGCCTCTGGCTGCCTTTGGGAAGTACTCCGATATGTTGTAGCTGATGGGTATTGAGCCACTGGATTTTGGAGAGAATAGCTCCGGGACGAGGTACGGGTGAAAGTGGTGCAGGCAATTGGCTAAAGCAGGAGAGATTGTGTTAGTTTATGCTTTGGAGTATAGTTTTGTAGAACACTGGCTCGAGCATAGAGGAAGCTTACCCTAAATAGGAAGTCTTTGGGTAGAGGACAATAGTAGTTACTGGAGAAGTGAGCGCTCATATTCAGTGGAATATTCAGTGGATAAAGAGGTGATGAGTTTGAGGTTAAGTTATCGCGTCTTGCTTCGAAGGGAGCCGGAAGGGGGTTACACAGTGGTAGTTCCTTCTCTTCCAGGGTGTGTTACTTATGGTGAAACAATAGAAGAGGCGATAGCAATGGCAAGGGAAGCTATAGAACTCTATGTAGAGAGCCTGCGGGAACATGGGGAAGAAATACCGACAGAAGAAGGGACCCTGGAGTACATGTTAACCGTGGAAACCCATGCATAGCTTCCCATCACTCACCCCTGAAAAAGTTATCAGGATCCTTGAAAAGAAAGGGTTTGTGCTGGATAGAGTGAGGGGAAGCCACCATATTTACTATCACCCGGAGACGAAAAGAAGAGTTACTGTTCCCCGGCACAAAAAGGATTTGCCAAAAGGCACCTTGTTCGAAATTTTGAAGCAAGCAGGTATCACCAGAGAAGAACTGAAAAATTTGTTATGAGTCCAAAACAGGGATGTATGTTTTTATTCCACTCAAATTTGCCACGTTTTCACTTCTGGGCTTCGTCTATCTTTAGAGTATGTCTGAAATGTTGACACTCAGCAAAAGATTTTTTTAGAAGTAAAAGTGTTTACTTTTTACAATCATCTCTGAAGCTTTAATCAGGTTGGGGTGGGTTAGCGGAAAGTTTAAACTGTAGTGAGTGCAGGAGATTTTCAGATTTCAAACCTTTCTGTTTTTGGGGAAAAAGCTACCTATGCGCTTATGGCAGGATGCATCGTATGGCCGGAAAGTATTAAAATGGGAACGCAGTTAGTATTTGAGCAAGGATTAGCCCCGGAAAACCTGCTTTCTTGGGGTTTTCTGGGGCAGTTTTTTACGAGCAGCAAGAGCAGCCGCCGAAAGCTCCGCTGTGGCCGCCTTTTGGGGAACAACCCAGCATGAAACCTCCAAATACCTGAGTGAGCTCCTTGCTCCCGCATTGAGGGCAGGTGAGGTCAAGACCCCGTTCTTTCTCTTCAATCGAGGCTTTAACTTCCATAGAACTTCCACACTGCTTGCAACGATACTCGTAAGTTGGCATTGCCTTCTCCCCTTTCTGTAGGTTTTTATTTTCTATTTAAAACCGAAAAAAGGAAAAATTCTTCCCCCGGTAGGGGGGTTGTCCGAATTTTTGCTGAAAAATGGGTTTCGCCAGCATCCAGCGTCGGTTTTTGACGCTGCGCAGGTTTTACAATAATTATTTTAAATTCTCACCTTGAGAAGCAAAAAGTGAGTTTTCGAGCGTTCTTCTTTTGTTCTGCAGTGAATATTTTGTTGAGTTTTTGTTGTTGACGGGAAAACCTTTATGGGCTTCCAGATTGTGGCTACTTTTGATTTTTTGCGTTATCGGGAATTCTGGAAAGGAATTTGTGCTTAATATTTGCAAGGAGGTGGTATTGGCACAAGGGA
NZ_CP121689.1_gap12	248006	249612	1606	AGTGGGACGTTGGTATGGGAGGAAGAAGGATTTTTATCGGGGTCGGGAATTACCTGAGGCTTTTTTCTGACCAGCGTTTCTGGGGAGCCATGAAGAACACCGGGTTAGAGCTTTTGATTGGTGTGGGTACCCAATTCTTAGTGGGACTTGGTCTGGCGTTACTTTTGAACAGATATTTTCGGGGAAGAAACCTGGTGGTTACCCTCTTTCTTCTTCCCATGATGATTTCTCCGGTAGTGGTGGGATGCATCTGGAGAATCATCTATCACTATCAGTATGGTCCGTTGAATTTCCTTCTCGCCCGGATGGGTTTAAATCCGGTAAACTGGCTGGGGAGCAGTCAGGTTTCCATTTATTCGATTATCATTGCCGATATCTGGGAATGGACACCTTTTATGCTGATTACTCTTTTGGCTGGATTGCAGGCTATACCAGATGAACTTTATGAAGCAGCGAGAGTAGATGGAGCAGGGCGCTGGGCGATTTTCTCCCGAGTTGTGCTTCCTCTTTTGCGTCCGGTAATCATTATTGCTGTTTTAATCCGGGTGATGGATGCTTTCAAGATATTTGACCTCGTGGTGCTTCTCACTCACGGTGGACCAGGCCAATCCTCAGAAACTATTGCTTTTTACAACTATACTACAGGTTTCAAATACTTTAGCATGGGTTATGCTTCGGCAATGGCCTACTTCCAACTGGCCGTTATTGTCATCATTGCCAATGTTTTCCTTGCTTCCTGGAAAAGGAGGGAAGTGTCTTGAAAATCAGGGATGGAATGAAAGTGGCAATTTTCCTGACTATTTTCGTTGTCCTCCTTATAATGTTAAGCCCTTTCATATGGAACGTTATGACTTCTTTCAAAGACAAGGGAGAATATTTTACCTATCCACCTGTTTTCATACCACGTTCTTTCGACCTGGAACATTACGTCCAGGGTGGGAAATTGGGTGGCATAAAAGGCATGCGGGATAGCCTGATTATCGCTTCCTCAACTACTTTGATAGCCATTGTGCTGGGCTCTCTGGCAGCTTACTCACTGGCACGTTTTCGGATTGGTGGCGATAACCTCGCTTTCTGGATTTTGTCGGTGCGCATGATGCCACCCATTGCCTCGGTGCTACCCCTTTTTCTCTTTTTCCGTTTTTTGCGCTGGCTGGATACTTACCAGGCTCTAATTCTAACCCACTCTCTGGTGAATTTACCCTTTGCGGTCTGGATGATGAAGGGATTCTTTGAAGAACTGCCCCAGGAGCTTGAGGAAGCAGCTTTGGTGGATGGTTGTGGAAGGCTTGGCGCTTTCGCTCGCGTGGCTTTGCCTCTGGTTGCTCCGGGTCTCGTGGCTACGGCTCTTTTTTGCTTCATGTTTTCCTGGAACGAGTTTTTGTTTGCTTTAATTTTAGGACGTTCACGCGTAACCCCGATCACCGTGAACATTGCCGGGATGATTGGTGGACACGAAATACTATGGGCTGAAATATCGGCTGTTTCCATTATGGCCAGCGTGCCGATTATTATCATGGCCATCGTTTTGCAGCGTTATCTGGTGCGTGGACTTACCCTGGGAGCTGTAAAGGGCTGATTTCACCAGGTTTCGCTTTTTTGGGAA
NZ_CP121689.1_gap13	251345	253592	2247	CACGGGGCGTGAAAAGATTTCCTGTGAAGGCTTAAAAGAGGTGATAACTTGCCAGAGAAAAGGAGAAAGGCTGAATAGAACCACAAGAGCTATCAAGCAGTAGAAGAAGACCATCCTGCCTTTTTTGCTTTTCATCCCAGTTCCACCTCCTCTCTCTGAAAAAAGAGGATAACGAAGATGATAATCAGCGAAAGAGCAAAAATGGCCACCGAGAGAGCAGAACCGTAGCCCAGATTTAAGTATCGAAAAGTGTAACTGTAAAGATATACCGAGAGGGTTTCGGTTGTTCCCCCAGGGCCTCCCTGAGTCAGGACCCAGATCAGGTCAAAAACTGCGAAGGCCTGCAGGCTTCGAAAAAGGAGGGCCAGAATGATAACCGGTCGCAGGAGAGGGAGAGTAACATATCGAAACCGCGCCCAACCACCGGCGCCATCGATACTGGCAGCTGCGTAAAGTTCCTGAGGGATGGACTGTAGCCCGGCAAGCAGCATCAGAGCCATGAAAGAGGTGGTTTTCCAAGCATCGGAAAAGATGGCAGCATGCATTGCCAGAGGACTTTTTCCTAACCAGGCCACTGCTTCGCGGATGATGCCCAGACGAAGGAGGATATCGTTGGCTACACCATAGATGTCGTGGTAAATCCAGCGCCAGGCCATGGCCATCACCGCAGTGGGCAGAGCCCAGGGAAGGATGACACTGGCCCGGGCAAAGTTTCGAAAGCGAAAATTAAGGTTTAAAAGGAGTGCAAAAGAAAGTCCCAACAAAAACTCTATACCTACTGATACCACCGTGAAATAAAGTGTGTTACCTAAAGCCTGGCGGAATCGAAGGTCCCTGGTGAATATTTTCAGGTAATGCTTGAATCCTGCAAAACTTTCTACCATGCCAGTAGCGATGCTTTTTTCGTGGAAGGAAAGATAGACGTTTCTGGCTACTGGATAGATGATAACCAATCCGAAGAGAAGAAGAGCCGGAAGCAAGAGAAGATACCCAAAACGCCGATCGGTAAGAAATGGTTTTTTTCCGTGCTTCATGACTATCCCCCAACTGTAGGGGGCGGATTTTTCCGCCCCCTACGTGTCTTATTGGCCTAACAGTTCTCTGATTTCCTGGGCAGCACGCTTTATCGCTTCTTCAGGTTTGATGGTTCCAGTCAGTCCAGCATGGAGGTTTCTCTGGAGAATATCTGAGATTTGTGCATATTGAGGATGTTGTGGTCTGGTTCGAGCATTAATTTGTACTCTCCACAGATCTGGATAGTGAGGGCTTTCCTTGAGAATATCGGGATCTGCAAAGAGAGCATGGCGGGTGGGGATGTAGCCATTATAGAAGTGGAGAATTTTTTGCGATTCATAGCTGGTGGCGAATTTAATCCATTCCCAGGCTTCTTCCTGGTGTTTGCTGAATTTGGAAATTACCCATCCCCAGCCTCCCTGGGTGGCTGCACTCTGAAATCCTTCTTTATGAACCATGGGAGTGATACCTACTTTGCCCTTTATGGGTGAGTCTTCTTTCTGGGCCAGAGTCCATACATAGGGCCAGTTGCGGTGGAACACGGCCTGTCCGTTGTGGAACACATGACGTGATTCTTCTTCCTGGTAGGTGGTGACCCCTGGTGGAGAAATCTTGTAGGTGTTGATCACGTCATACATAAACTGTAACGCTTCTACTGCTGCGGTACCCTGGTCGAGCACTACCTTACCCTCTGCGTCGAGGAGTTCTCCTCCCGCTCCCCAGAGAAGCTCCAGATAGTCACAGATTAGACCTTCATATTGGTTGCCCTGCCATACGAATCCCCATAGATCCGGTGGATTCTGAAGTTTCTGTGCCTGTTCTACCAAATCGTCCCAGGTCAGCGGTGGCTCAAAACCTGCTTCCTCCAGGAGGTCTTTGCGGTAGTAAAGCATGCCGGCGTCGGACTGGCTGGGTATACGATAAAGCTTTCCTTGGTACATTCCTCCTGCAATATCTCCGGGGAGGAACTGTGCAATTTCGTAGGGAGTTAACCGATCTCCCAGAGGAATGATCCAGCCTGCAGCGGCGAACTTGGGCACCCAAATCAAGTCAGCGTAAGCCATGTCATAGGTACTTTCTCCGGCCATAAAAGAAGTGGTGTACATGTCTTCCCGGGTGTTGGTTGCTGAAGGGCCTTCCTGCATTTCTACCTTAATGTTGGGATGAGTTTTTTCAAAGTTTTCGATGAGTACTTTCCATCCTCCGCCAAAGTCGGTTTCAAAGAGCCAACGA
NZ_CP121689.1_gap14	254845	257427	2582	AGCAATTTCCCGATCCAGCTTCCAACATTTTTCTCGGTCAACAGCAATGGAAAGCACAACGAAAGAAGCGCCTTCAAGGGCTGAGGCTCTGTGGGTCGAGCTTTTCACCGTTACTTCTGAGCCAAAAGTCTGGTTCATTTTTTCCGCTAATTGATGAATTTTTCGCAACCCCTCCTCATTTATATCGTGCAGGAATAACTCGATACCCCGCAAATTGGGATGACGGAGTATGCCAACTAATGTGGAAAGACCGAAAACAGCGCTTCCTGCACCGATGATGGTAACCTTGGTCTTTTCCATAACGCGTCCTCCTTTCACCTTGTATTTACTGGTGCTGTTGATTCCTTGATGTCCAGGCTAACTTCTTCAATAACACAGTTTGGAATGTTGTTTCCTCTGATGAGCCGAATGAGCATTTCTACCAGCCTTTTTCCAACGAGTTTTTTGGGGATGTTAACTGAGGTGAGAGTGGGATTAGTGAGCCTGGTTACAAAGGTGTTATCGAATCCAACGATGGAAAGCTCTTCCGGTACCTTTATGCCCAGGTTTTGGGCAGCTTTCATCATCCCGCATGCGGTAGGGTCATTGTGGGTAAACACTGCGGTCACTTTTTGGTGAGCATTGCTCAGAAACTCCAGGCCGAACTGGTAGGCTGCCTGGAAAGTGAGCGGTATTTCTACCATTAGTTGGGAATTCACAGTAATTCCAGCTTCTTCGAGCGCCTTTGTATAGCCTCGGAAACGATCTCGAAAGATGGAGAATTTCCTGGGGCCTCCCACGCATAAAATCTTTGAGTGTCCAAGTTCGGTGAGATGTTTGGTAGCCAGATAAGATCCTTGCTCATCAGGAAGGAGGACGCTGGCAGAAAAAGGAACTTCCAGGTTGCCACCCAAAAACACCATGGGTAGATGAGTGGAAAAGGCTCTCTTTAGATGAGAGAGAGAAAGACGTGTAGCCACAATTACCCCATCTACTTTCCGGTTTTCCAGATCTCTCAGATACAGGATATCTTCGCCCTGCTTGATGGATGATAAGATGAGAAGGTTATAATCCATGCTCCGAGCTGTTGCTTCTGCAACTGCAAAAACTTCAGTAAAGAAAGGGTTAAAGATGTCGTCGATGAGCATGGCAATCAAGTGAGAGTGGGCCCTTTTTTTGTTAACAGGTATTTCTATCCCCAGCTCTTCCATAGCCTTAAGGACCTTTTGACGCAGGGCTTCACTGACAGGTCTTGTACCGTTAATTACGTGGGAAACAGTAGTAATCGAAACATTTGCTTTTTGAGCGATTTCTTTAAGCGTGGCCATTTTTCTCCTCTTTGCCAAATTTCCAAATTTGCGAAAATTTTAGCAAAAAGAGGGGTGTTTGTCAAGGAAAAGGTTCTGGAAAGTATGGTGGTCCAGAACAAGCAATTTTTACCGCAGGTTGCTTACTTGTGGCGATGACTCCAGAGTTTGAAATATCGCCGCTATTTGAAGCACAGCTTATCCACCCGCTGTTAAGAGTGGATAAGCTGTAAAGCAAAAACAAGATTATTTTAATGTTTCGGGGAGTTTGATAAGCCAGAGTTGAGTGTTACTTTCAACCGCGTCAGGGTTGGGAACGATTCGAAAAACTGGTTTGGCAACTTTGTTGTTGTGTTTAAGGCTACCGTCCGGGTAAAGTGTGTAGTCCAGAATTTCGGTATCTTGATTTTCGCTATCCTGAACATCAATGGTAATACCGAAATCGTTATCGCTTGCCACTACTATGGTTTTTCCGTCAGGGAGCATGGCTATTCCTTCCGCTTTTTCGGCTTTCCATCCATTTGTTCTTAAGTCGATTATCATTGTTTTGGATGCAAACTTAATGGTGGAGAGCTTATTCTTATCGGTGATGAATTCTGGTTCTTTCCCGTCTATTTTTAAGTTTGAAATATCTGTGGCGCCTTGTAATTCAACGAGATAGATGATATTGCGCATCTTTTTTTCCTTGTCTTTGCCCTGTTCAATTAGAAGAAGCTTGTCGTTGGAGATAGCGAAGATATCGCCTATCTTGGCGTCCTTGGGAGAATTATAATTTTCTCTATCAATGGGGTAAGCATACATCCTGGTTTTACCCGTAAGAGGATCAAGTTCCACAATCCTTGTGAACTGGGCGGTGACAGCTGTTTTTTCCTCTATGTTTAAAACACTTTGCACTGCAATATAGATTTTCCCGTTTGGTGCTACAGTGATGCCTTCAAATCCCCTATTAGGAATGCGGTATTTTAACACTTCAGGCAAACCATTGCCAGTGGCGTATTCTTTTAAGAGCTTGCCTTTTTTATCAAATTTGGCCACGAAAGGACCATACTCATCACAGATCCAGAAATTGCCTTCGTGGTCGAGTGCAATACCTTCCGGGTCAAGACCGTCGTTACTGTAACCTATAATTTGCAAGTTTTCAGTTAGGGCAATTTCGTTGGTGGCACCAATTAAGCCAGGTGTAATGGGTAATCCTGTGATGGATTTGCCCTCTTTGTGTTTGAGACTGATTGTTTCAACAATTTCTATTTCACTATATGAAAACCTGCGATTTTTCTTCCACGGCGACAGATTTTG
NZ_CP121689.1_gap15	268769	270177	1408	TACTTACGAAGCTTGCAAGAAACTAATAGAAAAAGCTGAAGTGGATGTGCAAAAAATAAGAGCTATTGGTATTACCAATCAGAGAGAAACAGTCGTTGCCTGGGACAGGGAAGGGAGGCCAATTTATAATGCTATCGTTTGGCAGTGTCAGAGAGGAAAAGAGCTTTGTGATAGTTTGAGGGAAGCTGGTTATGGGAATTTCGTAAAAGAGAGAACAGGTCTTTTGCTCGATCCTTATTTTTCAGCAAGTAAAATAGCCTGGATTTTTAGTAACCTTAAGAGTTGGCCAGGAAGCCGTGAATTGCAATGGGATGAGATTCTGGTTGGGACCATTGATTCCTGGTTGGTGTGGAATTTTACTGGTGGAAAGATGCATGCCACCGATTACTCCAATGCCAGTCGGACCATGCTTTTAAATATTGATACTTTGGAATGGGATGAAGAAATTTTGGAGTTGTTTTCCATACCTCGTTCGGTTCTTCCTGAACTTCTTCCTTCTGATGCCCTGTTCGGATATACGGATCTGGGAGGTATTTTGCCTAATCCTTTACCGATTGCTGCGGTTATGGGTGACTCAAGTGCTGCTCTTTATGGTCAACTGGGATATGAATTTGGGGCAGTTAAAGCGACTTATGGGACAGGAACTTCGATAATGGTCAATACCGGCAATACAAAGTATGTCGCTCGCTCAGCGGTTACCTCGGTTGGTTGGTTTGTAAATGAAAAGCCGACTTTTGTGCTGGAAGGTAACATCCATAGCTCTGGAGATACCATCCGCTGGTTAATAGAGGAAGTGGGGCTATATTCAGCTTATGAAGAAGTGGAACAATTAGCCAAAGCCCTGGATGATAATCAGGGAGTGTATCTTGTGCCTGCTTTCGTGGGACTGGGAGCTCCTTACTGGAAAAGCGGTGCACGTGCTTTGATTTGTGGTCTTTCTCGGGGAGTTGATAAGAGGCATTTTGCGAGGGCAGCAGTTGAGTCCATTGCTTATCAGGTTTTTGATCTTTTTGAGGCCATTGCCAAGGAAGGAGGATTTCGTTTCGAGCTTTTGCGAGCTGATGGTGGGGCTACCAGGAATGATTTTTTGATGCAGTTTCAGGCCGACCTTTTGCGTGTACCGGTTGCAGTAAGCAGTATAGAGGAATGTTCGGCAAGGGGTGTGGCTTTGCTGGCAGCACAAAAAGTTGGAATACTTGATGAGCAAGCATTGTCGCTAACTTCCCGGCTTTATGAGCCTCGGATGGATCTGGCACTTCGTAATCAATACCTTTCGGGATGGCACAAGGCTGTGGAGCGAGCAATGCTTGGAGTGTGAATTTACTTTTTCATCCGATTCTGTTTCAGAGTCGGCGGGGTTAGAGGAAGTGGGATTAATGTTTAATAACTCCTCCCGGTAGTCTGGACA
NZ_CP121689.1_gap16	305260	307238	1978	GGGGAGAGCGGATGTGGCAAGACAACTACTGCCAGGATGATTCTGGGTTTTGAAACCCCTACTTCAGGCAAAATACTTTTTAGGGGAGAGGATGTGGAGGGATTTAGAAACCGGAGGAAATGGTTCCTCCAGGTGCAGGCAGTTTTCCAGAATCCCTTCGAGACTTTCAATCCTTTGCGAAGAGTAGAAAGTTATTTCTTTGAAACGGTGCATAACTTTGATTTGGCAGCTACTCCCCCAGAAGCATACTCTTTAATCGATGAAAAGCTAAAGGCAGTTGGCCTTTCCTTGCAGGAGATTTCCGGCAAATACCCCAGTGAGTTTTCCGGCGGTCAATTGCAAAGGGCTTCCATAGCCCGGGCACTGCTTGCCAATCCTTCTCTTCTTATTGCTGATGAGCCGGTTTCTATGGTTGATGCGTCGTTGCGCATGTCTATCGTTAACCTTTTTCGGAAACTCTGCGACAATTTTGGCGTCAGTGTGCTCTATATCACCCATGACCTTGCTACCGCCTATTACATCAGTGACCGAATTGGAATTATGTTTCGGGGCAACCTGGTTGAAATGGGGCCAACTGAGAAAGTGCTTGGAGACCCAAAACATCCCTACACGAAGCTACTCTTGAATTCCATCCCCCAGCCGGATCCCAGAATGCGGTATAGAACCACTATCCAACTTCTTGAGGAACAAGAGGAGTACCTTTTGGAAGGTTGCAAATTTGCAAACCGCTGCCCGGAAAAGGGAAAGCTATGCTCTGAAGAAATGCCTGCTGAGACCTTTGTTGATGGAAGGATGGTCAGGTGTCATCTTTATGGCCCTGATGGGGATAATCTCCCTGAGAGGCAGGGAATAAAAAGGAGGTAAGTCAAGATGGGCAAAACATCCGAACTGGTACGTGATTTACTTTCTCGAATGACTCTTGAGGAAAAAGTAGCCCAGCTTTGCGCAGTGCATTCTAATCGCCTTACCGAAAACGGGAAATTTTCGCCGACTAAAGCCCGGGAGTTGCTCAAAAATGGCATTGGCCAGATAACTCGTTTGGTTGGCGATCCTGAAGCCGATCCTCGGCAGGCAGTAGAACTTGGCAATGAAATCCAGCGCTTCTTAAGAGAAGAAACGCGGTTGGGTATTCCGGCTATGATCCATGAAGAGTGCTTAAGTGGATTGATGATGAGAGGAGCTACTGTTTTCCCCCAGGCTATCGCGTTGGGGAGCACTTTCTCGCCGGAGCTTGTAGAGAGAATGACCACTACCATCCGTAAGAAAATGCGTGCGCTGGGGGTTCATCAGGGCCTGGCTCCGGTGCTTGATATTCCTCGAGATCCCCGCTGGGGAAGGACCGAAGAGACTTTTGGCGAAGATCCCTACCTGGTTTCCCGGATGGGTGCTGCGTACATCAGGGGCTTGCAAGGGGAAGACTTGCGCCAGGGGGTTGTAGCTACTGCTAAACATTTTACTGCTTACGGCATTTCTGAAGGGGGTCGCAACCTTGGTCCTGCTCGGGTAGGGGAACGTGAATTGCGTGAGGTTTTTCTTTTCCCCTTTGAGGTGGCCGTTCGGGAAGCTGGAGTATGCTCTATCATGAACGCCTATCACGATATAGATGGTGTTCCCTGTGCTGCTTCTTATTTTTTGTTGACCAGAATACTTCGTGAGGAGTGGGGATTTGAAGGCATTGTGGTTTCAGATTACAATGCAGTACGCATGCTTGAGAACTTTCACCGAGTAGCCCGGGATGCAAAAGAAGCAGCCATAAAGGCTCTTCAAGCTGGAATAGACATAGAGCTTCCCGATATTGATTGTTACCAGTTTATCGTTGATGCTGTACGCGAAGGCATGTTAAGCGAAAAAGTCGTTGATGAAGCAGTGCGAAGGGTTCTCAATGTTAAGTTTGAGCTGGGGCTTTTTGAAGAAGAGATGGTTACCGTGCAAAGTGAAAAAGTTGTTCAAGTTTTGGATACCGAAGAAGAGCGTGCTC
NZ_CP121689.1_gap17	333705	336174	2469	GGTAGCAACTCCTCGCCCTCTTACCCATGATCTGATGGCTTCGGTTATTCGCAGTTTGGGAGCAGAACTTGAGAAAGTTGTGATCACCAAGATTATTGATAACACCTTTTATGCGCTCCTTTATCTTAAAGTTGGGGACAAAGAAATTACCGTTGATTCTCGACCCAGCGATGGTATTGCACTCTCTTTACGCATGAAGGCACCCATTTACATTTCGGAAGAAATCCGGAGCTCTACTACCCTTGCTGTAGGGGAAATAGATGATAAAGAAATCGAAGAATTCCGTCAATTCCTGGATAACCTCAAGCCTGAAGACCTGAAGAAGTACCTGGGCTATGGAGAATAAGCCAATCATTGGAGTTATAGGCACAGCTTCTTCACACGATGCCTCAATTGTGGAGCTGGCTTTTGAGGTGGGGCGTGAGATAGCACGGCGGGGTGCAGTGTTGCTTTGTGGAGGCTTAGGTGGCGTTATGGAAGCCGCCTGTCGGGGGGCTAAAAAGGAGGGGGGAATCACCATTGGTATTCTCCCTGGAAGCTCAGTTAGTGAGGCCAATCCTTTTGTAGATTACTGTATTGCTACTGGTCTTGGAGAAGCCAGGAATTTAATTATTGTTCTTTCTTCTTCAGCTCTTGTGGCCTGTGGAGGTGGTGCAGGCACTTTGAGCGAGATAGCCTTTGCCCTCAAACATGGCAAACCCCTGGCAGGCTTGCGTACCTGGCAGCTTCGAAATGGGAGTGGGCAGGAGGGCTTTTTCCCTCAGTTTGAAAGTGCCAGGGAAGCTGTTGCCTACCTTTTTAAACGTCTGGAGGTTTAAATTGATCGCTGAGTTTGAAAGAGAAGAGGGTGTTACCAGGGTTAGCGTTTCTACCTTGCTCGATATAGTACAGGTAGCGGCCAAAAAGATTCCAGGAGTTGTCAACGTCCAGATGCCGCGTAATAAAGCAGGGGTGGTAGTTAGGGAACAGCCGCTCAATGCCAGCGATAAAGTACCTCTTGAAGACGGAGTGTTAGAAATCAACTTGGTTCTCACGCTTCGAGAAGATTGCCAGTTCCACCAGGTTGCCCTCGAAGTGCAGAAAGCAGTATTTGAAGCGTTAAGAGACTATTTTGGTATTTCTCCTCGACGGGTCAATGTTGGAGTGCAGGAAGTAGTGTGGTCATAGTGGGGTTTTAACATCGTGAAAAGGGGGTTTTTGCCTTGTATAATCCAGAGGGTTTGTGTCAGGTTTGTCGGTACTGTGATGCGGAGATGAAAAAGAAGGGTATTTATCGTTGTTTGCTTGGTGAACAAAAAGAGCGTACTGCTCCGGTTGAGCGCTGTGATTATTTCTTCCCTGACCACCTTTCTCACACCGAAAAAGAAGGAGATATCGAGAACAGCTCGAAAGCCAATCTGTAGCTTTTCATGAGTGGTCGCTCCTCTGCCAGGTGGGGCCAGCACTTTCTGATAAATCCCAGCATAAGGGATTTTATCGTTTCCTTAGCGGAACTCTCTGCAAAAGATGTAATACTGGAAATTGGCGTGGGAACAGGTTTTTTGACTGAAGCCCTTGCCAAAAGTGGTGCCCGAGTAATTGGAATTGAGAAAGATCCAAAACTCTTGGAACAAGCGGTGGCGTTGCTTGGCAACTTTGATAACGTTTTTCTCCATTGTTTTGACGTTCTCGAACTTGACCTCGATCTTTTGCTGCAAAGATTTTCGAAGGACAACATTAAACTGGTGTCCAACTTGCCTTATTATCTTTCGACGGAGATTATAACCAGAGTGCTTTTCTGTAACGTGGACTGGCAGCTGGCGGTGCTTATGGTTCAGCGTGAATTTGCTGAAAAGACTTTTTTGGGTATTCCACGCAGGAAAAGAGGGCCACTATCGGTGATTGTGCCTTTCATAGTGGAGGTGCAAGGAATGTGGCCAGTTCCTCGCTCCGCCTTTCGGCCTATGCCCAGAGTTGATTCGGTAATTGTTAAGCTTTGTTTTAAACGGGAGAAACTGGATAAGCCTTTGCTCGATAAATTATGGCGGATTGCTCAGTGCCTCTTTGCTGAACGCAGAAAGAAGGTGGGTACGGTTTTGAAAAGGTGCTTTCCACAGCTGAGTCCGAGAATAATCCTCAACGAACTTGGCCTTGAAAACGCCAGAGCTGAGGACTTATCGCCAGCAGATTGGCTCTCCTTGATCAAAGCACTGCCTGCTATGGAAAAGGGTTCTGGTGAGTGATGTGCTATAATTGATAGAGTTTTTCAGGAGGCATTTTTATGCTTGGTGTTTTAAAAGAATTTTGGTCAAAGAAAACCCAGGATCGCTTAATAAAGAAGCTTTATGAAGAGTATGTGGTACCTATCAATGCTCTGGAAAGTGATATTGCTCGCCTCAGCGATGCGGAGCTTCGAGCTAAAACGGACCAGTTTCGGGAACGCCTTCAAGCGGGGGAGACGCTTGACGATTTGCTTCGAGAAGCTTTTGC
NZ_CP121689.1_gap18	338763	342027	3264	TGAATAAAAAACTTGAGGAAAGCAAGGAGTTTGCGCAACTCATTTCGCCTGCTGACCCGGAGTATTCAGAGCTGGTTAAAGAGGTCAAAGAGCTCTCAGCCATGAGTGAAGACCTGGAAATTCGCATTTTCTTTCAGGAAGAAGAAGATGCTAAAAATGCAATCGTGACCATCCATTCTGGAGCTGGAGGTACAGAATCACAAGACTGGGTGCAAATGCTTTTCAGAATGTATACTCGTTTTTGCGAGCGAAAAGGGTTTACGGTAACGGTTACCGATGTTTTAGAGGGTGAAGAAGCTGGCTTTAAGCATGTCACGTTTATCGTGCAGGGCGACTATGCTTACGGGTATCTCAAGTCAGAGCACGGAGTGCACAGGCTTATTCGGATTTCTCCTTTTGACGCTAATCGTAGACGTCACACCACTTTTGCCCTGGTGGATGTGATTCCGGAAATGGGCGAGGAAGTTGATATCGAGATTAACCCCCAGGACTTAAAAATAGAGACTTTCCGGGCCGGGGGACATGGGGGCCAGCATGTCAACGTTACTGATTCTGCAGTTCGAATTACTCATTTACCTACTGGCATAGTTGTGCAGTGCCAGAATGAACGTTCCCAGCACCAGAACAAGGCAGTTGCCATGAAGATTTTGAAGGCCAGGCTTTACAAGTACTATGAAGAGAAACAGAAACAAAAGTTGCAGGAAATTAAAGGCGAACACAAGGATATTGCCTGGGGGAATCAAATCCGCACTTATGTTTTTCATCCTTATAACCTGGTCAAAGACCATCGCACCGGGCATGAAGTGGGCAATGTGCAGAGAGTGATGGATGGAGAAATTGATGATTTCATAGAGGCTTTTTTGAAAGAGGAAGCAAAGATATGAAGGTTTACGCGCTGGTTGGAGCAACCGGGACTGGTAAAAGCTATCGTGCGCCTCAGATTGCTCAGGAGCTGGGCATTGATTGTATTATCGACGATGGTCTGTTAATTTCTCAGGGAAAAATCATAGCTGGCACTTCGGCGAAGGCAGAAATCAGCAAGATACGGGCGGCTAAAGTGGCCGTTTTTTATTTCCCTGAACATCGCGAACAAGTCAAACAGGCCATTCGAGAGTTGAGGCCCGAGAAAATTTTGATACTGGGTATTTCTTACCAGATGGTTTGCAAGATTTGTGAACGGCTGGAGTTGCCGTTTCCCGAAGAAGTGATTAACATCGAAAATATTGTTAGTGTTGAAGAAATAGAGTTGGCTCGCTCAGCAAGGGAGCTGGAAGGTAAACACACTATTCCGGTTCCATTGGTAGAAATTAAGCGCAATTTGTGGGGTAACCTTGTGGATTCGCTACCGTCTGCGGTGTGGAGGTTCTTTTATTCGTATCGTGGCAAGACTGTGGTGCGGCCCCCTTTCAGCTATCTTGGTAAGCTGGTGGTCAGCAAGCGAGCTCTTCGCTCATTAATTTTTAAATTGTTAGCGGGCATGACCTTTATAGAGACTGTGAATCGTATTGATATTCACTGGGAAGCGGGGGGAGTTGTGGTAGTGGTGGGATGTGTTTTCAGAAAAGAAAGGTCCATTTCCTCTGCTTGTGATACACTGCGTAAGAGTCTGCAGGATCGAGTAATGTACCTTACTGGTGTGGAGCTGCGCCGGATAGATGTGGATATAGAGGGTATCGTGGGAGTAAAGCCTGATTTTGTTACCAGAGAAGTTTCAGTAGTCAGTAAATAAGATCTGTATGGAGTGAAAGAGCATGGCTTACAAAACGCTTCGCGAGCTGGTAGCAGAGCTTCTACAGAAAGAAAATGTGCTTTTTGAAGGTGGAGGCAAAAAAGCGATTGAAAAGCAGCATGCGGGAGGTAAGCTTTTTGCCCGTGAGCGCCTGGAACTCCTCCTTGATCCGGGGAGTTTTGAGGAAATAGACCTTTTTGTTGCTCACCGCTCTACCTATTTTGGAATGGACAAGAGAGAACTTCCTGCTGATGGTGTGGTGACTGGCCTGGGCACTGTGGATGGAAGGTTGGTTTGTGTGTATTCCCAGGACTTCACGGTGATGGGTGGTTCTCTTGGTGAGATGCACGCTAAAAAAATCTGCAAGTTGATGGACATTGCTCAAAAAGTTGGTGCTCCGCTCATTGGTATTAACGATTCTGGTGGGGCTCGTATTCAGGAAGGCATTGACTCGCTTTCTGGATATGGGGAGATATTTTACCGCAACACCCAAGCTTCAGGAGTAATCCCCCAGATAGCGGTCATTGCTGGACCCTGTGCTGGTGGAGCAGTGTACTCCCCAGCCCTCATGGATTTTGTTTTCATGATTGAGGGAGTTAGCAAAATGTTTGTTACCGGTCCTCAGGTGGTTAAAGCGGCTACTGGTGAGGAGATAAGCGCTGAAGAGCTGGGTGGTGCGGAAACTCACGCCAGAAAAAGCGGAGTTGCCCACTTCGTGGGCAAAAACGAAGAAGACACGTTCCGGATGGTGCGTGAATTGCTGAGTTTTTTGCCCTCCAATAACGCCGAAGACCCTCCTTTTAAGGAGTGCAGTGACCCCGTAGACAGAAGAAATACTCTATTTTACGACCTGATGCCGGCTAATCCCAACAAGTCCTATGACATGAAAAAAATTATTCAGGAAGTGGTTGATGACCATTCTTTTCTGGAAGTGCACCGCCACTTTGCACCCAACATTGTGGTTGGTTTTGCTCGGATAGGGGGTTATGTGGTGGGCATCATAGCTAACCAGCCCCAGCATTTGGCTGGGTGCCTGGACATTGACGCTGCCGATAAGGCTTCAAGGTTTATCCGCTTTTGTGATTGCTTCAACATCCCTCTGGTCACCCTGGTGGATGTACCCGGATTTTTGCCGGGTAGCTATCAGGAGTTTGGAGGTATCATTCGTCACGGAGCTAAAATGCTTTACGCATACTCGGAAGCAACAGTGCCCAAGATTACGCTCATCATTCGCAAGGCCTATGGTGGCGCTTATCTTGCCATGTGCAGTCGTCATCTTGGGGCTGATATGGTTTTTGCCTGGCCGACTGCAGAGATAGCGGTAATGGGGGCTGAAGGTGCAGTGAATATCGTTTTTCGTAAAGAGATTGAGGAGGCTCTGGATCCTGAATTAAAGCGCCAGGAAGTTATTGCCAGATATCGAGAAGAGTTTTATAATCCCTTCCAGGCTGCCCGAAGGGGATATGTGGATCAGGTGATTGATCCTCAATATACCAGGCTCAAGATTGCTCGAGCCCTTGAAGTTTTCTGGACTA
NZ_CP121689.1_gap19	435858	439036	3178	GCTACCTATCCCGGTTTTGCAGAGAGGCTGGAATTGCATTTCGAAAAAGGTAGCGCAATAATCGAGGGAGGTAAAATCGTCTATCTTAAAACCTCTTCTGATGAAATACCCGACGTAGAACGAGGAGAAAGCGGTTTGTCTGGAGCGAGCGATCCTGCTCATGTAGATTTAGAGCCTTTTGTAAGAATGTTGAGAGACTTTGTTAATGCCCTTCGCGAAGGTCGCAATCCGCCACTGAATGGACGAGAGGGTCGAAAAGCAGTGGAACTTATTGAAGCGGCACGCAGGTCTGCTTTGGAATCCAGGGTGGTGGAGCTGCCTCTTTGAGTGTGAGGTAACCCTGAAACAGGGTGTAAAGTAATATTTTTTCGAAGTTTTGATATATCAGATACGATATATCAAGGGTGCAAAGCACCCAAAAAATAAAAACTTAGAGTTAAAGGAGGGAGTAGCGTGTTTGTGAGGACATCACTAAGGTGTTTGCTGTTTGTGCTGTGTTTTGTGTTGCTTTTGGGAGCAGCTTCTTTTGCTTTTGGAGAAGTTGTGCTCAAAGCGGGGAGTCCTTTCAAAGAAGGTCATATTTTGGTAGAAGCAGCAACAAAATTTAAAGAGTTGCTCGAAGAACGCAGTGGAGGAAGGCTGCAAGTGGAACTTCAAATAGCGCAGGCTTCAGAAGAGGACGTTAATACCCAGTGCGCGGAAGGCACAATTGACCTCCAGTTCACAGGAGGAAGACCAGTTGAAGTATTCGCACCTCAATACTTTTTCTTTAATGCACCCTATGTGATTAAGGATTACGACCATTTTTTGAGGGTGTGGAATGGCCATTTAGGCGAAGAGGCCAAAAAGCTGGTGCTTCAAAATGGCAATATGCTCTGTTTGGGCACGGTATATCGTGGTTTCAGACAGATGACCTCTCTTAAACCAATCAGAAGACCCGAAGATTTGATTGGATTGAAATTGCGCCTTCCAGTAGTTAAAACCTGGATTGCAGTGTGGGAGTCCTTAGGGGTGGAGCCAGTTCCTGTTCCTCTTCCAGAGCTATACCAGGCGCTTAAGGAAGGAAAAGCCGAGGCTTCTGAGGGAGATCTTCCCCAGATATATTCTTTCAAGCTCTATGAAGTGCAAAAGTATCTGGGTATTACCAATCATCTGGTTGGTGTAGGATGGGTAACAATGAACAAGAATTCTATGGAAAAACTTTCCCCTGAAGACCAGGAGCTGGTACGAAATTGCATCGCGGAGGCTTGCCAGTGGGCTACAGAGAAAATCAAAAGCGGTGAAGATGAATTACTTGCAAAATTACGGGAGCTGGGCATGGAAGTGATTTATCCTGACGCAGATGCCATAAGAGAAAAAGCCAAACCGGCAATTGAAAAACTGTTTGCTGTTGAGTGGCCGGTTACCACCTGGGAAGAGGTGCTTGCTCAATAAAAATTATTCAAACAACTATCTGGAGAGAGGGTTTAACCCTCTCTCCAGATAGGGCTCAGTTTGTACCTTCTTTTTTTCTGGAGCTTTCTATGTATTCGAGGATTTCCGAAGCTGGTGTAAGTACAAGCGTATCGTTTTCGGTTATGCCTTGCTCATACATTTCCAGCGTTTTCAAAAAGGCGAAAAATTCGGGGTCGTTTCCAAAGGCTGCAGCGTAAATTCGCAATGCCTGGGCTTCGCCTTCTCCTTTTATAATCTGAGCTTGTTTTTGAGCTTCAGCAATAATCAGAGCCCGTTCCTTGTCGGCCTGAGCTCTTATTTTGGTGGCTTCTTCCTGTCCTTCAGAGCGGTACTGCTTGGCCTGGCGTTCGCGTTCAGCCTTCATGCGCTCAAAAACGGCTTCTTCATTTTGTTTGGGTAAATCGGCTCTTTTAATGCGCACGTCTACTATCTCTATTCCAAAGTTTTTCGCTTTTTGACTGGCTCTTCTGGTTACTGTATCCATGATTTCTCCTCTTTCCGTAGCTACCACGTCTATCAGGTCTACTTTACCTATTTCGGTTCGCAATTCCGAGTAAACTAAGTCATCAATACGAACAACTGCCTCCGATTCACTCACCACAGTTTGCAAGAAAAGGAGGGGGTTTTCAATCCTCCAACGCACATAATTGTCAACTACTAAGGTTTTTTTATCTCTGGTAATGACTTCTTCAGGAGGCGAATCGTACTCAAGAAGGCGCTTGTCAAACTTATATACCGTCTGAATGGGGTAAGGAAGCTTTAAATGTAAGCCGCTCTCTTTGACCACTTTAACAGGTTTTCCGAGCTGCAAGAGCACCCCTTGCTCGGTTTCGTCTAAGGTATACCAGGGTCTGACAAGCACTACGATAATGAGCCCTATGATTGCAATGATGATTCTACCCAAAAGCTTTCTTCTCGCCATTTGACTAATCCATTCCTTCGCCAGTAAGAGGAAGGAATTTCAGTACTTCACCTTCCTCGGTTTTGCTATCAAATATGAATTTTTTAACTTTAGGCCAGATTTTCTGAAGAGTTTCGAGATAAATTCTTTTTCTGGTAATTTCAGGAGCATGTTGATATTCCCTGAGTACTTTAAGGAAGCGTTCTGTTTCTCCTTCCGCTGCTTTGACAGTACTTTCTTTAAAGGCTTCTGCTTCACGGAGTAGTTTTTCGGCTTCACCACGGGCTTGGGGAATGATTTCGTTGCGATAGGCTTCGGCCTGGTTGATAAAACGTACCCGGTCTTCCCGAGCACTGGCCACGTCTTTAAAGGCAGAGATAACTGGTTGTGGTGGCTGTACGTCCTGGAGCTGTACTCCGATGACCTGTATTCCACACTGGTATTTGTCGAGGATTTCCTGGAGGAGGGTTTTAACCTCTTCCTGGACTTCAGAACGCCCTGTGGTTAGCACGTCATCAATAGGTTTTTTCCCCACAATTTCACGCATTGCCGATTCTGCCGCACTTTTTACTGCGTTTTCCGGGTCTTTAACTTGGAAAAGATAAAGGTAAGGATCAGAAATACGGTATTGGACAATAAACTGGCAATCTACAATGTTTTCGTCTCCAGTGAGCATTAGTGATTCCTGGGGAAAAAGCTGATATCGGGGAGGTGGTCCAGGAGAAATGGTTCTGAAACCTATTTCGGCCCTACGCACTTCCGTTATTTTGGGTTTCTGCAGGGTTTCGAAAGGATAAGGTAGTTTGTAGTGAATGCCCGGGG
NZ_CP121689.1_gap20	556924	558637	1713	GGTTGCGAAAGGAACGGGTATCCAGCGCTTTTGCGTTATTTTGAGAACGCTTCCTTACCATCAGGCTGGGAGTTGAAAAGGCTTTCCGCAATTCCCTGTCTGGGTTTTATTAAGGAGGAGATGCTTTTTACTGTCTTGGGAGAGGACGTCGATGCTTTGTTGCTCGCTGGTTGTCCACTGGATGCTTGTAAGAACATACGAGGCAGTGATATAGGCTTGCGTAGGACATTAAGAGCCAATGCCCTGCTTGAAGAAGCGCAGATTCACAAAAAGGTGGTTTTGGCCTTAGTCACTCCTGATAAAACTGGTGAAGTGGAGCGAGCGCTTACCGAGATGTTTACCTTTTTTGGAGGTTCAGACAAACAATGATTGTTGGTGAAAGAAAACCCCTTCCTGAGATATTGAAGCTTTTAGATGGCTTTAAGAAAGTCCTGATTCTGGGCTGTGGGACCTGTGTCGCTGTTTGTATGTCGGGTGGCGAAAAAGAGGCTAAAGAACTTGCTGCCCTGCTGAGACTTAAAGGCTTTGAGGCCTGGAGTGCTACGGTGGAGAGACAGTGCGAGGTAGAGTTCAACAGACTGGTTGGAGAGGAAGTCGAAAAGGCAGAAGCAGTTCTTTCTCTGGCCTGTGGAGTGGGAGTACAAGCTCTGGCAGAGCTTTATTTTCGAAAACCGGTTTATCCTGCTTTGAACACCACATTCATGGGTTTGCCCGTCGAACAAGGTTTGTGGGAGGAACGTTGTGCCGGTTGTGGTGATTGTCTGCTCCACCTTTTTGGAGGTATCTGTCCGGTGACGCGCTGTGCAAAAAGCCTTTTAAATGGTCCCTGTGGTGGTTCCAAGGGTGGAAAGTGCGAAGTAAGACCGGAACGCGATTGTGCCTGGCAGCTTATTTTTGAGAAATTTAAGTCTTTGGGCAGGGTGGAAGAGCTTTTGCGGATTGAGCTCCCCAAGGATTGGTCATATTCGAGGTATGGTGGACATCGCAAAATGGTAAGAGAGGATGTCAGACTGTGAGCTGGTTACAGAGAGTGCTTCAGGAGGGTCATTTTGCGGTTACCTGTGAAATTGGACCGCCCAAAAGCAATGATTCCTCGGTAATTACCAGGAAATGTGAACAGGTAAGGGACTTTGTTGACGCGGTGAATGTAACTGATAATCAAACTGCCATTGTGCGGATGTCAAGCTTTGCCAGTTGCCTGATTGTTTCCCGCCAGAAAGTGGAGCCGGTCATGCAGATGGTGTGTCGAGACAGGAACCGGATTGCTTTACAAAGTGATTTCCTGGGGGCTTGTGCGCTGGGGATAGAGAATTTTCTCTGTTTAAGCGGAGACCATCAGAGCATGGGAAATCACCCTCAAGCGAAAAACGTTTTTGATGTGGATTCAATACAGCTTTTGCAAATTTTGAAAAACATGCGTGACCAGAAAGTTTTTCAAAATGGTGAACCTATCAAAGGAGAAATCAGAGCTTTTCTGGGAGCAGGGGCAAACCCCTTCGCTGACCCTCTTGAGTTGAGGGTGTTGCGTTTGGCCAAAAAGATTCAGGCTGGAGCTCAGTTTATCCAAACACAAGCGATTTTTGACCTGGAAAGGTTTGCAAAATGGATGGAGGAAGTGAGGGAGTGGGGCTTACATGAGAAGGCTTTTATTATGGCTGGGGTGATTCCCGTTAAGTCTGTTCGGGCTCTGGAATACATGAAAAAGGAAGTACC
NZ_CP121689.1_gap21	570952	572836	1884	GCTTCGAAAATTGTTCCTGGGGAATGGAAGGTCAGGTTTTATGTCAATGACCATCTGGTTTTCGAAAATAGCTTTGTGCTGATTGAGAGCAATGTGTTGGGTAGTAAGGACATTGATGAAGCGATTCAGCGGACCCTTGCTCTTCTCGAGGAATTTGGTTACAAGGTTTTGAATATCGGGCTTTCAGAGGATAACCAGGCTTTCGTCCAGATGCAAATGGTGAGTAAAGACCTTTCCCAGGCGGTATGGAATCAAATTGGTTTTGGTTTTGAGAGTTTGCGTCGCCTTTTTCCGGGAGCTTCCTGGTTTCTGGTTCAGCTCGTCTTAGATGGGGAATATGCCTTGAGTTTTCAGGTTAGAGCTCTTGATTTTTTGCTGTGGCGTGAAGGTAAACTGAGCAAGGATGAATTTTGGAAGAAAAAAGTAATCCGTTACGTTTATAATATTAGAGAAAAGAAAGAGATTGAAGATGTTTCTCGTTTTTACTTTGAAAAGTTTGGAGTGGTGTATTGATACCTTATGCGCCAGGTTTTTAAAAGGTTTATTCCTGAAGACTTTCAATACCTGGCAAGGGCTTTTGCCGAACAGGGAACGTCCCACTTTGCAGAGCTGGTCAGAGACGATTACCGGGTACTGGACGTAGTTTTAGACGATGAAAATGTCTTTAAAAAGCTAGTCCTCGATGAGCATCTCTTTTTGAAAGTAAGTCCCTATTTTTACTTTGAGCTTCTTCTGAGGCAGGCAATAAGGGATATCAAACGGGAGAATTATACTCTGGAGCGTATAGGCTATAGGGAGCGGGTACCCGTATTTGATGGACCCAAGGTCATAGAAGCTGTTTCGAGGGAAGACGTGAGGGACTACCTGGTTGAACTACTTGTCTCTTTTGTGAAGGTGAACAACATCACTCTTTATATTCGTAAAGGGAGAGGCATATACCTTAAAAAGTCTATAAGCGATATGGACTTTGACCTGATGCTTGAGATAAGCGAGAGAGTGGAAGAGCCTTATCGCTTTGTCTTTCTGAAAAGAGCTGGAGATATAGCACTCTTCCTGAGTGGGGTTTTTCCAGAGCAGGTGTTTGGTAGTCCTTTTAACGTTCGTCGTAAACCCTTTTTGCCTGTTTCGGTGAGCAGCAGTGAAGAGCTGGAAAGAAAGGGCAAAGAAGTTTACCGCCTTGCTGGGCAGAGCAAAGTTGCCCAGGAAAACCGTCTGGATACCATACTCGACTTTCTTGCTACCCACTTTGAAGCAGTCAAGAAGCCTCTCAACGTTATGACTGACCGTTATCTCCACTTTAGAAAGTATGATATATTTCGCTTTCTGCAAAACTGATTACAGTGACCATTTCCCACCGATGCGATGAAAGAGACTGGCTGAAAAAGTTCTGGCTTGCAGCTTGGCTTGCATTTCAGGAAAAACTTCAAGCACCCGGGGGAAGAGTCCCTGTAAATAGGCAATGGTTATCCCGTAATTGGTAATGGGCACGCTCTCTCTTTTTGCAGTAAGTATGCGGTAATACATTTCCTTAGGGTTTAACATGCAGGCTCCACAGTGGATTATCAGCTGGTACTGAGAAAGATTTTCTGGGAAGCTGGCTCCCACATTAACATCGATATCTACTTCAAAACCCAGTCTTTGCCTGAGCCAGCGTGGTATTTTTATTCGTCCGATATCATCAGGCATGGGATGGTGGGTACAAGCTTCCGAAATTAAGACTTTGTCTCCAGGTTTGAGCTTTTCAATAGCTTCCACGCCTTCCACGAAGGTCAGGAGGTCTCCTTTGTAGCGAGCAAAGAGGATTGAAAAACTGGTAAGAGGTATTCCAGGAGGTACTGCTCCTGCTACTTTATGAAACACCTGAGAATCGGTAATCACCATTCG
NZ_CP121689.1_gap22	574111	577766	3655	TTCACGGCTAATGAACGCAAAAGACCCGATACTTCAGAGAAAACATCCAGATTCTGAGTATTTTCGAAAAGATTCATGGCTTTGGCCAGCGGCAAACCAGTTATCTCGTTCAAGTGGACGATTGCTCTGGCAATGTATTCAGGGTGAGCATTTAAACCTGTTCCTACTGCAGTTCCGCCAAGGTTAACTTCTTTTATTCGTTCCCTGCTTTTCCAGAGTCTCCAACGGTCGCGGGCGATGGCTTCAGCAAAGGCACCAAATTCCATTCCCAGAGTTATAGGAACGGCGTCCTGAAGCTCGGTCCTTCCTACCTTTAGCACAGAAGCAAACTCTTTCTCTTTTTGCTGCAGCGTTTCCTGAAGGTTAATGATTTCTTTTTCCAGCTCGTCGAGTTGCCAGAGTGTGGCTACCTTAACTGCGGTCATGAAGGTATCATTGGTAGATTGGCTCAGGTTTACATGATCAAAGGGGTTGATTTTTTGATAGTTGCCTTTAGAATAGCCGAGTATTTCCAGGGCTCGGTTGGCAATTATTTCGTTAATATTCATATTGAGAGAGGTTCCAGCCCCGCCCTGAAAAATGGGTACGATGACTTCCTCATTAAATTTGCCCTCCATGCCTTCTTCGCAGGCTTTCAGTATGGCGTTGCCTATCTTTGCTTCCAGAAGGCCCACTTCCAGGTTTGCTCTGGCACAGGCCCATTTTACGGCAAAATAGGCTTTGACCAGAGATGGGGGGACTTTTTTTGAGAAAGGGAAATTATCTCTGGCTCTTTTGGAATGCACACCCCAGTAAGCATTTTCAGGTATTGCTTCTTCGCCCAGAAGATCCCTTTCTTTCCGGAAAAATTCCTTTTTCAATGCTTTACCCTCTTTTCTCTGTGTATTCACTTCTATTTTAGGAAAACCATCCAGGCTTCTTTTCATTTCAGGCCTGGTATAAGAAAGCGAAAATATTATAATATTCCAGGGAGGGGAGTGCTTTGACAGAGGAAATTCCCAGAGGAAGAATATTCCGTAATTATGTGGAAGAAAATTACTCTTTTGGCGAGTTTGCCCTTGTCAGGGTTCGTGGAGACAGAGCAGAAGTTGGCTTTGTGCTTGCCGAAGAGGACATCTCCAGGTGGCCACTTCTTCAAAAACAAACCCTGGATATGGCTAGGTATTTGATGCAAAGAATCAAAGAGGAAGGACTTTCAAAAGTAGCAGTTGCGGGAGTAGGTAAGGATTTGGATTTTTTCACGGTATCGATAGTGGTGAATCTGGAAGGGATGGAAAAAGAAGAAATTTTTGCTCTGGCGAGAAAAGTAATGAGCTTGTTGCAGGAAGTCAATCCTTATTAGTTGGGGCTGGGGGCAATTATATTCTAAAAGGGGGCGTTTTGAATGGCTGAAAAGGTTGGATTTGTGACTATGGGCGAGAAAAAAGGTGTAGCGAAGGACATACCGGAGCTGGGTATCGGTATGCTGGGTTATGCTTTTATGGGCAAAGCGCATACCAACGCTTACAAAAAGTATCCCTATATTTTCTGGCCTCCGGTTGCTTTTCCTCGCCTGGTTGCAATATGTGGGCGCAATGAGGAAGCCGTTAAGGAAGCAAAAGTTCGCTATGGGTATGAAAAGTACTATACTGACTGGAAGACAATGCTTCAAGATAGTGAAGTACAAATATTTGATAATAGTGGTCCTAATAACCTACACGCTGAGCCCTGTATTGAAGCTCTAAAACTGGGAAAACATGTTTTCTGCGAAAAACCACTTGCTGCTACTTCTGAGGAAGCTTGGAAAATGTGGGAAGCGGCGAAGGCTTCCCCAGCTAAGGCGATGGTTTGTTTTAACTATCGTTTCGTTCCCGCGTTACGTCTGGCTAAAGAGTTAATAGAAGAAGGAAAATTGGGAGAAATATACCACTTTCGCGCTCAATATTTGCAAGAGTGGATTATGGACCCCAACTTTCCAGCTGTATGGAGATTGCAAAAGGGAGTTTCTGGTTCTGGAGCCCTTGGAGACCTTGGTTCCCACATTGTCGATTTAGCGCGTTTTCTGGTGGGAGAAATTACTTCCGTGAGTGCTTTAACTCGTACCTTTATTAAGGAACGCCCCTCTCTCGAAGACCCTCAGAAAAAAGTTCCTGTCGATGTGGACGATGCGTTCGTTGCCATCGTAGAGTTTGAGGGAGGTGCTATTGGCACCCTGGAAGCTTCTCGGTTTTGCGGTGGACGCAAGAATTATCAGGTAATCGAGATTAATGGCTCTAAAGGGAGCTTGCGTTTCAACTTGGAAAGATTGAACGAGCTTGAGGTGTATCTAACTGATGAAGAACCAAAGGTTTTGCGTGGCTTTCACGATGTGCTGGTTACCGAAAGCTATCATCCTTTTTATGATAAGTGGTGGCCCCATGGTCATATTATTGGTTGGGAACACACTTTTGTACATGCCATAGCACATTTTCTGGATGCTGTAGTGAACAACCGCTCTATTGCTCCTTATGGAGCTACTTTCGAAGATGGGTACCGCTGTGCTTTGGTTTGTGATACTATTTTGAAATCTGCAGAGACTGGGAAAAAAGAGTTGATACAGTATTAGAAACCGAAAGGCACGGGGTTTTTCTCCGTGCCTTTTGAAGGAGGAATAGCATGCAATACCGTGGTAAAGTGGTCGTTACTTTAAAAAGTGGTGTTTTTGATCCTCAGGGAGTTACCATTAAAAATGCTTTGCATTCACTTTCCTTTGAAAGTGTAGAAGAAGTCAAGACGGGTAAATTTTTTGAGGTTTTGTTTGATGCTGAAAATGACGCGGAAGCCGAAAAGCTGCTTGAAGCAATGTGTCATCAGCTTCTGGCTAACCCCATTATTGAGGATTTCGATTTCTCCTTAGAAAAAGTAAAATGAGGAGTGGACCATGCGTTTTGGAATCGTTGTTTTTCCTGGTTCTAACTGTGATCGAGACTGTTTCCATGTTTTGCACGATGTGCTGGGTGTGGAGACTGTATATCTCTGGCATGCAGCAAGAGATTTGAAAGATTGTGATTGTATTGTGTTGCCAGGCGGATTTAGCTATGGTGATTATTTGCGAGCCGGAGCCATAGCTGCGTATGCTCCTATTATGCTCAGTATTCGGGAATTCGCTGAGAAAGGGGGGCTGGTTTTAGGTATCTGCAACGGCTTTCAAATCCTTGTTGAGGCTGGTTTACTGCCTGGAGTGCTTTTGCCCAACATTGGTGGTCATTTCATATGTCGCTGGGTATATCTCAGGGTGGAGAACAGCGATACGCCTTTTACCATGCGATACGCTCAGGGAGAAGTGGTTAAAATGCCTATTGCGCATCAACAGGGCAATTTTTTTGTTCCCCCTTCAGTATTTGAGGAACTAGAAAGGAACAATTTGATTGCCTTCAGATACTGTGATGCGCAGGGTAGAATTAGCACGGATGCCAATCCTAATGGTTCGGTGGGGAATGTTGCCGGAATAGTTTCGCCTTCGGGGAATGTTCTGGGCATGATGCCACATCCTGAGCGCTGTGCAGAATCAATTTTGGGTTCAGAAGACGGAAAAAGACTTTTTCAATCTATTATTCAATGGTTGGAGGAGAGAAAGTGCAGCAAAGTGGTAATAAAGAAATAGCTTTGAGTCTTGGCTTACGAGAGGAAGACTACA
NZ_CP121689.1_gap23	588626	591907	3281	CATTAACTGGTTGATTAGTTATTCTCTTTATTTGCAGCACCTTGAAGAGTACTGGAAAAGAGAAGTAGCTGCTGACTTTTCGAGCAAGCGGGCGGAAGCCATGCGGATTTTGCAGCAGGAAGCCGAGCTGGAAGAAATCGTGCGTCTGGTTGGTGTGGAATCGCTGTCCTCGCGGGAAAGATTTATTCTTGAAATAGCACGCTCCATTCGCGAGGACTTTCTCCAGCAAAATGCTTTTCAGGAAATCGATACCTATACTTCGTTGAAGAAGCAGTACCTCATGTTGAGTACCATTTTAGTTTATTATCAAGAAGGGATGCAGGCAATTGAGCAGGGACTGCCATTGAAAGAACTGCTGGCTATCCCAGCTCGTGAGAGAATTGGAAGAATGAAATATGTTCCTGAAGAGGAGCTGGAAAAAATAGAACAACTTGCCGAGGAAATCCGGAATCAAATTCGAGAAAAACTGCGGGGCGAGGTTGAAAGCAATGTATAAAGAGTTTACCACTGTTTCCGAAATTCATGGGCCTTTGCTGGTGGTTGAGGAAGTTCAGGATGCTCGTTACATGGAAATTGTGGAGATAGAGCTTCAAGATGGTTCCCTCAAGAGAGGTCAGGTTTTAATGACCAGTGCGGGTAGAGCGCTGGTGCAGGTTTTTGAGGGAACGGAGGGCATTGGGGTTGGCCAAACCAGGGTACGTTTCCTGGGGAGGATTATGGAGTTACCAGTTTCCGGGGATATTTTGGGTAGAATATTCAGCGGTTCTGGTGTTCCTATAGATGGTGGTCCTCCGATAGTTCCCGATGCCCGGATGGACATTAATGGTAATCCCATCAATCCAGTAGCGCGCGATTATCCCATCGATTTTATCCAGACTGGTATTTCTGCCATTGATGGTCTTAATACCCTGGTCAGGGGCCAGAAACTACCAATATTTTCTGGGTCAGGGCTACCTCATGCTCGTCTTGCGGCACAGATAGCTCGACAGGCAAAAGTGCTGGGAGAAGAAGAAAAGTTTGCCGTGGTATTTGGAGCTTTGGGTATCACCTTTGAGGAGGCGAATTATTTCATATCTGAGCTGAGAAACACGGGTGCCATAGAACGCTCGGTGCTTTTTGTAAACCTGGCTAACGACCCCGCTATAGAAAGGATAATCACCCCCCGAATGGCTTTGACTGCTGCCGAGTTTCTGGCCTTTGAAATGGACATGCAGGTTTTGGTTGTGCTTACTGACATGACTAACTATTGTGAAGCATTGCGCGAAGTTTCGGCAGCACGAAGAGAGGTACCTGGCCGTAGAGGCTATCCAGGCTATCTTTACACCGACCTTGCTACCATGTATGAACGGGCTGGAAGAATAAGGGGTAAAAAGGGTTCTATTACCCAAATTCCGATTTTGACCATGCCCGAAGATGATAAAACGCATCCTATACCTGACCTTACTGGATACATTACCGAAGGGCAAATCATTCTTAGCAGGCAACTTCACCGTAGGGGTATTTATCCGCCCATTGATGTTTTACCCTCTCTTTCTCGCTTGCGAGACAAAGGCATCGGTGTTGGTAAGACCCGGGAAGACCATGCGGATGTGGCCAACCAGTTGTTTGCTGCCTATGCCAGAGGTAGAGAGGCTGCGGAATTGGCAGCGATTCTTGGAGAAAGCTCGCTTACCGACTTGGACCGTTTGTATATGAAATTTGCGGATGCTTTTGAGGACCGTTTTGTTCGACAGGGGGAATACGAGAACAGAAGCATAGAACAGACTCTTGAGATTGGATGGGATCTCCTGCGGATGCTTCCAAGGGAGGAATTGAAGCGTATCAGAGATGCCTATCTTGACAAGTTTTATGGAAAGAAAGTTTCTGAGAGCGAAGGTGCATAATCGATGCGCTTGAATGTAAATCCGAACCGCATGGAATTGATGAAGTTGAGAAATAGACTTTCCATGGCGCGCAGGGGCCATAAGCTGTTGAAAGATAAACTGGAAGCCTTGATTCAGGATTTTGTGAAAATAGTTAGGGAAAACAGCACCCTCCGCCAACAGATTGAAGCAGAGATTGTGAAAGCTTTCGAGGCACAAAACAAAGCTGCTTTGATGCTTCGTTCTGAGGATAAGGAGCTCATCACTGTTTTTCCCCAGCAGAGACTGGAGCTGGAGATGGAAGTGCGCTTTATAACTGGAGTGAGAGTTCCGCATTTTGAGGTGCGTGTGGAGGGCGACCCCTACACTTACAGCGTGATTCACACTCCAGCCGAGGTTGATGAAGCCTTTGGTTCCTTCTTCAAGGTTCTGCCTTTGATGATTCGCCTTGCGGAAGCTGAAAAGGCTATTGAGCTCCTGGCTGTTGAAATAGAGAAAACCCGGAGGCGAGTTAACGCTCTGGAATATGTGTTAATTCCCAATTTGGAGGAAACGATTAAGTATATAACTCTCAAGCTTGATGAGCTGGCTCGCTCCTCCCTGACCAGTATTATGAGGATAAAAGGGTCGTTGCGTTAGTTGCGCATAGCGATACTTGCTGATATTCATGGAAATTTTGATGCGCTGCTGGCCATAGCCAGGTTTTTTGAAGATGTTGATGCGGTATATGTTCTAGGAGATGTTATTGGCTATGGCCCACAACCTGCTGAGTGTTTAAATTGGCTTGTGGAAAGAAAAGCAAAAATACTGATGGGCAACCACGAAGCCGCCTGCACGGGTGTTCTTTCTCTTGAGTGGTTTAACCCTGTTGCGTATGAAGCACTCCTCTGGACCAGAAAAGTTCTGCCCACTAAGGCTTTGGAATTGATACAATCCTTCCCACTTCGTGAAGTTCTGACAGAAGCAGTCCTGGGGGTTCATGGCACACTCAGTGACCCGCTTGAAGAATACCTCACCGATTATCGGCAGGCATTGAGAGATTTCAAACGTTTCTCGTTCAAGGTCTGCTTTTTTGCTCACACCCACGTTGCCGAAGGTTATATTTGGAGTGGAGAGCAAGGAGTAGTTCGTAAGTTTTCCATGAAGGAAGGAGGGGTAATCGTTCTGGAAAAAGACAAGAGGTACTTTGTGAATTGTGGTAGCGTGGGACAACCACGTGATGGCAATCCCAGAGCCTGCTTTGCAGTACTTGATACTCAAGAAGGGAAAATTTACGTAAGGCGAGTGGATTATCCTGTCGAGGAAACCGCTTCAAAAATTCTGGAGGCTGGGCTTCCTGCTGTTCTTGCTATGCGTCTTTTTCAGGGAAGATAAATATTTGGTATTTTTTAGTTCCAAAAAATTTTTAAAAATTTGTTG
NZ_CP121689.1_gap24	595211	596307	1096	TTCTGGAAGCCCTGAATCAAAGCAAGGCTGTGACCAATACACCTCAGGAGCATTTGTTTGATACCAGAATTTCTCCCGATCTGGAAATCCTTCCTTATGCTAAAATTACCCTTTTTGATGGCAGAACTGGAGAACCCTTTGATAACGAAGTTACCGTTGGATATATATATATGATGAAACTTGCTCATTTAGTGGAAACCAAAATTCATGCTCGTTCTACGGGTCCTTATTCGCTGGTTACCCAGCAACCGCTGGGTGGGAAAGCGCAGTTTGGAGGACAGCGCTTTGGAGAAATGGAGGTGTGGGCTCTTGAGGGTTATGGAGCTGCTTATACCCTTCAAGAGATGCTTACCGTTAAGTCTGACGATATCATGGGAAGAGTCAAAGCCTACGAGGCTATTGTGAAGGGGCAGAACGTGCTCAAGCCTTCGGTGCCTGAATCATTTAAGGTTTTGGTCAAAGAACTGCAAAGTCTGGCTCTGGACGTGCGAGTTTATGATTCCAAAAAAAGAGAAATCTCTCTTGAAGAAATAGAAAATTCTGATGAGGATGCCCCTGCTCTGGGGGCAAATCTAAAATCTAAGTAAAAAGTGAACAAAGGAGGAAACTTTCTTGATAGACGTTAATGACCTGGGTGCGGTGAAAATTGCTCTGGCTTCTCCAGAGCAAATCCGTAAGTGGTCTCATGGAGAGGTTAAAAAACCGGAAACCATAAACTATCGAACTCTTAAGCCAGAAAAAGATGGTCTTTTCTGTGAAAAAATTTTTGGACCCACCAAGGACTGGGAATGCTATTGCGGTAAATACAAAAGAATTCGCAACAAAGGTGTAGTCTGTGATCGCTGTGGTGTTGAAATTACTCGTTCAGTGGTGCGCAGGGAACGCCTGGGGCACATTGAACTGGCGGCTCCGGTTTCACACATCTGGTATTTTAAGAGTATTCCCAGTAAAATGGCTTTGCTTCTGGGTATTTTGCCCAAAAACCTGGAAAAGGTACTTTACTTTGCCTCAGGCAGAAAGACGGAGGATTGCTATAAAGTTATCAATCCCGGTTCTACCGACTTGAAAGAGGAGCAGATTATTCGCAAGACCGAGT
NZ_CP121689.1_gap25	598577	602487	3910	CTGTTGGATGAAAATAAAAACGTGGTTGAGTCTTTTGAAGAGCGCGTTCTGGGAAGAACAGCATTGCGAGATATTCAAGACCCTGAGAACGGAGAGATCATTGTCAGAGCTGGTGAAGAAATCAATGAAGATGCCATTGCCAGAATGAAAGAGAAGGGCATCAGAGAAGCTTGGGTACGTTCGGTTCTTACCTGTAAAACTCGCTATGGCGTTTGCGCTAAGTGTTATGGCCGTAATTTGGCTACCGGTAAGCTGGTGGACCTGGGTGAAGCGGTGGGTATTGTTGCGGCACAGTCGATTGGAGAACCAGGTACTCAGCTCACTATGCGTACCTTCCACACTGGTGGTGTGCGAATAGCTGGAGAAGATATTACACAGGGTTTGCCAAGAGTGGAACAGCTTTTTGAAGTTCGTAAACCCAAAAAGGCGGCAGTACTCTCTGATGTGGATGGAGTGGTTGAAAAGATCGAGATCGTAGGCAACAGAAAGAAAATATACGTGAAACCCCTTGAAGACGAAGAAGACCAAACGATTAGGACTTACCTGGTACCTCACGATGTAAGAGTATGTGTGACTGAGGGTGATGAAGTAAAGGCTGGGGATCGACTCACTTTTGGACCCATTAATCCCCGAGATATTCTCAGGATAAAAGGTATTCGTGAGGTACAGAGGTATCTGGTAGAGGAAATCCAGTCAGTTTACCTTTCCCAAGGAGTCAATATTAACGATAAACATATTGAGGTCATAGTACGTCAGATAGCTCGCCTTAACAAGGTCAAGGTTGAGGACGCAGGTGATACTGAGCTCCTTTCTGGAGAATTGGTGCATATTGAGGATTTTGAGAGAGAGAATAACCGAATTCGAGAGGAGAACCGTTTGCTTCTTGAAGAAGCGGAACGGCTTTTTGAAGACTTAACTTTGCACGAGGATGTTTTCGATTTTTCCGATCAGCTTGTGGTGAAAAAAGATCAAGAACTTAACGGAGATGCTCTTGAAAAAATACTTTCTGTGGAATGCAAACCCTTTTCGGTCGAGACGAAAGATGGGACTCTGGCAAAGGTCATCAGAGGCTATCGCAGCCTTAGAGCAGAGTTAAGAGGTAAAGTTTGCTTTGAAGAGCTTAAAGACCGAGAGGGAAAAACCGTTGTCAAGGCTGGTGAAGAGATTAACGAAGCAATAATTGATAAAATCGCTGAAATGGGGCCTGTTTTTCTGAAAATAAGGGAAAAGGAAATATGGAAACGTTTGCGTGGCGCAATTCTTGCTGAAGATGTTAAAGATCCCCAGTCTGGAGAGGTGCTTATCCCTGCTGATACCAAATTGGAAGATCACCATCTCGATTTGTTGCAGGATCATGAAATTGAAAAAGTAGTGGTGTGGAAGAACGTTCGCTTTTTCCCAATTAAGGATAATCTGATTCGGATTGTCAGAGACGAAATCCTTGGTCAGGAAGTGGCTCAAGATATAGTCAGCCCCAGAACTGGAGAATTAATTGTTCAGGCTGGACAAACCATAAGTCGTAGCATTGCGCGTAGATTGGTAGCTGAGGGCGTGAAGGAAATACCTCTAGTTGATGGTAAGTTCTTCTCCATCGAAGGAAGACTCAGCGAATTGCTTGAAAAAGAAGTGGCTGGGAAAGTAGCAGCTCAGGATATTATCATGGGTAGCAACGGTGAAGTTCTGGTTAAAGCAGGGCAGGTTATAGACAGGGAAACGGCGCTCCGTATTGCTGAAGATAACGTGGAAGTGATTTTCCTTCGAGAAGTGGAAGGGGAGAAGGAAACCCGGGCGCTTATTCAGGAGTTTATATATCTTCCCTCTTTAAAACAAGTTGCTACTGGAGGTCCTGTGGTTCTGGGCATAACGAAAGCTTCGTTAGCCGTGGAAAGTTTCCTGTCAGCAGCTTCTTTCCAGCAAACTACTCATGTTCTGGCTGATTCTGCCATAAAAGGAAAAGTAGACGAGTTGGTGGGCCTGAAAGAAAATGTAATCATCGGCAAAATCATTCCAGCGGGTACTGGTTTTGAGAAGTACCGAAAGTTGAGACTCTCCACAGAAGATGTTTCCAAAGAGCAGTCGGTTTTGCCAGAGAGTGAAGAGTTGATTGACTGGAAAGAACTTATGGGAGCAGAAGAAAGAGCGATGGAAGAGATGGATGAAGAAGATTCTCTGGAAGAAGGAATTTTCGATGCTGATGAGGAAGAAGATGCTGAATAATATTGACAGGCTGAATAAATGTTGTTAAAATTGCTCCGTTGCTCTGGAGGAGAGTTTAAATGGCTCTGCAGGAACTCTGGAGTTCAGATAAAGTGGTTGGAATGCGGCAAACTTTGAAGGCTCTTCAAAGGGATAAAGTGTCGAAAGTTTTTGTTGCCAGTGACGTAGATAGTGAAATCCTGGAGGAAGTTATATCTTTGGCGAGAGAAAAAGACATACCTTTGGAGTATGTTGATAGTGCAGAAGAGTTAGGCAAGGCTTGTGGTATTGAGGTTGGCGCTTCTTGTGCCGCCATTTTGAGATAAAAATGTAGAGCCAAAAGTATCTAAGATAAGGGAGGATGGAGATGCCTACCATTAATCAATTGGTGAGAGTAGGAAGAAAAAAACCTAAAAAGAAAAGCAGTGCTCCGGCTCTTAAGGGTTCTCCCCAGAAAAGGGGAGTATGCACTCGAGTTTGGACTATTACCCCTAAAAAACCTAATTCGGCATTGCGTAAGGTTGCCAGGGTTCGATTGACCAATGGTATTGAGGTAACTGCCTACATACCTGGTATAGGCCACAACCTACAGGAGCATTCCATTGTACTTATTCGCGGTGGAAGAGTTAAAGACCTTCCCGGAGTACGCTATCACATTATTCGAGGGGCTCTTGATGCTGCGGGAGTTGAAAATAGAAAACAGGCACGTTCCAAATACGGTGCCAAAAGACCTAAATCCTGAAGAAGGAGTGAGTGGGTTTGCCACGGAAAGGACCTGTTCCTAAAAGAGAAATACCGCCTGATCCAGTTTACAACAGTGTGGATGTGGCGCGTCTTATTAACAAGGTAATGAAGGATGGGAAGAAAAGCATAGCGGAAAAAATAGTTTATGGAGCTTTTGAAATTATTAGAGAAAAGACAAAACGCGACCCCTTGGAAGTATACTACCAGGCACTGGAGAATGTTATGCCACTTGTGGAGGTTCGTCCTCGTAGGGTTGGTGGCGCTAACTATCAAGTACCTATTGAGGTACGTCCTGAAAGAAGCAAAAGTCTTGGTATTCGCTGGCTGGTAAATGCAAGCAGAGAACGAGCAGGGAGAAATATGATTGAAAAGCTGGCGAATGAAATTATTGATGCAGCCAACGGTACTGGCGGTGCTTGTAAGAAGCGGGAAGATACTCACCGCATGGCTGAAGCCAACAAGGCTTTTGCTCATTATAGATGGTTTTAAAAACTGAATACCAACGTTGGAGTGGGGATGAGGCGATTTGAGTAAAGTGATTGCAAACAATAAAGCTGAAAAGTTCGAAGACTTTGATATTGCTAAAGTAAGAAACATTGGAATTATGGCACATATTGATGCTGGTAAGACTACAGTTACTGAACGTATACTGTATTACACTGGGAAAATACACCGCATTGGAGAGGTCCACGAAGGGACAGCTACCATGGATTTCTTGCCTCAGGAACAAGAACGAGGCATTACTATAAGTTCTGCGGTAACTACTTGCTTTTGGAGAGATTGTAGGATTAATATCATCGATACGCCTGGGCATGTGGACTTTACGGTAGAAGTCGAAAGAAGTTTGAGAGTTCTGGATGGAGCAATAGCTGTTTTTTGCGGGGTTGGAGGTGTGGAGCCTCAGTCGGAGACGGTTTGGCATCAGGCAGACCGCTACAAGGTGCCTCGCATTGCTTTTGTTAACAAGCTT
NZ_CP121689.1_gap26	614205	616578	2373	GGGGTGCGAAGAATGGGAAATTGTTAATCTTGCCGCCCTTTCTCGGCTTAAAGATGTTAGGGAAATAACTCCTGAGGTTCTTTATGAAGCTGGTCTTATCGAGTCCAAAGAGAGCAAAATAAAGATACTCGCCAAAGGAAACTGCCCGCCAAATCTGGTAGTTAAAGCCCACGCTTTTTCAGAAAAAGCAAAGGCCCTTATAGAAGAGAATGGCGGAAAGGCCGAGGTGCTTTGAAAATGTGGGATTCTCTGGTCAAGCTATTCAAGATACCCGACCTGAAAAGGAAGGTCGTTTTTACATTGCTCATGCTGGTTGTTTTTAGAATAGGTGCTCATATCCCCGTGCCCGGCATTGATCCAAAAGCCTTAGCCAACGTTTTTTCGCAGGGAGGATTGCTTGGCTTTTTGGACATGTTCGCCGGTGGTGCCCTGAGTAATTTTTCCATTCTCGCTTTGGGAATCATGCCCTATATCAATTCTTCAATTATTATGCAGCTTTTGACAGCAGTTGTTCCCAAACTGGAAGAATTGGCCAAAAGCGGTGAAGAGGGAAGAGATAAGATAACCCAGTATACTCGCTGGGGAACCATTTTGCTGGCCATGATTCAAGGTTTTGGTATAACTGTTTGGATGGAAAACCTAGGGGTCTTACCTGCTGTTGGATGGGGTTATCGGGCAACCATAATATTGACCCTTACTGCAGGGAGTATTTTTTTGATGTGGCTTGGCGACATGATTTCTGATTTTGGTGTGGGAAATGGAGTTTCTCTCATCATCTTTGGTGGTATCGTGGCTCGTATAGCACCTCAAATAGTTCGTACTACTTCCATGATTAGAGTTGGGGAAATCAATCCCTTTTTATTTGCAATTAACCTTATTGTCTGGATTTTGATTATTGCAATGGTGGTCGAGTTTCAGGAAGCACAACGACGCATCCCGGTACAGTATGCCAAGAGAGTGGTAGGAAGAAGGGTTTATGGCGGCCAGAGCACTCATATACCCATTCGAGTAATCCAGGGAGGAGTCATTCCCATCATTTTTGCTTCATCTATCCTCCTTTTTCCAGCTACCATTGCCCAGTTTTTCCAGGGTTCAAGCTTTATGAAGTCCGTTGCCGATATGCTTTCTCCCAATTCTGCTCTCTATCTCTCTCTTTACGCTGCTTTGATAATTTTCTTCACTTATTTTTATACCGCGGTTACTTTCAACCCGGCTGAACTTGCGGACAACATGAAAAAGTATGGTGGGTTTATCCCGGGAATACGGCCAGGAAGGTCTACTGTAGAATATCTGGACCGTTGTCTTTCCCGAATTACCTTATGGGGAGCTATTTTCCTGGCTTTTATCGCCATAATCCCTAACATTCTGGTCAGGGTTACCAATATTACTACTTTTTATTTTGGGGGAACAGCAATTTTGATAATGGTTGGTGTGGCTATTGAAACTGTTCGTCAACTTGAAGCACAACTTCTTATGCGCCACTATGAAGGTTTTATCCGCAAATCCTGAAGAAGCAGAGGAGGAATTTGAATGAGAATTGTCTTTTTGGGCCCTCCTGGGGCAGGTAAAGGAACACAGGCAAAAATGGTGGAGAGAGATTTTGGTCTTGTTCATATTGCTACTGGAGATATTATAAGAGAGGCCATTAAAAACCAAACGGATTGGGGAAAAAAGGCAGAAGAGTATGTTAAGGCGGGCCTTTTGGTTCCCGATGAAGTAGTAATTGGCATTATGGAGGAAAAGTTACTTCAAGATGAAGTGAAACGAGGTTTTATACTTGACGGATTTCCACGCACTCTTGCTCAGGCAAAGGCACTTGATAAAATCCTGGAAAAAGCCAGCTCTCCATTGGACATTGTTATATACTTTAATGTGGATCCCCAGGAAGTTATTAGGAGACTTTCTGCACGTAGAATCTGTGAGAAGTGTCAGACGCCTTACAATTTGATTTCCAAGCCTCCCAAGCGTGACCAGGTATGTGACGTGTGTGGAGGAAGGCTGATTCAGCGTCCAGACGACAAAGAAGAAGTAATTGCTCAGCGTCTTAAAACTTACGAGGAACAAACGCAACCCTTGATTGATTTTTACCGCTCTAAGGGGATTTTAAAAGAAGTGGTTTCCAGAGGCGGAATAGAGGCCGTTTACCAGAGTGTTAAATCCTTATTAGAGGAAATCAGACAAAAACAATAGATGAGTAGGATAACTTCGCCTGAAGATGTTAAGAAGATAAAAAGAAGTGGGCAAATACTGGCTTCGGTAATAGAAAAGCTTCGTACTTTGATTGCTCCAGGCATAAAAACCCGTTTTCTCGATGAAGTGGCAGAGAACCTCATTAGGGAACGGGGAGCCCAGCCCGCTTTCAAGGGTTATAGA
NZ_CP121689.1_gap27	633087	633792	705	CCATGCTTTTTCAATACTGGTCACACCTCGGGGAGGCATTGCCAGGGTTAATGGTCGGCCTTATCGAGGGCGCTTCATGCTTTACGCTGTTGGTTCTGATATAAAAGTAGTTAATCTGGTTAGCCTGGAAGATTACATTAAGGGTACTGTTAAACTTGAAATTAGTCCTCGGTGGCCTCAGGAAGCAGTTCTCGCCTATATCATAGTGGTCAGAACCTATGCTCTGGCTAATTTAGGCAGGCATCGTGATGAAGGTTTTGATTTCTGTGCTTCTTCTCATTGTTTGTGTTATGGTGGTGTTAATGCAGAAAGCGAGATAACCAATTCACTGGTAGAGAAAAGTAGAGGCCTTATCGTTACCTATCAAGGAAAGCCTGCTCAGGTTTTCTTTCATTCAGAGAGTGGTGGAGTGACCGAATCAGCTTCTGCGGTATGGGGTAAGCAGGTGCCTTATTTAGTCAGCGTTGTTTCTCCTTGGGAAGAAGAGGCCCCTCATGCTAAATGGAAAGTGTCTTTTTCTCTGTCCCAGATTGAGAAAAAACTGCTCGAGAAAGGTTTGATCAAGGGTAAATTGCAGAATTTATCTTTCGAGTTTGGTGAAAACGGACGTGCCAGAGAAGTCAAAGCTCTGACCACTCAGGGTGTTTTTACCTTTACAGCTCACCGCTTTAGAGAAGCAATGGGTTTCGATAAATTGCCCAGTAC
NZ_CP121689.1_gap28	636065	636942	877	TGCTTACTTACCAGAAGGGGAAAGCTAAACATTACCAGAAGCGAATTCGCCCGGGATTTTCAGCCACCGGATTCGGACTGTTCTTGTTATACCTGTTCAAAATTTTCGAGGGCCTATCTGCGCCATCTCTTTAAAGCTGGAGAAATCTTGGCAGCAGAGTTAGCTACTATACATAACCTTTTTTTTATGTTAGAGTTAATGAGAAAAATTCGAGAGGCCCTTGAAGGTGGTTATTTTCAAGATTTTAAACAGGATTTTCTTGCCACTTACAACAGTGGTTTCTAAACAATTTGTTAATTTAAGATAAAGGAGTGATTTTGAAATGAGTTTTTGGATACCCATTGCTTTCGCCCAGGAAGCCCAACCCGCTGCCCAACCTGCCGCTCCTGGGATTTTTGCTCAACTGTTACCTTTGTTTTTTATCATTATCATTTTTTATTTTTTACTCATTCGCCCTCAACAGCAGCGACAGAAGAGCCAGCAGGAGTTGTGGAACAGCTTGAAAAAGGGTGATCAGGTAGTAACCGCAGGAGGTATACACGGGACAGTAGTTCAAGTTAAAGACAACGAAGTGGTTTTGGAAGTGGCCAAGGACGTTAGGATGACCTTTTCGAAAACGGCTATAGCGTCTAAGAAATAATATACAATTCTTTGGTTGAAGTTTAGGGGGCGAGTACTTTGAAGCGAAAAAATCTTCCCTGGAAGCTGATTGTTACGCTTGCCTTAGTTGTGATAGCTCTTTTGGTGGTTTTTCCTCTCGATAATAAAATCCGTCTGGGTCTTGATCTGAAAGGGGGCTCTCACATAGTTTTACAGTGTGTAGACACGCCTGAGGCTCCTGTTGATGAAGATTCGGTGCGCAGAGTGCTGGAAATCA
NZ_CP121689.1_gap29	672019	674799	2780	TTTGCAGAAGATTGGAAAAACCTACCATCTTCCAGTGGCAGAGAAGCTATGCAAAGAAGTGCTTTCAATCCCAGTACATCCACTCCTCAGTGATGAAGAGCGATGGGAAGTTGTTGAATCGATTCGTAATTTCCTGGCGGGTAACGAGCATAAATTTGTTGAGCTGGTAAAGGAGGAAAATTTTTGAAAGTGGTCAGGGTAGGTGTGGTTGGTGTTGGCTATCTCGGCCAGCACCATGCGCGGGTTTATTCAGAGCTTCCTGGAGTAGAATTAGTGGGCGTTGTTGATATTGATCGTGCAAGAGCTCAGGAAGTCGCTCGACGTTATTTTACTCGTGCTTTTTATGATTATCGCGATCTGTTTGGTCTTGTAGATGCTGTGAGCATAGTAGTACCTACAGTTTTGCATAGGAGCATTGCTGGTCATTTTATTGAAGCAGGCATCAATATTCTTATTGAGAAACCGGTTACTACTACCCTTGAAGAGGCCAAAGAACTTATGGAAATGGCCAACGCCAAGAAGGTGGTTTTGCAGGTTGGCCATATTGAACGTTTTAACTCTGCCGTTATGGAACTTGTTAAACTTATCACCCGACCTATTTTTATTGAGTGTGCTCGTATGGGTCCCTATCCAAATCGCAACACCGATGTTGGCGTCGTGCTGGATCTCATGATTCATGATATTGATATAGTTATGAGCATTGTTAGTGGGAAAGTGGTAGAGATAAGGGCTTTTGGTTATCCGGTTTTCTCTTCACAGGAAGATATTGCCAGTGCCCAGATTCTTTTTGATAATGGCTGTATCGTTAACCTTACCGCTAGTCGGGTGACTCGTAAAAAAATCAGACGTATGGAAATAACCCAGATTGATTCTTTCATATCCATCGATTACCTCGAGCAGGAACTGGCTGTTTATAAAAAAGCTTCTTCGGGTTTCCCTCAACTGATTGAAAAACCCATTATGCAGAAGGGTGAACCACTCCGATTGGAACTGGAGCATTTTATTCGTTGTGTGCGTAATGGAGAGCGTCCTCTGGTTGGTCTTGAGGAGGGCAAGAATGCCCTTGAAGTCGCTTTGAGTATTTTAGAAGAAATCAAAAAATCGGGTGGGCAAAAATGGAAAAAGGCTATGATGTAGTTATTGTAGGTGCTGGACCTGCAGGCATATTTACCGCGCTTGAGCTTTCCGAGCGTGGCAAACTGAAGGTGTTGCTTGTCGACCGGGGAAAAGAAATTGAAAAAAGGGTTTGCCCTGCTCGTTTAAACAGCGGGATATGCCAGAAATGTTCACCCTGTTCATTACTGTGTGGGTGGGGTGGGGCTGGAGCTTTTAGTGATGGCAAGTTGACCTTTTCAGATCAGGTTGGTGGGCAACTAAATTCTTATCTTGATGCGGCTTTTTTCAGAGAAGTTGTCAATTATGTTGACTCAATCTACCAACGTTTTGGCGGAACTTCGAAGGTTTACGGTGATGACCAAGATAAGGTTGAAGAACTCCGTCGCAGGGCTGAGATGGCTGAGTTGATTCTGGTGCCTTCTCGGGTAAGGCATCTGGGTACTGACCGTTGTAGAGAGATTTTGAAGAATATGCAGGAATATCTGCGTGGGAAGGTAGATATTCTCAGTGGTATGCCAGCTGAAGAGATACTTGCCAGCAATGGCAGAGTGAGAGGTATTAAACTTCAAAACGGTGAAGAAATAAAAAGTCAGTTTGTGGTAGTGGCTCCAGGAAGAGTGGGTGCTGATTGGTTGCGCAGGGAATGCATCAAGCTGGGTATTAAGCTTGAAAACAACCCTGTGGATTTGGGAGTACGCTTTGAGGTGCCTGCTTCGGTCATGGAAAGTTACACTCGCATTATGTATGAGTTGAAGCTGGTTTATTATTCACGAACCTTTGATGACAAGGTACGCACTTTTTGTATGTGTCCTTATGGAGAAGTAGTTACTGAATATAACGACGGTATCATCACGGTGAACGGACACAGCTATGAAAACAGAAAAACTCAAAACACGAATTTTGCTATTCTGGTAAGTACGAATTTTACTGCTCCTTTTCACGAGCCCATCGCCTATGGAAGGTATGTTGCTCAACTCGCTAACATAGTAAGTGGCGGAGTCATTATTCAGCGTTTGCGTGACCTTCAGATGGGCAGACGCTCTACAGAAGATCGCATACGCAAGTCAATGGTGAACCCTACACTTCGTGGTGCGAGCCCCGGCGACCTTAGCTTTGTATTGCCGTATCGCTTTCTTCAAGATATCCTCGAAATGATTTACGCAATGGATAAATTCATCCCAGGCATTAATTCCCCCCATAACTTGCTTTATGGGGTAGAAGTTAAGTTTTACTCTTCTCGAGTGAAGCTTAACCGGCATTTAGAAAGTGATATTGAGAACCTCTTTCTGGTTGGTGATGGTGCTGGTATAACCAGAGGACTGGTTCAGGCTTCTGCTTCTGGAGTGGTGGTGGCCAGGGAAATAGCAAGTAGATTAGGAGGATAACCGATGTCCAGACGACGGATTTTAATCACCAATGACGATGGATACCAGAGCGAAGGCATAGAGGCGTTGATTCGGGCTTTTTCCAAAATTGCAGAGGTCGTAGTGGTAGCACCACTTAGTGAACGTTCCTGTTCCAGTCATAGCATAACTGCTCACAAACCTCTCCGTGCCAGAGAGGTTGAAATTGCTGGTGTTAGAGGGTTCGCTATCGATGGCACGCCTGTTGATGCAGTTATACTGGGTTTGAACGTTTTTTGTAACGATGGTGTTGATTTCTTG
NZ_CP121689.1_gap30	676746	677877	1131	TTTTCAAGCTGGGGAAAAAGACAGCGAGCTGAAAAGCCTATCAAAATAGTGATCAGCGTATAGATGAAACCGTATATTGAGAAGCCAAGAATCATTTGACGAAGTTGTTTCAGTCCTTGAGGAACAAAGAGTCTTTGTGATACCTGGGGATTGGATATGGAAAAGAAAAACCAGGGCAGGGAAAGTCCCAGAAAGGTTTGAAAAGAAAAAAAGCCGTTTCCTGGCACTGATAGCCATTGGGGATAATCAATAACCAGTTTGTTCATCATTGTCCCAAAGCCCCCAAGGTATTTGTACACAACGATTAAAACCAGTATTACCGAGCTTGAAAGCATTATCATAGCTTGAAGGGAATCCGTGGTGGCCACTGAACGAAGGCCAGCGATTTCTGTCCAGAGAAAGGCAAGTAAGGTTGCAATGACAAGTCCAGATGCAAAACTTATTGCGCCCCCGGAAAGCATTTCCAGTAAATACCCAATACCCATTAATTGCGAGGCCGCGTAAGGGATGAGAAATACCATTGAAGTAAAGGCAAAAACGATTCCCACCAGCGGATGATTATATTTTAAAGAAAGCAGCTCCGCAGGAGTTATGCATCCACTTTCCTTGCTGAACTTTAAAAACTTTGGTCCAAATATTACAGCAAGTATTAATCCTGAGAGGTAGATTAACTCAAAACCCAGAGCCCCTACCCCGGCGCGATAAGTTAACCCGGCGAGACCCAACATCATAAAGGCACTGTAGGTAGTGGCACTGTAAGAAAGGGTATTAACCAGTGGTGAAATTTTGCGACTACCGAGAAAGTAATCAAAGAGACTTCTACTTCTTCCTCGAGAGGAGAGGATGGCAATCAGCGTGCCCCAAAATATGTAAATACCCAGAACCAGAATCAGGAGTTCAGTTTTCATCCGTCCATCGGTCAGTTATGCTTTTAAGCAGTATTATGCAGAGAATAGCGAAAATTATCCAGAAGGCGAAGGCACCATATATGTGGTGAACGCGGGAAAGGAAAAGATAAGGAACCAAATACGCTAAAAATATCAGTGTAAAATATAGAAAATACAAGACTCGGCACATGGTATTTCGATTGTATTAAGTTGAAAGACAAAAGTCAACGAGTAGCTAAGGGGG
NZ_CP121689.1_gap31	706547	711461	4914	GTGCTTCTTCTACAGGTTTATCCCAGGCAGTATCGTCGTTGATAACCAGGGCGATACCGTCTGGTTTCAGGGCAACTGCTTCCTGAAATCTTTTTTGCTGTAAGGCCAAATCTCCGCCACAGAGGTCAAAATCAACTTTACAACCCAACTCTTTTGCTGCGTCAGCAGCTCCTTTCTGCACTACTGCCCAGAATGGGTCATCCCCACCATGGGTGACAAACCTGAAGTACATACCTTCTGCAGGCTTACCTTCCTGGGCGAATGCCCAGAAGGTTACAAACAGAAACAACACCACTATAACAACTGGCAATCCGTTTCTCCACACTCGTTTCACGGTTTAGCTCCCTCCTTTTTGGTTTTTATGAATACTATTAAACAGAGGATAAAATATTCCCCTTTTTCACCTCCCTTTCTATATTTATGGTTTTGGGGCTACTTGGATAGTTTGGATGAGAGTGCATTTGGGTTCACCCTTGGGGATTTTGGCGTGAAGCCACCTATTGGTAAAGAACGCAGCGAAAACTTTGGGAAAAGCAAATTCATCAAAACCCTCCTTAAACTTTGCTCCCTTAAAATAGTATATCAGCAATTTTGTTGCGTCAATAAGTTTGTTGGTGTCTTTCGTTTTTGTTGGCTTGGTTCTGGTAAGGGTTGCTGTTGCAGCACATTTTCCGGTGAAAATCCACTTTTTGATTTGCCATTGACATCCAGAGCTTTTTATGGTTATTTTACCTGAGGGGTTAAAGGGTGGTAGATTTTTTTACATACGGATTTATTCGAAAGTCCATTTTCCTGAGGCGAGGGAAAATGGACTTTTTTTATAGTTTTGGGGGTGAATGACTTGAAATGGGCCCACAGACACCTTTTAGGAATTAGTGATCTTTCAAAAGAGGAAATATTTTATCTCCTGGAGAAAGCAAATGATTTCAGAAATTTTTTGGAAAAGTCTCCCAAGCGTTTGGCCAATCTTAAGGGTTATTTTTTGGTCAATCTTTTTTTCGAGCCGAGCACCAGAACCCGGGTCTCTTTTGAGATAGCTGCAAAACTTTTAGGAATGGAGGTTATAAATTTTTCCACTTCGCTCAGCAGTGTTCAAAAAGGTGAGAACCTGAGAGACACGGTATTGACGCTTTCTCAGATGAAAGTGGACATTCTGGTAGTTCGCCATCGGGAAAGTGGTTTACCACTTTATTTTGCCGGTTTTTTACCCTTTCACATTGTAAATGCTGGAGATGGAATTAGAGAACATCCTACCCAAGCGCTTCTTGATTTGTTGACCATCAAAAGACAATTTGGAAAAGTTTCTGGCCTCAGAGTAGCTATTGTGGGAGATATAACACATAGCAGGGTTGCTCGTTCTCTGTGTGTAGGTCTTGTTAAATTGGGCAATTCGGTGGTGGTATCAGGTCCTATTACATTGGTTCCTCGGAGCATTGAAGAAGTGGGAGCCGAAATCGTTTTCCCTGTGGAACGAGCAGTTCAAGACGTGGATATTGTATATCTTTTACGCATCCAGCGTGAACGGCAGGAAGCAGGTTATTTCCCAAGTCTCAAAGAGTATTCGATTTTTTACGGTTTCGATAGCAAAGTCATGCAATTGGTGAGAAAGAGTTTTGTGCTTATGCATCCCGGTCCAGTCAACCGAGGAGTGGAAATTGCTTCTGAACTTGTTGAAGCACCGTTCTCTCTTATTCAAGAACAGGTTACCTGTGGTCTTGCTGTAAGGATGGCTGTTCTGGATACTTTGATAGGGAGTGACTGAGATGAAGCGGATTCTTATTAAAAGAGGAACTCTGGTTCTGGTGGATAAGGGTGTTTTGGCTGACAGAGACCTGTTAATTGAAGGCAACCGCATTGTGCGAATAGATCGGGGAATTCAGGATCCACAGGCATACGTTATCGATGCTTCTGGTTTTTTGGTTGGACCGGGATTGGTCAATATGCATGTCCATTTTCGGGAGCTTGAAAACAGTGCTGGGGGAGATGGTTTACTTGCTGAGATGCGCGCTGCTTTAAAGGGTGGCTTTACAACTATTGTGGTTATGCCTAATACCAATCCCCCTCTCGATGAGCCTTTAGTCGTGCGCTATCTTGGTTACCGGTGTCGAGAAATAGGACTCGTAAATGTTTATCCTGCTGGTGCAATAACCAGAGGGCTTGAGGGACAAAAGATGAGTGAAATAGGGCTTTTGAAGCAAGCAGGTGCTGTTGCGTTCAGCGATGATGGTAAAAGCGTGATGGATTCTCATCTTCTGTATTTAGCCTTGATGTACGCGAAATATTTTGATGTTCCTTTCATCCTCCACGAGGAAGACATCTCGGTAAGCGGGGAAGGACAAATTCACGAAGGAGCAGTTGCTTTCCGCAGGGGTTTGAAGGGCATTCCCCGGGTTGCTGAAGATTCTTTGATAGCCAGAGATCTCGTGATTGGCTATTATACTGGGGCCAGAGTCCACTTCACCCATGTGTCAACTTATTTTGCTGTCGAGTTACTGCGCTGGTTTAGGGATAAAGCATTGATAAGTGCTGATGTGACTCCTCATCATCTCTTGTTGACTGAAGAAGCTGTGGACCGAGAGGGAGTTTTTGCCAAGGTAAAACCACCTTTGCGTGAAAAGCGTGATGTTGAAGCTCTTAAAGAAGGCATTCGAGACGGTGTGATAACGGTTCTTGCTTCTGATCATGCTCCTCATAAAGGGAAAAGTAAAGAGATGGTTTTTTCTGAGGCAGCATTTGGTATTTCAAACCTGGAGATAGCCTTTCCGCTTTACGTTAAAGCTCTGGTTGATGAAGGTGTTTTGGATTGGGTTGGTTTGTGGAAAAGGATGAGCTTGAATCCTATGCAAGTTTTGGGTATGCCGGAAAAAGGTTTTCTTGCTGAAGGAGCCGAAGCCGATGTGACTGTTGTCGATCCGGAAACGGAATGGGAAGTCAATATTGAAAACTTTGAATCTCAGGGCAGAAATTGTCCTTTTAATGGCTGGTCTCTCCGTGGATGGCCAGTGTACACTATTGTAGGTGGTAAAATTCTTATGAGAGAGAGGAGCATTTTAGAGCCATGAATTTTGCTGACCAAGTTTGCAAAGTTGTCGAAATGAAGGGACCTCTGGTAGTGGGCATGGATCCCCATCTTGAGTTGTTGCCTCCTTATCTTCTCGAGAAGTGGTTGCGAGAAAGAGGCAATAATTTGCAGGCGCTTGCTTATTGCGTCATGGAGTTTGGAGAACTAATTATTGAAGCTATACATGATATCGTTGGATTTGTGAAGTTTCAAATGGCTTTTTATGAATTGCTTGGAGTTCCTGGTTTGATGGTTCTGAAAAATCTGGTTGATCGTGCCAGAGAAAAAGGGCTTACGGTAATACTCGATGGCAAACGGAACGATATTGCCAGCACGGCTGCCTGCTATGCCAGAGCATATCTTTCGGGGATAGAATATCCTCTGGAAAGAAGTATTCCTTCTTTCTGGGATGTAGATGCTTTGACTGTCAATCCTTACTTTGGTGAAGATGGACTTACGCCTTTTTTTGAAGAAGCCAAAAAGGTTAACAAGGGGCTGTTTGTAGTGTGTCGTACCACCAATCCTTCGGCTCCTTTCCTACAGGATGAAGGGAGAGAAGAAAAGGTTTATTTTAAAGTTGCCCGCTTAGTAGAGCGCATGGGCGAAAAAACGATTGGGGATTCAGGCTTCAGTTCGGCAGGCATAGTGGTGGGTGCTACCTATCCGGAGGATTTGAGAATGCTGAGGACAGAATTTCCTTCTTTGCTCTTTCTGATCCCTGGGGTGGGTGCCCAGGGTGGTGGGCTGGAGCCATTACGGTTTGCTTTTCGCGATGATGGGATGGGTGCACTGGTCAATGTTTCTCGAGGAGTGCTTTTTGCCTATCGTGAGAGTGGAAACTCGGATGGCAGAGGCTTCGAGAGATTGGCCAGAGCAAAGAGCATTGATTACCAGGAGAGGCTTAGGGAACTTCAGCGATGAGCGAAGCCAGGATTGTGGAGAAAAGAAAATTGGGTGAGGATTATATTTATTTCGTTTTGCGAGAACCTGTCATTGCTTCGCTGGCTTCGCCGGGGCAGTTTGTTATGGTAAAAGCAGGTGAGGGTTGGGATCCGCTATTGCGCAGGCCTTTGGGCATACTCTGGGCAGAGGATGAGCATTTTGCCCTGCTTTTTAAGGTGGTAGGAAGAGGTACTGGTATTTTAAGGAATCTGGACTGTGGAAATTGGTTGGATGTAATCGGCCCTCTGGGGAATTCTTTTTCCTGGAATGATAACGGACCCTTTCTCCTGATTGCTGGAGGACGAGGGTTGGTCCCGATTTATTTTCTGGCTCATGCTCTTTTTAAGAGGAGTTTACCCTTTGTTTTCTGTGTTGGTTTTAAGGTGAAAGAGGAATTGGATTTACTGCAACTTTTAGAAGGGAAAAACTGGAACGTTGCTGTGGCTTGCGAAGAAAAAGATGAAAAGGTTTTTTGTGGAACAGTGCTCGATGTTGCCAGGATGCAACTAAGACAGAACTCTTTTTCCAAAATTTATGTTTGTGGACCTCATGATTTGCTACACTCAATGGCGGTGGATGCCGAGTTTGCAGGTCTGCCGATTGAAGCTTCTTTTGAGGCACTTATGGGTTGTGGTTATGGGTTGTGTTTGAGCTGCGTGCTTAGGAAAAAGAGTGGGGAGGGATATTTTCATATTTGTAAGGAAGGACCGGTTATAGCGCTGGAGGAAGTGTCATGGTAGACCTTTCGGTGCGCGTGGGAGACTTGCGCTTGAAGAATCCTGTGGTATTGGCTTCGGGAACCTGTGGATATGGGAGGGAACTCGCTAAATTTATTAACCTGAAAATGGTAGGAGCGATTACTGTGAAAGGGTTGAGTATGGAGCCCTGGCAGGGCAATCCCCCTCCTCGGA
NZ_CP121689.1_gap32	722828	724276	1448	TTGCACTTTTGCTCCTGCTTCTGCCTTCAGTCTTTCTCGAGCATTTCCTTGATTGACGGCTATTTCCAGAAAACCCGAACTATCTCCATGGATCAGGATTTCACCTTGAGGAATGCTACCGTAAGTTGGTGCATAGTGTACTGTGTATATCTCACCACTTATATATATCGGCAATTTTTGATAAAACTTTAGTCCTTTTTGAGTAAAAAGCCAGGTTTCTGGAATGTTGGTTTCTATGTTGCCAAAGCGGTCAAAAAAGGCAATTTCACCAGTGATTTTACCTTTTTCAAGTCGTGGTTTCTGGTAATCGAGTAAAGTAATTTCTGGAAGAAGAGGTCCAAAGTTTTCAAGAGGCATGCCTTTGCTTAGGAACGCAGCGCAGGGGGCAAATATATCTCTTCCGTGAAAGCTGGTTGATGGTTGCTTTTTGTAAAACAGGTCGGCGTTGGCAAGCTCCCTTATCTCAAGGATGGTATCTTCTTCTGCAACAAGGGTGAATAACCCATTATCTGGACCTACAAAGAAGTAGCCGCTCTGGGTGGAAAAAGCTATTGCTTTTCTTTCGGTGCCTACACCATGGTCAACAACCGTCAGGAACACCGTTCGAGGTGGAAAGTCTCTATATGCTCTGTAAAGCACGTGCATTGCCTCTCGAACACAGAAAGGTTCAATCTCATGGGTGAGATCGATGACCTTCGCTTCTGGGTTGATGGAATGTATAACTGCTTTACATACTCCTACGTAATAGCTTTTTAATCCCCAGTCCGAAAGGAAAGCAATGAGCATCTTTTTCTCCTTCAGGGAGACTTATCCATTCTTTGCTGGATAAAAAATTTTACCACTTGCTTTGAGTTGGAAAAATCGAATTTAAAAGCTCGACTTAAGTTTTTCAAAAAGTTTTGTGCGATAATAGTCGAAGTAGATTTGGTTTGTGTTTTATTGGAAATGAGTTCCTGGAACAGCGGAAAAGTAGTTTATCTGGGCATCTTCACCGGTATTGCCATTGCACTGCATATCCTGGAAGGTAGCTTTTCTCCTTTGCTTCCTGTACCAGGAGCAAAAGTGGGATTGGCTAATATTGTTACCTTATTCGTATTTTTTATAGTTGGCCCCCGTGATGCCCTATTAGTTTTATTGCTCCGTATACTGGTGGGTAATCTTTTGGGAGGTACTTTTTTAAATGTTGGTTTCTTTCTGAGTGTGAGTGGAGGACTTAGCAGTTTTCTGGCTCTTTGTGTTCTTTCAAAGAGAATGCATTCGGTTGCTGTTCTCAGTGTGATTTCAGCGGTGGTCCACAACCTTGTTCAGCTTTTGGTAGCCTTTTCGTACATAGAGAGCAGAGCCATATTCCTGTATTTACCCCTTCTTGTTTTTTCGGGGGTGACTTTTGGGTTTTTTTGCGGCTATGCTGGTGCTTTTCTCATAAGTGTCTGGCGTCAACGCTTTGC
NZ_CP121689.1_gap33	802319	804616	2297	TACCTGGGTGGCAATACAGCACTGGAGCTTTTTACCTTTTCTCCCGCATACGGTTTTTTAATCGAGAATGGGAAAATTACCGATATAGTTAAAAATTTTGTTTTAAGTGGTAATCTTTTTGAGACCCTTCAAAAAATTGACTGTATTGCTAATGATTTTGTTTGGAATGAGCTGGGTGGGTGTGGTAAGGGCTTGCAGATGGGTTTGCCTACTCCCACCGGCAGTCCCCATGTCAGGTTGAGGGAAACGCTCGTAGGAGGGAGCGAGTAATGTTTTCTGGATTGGAGAAGCTTGCCAGTAAAGGTATGGCGGGAGACCTTTATCGTGCCAAGGTAAAGTCAAAGACCGTTCGTTTTGAGGGTGGCATTTTAAGGCAGTGTGAGGTCGAGGACTCTGATGGGTTTGGACTCAGGGTTATCAACAACGAGGGCAGGCTGGGTTTCGTGGCCTTTAATTCTCCCTCTCTTTTTGAGGAGATGCTGGAGAAGGCCTGCTCAATCAGCAAGTTTGGTGACCAGGTAGCGTACACTCTACCCTCGTATCCCGTTTTAAAGGGTTGGGATAGCTTTGTGGACCGACGGGTGGTTGATATTGATTTTGCCGAGATGATAGAGATAGGAACTTATGTCATCGACCGCATCAGGGAAGAATATCCGGAAGTCGTTTTAAATCTCAGTGTAAAAGCCGGGACGGAAAAGAAAGAGCTTGTGAACCATCATCAAGAGATGCTTTCTTTCGAACGAACCTTTTTTGGGGTAGAAGCTGAAGTGAATTTGACCAGAGAATCAGATATCCTGGAATTCTCTGTGGAGAGATTTTGGGGTAATCGTGATATTGACCTGGACCACTTTATCAGCGAGATACTTTTCAGGTTGGAATTTTCGCAGAAGGAATGTAGGGTTGAAGGTGGAGCTTATCCCGTTCTTTTCACTCCCCAGGGTTTGCTGGTTTTACTTTATCCTCTTTTTTACGCTTTGAATGGCAGAAATATTGCCTTTAATCGCTCTTTTCTGAAGGGCAAGTTGGGAAAACTGGTTTTTTCTCCACTTCTATCTCTTGCTGAAGTGCCTTACGAAGCCTGGACACTTGGTTCCTGTCCTTTTGATGATGAAGGGATTATGACTGTCCGGGAGAGGGAACTGATTGTGGCTGGAGAAGTCAAATCGGCCTTTTGGGATCTTTTTTCTGCTTTTCTGGAAGGCGTTGAACCTTCTGGGAATGGTTTCAGACAATCCTATCGAACTCTTCCCTATCCTGAGCTTTCCTGTGTTAAGATTAAAGGAGGGTTAAGGAGCCAGGAGACCCTTATTGAAGAGCTGGAAAAAGGATTGATTGTGGATAGTGTCCTGGGTTTAGGTCAGAGTAATGTTTCTGCTGGGCACTTTTCTTGCAATGTAAACTTGGGTTTTTACGTTGAGGACGGGGAAATACGAGGACGGGTCAAAAATGTGATGATTAGCGGTAATGCCTTTGAAGCCCTTAGAAACATTCAAGAAGTTTCCAGAGATGCTCGCTGGGTCTATGGCAGGTGGCTTTTGCCCTGGATGGTTGTAGAGCCAATAAGAGCGGATGCCAAAGCTTAGTACTTGAGACTGATTTGTTTACAGTATGCAGATAATCCTGTTTTGGTTGAAAAACAGCTGATTACAAAGGAAGGTGAAGGAGTAGTGTTTGAGCAAGTGGACCTTAAAACAGAATGGGGGAAATTTGAAGAGGAAATTCTGGAGTTCTGGAAGCGAAATTCGATTTTTGAAAAAAGCCTTAGGCAACGCGAGCAGAGCCCTCGTTTTGTTTTTTATGAAGGTCCCCCCACTGCCAATGGCTATCCTCATGCCGGGCACGTGATTGGAAGGAGTATAAAGGATCTCATTCCCCGCTATAAGACGATGTGTGGTTATTACGTTCCCAGAAAAGCAGGTTGGGATACCCATGGTTTGCCGGTAGAACTCGAGGTTGAAAAGGAACTGGGAATTTCTGGCAAACCTCAAATTGAAGAGTATGGAATTGACCGCTTCAACAAAAAATGCAAAGAAAGTGTATTGAAGTACATTCGGGAATGGGAAAAGCTCACCGAGAGAATAGGCATCTGGATGGACCTTAATAATCCCTATATTACCTTTGACAATAGTTACATAGAGAGTTTGTGGTGGGTTTTGAAGCAACTTTGGGATAAGGGTTTACTTTATCAGGGCTACAAAGTGCTTCCTTACTGTGCTCGTTGTGGCACTTCGCTTTCCAGCCACGAAGTGGCACTTGGATATCGTGATACTGAGGACCCTAGTGTTTTTGTTAAGTTT
NZ_CP121689.1_gap34	810081	813593	3512	AAAGAAGGTTCGAATTTGAGCCTGGATTTACCGGTAACTCTTTATGAAGCTTTGCTGGGAGCGGAGGTTGAAATTCCTCTCTTAGATGGTAAAAAAGTCAGATTGAAAATTCCTCCTGAAACCCAAAATGGTACTGTGTTGCGCTTAAAGGGTTTGGGTTTTGTAGATCCTAAAACTAAGGAAAAAGGCGATTTGCTGGTCAAAGTACAGGTAGTTTTACCTCGCCAGTTAAGCGCTAAGGAAAAAGAGTTGTTCCAAGAACTGGCTACTTTGAGACACGAAAATCCGAGACTTAATTTGGTTTCTTAATAATTGGCATTTGAGATGAATAAATTTCCTAAGAGAAGGAGGTTTGAGCGATGCAGTTTGATCGTTTTACAGAAAAGGCACGTGAAGTGATTTCTATTGCTCAGGATATTCTCATAGAGTCCCATCATAACCAGCTTGATGTAGAGCATATTCTTCTCGCTCTTTTAAAACAACCAGAAGGCTTGGCTTCACAGATAATTTCTCGCTGTGGTGTTGACCCCCAGGTTTTGCAGCGAGAGCTTGAAGATGCTTTAGAGCGCCTGCCCAAGGTTTATCAGCATGGTTCAGAGTTGCAGATTTACCTGACGCCACGAGCAAAATCGGTTCTGGATGGTGCTATTGAGGAAGCCCAGAGGCTTAAAGACACCTATGTGGGTGTAGAGCACCTTCTGATTGCTGTTGCACGGGAGGAAAGCGGGGTGAGCCATCGTATCCTGAAGGCTTATGGTCTGGATGTTGAGAAGATTTACCGAGCACTTCAGGAAATAAGGGGGCAGAGAAGAGTGGATGATCCGTATGCGGAAGGGAAGTATATGGCGCTTGAAAAGTATGGCAGGGACCTGACTCAGCTGGCTAAAGAGGGCAAGCTGGATCCAGTAATAGGTAGGGATAAAGAAATTCAAAGAGTTATTCAGATTCTCTCTCGAAGAACTAAAAACAACCCTGTTTTGATTGGTGATCCTGGTGTGGGCAAGACAGCCATCGTGGAGGGTCTTGCTCAAAGAATTGTACAAGGAAACGTCCCAGAGAGTTTGAAAGGGAAGAGAATTGTTGCTCTTGACATGGGTGCACTACTTGCGGGAGCGAAGTTCAGAGGAGAATTTGAGGAGCGTCTAAAGTCGGTTCTTGAAGAAGTTCAGAAGTCACAGGGCAAAATTATCCTGTTTATAGACGAACTACACACCGTGGTGGGGGCTGGAGCGGCAGAAGGGGCCATTGACGCTGCTAACATGCTCAAGCCAGCGTTAGCTCGAGGAGAGCTCCAGTGTATCGGAGCTACCACTCTTGATGAATACCGTAAATATATTGAGAAAGATCCTGCTTTGGAGCGAAGATTTCAGCCGGTTTTCGTTTCCGAACCTTCCGTTGAAGAGAGTAAAGAAATTTTGAGGGGTTTGCGAGACAAGTATGAAGCCTACCATAAGGTGAAAATCAGTGACGAAGCAATCGATGCAGCCTGTCGTCTGTCGGACAAATATATTACTGATCGCTTTTTACCCGATAAAGCTATTGACCTTCTTGATGAGGCAGCCAGTAAAAAGAGAATAGAACTGCAAAGTGTTCCTCCTGAAATCAAGGCAATGGAGGAACGACTGCAGGAGCTTGCTAAAGAAGGTATGGCAGCGGTACAGGCGCAGGAGTATGAAAAGGCAGCTCGTCTTAGGGACGAAGCTGAAGCCCTGCAAAGCGAATATATTAAAGCGAAAGAAGAGTGGATGCAAAACAAAAGAATTAATGAAGTGATAAGTGAGGAAGACATAGCAGAAGTAGTTTCCAGCTGGACTGGTATTCCGGTTGGACGTTTACTTCAAAAAGAGAAAGAAAGGTTAATCCGAATGGAAGATGAACTCCACAAGCGCTTAATTGACCAGGAAGAGGCAGTGAGAGCAGTTGCTGAAGCGATAAGGCGTTCTCGTGCTGGTATAGCTGAGGCGAACAGACCAGTTGGCTCTTTTCTTTTCCTTGGTCCTACCGGTGTGGGTAAAACCGAACTGGCTAAAACCCTGGCTGAATTCCTGTTTGGAGATGAAAACGCGCTTTTGCGTATTGATATGTCTGAGTATATGGAAAAGCACTCTGTTGCTCGCCTGATAGGTGCACCTCCTGGTTATGTGGGTTATGAAGAAGGTGGCCAATTAACCGAGGTAGTGCGAAGAAGACCTTATCAGGTGATTCTTTTTGACGAAATAGAGAAGGCACATCCCGATGTTTTTAACATCCTTTTGCAAATTCTTGATGACGGAAGACTGACCGACGGTCAGGGTAGAACAGTTGATTTTAAGAATACGGTTATTATAATGACTTCTAATCTGGGCAGTCACTATTTCAGAAATGTTGACCCTGAAAACGCGGAAGAACTGCGGAGAGTAAAAAACAAGGTTTTAGAGGAAGTGCATAGTAGATTAAAGCCCGAGTTTATTAACCGCATTGATGAAATAGTGGTATTTAATCCTTTGCGCAAAGAAGATATTAAAAAAATCGTTGATCTTATGGTGTCCAGGTTGCGAAAGCGGTTGCAAGAACAAGGTATGGACCTGGTTCTTACAGAAGAGGTCAAAGAATTCCTTGCTGAAGCAGGCTATGACCCCGATTATGGGGCCCGACCTTTGCGGAGATTGATTCAAAAACAAATAGAAGCTCCCCTCTCTGGTGAGCTCATAAGAGGTACCTTTCAAGAAGGAGATGTTATAGAAGCATATCTTGATGACAGCAATCAGATTCGTTTTCGAAAATTAGAAAAAGTGAGCATTTAATTGCGGATTCGAGCCTGGAAAGGTAGTAAACAAGATATGGGCGGTAAAAATTAAATAATTTTAAAATTGATAAGTGATTTGCTTCACTTTTTTTGAAATTCGGTTTATAATAACCCAAAGTTTGGGTGAGAAATTTGTTTTAGGGGGAGATAGTGGTGGCTAACCTTGAAGTAGAAGAAAGAACCAGAGATATGGAGATTTCTTCTGAACTTGAAGACACCTTGCTTGGTGTTTTATCCCGCTTTAAAGGGAAAAAGGGTGTTCTTATCCAAGCCTTGCATGCGGTGCAAAACATAGTTGGTTATTTACCACCTTCGGTGCTAAGAATCGTTGCGCGTGAACTTGATGTTCCTCTTAGCGAGGTTTATGGAGTGGTAACTTTTTACCACTTCTTTTCTATGAAACCGCGTGGAAAGCATGTTATTCAGGTGTGTCTGGGTACTGCCTGCTATGTGCGGGGAGGACAGGAAATCCTGGACAAGATTCAGAAAGAGCTGGGAATAGGGGTTGGGGAGGTTACTGAGGATGGTCTTTATTCGGTTGAAGTGATGCGCTGTGCTGGAGCATGCGGTCTTGCGCCAGTGGTGCGTATAGACAACGACGTTCATAAAAGAGTGAATCCTTCTCAGATTATGGAAATTATTAGCAATTACACCTGAGGTACCGGATGAATAGATGAATGAAAGACCTCTCTCTTCATATTCTGGATCTGGTTGAAAATTCTCTTCG
NZ_CP121689.1_gap35	959771	964284	4513	GCAAAAACGTTTATCGAAAACCTTGGCTACAAATTTGGAGCGTCTTTTGCCCTATCCAAAGTATTGTGGATAAAAAGAAATGAACCCTCCATTTTTGAACAAACTCGCTTTTTTATCCATCCTACAGATTTTATCAACGCCAAACTAACCGGTGAATGGGGTATTTCTGACATTTCGAACTGCCTCAAAATGGGGTATGACCTCATCAATAACTGCTGGCCAGAGTTCATTGAAAAAGATTTAGGCATTCCCCTCTGCAAGTTACCCAAAGTAGTTCCAACCGGTGAAGTCATAGGCACGGTTTCCAAAGAAGTTGCTGATGAACTCGGATTATCTCCAAAAACTCTGGTTGTAGCAGGAGCTACTGACGGTACGGCTGCTTTTTACGCTTCTGGAGCACATGGTTTAGGAGACCTTTCTTCCACCCTGGGGACGACGCTGGTCTTAAGAGGGATATCAAAATCGCTGATTAGAGACCCCCGGGGTAGAATTTACTGTCACCGCCATCCCGAAGGAATGTGGTTGCCTGGTGGTGCCAGTAATACCGGTGGAGAGTGTTTACAGAAGCTTTTCCCCGGAGAAGAGTACCGGGCTTGGGACAGAAAGGTTAGTGAAAGTGTTTCCCTACCTACCGGAATTGTTTTTTACCCACTGATGAGGGAAGGCGAAAGACTACCTTTTTCCTGTCAGGAGGCACGCTCATTTAAAATAGGCAAAGAAAATACTCAGGAAGAGCTCTATGCAGCTTGCCTTGAAGGAGTAGGCTATGTAGAGCGCTTCGCCATAGAACTTTTGGAAAGGCTTGGAGTTGATAAAGTAAAGAAGATATTCGCTTCAGGAAGCGGTGCAAAAAGTGAACTCTGGTGCAGAATCAGAGCTTCTATAAGTGGCTTACCGCTTTGTGTTCCAGCCTCAGAAGAAGCAGCAATGGGAGCCTGTGTAATCGCCAGCGCTCAGTATTGGGGAGGGATTAGCAAAGCGGTGAGAGAAATGATACGCATTGAAAAGGTTTTTGAACCGGACCCTGCTTTGCAGGAAGCGTATCAGGAAAAATATGCTTGCTTTGTCGAAGAATGCGAGAAAAGGGGGTACGCTCTTGACTGAAAAAAGATTGGAAACTGCGCTGAAAGTTGCTCACCAGGCTGGTGAATTTTTACTTTCTAAAAAGGAAGCAATTTTGACCATTGACCAAAAAAGCAGCTGGGCAGACCTGGTAACCAATGTCGACTTAGAAGCTCAGGAATTAATTATCAGTCTCTTAAAAACTTCCTTTCCAGATGACTTTTTCTTTGGGGAAGAAGGCTCTATTTCTCTGGAACACTTAAATAAAACCTGGGTCATTGACCCAATCGATGGTACAAGTAATTTCATATACAGGTTGCCTTTTTTCTCGGTTTCTATAGCTTTTTTCGAGCTTGGCGTACCAACCATCGGCATCGTTCACATACCCGAACTAAGAGAAACCTTTTGGGCTGCAAGGGGCAAAGGAGCCTACTTAAATGGCAAGAGAATTTGCATTAGCGGAAAGAAAACCCTGGATAGTGCGCTGATTGCTACTGGTTTTCCTTATGACATTGCGTTGAGAGAGAAAAGCGCTTCCCTCTACACAGAGCTTCTTCCTGCAGTTAACGATCTGAGGGCTTATGGAGCAGCTTCGATCGAACTTTGCTACGTTGCTTGTGGTCGTTTTGATGCATACTTCGAACCCCAGGTGGCTCTCTACGATATAGCTGCTTCTTTGGTTGTCTTGAGTGAAGCTGGCGGAGAGTTTAAAAGCCTTGATGGAAAAGAGTGGGAACCCACTTCCACCTCCCTTATTGCTGCAAATCACCACCTTTTACTGGAACTGCTTGAATTCCTTGCCATGAGAAAAAATAGACCCAATGGGAACCTGTAACATATGTGGTCGCAAAAGCAGACTTATAAGTGAAGTGCTTGCTTTGTGCAGGAAGTGCATCCTACAACATCCTCAGAAAGCTTTGCAAAGAGCGGACCAGGTGCACCGACTGGTCCGTAAAGAACTGGACCTTCCTGAATACCCACCACGTCAAGGCAAGGTAAGGTGTTCCCTATGCTTCCATCAATGTGCAATGCGCGATGGAGAACATGGTTACTGTGGGTTGTACGAAAACCGCAATAACCGTCTTCGATACCGTACTGGTAACCCTCAGAAGGGACTCCTGCATTGGTACTACGATTCCTTGCCAACCAATTGTGTAGCCTCATGGATTTGCCCTTATGGGAAAAAAGCAAGTTTTTCCTTACCTGATTTAAGAAAATACTACAACCTGGCTATATTCTACGGAAGTTGTTCTCTGAATTGTCTTTTTTGTCAGAACTGGCACTACCACCATCTGCTACAAAAAATGGAACCGCTATACAGCGTCAATGAATTGCTTGAGAAAGTAACCAGACAGGTGGCTTGTATCTGCTTTTTTGGAGGAGACCCTGTACCCCAACTCCACCATGCTATTGCTCTCTCCCGACTCGCAATTCAAAAAGCAGAAGCAGAACAACGTCTTCTCACTTTGCGCATTTGCTTTGAAACCTGTGGCAACATGAACGAAAACCTCCTGTTCCAGGCTTTCAAGGTTTCCGCGCATAGCGGAGGATGTATTAAGTTTGACCTCAAGGCTTTTAATGATACACTGCATCGCGTTCTTACTGGCTTCTCCAATCAGAAAACCTTGGATAATTTTGCCAGAATTGTAAATTGGCGTAAAACGCAAGGAGGAGAGGCTTTTCTTTTAACTGCAAGCACTCCTCTGATTCCAGGATACGTAGAAGAAGAGGAAGTGTATGAAATAGCCCGTTACATCGCCAATCTGGATCCTTCGATTCCCTACACCCTGCTGGCTTTTTCACCCCAATTCTATTTTTACGATTTGCCCCAGACAAGCAGAAAAACTGCTTTGCGCTGTCTGGAAGAAGCTCGAAAAGCAGGACTGGAGAGAGTAACTATAGAAAACGTGTTTCTCCTGAACTGAGAGACCAGTTGAGGCAAGAACTAAAAACCCATTCTTTTGACAAAGCGGTAACCTGGTATAAAAATTACAAACAAGGAATAAACAAACTGTGCTTTTGTTAATTATCCATTCGAAAACAAAAATTTTTTGAAAAAACTATAAAGATACAGAAACAAAAACCGATATATTAAGTAAAATACTTCTAAATAAAAAACTCAAGGGGTGAAAGACAATGCATAGTATTACTGGTAAAAGATTTAAAGTTTTAGCATGCCGCTCCATGTGGCGTGAAGTTTCTCTACTTGCTTCGCAGTCACCCAATGTGTGTGATGTTGAGTTTCTCCCTCTGGGACTTCATAACGATCCTCCGAGCTTGCGCCAGACACTTCAGGAAAAAATACACGCCACCTCACCCCAAAAAATGAGTTATCAGCAGGAAGGCCTTGAGTTTGAGTACGATTATGATGCCATTGTGCTTGCCTACGGTTTGTGCAGTAATGGTACCGAGGGACTTAGCTCAAAACGCTATCAACTGGTTATCCCGCGGGTTCACGATTGCATAAGCCTGCTCCTTGGTTCTTCAGAACTATACCACTACTACTTTGAAAAATACCGGGGAATCTACTGGTATTCGTCGGGATGGATTGAACACAGCATTCAACCCAGCAGGGAACGAAGAGAACTCATCTATCAAATTTTTAAAAATAAATTTGGTGAAGAAAACGCAGCTTTCTTAATGCAACTTGAAGATAACTGGCAAAGAGAGTATAGCAGAGCTATATACATTAGCTGGGGATTCTCCGTAGACGAGAAATACTGTCGCTTTACCCAAGAGTGTGCAGAATTTCTGGGCTGGGAATTTGAGGAGGTCAGAGGTGACACAAAGTTACTCTCTGACCTCCTGCGCGGAGCCTGGGATGAGGAAAGATTTTTAATAGTAAAGCCTGGAGAGGTAATAGAAGCAAGCGGCGACAAAAATATTTTTTGTAAAAGGTGCGTGGTTGAGTAATCAGTAAATTCATTGCTTTTGCAAAAATCCTTTAGTTACCGTTGCAGTTGCTTTCAGATATTGTCACTGTCCGAAGTTAAAAAGCACTTTGCCTCCTGAACCTTCCTCAGCTACCTGAAAAGCACTTTCGTACTCCTCGATGCTGAAACGGTGGGTAATAACCTGCTTCAAAAACTCACTATTTTGTTTTGCCAGAGCAGATACTTTTTCCCAGGTATCCCAGATTCGTCTGCCAAAAAACCCAACAATCTCCAGCTCTCTCAATACGATTTCCGGGGATAACTGCAAAGAAAGTGCTTCCTGACTGTGACCAATACACATCACTTTCGCCCCGACTCTGGTGGCAGCAATTGCCTCTTTGAGCGTTTTCACGCTACCCGAAGCTTCAATAATCACACCCAGCCCTTTCTCGAAACCCAGAGTTCCATCGAGTGTTTCTCTCAAAGAAGACTGCCGAACGTCAACACTCACATCGGCACCCAACTTTTTAGCCAGTTCCAAACGATAGGAGTTTATATCAGCGGCTACAATGCGCGAA
NZ_CP121689.1_gap36	1023993	1025570	1577	GCCGTTCTTTTCCATGTTTACGAGTTATCATTTTTGCAATATCATTCATCTTTTCCAAACTAAAGGTTGCTTCCCCAAAATCTCTGCAATAAGGACAAATATACCTTATGAAAGCTGTGCCGCGATAAGCCGGAATTTTATAAATTCCAATTTCGGTAACATCCTCCAAGGAAATTAACGCTTTGCAACTCTTACATCTGAGAGGCAGTTCCTGCATTTCATCCTCCTGGAACATTTGTTTTTCAAATATTCTACCAATTGGGATAGAATAATACAAGAAAAAATTTGTTTCTAATCTAAAACACCAAAGGAGGCATTGACATGGAACTTCAAGAACTTCTACAACGTGCTTTAAAGATGGAAGAAGACGGACGTAACTTTTATCTTGAAGGCGCAGGGCGTGTCAAAAACCAGCTTGCCAAGGAGGTCTTAAACCACCTTGCTGACGACGAACTGGACCACATCGAAAGAATCAAAGAAGGGTATGAGCGAATAACCAAAAACGAGCCTTTCGCTACTAAAGAAATTCAAGGATTAAAAAGATCTTCTCGCGAATATTTTGAAAACATTTTTACTGAGGCTCAAAAAAAATCCCAAGAATTGATTAAACACGAGGCCGAAGAACTGGATATTCTAAAAACCGCTTTAGACCTGGAATCCAAGTCTCATCAGTTTTATTCAGAACAAATAGGAGAGCAAAGCGACGAGCAAGTTAAGCAATTTCTTGACTTCCTGGCTTCGGAAGAGTATCGACATTATAACTTGATTTTTAATACCATCCAGTATATAACCAATCCCACTGATTGGTATTATCAAGAAGAAAAGCCCATCTTCGAAGGGGGTTGAAAAAAGGGTGGGTGACCCCACCCACCTCAACGTGCACATTCGCGGAAAAGCAATTCATTAGCAAAACTACTTCTCCTCAACACTTGAAAAATATAAAAATAAGCGATAATTTGCACTGGTGTGCTCACCAACCTCGGTATAATCAAAAACTTCCAGGGAATACCAAATAAAGTAGTTAAAAAGAAAGGTGTGAGCAGAAGACCTACAAACAGTTGAGAAACCAAAATGCCTCCCAGGATTCGCGAACGCTCAGAAAGATAAGATGCCATTGCAAAGAACCCCGGGATCATTCCATAAAGCGCAGAAGAAAGCGTAAAATGAGGCATATAAGGGCCCCCAGGACTAAGAATATAGCCCAGAATATCCGAAAAAGCACCAACCAGAGCTCCTATCAAAGGACCAAAGCAAAAACCAGCAAAGATAATAGGGAAAGTACCAAAACCTATTCTGATTCCCTCTACAGCTCCAAAATTTACTCTGATACTGGCAAAACGGGTAAGTACGATAGAAATCGCAATTAAAATGCCTCCGAAGACCAGGGAACGAGTCCTTATATGCATAGTTTGTTTCACCTCCCAGATCCGAACTTTTCAACGAAGAAACTTTGCAGTATATTAACCTAAATACTCAAACAAAAAAAGAAGGTTCGAAGAGACAATGTTGACAAAATCCAAAGTGGCATTGATAAAATGTACCACTTACCAAATAGACGAAGTCAAAAAAAGTCTCAA
NZ_CP121689.1_gap37	1035235	1037730	2495	AAAAAGAAGGAGGTAATGAAAAATGGCCAAAGTAATAGGTATAGACTTGGGAACTACCAACTCAGTAGTCGCTTACCTTGAAGGAGGACAGCCTACCATCATTCCCAACAAGGAAGGATCAAGGCTTACTCCTTCAGTTGTCGCCTGGACCAAAAAAGGAGAAATTCTGGTAGGACAGCTTGCTAAAAGACAAGCCATAACCAATCCCAAAAACACTGTATTCTCGATCAAGCGCTTGATGGGAAGGCGTTTCGAAGATCCCGAAGTCCAAAAAGCACGTAAGGTGCTACCTTATGAAATCGTCCCTGGTAAACACGGTGAGGCCTGCGTGAAAATTGGAGAAAGAGTTTATACTCCTCCCGAAATTTCTGCCATGATATTACGGAAACTCAAAGAAGATGCCGAGGAGTATTTGGGTGAAAAAATAACTGAAGCGGTAATTACTGTCCCTGCATATTTCAATGACAGTCAGAGGCAAGCTACCAAAGACGCAGGTAAGATAGCCGGCTTAGAAGTAAAAAGAATTATCAATGAACCTACGGCAGCGGCTTTAGCCTATGGGCTTGGTAAAGGGAAAGAAGAAGTTGTCGCTGTGTATGATCTGGGTGGTGGAACTTTTGACATATCAATACTGGAAATCGGAGATGGAGTATTCGAGGTAAAAGCGACTTCTGGTGACACTTTCCTGGGAGGAGATGACTTCGACCGTAGAATAATGGACTATATCATCGAAGAATTCAGGAAGGATCAAGGAATAGACCTACGCAATGACCAGATGGCATTGCAACGCCTTAAGGAAGCAGCCGAAAAGGCAAAGTGTGAGCTCTCAACTGCTCTGGAAACTGAAATTAACCTTCCCTTTATTACTGCAGATGCAAGTGGTCCCAAGCATCTGGTAATGACTTTAACCCGTGCAAAACTTGAGCAGCTAACCATTGATTTGATTGAAAGAACCATTGGTCCTTGTGAAAAAGCGTTGCAAGACGCTGGCTTGAAGCCAGAAGACATTGATGCAGTTATTCTGGTTGGTGGAATGACCAGAATGCCCAAGGTACAGGAAATCGTCGAAAAAATCTTCAAAAAGGAACCTCGCAGGGGCATCAATCCCGATGAAGTTGTAGCGATGGGCGCAGCCATACAAGCAGGCGTTTTGAAGGGAGAAGTCAAGGACGTTCTGCTTCTTGACGTTACACCGCTTTCGCTGGGCATTGAAACCCTGGGAGGAGTTTTCACCAAGATCATAGAACGCAACACGACCATCCCAGTTTCTAAAAGCCAGATTTTCACAACTGCAGCAGATAACCAGACTACGGTGGAAATTCATGTTTTGCAGGGCGAACGTCCCATGGCCAAGGATAACTATTCCCTGGGGCGCTTCCAGCTAACAGGCATTCCACCAGCTCCACGTGGTGTGCCTCAAATAGAAGTTAAATTCGATATAGACGCAGATGGCATACTCCACGTCTCAGCTAAAGACCTGGCTACAGGTAAGCAACAGGCCATAACCATCAAGGCTTCGAGCGGATTAACTAAGGAAGATATAGACCGCATGATTAAAGAAGCCGAAATGCATGCAGAAGAAGACCGCAGAAAACGAGAAGAAGCCGAACTCAGAAACCAGGCAGATAATCTCATATACACTACCGAAAAAACTTTGCGTGATTCTGGCAATAAACTTTCAAGTGCCACTAAGGAAAGGGTAGAAAAGGCGCTCTCTGCTTTGAAGGAAGCTATGAAGAGCGAAGACATAGCTGAAATAAGGAGGAAAATGGAAGAGCTGCAAAGCGCTTCGCACGTTATGGCTCAAGAACTTTACCAACAAACAGCCCAAAGTGCTACTGGTGGAGGAGAGCAAGAAGGAAGCACCGGGTCTTCTCAAGAAGACGTTGTTGACGCAGACTACAAAGTCGTGGACGACGAAGGGAAATAACGAAGCAACCGTATCCCCCTCTCTGAAACCCCCAGAGAGGGGGATACCAGATTTAACTTTGTTCCACCCCTAACTCCGTTTATGGTGTATACTATTGTTAGAGTTCCAAGCTTTTGAAAAGCAAAAGGTGGAAACAAAGCTATGAAAAAAGACTATTACGAAGTACTTGGAGTAGACCGCAACGCTTCACAGGAAGAGATAAAACGTGCTTATCGAAGATTGGCAAGACAGTTTCACCCTGATGTTAATCCGGGTAACCAGGAAGCGGCCGAAAGGTTTAAGGAAATAAACGAAGCCTACCAGGTTCTCTCGGATCCTCAAAAAAGAGTTCAATACGACCGTTTCGGTCATGCTGCTTTCGGAAACCATTATCAAACAGAATACGGCGATTTTGACTTTAATCCGTTTGAAGATTTCGGGAATTTTGGAGACCTCTTTGACATGTTTTTTGGAGGTACTCGAGGAGCAAGACGCTCCCATACACGAACCCAACCTCGCAAAGGAAACAGTGTCACTTTAGAAATAAACCTTGAATTTGAAGAAGCTGCCTTTGGTGTGGAAAAAG
NZ_CP121689.1_gap38	1146842	1149068	2226	CTTCCTTGCCAGGTATCCTGAAAAACCCACAGCAAGTGAATCAGAGAGAAGTTGACAGTCAGTATTTCTGTTGATATAGTTTACTTCTGGTGGTTTTCGGAAGGAGCTGAAAAGATGTATTTTCAGGACATCATTCTTAATCTTAGCAATTTCTGGAAGCAAAAAGGTTGTGTTATTCAACAGCCCTATGACATCGAAGTTGGGGCCGGCACCATGAACCCGGCTACCTTTTTGAGGGTGCTGGGCCCTGAACCCTGGAAAGTGGCTTACTGCGAACCCTCTCGCCGCCCCACCGATGGCCGTTACGGGGAAAATCCCAATCGTCTTTATGAGCATTATCAGTTTCAGGTAATCATTAAACCCTCTCCAGCTGAGATTCAGGAGTGGTATCTGGAAAGCCTTTTCAGTCTTGGAATCAATCCCCTGGAGCATGACATTCGCTTCGTAGAAGACAACTGGGAATCTCCCACCCTCGGAGCTTGGGGATTGGGTTGGGAAGTGTGGCTTGATGGTATGGAAATAACCCAGTTTACCTATTTCCAGCAGGCAGGAGGAATAGACCTCAAGCCCATTTCTGTGGAAATAACCTATGGTCTGGAAAGAATAGCCATGTACCTTCAGGAAAAAGATAACGTATTCGAGGTTTTGTGGAACCCCCACTTTACCTATGGAGACATTCGCCTCCAGGAAGAAAAGGAGCACTCCGTGTATAGCTTTGACGAGAGTGATCCAGACCTGCTCTTTCAACTCTTTGAGCTCTATGAAAGAGAAGCAGCAAGATTGGTGGAGAAGCAGCTTGTCCTGCCTGCTTACGATTATGTTCTTAAGTGTTCTCATGTATTTAATCTTCTTGAAGCGCGAGGAGGCATAAGCGTCATCGAGCGTAGCCAGTATATGGCCCGTATTAGGAAGTTGGCCAACCGATGTGCACTGGAGTACCTGAGAATGAGGGAAGAAGCGGAATTCCCTTGGACAAAAAAGGAGTTGTAGGAGAAGATGAGTTCTTCTGGGAAAACTCTCCTGGTGGAAGTTGGCATGGAAGAACTTCCCTCGAGCCTTAAAGAGGAGGTTTTCGAGAAATTCGAGGAAGTCTTCCTGGATGTTTTGAGGTCAGAACAGATTATTTTTGGTGAACATAAAGTATTAGGTACCCCAAGGCGGGTTACCATCCTCTTGCATGGAGTGGAAGAGTTTCAAAGAAAACAGGTTCTGGAGGTAAAAGGCCCTCCTAAAAAAGTGGCCCTTTCGCCAGAAGGGGAGTGGCTGAAACCCGCTTTACTTTTTGCACAAGCTCAGGGAGTGGAACCCAGCTCTCTGTTTATTAAAGAAGCCGAGCGAGGAACTTACGTGTTTGCGCGCAAAGAGATTCCGGGCAAGGCGATTAAGGAAATTCTTCCTCAGGTTCTTAAGAAAGCGCTTTCGTGTCTCCAGTTTTCGCGTTCCATGCGCTGGGGCGAAGGAAACGTCGCCTTTGTGCGTCCTATACGATGGTTAGTTGCGCTTCTTGATGATGAAGAAATCGTTTTTGAATTTGCAGACATAACTTCCTCCAAGTTTAGTAGGGGACATCGGTTTCTTTGCCCTGGCAAAGTGGCCATTTCCAGTGCAGAAACCTATCTGGATACCCTTCGTAAAGCTTTTGTAATAGCCGATCCTCAAGAAAGAAGGGCGAAAATAGAGGAGCTCTTGACTTCCTGTGCTCAGGAAGAAGGCATATTTTGGTTGAGAGATGAAAACCTTTTAGAAGAAGTAAACTTTCTGGTAGAATATCCTGGAGTAGGAGTAGGGCGCTTTGAGGAAAAGTATCTTACCCTACCTTCAAAGGTATTGATAACAGTTATGAAACATCACCAGCGCTACTTTGCCTGTACGGATGAGAGGGGCAACCTCTCTCCTCATTTTATGGTGGTTTTGAACCGACCTGCTGATGGAAGCGAAATCATAATCAAAGGCAACGAAAGAGTCTTAAGGGCCAGACTCGAAGACGCTCTCTTTTTCTTTCATGAAGATCGAAGGAGCTCTCTTTCTGATAAAGTCGACAAATTAAAAGGTGTTGTCTTTCAGGAATCGCTGGGTACCATGTGGGAAAAGACTCAGCGCCTAATTCAGCTGAGCAGGTACTTGGCTCAGAAACTCCATGTTGGCAAGGAAAAAGCACAGTTCTTAGAGCGAGCTGCTTTTCTTGCCAAAGCAGACCTGGCCTGTGAAATGGTCAAGGAATTTCCT
NZ_CP121689.1_gap39	1160943	1162029	1086	GCGAGGTTTGTCTAAAGAAGAGGCCCTGGAAGCAGTTCAAAGTGTAGGGGGAGTCTACCGGAATCCTTGCGAGGCCCTATTCCTCGAAAACGATGCAAAAGAAGACCTACACGCACTTCTTAAAAAATCGTGAAGGCAACTTTATTGACGAACACGAGAAATATCAAAGAAGTCGAATTATACACTTTGAAAAAGTTGCTAATCTTTAAAGTGTAAACAAATGCACTATCATTTACGAAATAAAGCGTCCGAAGAAAGACAGAAAATGTGCATTCTCTAAGGCATAGTTTCGCGACACATCCTCTTAAAGGCGGAGTTGATTTAAGGTACATACAGGAAATACTCGAACACAAAAGTGGTAAGACAACGGAAACTTATACTCATGTAAACAAAGTAAGTCCTGCAAAGATAAAAAATCCATTGGACGGCATGATGGGGTGGAATCATGAGTTCAATTATGAACGATTAGGTAAAATGTTGTCCGAGGTAAGGAAATGATTAAGCCTGAATATCTTTGTGTTCTTCGCAAAATATACGATCGGCTAAAGAGTGAAAACGTGAATTGGGTAGTTACAGGCAGTCTTGGTTTTGCGCTGCAGGGTGTTCCCATCGAAATCCATGATATTGACATTCAGACTGACAAGGCAGGAGCCTATGAGATCGAACGCCTCTTTTCCGAGTTTGTGAGTGAAAAGGTTAGGTTCTCCTCTACAGAAAAAATCCGTTCGCACTTCGGTGCATTAATTATTGATGGAGTAAAGGTGGAAATTATGGGAGATATTCAGAAACGGCTTGAAGACGGAAGTTGGGAGAATCCTGTGGATTTGAATAAACACAAGAAGTTTGTAGAGATACAAGGGATGAAAATACCAGTTTTATCTTTAGAATATGAGTATCAAGCATATTTGAAATTGGGCAGGATAGAGAAAGCCGCAATATTAAGAAAATGGTTGCATGGTGAGTATTAATCTTCAGACAGCACATCGCCTGACAGCGGATAAAAGACTTCGCTATGCTTTGCCCAAATCGCCTTCGGCGGCTTCTTTTATTCACCACACGTTATATGAAGTTGCTATCACAACTATC
NZ_CP121689.1_gap40	1187486	1189148	1662	GAGCAAAAGCGGTGAGGAAAATGCCTCCCGTCAAAGTTGCCATAGCCTGGGATGCGATGCCGTCTTTAATAATATATTTAAAGCTGCGTTCCAGATCTTCTTGAGTGAGGTTCTCTTTGGGCTTAAAAGACGCAAAAGTCCTGATAAGATAATCTTTAACCACAAGGAAAGAAGCAGTGAATTTGCTCCACAGAAACTGAATCTTCAACAAGTTCACGGCCCCTTTCTCACTTGAGGAACCAGGTTAGCAAGCTTTCACCGGATTTTATTTTATAATGGAAAAGCGCCGAAGGATATATTCATACCTCTTTACATCGCTATTTGTTGACAAGCAAGCAATTATAGAGTAGCTTTTTGGTTAGCGTAGTTTAACAAAATTAAAAAGGAGGGTTAACGTATGAAGAAAGCTTTGTTCGCAACACTCCTGGCCCTGTTCCTGGCATTTTCAGTGGCTTTTGTTGGCGCTCAGGAGACCATACGTATTGGCGCTAACCTTGAGATGACCGGTGCTGTCGCAGCCTATGGCCAGATGATATGGGAAGGGATTAACCTGGTCAAGGAAATCGTTGGCGATGAAGTTCTGGGCAAAAAGGTGGAACTCGTTTTGGTGGACAACAAAAGTGATAAAGTAGAAGCCGCAAACGCAGCAACCCGTTTAATCGACAAGGAAAAAGTAGTGGCTATGATTGGACCAGCTATAAGTGGTAGCATGCTTGCTGTAGGTCCTATTTGCGAAGAAAAGCAGGTACCGGTTATTTCGGCAACTGCGACTAATCCTCTGGTGACTCAGGGGAAGAAATTCGTCTTCAGGGCCTGCTTTTTAGACCCCTACCAGGCTGCGGCTGCAGCACAGTTTGCCATTGAAGACCTCAACGCAACCACTGCAGCAATTCTTTCTGATGTAGCTCAGGACTACTGTGTTGCCCTGGGGAATTTCTTTAAAGAAGAATTCACCAAGCGAGGCGGAACCATCGTTTCTGAGCAGTACTGTAAAACCGGTGACCAGGACTTCTCTGCCCAGCTGACCACCATAATGAATGCGAATCCGGACATTTTGTACGTTCCTAACTATTACACTGAGATAGCTCTTATCTGCCGCCAGGCCAGAGATCTGGGTTTTGAGGGCATCATTCTTTCTGCTGATGGCGCGGATGCTCCAGAGCTTTTCAGTATTGGTGGTGACGCTGTGGAAGGGATTTATCATACCGCCATATGGGATGCCACCAAAGGTTTGAACGAGGTAGGGCAGAAGTACATCGATCTTTATCGCGAGAAATATGGAAAAGACCCCAATATGTTTGGAGCCCTGGGAGCAGATGCTTATCTGATTCTGCTTGATGCCATTAAGAGAGCGGGTAAGGCAGACCCGGTTGCTATTCGGGACGCAATAGAGGATACCGAGAATCTCGATGTGGTAACTGGAAAAGTGACCATAGAGAACGGTGACGCTGTGAAACCAGTGGTAGTGCGCAAGGTGGAAGGTGGACAGTTTAAGTTTGTCAAGACGGTAGTTCCGTACTAAAGCTCAGATTCCCGCACAAATACCAGGGGGTTGGGCAGAAGCTGGCCAACCCCCCTGCAAGCGATGAGGAAGATTGAAAATGACGGGTACAGTATTTTTGCAACAATTGATGAATGGGGTGTCTCTGGGAAGTCTTTATG
NZ_CP121689.1_gap41	1197327	1202085	4758	AAAAAGCTATCTCCCCGGGAAATTGTAGCCATGTATGGCCCCCCGGAAGGTGACATTGTGGAAAGGATGGTGGGCAAAGAATTAAAAGCTCAGGCACTTAAAGACTTTTATGACTTCTACCTGGCACACCATGATTCCAGGGTCAGAGTTTTCGAACCAGTGGTGGAGACTATACGATACTTAAAGCGGAAACATACGCTCCAGGCGCTGTTTACGTCCAAGGGTAGAAAGAGCGCTCAGATTACCCTTGAAAAAACGGGAATGTCCTCTCTTTTCCACGTTGTTGTTTGTGGTGATGAAGTGCTTCGTCCCAAGCCTTACCCTGATGGAGTGAGCAAAATACTGATTCGCCTTCGGGTTAACCCTCGGGAAACCATTTACTTTGGCGATTCCCCACTTGACTATAAAGCGGCGCGTATGGCAGGAGTTTTTTTCGGGATGACGCTTTGGGACGCGCTTTTTGAAACTTCCAGCTTAAAGCTAAAACCACGCCTCTGCTTTGAGCAACCAGTGGACTTGCAAAAGTGGGCTCGAAAAATGTATCCTTAAATGAGAGAGGACAATCGAGAAAGATAGAATTTGGAAAGGCATTCTCATGGAAAAACAATTTTTTCAATTCATTTACAAACGCAATGGTGAGATCGAAAGGTTTACCCCTCAGAAGATAAAGCTTGCTATAAGCAAGGCATTTCGTTCCCTAAATAAAGAACCAGAAGAAACGGTCATCGAAAAACTCCTTGAGGAAGTTCTGGTTCTCTTGAAAGAGCGCTTTGGGGATGCTGTCCCTGGAGTTGAGGATGTTCAGGACGCAGTAGAGGAAGTTTTAATGAAGAGAGGTTTTGCTGACGTAGCCAGGGCTTATATCCTATACCGTGAAAAACGCAGGCACCTGCGAGAGGCAAAGTTAAAACTGTTTGGAGTCCAGGATGACCTGAAGCTTTCCCTCAACGCTATTCAAGTACTTCGGGAGCGTTACCTTCTCAAAGACCAGGAAGGAAATCCTGTGGAAACACCGCGCCAGATGATGGAACGGGTGGCTAATGCCATAGCGCAGATAGACGCCAGTTACGGTGAGGACCCGGAAGTGAGTTACCAGGAATTTCTCAAAACGTTGATGGCTCTGGATTTTCTCCCCAATTCACCAACCTTGATGAATGCTGGTTGTCCGGGTGGACAGCTTGCAGCATGTTTTGTTTTGCCGGTTGAAGATTCTCTGGACGCCATCTTTGAGGCGCTCAAAAACATGGCCTTAATCCACAAATCGGGAGGGGGAACTGGATTCAGCTTTTCACGTCTACGTCCTCGGGGAGACCGAGTAAGTTCCACTGGTGGTCGTGCCTCGGGTCCTGTTTCTTTCATGCGCATTTTTGATACCGCAACCGACGTGGTGAAGCAGGGTGGAAAGCGCAGAGGGGCCAACATGGGCATTCTCAGGTTTAACCACCCTGATATTCTGGAGTTCATCCAGGCTAAAAAGAAAGGGGGCGAATTTGAAAACTTCAACTTCTCCGTGGCAATAACTGACCAGGAGATGGAAGCGGTCAGGAAAAACGAGAAAATTCCCCTGATAAATCCCAGAGATGGAAGAGTATGGCGCGAAGTATCTGCTACCGAAATCTTTAATGTCATATGTGAAAGTGCCTGGAGCTCTGGAGAACCGGGCTGTATTTTTATAGACGAGATAAATCGCAAACACCCTTTGAAAGCATTGGGAGCTATCGAGGCTACTAACCCCTGTGGTGAAGTTCCCCTTCTTCCTTTTGAGTCTTGCAACCTGGGTTCTATCAACCTTGCTCATATGGTGACGGAGGGGAAAATAGACTACGCGAAGCTTGGAGAGACCGTTCGCGTTGCGGTACATTTTCTCGACAACGTGATAGATGCCAACTATCATCCCCTGCCTGAAACTGAGCGGATGGCTAAAGCTAACCGCAAGATAGGTCTGGGGGTTATGGGATTTGCCGACCTCCTGGTGAAAATAGGTGTACCCTATTATTCCCAGCAGGCCCTTAAAATTGCTGAAGAGATAATGCAGTATATTATGCTCCAGGCAAGAAAAACGTCTCTGGAGTTGGCCTCTCGAAGAGGAACATTTCCCAATCTTGAGAAGAGCACCTGGTACACCCAGAACTTACCTCTGCGCAATGCAACGCTGACCTCCATTGCTCCAACTGGCTCAATCAGCATAATCGCTGGCTGCTCAAGTGGCATTGAGCCTTATTTTGCCTTAAGTTTTCGCCGTTACGTGCTTGAAAATACCGAGTTAATCGAGGTGAATCCGCTCCTTGAAGAATATCTGAAAGGACTCAAACTTTCTCAAAAGGATTGGGAAAGAATACTTGCTCAGGGCACGCTTCAGGGCATCGAGCAAATCCCTCAAAAGGTTAAAGACCTTTTCCGTACTGCCCTGGAAATACCACCTGAATTCCAGGTGAAAGTCCAGGCTGCGTTTCAAAAGTATGTTGATAACGCGGTGTCTAAAACCATAAACCTACCTCAGAACGCTTCGCTTGAAGAGGTTAAAAAGGTCTTCTTCCTGGCTCACGAGACTCATTGCAAGGGCATAACTGTTTTTAGACAGGGAAGTCGTAGTCGTCAGGCAATTTATCCGGGTTTGCTTTCTGAGAAAGAATGTGAAACCTGCTGACGGGTTTCGCTTGACCAGGTCACGGTTCATTTTCCCCCACTTTTATGGTATCATTGCCTTTATCCATGGGTAAGGAGGTTCAAGAATGCGCTGGCCTGGAATCCTGGAGTATTTTGGTGAATATTTGCCAATAACCGACAAAACACCCCAAATTACCCTTCAAGAAGGAAACACCCCTTTAATTCGTTCCTATCATCTTGCCAAAAGGTGTGGAGTGGGTTCCCTGTATTTCAAGTTTGAGGGCATGAACCCTACAGGTTCCTTTAAAGACCGTGGGATGGTGGTGGCTGTTGCCAAAGCGAAAGAAGCAGGGCAGAACATTGTTATGTGTGCTTCCACTGGGAATACCTCAGCTTCTGCTGCAGCGTATGCGAAGAGGGCGGGCATGCAATGTGTGGTGCTGGTTCCAGAAGGGAAAATAGCTCTCGGCAAGCTTTCTCAGGCCCTTATGCATGGTGCAAGGGTTTTGGCACTTGAGGGCAATTTTGATCAGGCTTTATCGATAGTGAGAGAGATAACATCCAGATATCCCGTAGCTCTGGTAAACTCCATTAATCCCCATCGCATAGAGGGTCAGAAAACTGCCTCTTTTGAGATAGAAGAGTGGCTTGGAGATATACCGGATTACCTGGCTTTACCGGTTGGCAATGCTGGTAACATCACTGCTTACTGGAAAGGGTTTAAAGAATTGATAAGTCGAGGCAAAACTCGTAAATTGCCCAAAATGCTTGGGTTTCAAGCTCAAGGGGCCTGTCCCCTGGTCCTTGGTAAGCCGGTTGAGAATCCTCAAACTGTGGCCACAGCAATAAGAATTGGTAATCCAGCAAGTTGGAAAGGAGCAATTGCGGCTCGTGATGAATCGGGAGGACTCATTGAGGCAGTGAGTGATGAGGAAATCTTGAGTGCTCAACGTCTGCTTGCCGAAGAAGAAGGCATTTTTGTGGAGCCAGCTTCAGCTGCATCTTTGGCTGGTGTTCTTAAAAAGCAGAGAGAGGGCTTCTTCAGGGGTCATGAGACTGTAGTTTGTGTTTTAACCGGCCATGGCCTCAAAGACCCGGACATTGCTATAAAACAGTGCAATGACCGAATAGAGAGAGTCAAACCTTCCCTGGAAGAAATTGTAGCCTTGCTTAATCTGGAAGGTGAGAAATAATGCTGGAAGTCGTTGCTCCTGCAACTACTGCCAATCTGGCTTGTGGCTTTGACGTGTTGGGATTGGCGCTTAACCTTTTTTTCAAGGCCAGCATCCGGAAAAGCGATGTACCGGGAATCAGGATTACAGTTTGCGGAGAAGGCGCGGATTCTCTACCCCAAAACGAAGAGAATCTATTTGTGAAAAGTATGCAGTATCTGTGGTCAGAAATAGGGTTCCATCCCAATTGGGGGCTGGAAATAGTCACCCAGAATGAAATTCCCATTTCTCGTGGCCTGGGGAGTAGTGCTGCTTGCATAACAGCAGCCCTTCTTGCAGCCAATGAACTGGCAGGAAATCCGCTTGGCCAGCGCCAGCTTCTGAATTTAGCCTGGAAAATCGAAGGACATCCTGATAATGTTCTTCCCGCATTTCTGGGAGGGTTTACTATAGCATCAACTTTTGACGATGAACTGCAGTTTAAAAGGTGCTCTTTTTTAGACCTTGAGATTGTCGCTTGCATTCCCGACTATCAACTTTCTACCAGAGAAATGCGCCGAGTTCTTCCAGAAAAATACTCTCGTCAGGACGTGGTCTTCAACTCAAGTCGGCTTGCTTTTCTGGTAGCAAGTGTTTATGAAAAAGACCCGGAGGGGTTTTTAAAGTCACTTCAGGATTTCATCCACGAACCTTATCGGGGTAAATACATCAAAGGTTTTGAAGAAGTCAAAGCCTACGTTACTAAAAATGGACTTGGCAATGTTGCCATAAGCGGTTCCGGACCCACCCTCGTGCTTTTTTTACGTCGATCTCTTACTGAAAAGGAGAGAAAGAGTATAATAAAAATATTTCAGGATAATGGAGTTGGAGAAATAAAGCTGGTTGCCATGAGCTGGACAGACCATGGAGCGCAGGTGAAACATAGATGAGCTTGATTGTCCAAAAGTATGGTGGTTCCTCAGTGGCCACCCTTCAAAAG
NZ_CP121689.1_gap42	1205961	1210213	4252	AGAAGCAGGGTAGGCAAAGAAGCAGTACTGGATTACCTTGCTCAGAAGCTTGTTCCCTGGGCTTTGCAAGAGGCGCTGAAGAAAGAACCGGTGGAATTCATCGGAGAGCCTGAAGTAGAAATAGTAGAGATAGAAGAGGACCAGCCTGCTGTTTTTCGATTTACTCTTATCGAAAGACCTCAAGTTACCCTTCCGGATCCCGAAAATATTGAAGTGAAGAAGTATAAAATAGAGATAAGGGAACAGGATATCGAAAGGGAATTGCAACGTCTCAGGGAGTCCCGAGGCAAATGGGTAGAAAAAGACGAACCTGTTCAGGCAGGCGACCTGGTAACTTTTAAGGTTGGTGAACAATCTTATTCGGTGCTGGCAGGAGAAAACGAAGGCTTGGCACAGGAAGTGTTGGGAACAAAAAAGGGTGAGCAAAAAACAGTTACTCTTGAAAAAGAAGACGGAGATACGATTGAAGTAGATCTGGAAATTACGGGTATTCTCCAGAAAAAAATTCCGGAGATAGACGATACTTTCTTGAAAGAAATAGGAGAATTTGAAAGTGTGGAAGCCCTTAAAGCGAAAATACGGGAATCTCTGGAAAAGTTAGCTCAAGACCTTATCGAAGAGAGAATGAAGAGAGAAATAATTGTAGAGTTAGTTAAAAACTCTGAGCTCTTTCTTCCTGAACCACTCATTCAGTTTGAGACTCGCCAACAGATAGAAGCTTTCCGCAAAAGACTGGAACGGGATAATCTTACTCTGGAAAAGTATCTGGAACTTACCAATAGCGATTTTGCTTCTTTTGAAGAGAGTATGCGGAAAGTAGCTCAGTGGGAACTGCGAAAAATGTTTGTTATCCAGCAATATATTGAGCAAAACGAAATCAAGGCTGAAGAAGAAGAAATCCAAGAAAAAATCAACGATCTTGCCAGAACTGCTGGTAAAGAACCCCAAGAGGTTAGAAACATCTTGGAACGAAATGATAGAATAAAAAATATCGAAAATAATATAAAATTTGAAAAAATGTTTGAACACCTTAAACAAAGGATAAAGATAAGGGAAATCGAAGAACCGATAAATCTTGATCAGTGGAAAGCTCTGGCAGATCCTGAAGAGGAGATGGTAGTGTGAAGAAAGAACCTCGCTTAAACTATCTGGTGCCTATTGTGGTTGAACAAACCCCCCGCGGAGAGAGAGCCTATGACATTTACTCAAGGCTCTTGCAGGACAGAATTATTTTCCTGGGCACCGAAATAAATGACACAGTGGCTAACCTGGTAATTGCTCAATTGCTTTTTCTGGAAGCCATGAACCGTGAGAAAGATATAAATCTTTATATTAATAGCCCCGGAGGCCTGGTGTCGGCCACGCTGGCTATTTACGACACCATACAGTATATCAAGCCCGATGTGGCCACCATATGCATTGGGCAGGCAGCAAGTGGAGCGGCGGTTATTTTAGCTGCTGGAGCCAAAGGGAAAAGAATGGCTCTACCCAATTCCCGGATAATGATTCACCAGCCTTTGGGAGGGGCTCAAGGTCAGGTGACGGATATTGAAATCCACGCCCGGGAAATGGTAAAAATAAGAGACCGCCTGAACGAGCTTTTGGCTTTTCACACTGGACAACCGGTTGAAAAAATCCGCAGGGATACCGAGCGAGACTTTTTCATGTCTTCTGAAGAGGCAAAAGAATATGGCATCATAGACCGGGTGCTTTACCCTGATAAAATACTGGGAGGAAAAAAGGAGAAAAATGACCAGATTTGATGAAGATAGAGGAAAACTTCGTTGTTCTTTCTGTGGCAAAACCCAGAGTGAAGTTAAAAAGCTCATTGCAGGTCCAGGAGTATATATTTGTAATGAATGCATCGAGCTTTGCAATGAAATAATTAAGGAAGATTCTCATAAAACCAGAAAAGAGTGGACTCCGGACCGCATTCCAACACCCAAGGAAATCAAAGAGTATCTCGATCGCTACGTTGTTGGGCAGGAAAGGGCGAAAATAACGCTCTCTGTAGCTGTATATAATCATTACAAAAGGATTTTTTATCGTACGGAGGAAGAGAAGGTAGAAATAGAAAAAAGTAACGTCTTGCTGATTGGACCCACAGGATGTGGTAAAACCCTGCTTGCCAAAACCTTGGCGAAATTTCTAAATGTTCCATTTGCGATAGCAGATGCCACCACCCTGACCGAGGCAGGGTACGTAGGCGAAGATGTGGAAAATATTTTACTGCGCCTCATTCAAAACGCCAACTTTGACATAAAACGTGCCGAGAAGGGCATAGTATACATCGACGAAATCGACAAAATCGCCCGCAAAAGCGATAGCCCTTCTATCACCAGGGATGTTTCTGGTGAGGGTGTACAGCAGGCGCTGCTTAAAATCCTGGAAGGCACTATAGCTAACGTACCGCCACAGGGAGGAAGAAAACACCCCCATCAAGAGTTCATTCAAATCAATACTGAAAACATTCTTTTTATTTGTGGTGGTGCCTTTGTGGGACTGGAAAAAATCGTTGAAGCAAGATTGAAGGACTGTCGCATAGGATTTGGCAACAAAGAATTGCTTTCTCCTGACGTGGAGAAAACAAATATTTTACATCGGGTTCAACCTGAAGACCTGATCAAGTTTGGCATGATACCAGAGTTTGTAGGGAGAATACCCGTAGTCTGTGCGCTGGATCCTCTCCAAGAAGAAGACCTGGTCAGGATACTTACTGAGCCCAGAAACAGTTTGATAAAGCAGTTCCAGAAGCTCTTTGAATTAGAGGGCGTAACCCTAACCTTTACTGAAGGTGCGCTAAAGCTAATCGCTAAGAAGGCTTTGAAAGAAGGCACTGGAGCAAGAGGTCTGAGAGCCATTATAGAAAGGATAATGACCGACTTGATGTTTGAATTACCCTCTCGCAAAGATGTAAAGTCGGTAGTAATAGACGATCAGTTTATACTTGACGCTGAAAGAAAAAGAGAACTCTTTCTCTCCCTCCTGGAAGATAAGACTGCTGAAGAAAAAGAATCTGCTTGAGAAGAGGAGAGTGACATGAGCATCGAAAAGAGCAAAGCCATTCCCCGAGCCTTCGATCCTTCGGAAATAGAAGGAAAGCTTTACAGTTTTTGGGAAAAAAGCGGCTTTTTTACCCCCGATTTAGAAAGCTCCAAGCCGCCTTTTTCCATAGTTATACCTCCCCCTAATGTGACCGGCTTCCTTCATATGGGGCATGCATTGAACCTTACCCTTCAGGACATCCTGGCGCGCTTCAAAAGAATGCGAGGATTTAATGTGCTTTGGGTTCCGGGCACTGACCATGCGGGTATCGCTACCCAGAACGTGGTGGAGCGGGAACTTGCCAAAGAAGGGTTGAGCCGGCACGACCTGGGAAGAGAAAAATTTCTGGAAAGAGTATGGCAGTGGAAGGAAGTTTATCATAAAAGAATCAGGAACCAATTAAAACGTATGGGAGCTTCCTGCGATTGGACCAGAGAAAGGTTCACTATGGATGAAGGACTCTCCAGGGCAGTTAAGGAAGTTTTTGTCCGTCTTTTTGAGGAAGGGTTTATTTACCAGGGCGAATATATTGTCAACTGGTGCCCGCGCTGCGAAACTGCGCTTGCCGATATAGAGGTCGATTTTAAGGAGCAGAAGGGGAAACTCTATTACATACGGTATTATTTTAAAGACGATCCTGAAAAGTTTCTCACCATTGCCACCACTCGCCCGGAAACCATGCTGGGTGATGTGGCCGTAGCCGTCAACCCTGAGGATGAGCGCTATAAGGCTTTGATAGGGAAAGTGGTTATTCTTCCTCTGGTGGGTCGAGAGCTCCCGATAATTGCCGATGCTTACGTGGATCCCAAATTCGGCACTGGTGTGCTCAAGGTGACACCGGCGCATGACTTCAACGATTTCGAACTGGGCAAAAGGCATAACTTGCCCTTGGTCAAGGTGATTGACCAGAAAGCCAGAATGACTGGAGAAGCTGGCGAATTTGCTGGACTATCTCGCGAAGAATGTCGTGAAAAAATAGTGGCCAGACTTTCCCAGTTGGGATACCTTGAAAGAGTGGAAGACCATACCCACGCAGTAGGCAGATGTTATCGCTGTACCACAGTAGTGGAGCCGCTAATTTCAAAGCAGTGGTTTGTCAAAATGAAAGAACTGGCTACACCAGCCATTAAAGCGGTCGCTGAAAAGCAAATAGAGTTTATACCTGAAAACTGGGAAAAAGTCTATTTCGAGTGGATGTATAACATAA
NZ_CP121689.1_gap43	1241548	1242049	501	GGTAAAGAAGTGGAACTTCCGCTTCTTGATAAAAGAGACCTGGCAGAAAAGATTTTTTTGCATTTAAAAGACTTCCTGCAACAGTAATGCTTTTGGCACAGGTTGCTTTGCCAGTACCCCTTTTCCAAACTTTTTCTTACCTCGTTCCAGAAAGGTTTATCAACGAAATAATTCCTGGAAGCATTGTTCAGGTAGAATTTCATTCTCGAAAGCTAACTGGAGTGGTAGTTGAGCTTGCCGAATACCACGACGTGGAGAACTTTAAGGAAATCTTGCAGCCTTTACCTTTGCAGCCATTGACGACTGCTTACCTTGATCTGGCAAAAAGACTCTCCATAGCTTTCTTTGCGCCGTTTGGCGAAATATTAGCTCTGTATGTTCCCAAAGTAAGCACCCTTAAGAGAAGTGCTCTACCGAGTAAGGAATCTTGTCCTCGGGATTGTTTCCTGCCTCACAAGCAGTTCCTATGTTGTCAACTGGCCTTTGAAGAAGACCGATTAC
NZ_CP121689.1_gap44	1262535	1266174	3639	ACAAAGGAAGCAGAACGCTCTTAAAGAAGAATTAAGGGGTATGCGTGAGGCAGTCAGGTCGCTGCAGGAGAGGTTACATAAACAGGAAAGGTTTTATAACAGCCTCCTGATGCGCAAAGAGAGAATACAGCAGGAAATTCAAGAACTGGAAGCCGAAAGGGCAACTTTGGGCAACATCGACTTAAAGAGCCAAGAATTCCTGGAAGCAGCAAAACAACCTCCTGAAGACTTGAAGAACATGATTAAAAAGAAGCAACAGTTAATTTCCAGCCTTTCACCCAAACAGGGTGCTATAAAAGAAATGGAACGCCTTTTAGAGAGAGAACAATGGCTAAACGAGCAGATAGCCGGGTTTGAGAAATTGATCACCCTTGCTCAGTATGAGATACAAAAGTGTTACGCTATGAGTACCTATCGTTTTGAGAGGTTTATGAAGGAATTACAAAAGGCTTTTATGAGAAACTTTGCAGAAATTTTTGAGAGTGGGAAAGCACGTTTGGTTCTCAAAAAAAATAGTGTCGAGACCTACATAAAGTTGCCTGGCAAAAGAGAACGCGATTTCGTGCTTTTATCAAGTGGCGAAAAAGCACTGTGCAGCCTGTGTTTTGTGCTTGCACTACTTGAGGTAGCAGAGCTACCTTTTGCATTGCTGGACGAAGCGGATGCCAATTTAGACCATTTTAATGCTCAGAAAACAGCCAAGCTCCTTCAGAGTTTTGCCCAGCAAAGGCAACTCATAGTGGTAACCCACCAGGAAGAAGTGATGGAGGTAGCTCAGCGGATAATCGGTATCACCATGGAAAACGGTGTGTCAAAAGCCGTTTATCTCAAAAACATTGATTCTGAAGCTTACATAAGCCACGCAGACACTTTGGGGAGGAATGAGTAGTGAGCGCAGCAAAAGGACTTTTTAAGAAGTGGTTGAGCAATCTCGATGCTATGAAGAAACAAATTAAAGAACGCTTAAACGCAGTCTGGAACCGAGAAGCTATTACTGAGGAGGAATGGGAACAGCTTGAGGAAACCCTTATTCAAAGCGACATAGGACCCCGCCTTGCCATGGAGATAATTGAAGAGCTTCAAGCCACCAAATCCGAACACAAGGACTGGCAGAGCTGCTTATTTGAGAAACTCTATTCGATTATCGAAAAAAACGACGCTCGCCTCTTTCCGGAAGCTGACCCACAGTTCAGCAAGATTGTGGTTTTGATGGGCATCAACGGAGCGGGTAAAACAACTCTTGCCGGAAAGCTTGCTCGCTTCTTTAAAGACCAAGGAGAAAAGGTTTCGCTTGTTGCAGCAGATACCTTTAGAGCTGCCGCTCAAGAACAGCTCGAAATTTGGGCAAAGCGTGCAGGAGTAAATATAATAAAGTCGTCTTCTGGAACCAATCCTGGAGCAGCCGTTTTCGATGCCCTGCAGTTGATTAAGAAGAGGGGCGATACGGTAGCCATCGTAGATACTGCAGGACGTTCTCACGTTAATAAAAACTTGCTCAGCGAGCTTGAGAAATTATCTAAAGTTATTTACCGGGAAATACCATCTTCAAACGTAGAGAACCTCCTGGTAATCGATGCACTGGCTGGGCAGAATGCTTTCCTACAGGCTGAAAACATTGCCAAATTCATTCCTATCACCGGTGTTGCGCTCACTAAATGGGATAGTCAAGCCAAAGGCGGAATCGTTTTTCGAATCCACCAAGAACTTGCTTTACCTATAAAGCTGGTTGGAACGGGCGAAACGATAGAAGACTTATTTGTATTTGATCCTGAAGAATTTGTAAGAGCGATTGTTTACTAAATTTATTGATTACAACAAAAGTCCTTCCTTGACATAAAAGGTGTGGGCGATTATTATCTATCTGTTCTTTTTGAGCAAACGTCTAAATTACTCGGAAGGAGAAAGAGAGATATAAACGTATGTTTGAAAGTTTGGTTGATAAGTTTTCCGGCATTTTCAAAAAGCTGAGAAGCAAAGGAAAATTGTCTCCTCAAGAAGTGGAGAGCATACTTAAAGAATTGCGGATGGTACTTCTTGAGTCAGATGTTCATTACAAAGTTGCTAAGGACTTGATTAACAGAGTTAAAGAAAGAGCGGTAGGCAGGGAAGTTCTGGAAAGTGTAACCCCAGGTGAAATGGTTATAAAAATTCTCTGGGATGAAATCCGCAAATGTTTGGGAGGAGAGACTCAAAATCTTAACATATCTGCACTGCCTTCTTTCCTGCTTCTTGTGGGCTTGCAGGGTTCCGGGAAAACCACTACTTGCGCCAAGCTTGCTTTGAGGCTTAAGAGGCAGGGTCACTTCCCCTTGCTGGTTTCTACCGATACCAGGCGTCCAGCAGCTAAGGAACAACTGAAGACACTGGCCCAGAATGCTCAGATTGACTTCTTCGACGAACCGGATGCCACATCGCCACTTGAGGTGGTAAAGAAAGCTCGTGTTTTTGCTCGCCAAAAAAGCAATGACGTTGTAATTGTAGACACGGCGGGAAGGTTGCACGTTGAAGAAATGCTCCTGGCAGAGCTTCGAGAACTTGTTGAGCAGGAAAGTTTTCAGGAAACACTTTTGGTTCTGGACGCAACGACTGGACAAGAAGCCGTTAAAGTGGCCAAGAGTTTCGAAGAGTGGGTGAAACCAACTGGCATAATACTCACCAAGGTAGACACTGATGCCAGAGGGGGAGCGGTACTTTCGATAGTTTCTCAAACTGGATGGCCAGTCAAGCTGGTAGGCACAGGTGAAAAGCTGGAGCAAATAGAAACTTTTCACCCTGACAGAATGGCTAGCAGGATTCTGGGTTTGGGAGATACGCTGACCTTGATAGAAAAAATAGAAAAAGCCATTGAAAAAGAAAGTGAAGAAAAACTTGTTCAGAAACTTAAAAAGGAAGAAATAACGCTTAATGATTTTTTGGACGAAATCAAACGGTTACGCAGCGTCTCCTCCTTTGAAGAGATAGTAGGTATGCTTCCTGGAAACTTGCGTAGCAACCTGAGCATGGTGGACGGGGAAAAGAATTTAAAGAAAGTAGAAGCGATTATATGCTCTATGACTCCCCAGGAAAGACAGAACCCTTCTATAATCAATGCAAGCCGTAAAAAAAGGATAGCTCGAGGCAGTGGTACTTCCATTCAGGAAGTAAATAAATTGCTTAAGCAATTTGAAGAGTTTAAAAAACTATGGAAACAAATGCACAAAGGCAAGTTTTCTCCCCTGCGCAAGAGGGGTATTTTTGGATGGAAAATATAAGAATACCAGTCCAAATGGTGAGAAAGGAGCGTCGATAAAAAGTGGCAGTCAAAATAAGGTTAACCAGGATAGGTAGAAAGCATGCCCCGTATTATCGAATTGTGGTTACTGATGCAAAAGAAGCTCGTGATGGGAAACCGATAGAAGTTTTGGGCAACTATTCACCGATTGCTAATCCACCAGTGTGGGGCCTGAAACCTGAAAGGGTCCAGTACTGGATATCCAAAGGAGCACAAGCCACTCCTAAGGTTCAATCAATCCTTAGAAGCACCCTTAAAGCAGAGGAGGCAGCAAAACAGTGAAAGAATTGGTCGAATATTTGGTGAAAGCTCTGGTTGATAACCCTGAACAGGCCAGGGTAACGGAAGTCGAGGGAGAACAGTCGGTA
NZ_CP121689.1_gap45	1269225	1271278	2053	AAGTTGAGGACTTCGACTCAAATGGGCAATCCCGAGGAATCAGTGAATTCCTTAAAACAAGGCAGAATTCGAAAAACTGCAATTCATTTTATGATGAAAAAGGGTATCAATCCTGAGAATACGACCTTTAGTTTCTGGATTGTCGCTATTCAAAAGCAGGGTAAAGACTACAACATACGCTGTATTCCAGATGCTTTTTAATCCGCTCAGAGAGAGGTGAGCCACTTTGTTGGCGAAAGTACGAAGCGCCACAGTGATAGGAATTGAAGCCAGACTGGTGGAAGTAGAAGTGGATGTAAGTTCGGGCATGCCTTCTTTTCAAATAGTGGGACTTCCGGATGCTGCCGTTCAGGAAGCCAGAGAAAGAGTGCGTAGCGCTATCAAAAATTCTCAGTTCTCGTTCCCAGCCCGCAGGATAACTGTAAACCTGGCTCCAGCGTCTCTCAAAAAGACAGGAAGTGACTTTGATCTGGCAATAGCCCTGGGTATCCTCAAAGCCAGTAAGCAAATTGATTTTGATCAAGAACACTCAAAAATTTTCCTTGGAGAGTTATCCCTGTCAGGAGAGCTAAAACCAGTCAGGGGAGTTCTTTCCATAGCCCATTTTCTCTCCAAAAGCAACCAATCCTTTCAACTGATATTACCCAAAGCCAATGCAAAAGAAGCGGCTCTTTTTGAGAATCCATCAGTGTTTGGGCTGAGGTCTTTGGTGCACGCCTGTGCTTTCCTTGAGGGAAAAGAAGTAGTTGAAAAAGAAAGCGTTTTACAGTGTGATTTTTCTCAAAAACTTGATTTTGCGCTGGATTTAAAAGATGTGAAAGGGCAAAAGAGAGGTAAAAGAGCCCTGCAGGTTTGTGCTGCGGGAGGACACCATCTTTTAATGATGGGTCCACCAGGGGCTGGAAAGACCATGCTGGCAAAAGCTCTGGCTTCGATTCTTCCTGTGCCAAGTCTTGAAGAAGCCATTGAAATAACCAAAATTCACAGTATAGCTGGTCTCTCGGAGCACAATGCACCTCTAATAACTCATCGACCCTTCAGGTCCCCCCATCATACTATATCAGACGTCGCTTTGATTGGAGGAGGCCAATGGCCCAAACCTGGCGAAATAAGCCTGGCCCATCACGGAGTGCTTTTTCTCGACGAAGTGCTGGAATTTAAGAGAAATGCGCTGGAAGCTCTGCGAGAACCTCTGGAATGGGGCAGGATAACCATATCGCGAGCTAATATGGCGGTAACCTTTCCAGCCAGATTTATCCTTGTGGCCGCCTGTAACCCCTGTCCATGCGGTTTTTTTGGGGATAGTAAGAAGCATTGCACCTGTTCTTATCAGCAAATAATTCGTTATCGCAACAAGCTTTCCGGGCCGATAATGGACCGTATAGACCTGCAAATAGAAATACCCAGGTTGGATTTTGAAGAGATGGTTTCCGAAAACAGTGATTATTCCTCTTCAGAAGTACGCGAGAAAATTGAGGCAGTGAGAGAACTTCAGAAAGAACGCTTCAAAAAGGAACAGATCTCGCTTAATGCAGAAATGAATCCACGTCAGATTAAAAAATATTGTGTGGCAGAGAACGAAGCAGTAAAACTTCTAAAAGACGCGGTTGAGAGGCTTGACTTCAGCGCTCGAGCATACCATCGTACTCTCAAAGTTGCTCGTACTATAGCAGACCTCGAGGGTAAAGAGCACATCCAGGAGCATCACGTTGCGGAAGCGATTCAGTATCGCATGCTTGATAAAAAACGCCTGGAGTACTGATACAATGGATGAACTGGAGAAAGCTCACTGGGTTGCTTTCAGCCACGTTAAAGGGATAGGCCCGAGTCGCTTTCAAAAGCTCCTTTCCCATTTTGGCAGTGCCTGCAATGCCTGGAACGCTTCAGAGAAAGAAATGCTTCTCGTTTTGGGTGAAAGACTGACCTATGAGATAAACCAGCAAAAGAAGAAGTTGCAACCGGAAAAACTGTATCGCGAAATAGTGGCCAGGGAGATACAAGTACTCACTCTGGAAGATCACAATCTTTATCCCCCGCTTTTGCGAGAAATTAG
NZ_CP121689.1_gap46	1289170	1290013	843	CTGTAGAAAATGCTGACGTGGTTTACACTGATGTCTGGGTAAGCATGGGCAAAGAAGCAGAATATGAAACCAGAATTCAGCACTTCAAACCCTACCAAGTTAACAGCGATTTGCTTTCCCAAGCTGCAGAAGATGCTATAGTGATGCACTGCATGCCTGCACACCGAGGAGAAGAAATCACTGATGAGGTAATGGACGGTCCACAGTCCGTGGTCTACGAACAGGCTGAAAACCGTCTTCATGCCCAGAAAGCCATTTTAGCCCTAATATTAGGTTGAGTGGAGGCAGCGTTGTTCGCTTTAGGATGGCGTCACATACTTGAACTCATAGTTCTGTACTGCTTTGTTTTTTACCTGCTCCGTTTTCTGCACGGAACGCCGCTAGTTGCACCACTTAATTTTTTATCTTTTATCTTTATTGCAGCCGGTGTATCAAATTTTGCAGGACTCAAGGAGCTTAACTTTTTCTGGAAAGTCCTGCTTGCCGGATATGTTGCCTCAATGCTCATTGTTTTTCAACCTGAGATAAGGCGAATATACACCAACCGCGCTTACCACAGGGAAACCACTCCAGTGATGAGTGGCTTGCTTTTCCACAACGAAGAATTACGTGGGAAGCTGATAGACGACCTGGTGATAACTTGCCAGACTCTTTCCAGAAAGAAAATAGGAGCGCTCATTGTTCTTGAGCGTTCTAATAGTCTGAAAGATTTCATACAAACTGGAATACTTATTGATGCAGTATTCTCGCCAGAGCTGGCGATTTCCATCTTTCTGGTGGAATCACCACTTCACGATGGGGCAATCATACTGCGAGAAAATCGCCTTTTAGCTGCAGGGTGCA
NZ_CP121689.1_gap47	1298268	1299402	1134	AGCCGAGAAACTTGCATTCTCTGGGCACTCTGTTATCATAGATTGAGCAACTTTTGGGTAACTTTAACCTTAGCTGGTACCGGAAAGGAAGGTGCTTTGAATGGCTGCAAAAAGAGTAGTTCTTGGAATTGAGGCTCAGAAGGCCATAAAAAATGGGATAAACAAAGTAGCAAACTTGGTAAGGCTAACTCTTGGTCCCAAAGGCAGGAACGTGGTTATAGAGAGGAAGTATGGTCCTCCGTTGGTTAGTAATGATGGTGTGACTATAGCCAGAGAGGTGGAAATTGAAAACTACCTCGAGGAGCTGGGTAGTAAACTTGCAAAAGAGGTAGCCACCAAAACCAACGACGTTGTTGGTGATGGCACCACGACTGCCCTGGTACTTGCCCAAACAATGATCGAAGAAGGCCTCAAAGCAACAACCATAGCGTGCAATCCGGTTTTACTTAGACAAGGCATGGAAAAAGCGCTCAAGCAGGTGATTGAGTTTATAGAAAATTCAAGTATCAGCATAGAAAGCTCGGAACAGATTGTTCAGGTGGCTTCCATTTCTGCCAACGACGTTGCAATTGGCAGACTCATTGCCCAGGCAATGGAAAAGGTTGGTAGAGATGGAGTGATCACCGTTGAAGAATCACCTTCATCCCAAACTGTTCTGGAATTAGTAGAGGGGATTCAGTTTGACCGTGGTTTCCTTTCCCCATATATGATCACCAATCCAGAAAAGATGGAAGCAGTGCTTGAGAACCCCTATATACTGGTTACGGATTTTAAAATAAGTACTAGCAGAGCCCTGCTTCCTCTTTTACAAAAAATCCACCAGAGGGGAGCCTCTTTGCTCATCATTGCTGAGGAGTTGGAAGGAGAAGCCCTAACTACTTTGGTGGTCAATAAACTCCAGGGTGTTTTGAAGGTCCTGGCGGTAAAAGCTCCTGCCTTTGGAGAGCGCAGAAAGGAAATTCTTAAGGATATAGCAGTGTTGACCGGAGCTCAGGTGATTTCTCAAGAGTTGGGCATGAAACTTGAAAAAGTGACTCTTGACCTTCTGGGGCGAGCTGACAAAGTTGTGGCCACCAAAGAAAAGACCACCATTATAGGGGGTAAGGGGAACAAAAAAGACATTGAGGAACGTAT
NZ_CP121689.1_gap48	1461796	1465169	3373	CTAAAAACTCCTGAGCCGCAGCAGCCATAGCCCTTCCCACAGCATCGGAAACGCCTCCCGGTGCAGCCTGAATTATTAGGAGGATTTCTTTCTCCGGAAAGTCAGCACTGGCAACACCAGTCAGAAATACAAAAGAAAAAAGAGCTAAAACCAGTACCCCAACCACAAAAACCCTATTTTTTCTCATAGCTGGTTACCCCCCTCATAAAGGTTGAATAGCTTACTTTTCAATTGTAACAGAACAATTTTCACTAAACAACATGTACTATTAGTTTTCAGCTTTATCTACGCCTTTATAGAACCAAAATCACCTACCCGGCTCAATTTGACAAATCTCCAAACTTCCTTTACAATCATCTCGGTTTTTCTAAAAAACAAATAATAAAAAGCTTCTTCAGGGCAGGGTGAGGGCAGAAGTCCGATTCCCGACCGGCGGTGAGAGGTGGAAAGCCTCAAGCCCGCGAGCCCCAAAGGGGGGTTGATCCGGTGCAAATCCGGAGCCGACGGTAAAGTCCGGATGGGAGAAGAAGCGAAGCCCACAAGCCCTGAAAAAACTTTCAGGGCTTTTTTGCCTCCTGAAGAAGCAAAAAGGGAGGTAAAAACCTTGAAAAAGCTGGTCTACGGCGCTGCTTTAAGCGGACTCTCTCTGGTTATCAGTCTTTTAATTCACTTCCCCATTATCCCCCAGGCTCCCTTTTTGCTCTACGACCCTGGTGACGTCCCAGTGTTAATAGCCGGCTTTAAGTTTGGAGCACCACTGGGAATAATGGTTACTGCTATTGTTGCCGTGCTCTTTGGACTCATCACCGGCGAGGGCGGACCCTGGGGTATCCTGATGCACTTTCTGGCAACAGGAACCTATGTGCTGGTAGCAAGCCTCATCTATTCCAAAAACCGAACCAGACAGGGCGCCCTGCTCGGGCTGATTGTAGCCCCCCTTTTCATGACCGGGGTAATGGTACTTGCCAATTTGGTGGTAACTCCCATATATCTTGGTGTAGAAAGGAATGTTGTGGTTGGAATGCTTCTTCCTGCCATCATACCTTTCAACTTACTAAAAGGAACCATCAACGGCGCACTCACTTTCCTCTTATACAAGAAGGTGAGTCACATTTTGGAAGAGCCCGCAAAAGCTAAAAAAGTGGCTGTTAGCGCTCAGGAAAACGGTCGTTCTTACTAATTTCCAGAGAAAGCAGGAGGATTTTCCAGCGCAAACCGTAGCTGGAAAATCCTCCTAAACCTCTTTTGCCCACCACTCGATGGCAGGGCAGAAGAACAGGAAAAGGGTTTTTGCTCAGTGCTAAACCCACTGCCCTCTGTGCCTGGGGCTTACCAACTCTCTGAGCCAGCTCCTGGTAAGTAATGACTTCACCCCAGGCGATAGTTTTGAGTTCCCAAAGAACGCTCCTTGTAAAAGGAGTAAAGCGTTCAATATAAAAATTGAAAGCAGGCATAAAATCGGGCAGAGGATTCGCAAAATAGGCTTCTAAAAATTCCTCAACTTCTCCCCGACCAGTATTCAAAAAAAGTTTTTTGCCCTGACAAAAGGGGTCTTGCTTCAAAAAGGAAAGCAGATATTCTTCCTTCAACCAGGCAGGAAGAACCACGCGCAAAAGAGCATCACCATAGTACGCCGTAAGGCCTGTCCCCCAAGGCGTATCATAAAAACGATAATAAACACAATTCCGAGCTAACACCGCTCACAAAACTCCCTGAAGCGGAGAGCAGCAACCTTTACATCTTCTTTACCAGAAAAAATGCTGGAAGTACCGGCAACAAAAACGTTGGCACCTGCTCTTTTAAGCAGGGGAACCGTTTTTTCGCCAATACCTCCGTCCACTTCAATGTCCAGCTGCCTATTTTTTTCAACCAGCATTTTGCGGACTACTTCAACCTTGGTTACTGCTTCGGGAATAAACCGCTGACCCACAAAACCTGGATCCACAGTCATAACCAGCACTAAATCAAGATAGGGCAAAAAGTATTCCAGCACAGAAGGAGGCGTGGCAGGTGAAAGAGCCACTCCTACTTTTTTCTGGTGCTTTTTGATGAGGTCAATCAGGTGATAGACTCGGGTCGTGGTTTCCACGTGAAAAGTGATGATGTCAGCCCCCAACTCTGCAAAAAGAGGTATGAAACGCTCTGGATCCTGCACCATCAGGTGGACATCAAAAAGCAGGTGTGTTTGGGGACGGAGCTTGCGCATTAAATTAGTGCCAATAGCAAAATTGGGCACGAAATGCCCGTCCATAATATCTATGTGGAGCATGTCCACTCCACCTTCTTCCAGCTTCCTCACTTCAGAAAGCAAGTGCAGATAATCAGCGCAGTCCAACGAAGCAGAGATTTTAATCGACAACGGAAATTCCCCCTTCAGCCCAAGGAGCAATAATTACCTTGGAGTAAAAAACCTCTTTGCGAAGCATGGCTTCCAAAAAACCGGGAACCTCGTGAAGAGGTAAAAGATGCGAAATCACTCTTTTAAGAGTCCCTCTTTCCGCTTTCGCCAGCTGCAAAACCCGTTCCCAGTCAGAATCAAAAGCAGTAAAATGAGAGTTCCAGCTACCCAAAAGCGTTAATTCCTTGCGAAGAATGAGACTAAAATGTTTAGGGGTAATGGTAAATTCTTTTTCCTGGTTACCCAGCAAAACCAGAGTACCTCTTTTCTGCACCCGGAAAAAGGATTGTAAAAAGGCAGAAGAGTTCCCCGAAGCCTCAAAGACTTTCTCAAAGAGCAGGTCCTCTTCTTCATTGGGCGACATTATTACATCAAATGCAAAACGCTTTGCAAAATCCCGACGCCGGGGGTCAACCTCAAAGCCAGCCACCAAAGATGCACCGCTCAACCGAGCCCAATAGCCAGTTAAAAGGCCAATAGGACCCAGGCCAAACACAGCTACTCGGTCACCTGGGGATATCAAAGCACGGCGGACGGCGTGCAAGGTTACTGCAGCCGGCTCGGTAAGCGCACCTTCTTCAAAGGAAACTTCGTCCGGCAAAGCAACCAGATTGTGAACCGGGGCGACTACATACTCTGCAAAAGCCCCGTTCCTGCGAGAACCCAGGTAATCATAGGCATCACAGAGTTCGAAATACCCAGATTCACAAAACGCACACTTGCGACAGGGAATAAGCGGATAAACAGTAACCTTCTCCCCAACCCATTTTTCGCCAAGGTCGCATCCCGCTTTCACCACTTCTCCCGCAAACTCGTGTCCCGGGACAAGTGGGTAAAAATAGGCAAGGTCACCAAAAATCCTTGGTAAGTCTGAACCACAAATACCACAGGCCCATACCTTAACCAGCACTTCGCCCTTACCAGGCTGCGGTAAGGGTACTTCTTCCAGAACCAGCTGCCCTTTGCTTTTGAGAA
NZ_CP121689.1_gap49	1470398	1471035	637	ATCAAAAAAGCATGTCCGGCTGAAAGCAACATTGCATTTTCCTTGGCAAGTTCCGTCAGCTCCTCATCATTGCCACTGTAGCGTACCAGGCAAGGCCCAGAAGCCTCACAAAATGCAATGCCAAACTTGAGGTGAGGCGAAATTCCCACCAGGGCTTCGTGAAGGTCTTCAACGGTTTTAATAAAGTGTGAGTGACCCAAAATGAGGTTATACTGTTTCGGGTTTTTAAGCGCAACAATCTGGAGTTCCAAAGACAGTCCCCCCTTTCAAGTTTATTCCCTTTTTAACCAGGGTAAAACCTCCTCCAGCAGCCCTCCAACCTTTTGGCCCAAAGTCCTTCTCTCCAAAGCAGGTCGTTCTGGCTGCTCAATCCCTACAATCTCTTTCATAAAACCTTCCAGAGCCCTTTCAAAACCTATGTCATACCCCACCTTCTGGCTCTGAAACCACTTGTAATCCATTATATAAGCAAAGATGTCAGCCAGCCCTTTACCCGGAAAGGCTTCTTCAAGATTTTTCTCCACGATTTTCTGAACCACAGGGGTGTAGACACATAAAAACCAGTTTAACGCTGCCTCCTGAATGGGAACTTCTCTGCCTAAGGAAGCGCTCATCTGCCTGGCATGGTCCTGAATGT
NZ_CP121689.1_gap50	1501715	1504631	2916	AATAAGGAAAATATCATTACCAGCAGCTGGTTGCAAACCGTGCAAAGAGTCAATGCCTAATTCTACTAAAATATCAATTACCGTACTTACCCGTCCACAAGCATGCAGGTTAACCAAAGACCCTTTCTTATGCACTTCATCCACAAGCGTCTTCATAAATCGAAAATCAATCTCGTATAAATCTTGAGGCGCTATAAATGTGCCATTATTATGAGCAAAATCATCGGCTAACCATATACACTCCGCACCTTTTTCGATGGCCTTTTGCGCCATTTCTTTGGCAAAATCGTAAAAACGGGTAGCAAAATTTACCACTTCTTTCTTATTATCCTTTATATAAAACATTAGACGTTCATATCCGATAAGTTCGGCAAACATTGAAAAACCTACATCAATCTGACACGCAACGAAAAAGGGAGAGTCATTCAACCAAAGTTCAATATTATCCCAAGAAAACTCTTCTGGCTTTGGAAATCGATATTTTCTCAGATCGTCTATATTTGTTAAAGGATGATAAATGGTCTCAAAGGTATAAGGCGAAAGAATAAGCACTCTGCCCCACAAATCCCTTACAACTGGATAGCCATCTCTTTTGCTAATTTCGTTCAACTTTTGAAGAGGAAACACAACCAAAAAGTCGCAACCAAGCAATTCTCGAGCTTTTAAGTGTGCTTGAAATTCTGTCTCGCTCAACCGGTCAAAAGCCCAGTGAATATTAGAGTTTTTACGAGCAAAAGGCATTTCAGTTCCTGTCAATCTCTCTACAAGAAAATCGTCGATCATGACTTCCCCATGAGGAATTTTATCTGGAATTTCCCCTTTTAATGTTTTCCTCATCCTTTCTCTCTGAGGTGTAAGCATCATGAACTTTTCCCTTCTTCCCTACACAACTCGACATTCAAAATTCCCTTTGGTTTGAACTCTAACAACAACACATTACCCTCCTCAACATCAACTGATGCAATCCTCTCCTCTAAAGCATTCACAATGAAAGCTTTATTTATCTTCAAAATTGGGGATAGATGAAGTTCAACTGAACGAACTACTTTATCAGGATTCCATAACCTAAGTATCCATCCGCTCCCATTTTCTTTTTTCTTGAAAGCTGACATCAAAATTTTCTCGTCGTTAAAAGCGATTAATCCCATTCCAGAATTTAGCTTTCCAACATGTCTTCCAGAAAACTCAAAGAAAAGAGGTTTCACAAAATGATCAACGAAACCGTAGGAGGAAAGCTTGCTCCAGTGTTCAATAAGGGGAAAAACTACAAATTCCGCTTCAAAGAAGTCTTCCAAATACTGCGCATTTGGTGTAGAAAGTTCTGGCGCAGTAAAAGCGTTACTCCTTTCAGGGACAGAATCCACACTCAAAAAACCAATACATCTAAGAAGCGTGAGATAAAAGAAGCCATCTTCAGAAATTTCGTATTCCTTAAGCCAACCTTGGTCAACAAAAAGCAGTCCTCCTTCTTGATCCCCCACAAACACAAAACGGTCTTTAGGCTTAGTCGAAGAAGATTTTTCAGGCCAAAATGCATCATCCATTTTTTCTAAAATTTTTCTATTAACAACATCAAAGAAAACCTCAGCTTCTGAAGAAACAATTTTTTCTCCCACTTCAAAACCTATTCTCAAACGATGATCAGCGGCTTCATTTTTAAAACACACCTTTATTTCTACAAATTCTGCACCAGCGCGCAATGTGTAAAAAACTTTTATCTTTTGCTCAACAGTTTCCGATGTTCGCCTTACTCGACTTGGATCAATGGCTTTGGGAATTTTCAATAAATGCTCAATTTTAAAAGTAGTTTTTAAGGGAGAACAAAATACCTTTTCAATCTGTCCAAAGTGCGAAGTAACAATAGCGTTGCCTTCAGGAGGCGAAAACATATAATGATCGCCTCTATCTCCTGAATCTTCTATAAAGCCAAATTTTGGATAAACCTTTCCACTTCTTTTGTCTTCCAAGAAAACCGAACCATTTTTGAAAAGAAGTCTTAAAGAGGAATTTTCCATGAAATCGATGCCACTCACGACTGGGTCTTCAACTTTTGTAGGCAAAGAAGGCAAAATATTTAGAAAGTTGCTCAATTCCTTTTTTCGCTCTTCCAGAGGCGTACCAATTTTAGAATTTTCTACTTTTTCCACACCAATAATCTTACACCCAAAGGGGGGGATATAATCTATATAAGCAGAAATACAAGCTTTTACAATCTCTTCACCTTTCCAACAGTAATCCATCAGTTTCCTTTTAGAAAGGTAGTTTTTAATTTTACTAATCTCTGCGATCGCGAAAGGAATTAAATTTCCAGATTCATCAACAAATACATAATCTCTTGCCGACTCGTCTATGCCAAAGTGCACACAAAAATCAAAAACACCTGAAAGAGCATAAGGAGTTGGGTTAACTATTGCTACATTATTTTCAAAATCTCGAGAATATAGGTTAGCCAAAGAATAACCAGCAGCATAAGCAACTCTTTTAGCAATCTGAAAAACTTGATGTGCTCTTACCAAAGCATCATCAGTAACTTCATCTACATGCGCACCGTATATAACATCGTGAAATTGGTTATTAAATTGAATCCTCCAAGCAAGATCCAAGAATTCTTTAGGGTAACAATCAATGCCCATCATGTCCACCAAAGAGCACAATGGTTCCGCAAGGCGCTCCAAATAGACTTCTGCAGCACGGATTTCTTTTTTAAGCGGAATCCTACTAGAAAGAACTCCAGGTAAAACAAAAGAAGTTTGAGTTGCCCTCAGCTCGCCTTCATATTCTTCAATATCGGTGGATAATTCTTCCCTAATTGAATCCGCGTATTTCACAAGGTTAGAATGAATGAAACGATAATCCGGAAGCCGTTTGTTTAAAAAGTCAATAATTTCTGGAATGTCTTCTCTTGGTTCTTGATGA
NZ_CP121689.1_gap51	1508006	1509356	1350	ATTCCAAATGCATAAACTTTATCAAAAGGAGCCTGAAGATAATACTCTGGCCAACATTTTTCTTTTAATTCTTCCACTGTAAAGATATCTTCAGGGAACGGGAGAATCGATTTAGTATAGACCATCTCCATAATGTCTTCTCCACGAGGGGTAAATATATCGCTTGCTTCTCCAGCAGCAAGGGCTGATTTAATCTTAGTTGCAATATCAGCTTGAGGTTCTACCGTAACCTTTATATCAGGATTTTTTTCCATAAACATAGAAGCAACTCTCTCGAAGCCTCTGCGGTGTGGGTCAAAACCATGGCACCATATAGTTATTTCCGTCTGGGCACACGCAAACATGCCCCAGCTCACTAAAAGCATCACACTTATAACACCCAGCACTATCAATATTCTCCTCATCTTTCTAAACCTCCTTACAAAACGTTTTTTGGAGAAAACCCGAAAAATACTCACTCTTTCTCCTGCGACAACCCCACTTTTAATTAAGACACCTCCTTTCTAAGAAAAATCCTTTACCGCTCAGGTGCTTTTGTCGACTCTCTAACTATCAACTTCTCCTCAAGAACCACCTCCCTCGAATTTTCTTCAATCTGCTTCTCAATCCGCTCTAATAGCAGCGTAGCTGCTGCCTTCCCTGCTTCATAAGTGGGAATTTTCACACTGGTTAAGGGGGGTTCAAGTACTTCCCCAATAACATCATCTACCCCAATCAGCGAAAGCCTTTCTGGAATAGAAATGGAATTCTCCCGAGCTGCTTTCAAAACACCTATCGCCAGCTGCTCACTAAAGGCAAAAACTGCAGTAGGAAGTTCTTTTCTTGCAAAAAGCATTTTAGCGCCCAGATAGCCACTTGCCTGTGAGTAATCACTCACCTCCACAACCAACTCTGGAAATATCTCCACTCCAGCCTCTTCCAATGCCCTCTTGCAACCAGCAAAGCGCCGTTTGCTAATCCCGCTCCCCCTTACTTTCAGAAAGCCTATTTTGCGATGACCGAGCTCGAGCAGGTGTCTGACCGCTTTATAGCAGCCTCCCTCAGCGTCTCCAGTCACCGTATCCAGTGCAGCAACCCGGGTTGAACCATAGCAATTCACCACTGGAATACCATTAGCAATGGCAGTTTCAGCCATTTCCTTCAAAGCCTGGTTAAAGGGTGCTGAGTAAATGATTCCTTCTACCCGGTTGCGAATAAACATTTTCAAAAAACGCTCGGTCTTTGTGATATCGTTATCATTATTGCAGATGATTACACTGTAACCTTGCTCAAAAGCCACATCTTGAATCCCTCGCGCAATACCTGCATAAAAGGGATTGGCAATATCTGGCAAAAGATACCCTAAGGTAT
NZ_CP121689.1_gap52	1531505	1533081	1576	TGTCATCAACTCAATACCGAAACCATTTTAGATTTGTAAAAAGAATACAACCTTAAATAGTACTCTGCGTATCTTTCTTCTGGAAGAAACTGACAACCCTCAAAGTCTTCAGCCTTAAATAAAGTTTCCCGGGAAAGACCCATCGCTTCCATACCCAACAAACAAGCCCCAACCGAAGCAGTATCCACGTAAGGGACTAAATATGTAGGCAGGTTGAAAACATTGCTGACTATCTTAGGCCAAATATTTAAACGAGCAAGACCTCCACTTAAAATCACCCTCTCAACTTTTCTGAAGGTCGTTAACGCTTCTTCCAGCGAATCTTTAAGCGCAAAAGCTATGCCTTCCAAAATCGCAAGCACAACGTCCTCCATTTTATGATTAACCTGCAAGCCCAAAAATGCTGCTTTGGCCTGGTAATTAAAATAAGGGGTTCCGGTACCCATCAAAAATGGATAGAACACTAGTCCTCTATCCGTATTGATTTTCTTAATCTCTCCAACTTTTTGCCAAAACAAATCCGGGTCACCACCCCAAAAGGAAGAAAGGAACCAGCCCAGGGCCGAGCCTCCTGTCGGAACTGTACCAAGATAAAAGTACTTATCTGGAATACAGTGCAAAAATACGTATAGCTTGCCTAACACCTCCTTACGTATTTTGTCCGAGCAAAAGAGCAACTGTCCAGCCGTACCAACACACAAAGAAACGTTTTCTTCTACCCCAGCTCCTGTCGACAGAGCGGTAGCCGCAAGATCACCGGCCCCTTTAATGACAGGTAACCCAGAAGGTAGATGAAACTCTCCGGCGGCCTCTCGAGAAACAGCACCCACTATGCAGCTACTATCGACTACATCTGGTAATATATCCAATCTAAACCCAAGTTCTTTCAGTAAATCTTTATCCCAGTTCTTCTTGTATATGTCATATAAGAGGGAGCCTGAGGCATCAGAATAATCCGTGGAAACATCTCCACAAAGTACATAAGCTAGGTAATCTTTTGGGAAAACCAATTTTATTGCTCTTTTAAACAAGAATGGTTCATGGTTCTTTAACCAGAGCATTTTCGGTAAAGTAAAAGCTTCCTGGGGCAAATTGCCCATTTTATTCAGGAAATAAGCTTCTCCAAATTTATCTTTAAGTACTTTAACTTCCTCTACAGCCCTTATATCGGACCATATCATGCAAGGATACAAAACCTGAAGACTGTCAACATTTATAAGCACTGGCCCATGCATTTGGCCCGTTAAAGCAACACAAGTAAGAGATTCCATCTCTTGGGGGTAAAGAGTAGATAATTTATCAGTGATTTTCTTCAAATTAAAAATCCACTGTTCTGGATTTTGTTCAGCAAAAAGGGGTTTAGGGTATTCGGTGACATTGGGAAGAGTTTCTTTAGCAATTTGCTTACCATTTTTGTCAAAGATAATGCATTTAAGATTGGTTGTTCCTACATCAACCGTCAAGACATATTCTTTCAAGAACTTTACCTCCCTACAACATCTTCACTAGCCTGCGATAATGTTCAATCAATTCTCGATTTTTCTCCTTCCCCCCAGGAAGATTACCACTTACGAAA
NZ_CP121689.1_gap53	1537105	1538912	1807	CATCCTTCCCATTCTACGCTTATAAAACCACTATATCCCACCTCCTTCAACGCTTCAGCACATTCCTTAAAATTAACTATGCCACCTCCGAACCAACACATATTCCACCTACCTATAGTGCCTGCTATATCTTTCGCATGGACGTGATTAATAAGTTTCCCAAAAGCAGCAATTGCTTCTTTAACAGGCATGTGAGGCTTAATGCCTAGATATAAACCCCCAAAATCTATAGTTACCTTGACGTTATCCAATCCTATCGCTTCAATCAACTCCAAAGTAATATCCGGGAGATTTATCAAGGTTTCTTGGTGTGGCTCAACACTAAAATCCAAACCTCTTTCCCCTGCGTACTCAGCACATTCTTTAACCATATCCACAAAAATTTGCTTAGCCTCTTTCCTTGAAATCATGATATACGTCGGAGGATTGTAATACCCGTCAATATAACTCACCACAGTAGGAGCGCCTATACGAGCGGCGATGTCTATTGCTTTCTTGACATTGGCTATTTGTCCTTTTATCAAATACTTCCAGGGAGTGATTGCAAGATGATGGGACCCAACTGAAGCAACTTTAATACCCTTAGAATCAACCACCCTTAACACCTTTTCAATTGTCTCCCCCAACTCTTTATCTGAAAGATCTATGAAACTTCTGTCTATAAAGTCGACGCCTTCGTAACCATAAGAAGCCACCCTTTCAACACACCAATCAAGAGGCTTGTCTCCCCACGAATTAGTAACAACCCCAACTATACCCATCTGGTAAGGATAGTTGGGCCATATTTCGAAAGACAGTTTCATCTTTTCATCCCCCTTAATACATTACAAGTATATACATCTTTATACCATTAAAAACACATTAAGTCAACAGATCGAGTTGAATCATCTAAAATCTTGATGAACTCCTATCGTTATCTCAACTAAAAATCCTGATATAAACCATTCTACCTCCGGGTGATTTTTTTAAAACAGGAGGTAACGAAATGGAGCTCACCATGAATACCAGAAGGGAAATCATTAAGAAAATGGCACCCGAGTATCAAAAAGCCACTAAGAAAGAAAAAAGAAAGATCTTGGATGAACTCGTCCATCTCACTGGATACACCCGGACGTATGCCTCCTGGCTCCTTTCTCATCATGGACGGAAAGTCTATCTCACCGGACGAAACGGCAAAAAGTATCGAGTCATTGGATCCATCACCAAGGTAAAAAGGAACCGAAAAAAGATCTATGATGAGGAAGTCCTTTCTTCTTTAAAAAAGATCTGGCTCATCTTTGATTGCCCCTGCGGGAAAAGACTCGTTCCCTCACTTCCTTGGATGATCAAAAAACTGGAAAAGCATGAGGAACTGGTTCTTTCCCAAGAGGTCAAAGCCAAACTTCTTTCTATTTCTCCAGCGACCGTCGATCGGCTTCTCCAAAAGGAAAAACGAAAGCTCACCTTCACCTTTCGGTCCTACACCAAGCCCGGAACGCTTCTCAAACACCAGATTCCAGTTCGAACTTTTGCTGATTGGGATGAGAAAAGACCAGGATTCTGTGAAATGGATCTGGTTGCCCACGATGGCGGAAACCCCAGTGGGGATTTCTGCCAAACTCTTGATGTGACCGATGTCTTAACCGGCTGGAACGAAACTCAAGCGGTCAAAAACAAAGCTCAGAAATGGGTCTTTGAAGCCTTAGAACAGATCCGAGCAAGGCTTCCCTTTCCTCTTTTAGGAATCGATTCCGACGATGGAGGAGAATTCATCAATAACCAACTCATTCGGTACTGTCAAAAAGAACAGATCACCTTCACCCGGTCT
NZ_CP121689.1_gap54	1546475	1547224	749	AACAAAAATGTTTTTTTCAAGGAGATGGGGGACCTCTCTGCGAATCTCAGGAATATACTCTTCGGGCGTCACTACACATATGTTTTCCATGCCAACCAATGGTGCAATGCGCTCAACAGTGAGCTGGAAAAAAGTCTTCTCAAAAAAACGTGCAAACTGCTTGGGTCGAGATTTACGGCTGAGTGGCCAGAGTCTTTCTCCTTTCCCTCCTGCCATGATGAGTGCTTTGGGCACCACCATCACCTCCTTTGACTATATTTTACCAAATAAGTGCAAAGAAACAAGCCCCGAGGTGCTTTTCATAACGGCTATCCCGTGTTACACTTTTTGTCTAAGTGGCAAAGAAGGTGAAGTGAATGGGTCTGGTTTTTGCTTTTTTTCATTTCACAGTGGATTTTTTCAGTTCCTTTCTGCAGGCCCTGAGTCCTTACCTAATAGAGGTTTACCGGCTCACCCCCCGGGAAATAGCCGTATTTATAGCCGCTACCTCTTTACTTTCTTCGCTGTGTCAGCTCCTCTTTGCGCAGGCCCTGCATAAATTTCCCAACCAGAAGTTGCTTTTGCTGACAGCTCTTTCTACCCTTACCCTGGCACCAGTGCTTTTCGCTCTACACATATCTCTTACTCTGAGTATTCTTTCTTTTCTCCTCATCTTTATCGCCAATGCTCTTTTCCATCCCCTGGGAACCTCCTGGGCAGGTACCAGCAACCGCCAAAATGGCGTTGCCTTTTTCATATCTGGAGGCATA
NZ_CP121689.1_gap55	1548782	1551454	2672	GGCTACAGCATGAGTATTGTCCCCTTCTATATTTTCCCCTTTTTACGAGGCTGGACAGCGCTTTTACCTCAGACCATAATGAGTATGAGCTTTGTCTTTTTCTACATTGGTGCCCTCTTTTCCATTCGGGAACTGGTACCCAGACCACGTCAAGCCGAGGCCATGGGTTGGCTGGAAACTTTCATCAACCTGGGTGGCGCAGTGGGACCGGTGGTCTTTGCGAGCTTCCTGGCTTTGAATGGCAACCATTTTCCCCGTACTATACTGCTTTCTTCCATTTTTCCCATCCTGGCTTTTGCGCTCTTTGTATTAGCCAGACCATCCAAAAAGAGCTAAATACAACACGTCACAATGCTATAATAAATAAAAAAAGAGGGAAACCGTGGTTTCACCAGGAAAGAACTATTCATTTTCGGTTTGCCTGCATCTTTGCCGGCTGGAAGAGAATGATTACCAGATCCAAGATCTGGACCCGTCAATTGAAAGATTATTTTCTCTACCTGGCAACCAGTTGAAAGGTTGTAAACTGAGCGACTTACTTGTTACGTCGCAATCCAATCCGCTCTTCAATCCTCTTTTCTGGGAAAAGGTGAAACAACACACCCCGTGCGGTGCCTTTGACTGGTTTTTCGACCCTCCAGGTCGCCTGTTCCAGGCATTCGTGAGTCAACACCACAATGAGCTATGCCTTCTTTTAAGCGAGTTACCCCGAGAAGCAGAACACATCACTTTCTTTCAGAACTTGATTGATAAGAACACCCTCTACATTTTTTACCGCTATCGCCTATTTCCCCAGCCTGGCTTTGAATACGTTAGTCCCTCAGTAACCGCAGTAACCGGTTACACACCTGAAGAGTGCTACCGGAACCCCGAACTGTTCTTCGCGTTCATTCACCCCGAAGACCGCCAGGTCCTCACGAAGTTGCTTCAGGAAGGAAAAGGTTTTGGGAAACCATTGACTCTGCGCTGGCAACGTAAAAGCGGAGAAATTTTCTGGGTCGAGCAACTGAACATTCCCGTATACGACTCAGAGGGAAACCGAATTGCCATCGAAGGTATCGCCCGGGATATTACTGGTTACAAAAAGGAGCAAGAAGAACTGCTCCAGAAAAGCCGGGAATTGGAATGGCTCTTGAAAAGCATGATCAACGCCTTTGTCATCCACGAGCCGGTGTTCAACCAGGAAGGCCGTCTGGTGGACTTCCGGATTGTTTATGTCAACGAGGCATACGAAAAAATGCTGGGGTTGAAGCTTGAAGCAATACGAGGAAAAACCGCCCGCGAACTCTGGCCGGGAATGGAAGAAGAATGGTTCAAGAAACACGAAAAAGCCATTTTGACCGGTATTCCCCAATCTTTTGAACTGTATCACTCCCCAACCGGCAGATATTACCGCTGTCACATCTATTCTCCTTGGAATACCAGGGAACGCTACTGCGTGGTCTTTGACGATATAACCGAGCGTAAACTGGCTGAGCAACGTGAAGCGTATCTCAAAAGAATGCTCCTGGCTATTCGCAACGTTAACCAGCTCATTACCCAGGAAGAAGACCCGCAGCGACTAATCGAAAAAGCCTGCTACCGGCTGGTGGAAACCATGAGCATGCAAAGTGCCCTGATAGCGCTCTTTGACAAAAACCAGGAAATTGTTGATTTTGCCTTCTGCAATGCCCGAAGAAGGCAGGAAAAGCCGCACAAAAGAACCGTGCAAGAGTGGATTTCAGGGCATATAGACTTCCTCCTTGCTCAAAACAGCACTTTAATTGTAACCCCTACCCTGGACGCGGGAGAAACCAAACTCCTTAGCGTGAAAGAAAACCATTCGCTTATCGCAGGCAAAATTGCTTTCAAAAACCAGATATATGGGATTCTACTGACTGCAGTGCCTACAGCATATGCCCGAGACGAAGAACTGCTGGACCTTCTGAAAGAACTTCTAACAGACCTTGGCTTTGCCATGCACAAAATAGAGAACCAGAAAGCCTTGCAGGAAGTGCAAAGGCGGTATCAGCTTCTCGCTGACAACATGCCGGGCATTGTGTATCTTTGCCTCAACGACGAAGCCTGGACCATGGTGTACCTCAACGACCATATCGAAAAAATCACTGGTTATCCCAAAGAAGAATTTCTGAGTGGAAGATTGTCCTACGCCGAGCTATGCCACCCCGAAGACCTGGAGCCGCTTCGAAAGACCATCAACGAAGCCCTGAAAGAGCGCAAGTCTTTTCATGCCATATACAGATTGCGTAACCGCCAGGGCGAATACCGCTTCGTGGAAGAATTCGGAGGTGGAATCTGGGAAAAAGGAGAATTGCTTTACCTTGAAGGATTCATTCAAGACATTACGGAACGGAAACAATACGAAGAGAGAATTCACTACCTTTTTTCTCATGACCCCCTGACCGGTCTTTATAACCGCACTTTCCTGGAAGAAGAGATAAAACGTCTGGAAGAAAACCAGGAATTTCCTCTGGGTATTCTGCTTTTTGACATCAATGGATTGAAGCTCATCAACGACGCGCTGGGACAAAAAGAGGGCAACCGCATGTTGCAGAACCTCGCCCGAGCCCTCCGTGAAACCTGCCCTCAGGAAGCACTGGTTGGGCGCTGGAGCGGAGATGAATTCATGGTCATTCTACCTCGTACCCGGGAAGAAAAAATTTTGAAGTTGG
NZ_CP121689.1_gap56	1572555	1573415	860	CGATAAGCTCGGATTTGTTTAAATCCCACATAGTTCAGATAAAACAGAGACTGGACACTATCCCTTGCCCCCTGCACGGCCTGTTTAAATCCCACATAGTTCAGATAAAACGCTGATGATGTGCTGAGGAAGGTTGCGGTCCCGCGTGGTTTAAATCCCACATAGTTCAGATAAAACGGGGAAACGAGAATAGGGATAACTGAAGATGGGCTTTGTTTAAATCCCACATAGTTCAGATAAAACCAGCAAGATACCCGCACCCAGAACCAGAGATAAGAAGTTTAAATCCCACATAGTTCAGATAAAACCTAAGCTACTTCCATCCCCTTCGCAACCTGCAATCGCGTTTAAATCCCACATAGTTCAGATAAAACTTATCTCTACTGCAATTCTATACTCCATCTTCTTTTTGTTTAAATCCCACATAGTTCAGATAAAACCGTCCTCTGGGCAGAGGATTACTACCCAGAGAAAAAGTTTAAATCCCACATAGTTCAGATAAAACAATACTTCCTCAATTTGCTCTCCGCTCCTTGTTTTTGTTTAAATCCCACATAGTTCAGATAAAACACGCTCTCTTTGCTGGCTCCAAAGCTCCCCATTCGCGTTTAAATCCCACATAGTTCAGATAAAACGCGGAGCAAAAGCAATGAAGCGCAAATTCTATATCCGTTTAAATCCCACATAGTTCAGATAAAACATACTTGCGGCGAATGCACTTGGGTTATTACTATCAAGTTTAAATCCCACATAGTTCAGATAAAACGCAGTGCTCAGAGAACGGGTCACCGCTGGCTTTACGCGTTTAAATCCCACATAGTTCAGATAAAACCTATGATAGTTTTCTCTCTCCCTGCCTG
NZ_CP121689.1_gap57	1599009	1599941	932	TGATAACGGCATCAACGCCTCCCCTGAGCACCACACCATCGAAAGATACCTCCACCTGAGTGGTGGTGTTTTCTATCTTGAGCAGTTCTTCAAGGTATTTCTGAGCGAACTCGCGCAGGGATGAAAAGGCTTCTTTCCTCAAAACCGTAAAGGTATGCTGGTCAGCAAAGGGCAGGAAAAACTTTTCCTCAATAGCACGCTCAACTGCATTAACAAGTTTTTCTTCGCCTTCTCTCAAAAGCTCCAGCAATCGGAAAAGACAATTGCGTAGACTTCTTCCATAACCAAGTTCTTCTGCAAGTCCTGGAGGGTACTTCCACACATTGCGCAAGCGGTAAAAGTGAGGGCAACGTAAAGCAACGTAAATAATCAGCAACCTCACGAACCGACAGCACCCGCGGTTCTTTTTGTTCGTCGTTTTGGGGAATCTCTGGAAACGGAATTTTTTGGTTTTCTCCTAAAACCGGCACCACTTCTCTCAAGCATTCGAAAAAAGCGCTGGGAGAACGCCTGCAGTACAAAGAACCCCTGTAGTAACCCTCAAAAGCAGTAACACAAAGCACCTCTTTTGCTCGGGTGATAGCTACATAAAATAAATTTTGCTCTTCCTCCAGACTTCCCTCATAACGCTCAGCATCGAAAAGCTCTCTGGAAATAAGCCATGGCCTCGGTTTTCCAGCTCTTATTGAAGGGAACCGATGGCCAACCACTGAAGAAACAAAAACCACTGGCCATTCAAGCCCTTTGGCCTGATGTACTGTACCGACAAAAACTGCATCAATATCTGGAAGATCTTCAGCCAACTGTTCTTCATAGACACGTTCGGCATACCAGAAAACGTATAGACGCAAATACTTGATTATTTCTGGCCACTCTGGCTTCTTTCCTCCCAGACGCATTGCAGTTTCAAAATCAACCAGCATAGAGCTAAA
NZ_CP121689.1_gap58	1614469	1615900	1431	AGTAATCGACCAGCTGTGGAAAGCCGGCAACGCTTTCTACGAAATCTGCTTTGCCCAGCTTCTCCTCCACAAAGCTGCGCTCAAGCGGGAAAGCTTCAGGATTACCAATGACCTCGTTGGCCAGGTCATACGAGACGCTGGCCTCAGCAGAAAGCGCCGTCGCCAAGCAGAAAAAAAGCACGGTGAGAAAAACTGCTTTACGCATAATGGTACCCCTCCTTCACCTTTTAAACACTCAAGAATACTCCCATTCTACCACAAAAAGAAAAAACGCATAAGCAGTAATTGCAGGCACCAGCCGGTAGTGAAAAAACTGCCCCCTGCTAAAATGCAGGGGGCAGTGGGGAAGAGCTGTCAGGATGCGCAACCAGTATCACAGGTTACGCCAGATACATCGTCGGGGGTGTTGTTTTCAATGATATTACCGCAACAGGTAGCAGTAGCACCACCTGTAACGGCTATGCCGCCACCCGGGCCAGAAGAAGCCTGGTTATTCTTTATAGTGTTTCCGGAAATATAAGCATGGCTATTCGAGCCAAACACCAGAATTCCGCCACCACCGTTATTCTGTCCTGACTCAGCAGTGTTTCCAGTTATGGTGTTACCAGAAATTTCGGCATCACTACCGCCACCAACAAAGATGCCGCCGCCACCCAGGCCAGCAGTGTTTCCAGTTATGGTGTTATTGGAAATCCGGACCGGGTTTTCTGTGGTGCCCGAGCCGGAAACATAAATCCCACCACCGTCGCCGCCAGTGTTTCCGGTTATGGTGTTATCGTGAATATAAGCAGAGGCGCCATTCGTTACGGCTATGCCGCTACCGGTGTTTTCAGTTATGGTGTTACCAGAAATTTCGGCATACCCGTCTTCAACATAAATCCCGCCATCCTCATTTTTGGTGATGATGTTTTGCTCGATGATGAGCGAAACACCCTCCAGGTAAACGCCTACACCATTATTACCAGAGGCGTTCTGGATGGTGAAGCCTTGAAGGGCAGCGGAAGGCAACGTGTCTCTAAGTTTCTTCTCGGACTCCGCTACAAAGGTAACTACCGGACCCTCACCGCTACCTTCGATAACGGTGCGCTCTGGATGGTCGGGGTCAGTACTCCGCAGGGTGATGTTCTTTCCGTTGAAGTCAATGTTCTCATGGTAGGTTCCTGGAGAAACCACAATTTCATCGCCCTCTTCGGCCTCATCGATAGCTTCCTGGATGGTGGTGTAGTACTTTTTCTGAGTGGTGTTGTAGACAAGGTCAGTAGGACCAGAGACCAACTCAGGAGGCGGCAAACACACACAAACGGTGAATGCAACGCCGTTACTGTCCAGGCCGTTTACGGTTACCACAACGTCTCCTGAACAGGCTCCACAAGGAACTTTCACCTCAATCACGGTGTCGGACCAGGACAGGACCTCGGCCTCCACCCGGGG
NZ_CP121689.1_gap59	1624975	1628326	3351	ACATACTCGGGCACCAGCCGGTGCTCTTTCGCTTTTTCAGTCATTTCCCTGATACGCTGATAATCGATGAATCTGGTCGCCAGGCTCTCGCCCAGCATATTCTTGACCCGGGTAATATAAGCTTCGTCGGGTTGAATGTCCAGCTCCTGCAGGATTTCGTCCATGTTTCTGGCGCTCACCACGGCATCCAAAAGGAGCTGGTGCAGTTTTTTGCCTTCAAAAATCTCACCAATGATGTCGAAAACCCGATCGCTCCCCAGCTTTCTCCGTATTTCATCCAGTTTTTCAAGCAGACGGGCGAGCACCTTTCCTTCTCTGGTATCATCAGCCACCAGGTTAAAGATGTAAACATCCTTTTGCTGGCCATACCTGTGGATTCTGCCCATTCTCTGTTCCAGCCGGTTGGGGTTCCAGGGAATGTCGTAGTTAATCATGATGTGGCAGAACTGCAGGTTGATTCCCTCTCCCGCTGCCTCAGTAGCCACCATGACCTCTGTTTGATCCCGGAATTCTTTCTCCGCCCGGACCCTTTCTTCAATGTTCATTCCACCATGGATGAAGTTGACCCGGTAACCCCACCTTTGAATCTTCTCCACCAGATATTCAAGCGTATCTCTGGACTCAGTGAAAATCAAAATCTTGGGGTTGCCGTTCATTTCTTTTATCTTCTCAAAACCTTCCTCAATGGCTTTTTTCAACTCCCGAAGCTTCACTTCCTCTTCGCTCTTAATAACCCGGCGGGCTTTCTCAATCAGGAGATCAATGACCCCGATTTCCTGCTGCAGCGCTTCCGGATTTTCAGCAGCGGTCAGCGCTTCCCACTCTTCCTCCTTTTCCCAGCGCTCTTTTTCTTCCAGGTCCTCCACTTCCTCCAGGTCAATCTGAGGTATTACGTTCCACTCCTCTTTTTCACCCATCTTGAGGATTTTCTCCAACCTGGCCTTTCTGCGCTCCAGAGAGCGCAGGAGCGCATAAGTGCTTGAAGCCATCCTGCGCTGCAAAATCATCAGAGCAAAGGTTACGTTGCGCTTTTCTCTTGAATCAGACCGCTCCGAAATCACAGTGTACTGCTCAGCTACGTAGCGAGAAAGCTCGTTGTAAAGCTCCTTTTCGGCTTCAGAAAGGTGGAACCTGATAGTCTTTGGGAACCTGCCGGTGAAAATGGGCTTACCCTCAAAATCTCGGAGGTCTTCCTTGAGCCTCCTTATAAAAAGCGGGTTATCTTTGTTTTTTAGCGACTCTTCAATCATCGAGGAAGTGGCAAAGAAACCGGGCACCAGAAGATCCAAAAACAATCGGAAGTTTTCAGGATCCCCTTTGTGGGGTGTTGCGGTGAGAAAAAGCAGGTGGTTGGAAGTTTCAGAGAGCACCTCCCCCAGCCGGTAGCGCTGGGTTTTGGCGGTCTTTTCGCCATAGCGGTAGGCAGACATTTTGTGCGCCTCGTCGACAATCACCAGGTCCCAGGAAACCGAGCGCAAGGTATGCAGGATATCCTCCTGCTTGGCAAAATCGATGGAGGTGATGACCTGGCTTTCTCTCTCCCAGGGAGTTTCCCCATAGGAAGCATTGAAAGTGTTCCGGTCAATGACCATGAACCTTTCGTCAAATTTATCTTTCAGTTCTCTGCGCCACTGGTCTTTCAGGTGTCCGGGAACCACGATGAGTATCCTCCGGGCAAGTTTTCTCAGTTTGAGTTCTTTCAGGACCAAGCCAGCCATGATGGTCTTTCCAGCTCCCGGGTCATCGGCGATAAGAAAACGAATACGGGGCTGCTTCAGGACGCGGTCATACACAGCCTCTATCTGAAAGGGAAGCGGGTCCACCCTGGAAACCGACATAGCAAGCAGAGGATCAAAAAGTGAAGCATGCTGGAGCCGCGTTGCCTCAGCCACCAAGAAAAATTCCTCCGGGTGAGCTGAAAAATCCAGCACCCTTTCCACTACTTGCAACTTGGCAAGCTGGTCCCTGGGCACAAGATGGTCCACGTGTTGCCGGGTGGAAGTAGTGTAGCCAACAATATGCAGGTAATCACCGATTTCGTCAATTCTTTCAACCCGAACCGGTTCGTTCCAAAACGGACCCTGAATAAGGCTTCCTTCTTTAATCACCCTTTTACCCCTCCCAACTTAAGGCAAATTTCGGGTATACCCGGTAAAAAGCACCCTGTAAAGGAAATAATGCAAAGTCCCCCTTACATTGTAAAACATTGGTGAAGAAAAGCTCAATTATTTGCCAATAAATAGCCGTAAGCCGGCCATTTTGCGAATTCAAGACCATGAAAGAGGGCATCAAACCCACCGGGGGCGCAGTTTCAGGAAGCAGGTGGTGGGATAACCGGCTGGGGAAGCGGCAATCGCAACCAGGCTTTATTTACTGGTAAGAGTTGGGGGGAACCTTGAAGCATTAAGGCAAGTTCTAAGAAACTGGTTTTTAGGATAACTCCCTGAAAGCATTATTTCTATGTATAGTGCTTCATCGGGAAAGACAATTTTTAAAAGATTCCATTCGTTGTTTTTTTGGGCTTCAAGCCCCTGGTTGCCAAGAGAATTCAGGTCAATTGCGTTCATTCTTCAAACATCCTTTTAAAATACTCTGCTGTGTTTTGGTAATCTTTCTGTCTTTCAGGATCTTCAATATCAAGCGACCATTTCAGCGGATCGTTTATTACATATTTCCTGATTCTTTCTAATTCCCTTTCATTGCGAATGATACGTTCGTAATAATTGCGTTGCCATAGGGGTTCACCAGGCGTTTTTCGCAATTCATTTATTTGTTTTGTGGCGGTGGATTTGAACAGCCGAACTATGGTGGGTATTGAATTGGATGTTGGTTTTCCAAATCGTTCCACTGTAGGGGCACGTTGCAACGTGCCCCTACAATCGGTATCAACAATTACCAAGATACCGTGCAAATGGTTGGGCATCAATACAAATTCATCAACAACGATATTGGGCCGGATAATGGAGGTTCGCAACCATTCATTTTTTACAATCACTCCCCATGCACTCAAAAGCATTTCACCATTAACAATGCTTCCAAACAAACACTCACGATTCTTTGTGCAGATGGTGATAAAATAGGCGCCTGCTTGAGAATAATCGTAATCTTTCAATCGGATAGAACGGCGGTGGTGAATATCAGGATGGTATCTCATCTTTCCATTCCCTTGTTGGGGTGGGGTAATTCCTGGATTGCCTCGACGATGAGTTTACTCGGTTTCAATTTCTCCTTTGTGTTTCTTTCAGTATTTCTTCTATTCCTTGCAAAGTCTCCATGCTGACACCTCCACCAGCGGGAACTCGGAAAAAGATACTCCTATACCTATTCCAACATGTCTTTCGGTGTGCCAGC
NZ_CP121689.1_gap60	1823533	1824933	1400	ACCCCAAAAAGGTCCCTGGATCTGAAAATCAGAGTAGCCAGAAACATTGCCACAACTAAAAGCAAAATATAGAGAAGACGCCAGGGGACTCCGCGCGAAAGCAGAAAACCGGTGAGAAAGGGCCCTGCGCTTGCGCCTACTCCAAAGAAAACCTGGCTCAGGTTGAGTGCATACCCCTCGTCACCCGGAAAGAAGCGCGAAATCACTGTAGTCAAAGGAGCCTCAAGCAAACCCCCTCCAGCGCCAAGCAAAAGCATTCCCAACGCAAGATAGAGAAAGGAGACAGCCACTCCCAACATGGCAAAACCAGCAATCAGGAAGAGATAGCAAACAAAAAGCACCCACCCTCCACCGAAAAACTGAGCCGACCAACCACTCAGGAAGGTTAAAATTACATAGCTCAGATAATACATGAAAAACAGCCTTCCCCCAAGAGTGGCTGATAGCTTAAACTCTTGAAGCCAGACCGGTAAAACAGCACCATGCATAATCATCGATATGGCCAGGAATAAAAAGGAAACCCCTGCCAGAACAAAGAGCTTGGTCTTACTTTCCATAAAAGTTTGCTATAGCCTCCTTCCAATACTCAACACTTTGCTTCATACTGGGAATGACGCTTTCCTCGCTGAGTGCATGAGCCGAGTAGAAAAACTCGAAAACCAGGATGGTCTTTTTGGCACCAGATTTTTCAATGGCTTCCAGGACTTTCTCGGGAACAATGACTCCCTGTGCATTATATTCTTCAGTAAAAGGCCAGTGACGACTACCCTTGCGGTCCGTCTGCTGAATATGAATGGAAGGAGAAAGATGTGCCAGCTCTCGCAACCAAGCATAGGCGTCCAGATCCCGAGGGTCTGAAGAACGTAGATAGCCATGTCCTACATCCAAGCAAAGCAAAACCGGAAGATACGACTTCTTGTTCACAAGGTCCAGCATCCGCTTGGTTTCATCAATAGTGCAAGGAAGCTCTCGAGGTAAAGACATGGGTTCCCAGAGAAAATATTTTTGACCGCTCTGGCGGGCCACAAAGGTCAAATAGACAATTTCCTCAAGCAAAACTTCAATCAAGAAACCCTTGCGCTGAGGGTCGCGCTCATCAAGCTGACTGAGACTACCCACGTAAATGCCGGAAGCCTCGGCACCAAGGAGCGTACCCATGCGTACCAGCTTTTCGTACCAGCGAAGGTAACACCTGCGCATGCCCGGGTCTGGCTGTAAAAGAAGATTAAATTTATGAGCAGCCTCTCCAGTAGAAACAGTGTCGATGGAGACTCCCTTTGCCTGAGCTAACTCCCGGATGTAGGCACACTTCTCTTTTATTATCTCGTCATCAATGATTACTGGATCCAGTAAATCTACCGAAAACTGCACATGCTCAAGACCCAGTTCATCCTTAACCA
NZ_CP121689.1_gap61	1830765	1832528	1763	TGACAAACTTAAGGTTCTTCACTTTGGCATTTTTCACAGAAAGAGCAACCTGCTTTAAGGTTCTTCCCCAGGCAATGCCCACCAGGTCACCATCACGGAGCACCCGCTCCAAGTACCAAGCTCCCGCCTTACCCAGAACTTCAAAGACGTCATTTTGAGGAAGACAGGGAACCACCATTGCATCCTGCAAAGAGAAGCGCTTGCATATTTCCCTTTCCACACGCAAACAATTCCCAAAAGGAGATTCGATGGCAAAGCGCACAATGCCTATCTTCTGGGCTTTGTCGAGCAAGCGAGCAACCTTGGGCTGGGAAAGGCTTAGCTGTTGAGCAATCTCACGTTGAGTAAGGCCTTCCATATAATGCAACCAGGCCACTCGGGTAATCAATTCCACTTCTTCCAAAGAAAGCTCGCTGATTTTCATTGGAATGAATATTCAAAAAATGAATTTTAATTCAATTATACCACGTTAAGAGAATTCGTCCAGGTTCTCCTAATGACAAATTATTTATAGCCTGAATTAGTATTCCAATAACCCGAACTCAGGCAGAGGCAATTCGAACTCCCTCAAAAAGTAGCGTTGACTACCCAGGCAGTATAAAAAGTTGGGTCACGTTGATAACTTTCAGGTGAGCGAAGAAGTAGCACAGGTTAAAACCATCACTCTTTTGCTTCCCGCTTTCAAAAGAGTTCTCGCCAGGCTCTCCACCGTGGCTCCTGATGTAAACACATCATCGACAATCAAAATCTCCTTATCAACCAGGTCGTGGGGACGCACCACGCAAAAGGCGTTCTTGAGATTTTTCTCCCGCTCTTTGTGGGAAAGGCCAACCTGAGGCAGGGTAGATTTCACTCGCCGCACGCCAGAGAGAACTGGTAGGTTAAACCCCTCTGCCACGTAGCGAGCAAGCAACAGAGACTGATTAAAGCCTCGCTCTCGTAAACGGCTTCTGTGCAGTGGAACAGCCACGATTCCATCTACTTTCCGTAAAAAAGGGTTGCGCTCGAGATATTCCAGCATAAGGTTTCCCAGAAAAGGAAGCAGGGTGGTAATGCCTCGATACTTAAAAGCGTGAATGCACTCTTTGAGAGGAGTTTCGTATAGGGCCACCGAACGGGCGCAGGCAAAAGAAAAACTTTTATGGCGGCAGTACCGGCATATTCGACTCTGGGTGCTATCCAGGGGTCGCCCGCAAACACTGCATATGGAATCCCCAAGCAACTTAACTCTCTCTAAACAGGAATTACAGAGTGGGAATCCTCCTTCGGGAACATAATGCCCGCAGACCACGCAGTGCTGTGGAAACAGAAAATCGAGCAAACCTTCCCAAAGAGAGCTTTTTCGGTGTCTCCAGGTTACAAAATCAATGCGCTTTATGTTTGACTCCTCCAAAACGGTCAGTCACACTGAGTTCTCTGGCAAAAAGAACAGAAAAAAGTGCTTCGGGATTGGATTTTCTCCCGTTTTATTTCCCGACCACAAACAGGACAGTTGGCCTTCCCGTAAACCAGTAGAAACTCCTGAAATCCACCCTCTTCACCCTCACCATGGCTGAAATCCCGAATGGTGGTACCCTGAAGTGCTATAGCCTTTTTTAGAACCTCAAGGATGGTTACAAAAAGTCTTTCTTTTTGACTTGTAGAAAGCGTCGACACCGGAGTTCGAGGGTGAATCCCGGACCGAAAAAGAATCTCGTTCACATATATATTGCCCAGACCCGCCACATAATGCTGGTCCATAAGAAAACTTTTGACCTGAGTCT
NZ_CP121689.1_gap62	1834623	1835529	906	CGGCTGGACCTGGTCATGAAGGGCAAAGAAATCCCCGACCTGGCTGGAATTATTTGTTTCTCAGACCCGGTGGAACGAGGTGTTCAAATTGAAGTGCGTTACAAAGATTCCAAGGGGATAGGCATATCCGAATTCCCTGGTATGCCCATAAATCTTGAGGTTAAGCTGTATGTGCGAGAAGGCGATGAAGATAACTACAGCCGGGGAAGACTTATTTACGAAGGCCCAGTTGAGCTTTTCTGGGATTCTAAAGCATATTTGGCTAAAAACAAAGGTATTATCCCCTGGGACAAACTATCCATCGACCCTGAAAAGGAAAAATACGGCATCATGGAGCTGGTTCTTCATACACCCCAGGGAGATTTTGAAGACGTCATCGAAGACGTGCAGCTCTTTAGGGAGGAGGAATAAATAATGTCTCGAAGGGGAAAAGTGGTAAGAGTCCTTTTCAAAAGAGACCTTTTGTATACTCTCTATAGCTTCGGCTACTATGCAATGCTCTTTGTCTCCTTCTTTGCTTCTTCGTTCATTCTCAAAAATTTCTTGACCAGCATCAACGAAGAAGACATACTGGTTTCTGCTTACCCTCTTAACTATCCTCTCTACATCACCATAATCATTATTTCTCTGTACCTGGTCATCGTATCGGCTATTTCCATTTCCAGAGAAAGAGAACAGGGAACACTTGAGGTGCTTTTTTACGGACCGGTTACTGCAGGAAGCTTTCTGGCCAGTAAATTTCTGAAAGACCTGTTCCTGGGAATCATTTCACTGGGTTTTACCGCCTGTTACTTCTATCTGGTCAGTGCTTTCACCAACCTGGGTTTTACCACAGGGCTCATTAAAGCCCTGATTATGGGCATATTTCTCATTGCCTGTGTAGTAAGTTTTGGCCTGTTTATCTCC
NZ_CP121689.1_gap63	1849591	1852592	3001	AGCCCATTCCCCAACTTTCACTCTCAAGCCTGGCTTAGTAGCTACTCCTACCCCCTCACCCCCACGAATAAATATACTCTGCTTACCTTTACGCAACCACACCCGTGCCCCAATTTCGATACCGTTTGTAACATCGGGGTCATCACCCGCGTTTTTCACAGCTAAGGCTTCAGCGTAATCTCCTTTTAGGCACACCGTTGCCGCAACCTCCCTCTCCTGACCACACGGCAACCACACTTTCACTTTTTCCCGTCGCTCACCAAGCAAAAAAAGCGCTGCAGCCTTAGCACAGGCGGCAGCATAAGTGCCTGTGCTCAGCCCTTTGCGCAACTCTTTTCTCTCTGCAAACAACCTTTCTGAAGGTTCAGTCACTTCCATCATCCCCAAAAATCCTGGCTAACATGGCGTTTACAATACTTGCTGCTATTGGACTCCCTCCCCGAGGGCCACGTAAAACCACCGCAGGTACTTCGAGCGAAAGCAGCTCCTCTTTGGCCTGAGCAGCCATTATCAGACCAACCGGACATCCTATCACCCAATCCACCGGATAACCTGCCTTGATTCTATCAACCAAGCGCAACAAGCCTGTAGGAGAGTTACCAAAAACGAACCCCCGTATTCCCTTAGCTATAGCAAGCTCCACCGCTGCTTCTGAACGCGTAGAACCAGCCCTATCTGCGAGTTGCCGACATTCCAGGCTATGTACTGCTTCCCAGAGAATCATACCACTTCGCTTGATGAGAGAGGGCGAGATACCATGACACACCATGGAAACATCACAAAAAACAGTATAACCTGGCTTTGCGACGGCTTCCCGGAACTTTTCTATAAAACCCGGCTTAACTACCAAAAGAGAAGCCAAGGAAAAATCTGCACTGGCATGCACCACTCTTTCGATAATAAAACGTCCGTACTCAGGAAGAGCGTAACAATCGAGTAATTTGTTTATTAAAGCAAAGCTTTTCTTTTCAATCTCTTTACCTTTCAAAGAAAAAACCTCTCCTTCCCTTTTCCCGGGCTCTTTCAAGTATCTTAACCAACTCCTCTCCGGTAAGCGGCCTGTAAGGCTCAAAATGTTTTCCGGAAATCAATCCATCAAAAATTCCTGAAGCGACAGTAACTAACACTGCAGTTTGATCGGCACGGCTCAGAGAATTTATATCCACCAAAACGGGAAAGTCCCCGTTTTCTACCTCAAAGTCAAGAAGAATGTAAAGCCACCGGGCAAGTTCCACCCTGGTAAGTGGTTGGTCGGGATGAAAGAAAAACTTTCCTTCCTTTTGTTCGGGAACCGCTGCTCCAGTATGGATGAGGGTCTCTACGTATCTACTGAAGGAATCGCTCCAGGAAAGATCTTCACATTTACCGGCAACATATCCCTCAGTTTTAAAATCCTTCTTGGTGGGCACATACAAAGGTATTCCCAAGCCCCAAACTACGGCTTGAGCAGCTACTGCTCGGGAAATCGCTTCAGGAAAAGCAAATTCCTTCAGATCTTCAAAAATCTCGGGATAAAGCATGCGGGCCAGTTCCTCAAGTCCCCAAGAAAGACGAGGACCAGGTCTGCTGACAATGGCCTCGTCTACTACATAAACCCTACCTTCTTTGACAGCACGAAGAGAGCGCAACTCTGGACGCTCAAGAATACTCTTTCTGGTTACCCGATTCATGACCCCACGCTGGGCAATATAAACGTCGATTTCGTCAGCCAGACTGAGAAGACGCTCAATACCAAAAGCAGCAATGCGAGAACCTGATCTAACCGGTCGTGCAGAAGAAGCAACGTTAATACCACCAGCCAAAGCAATCAACTCATCAACCAATGTCCCTGGGGTAACCGTTTTATAGTCTTTAGCCACACTCTCGAAAAACACCTTCTTCCTTTGCTCTGGAGGGATATTGCTAATCTTGGCGACAATTTTCGTTATTTCCTGATGAAAACTCTCGGAAAGCTCCCTGGCCTGTCCGCTTAAACCGGTAATTGCTCCGAGCGCGGCAAAGTAATCATCAAGATCGGCAAGGTGTTCGGGATTTAAATCGATGACCGGAATACCCACCCCCTCTAACGCCTCTACAAAGCGAGGATAGTTGGTTACAACGTAATCCCGCACCAAAACCGCATCAGGTTTTAGCGCTATGGCTTTTTCTGGATCCGAGCGATAATCAACGATTTTCTTGAGAGCCACTTCAGGAGGAAAGTCACAGGAAGTAGAAACCGCTATCAGGTTCTCTTGGGCACCCAGAAAATAAAGGCTCTCGGTATGAGCAGTATAGAGCGAAATTATACGATGCGCCGGTTCCTCCAAAACAACCTCTTTCCCCCGGAAATCACGAATGGATACTTCGGCCCAGGTTCCCTGGCAAATACAAAACACGACAACCCAGAAAACAGAAATCAACAAAACAACCTTTTTCAGACGCATCAACCACACCCCCTTATTCCACTCTGTATAAAAGATATAGTTCCCCTTCAGGGCTCTCGTAAGGTACCACCTCGATACCAAAAATCCGCTGAATGTTTTGAGGACTCAGAGCTTCTCTTTTATCCTCCCAGAGTTCCACCTGCCCCCCTTTTACAAAGATGATCTGATCGGCAAAAAGCGAAGCAAGATTTAGATCATGAAAAGCTGCTACTACCAGTTTTCCCCCTTGAGCCAGAAGCCGAGCTTTCTTCAAAAAATTGAGTGTAGAAGCAACATCGATGTTGGAAACCGGCTCATCCAGAAGAAGAACCGGTGTTTCTCTCACCAAAGCTCTCACAAAGGCCACCTTCTGAGACTCTCCGCCGCTCAGAGCAGTCACCGGAGAATCTGCAAGATGGAGAATGCCCCCTTCATCAAGGTAATGTTTGGTCAAACGATGATCTTCCTCAGAGTAGGCCCACCTTCCCGAGGAAAAGGGAAACCTACCAGTAAGAACTGTGTAATAAACCGTGTAAGGAAAACGTACAAAAAAATCTTGAGGAACCAGAGCCACATGGCGAGCCACTTCTCGTAAAGAT
NZ_CP121689.1_gap64	1892422	1896208	3786	GGGAAGACCAGTCTCCAGAGCAGCTTTTTGTGTAATCTGGCCAGTTATTGTCGTTGACTCAACGGCCTGAGGGAGAAGGCTTTCATCGATGGAGAAGATGCTCAAAATTTCCTTTGACCAACAGCGATTCTGAACGTCAAAAAGGAGGGTGCCCGAAGCATCTGAAACATCCGTAGCATATACCCCCGTGAGCTTAAAACGCAAAAAATCCTTGGGGAGGAGAAATTTACTGGTATGCTTGAGATTTTCAGGCTCGTGCTTGCGCAGCCATAAAATCTTAGGAAGCCAGTAGCCGGGAAGAGGTGTATTTGCTGTCATCCTCACAACCCTCTCCAAGCCCAGTTTACTTTTAATCTCCTCATTCTCCCGGTGACTGCGCTGATCACACCAGATAAGACAAGGGCGAACTGGGCTACCTCCCTTATCCATGAGCACCAGACCCAGCATCTGCCCGGAAAGACCTACGGCCTGGATTTCCCTGAGATTGCCGAGCTTCTGCGCGAGTTTGTGTATCAAGCCCACAAAACCCTGCCACCAATCTTGAGGATTCTGTTCGGCGCTGAAGGAGTCCGGATAGGAAACTTCAAGAGGAACACTATCGTTGATTATGTTTTTCTCCTTTAAATCCAGAACGGAGGCTTTTATTGAAGAGGTGCCAAGGTCCACTCCCAAAATATACCGTCCAGACACCATTTTCGCTCCTTCCAATCAGTAGTAAAGTACTCCTCCGTCCACATTAATGGCTTGACCAACGATAAACTCGGACTCATCAGTACACAGAAATACCGTGAGCCCCACCATATCCTCGGGAACACTCACTCTGCCTTTGGGCGTTCTCTCTATAAACTTTTTTCTCTTTTCAGGGTCAGCAAGATTTACCTTGCCCATTTCAGTATCCACAAAACCAGGACAAATAGAGTTAACGTTTATCCCGTACTGGGCAACTTCTTTGGAAAAAGCGCGGCTGAAGTTCATAACTGCAGCCTTGGTTGCCGCATAAGCAGCCTGATAGCGATCTCCATCTTTAGCACCTATGGAAGCCACGTTGACAATTTTCCCATAGCGCTGGTCAATCATCACTTTACCTATGACCTTGCACATTAGAAAAACGCTTTTTGCGTTAACAGCAAAAATGCGGTCCCAGTCCTCCTCGCGGTAATCAACCACCAGACCAGAAATCATGATTCCAGCATTATTGACTAAAATATCGATTCTCCCAAACTCTTCCAGCGCAGTATCTCTGAGTTTATACGCAGTCTCTATCTTGCTCACATCGCCCTGAACAAATATCGCCTTTCTTCCCAAATCCTGAATTTCCTGGGCAGTTTGCTGTCCAGTTTGTTCGTTAACATCGTTGACGATTACCGAACAACCTTCTTTCGCCAAACCAAGAGCAATCGCTTTTCCAATCCCCTGACCCGCACCAGTAACAATAGCCACTTTGTCTTTAAGGCGCATAAAAGATCCCCCCTACTGTATGGTGTAGCCACCGTCTACAACCAAGGTGGTACCGGTAATCATGTCGGAAGCATTGCTTGCCAAAAACAGGGCTGCAGCAGCGATTTCTTCGGGAAGAGCAAACCTGCGTAAAGGTATCTTCTGCTTCATAGCCTCTCCAACTTCTCCCGCCCAAGCTTTCTTGCCCAACTCGGTAAGCACCACGGTGGGAGCAATGGCATTCACGTTAATACCAAATTCGCCCCACTCAAGCGCCAGCACTTTGGTCATAGCAATTAAACCAGCCTTGCTTGTGCAATACGCAACATGCCTATCAAGAGCAACGATGCCCGCCTGGGAAGCGATGTTGATGATCTTGCCGCTTTTTCTTTTGATCATTTCTCTTCCCACAAGTTGAGAGAGCAAAAACGGAGCCTTAAGATTGATATCCATTGTCTTATCCCAGGCTTCTTCAGAAAGATTTTCAGCATCATCGAGAATGGCTACTCCAGCGTTATTCACCAGGATGTCTATTTTTGAAAAAACATCCATTGCTTTCTCTACCACTCCAGGAAGCGAGGAAAAATCGGTGAGGTCAGCTACAATAGGAAGCGCTCTCTTGCCCAGTTTTGCGACTTCTTCGGCCAAATTTTTTACTCCTTCTTTAAGGTCAACAAGAACAAGGTCTGCACCTTTACTTGCAAAAAGCAAGGCAATGGCTTTGCCAATACCCTGGGCTGCTCCAGTAACCAATGCGGTTTTATCTGTGAGGTCAAACTCTGCAAATTGAAAACTCATTCATCCACCCCCTCCTTAGAGTTTATCATACAAATGTTAGTTATCATTTGGTAAAGTAACAGAAAACTATTACTTTGTCAAGCCCCCGAGTTGAATCATCTAAAATCTTGATGAACTCCTATCGTTGCCTCAACTAAAAATCTTGATATAAACTATTCTACCTCCAGGTGATTTTTTTAAAACAGGAGGTAACGAAATGGAGCTCACCATGAATACCAGAAGGGAAATCATTAAGAAAATGGCACCCGAGTATCAAAAAGCCACTAAGAAAGAAAAAAGAAAGATCTTGGATGAACTCGTCCATCTCACTGGATACACCCGGACGTATGCCTCCTGGCTCCTTTCTCATCATAGACGGAAAGTCTATCTCACCGGACGAAACGGCAAAAAGTATCGAGTCATTGGATCCATCACCAAGGTAAAAAGGAACCGAAAAAAGATCTATGATGAGGAAGTCCTTTCTTCTTTAAAAAAGATCTGGCTCATCTTTGATTGCCCCTGTGGGAAAAGACTCGCTCCCTCACTTCCTTGGATGATCAAAAAACTGGAAAAGCATGAGGAACTGGTTCTTTCCCAAGAGGTCAAAGCCAAACTTCTTTCTATTTCTCCAGCGACCGTCGATCGGCTTCTCCAAAAGGAAAAACGAAAGCTCACCTTCACCTTTCGGTCCTACACCAAGCCCGGAACGCTTCTCAAACACCAGATTCCAGTTCGAACTTTTGCTGATTGGGATGAGAAAAGACCGGGATTCTGTGAAATGGATCTGGTTGCCCACGATGGCGGAAACCCCAGTGGGGATTTCTGCCAAACTCTTGATGTAACCAATGTCAATTGTTCGAGATGGTTACCTTGAAAAATGATTCCATTCCTCACCCTAAGGAGGTGAATTTGGTATAGAATTTTAAATGAGGCAACGAATCCATTTCATCAAGATTTTTAGGTGAGGCATCACTGCAGCATCTTCAAAAGAGCACAAACAAGGCTAAAACTTCACTCAAAAACCCAGAAAGCGAAAGAAAAGATTACCCCGAAAACGGCAAAACTCTCGAAATTAGTATTTTCCGGGTAATCACACCCACTCAACCCAGAAAAACAACTAAAAACAGCATATTAACTCTATTTTGGAAAGAATTTGTTTCTGAAGTCTTTCAGGCGGGAACGAAACATCTGATACTCCCGGACGGCTTCCTCCTGAGCTATTTTTCTTGTTTCATCAATTTCATCCAGGTTTTCAAAAAGTAAAGAAATTAAGCTCTCATCGAGGTTCCCCTCAGAAGCCAACCTGCCAAGAATTTCTTTCACTTCAGCCCTGCTAAGCCCTTTCCGATAAGGGCGATCTTCACAAAGAGCCACAAAAACATCAGCCACTGCCACAATACGAGATTCTAAAGAAATTTCTTCACCCTTTAAACCAAAAGGATACCCCCCACCGTTAAGACGCTCGTGGTGTTCAGCTGCCCACCGAGCGGGTACACGCAAAGAGGGTACGGAAGCAAGTGCTCGATAAGTATAGTAGGGGTGAGACCTCACAATGTTATGTTCTTTCTGAGT
NZ_CP121689.1_gap65	1908338	1909237	899	AAGCGAAAACACCTCTCCGGTATCGATACGGCGGGCTTCCACTTCTTTCTTTTTGCGGTCTATGCGCAACGCTTCGGTACGATTGTAGACTTTCACGCCTTTCATCTTTTCAAAATACTCGGGATCCCGCATCACCCCAACCGGGGTTTCCATTAACTCTTTCTGCTCTTTGATATCACCGCCGATGTAATAGGGAAGTCCACAACCCGCATAAGAGAGGAACTTCCCCTTTTCCAGAATGACCACCTCAGCCTCCGGGTCCAGTCGCTTCAGTTTTGCAGCAACTTTGGGGCCAGCCGCCACGCCACCTATAATGACCACTTTCTTCGACATATGCTTCACTCCTTTCTATCCACGCAGTTTTCTGACTTCGTTGTATATGCTACCCAAGCAAAAAAGCGCTGCCCCCCCAACAAACGTGCCAAAACCAGCCAAAACAGCTCCTGCTACCCCTCCCATCCACATCCAGGGTCTCATCTCCTGCATGGGAGGAAACTCCTCTCCCTCAAAAGGAGCAAACTCCGAAGAAGATTGGAAAAAATGCATAAAACTTCCCAGTCCCAGTACCGAAAAAACCGCCACTGCAATTCCAAAAATCATGACAATGATACCCACGATTCTCAAAAAAGTACCCATCTTTACCCTCCCCAAGAATTAGGAATTCTTTTTCAAAGCCTCTTCTTTGATCAAGATGATTTCTTGATCGCTGATTTCCCGACCAAAACTACGCAGCCCTGAAACTTTAAAACCATGTTTTTCAGCAAGACGGGTAATTTCTTTTACCTTCTCGACCTCCACCTCCTTACCCAGCGTGTAATCTTCAAAACGTCCCTCCAGGGTTAAAATCATGGTTTCCGCCATGCAGGCATAGGCTTTACCAGGTGGATAACCAAAATCCA
NZ_CP121689.1_gap66	2013466	2016445	2979	CGGATAAGCTGGTGGTGCTTTTCTCGGGTGATGGAAGCATTATGATGAAAATTCAGGAGCTGGTTACCGCCTGCAACTACTGCCTGCCCATTAAAATATTTGTGCTGAACAATTCCTACTTAGGGATGGTGCGTCAATGGCAGGGATGTTTCTATAAAGGGCGCTACTCTTGCACCCAGCTTAAAAATCCGGACCTGGCTCAGCTTGCCCGCGCTTTCGGAGCGGAAGGCATAAGTGTGAAAAACGAAGCAGAACTTGAGGAAGCCATTAACAAAGCACTGAGCATTGAAGATCGTCCGGTGCTCGTTGACTGCCACATTGAAGAGGAAGAAAACGTTTATCCCTTTGTTCCCCCAGGCAAGTCTCTGGATGAGATGATCCTCTGGGAACCAGGAAAGGAGGGTTGATTGTGCAGCACGTCATATCGGTTCTGGTAGAAAACAAACCCCGGGTGTTGGCACGCATTGCTTCTCTTTTTGCCCGGCGAGGCTACAACATAGAAAGCCTGGCAGTTGGACCCACCCAGGATCCTACCATATCGCGCATCACCCTGGTTGTTGAAGGCGATGAAGACATCCTGGAACAAATAACCAAGCAGCTTCACAAACTTATCGACACCATCAAGGTGGGTGACTTCACCAACACCAGCTTTGTGGACCGTGAGCTGGCGCTTATCAAAGTGAATGCGCCTTCTGCTCTGCGGGGGGAAATCGTGCAGACTGCCGAAATTTTCCGTGCCCGGGTCGTGGACGTGGCTGAAAAGAGTCTGATGATTGAGGTTACCGGGACTCCGGACAAAATAGACGCCCTGGAGCAGCTCCTCAAAAAGTACGGTATTATCGAAATGGTAAGAACGGGCAGGATCGCTCTTGCCCGAGGATATCAATCTCTTTAAAGGAGGTTTAAAGCATGGCTCAAATATACTATGATCAAGATGCAAATCTTGAGGTCCTGAAAGGAAAGAAAATTGCCATCATCGGCTTTGGAAGCCAGGGAAGTGCTCAAGCCCAGAACCTGAGAGATAGTGGCCTTGAGGTGATTGTGGCTGAACTTCCTGGAACTCCTGGCTATGAGAAAGCCAAAAAAGCTGGCTTTGAACCCGTATCCGCTGAAGAAGCCGCACAAAGCGCAGAACTCATTCAGATGCTGGCTCCCGACCAATACCAGCCAGCCATCTACAAAGAATCCATCGCCAAACACCTTACAGCTGGAAAAGCTCTGATGTTTTCTCACGGTTTCAACATCCACTACAAGCAAATTGTGCCCCCTCAGGACGTGGATGTCATCATGGTGGCCCCCAAAGCTCCTGGAGACCTGGTGCGCAGGATGTATCAGGAAGGAAAAGGTGTACCCTCACTCATCGCTGTATACCAGGATGCAACCGGTAAAGCCAAAGACCTGGCCCTGGCTTATGCCAAAGGTATCGGTTCTACCCGCTGCGGCGTGATTGAAACCACTTTTGCTGAGGAAACCGAAACCGACCTTTTTGGCGAACAGGCTGTGCTCTGCGGAGGTTTGACTGCCCTCATCAAAGCCGGGTTTGAAACCCTGGTGGAAGCTGGCTATCAGCCTGAAGTGGCTTACTTTGAGTGCCTGCACGAGATGAAGCTCATTGTAGACCTGGTGTATGAAGGTGGCATAGCCCACATGCGCAGCGTAATCAGCGACACTGCAGAGTATGGTGACCTTACCCGAGGACCACGCATCATAAACTGTGCAGTGCGAGAGGAAATGGAACGCATCCTGGAAGAAATTCAGGACGGAAGCTTTGCCCGGGAGTGGATCCTGGAAAACCAGGCCAATCGGCCAGTTTACCACGCCCTACGCGAAAAAGATAAGCAGCATCTCATCGAAAAAGTCGGCGAAAAACTGCGCGGGATGATGCCCTGGCTCTCTAAATAACGGGGGTGAGCATCTTGAAAAAAATTCTGGTCTTTGACACCACCCTGAGAGACGGAGAGCAATCTCCGGGGGTGGCTCTGAATGTCCACGAGAAACTGGAGATAGCCCGCCAGCTCGCCCGCCTAAATGTGGACATAATCGAAGCCGGCTTCCCCATCGCCTCACCTGGTGATGCTGAAGCCGTTAAAGCTGTAGCCCGGGAAATAAAGGGTCCGGCCATCTGTGCCCTGGCCCGGGCCAAAGAAAAAGATATTGAAGTAGCCTGGGAGTCTATTCGTTACGCGGAAACACCTATCATCCACACTTTCATAGCCACTTCCGATATTCATCTCAAGCACAAACTGCGTCTCAGCCGGGAACAGGCTCTGGAGCAAGCAGTATGGGCAGTTAAGAAAGCAAAGAGTTTCACTCCTTATGTGGAGTTTTCAGCCGAAGACGCTACTCGCTCCAGCTGGGAATATTTGGCTCAGGTTTATTCTGCGGTGATTGAAGCAGGAGCAACTACCATAAACATTCCCGATACCGTGGGCTATATCACACCTCTTGAAATGAAAGAGCTCATCGAATATCTCTTGAAAAACGTAAAGGGCATAGAAAAAACAACCATTTCAGTTCACTGCCACAACGACCTGGGGCTGGCAGTTGCCAACTCCCTCCTGGCTATCCAGGGTGGAGCTACTCAGGTGGAGTGCACCATAAACGGCATCGGAGAGCGAGCCGGAAACGCTGCACTGGAAGAAATAGTCATGGCCCTGCATGTGCGTGGCGAGTTCTTCCAGGCTCAAACCGATATCAACTATCAGGAAATTTACCGCACCAGCCGCCTGGTCAGCCAACTTACGGGGATGCTGGTTCAGCCCAACAAGGCAGTGGTGGGCGACAACGCCTTTGCGCATGAATCTGGCATTCATCAGGATGGAGTGCTCAAGGAACGGCTTACCTACGAAATAATGGATGCTCGGCTCATTGGACGCCAGGAAAAGGTGCTGGTTCTGGGTAAACACTCCGGCCGGCATGCTTTTGCCAAAAAGCTTGAAGAACTGGGCTACCACTTGAGTGAAGAAGAGCTTAACAAAG
NZ_CP121689.1_gap67	2029602	2034133	4531	GCAACTAAGGAAAAAATCAACCACAAATGGCGGAAGCGGGATGACCATCATCAAAATAATCAGTATAAAAACGAAGGCGAAAATGAAATCGCTGTATTTTTTACCACTTTCCAGAGTCCTGACCAGAGTCTTCACGCTGTCCATATTTTCACCTCAAACCCTGCTCTTTTTAAGCCTGTAAACAAAGGCCAGGATTTCGGCAACCGCTCGATAGAGAAAACCCGGTATTTCCTGCCCGACCTTGCAGGATTTATAAAGGTCCCAGGCCACCTTTTTGTTTTCGACAATGGGCACTTCATGCTCCCTGGCAATTTGCTTGATGCGTTGGGCCAGAAAATTCTTGCCCTTGGCCACCAAAACCGGCGCTCTCATCACGCCACGCTCGTAACGCAGTGCACAAGCCACATGGGTGGGGTTGGTAACCACTACCTGTGCTTTGGGCACTTCCTGCATCATGCGCAGACGAGCTATCTCTCGCTGCTTGGAGCGTATTCGGGAACGCACCAGGGGATCACCCTCGGTTTTTTTGAGTTCTTCTTTGAGTTCCTCTTTGGTCATCCGGATATTGCGCTCATACTCAAAGCGCTGGTAGAAAAAATCGAAGAAACCGATACCTAAAAATAAAGCCCCCAGAGAAAAACCCAGCTTCTTCGCCACGCCACCAACCAGGAAAAGAGCGGAGCGGAGTTCCATAAAGGAGAGCGTAGAAAGCCCAGGTAGTACTGATTTGAGAATGAGATAAGCAAGTGCTATGCCAAGCAGCACCTTCAAGCTCACTTTCAAAAACTCCATAAAAGTGCGTAGCGAAAAAAGCCTTTCCACACCCTTCAAAGGATTAACATATTGAAATTGGGGTTTTAACTTCTCAAAGGAAACCACAAAACCAGTCTGCAAAAAACCCAGGAAAAGGCCCATTCCTGCAGCAATCAGCACCACCGGCGCCACCATCCGGGCATAGAAAAGAAAAACGGTCTTAAAAAGGTCCAGAGTCCATTCCACGCCTCTTTCTTCAAGCCGGAAAGCACTCATCCAGAAAGTGCTGGTAAAGTCTTCCCACTGCTGCATCAGTGAAGTAACCAGAAAGCTCACCACAGAAAAGGTGGCCAAGAATCCAAAACCGGTGCTGAAATCTACGCTCCTTGGAACCTGCCCTTTTCTCCGCAGTTCCTCTCTGCGCCTTGGCGTTGGGGCTTCAGTTTTCTCCTGAGCCGGCATAAATCATCACCTGCAAATTGCAGATAAATTTAATTGCCAAATTTCAGCCTGCAGGAGACAGGAAACGCAGAAGCGCTCCTACAAAAAGCTCGGTAACTCGCCCCAAAACAGGTAAAAAGTAAGGCAAAGCAGAAAGGATAACCCAAATTCCTATTCCCAGATTAAGAGGTAAACCTACCACAAACACATTCATCTGGGGTATGGCCCGAGAAATGATTGCCAGGGTAAGATTGGTTAGAAAGAGAGCTGCCATAACTGGAGCCGCAATCTGTAGGGCTACTACCATGACCTCCTGAACCAGGTTAAGAAAAGGAGCAAGCAGGTGTTCTCCCAGCAAGAAACTCCCCGGAGGAAGAAAGCGGAAAGAGTGTACCAATGCCCGCAAAGCAAGGTGATGACCGTCAATGCCCAAGTAGTAAAGAGTGGCCAGCATCAGGTAAAACTGACCGACCACTGAAGCGCCCAGGTTGGAAAGAGGGTCAACTACATTAACGTAACTGAATCCCATCTCAAAATCGATTATCTCGCCGGCAATCTGAATACAAGCAAAAACAAAGGATACGATTAATCCCAGCACAAAGCCGGTGAGGCTCTCCGATAAAACAGCTGTCAAATAGCGAGCATCCAGGGCTGTCCAGCTCTGGGGAAAATCCACAAGAGGGAAAACCATGACCGCCACCAGGAAAGCAAGACCGATTTTGGCCAGCGGAGGAATAAAGCGAGAATTCAAAACTGGAGCCATCAAAAAAAGACCCAAAAAGCGCACCCAGACCAGGATAAACGGCAAGATATTGTTAGCCAGAACTTCCAAGATGTAGCTCATATCACCTGATAAAAGAAGGCAGATTCCAGAAAAGACCCGCCGCAAAATCCATGAAAACCCGCAACATCCAGGGGCCGAGCAAAGCCAGAATGAGAAACACCGCCAGGATTTTGGGTACGAAGGTGAGGGTCAGTTCATGGATCTGGGTAACCGCCTGGAAGATACTCACCAGAATACCCACAAGTAGTGCCACACCCAGTATGGGTAGGGCAACTTTCATGACCAGCAGTAAACTTTCCCTTCCGATTTCCAGTACCAAGCTTTCCAGCAACTGTTCTCACCTCAACTAACGGACTGAGAGCACCAGGCCCCGGGTTATCAATTCCCAGCCATCTACCAACACAAAAAGCAGTATCTTGAAAGGAAGAGAAATCATCACCGGTGGAAGCATCATCATCCCCATGGACATCAAAATGCTGGCCACCACCATGTCAATGAGCAGAAAAGGAACGTAGATGATAAACCCCAGCATGAAAGCAATTTTCAACTCACTCAAAACAAAGGCCGGAATGAGGACGTAAGTAGGCACCTCATCGCGGTTTCTGGGCCGGGGAATTTTAGCCAGAGAAACCATAAGTGCCAGATCTTTTTCCTGGGTTTGGCGGAACATGAAATCGCGCAGAATAGCTTCTCCCTTGTTGAGAGCCTCATTCTGGGTGATAGCACCATCCATAAAGGGCGTTAATACCTCCTGGTTGAGCTGAGAGAAAGTAGGCGCCATAACAAAGTAGGTTAAAAACAGGGCCAGTCCTATCAAAACCGGAGTGGGGGGTATCTGAGGAGAACCCAAGGCATTGCGTACAAAAGCCAGCACCACCACAATCCTGGTGAAAGAAGTGAGCAGAATCAAAATGGCTGGAGCCAGACTCAAAACAGTCAGAAAAATCAAAACCTGCAGAGTAAACACGAACTGTTCAGGTTGTTCGGCAGTTTGGGGTTCAATGGAAATGCGGGGGATAAAAAGGGGAGTCTCCTGAGCCAGGGCTGAACCAAAGGTAGCCAGCACCAAACCAAGCAGTACCACCCAGTAAAAGTATTTCCTGATTCTCAAAAAAGGTGACCAGCCCTTCATACTAATCGTTCTTCCTCCGCCCCAGAATGAGATCCAGATAGGAAGTGAAACCGGACGACGTGGGTTTTTGCTCCTCGAGCTCTTCCATCTGGAATTCCGCAACCTCCCGAACCGTGTTTCCGCTCTGAGCCAGCATGATTACCCGTTCTCCAACCCGAAAAAGGTACATCGAGAGTTTCTGGCTGACCGGAAAAAAATCCAGCAACACCATGTACCGAGAGGAGGCAAGACGGGGTTTTTCCCTTGCAAAACGCCTCAGAAAGTAGTAAAGACCCCATAAACACAGAATAACAAACAGGAAGGCCAGAGCTACCCTGAGCACATCGACCCCCCCTGAAAAGGAAGGAGGAGCAACCTCAGGAAGCTCGAGTTCATCCTGAGCAAAAGCTGCTCTTTCCAAAAGTAGGAACAAAAAAAACAACCAGGAAACCCGGAGTAACCTCACGATTACTGAGCCCTCGCTTCTTTTAATGATTTAATGCGCTCTTCAGGTTTTATAATCTCGGTAATCCGCACCCCAAAATTCTCTTCAATCACCACCACCTCACCACGGGCAAAAAGAACATCATTCACATAGAGATCTGCCGGCTCACCAGCCAGCTTATCAAGCTCAATGATGGAGCCAGGGCCTAAATCCAGAATCTCGCTTATAGCAAGGCGAGTCCTTCCCAGCTCTACAATCACGGGTAAGCTCACATCCATGAGTAATTCCAGGTTAATTTTTTCGGCCGCTTCTTCTCGTTTTTTAAATTCAGCAAATTCCACCTTTTTTGCTTCAACGGTAGGCTTACTCTTTTTCTCGGGAGGTTGCTCCTCTTCCCTCGCGCCAGTCTCCTCGGCACCACCACTTTCAAGTTCTGCTTTCTCCTCTTCCTCGCTCGTTTCTTCGGGTACCACAACTTCTTCCCCAGGAAGAAGTGAGCTAACAACTTCTTTGGCCAGACTCAAGGGAACCAGCTGTATCATGGAACTATCGATGACATCTTCCACCACCAAGCGAAAGGTGATGGCCACCAGGGATTCTTCACCCTGCTCCTCTACCCATCTCTTTTCCGCTTCAGAAACATTCTCAAAAACTACCTCCGGTGGAGAAATGCTTACTCGAAGGCCCAAAAAATCAGAAAGTGCTGTTGAAGCAGAACCCATCATCTGATTCATGGCCTCACCAAGTGCGCTGATTCCCAGCTCGTCAATCTCCTGAGGAAGATCGCTTTTCCCATCGCCACCCATCATGAGACTAACCATGGCTTTCGCATCTTCGTTTTTGATGAGCAAAATATTACTTCCTCGCAAACCCTCTGCATAGAGCACCTTTACCATAATATGTTCTTCCGGGAAAAAGGCATCCATTTCCTGCGAAGAAACTACTTCAACTCGAGGAACGGTTATCTCCACTCTTTTTCCCAAAAGACCACTCAAGG
NZ_CP121689.1_gap68	2038806	2041759	2953	CCCGACTGAGCGGTCCAGCCCCTTTAAATTCAATTTAAATAATTACTGCTGAATCAATGTTAGTAAATACTTTCTCCTGAGAAGCTTCCATACAGGTCAAAACCGTCTTCTCAGGCACTCTGACCACAAATCCCACACCGTCCACGATAACCAGCGAAGTCTGGCTGCCCTTGGCAGCGGCTCTGGAAATACCTTCCTGCAAGCGTTCTGTAGTTTTTCCATCCAGGCTTATCCCTCGCTCCTCTATGCGGCGGCGAGCATGCAGGGAAAAACGCACTTCTTCCTCTTGCAGGAATTTTTCAAAGCGAGAAGTGCCTTGCTGCAAGTTTCTGACACGGGAAAGTGGTGTCTTATTGGTGATATTTTCTGTCAACCAGCGGTCGTTGAAACCTATCTCTCGCACCACGTTACTCAAGAACCTCCCGGACCTCGGATAGCAAATACTCACTACCCCCTATACTAAGCGTCAGCGCATCCTCGCCCAGACTCACGCTTTCCACCACTCCCTCTTCGCCACCAACCAGCGACACTCTTTTCCCAACCAGGGCTGCTCCTTCAAGAAACAAGAGTTGCCGCAGTGAATTATTGGTATTCTGCACTTCCTCCAGAGTAGAATACTGAGCCAGCTGGGCACCGAACTCGCTTCCCTGCATGGGATCCAGGGGATTCTGATAGCGCAACTCACACACCAGAAGTTGCAAAAAATCGTGGTGGGTTAGCTCTCTTTTATCCTGATTTTCCTGGACCTTTCCACTCCCGGTATAATACGTAGCACTCTCCACCGGTAGTATCATTTAGCCACACCCCCTCAAACAACCAGGTTCAGCCTTCCCTCTGACCAGAACTGAACCGGAAAATCCCGCCGAGAAAGCTCCTCATCCAGGCTATACTGCCGGGGAAAACTTGCAAAATTATCAAACTCTTCCCTGCCATATGAGGAGTTGTTCTGCTGGCTAACAAAACTCTCCAGATTCATGCCCTGGCTTGCAGCCCGGGCCTCGAGTAGTGCCAGATTTTCTTCAAGAAGTGCTCTGGTTTCAGGATGTTCCACGTGCCAGATACAGCGAATTTTATCATCGTGTTCGGTGAGCAAAACCACGATTTTGCCCAATTCTTTGGGCTCAAGCTGAATGGTTACCTGTTTTTCTCCTTTCTCTGTGCTCAGCACTTGGAAAACCCGATCAAACAGCTTCTCAATATCGGCATCTGATTTCACGTGCACTTCAAGTACCTCTCCAGTAAAAGCTTCTCCAGATTTTGTGCTGTGAGCATCAAAGACGGTAAGGTTTTCTCCACTGATAGAGTCTTTCTTCTGGGTATTTACATCCGGTTTCTGATCCATGAATACCCCACTACGGTCCAAAGCTTCACGAGTAGTAGCAGCCTGGTTATTTTGGACACCAAACAGAGTTTTGCCTTCTGGAACCTGCTCAGAACCGGTGTTAGCCTCAGAAACAACGCTTTCTCCGGGATTTGTCTCGAAATTACCTTCACCTTCAATATGTGAAGGCTCGTTTTCCACCGATAAGGGTTGGGCCTCCTCTACAAGGAGAACAGCGTCTACCTCCGAGGGAGCTACACTTCCCGTGATAACCGCTTCTTCAACGTCTTCTTGAACAGCTACACTCTCTAACAGAGTATCCTGAACACAGGAACTGTCCAAACAGGCAGCACCGCAACCAGAAACTCCGCAATTGCCGGCATTGCTTGAAGCGCTTTCTCCACCAGCGAAACCGGCCACTGCTGCCAGAACCCTTCCCAACAGACGAGCAAGCGCTTCCTTGCTGCCCGATATCTGGAATTGAAATTCTCCACTCTCATTCCTTCCGCCACTCAATTCCACCTTGCCCAGCTCACCCATATCAACACTGAAGTTAAGACTTTGCACCTCATCAAGGAACTCTGAAACAGCATTTTCAAGGTCCAATGCCAGAAGAGGATCCAGTGCTGCAGCACCAAAAGCAGTACCTGGCAAGCTGCTCTGCGTGCCGGCGCAGGAGCTTTTTGGTAAAGGACAGTTGGTAATTGGGGTTACTGCCTCTACCAGGGCTCCTCCTGTGCTTTCAGTGCTACAACGCTTTGAACTCGAGATCTGGGTAGAGAAAATACTGCTCTGTTCTGCGGCAACACCTGACCCAGCCACAAGTTCGTTTATCATCGTTTCGAAATCCCCGGTCTCGAGCTTCTTCTCCTCAGTAACTTGTTCGGGCCATTCCCTTTTTTCGATGGCAACATTTTGCTCCGGCAAAAGAGCAAACAATCCCAGTTCCATCAGTTCACCTCCCTTCCATCATTTTGCGAATAAGTGTTGCACCCCGCTCTGGGGGAAAAATGCTCAAAATCTCAGCCACGTTCCTTTCTTTCATCACCGAAAATATCCGAATCACCTCCTCATCGGAAAGTTTTTCCAAAAGCCGGGCTGCTTCCTCCGGCTCCATAGCTGTGTAAATCTTAGCCAGGCGCCACAGGTTTTCCTGTTCGCTTTCACTCGAAGGGGTGGAATCCTCTACTCCGGTTTGCAAAGCACTTTCACTTGCTTGCGAAGCAGGAAGTGGCTCTTCCACCTCAGGCAGTACCGACTGCTTTTCTTCACCCTGACTCACTCTGGGAAGATCTGGACCGGGGTATATCTCTTCTTCCGGTGTTTCTTCAGAAACGAGAGGAGTTTCTTCCACTGCTTCGACCGGATTTCCTTCTCCAGACTTTACAGACATAACTGGCTTCAAAAAGGGCAAATTAATAATTCCTGCAAAATTGAGAAAGAAAACCAGGGTTACCATGAAAATCAAAAGAGGAAAAACAGTATCTACAAAACCTGCTTTCTTGCGGTTCTTTTTTGTTTTTTGAGACTGATTCCCCTTCTTCCCCTTAGAGCGAGCCACAGCATTTTTTTTCTGGGATCCTGCCTTCCGGGCCATCTTTTGCACTTCCTGCTGTGCAACAACCATCAGTA
NZ_CP121689.1_gap69	2213123	2214085	962	TCTATATTTACCTTAACGCCCGTAAGTTTTTCGTATTCTTCTGCGAGTTTCTGAGCTGCTACGCCCCAGCTCGCACCCAAAAATATACCATTTAAAACAACTTTTTCAGCCCACACCGAAAAAGTAAAAACCGTAATCACTAAAATCAACACACTGAACCCTAATAGACTTTTCATTTTCATGTGTTTTTCCTCCCTTTCCGTTTAGTTGTTTAAAGATCGTTTTTTGTACTTCTTACTGGTAGGATACACGCTTTTCAGAGAAAAACAGTTCTCTTTTGTTTGTCACCCCCCTTCAAAACTCAAAGCAAACATTTATTTGTAAAACAGCATCTTAATTAAGCTTAGCATTAACCATATTTTTATTGATTTGAAATTTCTACAATGTTTTCTCATTGAGAAAATGCACACAAAAATACAAAATTTATCAAAGAAGGGATTTCAAATACCTAATACTTTCCTTAGTATATTGATCATAAAATTCCTCTGCACCACCAGCTTTTAACACGCTGAATGGATCAGCTGCTGCCGGCAACAACTCCATGGAGAGGTATCCTGTATAACCAATATCTTTCAACGCTTCGATTATGGGTTTGAAATCAATATGCCCTCTCCCTGGAGCCGCTCTGTTACTGTCAGCAATATGAAGATAAAACAACTCTTTTCCAGCAAGCCGAATTGCATCAGGTATAGAACTCTCTTCGATGTTCATGTGAAAAGTGTCAAGCCAAACTCCAACATTAGGTCTGTTAATTCTGTGCACCAGATCCAGCACTTGTTCGCAACGATTAAGAAAATACGTTTCGTAGCGATTCCATGCCTCGATTGCTAATCGGACCCCTAGCTCCGCAGCGTAATCAGCTGCCTCCTGAATTGCTGGTACAACCCACTCTATTTCTTTGTTCCTCGGTGCTTCAGAAACGGTTTTCATACACGCAGAAGGCACAACGTCCACGACGACAC
NZ_CP121689.1_gap70	2223214	2223877	663	AGTCCCTGGTAGGTATAGCGGCATTCATCGGGCGTTCCCACCACATCCACCACTACCAGATTTCTTTCTGCGTCAAAGGCCAGCTCTATTTTCCCGTCTTCGTTGCGTAAACCCAGAGGTTCGATCTCTCGAGAAATAAGCTGGTTGACCCTGAGTACCAGTTCTTTTATCAACTCCAGTTCTTTCTGGTTTATGATCTGGTAGCTGAGAACTTCGCTCCAGCTCAAGTATCGGTCCTGTTCTTCGAGTTTGGTAGACACATCAAGCAGTGGTGGTTGAAGGGGTTCTTGAGGGTTGGGGAGTCTGGAAAGGCCAAAGTCGGAAAGGTTTATTTCCCCTTTTTCTACTCTTTTTCTGAAGCTCGAATTCTGGGGAAGAAAATTGCGGTATATAAATTCGAAGGGTATCAGGAAATTCCCAGCGACATTCTGGTAAATGGAGTAGTCATAGTCATTTCCAAGAAGTGGAGGCTGGATCACTTTAAACAATTGAACCTGCATGACTTTTGAGGGGTTCTCCAGTTCTGATAGTCTTTTGACTTTTCCGTTTTCTTCCAGACCCAGGTAGTGGGTTTTTATCCCCTGCTCTTCAAGCCTTTCGAAAAAATGGGCTCCTATGAGGCAGAGCGCTTCCCCCTTTCTGGGAATATGGTCGGGCATTTCT
NZ_CP121689.1_gap71	2226243	2229981	3738	TGCAAAAAACGAATTCCTGGTGGCTGAGTGAACAGGGTTCTTTTATGGGTGAATGGATGCGCCCCCTGCAAAGTTGCGCAGTGTACGTTCCTGGAGGGCGCTTTGCGTATCCGTCTTCTTTGATAATGGGAGTGGTACCTGCTCAAGAAGCGGGGGTCAAAAACATAATGGTGTTTACGCCTCCCGACCGGGAAGGAAACGTATCGCCTGAGATAATGGCGACCTGCTTTTACCTCGGGATAGATAACCTGTATCGGGTGGGGGGTGCACAGGCTATTGCAGCCTGCGCTTTTGGTACTGAATCTATCCCTGCTGTGGACAAGATAGTTGGTCCAGGCAACGTTTATGTTACTGCTGCCAAGAAACTGCTTTACGGTGTGGTGGGTATTGATGCTCTGGCTGGGCCGTCAGAGGTGGTTATTGTTGCTGAGCGAGGTGCAAGAGCAGACTGGATAGCTCTGGATTTGCTGGCTCAAGCAGAACACGACCCTCTTGCAAAAAGCATTTTGCTGTCGGATAGCGAGGAACTCCTGGTTACAGTTAAAAAGAAAGTGGAACGGGAATGGGCCAGCAATCCCCTGGAGCGAACAGTTCCTATTTACCTTTATCAGCTGGAGAATCTGGATCTGGCCTGGAAAATTGTTGAAGCCATTGCCCCGGAACATCTGGAAGTCATGGTATCACGGGGGTTTGAAGTAGTGGATAAGGTGAAGAGTGCAGGAGCTATTTTTATTGGGCCTTACGCACCGGTTGCTCTGGGAGACTATGGTTATGGCCCCAATCATGTATTACCTACCCAGGGAAGTAGCCGTTTTGCTTCTCCTCTCTCAGTCAGGGATTTTGTGGTTGCGTCTTCGGTAGTGGTTCCCGCCTCAGATCCAAACATAAACTTTGAGCTTTTTGCCGAACTCGCTGCACGAGAGGGCCTATATTTTCATCAAAAATCTTTGCTTGCTCGCATGAATCGAGATTTGCAGGCCGATATCAGGCGTGAATATCAGGAGTCGTAGGGGTAATCCCTACGACTCCTTGCCTTCCAGTAACTGTTTGAAAAATACCGGTAAAGTGAAAGCGGCCTGATGAACTTCTGGTGAGTAATACCTGGTTGGAAAATCGGGTTTGCGCAGAGGCTTTTGAGGGTCCAGACTTTTCGAGCCGACTACGTACGTCCACACTCCGCCGGGGTAAGTAGGCACTAATCCCCAATATACCTTTACAATAGGGAACATATCCAAATTTTCCCATAGCTTGCGAACTCGTTCGGGTTCGAAAAAGGGTGGTTCTATCTGGGAAACAAAAAGACCTTCTGGTGAAAGATGCTCAAACACCTGCTGAAAGAACTCCTTGGAAAAGAGTGGTTCGGCTACTCCTCGAGGTATAGGATCTGTGGAATCCATGATAATAACGTCAAAAACTTGGTCACTTTCTTTGATGAACCGAGCAGCGTCTTCAACCAGAACCTTTAAGCGTGGGTCTTCCCAGTTTCCAAGCTGTGGGAAGTAGCGTCTGCATAGCTCAATTACCCCTTCGTCAATATCCACGAGGTGCACTTCTTCAACTGGATGTTTAAGCACTTCTCTCGAAGCACCACCGTCTCCACCGCCTATAATGAAGATTTTTCGAGGATTAGGATGTACAAACATGGCAGGATGTACCAGCATTTCGTGGTACATGAACTCATCTTTTTCCGTGGTTTGCACGATTCCATCCAGAATGAGAGTTTTCCCGTAAAGAAAAGTATCGAGAATGGCAATTTCTTGAAAGCGGGTTTTACCACAGAAAAGCGTTTCTTTCACCTTGAGGCCCATCTGATAGTTTTCAATGTAGCTTTGGAAATACCAGAGTTCCATTTTGTTTTTTCACGCCCCTTTCCAGTTCTACAATTTTTACGTCTTGGGGTTTAAAAAATTTCCGGATGATAGGCACGCTCTTTTGGGGATCCCATCCGGCTTGCAGAAATATATCCAGAGATGCGTACCCGTATTCAGGCCAGGTGTGAATGGCGATATGTGATTCAGGCATTATCAAAAGACCACTTATACCTTGAGGTTCAAACTGGTGTATTTTCAATCCCAGGATTTCTCCCTGGTAAGTGCTGGCCAATTCTTTAAAAAATTCTTCTACAAGGCGAGCATCATTCAGCAAAGCAGAACCAATGATTTCTATCAGCAAATGGTGAGCCACTGCATTGTTCAAGGCTTCTCCCCCTTTCCATTGTGGAAGTTCACTAAACAATTAAATATTAAATAGGGGCAATTGGCAACAATTTTTTGAGGATTGGTGAAGTCAATTGCGTAACCAAGCAATGAGCGCCATGCGATCTGCTCTTTCTTTTTCTCGTCTGAAGGAGTAGAAAAGGTCCTGTTCGCAAGAGGTACACCAGGGGGCTATCTCGATATTGTGCCGAGATACCCCCATTGCGCAGAGCTCTCTTTCAATAAAACCAGTCAAGTCTACAAAAAAACGATCGTTTCTCAAGATCACACTCTGAGAGTCCCTTTCCAGAAACCGTTCAGCTATGTCTTGCCCCACTTCGAAGCAGCACGATTTTATACTGGGTCCAAGCCCTACAAATAGCTGTTCGGGGCTAGTTTTGAAGTGTTTCCAAAGGAGGCGTACCGCCTTTTTGTGGGTGTGGAGCAGGGCTCCTCTCCAGCCAACGTGGGCCAGAGCAAAACATCTTTTTTGGGGATCGAAAAACAATATGGGAACACAGTCGGCAACCAGAATTCCCGCTCCCCAGGACGAGTTCTGTGTTAGGAGAATATCCGCCTTTGGTGGAGAAACACCAGGAGTGGGCTTAGCAGGCAAAAGGAAATAATCATCTCCGTGTGTTTGATCTGGAAAAAGGATTTGAGGAACATCAAGCAATGAAGCAAGGTGCTTCCTGTCTTTTTCGTTACGTAGCTTGAAGGGCAACAAGCGAGTGGTGAACACGTGGAACAGGGGTTGATATACAGAAAGTTTTGAAAAGCGCAAAAAGTCAATCCCCTTAATGGAAACTTTTTCCAAGTCGTTTCCTTCTTTCTTTTACTCGATTTCGTTCAAAGCTTTCCGAAAGTTGCTGAGAAAATCGTTTACCAGCTGGGGCAAGTCTTTGTGGTGTTTGTTTTGTGTTACAAAGTGAAGTAATGCTGAACCCACTATTACTCCATCACAGAAGGACGCTATCTCTTTTGCTTTTTCAGGGGAATTAATGCCGAATCCCACCAGAACCGGTAGGTCGGTGGCTGACTTAATAATAGTTACAACTTCACGGAGTTCTTCTTGCTGAATGCGGGTTTTGCCAGTTACTCCTTTGCCAGAAACCAAATATACAAAACCCTGGCTTTCTCGGGCTATTTTTTTCAGACGTTCTTCAGGTGTGGTGGTAGAGGCAAGAAGGATTATCGAAAGTAGATTTTCCAATTTATCAAGCAACGGTTTGGCCTCTAAGGGAAAGTCAGCTACGATGAGCCCGTAGAAACCGGCTTCTTTAAAGTCCTGTCCAAATTTTTTTATGCCATACTGATAGACGATGTTTCCGTAAGTCATAGCAATAAGTGGAAAGGAGAGCTTCAGAGTTTGCATTTTTTCAAAAACCAGCCTGGGGGTTACTCCCAGAGCCAGTGCTTTTTGTGAGGATTCCTGAATTACTGGTCCATCTGCTACTGGGTCAGAGTGGGGAATACCTATTTCCAGGGCATCTATGAAATCGGGGTTAAGATTTTCAAGTATTGCCAGGAAACTTTCTATGGT
NZ_CP121689.1_gap72	2247993	2249338	1345	TTTATATGCTTGCTTCTTATCTGGTTACCATTCCCCGTGATATTGAAGAGGCAGCCCTGGTTGACGGTTGTAGCAGACCACAGGTGGTGATAAAAGTGATCTTACCTCTTGCTACTCCTGCGCTTACGGTGGTTATTCTGTATACTTTTATGATCGCCTGGAATGAATTTCTTTTTGCAATGGTGTTTTTGAACAGTCAGGAAAAGTTTACTTTGCCCATAGGGTTGAATCATCTCTTTTCTGGGTATCACCAGCCCTGGGACATCATTATGGCTGCTTCCATGATCATAACTCTTCCGATTATCTTTTTGTTCTTGATTCTGGAAAGATATATTGTGGGAGGTATAACTGCCGGTGCGGTAAAGGGGTGAGGAAGGGTAAGTGCAAGTGGAAAAATGGGTAACCCTGAAAAGCATTGATTTTACCTCCGGAGTTTTAAAAGCTCAAATTCAGAGTGAAACCGGGAGAAGTCTATCTCTTAACATTGGTTTTGTTTCTCCCAGTACTTTTAGGATTGTTGTTGGAGGAAAGAGCTCCAATTCCTGCCTGGAGAAAGAACCGGGATTTATTGAAGCGGGGGTGAAATCCAGAGAGGGCGTCTTTTGTCTTGAAAGCGAGAAGAGTATTCTTGAAGTTTGTGTTAAACCTTTTTCGATAAAGGTAAAGAATTCCCTTTCTTCCGAAGTGATTGCTGAGACCAGGTTCCACGATCCGGATGCTTCCGGAAGTGACCTTTCTCCAGGCTGTGGTTTTGATTTGCAGGAAAACCGGCAGGTTTTTTCCTGGCGTCTTTTTCAGGACGAACACTTCTTTGGTTTGGGAGAAAAATTTACTGACTGGAATAAAAGAGGACAATTAATAACTTGCTGGAATCGTAATGCTTATGGGGCAGGCAGCGAGAAAAGCTATAAGAATGTCCCCTTCTTATTGAGTTCCAGAAAATACGCGATTTTTGTCAACACCACTTCTAAGGTTGTTTTTGACCTGGGAGTAAGTTCTAATTTTAGCCACTTTTTGGTTGTGCACGAACCCGTTCTGGATTTCCTCGTTATTCGTGGTGATTCTTTTGCCGATATCCTGAGAGAATATTTTAGGTTAACGGGCTGGCCTCGCCCGGTTCCTCTGTGGAGTCTGGGTTTGTGGGTATCGGTATTTGGAGATCACCGCTCAGGAGATATTATGCATGCGGGGCGCATTTTGGGGGTACTTAAAGAAGCTGAGACACAGAGATTTCCTCTGGATGTATTGCATTTGGATCCTTTCTGGATGGGCGAGAGCGGTTACTGTTCTTTTCATTGGAGTCTTGAATATTTTCCTGATCCTGAGGATTTTCTCAATAAGGTTC
NZ_CP121689.1_gap73	2269244	2269744	500	GAATGACCACTACGATTTCACCAAACTGGCACGCCTTGATTTCTTCGAACAGATATGCAAAAAGAGGACGCCCCAGAACCGGGATAAAATTTTTGGGTATCTGGGAGACCATTCTTTTTCCTTCACCGGCAGCCAGAACGCAAAGAGCCCAGTTGGATAAGTCCATTTTCTCCTCAAGAGCTAAAAATAAAACGCGACTTGCCTCAGTCGCGCTGTTTTATTTATTACAAACTGGCTGGGGTGGGAGGATTCGAACCTCCGCTCAGGGATCCAAAGTCCCTTGCCTTACCGCTTGGCCACACCCCAGTTTATGCTTCTCCACAAGCAACACAATTATATCCAAAGGAGAAATCACTGTCAATGAAGTCAGTTTTTGAGGCTGGTTATCGGTGCTGGAACGTGACCTCCTCTTCTGATAAACTGGCTCCCTGAAAAGCGGTTAACAGACATCACTACCGTTTCCCCCAGCAGTCCTCCCCAGCTTACCCGATCTCCGGCTT
